timestep,x_cm,y_cm,z_cm,yaw_deg,basis_xx,basis_xy,basis_xz,basis_yx,basis_yy,basis_yz,basis_zx,basis_zy,basis_zz,teleport_flag
0,300.000000,1179.980400,39.996400,-89.900009,0.001745,0.999998,0.000000,-0.999998,0.001745,0.000000,0.000000,0.000000,1.000000,0
1,300.000000,1179.980400,39.996400,-89.900009,0.001745,0.999998,0.000000,-0.999998,0.001745,0.000000,0.000000,0.000000,1.000000,0
2,300.000000,1179.980400,39.996400,-89.900009,0.001745,0.999998,0.000000,-0.999998,0.001745,0.000000,0.000000,0.000000,1.000000,0
3,300.000000,1179.980400,39.996400,-89.900009,0.001745,0.999998,0.000000,-0.999998,0.001745,0.000000,0.000000,0.000000,1.000000,0
4,300.000000,1179.980400,39.996400,-89.900009,0.001745,0.999998,0.000000,-0.999998,0.001745,0.000000,0.000000,0.000000,1.000000,0
5,300.000000,1179.980400,39.996400,-89.900009,0.001745,0.999998,0.000000,-0.999998,0.001745,0.000000,0.000000,0.000000,1.000000,0
6,300.000000,1179.980400,39.996400,-89.900009,0.001745,0.999998,0.000000,-0.999998,0.001745,0.000000,0.000000,0.000000,1.000000,0
7,300.000000,1179.980400,39.996400,-90.100006,-0.001745,0.999998,0.000000,-0.999998,-0.001745,0.000000,0.000000,0.000000,1.000000,0
8,300.000000,1179.980400,39.996400,-90.100006,-0.001745,0.999998,0.000000,-0.999998,-0.001745,0.000000,0.000000,0.000000,1.000000,0
9,300.000000,1179.980400,39.996400,-90.100006,-0.001745,0.999998,0.000000,-0.999998,-0.001745,0.000000,0.000000,0.000000,1.000000,0
10,300.000000,1179.980400,39.996400,-90.100006,-0.001745,0.999998,0.000000,-0.999998,-0.001745,0.000000,0.000000,0.000000,1.000000,0
11,300.000000,1179.980400,39.996400,-90.600006,-0.010472,0.999945,0.000000,-0.999945,-0.010472,0.000000,0.000000,0.000000,1.000000,0
12,300.000000,1179.980400,39.996400,-90.600006,-0.010472,0.999945,0.000000,-0.999945,-0.010472,0.000000,0.000000,0.000000,1.000000,0
13,300.000000,1179.980400,39.996400,-90.600006,-0.010472,0.999945,0.000000,-0.999945,-0.010472,0.000000,0.000000,0.000000,1.000000,0
14,300.000000,1170.019500,39.996400,-91.500000,-0.026177,0.999657,0.000000,-0.999657,-0.026177,0.000000,0.000000,0.000000,1.000000,0
15,300.000000,1170.019500,39.996400,-91.500000,-0.026177,0.999657,0.000000,-0.999657,-0.026177,0.000000,0.000000,0.000000,1.000000,0
16,300.000000,1170.019500,39.996400,-91.500000,-0.026177,0.999657,0.000000,-0.999657,-0.026177,0.000000,0.000000,0.000000,1.000000,0
17,300.000000,1170.019500,39.996400,-91.500000,-0.026177,0.999657,0.000000,-0.999657,-0.026177,0.000000,0.000000,0.000000,1.000000,0
18,300.000000,1160.058500,39.996400,-92.800003,-0.048850,0.998806,0.000000,-0.998806,-0.048850,0.000000,0.000000,0.000000,1.000000,0
19,300.000000,1160.058500,39.996400,-92.800003,-0.048850,0.998806,0.000000,-0.998806,-0.048850,0.000000,0.000000,0.000000,1.000000,0
20,300.000000,1160.058500,39.996400,-92.800003,-0.048850,0.998806,0.000000,-0.998806,-0.048850,0.000000,0.000000,0.000000,1.000000,0
21,300.000000,1160.058500,39.996400,-92.800003,-0.048850,0.998806,0.000000,-0.998806,-0.048850,0.000000,0.000000,0.000000,1.000000,0
22,289.990200,1149.999900,39.996400,-94.500000,-0.078459,0.996917,0.000000,-0.996917,-0.078459,0.000000,0.000000,0.000000,1.000000,0
23,289.990200,1149.999900,39.996400,-94.500000,-0.078459,0.996917,0.000000,-0.996917,-0.078459,0.000000,0.000000,0.000000,1.000000,0
24,289.990200,1149.999900,39.996400,-94.500000,-0.078459,0.996917,0.000000,-0.996917,-0.078459,0.000000,0.000000,0.000000,1.000000,0
25,289.990200,1149.999900,39.996400,-94.500000,-0.078459,0.996917,0.000000,-0.996917,-0.078459,0.000000,0.000000,0.000000,1.000000,0
26,289.990200,1129.980400,49.994000,-96.400009,-0.111469,0.993768,0.000000,-0.993768,-0.111469,0.000000,0.000000,0.000000,1.000000,0
27,289.990200,1129.980400,49.994000,-96.400009,-0.111469,0.993768,0.000000,-0.993768,-0.111469,0.000000,0.000000,0.000000,1.000000,0
28,289.990200,1129.980400,49.994000,-96.400009,-0.111469,0.993768,0.000000,-0.993768,-0.111469,0.000000,0.000000,0.000000,1.000000,0
29,279.980500,1120.019500,49.994000,-98.600006,-0.149535,0.988756,0.000000,-0.988756,-0.149535,0.000000,0.000000,0.000000,1.000000,0
30,279.980500,1120.019500,49.994000,-98.600006,-0.149535,0.988756,0.000000,-0.988756,-0.149535,0.000000,0.000000,0.000000,1.000000,0
31,279.980500,1120.019500,49.994000,-98.600006,-0.149535,0.988756,0.000000,-0.988756,-0.149535,0.000000,0.000000,0.000000,1.000000,0
32,279.980500,1120.019500,49.994000,-98.600006,-0.149535,0.988756,0.000000,-0.988756,-0.149535,0.000000,0.000000,0.000000,1.000000,0
33,269.970700,1099.999900,49.994000,-101.400009,-0.197657,0.980271,0.000000,-0.980271,-0.197657,0.000000,0.000000,0.000000,1.000000,0
34,269.970700,1099.999900,49.994000,-101.400009,-0.197657,0.980271,0.000000,-0.980271,-0.197657,0.000000,0.000000,0.000000,1.000000,0
35,269.970700,1099.999900,49.994000,-101.400009,-0.197657,0.980271,0.000000,-0.980271,-0.197657,0.000000,0.000000,0.000000,1.000000,0
36,250.000000,1079.980400,49.994000,-104.500000,-0.250380,0.968148,0.000000,-0.968148,-0.250380,0.000000,0.000000,0.000000,1.000000,0
37,250.000000,1079.980400,49.994000,-104.500000,-0.250380,0.968148,0.000000,-0.968148,-0.250380,0.000000,0.000000,0.000000,1.000000,0
38,250.000000,1079.980400,49.994000,-104.500000,-0.250380,0.968148,0.000000,-0.968148,-0.250380,0.000000,0.000000,0.000000,1.000000,0
39,250.000000,1079.980400,49.994000,-104.500000,-0.250380,0.968148,0.000000,-0.968148,-0.250380,0.000000,0.000000,0.000000,1.000000,0
40,239.990200,1049.999900,49.994000,-108.300003,-0.313993,0.949425,0.000000,-0.949425,-0.313993,0.000000,0.000000,0.000000,1.000000,0
41,239.990200,1049.999900,49.994000,-108.300003,-0.313993,0.949425,0.000000,-0.949425,-0.313993,0.000000,0.000000,0.000000,1.000000,0
42,239.990200,1049.999900,49.994000,-108.300003,-0.313993,0.949425,0.000000,-0.949425,-0.313993,0.000000,0.000000,0.000000,1.000000,0
43,219.970700,1029.980400,49.994000,-112.100006,-0.376224,0.926529,0.000000,-0.926529,-0.376224,0.000000,0.000000,0.000000,1.000000,0
44,219.970700,1029.980400,49.994000,-112.100006,-0.376224,0.926529,0.000000,-0.926529,-0.376224,0.000000,0.000000,0.000000,1.000000,0
45,219.970700,1029.980400,49.994000,-112.100006,-0.376224,0.926529,0.000000,-0.926529,-0.376224,0.000000,0.000000,0.000000,1.000000,0
46,219.970700,1029.980400,49.994000,-112.100006,-0.376224,0.926529,0.000000,-0.926529,-0.376224,0.000000,0.000000,0.000000,1.000000,0
47,200.000000,999.999900,49.994000,-115.000000,-0.422618,0.906308,0.000000,-0.906308,-0.422618,0.000000,0.000000,0.000000,1.000000,0
48,200.000000,999.999900,49.994000,-115.000000,-0.422618,0.906308,0.000000,-0.906308,-0.422618,0.000000,0.000000,0.000000,1.000000,0
49,200.000000,999.999900,49.994000,-115.000000,-0.422618,0.906308,0.000000,-0.906308,-0.422618,0.000000,0.000000,0.000000,1.000000,0
50,200.000000,999.999900,49.994000,-115.000000,-0.422618,0.906308,0.000000,-0.906308,-0.422618,0.000000,0.000000,0.000000,1.000000,0
51,169.970700,970.019500,59.991600,-118.300003,-0.474088,0.880477,0.000000,-0.880477,-0.474088,0.000000,0.000000,0.000000,1.000000,0
52,169.970700,970.019500,59.991600,-118.300003,-0.474088,0.880477,0.000000,-0.880477,-0.474088,0.000000,0.000000,0.000000,1.000000,0
53,169.970700,970.019500,59.991600,-118.300003,-0.474088,0.880477,0.000000,-0.880477,-0.474088,0.000000,0.000000,0.000000,1.000000,0
54,150.000000,929.980400,59.991600,-120.800003,-0.512043,0.858960,0.000000,-0.858960,-0.512043,0.000000,0.000000,0.000000,1.000000,0
55,150.000000,929.980400,59.991600,-120.800003,-0.512043,0.858960,0.000000,-0.858960,-0.512043,0.000000,0.000000,0.000000,1.000000,0
56,150.000000,929.980400,59.991600,-120.800003,-0.512043,0.858960,0.000000,-0.858960,-0.512043,0.000000,0.000000,0.000000,1.000000,0
57,150.000000,929.980400,59.991600,-120.800003,-0.512043,0.858960,0.000000,-0.858960,-0.512043,0.000000,0.000000,0.000000,1.000000,0
58,119.970700,899.999900,59.991600,-123.600006,-0.553392,0.832921,0.000000,-0.832921,-0.553392,0.000000,0.000000,0.000000,1.000000,0
59,119.970700,899.999900,59.991600,-123.600006,-0.553392,0.832921,0.000000,-0.832921,-0.553392,0.000000,0.000000,0.000000,1.000000,0
60,119.970700,899.999900,59.991600,-123.600006,-0.553392,0.832921,0.000000,-0.832921,-0.553392,0.000000,0.000000,0.000000,1.000000,0
61,119.970700,899.999900,59.991600,-123.600006,-0.553392,0.832921,0.000000,-0.832921,-0.553392,0.000000,0.000000,0.000000,1.000000,0
62,79.980500,860.058500,70.001300,-126.199997,-0.590606,0.806960,0.000000,-0.806960,-0.590606,0.000000,0.000000,0.000000,1.000000,0
63,79.980500,860.058500,70.001300,-126.199997,-0.590606,0.806960,0.000000,-0.806960,-0.590606,0.000000,0.000000,0.000000,1.000000,0
64,79.980500,860.058500,70.001300,-126.199997,-0.590606,0.806960,0.000000,-0.806960,-0.590606,0.000000,0.000000,0.000000,1.000000,0
65,79.980500,860.058500,70.001300,-126.199997,-0.590606,0.806960,0.000000,-0.806960,-0.590606,0.000000,0.000000,0.000000,1.000000,0
66,50.000000,820.019500,70.001300,-128.400009,-0.621148,0.783693,0.000000,-0.783693,-0.621148,0.000000,0.000000,0.000000,1.000000,0
67,50.000000,820.019500,70.001300,-128.400009,-0.621148,0.783693,0.000000,-0.783693,-0.621148,0.000000,0.000000,0.000000,1.000000,0
68,50.000000,820.019500,70.001300,-128.400009,-0.621148,0.783693,0.000000,-0.783693,-0.621148,0.000000,0.000000,0.000000,1.000000,0
69,0.000000,770.019500,70.001300,-130.400009,-0.648120,0.761538,0.000000,-0.761538,-0.648120,0.000000,0.000000,0.000000,1.000000,0
70,0.000000,770.019500,70.001300,-130.400009,-0.648120,0.761538,0.000000,-0.761538,-0.648120,0.000000,0.000000,0.000000,1.000000,0
71,0.000000,770.019500,70.001300,-130.400009,-0.648120,0.761538,0.000000,-0.761538,-0.648120,0.000000,0.000000,0.000000,1.000000,0
72,0.000000,770.019500,70.001300,-130.400009,-0.648120,0.761538,0.000000,-0.761538,-0.648120,0.000000,0.000000,0.000000,1.000000,0
73,-39.990200,729.980400,79.998900,-132.100006,-0.670427,0.741976,0.000000,-0.741976,-0.670427,0.000000,0.000000,0.000000,1.000000,0
74,-39.990200,729.980400,79.998900,-132.100006,-0.670427,0.741976,0.000000,-0.741976,-0.670427,0.000000,0.000000,0.000000,1.000000,0
75,-39.990200,729.980400,79.998900,-132.100006,-0.670427,0.741976,0.000000,-0.741976,-0.670427,0.000000,0.000000,0.000000,1.000000,0
76,-50.000000,729.980400,79.998900,-134.300003,-0.698415,0.715693,0.000000,-0.715693,-0.698415,0.000000,0.000000,0.000000,1.000000,0
77,-50.000000,729.980400,79.998900,-134.300003,-0.698415,0.715693,0.000000,-0.715693,-0.698415,0.000000,0.000000,0.000000,1.000000,0
78,-50.000000,729.980400,79.998900,-134.300003,-0.698415,0.715693,0.000000,-0.715693,-0.698415,0.000000,0.000000,0.000000,1.000000,0
79,-50.000000,729.980400,79.998900,-134.800003,-0.704634,0.709571,0.000000,-0.709571,-0.704634,0.000000,0.000000,0.000000,1.000000,0
80,-50.000000,729.980400,79.998900,-134.800003,-0.704634,0.709571,0.000000,-0.709571,-0.704634,0.000000,0.000000,0.000000,1.000000,0
81,-50.000000,729.980400,79.998900,-134.800003,-0.704634,0.709571,0.000000,-0.709571,-0.704634,0.000000,0.000000,0.000000,1.000000,0
82,-39.990200,740.039000,70.001300,-133.699997,-0.690882,0.722967,0.000000,-0.722967,-0.690882,0.000000,0.000000,0.000000,1.000000,0
83,-39.990200,740.039000,70.001300,-133.699997,-0.690882,0.722967,0.000000,-0.722967,-0.690882,0.000000,0.000000,0.000000,1.000000,0
84,-39.990200,740.039000,70.001300,-133.699997,-0.690882,0.722967,0.000000,-0.722967,-0.690882,0.000000,0.000000,0.000000,1.000000,0
85,-39.990200,740.039000,70.001300,-133.699997,-0.690882,0.722967,0.000000,-0.722967,-0.690882,0.000000,0.000000,0.000000,1.000000,0
86,-30.029300,749.999900,79.998900,-131.800003,-0.666533,0.745476,0.000000,-0.745476,-0.666533,0.000000,0.000000,0.000000,1.000000,0
87,-30.029300,749.999900,79.998900,-131.800003,-0.666533,0.745476,0.000000,-0.745476,-0.666533,0.000000,0.000000,0.000000,1.000000,0
88,-30.029300,749.999900,79.998900,-131.800003,-0.666533,0.745476,0.000000,-0.745476,-0.666533,0.000000,0.000000,0.000000,1.000000,0
89,-10.009800,760.058500,79.998900,-129.400009,-0.634731,0.772733,0.000000,-0.772733,-0.634731,0.000000,0.000000,0.000000,1.000000,0
90,-10.009800,760.058500,79.998900,-129.400009,-0.634731,0.772733,0.000000,-0.772733,-0.634731,0.000000,0.000000,0.000000,1.000000,0
91,-10.009800,760.058500,79.998900,-129.400009,-0.634731,0.772733,0.000000,-0.772733,-0.634731,0.000000,0.000000,0.000000,1.000000,0
92,10.009800,770.019500,70.001300,-126.800003,-0.599024,0.800731,0.000000,-0.800731,-0.599024,0.000000,0.000000,0.000000,1.000000,0
93,10.009800,770.019500,70.001300,-126.800003,-0.599024,0.800731,0.000000,-0.800731,-0.599024,0.000000,0.000000,0.000000,1.000000,0
94,10.009800,770.019500,70.001300,-126.800003,-0.599024,0.800731,0.000000,-0.800731,-0.599024,0.000000,0.000000,0.000000,1.000000,0
95,19.970700,790.039000,70.001300,-126.699997,-0.597625,0.801776,0.000000,-0.801776,-0.597625,0.000000,0.000000,0.000000,1.000000,0
96,19.970700,790.039000,70.001300,-126.699997,-0.597625,0.801776,0.000000,-0.801776,-0.597625,0.000000,0.000000,0.000000,1.000000,0
97,19.970700,790.039000,70.001300,-126.699997,-0.597625,0.801776,0.000000,-0.801776,-0.597625,0.000000,0.000000,0.000000,1.000000,0
98,29.980500,810.058500,70.001300,-130.000000,-0.642788,0.766044,0.000000,-0.766044,-0.642788,0.000000,0.000000,0.000000,1.000000,0
99,29.980500,810.058500,70.001300,-130.000000,-0.642788,0.766044,0.000000,-0.766044,-0.642788,0.000000,0.000000,0.000000,1.000000,0
100,29.980500,810.058500,70.001300,-130.000000,-0.642788,0.766044,0.000000,-0.766044,-0.642788,0.000000,0.000000,0.000000,1.000000,0
101,50.000000,840.039000,70.001300,-133.600006,-0.689620,0.724172,0.000000,-0.724172,-0.689620,0.000000,0.000000,0.000000,1.000000,0
102,50.000000,840.039000,70.001300,-133.600006,-0.689620,0.724172,0.000000,-0.724172,-0.689620,0.000000,0.000000,0.000000,1.000000,0
103,50.000000,840.039000,70.001300,-133.600006,-0.689620,0.724172,0.000000,-0.724172,-0.689620,0.000000,0.000000,0.000000,1.000000,0
104,50.000000,840.039000,70.001300,-133.600006,-0.689620,0.724172,0.000000,-0.724172,-0.689620,0.000000,0.000000,0.000000,1.000000,0
105,60.009800,870.019500,70.001300,-137.699997,-0.739631,0.673013,0.000000,-0.673013,-0.739631,0.000000,0.000000,0.000000,1.000000,0
106,60.009800,870.019500,70.001300,-137.699997,-0.739631,0.673013,0.000000,-0.673013,-0.739631,0.000000,0.000000,0.000000,1.000000,0
107,60.009800,870.019500,70.001300,-137.699997,-0.739631,0.673013,0.000000,-0.673013,-0.739631,0.000000,0.000000,0.000000,1.000000,0
108,79.980500,899.999900,59.991600,-141.800003,-0.785857,0.618408,0.000000,-0.618408,-0.785857,0.000000,0.000000,0.000000,1.000000,0
109,79.980500,899.999900,59.991600,-141.800003,-0.785857,0.618408,0.000000,-0.618408,-0.785857,0.000000,0.000000,0.000000,1.000000,0
110,79.980500,899.999900,59.991600,-141.800003,-0.785857,0.618408,0.000000,-0.618408,-0.785857,0.000000,0.000000,0.000000,1.000000,0
111,79.980500,899.999900,59.991600,-141.800003,-0.785857,0.618408,0.000000,-0.618408,-0.785857,0.000000,0.000000,0.000000,1.000000,0
112,100.000000,929.980400,59.991600,-146.400009,-0.832921,0.553391,0.000000,-0.553391,-0.832921,0.000000,0.000000,0.000000,1.000000,0
113,100.000000,929.980400,59.991600,-146.400009,-0.832921,0.553391,0.000000,-0.553391,-0.832921,0.000000,0.000000,0.000000,1.000000,0
114,100.000000,929.980400,59.991600,-146.400009,-0.832921,0.553391,0.000000,-0.553391,-0.832921,0.000000,0.000000,0.000000,1.000000,0
115,100.000000,929.980400,59.991600,-146.400009,-0.832921,0.553391,0.000000,-0.553391,-0.832921,0.000000,0.000000,0.000000,1.000000,0
116,119.970700,960.058500,59.991600,-151.500000,-0.878817,0.477159,0.000000,-0.477159,-0.878817,0.000000,0.000000,0.000000,1.000000,0
117,119.970700,960.058500,59.991600,-151.500000,-0.878817,0.477159,0.000000,-0.477159,-0.878817,0.000000,0.000000,0.000000,1.000000,0
118,119.970700,960.058500,59.991600,-151.500000,-0.878817,0.477159,0.000000,-0.477159,-0.878817,0.000000,0.000000,0.000000,1.000000,0
119,150.000000,990.039000,59.991600,-156.100006,-0.914254,0.405142,0.000000,-0.405142,-0.914254,0.000000,0.000000,0.000000,1.000000,0
120,150.000000,990.039000,59.991600,-156.100006,-0.914254,0.405142,0.000000,-0.405142,-0.914254,0.000000,0.000000,0.000000,1.000000,0
121,150.000000,990.039000,59.991600,-156.100006,-0.914254,0.405142,0.000000,-0.405142,-0.914254,0.000000,0.000000,0.000000,1.000000,0
122,150.000000,990.039000,59.991600,-156.100006,-0.914254,0.405142,0.000000,-0.405142,-0.914254,0.000000,0.000000,0.000000,1.000000,0
123,179.980500,999.999900,59.991600,-157.699997,-0.925210,0.379456,0.000000,-0.379456,-0.925210,0.000000,0.000000,0.000000,1.000000,0
124,179.980500,999.999900,59.991600,-157.699997,-0.925210,0.379456,0.000000,-0.379456,-0.925210,0.000000,0.000000,0.000000,1.000000,0
125,179.980500,999.999900,59.991600,-157.699997,-0.925210,0.379456,0.000000,-0.379456,-0.925210,0.000000,0.000000,0.000000,1.000000,0
126,210.009800,1010.058500,49.994000,-155.900009,-0.912834,0.408330,0.000000,-0.408330,-0.912834,0.000000,0.000000,0.000000,1.000000,0
127,210.009800,1010.058500,49.994000,-155.900009,-0.912834,0.408330,0.000000,-0.408330,-0.912834,0.000000,0.000000,0.000000,1.000000,0
128,210.009800,1010.058500,49.994000,-155.900009,-0.912834,0.408330,0.000000,-0.408330,-0.912834,0.000000,0.000000,0.000000,1.000000,0
129,210.009800,1010.058500,49.994000,-155.900009,-0.912834,0.408330,0.000000,-0.408330,-0.912834,0.000000,0.000000,0.000000,1.000000,0
130,239.990200,1020.019500,49.994000,-154.100006,-0.899558,0.436802,0.000000,-0.436802,-0.899558,0.000000,0.000000,0.000000,1.000000,0
131,239.990200,1020.019500,49.994000,-154.100006,-0.899558,0.436802,0.000000,-0.436802,-0.899558,0.000000,0.000000,0.000000,1.000000,0
132,239.990200,1020.019500,49.994000,-154.100006,-0.899558,0.436802,0.000000,-0.436802,-0.899558,0.000000,0.000000,0.000000,1.000000,0
133,239.990200,1020.019500,49.994000,-154.100006,-0.899558,0.436802,0.000000,-0.436802,-0.899558,0.000000,0.000000,0.000000,1.000000,0
134,269.970700,1029.980400,49.994000,-152.600006,-0.887815,0.460200,0.000000,-0.460200,-0.887815,0.000000,0.000000,0.000000,1.000000,0
135,269.970700,1029.980400,49.994000,-152.600006,-0.887815,0.460200,0.000000,-0.460200,-0.887815,0.000000,0.000000,0.000000,1.000000,0
136,269.970700,1029.980400,49.994000,-152.600006,-0.887815,0.460200,0.000000,-0.460200,-0.887815,0.000000,0.000000,0.000000,1.000000,0
137,289.990200,1040.039000,49.994000,-151.400009,-0.877983,0.478692,0.000000,-0.478692,-0.877983,0.000000,0.000000,0.000000,1.000000,0
138,289.990200,1040.039000,49.994000,-151.400009,-0.877983,0.478692,0.000000,-0.478692,-0.877983,0.000000,0.000000,0.000000,1.000000,0
139,289.990200,1040.039000,49.994000,-151.400009,-0.877983,0.478692,0.000000,-0.478692,-0.877983,0.000000,0.000000,0.000000,1.000000,0
140,289.990200,1040.039000,49.994000,-151.400009,-0.877983,0.478692,0.000000,-0.478692,-0.877983,0.000000,0.000000,0.000000,1.000000,0
141,310.009800,1049.999900,49.994000,-150.300003,-0.868632,0.495459,0.000000,-0.495459,-0.868632,0.000000,0.000000,0.000000,1.000000,0
142,310.009800,1049.999900,49.994000,-150.300003,-0.868632,0.495459,0.000000,-0.495459,-0.868632,0.000000,0.000000,0.000000,1.000000,0
143,310.009800,1049.999900,49.994000,-150.300003,-0.868632,0.495459,0.000000,-0.495459,-0.868632,0.000000,0.000000,0.000000,1.000000,0
144,310.009800,1049.999900,49.994000,-150.300003,-0.868632,0.495459,0.000000,-0.495459,-0.868632,0.000000,0.000000,0.000000,1.000000,0
145,319.970700,1049.999900,49.994000,-149.500000,-0.861629,0.507538,0.000000,-0.507538,-0.861629,0.000000,0.000000,0.000000,1.000000,0
146,319.970700,1049.999900,49.994000,-149.500000,-0.861629,0.507538,0.000000,-0.507538,-0.861629,0.000000,0.000000,0.000000,1.000000,0
147,319.970700,1049.999900,49.994000,-149.500000,-0.861629,0.507538,0.000000,-0.507538,-0.861629,0.000000,0.000000,0.000000,1.000000,0
148,319.970700,1049.999900,49.994000,-149.500000,-0.861629,0.507538,0.000000,-0.507538,-0.861629,0.000000,0.000000,0.000000,1.000000,0
149,329.980500,1060.058500,49.994000,-148.900009,-0.856267,0.516533,0.000000,-0.516533,-0.856267,0.000000,0.000000,0.000000,1.000000,0
150,329.980500,1060.058500,49.994000,-148.900009,-0.856267,0.516533,0.000000,-0.516533,-0.856267,0.000000,0.000000,0.000000,1.000000,0
151,329.980500,1060.058500,49.994000,-148.900009,-0.856267,0.516533,0.000000,-0.516533,-0.856267,0.000000,0.000000,0.000000,1.000000,0
152,339.990200,1060.058500,49.994000,-148.400009,-0.851727,0.523986,0.000000,-0.523986,-0.851727,0.000000,0.000000,0.000000,1.000000,0
153,339.990200,1060.058500,49.994000,-148.400009,-0.851727,0.523986,0.000000,-0.523986,-0.851727,0.000000,0.000000,0.000000,1.000000,0
154,339.990200,1060.058500,49.994000,-148.400009,-0.851727,0.523986,0.000000,-0.523986,-0.851727,0.000000,0.000000,0.000000,1.000000,0
155,339.990200,1060.058500,49.994000,-148.199997,-0.849893,0.526956,0.000000,-0.526956,-0.849893,0.000000,0.000000,0.000000,1.000000,0
156,339.990200,1060.058500,49.994000,-148.199997,-0.849893,0.526956,0.000000,-0.526956,-0.849893,0.000000,0.000000,0.000000,1.000000,0
157,339.990200,1060.058500,49.994000,-148.199997,-0.849893,0.526956,0.000000,-0.526956,-0.849893,0.000000,0.000000,0.000000,1.000000,0
158,339.990200,1060.058500,49.994000,-148.199997,-0.849893,0.526956,0.000000,-0.526956,-0.849893,0.000000,0.000000,0.000000,1.000000,0
159,350.000000,1060.058500,49.994000,-148.100006,-0.848972,0.528438,0.000000,-0.528438,-0.848972,0.000000,0.000000,0.000000,1.000000,0
160,350.000000,1060.058500,49.994000,-148.100006,-0.848972,0.528438,0.000000,-0.528438,-0.848972,0.000000,0.000000,0.000000,1.000000,0
161,350.000000,1060.058500,49.994000,-148.100006,-0.848972,0.528438,0.000000,-0.528438,-0.848972,0.000000,0.000000,0.000000,1.000000,0
162,339.990200,1060.058500,49.994000,-148.400009,-0.851727,0.523986,0.000000,-0.523986,-0.851727,0.000000,0.000000,0.000000,1.000000,0
163,339.990200,1060.058500,49.994000,-148.400009,-0.851727,0.523986,0.000000,-0.523986,-0.851727,0.000000,0.000000,0.000000,1.000000,0
164,339.990200,1060.058500,49.994000,-148.400009,-0.851727,0.523986,0.000000,-0.523986,-0.851727,0.000000,0.000000,0.000000,1.000000,0
165,339.990200,1060.058500,49.994000,-148.400009,-0.851727,0.523986,0.000000,-0.523986,-0.851727,0.000000,0.000000,0.000000,1.000000,0
166,329.980500,1060.058500,49.994000,-148.900009,-0.856267,0.516533,0.000000,-0.516533,-0.856267,0.000000,0.000000,0.000000,1.000000,0
167,329.980500,1060.058500,49.994000,-148.900009,-0.856267,0.516533,0.000000,-0.516533,-0.856267,0.000000,0.000000,0.000000,1.000000,0
168,329.980500,1060.058500,49.994000,-148.900009,-0.856267,0.516533,0.000000,-0.516533,-0.856267,0.000000,0.000000,0.000000,1.000000,0
169,329.980500,1060.058500,49.994000,-148.900009,-0.856267,0.516533,0.000000,-0.516533,-0.856267,0.000000,0.000000,0.000000,1.000000,0
170,319.970700,1049.999900,49.994000,-149.500000,-0.861629,0.507538,0.000000,-0.507538,-0.861629,0.000000,0.000000,0.000000,1.000000,0
171,319.970700,1049.999900,49.994000,-149.500000,-0.861629,0.507538,0.000000,-0.507538,-0.861629,0.000000,0.000000,0.000000,1.000000,0
172,319.970700,1049.999900,49.994000,-149.500000,-0.861629,0.507538,0.000000,-0.507538,-0.861629,0.000000,0.000000,0.000000,1.000000,0
173,310.009800,1049.999900,49.994000,-150.300003,-0.868632,0.495459,0.000000,-0.495459,-0.868632,0.000000,0.000000,0.000000,1.000000,0
174,310.009800,1049.999900,49.994000,-150.300003,-0.868632,0.495459,0.000000,-0.495459,-0.868632,0.000000,0.000000,0.000000,1.000000,0
175,310.009800,1049.999900,49.994000,-150.300003,-0.868632,0.495459,0.000000,-0.495459,-0.868632,0.000000,0.000000,0.000000,1.000000,0
176,300.000000,1040.039000,49.994000,-151.199997,-0.876307,0.481754,0.000000,-0.481754,-0.876307,0.000000,0.000000,0.000000,1.000000,0
177,300.000000,1040.039000,49.994000,-151.199997,-0.876307,0.481754,0.000000,-0.481754,-0.876307,0.000000,0.000000,0.000000,1.000000,0
178,300.000000,1040.039000,49.994000,-151.199997,-0.876307,0.481754,0.000000,-0.481754,-0.876307,0.000000,0.000000,0.000000,1.000000,0
179,300.000000,1040.039000,49.994000,-151.199997,-0.876307,0.481754,0.000000,-0.481754,-0.876307,0.000000,0.000000,0.000000,1.000000,0
180,279.980500,1029.980400,49.994000,-152.500000,-0.887011,0.461749,0.000000,-0.461749,-0.887011,0.000000,0.000000,0.000000,1.000000,0
181,279.980500,1029.980400,49.994000,-152.500000,-0.887011,0.461749,0.000000,-0.461749,-0.887011,0.000000,0.000000,0.000000,1.000000,0
182,279.980500,1029.980400,49.994000,-152.500000,-0.887011,0.461749,0.000000,-0.461749,-0.887011,0.000000,0.000000,0.000000,1.000000,0
183,279.980500,1029.980400,49.994000,-152.500000,-0.887011,0.461749,0.000000,-0.461749,-0.887011,0.000000,0.000000,0.000000,1.000000,0
184,250.000000,1029.980400,49.994000,-153.900009,-0.898028,0.439939,0.000000,-0.439939,-0.898028,0.000000,0.000000,0.000000,1.000000,0
185,250.000000,1029.980400,49.994000,-153.900009,-0.898028,0.439939,0.000000,-0.439939,-0.898028,0.000000,0.000000,0.000000,1.000000,0
186,250.000000,1029.980400,49.994000,-153.900009,-0.898028,0.439939,0.000000,-0.439939,-0.898028,0.000000,0.000000,0.000000,1.000000,0
187,229.980500,1020.019500,49.994000,-155.500000,-0.909961,0.414693,0.000000,-0.414693,-0.909961,0.000000,0.000000,0.000000,1.000000,0
188,229.980500,1020.019500,49.994000,-155.500000,-0.909961,0.414693,0.000000,-0.414693,-0.909961,0.000000,0.000000,0.000000,1.000000,0
189,229.980500,1020.019500,49.994000,-155.500000,-0.909961,0.414693,0.000000,-0.414693,-0.909961,0.000000,0.000000,0.000000,1.000000,0
190,229.980500,1020.019500,49.994000,-155.500000,-0.909961,0.414693,0.000000,-0.414693,-0.909961,0.000000,0.000000,0.000000,1.000000,0
191,200.000000,1010.058500,49.994000,-157.100006,-0.921185,0.389124,0.000000,-0.389124,-0.921185,0.000000,0.000000,0.000000,1.000000,0
192,200.000000,1010.058500,49.994000,-157.100006,-0.921185,0.389124,0.000000,-0.389124,-0.921185,0.000000,0.000000,0.000000,1.000000,0
193,200.000000,1010.058500,49.994000,-157.100006,-0.921185,0.389124,0.000000,-0.389124,-0.921185,0.000000,0.000000,0.000000,1.000000,0
194,200.000000,1010.058500,49.994000,-157.100006,-0.921185,0.389124,0.000000,-0.389124,-0.921185,0.000000,0.000000,0.000000,1.000000,0
195,160.009800,999.999900,59.991600,-158.800003,-0.932324,0.361625,0.000000,-0.361625,-0.932324,0.000000,0.000000,0.000000,1.000000,0
196,160.009800,999.999900,59.991600,-158.800003,-0.932324,0.361625,0.000000,-0.361625,-0.932324,0.000000,0.000000,0.000000,1.000000,0
197,160.009800,999.999900,59.991600,-158.800003,-0.932324,0.361625,0.000000,-0.361625,-0.932324,0.000000,0.000000,0.000000,1.000000,0
198,160.009800,999.999900,59.991600,-158.800003,-0.932324,0.361625,0.000000,-0.361625,-0.932324,0.000000,0.000000,0.000000,1.000000,0
199,129.980500,990.039000,59.991600,-160.600006,-0.943223,0.332161,0.000000,-0.332161,-0.943223,0.000000,0.000000,0.000000,1.000000,0
200,129.980500,990.039000,59.991600,-160.600006,-0.943223,0.332161,0.000000,-0.332161,-0.943223,0.000000,0.000000,0.000000,1.000000,0
201,129.980500,990.039000,59.991600,-160.600006,-0.943223,0.332161,0.000000,-0.332161,-0.943223,0.000000,0.000000,0.000000,1.000000,0
202,89.990200,979.980400,59.991600,-162.199997,-0.952129,0.305695,0.000000,-0.305695,-0.952129,0.000000,0.000000,0.000000,1.000000,0
203,89.990200,979.980400,59.991600,-162.199997,-0.952129,0.305695,0.000000,-0.305695,-0.952129,0.000000,0.000000,0.000000,1.000000,0
204,89.990200,979.980400,59.991600,-162.199997,-0.952129,0.305695,0.000000,-0.305695,-0.952129,0.000000,0.000000,0.000000,1.000000,0
205,89.990200,979.980400,59.991600,-162.199997,-0.952129,0.305695,0.000000,-0.305695,-0.952129,0.000000,0.000000,0.000000,1.000000,0
206,50.000000,970.019500,59.991600,-164.199997,-0.962218,0.272280,0.000000,-0.272280,-0.962218,0.000000,0.000000,0.000000,1.000000,0
207,50.000000,970.019500,59.991600,-164.199997,-0.962218,0.272280,0.000000,-0.272280,-0.962218,0.000000,0.000000,0.000000,1.000000,0
208,50.000000,970.019500,59.991600,-164.199997,-0.962218,0.272280,0.000000,-0.272280,-0.962218,0.000000,0.000000,0.000000,1.000000,0
209,10.009800,970.019500,59.991600,-165.600006,-0.968583,0.248690,0.000000,-0.248690,-0.968583,0.000000,0.000000,0.000000,1.000000,0
210,10.009800,970.019500,59.991600,-165.600006,-0.968583,0.248690,0.000000,-0.248690,-0.968583,0.000000,0.000000,0.000000,1.000000,0
211,10.009800,970.019500,59.991600,-165.600006,-0.968583,0.248690,0.000000,-0.248690,-0.968583,0.000000,0.000000,0.000000,1.000000,0
212,10.009800,970.019500,59.991600,-165.600006,-0.968583,0.248690,0.000000,-0.248690,-0.968583,0.000000,0.000000,0.000000,1.000000,0
213,-39.990200,949.999900,70.001300,-164.000000,-0.961262,0.275637,0.000000,-0.275637,-0.961262,0.000000,0.000000,0.000000,1.000000,0
214,-39.990200,949.999900,70.001300,-164.000000,-0.961262,0.275637,0.000000,-0.275637,-0.961262,0.000000,0.000000,0.000000,1.000000,0
215,-80.029300,929.980400,70.001300,-159.300003,-0.935444,0.353475,0.000000,-0.353475,-0.935444,0.000000,0.000000,0.000000,1.000000,0
216,-80.029300,929.980400,70.001300,-159.300003,-0.935444,0.353475,0.000000,-0.353475,-0.935444,0.000000,0.000000,0.000000,1.000000,0
217,-80.029300,929.980400,70.001300,-159.300003,-0.935444,0.353475,0.000000,-0.353475,-0.935444,0.000000,0.000000,0.000000,1.000000,0
218,-80.029300,929.980400,70.001300,-159.300003,-0.935444,0.353475,0.000000,-0.353475,-0.935444,0.000000,0.000000,0.000000,1.000000,0
219,-110.009800,910.058500,70.001300,-157.500000,-0.923880,0.382683,0.000000,-0.382683,-0.923880,0.000000,0.000000,0.000000,1.000000,0
220,-110.009800,910.058500,70.001300,-157.500000,-0.923880,0.382683,0.000000,-0.382683,-0.923880,0.000000,0.000000,0.000000,1.000000,0
221,-110.009800,910.058500,70.001300,-157.500000,-0.923880,0.382683,0.000000,-0.382683,-0.923880,0.000000,0.000000,0.000000,1.000000,0
222,-139.990200,910.058500,70.001300,-160.199997,-0.940881,0.338738,0.000000,-0.338738,-0.940881,0.000000,0.000000,0.000000,1.000000,0
223,-139.990200,910.058500,70.001300,-160.199997,-0.940881,0.338738,0.000000,-0.338738,-0.940881,0.000000,0.000000,0.000000,1.000000,0
224,-139.990200,910.058500,70.001300,-160.199997,-0.940881,0.338738,0.000000,-0.338738,-0.940881,0.000000,0.000000,0.000000,1.000000,0
225,-170.019500,910.058500,70.001300,-163.300003,-0.957823,0.287360,0.000000,-0.287360,-0.957823,0.000000,0.000000,0.000000,1.000000,0
226,-170.019500,910.058500,70.001300,-163.300003,-0.957823,0.287360,0.000000,-0.287360,-0.957823,0.000000,0.000000,0.000000,1.000000,0
227,-170.019500,910.058500,70.001300,-163.300003,-0.957823,0.287360,0.000000,-0.287360,-0.957823,0.000000,0.000000,0.000000,1.000000,0
228,-170.019500,910.058500,70.001300,-163.300003,-0.957823,0.287360,0.000000,-0.287360,-0.957823,0.000000,0.000000,0.000000,1.000000,0
229,-189.990200,910.058500,70.001300,-166.000000,-0.970296,0.241922,0.000000,-0.241922,-0.970296,0.000000,0.000000,0.000000,1.000000,0
230,-189.990200,910.058500,70.001300,-166.000000,-0.970296,0.241922,0.000000,-0.241922,-0.970296,0.000000,0.000000,0.000000,1.000000,0
231,-189.990200,910.058500,70.001300,-166.000000,-0.970296,0.241922,0.000000,-0.241922,-0.970296,0.000000,0.000000,0.000000,1.000000,0
232,-210.009800,910.058500,79.998900,-168.300018,-0.979223,0.202787,0.000000,-0.202787,-0.979223,0.000000,0.000000,0.000000,1.000000,0
233,-210.009800,910.058500,79.998900,-168.300018,-0.979223,0.202787,0.000000,-0.202787,-0.979223,0.000000,0.000000,0.000000,1.000000,0
234,-210.009800,910.058500,79.998900,-168.300018,-0.979223,0.202787,0.000000,-0.202787,-0.979223,0.000000,0.000000,0.000000,1.000000,0
235,-220.019500,910.058500,79.998900,-170.200012,-0.985408,0.170209,0.000000,-0.170209,-0.985408,0.000000,0.000000,0.000000,1.000000,0
236,-220.019500,910.058500,79.998900,-170.200012,-0.985408,0.170209,0.000000,-0.170209,-0.985408,0.000000,0.000000,0.000000,1.000000,0
237,-220.019500,910.058500,79.998900,-170.200012,-0.985408,0.170209,0.000000,-0.170209,-0.985408,0.000000,0.000000,0.000000,1.000000,0
238,-220.019500,910.058500,79.998900,-170.200012,-0.985408,0.170209,0.000000,-0.170209,-0.985408,0.000000,0.000000,0.000000,1.000000,0
239,-239.990200,910.058500,79.998900,-172.600006,-0.991671,0.128795,0.000000,-0.128795,-0.991671,0.000000,0.000000,0.000000,1.000000,0
240,-239.990200,910.058500,79.998900,-172.600006,-0.991671,0.128795,0.000000,-0.128795,-0.991671,0.000000,0.000000,0.000000,1.000000,0
241,-260.009800,920.019500,79.998900,-174.899994,-0.996041,0.088894,0.000000,-0.088894,-0.996041,0.000000,0.000000,0.000000,1.000000,0
242,-260.009800,920.019500,79.998900,-174.899994,-0.996041,0.088894,0.000000,-0.088894,-0.996041,0.000000,0.000000,0.000000,1.000000,0
243,-260.009800,920.019500,79.998900,-174.899994,-0.996041,0.088894,0.000000,-0.088894,-0.996041,0.000000,0.000000,0.000000,1.000000,0
244,-260.009800,920.019500,79.998900,-174.899994,-0.996041,0.088894,0.000000,-0.088894,-0.996041,0.000000,0.000000,0.000000,1.000000,0
245,-280.029300,910.058500,79.998900,-175.000000,-0.996195,0.087156,0.000000,-0.087156,-0.996195,0.000000,0.000000,0.000000,1.000000,0
246,-280.029300,910.058500,79.998900,-175.000000,-0.996195,0.087156,0.000000,-0.087156,-0.996195,0.000000,0.000000,0.000000,1.000000,0
247,-280.029300,910.058500,79.998900,-175.000000,-0.996195,0.087156,0.000000,-0.087156,-0.996195,0.000000,0.000000,0.000000,1.000000,0
248,-300.000000,910.058500,79.998900,-172.800018,-0.992115,0.125333,0.000000,-0.125333,-0.992115,0.000000,0.000000,0.000000,1.000000,0
249,-300.000000,910.058500,79.998900,-172.800018,-0.992115,0.125333,0.000000,-0.125333,-0.992115,0.000000,0.000000,0.000000,1.000000,0
250,-300.000000,910.058500,79.998900,-172.800018,-0.992115,0.125333,0.000000,-0.125333,-0.992115,0.000000,0.000000,0.000000,1.000000,0
251,-300.000000,910.058500,79.998900,-172.800018,-0.992115,0.125333,0.000000,-0.125333,-0.992115,0.000000,0.000000,0.000000,1.000000,0
252,-330.029300,899.999900,79.998900,-171.800018,-0.989776,0.142629,0.000000,-0.142629,-0.989776,0.000000,0.000000,0.000000,1.000000,0
253,-330.029300,899.999900,79.998900,-171.800018,-0.989776,0.142629,0.000000,-0.142629,-0.989776,0.000000,0.000000,0.000000,1.000000,0
254,-330.029300,899.999900,79.998900,-171.800018,-0.989776,0.142629,0.000000,-0.142629,-0.989776,0.000000,0.000000,0.000000,1.000000,0
255,-350.000000,899.999900,79.998900,-173.500000,-0.993572,0.113203,0.000000,-0.113203,-0.993572,0.000000,0.000000,0.000000,1.000000,0
256,-350.000000,899.999900,79.998900,-173.500000,-0.993572,0.113203,0.000000,-0.113203,-0.993572,0.000000,0.000000,0.000000,1.000000,0
257,-350.000000,899.999900,79.998900,-173.500000,-0.993572,0.113203,0.000000,-0.113203,-0.993572,0.000000,0.000000,0.000000,1.000000,0
258,-370.019500,910.058500,79.998900,-176.399994,-0.998027,0.062791,0.000000,-0.062791,-0.998027,0.000000,0.000000,0.000000,1.000000,0
259,-370.019500,910.058500,79.998900,-176.399994,-0.998027,0.062791,0.000000,-0.062791,-0.998027,0.000000,0.000000,0.000000,1.000000,0
260,-370.019500,910.058500,79.998900,-176.399994,-0.998027,0.062791,0.000000,-0.062791,-0.998027,0.000000,0.000000,0.000000,1.000000,0
261,-370.019500,910.058500,79.998900,-176.399994,-0.998027,0.062791,0.000000,-0.062791,-0.998027,0.000000,0.000000,0.000000,1.000000,0
262,-400.000000,910.058500,79.998900,-178.600006,-0.999701,0.024432,0.000000,-0.024432,-0.999701,0.000000,0.000000,0.000000,1.000000,0
263,-400.000000,910.058500,79.998900,-178.600006,-0.999701,0.024432,0.000000,-0.024432,-0.999701,0.000000,0.000000,0.000000,1.000000,0
264,-400.000000,910.058500,79.998900,-178.600006,-0.999701,0.024432,0.000000,-0.024432,-0.999701,0.000000,0.000000,0.000000,1.000000,0
265,-410.009800,910.058500,79.998900,-178.300018,-0.999560,0.029666,0.000000,-0.029666,-0.999560,0.000000,0.000000,0.000000,1.000000,0
266,-410.009800,910.058500,79.998900,-178.300018,-0.999560,0.029666,0.000000,-0.029666,-0.999560,0.000000,0.000000,0.000000,1.000000,0
267,-410.009800,910.058500,79.998900,-178.300018,-0.999560,0.029666,0.000000,-0.029666,-0.999560,0.000000,0.000000,0.000000,1.000000,0
268,-420.019500,910.058500,79.998900,-177.000000,-0.998630,0.052336,0.000000,-0.052336,-0.998630,0.000000,0.000000,0.000000,1.000000,0
269,-420.019500,910.058500,79.998900,-177.000000,-0.998630,0.052336,0.000000,-0.052336,-0.998630,0.000000,0.000000,0.000000,1.000000,0
270,-420.019500,910.058500,79.998900,-177.000000,-0.998630,0.052336,0.000000,-0.052336,-0.998630,0.000000,0.000000,0.000000,1.000000,0
271,-420.019500,910.058500,89.996400,-177.000000,-0.998630,0.052336,0.000000,-0.052336,-0.998630,0.000000,0.000000,0.000000,1.000000,0
272,-420.019500,910.058500,89.996400,-177.000000,-0.998630,0.052336,0.000000,-0.052336,-0.998630,0.000000,0.000000,0.000000,1.000000,0
273,-420.019500,910.058500,89.996400,-177.000000,-0.998630,0.052336,0.000000,-0.052336,-0.998630,0.000000,0.000000,0.000000,1.000000,0
274,-420.019500,910.058500,89.996400,-177.000000,-0.998630,0.052336,0.000000,-0.052336,-0.998630,0.000000,0.000000,0.000000,1.000000,0
275,-420.019500,910.058500,79.998900,-177.399994,-0.998971,0.045363,0.000000,-0.045363,-0.998971,0.000000,0.000000,0.000000,1.000000,0
276,-420.019500,910.058500,79.998900,-177.399994,-0.998971,0.045363,0.000000,-0.045363,-0.998971,0.000000,0.000000,0.000000,1.000000,0
277,-420.019500,910.058500,79.998900,-177.399994,-0.998971,0.045363,0.000000,-0.045363,-0.998971,0.000000,0.000000,0.000000,1.000000,0
278,-410.009800,910.058500,79.998900,-178.200012,-0.999507,0.031411,0.000000,-0.031411,-0.999507,0.000000,0.000000,0.000000,1.000000,0
279,-410.009800,910.058500,79.998900,-178.200012,-0.999507,0.031411,0.000000,-0.031411,-0.999507,0.000000,0.000000,0.000000,1.000000,0
280,-410.009800,910.058500,79.998900,-178.200012,-0.999507,0.031411,0.000000,-0.031411,-0.999507,0.000000,0.000000,0.000000,1.000000,0
281,-410.009800,910.058500,79.998900,-179.200012,-0.999903,0.013962,0.000000,-0.013962,-0.999903,0.000000,0.000000,0.000000,1.000000,0
282,-410.009800,910.058500,79.998900,-179.200012,-0.999903,0.013962,0.000000,-0.013962,-0.999903,0.000000,0.000000,0.000000,1.000000,0
283,-410.009800,910.058500,79.998900,-179.200012,-0.999903,0.013962,0.000000,-0.013962,-0.999903,0.000000,0.000000,0.000000,1.000000,0
284,-410.009800,910.058500,79.998900,-179.200012,-0.999903,0.013962,0.000000,-0.013962,-0.999903,0.000000,0.000000,0.000000,1.000000,0
285,-400.000000,920.019500,79.998900,179.600006,-0.999976,-0.006981,0.000000,0.006981,-0.999976,0.000000,0.000000,0.000000,1.000000,0
286,-400.000000,920.019500,79.998900,179.600006,-0.999976,-0.006981,0.000000,0.006981,-0.999976,0.000000,0.000000,0.000000,1.000000,0
287,-400.000000,920.019500,79.998900,179.600006,-0.999976,-0.006981,0.000000,0.006981,-0.999976,0.000000,0.000000,0.000000,1.000000,0
288,-380.029300,920.019500,79.998900,178.100006,-0.999450,-0.033155,0.000000,0.033155,-0.999450,0.000000,0.000000,0.000000,1.000000,0
289,-380.029300,920.019500,79.998900,178.100006,-0.999450,-0.033155,0.000000,0.033155,-0.999450,0.000000,0.000000,0.000000,1.000000,0
290,-380.029300,920.019500,79.998900,178.100006,-0.999450,-0.033155,0.000000,0.033155,-0.999450,0.000000,0.000000,0.000000,1.000000,0
291,-380.029300,920.019500,79.998900,178.100006,-0.999450,-0.033155,0.000000,0.033155,-0.999450,0.000000,0.000000,0.000000,1.000000,0
292,-370.019500,929.980400,79.998900,176.299988,-0.997916,-0.064533,0.000000,0.064533,-0.997916,0.000000,0.000000,0.000000,1.000000,0
293,-370.019500,929.980400,79.998900,176.299988,-0.997916,-0.064533,0.000000,0.064533,-0.997916,0.000000,0.000000,0.000000,1.000000,0
294,-370.019500,929.980400,79.998900,176.299988,-0.997916,-0.064533,0.000000,0.064533,-0.997916,0.000000,0.000000,0.000000,1.000000,0
295,-360.009800,929.980400,79.998900,174.199982,-0.994881,-0.101057,0.000000,0.101057,-0.994881,0.000000,0.000000,0.000000,1.000000,0
296,-360.009800,929.980400,79.998900,174.199982,-0.994881,-0.101057,0.000000,0.101057,-0.994881,0.000000,0.000000,0.000000,1.000000,0
297,-360.009800,929.980400,79.998900,174.199982,-0.994881,-0.101057,0.000000,0.101057,-0.994881,0.000000,0.000000,0.000000,1.000000,0
298,-360.009800,929.980400,79.998900,174.199982,-0.994881,-0.101057,0.000000,0.101057,-0.994881,0.000000,0.000000,0.000000,1.000000,0
299,-339.990200,929.980400,79.998900,171.699982,-0.989526,-0.144357,0.000000,0.144357,-0.989526,0.000000,0.000000,0.000000,1.000000,0
300,-339.990200,929.980400,79.998900,171.699982,-0.989526,-0.144357,0.000000,0.144357,-0.989526,0.000000,0.000000,0.000000,1.000000,0
301,-339.990200,929.980400,79.998900,171.699982,-0.989526,-0.144357,0.000000,0.144357,-0.989526,0.000000,0.000000,0.000000,1.000000,0
302,-320.019500,940.039000,79.998900,169.600006,-0.983571,-0.180519,0.000000,0.180519,-0.983571,0.000000,0.000000,0.000000,1.000000,0
303,-320.019500,940.039000,79.998900,169.600006,-0.983571,-0.180519,0.000000,0.180519,-0.983571,0.000000,0.000000,0.000000,1.000000,0
304,-320.019500,940.039000,79.998900,169.600006,-0.983571,-0.180519,0.000000,0.180519,-0.983571,0.000000,0.000000,0.000000,1.000000,0
305,-300.000000,940.039000,79.998900,167.000000,-0.974370,-0.224951,0.000000,0.224951,-0.974370,0.000000,0.000000,0.000000,1.000000,0
306,-300.000000,940.039000,79.998900,167.000000,-0.974370,-0.224951,0.000000,0.224951,-0.974370,0.000000,0.000000,0.000000,1.000000,0
307,-300.000000,940.039000,79.998900,167.000000,-0.974370,-0.224951,0.000000,0.224951,-0.974370,0.000000,0.000000,0.000000,1.000000,0
308,-300.000000,940.039000,79.998900,167.000000,-0.974370,-0.224951,0.000000,0.224951,-0.974370,0.000000,0.000000,0.000000,1.000000,0
309,-270.019500,940.039000,79.998900,163.699982,-0.959805,-0.280667,0.000000,0.280667,-0.959805,0.000000,0.000000,0.000000,1.000000,0
310,-270.019500,940.039000,79.998900,163.699982,-0.959805,-0.280667,0.000000,0.280667,-0.959805,0.000000,0.000000,0.000000,1.000000,0
311,-270.019500,940.039000,79.998900,163.699982,-0.959805,-0.280667,0.000000,0.280667,-0.959805,0.000000,0.000000,0.000000,1.000000,0
312,-239.990200,940.039000,70.001300,160.299988,-0.941471,-0.337095,0.000000,0.337095,-0.941471,0.000000,0.000000,0.000000,1.000000,0
313,-239.990200,940.039000,70.001300,160.299988,-0.941471,-0.337095,0.000000,0.337095,-0.941471,0.000000,0.000000,0.000000,1.000000,0
314,-239.990200,940.039000,70.001300,160.299988,-0.941471,-0.337095,0.000000,0.337095,-0.941471,0.000000,0.000000,0.000000,1.000000,0
315,-239.990200,940.039000,70.001300,160.299988,-0.941471,-0.337095,0.000000,0.337095,-0.941471,0.000000,0.000000,0.000000,1.000000,0
316,-210.009800,940.039000,70.001300,156.199982,-0.914960,-0.403546,0.000000,0.403546,-0.914960,0.000000,0.000000,0.000000,1.000000,0
317,-210.009800,940.039000,70.001300,156.199982,-0.914960,-0.403546,0.000000,0.403546,-0.914960,0.000000,0.000000,0.000000,1.000000,0
318,-210.009800,940.039000,70.001300,156.199982,-0.914960,-0.403546,0.000000,0.403546,-0.914960,0.000000,0.000000,0.000000,1.000000,0
319,-180.029300,940.039000,70.001300,152.000000,-0.882948,-0.469472,0.000000,0.469472,-0.882948,0.000000,0.000000,0.000000,1.000000,0
320,-180.029300,940.039000,70.001300,152.000000,-0.882948,-0.469472,0.000000,0.469472,-0.882948,0.000000,0.000000,0.000000,1.000000,0
321,-180.029300,940.039000,70.001300,152.000000,-0.882948,-0.469472,0.000000,0.469472,-0.882948,0.000000,0.000000,0.000000,1.000000,0
322,-180.029300,940.039000,70.001300,152.000000,-0.882948,-0.469472,0.000000,0.469472,-0.882948,0.000000,0.000000,0.000000,1.000000,0
323,-139.990200,929.980400,70.001300,147.100006,-0.839620,-0.543174,0.000000,0.543174,-0.839620,0.000000,0.000000,0.000000,1.000000,0
324,-139.990200,929.980400,70.001300,147.100006,-0.839620,-0.543174,0.000000,0.543174,-0.839620,0.000000,0.000000,0.000000,1.000000,0
325,-139.990200,929.980400,70.001300,147.100006,-0.839620,-0.543174,0.000000,0.543174,-0.839620,0.000000,0.000000,0.000000,1.000000,0
326,-89.990200,920.019500,70.001300,141.399994,-0.781520,-0.623880,0.000000,0.623880,-0.781520,0.000000,0.000000,0.000000,1.000000,0
327,-89.990200,920.019500,70.001300,141.399994,-0.781520,-0.623880,0.000000,0.623880,-0.781520,0.000000,0.000000,0.000000,1.000000,0
328,-89.990200,920.019500,70.001300,141.399994,-0.781520,-0.623880,0.000000,0.623880,-0.781520,0.000000,0.000000,0.000000,1.000000,0
329,-50.000000,899.999900,70.001300,135.600006,-0.714473,-0.699663,0.000000,0.699663,-0.714473,0.000000,0.000000,0.000000,1.000000,0
330,-50.000000,899.999900,70.001300,135.600006,-0.714473,-0.699663,0.000000,0.699663,-0.714473,0.000000,0.000000,0.000000,1.000000,0
331,-50.000000,899.999900,70.001300,135.600006,-0.714473,-0.699663,0.000000,0.699663,-0.714473,0.000000,0.000000,0.000000,1.000000,0
332,-50.000000,899.999900,70.001300,135.600006,-0.714473,-0.699663,0.000000,0.699663,-0.714473,0.000000,0.000000,0.000000,1.000000,0
333,-10.009800,870.019500,70.001300,131.100006,-0.657375,-0.753563,0.000000,0.753563,-0.657375,0.000000,0.000000,0.000000,1.000000,0
334,-10.009800,870.019500,70.001300,131.100006,-0.657375,-0.753563,0.000000,0.753563,-0.657375,0.000000,0.000000,0.000000,1.000000,0
335,19.970700,829.980400,70.001300,134.100006,-0.695913,-0.718126,0.000000,0.718126,-0.695913,0.000000,0.000000,0.000000,1.000000,0
336,19.970700,829.980400,70.001300,134.100006,-0.695913,-0.718126,0.000000,0.718126,-0.695913,0.000000,0.000000,0.000000,1.000000,0
337,19.970700,829.980400,70.001300,134.100006,-0.695913,-0.718126,0.000000,0.718126,-0.695913,0.000000,0.000000,0.000000,1.000000,0
338,19.970700,829.980400,70.001300,134.100006,-0.695913,-0.718126,0.000000,0.718126,-0.695913,0.000000,0.000000,0.000000,1.000000,0
339,39.990200,799.999900,70.001300,137.600006,-0.738455,-0.674302,0.000000,0.674302,-0.738455,0.000000,0.000000,0.000000,1.000000,0
340,39.990200,799.999900,70.001300,137.600006,-0.738455,-0.674302,0.000000,0.674302,-0.738455,0.000000,0.000000,0.000000,1.000000,0
341,39.990200,799.999900,70.001300,137.600006,-0.738455,-0.674302,0.000000,0.674302,-0.738455,0.000000,0.000000,0.000000,1.000000,0
342,60.009800,779.980400,70.001300,135.899994,-0.718126,-0.695913,0.000000,0.695913,-0.718126,0.000000,0.000000,0.000000,1.000000,0
343,60.009800,779.980400,70.001300,135.899994,-0.718126,-0.695913,0.000000,0.695913,-0.718126,0.000000,0.000000,0.000000,1.000000,0
344,60.009800,779.980400,70.001300,135.899994,-0.718126,-0.695913,0.000000,0.695913,-0.718126,0.000000,0.000000,0.000000,1.000000,0
345,60.009800,779.980400,70.001300,135.899994,-0.718126,-0.695913,0.000000,0.695913,-0.718126,0.000000,0.000000,0.000000,1.000000,0
346,89.990200,770.019500,70.001300,132.699982,-0.678159,-0.734915,0.000000,0.734915,-0.678159,0.000000,0.000000,0.000000,1.000000,0
347,89.990200,770.019500,70.001300,132.699982,-0.678159,-0.734915,0.000000,0.734915,-0.678159,0.000000,0.000000,0.000000,1.000000,0
348,89.990200,770.019500,70.001300,132.699982,-0.678159,-0.734915,0.000000,0.734915,-0.678159,0.000000,0.000000,0.000000,1.000000,0
349,89.990200,770.019500,70.001300,132.699982,-0.678159,-0.734915,0.000000,0.734915,-0.678159,0.000000,0.000000,0.000000,1.000000,0
350,100.000000,760.058500,70.001300,130.199982,-0.645457,-0.763796,0.000000,0.763796,-0.645457,0.000000,0.000000,0.000000,1.000000,0
351,100.000000,760.058500,70.001300,130.199982,-0.645457,-0.763796,0.000000,0.763796,-0.645457,0.000000,0.000000,0.000000,1.000000,0
352,100.000000,760.058500,70.001300,130.199982,-0.645457,-0.763796,0.000000,0.763796,-0.645457,0.000000,0.000000,0.000000,1.000000,0
353,119.970700,749.999900,70.001300,128.500000,-0.622515,-0.782608,0.000000,0.782608,-0.622515,0.000000,0.000000,0.000000,1.000000,0
354,119.970700,749.999900,70.001300,128.500000,-0.622515,-0.782608,0.000000,0.782608,-0.622515,0.000000,0.000000,0.000000,1.000000,0
355,119.970700,749.999900,70.001300,128.500000,-0.622515,-0.782608,0.000000,0.782608,-0.622515,0.000000,0.000000,0.000000,1.000000,0
356,129.980500,740.039000,70.001300,128.600006,-0.623880,-0.781520,0.000000,0.781520,-0.623880,0.000000,0.000000,0.000000,1.000000,0
357,129.980500,740.039000,70.001300,128.600006,-0.623880,-0.781520,0.000000,0.781520,-0.623880,0.000000,0.000000,0.000000,1.000000,0
358,129.980500,740.039000,70.001300,128.600006,-0.623880,-0.781520,0.000000,0.781520,-0.623880,0.000000,0.000000,0.000000,1.000000,0
359,129.980500,740.039000,70.001300,128.600006,-0.623880,-0.781520,0.000000,0.781520,-0.623880,0.000000,0.000000,0.000000,1.000000,0
360,129.980500,720.019500,70.001300,130.899994,-0.654741,-0.755854,0.000000,0.755854,-0.654741,0.000000,0.000000,0.000000,1.000000,0
361,129.980500,720.019500,70.001300,130.899994,-0.654741,-0.755854,0.000000,0.755854,-0.654741,0.000000,0.000000,0.000000,1.000000,0
362,129.980500,720.019500,70.001300,130.899994,-0.654741,-0.755854,0.000000,0.755854,-0.654741,0.000000,0.000000,0.000000,1.000000,0
363,129.980500,720.019500,70.001300,130.899994,-0.654741,-0.755854,0.000000,0.755854,-0.654741,0.000000,0.000000,0.000000,1.000000,0
364,139.990200,710.058500,70.001300,133.500000,-0.688355,-0.725374,0.000000,0.725374,-0.688355,0.000000,0.000000,0.000000,1.000000,0
365,139.990200,710.058500,70.001300,133.500000,-0.688355,-0.725374,0.000000,0.725374,-0.688355,0.000000,0.000000,0.000000,1.000000,0
366,139.990200,710.058500,70.001300,133.500000,-0.688355,-0.725374,0.000000,0.725374,-0.688355,0.000000,0.000000,0.000000,1.000000,0
367,150.000000,679.980400,70.001300,136.600006,-0.726575,-0.687087,0.000000,0.687087,-0.726575,0.000000,0.000000,0.000000,1.000000,0
368,150.000000,679.980400,70.001300,136.600006,-0.726575,-0.687087,0.000000,0.687087,-0.726575,0.000000,0.000000,0.000000,1.000000,0
369,150.000000,679.980400,70.001300,136.600006,-0.726575,-0.687087,0.000000,0.687087,-0.726575,0.000000,0.000000,0.000000,1.000000,0
370,150.000000,679.980400,70.001300,136.600006,-0.726575,-0.687087,0.000000,0.687087,-0.726575,0.000000,0.000000,0.000000,1.000000,0
371,160.009800,660.058500,70.001300,139.799988,-0.763796,-0.645458,0.000000,0.645458,-0.763796,0.000000,0.000000,0.000000,1.000000,0
372,160.009800,660.058500,70.001300,139.799988,-0.763796,-0.645458,0.000000,0.645458,-0.763796,0.000000,0.000000,0.000000,1.000000,0
373,160.009800,660.058500,70.001300,139.799988,-0.763796,-0.645458,0.000000,0.645458,-0.763796,0.000000,0.000000,0.000000,1.000000,0
374,179.980500,640.039000,70.001300,143.100006,-0.799685,-0.600420,0.000000,0.600420,-0.799685,0.000000,0.000000,0.000000,1.000000,0
375,179.980500,640.039000,70.001300,143.100006,-0.799685,-0.600420,0.000000,0.600420,-0.799685,0.000000,0.000000,0.000000,1.000000,0
376,179.980500,640.039000,70.001300,143.100006,-0.799685,-0.600420,0.000000,0.600420,-0.799685,0.000000,0.000000,0.000000,1.000000,0
377,200.000000,620.019500,70.001300,146.500000,-0.833886,-0.551937,0.000000,0.551937,-0.833886,0.000000,0.000000,0.000000,1.000000,0
378,200.000000,620.019500,70.001300,146.500000,-0.833886,-0.551937,0.000000,0.551937,-0.833886,0.000000,0.000000,0.000000,1.000000,0
379,200.000000,620.019500,70.001300,146.500000,-0.833886,-0.551937,0.000000,0.551937,-0.833886,0.000000,0.000000,0.000000,1.000000,0
380,200.000000,620.019500,70.001300,146.500000,-0.833886,-0.551937,0.000000,0.551937,-0.833886,0.000000,0.000000,0.000000,1.000000,0
381,219.970700,590.039000,70.001300,150.500000,-0.870356,-0.492424,0.000000,0.492424,-0.870356,0.000000,0.000000,0.000000,1.000000,0
382,219.970700,590.039000,70.001300,150.500000,-0.870356,-0.492424,0.000000,0.492424,-0.870356,0.000000,0.000000,0.000000,1.000000,0
383,219.970700,590.039000,70.001300,150.500000,-0.870356,-0.492424,0.000000,0.492424,-0.870356,0.000000,0.000000,0.000000,1.000000,0
384,219.970700,590.039000,70.001300,150.500000,-0.870356,-0.492424,0.000000,0.492424,-0.870356,0.000000,0.000000,0.000000,1.000000,0
385,239.990200,570.019500,70.001300,154.199982,-0.900319,-0.435231,0.000000,0.435231,-0.900319,0.000000,0.000000,0.000000,1.000000,0
386,239.990200,570.019500,70.001300,154.199982,-0.900319,-0.435231,0.000000,0.435231,-0.900319,0.000000,0.000000,0.000000,1.000000,0
387,239.990200,570.019500,70.001300,154.199982,-0.900319,-0.435231,0.000000,0.435231,-0.900319,0.000000,0.000000,0.000000,1.000000,0
388,239.990200,570.019500,70.001300,154.199982,-0.900319,-0.435231,0.000000,0.435231,-0.900319,0.000000,0.000000,0.000000,1.000000,0
389,260.009800,549.999900,70.001300,158.500000,-0.930418,-0.366501,0.000000,0.366501,-0.930418,0.000000,0.000000,0.000000,1.000000,0
390,260.009800,549.999900,70.001300,158.500000,-0.930418,-0.366501,0.000000,0.366501,-0.930418,0.000000,0.000000,0.000000,1.000000,0
391,260.009800,549.999900,70.001300,158.500000,-0.930418,-0.366501,0.000000,0.366501,-0.930418,0.000000,0.000000,0.000000,1.000000,0
392,289.990200,529.980400,70.001300,162.500000,-0.953717,-0.300706,0.000000,0.300706,-0.953717,0.000000,0.000000,0.000000,1.000000,0
393,289.990200,529.980400,70.001300,162.500000,-0.953717,-0.300706,0.000000,0.300706,-0.953717,0.000000,0.000000,0.000000,1.000000,0
394,289.990200,529.980400,70.001300,162.500000,-0.953717,-0.300706,0.000000,0.300706,-0.953717,0.000000,0.000000,0.000000,1.000000,0
395,289.990200,529.980400,70.001300,162.500000,-0.953717,-0.300706,0.000000,0.300706,-0.953717,0.000000,0.000000,0.000000,1.000000,0
396,319.970700,510.058500,70.001300,166.799988,-0.973579,-0.228351,0.000000,0.228351,-0.973579,0.000000,0.000000,0.000000,1.000000,0
397,319.970700,510.058500,70.001300,166.799988,-0.973579,-0.228351,0.000000,0.228351,-0.973579,0.000000,0.000000,0.000000,1.000000,0
398,319.970700,510.058500,70.001300,166.799988,-0.973579,-0.228351,0.000000,0.228351,-0.973579,0.000000,0.000000,0.000000,1.000000,0
399,350.000000,490.039000,70.001300,170.500000,-0.986286,-0.165048,0.000000,0.165048,-0.986286,0.000000,0.000000,0.000000,1.000000,0
400,350.000000,490.039000,70.001300,170.500000,-0.986286,-0.165048,0.000000,0.165048,-0.986286,0.000000,0.000000,0.000000,1.000000,0
401,350.000000,490.039000,70.001300,170.500000,-0.986286,-0.165048,0.000000,0.165048,-0.986286,0.000000,0.000000,0.000000,1.000000,0
402,350.000000,490.039000,70.001300,170.500000,-0.986286,-0.165048,0.000000,0.165048,-0.986286,0.000000,0.000000,0.000000,1.000000,0
403,379.980500,490.039000,70.001300,169.699982,-0.983885,-0.178803,0.000000,0.178803,-0.983885,0.000000,0.000000,0.000000,1.000000,0
404,379.980500,490.039000,70.001300,169.699982,-0.983885,-0.178803,0.000000,0.178803,-0.983885,0.000000,0.000000,0.000000,1.000000,0
405,379.980500,490.039000,70.001300,169.699982,-0.983885,-0.178803,0.000000,0.178803,-0.983885,0.000000,0.000000,0.000000,1.000000,0
406,400.000000,490.039000,70.001300,166.600006,-0.972776,-0.231748,0.000000,0.231748,-0.972776,0.000000,0.000000,0.000000,1.000000,0
407,400.000000,490.039000,70.001300,166.600006,-0.972776,-0.231748,0.000000,0.231748,-0.972776,0.000000,0.000000,0.000000,1.000000,0
408,400.000000,490.039000,70.001300,166.600006,-0.972776,-0.231748,0.000000,0.231748,-0.972776,0.000000,0.000000,0.000000,1.000000,0
409,429.980500,490.039000,59.991600,163.799988,-0.960294,-0.278991,0.000000,0.278991,-0.960294,0.000000,0.000000,0.000000,1.000000,0
410,429.980500,490.039000,59.991600,163.799988,-0.960294,-0.278991,0.000000,0.278991,-0.960294,0.000000,0.000000,0.000000,1.000000,0
411,429.980500,490.039000,59.991600,163.799988,-0.960294,-0.278991,0.000000,0.278991,-0.960294,0.000000,0.000000,0.000000,1.000000,0
412,429.980500,490.039000,59.991600,163.799988,-0.960294,-0.278991,0.000000,0.278991,-0.960294,0.000000,0.000000,0.000000,1.000000,0
413,450.000000,490.039000,59.991600,161.399994,-0.947768,-0.318959,0.000000,0.318959,-0.947768,0.000000,0.000000,0.000000,1.000000,0
414,450.000000,490.039000,59.991600,161.399994,-0.947768,-0.318959,0.000000,0.318959,-0.947768,0.000000,0.000000,0.000000,1.000000,0
415,450.000000,490.039000,59.991600,161.399994,-0.947768,-0.318959,0.000000,0.318959,-0.947768,0.000000,0.000000,0.000000,1.000000,0
416,460.009800,490.039000,59.991600,159.600006,-0.937282,-0.348572,0.000000,0.348572,-0.937282,0.000000,0.000000,0.000000,1.000000,0
417,460.009800,490.039000,59.991600,159.600006,-0.937282,-0.348572,0.000000,0.348572,-0.937282,0.000000,0.000000,0.000000,1.000000,0
418,460.009800,490.039000,59.991600,159.600006,-0.937282,-0.348572,0.000000,0.348572,-0.937282,0.000000,0.000000,0.000000,1.000000,0
419,479.980500,490.039000,59.991600,157.799988,-0.925870,-0.377841,0.000000,0.377841,-0.925870,0.000000,0.000000,0.000000,1.000000,0
420,479.980500,490.039000,59.991600,157.799988,-0.925870,-0.377841,0.000000,0.377841,-0.925870,0.000000,0.000000,0.000000,1.000000,0
421,479.980500,490.039000,59.991600,157.799988,-0.925870,-0.377841,0.000000,0.377841,-0.925870,0.000000,0.000000,0.000000,1.000000,0
422,479.980500,490.039000,59.991600,157.799988,-0.925870,-0.377841,0.000000,0.377841,-0.925870,0.000000,0.000000,0.000000,1.000000,0
423,489.990200,490.039000,59.991600,156.699982,-0.918446,-0.395546,0.000000,0.395546,-0.918446,0.000000,0.000000,0.000000,1.000000,0
424,489.990200,490.039000,59.991600,156.699982,-0.918446,-0.395546,0.000000,0.395546,-0.918446,0.000000,0.000000,0.000000,1.000000,0
425,489.990200,490.039000,59.991600,156.699982,-0.918446,-0.395546,0.000000,0.395546,-0.918446,0.000000,0.000000,0.000000,1.000000,0
426,489.990200,490.039000,59.991600,155.899994,-0.912834,-0.408331,0.000000,0.408331,-0.912834,0.000000,0.000000,0.000000,1.000000,0
427,489.990200,490.039000,59.991600,155.899994,-0.912834,-0.408331,0.000000,0.408331,-0.912834,0.000000,0.000000,0.000000,1.000000,0
428,489.990200,490.039000,59.991600,155.899994,-0.912834,-0.408331,0.000000,0.408331,-0.912834,0.000000,0.000000,0.000000,1.000000,0
429,500.000000,490.039000,59.991600,155.500000,-0.909961,-0.414693,0.000000,0.414693,-0.909961,0.000000,0.000000,0.000000,1.000000,0
430,500.000000,490.039000,59.991600,155.500000,-0.909961,-0.414693,0.000000,0.414693,-0.909961,0.000000,0.000000,0.000000,1.000000,0
431,500.000000,490.039000,59.991600,155.500000,-0.909961,-0.414693,0.000000,0.414693,-0.909961,0.000000,0.000000,0.000000,1.000000,0
432,500.000000,490.039000,59.991600,155.500000,-0.909961,-0.414693,0.000000,0.414693,-0.909961,0.000000,0.000000,0.000000,1.000000,0
433,500.000000,490.039000,59.991600,155.500000,-0.909961,-0.414693,0.000000,0.414693,-0.909961,0.000000,0.000000,0.000000,1.000000,0
434,500.000000,490.039000,59.991600,155.500000,-0.909961,-0.414693,0.000000,0.414693,-0.909961,0.000000,0.000000,0.000000,1.000000,0
435,500.000000,490.039000,59.991600,155.500000,-0.909961,-0.414693,0.000000,0.414693,-0.909961,0.000000,0.000000,0.000000,1.000000,0
436,489.990200,490.039000,59.991600,156.000000,-0.913545,-0.406737,0.000000,0.406737,-0.913545,0.000000,0.000000,0.000000,1.000000,0
437,489.990200,490.039000,59.991600,156.000000,-0.913545,-0.406737,0.000000,0.406737,-0.913545,0.000000,0.000000,0.000000,1.000000,0
438,489.990200,490.039000,59.991600,156.000000,-0.913545,-0.406737,0.000000,0.406737,-0.913545,0.000000,0.000000,0.000000,1.000000,0
439,489.990200,490.039000,59.991600,157.000000,-0.920505,-0.390731,0.000000,0.390731,-0.920505,0.000000,0.000000,0.000000,1.000000,0
440,489.990200,490.039000,59.991600,157.000000,-0.920505,-0.390731,0.000000,0.390731,-0.920505,0.000000,0.000000,0.000000,1.000000,0
441,489.990200,490.039000,59.991600,157.000000,-0.920505,-0.390731,0.000000,0.390731,-0.920505,0.000000,0.000000,0.000000,1.000000,0
442,489.990200,490.039000,59.991600,157.000000,-0.920505,-0.390731,0.000000,0.390731,-0.920505,0.000000,0.000000,0.000000,1.000000,0
443,479.980500,490.039000,59.991600,158.199982,-0.928486,-0.371368,0.000000,0.371368,-0.928486,0.000000,0.000000,0.000000,1.000000,0
444,479.980500,490.039000,59.991600,158.199982,-0.928486,-0.371368,0.000000,0.371368,-0.928486,0.000000,0.000000,0.000000,1.000000,0
445,479.980500,490.039000,59.991600,158.199982,-0.928486,-0.371368,0.000000,0.371368,-0.928486,0.000000,0.000000,0.000000,1.000000,0
446,460.009800,490.039000,59.991600,159.799988,-0.938493,-0.345298,0.000000,0.345298,-0.938493,0.000000,0.000000,0.000000,1.000000,0
447,460.009800,490.039000,59.991600,159.799988,-0.938493,-0.345298,0.000000,0.345298,-0.938493,0.000000,0.000000,0.000000,1.000000,0
448,460.009800,490.039000,59.991600,159.799988,-0.938493,-0.345298,0.000000,0.345298,-0.938493,0.000000,0.000000,0.000000,1.000000,0
449,460.009800,490.039000,59.991600,159.799988,-0.938493,-0.345298,0.000000,0.345298,-0.938493,0.000000,0.000000,0.000000,1.000000,0
450,450.000000,490.039000,59.991600,161.799988,-0.949972,-0.312335,0.000000,0.312335,-0.949972,0.000000,0.000000,0.000000,1.000000,0
451,450.000000,490.039000,59.991600,161.799988,-0.949972,-0.312335,0.000000,0.312335,-0.949972,0.000000,0.000000,0.000000,1.000000,0
452,450.000000,490.039000,59.991600,161.799988,-0.949972,-0.312335,0.000000,0.312335,-0.949972,0.000000,0.000000,0.000000,1.000000,0
453,429.980500,490.039000,59.991600,164.000000,-0.961262,-0.275637,0.000000,0.275637,-0.961262,0.000000,0.000000,0.000000,1.000000,0
454,429.980500,490.039000,59.991600,164.000000,-0.961262,-0.275637,0.000000,0.275637,-0.961262,0.000000,0.000000,0.000000,1.000000,0
455,429.980500,490.039000,59.991600,164.000000,-0.961262,-0.275637,0.000000,0.275637,-0.961262,0.000000,0.000000,0.000000,1.000000,0
456,429.980500,490.039000,59.991600,164.000000,-0.961262,-0.275637,0.000000,0.275637,-0.961262,0.000000,0.000000,0.000000,1.000000,0
457,410.009800,490.039000,70.001300,166.299988,-0.971549,-0.236838,0.000000,0.236838,-0.971549,0.000000,0.000000,0.000000,1.000000,0
458,410.009800,490.039000,70.001300,166.299988,-0.971549,-0.236838,0.000000,0.236838,-0.971549,0.000000,0.000000,0.000000,1.000000,0
459,410.009800,490.039000,70.001300,166.299988,-0.971549,-0.236838,0.000000,0.236838,-0.971549,0.000000,0.000000,0.000000,1.000000,0
460,389.990200,490.039000,70.001300,169.000000,-0.981627,-0.190809,0.000000,0.190809,-0.981627,0.000000,0.000000,0.000000,1.000000,0
461,389.990200,490.039000,70.001300,169.000000,-0.981627,-0.190809,0.000000,0.190809,-0.981627,0.000000,0.000000,0.000000,1.000000,0
462,389.990200,490.039000,70.001300,169.000000,-0.981627,-0.190809,0.000000,0.190809,-0.981627,0.000000,0.000000,0.000000,1.000000,0
463,389.990200,490.039000,70.001300,169.000000,-0.981627,-0.190809,0.000000,0.190809,-0.981627,0.000000,0.000000,0.000000,1.000000,0
464,369.970700,490.039000,70.001300,171.799988,-0.989776,-0.142629,0.000000,0.142629,-0.989776,0.000000,0.000000,0.000000,1.000000,0
465,369.970700,490.039000,70.001300,171.799988,-0.989776,-0.142629,0.000000,0.142629,-0.989776,0.000000,0.000000,0.000000,1.000000,0
466,369.970700,490.039000,70.001300,171.799988,-0.989776,-0.142629,0.000000,0.142629,-0.989776,0.000000,0.000000,0.000000,1.000000,0
467,369.970700,490.039000,70.001300,171.799988,-0.989776,-0.142629,0.000000,0.142629,-0.989776,0.000000,0.000000,0.000000,1.000000,0
468,339.990200,479.980400,70.001300,175.199982,-0.996493,-0.083678,0.000000,0.083678,-0.996493,0.000000,0.000000,0.000000,1.000000,0
469,339.990200,479.980400,70.001300,175.199982,-0.996493,-0.083678,0.000000,0.083678,-0.996493,0.000000,0.000000,0.000000,1.000000,0
470,339.990200,479.980400,70.001300,175.199982,-0.996493,-0.083678,0.000000,0.083678,-0.996493,0.000000,0.000000,0.000000,1.000000,0
471,310.009800,470.019500,70.001300,178.399994,-0.999610,-0.027922,0.000000,0.027922,-0.999610,0.000000,0.000000,0.000000,1.000000,0
472,310.009800,470.019500,70.001300,178.399994,-0.999610,-0.027922,0.000000,0.027922,-0.999610,0.000000,0.000000,0.000000,1.000000,0
473,310.009800,470.019500,70.001300,178.399994,-0.999610,-0.027922,0.000000,0.027922,-0.999610,0.000000,0.000000,0.000000,1.000000,0
474,310.009800,470.019500,70.001300,178.399994,-0.999610,-0.027922,0.000000,0.027922,-0.999610,0.000000,0.000000,0.000000,1.000000,0
475,279.980500,460.058500,70.001300,-177.200012,-0.998806,0.048850,0.000000,-0.048850,-0.998806,0.000000,0.000000,0.000000,1.000000,0
476,279.980500,460.058500,70.001300,-177.200012,-0.998806,0.048850,0.000000,-0.048850,-0.998806,0.000000,0.000000,0.000000,1.000000,0
477,279.980500,460.058500,70.001300,-177.200012,-0.998806,0.048850,0.000000,-0.048850,-0.998806,0.000000,0.000000,0.000000,1.000000,0
478,250.000000,449.999900,70.001300,-173.100006,-0.992757,0.120137,0.000000,-0.120137,-0.992757,0.000000,0.000000,0.000000,1.000000,0
479,250.000000,449.999900,70.001300,-173.100006,-0.992757,0.120137,0.000000,-0.120137,-0.992757,0.000000,0.000000,0.000000,1.000000,0
480,250.000000,449.999900,70.001300,-173.100006,-0.992757,0.120137,0.000000,-0.120137,-0.992757,0.000000,0.000000,0.000000,1.000000,0
481,239.990200,449.999900,79.998900,-170.200012,-0.985408,0.170209,0.000000,-0.170209,-0.985408,0.000000,0.000000,0.000000,1.000000,0
482,239.990200,449.999900,79.998900,-170.200012,-0.985408,0.170209,0.000000,-0.170209,-0.985408,0.000000,0.000000,0.000000,1.000000,0
483,239.990200,449.999900,79.998900,-170.200012,-0.985408,0.170209,0.000000,-0.170209,-0.985408,0.000000,0.000000,0.000000,1.000000,0
484,239.990200,449.999900,79.998900,-170.200012,-0.985408,0.170209,0.000000,-0.170209,-0.985408,0.000000,0.000000,0.000000,1.000000,0
485,239.990200,449.999900,79.998900,-170.100006,-0.985109,0.171929,0.000000,-0.171929,-0.985109,0.000000,0.000000,0.000000,1.000000,0
486,239.990200,449.999900,79.998900,-170.100006,-0.985109,0.171929,0.000000,-0.171929,-0.985109,0.000000,0.000000,0.000000,1.000000,0
487,239.990200,449.999900,79.998900,-170.100006,-0.985109,0.171929,0.000000,-0.171929,-0.985109,0.000000,0.000000,0.000000,1.000000,0
488,229.980500,449.999900,70.001300,-169.800018,-0.984196,0.177084,0.000000,-0.177084,-0.984196,0.000000,0.000000,0.000000,1.000000,0
489,229.980500,449.999900,70.001300,-169.800018,-0.984196,0.177084,0.000000,-0.177084,-0.984196,0.000000,0.000000,0.000000,1.000000,0
490,229.980500,449.999900,70.001300,-169.800018,-0.984196,0.177084,0.000000,-0.177084,-0.984196,0.000000,0.000000,0.000000,1.000000,0
491,229.980500,449.999900,70.001300,-169.800018,-0.984196,0.177084,0.000000,-0.177084,-0.984196,0.000000,0.000000,0.000000,1.000000,0
492,229.980500,449.999900,70.001300,-169.200012,-0.982287,0.187381,0.000000,-0.187381,-0.982287,0.000000,0.000000,0.000000,1.000000,0
493,229.980500,449.999900,70.001300,-169.200012,-0.982287,0.187381,0.000000,-0.187381,-0.982287,0.000000,0.000000,0.000000,1.000000,0
494,229.980500,449.999900,70.001300,-169.200012,-0.982287,0.187381,0.000000,-0.187381,-0.982287,0.000000,0.000000,0.000000,1.000000,0
495,229.980500,449.999900,79.998900,-169.100006,-0.981959,0.189095,0.000000,-0.189095,-0.981959,0.000000,0.000000,0.000000,1.000000,0
496,229.980500,449.999900,79.998900,-169.100006,-0.981959,0.189095,0.000000,-0.189095,-0.981959,0.000000,0.000000,0.000000,1.000000,0
497,229.980500,449.999900,79.998900,-169.100006,-0.981959,0.189095,0.000000,-0.189095,-0.981959,0.000000,0.000000,0.000000,1.000000,0
498,229.980500,449.999900,79.998900,-169.100006,-0.981959,0.189095,0.000000,-0.189095,-0.981959,0.000000,0.000000,0.000000,1.000000,0
499,229.980500,449.999900,79.998900,-169.100006,-0.981959,0.189095,0.000000,-0.189095,-0.981959,0.000000,0.000000,0.000000,1.000000,0
500,229.980500,449.999900,79.998900,-169.100006,-0.981959,0.189095,0.000000,-0.189095,-0.981959,0.000000,0.000000,0.000000,1.000000,0
501,229.980500,449.999900,79.998900,-169.100006,-0.981959,0.189095,0.000000,-0.189095,-0.981959,0.000000,0.000000,0.000000,1.000000,0
502,229.980500,449.999900,79.998900,-169.100006,-0.981959,0.189095,0.000000,-0.189095,-0.981959,0.000000,0.000000,0.000000,1.000000,0
503,229.980500,449.999900,70.001300,-169.000000,-0.981627,0.190809,0.000000,-0.190809,-0.981627,0.000000,0.000000,0.000000,1.000000,0
504,229.980500,449.999900,70.001300,-169.000000,-0.981627,0.190809,0.000000,-0.190809,-0.981627,0.000000,0.000000,0.000000,1.000000,0
505,229.980500,449.999900,70.001300,-169.000000,-0.981627,0.190809,0.000000,-0.190809,-0.981627,0.000000,0.000000,0.000000,1.000000,0
506,229.980500,449.999900,70.001300,-169.000000,-0.981627,0.190809,0.000000,-0.190809,-0.981627,0.000000,0.000000,0.000000,1.000000,0
507,229.980500,449.999900,70.001300,-169.000000,-0.981627,0.190809,0.000000,-0.190809,-0.981627,0.000000,0.000000,0.000000,1.000000,0
508,229.980500,449.999900,70.001300,-169.000000,-0.981627,0.190809,0.000000,-0.190809,-0.981627,0.000000,0.000000,0.000000,1.000000,0
509,229.980500,449.999900,70.001300,-169.000000,-0.981627,0.190809,0.000000,-0.190809,-0.981627,0.000000,0.000000,0.000000,1.000000,0
510,229.980500,449.999900,79.998900,-168.899994,-0.981293,0.192522,0.000000,-0.192522,-0.981293,0.000000,0.000000,0.000000,1.000000,0
511,229.980500,449.999900,79.998900,-168.899994,-0.981293,0.192522,0.000000,-0.192522,-0.981293,0.000000,0.000000,0.000000,1.000000,0
512,229.980500,449.999900,79.998900,-168.899994,-0.981293,0.192522,0.000000,-0.192522,-0.981293,0.000000,0.000000,0.000000,1.000000,0
513,229.980500,449.999900,79.998900,-168.899994,-0.981293,0.192522,0.000000,-0.192522,-0.981293,0.000000,0.000000,0.000000,1.000000,0
514,229.980500,449.999900,79.998900,-168.899994,-0.981293,0.192522,0.000000,-0.192522,-0.981293,0.000000,0.000000,0.000000,1.000000,0
515,229.980500,449.999900,79.998900,-168.899994,-0.981293,0.192522,0.000000,-0.192522,-0.981293,0.000000,0.000000,0.000000,1.000000,0
516,229.980500,449.999900,79.998900,-168.899994,-0.981293,0.192522,0.000000,-0.192522,-0.981293,0.000000,0.000000,0.000000,1.000000,0
517,229.980500,449.999900,79.998900,-168.899994,-0.981293,0.192522,0.000000,-0.192522,-0.981293,0.000000,0.000000,0.000000,1.000000,0
518,229.980500,449.999900,79.998900,-168.899994,-0.981293,0.192522,0.000000,-0.192522,-0.981293,0.000000,0.000000,0.000000,1.000000,0
519,229.980500,449.999900,79.998900,-168.899994,-0.981293,0.192522,0.000000,-0.192522,-0.981293,0.000000,0.000000,0.000000,1.000000,0
520,229.980500,449.999900,79.998900,-168.899994,-0.981293,0.192522,0.000000,-0.192522,-0.981293,0.000000,0.000000,0.000000,1.000000,0
521,229.980500,449.999900,79.998900,-168.899994,-0.981293,0.192522,0.000000,-0.192522,-0.981293,0.000000,0.000000,0.000000,1.000000,0
522,229.980500,449.999900,79.998900,-168.899994,-0.981293,0.192522,0.000000,-0.192522,-0.981293,0.000000,0.000000,0.000000,1.000000,0
523,250.000000,460.058500,79.998900,-168.800018,-0.980955,0.194234,0.000000,-0.194234,-0.980955,0.000000,0.000000,0.000000,1.000000,0
524,250.000000,460.058500,79.998900,-168.800018,-0.980955,0.194234,0.000000,-0.194234,-0.980955,0.000000,0.000000,0.000000,1.000000,0
525,250.000000,460.058500,79.998900,-168.800018,-0.980955,0.194234,0.000000,-0.194234,-0.980955,0.000000,0.000000,0.000000,1.000000,0
526,269.970700,460.058500,70.001300,-168.399994,-0.979575,0.201078,0.000000,-0.201078,-0.979575,0.000000,0.000000,0.000000,1.000000,0
527,269.970700,460.058500,70.001300,-168.399994,-0.979575,0.201078,0.000000,-0.201078,-0.979575,0.000000,0.000000,0.000000,1.000000,0
528,269.970700,460.058500,70.001300,-168.399994,-0.979575,0.201078,0.000000,-0.201078,-0.979575,0.000000,0.000000,0.000000,1.000000,0
529,269.970700,460.058500,70.001300,-168.399994,-0.979575,0.201078,0.000000,-0.201078,-0.979575,0.000000,0.000000,0.000000,1.000000,0
530,319.970700,470.019500,70.001300,-167.800018,-0.977416,0.211324,0.000000,-0.211324,-0.977416,0.000000,0.000000,0.000000,1.000000,0
531,319.970700,470.019500,70.001300,-167.800018,-0.977416,0.211324,0.000000,-0.211324,-0.977416,0.000000,0.000000,0.000000,1.000000,0
532,319.970700,470.019500,70.001300,-167.800018,-0.977416,0.211324,0.000000,-0.211324,-0.977416,0.000000,0.000000,0.000000,1.000000,0
533,369.970700,479.980400,70.001300,-166.899994,-0.973976,0.226651,0.000000,-0.226651,-0.973976,0.000000,0.000000,0.000000,1.000000,0
534,369.970700,479.980400,70.001300,-166.899994,-0.973976,0.226651,0.000000,-0.226651,-0.973976,0.000000,0.000000,0.000000,1.000000,0
535,369.970700,479.980400,70.001300,-166.899994,-0.973976,0.226651,0.000000,-0.226651,-0.973976,0.000000,0.000000,0.000000,1.000000,0
536,369.970700,479.980400,70.001300,-166.899994,-0.973976,0.226651,0.000000,-0.226651,-0.973976,0.000000,0.000000,0.000000,1.000000,0
537,429.980500,490.039000,59.991600,-166.000000,-0.970296,0.241922,0.000000,-0.241922,-0.970296,0.000000,0.000000,0.000000,1.000000,0
538,429.980500,490.039000,59.991600,-166.000000,-0.970296,0.241922,0.000000,-0.241922,-0.970296,0.000000,0.000000,0.000000,1.000000,0
539,429.980500,490.039000,59.991600,-166.000000,-0.970296,0.241922,0.000000,-0.241922,-0.970296,0.000000,0.000000,0.000000,1.000000,0
540,510.009800,510.058500,59.991600,-164.800003,-0.965016,0.262189,0.000000,-0.262189,-0.965016,0.000000,0.000000,0.000000,1.000000,0
541,510.009800,510.058500,59.991600,-164.800003,-0.965016,0.262189,0.000000,-0.262189,-0.965016,0.000000,0.000000,0.000000,1.000000,0
542,510.009800,510.058500,59.991600,-164.800003,-0.965016,0.262189,0.000000,-0.262189,-0.965016,0.000000,0.000000,0.000000,1.000000,0
543,619.970700,529.980400,49.994000,-163.199997,-0.957319,0.289032,0.000000,-0.289032,-0.957319,0.000000,0.000000,0.000000,1.000000,0
544,929.980500,620.019500,39.996400,-157.400009,-0.923210,0.384295,0.000000,-0.384295,-0.923210,0.000000,0.000000,0.000000,1.000000,0
545,929.980500,620.019500,39.996400,-157.400009,-0.923210,0.384295,0.000000,-0.384295,-0.923210,0.000000,0.000000,0.000000,1.000000,0
546,929.980500,620.019500,39.996400,-157.400009,-0.923210,0.384295,0.000000,-0.384295,-0.923210,0.000000,0.000000,0.000000,1.000000,0
547,929.980500,620.019500,39.996400,-157.400009,-0.923210,0.384295,0.000000,-0.384295,-0.923210,0.000000,0.000000,0.000000,1.000000,0
548,929.980500,620.019500,39.996400,-157.400009,-0.923210,0.384295,0.000000,-0.384295,-0.923210,0.000000,0.000000,0.000000,1.000000,0
549,929.980500,620.019500,39.996400,-157.400009,-0.923210,0.384295,0.000000,-0.384295,-0.923210,0.000000,0.000000,0.000000,1.000000,0
550,929.980500,620.019500,39.996400,-157.300003,-0.922538,0.385906,0.000000,-0.385906,-0.922538,0.000000,0.000000,0.000000,1.000000,0
551,929.980500,620.019500,39.996400,-157.300003,-0.922538,0.385906,0.000000,-0.385906,-0.922538,0.000000,0.000000,0.000000,1.000000,0
552,929.980500,620.019500,39.996400,-157.300003,-0.922538,0.385906,0.000000,-0.385906,-0.922538,0.000000,0.000000,0.000000,1.000000,0
553,919.970700,620.019500,39.996400,-156.800003,-0.919135,0.393942,0.000000,-0.393942,-0.919135,0.000000,0.000000,0.000000,1.000000,0
554,919.970700,620.019500,39.996400,-156.800003,-0.919135,0.393942,0.000000,-0.393942,-0.919135,0.000000,0.000000,0.000000,1.000000,0
555,919.970700,620.019500,39.996400,-156.800003,-0.919135,0.393942,0.000000,-0.393942,-0.919135,0.000000,0.000000,0.000000,1.000000,0
556,919.970700,620.019500,39.996400,-156.800003,-0.919135,0.393942,0.000000,-0.393942,-0.919135,0.000000,0.000000,0.000000,1.000000,0
557,910.009800,610.058500,39.996400,-156.100006,-0.914254,0.405142,0.000000,-0.405142,-0.914254,0.000000,0.000000,0.000000,1.000000,0
558,910.009800,610.058500,39.996400,-156.100006,-0.914254,0.405142,0.000000,-0.405142,-0.914254,0.000000,0.000000,0.000000,1.000000,0
559,910.009800,610.058500,39.996400,-156.100006,-0.914254,0.405142,0.000000,-0.405142,-0.914254,0.000000,0.000000,0.000000,1.000000,0
560,900.000000,610.058500,39.996400,-155.199997,-0.907777,0.419452,0.000000,-0.419452,-0.907777,0.000000,0.000000,0.000000,1.000000,0
561,900.000000,610.058500,39.996400,-155.199997,-0.907777,0.419452,0.000000,-0.419452,-0.907777,0.000000,0.000000,0.000000,1.000000,0
562,900.000000,610.058500,39.996400,-155.199997,-0.907777,0.419452,0.000000,-0.419452,-0.907777,0.000000,0.000000,0.000000,1.000000,0
563,900.000000,610.058500,39.996400,-155.199997,-0.907777,0.419452,0.000000,-0.419452,-0.907777,0.000000,0.000000,0.000000,1.000000,0
564,900.000000,610.058500,39.996400,-155.199997,-0.907777,0.419452,0.000000,-0.419452,-0.907777,0.000000,0.000000,0.000000,1.000000,0
565,889.990200,590.039000,39.996400,-153.800003,-0.897258,0.441506,0.000000,-0.441506,-0.897258,0.000000,0.000000,0.000000,1.000000,0
566,889.990200,590.039000,39.996400,-153.800003,-0.897258,0.441506,0.000000,-0.441506,-0.897258,0.000000,0.000000,0.000000,1.000000,0
567,889.990200,590.039000,39.996400,-153.800003,-0.897258,0.441506,0.000000,-0.441506,-0.897258,0.000000,0.000000,0.000000,1.000000,0
568,869.970700,579.980400,39.996400,-152.199997,-0.884581,0.466387,0.000000,-0.466387,-0.884581,0.000000,0.000000,0.000000,1.000000,0
569,869.970700,579.980400,39.996400,-152.199997,-0.884581,0.466387,0.000000,-0.466387,-0.884581,0.000000,0.000000,0.000000,1.000000,0
570,869.970700,579.980400,39.996400,-152.199997,-0.884581,0.466387,0.000000,-0.466387,-0.884581,0.000000,0.000000,0.000000,1.000000,0
571,850.000000,570.019500,39.996400,-150.300003,-0.868632,0.495459,0.000000,-0.495459,-0.868632,0.000000,0.000000,0.000000,1.000000,0
572,850.000000,570.019500,39.996400,-150.300003,-0.868632,0.495459,0.000000,-0.495459,-0.868632,0.000000,0.000000,0.000000,1.000000,0
573,850.000000,570.019500,39.996400,-150.300003,-0.868632,0.495459,0.000000,-0.495459,-0.868632,0.000000,0.000000,0.000000,1.000000,0
574,850.000000,570.019500,39.996400,-150.300003,-0.868632,0.495459,0.000000,-0.495459,-0.868632,0.000000,0.000000,0.000000,1.000000,0
575,829.980500,549.999900,49.994000,-148.199997,-0.849893,0.526956,0.000000,-0.526956,-0.849893,0.000000,0.000000,0.000000,1.000000,0
576,829.980500,549.999900,49.994000,-148.199997,-0.849893,0.526956,0.000000,-0.526956,-0.849893,0.000000,0.000000,0.000000,1.000000,0
577,829.980500,549.999900,49.994000,-148.199997,-0.849893,0.526956,0.000000,-0.526956,-0.849893,0.000000,0.000000,0.000000,1.000000,0
578,810.009800,529.980400,49.994000,-145.500000,-0.824126,0.566406,0.000000,-0.566406,-0.824126,0.000000,0.000000,0.000000,1.000000,0
579,810.009800,529.980400,49.994000,-145.500000,-0.824126,0.566406,0.000000,-0.566406,-0.824126,0.000000,0.000000,0.000000,1.000000,0
580,810.009800,529.980400,49.994000,-145.500000,-0.824126,0.566406,0.000000,-0.566406,-0.824126,0.000000,0.000000,0.000000,1.000000,0
581,810.009800,529.980400,49.994000,-145.500000,-0.824126,0.566406,0.000000,-0.566406,-0.824126,0.000000,0.000000,0.000000,1.000000,0
582,789.990200,510.058500,49.994000,-142.900009,-0.797584,0.603208,0.000000,-0.603208,-0.797584,0.000000,0.000000,0.000000,1.000000,0
583,789.990200,510.058500,49.994000,-142.900009,-0.797584,0.603208,0.000000,-0.603208,-0.797584,0.000000,0.000000,0.000000,1.000000,0
584,789.990200,510.058500,49.994000,-142.900009,-0.797584,0.603208,0.000000,-0.603208,-0.797584,0.000000,0.000000,0.000000,1.000000,0
585,769.970700,479.980400,49.994000,-140.400009,-0.770513,0.637424,0.000000,-0.637424,-0.770513,0.000000,0.000000,0.000000,1.000000,0
586,769.970700,479.980400,49.994000,-140.400009,-0.770513,0.637424,0.000000,-0.637424,-0.770513,0.000000,0.000000,0.000000,1.000000,0
587,769.970700,479.980400,49.994000,-140.400009,-0.770513,0.637424,0.000000,-0.637424,-0.770513,0.000000,0.000000,0.000000,1.000000,0
588,769.970700,479.980400,49.994000,-140.400009,-0.770513,0.637424,0.000000,-0.637424,-0.770513,0.000000,0.000000,0.000000,1.000000,0
589,739.990200,449.999900,49.994000,-137.500000,-0.737277,0.675590,0.000000,-0.675590,-0.737277,0.000000,0.000000,0.000000,1.000000,0
590,739.990200,449.999900,49.994000,-137.500000,-0.737277,0.675590,0.000000,-0.675590,-0.737277,0.000000,0.000000,0.000000,1.000000,0
591,739.990200,449.999900,49.994000,-137.500000,-0.737277,0.675590,0.000000,-0.675590,-0.737277,0.000000,0.000000,0.000000,1.000000,0
592,739.990200,449.999900,49.994000,-137.500000,-0.737277,0.675590,0.000000,-0.675590,-0.737277,0.000000,0.000000,0.000000,1.000000,0
593,710.009800,410.058500,49.994000,-134.800003,-0.704634,0.709571,0.000000,-0.709571,-0.704634,0.000000,0.000000,0.000000,1.000000,0
594,710.009800,410.058500,49.994000,-134.800003,-0.704634,0.709571,0.000000,-0.709571,-0.704634,0.000000,0.000000,0.000000,1.000000,0
595,710.009800,410.058500,49.994000,-134.800003,-0.704634,0.709571,0.000000,-0.709571,-0.704634,0.000000,0.000000,0.000000,1.000000,0
596,679.980500,360.058500,49.994000,-131.500000,-0.662620,0.748956,0.000000,-0.748956,-0.662620,0.000000,0.000000,0.000000,1.000000,0
597,679.980500,360.058500,49.994000,-131.500000,-0.662620,0.748956,0.000000,-0.748956,-0.662620,0.000000,0.000000,0.000000,1.000000,0
598,679.980500,360.058500,49.994000,-131.500000,-0.662620,0.748956,0.000000,-0.748956,-0.662620,0.000000,0.000000,0.000000,1.000000,0
599,679.980500,360.058500,49.994000,-131.500000,-0.662620,0.748956,0.000000,-0.748956,-0.662620,0.000000,0.000000,0.000000,1.000000,0
600,650.000000,320.019500,59.991600,-127.800003,-0.612907,0.790155,0.000000,-0.790155,-0.612907,0.000000,0.000000,0.000000,1.000000,0
601,650.000000,320.019500,59.991600,-127.800003,-0.612907,0.790155,0.000000,-0.790155,-0.612907,0.000000,0.000000,0.000000,1.000000,0
602,650.000000,320.019500,59.991600,-127.800003,-0.612907,0.790155,0.000000,-0.790155,-0.612907,0.000000,0.000000,0.000000,1.000000,0
603,619.970700,260.058500,59.991600,-123.000000,-0.544639,0.838671,0.000000,-0.838671,-0.544639,0.000000,0.000000,0.000000,1.000000,0
604,619.970700,260.058500,59.991600,-123.000000,-0.544639,0.838671,0.000000,-0.838671,-0.544639,0.000000,0.000000,0.000000,1.000000,0
605,619.970700,260.058500,59.991600,-123.000000,-0.544639,0.838671,0.000000,-0.838671,-0.544639,0.000000,0.000000,0.000000,1.000000,0
606,600.000000,199.999900,59.991600,-118.600006,-0.478692,0.877983,0.000000,-0.877983,-0.478692,0.000000,0.000000,0.000000,1.000000,0
607,600.000000,199.999900,59.991600,-118.600006,-0.478692,0.877983,0.000000,-0.877983,-0.478692,0.000000,0.000000,0.000000,1.000000,0
608,600.000000,199.999900,59.991600,-118.600006,-0.478692,0.877983,0.000000,-0.877983,-0.478692,0.000000,0.000000,0.000000,1.000000,0
609,600.000000,199.999900,59.991600,-118.600006,-0.478692,0.877983,0.000000,-0.877983,-0.478692,0.000000,0.000000,0.000000,1.000000,0
610,569.970700,129.980400,59.991600,-113.699997,-0.401948,0.915663,0.000000,-0.915663,-0.401948,0.000000,0.000000,0.000000,1.000000,0
611,569.970700,129.980400,59.991600,-113.699997,-0.401948,0.915663,0.000000,-0.915663,-0.401948,0.000000,0.000000,0.000000,1.000000,0
612,569.970700,129.980400,59.991600,-113.699997,-0.401948,0.915663,0.000000,-0.915663,-0.401948,0.000000,0.000000,0.000000,1.000000,0
613,569.970700,129.980400,59.991600,-113.699997,-0.401948,0.915663,0.000000,-0.915663,-0.401948,0.000000,0.000000,0.000000,1.000000,0
614,550.000000,49.999900,59.991600,-110.400009,-0.348572,0.937282,0.000000,-0.937282,-0.348572,0.000000,0.000000,0.000000,1.000000,0
615,550.000000,49.999900,59.991600,-110.400009,-0.348572,0.937282,0.000000,-0.937282,-0.348572,0.000000,0.000000,0.000000,1.000000,0
616,550.000000,49.999900,59.991600,-110.400009,-0.348572,0.937282,0.000000,-0.937282,-0.348572,0.000000,0.000000,0.000000,1.000000,0
617,529.980500,-20.019600,70.001300,-109.400009,-0.332161,0.943223,0.000000,-0.943223,-0.332161,0.000000,0.000000,0.000000,1.000000,0
618,529.980500,-20.019600,70.001300,-109.400009,-0.332161,0.943223,0.000000,-0.943223,-0.332161,0.000000,0.000000,0.000000,1.000000,0
619,529.980500,-20.019600,70.001300,-109.400009,-0.332161,0.943223,0.000000,-0.943223,-0.332161,0.000000,0.000000,0.000000,1.000000,0
620,500.000000,-109.961000,70.001300,-109.300003,-0.330514,0.943801,0.000000,-0.943801,-0.330514,0.000000,0.000000,0.000000,1.000000,0
621,500.000000,-109.961000,70.001300,-109.300003,-0.330514,0.943801,0.000000,-0.943801,-0.330514,0.000000,0.000000,0.000000,1.000000,0
622,500.000000,-109.961000,70.001300,-109.300003,-0.330514,0.943801,0.000000,-0.943801,-0.330514,0.000000,0.000000,0.000000,1.000000,0
623,500.000000,-109.961000,70.001300,-109.300003,-0.330514,0.943801,0.000000,-0.943801,-0.330514,0.000000,0.000000,0.000000,1.000000,0
624,460.009800,-209.961000,70.001300,-109.600006,-0.335452,0.942057,0.000000,-0.942057,-0.335452,0.000000,0.000000,0.000000,1.000000,0
625,460.009800,-209.961000,70.001300,-109.600006,-0.335452,0.942057,0.000000,-0.942057,-0.335452,0.000000,0.000000,0.000000,1.000000,0
626,460.009800,-209.961000,70.001300,-109.600006,-0.335452,0.942057,0.000000,-0.942057,-0.335452,0.000000,0.000000,0.000000,1.000000,0
627,419.970700,-300.000100,70.001300,-110.000000,-0.342020,0.939693,0.000000,-0.939693,-0.342020,0.000000,0.000000,0.000000,1.000000,0
628,419.970700,-300.000100,70.001300,-110.000000,-0.342020,0.939693,0.000000,-0.939693,-0.342020,0.000000,0.000000,0.000000,1.000000,0
629,419.970700,-300.000100,70.001300,-110.000000,-0.342020,0.939693,0.000000,-0.939693,-0.342020,0.000000,0.000000,0.000000,1.000000,0
630,389.990200,-400.000100,79.998900,-110.000000,-0.342020,0.939693,0.000000,-0.939693,-0.342020,0.000000,0.000000,0.000000,1.000000,0
631,389.990200,-400.000100,79.998900,-110.000000,-0.342020,0.939693,0.000000,-0.939693,-0.342020,0.000000,0.000000,0.000000,1.000000,0
632,389.990200,-400.000100,79.998900,-110.000000,-0.342020,0.939693,0.000000,-0.939693,-0.342020,0.000000,0.000000,0.000000,1.000000,0
633,389.990200,-400.000100,79.998900,-110.000000,-0.342020,0.939693,0.000000,-0.939693,-0.342020,0.000000,0.000000,0.000000,1.000000,0
634,360.009800,-500.000100,79.998900,-109.199997,-0.328867,0.944376,0.000000,-0.944376,-0.328867,0.000000,0.000000,0.000000,1.000000,0
635,360.009800,-500.000100,79.998900,-109.199997,-0.328867,0.944376,0.000000,-0.944376,-0.328867,0.000000,0.000000,0.000000,1.000000,0
636,360.009800,-500.000100,79.998900,-109.199997,-0.328867,0.944376,0.000000,-0.944376,-0.328867,0.000000,0.000000,0.000000,1.000000,0
637,329.980500,-600.000100,89.996400,-107.600006,-0.302370,0.953191,0.000000,-0.953191,-0.302370,0.000000,0.000000,0.000000,1.000000,0
638,329.980500,-600.000100,89.996400,-107.600006,-0.302370,0.953191,0.000000,-0.953191,-0.302370,0.000000,0.000000,0.000000,1.000000,0
639,329.980500,-600.000100,89.996400,-107.600006,-0.302370,0.953191,0.000000,-0.953191,-0.302370,0.000000,0.000000,0.000000,1.000000,0
640,329.980500,-600.000100,89.996400,-107.600006,-0.302370,0.953191,0.000000,-0.953191,-0.302370,0.000000,0.000000,0.000000,1.000000,0
641,300.000000,-700.000100,99.994000,-105.300003,-0.263873,0.964557,0.000000,-0.964557,-0.263873,0.000000,0.000000,0.000000,1.000000,0
642,300.000000,-700.000100,99.994000,-105.300003,-0.263873,0.964557,0.000000,-0.964557,-0.263873,0.000000,0.000000,0.000000,1.000000,0
643,300.000000,-700.000100,99.994000,-105.300003,-0.263873,0.964557,0.000000,-0.964557,-0.263873,0.000000,0.000000,0.000000,1.000000,0
644,279.980500,-809.961000,99.994000,-102.400009,-0.214735,0.976672,0.000000,-0.976672,-0.214735,0.000000,0.000000,0.000000,1.000000,0
645,279.980500,-809.961000,99.994000,-102.400009,-0.214735,0.976672,0.000000,-0.976672,-0.214735,0.000000,0.000000,0.000000,1.000000,0
646,279.980500,-809.961000,99.994000,-102.400009,-0.214735,0.976672,0.000000,-0.976672,-0.214735,0.000000,0.000000,0.000000,1.000000,0
647,279.980500,-809.961000,99.994000,-102.400009,-0.214735,0.976672,0.000000,-0.976672,-0.214735,0.000000,0.000000,0.000000,1.000000,0
648,269.970700,-900.000100,99.994000,-99.500000,-0.165048,0.986286,0.000000,-0.986286,-0.165048,0.000000,0.000000,0.000000,1.000000,0
649,269.970700,-900.000100,99.994000,-99.500000,-0.165048,0.986286,0.000000,-0.986286,-0.165048,0.000000,0.000000,0.000000,1.000000,0
650,269.970700,-900.000100,99.994000,-99.500000,-0.165048,0.986286,0.000000,-0.986286,-0.165048,0.000000,0.000000,0.000000,1.000000,0
651,260.009800,-1009.961000,99.994000,-97.000000,-0.121869,0.992546,0.000000,-0.992546,-0.121869,0.000000,0.000000,0.000000,1.000000,0
652,260.009800,-1009.961000,99.994000,-97.000000,-0.121869,0.992546,0.000000,-0.992546,-0.121869,0.000000,0.000000,0.000000,1.000000,0
653,260.009800,-1009.961000,99.994000,-97.000000,-0.121869,0.992546,0.000000,-0.992546,-0.121869,0.000000,0.000000,0.000000,1.000000,0
654,260.009800,-1009.961000,99.994000,-97.000000,-0.121869,0.992546,0.000000,-0.992546,-0.121869,0.000000,0.000000,0.000000,1.000000,0
655,250.000000,-1100.000100,109.991600,-96.300003,-0.109734,0.993961,0.000000,-0.993961,-0.109734,0.000000,0.000000,0.000000,1.000000,0
656,250.000000,-1100.000100,109.991600,-96.300003,-0.109734,0.993961,0.000000,-0.993961,-0.109734,0.000000,0.000000,0.000000,1.000000,0
657,250.000000,-1100.000100,109.991600,-96.300003,-0.109734,0.993961,0.000000,-0.993961,-0.109734,0.000000,0.000000,0.000000,1.000000,0
658,239.990200,-1189.941500,109.991600,-96.699997,-0.116671,0.993171,0.000000,-0.993171,-0.116671,0.000000,0.000000,0.000000,1.000000,0
659,239.990200,-1189.941500,109.991600,-96.699997,-0.116671,0.993171,0.000000,-0.993171,-0.116671,0.000000,0.000000,0.000000,1.000000,0
660,239.990200,-1189.941500,109.991600,-96.699997,-0.116671,0.993171,0.000000,-0.993171,-0.116671,0.000000,0.000000,0.000000,1.000000,0
661,239.990200,-1189.941500,109.991600,-96.699997,-0.116671,0.993171,0.000000,-0.993171,-0.116671,0.000000,0.000000,0.000000,1.000000,0
662,219.970700,-1289.941500,109.991600,-99.100006,-0.158158,0.987414,0.000000,-0.987414,-0.158158,0.000000,0.000000,0.000000,1.000000,0
663,219.970700,-1289.941500,109.991600,-99.100006,-0.158158,0.987414,0.000000,-0.987414,-0.158158,0.000000,0.000000,0.000000,1.000000,0
664,219.970700,-1289.941500,109.991600,-99.100006,-0.158158,0.987414,0.000000,-0.987414,-0.158158,0.000000,0.000000,0.000000,1.000000,0
665,189.990200,-1379.980500,109.991600,-103.500000,-0.233445,0.972370,0.000000,-0.972370,-0.233445,0.000000,0.000000,0.000000,1.000000,0
666,189.990200,-1379.980500,109.991600,-103.500000,-0.233445,0.972370,0.000000,-0.972370,-0.233445,0.000000,0.000000,0.000000,1.000000,0
667,189.990200,-1379.980500,109.991600,-103.500000,-0.233445,0.972370,0.000000,-0.972370,-0.233445,0.000000,0.000000,0.000000,1.000000,0
668,150.000000,-1479.980500,120.001300,-112.900009,-0.389124,0.921185,0.000000,-0.921185,-0.389124,0.000000,0.000000,0.000000,1.000000,0
669,150.000000,-1479.980500,120.001300,-112.900009,-0.389124,0.921185,0.000000,-0.921185,-0.389124,0.000000,0.000000,0.000000,1.000000,0
670,150.000000,-1479.980500,120.001300,-112.900009,-0.389124,0.921185,0.000000,-0.921185,-0.389124,0.000000,0.000000,0.000000,1.000000,0
671,150.000000,-1479.980500,120.001300,-112.900009,-0.389124,0.921185,0.000000,-0.921185,-0.389124,0.000000,0.000000,0.000000,1.000000,0
672,100.000000,-1559.961000,120.001300,-117.300003,-0.458650,0.888617,0.000000,-0.888617,-0.458650,0.000000,0.000000,0.000000,1.000000,0
673,100.000000,-1559.961000,120.001300,-117.300003,-0.458650,0.888617,0.000000,-0.888617,-0.458650,0.000000,0.000000,0.000000,1.000000,0
674,100.000000,-1559.961000,120.001300,-117.300003,-0.458650,0.888617,0.000000,-0.888617,-0.458650,0.000000,0.000000,0.000000,1.000000,0
675,69.970700,-1629.980500,120.001300,-116.400009,-0.444635,0.895712,0.000000,-0.895712,-0.444635,0.000000,0.000000,0.000000,1.000000,0
676,69.970700,-1629.980500,120.001300,-116.400009,-0.444635,0.895712,0.000000,-0.895712,-0.444635,0.000000,0.000000,0.000000,1.000000,0
677,69.970700,-1629.980500,120.001300,-116.400009,-0.444635,0.895712,0.000000,-0.895712,-0.444635,0.000000,0.000000,0.000000,1.000000,0
678,69.970700,-1629.980500,120.001300,-116.400009,-0.444635,0.895712,0.000000,-0.895712,-0.444635,0.000000,0.000000,0.000000,1.000000,0
679,60.009800,-1679.980500,120.001300,-111.100006,-0.359997,0.932953,0.000000,-0.932953,-0.359997,0.000000,0.000000,0.000000,1.000000,0
680,60.009800,-1679.980500,120.001300,-111.100006,-0.359997,0.932953,0.000000,-0.932953,-0.359997,0.000000,0.000000,0.000000,1.000000,0
681,60.009800,-1679.980500,120.001300,-111.100006,-0.359997,0.932953,0.000000,-0.932953,-0.359997,0.000000,0.000000,0.000000,1.000000,0
682,50.000000,-1720.019600,120.001300,-109.699997,-0.337095,0.941471,0.000000,-0.941471,-0.337095,0.000000,0.000000,0.000000,1.000000,0
683,50.000000,-1720.019600,120.001300,-109.699997,-0.337095,0.941471,0.000000,-0.941471,-0.337095,0.000000,0.000000,0.000000,1.000000,0
684,50.000000,-1720.019600,120.001300,-109.699997,-0.337095,0.941471,0.000000,-0.941471,-0.337095,0.000000,0.000000,0.000000,1.000000,0
685,50.000000,-1720.019600,120.001300,-109.699997,-0.337095,0.941471,0.000000,-0.941471,-0.337095,0.000000,0.000000,0.000000,1.000000,0
686,29.980500,-1750.000100,120.001300,-110.100006,-0.343660,0.939094,0.000000,-0.939094,-0.343660,0.000000,0.000000,0.000000,1.000000,0
687,29.980500,-1750.000100,120.001300,-110.100006,-0.343660,0.939094,0.000000,-0.939094,-0.343660,0.000000,0.000000,0.000000,1.000000,0
688,29.980500,-1750.000100,120.001300,-110.100006,-0.343660,0.939094,0.000000,-0.939094,-0.343660,0.000000,0.000000,0.000000,1.000000,0
689,29.980500,-1779.980500,120.001300,-108.100006,-0.310677,0.950516,0.000000,-0.950516,-0.310677,0.000000,0.000000,0.000000,1.000000,0
690,29.980500,-1779.980500,120.001300,-108.100006,-0.310677,0.950516,0.000000,-0.950516,-0.310677,0.000000,0.000000,0.000000,1.000000,0
691,29.980500,-1779.980500,120.001300,-108.100006,-0.310677,0.950516,0.000000,-0.950516,-0.310677,0.000000,0.000000,0.000000,1.000000,0
692,29.980500,-1779.980500,120.001300,-108.100006,-0.310677,0.950516,0.000000,-0.950516,-0.310677,0.000000,0.000000,0.000000,1.000000,0
693,29.980500,-1809.961000,120.001300,-105.000000,-0.258819,0.965926,0.000000,-0.965926,-0.258819,0.000000,0.000000,0.000000,1.000000,0
694,29.980500,-1809.961000,120.001300,-105.000000,-0.258819,0.965926,0.000000,-0.965926,-0.258819,0.000000,0.000000,0.000000,1.000000,0
695,29.980500,-1809.961000,120.001300,-105.000000,-0.258819,0.965926,0.000000,-0.965926,-0.258819,0.000000,0.000000,0.000000,1.000000,0
696,29.980500,-1829.980500,120.001300,-102.400009,-0.214735,0.976672,0.000000,-0.976672,-0.214735,0.000000,0.000000,0.000000,1.000000,0
697,29.980500,-1829.980500,120.001300,-102.400009,-0.214735,0.976672,0.000000,-0.976672,-0.214735,0.000000,0.000000,0.000000,1.000000,0
698,29.980500,-1829.980500,120.001300,-102.400009,-0.214735,0.976672,0.000000,-0.976672,-0.214735,0.000000,0.000000,0.000000,1.000000,0
699,29.980500,-1829.980500,120.001300,-102.400009,-0.214735,0.976672,0.000000,-0.976672,-0.214735,0.000000,0.000000,0.000000,1.000000,0
700,29.980500,-1850.000100,120.001300,-100.300003,-0.178802,0.983885,0.000000,-0.983885,-0.178802,0.000000,0.000000,0.000000,1.000000,0
701,29.980500,-1850.000100,120.001300,-100.300003,-0.178802,0.983885,0.000000,-0.983885,-0.178802,0.000000,0.000000,0.000000,1.000000,0
702,29.980500,-1850.000100,120.001300,-100.300003,-0.178802,0.983885,0.000000,-0.983885,-0.178802,0.000000,0.000000,0.000000,1.000000,0
703,39.990200,-1859.961000,120.001300,-98.699997,-0.151261,0.988494,0.000000,-0.988494,-0.151261,0.000000,0.000000,0.000000,1.000000,0
704,39.990200,-1859.961000,120.001300,-98.699997,-0.151261,0.988494,0.000000,-0.988494,-0.151261,0.000000,0.000000,0.000000,1.000000,0
705,39.990200,-1859.961000,120.001300,-98.699997,-0.151261,0.988494,0.000000,-0.988494,-0.151261,0.000000,0.000000,0.000000,1.000000,0
706,39.990200,-1870.019600,120.001300,-97.400009,-0.128796,0.991671,0.000000,-0.991671,-0.128796,0.000000,0.000000,0.000000,1.000000,0
707,39.990200,-1870.019600,120.001300,-97.400009,-0.128796,0.991671,0.000000,-0.991671,-0.128796,0.000000,0.000000,0.000000,1.000000,0
708,39.990200,-1870.019600,120.001300,-97.400009,-0.128796,0.991671,0.000000,-0.991671,-0.128796,0.000000,0.000000,0.000000,1.000000,0
709,39.990200,-1870.019600,120.001300,-97.400009,-0.128796,0.991671,0.000000,-0.991671,-0.128796,0.000000,0.000000,0.000000,1.000000,0
710,39.990200,-1870.019600,120.001300,-97.400009,-0.128796,0.991671,0.000000,-0.991671,-0.128796,0.000000,0.000000,0.000000,1.000000,0
711,39.990200,-1870.019600,120.001300,-97.400009,-0.128796,0.991671,0.000000,-0.991671,-0.128796,0.000000,0.000000,0.000000,1.000000,0
