step_idx	elapsed_s	sensor_idx	sensor_label	raw_cm	mask_hit	sensor_world_x_cm	sensor_world_y_cm	sensor_cell_x	sensor_cell_y	rover_x_cm	rover_y_cm	rover_heading_deg
7	2.344	0	front_left_wheel_hub_yaw_p30	0.000	0	-2472.534	-8217.119	108	98	-2710.010	-7959.961	-91.700
8	2.635	0	front_left_wheel_hub_yaw_p30	0.000	0	-2472.534	-8217.119	108	98	-2710.010	-7959.961	-91.700
9	2.919	0	front_left_wheel_hub_yaw_p30	0.000	0	-2472.534	-8217.119	108	98	-2710.010	-7959.961	-91.700
14	4.420	0	front_left_wheel_hub_yaw_p30	0.000	0	-2478.888	-8232.903	108	98	-2710.010	-7970.020	-93.100
15	4.696	0	front_left_wheel_hub_yaw_p30	0.000	0	-2478.888	-8232.903	108	98	-2710.010	-7970.020	-93.100
16	4.975	0	front_left_wheel_hub_yaw_p30	0.000	0	-2478.888	-8232.903	108	98	-2710.010	-7970.020	-93.100
17	5.253	0	front_left_wheel_hub_yaw_p30	0.000	0	-2494.454	-8247.647	108	98	-2720.020	-7979.980	-94.300
18	5.554	0	front_left_wheel_hub_yaw_p30	0.000	0	-2494.454	-8247.647	108	98	-2720.020	-7979.980	-94.300
19	5.841	0	front_left_wheel_hub_yaw_p30	0.000	0	-2494.454	-8247.647	108	98	-2720.020	-7979.980	-94.300
20	6.124	0	front_left_wheel_hub_yaw_p30	0.000	0	-2494.454	-8247.647	108	98	-2720.020	-7979.980	-94.300
27	8.149	0	front_left_wheel_hub_yaw_p30	0.000	1	-2539.612	-8307.028	107	97	-2739.990	-8020.020	-99.500
28	8.497	0	front_left_wheel_hub_yaw_p30	0.000	0	-2539.612	-8307.028	107	97	-2739.990	-8020.020	-99.500
29	8.780	0	front_left_wheel_hub_yaw_p30	0.000	0	-2539.612	-8307.028	107	97	-2739.990	-8020.020	-99.500
30	9.073	0	front_left_wheel_hub_yaw_p30	0.000	0	-2539.612	-8307.028	107	97	-2739.990	-8020.020	-99.500
37	11.210	0	front_left_wheel_hub_yaw_p30	0.000	0	-2610.447	-8381.567	105	95	-2770.020	-8070.020	-107.300
38	11.505	0	front_left_wheel_hub_yaw_p30	0.000	0	-2610.447	-8381.567	105	95	-2770.020	-8070.020	-107.300
39	11.800	0	front_left_wheel_hub_yaw_p30	0.000	0	-2610.447	-8381.567	105	95	-2770.020	-8070.020	-107.300
40	12.081	0	front_left_wheel_hub_yaw_p30	0.000	0	-2610.447	-8381.567	105	95	-2770.020	-8070.020	-107.300
41	12.399	0	front_left_wheel_hub_yaw_p30	0.000	0	-2619.913	-8411.268	105	94	-2780.029	-8100.000	-107.200
42	12.685	0	front_left_wheel_hub_yaw_p30	0.000	0	-2619.913	-8411.268	105	94	-2780.029	-8100.000	-107.200
43	12.972	0	front_left_wheel_hub_yaw_p30	0.000	0	-2619.913	-8411.268	105	94	-2780.029	-8100.000	-107.200
44	13.264	0	front_left_wheel_hub_yaw_p30	0.000	0	-2609.681	-8425.808	106	94	-2780.029	-8120.020	-105.300
45	13.580	0	front_left_wheel_hub_yaw_p30	0.000	0	-2609.681	-8425.808	106	94	-2780.029	-8120.020	-105.300
46	13.896	0	front_left_wheel_hub_yaw_p30	0.000	0	-2609.681	-8425.808	106	94	-2780.029	-8120.020	-105.300
47	14.210	0	front_left_wheel_hub_yaw_p30	0.000	0	-2599.113	-8429.637	106	94	-2780.029	-8129.980	-103.300
48	14.507	0	front_left_wheel_hub_yaw_p30	0.000	0	-2599.113	-8429.637	106	94	-2780.029	-8129.980	-103.300
49	14.789	0	front_left_wheel_hub_yaw_p30	0.000	0	-2599.113	-8429.637	106	94	-2780.029	-8129.980	-103.300
50	15.105	0	front_left_wheel_hub_yaw_p30	0.000	0	-2599.113	-8429.637	106	94	-2780.029	-8129.980	-103.300
51	15.409	0	front_left_wheel_hub_yaw_p30	0.000	0	-2592.361	-8435.417	106	94	-2780.029	-8139.942	-102.000
52	15.705	0	front_left_wheel_hub_yaw_p30	0.000	0	-2592.361	-8435.417	106	94	-2780.029	-8139.942	-102.000
53	15.988	0	front_left_wheel_hub_yaw_p30	0.000	0	-2592.361	-8435.417	106	94	-2780.029	-8139.942	-102.000
58	17.462	0	front_left_wheel_hub_yaw_p30	0.000	0	-2574.681	-8450.422	106	94	-2770.020	-8159.961	-100.500
59	17.775	0	front_left_wheel_hub_yaw_p30	0.000	1	-2574.681	-8450.422	106	94	-2770.020	-8159.961	-100.500
60	18.057	0	front_left_wheel_hub_yaw_p30	0.000	1	-2574.681	-8450.422	106	94	-2770.020	-8159.961	-100.500
61	18.407	0	front_left_wheel_hub_yaw_p30	0.000	1	-2573.668	-8449.739	106	94	-2770.020	-8159.961	-100.300
62	18.691	0	front_left_wheel_hub_yaw_p30	0.000	1	-2573.668	-8449.739	106	94	-2770.020	-8159.961	-100.300
63	18.987	0	front_left_wheel_hub_yaw_p30	0.000	1	-2573.668	-8449.739	106	94	-2770.020	-8159.961	-100.300
64	19.266	0	front_left_wheel_hub_yaw_p30	0.000	1	-2574.681	-8450.422	106	94	-2770.020	-8159.961	-100.500
65	19.599	0	front_left_wheel_hub_yaw_p30	0.000	1	-2574.681	-8450.422	106	94	-2770.020	-8159.961	-100.500
66	19.880	0	front_left_wheel_hub_yaw_p30	0.000	1	-2574.681	-8450.422	106	94	-2770.020	-8159.961	-100.500
71	21.362	0	front_left_wheel_hub_yaw_p30	0.000	0	-2591.846	-8445.147	106	94	-2780.029	-8150.000	-101.900
72	21.664	0	front_left_wheel_hub_yaw_p30	0.000	0	-2591.846	-8445.147	106	94	-2780.029	-8150.000	-101.900
73	21.990	0	front_left_wheel_hub_yaw_p30	0.000	0	-2591.846	-8445.147	106	94	-2780.029	-8150.000	-101.900
91	27.347	0	front_left_wheel_hub_yaw_p30	0.000	0	-2660.188	-8378.882	104	95	-2780.029	-8050.000	-114.400
92	27.676	0	front_left_wheel_hub_yaw_p30	0.000	0	-2660.188	-8378.882	104	95	-2780.029	-8050.000	-114.400
93	27.990	0	front_left_wheel_hub_yaw_p30	0.000	0	-2660.188	-8378.882	104	95	-2780.029	-8050.000	-114.400
94	28.289	0	front_left_wheel_hub_yaw_p30	0.000	0	-2660.188	-8378.882	104	95	-2780.029	-8050.000	-114.400
95	28.589	0	front_left_wheel_hub_yaw_p30	0.000	0	-2669.309	-8355.254	104	96	-2770.020	-8020.020	-117.700
96	28.916	0	front_left_wheel_hub_yaw_p30	0.000	0	-2669.309	-8355.254	104	96	-2770.020	-8020.020	-117.700
97	29.200	0	front_left_wheel_hub_yaw_p30	0.000	0	-2688.773	-8330.418	104	96	-2770.020	-7989.942	-121.000
98	29.691	0	front_left_wheel_hub_yaw_p30	0.000	0	-2688.773	-8330.418	104	96	-2770.020	-7989.942	-121.000
99	30.092	0	front_left_wheel_hub_yaw_p30	0.000	0	-2688.773	-8330.418	104	96	-2770.020	-7989.942	-121.000
100	30.454	0	front_left_wheel_hub_yaw_p30	0.000	0	-2701.507	-8305.073	104	97	-2760.010	-7959.961	-124.800
101	30.754	0	front_left_wheel_hub_yaw_p30	0.000	0	-2701.507	-8305.073	104	97	-2760.010	-7959.961	-124.800
102	31.116	0	front_left_wheel_hub_yaw_p30	0.000	0	-2701.507	-8305.073	104	97	-2760.010	-7959.961	-124.800
103	31.519	0	front_left_wheel_hub_yaw_p30	0.000	0	-2710.246	-8277.751	103	97	-2750.000	-7929.980	-127.900
104	31.891	0	front_left_wheel_hub_yaw_p30	0.000	0	-2710.246	-8277.751	103	97	-2750.000	-7929.980	-127.900
105	32.314	0	front_left_wheel_hub_yaw_p30	0.000	0	-2681.790	-8256.657	104	98	-2730.029	-7909.961	-126.500
106	32.656	0	front_left_wheel_hub_yaw_p30	0.000	0	-2681.790	-8256.657	104	98	-2730.029	-7909.961	-126.500
107	33.071	0	front_left_wheel_hub_yaw_p30	0.000	0	-2681.790	-8256.657	104	98	-2730.029	-7909.961	-126.500
108	33.407	0	front_left_wheel_hub_yaw_p30	0.000	0	-2645.493	-8244.039	105	98	-2710.010	-7900.000	-123.800
109	33.774	0	front_left_wheel_hub_yaw_p30	0.000	0	-2645.493	-8244.039	105	98	-2710.010	-7900.000	-123.800
110	34.066	0	front_left_wheel_hub_yaw_p30	0.000	0	-2645.493	-8244.039	105	98	-2710.010	-7900.000	-123.800
111	34.449	0	front_left_wheel_hub_yaw_p30	0.000	0	-2622.323	-8231.250	105	98	-2700.000	-7889.942	-121.600
112	34.811	0	front_left_wheel_hub_yaw_p30	0.000	0	-2622.323	-8231.250	105	98	-2700.000	-7889.942	-121.600
113	35.095	0	front_left_wheel_hub_yaw_p30	0.000	0	-2622.323	-8231.250	105	98	-2700.000	-7889.942	-121.600
114	35.384	0	front_left_wheel_hub_yaw_p30	0.000	0	-2601.040	-8218.526	106	98	-2689.990	-7879.980	-119.700
115	35.662	0	front_left_wheel_hub_yaw_p30	0.000	0	-2601.040	-8218.526	106	98	-2689.990	-7879.980	-119.700
116	36.015	0	front_left_wheel_hub_yaw_p30	0.000	0	-2601.040	-8218.526	106	98	-2689.990	-7879.980	-119.700
117	36.447	0	front_left_wheel_hub_yaw_p30	0.000	0	-2582.834	-8206.291	106	99	-2680.029	-7870.020	-118.300
118	36.847	0	front_left_wheel_hub_yaw_p30	0.000	0	-2582.834	-8206.291	106	99	-2680.029	-7870.020	-118.300
119	37.155	0	front_left_wheel_hub_yaw_p30	0.000	0	-2582.834	-8206.291	106	99	-2680.029	-7870.020	-118.300
120	37.453	0	front_left_wheel_hub_yaw_p30	0.000	0	-2565.804	-8194.123	106	99	-2670.020	-7859.961	-117.100
121	37.820	0	front_left_wheel_hub_yaw_p30	0.000	0	-2565.804	-8194.123	106	99	-2670.020	-7859.961	-117.100
122	38.214	0	front_left_wheel_hub_yaw_p30	0.000	0	-2565.804	-8194.123	106	99	-2670.020	-7859.961	-117.100
123	38.586	0	front_left_wheel_hub_yaw_p30	0.000	0	-2562.892	-8193.201	106	99	-2670.020	-7859.961	-116.600
124	38.967	0	front_left_wheel_hub_yaw_p30	0.000	0	-2562.892	-8193.201	106	99	-2670.020	-7859.961	-116.600
125	39.324	0	front_left_wheel_hub_yaw_p30	0.000	0	-2551.719	-8192.825	107	99	-2660.010	-7859.961	-116.400
126	39.691	0	front_left_wheel_hub_yaw_p30	0.000	0	-2551.719	-8192.825	107	99	-2660.010	-7859.961	-116.400
127	40.103	0	front_left_wheel_hub_yaw_p30	0.000	0	-2551.719	-8192.825	107	99	-2660.010	-7859.961	-116.400
128	40.437	0	front_left_wheel_hub_yaw_p30	0.000	0	-2562.892	-8193.201	106	99	-2670.020	-7859.961	-116.600
129	40.743	0	front_left_wheel_hub_yaw_p30	0.000	0	-2562.892	-8193.201	106	99	-2670.020	-7859.961	-116.600
130	41.027	0	front_left_wheel_hub_yaw_p30	0.000	0	-2562.892	-8193.201	106	99	-2670.020	-7859.961	-116.600
131	41.369	0	front_left_wheel_hub_yaw_p30	0.000	0	-2566.387	-8194.304	106	99	-2670.020	-7859.961	-117.200
132	41.755	0	front_left_wheel_hub_yaw_p30	0.000	0	-2566.387	-8194.304	106	99	-2670.020	-7859.961	-117.200
133	42.074	0	front_left_wheel_hub_yaw_p30	0.000	0	-2566.387	-8194.304	106	99	-2670.020	-7859.961	-117.200
134	42.360	0	front_left_wheel_hub_yaw_p30	0.000	0	-2572.238	-8206.120	106	99	-2670.020	-7870.020	-118.200
135	42.727	0	front_left_wheel_hub_yaw_p30	0.000	0	-2572.238	-8206.120	106	99	-2670.020	-7870.020	-118.200
136	43.101	0	front_left_wheel_hub_yaw_p30	0.000	0	-2572.238	-8206.120	106	99	-2670.020	-7870.020	-118.200
137	43.398	0	front_left_wheel_hub_yaw_p30	0.000	0	-2590.489	-8208.409	106	99	-2680.029	-7870.020	-119.600
138	43.767	0	front_left_wheel_hub_yaw_p30	0.000	0	-2590.489	-8208.409	106	99	-2680.029	-7870.020	-119.600
139	44.085	0	front_left_wheel_hub_yaw_p30	0.000	0	-2590.489	-8208.409	106	99	-2680.029	-7870.020	-119.600
140	44.424	0	front_left_wheel_hub_yaw_p30	0.000	0	-2611.123	-8221.016	105	98	-2689.990	-7879.980	-121.400
141	44.748	0	front_left_wheel_hub_yaw_p30	0.000	0	-2611.123	-8221.016	105	98	-2689.990	-7879.980	-121.400
142	45.047	0	front_left_wheel_hub_yaw_p30	0.000	0	-2611.123	-8221.016	105	98	-2689.990	-7879.980	-121.400
143	45.367	0	front_left_wheel_hub_yaw_p30	0.000	0	-2642.493	-8233.404	105	98	-2710.010	-7889.942	-123.300
144	45.658	0	front_left_wheel_hub_yaw_p30	0.000	0	-2642.493	-8233.404	105	98	-2710.010	-7889.942	-123.300
145	45.950	0	front_left_wheel_hub_yaw_p30	0.000	0	-2642.493	-8233.404	105	98	-2710.010	-7889.942	-123.300
146	46.305	0	front_left_wheel_hub_yaw_p30	0.000	0	-2666.341	-8255.856	104	98	-2720.020	-7909.961	-125.600
147	46.681	0	front_left_wheel_hub_yaw_p30	0.000	0	-2666.341	-8255.856	104	98	-2720.020	-7909.961	-125.600
148	47.041	0	front_left_wheel_hub_yaw_p30	0.000	0	-2666.341	-8255.856	104	98	-2720.020	-7909.961	-125.600
149	47.340	0	front_left_wheel_hub_yaw_p30	0.000	0	-2701.450	-8267.927	104	97	-2739.990	-7920.020	-128.100
150	47.703	0	front_left_wheel_hub_yaw_p30	0.000	0	-2701.450	-8267.927	104	97	-2739.990	-7920.020	-128.100
151	48.066	0	front_left_wheel_hub_yaw_p30	0.000	0	-2701.450	-8267.927	104	97	-2739.990	-7920.020	-128.100
152	48.357	0	front_left_wheel_hub_yaw_p30	0.000	0	-2739.121	-8279.392	103	97	-2760.010	-7929.980	-131.000
153	48.714	0	front_left_wheel_hub_yaw_p30	0.000	0	-2739.121	-8279.392	103	97	-2760.010	-7929.980	-131.000
154	49.084	0	front_left_wheel_hub_yaw_p30	0.000	0	-2739.121	-8279.392	103	97	-2760.010	-7929.980	-131.000
155	49.448	0	front_left_wheel_hub_yaw_p30	0.000	0	-2777.456	-8289.968	102	97	-2780.029	-7939.942	-134.000
156	49.798	0	front_left_wheel_hub_yaw_p30	0.000	0	-2777.456	-8289.968	102	97	-2780.029	-7939.942	-134.000
157	50.090	0	front_left_wheel_hub_yaw_p30	0.000	0	-2777.456	-8289.968	102	97	-2780.029	-7939.942	-134.000
158	50.375	0	front_left_wheel_hub_yaw_p30	0.000	0	-2818.190	-8309.524	101	97	-2800.000	-7959.961	-137.400
159	50.758	0	front_left_wheel_hub_yaw_p30	0.000	0	-2818.190	-8309.524	101	97	-2800.000	-7959.961	-137.400
160	51.127	0	front_left_wheel_hub_yaw_p30	0.000	0	-2867.704	-8318.022	100	96	-2830.029	-7970.020	-140.600
161	51.518	0	front_left_wheel_hub_yaw_p30	0.000	0	-2867.704	-8318.022	100	96	-2830.029	-7970.020	-140.600
162	51.886	0	front_left_wheel_hub_yaw_p30	0.000	0	-2867.704	-8318.022	100	96	-2830.029	-7970.020	-140.600
163	52.246	0	front_left_wheel_hub_yaw_p30	0.000	0	-2894.954	-8327.118	100	96	-2850.000	-7979.980	-141.800
164	52.601	0	front_left_wheel_hub_yaw_p30	0.000	0	-2894.954	-8327.118	100	96	-2850.000	-7979.980	-141.800
165	52.964	0	front_left_wheel_hub_yaw_p30	0.000	0	-2894.954	-8327.118	100	96	-2850.000	-7979.980	-141.800
166	53.331	0	front_left_wheel_hub_yaw_p30	0.000	0	-2904.048	-8348.378	100	96	-2870.020	-8000.000	-140.000
167	53.739	0	front_left_wheel_hub_yaw_p30	0.000	0	-2904.048	-8348.378	100	96	-2870.020	-8000.000	-140.000
168	54.201	0	front_left_wheel_hub_yaw_p30	0.000	0	-2904.048	-8348.378	100	96	-2870.020	-8000.000	-140.000
169	54.498	0	front_left_wheel_hub_yaw_p30	0.000	0	-2900.049	-8359.424	100	96	-2880.029	-8009.961	-137.700
170	54.781	0	front_left_wheel_hub_yaw_p30	0.000	0	-2900.049	-8359.424	100	96	-2880.029	-8009.961	-137.700
171	55.119	0	front_left_wheel_hub_yaw_p30	0.000	0	-2900.049	-8359.424	100	96	-2880.029	-8009.961	-137.700
172	55.439	0	front_left_wheel_hub_yaw_p30	0.000	1	-2887.841	-8379.929	100	95	-2880.029	-8029.980	-135.700
173	55.807	0	front_left_wheel_hub_yaw_p30	0.000	1	-2887.841	-8379.929	100	95	-2880.029	-8029.980	-135.700
174	56.166	0	front_left_wheel_hub_yaw_p30	0.000	1	-2887.841	-8379.929	100	95	-2880.029	-8029.980	-135.700
175	56.492	0	front_left_wheel_hub_yaw_p30	0.000	1	-2888.027	-8389.972	100	95	-2889.990	-8039.942	-134.100
176	56.867	0	front_left_wheel_hub_yaw_p30	0.000	1	-2888.027	-8389.972	100	95	-2889.990	-8039.942	-134.100
177	57.167	0	front_left_wheel_hub_yaw_p30	0.000	1	-2888.027	-8389.972	100	95	-2889.990	-8039.942	-134.100
178	57.459	0	front_left_wheel_hub_yaw_p30	0.000	1	-2890.097	-8399.896	100	95	-2900.000	-8050.000	-132.800
179	57.829	0	front_left_wheel_hub_yaw_p30	0.000	1	-2890.097	-8399.896	100	95	-2900.000	-8050.000	-132.800
180	58.161	0	front_left_wheel_hub_yaw_p30	0.000	1	-2883.381	-8409.602	100	95	-2900.000	-8059.961	-131.700
181	58.681	0	front_left_wheel_hub_yaw_p30	0.000	1	-2883.381	-8409.602	100	95	-2900.000	-8059.961	-131.700
182	59.048	0	front_left_wheel_hub_yaw_p30	0.000	1	-2883.381	-8409.602	100	95	-2900.000	-8059.961	-131.700
183	59.469	0	front_left_wheel_hub_yaw_p30	0.000	1	-2879.721	-8409.409	100	95	-2900.000	-8059.961	-131.100
184	59.836	0	front_left_wheel_hub_yaw_p30	0.000	1	-2879.721	-8409.409	100	95	-2900.000	-8059.961	-131.100
185	60.198	0	front_left_wheel_hub_yaw_p30	0.000	1	-2878.501	-8419.394	100	94	-2900.000	-8070.020	-130.900
186	60.566	0	front_left_wheel_hub_yaw_p30	0.000	1	-2878.501	-8419.394	100	94	-2900.000	-8070.020	-130.900
187	60.857	0	front_left_wheel_hub_yaw_p30	0.000	1	-2878.501	-8419.394	100	94	-2900.000	-8070.020	-130.900
188	61.140	0	front_left_wheel_hub_yaw_p30	0.000	1	-2878.501	-8419.394	100	94	-2900.000	-8070.020	-130.900
189	61.434	0	front_left_wheel_hub_yaw_p30	0.000	1	-2880.331	-8409.444	100	95	-2900.000	-8059.961	-131.200
190	61.714	0	front_left_wheel_hub_yaw_p30	0.000	1	-2880.331	-8409.444	100	95	-2900.000	-8059.961	-131.200
191	62.002	0	front_left_wheel_hub_yaw_p30	0.000	1	-2880.331	-8409.444	100	95	-2900.000	-8059.961	-131.200
192	62.298	0	front_left_wheel_hub_yaw_p30	0.000	1	-2883.381	-8409.602	100	95	-2900.000	-8059.961	-131.700
193	62.682	0	front_left_wheel_hub_yaw_p30	0.000	1	-2883.381	-8409.602	100	95	-2900.000	-8059.961	-131.700
194	62.989	0	front_left_wheel_hub_yaw_p30	0.000	1	-2883.381	-8409.602	100	95	-2900.000	-8059.961	-131.700
195	63.278	0	front_left_wheel_hub_yaw_p30	0.000	1	-2888.875	-8399.859	100	95	-2900.000	-8050.000	-132.600
196	63.725	0	front_left_wheel_hub_yaw_p30	0.000	1	-2888.875	-8399.859	100	95	-2900.000	-8050.000	-132.600
197	64.078	0	front_left_wheel_hub_yaw_p30	0.000	1	-2888.875	-8399.859	100	95	-2900.000	-8050.000	-132.600
198	64.440	0	front_left_wheel_hub_yaw_p30	0.000	1	-2885.584	-8400.008	100	95	-2889.990	-8050.000	-133.700
199	64.797	0	front_left_wheel_hub_yaw_p30	0.000	1	-2885.584	-8400.008	100	95	-2889.990	-8050.000	-133.700
200	65.102	0	front_left_wheel_hub_yaw_p30	0.000	1	-2885.584	-8400.008	100	95	-2889.990	-8050.000	-133.700
201	65.480	0	front_left_wheel_hub_yaw_p30	0.000	1	-2894.137	-8389.953	100	95	-2889.990	-8039.942	-135.100
202	65.846	0	front_left_wheel_hub_yaw_p30	0.000	1	-2894.137	-8389.953	100	95	-2889.990	-8039.942	-135.100
203	66.232	0	front_left_wheel_hub_yaw_p30	0.000	1	-2893.947	-8369.779	100	95	-2880.029	-8020.020	-136.700
204	66.529	0	front_left_wheel_hub_yaw_p30	0.000	1	-2893.947	-8369.779	100	95	-2880.029	-8020.020	-136.700
205	66.932	0	front_left_wheel_hub_yaw_p30	0.000	1	-2893.947	-8369.779	100	95	-2880.029	-8020.020	-136.700
206	67.237	0	front_left_wheel_hub_yaw_p30	0.000	1	-2893.947	-8369.779	100	95	-2880.029	-8020.020	-136.700
207	67.530	0	front_left_wheel_hub_yaw_p30	0.000	1	-2896.744	-8358.975	100	96	-2870.020	-8009.961	-138.800
208	67.894	0	front_left_wheel_hub_yaw_p30	0.000	1	-2896.744	-8358.975	100	96	-2870.020	-8009.961	-138.800
209	68.302	0	front_left_wheel_hub_yaw_p30	0.000	0	-2908.908	-8347.869	100	96	-2870.020	-8000.000	-140.800
210	68.604	0	front_left_wheel_hub_yaw_p30	0.000	0	-2908.908	-8347.869	100	96	-2870.020	-8000.000	-140.800
211	68.992	0	front_left_wheel_hub_yaw_p30	0.000	0	-2908.908	-8347.869	100	96	-2870.020	-8000.000	-140.800
212	69.275	0	front_left_wheel_hub_yaw_p30	0.000	0	-2912.828	-8326.008	99	96	-2860.010	-7979.980	-143.100
213	69.601	0	front_left_wheel_hub_yaw_p30	0.000	0	-2912.828	-8326.008	99	96	-2860.010	-7979.980	-143.100
214	69.959	0	front_left_wheel_hub_yaw_p30	0.000	0	-2912.828	-8326.008	99	96	-2860.010	-7979.980	-143.100
215	70.398	0	front_left_wheel_hub_yaw_p30	0.000	0	-2908.451	-8303.237	100	97	-2839.990	-7959.961	-145.700
216	70.751	0	front_left_wheel_hub_yaw_p30	0.000	0	-2908.451	-8303.237	100	97	-2839.990	-7959.961	-145.700
217	71.043	0	front_left_wheel_hub_yaw_p30	0.000	0	-2908.451	-8303.237	100	97	-2839.990	-7959.961	-145.700
218	71.434	0	front_left_wheel_hub_yaw_p30	0.000	0	-2916.362	-8279.164	99	97	-2830.029	-7939.942	-148.700
219	71.791	0	front_left_wheel_hub_yaw_p30	0.000	0	-2916.362	-8279.164	99	97	-2830.029	-7939.942	-148.700
220	72.097	0	front_left_wheel_hub_yaw_p30	0.000	0	-2916.362	-8279.164	99	97	-2830.029	-7939.942	-148.700
221	72.383	0	front_left_wheel_hub_yaw_p30	0.000	0	-2911.642	-8264.937	99	97	-2810.010	-7929.980	-151.300
222	72.782	0	front_left_wheel_hub_yaw_p30	0.000	0	-2911.642	-8264.937	99	97	-2810.010	-7929.980	-151.300
223	73.150	0	front_left_wheel_hub_yaw_p30	0.000	0	-2912.454	-8237.875	99	98	-2789.990	-7909.961	-154.900
224	73.534	0	front_left_wheel_hub_yaw_p30	0.000	0	-2912.454	-8237.875	99	98	-2789.990	-7909.961	-154.900
225	73.820	0	front_left_wheel_hub_yaw_p30	0.000	0	-2912.454	-8237.875	99	98	-2789.990	-7909.961	-154.900
226	74.138	0	front_left_wheel_hub_yaw_p30	0.000	0	-2912.454	-8237.875	99	98	-2789.990	-7909.961	-154.900
227	74.504	0	front_left_wheel_hub_yaw_p30	0.000	0	-2912.273	-8209.768	99	99	-2770.020	-7889.942	-158.400
228	74.815	0	front_left_wheel_hub_yaw_p30	0.000	0	-2912.273	-8209.768	99	99	-2770.020	-7889.942	-158.400
229	75.120	0	front_left_wheel_hub_yaw_p30	0.000	0	-2912.273	-8209.768	99	99	-2770.020	-7889.942	-158.400
230	75.447	0	front_left_wheel_hub_yaw_p30	0.000	0	-2912.055	-8180.283	99	99	-2750.000	-7870.020	-162.000
231	75.733	0	front_left_wheel_hub_yaw_p30	0.000	0	-2912.055	-8180.283	99	99	-2750.000	-7870.020	-162.000
232	76.094	0	front_left_wheel_hub_yaw_p30	0.000	0	-2912.055	-8180.283	99	99	-2750.000	-7870.020	-162.000
233	76.434	0	front_left_wheel_hub_yaw_p30	0.000	0	-2911.768	-8149.159	99	100	-2730.029	-7850.000	-165.700
234	76.795	0	front_left_wheel_hub_yaw_p30	0.000	0	-2911.768	-8149.159	99	100	-2730.029	-7850.000	-165.700
235	77.158	0	front_left_wheel_hub_yaw_p30	0.000	0	-2911.768	-8149.159	99	100	-2730.029	-7850.000	-165.700
236	77.470	0	front_left_wheel_hub_yaw_p30	0.000	0	-2895.631	-8113.242	100	100	-2689.990	-7829.980	-170.400
237	77.847	0	front_left_wheel_hub_yaw_p30	0.000	0	-2895.631	-8113.242	100	100	-2689.990	-7829.980	-170.400
238	78.181	0	front_left_wheel_hub_yaw_p30	0.000	0	-2895.631	-8113.242	100	100	-2689.990	-7829.980	-170.400
239	78.472	0	front_left_wheel_hub_yaw_p30	0.000	1	-2887.705	-8085.876	100	101	-2660.010	-7820.020	-175.000
240	78.771	0	front_left_wheel_hub_yaw_p30	0.000	1	-2887.705	-8085.876	100	101	-2660.010	-7820.020	-175.000
241	79.125	0	front_left_wheel_hub_yaw_p30	0.000	1	-2887.705	-8085.876	100	101	-2660.010	-7820.020	-175.000
242	79.481	0	front_left_wheel_hub_yaw_p30	0.000	0	-2865.059	-8069.356	100	101	-2630.029	-7809.961	-176.600
243	79.868	0	front_left_wheel_hub_yaw_p30	0.000	0	-2865.059	-8069.356	100	101	-2630.029	-7809.961	-176.600
244	80.291	0	front_left_wheel_hub_yaw_p30	0.000	0	-2865.059	-8069.356	100	101	-2630.029	-7809.961	-176.600
245	80.588	0	front_left_wheel_hub_yaw_p30	0.000	0	-2825.367	-8077.795	101	101	-2600.000	-7809.961	-174.500
246	80.877	0	front_left_wheel_hub_yaw_p30	0.000	0	-2825.367	-8077.795	101	101	-2600.000	-7809.961	-174.500
247	81.239	0	front_left_wheel_hub_yaw_p30	0.000	0	-2779.595	-8100.382	102	101	-2570.020	-7820.020	-171.200
248	81.555	0	front_left_wheel_hub_yaw_p30	0.000	0	-2779.595	-8100.382	102	101	-2570.020	-7820.020	-171.200
249	81.835	0	front_left_wheel_hub_yaw_p30	0.000	0	-2779.595	-8100.382	102	101	-2570.020	-7820.020	-171.200
250	82.121	0	front_left_wheel_hub_yaw_p30	0.000	0	-2779.595	-8100.382	102	101	-2570.020	-7820.020	-171.200
251	82.436	0	front_left_wheel_hub_yaw_p30	0.000	0	-2744.107	-8111.305	103	100	-2550.000	-7820.020	-168.100
252	82.801	0	front_left_wheel_hub_yaw_p30	0.000	0	-2744.107	-8111.305	103	100	-2550.000	-7820.020	-168.100
253	83.160	0	front_left_wheel_hub_yaw_p30	0.000	0	-2711.246	-8119.495	103	100	-2530.029	-7820.020	-165.600
254	83.523	0	front_left_wheel_hub_yaw_p30	0.000	0	-2711.246	-8119.495	103	100	-2530.029	-7820.020	-165.600
255	83.881	0	front_left_wheel_hub_yaw_p30	0.000	0	-2711.246	-8119.495	103	100	-2530.029	-7820.020	-165.600
256	84.228	0	front_left_wheel_hub_yaw_p30	0.000	0	-2678.527	-8126.821	104	100	-2510.010	-7820.020	-163.200
257	84.505	0	front_left_wheel_hub_yaw_p30	0.000	0	-2678.527	-8126.821	104	100	-2510.010	-7820.020	-163.200
258	84.867	0	front_left_wheel_hub_yaw_p30	0.000	0	-2678.527	-8126.821	104	100	-2510.010	-7820.020	-163.200
259	85.191	0	front_left_wheel_hub_yaw_p30	0.000	0	-2648.787	-8131.963	105	100	-2489.990	-7820.020	-161.400
260	85.496	0	front_left_wheel_hub_yaw_p30	0.000	0	-2648.787	-8131.963	105	100	-2489.990	-7820.020	-161.400
261	85.833	0	front_left_wheel_hub_yaw_p30	0.000	0	-2648.787	-8131.963	105	100	-2489.990	-7820.020	-161.400
262	86.187	0	front_left_wheel_hub_yaw_p30	0.000	0	-2630.055	-8136.275	105	100	-2480.029	-7820.020	-159.800
263	86.582	0	front_left_wheel_hub_yaw_p30	0.000	0	-2630.055	-8136.275	105	100	-2480.029	-7820.020	-159.800
264	86.871	0	front_left_wheel_hub_yaw_p30	0.000	0	-2630.055	-8136.275	105	100	-2480.029	-7820.020	-159.800
265	87.156	0	front_left_wheel_hub_yaw_p30	0.000	0	-2613.389	-8139.347	105	100	-2470.020	-7820.020	-158.600
266	87.449	0	front_left_wheel_hub_yaw_p30	0.000	0	-2613.389	-8139.347	105	100	-2470.020	-7820.020	-158.600
267	87.808	0	front_left_wheel_hub_yaw_p30	0.000	0	-2613.389	-8139.347	105	100	-2470.020	-7820.020	-158.600
268	88.166	0	front_left_wheel_hub_yaw_p30	0.000	0	-2613.389	-8139.347	105	100	-2470.020	-7820.020	-158.600
269	88.460	0	front_left_wheel_hub_yaw_p30	0.000	0	-2598.345	-8141.560	106	100	-2460.010	-7820.020	-157.700
270	88.842	0	front_left_wheel_hub_yaw_p30	0.000	0	-2598.345	-8141.560	106	100	-2460.010	-7820.020	-157.700
271	89.198	0	front_left_wheel_hub_yaw_p30	0.000	0	-2595.534	-8142.755	106	100	-2460.010	-7820.020	-157.200
272	89.567	0	front_left_wheel_hub_yaw_p30	0.000	0	-2595.534	-8142.755	106	100	-2460.010	-7820.020	-157.200
273	89.854	0	front_left_wheel_hub_yaw_p30	0.000	0	-2595.534	-8142.755	106	100	-2460.010	-7820.020	-157.200
274	90.140	0	front_left_wheel_hub_yaw_p30	0.000	0	-2595.534	-8142.755	106	100	-2460.010	-7820.020	-157.200
275	90.429	0	front_left_wheel_hub_yaw_p30	0.000	0	-2584.397	-8143.226	106	100	-2450.000	-7820.020	-157.000
276	90.748	0	front_left_wheel_hub_yaw_p30	0.000	0	-2584.397	-8143.226	106	100	-2450.000	-7820.020	-157.000
277	91.104	0	front_left_wheel_hub_yaw_p30	0.000	0	-2584.397	-8143.226	106	100	-2450.000	-7820.020	-157.000
278	91.425	0	front_left_wheel_hub_yaw_p30	0.000	0	-2594.971	-8142.991	106	100	-2460.010	-7820.020	-157.100
279	91.713	0	front_left_wheel_hub_yaw_p30	0.000	0	-2594.971	-8142.991	106	100	-2460.010	-7820.020	-157.100
280	92.017	0	front_left_wheel_hub_yaw_p30	0.000	0	-2594.971	-8142.991	106	100	-2460.010	-7820.020	-157.100
281	92.460	0	front_left_wheel_hub_yaw_p30	0.000	0	-2597.784	-8141.801	106	100	-2460.010	-7820.020	-157.600
282	92.835	0	front_left_wheel_hub_yaw_p30	0.000	0	-2597.784	-8141.801	106	100	-2460.010	-7820.020	-157.600
283	93.122	0	front_left_wheel_hub_yaw_p30	0.000	0	-2597.784	-8141.801	106	100	-2460.010	-7820.020	-157.600
284	93.434	0	front_left_wheel_hub_yaw_p30	0.000	0	-2612.831	-8139.597	105	100	-2470.020	-7820.020	-158.500
285	93.731	0	front_left_wheel_hub_yaw_p30	0.000	0	-2612.831	-8139.597	105	100	-2470.020	-7820.020	-158.500
286	94.088	0	front_left_wheel_hub_yaw_p30	0.000	0	-2612.831	-8139.597	105	100	-2470.020	-7820.020	-158.500
287	94.407	0	front_left_wheel_hub_yaw_p30	0.000	0	-2618.940	-8136.797	105	100	-2470.020	-7820.020	-159.600
288	94.770	0	front_left_wheel_hub_yaw_p30	0.000	0	-2618.940	-8136.797	105	100	-2470.020	-7820.020	-159.600
289	95.140	0	front_left_wheel_hub_yaw_p30	0.000	0	-2618.940	-8136.797	105	100	-2470.020	-7820.020	-159.600
290	95.472	0	front_left_wheel_hub_yaw_p30	0.000	0	-2647.152	-8132.790	105	100	-2489.990	-7820.020	-161.100
291	95.825	0	front_left_wheel_hub_yaw_p30	0.000	0	-2647.152	-8132.790	105	100	-2489.990	-7820.020	-161.100
292	96.134	0	front_left_wheel_hub_yaw_p30	0.000	0	-2647.152	-8132.790	105	100	-2489.990	-7820.020	-161.100
293	96.423	0	front_left_wheel_hub_yaw_p30	0.000	0	-2666.371	-8127.990	104	100	-2500.000	-7820.020	-162.800
294	96.782	0	front_left_wheel_hub_yaw_p30	0.000	0	-2666.371	-8127.990	104	100	-2500.000	-7820.020	-162.800
295	97.069	0	front_left_wheel_hub_yaw_p30	0.000	0	-2666.371	-8127.990	104	100	-2500.000	-7820.020	-162.800
296	97.427	0	front_left_wheel_hub_yaw_p30	0.000	0	-2697.037	-8121.996	104	100	-2520.020	-7820.020	-164.800
297	97.719	0	front_left_wheel_hub_yaw_p30	0.000	0	-2697.037	-8121.996	104	100	-2520.020	-7820.020	-164.800
298	98.084	0	front_left_wheel_hub_yaw_p30	0.000	0	-2697.037	-8121.996	104	100	-2520.020	-7820.020	-164.800
299	98.377	0	front_left_wheel_hub_yaw_p30	0.000	0	-2717.478	-8115.634	103	100	-2530.029	-7820.020	-166.800
300	98.666	0	front_left_wheel_hub_yaw_p30	0.000	0	-2717.478	-8115.634	103	100	-2530.029	-7820.020	-166.800
301	99.063	0	front_left_wheel_hub_yaw_p30	0.000	0	-2717.478	-8115.634	103	100	-2530.029	-7820.020	-166.800
302	99.349	0	front_left_wheel_hub_yaw_p30	0.000	0	-2748.659	-8108.221	103	101	-2550.000	-7820.020	-169.000
303	99.699	0	front_left_wheel_hub_yaw_p30	0.000	0	-2748.659	-8108.221	103	101	-2550.000	-7820.020	-169.000
304	99.990	0	front_left_wheel_hub_yaw_p30	0.000	0	-2748.659	-8108.221	103	101	-2550.000	-7820.020	-169.000
305	100.281	0	front_left_wheel_hub_yaw_p30	0.000	0	-2782.520	-8098.172	102	101	-2570.020	-7820.020	-171.800
306	100.562	0	front_left_wheel_hub_yaw_p30	0.000	0	-2782.520	-8098.172	102	101	-2570.020	-7820.020	-171.800
307	100.917	0	front_left_wheel_hub_yaw_p30	0.000	0	-2782.520	-8098.172	102	101	-2570.020	-7820.020	-171.800
308	101.203	0	front_left_wheel_hub_yaw_p30	0.000	0	-2782.520	-8098.172	102	101	-2570.020	-7820.020	-171.800
309	101.488	0	front_left_wheel_hub_yaw_p30	0.000	0	-2826.766	-8076.611	101	101	-2600.000	-7809.961	-174.800
310	101.855	0	front_left_wheel_hub_yaw_p30	0.000	0	-2826.766	-8076.611	101	101	-2600.000	-7809.961	-174.800
311	102.264	0	front_left_wheel_hub_yaw_p30	0.000	0	-2859.095	-8065.633	101	101	-2620.020	-7809.961	-177.500
312	102.557	0	front_left_wheel_hub_yaw_p30	0.000	0	-2859.095	-8065.633	101	101	-2620.020	-7809.961	-177.500
313	102.909	0	front_left_wheel_hub_yaw_p30	0.000	0	-2859.095	-8065.633	101	101	-2620.020	-7809.961	-177.500
314	103.277	0	front_left_wheel_hub_yaw_p30	0.000	0	-2904.238	-8040.600	100	102	-2650.000	-7800.000	179.000
315	103.569	0	front_left_wheel_hub_yaw_p30	0.000	0	-2904.238	-8040.600	100	102	-2650.000	-7800.000	179.000
316	103.854	0	front_left_wheel_hub_yaw_p30	0.000	0	-2904.238	-8040.600	100	102	-2650.000	-7800.000	179.000
317	104.150	0	front_left_wheel_hub_yaw_p30	0.000	0	-2904.238	-8040.600	100	102	-2650.000	-7800.000	179.000
318	104.459	0	front_left_wheel_hub_yaw_p30	0.000	0	-2937.686	-8015.507	99	102	-2670.020	-7789.942	175.700
319	104.742	0	front_left_wheel_hub_yaw_p30	0.000	0	-2937.686	-8015.507	99	102	-2670.020	-7789.942	175.700
320	105.087	0	front_left_wheel_hub_yaw_p30	0.000	0	-2937.686	-8015.507	99	102	-2670.020	-7789.942	175.700
326	107.237	0	front_left_wheel_hub_yaw_p30	0.000	0	-3070.831	-7954.792	96	104	-2780.029	-7759.961	169.400
327	107.525	0	front_left_wheel_hub_yaw_p30	0.000	0	-3070.831	-7954.792	96	104	-2780.029	-7759.961	169.400
328	107.879	0	front_left_wheel_hub_yaw_p30	0.000	0	-3070.831	-7954.792	96	104	-2780.029	-7759.961	169.400
333	109.557	0	front_left_wheel_hub_yaw_p30	0.000	0	-3160.610	-7919.286	94	104	-2860.010	-7739.942	166.400
334	109.851	0	front_left_wheel_hub_yaw_p30	0.000	0	-3160.610	-7919.286	94	104	-2860.010	-7739.942	166.400
335	110.153	0	front_left_wheel_hub_yaw_p30	0.000	0	-3160.610	-7919.286	94	104	-2860.010	-7739.942	166.400
336	110.460	0	front_left_wheel_hub_yaw_p30	0.000	1	-3202.154	-7906.695	94	105	-2900.000	-7729.980	165.900
337	110.814	0	front_left_wheel_hub_yaw_p30	0.000	1	-3202.154	-7906.695	94	105	-2900.000	-7729.980	165.900
338	111.169	0	front_left_wheel_hub_yaw_p30	0.000	1	-3202.154	-7906.695	94	105	-2900.000	-7729.980	165.900
339	111.476	0	front_left_wheel_hub_yaw_p30	0.000	1	-3224.518	-7909.232	93	105	-2930.029	-7720.020	168.300
340	111.825	0	front_left_wheel_hub_yaw_p30	0.000	1	-3224.518	-7909.232	93	105	-2930.029	-7720.020	168.300
341	112.233	0	front_left_wheel_hub_yaw_p30	0.000	1	-3250.130	-7915.865	93	104	-2960.010	-7720.020	169.600
342	112.550	0	front_left_wheel_hub_yaw_p30	0.000	1	-3250.130	-7915.865	93	104	-2960.010	-7720.020	169.600
343	112.934	0	front_left_wheel_hub_yaw_p30	0.000	1	-3250.130	-7915.865	93	104	-2960.010	-7720.020	169.600
344	113.326	0	front_left_wheel_hub_yaw_p30	0.000	1	-3269.807	-7916.371	92	104	-2980.029	-7720.020	169.700
345	113.698	0	front_left_wheel_hub_yaw_p30	0.000	1	-3269.807	-7916.371	92	104	-2980.029	-7720.020	169.700
346	114.089	0	front_left_wheel_hub_yaw_p30	0.000	1	-3269.807	-7916.371	92	104	-2980.029	-7720.020	169.700
347	114.393	0	front_left_wheel_hub_yaw_p30	0.000	1	-3289.091	-7917.381	92	104	-3000.000	-7720.020	169.900
348	114.688	0	front_left_wheel_hub_yaw_p30	0.000	1	-3289.091	-7917.381	92	104	-3000.000	-7720.020	169.900
349	114.982	0	front_left_wheel_hub_yaw_p30	0.000	1	-3289.091	-7917.381	92	104	-3000.000	-7720.020	169.900
350	115.337	0	front_left_wheel_hub_yaw_p30	0.000	1	-3298.410	-7908.331	92	105	-3010.010	-7709.961	170.100
351	115.717	0	front_left_wheel_hub_yaw_p30	0.000	1	-3298.410	-7908.331	92	105	-3010.010	-7709.961	170.100
352	116.010	0	front_left_wheel_hub_yaw_p30	0.000	1	-3298.410	-7908.331	92	105	-3010.010	-7709.961	170.100
353	116.432	0	front_left_wheel_hub_yaw_p30	0.000	1	-3308.419	-7908.331	92	105	-3020.020	-7709.961	170.100
354	116.734	0	front_left_wheel_hub_yaw_p30	0.000	1	-3308.419	-7908.331	92	105	-3020.020	-7709.961	170.100
355	117.101	0	front_left_wheel_hub_yaw_p30	0.000	1	-3308.419	-7908.331	92	105	-3020.020	-7709.961	170.100
356	117.397	0	front_left_wheel_hub_yaw_p30	0.000	1	-3318.083	-7908.833	91	105	-3030.029	-7709.961	170.200
357	117.682	0	front_left_wheel_hub_yaw_p30	0.000	1	-3318.083	-7908.833	91	105	-3030.029	-7709.961	170.200
358	117.967	0	front_left_wheel_hub_yaw_p30	0.000	1	-3318.083	-7908.833	91	105	-3030.029	-7709.961	170.200
359	118.323	0	front_left_wheel_hub_yaw_p30	0.000	1	-3318.083	-7908.833	91	105	-3030.029	-7709.961	170.200
360	118.685	0	front_left_wheel_hub_yaw_p30	0.000	1	-3318.083	-7908.833	91	105	-3030.029	-7709.961	170.200
361	119.000	0	front_left_wheel_hub_yaw_p30	0.000	1	-3318.083	-7908.833	91	105	-3030.029	-7709.961	170.200
362	119.286	0	front_left_wheel_hub_yaw_p30	0.000	1	-3318.083	-7908.833	91	105	-3030.029	-7709.961	170.200
363	119.604	0	front_left_wheel_hub_yaw_p30	0.000	1	-3318.083	-7908.833	91	105	-3030.029	-7709.961	170.200
364	119.997	0	front_left_wheel_hub_yaw_p30	0.000	1	-3318.083	-7908.833	91	105	-3030.029	-7709.961	170.200
365	120.289	0	front_left_wheel_hub_yaw_p30	0.000	1	-3318.083	-7908.833	91	105	-3030.029	-7709.961	170.200
366	120.582	0	front_left_wheel_hub_yaw_p30	0.000	1	-3318.083	-7908.833	91	105	-3030.029	-7709.961	170.200
367	120.879	0	front_left_wheel_hub_yaw_p30	0.000	1	-3318.083	-7908.833	91	105	-3030.029	-7709.961	170.200
368	121.192	0	front_left_wheel_hub_yaw_p30	0.000	1	-3308.419	-7908.331	92	105	-3020.020	-7709.961	170.100
369	121.569	0	front_left_wheel_hub_yaw_p30	0.000	1	-3308.419	-7908.331	92	105	-3020.020	-7709.961	170.100
370	121.887	0	front_left_wheel_hub_yaw_p30	0.000	1	-3308.419	-7908.331	92	105	-3020.020	-7709.961	170.100
371	122.272	0	front_left_wheel_hub_yaw_p30	0.000	1	-3298.756	-7907.827	92	105	-3010.010	-7709.961	170.000
372	122.555	0	front_left_wheel_hub_yaw_p30	0.000	1	-3298.756	-7907.827	92	105	-3010.010	-7709.961	170.000
373	122.904	0	front_left_wheel_hub_yaw_p30	0.000	1	-3298.756	-7907.827	92	105	-3010.010	-7709.961	170.000
374	123.253	0	front_left_wheel_hub_yaw_p30	0.000	1	-3289.091	-7917.381	92	104	-3000.000	-7720.020	169.900
375	123.612	0	front_left_wheel_hub_yaw_p30	0.000	1	-3289.091	-7917.381	92	104	-3000.000	-7720.020	169.900
376	123.962	0	front_left_wheel_hub_yaw_p30	0.000	1	-3289.091	-7917.381	92	104	-3000.000	-7720.020	169.900
377	124.252	0	front_left_wheel_hub_yaw_p30	0.000	1	-3269.464	-7916.876	92	104	-2980.029	-7720.020	169.800
378	124.538	0	front_left_wheel_hub_yaw_p30	0.000	0	-3269.464	-7916.876	92	104	-2980.029	-7720.020	169.800
379	124.891	0	front_left_wheel_hub_yaw_p30	0.000	0	-3269.464	-7916.876	92	104	-2980.029	-7720.020	169.800
380	125.254	0	front_left_wheel_hub_yaw_p30	0.000	0	-3250.130	-7915.865	93	104	-2960.010	-7720.020	169.600
381	125.539	0	front_left_wheel_hub_yaw_p30	0.000	0	-3250.130	-7915.865	93	104	-2960.010	-7720.020	169.600
382	125.819	0	front_left_wheel_hub_yaw_p30	0.000	0	-3250.130	-7915.865	93	104	-2960.010	-7720.020	169.600
383	126.104	0	front_left_wheel_hub_yaw_p30	0.000	0	-3250.130	-7915.865	93	104	-2960.010	-7720.020	169.600
384	126.393	0	front_left_wheel_hub_yaw_p30	0.000	0	-3231.132	-7924.304	93	104	-2939.990	-7729.980	169.300
385	126.675	0	front_left_wheel_hub_yaw_p30	0.000	0	-3231.132	-7924.304	93	104	-2939.990	-7729.980	169.300
386	126.971	0	front_left_wheel_hub_yaw_p30	0.000	0	-3231.132	-7924.304	93	104	-2939.990	-7729.980	169.300
387	127.321	0	front_left_wheel_hub_yaw_p30	0.000	0	-3201.828	-7923.287	94	104	-2910.010	-7729.980	169.100
388	127.692	0	front_left_wheel_hub_yaw_p30	0.000	0	-3201.828	-7923.287	94	104	-2910.010	-7729.980	169.100
389	128.052	0	front_left_wheel_hub_yaw_p30	0.000	0	-3201.828	-7923.287	94	104	-2910.010	-7729.980	169.100
390	128.363	0	front_left_wheel_hub_yaw_p30	0.000	0	-3183.151	-7921.244	94	104	-2889.990	-7729.980	168.700
391	128.671	0	front_left_wheel_hub_yaw_p30	0.000	0	-3183.151	-7921.244	94	104	-2889.990	-7729.980	168.700
392	129.023	0	front_left_wheel_hub_yaw_p30	0.000	0	-3183.151	-7921.244	94	104	-2889.990	-7729.980	168.700
396	130.244	0	front_left_wheel_hub_yaw_p30	0.000	0	-3118.725	-7922.424	95	104	-2820.020	-7739.942	167.000
397	130.530	0	front_left_wheel_hub_yaw_p30	0.000	0	-3118.725	-7922.424	95	104	-2820.020	-7739.942	167.000
398	130.879	0	front_left_wheel_hub_yaw_p30	0.000	0	-3118.725	-7922.424	95	104	-2820.020	-7739.942	167.000
399	131.166	0	front_left_wheel_hub_yaw_p30	0.000	0	-3118.725	-7922.424	95	104	-2820.020	-7739.942	167.000
400	131.565	0	front_left_wheel_hub_yaw_p30	0.000	0	-3079.022	-7914.447	96	104	-2770.020	-7750.000	163.600
401	131.943	0	front_left_wheel_hub_yaw_p30	0.000	0	-3079.022	-7914.447	96	104	-2770.020	-7750.000	163.600
406	133.417	0	front_left_wheel_hub_yaw_p30	0.000	0	-3006.134	-7920.280	98	104	-2689.990	-7770.020	161.000
407	133.712	0	front_left_wheel_hub_yaw_p30	0.000	0	-3006.134	-7920.280	98	104	-2689.990	-7770.020	161.000
408	134.073	0	front_left_wheel_hub_yaw_p30	0.000	0	-3006.134	-7920.280	98	104	-2689.990	-7770.020	161.000
409	134.355	0	front_left_wheel_hub_yaw_p30	0.000	0	-2965.617	-7931.343	98	104	-2650.000	-7779.980	161.200
410	134.715	0	front_left_wheel_hub_yaw_p30	0.000	0	-2965.617	-7931.343	98	104	-2650.000	-7779.980	161.200
411	135.117	0	front_left_wheel_hub_yaw_p30	0.000	0	-2965.617	-7931.343	98	104	-2650.000	-7779.980	161.200
412	135.478	0	front_left_wheel_hub_yaw_p30	0.000	0	-2925.363	-7941.855	99	104	-2610.010	-7789.942	161.300
413	135.773	0	front_left_wheel_hub_yaw_p30	0.000	0	-2925.363	-7941.855	99	104	-2610.010	-7789.942	161.300
414	136.193	0	front_left_wheel_hub_yaw_p30	0.000	0	-2925.363	-7941.855	99	104	-2610.010	-7789.942	161.300
415	136.581	0	front_left_wheel_hub_yaw_p30	0.000	0	-2894.850	-7962.974	100	103	-2580.029	-7809.961	161.500
416	136.953	0	front_left_wheel_hub_yaw_p30	0.000	0	-2894.850	-7962.974	100	103	-2580.029	-7809.961	161.500
417	137.242	0	front_left_wheel_hub_yaw_p30	0.000	0	-2864.015	-7964.620	100	103	-2550.000	-7809.961	161.800
418	137.525	0	front_left_wheel_hub_yaw_p30	0.000	0	-2864.015	-7964.620	100	103	-2550.000	-7809.961	161.800
419	137.816	0	front_left_wheel_hub_yaw_p30	0.000	0	-2864.015	-7964.620	100	103	-2550.000	-7809.961	161.800
420	138.183	0	front_left_wheel_hub_yaw_p30	0.000	0	-2864.015	-7964.620	100	103	-2550.000	-7809.961	161.800
421	138.558	0	front_left_wheel_hub_yaw_p30	0.000	0	-2843.230	-7976.321	101	103	-2530.029	-7820.020	162.100
422	138.904	0	front_left_wheel_hub_yaw_p30	0.000	0	-2843.230	-7976.321	101	103	-2530.029	-7820.020	162.100
423	139.272	0	front_left_wheel_hub_yaw_p30	0.000	0	-2822.388	-7987.920	101	103	-2510.010	-7829.980	162.400
424	139.632	0	front_left_wheel_hub_yaw_p30	0.000	0	-2822.388	-7987.920	101	103	-2510.010	-7829.980	162.400
425	139.924	0	front_left_wheel_hub_yaw_p30	0.000	0	-2822.388	-7987.920	101	103	-2510.010	-7829.980	162.400
426	140.219	0	front_left_wheel_hub_yaw_p30	0.000	0	-2811.547	-7989.553	101	103	-2500.000	-7829.980	162.700
427	140.590	0	front_left_wheel_hub_yaw_p30	0.000	0	-2811.547	-7989.553	101	103	-2500.000	-7829.980	162.700
428	140.942	0	front_left_wheel_hub_yaw_p30	0.000	0	-2811.547	-7989.553	101	103	-2500.000	-7829.980	162.700
429	141.235	0	front_left_wheel_hub_yaw_p30	0.000	0	-2800.416	-8001.685	102	103	-2489.990	-7839.942	163.100
430	141.545	0	front_left_wheel_hub_yaw_p30	0.000	0	-2800.416	-8001.685	102	103	-2489.990	-7839.942	163.100
431	141.928	0	front_left_wheel_hub_yaw_p30	0.000	0	-2800.416	-8001.685	102	103	-2489.990	-7839.942	163.100
432	142.296	0	front_left_wheel_hub_yaw_p30	0.000	0	-2800.416	-8001.685	102	103	-2489.990	-7839.942	163.100
433	142.585	0	front_left_wheel_hub_yaw_p30	0.000	0	-2789.888	-8002.768	102	103	-2480.029	-7839.942	163.300
434	142.865	0	front_left_wheel_hub_yaw_p30	0.000	0	-2789.888	-8002.768	102	103	-2480.029	-7839.942	163.300
435	143.156	0	front_left_wheel_hub_yaw_p30	0.000	0	-2789.888	-8002.768	102	103	-2480.029	-7839.942	163.300
436	143.457	0	front_left_wheel_hub_yaw_p30	0.000	0	-2789.604	-8003.308	102	103	-2480.029	-7839.942	163.400
437	143.816	0	front_left_wheel_hub_yaw_p30	0.000	0	-2789.604	-8003.308	102	103	-2480.029	-7839.942	163.400
438	144.206	0	front_left_wheel_hub_yaw_p30	0.000	0	-2789.888	-8002.768	102	103	-2480.029	-7839.942	163.300
439	144.498	0	front_left_wheel_hub_yaw_p30	0.000	0	-2789.888	-8002.768	102	103	-2480.029	-7839.942	163.300
440	144.783	0	front_left_wheel_hub_yaw_p30	0.000	0	-2789.888	-8002.768	102	103	-2480.029	-7839.942	163.300
441	145.158	0	front_left_wheel_hub_yaw_p30	0.000	0	-2789.888	-8002.768	102	103	-2480.029	-7839.942	163.300
442	145.451	0	front_left_wheel_hub_yaw_p30	0.000	0	-2800.416	-8001.685	102	103	-2489.990	-7839.942	163.100
443	145.766	0	front_left_wheel_hub_yaw_p30	0.000	0	-2800.416	-8001.685	102	103	-2489.990	-7839.942	163.100
444	146.131	0	front_left_wheel_hub_yaw_p30	0.000	0	-2800.416	-8001.685	102	103	-2489.990	-7839.942	163.100
445	146.430	0	front_left_wheel_hub_yaw_p30	0.000	0	-2811.268	-8000.058	101	103	-2500.000	-7839.942	162.800
446	146.798	0	front_left_wheel_hub_yaw_p30	0.000	0	-2811.268	-8000.058	101	103	-2500.000	-7839.942	162.800
447	147.152	0	front_left_wheel_hub_yaw_p30	0.000	0	-2822.663	-7987.374	101	103	-2510.010	-7829.980	162.300
448	147.445	0	front_left_wheel_hub_yaw_p30	0.000	0	-2822.663	-7987.374	101	103	-2510.010	-7829.980	162.300
449	147.797	0	front_left_wheel_hub_yaw_p30	0.000	0	-2822.663	-7987.374	101	103	-2510.010	-7829.980	162.300
450	148.099	0	front_left_wheel_hub_yaw_p30	0.000	0	-2822.663	-7987.374	101	103	-2510.010	-7829.980	162.300
451	148.533	0	front_left_wheel_hub_yaw_p30	0.000	0	-2844.582	-7973.582	101	103	-2530.029	-7820.020	161.600
452	148.890	0	front_left_wheel_hub_yaw_p30	0.000	0	-2844.582	-7973.582	101	103	-2530.029	-7820.020	161.600
453	149.255	0	front_left_wheel_hub_yaw_p30	0.000	0	-2855.871	-7970.831	101	103	-2539.990	-7820.020	161.100
454	149.544	0	front_left_wheel_hub_yaw_p30	0.000	0	-2855.871	-7970.831	101	103	-2539.990	-7820.020	161.100
455	149.831	0	front_left_wheel_hub_yaw_p30	0.000	0	-2855.871	-7970.831	101	103	-2539.990	-7820.020	161.100
456	150.117	0	front_left_wheel_hub_yaw_p30	0.000	0	-2855.871	-7970.831	101	103	-2539.990	-7820.020	161.100
457	150.428	0	front_left_wheel_hub_yaw_p30	0.000	0	-2887.463	-7957.456	100	104	-2570.020	-7809.961	160.500
458	150.790	0	front_left_wheel_hub_yaw_p30	0.000	0	-2887.463	-7957.456	100	104	-2570.020	-7809.961	160.500
459	151.150	0	front_left_wheel_hub_yaw_p30	0.000	0	-2887.463	-7957.456	100	104	-2570.020	-7809.961	160.500
460	151.454	0	front_left_wheel_hub_yaw_p30	0.000	0	-2908.960	-7944.163	100	104	-2589.990	-7800.000	159.900
461	151.817	0	front_left_wheel_hub_yaw_p30	0.000	0	-2908.960	-7944.163	100	104	-2589.990	-7800.000	159.900
462	152.119	0	front_left_wheel_hub_yaw_p30	0.000	0	-2908.960	-7944.163	100	104	-2589.990	-7800.000	159.900
463	152.476	0	front_left_wheel_hub_yaw_p30	0.000	0	-2939.988	-7921.913	99	104	-2620.020	-7779.980	159.500
464	152.873	0	front_left_wheel_hub_yaw_p30	0.000	0	-2939.988	-7921.913	99	104	-2620.020	-7779.980	159.500
465	153.160	0	front_left_wheel_hub_yaw_p30	0.000	0	-2970.952	-7909.715	98	105	-2650.000	-7770.020	159.100
466	153.545	0	front_left_wheel_hub_yaw_p30	0.000	0	-2970.952	-7909.715	98	105	-2650.000	-7770.020	159.100
467	153.922	0	front_left_wheel_hub_yaw_p30	0.000	0	-2970.952	-7909.715	98	105	-2650.000	-7770.020	159.100
468	154.220	0	front_left_wheel_hub_yaw_p30	0.000	0	-3011.185	-7899.096	97	105	-2689.990	-7759.961	159.000
469	154.586	0	front_left_wheel_hub_yaw_p30	0.000	0	-3011.185	-7899.096	97	105	-2689.990	-7759.961	159.000
470	154.970	0	front_left_wheel_hub_yaw_p30	0.000	0	-3011.185	-7899.096	97	105	-2689.990	-7759.961	159.000
471	155.308	0	front_left_wheel_hub_yaw_p30	0.000	0	-3051.467	-7878.516	97	105	-2730.029	-7739.942	158.900
472	155.676	0	front_left_wheel_hub_yaw_p30	0.000	0	-3051.467	-7878.516	97	105	-2730.029	-7739.942	158.900
473	156.041	0	front_left_wheel_hub_yaw_p30	0.000	0	-3051.467	-7878.516	97	105	-2730.029	-7739.942	158.900
474	156.448	0	front_left_wheel_hub_yaw_p30	0.000	0	-3101.708	-7858.033	96	106	-2780.029	-7720.020	158.800
475	156.803	0	front_left_wheel_hub_yaw_p30	0.000	0	-3101.708	-7858.033	96	106	-2780.029	-7720.020	158.800
476	157.128	0	front_left_wheel_hub_yaw_p30	0.000	0	-3101.708	-7858.033	96	106	-2780.029	-7720.020	158.800
480	158.419	0	front_left_wheel_hub_yaw_p30	0.000	0	-3201.708	-7817.994	94	106	-2880.029	-7679.980	158.800
481	158.749	0	front_left_wheel_hub_yaw_p30	0.000	0	-3201.708	-7817.994	94	106	-2880.029	-7679.980	158.800
482	159.045	0	front_left_wheel_hub_yaw_p30	0.000	0	-3201.708	-7817.994	94	106	-2880.029	-7679.980	158.800
483	159.373	0	front_left_wheel_hub_yaw_p30	0.000	0	-3261.669	-7797.974	92	107	-2939.990	-7659.961	158.800
484	159.682	0	front_left_wheel_hub_yaw_p30	0.000	0	-3261.669	-7797.974	92	107	-2939.990	-7659.961	158.800
485	159.966	0	front_left_wheel_hub_yaw_p30	0.000	0	-3261.669	-7797.974	92	107	-2939.990	-7659.961	158.800
486	160.248	0	front_left_wheel_hub_yaw_p30	0.000	0	-3330.472	-7770.796	91	107	-3010.010	-7629.980	159.300
487	160.563	0	front_left_wheel_hub_yaw_p30	0.000	0	-3330.472	-7770.796	91	107	-3010.010	-7629.980	159.300
488	160.879	0	front_left_wheel_hub_yaw_p30	0.000	0	-3330.472	-7770.796	91	107	-3010.010	-7629.980	159.300
489	161.163	0	front_left_wheel_hub_yaw_p30	0.000	0	-3387.720	-7756.902	90	108	-3070.020	-7609.961	160.400
490	161.451	0	front_left_wheel_hub_yaw_p30	0.000	0	-3387.720	-7756.902	90	108	-3070.020	-7609.961	160.400
491	161.767	0	front_left_wheel_hub_yaw_p30	0.000	0	-3387.720	-7756.902	90	108	-3070.020	-7609.961	160.400
492	162.079	0	front_left_wheel_hub_yaw_p30	0.000	0	-3387.720	-7756.902	90	108	-3070.020	-7609.961	160.400
493	162.397	0	front_left_wheel_hub_yaw_p30	0.000	0	-3462.654	-7747.335	88	108	-3150.000	-7589.942	162.300
494	162.723	0	front_left_wheel_hub_yaw_p30	0.000	0	-3462.654	-7747.335	88	108	-3150.000	-7589.942	162.300
495	163.014	0	front_left_wheel_hub_yaw_p30	0.000	0	-3462.654	-7747.335	88	108	-3150.000	-7589.942	162.300
496	163.323	0	front_left_wheel_hub_yaw_p30	0.000	0	-3536.410	-7739.299	87	108	-3230.029	-7570.020	164.500
497	163.672	0	front_left_wheel_hub_yaw_p30	0.000	0	-3536.410	-7739.299	87	108	-3230.029	-7570.020	164.500
498	163.955	0	front_left_wheel_hub_yaw_p30	0.000	0	-3536.410	-7739.299	87	108	-3230.029	-7570.020	164.500
499	164.238	0	front_left_wheel_hub_yaw_p30	0.000	0	-3536.410	-7739.299	87	108	-3230.029	-7570.020	164.500
500	164.526	0	front_left_wheel_hub_yaw_p30	0.000	0	-3618.725	-7732.483	85	108	-3320.020	-7550.000	167.000
501	164.991	0	front_left_wheel_hub_yaw_p30	0.000	0	-3618.725	-7732.483	85	108	-3320.020	-7550.000	167.000
502	165.317	0	front_left_wheel_hub_yaw_p30	0.000	0	-3710.481	-7735.280	83	108	-3420.020	-7539.942	169.500
503	165.698	0	front_left_wheel_hub_yaw_p30	0.000	0	-3710.481	-7735.280	83	108	-3420.020	-7539.942	169.500
504	166.021	0	front_left_wheel_hub_yaw_p30	0.000	0	-3710.481	-7735.280	83	108	-3420.020	-7539.942	169.500
505	166.336	0	front_left_wheel_hub_yaw_p30	0.000	0	-3803.487	-7735.337	82	108	-3520.020	-7529.980	171.500
506	166.646	0	front_left_wheel_hub_yaw_p30	0.000	0	-3803.487	-7735.337	82	108	-3520.020	-7529.980	171.500
507	166.930	0	front_left_wheel_hub_yaw_p30	0.000	0	-3803.487	-7735.337	82	108	-3520.020	-7529.980	171.500
508	167.215	0	front_left_wheel_hub_yaw_p30	0.000	0	-3803.487	-7735.337	82	108	-3520.020	-7529.980	171.500
509	167.519	0	front_left_wheel_hub_yaw_p30	0.000	0	-3912.511	-7692.286	79	109	-3620.020	-7500.000	168.900
510	167.804	0	front_left_wheel_hub_yaw_p30	0.000	0	-3912.511	-7692.286	79	109	-3620.020	-7500.000	168.900
511	168.138	0	front_left_wheel_hub_yaw_p30	0.000	0	-3912.511	-7692.286	79	109	-3620.020	-7500.000	168.900
512	168.460	0	front_left_wheel_hub_yaw_p30	0.000	0	-3990.802	-7684.773	78	109	-3700.000	-7489.942	169.400
513	168.833	0	front_left_wheel_hub_yaw_p30	0.000	0	-3990.802	-7684.773	78	109	-3700.000	-7489.942	169.400
514	169.168	0	front_left_wheel_hub_yaw_p30	0.000	0	-3990.802	-7684.773	78	109	-3700.000	-7489.942	169.400
515	169.479	0	front_left_wheel_hub_yaw_p30	0.000	1	-4027.250	-7703.617	77	109	-3750.000	-7489.942	173.200
516	169.820	0	front_left_wheel_hub_yaw_p30	0.000	1	-4027.250	-7703.617	77	109	-3750.000	-7489.942	173.200
517	170.105	0	front_left_wheel_hub_yaw_p30	0.000	1	-4027.250	-7703.617	77	109	-3750.000	-7489.942	173.200
518	170.395	0	front_left_wheel_hub_yaw_p30	0.000	1	-4066.753	-7737.924	76	108	-3810.010	-7500.000	178.400
519	170.742	0	front_left_wheel_hub_yaw_p30	0.000	1	-4066.753	-7737.924	76	108	-3810.010	-7500.000	178.400
520	171.024	0	front_left_wheel_hub_yaw_p30	0.000	1	-4066.753	-7737.924	76	108	-3810.010	-7500.000	178.400
521	171.361	0	front_left_wheel_hub_yaw_p30	0.000	1	-4090.477	-7783.477	76	107	-3860.010	-7520.020	-175.600
522	171.714	0	front_left_wheel_hub_yaw_p30	0.000	1	-4090.477	-7783.477	76	107	-3860.010	-7520.020	-175.600
523	172.011	0	front_left_wheel_hub_yaw_p30	0.000	1	-4090.477	-7783.477	76	107	-3860.010	-7520.020	-175.600
524	172.315	0	front_left_wheel_hub_yaw_p30	0.000	1	-4102.663	-7825.341	76	106	-3900.000	-7539.942	-169.800
525	172.678	0	front_left_wheel_hub_yaw_p30	0.000	1	-4102.663	-7825.341	76	106	-3900.000	-7539.942	-169.800
526	172.995	0	front_left_wheel_hub_yaw_p30	0.000	1	-4102.663	-7825.341	76	106	-3900.000	-7539.942	-169.800
530	174.269	0	front_left_wheel_hub_yaw_p30	0.000	1	-4135.524	-7912.677	75	104	-4000.000	-7589.942	-157.200
531	174.562	0	front_left_wheel_hub_yaw_p30	0.000	1	-4135.524	-7912.677	75	104	-4000.000	-7589.942	-157.200
532	174.873	0	front_left_wheel_hub_yaw_p30	0.000	1	-4135.524	-7912.677	75	104	-4000.000	-7589.942	-157.200
533	175.188	0	front_left_wheel_hub_yaw_p30	0.000	1	-4138.695	-7965.811	75	103	-4039.990	-7629.980	-150.800
534	175.477	0	front_left_wheel_hub_yaw_p30	0.000	1	-4138.695	-7965.811	75	103	-4039.990	-7629.980	-150.800
535	175.759	0	front_left_wheel_hub_yaw_p30	0.000	1	-4138.695	-7965.811	75	103	-4039.990	-7629.980	-150.800
536	176.039	0	front_left_wheel_hub_yaw_p30	0.000	1	-4138.695	-7965.811	75	103	-4039.990	-7629.980	-150.800
537	176.325	0	front_left_wheel_hub_yaw_p30	0.000	1	-4140.391	-8026.369	75	102	-4089.990	-7679.980	-142.700
538	176.608	0	front_left_wheel_hub_yaw_p30	0.000	1	-4140.391	-8026.369	75	102	-4089.990	-7679.980	-142.700
539	176.898	0	front_left_wheel_hub_yaw_p30	0.000	1	-4140.391	-8026.369	75	102	-4089.990	-7679.980	-142.700
540	177.190	0	front_left_wheel_hub_yaw_p30	0.000	1	-4127.220	-8089.903	75	101	-4120.020	-7739.942	-135.600
541	177.486	0	front_left_wheel_hub_yaw_p30	0.000	1	-4127.220	-8089.903	75	101	-4120.020	-7739.942	-135.600
542	177.768	0	front_left_wheel_hub_yaw_p30	0.000	1	-4127.220	-8089.903	75	101	-4120.020	-7739.942	-135.600
543	178.086	0	front_left_wheel_hub_yaw_p30	0.000	1	-4127.220	-8089.903	75	101	-4120.020	-7739.942	-135.600
544	178.427	0	front_left_wheel_hub_yaw_p30	0.000	1	-4113.587	-8156.905	75	100	-4160.010	-7809.961	-126.800
545	178.767	0	front_left_wheel_hub_yaw_p30	0.000	1	-4113.587	-8156.905	75	100	-4160.010	-7809.961	-126.800
546	179.085	0	front_left_wheel_hub_yaw_p30	0.000	1	-4113.587	-8156.905	75	100	-4160.010	-7809.961	-126.800
547	179.422	0	front_left_wheel_hub_yaw_p30	0.000	1	-4084.009	-8216.589	76	98	-4180.029	-7879.980	-118.500
548	179.734	0	front_left_wheel_hub_yaw_p30	0.000	1	-4084.009	-8216.589	76	98	-4180.029	-7879.980	-118.500
549	180.047	0	front_left_wheel_hub_yaw_p30	0.000	1	-4084.009	-8216.589	76	98	-4180.029	-7879.980	-118.500
550	180.337	0	front_left_wheel_hub_yaw_p30	0.000	1	-4044.159	-8278.172	77	97	-4189.990	-7959.961	-109.800
551	180.648	0	front_left_wheel_hub_yaw_p30	0.000	1	-4044.159	-8278.172	77	97	-4189.990	-7959.961	-109.800
552	180.949	0	front_left_wheel_hub_yaw_p30	0.000	1	-4044.159	-8278.172	77	97	-4189.990	-7959.961	-109.800
553	181.260	0	front_left_wheel_hub_yaw_p30	0.000	1	-4000.123	-8337.357	78	96	-4200.000	-8050.000	-99.600
554	181.551	0	front_left_wheel_hub_yaw_p30	0.000	1	-4000.123	-8337.357	78	96	-4200.000	-8050.000	-99.600
555	181.856	0	front_left_wheel_hub_yaw_p30	0.000	1	-4000.123	-8337.357	78	96	-4200.000	-8050.000	-99.600
556	182.177	0	front_left_wheel_hub_yaw_p30	0.000	1	-3956.128	-8390.429	79	95	-4189.990	-8129.980	-92.500
557	182.481	0	front_left_wheel_hub_yaw_p30	0.000	1	-3956.128	-8390.429	79	95	-4189.990	-8129.980	-92.500
558	182.797	0	front_left_wheel_hub_yaw_p30	0.000	1	-3956.128	-8390.429	79	95	-4189.990	-8129.980	-92.500
559	183.086	0	front_left_wheel_hub_yaw_p30	0.000	1	-3956.128	-8390.429	79	95	-4189.990	-8129.980	-92.500
560	183.409	0	front_left_wheel_hub_yaw_p30	0.000	1	-3927.297	-8472.161	79	93	-4180.029	-8229.980	-88.200
561	183.720	0	front_left_wheel_hub_yaw_p30	0.000	1	-3927.297	-8472.161	79	93	-4180.029	-8229.980	-88.200
562	184.032	0	front_left_wheel_hub_yaw_p30	0.000	1	-3927.297	-8472.161	79	93	-4180.029	-8229.980	-88.200
563	184.319	0	front_left_wheel_hub_yaw_p30	0.000	1	-3906.160	-8550.026	80	92	-4170.020	-8320.020	-85.500
564	184.615	0	front_left_wheel_hub_yaw_p30	0.000	1	-3906.160	-8550.026	80	92	-4170.020	-8320.020	-85.500
565	184.901	0	front_left_wheel_hub_yaw_p30	0.000	1	-3906.160	-8550.026	80	92	-4170.020	-8320.020	-85.500
566	185.184	0	front_left_wheel_hub_yaw_p30	0.000	1	-3891.391	-8644.450	80	90	-4160.010	-8420.020	-84.300
567	185.515	0	front_left_wheel_hub_yaw_p30	0.000	1	-3891.391	-8644.450	80	90	-4160.010	-8420.020	-84.300
568	185.825	0	front_left_wheel_hub_yaw_p30	0.000	1	-3891.391	-8644.450	80	90	-4160.010	-8420.020	-84.300
569	186.112	0	front_left_wheel_hub_yaw_p30	0.000	1	-3891.391	-8644.450	80	90	-4160.010	-8420.020	-84.300
570	186.454	0	front_left_wheel_hub_yaw_p30	0.000	1	-3882.955	-8746.320	80	88	-4150.000	-8520.020	-84.700
571	186.795	0	front_left_wheel_hub_yaw_p30	0.000	1	-3882.955	-8746.320	80	88	-4150.000	-8520.020	-84.700
572	187.086	0	front_left_wheel_hub_yaw_p30	0.000	1	-3882.955	-8746.320	80	88	-4150.000	-8520.020	-84.700
573	187.410	0	front_left_wheel_hub_yaw_p30	0.000	1	-3897.268	-8852.142	80	86	-4150.000	-8609.961	-88.200
574	187.764	0	front_left_wheel_hub_yaw_p30	0.000	1	-3897.268	-8852.142	80	86	-4150.000	-8609.961	-88.200
575	188.119	0	front_left_wheel_hub_yaw_p30	0.000	1	-3897.268	-8852.142	80	86	-4150.000	-8609.961	-88.200
576	188.450	0	front_left_wheel_hub_yaw_p30	0.000	1	-3954.414	-8995.772	79	83	-4170.020	-8720.020	-96.400
577	188.808	0	front_left_wheel_hub_yaw_p30	0.000	1	-3954.414	-8995.772	79	83	-4170.020	-8720.020	-96.400
578	189.106	0	front_left_wheel_hub_yaw_p30	0.000	1	-3954.414	-8995.772	79	83	-4170.020	-8720.020	-96.400
579	189.425	0	front_left_wheel_hub_yaw_p30	0.000	0	-4030.720	-9106.381	77	81	-4200.000	-8800.000	-105.500
580	189.785	0	front_left_wheel_hub_yaw_p30	0.000	0	-4030.720	-9106.381	77	81	-4200.000	-8800.000	-105.500
581	190.127	0	front_left_wheel_hub_yaw_p30	0.000	0	-4030.720	-9106.381	77	81	-4200.000	-8800.000	-105.500
582	190.419	0	front_left_wheel_hub_yaw_p30	0.000	0	-4166.387	-9234.343	74	78	-4270.020	-8900.000	-117.200
583	190.797	0	front_left_wheel_hub_yaw_p30	0.000	0	-4166.387	-9234.343	74	78	-4270.020	-8900.000	-117.200
584	191.115	0	front_left_wheel_hub_yaw_p30	0.000	0	-4166.387	-9234.343	74	78	-4270.020	-8900.000	-117.200
585	191.404	0	front_left_wheel_hub_yaw_p30	0.000	0	-4303.272	-9328.085	72	76	-4339.990	-8979.980	-128.400
586	191.747	0	front_left_wheel_hub_yaw_p30	0.000	0	-4303.272	-9328.085	72	76	-4339.990	-8979.980	-128.400
587	192.038	0	front_left_wheel_hub_yaw_p30	0.000	0	-4303.272	-9328.085	72	76	-4339.990	-8979.980	-128.400
588	192.344	0	front_left_wheel_hub_yaw_p30	0.000	1	-4461.625	-9378.587	68	75	-4430.029	-9029.980	-139.600
589	192.691	0	front_left_wheel_hub_yaw_p30	0.000	1	-4461.625	-9378.587	68	75	-4430.029	-9029.980	-139.600
590	192.972	0	front_left_wheel_hub_yaw_p30	0.000	1	-4461.625	-9378.587	68	75	-4430.029	-9029.980	-139.600
591	193.286	0	front_left_wheel_hub_yaw_p30	0.000	1	-4616.378	-9406.531	65	75	-4520.020	-9070.020	-150.400
592	193.623	0	front_left_wheel_hub_yaw_p30	0.000	1	-4616.378	-9406.531	65	75	-4520.020	-9070.020	-150.400
593	193.920	0	front_left_wheel_hub_yaw_p30	0.000	1	-4616.378	-9406.531	65	75	-4520.020	-9070.020	-150.400
594	194.225	0	front_left_wheel_hub_yaw_p30	0.000	0	-4761.689	-9415.466	62	74	-4610.010	-9100.000	-160.100
595	194.602	0	front_left_wheel_hub_yaw_p30	0.000	1	-4761.689	-9415.466	62	74	-4610.010	-9100.000	-160.100
596	194.918	0	front_left_wheel_hub_yaw_p30	0.000	1	-4761.689	-9415.466	62	74	-4610.010	-9100.000	-160.100
597	195.206	0	front_left_wheel_hub_yaw_p30	0.000	0	-4870.655	-9425.637	60	74	-4700.000	-9120.020	-163.600
598	195.539	0	front_left_wheel_hub_yaw_p30	0.000	0	-4870.655	-9425.637	60	74	-4700.000	-9120.020	-163.600
599	195.821	0	front_left_wheel_hub_yaw_p30	0.000	0	-4870.655	-9425.637	60	74	-4700.000	-9120.020	-163.600
600	196.119	0	front_left_wheel_hub_yaw_p30	0.000	0	-4870.655	-9425.637	60	74	-4700.000	-9120.020	-163.600
601	196.507	0	front_left_wheel_hub_yaw_p30	0.000	0	-4929.905	-9461.387	59	73	-4770.020	-9150.000	-161.600
602	196.827	0	front_left_wheel_hub_yaw_p30	0.000	0	-4929.905	-9461.387	59	73	-4770.020	-9150.000	-161.600
603	197.192	0	front_left_wheel_hub_yaw_p30	0.000	0	-4929.905	-9461.387	59	73	-4770.020	-9150.000	-161.600
604	197.522	0	front_left_wheel_hub_yaw_p30	0.000	0	-4949.891	-9505.032	59	73	-4820.020	-9179.980	-156.200
605	197.847	0	front_left_wheel_hub_yaw_p30	0.000	1	-4949.891	-9505.032	59	73	-4820.020	-9179.980	-156.200
606	198.135	0	front_left_wheel_hub_yaw_p30	0.000	1	-4949.891	-9505.032	59	73	-4820.020	-9179.980	-156.200
607	198.432	0	front_left_wheel_hub_yaw_p30	0.000	1	-4948.614	-9532.755	59	72	-4839.990	-9200.000	-152.500
608	198.720	0	front_left_wheel_hub_yaw_p30	0.000	1	-4948.614	-9532.755	59	72	-4839.990	-9200.000	-152.500
609	199.030	0	front_left_wheel_hub_yaw_p30	0.000	1	-4948.614	-9532.755	59	72	-4839.990	-9200.000	-152.500
610	199.331	0	front_left_wheel_hub_yaw_p30	0.000	1	-4958.127	-9558.785	59	72	-4870.020	-9220.020	-149.000
611	199.636	0	front_left_wheel_hub_yaw_p30	0.000	1	-4958.127	-9558.785	59	72	-4870.020	-9220.020	-149.000
612	199.934	0	front_left_wheel_hub_yaw_p30	0.000	1	-4958.127	-9558.785	59	72	-4870.020	-9220.020	-149.000
613	200.222	0	front_left_wheel_hub_yaw_p30	0.000	1	-4958.127	-9558.785	59	72	-4870.020	-9220.020	-149.000
614	200.544	0	front_left_wheel_hub_yaw_p30	0.000	1	-4950.286	-9582.854	59	71	-4880.029	-9239.942	-146.000
615	200.851	0	front_left_wheel_hub_yaw_p30	0.000	1	-4950.286	-9582.854	59	71	-4880.029	-9239.942	-146.000
616	201.140	0	front_left_wheel_hub_yaw_p30	0.000	1	-4950.286	-9582.854	59	71	-4880.029	-9239.942	-146.000
620	202.312	0	front_left_wheel_hub_yaw_p30	0.000	1	-4950.113	-9617.750	59	70	-4910.010	-9270.020	-141.000
621	202.595	0	front_left_wheel_hub_yaw_p30	0.000	1	-4950.113	-9617.750	59	70	-4910.010	-9270.020	-141.000
622	202.912	0	front_left_wheel_hub_yaw_p30	0.000	1	-4950.113	-9617.750	59	70	-4910.010	-9270.020	-141.000
623	203.248	0	front_left_wheel_hub_yaw_p30	0.000	1	-4938.562	-9628.850	59	70	-4910.010	-9279.980	-139.100
624	203.551	0	front_left_wheel_hub_yaw_p30	0.000	1	-4938.562	-9628.850	59	70	-4910.010	-9279.980	-139.100
625	203.877	0	front_left_wheel_hub_yaw_p30	0.000	1	-4938.562	-9628.850	59	70	-4910.010	-9279.980	-139.100
626	204.176	0	front_left_wheel_hub_yaw_p30	0.000	1	-4938.562	-9628.850	59	70	-4910.010	-9279.980	-139.100
627	204.486	0	front_left_wheel_hub_yaw_p30	0.000	1	-4938.819	-9649.531	59	70	-4920.020	-9300.000	-137.500
628	204.793	0	front_left_wheel_hub_yaw_p30	0.000	1	-4938.819	-9649.531	59	70	-4920.020	-9300.000	-137.500
629	205.089	0	front_left_wheel_hub_yaw_p30	0.000	1	-4938.819	-9649.531	59	70	-4920.020	-9300.000	-137.500
630	205.378	0	front_left_wheel_hub_yaw_p30	0.000	1	-4942.116	-9649.827	59	70	-4930.029	-9300.000	-136.400
631	205.672	0	front_left_wheel_hub_yaw_p30	0.000	1	-4942.116	-9649.827	59	70	-4930.029	-9300.000	-136.400
632	205.999	0	front_left_wheel_hub_yaw_p30	0.000	1	-4942.116	-9649.827	59	70	-4930.029	-9300.000	-136.400
633	206.288	0	front_left_wheel_hub_yaw_p30	0.000	1	-4937.230	-9659.923	59	70	-4930.029	-9309.961	-135.600
634	206.575	0	front_left_wheel_hub_yaw_p30	0.000	1	-4937.230	-9659.923	59	70	-4930.029	-9309.961	-135.600
635	206.860	0	front_left_wheel_hub_yaw_p30	0.000	1	-4937.230	-9659.923	59	70	-4930.029	-9309.961	-135.600
636	207.144	0	front_left_wheel_hub_yaw_p30	0.000	1	-4934.787	-9659.964	59	69	-4930.029	-9309.961	-135.200
637	207.468	0	front_left_wheel_hub_yaw_p30	0.000	1	-4934.787	-9659.964	59	69	-4930.029	-9309.961	-135.200
638	207.759	0	front_left_wheel_hub_yaw_p30	0.000	1	-4934.787	-9659.964	59	69	-4930.029	-9309.961	-135.200
639	208.072	0	front_left_wheel_hub_yaw_p30	0.000	1	-4934.787	-9659.964	59	69	-4930.029	-9309.961	-135.200
640	208.360	0	front_left_wheel_hub_yaw_p30	0.000	1	-4934.787	-9659.964	59	69	-4930.029	-9309.961	-135.200
641	208.667	0	front_left_wheel_hub_yaw_p30	0.000	1	-4934.787	-9659.964	59	69	-4930.029	-9309.961	-135.200
642	208.953	0	front_left_wheel_hub_yaw_p30	0.000	1	-4934.787	-9659.964	59	69	-4930.029	-9309.961	-135.200
643	209.281	0	front_left_wheel_hub_yaw_p30	0.000	1	-4937.230	-9659.923	59	70	-4930.029	-9309.961	-135.600
644	209.601	0	front_left_wheel_hub_yaw_p30	0.000	1	-4937.230	-9659.923	59	70	-4930.029	-9309.961	-135.600
645	209.889	0	front_left_wheel_hub_yaw_p30	0.000	1	-4937.230	-9659.923	59	70	-4930.029	-9309.961	-135.600
646	210.180	0	front_left_wheel_hub_yaw_p30	0.000	1	-4942.116	-9659.788	59	70	-4930.029	-9309.961	-136.400
647	210.496	0	front_left_wheel_hub_yaw_p30	0.000	1	-4942.116	-9659.788	59	70	-4930.029	-9309.961	-136.400
648	210.869	0	front_left_wheel_hub_yaw_p30	0.000	1	-4942.116	-9659.788	59	70	-4930.029	-9309.961	-136.400
649	211.151	0	front_left_wheel_hub_yaw_p30	0.000	1	-4942.116	-9659.788	59	70	-4930.029	-9309.961	-136.400
650	211.435	0	front_left_wheel_hub_yaw_p30	0.000	1	-4940.039	-9649.463	59	70	-4920.020	-9300.000	-137.700
651	211.731	0	front_left_wheel_hub_yaw_p30	0.000	1	-4940.039	-9649.463	59	70	-4920.020	-9300.000	-137.700
652	212.016	0	front_left_wheel_hub_yaw_p30	0.000	1	-4940.039	-9649.463	59	70	-4920.020	-9300.000	-137.700
653	212.300	0	front_left_wheel_hub_yaw_p30	0.000	1	-4947.962	-9638.860	59	70	-4920.020	-9289.942	-139.000
654	212.587	0	front_left_wheel_hub_yaw_p30	0.000	1	-4947.962	-9638.860	59	70	-4920.020	-9289.942	-139.000
655	212.867	0	front_left_wheel_hub_yaw_p30	0.000	1	-4947.962	-9638.860	59	70	-4920.020	-9289.942	-139.000
656	213.153	0	front_left_wheel_hub_yaw_p30	0.000	1	-4947.962	-9638.860	59	70	-4920.020	-9289.942	-139.000
657	213.443	0	front_left_wheel_hub_yaw_p30	0.000	1	-4948.899	-9627.849	59	70	-4910.010	-9279.980	-140.800
658	213.730	0	front_left_wheel_hub_yaw_p30	0.000	1	-4948.899	-9627.849	59	70	-4910.010	-9279.980	-140.800
659	214.025	0	front_left_wheel_hub_yaw_p30	0.000	1	-4948.899	-9627.849	59	70	-4910.010	-9279.980	-140.800
660	214.308	0	front_left_wheel_hub_yaw_p30	0.000	1	-4950.401	-9606.349	59	71	-4900.000	-9259.961	-142.700
661	214.617	0	front_left_wheel_hub_yaw_p30	0.000	1	-4950.401	-9606.349	59	71	-4900.000	-9259.961	-142.700
662	214.904	0	front_left_wheel_hub_yaw_p30	0.000	1	-4950.401	-9606.349	59	71	-4900.000	-9259.961	-142.700
663	215.214	0	front_left_wheel_hub_yaw_p30	0.000	1	-4952.449	-9594.418	59	71	-4889.990	-9250.000	-144.700
664	215.506	0	front_left_wheel_hub_yaw_p30	0.000	1	-4952.449	-9594.418	59	71	-4889.990	-9250.000	-144.700
665	215.833	0	front_left_wheel_hub_yaw_p30	0.000	1	-4952.449	-9594.418	59	71	-4889.990	-9250.000	-144.700
666	216.131	0	front_left_wheel_hub_yaw_p30	0.000	1	-4957.452	-9571.346	59	71	-4880.029	-9229.980	-147.200
667	216.439	0	front_left_wheel_hub_yaw_p30	0.000	1	-4957.452	-9571.346	59	71	-4880.029	-9229.980	-147.200
668	216.777	0	front_left_wheel_hub_yaw_p30	0.000	1	-4957.452	-9571.346	59	71	-4880.029	-9229.980	-147.200
669	217.061	0	front_left_wheel_hub_yaw_p30	0.000	1	-4957.452	-9571.346	59	71	-4880.029	-9229.980	-147.200
670	217.345	0	front_left_wheel_hub_yaw_p30	0.000	1	-4962.259	-9557.683	58	72	-4870.020	-9220.020	-149.700
671	217.626	0	front_left_wheel_hub_yaw_p30	0.000	1	-4962.259	-9557.683	58	72	-4870.020	-9220.020	-149.700
672	217.906	0	front_left_wheel_hub_yaw_p30	0.000	1	-4962.259	-9557.683	58	72	-4870.020	-9220.020	-149.700
673	218.190	0	front_left_wheel_hub_yaw_p30	0.000	1	-4959.785	-9532.374	59	72	-4850.000	-9200.000	-152.700
674	218.483	0	front_left_wheel_hub_yaw_p30	0.000	1	-4959.785	-9532.374	59	72	-4850.000	-9200.000	-152.700
675	218.764	0	front_left_wheel_hub_yaw_p30	0.000	1	-4959.785	-9532.374	59	72	-4850.000	-9200.000	-152.700
676	219.047	0	front_left_wheel_hub_yaw_p30	0.000	1	-4959.785	-9532.374	59	72	-4850.000	-9200.000	-152.700
677	219.342	0	front_left_wheel_hub_yaw_p30	0.000	1	-4958.765	-9505.483	59	73	-4830.029	-9179.980	-156.000
678	219.669	0	front_left_wheel_hub_yaw_p30	0.000	1	-4958.765	-9505.483	59	73	-4830.029	-9179.980	-156.000
679	219.962	0	front_left_wheel_hub_yaw_p30	0.000	1	-4958.765	-9505.483	59	73	-4830.029	-9179.980	-156.000
680	220.279	0	front_left_wheel_hub_yaw_p30	0.000	1	-4957.269	-9477.513	59	73	-4810.010	-9159.961	-159.300
681	220.593	0	front_left_wheel_hub_yaw_p30	0.000	1	-4957.269	-9477.513	59	73	-4810.010	-9159.961	-159.300
682	220.904	0	front_left_wheel_hub_yaw_p30	0.000	1	-4957.269	-9477.513	59	73	-4810.010	-9159.961	-159.300
683	221.203	0	front_left_wheel_hub_yaw_p30	0.000	1	-4957.269	-9477.513	59	73	-4810.010	-9159.961	-159.300
684	221.539	0	front_left_wheel_hub_yaw_p30	0.000	1	-4957.972	-9457.095	59	74	-4789.990	-9150.000	-163.100
685	221.879	0	front_left_wheel_hub_yaw_p30	0.000	1	-4957.972	-9457.095	59	74	-4789.990	-9150.000	-163.100
686	222.201	0	front_left_wheel_hub_yaw_p30	0.000	1	-4947.974	-9425.267	59	74	-4760.010	-9129.980	-166.900
687	222.513	0	front_left_wheel_hub_yaw_p30	0.000	1	-4947.974	-9425.267	59	74	-4760.010	-9129.980	-166.900
688	222.813	0	front_left_wheel_hub_yaw_p30	0.000	1	-4947.974	-9425.267	59	74	-4760.010	-9129.980	-166.900
689	223.120	0	front_left_wheel_hub_yaw_p30	0.000	1	-4947.974	-9425.267	59	74	-4760.010	-9129.980	-166.900
690	223.407	0	front_left_wheel_hub_yaw_p30	0.000	1	-4938.134	-9391.417	59	75	-4730.029	-9109.961	-170.900
691	223.711	0	front_left_wheel_hub_yaw_p30	0.000	1	-4938.134	-9391.417	59	75	-4730.029	-9109.961	-170.900
692	224.001	0	front_left_wheel_hub_yaw_p30	0.000	1	-4938.134	-9391.417	59	75	-4730.029	-9109.961	-170.900
693	224.289	0	front_left_wheel_hub_yaw_p30	0.000	1	-4929.084	-9364.661	59	75	-4700.000	-9100.000	-175.300
694	224.597	0	front_left_wheel_hub_yaw_p30	0.000	1	-4929.084	-9364.661	59	75	-4700.000	-9100.000	-175.300
695	224.938	0	front_left_wheel_hub_yaw_p30	0.000	1	-4929.084	-9364.661	59	75	-4700.000	-9100.000	-175.300
696	225.266	0	front_left_wheel_hub_yaw_p30	0.000	1	-4929.084	-9364.661	59	75	-4700.000	-9100.000	-175.300
697	225.556	0	front_left_wheel_hub_yaw_p30	0.000	1	-4911.289	-9323.668	59	76	-4660.010	-9079.980	179.700
698	225.837	0	front_left_wheel_hub_yaw_p30	0.000	1	-4911.289	-9323.668	59	76	-4660.010	-9079.980	179.700
699	226.123	0	front_left_wheel_hub_yaw_p30	0.000	1	-4911.289	-9323.668	59	76	-4660.010	-9079.980	179.700
703	227.349	0	front_left_wheel_hub_yaw_p30	0.000	0	-4870.928	-9278.824	60	77	-4589.990	-9070.020	172.200
704	227.654	0	front_left_wheel_hub_yaw_p30	0.000	0	-4870.928	-9278.824	60	77	-4589.990	-9070.020	172.200
705	227.938	0	front_left_wheel_hub_yaw_p30	0.000	0	-4870.928	-9278.824	60	77	-4589.990	-9070.020	172.200
706	228.217	0	front_left_wheel_hub_yaw_p30	0.000	0	-4870.928	-9278.824	60	77	-4589.990	-9070.020	172.200
710	229.378	0	front_left_wheel_hub_yaw_p30	0.000	0	-4774.677	-9330.097	62	76	-4520.020	-9089.942	178.900
711	229.671	0	front_left_wheel_hub_yaw_p30	0.000	0	-4774.677	-9330.097	62	76	-4520.020	-9089.942	178.900
712	229.996	0	front_left_wheel_hub_yaw_p30	0.000	0	-4774.677	-9330.097	62	76	-4520.020	-9089.942	178.900
713	230.282	0	front_left_wheel_hub_yaw_p30	0.000	0	-4730.845	-9353.997	63	76	-4489.990	-9100.000	-177.900
714	230.572	0	front_left_wheel_hub_yaw_p30	0.000	0	-4730.845	-9353.997	63	76	-4489.990	-9100.000	-177.900
715	230.854	0	front_left_wheel_hub_yaw_p30	0.000	0	-4730.845	-9353.997	63	76	-4489.990	-9100.000	-177.900
716	231.136	0	front_left_wheel_hub_yaw_p30	0.000	0	-4698.642	-9365.060	64	75	-4470.020	-9100.000	-175.200
717	231.465	0	front_left_wheel_hub_yaw_p30	0.000	0	-4698.642	-9365.060	64	75	-4470.020	-9100.000	-175.200
718	231.769	0	front_left_wheel_hub_yaw_p30	0.000	0	-4698.642	-9365.060	64	75	-4470.020	-9100.000	-175.200
719	232.057	0	front_left_wheel_hub_yaw_p30	0.000	0	-4698.642	-9365.060	64	75	-4470.020	-9100.000	-175.200
720	232.348	0	front_left_wheel_hub_yaw_p30	0.000	0	-4666.843	-9384.741	64	75	-4450.000	-9109.961	-172.700
721	232.659	0	front_left_wheel_hub_yaw_p30	0.000	0	-4666.843	-9384.741	64	75	-4450.000	-9109.961	-172.700
722	232.960	0	front_left_wheel_hub_yaw_p30	0.000	0	-4666.843	-9384.741	64	75	-4450.000	-9109.961	-172.700
723	233.251	0	front_left_wheel_hub_yaw_p30	0.000	0	-4666.843	-9384.741	64	75	-4450.000	-9109.961	-172.700
724	233.546	0	front_left_wheel_hub_yaw_p30	0.000	0	-4635.175	-9393.581	65	75	-4430.029	-9109.961	-170.300
725	233.872	0	front_left_wheel_hub_yaw_p30	0.000	0	-4635.175	-9393.581	65	75	-4430.029	-9109.961	-170.300
726	234.210	0	front_left_wheel_hub_yaw_p30	0.000	0	-4605.639	-9400.226	66	75	-4410.010	-9109.961	-168.400
727	234.493	0	front_left_wheel_hub_yaw_p30	0.000	0	-4605.639	-9400.226	66	75	-4410.010	-9109.961	-168.400
728	234.782	0	front_left_wheel_hub_yaw_p30	0.000	0	-4605.639	-9400.226	66	75	-4410.010	-9109.961	-168.400
729	235.067	0	front_left_wheel_hub_yaw_p30	0.000	0	-4605.639	-9400.226	66	75	-4410.010	-9109.961	-168.400
730	235.352	0	front_left_wheel_hub_yaw_p30	0.000	0	-4587.449	-9405.575	66	75	-4400.000	-9109.961	-166.800
731	235.640	0	front_left_wheel_hub_yaw_p30	0.000	0	-4587.449	-9405.575	66	75	-4400.000	-9109.961	-166.800
732	235.976	0	front_left_wheel_hub_yaw_p30	0.000	0	-4587.449	-9405.575	66	75	-4400.000	-9109.961	-166.800
733	236.262	0	front_left_wheel_hub_yaw_p30	0.000	0	-4571.729	-9419.178	66	74	-4389.990	-9120.020	-165.700
734	236.559	0	front_left_wheel_hub_yaw_p30	0.000	0	-4571.729	-9419.178	66	74	-4389.990	-9120.020	-165.700
735	236.922	0	front_left_wheel_hub_yaw_p30	0.000	0	-4571.729	-9419.178	66	74	-4389.990	-9120.020	-165.700
736	237.208	0	front_left_wheel_hub_yaw_p30	0.000	0	-4567.535	-9421.686	66	74	-4389.990	-9120.020	-164.900
737	237.495	0	front_left_wheel_hub_yaw_p30	0.000	0	-4567.535	-9421.686	66	74	-4389.990	-9120.020	-164.900
738	237.800	0	front_left_wheel_hub_yaw_p30	0.000	0	-4567.535	-9421.686	66	74	-4389.990	-9120.020	-164.900
739	238.089	0	front_left_wheel_hub_yaw_p30	0.000	0	-4567.535	-9421.686	66	74	-4389.990	-9120.020	-164.900
740	238.373	0	front_left_wheel_hub_yaw_p30	0.000	0	-4554.935	-9423.224	67	74	-4380.029	-9120.020	-164.400
741	238.667	0	front_left_wheel_hub_yaw_p30	0.000	0	-4554.935	-9423.224	67	74	-4380.029	-9120.020	-164.400
742	238.975	0	front_left_wheel_hub_yaw_p30	0.000	0	-4554.935	-9423.224	67	74	-4380.029	-9120.020	-164.400
743	239.268	0	front_left_wheel_hub_yaw_p30	0.000	0	-4553.875	-9423.833	67	74	-4380.029	-9120.020	-164.200
744	239.559	0	front_left_wheel_hub_yaw_p30	0.000	0	-4553.875	-9423.833	67	74	-4380.029	-9120.020	-164.200
745	239.841	0	front_left_wheel_hub_yaw_p30	0.000	0	-4553.875	-9423.833	67	74	-4380.029	-9120.020	-164.200
746	240.167	0	front_left_wheel_hub_yaw_p30	0.000	0	-4553.875	-9423.833	67	74	-4380.029	-9120.020	-164.200
747	240.457	0	front_left_wheel_hub_yaw_p30	0.000	0	-4554.935	-9423.224	67	74	-4380.029	-9120.020	-164.400
748	240.746	0	front_left_wheel_hub_yaw_p30	0.000	0	-4554.935	-9423.224	67	74	-4380.029	-9120.020	-164.400
749	241.061	0	front_left_wheel_hub_yaw_p30	0.000	0	-4554.935	-9423.224	67	74	-4380.029	-9120.020	-164.400
750	241.399	0	front_left_wheel_hub_yaw_p30	0.000	0	-4557.574	-9421.686	67	74	-4380.029	-9120.020	-164.900
751	241.679	0	front_left_wheel_hub_yaw_p30	0.000	0	-4557.574	-9421.686	67	74	-4380.029	-9120.020	-164.900
752	241.965	0	front_left_wheel_hub_yaw_p30	0.000	0	-4557.574	-9421.686	67	74	-4380.029	-9120.020	-164.900
753	242.274	0	front_left_wheel_hub_yaw_p30	0.000	0	-4571.729	-9419.178	66	74	-4389.990	-9120.020	-165.700
754	242.624	0	front_left_wheel_hub_yaw_p30	0.000	0	-4571.729	-9419.178	66	74	-4389.990	-9120.020	-165.700
755	242.907	0	front_left_wheel_hub_yaw_p30	0.000	0	-4571.729	-9419.178	66	74	-4389.990	-9120.020	-165.700
756	243.193	0	front_left_wheel_hub_yaw_p30	0.000	0	-4586.933	-9415.961	66	74	-4400.000	-9120.020	-166.700
757	243.480	0	front_left_wheel_hub_yaw_p30	0.000	0	-4586.933	-9415.961	66	74	-4400.000	-9120.020	-166.700
758	243.761	0	front_left_wheel_hub_yaw_p30	0.000	0	-4586.933	-9415.961	66	74	-4400.000	-9120.020	-166.700
759	244.042	0	front_left_wheel_hub_yaw_p30	0.000	0	-4586.933	-9415.961	66	74	-4400.000	-9120.020	-166.700
760	244.398	0	front_left_wheel_hub_yaw_p30	0.000	0	-4604.625	-9400.907	66	75	-4410.010	-9109.961	-168.200
761	244.694	0	front_left_wheel_hub_yaw_p30	0.000	0	-4604.625	-9400.907	66	75	-4410.010	-9109.961	-168.200
762	245.036	0	front_left_wheel_hub_yaw_p30	0.000	0	-4604.625	-9400.907	66	75	-4410.010	-9109.961	-168.200
763	245.347	0	front_left_wheel_hub_yaw_p30	0.000	1	-4622.184	-9395.713	65	75	-4420.020	-9109.961	-169.700
764	245.653	0	front_left_wheel_hub_yaw_p30	0.000	1	-4622.184	-9395.713	65	75	-4420.020	-9109.961	-169.700
765	245.943	0	front_left_wheel_hub_yaw_p30	0.000	1	-4622.184	-9395.713	65	75	-4420.020	-9109.961	-169.700
766	246.234	0	front_left_wheel_hub_yaw_p30	0.000	0	-4652.004	-9388.484	65	75	-4439.990	-9109.961	-171.700
767	246.515	0	front_left_wheel_hub_yaw_p30	0.000	0	-4652.004	-9388.484	65	75	-4439.990	-9109.961	-171.700
768	246.795	0	front_left_wheel_hub_yaw_p30	0.000	0	-4652.004	-9388.484	65	75	-4439.990	-9109.961	-171.700
769	247.074	0	front_left_wheel_hub_yaw_p30	0.000	0	-4652.004	-9388.484	65	75	-4439.990	-9109.961	-171.700
770	247.381	0	front_left_wheel_hub_yaw_p30	0.000	0	-4682.560	-9380.140	64	75	-4460.010	-9109.961	-173.900
771	247.669	0	front_left_wheel_hub_yaw_p30	0.000	0	-4682.560	-9380.140	64	75	-4460.010	-9109.961	-173.900
772	247.952	0	front_left_wheel_hub_yaw_p30	0.000	0	-4682.560	-9380.140	64	75	-4460.010	-9109.961	-173.900
773	248.233	0	front_left_wheel_hub_yaw_p30	0.000	0	-4682.560	-9380.140	64	75	-4460.010	-9109.961	-173.900
774	248.513	0	front_left_wheel_hub_yaw_p30	0.000	0	-4714.152	-9360.214	63	75	-4480.029	-9100.000	-176.400
775	248.802	0	front_left_wheel_hub_yaw_p30	0.000	0	-4714.152	-9360.214	63	75	-4480.029	-9100.000	-176.400
776	249.090	0	front_left_wheel_hub_yaw_p30	0.000	0	-4714.152	-9360.214	63	75	-4480.029	-9100.000	-176.400
777	249.374	0	front_left_wheel_hub_yaw_p30	0.000	0	-4746.121	-9348.897	63	76	-4500.000	-9100.000	-179.100
778	249.661	0	front_left_wheel_hub_yaw_p30	0.000	0	-4746.121	-9348.897	63	76	-4500.000	-9100.000	-179.100
779	249.944	0	front_left_wheel_hub_yaw_p30	0.000	0	-4746.121	-9348.897	63	76	-4500.000	-9100.000	-179.100
780	250.225	0	front_left_wheel_hub_yaw_p30	0.000	0	-4746.121	-9348.897	63	76	-4500.000	-9100.000	-179.100
781	250.531	0	front_left_wheel_hub_yaw_p30	0.000	0	-4778.418	-9326.067	62	76	-4520.020	-9089.942	178.000
782	250.845	0	front_left_wheel_hub_yaw_p30	0.000	0	-4778.418	-9326.067	62	76	-4520.020	-9089.942	178.000
783	251.166	0	front_left_wheel_hub_yaw_p30	0.000	0	-4778.418	-9326.067	62	76	-4520.020	-9089.942	178.000
787	252.390	0	front_left_wheel_hub_yaw_p30	0.000	0	-4852.768	-9276.364	61	77	-4570.020	-9070.020	171.700
788	252.672	0	front_left_wheel_hub_yaw_p30	0.000	0	-4852.768	-9276.364	61	77	-4570.020	-9070.020	171.700
789	252.952	0	front_left_wheel_hub_yaw_p30	0.000	0	-4852.768	-9276.364	61	77	-4570.020	-9070.020	171.700
790	253.232	0	front_left_wheel_hub_yaw_p30	0.000	0	-4852.768	-9276.364	61	77	-4570.020	-9070.020	171.700
791	253.580	0	front_left_wheel_hub_yaw_p30	0.000	0	-4885.137	-9248.145	60	78	-4589.990	-9059.961	168.100
792	253.897	0	front_left_wheel_hub_yaw_p30	0.000	0	-4885.137	-9248.145	60	78	-4589.990	-9059.961	168.100
793	254.185	0	front_left_wheel_hub_yaw_p30	0.000	0	-4885.137	-9248.145	60	78	-4589.990	-9059.961	168.100
794	254.520	0	front_left_wheel_hub_yaw_p30	0.000	0	-4926.990	-9208.151	59	79	-4620.020	-9039.942	164.300
795	254.801	0	front_left_wheel_hub_yaw_p30	0.000	0	-4926.990	-9208.151	59	79	-4620.020	-9039.942	164.300
796	255.084	0	front_left_wheel_hub_yaw_p30	0.000	0	-4926.990	-9208.151	59	79	-4620.020	-9039.942	164.300
797	255.370	0	front_left_wheel_hub_yaw_p30	0.000	0	-4969.221	-9163.626	58	79	-4650.000	-9020.020	159.800
798	255.679	0	front_left_wheel_hub_yaw_p30	0.000	0	-4969.221	-9163.626	58	79	-4650.000	-9020.020	159.800
799	255.961	0	front_left_wheel_hub_yaw_p30	0.000	0	-4969.221	-9163.626	58	79	-4650.000	-9020.020	159.800
800	256.245	0	front_left_wheel_hub_yaw_p30	0.000	0	-5008.701	-9120.415	58	80	-4680.029	-9000.000	155.700
801	256.537	0	front_left_wheel_hub_yaw_p30	0.000	0	-5008.701	-9120.415	58	80	-4680.029	-9000.000	155.700
802	256.833	0	front_left_wheel_hub_yaw_p30	0.000	0	-5008.701	-9120.415	58	80	-4680.029	-9000.000	155.700
803	257.121	0	front_left_wheel_hub_yaw_p30	0.000	0	-5044.172	-9074.235	57	81	-4710.010	-8970.020	152.900
804	257.477	0	front_left_wheel_hub_yaw_p30	0.000	0	-5044.172	-9074.235	57	81	-4710.010	-8970.020	152.900
805	257.792	0	front_left_wheel_hub_yaw_p30	0.000	0	-5044.172	-9074.235	57	81	-4710.010	-8970.020	152.900
806	258.072	0	front_left_wheel_hub_yaw_p30	0.000	0	-5044.172	-9074.235	57	81	-4710.010	-8970.020	152.900
807	258.355	0	front_left_wheel_hub_yaw_p30	0.000	0	-5095.939	-9048.368	56	82	-4760.010	-8950.000	151.900
808	258.665	0	front_left_wheel_hub_yaw_p30	0.000	0	-5095.939	-9048.368	56	82	-4760.010	-8950.000	151.900
809	258.951	0	front_left_wheel_hub_yaw_p30	0.000	0	-5095.939	-9048.368	56	82	-4760.010	-8950.000	151.900
810	259.233	0	front_left_wheel_hub_yaw_p30	0.000	0	-5146.450	-9016.627	55	82	-4810.010	-8920.020	151.600
811	259.517	0	front_left_wheel_hub_yaw_p30	0.000	0	-5146.450	-9016.627	55	82	-4810.010	-8920.020	151.600
812	259.818	0	front_left_wheel_hub_yaw_p30	0.000	0	-5146.450	-9016.627	55	82	-4810.010	-8920.020	151.600
813	260.102	0	front_left_wheel_hub_yaw_p30	0.000	0	-5146.450	-9016.627	55	82	-4810.010	-8920.020	151.600
814	260.393	0	front_left_wheel_hub_yaw_p30	0.000	0	-5196.951	-8984.786	54	83	-4860.010	-8889.942	151.300
815	260.703	0	front_left_wheel_hub_yaw_p30	0.000	0	-5196.951	-8984.786	54	83	-4860.010	-8889.942	151.300
816	260.986	0	front_left_wheel_hub_yaw_p30	0.000	0	-5196.951	-8984.786	54	83	-4860.010	-8889.942	151.300
817	261.264	0	front_left_wheel_hub_yaw_p30	0.000	0	-5257.453	-8953.040	53	84	-4920.020	-8859.961	151.000
818	261.556	0	front_left_wheel_hub_yaw_p30	0.000	0	-5257.453	-8953.040	53	84	-4920.020	-8859.961	151.000
819	261.880	0	front_left_wheel_hub_yaw_p30	0.000	0	-5257.453	-8953.040	53	84	-4920.020	-8859.961	151.000
820	262.196	0	front_left_wheel_hub_yaw_p30	0.000	0	-5257.453	-8953.040	53	84	-4920.020	-8859.961	151.000
831	265.486	0	front_left_wheel_hub_yaw_p30	0.000	1	-5540.727	-8860.275	47	85	-5220.020	-8720.020	159.200
832	265.766	0	front_left_wheel_hub_yaw_p30	0.000	1	-5540.727	-8860.275	47	85	-5220.020	-8720.020	159.200
833	266.050	0	front_left_wheel_hub_yaw_p30	0.000	1	-5540.727	-8860.275	47	85	-5220.020	-8720.020	159.200
834	266.348	0	front_left_wheel_hub_yaw_p30	0.000	0	-5629.308	-8863.907	45	85	-5320.020	-8700.000	163.500
835	266.639	0	front_left_wheel_hub_yaw_p30	0.000	0	-5629.308	-8863.907	45	85	-5320.020	-8700.000	163.500
836	266.922	0	front_left_wheel_hub_yaw_p30	0.000	0	-5629.308	-8863.907	45	85	-5320.020	-8700.000	163.500
837	267.213	0	front_left_wheel_hub_yaw_p30	0.000	0	-5629.308	-8863.907	45	85	-5320.020	-8700.000	163.500
838	267.509	0	front_left_wheel_hub_yaw_p30	0.000	1	-5705.157	-8878.125	44	85	-5410.010	-8689.942	168.100
839	267.791	0	front_left_wheel_hub_yaw_p30	0.000	1	-5705.157	-8878.125	44	85	-5410.010	-8689.942	168.100
840	268.087	0	front_left_wheel_hub_yaw_p30	0.000	1	-5705.157	-8878.125	44	85	-5410.010	-8689.942	168.100
841	268.417	0	front_left_wheel_hub_yaw_p30	0.000	1	-5785.007	-8896.548	42	85	-5510.010	-8679.980	173.800
842	268.723	0	front_left_wheel_hub_yaw_p30	0.000	1	-5785.007	-8896.548	42	85	-5510.010	-8679.980	173.800
843	269.024	0	front_left_wheel_hub_yaw_p30	0.000	1	-5785.007	-8896.548	42	85	-5510.010	-8679.980	173.800
844	269.305	0	front_left_wheel_hub_yaw_p30	0.000	1	-5833.930	-8951.035	41	84	-5589.990	-8700.000	-178.600
845	269.583	0	front_left_wheel_hub_yaw_p30	0.000	1	-5833.930	-8951.035	41	84	-5589.990	-8700.000	-178.600
846	269.865	0	front_left_wheel_hub_yaw_p30	0.000	1	-5833.930	-8951.035	41	84	-5589.990	-8700.000	-178.600
847	270.146	0	front_left_wheel_hub_yaw_p30	0.000	1	-5833.930	-8951.035	41	84	-5589.990	-8700.000	-178.600
848	270.440	0	front_left_wheel_hub_yaw_p30	0.000	1	-5908.651	-8975.021	40	83	-5680.029	-8709.961	-175.200
849	270.719	0	front_left_wheel_hub_yaw_p30	0.000	1	-5908.651	-8975.021	40	83	-5680.029	-8709.961	-175.200
850	271.005	0	front_left_wheel_hub_yaw_p30	0.000	1	-5908.651	-8975.021	40	83	-5680.029	-8709.961	-175.200
851	271.293	0	front_left_wheel_hub_yaw_p30	0.000	1	-6002.777	-8971.397	38	83	-5770.020	-8709.961	-176.100
852	271.600	0	front_left_wheel_hub_yaw_p30	0.000	1	-6002.777	-8971.397	38	83	-5770.020	-8709.961	-176.100
853	271.887	0	front_left_wheel_hub_yaw_p30	0.000	1	-6002.777	-8971.397	38	83	-5770.020	-8709.961	-176.100
854	272.165	0	front_left_wheel_hub_yaw_p30	0.000	1	-6002.777	-8971.397	38	83	-5770.020	-8709.961	-176.100
855	272.450	0	front_left_wheel_hub_yaw_p30	0.000	0	-6069.996	-8974.855	36	83	-5830.029	-8720.020	-177.700
856	272.763	0	front_left_wheel_hub_yaw_p30	0.000	0	-6069.996	-8974.855	36	83	-5830.029	-8720.020	-177.700
857	273.047	0	front_left_wheel_hub_yaw_p30	0.000	0	-6069.996	-8974.855	36	83	-5830.029	-8720.020	-177.700
858	273.330	0	front_left_wheel_hub_yaw_p30	0.000	0	-6123.659	-8980.642	35	83	-5889.990	-8720.020	-176.300
859	273.626	0	front_left_wheel_hub_yaw_p30	0.000	0	-6123.659	-8980.642	35	83	-5889.990	-8720.020	-176.300
860	273.921	0	front_left_wheel_hub_yaw_p30	0.000	0	-6123.659	-8980.642	35	83	-5889.990	-8720.020	-176.300
861	274.237	0	front_left_wheel_hub_yaw_p30	0.000	0	-6123.659	-8980.642	35	83	-5889.990	-8720.020	-176.300
862	274.547	0	front_left_wheel_hub_yaw_p30	0.000	0	-6159.575	-8994.241	35	83	-5930.029	-8729.980	-175.400
863	274.853	0	front_left_wheel_hub_yaw_p30	0.000	1	-6159.575	-8994.241	35	83	-5930.029	-8729.980	-175.400
864	275.136	0	front_left_wheel_hub_yaw_p30	0.000	1	-6159.575	-8994.241	35	83	-5930.029	-8729.980	-175.400
865	275.421	0	front_left_wheel_hub_yaw_p30	0.000	1	-6186.310	-8997.026	34	83	-5960.010	-8729.980	-174.700
866	275.733	0	front_left_wheel_hub_yaw_p30	0.000	1	-6186.310	-8997.026	34	83	-5960.010	-8729.980	-174.700
867	276.016	0	front_left_wheel_hub_yaw_p30	0.000	1	-6186.310	-8997.026	34	83	-5960.010	-8729.980	-174.700
868	276.298	0	front_left_wheel_hub_yaw_p30	0.000	1	-6213.953	-9027.036	33	82	-6000.000	-8750.000	-172.100
869	276.630	0	front_left_wheel_hub_yaw_p30	0.000	1	-6213.953	-9027.036	33	82	-6000.000	-8750.000	-172.100
870	276.913	0	front_left_wheel_hub_yaw_p30	0.000	1	-6213.953	-9027.036	33	82	-6000.000	-8750.000	-172.100
871	277.230	0	front_left_wheel_hub_yaw_p30	0.000	1	-6213.953	-9027.036	33	82	-6000.000	-8750.000	-172.100
872	277.513	0	front_left_wheel_hub_yaw_p30	0.000	1	-6246.642	-9049.542	33	82	-6050.000	-8759.961	-168.600
873	277.803	0	front_left_wheel_hub_yaw_p30	0.000	1	-6246.642	-9049.542	33	82	-6050.000	-8759.961	-168.600
874	278.113	0	front_left_wheel_hub_yaw_p30	0.000	1	-6246.642	-9049.542	33	82	-6050.000	-8759.961	-168.600
875	278.403	0	front_left_wheel_hub_yaw_p30	0.000	1	-6263.836	-9083.794	32	81	-6089.990	-8779.980	-164.200
876	278.756	0	front_left_wheel_hub_yaw_p30	0.000	1	-6263.836	-9083.794	32	81	-6089.990	-8779.980	-164.200
877	279.045	0	front_left_wheel_hub_yaw_p30	0.000	1	-6263.836	-9083.794	32	81	-6089.990	-8779.980	-164.200
878	279.392	0	front_left_wheel_hub_yaw_p30	0.000	1	-6274.512	-9128.786	32	80	-6130.029	-8809.961	-158.800
879	279.732	0	front_left_wheel_hub_yaw_p30	0.000	1	-6274.512	-9128.786	32	80	-6130.029	-8809.961	-158.800
880	280.054	0	front_left_wheel_hub_yaw_p30	0.000	1	-6274.512	-9128.786	32	80	-6130.029	-8809.961	-158.800
881	280.382	0	front_left_wheel_hub_yaw_p30	0.000	1	-6280.385	-9172.123	32	79	-6170.020	-8839.942	-152.800
882	280.668	0	front_left_wheel_hub_yaw_p30	0.000	1	-6280.385	-9172.123	32	79	-6170.020	-8839.942	-152.800
883	280.988	0	front_left_wheel_hub_yaw_p30	0.000	1	-6280.385	-9172.123	32	79	-6170.020	-8839.942	-152.800
884	281.272	0	front_left_wheel_hub_yaw_p30	0.000	1	-6284.451	-9222.009	32	78	-6210.010	-8879.980	-146.700
885	281.581	0	front_left_wheel_hub_yaw_p30	0.000	1	-6284.451	-9222.009	32	78	-6210.010	-8879.980	-146.700
886	281.862	0	front_left_wheel_hub_yaw_p30	0.000	1	-6284.451	-9222.009	32	78	-6210.010	-8879.980	-146.700
887	282.177	0	front_left_wheel_hub_yaw_p30	0.000	1	-6280.378	-9278.696	32	77	-6250.000	-8929.980	-139.400
888	282.492	0	front_left_wheel_hub_yaw_p30	0.000	1	-6280.378	-9278.696	32	77	-6250.000	-8929.980	-139.400
889	282.772	0	front_left_wheel_hub_yaw_p30	0.000	1	-6280.378	-9278.696	32	77	-6250.000	-8929.980	-139.400
890	283.055	0	front_left_wheel_hub_yaw_p30	0.000	1	-6280.378	-9278.696	32	77	-6250.000	-8929.980	-139.400
891	283.375	0	front_left_wheel_hub_yaw_p30	0.000	1	-6261.580	-9339.491	32	76	-6280.029	-8989.942	-131.400
892	283.670	0	front_left_wheel_hub_yaw_p30	0.000	1	-6261.580	-9339.491	32	76	-6280.029	-8989.942	-131.400
893	283.985	0	front_left_wheel_hub_yaw_p30	0.000	1	-6261.580	-9339.491	32	76	-6280.029	-8989.942	-131.400
894	284.326	0	front_left_wheel_hub_yaw_p30	0.000	1	-6245.493	-9394.039	33	75	-6310.010	-9050.000	-123.800
895	284.655	0	front_left_wheel_hub_yaw_p30	0.000	1	-6245.493	-9394.039	33	75	-6310.010	-9050.000	-123.800
896	284.956	0	front_left_wheel_hub_yaw_p30	0.000	1	-6245.493	-9394.039	33	75	-6310.010	-9050.000	-123.800
897	285.245	0	front_left_wheel_hub_yaw_p30	0.000	1	-6216.524	-9461.102	33	73	-6330.029	-9129.980	-115.500
898	285.556	0	front_left_wheel_hub_yaw_p30	0.000	1	-6216.524	-9461.102	33	73	-6330.029	-9129.980	-115.500
899	285.857	0	front_left_wheel_hub_yaw_p30	0.000	1	-6216.524	-9461.102	33	73	-6330.029	-9129.980	-115.500
900	286.176	0	front_left_wheel_hub_yaw_p30	0.000	1	-6216.524	-9461.102	33	73	-6330.029	-9129.980	-115.500
901	286.483	0	front_left_wheel_hub_yaw_p30	0.000	1	-6196.987	-9534.840	34	72	-6350.000	-9220.020	-108.500
902	286.774	0	front_left_wheel_hub_yaw_p30	0.000	1	-6196.987	-9534.840	34	72	-6350.000	-9220.020	-108.500
903	287.060	0	front_left_wheel_hub_yaw_p30	0.000	1	-6196.987	-9534.840	34	72	-6350.000	-9220.020	-108.500
904	287.341	0	front_left_wheel_hub_yaw_p30	0.000	1	-6191.199	-9610.874	34	70	-6370.020	-9309.961	-103.700
905	287.658	0	front_left_wheel_hub_yaw_p30	0.000	1	-6191.199	-9610.874	34	70	-6370.020	-9309.961	-103.700
906	287.941	0	front_left_wheel_hub_yaw_p30	0.000	1	-6191.199	-9610.874	34	70	-6370.020	-9309.961	-103.700
907	288.226	0	front_left_wheel_hub_yaw_p30	0.000	1	-6191.199	-9610.874	34	70	-6370.020	-9309.961	-103.700
908	288.512	0	front_left_wheel_hub_yaw_p30	0.000	1	-6184.184	-9700.081	34	69	-6380.029	-9409.961	-100.400
909	288.809	0	front_left_wheel_hub_yaw_p30	0.000	1	-6184.184	-9700.081	34	69	-6380.029	-9409.961	-100.400
910	289.108	0	front_left_wheel_hub_yaw_p30	0.000	1	-6184.184	-9700.081	34	69	-6380.029	-9409.961	-100.400
911	289.408	0	front_left_wheel_hub_yaw_p30	0.000	1	-6187.613	-9805.622	34	67	-6389.990	-9520.020	-99.100
912	289.715	0	front_left_wheel_hub_yaw_p30	0.000	1	-6187.613	-9805.622	34	67	-6389.990	-9520.020	-99.100
913	290.002	0	front_left_wheel_hub_yaw_p30	0.000	1	-6187.613	-9805.622	34	67	-6389.990	-9520.020	-99.100
914	290.289	0	front_left_wheel_hub_yaw_p30	0.000	1	-6187.613	-9805.622	34	67	-6389.990	-9520.020	-99.100
915	290.572	0	front_left_wheel_hub_yaw_p30	0.000	1	-6202.679	-9912.007	34	64	-6410.010	-9629.980	-98.100
916	290.892	0	front_left_wheel_hub_yaw_p30	0.000	1	-6202.679	-9912.007	34	64	-6410.010	-9629.980	-98.100
917	291.176	0	front_left_wheel_hub_yaw_p30	0.000	1	-6202.679	-9912.007	34	64	-6410.010	-9629.980	-98.100
918	291.463	0	front_left_wheel_hub_yaw_p30	0.000	0	-6208.285	-10008.716	34	63	-6420.020	-9729.980	-97.200
919	291.779	0	front_left_wheel_hub_yaw_p30	0.000	1	-6208.285	-10008.716	34	63	-6420.020	-9729.980	-97.200
920	292.107	0	front_left_wheel_hub_yaw_p30	0.000	1	-6208.285	-10008.716	34	63	-6420.020	-9729.980	-97.200
921	292.426	0	front_left_wheel_hub_yaw_p30	0.000	0	-6212.983	-10094.639	33	61	-6430.029	-9820.020	-96.100
922	292.741	0	front_left_wheel_hub_yaw_p30	0.000	0	-6212.983	-10094.639	33	61	-6430.029	-9820.020	-96.100
923	293.030	0	front_left_wheel_hub_yaw_p30	0.000	0	-6212.983	-10094.639	33	61	-6430.029	-9820.020	-96.100
924	293.322	0	front_left_wheel_hub_yaw_p30	0.000	0	-6217.240	-10190.033	33	59	-6439.990	-9920.020	-94.900
925	293.622	0	front_left_wheel_hub_yaw_p30	0.000	1	-6217.240	-10190.033	33	59	-6439.990	-9920.020	-94.900
926	293.937	0	front_left_wheel_hub_yaw_p30	0.000	1	-6217.240	-10190.033	33	59	-6439.990	-9920.020	-94.900
927	294.248	0	front_left_wheel_hub_yaw_p30	0.000	1	-6217.240	-10190.033	33	59	-6439.990	-9920.020	-94.900
928	294.587	0	front_left_wheel_hub_yaw_p30	0.000	0	-6211.634	-10285.309	33	57	-6439.990	-10020.020	-93.700
929	294.906	0	front_left_wheel_hub_yaw_p30	0.000	1	-6211.634	-10285.309	33	57	-6439.990	-10020.020	-93.700
930	295.229	0	front_left_wheel_hub_yaw_p30	0.000	0	-6206.128	-10380.468	34	55	-6439.990	-10120.020	-92.500
931	295.513	0	front_left_wheel_hub_yaw_p30	0.000	0	-6206.128	-10380.468	34	55	-6439.990	-10120.020	-92.500
932	295.824	0	front_left_wheel_hub_yaw_p30	0.000	0	-6206.128	-10380.468	34	55	-6439.990	-10120.020	-92.500
933	296.152	0	front_left_wheel_hub_yaw_p30	0.000	0	-6206.128	-10380.468	34	55	-6439.990	-10120.020	-92.500
934	296.438	0	front_left_wheel_hub_yaw_p30	0.000	0	-6212.076	-10476.763	33	53	-6450.000	-10220.020	-91.600
935	296.753	0	front_left_wheel_hub_yaw_p30	0.000	0	-6212.076	-10476.763	33	53	-6450.000	-10220.020	-91.600
936	297.069	0	front_left_wheel_hub_yaw_p30	0.000	0	-6212.076	-10476.763	33	53	-6450.000	-10220.020	-91.600
937	297.368	0	front_left_wheel_hub_yaw_p30	0.000	0	-6208.514	-10573.416	34	51	-6450.000	-10320.020	-90.800
938	297.699	0	front_left_wheel_hub_yaw_p30	0.000	1	-6208.514	-10573.416	34	51	-6450.000	-10320.020	-90.800
939	298.023	0	front_left_wheel_hub_yaw_p30	0.000	1	-6208.514	-10573.416	34	51	-6450.000	-10320.020	-90.800
940	298.313	0	front_left_wheel_hub_yaw_p30	0.000	1	-6205.437	-10660.388	34	49	-6450.000	-10409.961	-90.100
941	298.669	0	front_left_wheel_hub_yaw_p30	0.000	1	-6205.437	-10660.388	34	49	-6450.000	-10409.961	-90.100
942	298.958	0	front_left_wheel_hub_yaw_p30	0.000	1	-6205.437	-10660.388	34	49	-6450.000	-10409.961	-90.100
943	299.247	0	front_left_wheel_hub_yaw_p30	0.000	1	-6205.437	-10660.388	34	49	-6450.000	-10409.961	-90.100
944	299.550	0	front_left_wheel_hub_yaw_p30	0.000	1	-6192.386	-10757.382	34	48	-6439.990	-10509.961	-89.400
945	299.833	0	front_left_wheel_hub_yaw_p30	0.000	1	-6192.386	-10757.382	34	48	-6439.990	-10509.961	-89.400
946	300.123	0	front_left_wheel_hub_yaw_p30	0.000	1	-6192.386	-10757.382	34	48	-6439.990	-10509.961	-89.400
947	300.409	0	front_left_wheel_hub_yaw_p30	0.000	0	-6189.808	-10844.814	34	46	-6439.990	-10600.000	-88.800
948	300.716	0	front_left_wheel_hub_yaw_p30	0.000	1	-6189.808	-10844.814	34	46	-6439.990	-10600.000	-88.800
949	301.014	0	front_left_wheel_hub_yaw_p30	0.000	1	-6189.808	-10844.814	34	46	-6439.990	-10600.000	-88.800
950	301.296	0	front_left_wheel_hub_yaw_p30	0.000	0	-6188.105	-10943.062	34	44	-6439.990	-10700.000	-88.400
951	301.601	0	front_left_wheel_hub_yaw_p30	0.000	1	-6188.105	-10943.062	34	44	-6439.990	-10700.000	-88.400
952	301.880	0	front_left_wheel_hub_yaw_p30	0.000	1	-6188.105	-10943.062	34	44	-6439.990	-10700.000	-88.400
953	302.162	0	front_left_wheel_hub_yaw_p30	0.000	1	-6188.105	-10943.062	34	44	-6439.990	-10700.000	-88.400
954	302.448	0	front_left_wheel_hub_yaw_p30	0.000	0	-6168.187	-11032.301	34	42	-6430.029	-10800.000	-86.000
955	302.757	0	front_left_wheel_hub_yaw_p30	0.000	1	-6168.187	-11032.301	34	42	-6430.029	-10800.000	-86.000
956	303.040	0	front_left_wheel_hub_yaw_p30	0.000	1	-6168.187	-11032.301	34	42	-6430.029	-10800.000	-86.000
957	303.329	0	front_left_wheel_hub_yaw_p30	0.000	1	-6141.127	-11081.547	35	41	-6420.020	-10870.020	-81.600
958	303.618	0	front_left_wheel_hub_yaw_p30	0.000	1	-6141.127	-11081.547	35	41	-6420.020	-10870.020	-81.600
959	303.912	0	front_left_wheel_hub_yaw_p30	0.000	1	-6141.127	-11081.547	35	41	-6420.020	-10870.020	-81.600
960	304.204	0	front_left_wheel_hub_yaw_p30	0.000	1	-6141.127	-11081.547	35	41	-6420.020	-10870.020	-81.600
961	304.535	0	front_left_wheel_hub_yaw_p30	0.000	1	-6136.400	-11125.166	35	40	-6420.020	-10920.020	-80.300
962	304.852	0	front_left_wheel_hub_yaw_p30	0.000	1	-6136.400	-11125.166	35	40	-6420.020	-10920.020	-80.300
963	305.134	0	front_left_wheel_hub_yaw_p30	0.000	1	-6136.400	-11125.166	35	40	-6420.020	-10920.020	-80.300
964	305.426	0	front_left_wheel_hub_yaw_p30	0.000	1	-6124.965	-11153.161	35	40	-6410.010	-10950.000	-79.900
965	305.741	0	front_left_wheel_hub_yaw_p30	0.000	1	-6124.965	-11153.161	35	40	-6410.010	-10950.000	-79.900
966	306.028	0	front_left_wheel_hub_yaw_p30	0.000	1	-6124.965	-11153.161	35	40	-6410.010	-10950.000	-79.900
