step_idx	elapsed_s	status	reverse_active	path_reverse_active	stuck_detection_armed	planner_rebuilt	replan_attempted	raw_path_points	follow_path_points	active_path_points	raw_rover_x	raw_rover_y	raw_rover_z	raw_heading_deg	rover_x_cm	rover_y_cm	rover_z_cm	rover_heading_deg	raw_pose_delta	pose_delta_cm	telemetry_throttle	telemetry_steering	telemetry_speed	telemetry_brakes	telemetry_distance_traveled	distance_traveled_delta	moved_since_anchor_cm	stationary_elapsed_s	goal_x_cm	goal_y_cm	goal_dist_cm	target_x_cm	target_y_cm	rover_cell_x	rover_cell_y	target_cell_x	target_cell_y	waypoint_idx	waypoint_distance_cm	waypoint_distance_avg_cm	path_heading_error_deg	throttle_cmd	steering_cmd	new_lidar_obstacles	stuck_obstacles_added	obstacle_total
0	0.000	Obstacle hits: +1	0	0	0	0	1	83	649	649	-5664.000	-10080.101	1440.400	179.900	300.000	1179.980	39.996	-89.900	0.000	0.000	0.000	0.000	0.000	1	10.900	0.000	0.000	0.000	-3700.000	-2820.020	5656.854	-3.553	876.427	104	104	97	97	57	429.289	429.289	-45.100	18.000	-1.000	1	0	1
1	0.386	Running	0	0	0	0	0	0	649	649	-5664.000	-10080.101	1440.400	179.900	300.000	1179.980	39.996	-89.900	0.000	0.000	18.000	1.000	0.000	0	10.900	0.000	0.000	0.386	-3700.000	-2820.020	5656.854	-3.553	876.427	104	104	97	97	57	429.289	429.289	-45.100	18.000	-1.000	0	0	1
2	0.676	Running	0	0	0	0	0	0	649	649	-5664.000	-10080.101	1440.400	179.900	300.000	1179.980	39.996	-89.900	0.000	0.000	18.000	1.000	0.000	0	10.900	0.000	0.000	0.676	-3700.000	-2820.020	5656.854	-3.553	876.427	104	104	97	97	57	429.289	429.289	-45.100	18.000	-1.000	0	0	1
3	0.946	Running	0	0	0	0	0	0	649	649	-5664.000	-10080.101	1440.400	179.900	300.000	1179.980	39.996	-89.900	0.000	0.000	18.000	1.000	0.000	0	10.900	0.000	0.000	0.946	-3700.000	-2820.020	5656.854	-3.553	876.427	104	104	97	97	57	429.289	429.289	-45.100	18.000	-1.000	0	0	1
4	1.283	Running	0	0	0	0	0	0	649	649	-5664.000	-10080.101	1440.400	179.900	300.000	1179.980	39.996	-89.900	0.000	0.000	18.000	1.000	0.000	0	10.900	0.000	0.000	1.283	-3700.000	-2820.020	5656.854	-3.553	876.427	104	104	97	97	57	429.289	429.289	-45.100	18.000	-1.000	0	0	1
5	1.566	Running	0	0	0	0	0	0	649	649	-5664.000	-10080.101	1440.400	179.900	300.000	1179.980	39.996	-89.900	0.000	0.000	18.000	1.000	0.100	0	10.900	0.000	0.000	1.566	-3700.000	-2820.020	5656.854	-3.553	876.427	104	104	97	97	57	429.289	429.289	-45.100	18.000	-1.000	0	0	1
6	1.843	Running	0	0	0	0	0	0	649	649	-5664.000	-10080.101	1440.400	179.900	300.000	1179.980	39.996	-89.900	0.000	0.000	18.000	1.000	0.100	0	10.900	0.000	0.000	1.843	-3700.000	-2820.020	5656.854	-3.553	876.427	104	104	97	97	57	429.289	429.289	-45.100	18.000	-1.000	0	0	1
7	2.122	Running	0	0	0	0	0	0	649	649	-5664.000	-10080.101	1440.400	179.900	300.000	1179.980	39.996	-89.900	0.000	0.000	18.000	1.000	0.100	0	10.900	0.000	0.000	2.122	-3700.000	-2820.020	5656.854	-3.553	876.427	104	104	97	97	57	429.289	429.289	-45.100	18.000	-1.000	0	0	1
8	2.474	Running	0	0	1	0	0	0	649	649	-5664.000	-10080.101	1440.400	180.200	300.000	1179.980	39.996	-90.200	0.000	0.000	18.000	1.000	0.300	0	11.000	0.100	0.000	0.000	-3700.000	-2820.020	5656.854	-3.553	876.427	104	104	97	97	57	429.289	429.289	-44.800	18.000	-1.000	0	0	1
9	2.785	Running	0	0	1	0	0	0	649	649	-5664.000	-10080.101	1440.400	180.200	300.000	1179.980	39.996	-90.200	0.000	0.000	18.000	1.000	0.300	0	11.000	0.000	0.000	0.000	-3700.000	-2820.020	5656.854	-3.553	876.427	104	104	97	97	57	429.289	429.289	-44.800	18.000	-1.000	0	0	1
10	3.065	Running	0	0	1	0	0	0	649	649	-5664.000	-10080.101	1440.400	180.200	300.000	1179.980	39.996	-90.200	0.000	0.000	18.000	1.000	0.300	0	11.000	0.000	0.000	0.000	-3700.000	-2820.020	5656.854	-3.553	876.427	104	104	97	97	57	429.289	429.289	-44.800	18.000	-1.000	0	0	1
11	3.335	Running	0	0	1	0	0	0	649	649	-5664.000	-10080.101	1440.400	180.200	300.000	1179.980	39.996	-90.200	0.000	0.000	18.000	1.000	0.300	0	11.000	0.000	0.000	0.000	-3700.000	-2820.020	5656.854	-3.553	876.427	104	104	97	97	57	429.289	429.289	-44.800	18.000	-1.000	0	0	1
12	3.608	Running	0	0	1	0	0	0	649	649	-5664.000	-10080.101	1440.400	180.800	300.000	1179.980	39.996	-90.800	0.000	0.000	18.000	1.000	0.500	0	11.000	0.000	0.000	0.000	-3700.000	-2820.020	5656.854	-3.553	876.427	104	104	97	97	57	429.289	429.289	-44.200	18.000	-1.000	0	0	1
13	3.886	Running	0	0	1	0	0	0	649	649	-5664.000	-10080.101	1440.400	180.800	300.000	1179.980	39.996	-90.800	0.000	0.000	18.000	1.000	0.500	0	11.000	0.000	0.000	0.000	-3700.000	-2820.020	5656.854	-3.553	876.427	104	104	97	97	57	429.289	429.289	-44.200	18.000	-1.000	0	0	1
14	4.157	Running	0	0	1	0	0	0	649	649	-5664.000	-10080.101	1440.400	180.800	300.000	1179.980	39.996	-90.800	0.000	0.000	18.000	1.000	0.500	0	11.000	0.000	0.000	0.000	-3700.000	-2820.020	5656.854	-3.553	876.427	104	104	97	97	57	429.289	429.289	-44.200	18.000	-1.000	0	0	1
15	4.427	Running	0	0	1	0	0	0	649	649	-5664.000	-10080.101	1440.400	180.800	300.000	1179.980	39.996	-90.800	0.000	0.000	18.000	1.000	0.500	0	11.000	0.000	0.000	0.000	-3700.000	-2820.020	5656.854	-3.553	876.427	104	104	97	97	57	429.289	429.289	-44.200	18.000	-1.000	0	0	1
16	4.701	Running	0	0	1	0	0	0	649	642	-5664.000	-10080.200	1440.400	182.000	300.000	1170.020	39.996	-92.000	0.100	9.961	18.000	1.000	0.800	0	11.100	0.100	9.961	0.000	-3700.000	-2820.020	5649.815	-53.553	826.427	104	103	96	96	58	493.007	433.037	-46.568	18.000	-1.000	0	0	1
17	4.970	Running	0	0	1	0	0	0	649	642	-5664.000	-10080.200	1440.400	182.000	300.000	1170.020	39.996	-92.000	0.000	0.000	18.000	1.000	0.800	0	11.100	0.000	0.000	0.000	-3700.000	-2820.020	5649.815	-53.553	826.427	104	103	96	96	58	493.007	436.369	-46.568	18.000	-1.000	0	0	1
18	5.240	Running	0	0	1	0	0	0	649	642	-5664.000	-10080.200	1440.400	182.000	300.000	1170.020	39.996	-92.000	0.000	0.000	18.000	1.000	0.800	0	11.100	0.000	0.000	0.000	-3700.000	-2820.020	5649.815	-53.553	826.427	104	103	96	96	58	493.007	439.350	-46.568	18.000	-1.000	0	0	1
19	5.526	Running	0	0	1	0	0	0	649	641	-5664.000	-10080.300	1440.400	183.300	300.000	1160.058	39.996	-93.300	0.100	9.961	18.000	1.000	1.000	0	11.200	0.100	9.961	0.000	-3700.000	-2820.020	5642.785	-53.553	826.427	104	103	96	96	57	486.117	441.688	-49.276	18.000	-1.000	0	0	1
20	5.821	Running	0	0	1	0	0	0	649	641	-5664.000	-10080.300	1440.400	183.300	300.000	1160.058	39.996	-93.300	0.000	0.000	18.000	1.000	1.000	0	11.200	0.000	0.000	0.000	-3700.000	-2820.020	5642.785	-53.553	826.427	104	103	96	96	57	486.117	443.804	-49.276	18.000	-1.000	0	0	1
21	6.099	Running	0	0	1	0	0	0	649	641	-5664.000	-10080.300	1440.400	183.300	300.000	1160.058	39.996	-93.300	0.000	0.000	18.000	1.000	1.000	0	11.200	0.000	0.000	0.000	-3700.000	-2820.020	5642.785	-53.553	826.427	104	103	96	96	57	486.117	445.727	-49.276	18.000	-1.000	0	0	1
22	6.377	Running	0	0	1	0	0	0	649	641	-5664.000	-10080.300	1440.400	183.300	300.000	1160.058	39.996	-93.300	0.000	0.000	18.000	1.000	1.000	0	11.200	0.000	0.000	0.000	-3700.000	-2820.020	5642.785	-53.553	826.427	104	103	96	96	57	486.117	447.483	-49.276	18.000	-1.000	0	0	1
23	6.665	Running	0	0	1	0	0	0	649	639	-5664.100	-10080.500	1440.400	185.000	289.990	1140.039	39.996	-95.000	0.224	22.383	18.000	1.000	1.200	0	11.300	0.100	22.383	0.000	-3700.000	-2820.020	5621.573	-63.563	816.417	103	103	96	96	57	479.303	448.809	-52.087	18.000	-1.000	0	0	1
24	6.953	Running	0	0	1	0	0	0	649	639	-5664.100	-10080.500	1440.400	185.000	289.990	1140.039	39.996	-95.000	0.000	0.000	18.000	1.000	1.200	0	11.300	0.000	0.000	0.000	-3700.000	-2820.020	5621.573	-63.563	816.417	103	103	96	96	57	479.303	450.029	-52.087	18.000	-1.000	0	0	1
25	7.220	Running	0	0	1	0	0	0	649	639	-5664.100	-10080.500	1440.400	185.000	289.990	1140.039	39.996	-95.000	0.000	0.000	18.000	1.000	1.200	0	11.300	0.000	0.000	0.000	-3700.000	-2820.020	5621.573	-63.563	816.417	103	103	96	96	57	479.303	451.155	-52.087	18.000	-1.000	0	0	1
26	7.514	Running	0	0	1	0	0	0	649	637	-5664.200	-10080.601	1440.500	187.300	279.980	1129.980	49.994	-97.300	0.174	17.359	18.000	1.000	1.500	0	11.500	0.200	14.190	0.000	-3700.000	-2820.020	5607.383	-73.573	806.408	103	103	96	96	56	479.270	452.196	-49.810	18.000	-1.000	0	0	1
27	7.787	Running	0	0	1	0	0	0	649	637	-5664.200	-10080.601	1440.500	187.300	279.980	1129.980	49.994	-97.300	0.000	0.000	18.000	1.000	1.500	0	11.500	0.000	0.000	0.000	-3700.000	-2820.020	5607.383	-73.573	806.408	103	103	96	96	56	479.270	453.163	-49.810	18.000	-1.000	0	0	1
28	8.068	Running	0	0	1	0	0	0	649	637	-5664.200	-10080.601	1440.500	187.300	279.980	1129.980	49.994	-97.300	0.000	0.000	18.000	1.000	1.500	0	11.500	0.000	0.000	0.000	-3700.000	-2820.020	5607.383	-73.573	806.408	103	103	96	96	56	479.270	454.063	-49.810	18.000	-1.000	0	0	1
29	8.344	Running	0	0	1	0	0	0	649	637	-5664.200	-10080.601	1440.500	187.300	279.980	1129.980	49.994	-97.300	0.000	0.000	18.000	1.000	1.500	0	11.500	0.000	0.000	0.000	-3700.000	-2820.020	5607.383	-73.573	806.408	103	103	96	96	56	479.270	454.904	-49.810	18.000	-1.000	0	0	1
30	8.623	Running	0	0	1	0	0	0	649	635	-5664.300	-10080.800	1440.500	189.800	269.971	1110.058	49.994	-99.800	0.223	22.295	18.000	1.000	1.700	0	11.700	0.200	22.295	0.000	-3700.000	-2820.020	5586.249	-83.583	796.398	103	102	96	96	56	472.634	455.475	-52.283	18.000	-1.000	0	0	1
31	8.894	Running	0	0	1	0	0	0	649	635	-5664.300	-10080.800	1440.500	189.800	269.971	1110.058	49.994	-99.800	0.000	0.000	18.000	1.000	1.700	0	11.700	0.000	0.000	0.000	-3700.000	-2820.020	5586.249	-83.583	796.398	103	102	96	96	56	472.634	456.012	-52.283	18.000	-1.000	0	0	1
32	9.165	Running	0	0	1	0	0	0	649	635	-5664.300	-10080.800	1440.500	189.800	269.971	1110.058	49.994	-99.800	0.000	0.000	18.000	1.000	1.700	0	11.700	0.000	0.000	0.000	-3700.000	-2820.020	5586.249	-83.583	796.398	103	102	96	96	56	472.634	456.515	-52.283	18.000	-1.000	0	0	1
33	9.436	Running	0	0	1	0	0	0	649	635	-5664.300	-10080.800	1440.500	189.800	269.971	1110.058	49.994	-99.800	0.000	0.000	18.000	1.000	1.700	0	11.700	0.000	0.000	0.000	-3700.000	-2820.020	5586.249	-83.583	796.398	103	102	96	96	56	472.634	456.989	-52.283	18.000	-1.000	0	0	1
34	9.710	Running	0	0	1	0	0	0	649	632	-5664.400	-10081.000	1440.500	192.600	260.010	1090.039	49.994	-102.600	0.224	22.361	18.000	1.000	1.900	0	11.900	0.200	22.361	0.000	-3700.000	-2820.020	5565.091	-93.544	786.437	103	102	96	96	54	466.020	457.247	-55.042	18.000	-1.000	0	0	1
35	9.981	Running	0	0	1	0	0	0	649	632	-5664.400	-10081.000	1440.500	192.600	260.010	1090.039	49.994	-102.600	0.000	0.000	18.000	1.000	1.900	0	11.900	0.000	0.000	0.000	-3700.000	-2820.020	5565.091	-93.544	786.437	103	102	96	96	54	466.020	457.491	-55.042	18.000	-1.000	0	0	1
36	10.253	Running	0	0	1	0	0	0	649	632	-5664.400	-10081.000	1440.500	192.600	260.010	1090.039	49.994	-102.600	0.000	0.000	18.000	1.000	1.900	0	11.900	0.000	0.000	0.000	-3700.000	-2820.020	5565.091	-93.544	786.437	103	102	96	96	54	466.020	457.722	-55.042	18.000	-1.000	0	0	1
37	10.594	Running	0	0	1	0	0	0	649	630	-5664.500	-10081.200	1440.500	196.000	250.000	1070.020	49.994	-106.000	0.224	22.383	18.000	1.000	2.100	0	12.200	0.300	22.383	0.000	-3700.000	-2820.020	5543.907	-103.553	776.427	103	101	95	95	54	459.561	457.770	-57.651	18.000	-0.980	0	0	1
38	10.878	Running	0	0	1	0	0	0	649	630	-5664.500	-10081.200	1440.500	196.000	250.000	1070.020	49.994	-106.000	0.000	0.000	18.000	0.980	2.100	0	12.200	0.000	0.000	0.000	-3700.000	-2820.020	5543.907	-103.553	776.427	103	101	95	95	54	459.561	457.816	-57.651	18.000	-0.980	0	0	1
39	11.152	Running	0	0	1	0	0	0	649	630	-5664.500	-10081.200	1440.500	196.000	250.000	1070.020	49.994	-106.000	0.000	0.000	18.000	0.980	2.100	0	12.200	0.000	0.000	0.000	-3700.000	-2820.020	5543.907	-103.553	776.427	103	101	95	95	54	459.561	457.860	-57.651	18.000	-0.980	0	0	1
40	11.452	Running	0	0	1	0	0	0	649	630	-5664.500	-10081.200	1440.500	196.000	250.000	1070.020	49.994	-106.000	0.000	0.000	18.000	0.980	2.100	0	12.200	0.000	0.000	0.000	-3700.000	-2820.020	5543.907	-103.553	776.427	103	101	95	95	54	459.561	457.901	-57.651	18.000	-0.980	0	0	1
41	11.754	Running	0	0	1	0	0	0	649	626	-5664.700	-10081.500	1440.500	199.400	229.980	1040.039	49.994	-109.400	0.361	36.050	18.000	0.980	2.300	0	12.500	0.300	36.050	0.000	-3700.000	-2820.020	5508.611	-123.573	756.408	102	101	95	95	53	453.262	457.791	-60.620	18.000	-0.910	0	0	1
42	12.028	Running	0	0	1	0	0	0	649	626	-5664.700	-10081.500	1440.500	199.400	229.980	1040.039	49.994	-109.400	0.000	0.000	18.000	0.910	2.300	0	12.500	0.000	0.000	0.000	-3700.000	-2820.020	5508.611	-123.573	756.408	102	101	95	95	53	453.262	457.685	-60.620	18.000	-0.910	0	0	1
43	12.310	Running	0	0	1	0	0	0	649	626	-5664.700	-10081.500	1440.500	199.400	229.980	1040.039	49.994	-109.400	0.000	0.000	18.000	0.910	2.300	0	12.500	0.000	0.000	0.000	-3700.000	-2820.020	5508.611	-123.573	756.408	102	101	95	95	53	453.262	457.585	-60.620	18.000	-0.910	0	0	1
44	12.584	Running	0	0	1	0	0	0	649	623	-5664.900	-10081.700	1440.500	203.300	210.010	1020.020	49.994	-113.300	0.283	28.277	18.000	0.910	2.500	0	12.800	0.300	28.277	0.000	-3700.000	-2820.020	5480.335	-143.544	736.437	102	100	95	95	53	453.232	457.488	-56.752	24.460	-0.799	0	0	1
45	12.874	Running	0	0	1	0	0	0	649	623	-5664.900	-10081.700	1440.500	203.300	210.010	1020.020	49.994	-113.300	0.000	0.000	24.460	0.799	2.500	0	12.800	0.000	0.000	0.000	-3700.000	-2820.020	5480.335	-143.544	736.437	102	100	95	95	53	453.232	457.396	-56.752	24.460	-0.799	0	0	1
46	13.151	Running	0	0	1	0	0	0	649	623	-5664.900	-10081.700	1440.500	203.300	210.010	1020.020	49.994	-113.300	0.000	0.000	24.460	0.799	2.500	0	12.800	0.000	0.000	0.000	-3700.000	-2820.020	5480.335	-143.544	736.437	102	100	95	95	53	453.232	457.307	-56.752	24.460	-0.799	0	0	1
47	13.433	Running	0	0	1	0	0	0	649	619	-5665.100	-10082.000	1440.600	206.800	189.990	990.039	59.992	-116.800	0.374	37.411	24.460	0.799	2.800	0	13.200	0.400	36.050	0.000	-3700.000	-2820.020	5445.050	-163.563	716.417	101	100	94	94	53	447.067	457.094	-59.881	28.829	-0.728	0	0	1
48	13.805	Running	0	0	1	0	0	0	649	619	-5665.100	-10082.000	1440.600	206.800	189.990	990.039	59.992	-116.800	0.000	0.000	28.829	0.728	2.800	0	13.200	0.000	0.000	0.000	-3700.000	-2820.020	5445.050	-163.563	716.417	101	100	94	94	53	447.067	456.889	-59.881	28.829	-0.728	0	0	1
49	14.111	Running	0	0	1	0	0	0	649	619	-5665.100	-10082.000	1440.600	206.800	189.990	990.039	59.992	-116.800	0.000	0.000	28.829	0.728	2.800	0	13.200	0.000	0.000	0.000	-3700.000	-2820.020	5445.050	-163.563	716.417	101	100	94	94	53	447.067	456.693	-59.881	28.829	-0.728	0	0	1
50	14.390	Running	0	0	1	0	0	0	649	619	-5665.100	-10082.000	1440.600	206.800	189.990	990.039	59.992	-116.800	0.000	0.000	28.829	0.728	2.800	0	13.200	0.000	0.000	0.000	-3700.000	-2820.020	5445.050	-163.563	716.417	101	100	94	94	53	447.067	456.504	-59.881	28.829	-0.728	0	0	1
51	14.686	Running	0	0	1	0	0	0	649	614	-5665.400	-10082.300	1440.600	209.900	160.010	960.058	59.992	-119.900	0.424	42.399	28.829	0.728	3.400	0	13.600	0.400	42.399	0.000	-3700.000	-2820.020	5402.654	-193.544	686.437	101	99	94	94	52	447.067	456.322	-56.781	30.000	-0.639	0	0	1
52	14.962	Running	0	0	1	0	0	0	649	614	-5665.400	-10082.300	1440.600	209.900	160.010	960.058	59.992	-119.900	0.000	0.000	30.000	0.639	3.400	0	13.600	0.000	0.000	0.000	-3700.000	-2820.020	5402.654	-193.544	686.437	101	99	94	94	52	447.067	456.148	-56.781	30.000	-0.639	0	0	1
53	15.244	Running	0	0	1	0	0	0	649	614	-5665.400	-10082.300	1440.600	209.900	160.010	960.058	59.992	-119.900	0.000	0.000	30.000	0.639	3.400	0	13.600	0.000	0.000	0.000	-3700.000	-2820.020	5402.654	-193.544	686.437	101	99	94	94	52	447.067	455.980	-56.781	30.000	-0.639	0	0	1
54	15.520	Running	0	0	1	0	0	0	649	608	-5665.700	-10082.700	1440.600	213.100	129.980	920.020	59.992	-123.100	0.500	50.049	30.000	0.639	4.300	0	14.100	0.500	50.049	0.000	-3700.000	-2820.020	5353.190	-223.573	656.408	100	98	93	93	51	441.012	455.707	-60.332	30.000	-0.577	0	0	1
55	15.928	Running	0	0	1	0	0	0	649	608	-5665.700	-10082.700	1440.600	213.100	129.980	920.020	59.992	-123.100	0.000	0.000	30.000	0.577	4.300	0	14.100	0.000	0.000	0.000	-3700.000	-2820.020	5353.190	-223.573	656.408	100	98	93	93	51	441.012	455.445	-60.332	30.000	-0.577	0	0	1
56	16.298	Running	0	0	1	0	0	0	649	608	-5665.700	-10082.700	1440.600	213.100	129.980	920.020	59.992	-123.100	0.000	0.000	30.000	0.577	4.300	0	14.100	0.000	0.000	0.000	-3700.000	-2820.020	5353.190	-223.573	656.408	100	98	93	93	51	441.012	455.192	-60.332	30.000	-0.577	0	0	1
57	16.658	Running	0	0	1	0	0	0	649	601	-5666.100	-10083.200	1440.600	216.200	89.990	870.020	59.992	-126.200	0.640	64.025	30.000	0.577	5.500	0	14.700	0.600	64.025	0.000	-3700.000	-2820.020	5289.652	-263.563	616.417	99	97	92	92	51	435.102	454.845	-63.889	30.000	-0.519	0	0	1
58	16.936	Running	0	0	1	0	0	0	649	601	-5666.100	-10083.200	1440.600	216.200	89.990	870.020	59.992	-126.200	0.000	0.000	30.000	0.519	5.500	0	14.700	0.000	0.000	0.000	-3700.000	-2820.020	5289.652	-263.563	616.417	99	97	92	92	51	435.102	454.511	-63.889	30.000	-0.519	0	0	1
59	17.210	Running	0	0	1	0	0	0	649	601	-5666.100	-10083.200	1440.600	216.200	89.990	870.020	59.992	-126.200	0.000	0.000	30.000	0.519	5.500	0	14.700	0.000	0.000	0.000	-3700.000	-2820.020	5289.652	-263.563	616.417	99	97	92	92	51	435.102	454.187	-63.889	30.000	-0.519	0	0	1
60	17.482	Running	0	0	1	0	0	0	649	601	-5666.100	-10083.200	1440.600	216.200	89.990	870.020	59.992	-126.200	0.000	0.000	30.000	0.519	5.500	0	14.700	0.000	0.000	0.000	-3700.000	-2820.020	5289.652	-263.563	616.417	99	97	92	92	51	435.102	453.874	-63.889	30.000	-0.519	0	0	1
61	17.769	Running	0	0	1	0	0	0	649	593	-5666.600	-10083.700	1440.700	219.100	39.990	820.020	70.001	-129.100	0.714	71.416	30.000	0.519	6.800	0	15.400	0.700	70.711	0.000	-3700.000	-2820.020	5218.947	-313.563	566.417	98	96	91	91	51	435.102	453.572	-60.989	30.000	-0.436	0	0	1
62	18.057	Running	0	0	1	0	0	0	649	593	-5666.600	-10083.700	1440.700	219.100	39.990	820.020	70.001	-129.100	0.000	0.000	30.000	0.436	6.800	0	15.400	0.000	0.000	0.000	-3700.000	-2820.020	5218.947	-313.563	566.417	98	96	91	91	51	435.102	453.279	-60.989	30.000	-0.436	0	0	1
63	18.335	Running	0	0	1	0	0	0	649	593	-5666.600	-10083.700	1440.700	219.100	39.990	820.020	70.001	-129.100	0.000	0.000	30.000	0.436	6.800	0	15.400	0.000	0.000	0.000	-3700.000	-2820.020	5218.947	-313.563	566.417	98	96	91	91	51	435.102	452.995	-60.989	30.000	-0.436	0	0	1
64	18.609	Running	0	0	1	0	0	0	649	584	-5667.100	-10084.300	1440.700	221.500	-10.010	760.058	70.001	-131.500	0.781	78.073	30.000	0.436	8.100	0	16.200	0.800	78.073	0.000	-3700.000	-2820.020	5141.302	-363.563	516.417	97	95	90	90	50	429.373	452.631	-64.953	30.000	-0.398	0	0	1
65	18.883	Running	0	0	1	0	0	0	649	584	-5667.100	-10084.300	1440.700	221.500	-10.010	760.058	70.001	-131.500	0.000	0.000	30.000	0.398	8.100	0	16.200	0.000	0.000	0.000	-3700.000	-2820.020	5141.302	-363.563	516.417	97	95	90	90	50	429.373	452.279	-64.953	30.000	-0.398	0	0	1
66	19.159	Running	0	0	1	0	0	0	649	584	-5667.100	-10084.300	1440.700	221.500	-10.010	760.058	70.001	-131.500	0.000	0.000	30.000	0.398	8.100	0	16.200	0.000	0.000	0.000	-3700.000	-2820.020	5141.302	-363.563	516.417	97	95	90	90	50	429.373	451.937	-64.953	30.000	-0.398	0	0	1
67	19.431	Running	0	0	1	0	0	0	649	584	-5667.100	-10084.300	1440.700	221.500	-10.010	760.058	70.001	-131.500	0.000	0.000	30.000	0.398	8.100	0	16.200	0.000	0.000	0.000	-3700.000	-2820.020	5141.302	-363.563	516.417	97	95	90	90	50	429.373	451.605	-64.953	30.000	-0.398	0	0	1
68	19.722	Obstacle hits: +1	0	0	1	0	1	83	619	619	-5667.600	-10084.601	1440.800	222.700	-60.010	729.980	79.999	-132.700	0.592	59.200	30.000	0.398	-1.700	0	17.000	0.800	58.350	0.000	-3700.000	-2820.020	5084.489	-484.486	904.980	96	95	88	98	51	459.136	451.714	-93.986	18.000	-1.000	1	0	2
69	20.062	Running	0	0	1	0	0	0	619	619	-5667.600	-10084.601	1440.800	222.700	-60.010	729.980	79.999	-132.700	0.000	0.000	18.000	1.000	-1.700	0	17.000	0.000	0.000	0.000	-3700.000	-2820.020	5084.489	-484.486	904.980	96	95	88	98	51	459.136	451.820	-93.986	18.000	-1.000	0	0	2
70	20.345	Running	0	0	1	0	0	0	619	619	-5667.600	-10084.601	1440.800	222.700	-60.010	729.980	79.999	-132.700	0.000	0.000	18.000	1.000	-1.700	0	17.000	0.000	0.000	0.000	-3700.000	-2820.020	5084.489	-484.486	904.980	96	95	88	98	51	459.136	451.923	-93.986	18.000	-1.000	0	0	2
71	20.655	Running	0	0	1	0	0	0	619	620	-5667.500	-10084.400	1440.800	218.600	-50.000	750.000	79.999	-128.600	0.224	22.383	18.000	1.000	-1.500	0	17.200	0.200	22.383	0.000	-3700.000	-2820.020	5105.638	-471.170	904.980	97	95	88	98	51	448.779	451.880	-86.099	18.000	-1.000	0	0	2
72	20.931	Running	0	0	1	0	0	0	619	620	-5667.500	-10084.400	1440.800	218.600	-50.000	750.000	79.999	-128.600	0.000	0.000	18.000	1.000	-1.500	0	17.200	0.000	0.000	0.000	-3700.000	-2820.020	5105.638	-471.170	904.980	97	95	88	98	51	448.779	451.837	-86.099	18.000	-1.000	0	0	2
73	21.205	Obstacle hits: +1	0	0	1	0	1	84	619	619	-5667.500	-10084.400	1440.800	218.600	-50.000	750.000	79.999	-128.600	0.000	0.000	18.000	1.000	-1.500	0	17.200	0.000	0.000	0.000	-3700.000	-2820.020	5105.638	-475.892	904.980	97	95	88	98	51	453.214	451.856	-102.512	18.000	-1.000	1	0	3
74	21.546	Obstacle hits: +2	0	0	1	0	0	0	619	620	-5667.400	-10084.300	1440.700	217.700	-39.990	760.058	70.001	-127.700	0.174	17.359	18.000	1.000	-0.800	0	17.400	0.200	14.191	0.000	-3700.000	-2820.020	5119.827	-463.331	904.980	97	95	88	98	50	447.459	451.797	-95.824	18.000	-1.000	2	0	5
75	21.881	Running	0	0	1	0	0	0	619	620	-5667.400	-10084.300	1440.700	217.700	-39.990	760.058	70.001	-127.700	0.000	0.000	18.000	1.000	-0.800	0	17.400	0.000	0.000	0.000	-3700.000	-2820.020	5119.827	-463.331	904.980	97	95	88	98	50	447.459	451.740	-95.824	18.000	-1.000	0	0	5
76	22.156	Running	0	0	1	0	0	0	619	620	-5667.400	-10084.300	1440.700	217.700	-39.990	760.058	70.001	-127.700	0.000	0.000	18.000	1.000	-0.800	0	17.400	0.000	0.000	0.000	-3700.000	-2820.020	5119.827	-463.331	904.980	97	95	88	98	50	447.459	451.684	-95.824	18.000	-1.000	0	0	5
77	22.431	Obstacle hits: +1	0	1	1	0	1	95	692	692	-5667.300	-10084.200	1440.700	216.600	-30.029	770.020	70.001	-126.600	0.141	14.087	18.000	1.000	-0.400	0	17.500	0.100	14.087	0.000	-3700.000	-2820.020	5133.913	92.477	1054.980	97	95	99	101	52	310.178	449.870	169.255	-18.000	1.000	1	0	6
78	22.777	Running: path-reverse	0	1	1	0	0	0	692	692	-5667.300	-10084.200	1440.700	216.600	-30.029	770.020	70.001	-126.600	0.000	0.000	-18.000	-1.000	-0.400	0	17.500	0.000	0.000	0.000	-3700.000	-2820.020	5133.913	92.477	1054.980	97	95	99	101	52	310.178	448.102	169.255	-18.000	1.000	0	0	6
79	23.145	Running: path-reverse	0	1	1	0	0	0	692	692	-5667.300	-10084.200	1440.700	216.600	-30.029	770.020	70.001	-126.600	0.000	0.000	-18.000	-1.000	-0.400	0	17.500	0.000	0.000	0.000	-3700.000	-2820.020	5133.913	92.477	1054.980	97	95	99	101	52	310.178	446.378	169.255	-18.000	1.000	0	0	6
80	23.424	Running: path-reverse	0	1	1	0	0	0	692	692	-5667.300	-10084.200	1440.700	216.600	-30.029	770.020	70.001	-126.600	0.000	0.000	-18.000	-1.000	-0.400	0	17.500	0.000	0.000	0.000	-3700.000	-2820.020	5133.913	92.477	1054.980	97	95	99	101	52	310.178	444.696	169.255	-18.000	1.000	0	0	6
81	23.707	Obstacle hits: +1	0	1	1	0	1	96	694	694	-5667.300	-10084.200	1440.800	216.400	-30.029	770.020	79.999	-126.400	0.100	9.998	-18.000	-1.000	-0.600	0	17.600	0.100	0.000	0.000	-3700.000	-2820.020	5133.913	92.477	1054.980	97	95	99	101	52	310.178	443.056	169.055	-18.000	1.000	1	0	7
82	24.018	Running: path-reverse	0	1	1	0	0	0	694	694	-5667.300	-10084.200	1440.800	216.400	-30.029	770.020	79.999	-126.400	0.000	0.000	-18.000	-1.000	-0.600	0	17.600	0.000	0.000	0.000	-3700.000	-2820.020	5133.913	92.477	1054.980	97	95	99	101	52	310.178	441.455	169.055	-18.000	1.000	0	0	7
83	24.313	Obstacle hits: +1	0	1	1	0	1	96	694	694	-5667.300	-10084.200	1440.800	216.400	-30.029	770.020	79.999	-126.400	0.000	0.000	-18.000	-1.000	-0.600	0	17.600	0.000	0.000	0.000	-3700.000	-2820.020	5133.913	92.477	1054.980	97	95	99	101	52	310.178	439.892	169.055	-18.000	1.000	1	0	8
84	24.675	Running: path-reverse	0	1	1	0	0	0	694	695	-5667.300	-10084.101	1440.700	217.500	-30.029	779.980	70.001	-127.500	0.141	14.113	-18.000	-1.000	-0.800	0	17.700	0.100	9.961	0.000	-3700.000	-2820.020	5140.884	93.053	1054.980	97	96	99	101	53	301.288	438.262	166.435	-18.000	1.000	0	0	8
85	25.011	Running: path-reverse	0	1	1	0	0	0	694	695	-5667.300	-10084.101	1440.700	217.500	-30.029	779.980	70.001	-127.500	0.000	0.000	-18.000	-1.000	-0.800	0	17.700	0.000	0.000	0.000	-3700.000	-2820.020	5140.884	93.053	1054.980	97	96	99	101	53	301.288	436.669	166.435	-18.000	1.000	0	0	8
86	25.285	Running: path-reverse	0	1	1	0	0	0	694	695	-5667.300	-10084.101	1440.700	217.500	-30.029	779.980	70.001	-127.500	0.000	0.000	-18.000	-1.000	-0.800	0	17.700	0.000	0.000	0.000	-3700.000	-2820.020	5140.884	93.053	1054.980	97	96	99	101	53	301.288	435.113	166.435	-18.000	1.000	0	0	8
87	25.564	Running: path-reverse	0	1	1	0	0	0	694	693	-5667.200	-10084.000	1440.700	219.200	-20.020	790.039	70.001	-129.200	0.142	14.191	-18.000	-1.000	-1.000	0	17.900	0.200	14.191	0.000	-3700.000	-2820.020	5155.073	79.491	1054.980	97	96	99	101	52	283.013	433.384	167.801	-18.000	1.000	0	0	8
88	25.850	Running: path-reverse	0	1	1	0	0	0	694	693	-5667.200	-10084.000	1440.700	219.200	-20.020	790.039	70.001	-129.200	0.000	0.000	-18.000	-1.000	-1.000	0	17.900	0.000	0.000	0.000	-3700.000	-2820.020	5155.073	79.491	1054.980	97	96	99	101	52	283.013	431.695	167.801	-18.000	1.000	0	0	8
89	26.125	Running: path-reverse	0	1	1	0	0	0	694	693	-5667.200	-10084.000	1440.700	219.200	-20.020	790.039	70.001	-129.200	0.000	0.000	-18.000	-1.000	-1.000	0	17.900	0.000	0.000	0.000	-3700.000	-2820.020	5155.073	79.491	1054.980	97	96	99	101	52	283.013	430.043	167.801	-18.000	1.000	0	0	8
90	26.399	Running: path-reverse	0	1	1	0	0	0	694	693	-5667.200	-10084.000	1440.700	219.200	-20.020	790.039	70.001	-129.200	0.000	0.000	-18.000	-1.000	-1.000	0	17.900	0.000	0.000	0.000	-3700.000	-2820.020	5155.073	79.491	1054.980	97	96	99	101	52	283.013	428.427	167.801	-18.000	1.000	0	0	8
91	26.680	Obstacle hits: +1	0	1	1	0	1	97	699	699	-5667.200	-10083.800	1440.700	221.200	-20.020	810.058	70.001	-131.200	0.200	20.019	-18.000	-1.000	-1.300	0	18.000	0.100	20.019	0.000	-3700.000	-2820.020	5169.112	79.517	1104.980	97	96	99	102	53	311.266	427.154	169.704	-18.000	1.000	1	0	9
92	27.014	Running: path-reverse	0	1	1	0	0	0	699	699	-5667.200	-10083.800	1440.700	221.200	-20.020	810.058	70.001	-131.200	0.000	0.000	-18.000	-1.000	-1.300	0	18.000	0.000	0.000	0.000	-3700.000	-2820.020	5169.112	79.517	1104.980	97	96	99	102	53	311.266	425.907	169.704	-18.000	1.000	0	0	9
93	27.397	Running: path-reverse	0	1	1	0	0	0	699	699	-5667.200	-10083.800	1440.700	221.200	-20.020	810.058	70.001	-131.200	0.000	0.000	-18.000	-1.000	-1.300	0	18.000	0.000	0.000	0.000	-3700.000	-2820.020	5169.112	79.517	1104.980	97	96	99	102	53	311.266	424.688	169.704	-18.000	1.000	0	0	9
94	27.709	Obstacle hits: +1	0	1	1	0	1	96	689	689	-5667.100	-10083.601	1440.700	223.800	-10.010	829.980	70.001	-133.800	0.223	22.295	-18.000	-1.000	-1.500	0	18.200	0.200	22.295	0.000	-3700.000	-2820.020	5190.234	-12.993	1104.980	97	97	97	102	52	275.016	423.112	-175.629	-18.000	1.000	1	0	10
95	28.035	Running: path-reverse	0	1	1	0	0	0	689	689	-5667.100	-10083.601	1440.700	223.800	-10.010	829.980	70.001	-133.800	0.000	0.000	-18.000	-1.000	-1.500	0	18.200	0.000	0.000	0.000	-3700.000	-2820.020	5190.234	-12.993	1104.980	97	97	97	102	52	275.016	421.570	-175.629	-18.000	1.000	0	0	10
96	28.407	Running: path-reverse	0	1	1	0	0	0	689	689	-5667.100	-10083.601	1440.700	223.800	-10.010	829.980	70.001	-133.800	0.000	0.000	-18.000	-1.000	-1.500	0	18.200	0.000	0.000	0.000	-3700.000	-2820.020	5190.234	-12.993	1104.980	97	97	97	102	52	275.016	420.059	-175.629	-18.000	1.000	0	0	10
97	28.691	Running: path-reverse	0	1	1	0	0	0	689	688	-5667.000	-10083.400	1440.700	226.600	0.000	850.000	70.001	-136.600	0.224	22.383	-18.000	-1.000	-1.800	0	18.500	0.300	22.383	0.000	-3700.000	-2820.020	5211.434	-29.830	1104.980	98	97	97	102	53	256.720	418.392	-175.310	-18.000	1.000	0	0	10
98	28.972	Running: path-reverse	0	1	1	0	0	0	689	688	-5667.000	-10083.400	1440.700	226.600	0.000	850.000	70.001	-136.600	0.000	0.000	-18.000	-1.000	-1.800	0	18.500	0.000	0.000	0.000	-3700.000	-2820.020	5211.434	-29.830	1104.980	98	97	97	102	53	256.720	416.759	-175.310	-18.000	1.000	0	0	10
99	29.254	Running: path-reverse	0	1	1	0	0	0	689	688	-5667.000	-10083.400	1440.700	226.600	0.000	850.000	70.001	-136.600	0.000	0.000	-18.000	-1.000	-1.800	0	18.500	0.000	0.000	0.000	-3700.000	-2820.020	5211.434	-29.830	1104.980	98	97	97	102	53	256.720	415.159	-175.310	-18.000	1.000	0	0	10
100	29.531	Running: path-reverse	0	1	1	0	0	0	689	685	-5666.800	-10083.200	1440.700	229.900	19.971	870.020	70.001	-139.900	0.283	28.277	-18.000	-1.000	-2.000	0	18.700	0.200	28.277	0.000	-3700.000	-2820.020	5239.711	-60.688	1104.980	98	97	96	102	53	248.420	413.508	-170.635	-18.000	1.000	0	0	10
101	29.805	Running: path-reverse	0	1	1	0	0	0	689	685	-5666.800	-10083.200	1440.700	229.900	19.971	870.020	70.001	-139.900	0.000	0.000	-18.000	-1.000	-2.000	0	18.700	0.000	0.000	0.000	-3700.000	-2820.020	5239.711	-60.688	1104.980	98	97	96	102	53	248.420	411.889	-170.635	-18.000	1.000	0	0	10
102	30.082	Running: path-reverse	0	1	1	0	0	0	689	685	-5666.800	-10083.200	1440.700	229.900	19.971	870.020	70.001	-139.900	0.000	0.000	-18.000	-1.000	-2.000	0	18.700	0.000	0.000	0.000	-3700.000	-2820.020	5239.711	-60.688	1104.980	98	97	96	102	53	248.420	410.302	-170.635	-18.000	1.000	0	0	10
103	30.357	Running: path-reverse	0	1	1	0	0	0	689	685	-5666.800	-10083.200	1440.700	229.900	19.971	870.020	70.001	-139.900	0.000	0.000	-18.000	-1.000	-2.000	0	18.700	0.000	0.000	0.000	-3700.000	-2820.020	5239.711	-60.688	1104.980	98	97	96	102	53	248.420	408.746	-170.635	-18.000	1.000	0	0	10
104	30.649	Running: path-reverse	0	1	1	0	0	0	689	683	-5666.700	-10083.000	1440.700	233.400	29.980	890.039	70.001	-143.400	0.224	22.383	-18.000	-1.000	-2.300	0	19.000	0.300	22.383	0.000	-3700.000	-2820.020	5260.921	-77.526	1104.980	98	98	96	102	53	240.328	407.142	-169.712	-18.000	1.000	0	0	10
105	30.925	Running: path-reverse	0	1	1	0	0	0	689	683	-5666.700	-10083.000	1440.700	233.400	29.980	890.039	70.001	-143.400	0.000	0.000	-18.000	-1.000	-2.300	0	19.000	0.000	0.000	0.000	-3700.000	-2820.020	5260.921	-77.526	1104.980	98	98	96	102	53	240.328	405.568	-169.712	-18.000	1.000	0	0	10
106	31.201	Running: path-reverse	0	1	1	0	0	0	689	683	-5666.700	-10083.000	1440.700	233.400	29.980	890.039	70.001	-143.400	0.000	0.000	-18.000	-1.000	-2.300	0	19.000	0.000	0.000	0.000	-3700.000	-2820.020	5260.921	-77.526	1104.980	98	98	96	102	53	240.328	404.024	-169.712	-18.000	1.000	0	0	10
107	31.477	Running: path-reverse	0	1	1	0	0	0	689	679	-5666.500	-10082.700	1440.700	237.100	50.000	920.020	70.001	-147.100	0.361	36.050	-18.000	-1.000	-2.500	0	19.300	0.300	36.050	0.000	-3700.000	-2820.020	5296.262	-109.820	1104.980	99	98	95	102	52	244.444	402.546	-167.997	-18.000	1.000	0	0	10
108	31.809	Running: path-reverse	0	1	1	0	0	0	689	679	-5666.500	-10082.700	1440.700	237.100	50.000	920.020	70.001	-147.100	0.000	0.000	-18.000	-1.000	-2.500	0	19.300	0.000	0.000	0.000	-3700.000	-2820.020	5296.262	-109.820	1104.980	99	98	95	102	52	244.444	401.096	-167.997	-18.000	1.000	0	0	10
109	32.080	Running: path-reverse	0	1	1	0	0	0	689	679	-5666.500	-10082.700	1440.700	237.100	50.000	920.020	70.001	-147.100	0.000	0.000	-18.000	-1.000	-2.500	0	19.300	0.000	0.000	0.000	-3700.000	-2820.020	5296.262	-109.820	1104.980	99	98	95	102	52	244.444	399.671	-167.997	-18.000	1.000	0	0	10
110	32.436	Running: path-reverse	0	1	1	0	0	0	689	679	-5666.500	-10082.700	1440.700	237.100	50.000	920.020	70.001	-147.100	0.000	0.000	-18.000	-1.000	-2.500	0	19.300	0.000	0.000	0.000	-3700.000	-2820.020	5296.262	-109.820	1104.980	99	98	95	102	52	244.444	398.273	-167.997	-18.000	1.000	0	0	10
111	32.724	Running: path-reverse	0	1	1	0	0	0	689	677	-5666.300	-10082.500	1440.600	241.200	69.971	940.039	59.992	-151.200	0.300	29.997	-18.000	-1.000	-2.800	0	19.600	0.300	28.277	0.000	-3700.000	-2820.020	5324.539	-140.677	1104.980	99	99	95	102	53	267.541	397.106	-162.382	-18.000	1.000	0	0	10
112	32.996	Running: path-reverse	0	1	1	0	0	0	689	677	-5666.300	-10082.500	1440.600	241.200	69.971	940.039	59.992	-151.200	0.000	0.000	-18.000	-1.000	-2.800	0	19.600	0.000	0.000	0.000	-3700.000	-2820.020	5324.539	-140.677	1104.980	99	99	95	102	53	267.541	395.959	-162.382	-18.000	1.000	0	0	10
113	33.272	Running: path-reverse	0	1	1	0	0	0	689	677	-5666.300	-10082.500	1440.600	241.200	69.971	940.039	59.992	-151.200	0.000	0.000	-18.000	-1.000	-2.800	0	19.600	0.000	0.000	0.000	-3700.000	-2820.020	5324.539	-140.677	1104.980	99	99	95	102	53	267.541	394.833	-162.382	-18.000	1.000	0	0	10
114	33.548	Running: path-reverse	0	1	1	0	0	0	689	677	-5666.300	-10082.500	1440.600	241.200	69.971	940.039	59.992	-151.200	0.000	0.000	-18.000	-1.000	-2.800	0	19.600	0.000	0.000	0.000	-3700.000	-2820.020	5324.539	-140.677	1104.980	99	99	95	102	53	267.541	393.726	-162.382	-18.000	1.000	0	0	10
115	33.825	Running: path-reverse	0	1	1	0	0	0	689	672	-5666.000	-10082.200	1440.600	245.700	100.000	970.020	59.992	-155.700	0.424	42.433	-18.000	-1.000	-3.100	0	20.000	0.400	42.433	0.000	-3700.000	-2820.020	5366.973	-187.061	1104.980	100	99	94	102	53	317.204	393.066	-154.341	-18.000	1.000	0	0	10
116	34.100	Running: path-reverse	0	1	1	0	0	0	689	672	-5666.000	-10082.200	1440.600	245.700	100.000	970.020	59.992	-155.700	0.000	0.000	-18.000	-1.000	-3.100	0	20.000	0.000	0.000	0.000	-3700.000	-2820.020	5366.973	-187.061	1104.980	100	99	94	102	53	317.204	392.418	-154.341	-18.000	1.000	0	0	10
117	34.375	Running: path-reverse	0	1	1	0	0	0	689	672	-5666.000	-10082.200	1440.600	245.700	100.000	970.020	59.992	-155.700	0.000	0.000	-18.000	-1.000	-3.100	0	20.000	0.000	0.000	0.000	-3700.000	-2820.020	5366.973	-187.061	1104.980	100	99	94	102	53	317.204	391.780	-154.341	-18.000	1.000	0	0	10
118	34.652	Running: path-reverse	0	1	1	0	0	0	689	669	-5665.800	-10082.000	1440.600	250.500	119.971	990.039	59.992	-160.500	0.283	28.277	-18.000	-1.000	-3.400	0	20.400	0.400	28.277	0.000	-3700.000	-2820.020	5395.250	-217.918	1104.980	100	100	93	102	53	356.904	391.487	-128.904	-18.000	1.000	0	0	10
119	34.928	Running: path-reverse	0	1	1	0	0	0	689	669	-5665.800	-10082.000	1440.600	250.500	119.971	990.039	59.992	-160.500	0.000	0.000	-18.000	-1.000	-3.400	0	20.400	0.000	0.000	0.000	-3700.000	-2820.020	5395.250	-217.918	1104.980	100	100	93	102	53	356.904	391.199	-128.904	-18.000	1.000	0	0	10
120	35.204	Running: path-reverse	0	1	1	0	0	0	689	669	-5665.800	-10082.000	1440.600	250.500	119.971	990.039	59.992	-160.500	0.000	0.000	-18.000	-1.000	-3.400	0	20.400	0.000	0.000	0.000	-3700.000	-2820.020	5395.250	-217.918	1104.980	100	100	93	102	53	356.904	390.916	-128.904	-18.000	1.000	0	0	10
121	35.552	Running	0	0	1	0	0	0	689	664	-5665.400	-10081.700	1440.600	255.400	160.010	1020.020	59.992	-165.400	0.500	50.020	-18.000	-1.000	-3.700	0	20.800	0.400	50.020	0.000	-3700.000	-2820.020	5444.775	-257.139	1104.980	101	100	92	102	52	425.712	391.201	-80.983	27.736	-0.746	0	0	10
122	35.831	Running	0	0	1	0	0	0	689	664	-5665.400	-10081.700	1440.600	255.400	160.010	1020.020	59.992	-165.400	0.000	0.000	27.736	0.746	-3.700	0	20.800	0.000	0.000	0.000	-3700.000	-2820.020	5444.775	-257.139	1104.980	101	100	92	102	52	425.712	391.481	-80.983	27.736	-0.746	0	0	10
123	36.104	Running	0	0	1	0	0	0	689	664	-5665.400	-10081.700	1440.600	255.400	160.010	1020.020	59.992	-165.400	0.000	0.000	27.736	0.746	-3.700	0	20.800	0.000	0.000	0.000	-3700.000	-2820.020	5444.775	-257.139	1104.980	101	100	92	102	52	425.712	391.757	-80.983	27.736	-0.746	0	0	10
124	36.380	Running	0	0	1	0	0	0	689	664	-5665.400	-10081.700	1440.600	255.400	160.010	1020.020	59.992	-165.400	0.000	0.000	27.736	0.746	-3.700	0	20.800	0.000	0.000	0.000	-3700.000	-2820.020	5444.775	-257.139	1104.980	101	100	92	102	52	425.712	392.029	-80.983	27.736	-0.746	0	0	10
125	36.659	Running	0	0	1	0	0	0	689	661	-5665.100	-10081.500	1440.500	260.200	189.990	1040.039	49.994	-170.200	0.374	37.411	27.736	0.746	-3.900	0	21.200	0.400	36.050	0.000	-3700.000	-2820.020	5480.153	-281.201	1104.980	101	101	92	102	51	475.645	392.693	-45.256	30.000	-0.504	0	0	10
126	36.946	Running	0	0	1	0	0	0	689	661	-5665.100	-10081.500	1440.500	260.200	189.990	1040.039	49.994	-170.200	0.000	0.000	30.000	0.504	-3.900	0	21.200	0.000	0.000	0.000	-3700.000	-2820.020	5480.153	-281.201	1104.980	101	101	92	102	51	475.645	393.346	-45.256	30.000	-0.504	0	0	10
127	37.254	Running	0	0	1	0	0	0	689	661	-5665.100	-10081.500	1440.500	260.200	189.990	1040.039	49.994	-170.200	0.000	0.000	30.000	0.504	-3.900	0	21.200	0.000	0.000	0.000	-3700.000	-2820.020	5480.153	-281.201	1104.980	101	101	92	102	51	475.645	393.989	-45.256	30.000	-0.504	0	0	10
128	37.542	Running	0	0	1	0	0	0	689	661	-5665.100	-10081.500	1440.500	260.200	189.990	1040.039	49.994	-170.200	0.000	0.000	30.000	0.504	-3.900	0	21.200	0.000	0.000	0.000	-3700.000	-2820.020	5480.153	-281.201	1104.980	101	101	92	102	51	475.645	394.622	-45.256	30.000	-0.504	0	0	10
129	37.835	Running	0	0	1	0	0	0	689	660	-5664.700	-10081.400	1440.500	263.200	229.980	1050.000	49.994	-173.200	0.412	41.212	30.000	0.504	-3.400	0	21.600	0.400	41.212	0.000	-3700.000	-2820.020	5515.596	-249.084	1104.980	102	101	93	102	47	482.209	395.296	-33.546	30.000	-0.381	0	0	10
130	38.106	Running	0	0	1	0	0	0	689	660	-5664.700	-10081.400	1440.500	263.200	229.980	1050.000	49.994	-173.200	0.000	0.000	30.000	0.381	-3.400	0	21.600	0.000	0.000	0.000	-3700.000	-2820.020	5515.596	-249.084	1104.980	102	101	93	102	47	482.209	395.959	-33.546	30.000	-0.381	0	0	10
131	38.381	Running	0	0	1	0	0	0	689	660	-5664.700	-10081.400	1440.500	263.200	229.980	1050.000	49.994	-173.200	0.000	0.000	30.000	0.381	-3.400	0	21.600	0.000	0.000	0.000	-3700.000	-2820.020	5515.596	-249.084	1104.980	102	101	93	102	47	482.209	396.612	-33.546	30.000	-0.381	0	0	10
132	38.665	Running	0	0	1	0	0	0	689	660	-5664.400	-10081.300	1440.500	262.400	260.010	1060.058	49.994	-172.400	0.317	31.669	30.000	0.381	-2.300	0	21.900	0.300	31.669	0.000	-3700.000	-2820.020	5544.067	-219.128	1104.980	103	101	93	102	44	481.239	397.249	-17.713	30.000	-0.370	0	0	10
133	38.944	Running	0	0	1	0	0	0	689	660	-5664.400	-10081.300	1440.500	262.400	260.010	1060.058	49.994	-172.400	0.000	0.000	30.000	0.370	-2.300	0	21.900	0.000	0.000	0.000	-3700.000	-2820.020	5544.067	-219.128	1104.980	103	101	93	102	44	481.239	397.876	-17.713	30.000	-0.370	0	0	10
134	39.221	Running	0	0	1	0	0	0	689	660	-5664.400	-10081.300	1440.500	262.400	260.010	1060.058	49.994	-172.400	0.000	0.000	30.000	0.370	-2.300	0	21.900	0.000	0.000	0.000	-3700.000	-2820.020	5544.067	-219.128	1104.980	103	101	93	102	44	481.239	398.493	-17.713	30.000	-0.370	0	0	10
135	39.518	Running	0	0	1	0	0	0	689	660	-5664.200	-10081.300	1440.500	262.100	279.980	1060.058	49.994	-172.100	0.200	19.971	30.000	0.370	-1.400	0	22.100	0.200	19.971	0.000	-3700.000	-2820.020	5558.350	-199.186	1104.980	103	101	94	102	42	481.268	399.102	-10.604	30.000	-0.379	0	0	10
136	39.797	Running	0	0	1	0	0	0	689	660	-5664.200	-10081.300	1440.500	262.100	279.980	1060.058	49.994	-172.100	0.000	0.000	30.000	0.379	-1.400	0	22.100	0.000	0.000	0.000	-3700.000	-2820.020	5558.350	-199.186	1104.980	103	101	94	102	42	481.268	399.701	-10.604	30.000	-0.379	0	0	10
137	40.072	Running	0	0	1	0	0	0	689	660	-5664.200	-10081.300	1440.500	262.100	279.980	1060.058	49.994	-172.100	0.000	0.000	30.000	0.379	-1.400	0	22.100	0.000	0.000	0.000	-3700.000	-2820.020	5558.350	-199.186	1104.980	103	101	94	102	42	481.268	400.293	-10.604	30.000	-0.379	0	0	10
138	40.350	Running	0	0	1	0	0	0	689	660	-5664.200	-10081.300	1440.500	262.100	279.980	1060.058	49.994	-172.100	0.000	0.000	30.000	0.379	-1.400	0	22.100	0.000	0.000	0.000	-3700.000	-2820.020	5558.350	-199.186	1104.980	103	101	94	102	42	481.268	400.875	-10.604	30.000	-0.379	0	0	10
139	40.624	Running	0	0	1	0	0	0	689	660	-5664.100	-10081.300	1440.500	261.900	289.990	1060.058	49.994	-171.900	0.100	10.010	30.000	0.379	-0.500	0	22.300	0.200	10.010	0.000	-3700.000	-2820.020	5565.521	-189.187	1104.980	103	101	94	102	41	481.278	401.449	-7.319	30.000	-0.384	0	0	10
140	40.902	Running	0	0	1	0	0	0	689	660	-5664.100	-10081.300	1440.500	261.900	289.990	1060.058	49.994	-171.900	0.000	0.000	30.000	0.384	-0.500	0	22.300	0.000	0.000	0.000	-3700.000	-2820.020	5565.521	-189.187	1104.980	103	101	94	102	41	481.278	402.016	-7.319	30.000	-0.384	0	0	10
141	41.195	Running	0	0	1	0	0	0	689	660	-5664.100	-10081.300	1440.500	261.900	289.990	1060.058	49.994	-171.900	0.000	0.000	30.000	0.384	-0.500	0	22.300	0.000	0.000	0.000	-3700.000	-2820.020	5565.521	-189.187	1104.980	103	101	94	102	41	481.278	402.574	-7.319	30.000	-0.384	0	0	10
142	41.471	Running	0	0	1	0	0	0	689	660	-5664.100	-10081.300	1440.500	261.900	289.990	1060.058	49.994	-171.900	0.000	0.000	30.000	0.384	0.300	0	22.300	0.000	0.000	0.000	-3700.000	-2820.020	5565.521	-189.187	1104.980	103	101	94	102	41	481.278	403.124	-7.319	30.000	-0.384	0	0	10
143	41.761	Running	0	0	1	0	0	0	689	660	-5664.100	-10081.300	1440.500	261.900	289.990	1060.058	49.994	-171.900	0.000	0.000	30.000	0.384	0.300	0	22.300	0.000	0.000	0.000	-3700.000	-2820.020	5565.521	-189.187	1104.980	103	101	94	102	41	481.278	403.667	-7.319	30.000	-0.384	0	0	10
144	42.038	Running	0	0	1	0	0	0	689	660	-5664.100	-10081.300	1440.500	261.900	289.990	1060.058	49.994	-171.900	0.000	0.000	30.000	0.384	0.300	0	22.300	0.000	0.000	0.000	-3700.000	-2820.020	5565.521	-189.187	1104.980	103	101	94	102	41	481.278	404.202	-7.319	30.000	-0.384	0	0	10
145	42.317	Running	0	0	1	0	0	0	689	660	-5664.100	-10081.300	1440.500	261.900	289.990	1060.058	49.994	-171.900	0.000	0.000	30.000	0.384	0.300	0	22.300	0.000	0.000	0.000	-3700.000	-2820.020	5565.521	-189.187	1104.980	103	101	94	102	41	481.278	404.730	-7.319	30.000	-0.384	0	0	10
146	42.601	Running	0	0	1	0	0	0	689	660	-5664.100	-10081.300	1440.500	262.100	289.990	1060.058	49.994	-172.100	0.000	0.000	30.000	0.384	1.000	0	22.400	0.100	0.000	0.000	-3700.000	-2820.020	5565.521	-189.187	1104.980	103	101	94	102	41	481.278	405.251	-7.119	30.000	-0.379	0	0	10
147	42.924	Running	0	0	1	0	0	0	689	660	-5664.100	-10081.300	1440.500	262.100	289.990	1060.058	49.994	-172.100	0.000	0.000	30.000	0.379	1.000	0	22.400	0.000	0.000	0.000	-3700.000	-2820.020	5565.521	-189.187	1104.980	103	101	94	102	41	481.278	405.764	-7.119	30.000	-0.379	0	0	10
148	43.205	Running	0	0	1	0	0	0	689	660	-5664.100	-10081.300	1440.500	262.100	289.990	1060.058	49.994	-172.100	0.000	0.000	30.000	0.379	1.000	0	22.400	0.000	0.000	0.000	-3700.000	-2820.020	5565.521	-189.187	1104.980	103	101	94	102	41	481.278	406.271	-7.119	30.000	-0.379	0	0	10
149	43.481	Running	0	0	1	0	0	0	689	660	-5664.300	-10081.300	1440.500	262.400	269.971	1060.058	49.994	-172.400	0.200	20.020	30.000	0.379	1.800	0	22.500	0.100	20.020	0.000	-3700.000	-2820.020	5551.187	-209.183	1104.980	103	101	93	102	43	481.255	406.771	-13.948	30.000	-0.370	0	0	10
150	43.792	Running	0	0	1	0	0	0	689	660	-5664.300	-10081.300	1440.500	262.400	269.971	1060.058	49.994	-172.400	0.000	0.000	30.000	0.370	1.800	0	22.500	0.000	0.000	0.000	-3700.000	-2820.020	5551.187	-209.183	1104.980	103	101	93	102	43	481.255	407.264	-13.948	30.000	-0.370	0	0	10
151	44.066	Running	0	0	1	0	0	0	689	660	-5664.300	-10081.300	1440.500	262.400	269.971	1060.058	49.994	-172.400	0.000	0.000	30.000	0.370	1.800	0	22.500	0.000	0.000	0.000	-3700.000	-2820.020	5551.187	-209.183	1104.980	103	101	93	102	43	481.255	407.751	-13.948	30.000	-0.370	0	0	10
152	44.347	Running	0	0	1	0	0	0	689	660	-5664.300	-10081.300	1440.500	262.400	269.971	1060.058	49.994	-172.400	0.000	0.000	30.000	0.370	1.800	0	22.500	0.000	0.000	0.000	-3700.000	-2820.020	5551.187	-209.183	1104.980	103	101	93	102	43	481.255	408.232	-13.948	30.000	-0.370	0	0	10
153	44.658	Running	0	0	1	0	0	0	689	660	-5664.600	-10081.400	1440.500	262.800	239.990	1050.000	49.994	-172.800	0.316	31.623	30.000	0.370	2.500	0	22.800	0.300	31.623	0.000	-3700.000	-2820.020	5522.732	-239.109	1104.980	102	101	93	102	46	482.243	408.712	-30.061	30.000	-0.393	0	0	10
154	44.934	Running	0	0	1	0	0	0	689	660	-5664.600	-10081.400	1440.500	262.800	239.990	1050.000	49.994	-172.800	0.000	0.000	30.000	0.393	2.500	0	22.800	0.000	0.000	0.000	-3700.000	-2820.020	5522.732	-239.109	1104.980	102	101	93	102	46	482.243	409.187	-30.061	30.000	-0.393	0	0	10
155	45.208	Running	0	0	1	0	0	0	689	660	-5664.600	-10081.400	1440.500	262.800	239.990	1050.000	49.994	-172.800	0.000	0.000	30.000	0.393	2.500	0	22.800	0.000	0.000	0.000	-3700.000	-2820.020	5522.732	-239.109	1104.980	102	101	93	102	46	482.243	409.655	-30.061	30.000	-0.393	0	0	10
156	45.482	Running	0	0	1	0	0	0	689	660	-5664.600	-10081.400	1440.500	262.800	239.990	1050.000	49.994	-172.800	0.000	0.000	30.000	0.393	2.500	0	22.800	0.000	0.000	0.000	-3700.000	-2820.020	5522.732	-239.109	1104.980	102	101	93	102	46	482.243	410.117	-30.061	30.000	-0.393	0	0	10
157	45.761	Running	0	0	1	0	0	0	689	660	-5664.900	-10081.400	1440.500	263.500	210.010	1050.000	49.994	-173.500	0.300	29.980	30.000	0.393	3.400	0	23.100	0.300	29.980	0.000	-3700.000	-2820.020	5501.384	-268.927	1104.980	102	101	92	102	49	482.082	410.573	-35.562	30.000	-0.373	0	0	10
158	46.035	Running	0	0	1	0	0	0	689	660	-5664.900	-10081.400	1440.500	263.500	210.010	1050.000	49.994	-173.500	0.000	0.000	30.000	0.373	3.400	0	23.100	0.000	0.000	0.000	-3700.000	-2820.020	5501.384	-268.927	1104.980	102	101	92	102	49	482.082	411.022	-35.562	30.000	-0.373	0	0	10
159	46.311	Running	0	0	1	0	0	0	689	660	-5664.900	-10081.400	1440.500	263.500	210.010	1050.000	49.994	-173.500	0.000	0.000	30.000	0.373	3.400	0	23.100	0.000	0.000	0.000	-3700.000	-2820.020	5501.384	-268.927	1104.980	102	101	92	102	49	482.082	411.467	-35.562	30.000	-0.373	0	0	10
160	46.582	Running	0	0	1	0	0	0	689	661	-5665.300	-10081.400	1440.500	264.200	169.971	1050.000	49.994	-174.200	0.400	40.039	30.000	0.373	4.300	0	23.500	0.400	40.039	0.000	-3700.000	-2820.020	5473.000	-296.527	1104.980	101	101	92	102	53	469.726	411.828	-38.241	30.000	-0.358	0	0	10
161	46.851	Running	0	0	1	0	0	0	689	661	-5665.300	-10081.400	1440.500	264.200	169.971	1050.000	49.994	-174.200	0.000	0.000	30.000	0.358	4.300	0	23.500	0.000	0.000	0.000	-3700.000	-2820.020	5473.000	-296.527	1104.980	101	101	92	102	53	469.726	412.186	-38.241	30.000	-0.358	0	0	10
162	47.127	Running	0	0	1	0	0	0	689	661	-5665.300	-10081.400	1440.500	264.200	169.971	1050.000	49.994	-174.200	0.000	0.000	30.000	0.358	4.300	0	23.500	0.000	0.000	0.000	-3700.000	-2820.020	5473.000	-296.527	1104.980	101	101	92	102	53	469.726	412.539	-38.241	30.000	-0.358	0	0	10
163	47.403	Running	0	0	1	0	0	0	689	661	-5665.300	-10081.400	1440.500	264.200	169.971	1050.000	49.994	-174.200	0.000	0.000	30.000	0.358	4.300	0	23.500	0.000	0.000	0.000	-3700.000	-2820.020	5473.000	-296.527	1104.980	101	101	92	102	53	469.726	412.888	-38.241	30.000	-0.358	0	0	10
164	47.679	Running	0	0	1	0	0	0	689	666	-5665.900	-10081.500	1440.500	265.100	110.010	1040.039	49.994	-175.100	0.608	60.783	30.000	0.358	5.400	0	24.100	0.600	60.783	0.000	-3700.000	-2820.020	5423.673	-210.762	1104.980	100	101	93	102	49	327.280	412.369	-148.865	30.000	-0.467	0	0	10
165	47.968	Running	0	0	1	0	0	0	689	666	-5665.900	-10081.500	1440.500	265.100	110.010	1040.039	49.994	-175.100	0.000	0.000	30.000	0.467	5.400	0	24.100	0.000	0.000	0.000	-3700.000	-2820.020	5423.673	-210.762	1104.980	100	101	93	102	49	327.280	411.856	-148.865	30.000	-0.467	0	0	10
166	48.256	Running	0	0	1	0	0	0	689	666	-5665.900	-10081.500	1440.500	265.100	110.010	1040.039	49.994	-175.100	0.000	0.000	30.000	0.467	5.400	0	24.100	0.000	0.000	0.000	-3700.000	-2820.020	5423.673	-210.762	1104.980	100	101	93	102	49	327.280	411.350	-148.865	30.000	-0.467	0	0	10
167	48.533	Running	0	0	1	0	0	0	689	666	-5665.900	-10081.500	1440.500	265.100	110.010	1040.039	49.994	-175.100	0.000	0.000	30.000	0.467	5.400	0	24.100	0.000	0.000	0.000	-3700.000	-2820.020	5423.673	-210.762	1104.980	100	101	93	102	49	327.280	410.849	-148.865	30.000	-0.467	0	0	10
168	48.812	Running	0	0	1	0	0	0	689	645	-5666.500	-10081.500	1440.600	266.500	50.000	1040.039	59.992	-176.500	0.608	60.837	30.000	0.467	6.600	0	24.700	0.600	60.010	0.000	-3700.000	-2820.020	5381.687	-385.059	1104.980	99	101	90	102	46	439.879	411.021	-53.208	30.000	-0.343	0	0	10
169	49.088	Running	0	0	1	0	0	0	689	645	-5666.500	-10081.500	1440.600	266.500	50.000	1040.039	59.992	-176.500	0.000	0.000	30.000	0.343	6.600	0	24.700	0.000	0.000	0.000	-3700.000	-2820.020	5381.687	-385.059	1104.980	99	101	90	102	46	439.879	411.191	-53.208	30.000	-0.343	0	0	10
170	49.367	Running	0	0	1	0	0	0	689	645	-5666.500	-10081.500	1440.600	266.500	50.000	1040.039	59.992	-176.500	0.000	0.000	30.000	0.343	6.600	0	24.700	0.000	0.000	0.000	-3700.000	-2820.020	5381.687	-385.059	1104.980	99	101	90	102	46	439.879	411.359	-53.208	30.000	-0.343	0	0	10
171	49.652	Running	0	0	1	0	0	0	689	638	-5667.200	-10081.500	1440.600	268.100	-20.020	1040.039	59.992	-178.100	0.700	70.020	30.000	0.343	7.700	0	25.300	0.600	70.020	0.000	-3700.000	-2820.020	5333.133	-455.078	1104.980	97	101	88	102	46	439.879	411.524	-51.608	30.000	-0.297	0	0	10
172	49.931	Running	0	0	1	0	0	0	689	638	-5667.200	-10081.500	1440.600	268.100	-20.020	1040.039	59.992	-178.100	0.000	0.000	30.000	0.297	7.700	0	25.300	0.000	0.000	0.000	-3700.000	-2820.020	5333.133	-455.078	1104.980	97	101	88	102	46	439.879	411.688	-51.608	30.000	-0.297	0	0	10
173	50.210	Running	0	0	1	0	0	0	689	638	-5667.200	-10081.500	1440.600	268.100	-20.020	1040.039	59.992	-178.100	0.000	0.000	30.000	0.297	7.700	0	25.300	0.000	0.000	0.000	-3700.000	-2820.020	5333.133	-455.078	1104.980	97	101	88	102	46	439.879	411.850	-51.608	30.000	-0.297	0	0	10
174	50.485	Running	0	0	1	0	0	0	689	630	-5668.000	-10081.500	1440.600	269.600	-100.000	1040.039	59.992	-179.600	0.800	79.980	30.000	0.297	9.200	0	26.200	0.900	79.980	0.000	-3700.000	-2820.020	5278.262	-535.059	1104.980	96	101	87	102	46	439.879	412.010	-50.108	30.000	-0.254	0	0	10
175	50.756	Running	0	0	1	0	0	0	689	630	-5668.000	-10081.500	1440.600	269.600	-100.000	1040.039	59.992	-179.600	0.000	0.000	30.000	0.254	9.200	0	26.200	0.000	0.000	0.000	-3700.000	-2820.020	5278.262	-535.059	1104.980	96	101	87	102	46	439.879	412.169	-50.108	30.000	-0.254	0	0	10
176	51.032	Running	0	0	1	0	0	0	689	630	-5668.000	-10081.500	1440.600	269.600	-100.000	1040.039	59.992	-179.600	0.000	0.000	30.000	0.254	9.200	0	26.200	0.000	0.000	0.000	-3700.000	-2820.020	5278.262	-535.059	1104.980	96	101	87	102	46	439.879	412.325	-50.108	30.000	-0.254	0	0	10
177	51.301	Running	0	0	1	0	0	0	689	630	-5668.000	-10081.500	1440.600	269.600	-100.000	1040.039	59.992	-179.600	0.000	0.000	30.000	0.254	9.200	0	26.200	0.000	0.000	0.000	-3700.000	-2820.020	5278.262	-535.059	1104.980	96	101	87	102	46	439.879	412.480	-50.108	30.000	-0.254	0	0	10
178	51.581	Obstacle hits: +1	0	0	1	0	1	117	757	757	-5669.100	-10081.400	1440.700	270.500	-210.010	1050.000	70.001	179.500	1.109	110.912	30.000	0.254	10.800	0	27.200	1.000	110.460	0.000	-3700.000	-2820.020	5211.246	-125.000	1503.740	93	101	95	110	51	461.635	412.755	-138.560	18.000	-1.000	1	0	11
179	51.931	Running	0	0	1	0	0	0	757	757	-5669.100	-10081.400	1440.700	270.500	-210.010	1050.000	70.001	179.500	0.000	0.000	18.000	1.000	10.800	0	27.200	0.000	0.000	0.000	-3700.000	-2820.020	5211.246	-125.000	1503.740	93	101	95	110	51	461.635	413.026	-138.560	18.000	-1.000	0	0	11
180	52.284	Running	0	0	1	0	0	0	757	757	-5669.100	-10081.400	1440.700	270.500	-210.010	1050.000	70.001	179.500	0.000	0.000	18.000	1.000	10.800	0	27.200	0.000	0.000	0.000	-3700.000	-2820.020	5211.246	-125.000	1503.740	93	101	95	110	51	461.635	413.295	-138.560	18.000	-1.000	0	0	11
181	52.620	Obstacle hits: +1	0	1	1	0	1	117	766	766	-5670.100	-10081.400	1440.700	271.800	-310.010	1050.000	70.001	178.200	1.000	100.000	18.000	1.000	11.400	0	28.200	1.000	100.000	0.000	-3700.000	-2820.020	5144.811	-125.000	1411.974	91	101	95	108	51	406.514	413.258	-161.649	-18.000	1.000	1	0	12
182	52.977	Running: path-reverse	0	1	1	0	0	0	766	766	-5670.100	-10081.400	1440.700	271.800	-310.010	1050.000	70.001	178.200	0.000	0.000	-18.000	-1.000	11.400	0	28.200	0.000	0.000	0.000	-3700.000	-2820.020	5144.811	-125.000	1411.974	91	101	95	108	51	406.514	413.221	-161.649	-18.000	1.000	0	0	12
183	53.258	Running: path-reverse	0	1	1	0	0	0	766	766	-5670.100	-10081.400	1440.700	271.800	-310.010	1050.000	70.001	178.200	0.000	0.000	-18.000	-1.000	11.400	0	28.200	0.000	0.000	0.000	-3700.000	-2820.020	5144.811	-125.000	1411.974	91	101	95	108	51	406.514	413.184	-161.649	-18.000	1.000	0	0	12
184	53.534	Running: path-reverse	0	1	1	0	0	0	766	767	-5671.200	-10081.200	1440.700	277.200	-420.020	1070.020	70.001	172.800	1.118	111.816	-18.000	-1.000	10.600	0	29.400	1.200	111.816	0.000	-3700.000	-2820.020	5088.288	-125.000	1300.158	89	101	95	106	41	374.166	412.973	178.664	-18.000	1.000	0	0	12
185	53.808	Running: path-reverse	0	1	1	0	0	0	766	767	-5671.200	-10081.200	1440.700	277.200	-420.020	1070.020	70.001	172.800	0.000	0.000	-18.000	-1.000	10.600	0	29.400	0.000	0.000	0.000	-3700.000	-2820.020	5088.288	-125.000	1300.158	89	101	95	106	41	374.166	412.765	178.664	-18.000	1.000	0	0	12
186	54.087	Running: path-reverse	0	1	1	0	0	0	766	767	-5671.200	-10081.200	1440.700	277.200	-420.020	1070.020	70.001	172.800	0.000	0.000	-18.000	-1.000	10.600	0	29.400	0.000	0.000	0.000	-3700.000	-2820.020	5088.288	-125.000	1300.158	89	101	95	106	41	374.166	412.558	178.664	-18.000	1.000	0	0	12
187	54.367	Running: path-reverse	0	1	1	0	0	0	766	767	-5671.200	-10081.200	1440.700	277.200	-420.020	1070.020	70.001	172.800	0.000	0.000	-18.000	-1.000	10.600	0	29.400	0.000	0.000	0.000	-3700.000	-2820.020	5088.288	-125.000	1300.158	89	101	95	106	41	374.166	412.354	178.664	-18.000	1.000	0	0	12
188	54.651	Obstacle hits: +2	0	0	1	0	1	75	578	578	-5672.100	-10081.101	1440.800	277.600	-510.010	1079.980	79.999	172.400	0.911	91.090	-18.000	-1.000	7.800	0	30.300	0.900	90.540	0.000	-3700.000	-2820.020	5038.456	-882.881	747.099	87	102	80	95	52	499.843	412.817	48.722	18.000	1.000	2	0	14
189	55.004	Obstacle hits: +1	0	0	1	0	0	0	578	578	-5672.100	-10081.101	1440.800	277.600	-510.010	1079.980	79.999	172.400	0.000	0.000	18.000	-1.000	7.800	0	30.300	0.000	0.000	0.000	-3700.000	-2820.020	5038.456	-882.881	747.099	87	102	80	95	52	499.843	413.275	48.722	18.000	1.000	1	0	15
190	55.341	Obstacle hits: +1	0	0	1	0	1	75	578	578	-5672.100	-10081.101	1440.800	277.600	-510.010	1079.980	79.999	172.400	0.000	0.000	18.000	-1.000	7.800	0	30.300	0.000	0.000	0.000	-3700.000	-2820.020	5038.456	-825.000	723.124	87	102	81	94	51	475.989	413.603	48.722	18.000	1.000	1	0	16
191	55.657	Obstacle hits: +1	0	0	1	0	0	0	578	575	-5672.700	-10081.101	1440.800	274.300	-570.020	1079.980	79.999	175.700	0.600	60.010	18.000	-1.000	5.600	0	30.900	0.600	60.010	0.000	-3700.000	-2820.020	5000.678	-825.000	717.385	86	102	81	94	48	443.273	413.758	71.530	18.000	1.000	1	0	17
192	55.933	Running	0	0	1	0	0	0	578	575	-5672.700	-10081.101	1440.800	274.300	-570.020	1079.980	79.999	175.700	0.000	0.000	18.000	-1.000	5.600	0	30.900	0.000	0.000	0.000	-3700.000	-2820.020	5000.678	-825.000	717.385	86	102	81	94	48	443.273	413.911	71.530	18.000	1.000	0	0	17
193	56.220	Running	0	0	1	0	0	0	578	575	-5672.700	-10081.101	1440.800	274.300	-570.020	1079.980	79.999	175.700	0.000	0.000	18.000	-1.000	5.600	0	30.900	0.000	0.000	0.000	-3700.000	-2820.020	5000.678	-825.000	717.385	86	102	81	94	48	443.273	414.062	71.530	18.000	1.000	0	0	17
194	56.527	Obstacle hits: +1	0	0	1	0	1	75	570	570	-5673.200	-10081.200	1440.800	268.800	-620.020	1070.020	79.999	-178.800	0.510	50.983	18.000	-1.000	5.600	0	31.400	0.500	50.983	0.000	-3700.000	-2820.020	4961.722	-825.000	640.037	85	101	81	93	51	476.343	414.382	51.082	18.000	1.000	1	0	18
195	56.828	Running	0	0	1	0	0	0	570	570	-5673.200	-10081.200	1440.800	268.800	-620.020	1070.020	79.999	-178.800	0.000	0.000	18.000	-1.000	5.600	0	31.400	0.000	0.000	0.000	-3700.000	-2820.020	4961.722	-825.000	640.037	85	101	81	93	51	476.343	414.698	51.082	18.000	1.000	0	0	18
196	57.102	Running	0	0	1	0	0	0	570	570	-5673.200	-10081.200	1440.800	268.800	-620.020	1070.020	79.999	-178.800	0.000	0.000	18.000	-1.000	5.600	0	31.400	0.000	0.000	0.000	-3700.000	-2820.020	4961.722	-825.000	640.037	85	101	81	93	51	476.343	415.011	51.082	18.000	1.000	0	0	18
197	57.378	Running	0	0	1	0	0	0	570	570	-5673.200	-10081.200	1440.800	268.800	-620.020	1070.020	79.999	-178.800	0.000	0.000	18.000	-1.000	5.600	0	31.400	0.000	0.000	0.000	-3700.000	-2820.020	4961.722	-825.000	640.037	85	101	81	93	51	476.343	415.320	51.082	18.000	1.000	0	0	18
198	57.702	Obstacle hits: +1	0	0	1	0	1	75	565	565	-5673.700	-10081.400	1440.900	262.200	-670.020	1050.000	89.996	-172.200	0.548	54.779	18.000	-1.000	5.900	0	32.000	0.600	53.859	0.000	-3700.000	-2820.020	4915.062	-825.000	594.900	84	101	81	92	51	480.765	415.649	49.886	18.000	1.000	1	0	19
199	57.999	Running	0	0	1	0	0	0	565	565	-5673.700	-10081.400	1440.900	262.200	-670.020	1050.000	89.996	-172.200	0.000	0.000	18.000	-1.000	5.900	0	32.000	0.000	0.000	0.000	-3700.000	-2820.020	4915.062	-825.000	594.900	84	101	81	92	51	480.765	415.975	49.886	18.000	1.000	0	0	19
200	58.281	Running	0	0	1	0	0	0	565	565	-5673.700	-10081.400	1440.900	262.200	-670.020	1050.000	89.996	-172.200	0.000	0.000	18.000	-1.000	5.900	0	32.000	0.000	0.000	0.000	-3700.000	-2820.020	4915.062	-825.000	594.900	84	101	81	92	51	480.765	416.297	49.886	18.000	1.000	0	0	19
201	58.583	Obstacle hits: +1	0	0	1	0	1	75	560	560	-5674.200	-10081.700	1440.900	255.500	-720.020	1020.020	89.996	-165.500	0.583	58.299	18.000	-1.000	6.100	0	32.600	0.600	58.299	0.000	-3700.000	-2820.020	4860.677	-832.569	547.412	83	100	81	91	51	485.824	416.641	49.479	18.000	1.000	1	0	20
202	58.903	Running	0	0	1	0	0	0	560	560	-5674.200	-10081.700	1440.900	255.500	-720.020	1020.020	89.996	-165.500	0.000	0.000	18.000	-1.000	6.100	0	32.600	0.000	0.000	0.000	-3700.000	-2820.020	4860.677	-832.569	547.412	83	100	81	91	51	485.824	416.982	49.479	18.000	1.000	0	0	20
203	59.178	Obstacle hits: +1	0	0	1	0	1	75	560	560	-5674.200	-10081.700	1440.900	255.500	-720.020	1020.020	89.996	-165.500	0.000	0.000	18.000	-1.000	6.100	0	32.600	0.000	0.000	0.000	-3700.000	-2820.020	4860.677	-832.569	547.412	83	100	81	91	51	485.824	417.320	49.479	18.000	1.000	1	0	21
204	59.535	Running	0	0	1	0	0	0	560	557	-5674.700	-10082.000	1441.000	248.500	-770.020	990.039	99.994	-158.500	0.592	59.151	18.000	-1.000	6.500	0	33.200	0.600	58.299	0.000	-3700.000	-2820.020	4806.385	-844.659	535.322	82	100	81	91	50	460.802	417.532	62.289	18.000	1.000	0	0	21
205	59.821	Running	0	0	1	0	0	0	560	557	-5674.700	-10082.000	1441.000	248.500	-770.020	990.039	99.994	-158.500	0.000	0.000	18.000	-1.000	6.500	0	33.200	0.000	0.000	0.000	-3700.000	-2820.020	4806.385	-844.659	535.322	82	100	81	91	50	460.802	417.742	62.289	18.000	1.000	0	0	21
206	60.098	Running	0	0	1	0	0	0	560	557	-5674.700	-10082.000	1441.000	248.500	-770.020	990.039	99.994	-158.500	0.000	0.000	18.000	-1.000	6.500	0	33.200	0.000	0.000	0.000	-3700.000	-2820.020	4806.385	-844.659	535.322	82	100	81	91	50	460.802	417.950	62.289	18.000	1.000	0	0	21
207	60.373	Obstacle hits: +1	0	0	1	0	1	75	556	556	-5674.700	-10082.000	1441.000	248.500	-770.020	990.039	99.994	-158.500	0.000	0.000	18.000	-1.000	6.500	0	33.200	0.000	0.000	0.000	-3700.000	-2820.020	4806.385	-865.267	514.713	82	100	80	90	52	484.775	418.271	51.953	18.000	1.000	1	0	22
208	60.688	Obstacle hits: +2	0	0	1	0	0	0	556	552	-5675.300	-10082.400	1441.000	243.900	-830.029	950.000	99.994	-153.900	0.721	72.141	18.000	-1.000	6.100	0	33.800	0.600	72.141	0.000	-3700.000	-2820.020	4738.120	-871.879	508.102	81	99	80	90	49	443.875	418.394	79.330	18.000	1.000	2	0	24
209	60.965	Running	0	0	1	0	0	0	556	552	-5675.300	-10082.400	1441.000	243.900	-830.029	950.000	99.994	-153.900	0.000	0.000	18.000	-1.000	6.100	0	33.800	0.000	0.000	0.000	-3700.000	-2820.020	4738.120	-871.879	508.102	81	99	80	90	49	443.875	418.515	79.330	18.000	1.000	0	0	24
210	61.238	Running	0	0	1	0	0	0	556	552	-5675.300	-10082.400	1441.000	243.900	-830.029	950.000	99.994	-153.900	0.000	0.000	18.000	-1.000	6.100	0	33.800	0.000	0.000	0.000	-3700.000	-2820.020	4738.120	-871.879	508.102	81	99	80	90	49	443.875	418.635	79.330	18.000	1.000	0	0	24
211	61.533	Running	0	0	1	0	0	0	556	552	-5675.300	-10082.400	1441.000	243.900	-830.029	950.000	99.994	-153.900	0.000	0.000	18.000	-1.000	6.100	0	33.800	0.000	0.000	0.000	-3700.000	-2820.020	4738.120	-871.879	508.102	81	99	80	90	49	443.875	418.754	79.330	18.000	1.000	0	0	24
212	61.814	Obstacle hits: +1	0	0	1	0	1	75	550	550	-5675.700	-10082.601	1441.000	241.000	-870.020	929.980	99.994	-151.000	0.447	44.721	18.000	-1.000	4.000	0	34.300	0.500	44.721	0.000	-3700.000	-2820.020	4698.009	-907.831	472.150	80	99	79	89	53	459.389	418.945	80.807	18.000	1.000	1	0	25
213	62.164	Running	0	0	1	0	0	0	550	550	-5675.700	-10082.601	1441.000	241.000	-870.020	929.980	99.994	-151.000	0.000	0.000	18.000	-1.000	4.000	0	34.300	0.000	0.000	0.000	-3700.000	-2820.020	4698.009	-907.831	472.150	80	99	79	89	53	459.389	419.134	80.807	18.000	1.000	0	0	25
214	62.485	Running	0	0	1	0	0	0	550	551	-5676.000	-10082.601	1441.100	234.000	-900.000	929.980	109.992	-144.000	0.316	31.604	18.000	-1.000	2.000	0	34.600	0.300	29.980	0.000	-3700.000	-2820.020	4680.011	-886.631	493.349	80	99	80	90	50	436.836	419.216	89.532	18.000	1.000	0	0	25
215	62.775	Obstacle hits: +1	0	0	1	0	1	75	551	551	-5676.000	-10082.601	1441.100	234.000	-900.000	929.980	109.992	-144.000	0.000	0.000	18.000	-1.000	2.000	0	34.600	0.000	0.000	0.000	-3700.000	-2820.020	4680.011	-898.699	481.281	80	99	80	90	52	448.701	419.353	84.964	18.000	1.000	1	0	26
216	63.066	Running	0	0	1	0	0	0	551	551	-5676.000	-10082.601	1441.100	234.000	-900.000	929.980	109.992	-144.000	0.000	0.000	18.000	-1.000	2.000	0	34.600	0.000	0.000	0.000	-3700.000	-2820.020	4680.011	-898.699	481.281	80	99	80	90	52	448.701	419.488	84.964	18.000	1.000	0	0	26
217	63.342	Running	0	0	1	0	0	0	551	551	-5676.000	-10082.601	1441.100	234.000	-900.000	929.980	109.992	-144.000	0.000	0.000	18.000	-1.000	2.000	0	34.600	0.000	0.000	0.000	-3700.000	-2820.020	4680.011	-898.699	481.281	80	99	80	90	52	448.701	419.622	84.964	18.000	1.000	0	0	26
218	63.614	Running	0	0	1	0	0	0	551	552	-5676.100	-10082.700	1441.100	231.300	-910.010	920.020	109.992	-141.300	0.141	14.121	18.000	-1.000	0.400	0	34.800	0.200	14.121	0.000	-3700.000	-2820.020	4666.041	-891.404	488.576	79	98	80	90	52	431.844	419.678	89.612	18.000	1.000	0	0	26
219	63.889	Running	0	0	1	0	0	0	551	552	-5676.100	-10082.700	1441.100	231.300	-910.010	920.020	109.992	-141.300	0.000	0.000	18.000	-1.000	0.400	0	34.800	0.000	0.000	0.000	-3700.000	-2820.020	4666.041	-891.404	488.576	79	98	80	90	52	431.844	419.733	89.612	18.000	1.000	0	0	26
220	64.193	Running	0	0	1	0	0	0	551	552	-5676.100	-10082.700	1441.100	231.300	-910.010	920.020	109.992	-141.300	0.000	0.000	18.000	-1.000	0.400	0	34.800	0.000	0.000	0.000	-3700.000	-2820.020	4666.041	-891.404	488.576	79	98	80	90	52	431.844	419.788	89.612	18.000	1.000	0	0	26
221	64.538	Running	0	0	1	0	0	0	551	552	-5676.100	-10082.700	1441.100	230.700	-910.010	920.020	109.992	-140.700	0.000	0.000	18.000	-1.000	0.100	0	34.800	0.000	0.000	0.345	-3700.000	-2820.020	4666.041	-891.404	488.576	79	98	80	90	52	431.844	419.842	89.012	18.000	1.000	0	0	26
222	64.868	Running	0	0	1	0	0	0	551	552	-5676.100	-10082.700	1441.100	230.700	-910.010	920.020	109.992	-140.700	0.000	0.000	18.000	-1.000	0.100	0	34.800	0.000	0.000	0.676	-3700.000	-2820.020	4666.041	-891.404	488.576	79	98	80	90	52	431.844	419.896	89.012	18.000	1.000	0	0	26
223	65.146	Running	0	0	1	0	0	0	551	552	-5676.100	-10082.700	1441.100	230.700	-910.010	920.020	109.992	-140.700	0.000	0.000	18.000	-1.000	0.100	0	34.800	0.000	0.000	0.953	-3700.000	-2820.020	4666.041	-891.404	488.576	79	98	80	90	52	431.844	419.949	89.012	18.000	1.000	0	0	26
224	65.419	Running	0	0	1	0	0	0	551	552	-5676.100	-10082.700	1441.100	230.700	-910.010	920.020	109.992	-140.700	0.000	0.000	18.000	-1.000	0.100	0	34.800	0.000	0.000	1.226	-3700.000	-2820.020	4666.041	-891.404	488.576	79	98	80	90	52	431.844	420.002	89.012	18.000	1.000	0	0	26
225	65.722	Running	0	0	1	0	0	0	551	552	-5676.100	-10082.700	1441.100	230.400	-910.010	920.020	109.992	-140.400	0.000	0.000	18.000	-1.000	0.100	0	34.800	0.000	0.000	1.529	-3700.000	-2820.020	4666.041	-891.404	488.576	79	98	80	90	52	431.844	420.055	88.712	18.000	1.000	0	0	26
226	65.999	Running	0	0	1	0	0	0	551	552	-5676.100	-10082.700	1441.100	230.400	-910.010	920.020	109.992	-140.400	0.000	0.000	18.000	-1.000	0.100	0	34.800	0.000	0.000	1.806	-3700.000	-2820.020	4666.041	-891.404	488.576	79	98	80	90	52	431.844	420.107	88.712	18.000	1.000	0	0	26
227	66.278	Running	0	0	1	0	0	0	551	552	-5676.100	-10082.700	1441.100	230.400	-910.010	920.020	109.992	-140.400	0.000	0.000	18.000	-1.000	0.100	0	34.800	0.000	0.000	2.085	-3700.000	-2820.020	4666.041	-891.404	488.576	79	98	80	90	52	431.844	420.158	88.712	18.000	1.000	0	0	26
228	66.552	Running	0	0	1	0	0	0	551	552	-5676.200	-10082.700	1441.100	230.100	-920.020	920.020	109.992	-140.100	0.100	10.010	18.000	-1.000	0.100	0	34.800	0.000	10.010	0.000	-3700.000	-2820.020	4660.063	-882.888	497.093	79	98	80	90	51	424.554	420.177	93.704	18.000	1.000	0	0	26
229	66.827	Running	0	0	1	0	0	0	551	552	-5676.200	-10082.700	1441.100	230.100	-920.020	920.020	109.992	-140.100	0.000	0.000	18.000	-1.000	0.100	0	34.800	0.000	0.000	0.275	-3700.000	-2820.020	4660.063	-882.888	497.093	79	98	80	90	51	424.554	420.196	93.704	18.000	1.000	0	0	26
230	67.102	Running	0	0	1	0	0	0	551	552	-5676.200	-10082.700	1441.100	230.100	-920.020	920.020	109.992	-140.100	0.000	0.000	18.000	-1.000	0.100	0	34.800	0.000	0.000	0.550	-3700.000	-2820.020	4660.063	-882.888	497.093	79	98	80	90	51	424.554	420.215	93.704	18.000	1.000	0	0	26
231	67.451	Running	0	0	1	0	0	0	551	552	-5676.200	-10082.700	1441.100	230.100	-920.020	920.020	109.992	-140.100	0.000	0.000	18.000	-1.000	0.100	0	34.800	0.000	0.000	0.899	-3700.000	-2820.020	4660.063	-882.888	497.093	79	98	80	90	51	424.554	420.234	93.704	18.000	1.000	0	0	26
232	67.738	Running	0	0	1	0	0	0	551	552	-5676.200	-10082.700	1441.100	230.000	-920.020	920.020	109.992	-140.000	0.000	0.000	18.000	-1.000	0.100	0	34.800	0.000	0.000	1.185	-3700.000	-2820.020	4660.063	-882.888	497.093	79	98	80	90	51	424.554	420.252	93.604	18.000	1.000	0	0	26
233	68.020	Running	0	0	1	0	0	0	551	552	-5676.200	-10082.700	1441.100	230.000	-920.020	920.020	109.992	-140.000	0.000	0.000	18.000	-1.000	0.100	0	34.800	0.000	0.000	1.468	-3700.000	-2820.020	4660.063	-882.888	497.093	79	98	80	90	51	424.554	420.271	93.604	18.000	1.000	0	0	26
234	68.294	Running	0	0	1	0	0	0	551	552	-5676.200	-10082.700	1441.100	230.000	-920.020	920.020	109.992	-140.000	0.000	0.000	18.000	-1.000	0.100	0	34.800	0.000	0.000	1.742	-3700.000	-2820.020	4660.063	-882.888	497.093	79	98	80	90	51	424.554	420.289	93.604	18.000	1.000	0	0	26
235	68.569	Running	0	0	1	0	0	0	551	552	-5676.200	-10082.700	1441.100	230.000	-920.020	920.020	109.992	-140.000	0.000	0.000	18.000	-1.000	0.100	0	34.900	0.100	0.000	2.016	-3700.000	-2820.020	4660.063	-882.888	497.093	79	98	80	90	51	424.554	420.307	93.604	18.000	1.000	0	0	26
236	68.850	Running	0	0	1	0	0	0	551	552	-5676.200	-10082.700	1441.100	230.000	-920.020	920.020	109.992	-140.000	0.000	0.000	18.000	-1.000	0.100	0	34.900	0.000	0.000	2.297	-3700.000	-2820.020	4660.063	-882.888	497.093	79	98	80	90	51	424.554	420.325	93.604	18.000	1.000	0	0	26
237	69.123	Running	0	0	1	0	0	0	551	552	-5676.200	-10082.700	1441.100	230.000	-920.020	920.020	109.992	-140.000	0.000	0.000	18.000	-1.000	0.100	0	34.900	0.000	0.000	2.571	-3700.000	-2820.020	4660.063	-882.888	497.093	79	98	80	90	51	424.554	420.343	93.604	18.000	1.000	0	0	26
238	69.397	Running	0	0	1	0	0	0	551	552	-5676.200	-10082.700	1441.100	230.000	-920.020	920.020	109.992	-140.000	0.000	0.000	18.000	-1.000	0.100	0	34.900	0.000	0.000	2.845	-3700.000	-2820.020	4660.063	-882.888	497.093	79	98	80	90	51	424.554	420.360	93.604	18.000	1.000	0	0	26
239	69.669	Running	0	0	1	0	0	0	551	552	-5676.200	-10082.700	1441.100	230.000	-920.020	920.020	109.992	-140.000	0.000	0.000	18.000	-1.000	0.100	0	34.900	0.000	0.000	3.117	-3700.000	-2820.020	4660.063	-882.888	497.093	79	98	80	90	51	424.554	420.378	93.604	18.000	1.000	0	0	26
240	69.945	Running	0	0	1	0	0	0	551	552	-5676.200	-10082.700	1441.100	230.000	-920.020	920.020	109.992	-140.000	0.000	0.000	18.000	-1.000	0.100	0	34.900	0.000	0.000	3.393	-3700.000	-2820.020	4660.063	-882.888	497.093	79	98	80	90	51	424.554	420.395	93.604	18.000	1.000	0	0	26
241	70.239	Running	0	0	1	0	0	0	551	552	-5676.200	-10082.700	1441.100	230.000	-920.020	920.020	109.992	-140.000	0.000	0.000	18.000	-1.000	0.100	0	34.900	0.000	0.000	3.687	-3700.000	-2820.020	4660.063	-882.888	497.093	79	98	80	90	51	424.554	420.412	93.604	18.000	1.000	0	0	26
242	70.515	Running	0	0	1	0	0	0	551	552	-5676.200	-10082.700	1441.100	229.900	-920.020	920.020	109.992	-139.900	0.000	0.000	18.000	-1.000	0.100	0	34.900	0.000	0.000	3.962	-3700.000	-2820.020	4660.063	-882.888	497.093	79	98	80	90	51	424.554	420.429	93.504	18.000	1.000	0	0	26
243	70.793	Running	0	0	1	0	0	0	551	552	-5676.200	-10082.700	1441.100	229.900	-920.020	920.020	109.992	-139.900	0.000	0.000	18.000	-1.000	0.100	0	34.900	0.000	0.000	4.240	-3700.000	-2820.020	4660.063	-882.888	497.093	79	98	80	90	51	424.554	420.446	93.504	18.000	1.000	0	0	26
244	71.069	Running	0	0	1	0	0	0	551	552	-5676.200	-10082.700	1441.100	229.900	-920.020	920.020	109.992	-139.900	0.000	0.000	18.000	-1.000	0.100	0	34.900	0.000	0.000	4.517	-3700.000	-2820.020	4660.063	-882.888	497.093	79	98	80	90	51	424.554	420.463	93.504	18.000	1.000	0	0	26
245	71.344	Running	0	0	1	0	0	0	551	552	-5676.200	-10082.700	1441.100	229.900	-920.020	920.020	109.992	-139.900	0.000	0.000	18.000	-1.000	0.100	0	34.900	0.000	0.000	4.792	-3700.000	-2820.020	4660.063	-882.888	497.093	79	98	80	90	51	424.554	420.480	93.504	18.000	1.000	0	0	26
246	71.623	Running	0	0	1	0	0	0	551	552	-5676.200	-10082.700	1441.100	229.900	-920.020	920.020	109.992	-139.900	0.000	0.000	18.000	-1.000	0.100	0	34.900	0.000	0.000	5.070	-3700.000	-2820.020	4660.063	-882.888	497.093	79	98	80	90	51	424.554	420.496	93.504	18.000	1.000	0	0	26
247	71.896	Running	0	0	1	0	0	0	551	552	-5676.200	-10082.700	1441.100	229.900	-920.020	920.020	109.992	-139.900	0.000	0.000	18.000	-1.000	0.100	0	34.900	0.000	0.000	5.343	-3700.000	-2820.020	4660.063	-882.888	497.093	79	98	80	90	51	424.554	420.513	93.504	18.000	1.000	0	0	26
