step_idx	elapsed_s	sensor_idx	sensor_label	raw_cm	mask_hit	sensor_world_x_cm	sensor_world_y_cm	sensor_cell_x	sensor_cell_y	rover_x_cm	rover_y_cm	rover_heading_deg
7	2.028	0	front_left_wheel_hub_yaw_p30	0.000	0	545.436	930.408	108	99	300.000	1179.980	-89.900
8	2.299	0	front_left_wheel_hub_yaw_p30	0.000	0	545.436	930.408	108	99	300.000	1179.980	-89.900
9	2.570	0	front_left_wheel_hub_yaw_p30	0.000	0	545.436	930.408	108	99	300.000	1179.980	-89.900
10	2.895	0	front_left_wheel_hub_yaw_p30	0.000	0	545.436	930.408	108	99	300.000	1179.980	-89.900
11	3.247	0	front_left_wheel_hub_yaw_p30	0.000	0	543.249	928.276	108	98	300.000	1179.980	-90.400
12	3.565	0	front_left_wheel_hub_yaw_p30	0.000	0	543.249	928.276	108	98	300.000	1179.980	-90.400
13	3.842	0	front_left_wheel_hub_yaw_p30	0.000	0	543.249	928.276	108	98	300.000	1179.980	-90.400
14	4.119	0	front_left_wheel_hub_yaw_p30	0.000	0	539.711	914.943	108	98	300.000	1170.020	-91.200
15	4.394	0	front_left_wheel_hub_yaw_p30	0.000	0	539.711	914.943	108	98	300.000	1170.020	-91.200
16	4.681	0	front_left_wheel_hub_yaw_p30	0.000	0	539.711	914.943	108	98	300.000	1170.020	-91.200
17	4.965	0	front_left_wheel_hub_yaw_p30	0.000	0	539.711	914.943	108	98	300.000	1170.020	-91.200
18	5.243	0	front_left_wheel_hub_yaw_p30	0.000	0	534.316	900.018	108	98	300.000	1160.058	-92.400
19	5.529	0	front_left_wheel_hub_yaw_p30	0.000	0	534.316	900.018	108	98	300.000	1160.058	-92.400
20	5.813	0	front_left_wheel_hub_yaw_p30	0.000	0	534.316	900.018	108	98	300.000	1160.058	-92.400
24	7.024	0	front_left_wheel_hub_yaw_p30	0.000	0	509.901	867.708	108	97	289.990	1140.039	-95.500
25	7.319	0	front_left_wheel_hub_yaw_p30	0.000	0	509.901	867.708	108	97	289.990	1140.039	-95.500
26	7.591	0	front_left_wheel_hub_yaw_p30	0.000	0	509.901	867.708	108	97	289.990	1140.039	-95.500
27	7.880	0	front_left_wheel_hub_yaw_p30	0.000	0	509.901	867.708	108	97	289.990	1140.039	-95.500
53	15.328	0	front_left_wheel_hub_yaw_p30	0.000	0	274.770	616.021	103	92	169.971	950.000	-117.000
54	15.608	0	front_left_wheel_hub_yaw_p30	0.000	0	274.770	616.021	103	92	169.971	950.000	-117.000
55	15.881	0	front_left_wheel_hub_yaw_p30	0.000	0	274.770	616.021	103	92	169.971	950.000	-117.000
63	18.177	0	front_left_wheel_hub_yaw_p30	0.000	0	114.896	454.294	100	89	60.010	800.000	-125.400
64	18.450	0	front_left_wheel_hub_yaw_p30	0.000	0	114.896	454.294	100	89	60.010	800.000	-125.400
65	18.745	0	front_left_wheel_hub_yaw_p30	0.000	0	114.896	454.294	100	89	60.010	800.000	-125.400
70	20.154	0	front_left_wheel_hub_yaw_p30	0.000	0	-65.273	351.743	96	87	-30.029	700.000	-140.200
71	20.427	0	front_left_wheel_hub_yaw_p30	0.000	0	-65.273	351.743	96	87	-30.029	700.000	-140.200
72	20.701	0	front_left_wheel_hub_yaw_p30	0.000	0	-65.273	351.743	96	87	-30.029	700.000	-140.200
77	22.154	0	front_left_wheel_hub_yaw_p30	0.000	0	-56.479	351.868	96	87	-20.020	700.000	-140.400
78	22.426	0	front_left_wheel_hub_yaw_p30	0.000	0	-56.479	351.868	96	87	-20.020	700.000	-140.400
79	22.699	0	front_left_wheel_hub_yaw_p30	0.000	0	-56.479	351.868	96	87	-20.020	700.000	-140.400
80	22.969	0	front_left_wheel_hub_yaw_p30	0.000	0	-56.479	351.868	96	87	-20.020	700.000	-140.400
81	23.318	0	front_left_wheel_hub_yaw_p30	0.000	0	-56.479	351.868	96	87	-20.020	700.000	-140.400
82	23.622	0	front_left_wheel_hub_yaw_p30	0.000	0	-56.479	351.868	96	87	-20.020	700.000	-140.400
83	23.895	0	front_left_wheel_hub_yaw_p30	0.000	0	-56.479	351.868	96	87	-20.020	700.000	-140.400
87	25.159	0	front_left_wheel_hub_yaw_p30	0.000	0	-59.516	352.200	96	87	-20.020	700.000	-140.900
88	25.430	0	front_left_wheel_hub_yaw_p30	0.000	0	-59.516	352.200	96	87	-20.020	700.000	-140.900
89	25.700	0	front_left_wheel_hub_yaw_p30	0.000	0	-59.516	352.200	96	87	-20.020	700.000	-140.900
94	27.100	0	front_left_wheel_hub_yaw_p30	0.000	0	-62.828	373.992	96	87	-10.010	720.020	-143.100
95	27.422	0	front_left_wheel_hub_yaw_p30	0.000	0	-62.828	373.992	96	87	-10.010	720.020	-143.100
96	27.784	0	front_left_wheel_hub_yaw_p30	0.000	0	-62.828	373.992	96	87	-10.010	720.020	-143.100
101	29.315	0	front_left_wheel_hub_yaw_p30	0.000	0	-64.431	398.010	96	88	10.010	740.039	-146.700
102	29.656	0	front_left_wheel_hub_yaw_p30	0.000	0	-64.431	398.010	96	88	10.010	740.039	-146.700
103	29.937	0	front_left_wheel_hub_yaw_p30	0.000	0	-64.431	398.010	96	88	10.010	740.039	-146.700
104	30.220	0	front_left_wheel_hub_yaw_p30	0.000	0	-66.954	410.929	96	88	19.971	750.000	-148.800
105	30.535	0	front_left_wheel_hub_yaw_p30	0.000	0	-66.954	410.929	96	88	19.971	750.000	-148.800
106	30.806	0	front_left_wheel_hub_yaw_p30	0.000	0	-66.954	410.929	96	88	19.971	750.000	-148.800
107	31.096	0	front_left_wheel_hub_yaw_p30	0.000	0	-71.067	434.886	96	89	29.980	770.020	-151.200
108	31.424	0	front_left_wheel_hub_yaw_p30	0.000	0	-71.067	434.886	96	89	29.980	770.020	-151.200
109	31.776	0	front_left_wheel_hub_yaw_p30	0.000	0	-71.067	434.886	96	89	29.980	770.020	-151.200
110	32.148	0	front_left_wheel_hub_yaw_p30	0.000	0	-75.579	449.573	96	89	39.990	779.980	-153.700
111	32.496	0	front_left_wheel_hub_yaw_p30	0.000	0	-75.579	449.573	96	89	39.990	779.980	-153.700
112	32.845	0	front_left_wheel_hub_yaw_p30	0.000	0	-75.579	449.573	96	89	39.990	779.980	-153.700
113	33.129	0	front_left_wheel_hub_yaw_p30	0.000	0	-73.258	476.326	96	89	60.010	800.000	-156.800
114	33.463	0	front_left_wheel_hub_yaw_p30	0.000	0	-73.258	476.326	96	89	60.010	800.000	-156.800
115	33.749	0	front_left_wheel_hub_yaw_p30	0.000	0	-73.258	476.326	96	89	60.010	800.000	-156.800
116	34.020	0	front_left_wheel_hub_yaw_p30	0.000	0	-70.045	493.803	96	90	79.980	810.058	-159.800
117	34.297	0	front_left_wheel_hub_yaw_p30	0.000	0	-70.045	493.803	96	90	79.980	810.058	-159.800
118	34.574	0	front_left_wheel_hub_yaw_p30	0.000	0	-70.045	493.803	96	90	79.980	810.058	-159.800
119	34.850	0	front_left_wheel_hub_yaw_p30	0.000	0	-70.045	493.803	96	90	79.980	810.058	-159.800
120	35.143	0	front_left_wheel_hub_yaw_p30	0.000	0	-69.587	523.769	96	90	100.000	829.980	-163.400
121	35.415	0	front_left_wheel_hub_yaw_p30	0.000	0	-69.587	523.769	96	90	100.000	829.980	-163.400
122	35.695	0	front_left_wheel_hub_yaw_p30	0.000	0	-69.587	523.769	96	90	100.000	829.980	-163.400
123	35.981	0	front_left_wheel_hub_yaw_p30	0.000	0	-59.528	555.701	96	91	129.980	850.000	-167.200
124	36.253	0	front_left_wheel_hub_yaw_p30	0.000	0	-59.528	555.701	96	91	129.980	850.000	-167.200
125	36.526	0	front_left_wheel_hub_yaw_p30	0.000	0	-59.528	555.701	96	91	129.980	850.000	-167.200
126	36.796	0	front_left_wheel_hub_yaw_p30	0.000	0	-59.528	555.701	96	91	129.980	850.000	-167.200
127	37.066	0	front_left_wheel_hub_yaw_p30	0.000	0	-48.586	578.966	97	91	160.010	860.058	-171.000
128	37.340	0	front_left_wheel_hub_yaw_p30	0.000	0	-48.586	578.966	97	91	160.010	860.058	-171.000
129	37.621	0	front_left_wheel_hub_yaw_p30	0.000	0	-48.586	578.966	97	91	160.010	860.058	-171.000
130	37.909	0	front_left_wheel_hub_yaw_p30	0.000	0	-47.715	614.124	97	92	179.980	879.980	-175.000
131	38.215	0	front_left_wheel_hub_yaw_p30	0.000	0	-47.715	614.124	97	92	179.980	879.980	-175.000
132	38.491	0	front_left_wheel_hub_yaw_p30	0.000	0	-47.715	614.124	97	92	179.980	879.980	-175.000
133	38.782	0	front_left_wheel_hub_yaw_p30	0.000	0	-47.715	614.124	97	92	179.980	879.980	-175.000
134	39.052	0	front_left_wheel_hub_yaw_p30	0.000	0	-28.743	643.733	97	93	219.971	890.039	-179.700
135	39.370	0	front_left_wheel_hub_yaw_p30	0.000	0	-28.743	643.733	97	93	219.971	890.039	-179.700
136	39.648	0	front_left_wheel_hub_yaw_p30	0.000	0	-28.743	643.733	97	93	219.971	890.039	-179.700
137	39.931	0	front_left_wheel_hub_yaw_p30	0.000	0	-5.280	671.644	97	93	260.010	900.000	176.300
138	40.211	0	front_left_wheel_hub_yaw_p30	0.000	0	-5.280	671.644	97	93	260.010	900.000	176.300
139	40.485	0	front_left_wheel_hub_yaw_p30	0.000	0	-5.280	671.644	97	93	260.010	900.000	176.300
140	40.759	0	front_left_wheel_hub_yaw_p30	0.000	0	-5.280	671.644	97	93	260.010	900.000	176.300
141	41.041	0	front_left_wheel_hub_yaw_p30	0.000	0	28.727	667.049	98	93	289.990	900.000	177.300
142	41.326	0	front_left_wheel_hub_yaw_p30	0.000	0	28.727	667.049	98	93	289.990	900.000	177.300
143	41.603	0	front_left_wheel_hub_yaw_p30	0.000	0	28.727	667.049	98	93	289.990	900.000	177.300
144	41.880	0	front_left_wheel_hub_yaw_p30	0.000	0	28.727	667.049	98	93	289.990	900.000	177.300
145	42.153	0	front_left_wheel_hub_yaw_p30	0.000	0	71.687	643.300	99	93	319.971	890.039	-179.600
146	42.420	0	front_left_wheel_hub_yaw_p30	0.000	0	71.687	643.300	99	93	319.971	890.039	-179.600
147	42.698	0	front_left_wheel_hub_yaw_p30	0.000	0	71.687	643.300	99	93	319.971	890.039	-179.600
148	42.972	0	front_left_wheel_hub_yaw_p30	0.000	0	71.687	643.300	99	93	319.971	890.039	-179.600
149	43.248	0	front_left_wheel_hub_yaw_p30	0.000	0	118.615	617.329	100	92	350.000	879.980	-175.800
150	43.522	0	front_left_wheel_hub_yaw_p30	0.000	0	118.615	617.329	100	92	350.000	879.980	-175.800
151	43.810	0	front_left_wheel_hub_yaw_p30	0.000	0	118.615	617.329	100	92	350.000	879.980	-175.800
152	44.104	0	front_left_wheel_hub_yaw_p30	0.000	0	151.692	606.339	101	92	369.971	879.980	-173.000
153	44.392	0	front_left_wheel_hub_yaw_p30	0.000	0	151.692	606.339	101	92	369.971	879.980	-173.000
154	44.690	0	front_left_wheel_hub_yaw_p30	0.000	0	151.692	606.339	101	92	369.971	879.980	-173.000
155	44.974	0	front_left_wheel_hub_yaw_p30	0.000	0	151.692	606.339	101	92	369.971	879.980	-173.000
156	45.274	0	front_left_wheel_hub_yaw_p30	0.000	0	183.362	587.478	101	92	389.990	870.020	-170.600
157	45.550	0	front_left_wheel_hub_yaw_p30	0.000	0	183.362	587.478	101	92	389.990	870.020	-170.600
158	45.826	0	front_left_wheel_hub_yaw_p30	0.000	0	183.362	587.478	101	92	389.990	870.020	-170.600
159	46.100	0	front_left_wheel_hub_yaw_p30	0.000	0	214.380	579.754	102	91	410.010	870.020	-168.400
160	46.391	0	front_left_wheel_hub_yaw_p30	0.000	0	214.380	579.754	102	91	410.010	870.020	-168.400
161	46.697	0	front_left_wheel_hub_yaw_p30	0.000	0	214.380	579.754	102	91	410.010	870.020	-168.400
162	46.972	0	front_left_wheel_hub_yaw_p30	0.000	0	233.038	574.078	102	91	419.971	870.020	-166.700
163	47.259	0	front_left_wheel_hub_yaw_p30	0.000	0	233.038	574.078	102	91	419.971	870.020	-166.700
164	47.536	0	front_left_wheel_hub_yaw_p30	0.000	0	233.038	574.078	102	91	419.971	870.020	-166.700
165	47.809	0	front_left_wheel_hub_yaw_p30	0.000	0	233.038	574.078	102	91	419.971	870.020	-166.700
166	48.082	0	front_left_wheel_hub_yaw_p30	0.000	0	260.869	569.286	103	91	439.990	870.020	-165.200
167	48.351	0	front_left_wheel_hub_yaw_p30	0.000	0	260.869	569.286	103	91	439.990	870.020	-165.200
168	48.625	0	front_left_wheel_hub_yaw_p30	0.000	0	260.869	569.286	103	91	439.990	870.020	-165.200
169	48.896	0	front_left_wheel_hub_yaw_p30	0.000	0	260.869	569.286	103	91	439.990	870.020	-165.200
170	49.182	0	front_left_wheel_hub_yaw_p30	0.000	0	266.144	566.206	103	91	439.990	870.020	-164.200
171	49.459	0	front_left_wheel_hub_yaw_p30	0.000	0	266.144	566.206	103	91	439.990	870.020	-164.200
172	49.733	0	front_left_wheel_hub_yaw_p30	0.000	0	266.144	566.206	103	91	439.990	870.020	-164.200
173	50.009	0	front_left_wheel_hub_yaw_p30	0.000	0	279.345	564.402	103	91	450.000	870.020	-163.600
174	50.281	0	front_left_wheel_hub_yaw_p30	0.000	0	279.345	564.402	103	91	450.000	870.020	-163.600
175	50.558	0	front_left_wheel_hub_yaw_p30	0.000	0	279.345	564.402	103	91	450.000	870.020	-163.600
176	50.837	0	front_left_wheel_hub_yaw_p30	0.000	0	279.345	564.402	103	91	450.000	870.020	-163.600
177	51.109	0	front_left_wheel_hub_yaw_p30	0.000	0	280.948	563.513	103	91	450.000	870.020	-163.300
178	51.382	0	front_left_wheel_hub_yaw_p30	0.000	0	280.948	563.513	103	91	450.000	870.020	-163.300
179	51.657	0	front_left_wheel_hub_yaw_p30	0.000	0	280.948	563.513	103	91	450.000	870.020	-163.300
180	51.934	0	front_left_wheel_hub_yaw_p30	0.000	0	280.948	563.513	103	91	450.000	870.020	-163.300
181	52.262	0	front_left_wheel_hub_yaw_p30	0.000	0	280.948	563.513	103	91	450.000	870.020	-163.300
182	52.547	0	front_left_wheel_hub_yaw_p30	0.000	0	280.948	563.513	103	91	450.000	870.020	-163.300
183	52.856	0	front_left_wheel_hub_yaw_p30	0.000	0	280.948	563.513	103	91	450.000	870.020	-163.300
184	53.153	0	front_left_wheel_hub_yaw_p30	0.000	0	278.279	565.000	103	91	450.000	870.020	-163.800
185	53.459	0	front_left_wheel_hub_yaw_p30	0.000	0	278.279	565.000	103	91	450.000	870.020	-163.800
186	53.753	0	front_left_wheel_hub_yaw_p30	0.000	0	278.279	565.000	103	91	450.000	870.020	-163.800
187	54.038	0	front_left_wheel_hub_yaw_p30	0.000	0	264.556	567.120	103	91	439.990	870.020	-164.500
188	54.318	0	front_left_wheel_hub_yaw_p30	0.000	0	264.556	567.120	103	91	439.990	870.020	-164.500
189	54.591	0	front_left_wheel_hub_yaw_p30	0.000	0	264.556	567.120	103	91	439.990	870.020	-164.500
190	54.863	0	front_left_wheel_hub_yaw_p30	0.000	0	264.556	567.120	103	91	439.990	870.020	-164.500
191	55.162	0	front_left_wheel_hub_yaw_p30	0.000	0	259.296	570.228	103	91	439.990	870.020	-165.500
192	55.439	0	front_left_wheel_hub_yaw_p30	0.000	0	259.296	570.228	103	91	439.990	870.020	-165.500
193	55.715	0	front_left_wheel_hub_yaw_p30	0.000	0	259.296	570.228	103	91	439.990	870.020	-165.500
194	55.986	0	front_left_wheel_hub_yaw_p30	0.000	0	232.006	574.733	102	91	419.971	870.020	-166.900
195	56.258	0	front_left_wheel_hub_yaw_p30	0.000	0	232.006	574.733	102	91	419.971	870.020	-166.900
196	56.532	0	front_left_wheel_hub_yaw_p30	0.000	0	232.006	574.733	102	91	419.971	870.020	-166.900
197	56.807	0	front_left_wheel_hub_yaw_p30	0.000	0	232.006	574.733	102	91	419.971	870.020	-166.900
198	57.081	0	front_left_wheel_hub_yaw_p30	0.000	0	212.863	580.782	102	92	410.010	870.020	-168.700
199	57.355	0	front_left_wheel_hub_yaw_p30	0.000	0	212.863	580.782	102	92	410.010	870.020	-168.700
200	57.630	0	front_left_wheel_hub_yaw_p30	0.000	0	212.863	580.782	102	92	410.010	870.020	-168.700
201	57.917	0	front_left_wheel_hub_yaw_p30	0.000	0	212.863	580.782	102	92	410.010	870.020	-168.700
202	58.197	0	front_left_wheel_hub_yaw_p30	0.000	0	183.362	587.478	101	92	389.990	870.020	-170.600
203	58.481	0	front_left_wheel_hub_yaw_p30	0.000	0	183.362	587.478	101	92	389.990	870.020	-170.600
204	58.770	0	front_left_wheel_hub_yaw_p30	0.000	0	183.362	587.478	101	92	389.990	870.020	-170.600
205	59.044	0	front_left_wheel_hub_yaw_p30	0.000	0	183.362	587.478	101	92	389.990	870.020	-170.600
206	59.400	0	front_left_wheel_hub_yaw_p30	0.000	0	162.180	605.959	101	92	379.980	879.980	-172.900
207	59.679	0	front_left_wheel_hub_yaw_p30	0.000	0	162.180	605.959	101	92	379.980	879.980	-172.900
208	59.950	0	front_left_wheel_hub_yaw_p30	0.000	0	162.180	605.959	101	92	379.980	879.980	-172.900
209	60.229	0	front_left_wheel_hub_yaw_p30	0.000	0	130.003	616.121	100	92	360.010	879.980	-175.500
210	60.503	0	front_left_wheel_hub_yaw_p30	0.000	0	130.003	616.121	100	92	360.010	879.980	-175.500
211	60.783	0	front_left_wheel_hub_yaw_p30	0.000	0	130.003	616.121	100	92	360.010	879.980	-175.500
212	61.075	0	front_left_wheel_hub_yaw_p30	0.000	0	130.003	616.121	100	92	360.010	879.980	-175.500
213	61.373	0	front_left_wheel_hub_yaw_p30	0.000	0	87.799	637.307	99	93	329.980	890.039	-178.200
214	61.646	0	front_left_wheel_hub_yaw_p30	0.000	0	87.799	637.307	99	93	329.980	890.039	-178.200
215	61.933	0	front_left_wheel_hub_yaw_p30	0.000	0	87.799	637.307	99	93	329.980	890.039	-178.200
216	62.211	0	front_left_wheel_hub_yaw_p30	0.000	0	54.934	650.328	99	93	310.010	890.039	178.800
217	62.487	0	front_left_wheel_hub_yaw_p30	0.000	0	54.934	650.328	99	93	310.010	890.039	178.800
218	62.760	0	front_left_wheel_hub_yaw_p30	0.000	0	54.934	650.328	99	93	310.010	890.039	178.800
219	63.037	0	front_left_wheel_hub_yaw_p30	0.000	0	22.718	673.967	98	93	289.990	900.000	175.800
220	63.313	0	front_left_wheel_hub_yaw_p30	0.000	0	22.718	673.967	98	93	289.990	900.000	175.800
221	63.600	0	front_left_wheel_hub_yaw_p30	0.000	0	22.718	673.967	98	93	289.990	900.000	175.800
222	63.879	0	front_left_wheel_hub_yaw_p30	0.000	0	22.718	673.967	98	93	289.990	900.000	175.800
223	64.167	0	front_left_wheel_hub_yaw_p30	0.000	0	-19.463	699.298	97	94	260.010	910.058	172.600
224	64.453	0	front_left_wheel_hub_yaw_p30	0.000	0	-19.463	699.298	97	94	260.010	910.058	172.600
225	64.735	0	front_left_wheel_hub_yaw_p30	0.000	0	-19.463	699.298	97	94	260.010	910.058	172.600
226	65.065	0	front_left_wheel_hub_yaw_p30	0.000	0	-51.490	726.205	96	94	239.990	920.020	169.200
227	65.400	0	front_left_wheel_hub_yaw_p30	0.000	0	-51.490	726.205	96	94	239.990	920.020	169.200
228	65.671	0	front_left_wheel_hub_yaw_p30	0.000	0	-51.490	726.205	96	94	239.990	920.020	169.200
229	65.948	0	front_left_wheel_hub_yaw_p30	0.000	0	-51.490	726.205	96	94	239.990	920.020	169.200
230	66.230	0	front_left_wheel_hub_yaw_p30	0.000	0	-94.280	767.029	96	95	210.010	940.039	165.200
231	66.503	0	front_left_wheel_hub_yaw_p30	0.000	0	-94.280	767.029	96	95	210.010	940.039	165.200
232	66.790	0	front_left_wheel_hub_yaw_p30	0.000	0	-94.280	767.029	96	95	210.010	940.039	165.200
233	67.063	0	front_left_wheel_hub_yaw_p30	0.000	0	-134.840	807.045	95	96	179.980	960.058	161.500
234	67.341	0	front_left_wheel_hub_yaw_p30	0.000	0	-134.840	807.045	95	96	179.980	960.058	161.500
235	67.617	0	front_left_wheel_hub_yaw_p30	0.000	0	-134.840	807.045	95	96	179.980	960.058	161.500
236	67.891	0	front_left_wheel_hub_yaw_p30	0.000	0	-134.840	807.045	95	96	179.980	960.058	161.500
237	68.173	0	front_left_wheel_hub_yaw_p30	0.000	0	-172.635	844.216	94	97	150.000	979.980	158.400
238	68.452	0	front_left_wheel_hub_yaw_p30	0.000	0	-172.635	844.216	94	97	150.000	979.980	158.400
239	68.726	0	front_left_wheel_hub_yaw_p30	0.000	0	-172.635	844.216	94	97	150.000	979.980	158.400
240	68.998	0	front_left_wheel_hub_yaw_p30	0.000	0	-172.635	844.216	94	97	150.000	979.980	158.400
241	69.311	0	front_left_wheel_hub_yaw_p30	0.000	0	-220.513	884.762	93	98	110.010	1000.000	154.800
242	69.588	0	front_left_wheel_hub_yaw_p30	0.000	0	-220.513	884.762	93	98	110.010	1000.000	154.800
243	69.877	0	front_left_wheel_hub_yaw_p30	0.000	0	-220.513	884.762	93	98	110.010	1000.000	154.800
244	70.239	0	front_left_wheel_hub_yaw_p30	0.000	0	-256.290	932.786	92	99	79.980	1029.980	151.700
245	70.515	0	front_left_wheel_hub_yaw_p30	0.000	0	-256.290	932.786	92	99	79.980	1029.980	151.700
246	70.791	0	front_left_wheel_hub_yaw_p30	0.000	0	-256.290	932.786	92	99	79.980	1029.980	151.700
247	71.066	0	front_left_wheel_hub_yaw_p30	0.000	0	-285.058	938.743	92	99	50.000	1040.039	152.400
248	71.340	0	front_left_wheel_hub_yaw_p30	0.000	0	-285.058	938.743	92	99	50.000	1040.039	152.400
249	71.614	0	front_left_wheel_hub_yaw_p30	0.000	0	-285.058	938.743	92	99	50.000	1040.039	152.400
250	71.886	0	front_left_wheel_hub_yaw_p30	0.000	0	-285.058	938.743	92	99	50.000	1040.039	152.400
251	72.165	0	front_left_wheel_hub_yaw_p30	0.000	0	-325.400	969.894	91	99	10.010	1070.020	152.200
252	72.441	0	front_left_wheel_hub_yaw_p30	0.000	0	-325.400	969.894	91	99	10.010	1070.020	152.200
253	72.716	0	front_left_wheel_hub_yaw_p30	0.000	0	-325.400	969.894	91	99	10.010	1070.020	152.200
254	72.993	0	front_left_wheel_hub_yaw_p30	0.000	0	-375.400	989.913	90	100	-39.990	1090.039	152.200
255	73.269	0	front_left_wheel_hub_yaw_p30	0.000	0	-375.400	989.913	90	100	-39.990	1090.039	152.200
256	73.539	0	front_left_wheel_hub_yaw_p30	0.000	0	-375.400	989.913	90	100	-39.990	1090.039	152.200
257	73.812	0	front_left_wheel_hub_yaw_p30	0.000	0	-375.400	989.913	90	100	-39.990	1090.039	152.200
258	74.087	0	front_left_wheel_hub_yaw_p30	0.000	0	-434.881	1018.139	89	100	-100.000	1120.020	152.500
259	74.360	0	front_left_wheel_hub_yaw_p30	0.000	0	-434.881	1018.139	89	100	-100.000	1120.020	152.500
260	74.640	0	front_left_wheel_hub_yaw_p30	0.000	0	-434.881	1018.139	89	100	-100.000	1120.020	152.500
261	74.994	0	front_left_wheel_hub_yaw_p30	0.000	0	-434.881	1018.139	89	100	-100.000	1120.020	152.500
262	75.275	0	front_left_wheel_hub_yaw_p30	0.000	0	-503.259	1052.931	87	101	-170.020	1160.058	153.400
263	75.568	0	front_left_wheel_hub_yaw_p30	0.000	0	-503.259	1052.931	87	101	-170.020	1160.058	153.400
264	75.860	0	front_left_wheel_hub_yaw_p30	0.000	0	-503.259	1052.931	87	101	-170.020	1160.058	153.400
265	76.143	0	front_left_wheel_hub_yaw_p30	0.000	0	-589.308	1071.346	86	101	-260.010	1190.039	155.400
266	76.415	0	front_left_wheel_hub_yaw_p30	0.000	0	-589.308	1071.346	86	101	-260.010	1190.039	155.400
267	76.688	0	front_left_wheel_hub_yaw_p30	0.000	0	-589.308	1071.346	86	101	-260.010	1190.039	155.400
268	77.034	0	front_left_wheel_hub_yaw_p30	0.000	0	-589.308	1071.346	86	101	-260.010	1190.039	155.400
269	77.320	0	front_left_wheel_hub_yaw_p30	0.000	0	-670.708	1079.764	84	101	-350.000	1220.020	159.200
270	77.592	0	front_left_wheel_hub_yaw_p30	0.000	0	-670.708	1079.764	84	101	-350.000	1220.020	159.200
271	77.863	0	front_left_wheel_hub_yaw_p30	0.000	0	-670.708	1079.764	84	101	-350.000	1220.020	159.200
272	78.136	0	front_left_wheel_hub_yaw_p30	0.000	0	-740.277	1060.170	83	101	-439.990	1240.039	166.500
273	78.413	0	front_left_wheel_hub_yaw_p30	0.000	0	-740.277	1060.170	83	101	-439.990	1240.039	166.500
274	78.701	0	front_left_wheel_hub_yaw_p30	0.000	0	-740.277	1060.170	83	101	-439.990	1240.039	166.500
275	78.977	0	front_left_wheel_hub_yaw_p30	0.000	0	-740.277	1060.170	83	101	-439.990	1240.039	166.500
276	79.245	0	front_left_wheel_hub_yaw_p30	0.000	0	-795.717	1002.088	82	100	-530.029	1229.980	176.200
277	79.522	0	front_left_wheel_hub_yaw_p30	0.000	0	-795.717	1002.088	82	100	-530.029	1229.980	176.200
278	79.799	0	front_left_wheel_hub_yaw_p30	0.000	0	-795.717	1002.088	82	100	-530.029	1229.980	176.200
279	80.073	0	front_left_wheel_hub_yaw_p30	0.000	0	-836.310	943.013	81	99	-610.010	1210.058	-174.700
280	80.347	0	front_left_wheel_hub_yaw_p30	0.000	1	-836.310	943.013	81	99	-610.010	1210.058	-174.700
281	80.677	0	front_left_wheel_hub_yaw_p30	0.000	1	-836.310	943.013	81	99	-610.010	1210.058	-174.700
282	80.955	0	front_left_wheel_hub_yaw_p30	0.000	1	-836.310	943.013	81	99	-610.010	1210.058	-174.700
283	81.245	0	front_left_wheel_hub_yaw_p30	0.000	1	-864.891	882.741	80	98	-680.029	1179.980	-166.300
284	81.562	0	front_left_wheel_hub_yaw_p30	0.000	1	-864.891	882.741	80	98	-680.029	1179.980	-166.300
285	81.884	0	front_left_wheel_hub_yaw_p30	0.000	1	-864.891	882.741	80	98	-680.029	1179.980	-166.300
286	82.236	0	front_left_wheel_hub_yaw_p30	0.000	1	-882.244	830.174	80	97	-739.990	1150.000	-158.400
287	82.530	0	front_left_wheel_hub_yaw_p30	0.000	1	-882.244	830.174	80	97	-739.990	1150.000	-158.400
288	82.813	0	front_left_wheel_hub_yaw_p30	0.000	1	-882.244	830.174	80	97	-739.990	1150.000	-158.400
289	83.091	0	front_left_wheel_hub_yaw_p30	0.000	1	-891.060	752.055	80	95	-800.000	1090.039	-149.500
290	83.449	0	front_left_wheel_hub_yaw_p30	0.000	1	-891.060	752.055	80	95	-800.000	1090.039	-149.500
291	83.786	0	front_left_wheel_hub_yaw_p30	0.000	1	-891.060	752.055	80	95	-800.000	1090.039	-149.500
292	84.060	0	front_left_wheel_hub_yaw_p30	0.000	1	-892.530	692.597	80	94	-850.000	1040.039	-141.400
293	84.348	0	front_left_wheel_hub_yaw_p30	0.000	1	-892.530	692.597	80	94	-850.000	1040.039	-141.400
294	84.621	0	front_left_wheel_hub_yaw_p30	0.000	1	-892.530	692.597	80	94	-850.000	1040.039	-141.400
295	84.896	0	front_left_wheel_hub_yaw_p30	0.000	1	-892.530	692.597	80	94	-850.000	1040.039	-141.400
296	85.168	0	front_left_wheel_hub_yaw_p30	0.000	1	-911.102	619.985	79	92	-910.010	970.020	-134.600
297	85.440	0	front_left_wheel_hub_yaw_p30	0.000	1	-911.102	619.985	79	92	-910.010	970.020	-134.600
298	85.714	0	front_left_wheel_hub_yaw_p30	0.000	1	-911.102	619.985	79	92	-910.010	970.020	-134.600
299	85.986	0	front_left_wheel_hub_yaw_p30	0.000	1	-911.102	619.985	79	92	-910.010	970.020	-134.600
300	86.269	0	front_left_wheel_hub_yaw_p30	0.000	1	-968.668	549.967	78	91	-970.020	900.000	-134.200
301	86.541	0	front_left_wheel_hub_yaw_p30	0.000	1	-968.668	549.967	78	91	-970.020	900.000	-134.200
302	86.815	0	front_left_wheel_hub_yaw_p30	0.000	1	-968.668	549.967	78	91	-970.020	900.000	-134.200
303	87.112	0	front_left_wheel_hub_yaw_p30	0.000	1	-1034.362	479.990	77	90	-1039.990	829.980	-133.500
304	87.404	0	front_left_wheel_hub_yaw_p30	0.000	1	-1034.362	479.990	77	90	-1039.990	829.980	-133.500
305	87.717	0	front_left_wheel_hub_yaw_p30	0.000	1	-1034.362	479.990	77	90	-1039.990	829.980	-133.500
306	88.050	0	front_left_wheel_hub_yaw_p30	0.000	1	-1076.672	420.762	76	88	-1100.000	770.020	-130.600
307	88.388	0	front_left_wheel_hub_yaw_p30	0.000	1	-1076.672	420.762	76	88	-1100.000	770.020	-130.600
308	88.665	0	front_left_wheel_hub_yaw_p30	0.000	1	-1076.672	420.762	76	88	-1100.000	770.020	-130.600
309	88.939	0	front_left_wheel_hub_yaw_p30	0.000	1	-1076.672	420.762	76	88	-1100.000	770.020	-130.600
310	89.233	0	front_left_wheel_hub_yaw_p30	0.000	1	-1117.222	342.628	75	87	-1160.010	690.039	-127.400
311	89.567	0	front_left_wheel_hub_yaw_p30	0.000	1	-1117.222	342.628	75	87	-1160.010	690.039	-127.400
312	89.920	0	front_left_wheel_hub_yaw_p30	0.000	1	-1117.222	342.628	75	87	-1160.010	690.039	-127.400
313	90.219	0	front_left_wheel_hub_yaw_p30	0.000	1	-1170.570	263.533	74	85	-1220.020	610.058	-126.300
314	90.524	0	front_left_wheel_hub_yaw_p30	0.000	1	-1170.570	263.533	74	85	-1220.020	610.058	-126.300
315	90.813	0	front_left_wheel_hub_yaw_p30	0.000	1	-1170.570	263.533	74	85	-1220.020	610.058	-126.300
316	91.132	0	front_left_wheel_hub_yaw_p30	0.000	1	-1244.778	182.877	73	84	-1289.990	529.980	-127.000
317	91.459	0	front_left_wheel_hub_yaw_p30	0.000	1	-1244.778	182.877	73	84	-1289.990	529.980	-127.000
318	91.784	0	front_left_wheel_hub_yaw_p30	0.000	1	-1244.778	182.877	73	84	-1289.990	529.980	-127.000
319	92.112	0	front_left_wheel_hub_yaw_p30	0.000	1	-1309.639	102.299	71	82	-1350.000	450.000	-127.800
320	92.453	0	front_left_wheel_hub_yaw_p30	0.000	1	-1309.639	102.299	71	82	-1350.000	450.000	-127.800
321	92.762	0	front_left_wheel_hub_yaw_p30	0.000	1	-1309.639	102.299	71	82	-1350.000	450.000	-127.800
322	93.134	0	front_left_wheel_hub_yaw_p30	0.000	1	-1382.694	12.019	70	80	-1420.020	360.058	-128.300
323	93.466	0	front_left_wheel_hub_yaw_p30	0.000	1	-1382.694	12.019	70	80	-1420.020	360.058	-128.300
324	93.772	0	front_left_wheel_hub_yaw_p30	0.000	1	-1382.694	12.019	70	80	-1420.020	360.058	-128.300
325	94.049	0	front_left_wheel_hub_yaw_p30	0.000	1	-1445.134	-68.312	69	79	-1480.029	279.980	-128.700
326	94.346	0	front_left_wheel_hub_yaw_p30	0.000	1	-1445.134	-68.312	69	79	-1480.029	279.980	-128.700
327	94.660	0	front_left_wheel_hub_yaw_p30	0.000	1	-1445.134	-68.312	69	79	-1480.029	279.980	-128.700
328	94.940	0	front_left_wheel_hub_yaw_p30	0.000	1	-1445.134	-68.312	69	79	-1480.029	279.980	-128.700
329	95.229	0	front_left_wheel_hub_yaw_p30	0.000	1	-1526.939	-148.470	67	77	-1560.010	200.000	-129.000
330	95.522	0	front_left_wheel_hub_yaw_p30	0.000	1	-1526.939	-148.470	67	77	-1560.010	200.000	-129.000
331	95.805	0	front_left_wheel_hub_yaw_p30	0.000	1	-1526.939	-148.470	67	77	-1560.010	200.000	-129.000
332	96.131	0	front_left_wheel_hub_yaw_p30	0.000	1	-1587.557	-238.469	66	75	-1620.020	110.058	-129.100
333	96.422	0	front_left_wheel_hub_yaw_p30	0.000	1	-1587.557	-238.469	66	75	-1620.020	110.058	-129.100
334	96.695	0	front_left_wheel_hub_yaw_p30	0.000	1	-1587.557	-238.469	66	75	-1620.020	110.058	-129.100
335	96.968	0	front_left_wheel_hub_yaw_p30	0.000	1	-1587.557	-238.469	66	75	-1620.020	110.058	-129.100
336	97.255	0	front_left_wheel_hub_yaw_p30	0.000	1	-1655.095	-318.312	64	74	-1689.990	29.980	-128.700
337	97.586	0	front_left_wheel_hub_yaw_p30	0.000	1	-1655.095	-318.312	64	74	-1689.990	29.980	-128.700
338	97.925	0	front_left_wheel_hub_yaw_p30	0.000	1	-1655.095	-318.312	64	74	-1689.990	29.980	-128.700
339	98.246	0	front_left_wheel_hub_yaw_p30	0.000	1	-1705.394	-407.143	63	72	-1750.000	-59.961	-127.100
340	98.566	0	front_left_wheel_hub_yaw_p30	0.000	1	-1705.394	-407.143	63	72	-1750.000	-59.961	-127.100
341	98.902	0	front_left_wheel_hub_yaw_p30	0.000	1	-1705.394	-407.143	63	72	-1750.000	-59.961	-127.100
342	99.278	0	front_left_wheel_hub_yaw_p30	0.000	1	-1744.511	-475.590	63	70	-1800.000	-129.980	-125.300
343	99.632	0	front_left_wheel_hub_yaw_p30	0.000	1	-1744.511	-475.590	63	70	-1800.000	-129.980	-125.300
344	99.950	0	front_left_wheel_hub_yaw_p30	0.000	1	-1744.511	-475.590	63	70	-1800.000	-129.980	-125.300
352	102.329	0	front_left_wheel_hub_yaw_p30	0.000	1	-1935.708	-745.801	59	65	-1989.990	-400.000	-125.500
353	102.617	0	front_left_wheel_hub_yaw_p30	0.000	1	-1935.708	-745.801	59	65	-1989.990	-400.000	-125.500
354	102.904	0	front_left_wheel_hub_yaw_p30	0.000	1	-1935.708	-745.801	59	65	-1989.990	-400.000	-125.500
362	105.263	0	front_left_wheel_hub_yaw_p30	0.000	1	-2152.057	-997.974	54	60	-2189.990	-650.000	-128.200
363	105.560	0	front_left_wheel_hub_yaw_p30	0.000	1	-2152.057	-997.974	54	60	-2189.990	-650.000	-128.200
364	105.845	0	front_left_wheel_hub_yaw_p30	0.000	1	-2152.057	-997.974	54	60	-2189.990	-650.000	-128.200
369	107.280	0	front_left_wheel_hub_yaw_p30	0.000	1	-2288.774	-1168.658	52	57	-2320.020	-820.020	-129.300
370	107.604	0	front_left_wheel_hub_yaw_p30	0.000	1	-2288.774	-1168.658	52	57	-2320.020	-820.020	-129.300
371	107.896	0	front_left_wheel_hub_yaw_p30	0.000	1	-2288.774	-1168.658	52	57	-2320.020	-820.020	-129.300
372	108.178	0	front_left_wheel_hub_yaw_p30	0.000	1	-2359.962	-1248.745	50	55	-2389.990	-900.000	-129.500
373	108.500	0	front_left_wheel_hub_yaw_p30	0.000	1	-2359.962	-1248.745	50	55	-2389.990	-900.000	-129.500
374	108.780	0	front_left_wheel_hub_yaw_p30	0.000	1	-2359.962	-1248.745	50	55	-2389.990	-900.000	-129.500
375	109.058	0	front_left_wheel_hub_yaw_p30	0.000	1	-2433.635	-1319.060	49	54	-2460.010	-970.020	-130.100
376	109.393	0	front_left_wheel_hub_yaw_p30	0.000	1	-2433.635	-1319.060	49	54	-2460.010	-970.020	-130.100
377	109.670	0	front_left_wheel_hub_yaw_p30	0.000	1	-2433.635	-1319.060	49	54	-2460.010	-970.020	-130.100
378	109.952	0	front_left_wheel_hub_yaw_p30	0.000	1	-2433.635	-1319.060	49	54	-2460.010	-970.020	-130.100
379	110.240	0	front_left_wheel_hub_yaw_p30	0.000	1	-2509.750	-1399.448	47	52	-2530.029	-1050.000	-131.100
380	110.567	0	front_left_wheel_hub_yaw_p30	0.000	1	-2509.750	-1399.448	47	52	-2530.029	-1050.000	-131.100
381	110.907	0	front_left_wheel_hub_yaw_p30	0.000	1	-2509.750	-1399.448	47	52	-2530.029	-1050.000	-131.100
382	111.201	0	front_left_wheel_hub_yaw_p30	0.000	0	-2575.813	-1469.768	46	51	-2589.990	-1120.020	-132.100
383	111.519	0	front_left_wheel_hub_yaw_p30	0.000	0	-2575.813	-1469.768	46	51	-2589.990	-1120.020	-132.100
384	111.797	0	front_left_wheel_hub_yaw_p30	0.000	0	-2575.813	-1469.768	46	51	-2589.990	-1120.020	-132.100
385	112.080	0	front_left_wheel_hub_yaw_p30	0.000	0	-2575.813	-1469.768	46	51	-2589.990	-1120.020	-132.100
386	112.354	0	front_left_wheel_hub_yaw_p30	0.000	0	-2656.453	-1559.734	44	49	-2670.020	-1209.961	-132.200
387	112.635	0	front_left_wheel_hub_yaw_p30	0.000	0	-2656.453	-1559.734	44	49	-2670.020	-1209.961	-132.200
388	112.911	0	front_left_wheel_hub_yaw_p30	0.000	0	-2656.453	-1559.734	44	49	-2670.020	-1209.961	-132.200
389	113.180	0	front_left_wheel_hub_yaw_p30	0.000	0	-2719.711	-1639.389	43	47	-2739.990	-1289.942	-131.100
390	113.469	0	front_left_wheel_hub_yaw_p30	0.000	0	-2719.711	-1639.389	43	47	-2739.990	-1289.942	-131.100
391	113.764	0	front_left_wheel_hub_yaw_p30	0.000	0	-2719.711	-1639.389	43	47	-2739.990	-1289.942	-131.100
392	114.043	0	front_left_wheel_hub_yaw_p30	0.000	0	-2784.244	-1719.106	42	46	-2810.010	-1370.020	-130.200
393	114.317	0	front_left_wheel_hub_yaw_p30	0.000	0	-2784.244	-1719.106	42	46	-2810.010	-1370.020	-130.200
394	114.591	0	front_left_wheel_hub_yaw_p30	0.000	0	-2784.244	-1719.106	42	46	-2810.010	-1370.020	-130.200
395	114.866	0	front_left_wheel_hub_yaw_p30	0.000	0	-2784.244	-1719.106	42	46	-2810.010	-1370.020	-130.200
396	115.152	0	front_left_wheel_hub_yaw_p30	0.000	0	-2853.045	-1808.955	40	44	-2880.029	-1459.961	-130.000
397	115.428	0	front_left_wheel_hub_yaw_p30	0.000	0	-2853.045	-1808.955	40	44	-2880.029	-1459.961	-130.000
398	115.700	0	front_left_wheel_hub_yaw_p30	0.000	0	-2853.045	-1808.955	40	44	-2880.029	-1459.961	-130.000
399	116.003	0	front_left_wheel_hub_yaw_p30	0.000	1	-2914.225	-1879.067	39	42	-2939.990	-1529.980	-130.200
400	116.376	0	front_left_wheel_hub_yaw_p30	0.000	1	-2914.225	-1879.067	39	42	-2939.990	-1529.980	-130.200
401	116.741	0	front_left_wheel_hub_yaw_p30	0.000	1	-2914.225	-1879.067	39	42	-2939.990	-1529.980	-130.200
402	117.084	0	front_left_wheel_hub_yaw_p30	0.000	1	-2987.901	-1959.298	38	41	-3010.010	-1609.961	-130.800
403	117.412	0	front_left_wheel_hub_yaw_p30	0.000	1	-2987.901	-1959.298	38	41	-3010.010	-1609.961	-130.800
404	117.707	0	front_left_wheel_hub_yaw_p30	0.000	1	-2987.901	-1959.298	38	41	-3010.010	-1609.961	-130.800
405	117.988	0	front_left_wheel_hub_yaw_p30	0.000	1	-2987.901	-1959.298	38	41	-3010.010	-1609.961	-130.800
406	118.290	0	front_left_wheel_hub_yaw_p30	0.000	0	-3057.311	-2039.239	36	39	-3080.029	-1689.942	-130.700
407	118.566	0	front_left_wheel_hub_yaw_p30	0.000	0	-3057.311	-2039.239	36	39	-3080.029	-1689.942	-130.700
408	118.835	0	front_left_wheel_hub_yaw_p30	0.000	0	-3057.311	-2039.239	36	39	-3080.029	-1689.942	-130.700
409	119.132	0	front_left_wheel_hub_yaw_p30	0.000	0	-3126.672	-2129.238	35	37	-3150.000	-1779.980	-130.600
410	119.405	0	front_left_wheel_hub_yaw_p30	0.000	0	-3126.672	-2129.238	35	37	-3150.000	-1779.980	-130.600
411	119.686	0	front_left_wheel_hub_yaw_p30	0.000	0	-3126.672	-2129.238	35	37	-3150.000	-1779.980	-130.600
412	119.973	0	front_left_wheel_hub_yaw_p30	0.000	0	-3126.672	-2129.238	35	37	-3150.000	-1779.980	-130.600
413	120.271	0	front_left_wheel_hub_yaw_p30	0.000	1	-3194.863	-2209.092	34	36	-3220.020	-1859.961	-130.300
414	120.558	0	front_left_wheel_hub_yaw_p30	0.000	1	-3194.863	-2209.092	34	36	-3220.020	-1859.961	-130.300
415	120.834	0	front_left_wheel_hub_yaw_p30	0.000	1	-3194.863	-2209.092	34	36	-3220.020	-1859.961	-130.300
416	121.109	0	front_left_wheel_hub_yaw_p30	0.000	1	-3258.745	-2298.638	32	34	-3289.990	-1950.000	-129.300
417	121.425	0	front_left_wheel_hub_yaw_p30	0.000	1	-3258.745	-2298.638	32	34	-3289.990	-1950.000	-129.300
418	121.712	0	front_left_wheel_hub_yaw_p30	0.000	1	-3258.745	-2298.638	32	34	-3289.990	-1950.000	-129.300
419	121.997	0	front_left_wheel_hub_yaw_p30	0.000	1	-3310.246	-2377.751	31	32	-3350.000	-2029.980	-127.900
420	122.299	0	front_left_wheel_hub_yaw_p30	0.000	1	-3310.246	-2377.751	31	32	-3350.000	-2029.980	-127.900
421	122.632	0	front_left_wheel_hub_yaw_p30	0.000	1	-3310.246	-2377.751	31	32	-3350.000	-2029.980	-127.900
422	122.920	0	front_left_wheel_hub_yaw_p30	0.000	1	-3310.246	-2377.751	31	32	-3350.000	-2029.980	-127.900
423	123.229	0	front_left_wheel_hub_yaw_p30	0.000	1	-3358.747	-2456.223	30	31	-3410.010	-2109.961	-126.000
424	123.517	0	front_left_wheel_hub_yaw_p30	0.000	1	-3358.747	-2456.223	30	31	-3410.010	-2109.961	-126.000
425	123.816	0	front_left_wheel_hub_yaw_p30	0.000	1	-3358.747	-2456.223	30	31	-3410.010	-2109.961	-126.000
426	124.107	0	front_left_wheel_hub_yaw_p30	0.000	1	-3404.302	-2543.811	29	29	-3470.020	-2200.000	-123.600
427	124.388	0	front_left_wheel_hub_yaw_p30	0.000	1	-3404.302	-2543.811	29	29	-3470.020	-2200.000	-123.600
428	124.669	0	front_left_wheel_hub_yaw_p30	0.000	1	-3404.302	-2543.811	29	29	-3470.020	-2200.000	-123.600
429	124.957	0	front_left_wheel_hub_yaw_p30	0.000	1	-3404.302	-2543.811	29	29	-3470.020	-2200.000	-123.600
430	125.282	0	front_left_wheel_hub_yaw_p30	0.000	1	-3433.435	-2639.158	29	27	-3520.020	-2300.000	-120.100
431	125.560	0	front_left_wheel_hub_yaw_p30	0.000	1	-3433.435	-2639.158	29	27	-3520.020	-2300.000	-120.100
432	125.837	0	front_left_wheel_hub_yaw_p30	0.000	1	-3433.435	-2639.158	29	27	-3520.020	-2300.000	-120.100
433	126.154	0	front_left_wheel_hub_yaw_p30	0.000	1	-3454.628	-2723.737	28	25	-3560.010	-2389.942	-116.900
434	126.434	0	front_left_wheel_hub_yaw_p30	0.000	1	-3454.628	-2723.737	28	25	-3560.010	-2389.942	-116.900
435	126.715	0	front_left_wheel_hub_yaw_p30	0.000	1	-3454.628	-2723.737	28	25	-3560.010	-2389.942	-116.900
436	126.994	0	front_left_wheel_hub_yaw_p30	0.000	1	-3454.628	-2723.737	28	25	-3560.010	-2389.942	-116.900
437	127.282	0	front_left_wheel_hub_yaw_p30	0.000	1	-3494.772	-2820.464	28	23	-3610.010	-2489.942	-115.200
438	127.573	0	front_left_wheel_hub_yaw_p30	0.000	1	-3494.772	-2820.464	28	23	-3610.010	-2489.942	-115.200
439	127.863	0	front_left_wheel_hub_yaw_p30	0.000	1	-3494.772	-2820.464	28	23	-3610.010	-2489.942	-115.200
440	128.147	0	front_left_wheel_hub_yaw_p30	0.000	1	-3544.036	-2913.592	27	22	-3650.000	-2579.980	-116.800
441	128.421	0	front_left_wheel_hub_yaw_p30	0.000	1	-3544.036	-2913.592	27	22	-3650.000	-2579.980	-116.800
442	128.699	0	front_left_wheel_hub_yaw_p30	0.000	1	-3544.036	-2913.592	27	22	-3650.000	-2579.980	-116.800
443	128.989	0	front_left_wheel_hub_yaw_p30	0.000	1	-3544.036	-2913.592	27	22	-3650.000	-2579.980	-116.800
444	129.276	0	front_left_wheel_hub_yaw_p30	0.000	1	-3632.333	-3011.328	25	20	-3710.010	-2670.020	-121.600
