step_idx	elapsed_s	status	reverse_active	path_reverse_active	stuck_detection_armed	planner_rebuilt	replan_attempted	raw_path_points	follow_path_points	active_path_points	raw_rover_x	raw_rover_y	raw_rover_z	raw_heading_deg	rover_x_cm	rover_y_cm	rover_z_cm	rover_heading_deg	raw_pose_delta	pose_delta_cm	telemetry_throttle	telemetry_steering	telemetry_speed	telemetry_brakes	telemetry_distance_traveled	distance_traveled_delta	moved_since_anchor_cm	stationary_elapsed_s	goal_x_cm	goal_y_cm	goal_dist_cm	target_x_cm	target_y_cm	rover_cell_x	rover_cell_y	target_cell_x	target_cell_y	waypoint_idx	waypoint_distance_cm	waypoint_distance_avg_cm	path_heading_error_deg	throttle_cmd	steering_cmd	new_lidar_obstacles	stuck_obstacles_added	obstacle_total
0	0.000	Running	0	0	0	0	0	0	649	649	-5664.000	-10080.101	1440.400	179.800	300.000	1179.980	39.996	-89.800	0.000	0.000	0.000	0.000	0.000	1	705.300	0.000	0.000	0.000	-3700.000	-2820.020	5656.854	-3.553	876.427	104	104	97	97	57	429.289	429.289	-45.200	18.000	-1.000	0	0	0
1	0.357	Running	0	0	0	0	0	0	649	649	-5664.000	-10080.101	1440.400	179.800	300.000	1179.980	39.996	-89.800	0.000	0.000	18.000	1.000	0.000	0	705.300	0.000	0.000	0.357	-3700.000	-2820.020	5656.854	-3.553	876.427	104	104	97	97	57	429.289	429.289	-45.200	18.000	-1.000	0	0	0
2	0.680	Running	0	0	0	0	0	0	649	649	-5664.000	-10080.101	1440.400	179.800	300.000	1179.980	39.996	-89.800	0.000	0.000	18.000	1.000	0.000	0	705.300	0.000	0.000	0.680	-3700.000	-2820.020	5656.854	-3.553	876.427	104	104	97	97	57	429.289	429.289	-45.200	18.000	-1.000	0	0	0
3	0.958	Running	0	0	0	0	0	0	649	649	-5664.000	-10080.101	1440.400	179.800	300.000	1179.980	39.996	-89.800	0.000	0.000	18.000	1.000	0.000	0	705.300	0.000	0.000	0.958	-3700.000	-2820.020	5656.854	-3.553	876.427	104	104	97	97	57	429.289	429.289	-45.200	18.000	-1.000	0	0	0
4	1.232	Running	0	0	1	0	0	0	649	649	-5664.000	-10080.101	1440.400	179.900	300.000	1179.980	39.996	-89.900	0.000	0.000	18.000	1.000	0.200	0	705.300	0.000	0.000	0.000	-3700.000	-2820.020	5656.854	-3.553	876.427	104	104	97	97	57	429.289	429.289	-45.100	18.000	-1.000	0	0	0
5	1.503	Running	0	0	1	0	0	0	649	649	-5664.000	-10080.101	1440.400	179.900	300.000	1179.980	39.996	-89.900	0.000	0.000	18.000	1.000	0.200	0	705.300	0.000	0.000	0.000	-3700.000	-2820.020	5656.854	-3.553	876.427	104	104	97	97	57	429.289	429.289	-45.100	18.000	-1.000	0	0	0
6	1.772	Running	0	0	1	0	0	0	649	649	-5664.000	-10080.101	1440.400	179.900	300.000	1179.980	39.996	-89.900	0.000	0.000	18.000	1.000	0.200	0	705.300	0.000	0.000	0.000	-3700.000	-2820.020	5656.854	-3.553	876.427	104	104	97	97	57	429.289	429.289	-45.100	18.000	-1.000	0	0	0
7	2.044	Running	0	0	1	0	0	0	649	649	-5664.000	-10080.101	1440.400	179.900	300.000	1179.980	39.996	-89.900	0.000	0.000	18.000	1.000	0.200	0	705.300	0.000	0.000	0.000	-3700.000	-2820.020	5656.854	-3.553	876.427	104	104	97	97	57	429.289	429.289	-45.100	18.000	-1.000	0	0	0
8	2.315	Running	0	0	1	0	0	0	649	649	-5664.000	-10080.101	1440.400	180.400	300.000	1179.980	39.996	-90.400	0.000	0.000	18.000	1.000	0.400	0	705.300	0.000	0.000	0.000	-3700.000	-2820.020	5656.854	-3.553	876.427	104	104	97	97	57	429.289	429.289	-44.600	18.000	-1.000	0	0	0
9	2.586	Running	0	0	1	0	0	0	649	649	-5664.000	-10080.101	1440.400	180.400	300.000	1179.980	39.996	-90.400	0.000	0.000	18.000	1.000	0.400	0	705.300	0.000	0.000	0.000	-3700.000	-2820.020	5656.854	-3.553	876.427	104	104	97	97	57	429.289	429.289	-44.600	18.000	-1.000	0	0	0
10	2.855	Running	0	0	1	0	0	0	649	649	-5664.000	-10080.101	1440.400	180.400	300.000	1179.980	39.996	-90.400	0.000	0.000	18.000	1.000	0.400	0	705.300	0.000	0.000	0.000	-3700.000	-2820.020	5656.854	-3.553	876.427	104	104	97	97	57	429.289	429.289	-44.600	18.000	-1.000	0	0	0
11	3.202	Running	0	0	1	0	0	0	649	642	-5664.000	-10080.200	1440.400	181.200	300.000	1170.020	39.996	-91.200	0.100	9.961	18.000	1.000	0.600	0	705.400	0.100	9.961	0.000	-3700.000	-2820.020	5649.815	-53.553	826.427	104	103	96	96	58	493.007	434.599	-47.368	18.000	-1.000	0	0	0
12	3.480	Running	0	0	1	0	0	0	649	642	-5664.000	-10080.200	1440.400	181.200	300.000	1170.020	39.996	-91.200	0.000	0.000	18.000	1.000	0.600	0	705.400	0.000	0.000	0.000	-3700.000	-2820.020	5649.815	-53.553	826.427	104	103	96	96	58	493.007	439.092	-47.368	18.000	-1.000	0	0	0
13	3.759	Running	0	0	1	0	0	0	649	642	-5664.000	-10080.200	1440.400	181.200	300.000	1170.020	39.996	-91.200	0.000	0.000	18.000	1.000	0.600	0	705.400	0.000	0.000	0.000	-3700.000	-2820.020	5649.815	-53.553	826.427	104	103	96	96	58	493.007	442.943	-47.368	18.000	-1.000	0	0	0
14	4.032	Running	0	0	1	0	0	0	649	642	-5664.000	-10080.200	1440.400	181.200	300.000	1170.020	39.996	-91.200	0.000	0.000	18.000	1.000	0.600	0	705.400	0.000	0.000	0.000	-3700.000	-2820.020	5649.815	-53.553	826.427	104	103	96	96	58	493.007	446.281	-47.368	18.000	-1.000	0	0	0
15	4.308	Running	0	0	1	0	0	0	649	641	-5664.000	-10080.300	1440.400	182.400	300.000	1160.058	39.996	-92.400	0.100	9.961	18.000	1.000	0.900	0	705.500	0.100	9.961	0.000	-3700.000	-2820.020	5642.785	-53.553	826.427	104	103	96	96	57	486.117	448.770	-50.176	18.000	-1.000	0	0	0
16	4.598	Running	0	0	1	0	0	0	649	641	-5664.000	-10080.300	1440.400	182.400	300.000	1160.058	39.996	-92.400	0.000	0.000	18.000	1.000	0.900	0	705.500	0.000	0.000	0.000	-3700.000	-2820.020	5642.785	-53.553	826.427	104	103	96	96	57	486.117	450.967	-50.176	18.000	-1.000	0	0	0
17	4.961	Running	0	0	1	0	0	0	649	641	-5664.000	-10080.300	1440.400	182.400	300.000	1160.058	39.996	-92.400	0.000	0.000	18.000	1.000	0.900	0	705.500	0.000	0.000	0.000	-3700.000	-2820.020	5642.785	-53.553	826.427	104	103	96	96	57	486.117	452.920	-50.176	18.000	-1.000	0	0	0
18	5.262	Running	0	0	1	0	0	0	649	639	-5664.100	-10080.400	1440.400	183.800	289.990	1150.000	39.996	-93.800	0.142	14.191	18.000	1.000	1.100	0	705.600	0.100	14.191	0.000	-3700.000	-2820.020	5628.595	-63.563	816.417	103	103	96	96	57	486.084	454.666	-48.797	18.000	-1.000	0	0	0
19	5.538	Running	0	0	1	0	0	0	649	639	-5664.100	-10080.400	1440.400	183.800	289.990	1150.000	39.996	-93.800	0.000	0.000	18.000	1.000	1.100	0	705.600	0.000	0.000	0.000	-3700.000	-2820.020	5628.595	-63.563	816.417	103	103	96	96	57	486.084	456.236	-48.797	18.000	-1.000	0	0	0
20	5.814	Running	0	0	1	0	0	0	649	639	-5664.100	-10080.400	1440.400	183.800	289.990	1150.000	39.996	-93.800	0.000	0.000	18.000	1.000	1.100	0	705.600	0.000	0.000	0.000	-3700.000	-2820.020	5628.595	-63.563	816.417	103	103	96	96	57	486.084	457.658	-48.797	18.000	-1.000	0	0	0
21	6.198	Running	0	0	1	0	0	0	649	639	-5664.100	-10080.500	1440.500	185.600	289.990	1140.039	49.994	-95.600	0.141	14.113	18.000	1.000	1.300	0	705.700	0.100	9.961	0.000	-3700.000	-2820.020	5621.573	-63.563	816.417	103	103	96	96	57	479.303	458.642	-51.487	18.000	-1.000	0	0	0
22	6.509	Running	0	0	1	0	0	0	649	639	-5664.100	-10080.500	1440.500	185.600	289.990	1140.039	49.994	-95.600	0.000	0.000	18.000	1.000	1.300	0	705.700	0.000	0.000	0.000	-3700.000	-2820.020	5621.573	-63.563	816.417	103	103	96	96	57	479.303	459.540	-51.487	18.000	-1.000	0	0	0
23	6.915	Running	0	0	1	0	0	0	649	639	-5664.100	-10080.500	1440.500	185.600	289.990	1140.039	49.994	-95.600	0.000	0.000	18.000	1.000	1.300	0	705.700	0.000	0.000	0.000	-3700.000	-2820.020	5621.573	-63.563	816.417	103	103	96	96	57	479.303	460.363	-51.487	18.000	-1.000	0	0	0
24	7.207	Running	0	0	1	0	0	0	649	639	-5664.100	-10080.500	1440.500	185.600	289.990	1140.039	49.994	-95.600	0.000	0.000	18.000	1.000	1.300	0	705.700	0.000	0.000	0.000	-3700.000	-2820.020	5621.573	-63.563	816.417	103	103	96	96	57	479.303	461.121	-51.487	18.000	-1.000	0	0	0
25	7.480	Running	0	0	1	0	0	0	649	637	-5664.200	-10080.601	1440.500	187.500	279.980	1129.980	49.994	-97.500	0.142	14.190	18.000	1.000	1.500	0	705.900	0.200	14.190	0.000	-3700.000	-2820.020	5607.383	-73.573	806.408	103	103	96	96	56	479.270	461.819	-49.610	18.000	-1.000	0	0	0
26	7.752	Running	0	0	1	0	0	0	649	637	-5664.200	-10080.601	1440.500	187.500	279.980	1129.980	49.994	-97.500	0.000	0.000	18.000	1.000	1.500	0	705.900	0.000	0.000	0.000	-3700.000	-2820.020	5607.383	-73.573	806.408	103	103	96	96	56	479.270	462.465	-49.610	18.000	-1.000	0	0	0
27	8.023	Running	0	0	1	0	0	0	649	637	-5664.200	-10080.601	1440.500	187.500	279.980	1129.980	49.994	-97.500	0.000	0.000	18.000	1.000	1.500	0	705.900	0.000	0.000	0.000	-3700.000	-2820.020	5607.383	-73.573	806.408	103	103	96	96	56	479.270	463.065	-49.610	18.000	-1.000	0	0	0
28	8.291	Running	0	0	1	0	0	0	649	637	-5664.200	-10080.601	1440.500	187.500	279.980	1129.980	49.994	-97.500	0.000	0.000	18.000	1.000	1.500	0	705.900	0.000	0.000	0.000	-3700.000	-2820.020	5607.383	-73.573	806.408	103	103	96	96	56	479.270	463.624	-49.610	18.000	-1.000	0	0	0
29	8.563	Running	0	0	1	0	0	0	649	635	-5664.300	-10080.800	1440.500	190.100	269.971	1110.058	49.994	-100.100	0.223	22.295	18.000	1.000	1.700	0	706.100	0.200	22.295	0.000	-3700.000	-2820.020	5586.249	-83.583	796.398	103	102	96	96	56	472.634	463.925	-51.983	18.000	-1.000	0	0	0
30	8.834	Running	0	0	1	0	0	0	649	635	-5664.300	-10080.800	1440.500	190.100	269.971	1110.058	49.994	-100.100	0.000	0.000	18.000	1.000	1.700	0	706.100	0.000	0.000	0.000	-3700.000	-2820.020	5586.249	-83.583	796.398	103	102	96	96	56	472.634	464.206	-51.983	18.000	-1.000	0	0	0
31	9.170	Running	0	0	1	0	0	0	649	635	-5664.300	-10080.800	1440.500	190.100	269.971	1110.058	49.994	-100.100	0.000	0.000	18.000	1.000	1.700	0	706.100	0.000	0.000	0.000	-3700.000	-2820.020	5586.249	-83.583	796.398	103	102	96	96	56	472.634	464.469	-51.983	18.000	-1.000	0	0	0
32	9.443	Running	0	0	1	0	0	0	649	632	-5664.400	-10081.000	1440.500	192.900	260.010	1090.039	49.994	-102.900	0.224	22.361	18.000	1.000	1.900	0	706.300	0.200	22.361	0.000	-3700.000	-2820.020	5565.091	-93.544	786.437	103	102	96	96	54	466.020	464.516	-54.742	18.000	-1.000	0	0	0
33	9.753	Running	0	0	1	0	0	0	649	632	-5664.400	-10081.000	1440.500	192.900	260.010	1090.039	49.994	-102.900	0.000	0.000	18.000	1.000	1.900	0	706.300	0.000	0.000	0.000	-3700.000	-2820.020	5565.091	-93.544	786.437	103	102	96	96	54	466.020	464.560	-54.742	18.000	-1.000	0	0	0
34	10.150	Running	0	0	1	0	0	0	649	632	-5664.400	-10081.000	1440.500	192.900	260.010	1090.039	49.994	-102.900	0.000	0.000	18.000	1.000	1.900	0	706.300	0.000	0.000	0.000	-3700.000	-2820.020	5565.091	-93.544	786.437	103	102	96	96	54	466.020	464.602	-54.742	18.000	-1.000	0	0	0
35	10.435	Running	0	0	1	0	0	0	649	630	-5664.500	-10081.200	1440.500	195.900	250.000	1070.020	49.994	-105.900	0.224	22.383	18.000	1.000	2.100	0	706.600	0.300	22.383	0.000	-3700.000	-2820.020	5543.907	-103.553	776.427	103	101	95	95	54	459.561	464.462	-57.751	18.000	-0.983	0	0	0
36	10.711	Running	0	0	1	0	0	0	649	630	-5664.500	-10081.200	1440.500	195.900	250.000	1070.020	49.994	-105.900	0.000	0.000	18.000	0.983	2.100	0	706.600	0.000	0.000	0.000	-3700.000	-2820.020	5543.907	-103.553	776.427	103	101	95	95	54	459.561	464.329	-57.751	18.000	-0.983	0	0	0
37	10.986	Running	0	0	1	0	0	0	649	630	-5664.500	-10081.200	1440.500	195.900	250.000	1070.020	49.994	-105.900	0.000	0.000	18.000	0.983	2.100	0	706.600	0.000	0.000	0.000	-3700.000	-2820.020	5543.907	-103.553	776.427	103	101	95	95	54	459.561	464.204	-57.751	18.000	-0.983	0	0	0
38	11.334	Running	0	0	1	0	0	0	649	626	-5664.700	-10081.500	1440.500	199.500	229.980	1040.039	49.994	-109.500	0.361	36.050	18.000	0.983	2.300	0	706.900	0.300	36.050	0.000	-3700.000	-2820.020	5508.611	-123.573	756.408	102	101	95	95	53	453.262	463.923	-60.520	18.000	-0.907	0	0	0
39	11.604	Running	0	0	1	0	0	0	649	626	-5664.700	-10081.500	1440.500	199.500	229.980	1040.039	49.994	-109.500	0.000	0.000	18.000	0.907	2.300	0	706.900	0.000	0.000	0.000	-3700.000	-2820.020	5508.611	-123.573	756.408	102	101	95	95	53	453.262	463.657	-60.520	18.000	-0.907	0	0	0
40	11.874	Running	0	0	1	0	0	0	649	626	-5664.700	-10081.500	1440.500	199.500	229.980	1040.039	49.994	-109.500	0.000	0.000	18.000	0.907	2.300	0	706.900	0.000	0.000	0.000	-3700.000	-2820.020	5508.611	-123.573	756.408	102	101	95	95	53	453.262	463.403	-60.520	18.000	-0.907	0	0	0
41	12.195	Running	0	0	1	0	0	0	649	623	-5664.900	-10081.700	1440.500	202.700	210.010	1020.020	49.994	-112.700	0.283	28.277	18.000	0.907	2.500	0	707.200	0.300	28.277	0.000	-3700.000	-2820.020	5480.335	-143.544	736.437	102	100	95	95	53	453.232	463.161	-57.352	20.000	-0.816	0	0	0
42	12.468	Running	0	0	1	0	0	0	649	623	-5664.900	-10081.700	1440.500	202.700	210.010	1020.020	49.994	-112.700	0.000	0.000	20.000	0.816	2.500	0	707.200	0.000	0.000	0.000	-3700.000	-2820.020	5480.335	-143.544	736.437	102	100	95	95	53	453.232	462.930	-57.352	20.000	-0.816	0	0	0
43	12.860	Running	0	0	1	0	0	0	649	623	-5664.900	-10081.700	1440.500	202.700	210.010	1020.020	49.994	-112.700	0.000	0.000	20.000	0.816	2.500	0	707.200	0.000	0.000	0.000	-3700.000	-2820.020	5480.335	-143.544	736.437	102	100	95	95	53	453.232	462.710	-57.352	20.000	-0.816	0	0	0
44	13.257	Running	0	0	1	0	0	0	649	619	-5665.100	-10082.000	1440.600	205.700	189.990	990.039	59.992	-115.700	0.374	37.411	20.000	0.816	2.900	0	707.500	0.300	36.050	0.000	-3700.000	-2820.020	5445.050	-163.563	716.417	101	100	94	94	53	447.067	462.362	-60.981	20.000	-0.759	0	0	0
45	13.535	Running	0	0	1	0	0	0	649	619	-5665.100	-10082.000	1440.600	205.700	189.990	990.039	59.992	-115.700	0.000	0.000	20.000	0.759	2.900	0	707.500	0.000	0.000	0.000	-3700.000	-2820.020	5445.050	-163.563	716.417	101	100	94	94	53	447.067	462.030	-60.981	20.000	-0.759	0	0	0
46	13.807	Running	0	0	1	0	0	0	649	619	-5665.100	-10082.000	1440.600	205.700	189.990	990.039	59.992	-115.700	0.000	0.000	20.000	0.759	2.900	0	707.500	0.000	0.000	0.000	-3700.000	-2820.020	5445.050	-163.563	716.417	101	100	94	94	53	447.067	461.711	-60.981	20.000	-0.759	0	0	0
47	14.076	Running	0	0	1	0	0	0	649	619	-5665.100	-10082.000	1440.600	205.700	189.990	990.039	59.992	-115.700	0.000	0.000	20.000	0.759	2.900	0	707.500	0.000	0.000	0.000	-3700.000	-2820.020	5445.050	-163.563	716.417	101	100	94	94	53	447.067	461.406	-60.981	20.000	-0.759	0	0	0
48	14.412	Running	0	0	1	0	0	0	649	615	-5665.300	-10082.300	1440.600	208.600	169.971	960.058	59.992	-118.600	0.361	36.050	20.000	0.759	3.300	0	707.900	0.400	36.050	0.000	-3700.000	-2820.020	5409.775	-183.583	696.398	101	99	94	94	52	441.041	460.991	-64.799	20.000	-0.705	0	0	0
49	14.678	Running	0	0	1	0	0	0	649	615	-5665.300	-10082.300	1440.600	208.600	169.971	960.058	59.992	-118.600	0.000	0.000	20.000	0.705	3.300	0	707.900	0.000	0.000	0.000	-3700.000	-2820.020	5409.775	-183.583	696.398	101	99	94	94	52	441.041	460.592	-64.799	20.000	-0.705	0	0	0
50	14.957	Running	0	0	1	0	0	0	649	615	-5665.300	-10082.300	1440.600	208.600	169.971	960.058	59.992	-118.600	0.000	0.000	20.000	0.705	3.300	0	707.900	0.000	0.000	0.000	-3700.000	-2820.020	5409.775	-183.583	696.398	101	99	94	94	52	441.041	460.208	-64.799	20.000	-0.705	0	0	0
51	15.310	Running	0	0	1	0	0	0	649	610	-5665.600	-10082.601	1440.600	211.100	139.990	929.980	59.992	-121.100	0.425	42.468	20.000	0.705	3.700	0	708.300	0.400	42.468	0.000	-3700.000	-2820.020	5367.311	-213.563	666.417	100	99	93	93	52	440.982	459.839	-62.365	20.000	-0.634	0	0	0
52	15.683	Running	0	0	1	0	0	0	649	610	-5665.600	-10082.601	1440.600	211.100	139.990	929.980	59.992	-121.100	0.000	0.000	20.000	0.634	3.700	0	708.300	0.000	0.000	0.000	-3700.000	-2820.020	5367.311	-213.563	666.417	100	99	93	93	52	440.982	459.483	-62.365	20.000	-0.634	0	0	0
53	15.961	Running	0	0	1	0	0	0	649	610	-5665.600	-10082.601	1440.600	211.100	139.990	929.980	59.992	-121.100	0.000	0.000	20.000	0.634	3.700	0	708.300	0.000	0.000	0.000	-3700.000	-2820.020	5367.311	-213.563	666.417	100	99	93	93	52	440.982	459.140	-62.365	20.000	-0.634	0	0	0
54	16.319	Running	0	0	1	0	0	0	649	604	-5665.900	-10083.000	1440.600	213.500	110.010	890.039	59.992	-123.500	0.499	49.941	20.000	0.634	4.100	0	708.800	0.500	49.941	0.000	-3700.000	-2820.020	5317.961	-243.544	636.437	100	98	93	93	50	435.102	458.703	-66.589	20.000	-0.596	0	0	0
55	16.600	Running	0	0	1	0	0	0	649	604	-5665.900	-10083.000	1440.600	213.500	110.010	890.039	59.992	-123.500	0.000	0.000	20.000	0.596	4.100	0	708.800	0.000	0.000	0.000	-3700.000	-2820.020	5317.961	-243.544	636.437	100	98	93	93	50	435.102	458.282	-66.589	20.000	-0.596	0	0	0
56	17.070	Running	0	0	1	0	0	0	649	604	-5665.900	-10083.000	1440.600	213.500	110.010	890.039	59.992	-123.500	0.000	0.000	20.000	0.596	4.100	0	708.800	0.000	0.000	0.000	-3700.000	-2820.020	5317.961	-243.544	636.437	100	98	93	93	50	435.102	457.875	-66.589	20.000	-0.596	0	0	0
57	17.343	Running	0	0	1	0	0	0	649	599	-5666.200	-10083.300	1440.700	215.600	79.980	860.058	70.001	-125.600	0.436	43.598	20.000	0.596	4.500	0	709.200	0.400	42.433	0.000	-3700.000	-2820.020	5275.531	-273.573	606.408	99	97	92	92	50	435.131	457.483	-64.457	20.000	-0.536	0	0	0
58	17.615	Running	0	0	1	0	0	0	649	599	-5666.200	-10083.300	1440.700	215.600	79.980	860.058	70.001	-125.600	0.000	0.000	20.000	0.536	4.500	0	709.200	0.000	0.000	0.000	-3700.000	-2820.020	5275.531	-273.573	606.408	99	97	92	92	50	435.131	457.104	-64.457	20.000	-0.536	0	0	0
59	17.889	Running	0	0	1	0	0	0	649	599	-5666.200	-10083.300	1440.700	215.600	79.980	860.058	70.001	-125.600	0.000	0.000	20.000	0.536	4.500	0	709.200	0.000	0.000	0.000	-3700.000	-2820.020	5275.531	-273.573	606.408	99	97	92	92	50	435.131	456.738	-64.457	20.000	-0.536	0	0	0
60	18.163	Running	0	0	1	0	0	0	649	599	-5666.200	-10083.300	1440.700	215.600	79.980	860.058	70.001	-125.600	0.000	0.000	20.000	0.536	4.500	0	709.200	0.000	0.000	0.000	-3700.000	-2820.020	5275.531	-273.573	606.408	99	97	92	92	50	435.131	456.384	-64.457	20.000	-0.536	0	0	0
61	18.500	Running	0	0	1	0	0	0	649	592	-5666.600	-10083.800	1440.700	218.000	39.990	810.058	70.001	-128.000	0.640	64.025	20.000	0.536	5.000	0	709.800	0.600	64.025	0.000	-3700.000	-2820.020	5212.005	-313.563	566.417	98	96	91	91	50	429.373	455.948	-68.453	20.000	-0.498	0	0	0
62	18.876	Running	0	0	1	0	0	0	649	592	-5666.600	-10083.800	1440.700	218.000	39.990	810.058	70.001	-128.000	0.000	0.000	20.000	0.498	5.000	0	709.800	0.000	0.000	0.000	-3700.000	-2820.020	5212.005	-313.563	566.417	98	96	91	91	50	429.373	455.526	-68.453	20.000	-0.498	0	0	0
63	19.159	Running	0	0	1	0	0	0	649	592	-5666.600	-10083.800	1440.700	218.000	39.990	810.058	70.001	-128.000	0.000	0.000	20.000	0.498	5.000	0	709.800	0.000	0.000	0.000	-3700.000	-2820.020	5212.005	-313.563	566.417	98	96	91	91	50	429.373	455.117	-68.453	20.000	-0.498	0	0	0
64	19.429	Running	0	0	1	0	0	0	649	586	-5667.000	-10084.200	1440.700	219.900	0.000	770.020	70.001	-129.900	0.566	56.589	20.000	0.498	5.500	0	710.400	0.600	56.589	0.000	-3700.000	-2820.020	5155.422	-353.553	526.427	98	95	90	90	50	429.345	454.721	-66.584	20.000	-0.444	0	0	0
65	19.702	Running	0	0	1	0	0	0	649	586	-5667.000	-10084.200	1440.700	219.900	0.000	770.020	70.001	-129.900	0.000	0.000	20.000	0.444	5.500	0	710.400	0.000	0.000	0.000	-3700.000	-2820.020	5155.422	-353.553	526.427	98	95	90	90	50	429.345	454.336	-66.584	20.000	-0.444	0	0	0
66	19.975	Running	0	0	1	0	0	0	649	586	-5667.000	-10084.200	1440.700	219.900	0.000	770.020	70.001	-129.900	0.000	0.000	20.000	0.444	5.500	0	710.400	0.000	0.000	0.000	-3700.000	-2820.020	5155.422	-353.553	526.427	98	95	90	90	50	429.345	453.963	-66.584	20.000	-0.444	0	0	0
67	20.381	Obstacle hits: +2	0	0	1	0	1	92	636	636	-5667.400	-10084.700	1440.800	221.700	-39.990	720.020	79.999	-131.700	0.648	64.801	20.000	0.444	6.000	0	711.000	0.600	64.025	0.000	-3700.000	-2820.020	5091.910	125.000	288.346	97	94	100	86	51	462.129	454.084	86.692	18.000	1.000	2	0	2
68	20.704	Obstacle hits: +1	0	0	1	0	0	0	636	636	-5667.400	-10084.700	1440.800	221.700	-39.990	720.020	79.999	-131.700	0.000	0.000	18.000	-1.000	6.000	0	711.000	0.000	0.000	0.000	-3700.000	-2820.020	5091.910	125.000	288.346	97	94	100	86	51	462.129	454.200	86.692	18.000	1.000	1	0	3
69	20.977	Running	0	0	1	0	0	0	636	636	-5667.400	-10084.700	1440.800	221.700	-39.990	720.020	79.999	-131.700	0.000	0.000	18.000	-1.000	6.000	0	711.000	0.000	0.000	0.000	-3700.000	-2820.020	5091.910	125.000	288.346	97	94	100	86	51	462.129	454.313	86.692	18.000	1.000	0	0	3
70	21.312	Obstacle hits: +2	0	0	1	0	1	99	655	655	-5667.300	-10084.800	1440.800	230.500	-30.029	710.058	79.999	-140.500	0.141	14.087	18.000	-1.000	1.000	0	711.200	0.200	14.087	0.000	-3700.000	-2820.020	5092.164	175.000	340.214	97	94	101	87	52	422.874	453.871	120.941	18.000	1.000	2	0	5
71	21.710	Running	0	0	1	0	0	0	655	655	-5667.300	-10084.800	1440.800	230.500	-30.029	710.058	79.999	-140.500	0.000	0.000	18.000	-1.000	1.000	0	711.200	0.000	0.000	0.000	-3700.000	-2820.020	5092.164	175.000	340.214	97	94	101	87	52	422.874	453.440	120.941	18.000	1.000	0	0	5
72	21.993	Running	0	0	1	0	0	0	655	655	-5667.300	-10084.800	1440.800	230.500	-30.029	710.058	79.999	-140.500	0.000	0.000	18.000	-1.000	1.000	0	711.200	0.000	0.000	0.000	-3700.000	-2820.020	5092.164	175.000	340.214	97	94	101	87	52	422.874	453.021	120.941	18.000	1.000	0	0	5
73	22.283	Obstacle hits: +1	0	0	1	0	1	99	655	655	-5667.300	-10084.900	1440.800	230.200	-30.029	700.000	79.999	-140.200	0.101	10.059	18.000	-1.000	0.000	0	711.300	0.100	10.059	0.000	-3700.000	-2820.020	5085.196	175.000	337.125	97	94	101	87	52	416.792	452.532	124.007	18.000	1.000	1	0	6
74	22.614	Running	0	0	1	0	0	0	655	655	-5667.300	-10084.900	1440.800	230.200	-30.029	700.000	79.999	-140.200	0.000	0.000	18.000	-1.000	0.000	0	711.300	0.000	0.000	0.331	-3700.000	-2820.020	5085.196	175.000	337.125	97	94	101	87	52	416.792	452.055	124.007	18.000	1.000	0	0	6
75	22.904	Running	0	0	1	0	0	0	655	655	-5667.300	-10084.900	1440.800	230.200	-30.029	700.000	79.999	-140.200	0.000	0.000	18.000	-1.000	0.000	0	711.300	0.000	0.000	0.622	-3700.000	-2820.020	5085.196	175.000	337.125	97	94	101	87	52	416.792	451.591	124.007	18.000	1.000	0	0	6
76	23.179	Running	0	0	1	0	0	0	655	655	-5667.300	-10084.900	1440.800	230.200	-30.029	700.000	79.999	-140.200	0.000	0.000	18.000	-1.000	0.000	0	711.300	0.000	0.000	0.896	-3700.000	-2820.020	5085.196	175.000	337.125	97	94	101	87	52	416.792	451.139	124.007	18.000	1.000	0	0	6
77	23.460	Running	0	0	1	0	0	0	655	655	-5667.300	-10084.900	1440.800	230.100	-30.029	700.000	79.999	-140.100	0.000	0.000	18.000	-1.000	0.000	0	711.300	0.000	0.000	1.177	-3700.000	-2820.020	5085.196	175.000	337.125	97	94	101	87	52	416.792	450.699	123.907	18.000	1.000	0	0	6
78	23.734	Running	0	0	1	0	0	0	655	655	-5667.300	-10084.900	1440.800	230.100	-30.029	700.000	79.999	-140.100	0.000	0.000	18.000	-1.000	0.000	0	711.300	0.000	0.000	1.451	-3700.000	-2820.020	5085.196	175.000	337.125	97	94	101	87	52	416.792	450.270	123.907	18.000	1.000	0	0	6
79	24.023	Running	0	0	1	0	0	0	655	655	-5667.300	-10084.900	1440.800	230.100	-30.029	700.000	79.999	-140.100	0.000	0.000	18.000	-1.000	0.000	0	711.300	0.000	0.000	1.740	-3700.000	-2820.020	5085.196	175.000	337.125	97	94	101	87	52	416.792	449.851	123.907	18.000	1.000	0	0	6
80	24.322	Obstacle hits: +1	0	0	1	0	1	99	655	655	-5667.300	-10084.900	1440.800	230.000	-30.029	700.000	79.999	-140.000	0.000	0.000	18.000	-1.000	0.000	0	711.300	0.000	0.000	2.039	-3700.000	-2820.020	5085.196	175.000	337.125	97	94	101	87	52	416.792	449.443	123.807	18.000	1.000	1	0	7
81	24.777	Running	0	0	1	0	0	0	655	655	-5667.300	-10084.900	1440.800	230.000	-30.029	700.000	79.999	-140.000	0.000	0.000	18.000	-1.000	0.000	0	711.300	0.000	0.000	2.495	-3700.000	-2820.020	5085.196	175.000	337.125	97	94	101	87	52	416.792	449.045	123.807	18.000	1.000	0	0	7
82	25.164	Running	0	0	1	0	0	0	655	655	-5667.300	-10084.900	1440.800	230.000	-30.029	700.000	79.999	-140.000	0.000	0.000	18.000	-1.000	0.000	0	711.300	0.000	0.000	2.882	-3700.000	-2820.020	5085.196	175.000	337.125	97	94	101	87	52	416.792	448.656	123.807	18.000	1.000	0	0	7
83	25.449	Running	0	0	1	0	0	0	655	655	-5667.300	-10084.900	1440.800	229.900	-30.029	700.000	79.999	-139.900	0.000	0.000	18.000	-1.000	0.000	0	711.400	0.100	0.000	3.166	-3700.000	-2820.020	5085.196	175.000	337.125	97	94	101	87	52	416.792	448.277	123.707	18.000	1.000	0	0	7
84	25.754	Running	0	0	1	0	0	0	655	655	-5667.300	-10084.900	1440.800	229.900	-30.029	700.000	79.999	-139.900	0.000	0.000	18.000	-1.000	0.000	0	711.400	0.000	0.000	3.472	-3700.000	-2820.020	5085.196	175.000	337.125	97	94	101	87	52	416.792	447.907	123.707	18.000	1.000	0	0	7
85	26.027	Running	0	0	1	0	0	0	655	655	-5667.300	-10084.900	1440.800	229.900	-30.029	700.000	79.999	-139.900	0.000	0.000	18.000	-1.000	0.000	0	711.400	0.000	0.000	3.745	-3700.000	-2820.020	5085.196	175.000	337.125	97	94	101	87	52	416.792	447.545	123.707	18.000	1.000	0	0	7
86	26.301	Running	0	0	1	0	0	0	655	656	-5667.400	-10084.900	1440.800	229.700	-39.990	700.000	79.999	-139.700	0.100	9.961	18.000	-1.000	0.000	0	711.400	0.000	9.961	4.019	-3700.000	-2820.020	5078.012	175.000	347.086	97	94	101	87	52	413.242	447.151	124.838	18.000	1.000	0	0	7
87	26.578	Obstacle hits: +2	0	0	1	0	1	99	656	656	-5667.400	-10084.900	1440.800	229.700	-39.990	700.000	79.999	-139.700	0.000	0.000	18.000	-1.000	0.000	0	711.400	0.000	9.961	4.295	-3700.000	-2820.020	5078.012	175.000	346.713	97	94	101	87	52	413.561	446.769	124.438	18.000	1.000	2	0	9
88	26.944	Running	0	0	1	0	0	0	656	656	-5667.400	-10084.900	1440.800	229.700	-39.990	700.000	79.999	-139.700	0.000	0.000	18.000	-1.000	0.000	0	711.400	0.000	9.961	4.662	-3700.000	-2820.020	5078.012	175.000	346.713	97	94	101	87	52	413.561	446.396	124.438	18.000	1.000	0	0	9
89	27.221	Obstacle hits: +1	0	0	1	0	1	99	656	656	-5667.400	-10084.900	1440.800	229.600	-39.990	700.000	79.999	-139.600	0.000	0.000	18.000	-1.000	0.000	0	711.400	0.000	9.961	4.939	-3700.000	-2820.020	5078.012	175.000	346.713	97	94	101	87	52	413.561	446.031	124.338	18.000	1.000	1	0	10
90	27.617	Running	0	0	1	0	0	0	656	656	-5667.400	-10084.900	1440.800	229.600	-39.990	700.000	79.999	-139.600	0.000	0.000	18.000	-1.000	0.000	0	711.400	0.000	9.961	5.335	-3700.000	-2820.020	5078.012	175.000	346.713	97	94	101	87	52	413.561	445.674	124.338	18.000	1.000	0	0	10
91	27.971	Running	0	0	1	0	0	0	656	656	-5667.400	-10084.900	1440.800	229.600	-39.990	700.000	79.999	-139.600	0.000	0.000	18.000	-1.000	0.000	0	711.400	0.000	9.961	5.689	-3700.000	-2820.020	5078.012	175.000	346.713	97	94	101	87	52	413.561	445.325	124.338	18.000	1.000	0	0	10
92	28.362	Running	0	0	1	0	0	0	656	656	-5667.400	-10084.900	1440.800	229.500	-39.990	700.000	79.999	-139.500	0.000	0.000	18.000	-1.000	0.000	0	711.400	0.000	9.961	6.079	-3700.000	-2820.020	5078.012	175.000	346.713	97	94	101	87	52	413.561	444.983	124.238	18.000	1.000	0	0	10
93	28.637	Running	0	0	1	0	0	0	656	656	-5667.400	-10084.900	1440.800	229.500	-39.990	700.000	79.999	-139.500	0.000	0.000	18.000	-1.000	0.000	0	711.400	0.000	9.961	6.355	-3700.000	-2820.020	5078.012	175.000	346.713	97	94	101	87	52	413.561	444.649	124.238	18.000	1.000	0	0	10
94	28.910	Running	0	0	1	0	0	0	656	656	-5667.400	-10084.900	1440.800	229.500	-39.990	700.000	79.999	-139.500	0.000	0.000	18.000	-1.000	0.000	0	711.400	0.000	9.961	6.627	-3700.000	-2820.020	5078.012	175.000	346.713	97	94	101	87	52	413.561	444.322	124.238	18.000	1.000	0	0	10
95	29.250	Running	0	0	1	0	0	0	656	656	-5667.400	-10084.900	1440.800	229.400	-39.990	700.000	79.999	-139.400	0.000	0.000	18.000	-1.000	0.000	0	711.400	0.000	9.961	6.967	-3700.000	-2820.020	5078.012	175.000	346.713	97	94	101	87	52	413.561	444.001	124.138	18.000	1.000	0	0	10
96	29.524	Recovering: reverse	1	0	1	0	1	107	754	754	-5667.400	-10084.900	1440.800	229.400	-39.990	700.000	79.999	-139.400	0.000	0.000	18.000	-1.000	0.000	0	711.400	0.000	9.961	0.000	-3700.000	-2820.020	5078.012	339.966	1025.013	97	94	104	100	51	500.000	444.579	179.944	-60.000	-0.350	0	15	25
97	29.894	Recovering: reverse	1	0	1	0	0	0	754	754	-5667.400	-10084.900	1440.800	229.400	-39.990	700.000	79.999	-139.400	0.000	0.000	-60.000	0.350	0.000	0	711.400	0.000	0.000	0.370	-3700.000	-2820.020	5078.012	339.966	1025.013	97	94	104	100	51	500.000	445.144	179.944	-60.000	-0.350	0	0	25
98	30.170	Recovering: reverse	1	0	1	0	0	0	754	754	-5667.400	-10084.900	1440.800	229.400	-39.990	700.000	79.999	-139.400	0.000	0.000	-60.000	0.350	0.000	0	711.400	0.000	0.000	0.646	-3700.000	-2820.020	5078.012	339.966	1025.013	97	94	104	100	51	500.000	445.698	179.944	-60.000	-0.350	0	0	25
99	30.448	Recovering: reverse	1	0	1	0	0	0	754	754	-5667.400	-10084.900	1440.800	229.300	-39.990	700.000	79.999	-139.300	0.000	0.000	-60.000	0.350	0.000	0	711.400	0.000	0.000	0.924	-3700.000	-2820.020	5078.012	339.966	1025.013	97	94	104	100	51	500.000	446.241	179.844	-60.000	-0.350	0	0	25
100	30.737	Recovering: reverse	1	0	1	0	0	0	754	754	-5667.400	-10084.900	1440.800	229.300	-39.990	700.000	79.999	-139.300	0.000	0.000	-60.000	0.350	0.000	0	711.400	0.000	0.000	1.213	-3700.000	-2820.020	5078.012	339.966	1025.013	97	94	104	100	51	500.000	446.774	179.844	-60.000	-0.350	0	0	25
101	31.023	Recovering: reverse	1	0	1	0	0	0	754	754	-5667.400	-10084.900	1440.800	229.300	-39.990	700.000	79.999	-139.300	0.000	0.000	-60.000	0.350	0.000	0	711.400	0.000	0.000	1.499	-3700.000	-2820.020	5078.012	339.966	1025.013	97	94	104	100	51	500.000	447.296	179.844	-60.000	-0.350	0	0	25
102	31.408	Recovering: reverse	1	0	1	0	1	107	752	752	-5667.200	-10084.800	1440.800	229.200	-20.020	710.058	79.999	-139.200	0.224	22.361	-60.000	0.350	-2.000	0	711.600	0.200	22.361	1.883	-3700.000	-2820.020	5099.383	356.609	1038.922	97	94	105	101	51	500.000	447.807	-179.673	-60.000	0.350	2	0	27
103	31.802	Recovering: reverse	1	0	1	0	0	0	752	752	-5667.200	-10084.800	1440.800	229.200	-20.020	710.058	79.999	-139.200	0.000	0.000	-60.000	-0.350	-2.000	0	711.600	0.000	22.361	2.277	-3700.000	-2820.020	5099.383	356.609	1038.922	97	94	105	101	51	500.000	448.309	-179.673	-60.000	0.350	0	0	27
104	32.080	Recovering: reverse	1	0	1	0	0	0	752	752	-5667.200	-10084.800	1440.800	229.200	-20.020	710.058	79.999	-139.200	0.000	0.000	-60.000	-0.350	-2.000	0	711.600	0.000	22.361	2.556	-3700.000	-2820.020	5099.383	356.609	1038.922	97	94	105	101	51	500.000	448.801	-179.673	-60.000	0.350	0	0	27
105	32.351	Recovering: reverse	1	0	1	0	1	107	748	748	-5666.900	-10084.500	1440.800	228.700	10.010	740.039	79.999	-138.700	0.424	42.433	-60.000	-0.350	-3.600	0	711.900	0.300	64.056	2.826	-3700.000	-2820.020	5141.808	387.668	1042.313	98	95	105	101	52	483.730	449.131	179.490	-60.000	-0.350	3	0	30
106	32.729	Recovering: reverse	1	0	1	0	0	0	748	748	-5666.900	-10084.500	1440.800	228.700	10.010	740.039	79.999	-138.700	0.000	0.000	-60.000	0.350	-3.600	0	711.900	0.000	64.056	3.205	-3700.000	-2820.020	5141.808	387.668	1042.313	98	95	105	101	52	483.730	449.454	179.490	-60.000	-0.350	0	0	30
107	33.101	Recovering: reverse	1	0	1	0	0	0	748	748	-5666.900	-10084.500	1440.800	228.700	10.010	740.039	79.999	-138.700	0.000	0.000	-60.000	0.350	-3.600	0	711.900	0.000	64.056	3.577	-3700.000	-2820.020	5141.808	387.668	1042.313	98	95	105	101	52	483.730	449.772	179.490	-60.000	-0.350	0	0	30
108	33.390	Recovering: reverse	1	0	1	0	1	107	743	743	-5666.600	-10084.200	1440.700	228.700	39.990	770.020	70.001	-138.700	0.436	43.562	-60.000	0.350	-5.100	0	712.400	0.500	106.300	3.866	-3700.000	-2820.020	5184.198	417.560	1012.421	98	95	106	100	51	448.684	449.762	179.085	-60.000	-0.350	1	0	31
109	33.817	Recovering: reverse	1	0	1	0	0	0	743	743	-5666.600	-10084.200	1440.700	228.700	39.990	770.020	70.001	-138.700	0.000	0.000	-60.000	0.350	-5.100	0	712.400	0.000	106.300	4.293	-3700.000	-2820.020	5184.198	417.560	1012.421	98	95	106	100	51	448.684	449.752	179.085	-60.000	-0.350	0	0	31
110	34.270	Recovering: reverse	1	0	1	0	0	0	743	738	-5666.100	-10083.800	1440.700	228.600	89.990	810.058	70.001	-138.600	0.641	64.056	-60.000	0.350	-6.700	0	713.000	0.600	170.317	4.746	-3700.000	-2820.020	5247.999	461.492	968.488	99	96	107	99	53	403.873	449.339	179.905	-60.000	-0.350	0	0	31
111	34.761	Recovering: reverse	1	0	1	0	0	0	743	738	-5666.100	-10083.800	1440.700	228.600	89.990	810.058	70.001	-138.600	0.000	0.000	-60.000	0.350	-6.700	0	713.000	0.000	170.317	5.236	-3700.000	-2820.020	5247.999	461.492	968.488	99	96	107	99	53	403.873	448.933	179.905	-60.000	-0.350	0	0	31
112	35.148	Recovering: reverse	1	0	1	0	0	0	743	738	-5666.100	-10083.800	1440.700	228.600	89.990	810.058	70.001	-138.600	0.000	0.000	-60.000	0.350	-6.700	0	713.000	0.000	170.317	5.624	-3700.000	-2820.020	5247.999	461.492	968.488	99	96	107	99	53	403.873	448.534	179.905	-60.000	-0.350	0	0	31
113	35.422	Recovering: reverse	1	0	1	0	0	0	743	730	-5665.500	-10083.300	1440.600	227.500	150.000	860.058	59.992	-137.500	0.787	78.749	-60.000	0.350	-8.400	0	713.800	0.800	248.425	5.897	-3700.000	-2820.020	5325.925	475.000	896.773	101	97	107	98	53	327.067	447.468	179.200	-60.000	-0.350	0	0	31
114	35.696	Recovering: reverse	1	0	1	0	0	0	743	730	-5665.500	-10083.300	1440.600	227.500	150.000	860.058	59.992	-137.500	0.000	0.000	-60.000	0.350	-8.400	0	713.800	0.000	248.425	6.172	-3700.000	-2820.020	5325.925	475.000	896.773	101	97	107	98	53	327.067	446.421	179.200	-60.000	-0.350	0	0	31
115	35.973	Recovering: reverse	1	0	1	0	0	0	743	730	-5665.500	-10083.300	1440.600	227.500	150.000	860.058	59.992	-137.500	0.000	0.000	-60.000	0.350	-8.400	0	713.800	0.000	248.425	6.449	-3700.000	-2820.020	5325.925	475.000	896.773	101	97	107	98	53	327.067	445.392	179.200	-60.000	-0.350	0	0	31
116	36.248	Recovering: reverse	1	0	1	0	0	0	743	730	-5665.500	-10083.300	1440.600	227.500	150.000	860.058	59.992	-137.500	0.000	0.000	-60.000	0.350	-8.400	0	713.800	0.000	248.425	6.724	-3700.000	-2820.020	5325.925	475.000	896.773	101	97	107	98	53	327.067	444.381	179.200	-60.000	-0.350	0	0	31
117	36.524	Recovering: reverse	1	0	1	0	1	107	719	719	-5664.700	-10082.601	1440.600	225.900	229.980	929.980	59.992	-135.900	1.062	106.235	-60.000	0.350	-10.000	0	714.800	1.000	354.648	7.000	-3700.000	-2820.020	5432.057	475.000	787.858	102	99	107	96	53	283.255	443.016	176.660	-60.000	-0.350	1	0	32
118	36.923	Recovering: reverse	1	0	1	0	0	0	719	719	-5664.700	-10082.601	1440.600	225.900	229.980	929.980	59.992	-135.900	0.000	0.000	-60.000	0.350	-10.000	0	714.800	0.000	354.648	7.399	-3700.000	-2820.020	5432.057	475.000	787.858	102	99	107	96	53	283.255	441.673	176.660	-60.000	-0.350	0	0	32
119	37.312	Recovering: reverse	1	0	1	0	0	0	719	709	-5663.900	-10081.900	1440.500	224.300	310.010	1000.000	49.994	-134.300	1.068	106.805	-60.000	0.350	-11.500	0	715.900	1.100	460.977	7.787	-3700.000	-2820.020	5538.296	475.000	682.311	104	100	107	94	54	357.977	440.976	153.413	-60.000	-0.350	0	0	32
120	37.627	Running: path-reverse	0	1	1	0	0	0	719	709	-5663.900	-10081.900	1440.500	224.300	310.010	1000.000	49.994	-134.300	0.000	0.000	-60.000	0.350	-11.500	0	715.900	0.000	0.000	0.000	-3700.000	-2820.020	5538.296	475.000	682.311	104	100	107	94	54	357.977	440.290	153.413	-18.000	-1.000	0	0	32
121	43.040	Running	0	0	1	0	0	0	719	700	-5661.100	-10079.000	1440.300	218.100	589.990	1290.039	29.999	-128.100	4.036	403.623	-18.000	1.000	-1.500	0	720.000	4.100	403.127	0.000	-3700.000	-2820.020	5941.094	475.000	914.951	109	106	107	98	22	392.319	439.896	-4.347	20.000	0.602	0	0	32
122	43.325	Running	0	0	1	0	0	0	719	700	-5661.100	-10078.900	1440.300	218.000	589.990	1300.000	29.999	-128.000	0.100	9.961	20.000	-0.602	0.000	0	720.100	0.100	9.961	0.284	-3700.000	-2820.020	5947.989	475.000	922.370	109	106	107	98	21	394.749	439.529	-3.265	20.000	0.602	0	0	32
123	43.602	Running	0	0	1	0	0	0	719	700	-5661.100	-10078.900	1440.300	218.000	589.990	1300.000	29.999	-128.000	0.000	0.000	20.000	-0.602	0.000	0	720.100	0.000	9.961	0.561	-3700.000	-2820.020	5947.989	475.000	922.370	109	106	107	98	21	394.749	439.168	-3.265	20.000	0.602	0	0	32
124	43.890	Running	0	0	1	0	0	0	719	700	-5661.100	-10078.900	1440.300	218.000	589.990	1300.000	29.999	-128.000	0.000	0.000	20.000	-0.602	0.000	0	720.100	0.000	9.961	0.849	-3700.000	-2820.020	5947.989	475.000	922.370	109	106	107	98	21	394.749	438.813	-3.265	20.000	0.602	0	0	32
125	44.160	Running	0	0	1	0	0	0	719	700	-5661.000	-10078.900	1440.300	217.700	600.000	1300.000	29.999	-127.700	0.100	10.010	20.000	-0.602	-0.100	0	720.100	0.000	14.121	0.000	-3700.000	-2820.020	5955.213	475.000	929.057	110	106	107	98	20	391.438	438.437	-4.861	20.000	0.545	0	0	32
126	44.461	Running	0	0	1	0	0	0	719	700	-5661.000	-10078.900	1440.300	217.700	600.000	1300.000	29.999	-127.700	0.000	0.000	20.000	-0.545	-0.100	0	720.100	0.000	0.000	0.301	-3700.000	-2820.020	5955.213	475.000	929.057	110	106	107	98	20	391.438	438.067	-4.861	20.000	0.545	0	0	32
127	44.750	Running	0	0	1	0	0	0	719	700	-5661.000	-10078.900	1440.300	217.700	600.000	1300.000	29.999	-127.700	0.000	0.000	20.000	-0.545	-0.100	0	720.100	0.000	0.000	0.589	-3700.000	-2820.020	5955.213	475.000	929.057	110	106	107	98	20	391.438	437.703	-4.861	20.000	0.545	0	0	32
128	45.041	Running	0	0	1	0	0	0	719	700	-5661.000	-10078.900	1440.300	217.700	600.000	1300.000	29.999	-127.700	0.000	0.000	20.000	-0.545	-0.100	0	720.100	0.000	0.000	0.881	-3700.000	-2820.020	5955.213	475.000	929.057	110	106	107	98	20	391.438	437.344	-4.861	20.000	0.545	0	0	32
129	45.408	Running	0	0	1	0	0	0	719	700	-5661.100	-10079.000	1440.300	217.600	589.990	1290.039	29.999	-127.600	0.141	14.121	20.000	-0.545	0.300	0	720.200	0.100	14.121	0.000	-3700.000	-2820.020	5941.094	475.000	914.951	109	106	107	98	22	392.319	436.998	-4.847	20.000	0.587	0	0	32
130	45.788	Running	0	0	1	0	0	0	719	700	-5661.100	-10079.000	1440.300	217.600	589.990	1290.039	29.999	-127.600	0.000	0.000	20.000	-0.587	0.300	0	720.200	0.000	0.000	0.000	-3700.000	-2820.020	5941.094	475.000	914.951	109	106	107	98	22	392.319	436.657	-4.847	20.000	0.587	0	0	32
131	46.150	Running	0	0	1	0	0	0	719	700	-5661.100	-10079.000	1440.300	217.600	589.990	1290.039	29.999	-127.600	0.000	0.000	20.000	-0.587	0.300	0	720.200	0.000	0.000	0.000	-3700.000	-2820.020	5941.094	475.000	914.951	109	106	107	98	22	392.319	436.321	-4.847	20.000	0.587	0	0	32
132	46.433	Running	0	0	1	0	0	0	719	700	-5661.100	-10079.000	1440.300	217.400	589.990	1290.039	29.999	-127.400	0.000	0.000	20.000	-0.587	0.600	0	720.200	0.000	0.000	0.000	-3700.000	-2820.020	5941.094	475.000	914.951	109	106	107	98	22	392.319	435.990	-5.047	20.000	0.582	0	0	32
133	46.722	Running	0	0	1	0	0	0	719	700	-5661.100	-10079.000	1440.300	217.400	589.990	1290.039	29.999	-127.400	0.000	0.000	20.000	-0.582	0.600	0	720.200	0.000	0.000	0.000	-3700.000	-2820.020	5941.094	475.000	914.951	109	106	107	98	22	392.319	435.664	-5.047	20.000	0.582	0	0	32
134	47.011	Running	0	0	1	0	0	0	719	700	-5661.100	-10079.000	1440.300	217.400	589.990	1290.039	29.999	-127.400	0.000	0.000	20.000	-0.582	0.600	0	720.200	0.000	0.000	0.000	-3700.000	-2820.020	5941.094	475.000	914.951	109	106	107	98	22	392.319	435.343	-5.047	20.000	0.582	0	0	32
135	47.302	Running	0	0	1	0	0	0	719	700	-5661.100	-10079.101	1440.300	217.000	589.990	1279.980	29.999	-127.000	0.101	10.059	20.000	-0.582	1.000	0	720.300	0.100	10.059	0.000	-3700.000	-2820.020	5934.140	475.000	907.602	109	106	107	98	22	389.728	435.007	-6.697	20.000	0.567	0	0	32
136	47.678	Running	0	0	1	0	0	0	719	700	-5661.100	-10079.101	1440.300	217.000	589.990	1279.980	29.999	-127.000	0.000	0.000	20.000	-0.567	1.000	0	720.300	0.000	0.000	0.000	-3700.000	-2820.020	5934.140	475.000	907.602	109	106	107	98	22	389.728	434.677	-6.697	20.000	0.567	0	0	32
137	47.956	Running	0	0	1	0	0	0	719	700	-5661.100	-10079.101	1440.300	217.000	589.990	1279.980	29.999	-127.000	0.000	0.000	20.000	-0.567	1.000	0	720.300	0.000	0.000	0.000	-3700.000	-2820.020	5934.140	475.000	907.602	109	106	107	98	22	389.728	434.351	-6.697	20.000	0.567	0	0	32
138	48.313	Running	0	0	1	0	0	0	719	700	-5661.200	-10079.200	1440.300	216.400	579.980	1270.020	29.999	-126.400	0.141	14.121	20.000	-0.567	1.300	0	720.400	0.100	14.121	0.000	-3700.000	-2820.020	5920.021	475.000	893.486	109	105	107	98	24	390.895	434.039	-7.228	20.000	0.595	0	0	32
139	48.616	Running	0	0	1	0	0	0	719	700	-5661.200	-10079.200	1440.300	216.400	579.980	1270.020	29.999	-126.400	0.000	0.000	20.000	-0.595	1.300	0	720.400	0.000	0.000	0.000	-3700.000	-2820.020	5920.021	475.000	893.486	109	105	107	98	24	390.895	433.730	-7.228	20.000	0.595	0	0	32
140	48.899	Running	0	0	1	0	0	0	719	700	-5661.200	-10079.200	1440.300	216.400	579.980	1270.020	29.999	-126.400	0.000	0.000	20.000	-0.595	1.300	0	720.400	0.000	0.000	0.000	-3700.000	-2820.020	5920.021	475.000	893.486	109	105	107	98	24	390.895	433.427	-7.228	20.000	0.595	0	0	32
141	49.186	Running	0	0	1	0	0	0	719	700	-5661.300	-10079.400	1440.300	215.700	569.971	1250.000	29.999	-125.700	0.224	22.383	20.000	-0.595	1.600	0	720.600	0.200	22.383	0.000	-3700.000	-2820.020	5898.958	475.000	872.166	109	105	107	97	26	389.586	433.118	-9.293	20.000	0.617	0	0	32
142	49.492	Running	0	0	1	0	0	0	719	700	-5661.300	-10079.400	1440.300	215.700	569.971	1250.000	29.999	-125.700	0.000	0.000	20.000	-0.617	1.600	0	720.600	0.000	0.000	0.000	-3700.000	-2820.020	5898.958	475.000	872.166	109	105	107	97	26	389.586	432.813	-9.293	20.000	0.617	0	0	32
143	49.781	Running	0	0	1	0	0	0	719	700	-5661.300	-10079.400	1440.300	215.700	569.971	1250.000	29.999	-125.700	0.000	0.000	20.000	-0.617	1.600	0	720.600	0.000	0.000	0.000	-3700.000	-2820.020	5898.958	475.000	872.166	109	105	107	97	26	389.586	432.513	-9.293	20.000	0.617	0	0	32
144	50.067	Running	0	0	1	0	0	0	719	700	-5661.300	-10079.400	1440.300	215.700	569.971	1250.000	29.999	-125.700	0.000	0.000	20.000	-0.617	1.600	0	720.600	0.000	0.000	0.000	-3700.000	-2820.020	5898.958	475.000	872.166	109	105	107	97	26	389.586	432.217	-9.293	20.000	0.617	0	0	32
145	50.358	Running	0	0	1	0	0	0	719	700	-5661.400	-10079.500	1440.300	214.800	560.010	1240.039	29.999	-124.800	0.141	14.087	20.000	-0.617	2.000	0	720.800	0.200	14.087	0.000	-3700.000	-2820.020	5884.875	475.000	858.080	109	105	107	97	27	391.305	431.937	-10.192	20.000	0.636	0	0	32
146	50.740	Running	0	0	1	0	0	0	719	700	-5661.400	-10079.500	1440.300	214.800	560.010	1240.039	29.999	-124.800	0.000	0.000	20.000	-0.636	2.000	0	720.800	0.000	0.000	0.000	-3700.000	-2820.020	5884.875	475.000	858.080	109	105	107	97	27	391.305	431.661	-10.192	20.000	0.636	0	0	32
147	51.114	Running	0	0	1	0	0	0	719	700	-5661.400	-10079.500	1440.300	214.800	560.010	1240.039	29.999	-124.800	0.000	0.000	20.000	-0.636	2.000	0	720.800	0.000	0.000	0.000	-3700.000	-2820.020	5884.875	475.000	858.080	109	105	107	97	27	391.305	431.388	-10.192	20.000	0.636	0	0	32
148	51.509	Running	0	0	1	0	0	0	719	699	-5661.500	-10079.800	1440.300	213.600	550.000	1210.058	29.999	-123.600	0.316	31.607	20.000	-0.636	2.300	0	721.100	0.300	31.607	0.000	-3700.000	-2820.020	5856.964	475.000	815.715	109	104	107	96	30	401.412	431.187	-11.400	20.000	0.652	0	0	32
149	51.919	Running	0	0	1	0	0	0	719	699	-5661.500	-10079.800	1440.300	213.600	550.000	1210.058	29.999	-123.600	0.000	0.000	20.000	-0.652	2.300	0	721.100	0.000	0.000	0.000	-3700.000	-2820.020	5856.964	475.000	815.715	109	104	107	96	30	401.412	430.988	-11.400	20.000	0.652	0	0	32
150	52.215	Running	0	0	1	0	0	0	719	699	-5661.700	-10080.000	1440.400	212.200	529.980	1190.039	39.996	-122.200	0.300	30.025	20.000	-0.652	2.700	0	721.400	0.300	28.312	0.000	-3700.000	-2820.020	5828.662	475.000	787.403	108	104	107	96	33	406.372	430.825	-12.800	20.000	0.698	0	0	32
151	52.593	Running	0	0	1	0	0	0	719	699	-5661.700	-10080.000	1440.400	212.200	529.980	1190.039	39.996	-122.200	0.000	0.000	20.000	-0.698	2.700	0	721.400	0.000	0.000	0.000	-3700.000	-2820.020	5828.662	475.000	787.403	108	104	107	96	33	406.372	430.664	-12.800	20.000	0.698	0	0	32
152	52.883	Running	0	0	1	0	0	0	719	699	-5661.700	-10080.000	1440.400	212.200	529.980	1190.039	39.996	-122.200	0.000	0.000	20.000	-0.698	2.700	0	721.400	0.000	0.000	0.000	-3700.000	-2820.020	5828.662	475.000	787.403	108	104	107	96	33	406.372	430.506	-12.800	20.000	0.698	0	0	32
153	53.160	Running	0	0	1	0	0	0	719	699	-5661.700	-10080.000	1440.400	212.200	529.980	1190.039	39.996	-122.200	0.000	0.000	20.000	-0.698	2.700	0	721.400	0.000	0.000	0.000	-3700.000	-2820.020	5828.662	475.000	787.403	108	104	107	96	33	406.372	430.349	-12.800	20.000	0.698	0	0	32
154	53.440	Running	0	0	1	0	0	0	719	697	-5661.800	-10080.400	1440.400	210.400	519.971	1150.000	39.996	-120.400	0.413	41.271	20.000	-0.698	3.200	0	721.800	0.400	41.271	0.000	-3700.000	-2820.020	5793.894	475.000	730.780	108	103	107	95	37	421.625	430.293	-14.600	20.000	0.694	0	0	32
155	53.728	Running	0	0	1	0	0	0	719	697	-5661.800	-10080.400	1440.400	210.400	519.971	1150.000	39.996	-120.400	0.000	0.000	20.000	-0.694	3.200	0	721.800	0.000	0.000	0.000	-3700.000	-2820.020	5793.894	475.000	730.780	108	103	107	95	37	421.625	430.237	-14.600	20.000	0.694	0	0	32
156	54.003	Running	0	0	1	0	0	0	719	697	-5661.800	-10080.400	1440.400	210.400	519.971	1150.000	39.996	-120.400	0.000	0.000	20.000	-0.694	3.200	0	721.800	0.000	0.000	0.000	-3700.000	-2820.020	5793.894	475.000	730.780	108	103	107	95	37	421.625	430.182	-14.600	20.000	0.694	0	0	32
157	54.352	Running	0	0	1	0	0	0	719	696	-5662.000	-10080.700	1440.400	208.100	500.000	1120.020	39.996	-118.100	0.360	36.023	20.000	-0.694	3.600	0	722.100	0.300	36.023	0.000	-3700.000	-2820.020	5758.811	475.000	688.381	108	102	107	94	40	432.362	430.196	-16.900	20.000	0.708	0	0	32
158	54.622	Running	0	0	1	0	0	0	719	696	-5662.000	-10080.700	1440.400	208.100	500.000	1120.020	39.996	-118.100	0.000	0.000	20.000	-0.708	3.600	0	722.100	0.000	0.000	0.000	-3700.000	-2820.020	5758.811	475.000	688.381	108	102	107	94	40	432.362	430.210	-16.900	20.000	0.708	0	0	32
159	54.893	Running	0	0	1	0	0	0	719	696	-5662.000	-10080.700	1440.400	208.100	500.000	1120.020	39.996	-118.100	0.000	0.000	20.000	-0.708	3.600	0	722.100	0.000	0.000	0.000	-3700.000	-2820.020	5758.811	475.000	688.381	108	102	107	94	40	432.362	430.223	-16.900	20.000	0.708	0	0	32
160	55.165	Running	0	0	1	0	0	0	719	696	-5662.000	-10080.700	1440.400	208.100	500.000	1120.020	39.996	-118.100	0.000	0.000	20.000	-0.708	3.600	0	722.100	0.000	0.000	0.000	-3700.000	-2820.020	5758.811	475.000	688.381	108	102	107	94	40	432.362	430.236	-16.900	20.000	0.708	0	0	32
161	55.485	Running	0	0	1	0	0	0	719	693	-5662.100	-10081.200	1440.400	205.400	489.990	1070.020	39.996	-115.400	0.510	50.992	20.000	-0.708	4.100	0	722.600	0.500	50.992	0.000	-3700.000	-2820.020	5717.379	475.000	617.670	107	101	107	92	44	452.598	430.374	-2.631	20.000	0.671	0	0	32
162	55.760	Running	0	0	1	0	0	0	719	693	-5662.100	-10081.200	1440.400	205.400	489.990	1070.020	39.996	-115.400	0.000	0.000	20.000	-0.671	4.100	0	722.600	0.000	0.000	0.000	-3700.000	-2820.020	5717.379	475.000	617.670	107	101	107	92	44	452.598	430.511	-2.631	20.000	0.671	0	0	32
163	56.048	Running	0	0	1	0	0	0	719	693	-5662.100	-10081.200	1440.400	205.400	489.990	1070.020	39.996	-115.400	0.000	0.000	20.000	-0.671	4.100	0	722.600	0.000	0.000	0.000	-3700.000	-2820.020	5717.379	475.000	617.670	107	101	107	92	44	452.598	430.645	-2.631	20.000	0.671	0	0	32
164	56.412	Running	0	0	1	0	0	0	719	691	-5662.300	-10081.601	1440.400	202.700	469.971	1029.980	39.996	-112.700	0.448	44.765	20.000	-0.671	4.600	0	723.100	0.500	44.765	0.000	-3700.000	-2820.020	5675.487	475.000	561.046	107	101	107	91	48	468.961	430.878	25.937	20.000	0.666	0	0	32
165	56.807	Running	0	0	1	0	0	0	719	691	-5662.300	-10081.601	1440.400	202.700	469.971	1029.980	39.996	-112.700	0.000	0.000	20.000	-0.666	4.600	0	723.100	0.000	0.000	0.000	-3700.000	-2820.020	5675.487	475.000	561.046	107	101	107	91	48	468.961	431.107	25.937	20.000	0.666	0	0	32
166	57.128	Running	0	0	1	0	0	0	719	691	-5662.300	-10081.601	1440.400	202.700	469.971	1029.980	39.996	-112.700	0.000	0.000	20.000	-0.666	4.600	0	723.100	0.000	0.000	0.000	-3700.000	-2820.020	5675.487	475.000	561.046	107	101	107	91	48	468.961	431.334	25.937	20.000	0.666	0	0	32
167	57.427	Running	0	0	1	0	0	0	719	687	-5662.400	-10082.200	1440.500	199.600	460.010	970.020	49.994	-109.600	0.616	61.599	20.000	-0.666	5.200	0	723.600	0.500	60.783	0.000	-3700.000	-2820.020	5627.617	475.000	476.249	107	99	107	89	52	493.998	431.707	27.106	20.000	0.610	0	0	32
168	57.715	Running	0	0	1	0	0	0	719	687	-5662.400	-10082.200	1440.500	199.600	460.010	970.020	49.994	-109.600	0.000	0.000	20.000	-0.610	5.200	0	723.600	0.000	0.000	0.000	-3700.000	-2820.020	5627.617	475.000	476.249	107	99	107	89	52	493.998	432.075	27.106	20.000	0.610	0	0	32
169	57.994	Running	0	0	1	0	0	0	719	687	-5662.400	-10082.200	1440.500	199.600	460.010	970.020	49.994	-109.600	0.000	0.000	20.000	-0.610	5.200	0	723.600	0.000	0.000	0.000	-3700.000	-2820.020	5627.617	475.000	476.249	107	99	107	89	52	493.998	432.440	27.106	20.000	0.610	0	0	32
170	58.281	Running	0	0	1	0	0	0	719	687	-5662.400	-10082.200	1440.500	199.600	460.010	970.020	49.994	-109.600	0.000	0.000	20.000	-0.610	5.200	0	723.600	0.000	0.000	0.000	-3700.000	-2820.020	5627.617	475.000	476.249	107	99	107	89	52	493.998	432.800	27.106	20.000	0.610	0	0	32
171	58.634	Running	0	0	1	0	0	0	719	680	-5662.500	-10082.800	1440.500	196.300	450.000	910.058	49.994	-106.300	0.608	60.791	20.000	-0.610	5.800	0	724.300	0.700	60.791	0.000	-3700.000	-2820.020	5579.963	475.000	435.058	107	98	107	89	49	475.657	433.049	31.044	20.000	0.552	0	0	32
172	59.002	Running	0	0	1	0	0	0	719	680	-5662.500	-10082.800	1440.500	196.300	450.000	910.058	49.994	-106.300	0.000	0.000	20.000	-0.552	5.800	0	724.300	0.000	0.000	0.000	-3700.000	-2820.020	5579.963	475.000	435.058	107	98	107	89	49	475.657	433.295	31.044	20.000	0.552	0	0	32
173	59.291	Running	0	0	1	0	0	0	719	680	-5662.500	-10082.800	1440.500	196.300	450.000	910.058	49.994	-106.300	0.000	0.000	20.000	-0.552	5.800	0	724.300	0.000	0.000	0.000	-3700.000	-2820.020	5579.963	475.000	435.058	107	98	107	89	49	475.657	433.538	31.044	20.000	0.552	0	0	32
174	59.604	Running	0	0	1	0	0	0	719	673	-5662.600	-10083.500	1440.500	193.200	439.990	840.039	49.994	-103.200	0.707	70.731	20.000	-0.552	6.400	0	724.900	0.600	70.731	0.000	-3700.000	-2820.020	5525.898	475.000	375.049	106	97	107	87	48	466.306	433.726	35.588	20.000	0.500	0	0	32
175	59.894	Running	0	0	1	0	0	0	719	673	-5662.600	-10083.500	1440.500	193.200	439.990	840.039	49.994	-103.200	0.000	0.000	20.000	-0.500	6.400	0	724.900	0.000	0.000	0.000	-3700.000	-2820.020	5525.898	475.000	375.049	106	97	107	87	48	466.306	433.911	35.588	20.000	0.500	0	0	32
176	60.182	Running	0	0	1	0	0	0	719	673	-5662.600	-10083.500	1440.500	193.200	439.990	840.039	49.994	-103.200	0.000	0.000	20.000	-0.500	6.400	0	724.900	0.000	0.000	0.000	-3700.000	-2820.020	5525.898	475.000	375.049	106	97	107	87	48	466.306	434.094	35.588	20.000	0.500	0	0	32
177	60.463	Running	0	0	1	0	0	0	719	666	-5662.700	-10084.200	1440.600	190.500	429.980	770.020	59.992	-100.500	0.714	71.434	20.000	-0.500	7.100	0	725.700	0.800	70.731	0.000	-3700.000	-2820.020	5472.213	475.000	315.039	106	95	107	86	47	457.202	434.224	41.481	20.000	0.461	0	0	32
178	60.791	Running	0	0	1	0	0	0	719	666	-5662.700	-10084.200	1440.600	190.500	429.980	770.020	59.992	-100.500	0.000	0.000	20.000	-0.461	7.100	0	725.700	0.000	0.000	0.000	-3700.000	-2820.020	5472.213	475.000	315.039	106	95	107	86	47	457.202	434.352	41.481	20.000	0.461	0	0	32
179	61.138	Running	0	0	1	0	0	0	719	666	-5662.700	-10084.200	1440.600	190.500	429.980	770.020	59.992	-100.500	0.000	0.000	20.000	-0.461	7.100	0	725.700	0.000	0.000	0.000	-3700.000	-2820.020	5472.213	475.000	315.039	106	95	107	86	47	457.202	434.479	41.481	20.000	0.461	0	0	32
180	61.411	Running	0	0	1	0	0	0	719	658	-5662.800	-10085.000	1440.600	188.200	419.971	690.039	59.992	-98.200	0.806	80.604	20.000	-0.461	7.800	0	726.400	0.700	80.604	0.000	-3700.000	-2820.020	5412.455	475.000	245.068	106	94	107	85	46	448.361	434.556	48.464	20.000	0.436	0	0	32
181	61.705	Running	0	0	1	0	0	0	719	658	-5662.800	-10085.000	1440.600	188.200	419.971	690.039	59.992	-98.200	0.000	0.000	20.000	-0.436	7.800	0	726.400	0.000	0.000	0.000	-3700.000	-2820.020	5412.455	475.000	245.068	106	94	107	85	46	448.361	434.632	48.464	20.000	0.436	0	0	32
182	62.068	Running	0	0	1	0	0	0	719	658	-5662.800	-10085.000	1440.600	188.200	419.971	690.039	59.992	-98.200	0.000	0.000	20.000	-0.436	7.800	0	726.400	0.000	0.000	0.000	-3700.000	-2820.020	5412.455	475.000	245.068	106	94	107	85	46	448.361	434.707	48.464	20.000	0.436	0	0	32
183	62.358	Running	0	0	1	0	0	0	719	650	-5662.900	-10085.800	1440.600	186.200	410.010	610.058	59.992	-96.200	0.806	80.598	20.000	-0.436	8.500	0	727.300	0.900	80.598	0.000	-3700.000	-2820.020	5353.281	475.000	175.049	106	92	107	83	45	439.838	434.734	55.954	20.000	0.420	0	0	32
184	62.640	Running	0	0	1	0	0	0	719	650	-5662.900	-10085.800	1440.600	186.200	410.010	610.058	59.992	-96.200	0.000	0.000	20.000	-0.420	8.500	0	727.300	0.000	0.000	0.000	-3700.000	-2820.020	5353.281	475.000	175.049	106	92	107	83	45	439.838	434.762	55.954	20.000	0.420	0	0	32
185	63.018	Running	0	0	1	0	0	0	719	650	-5662.900	-10085.800	1440.600	186.200	410.010	610.058	59.992	-96.200	0.000	0.000	20.000	-0.420	8.500	0	727.300	0.000	0.000	0.000	-3700.000	-2820.020	5353.281	475.000	175.049	106	92	107	83	45	439.838	434.789	55.954	20.000	0.420	0	0	32
186	63.303	Obstacle hits: +1	0	0	1	0	1	96	645	645	-5662.900	-10086.601	1440.600	184.600	410.010	529.980	59.992	-94.600	0.801	80.078	20.000	-0.420	9.100	0	728.100	0.800	80.078	0.000	-3700.000	-2820.020	5302.328	475.000	74.613	106	91	107	81	51	459.982	434.924	45.372	20.000	0.363	1	0	33
187	63.626	Running	0	0	1	0	0	0	645	645	-5662.900	-10086.601	1440.600	184.600	410.010	529.980	59.992	-94.600	0.000	0.000	20.000	-0.363	9.100	0	728.100	0.000	0.000	0.000	-3700.000	-2820.020	5302.328	475.000	74.613	106	91	107	81	51	459.982	435.057	45.372	20.000	0.363	0	0	33
188	63.901	Running	0	0	1	0	0	0	645	645	-5662.900	-10086.601	1440.600	184.600	410.010	529.980	59.992	-94.600	0.000	0.000	20.000	-0.363	9.100	0	728.100	0.000	0.000	0.000	-3700.000	-2820.020	5302.328	475.000	74.613	106	91	107	81	51	459.982	435.189	45.372	20.000	0.363	0	0	33
189	64.280	Obstacle hits: +1	0	0	1	0	1	94	636	636	-5662.900	-10087.500	1440.700	182.900	410.010	440.039	70.001	-92.900	0.905	90.497	20.000	-0.363	9.800	0	729.000	0.900	89.941	0.000	-3700.000	-2820.020	5245.966	421.149	1.129	106	89	106	80	52	439.051	435.210	41.568	20.000	0.124	1	0	34
190	64.664	Running	0	0	1	0	0	0	636	636	-5662.900	-10087.500	1440.700	182.900	410.010	440.039	70.001	-92.900	0.000	0.000	20.000	-0.124	9.800	0	729.000	0.000	0.000	0.000	-3700.000	-2820.020	5245.966	421.149	1.129	106	89	106	80	52	439.051	435.230	41.568	20.000	0.124	0	0	34
191	64.988	Running	0	0	1	0	0	0	636	636	-5662.900	-10087.500	1440.700	182.900	410.010	440.039	70.001	-92.900	0.000	0.000	20.000	-0.124	9.800	0	729.000	0.000	0.000	0.000	-3700.000	-2820.020	5245.966	421.149	1.129	106	89	106	80	52	439.051	435.250	41.568	20.000	0.124	0	0	34
192	65.285	Obstacle hits: +1	0	0	1	0	1	92	626	626	-5662.900	-10088.400	1440.700	181.900	410.010	350.000	70.001	-91.900	0.900	90.039	20.000	-0.124	10.400	0	729.900	0.900	90.039	0.000	-3700.000	-2820.020	5190.492	354.127	-65.892	106	87	105	79	53	419.630	435.169	38.991	20.000	-0.164	1	0	35
193	65.656	Running	0	0	1	0	0	0	626	626	-5662.900	-10088.400	1440.700	181.900	410.010	350.000	70.001	-91.900	0.000	0.000	20.000	0.164	10.400	0	729.900	0.000	0.000	0.000	-3700.000	-2820.020	5190.492	354.127	-65.892	106	87	105	79	53	419.630	435.089	38.991	20.000	-0.164	0	0	35
194	66.008	Running	0	0	1	0	0	0	626	626	-5662.900	-10088.400	1440.700	181.900	410.010	350.000	70.001	-91.900	0.000	0.000	20.000	0.164	10.400	0	729.900	0.000	0.000	0.000	-3700.000	-2820.020	5190.492	354.127	-65.892	106	87	105	79	53	419.630	435.009	38.991	20.000	-0.164	0	0	35
195	66.284	Running	0	0	1	0	0	0	626	626	-5662.900	-10088.400	1440.700	181.900	410.010	350.000	70.001	-91.900	0.000	0.000	20.000	0.164	10.400	0	729.900	0.000	0.000	0.000	-3700.000	-2820.020	5190.492	354.127	-65.892	106	87	105	79	53	419.630	434.931	38.991	20.000	-0.164	0	0	35
196	66.566	Obstacle hits: +1	0	0	1	0	1	90	617	617	-5663.000	-10089.500	1440.700	181.800	400.000	240.039	70.001	-91.800	1.104	110.416	20.000	0.164	11.100	0	730.900	1.000	110.416	0.000	-3700.000	-2820.020	5116.049	286.054	-133.966	106	85	103	77	55	390.978	434.708	47.862	20.000	-0.433	1	0	36
197	66.949	Running	0	0	1	0	0	0	617	617	-5663.000	-10089.500	1440.700	181.800	400.000	240.039	70.001	-91.800	0.000	0.000	20.000	0.433	11.100	0	730.900	0.000	0.000	0.000	-3700.000	-2820.020	5116.049	286.054	-133.966	106	85	103	77	55	390.978	434.487	47.862	20.000	-0.433	0	0	36
198	67.322	Obstacle hits: +1	0	0	1	0	1	88	607	607	-5663.000	-10090.500	1440.700	182.400	400.000	140.039	70.001	-92.400	1.000	100.000	20.000	0.433	11.200	0	732.000	1.100	100.000	0.000	-3700.000	-2820.020	5056.871	215.343	-204.677	106	83	102	76	56	391.059	434.269	48.462	20.000	-0.736	1	0	37
199	67.689	Running	0	0	1	0	0	0	607	607	-5663.000	-10090.500	1440.700	182.400	400.000	140.039	70.001	-92.400	0.000	0.000	20.000	0.736	11.200	0	732.000	0.000	0.000	0.000	-3700.000	-2820.020	5056.871	215.343	-204.677	106	83	102	76	56	391.059	434.053	48.462	20.000	-0.736	0	0	37
200	67.981	Running	0	0	1	0	0	0	607	607	-5663.000	-10090.500	1440.700	182.400	400.000	140.039	70.001	-92.400	0.000	0.000	20.000	0.736	11.200	0	732.000	0.000	0.000	0.000	-3700.000	-2820.020	5056.871	215.343	-204.677	106	83	102	76	56	391.059	433.839	48.462	20.000	-0.736	0	0	37
201	68.336	Running	0	0	1	0	0	0	607	586	-5663.100	-10091.601	1440.800	184.700	389.990	29.980	79.999	-94.700	1.110	110.964	20.000	0.736	11.700	0	733.000	1.000	110.513	0.000	-3700.000	-2820.020	4985.030	131.802	-338.218	105	81	100	73	53	449.701	433.917	-11.619	19.944	-0.867	0	0	37
202	68.626	Running	0	0	1	0	0	0	607	586	-5663.100	-10091.601	1440.800	184.700	389.990	29.980	79.999	-94.700	0.000	0.000	19.944	0.867	11.700	0	733.000	0.000	0.000	0.000	-3700.000	-2820.020	4985.030	131.802	-338.218	105	81	100	73	53	449.701	433.995	-11.619	19.944	-0.867	0	0	37
203	68.910	Running	0	0	1	0	0	0	607	586	-5663.100	-10091.601	1440.800	184.700	389.990	29.980	79.999	-94.700	0.000	0.000	19.944	0.867	11.700	0	733.000	0.000	0.000	0.000	-3700.000	-2820.020	4985.030	131.802	-338.218	105	81	100	73	53	449.701	434.072	-11.619	19.944	-0.867	0	0	37
204	69.185	Running	0	0	1	0	0	0	607	586	-5663.100	-10091.601	1440.800	184.700	389.990	29.980	79.999	-94.700	0.000	0.000	19.944	0.867	11.700	0	733.000	0.000	0.000	0.000	-3700.000	-2820.020	4985.030	131.802	-338.218	105	81	100	73	53	449.701	434.148	-11.619	19.944	-0.867	0	0	37
205	69.478	Running	0	0	1	0	0	0	607	575	-5663.400	-10092.601	1440.800	189.800	360.010	-70.020	79.999	-99.800	1.044	104.397	19.944	0.867	11.800	0	734.100	1.100	104.397	0.000	-3700.000	-2820.020	4903.690	7.354	-345.020	105	79	98	73	55	447.204	434.211	-38.787	18.000	-1.000	0	0	37
206	69.774	Running	0	0	1	0	0	0	607	575	-5663.400	-10092.601	1440.800	189.800	360.010	-70.020	79.999	-99.800	0.000	0.000	18.000	1.000	11.800	0	734.100	0.000	0.000	0.000	-3700.000	-2820.020	4903.690	7.354	-345.020	105	79	98	73	55	447.204	434.274	-38.787	18.000	-1.000	0	0	37
207	70.044	Running	0	0	1	0	0	0	607	575	-5663.400	-10092.601	1440.800	189.800	360.010	-70.020	79.999	-99.800	0.000	0.000	18.000	1.000	11.800	0	734.100	0.000	0.000	0.000	-3700.000	-2820.020	4903.690	7.354	-345.020	105	79	98	73	55	447.204	434.336	-38.787	18.000	-1.000	0	0	37
208	70.435	Running	0	0	1	0	0	0	607	563	-5663.800	-10093.800	1440.800	198.600	319.971	-189.942	79.999	-108.600	1.264	126.429	18.000	1.000	11.800	0	735.300	1.200	126.429	0.000	-3700.000	-2820.020	4803.902	-49.270	-345.020	104	76	97	73	49	400.484	434.174	-74.799	18.000	-1.000	0	0	37
209	70.807	Running	0	0	1	0	0	0	607	563	-5663.800	-10093.800	1440.800	198.600	319.971	-189.942	79.999	-108.600	0.000	0.000	18.000	1.000	11.800	0	735.300	0.000	0.000	0.000	-3700.000	-2820.020	4803.902	-49.270	-345.020	104	76	97	73	49	400.484	434.014	-74.799	18.000	-1.000	0	0	37
210	71.100	Running	0	0	1	0	0	0	607	563	-5663.800	-10093.800	1440.800	198.600	319.971	-189.942	79.999	-108.600	0.000	0.000	18.000	1.000	11.800	0	735.300	0.000	0.000	0.000	-3700.000	-2820.020	4803.902	-49.270	-345.020	104	76	97	73	49	400.484	433.855	-74.799	18.000	-1.000	0	0	37
211	71.431	Running	0	0	1	0	0	0	607	551	-5664.400	-10094.601	1440.900	209.300	260.010	-270.020	89.996	-119.300	1.005	100.537	18.000	1.000	11.400	0	736.400	1.100	100.039	0.000	-3700.000	-2820.020	4710.008	-134.067	-345.020	103	75	95	73	45	401.151	433.701	-77.214	18.000	-1.000	0	0	37
212	71.769	Running	0	0	1	0	0	0	607	551	-5664.400	-10094.601	1440.900	209.300	260.010	-270.020	89.996	-119.300	0.000	0.000	18.000	1.000	11.400	0	736.400	0.000	0.000	0.000	-3700.000	-2820.020	4710.008	-134.067	-345.020	103	75	95	73	45	401.151	433.548	-77.214	18.000	-1.000	0	0	37
213	72.045	Running	0	0	1	0	0	0	607	551	-5664.400	-10094.601	1440.900	209.300	260.010	-270.020	89.996	-119.300	0.000	0.000	18.000	1.000	11.400	0	736.400	0.000	0.000	0.000	-3700.000	-2820.020	4710.008	-134.067	-345.020	103	75	95	73	45	401.151	433.397	-77.214	18.000	-1.000	0	0	37
214	72.410	Obstacle hits: +1	0	0	1	0	1	78	536	536	-5665.200	-10095.400	1441.000	221.000	179.980	-350.000	99.994	-131.000	1.136	113.585	18.000	1.000	11.300	0	737.500	1.100	113.144	0.000	-3700.000	-2820.020	4599.483	-178.429	-698.449	101	73	94	66	56	499.874	433.706	-6.851	20.000	-0.137	1	0	38
215	72.816	Running	0	0	1	0	0	0	536	536	-5665.200	-10095.400	1441.000	221.000	179.980	-350.000	99.994	-131.000	0.000	0.000	20.000	0.137	11.300	0	737.500	0.000	0.000	0.000	-3700.000	-2820.020	4599.483	-178.429	-698.449	101	73	94	66	56	499.874	434.012	-6.851	20.000	-0.137	0	0	38
216	73.116	Running	0	0	1	0	0	0	536	536	-5665.200	-10095.400	1441.000	221.000	179.980	-350.000	99.994	-131.000	0.000	0.000	20.000	0.137	11.300	0	737.500	0.000	0.000	0.000	-3700.000	-2820.020	4599.483	-178.429	-698.449	101	73	94	66	56	499.874	434.316	-6.851	20.000	-0.137	0	0	38
217	73.466	Running	0	0	1	0	0	0	536	526	-5666.100	-10096.000	1441.100	231.300	89.990	-409.961	109.992	-141.300	1.086	108.598	20.000	0.137	11.300	0	738.500	1.000	108.137	0.000	-3700.000	-2820.020	4491.370	-242.793	-762.812	99	72	93	65	56	485.024	434.548	14.010	20.000	0.228	0	0	38
218	73.775	Running	0	0	1	0	0	0	536	526	-5666.100	-10096.000	1441.100	231.300	89.990	-409.961	109.992	-141.300	0.000	0.000	20.000	-0.228	11.300	0	738.500	0.000	0.000	0.000	-3700.000	-2820.020	4491.370	-242.793	-762.812	99	72	93	65	56	485.024	434.779	14.010	20.000	0.228	0	0	38
219	74.054	Running	0	0	1	0	0	0	536	526	-5666.100	-10096.000	1441.100	231.300	89.990	-409.961	109.992	-141.300	0.000	0.000	20.000	-0.228	11.300	0	738.500	0.000	0.000	0.000	-3700.000	-2820.020	4491.370	-242.793	-762.812	99	72	93	65	56	485.024	435.007	14.010	20.000	0.228	0	0	38
220	74.441	Obstacle hits: +3	0	0	1	0	1	74	511	511	-5667.000	-10096.500	1441.200	235.700	0.000	-459.961	120.001	-145.700	1.034	103.433	20.000	-0.228	11.800	0	739.600	1.100	102.948	0.000	-3700.000	-2820.020	4388.608	-378.841	-745.020	98	71	90	65	54	474.109	435.184	12.915	20.000	0.076	3	0	41
221	74.749	Running	0	0	1	0	0	0	511	511	-5667.000	-10096.500	1441.200	235.700	0.000	-459.961	120.001	-145.700	0.000	0.000	20.000	-0.076	11.800	0	739.600	0.000	0.000	0.000	-3700.000	-2820.020	4388.608	-378.841	-745.020	98	71	90	65	54	474.109	435.359	12.915	20.000	0.076	0	0	41
222	75.024	Running	0	0	1	0	0	0	511	511	-5667.000	-10096.500	1441.200	235.700	0.000	-459.961	120.001	-145.700	0.000	0.000	20.000	-0.076	11.800	0	739.600	0.000	0.000	0.000	-3700.000	-2820.020	4388.608	-378.841	-745.020	98	71	90	65	54	474.109	435.533	12.915	20.000	0.076	0	0	41
223	75.293	Running	0	0	1	0	0	0	511	511	-5667.000	-10096.500	1441.200	235.700	0.000	-459.961	120.001	-145.700	0.000	0.000	20.000	-0.076	11.800	0	739.600	0.000	0.000	0.000	-3700.000	-2820.020	4388.608	-378.841	-745.020	98	71	90	65	54	474.109	435.705	12.915	20.000	0.076	0	0	41
224	75.572	Obstacle hits: +3	0	0	1	0	1	73	500	500	-5667.800	-10097.101	1441.300	235.400	-80.029	-520.020	129.999	-145.400	1.006	100.557	20.000	-0.076	11.600	0	740.700	1.100	100.059	0.000	-3700.000	-2820.020	4288.845	-491.854	-745.020	96	70	88	65	54	469.281	435.855	3.699	20.000	-0.170	3	0	44
225	75.870	Running	0	0	1	0	0	0	500	500	-5667.800	-10097.101	1441.300	235.400	-80.029	-520.020	129.999	-145.400	0.000	0.000	20.000	0.170	11.600	0	740.700	0.000	0.000	0.000	-3700.000	-2820.020	4288.845	-491.854	-745.020	96	70	88	65	54	469.281	436.003	3.699	20.000	-0.170	0	0	44
226	76.158	Running	0	0	1	0	0	0	500	500	-5667.800	-10097.101	1441.300	235.400	-80.029	-520.020	129.999	-145.400	0.000	0.000	20.000	0.170	11.600	0	740.700	0.000	0.000	0.000	-3700.000	-2820.020	4288.845	-491.854	-745.020	96	70	88	65	54	469.281	436.149	3.699	20.000	-0.170	0	0	44
227	76.439	Obstacle hits: +2	0	0	1	0	1	70	486	486	-5668.700	-10097.700	1441.400	235.300	-170.020	-579.980	139.996	-145.300	1.086	108.598	20.000	0.170	11.500	0	741.700	1.000	108.137	0.000	-3700.000	-2820.020	4180.734	-598.600	-745.020	94	68	86	65	51	459.260	436.250	12.100	20.000	-0.390	2	0	46
228	76.823	Running	0	0	1	0	0	0	486	486	-5668.700	-10097.700	1441.400	235.300	-170.020	-579.980	139.996	-145.300	0.000	0.000	20.000	0.390	11.500	0	741.700	0.000	0.000	0.000	-3700.000	-2820.020	4180.734	-598.600	-745.020	94	68	86	65	51	459.260	436.351	12.100	20.000	-0.390	0	0	46
229	77.110	Running	0	0	1	0	0	0	486	486	-5668.700	-10097.700	1441.400	235.300	-170.020	-579.980	139.996	-145.300	0.000	0.000	20.000	0.390	11.500	0	741.700	0.000	0.000	0.000	-3700.000	-2820.020	4180.734	-598.600	-745.020	94	68	86	65	51	459.260	436.451	12.100	20.000	-0.390	0	0	46
230	77.397	Obstacle hits: +3	0	0	1	0	1	70	475	475	-5669.600	-10098.300	1441.500	235.700	-260.010	-639.942	149.994	-145.700	1.086	108.598	20.000	0.390	11.400	0	742.800	1.100	108.137	0.000	-3700.000	-2820.020	4072.625	-719.099	-745.020	92	67	83	65	52	470.961	436.600	7.349	20.000	-0.612	3	0	49
231	77.779	Running	0	0	1	0	0	0	475	475	-5669.600	-10098.300	1441.500	235.700	-260.010	-639.942	149.994	-145.700	0.000	0.000	20.000	0.612	11.400	0	742.800	0.000	0.000	0.000	-3700.000	-2820.020	4072.625	-719.099	-745.020	92	67	83	65	52	470.961	436.748	7.349	20.000	-0.612	0	0	49
232	78.152	Running	0	0	1	0	0	0	475	475	-5669.600	-10098.300	1441.500	235.700	-260.010	-639.942	149.994	-145.700	0.000	0.000	20.000	0.612	11.400	0	742.800	0.000	0.000	0.000	-3700.000	-2820.020	4072.625	-719.099	-745.020	92	67	83	65	52	470.961	436.895	7.349	20.000	-0.612	0	0	49
233	78.512	Obstacle hits: +1	0	0	1	0	1	70	469	469	-5670.500	-10098.900	1441.500	237.300	-350.000	-700.000	149.994	-147.300	1.082	108.191	20.000	0.612	11.700	0	743.800	1.000	108.191	0.000	-3700.000	-2820.020	3964.465	-778.798	-745.020	91	66	82	65	52	431.155	436.870	9.994	20.000	-0.763	1	0	50
234	78.870	Running	0	0	1	0	0	0	469	469	-5670.500	-10098.900	1441.500	237.300	-350.000	-700.000	149.994	-147.300	0.000	0.000	20.000	0.763	11.700	0	743.800	0.000	0.000	0.000	-3700.000	-2820.020	3964.465	-778.798	-745.020	91	66	82	65	52	431.155	436.846	9.994	20.000	-0.763	0	0	50
235	79.258	Obstacle hits: +3	0	0	1	0	1	66	463	463	-5671.300	-10099.300	1441.500	240.800	-430.029	-739.942	149.994	-150.800	0.894	89.443	20.000	0.763	11.900	0	744.800	1.000	89.443	0.000	-3700.000	-2820.020	3875.491	-890.726	-645.020	89	65	80	67	51	470.374	436.988	-74.185	18.000	-1.000	3	0	53
236	79.724	Running	0	0	1	0	0	0	463	463	-5671.300	-10099.300	1441.500	240.800	-430.029	-739.942	149.994	-150.800	0.000	0.000	18.000	1.000	11.900	0	744.800	0.000	0.000	0.000	-3700.000	-2820.020	3875.491	-890.726	-645.020	89	65	80	67	51	470.374	437.129	-74.185	18.000	-1.000	0	0	53
237	80.113	Running	0	0	1	0	0	0	463	463	-5671.300	-10099.300	1441.500	240.800	-430.029	-739.942	149.994	-150.800	0.000	0.000	18.000	1.000	11.900	0	744.800	0.000	0.000	0.000	-3700.000	-2820.020	3875.491	-890.726	-645.020	89	65	80	67	51	470.374	437.269	-74.185	18.000	-1.000	0	0	53
238	80.482	Obstacle hits: +2	0	0	1	0	1	62	459	459	-5672.400	-10099.700	1441.600	246.500	-539.990	-779.980	159.992	-156.500	1.174	117.450	18.000	1.000	12.200	0	745.900	1.100	117.024	0.000	-3700.000	-2820.020	3761.306	-963.391	-595.020	87	64	78	68	51	462.038	437.372	-68.492	18.000	-1.000	2	0	55
239	80.867	Running	0	0	1	0	0	0	459	459	-5672.400	-10099.700	1441.600	246.500	-539.990	-779.980	159.992	-156.500	0.000	0.000	18.000	1.000	12.200	0	745.900	0.000	0.000	0.000	-3700.000	-2820.020	3761.306	-963.391	-595.020	87	64	78	68	51	462.038	437.475	-68.492	18.000	-1.000	0	0	55
240	81.161	Running	0	0	1	0	0	0	459	459	-5672.400	-10099.700	1441.600	246.500	-539.990	-779.980	159.992	-156.500	0.000	0.000	18.000	1.000	12.200	0	745.900	0.000	0.000	0.000	-3700.000	-2820.020	3761.306	-963.391	-595.020	87	64	78	68	51	462.038	437.577	-68.492	18.000	-1.000	0	0	55
241	81.446	Running: path-reverse	0	1	1	0	0	0	459	455	-5673.400	-10099.900	1441.600	253.400	-639.990	-800.000	159.992	-163.400	1.020	101.984	18.000	1.000	12.200	0	747.000	1.100	101.984	0.000	-3700.000	-2820.020	3666.625	-935.098	-595.020	85	64	79	68	45	359.313	437.254	-129.098	-18.000	1.000	0	0	55
242	81.754	Obstacle hits: +1	0	0	1	0	1	60	450	450	-5673.400	-10099.900	1441.600	253.400	-639.990	-800.000	159.992	-163.400	0.000	0.000	-18.000	-1.000	12.200	0	747.000	0.000	0.000	0.000	-3700.000	-2820.020	3666.625	-1048.874	-595.020	85	64	77	68	51	457.387	437.336	-64.531	18.000	-1.000	1	0	56
243	82.148	Running	0	0	1	0	0	0	450	450	-5673.400	-10099.900	1441.600	253.400	-639.990	-800.000	159.992	-163.400	0.000	0.000	18.000	1.000	12.200	0	747.000	0.000	0.000	0.000	-3700.000	-2820.020	3666.625	-1048.874	-595.020	85	64	77	68	51	457.387	437.419	-64.531	18.000	-1.000	0	0	56
244	82.432	Running: path-reverse	0	1	1	0	0	0	450	447	-5674.400	-10100.200	1441.700	257.500	-739.990	-829.980	170.001	-167.500	1.049	104.876	18.000	1.000	9.900	0	748.000	1.000	104.397	0.000	-3700.000	-2820.020	3566.779	-999.298	-595.020	83	63	78	68	43	349.925	437.062	-135.202	-18.000	1.000	0	0	56
245	82.706	Running: path-reverse	0	1	1	0	0	0	450	447	-5674.400	-10100.200	1441.700	257.500	-739.990	-829.980	170.001	-167.500	0.000	0.000	-18.000	-1.000	9.900	0	748.000	0.000	0.000	0.000	-3700.000	-2820.020	3566.779	-999.298	-595.020	83	63	78	68	43	349.925	436.707	-135.202	-18.000	1.000	0	0	56
246	82.994	Running: path-reverse	0	1	1	0	0	0	450	447	-5674.400	-10100.200	1441.700	257.500	-739.990	-829.980	170.001	-167.500	0.000	0.000	-18.000	-1.000	9.900	0	748.000	0.000	0.000	0.000	-3700.000	-2820.020	3566.779	-999.298	-595.020	83	63	78	68	43	349.925	436.356	-135.202	-18.000	1.000	0	0	56
247	83.283	Obstacle hits: +1	0	0	1	0	1	69	472	472	-5675.200	-10100.300	1441.700	259.300	-820.020	-839.942	170.001	-169.300	0.806	80.647	-18.000	-1.000	8.100	0	748.800	0.800	80.647	0.000	-3700.000	-2820.020	3494.996	-1134.909	-495.020	81	63	75	70	51	467.040	436.480	-60.773	18.000	-1.000	1	0	57
248	83.580	Running	0	0	1	0	0	0	472	472	-5675.200	-10100.300	1441.700	259.300	-820.020	-839.942	170.001	-169.300	0.000	0.000	18.000	1.000	8.100	0	748.800	0.000	0.000	0.000	-3700.000	-2820.020	3494.996	-1134.909	-495.020	81	63	75	70	51	467.040	436.602	-60.773	18.000	-1.000	0	0	57
249	83.856	Running	0	0	1	0	0	0	472	472	-5675.200	-10100.300	1441.700	259.300	-820.020	-839.942	170.001	-169.300	0.000	0.000	18.000	1.000	8.100	0	748.800	0.000	0.000	0.000	-3700.000	-2820.020	3494.996	-1134.909	-495.020	81	63	75	70	51	467.040	436.724	-60.773	18.000	-1.000	0	0	57
250	84.127	Running	0	0	1	0	0	0	472	472	-5675.200	-10100.300	1441.700	259.300	-820.020	-839.942	170.001	-169.300	0.000	0.000	18.000	1.000	8.100	0	748.800	0.000	0.000	0.000	-3700.000	-2820.020	3494.996	-1134.909	-495.020	81	63	75	70	51	467.040	436.845	-60.773	18.000	-1.000	0	0	57
251	84.447	Running	0	0	1	0	0	0	472	472	-5675.700	-10100.500	1441.700	267.500	-870.020	-859.961	170.001	-177.500	0.539	53.859	18.000	1.000	4.800	0	749.500	0.700	53.859	0.000	-3700.000	-2820.020	3442.473	-1100.455	-495.020	80	63	75	70	48	431.605	436.824	-89.222	18.000	-1.000	0	0	57
252	84.736	Running	0	0	1	0	0	0	472	472	-5675.700	-10100.500	1441.700	267.500	-870.020	-859.961	170.001	-177.500	0.000	0.000	18.000	1.000	4.800	0	749.500	0.000	0.000	0.000	-3700.000	-2820.020	3442.473	-1100.455	-495.020	80	63	75	70	48	431.605	436.804	-89.222	18.000	-1.000	0	0	57
253	85.010	Running	0	0	1	0	0	0	472	472	-5675.700	-10100.500	1441.700	267.500	-870.020	-859.961	170.001	-177.500	0.000	0.000	18.000	1.000	4.800	0	749.500	0.000	0.000	0.000	-3700.000	-2820.020	3442.473	-1100.455	-495.020	80	63	75	70	48	431.605	436.783	-89.222	18.000	-1.000	0	0	57
254	85.312	Running	0	0	1	0	0	0	472	469	-5676.100	-10100.500	1441.700	274.900	-910.010	-859.961	170.001	175.100	0.400	39.990	18.000	1.000	3.000	0	749.900	0.400	39.990	0.000	-3700.000	-2820.020	3409.674	-1095.454	-495.020	79	63	76	70	45	409.355	436.675	-110.191	18.000	-1.000	0	0	57
255	85.599	Obstacle hits: +1	0	0	1	0	1	83	541	541	-5676.100	-10100.500	1441.700	274.900	-910.010	-859.961	170.001	175.100	0.000	0.000	18.000	1.000	3.000	0	749.900	0.000	0.000	0.000	-3700.000	-2820.020	3409.674	-975.000	-367.816	79	63	78	73	51	496.418	436.909	-71.317	18.000	-1.000	1	0	58
256	86.018	Running	0	0	1	0	0	0	541	541	-5676.100	-10100.500	1441.700	274.900	-910.010	-859.961	170.001	175.100	0.000	0.000	18.000	1.000	3.000	0	749.900	0.000	0.000	0.000	-3700.000	-2820.020	3409.674	-975.000	-367.816	79	63	78	73	51	496.418	437.140	-71.317	18.000	-1.000	0	0	58
257	86.303	Obstacle hits: +2	0	0	1	0	1	84	545	545	-5676.300	-10100.500	1441.700	278.300	-930.029	-859.961	170.001	171.700	0.200	20.020	18.000	1.000	1.300	0	750.100	0.200	20.020	0.000	-3700.000	-2820.020	3393.312	-925.000	-360.009	79	63	79	73	51	499.978	437.384	-82.787	18.000	-1.000	2	0	60
258	86.700	Running	0	0	1	0	0	0	545	545	-5676.300	-10100.500	1441.700	278.300	-930.029	-859.961	170.001	171.700	0.000	0.000	18.000	1.000	1.300	0	750.100	0.000	0.000	0.000	-3700.000	-2820.020	3393.312	-925.000	-360.009	79	63	79	73	51	499.978	437.626	-82.787	18.000	-1.000	0	0	60
259	87.148	Running	0	0	1	0	0	0	545	545	-5676.300	-10100.500	1441.700	278.300	-930.029	-859.961	170.001	171.700	0.000	0.000	18.000	1.000	1.300	0	750.100	0.000	0.000	0.000	-3700.000	-2820.020	3393.312	-925.000	-360.009	79	63	79	73	51	499.978	437.865	-82.787	18.000	-1.000	0	0	60
260	87.628	Obstacle hits: +1	0	0	1	0	1	84	546	546	-5676.400	-10100.601	1441.800	279.800	-939.990	-870.020	179.999	170.200	0.173	17.331	18.000	1.000	0.200	0	750.200	0.100	14.156	0.000	-3700.000	-2820.020	3379.372	-925.000	-370.428	79	63	79	72	51	499.817	438.103	-83.320	18.000	-1.000	1	0	61
261	88.055	Obstacle hits: +2	0	0	1	0	0	0	546	546	-5676.400	-10100.601	1441.800	279.800	-939.990	-870.020	179.999	170.200	0.000	0.000	18.000	1.000	0.200	0	750.200	0.000	0.000	0.000	-3700.000	-2820.020	3379.372	-925.000	-370.428	79	63	79	72	51	499.817	438.338	-83.320	18.000	-1.000	2	0	63
262	88.467	Obstacle hits: +2	0	0	1	0	1	0	0	546	-5676.400	-10100.601	1441.800	280.000	-939.990	-870.020	179.999	170.000	0.000	0.000	18.000	1.000	0.100	0	750.200	0.000	0.000	0.412	-3700.000	-2820.020	3379.372	-925.000	-370.428	79	63	79	72	51	499.817	438.572	-83.120	18.000	-1.000	2	0	65
263	88.871	Running	0	0	1	0	0	0	546	546	-5676.400	-10100.601	1441.800	280.000	-939.990	-870.020	179.999	170.000	0.000	0.000	18.000	1.000	0.100	0	750.200	0.000	0.000	0.816	-3700.000	-2820.020	3379.372	-925.000	-370.428	79	63	79	72	51	499.817	438.804	-83.120	18.000	-1.000	0	0	65
264	89.207	Running	0	0	1	0	0	0	546	546	-5676.400	-10100.601	1441.800	280.200	-939.990	-870.020	179.999	169.800	0.000	0.000	18.000	1.000	0.100	0	750.200	0.000	0.000	1.152	-3700.000	-2820.020	3379.372	-925.000	-370.428	79	63	79	72	51	499.817	439.034	-82.920	18.000	-1.000	0	0	65
265	89.497	Running	0	0	1	0	0	0	546	546	-5676.400	-10100.601	1441.800	280.200	-939.990	-870.020	179.999	169.800	0.000	0.000	18.000	1.000	0.100	0	750.200	0.000	0.000	1.442	-3700.000	-2820.020	3379.372	-925.000	-370.428	79	63	79	72	51	499.817	439.263	-82.920	18.000	-1.000	0	0	65
266	89.771	Running	0	0	1	0	0	0	546	546	-5676.400	-10100.601	1441.800	280.200	-939.990	-870.020	179.999	169.800	0.000	0.000	18.000	1.000	0.100	0	750.200	0.000	0.000	1.716	-3700.000	-2820.020	3379.372	-925.000	-370.428	79	63	79	72	51	499.817	439.490	-82.920	18.000	-1.000	0	0	65
267	90.061	Running	0	0	1	0	0	0	546	546	-5676.400	-10100.601	1441.800	280.200	-939.990	-870.020	179.999	169.800	0.000	0.000	18.000	1.000	0.100	0	750.200	0.000	0.000	2.006	-3700.000	-2820.020	3379.372	-925.000	-370.428	79	63	79	72	51	499.817	439.715	-82.920	18.000	-1.000	0	0	65
268	90.347	Obstacle hits: +1	0	0	1	0	1	0	0	546	-5676.400	-10100.601	1441.700	280.500	-939.990	-870.020	170.001	169.500	0.100	9.998	18.000	1.000	0.100	0	750.200	0.000	0.000	2.292	-3700.000	-2820.020	3379.372	-925.000	-370.428	79	63	79	72	51	499.817	439.938	-82.620	18.000	-1.000	1	0	66
269	90.665	Running	0	0	1	0	0	0	546	546	-5676.400	-10100.601	1441.700	280.500	-939.990	-870.020	170.001	169.500	0.000	0.000	18.000	1.000	0.100	0	750.200	0.000	0.000	2.610	-3700.000	-2820.020	3379.372	-925.000	-370.428	79	63	79	72	51	499.817	440.160	-82.620	18.000	-1.000	0	0	66
270	90.959	Running	0	0	1	0	0	0	546	546	-5676.400	-10100.601	1441.700	280.500	-939.990	-870.020	170.001	169.500	0.000	0.000	18.000	1.000	0.100	0	750.200	0.000	0.000	2.904	-3700.000	-2820.020	3379.372	-925.000	-370.428	79	63	79	72	51	499.817	440.380	-82.620	18.000	-1.000	0	0	66
271	91.303	Running	0	0	1	0	0	0	546	546	-5676.400	-10100.601	1441.800	280.800	-939.990	-870.020	179.999	169.200	0.100	9.998	18.000	1.000	0.100	0	750.200	0.000	0.000	3.248	-3700.000	-2820.020	3379.372	-925.000	-370.428	79	63	79	72	51	499.817	440.599	-82.320	18.000	-1.000	0	0	66
272	91.583	Running	0	0	1	0	0	0	546	546	-5676.400	-10100.601	1441.800	280.800	-939.990	-870.020	179.999	169.200	0.000	0.000	18.000	1.000	0.100	0	750.200	0.000	0.000	3.528	-3700.000	-2820.020	3379.372	-925.000	-370.428	79	63	79	72	51	499.817	440.816	-82.320	18.000	-1.000	0	0	66
273	91.884	Running	0	0	1	0	0	0	546	546	-5676.400	-10100.601	1441.800	280.800	-939.990	-870.020	179.999	169.200	0.000	0.000	18.000	1.000	0.100	0	750.200	0.000	0.000	3.829	-3700.000	-2820.020	3379.372	-925.000	-370.428	79	63	79	72	51	499.817	441.031	-82.320	18.000	-1.000	0	0	66
274	92.177	Running	0	0	1	0	0	0	546	546	-5676.400	-10100.601	1441.800	280.800	-939.990	-870.020	179.999	169.200	0.000	0.000	18.000	1.000	0.100	0	750.200	0.000	0.000	4.122	-3700.000	-2820.020	3379.372	-925.000	-370.428	79	63	79	72	51	499.817	441.245	-82.320	18.000	-1.000	0	0	66
275	92.461	Running	0	0	1	0	0	0	546	547	-5676.500	-10100.601	1441.800	280.900	-950.000	-870.020	179.999	169.100	0.100	10.010	18.000	1.000	0.100	0	750.300	0.100	10.010	0.000	-3700.000	-2820.020	3371.202	-925.000	-380.438	79	63	79	72	51	490.220	441.422	-87.387	18.000	-1.000	0	0	66
276	92.795	Running	0	0	1	0	0	0	546	547	-5676.500	-10100.601	1441.800	280.900	-950.000	-870.020	179.999	169.100	0.000	0.000	18.000	1.000	0.100	0	750.300	0.000	0.000	0.334	-3700.000	-2820.020	3371.202	-925.000	-380.438	79	63	79	72	51	490.220	441.598	-87.387	18.000	-1.000	0	0	66
277	93.077	Running	0	0	1	0	0	0	546	547	-5676.500	-10100.601	1441.800	280.900	-950.000	-870.020	179.999	169.100	0.000	0.000	18.000	1.000	0.100	0	750.300	0.000	0.000	0.616	-3700.000	-2820.020	3371.202	-925.000	-380.438	79	63	79	72	51	490.220	441.773	-87.387	18.000	-1.000	0	0	66
278	93.409	Running	0	0	1	0	0	0	546	547	-5676.500	-10100.601	1441.700	281.200	-950.000	-870.020	170.001	168.800	0.100	9.998	18.000	1.000	0.100	0	750.300	0.000	0.000	0.948	-3700.000	-2820.020	3371.202	-925.000	-380.438	79	63	79	72	51	490.220	441.947	-87.087	18.000	-1.000	0	0	66
279	93.683	Running	0	0	1	0	0	0	546	547	-5676.500	-10100.601	1441.700	281.200	-950.000	-870.020	170.001	168.800	0.000	0.000	18.000	1.000	0.100	0	750.300	0.000	0.000	1.222	-3700.000	-2820.020	3371.202	-925.000	-380.438	79	63	79	72	51	490.220	442.119	-87.087	18.000	-1.000	0	0	66
280	93.956	Running	0	0	1	0	0	0	546	547	-5676.500	-10100.601	1441.700	281.200	-950.000	-870.020	170.001	168.800	0.000	0.000	18.000	1.000	0.100	0	750.300	0.000	0.000	1.495	-3700.000	-2820.020	3371.202	-925.000	-380.438	79	63	79	72	51	490.220	442.290	-87.087	18.000	-1.000	0	0	66
281	94.360	Running	0	0	1	0	0	0	546	547	-5676.500	-10100.601	1441.700	281.400	-950.000	-870.020	170.001	168.600	0.000	0.000	18.000	1.000	0.100	0	750.300	0.000	0.000	1.899	-3700.000	-2820.020	3371.202	-925.000	-380.438	79	63	79	72	51	490.220	442.460	-86.887	18.000	-1.000	0	0	66
282	94.683	Running	0	0	1	0	0	0	546	547	-5676.500	-10100.601	1441.700	281.400	-950.000	-870.020	170.001	168.600	0.000	0.000	18.000	1.000	0.100	0	750.300	0.000	0.000	2.222	-3700.000	-2820.020	3371.202	-925.000	-380.438	79	63	79	72	51	490.220	442.629	-86.887	18.000	-1.000	0	0	66
283	94.965	Running	0	0	1	0	0	0	546	547	-5676.500	-10100.601	1441.700	281.400	-950.000	-870.020	170.001	168.600	0.000	0.000	18.000	1.000	0.100	0	750.300	0.000	0.000	2.505	-3700.000	-2820.020	3371.202	-925.000	-380.438	79	63	79	72	51	490.220	442.797	-86.887	18.000	-1.000	0	0	66
284	95.266	Running	0	0	1	0	0	0	546	547	-5676.500	-10100.601	1441.700	281.400	-950.000	-870.020	170.001	168.600	0.000	0.000	18.000	1.000	0.100	0	750.300	0.000	0.000	2.805	-3700.000	-2820.020	3371.202	-925.000	-380.438	79	63	79	72	51	490.220	442.963	-86.887	18.000	-1.000	0	0	66
285	95.554	Obstacle hits: +1	0	0	1	0	1	0	0	547	-5676.500	-10100.601	1441.800	281.600	-950.000	-870.020	179.999	168.400	0.100	9.998	18.000	1.000	0.100	0	750.300	0.000	0.000	3.093	-3700.000	-2820.020	3371.202	-925.000	-380.438	79	63	79	72	51	490.220	443.128	-86.687	18.000	-1.000	1	0	67
286	95.895	Running	0	0	1	0	0	0	546	547	-5676.500	-10100.601	1441.800	281.600	-950.000	-870.020	179.999	168.400	0.000	0.000	18.000	1.000	0.100	0	750.300	0.000	0.000	3.434	-3700.000	-2820.020	3371.202	-925.000	-380.438	79	63	79	72	51	490.220	443.292	-86.687	18.000	-1.000	0	0	67
287	96.252	Running	0	0	1	0	0	0	546	547	-5676.500	-10100.601	1441.800	281.800	-950.000	-870.020	179.999	168.200	0.000	0.000	18.000	1.000	0.100	0	750.300	0.000	0.000	3.791	-3700.000	-2820.020	3371.202	-925.000	-380.438	79	63	79	72	51	490.220	443.455	-86.487	18.000	-1.000	0	0	67
288	96.548	Running	0	0	1	0	0	0	546	547	-5676.500	-10100.601	1441.800	281.800	-950.000	-870.020	179.999	168.200	0.000	0.000	18.000	1.000	0.100	0	750.300	0.000	0.000	4.087	-3700.000	-2820.020	3371.202	-925.000	-380.438	79	63	79	72	51	490.220	443.617	-86.487	18.000	-1.000	0	0	67
289	96.842	Running	0	0	1	0	0	0	546	547	-5676.500	-10100.601	1441.800	281.800	-950.000	-870.020	179.999	168.200	0.000	0.000	18.000	1.000	0.100	0	750.300	0.000	0.000	4.381	-3700.000	-2820.020	3371.202	-925.000	-380.438	79	63	79	72	51	490.220	443.778	-86.487	18.000	-1.000	0	0	67
290	97.126	Running	0	0	1	0	0	0	546	547	-5676.500	-10100.601	1441.800	281.800	-950.000	-870.020	179.999	168.200	0.000	0.000	18.000	1.000	0.100	0	750.300	0.000	0.000	4.665	-3700.000	-2820.020	3371.202	-925.000	-380.438	79	63	79	72	51	490.220	443.937	-86.487	18.000	-1.000	0	0	67
291	97.431	Running	0	0	1	0	0	0	546	547	-5676.500	-10100.601	1441.800	281.900	-950.000	-870.020	179.999	168.100	0.000	0.000	18.000	1.000	0.100	0	750.300	0.000	0.000	4.970	-3700.000	-2820.020	3371.202	-925.000	-380.438	79	63	79	72	51	490.220	444.096	-86.387	18.000	-1.000	0	0	67
292	97.745	Running	0	0	1	0	0	0	546	547	-5676.500	-10100.601	1441.800	281.900	-950.000	-870.020	179.999	168.100	0.000	0.000	18.000	1.000	0.100	0	750.300	0.000	0.000	5.285	-3700.000	-2820.020	3371.202	-925.000	-380.438	79	63	79	72	51	490.220	444.253	-86.387	18.000	-1.000	0	0	67
293	98.024	Running	0	0	1	0	0	0	546	547	-5676.500	-10100.601	1441.800	281.900	-950.000	-870.020	179.999	168.100	0.000	0.000	18.000	1.000	0.100	0	750.300	0.000	0.000	5.563	-3700.000	-2820.020	3371.202	-925.000	-380.438	79	63	79	72	51	490.220	444.410	-86.387	18.000	-1.000	0	0	67
294	98.319	Obstacle hits: +1	0	0	1	0	1	0	0	547	-5676.500	-10100.601	1441.800	282.000	-950.000	-870.020	179.999	168.000	0.000	0.000	18.000	1.000	0.100	0	750.300	0.000	0.000	5.858	-3700.000	-2820.020	3371.202	-925.000	-380.438	79	63	79	72	51	490.220	444.565	-86.287	18.000	-1.000	1	0	68
