timestep,x_cm,y_cm,z_cm,yaw_deg,basis_xx,basis_xy,basis_xz,basis_yx,basis_yy,basis_yz,basis_zx,basis_zy,basis_zz,teleport_flag
0,300.000000,1179.980400,39.996400,-89.800003,0.003491,0.999994,0.000000,-0.999994,0.003491,0.000000,0.000000,0.000000,1.000000,0
1,300.000000,1179.980400,39.996400,-89.800003,0.003491,0.999994,0.000000,-0.999994,0.003491,0.000000,0.000000,0.000000,1.000000,0
2,300.000000,1179.980400,39.996400,-89.800003,0.003491,0.999994,0.000000,-0.999994,0.003491,0.000000,0.000000,0.000000,1.000000,0
3,300.000000,1179.980400,39.996400,-89.800003,0.003491,0.999994,0.000000,-0.999994,0.003491,0.000000,0.000000,0.000000,1.000000,0
4,300.000000,1179.980400,39.996400,-89.800003,0.003491,0.999994,0.000000,-0.999994,0.003491,0.000000,0.000000,0.000000,1.000000,0
5,300.000000,1179.980400,39.996400,-89.900009,0.001745,0.999998,0.000000,-0.999998,0.001745,0.000000,0.000000,0.000000,1.000000,0
6,300.000000,1179.980400,39.996400,-89.900009,0.001745,0.999998,0.000000,-0.999998,0.001745,0.000000,0.000000,0.000000,1.000000,0
7,300.000000,1179.980400,39.996400,-89.900009,0.001745,0.999998,0.000000,-0.999998,0.001745,0.000000,0.000000,0.000000,1.000000,0
8,300.000000,1179.980400,39.996400,-89.900009,0.001745,0.999998,0.000000,-0.999998,0.001745,0.000000,0.000000,0.000000,1.000000,0
9,300.000000,1179.980400,39.996400,-90.400009,-0.006981,0.999976,0.000000,-0.999976,-0.006981,0.000000,0.000000,0.000000,1.000000,0
10,300.000000,1179.980400,39.996400,-90.400009,-0.006981,0.999976,0.000000,-0.999976,-0.006981,0.000000,0.000000,0.000000,1.000000,0
11,300.000000,1179.980400,39.996400,-90.400009,-0.006981,0.999976,0.000000,-0.999976,-0.006981,0.000000,0.000000,0.000000,1.000000,0
12,300.000000,1170.019500,39.996400,-91.199997,-0.020942,0.999781,0.000000,-0.999781,-0.020942,0.000000,0.000000,0.000000,1.000000,0
13,300.000000,1170.019500,39.996400,-91.199997,-0.020942,0.999781,0.000000,-0.999781,-0.020942,0.000000,0.000000,0.000000,1.000000,0
14,300.000000,1170.019500,39.996400,-91.199997,-0.020942,0.999781,0.000000,-0.999781,-0.020942,0.000000,0.000000,0.000000,1.000000,0
15,300.000000,1170.019500,39.996400,-91.199997,-0.020942,0.999781,0.000000,-0.999781,-0.020942,0.000000,0.000000,0.000000,1.000000,0
16,300.000000,1160.058500,39.996400,-92.400009,-0.041876,0.999123,0.000000,-0.999123,-0.041876,0.000000,0.000000,0.000000,1.000000,0
17,300.000000,1160.058500,39.996400,-92.400009,-0.041876,0.999123,0.000000,-0.999123,-0.041876,0.000000,0.000000,0.000000,1.000000,0
18,300.000000,1160.058500,39.996400,-92.400009,-0.041876,0.999123,0.000000,-0.999123,-0.041876,0.000000,0.000000,0.000000,1.000000,0
19,289.990200,1149.999900,39.996400,-93.800003,-0.066274,0.997801,0.000000,-0.997801,-0.066274,0.000000,0.000000,0.000000,1.000000,0
20,289.990200,1149.999900,39.996400,-93.800003,-0.066274,0.997801,0.000000,-0.997801,-0.066274,0.000000,0.000000,0.000000,1.000000,0
21,289.990200,1149.999900,39.996400,-93.800003,-0.066274,0.997801,0.000000,-0.997801,-0.066274,0.000000,0.000000,0.000000,1.000000,0
22,289.990200,1140.039000,49.994000,-95.600006,-0.097583,0.995227,0.000000,-0.995227,-0.097583,0.000000,0.000000,0.000000,1.000000,0
23,289.990200,1140.039000,49.994000,-95.600006,-0.097583,0.995227,0.000000,-0.995227,-0.097583,0.000000,0.000000,0.000000,1.000000,0
24,289.990200,1140.039000,49.994000,-95.600006,-0.097583,0.995227,0.000000,-0.995227,-0.097583,0.000000,0.000000,0.000000,1.000000,0
25,289.990200,1140.039000,49.994000,-95.600006,-0.097583,0.995227,0.000000,-0.995227,-0.097583,0.000000,0.000000,0.000000,1.000000,0
26,279.980500,1129.980400,49.994000,-97.500000,-0.130526,0.991445,0.000000,-0.991445,-0.130526,0.000000,0.000000,0.000000,1.000000,0
27,279.980500,1129.980400,49.994000,-97.500000,-0.130526,0.991445,0.000000,-0.991445,-0.130526,0.000000,0.000000,0.000000,1.000000,0
28,279.980500,1129.980400,49.994000,-97.500000,-0.130526,0.991445,0.000000,-0.991445,-0.130526,0.000000,0.000000,0.000000,1.000000,0
29,279.980500,1129.980400,49.994000,-97.500000,-0.130526,0.991445,0.000000,-0.991445,-0.130526,0.000000,0.000000,0.000000,1.000000,0
30,269.970700,1110.058500,49.994000,-100.100006,-0.175367,0.984503,0.000000,-0.984503,-0.175367,0.000000,0.000000,0.000000,1.000000,0
31,269.970700,1110.058500,49.994000,-100.100006,-0.175367,0.984503,0.000000,-0.984503,-0.175367,0.000000,0.000000,0.000000,1.000000,0
32,269.970700,1110.058500,49.994000,-100.100006,-0.175367,0.984503,0.000000,-0.984503,-0.175367,0.000000,0.000000,0.000000,1.000000,0
33,260.009800,1090.039000,49.994000,-102.900009,-0.223250,0.974761,0.000000,-0.974761,-0.223250,0.000000,0.000000,0.000000,1.000000,0
34,260.009800,1090.039000,49.994000,-102.900009,-0.223250,0.974761,0.000000,-0.974761,-0.223250,0.000000,0.000000,0.000000,1.000000,0
35,260.009800,1090.039000,49.994000,-102.900009,-0.223250,0.974761,0.000000,-0.974761,-0.223250,0.000000,0.000000,0.000000,1.000000,0
36,250.000000,1070.019500,49.994000,-105.900009,-0.273959,0.961741,0.000000,-0.961741,-0.273959,0.000000,0.000000,0.000000,1.000000,0
37,250.000000,1070.019500,49.994000,-105.900009,-0.273959,0.961741,0.000000,-0.961741,-0.273959,0.000000,0.000000,0.000000,1.000000,0
38,250.000000,1070.019500,49.994000,-105.900009,-0.273959,0.961741,0.000000,-0.961741,-0.273959,0.000000,0.000000,0.000000,1.000000,0
39,229.980500,1040.039000,49.994000,-109.500000,-0.333807,0.942641,0.000000,-0.942641,-0.333807,0.000000,0.000000,0.000000,1.000000,0
40,229.980500,1040.039000,49.994000,-109.500000,-0.333807,0.942641,0.000000,-0.942641,-0.333807,0.000000,0.000000,0.000000,1.000000,0
41,229.980500,1040.039000,49.994000,-109.500000,-0.333807,0.942641,0.000000,-0.942641,-0.333807,0.000000,0.000000,0.000000,1.000000,0
42,210.009800,1020.019500,49.994000,-112.699997,-0.385906,0.922538,0.000000,-0.922538,-0.385906,0.000000,0.000000,0.000000,1.000000,0
43,210.009800,1020.019500,49.994000,-112.699997,-0.385906,0.922538,0.000000,-0.922538,-0.385906,0.000000,0.000000,0.000000,1.000000,0
44,210.009800,1020.019500,49.994000,-112.699997,-0.385906,0.922538,0.000000,-0.922538,-0.385906,0.000000,0.000000,0.000000,1.000000,0
45,189.990200,990.039000,59.991600,-115.699997,-0.433659,0.901077,0.000000,-0.901077,-0.433659,0.000000,0.000000,0.000000,1.000000,0
46,189.990200,990.039000,59.991600,-115.699997,-0.433659,0.901077,0.000000,-0.901077,-0.433659,0.000000,0.000000,0.000000,1.000000,0
47,189.990200,990.039000,59.991600,-115.699997,-0.433659,0.901077,0.000000,-0.901077,-0.433659,0.000000,0.000000,0.000000,1.000000,0
48,189.990200,990.039000,59.991600,-115.699997,-0.433659,0.901077,0.000000,-0.901077,-0.433659,0.000000,0.000000,0.000000,1.000000,0
49,169.970700,960.058500,59.991600,-118.600006,-0.478692,0.877983,0.000000,-0.877983,-0.478692,0.000000,0.000000,0.000000,1.000000,0
50,169.970700,960.058500,59.991600,-118.600006,-0.478692,0.877983,0.000000,-0.877983,-0.478692,0.000000,0.000000,0.000000,1.000000,0
51,169.970700,960.058500,59.991600,-118.600006,-0.478692,0.877983,0.000000,-0.877983,-0.478692,0.000000,0.000000,0.000000,1.000000,0
52,139.990200,929.980400,59.991600,-121.100006,-0.516533,0.856267,0.000000,-0.856267,-0.516533,0.000000,0.000000,0.000000,1.000000,0
53,139.990200,929.980400,59.991600,-121.100006,-0.516533,0.856267,0.000000,-0.856267,-0.516533,0.000000,0.000000,0.000000,1.000000,0
54,139.990200,929.980400,59.991600,-121.100006,-0.516533,0.856267,0.000000,-0.856267,-0.516533,0.000000,0.000000,0.000000,1.000000,0
55,110.009800,890.039000,59.991600,-123.500000,-0.551937,0.833886,0.000000,-0.833886,-0.551937,0.000000,0.000000,0.000000,1.000000,0
56,110.009800,890.039000,59.991600,-123.500000,-0.551937,0.833886,0.000000,-0.833886,-0.551937,0.000000,0.000000,0.000000,1.000000,0
57,110.009800,890.039000,59.991600,-123.500000,-0.551937,0.833886,0.000000,-0.833886,-0.551937,0.000000,0.000000,0.000000,1.000000,0
58,79.980500,860.058500,70.001300,-125.600006,-0.582123,0.813101,0.000000,-0.813101,-0.582123,0.000000,0.000000,0.000000,1.000000,0
59,79.980500,860.058500,70.001300,-125.600006,-0.582123,0.813101,0.000000,-0.813101,-0.582123,0.000000,0.000000,0.000000,1.000000,0
60,79.980500,860.058500,70.001300,-125.600006,-0.582123,0.813101,0.000000,-0.813101,-0.582123,0.000000,0.000000,0.000000,1.000000,0
61,79.980500,860.058500,70.001300,-125.600006,-0.582123,0.813101,0.000000,-0.813101,-0.582123,0.000000,0.000000,0.000000,1.000000,0
62,39.990200,810.058500,70.001300,-128.000000,-0.615662,0.788011,0.000000,-0.788011,-0.615662,0.000000,0.000000,0.000000,1.000000,0
63,39.990200,810.058500,70.001300,-128.000000,-0.615662,0.788011,0.000000,-0.788011,-0.615662,0.000000,0.000000,0.000000,1.000000,0
64,39.990200,810.058500,70.001300,-128.000000,-0.615662,0.788011,0.000000,-0.788011,-0.615662,0.000000,0.000000,0.000000,1.000000,0
65,0.000000,770.019500,70.001300,-129.900009,-0.641450,0.767165,0.000000,-0.767165,-0.641450,0.000000,0.000000,0.000000,1.000000,0
66,0.000000,770.019500,70.001300,-129.900009,-0.641450,0.767165,0.000000,-0.767165,-0.641450,0.000000,0.000000,0.000000,1.000000,0
67,0.000000,770.019500,70.001300,-129.900009,-0.641450,0.767165,0.000000,-0.767165,-0.641450,0.000000,0.000000,0.000000,1.000000,0
68,-39.990200,720.019500,79.998900,-131.699997,-0.665230,0.746638,0.000000,-0.746638,-0.665230,0.000000,0.000000,0.000000,1.000000,0
69,-39.990200,720.019500,79.998900,-131.699997,-0.665230,0.746638,0.000000,-0.746638,-0.665230,0.000000,0.000000,0.000000,1.000000,0
70,-39.990200,720.019500,79.998900,-131.699997,-0.665230,0.746638,0.000000,-0.746638,-0.665230,0.000000,0.000000,0.000000,1.000000,0
71,-30.029300,710.058500,79.998900,-140.500000,-0.771625,0.636078,0.000000,-0.636078,-0.771625,0.000000,0.000000,0.000000,1.000000,0
72,-30.029300,710.058500,79.998900,-140.500000,-0.771625,0.636078,0.000000,-0.636078,-0.771625,0.000000,0.000000,0.000000,1.000000,0
73,-30.029300,710.058500,79.998900,-140.500000,-0.771625,0.636078,0.000000,-0.636078,-0.771625,0.000000,0.000000,0.000000,1.000000,0
74,-30.029300,699.999900,79.998900,-140.199997,-0.768283,0.640110,0.000000,-0.640110,-0.768283,0.000000,0.000000,0.000000,1.000000,0
75,-30.029300,699.999900,79.998900,-140.199997,-0.768283,0.640110,0.000000,-0.640110,-0.768283,0.000000,0.000000,0.000000,1.000000,0
76,-30.029300,699.999900,79.998900,-140.199997,-0.768283,0.640110,0.000000,-0.640110,-0.768283,0.000000,0.000000,0.000000,1.000000,0
77,-30.029300,699.999900,79.998900,-140.199997,-0.768283,0.640110,0.000000,-0.640110,-0.768283,0.000000,0.000000,0.000000,1.000000,0
78,-30.029300,699.999900,79.998900,-140.100006,-0.767165,0.641450,0.000000,-0.641450,-0.767165,0.000000,0.000000,0.000000,1.000000,0
79,-30.029300,699.999900,79.998900,-140.100006,-0.767165,0.641450,0.000000,-0.641450,-0.767165,0.000000,0.000000,0.000000,1.000000,0
80,-30.029300,699.999900,79.998900,-140.100006,-0.767165,0.641450,0.000000,-0.641450,-0.767165,0.000000,0.000000,0.000000,1.000000,0
81,-30.029300,699.999900,79.998900,-140.000000,-0.766044,0.642788,0.000000,-0.642788,-0.766044,0.000000,0.000000,0.000000,1.000000,0
82,-30.029300,699.999900,79.998900,-140.000000,-0.766044,0.642788,0.000000,-0.642788,-0.766044,0.000000,0.000000,0.000000,1.000000,0
83,-30.029300,699.999900,79.998900,-140.000000,-0.766044,0.642788,0.000000,-0.642788,-0.766044,0.000000,0.000000,0.000000,1.000000,0
84,-30.029300,699.999900,79.998900,-139.900009,-0.764921,0.644123,0.000000,-0.644123,-0.764921,0.000000,0.000000,0.000000,1.000000,0
85,-30.029300,699.999900,79.998900,-139.900009,-0.764921,0.644123,0.000000,-0.644123,-0.764921,0.000000,0.000000,0.000000,1.000000,0
86,-30.029300,699.999900,79.998900,-139.900009,-0.764921,0.644123,0.000000,-0.644123,-0.764921,0.000000,0.000000,0.000000,1.000000,0
87,-39.990200,699.999900,79.998900,-139.699997,-0.762668,0.646790,0.000000,-0.646790,-0.762668,0.000000,0.000000,0.000000,1.000000,0
88,-39.990200,699.999900,79.998900,-139.699997,-0.762668,0.646790,0.000000,-0.646790,-0.762668,0.000000,0.000000,0.000000,1.000000,0
89,-39.990200,699.999900,79.998900,-139.699997,-0.762668,0.646790,0.000000,-0.646790,-0.762668,0.000000,0.000000,0.000000,1.000000,0
90,-39.990200,699.999900,79.998900,-139.600006,-0.761538,0.648120,0.000000,-0.648120,-0.761538,0.000000,0.000000,0.000000,1.000000,0
91,-39.990200,699.999900,79.998900,-139.600006,-0.761538,0.648120,0.000000,-0.648120,-0.761538,0.000000,0.000000,0.000000,1.000000,0
92,-39.990200,699.999900,79.998900,-139.600006,-0.761538,0.648120,0.000000,-0.648120,-0.761538,0.000000,0.000000,0.000000,1.000000,0
93,-39.990200,699.999900,79.998900,-139.500000,-0.760406,0.649448,0.000000,-0.649448,-0.760406,0.000000,0.000000,0.000000,1.000000,0
94,-39.990200,699.999900,79.998900,-139.500000,-0.760406,0.649448,0.000000,-0.649448,-0.760406,0.000000,0.000000,0.000000,1.000000,0
95,-39.990200,699.999900,79.998900,-139.500000,-0.760406,0.649448,0.000000,-0.649448,-0.760406,0.000000,0.000000,0.000000,1.000000,0
96,-39.990200,699.999900,79.998900,-139.400009,-0.759271,0.650774,0.000000,-0.650774,-0.759271,0.000000,0.000000,0.000000,1.000000,0
97,-39.990200,699.999900,79.998900,-139.400009,-0.759271,0.650774,0.000000,-0.650774,-0.759271,0.000000,0.000000,0.000000,1.000000,0
98,-39.990200,699.999900,79.998900,-139.400009,-0.759271,0.650774,0.000000,-0.650774,-0.759271,0.000000,0.000000,0.000000,1.000000,0
99,-39.990200,699.999900,79.998900,-139.400009,-0.759271,0.650774,0.000000,-0.650774,-0.759271,0.000000,0.000000,0.000000,1.000000,0
100,-39.990200,699.999900,79.998900,-139.300003,-0.758134,0.652098,0.000000,-0.652098,-0.758134,0.000000,0.000000,0.000000,1.000000,0
101,-39.990200,699.999900,79.998900,-139.300003,-0.758134,0.652098,0.000000,-0.652098,-0.758134,0.000000,0.000000,0.000000,1.000000,0
102,-39.990200,699.999900,79.998900,-139.300003,-0.758134,0.652098,0.000000,-0.652098,-0.758134,0.000000,0.000000,0.000000,1.000000,0
103,-20.019500,710.058500,79.998900,-139.199997,-0.756995,0.653421,0.000000,-0.653421,-0.756995,0.000000,0.000000,0.000000,1.000000,0
104,-20.019500,710.058500,79.998900,-139.199997,-0.756995,0.653421,0.000000,-0.653421,-0.756995,0.000000,0.000000,0.000000,1.000000,0
105,-20.019500,710.058500,79.998900,-139.199997,-0.756995,0.653421,0.000000,-0.653421,-0.756995,0.000000,0.000000,0.000000,1.000000,0
106,10.009800,740.039000,79.998900,-138.699997,-0.751264,0.660002,0.000000,-0.660002,-0.751264,0.000000,0.000000,0.000000,1.000000,0
107,10.009800,740.039000,79.998900,-138.699997,-0.751264,0.660002,0.000000,-0.660002,-0.751264,0.000000,0.000000,0.000000,1.000000,0
108,10.009800,740.039000,79.998900,-138.699997,-0.751264,0.660002,0.000000,-0.660002,-0.751264,0.000000,0.000000,0.000000,1.000000,0
109,39.990200,770.019500,70.001300,-138.699997,-0.751264,0.660002,0.000000,-0.660002,-0.751264,0.000000,0.000000,0.000000,1.000000,0
110,39.990200,770.019500,70.001300,-138.699997,-0.751264,0.660002,0.000000,-0.660002,-0.751264,0.000000,0.000000,0.000000,1.000000,0
111,89.990200,810.058500,70.001300,-138.600006,-0.750111,0.661312,0.000000,-0.661312,-0.750111,0.000000,0.000000,0.000000,1.000000,0
112,89.990200,810.058500,70.001300,-138.600006,-0.750111,0.661312,0.000000,-0.661312,-0.750111,0.000000,0.000000,0.000000,1.000000,0
113,89.990200,810.058500,70.001300,-138.600006,-0.750111,0.661312,0.000000,-0.661312,-0.750111,0.000000,0.000000,0.000000,1.000000,0
114,150.000000,860.058500,59.991600,-137.500000,-0.737277,0.675590,0.000000,-0.675590,-0.737277,0.000000,0.000000,0.000000,1.000000,0
115,150.000000,860.058500,59.991600,-137.500000,-0.737277,0.675590,0.000000,-0.675590,-0.737277,0.000000,0.000000,0.000000,1.000000,0
116,150.000000,860.058500,59.991600,-137.500000,-0.737277,0.675590,0.000000,-0.675590,-0.737277,0.000000,0.000000,0.000000,1.000000,0
117,150.000000,860.058500,59.991600,-137.500000,-0.737277,0.675590,0.000000,-0.675590,-0.737277,0.000000,0.000000,0.000000,1.000000,0
118,229.980500,929.980400,59.991600,-135.900009,-0.718126,0.695913,0.000000,-0.695913,-0.718126,0.000000,0.000000,0.000000,1.000000,0
119,229.980500,929.980400,59.991600,-135.900009,-0.718126,0.695913,0.000000,-0.695913,-0.718126,0.000000,0.000000,0.000000,1.000000,0
120,310.009800,999.999900,49.994000,-134.300003,-0.698415,0.715693,0.000000,-0.715693,-0.698415,0.000000,0.000000,0.000000,1.000000,0
121,310.009800,999.999900,49.994000,-134.300003,-0.698415,0.715693,0.000000,-0.715693,-0.698415,0.000000,0.000000,0.000000,1.000000,0
122,589.990200,1290.039000,29.998900,-128.100006,-0.617036,0.786935,0.000000,-0.786935,-0.617036,0.000000,0.000000,0.000000,1.000000,0
123,589.990200,1299.999900,29.998900,-128.000000,-0.615662,0.788011,0.000000,-0.788011,-0.615662,0.000000,0.000000,0.000000,1.000000,0
124,589.990200,1299.999900,29.998900,-128.000000,-0.615662,0.788011,0.000000,-0.788011,-0.615662,0.000000,0.000000,0.000000,1.000000,0
125,589.990200,1299.999900,29.998900,-128.000000,-0.615662,0.788011,0.000000,-0.788011,-0.615662,0.000000,0.000000,0.000000,1.000000,0
126,600.000000,1299.999900,29.998900,-127.699997,-0.611527,0.791224,0.000000,-0.791224,-0.611527,0.000000,0.000000,0.000000,1.000000,0
127,600.000000,1299.999900,29.998900,-127.699997,-0.611527,0.791224,0.000000,-0.791224,-0.611527,0.000000,0.000000,0.000000,1.000000,0
128,600.000000,1299.999900,29.998900,-127.699997,-0.611527,0.791224,0.000000,-0.791224,-0.611527,0.000000,0.000000,0.000000,1.000000,0
129,600.000000,1299.999900,29.998900,-127.699997,-0.611527,0.791224,0.000000,-0.791224,-0.611527,0.000000,0.000000,0.000000,1.000000,0
130,589.990200,1290.039000,29.998900,-127.600006,-0.610145,0.792290,0.000000,-0.792290,-0.610145,0.000000,0.000000,0.000000,1.000000,0
131,589.990200,1290.039000,29.998900,-127.600006,-0.610145,0.792290,0.000000,-0.792290,-0.610145,0.000000,0.000000,0.000000,1.000000,0
132,589.990200,1290.039000,29.998900,-127.600006,-0.610145,0.792290,0.000000,-0.792290,-0.610145,0.000000,0.000000,0.000000,1.000000,0
133,589.990200,1290.039000,29.998900,-127.400009,-0.607376,0.794415,0.000000,-0.794415,-0.607376,0.000000,0.000000,0.000000,1.000000,0
134,589.990200,1290.039000,29.998900,-127.400009,-0.607376,0.794415,0.000000,-0.794415,-0.607376,0.000000,0.000000,0.000000,1.000000,0
135,589.990200,1290.039000,29.998900,-127.400009,-0.607376,0.794415,0.000000,-0.794415,-0.607376,0.000000,0.000000,0.000000,1.000000,0
136,589.990200,1279.980400,29.998900,-127.000000,-0.601815,0.798635,0.000000,-0.798635,-0.601815,0.000000,0.000000,0.000000,1.000000,0
137,589.990200,1279.980400,29.998900,-127.000000,-0.601815,0.798635,0.000000,-0.798635,-0.601815,0.000000,0.000000,0.000000,1.000000,0
138,589.990200,1279.980400,29.998900,-127.000000,-0.601815,0.798635,0.000000,-0.798635,-0.601815,0.000000,0.000000,0.000000,1.000000,0
139,579.980500,1270.019500,29.998900,-126.400009,-0.593419,0.804894,0.000000,-0.804894,-0.593419,0.000000,0.000000,0.000000,1.000000,0
140,579.980500,1270.019500,29.998900,-126.400009,-0.593419,0.804894,0.000000,-0.804894,-0.593419,0.000000,0.000000,0.000000,1.000000,0
141,579.980500,1270.019500,29.998900,-126.400009,-0.593419,0.804894,0.000000,-0.804894,-0.593419,0.000000,0.000000,0.000000,1.000000,0
142,569.970700,1249.999900,29.998900,-125.699997,-0.583541,0.812084,0.000000,-0.812084,-0.583541,0.000000,0.000000,0.000000,1.000000,0
143,569.970700,1249.999900,29.998900,-125.699997,-0.583541,0.812084,0.000000,-0.812084,-0.583541,0.000000,0.000000,0.000000,1.000000,0
144,569.970700,1249.999900,29.998900,-125.699997,-0.583541,0.812084,0.000000,-0.812084,-0.583541,0.000000,0.000000,0.000000,1.000000,0
145,569.970700,1249.999900,29.998900,-125.699997,-0.583541,0.812084,0.000000,-0.812084,-0.583541,0.000000,0.000000,0.000000,1.000000,0
146,560.009800,1240.039000,29.998900,-124.800003,-0.570714,0.821149,0.000000,-0.821149,-0.570714,0.000000,0.000000,0.000000,1.000000,0
147,560.009800,1240.039000,29.998900,-124.800003,-0.570714,0.821149,0.000000,-0.821149,-0.570714,0.000000,0.000000,0.000000,1.000000,0
148,560.009800,1240.039000,29.998900,-124.800003,-0.570714,0.821149,0.000000,-0.821149,-0.570714,0.000000,0.000000,0.000000,1.000000,0
149,550.000000,1210.058500,29.998900,-123.600006,-0.553392,0.832921,0.000000,-0.832921,-0.553392,0.000000,0.000000,0.000000,1.000000,0
150,550.000000,1210.058500,29.998900,-123.600006,-0.553392,0.832921,0.000000,-0.832921,-0.553392,0.000000,0.000000,0.000000,1.000000,0
151,529.980500,1190.039000,39.996400,-122.199997,-0.532876,0.846193,0.000000,-0.846193,-0.532876,0.000000,0.000000,0.000000,1.000000,0
152,529.980500,1190.039000,39.996400,-122.199997,-0.532876,0.846193,0.000000,-0.846193,-0.532876,0.000000,0.000000,0.000000,1.000000,0
153,529.980500,1190.039000,39.996400,-122.199997,-0.532876,0.846193,0.000000,-0.846193,-0.532876,0.000000,0.000000,0.000000,1.000000,0
154,529.980500,1190.039000,39.996400,-122.199997,-0.532876,0.846193,0.000000,-0.846193,-0.532876,0.000000,0.000000,0.000000,1.000000,0
155,519.970700,1149.999900,39.996400,-120.400009,-0.506034,0.862514,0.000000,-0.862514,-0.506034,0.000000,0.000000,0.000000,1.000000,0
156,519.970700,1149.999900,39.996400,-120.400009,-0.506034,0.862514,0.000000,-0.862514,-0.506034,0.000000,0.000000,0.000000,1.000000,0
157,519.970700,1149.999900,39.996400,-120.400009,-0.506034,0.862514,0.000000,-0.862514,-0.506034,0.000000,0.000000,0.000000,1.000000,0
158,500.000000,1120.019500,39.996400,-118.100006,-0.471012,0.882127,0.000000,-0.882127,-0.471012,0.000000,0.000000,0.000000,1.000000,0
159,500.000000,1120.019500,39.996400,-118.100006,-0.471012,0.882127,0.000000,-0.882127,-0.471012,0.000000,0.000000,0.000000,1.000000,0
160,500.000000,1120.019500,39.996400,-118.100006,-0.471012,0.882127,0.000000,-0.882127,-0.471012,0.000000,0.000000,0.000000,1.000000,0
161,500.000000,1120.019500,39.996400,-118.100006,-0.471012,0.882127,0.000000,-0.882127,-0.471012,0.000000,0.000000,0.000000,1.000000,0
162,489.990200,1070.019500,39.996400,-115.400009,-0.428935,0.903335,0.000000,-0.903335,-0.428935,0.000000,0.000000,0.000000,1.000000,0
163,489.990200,1070.019500,39.996400,-115.400009,-0.428935,0.903335,0.000000,-0.903335,-0.428935,0.000000,0.000000,0.000000,1.000000,0
164,489.990200,1070.019500,39.996400,-115.400009,-0.428935,0.903335,0.000000,-0.903335,-0.428935,0.000000,0.000000,0.000000,1.000000,0
165,469.970700,1029.980400,39.996400,-112.699997,-0.385906,0.922538,0.000000,-0.922538,-0.385906,0.000000,0.000000,0.000000,1.000000,0
166,469.970700,1029.980400,39.996400,-112.699997,-0.385906,0.922538,0.000000,-0.922538,-0.385906,0.000000,0.000000,0.000000,1.000000,0
167,469.970700,1029.980400,39.996400,-112.699997,-0.385906,0.922538,0.000000,-0.922538,-0.385906,0.000000,0.000000,0.000000,1.000000,0
168,460.009800,970.019500,49.994000,-109.600006,-0.335452,0.942057,0.000000,-0.942057,-0.335452,0.000000,0.000000,0.000000,1.000000,0
169,460.009800,970.019500,49.994000,-109.600006,-0.335452,0.942057,0.000000,-0.942057,-0.335452,0.000000,0.000000,0.000000,1.000000,0
170,460.009800,970.019500,49.994000,-109.600006,-0.335452,0.942057,0.000000,-0.942057,-0.335452,0.000000,0.000000,0.000000,1.000000,0
171,460.009800,970.019500,49.994000,-109.600006,-0.335452,0.942057,0.000000,-0.942057,-0.335452,0.000000,0.000000,0.000000,1.000000,0
172,450.000000,910.058500,49.994000,-106.300003,-0.280667,0.959805,0.000000,-0.959805,-0.280667,0.000000,0.000000,0.000000,1.000000,0
173,450.000000,910.058500,49.994000,-106.300003,-0.280667,0.959805,0.000000,-0.959805,-0.280667,0.000000,0.000000,0.000000,1.000000,0
174,450.000000,910.058500,49.994000,-106.300003,-0.280667,0.959805,0.000000,-0.959805,-0.280667,0.000000,0.000000,0.000000,1.000000,0
175,439.990200,840.039000,49.994000,-103.199997,-0.228351,0.973579,0.000000,-0.973579,-0.228351,0.000000,0.000000,0.000000,1.000000,0
176,439.990200,840.039000,49.994000,-103.199997,-0.228351,0.973579,0.000000,-0.973579,-0.228351,0.000000,0.000000,0.000000,1.000000,0
177,439.990200,840.039000,49.994000,-103.199997,-0.228351,0.973579,0.000000,-0.973579,-0.228351,0.000000,0.000000,0.000000,1.000000,0
178,429.980500,770.019500,59.991600,-100.500000,-0.182236,0.983255,0.000000,-0.983255,-0.182236,0.000000,0.000000,0.000000,1.000000,0
179,429.980500,770.019500,59.991600,-100.500000,-0.182236,0.983255,0.000000,-0.983255,-0.182236,0.000000,0.000000,0.000000,1.000000,0
180,429.980500,770.019500,59.991600,-100.500000,-0.182236,0.983255,0.000000,-0.983255,-0.182236,0.000000,0.000000,0.000000,1.000000,0
181,419.970700,690.039000,59.991600,-98.199997,-0.142629,0.989776,0.000000,-0.989776,-0.142629,0.000000,0.000000,0.000000,1.000000,0
182,419.970700,690.039000,59.991600,-98.199997,-0.142629,0.989776,0.000000,-0.989776,-0.142629,0.000000,0.000000,0.000000,1.000000,0
183,419.970700,690.039000,59.991600,-98.199997,-0.142629,0.989776,0.000000,-0.989776,-0.142629,0.000000,0.000000,0.000000,1.000000,0
184,410.009800,610.058500,59.991600,-96.199997,-0.107999,0.994151,0.000000,-0.994151,-0.107999,0.000000,0.000000,0.000000,1.000000,0
185,410.009800,610.058500,59.991600,-96.199997,-0.107999,0.994151,0.000000,-0.994151,-0.107999,0.000000,0.000000,0.000000,1.000000,0
186,410.009800,610.058500,59.991600,-96.199997,-0.107999,0.994151,0.000000,-0.994151,-0.107999,0.000000,0.000000,0.000000,1.000000,0
187,410.009800,529.980400,59.991600,-94.600006,-0.080199,0.996779,0.000000,-0.996779,-0.080199,0.000000,0.000000,0.000000,1.000000,0
188,410.009800,529.980400,59.991600,-94.600006,-0.080199,0.996779,0.000000,-0.996779,-0.080199,0.000000,0.000000,0.000000,1.000000,0
189,410.009800,529.980400,59.991600,-94.600006,-0.080199,0.996779,0.000000,-0.996779,-0.080199,0.000000,0.000000,0.000000,1.000000,0
190,410.009800,440.039000,70.001300,-92.900009,-0.050593,0.998719,0.000000,-0.998719,-0.050593,0.000000,0.000000,0.000000,1.000000,0
191,410.009800,440.039000,70.001300,-92.900009,-0.050593,0.998719,0.000000,-0.998719,-0.050593,0.000000,0.000000,0.000000,1.000000,0
192,410.009800,440.039000,70.001300,-92.900009,-0.050593,0.998719,0.000000,-0.998719,-0.050593,0.000000,0.000000,0.000000,1.000000,0
193,410.009800,349.999900,70.001300,-91.900009,-0.033155,0.999450,0.000000,-0.999450,-0.033155,0.000000,0.000000,0.000000,1.000000,0
194,410.009800,349.999900,70.001300,-91.900009,-0.033155,0.999450,0.000000,-0.999450,-0.033155,0.000000,0.000000,0.000000,1.000000,0
195,410.009800,349.999900,70.001300,-91.900009,-0.033155,0.999450,0.000000,-0.999450,-0.033155,0.000000,0.000000,0.000000,1.000000,0
196,410.009800,349.999900,70.001300,-91.900009,-0.033155,0.999450,0.000000,-0.999450,-0.033155,0.000000,0.000000,0.000000,1.000000,0
197,400.000000,240.039000,70.001300,-91.800003,-0.031411,0.999507,0.000000,-0.999507,-0.031411,0.000000,0.000000,0.000000,1.000000,0
198,400.000000,240.039000,70.001300,-91.800003,-0.031411,0.999507,0.000000,-0.999507,-0.031411,0.000000,0.000000,0.000000,1.000000,0
199,400.000000,140.039000,70.001300,-92.400009,-0.041876,0.999123,0.000000,-0.999123,-0.041876,0.000000,0.000000,0.000000,1.000000,0
200,400.000000,140.039000,70.001300,-92.400009,-0.041876,0.999123,0.000000,-0.999123,-0.041876,0.000000,0.000000,0.000000,1.000000,0
201,400.000000,140.039000,70.001300,-92.400009,-0.041876,0.999123,0.000000,-0.999123,-0.041876,0.000000,0.000000,0.000000,1.000000,0
202,389.990200,29.980400,79.998900,-94.699997,-0.081938,0.996637,0.000000,-0.996637,-0.081938,0.000000,0.000000,0.000000,1.000000,0
203,389.990200,29.980400,79.998900,-94.699997,-0.081938,0.996637,0.000000,-0.996637,-0.081938,0.000000,0.000000,0.000000,1.000000,0
204,389.990200,29.980400,79.998900,-94.699997,-0.081938,0.996637,0.000000,-0.996637,-0.081938,0.000000,0.000000,0.000000,1.000000,0
205,389.990200,29.980400,79.998900,-94.699997,-0.081938,0.996637,0.000000,-0.996637,-0.081938,0.000000,0.000000,0.000000,1.000000,0
206,360.009800,-70.019600,79.998900,-99.800003,-0.170210,0.985408,0.000000,-0.985408,-0.170210,0.000000,0.000000,0.000000,1.000000,0
207,360.009800,-70.019600,79.998900,-99.800003,-0.170210,0.985408,0.000000,-0.985408,-0.170210,0.000000,0.000000,0.000000,1.000000,0
208,360.009800,-70.019600,79.998900,-99.800003,-0.170210,0.985408,0.000000,-0.985408,-0.170210,0.000000,0.000000,0.000000,1.000000,0
209,319.970700,-189.941500,79.998900,-108.600006,-0.318959,0.947768,0.000000,-0.947768,-0.318959,0.000000,0.000000,0.000000,1.000000,0
210,319.970700,-189.941500,79.998900,-108.600006,-0.318959,0.947768,0.000000,-0.947768,-0.318959,0.000000,0.000000,0.000000,1.000000,0
211,319.970700,-189.941500,79.998900,-108.600006,-0.318959,0.947768,0.000000,-0.947768,-0.318959,0.000000,0.000000,0.000000,1.000000,0
212,260.009800,-270.019600,89.996400,-119.300003,-0.489383,0.872069,0.000000,-0.872069,-0.489383,0.000000,0.000000,0.000000,1.000000,0
213,260.009800,-270.019600,89.996400,-119.300003,-0.489383,0.872069,0.000000,-0.872069,-0.489383,0.000000,0.000000,0.000000,1.000000,0
214,260.009800,-270.019600,89.996400,-119.300003,-0.489383,0.872069,0.000000,-0.872069,-0.489383,0.000000,0.000000,0.000000,1.000000,0
215,179.980500,-350.000100,99.994000,-131.000000,-0.656059,0.754710,0.000000,-0.754710,-0.656059,0.000000,0.000000,0.000000,1.000000,0
216,179.980500,-350.000100,99.994000,-131.000000,-0.656059,0.754710,0.000000,-0.754710,-0.656059,0.000000,0.000000,0.000000,1.000000,0
217,179.980500,-350.000100,99.994000,-131.000000,-0.656059,0.754710,0.000000,-0.754710,-0.656059,0.000000,0.000000,0.000000,1.000000,0
218,89.990200,-409.961000,109.991600,-141.300003,-0.780430,0.625243,0.000000,-0.625243,-0.780430,0.000000,0.000000,0.000000,1.000000,0
219,89.990200,-409.961000,109.991600,-141.300003,-0.780430,0.625243,0.000000,-0.625243,-0.780430,0.000000,0.000000,0.000000,1.000000,0
220,89.990200,-409.961000,109.991600,-141.300003,-0.780430,0.625243,0.000000,-0.625243,-0.780430,0.000000,0.000000,0.000000,1.000000,0
221,0.000000,-459.961000,120.001300,-145.699997,-0.826098,0.563526,0.000000,-0.563526,-0.826098,0.000000,0.000000,0.000000,1.000000,0
222,0.000000,-459.961000,120.001300,-145.699997,-0.826098,0.563526,0.000000,-0.563526,-0.826098,0.000000,0.000000,0.000000,1.000000,0
223,0.000000,-459.961000,120.001300,-145.699997,-0.826098,0.563526,0.000000,-0.563526,-0.826098,0.000000,0.000000,0.000000,1.000000,0
224,0.000000,-459.961000,120.001300,-145.699997,-0.826098,0.563526,0.000000,-0.563526,-0.826098,0.000000,0.000000,0.000000,1.000000,0
225,-80.029300,-520.019600,129.998900,-145.400009,-0.823136,0.567844,0.000000,-0.567844,-0.823136,0.000000,0.000000,0.000000,1.000000,0
226,-80.029300,-520.019600,129.998900,-145.400009,-0.823136,0.567844,0.000000,-0.567844,-0.823136,0.000000,0.000000,0.000000,1.000000,0
227,-80.029300,-520.019600,129.998900,-145.400009,-0.823136,0.567844,0.000000,-0.567844,-0.823136,0.000000,0.000000,0.000000,1.000000,0
228,-170.019500,-579.980500,139.996400,-145.300003,-0.822144,0.569279,0.000000,-0.569279,-0.822144,0.000000,0.000000,0.000000,1.000000,0
229,-170.019500,-579.980500,139.996400,-145.300003,-0.822144,0.569279,0.000000,-0.569279,-0.822144,0.000000,0.000000,0.000000,1.000000,0
230,-170.019500,-579.980500,139.996400,-145.300003,-0.822144,0.569279,0.000000,-0.569279,-0.822144,0.000000,0.000000,0.000000,1.000000,0
231,-260.009800,-639.941500,149.994000,-145.699997,-0.826098,0.563526,0.000000,-0.563526,-0.826098,0.000000,0.000000,0.000000,1.000000,0
232,-260.009800,-639.941500,149.994000,-145.699997,-0.826098,0.563526,0.000000,-0.563526,-0.826098,0.000000,0.000000,0.000000,1.000000,0
233,-260.009800,-639.941500,149.994000,-145.699997,-0.826098,0.563526,0.000000,-0.563526,-0.826098,0.000000,0.000000,0.000000,1.000000,0
234,-350.000000,-700.000100,149.994000,-147.300003,-0.841511,0.540240,0.000000,-0.540240,-0.841511,0.000000,0.000000,0.000000,1.000000,0
235,-350.000000,-700.000100,149.994000,-147.300003,-0.841511,0.540240,0.000000,-0.540240,-0.841511,0.000000,0.000000,0.000000,1.000000,0
236,-430.029300,-739.941500,149.994000,-150.800003,-0.872922,0.487860,0.000000,-0.487860,-0.872922,0.000000,0.000000,0.000000,1.000000,0
237,-430.029300,-739.941500,149.994000,-150.800003,-0.872922,0.487860,0.000000,-0.487860,-0.872922,0.000000,0.000000,0.000000,1.000000,0
238,-430.029300,-739.941500,149.994000,-150.800003,-0.872922,0.487860,0.000000,-0.487860,-0.872922,0.000000,0.000000,0.000000,1.000000,0
239,-539.990200,-779.980500,159.991600,-156.500000,-0.917060,0.398749,0.000000,-0.398749,-0.917060,0.000000,0.000000,0.000000,1.000000,0
240,-539.990200,-779.980500,159.991600,-156.500000,-0.917060,0.398749,0.000000,-0.398749,-0.917060,0.000000,0.000000,0.000000,1.000000,0
241,-539.990200,-779.980500,159.991600,-156.500000,-0.917060,0.398749,0.000000,-0.398749,-0.917060,0.000000,0.000000,0.000000,1.000000,0
242,-639.990200,-800.000100,159.991600,-163.400009,-0.958323,0.285688,0.000000,-0.285688,-0.958323,0.000000,0.000000,0.000000,1.000000,0
243,-639.990200,-800.000100,159.991600,-163.400009,-0.958323,0.285688,0.000000,-0.285688,-0.958323,0.000000,0.000000,0.000000,1.000000,0
244,-639.990200,-800.000100,159.991600,-163.400009,-0.958323,0.285688,0.000000,-0.285688,-0.958323,0.000000,0.000000,0.000000,1.000000,0
245,-739.990200,-829.980500,170.001300,-167.500000,-0.976296,0.216440,0.000000,-0.216440,-0.976296,0.000000,0.000000,0.000000,1.000000,0
246,-739.990200,-829.980500,170.001300,-167.500000,-0.976296,0.216440,0.000000,-0.216440,-0.976296,0.000000,0.000000,0.000000,1.000000,0
247,-739.990200,-829.980500,170.001300,-167.500000,-0.976296,0.216440,0.000000,-0.216440,-0.976296,0.000000,0.000000,0.000000,1.000000,0
248,-820.019500,-839.941500,170.001300,-169.300018,-0.982613,0.185666,0.000000,-0.185666,-0.982613,0.000000,0.000000,0.000000,1.000000,0
249,-820.019500,-839.941500,170.001300,-169.300018,-0.982613,0.185666,0.000000,-0.185666,-0.982613,0.000000,0.000000,0.000000,1.000000,0
250,-820.019500,-839.941500,170.001300,-169.300018,-0.982613,0.185666,0.000000,-0.185666,-0.982613,0.000000,0.000000,0.000000,1.000000,0
251,-820.019500,-839.941500,170.001300,-169.300018,-0.982613,0.185666,0.000000,-0.185666,-0.982613,0.000000,0.000000,0.000000,1.000000,0
252,-870.019500,-859.961000,170.001300,-177.500000,-0.999048,0.043619,0.000000,-0.043619,-0.999048,0.000000,0.000000,0.000000,1.000000,0
253,-870.019500,-859.961000,170.001300,-177.500000,-0.999048,0.043619,0.000000,-0.043619,-0.999048,0.000000,0.000000,0.000000,1.000000,0
254,-870.019500,-859.961000,170.001300,-177.500000,-0.999048,0.043619,0.000000,-0.043619,-0.999048,0.000000,0.000000,0.000000,1.000000,0
255,-910.009800,-859.961000,170.001300,175.100006,-0.996345,-0.085417,0.000000,0.085417,-0.996345,0.000000,0.000000,0.000000,1.000000,0
256,-910.009800,-859.961000,170.001300,175.100006,-0.996345,-0.085417,0.000000,0.085417,-0.996345,0.000000,0.000000,0.000000,1.000000,0
257,-910.009800,-859.961000,170.001300,175.100006,-0.996345,-0.085417,0.000000,0.085417,-0.996345,0.000000,0.000000,0.000000,1.000000,0
258,-930.029300,-859.961000,170.001300,171.699982,-0.989526,-0.144357,0.000000,0.144357,-0.989526,0.000000,0.000000,0.000000,1.000000,0
259,-930.029300,-859.961000,170.001300,171.699982,-0.989526,-0.144357,0.000000,0.144357,-0.989526,0.000000,0.000000,0.000000,1.000000,0
260,-930.029300,-859.961000,170.001300,171.699982,-0.989526,-0.144357,0.000000,0.144357,-0.989526,0.000000,0.000000,0.000000,1.000000,0
261,-939.990200,-870.019600,179.998900,170.199982,-0.985408,-0.170210,0.000000,0.170210,-0.985408,0.000000,0.000000,0.000000,1.000000,0
262,-939.990200,-870.019600,179.998900,170.199982,-0.985408,-0.170210,0.000000,0.170210,-0.985408,0.000000,0.000000,0.000000,1.000000,0
263,-939.990200,-870.019600,179.998900,170.000000,-0.984808,-0.173648,0.000000,0.173648,-0.984808,0.000000,0.000000,0.000000,1.000000,0
264,-939.990200,-870.019600,179.998900,170.000000,-0.984808,-0.173648,0.000000,0.173648,-0.984808,0.000000,0.000000,0.000000,1.000000,0
265,-939.990200,-870.019600,179.998900,169.799988,-0.984196,-0.177085,0.000000,0.177085,-0.984196,0.000000,0.000000,0.000000,1.000000,0
266,-939.990200,-870.019600,179.998900,169.799988,-0.984196,-0.177085,0.000000,0.177085,-0.984196,0.000000,0.000000,0.000000,1.000000,0
267,-939.990200,-870.019600,179.998900,169.799988,-0.984196,-0.177085,0.000000,0.177085,-0.984196,0.000000,0.000000,0.000000,1.000000,0
268,-939.990200,-870.019600,179.998900,169.799988,-0.984196,-0.177085,0.000000,0.177085,-0.984196,0.000000,0.000000,0.000000,1.000000,0
269,-939.990200,-870.019600,170.001300,169.500000,-0.983255,-0.182236,0.000000,0.182236,-0.983255,0.000000,0.000000,0.000000,1.000000,0
270,-939.990200,-870.019600,170.001300,169.500000,-0.983255,-0.182236,0.000000,0.182236,-0.983255,0.000000,0.000000,0.000000,1.000000,0
271,-939.990200,-870.019600,170.001300,169.500000,-0.983255,-0.182236,0.000000,0.182236,-0.983255,0.000000,0.000000,0.000000,1.000000,0
272,-939.990200,-870.019600,179.998900,169.199982,-0.982287,-0.187382,0.000000,0.187382,-0.982287,0.000000,0.000000,0.000000,1.000000,0
273,-939.990200,-870.019600,179.998900,169.199982,-0.982287,-0.187382,0.000000,0.187382,-0.982287,0.000000,0.000000,0.000000,1.000000,0
274,-939.990200,-870.019600,179.998900,169.199982,-0.982287,-0.187382,0.000000,0.187382,-0.982287,0.000000,0.000000,0.000000,1.000000,0
275,-939.990200,-870.019600,179.998900,169.199982,-0.982287,-0.187382,0.000000,0.187382,-0.982287,0.000000,0.000000,0.000000,1.000000,0
276,-950.000000,-870.019600,179.998900,169.100006,-0.981959,-0.189095,0.000000,0.189095,-0.981959,0.000000,0.000000,0.000000,1.000000,0
277,-950.000000,-870.019600,179.998900,169.100006,-0.981959,-0.189095,0.000000,0.189095,-0.981959,0.000000,0.000000,0.000000,1.000000,0
278,-950.000000,-870.019600,179.998900,169.100006,-0.981959,-0.189095,0.000000,0.189095,-0.981959,0.000000,0.000000,0.000000,1.000000,0
279,-950.000000,-870.019600,170.001300,168.799988,-0.980955,-0.194235,0.000000,0.194235,-0.980955,0.000000,0.000000,0.000000,1.000000,0
280,-950.000000,-870.019600,170.001300,168.799988,-0.980955,-0.194235,0.000000,0.194235,-0.980955,0.000000,0.000000,0.000000,1.000000,0
281,-950.000000,-870.019600,170.001300,168.799988,-0.980955,-0.194235,0.000000,0.194235,-0.980955,0.000000,0.000000,0.000000,1.000000,0
282,-950.000000,-870.019600,170.001300,168.600006,-0.980271,-0.197657,0.000000,0.197657,-0.980271,0.000000,0.000000,0.000000,1.000000,0
283,-950.000000,-870.019600,170.001300,168.600006,-0.980271,-0.197657,0.000000,0.197657,-0.980271,0.000000,0.000000,0.000000,1.000000,0
284,-950.000000,-870.019600,170.001300,168.600006,-0.980271,-0.197657,0.000000,0.197657,-0.980271,0.000000,0.000000,0.000000,1.000000,0
285,-950.000000,-870.019600,170.001300,168.600006,-0.980271,-0.197657,0.000000,0.197657,-0.980271,0.000000,0.000000,0.000000,1.000000,0
286,-950.000000,-870.019600,179.998900,168.399994,-0.979575,-0.201078,0.000000,0.201078,-0.979575,0.000000,0.000000,0.000000,1.000000,0
287,-950.000000,-870.019600,179.998900,168.399994,-0.979575,-0.201078,0.000000,0.201078,-0.979575,0.000000,0.000000,0.000000,1.000000,0
288,-950.000000,-870.019600,179.998900,168.199982,-0.978867,-0.204496,0.000000,0.204496,-0.978867,0.000000,0.000000,0.000000,1.000000,0
289,-950.000000,-870.019600,179.998900,168.199982,-0.978867,-0.204496,0.000000,0.204496,-0.978867,0.000000,0.000000,0.000000,1.000000,0
290,-950.000000,-870.019600,179.998900,168.199982,-0.978867,-0.204496,0.000000,0.204496,-0.978867,0.000000,0.000000,0.000000,1.000000,0
291,-950.000000,-870.019600,179.998900,168.199982,-0.978867,-0.204496,0.000000,0.204496,-0.978867,0.000000,0.000000,0.000000,1.000000,0
292,-950.000000,-870.019600,179.998900,168.100006,-0.978509,-0.206204,0.000000,0.206204,-0.978509,0.000000,0.000000,0.000000,1.000000,0
293,-950.000000,-870.019600,179.998900,168.100006,-0.978509,-0.206204,0.000000,0.206204,-0.978509,0.000000,0.000000,0.000000,1.000000,0
294,-950.000000,-870.019600,179.998900,168.100006,-0.978509,-0.206204,0.000000,0.206204,-0.978509,0.000000,0.000000,0.000000,1.000000,0
295,-950.000000,-870.019600,179.998900,168.000000,-0.978148,-0.207912,0.000000,0.207912,-0.978148,0.000000,0.000000,0.000000,1.000000,0
