step_idx	elapsed_s	status	reverse_active	forward_hold_active	stuck_detection_armed	planner_rebuilt	replan_attempted	raw_path_points	follow_path_points	active_path_points	raw_rover_x	raw_rover_y	raw_rover_z	raw_heading_deg	rover_x_cm	rover_y_cm	rover_z_cm	rover_heading_deg	raw_pose_delta	pose_delta_cm	telemetry_throttle	telemetry_steering	telemetry_speed	telemetry_brakes	telemetry_distance_traveled	distance_traveled_delta	moved_since_anchor_cm	stationary_elapsed_s	goal_x_cm	goal_y_cm	goal_dist_cm	target_x_cm	target_y_cm	rover_cell_x	rover_cell_y	target_cell_x	target_cell_y	waypoint_idx	waypoint_distance_cm	waypoint_distance_avg_cm	path_heading_error_deg	front_clearance_cm	throttle_cmd	steering_cmd	new_lidar_obstacles	stuck_obstacles_added	obstacle_total
0	0.000	Running	0	0	0	0	0	0	649	649	-5664.000	-10080.101	1440.400	179.900	300.000	1179.980	39.996	-89.900	0.000	0.000	0.000	0.000	0.000	1	10.900	0.000	0.000	0.000	-3700.000	-2820.020	5656.854	-3.553	876.427	104	104	97	97	57	429.289	429.289	-45.100	858.510	18.000	-1.000	0	0	0
1	0.412	Running	0	0	0	0	0	0	649	649	-5664.000	-10080.101	1440.400	179.900	300.000	1179.980	39.996	-89.900	0.000	0.000	18.000	1.000	0.000	0	10.900	0.000	0.000	0.412	-3700.000	-2820.020	5656.854	-3.553	876.427	104	104	97	97	57	429.289	429.289	-45.100	858.510	18.000	-1.000	0	0	0
2	0.742	Running	0	0	0	0	0	0	649	649	-5664.000	-10080.101	1440.400	179.900	300.000	1179.980	39.996	-89.900	0.000	0.000	18.000	1.000	0.000	0	10.900	0.000	0.000	0.742	-3700.000	-2820.020	5656.854	-3.553	876.427	104	104	97	97	57	429.289	429.289	-45.100	858.510	18.000	-1.000	0	0	0
3	1.034	Running	0	0	0	0	0	0	649	649	-5664.000	-10080.101	1440.400	179.900	300.000	1179.980	39.996	-89.900	0.000	0.000	18.000	1.000	0.000	0	10.900	0.000	0.000	1.034	-3700.000	-2820.020	5656.854	-3.553	876.427	104	104	97	97	57	429.289	429.289	-45.100	858.510	18.000	-1.000	0	0	0
4	1.323	Running	0	0	0	0	0	0	649	649	-5664.000	-10080.101	1440.400	179.900	300.000	1179.980	39.996	-89.900	0.000	0.000	18.000	1.000	0.000	0	10.900	0.000	0.000	1.323	-3700.000	-2820.020	5656.854	-3.553	876.427	104	104	97	97	57	429.289	429.289	-45.100	858.510	18.000	-1.000	0	0	0
5	1.604	Running	0	0	0	0	0	0	649	649	-5664.000	-10080.101	1440.400	179.900	300.000	1179.980	39.996	-89.900	0.000	0.000	18.000	1.000	0.000	0	10.900	0.000	0.000	1.604	-3700.000	-2820.020	5656.854	-3.553	876.427	104	104	97	97	57	429.289	429.289	-45.100	858.510	18.000	-1.000	0	0	0
6	1.876	Running	0	0	0	0	0	0	649	649	-5664.000	-10080.101	1440.400	179.900	300.000	1179.980	39.996	-89.900	0.000	0.000	18.000	1.000	0.000	0	10.900	0.000	0.000	1.876	-3700.000	-2820.020	5656.854	-3.553	876.427	104	104	97	97	57	429.289	429.289	-45.100	858.510	18.000	-1.000	0	0	0
7	2.170	Running	0	0	0	0	0	0	649	649	-5664.000	-10080.101	1440.400	179.900	300.000	1179.980	39.996	-89.900	0.000	0.000	18.000	1.000	0.100	0	10.900	0.000	0.000	2.170	-3700.000	-2820.020	5656.854	-3.553	876.427	104	104	97	97	57	429.289	429.289	-45.100	903.550	18.000	-1.000	0	0	0
8	2.476	Running	0	0	0	0	0	0	649	649	-5664.000	-10080.101	1440.400	179.900	300.000	1179.980	39.996	-89.900	0.000	0.000	18.000	1.000	0.100	0	10.900	0.000	0.000	2.476	-3700.000	-2820.020	5656.854	-3.553	876.427	104	104	97	97	57	429.289	429.289	-45.100	903.550	18.000	-1.000	0	0	0
9	2.760	Running	0	0	0	0	0	0	649	649	-5664.000	-10080.101	1440.400	179.900	300.000	1179.980	39.996	-89.900	0.000	0.000	18.000	1.000	0.100	0	10.900	0.000	0.000	2.760	-3700.000	-2820.020	5656.854	-3.553	876.427	104	104	97	97	57	429.289	429.289	-45.100	903.550	18.000	-1.000	0	0	0
10	3.065	Running	0	0	1	0	0	0	649	649	-5664.000	-10080.101	1440.400	180.100	300.000	1179.980	39.996	-90.100	0.000	0.000	18.000	1.000	0.200	0	10.900	0.000	0.000	0.000	-3700.000	-2820.020	5656.854	-3.553	876.427	104	104	97	97	57	429.289	429.289	-44.900	inf	18.000	-1.000	0	0	0
11	3.343	Running	0	0	1	0	0	0	649	649	-5664.000	-10080.101	1440.400	180.100	300.000	1179.980	39.996	-90.100	0.000	0.000	18.000	1.000	0.200	0	10.900	0.000	0.000	0.000	-3700.000	-2820.020	5656.854	-3.553	876.427	104	104	97	97	57	429.289	429.289	-44.900	inf	18.000	-1.000	0	0	0
12	3.636	Running	0	0	1	0	0	0	649	649	-5664.000	-10080.101	1440.400	180.100	300.000	1179.980	39.996	-90.100	0.000	0.000	18.000	1.000	0.200	0	10.900	0.000	0.000	0.000	-3700.000	-2820.020	5656.854	-3.553	876.427	104	104	97	97	57	429.289	429.289	-44.900	inf	18.000	-1.000	0	0	0
13	3.918	Running	0	0	1	0	0	0	649	649	-5664.000	-10080.101	1440.400	180.100	300.000	1179.980	39.996	-90.100	0.000	0.000	18.000	1.000	0.200	0	10.900	0.000	0.000	0.000	-3700.000	-2820.020	5656.854	-3.553	876.427	104	104	97	97	57	429.289	429.289	-44.900	inf	18.000	-1.000	0	0	0
14	4.206	Running	0	0	1	0	0	0	649	649	-5664.000	-10080.101	1440.400	180.500	300.000	1179.980	39.996	-90.500	0.000	0.000	18.000	1.000	0.400	0	11.000	0.100	0.000	0.000	-3700.000	-2820.020	5656.854	-3.553	876.427	104	104	97	97	57	429.289	429.289	-44.500	inf	18.000	-1.000	0	0	0
15	4.527	Running	0	0	1	0	0	0	649	649	-5664.000	-10080.101	1440.400	180.500	300.000	1179.980	39.996	-90.500	0.000	0.000	18.000	1.000	0.400	0	11.000	0.000	0.000	0.000	-3700.000	-2820.020	5656.854	-3.553	876.427	104	104	97	97	57	429.289	429.289	-44.500	inf	18.000	-1.000	0	0	0
16	4.884	Running	0	0	1	0	0	0	649	649	-5664.000	-10080.101	1440.400	180.500	300.000	1179.980	39.996	-90.500	0.000	0.000	18.000	1.000	0.400	0	11.000	0.000	0.000	0.000	-3700.000	-2820.020	5656.854	-3.553	876.427	104	104	97	97	57	429.289	429.289	-44.500	inf	18.000	-1.000	0	0	0
17	5.155	Running	0	0	1	0	0	0	649	642	-5664.000	-10080.200	1440.400	181.100	300.000	1170.020	39.996	-91.100	0.100	9.961	18.000	1.000	0.600	0	11.000	0.000	9.961	0.000	-3700.000	-2820.020	5649.815	-53.553	826.427	104	103	96	96	58	493.007	432.829	-44.719	inf	18.000	-1.000	0	0	0
18	5.431	Running	0	0	1	0	0	0	649	642	-5664.000	-10080.200	1440.400	181.100	300.000	1170.020	39.996	-91.100	0.000	0.000	18.000	1.000	0.600	0	11.000	0.000	0.000	0.000	-3700.000	-2820.020	5649.815	-53.553	826.427	104	103	96	96	58	493.007	435.996	-44.719	inf	18.000	-1.000	0	0	0
19	5.771	Running	0	0	1	0	0	0	649	642	-5664.000	-10080.200	1440.400	181.100	300.000	1170.020	39.996	-91.100	0.000	0.000	18.000	1.000	0.600	0	11.000	0.000	0.000	0.000	-3700.000	-2820.020	5649.815	-53.553	826.427	104	103	96	96	58	493.007	438.847	-44.719	inf	18.000	-1.000	0	0	0
20	6.106	Running	0	0	1	0	0	0	649	642	-5664.000	-10080.200	1440.400	181.900	300.000	1170.020	39.996	-91.900	0.000	0.000	18.000	1.000	0.800	0	11.100	0.100	0.000	0.000	-3700.000	-2820.020	5649.815	-53.553	826.427	104	103	96	96	58	493.007	441.426	-43.919	847.290	18.000	-1.000	0	0	0
21	6.404	Running	0	0	1	0	0	0	649	642	-5664.000	-10080.200	1440.400	181.900	300.000	1170.020	39.996	-91.900	0.000	0.000	18.000	1.000	0.800	0	11.100	0.000	0.000	0.000	-3700.000	-2820.020	5649.815	-53.553	826.427	104	103	96	96	58	493.007	443.771	-43.919	847.290	18.000	-1.000	0	0	0
22	6.687	Running	0	0	1	0	0	0	649	642	-5664.000	-10080.200	1440.400	181.900	300.000	1170.020	39.996	-91.900	0.000	0.000	18.000	1.000	0.800	0	11.100	0.000	0.000	0.000	-3700.000	-2820.020	5649.815	-53.553	826.427	104	103	96	96	58	493.007	445.911	-43.919	847.290	18.000	-1.000	0	0	0
23	6.969	Running	0	0	1	0	0	0	649	642	-5664.000	-10080.200	1440.400	181.900	300.000	1170.020	39.996	-91.900	0.000	0.000	18.000	1.000	0.800	0	11.100	0.000	0.000	0.000	-3700.000	-2820.020	5649.815	-53.553	826.427	104	103	96	96	58	493.007	447.874	-43.919	847.290	18.000	-1.000	0	0	0
24	7.254	Running	0	0	1	0	0	0	649	641	-5664.000	-10080.300	1440.400	182.900	300.000	1160.058	39.996	-92.900	0.100	9.961	18.000	1.000	0.900	0	11.200	0.100	9.961	0.000	-3700.000	-2820.020	5642.785	-53.553	826.427	104	103	96	96	57	486.117	449.403	-43.761	785.140	18.000	-1.000	0	0	0
25	7.531	Running	0	0	1	0	0	0	649	641	-5664.000	-10080.300	1440.400	182.900	300.000	1160.058	39.996	-92.900	0.000	0.000	18.000	1.000	0.900	0	11.200	0.000	0.000	0.000	-3700.000	-2820.020	5642.785	-53.553	826.427	104	103	96	96	57	486.117	450.815	-43.761	785.140	18.000	-1.000	0	0	0
26	7.806	Running	0	0	1	0	0	0	649	641	-5664.000	-10080.300	1440.400	182.900	300.000	1160.058	39.996	-92.900	0.000	0.000	18.000	1.000	0.900	0	11.200	0.000	0.000	0.000	-3700.000	-2820.020	5642.785	-53.553	826.427	104	103	96	96	57	486.117	452.123	-43.761	785.140	18.000	-1.000	0	0	0
27	8.085	Running	0	0	1	0	0	0	649	641	-5664.000	-10080.300	1440.400	182.900	300.000	1160.058	39.996	-92.900	0.000	0.000	18.000	1.000	0.900	0	11.200	0.000	0.000	0.000	-3700.000	-2820.020	5642.785	-53.553	826.427	104	103	96	96	57	486.117	453.337	-43.761	785.140	18.000	-1.000	0	0	0
28	8.371	Running	0	0	1	0	0	0	649	639	-5664.100	-10080.400	1440.400	184.000	289.990	1150.000	39.996	-94.000	0.142	14.191	18.000	1.000	1.100	0	11.200	0.000	14.191	0.000	-3700.000	-2820.020	5628.595	-63.563	816.417	103	103	96	96	57	486.084	454.466	-42.665	745.120	18.000	-1.000	0	0	0
29	8.645	Running	0	0	1	0	0	0	649	639	-5664.100	-10080.400	1440.400	184.000	289.990	1150.000	39.996	-94.000	0.000	0.000	18.000	1.000	1.100	0	11.200	0.000	0.000	0.000	-3700.000	-2820.020	5628.595	-63.563	816.417	103	103	96	96	57	486.084	455.520	-42.665	745.120	18.000	-1.000	0	0	0
30	8.923	Running	0	0	1	0	0	0	649	639	-5664.100	-10080.400	1440.400	184.000	289.990	1150.000	39.996	-94.000	0.000	0.000	18.000	1.000	1.100	0	11.200	0.000	0.000	0.000	-3700.000	-2820.020	5628.595	-63.563	816.417	103	103	96	96	57	486.084	456.506	-42.665	745.120	18.000	-1.000	0	0	0
31	9.213	Running	0	0	1	0	0	0	649	639	-5664.100	-10080.500	1440.500	185.200	289.990	1140.039	49.994	-95.200	0.141	14.113	18.000	1.000	1.200	0	11.300	0.100	9.961	0.000	-3700.000	-2820.020	5621.573	-63.563	816.417	103	103	96	96	57	479.303	457.218	-42.331	15.200	18.000	-1.000	0	0	0
32	9.485	Running	0	0	1	0	0	0	649	639	-5664.100	-10080.500	1440.500	185.200	289.990	1140.039	49.994	-95.200	0.000	0.000	18.000	1.000	1.200	0	11.300	0.000	0.000	0.000	-3700.000	-2820.020	5621.573	-63.563	816.417	103	103	96	96	57	479.303	457.888	-42.331	15.200	18.000	-1.000	0	0	0
33	9.760	Running	0	0	1	0	0	0	649	639	-5664.100	-10080.500	1440.500	185.200	289.990	1140.039	49.994	-95.200	0.000	0.000	18.000	1.000	1.200	0	11.300	0.000	0.000	0.000	-3700.000	-2820.020	5621.573	-63.563	816.417	103	103	96	96	57	479.303	458.518	-42.331	15.200	18.000	-1.000	0	0	0
34	10.039	Running	0	0	1	0	0	0	649	639	-5664.100	-10080.500	1440.500	185.200	289.990	1140.039	49.994	-95.200	0.000	0.000	18.000	1.000	1.200	0	11.300	0.000	0.000	0.000	-3700.000	-2820.020	5621.573	-63.563	816.417	103	103	96	96	57	479.303	459.111	-42.331	15.200	18.000	-1.000	0	0	0
35	10.315	Running	0	0	1	0	0	0	649	637	-5664.200	-10080.601	1440.500	186.800	279.980	1129.980	49.994	-96.800	0.142	14.190	18.000	1.000	1.400	0	11.500	0.200	14.190	0.000	-3700.000	-2820.020	5607.383	-73.573	806.408	103	103	96	96	56	479.270	459.671	-40.735	684.270	18.000	-1.000	0	0	0
36	10.599	Running	0	0	1	0	0	0	649	637	-5664.200	-10080.601	1440.500	186.800	279.980	1129.980	49.994	-96.800	0.000	0.000	18.000	1.000	1.400	0	11.500	0.000	0.000	0.000	-3700.000	-2820.020	5607.383	-73.573	806.408	103	103	96	96	56	479.270	460.201	-40.735	684.270	18.000	-1.000	0	0	0
37	10.907	Running	0	0	1	0	0	0	649	637	-5664.200	-10080.601	1440.500	186.800	279.980	1129.980	49.994	-96.800	0.000	0.000	18.000	1.000	1.400	0	11.500	0.000	0.000	0.000	-3700.000	-2820.020	5607.383	-73.573	806.408	103	103	96	96	56	479.270	460.703	-40.735	684.270	18.000	-1.000	0	0	0
38	11.234	Running	0	0	1	0	0	0	649	636	-5664.200	-10080.700	1440.500	188.400	279.980	1120.020	49.994	-98.400	0.100	9.961	18.000	1.000	1.600	0	11.600	0.100	9.961	0.000	-3700.000	-2820.020	5600.371	-73.573	806.408	103	102	96	96	55	472.602	461.008	-40.026	659.880	18.000	-1.000	0	0	0
39	11.545	Running	0	0	1	0	0	0	649	636	-5664.200	-10080.700	1440.500	188.400	279.980	1120.020	49.994	-98.400	0.000	0.000	18.000	1.000	1.600	0	11.600	0.000	0.000	0.000	-3700.000	-2820.020	5600.371	-73.573	806.408	103	102	96	96	55	472.602	461.298	-40.026	659.880	18.000	-1.000	0	0	0
40	11.951	Running	0	0	1	0	0	0	649	636	-5664.200	-10080.700	1440.500	188.400	279.980	1120.020	49.994	-98.400	0.000	0.000	18.000	1.000	1.600	0	11.600	0.000	0.000	0.000	-3700.000	-2820.020	5600.371	-73.573	806.408	103	102	96	96	55	472.602	461.573	-40.026	659.880	18.000	-1.000	0	0	0
41	12.252	Running	0	0	1	0	0	0	649	635	-5664.300	-10080.800	1440.500	189.800	269.971	1110.058	49.994	-99.800	0.141	14.122	18.000	1.000	1.700	0	11.700	0.100	14.122	0.000	-3700.000	-2820.020	5586.249	-83.583	796.398	103	102	96	96	56	472.634	461.837	-38.622	644.170	18.000	-1.000	0	0	0
42	12.545	Running	0	0	1	0	0	0	649	635	-5664.300	-10080.800	1440.500	189.800	269.971	1110.058	49.994	-99.800	0.000	0.000	18.000	1.000	1.700	0	11.700	0.000	0.000	0.000	-3700.000	-2820.020	5586.249	-83.583	796.398	103	102	96	96	56	472.634	462.088	-38.622	644.170	18.000	-1.000	0	0	0
43	12.830	Running	0	0	1	0	0	0	649	635	-5664.300	-10080.800	1440.500	189.800	269.971	1110.058	49.994	-99.800	0.000	0.000	18.000	1.000	1.700	0	11.700	0.000	0.000	0.000	-3700.000	-2820.020	5586.249	-83.583	796.398	103	102	96	96	56	472.634	462.328	-38.622	644.170	18.000	-1.000	0	0	0
44	13.172	Running	0	0	1	0	0	0	649	634	-5664.300	-10080.900	1440.500	191.700	269.971	1100.000	49.994	-101.700	0.101	10.059	18.000	1.000	1.800	0	11.900	0.200	10.059	0.000	-3700.000	-2820.020	5579.177	-83.583	796.398	103	102	96	96	55	466.020	462.410	-37.647	626.900	18.000	-1.000	0	0	0
45	13.526	Running	0	0	1	0	0	0	649	634	-5664.300	-10080.900	1440.500	191.700	269.971	1100.000	49.994	-101.700	0.000	0.000	18.000	1.000	1.800	0	11.900	0.000	0.000	0.000	-3700.000	-2820.020	5579.177	-83.583	796.398	103	102	96	96	55	466.020	462.488	-37.647	626.900	18.000	-1.000	0	0	0
46	13.832	Running	0	0	1	0	0	0	649	634	-5664.300	-10080.900	1440.500	191.700	269.971	1100.000	49.994	-101.700	0.000	0.000	18.000	1.000	1.800	0	11.900	0.000	0.000	0.000	-3700.000	-2820.020	5579.177	-83.583	796.398	103	102	96	96	55	466.020	462.563	-37.647	626.900	18.000	-1.000	0	0	0
47	14.119	Running	0	0	1	0	0	0	649	634	-5664.300	-10080.900	1440.500	191.700	269.971	1100.000	49.994	-101.700	0.000	0.000	18.000	1.000	1.800	0	11.900	0.000	0.000	0.000	-3700.000	-2820.020	5579.177	-83.583	796.398	103	102	96	96	55	466.020	462.635	-37.647	626.900	18.000	-1.000	0	0	0
48	14.406	Running	0	0	1	0	0	0	649	631	-5664.400	-10081.101	1440.500	193.700	260.010	1079.980	49.994	-103.700	0.224	22.361	18.000	1.000	1.900	0	12.000	0.100	22.361	0.000	-3700.000	-2820.020	5558.028	-93.544	786.437	103	102	96	96	53	459.530	462.572	-36.598	614.250	18.000	-1.000	0	0	0
49	14.695	Running	0	0	1	0	0	0	649	631	-5664.400	-10081.101	1440.500	193.700	260.010	1079.980	49.994	-103.700	0.000	0.000	18.000	1.000	1.900	0	12.000	0.000	0.000	0.000	-3700.000	-2820.020	5558.028	-93.544	786.437	103	102	96	96	53	459.530	462.511	-36.598	614.250	18.000	-1.000	0	0	0
50	14.986	Running	0	0	1	0	0	0	649	631	-5664.400	-10081.101	1440.500	193.700	260.010	1079.980	49.994	-103.700	0.000	0.000	18.000	1.000	1.900	0	12.000	0.000	0.000	0.000	-3700.000	-2820.020	5558.028	-93.544	786.437	103	102	96	96	53	459.530	462.453	-36.598	614.250	18.000	-1.000	0	0	0
51	15.272	Running	0	0	1	0	0	0	649	630	-5664.500	-10081.200	1440.500	196.000	250.000	1070.020	49.994	-106.000	0.141	14.121	18.000	1.000	2.100	0	12.200	0.200	14.121	0.000	-3700.000	-2820.020	5543.907	-103.553	776.427	103	101	95	95	54	459.561	462.397	-34.294	594.120	18.000	-0.980	0	0	0
52	15.556	Running	0	0	1	0	0	0	649	630	-5664.500	-10081.200	1440.500	196.000	250.000	1070.020	49.994	-106.000	0.000	0.000	18.000	0.980	2.100	0	12.200	0.000	0.000	0.000	-3700.000	-2820.020	5543.907	-103.553	776.427	103	101	95	95	54	459.561	462.344	-34.294	594.120	18.000	-0.980	0	0	0
53	15.852	Running	0	0	1	0	0	0	649	630	-5664.500	-10081.200	1440.500	196.000	250.000	1070.020	49.994	-106.000	0.000	0.000	18.000	0.980	2.100	0	12.200	0.000	0.000	0.000	-3700.000	-2820.020	5543.907	-103.553	776.427	103	101	95	95	54	459.561	462.292	-34.294	594.120	18.000	-0.980	0	0	0
54	16.134	Running	0	0	1	0	0	0	649	630	-5664.500	-10081.200	1440.500	196.000	250.000	1070.020	49.994	-106.000	0.000	0.000	18.000	0.980	2.100	0	12.200	0.000	0.000	0.000	-3700.000	-2820.020	5543.907	-103.553	776.427	103	101	95	95	54	459.561	462.242	-34.294	594.120	18.000	-0.980	0	0	0
55	16.413	Running	0	0	1	0	0	0	649	627	-5664.600	-10081.400	1440.500	198.700	239.990	1050.000	49.994	-108.700	0.224	22.383	18.000	0.980	2.300	0	12.400	0.200	22.383	0.000	-3700.000	-2820.020	5522.732	-113.563	766.417	102	101	95	95	53	453.232	462.081	-32.567	564.560	18.000	-0.930	0	0	0
56	16.692	Running	0	0	1	0	0	0	649	627	-5664.600	-10081.400	1440.500	198.700	239.990	1050.000	49.994	-108.700	0.000	0.000	18.000	0.930	2.300	0	12.400	0.000	0.000	0.000	-3700.000	-2820.020	5522.732	-113.563	766.417	102	101	95	95	53	453.232	461.926	-32.567	564.560	18.000	-0.930	0	0	0
57	16.983	Running	0	0	1	0	0	0	649	627	-5664.600	-10081.400	1440.500	198.700	239.990	1050.000	49.994	-108.700	0.000	0.000	18.000	0.930	2.300	0	12.400	0.000	0.000	0.000	-3700.000	-2820.020	5522.732	-113.563	766.417	102	101	95	95	53	453.232	461.776	-32.567	564.560	18.000	-0.930	0	0	0
58	17.273	Running	0	0	1	0	0	0	649	624	-5664.800	-10081.601	1440.500	201.200	219.971	1029.980	49.994	-111.200	0.283	28.312	18.000	0.930	2.400	0	12.700	0.300	28.312	0.000	-3700.000	-2820.020	5494.422	-133.583	746.398	102	101	95	95	53	453.232	461.631	-30.067	545.620	20.481	-0.859	0	0	0
59	17.561	Running	0	0	1	0	0	0	649	624	-5664.800	-10081.601	1440.500	201.200	219.971	1029.980	49.994	-111.200	0.000	0.000	20.481	0.859	2.400	0	12.700	0.000	0.000	0.000	-3700.000	-2820.020	5494.422	-133.583	746.398	102	101	95	95	53	453.232	461.491	-30.067	545.620	20.481	-0.859	0	0	0
60	17.842	Running	0	0	1	0	0	0	649	624	-5664.800	-10081.601	1440.500	201.200	219.971	1029.980	49.994	-111.200	0.000	0.000	20.481	0.859	2.400	0	12.700	0.000	0.000	0.000	-3700.000	-2820.020	5494.422	-133.583	746.398	102	101	95	95	53	453.232	461.356	-30.067	545.620	20.481	-0.859	0	0	0
61	18.150	Running	0	0	1	0	0	0	649	622	-5664.900	-10081.800	1440.500	203.500	210.010	1010.058	49.994	-113.500	0.223	22.273	20.481	0.859	2.600	0	12.900	0.200	22.273	0.000	-3700.000	-2820.020	5473.360	-143.544	736.437	102	100	95	95	52	447.067	461.126	-28.763	531.500	22.986	-0.822	0	0	0
62	18.480	Running	0	0	1	0	0	0	649	622	-5664.900	-10081.800	1440.500	203.500	210.010	1010.058	49.994	-113.500	0.000	0.000	22.986	0.822	2.600	0	12.900	0.000	0.000	0.000	-3700.000	-2820.020	5473.360	-143.544	736.437	102	100	95	95	52	447.067	460.902	-28.763	531.500	22.986	-0.822	0	0	0
63	18.779	Running	0	0	1	0	0	0	649	622	-5664.900	-10081.800	1440.500	203.500	210.010	1010.058	49.994	-113.500	0.000	0.000	22.986	0.822	2.600	0	12.900	0.000	0.000	0.000	-3700.000	-2820.020	5473.360	-143.544	736.437	102	100	95	95	52	447.067	460.686	-28.763	531.500	22.986	-0.822	0	0	0
64	19.105	Running	0	0	1	0	0	0	649	622	-5664.900	-10081.800	1440.500	203.500	210.010	1010.058	49.994	-113.500	0.000	0.000	22.986	0.822	2.600	0	12.900	0.000	0.000	0.000	-3700.000	-2820.020	5473.360	-143.544	736.437	102	100	95	95	52	447.067	460.477	-28.763	531.500	22.986	-0.822	0	0	0
65	19.380	Running	0	0	1	0	0	0	649	619	-5665.100	-10082.000	1440.600	206.000	189.990	990.039	59.992	-116.000	0.300	30.025	22.986	0.822	3.000	0	13.200	0.300	28.312	0.000	-3700.000	-2820.020	5445.050	-163.563	716.417	101	100	94	94	53	447.067	460.274	-26.263	517.930	27.478	-0.750	0	0	0
66	19.669	Running	0	0	1	0	0	0	649	619	-5665.100	-10082.000	1440.600	206.000	189.990	990.039	59.992	-116.000	0.000	0.000	27.478	0.750	3.000	0	13.200	0.000	0.000	0.000	-3700.000	-2820.020	5445.050	-163.563	716.417	101	100	94	94	53	447.067	460.076	-26.263	517.930	27.478	-0.750	0	0	0
67	19.948	Running	0	0	1	0	0	0	649	619	-5665.100	-10082.000	1440.600	206.000	189.990	990.039	59.992	-116.000	0.000	0.000	27.478	0.750	3.000	0	13.200	0.000	0.000	0.000	-3700.000	-2820.020	5445.050	-163.563	716.417	101	100	94	94	53	447.067	459.885	-26.263	517.930	27.478	-0.750	0	0	0
68	20.233	Running	0	0	1	0	0	0	649	615	-5665.300	-10082.200	1440.600	208.200	169.971	970.020	59.992	-118.200	0.283	28.312	27.478	0.750	3.300	0	13.500	0.300	28.312	0.000	-3700.000	-2820.020	5416.740	-183.583	696.398	101	99	94	94	52	447.067	459.699	-24.063	481.220	30.000	-0.688	0	0	0
69	20.525	Running	0	0	1	0	0	0	649	615	-5665.300	-10082.200	1440.600	208.200	169.971	970.020	59.992	-118.200	0.000	0.000	30.000	0.688	3.300	0	13.500	0.000	0.000	0.000	-3700.000	-2820.020	5416.740	-183.583	696.398	101	99	94	94	52	447.067	459.519	-24.063	481.220	30.000	-0.688	0	0	0
70	20.826	Running	0	0	1	0	0	0	649	615	-5665.300	-10082.200	1440.600	208.200	169.971	970.020	59.992	-118.200	0.000	0.000	30.000	0.688	3.300	0	13.500	0.000	0.000	0.000	-3700.000	-2820.020	5416.740	-183.583	696.398	101	99	94	94	52	447.067	459.344	-24.063	481.220	30.000	-0.688	0	0	0
71	21.161	Running	0	0	1	0	0	0	649	612	-5665.400	-10082.500	1440.600	210.200	160.010	940.039	59.992	-120.200	0.316	31.592	30.000	0.688	3.800	0	13.700	0.200	31.592	0.000	-3700.000	-2820.020	5388.666	-193.544	686.437	101	99	94	94	50	435.102	459.007	-24.148	447.250	30.000	-0.690	0	0	0
72	21.520	Running	0	0	1	0	0	0	649	612	-5665.400	-10082.500	1440.600	210.200	160.010	940.039	59.992	-120.200	0.000	0.000	30.000	0.690	3.800	0	13.700	0.000	0.000	0.000	-3700.000	-2820.020	5388.666	-193.544	686.437	101	99	94	94	50	435.102	458.679	-24.148	447.250	30.000	-0.690	0	0	0
73	21.859	Running	0	0	1	0	0	0	649	612	-5665.400	-10082.500	1440.600	210.200	160.010	940.039	59.992	-120.200	0.000	0.000	30.000	0.690	3.800	0	13.700	0.000	0.000	0.000	-3700.000	-2820.020	5388.666	-193.544	686.437	101	99	94	94	50	435.102	458.361	-24.148	447.250	30.000	-0.690	0	0	0
74	22.183	Running	0	0	1	0	0	0	649	609	-5665.600	-10082.700	1440.600	212.000	139.990	920.020	59.992	-122.000	0.283	28.312	30.000	0.690	4.500	0	14.100	0.400	28.312	0.000	-3700.000	-2820.020	5360.356	-213.563	666.417	100	98	93	93	51	435.102	458.051	-22.348	376.990	30.000	-0.639	0	0	0
75	22.487	Running	0	0	1	0	0	0	649	609	-5665.600	-10082.700	1440.600	212.000	139.990	920.020	59.992	-122.000	0.000	0.000	30.000	0.639	4.500	0	14.100	0.000	0.000	0.000	-3700.000	-2820.020	5360.356	-213.563	666.417	100	98	93	93	51	435.102	457.749	-22.348	376.990	30.000	-0.639	0	0	0
76	22.835	Running	0	0	1	0	0	0	649	609	-5665.600	-10082.700	1440.600	212.000	139.990	920.020	59.992	-122.000	0.000	0.000	30.000	0.639	4.500	0	14.100	0.000	0.000	0.000	-3700.000	-2820.020	5360.356	-213.563	666.417	100	98	93	93	51	435.102	457.455	-22.348	376.990	30.000	-0.639	0	0	0
77	23.164	Running	0	0	1	0	0	0	649	604	-5665.900	-10083.000	1440.600	214.100	110.010	890.039	59.992	-124.100	0.424	42.399	30.000	0.639	5.200	0	14.400	0.300	42.399	0.000	-3700.000	-2820.020	5317.961	-243.544	636.437	100	98	93	93	50	435.102	457.168	-20.248	259.960	30.000	-0.579	0	0	0
78	23.451	Running	0	0	1	0	0	0	649	604	-5665.900	-10083.000	1440.600	214.100	110.010	890.039	59.992	-124.100	0.000	0.000	30.000	0.579	5.200	0	14.400	0.000	0.000	0.000	-3700.000	-2820.020	5317.961	-243.544	636.437	100	98	93	93	50	435.102	456.889	-20.248	259.960	30.000	-0.579	0	0	0
79	23.726	Running	0	0	1	0	0	0	649	604	-5665.900	-10083.000	1440.600	214.100	110.010	890.039	59.992	-124.100	0.000	0.000	30.000	0.579	5.200	0	14.400	0.000	0.000	0.000	-3700.000	-2820.020	5317.961	-243.544	636.437	100	98	93	93	50	435.102	456.616	-20.248	259.960	30.000	-0.579	0	0	0
80	24.003	Running	0	0	1	0	0	0	649	604	-5665.900	-10083.000	1440.600	214.100	110.010	890.039	59.992	-124.100	0.000	0.000	30.000	0.579	5.200	0	14.400	0.000	0.000	0.000	-3700.000	-2820.020	5317.961	-243.544	636.437	100	98	93	93	50	435.102	456.351	-20.248	259.960	30.000	-0.579	0	0	0
81	24.280	Running	0	0	1	0	0	0	649	598	-5666.200	-10083.400	1440.700	216.400	79.980	850.000	70.001	-126.400	0.510	51.040	30.000	0.579	6.100	0	14.900	0.500	50.049	0.000	-3700.000	-2820.020	5268.519	-273.573	606.408	99	97	92	92	49	429.345	456.021	-19.034	320.100	30.000	-0.544	0	0	0
82	24.589	Running	0	0	1	0	0	0	649	598	-5666.200	-10083.400	1440.700	216.400	79.980	850.000	70.001	-126.400	0.000	0.000	30.000	0.544	6.100	0	14.900	0.000	0.000	0.000	-3700.000	-2820.020	5268.519	-273.573	606.408	99	97	92	92	49	429.345	455.700	-19.034	320.100	30.000	-0.544	0	0	0
83	24.925	Running	0	0	1	0	0	0	649	598	-5666.200	-10083.400	1440.700	216.400	79.980	850.000	70.001	-126.400	0.000	0.000	30.000	0.544	6.100	0	14.900	0.000	0.000	0.000	-3700.000	-2820.020	5268.519	-273.573	606.408	99	97	92	92	49	429.345	455.386	-19.034	320.100	30.000	-0.544	0	0	0
84	25.224	Running	0	0	1	0	0	0	649	594	-5666.500	-10083.700	1440.700	218.000	50.000	820.020	70.001	-128.000	0.424	42.399	30.000	0.544	6.800	0	15.300	0.400	42.399	0.000	-3700.000	-2820.020	5226.125	-303.553	576.427	99	96	91	91	50	429.345	455.080	-17.434	280.880	30.000	-0.498	0	0	0
85	25.533	Running	0	0	1	0	0	0	649	594	-5666.500	-10083.700	1440.700	218.000	50.000	820.020	70.001	-128.000	0.000	0.000	30.000	0.498	6.800	0	15.300	0.000	0.000	0.000	-3700.000	-2820.020	5226.125	-303.553	576.427	99	96	91	91	50	429.345	454.781	-17.434	280.880	30.000	-0.498	0	0	0
86	25.815	Running	0	0	1	0	0	0	649	594	-5666.500	-10083.700	1440.700	218.000	50.000	820.020	70.001	-128.000	0.000	0.000	30.000	0.498	6.800	0	15.300	0.000	0.000	0.000	-3700.000	-2820.020	5226.125	-303.553	576.427	99	96	91	91	50	429.345	454.488	-17.434	280.880	30.000	-0.498	0	0	0
87	26.100	Running	0	0	1	0	0	0	649	587	-5666.900	-10084.101	1440.700	220.200	10.010	779.980	70.001	-130.200	0.566	56.589	30.000	0.498	7.800	0	15.900	0.600	56.589	0.000	-3700.000	-2820.020	5169.543	-343.544	536.437	98	96	91	91	49	429.317	454.202	-15.239	222.920	30.000	-0.435	0	0	0
88	26.372	Running	0	0	1	0	0	0	649	587	-5666.900	-10084.101	1440.700	220.200	10.010	779.980	70.001	-130.200	0.000	0.000	30.000	0.435	7.800	0	15.900	0.000	0.000	0.000	-3700.000	-2820.020	5169.543	-343.544	536.437	98	96	91	91	49	429.317	453.923	-15.239	222.920	30.000	-0.435	0	0	0
89	26.654	Running	0	0	1	0	0	0	649	587	-5666.900	-10084.101	1440.700	220.200	10.010	779.980	70.001	-130.200	0.000	0.000	30.000	0.435	7.800	0	15.900	0.000	0.000	0.000	-3700.000	-2820.020	5169.543	-343.544	536.437	98	96	91	91	49	429.317	453.649	-15.239	222.920	30.000	-0.435	0	0	0
90	26.931	Running	0	0	1	0	0	0	649	587	-5666.900	-10084.101	1440.700	220.200	10.010	779.980	70.001	-130.200	0.000	0.000	30.000	0.435	7.800	0	15.900	0.000	0.000	0.000	-3700.000	-2820.020	5169.543	-343.544	536.437	98	96	91	91	49	429.317	453.382	-15.239	222.920	30.000	-0.435	0	0	0
91	27.269	Obstacle hits: +1	0	0	1	0	1	82	619	619	-5667.400	-10084.700	1440.800	222.800	-39.990	720.020	79.999	-132.800	0.787	78.710	30.000	0.435	9.100	0	16.700	0.800	78.072	0.000	-3700.000	-2820.020	5091.910	-463.391	904.980	97	94	88	98	51	462.038	453.476	-70.798	139.730	18.000	-1.000	1	0	1
92	27.601	Running	0	0	1	0	0	0	619	619	-5667.400	-10084.700	1440.800	222.800	-39.990	720.020	79.999	-132.800	0.000	0.000	18.000	1.000	9.100	0	16.700	0.000	0.000	0.000	-3700.000	-2820.020	5091.910	-463.391	904.980	97	94	88	98	51	462.038	453.568	-70.798	139.730	18.000	-1.000	0	0	1
93	27.895	Running	0	0	1	0	0	0	619	619	-5667.400	-10084.700	1440.800	222.800	-39.990	720.020	79.999	-132.800	0.000	0.000	18.000	1.000	9.100	0	16.700	0.000	0.000	0.000	-3700.000	-2820.020	5091.910	-463.391	904.980	97	94	88	98	51	462.038	453.658	-70.798	139.730	18.000	-1.000	0	0	1
94	28.187	Running	0	0	1	0	0	0	619	619	-5667.500	-10084.601	1440.800	223.300	-50.000	729.980	79.999	-133.300	0.141	14.121	18.000	1.000	-1.500	0	17.000	0.300	14.121	0.000	-3700.000	-2820.020	5091.660	-476.754	903.227	97	95	88	98	53	460.579	453.731	-68.795	122.780	18.000	-1.000	0	0	1
95	28.469	Running	0	0	1	0	0	0	619	619	-5667.500	-10084.601	1440.800	223.300	-50.000	729.980	79.999	-133.300	0.000	0.000	18.000	1.000	-1.500	0	17.000	0.000	0.000	0.000	-3700.000	-2820.020	5091.660	-476.754	903.227	97	95	88	98	53	460.579	453.802	-68.795	122.780	18.000	-1.000	0	0	1
96	28.752	Running	0	0	1	0	0	0	619	619	-5667.500	-10084.601	1440.800	223.300	-50.000	729.980	79.999	-133.300	0.000	0.000	18.000	1.000	-1.500	0	17.000	0.000	0.000	0.000	-3700.000	-2820.020	5091.660	-476.754	903.227	97	95	88	98	53	460.579	453.872	-68.795	122.780	18.000	-1.000	0	0	1
97	29.097	Running	0	0	1	0	0	0	619	618	-5667.500	-10084.500	1440.800	219.700	-50.000	740.039	79.999	-129.700	0.101	10.059	18.000	1.000	-1.500	0	17.200	0.200	10.059	0.000	-3700.000	-2820.020	5098.678	-476.798	903.182	97	95	88	98	52	456.916	453.903	-71.219	154.930	18.000	-1.000	0	0	1
98	29.409	Running	0	0	1	0	0	0	619	618	-5667.500	-10084.500	1440.800	219.700	-50.000	740.039	79.999	-129.700	0.000	0.000	18.000	1.000	-1.500	0	17.200	0.000	0.000	0.000	-3700.000	-2820.020	5098.678	-476.798	903.182	97	95	88	98	52	456.916	453.934	-71.219	154.930	18.000	-1.000	0	0	1
99	29.690	Running	0	0	1	0	0	0	619	618	-5667.500	-10084.500	1440.800	219.700	-50.000	740.039	79.999	-129.700	0.000	0.000	18.000	1.000	-1.500	0	17.200	0.000	0.000	0.000	-3700.000	-2820.020	5098.678	-476.798	903.182	97	95	88	98	52	456.916	453.964	-71.219	154.930	18.000	-1.000	0	0	1
100	29.970	Running	0	0	1	0	0	0	619	618	-5667.500	-10084.500	1440.800	219.700	-50.000	740.039	79.999	-129.700	0.000	0.000	18.000	1.000	-1.500	0	17.200	0.000	0.000	0.000	-3700.000	-2820.020	5098.678	-476.798	903.182	97	95	88	98	52	456.916	453.993	-71.219	154.930	18.000	-1.000	0	0	1
101	30.251	Obstacle hits: +1	0	1	1	0	1	95	688	688	-5667.400	-10084.400	1440.800	219.300	-39.990	750.000	79.999	-129.300	0.141	14.121	18.000	1.000	-1.200	0	17.300	0.100	14.121	0.000	-3700.000	-2820.020	5112.799	-104.677	670.968	97	95	95	93	52	102.130	450.543	-169.931	177.130	30.000	0.000	1	0	2
102	30.608	Running: forward-hold	0	1	1	0	0	0	688	688	-5667.400	-10084.400	1440.800	219.300	-39.990	750.000	79.999	-129.300	0.000	0.000	30.000	0.000	-1.200	0	17.300	0.000	0.000	0.000	-3700.000	-2820.020	5112.799	-104.677	670.968	97	95	95	93	52	102.130	447.160	-169.931	177.130	30.000	0.000	0	0	2
103	30.898	Running: forward-hold	0	1	1	0	0	0	688	688	-5667.400	-10084.400	1440.800	219.300	-39.990	750.000	79.999	-129.300	0.000	0.000	30.000	0.000	-1.200	0	17.300	0.000	0.000	0.000	-3700.000	-2820.020	5112.799	-104.677	670.968	97	95	95	93	52	102.130	443.843	-169.931	177.130	30.000	0.000	0	0	2
104	31.193	Obstacle hits: +1	0	0	1	0	1	97	685	685	-5667.300	-10084.300	1440.700	218.100	-30.029	760.058	70.001	-128.100	0.173	17.331	30.000	0.000	-0.800	0	17.400	0.100	14.156	0.000	-3700.000	-2820.020	5126.953	275.000	719.021	97	95	103	94	52	307.777	442.547	120.438	179.260	18.000	1.000	1	0	3
105	31.558	Running	0	0	1	0	0	0	685	685	-5667.300	-10084.300	1440.700	218.100	-30.029	760.058	70.001	-128.100	0.000	0.000	18.000	-1.000	-0.800	0	17.400	0.000	0.000	0.000	-3700.000	-2820.020	5126.953	275.000	719.021	97	95	103	94	52	307.777	441.276	120.438	179.260	18.000	1.000	0	0	3
106	31.887	Obstacle hits: +1	0	1	1	0	1	95	693	693	-5667.300	-10084.300	1440.700	218.100	-30.029	760.058	70.001	-128.100	0.000	0.000	18.000	-1.000	-0.800	0	17.400	0.000	0.000	0.000	-3700.000	-2820.020	5126.953	-94.361	678.013	97	95	96	93	52	104.260	438.126	-165.579	179.260	30.000	0.000	1	0	4
107	32.270	Running: forward-hold	0	1	1	0	0	0	693	693	-5667.300	-10084.300	1440.700	217.900	-30.029	760.058	70.001	-127.900	0.000	0.000	30.000	0.000	-0.200	0	17.500	0.100	0.000	0.000	-3700.000	-2820.020	5126.953	-95.561	675.879	97	95	96	93	52	106.680	435.057	-165.779	181.680	30.000	0.000	0	0	4
108	32.599	Running: forward-hold	0	1	1	0	0	0	693	693	-5667.300	-10084.300	1440.700	217.900	-30.029	760.058	70.001	-127.900	0.000	0.000	30.000	0.000	-0.200	0	17.500	0.000	0.000	0.000	-3700.000	-2820.020	5126.953	-95.561	675.879	97	95	96	93	52	106.680	432.044	-165.779	181.680	30.000	0.000	0	0	4
109	32.949	Running: forward-hold	0	1	1	0	0	0	693	693	-5667.300	-10084.300	1440.700	217.900	-30.029	760.058	70.001	-127.900	0.000	0.000	30.000	0.000	-0.200	0	17.500	0.000	0.000	0.000	-3700.000	-2820.020	5126.953	-95.561	675.879	97	95	96	93	52	106.680	429.086	-165.779	181.680	30.000	0.000	0	0	4
110	33.239	Obstacle hits: +1	0	1	1	0	1	95	693	693	-5667.300	-10084.300	1440.800	217.900	-30.029	760.058	79.999	-127.900	0.100	9.998	30.000	0.000	0.300	0	17.500	0.000	0.000	0.000	-3700.000	-2820.020	5126.953	-96.219	675.035	97	95	96	93	52	107.750	426.192	-165.779	182.750	30.000	0.000	1	0	5
111	33.589	Running: forward-hold	0	1	1	0	0	0	693	693	-5667.300	-10084.300	1440.800	217.900	-30.029	760.058	79.999	-127.900	0.000	0.000	30.000	0.000	0.300	0	17.500	0.000	0.000	0.000	-3700.000	-2820.020	5126.953	-96.219	675.035	97	95	96	93	52	107.750	423.348	-165.779	182.750	30.000	0.000	0	0	5
112	33.923	Running: forward-hold	0	1	1	0	0	0	693	693	-5667.300	-10084.300	1440.800	217.900	-30.029	760.058	79.999	-127.900	0.000	0.000	30.000	0.000	0.300	0	17.500	0.000	0.000	0.000	-3700.000	-2820.020	5126.953	-96.219	675.035	97	95	96	93	52	107.750	420.555	-165.779	182.750	30.000	0.000	0	0	5
113	34.215	Running: forward-hold	0	1	1	0	0	0	693	694	-5667.300	-10084.400	1440.800	217.900	-30.029	750.000	79.999	-127.900	0.101	10.059	30.000	0.000	0.900	0	17.600	0.100	10.059	0.000	-3700.000	-2820.020	5119.934	-91.876	670.555	97	95	96	93	52	100.680	417.750	-166.663	175.680	30.000	0.000	0	0	5
114	34.506	Running: forward-hold	0	1	1	0	0	0	693	694	-5667.300	-10084.400	1440.800	217.900	-30.029	750.000	79.999	-127.900	0.000	0.000	30.000	0.000	0.900	0	17.600	0.000	0.000	0.000	-3700.000	-2820.020	5119.934	-91.876	670.555	97	95	96	93	52	100.680	414.992	-166.663	175.680	30.000	0.000	0	0	5
115	34.799	Running: forward-hold	0	1	1	0	0	0	693	694	-5667.300	-10084.400	1440.800	217.900	-30.029	750.000	79.999	-127.900	0.000	0.000	30.000	0.000	0.900	0	17.600	0.000	0.000	0.000	-3700.000	-2820.020	5119.934	-91.876	670.555	97	95	96	93	52	100.680	412.283	-166.663	175.680	30.000	0.000	0	0	5
116	35.091	Obstacle hits: +1	0	1	1	0	1	95	695	695	-5667.400	-10084.500	1440.800	217.900	-39.990	740.039	79.999	-127.900	0.141	14.087	30.000	0.000	1.500	0	17.700	0.100	14.087	0.000	-3700.000	-2820.020	5105.849	-93.851	670.852	97	95	96	93	52	87.680	409.508	-169.093	162.680	30.000	0.000	1	0	6
117	35.424	Running: forward-hold	0	1	1	0	0	0	695	695	-5667.400	-10084.500	1440.800	217.900	-39.990	740.039	79.999	-127.900	0.000	0.000	30.000	0.000	1.500	0	17.700	0.000	0.000	0.000	-3700.000	-2820.020	5105.849	-93.851	670.852	97	95	96	93	52	87.680	406.781	-169.093	162.680	30.000	0.000	0	0	6
118	35.753	Running: forward-hold	0	1	1	0	0	0	695	695	-5667.400	-10084.500	1440.800	217.900	-39.990	740.039	79.999	-127.900	0.000	0.000	30.000	0.000	1.500	0	17.700	0.000	0.000	0.000	-3700.000	-2820.020	5105.849	-93.851	670.852	97	95	96	93	52	87.680	404.100	-169.093	162.680	30.000	0.000	0	0	6
119	36.062	Running: forward-hold	0	1	1	0	0	0	695	695	-5667.400	-10084.500	1440.800	218.300	-39.990	740.039	79.999	-128.300	0.000	0.000	30.000	0.000	0.100	0	17.800	0.100	0.000	0.309	-3700.000	-2820.020	5105.849	-91.426	674.910	97	95	96	93	52	82.990	401.424	-168.693	157.990	30.000	0.000	0	0	6
120	36.331	Running: forward-hold	0	1	1	0	0	0	695	695	-5667.400	-10084.500	1440.800	218.300	-39.990	740.039	79.999	-128.300	0.000	0.000	30.000	0.000	0.100	0	17.800	0.000	0.000	0.578	-3700.000	-2820.020	5105.849	-91.426	674.910	97	95	96	93	52	82.990	398.792	-168.693	157.990	30.000	0.000	0	0	6
121	36.612	Running: forward-hold	0	1	1	0	0	0	695	695	-5667.400	-10084.500	1440.800	218.300	-39.990	740.039	79.999	-128.300	0.000	0.000	30.000	0.000	0.100	0	17.800	0.000	0.000	0.860	-3700.000	-2820.020	5105.849	-91.426	674.910	97	95	96	93	52	82.990	396.203	-168.693	157.990	30.000	0.000	0	0	6
122	36.886	Running: forward-hold	0	1	1	0	0	0	695	695	-5667.400	-10084.500	1440.800	218.300	-39.990	740.039	79.999	-128.300	0.000	0.000	30.000	0.000	0.100	0	17.800	0.000	0.000	1.134	-3700.000	-2820.020	5105.849	-91.426	674.910	97	95	96	93	52	82.990	393.657	-168.693	157.990	30.000	0.000	0	0	6
123	37.233	Running: forward-hold	0	1	1	0	0	0	695	695	-5667.400	-10084.500	1440.800	218.500	-39.990	740.039	79.999	-128.500	0.000	0.000	30.000	0.000	0.000	0	17.800	0.000	0.000	1.480	-3700.000	-2820.020	5105.849	-91.665	675.075	97	95	96	93	52	83.010	391.152	-168.493	158.010	30.000	0.000	0	0	6
124	37.551	Running: forward-hold	0	1	1	0	0	0	695	695	-5667.400	-10084.500	1440.800	218.500	-39.990	740.039	79.999	-128.500	0.000	0.000	30.000	0.000	0.000	0	17.800	0.000	0.000	1.799	-3700.000	-2820.020	5105.849	-91.665	675.075	97	95	96	93	52	83.010	388.687	-168.493	158.010	30.000	0.000	0	0	6
125	37.837	Running: forward-hold	0	1	1	0	0	0	695	695	-5667.400	-10084.500	1440.800	218.500	-39.990	740.039	79.999	-128.500	0.000	0.000	30.000	0.000	0.000	0	17.800	0.000	0.000	2.085	-3700.000	-2820.020	5105.849	-91.665	675.075	97	95	96	93	52	83.010	386.261	-168.493	158.010	30.000	0.000	0	0	6
126	38.128	Obstacle hits: +1	0	1	1	0	1	95	695	695	-5667.400	-10084.500	1440.800	218.600	-39.990	740.039	79.999	-128.600	0.000	0.000	30.000	0.000	0.000	0	17.800	0.000	0.000	2.375	-3700.000	-2820.020	5105.849	-91.679	675.290	97	95	96	93	52	82.850	383.872	-168.393	157.850	30.000	0.000	1	0	7
127	38.477	Running: forward-hold	0	1	1	0	0	0	695	695	-5667.400	-10084.500	1440.800	218.600	-39.990	740.039	79.999	-128.600	0.000	0.000	30.000	0.000	0.000	0	17.800	0.000	0.000	2.724	-3700.000	-2820.020	5105.849	-91.679	675.290	97	95	96	93	52	82.850	381.520	-168.393	157.850	30.000	0.000	0	0	7
128	38.802	Running: forward-hold	0	1	1	0	0	0	695	695	-5667.400	-10084.500	1440.800	218.600	-39.990	740.039	79.999	-128.600	0.000	0.000	30.000	0.000	0.000	0	17.800	0.000	0.000	3.049	-3700.000	-2820.020	5105.849	-91.679	675.290	97	95	96	93	52	82.850	379.205	-168.393	157.850	30.000	0.000	0	0	7
129	39.124	Running: forward-hold	0	1	1	0	0	0	695	695	-5667.400	-10084.500	1440.800	218.700	-39.990	740.039	79.999	-128.700	0.000	0.000	30.000	0.000	0.000	0	17.800	0.000	0.000	3.371	-3700.000	-2820.020	5105.849	-91.641	675.568	97	95	96	93	52	82.610	376.923	-168.293	157.610	30.000	0.000	0	0	7
130	39.507	Running: forward-hold	0	1	1	0	0	0	695	695	-5667.400	-10084.500	1440.800	218.700	-39.990	740.039	79.999	-128.700	0.000	0.000	30.000	0.000	0.000	0	17.800	0.000	0.000	3.755	-3700.000	-2820.020	5105.849	-91.641	675.568	97	95	96	93	52	82.610	374.676	-168.293	157.610	30.000	0.000	0	0	7
131	39.829	Running: forward-hold	0	1	1	0	0	0	695	695	-5667.400	-10084.500	1440.800	218.700	-39.990	740.039	79.999	-128.700	0.000	0.000	30.000	0.000	0.000	0	17.800	0.000	0.000	4.076	-3700.000	-2820.020	5105.849	-91.641	675.568	97	95	96	93	52	82.610	372.464	-168.293	157.610	30.000	0.000	0	0	7
132	40.184	Running: forward-hold	0	1	1	0	0	0	695	695	-5667.400	-10084.500	1440.800	218.800	-39.990	740.039	79.999	-128.800	0.000	0.000	30.000	0.000	0.000	0	17.800	0.000	0.000	4.431	-3700.000	-2820.020	5105.849	-91.829	675.564	97	95	96	93	52	82.730	370.285	-168.193	157.730	30.000	0.000	0	0	7
133	40.515	Running: forward-hold	0	1	1	0	0	0	695	695	-5667.400	-10084.500	1440.800	218.800	-39.990	740.039	79.999	-128.800	0.000	0.000	30.000	0.000	0.000	0	17.800	0.000	0.000	4.763	-3700.000	-2820.020	5105.849	-91.829	675.564	97	95	96	93	52	82.730	368.139	-168.193	157.730	30.000	0.000	0	0	7
134	40.827	Running: forward-hold	0	1	1	0	0	0	695	695	-5667.400	-10084.500	1440.800	218.800	-39.990	740.039	79.999	-128.800	0.000	0.000	30.000	0.000	0.000	0	17.800	0.000	0.000	5.074	-3700.000	-2820.020	5105.849	-91.829	675.564	97	95	96	93	52	82.730	366.025	-168.193	157.730	30.000	0.000	0	0	7
135	41.165	Running: forward-hold	0	1	1	0	0	0	695	695	-5667.400	-10084.500	1440.800	219.000	-39.990	740.039	79.999	-129.000	0.000	0.000	30.000	0.000	0.000	0	17.800	0.000	0.000	5.412	-3700.000	-2820.020	5105.849	-92.262	675.489	97	95	96	93	52	83.060	363.945	-167.993	158.060	30.000	0.000	0	0	7
136	41.453	Running: forward-hold	0	1	1	0	0	0	695	695	-5667.400	-10084.500	1440.800	219.000	-39.990	740.039	79.999	-129.000	0.000	0.000	30.000	0.000	0.000	0	17.800	0.000	0.000	5.700	-3700.000	-2820.020	5105.849	-92.262	675.489	97	95	96	93	52	83.060	361.894	-167.993	158.060	30.000	0.000	0	0	7
137	41.730	Running: forward-hold	0	1	1	0	0	0	695	695	-5667.400	-10084.500	1440.800	219.000	-39.990	740.039	79.999	-129.000	0.000	0.000	30.000	0.000	0.000	0	17.800	0.000	0.000	5.978	-3700.000	-2820.020	5105.849	-92.262	675.489	97	95	96	93	52	83.060	359.874	-167.993	158.060	30.000	0.000	0	0	7
138	42.011	Running: forward-hold	0	1	1	0	0	0	695	695	-5667.400	-10084.500	1440.800	219.000	-39.990	740.039	79.999	-129.000	0.000	0.000	30.000	0.000	0.000	0	17.800	0.000	0.000	6.258	-3700.000	-2820.020	5105.849	-92.262	675.489	97	95	96	93	52	83.060	357.882	-167.993	158.060	30.000	0.000	0	0	7
139	42.290	Running: forward-hold	0	1	1	0	0	0	695	696	-5667.400	-10084.601	1440.800	219.100	-39.990	729.980	79.999	-129.100	0.101	10.059	30.000	0.000	0.000	0	17.800	0.000	10.059	0.000	-3700.000	-2820.020	5098.840	-92.317	665.592	97	95	96	93	52	82.970	355.919	-168.579	157.970	30.000	0.000	0	0	7
140	42.565	Running: forward-hold	0	1	1	0	0	0	695	696	-5667.400	-10084.601	1440.800	219.100	-39.990	729.980	79.999	-129.100	0.000	0.000	30.000	0.000	0.000	0	17.800	0.000	0.000	0.275	-3700.000	-2820.020	5098.840	-92.317	665.592	97	95	96	93	52	82.970	353.983	-168.579	157.970	30.000	0.000	0	0	7
141	42.907	Obstacle hits: +1	0	1	1	0	1	100	706	706	-5667.400	-10084.601	1440.800	219.100	-39.990	729.980	79.999	-129.100	0.000	0.000	30.000	0.000	0.000	0	17.800	0.000	0.000	0.617	-3700.000	-2820.020	5098.840	-92.317	665.592	97	95	96	93	52	82.970	352.074	158.516	157.970	30.000	0.000	1	0	8
142	43.345	Running: forward-hold	0	1	1	0	0	0	706	706	-5667.400	-10084.601	1440.800	219.200	-39.990	729.980	79.999	-129.200	0.000	0.000	30.000	0.000	0.000	0	17.800	0.000	0.000	1.055	-3700.000	-2820.020	5098.840	-92.253	665.900	97	95	96	93	52	82.690	350.191	158.616	157.690	30.000	0.000	0	0	8
143	43.672	Running: forward-hold	0	1	1	0	0	0	706	706	-5667.400	-10084.601	1440.800	219.200	-39.990	729.980	79.999	-129.200	0.000	0.000	30.000	0.000	0.000	0	17.800	0.000	0.000	1.382	-3700.000	-2820.020	5098.840	-92.253	665.900	97	95	96	93	52	82.690	348.333	158.616	157.690	30.000	0.000	0	0	8
144	44.014	Running: forward-hold	0	1	1	0	0	0	706	706	-5667.400	-10084.601	1440.800	219.300	-39.990	729.980	79.999	-129.300	0.000	0.000	30.000	0.000	0.000	0	17.800	0.000	0.000	1.724	-3700.000	-2820.020	5098.840	-92.295	666.077	97	95	96	93	52	82.580	346.500	158.716	157.580	30.000	0.000	0	0	8
145	44.332	Running: forward-hold	0	1	1	0	0	0	706	706	-5667.400	-10084.601	1440.800	219.300	-39.990	729.980	79.999	-129.300	0.000	0.000	30.000	0.000	0.000	0	17.800	0.000	0.000	2.042	-3700.000	-2820.020	5098.840	-92.295	666.077	97	95	96	93	52	82.580	344.692	158.716	157.580	30.000	0.000	0	0	8
146	44.613	Running: forward-hold	0	1	1	0	0	0	706	706	-5667.400	-10084.601	1440.800	219.300	-39.990	729.980	79.999	-129.300	0.000	0.000	30.000	0.000	0.000	0	17.800	0.000	0.000	2.323	-3700.000	-2820.020	5098.840	-92.295	666.077	97	95	96	93	52	82.580	342.909	158.716	157.580	30.000	0.000	0	0	8
147	44.897	Running: forward-hold	0	1	1	0	0	0	706	706	-5667.400	-10084.601	1440.800	219.300	-39.990	729.980	79.999	-129.300	0.000	0.000	30.000	0.000	0.000	0	17.800	0.000	0.000	2.607	-3700.000	-2820.020	5098.840	-92.295	666.077	97	95	96	93	52	82.580	341.150	158.716	157.580	30.000	0.000	0	0	8
148	45.181	Running: forward-hold	0	1	1	0	0	0	706	706	-5667.400	-10084.601	1440.800	219.500	-39.990	729.980	79.999	-129.500	0.000	0.000	30.000	0.000	0.000	0	17.800	0.000	0.000	2.891	-3700.000	-2820.020	5098.840	-92.581	666.182	97	95	96	93	52	82.680	339.416	158.916	157.680	30.000	0.000	0	0	8
149	45.491	Running: forward-hold	0	1	1	0	0	0	706	706	-5667.400	-10084.601	1440.800	219.500	-39.990	729.980	79.999	-129.500	0.000	0.000	30.000	0.000	0.000	0	17.800	0.000	0.000	3.201	-3700.000	-2820.020	5098.840	-92.581	666.182	97	95	96	93	52	82.680	337.704	158.916	157.680	30.000	0.000	0	0	8
150	45.810	Running: forward-hold	0	1	1	0	0	0	706	706	-5667.400	-10084.601	1440.800	219.500	-39.990	729.980	79.999	-129.500	0.000	0.000	30.000	0.000	0.000	0	17.800	0.000	0.000	3.520	-3700.000	-2820.020	5098.840	-92.581	666.182	97	95	96	93	52	82.680	336.015	158.916	157.680	30.000	0.000	0	0	8
151	46.123	Running: forward-hold	0	1	1	0	0	0	706	706	-5667.400	-10084.601	1440.800	219.600	-39.990	729.980	79.999	-129.600	0.000	0.000	30.000	0.000	0.000	0	17.800	0.000	0.000	3.833	-3700.000	-2820.020	5098.840	-92.756	666.197	97	95	96	93	52	82.780	334.349	159.016	157.780	30.000	0.000	0	0	8
152	46.428	Running: forward-hold	0	1	1	0	0	0	706	706	-5667.400	-10084.601	1440.800	219.600	-39.990	729.980	79.999	-129.600	0.000	0.000	30.000	0.000	0.000	0	17.800	0.000	0.000	4.138	-3700.000	-2820.020	5098.840	-92.756	666.197	97	95	96	93	52	82.780	332.705	159.016	157.780	30.000	0.000	0	0	8
153	46.725	Running: forward-hold	0	1	1	0	0	0	706	706	-5667.400	-10084.601	1440.800	219.600	-39.990	729.980	79.999	-129.600	0.000	0.000	30.000	0.000	0.000	0	17.800	0.000	0.000	4.435	-3700.000	-2820.020	5098.840	-92.756	666.197	97	95	96	93	52	82.780	331.082	159.016	157.780	30.000	0.000	0	0	8
154	47.009	Running: forward-hold	0	1	1	0	0	0	706	706	-5667.400	-10084.601	1440.800	219.600	-39.990	729.980	79.999	-129.600	0.000	0.000	30.000	0.000	0.000	0	17.800	0.000	0.000	4.718	-3700.000	-2820.020	5098.840	-92.756	666.197	97	95	96	93	52	82.780	329.480	159.016	157.780	30.000	0.000	0	0	8
155	47.281	Running: forward-hold	0	1	1	0	0	0	706	706	-5667.400	-10084.601	1440.800	219.700	-39.990	729.980	79.999	-129.700	0.000	0.000	30.000	0.000	0.000	0	17.800	0.000	0.000	4.991	-3700.000	-2820.020	5098.840	-92.657	666.543	97	95	96	93	52	82.450	327.897	159.116	157.450	30.000	0.000	0	0	8
156	47.611	Running: forward-hold	0	1	1	0	0	0	706	706	-5667.400	-10084.601	1440.800	219.700	-39.990	729.980	79.999	-129.700	0.000	0.000	30.000	0.000	0.000	0	17.800	0.000	0.000	5.321	-3700.000	-2820.020	5098.840	-92.657	666.543	97	95	96	93	52	82.450	326.333	159.116	157.450	30.000	0.000	0	0	8
157	47.943	Running: forward-hold	0	1	1	0	0	0	706	706	-5667.400	-10084.601	1440.800	219.700	-39.990	729.980	79.999	-129.700	0.000	0.000	30.000	0.000	0.000	0	17.800	0.000	0.000	5.653	-3700.000	-2820.020	5098.840	-92.657	666.543	97	95	96	93	52	82.450	324.790	159.116	157.450	30.000	0.000	0	0	8
158	48.289	Running: forward-hold	0	1	1	0	0	0	706	706	-5667.400	-10084.601	1440.800	219.900	-39.990	729.980	79.999	-129.900	0.000	0.000	30.000	0.000	0.000	0	17.900	0.100	0.000	5.999	-3700.000	-2820.020	5098.840	-92.390	667.311	97	95	96	93	52	81.690	323.261	159.316	156.690	30.000	0.000	0	0	8
159	48.574	Running: forward-hold	0	1	1	0	0	0	706	706	-5667.400	-10084.601	1440.800	219.900	-39.990	729.980	79.999	-129.900	0.000	0.000	30.000	0.000	0.000	0	17.900	0.000	0.000	6.284	-3700.000	-2820.020	5098.840	-92.390	667.311	97	95	96	93	52	81.690	321.751	159.316	156.690	30.000	0.000	0	0	8
160	48.852	Running: forward-hold	0	1	1	0	0	0	706	706	-5667.400	-10084.601	1440.800	219.900	-39.990	729.980	79.999	-129.900	0.000	0.000	30.000	0.000	0.000	0	17.900	0.000	0.000	6.561	-3700.000	-2820.020	5098.840	-92.390	667.311	97	95	96	93	52	81.690	320.260	159.316	156.690	30.000	0.000	0	0	8
161	49.147	Running: forward-hold	0	1	1	0	0	0	706	706	-5667.400	-10084.601	1440.800	220.000	-39.990	729.980	79.999	-130.000	0.000	0.000	30.000	0.000	0.000	0	17.900	0.000	0.000	6.857	-3700.000	-2820.020	5098.840	-92.005	667.992	97	95	96	93	52	80.920	318.782	159.416	155.920	30.000	0.000	0	0	8
162	49.443	Recovering: reverse	1	1	1	0	1	102	722	722	-5667.400	-10084.601	1440.800	220.000	-39.990	729.980	79.999	-130.000	0.000	0.000	30.000	0.000	0.000	0	17.900	0.000	0.000	0.000	-3700.000	-2820.020	5098.840	-92.005	667.992	97	95	96	93	51	80.920	317.323	163.085	155.920	-60.000	-0.000	0	14	22
163	49.915	Recovering: reverse	1	1	1	0	0	0	722	722	-5667.400	-10084.601	1440.800	220.000	-39.990	729.980	79.999	-130.000	0.000	0.000	-60.000	0.000	0.000	0	17.900	0.000	0.000	0.472	-3700.000	-2820.020	5098.840	-92.005	667.992	97	95	96	93	51	80.920	315.882	163.085	155.920	-60.000	-0.000	0	0	22
164	50.260	Recovering: reverse	1	1	1	0	0	0	722	722	-5667.400	-10084.601	1440.800	220.100	-39.990	729.980	79.999	-130.100	0.000	0.000	-60.000	0.000	0.000	0	17.900	0.000	0.000	0.817	-3700.000	-2820.020	5098.840	-91.649	668.634	97	95	96	93	51	80.200	314.453	163.185	155.200	-60.000	-0.000	0	0	22
165	50.575	Recovering: reverse	1	1	1	0	0	0	722	722	-5667.400	-10084.601	1440.800	220.100	-39.990	729.980	79.999	-130.100	0.000	0.000	-60.000	0.000	0.000	0	17.900	0.000	0.000	1.131	-3700.000	-2820.020	5098.840	-91.649	668.634	97	95	96	93	51	80.200	313.042	163.185	155.200	-60.000	-0.000	0	0	22
166	50.912	Recovering: reverse	1	1	1	0	0	0	722	722	-5667.400	-10084.601	1440.800	220.100	-39.990	729.980	79.999	-130.100	0.000	0.000	-60.000	0.000	0.000	0	17.900	0.000	0.000	1.469	-3700.000	-2820.020	5098.840	-91.649	668.634	97	95	96	93	51	80.200	311.648	163.185	155.200	-60.000	-0.000	0	0	22
167	51.197	Recovering: reverse	1	1	1	0	0	0	722	722	-5667.300	-10084.500	1440.800	220.100	-30.029	740.039	79.999	-130.100	0.142	14.156	-60.000	0.000	-1.500	0	18.000	0.100	14.156	1.754	-3700.000	-2820.020	5112.993	-87.711	671.540	97	95	96	93	53	89.550	310.326	161.180	164.550	-60.000	-0.000	0	0	22
168	51.486	Recovering: reverse	1	1	1	0	0	0	722	722	-5667.300	-10084.500	1440.800	220.100	-30.029	740.039	79.999	-130.100	0.000	0.000	-60.000	0.000	-1.500	0	18.000	0.000	14.156	2.043	-3700.000	-2820.020	5112.993	-87.711	671.540	97	95	96	93	53	89.550	309.019	161.180	164.550	-60.000	-0.000	0	0	22
169	51.763	Recovering: reverse	1	1	1	0	0	0	722	722	-5667.300	-10084.500	1440.800	220.100	-30.029	740.039	79.999	-130.100	0.000	0.000	-60.000	0.000	-1.500	0	18.000	0.000	14.156	2.320	-3700.000	-2820.020	5112.993	-87.711	671.540	97	95	96	93	53	89.550	307.728	161.180	164.550	-60.000	-0.000	0	0	22
170	52.056	Recovering: reverse	1	1	1	0	0	0	722	722	-5667.300	-10084.500	1440.800	220.100	-30.029	740.039	79.999	-130.100	0.000	0.000	-60.000	0.000	-1.500	0	18.000	0.000	14.156	2.613	-3700.000	-2820.020	5112.993	-87.711	671.540	97	95	96	93	53	89.550	306.453	161.180	164.550	-60.000	-0.000	0	0	22
171	52.424	Recovering: reverse	1	1	1	0	0	0	722	720	-5667.200	-10084.300	1440.800	220.100	-20.020	760.058	79.999	-130.100	0.224	22.383	-60.000	0.000	-3.000	0	18.200	0.200	36.104	2.981	-3700.000	-2820.020	5134.123	-93.604	672.674	97	95	96	93	52	114.240	305.335	158.050	189.240	-60.000	-0.000	0	0	22
172	52.753	Recovering: reverse	1	1	1	0	0	0	722	720	-5667.200	-10084.300	1440.800	220.100	-20.020	760.058	79.999	-130.100	0.000	0.000	-60.000	0.000	-3.000	0	18.200	0.000	36.104	3.310	-3700.000	-2820.020	5134.123	-93.604	672.674	97	95	96	93	52	114.240	304.230	158.050	189.240	-60.000	-0.000	0	0	22
173	53.083	Recovering: reverse	1	1	1	0	0	0	722	720	-5667.200	-10084.300	1440.800	220.100	-20.020	760.058	79.999	-130.100	0.000	0.000	-60.000	0.000	-3.000	0	18.200	0.000	36.104	3.639	-3700.000	-2820.020	5134.123	-93.604	672.674	97	95	96	93	52	114.240	303.139	158.050	189.240	-60.000	-0.000	0	0	22
174	53.388	Recovering: reverse	1	1	1	0	0	0	722	717	-5667.000	-10084.101	1440.700	220.100	0.000	779.980	70.001	-130.100	0.300	29.960	-60.000	0.000	-3.900	0	18.500	0.300	64.025	3.944	-3700.000	-2820.020	5162.364	-92.883	669.679	98	96	96	93	52	144.200	302.230	153.491	219.200	-60.000	-0.000	0	0	22
175	53.727	Recovering: reverse	1	1	1	0	0	0	722	717	-5667.000	-10084.101	1440.700	220.100	0.000	779.980	70.001	-130.100	0.000	0.000	-60.000	0.000	-3.900	0	18.500	0.000	64.025	4.284	-3700.000	-2820.020	5162.364	-92.883	669.679	98	96	96	93	52	144.200	301.332	153.491	219.200	-60.000	-0.000	0	0	22
176	54.012	Recovering: reverse	1	1	1	0	0	0	722	717	-5667.000	-10084.101	1440.700	220.100	0.000	779.980	70.001	-130.100	0.000	0.000	-60.000	0.000	-3.900	0	18.500	0.000	64.025	4.569	-3700.000	-2820.020	5162.364	-92.883	669.679	98	96	96	93	52	144.200	300.445	153.491	219.200	-60.000	-0.000	0	0	22
177	54.293	Recovering: reverse	1	0	1	0	0	0	722	714	-5666.800	-10083.900	1440.700	220.100	19.971	800.000	70.001	-130.100	0.283	28.277	-60.000	0.000	-4.900	0	18.800	0.300	92.185	4.850	-3700.000	-2820.020	5190.638	375.000	915.927	98	96	105	98	51	373.477	300.855	148.183	250.240	-60.000	-0.350	0	0	22
178	54.564	Recovering: reverse	1	0	1	0	0	0	722	714	-5666.800	-10083.900	1440.700	220.100	19.971	800.000	70.001	-130.100	0.000	0.000	-60.000	0.350	-4.900	0	18.800	0.000	92.185	5.121	-3700.000	-2820.020	5190.638	375.000	915.927	98	96	105	98	51	373.477	301.261	148.183	250.240	-60.000	-0.350	0	0	22
179	54.853	Recovering: reverse	1	0	1	0	0	0	722	714	-5666.800	-10083.900	1440.700	220.100	19.971	800.000	70.001	-130.100	0.000	0.000	-60.000	0.350	-4.900	0	18.800	0.000	92.185	5.410	-3700.000	-2820.020	5190.638	375.000	915.927	98	96	105	98	51	373.477	301.662	148.183	250.240	-60.000	-0.350	0	0	22
180	55.146	Recovering: reverse	1	0	1	0	1	102	707	707	-5666.400	-10083.400	1440.700	220.100	60.010	850.000	70.001	-130.100	0.641	64.056	-60.000	0.350	-6.500	0	19.300	0.500	156.220	5.702	-3700.000	-2820.020	5254.209	375.000	840.719	99	97	105	97	52	315.127	301.736	128.412	305.230	-60.000	-0.350	1	0	23
181	55.524	Recovering: reverse	1	0	1	0	0	0	707	707	-5666.400	-10083.400	1440.700	220.100	60.010	850.000	70.001	-130.100	0.000	0.000	-60.000	0.350	-6.500	0	19.300	0.000	156.220	6.080	-3700.000	-2820.020	5254.209	375.000	840.719	99	97	105	97	52	315.127	301.810	128.412	305.230	-60.000	-0.350	0	0	23
182	55.876	Recovering: reverse	1	0	1	0	0	0	707	707	-5666.400	-10083.400	1440.700	220.100	60.010	850.000	70.001	-130.100	0.000	0.000	-60.000	0.350	-6.500	0	19.300	0.000	156.220	6.433	-3700.000	-2820.020	5254.209	375.000	840.719	99	97	105	97	52	315.127	301.883	128.412	305.230	-60.000	-0.350	0	0	23
183	56.220	Recovering: reverse	1	0	1	0	0	0	707	704	-5666.100	-10083.101	1440.600	219.800	89.990	879.980	59.992	-129.800	0.436	43.564	-60.000	0.350	-7.500	0	19.800	0.500	198.481	6.777	-3700.000	-2820.020	5296.605	375.000	805.656	99	98	105	96	52	294.542	301.843	115.184	354.250	-60.000	-0.350	0	0	23
184	56.510	Recovering: reverse	1	0	1	0	0	0	707	704	-5666.100	-10083.101	1440.600	219.800	89.990	879.980	59.992	-129.800	0.000	0.000	-60.000	0.350	-7.500	0	19.800	0.000	198.481	7.066	-3700.000	-2820.020	5296.605	375.000	805.656	99	98	105	96	52	294.542	301.803	115.184	354.250	-60.000	-0.350	0	0	23
185	56.813	Recovering: reverse	1	0	1	0	0	0	707	704	-5666.100	-10083.101	1440.600	219.800	89.990	879.980	59.992	-129.800	0.000	0.000	-60.000	0.350	-7.500	0	19.800	0.000	198.481	7.369	-3700.000	-2820.020	5296.605	375.000	805.656	99	98	105	96	52	294.542	301.764	115.184	354.250	-60.000	-0.350	0	0	23
186	57.159	Recovering: reverse	1	0	1	0	1	100	691	691	-5665.600	-10082.500	1440.600	218.800	139.990	940.039	59.992	-128.800	0.781	78.148	-60.000	0.350	-8.600	0	20.500	0.700	276.618	7.715	-3700.000	-2820.020	5374.343	-90.616	1154.980	100	99	96	103	53	315.245	301.836	-94.186	419.730	-60.000	0.350	1	0	24
187	57.518	Running	0	0	1	0	0	0	691	691	-5665.600	-10082.500	1440.600	218.800	139.990	940.039	59.992	-128.800	0.000	0.000	-60.000	-0.350	-8.600	0	20.500	0.000	0.000	0.000	-3700.000	-2820.020	5374.343	-90.616	1154.980	100	99	96	103	53	315.245	301.908	-94.186	419.730	18.000	-1.000	0	0	24
188	62.865	Running	0	0	1	0	0	0	691	676	-5663.900	-10080.300	1440.400	219.700	310.010	1160.058	39.996	-129.700	2.788	278.774	18.000	1.000	-0.200	0	23.400	2.900	278.056	0.000	-3700.000	-2820.020	5649.885	-113.357	1154.980	104	103	95	103	40	423.397	302.550	-49.613	715.000	18.000	-1.000	0	0	24
189	63.205	Running	0	0	1	0	0	0	691	676	-5663.900	-10080.300	1440.400	219.700	310.010	1160.058	39.996	-129.700	0.000	0.000	18.000	1.000	0.100	0	23.400	0.000	0.000	0.340	-3700.000	-2820.020	5649.885	-113.357	1154.980	104	103	95	103	40	423.397	303.186	-49.613	645.730	18.000	-1.000	0	0	24
190	63.523	Running	0	0	1	0	0	0	691	676	-5663.900	-10080.300	1440.400	219.700	310.010	1160.058	39.996	-129.700	0.000	0.000	18.000	1.000	0.100	0	23.400	0.000	0.000	0.658	-3700.000	-2820.020	5649.885	-113.357	1154.980	104	103	95	103	40	423.397	303.816	-49.613	645.730	18.000	-1.000	0	0	24
191	63.839	Running	0	0	1	0	0	0	691	676	-5663.900	-10080.300	1440.400	219.700	310.010	1160.058	39.996	-129.700	0.000	0.000	18.000	1.000	0.100	0	23.400	0.000	0.000	0.974	-3700.000	-2820.020	5649.885	-113.357	1154.980	104	103	95	103	40	423.397	304.439	-49.613	645.730	18.000	-1.000	0	0	24
192	64.129	Running	0	0	1	0	0	0	691	676	-5663.900	-10080.300	1440.400	219.700	310.010	1160.058	39.996	-129.700	0.000	0.000	18.000	1.000	0.000	0	23.400	0.000	0.000	1.263	-3700.000	-2820.020	5649.885	-113.357	1154.980	104	103	95	103	40	423.397	305.055	-49.613	660.680	18.000	-1.000	0	0	24
193	64.416	Running	0	0	1	0	0	0	691	676	-5663.900	-10080.300	1440.400	219.700	310.010	1160.058	39.996	-129.700	0.000	0.000	18.000	1.000	0.000	0	23.400	0.000	0.000	1.550	-3700.000	-2820.020	5649.885	-113.357	1154.980	104	103	95	103	40	423.397	305.665	-49.613	660.680	18.000	-1.000	0	0	24
194	64.703	Running	0	0	1	0	0	0	691	676	-5663.900	-10080.300	1440.400	219.700	310.010	1160.058	39.996	-129.700	0.000	0.000	18.000	1.000	0.000	0	23.400	0.000	0.000	1.838	-3700.000	-2820.020	5649.885	-113.357	1154.980	104	103	95	103	40	423.397	306.269	-49.613	660.680	18.000	-1.000	0	0	24
195	64.983	Running	0	0	1	0	0	0	691	676	-5663.900	-10080.300	1440.400	219.900	310.010	1160.058	39.996	-129.900	0.000	0.000	18.000	1.000	0.200	0	23.500	0.100	0.000	0.000	-3700.000	-2820.020	5649.885	-113.357	1154.980	104	103	95	103	40	423.397	306.866	-49.413	711.490	18.000	-1.000	0	0	24
196	65.326	Running	0	0	1	0	0	0	691	676	-5663.900	-10080.300	1440.400	219.900	310.010	1160.058	39.996	-129.900	0.000	0.000	18.000	1.000	0.200	0	23.500	0.000	0.000	0.000	-3700.000	-2820.020	5649.885	-113.357	1154.980	104	103	95	103	40	423.397	307.458	-49.413	711.490	18.000	-1.000	0	0	24
197	65.679	Running	0	0	1	0	0	0	691	676	-5663.900	-10080.300	1440.400	219.900	310.010	1160.058	39.996	-129.900	0.000	0.000	18.000	1.000	0.200	0	23.500	0.000	0.000	0.000	-3700.000	-2820.020	5649.885	-113.357	1154.980	104	103	95	103	40	423.397	308.043	-49.413	711.490	18.000	-1.000	0	0	24
198	65.955	Running	0	0	1	0	0	0	691	676	-5663.900	-10080.300	1440.400	219.900	310.010	1160.058	39.996	-129.900	0.000	0.000	18.000	1.000	0.200	0	23.500	0.000	0.000	0.000	-3700.000	-2820.020	5649.885	-113.357	1154.980	104	103	95	103	40	423.397	308.623	-49.413	711.490	18.000	-1.000	0	0	24
199	66.252	Running	0	0	1	0	0	0	691	676	-5663.900	-10080.300	1440.400	220.200	310.010	1160.058	39.996	-130.200	0.000	0.000	18.000	1.000	0.400	0	23.500	0.000	0.000	0.000	-3700.000	-2820.020	5649.885	-113.357	1154.980	104	103	95	103	40	423.397	309.197	-49.113	711.440	18.000	-1.000	0	0	24
200	66.584	Running	0	0	1	0	0	0	691	676	-5663.900	-10080.300	1440.400	220.200	310.010	1160.058	39.996	-130.200	0.000	0.000	18.000	1.000	0.400	0	23.500	0.000	0.000	0.000	-3700.000	-2820.020	5649.885	-113.357	1154.980	104	103	95	103	40	423.397	309.765	-49.113	711.440	18.000	-1.000	0	0	24
201	66.946	Running	0	0	1	0	0	0	691	676	-5663.900	-10080.300	1440.400	220.200	310.010	1160.058	39.996	-130.200	0.000	0.000	18.000	1.000	0.400	0	23.500	0.000	0.000	0.000	-3700.000	-2820.020	5649.885	-113.357	1154.980	104	103	95	103	40	423.397	310.328	-49.113	711.440	18.000	-1.000	0	0	24
202	67.252	Running	0	0	1	0	0	0	691	676	-5664.000	-10080.400	1440.400	220.700	300.000	1150.000	39.996	-130.700	0.142	14.191	18.000	1.000	0.600	0	23.500	0.000	14.191	0.000	-3700.000	-2820.020	5635.695	-127.513	1154.980	104	103	95	103	42	427.542	310.905	-49.967	697.480	18.000	-1.000	0	0	24
203	67.528	Running	0	0	1	0	0	0	691	676	-5664.000	-10080.400	1440.400	220.700	300.000	1150.000	39.996	-130.700	0.000	0.000	18.000	1.000	0.600	0	23.500	0.000	0.000	0.000	-3700.000	-2820.020	5635.695	-127.513	1154.980	104	103	95	103	42	427.542	311.477	-49.967	697.480	18.000	-1.000	0	0	24
204	67.842	Running	0	0	1	0	0	0	691	676	-5664.000	-10080.400	1440.400	220.700	300.000	1150.000	39.996	-130.700	0.000	0.000	18.000	1.000	0.600	0	23.500	0.000	0.000	0.000	-3700.000	-2820.020	5635.695	-127.513	1154.980	104	103	95	103	42	427.542	312.043	-49.967	697.480	18.000	-1.000	0	0	24
205	68.147	Running	0	0	1	0	0	0	691	676	-5664.000	-10080.400	1440.400	221.400	300.000	1150.000	39.996	-131.400	0.000	0.000	18.000	1.000	0.700	0	23.600	0.100	0.000	0.000	-3700.000	-2820.020	5635.695	-127.513	1154.980	104	103	95	103	42	427.542	312.604	-49.267	693.590	18.000	-1.000	0	0	24
206	68.473	Running	0	0	1	0	0	0	691	676	-5664.000	-10080.400	1440.400	221.400	300.000	1150.000	39.996	-131.400	0.000	0.000	18.000	1.000	0.700	0	23.600	0.000	0.000	0.000	-3700.000	-2820.020	5635.695	-127.513	1154.980	104	103	95	103	42	427.542	313.159	-49.267	693.590	18.000	-1.000	0	0	24
207	68.813	Running	0	0	1	0	0	0	691	676	-5664.000	-10080.400	1440.400	221.400	300.000	1150.000	39.996	-131.400	0.000	0.000	18.000	1.000	0.700	0	23.600	0.000	0.000	0.000	-3700.000	-2820.020	5635.695	-127.513	1154.980	104	103	95	103	42	427.542	313.709	-49.267	693.590	18.000	-1.000	0	0	24
208	69.144	Running	0	0	1	0	0	0	691	675	-5664.100	-10080.400	1440.400	222.500	289.990	1150.000	39.996	-132.500	0.100	10.010	18.000	1.000	0.900	0	23.700	0.100	10.010	0.000	-3700.000	-2820.020	5628.595	-141.669	1154.980	103	103	95	103	42	431.688	314.273	-48.161	679.580	18.000	-1.000	0	0	24
209	69.428	Running	0	0	1	0	0	0	691	675	-5664.100	-10080.400	1440.400	222.500	289.990	1150.000	39.996	-132.500	0.000	0.000	18.000	1.000	0.900	0	23.700	0.000	0.000	0.000	-3700.000	-2820.020	5628.595	-141.669	1154.980	103	103	95	103	42	431.688	314.832	-48.161	679.580	18.000	-1.000	0	0	24
210	69.720	Running	0	0	1	0	0	0	691	675	-5664.100	-10080.400	1440.400	222.500	289.990	1150.000	39.996	-132.500	0.000	0.000	18.000	1.000	0.900	0	23.700	0.000	0.000	0.000	-3700.000	-2820.020	5628.595	-141.669	1154.980	103	103	95	103	42	431.688	315.386	-48.161	679.580	18.000	-1.000	0	0	24
211	69.996	Obstacle hits: +1	0	0	1	0	1	101	677	677	-5664.200	-10080.500	1440.500	223.400	279.980	1140.039	49.994	-133.400	0.173	17.302	18.000	1.000	1.000	0	23.800	0.100	14.121	0.000	-3700.000	-2820.020	5614.473	-209.250	1154.980	103	103	93	103	51	489.459	316.207	-48.349	654.860	18.000	-1.000	1	0	25
212	70.389	Running	0	0	1	0	0	0	677	677	-5664.200	-10080.500	1440.500	223.400	279.980	1140.039	49.994	-133.400	0.000	0.000	18.000	1.000	1.000	0	23.800	0.000	0.000	0.000	-3700.000	-2820.020	5614.473	-209.250	1154.980	103	103	93	103	51	489.459	317.021	-48.349	654.860	18.000	-1.000	0	0	25
213	70.718	Running	0	0	1	0	0	0	677	677	-5664.200	-10080.500	1440.500	223.400	279.980	1140.039	49.994	-133.400	0.000	0.000	18.000	1.000	1.000	0	23.800	0.000	0.000	0.000	-3700.000	-2820.020	5614.473	-209.250	1154.980	103	103	93	103	51	489.459	317.827	-48.349	654.860	18.000	-1.000	0	0	25
214	71.018	Running	0	0	1	0	0	0	677	678	-5664.300	-10080.500	1440.500	224.700	269.971	1140.039	49.994	-134.700	0.100	10.010	18.000	1.000	1.200	0	23.900	0.100	10.010	0.000	-3700.000	-2820.020	5607.382	-202.920	1154.980	103	103	93	103	51	473.126	318.549	-47.110	628.080	18.000	-1.000	0	0	25
215	71.307	Running	0	0	1	0	0	0	677	678	-5664.300	-10080.500	1440.500	224.700	269.971	1140.039	49.994	-134.700	0.000	0.000	18.000	1.000	1.200	0	23.900	0.000	0.000	0.000	-3700.000	-2820.020	5607.382	-202.920	1154.980	103	103	93	103	51	473.126	319.265	-47.110	628.080	18.000	-1.000	0	0	25
216	71.596	Running	0	0	1	0	0	0	677	678	-5664.300	-10080.500	1440.500	224.700	269.971	1140.039	49.994	-134.700	0.000	0.000	18.000	1.000	1.200	0	23.900	0.000	0.000	0.000	-3700.000	-2820.020	5607.382	-202.920	1154.980	103	103	93	103	51	473.126	319.974	-47.110	628.080	18.000	-1.000	0	0	25
217	71.916	Running	0	0	1	0	0	0	677	678	-5664.300	-10080.500	1440.500	224.700	269.971	1140.039	49.994	-134.700	0.000	0.000	18.000	1.000	1.200	0	23.900	0.000	0.000	0.000	-3700.000	-2820.020	5607.382	-202.920	1154.980	103	103	93	103	51	473.126	320.676	-47.110	628.080	18.000	-1.000	0	0	25
218	72.210	Running	0	0	1	0	0	0	677	678	-5664.300	-10080.601	1440.500	225.900	269.971	1129.980	49.994	-135.900	0.101	10.059	18.000	1.000	1.300	0	24.000	0.100	10.059	0.000	-3700.000	-2820.020	5600.283	-195.060	1154.980	103	103	94	103	51	465.702	321.338	-47.177	623.050	18.000	-1.000	0	0	25
219	72.499	Running	0	0	1	0	0	0	677	678	-5664.300	-10080.601	1440.500	225.900	269.971	1129.980	49.994	-135.900	0.000	0.000	18.000	1.000	1.300	0	24.000	0.000	0.000	0.000	-3700.000	-2820.020	5600.283	-195.060	1154.980	103	103	94	103	51	465.702	321.995	-47.177	623.050	18.000	-1.000	0	0	25
220	72.785	Running	0	0	1	0	0	0	677	678	-5664.300	-10080.601	1440.500	225.900	269.971	1129.980	49.994	-135.900	0.000	0.000	18.000	1.000	1.300	0	24.000	0.000	0.000	0.000	-3700.000	-2820.020	5600.283	-195.060	1154.980	103	103	94	103	51	465.702	322.645	-47.177	623.050	18.000	-1.000	0	0	25
221	73.123	Running	0	0	1	0	0	0	677	674	-5664.500	-10080.601	1440.500	227.400	250.000	1129.980	49.994	-137.400	0.200	19.971	18.000	1.000	1.500	0	24.100	0.100	19.971	0.000	-3700.000	-2820.020	5586.144	-225.000	1154.980	103	103	93	103	49	475.657	323.334	-45.613	666.250	18.000	-1.000	0	0	25
222	73.490	Running	0	0	1	0	0	0	677	674	-5664.500	-10080.601	1440.500	227.400	250.000	1129.980	49.994	-137.400	0.000	0.000	18.000	1.000	1.500	0	24.100	0.000	0.000	0.000	-3700.000	-2820.020	5586.144	-225.000	1154.980	103	103	93	103	49	475.657	324.017	-45.613	666.250	18.000	-1.000	0	0	25
223	73.820	Running	0	0	1	0	0	0	677	674	-5664.500	-10080.601	1440.500	227.400	250.000	1129.980	49.994	-137.400	0.000	0.000	18.000	1.000	1.500	0	24.100	0.000	0.000	0.000	-3700.000	-2820.020	5586.144	-225.000	1154.980	103	103	93	103	49	475.657	324.694	-45.613	666.250	18.000	-1.000	0	0	25
224	74.152	Running	0	0	1	0	0	0	677	673	-5664.600	-10080.700	1440.500	228.900	239.990	1120.020	49.994	-138.900	0.141	14.121	18.000	1.000	1.600	0	24.200	0.100	14.121	0.000	-3700.000	-2820.020	5572.022	-225.049	1154.980	102	102	93	103	49	466.351	325.324	-45.399	641.830	18.000	-1.000	0	0	25
225	74.433	Running	0	0	1	0	0	0	677	673	-5664.600	-10080.700	1440.500	228.900	239.990	1120.020	49.994	-138.900	0.000	0.000	18.000	1.000	1.600	0	24.200	0.000	0.000	0.000	-3700.000	-2820.020	5572.022	-225.049	1154.980	102	102	93	103	49	466.351	325.948	-45.399	641.830	18.000	-1.000	0	0	25
226	74.726	Running	0	0	1	0	0	0	677	673	-5664.600	-10080.700	1440.500	228.900	239.990	1120.020	49.994	-138.900	0.000	0.000	18.000	1.000	1.600	0	24.200	0.000	0.000	0.000	-3700.000	-2820.020	5572.022	-225.049	1154.980	102	102	93	103	49	466.351	326.566	-45.399	641.830	18.000	-1.000	0	0	25
227	75.020	Running	0	0	1	0	0	0	677	672	-5664.700	-10080.700	1440.500	230.500	229.980	1120.020	49.994	-140.500	0.100	10.010	18.000	1.000	1.700	0	24.300	0.100	10.010	0.000	-3700.000	-2820.020	5564.949	-235.059	1154.980	102	102	93	103	49	466.351	327.179	-43.799	623.950	18.000	-1.000	0	0	25
