step_idx	elapsed_s	stuck_x_cm	stuck_y_cm	stuck_z_cm	hist_x_cm	hist_y_cm	hist_z_cm	hist_heading_deg	dist_from_stuck_cm	contact_side	contact_min_lidar_cm	bumper_sample_idx	bumper_lateral_offset_cm	obstacle_x_cm	obstacle_y_cm	obstacle_cell_x	obstacle_cell_y	placed
162	49.443	-39.990	729.980	79.999	10.010	779.980	70.001	-130.200	71.414	front	155.920	0	-130.000	-200.625	732.135	93	95	1
162	49.443	-39.990	729.980	79.999	10.010	779.980	70.001	-130.200	71.414	front	155.920	1	-86.667	-167.527	704.165	94	94	1
162	49.443	-39.990	729.980	79.999	10.010	779.980	70.001	-130.200	71.414	front	155.920	2	-43.333	-134.429	676.195	95	93	1
162	49.443	-39.990	729.980	79.999	10.010	779.980	70.001	-130.200	71.414	front	155.920	3	0.000	-101.332	648.226	95	93	0
162	49.443	-39.990	729.980	79.999	10.010	779.980	70.001	-130.200	71.414	front	155.920	4	43.333	-68.234	620.256	96	92	1
162	49.443	-39.990	729.980	79.999	10.010	779.980	70.001	-130.200	71.414	front	155.920	5	86.667	-35.136	592.286	97	92	1
162	49.443	-39.990	729.980	79.999	10.010	779.980	70.001	-130.200	71.414	front	155.920	6	130.000	-2.038	564.316	97	91	1
162	49.443	-39.990	729.980	79.999	10.010	779.980	70.001	-130.200	71.414	front	155.920	0	-130.000	-200.625	732.135	93	95	0
162	49.443	-39.990	729.980	79.999	10.010	779.980	70.001	-130.200	71.414	front	155.920	1	-86.667	-167.527	704.165	94	94	0
162	49.443	-39.990	729.980	79.999	10.010	779.980	70.001	-130.200	71.414	front	155.920	2	-43.333	-134.429	676.195	95	93	0
162	49.443	-39.990	729.980	79.999	10.010	779.980	70.001	-130.200	71.414	front	155.920	3	0.000	-101.332	648.226	95	93	0
162	49.443	-39.990	729.980	79.999	10.010	779.980	70.001	-130.200	71.414	front	155.920	4	43.333	-68.234	620.256	96	92	0
162	49.443	-39.990	729.980	79.999	10.010	779.980	70.001	-130.200	71.414	front	155.920	5	86.667	-35.136	592.286	97	92	0
162	49.443	-39.990	729.980	79.999	10.010	779.980	70.001	-130.200	71.414	front	155.920	6	130.000	-2.038	564.316	97	91	0
162	49.443	-39.990	729.980	79.999	10.010	779.980	70.001	-130.200	71.414	front	155.920	0	-130.000	-200.625	732.135	93	95	0
162	49.443	-39.990	729.980	79.999	10.010	779.980	70.001	-130.200	71.414	front	155.920	1	-86.667	-167.527	704.165	94	94	0
162	49.443	-39.990	729.980	79.999	10.010	779.980	70.001	-130.200	71.414	front	155.920	2	-43.333	-134.429	676.195	95	93	0
162	49.443	-39.990	729.980	79.999	10.010	779.980	70.001	-130.200	71.414	front	155.920	3	0.000	-101.332	648.226	95	93	0
162	49.443	-39.990	729.980	79.999	10.010	779.980	70.001	-130.200	71.414	front	155.920	4	43.333	-68.234	620.256	96	92	0
162	49.443	-39.990	729.980	79.999	10.010	779.980	70.001	-130.200	71.414	front	155.920	5	86.667	-35.136	592.286	97	92	0
162	49.443	-39.990	729.980	79.999	10.010	779.980	70.001	-130.200	71.414	front	155.920	6	130.000	-2.038	564.316	97	91	0
162	49.443	-39.990	729.980	79.999	10.010	779.980	70.001	-130.200	71.414	front	155.920	0	-130.000	-200.625	732.135	93	95	0
162	49.443	-39.990	729.980	79.999	10.010	779.980	70.001	-130.200	71.414	front	155.920	1	-86.667	-167.527	704.165	94	94	0
162	49.443	-39.990	729.980	79.999	10.010	779.980	70.001	-130.200	71.414	front	155.920	2	-43.333	-134.429	676.195	95	93	0
162	49.443	-39.990	729.980	79.999	10.010	779.980	70.001	-130.200	71.414	front	155.920	3	0.000	-101.332	648.226	95	93	0
162	49.443	-39.990	729.980	79.999	10.010	779.980	70.001	-130.200	71.414	front	155.920	4	43.333	-68.234	620.256	96	92	0
162	49.443	-39.990	729.980	79.999	10.010	779.980	70.001	-130.200	71.414	front	155.920	5	86.667	-35.136	592.286	97	92	0
162	49.443	-39.990	729.980	79.999	10.010	779.980	70.001	-130.200	71.414	front	155.920	6	130.000	-2.038	564.316	97	91	0
162	49.443	-39.990	729.980	79.999	-39.990	720.020	79.999	-132.800	9.961	front	155.920	0	-130.000	-252.579	681.778	92	94	1
162	49.443	-39.990	729.980	79.999	-39.990	720.020	79.999	-132.800	9.961	front	155.920	1	-86.667	-220.784	652.336	93	93	1
162	49.443	-39.990	729.980	79.999	-39.990	720.020	79.999	-132.800	9.961	front	155.920	2	-43.333	-188.989	622.894	94	92	0
162	49.443	-39.990	729.980	79.999	-39.990	720.020	79.999	-132.800	9.961	front	155.920	3	0.000	-157.194	593.451	94	92	0
162	49.443	-39.990	729.980	79.999	-39.990	720.020	79.999	-132.800	9.961	front	155.920	4	43.333	-125.399	564.009	95	91	1
162	49.443	-39.990	729.980	79.999	-39.990	720.020	79.999	-132.800	9.961	front	155.920	5	86.667	-93.604	534.566	96	91	1
162	49.443	-39.990	729.980	79.999	-39.990	720.020	79.999	-132.800	9.961	front	155.920	6	130.000	-61.809	505.124	96	90	1
162	49.443	-39.990	729.980	79.999	-39.990	720.020	79.999	-132.800	9.961	front	155.920	0	-130.000	-252.579	681.778	92	94	0
162	49.443	-39.990	729.980	79.999	-39.990	720.020	79.999	-132.800	9.961	front	155.920	1	-86.667	-220.784	652.336	93	93	0
162	49.443	-39.990	729.980	79.999	-39.990	720.020	79.999	-132.800	9.961	front	155.920	2	-43.333	-188.989	622.894	94	92	0
162	49.443	-39.990	729.980	79.999	-39.990	720.020	79.999	-132.800	9.961	front	155.920	3	0.000	-157.194	593.451	94	92	0
162	49.443	-39.990	729.980	79.999	-39.990	720.020	79.999	-132.800	9.961	front	155.920	4	43.333	-125.399	564.009	95	91	0
162	49.443	-39.990	729.980	79.999	-39.990	720.020	79.999	-132.800	9.961	front	155.920	5	86.667	-93.604	534.566	96	91	0
162	49.443	-39.990	729.980	79.999	-39.990	720.020	79.999	-132.800	9.961	front	155.920	6	130.000	-61.809	505.124	96	90	0
162	49.443	-39.990	729.980	79.999	-39.990	720.020	79.999	-132.800	9.961	front	155.920	0	-130.000	-252.579	681.778	92	94	0
162	49.443	-39.990	729.980	79.999	-39.990	720.020	79.999	-132.800	9.961	front	155.920	1	-86.667	-220.784	652.336	93	93	0
162	49.443	-39.990	729.980	79.999	-39.990	720.020	79.999	-132.800	9.961	front	155.920	2	-43.333	-188.989	622.894	94	92	0
162	49.443	-39.990	729.980	79.999	-39.990	720.020	79.999	-132.800	9.961	front	155.920	3	0.000	-157.194	593.451	94	92	0
162	49.443	-39.990	729.980	79.999	-39.990	720.020	79.999	-132.800	9.961	front	155.920	4	43.333	-125.399	564.009	95	91	0
162	49.443	-39.990	729.980	79.999	-39.990	720.020	79.999	-132.800	9.961	front	155.920	5	86.667	-93.604	534.566	96	91	0
162	49.443	-39.990	729.980	79.999	-39.990	720.020	79.999	-132.800	9.961	front	155.920	6	130.000	-61.809	505.124	96	90	0
162	49.443	-39.990	729.980	79.999	-50.000	729.980	79.999	-133.300	10.010	front	155.920	0	-130.000	-262.914	693.596	92	94	0
162	49.443	-39.990	729.980	79.999	-50.000	729.980	79.999	-133.300	10.010	front	155.920	1	-86.667	-231.377	663.877	93	93	0
162	49.443	-39.990	729.980	79.999	-50.000	729.980	79.999	-133.300	10.010	front	155.920	2	-43.333	-199.840	634.158	94	93	0
162	49.443	-39.990	729.980	79.999	-50.000	729.980	79.999	-133.300	10.010	front	155.920	3	0.000	-168.304	604.440	94	92	0
162	49.443	-39.990	729.980	79.999	-50.000	729.980	79.999	-133.300	10.010	front	155.920	4	43.333	-136.767	574.721	95	91	0
162	49.443	-39.990	729.980	79.999	-50.000	729.980	79.999	-133.300	10.010	front	155.920	5	86.667	-105.230	545.002	95	91	0
162	49.443	-39.990	729.980	79.999	-50.000	729.980	79.999	-133.300	10.010	front	155.920	6	130.000	-73.693	515.283	96	90	0
162	49.443	-39.990	729.980	79.999	-50.000	729.980	79.999	-133.300	10.010	front	155.920	0	-130.000	-262.914	693.596	92	94	0
162	49.443	-39.990	729.980	79.999	-50.000	729.980	79.999	-133.300	10.010	front	155.920	1	-86.667	-231.377	663.877	93	93	0
162	49.443	-39.990	729.980	79.999	-50.000	729.980	79.999	-133.300	10.010	front	155.920	2	-43.333	-199.840	634.158	94	93	0
162	49.443	-39.990	729.980	79.999	-50.000	729.980	79.999	-133.300	10.010	front	155.920	3	0.000	-168.304	604.440	94	92	0
162	49.443	-39.990	729.980	79.999	-50.000	729.980	79.999	-133.300	10.010	front	155.920	4	43.333	-136.767	574.721	95	91	0
162	49.443	-39.990	729.980	79.999	-50.000	729.980	79.999	-133.300	10.010	front	155.920	5	86.667	-105.230	545.002	95	91	0
162	49.443	-39.990	729.980	79.999	-50.000	729.980	79.999	-133.300	10.010	front	155.920	6	130.000	-73.693	515.283	96	90	0
162	49.443	-39.990	729.980	79.999	-50.000	729.980	79.999	-133.300	10.010	front	155.920	0	-130.000	-262.914	693.596	92	94	0
162	49.443	-39.990	729.980	79.999	-50.000	729.980	79.999	-133.300	10.010	front	155.920	1	-86.667	-231.377	663.877	93	93	0
162	49.443	-39.990	729.980	79.999	-50.000	729.980	79.999	-133.300	10.010	front	155.920	2	-43.333	-199.840	634.158	94	93	0
162	49.443	-39.990	729.980	79.999	-50.000	729.980	79.999	-133.300	10.010	front	155.920	3	0.000	-168.304	604.440	94	92	0
162	49.443	-39.990	729.980	79.999	-50.000	729.980	79.999	-133.300	10.010	front	155.920	4	43.333	-136.767	574.721	95	91	0
162	49.443	-39.990	729.980	79.999	-50.000	729.980	79.999	-133.300	10.010	front	155.920	5	86.667	-105.230	545.002	95	91	0
162	49.443	-39.990	729.980	79.999	-50.000	729.980	79.999	-133.300	10.010	front	155.920	6	130.000	-73.693	515.283	96	90	0
162	49.443	-39.990	729.980	79.999	-50.000	740.039	79.999	-129.700	14.191	front	155.920	0	-130.000	-260.209	690.357	92	94	0
162	49.443	-39.990	729.980	79.999	-50.000	740.039	79.999	-129.700	14.191	front	155.920	1	-86.667	-226.869	662.677	93	93	0
162	49.443	-39.990	729.980	79.999	-50.000	740.039	79.999	-129.700	14.191	front	155.920	2	-43.333	-193.528	634.998	94	93	0
162	49.443	-39.990	729.980	79.999	-50.000	740.039	79.999	-129.700	14.191	front	155.920	3	0.000	-160.187	607.318	94	92	0
162	49.443	-39.990	729.980	79.999	-50.000	740.039	79.999	-129.700	14.191	front	155.920	4	43.333	-126.847	579.638	95	91	0
162	49.443	-39.990	729.980	79.999	-50.000	740.039	79.999	-129.700	14.191	front	155.920	5	86.667	-93.506	551.958	96	91	0
162	49.443	-39.990	729.980	79.999	-50.000	740.039	79.999	-129.700	14.191	front	155.920	6	130.000	-60.165	524.278	96	90	0
162	49.443	-39.990	729.980	79.999	-50.000	740.039	79.999	-129.700	14.191	front	155.920	0	-130.000	-260.209	690.357	92	94	0
162	49.443	-39.990	729.980	79.999	-50.000	740.039	79.999	-129.700	14.191	front	155.920	1	-86.667	-226.869	662.677	93	93	0
162	49.443	-39.990	729.980	79.999	-50.000	740.039	79.999	-129.700	14.191	front	155.920	2	-43.333	-193.528	634.998	94	93	0
162	49.443	-39.990	729.980	79.999	-50.000	740.039	79.999	-129.700	14.191	front	155.920	3	0.000	-160.187	607.318	94	92	0
162	49.443	-39.990	729.980	79.999	-50.000	740.039	79.999	-129.700	14.191	front	155.920	4	43.333	-126.847	579.638	95	91	0
162	49.443	-39.990	729.980	79.999	-50.000	740.039	79.999	-129.700	14.191	front	155.920	5	86.667	-93.506	551.958	96	91	0
162	49.443	-39.990	729.980	79.999	-50.000	740.039	79.999	-129.700	14.191	front	155.920	6	130.000	-60.165	524.278	96	90	0
162	49.443	-39.990	729.980	79.999	-50.000	740.039	79.999	-129.700	14.191	front	155.920	0	-130.000	-260.209	690.357	92	94	0
162	49.443	-39.990	729.980	79.999	-50.000	740.039	79.999	-129.700	14.191	front	155.920	1	-86.667	-226.869	662.677	93	93	0
162	49.443	-39.990	729.980	79.999	-50.000	740.039	79.999	-129.700	14.191	front	155.920	2	-43.333	-193.528	634.998	94	93	0
162	49.443	-39.990	729.980	79.999	-50.000	740.039	79.999	-129.700	14.191	front	155.920	3	0.000	-160.187	607.318	94	92	0
162	49.443	-39.990	729.980	79.999	-50.000	740.039	79.999	-129.700	14.191	front	155.920	4	43.333	-126.847	579.638	95	91	0
162	49.443	-39.990	729.980	79.999	-50.000	740.039	79.999	-129.700	14.191	front	155.920	5	86.667	-93.506	551.958	96	91	0
162	49.443	-39.990	729.980	79.999	-50.000	740.039	79.999	-129.700	14.191	front	155.920	6	130.000	-60.165	524.278	96	90	0
162	49.443	-39.990	729.980	79.999	-50.000	740.039	79.999	-129.700	14.191	front	155.920	0	-130.000	-260.209	690.357	92	94	0
162	49.443	-39.990	729.980	79.999	-50.000	740.039	79.999	-129.700	14.191	front	155.920	1	-86.667	-226.869	662.677	93	93	0
162	49.443	-39.990	729.980	79.999	-50.000	740.039	79.999	-129.700	14.191	front	155.920	2	-43.333	-193.528	634.998	94	93	0
162	49.443	-39.990	729.980	79.999	-50.000	740.039	79.999	-129.700	14.191	front	155.920	3	0.000	-160.187	607.318	94	92	0
162	49.443	-39.990	729.980	79.999	-50.000	740.039	79.999	-129.700	14.191	front	155.920	4	43.333	-126.847	579.638	95	91	0
162	49.443	-39.990	729.980	79.999	-50.000	740.039	79.999	-129.700	14.191	front	155.920	5	86.667	-93.506	551.958	96	91	0
162	49.443	-39.990	729.980	79.999	-50.000	740.039	79.999	-129.700	14.191	front	155.920	6	130.000	-60.165	524.278	96	90	0
162	49.443	-39.990	729.980	79.999	-39.990	750.000	79.999	-129.300	20.020	front	155.920	0	-130.000	-249.848	698.852	93	94	1
162	49.443	-39.990	729.980	79.999	-39.990	750.000	79.999	-129.300	20.020	front	155.920	1	-86.667	-216.315	671.405	93	93	0
162	49.443	-39.990	729.980	79.999	-39.990	750.000	79.999	-129.300	20.020	front	155.920	2	-43.333	-182.781	643.959	94	93	0
162	49.443	-39.990	729.980	79.999	-39.990	750.000	79.999	-129.300	20.020	front	155.920	3	0.000	-149.248	616.512	95	92	0
162	49.443	-39.990	729.980	79.999	-39.990	750.000	79.999	-129.300	20.020	front	155.920	4	43.333	-115.715	589.066	95	92	0
162	49.443	-39.990	729.980	79.999	-39.990	750.000	79.999	-129.300	20.020	front	155.920	5	86.667	-82.182	561.619	96	91	0
162	49.443	-39.990	729.980	79.999	-39.990	750.000	79.999	-129.300	20.020	front	155.920	6	130.000	-48.649	534.173	97	91	0
162	49.443	-39.990	729.980	79.999	-39.990	750.000	79.999	-129.300	20.020	front	155.920	0	-130.000	-249.848	698.852	93	94	0
162	49.443	-39.990	729.980	79.999	-39.990	750.000	79.999	-129.300	20.020	front	155.920	1	-86.667	-216.315	671.405	93	93	0
162	49.443	-39.990	729.980	79.999	-39.990	750.000	79.999	-129.300	20.020	front	155.920	2	-43.333	-182.781	643.959	94	93	0
162	49.443	-39.990	729.980	79.999	-39.990	750.000	79.999	-129.300	20.020	front	155.920	3	0.000	-149.248	616.512	95	92	0
162	49.443	-39.990	729.980	79.999	-39.990	750.000	79.999	-129.300	20.020	front	155.920	4	43.333	-115.715	589.066	95	92	0
162	49.443	-39.990	729.980	79.999	-39.990	750.000	79.999	-129.300	20.020	front	155.920	5	86.667	-82.182	561.619	96	91	0
162	49.443	-39.990	729.980	79.999	-39.990	750.000	79.999	-129.300	20.020	front	155.920	6	130.000	-48.649	534.173	97	91	0
162	49.443	-39.990	729.980	79.999	-39.990	750.000	79.999	-129.300	20.020	front	155.920	0	-130.000	-249.848	698.852	93	94	0
162	49.443	-39.990	729.980	79.999	-39.990	750.000	79.999	-129.300	20.020	front	155.920	1	-86.667	-216.315	671.405	93	93	0
162	49.443	-39.990	729.980	79.999	-39.990	750.000	79.999	-129.300	20.020	front	155.920	2	-43.333	-182.781	643.959	94	93	0
162	49.443	-39.990	729.980	79.999	-39.990	750.000	79.999	-129.300	20.020	front	155.920	3	0.000	-149.248	616.512	95	92	0
162	49.443	-39.990	729.980	79.999	-39.990	750.000	79.999	-129.300	20.020	front	155.920	4	43.333	-115.715	589.066	95	92	0
162	49.443	-39.990	729.980	79.999	-39.990	750.000	79.999	-129.300	20.020	front	155.920	5	86.667	-82.182	561.619	96	91	0
162	49.443	-39.990	729.980	79.999	-39.990	750.000	79.999	-129.300	20.020	front	155.920	6	130.000	-48.649	534.173	97	91	0
162	49.443	-39.990	729.980	79.999	-30.029	760.058	70.001	-128.100	33.224	front	155.920	0	-130.000	-238.770	704.527	93	94	0
162	49.443	-39.990	729.980	79.999	-30.029	760.058	70.001	-128.100	33.224	front	155.920	1	-86.667	-204.669	677.789	93	93	0
162	49.443	-39.990	729.980	79.999	-30.029	760.058	70.001	-128.100	33.224	front	155.920	2	-43.333	-170.569	651.050	94	93	0
162	49.443	-39.990	729.980	79.999	-30.029	760.058	70.001	-128.100	33.224	front	155.920	3	0.000	-136.468	624.312	95	92	0
162	49.443	-39.990	729.980	79.999	-30.029	760.058	70.001	-128.100	33.224	front	155.920	4	43.333	-102.367	597.574	95	92	0
162	49.443	-39.990	729.980	79.999	-30.029	760.058	70.001	-128.100	33.224	front	155.920	5	86.667	-68.267	570.836	96	91	0
162	49.443	-39.990	729.980	79.999	-30.029	760.058	70.001	-128.100	33.224	front	155.920	6	130.000	-34.166	544.098	97	91	0
162	49.443	-39.990	729.980	79.999	-30.029	760.058	70.001	-128.100	33.224	front	155.920	0	-130.000	-238.770	704.527	93	94	0
162	49.443	-39.990	729.980	79.999	-30.029	760.058	70.001	-128.100	33.224	front	155.920	1	-86.667	-204.669	677.789	93	93	0
162	49.443	-39.990	729.980	79.999	-30.029	760.058	70.001	-128.100	33.224	front	155.920	2	-43.333	-170.569	651.050	94	93	0
162	49.443	-39.990	729.980	79.999	-30.029	760.058	70.001	-128.100	33.224	front	155.920	3	0.000	-136.468	624.312	95	92	0
162	49.443	-39.990	729.980	79.999	-30.029	760.058	70.001	-128.100	33.224	front	155.920	4	43.333	-102.367	597.574	95	92	0
162	49.443	-39.990	729.980	79.999	-30.029	760.058	70.001	-128.100	33.224	front	155.920	5	86.667	-68.267	570.836	96	91	0
162	49.443	-39.990	729.980	79.999	-30.029	760.058	70.001	-128.100	33.224	front	155.920	6	130.000	-34.166	544.098	97	91	0
162	49.443	-39.990	729.980	79.999	-30.029	760.058	70.001	-128.100	33.224	front	155.920	0	-130.000	-238.770	704.527	93	94	0
162	49.443	-39.990	729.980	79.999	-30.029	760.058	70.001	-128.100	33.224	front	155.920	1	-86.667	-204.669	677.789	93	93	0
162	49.443	-39.990	729.980	79.999	-30.029	760.058	70.001	-128.100	33.224	front	155.920	2	-43.333	-170.569	651.050	94	93	0
162	49.443	-39.990	729.980	79.999	-30.029	760.058	70.001	-128.100	33.224	front	155.920	3	0.000	-136.468	624.312	95	92	0
162	49.443	-39.990	729.980	79.999	-30.029	760.058	70.001	-128.100	33.224	front	155.920	4	43.333	-102.367	597.574	95	92	0
162	49.443	-39.990	729.980	79.999	-30.029	760.058	70.001	-128.100	33.224	front	155.920	5	86.667	-68.267	570.836	96	91	0
162	49.443	-39.990	729.980	79.999	-30.029	760.058	70.001	-128.100	33.224	front	155.920	6	130.000	-34.166	544.098	97	91	0
162	49.443	-39.990	729.980	79.999	-30.029	760.058	70.001	-127.900	33.224	front	155.920	0	-130.000	-238.574	703.799	93	94	0
162	49.443	-39.990	729.980	79.999	-30.029	760.058	70.001	-127.900	33.224	front	155.920	1	-86.667	-204.381	677.180	93	93	0
162	49.443	-39.990	729.980	79.999	-30.029	760.058	70.001	-127.900	33.224	front	155.920	2	-43.333	-170.187	650.561	94	93	0
162	49.443	-39.990	729.980	79.999	-30.029	760.058	70.001	-127.900	33.224	front	155.920	3	0.000	-135.994	623.942	95	92	0
162	49.443	-39.990	729.980	79.999	-30.029	760.058	70.001	-127.900	33.224	front	155.920	4	43.333	-101.800	597.322	95	92	0
162	49.443	-39.990	729.980	79.999	-30.029	760.058	70.001	-127.900	33.224	front	155.920	5	86.667	-67.606	570.703	96	91	0
162	49.443	-39.990	729.980	79.999	-30.029	760.058	70.001	-127.900	33.224	front	155.920	6	130.000	-33.413	544.084	97	91	0
162	49.443	-39.990	729.980	79.999	-30.029	760.058	70.001	-127.900	33.224	front	155.920	0	-130.000	-238.574	703.799	93	94	0
162	49.443	-39.990	729.980	79.999	-30.029	760.058	70.001	-127.900	33.224	front	155.920	1	-86.667	-204.381	677.180	93	93	0
162	49.443	-39.990	729.980	79.999	-30.029	760.058	70.001	-127.900	33.224	front	155.920	2	-43.333	-170.187	650.561	94	93	0
162	49.443	-39.990	729.980	79.999	-30.029	760.058	70.001	-127.900	33.224	front	155.920	3	0.000	-135.994	623.942	95	92	0
162	49.443	-39.990	729.980	79.999	-30.029	760.058	70.001	-127.900	33.224	front	155.920	4	43.333	-101.800	597.322	95	92	0
162	49.443	-39.990	729.980	79.999	-30.029	760.058	70.001	-127.900	33.224	front	155.920	5	86.667	-67.606	570.703	96	91	0
162	49.443	-39.990	729.980	79.999	-30.029	760.058	70.001	-127.900	33.224	front	155.920	6	130.000	-33.413	544.084	97	91	0
162	49.443	-39.990	729.980	79.999	-30.029	760.058	70.001	-127.900	33.224	front	155.920	0	-130.000	-238.574	703.799	93	94	0
162	49.443	-39.990	729.980	79.999	-30.029	760.058	70.001	-127.900	33.224	front	155.920	1	-86.667	-204.381	677.180	93	93	0
162	49.443	-39.990	729.980	79.999	-30.029	760.058	70.001	-127.900	33.224	front	155.920	2	-43.333	-170.187	650.561	94	93	0
162	49.443	-39.990	729.980	79.999	-30.029	760.058	70.001	-127.900	33.224	front	155.920	3	0.000	-135.994	623.942	95	92	0
162	49.443	-39.990	729.980	79.999	-30.029	760.058	70.001	-127.900	33.224	front	155.920	4	43.333	-101.800	597.322	95	92	0
162	49.443	-39.990	729.980	79.999	-30.029	760.058	70.001	-127.900	33.224	front	155.920	5	86.667	-67.606	570.703	96	91	0
162	49.443	-39.990	729.980	79.999	-30.029	760.058	70.001	-127.900	33.224	front	155.920	6	130.000	-33.413	544.084	97	91	0
162	49.443	-39.990	729.980	79.999	-30.029	760.058	79.999	-127.900	31.685	front	155.920	0	-130.000	-238.574	703.799	93	94	0
162	49.443	-39.990	729.980	79.999	-30.029	760.058	79.999	-127.900	31.685	front	155.920	1	-86.667	-204.381	677.180	93	93	0
162	49.443	-39.990	729.980	79.999	-30.029	760.058	79.999	-127.900	31.685	front	155.920	2	-43.333	-170.187	650.561	94	93	0
162	49.443	-39.990	729.980	79.999	-30.029	760.058	79.999	-127.900	31.685	front	155.920	3	0.000	-135.994	623.942	95	92	0
162	49.443	-39.990	729.980	79.999	-30.029	760.058	79.999	-127.900	31.685	front	155.920	4	43.333	-101.800	597.322	95	92	0
162	49.443	-39.990	729.980	79.999	-30.029	760.058	79.999	-127.900	31.685	front	155.920	5	86.667	-67.606	570.703	96	91	0
162	49.443	-39.990	729.980	79.999	-30.029	760.058	79.999	-127.900	31.685	front	155.920	6	130.000	-33.413	544.084	97	91	0
162	49.443	-39.990	729.980	79.999	-30.029	760.058	79.999	-127.900	31.685	front	155.920	0	-130.000	-238.574	703.799	93	94	0
162	49.443	-39.990	729.980	79.999	-30.029	760.058	79.999	-127.900	31.685	front	155.920	1	-86.667	-204.381	677.180	93	93	0
162	49.443	-39.990	729.980	79.999	-30.029	760.058	79.999	-127.900	31.685	front	155.920	2	-43.333	-170.187	650.561	94	93	0
162	49.443	-39.990	729.980	79.999	-30.029	760.058	79.999	-127.900	31.685	front	155.920	3	0.000	-135.994	623.942	95	92	0
162	49.443	-39.990	729.980	79.999	-30.029	760.058	79.999	-127.900	31.685	front	155.920	4	43.333	-101.800	597.322	95	92	0
162	49.443	-39.990	729.980	79.999	-30.029	760.058	79.999	-127.900	31.685	front	155.920	5	86.667	-67.606	570.703	96	91	0
162	49.443	-39.990	729.980	79.999	-30.029	760.058	79.999	-127.900	31.685	front	155.920	6	130.000	-33.413	544.084	97	91	0
162	49.443	-39.990	729.980	79.999	-30.029	760.058	79.999	-127.900	31.685	front	155.920	0	-130.000	-238.574	703.799	93	94	0
162	49.443	-39.990	729.980	79.999	-30.029	760.058	79.999	-127.900	31.685	front	155.920	1	-86.667	-204.381	677.180	93	93	0
162	49.443	-39.990	729.980	79.999	-30.029	760.058	79.999	-127.900	31.685	front	155.920	2	-43.333	-170.187	650.561	94	93	0
162	49.443	-39.990	729.980	79.999	-30.029	760.058	79.999	-127.900	31.685	front	155.920	3	0.000	-135.994	623.942	95	92	0
162	49.443	-39.990	729.980	79.999	-30.029	760.058	79.999	-127.900	31.685	front	155.920	4	43.333	-101.800	597.322	95	92	0
162	49.443	-39.990	729.980	79.999	-30.029	760.058	79.999	-127.900	31.685	front	155.920	5	86.667	-67.606	570.703	96	91	0
162	49.443	-39.990	729.980	79.999	-30.029	760.058	79.999	-127.900	31.685	front	155.920	6	130.000	-33.413	544.084	97	91	0
162	49.443	-39.990	729.980	79.999	-30.029	750.000	79.999	-127.900	22.361	front	155.920	0	-130.000	-238.574	693.740	93	94	0
162	49.443	-39.990	729.980	79.999	-30.029	750.000	79.999	-127.900	22.361	front	155.920	1	-86.667	-204.381	667.121	93	93	0
162	49.443	-39.990	729.980	79.999	-30.029	750.000	79.999	-127.900	22.361	front	155.920	2	-43.333	-170.187	640.502	94	93	0
162	49.443	-39.990	729.980	79.999	-30.029	750.000	79.999	-127.900	22.361	front	155.920	3	0.000	-135.994	613.883	95	92	0
162	49.443	-39.990	729.980	79.999	-30.029	750.000	79.999	-127.900	22.361	front	155.920	4	43.333	-101.800	587.264	95	92	0
162	49.443	-39.990	729.980	79.999	-30.029	750.000	79.999	-127.900	22.361	front	155.920	5	86.667	-67.606	560.645	96	91	0
162	49.443	-39.990	729.980	79.999	-30.029	750.000	79.999	-127.900	22.361	front	155.920	6	130.000	-33.413	534.026	97	91	0
162	49.443	-39.990	729.980	79.999	-30.029	750.000	79.999	-127.900	22.361	front	155.920	0	-130.000	-238.574	693.740	93	94	0
162	49.443	-39.990	729.980	79.999	-30.029	750.000	79.999	-127.900	22.361	front	155.920	1	-86.667	-204.381	667.121	93	93	0
162	49.443	-39.990	729.980	79.999	-30.029	750.000	79.999	-127.900	22.361	front	155.920	2	-43.333	-170.187	640.502	94	93	0
162	49.443	-39.990	729.980	79.999	-30.029	750.000	79.999	-127.900	22.361	front	155.920	3	0.000	-135.994	613.883	95	92	0
162	49.443	-39.990	729.980	79.999	-30.029	750.000	79.999	-127.900	22.361	front	155.920	4	43.333	-101.800	587.264	95	92	0
162	49.443	-39.990	729.980	79.999	-30.029	750.000	79.999	-127.900	22.361	front	155.920	5	86.667	-67.606	560.645	96	91	0
162	49.443	-39.990	729.980	79.999	-30.029	750.000	79.999	-127.900	22.361	front	155.920	6	130.000	-33.413	534.026	97	91	0
162	49.443	-39.990	729.980	79.999	-30.029	750.000	79.999	-127.900	22.361	front	155.920	0	-130.000	-238.574	693.740	93	94	0
162	49.443	-39.990	729.980	79.999	-30.029	750.000	79.999	-127.900	22.361	front	155.920	1	-86.667	-204.381	667.121	93	93	0
162	49.443	-39.990	729.980	79.999	-30.029	750.000	79.999	-127.900	22.361	front	155.920	2	-43.333	-170.187	640.502	94	93	0
162	49.443	-39.990	729.980	79.999	-30.029	750.000	79.999	-127.900	22.361	front	155.920	3	0.000	-135.994	613.883	95	92	0
162	49.443	-39.990	729.980	79.999	-30.029	750.000	79.999	-127.900	22.361	front	155.920	4	43.333	-101.800	587.264	95	92	0
162	49.443	-39.990	729.980	79.999	-30.029	750.000	79.999	-127.900	22.361	front	155.920	5	86.667	-67.606	560.645	96	91	0
162	49.443	-39.990	729.980	79.999	-30.029	750.000	79.999	-127.900	22.361	front	155.920	6	130.000	-33.413	534.026	97	91	0
162	49.443	-39.990	729.980	79.999	-39.990	740.039	79.999	-127.900	10.059	front	155.920	0	-130.000	-248.535	683.779	93	94	0
162	49.443	-39.990	729.980	79.999	-39.990	740.039	79.999	-127.900	10.059	front	155.920	1	-86.667	-214.342	657.160	93	93	0
162	49.443	-39.990	729.980	79.999	-39.990	740.039	79.999	-127.900	10.059	front	155.920	2	-43.333	-180.148	630.541	94	93	0
162	49.443	-39.990	729.980	79.999	-39.990	740.039	79.999	-127.900	10.059	front	155.920	3	0.000	-145.954	603.922	95	92	0
162	49.443	-39.990	729.980	79.999	-39.990	740.039	79.999	-127.900	10.059	front	155.920	4	43.333	-111.761	577.303	95	91	0
162	49.443	-39.990	729.980	79.999	-39.990	740.039	79.999	-127.900	10.059	front	155.920	5	86.667	-77.567	550.684	96	91	0
162	49.443	-39.990	729.980	79.999	-39.990	740.039	79.999	-127.900	10.059	front	155.920	6	130.000	-43.373	524.065	97	90	1
162	49.443	-39.990	729.980	79.999	-39.990	740.039	79.999	-127.900	10.059	front	155.920	0	-130.000	-248.535	683.779	93	94	0
162	49.443	-39.990	729.980	79.999	-39.990	740.039	79.999	-127.900	10.059	front	155.920	1	-86.667	-214.342	657.160	93	93	0
162	49.443	-39.990	729.980	79.999	-39.990	740.039	79.999	-127.900	10.059	front	155.920	2	-43.333	-180.148	630.541	94	93	0
162	49.443	-39.990	729.980	79.999	-39.990	740.039	79.999	-127.900	10.059	front	155.920	3	0.000	-145.954	603.922	95	92	0
162	49.443	-39.990	729.980	79.999	-39.990	740.039	79.999	-127.900	10.059	front	155.920	4	43.333	-111.761	577.303	95	91	0
162	49.443	-39.990	729.980	79.999	-39.990	740.039	79.999	-127.900	10.059	front	155.920	5	86.667	-77.567	550.684	96	91	0
162	49.443	-39.990	729.980	79.999	-39.990	740.039	79.999	-127.900	10.059	front	155.920	6	130.000	-43.373	524.065	97	90	0
162	49.443	-39.990	729.980	79.999	-39.990	740.039	79.999	-127.900	10.059	front	155.920	0	-130.000	-248.535	683.779	93	94	0
162	49.443	-39.990	729.980	79.999	-39.990	740.039	79.999	-127.900	10.059	front	155.920	1	-86.667	-214.342	657.160	93	93	0
162	49.443	-39.990	729.980	79.999	-39.990	740.039	79.999	-127.900	10.059	front	155.920	2	-43.333	-180.148	630.541	94	93	0
162	49.443	-39.990	729.980	79.999	-39.990	740.039	79.999	-127.900	10.059	front	155.920	3	0.000	-145.954	603.922	95	92	0
162	49.443	-39.990	729.980	79.999	-39.990	740.039	79.999	-127.900	10.059	front	155.920	4	43.333	-111.761	577.303	95	91	0
162	49.443	-39.990	729.980	79.999	-39.990	740.039	79.999	-127.900	10.059	front	155.920	5	86.667	-77.567	550.684	96	91	0
162	49.443	-39.990	729.980	79.999	-39.990	740.039	79.999	-127.900	10.059	front	155.920	6	130.000	-43.373	524.065	97	90	0
162	49.443	-39.990	729.980	79.999	-39.990	740.039	79.999	-128.300	10.059	front	155.920	0	-130.000	-248.923	685.236	93	94	0
162	49.443	-39.990	729.980	79.999	-39.990	740.039	79.999	-128.300	10.059	front	155.920	1	-86.667	-214.916	658.379	93	93	0
162	49.443	-39.990	729.980	79.999	-39.990	740.039	79.999	-128.300	10.059	front	155.920	2	-43.333	-180.909	631.522	94	93	0
162	49.443	-39.990	729.980	79.999	-39.990	740.039	79.999	-128.300	10.059	front	155.920	3	0.000	-146.902	604.665	95	92	0
162	49.443	-39.990	729.980	79.999	-39.990	740.039	79.999	-128.300	10.059	front	155.920	4	43.333	-112.895	577.808	95	91	0
162	49.443	-39.990	729.980	79.999	-39.990	740.039	79.999	-128.300	10.059	front	155.920	5	86.667	-78.888	550.951	96	91	0
162	49.443	-39.990	729.980	79.999	-39.990	740.039	79.999	-128.300	10.059	front	155.920	6	130.000	-44.881	524.094	97	90	0
162	49.443	-39.990	729.980	79.999	-39.990	740.039	79.999	-128.300	10.059	front	155.920	0	-130.000	-248.923	685.236	93	94	0
162	49.443	-39.990	729.980	79.999	-39.990	740.039	79.999	-128.300	10.059	front	155.920	1	-86.667	-214.916	658.379	93	93	0
162	49.443	-39.990	729.980	79.999	-39.990	740.039	79.999	-128.300	10.059	front	155.920	2	-43.333	-180.909	631.522	94	93	0
162	49.443	-39.990	729.980	79.999	-39.990	740.039	79.999	-128.300	10.059	front	155.920	3	0.000	-146.902	604.665	95	92	0
162	49.443	-39.990	729.980	79.999	-39.990	740.039	79.999	-128.300	10.059	front	155.920	4	43.333	-112.895	577.808	95	91	0
162	49.443	-39.990	729.980	79.999	-39.990	740.039	79.999	-128.300	10.059	front	155.920	5	86.667	-78.888	550.951	96	91	0
162	49.443	-39.990	729.980	79.999	-39.990	740.039	79.999	-128.300	10.059	front	155.920	6	130.000	-44.881	524.094	97	90	0
162	49.443	-39.990	729.980	79.999	-39.990	740.039	79.999	-128.300	10.059	front	155.920	0	-130.000	-248.923	685.236	93	94	0
162	49.443	-39.990	729.980	79.999	-39.990	740.039	79.999	-128.300	10.059	front	155.920	1	-86.667	-214.916	658.379	93	93	0
162	49.443	-39.990	729.980	79.999	-39.990	740.039	79.999	-128.300	10.059	front	155.920	2	-43.333	-180.909	631.522	94	93	0
162	49.443	-39.990	729.980	79.999	-39.990	740.039	79.999	-128.300	10.059	front	155.920	3	0.000	-146.902	604.665	95	92	0
162	49.443	-39.990	729.980	79.999	-39.990	740.039	79.999	-128.300	10.059	front	155.920	4	43.333	-112.895	577.808	95	91	0
162	49.443	-39.990	729.980	79.999	-39.990	740.039	79.999	-128.300	10.059	front	155.920	5	86.667	-78.888	550.951	96	91	0
162	49.443	-39.990	729.980	79.999	-39.990	740.039	79.999	-128.300	10.059	front	155.920	6	130.000	-44.881	524.094	97	90	0
162	49.443	-39.990	729.980	79.999	-39.990	740.039	79.999	-128.300	10.059	front	155.920	0	-130.000	-248.923	685.236	93	94	0
162	49.443	-39.990	729.980	79.999	-39.990	740.039	79.999	-128.300	10.059	front	155.920	1	-86.667	-214.916	658.379	93	93	0
162	49.443	-39.990	729.980	79.999	-39.990	740.039	79.999	-128.300	10.059	front	155.920	2	-43.333	-180.909	631.522	94	93	0
162	49.443	-39.990	729.980	79.999	-39.990	740.039	79.999	-128.300	10.059	front	155.920	3	0.000	-146.902	604.665	95	92	0
162	49.443	-39.990	729.980	79.999	-39.990	740.039	79.999	-128.300	10.059	front	155.920	4	43.333	-112.895	577.808	95	91	0
162	49.443	-39.990	729.980	79.999	-39.990	740.039	79.999	-128.300	10.059	front	155.920	5	86.667	-78.888	550.951	96	91	0
162	49.443	-39.990	729.980	79.999	-39.990	740.039	79.999	-128.300	10.059	front	155.920	6	130.000	-44.881	524.094	97	90	0
162	49.443	-39.990	729.980	79.999	-39.990	740.039	79.999	-128.500	10.059	front	155.920	0	-130.000	-249.113	685.966	93	94	0
162	49.443	-39.990	729.980	79.999	-39.990	740.039	79.999	-128.500	10.059	front	155.920	1	-86.667	-215.200	658.990	93	93	0
162	49.443	-39.990	729.980	79.999	-39.990	740.039	79.999	-128.500	10.059	front	155.920	2	-43.333	-181.287	632.015	94	93	0
162	49.443	-39.990	729.980	79.999	-39.990	740.039	79.999	-128.500	10.059	front	155.920	3	0.000	-147.374	605.039	95	92	0
162	49.443	-39.990	729.980	79.999	-39.990	740.039	79.999	-128.500	10.059	front	155.920	4	43.333	-113.461	578.063	95	91	0
162	49.443	-39.990	729.980	79.999	-39.990	740.039	79.999	-128.500	10.059	front	155.920	5	86.667	-79.548	551.088	96	91	0
162	49.443	-39.990	729.980	79.999	-39.990	740.039	79.999	-128.500	10.059	front	155.920	6	130.000	-45.635	524.112	97	90	0
162	49.443	-39.990	729.980	79.999	-39.990	740.039	79.999	-128.500	10.059	front	155.920	0	-130.000	-249.113	685.966	93	94	0
162	49.443	-39.990	729.980	79.999	-39.990	740.039	79.999	-128.500	10.059	front	155.920	1	-86.667	-215.200	658.990	93	93	0
162	49.443	-39.990	729.980	79.999	-39.990	740.039	79.999	-128.500	10.059	front	155.920	2	-43.333	-181.287	632.015	94	93	0
162	49.443	-39.990	729.980	79.999	-39.990	740.039	79.999	-128.500	10.059	front	155.920	3	0.000	-147.374	605.039	95	92	0
162	49.443	-39.990	729.980	79.999	-39.990	740.039	79.999	-128.500	10.059	front	155.920	4	43.333	-113.461	578.063	95	91	0
162	49.443	-39.990	729.980	79.999	-39.990	740.039	79.999	-128.500	10.059	front	155.920	5	86.667	-79.548	551.088	96	91	0
162	49.443	-39.990	729.980	79.999	-39.990	740.039	79.999	-128.500	10.059	front	155.920	6	130.000	-45.635	524.112	97	90	0
162	49.443	-39.990	729.980	79.999	-39.990	740.039	79.999	-128.500	10.059	front	155.920	0	-130.000	-249.113	685.966	93	94	0
162	49.443	-39.990	729.980	79.999	-39.990	740.039	79.999	-128.500	10.059	front	155.920	1	-86.667	-215.200	658.990	93	93	0
162	49.443	-39.990	729.980	79.999	-39.990	740.039	79.999	-128.500	10.059	front	155.920	2	-43.333	-181.287	632.015	94	93	0
162	49.443	-39.990	729.980	79.999	-39.990	740.039	79.999	-128.500	10.059	front	155.920	3	0.000	-147.374	605.039	95	92	0
162	49.443	-39.990	729.980	79.999	-39.990	740.039	79.999	-128.500	10.059	front	155.920	4	43.333	-113.461	578.063	95	91	0
162	49.443	-39.990	729.980	79.999	-39.990	740.039	79.999	-128.500	10.059	front	155.920	5	86.667	-79.548	551.088	96	91	0
162	49.443	-39.990	729.980	79.999	-39.990	740.039	79.999	-128.500	10.059	front	155.920	6	130.000	-45.635	524.112	97	90	0
162	49.443	-39.990	729.980	79.999	-39.990	740.039	79.999	-128.600	10.059	front	155.920	0	-130.000	-249.207	686.331	93	94	0
162	49.443	-39.990	729.980	79.999	-39.990	740.039	79.999	-128.600	10.059	front	155.920	1	-86.667	-215.341	659.296	93	93	0
162	49.443	-39.990	729.980	79.999	-39.990	740.039	79.999	-128.600	10.059	front	155.920	2	-43.333	-181.475	632.262	94	93	0
162	49.443	-39.990	729.980	79.999	-39.990	740.039	79.999	-128.600	10.059	front	155.920	3	0.000	-147.609	605.227	95	92	0
162	49.443	-39.990	729.980	79.999	-39.990	740.039	79.999	-128.600	10.059	front	155.920	4	43.333	-113.744	578.192	95	91	0
162	49.443	-39.990	729.980	79.999	-39.990	740.039	79.999	-128.600	10.059	front	155.920	5	86.667	-79.878	551.157	96	91	0
162	49.443	-39.990	729.980	79.999	-39.990	740.039	79.999	-128.600	10.059	front	155.920	6	130.000	-46.012	524.122	97	90	0
162	49.443	-39.990	729.980	79.999	-39.990	740.039	79.999	-128.600	10.059	front	155.920	0	-130.000	-249.207	686.331	93	94	0
162	49.443	-39.990	729.980	79.999	-39.990	740.039	79.999	-128.600	10.059	front	155.920	1	-86.667	-215.341	659.296	93	93	0
162	49.443	-39.990	729.980	79.999	-39.990	740.039	79.999	-128.600	10.059	front	155.920	2	-43.333	-181.475	632.262	94	93	0
162	49.443	-39.990	729.980	79.999	-39.990	740.039	79.999	-128.600	10.059	front	155.920	3	0.000	-147.609	605.227	95	92	0
162	49.443	-39.990	729.980	79.999	-39.990	740.039	79.999	-128.600	10.059	front	155.920	4	43.333	-113.744	578.192	95	91	0
162	49.443	-39.990	729.980	79.999	-39.990	740.039	79.999	-128.600	10.059	front	155.920	5	86.667	-79.878	551.157	96	91	0
162	49.443	-39.990	729.980	79.999	-39.990	740.039	79.999	-128.600	10.059	front	155.920	6	130.000	-46.012	524.122	97	90	0
162	49.443	-39.990	729.980	79.999	-39.990	740.039	79.999	-128.600	10.059	front	155.920	0	-130.000	-249.207	686.331	93	94	0
162	49.443	-39.990	729.980	79.999	-39.990	740.039	79.999	-128.600	10.059	front	155.920	1	-86.667	-215.341	659.296	93	93	0
162	49.443	-39.990	729.980	79.999	-39.990	740.039	79.999	-128.600	10.059	front	155.920	2	-43.333	-181.475	632.262	94	93	0
162	49.443	-39.990	729.980	79.999	-39.990	740.039	79.999	-128.600	10.059	front	155.920	3	0.000	-147.609	605.227	95	92	0
162	49.443	-39.990	729.980	79.999	-39.990	740.039	79.999	-128.600	10.059	front	155.920	4	43.333	-113.744	578.192	95	91	0
162	49.443	-39.990	729.980	79.999	-39.990	740.039	79.999	-128.600	10.059	front	155.920	5	86.667	-79.878	551.157	96	91	0
162	49.443	-39.990	729.980	79.999	-39.990	740.039	79.999	-128.600	10.059	front	155.920	6	130.000	-46.012	524.122	97	90	0
162	49.443	-39.990	729.980	79.999	-39.990	740.039	79.999	-128.700	10.059	front	155.920	0	-130.000	-249.301	686.696	93	94	0
162	49.443	-39.990	729.980	79.999	-39.990	740.039	79.999	-128.700	10.059	front	155.920	1	-86.667	-215.482	659.602	93	93	0
162	49.443	-39.990	729.980	79.999	-39.990	740.039	79.999	-128.700	10.059	front	155.920	2	-43.333	-181.663	632.509	94	93	0
162	49.443	-39.990	729.980	79.999	-39.990	740.039	79.999	-128.700	10.059	front	155.920	3	0.000	-147.845	605.415	95	92	0
162	49.443	-39.990	729.980	79.999	-39.990	740.039	79.999	-128.700	10.059	front	155.920	4	43.333	-114.026	578.321	95	91	0
162	49.443	-39.990	729.980	79.999	-39.990	740.039	79.999	-128.700	10.059	front	155.920	5	86.667	-80.207	551.227	96	91	0
162	49.443	-39.990	729.980	79.999	-39.990	740.039	79.999	-128.700	10.059	front	155.920	6	130.000	-46.389	524.133	97	90	0
162	49.443	-39.990	729.980	79.999	-39.990	740.039	79.999	-128.700	10.059	front	155.920	0	-130.000	-249.301	686.696	93	94	0
162	49.443	-39.990	729.980	79.999	-39.990	740.039	79.999	-128.700	10.059	front	155.920	1	-86.667	-215.482	659.602	93	93	0
162	49.443	-39.990	729.980	79.999	-39.990	740.039	79.999	-128.700	10.059	front	155.920	2	-43.333	-181.663	632.509	94	93	0
162	49.443	-39.990	729.980	79.999	-39.990	740.039	79.999	-128.700	10.059	front	155.920	3	0.000	-147.845	605.415	95	92	0
162	49.443	-39.990	729.980	79.999	-39.990	740.039	79.999	-128.700	10.059	front	155.920	4	43.333	-114.026	578.321	95	91	0
162	49.443	-39.990	729.980	79.999	-39.990	740.039	79.999	-128.700	10.059	front	155.920	5	86.667	-80.207	551.227	96	91	0
162	49.443	-39.990	729.980	79.999	-39.990	740.039	79.999	-128.700	10.059	front	155.920	6	130.000	-46.389	524.133	97	90	0
162	49.443	-39.990	729.980	79.999	-39.990	740.039	79.999	-128.700	10.059	front	155.920	0	-130.000	-249.301	686.696	93	94	0
162	49.443	-39.990	729.980	79.999	-39.990	740.039	79.999	-128.700	10.059	front	155.920	1	-86.667	-215.482	659.602	93	93	0
162	49.443	-39.990	729.980	79.999	-39.990	740.039	79.999	-128.700	10.059	front	155.920	2	-43.333	-181.663	632.509	94	93	0
162	49.443	-39.990	729.980	79.999	-39.990	740.039	79.999	-128.700	10.059	front	155.920	3	0.000	-147.845	605.415	95	92	0
162	49.443	-39.990	729.980	79.999	-39.990	740.039	79.999	-128.700	10.059	front	155.920	4	43.333	-114.026	578.321	95	91	0
162	49.443	-39.990	729.980	79.999	-39.990	740.039	79.999	-128.700	10.059	front	155.920	5	86.667	-80.207	551.227	96	91	0
162	49.443	-39.990	729.980	79.999	-39.990	740.039	79.999	-128.700	10.059	front	155.920	6	130.000	-46.389	524.133	97	90	0
162	49.443	-39.990	729.980	79.999	-39.990	740.039	79.999	-128.800	10.059	front	155.920	0	-130.000	-249.393	687.062	93	94	0
162	49.443	-39.990	729.980	79.999	-39.990	740.039	79.999	-128.800	10.059	front	155.920	1	-86.667	-215.622	659.909	93	93	0
162	49.443	-39.990	729.980	79.999	-39.990	740.039	79.999	-128.800	10.059	front	155.920	2	-43.333	-181.851	632.756	94	93	0
162	49.443	-39.990	729.980	79.999	-39.990	740.039	79.999	-128.800	10.059	front	155.920	3	0.000	-148.079	605.603	95	92	0
162	49.443	-39.990	729.980	79.999	-39.990	740.039	79.999	-128.800	10.059	front	155.920	4	43.333	-114.308	578.450	95	91	0
162	49.443	-39.990	729.980	79.999	-39.990	740.039	79.999	-128.800	10.059	front	155.920	5	86.667	-80.537	551.298	96	91	0
162	49.443	-39.990	729.980	79.999	-39.990	740.039	79.999	-128.800	10.059	front	155.920	6	130.000	-46.765	524.145	97	90	0
162	49.443	-39.990	729.980	79.999	-39.990	740.039	79.999	-128.800	10.059	front	155.920	0	-130.000	-249.393	687.062	93	94	0
162	49.443	-39.990	729.980	79.999	-39.990	740.039	79.999	-128.800	10.059	front	155.920	1	-86.667	-215.622	659.909	93	93	0
162	49.443	-39.990	729.980	79.999	-39.990	740.039	79.999	-128.800	10.059	front	155.920	2	-43.333	-181.851	632.756	94	93	0
162	49.443	-39.990	729.980	79.999	-39.990	740.039	79.999	-128.800	10.059	front	155.920	3	0.000	-148.079	605.603	95	92	0
162	49.443	-39.990	729.980	79.999	-39.990	740.039	79.999	-128.800	10.059	front	155.920	4	43.333	-114.308	578.450	95	91	0
162	49.443	-39.990	729.980	79.999	-39.990	740.039	79.999	-128.800	10.059	front	155.920	5	86.667	-80.537	551.298	96	91	0
162	49.443	-39.990	729.980	79.999	-39.990	740.039	79.999	-128.800	10.059	front	155.920	6	130.000	-46.765	524.145	97	90	0
162	49.443	-39.990	729.980	79.999	-39.990	740.039	79.999	-128.800	10.059	front	155.920	0	-130.000	-249.393	687.062	93	94	0
162	49.443	-39.990	729.980	79.999	-39.990	740.039	79.999	-128.800	10.059	front	155.920	1	-86.667	-215.622	659.909	93	93	0
162	49.443	-39.990	729.980	79.999	-39.990	740.039	79.999	-128.800	10.059	front	155.920	2	-43.333	-181.851	632.756	94	93	0
162	49.443	-39.990	729.980	79.999	-39.990	740.039	79.999	-128.800	10.059	front	155.920	3	0.000	-148.079	605.603	95	92	0
162	49.443	-39.990	729.980	79.999	-39.990	740.039	79.999	-128.800	10.059	front	155.920	4	43.333	-114.308	578.450	95	91	0
162	49.443	-39.990	729.980	79.999	-39.990	740.039	79.999	-128.800	10.059	front	155.920	5	86.667	-80.537	551.298	96	91	0
162	49.443	-39.990	729.980	79.999	-39.990	740.039	79.999	-128.800	10.059	front	155.920	6	130.000	-46.765	524.145	97	90	0
162	49.443	-39.990	729.980	79.999	-39.990	740.039	79.999	-129.000	10.059	front	155.920	0	-130.000	-249.577	687.793	93	94	0
162	49.443	-39.990	729.980	79.999	-39.990	740.039	79.999	-129.000	10.059	front	155.920	1	-86.667	-215.901	660.522	93	93	0
162	49.443	-39.990	729.980	79.999	-39.990	740.039	79.999	-129.000	10.059	front	155.920	2	-43.333	-182.224	633.252	94	93	0
162	49.443	-39.990	729.980	79.999	-39.990	740.039	79.999	-129.000	10.059	front	155.920	3	0.000	-148.548	605.981	95	92	0
162	49.443	-39.990	729.980	79.999	-39.990	740.039	79.999	-129.000	10.059	front	155.920	4	43.333	-114.872	578.711	95	91	0
162	49.443	-39.990	729.980	79.999	-39.990	740.039	79.999	-129.000	10.059	front	155.920	5	86.667	-81.195	551.440	96	91	0
162	49.443	-39.990	729.980	79.999	-39.990	740.039	79.999	-129.000	10.059	front	155.920	6	130.000	-47.519	524.170	97	90	0
162	49.443	-39.990	729.980	79.999	-39.990	740.039	79.999	-129.000	10.059	front	155.920	0	-130.000	-249.577	687.793	93	94	0
162	49.443	-39.990	729.980	79.999	-39.990	740.039	79.999	-129.000	10.059	front	155.920	1	-86.667	-215.901	660.522	93	93	0
162	49.443	-39.990	729.980	79.999	-39.990	740.039	79.999	-129.000	10.059	front	155.920	2	-43.333	-182.224	633.252	94	93	0
162	49.443	-39.990	729.980	79.999	-39.990	740.039	79.999	-129.000	10.059	front	155.920	3	0.000	-148.548	605.981	95	92	0
162	49.443	-39.990	729.980	79.999	-39.990	740.039	79.999	-129.000	10.059	front	155.920	4	43.333	-114.872	578.711	95	91	0
162	49.443	-39.990	729.980	79.999	-39.990	740.039	79.999	-129.000	10.059	front	155.920	5	86.667	-81.195	551.440	96	91	0
162	49.443	-39.990	729.980	79.999	-39.990	740.039	79.999	-129.000	10.059	front	155.920	6	130.000	-47.519	524.170	97	90	0
162	49.443	-39.990	729.980	79.999	-39.990	740.039	79.999	-129.000	10.059	front	155.920	0	-130.000	-249.577	687.793	93	94	0
162	49.443	-39.990	729.980	79.999	-39.990	740.039	79.999	-129.000	10.059	front	155.920	1	-86.667	-215.901	660.522	93	93	0
162	49.443	-39.990	729.980	79.999	-39.990	740.039	79.999	-129.000	10.059	front	155.920	2	-43.333	-182.224	633.252	94	93	0
162	49.443	-39.990	729.980	79.999	-39.990	740.039	79.999	-129.000	10.059	front	155.920	3	0.000	-148.548	605.981	95	92	0
162	49.443	-39.990	729.980	79.999	-39.990	740.039	79.999	-129.000	10.059	front	155.920	4	43.333	-114.872	578.711	95	91	0
162	49.443	-39.990	729.980	79.999	-39.990	740.039	79.999	-129.000	10.059	front	155.920	5	86.667	-81.195	551.440	96	91	0
162	49.443	-39.990	729.980	79.999	-39.990	740.039	79.999	-129.000	10.059	front	155.920	6	130.000	-47.519	524.170	97	90	0
162	49.443	-39.990	729.980	79.999	-39.990	740.039	79.999	-129.000	10.059	front	155.920	0	-130.000	-249.577	687.793	93	94	0
162	49.443	-39.990	729.980	79.999	-39.990	740.039	79.999	-129.000	10.059	front	155.920	1	-86.667	-215.901	660.522	93	93	0
162	49.443	-39.990	729.980	79.999	-39.990	740.039	79.999	-129.000	10.059	front	155.920	2	-43.333	-182.224	633.252	94	93	0
162	49.443	-39.990	729.980	79.999	-39.990	740.039	79.999	-129.000	10.059	front	155.920	3	0.000	-148.548	605.981	95	92	0
162	49.443	-39.990	729.980	79.999	-39.990	740.039	79.999	-129.000	10.059	front	155.920	4	43.333	-114.872	578.711	95	91	0
162	49.443	-39.990	729.980	79.999	-39.990	740.039	79.999	-129.000	10.059	front	155.920	5	86.667	-81.195	551.440	96	91	0
162	49.443	-39.990	729.980	79.999	-39.990	740.039	79.999	-129.000	10.059	front	155.920	6	130.000	-47.519	524.170	97	90	0
162	49.443	-39.990	729.980	79.999	-39.990	729.980	79.999	-129.100	0.000	front	155.920	0	-130.000	-249.668	678.100	93	93	0
162	49.443	-39.990	729.980	79.999	-39.990	729.980	79.999	-129.100	0.000	front	155.920	1	-86.667	-216.039	650.771	93	93	0
162	49.443	-39.990	729.980	79.999	-39.990	729.980	79.999	-129.100	0.000	front	155.920	2	-43.333	-182.410	623.442	94	92	0
162	49.443	-39.990	729.980	79.999	-39.990	729.980	79.999	-129.100	0.000	front	155.920	3	0.000	-148.782	596.112	95	92	0
162	49.443	-39.990	729.980	79.999	-39.990	729.980	79.999	-129.100	0.000	front	155.920	4	43.333	-115.153	568.783	95	91	0
162	49.443	-39.990	729.980	79.999	-39.990	729.980	79.999	-129.100	0.000	front	155.920	5	86.667	-81.524	541.454	96	91	0
162	49.443	-39.990	729.980	79.999	-39.990	729.980	79.999	-129.100	0.000	front	155.920	6	130.000	-47.896	514.125	97	90	0
162	49.443	-39.990	729.980	79.999	-39.990	729.980	79.999	-129.100	0.000	front	155.920	0	-130.000	-249.668	678.100	93	93	0
162	49.443	-39.990	729.980	79.999	-39.990	729.980	79.999	-129.100	0.000	front	155.920	1	-86.667	-216.039	650.771	93	93	0
162	49.443	-39.990	729.980	79.999	-39.990	729.980	79.999	-129.100	0.000	front	155.920	2	-43.333	-182.410	623.442	94	92	0
162	49.443	-39.990	729.980	79.999	-39.990	729.980	79.999	-129.100	0.000	front	155.920	3	0.000	-148.782	596.112	95	92	0
162	49.443	-39.990	729.980	79.999	-39.990	729.980	79.999	-129.100	0.000	front	155.920	4	43.333	-115.153	568.783	95	91	0
162	49.443	-39.990	729.980	79.999	-39.990	729.980	79.999	-129.100	0.000	front	155.920	5	86.667	-81.524	541.454	96	91	0
162	49.443	-39.990	729.980	79.999	-39.990	729.980	79.999	-129.100	0.000	front	155.920	6	130.000	-47.896	514.125	97	90	0
162	49.443	-39.990	729.980	79.999	-39.990	729.980	79.999	-129.100	0.000	front	155.920	0	-130.000	-249.668	678.100	93	93	0
162	49.443	-39.990	729.980	79.999	-39.990	729.980	79.999	-129.100	0.000	front	155.920	1	-86.667	-216.039	650.771	93	93	0
162	49.443	-39.990	729.980	79.999	-39.990	729.980	79.999	-129.100	0.000	front	155.920	2	-43.333	-182.410	623.442	94	92	0
162	49.443	-39.990	729.980	79.999	-39.990	729.980	79.999	-129.100	0.000	front	155.920	3	0.000	-148.782	596.112	95	92	0
162	49.443	-39.990	729.980	79.999	-39.990	729.980	79.999	-129.100	0.000	front	155.920	4	43.333	-115.153	568.783	95	91	0
162	49.443	-39.990	729.980	79.999	-39.990	729.980	79.999	-129.100	0.000	front	155.920	5	86.667	-81.524	541.454	96	91	0
162	49.443	-39.990	729.980	79.999	-39.990	729.980	79.999	-129.100	0.000	front	155.920	6	130.000	-47.896	514.125	97	90	0
162	49.443	-39.990	729.980	79.999	-39.990	729.980	79.999	-129.200	0.000	front	155.920	0	-130.000	-249.758	678.466	93	93	0
162	49.443	-39.990	729.980	79.999	-39.990	729.980	79.999	-129.200	0.000	front	155.920	1	-86.667	-216.177	651.078	93	93	0
162	49.443	-39.990	729.980	79.999	-39.990	729.980	79.999	-129.200	0.000	front	155.920	2	-43.333	-182.596	623.690	94	92	0
162	49.443	-39.990	729.980	79.999	-39.990	729.980	79.999	-129.200	0.000	front	155.920	3	0.000	-149.015	596.302	95	92	0
162	49.443	-39.990	729.980	79.999	-39.990	729.980	79.999	-129.200	0.000	front	155.920	4	43.333	-115.434	568.915	95	91	0
162	49.443	-39.990	729.980	79.999	-39.990	729.980	79.999	-129.200	0.000	front	155.920	5	86.667	-81.853	541.527	96	91	0
162	49.443	-39.990	729.980	79.999	-39.990	729.980	79.999	-129.200	0.000	front	155.920	6	130.000	-48.272	514.139	97	90	0
162	49.443	-39.990	729.980	79.999	-39.990	729.980	79.999	-129.200	0.000	front	155.920	0	-130.000	-249.758	678.466	93	93	0
162	49.443	-39.990	729.980	79.999	-39.990	729.980	79.999	-129.200	0.000	front	155.920	1	-86.667	-216.177	651.078	93	93	0
162	49.443	-39.990	729.980	79.999	-39.990	729.980	79.999	-129.200	0.000	front	155.920	2	-43.333	-182.596	623.690	94	92	0
162	49.443	-39.990	729.980	79.999	-39.990	729.980	79.999	-129.200	0.000	front	155.920	3	0.000	-149.015	596.302	95	92	0
162	49.443	-39.990	729.980	79.999	-39.990	729.980	79.999	-129.200	0.000	front	155.920	4	43.333	-115.434	568.915	95	91	0
162	49.443	-39.990	729.980	79.999	-39.990	729.980	79.999	-129.200	0.000	front	155.920	5	86.667	-81.853	541.527	96	91	0
162	49.443	-39.990	729.980	79.999	-39.990	729.980	79.999	-129.200	0.000	front	155.920	6	130.000	-48.272	514.139	97	90	0
162	49.443	-39.990	729.980	79.999	-39.990	729.980	79.999	-129.300	0.000	front	155.920	0	-130.000	-249.848	678.832	93	93	0
162	49.443	-39.990	729.980	79.999	-39.990	729.980	79.999	-129.300	0.000	front	155.920	1	-86.667	-216.315	651.386	93	93	0
162	49.443	-39.990	729.980	79.999	-39.990	729.980	79.999	-129.300	0.000	front	155.920	2	-43.333	-182.781	623.939	94	92	0
162	49.443	-39.990	729.980	79.999	-39.990	729.980	79.999	-129.300	0.000	front	155.920	3	0.000	-149.248	596.493	95	92	0
162	49.443	-39.990	729.980	79.999	-39.990	729.980	79.999	-129.300	0.000	front	155.920	4	43.333	-115.715	569.046	95	91	0
162	49.443	-39.990	729.980	79.999	-39.990	729.980	79.999	-129.300	0.000	front	155.920	5	86.667	-82.182	541.600	96	91	0
162	49.443	-39.990	729.980	79.999	-39.990	729.980	79.999	-129.300	0.000	front	155.920	6	130.000	-48.649	514.153	97	90	0
162	49.443	-39.990	729.980	79.999	-39.990	729.980	79.999	-129.300	0.000	front	155.920	0	-130.000	-249.848	678.832	93	93	0
162	49.443	-39.990	729.980	79.999	-39.990	729.980	79.999	-129.300	0.000	front	155.920	1	-86.667	-216.315	651.386	93	93	0
162	49.443	-39.990	729.980	79.999	-39.990	729.980	79.999	-129.300	0.000	front	155.920	2	-43.333	-182.781	623.939	94	92	0
162	49.443	-39.990	729.980	79.999	-39.990	729.980	79.999	-129.300	0.000	front	155.920	3	0.000	-149.248	596.493	95	92	0
162	49.443	-39.990	729.980	79.999	-39.990	729.980	79.999	-129.300	0.000	front	155.920	4	43.333	-115.715	569.046	95	91	0
162	49.443	-39.990	729.980	79.999	-39.990	729.980	79.999	-129.300	0.000	front	155.920	5	86.667	-82.182	541.600	96	91	0
162	49.443	-39.990	729.980	79.999	-39.990	729.980	79.999	-129.300	0.000	front	155.920	6	130.000	-48.649	514.153	97	90	0
162	49.443	-39.990	729.980	79.999	-39.990	729.980	79.999	-129.300	0.000	front	155.920	0	-130.000	-249.848	678.832	93	93	0
162	49.443	-39.990	729.980	79.999	-39.990	729.980	79.999	-129.300	0.000	front	155.920	1	-86.667	-216.315	651.386	93	93	0
162	49.443	-39.990	729.980	79.999	-39.990	729.980	79.999	-129.300	0.000	front	155.920	2	-43.333	-182.781	623.939	94	92	0
162	49.443	-39.990	729.980	79.999	-39.990	729.980	79.999	-129.300	0.000	front	155.920	3	0.000	-149.248	596.493	95	92	0
162	49.443	-39.990	729.980	79.999	-39.990	729.980	79.999	-129.300	0.000	front	155.920	4	43.333	-115.715	569.046	95	91	0
162	49.443	-39.990	729.980	79.999	-39.990	729.980	79.999	-129.300	0.000	front	155.920	5	86.667	-82.182	541.600	96	91	0
162	49.443	-39.990	729.980	79.999	-39.990	729.980	79.999	-129.300	0.000	front	155.920	6	130.000	-48.649	514.153	97	90	0
162	49.443	-39.990	729.980	79.999	-39.990	729.980	79.999	-129.300	0.000	front	155.920	0	-130.000	-249.848	678.832	93	93	0
162	49.443	-39.990	729.980	79.999	-39.990	729.980	79.999	-129.300	0.000	front	155.920	1	-86.667	-216.315	651.386	93	93	0
162	49.443	-39.990	729.980	79.999	-39.990	729.980	79.999	-129.300	0.000	front	155.920	2	-43.333	-182.781	623.939	94	92	0
162	49.443	-39.990	729.980	79.999	-39.990	729.980	79.999	-129.300	0.000	front	155.920	3	0.000	-149.248	596.493	95	92	0
162	49.443	-39.990	729.980	79.999	-39.990	729.980	79.999	-129.300	0.000	front	155.920	4	43.333	-115.715	569.046	95	91	0
162	49.443	-39.990	729.980	79.999	-39.990	729.980	79.999	-129.300	0.000	front	155.920	5	86.667	-82.182	541.600	96	91	0
162	49.443	-39.990	729.980	79.999	-39.990	729.980	79.999	-129.300	0.000	front	155.920	6	130.000	-48.649	514.153	97	90	0
162	49.443	-39.990	729.980	79.999	-39.990	729.980	79.999	-129.500	0.000	front	155.920	0	-130.000	-250.025	679.565	92	93	1
162	49.443	-39.990	729.980	79.999	-39.990	729.980	79.999	-129.500	0.000	front	155.920	1	-86.667	-216.588	652.002	93	93	0
162	49.443	-39.990	729.980	79.999	-39.990	729.980	79.999	-129.500	0.000	front	155.920	2	-43.333	-183.151	624.439	94	92	0
162	49.443	-39.990	729.980	79.999	-39.990	729.980	79.999	-129.500	0.000	front	155.920	3	0.000	-149.714	596.875	95	92	0
162	49.443	-39.990	729.980	79.999	-39.990	729.980	79.999	-129.500	0.000	front	155.920	4	43.333	-116.277	569.312	95	91	0
162	49.443	-39.990	729.980	79.999	-39.990	729.980	79.999	-129.500	0.000	front	155.920	5	86.667	-82.840	541.748	96	91	0
162	49.443	-39.990	729.980	79.999	-39.990	729.980	79.999	-129.500	0.000	front	155.920	6	130.000	-49.402	514.185	97	90	0
162	49.443	-39.990	729.980	79.999	-39.990	729.980	79.999	-129.500	0.000	front	155.920	0	-130.000	-250.025	679.565	92	93	0
162	49.443	-39.990	729.980	79.999	-39.990	729.980	79.999	-129.500	0.000	front	155.920	1	-86.667	-216.588	652.002	93	93	0
162	49.443	-39.990	729.980	79.999	-39.990	729.980	79.999	-129.500	0.000	front	155.920	2	-43.333	-183.151	624.439	94	92	0
162	49.443	-39.990	729.980	79.999	-39.990	729.980	79.999	-129.500	0.000	front	155.920	3	0.000	-149.714	596.875	95	92	0
162	49.443	-39.990	729.980	79.999	-39.990	729.980	79.999	-129.500	0.000	front	155.920	4	43.333	-116.277	569.312	95	91	0
162	49.443	-39.990	729.980	79.999	-39.990	729.980	79.999	-129.500	0.000	front	155.920	5	86.667	-82.840	541.748	96	91	0
162	49.443	-39.990	729.980	79.999	-39.990	729.980	79.999	-129.500	0.000	front	155.920	6	130.000	-49.402	514.185	97	90	0
162	49.443	-39.990	729.980	79.999	-39.990	729.980	79.999	-129.500	0.000	front	155.920	0	-130.000	-250.025	679.565	92	93	0
162	49.443	-39.990	729.980	79.999	-39.990	729.980	79.999	-129.500	0.000	front	155.920	1	-86.667	-216.588	652.002	93	93	0
162	49.443	-39.990	729.980	79.999	-39.990	729.980	79.999	-129.500	0.000	front	155.920	2	-43.333	-183.151	624.439	94	92	0
162	49.443	-39.990	729.980	79.999	-39.990	729.980	79.999	-129.500	0.000	front	155.920	3	0.000	-149.714	596.875	95	92	0
162	49.443	-39.990	729.980	79.999	-39.990	729.980	79.999	-129.500	0.000	front	155.920	4	43.333	-116.277	569.312	95	91	0
162	49.443	-39.990	729.980	79.999	-39.990	729.980	79.999	-129.500	0.000	front	155.920	5	86.667	-82.840	541.748	96	91	0
162	49.443	-39.990	729.980	79.999	-39.990	729.980	79.999	-129.500	0.000	front	155.920	6	130.000	-49.402	514.185	97	90	0
162	49.443	-39.990	729.980	79.999	-39.990	729.980	79.999	-129.600	0.000	front	155.920	0	-130.000	-250.113	679.932	92	93	0
162	49.443	-39.990	729.980	79.999	-39.990	729.980	79.999	-129.600	0.000	front	155.920	1	-86.667	-216.724	652.310	93	93	0
162	49.443	-39.990	729.980	79.999	-39.990	729.980	79.999	-129.600	0.000	front	155.920	2	-43.333	-183.335	624.689	94	92	0
162	49.443	-39.990	729.980	79.999	-39.990	729.980	79.999	-129.600	0.000	front	155.920	3	0.000	-149.946	597.067	95	92	0
162	49.443	-39.990	729.980	79.999	-39.990	729.980	79.999	-129.600	0.000	front	155.920	4	43.333	-116.557	569.445	95	91	0
162	49.443	-39.990	729.980	79.999	-39.990	729.980	79.999	-129.600	0.000	front	155.920	5	86.667	-83.168	541.823	96	91	0
162	49.443	-39.990	729.980	79.999	-39.990	729.980	79.999	-129.600	0.000	front	155.920	6	130.000	-49.779	514.202	97	90	0
162	49.443	-39.990	729.980	79.999	-39.990	729.980	79.999	-129.600	0.000	front	155.920	0	-130.000	-250.113	679.932	92	93	0
162	49.443	-39.990	729.980	79.999	-39.990	729.980	79.999	-129.600	0.000	front	155.920	1	-86.667	-216.724	652.310	93	93	0
162	49.443	-39.990	729.980	79.999	-39.990	729.980	79.999	-129.600	0.000	front	155.920	2	-43.333	-183.335	624.689	94	92	0
162	49.443	-39.990	729.980	79.999	-39.990	729.980	79.999	-129.600	0.000	front	155.920	3	0.000	-149.946	597.067	95	92	0
162	49.443	-39.990	729.980	79.999	-39.990	729.980	79.999	-129.600	0.000	front	155.920	4	43.333	-116.557	569.445	95	91	0
162	49.443	-39.990	729.980	79.999	-39.990	729.980	79.999	-129.600	0.000	front	155.920	5	86.667	-83.168	541.823	96	91	0
162	49.443	-39.990	729.980	79.999	-39.990	729.980	79.999	-129.600	0.000	front	155.920	6	130.000	-49.779	514.202	97	90	0
162	49.443	-39.990	729.980	79.999	-39.990	729.980	79.999	-129.600	0.000	front	155.920	0	-130.000	-250.113	679.932	92	93	0
162	49.443	-39.990	729.980	79.999	-39.990	729.980	79.999	-129.600	0.000	front	155.920	1	-86.667	-216.724	652.310	93	93	0
162	49.443	-39.990	729.980	79.999	-39.990	729.980	79.999	-129.600	0.000	front	155.920	2	-43.333	-183.335	624.689	94	92	0
162	49.443	-39.990	729.980	79.999	-39.990	729.980	79.999	-129.600	0.000	front	155.920	3	0.000	-149.946	597.067	95	92	0
162	49.443	-39.990	729.980	79.999	-39.990	729.980	79.999	-129.600	0.000	front	155.920	4	43.333	-116.557	569.445	95	91	0
162	49.443	-39.990	729.980	79.999	-39.990	729.980	79.999	-129.600	0.000	front	155.920	5	86.667	-83.168	541.823	96	91	0
162	49.443	-39.990	729.980	79.999	-39.990	729.980	79.999	-129.600	0.000	front	155.920	6	130.000	-49.779	514.202	97	90	0
162	49.443	-39.990	729.980	79.999	-39.990	729.980	79.999	-129.600	0.000	front	155.920	0	-130.000	-250.113	679.932	92	93	0
162	49.443	-39.990	729.980	79.999	-39.990	729.980	79.999	-129.600	0.000	front	155.920	1	-86.667	-216.724	652.310	93	93	0
162	49.443	-39.990	729.980	79.999	-39.990	729.980	79.999	-129.600	0.000	front	155.920	2	-43.333	-183.335	624.689	94	92	0
162	49.443	-39.990	729.980	79.999	-39.990	729.980	79.999	-129.600	0.000	front	155.920	3	0.000	-149.946	597.067	95	92	0
162	49.443	-39.990	729.980	79.999	-39.990	729.980	79.999	-129.600	0.000	front	155.920	4	43.333	-116.557	569.445	95	91	0
162	49.443	-39.990	729.980	79.999	-39.990	729.980	79.999	-129.600	0.000	front	155.920	5	86.667	-83.168	541.823	96	91	0
162	49.443	-39.990	729.980	79.999	-39.990	729.980	79.999	-129.600	0.000	front	155.920	6	130.000	-49.779	514.202	97	90	0
162	49.443	-39.990	729.980	79.999	-39.990	729.980	79.999	-129.700	0.000	front	155.920	0	-130.000	-250.200	680.299	92	94	0
162	49.443	-39.990	729.980	79.999	-39.990	729.980	79.999	-129.700	0.000	front	155.920	1	-86.667	-216.859	652.619	93	93	0
162	49.443	-39.990	729.980	79.999	-39.990	729.980	79.999	-129.700	0.000	front	155.920	2	-43.333	-183.518	624.939	94	92	0
162	49.443	-39.990	729.980	79.999	-39.990	729.980	79.999	-129.700	0.000	front	155.920	3	0.000	-150.178	597.259	94	92	0
162	49.443	-39.990	729.980	79.999	-39.990	729.980	79.999	-129.700	0.000	front	155.920	4	43.333	-116.837	569.579	95	91	0
162	49.443	-39.990	729.980	79.999	-39.990	729.980	79.999	-129.700	0.000	front	155.920	5	86.667	-83.496	541.899	96	91	0
162	49.443	-39.990	729.980	79.999	-39.990	729.980	79.999	-129.700	0.000	front	155.920	6	130.000	-50.156	514.219	96	90	0
162	49.443	-39.990	729.980	79.999	-39.990	729.980	79.999	-129.700	0.000	front	155.920	0	-130.000	-250.200	680.299	92	94	0
162	49.443	-39.990	729.980	79.999	-39.990	729.980	79.999	-129.700	0.000	front	155.920	1	-86.667	-216.859	652.619	93	93	0
162	49.443	-39.990	729.980	79.999	-39.990	729.980	79.999	-129.700	0.000	front	155.920	2	-43.333	-183.518	624.939	94	92	0
162	49.443	-39.990	729.980	79.999	-39.990	729.980	79.999	-129.700	0.000	front	155.920	3	0.000	-150.178	597.259	94	92	0
162	49.443	-39.990	729.980	79.999	-39.990	729.980	79.999	-129.700	0.000	front	155.920	4	43.333	-116.837	569.579	95	91	0
162	49.443	-39.990	729.980	79.999	-39.990	729.980	79.999	-129.700	0.000	front	155.920	5	86.667	-83.496	541.899	96	91	0
162	49.443	-39.990	729.980	79.999	-39.990	729.980	79.999	-129.700	0.000	front	155.920	6	130.000	-50.156	514.219	96	90	0
162	49.443	-39.990	729.980	79.999	-39.990	729.980	79.999	-129.700	0.000	front	155.920	0	-130.000	-250.200	680.299	92	94	0
162	49.443	-39.990	729.980	79.999	-39.990	729.980	79.999	-129.700	0.000	front	155.920	1	-86.667	-216.859	652.619	93	93	0
162	49.443	-39.990	729.980	79.999	-39.990	729.980	79.999	-129.700	0.000	front	155.920	2	-43.333	-183.518	624.939	94	92	0
162	49.443	-39.990	729.980	79.999	-39.990	729.980	79.999	-129.700	0.000	front	155.920	3	0.000	-150.178	597.259	94	92	0
162	49.443	-39.990	729.980	79.999	-39.990	729.980	79.999	-129.700	0.000	front	155.920	4	43.333	-116.837	569.579	95	91	0
162	49.443	-39.990	729.980	79.999	-39.990	729.980	79.999	-129.700	0.000	front	155.920	5	86.667	-83.496	541.899	96	91	0
162	49.443	-39.990	729.980	79.999	-39.990	729.980	79.999	-129.700	0.000	front	155.920	6	130.000	-50.156	514.219	96	90	0
162	49.443	-39.990	729.980	79.999	-39.990	729.980	79.999	-129.900	0.000	front	155.920	0	-130.000	-250.372	681.033	92	94	0
162	49.443	-39.990	729.980	79.999	-39.990	729.980	79.999	-129.900	0.000	front	155.920	1	-86.667	-217.128	653.237	93	93	0
162	49.443	-39.990	729.980	79.999	-39.990	729.980	79.999	-129.900	0.000	front	155.920	2	-43.333	-183.884	625.441	94	92	0
162	49.443	-39.990	729.980	79.999	-39.990	729.980	79.999	-129.900	0.000	front	155.920	3	0.000	-150.640	597.644	94	92	0
162	49.443	-39.990	729.980	79.999	-39.990	729.980	79.999	-129.900	0.000	front	155.920	4	43.333	-117.396	569.848	95	91	0
162	49.443	-39.990	729.980	79.999	-39.990	729.980	79.999	-129.900	0.000	front	155.920	5	86.667	-84.153	542.052	96	91	0
162	49.443	-39.990	729.980	79.999	-39.990	729.980	79.999	-129.900	0.000	front	155.920	6	130.000	-50.909	514.256	96	90	0
162	49.443	-39.990	729.980	79.999	-39.990	729.980	79.999	-129.900	0.000	front	155.920	0	-130.000	-250.372	681.033	92	94	0
162	49.443	-39.990	729.980	79.999	-39.990	729.980	79.999	-129.900	0.000	front	155.920	1	-86.667	-217.128	653.237	93	93	0
162	49.443	-39.990	729.980	79.999	-39.990	729.980	79.999	-129.900	0.000	front	155.920	2	-43.333	-183.884	625.441	94	92	0
162	49.443	-39.990	729.980	79.999	-39.990	729.980	79.999	-129.900	0.000	front	155.920	3	0.000	-150.640	597.644	94	92	0
162	49.443	-39.990	729.980	79.999	-39.990	729.980	79.999	-129.900	0.000	front	155.920	4	43.333	-117.396	569.848	95	91	0
162	49.443	-39.990	729.980	79.999	-39.990	729.980	79.999	-129.900	0.000	front	155.920	5	86.667	-84.153	542.052	96	91	0
162	49.443	-39.990	729.980	79.999	-39.990	729.980	79.999	-129.900	0.000	front	155.920	6	130.000	-50.909	514.256	96	90	0
162	49.443	-39.990	729.980	79.999	-39.990	729.980	79.999	-129.900	0.000	front	155.920	0	-130.000	-250.372	681.033	92	94	0
162	49.443	-39.990	729.980	79.999	-39.990	729.980	79.999	-129.900	0.000	front	155.920	1	-86.667	-217.128	653.237	93	93	0
162	49.443	-39.990	729.980	79.999	-39.990	729.980	79.999	-129.900	0.000	front	155.920	2	-43.333	-183.884	625.441	94	92	0
162	49.443	-39.990	729.980	79.999	-39.990	729.980	79.999	-129.900	0.000	front	155.920	3	0.000	-150.640	597.644	94	92	0
162	49.443	-39.990	729.980	79.999	-39.990	729.980	79.999	-129.900	0.000	front	155.920	4	43.333	-117.396	569.848	95	91	0
162	49.443	-39.990	729.980	79.999	-39.990	729.980	79.999	-129.900	0.000	front	155.920	5	86.667	-84.153	542.052	96	91	0
162	49.443	-39.990	729.980	79.999	-39.990	729.980	79.999	-129.900	0.000	front	155.920	6	130.000	-50.909	514.256	96	90	0
162	49.443	-39.990	729.980	79.999	-39.990	729.980	79.999	-130.000	0.000	front	155.920	0	-130.000	-250.457	681.400	92	94	0
162	49.443	-39.990	729.980	79.999	-39.990	729.980	79.999	-130.000	0.000	front	155.920	1	-86.667	-217.262	653.546	93	93	0
162	49.443	-39.990	729.980	79.999	-39.990	729.980	79.999	-130.000	0.000	front	155.920	2	-43.333	-184.066	625.692	94	92	0
162	49.443	-39.990	729.980	79.999	-39.990	729.980	79.999	-130.000	0.000	front	155.920	3	0.000	-150.871	597.838	94	92	0
162	49.443	-39.990	729.980	79.999	-39.990	729.980	79.999	-130.000	0.000	front	155.920	4	43.333	-117.676	569.984	95	91	0
162	49.443	-39.990	729.980	79.999	-39.990	729.980	79.999	-130.000	0.000	front	155.920	5	86.667	-84.481	542.129	96	91	0
162	49.443	-39.990	729.980	79.999	-39.990	729.980	79.999	-130.000	0.000	front	155.920	6	130.000	-51.285	514.275	96	90	0
162	49.443	-39.990	729.980	79.999	-39.990	729.980	79.999	-130.000	0.000	front	155.920	0	-130.000	-250.457	681.400	92	94	0
162	49.443	-39.990	729.980	79.999	-39.990	729.980	79.999	-130.000	0.000	front	155.920	1	-86.667	-217.262	653.546	93	93	0
162	49.443	-39.990	729.980	79.999	-39.990	729.980	79.999	-130.000	0.000	front	155.920	2	-43.333	-184.066	625.692	94	92	0
162	49.443	-39.990	729.980	79.999	-39.990	729.980	79.999	-130.000	0.000	front	155.920	3	0.000	-150.871	597.838	94	92	0
162	49.443	-39.990	729.980	79.999	-39.990	729.980	79.999	-130.000	0.000	front	155.920	4	43.333	-117.676	569.984	95	91	0
162	49.443	-39.990	729.980	79.999	-39.990	729.980	79.999	-130.000	0.000	front	155.920	5	86.667	-84.481	542.129	96	91	0
162	49.443	-39.990	729.980	79.999	-39.990	729.980	79.999	-130.000	0.000	front	155.920	6	130.000	-51.285	514.275	96	90	0
