step_idx	elapsed_s	stuck_x_cm	stuck_y_cm	stuck_z_cm	hist_x_cm	hist_y_cm	hist_z_cm	hist_heading_deg	dist_from_stuck_cm	contact_side	contact_min_lidar_cm	bumper_sample_idx	bumper_lateral_offset_cm	obstacle_x_cm	obstacle_y_cm	obstacle_cell_x	obstacle_cell_y	placed
160	45.010	39.990	670.020	79.999	69.971	760.058	70.001	-123.800	95.424	front	150.280	0	-130.000	-134.018	689.032	95	94	1
160	45.010	39.990	670.020	79.999	69.971	760.058	70.001	-123.800	95.424	front	150.280	1	-86.667	-98.009	664.926	96	93	1
160	45.010	39.990	670.020	79.999	69.971	760.058	70.001	-123.800	95.424	front	150.280	2	-43.333	-62.000	640.820	96	93	0
160	45.010	39.990	670.020	79.999	69.971	760.058	70.001	-123.800	95.424	front	150.280	3	0.000	-25.990	616.714	97	92	1
160	45.010	39.990	670.020	79.999	69.971	760.058	70.001	-123.800	95.424	front	150.280	4	43.333	10.019	592.608	98	92	1
160	45.010	39.990	670.020	79.999	69.971	760.058	70.001	-123.800	95.424	front	150.280	5	86.667	46.028	568.501	98	91	1
160	45.010	39.990	670.020	79.999	69.971	760.058	70.001	-123.800	95.424	front	150.280	6	130.000	82.038	544.395	99	91	1
160	45.010	39.990	670.020	79.999	69.971	760.058	70.001	-123.800	95.424	front	150.280	0	-130.000	-134.018	689.032	95	94	0
160	45.010	39.990	670.020	79.999	69.971	760.058	70.001	-123.800	95.424	front	150.280	1	-86.667	-98.009	664.926	96	93	0
160	45.010	39.990	670.020	79.999	69.971	760.058	70.001	-123.800	95.424	front	150.280	2	-43.333	-62.000	640.820	96	93	0
160	45.010	39.990	670.020	79.999	69.971	760.058	70.001	-123.800	95.424	front	150.280	3	0.000	-25.990	616.714	97	92	0
160	45.010	39.990	670.020	79.999	69.971	760.058	70.001	-123.800	95.424	front	150.280	4	43.333	10.019	592.608	98	92	0
160	45.010	39.990	670.020	79.999	69.971	760.058	70.001	-123.800	95.424	front	150.280	5	86.667	46.028	568.501	98	91	0
160	45.010	39.990	670.020	79.999	69.971	760.058	70.001	-123.800	95.424	front	150.280	6	130.000	82.038	544.395	99	91	0
160	45.010	39.990	670.020	79.999	69.971	760.058	70.001	-123.800	95.424	front	150.280	0	-130.000	-134.018	689.032	95	94	0
160	45.010	39.990	670.020	79.999	69.971	760.058	70.001	-123.800	95.424	front	150.280	1	-86.667	-98.009	664.926	96	93	0
160	45.010	39.990	670.020	79.999	69.971	760.058	70.001	-123.800	95.424	front	150.280	2	-43.333	-62.000	640.820	96	93	0
160	45.010	39.990	670.020	79.999	69.971	760.058	70.001	-123.800	95.424	front	150.280	3	0.000	-25.990	616.714	97	92	0
160	45.010	39.990	670.020	79.999	69.971	760.058	70.001	-123.800	95.424	front	150.280	4	43.333	10.019	592.608	98	92	0
160	45.010	39.990	670.020	79.999	69.971	760.058	70.001	-123.800	95.424	front	150.280	5	86.667	46.028	568.501	98	91	0
160	45.010	39.990	670.020	79.999	69.971	760.058	70.001	-123.800	95.424	front	150.280	6	130.000	82.038	544.395	99	91	0
160	45.010	39.990	670.020	79.999	69.971	740.039	70.001	-121.400	76.821	front	150.280	0	-130.000	-130.865	660.533	95	93	1
160	45.010	39.990	670.020	79.999	69.971	740.039	70.001	-121.400	76.821	front	150.280	1	-86.667	-93.878	637.956	96	93	0
160	45.010	39.990	670.020	79.999	69.971	740.039	70.001	-121.400	76.821	front	150.280	2	-43.333	-56.891	615.379	96	92	1
160	45.010	39.990	670.020	79.999	69.971	740.039	70.001	-121.400	76.821	front	150.280	3	0.000	-19.903	592.802	97	92	0
160	45.010	39.990	670.020	79.999	69.971	740.039	70.001	-121.400	76.821	front	150.280	4	43.333	17.084	570.224	98	91	0
160	45.010	39.990	670.020	79.999	69.971	740.039	70.001	-121.400	76.821	front	150.280	5	86.667	54.071	547.647	99	91	0
160	45.010	39.990	670.020	79.999	69.971	740.039	70.001	-121.400	76.821	front	150.280	6	130.000	91.058	525.070	99	90	1
160	45.010	39.990	670.020	79.999	69.971	740.039	70.001	-121.400	76.821	front	150.280	0	-130.000	-130.865	660.533	95	93	0
160	45.010	39.990	670.020	79.999	69.971	740.039	70.001	-121.400	76.821	front	150.280	1	-86.667	-93.878	637.956	96	93	0
160	45.010	39.990	670.020	79.999	69.971	740.039	70.001	-121.400	76.821	front	150.280	2	-43.333	-56.891	615.379	96	92	0
160	45.010	39.990	670.020	79.999	69.971	740.039	70.001	-121.400	76.821	front	150.280	3	0.000	-19.903	592.802	97	92	0
160	45.010	39.990	670.020	79.999	69.971	740.039	70.001	-121.400	76.821	front	150.280	4	43.333	17.084	570.224	98	91	0
160	45.010	39.990	670.020	79.999	69.971	740.039	70.001	-121.400	76.821	front	150.280	5	86.667	54.071	547.647	99	91	0
160	45.010	39.990	670.020	79.999	69.971	740.039	70.001	-121.400	76.821	front	150.280	6	130.000	91.058	525.070	99	90	0
160	45.010	39.990	670.020	79.999	69.971	740.039	70.001	-121.400	76.821	front	150.280	0	-130.000	-130.865	660.533	95	93	0
160	45.010	39.990	670.020	79.999	69.971	740.039	70.001	-121.400	76.821	front	150.280	1	-86.667	-93.878	637.956	96	93	0
160	45.010	39.990	670.020	79.999	69.971	740.039	70.001	-121.400	76.821	front	150.280	2	-43.333	-56.891	615.379	96	92	0
160	45.010	39.990	670.020	79.999	69.971	740.039	70.001	-121.400	76.821	front	150.280	3	0.000	-19.903	592.802	97	92	0
160	45.010	39.990	670.020	79.999	69.971	740.039	70.001	-121.400	76.821	front	150.280	4	43.333	17.084	570.224	98	91	0
160	45.010	39.990	670.020	79.999	69.971	740.039	70.001	-121.400	76.821	front	150.280	5	86.667	54.071	547.647	99	91	0
160	45.010	39.990	670.020	79.999	69.971	740.039	70.001	-121.400	76.821	front	150.280	6	130.000	91.058	525.070	99	90	0
160	45.010	39.990	670.020	79.999	69.971	740.039	70.001	-121.400	76.821	front	150.280	0	-130.000	-130.865	660.533	95	93	0
160	45.010	39.990	670.020	79.999	69.971	740.039	70.001	-121.400	76.821	front	150.280	1	-86.667	-93.878	637.956	96	93	0
160	45.010	39.990	670.020	79.999	69.971	740.039	70.001	-121.400	76.821	front	150.280	2	-43.333	-56.891	615.379	96	92	0
160	45.010	39.990	670.020	79.999	69.971	740.039	70.001	-121.400	76.821	front	150.280	3	0.000	-19.903	592.802	97	92	0
160	45.010	39.990	670.020	79.999	69.971	740.039	70.001	-121.400	76.821	front	150.280	4	43.333	17.084	570.224	98	91	0
160	45.010	39.990	670.020	79.999	69.971	740.039	70.001	-121.400	76.821	front	150.280	5	86.667	54.071	547.647	99	91	0
160	45.010	39.990	670.020	79.999	69.971	740.039	70.001	-121.400	76.821	front	150.280	6	130.000	91.058	525.070	99	90	0
160	45.010	39.990	670.020	79.999	69.971	720.020	70.001	-119.300	59.151	front	150.280	0	-130.000	-127.817	633.207	95	93	0
160	45.010	39.990	670.020	79.999	69.971	720.020	70.001	-119.300	59.151	front	150.280	1	-86.667	-90.027	612.001	96	92	0
160	45.010	39.990	670.020	79.999	69.971	720.020	70.001	-119.300	59.151	front	150.280	2	-43.333	-52.237	590.794	96	92	0
160	45.010	39.990	670.020	79.999	69.971	720.020	70.001	-119.300	59.151	front	150.280	3	0.000	-14.448	569.588	97	91	1
160	45.010	39.990	670.020	79.999	69.971	720.020	70.001	-119.300	59.151	front	150.280	4	43.333	23.342	548.381	98	91	0
160	45.010	39.990	670.020	79.999	69.971	720.020	70.001	-119.300	59.151	front	150.280	5	86.667	61.132	527.174	99	90	0
160	45.010	39.990	670.020	79.999	69.971	720.020	70.001	-119.300	59.151	front	150.280	6	130.000	98.921	505.968	99	90	0
160	45.010	39.990	670.020	79.999	69.971	720.020	70.001	-119.300	59.151	front	150.280	0	-130.000	-127.817	633.207	95	93	0
160	45.010	39.990	670.020	79.999	69.971	720.020	70.001	-119.300	59.151	front	150.280	1	-86.667	-90.027	612.001	96	92	0
160	45.010	39.990	670.020	79.999	69.971	720.020	70.001	-119.300	59.151	front	150.280	2	-43.333	-52.237	590.794	96	92	0
160	45.010	39.990	670.020	79.999	69.971	720.020	70.001	-119.300	59.151	front	150.280	3	0.000	-14.448	569.588	97	91	0
160	45.010	39.990	670.020	79.999	69.971	720.020	70.001	-119.300	59.151	front	150.280	4	43.333	23.342	548.381	98	91	0
160	45.010	39.990	670.020	79.999	69.971	720.020	70.001	-119.300	59.151	front	150.280	5	86.667	61.132	527.174	99	90	0
160	45.010	39.990	670.020	79.999	69.971	720.020	70.001	-119.300	59.151	front	150.280	6	130.000	98.921	505.968	99	90	0
160	45.010	39.990	670.020	79.999	69.971	720.020	70.001	-119.300	59.151	front	150.280	0	-130.000	-127.817	633.207	95	93	0
160	45.010	39.990	670.020	79.999	69.971	720.020	70.001	-119.300	59.151	front	150.280	1	-86.667	-90.027	612.001	96	92	0
160	45.010	39.990	670.020	79.999	69.971	720.020	70.001	-119.300	59.151	front	150.280	2	-43.333	-52.237	590.794	96	92	0
160	45.010	39.990	670.020	79.999	69.971	720.020	70.001	-119.300	59.151	front	150.280	3	0.000	-14.448	569.588	97	91	0
160	45.010	39.990	670.020	79.999	69.971	720.020	70.001	-119.300	59.151	front	150.280	4	43.333	23.342	548.381	98	91	0
160	45.010	39.990	670.020	79.999	69.971	720.020	70.001	-119.300	59.151	front	150.280	5	86.667	61.132	527.174	99	90	0
160	45.010	39.990	670.020	79.999	69.971	720.020	70.001	-119.300	59.151	front	150.280	6	130.000	98.921	505.968	99	90	0
160	45.010	39.990	670.020	79.999	60.010	710.058	70.001	-117.600	45.868	front	150.280	0	-130.000	-135.115	617.417	95	92	1
160	45.010	39.990	670.020	79.999	60.010	710.058	70.001	-117.600	45.868	front	150.280	1	-86.667	-96.713	597.341	96	92	0
160	45.010	39.990	670.020	79.999	60.010	710.058	70.001	-117.600	45.868	front	150.280	2	-43.333	-58.311	577.265	96	91	1
160	45.010	39.990	670.020	79.999	60.010	710.058	70.001	-117.600	45.868	front	150.280	3	0.000	-19.909	557.188	97	91	0
160	45.010	39.990	670.020	79.999	60.010	710.058	70.001	-117.600	45.868	front	150.280	4	43.333	18.493	537.112	98	91	0
160	45.010	39.990	670.020	79.999	60.010	710.058	70.001	-117.600	45.868	front	150.280	5	86.667	56.896	517.036	99	90	0
160	45.010	39.990	670.020	79.999	60.010	710.058	70.001	-117.600	45.868	front	150.280	6	130.000	95.298	496.960	99	90	0
160	45.010	39.990	670.020	79.999	60.010	710.058	70.001	-117.600	45.868	front	150.280	0	-130.000	-135.115	617.417	95	92	0
160	45.010	39.990	670.020	79.999	60.010	710.058	70.001	-117.600	45.868	front	150.280	1	-86.667	-96.713	597.341	96	92	0
160	45.010	39.990	670.020	79.999	60.010	710.058	70.001	-117.600	45.868	front	150.280	2	-43.333	-58.311	577.265	96	91	0
160	45.010	39.990	670.020	79.999	60.010	710.058	70.001	-117.600	45.868	front	150.280	3	0.000	-19.909	557.188	97	91	0
160	45.010	39.990	670.020	79.999	60.010	710.058	70.001	-117.600	45.868	front	150.280	4	43.333	18.493	537.112	98	91	0
160	45.010	39.990	670.020	79.999	60.010	710.058	70.001	-117.600	45.868	front	150.280	5	86.667	56.896	517.036	99	90	0
160	45.010	39.990	670.020	79.999	60.010	710.058	70.001	-117.600	45.868	front	150.280	6	130.000	95.298	496.960	99	90	0
160	45.010	39.990	670.020	79.999	60.010	710.058	70.001	-117.600	45.868	front	150.280	0	-130.000	-135.115	617.417	95	92	0
160	45.010	39.990	670.020	79.999	60.010	710.058	70.001	-117.600	45.868	front	150.280	1	-86.667	-96.713	597.341	96	92	0
160	45.010	39.990	670.020	79.999	60.010	710.058	70.001	-117.600	45.868	front	150.280	2	-43.333	-58.311	577.265	96	91	0
160	45.010	39.990	670.020	79.999	60.010	710.058	70.001	-117.600	45.868	front	150.280	3	0.000	-19.909	557.188	97	91	0
160	45.010	39.990	670.020	79.999	60.010	710.058	70.001	-117.600	45.868	front	150.280	4	43.333	18.493	537.112	98	91	0
160	45.010	39.990	670.020	79.999	60.010	710.058	70.001	-117.600	45.868	front	150.280	5	86.667	56.896	517.036	99	90	0
160	45.010	39.990	670.020	79.999	60.010	710.058	70.001	-117.600	45.868	front	150.280	6	130.000	95.298	496.960	99	90	0
160	45.010	39.990	670.020	79.999	60.010	710.058	70.001	-117.600	45.868	front	150.280	0	-130.000	-135.115	617.417	95	92	0
160	45.010	39.990	670.020	79.999	60.010	710.058	70.001	-117.600	45.868	front	150.280	1	-86.667	-96.713	597.341	96	92	0
160	45.010	39.990	670.020	79.999	60.010	710.058	70.001	-117.600	45.868	front	150.280	2	-43.333	-58.311	577.265	96	91	0
160	45.010	39.990	670.020	79.999	60.010	710.058	70.001	-117.600	45.868	front	150.280	3	0.000	-19.909	557.188	97	91	0
160	45.010	39.990	670.020	79.999	60.010	710.058	70.001	-117.600	45.868	front	150.280	4	43.333	18.493	537.112	98	91	0
160	45.010	39.990	670.020	79.999	60.010	710.058	70.001	-117.600	45.868	front	150.280	5	86.667	56.896	517.036	99	90	0
160	45.010	39.990	670.020	79.999	60.010	710.058	70.001	-117.600	45.868	front	150.280	6	130.000	95.298	496.960	99	90	0
160	45.010	39.990	670.020	79.999	60.010	700.000	79.999	-117.300	36.050	front	150.280	0	-130.000	-134.627	606.338	95	92	0
160	45.010	39.990	670.020	79.999	60.010	700.000	79.999	-117.300	36.050	front	150.280	1	-86.667	-96.121	586.463	96	92	0
160	45.010	39.990	670.020	79.999	60.010	700.000	79.999	-117.300	36.050	front	150.280	2	-43.333	-57.614	566.588	96	91	0
160	45.010	39.990	670.020	79.999	60.010	700.000	79.999	-117.300	36.050	front	150.280	3	0.000	-19.107	546.713	97	91	0
160	45.010	39.990	670.020	79.999	60.010	700.000	79.999	-117.300	36.050	front	150.280	4	43.333	19.399	526.839	98	90	1
160	45.010	39.990	670.020	79.999	60.010	700.000	79.999	-117.300	36.050	front	150.280	5	86.667	57.906	506.964	99	90	0
160	45.010	39.990	670.020	79.999	60.010	700.000	79.999	-117.300	36.050	front	150.280	6	130.000	96.413	487.089	99	90	0
160	45.010	39.990	670.020	79.999	60.010	700.000	79.999	-117.300	36.050	front	150.280	0	-130.000	-134.627	606.338	95	92	0
160	45.010	39.990	670.020	79.999	60.010	700.000	79.999	-117.300	36.050	front	150.280	1	-86.667	-96.121	586.463	96	92	0
160	45.010	39.990	670.020	79.999	60.010	700.000	79.999	-117.300	36.050	front	150.280	2	-43.333	-57.614	566.588	96	91	0
160	45.010	39.990	670.020	79.999	60.010	700.000	79.999	-117.300	36.050	front	150.280	3	0.000	-19.107	546.713	97	91	0
160	45.010	39.990	670.020	79.999	60.010	700.000	79.999	-117.300	36.050	front	150.280	4	43.333	19.399	526.839	98	90	0
160	45.010	39.990	670.020	79.999	60.010	700.000	79.999	-117.300	36.050	front	150.280	5	86.667	57.906	506.964	99	90	0
160	45.010	39.990	670.020	79.999	60.010	700.000	79.999	-117.300	36.050	front	150.280	6	130.000	96.413	487.089	99	90	0
160	45.010	39.990	670.020	79.999	60.010	700.000	79.999	-117.300	36.050	front	150.280	0	-130.000	-134.627	606.338	95	92	0
160	45.010	39.990	670.020	79.999	60.010	700.000	79.999	-117.300	36.050	front	150.280	1	-86.667	-96.121	586.463	96	92	0
160	45.010	39.990	670.020	79.999	60.010	700.000	79.999	-117.300	36.050	front	150.280	2	-43.333	-57.614	566.588	96	91	0
160	45.010	39.990	670.020	79.999	60.010	700.000	79.999	-117.300	36.050	front	150.280	3	0.000	-19.107	546.713	97	91	0
160	45.010	39.990	670.020	79.999	60.010	700.000	79.999	-117.300	36.050	front	150.280	4	43.333	19.399	526.839	98	90	0
160	45.010	39.990	670.020	79.999	60.010	700.000	79.999	-117.300	36.050	front	150.280	5	86.667	57.906	506.964	99	90	0
160	45.010	39.990	670.020	79.999	60.010	700.000	79.999	-117.300	36.050	front	150.280	6	130.000	96.413	487.089	99	90	0
160	45.010	39.990	670.020	79.999	50.000	679.980	79.999	-119.000	14.121	front	150.280	0	-130.000	-147.330	592.134	95	92	0
160	45.010	39.990	670.020	79.999	50.000	679.980	79.999	-119.000	14.121	front	150.280	1	-86.667	-109.430	571.125	95	91	1
160	45.010	39.990	670.020	79.999	50.000	679.980	79.999	-119.000	14.121	front	150.280	2	-43.333	-71.530	550.117	96	91	0
160	45.010	39.990	670.020	79.999	50.000	679.980	79.999	-119.000	14.121	front	150.280	3	0.000	-33.630	529.109	97	90	1
160	45.010	39.990	670.020	79.999	50.000	679.980	79.999	-119.000	14.121	front	150.280	4	43.333	4.271	508.100	98	90	0
160	45.010	39.990	670.020	79.999	50.000	679.980	79.999	-119.000	14.121	front	150.280	5	86.667	42.171	487.092	98	90	0
160	45.010	39.990	670.020	79.999	50.000	679.980	79.999	-119.000	14.121	front	150.280	6	130.000	80.071	466.083	99	89	1
160	45.010	39.990	670.020	79.999	50.000	679.980	79.999	-119.000	14.121	front	150.280	0	-130.000	-147.330	592.134	95	92	0
160	45.010	39.990	670.020	79.999	50.000	679.980	79.999	-119.000	14.121	front	150.280	1	-86.667	-109.430	571.125	95	91	0
160	45.010	39.990	670.020	79.999	50.000	679.980	79.999	-119.000	14.121	front	150.280	2	-43.333	-71.530	550.117	96	91	0
160	45.010	39.990	670.020	79.999	50.000	679.980	79.999	-119.000	14.121	front	150.280	3	0.000	-33.630	529.109	97	90	0
160	45.010	39.990	670.020	79.999	50.000	679.980	79.999	-119.000	14.121	front	150.280	4	43.333	4.271	508.100	98	90	0
160	45.010	39.990	670.020	79.999	50.000	679.980	79.999	-119.000	14.121	front	150.280	5	86.667	42.171	487.092	98	90	0
160	45.010	39.990	670.020	79.999	50.000	679.980	79.999	-119.000	14.121	front	150.280	6	130.000	80.071	466.083	99	89	0
160	45.010	39.990	670.020	79.999	50.000	679.980	79.999	-119.000	14.121	front	150.280	0	-130.000	-147.330	592.134	95	92	0
160	45.010	39.990	670.020	79.999	50.000	679.980	79.999	-119.000	14.121	front	150.280	1	-86.667	-109.430	571.125	95	91	0
160	45.010	39.990	670.020	79.999	50.000	679.980	79.999	-119.000	14.121	front	150.280	2	-43.333	-71.530	550.117	96	91	0
160	45.010	39.990	670.020	79.999	50.000	679.980	79.999	-119.000	14.121	front	150.280	3	0.000	-33.630	529.109	97	90	0
160	45.010	39.990	670.020	79.999	50.000	679.980	79.999	-119.000	14.121	front	150.280	4	43.333	4.271	508.100	98	90	0
160	45.010	39.990	670.020	79.999	50.000	679.980	79.999	-119.000	14.121	front	150.280	5	86.667	42.171	487.092	98	90	0
160	45.010	39.990	670.020	79.999	50.000	679.980	79.999	-119.000	14.121	front	150.280	6	130.000	80.071	466.083	99	89	0
160	45.010	39.990	670.020	79.999	50.000	679.980	79.999	-119.000	14.121	front	150.280	0	-130.000	-147.330	592.134	95	92	0
160	45.010	39.990	670.020	79.999	50.000	679.980	79.999	-119.000	14.121	front	150.280	1	-86.667	-109.430	571.125	95	91	0
160	45.010	39.990	670.020	79.999	50.000	679.980	79.999	-119.000	14.121	front	150.280	2	-43.333	-71.530	550.117	96	91	0
160	45.010	39.990	670.020	79.999	50.000	679.980	79.999	-119.000	14.121	front	150.280	3	0.000	-33.630	529.109	97	90	0
160	45.010	39.990	670.020	79.999	50.000	679.980	79.999	-119.000	14.121	front	150.280	4	43.333	4.271	508.100	98	90	0
160	45.010	39.990	670.020	79.999	50.000	679.980	79.999	-119.000	14.121	front	150.280	5	86.667	42.171	487.092	98	90	0
160	45.010	39.990	670.020	79.999	50.000	679.980	79.999	-119.000	14.121	front	150.280	6	130.000	80.071	466.083	99	89	0
160	45.010	39.990	670.020	79.999	39.990	670.020	79.999	-121.200	0.000	front	150.280	0	-130.000	-160.567	589.813	94	92	1
160	45.010	39.990	670.020	79.999	39.990	670.020	79.999	-121.200	0.000	front	150.280	1	-86.667	-123.501	567.365	95	91	0
160	45.010	39.990	670.020	79.999	39.990	670.020	79.999	-121.200	0.000	front	150.280	2	-43.333	-86.435	544.917	96	91	0
160	45.010	39.990	670.020	79.999	39.990	670.020	79.999	-121.200	0.000	front	150.280	3	0.000	-49.369	522.469	97	90	0
160	45.010	39.990	670.020	79.999	39.990	670.020	79.999	-121.200	0.000	front	150.280	4	43.333	-12.304	500.021	97	90	0
160	45.010	39.990	670.020	79.999	39.990	670.020	79.999	-121.200	0.000	front	150.280	5	86.667	24.762	477.573	98	89	1
160	45.010	39.990	670.020	79.999	39.990	670.020	79.999	-121.200	0.000	front	150.280	6	130.000	61.828	455.126	99	89	0
160	45.010	39.990	670.020	79.999	39.990	670.020	79.999	-121.200	0.000	front	150.280	0	-130.000	-160.567	589.813	94	92	0
160	45.010	39.990	670.020	79.999	39.990	670.020	79.999	-121.200	0.000	front	150.280	1	-86.667	-123.501	567.365	95	91	0
160	45.010	39.990	670.020	79.999	39.990	670.020	79.999	-121.200	0.000	front	150.280	2	-43.333	-86.435	544.917	96	91	0
160	45.010	39.990	670.020	79.999	39.990	670.020	79.999	-121.200	0.000	front	150.280	3	0.000	-49.369	522.469	97	90	0
160	45.010	39.990	670.020	79.999	39.990	670.020	79.999	-121.200	0.000	front	150.280	4	43.333	-12.304	500.021	97	90	0
160	45.010	39.990	670.020	79.999	39.990	670.020	79.999	-121.200	0.000	front	150.280	5	86.667	24.762	477.573	98	89	0
160	45.010	39.990	670.020	79.999	39.990	670.020	79.999	-121.200	0.000	front	150.280	6	130.000	61.828	455.126	99	89	0
160	45.010	39.990	670.020	79.999	39.990	670.020	79.999	-121.200	0.000	front	150.280	0	-130.000	-160.567	589.813	94	92	0
160	45.010	39.990	670.020	79.999	39.990	670.020	79.999	-121.200	0.000	front	150.280	1	-86.667	-123.501	567.365	95	91	0
160	45.010	39.990	670.020	79.999	39.990	670.020	79.999	-121.200	0.000	front	150.280	2	-43.333	-86.435	544.917	96	91	0
160	45.010	39.990	670.020	79.999	39.990	670.020	79.999	-121.200	0.000	front	150.280	3	0.000	-49.369	522.469	97	90	0
160	45.010	39.990	670.020	79.999	39.990	670.020	79.999	-121.200	0.000	front	150.280	4	43.333	-12.304	500.021	97	90	0
160	45.010	39.990	670.020	79.999	39.990	670.020	79.999	-121.200	0.000	front	150.280	5	86.667	24.762	477.573	98	89	0
160	45.010	39.990	670.020	79.999	39.990	670.020	79.999	-121.200	0.000	front	150.280	6	130.000	61.828	455.126	99	89	0
160	45.010	39.990	670.020	79.999	39.990	670.020	79.999	-121.200	0.000	front	150.280	0	-130.000	-160.567	589.813	94	92	0
160	45.010	39.990	670.020	79.999	39.990	670.020	79.999	-121.200	0.000	front	150.280	1	-86.667	-123.501	567.365	95	91	0
160	45.010	39.990	670.020	79.999	39.990	670.020	79.999	-121.200	0.000	front	150.280	2	-43.333	-86.435	544.917	96	91	0
160	45.010	39.990	670.020	79.999	39.990	670.020	79.999	-121.200	0.000	front	150.280	3	0.000	-49.369	522.469	97	90	0
160	45.010	39.990	670.020	79.999	39.990	670.020	79.999	-121.200	0.000	front	150.280	4	43.333	-12.304	500.021	97	90	0
160	45.010	39.990	670.020	79.999	39.990	670.020	79.999	-121.200	0.000	front	150.280	5	86.667	24.762	477.573	98	89	0
160	45.010	39.990	670.020	79.999	39.990	670.020	79.999	-121.200	0.000	front	150.280	6	130.000	61.828	455.126	99	89	0
160	45.010	39.990	670.020	79.999	39.990	670.020	79.999	-121.300	0.000	front	150.280	0	-130.000	-160.706	590.163	94	92	0
160	45.010	39.990	670.020	79.999	39.990	670.020	79.999	-121.300	0.000	front	150.280	1	-86.667	-123.680	567.650	95	91	0
160	45.010	39.990	670.020	79.999	39.990	670.020	79.999	-121.300	0.000	front	150.280	2	-43.333	-86.653	545.138	96	91	0
160	45.010	39.990	670.020	79.999	39.990	670.020	79.999	-121.300	0.000	front	150.280	3	0.000	-49.627	522.625	97	90	0
160	45.010	39.990	670.020	79.999	39.990	670.020	79.999	-121.300	0.000	front	150.280	4	43.333	-12.600	500.113	97	90	0
160	45.010	39.990	670.020	79.999	39.990	670.020	79.999	-121.300	0.000	front	150.280	5	86.667	24.426	477.600	98	89	0
160	45.010	39.990	670.020	79.999	39.990	670.020	79.999	-121.300	0.000	front	150.280	6	130.000	61.453	455.088	99	89	0
160	45.010	39.990	670.020	79.999	39.990	670.020	79.999	-121.300	0.000	front	150.280	0	-130.000	-160.706	590.163	94	92	0
160	45.010	39.990	670.020	79.999	39.990	670.020	79.999	-121.300	0.000	front	150.280	1	-86.667	-123.680	567.650	95	91	0
160	45.010	39.990	670.020	79.999	39.990	670.020	79.999	-121.300	0.000	front	150.280	2	-43.333	-86.653	545.138	96	91	0
160	45.010	39.990	670.020	79.999	39.990	670.020	79.999	-121.300	0.000	front	150.280	3	0.000	-49.627	522.625	97	90	0
160	45.010	39.990	670.020	79.999	39.990	670.020	79.999	-121.300	0.000	front	150.280	4	43.333	-12.600	500.113	97	90	0
160	45.010	39.990	670.020	79.999	39.990	670.020	79.999	-121.300	0.000	front	150.280	5	86.667	24.426	477.600	98	89	0
160	45.010	39.990	670.020	79.999	39.990	670.020	79.999	-121.300	0.000	front	150.280	6	130.000	61.453	455.088	99	89	0
160	45.010	39.990	670.020	79.999	39.990	670.020	79.999	-121.300	0.000	front	150.280	0	-130.000	-160.706	590.163	94	92	0
160	45.010	39.990	670.020	79.999	39.990	670.020	79.999	-121.300	0.000	front	150.280	1	-86.667	-123.680	567.650	95	91	0
160	45.010	39.990	670.020	79.999	39.990	670.020	79.999	-121.300	0.000	front	150.280	2	-43.333	-86.653	545.138	96	91	0
160	45.010	39.990	670.020	79.999	39.990	670.020	79.999	-121.300	0.000	front	150.280	3	0.000	-49.627	522.625	97	90	0
160	45.010	39.990	670.020	79.999	39.990	670.020	79.999	-121.300	0.000	front	150.280	4	43.333	-12.600	500.113	97	90	0
160	45.010	39.990	670.020	79.999	39.990	670.020	79.999	-121.300	0.000	front	150.280	5	86.667	24.426	477.600	98	89	0
160	45.010	39.990	670.020	79.999	39.990	670.020	79.999	-121.300	0.000	front	150.280	6	130.000	61.453	455.088	99	89	0
160	45.010	39.990	670.020	79.999	39.990	670.020	79.999	-121.400	0.000	front	150.280	0	-130.000	-160.846	590.513	94	92	0
160	45.010	39.990	670.020	79.999	39.990	670.020	79.999	-121.400	0.000	front	150.280	1	-86.667	-123.858	567.936	95	91	0
160	45.010	39.990	670.020	79.999	39.990	670.020	79.999	-121.400	0.000	front	150.280	2	-43.333	-86.871	545.359	96	91	0
160	45.010	39.990	670.020	79.999	39.990	670.020	79.999	-121.400	0.000	front	150.280	3	0.000	-49.884	522.782	97	90	0
160	45.010	39.990	670.020	79.999	39.990	670.020	79.999	-121.400	0.000	front	150.280	4	43.333	-12.897	500.205	97	90	0
160	45.010	39.990	670.020	79.999	39.990	670.020	79.999	-121.400	0.000	front	150.280	5	86.667	24.090	477.628	98	89	0
160	45.010	39.990	670.020	79.999	39.990	670.020	79.999	-121.400	0.000	front	150.280	6	130.000	61.078	455.051	99	89	0
160	45.010	39.990	670.020	79.999	39.990	670.020	79.999	-121.400	0.000	front	150.280	0	-130.000	-160.846	590.513	94	92	0
160	45.010	39.990	670.020	79.999	39.990	670.020	79.999	-121.400	0.000	front	150.280	1	-86.667	-123.858	567.936	95	91	0
160	45.010	39.990	670.020	79.999	39.990	670.020	79.999	-121.400	0.000	front	150.280	2	-43.333	-86.871	545.359	96	91	0
160	45.010	39.990	670.020	79.999	39.990	670.020	79.999	-121.400	0.000	front	150.280	3	0.000	-49.884	522.782	97	90	0
160	45.010	39.990	670.020	79.999	39.990	670.020	79.999	-121.400	0.000	front	150.280	4	43.333	-12.897	500.205	97	90	0
160	45.010	39.990	670.020	79.999	39.990	670.020	79.999	-121.400	0.000	front	150.280	5	86.667	24.090	477.628	98	89	0
160	45.010	39.990	670.020	79.999	39.990	670.020	79.999	-121.400	0.000	front	150.280	6	130.000	61.078	455.051	99	89	0
160	45.010	39.990	670.020	79.999	39.990	670.020	79.999	-121.400	0.000	front	150.280	0	-130.000	-160.846	590.513	94	92	0
160	45.010	39.990	670.020	79.999	39.990	670.020	79.999	-121.400	0.000	front	150.280	1	-86.667	-123.858	567.936	95	91	0
160	45.010	39.990	670.020	79.999	39.990	670.020	79.999	-121.400	0.000	front	150.280	2	-43.333	-86.871	545.359	96	91	0
160	45.010	39.990	670.020	79.999	39.990	670.020	79.999	-121.400	0.000	front	150.280	3	0.000	-49.884	522.782	97	90	0
160	45.010	39.990	670.020	79.999	39.990	670.020	79.999	-121.400	0.000	front	150.280	4	43.333	-12.897	500.205	97	90	0
160	45.010	39.990	670.020	79.999	39.990	670.020	79.999	-121.400	0.000	front	150.280	5	86.667	24.090	477.628	98	89	0
160	45.010	39.990	670.020	79.999	39.990	670.020	79.999	-121.400	0.000	front	150.280	6	130.000	61.078	455.051	99	89	0
160	45.010	39.990	670.020	79.999	39.990	670.020	79.999	-121.400	0.000	front	150.280	0	-130.000	-160.846	590.513	94	92	0
160	45.010	39.990	670.020	79.999	39.990	670.020	79.999	-121.400	0.000	front	150.280	1	-86.667	-123.858	567.936	95	91	0
160	45.010	39.990	670.020	79.999	39.990	670.020	79.999	-121.400	0.000	front	150.280	2	-43.333	-86.871	545.359	96	91	0
160	45.010	39.990	670.020	79.999	39.990	670.020	79.999	-121.400	0.000	front	150.280	3	0.000	-49.884	522.782	97	90	0
160	45.010	39.990	670.020	79.999	39.990	670.020	79.999	-121.400	0.000	front	150.280	4	43.333	-12.897	500.205	97	90	0
160	45.010	39.990	670.020	79.999	39.990	670.020	79.999	-121.400	0.000	front	150.280	5	86.667	24.090	477.628	98	89	0
160	45.010	39.990	670.020	79.999	39.990	670.020	79.999	-121.400	0.000	front	150.280	6	130.000	61.078	455.051	99	89	0
160	45.010	39.990	670.020	79.999	39.990	670.020	79.999	-121.400	0.000	front	150.280	0	-130.000	-160.846	590.513	94	92	0
160	45.010	39.990	670.020	79.999	39.990	670.020	79.999	-121.400	0.000	front	150.280	1	-86.667	-123.858	567.936	95	91	0
160	45.010	39.990	670.020	79.999	39.990	670.020	79.999	-121.400	0.000	front	150.280	2	-43.333	-86.871	545.359	96	91	0
160	45.010	39.990	670.020	79.999	39.990	670.020	79.999	-121.400	0.000	front	150.280	3	0.000	-49.884	522.782	97	90	0
160	45.010	39.990	670.020	79.999	39.990	670.020	79.999	-121.400	0.000	front	150.280	4	43.333	-12.897	500.205	97	90	0
160	45.010	39.990	670.020	79.999	39.990	670.020	79.999	-121.400	0.000	front	150.280	5	86.667	24.090	477.628	98	89	0
160	45.010	39.990	670.020	79.999	39.990	670.020	79.999	-121.400	0.000	front	150.280	6	130.000	61.078	455.051	99	89	0
160	45.010	39.990	670.020	79.999	39.990	670.020	79.999	-121.400	0.000	front	150.280	0	-130.000	-160.846	590.513	94	92	0
160	45.010	39.990	670.020	79.999	39.990	670.020	79.999	-121.400	0.000	front	150.280	1	-86.667	-123.858	567.936	95	91	0
160	45.010	39.990	670.020	79.999	39.990	670.020	79.999	-121.400	0.000	front	150.280	2	-43.333	-86.871	545.359	96	91	0
160	45.010	39.990	670.020	79.999	39.990	670.020	79.999	-121.400	0.000	front	150.280	3	0.000	-49.884	522.782	97	90	0
160	45.010	39.990	670.020	79.999	39.990	670.020	79.999	-121.400	0.000	front	150.280	4	43.333	-12.897	500.205	97	90	0
160	45.010	39.990	670.020	79.999	39.990	670.020	79.999	-121.400	0.000	front	150.280	5	86.667	24.090	477.628	98	89	0
160	45.010	39.990	670.020	79.999	39.990	670.020	79.999	-121.400	0.000	front	150.280	6	130.000	61.078	455.051	99	89	0
160	45.010	39.990	670.020	79.999	39.990	670.020	79.999	-121.400	0.000	front	150.280	0	-130.000	-160.846	590.513	94	92	0
160	45.010	39.990	670.020	79.999	39.990	670.020	79.999	-121.400	0.000	front	150.280	1	-86.667	-123.858	567.936	95	91	0
160	45.010	39.990	670.020	79.999	39.990	670.020	79.999	-121.400	0.000	front	150.280	2	-43.333	-86.871	545.359	96	91	0
160	45.010	39.990	670.020	79.999	39.990	670.020	79.999	-121.400	0.000	front	150.280	3	0.000	-49.884	522.782	97	90	0
160	45.010	39.990	670.020	79.999	39.990	670.020	79.999	-121.400	0.000	front	150.280	4	43.333	-12.897	500.205	97	90	0
160	45.010	39.990	670.020	79.999	39.990	670.020	79.999	-121.400	0.000	front	150.280	5	86.667	24.090	477.628	98	89	0
160	45.010	39.990	670.020	79.999	39.990	670.020	79.999	-121.400	0.000	front	150.280	6	130.000	61.078	455.051	99	89	0
160	45.010	39.990	670.020	79.999	39.990	670.020	79.999	-121.400	0.000	front	150.280	0	-130.000	-160.846	590.513	94	92	0
160	45.010	39.990	670.020	79.999	39.990	670.020	79.999	-121.400	0.000	front	150.280	1	-86.667	-123.858	567.936	95	91	0
160	45.010	39.990	670.020	79.999	39.990	670.020	79.999	-121.400	0.000	front	150.280	2	-43.333	-86.871	545.359	96	91	0
160	45.010	39.990	670.020	79.999	39.990	670.020	79.999	-121.400	0.000	front	150.280	3	0.000	-49.884	522.782	97	90	0
160	45.010	39.990	670.020	79.999	39.990	670.020	79.999	-121.400	0.000	front	150.280	4	43.333	-12.897	500.205	97	90	0
160	45.010	39.990	670.020	79.999	39.990	670.020	79.999	-121.400	0.000	front	150.280	5	86.667	24.090	477.628	98	89	0
160	45.010	39.990	670.020	79.999	39.990	670.020	79.999	-121.400	0.000	front	150.280	6	130.000	61.078	455.051	99	89	0
160	45.010	39.990	670.020	79.999	39.990	670.020	79.999	-121.500	0.000	front	150.280	0	-130.000	-160.984	590.864	94	92	0
160	45.010	39.990	670.020	79.999	39.990	670.020	79.999	-121.500	0.000	front	150.280	1	-86.667	-124.036	568.222	95	91	0
160	45.010	39.990	670.020	79.999	39.990	670.020	79.999	-121.500	0.000	front	150.280	2	-43.333	-87.089	545.581	96	91	0
160	45.010	39.990	670.020	79.999	39.990	670.020	79.999	-121.500	0.000	front	150.280	3	0.000	-50.141	522.939	96	90	1
160	45.010	39.990	670.020	79.999	39.990	670.020	79.999	-121.500	0.000	front	150.280	4	43.333	-13.193	500.297	97	90	0
160	45.010	39.990	670.020	79.999	39.990	670.020	79.999	-121.500	0.000	front	150.280	5	86.667	23.755	477.656	98	89	0
160	45.010	39.990	670.020	79.999	39.990	670.020	79.999	-121.500	0.000	front	150.280	6	130.000	60.702	455.014	99	89	0
160	45.010	39.990	670.020	79.999	39.990	670.020	79.999	-121.500	0.000	front	150.280	0	-130.000	-160.984	590.864	94	92	0
160	45.010	39.990	670.020	79.999	39.990	670.020	79.999	-121.500	0.000	front	150.280	1	-86.667	-124.036	568.222	95	91	0
160	45.010	39.990	670.020	79.999	39.990	670.020	79.999	-121.500	0.000	front	150.280	2	-43.333	-87.089	545.581	96	91	0
160	45.010	39.990	670.020	79.999	39.990	670.020	79.999	-121.500	0.000	front	150.280	3	0.000	-50.141	522.939	96	90	0
160	45.010	39.990	670.020	79.999	39.990	670.020	79.999	-121.500	0.000	front	150.280	4	43.333	-13.193	500.297	97	90	0
160	45.010	39.990	670.020	79.999	39.990	670.020	79.999	-121.500	0.000	front	150.280	5	86.667	23.755	477.656	98	89	0
160	45.010	39.990	670.020	79.999	39.990	670.020	79.999	-121.500	0.000	front	150.280	6	130.000	60.702	455.014	99	89	0
160	45.010	39.990	670.020	79.999	39.990	670.020	79.999	-121.500	0.000	front	150.280	0	-130.000	-160.984	590.864	94	92	0
160	45.010	39.990	670.020	79.999	39.990	670.020	79.999	-121.500	0.000	front	150.280	1	-86.667	-124.036	568.222	95	91	0
160	45.010	39.990	670.020	79.999	39.990	670.020	79.999	-121.500	0.000	front	150.280	2	-43.333	-87.089	545.581	96	91	0
160	45.010	39.990	670.020	79.999	39.990	670.020	79.999	-121.500	0.000	front	150.280	3	0.000	-50.141	522.939	96	90	0
160	45.010	39.990	670.020	79.999	39.990	670.020	79.999	-121.500	0.000	front	150.280	4	43.333	-13.193	500.297	97	90	0
160	45.010	39.990	670.020	79.999	39.990	670.020	79.999	-121.500	0.000	front	150.280	5	86.667	23.755	477.656	98	89	0
160	45.010	39.990	670.020	79.999	39.990	670.020	79.999	-121.500	0.000	front	150.280	6	130.000	60.702	455.014	99	89	0
160	45.010	39.990	670.020	79.999	39.990	670.020	79.999	-121.500	0.000	front	150.280	0	-130.000	-160.984	590.864	94	92	0
160	45.010	39.990	670.020	79.999	39.990	670.020	79.999	-121.500	0.000	front	150.280	1	-86.667	-124.036	568.222	95	91	0
160	45.010	39.990	670.020	79.999	39.990	670.020	79.999	-121.500	0.000	front	150.280	2	-43.333	-87.089	545.581	96	91	0
160	45.010	39.990	670.020	79.999	39.990	670.020	79.999	-121.500	0.000	front	150.280	3	0.000	-50.141	522.939	96	90	0
160	45.010	39.990	670.020	79.999	39.990	670.020	79.999	-121.500	0.000	front	150.280	4	43.333	-13.193	500.297	97	90	0
160	45.010	39.990	670.020	79.999	39.990	670.020	79.999	-121.500	0.000	front	150.280	5	86.667	23.755	477.656	98	89	0
160	45.010	39.990	670.020	79.999	39.990	670.020	79.999	-121.500	0.000	front	150.280	6	130.000	60.702	455.014	99	89	0
160	45.010	39.990	670.020	79.999	39.990	670.020	79.999	-121.500	0.000	front	150.280	0	-130.000	-160.984	590.864	94	92	0
160	45.010	39.990	670.020	79.999	39.990	670.020	79.999	-121.500	0.000	front	150.280	1	-86.667	-124.036	568.222	95	91	0
160	45.010	39.990	670.020	79.999	39.990	670.020	79.999	-121.500	0.000	front	150.280	2	-43.333	-87.089	545.581	96	91	0
160	45.010	39.990	670.020	79.999	39.990	670.020	79.999	-121.500	0.000	front	150.280	3	0.000	-50.141	522.939	96	90	0
160	45.010	39.990	670.020	79.999	39.990	670.020	79.999	-121.500	0.000	front	150.280	4	43.333	-13.193	500.297	97	90	0
160	45.010	39.990	670.020	79.999	39.990	670.020	79.999	-121.500	0.000	front	150.280	5	86.667	23.755	477.656	98	89	0
160	45.010	39.990	670.020	79.999	39.990	670.020	79.999	-121.500	0.000	front	150.280	6	130.000	60.702	455.014	99	89	0
160	45.010	39.990	670.020	79.999	39.990	670.020	79.999	-121.500	0.000	front	150.280	0	-130.000	-160.984	590.864	94	92	0
160	45.010	39.990	670.020	79.999	39.990	670.020	79.999	-121.500	0.000	front	150.280	1	-86.667	-124.036	568.222	95	91	0
160	45.010	39.990	670.020	79.999	39.990	670.020	79.999	-121.500	0.000	front	150.280	2	-43.333	-87.089	545.581	96	91	0
160	45.010	39.990	670.020	79.999	39.990	670.020	79.999	-121.500	0.000	front	150.280	3	0.000	-50.141	522.939	96	90	0
160	45.010	39.990	670.020	79.999	39.990	670.020	79.999	-121.500	0.000	front	150.280	4	43.333	-13.193	500.297	97	90	0
160	45.010	39.990	670.020	79.999	39.990	670.020	79.999	-121.500	0.000	front	150.280	5	86.667	23.755	477.656	98	89	0
160	45.010	39.990	670.020	79.999	39.990	670.020	79.999	-121.500	0.000	front	150.280	6	130.000	60.702	455.014	99	89	0
160	45.010	39.990	670.020	79.999	39.990	670.020	79.999	-121.500	0.000	front	150.280	0	-130.000	-160.984	590.864	94	92	0
160	45.010	39.990	670.020	79.999	39.990	670.020	79.999	-121.500	0.000	front	150.280	1	-86.667	-124.036	568.222	95	91	0
160	45.010	39.990	670.020	79.999	39.990	670.020	79.999	-121.500	0.000	front	150.280	2	-43.333	-87.089	545.581	96	91	0
160	45.010	39.990	670.020	79.999	39.990	670.020	79.999	-121.500	0.000	front	150.280	3	0.000	-50.141	522.939	96	90	0
160	45.010	39.990	670.020	79.999	39.990	670.020	79.999	-121.500	0.000	front	150.280	4	43.333	-13.193	500.297	97	90	0
160	45.010	39.990	670.020	79.999	39.990	670.020	79.999	-121.500	0.000	front	150.280	5	86.667	23.755	477.656	98	89	0
160	45.010	39.990	670.020	79.999	39.990	670.020	79.999	-121.500	0.000	front	150.280	6	130.000	60.702	455.014	99	89	0
160	45.010	39.990	670.020	79.999	39.990	670.020	79.999	-121.600	0.000	front	150.280	0	-130.000	-161.122	591.215	94	92	0
160	45.010	39.990	670.020	79.999	39.990	670.020	79.999	-121.600	0.000	front	150.280	1	-86.667	-124.214	568.509	95	91	0
160	45.010	39.990	670.020	79.999	39.990	670.020	79.999	-121.600	0.000	front	150.280	2	-43.333	-87.306	545.803	96	91	0
160	45.010	39.990	670.020	79.999	39.990	670.020	79.999	-121.600	0.000	front	150.280	3	0.000	-50.397	523.097	96	90	0
160	45.010	39.990	670.020	79.999	39.990	670.020	79.999	-121.600	0.000	front	150.280	4	43.333	-13.489	500.391	97	90	0
160	45.010	39.990	670.020	79.999	39.990	670.020	79.999	-121.600	0.000	front	150.280	5	86.667	23.419	477.684	98	89	0
160	45.010	39.990	670.020	79.999	39.990	670.020	79.999	-121.600	0.000	front	150.280	6	130.000	60.327	454.978	99	89	0
160	45.010	39.990	670.020	79.999	39.990	670.020	79.999	-121.600	0.000	front	150.280	0	-130.000	-161.122	591.215	94	92	0
160	45.010	39.990	670.020	79.999	39.990	670.020	79.999	-121.600	0.000	front	150.280	1	-86.667	-124.214	568.509	95	91	0
160	45.010	39.990	670.020	79.999	39.990	670.020	79.999	-121.600	0.000	front	150.280	2	-43.333	-87.306	545.803	96	91	0
160	45.010	39.990	670.020	79.999	39.990	670.020	79.999	-121.600	0.000	front	150.280	3	0.000	-50.397	523.097	96	90	0
160	45.010	39.990	670.020	79.999	39.990	670.020	79.999	-121.600	0.000	front	150.280	4	43.333	-13.489	500.391	97	90	0
160	45.010	39.990	670.020	79.999	39.990	670.020	79.999	-121.600	0.000	front	150.280	5	86.667	23.419	477.684	98	89	0
160	45.010	39.990	670.020	79.999	39.990	670.020	79.999	-121.600	0.000	front	150.280	6	130.000	60.327	454.978	99	89	0
160	45.010	39.990	670.020	79.999	39.990	670.020	79.999	-121.600	0.000	front	150.280	0	-130.000	-161.122	591.215	94	92	0
160	45.010	39.990	670.020	79.999	39.990	670.020	79.999	-121.600	0.000	front	150.280	1	-86.667	-124.214	568.509	95	91	0
160	45.010	39.990	670.020	79.999	39.990	670.020	79.999	-121.600	0.000	front	150.280	2	-43.333	-87.306	545.803	96	91	0
160	45.010	39.990	670.020	79.999	39.990	670.020	79.999	-121.600	0.000	front	150.280	3	0.000	-50.397	523.097	96	90	0
160	45.010	39.990	670.020	79.999	39.990	670.020	79.999	-121.600	0.000	front	150.280	4	43.333	-13.489	500.391	97	90	0
160	45.010	39.990	670.020	79.999	39.990	670.020	79.999	-121.600	0.000	front	150.280	5	86.667	23.419	477.684	98	89	0
160	45.010	39.990	670.020	79.999	39.990	670.020	79.999	-121.600	0.000	front	150.280	6	130.000	60.327	454.978	99	89	0
160	45.010	39.990	670.020	79.999	39.990	670.020	79.999	-121.600	0.000	front	150.280	0	-130.000	-161.122	591.215	94	92	0
160	45.010	39.990	670.020	79.999	39.990	670.020	79.999	-121.600	0.000	front	150.280	1	-86.667	-124.214	568.509	95	91	0
160	45.010	39.990	670.020	79.999	39.990	670.020	79.999	-121.600	0.000	front	150.280	2	-43.333	-87.306	545.803	96	91	0
160	45.010	39.990	670.020	79.999	39.990	670.020	79.999	-121.600	0.000	front	150.280	3	0.000	-50.397	523.097	96	90	0
160	45.010	39.990	670.020	79.999	39.990	670.020	79.999	-121.600	0.000	front	150.280	4	43.333	-13.489	500.391	97	90	0
160	45.010	39.990	670.020	79.999	39.990	670.020	79.999	-121.600	0.000	front	150.280	5	86.667	23.419	477.684	98	89	0
160	45.010	39.990	670.020	79.999	39.990	670.020	79.999	-121.600	0.000	front	150.280	6	130.000	60.327	454.978	99	89	0
160	45.010	39.990	670.020	79.999	39.990	670.020	79.999	-121.600	0.000	front	150.280	0	-130.000	-161.122	591.215	94	92	0
160	45.010	39.990	670.020	79.999	39.990	670.020	79.999	-121.600	0.000	front	150.280	1	-86.667	-124.214	568.509	95	91	0
160	45.010	39.990	670.020	79.999	39.990	670.020	79.999	-121.600	0.000	front	150.280	2	-43.333	-87.306	545.803	96	91	0
160	45.010	39.990	670.020	79.999	39.990	670.020	79.999	-121.600	0.000	front	150.280	3	0.000	-50.397	523.097	96	90	0
160	45.010	39.990	670.020	79.999	39.990	670.020	79.999	-121.600	0.000	front	150.280	4	43.333	-13.489	500.391	97	90	0
160	45.010	39.990	670.020	79.999	39.990	670.020	79.999	-121.600	0.000	front	150.280	5	86.667	23.419	477.684	98	89	0
160	45.010	39.990	670.020	79.999	39.990	670.020	79.999	-121.600	0.000	front	150.280	6	130.000	60.327	454.978	99	89	0
160	45.010	39.990	670.020	79.999	39.990	670.020	79.999	-121.600	0.000	front	150.280	0	-130.000	-161.122	591.215	94	92	0
160	45.010	39.990	670.020	79.999	39.990	670.020	79.999	-121.600	0.000	front	150.280	1	-86.667	-124.214	568.509	95	91	0
160	45.010	39.990	670.020	79.999	39.990	670.020	79.999	-121.600	0.000	front	150.280	2	-43.333	-87.306	545.803	96	91	0
160	45.010	39.990	670.020	79.999	39.990	670.020	79.999	-121.600	0.000	front	150.280	3	0.000	-50.397	523.097	96	90	0
160	45.010	39.990	670.020	79.999	39.990	670.020	79.999	-121.600	0.000	front	150.280	4	43.333	-13.489	500.391	97	90	0
160	45.010	39.990	670.020	79.999	39.990	670.020	79.999	-121.600	0.000	front	150.280	5	86.667	23.419	477.684	98	89	0
160	45.010	39.990	670.020	79.999	39.990	670.020	79.999	-121.600	0.000	front	150.280	6	130.000	60.327	454.978	99	89	0
160	45.010	39.990	670.020	79.999	39.990	670.020	79.999	-121.600	0.000	front	150.280	0	-130.000	-161.122	591.215	94	92	0
160	45.010	39.990	670.020	79.999	39.990	670.020	79.999	-121.600	0.000	front	150.280	1	-86.667	-124.214	568.509	95	91	0
160	45.010	39.990	670.020	79.999	39.990	670.020	79.999	-121.600	0.000	front	150.280	2	-43.333	-87.306	545.803	96	91	0
160	45.010	39.990	670.020	79.999	39.990	670.020	79.999	-121.600	0.000	front	150.280	3	0.000	-50.397	523.097	96	90	0
160	45.010	39.990	670.020	79.999	39.990	670.020	79.999	-121.600	0.000	front	150.280	4	43.333	-13.489	500.391	97	90	0
160	45.010	39.990	670.020	79.999	39.990	670.020	79.999	-121.600	0.000	front	150.280	5	86.667	23.419	477.684	98	89	0
160	45.010	39.990	670.020	79.999	39.990	670.020	79.999	-121.600	0.000	front	150.280	6	130.000	60.327	454.978	99	89	0
160	45.010	39.990	670.020	79.999	39.990	670.020	79.999	-121.700	0.000	front	150.280	0	-130.000	-161.259	591.566	94	92	0
160	45.010	39.990	670.020	79.999	39.990	670.020	79.999	-121.700	0.000	front	150.280	1	-86.667	-124.391	568.795	95	91	0
160	45.010	39.990	670.020	79.999	39.990	670.020	79.999	-121.700	0.000	front	150.280	2	-43.333	-87.522	546.025	96	91	0
160	45.010	39.990	670.020	79.999	39.990	670.020	79.999	-121.700	0.000	front	150.280	3	0.000	-50.654	523.255	96	90	0
160	45.010	39.990	670.020	79.999	39.990	670.020	79.999	-121.700	0.000	front	150.280	4	43.333	-13.785	500.484	97	90	0
160	45.010	39.990	670.020	79.999	39.990	670.020	79.999	-121.700	0.000	front	150.280	5	86.667	23.083	477.714	98	89	0
160	45.010	39.990	670.020	79.999	39.990	670.020	79.999	-121.700	0.000	front	150.280	6	130.000	59.952	454.943	99	89	0
354	109.690	-300.000	2410.058	29.999	-350.000	2400.000	29.999	33.800	51.002	front	0.000	0	-130.000	-134.337	2387.933	95	128	1
354	109.690	-300.000	2410.058	29.999	-350.000	2400.000	29.999	33.800	51.002	front	0.000	1	-86.667	-158.443	2423.942	94	128	1
354	109.690	-300.000	2410.058	29.999	-350.000	2400.000	29.999	33.800	51.002	front	0.000	2	-43.333	-182.549	2459.952	94	129	1
354	109.690	-300.000	2410.058	29.999	-350.000	2400.000	29.999	33.800	51.002	front	0.000	3	0.000	-206.655	2495.961	93	130	1
354	109.690	-300.000	2410.058	29.999	-350.000	2400.000	29.999	33.800	51.002	front	0.000	4	43.333	-230.761	2531.970	93	131	1
354	109.690	-300.000	2410.058	29.999	-350.000	2400.000	29.999	33.800	51.002	front	0.000	5	86.667	-254.867	2567.980	92	131	1
354	109.690	-300.000	2410.058	29.999	-350.000	2400.000	29.999	33.800	51.002	front	0.000	6	130.000	-278.974	2603.989	92	132	1
354	109.690	-300.000	2410.058	29.999	-350.000	2400.000	29.999	33.800	51.002	front	0.000	0	-130.000	-134.337	2387.933	95	128	0
354	109.690	-300.000	2410.058	29.999	-350.000	2400.000	29.999	33.800	51.002	front	0.000	1	-86.667	-158.443	2423.942	94	128	0
354	109.690	-300.000	2410.058	29.999	-350.000	2400.000	29.999	33.800	51.002	front	0.000	2	-43.333	-182.549	2459.952	94	129	0
354	109.690	-300.000	2410.058	29.999	-350.000	2400.000	29.999	33.800	51.002	front	0.000	3	0.000	-206.655	2495.961	93	130	0
354	109.690	-300.000	2410.058	29.999	-350.000	2400.000	29.999	33.800	51.002	front	0.000	4	43.333	-230.761	2531.970	93	131	0
354	109.690	-300.000	2410.058	29.999	-350.000	2400.000	29.999	33.800	51.002	front	0.000	5	86.667	-254.867	2567.980	92	131	0
354	109.690	-300.000	2410.058	29.999	-350.000	2400.000	29.999	33.800	51.002	front	0.000	6	130.000	-278.974	2603.989	92	132	0
354	109.690	-300.000	2410.058	29.999	-350.000	2400.000	29.999	33.800	51.002	front	0.000	0	-130.000	-134.337	2387.933	95	128	0
354	109.690	-300.000	2410.058	29.999	-350.000	2400.000	29.999	33.800	51.002	front	0.000	1	-86.667	-158.443	2423.942	94	128	0
354	109.690	-300.000	2410.058	29.999	-350.000	2400.000	29.999	33.800	51.002	front	0.000	2	-43.333	-182.549	2459.952	94	129	0
354	109.690	-300.000	2410.058	29.999	-350.000	2400.000	29.999	33.800	51.002	front	0.000	3	0.000	-206.655	2495.961	93	130	0
354	109.690	-300.000	2410.058	29.999	-350.000	2400.000	29.999	33.800	51.002	front	0.000	4	43.333	-230.761	2531.970	93	131	0
354	109.690	-300.000	2410.058	29.999	-350.000	2400.000	29.999	33.800	51.002	front	0.000	5	86.667	-254.867	2567.980	92	131	0
354	109.690	-300.000	2410.058	29.999	-350.000	2400.000	29.999	33.800	51.002	front	0.000	6	130.000	-278.974	2603.989	92	132	0
354	109.690	-300.000	2410.058	29.999	-310.010	2410.058	39.996	28.400	14.147	front	0.000	0	-130.000	-96.439	2377.749	96	127	1
354	109.690	-300.000	2410.058	29.999	-310.010	2410.058	39.996	28.400	14.147	front	0.000	1	-86.667	-117.050	2415.867	95	128	0
354	109.690	-300.000	2410.058	29.999	-310.010	2410.058	39.996	28.400	14.147	front	0.000	2	-43.333	-137.660	2453.986	95	129	1
354	109.690	-300.000	2410.058	29.999	-310.010	2410.058	39.996	28.400	14.147	front	0.000	3	0.000	-158.270	2492.104	94	130	1
354	109.690	-300.000	2410.058	29.999	-310.010	2410.058	39.996	28.400	14.147	front	0.000	4	43.333	-178.881	2530.222	94	131	1
354	109.690	-300.000	2410.058	29.999	-310.010	2410.058	39.996	28.400	14.147	front	0.000	5	86.667	-199.491	2568.340	94	131	0
354	109.690	-300.000	2410.058	29.999	-310.010	2410.058	39.996	28.400	14.147	front	0.000	6	130.000	-220.102	2606.458	93	132	1
354	109.690	-300.000	2410.058	29.999	-310.010	2410.058	39.996	28.400	14.147	front	0.000	0	-130.000	-96.439	2377.749	96	127	0
354	109.690	-300.000	2410.058	29.999	-310.010	2410.058	39.996	28.400	14.147	front	0.000	1	-86.667	-117.050	2415.867	95	128	0
354	109.690	-300.000	2410.058	29.999	-310.010	2410.058	39.996	28.400	14.147	front	0.000	2	-43.333	-137.660	2453.986	95	129	0
354	109.690	-300.000	2410.058	29.999	-310.010	2410.058	39.996	28.400	14.147	front	0.000	3	0.000	-158.270	2492.104	94	130	0
354	109.690	-300.000	2410.058	29.999	-310.010	2410.058	39.996	28.400	14.147	front	0.000	4	43.333	-178.881	2530.222	94	131	0
354	109.690	-300.000	2410.058	29.999	-310.010	2410.058	39.996	28.400	14.147	front	0.000	5	86.667	-199.491	2568.340	94	131	0
354	109.690	-300.000	2410.058	29.999	-310.010	2410.058	39.996	28.400	14.147	front	0.000	6	130.000	-220.102	2606.458	93	132	0
354	109.690	-300.000	2410.058	29.999	-310.010	2410.058	39.996	28.400	14.147	front	0.000	0	-130.000	-96.439	2377.749	96	127	0
354	109.690	-300.000	2410.058	29.999	-310.010	2410.058	39.996	28.400	14.147	front	0.000	1	-86.667	-117.050	2415.867	95	128	0
354	109.690	-300.000	2410.058	29.999	-310.010	2410.058	39.996	28.400	14.147	front	0.000	2	-43.333	-137.660	2453.986	95	129	0
354	109.690	-300.000	2410.058	29.999	-310.010	2410.058	39.996	28.400	14.147	front	0.000	3	0.000	-158.270	2492.104	94	130	0
354	109.690	-300.000	2410.058	29.999	-310.010	2410.058	39.996	28.400	14.147	front	0.000	4	43.333	-178.881	2530.222	94	131	0
354	109.690	-300.000	2410.058	29.999	-310.010	2410.058	39.996	28.400	14.147	front	0.000	5	86.667	-199.491	2568.340	94	131	0
354	109.690	-300.000	2410.058	29.999	-310.010	2410.058	39.996	28.400	14.147	front	0.000	6	130.000	-220.102	2606.458	93	132	0
354	109.690	-300.000	2410.058	29.999	-310.010	2410.058	29.999	30.300	10.010	front	0.000	0	-130.000	-95.485	2384.848	96	128	1
354	109.690	-300.000	2410.058	29.999	-310.010	2410.058	29.999	30.300	10.010	front	0.000	1	-86.667	-117.348	2422.262	95	128	0
354	109.690	-300.000	2410.058	29.999	-310.010	2410.058	29.999	30.300	10.010	front	0.000	2	-43.333	-139.211	2459.676	95	129	0
354	109.690	-300.000	2410.058	29.999	-310.010	2410.058	29.999	30.300	10.010	front	0.000	3	0.000	-161.074	2497.090	94	130	0
354	109.690	-300.000	2410.058	29.999	-310.010	2410.058	29.999	30.300	10.010	front	0.000	4	43.333	-182.937	2534.503	94	131	0
354	109.690	-300.000	2410.058	29.999	-310.010	2410.058	29.999	30.300	10.010	front	0.000	5	86.667	-204.800	2571.917	93	131	0
354	109.690	-300.000	2410.058	29.999	-310.010	2410.058	29.999	30.300	10.010	front	0.000	6	130.000	-226.663	2609.331	93	132	0
354	109.690	-300.000	2410.058	29.999	-310.010	2410.058	29.999	30.300	10.010	front	0.000	0	-130.000	-95.485	2384.848	96	128	0
354	109.690	-300.000	2410.058	29.999	-310.010	2410.058	29.999	30.300	10.010	front	0.000	1	-86.667	-117.348	2422.262	95	128	0
354	109.690	-300.000	2410.058	29.999	-310.010	2410.058	29.999	30.300	10.010	front	0.000	2	-43.333	-139.211	2459.676	95	129	0
354	109.690	-300.000	2410.058	29.999	-310.010	2410.058	29.999	30.300	10.010	front	0.000	3	0.000	-161.074	2497.090	94	130	0
354	109.690	-300.000	2410.058	29.999	-310.010	2410.058	29.999	30.300	10.010	front	0.000	4	43.333	-182.937	2534.503	94	131	0
354	109.690	-300.000	2410.058	29.999	-310.010	2410.058	29.999	30.300	10.010	front	0.000	5	86.667	-204.800	2571.917	93	131	0
354	109.690	-300.000	2410.058	29.999	-310.010	2410.058	29.999	30.300	10.010	front	0.000	6	130.000	-226.663	2609.331	93	132	0
354	109.690	-300.000	2410.058	29.999	-310.010	2410.058	29.999	30.300	10.010	front	0.000	0	-130.000	-95.485	2384.848	96	128	0
354	109.690	-300.000	2410.058	29.999	-310.010	2410.058	29.999	30.300	10.010	front	0.000	1	-86.667	-117.348	2422.262	95	128	0
354	109.690	-300.000	2410.058	29.999	-310.010	2410.058	29.999	30.300	10.010	front	0.000	2	-43.333	-139.211	2459.676	95	129	0
354	109.690	-300.000	2410.058	29.999	-310.010	2410.058	29.999	30.300	10.010	front	0.000	3	0.000	-161.074	2497.090	94	130	0
354	109.690	-300.000	2410.058	29.999	-310.010	2410.058	29.999	30.300	10.010	front	0.000	4	43.333	-182.937	2534.503	94	131	0
354	109.690	-300.000	2410.058	29.999	-310.010	2410.058	29.999	30.300	10.010	front	0.000	5	86.667	-204.800	2571.917	93	131	0
354	109.690	-300.000	2410.058	29.999	-310.010	2410.058	29.999	30.300	10.010	front	0.000	6	130.000	-226.663	2609.331	93	132	0
354	109.690	-300.000	2410.058	29.999	-310.010	2410.058	29.999	30.300	10.010	front	0.000	0	-130.000	-95.485	2384.848	96	128	0
354	109.690	-300.000	2410.058	29.999	-310.010	2410.058	29.999	30.300	10.010	front	0.000	1	-86.667	-117.348	2422.262	95	128	0
354	109.690	-300.000	2410.058	29.999	-310.010	2410.058	29.999	30.300	10.010	front	0.000	2	-43.333	-139.211	2459.676	95	129	0
354	109.690	-300.000	2410.058	29.999	-310.010	2410.058	29.999	30.300	10.010	front	0.000	3	0.000	-161.074	2497.090	94	130	0
354	109.690	-300.000	2410.058	29.999	-310.010	2410.058	29.999	30.300	10.010	front	0.000	4	43.333	-182.937	2534.503	94	131	0
354	109.690	-300.000	2410.058	29.999	-310.010	2410.058	29.999	30.300	10.010	front	0.000	5	86.667	-204.800	2571.917	93	131	0
354	109.690	-300.000	2410.058	29.999	-310.010	2410.058	29.999	30.300	10.010	front	0.000	6	130.000	-226.663	2609.331	93	132	0
354	109.690	-300.000	2410.058	29.999	-310.010	2410.058	29.999	31.400	10.010	front	0.000	0	-130.000	-95.041	2388.971	96	128	0
354	109.690	-300.000	2410.058	29.999	-310.010	2410.058	29.999	31.400	10.010	front	0.000	1	-86.667	-117.618	2425.958	95	128	0
354	109.690	-300.000	2410.058	29.999	-310.010	2410.058	29.999	31.400	10.010	front	0.000	2	-43.333	-140.195	2462.945	95	129	0
354	109.690	-300.000	2410.058	29.999	-310.010	2410.058	29.999	31.400	10.010	front	0.000	3	0.000	-162.772	2499.933	94	130	0
354	109.690	-300.000	2410.058	29.999	-310.010	2410.058	29.999	31.400	10.010	front	0.000	4	43.333	-185.349	2536.920	94	131	0
354	109.690	-300.000	2410.058	29.999	-310.010	2410.058	29.999	31.400	10.010	front	0.000	5	86.667	-207.926	2573.907	93	131	0
354	109.690	-300.000	2410.058	29.999	-310.010	2410.058	29.999	31.400	10.010	front	0.000	6	130.000	-230.504	2610.894	93	132	0
354	109.690	-300.000	2410.058	29.999	-310.010	2410.058	29.999	31.400	10.010	front	0.000	0	-130.000	-95.041	2388.971	96	128	0
354	109.690	-300.000	2410.058	29.999	-310.010	2410.058	29.999	31.400	10.010	front	0.000	1	-86.667	-117.618	2425.958	95	128	0
354	109.690	-300.000	2410.058	29.999	-310.010	2410.058	29.999	31.400	10.010	front	0.000	2	-43.333	-140.195	2462.945	95	129	0
354	109.690	-300.000	2410.058	29.999	-310.010	2410.058	29.999	31.400	10.010	front	0.000	3	0.000	-162.772	2499.933	94	130	0
354	109.690	-300.000	2410.058	29.999	-310.010	2410.058	29.999	31.400	10.010	front	0.000	4	43.333	-185.349	2536.920	94	131	0
354	109.690	-300.000	2410.058	29.999	-310.010	2410.058	29.999	31.400	10.010	front	0.000	5	86.667	-207.926	2573.907	93	131	0
354	109.690	-300.000	2410.058	29.999	-310.010	2410.058	29.999	31.400	10.010	front	0.000	6	130.000	-230.504	2610.894	93	132	0
354	109.690	-300.000	2410.058	29.999	-310.010	2410.058	29.999	31.400	10.010	front	0.000	0	-130.000	-95.041	2388.971	96	128	0
354	109.690	-300.000	2410.058	29.999	-310.010	2410.058	29.999	31.400	10.010	front	0.000	1	-86.667	-117.618	2425.958	95	128	0
354	109.690	-300.000	2410.058	29.999	-310.010	2410.058	29.999	31.400	10.010	front	0.000	2	-43.333	-140.195	2462.945	95	129	0
354	109.690	-300.000	2410.058	29.999	-310.010	2410.058	29.999	31.400	10.010	front	0.000	3	0.000	-162.772	2499.933	94	130	0
354	109.690	-300.000	2410.058	29.999	-310.010	2410.058	29.999	31.400	10.010	front	0.000	4	43.333	-185.349	2536.920	94	131	0
354	109.690	-300.000	2410.058	29.999	-310.010	2410.058	29.999	31.400	10.010	front	0.000	5	86.667	-207.926	2573.907	93	131	0
354	109.690	-300.000	2410.058	29.999	-310.010	2410.058	29.999	31.400	10.010	front	0.000	6	130.000	-230.504	2610.894	93	132	0
354	109.690	-300.000	2410.058	29.999	-310.010	2410.058	29.999	31.600	10.010	front	0.000	0	-130.000	-94.969	2389.722	96	128	0
354	109.690	-300.000	2410.058	29.999	-310.010	2410.058	29.999	31.600	10.010	front	0.000	1	-86.667	-117.675	2426.630	95	128	0
354	109.690	-300.000	2410.058	29.999	-310.010	2410.058	29.999	31.600	10.010	front	0.000	2	-43.333	-140.381	2463.538	95	129	0
354	109.690	-300.000	2410.058	29.999	-310.010	2410.058	29.999	31.600	10.010	front	0.000	3	0.000	-163.087	2500.446	94	130	0
354	109.690	-300.000	2410.058	29.999	-310.010	2410.058	29.999	31.600	10.010	front	0.000	4	43.333	-185.793	2537.354	94	131	0
354	109.690	-300.000	2410.058	29.999	-310.010	2410.058	29.999	31.600	10.010	front	0.000	5	86.667	-208.499	2574.262	93	131	0
354	109.690	-300.000	2410.058	29.999	-310.010	2410.058	29.999	31.600	10.010	front	0.000	6	130.000	-231.205	2611.171	93	132	0
354	109.690	-300.000	2410.058	29.999	-310.010	2410.058	29.999	31.600	10.010	front	0.000	0	-130.000	-94.969	2389.722	96	128	0
354	109.690	-300.000	2410.058	29.999	-310.010	2410.058	29.999	31.600	10.010	front	0.000	1	-86.667	-117.675	2426.630	95	128	0
354	109.690	-300.000	2410.058	29.999	-310.010	2410.058	29.999	31.600	10.010	front	0.000	2	-43.333	-140.381	2463.538	95	129	0
354	109.690	-300.000	2410.058	29.999	-310.010	2410.058	29.999	31.600	10.010	front	0.000	3	0.000	-163.087	2500.446	94	130	0
354	109.690	-300.000	2410.058	29.999	-310.010	2410.058	29.999	31.600	10.010	front	0.000	4	43.333	-185.793	2537.354	94	131	0
354	109.690	-300.000	2410.058	29.999	-310.010	2410.058	29.999	31.600	10.010	front	0.000	5	86.667	-208.499	2574.262	93	131	0
354	109.690	-300.000	2410.058	29.999	-310.010	2410.058	29.999	31.600	10.010	front	0.000	6	130.000	-231.205	2611.171	93	132	0
354	109.690	-300.000	2410.058	29.999	-310.010	2410.058	29.999	31.600	10.010	front	0.000	0	-130.000	-94.969	2389.722	96	128	0
354	109.690	-300.000	2410.058	29.999	-310.010	2410.058	29.999	31.600	10.010	front	0.000	1	-86.667	-117.675	2426.630	95	128	0
354	109.690	-300.000	2410.058	29.999	-310.010	2410.058	29.999	31.600	10.010	front	0.000	2	-43.333	-140.381	2463.538	95	129	0
354	109.690	-300.000	2410.058	29.999	-310.010	2410.058	29.999	31.600	10.010	front	0.000	3	0.000	-163.087	2500.446	94	130	0
354	109.690	-300.000	2410.058	29.999	-310.010	2410.058	29.999	31.600	10.010	front	0.000	4	43.333	-185.793	2537.354	94	131	0
354	109.690	-300.000	2410.058	29.999	-310.010	2410.058	29.999	31.600	10.010	front	0.000	5	86.667	-208.499	2574.262	93	131	0
354	109.690	-300.000	2410.058	29.999	-310.010	2410.058	29.999	31.600	10.010	front	0.000	6	130.000	-231.205	2611.171	93	132	0
354	109.690	-300.000	2410.058	29.999	-300.000	2410.058	29.999	31.100	0.000	front	0.000	0	-130.000	-85.145	2387.846	96	128	0
354	109.690	-300.000	2410.058	29.999	-300.000	2410.058	29.999	31.100	0.000	front	0.000	1	-86.667	-107.528	2424.951	95	128	0
354	109.690	-300.000	2410.058	29.999	-300.000	2410.058	29.999	31.100	0.000	front	0.000	2	-43.333	-129.911	2462.056	95	129	0
354	109.690	-300.000	2410.058	29.999	-300.000	2410.058	29.999	31.100	0.000	front	0.000	3	0.000	-152.294	2499.160	94	130	0
354	109.690	-300.000	2410.058	29.999	-300.000	2410.058	29.999	31.100	0.000	front	0.000	4	43.333	-174.677	2536.265	94	131	0
354	109.690	-300.000	2410.058	29.999	-300.000	2410.058	29.999	31.100	0.000	front	0.000	5	86.667	-197.060	2573.370	94	131	0
354	109.690	-300.000	2410.058	29.999	-300.000	2410.058	29.999	31.100	0.000	front	0.000	6	130.000	-219.443	2610.475	93	132	0
354	109.690	-300.000	2410.058	29.999	-300.000	2410.058	29.999	31.100	0.000	front	0.000	0	-130.000	-85.145	2387.846	96	128	0
354	109.690	-300.000	2410.058	29.999	-300.000	2410.058	29.999	31.100	0.000	front	0.000	1	-86.667	-107.528	2424.951	95	128	0
354	109.690	-300.000	2410.058	29.999	-300.000	2410.058	29.999	31.100	0.000	front	0.000	2	-43.333	-129.911	2462.056	95	129	0
354	109.690	-300.000	2410.058	29.999	-300.000	2410.058	29.999	31.100	0.000	front	0.000	3	0.000	-152.294	2499.160	94	130	0
354	109.690	-300.000	2410.058	29.999	-300.000	2410.058	29.999	31.100	0.000	front	0.000	4	43.333	-174.677	2536.265	94	131	0
354	109.690	-300.000	2410.058	29.999	-300.000	2410.058	29.999	31.100	0.000	front	0.000	5	86.667	-197.060	2573.370	94	131	0
354	109.690	-300.000	2410.058	29.999	-300.000	2410.058	29.999	31.100	0.000	front	0.000	6	130.000	-219.443	2610.475	93	132	0
354	109.690	-300.000	2410.058	29.999	-300.000	2410.058	29.999	31.100	0.000	front	0.000	0	-130.000	-85.145	2387.846	96	128	0
354	109.690	-300.000	2410.058	29.999	-300.000	2410.058	29.999	31.100	0.000	front	0.000	1	-86.667	-107.528	2424.951	95	128	0
354	109.690	-300.000	2410.058	29.999	-300.000	2410.058	29.999	31.100	0.000	front	0.000	2	-43.333	-129.911	2462.056	95	129	0
354	109.690	-300.000	2410.058	29.999	-300.000	2410.058	29.999	31.100	0.000	front	0.000	3	0.000	-152.294	2499.160	94	130	0
354	109.690	-300.000	2410.058	29.999	-300.000	2410.058	29.999	31.100	0.000	front	0.000	4	43.333	-174.677	2536.265	94	131	0
354	109.690	-300.000	2410.058	29.999	-300.000	2410.058	29.999	31.100	0.000	front	0.000	5	86.667	-197.060	2573.370	94	131	0
354	109.690	-300.000	2410.058	29.999	-300.000	2410.058	29.999	31.100	0.000	front	0.000	6	130.000	-219.443	2610.475	93	132	0
354	109.690	-300.000	2410.058	29.999	-300.000	2410.058	39.996	30.600	9.997	front	0.000	0	-130.000	-85.347	2385.972	96	128	0
354	109.690	-300.000	2410.058	29.999	-300.000	2410.058	39.996	30.600	9.997	front	0.000	1	-86.667	-107.405	2423.270	95	128	0
354	109.690	-300.000	2410.058	29.999	-300.000	2410.058	39.996	30.600	9.997	front	0.000	2	-43.333	-129.464	2460.569	95	129	0
354	109.690	-300.000	2410.058	29.999	-300.000	2410.058	39.996	30.600	9.997	front	0.000	3	0.000	-151.522	2497.868	94	130	0
354	109.690	-300.000	2410.058	29.999	-300.000	2410.058	39.996	30.600	9.997	front	0.000	4	43.333	-173.580	2535.167	94	131	0
354	109.690	-300.000	2410.058	29.999	-300.000	2410.058	39.996	30.600	9.997	front	0.000	5	86.667	-195.639	2572.466	94	131	0
354	109.690	-300.000	2410.058	29.999	-300.000	2410.058	39.996	30.600	9.997	front	0.000	6	130.000	-217.697	2609.765	93	132	0
354	109.690	-300.000	2410.058	29.999	-300.000	2410.058	39.996	30.600	9.997	front	0.000	0	-130.000	-85.347	2385.972	96	128	0
354	109.690	-300.000	2410.058	29.999	-300.000	2410.058	39.996	30.600	9.997	front	0.000	1	-86.667	-107.405	2423.270	95	128	0
354	109.690	-300.000	2410.058	29.999	-300.000	2410.058	39.996	30.600	9.997	front	0.000	2	-43.333	-129.464	2460.569	95	129	0
354	109.690	-300.000	2410.058	29.999	-300.000	2410.058	39.996	30.600	9.997	front	0.000	3	0.000	-151.522	2497.868	94	130	0
354	109.690	-300.000	2410.058	29.999	-300.000	2410.058	39.996	30.600	9.997	front	0.000	4	43.333	-173.580	2535.167	94	131	0
354	109.690	-300.000	2410.058	29.999	-300.000	2410.058	39.996	30.600	9.997	front	0.000	5	86.667	-195.639	2572.466	94	131	0
354	109.690	-300.000	2410.058	29.999	-300.000	2410.058	39.996	30.600	9.997	front	0.000	6	130.000	-217.697	2609.765	93	132	0
354	109.690	-300.000	2410.058	29.999	-300.000	2410.058	39.996	30.600	9.997	front	0.000	0	-130.000	-85.347	2385.972	96	128	0
354	109.690	-300.000	2410.058	29.999	-300.000	2410.058	39.996	30.600	9.997	front	0.000	1	-86.667	-107.405	2423.270	95	128	0
354	109.690	-300.000	2410.058	29.999	-300.000	2410.058	39.996	30.600	9.997	front	0.000	2	-43.333	-129.464	2460.569	95	129	0
354	109.690	-300.000	2410.058	29.999	-300.000	2410.058	39.996	30.600	9.997	front	0.000	3	0.000	-151.522	2497.868	94	130	0
354	109.690	-300.000	2410.058	29.999	-300.000	2410.058	39.996	30.600	9.997	front	0.000	4	43.333	-173.580	2535.167	94	131	0
354	109.690	-300.000	2410.058	29.999	-300.000	2410.058	39.996	30.600	9.997	front	0.000	5	86.667	-195.639	2572.466	94	131	0
354	109.690	-300.000	2410.058	29.999	-300.000	2410.058	39.996	30.600	9.997	front	0.000	6	130.000	-217.697	2609.765	93	132	0
354	109.690	-300.000	2410.058	29.999	-300.000	2410.058	39.996	30.600	9.997	front	0.000	0	-130.000	-85.347	2385.972	96	128	0
354	109.690	-300.000	2410.058	29.999	-300.000	2410.058	39.996	30.600	9.997	front	0.000	1	-86.667	-107.405	2423.270	95	128	0
354	109.690	-300.000	2410.058	29.999	-300.000	2410.058	39.996	30.600	9.997	front	0.000	2	-43.333	-129.464	2460.569	95	129	0
354	109.690	-300.000	2410.058	29.999	-300.000	2410.058	39.996	30.600	9.997	front	0.000	3	0.000	-151.522	2497.868	94	130	0
354	109.690	-300.000	2410.058	29.999	-300.000	2410.058	39.996	30.600	9.997	front	0.000	4	43.333	-173.580	2535.167	94	131	0
354	109.690	-300.000	2410.058	29.999	-300.000	2410.058	39.996	30.600	9.997	front	0.000	5	86.667	-195.639	2572.466	94	131	0
354	109.690	-300.000	2410.058	29.999	-300.000	2410.058	39.996	30.600	9.997	front	0.000	6	130.000	-217.697	2609.765	93	132	0
354	109.690	-300.000	2410.058	29.999	-300.000	2410.058	29.999	30.300	0.000	front	0.000	0	-130.000	-85.476	2384.848	96	128	0
354	109.690	-300.000	2410.058	29.999	-300.000	2410.058	29.999	30.300	0.000	front	0.000	1	-86.667	-107.339	2422.262	95	128	0
354	109.690	-300.000	2410.058	29.999	-300.000	2410.058	29.999	30.300	0.000	front	0.000	2	-43.333	-129.201	2459.676	95	129	0
354	109.690	-300.000	2410.058	29.999	-300.000	2410.058	29.999	30.300	0.000	front	0.000	3	0.000	-151.064	2497.090	94	130	0
354	109.690	-300.000	2410.058	29.999	-300.000	2410.058	29.999	30.300	0.000	front	0.000	4	43.333	-172.927	2534.503	94	131	0
354	109.690	-300.000	2410.058	29.999	-300.000	2410.058	29.999	30.300	0.000	front	0.000	5	86.667	-194.790	2571.917	94	131	0
354	109.690	-300.000	2410.058	29.999	-300.000	2410.058	29.999	30.300	0.000	front	0.000	6	130.000	-216.653	2609.331	93	132	0
354	109.690	-300.000	2410.058	29.999	-300.000	2410.058	29.999	30.300	0.000	front	0.000	0	-130.000	-85.476	2384.848	96	128	0
354	109.690	-300.000	2410.058	29.999	-300.000	2410.058	29.999	30.300	0.000	front	0.000	1	-86.667	-107.339	2422.262	95	128	0
354	109.690	-300.000	2410.058	29.999	-300.000	2410.058	29.999	30.300	0.000	front	0.000	2	-43.333	-129.201	2459.676	95	129	0
354	109.690	-300.000	2410.058	29.999	-300.000	2410.058	29.999	30.300	0.000	front	0.000	3	0.000	-151.064	2497.090	94	130	0
354	109.690	-300.000	2410.058	29.999	-300.000	2410.058	29.999	30.300	0.000	front	0.000	4	43.333	-172.927	2534.503	94	131	0
354	109.690	-300.000	2410.058	29.999	-300.000	2410.058	29.999	30.300	0.000	front	0.000	5	86.667	-194.790	2571.917	94	131	0
354	109.690	-300.000	2410.058	29.999	-300.000	2410.058	29.999	30.300	0.000	front	0.000	6	130.000	-216.653	2609.331	93	132	0
354	109.690	-300.000	2410.058	29.999	-300.000	2410.058	29.999	30.300	0.000	front	0.000	0	-130.000	-85.476	2384.848	96	128	0
354	109.690	-300.000	2410.058	29.999	-300.000	2410.058	29.999	30.300	0.000	front	0.000	1	-86.667	-107.339	2422.262	95	128	0
354	109.690	-300.000	2410.058	29.999	-300.000	2410.058	29.999	30.300	0.000	front	0.000	2	-43.333	-129.201	2459.676	95	129	0
354	109.690	-300.000	2410.058	29.999	-300.000	2410.058	29.999	30.300	0.000	front	0.000	3	0.000	-151.064	2497.090	94	130	0
354	109.690	-300.000	2410.058	29.999	-300.000	2410.058	29.999	30.300	0.000	front	0.000	4	43.333	-172.927	2534.503	94	131	0
354	109.690	-300.000	2410.058	29.999	-300.000	2410.058	29.999	30.300	0.000	front	0.000	5	86.667	-194.790	2571.917	94	131	0
354	109.690	-300.000	2410.058	29.999	-300.000	2410.058	29.999	30.300	0.000	front	0.000	6	130.000	-216.653	2609.331	93	132	0
354	109.690	-300.000	2410.058	29.999	-300.000	2410.058	29.999	30.800	0.000	front	0.000	0	-130.000	-85.264	2386.721	96	128	0
354	109.690	-300.000	2410.058	29.999	-300.000	2410.058	29.999	30.800	0.000	front	0.000	1	-86.667	-107.452	2423.943	95	128	0
354	109.690	-300.000	2410.058	29.999	-300.000	2410.058	29.999	30.800	0.000	front	0.000	2	-43.333	-129.641	2461.164	95	129	0
354	109.690	-300.000	2410.058	29.999	-300.000	2410.058	29.999	30.800	0.000	front	0.000	3	0.000	-151.829	2498.386	94	130	0
354	109.690	-300.000	2410.058	29.999	-300.000	2410.058	29.999	30.800	0.000	front	0.000	4	43.333	-174.018	2535.607	94	131	0
354	109.690	-300.000	2410.058	29.999	-300.000	2410.058	29.999	30.800	0.000	front	0.000	5	86.667	-196.206	2572.829	94	131	0
354	109.690	-300.000	2410.058	29.999	-300.000	2410.058	29.999	30.800	0.000	front	0.000	6	130.000	-218.395	2610.051	93	132	0
354	109.690	-300.000	2410.058	29.999	-300.000	2410.058	29.999	30.800	0.000	front	0.000	0	-130.000	-85.264	2386.721	96	128	0
354	109.690	-300.000	2410.058	29.999	-300.000	2410.058	29.999	30.800	0.000	front	0.000	1	-86.667	-107.452	2423.943	95	128	0
354	109.690	-300.000	2410.058	29.999	-300.000	2410.058	29.999	30.800	0.000	front	0.000	2	-43.333	-129.641	2461.164	95	129	0
354	109.690	-300.000	2410.058	29.999	-300.000	2410.058	29.999	30.800	0.000	front	0.000	3	0.000	-151.829	2498.386	94	130	0
354	109.690	-300.000	2410.058	29.999	-300.000	2410.058	29.999	30.800	0.000	front	0.000	4	43.333	-174.018	2535.607	94	131	0
354	109.690	-300.000	2410.058	29.999	-300.000	2410.058	29.999	30.800	0.000	front	0.000	5	86.667	-196.206	2572.829	94	131	0
354	109.690	-300.000	2410.058	29.999	-300.000	2410.058	29.999	30.800	0.000	front	0.000	6	130.000	-218.395	2610.051	93	132	0
354	109.690	-300.000	2410.058	29.999	-300.000	2410.058	29.999	30.800	0.000	front	0.000	0	-130.000	-85.264	2386.721	96	128	0
354	109.690	-300.000	2410.058	29.999	-300.000	2410.058	29.999	30.800	0.000	front	0.000	1	-86.667	-107.452	2423.943	95	128	0
354	109.690	-300.000	2410.058	29.999	-300.000	2410.058	29.999	30.800	0.000	front	0.000	2	-43.333	-129.641	2461.164	95	129	0
354	109.690	-300.000	2410.058	29.999	-300.000	2410.058	29.999	30.800	0.000	front	0.000	3	0.000	-151.829	2498.386	94	130	0
354	109.690	-300.000	2410.058	29.999	-300.000	2410.058	29.999	30.800	0.000	front	0.000	4	43.333	-174.018	2535.607	94	131	0
354	109.690	-300.000	2410.058	29.999	-300.000	2410.058	29.999	30.800	0.000	front	0.000	5	86.667	-196.206	2572.829	94	131	0
354	109.690	-300.000	2410.058	29.999	-300.000	2410.058	29.999	30.800	0.000	front	0.000	6	130.000	-218.395	2610.051	93	132	0
354	109.690	-300.000	2410.058	29.999	-300.000	2410.058	29.999	30.800	0.000	front	0.000	0	-130.000	-85.264	2386.721	96	128	0
354	109.690	-300.000	2410.058	29.999	-300.000	2410.058	29.999	30.800	0.000	front	0.000	1	-86.667	-107.452	2423.943	95	128	0
354	109.690	-300.000	2410.058	29.999	-300.000	2410.058	29.999	30.800	0.000	front	0.000	2	-43.333	-129.641	2461.164	95	129	0
354	109.690	-300.000	2410.058	29.999	-300.000	2410.058	29.999	30.800	0.000	front	0.000	3	0.000	-151.829	2498.386	94	130	0
354	109.690	-300.000	2410.058	29.999	-300.000	2410.058	29.999	30.800	0.000	front	0.000	4	43.333	-174.018	2535.607	94	131	0
354	109.690	-300.000	2410.058	29.999	-300.000	2410.058	29.999	30.800	0.000	front	0.000	5	86.667	-196.206	2572.829	94	131	0
354	109.690	-300.000	2410.058	29.999	-300.000	2410.058	29.999	30.800	0.000	front	0.000	6	130.000	-218.395	2610.051	93	132	0
354	109.690	-300.000	2410.058	29.999	-300.000	2410.058	29.999	31.000	0.000	front	0.000	0	-130.000	-85.184	2387.471	96	128	0
354	109.690	-300.000	2410.058	29.999	-300.000	2410.058	29.999	31.000	0.000	front	0.000	1	-86.667	-107.502	2424.615	95	128	0
354	109.690	-300.000	2410.058	29.999	-300.000	2410.058	29.999	31.000	0.000	front	0.000	2	-43.333	-129.820	2461.759	95	129	0
354	109.690	-300.000	2410.058	29.999	-300.000	2410.058	29.999	31.000	0.000	front	0.000	3	0.000	-152.139	2498.903	94	130	0
354	109.690	-300.000	2410.058	29.999	-300.000	2410.058	29.999	31.000	0.000	front	0.000	4	43.333	-174.457	2536.046	94	131	0
354	109.690	-300.000	2410.058	29.999	-300.000	2410.058	29.999	31.000	0.000	front	0.000	5	86.667	-196.775	2573.190	94	131	0
354	109.690	-300.000	2410.058	29.999	-300.000	2410.058	29.999	31.000	0.000	front	0.000	6	130.000	-219.094	2610.334	93	132	0
354	109.690	-300.000	2410.058	29.999	-300.000	2410.058	29.999	31.000	0.000	front	0.000	0	-130.000	-85.184	2387.471	96	128	0
354	109.690	-300.000	2410.058	29.999	-300.000	2410.058	29.999	31.000	0.000	front	0.000	1	-86.667	-107.502	2424.615	95	128	0
354	109.690	-300.000	2410.058	29.999	-300.000	2410.058	29.999	31.000	0.000	front	0.000	2	-43.333	-129.820	2461.759	95	129	0
354	109.690	-300.000	2410.058	29.999	-300.000	2410.058	29.999	31.000	0.000	front	0.000	3	0.000	-152.139	2498.903	94	130	0
354	109.690	-300.000	2410.058	29.999	-300.000	2410.058	29.999	31.000	0.000	front	0.000	4	43.333	-174.457	2536.046	94	131	0
354	109.690	-300.000	2410.058	29.999	-300.000	2410.058	29.999	31.000	0.000	front	0.000	5	86.667	-196.775	2573.190	94	131	0
354	109.690	-300.000	2410.058	29.999	-300.000	2410.058	29.999	31.000	0.000	front	0.000	6	130.000	-219.094	2610.334	93	132	0
354	109.690	-300.000	2410.058	29.999	-300.000	2410.058	29.999	31.000	0.000	front	0.000	0	-130.000	-85.184	2387.471	96	128	0
354	109.690	-300.000	2410.058	29.999	-300.000	2410.058	29.999	31.000	0.000	front	0.000	1	-86.667	-107.502	2424.615	95	128	0
354	109.690	-300.000	2410.058	29.999	-300.000	2410.058	29.999	31.000	0.000	front	0.000	2	-43.333	-129.820	2461.759	95	129	0
354	109.690	-300.000	2410.058	29.999	-300.000	2410.058	29.999	31.000	0.000	front	0.000	3	0.000	-152.139	2498.903	94	130	0
354	109.690	-300.000	2410.058	29.999	-300.000	2410.058	29.999	31.000	0.000	front	0.000	4	43.333	-174.457	2536.046	94	131	0
354	109.690	-300.000	2410.058	29.999	-300.000	2410.058	29.999	31.000	0.000	front	0.000	5	86.667	-196.775	2573.190	94	131	0
354	109.690	-300.000	2410.058	29.999	-300.000	2410.058	29.999	31.000	0.000	front	0.000	6	130.000	-219.094	2610.334	93	132	0
354	109.690	-300.000	2410.058	29.999	-300.000	2410.058	29.999	30.900	0.000	front	0.000	0	-130.000	-85.223	2387.096	96	128	0
354	109.690	-300.000	2410.058	29.999	-300.000	2410.058	29.999	30.900	0.000	front	0.000	1	-86.667	-107.477	2424.279	95	128	0
354	109.690	-300.000	2410.058	29.999	-300.000	2410.058	29.999	30.900	0.000	front	0.000	2	-43.333	-129.730	2461.462	95	129	0
354	109.690	-300.000	2410.058	29.999	-300.000	2410.058	29.999	30.900	0.000	front	0.000	3	0.000	-151.984	2498.644	94	130	0
354	109.690	-300.000	2410.058	29.999	-300.000	2410.058	29.999	30.900	0.000	front	0.000	4	43.333	-174.237	2535.827	94	131	0
354	109.690	-300.000	2410.058	29.999	-300.000	2410.058	29.999	30.900	0.000	front	0.000	5	86.667	-196.491	2573.010	94	131	0
354	109.690	-300.000	2410.058	29.999	-300.000	2410.058	29.999	30.900	0.000	front	0.000	6	130.000	-218.744	2610.193	93	132	0
354	109.690	-300.000	2410.058	29.999	-300.000	2410.058	29.999	30.900	0.000	front	0.000	0	-130.000	-85.223	2387.096	96	128	0
354	109.690	-300.000	2410.058	29.999	-300.000	2410.058	29.999	30.900	0.000	front	0.000	1	-86.667	-107.477	2424.279	95	128	0
354	109.690	-300.000	2410.058	29.999	-300.000	2410.058	29.999	30.900	0.000	front	0.000	2	-43.333	-129.730	2461.462	95	129	0
354	109.690	-300.000	2410.058	29.999	-300.000	2410.058	29.999	30.900	0.000	front	0.000	3	0.000	-151.984	2498.644	94	130	0
354	109.690	-300.000	2410.058	29.999	-300.000	2410.058	29.999	30.900	0.000	front	0.000	4	43.333	-174.237	2535.827	94	131	0
354	109.690	-300.000	2410.058	29.999	-300.000	2410.058	29.999	30.900	0.000	front	0.000	5	86.667	-196.491	2573.010	94	131	0
354	109.690	-300.000	2410.058	29.999	-300.000	2410.058	29.999	30.900	0.000	front	0.000	6	130.000	-218.744	2610.193	93	132	0
354	109.690	-300.000	2410.058	29.999	-300.000	2410.058	29.999	30.900	0.000	front	0.000	0	-130.000	-85.223	2387.096	96	128	0
354	109.690	-300.000	2410.058	29.999	-300.000	2410.058	29.999	30.900	0.000	front	0.000	1	-86.667	-107.477	2424.279	95	128	0
354	109.690	-300.000	2410.058	29.999	-300.000	2410.058	29.999	30.900	0.000	front	0.000	2	-43.333	-129.730	2461.462	95	129	0
354	109.690	-300.000	2410.058	29.999	-300.000	2410.058	29.999	30.900	0.000	front	0.000	3	0.000	-151.984	2498.644	94	130	0
354	109.690	-300.000	2410.058	29.999	-300.000	2410.058	29.999	30.900	0.000	front	0.000	4	43.333	-174.237	2535.827	94	131	0
354	109.690	-300.000	2410.058	29.999	-300.000	2410.058	29.999	30.900	0.000	front	0.000	5	86.667	-196.491	2573.010	94	131	0
354	109.690	-300.000	2410.058	29.999	-300.000	2410.058	29.999	30.900	0.000	front	0.000	6	130.000	-218.744	2610.193	93	132	0
354	109.690	-300.000	2410.058	29.999	-300.000	2410.058	29.999	30.900	0.000	front	0.000	0	-130.000	-85.223	2387.096	96	128	0
354	109.690	-300.000	2410.058	29.999	-300.000	2410.058	29.999	30.900	0.000	front	0.000	1	-86.667	-107.477	2424.279	95	128	0
354	109.690	-300.000	2410.058	29.999	-300.000	2410.058	29.999	30.900	0.000	front	0.000	2	-43.333	-129.730	2461.462	95	129	0
354	109.690	-300.000	2410.058	29.999	-300.000	2410.058	29.999	30.900	0.000	front	0.000	3	0.000	-151.984	2498.644	94	130	0
354	109.690	-300.000	2410.058	29.999	-300.000	2410.058	29.999	30.900	0.000	front	0.000	4	43.333	-174.237	2535.827	94	131	0
354	109.690	-300.000	2410.058	29.999	-300.000	2410.058	29.999	30.900	0.000	front	0.000	5	86.667	-196.491	2573.010	94	131	0
354	109.690	-300.000	2410.058	29.999	-300.000	2410.058	29.999	30.900	0.000	front	0.000	6	130.000	-218.744	2610.193	93	132	0
354	109.690	-300.000	2410.058	29.999	-300.000	2410.058	29.999	31.000	0.000	front	0.000	0	-130.000	-85.184	2387.471	96	128	0
354	109.690	-300.000	2410.058	29.999	-300.000	2410.058	29.999	31.000	0.000	front	0.000	1	-86.667	-107.502	2424.615	95	128	0
354	109.690	-300.000	2410.058	29.999	-300.000	2410.058	29.999	31.000	0.000	front	0.000	2	-43.333	-129.820	2461.759	95	129	0
354	109.690	-300.000	2410.058	29.999	-300.000	2410.058	29.999	31.000	0.000	front	0.000	3	0.000	-152.139	2498.903	94	130	0
354	109.690	-300.000	2410.058	29.999	-300.000	2410.058	29.999	31.000	0.000	front	0.000	4	43.333	-174.457	2536.046	94	131	0
354	109.690	-300.000	2410.058	29.999	-300.000	2410.058	29.999	31.000	0.000	front	0.000	5	86.667	-196.775	2573.190	94	131	0
354	109.690	-300.000	2410.058	29.999	-300.000	2410.058	29.999	31.000	0.000	front	0.000	6	130.000	-219.094	2610.334	93	132	0
354	109.690	-300.000	2410.058	29.999	-300.000	2410.058	29.999	31.000	0.000	front	0.000	0	-130.000	-85.184	2387.471	96	128	0
354	109.690	-300.000	2410.058	29.999	-300.000	2410.058	29.999	31.000	0.000	front	0.000	1	-86.667	-107.502	2424.615	95	128	0
354	109.690	-300.000	2410.058	29.999	-300.000	2410.058	29.999	31.000	0.000	front	0.000	2	-43.333	-129.820	2461.759	95	129	0
354	109.690	-300.000	2410.058	29.999	-300.000	2410.058	29.999	31.000	0.000	front	0.000	3	0.000	-152.139	2498.903	94	130	0
354	109.690	-300.000	2410.058	29.999	-300.000	2410.058	29.999	31.000	0.000	front	0.000	4	43.333	-174.457	2536.046	94	131	0
354	109.690	-300.000	2410.058	29.999	-300.000	2410.058	29.999	31.000	0.000	front	0.000	5	86.667	-196.775	2573.190	94	131	0
354	109.690	-300.000	2410.058	29.999	-300.000	2410.058	29.999	31.000	0.000	front	0.000	6	130.000	-219.094	2610.334	93	132	0
354	109.690	-300.000	2410.058	29.999	-300.000	2410.058	29.999	31.000	0.000	front	0.000	0	-130.000	-85.184	2387.471	96	128	0
354	109.690	-300.000	2410.058	29.999	-300.000	2410.058	29.999	31.000	0.000	front	0.000	1	-86.667	-107.502	2424.615	95	128	0
354	109.690	-300.000	2410.058	29.999	-300.000	2410.058	29.999	31.000	0.000	front	0.000	2	-43.333	-129.820	2461.759	95	129	0
354	109.690	-300.000	2410.058	29.999	-300.000	2410.058	29.999	31.000	0.000	front	0.000	3	0.000	-152.139	2498.903	94	130	0
354	109.690	-300.000	2410.058	29.999	-300.000	2410.058	29.999	31.000	0.000	front	0.000	4	43.333	-174.457	2536.046	94	131	0
354	109.690	-300.000	2410.058	29.999	-300.000	2410.058	29.999	31.000	0.000	front	0.000	5	86.667	-196.775	2573.190	94	131	0
354	109.690	-300.000	2410.058	29.999	-300.000	2410.058	29.999	31.000	0.000	front	0.000	6	130.000	-219.094	2610.334	93	132	0
354	109.690	-300.000	2410.058	29.999	-300.000	2410.058	29.999	31.300	0.000	front	0.000	0	-130.000	-85.068	2388.596	96	128	0
354	109.690	-300.000	2410.058	29.999	-300.000	2410.058	29.999	31.300	0.000	front	0.000	1	-86.667	-107.581	2425.622	95	128	0
354	109.690	-300.000	2410.058	29.999	-300.000	2410.058	29.999	31.300	0.000	front	0.000	2	-43.333	-130.093	2462.649	95	129	0
354	109.690	-300.000	2410.058	29.999	-300.000	2410.058	29.999	31.300	0.000	front	0.000	3	0.000	-152.606	2499.676	94	130	0
354	109.690	-300.000	2410.058	29.999	-300.000	2410.058	29.999	31.300	0.000	front	0.000	4	43.333	-175.118	2536.702	94	131	0
354	109.690	-300.000	2410.058	29.999	-300.000	2410.058	29.999	31.300	0.000	front	0.000	5	86.667	-197.631	2573.729	94	131	0
354	109.690	-300.000	2410.058	29.999	-300.000	2410.058	29.999	31.300	0.000	front	0.000	6	130.000	-220.143	2610.755	93	132	0
354	109.690	-300.000	2410.058	29.999	-300.000	2410.058	29.999	31.300	0.000	front	0.000	0	-130.000	-85.068	2388.596	96	128	0
354	109.690	-300.000	2410.058	29.999	-300.000	2410.058	29.999	31.300	0.000	front	0.000	1	-86.667	-107.581	2425.622	95	128	0
354	109.690	-300.000	2410.058	29.999	-300.000	2410.058	29.999	31.300	0.000	front	0.000	2	-43.333	-130.093	2462.649	95	129	0
354	109.690	-300.000	2410.058	29.999	-300.000	2410.058	29.999	31.300	0.000	front	0.000	3	0.000	-152.606	2499.676	94	130	0
354	109.690	-300.000	2410.058	29.999	-300.000	2410.058	29.999	31.300	0.000	front	0.000	4	43.333	-175.118	2536.702	94	131	0
354	109.690	-300.000	2410.058	29.999	-300.000	2410.058	29.999	31.300	0.000	front	0.000	5	86.667	-197.631	2573.729	94	131	0
354	109.690	-300.000	2410.058	29.999	-300.000	2410.058	29.999	31.300	0.000	front	0.000	6	130.000	-220.143	2610.755	93	132	0
354	109.690	-300.000	2410.058	29.999	-300.000	2410.058	29.999	31.300	0.000	front	0.000	0	-130.000	-85.068	2388.596	96	128	0
354	109.690	-300.000	2410.058	29.999	-300.000	2410.058	29.999	31.300	0.000	front	0.000	1	-86.667	-107.581	2425.622	95	128	0
354	109.690	-300.000	2410.058	29.999	-300.000	2410.058	29.999	31.300	0.000	front	0.000	2	-43.333	-130.093	2462.649	95	129	0
354	109.690	-300.000	2410.058	29.999	-300.000	2410.058	29.999	31.300	0.000	front	0.000	3	0.000	-152.606	2499.676	94	130	0
354	109.690	-300.000	2410.058	29.999	-300.000	2410.058	29.999	31.300	0.000	front	0.000	4	43.333	-175.118	2536.702	94	131	0
354	109.690	-300.000	2410.058	29.999	-300.000	2410.058	29.999	31.300	0.000	front	0.000	5	86.667	-197.631	2573.729	94	131	0
354	109.690	-300.000	2410.058	29.999	-300.000	2410.058	29.999	31.300	0.000	front	0.000	6	130.000	-220.143	2610.755	93	132	0
