step_idx	elapsed_s	status	reverse_active	path_reverse_active	stuck_detection_armed	planner_rebuilt	replan_attempted	raw_path_points	follow_path_points	active_path_points	raw_rover_x	raw_rover_y	raw_rover_z	raw_heading_deg	rover_x_cm	rover_y_cm	rover_z_cm	rover_heading_deg	raw_pose_delta	pose_delta_cm	telemetry_throttle	telemetry_steering	telemetry_speed	telemetry_brakes	telemetry_distance_traveled	distance_traveled_delta	moved_since_anchor_cm	stationary_elapsed_s	goal_x_cm	goal_y_cm	goal_dist_cm	target_x_cm	target_y_cm	rover_cell_x	rover_cell_y	target_cell_x	target_cell_y	waypoint_idx	waypoint_distance_cm	waypoint_distance_avg_cm	path_heading_error_deg	throttle_cmd	steering_cmd	new_lidar_obstacles	stuck_obstacles_added	obstacle_total
0	0.000	Running	0	0	0	0	0	0	649	649	-5664.000	-10080.101	1440.400	180.000	300.000	1179.980	39.996	-90.000	0.000	0.000	0.000	0.000	0.000	1	52.100	0.000	0.000	0.000	-3700.000	-2820.020	5656.854	-3.553	876.427	104	104	97	97	57	429.289	429.289	-45.000	18.000	-1.000	0	0	0
1	0.366	Running	0	0	0	0	0	0	649	649	-5664.000	-10080.101	1440.400	180.000	300.000	1179.980	39.996	-90.000	0.000	0.000	18.000	1.000	0.000	0	52.100	0.000	0.000	0.366	-3700.000	-2820.020	5656.854	-3.553	876.427	104	104	97	97	57	429.289	429.289	-45.000	18.000	-1.000	0	0	0
2	0.646	Running	0	0	0	0	0	0	649	649	-5664.000	-10080.101	1440.400	180.000	300.000	1179.980	39.996	-90.000	0.000	0.000	18.000	1.000	0.000	0	52.100	0.000	0.000	0.646	-3700.000	-2820.020	5656.854	-3.553	876.427	104	104	97	97	57	429.289	429.289	-45.000	18.000	-1.000	0	0	0
3	0.922	Running	0	0	0	0	0	0	649	649	-5664.000	-10080.101	1440.400	180.000	300.000	1179.980	39.996	-90.000	0.000	0.000	18.000	1.000	0.000	0	52.100	0.000	0.000	0.922	-3700.000	-2820.020	5656.854	-3.553	876.427	104	104	97	97	57	429.289	429.289	-45.000	18.000	-1.000	0	0	0
4	1.201	Running	0	0	0	0	0	0	649	649	-5664.000	-10080.101	1440.400	180.000	300.000	1179.980	39.996	-90.000	0.000	0.000	18.000	1.000	0.100	0	52.100	0.000	0.000	1.201	-3700.000	-2820.020	5656.854	-3.553	876.427	104	104	97	97	57	429.289	429.289	-45.000	18.000	-1.000	0	0	0
5	1.481	Running	0	0	0	0	0	0	649	649	-5664.000	-10080.101	1440.400	180.000	300.000	1179.980	39.996	-90.000	0.000	0.000	18.000	1.000	0.100	0	52.100	0.000	0.000	1.481	-3700.000	-2820.020	5656.854	-3.553	876.427	104	104	97	97	57	429.289	429.289	-45.000	18.000	-1.000	0	0	0
6	1.751	Running	0	0	0	0	0	0	649	649	-5664.000	-10080.101	1440.400	180.000	300.000	1179.980	39.996	-90.000	0.000	0.000	18.000	1.000	0.100	0	52.100	0.000	0.000	1.751	-3700.000	-2820.020	5656.854	-3.553	876.427	104	104	97	97	57	429.289	429.289	-45.000	18.000	-1.000	0	0	0
7	2.020	Running	0	0	0	0	0	0	649	649	-5664.000	-10080.101	1440.400	180.000	300.000	1179.980	39.996	-90.000	0.000	0.000	18.000	1.000	0.100	0	52.100	0.000	0.000	2.020	-3700.000	-2820.020	5656.854	-3.553	876.427	104	104	97	97	57	429.289	429.289	-45.000	18.000	-1.000	0	0	0
8	2.299	Running	0	0	1	0	0	0	649	649	-5664.000	-10080.101	1440.400	180.500	300.000	1179.980	39.996	-90.500	0.000	0.000	18.000	1.000	0.400	0	52.100	0.000	0.000	0.000	-3700.000	-2820.020	5656.854	-3.553	876.427	104	104	97	97	57	429.289	429.289	-44.500	18.000	-1.000	0	0	0
9	2.571	Running	0	0	1	0	0	0	649	649	-5664.000	-10080.101	1440.400	180.500	300.000	1179.980	39.996	-90.500	0.000	0.000	18.000	1.000	0.400	0	52.100	0.000	0.000	0.000	-3700.000	-2820.020	5656.854	-3.553	876.427	104	104	97	97	57	429.289	429.289	-44.500	18.000	-1.000	0	0	0
10	2.864	Running	0	0	1	0	0	0	649	649	-5664.000	-10080.101	1440.400	180.500	300.000	1179.980	39.996	-90.500	0.000	0.000	18.000	1.000	0.400	0	52.100	0.000	0.000	0.000	-3700.000	-2820.020	5656.854	-3.553	876.427	104	104	97	97	57	429.289	429.289	-44.500	18.000	-1.000	0	0	0
11	3.136	Running	0	0	1	0	0	0	649	642	-5664.000	-10080.200	1440.400	181.400	300.000	1170.020	39.996	-91.400	0.100	9.961	18.000	1.000	0.600	0	52.200	0.100	9.961	0.000	-3700.000	-2820.020	5649.815	-53.553	826.427	104	103	96	96	58	493.007	434.599	-47.168	18.000	-1.000	0	0	0
12	3.446	Running	0	0	1	0	0	0	649	642	-5664.000	-10080.200	1440.400	181.400	300.000	1170.020	39.996	-91.400	0.000	0.000	18.000	1.000	0.600	0	52.200	0.000	0.000	0.000	-3700.000	-2820.020	5649.815	-53.553	826.427	104	103	96	96	58	493.007	439.092	-47.168	18.000	-1.000	0	0	0
13	3.751	Running	0	0	1	0	0	0	649	642	-5664.000	-10080.200	1440.400	181.400	300.000	1170.020	39.996	-91.400	0.000	0.000	18.000	1.000	0.600	0	52.200	0.000	0.000	0.000	-3700.000	-2820.020	5649.815	-53.553	826.427	104	103	96	96	58	493.007	442.943	-47.168	18.000	-1.000	0	0	0
14	4.080	Running	0	0	1	0	0	0	649	642	-5664.000	-10080.200	1440.400	181.400	300.000	1170.020	39.996	-91.400	0.000	0.000	18.000	1.000	0.600	0	52.200	0.000	0.000	0.000	-3700.000	-2820.020	5649.815	-53.553	826.427	104	103	96	96	58	493.007	446.281	-47.168	18.000	-1.000	0	0	0
15	4.352	Running	0	0	1	0	0	0	649	641	-5664.000	-10080.300	1440.400	182.600	300.000	1160.058	39.996	-92.600	0.100	9.961	18.000	1.000	0.900	0	52.300	0.100	9.961	0.000	-3700.000	-2820.020	5642.785	-53.553	826.427	104	103	96	96	57	486.117	448.770	-49.976	18.000	-1.000	0	0	0
16	4.624	Running	0	0	1	0	0	0	649	641	-5664.000	-10080.300	1440.400	182.600	300.000	1160.058	39.996	-92.600	0.000	0.000	18.000	1.000	0.900	0	52.300	0.000	0.000	0.000	-3700.000	-2820.020	5642.785	-53.553	826.427	104	103	96	96	57	486.117	450.967	-49.976	18.000	-1.000	0	0	0
17	4.892	Running	0	0	1	0	0	0	649	641	-5664.000	-10080.300	1440.400	182.600	300.000	1160.058	39.996	-92.600	0.000	0.000	18.000	1.000	0.900	0	52.300	0.000	0.000	0.000	-3700.000	-2820.020	5642.785	-53.553	826.427	104	103	96	96	57	486.117	452.920	-49.976	18.000	-1.000	0	0	0
18	5.162	Running	0	0	1	0	0	0	649	639	-5664.100	-10080.400	1440.400	184.200	289.990	1150.000	39.996	-94.200	0.142	14.191	18.000	1.000	1.100	0	52.400	0.100	14.191	0.000	-3700.000	-2820.020	5628.595	-63.563	816.417	103	103	96	96	57	486.084	454.666	-48.397	18.000	-1.000	0	0	0
19	5.431	Running	0	0	1	0	0	0	649	639	-5664.100	-10080.400	1440.400	184.200	289.990	1150.000	39.996	-94.200	0.000	0.000	18.000	1.000	1.100	0	52.400	0.000	0.000	0.000	-3700.000	-2820.020	5628.595	-63.563	816.417	103	103	96	96	57	486.084	456.236	-48.397	18.000	-1.000	0	0	0
20	5.699	Running	0	0	1	0	0	0	649	639	-5664.100	-10080.400	1440.400	184.200	289.990	1150.000	39.996	-94.200	0.000	0.000	18.000	1.000	1.100	0	52.400	0.000	0.000	0.000	-3700.000	-2820.020	5628.595	-63.563	816.417	103	103	96	96	57	486.084	457.658	-48.397	18.000	-1.000	0	0	0
21	5.969	Running	0	0	1	0	0	0	649	639	-5664.100	-10080.400	1440.400	184.200	289.990	1150.000	39.996	-94.200	0.000	0.000	18.000	1.000	1.100	0	52.400	0.000	0.000	0.000	-3700.000	-2820.020	5628.595	-63.563	816.417	103	103	96	96	57	486.084	458.950	-48.397	18.000	-1.000	0	0	0
22	6.239	Running	0	0	1	0	0	0	649	639	-5664.100	-10080.500	1440.500	186.100	289.990	1140.039	49.994	-96.100	0.141	14.113	18.000	1.000	1.300	0	52.600	0.200	9.961	0.000	-3700.000	-2820.020	5621.573	-63.563	816.417	103	103	96	96	57	479.303	459.835	-50.987	18.000	-1.000	0	0	0
23	6.513	Running	0	0	1	0	0	0	649	639	-5664.100	-10080.500	1440.500	186.100	289.990	1140.039	49.994	-96.100	0.000	0.000	18.000	1.000	1.300	0	52.600	0.000	0.000	0.000	-3700.000	-2820.020	5621.573	-63.563	816.417	103	103	96	96	57	479.303	460.646	-50.987	18.000	-1.000	0	0	0
24	6.794	Running	0	0	1	0	0	0	649	639	-5664.100	-10080.500	1440.500	186.100	289.990	1140.039	49.994	-96.100	0.000	0.000	18.000	1.000	1.300	0	52.600	0.000	0.000	0.000	-3700.000	-2820.020	5621.573	-63.563	816.417	103	103	96	96	57	479.303	461.392	-50.987	18.000	-1.000	0	0	0
25	7.067	Running	0	0	1	0	0	0	649	639	-5664.100	-10080.500	1440.500	186.100	289.990	1140.039	49.994	-96.100	0.000	0.000	18.000	1.000	1.300	0	52.600	0.000	0.000	0.000	-3700.000	-2820.020	5621.573	-63.563	816.417	103	103	96	96	57	479.303	462.081	-50.987	18.000	-1.000	0	0	0
26	7.348	Running	0	0	1	0	0	0	649	636	-5664.200	-10080.700	1440.500	188.200	279.980	1120.020	49.994	-98.200	0.224	22.382	18.000	1.000	1.500	0	52.700	0.100	22.382	0.000	-3700.000	-2820.020	5600.371	-73.573	806.408	103	102	96	96	55	472.602	462.471	-53.908	18.000	-1.000	0	0	0
27	7.619	Running	0	0	1	0	0	0	649	636	-5664.200	-10080.700	1440.500	188.200	279.980	1120.020	49.994	-98.200	0.000	0.000	18.000	1.000	1.500	0	52.700	0.000	0.000	0.000	-3700.000	-2820.020	5600.371	-73.573	806.408	103	102	96	96	55	472.602	462.833	-53.908	18.000	-1.000	0	0	0
28	7.892	Running	0	0	1	0	0	0	649	636	-5664.200	-10080.700	1440.500	188.200	279.980	1120.020	49.994	-98.200	0.000	0.000	18.000	1.000	1.500	0	52.700	0.000	0.000	0.000	-3700.000	-2820.020	5600.371	-73.573	806.408	103	102	96	96	55	472.602	463.169	-53.908	18.000	-1.000	0	0	0
29	8.161	Running	0	0	1	0	0	0	649	634	-5664.300	-10080.900	1440.500	190.600	269.971	1100.000	49.994	-100.600	0.224	22.383	18.000	1.000	1.700	0	52.900	0.200	22.383	0.000	-3700.000	-2820.020	5579.177	-83.583	796.398	103	102	96	96	55	466.020	463.264	-57.042	18.000	-1.000	0	0	0
30	8.439	Running	0	0	1	0	0	0	649	634	-5664.300	-10080.900	1440.500	190.600	269.971	1100.000	49.994	-100.600	0.000	0.000	18.000	1.000	1.700	0	52.900	0.000	0.000	0.000	-3700.000	-2820.020	5579.177	-83.583	796.398	103	102	96	96	55	466.020	463.353	-57.042	18.000	-1.000	0	0	0
31	8.725	Running	0	0	1	0	0	0	649	634	-5664.300	-10080.900	1440.500	190.600	269.971	1100.000	49.994	-100.600	0.000	0.000	18.000	1.000	1.700	0	52.900	0.000	0.000	0.000	-3700.000	-2820.020	5579.177	-83.583	796.398	103	102	96	96	55	466.020	463.437	-57.042	18.000	-1.000	0	0	0
32	8.993	Running	0	0	1	0	0	0	649	634	-5664.300	-10080.900	1440.500	190.600	269.971	1100.000	49.994	-100.600	0.000	0.000	18.000	1.000	1.700	0	52.900	0.000	0.000	0.000	-3700.000	-2820.020	5579.177	-83.583	796.398	103	102	96	96	55	466.020	463.515	-57.042	18.000	-1.000	0	0	0
33	9.262	Running	0	0	1	0	0	0	649	631	-5664.400	-10081.101	1440.500	193.900	260.010	1079.980	49.994	-103.900	0.224	22.361	18.000	1.000	2.000	0	53.200	0.300	22.361	0.000	-3700.000	-2820.020	5558.028	-93.544	786.437	103	102	96	96	53	459.530	463.398	-59.781	18.000	-1.000	0	0	0
34	9.529	Running	0	0	1	0	0	0	649	631	-5664.400	-10081.101	1440.500	193.900	260.010	1079.980	49.994	-103.900	0.000	0.000	18.000	1.000	2.000	0	53.200	0.000	0.000	0.000	-3700.000	-2820.020	5558.028	-93.544	786.437	103	102	96	96	53	459.530	463.287	-59.781	18.000	-1.000	0	0	0
35	9.807	Running	0	0	1	0	0	0	649	631	-5664.400	-10081.101	1440.500	193.900	260.010	1079.980	49.994	-103.900	0.000	0.000	18.000	1.000	2.000	0	53.200	0.000	0.000	0.000	-3700.000	-2820.020	5558.028	-93.544	786.437	103	102	96	96	53	459.530	463.183	-59.781	18.000	-1.000	0	0	0
36	10.078	Running	0	0	1	0	0	0	649	631	-5664.400	-10081.101	1440.500	193.900	260.010	1079.980	49.994	-103.900	0.000	0.000	18.000	1.000	2.000	0	53.200	0.000	0.000	0.000	-3700.000	-2820.020	5558.028	-93.544	786.437	103	102	96	96	53	459.530	463.084	-59.781	18.000	-1.000	0	0	0
37	10.351	Running	0	0	1	0	0	0	649	628	-5664.600	-10081.300	1440.500	197.000	239.990	1060.058	49.994	-107.000	0.282	28.243	18.000	1.000	2.100	0	53.500	0.300	28.243	0.000	-3700.000	-2820.020	5529.786	-113.563	766.417	102	101	95	95	54	459.592	462.992	-56.620	18.000	-0.951	0	0	0
38	10.629	Running	0	0	1	0	0	0	649	628	-5664.600	-10081.300	1440.500	197.000	239.990	1060.058	49.994	-107.000	0.000	0.000	18.000	0.951	2.100	0	53.500	0.000	0.000	0.000	-3700.000	-2820.020	5529.786	-113.563	766.417	102	101	95	95	54	459.592	462.905	-56.620	18.000	-0.951	0	0	0
39	10.920	Running	0	0	1	0	0	0	649	628	-5664.600	-10081.300	1440.500	197.000	239.990	1060.058	49.994	-107.000	0.000	0.000	18.000	0.951	2.100	0	53.500	0.000	0.000	0.000	-3700.000	-2820.020	5529.786	-113.563	766.417	102	101	95	95	54	459.592	462.822	-56.620	18.000	-0.951	0	0	0
40	11.188	Running	0	0	1	0	0	0	649	626	-5664.700	-10081.500	1440.500	200.400	229.980	1040.039	49.994	-110.400	0.224	22.382	18.000	0.951	2.400	0	53.700	0.200	22.382	0.000	-3700.000	-2820.020	5508.611	-123.573	756.408	102	101	95	95	53	453.262	462.589	-59.620	18.899	-0.882	0	0	0
41	11.467	Running	0	0	1	0	0	0	649	626	-5664.700	-10081.500	1440.500	200.400	229.980	1040.039	49.994	-110.400	0.000	0.000	18.899	0.882	2.400	0	53.700	0.000	0.000	0.000	-3700.000	-2820.020	5508.611	-123.573	756.408	102	101	95	95	53	453.262	462.367	-59.620	18.899	-0.882	0	0	0
42	11.735	Running	0	0	1	0	0	0	649	626	-5664.700	-10081.500	1440.500	200.400	229.980	1040.039	49.994	-110.400	0.000	0.000	18.899	0.882	2.400	0	53.700	0.000	0.000	0.000	-3700.000	-2820.020	5508.611	-123.573	756.408	102	101	95	95	53	453.262	462.155	-59.620	18.899	-0.882	0	0	0
43	12.004	Running	0	0	1	0	0	0	649	626	-5664.700	-10081.500	1440.500	200.400	229.980	1040.039	49.994	-110.400	0.000	0.000	18.899	0.882	2.400	0	53.700	0.000	0.000	0.000	-3700.000	-2820.020	5508.611	-123.573	756.408	102	101	95	95	53	453.262	461.953	-59.620	18.899	-0.882	0	0	0
44	12.281	Running	0	0	1	0	0	0	649	622	-5664.900	-10081.800	1440.500	203.800	210.010	1010.058	49.994	-113.800	0.360	36.023	18.899	0.882	2.600	0	54.100	0.400	36.023	0.000	-3700.000	-2820.020	5473.360	-143.544	736.437	102	100	95	95	52	447.067	461.622	-62.881	23.546	-0.813	0	0	0
45	12.560	Running	0	0	1	0	0	0	649	622	-5664.900	-10081.800	1440.500	203.800	210.010	1010.058	49.994	-113.800	0.000	0.000	23.546	0.813	2.600	0	54.100	0.000	0.000	0.000	-3700.000	-2820.020	5473.360	-143.544	736.437	102	100	95	95	52	447.067	461.306	-62.881	23.546	-0.813	0	0	0
46	12.837	Running	0	0	1	0	0	0	649	622	-5664.900	-10081.800	1440.500	203.800	210.010	1010.058	49.994	-113.800	0.000	0.000	23.546	0.813	2.600	0	54.100	0.000	0.000	0.000	-3700.000	-2820.020	5473.360	-143.544	736.437	102	100	95	95	52	447.067	461.003	-62.881	23.546	-0.813	0	0	0
47	13.115	Running	0	0	1	0	0	0	649	622	-5664.900	-10081.800	1440.500	203.800	210.010	1010.058	49.994	-113.800	0.000	0.000	23.546	0.813	2.600	0	54.100	0.000	0.000	0.000	-3700.000	-2820.020	5473.360	-143.544	736.437	102	100	95	95	52	447.067	460.713	-62.881	23.546	-0.813	0	0	0
48	13.411	Running	0	0	1	0	0	0	649	617	-5665.200	-10082.101	1440.600	207.000	179.980	979.980	59.992	-117.000	0.437	43.662	23.546	0.813	3.000	0	54.400	0.300	42.502	0.000	-3700.000	-2820.020	5430.861	-173.573	706.408	101	100	94	94	52	447.037	460.434	-59.714	29.152	-0.722	0	0	0
49	13.686	Running	0	0	1	0	0	0	649	617	-5665.200	-10082.101	1440.600	207.000	179.980	979.980	59.992	-117.000	0.000	0.000	29.152	0.722	3.000	0	54.400	0.000	0.000	0.000	-3700.000	-2820.020	5430.861	-173.573	706.408	101	100	94	94	52	447.037	460.166	-59.714	29.152	-0.722	0	0	0
50	13.960	Running	0	0	1	0	0	0	649	617	-5665.200	-10082.101	1440.600	207.000	179.980	979.980	59.992	-117.000	0.000	0.000	29.152	0.722	3.000	0	54.400	0.000	0.000	0.000	-3700.000	-2820.020	5430.861	-173.573	706.408	101	100	94	94	52	447.037	459.908	-59.714	29.152	-0.722	0	0	0
51	14.243	Running	0	0	1	0	0	0	649	613	-5665.400	-10082.400	1440.600	210.000	160.010	950.000	59.992	-120.000	0.360	36.023	29.152	0.722	3.500	0	54.800	0.400	36.023	0.000	-3700.000	-2820.020	5395.621	-193.544	686.437	101	99	94	94	51	440.982	459.544	-63.465	30.000	-0.666	0	0	0
52	14.514	Running	0	0	1	0	0	0	649	613	-5665.400	-10082.400	1440.600	210.000	160.010	950.000	59.992	-120.000	0.000	0.000	30.000	0.666	3.500	0	54.800	0.000	0.000	0.000	-3700.000	-2820.020	5395.621	-193.544	686.437	101	99	94	94	51	440.982	459.194	-63.465	30.000	-0.666	0	0	0
53	14.789	Running	0	0	1	0	0	0	649	613	-5665.400	-10082.400	1440.600	210.000	160.010	950.000	59.992	-120.000	0.000	0.000	30.000	0.666	3.500	0	54.800	0.000	0.000	0.000	-3700.000	-2820.020	5395.621	-193.544	686.437	101	99	94	94	51	440.982	458.857	-63.465	30.000	-0.666	0	0	0
54	15.065	Running	0	0	1	0	0	0	649	613	-5665.400	-10082.400	1440.600	210.000	160.010	950.000	59.992	-120.000	0.000	0.000	30.000	0.666	3.500	0	54.800	0.000	0.000	0.000	-3700.000	-2820.020	5395.621	-193.544	686.437	101	99	94	94	51	440.982	458.532	-63.465	30.000	-0.666	0	0	0
55	15.342	Running	0	0	1	0	0	0	649	608	-5665.700	-10082.700	1440.600	212.700	129.980	920.020	59.992	-122.700	0.424	42.433	30.000	0.666	4.400	0	55.300	0.500	42.433	0.000	-3700.000	-2820.020	5353.190	-223.573	656.408	100	98	93	93	51	441.012	458.219	-60.732	30.000	-0.588	0	0	0
56	15.611	Running	0	0	1	0	0	0	649	608	-5665.700	-10082.700	1440.600	212.700	129.980	920.020	59.992	-122.700	0.000	0.000	30.000	0.588	4.400	0	55.300	0.000	0.000	0.000	-3700.000	-2820.020	5353.190	-223.573	656.408	100	98	93	93	51	441.012	457.917	-60.732	30.000	-0.588	0	0	0
57	15.901	Running	0	0	1	0	0	0	649	608	-5665.700	-10082.700	1440.600	212.700	129.980	920.020	59.992	-122.700	0.000	0.000	30.000	0.588	4.400	0	55.300	0.000	0.000	0.000	-3700.000	-2820.020	5353.190	-223.573	656.408	100	98	93	93	51	441.012	457.626	-60.732	30.000	-0.588	0	0	0
58	16.174	Running	0	0	1	0	0	0	649	601	-5666.100	-10083.200	1440.600	215.800	89.990	870.020	59.992	-125.800	0.640	64.025	30.000	0.588	5.500	0	55.900	0.600	64.025	0.000	-3700.000	-2820.020	5289.652	-263.563	616.417	99	97	92	92	51	435.102	457.244	-64.289	30.000	-0.530	0	0	0
59	16.492	Running	0	0	1	0	0	0	649	601	-5666.100	-10083.200	1440.600	215.800	89.990	870.020	59.992	-125.800	0.000	0.000	30.000	0.530	5.500	0	55.900	0.000	0.000	0.000	-3700.000	-2820.020	5289.652	-263.563	616.417	99	97	92	92	51	435.102	456.875	-64.289	30.000	-0.530	0	0	0
60	16.759	Running	0	0	1	0	0	0	649	601	-5666.100	-10083.200	1440.600	215.800	89.990	870.020	59.992	-125.800	0.000	0.000	30.000	0.530	5.500	0	55.900	0.000	0.000	0.000	-3700.000	-2820.020	5289.652	-263.563	616.417	99	97	92	92	51	435.102	456.518	-64.289	30.000	-0.530	0	0	0
61	17.025	Running	0	0	1	0	0	0	649	601	-5666.100	-10083.200	1440.600	215.800	89.990	870.020	59.992	-125.800	0.000	0.000	30.000	0.530	5.500	0	55.900	0.000	0.000	0.000	-3700.000	-2820.020	5289.652	-263.563	616.417	99	97	92	92	51	435.102	456.172	-64.289	30.000	-0.530	0	0	0
62	17.297	Running	0	0	1	0	0	0	649	594	-5666.500	-10083.700	1440.700	218.600	50.000	820.020	70.001	-128.600	0.648	64.803	30.000	0.530	6.700	0	56.500	0.600	64.025	0.000	-3700.000	-2820.020	5226.125	-303.553	576.427	99	96	91	91	50	429.345	455.747	-67.884	30.000	-0.481	0	0	0
63	17.570	Running	0	0	1	0	0	0	649	594	-5666.500	-10083.700	1440.700	218.600	50.000	820.020	70.001	-128.600	0.000	0.000	30.000	0.481	6.700	0	56.500	0.000	0.000	0.000	-3700.000	-2820.020	5226.125	-303.553	576.427	99	96	91	91	50	429.345	455.334	-67.884	30.000	-0.481	0	0	0
64	17.845	Running	0	0	1	0	0	0	649	594	-5666.500	-10083.700	1440.700	218.600	50.000	820.020	70.001	-128.600	0.000	0.000	30.000	0.481	6.700	0	56.500	0.000	0.000	0.000	-3700.000	-2820.020	5226.125	-303.553	576.427	99	96	91	91	50	429.345	454.934	-67.884	30.000	-0.481	0	0	0
65	18.113	Running	0	0	1	0	0	0	649	585	-5667.100	-10084.200	1440.700	221.000	-10.010	770.020	70.001	-131.000	0.781	78.110	30.000	0.481	8.000	0	57.300	0.800	78.110	0.000	-3700.000	-2820.020	5148.243	-363.563	516.417	97	95	90	90	51	435.102	454.634	-59.089	30.000	-0.381	0	0	0
66	18.412	Running	0	0	1	0	0	0	649	585	-5667.100	-10084.200	1440.700	221.000	-10.010	770.020	70.001	-131.000	0.000	0.000	30.000	0.381	8.000	0	57.300	0.000	0.000	0.000	-3700.000	-2820.020	5148.243	-363.563	516.417	97	95	90	90	51	435.102	454.342	-59.089	30.000	-0.381	0	0	0
67	18.690	Running	0	0	1	0	0	0	649	585	-5667.100	-10084.200	1440.700	221.000	-10.010	770.020	70.001	-131.000	0.000	0.000	30.000	0.381	8.000	0	57.300	0.000	0.000	0.000	-3700.000	-2820.020	5148.243	-363.563	516.417	97	95	90	90	51	435.102	454.059	-59.089	30.000	-0.381	0	0	0
68	18.959	Running	0	0	1	0	0	0	649	585	-5667.100	-10084.200	1440.700	221.000	-10.010	770.020	70.001	-131.000	0.000	0.000	30.000	0.381	8.000	0	57.300	0.000	0.000	0.000	-3700.000	-2820.020	5148.243	-363.563	516.417	97	95	90	90	51	435.102	453.785	-59.089	30.000	-0.381	0	0	0
69	19.236	Obstacle hits: +1	0	0	1	0	1	82	618	618	-5667.600	-10084.700	1440.800	224.800	-60.010	720.020	79.999	-134.800	0.714	71.414	30.000	0.381	-0.500	0	58.100	0.800	70.711	0.000	-3700.000	-2820.020	5077.539	-491.396	904.980	96	94	88	98	51	469.366	454.007	-85.906	18.000	-1.000	1	0	1
70	19.557	Running	0	0	1	0	0	0	618	618	-5667.600	-10084.700	1440.800	224.800	-60.010	720.020	79.999	-134.800	0.000	0.000	18.000	1.000	-0.500	0	58.100	0.000	0.000	0.000	-3700.000	-2820.020	5077.539	-491.396	904.980	96	94	88	98	51	469.366	454.224	-85.906	18.000	-1.000	0	0	1
71	19.872	Running	0	0	1	0	0	0	618	618	-5667.600	-10084.700	1440.800	224.800	-60.010	720.020	79.999	-134.800	0.000	0.000	18.000	1.000	-0.500	0	58.100	0.000	0.000	0.000	-3700.000	-2820.020	5077.539	-491.396	904.980	96	94	88	98	51	469.366	454.434	-85.906	18.000	-1.000	0	0	1
72	20.142	Running	0	0	1	0	0	0	618	619	-5667.600	-10084.601	1440.800	220.800	-60.010	729.980	79.999	-130.800	0.100	9.961	18.000	1.000	-0.500	0	58.300	0.200	9.961	0.000	-3700.000	-2820.020	5084.489	-490.341	904.980	96	95	88	98	52	464.554	454.572	-86.064	18.000	-1.000	0	0	1
73	20.433	Obstacle hits: +1	0	0	1	0	1	83	619	619	-5667.600	-10084.601	1440.800	220.800	-60.010	729.980	79.999	-130.800	0.000	0.000	18.000	1.000	-0.500	0	58.300	0.000	0.000	0.000	-3700.000	-2820.020	5084.489	-484.486	904.980	96	95	88	98	51	459.136	454.634	-95.886	18.000	-1.000	1	0	2
74	20.729	Running	0	0	1	0	0	0	619	619	-5667.600	-10084.601	1440.800	220.800	-60.010	729.980	79.999	-130.800	0.000	0.000	18.000	1.000	-0.500	0	58.300	0.000	0.000	0.000	-3700.000	-2820.020	5084.489	-484.486	904.980	96	95	88	98	51	459.136	454.694	-95.886	18.000	-1.000	0	0	2
75	20.998	Running	0	0	1	0	0	0	619	619	-5667.600	-10084.601	1440.800	220.800	-60.010	729.980	79.999	-130.800	0.000	0.000	18.000	1.000	-0.500	0	58.300	0.000	0.000	0.000	-3700.000	-2820.020	5084.489	-484.486	904.980	96	95	88	98	51	459.136	454.753	-95.886	18.000	-1.000	0	0	2
76	21.264	Running	0	0	1	0	0	0	619	620	-5667.700	-10084.601	1440.800	220.900	-70.020	729.980	79.999	-130.900	0.100	10.010	18.000	1.000	0.000	0	58.300	0.000	10.010	0.000	-3700.000	-2820.020	5077.328	-484.070	904.980	96	95	88	98	52	449.514	454.685	-99.483	18.000	-1.000	0	0	2
77	21.533	Running	0	0	1	0	0	0	619	620	-5667.700	-10084.601	1440.800	220.900	-70.020	729.980	79.999	-130.900	0.000	0.000	18.000	1.000	0.000	0	58.300	0.000	0.000	0.268	-3700.000	-2820.020	5077.328	-484.070	904.980	96	95	88	98	52	449.514	454.618	-99.483	18.000	-1.000	0	0	2
78	21.807	Running	0	0	1	0	0	0	619	620	-5667.700	-10084.601	1440.800	220.900	-70.020	729.980	79.999	-130.900	0.000	0.000	18.000	1.000	0.000	0	58.300	0.000	0.000	0.543	-3700.000	-2820.020	5077.328	-484.070	904.980	96	95	88	98	52	449.514	454.554	-99.483	18.000	-1.000	0	0	2
79	22.080	Running	0	0	1	0	0	0	619	620	-5667.700	-10084.601	1440.800	220.900	-70.020	729.980	79.999	-130.900	0.000	0.000	18.000	1.000	0.000	0	58.300	0.000	0.000	0.816	-3700.000	-2820.020	5077.328	-484.070	904.980	96	95	88	98	52	449.514	454.491	-99.483	18.000	-1.000	0	0	2
80	22.355	Running	0	0	1	0	0	0	619	620	-5667.700	-10084.601	1440.800	221.200	-70.020	729.980	79.999	-131.200	0.000	0.000	18.000	1.000	0.400	0	58.400	0.100	0.000	0.000	-3700.000	-2820.020	5077.328	-484.070	904.980	96	95	88	98	52	449.514	454.429	-99.183	18.000	-1.000	0	0	2
81	22.625	Running	0	0	1	0	0	0	619	620	-5667.700	-10084.601	1440.800	221.200	-70.020	729.980	79.999	-131.200	0.000	0.000	18.000	1.000	0.400	0	58.400	0.000	0.000	0.000	-3700.000	-2820.020	5077.328	-484.070	904.980	96	95	88	98	52	449.514	454.369	-99.183	18.000	-1.000	0	0	2
82	22.897	Running	0	0	1	0	0	0	619	620	-5667.700	-10084.601	1440.800	221.200	-70.020	729.980	79.999	-131.200	0.000	0.000	18.000	1.000	0.400	0	58.400	0.000	0.000	0.000	-3700.000	-2820.020	5077.328	-484.070	904.980	96	95	88	98	52	449.514	454.311	-99.183	18.000	-1.000	0	0	2
83	23.169	Obstacle hits: +1	0	0	1	0	1	95	657	657	-5667.700	-10084.601	1440.800	222.200	-70.020	729.980	79.999	-132.200	0.000	0.000	18.000	1.000	0.700	0	58.500	0.100	0.000	0.000	-3700.000	-2820.020	5077.328	-329.218	1004.980	96	95	91	100	52	377.901	453.401	-136.170	18.000	-1.000	1	0	3
84	23.504	Obstacle hits: +1	0	0	1	0	0	0	657	657	-5667.700	-10084.601	1440.800	222.200	-70.020	729.980	79.999	-132.200	0.000	0.000	18.000	1.000	0.700	0	58.500	0.000	0.000	0.000	-3700.000	-2820.020	5077.328	-329.218	1004.980	96	95	91	100	52	377.901	452.513	-136.170	18.000	-1.000	1	0	4
85	23.860	Running	0	0	1	0	0	0	657	657	-5667.700	-10084.601	1440.800	222.200	-70.020	729.980	79.999	-132.200	0.000	0.000	18.000	1.000	0.700	0	58.500	0.000	0.000	0.000	-3700.000	-2820.020	5077.328	-329.218	1004.980	96	95	91	100	52	377.901	451.645	-136.170	18.000	-1.000	0	0	4
86	24.150	Obstacle hits: +2	0	1	1	0	1	99	687	687	-5667.800	-10084.601	1440.800	222.500	-80.029	729.980	79.999	-132.500	0.100	10.010	18.000	1.000	0.000	0	58.500	0.000	10.010	0.000	-3700.000	-2820.020	5070.176	-49.885	1004.980	96	95	97	100	52	276.647	449.634	-179.841	-18.000	1.000	2	0	6
87	24.498	Running: path-reverse	0	1	1	0	0	0	687	687	-5667.800	-10084.601	1440.800	222.500	-80.029	729.980	79.999	-132.500	0.000	0.000	-18.000	-1.000	0.000	0	58.500	0.000	0.000	0.349	-3700.000	-2820.020	5070.176	-49.885	1004.980	96	95	97	100	52	276.647	447.668	-179.841	-18.000	1.000	0	0	6
88	24.820	Running: path-reverse	0	1	1	0	0	0	687	687	-5667.800	-10084.601	1440.800	222.500	-80.029	729.980	79.999	-132.500	0.000	0.000	-18.000	-1.000	0.000	0	58.500	0.000	0.000	0.671	-3700.000	-2820.020	5070.176	-49.885	1004.980	96	95	97	100	52	276.647	445.746	-179.841	-18.000	1.000	0	0	6
89	25.098	Running: path-reverse	0	1	1	0	0	0	687	687	-5667.800	-10084.601	1440.800	222.500	-80.029	729.980	79.999	-132.500	0.000	0.000	-18.000	-1.000	0.000	0	58.500	0.000	0.000	0.948	-3700.000	-2820.020	5070.176	-49.885	1004.980	96	95	97	100	52	276.647	443.868	-179.841	-18.000	1.000	0	0	6
90	25.374	Running: path-reverse	0	1	1	0	0	0	687	687	-5667.800	-10084.601	1440.800	222.400	-80.029	729.980	79.999	-132.400	0.000	0.000	-18.000	-1.000	0.000	0	58.500	0.000	0.000	1.225	-3700.000	-2820.020	5070.176	-49.885	1004.980	96	95	97	100	52	276.647	442.030	-179.941	-18.000	1.000	0	0	6
91	25.647	Running: path-reverse	0	1	1	0	0	0	687	687	-5667.800	-10084.601	1440.800	222.400	-80.029	729.980	79.999	-132.400	0.000	0.000	-18.000	-1.000	0.000	0	58.500	0.000	0.000	1.497	-3700.000	-2820.020	5070.176	-49.885	1004.980	96	95	97	100	52	276.647	440.232	-179.941	-18.000	1.000	0	0	6
92	25.932	Running: path-reverse	0	1	1	0	0	0	687	687	-5667.800	-10084.601	1440.800	222.400	-80.029	729.980	79.999	-132.400	0.000	0.000	-18.000	-1.000	0.000	0	58.500	0.000	0.000	1.782	-3700.000	-2820.020	5070.176	-49.885	1004.980	96	95	97	100	52	276.647	438.473	-179.941	-18.000	1.000	0	0	6
93	26.202	Obstacle hits: +1	0	1	1	0	1	99	686	686	-5667.700	-10084.601	1440.800	222.500	-70.020	729.980	79.999	-132.500	0.100	10.010	-18.000	-1.000	-0.200	0	58.600	0.100	10.010	0.000	-3700.000	-2820.020	5077.328	-56.535	1004.980	96	95	96	100	52	275.330	436.738	-178.417	-18.000	1.000	1	0	7
94	26.538	Running: path-reverse	0	1	1	0	0	0	686	686	-5667.700	-10084.601	1440.800	222.500	-70.020	729.980	79.999	-132.500	0.000	0.000	-18.000	-1.000	-0.200	0	58.600	0.000	0.000	0.000	-3700.000	-2820.020	5077.328	-56.535	1004.980	96	95	96	100	52	275.330	435.039	-178.417	-18.000	1.000	0	0	7
95	26.810	Running: path-reverse	0	1	1	0	0	0	686	686	-5667.700	-10084.601	1440.800	222.500	-70.020	729.980	79.999	-132.500	0.000	0.000	-18.000	-1.000	-0.200	0	58.600	0.000	0.000	0.000	-3700.000	-2820.020	5077.328	-56.535	1004.980	96	95	96	100	52	275.330	433.375	-178.417	-18.000	1.000	0	0	7
96	27.079	Running: path-reverse	0	1	1	0	0	0	686	686	-5667.700	-10084.601	1440.800	222.500	-70.020	729.980	79.999	-132.500	0.000	0.000	-18.000	-1.000	-0.200	0	58.600	0.000	0.000	0.000	-3700.000	-2820.020	5077.328	-56.535	1004.980	96	95	96	100	52	275.330	431.746	-178.417	-18.000	1.000	0	0	7
97	27.356	Obstacle hits: +3	0	1	1	0	1	98	696	696	-5667.700	-10084.500	1440.800	223.100	-70.020	740.039	79.999	-133.100	0.101	10.059	-18.000	-1.000	-0.500	0	58.600	0.000	10.059	0.000	-3700.000	-2820.020	5084.366	275.000	822.338	96	95	103	96	53	354.699	430.960	174.359	-18.000	-1.000	3	0	10
98	27.701	Running: path-reverse	0	1	1	0	0	0	696	696	-5667.700	-10084.500	1440.800	223.100	-70.020	740.039	79.999	-133.100	0.000	0.000	-18.000	1.000	-0.500	0	58.600	0.000	0.000	0.000	-3700.000	-2820.020	5084.366	275.000	822.338	96	95	103	96	53	354.699	430.189	174.359	-18.000	-1.000	0	0	10
99	28.032	Running: path-reverse	0	1	1	0	0	0	696	696	-5667.700	-10084.500	1440.800	223.100	-70.020	740.039	79.999	-133.100	0.000	0.000	-18.000	1.000	-0.500	0	58.600	0.000	0.000	0.000	-3700.000	-2820.020	5084.366	275.000	822.338	96	95	103	96	53	354.699	429.434	174.359	-18.000	-1.000	0	0	10
100	28.317	Obstacle hits: +2	0	1	1	0	1	100	701	701	-5667.700	-10084.500	1440.800	224.300	-70.020	740.039	79.999	-134.300	0.000	0.000	-18.000	1.000	-0.800	0	58.700	0.100	0.000	0.000	-3700.000	-2820.020	5084.366	56.583	1054.980	96	95	99	101	52	339.435	428.543	-178.463	-18.000	1.000	2	0	12
101	28.694	Running: path-reverse	0	1	1	0	0	0	701	701	-5667.700	-10084.500	1440.800	224.300	-70.020	740.039	79.999	-134.300	0.000	0.000	-18.000	-1.000	-0.800	0	58.700	0.000	0.000	0.000	-3700.000	-2820.020	5084.366	56.583	1054.980	96	95	99	101	52	339.435	427.670	-178.463	-18.000	1.000	0	0	12
102	28.986	Running: path-reverse	0	1	1	0	0	0	701	701	-5667.700	-10084.500	1440.800	224.300	-70.020	740.039	79.999	-134.300	0.000	0.000	-18.000	-1.000	-0.800	0	58.700	0.000	0.000	0.000	-3700.000	-2820.020	5084.366	56.583	1054.980	96	95	99	101	52	339.435	426.813	-178.463	-18.000	1.000	0	0	12
103	29.260	Obstacle hits: +1	0	1	1	0	1	100	699	699	-5667.600	-10084.400	1440.800	224.900	-60.010	750.000	79.999	-134.900	0.141	14.121	-18.000	-1.000	-1.100	0	58.800	0.100	14.121	0.000	-3700.000	-2820.020	5098.487	42.474	1054.980	96	95	98	101	52	321.739	425.803	-177.766	-18.000	1.000	1	0	13
104	29.611	Running: path-reverse	0	1	1	0	0	0	699	699	-5667.600	-10084.400	1440.800	224.900	-60.010	750.000	79.999	-134.900	0.000	0.000	-18.000	-1.000	-1.100	0	58.800	0.000	0.000	0.000	-3700.000	-2820.020	5098.487	42.474	1054.980	96	95	98	101	52	321.739	424.812	-177.766	-18.000	1.000	0	0	13
105	29.889	Running: path-reverse	0	1	1	0	0	0	699	699	-5667.600	-10084.400	1440.800	224.900	-60.010	750.000	79.999	-134.900	0.000	0.000	-18.000	-1.000	-1.100	0	58.800	0.000	0.000	0.000	-3700.000	-2820.020	5098.487	42.474	1054.980	96	95	98	101	52	321.739	423.839	-177.766	-18.000	1.000	0	0	13
106	30.163	Running: path-reverse	0	1	1	0	0	0	699	699	-5667.600	-10084.400	1440.800	224.900	-60.010	750.000	79.999	-134.900	0.000	0.000	-18.000	-1.000	-1.100	0	58.800	0.000	0.000	0.000	-3700.000	-2820.020	5098.487	42.474	1054.980	96	95	98	101	52	321.739	422.885	-177.766	-18.000	1.000	0	0	13
107	30.438	Obstacle hits: +1	0	1	1	0	1	97	687	687	-5667.500	-10084.300	1440.800	224.700	-50.000	760.058	79.999	-134.700	0.142	14.191	-18.000	-1.000	-1.300	0	59.000	0.200	14.191	0.000	-3700.000	-2820.020	5112.676	275.000	736.540	97	95	103	95	52	325.850	421.987	162.489	-18.000	-1.000	1	0	14
108	30.895	Running: path-reverse	0	1	1	0	0	0	687	687	-5667.500	-10084.300	1440.800	224.700	-50.000	760.058	79.999	-134.700	0.000	0.000	-18.000	1.000	-1.300	0	59.000	0.000	0.000	0.000	-3700.000	-2820.020	5112.676	275.000	736.540	97	95	103	95	52	325.850	421.105	162.489	-18.000	-1.000	0	0	14
109	31.240	Obstacle hits: +1	0	1	1	0	1	99	700	700	-5667.400	-10084.101	1440.800	226.400	-39.990	779.980	79.999	-136.400	0.223	22.295	-18.000	1.000	-1.400	0	59.200	0.200	22.295	0.000	-3700.000	-2820.020	5133.778	273.146	856.834	97	96	103	97	53	322.430	420.208	-177.297	-18.000	-1.000	1	0	15
110	31.587	Running: path-reverse	0	1	1	0	0	0	700	700	-5667.400	-10084.101	1440.800	226.400	-39.990	779.980	79.999	-136.400	0.000	0.000	-18.000	1.000	-1.400	0	59.200	0.000	0.000	0.000	-3700.000	-2820.020	5133.778	273.146	856.834	97	96	103	97	53	322.430	419.327	-177.297	-18.000	-1.000	0	0	15
111	31.909	Running: path-reverse	0	1	1	0	0	0	700	700	-5667.400	-10084.101	1440.800	226.400	-39.990	779.980	79.999	-136.400	0.000	0.000	-18.000	1.000	-1.400	0	59.200	0.000	0.000	0.000	-3700.000	-2820.020	5133.778	273.146	856.834	97	96	103	97	53	322.430	418.462	-177.297	-18.000	-1.000	0	0	15
112	32.181	Running: path-reverse	0	1	1	0	0	0	700	700	-5667.400	-10084.101	1440.800	226.400	-39.990	779.980	79.999	-136.400	0.000	0.000	-18.000	1.000	-1.400	0	59.200	0.000	0.000	0.000	-3700.000	-2820.020	5133.778	273.146	856.834	97	96	103	97	53	322.430	417.612	-177.297	-18.000	-1.000	0	0	15
113	32.456	Obstacle hits: +1	0	1	1	0	1	99	697	697	-5667.300	-10083.900	1440.700	228.100	-30.029	800.000	70.001	-138.100	0.245	24.494	-18.000	1.000	-1.800	0	59.400	0.200	22.361	0.000	-3700.000	-2820.020	5154.923	275.000	836.322	97	96	103	97	52	307.184	416.643	-176.907	-18.000	-1.000	1	0	16
114	32.808	Running: path-reverse	0	1	1	0	0	0	697	697	-5667.300	-10083.900	1440.700	228.100	-30.029	800.000	70.001	-138.100	0.000	0.000	-18.000	1.000	-1.800	0	59.400	0.000	0.000	0.000	-3700.000	-2820.020	5154.923	275.000	836.322	97	96	103	97	52	307.184	415.691	-176.907	-18.000	-1.000	0	0	16
115	33.123	Running: path-reverse	0	1	1	0	0	0	697	697	-5667.300	-10083.900	1440.700	228.100	-30.029	800.000	70.001	-138.100	0.000	0.000	-18.000	1.000	-1.800	0	59.400	0.000	0.000	0.000	-3700.000	-2820.020	5154.923	275.000	836.322	97	96	103	97	52	307.184	414.756	-176.907	-18.000	-1.000	0	0	16
116	33.401	Obstacle hits: +1	0	1	1	0	1	97	681	681	-5667.100	-10083.800	1440.700	226.400	-10.010	810.058	70.001	-136.400	0.224	22.404	-18.000	1.000	-1.800	0	59.600	0.200	22.404	0.000	-3700.000	-2820.020	5176.243	275.000	679.147	97	96	103	93	52	313.637	413.892	158.394	-18.000	-1.000	1	0	17
117	33.823	Running: path-reverse	0	1	1	0	0	0	681	681	-5667.100	-10083.800	1440.700	226.400	-10.010	810.058	70.001	-136.400	0.000	0.000	-18.000	1.000	-1.800	0	59.600	0.000	0.000	0.000	-3700.000	-2820.020	5176.243	275.000	679.147	97	96	103	93	52	313.637	413.042	158.394	-18.000	-1.000	0	0	17
118	34.101	Obstacle hits: +2	0	1	1	0	1	97	678	678	-5666.800	-10083.700	1440.700	223.100	19.971	820.020	70.001	-133.100	0.316	31.592	-18.000	1.000	-2.000	0	59.900	0.300	31.592	0.000	-3700.000	-2820.020	5204.620	275.000	647.627	98	96	103	93	52	307.830	412.158	155.608	-18.000	-1.000	2	0	19
119	34.473	Running: path-reverse	0	1	1	0	0	0	678	678	-5666.800	-10083.700	1440.700	223.100	19.971	820.020	70.001	-133.100	0.000	0.000	-18.000	1.000	-2.000	0	59.900	0.000	0.000	0.000	-3700.000	-2820.020	5204.620	275.000	647.627	98	96	103	93	52	307.830	411.288	155.608	-18.000	-1.000	0	0	19
120	34.776	Running: path-reverse	0	1	1	0	0	0	678	678	-5666.800	-10083.700	1440.700	223.100	19.971	820.020	70.001	-133.100	0.000	0.000	-18.000	1.000	-2.000	0	59.900	0.000	0.000	0.000	-3700.000	-2820.020	5204.620	275.000	647.627	98	96	103	93	52	307.830	410.433	155.608	-18.000	-1.000	0	0	19
121	35.077	Running: path-reverse	0	1	1	0	0	0	678	678	-5666.800	-10083.700	1440.700	223.100	19.971	820.020	70.001	-133.100	0.000	0.000	-18.000	1.000	-2.000	0	59.900	0.000	0.000	0.000	-3700.000	-2820.020	5204.620	275.000	647.627	98	96	103	93	52	307.830	409.592	155.608	-18.000	-1.000	0	0	19
122	35.361	Obstacle hits: +2	0	1	1	0	1	101	700	700	-5666.600	-10083.500	1440.700	219.600	39.990	840.039	70.001	-129.600	0.283	28.312	-18.000	1.000	-2.200	0	60.200	0.300	28.312	0.000	-3700.000	-2820.020	5232.930	325.000	794.261	98	97	104	96	53	288.663	408.609	171.318	-18.000	-1.000	2	0	21
123	35.714	Running: path-reverse	0	1	1	0	0	0	700	700	-5666.600	-10083.500	1440.700	219.600	39.990	840.039	70.001	-129.600	0.000	0.000	-18.000	1.000	-2.200	0	60.200	0.000	0.000	0.000	-3700.000	-2820.020	5232.930	325.000	794.261	98	97	104	96	53	288.663	407.642	171.318	-18.000	-1.000	0	0	21
124	36.010	Running: path-reverse	0	1	1	0	0	0	700	700	-5666.600	-10083.500	1440.700	219.600	39.990	840.039	70.001	-129.600	0.000	0.000	-18.000	1.000	-2.200	0	60.200	0.000	0.000	0.000	-3700.000	-2820.020	5232.930	325.000	794.261	98	97	104	96	53	288.663	406.690	171.318	-18.000	-1.000	0	0	21
125	36.287	Obstacle hits: +2	0	1	1	0	1	101	698	698	-5666.400	-10083.400	1440.700	216.000	60.010	850.000	70.001	-126.000	0.224	22.361	-18.000	1.000	-2.400	0	60.500	0.300	22.361	0.000	-3700.000	-2820.020	5254.209	325.000	772.766	99	97	104	95	53	276.016	405.653	169.208	-18.000	-1.000	2	0	23
126	36.635	Running: path-reverse	0	1	1	0	0	0	698	698	-5666.400	-10083.400	1440.700	216.000	60.010	850.000	70.001	-126.000	0.000	0.000	-18.000	1.000	-2.400	0	60.500	0.000	0.000	0.000	-3700.000	-2820.020	5254.209	325.000	772.766	99	97	104	95	53	276.016	404.632	169.208	-18.000	-1.000	0	0	23
127	36.966	Running: path-reverse	0	1	1	0	0	0	698	698	-5666.400	-10083.400	1440.700	216.000	60.010	850.000	70.001	-126.000	0.000	0.000	-18.000	1.000	-2.400	0	60.500	0.000	0.000	0.000	-3700.000	-2820.020	5254.209	325.000	772.766	99	97	104	95	53	276.016	403.627	169.208	-18.000	-1.000	0	0	23
128	37.251	Obstacle hits: +3	0	1	1	0	1	104	701	701	-5666.100	-10083.200	1440.700	211.900	89.990	870.020	70.001	-121.900	0.361	36.050	-18.000	1.000	-2.600	0	60.800	0.300	36.050	0.000	-3700.000	-2820.020	5289.652	-13.391	1104.980	99	97	97	102	52	256.699	402.488	166.890	-18.000	1.000	3	0	26
129	37.596	Running: path-reverse	0	1	1	0	0	0	701	701	-5666.100	-10083.200	1440.700	211.900	89.990	870.020	70.001	-121.900	0.000	0.000	-18.000	-1.000	-2.600	0	60.800	0.000	0.000	0.000	-3700.000	-2820.020	5289.652	-13.391	1104.980	99	97	97	102	52	256.699	401.367	166.890	-18.000	1.000	0	0	26
130	37.944	Running: path-reverse	0	1	1	0	0	0	701	701	-5666.100	-10083.200	1440.700	211.900	89.990	870.020	70.001	-121.900	0.000	0.000	-18.000	-1.000	-2.600	0	60.800	0.000	0.000	0.000	-3700.000	-2820.020	5289.652	-13.391	1104.980	99	97	97	102	52	256.699	400.263	166.890	-18.000	1.000	0	0	26
131	38.219	Obstacle hits: +1	0	1	1	0	1	104	696	696	-5665.800	-10082.900	1440.600	208.100	119.971	900.000	59.992	-118.100	0.436	43.564	-18.000	-1.000	-2.900	0	61.200	0.400	42.399	0.000	-3700.000	-2820.020	5332.047	-55.790	1104.980	100	98	96	102	52	270.016	399.276	163.087	-18.000	1.000	1	0	27
132	38.602	Running: path-reverse	0	1	1	0	0	0	696	696	-5665.800	-10082.900	1440.600	208.100	119.971	900.000	59.992	-118.100	0.000	0.000	-18.000	-1.000	-2.900	0	61.200	0.000	0.000	0.000	-3700.000	-2820.020	5332.047	-55.790	1104.980	100	98	96	102	52	270.016	398.304	163.087	-18.000	1.000	0	0	27
133	38.961	Running: path-reverse	0	1	1	0	0	0	696	696	-5665.800	-10082.900	1440.600	208.100	119.971	900.000	59.992	-118.100	0.000	0.000	-18.000	-1.000	-2.900	0	61.200	0.000	0.000	0.000	-3700.000	-2820.020	5332.047	-55.790	1104.980	100	98	96	102	52	270.016	397.347	163.087	-18.000	1.000	0	0	27
134	39.270	Running: path-reverse	0	1	1	0	0	0	696	695	-5665.700	-10082.601	1440.600	209.400	129.980	929.980	59.992	-119.400	0.316	31.607	-18.000	-1.000	-3.100	0	61.500	0.300	31.607	0.000	-3700.000	-2820.020	5360.154	-69.936	1104.980	100	99	96	102	52	265.691	396.371	156.786	-18.000	1.000	0	0	27
135	39.540	Running: path-reverse	0	1	1	0	0	0	696	695	-5665.700	-10082.601	1440.600	209.400	129.980	929.980	59.992	-119.400	0.000	0.000	-18.000	-1.000	-3.100	0	61.500	0.000	0.000	0.000	-3700.000	-2820.020	5360.154	-69.936	1104.980	100	99	96	102	52	265.691	395.411	156.786	-18.000	1.000	0	0	27
136	39.824	Running: path-reverse	0	1	1	0	0	0	696	695	-5665.700	-10082.601	1440.600	209.400	129.980	929.980	59.992	-119.400	0.000	0.000	-18.000	-1.000	-3.100	0	61.500	0.000	0.000	0.000	-3700.000	-2820.020	5360.154	-69.936	1104.980	100	99	96	102	52	265.691	394.464	156.786	-18.000	1.000	0	0	27
137	40.100	Running: path-reverse	0	1	1	0	0	0	696	691	-5665.600	-10082.200	1440.600	214.300	139.990	970.020	59.992	-124.300	0.413	41.271	-18.000	-1.000	-3.200	0	61.900	0.400	41.271	0.000	-3700.000	-2820.020	5395.361	-84.079	1104.980	100	99	96	102	49	261.575	393.501	146.605	-18.000	1.000	0	0	27
138	40.476	Running: path-reverse	0	1	1	0	0	0	696	691	-5665.600	-10082.200	1440.600	214.300	139.990	970.020	59.992	-124.300	0.000	0.000	-18.000	-1.000	-3.200	0	61.900	0.000	0.000	0.000	-3700.000	-2820.020	5395.361	-84.079	1104.980	100	99	96	102	49	261.575	392.552	146.605	-18.000	1.000	0	0	27
139	40.780	Running: path-reverse	0	1	1	0	0	0	696	691	-5665.600	-10082.200	1440.600	214.300	139.990	970.020	59.992	-124.300	0.000	0.000	-18.000	-1.000	-3.200	0	61.900	0.000	0.000	0.000	-3700.000	-2820.020	5395.361	-84.079	1104.980	100	99	96	102	49	261.575	391.616	146.605	-18.000	1.000	0	0	27
140	41.066	Running: path-reverse	0	1	1	0	0	0	696	691	-5665.600	-10082.200	1440.600	214.300	139.990	970.020	59.992	-124.300	0.000	0.000	-18.000	-1.000	-3.200	0	61.900	0.000	0.000	0.000	-3700.000	-2820.020	5395.361	-84.079	1104.980	100	99	96	102	49	261.575	390.694	146.605	-18.000	1.000	0	0	27
141	41.383	Running: path-reverse	0	1	1	0	0	0	696	687	-5665.400	-10081.800	1440.600	219.400	160.010	1010.058	59.992	-129.400	0.448	44.765	-18.000	-1.000	-3.500	0	62.300	0.400	44.765	0.000	-3700.000	-2820.020	5437.754	-112.378	1104.980	101	100	95	102	48	288.453	389.974	148.897	-18.000	1.000	0	0	27
142	41.664	Running: path-reverse	0	1	1	0	0	0	696	687	-5665.400	-10081.800	1440.600	219.400	160.010	1010.058	59.992	-129.400	0.000	0.000	-18.000	-1.000	-3.500	0	62.300	0.000	0.000	0.000	-3700.000	-2820.020	5437.754	-112.378	1104.980	101	100	95	102	48	288.453	389.264	148.897	-18.000	1.000	0	0	27
143	41.947	Running: path-reverse	0	1	1	0	0	0	696	687	-5665.400	-10081.800	1440.600	219.400	160.010	1010.058	59.992	-129.400	0.000	0.000	-18.000	-1.000	-3.500	0	62.300	0.000	0.000	0.000	-3700.000	-2820.020	5437.754	-112.378	1104.980	101	100	95	102	48	288.453	388.564	148.897	-18.000	1.000	0	0	27
144	42.222	Running	0	0	1	0	0	0	696	673	-5665.300	-10081.400	1440.500	224.800	169.971	1050.000	49.994	-134.800	0.424	42.361	-18.000	-1.000	-3.800	0	62.800	0.500	41.165	0.000	-3700.000	-2820.020	5473.000	-247.246	1104.980	101	101	93	102	48	420.824	388.786	-101.106	18.000	-1.000	0	0	27
145	42.496	Running	0	0	1	0	0	0	696	673	-5665.300	-10081.400	1440.500	224.800	169.971	1050.000	49.994	-134.800	0.000	0.000	18.000	1.000	-3.800	0	62.800	0.000	0.000	0.000	-3700.000	-2820.020	5473.000	-247.246	1104.980	101	101	93	102	48	420.824	389.006	-101.106	18.000	-1.000	0	0	27
146	42.772	Running	0	0	1	0	0	0	696	673	-5665.300	-10081.400	1440.500	224.800	169.971	1050.000	49.994	-134.800	0.000	0.000	18.000	1.000	-3.800	0	62.800	0.000	0.000	0.000	-3700.000	-2820.020	5473.000	-247.246	1104.980	101	101	93	102	48	420.824	389.222	-101.106	18.000	-1.000	0	0	27
147	43.049	Running	0	0	1	0	0	0	696	673	-5665.300	-10081.400	1440.500	224.800	169.971	1050.000	49.994	-134.800	0.000	0.000	18.000	1.000	-3.800	0	62.800	0.000	0.000	0.000	-3700.000	-2820.020	5473.000	-247.246	1104.980	101	101	93	102	48	420.824	389.436	-101.106	18.000	-1.000	0	0	27
148	43.319	Running	0	0	1	0	0	0	696	672	-5665.100	-10081.000	1440.500	230.200	189.990	1090.039	49.994	-140.200	0.448	44.765	18.000	1.000	-4.100	0	63.200	0.400	44.765	0.000	-3700.000	-2820.020	5515.486	-303.801	1104.980	101	102	91	102	52	494.017	390.138	-47.280	18.000	-1.000	0	0	27
149	43.595	Running	0	0	1	0	0	0	696	672	-5665.100	-10081.000	1440.500	230.200	189.990	1090.039	49.994	-140.200	0.000	0.000	18.000	1.000	-4.100	0	63.200	0.000	0.000	0.000	-3700.000	-2820.020	5515.486	-303.801	1104.980	101	102	91	102	52	494.017	390.830	-47.280	18.000	-1.000	0	0	27
150	43.868	Running	0	0	1	0	0	0	696	672	-5665.100	-10081.000	1440.500	230.200	189.990	1090.039	49.994	-140.200	0.000	0.000	18.000	1.000	-4.100	0	63.200	0.000	0.000	0.000	-3700.000	-2820.020	5515.486	-303.801	1104.980	101	102	91	102	52	494.017	391.513	-47.280	18.000	-1.000	0	0	27
151	44.155	Running	0	0	1	0	0	0	696	672	-5664.800	-10080.700	1440.500	232.200	219.971	1120.020	49.994	-142.200	0.424	42.399	18.000	1.000	-3.900	0	63.600	0.400	42.399	0.000	-3700.000	-2820.020	5557.884	-261.402	1104.980	102	102	92	102	48	481.607	392.106	-29.361	18.000	-1.000	0	0	27
152	44.438	Running	0	0	1	0	0	0	696	672	-5664.800	-10080.700	1440.500	232.200	219.971	1120.020	49.994	-142.200	0.000	0.000	18.000	1.000	-3.900	0	63.600	0.000	0.000	0.000	-3700.000	-2820.020	5557.884	-261.402	1104.980	102	102	92	102	48	481.607	392.691	-29.361	18.000	-1.000	0	0	27
153	44.713	Running	0	0	1	0	0	0	696	672	-5664.800	-10080.700	1440.500	232.200	219.971	1120.020	49.994	-142.200	0.000	0.000	18.000	1.000	-3.900	0	63.600	0.000	0.000	0.000	-3700.000	-2820.020	5557.884	-261.402	1104.980	102	102	92	102	48	481.607	393.269	-29.361	18.000	-1.000	0	0	27
154	45.003	Running	0	0	1	0	0	0	696	672	-5664.800	-10080.700	1440.500	232.200	219.971	1120.020	49.994	-142.200	0.000	0.000	18.000	1.000	-3.900	0	63.600	0.000	0.000	0.000	-3700.000	-2820.020	5557.884	-261.402	1104.980	102	102	92	102	48	481.607	393.838	-29.361	18.000	-1.000	0	0	27
155	45.274	Running	0	0	1	0	0	0	696	673	-5664.500	-10080.601	1440.500	230.000	250.000	1129.980	49.994	-140.000	0.316	31.638	18.000	1.000	-3.300	0	63.900	0.300	31.638	0.000	-3700.000	-2820.020	5586.144	-218.934	1104.980	103	103	93	102	45	469.600	394.324	-24.299	18.000	-1.000	0	0	27
156	45.547	Running	0	0	1	0	0	0	696	673	-5664.500	-10080.601	1440.500	230.000	250.000	1129.980	49.994	-140.000	0.000	0.000	18.000	1.000	-3.300	0	63.900	0.000	0.000	0.000	-3700.000	-2820.020	5586.144	-218.934	1104.980	103	103	93	102	45	469.600	394.804	-24.299	18.000	-1.000	0	0	27
157	45.825	Running	0	0	1	0	0	0	696	673	-5664.500	-10080.601	1440.500	230.000	250.000	1129.980	49.994	-140.000	0.000	0.000	18.000	1.000	-3.300	0	63.900	0.000	0.000	0.000	-3700.000	-2820.020	5586.144	-218.934	1104.980	103	103	93	102	45	469.600	395.277	-24.299	18.000	-1.000	0	0	27
158	46.167	Running	0	0	1	0	0	0	696	674	-5664.200	-10080.400	1440.400	225.700	279.980	1150.000	39.996	-135.700	0.374	37.411	18.000	1.000	-2.800	0	64.300	0.400	36.050	0.000	-3700.000	-2820.020	5621.503	-176.535	1104.980	103	103	94	102	42	458.730	395.676	-6.784	18.000	-1.000	0	0	27
159	46.483	Running	0	0	1	0	0	0	696	674	-5664.200	-10080.400	1440.400	225.700	279.980	1150.000	39.996	-135.700	0.000	0.000	18.000	1.000	-2.800	0	64.300	0.000	0.000	0.000	-3700.000	-2820.020	5621.503	-176.535	1104.980	103	103	94	102	42	458.730	396.070	-6.784	18.000	-1.000	0	0	27
160	46.756	Running	0	0	1	0	0	0	696	674	-5664.200	-10080.400	1440.400	225.700	279.980	1150.000	39.996	-135.700	0.000	0.000	18.000	1.000	-2.800	0	64.300	0.000	0.000	0.000	-3700.000	-2820.020	5621.503	-176.535	1104.980	103	103	94	102	42	458.730	396.459	-6.784	18.000	-1.000	0	0	27
161	47.039	Running	0	0	1	0	0	0	696	674	-5664.200	-10080.400	1440.400	225.700	279.980	1150.000	39.996	-135.700	0.000	0.000	18.000	1.000	-2.800	0	64.300	0.000	0.000	0.000	-3700.000	-2820.020	5621.503	-176.535	1104.980	103	103	94	102	42	458.730	396.844	-6.784	18.000	-1.000	0	0	27
162	47.319	Running	0	0	1	0	0	0	696	676	-5663.900	-10080.300	1440.400	222.000	310.010	1160.058	39.996	-132.000	0.317	31.669	18.000	1.000	-2.500	0	64.600	0.300	31.669	0.000	-3700.000	-2820.020	5649.885	-134.067	1104.980	104	103	95	102	39	447.480	397.154	-3.000	18.000	-1.000	0	0	27
163	47.607	Running	0	0	1	0	0	0	696	676	-5663.900	-10080.300	1440.400	222.000	310.010	1160.058	39.996	-132.000	0.000	0.000	18.000	1.000	-2.500	0	64.600	0.000	0.000	0.000	-3700.000	-2820.020	5649.885	-134.067	1104.980	104	103	95	102	39	447.480	397.461	-3.000	18.000	-1.000	0	0	27
164	47.959	Running	0	0	1	0	0	0	696	676	-5663.900	-10080.300	1440.400	222.000	310.010	1160.058	39.996	-132.000	0.000	0.000	18.000	1.000	-2.500	0	64.600	0.000	0.000	0.000	-3700.000	-2820.020	5649.885	-134.067	1104.980	104	103	95	102	39	447.480	397.764	-3.000	18.000	-1.000	0	0	27
165	48.237	Running	0	0	1	0	0	0	696	677	-5663.700	-10080.200	1440.400	218.900	329.980	1170.020	39.996	-128.900	0.223	22.317	18.000	1.000	-2.200	0	64.900	0.300	22.317	0.000	-3700.000	-2820.020	5671.081	-105.824	1104.980	104	103	95	102	38	440.631	398.023	-6.100	18.000	-1.000	0	0	27
166	48.509	Running	0	0	1	0	0	0	696	677	-5663.700	-10080.200	1440.400	218.900	329.980	1170.020	39.996	-128.900	0.000	0.000	18.000	1.000	-2.200	0	64.900	0.000	0.000	0.000	-3700.000	-2820.020	5671.081	-105.824	1104.980	104	103	95	102	38	440.631	398.278	-6.100	18.000	-1.000	0	0	27
167	48.817	Running	0	0	1	0	0	0	696	677	-5663.700	-10080.200	1440.400	218.900	329.980	1170.020	39.996	-128.900	0.000	0.000	18.000	1.000	-2.200	0	64.900	0.000	0.000	0.000	-3700.000	-2820.020	5671.081	-105.824	1104.980	104	103	95	102	38	440.631	398.530	-6.100	18.000	-1.000	0	0	27
168	49.105	Running	0	0	1	0	0	0	696	677	-5663.500	-10080.000	1440.400	216.100	350.000	1190.039	39.996	-126.100	0.283	28.312	18.000	1.000	-1.900	0	65.100	0.200	28.312	0.000	-3700.000	-2820.020	5699.392	-77.513	1104.980	105	104	96	102	35	435.892	398.751	-8.900	18.000	-1.000	0	0	27
169	49.395	Running	0	0	1	0	0	0	696	677	-5663.500	-10080.000	1440.400	216.100	350.000	1190.039	39.996	-126.100	0.000	0.000	18.000	1.000	-1.900	0	65.100	0.000	0.000	0.000	-3700.000	-2820.020	5699.392	-77.513	1104.980	105	104	96	102	35	435.892	398.969	-8.900	18.000	-1.000	0	0	27
170	49.682	Running	0	0	1	0	0	0	696	677	-5663.500	-10080.000	1440.400	216.100	350.000	1190.039	39.996	-126.100	0.000	0.000	18.000	1.000	-1.900	0	65.100	0.000	0.000	0.000	-3700.000	-2820.020	5699.392	-77.513	1104.980	105	104	96	102	35	435.892	399.185	-8.900	18.000	-1.000	0	0	27
171	49.988	Running	0	0	1	0	0	0	696	677	-5663.500	-10080.000	1440.400	216.100	350.000	1190.039	39.996	-126.100	0.000	0.000	18.000	1.000	-1.900	0	65.100	0.000	0.000	0.000	-3700.000	-2820.020	5699.392	-77.513	1104.980	105	104	96	102	35	435.892	399.399	-8.900	18.000	-1.000	0	0	27
172	50.263	Running	0	0	1	0	0	0	696	677	-5663.500	-10080.000	1440.400	216.100	350.000	1190.039	39.996	-126.100	0.000	0.000	18.000	1.000	-1.900	0	65.100	0.000	0.000	0.000	-3700.000	-2820.020	5699.392	-77.513	1104.980	105	104	96	102	35	435.892	399.610	-8.900	18.000	-1.000	0	0	27
173	50.539	Running	0	0	1	0	0	0	696	677	-5663.300	-10079.900	1440.400	213.300	369.971	1200.000	39.996	-123.300	0.223	22.317	18.000	1.000	-1.500	0	65.300	0.200	22.317	0.000	-3700.000	-2820.020	5720.596	-49.270	1104.980	105	104	97	102	32	429.874	399.784	-11.700	18.000	-1.000	0	0	27
174	50.816	Running	0	0	1	0	0	0	696	677	-5663.300	-10079.900	1440.400	213.300	369.971	1200.000	39.996	-123.300	0.000	0.000	18.000	1.000	-1.500	0	65.300	0.000	0.000	0.000	-3700.000	-2820.020	5720.596	-49.270	1104.980	105	104	97	102	32	429.874	399.956	-11.700	18.000	-1.000	0	0	27
175	51.084	Running	0	0	1	0	0	0	696	677	-5663.300	-10079.900	1440.400	213.300	369.971	1200.000	39.996	-123.300	0.000	0.000	18.000	1.000	-1.500	0	65.300	0.000	0.000	0.000	-3700.000	-2820.020	5720.596	-49.270	1104.980	105	104	97	102	32	429.874	400.126	-11.700	18.000	-1.000	0	0	27
176	51.359	Running	0	0	1	0	0	0	696	677	-5663.200	-10079.800	1440.400	211.400	379.980	1210.058	39.996	-121.400	0.142	14.191	18.000	1.000	-1.200	0	65.500	0.200	14.191	0.000	-3700.000	-2820.020	5734.786	-35.114	1104.980	105	104	97	102	31	428.188	400.284	-13.600	18.000	-1.000	0	0	27
177	51.638	Running	0	0	1	0	0	0	696	677	-5663.200	-10079.800	1440.400	211.400	379.980	1210.058	39.996	-121.400	0.000	0.000	18.000	1.000	-1.200	0	65.500	0.000	0.000	0.000	-3700.000	-2820.020	5734.786	-35.114	1104.980	105	104	97	102	31	428.188	400.441	-13.600	18.000	-1.000	0	0	27
178	51.923	Running	0	0	1	0	0	0	696	677	-5663.200	-10079.800	1440.400	211.400	379.980	1210.058	39.996	-121.400	0.000	0.000	18.000	1.000	-1.200	0	65.500	0.000	0.000	0.000	-3700.000	-2820.020	5734.786	-35.114	1104.980	105	104	97	102	31	428.188	400.596	-13.600	18.000	-1.000	0	0	27
179	52.210	Obstacle hits: +1	0	0	1	0	1	106	697	697	-5663.100	-10079.700	1440.400	209.800	389.990	1220.020	39.996	-119.800	0.141	14.121	18.000	1.000	-1.000	0	65.600	0.100	14.121	0.000	-3700.000	-2820.020	5748.907	-62.345	1104.980	105	104	96	102	53	466.734	400.963	-25.246	18.000	-1.000	1	0	28
180	52.588	Running	0	0	1	0	0	0	697	697	-5663.100	-10079.700	1440.400	209.800	389.990	1220.020	39.996	-119.800	0.000	0.000	18.000	1.000	-1.000	0	65.600	0.000	0.000	0.000	-3700.000	-2820.020	5748.907	-62.345	1104.980	105	104	96	102	53	466.734	401.327	-25.246	18.000	-1.000	0	0	28
181	52.921	Running	0	0	1	0	0	0	697	697	-5663.100	-10079.700	1440.400	209.800	389.990	1220.020	39.996	-119.800	0.000	0.000	18.000	1.000	-1.000	0	65.600	0.000	0.000	0.000	-3700.000	-2820.020	5748.907	-62.345	1104.980	105	104	96	102	53	466.734	401.686	-25.246	18.000	-1.000	0	0	28
182	53.225	Obstacle hits: +1	0	0	1	0	1	107	706	706	-5663.000	-10079.601	1440.400	208.700	400.000	1229.980	39.996	-118.700	0.141	14.121	18.000	1.000	-0.700	0	65.700	0.100	14.121	0.000	-3700.000	-2820.020	5763.029	22.487	1104.980	106	105	98	102	54	397.669	401.664	-28.595	18.000	-1.000	1	0	29
183	53.594	Running	0	0	1	0	0	0	706	706	-5663.000	-10079.601	1440.400	208.700	400.000	1229.980	39.996	-118.700	0.000	0.000	18.000	1.000	-0.700	0	65.700	0.000	0.000	0.000	-3700.000	-2820.020	5763.029	22.487	1104.980	106	105	98	102	54	397.669	401.642	-28.595	18.000	-1.000	0	0	29
