timestep,x_cm,y_cm,z_cm,yaw_deg,basis_xx,basis_xy,basis_xz,basis_yx,basis_yy,basis_yz,basis_zx,basis_zy,basis_zz,teleport_flag,throttle_cmd,steering_cmd,cmd_move_cm,cmd_turn_deg,lidar_cm_0,lidar_cm_1,lidar_cm_2,lidar_cm_3,lidar_cm_4,lidar_cm_5,lidar_cm_6,lidar_cm_7,lidar_cm_8,lidar_cm_9,lidar_cm_10,lidar_cm_11,lidar_cm_12,lidar_cm_13,lidar_cm_14,lidar_cm_15,lidar_cm_16,lidar_class_0,lidar_class_1,lidar_class_2,lidar_class_3,lidar_class_4,lidar_class_5,lidar_class_6,lidar_class_7,lidar_class_8,lidar_class_9,lidar_class_10,lidar_class_11,lidar_class_12,lidar_class_13,lidar_class_14,lidar_class_15,lidar_class_16
0,-3607.629,-2951.697,-22.177,171.860,-0.989030,-0.141580,-0.042127,0.141973,-0.989849,-0.006483,-0.040782,-0.012393,0.999091,1,0.00000,0.00000,4.800,-0.240,-1,375.000,-1,400.000,800.000,300.000,325.000,325.000,325.000,-1,400.000,375.000,675.000,750.000,850.000,-1,-1,2,0,2,0,1,0,0,0,0,2,1,1,1,0,0,2,2
1,-3612.378,-2950.997,-22.373,171.620,-0.988425,-0.145725,-0.042186,0.146117,-0.989247,-0.006343,-0.040808,-0.012434,0.999090,0,0.08000,-0.12000,4.800,-0.240,-1,375.000,-1,400.000,800.000,300.000,325.000,325.000,325.000,-1,400.000,375.000,675.000,750.000,850.000,-1,-1,2,0,2,0,1,0,0,0,0,2,1,1,1,0,0,2,2
2,-3621.864,-2949.519,-22.764,171.140,-0.987164,-0.154007,-0.042303,0.154396,-0.987991,-0.006056,-0.040862,-0.012509,0.999086,0,0.16000,-0.24000,9.600,-0.480,-1,375.000,-1,400.000,775.000,300.000,325.000,325.000,325.000,-1,425.000,375.000,675.000,750.000,850.000,-1,-1,2,0,2,0,1,0,0,0,0,2,1,1,1,0,0,2,2
3,-3636.063,-2947.122,-23.349,170.420,-0.985142,-0.166410,-0.042472,0.166792,-0.985976,-0.005607,-0.040943,-0.012607,0.999082,0,0.24000,-0.36000,14.400,-0.720,-1,375.000,-1,400.000,750.000,300.000,325.000,325.000,325.000,-1,450.000,400.000,700.000,750.000,850.000,-1,-1,2,0,2,0,1,0,0,0,0,2,1,1,1,0,0,2,2
4,-3654.939,-2943.610,-24.124,169.460,-0.982203,-0.182906,-0.042687,0.183279,-0.983048,-0.004976,-0.041053,-0.012711,0.999076,0,0.32000,-0.48000,19.200,-0.960,-1,375.000,-1,400.000,725.000,300.000,325.000,325.000,325.000,-1,475.000,425.000,700.000,725.000,850.000,-1,-1,2,0,2,0,1,0,0,0,0,2,1,1,1,0,0,2,2
5,-3678.437,-2938.727,-25.087,168.260,-0.978143,-0.203453,-0.042937,0.203813,-0.979001,-0.004136,-0.041194,-0.012797,0.999069,0,0.40000,-0.60000,24.000,-1.200,-1,375.000,-1,400.000,700.000,300.000,325.000,325.000,325.000,-1,500.000,450.000,725.000,725.000,850.000,-1,-1,2,0,2,0,1,0,0,0,0,2,1,1,1,0,0,2,2
6,-3706.479,-2932.160,-26.233,166.820,-0.972704,-0.227991,-0.043204,0.228331,-0.973579,-0.003057,-0.041366,-0.012838,0.999062,0,0.48000,-0.72000,28.800,-1.440,-1,375.000,-1,400.000,650.000,325.000,325.000,325.000,325.000,-1,550.000,475.000,725.000,725.000,850.000,-1,950.000,2,0,2,0,1,0,0,0,0,2,1,1,1,0,0,2,1
7,-3738.955,-2923.543,-27.559,165.140,-0.965584,-0.256436,-0.043466,0.256749,-0.966477,-0.001702,-0.041572,-0.012803,0.999053,0,0.56000,-0.84000,33.600,-1.680,-1,375.000,-1,425.000,625.000,325.000,325.000,325.000,325.000,-1,600.000,525.000,750.000,725.000,850.000,1000.000,875.000,2,0,2,0,1,0,0,0,0,2,1,1,1,0,1,1,1
8,-3775.722,-2912.465,-29.057,163.232,-0.956492,-0.288471,-0.043689,0.288748,-0.957405,-0.000031,-0.041819,-0.012645,0.999045,0,0.64000,-0.95394,38.400,-1.908,975.000,375.000,-1,425.000,575.000,325.000,325.000,325.000,325.000,-1,675.000,575.000,775.000,725.000,800.000,950.000,800.000,1,0,2,0,1,0,0,0,0,2,1,1,1,0,1,1,1
9,-3816.652,-2898.643,-30.732,161.340,-0.946429,-0.319920,-0.043858,0.320146,-0.947366,0.001976,-0.042182,-0.012171,0.999036,0,0.72000,-0.94587,43.200,-1.892,925.000,375.000,-1,425.000,525.000,325.000,325.000,325.000,325.000,-1,750.000,650.000,800.000,750.000,750.000,900.000,700.000,1,0,2,0,1,0,0,0,0,2,1,1,1,0,1,1,1
10,-3852.664,-2885.313,-32.266,159.689,-0.936805,-0.347096,-0.043826,0.347280,-0.937755,0.003581,-0.042341,-0.011865,0.999033,0,0.64000,-0.82587,38.400,-1.652,875.000,375.000,-1,425.000,500.000,325.000,325.000,325.000,325.000,-1,825.000,700.000,825.000,750.000,700.000,875.000,650.000,1,0,2,0,1,0,0,0,0,2,1,1,1,1,1,1,1
11,-3883.867,-2872.849,-33.596,158.225,-0.927633,-0.370934,-0.043644,0.371079,-0.928588,0.005036,-0.042396,-0.011524,0.999034,0,0.56000,-0.73174,33.600,-1.463,825.000,400.000,-1,425.000,450.000,325.000,325.000,325.000,325.000,-1,950.000,750.000,850.000,750.000,675.000,850.000,600.000,1,0,2,0,1,0,0,0,0,2,1,1,1,1,1,1,1
12,-3913.154,-2860.281,-34.843,156.775,-0.917948,-0.394323,-0.043377,0.394428,-0.918904,0.006473,-0.042412,-0.011167,0.999038,0,0.53118,-0.72527,31.871,-1.451,800.000,400.000,-1,425.000,425.000,325.000,325.000,325.000,325.000,-1,-1,825.000,850.000,725.000,625.000,825.000,550.000,1,0,2,0,1,0,0,0,0,2,2,1,1,1,1,1,1
13,-3942.540,-2846.788,-36.107,155.337,-0.907765,-0.417263,-0.043059,0.417325,-0.908722,0.007964,-0.042452,-0.010740,0.999041,0,0.53892,-0.71906,32.335,-1.438,775.000,400.000,-1,425.000,400.000,325.000,325.000,325.000,300.000,-1,-1,875.000,875.000,725.000,600.000,800.000,500.000,1,0,2,0,1,0,0,0,0,2,2,1,1,1,1,1,1
14,-3971.996,-2832.364,-37.617,153.911,-0.897056,-0.439742,-0.043779,0.439793,-0.898054,0.008990,-0.043269,-0.011189,0.999001,0,0.54664,-0.71290,32.798,-1.426,725.000,400.000,-1,425.000,375.000,325.000,325.000,325.000,300.000,-1,-1,975.000,900.000,700.000,575.000,800.000,475.000,1,0,2,0,1,0,0,0,0,2,2,1,1,1,1,1,1
15,-4001.497,-2817.005,-39.204,152.497,-0.885875,-0.461760,-0.044753,0.461803,-0.886926,0.009990,-0.044306,-0.011817,0.998948,0,0.55431,-0.70679,33.259,-1.414,700.000,400.000,-1,425.000,350.000,325.000,325.000,325.000,300.000,-1,-1,-1,925.000,700.000,525.000,775.000,425.000,1,0,2,0,1,0,0,0,0,2,2,2,1,1,1,1,1
16,-4031.013,-2800.709,-40.877,151.096,-0.874269,-0.483312,-0.045426,0.483335,-0.875364,0.011214,-0.045185,-0.012152,0.998905,0,0.56194,-0.70076,33.716,-1.402,675.000,400.000,-1,425.000,300.000,325.000,325.000,325.000,300.000,-1,-1,-1,950.000,675.000,500.000,750.000,375.000,1,0,2,1,1,0,0,0,0,2,2,2,1,1,1,1,1
17,-4060.517,-2783.472,-42.577,149.706,-0.862244,-0.504397,-0.046030,0.504393,-0.863383,0.012545,-0.046069,-0.012400,0.998861,0,0.56950,-0.69480,34.170,-1.390,650.000,400.000,-1,400.000,275.000,325.000,325.000,325.000,300.000,-1,-1,-1,975.000,675.000,475.000,750.000,350.000,1,0,2,1,1,0,0,0,0,2,2,2,1,1,1,1,1
18,-4089.980,-2765.295,-44.298,148.328,-0.849819,-0.525011,-0.046592,0.524976,-0.851002,0.013963,-0.046981,-0.012593,0.998816,0,0.57698,-0.68894,34.619,-1.378,625.000,400.000,-1,375.000,250.000,325.000,325.000,325.000,300.000,-1,-1,-1,1000.000,675.000,425.000,750.000,300.000,1,0,2,1,1,0,0,0,0,2,2,2,1,1,1,1,1
19,-4119.373,-2746.180,-46.039,146.962,-0.837012,-0.545153,-0.047108,0.545083,-0.838240,0.015466,-0.047919,-0.012733,0.998770,0,0.58436,-0.68318,35.062,-1.366,600.000,400.000,-1,350.000,225.000,325.000,325.000,300.000,300.000,-1,-1,-1,-1,675.000,400.000,750.000,275.000,1,0,2,1,1,0,0,0,1,2,2,2,2,1,1,1,1
20,-4152.167,-2723.519,-47.986,145.355,-0.821348,-0.568435,-0.047631,0.568327,-0.822625,0.017095,-0.048900,-0.013029,0.998719,0,0.66436,-0.80318,39.862,-1.606,600.000,400.000,-1,300.000,200.000,325.000,325.000,300.000,300.000,-1,-1,-1,-1,675.000,375.000,800.000,225.000,1,0,2,1,1,0,0,0,1,2,2,2,2,1,1,1,1
21,-4188.154,-2697.068,-50.147,143.684,-0.804360,-0.592192,-0.048113,0.592036,-0.805688,0.018957,-0.049991,-0.013236,0.998662,0,0.74436,-0.83593,44.662,-1.672,575.000,400.000,750.000,275.000,150.000,325.000,300.000,300.000,275.000,-1,-1,-1,-1,700.000,325.000,-1,175.000,1,0,1,1,1,0,1,0,1,2,2,2,2,1,1,2,1
22,-4226.039,-2667.502,-48.702,142.025,-0.786975,-0.615089,-0.048331,0.615687,-0.787984,0.003099,-0.039990,-0.027318,0.998827,0,0.80097,-0.82934,48.058,-1.659,600.000,425.000,675.000,250.000,150.000,350.000,275.000,300.000,300.000,-1,-1,-1,-1,800.000,300.000,-1,175.000,1,0,1,1,1,0,1,0,1,2,2,2,2,1,1,2,1
23,-4263.462,-2636.534,-45.051,140.379,-0.769329,-0.636918,-0.049679,0.638425,-0.769331,-0.023307,-0.023375,-0.049647,0.998493,0,0.80959,-0.82291,48.576,-1.646,650.000,450.000,675.000,250.000,150.000,375.000,275.000,275.000,300.000,-1,-1,-1,-1,775.000,300.000,-1,150.000,1,1,1,1,1,1,1,0,1,2,2,2,2,1,1,2,1
24,-4300.363,-2604.188,-41.200,138.745,-0.751478,-0.657657,-0.052621,0.659730,-0.749793,-0.050662,-0.006137,-0.072787,0.997329,0,0.81785,-0.81684,49.071,-1.634,-1,475.000,650.000,250.000,125.000,350.000,250.000,250.000,325.000,-1,100.000,325.000,-1,775.000,300.000,-1,150.000,2,1,1,1,1,1,1,0,1,2,0,0,2,1,1,2,1
25,-4336.683,-2570.494,-37.135,137.123,-0.733537,-0.677235,-0.057240,0.679550,-0.729382,-0.078834,0.011639,-0.096725,0.995243,0,0.82568,-0.81115,49.541,-1.622,-1,450.000,-1,225.000,125.000,325.000,250.000,250.000,325.000,-1,75.000,250.000,-1,825.000,275.000,-1,150.000,2,1,2,1,1,1,1,0,1,2,0,0,2,1,1,2,1
26,-4372.361,-2535.487,-32.862,135.511,-0.715631,-0.695575,-0.063622,0.697837,-0.708102,-0.107773,0.029914,-0.121523,0.992138,0,0.83303,-0.80591,49.982,-1.612,-1,425.000,-1,225.000,125.000,300.000,225.000,250.000,350.000,550.000,50.000,225.000,-1,-1,275.000,-1,125.000,2,1,2,1,1,1,1,0,1,0,0,0,2,2,1,2,1
27,-4407.336,-2499.207,-28.815,133.909,-0.698048,-0.712413,-0.072087,0.714307,-0.685787,-0.139507,0.049951,-0.148875,0.987594,0,0.83982,-0.80116,50.389,-1.602,-1,375.000,-1,200.000,125.000,275.000,225.000,225.000,375.000,350.000,25.000,200.000,-1,-1,250.000,-1,125.000,2,1,2,1,1,1,1,0,1,0,0,0,2,2,1,2,1
28,-4444.695,-2458.576,-24.290,132.547,-0.684023,-0.724813,-0.082216,0.725913,-0.665256,-0.174600,0.071858,-0.179112,0.981201,0,0.91982,-0.68116,55.189,-1.362,-1,350.000,-1,200.000,100.000,250.000,200.000,225.000,400.000,225.000,0.000,175.000,-1,-1,250.000,-1,125.000,2,1,2,1,1,1,1,0,1,0,0,0,2,2,1,2,1
29,-6887.283,-1639.835,-93.666,-113.221,-0.392564,0.918219,0.052613,-0.918934,-0.393956,0.018962,0.038138,-0.040904,0.998435,1,0.00000,0.00000,59.989,-1.122,775.000,400.000,-1,400.000,-1,325.000,325.000,300.000,300.000,-1,975.000,1000.000,-1,925.000,800.000,-1,-1,1,0,2,0,2,0,0,0,0,2,0,0,2,0,0,2,2
30,-6889.157,-1644.254,-93.479,-112.981,-0.388719,0.919851,0.052644,-0.920580,-0.390102,0.018789,0.037819,-0.041159,0.998437,0,0.08000,0.12000,4.800,0.240,775.000,400.000,-1,400.000,-1,325.000,325.000,300.000,300.000,-1,975.000,1000.000,-1,925.000,800.000,-1,-1,1,0,2,0,2,0,0,0,0,2,0,0,2,0,0,2,2
31,-6892.830,-1653.123,-93.109,-112.501,-0.381009,0.923068,0.052707,-0.923823,-0.382374,0.018445,0.037179,-0.041664,0.998440,0,0.16000,0.24000,9.600,0.480,750.000,425.000,-1,400.000,-1,325.000,325.000,300.000,300.000,-1,1000.000,-1,-1,925.000,800.000,-1,-1,1,0,2,0,2,0,0,0,0,2,0,2,2,0,0,2,2
32,-6898.179,-1666.492,-92.561,-111.807,-0.369811,0.927605,0.052804,-0.928400,-0.371149,0.017934,0.036234,-0.042391,0.998444,0,0.24000,0.34716,14.400,0.694,725.000,425.000,-1,400.000,-1,325.000,325.000,300.000,300.000,-1,-1,-1,-1,925.000,800.000,-1,-1,1,0,2,0,2,0,0,0,0,2,2,2,2,0,0,2,2
33,-6905.094,-1684.404,-91.839,-111.112,-0.358545,0.932011,0.052930,-0.932851,-0.359849,0.017268,0.035141,-0.043185,0.998449,0,0.32000,0.34778,19.200,0.696,700.000,425.000,-1,400.000,-1,325.000,325.000,300.000,300.000,-1,-1,-1,-1,925.000,825.000,-1,-1,1,0,2,0,2,0,0,0,0,2,2,2,2,0,0,2,2
34,-6913.465,-1706.897,-90.947,-110.414,-0.347193,0.936290,0.053085,-0.937181,-0.348456,0.016451,0.033901,-0.044038,0.998454,0,0.40000,0.34900,24.000,0.698,675.000,425.000,-1,400.000,-1,325.000,325.000,300.000,300.000,-1,-1,-1,-1,925.000,825.000,-1,-1,1,0,2,0,2,0,0,0,0,2,2,2,2,0,0,2,2
35,-6923.178,-1734.009,-89.891,-109.712,-0.335735,0.940449,0.053266,-0.941395,-0.336950,0.015487,0.032513,-0.044945,0.998460,0,0.48000,0.35084,28.800,0.702,650.000,425.000,-1,400.000,-1,325.000,325.000,300.000,300.000,-1,-1,-1,-1,950.000,825.000,-1,-1,1,0,2,0,2,0,0,0,0,2,2,2,2,0,0,2,2
36,-6934.119,-1765.777,-88.675,-109.005,-0.324152,0.944492,0.053472,-0.945498,-0.325311,0.014379,0.030976,-0.045897,0.998466,0,0.56000,0.35332,33.600,0.707,625.000,425.000,-1,400.000,-1,325.000,325.000,300.000,300.000,-1,-1,-1,-1,950.000,825.000,-1,-1,1,0,2,0,2,0,0,0,0,2,2,2,2,0,0,2,2
37,-6946.171,-1802.237,-87.304,-108.292,-0.312424,0.948423,0.053702,-0.949491,-0.313520,0.013132,0.029291,-0.046886,0.998471,0,0.64000,0.35647,38.400,0.713,600.000,425.000,-1,400.000,-1,325.000,325.000,300.000,300.000,-1,-1,-1,-1,975.000,850.000,-1,-1,1,0,2,0,2,0,0,0,0,2,2,2,2,0,0,2,2
38,-6959.212,-1843.421,-85.783,-107.572,-0.300528,0.952246,0.053951,-0.953378,-0.301551,0.011750,0.027458,-0.047904,0.998474,0,0.72000,0.36033,43.200,0.721,575.000,425.000,-1,400.000,-1,325.000,325.000,300.000,300.000,-1,-1,-1,-1,1000.000,850.000,-1,-1,1,0,2,0,2,0,0,0,0,2,2,2,2,0,0,2,2
39,-6973.118,-1889.362,-84.235,-106.842,-0.288407,0.955939,0.054787,-0.957159,-0.289375,0.010466,0.025859,-0.049421,0.998443,0,0.80000,0.36494,48.000,0.730,550.000,425.000,-1,400.000,-1,350.000,325.000,300.000,300.000,-1,-1,-1,-1,1000.000,875.000,-1,-1,1,0,2,0,2,0,0,0,0,2,2,2,2,0,0,2,2
40,-6987.760,-1940.091,-82.562,-106.101,-0.276019,0.959524,0.055919,-0.960827,-0.276970,0.009897,0.024985,-0.050996,0.998386,0,0.88000,0.37037,52.800,0.741,525.000,425.000,-1,425.000,-1,350.000,325.000,300.000,300.000,-1,-1,-1,-1,-1,900.000,-1,-1,1,0,2,0,2,0,0,0,0,2,2,2,2,2,0,2,2
41,-7002.865,-1995.129,-80.856,-105.348,-0.263377,0.962987,0.057338,-0.964397,-0.264304,0.009089,0.023907,-0.052903,0.998313,0,0.95121,0.37669,57.073,0.753,500.000,450.000,-1,425.000,-1,350.000,350.000,300.000,300.000,-1,-1,-1,-1,-1,925.000,-1,-1,1,0,2,0,2,0,0,0,0,2,2,2,2,2,0,2,2
42,-7017.235,-2050.381,-79.625,-104.580,-0.250468,0.966365,0.058340,-0.967859,-0.251356,0.008297,0.022682,-0.054387,0.998262,0,0.95151,0.38389,57.091,0.768,475.000,450.000,-1,425.000,-1,350.000,350.000,300.000,300.000,-1,-1,-1,-1,-1,975.000,-1,-1,1,0,2,0,2,0,0,0,0,2,2,2,2,2,0,2,2
43,-7031.219,-2106.255,-79.251,-104.052,-0.241723,0.968649,0.057352,-0.970147,-0.242446,0.005908,0.019627,-0.054212,0.998337,0,0.95996,0.26389,57.598,0.528,450.000,450.000,-1,425.000,-1,350.000,350.000,300.000,300.000,-1,-1,-1,-1,-1,975.000,-1,-1,1,0,2,0,2,0,0,0,0,2,2,2,2,2,0,2,2
44,-7044.905,-2162.129,-79.115,-103.764,-0.237041,0.969813,0.057220,-0.971368,-0.237568,0.002488,0.016007,-0.054991,0.998359,0,0.95876,0.14389,57.526,0.288,425.000,425.000,-1,425.000,-1,350.000,350.000,275.000,300.000,-1,-1,-1,-1,-1,975.000,-1,-1,1,0,2,0,2,0,0,1,0,2,2,2,2,2,0,2,2
45,-7058.510,-2217.876,-79.256,-103.717,-0.236455,0.969905,0.058074,-0.971572,-0.236734,-0.002142,0.011670,-0.056930,0.998310,0,0.95640,0.02389,57.384,0.048,400.000,425.000,-1,425.000,-1,350.000,350.000,250.000,300.000,-1,-1,-1,-1,-1,975.000,-1,-1,1,0,2,0,2,0,0,1,0,2,2,2,2,2,0,2,2
46,-7072.099,-2273.402,-79.664,-103.754,-0.237371,0.969576,0.059815,-0.971397,-0.237327,-0.007929,0.006507,-0.059986,0.998178,0,0.95274,-0.01880,57.164,-0.038,375.000,425.000,-1,400.000,-1,325.000,325.000,225.000,300.000,-1,-1,-1,-1,1000.000,950.000,-1,-1,1,0,2,0,2,0,0,1,0,2,2,2,2,0,0,2,2
47,-7085.638,-2328.651,-79.370,-103.770,-0.237818,0.969497,0.059309,-0.971303,-0.237599,-0.010821,0.003601,-0.060180,0.998181,0,0.94806,-0.00811,56.883,-0.016,400.000,425.000,-1,400.000,-1,325.000,325.000,200.000,275.000,-1,-1,-1,-1,975.000,950.000,-1,-1,1,0,2,0,2,0,0,1,0,2,2,2,2,1,0,2,2
48,-7099.094,-2383.583,-79.070,-103.765,-0.237898,0.969510,0.058785,-0.971290,-0.237504,-0.013701,0.000678,-0.060356,0.998177,0,0.94260,0.00273,56.556,0.005,400.000,425.000,-1,400.000,-1,325.000,325.000,200.000,275.000,-1,-1,-1,-1,925.000,950.000,-1,-1,1,0,2,0,2,0,0,1,0,2,2,2,2,1,0,2,2
49,-7112.439,-2438.161,-78.775,-103.741,-0.237660,0.969599,0.058274,-0.971346,-0.237090,-0.016608,-0.002287,-0.060552,0.998162,0,0.93643,0.01214,56.186,0.024,425.000,425.000,-1,425.000,-1,350.000,325.000,200.000,275.000,-1,-1,-1,-1,875.000,950.000,975.000,-1,1,0,2,0,2,0,0,1,0,2,2,2,2,1,0,1,2
50,-7125.659,-2492.347,-78.485,-103.711,-0.237328,0.969710,0.057778,-0.971415,-0.236581,-0.019539,-0.005278,-0.060764,0.998138,0,0.92959,0.01495,55.775,0.030,450.000,425.000,-1,425.000,-1,350.000,350.000,175.000,300.000,-1,-1,-1,-1,825.000,950.000,925.000,-1,1,0,2,0,2,0,0,1,0,2,2,2,2,1,0,1,2
51,-7138.740,-2546.107,-78.176,-103.676,-0.236921,0.969844,0.057191,-0.971493,-0.235994,-0.022540,-0.008363,-0.060901,0.998109,0,0.92215,0.01728,55.329,0.035,450.000,425.000,1000.000,425.000,-1,350.000,350.000,175.000,300.000,-1,-1,-1,-1,775.000,950.000,850.000,-1,1,0,1,0,2,0,0,1,0,2,2,2,2,1,1,1,2
52,-7151.672,-2599.413,-77.884,-103.638,-0.236537,0.969989,0.056317,-0.971536,-0.235343,-0.027059,-0.012993,-0.061115,0.998046,0,0.91420,0.01914,54.852,0.038,475.000,425.000,950.000,425.000,-1,350.000,350.000,175.000,300.000,-1,-1,-1,-1,750.000,900.000,800.000,-1,1,0,1,0,2,0,0,1,0,2,2,2,2,1,1,1,2
53,-7164.386,-2651.032,-78.019,-103.840,-0.240234,0.969036,0.057065,-0.970560,-0.238728,-0.031980,-0.017367,-0.063068,0.997858,0,0.88602,-0.10086,53.161,-0.202,525.000,425.000,875.000,425.000,-1,350.000,350.000,175.000,300.000,-1,-1,-1,-1,700.000,850.000,750.000,-1,1,0,1,0,2,0,0,1,0,2,2,2,2,1,1,1,2
54,-7177.247,-2702.054,-78.798,-104.149,-0.245647,0.967665,0.057291,-0.969153,-0.243945,-0.035128,-0.020016,-0.064153,0.997739,0,0.87697,-0.15484,52.618,-0.310,550.000,425.000,825.000,425.000,-1,350.000,350.000,175.000,300.000,-1,-1,-1,-1,650.000,800.000,700.000,-1,1,0,1,0,2,0,0,1,0,2,2,2,2,1,1,1,2
55,-7190.243,-2752.457,-80.400,-104.458,-0.251029,0.966360,0.055968,-0.967707,-0.249167,-0.038191,-0.022961,-0.063747,0.997702,0,0.86751,-0.15451,52.051,-0.309,575.000,425.000,775.000,425.000,-1,350.000,350.000,175.000,300.000,-1,-1,-1,-1,600.000,750.000,625.000,-1,1,0,1,0,2,0,0,1,0,2,2,2,2,1,1,1,2
56,-7203.367,-2802.245,-82.193,-104.768,-0.256387,0.964973,0.055609,-0.966245,-0.254374,-0.040792,-0.025218,-0.064190,0.997619,0,0.85813,-0.15469,51.488,-0.309,575.000,425.000,725.000,425.000,-1,350.000,350.000,175.000,300.000,-1,-1,-1,-1,550.000,700.000,575.000,-1,1,0,1,0,2,0,0,1,0,2,2,2,2,1,1,1,2
57,-7216.617,-2851.429,-84.178,-105.078,-0.261743,0.963499,0.056220,-0.964766,-0.259581,-0.042949,-0.026788,-0.065480,0.997494,0,0.84896,-0.15535,50.938,-0.311,550.000,425.000,650.000,425.000,-1,350.000,350.000,175.000,300.000,-1,-1,-1,-1,500.000,650.000,525.000,-1,1,0,1,0,2,0,0,1,0,2,2,2,2,1,1,1,2
58,-7229.994,-2900.032,-86.346,-105.391,-0.267115,0.961927,0.057839,-0.963268,-0.264801,-0.044666,-0.027650,-0.067645,0.997326,0,0.84016,-0.15647,50.409,-0.313,500.000,425.000,600.000,425.000,-1,350.000,350.000,175.000,300.000,-1,-1,-1,-1,475.000,625.000,475.000,900.000,1,1,1,0,2,0,0,1,0,2,2,2,2,1,1,1,1
59,-7243.505,-2948.078,-87.999,-105.707,-0.272568,0.960433,0.057222,-0.961668,-0.270098,-0.047343,-0.030014,-0.067933,0.997238,0,0.83182,-0.15802,49.909,-0.316,425.000,375.000,550.000,425.000,-1,325.000,350.000,200.000,300.000,-1,-1,-1,-1,425.000,575.000,425.000,800.000,1,1,1,0,2,0,0,1,0,2,2,2,2,1,1,1,1
60,-7257.156,-2995.599,-89.466,-106.027,-0.278086,0.958929,0.055893,-0.959995,-0.275463,-0.050300,-0.032837,-0.067645,0.997169,0,0.82405,-0.15999,49.443,-0.320,375.000,350.000,500.000,400.000,-1,325.000,325.000,200.000,300.000,475.000,-1,-1,-1,375.000,525.000,375.000,725.000,1,1,1,0,2,1,0,1,0,1,2,2,2,1,1,1,1
61,-7270.955,-3042.632,-90.906,-106.352,-0.283667,0.957367,0.054602,-0.958261,-0.280897,-0.053215,-0.035609,-0.067418,0.997089,0,0.81691,-0.16235,49.015,-0.325,325.000,300.000,450.000,400.000,-1,300.000,325.000,200.000,275.000,400.000,-1,-1,-1,350.000,475.000,325.000,650.000,1,1,1,1,2,1,1,1,0,1,2,2,2,1,1,1,1
62,-7284.914,-3089.213,-92.321,-106.682,-0.289325,0.955743,0.053347,-0.956463,-0.286412,-0.056092,-0.038330,-0.067253,0.996999,0,0.81045,-0.16507,48.627,-0.330,275.000,275.000,400.000,350.000,-1,275.000,300.000,225.000,275.000,375.000,-1,-1,-1,300.000,425.000,275.000,575.000,1,1,1,1,2,1,1,1,0,1,2,2,2,1,1,1,1
63,-7299.045,-3135.381,-93.712,-107.018,-0.295070,0.954053,0.052128,-0.954595,-0.292018,-0.058933,-0.041002,-0.067150,0.996900,0,0.80470,-0.16813,48.282,-0.336,225.000,225.000,350.000,325.000,-1,225.000,275.000,225.000,300.000,350.000,-1,-1,-1,275.000,375.000,225.000,525.000,1,1,1,1,2,1,1,1,0,1,2,2,2,1,1,1,1
64,-7313.362,-3181.176,-95.122,-107.361,-0.300913,0.952279,0.051143,-0.952659,-0.297722,-0.061663,-0.043494,-0.067277,0.996786,0,0.79967,-0.17150,47.980,-0.343,175.000,200.000,300.000,275.000,-1,200.000,225.000,250.000,300.000,350.000,-1,-1,-1,225.000,350.000,175.000,450.000,1,1,1,1,2,1,1,1,0,1,2,2,2,1,1,1,1
65,-7327.887,-3226.634,-94.821,-107.712,-0.306201,0.950852,0.046060,-0.951210,-0.303670,-0.054633,-0.037961,-0.060541,0.997444,0,0.79536,-0.17517,47.722,-0.350,150.000,175.000,275.000,250.000,-1,175.000,200.000,250.000,300.000,350.000,-1,-1,-1,200.000,300.000,150.000,425.000,1,1,1,1,2,1,1,1,0,1,2,2,2,1,1,1,1
66,-7344.403,-3276.489,-86.829,-108.302,-0.314157,0.949183,0.018879,-0.949348,-0.313950,-0.013162,-0.006566,-0.022057,0.999735,0,0.87536,-0.29517,52.522,-0.590,125.000,175.000,250.000,250.000,-1,150.000,200.000,300.000,275.000,400.000,-1,-1,-1,200.000,300.000,125.000,425.000,1,1,1,1,2,1,1,1,0,1,2,2,2,1,1,1,1
67,-7363.035,-3330.700,-78.182,-108.968,-0.325432,0.945516,-0.009687,-0.945158,-0.324974,0.032686,0.027757,0.019792,0.999419,0,0.95536,-0.33291,57.322,-0.666,125.000,150.000,250.000,225.000,-1,150.000,175.000,350.000,250.000,425.000,400.000,75.000,600.000,175.000,300.000,125.000,-1,1,1,1,1,2,1,1,1,0,1,0,0,0,1,1,1,2
68,327.963,5575.421,-109.337,158.131,-0.927253,-0.372430,-0.038707,0.372792,-0.927912,-0.002319,-0.035053,-0.016580,0.999248,1,0.00000,0.00000,60.000,-0.658,-1,400.000,-1,400.000,-1,325.000,325.000,300.000,300.000,-1,-1,-1,-1,750.000,750.000,-1,-1,2,0,2,0,2,0,0,0,0,2,2,2,2,0,0,2,2
69,323.501,5577.191,-109.499,158.371,-0.928807,-0.368541,-0.038678,0.368900,-0.929466,-0.002357,-0.035081,-0.016457,0.999249,0,0.08000,0.12000,4.800,0.240,-1,400.000,-1,400.000,-1,325.000,325.000,300.000,300.000,-1,-1,-1,-1,750.000,750.000,-1,-1,2,0,2,0,2,0,0,0,0,2,2,2,2,0,0,2,2
70,314.548,5580.654,-109.823,158.851,-0.931866,-0.360743,-0.038614,0.361098,-0.932525,-0.002429,-0.035132,-0.016207,0.999251,0,0.16000,0.24000,9.600,0.480,-1,400.000,-1,400.000,-1,325.000,325.000,300.000,300.000,-1,-1,-1,-1,750.000,750.000,-1,-1,2,0,2,0,2,0,0,0,0,2,2,2,2,0,0,2,2
71,301.055,5585.684,-110.314,159.559,-0.936254,-0.349206,-0.038511,0.349555,-0.936912,-0.002530,-0.035198,-0.015830,0.999255,0,0.24000,0.35366,14.400,0.707,-1,400.000,-1,400.000,-1,325.000,325.000,300.000,300.000,-1,-1,-1,-1,750.000,750.000,-1,-1,2,0,2,0,2,0,0,0,0,2,2,2,2,0,0,2,2
72,282.983,5592.167,-110.981,160.266,-0.940502,-0.337615,-0.038359,0.337958,-0.941157,-0.002649,-0.035207,-0.015455,0.999261,0,0.32000,0.35366,19.200,0.707,-1,400.000,-1,400.000,-1,325.000,325.000,300.000,300.000,-1,-1,-1,-1,750.000,750.000,-1,-1,2,0,2,0,2,0,0,0,0,2,2,2,2,0,0,2,2
73,260.294,5599.991,-111.827,160.973,-0.944609,-0.325973,-0.038152,0.326310,-0.945259,-0.002781,-0.035157,-0.015077,0.999268,0,0.40000,0.35366,24.000,0.707,-1,400.000,-1,400.000,-1,325.000,325.000,300.000,300.000,-1,-1,-1,-1,750.000,750.000,-1,-1,2,0,2,0,2,0,0,0,0,2,2,2,2,0,0,2,2
74,232.954,5609.043,-112.856,161.681,-0.948574,-0.314281,-0.037885,0.314611,-0.949216,-0.002921,-0.035043,-0.014690,0.999278,0,0.48000,0.35366,28.800,0.707,-1,400.000,-1,400.000,-1,325.000,325.000,300.000,300.000,-1,-1,-1,-1,750.000,750.000,-1,-1,2,0,2,0,2,0,0,0,0,2,2,2,2,0,0,2,2
75,200.929,5619.210,-114.072,162.388,-0.952396,-0.302541,-0.037553,0.302863,-0.953029,-0.003062,-0.034862,-0.014290,0.999290,0,0.56000,0.35366,33.600,0.707,-1,400.000,-1,400.000,-1,325.000,325.000,300.000,300.000,-1,-1,-1,-1,750.000,750.000,-1,-1,2,0,2,0,2,0,0,0,0,2,2,2,2,0,0,2,2
76,164.188,5630.376,-115.479,163.095,-0.956076,-0.290755,-0.037149,0.291068,-0.956697,-0.003199,-0.034610,-0.013871,0.999305,0,0.64000,0.35366,38.400,0.707,-1,400.000,-1,400.000,-1,325.000,325.000,300.000,300.000,-1,-1,-1,-1,750.000,750.000,-1,-1,2,0,2,0,2,0,0,0,0,2,2,2,2,0,0,2,2
77,122.742,5642.415,-117.078,163.802,-0.959613,-0.278925,-0.036669,0.279228,-0.960219,-0.003324,-0.034283,-0.013429,0.999322,0,0.71932,0.35366,43.159,0.707,-1,400.000,-1,400.000,-1,325.000,325.000,300.000,300.000,-1,-1,-1,-1,750.000,750.000,-1,-1,2,0,2,0,2,0,0,0,0,2,2,2,2,0,0,2,2
78,81.150,5653.942,-118.674,164.510,-0.963002,-0.267052,-0.036205,0.267341,-0.963596,-0.003320,-0.034000,-0.012877,0.999339,0,0.71932,0.35366,43.159,0.707,-1,400.000,-1,400.000,-1,325.000,325.000,300.000,300.000,-1,-1,-1,-1,750.000,750.000,-1,-1,2,0,2,0,2,0,0,0,0,2,2,2,2,0,0,2,2
79,39.419,5664.955,-120.233,165.217,-0.966239,-0.255139,-0.035859,0.255407,-0.966829,-0.003032,-0.033896,-0.012088,0.999352,0,0.71932,0.35366,43.159,0.707,-1,400.000,-1,400.000,-1,325.000,325.000,300.000,300.000,-1,-1,-1,-1,750.000,750.000,-1,-1,2,0,2,0,2,0,0,0,0,2,2,2,2,0,0,2,2
80,-2.444,5675.451,-121.810,165.924,-0.969328,-0.243186,-0.035542,0.243433,-0.969914,-0.002720,-0.033812,-0.011289,0.999364,0,0.71932,0.35366,43.159,0.707,-1,400.000,-1,400.000,-1,325.000,325.000,300.000,300.000,-1,-1,-1,-1,750.000,750.000,-1,-1,2,0,2,0,2,0,0,0,0,2,2,2,2,0,0,2,2
81,-44.434,5685.430,-123.385,166.632,-0.972267,-0.231196,-0.035274,0.231422,-0.972850,-0.002401,-0.033761,-0.010498,0.999375,0,0.71932,0.35366,43.159,0.707,-1,400.000,-1,400.000,-1,325.000,325.000,300.000,300.000,-1,-1,-1,-1,775.000,750.000,-1,-1,2,0,2,0,2,0,0,0,0,2,2,2,2,0,0,2,2
82,-86.544,5694.890,-124.828,167.339,-0.975045,-0.219170,-0.035373,0.219393,-0.975633,-0.002489,-0.033966,-0.010187,0.999371,0,0.71932,0.35366,43.159,0.707,-1,400.000,-1,400.000,-1,325.000,325.000,300.000,300.000,-1,-1,-1,-1,775.000,750.000,-1,-1,2,0,2,0,2,0,0,0,0,2,2,2,2,0,0,2,2
83,-128.767,5703.829,-126.254,168.046,-0.977677,-0.207110,-0.035389,0.207331,-0.978267,-0.002662,-0.034068,-0.009940,0.999370,0,0.71932,0.35366,43.159,0.707,-1,400.000,-1,400.000,-1,325.000,325.000,300.000,300.000,-1,-1,-1,-1,775.000,750.000,-1,-1,2,0,2,0,2,0,0,0,0,2,2,2,2,0,0,2,2
84,-171.098,5712.247,-127.688,168.754,-0.980161,-0.195018,-0.035379,0.195237,-0.980752,-0.002804,-0.034151,-0.009656,0.999370,0,0.71932,0.35366,43.159,0.707,-1,400.000,-1,400.000,-1,325.000,325.000,300.000,300.000,-1,-1,-1,-1,775.000,750.000,-1,-1,2,0,2,0,2,0,0,0,0,2,2,2,2,0,0,2,2
85,-213.529,5720.141,-129.131,169.461,-0.982496,-0.182897,-0.035346,0.183112,-0.983088,-0.002914,-0.034215,-0.009336,0.999371,0,0.71932,0.35366,43.159,0.707,-1,400.000,-1,400.000,-1,325.000,325.000,300.000,300.000,-1,-1,-1,-1,775.000,750.000,-1,-1,2,0,2,0,2,0,0,0,0,2,2,2,2,0,0,2,2
86,-256.055,5727.510,-130.581,170.168,-0.984683,-0.170748,-0.035290,0.170958,-0.985274,-0.002992,-0.034259,-0.008980,0.999373,0,0.71932,0.35366,43.159,0.707,-1,400.000,-1,400.000,-1,325.000,325.000,300.000,300.000,-1,-1,-1,-1,775.000,750.000,-1,-1,2,0,2,0,2,0,0,0,0,2,2,2,2,0,0,2,2
87,-298.668,5734.355,-132.038,170.876,-0.986719,-0.158573,-0.035213,0.158776,-0.987310,-0.003038,-0.034285,-0.008589,0.999375,0,0.71932,0.35366,43.159,0.707,-1,400.000,-1,400.000,-1,325.000,325.000,300.000,300.000,-1,-1,-1,-1,775.000,750.000,-1,-1,2,0,2,0,2,0,0,0,0,2,2,2,2,0,0,2,2
88,-341.363,5740.672,-133.502,171.583,-0.988606,-0.146373,-0.035118,0.146569,-0.989196,-0.003052,-0.034292,-0.008165,0.999378,0,0.71932,0.35366,43.159,0.707,-1,400.000,-1,400.000,-1,325.000,325.000,300.000,300.000,-1,-1,-1,-1,775.000,750.000,-1,-1,2,0,2,0,2,0,0,0,0,2,2,2,2,0,0,2,2
89,-384.132,5746.462,-134.971,172.290,-0.990342,-0.134151,-0.035007,0.134338,-0.990931,-0.003034,-0.034282,-0.007708,0.999382,0,0.71932,0.35366,43.159,0.707,-1,400.000,-1,400.000,-1,325.000,325.000,300.000,300.000,-1,-1,-1,-1,775.000,750.000,-1,-1,2,0,2,0,2,0,0,0,0,2,2,2,2,0,0,2,2
90,-426.969,5751.724,-136.447,172.998,-0.991928,-0.121909,-0.034880,0.122086,-0.992515,-0.002984,-0.034255,-0.007219,0.999387,0,0.71932,0.35366,43.159,0.707,-1,400.000,-1,400.000,-1,325.000,325.000,300.000,300.000,-1,-1,-1,-1,775.000,750.000,-1,-1,2,0,2,0,2,0,0,0,0,2,2,2,2,0,0,2,2
91,-469.869,5756.457,-137.927,173.705,-0.993363,-0.109647,-0.034740,0.109813,-0.993948,-0.002903,-0.034211,-0.006699,0.999392,0,0.71932,0.35366,43.159,0.707,-1,400.000,-1,400.000,-1,325.000,325.000,300.000,300.000,-1,-1,-1,-1,775.000,750.000,-1,-1,2,0,2,0,2,0,0,0,0,2,2,2,2,0,0,2,2
92,-512.823,5760.659,-139.411,174.412,-0.994647,-0.097369,-0.034588,0.097523,-0.995229,-0.002790,-0.034151,-0.006149,0.999398,0,0.71932,0.35366,43.159,0.707,-1,400.000,-1,400.000,-1,325.000,325.000,300.000,300.000,-1,-1,-1,-1,775.000,750.000,-1,-1,2,0,2,0,2,0,0,0,0,2,2,2,2,0,0,2,2
93,-555.826,5764.331,-140.899,175.119,-0.995780,-0.085077,-0.034426,0.085218,-0.996359,-0.002647,-0.034076,-0.005570,0.999404,0,0.71932,0.35366,43.159,0.707,-1,400.000,-1,400.000,-1,325.000,325.000,300.000,300.000,-1,-1,-1,-1,775.000,750.000,-1,-1,2,0,2,0,2,0,0,0,0,2,2,2,2,0,0,2,2
94,-598.871,5767.472,-142.390,175.827,-0.996760,-0.072771,-0.034256,0.072898,-0.997336,-0.002474,-0.033985,-0.004963,0.999410,0,0.71932,0.35366,43.159,0.707,-1,400.000,-1,400.000,-1,325.000,325.000,300.000,300.000,-1,-1,-1,-1,775.000,750.000,-1,-1,2,0,2,0,2,0,0,0,0,2,2,2,2,0,0,2,2
95,-641.951,5770.081,-143.887,176.534,-0.997589,-0.060453,-0.034070,0.060566,-0.998162,-0.002284,-0.033870,-0.004342,0.999417,0,0.71932,0.35366,43.159,0.707,-1,400.000,-1,400.000,-1,325.000,325.000,300.000,300.000,-1,-1,-1,-1,775.000,750.000,-1,-1,2,0,2,0,2,0,0,0,0,2,2,2,2,0,0,2,2
96,-685.061,5772.158,-145.402,177.241,-0.998260,-0.048127,-0.034067,0.048234,-0.998833,-0.002319,-0.033916,-0.003958,0.999417,0,0.71932,0.35366,43.159,0.707,-1,400.000,-1,400.000,-1,325.000,325.000,300.000,300.000,-1,-1,-1,-1,750.000,750.000,-1,-1,2,0,2,0,2,0,0,0,0,2,2,2,2,0,0,2,2
97,-728.192,5773.703,-146.904,177.949,-0.998775,-0.035793,-0.034160,0.035895,-0.999353,-0.002379,-0.034053,-0.003602,0.999414,0,0.71932,0.35366,43.159,0.707,-1,400.000,-1,400.000,-1,325.000,325.000,300.000,300.000,-1,-1,-1,-1,750.000,750.000,-1,-1,2,0,2,0,2,0,0,0,0,2,2,2,2,0,0,2,2
98,-771.340,5774.716,-148.405,178.656,-0.999138,-0.023454,-0.034244,0.023550,-0.999720,-0.002420,-0.034178,-0.003224,0.999411,0,0.71932,0.35366,43.159,0.707,-1,400.000,-1,400.000,-1,325.000,325.000,300.000,300.000,-1,-1,-1,-1,750.000,750.000,-1,-1,2,0,2,0,2,0,0,0,0,2,2,2,2,0,0,2,2
99,-814.687,5775.197,-149.911,179.364,-0.999349,-0.011096,-0.034319,0.011186,-0.999934,-0.002439,-0.034290,-0.002821,0.999408,0,0.72250,0.35408,43.350,0.708,-1,400.000,-1,400.000,-1,325.000,325.000,300.000,300.000,-1,-1,-1,-1,725.000,750.000,-1,-1,2,0,2,0,2,0,0,0,0,2,2,2,2,0,0,2,2
100,-853.237,5774.987,-151.245,180.312,-0.999395,0.005452,-0.034338,-0.005372,-0.999983,-0.002409,-0.034351,-0.002223,0.999407,0,0.64250,0.47408,38.550,0.948,-1,400.000,-1,400.000,-1,325.000,325.000,300.000,300.000,-1,-1,-1,-1,725.000,750.000,-1,-1,2,0,2,0,2,0,0,0,0,2,2,2,2,0,0,2,2
101,-886.975,5774.103,-152.405,181.501,-0.999068,0.026186,-0.034303,-0.026122,-0.999656,-0.002325,-0.034352,-0.001427,0.999409,0,0.56250,0.59408,33.750,1.188,-1,400.000,-1,400.000,-1,325.000,325.000,300.000,300.000,-1,-1,-1,-1,725.000,750.000,-1,-1,2,0,2,0,2,0,0,0,0,2,2,2,2,0,0,2,2
102,-915.889,5772.663,-153.394,182.852,-0.998175,0.049751,-0.034229,-0.049705,-0.998762,-0.002194,-0.034295,-0.000489,0.999412,0,0.48250,0.67559,28.950,1.351,-1,400.000,-1,400.000,-1,325.000,325.000,300.000,300.000,-1,-1,-1,-1,700.000,750.000,-1,-1,2,0,2,0,2,0,0,0,0,2,2,2,2,0,0,2,2
103,-939.975,5770.893,-154.214,184.202,-0.996728,0.073270,-0.034141,-0.073243,-0.997312,-0.002036,-0.034198,0.000472,0.999415,0,0.40250,0.67505,24.150,1.350,-1,400.000,-1,400.000,-1,325.000,325.000,300.000,300.000,-1,-1,-1,-1,700.000,725.000,-1,-1,2,0,2,0,2,0,0,0,0,2,2,2,2,0,0,2,2
104,-959.234,5769.022,-154.867,185.550,-0.994730,0.096711,-0.034045,-0.096704,-0.995311,-0.001862,-0.034065,0.001440,0.999419,0,0.32250,0.67400,19.350,1.348,-1,400.000,-1,400.000,-1,325.000,325.000,300.000,300.000,-1,-1,-1,-1,700.000,725.000,-1,-1,2,0,2,0,2,0,0,0,0,2,2,2,2,0,0,2,2
105,-973.679,5767.275,-155.355,186.895,-0.992188,0.120048,-0.033943,-0.120060,-0.992765,-0.001686,-0.033900,0.002403,0.999422,0,0.24250,0.67254,14.550,1.345,-1,400.000,-1,400.000,-1,325.000,325.000,300.000,300.000,-1,-1,-1,-1,700.000,725.000,-1,-1,2,0,2,0,2,0,0,0,0,2,2,2,2,0,0,2,2
106,-983.328,5765.878,-155.680,188.236,-0.989107,0.143258,-0.033838,-0.143289,-0.989680,-0.001520,-0.033707,0.003345,0.999426,0,0.16250,0.67079,9.750,1.342,-1,400.000,-1,400.000,-1,325.000,325.000,300.000,300.000,-1,-1,-1,-1,700.000,725.000,-1,-1,2,0,2,0,2,0,0,0,0,2,2,2,2,0,0,2,2
107,-988.209,5765.055,-155.843,189.574,-0.985494,0.166324,-0.033730,-0.166373,-0.986062,-0.001379,-0.033490,0.004253,0.999430,0,0.08250,0.66889,4.950,1.338,-1,400.000,-1,400.000,-1,325.000,325.000,300.000,300.000,-1,-1,-1,-1,700.000,725.000,-1,-1,2,0,2,0,2,0,0,0,0,2,2,2,2,0,0,2,2
108,-988.357,5765.027,-155.848,190.908,-0.981357,0.189233,-0.033618,-0.189297,-0.981919,-0.001273,-0.033251,0.005115,0.999434,0,0.00250,0.66695,0.150,1.334,-1,400.000,-1,400.000,-1,325.000,325.000,300.000,300.000,-1,-1,-1,-1,700.000,725.000,-1,-1,2,0,2,0,2,0,0,0,0,2,2,2,2,0,0,2,2
109,-983.812,5766.012,-155.697,192.238,-0.976701,0.211975,-0.033500,-0.212054,-0.977257,-0.001213,-0.032995,0.005919,0.999438,0,-0.07750,0.66510,-4.650,1.330,-1,400.000,-1,400.000,-1,325.000,325.000,300.000,300.000,-1,-1,-1,-1,700.000,725.000,-1,-1,2,0,2,0,2,0,0,0,0,2,2,2,2,0,0,2,2
110,-974.626,5768.229,-155.373,193.565,-0.971529,0.234548,-0.033446,-0.234642,-0.972081,-0.001150,-0.032782,0.006731,0.999440,0,-0.15750,0.66348,-9.450,1.327,-1,400.000,-1,400.000,-1,325.000,325.000,300.000,300.000,-1,-1,-1,-1,700.000,725.000,-1,-1,2,0,2,0,2,0,0,0,0,2,2,2,2,0,0,2,2
111,-960.854,5771.890,-154.874,194.890,-0.965844,0.256952,-0.033479,-0.257061,-0.966395,-0.001078,-0.032631,0.007565,0.999439,0,-0.23750,0.66219,-14.250,1.324,-1,400.000,-1,400.000,-1,325.000,325.000,300.000,300.000,-1,-1,-1,-1,700.000,725.000,-1,-1,2,0,2,0,2,0,0,0,0,2,2,2,2,0,0,2,2
112,-942.562,5777.209,-154.220,196.212,-0.959651,0.279189,-0.033519,-0.279312,-0.960200,-0.001064,-0.032482,0.008341,0.999438,0,-0.31750,0.66135,-19.050,1.323,-1,400.000,-1,400.000,-1,325.000,325.000,300.000,300.000,-1,-1,-1,-1,700.000,725.000,-1,-1,2,0,2,0,2,0,0,0,0,2,2,2,2,0,0,2,2
113,-919.820,5784.395,-153.413,197.535,-0.952949,0.301268,-0.033563,-0.301402,-0.953496,-0.001109,-0.032336,0.009059,0.999436,0,-0.39750,0.66106,-23.850,1.322,-1,400.000,-1,400.000,-1,325.000,325.000,300.000,300.000,-1,-1,-1,-1,700.000,725.000,-1,-1,2,0,2,0,2,0,0,0,0,2,2,2,2,0,0,2,2
114,-895.207,5792.801,-152.541,198.857,-0.945735,0.323198,-0.033606,-0.323342,-0.946281,-0.001186,-0.032184,0.009744,0.999434,0,-0.43348,0.66141,-26.009,1.323,-1,400.000,-1,400.000,-1,325.000,325.000,300.000,300.000,-1,-1,-1,-1,700.000,725.000,-1,-1,2,0,2,0,2,0,0,0,0,2,2,2,2,0,0,2,2
115,-870.362,5801.933,-151.660,200.182,-0.938006,0.344983,-0.033649,-0.345138,-0.938551,-0.001279,-0.032022,0.010414,0.999433,0,-0.44118,0.66228,-26.471,1.325,-1,400.000,-1,400.000,-1,325.000,325.000,300.000,300.000,-1,-1,-1,-1,700.000,750.000,-1,-1,2,0,2,0,2,0,0,0,0,2,2,2,2,0,0,2,2
116,-845.303,5811.809,-150.770,201.509,-0.929759,0.366624,-0.033688,-0.366789,-0.930303,-0.001383,-0.031847,0.011070,0.999431,0,-0.44891,0.66353,-26.935,1.327,-1,400.000,-1,400.000,-1,325.000,325.000,300.000,300.000,-1,-1,-1,-1,700.000,750.000,-1,-1,2,0,2,0,2,0,0,0,0,2,2,2,2,0,0,2,2
117,-820.051,5822.444,-149.871,202.839,-0.920991,0.388122,-0.033724,-0.388296,-0.921534,-0.001497,-0.031658,0.011716,0.999430,0,-0.45668,0.66518,-27.401,1.330,-1,400.000,-1,400.000,-1,325.000,325.000,300.000,300.000,-1,-1,1000.000,-1,700.000,750.000,-1,-1,2,0,2,0,2,0,0,0,0,2,2,0,2,0,0,2,2
118,-794.627,5833.856,-148.965,204.174,-0.911697,0.409474,-0.033756,-0.409657,-0.912238,-0.001624,-0.031459,0.012348,0.999429,0,-0.46446,0.66722,-27.867,1.334,-1,400.000,-1,400.000,-1,325.000,325.000,300.000,300.000,-1,-1,950.000,-1,700.000,750.000,-1,-1,2,0,2,0,2,0,0,0,0,2,2,0,2,0,0,2,2
119,-769.056,5846.060,-148.067,205.513,-0.901871,0.430681,-0.033803,-0.430871,-0.902412,-0.001839,-0.031296,0.012906,0.999427,0,-0.47224,0.66965,-28.334,1.339,-1,375.000,-1,400.000,-1,325.000,325.000,300.000,300.000,-1,-1,875.000,-1,700.000,750.000,-1,-1,2,0,2,0,2,0,0,0,0,2,2,0,2,0,0,2,2
120,-743.362,5859.071,-147.165,206.858,-0.891507,0.451740,-0.033843,-0.451936,-0.892048,-0.002071,-0.031125,0.013449,0.999425,0,-0.48001,0.67247,-28.801,1.345,-1,375.000,-1,400.000,-1,325.000,325.000,300.000,300.000,-1,975.000,825.000,-1,700.000,750.000,-1,-1,2,0,2,0,2,0,0,0,0,2,0,0,2,0,0,2,2
121,-717.971,5872.688,-146.195,208.203,-0.880647,0.472554,-0.033962,-0.472746,-0.881195,-0.002632,-0.031171,0.013738,0.999420,0,-0.48019,0.67254,-28.812,1.345,-1,375.000,-1,400.000,-1,325.000,325.000,300.000,300.000,-1,950.000,800.000,-1,700.000,750.000,-1,-1,2,0,2,0,2,0,0,0,0,2,0,0,2,0,0,2,2
122,-692.906,5886.896,-145.150,209.548,-0.869297,0.493108,-0.034148,-0.493287,-0.869859,-0.003572,-0.031465,0.013740,0.999410,0,-0.48019,0.67254,-28.812,1.345,-1,375.000,-1,400.000,-1,325.000,325.000,300.000,300.000,-1,950.000,800.000,-1,700.000,750.000,-1,-1,2,0,2,0,2,0,0,0,0,2,0,0,2,0,0,2,2
123,-668.182,5901.689,-144.107,210.893,-0.857468,0.513392,-0.034318,-0.513555,-0.858045,-0.004538,-0.031776,0.013733,0.999401,0,-0.48019,0.67254,-28.812,1.345,-1,375.000,-1,400.000,-1,325.000,325.000,300.000,300.000,-1,975.000,800.000,-1,700.000,775.000,-1,-1,2,0,2,0,2,0,0,0,0,2,0,0,2,0,0,2,2
124,-643.813,5917.058,-143.068,212.238,-0.845166,0.533392,-0.034471,-0.533540,-0.845757,-0.005530,-0.032104,0.013718,0.999390,0,-0.48019,0.67254,-28.812,1.345,-1,375.000,-1,400.000,-1,325.000,325.000,300.000,300.000,-1,1000.000,800.000,-1,700.000,775.000,-1,-1,2,0,2,0,2,0,0,0,0,2,0,0,2,0,0,2,2
125,-619.810,5932.996,-142.033,213.583,-0.832397,0.553098,-0.034605,-0.553229,-0.833003,-0.006548,-0.032447,0.013694,0.999380,0,-0.48019,0.67254,-28.812,1.345,-1,375.000,-1,400.000,-1,325.000,325.000,300.000,300.000,-1,-1,800.000,-1,700.000,775.000,-1,-1,2,0,2,0,2,0,0,0,0,2,2,0,2,0,0,2,2
126,-596.188,5949.492,-141.003,214.928,-0.819169,0.572500,-0.034718,-0.572613,-0.819791,-0.007590,-0.032807,0.013663,0.999368,0,-0.48019,0.67254,-28.812,1.345,-1,375.000,-1,400.000,-1,325.000,325.000,300.000,300.000,-1,-1,825.000,-1,700.000,775.000,-1,-1,2,0,2,0,2,0,0,0,0,2,2,0,2,0,0,2,2
127,-576.771,5963.617,-140.147,216.034,-0.807963,0.588204,-0.034798,-0.588301,-0.808597,-0.008473,-0.033121,0.013625,0.999358,0,-0.40019,0.55254,-24.012,1.105,-1,375.000,-1,400.000,-1,325.000,325.000,300.000,300.000,-1,-1,825.000,-1,700.000,775.000,-1,-1,2,0,2,0,2,0,0,0,0,2,2,0,2,0,0,2,2
128,-561.407,5975.151,-139.473,216.899,-0.798980,0.600346,-0.034882,-0.600430,-0.799625,-0.009180,-0.033404,0.013609,0.999349,0,-0.32019,0.43254,-19.212,0.865,-1,375.000,-1,400.000,-1,325.000,325.000,300.000,300.000,-1,-1,850.000,-1,700.000,775.000,-1,-1,2,0,2,0,2,0,0,0,0,2,2,0,2,0,0,2,2
129,-549.978,5983.929,-138.968,217.524,-0.792374,0.609034,-0.034940,-0.609108,-0.793028,-0.009715,-0.033625,0.013584,0.999342,0,-0.24019,0.31254,-14.412,0.625,-1,375.000,-1,400.000,-1,325.000,325.000,300.000,300.000,-1,-1,-1,-1,700.000,775.000,-1,-1,2,0,2,0,2,0,0,0,0,2,2,2,2,0,0,2,2
130,-542.394,5989.835,-138.627,217.909,-0.788258,0.614350,-0.034977,-0.614418,-0.788917,-0.010042,-0.033763,0.013575,0.999338,0,-0.16019,0.19254,-9.612,0.385,-1,375.000,-1,400.000,-1,325.000,325.000,300.000,300.000,-1,-1,-1,-1,700.000,775.000,-1,-1,2,0,2,0,2,0,0,0,0,2,2,2,2,0,0,2,2
131,-538.605,5992.801,-138.451,218.054,-0.786698,0.616346,-0.034998,-0.616411,-0.787359,-0.010169,-0.033824,0.013573,0.999336,0,-0.08019,0.07254,-4.812,0.145,-1,375.000,-1,400.000,-1,325.000,325.000,300.000,300.000,-1,-1,-1,-1,700.000,775.000,-1,-1,2,0,2,0,2,0,0,0,0,2,2,2,2,0,0,2,2
132,-538.596,5992.808,-138.452,217.959,-0.787718,0.615041,-0.035005,-0.615105,-0.788379,-0.010162,-0.033848,0.013527,0.999335,0,-0.00019,-0.04746,-0.012,-0.095,-1,375.000,-1,400.000,-1,325.000,325.000,300.000,300.000,-1,-1,-1,-1,700.000,775.000,-1,-1,2,0,2,0,2,0,0,0,0,2,2,2,2,0,0,2,2
133,-542.389,5989.885,-138.632,217.624,-0.791302,0.610422,-0.034997,-0.610488,-0.791962,-0.010021,-0.033834,0.013436,0.999337,0,0.07981,-0.16746,4.788,-0.335,-1,375.000,-1,400.000,-1,325.000,325.000,300.000,300.000,-1,-1,-1,-1,700.000,775.000,-1,-1,2,0,2,0,2,0,0,0,0,2,2,2,2,0,0,2,2
