timestep,x_cm,y_cm,z_cm,yaw_deg,basis_xx,basis_xy,basis_xz,basis_yx,basis_yy,basis_yz,basis_zx,basis_zy,basis_zz,teleport_flag,throttle_cmd,steering_cmd,cmd_move_cm,cmd_turn_deg,lidar_cm_0,lidar_cm_1,lidar_cm_2,lidar_cm_3,lidar_cm_4,lidar_cm_5,lidar_cm_6,lidar_cm_7,lidar_cm_8,lidar_cm_9,lidar_cm_10,lidar_cm_11,lidar_cm_12,lidar_cm_13,lidar_cm_14,lidar_cm_15,lidar_cm_16,lidar_class_0,lidar_class_1,lidar_class_2,lidar_class_3,lidar_class_4,lidar_class_5,lidar_class_6,lidar_class_7,lidar_class_8,lidar_class_9,lidar_class_10,lidar_class_11,lidar_class_12,lidar_class_13,lidar_class_14,lidar_class_15,lidar_class_16
0,6235.898,8200.704,-163.861,18.857,0.946321,-0.323206,-0.003772,0.323168,0.946305,-0.008304,0.006253,0.006640,0.999958,1,0.08000,0.12000,4.800,0.240,-1,375.000,-1,375.000,-1,300.000,300.000,325.000,325.000,-1,525.000,525.000,-1,675.000,675.000,-1,-1,2,0,2,0,2,0,0,0,0,2,0,0,2,0,0,2,2
1,6244.957,8203.883,-163.817,19.337,0.943579,-0.331122,-0.004171,0.331079,0.943564,-0.008544,0.006765,0.006681,0.999955,0,0.16000,0.24000,9.600,0.480,-1,375.000,-1,375.000,-1,300.000,300.000,325.000,325.000,-1,500.000,525.000,-1,675.000,675.000,-1,-1,2,0,2,0,2,0,0,0,0,2,0,0,2,0,0,2,2
2,6258.483,8208.822,-163.749,20.057,0.939341,-0.342953,-0.004765,0.342903,0.939328,-0.008913,0.007533,0.006738,0.999949,0,0.24000,0.36000,14.400,0.720,-1,375.000,-1,375.000,-1,300.000,300.000,325.000,300.000,-1,500.000,500.000,-1,675.000,675.000,-1,-1,2,0,2,0,2,0,0,0,0,2,0,0,2,0,0,2,2
3,6276.406,8215.708,-163.656,21.017,0.933459,-0.358642,-0.005546,0.358583,0.933450,-0.009423,0.008556,0.006807,0.999940,0,0.32000,0.48000,19.200,0.960,-1,375.000,-1,375.000,-1,300.000,300.000,325.000,300.000,-1,475.000,500.000,-1,675.000,675.000,-1,-1,2,0,2,0,2,0,0,0,0,2,0,0,2,0,0,2,2
4,6298.657,8224.702,-163.531,22.009,0.927104,-0.374748,-0.006515,0.374676,0.927101,-0.010074,0.009815,0.006899,0.999928,0,0.40000,0.49596,24.000,0.992,-1,375.000,-1,375.000,-1,300.000,300.000,325.000,300.000,-1,450.000,475.000,-1,675.000,675.000,-1,-1,2,0,2,0,2,0,0,0,0,2,0,0,2,0,0,2,2
5,6325.168,8235.954,-163.370,22.997,0.920500,-0.390668,-0.007666,0.390580,0.920505,-0.010874,0.011305,0.007015,0.999911,0,0.48000,0.49369,28.800,0.987,-1,375.000,-1,375.000,-1,300.000,300.000,325.000,300.000,-1,425.000,450.000,-1,700.000,675.000,-1,-1,2,0,2,0,2,0,0,0,0,2,0,0,2,0,0,2,2
6,6355.868,8249.609,-163.168,23.979,0.913658,-0.406384,-0.008989,0.406275,0.913674,-0.011831,0.013021,0.007157,0.999890,0,0.56000,0.49094,33.600,0.982,-1,375.000,-1,375.000,-1,325.000,300.000,325.000,300.000,-1,400.000,425.000,-1,700.000,675.000,-1,-1,2,0,2,0,2,0,0,0,0,2,0,0,2,0,0,2,2
7,6390.684,8265.809,-162.920,24.954,0.906592,-0.421878,-0.010472,0.421742,0.906623,-0.012953,0.014959,0.007327,0.999861,0,0.64000,0.48768,38.400,0.975,-1,375.000,-1,375.000,-1,325.000,300.000,325.000,300.000,-1,375.000,400.000,-1,700.000,675.000,-1,-1,2,0,2,0,2,0,0,0,0,2,0,0,2,0,0,2,2
8,6429.537,8284.694,-162.477,25.922,0.899318,-0.437131,-0.011967,0.436976,0.899370,-0.013611,0.016712,0.007011,0.999836,0,0.72000,0.48389,43.200,0.968,-1,375.000,-1,375.000,-1,300.000,300.000,325.000,300.000,-1,375.000,400.000,-1,700.000,675.000,-1,-1,2,0,2,0,2,0,0,0,0,2,0,0,2,0,0,2,2
9,6472.351,8306.396,-161.718,26.881,0.891853,-0.452127,-0.013419,0.451969,0.891935,-0.013290,0.017978,0.005788,0.999822,0,0.80000,0.47953,48.000,0.959,-1,375.000,-1,375.000,-1,300.000,300.000,325.000,300.000,-1,400.000,425.000,-1,700.000,675.000,-1,-1,2,0,2,0,2,0,0,0,0,2,0,0,2,0,0,2,2
10,6515.309,8329.074,-160.779,27.830,0.884203,-0.466844,-0.015543,0.466687,0.884330,-0.012754,0.019699,0.004024,0.999798,0,0.80959,0.47458,48.576,0.949,-1,375.000,-1,375.000,-1,300.000,300.000,325.000,300.000,-1,400.000,425.000,-1,700.000,675.000,-1,-1,2,0,2,0,2,0,0,0,0,2,0,0,2,0,0,2,2
11,6557.950,8352.485,-159.746,28.769,0.876385,-0.481275,-0.017986,0.481125,0.876568,-0.012181,0.021628,0.002022,0.999764,0,0.81076,0.46943,48.645,0.939,-1,375.000,-1,375.000,-1,300.000,300.000,325.000,300.000,-1,400.000,450.000,-1,700.000,675.000,-1,-1,2,0,2,0,2,0,0,0,0,2,0,0,2,0,0,2,2
12,6600.246,8376.607,-158.689,29.697,0.868417,-0.495413,-0.020442,0.495275,0.868658,-0.011707,0.023558,0.000042,0.999722,0,0.81152,0.46412,48.691,0.928,-1,375.000,-1,375.000,-1,300.000,300.000,300.000,300.000,-1,400.000,450.000,-1,700.000,700.000,-1,-1,2,0,2,0,2,0,0,0,0,2,0,0,2,0,0,2,2
13,6642.168,8401.414,-157.606,30.614,0.860310,-0.509256,-0.022905,0.509134,0.860613,-0.011333,0.025484,-0.001912,0.999673,0,0.81187,0.45869,48.712,0.917,-1,375.000,-1,375.000,-1,300.000,300.000,300.000,325.000,-1,400.000,450.000,-1,700.000,700.000,-1,-1,2,0,2,0,2,0,0,0,0,2,0,0,2,0,0,2,2
14,6683.690,8426.879,-156.260,31.521,0.852109,-0.522804,-0.024202,0.522686,0.852448,-0.011480,0.026633,-0.002868,0.999641,0,0.81181,0.45316,48.708,0.906,-1,375.000,-1,375.000,-1,300.000,300.000,300.000,300.000,-1,425.000,500.000,-1,700.000,700.000,-1,-1,2,0,2,0,2,0,0,0,0,2,0,0,2,0,0,2,2
15,6724.785,8452.975,-154.880,32.416,0.843799,-0.536056,-0.025440,0.535941,0.844174,-0.011702,0.027749,-0.003761,0.999608,0,0.81134,0.44757,48.680,0.895,-1,375.000,-1,375.000,-1,300.000,300.000,300.000,300.000,-1,450.000,525.000,-1,700.000,700.000,-1,-1,2,0,2,0,2,0,0,0,0,2,0,0,2,0,0,2,2
16,6765.429,8479.673,-153.478,33.300,0.835388,-0.549013,-0.026683,0.548901,0.835801,-0.011991,0.028884,-0.004629,0.999572,0,0.81048,0.44195,48.629,0.884,-1,375.000,-1,375.000,-1,300.000,300.000,300.000,300.000,-1,475.000,550.000,-1,725.000,700.000,-1,-1,2,0,2,0,2,0,0,0,0,2,0,0,2,0,0,2,2
17,6805.600,8506.945,-151.933,34.172,0.826883,-0.561678,-0.027975,0.561549,0.827341,-0.012987,0.030439,-0.004970,0.999524,0,0.80923,0.43633,48.554,0.873,-1,375.000,-1,375.000,-1,300.000,300.000,300.000,300.000,-1,500.000,575.000,-1,725.000,700.000,-1,-1,2,0,2,0,2,0,0,0,0,2,0,0,2,0,0,2,2
18,6845.278,8534.762,-150.378,35.034,0.818296,-0.574053,-0.029241,0.573907,0.818801,-0.013987,0.031972,-0.005336,0.999475,0,0.80762,0.43076,48.457,0.862,-1,375.000,-1,375.000,-1,300.000,300.000,300.000,300.000,-1,525.000,600.000,-1,725.000,700.000,-1,-1,2,0,2,0,2,0,0,0,0,2,0,0,2,0,0,2,2
19,6884.442,8563.100,-148.816,35.887,0.809603,-0.586186,-0.030479,0.586022,0.810157,-0.014989,0.033480,-0.005726,0.999423,0,0.80568,0.42679,48.341,0.854,-1,375.000,-1,375.000,-1,325.000,300.000,300.000,300.000,-1,525.000,600.000,-1,725.000,725.000,-1,-1,2,0,2,0,2,0,0,0,0,2,0,0,2,0,0,2,2
20,6923.074,8591.933,-147.245,36.736,0.800777,-0.598124,-0.031691,0.597942,0.801380,-0.015985,0.034958,-0.006148,0.999370,0,0.80342,0.42449,48.205,0.849,-1,375.000,-1,375.000,-1,325.000,300.000,300.000,300.000,-1,550.000,625.000,-1,750.000,725.000,-1,-1,2,0,2,0,2,0,0,0,0,2,0,0,2,0,0,2,2
21,6961.155,8621.240,-145.659,37.582,0.791815,-0.609876,-0.032874,0.609677,0.792469,-0.016938,0.036382,-0.006631,0.999316,0,0.80089,0.42252,48.053,0.845,-1,400.000,-1,375.000,-1,325.000,325.000,300.000,300.000,-1,575.000,650.000,-1,750.000,725.000,-1,-1,2,0,2,0,2,0,0,0,0,2,0,0,2,0,0,2,2
22,6998.671,8651.000,-143.998,38.423,0.782715,-0.621449,-0.034030,0.621245,0.783420,-0.017564,0.037576,-0.007393,0.999266,0,0.79811,0.42088,47.886,0.842,-1,400.000,-1,375.000,-1,325.000,325.000,300.000,300.000,-1,575.000,625.000,-1,750.000,725.000,-1,-1,2,0,2,0,2,0,0,0,0,2,0,0,2,0,0,2,2
23,7035.610,8681.193,-142.182,39.262,0.773476,-0.632849,-0.035178,0.632668,0.774226,-0.017480,0.038298,-0.008736,0.999228,0,0.79513,0.41958,47.708,0.839,-1,400.000,-1,375.000,-1,325.000,325.000,300.000,300.000,-1,575.000,625.000,-1,775.000,750.000,-1,-1,2,0,2,0,2,0,0,0,0,2,0,0,2,0,0,2,2
24,7071.959,8711.801,-140.359,40.100,0.764090,-0.644086,-0.036330,0.643931,0.764886,-0.017385,0.038986,-0.010110,0.999189,0,0.79200,0.41861,47.520,0.837,-1,400.000,-1,375.000,-1,325.000,325.000,300.000,300.000,-1,600.000,650.000,-1,775.000,750.000,-1,-1,2,0,2,0,2,0,0,0,0,2,0,0,2,0,0,2,2
25,7107.710,8742.810,-138.532,40.936,0.754554,-0.655167,-0.037486,0.655040,0.755396,-0.017280,0.039638,-0.011516,0.999148,0,0.78876,0.41798,47.325,0.836,-1,400.000,-1,400.000,-1,325.000,325.000,300.000,300.000,-1,600.000,650.000,-1,800.000,750.000,-1,-1,2,0,2,0,2,0,0,0,0,2,0,0,2,0,0,2,2
26,7142.859,8774.204,-136.705,41.771,0.744863,-0.666099,-0.038621,0.666003,0.745751,-0.017169,0.040237,-0.012933,0.999106,0,0.78546,0.41769,47.127,0.835,-1,400.000,-1,400.000,-1,325.000,325.000,300.000,300.000,-1,600.000,675.000,-1,800.000,775.000,-1,-1,2,0,2,0,2,0,0,0,0,2,0,0,2,0,0,2,2
27,7177.399,8805.973,-134.905,42.606,0.735018,-0.676890,-0.039612,0.676825,0.735946,-0.017069,0.040707,-0.014265,0.999069,0,0.78214,0.41773,46.929,0.835,-1,400.000,-1,400.000,-1,325.000,325.000,300.000,300.000,-1,625.000,700.000,-1,825.000,775.000,-1,-1,2,0,2,0,2,0,0,0,0,2,0,0,2,0,0,2,2
28,7211.329,8838.107,-133.177,43.443,0.725024,-0.687547,-0.040249,0.687508,0.725978,-0.017006,0.040912,-0.015342,0.999045,0,0.77887,0.41810,46.732,0.836,-1,400.000,-1,400.000,-1,325.000,325.000,300.000,300.000,-1,650.000,725.000,-1,825.000,775.000,-1,-1,2,0,2,0,2,0,0,0,0,2,0,0,2,0,0,2,2
29,7244.649,8870.600,-131.479,44.280,0.714865,-0.698075,-0.040727,0.698060,0.715839,-0.016937,0.040978,-0.016322,0.999027,0,0.77567,0.41879,46.540,0.838,-1,400.000,-1,400.000,-1,325.000,325.000,300.000,300.000,-1,675.000,750.000,-1,825.000,775.000,-1,-1,2,0,2,0,2,0,0,0,0,2,0,0,2,0,0,2,2
30,7277.359,8903.448,-129.790,45.120,0.704531,-0.708478,-0.041164,0.708489,0.705521,-0.016845,0.040976,-0.017297,0.999010,0,0.77261,0.41981,46.356,0.840,-1,400.000,-1,400.000,-1,325.000,325.000,300.000,300.000,-1,700.000,800.000,-1,850.000,775.000,-1,-1,2,0,2,0,2,0,0,0,0,2,0,0,2,0,0,2,2
31,7306.123,8933.441,-128.275,46.199,0.691034,-0.721632,-0.041468,0.721671,0.692034,-0.016749,0.040784,-0.018352,0.998999,0,0.69261,0.53981,41.556,1.080,-1,400.000,-1,400.000,-1,325.000,325.000,300.000,300.000,-1,750.000,850.000,-1,850.000,775.000,-1,-1,2,0,2,0,2,0,0,0,0,2,0,0,2,0,0,2,2
32,7331.052,8960.665,-126.846,47.519,0.674234,-0.737367,-0.041216,0.737427,0.675221,-0.016683,0.040131,-0.019145,0.999011,0,0.61522,0.65981,36.913,1.320,-1,400.000,-1,400.000,-1,325.000,325.000,300.000,300.000,-1,800.000,900.000,-1,850.000,775.000,-1,-1,2,0,2,0,2,0,0,0,0,2,0,0,2,0,0,2,2
33,7355.125,8988.431,-125.441,49.074,0.653973,-0.755408,-0.040960,0.755494,0.654946,-0.016573,0.039346,-0.020107,0.999023,0,0.61249,0.77767,36.749,1.555,-1,400.000,-1,400.000,-1,325.000,325.000,300.000,300.000,-1,875.000,975.000,-1,850.000,800.000,-1,-1,2,0,2,0,2,0,0,0,0,2,0,0,2,0,0,2,2
34,7378.329,9016.714,-124.059,50.633,0.633181,-0.772932,-0.040715,0.773045,0.634138,-0.016414,0.038506,-0.021081,0.999036,0,0.60973,0.77953,36.584,1.559,-1,400.000,-1,400.000,-1,325.000,325.000,300.000,300.000,-1,950.000,-1,-1,875.000,800.000,-1,-1,2,0,2,0,2,0,0,0,0,2,0,2,2,0,0,2,2
35,7400.663,9045.504,-122.700,52.197,0.611862,-0.789928,-0.040485,0.790070,0.612803,-0.016208,0.037612,-0.022069,0.999049,0,0.60727,0.78164,36.436,1.563,-1,400.000,-1,400.000,-1,325.000,325.000,300.000,300.000,-1,-1,-1,-1,875.000,800.000,-1,-1,2,0,2,0,2,0,0,0,0,2,2,2,2,0,0,2,2
36,7423.399,9076.522,-121.285,53.759,0.590107,-0.806320,-0.040264,0.806492,0.591030,-0.015939,0.036649,-0.023067,0.999062,0,0.64098,0.78100,38.459,1.562,-1,425.000,-1,400.000,-1,325.000,325.000,300.000,300.000,-1,-1,-1,-1,875.000,800.000,-1,-1,2,0,2,0,2,0,0,0,0,2,2,2,2,0,0,2,2
37,7445.168,9107.984,-120.025,55.320,0.567933,-0.822089,-0.040262,0.822321,0.568827,-0.014975,0.035213,-0.024604,0.999077,0,0.63765,0.78042,38.259,1.561,-1,425.000,-1,400.000,-1,325.000,325.000,300.000,300.000,-1,-1,-1,-1,875.000,800.000,-1,-1,2,0,2,0,2,0,0,0,0,2,2,2,2,0,0,2,2
38,7465.960,9139.856,-118.885,56.880,0.545348,-0.837232,-0.040478,0.837543,0.546204,-0.013513,0.033423,-0.026532,0.999089,0,0.63424,0.78014,38.054,1.560,-1,425.000,-1,400.000,-1,325.000,325.000,300.000,300.000,-1,-1,-1,-1,875.000,800.000,-1,-1,2,0,2,0,2,0,0,0,0,2,2,2,2,0,0,2,2
39,7485.769,9172.107,-117.775,58.440,0.522360,-0.851749,-0.040787,0.852140,0.523176,-0.012026,0.031581,-0.028474,0.999096,0,0.63081,0.78018,37.849,1.560,-1,425.000,-1,400.000,-1,325.000,325.000,300.000,300.000,-1,-1,-1,-1,875.000,800.000,-1,-1,2,0,2,0,2,0,0,0,0,2,2,2,2,0,0,2,2
40,7504.590,9204.709,-116.708,60.001,0.498977,-0.865637,-0.041168,0.866105,0.499750,-0.010580,0.029732,-0.030376,0.999096,0,0.62742,0.78052,37.645,1.561,-1,425.000,-1,400.000,-1,325.000,325.000,300.000,300.000,-1,-1,-1,-1,875.000,800.000,-1,-1,2,0,2,0,2,0,0,0,0,2,2,2,2,0,0,2,2
41,7522.421,9237.638,-115.689,61.564,0.475207,-0.878889,-0.041612,0.879432,0.475936,-0.009198,0.027889,-0.032224,0.999091,0,0.62412,0.78116,37.447,1.562,-1,425.000,-1,400.000,-1,325.000,325.000,300.000,300.000,-1,-1,-1,-1,875.000,800.000,-1,-1,2,0,2,0,2,0,0,0,0,2,2,2,2,0,0,2,2
42,7539.260,9270.871,-114.753,63.128,0.451057,-0.891504,-0.042047,0.892112,0.451743,-0.008033,0.026156,-0.033888,0.999083,0,0.62094,0.78209,37.256,1.564,-1,425.000,-1,400.000,-1,325.000,325.000,300.000,300.000,-1,-1,-1,-1,875.000,800.000,-1,-1,2,0,2,0,2,0,0,0,0,2,2,2,2,0,0,2,2
43,7555.107,9304.390,-113.894,64.694,0.426533,-0.903474,-0.042467,0.904139,0.427179,-0.007061,0.024521,-0.035384,0.999073,0,0.61793,0.78331,37.076,1.567,-1,425.000,-1,400.000,-1,325.000,325.000,300.000,300.000,-1,-1,-1,-1,875.000,800.000,-1,-1,2,0,2,0,2,0,0,0,0,2,2,2,2,0,0,2,2
44,7569.963,9338.176,-113.222,66.264,0.401676,-0.914806,-0.042258,0.915507,0.402258,-0.005936,0.022429,-0.036303,0.999089,0,0.61514,0.78481,36.909,1.570,-1,425.000,-1,400.000,-1,325.000,325.000,300.000,300.000,-1,-1,-1,-1,875.000,800.000,-1,-1,2,0,2,0,2,0,0,0,0,2,2,2,2,0,0,2,2
45,7583.828,9372.216,-112.687,67.837,0.376481,-0.925487,-0.041668,0.926208,0.376985,-0.004674,0.020034,-0.036834,0.999121,0,0.61260,0.78657,36.756,1.573,-1,425.000,-1,400.000,-1,325.000,325.000,300.000,300.000,-1,-1,-1,-1,875.000,800.000,-1,-1,2,0,2,0,2,0,0,0,0,2,2,2,2,0,0,2,2
46,7596.704,9406.498,-112.186,69.414,0.350936,-0.935494,-0.041165,0.936234,0.351362,-0.003388,0.017633,-0.037351,0.999147,0,0.61033,0.78860,36.620,1.577,-1,400.000,-1,400.000,-1,325.000,325.000,300.000,300.000,-1,-1,-1,-1,875.000,775.000,-1,-1,2,0,2,0,2,0,0,0,0,2,2,2,2,0,0,2,2
47,7608.589,9441.010,-111.720,70.996,0.325049,-0.944819,-0.040747,0.945574,0.325399,-0.002083,0.015227,-0.037852,0.999167,0,0.60837,0.79088,36.502,1.582,-1,400.000,-1,400.000,-1,325.000,325.000,300.000,300.000,-1,-1,-1,-1,875.000,775.000,-1,-1,2,0,2,0,2,0,0,0,0,2,2,2,2,0,0,2,2
48,7619.486,9475.745,-111.291,72.583,0.298832,-0.953450,-0.040410,0.954220,0.299105,-0.000760,0.012811,-0.038333,0.999183,0,0.60674,0.79341,36.404,1.587,-1,400.000,-1,400.000,-1,325.000,325.000,300.000,300.000,-1,-1,-1,-1,875.000,775.000,-1,-1,2,0,2,0,2,0,0,0,0,2,2,2,2,0,0,2,2
49,7629.391,9510.695,-110.898,74.175,0.272293,-0.961376,-0.040152,0.962158,0.272490,0.000577,0.010386,-0.038790,0.999193,0,0.60545,0.79617,36.327,1.592,-1,400.000,-1,400.000,-1,325.000,325.000,300.000,300.000,-1,-1,-1,-1,875.000,775.000,-1,-1,2,0,2,0,2,0,0,0,0,2,2,2,2,0,0,2,2
50,7638.305,9545.854,-110.543,75.774,0.245444,-0.968586,-0.039972,0.969378,0.245565,0.001928,0.007949,-0.039221,0.999199,0,0.60452,0.79916,36.271,1.598,-1,400.000,-1,400.000,-1,325.000,325.000,300.000,300.000,-1,-1,-1,-1,875.000,775.000,-1,-1,2,0,2,0,2,0,0,0,0,2,2,2,2,0,0,2,2
51,7646.222,9581.216,-110.225,77.378,0.218296,-0.975068,-0.039865,0.975867,0.218341,0.003289,0.005497,-0.039621,0.999200,0,0.60396,0.80237,36.238,1.605,-1,400.000,-1,400.000,-1,325.000,325.000,300.000,300.000,-1,-1,-1,-1,875.000,775.000,-1,-1,2,0,2,0,2,0,0,0,0,2,2,2,2,0,0,2,2
52,7653.141,9616.775,-109.947,78.990,0.190862,-0.980808,-0.039831,0.981612,0.190829,0.004660,0.003030,-0.039989,0.999196,0,0.60377,0.80579,36.226,1.612,-1,400.000,-1,400.000,-1,325.000,325.000,300.000,300.000,-1,-1,-1,-1,850.000,775.000,-1,-1,2,0,2,0,2,0,0,0,0,2,2,2,2,0,0,2,2
53,7660.009,9657.222,-109.662,80.361,0.167411,-0.985082,-0.039837,0.985887,0.167295,0.006238,0.000519,-0.040320,0.999187,0,0.68377,0.68579,41.026,1.372,-1,400.000,-1,400.000,-1,325.000,325.000,300.000,300.000,-1,-1,-1,-1,850.000,775.000,-1,-1,2,0,2,0,2,0,0,0,0,2,2,2,2,0,0,2,2
54,7666.788,9702.544,-109.375,81.493,0.148010,-0.988181,-0.039883,0.988984,0.147807,0.008020,-0.002030,-0.040631,0.999172,0,0.76377,0.56579,45.826,1.132,-1,400.000,-1,400.000,-1,325.000,325.000,300.000,300.000,-1,-1,-1,-1,850.000,775.000,-1,-1,2,0,2,0,2,0,0,0,0,2,2,2,2,0,0,2,2
55,7673.496,9752.724,-109.083,82.385,0.132708,-0.990349,-0.039962,0.991144,0.132411,0.010001,-0.004613,-0.040936,0.999151,0,0.84377,0.44579,50.626,0.892,-1,400.000,-1,400.000,-1,325.000,325.000,300.000,300.000,-1,-1,-1,-1,850.000,775.000,-1,-1,2,0,2,0,2,0,0,0,0,2,2,2,2,0,0,2,2
56,7680.216,9807.741,-108.871,83.036,0.121526,-0.991764,-0.040446,0.992564,0.121137,0.011944,-0.006946,-0.041597,0.999110,0,0.92377,0.32579,55.426,0.652,-1,400.000,-1,400.000,-1,325.000,325.000,300.000,300.000,-1,-1,-1,-1,825.000,750.000,-1,-1,2,0,2,0,2,0,0,0,0,2,2,2,2,0,0,2,2
57,7686.795,9865.031,-109.158,83.448,0.114474,-0.992510,-0.042656,0.993390,0.113998,0.013443,-0.008479,-0.043913,0.998999,0,0.96111,0.20579,57.667,0.412,-1,400.000,-1,400.000,-1,325.000,325.000,300.000,300.000,-1,-1,-1,-1,825.000,750.000,-1,-1,2,0,2,0,2,0,0,0,0,2,2,2,2,0,0,2,2
58,7693.227,9922.562,-109.906,83.619,0.111546,-0.992811,-0.043399,0.993715,0.111021,0.014327,-0.009406,-0.044725,0.998955,0,0.96482,0.08579,57.889,0.172,-1,400.000,-1,400.000,-1,325.000,325.000,300.000,300.000,-1,-1,-1,-1,825.000,750.000,-1,-1,2,0,2,0,2,0,0,0,0,2,2,2,2,0,0,2,2
59,7699.756,9980.328,-110.667,83.551,0.112776,-0.992640,-0.044133,0.993568,0.112202,0.015277,-0.010213,-0.045572,0.998909,0,0.96890,-0.03421,58.134,-0.068,-1,400.000,-1,400.000,-1,325.000,325.000,300.000,300.000,-1,-1,-1,-1,800.000,750.000,-1,-1,2,0,2,0,2,0,0,0,0,2,2,2,2,0,0,2,2
60,7706.627,10038.318,-111.410,83.243,0.118161,-0.991978,-0.044924,0.992935,0.117539,0.016247,-0.010836,-0.046526,0.998858,0,0.97325,-0.15421,58.395,-0.308,-1,400.000,-1,400.000,-1,325.000,325.000,300.000,300.000,-1,-1,-1,-1,800.000,750.000,-1,-1,2,0,2,0,2,0,0,0,0,2,2,2,2,0,0,2,2
61,7714.087,10096.510,-112.124,82.694,0.127690,-0.990758,-0.045764,0.991750,0.127022,0.017238,-0.011266,-0.047587,0.998804,0,0.97781,-0.27421,58.668,-0.548,-1,400.000,-1,400.000,-1,325.000,325.000,300.000,300.000,-1,-1,-1,-1,800.000,750.000,-1,-1,2,0,2,0,2,0,0,0,0,2,2,2,2,0,0,2,2
62,7722.374,10154.787,-112.796,81.906,0.141348,-0.988860,-0.046644,0.989893,0.140635,0.018255,-0.011492,-0.048753,0.998745,0,0.98106,-0.39421,58.863,-0.788,-1,400.000,-1,400.000,-1,325.000,325.000,300.000,300.000,-1,-1,-1,-1,800.000,750.000,-1,-1,2,0,2,0,2,0,0,0,0,2,2,2,2,0,0,2,2
63,7731.706,10212.906,-113.411,80.877,0.159107,-0.986115,-0.047556,0.987194,0.158351,0.019300,-0.011501,-0.050018,0.998682,0,0.98106,-0.51421,58.863,-1.028,-1,400.000,-1,375.000,-1,325.000,325.000,300.000,300.000,-1,-1,-1,-1,775.000,750.000,-1,-1,2,0,2,0,2,0,0,0,0,2,2,2,2,0,0,2,2
64,7742.322,10270.805,-113.957,79.609,0.180926,-0.982300,-0.048495,0.983432,0.180128,0.020381,-0.011285,-0.051379,0.998615,0,0.98106,-0.63421,58.863,-1.268,-1,400.000,-1,375.000,-1,325.000,325.000,300.000,300.000,-1,-1,-1,-1,775.000,750.000,-1,-1,2,0,2,0,2,0,0,0,0,2,2,2,2,0,0,2,2
65,7754.459,10328.404,-114.360,78.100,0.206733,-0.977157,-0.049255,0.978340,0.205911,0.021266,-0.010638,-0.052584,0.998560,0,0.98106,-0.75421,58.863,-1.508,-1,400.000,-1,375.000,-1,325.000,325.000,300.000,300.000,-1,-1,-1,-1,775.000,725.000,-1,-1,2,0,2,0,2,0,0,0,0,2,2,2,2,0,0,2,2
66,7768.348,10385.606,-114.608,76.352,0.236443,-0.970365,-0.049855,0.971598,0.235616,0.021950,-0.009553,-0.053629,0.998515,0,0.98106,-0.87421,58.863,-1.748,-1,400.000,-1,375.000,-1,325.000,325.000,300.000,300.000,-1,-1,-1,-1,775.000,725.000,-1,-1,2,0,2,0,2,0,0,0,0,2,2,2,2,0,0,2,2
67,7783.525,10439.834,-114.803,74.364,0.269934,-0.961536,-0.050825,0.962847,0.269124,0.022297,-0.007761,-0.054956,0.998459,0,0.93852,-0.99421,56.311,-1.988,-1,400.000,-1,375.000,-1,325.000,325.000,300.000,300.000,-1,-1,-1,-1,750.000,725.000,-1,-1,2,0,2,0,2,0,0,0,0,2,2,2,2,0,0,2,2
68,7800.585,10493.499,-114.877,72.364,0.303259,-0.951490,-0.051964,0.952893,0.302495,0.022164,-0.005370,-0.056238,0.998403,0,0.93852,-1.00000,56.311,-2.000,-1,400.000,-1,375.000,-1,325.000,325.000,300.000,300.000,-1,-1,-1,-1,775.000,725.000,-1,-1,2,0,2,0,2,0,0,0,0,2,2,2,2,0,0,2,2
69,7819.509,10546.536,-114.839,70.364,0.336207,-0.940284,-0.053202,0.941784,0.335493,0.022095,-0.002927,-0.057533,0.998339,0,0.93852,-1.00000,56.311,-2.000,-1,400.000,-1,400.000,-1,325.000,325.000,300.000,300.000,-1,-1,-1,-1,775.000,725.000,-1,-1,2,0,2,0,2,0,0,0,0,2,2,2,2,0,0,2,2
70,7840.271,10598.881,-114.811,68.364,0.368719,-0.927956,-0.054256,0.929541,0.368085,0.021609,-0.000081,-0.058401,0.998293,0,0.93852,-1.00000,56.311,-2.000,-1,400.000,-1,400.000,-1,325.000,325.000,300.000,300.000,-1,-1,-1,-1,775.000,725.000,-1,-1,2,0,2,0,2,0,0,0,0,2,2,2,2,0,0,2,2
71,7862.848,10650.469,-114.675,66.364,0.400774,-0.914498,-0.055441,0.916172,0.400226,0.021151,0.002846,-0.059271,0.998238,0,0.93852,-1.00000,56.311,-2.000,-1,400.000,-1,400.000,-1,325.000,325.000,300.000,300.000,-1,-1,-1,-1,775.000,725.000,-1,-1,2,0,2,0,2,0,0,0,0,2,2,2,2,0,0,2,2
72,7887.212,10701.237,-114.413,64.364,0.432333,-0.899922,-0.056819,0.901695,0.431873,0.020782,0.005837,-0.060218,0.998168,0,0.93852,-1.00000,56.311,-2.000,-1,400.000,-1,400.000,-1,325.000,325.000,300.000,300.000,-1,-1,-1,-1,800.000,725.000,-1,-1,2,0,2,0,2,0,0,0,0,2,2,2,2,0,0,2,2
73,7913.332,10751.125,-114.040,62.364,0.463360,-0.884250,-0.058308,0.886126,0.462989,0.020539,0.008834,-0.061186,0.998087,0,0.93852,-1.00000,56.311,-2.000,-1,400.000,-1,400.000,-1,325.000,325.000,300.000,300.000,-1,-1,-1,-1,800.000,725.000,-1,-1,2,0,2,0,2,0,0,0,0,2,2,2,2,0,0,2,2
74,7941.178,10800.070,-113.535,60.364,0.493823,-0.867504,-0.059798,0.869483,0.493539,0.020458,0.011765,-0.062096,0.998001,0,0.93852,-1.00000,56.311,-2.000,-1,400.000,-1,400.000,-1,325.000,325.000,300.000,300.000,-1,-1,-1,-1,825.000,750.000,-1,-1,2,0,2,0,2,0,0,0,0,2,2,2,2,0,0,2,2
75,7970.715,10848.014,-112.829,58.364,0.523702,-0.849720,-0.060926,0.851780,0.523495,0.020586,0.014402,-0.062676,0.997930,0,0.93852,-1.00000,56.311,-2.000,-1,400.000,-1,400.000,-1,325.000,325.000,300.000,300.000,-1,-1,-1,-1,825.000,750.000,-1,-1,2,0,2,0,2,0,0,0,0,2,2,2,2,0,0,2,2
76,8001.908,10894.898,-111.988,56.364,0.552947,-0.830906,-0.062011,0.833044,0.552813,0.020859,0.016949,-0.063192,0.997857,0,0.93852,-1.00000,56.311,-2.000,-1,400.000,-1,400.000,-1,325.000,325.000,300.000,300.000,-1,900.000,-1,-1,825.000,750.000,-1,-1,2,0,2,0,2,0,0,0,0,2,0,2,2,0,0,2,2
77,8034.718,10940.665,-110.991,54.364,0.581529,-0.811088,-0.062939,0.813296,0.581461,0.021284,0.019334,-0.063565,0.997790,0,0.93852,-1.00000,56.311,-2.000,-1,400.000,-1,400.000,-1,325.000,325.000,300.000,300.000,-1,800.000,-1,-1,825.000,750.000,-1,-1,2,0,2,0,2,0,0,0,0,2,0,2,2,0,0,2,2
78,8069.105,10985.258,-109.817,52.364,0.609420,-0.790293,-0.063584,0.792556,0.609407,0.021850,0.021481,-0.063710,0.997737,0,0.93852,-1.00000,56.311,-2.000,-1,400.000,-1,375.000,-1,325.000,325.000,300.000,300.000,-1,775.000,-1,-1,825.000,775.000,-1,-1,2,0,2,0,2,0,0,0,0,2,0,2,2,0,0,2,2
79,8105.027,11028.624,-108.530,50.364,0.636572,-0.768535,-0.064266,0.770857,0.636610,0.022537,0.023592,-0.063886,0.997678,0,0.93852,-1.00000,56.311,-2.000,-1,400.000,-1,375.000,-1,325.000,325.000,300.000,300.000,-1,800.000,-1,-1,825.000,775.000,-1,-1,2,0,2,0,2,0,0,0,0,2,0,2,2,0,0,2,2
80,8142.441,11070.711,-107.177,48.364,0.662955,-0.745831,-0.065016,0.748224,0.663027,0.023585,0.025517,-0.064282,0.997605,0,0.93852,-1.00000,56.311,-2.000,-1,400.000,-1,375.000,-1,325.000,325.000,300.000,300.000,-1,850.000,-1,-1,825.000,775.000,-1,-1,2,0,2,0,2,0,0,0,0,2,0,2,2,0,0,2,2
81,8181.300,11111.466,-105.754,46.364,0.688538,-0.722209,-0.065798,0.724687,0.688625,0.024988,0.027263,-0.064888,0.997520,0,0.93852,-1.00000,56.311,-2.000,-1,400.000,-1,375.000,-1,325.000,325.000,300.000,300.000,-1,875.000,-1,-1,825.000,800.000,-1,-1,2,0,2,0,2,0,0,0,0,2,0,2,2,0,0,2,2
82,8221.559,11150.839,-104.017,44.364,0.713258,-0.697745,-0.066450,0.700275,0.713419,0.025462,0.029641,-0.064694,0.997465,0,0.93852,-1.00000,56.311,-2.000,-1,400.000,-1,375.000,-1,325.000,325.000,300.000,300.000,-1,900.000,1000.000,-1,825.000,800.000,-1,-1,2,0,2,0,2,0,0,0,0,2,0,0,2,0,0,2,2
83,8263.168,11188.784,-102.164,42.364,0.737109,-0.672430,-0.067140,0.675015,0.737344,0.026034,0.031999,-0.064510,0.997404,0,0.93852,-1.00000,56.311,-2.000,-1,400.000,-1,375.000,-1,325.000,325.000,300.000,300.000,-1,925.000,-1,-1,825.000,800.000,-1,-1,2,0,2,0,2,0,0,0,0,2,0,2,2,0,0,2,2
84,8306.075,11225.254,-100.127,40.364,0.760073,-0.646284,-0.067869,0.648941,0.760358,0.027035,0.034133,-0.064591,0.997328,0,0.93852,-1.00000,56.311,-2.000,-1,400.000,-1,400.000,-1,325.000,325.000,300.000,300.000,-1,950.000,-1,-1,825.000,825.000,-1,-1,2,0,2,0,2,0,0,0,0,2,0,2,2,0,0,2,2
85,8350.229,11260.203,-98.030,38.364,0.782106,-0.619358,-0.068600,0.622082,0.782455,0.027891,0.036402,-0.064488,0.997254,0,0.93852,-1.00000,56.311,-2.000,-1,400.000,-1,400.000,-1,325.000,325.000,300.000,300.000,-1,975.000,-1,-1,850.000,825.000,-1,-1,2,0,2,0,2,0,0,0,0,2,0,2,2,0,0,2,2
86,8395.576,11293.591,-95.827,36.364,0.803187,-0.591678,-0.069340,0.594471,0.803600,0.028832,0.038662,-0.064378,0.997176,0,0.93852,-1.00000,56.311,-2.000,-1,400.000,-1,400.000,-1,325.000,325.000,300.000,300.000,-1,975.000,-1,-1,850.000,850.000,-1,-1,2,0,2,0,2,0,0,0,0,2,0,2,2,0,0,2,2
87,8442.060,11325.375,-93.519,34.364,0.823291,-0.563277,-0.070083,0.566143,0.823766,0.029855,0.040915,-0.064257,0.997094,0,0.93852,-1.00000,56.311,-2.000,-1,400.000,-1,400.000,-1,325.000,325.000,300.000,300.000,-1,1000.000,-1,-1,875.000,875.000,-1,-1,2,0,2,0,2,0,0,0,0,2,0,2,2,0,0,2,2
88,8489.626,11355.518,-91.381,32.364,0.842473,-0.534224,-0.069600,0.537071,0.842984,0.030539,0.042357,-0.063108,0.997107,0,0.93852,-1.00000,56.311,-2.000,-1,400.000,-1,400.000,-1,325.000,325.000,325.000,300.000,-1,-1,-1,-1,875.000,900.000,-1,-1,2,0,2,0,2,0,0,0,0,2,2,2,2,0,0,2,2
89,8538.214,11383.982,-89.188,30.364,0.860643,-0.504521,-0.068934,0.507334,0.861187,0.031136,0.043656,-0.061769,0.997135,0,0.93852,-1.00000,56.311,-2.000,-1,425.000,-1,400.000,-1,325.000,325.000,325.000,300.000,-1,-1,-1,-1,875.000,900.000,-1,-1,2,0,2,0,2,0,0,0,0,2,2,2,2,0,0,2,2
90,8587.766,11410.733,-86.956,28.364,0.877748,-0.474192,-0.068557,0.476992,0.878331,0.031822,0.045126,-0.060632,0.997140,0,0.93852,-1.00000,56.311,-2.000,-1,425.000,-1,400.000,-1,325.000,325.000,300.000,300.000,-1,-1,-1,-1,875.000,925.000,-1,-1,2,0,2,0,2,0,0,0,0,2,2,2,2,0,0,2,2
91,8638.222,11435.738,-84.557,26.364,0.893807,-0.443289,-0.067854,0.446049,0.894424,0.032339,0.046354,-0.059171,0.997171,0,0.93852,-1.00000,56.311,-2.000,-1,425.000,-1,400.000,-1,325.000,325.000,300.000,300.000,-1,-1,-1,-1,875.000,950.000,-1,-1,2,0,2,0,2,0,0,0,0,2,2,2,2,0,0,2,2
92,8689.520,11458.967,-82.060,24.364,0.908824,-0.411840,-0.066538,0.414538,0.909430,0.033104,0.046878,-0.057668,0.997235,0,0.93852,-1.00000,56.311,-2.000,-1,425.000,-1,400.000,-1,325.000,325.000,300.000,300.000,-1,-1,-1,-1,900.000,950.000,-1,-1,2,0,2,0,2,0,0,0,0,2,2,2,2,0,0,2,2
93,8741.596,11480.392,-79.717,22.364,0.922770,-0.379862,-0.064816,0.382532,0.923277,0.035042,0.046532,-0.057130,0.997282,0,0.93852,-1.00000,56.311,-2.000,-1,425.000,-1,400.000,-1,325.000,325.000,300.000,300.000,-1,-1,-1,-1,900.000,950.000,-1,-1,2,0,2,0,2,0,0,0,0,2,2,2,2,0,0,2,2
94,8794.389,11499.987,-77.274,20.364,0.935592,-0.347421,-0.062981,0.350054,0.936005,0.036839,0.046152,-0.056513,0.997335,0,0.93852,-1.00000,56.311,-2.000,-1,425.000,-1,400.000,-1,325.000,325.000,300.000,300.000,-1,-1,-1,-1,900.000,950.000,-1,-1,2,0,2,0,2,0,0,0,0,2,2,2,2,0,0,2,2
95,8847.833,11517.728,-74.734,18.364,0.947274,-0.314556,-0.061041,0.317143,0.947597,0.038485,0.045737,-0.055814,0.997393,0,0.93852,-1.00000,56.311,-2.000,-1,400.000,-1,400.000,-1,325.000,325.000,300.000,300.000,-1,-1,-1,-1,900.000,950.000,-1,-1,2,0,2,0,2,0,0,0,0,2,2,2,2,0,0,2,2
96,8901.864,11533.592,-72.098,16.364,0.957802,-0.281306,-0.059005,0.283837,0.958039,0.039967,0.045287,-0.055028,0.997457,0,0.93852,-1.00000,56.311,-2.000,-1,400.000,-1,400.000,-1,325.000,325.000,300.000,300.000,-1,-1,-1,-1,900.000,950.000,-1,-1,2,0,2,0,2,0,0,0,0,2,2,2,2,0,0,2,2
97,8956.415,11547.561,-69.367,14.364,0.967163,-0.247711,-0.056885,0.250179,0.967319,0.041275,0.044802,-0.054151,0.997527,0,0.93852,-1.00000,56.311,-2.000,-1,400.000,-1,425.000,-1,325.000,325.000,300.000,325.000,-1,-1,-1,-1,925.000,950.000,-1,-1,2,0,2,0,2,0,0,0,0,2,2,2,2,0,0,2,2
98,9006.685,11558.801,-66.793,12.604,0.974428,-0.217895,-0.054889,0.220298,0.974514,0.042322,0.044269,-0.053332,0.997595,0,0.85852,-0.88000,51.511,-1.760,-1,425.000,-1,425.000,-1,325.000,325.000,300.000,325.000,-1,-1,-1,-1,925.000,975.000,-1,-1,2,0,2,0,2,0,0,0,0,2,2,2,2,0,0,2,2
99,9052.526,11567.780,-64.399,11.084,0.979965,-0.191976,-0.053045,0.194316,0.979989,0.043154,0.043699,-0.052597,0.997659,0,0.77852,-0.76000,46.711,-1.520,-1,425.000,-1,425.000,-1,325.000,325.000,300.000,325.000,-1,-1,-1,-1,925.000,975.000,-1,-1,2,0,2,0,2,0,0,0,0,2,2,2,2,0,0,2,2
100,9093.826,11574.911,-62.208,9.797,0.984118,-0.169919,-0.051371,0.172201,0.984087,0.043811,0.043110,-0.051961,0.997718,0,0.69852,-0.64357,41.911,-1.287,-1,425.000,-1,425.000,-1,350.000,350.000,300.000,325.000,-1,-1,-1,-1,925.000,975.000,-1,-1,2,0,2,0,2,0,0,0,0,2,2,2,2,0,0,2,2
101,9134.325,11580.970,-60.026,8.509,0.987771,-0.147777,-0.049710,0.149997,0.987691,0.044353,0.042544,-0.051267,0.997778,0,0.68249,-0.64357,40.949,-1.287,-1,425.000,-1,425.000,-1,350.000,350.000,300.000,325.000,-1,-1,-1,-1,925.000,1000.000,-1,-1,2,0,2,0,2,0,0,0,0,2,2,2,2,0,0,2,2
102,9174.949,11586.117,-58.207,7.222,0.990923,-0.125567,-0.047997,0.127658,0.990873,0.043299,0.042122,-0.049033,0.997909,0,0.68249,-0.64357,40.949,-1.287,-1,425.000,-1,425.000,-1,350.000,350.000,300.000,325.000,-1,-1,-1,-1,950.000,1000.000,-1,-1,2,0,2,0,2,0,0,0,0,2,2,2,2,0,0,2,2
103,9215.679,11590.350,-56.632,5.935,0.993587,-0.103291,-0.046008,0.105223,0.993572,0.041756,0.041399,-0.046330,0.998068,0,0.68249,-0.64357,40.949,-1.287,-1,425.000,-1,425.000,-1,350.000,350.000,300.000,325.000,-1,-1,-1,-1,950.000,975.000,-1,-1,2,0,2,0,2,0,0,0,0,2,2,2,2,0,0,2,2
104,9256.494,11593.668,-55.574,4.648,0.995764,-0.080948,-0.043617,0.082798,0.995663,0.042420,0.039994,-0.045852,0.998147,0,0.68249,-0.64357,40.949,-1.287,-1,425.000,-1,425.000,-1,350.000,350.000,300.000,300.000,-1,-1,-1,-1,950.000,975.000,-1,-1,2,0,2,0,2,0,0,0,0,2,2,2,2,0,0,2,2
105,9297.373,11596.069,-54.478,3.361,0.997433,-0.058564,-0.041207,0.060328,0.997254,0.042949,0.038579,-0.045325,0.998227,0,0.68249,-0.64357,40.949,-1.287,-1,425.000,-1,425.000,-1,350.000,350.000,300.000,300.000,-1,-1,-1,-1,925.000,950.000,-1,-1,2,0,2,0,2,0,0,0,0,2,2,2,2,0,0,2,2
106,9338.296,11597.550,-53.343,2.074,0.998594,-0.036149,-0.038784,0.037823,0.998344,0.043343,0.037153,-0.044749,0.998307,0,0.68249,-0.64357,40.949,-1.287,-1,425.000,-1,425.000,-1,350.000,325.000,300.000,300.000,-1,-1,-1,-1,925.000,950.000,-1,-1,2,0,2,0,2,0,0,0,0,2,2,2,2,0,0,2,2
107,9379.241,11598.112,-52.170,0.787,0.999245,-0.013714,-0.036353,0.015296,0.998932,0.043603,0.035716,-0.044126,0.998387,0,0.68249,-0.64357,40.949,-1.287,-1,425.000,-1,425.000,-1,325.000,325.000,300.000,300.000,-1,-1,-1,-1,900.000,950.000,-1,-1,2,0,2,0,2,0,0,0,0,2,2,2,2,0,0,2,2
108,9420.189,11597.754,-50.959,-0.501,0.999386,0.008728,-0.033918,-0.007241,0.999017,0.043729,0.034267,-0.043457,0.998467,0,0.68249,-0.64357,40.949,-1.287,-1,425.000,-1,425.000,-1,325.000,325.000,300.000,300.000,-1,-1,-1,-1,900.000,925.000,-1,-1,2,0,2,0,2,0,0,0,0,2,2,2,2,0,0,2,2
109,9461.121,11596.476,-49.712,-1.788,0.999018,0.031168,-0.031486,-0.029777,0.998600,0.043722,0.032805,-0.042741,0.998547,0,0.68253,-0.64358,40.952,-1.287,-1,400.000,-1,425.000,-1,325.000,325.000,300.000,300.000,-1,-1,-1,-1,900.000,925.000,-1,-1,2,0,2,0,2,0,0,0,0,2,2,2,2,0,0,2,2
110,9502.302,11594.262,-48.419,-3.078,0.998137,0.053654,-0.029045,-0.052361,0.997677,0.043581,0.031316,-0.041979,0.998628,0,0.68734,-0.64530,41.240,-1.291,-1,400.000,-1,400.000,-1,325.000,325.000,300.000,300.000,-1,-1,-1,-1,875.000,900.000,-1,-1,2,0,2,0,2,0,0,0,0,2,2,2,2,0,0,2,2
111,9543.716,11591.095,-47.081,-4.372,0.996740,0.076168,-0.026599,-0.074975,0.996245,0.043305,0.029798,-0.041170,0.998708,0,0.69225,-0.64686,41.535,-1.294,-1,400.000,-1,400.000,-1,325.000,325.000,300.000,300.000,-1,-1,-1,-1,875.000,900.000,-1,-1,2,0,2,0,2,0,0,0,0,2,2,2,2,0,0,2,2
112,9585.348,11586.962,-45.698,-5.669,0.994825,0.098694,-0.024155,-0.097601,0.994301,0.042894,0.028251,-0.040315,0.998788,0,0.69728,-0.64827,41.837,-1.297,-1,400.000,-1,400.000,-1,325.000,325.000,300.000,300.000,-1,-1,-1,-1,875.000,875.000,-1,-1,2,0,2,0,2,0,0,0,0,2,2,2,2,0,0,2,2
113,9627.183,11581.849,-44.268,-6.968,0.992389,0.121215,-0.021716,-0.120222,0.991843,0.042347,0.026672,-0.039414,0.998867,0,0.70242,-0.64952,42.145,-1.299,-1,400.000,-1,400.000,-1,325.000,325.000,300.000,300.000,-1,-1,-1,-1,875.000,875.000,-1,-1,2,0,2,0,2,0,0,0,0,2,2,2,2,0,0,2,2
114,9669.202,11575.743,-42.793,-8.269,0.989432,0.143712,-0.019289,-0.142818,0.988872,0.041664,0.025062,-0.038469,0.998945,0,0.70767,-0.65060,42.460,-1.301,-1,400.000,-1,400.000,-1,325.000,325.000,300.000,300.000,-1,-1,-1,-1,850.000,875.000,-1,-1,2,0,2,0,2,0,0,0,0,2,2,2,2,0,0,2,2
115,9711.388,11568.628,-41.271,-9.572,0.985953,0.166168,-0.016877,-0.165373,0.985385,0.040844,0.023417,-0.037479,0.999023,0,0.71303,-0.65150,42.782,-1.303,-1,400.000,-1,400.000,-1,325.000,325.000,300.000,300.000,-1,-1,-1,-1,850.000,850.000,-1,-1,2,0,2,0,2,0,0,0,0,2,2,2,2,0,0,2,2
116,9753.722,11560.494,-39.704,-10.876,0.981954,0.188564,-0.014487,-0.187866,0.981384,0.039887,0.021739,-0.036446,0.999099,0,0.71848,-0.65222,43.109,-1.304,-1,400.000,-1,400.000,-1,325.000,325.000,300.000,300.000,-1,-1,-1,-1,850.000,850.000,-1,-1,2,0,2,0,2,0,0,0,0,2,2,2,2,0,0,2,2
117,9796.186,11551.327,-38.344,-12.182,0.977432,0.210874,-0.012613,-0.210230,0.976835,0.039948,0.020745,-0.036394,0.999122,0,0.72404,-0.65274,43.442,-1.305,-1,400.000,-1,400.000,-1,325.000,325.000,300.000,300.000,-1,-1,-1,-1,850.000,850.000,-1,-1,2,0,2,0,2,0,0,0,0,2,2,2,2,0,0,2,2
118,9838.760,11541.116,-37.271,-13.488,0.972403,0.233075,-0.010423,-0.232472,0.971729,0.041215,0.019735,-0.037654,0.999096,0,0.72969,-0.65307,43.781,-1.306,-1,400.000,-1,400.000,-1,325.000,325.000,300.000,325.000,-1,-1,-1,-1,825.000,850.000,-1,-1,2,0,2,0,2,0,0,0,0,2,2,2,2,0,1,2,2
119,9881.423,11529.849,-36.155,-14.794,0.966865,0.255156,-0.008169,-0.254601,0.966118,0.042368,0.018702,-0.038884,0.999069,0,0.73543,-0.65318,44.126,-1.306,-1,400.000,-1,400.000,-1,325.000,325.000,300.000,325.000,-1,-1,-1,-1,825.000,825.000,-1,-1,2,0,2,0,2,0,0,0,0,2,2,2,2,0,1,2,2
120,9924.154,11517.515,-35.393,-16.100,0.960809,0.277115,-0.007341,-0.276575,0.960060,0.042321,0.018775,-0.038632,0.999077,0,0.74125,-0.65307,44.475,-1.306,-1,400.000,-1,400.000,-1,325.000,325.000,300.000,325.000,-1,-1,-1,-1,825.000,800.000,-1,-1,2,0,2,0,2,0,0,0,0,2,2,2,2,0,1,2,2
121,9966.930,11504.105,-34.745,-17.406,0.954256,0.298925,-0.006340,-0.298421,0.953529,0.041569,0.018471,-0.037775,0.999116,0,0.74715,-0.65272,44.829,-1.305,-1,400.000,-1,400.000,-1,325.000,325.000,300.000,325.000,-1,-1,-1,-1,825.000,775.000,-1,-1,2,0,2,0,2,0,0,0,0,2,2,2,2,0,1,2,2
122,10009.729,11489.609,-34.057,-18.710,0.947212,0.320562,-0.005375,-0.320093,0.946509,0.040761,0.018154,-0.036889,0.999154,0,0.75312,-0.65213,45.187,-1.304,-1,400.000,-1,400.000,-1,325.000,325.000,300.000,325.000,-1,-1,-1,-1,825.000,750.000,-1,-1,2,0,2,0,2,0,0,0,0,2,2,2,2,1,1,2,2
123,10052.528,11474.021,-33.329,-20.013,0.939687,0.342007,-0.004447,-0.341571,0.939008,0.039903,0.017823,-0.035978,0.999194,0,0.75915,-0.65129,45.549,-1.303,-1,400.000,-1,400.000,-1,325.000,325.000,300.000,325.000,-1,-1,-1,-1,775.000,725.000,-1,-1,2,0,2,0,2,0,0,0,0,2,2,2,2,1,1,2,2
124,10095.302,11457.332,-32.562,-21.313,0.931689,0.363240,-0.003559,-0.362837,0.931036,0.039000,0.017480,-0.035044,0.999233,0,0.76523,-0.65017,45.914,-1.300,-1,400.000,-1,400.000,-1,325.000,325.000,300.000,300.000,-1,-1,-1,-1,725.000,700.000,-1,1000.000,2,0,2,0,2,0,0,0,0,2,2,2,2,1,1,2,1
125,10138.026,11439.538,-31.755,-22.611,0.923228,0.384242,-0.002710,-0.383870,0.922603,0.038055,0.017123,-0.034093,0.999272,0,0.77136,-0.64877,46.282,-1.298,-1,400.000,-1,400.000,-1,325.000,325.000,300.000,300.000,-1,-1,-1,-1,700.000,675.000,-1,950.000,2,1,2,0,2,0,0,0,0,2,2,2,2,1,1,2,1
126,10184.811,11419.032,-30.848,-23.668,0.915981,0.401218,-0.001833,-0.400882,0.915383,0.036984,0.016517,-0.033142,0.999314,0,0.85136,-0.52877,51.082,-1.058,-1,400.000,975.000,400.000,-1,325.000,325.000,300.000,300.000,-1,-1,-1,-1,650.000,650.000,-1,900.000,2,1,1,0,2,0,0,0,0,2,2,2,2,1,1,2,1
127,10232.768,11397.191,-29.899,-24.486,0.910163,0.414250,-0.000966,-0.413951,0.909592,0.035878,0.015741,-0.032255,0.999356,0,0.87826,-0.40877,52.696,-0.818,-1,375.000,900.000,400.000,-1,325.000,325.000,300.000,300.000,-1,-1,-1,-1,625.000,625.000,-1,850.000,2,1,1,0,2,1,0,0,0,2,2,2,2,1,1,2,1
128,10280.878,11374.692,-28.936,-25.063,0.905939,0.423408,-0.000111,-0.423148,0.905393,0.034779,0.014826,-0.031461,0.999395,0,0.88520,-0.28877,53.112,-0.578,-1,375.000,850.000,400.000,-1,325.000,325.000,300.000,300.000,-1,-1,-1,-1,575.000,575.000,-1,800.000,2,1,1,0,2,1,0,0,0,2,2,2,2,1,1,2,1
129,10329.224,11351.709,-28.017,-25.426,0.903238,0.429138,0.000996,-0.428923,0.902708,0.033823,0.013615,-0.030978,0.999427,0,0.89217,-0.18138,53.530,-0.363,-1,350.000,775.000,375.000,1000.000,300.000,325.000,300.000,300.000,-1,-1,-1,-1,550.000,550.000,-1,750.000,2,1,1,1,1,1,1,0,0,2,2,2,2,1,1,2,1
130,10377.802,11328.239,-27.237,-25.787,0.900518,0.434814,0.001943,-0.434627,0.899981,0.033661,0.012888,-0.031157,0.999431,0,0.89919,-0.18049,53.951,-0.361,-1,325.000,725.000,350.000,925.000,275.000,300.000,300.000,300.000,-1,-1,-1,-1,525.000,500.000,925.000,675.000,2,1,1,1,1,1,1,0,0,2,2,2,2,1,1,1,1
131,10426.614,11304.278,-26.380,-26.146,0.897777,0.440444,0.002370,-0.440269,0.897241,0.033498,0.012628,-0.031118,0.999436,0,0.90626,-0.17946,54.375,-0.359,-1,325.000,675.000,325.000,850.000,275.000,275.000,300.000,300.000,-1,-1,-1,-1,475.000,475.000,775.000,625.000,2,1,1,1,1,1,1,0,0,2,2,2,2,1,1,1,1
132,10475.657,11279.822,-25.075,-26.502,0.895011,0.446043,0.000753,-0.445831,0.894530,0.032411,0.013783,-0.029344,0.999474,0,0.91337,-0.17829,54.802,-0.357,-1,300.000,625.000,325.000,775.000,250.000,275.000,325.000,300.000,-1,-1,-1,-1,450.000,425.000,675.000,575.000,2,1,1,1,1,1,1,0,0,2,2,2,2,1,1,1,1
133,10524.931,11254.870,-23.450,-26.856,0.892219,0.451598,-0.002320,-0.451322,0.891832,0.030713,0.015939,-0.026355,0.999526,0,0.92052,-0.17695,55.231,-0.354,-1,275.000,575.000,300.000,700.000,250.000,250.000,325.000,300.000,-1,-1,-1,-1,425.000,400.000,600.000,500.000,2,1,1,1,1,1,1,0,0,2,2,2,2,1,1,1,1
134,10578.405,11227.657,-21.439,-26.970,0.891267,0.453420,-0.007362,-0.453068,0.891032,0.028120,0.019310,-0.021727,0.999577,0,1.00000,-0.05695,60.000,-0.114,-1,275.000,525.000,275.000,600.000,225.000,225.000,325.000,300.000,-1,-1,-1,-1,400.000,375.000,550.000,450.000,2,1,1,1,1,1,1,0,0,2,2,2,2,1,1,1,1
135,10631.939,11200.562,-19.308,-26.844,0.892150,0.451511,-0.014396,-0.451105,0.892132,0.024591,0.023946,-0.015444,0.999594,0,1.00000,0.06305,60.000,0.126,-1,250.000,475.000,250.000,500.000,200.000,200.000,350.000,300.000,-1,-1,-1,-1,375.000,325.000,525.000,375.000,2,1,1,1,1,1,1,0,0,2,2,2,2,1,1,1,1
136,10685.646,11173.810,-13.572,-26.478,0.894780,0.445757,-0.025873,-0.444777,0.894911,0.036154,0.039270,-0.020842,0.999011,0,1.00000,0.18305,60.000,0.366,-1,250.000,475.000,225.000,500.000,200.000,200.000,375.000,325.000,-1,425.000,325.000,-1,375.000,325.000,650.000,375.000,2,1,1,1,1,1,1,0,0,2,0,0,2,1,1,1,1
137,10739.635,11147.628,-6.632,-25.872,0.898995,0.436172,-0.039524,-0.434088,0.899385,0.051719,0.058105,-0.029339,0.997879,0,1.00000,0.30305,60.000,0.606,-1,250.000,475.000,225.000,525.000,200.000,200.000,375.000,375.000,-1,200.000,200.000,-1,375.000,350.000,975.000,375.000,2,1,1,1,1,1,1,0,0,2,0,0,2,1,1,1,1
