timestep,x_cm,y_cm,z_cm,yaw_deg,basis_xx,basis_xy,basis_xz,basis_yx,basis_yy,basis_yz,basis_zx,basis_zy,basis_zz,teleport_flag,throttle_cmd,steering_cmd,cmd_move_cm,cmd_turn_deg,lidar_cm_0,lidar_cm_1,lidar_cm_2,lidar_cm_3,lidar_cm_4,lidar_cm_5,lidar_cm_6,lidar_cm_7,lidar_cm_8,lidar_cm_9,lidar_cm_10,lidar_cm_11,lidar_cm_12,lidar_cm_13,lidar_cm_14,lidar_cm_15,lidar_cm_16,lidar_class_0,lidar_class_1,lidar_class_2,lidar_class_3,lidar_class_4,lidar_class_5,lidar_class_6,lidar_class_7,lidar_class_8,lidar_class_9,lidar_class_10,lidar_class_11,lidar_class_12,lidar_class_13,lidar_class_14,lidar_class_15,lidar_class_16
0,2290.962,8855.060,135.568,-179.918,-0.999509,0.001438,0.031291,0.000046,-0.998877,0.047371,0.031324,0.047349,0.998387,1,0.08000,-0.12000,4.800,-0.240,-1,400.000,-1,375.000,-1,325.000,325.000,300.000,300.000,-1,800.000,800.000,-1,700.000,650.000,-1,-1,2,0,2,0,2,0,0,0,0,2,0,0,2,0,0,2,2
1,2281.362,8855.127,135.872,-180.398,-0.999482,-0.006930,0.031438,0.008411,-0.998850,0.047208,0.031074,0.047448,0.998390,0,0.16000,-0.24000,9.600,-0.480,-1,400.000,-1,375.000,-1,325.000,325.000,300.000,300.000,-1,800.000,800.000,-1,700.000,650.000,-1,-1,2,0,2,0,2,0,0,0,0,2,0,0,2,0,0,2,2
2,2266.964,8855.407,136.319,-181.118,-0.999309,-0.019481,0.031661,0.020956,-0.998677,0.046955,0.030704,0.047586,0.998395,0,0.24000,-0.36000,14.400,-0.720,-1,400.000,-1,375.000,-1,325.000,325.000,300.000,300.000,-1,800.000,800.000,-1,700.000,650.000,-1,-1,2,0,2,0,2,0,0,0,0,2,0,0,2,0,0,2,2
3,2247.777,8856.103,136.901,-182.078,-0.998833,-0.036210,0.031963,0.037679,-0.998203,0.046604,0.030218,0.047754,0.998402,0,0.32000,-0.48000,19.200,-0.960,-1,400.000,-1,375.000,-1,325.000,325.000,300.000,300.000,-1,800.000,825.000,-1,700.000,650.000,-1,-1,2,0,2,0,2,0,0,0,0,2,0,0,2,0,0,2,2
4,2223.812,8857.419,137.607,-183.141,-0.997977,-0.054739,0.032350,0.056200,-0.997353,0.046147,0.029739,0.047871,0.998411,0,0.40000,-0.53197,24.000,-1.064,-1,375.000,-1,375.000,-1,325.000,325.000,300.000,300.000,-1,800.000,825.000,-1,675.000,650.000,-1,-1,2,0,2,0,2,0,0,0,0,2,0,0,2,0,0,2,2
5,2195.090,8859.531,138.429,-184.205,-0.996773,-0.073248,0.032826,0.074704,-0.996164,0.045577,0.029362,0.047882,0.998421,0,0.48000,-0.53197,28.800,-1.064,-1,375.000,-1,375.000,-1,325.000,325.000,300.000,300.000,-1,800.000,825.000,-1,675.000,650.000,-1,-1,2,0,2,0,2,0,0,0,0,2,0,0,2,0,0,2,2
6,2161.631,8862.617,139.361,-185.269,-0.995224,-0.091733,0.033394,0.093185,-0.994637,0.044885,0.029097,0.047783,0.998434,0,0.56000,-0.53197,33.600,-1.064,-1,375.000,-1,375.000,-1,325.000,300.000,300.000,300.000,-1,775.000,825.000,-1,675.000,650.000,-1,-1,2,0,2,0,2,0,0,0,0,2,0,0,2,0,0,2,2
7,2123.465,8866.853,140.397,-186.333,-0.993327,-0.110187,0.034058,0.111636,-0.992772,0.044064,0.028956,0.047572,0.998448,0,0.64000,-0.53197,38.400,-1.064,-1,375.000,-1,375.000,-1,300.000,300.000,300.000,300.000,-1,775.000,825.000,-1,650.000,650.000,-1,-1,2,0,2,0,2,0,0,0,0,2,0,0,2,0,0,2,2
8,2082.521,8872.169,141.482,-187.397,-0.991086,-0.128604,0.034786,0.130051,-0.990568,0.043143,0.028910,0.047283,0.998463,0,0.68812,-0.53197,41.287,-1.064,-1,375.000,-1,375.000,-1,300.000,300.000,300.000,300.000,-1,750.000,800.000,-1,650.000,650.000,-1,-1,2,0,2,0,2,0,0,0,0,2,0,0,2,0,0,2,2
9,2041.683,8878.244,142.539,-188.461,-0.988502,-0.146977,0.035529,0.148422,-0.988024,0.042182,0.028903,0.046970,0.998478,0,0.68812,-0.53197,41.287,-1.064,-1,375.000,-1,350.000,-1,300.000,300.000,300.000,300.000,-1,725.000,800.000,-1,650.000,650.000,-1,-1,2,0,2,0,2,0,0,0,0,2,0,0,2,0,0,2,2
10,2000.964,8885.076,143.649,-189.525,-0.985573,-0.165298,0.036356,0.166753,-0.985125,0.041490,0.028957,0.046954,0.998477,0,0.68812,-0.53197,41.287,-1.064,-1,350.000,-1,350.000,-1,300.000,300.000,300.000,300.000,-1,725.000,775.000,-1,625.000,625.000,-1,-1,2,0,2,0,2,0,0,0,0,2,0,0,2,0,0,2,2
11,1960.326,8892.674,145.188,-190.592,-0.982237,-0.183594,0.038777,0.185182,-0.981792,0.042339,0.030298,0.048768,0.998351,0,0.68904,-0.53338,41.342,-1.067,-1,350.000,-1,350.000,-1,300.000,300.000,300.000,300.000,-1,650.000,750.000,-1,625.000,650.000,-1,-1,2,0,2,0,2,0,0,0,0,2,0,0,2,0,0,2,2
12,1919.717,8901.057,146.754,-191.665,-0.978537,-0.201929,0.041110,0.203643,-0.978103,0.042944,0.031538,0.050394,0.998231,0,0.69107,-0.53645,41.464,-1.073,-1,350.000,-1,350.000,-1,300.000,300.000,325.000,300.000,-1,600.000,675.000,-1,650.000,650.000,-1,-1,2,0,2,0,2,0,0,0,0,2,0,0,2,0,0,2,2
13,1879.153,8910.230,148.570,-192.744,-0.974457,-0.220305,0.043571,0.222121,-0.974096,0.042424,0.033096,0.051018,0.998149,0,0.69313,-0.53952,41.588,-1.079,-1,350.000,-1,350.000,-1,300.000,300.000,325.000,300.000,-1,550.000,625.000,-1,650.000,650.000,-1,-1,2,0,2,0,2,0,0,0,0,2,0,0,2,0,0,2,2
14,1838.648,8920.201,150.443,-193.829,-0.969991,-0.238710,0.046210,0.240623,-0.969732,0.041481,0.034910,0.051355,0.998070,0,0.69523,-0.54260,41.714,-1.085,-1,375.000,-1,375.000,-1,300.000,300.000,325.000,300.000,-1,500.000,575.000,-1,650.000,675.000,-1,-1,2,0,2,0,2,0,0,0,0,2,0,0,2,0,0,2,2
15,1798.216,8930.973,152.288,-194.920,-0.965141,-0.257132,0.048839,0.259140,-0.964991,0.040487,0.036719,0.051731,0.997986,0,0.69736,-0.54567,41.841,-1.091,-1,375.000,-1,375.000,-1,300.000,300.000,325.000,300.000,-1,475.000,525.000,-1,675.000,675.000,-1,-1,2,0,2,0,2,0,0,0,0,2,0,0,2,0,0,2,2
16,1757.874,8942.555,154.105,-196.018,-0.959905,-0.275562,0.051454,0.277666,-0.959868,0.039446,0.038520,0.052152,0.997896,0,0.69952,-0.54875,41.971,-1.097,-1,375.000,-1,375.000,-1,300.000,300.000,325.000,300.000,-1,450.000,500.000,-1,700.000,700.000,-1,-1,2,0,2,0,2,0,0,0,0,2,0,0,2,0,0,2,2
17,1717.636,8954.949,155.894,-197.122,-0.954278,-0.293992,0.054055,0.296190,-0.954358,0.038364,0.040309,0.052620,0.997801,0,0.70171,-0.55183,42.103,-1.104,-1,375.000,-1,375.000,-1,300.000,300.000,325.000,300.000,-1,425.000,475.000,-1,700.000,700.000,-1,-1,2,0,2,0,2,0,0,0,0,2,0,0,2,0,0,2,2
18,1675.500,8969.019,157.736,-198.465,-0.946965,-0.316278,0.056789,0.318576,-0.947168,0.037183,0.042029,0.053302,0.997694,0,0.74038,-0.67183,44.423,-1.344,-1,375.000,-1,375.000,-1,300.000,300.000,325.000,300.000,-1,400.000,450.000,-1,725.000,725.000,-1,-1,2,0,2,0,2,0,0,0,0,2,0,0,2,0,0,2,2
19,1633.630,8984.298,159.527,-200.049,-0.937697,-0.342317,0.059523,0.344716,-0.938019,0.035937,0.043532,0.054216,0.997580,0,0.74283,-0.79183,44.570,-1.584,-1,375.000,-1,375.000,-1,300.000,325.000,325.000,300.000,-1,400.000,425.000,-1,750.000,725.000,-1,-1,2,0,2,0,2,0,0,0,0,2,0,0,2,0,0,2,2
20,1592.121,9000.960,161.226,-201.873,-0.926163,-0.371974,0.062113,0.374464,-0.926598,0.034524,0.044712,0.055234,0.997472,0,0.74546,-0.91183,44.727,-1.824,-1,375.000,-1,400.000,-1,300.000,325.000,300.000,300.000,-1,350.000,400.000,-1,775.000,750.000,-1,-1,2,0,2,0,2,0,0,0,0,2,0,0,2,0,0,2,2
21,1551.063,9019.130,162.803,-203.873,-0.912459,-0.404063,0.064428,0.406626,-0.913003,0.032888,0.045534,0.056207,0.997380,0,0.74830,-1.00000,44.898,-2.000,-1,400.000,-1,400.000,-1,325.000,325.000,300.000,300.000,-1,350.000,375.000,-1,775.000,750.000,-1,-1,2,0,2,0,2,0,0,0,0,2,0,0,2,0,0,2,2
22,1510.497,9038.803,164.278,-205.873,-0.897651,-0.435659,0.066514,0.438279,-0.898300,0.031114,0.046195,0.057081,0.997300,0,0.75138,-1.00000,45.083,-2.000,-1,400.000,-1,400.000,-1,325.000,325.000,300.000,300.000,-1,325.000,350.000,-1,800.000,775.000,-1,-1,2,0,2,0,2,0,0,0,0,2,0,0,2,0,0,2,2
23,1470.472,9059.969,165.784,-207.873,-0.881776,-0.466708,0.068226,0.469395,-0.882482,0.029901,0.046253,0.058392,0.997222,0,0.75461,-1.00000,45.277,-2.000,-1,400.000,-1,400.000,1000.000,325.000,325.000,300.000,300.000,-1,325.000,325.000,-1,825.000,775.000,-1,-1,2,0,2,0,1,0,0,0,0,2,0,0,2,0,0,2,2
24,1431.033,9082.620,167.612,-209.873,-0.864894,-0.497135,0.069391,0.499955,-0.865505,0.030773,0.044760,0.061307,0.997115,0,0.75800,-1.00000,45.480,-2.000,-1,400.000,-1,400.000,950.000,325.000,325.000,300.000,300.000,-1,375.000,350.000,-1,825.000,775.000,-1,-1,2,0,2,0,1,0,0,0,0,2,0,0,2,0,0,2,2
25,1392.228,9106.746,169.277,-211.873,-0.846991,-0.526953,0.070191,0.529874,-0.847491,0.031498,0.042889,0.063871,0.997036,0,0.76154,-1.00000,45.692,-2.000,-1,400.000,-1,400.000,900.000,325.000,325.000,300.000,300.000,-1,400.000,400.000,-1,850.000,775.000,-1,-1,2,0,2,0,1,0,0,0,0,2,0,0,2,0,0,2,2
26,1354.106,9132.335,170.706,-213.873,-0.828121,-0.556149,0.070106,0.559093,-0.828495,0.031806,0.040394,0.065535,0.997032,0,0.76523,-1.00000,45.914,-2.000,-1,400.000,-1,400.000,850.000,325.000,325.000,300.000,300.000,-1,450.000,425.000,-1,875.000,775.000,-1,1000.000,2,0,2,0,1,0,0,0,0,2,0,0,2,0,0,2,1
27,1316.712,9159.375,172.195,-215.873,-0.808234,-0.584680,0.070056,0.587622,-0.808520,0.031547,0.038197,0.066663,0.997044,0,0.76908,-1.00000,46.145,-2.000,-1,400.000,-1,400.000,800.000,325.000,325.000,300.000,300.000,-1,500.000,475.000,-1,875.000,775.000,-1,950.000,2,0,2,0,1,0,0,0,0,2,0,0,2,0,0,2,1
28,1280.096,9187.851,173.607,-217.873,-0.787372,-0.612495,0.069966,0.615433,-0.787564,0.031384,0.035880,0.067770,0.997056,0,0.77307,-1.00000,46.384,-2.000,-1,400.000,-1,400.000,750.000,325.000,325.000,300.000,300.000,-1,550.000,500.000,-1,875.000,775.000,-1,875.000,2,0,2,0,1,0,0,0,0,2,0,0,2,0,0,2,1
29,1244.305,9217.747,174.940,-219.873,-0.765562,-0.639560,0.069844,0.642493,-0.765651,0.031327,0.033441,0.068857,0.997066,0,0.77722,-1.00000,46.633,-2.000,-1,425.000,-1,400.000,700.000,325.000,325.000,300.000,300.000,-1,600.000,550.000,-1,875.000,775.000,-1,825.000,2,0,2,0,1,0,0,0,0,2,0,0,2,0,0,2,1
30,1209.388,9249.047,176.418,-221.873,-0.742892,-0.665879,0.068673,0.668728,-0.742851,0.031215,0.030228,0.069113,0.997151,0,0.78152,-1.00000,46.891,-2.000,-1,400.000,-1,400.000,675.000,325.000,325.000,300.000,300.000,-1,675.000,625.000,-1,875.000,750.000,-1,750.000,2,0,2,0,1,0,0,0,0,2,0,0,2,0,1,2,1
31,1175.393,9281.731,177.841,-223.873,-0.719335,-0.691397,0.067284,0.694146,-0.719159,0.031192,0.026822,0.069143,0.997246,0,0.78596,-1.00000,47.158,-2.000,-1,400.000,-1,400.000,625.000,325.000,325.000,300.000,300.000,-1,775.000,725.000,-1,875.000,700.000,-1,700.000,2,0,2,0,1,0,0,0,0,2,0,0,2,0,1,2,1
32,1142.367,9315.779,179.110,-225.873,-0.694896,-0.716082,0.065925,0.718725,-0.694598,0.031096,0.023524,0.068990,0.997340,0,0.79056,-1.00000,47.433,-2.000,-1,400.000,-1,375.000,575.000,325.000,325.000,300.000,300.000,-1,875.000,800.000,-1,850.000,650.000,-1,650.000,2,0,2,0,1,0,0,0,0,2,0,0,2,0,1,2,1
33,1110.359,9351.170,180.240,-227.873,-0.669608,-0.739900,0.064602,0.742438,-0.669196,0.031021,0.020279,0.068735,0.997429,0,0.79529,-1.00000,47.717,-2.000,-1,400.000,-1,375.000,550.000,325.000,325.000,300.000,300.000,-1,950.000,900.000,-1,850.000,625.000,-1,600.000,2,0,2,0,1,0,0,0,0,2,0,0,2,0,1,2,1
34,1082.565,9383.874,181.138,-229.639,-0.646585,-0.760199,0.063450,0.762642,-0.646079,0.030963,0.017456,0.068410,0.997505,0,0.71529,-0.88344,42.917,-1.767,-1,400.000,925.000,375.000,500.000,325.000,325.000,300.000,300.000,-1,-1,1000.000,-1,850.000,575.000,-1,550.000,2,0,1,0,1,0,0,0,0,2,2,0,2,0,1,2,1
35,1058.790,9413.668,181.835,-231.410,-0.622895,-0.779809,0.062445,0.782166,-0.622301,0.030936,0.014736,0.068113,0.997569,0,0.63529,-0.88506,38.117,-1.770,-1,400.000,850.000,375.000,475.000,325.000,325.000,300.000,300.000,-1,-1,-1,-1,825.000,550.000,-1,525.000,2,0,1,0,1,0,0,0,0,2,2,2,2,0,1,2,1
36,1037.097,9442.647,182.519,-233.182,-0.598551,-0.798673,0.062114,0.800988,-0.597883,0.030898,0.012459,0.068246,0.997591,0,0.60330,-0.88607,36.198,-1.772,-1,400.000,775.000,375.000,450.000,325.000,325.000,300.000,300.000,-1,-1,-1,-1,825.000,500.000,-1,475.000,2,0,1,0,1,0,0,0,0,2,2,2,2,0,1,2,1
37,1016.166,9472.491,183.123,-234.955,-0.573598,-0.816788,0.061986,0.819070,-0.572875,0.030649,0.010476,0.068351,0.997606,0,0.60751,-0.88675,36.451,-1.774,-1,400.000,725.000,375.000,425.000,325.000,325.000,300.000,300.000,-1,-1,-1,-1,825.000,475.000,-1,450.000,2,0,1,0,1,0,0,0,0,2,2,2,2,0,1,2,1
38,996.027,9503.185,183.471,-236.730,-0.548050,-0.834174,0.061597,0.836396,-0.547328,0.029552,0.009062,0.067715,0.997664,0,0.61183,-0.88736,36.710,-1.775,-1,400.000,675.000,375.000,400.000,325.000,325.000,300.000,300.000,-1,-1,-1,-1,775.000,450.000,-1,400.000,2,0,1,0,1,0,0,0,0,2,2,2,2,1,1,2,1
39,976.711,9534.714,183.737,-238.506,-0.521961,-0.850773,0.061177,0.852935,-0.521240,0.028480,0.007658,0.067046,0.997721,0,0.61625,-0.88787,36.975,-1.776,-1,400.000,600.000,375.000,375.000,325.000,325.000,300.000,300.000,-1,-1,-1,-1,700.000,425.000,-1,375.000,2,0,1,1,1,0,0,0,0,2,2,2,2,1,1,2,1
40,958.247,9567.063,183.919,-240.282,-0.495357,-0.866564,0.060730,0.868667,-0.494636,0.027432,0.006268,0.066343,0.997777,0,0.62077,-0.88830,37.246,-1.777,-1,400.000,550.000,350.000,350.000,325.000,325.000,300.000,300.000,-1,-1,-1,-1,625.000,375.000,-1,350.000,2,0,1,1,1,0,0,0,0,2,2,2,2,1,1,2,1
41,940.666,9600.214,184.018,-242.059,-0.468264,-0.881531,0.060259,0.883575,-0.467545,0.026405,0.004897,0.065608,0.997833,0,0.62540,-0.88864,37.524,-1.777,-1,400.000,500.000,300.000,300.000,325.000,325.000,325.000,300.000,-1,-1,-1,-1,550.000,350.000,850.000,300.000,2,0,1,1,1,0,1,0,0,2,2,2,2,1,1,1,1
42,923.996,9634.149,184.033,-243.837,-0.440712,-0.895657,0.059765,0.897641,-0.439994,0.025397,0.003550,0.064840,0.997889,0,0.63012,-0.88889,37.807,-1.778,-1,400.000,450.000,275.000,275.000,325.000,300.000,325.000,300.000,-1,-1,-1,-1,500.000,325.000,725.000,275.000,2,0,1,1,1,0,1,0,0,2,2,2,2,1,1,1,1
43,908.268,9668.848,183.962,-245.615,-0.412729,-0.908925,0.059252,0.910851,-0.412013,0.024404,0.002231,0.064042,0.997945,0,0.63494,-0.88905,38.097,-1.778,-1,375.000,400.000,250.000,250.000,300.000,250.000,325.000,300.000,-1,-1,-1,-1,450.000,300.000,625.000,250.000,2,1,1,1,1,1,1,0,0,2,2,2,2,1,1,1,1
44,893.511,9704.291,183.806,-247.394,-0.384343,-0.921321,0.058720,0.923190,-0.383630,0.023424,0.000946,0.063213,0.998000,0,0.63986,-0.88911,38.392,-1.778,-1,325.000,350.000,225.000,225.000,275.000,225.000,325.000,300.000,-1,-1,-1,-1,375.000,250.000,525.000,225.000,2,1,1,1,1,1,1,0,0,2,2,2,2,1,1,1,1
45,879.754,9740.456,183.664,-249.172,-0.355602,-0.932853,0.057729,0.934637,-0.354884,0.022595,-0.000591,0.061991,0.998077,0,0.64487,-0.88907,38.692,-1.778,700.000,275.000,325.000,200.000,200.000,250.000,200.000,300.000,300.000,-1,-1,-1,-1,325.000,225.000,450.000,175.000,1,1,1,1,1,1,1,0,0,2,2,2,2,1,1,1,1
46,867.026,9777.320,183.486,-250.950,-0.326526,-0.943497,0.056514,0.945185,-0.325800,0.021876,-0.002227,0.060560,0.998162,0,0.64997,-0.88894,38.998,-1.778,525.000,250.000,275.000,175.000,150.000,200.000,175.000,300.000,300.000,-1,-1,-1,-1,275.000,200.000,375.000,150.000,1,1,1,1,1,1,1,0,0,2,2,2,2,1,1,1,1
47,853.859,9819.094,190.274,-252.488,-0.300323,-0.953141,0.036460,0.953678,-0.300753,-0.006806,0.017452,0.032727,0.999312,0,0.72997,-0.76894,43.798,-1.538,425.000,225.000,250.000,175.000,150.000,175.000,150.000,300.000,375.000,-1,200.000,375.000,-1,250.000,175.000,325.000,150.000,1,1,1,1,1,1,1,0,0,2,0,0,2,1,1,1,1
48,840.296,9865.763,198.592,-253.785,-0.279045,-0.960221,0.010431,0.959342,-0.279236,-0.041106,0.042384,-0.001464,0.999100,0,0.80997,-0.64894,48.598,-1.298,350.000,200.000,225.000,150.000,150.000,175.000,150.000,275.000,475.000,675.000,100.000,250.000,-1,225.000,175.000,275.000,150.000,1,1,1,1,1,1,1,0,0,0,0,0,2,1,1,1,1
49,8855.084,8199.161,93.064,10.797,0.982106,-0.187234,0.020297,0.186423,0.981795,0.036392,-0.026742,-0.031957,0.999131,1,0.00000,0.00000,53.398,-1.058,-1,375.000,-1,375.000,-1,325.000,300.000,300.000,300.000,-1,600.000,675.000,-1,725.000,725.000,-1,-1,2,0,2,0,2,0,0,0,0,2,0,0,2,0,0,2,2
50,8859.797,8200.069,92.936,10.898,0.981778,-0.188969,0.020077,0.188164,0.981462,0.036420,-0.026587,-0.031979,0.999135,0,0.08000,0.05065,4.800,0.101,-1,375.000,-1,375.000,-1,325.000,300.000,300.000,300.000,-1,600.000,675.000,-1,725.000,725.000,-1,-1,2,0,2,0,2,0,0,0,0,2,0,0,2,0,0,2,2
51,8869.221,8201.901,92.681,11.004,0.981438,-0.190773,0.019634,0.189979,0.981110,0.036471,-0.026221,-0.032064,0.999142,0,0.16000,0.05267,9.600,0.105,-1,375.000,-1,375.000,-1,325.000,300.000,300.000,300.000,-1,575.000,650.000,-1,750.000,750.000,-1,-1,2,0,2,0,2,0,0,0,0,2,0,0,2,0,0,2,2
52,8883.351,8204.677,92.299,11.117,0.981072,-0.192713,0.018969,0.191939,0.980726,0.036543,-0.025646,-0.032210,0.999152,0,0.24000,0.05670,14.400,0.113,-1,375.000,-1,375.000,-1,325.000,300.000,300.000,300.000,-1,575.000,650.000,-1,750.000,750.000,-1,-1,2,0,2,0,2,0,0,0,0,2,0,0,2,0,0,2,2
53,8902.182,8208.421,91.786,11.243,0.980664,-0.194860,0.018081,0.194111,0.980295,0.036636,-0.024863,-0.032418,0.999165,0,0.32000,0.06276,19.200,0.126,-1,375.000,-1,375.000,-1,325.000,300.000,325.000,300.000,-1,550.000,625.000,-1,750.000,750.000,-1,-1,2,0,2,0,2,0,0,0,0,2,0,0,2,0,0,2,2
54,8925.710,8213.158,91.140,11.384,0.980200,-0.197282,0.016967,0.196566,0.979802,0.036748,-0.023874,-0.032686,0.999181,0,0.40000,0.07085,24.000,0.142,-1,400.000,-1,375.000,-1,325.000,300.000,325.000,300.000,-1,550.000,625.000,-1,750.000,750.000,-1,-1,2,0,2,0,2,0,0,0,0,2,0,0,2,0,0,2,2
55,8953.927,8218.923,90.359,11.546,0.979661,-0.200048,0.015627,0.199372,0.979230,0.036879,-0.022679,-0.033013,0.999198,0,0.48000,0.08096,28.800,0.162,-1,400.000,-1,375.000,-1,325.000,325.000,325.000,300.000,-1,525.000,600.000,-1,750.000,775.000,-1,-1,2,0,2,0,2,0,0,0,0,2,0,0,2,0,0,2,2
56,8986.825,8225.755,89.439,11.732,0.979031,-0.203227,0.014057,0.202598,0.978562,0.037024,-0.021280,-0.033400,0.999216,0,0.56000,0.09309,33.600,0.186,-1,400.000,-1,400.000,-1,325.000,325.000,300.000,300.000,-1,525.000,600.000,-1,750.000,775.000,-1,-1,2,0,2,0,2,0,0,0,0,2,0,0,2,0,0,2,2
57,9024.394,8233.700,88.374,11.940,0.978312,-0.206775,0.012254,0.206201,0.977803,0.037183,-0.019671,-0.033849,0.999233,0,0.64000,0.10400,38.400,0.208,-1,400.000,-1,400.000,-1,325.000,325.000,300.000,300.000,-1,500.000,575.000,-1,775.000,800.000,-1,-1,2,0,2,0,2,0,0,0,0,2,0,0,2,0,0,2,2
58,9064.501,8242.333,87.222,12.148,0.977578,-0.210319,0.010318,0.209807,0.977029,0.037344,-0.017935,-0.034342,0.999249,0,0.68376,0.10400,41.026,0.208,-1,400.000,-1,400.000,-1,325.000,325.000,300.000,300.000,-1,450.000,525.000,-1,775.000,800.000,-1,-1,2,0,2,0,2,0,0,0,0,2,0,0,2,0,0,2,2
59,9104.576,8251.113,86.056,12.356,0.976828,-0.213861,0.008370,0.213412,0.976242,0.037497,-0.016191,-0.034842,0.999262,0,0.68376,0.10400,41.026,0.208,-1,400.000,-1,400.000,-1,325.000,325.000,300.000,300.000,-1,425.000,475.000,-1,775.000,825.000,-1,-1,2,0,2,0,2,0,0,0,0,2,0,0,2,0,0,2,2
60,9144.619,8260.038,85.083,12.564,0.976059,-0.217394,0.007002,0.216974,0.975416,0.038560,-0.015212,-0.036117,0.999232,0,0.68376,0.10400,41.026,0.208,-1,400.000,-1,400.000,-1,325.000,325.000,300.000,300.000,-1,425.000,475.000,-1,775.000,825.000,-1,-1,2,0,2,0,2,0,0,0,0,2,0,0,2,0,0,2,2
61,9184.630,8269.108,83.945,12.772,0.975267,-0.220928,0.006686,0.220506,0.974594,0.039279,-0.015194,-0.036834,0.999206,0,0.68376,0.10400,41.026,0.208,-1,400.000,-1,400.000,-1,325.000,325.000,300.000,300.000,-1,450.000,500.000,-1,775.000,825.000,-1,-1,2,0,2,0,2,0,0,0,0,2,0,0,2,0,0,2,2
62,9224.607,8278.323,82.804,12.980,0.974463,-0.224458,0.006341,0.224035,0.973758,0.040050,-0.015164,-0.037607,0.999178,0,0.68376,0.10400,41.026,0.208,-1,400.000,-1,400.000,-1,325.000,325.000,300.000,300.000,-1,450.000,525.000,-1,775.000,825.000,-1,-1,2,0,2,0,2,0,0,0,0,2,0,0,2,0,0,2,2
63,9264.551,8287.683,81.968,13.188,0.973635,-0.227995,0.007237,0.227538,0.972951,0.039902,-0.016139,-0.037203,0.999177,0,0.68376,0.10400,41.026,0.208,-1,400.000,-1,400.000,-1,325.000,325.000,300.000,300.000,-1,525.000,575.000,-1,775.000,800.000,-1,-1,2,0,2,0,2,0,0,0,0,2,0,0,2,0,0,2,2
64,9304.460,8297.188,81.141,13.396,0.972793,-0.231529,0.008228,0.231035,0.972131,0.039791,-0.017211,-0.036808,0.999174,0,0.68376,0.10400,41.026,0.208,-1,400.000,-1,400.000,-1,325.000,325.000,300.000,300.000,-1,575.000,650.000,-1,750.000,800.000,-1,-1,2,0,2,0,2,0,0,0,0,2,0,0,2,0,0,2,2
65,9344.335,8306.838,80.320,13.604,0.971938,-0.235059,0.009165,0.234530,0.971298,0.039707,-0.018235,-0.036443,0.999169,0,0.68376,0.10400,41.026,0.208,-1,400.000,-1,400.000,-1,325.000,325.000,300.000,300.000,-1,650.000,725.000,-1,750.000,800.000,-1,-1,2,0,2,0,2,0,0,0,0,2,0,0,2,0,0,2,2
66,9379.549,8315.339,79.603,13.572,0.972061,-0.234519,0.009949,0.233963,0.971438,0.039628,-0.018958,-0.036193,0.999165,0,0.60376,-0.01600,36.226,-0.032,-1,400.000,-1,400.000,-1,325.000,325.000,300.000,300.000,-1,725.000,800.000,-1,725.000,800.000,-1,-1,2,0,2,0,2,0,0,0,0,2,0,0,2,0,0,2,2
67,9410.132,8322.569,78.990,13.300,0.973155,-0.229906,0.010599,0.229331,0.972545,0.039539,-0.019399,-0.036047,0.999162,0,0.52376,-0.13600,31.426,-0.272,-1,400.000,-1,400.000,-1,325.000,325.000,300.000,300.000,-1,775.000,850.000,-1,725.000,775.000,-1,-1,2,0,2,0,2,0,0,0,0,2,0,0,2,0,0,2,2
68,9436.098,8328.463,78.477,12.788,0.975163,-0.221207,0.011132,0.220620,0.974562,0.039431,-0.019572,-0.035995,0.999160,0,0.44376,-0.25600,26.626,-0.512,-1,400.000,-1,400.000,-1,325.000,325.000,300.000,300.000,-1,825.000,900.000,-1,725.000,775.000,-1,-1,2,0,2,0,2,0,0,0,0,2,0,0,2,0,0,2,2
69,9457.444,8333.014,78.061,12.036,0.977976,-0.208397,0.011559,0.207805,0.977381,0.039296,-0.019487,-0.036028,0.999161,0,0.36376,-0.37600,21.826,-0.752,-1,400.000,-1,400.000,-1,325.000,325.000,300.000,300.000,-1,850.000,950.000,-1,725.000,775.000,-1,-1,2,0,2,0,2,0,0,0,0,2,0,0,2,0,0,2,2
70,9474.154,8336.276,77.740,11.044,0.981432,-0.191443,0.011885,0.190854,0.980838,0.039131,-0.019149,-0.036136,0.999163,0,0.28376,-0.49600,17.026,-0.992,-1,400.000,-1,400.000,-1,325.000,325.000,300.000,300.000,-1,875.000,950.000,-1,700.000,775.000,-1,-1,2,0,2,0,2,0,0,0,0,2,0,0,2,0,0,2,2
71,9486.202,8338.359,77.508,9.812,0.985316,-0.170309,0.012111,0.169728,0.984721,0.038939,-0.018558,-0.036312,0.999168,0,0.20376,-0.61600,12.226,-1.232,-1,400.000,-1,400.000,-1,325.000,325.000,300.000,300.000,-1,875.000,975.000,-1,700.000,775.000,-1,-1,2,0,2,0,2,0,0,0,0,2,0,0,2,0,0,2,2
72,9493.549,8339.437,77.359,8.340,0.989363,-0.144956,0.012231,0.144389,0.988763,0.038726,-0.017708,-0.036548,0.999175,0,0.12376,-0.73600,7.426,-1.472,-1,400.000,-1,400.000,-1,325.000,325.000,300.000,300.000,-1,875.000,950.000,-1,700.000,800.000,-1,-1,2,0,2,0,2,0,0,0,0,2,0,0,2,0,0,2,2
73,9496.157,8339.743,77.290,6.710,0.993085,-0.116762,0.012239,0.116216,0.992477,0.038511,-0.016643,-0.036822,0.999183,0,0.04376,-0.81526,2.626,-1.631,-1,400.000,-1,400.000,-1,325.000,325.000,300.000,300.000,-1,850.000,925.000,-1,700.000,800.000,-1,-1,2,0,2,0,2,0,0,0,0,2,0,0,2,0,0,2,2
74,9493.992,8339.551,77.294,5.079,0.996005,-0.088474,0.012131,0.087952,0.995387,0.038324,-0.015466,-0.037104,0.999192,0,-0.03624,-0.81526,-2.174,-1.631,-1,400.000,-1,400.000,-1,325.000,325.000,300.000,300.000,-1,825.000,900.000,-1,700.000,800.000,-1,-1,2,0,2,0,2,0,0,0,0,2,0,0,2,0,0,2,2
75,9487.030,8339.131,77.366,3.449,0.998121,-0.060114,0.011902,0.059621,0.997491,0.038175,-0.014167,-0.037394,0.999200,0,-0.11624,-0.81526,-6.974,-1.631,-1,400.000,-1,400.000,-1,325.000,325.000,300.000,300.000,-1,775.000,875.000,-1,725.000,825.000,-1,-1,2,0,2,0,2,0,0,0,0,2,0,0,2,0,0,2,2
76,9475.262,8338.758,77.498,1.818,0.999430,-0.031707,0.011549,0.031247,0.998786,0.038072,-0.012742,-0.037689,0.999208,0,-0.19624,-0.81526,-11.774,-1.631,-1,400.000,-1,400.000,-1,325.000,325.000,300.000,300.000,-1,750.000,825.000,-1,725.000,825.000,-1,-1,2,0,2,0,2,0,0,0,0,2,0,0,2,0,0,2,2
77,9458.688,8338.704,77.681,0.188,0.999933,-0.003275,0.011068,0.002852,0.999273,0.038021,-0.011184,-0.037987,0.999216,0,-0.27624,-0.81526,-16.574,-1.631,-1,400.000,-1,400.000,-1,325.000,325.000,300.000,300.000,-1,700.000,750.000,-1,725.000,825.000,-1,-1,2,0,2,0,2,0,0,0,0,2,0,0,2,0,0,2,2
78,9441.361,8339.140,77.861,-1.443,0.999628,0.025159,0.010546,-0.025543,0.998951,0.038012,-0.009579,-0.038267,0.999222,0,-0.28889,-0.81526,-17.333,-1.631,-1,400.000,-1,400.000,-1,325.000,325.000,300.000,300.000,-1,650.000,700.000,-1,725.000,850.000,-1,-1,2,0,2,0,2,0,0,0,0,2,0,0,2,0,0,2,2
79,9424.053,8340.069,78.029,-3.073,0.998514,0.053573,0.010005,-0.053917,0.997821,0.038041,-0.007946,-0.038524,0.999226,0,-0.28889,-0.81526,-17.333,-1.631,-1,400.000,-1,400.000,-1,325.000,325.000,300.000,300.000,-1,625.000,650.000,-1,750.000,850.000,-1,-1,2,0,2,0,2,0,0,0,0,2,0,0,2,0,0,2,2
80,9406.778,8341.490,78.185,-4.704,0.996592,0.081942,0.009448,-0.082245,0.995883,0.038108,-0.006287,-0.038755,0.999229,0,-0.28889,-0.81526,-17.333,-1.631,-1,400.000,-1,400.000,-1,325.000,325.000,300.000,300.000,-1,575.000,625.000,-1,750.000,850.000,-1,-1,2,0,2,0,2,0,0,0,0,2,0,0,2,0,0,2,2
81,9389.551,8343.403,78.326,-6.334,0.993865,0.110245,0.008878,-0.110506,0.993141,0.038212,-0.004605,-0.038959,0.999230,0,-0.28889,-0.81526,-17.333,-1.631,-1,400.000,-1,400.000,-1,325.000,325.000,300.000,300.000,-1,550.000,575.000,-1,750.000,875.000,-1,-1,2,0,2,0,2,0,0,0,0,2,0,0,2,0,0,2,2
82,9372.385,8345.804,78.453,-7.965,0.990333,0.138458,0.008299,-0.138676,0.989595,0.038353,-0.002903,-0.039133,0.999230,0,-0.28889,-0.81526,-17.333,-1.631,-1,400.000,-1,400.000,-1,325.000,325.000,300.000,300.000,-1,500.000,525.000,-1,750.000,875.000,-1,-1,2,0,2,0,2,0,0,0,0,2,0,0,2,0,0,2,2
83,9354.573,8348.739,78.571,-9.355,0.986690,0.162431,0.007726,-0.162609,0.985938,0.038519,-0.001361,-0.039263,0.999228,0,-0.30088,-0.69526,-18.053,-1.391,-1,400.000,-1,400.000,-1,325.000,325.000,300.000,300.000,-1,475.000,500.000,-1,775.000,875.000,-1,-1,2,0,2,0,2,0,0,0,0,2,0,0,2,0,0,2,2
84,9336.823,8352.030,78.677,-10.506,0.983236,0.182194,0.007180,-0.182335,0.982475,0.038692,-0.000004,-0.039353,0.999225,0,-0.30088,-0.57526,-18.053,-1.151,-1,400.000,-1,400.000,-1,325.000,325.000,300.000,300.000,-1,450.000,475.000,-1,775.000,875.000,-1,-1,2,0,2,0,2,0,0,0,0,2,0,0,2,0,0,2,2
85,9319.128,8355.604,78.771,-11.416,0.980223,0.197783,0.006664,-0.197892,0.979453,0.038860,0.001158,-0.039410,0.999222,0,-0.30088,-0.45526,-18.053,-0.911,-1,400.000,-1,400.000,-1,325.000,325.000,300.000,300.000,-1,425.000,450.000,-1,775.000,900.000,-1,-1,2,0,2,0,2,0,0,0,0,2,0,0,2,0,0,2,2
86,9301.475,8359.384,78.855,-12.087,0.977847,0.209231,0.006182,-0.209311,0.977071,0.039011,0.002122,-0.039440,0.999220,0,-0.30088,-0.33526,-18.053,-0.671,-1,400.000,-1,400.000,-1,325.000,325.000,300.000,300.000,-1,400.000,425.000,-1,775.000,900.000,-1,-1,2,0,2,0,2,0,0,0,0,2,0,0,2,0,0,2,2
87,9283.852,8363.296,78.932,-12.517,0.976251,0.216566,0.005734,-0.216623,0.975471,0.039137,0.002882,-0.039450,0.999217,0,-0.30088,-0.21526,-18.053,-0.431,-1,400.000,-1,400.000,-1,325.000,325.000,300.000,300.000,-1,375.000,400.000,-1,800.000,900.000,-1,-1,2,0,2,0,2,0,0,0,0,2,0,0,2,0,0,2,2
88,9266.241,8367.267,79.002,-12.708,0.975528,0.219809,0.005323,-0.219846,0.974745,0.039232,0.003435,-0.039442,0.999216,0,-0.30088,-0.09526,-18.053,-0.191,-1,400.000,-1,400.000,-1,325.000,325.000,300.000,300.000,-1,350.000,375.000,-1,800.000,900.000,-1,-1,2,0,2,0,2,0,0,0,0,2,0,0,2,0,0,2,2
89,9248.627,8371.223,79.082,-12.658,0.975720,0.218966,0.004999,-0.218992,0.974934,0.039331,0.003739,-0.039471,0.999214,0,-0.30088,0.02474,-18.053,0.049,-1,400.000,-1,400.000,-1,325.000,325.000,300.000,300.000,-1,325.000,350.000,-1,800.000,900.000,-1,-1,2,0,2,0,2,0,0,0,0,2,0,0,2,0,0,2,2
90,9230.994,8375.090,79.053,-12.369,0.976812,0.214041,0.004916,-0.214068,0.976042,0.038941,0.003537,-0.039090,0.999229,0,-0.30088,0.14474,-18.053,0.289,-1,400.000,-1,400.000,-1,325.000,325.000,300.000,300.000,-1,325.000,325.000,-1,800.000,875.000,-1,-1,2,0,2,0,2,0,0,0,0,2,0,0,2,0,0,2,2
91,9213.336,8378.847,79.079,-12.012,0.978123,0.207963,0.005067,-0.208002,0.977363,0.038691,0.003094,-0.038899,0.999238,0,-0.30088,0.17831,-18.053,0.357,-1,400.000,-1,400.000,-1,325.000,325.000,300.000,300.000,-1,300.000,325.000,-1,800.000,875.000,-1,-1,2,0,2,0,2,0,0,0,0,2,0,0,2,0,0,2,2
92,9195.656,8382.495,79.218,-11.656,0.979395,0.201874,0.005624,-0.201939,0.978630,0.038775,0.002323,-0.039112,0.999232,0,-0.30088,0.17831,-18.053,0.357,-1,400.000,-1,400.000,-1,325.000,325.000,300.000,300.000,-1,300.000,325.000,-1,800.000,875.000,-1,-1,2,0,2,0,2,0,0,0,0,2,0,0,2,0,0,2,2
93,9177.953,8386.032,79.360,-11.299,0.980629,0.195778,0.006186,-0.195869,0.979859,0.038867,0.001548,-0.039325,0.999225,0,-0.30088,0.17831,-18.053,0.357,-1,400.000,-1,400.000,-1,325.000,325.000,300.000,300.000,-1,300.000,300.000,-1,800.000,875.000,-1,-1,2,0,2,0,2,0,0,0,0,2,0,0,2,0,0,2,2
94,9160.228,8389.459,79.506,-10.942,0.981824,0.189673,0.006751,-0.189792,0.981051,0.038967,0.000768,-0.039540,0.999218,0,-0.30088,0.17831,-18.053,0.357,-1,400.000,-1,400.000,-1,325.000,325.000,300.000,300.000,-1,300.000,300.000,-1,800.000,850.000,-1,-1,2,0,2,0,2,0,0,0,0,2,0,0,2,0,0,2,2
95,9142.483,8392.775,79.655,-10.586,0.982981,0.183562,0.007319,-0.183708,0.982204,0.039076,-0.000016,-0.039755,0.999209,0,-0.30088,0.17831,-18.053,0.357,-1,400.000,-1,400.000,-1,325.000,325.000,300.000,300.000,-1,275.000,300.000,-1,800.000,850.000,-1,-1,2,0,2,0,2,0,0,0,0,2,0,0,2,0,0,2,2
96,9129.451,8395.184,79.761,-10.469,0.983349,0.181561,0.007801,-0.181728,0.982567,0.039207,-0.000546,-0.039972,0.999201,0,-0.22088,0.05831,-13.253,0.117,-1,400.000,-1,400.000,-1,325.000,325.000,300.000,300.000,-1,275.000,300.000,-1,775.000,850.000,-1,-1,2,0,2,0,2,0,0,0,0,2,0,0,2,0,0,2,2
97,9121.142,8396.738,79.839,-10.593,0.982953,0.183675,0.008138,-0.183854,0.982168,0.039303,-0.000774,-0.040130,0.999194,0,-0.14088,-0.06169,-8.453,-0.123,-1,400.000,-1,400.000,-1,325.000,325.000,300.000,300.000,-1,275.000,300.000,-1,775.000,850.000,-1,-1,2,0,2,0,2,0,0,0,0,2,0,0,2,0,0,2,2
98,9117.556,8397.432,79.890,-10.956,0.981768,0.189900,0.008338,-0.190081,0.980979,0.039349,-0.000708,-0.040216,0.999191,0,-0.06088,-0.18169,-3.653,-0.363,-1,400.000,-1,400.000,-1,325.000,325.000,300.000,300.000,-1,275.000,300.000,-1,775.000,850.000,-1,-1,2,0,2,0,2,0,0,0,0,2,0,0,2,0,0,2,2
99,9118.680,8397.202,79.908,-11.559,0.979715,0.200219,0.008376,-0.200394,0.978923,0.039385,-0.000314,-0.040265,0.999189,0,0.01912,-0.30169,1.147,-0.603,-1,400.000,-1,400.000,-1,325.000,325.000,300.000,300.000,-1,275.000,300.000,-1,775.000,850.000,-1,-1,2,0,2,0,2,0,0,0,0,2,0,0,2,0,0,2,2
100,9124.489,8395.924,79.906,-12.403,0.976666,0.214607,0.008265,-0.214766,0.975872,0.039374,0.000384,-0.040231,0.999190,0,0.09912,-0.42169,5.947,-0.843,-1,400.000,-1,400.000,-1,325.000,325.000,300.000,300.000,-1,275.000,300.000,-1,775.000,850.000,-1,-1,2,0,2,0,2,0,0,0,0,2,0,0,2,0,0,2,2
101,9134.940,8393.418,79.886,-13.486,0.972439,0.233021,0.008000,-0.233154,0.971644,0.039344,0.001394,-0.040125,0.999194,0,0.17912,-0.54169,10.747,-1.083,-1,400.000,-1,400.000,-1,325.000,325.000,300.000,300.000,-1,300.000,300.000,-1,800.000,850.000,-1,-1,2,0,2,0,2,0,0,0,0,2,0,0,2,0,0,2,2
102,9149.971,8389.444,79.840,-14.809,0.966805,0.255400,0.007638,-0.255501,0.966008,0.039352,0.002672,-0.039997,0.999196,0,0.25912,-0.66169,15.547,-1.323,-1,400.000,-1,400.000,-1,325.000,325.000,300.000,300.000,-1,300.000,300.000,-1,800.000,850.000,-1,-1,2,0,2,0,2,0,0,0,0,2,0,0,2,0,0,2,2
103,9169.493,8383.708,79.787,-16.373,0.959487,0.281663,0.007138,-0.281721,0.958688,0.039383,0.004250,-0.039798,0.999199,0,0.33912,-0.78169,20.347,-1.563,-1,400.000,-1,400.000,-1,325.000,325.000,300.000,300.000,-1,300.000,325.000,-1,800.000,850.000,-1,-1,2,0,2,0,2,0,0,0,0,2,0,0,2,0,0,2,2
104,9193.388,8375.868,79.738,-18.165,0.950223,0.311504,0.006504,-0.311512,0.949423,0.039455,0.006115,-0.039517,0.999200,0,0.41912,-0.89588,25.147,-1.792,-1,400.000,-1,400.000,-1,325.000,325.000,300.000,300.000,-1,325.000,325.000,-1,800.000,875.000,-1,-1,2,0,2,0,2,0,0,0,0,2,0,0,2,0,0,2,2
105,9221.537,8365.646,79.695,-19.956,0.940031,0.341042,0.005719,-0.340994,0.939233,0.039567,0.008123,-0.039145,0.999201,0,0.49912,-0.89588,29.947,-1.792,-1,400.000,-1,400.000,-1,325.000,325.000,300.000,300.000,-1,325.000,325.000,-1,800.000,875.000,-1,-1,2,0,2,0,2,0,0,0,0,2,0,0,2,0,0,2,2
106,9253.811,8352.771,79.776,-21.748,0.928920,0.370244,0.005241,-0.370147,0.928112,0.039980,0.009938,-0.039078,0.999187,0,0.57912,-0.89588,34.747,-1.792,-1,400.000,-1,400.000,-1,325.000,325.000,300.000,300.000,-1,350.000,350.000,-1,825.000,900.000,-1,-1,2,0,2,0,2,0,0,0,0,2,0,0,2,0,0,2,2
107,9290.068,8336.976,80.111,-23.540,0.916903,0.399071,0.005604,-0.398954,0.916058,0.040915,0.011194,-0.039750,0.999147,0,0.65912,-0.89588,39.547,-1.792,-1,400.000,-1,425.000,-1,325.000,325.000,300.000,300.000,-1,400.000,375.000,-1,825.000,900.000,-1,-1,2,0,2,0,2,0,0,0,0,2,0,0,2,0,0,2,2
108,9330.151,8318.002,80.469,-25.332,0.903990,0.427510,0.006189,-0.427380,0.903113,0.041623,0.012205,-0.040271,0.999114,0,0.73912,-0.89588,44.347,-1.792,-1,400.000,-1,425.000,-1,325.000,325.000,300.000,300.000,-1,450.000,425.000,-1,825.000,925.000,-1,-1,2,0,2,0,2,0,0,0,0,2,0,0,2,0,0,2,2
109,9373.894,8295.595,80.729,-27.123,0.890186,0.455541,0.007133,-0.455424,0.889309,0.041447,0.012537,-0.040144,0.999115,0,0.81912,-0.89588,49.147,-1.792,-1,425.000,-1,425.000,-1,325.000,325.000,300.000,300.000,-1,500.000,500.000,-1,825.000,950.000,-1,-1,2,0,2,0,2,0,0,0,0,2,0,0,2,0,0,2,2
110,9421.116,8269.511,81.056,-28.915,0.875511,0.483128,0.008270,-0.483035,0.874638,0.041058,0.012603,-0.039942,0.999123,0,0.89912,-0.89588,53.947,-1.792,-1,425.000,-1,425.000,-1,325.000,325.000,300.000,300.000,-1,575.000,550.000,-1,850.000,950.000,-1,-1,2,0,2,0,2,0,0,0,0,2,0,0,2,0,0,2,2
111,9467.805,8241.781,81.449,-30.707,0.859976,0.510244,0.009583,-0.510182,0.859112,0.040512,0.012438,-0.039728,0.999133,0,0.90504,-0.89588,54.302,-1.792,-1,425.000,-1,425.000,-1,325.000,350.000,300.000,300.000,-1,675.000,650.000,-1,850.000,950.000,-1,-1,2,0,2,0,2,0,0,0,0,2,0,0,2,0,0,2,2
112,9513.604,8212.605,81.920,-32.499,0.843598,0.536860,0.011118,-0.536841,0.842744,0.039809,0.012002,-0.039551,0.999145,0,0.90504,-0.89588,54.302,-1.792,-1,425.000,-1,425.000,-1,350.000,350.000,300.000,300.000,-1,775.000,750.000,-1,850.000,975.000,-1,-1,2,0,2,0,2,0,0,0,0,2,0,0,2,0,0,2,2
113,9558.468,8182.012,82.438,-34.290,0.826391,0.562954,0.012715,-0.562982,0.825554,0.038874,0.011388,-0.039284,0.999163,0,0.90504,-0.89588,54.302,-1.792,-1,425.000,-1,425.000,-1,350.000,350.000,300.000,300.000,-1,850.000,850.000,-1,875.000,975.000,-1,-1,2,0,2,0,2,0,0,0,0,2,0,0,2,0,0,2,2
114,9602.354,8150.031,82.953,-36.082,0.808369,0.588495,0.014604,-0.588583,0.807554,0.037764,0.010430,-0.039123,0.999180,0,0.90504,-0.89588,54.302,-1.792,-1,425.000,-1,425.000,-1,350.000,350.000,300.000,300.000,-1,975.000,975.000,-1,875.000,975.000,-1,-1,2,0,2,0,2,0,0,0,0,2,0,0,2,0,0,2,2
115,9645.219,8116.693,83.375,-37.874,0.789555,0.613449,0.016834,-0.613609,0.788749,0.036862,0.009335,-0.039434,0.999179,0,0.90504,-0.89588,54.302,-1.792,-1,425.000,-1,425.000,-1,350.000,350.000,300.000,300.000,-1,-1,-1,-1,900.000,975.000,-1,-1,2,0,2,0,2,0,0,0,0,2,2,2,2,0,0,2,2
116,9687.020,8082.032,83.780,-39.666,0.769964,0.637799,0.019179,-0.638035,0.769168,0.035930,0.008165,-0.039902,0.999170,0,0.90504,-0.89588,54.302,-1.792,-1,425.000,-1,425.000,-1,350.000,350.000,300.000,300.000,-1,-1,-1,-1,900.000,975.000,-1,-1,2,0,2,0,2,0,0,0,0,2,2,2,2,0,0,2,2
117,9727.717,8046.080,84.179,-41.458,0.749614,0.661522,0.021634,-0.661839,0.748832,0.034907,0.006891,-0.040485,0.999156,0,0.90504,-0.89588,54.302,-1.792,-1,425.000,-1,425.000,-1,350.000,350.000,300.000,300.000,-1,-1,-1,-1,900.000,975.000,-1,-1,2,0,2,0,2,0,0,0,0,2,2,2,2,0,0,2,2
118,9767.270,8008.874,84.603,-43.249,0.728526,0.684596,0.024030,-0.684995,0.727765,0.033763,0.005626,-0.041058,0.999141,0,0.90504,-0.89588,54.302,-1.792,-1,425.000,-1,425.000,-1,350.000,350.000,300.000,300.000,-1,-1,-1,-1,900.000,975.000,-1,-1,2,0,2,0,2,0,0,0,0,2,2,2,2,0,0,2,2
119,9805.641,7970.449,85.030,-45.041,0.706721,0.706997,0.026472,-0.707480,0.705985,0.032523,0.004305,-0.041713,0.999120,0,0.90504,-0.89588,54.302,-1.792,-1,425.000,-1,425.000,-1,350.000,350.000,300.000,275.000,-1,-1,-1,-1,925.000,975.000,-1,-1,2,0,2,0,2,0,0,0,0,2,2,2,2,0,0,2,2
120,9842.791,7930.843,85.380,-46.833,0.684210,0.728706,0.029056,-0.729280,0.683515,0.030945,0.002690,-0.042363,0.999099,0,0.90504,-0.89588,54.302,-1.792,-1,425.000,-1,425.000,-1,350.000,350.000,300.000,275.000,-1,-1,-1,-1,925.000,975.000,-1,-1,2,0,2,0,2,0,0,0,0,2,2,2,2,0,0,2,2
121,9878.685,7890.095,85.630,-48.625,0.661013,0.749703,0.031724,-0.750374,0.660381,0.028904,0.000719,-0.042911,0.999079,0,0.90504,-0.89588,54.302,-1.792,-1,425.000,-1,425.000,-1,350.000,350.000,275.000,275.000,-1,-1,-1,-1,925.000,975.000,-1,-1,2,0,2,0,2,0,0,0,0,2,2,2,2,0,0,2,2
122,9913.287,7848.244,85.781,-50.416,0.637166,0.769970,0.034146,-0.770726,0.636605,0.026744,-0.001146,-0.043357,0.999059,0,0.90504,-0.89588,54.302,-1.792,-1,425.000,-1,425.000,-1,350.000,350.000,275.000,300.000,-1,-1,-1,-1,925.000,975.000,-1,-1,2,0,2,0,2,0,0,0,0,2,2,2,2,0,0,2,2
123,9946.564,7805.332,85.688,-52.208,0.612710,0.789506,0.035606,-0.790304,0.612225,0.024503,-0.002454,-0.043152,0.999065,0,0.90504,-0.89588,54.302,-1.792,-1,425.000,-1,425.000,-1,350.000,350.000,275.000,275.000,-1,-1,-1,-1,925.000,950.000,-1,-1,2,0,2,0,2,0,0,0,0,2,2,2,2,0,0,2,2
124,9978.482,7761.401,85.526,-54.000,0.587654,0.808258,0.037155,-0.809104,0.587237,0.022448,-0.003675,-0.043254,0.999057,0,0.90504,-0.89588,54.302,-1.792,-1,425.000,-1,425.000,-1,350.000,350.000,275.000,275.000,-1,-1,-1,-1,950.000,950.000,-1,-1,2,0,2,0,2,0,0,0,0,2,2,2,2,0,0,2,2
125,10009.012,7716.493,85.275,-55.792,0.562027,0.826207,0.038833,-0.827105,0.561666,0.020682,-0.004724,-0.043743,0.999032,0,0.90504,-0.89588,54.302,-1.792,-1,425.000,-1,425.000,-1,350.000,350.000,275.000,300.000,-1,-1,-1,-1,950.000,950.000,-1,-1,2,0,2,0,2,0,0,0,0,2,2,2,2,0,0,2,2
126,10038.388,7670.660,84.979,-57.343,0.539371,0.841090,0.040583,-0.842047,0.539071,0.018935,-0.005951,-0.044385,0.998997,0,0.90730,-0.77588,54.438,-1.552,-1,425.000,-1,425.000,-1,350.000,350.000,275.000,300.000,-1,-1,-1,-1,950.000,950.000,-1,-1,2,0,2,0,2,0,0,0,0,2,2,2,2,0,0,2,2
127,10066.726,7624.135,84.501,-58.655,0.519868,0.853160,0.043063,-0.854211,0.519645,0.017115,-0.007776,-0.045683,0.998926,0,0.90792,-0.65588,54.475,-1.312,-1,425.000,-1,425.000,-1,350.000,350.000,275.000,300.000,-1,-1,-1,-1,950.000,925.000,-1,-1,2,0,2,0,2,0,0,0,0,2,2,2,2,0,0,2,2
128,10094.199,7577.072,83.972,-59.727,0.503701,0.862676,0.045554,-0.863823,0.503564,0.015284,-0.009754,-0.047049,0.998845,0,0.90825,-0.53588,54.495,-1.072,-1,425.000,-1,400.000,-1,350.000,325.000,275.000,300.000,-1,-1,-1,-1,950.000,925.000,-1,-1,2,0,2,0,2,0,0,0,0,2,2,2,2,0,0,2,2
129,10120.990,7529.609,83.423,-60.559,0.490990,0.869843,0.047979,-0.871082,0.490958,0.013253,-0.012028,-0.048301,0.998760,0,0.90836,-0.41588,54.501,-0.832,-1,425.000,-1,425.000,-1,350.000,325.000,275.000,300.000,-1,-1,-1,-1,925.000,925.000,-1,-1,2,0,2,0,2,0,0,0,0,2,2,2,2,0,0,2,2
130,10147.287,7481.875,82.790,-61.150,0.481833,0.874810,0.050444,-0.876144,0.481917,0.011291,-0.014433,-0.049636,0.998663,0,0.90830,-0.29588,54.498,-0.592,-1,425.000,-1,425.000,-1,350.000,325.000,275.000,300.000,-1,-1,-1,-1,925.000,925.000,-1,-1,2,0,2,0,2,0,0,0,0,2,2,2,2,0,0,2,2
131,10173.285,7433.990,82.063,-61.502,0.476293,0.877691,0.052955,-0.879123,0.476503,0.009397,-0.016986,-0.051030,0.998553,0,0.90813,-0.17588,54.488,-0.352,-1,425.000,-1,425.000,-1,350.000,325.000,275.000,300.000,-1,-1,-1,-1,900.000,925.000,-1,-1,2,0,2,0,2,0,0,0,0,2,2,2,2,0,0,2,2
132,10199.184,7386.066,81.234,-61.614,0.474406,0.878554,0.055517,-0.880085,0.474755,0.007568,-0.019708,-0.052450,0.998429,0,0.90789,-0.05588,54.474,-0.112,-1,425.000,-1,425.000,-1,350.000,350.000,275.000,300.000,-1,-1,-1,-1,900.000,925.000,-1,-1,2,0,2,0,2,0,0,0,0,2,2,2,2,0,0,2,2
133,10225.181,7338.215,80.161,-61.486,0.476214,0.877445,0.057534,-0.879048,0.476697,0.005909,-0.022241,-0.053389,0.998326,0,0.90763,0.06412,54.458,0.128,-1,425.000,-1,425.000,-1,350.000,350.000,275.000,300.000,-1,-1,-1,-1,875.000,925.000,-1,-1,2,0,2,0,2,0,0,0,0,2,2,2,2,0,0,2,2
134,10251.478,7290.546,78.879,-61.118,0.481677,0.874336,0.059368,-0.875991,0.482311,0.004087,-0.025061,-0.053975,0.998228,0,0.90736,0.18412,54.442,0.368,-1,425.000,-1,425.000,-1,350.000,350.000,275.000,300.000,-1,-1,-1,-1,875.000,925.000,-1,-1,2,0,2,0,2,0,0,0,0,2,2,2,2,0,0,2,2
135,10275.553,7247.132,77.318,-60.989,0.483450,0.873275,0.060562,-0.874914,0.484278,0.001141,-0.028333,-0.053538,0.998164,0,0.82736,0.06412,49.642,0.128,-1,425.000,-1,425.000,-1,350.000,350.000,300.000,300.000,-1,-1,-1,-1,850.000,925.000,-1,-1,2,0,2,0,2,0,0,0,0,2,2,2,2,0,0,2,2
