timestep,x_cm,y_cm,z_cm,yaw_deg,basis_xx,basis_xy,basis_xz,basis_yx,basis_yy,basis_yz,basis_zx,basis_zy,basis_zz,teleport_flag,throttle_cmd,steering_cmd,cmd_move_cm,cmd_turn_deg,lidar_cm_0,lidar_cm_1,lidar_cm_2,lidar_cm_3,lidar_cm_4,lidar_cm_5,lidar_cm_6,lidar_cm_7,lidar_cm_8,lidar_cm_9,lidar_cm_10,lidar_cm_11,lidar_cm_12,lidar_cm_13,lidar_cm_14,lidar_cm_15,lidar_cm_16,lidar_class_0,lidar_class_1,lidar_class_2,lidar_class_3,lidar_class_4,lidar_class_5,lidar_class_6,lidar_class_7,lidar_class_8,lidar_class_9,lidar_class_10,lidar_class_11,lidar_class_12,lidar_class_13,lidar_class_14,lidar_class_15,lidar_class_16
0,-8855.914,-8194.425,28.906,99.577,-0.165966,-0.983709,-0.069086,0.986113,-0.165981,-0.005566,-0.005992,-0.069051,0.997595,1,0.08000,-0.12000,4.800,-0.240,-1,400.000,-1,375.000,-1,325.000,325.000,300.000,300.000,-1,900.000,800.000,-1,800.000,750.000,-1,-1,2,0,2,0,2,0,0,0,0,2,0,0,2,0,0,2,2
1,-8857.432,-8184.945,28.845,99.097,-0.157743,-0.985058,-0.069123,0.987466,-0.157733,-0.005641,-0.005346,-0.069146,0.997592,0,0.16000,-0.24000,9.600,-0.480,-1,400.000,-1,375.000,-1,325.000,325.000,300.000,300.000,-1,900.000,825.000,-1,800.000,750.000,-1,-1,2,0,2,0,2,0,0,0,0,2,0,0,2,0,0,2,2
2,-8859.530,-8170.698,28.767,98.377,-0.145389,-0.986953,-0.069181,0.989365,-0.145341,-0.005756,-0.004374,-0.069282,0.997587,0,0.24000,-0.36000,14.400,-0.720,-1,400.000,-1,375.000,-1,325.000,325.000,300.000,300.000,-1,925.000,850.000,-1,800.000,750.000,-1,-1,2,0,2,0,2,0,0,0,0,2,0,0,2,0,0,2,2
3,-8862.008,-8151.658,28.686,97.417,-0.128882,-0.989238,-0.069267,0.991655,-0.128783,-0.005909,-0.003075,-0.069450,0.997581,0,0.32000,-0.48000,19.200,-0.960,-1,400.000,-1,375.000,-1,325.000,325.000,300.000,300.000,-1,950.000,850.000,-1,800.000,750.000,-1,-1,2,0,2,0,2,0,0,0,0,2,0,0,2,0,0,2,2
4,-8864.607,-8127.799,28.624,96.217,-0.108199,-0.991705,-0.069383,0.994128,-0.108036,-0.006104,-0.001443,-0.069636,0.997571,0,0.40000,-0.60000,24.000,-1.200,-1,400.000,-1,375.000,-1,325.000,325.000,300.000,300.000,-1,1000.000,900.000,-1,800.000,750.000,-1,-1,2,0,2,0,2,0,0,0,0,2,0,0,2,0,0,2,2
5,-8867.006,-8099.098,28.603,94.777,-0.083319,-0.994094,-0.069535,0.996523,-0.083079,-0.006343,0.000529,-0.069822,0.997559,0,0.48000,-0.72000,28.800,-1.440,-1,400.000,-1,375.000,-1,325.000,325.000,300.000,300.000,-1,-1,925.000,-1,800.000,725.000,-1,-1,2,0,2,0,2,0,0,0,0,2,2,0,2,0,0,2,2
6,-8868.860,-8065.549,28.651,93.163,-0.055376,-0.996028,-0.069725,0.998462,-0.055046,-0.006638,0.002774,-0.069986,0.997544,0,0.56000,-0.80699,33.600,-1.614,-1,400.000,-1,375.000,-1,325.000,325.000,300.000,300.000,-1,-1,950.000,-1,800.000,725.000,-1,-1,2,0,2,0,2,0,0,0,0,2,2,0,2,0,0,2,2
7,-8869.898,-8027.162,28.786,91.549,-0.027395,-0.997174,-0.069960,0.999612,-0.026971,-0.007005,0.005098,-0.070124,0.997525,0,0.64000,-0.80699,38.400,-1.614,-1,400.000,-1,375.000,-1,325.000,325.000,300.000,300.000,-1,-1,1000.000,-1,800.000,725.000,-1,-1,2,0,2,0,2,0,0,0,0,2,2,0,2,0,0,2,2
8,-8869.849,-7983.961,29.031,89.935,0.000600,-0.997530,-0.070243,0.999972,0.001126,-0.007453,0.007513,-0.070236,0.997502,0,0.72000,-0.80699,43.200,-1.614,-1,400.000,-1,375.000,-1,325.000,325.000,300.000,300.000,-1,-1,-1,-1,800.000,725.000,-1,-1,2,0,2,0,2,0,0,0,0,2,2,2,2,0,0,2,2
9,-8868.442,-7935.981,29.408,88.321,0.028586,-0.997097,-0.070578,0.999541,0.029222,-0.007994,0.010033,-0.070317,0.997474,0,0.80000,-0.80699,48.000,-1.614,-1,400.000,-1,375.000,-1,325.000,325.000,300.000,300.000,-1,-1,-1,-1,800.000,725.000,-1,-1,2,0,2,0,2,0,0,0,0,2,2,2,2,0,0,2,2
10,-8865.409,-7883.267,29.936,86.707,0.056538,-0.995874,-0.070982,0.998320,0.057294,-0.008655,0.012687,-0.070373,0.997440,0,0.88000,-0.80699,52.800,-1.614,-1,400.000,-1,375.000,-1,325.000,325.000,300.000,300.000,-1,-1,-1,-1,800.000,750.000,-1,-1,2,0,2,0,2,0,0,0,0,2,2,2,2,0,0,2,2
11,-8860.803,-7829.611,30.694,85.093,0.084457,-0.993839,-0.071765,0.996313,0.085318,-0.009015,0.015083,-0.070739,0.997381,0,0.89753,-0.80699,53.852,-1.614,-1,400.000,-1,375.000,-1,325.000,325.000,300.000,300.000,-1,-1,-1,-1,800.000,750.000,-1,-1,2,0,2,0,2,0,0,0,0,2,2,2,2,0,0,2,2
12,-8854.687,-7776.107,31.595,83.479,0.112325,-0.991011,-0.072662,0.993523,0.113273,-0.009039,0.017189,-0.071176,0.997316,0,0.89753,-0.80699,53.852,-1.614,-1,400.000,-1,375.000,-1,325.000,325.000,300.000,300.000,-1,-1,-1,-1,800.000,750.000,-1,-1,2,0,2,0,2,0,0,0,0,2,2,2,2,0,0,2,2
13,-8847.067,-7722.796,32.610,81.865,0.140099,-0.987400,-0.073575,0.989949,0.141136,-0.009075,0.019345,-0.071564,0.997248,0,0.89753,-0.80699,53.852,-1.614,-1,400.000,-1,375.000,-1,325.000,325.000,300.000,300.000,-1,-1,-1,-1,800.000,750.000,-1,-1,2,0,2,0,2,0,0,0,0,2,2,2,2,0,0,2,2
14,-8837.948,-7669.721,33.744,80.251,0.167755,-0.983010,-0.074493,0.985593,0.168887,-0.009117,0.021543,-0.071890,0.997180,0,0.89753,-0.80699,53.852,-1.614,-1,400.000,-1,375.000,-1,325.000,325.000,300.000,300.000,-1,-1,-1,-1,800.000,750.000,-1,-1,2,0,2,0,2,0,0,0,0,2,2,2,2,0,0,2,2
15,-8827.338,-7616.924,34.999,78.637,0.195275,-0.977845,-0.075406,0.980460,0.196504,-0.009159,0.023774,-0.072144,0.997111,0,0.89753,-0.80699,53.852,-1.614,-1,400.000,-1,375.000,-1,325.000,325.000,300.000,300.000,-1,-1,-1,-1,800.000,750.000,-1,-1,2,0,2,0,2,0,0,0,0,2,2,2,2,0,0,2,2
16,-8816.523,-7569.078,36.240,77.263,0.218577,-0.972838,-0.076224,0.975481,0.219891,-0.009187,0.025699,-0.072347,0.997048,0,0.81753,-0.68699,49.052,-1.374,-1,400.000,-1,375.000,-1,325.000,325.000,300.000,300.000,-1,-1,-1,-1,800.000,775.000,-1,-1,2,0,2,0,2,0,0,0,0,2,2,2,2,0,0,2,2
17,-8805.915,-7526.116,37.434,76.129,0.237712,-0.968284,-0.076943,0.970952,0.239098,-0.009200,0.027305,-0.072521,0.996993,0,0.73753,-0.56699,44.252,-1.134,-1,400.000,-1,375.000,-1,325.000,325.000,300.000,300.000,-1,-1,-1,-1,800.000,775.000,-1,-1,2,0,2,0,2,0,0,0,0,2,2,2,2,0,0,2,2
18,-8795.763,-7487.992,38.562,75.090,0.255168,-0.963781,-0.077563,0.966468,0.256620,-0.009207,0.028778,-0.072613,0.996945,0,0.65753,-0.51968,39.452,-1.039,-1,400.000,-1,400.000,-1,325.000,325.000,300.000,300.000,-1,-1,-1,-1,800.000,775.000,-1,-1,2,0,2,0,2,0,0,0,0,2,2,2,2,0,0,2,2
19,-8786.241,-7454.673,39.609,74.051,0.272544,-0.958969,-0.078090,0.961668,0.274061,-0.009215,0.030238,-0.072585,0.996904,0,0.57753,-0.51968,34.652,-1.039,-1,400.000,-1,400.000,-1,325.000,325.000,300.000,300.000,-1,-1,-1,-1,800.000,775.000,-1,-1,2,0,2,0,2,0,0,0,0,2,2,2,2,0,0,2,2
20,-8777.518,-7426.124,40.558,73.011,0.289833,-0.953850,-0.078529,0.956553,0.291414,-0.009227,0.031685,-0.072443,0.996869,0,0.49753,-0.51968,29.852,-1.039,-1,400.000,-1,400.000,-1,325.000,325.000,300.000,300.000,-1,-1,-1,-1,825.000,775.000,-1,-1,2,0,2,0,2,0,0,0,0,2,2,2,2,0,0,2,2
21,-8769.765,-7402.301,41.394,71.972,0.307031,-0.948424,-0.078886,0.951123,0.308673,-0.009243,0.033116,-0.072193,0.996841,0,0.41753,-0.51968,25.052,-1.039,-1,400.000,-1,400.000,-1,325.000,325.000,300.000,300.000,-1,-1,-1,-1,825.000,800.000,-1,-1,2,0,2,0,2,0,0,0,0,2,2,2,2,0,0,2,2
22,-8763.148,-7383.160,42.101,70.933,0.324132,-0.942693,-0.079169,0.945381,0.325835,-0.009265,0.034530,-0.071842,0.996818,0,0.33753,-0.51968,20.252,-1.039,-1,400.000,-1,400.000,-1,325.000,325.000,300.000,300.000,-1,-1,-1,-1,825.000,800.000,-1,-1,2,0,2,0,2,0,0,0,0,2,2,2,2,0,0,2,2
23,-8757.835,-7368.650,42.663,69.893,0.341131,-0.936658,-0.079384,0.939329,0.342892,-0.009293,0.035924,-0.071397,0.996801,0,0.25753,-0.51968,15.452,-1.039,-1,400.000,-1,400.000,-1,325.000,325.000,300.000,300.000,-1,1000.000,-1,-1,825.000,800.000,-1,-1,2,0,2,0,2,0,0,0,0,2,0,2,2,0,0,2,2
24,-8753.992,-7358.715,43.067,68.854,0.358022,-0.930319,-0.079535,0.932968,0.359839,-0.009327,0.037297,-0.070865,0.996788,0,0.17753,-0.51968,10.652,-1.039,-1,400.000,-1,400.000,-1,325.000,325.000,300.000,300.000,-1,950.000,-1,-1,825.000,800.000,-1,-1,2,0,2,0,2,0,0,0,0,2,0,2,2,0,0,2,2
25,-8751.781,-7353.296,43.297,67.815,0.374801,-0.923679,-0.079629,0.926300,0.376671,-0.009366,0.038646,-0.070250,0.996781,0,0.09753,-0.51968,5.852,-1.039,-1,400.000,-1,400.000,-1,325.000,325.000,300.000,300.000,-1,925.000,-1,-1,825.000,800.000,-1,-1,2,0,2,0,2,0,0,0,0,2,0,2,2,0,0,2,2
26,-8751.366,-7352.329,43.343,66.775,0.391461,-0.916740,-0.079664,0.919326,0.393383,-0.009408,0.039964,-0.069554,0.996777,0,0.01753,-0.51968,1.052,-1.039,-1,400.000,-1,400.000,-1,325.000,325.000,300.000,300.000,-1,900.000,-1,-1,825.000,800.000,-1,-1,2,0,2,0,2,0,0,0,0,2,0,2,2,0,0,2,2
27,-8752.905,-7355.746,43.190,65.736,0.407998,-0.909502,-0.079647,0.912050,0.409970,-0.009453,0.041251,-0.068785,0.996778,0,-0.06247,-0.51968,-3.748,-1.039,-1,400.000,-1,400.000,-1,325.000,325.000,300.000,300.000,-1,850.000,-1,-1,825.000,800.000,-1,-1,2,0,2,0,2,0,0,0,0,2,0,2,2,0,0,2,2
28,-8756.557,-7363.474,42.825,64.697,0.424407,-0.901967,-0.079587,0.904473,0.426424,-0.009501,0.042507,-0.067952,0.996783,0,-0.14247,-0.51968,-8.548,-1.039,-1,400.000,-1,400.000,-1,325.000,325.000,300.000,300.000,-1,825.000,975.000,-1,825.000,800.000,-1,-1,2,0,2,0,2,0,0,0,0,2,0,0,2,0,0,2,2
29,-8762.479,-7375.436,42.237,63.657,0.440680,-0.894138,-0.079486,0.896598,0.442742,-0.009549,0.043730,-0.067059,0.996790,0,-0.22247,-0.51968,-13.348,-1.039,-1,400.000,-1,400.000,-1,325.000,325.000,300.000,300.000,-1,775.000,950.000,-1,825.000,800.000,-1,-1,2,0,2,0,2,0,0,0,0,2,0,0,2,0,0,2,2
30,-8770.457,-7390.839,41.456,62.618,0.456815,-0.886017,-0.079333,0.888427,0.458917,-0.009592,0.044906,-0.066100,0.996802,0,-0.28912,-0.51968,-17.347,-1.039,-1,400.000,-1,400.000,-1,325.000,325.000,300.000,300.000,-1,750.000,900.000,-1,825.000,800.000,-1,-1,2,0,2,0,2,0,0,0,0,2,0,0,2,0,0,2,2
31,-8778.712,-7406.096,40.658,61.579,0.472804,-0.877603,-0.079179,0.879963,0.474944,-0.009630,0.046056,-0.065121,0.996814,0,-0.28912,-0.51968,-17.347,-1.039,-1,400.000,-1,400.000,-1,325.000,325.000,300.000,300.000,-1,700.000,850.000,-1,825.000,800.000,-1,-1,2,0,2,0,2,0,0,0,0,2,0,0,2,0,0,2,2
32,-8787.243,-7421.200,39.843,60.539,0.488639,-0.868900,-0.079025,0.871209,0.490816,-0.009663,0.047183,-0.064126,0.996826,0,-0.28912,-0.51968,-17.347,-1.039,-1,400.000,-1,400.000,-1,325.000,325.000,300.000,300.000,-1,675.000,825.000,-1,800.000,800.000,-1,-1,2,0,2,0,2,0,0,0,0,2,0,0,2,0,0,2,2
33,-8796.046,-7436.147,39.011,59.500,0.504316,-0.859910,-0.078872,0.862168,0.506529,-0.009692,0.048286,-0.063113,0.996838,0,-0.28912,-0.51968,-17.347,-1.039,-1,400.000,-1,400.000,-1,325.000,325.000,300.000,300.000,-1,650.000,775.000,-1,800.000,800.000,-1,-1,2,0,2,0,2,0,0,0,0,2,0,0,2,0,0,2,2
34,-8805.120,-7450.932,38.162,58.460,0.519830,-0.850635,-0.078720,0.852842,0.522078,-0.009718,0.049364,-0.062084,0.996849,0,-0.28912,-0.51968,-17.347,-1.039,-1,400.000,-1,400.000,-1,325.000,325.000,300.000,300.000,-1,625.000,750.000,-1,800.000,800.000,-1,-1,2,0,2,0,2,0,0,0,0,2,0,0,2,0,0,2,2
35,-8814.459,-7465.550,37.296,57.421,0.535175,-0.841079,-0.078568,0.843235,0.537456,-0.009739,0.050419,-0.061039,0.996861,0,-0.28912,-0.51968,-17.347,-1.039,-1,400.000,-1,400.000,-1,325.000,325.000,300.000,300.000,-1,600.000,725.000,-1,800.000,800.000,-1,-1,2,0,2,0,2,0,0,0,0,2,0,0,2,0,0,2,2
36,-8824.063,-7479.995,36.414,56.382,0.550347,-0.831246,-0.078418,0.833350,0.552660,-0.009757,0.051449,-0.059979,0.996873,0,-0.28912,-0.51968,-17.347,-1.039,-1,400.000,-1,400.000,-1,325.000,325.000,300.000,300.000,-1,575.000,700.000,-1,800.000,800.000,-1,-1,2,0,2,0,2,0,0,0,0,2,0,0,2,0,0,2,2
37,-8833.927,-7494.265,35.516,55.342,0.565339,-0.821137,-0.078268,0.823189,0.567684,-0.009771,0.052455,-0.058905,0.996885,0,-0.28912,-0.51968,-17.347,-1.039,-1,400.000,-1,400.000,-1,325.000,325.000,325.000,300.000,-1,550.000,650.000,-1,800.000,775.000,-1,-1,2,0,2,0,2,0,0,0,0,2,0,0,2,0,0,2,2
38,-8844.048,-7508.353,34.603,54.303,0.580148,-0.810756,-0.078118,0.812756,0.582522,-0.009783,0.053437,-0.057816,0.996896,0,-0.28912,-0.51968,-17.347,-1.039,-1,400.000,-1,400.000,-1,325.000,325.000,325.000,300.000,-1,550.000,625.000,-1,800.000,775.000,-1,-1,2,0,2,0,2,0,0,0,0,2,0,0,2,0,0,2,2
39,-8854.423,-7522.255,33.675,53.264,0.594769,-0.800107,-0.077970,0.802055,0.597171,-0.009790,0.054395,-0.056713,0.996908,0,-0.28912,-0.51968,-17.347,-1.039,-1,400.000,-1,400.000,-1,325.000,325.000,325.000,300.000,-1,525.000,600.000,-1,800.000,775.000,-1,-1,2,0,2,0,2,0,0,0,0,2,0,0,2,0,0,2,2
40,-8865.049,-7535.967,32.764,52.224,0.609197,-0.789187,-0.077859,0.791093,0.611620,-0.009648,0.055234,-0.055716,0.996918,0,-0.28912,-0.51968,-17.347,-1.039,-1,400.000,-1,400.000,-1,325.000,325.000,325.000,300.000,-1,525.000,575.000,-1,800.000,775.000,-1,-1,2,0,2,0,2,0,0,0,0,2,0,0,2,0,0,2,2
41,-8875.921,-7549.484,31.856,51.185,0.623428,-0.778004,-0.077762,0.779873,0.625867,-0.009418,0.055996,-0.054773,0.996927,0,-0.28912,-0.51968,-17.347,-1.039,-1,400.000,-1,400.000,-1,325.000,325.000,325.000,300.000,-1,500.000,575.000,-1,800.000,775.000,-1,-1,2,0,2,0,2,0,0,0,0,2,0,0,2,0,0,2,2
42,-8887.037,-7562.801,30.938,50.146,0.637456,-0.766563,-0.077662,0.768396,0.639909,-0.009164,0.056722,-0.053834,0.996938,0,-0.28912,-0.51968,-17.347,-1.039,-1,400.000,-1,400.000,-1,325.000,325.000,325.000,300.000,-1,500.000,550.000,-1,775.000,775.000,-1,-1,2,0,2,0,2,0,0,0,0,2,0,0,2,0,0,2,2
43,-8898.393,-7575.914,30.011,49.106,0.651276,-0.754867,-0.077558,0.756666,0.653742,-0.008888,0.057413,-0.052897,0.996948,0,-0.28912,-0.51968,-17.347,-1.039,-1,400.000,-1,400.000,-1,325.000,325.000,325.000,300.000,-1,500.000,550.000,-1,775.000,775.000,-1,-1,2,0,2,0,2,0,0,0,0,2,0,0,2,0,0,2,2
44,-8909.985,-7588.820,29.073,48.067,0.664884,-0.742921,-0.077450,0.744686,0.667359,-0.008590,0.058069,-0.051964,0.996959,0,-0.28912,-0.51968,-17.347,-1.039,-1,400.000,-1,400.000,-1,325.000,325.000,325.000,300.000,-1,500.000,525.000,-1,775.000,775.000,-1,-1,2,0,2,0,2,0,0,0,0,2,0,0,2,0,0,2,2
45,-8921.809,-7601.513,28.126,47.028,0.678274,-0.730728,-0.077335,0.732462,0.680758,-0.008271,0.058690,-0.051035,0.996971,0,-0.28912,-0.51968,-17.347,-1.039,-1,400.000,-1,400.000,-1,325.000,325.000,325.000,300.000,-1,475.000,525.000,-1,775.000,775.000,-1,-1,2,0,2,0,2,0,0,0,0,2,0,0,2,0,0,2,2
46,-8930.489,-7610.573,27.433,46.228,0.688422,-0.721187,-0.077237,0.722895,0.690912,-0.008025,0.059152,-0.050310,0.996980,0,-0.20912,-0.39968,-12.547,-0.799,-1,400.000,-1,400.000,-1,325.000,325.000,325.000,325.000,-1,475.000,525.000,-1,775.000,775.000,-1,-1,2,0,2,0,2,0,0,0,0,2,0,0,2,0,0,2,2
47,-8935.902,-7616.115,26.992,45.669,0.695447,-0.714427,-0.077124,0.716114,0.697939,-0.007868,0.059449,-0.049758,0.996990,0,-0.12912,-0.27968,-7.747,-0.559,-1,400.000,-1,400.000,-1,325.000,325.000,325.000,325.000,-1,475.000,500.000,-1,775.000,775.000,-1,-1,2,0,2,0,2,0,0,0,0,2,0,0,2,0,0,2,2
48,-8937.973,-7618.212,26.824,45.350,0.699425,-0.710537,-0.077087,0.712212,0.701921,-0.007800,0.059651,-0.049447,0.996994,0,-0.04912,-0.15968,-2.947,-0.319,-1,400.000,-1,400.000,-1,325.000,325.000,325.000,325.000,-1,475.000,500.000,-1,775.000,775.000,-1,-1,2,0,2,0,2,0,0,0,0,2,0,0,2,0,0,2,2
49,-8936.668,-7616.897,26.930,45.196,0.701318,-0.708664,-0.077131,0.710334,0.703821,-0.007815,0.059825,-0.049307,0.996990,0,0.03088,-0.07654,1.853,-0.153,-1,400.000,-1,400.000,-1,325.000,325.000,325.000,325.000,-1,475.000,500.000,-1,775.000,775.000,-1,-1,2,0,2,0,2,0,0,0,0,2,0,0,2,0,0,2,2
50,-8931.967,-7612.189,27.314,45.043,0.703196,-0.706785,-0.077263,0.708450,0.705717,-0.007902,0.060111,-0.049180,0.996979,0,0.11088,-0.07654,6.653,-0.153,-1,400.000,-1,400.000,-1,325.000,325.000,325.000,325.000,-1,475.000,500.000,-1,775.000,775.000,-1,-1,2,0,2,0,2,0,0,0,0,2,0,0,2,0,0,2,2
51,-8923.853,-7604.107,27.977,44.890,0.705061,-0.704901,-0.077481,0.706561,0.707607,-0.008058,0.060506,-0.049064,0.996961,0,0.19088,-0.07654,11.453,-0.153,-1,400.000,-1,400.000,-1,325.000,325.000,325.000,325.000,-1,475.000,500.000,-1,775.000,775.000,-1,-1,2,0,2,0,2,0,0,0,0,2,0,0,2,0,0,2,2
52,-8912.308,-7592.667,28.918,44.737,0.706915,-0.703013,-0.077742,0.704665,0.709492,-0.008282,0.060980,-0.048927,0.996939,0,0.27088,-0.07654,16.253,-0.153,-1,400.000,-1,400.000,-1,325.000,325.000,300.000,325.000,-1,475.000,500.000,-1,775.000,775.000,-1,-1,2,0,2,0,2,0,0,0,0,2,0,0,2,0,0,2,2
53,-8897.313,-7577.889,30.138,44.584,0.708762,-0.701121,-0.078014,0.702761,0.711374,-0.008574,0.061508,-0.048748,0.996915,0,0.35088,-0.07654,21.053,-0.153,-1,400.000,-1,400.000,-1,325.000,325.000,300.000,300.000,-1,500.000,500.000,-1,775.000,775.000,-1,-1,2,0,2,0,2,0,0,0,0,2,0,0,2,0,0,2,2
54,-8878.852,-7559.791,31.643,44.431,0.710600,-0.699223,-0.078330,0.700853,0.713250,-0.008870,0.062071,-0.048595,0.996888,0,0.43088,-0.07654,25.853,-0.153,-1,400.000,-1,400.000,-1,325.000,325.000,300.000,300.000,-1,500.000,500.000,-1,775.000,800.000,-1,-1,2,0,2,0,2,0,0,0,0,2,0,0,2,0,0,2,2
55,-8856.905,-7538.391,33.451,44.278,0.712429,-0.697320,-0.078672,0.698940,0.715121,-0.009198,0.062674,-0.048434,0.996858,0,0.51088,-0.07654,30.653,-0.153,-1,400.000,-1,400.000,-1,325.000,325.000,300.000,300.000,-1,525.000,525.000,-1,775.000,800.000,-1,-1,2,0,2,0,2,0,0,0,0,2,0,0,2,0,0,2,2
56,-8831.456,-7513.708,35.572,44.125,0.714252,-0.695413,-0.079024,0.697020,0.716988,-0.009548,0.063299,-0.048262,0.996827,0,0.59088,-0.07654,35.453,-0.153,-1,400.000,-1,400.000,-1,325.000,325.000,300.000,300.000,-1,525.000,525.000,-1,775.000,800.000,-1,-1,2,0,2,0,2,0,0,0,0,2,0,0,2,0,0,2,2
57,-8802.487,-7485.760,38.045,43.972,0.716082,-0.693504,-0.079239,0.695091,0.718853,-0.009921,0.063841,-0.047974,0.996806,0,0.67088,-0.07654,40.253,-0.153,-1,400.000,-1,400.000,-1,325.000,325.000,300.000,300.000,-1,550.000,550.000,-1,800.000,800.000,-1,-1,2,0,2,0,2,0,0,0,0,2,0,0,2,0,0,2,2
58,-8769.980,-7454.567,40.897,43.819,0.717908,-0.691584,-0.079497,0.693167,0.720707,-0.010054,0.064247,-0.047887,0.996784,0,0.75088,-0.07654,45.053,-0.153,-1,400.000,-1,400.000,-1,325.000,325.000,300.000,300.000,-1,600.000,600.000,-1,800.000,825.000,-1,-1,2,0,2,0,2,0,0,0,0,2,0,0,2,0,0,2,2
59,-8737.024,-7423.112,43.821,43.666,0.719731,-0.689657,-0.079756,0.691242,0.722553,-0.010109,0.064599,-0.047855,0.996763,0,0.75929,-0.07654,45.557,-0.153,-1,400.000,-1,400.000,-1,325.000,325.000,300.000,300.000,-1,625.000,625.000,-1,800.000,825.000,-1,-1,2,0,2,0,2,0,0,0,0,2,0,0,2,0,0,2,2
60,-8703.985,-7391.745,46.770,43.513,0.721549,-0.687725,-0.080005,0.689311,0.724395,-0.010162,0.064944,-0.047816,0.996743,0,0.75929,-0.07654,45.557,-0.153,-1,400.000,-1,400.000,-1,325.000,325.000,300.000,300.000,-1,675.000,675.000,-1,800.000,825.000,-1,-1,2,0,2,0,2,0,0,0,0,2,0,0,2,0,0,2,2
61,-8670.862,-7360.467,49.742,43.359,0.723363,-0.685789,-0.080244,0.687375,0.726231,-0.010216,0.065282,-0.047768,0.996723,0,0.75929,-0.07654,45.557,-0.153,-1,400.000,-1,400.000,-1,325.000,325.000,300.000,300.000,-1,700.000,700.000,-1,825.000,850.000,-1,-1,2,0,2,0,2,0,0,0,0,2,0,0,2,0,0,2,2
62,-8637.655,-7329.277,52.739,43.206,0.725173,-0.683848,-0.080473,0.685434,0.728063,-0.010269,0.065612,-0.047713,0.996704,0,0.75929,-0.07654,45.557,-0.153,-1,400.000,-1,400.000,-1,325.000,325.000,300.000,300.000,-1,750.000,750.000,-1,825.000,850.000,-1,-1,2,0,2,0,2,0,0,0,0,2,0,0,2,0,0,2,2
63,-8604.365,-7298.176,55.728,43.053,0.726981,-0.681898,-0.080706,0.683495,0.729885,-0.010154,0.065830,-0.047780,0.996686,0,0.75929,-0.07654,45.557,-0.153,-1,400.000,-1,400.000,-1,325.000,325.000,300.000,300.000,-1,775.000,775.000,-1,825.000,875.000,-1,-1,2,0,2,0,2,0,0,0,0,2,0,0,2,0,0,2,2
64,-8570.993,-7267.164,58.431,42.900,0.728880,-0.679958,-0.079939,0.681539,0.731717,-0.009717,0.065100,-0.047399,0.996752,0,0.75929,-0.07654,45.557,-0.153,-1,400.000,-1,400.000,-1,325.000,325.000,300.000,300.000,-1,850.000,850.000,-1,825.000,875.000,-1,-1,2,0,2,0,2,0,0,0,0,2,0,0,2,0,0,2,2
65,-8533.874,-7233.133,61.434,42.515,0.733537,-0.675042,-0.079004,0.676591,0.736301,-0.009229,0.064401,-0.046683,0.996832,0,0.83929,-0.19277,50.357,-0.386,-1,400.000,-1,400.000,-1,325.000,325.000,300.000,300.000,-1,950.000,950.000,-1,825.000,875.000,-1,-1,2,0,2,0,2,0,0,0,0,2,0,0,2,0,0,2,2
66,-8492.967,-7196.134,64.746,42.129,0.738176,-0.670096,-0.077895,0.671611,0.740853,-0.008684,0.063527,-0.045905,0.996924,0,0.91929,-0.19277,55.157,-0.386,-1,400.000,-1,400.000,-1,325.000,325.000,300.000,300.000,-1,-1,-1,-1,850.000,875.000,-1,-1,2,0,2,0,2,0,0,0,0,2,2,2,2,0,0,2,2
67,-8450.727,-7158.442,68.169,41.744,0.742790,-0.665121,-0.076665,0.666597,0.745374,-0.008112,0.062540,-0.045080,0.997024,0,0.94352,-0.19277,56.611,-0.386,-1,400.000,-1,400.000,-1,325.000,325.000,300.000,300.000,-1,-1,-1,-1,850.000,900.000,-1,-1,2,0,2,0,2,0,0,0,0,2,2,2,2,0,0,2,2
68,-8408.235,-7121.036,71.557,41.358,0.747367,-0.660119,-0.075407,0.661546,0.749865,-0.007712,0.061636,-0.044122,0.997123,0,0.94352,-0.19277,56.611,-0.386,-1,400.000,-1,400.000,-1,325.000,325.000,325.000,300.000,-1,-1,-1,-1,850.000,900.000,-1,-1,2,0,2,0,2,0,0,0,0,2,2,2,2,0,0,2,2
69,-8365.492,-7083.916,74.942,40.972,0.751911,-0.655087,-0.074103,0.656462,0.754323,-0.007377,0.060730,-0.043099,0.997223,0,0.94352,-0.19277,56.611,-0.386,-1,400.000,-1,400.000,-1,325.000,325.000,325.000,300.000,-1,-1,-1,-1,850.000,900.000,-1,-1,2,0,2,0,2,0,0,0,0,2,2,2,2,0,0,2,2
70,-8322.500,-7047.085,78.346,40.587,0.756425,-0.650026,-0.072723,0.651346,0.758748,-0.007034,0.059751,-0.042047,0.997327,0,0.94352,-0.19277,56.611,-0.386,-1,400.000,-1,400.000,-1,325.000,325.000,325.000,300.000,-1,-1,-1,-1,850.000,925.000,-1,-1,2,0,2,0,2,0,0,0,0,2,2,2,2,0,0,2,2
71,-8279.261,-7010.544,81.769,40.201,0.760908,-0.644934,-0.071266,0.646199,0.763139,-0.006686,0.058698,-0.040965,0.997435,0,0.94352,-0.19277,56.611,-0.386,-1,400.000,-1,400.000,-1,325.000,325.000,325.000,300.000,-1,-1,-1,-1,875.000,925.000,-1,-1,2,0,2,0,2,0,0,0,0,2,2,2,2,0,0,2,2
72,-8235.777,-6974.295,84.970,39.816,0.765379,-0.639788,-0.069760,0.641070,0.767466,-0.005073,0.056784,-0.040839,0.997551,0,0.94352,-0.19277,56.611,-0.386,-1,400.000,-1,400.000,-1,325.000,325.000,325.000,300.000,-1,-1,-1,-1,850.000,925.000,-1,-1,2,0,2,0,2,0,0,0,0,2,2,2,2,0,0,2,2
73,-8192.051,-6938.339,88.166,39.430,0.769820,-0.634611,-0.068162,0.635911,0.771755,-0.003322,0.054713,-0.040788,0.997669,0,0.94352,-0.19277,56.611,-0.386,-1,400.000,-1,400.000,-1,325.000,325.000,325.000,300.000,-1,-1,-1,-1,850.000,925.000,-1,-1,2,0,2,0,2,0,0,0,0,2,2,2,2,0,0,2,2
74,-8148.084,-6902.678,91.392,39.045,0.774228,-0.629406,-0.066469,0.630716,0.776012,-0.001635,0.052609,-0.040657,0.997787,0,0.94352,-0.19277,56.611,-0.386,-1,400.000,-1,400.000,-1,325.000,325.000,325.000,325.000,-1,-1,-1,-1,850.000,925.000,-1,-1,2,0,2,0,2,0,0,0,0,2,2,2,2,0,0,2,2
75,-8103.878,-6867.313,94.447,38.659,0.778585,-0.624170,-0.064941,0.625493,0.780230,0.000048,0.050638,-0.040658,0.997889,0,0.94352,-0.19277,56.611,-0.386,-1,400.000,-1,400.000,-1,325.000,325.000,300.000,325.000,-1,-1,-1,-1,850.000,925.000,-1,-1,2,0,2,0,2,0,0,0,0,2,2,2,2,0,0,2,2
76,-8059.434,-6832.247,97.239,38.274,0.782870,-0.618928,-0.063579,0.620205,0.784439,0.000454,0.049593,-0.039787,0.997977,0,0.94352,-0.19277,56.611,-0.386,-1,400.000,-1,425.000,-1,325.000,325.000,300.000,325.000,-1,-1,-1,-1,875.000,925.000,-1,-1,2,0,2,0,2,0,0,0,0,2,2,2,2,0,0,2,2
77,-8014.756,-6797.481,100.045,37.888,0.787113,-0.613658,-0.062266,0.614886,0.788616,0.000711,0.048667,-0.038846,0.998059,0,0.94352,-0.19277,56.611,-0.386,-1,400.000,-1,425.000,-1,325.000,325.000,300.000,325.000,-1,-1,-1,-1,875.000,925.000,-1,-1,2,0,2,0,2,0,0,0,0,2,2,2,2,0,0,2,2
78,-7969.844,-6763.017,102.875,37.503,0.791313,-0.608361,-0.061003,0.609538,0.792757,0.000871,0.047830,-0.037873,0.998137,0,0.94352,-0.19277,56.611,-0.386,-1,400.000,-1,425.000,-1,325.000,325.000,300.000,300.000,-1,-1,-1,-1,900.000,950.000,-1,-1,2,0,2,0,2,0,0,0,0,2,2,2,2,0,0,2,2
79,-7924.702,-6728.855,105.538,37.117,0.795524,-0.603051,-0.058914,0.604133,0.796883,0.000711,0.046519,-0.036157,0.998263,0,0.94352,-0.19277,56.611,-0.386,-1,400.000,-1,425.000,-1,325.000,325.000,300.000,300.000,-1,-1,-1,-1,900.000,950.000,-1,-1,2,0,2,0,2,0,0,0,0,2,2,2,2,0,0,2,2
80,-7879.331,-6694.998,108.061,36.732,0.799735,-0.597724,-0.056126,0.598679,0.800989,0.000245,0.044810,-0.033798,0.998424,0,0.94352,-0.19277,56.611,-0.386,-1,400.000,-1,425.000,-1,325.000,325.000,300.000,300.000,-1,-1,-1,-1,925.000,950.000,-1,-1,2,0,2,0,2,0,0,0,0,2,2,2,2,0,0,2,2
81,-7833.733,-6661.448,110.586,36.346,0.803902,-0.592369,-0.053299,0.593196,0.805058,-0.000363,0.043124,-0.031325,0.998579,0,0.94352,-0.19277,56.611,-0.386,-1,400.000,-1,425.000,-1,325.000,325.000,325.000,300.000,-1,-1,-1,-1,925.000,950.000,-1,-1,2,0,2,0,2,0,0,0,0,2,2,2,2,0,0,2,2
82,-7787.910,-6628.204,113.019,35.960,0.808032,-0.586977,-0.050412,0.587699,0.809079,-0.000622,0.041152,-0.029124,0.998728,0,0.94352,-0.19277,56.611,-0.386,-1,425.000,-1,425.000,-1,325.000,325.000,325.000,300.000,-1,-1,-1,-1,925.000,950.000,-1,-1,2,0,2,0,2,0,0,0,0,2,2,2,2,0,0,2,2
83,-7741.865,-6595.270,115.056,35.575,0.812068,-0.581531,-0.048650,0.582226,0.813027,0.000128,0.039479,-0.028429,0.998816,0,0.94352,-0.19277,56.611,-0.386,-1,425.000,-1,425.000,-1,325.000,325.000,325.000,300.000,-1,-1,-1,-1,925.000,975.000,-1,-1,2,0,2,0,2,0,0,0,0,2,2,2,2,0,0,2,2
84,-7695.599,-6562.646,117.060,35.189,0.816058,-0.576058,-0.046967,0.576726,0.816937,0.000832,0.037890,-0.027766,0.998896,0,0.94352,-0.19277,56.611,-0.386,-1,425.000,-1,425.000,-1,325.000,325.000,325.000,300.000,-1,-1,-1,-1,925.000,975.000,-1,-1,2,0,2,0,2,0,0,0,0,2,2,2,2,0,0,2,2
85,-7649.115,-6530.334,119.005,34.804,0.820017,-0.570556,-0.045147,0.571204,0.820806,0.001780,0.036041,-0.027248,0.998979,0,0.94352,-0.19277,56.611,-0.386,-1,425.000,-1,425.000,-1,325.000,325.000,325.000,300.000,-1,-1,-1,-1,900.000,975.000,-1,-1,2,0,2,0,2,0,0,0,0,2,2,2,2,0,0,2,2
86,-7602.415,-6498.335,120.535,34.418,0.823963,-0.565005,-0.043059,0.565689,0.824605,0.004667,0.032870,-0.028204,0.999062,0,0.94352,-0.19277,56.611,-0.386,-1,425.000,-1,425.000,-1,325.000,325.000,325.000,300.000,-1,-1,-1,-1,900.000,950.000,-1,-1,2,0,2,0,2,0,0,0,0,2,2,2,2,0,0,2,2
87,-7555.500,-6466.652,122.018,34.033,0.827867,-0.559434,-0.040856,0.560129,0.828375,0.007113,0.029865,-0.028773,0.999140,0,0.94352,-0.19277,56.611,-0.386,-1,425.000,-1,425.000,-1,325.000,325.000,325.000,300.000,-1,-1,-1,-1,875.000,950.000,-1,-1,2,0,2,0,2,0,0,0,0,2,2,2,2,0,0,2,2
88,-7508.373,-6435.284,123.534,33.647,0.831732,-0.553840,-0.038515,0.554531,0.832109,0.009486,0.026795,-0.029248,0.999213,0,0.94352,-0.19277,56.611,-0.386,-1,425.000,-1,425.000,-1,325.000,325.000,325.000,300.000,-1,-1,-1,-1,875.000,925.000,-1,-1,2,0,2,0,2,0,0,0,0,2,2,2,2,0,0,2,2
89,-7464.932,-6407.049,124.948,33.022,0.837836,-0.544719,-0.036216,0.545392,0.838101,0.011568,0.024051,-0.029444,0.999277,0,0.86352,-0.31277,51.811,-0.626,-1,400.000,-1,425.000,-1,325.000,325.000,325.000,300.000,-1,-1,-1,-1,850.000,925.000,-1,-1,2,0,2,0,2,0,0,0,0,2,2,2,2,0,0,2,2
90,-7424.609,-6381.685,126.280,32.171,0.845923,-0.532224,-0.033935,0.532867,0.846093,0.013361,0.021601,-0.029386,0.999335,0,0.79394,-0.42511,47.637,-0.850,-1,400.000,-1,425.000,-1,325.000,325.000,300.000,300.000,-1,-1,-1,-1,850.000,925.000,-1,-1,2,0,2,0,2,0,0,0,0,2,2,2,2,0,0,2,2
91,-7383.915,-6356.922,127.549,31.321,0.853814,-0.519619,-0.031583,0.520216,0.853910,0.014576,0.019396,-0.028875,0.999395,0,0.79394,-0.42511,47.637,-0.850,-1,400.000,-1,425.000,-1,325.000,325.000,300.000,325.000,-1,-1,-1,-1,825.000,900.000,-1,-1,2,0,2,0,2,0,0,0,0,2,2,2,2,0,0,2,2
92,-7342.857,-6332.765,128.679,30.471,0.861504,-0.506908,-0.029237,0.507444,0.861557,0.014854,0.017660,-0.027633,0.999462,0,0.79394,-0.42511,47.637,-0.850,-1,400.000,-1,425.000,-1,325.000,325.000,300.000,300.000,-1,-1,-1,-1,825.000,900.000,-1,-1,2,0,2,0,2,0,0,0,0,2,2,2,2,0,0,2,2
93,-7301.446,-6309.221,129.830,29.621,0.868999,-0.494087,-0.026820,0.494558,0.869016,0.014945,0.015923,-0.026251,0.999529,0,0.79394,-0.42511,47.637,-0.850,-1,400.000,-1,425.000,-1,325.000,325.000,300.000,300.000,-1,-1,-1,-1,825.000,875.000,-1,-1,2,0,2,0,2,0,0,0,0,2,2,2,2,0,0,2,2
94,-7259.690,-6286.294,130.607,28.771,0.876292,-0.481154,-0.024543,0.481567,0.876282,0.014931,0.014322,-0.024903,0.999587,0,0.79394,-0.42511,47.637,-0.850,-1,400.000,-1,425.000,-1,325.000,325.000,300.000,300.000,-1,-1,-1,-1,825.000,875.000,-1,-1,2,0,2,0,2,0,0,0,0,2,2,2,2,0,0,2,2
95,-7217.598,-6263.988,131.321,27.920,0.883393,-0.468117,-0.021969,0.468464,0.883361,0.014630,0.012558,-0.023216,0.999652,0,0.79394,-0.42511,47.637,-0.850,-1,400.000,-1,425.000,-1,325.000,325.000,325.000,300.000,-1,-1,-1,-1,800.000,850.000,-1,-1,2,0,2,0,2,0,0,0,0,2,2,2,2,0,0,2,2
96,-7175.180,-6242.310,132.046,27.070,0.890293,-0.454977,-0.019340,0.455260,0.890246,0.014135,0.010786,-0.021389,0.999713,0,0.79394,-0.42511,47.637,-0.850,-1,400.000,-1,425.000,-1,325.000,325.000,325.000,300.000,-1,-1,-1,-1,800.000,825.000,-1,-1,2,0,2,0,2,0,0,0,0,2,2,2,2,0,0,2,2
97,-7132.445,-6221.264,132.738,26.220,0.896988,-0.441733,-0.016867,0.441960,0.896933,0.013542,0.009146,-0.019602,0.999766,0,0.79394,-0.42511,47.637,-0.850,-1,400.000,-1,400.000,-1,325.000,325.000,325.000,300.000,-1,-1,-1,-1,800.000,825.000,-1,-1,2,0,2,0,2,0,0,0,0,2,2,2,2,0,0,2,2
98,-7089.402,-6200.853,133.053,25.370,0.903455,-0.428378,-0.016160,0.428593,0.903395,0.013644,0.008755,-0.019253,0.999776,0,0.79394,-0.42511,47.637,-0.850,-1,400.000,-1,400.000,-1,325.000,325.000,325.000,300.000,-1,-1,-1,-1,800.000,825.000,-1,-1,2,0,2,0,2,0,0,0,0,2,2,2,2,0,0,2,2
99,-7046.061,-6181.084,133.249,24.519,0.909728,-0.414925,-0.015205,0.415128,0.909651,0.014290,0.007902,-0.019312,0.999782,0,0.79394,-0.42511,47.637,-0.850,-1,400.000,-1,400.000,-1,325.000,325.000,325.000,300.000,-1,-1,-1,-1,800.000,800.000,-1,-1,2,0,2,0,2,0,0,0,0,2,2,2,2,0,0,2,2
100,-7002.432,-6161.960,133.329,23.669,0.915806,-0.401378,-0.013983,0.401567,0.915699,0.015454,0.006601,-0.019768,0.999783,0,0.79394,-0.42511,47.637,-0.850,-1,400.000,-1,400.000,-1,325.000,325.000,325.000,300.000,-1,-1,-1,-1,775.000,800.000,-1,-1,2,0,2,0,2,0,0,0,0,2,2,2,2,0,0,2,2
101,-6958.524,-6143.485,133.426,22.819,0.921680,-0.387744,-0.012662,0.387915,0.921548,0.016465,0.005284,-0.020088,0.999784,0,0.79394,-0.42511,47.637,-0.850,-1,400.000,-1,400.000,-1,325.000,325.000,325.000,300.000,-1,-1,-1,-1,750.000,775.000,-1,-1,2,0,2,0,2,0,0,0,0,2,2,2,2,0,0,2,2
102,-6914.346,-6125.664,133.538,21.969,0.927350,-0.374025,-0.011250,0.374174,0.927197,0.017325,0.003951,-0.020276,0.999787,0,0.79394,-0.42511,47.637,-0.850,-1,400.000,-1,400.000,-1,325.000,325.000,300.000,300.000,-1,-1,-1,-1,750.000,775.000,-1,-1,2,0,2,0,2,0,0,0,0,2,2,2,2,0,0,2,2
103,-6869.909,-6108.501,133.677,21.119,0.932814,-0.360225,-0.009801,0.360349,0.932643,0.018060,0.002635,-0.020378,0.999789,0,0.79394,-0.42511,47.637,-0.850,-1,400.000,-1,400.000,-1,325.000,325.000,300.000,300.000,-1,-1,-1,-1,725.000,750.000,-1,-1,2,0,2,0,2,0,0,0,0,2,2,2,2,0,0,2,2
104,-6825.222,-6091.998,133.844,20.268,0.938070,-0.346346,-0.008322,0.346444,0.937885,0.018674,0.001337,-0.020401,0.999791,0,0.79394,-0.42511,47.637,-0.850,-1,400.000,-1,400.000,-1,325.000,325.000,300.000,300.000,-1,-1,-1,-1,725.000,750.000,-1,-1,2,0,2,0,2,0,0,0,0,2,2,2,2,0,0,2,2
105,-6780.295,-6076.161,134.036,19.418,0.943117,-0.332392,-0.006815,0.332462,0.942922,0.019170,0.000054,-0.020345,0.999793,0,0.79394,-0.42511,47.637,-0.850,-1,400.000,-1,400.000,-1,325.000,325.000,300.000,300.000,-1,-1,-1,-1,700.000,750.000,-1,-1,2,0,2,0,2,0,0,0,0,2,2,2,2,0,0,2,2
106,-6735.138,-6060.992,134.253,18.568,0.947954,-0.318364,-0.005285,0.318406,0.947753,0.019548,-0.001215,-0.020214,0.999795,0,0.79394,-0.42511,47.637,-0.850,-1,375.000,-1,400.000,-1,325.000,325.000,300.000,300.000,-1,-1,-1,-1,700.000,725.000,-1,-1,2,0,2,0,2,0,0,0,0,2,2,2,2,0,0,2,2
107,-6689.761,-6046.495,134.494,17.718,0.952579,-0.304267,-0.003734,0.304280,0.952377,0.019812,-0.002472,-0.020009,0.999797,0,0.79394,-0.42511,47.637,-0.850,-1,375.000,-1,375.000,-1,325.000,325.000,300.000,300.000,-1,-1,-1,-1,700.000,725.000,-1,-1,2,0,2,0,2,0,0,0,0,2,2,2,2,0,0,2,2
108,-6644.173,-6032.673,134.710,16.868,0.956992,-0.290105,-0.002249,0.290091,0.956795,0.019752,-0.003579,-0.019555,0.999802,0,0.79394,-0.42511,47.637,-0.850,-1,375.000,-1,375.000,-1,300.000,325.000,300.000,300.000,-1,-1,-1,-1,675.000,700.000,-1,-1,2,0,2,0,2,0,0,0,0,2,2,2,2,0,0,2,2
109,-6598.386,-6019.529,134.820,16.017,0.961191,-0.275881,-0.001415,0.275857,0.961013,0.018910,-0.003857,-0.018566,0.999820,0,0.79394,-0.42511,47.637,-0.850,-1,375.000,-1,375.000,-1,300.000,300.000,300.000,300.000,-1,-1,-1,-1,675.000,700.000,-1,-1,2,0,2,0,2,0,0,0,0,2,2,2,2,0,0,2,2
110,-6552.409,-6007.065,135.124,15.167,0.965178,-0.261592,-0.001294,0.261571,0.965008,0.018457,-0.003580,-0.018153,0.999829,0,0.79394,-0.42511,47.637,-0.850,-1,375.000,-1,375.000,-1,300.000,300.000,300.000,300.000,-1,-1,-1,-1,675.000,700.000,-1,-1,2,0,2,0,2,0,0,0,0,2,2,2,2,0,0,2,2
111,-6506.251,-5995.285,135.417,14.317,0.968952,-0.247246,-0.001277,0.247228,0.968790,0.017988,-0.003210,-0.017746,0.999837,0,0.79394,-0.42511,47.637,-0.850,-1,375.000,-1,375.000,-1,300.000,300.000,300.000,300.000,-1,-1,-1,-1,675.000,700.000,-1,-1,2,0,2,0,2,0,0,0,0,2,2,2,2,0,0,2,2
112,-6459.924,-5984.192,135.581,13.467,0.972511,-0.232843,-0.002508,0.232850,0.972351,0.017731,-0.001690,-0.017828,0.999840,0,0.79394,-0.42511,47.637,-0.850,-1,375.000,-1,375.000,-1,300.000,300.000,300.000,300.000,-1,-1,-1,-1,675.000,700.000,-1,-1,2,0,2,0,2,0,0,0,0,2,2,2,2,0,0,2,2
113,-6413.438,-5973.787,135.868,12.616,0.975853,-0.218391,-0.003997,0.218427,0.975707,0.016907,0.000207,-0.017371,0.999849,0,0.79394,-0.42511,47.637,-0.850,-1,375.000,-1,375.000,-1,300.000,300.000,300.000,300.000,-1,-1,-1,-1,675.000,700.000,-1,-1,2,0,2,0,2,0,0,0,0,2,2,2,2,0,0,2,2
114,-6365.286,-5963.547,136.173,12.006,0.978115,-0.207989,-0.005560,0.208053,0.977986,0.016044,0.002100,-0.016850,0.999856,0,0.82048,-0.30511,49.229,-0.610,-1,375.000,-1,375.000,-1,300.000,300.000,300.000,300.000,-1,-1,-1,-1,675.000,700.000,-1,-1,2,0,2,0,2,0,0,0,0,2,2,2,2,0,0,2,2
115,-6316.730,-5953.548,136.485,11.636,0.979428,-0.201667,-0.007155,0.201755,0.979319,0.015154,0.003951,-0.016286,0.999860,0,0.82625,-0.18511,49.575,-0.370,-1,375.000,-1,375.000,-1,300.000,300.000,300.000,300.000,-1,-1,-1,-1,675.000,700.000,-1,-1,2,0,2,0,2,0,0,0,0,2,2,2,2,0,0,2,2
116,-6267.810,-5943.590,136.801,11.506,0.979870,-0.199443,-0.008780,0.199553,0.979784,0.014227,0.005765,-0.015692,0.999860,0,0.83205,-0.06511,49.923,-0.130,-1,375.000,-1,375.000,-1,300.000,325.000,300.000,300.000,-1,-1,-1,-1,700.000,725.000,-1,-1,2,0,2,0,2,0,0,0,0,2,2,2,2,0,0,2,2
117,-6218.567,-5933.477,137.120,11.605,0.979505,-0.201148,-0.010431,0.201277,0.979445,0.013249,0.007551,-0.015077,0.999858,0,0.83784,0.04981,50.270,0.100,-1,375.000,-1,375.000,-1,300.000,325.000,300.000,300.000,-1,-1,-1,-1,700.000,725.000,-1,-1,2,0,2,0,2,0,0,0,0,2,2,2,2,0,0,2,2
118,-6169.004,-5923.213,137.446,11.700,0.979152,-0.202769,-0.012093,0.202914,0.979120,0.012233,0.009360,-0.014432,0.999852,0,0.84358,0.04736,50.615,0.095,-1,375.000,-1,375.000,-1,325.000,325.000,300.000,300.000,-1,-1,-1,-1,700.000,725.000,-1,-1,2,0,2,0,2,0,0,0,0,2,2,2,2,0,0,2,2
119,-6119.123,-5912.802,137.794,11.790,0.978812,-0.204300,-0.013739,0.204458,0.978811,0.011234,0.011153,-0.013805,0.999842,0,0.84928,0.04476,50.957,0.090,-1,375.000,-1,375.000,-1,325.000,325.000,300.000,300.000,-1,-1,-1,-1,700.000,725.000,-1,-1,2,0,2,0,2,0,0,0,0,2,2,2,2,0,0,2,2
120,-6068.924,-5902.248,138.173,11.874,0.978486,-0.205737,-0.015419,0.205904,0.978519,0.010154,0.012999,-0.013110,0.999830,0,0.85493,0.04200,51.296,0.084,-1,375.000,-1,375.000,-1,325.000,325.000,300.000,300.000,-1,-1,500.000,-1,725.000,725.000,-1,1000.000,2,0,2,0,2,0,0,0,0,2,2,0,2,0,0,2,1
121,-6018.207,-5891.480,138.593,11.987,0.978049,-0.207666,-0.017159,0.207838,0.978122,0.008942,0.014926,-0.012312,0.999813,0,0.86412,0.05641,51.847,0.113,-1,375.000,-1,375.000,-1,325.000,325.000,300.000,300.000,-1,525.000,475.000,-1,725.000,725.000,-1,975.000,2,0,2,0,2,0,0,0,0,2,0,0,2,0,0,2,1
122,-5967.112,-5880.528,139.045,12.099,0.977609,-0.209581,-0.018858,0.209756,0.977723,0.007794,0.016804,-0.011575,0.999792,0,0.87092,0.05606,52.255,0.112,-1,375.000,-1,400.000,950.000,325.000,325.000,300.000,300.000,-1,500.000,450.000,-1,725.000,750.000,-1,925.000,2,0,2,0,1,0,0,0,0,2,0,0,2,0,1,2,1
123,-5915.637,-5869.389,139.850,12.210,0.977176,-0.211479,-0.020104,0.211673,0.977308,0.008008,0.017954,-0.012081,0.999766,0,0.87777,0.05566,52.666,0.111,-1,375.000,-1,400.000,900.000,325.000,325.000,300.000,300.000,-1,500.000,450.000,-1,725.000,725.000,-1,875.000,2,0,2,0,1,0,0,0,0,2,0,0,2,0,1,2,1
124,-5863.779,-5858.063,140.704,12.320,0.976737,-0.213361,-0.021473,0.213577,0.976891,0.008321,0.019202,-0.012713,0.999735,0,0.88467,0.05522,53.080,0.110,-1,375.000,-1,400.000,850.000,325.000,325.000,300.000,300.000,-1,500.000,475.000,-1,725.000,675.000,-1,825.000,2,0,2,0,1,0,0,0,0,2,0,0,2,0,1,2,1
125,-5811.536,-5846.548,141.793,12.430,0.976316,-0.215227,-0.022012,0.215442,0.976485,0.007895,0.019795,-0.012451,0.999727,0,0.89162,0.05471,53.497,0.109,-1,375.000,-1,400.000,800.000,325.000,325.000,300.000,300.000,-1,525.000,500.000,-1,725.000,650.000,-1,775.000,2,0,2,0,1,0,0,0,0,2,0,0,2,1,1,2,1
126,-5758.904,-5834.843,142.915,12.538,0.975896,-0.217073,-0.022516,0.217285,0.976080,0.007393,0.020373,-0.012107,0.999719,0,0.89862,0.05415,53.917,0.108,-1,400.000,-1,400.000,750.000,325.000,325.000,300.000,300.000,-1,575.000,550.000,-1,725.000,625.000,-1,725.000,2,0,2,0,1,0,0,0,0,2,0,0,2,1,1,2,1
127,-5705.882,-5822.947,144.047,12.645,0.975477,-0.218897,-0.022999,0.219105,0.975677,0.006915,0.020926,-0.011785,0.999712,0,0.90567,0.05352,54.340,0.107,-1,400.000,-1,400.000,700.000,325.000,325.000,300.000,300.000,-1,600.000,575.000,-1,700.000,600.000,-1,675.000,2,0,2,0,1,0,0,0,0,2,0,0,2,1,1,2,1
128,-5652.466,-5810.860,145.188,12.751,0.975060,-0.220697,-0.023459,0.220901,0.975275,0.006463,0.021453,-0.011484,0.999704,0,0.91278,0.05283,54.767,0.106,-1,400.000,-1,400.000,625.000,325.000,325.000,300.000,300.000,-1,625.000,600.000,-1,675.000,575.000,-1,625.000,2,0,2,0,1,0,0,0,0,2,0,0,2,1,1,2,1
129,-5598.654,-5798.580,146.338,12.855,0.974647,-0.222469,-0.023897,0.222670,0.974875,0.006037,0.021954,-0.011205,0.999696,0,0.91993,0.05205,55.196,0.104,-1,400.000,-1,400.000,575.000,325.000,325.000,300.000,300.000,-1,675.000,650.000,-1,675.000,525.000,-1,575.000,2,0,2,1,1,0,0,0,0,2,0,0,2,1,1,2,1
130,-5544.442,-5786.107,147.498,12.957,0.974237,-0.224212,-0.024312,0.224408,0.974479,0.005639,0.022427,-0.010949,0.999689,0,0.92713,0.05119,55.628,0.102,-1,400.000,-1,375.000,525.000,325.000,325.000,300.000,300.000,-1,700.000,675.000,-1,650.000,500.000,-1,525.000,2,0,2,1,1,0,0,0,0,2,0,0,2,1,1,2,1
131,-5489.830,-5773.440,148.668,13.058,0.973832,-0.225921,-0.024702,0.226114,0.974087,0.005270,0.022872,-0.010718,0.999681,0,0.93437,0.05024,56.062,0.100,-1,375.000,-1,350.000,475.000,325.000,300.000,300.000,300.000,-1,750.000,725.000,-1,625.000,475.000,-1,475.000,2,1,2,1,1,1,1,0,0,2,0,0,2,1,1,2,1
132,-5434.813,-5760.581,149.866,13.156,0.973435,-0.227593,-0.024993,0.227780,0.973700,0.004873,0.023226,-0.010436,0.999676,0,0.94166,0.04918,56.500,0.098,-1,375.000,-1,325.000,425.000,300.000,300.000,300.000,300.000,-1,775.000,750.000,-1,625.000,450.000,-1,425.000,2,1,2,1,1,1,1,0,0,2,0,0,2,1,1,2,1
133,-5379.389,-5747.528,151.100,13.252,0.973048,-0.229225,-0.025149,0.229404,0.973321,0.004422,0.023464,-0.010072,0.999674,0,0.94900,0.04800,56.940,0.096,-1,350.000,-1,300.000,375.000,300.000,275.000,300.000,300.000,-1,825.000,800.000,-1,600.000,425.000,-1,375.000,2,1,2,1,1,1,1,0,0,2,0,0,2,1,1,2,1
134,-5323.556,-5734.283,152.343,13.346,0.972670,-0.230812,-0.025284,0.230983,0.972950,0.004010,0.023675,-0.009741,0.999672,0,0.95638,0.04668,57.383,0.093,-1,325.000,-1,275.000,325.000,275.000,250.000,300.000,300.000,-1,875.000,850.000,-1,575.000,375.000,-1,325.000,2,1,2,1,1,1,1,0,0,2,0,0,2,1,1,2,1
135,-5267.310,-5720.845,155.302,13.436,0.972132,-0.232329,-0.031340,0.232702,0.972509,0.008759,0.028444,-0.015808,0.999470,0,0.96379,0.04521,57.828,0.090,-1,325.000,-1,275.000,275.000,275.000,250.000,300.000,325.000,-1,775.000,775.000,-1,575.000,375.000,-1,275.000,2,1,2,1,1,1,1,0,0,2,0,0,2,1,1,2,1
136,-5210.651,-5707.217,160.245,13.523,0.971267,-0.233736,-0.044803,0.234770,0.971859,0.019319,0.039027,-0.029283,0.998809,0,0.97124,0.04356,58.275,0.087,-1,325.000,-1,275.000,275.000,275.000,250.000,275.000,350.000,-1,475.000,575.000,-1,625.000,375.000,-1,275.000,2,1,2,1,1,1,1,0,0,2,0,0,2,1,1,2,1
