timestep,x_cm,y_cm,z_cm,yaw_deg,basis_xx,basis_xy,basis_xz,basis_yx,basis_yy,basis_yz,basis_zx,basis_zy,basis_zz,teleport_flag,throttle_cmd,steering_cmd,cmd_move_cm,cmd_turn_deg,lidar_cm_0,lidar_cm_1,lidar_cm_2,lidar_cm_3,lidar_cm_4,lidar_cm_5,lidar_cm_6,lidar_cm_7,lidar_cm_8,lidar_cm_9,lidar_cm_10,lidar_cm_11,lidar_cm_12,lidar_cm_13,lidar_cm_14,lidar_cm_15,lidar_cm_16,lidar_class_0,lidar_class_1,lidar_class_2,lidar_class_3,lidar_class_4,lidar_class_5,lidar_class_6,lidar_class_7,lidar_class_8,lidar_class_9,lidar_class_10,lidar_class_11,lidar_class_12,lidar_class_13,lidar_class_14,lidar_class_15,lidar_class_16
0,-5578.494,2299.442,-73.730,-49.963,0.645395,0.763845,0.002321,-0.759941,0.641784,0.102970,0.077164,-0.068220,0.994682,1,-0.08000,0.12000,-4.800,0.240,-1,375.000,-1,400.000,-1,325.000,325.000,300.000,300.000,-1,900.000,725.000,-1,725.000,700.000,-1,-1,2,0,2,0,2,0,0,0,0,2,0,0,2,0,0,2,2
1,-5584.731,2306.741,-74.437,-49.483,0.651771,0.758412,0.002506,-0.754575,0.648135,0.102652,0.076228,-0.068797,0.994714,0,-0.16000,0.24000,-9.600,0.480,-1,375.000,-1,400.000,-1,325.000,325.000,300.000,300.000,-1,900.000,700.000,-1,725.000,700.000,-1,-1,2,0,2,0,2,0,0,0,0,2,0,0,2,0,0,2,2
2,-5592.224,2315.291,-75.262,-48.763,0.661248,0.750162,0.002731,-0.746416,0.657574,0.102271,0.074925,-0.069665,0.994753,0,-0.18947,0.36000,-11.368,0.720,-1,375.000,-1,400.000,-1,325.000,325.000,300.000,300.000,-1,875.000,700.000,-1,725.000,700.000,-1,-1,2,0,2,0,2,0,0,0,0,2,0,0,2,0,0,2,2
3,-5599.862,2323.751,-76.078,-47.921,0.672202,0.740362,0.002968,-0.736715,0.668483,0.101891,0.073452,-0.070678,0.994791,0,-0.18996,0.42114,-11.398,0.842,-1,375.000,-1,375.000,-1,325.000,325.000,300.000,300.000,-1,850.000,675.000,-1,725.000,700.000,-1,-1,2,0,2,0,2,0,0,0,0,2,0,0,2,0,0,2,2
4,-5607.640,2332.116,-76.886,-47.076,0.683044,0.730370,0.003227,-0.726825,0.679279,0.101518,0.071954,-0.071686,0.994829,0,-0.19035,0.42249,-11.421,0.845,-1,375.000,-1,375.000,-1,325.000,325.000,300.000,300.000,-1,850.000,650.000,-1,725.000,700.000,-1,-1,2,0,2,0,2,0,0,0,0,2,0,0,2,0,0,2,2
5,-5615.554,2340.379,-77.687,-46.228,0.693769,0.720189,0.003506,-0.716745,0.689959,0.101153,0.070430,-0.072689,0.994865,0,-0.19069,0.42383,-11.441,0.848,-1,375.000,-1,375.000,-1,325.000,325.000,300.000,300.000,-1,825.000,650.000,-1,725.000,700.000,-1,-1,2,0,2,0,2,0,0,0,0,2,0,0,2,0,0,2,2
6,-5623.603,2348.535,-78.437,-45.378,0.704366,0.709828,0.003590,-0.706474,0.700528,0.100775,0.069018,-0.073519,0.994903,0,-0.19098,0.42514,-11.459,0.850,-1,375.000,-1,375.000,-1,325.000,325.000,300.000,300.000,-1,800.000,625.000,-1,700.000,700.000,-1,-1,2,0,2,0,2,0,0,0,0,2,0,0,2,0,0,2,2
7,-5631.782,2356.581,-79.167,-44.525,0.714837,0.699282,0.003631,-0.696014,0.710975,0.100393,0.067621,-0.074291,0.994941,0,-0.19121,0.42642,-11.472,0.853,-1,375.000,-1,375.000,-1,325.000,325.000,300.000,300.000,-1,775.000,600.000,-1,700.000,700.000,-1,-1,2,0,2,0,2,0,0,0,0,2,0,0,2,0,0,2,2
8,-5640.088,2364.511,-79.886,-43.670,0.725179,0.688551,0.003691,-0.685371,0.721294,0.100013,0.066201,-0.075057,0.994979,0,-0.19138,0.42769,-11.483,0.855,-1,375.000,-1,375.000,-1,325.000,325.000,300.000,300.000,-1,750.000,575.000,-1,700.000,700.000,-1,-1,2,0,2,0,2,0,0,0,0,2,0,0,2,0,0,2,2
9,-5648.516,2372.321,-80.588,-42.812,0.735390,0.677634,0.003775,-0.674541,0.731478,0.099672,0.064780,-0.075844,0.995013,0,-0.19150,0.42893,-11.490,0.858,-1,375.000,-1,375.000,-1,325.000,325.000,300.000,300.000,-1,725.000,575.000,-1,700.000,700.000,-1,-1,2,0,2,0,2,0,0,0,0,2,0,0,2,0,0,2,2
10,-5657.064,2380.005,-81.271,-41.951,0.745465,0.666534,0.003879,-0.663527,0.741523,0.099376,0.063361,-0.076655,0.995042,0,-0.19156,0.43014,-11.494,0.860,-1,375.000,-1,375.000,-1,325.000,325.000,300.000,300.000,-1,700.000,550.000,-1,700.000,700.000,-1,-1,2,0,2,0,2,0,0,0,0,2,0,0,2,0,0,2,2
11,-5665.727,2387.560,-81.942,-41.089,0.755399,0.655253,0.004001,-0.652333,0.751427,0.099088,0.061921,-0.077461,0.995071,0,-0.19156,0.43132,-11.494,0.863,-1,375.000,-1,375.000,-1,325.000,325.000,300.000,300.000,-1,675.000,550.000,-1,700.000,700.000,-1,-1,2,0,2,0,2,0,0,0,0,2,0,0,2,0,0,2,2
12,-5674.500,2394.982,-82.602,-40.224,0.765187,0.643795,0.004141,-0.640963,0.761185,0.098810,0.060461,-0.078263,0.995098,0,-0.19151,0.43248,-11.490,0.865,-1,375.000,-1,375.000,-1,325.000,325.000,300.000,300.000,-1,675.000,525.000,-1,700.000,700.000,-1,-1,2,0,2,0,2,0,0,0,0,2,0,0,2,0,0,2,2
13,-5683.379,2402.265,-83.249,-39.357,0.774825,0.632161,0.004298,-0.629418,0.770793,0.098542,0.058981,-0.079058,0.995124,0,-0.19139,0.43360,-11.484,0.867,-1,375.000,-1,375.000,-1,325.000,325.000,300.000,300.000,-1,650.000,500.000,-1,700.000,700.000,-1,-1,2,0,2,0,2,0,0,0,0,2,0,0,2,0,0,2,2
14,-5692.359,2409.407,-83.883,-38.487,0.784310,0.620353,0.004472,-0.617701,0.780247,0.098284,0.057481,-0.079848,0.995148,0,-0.19122,0.43470,-11.473,0.869,-1,375.000,-1,375.000,-1,325.000,325.000,300.000,300.000,-1,625.000,500.000,-1,700.000,725.000,-1,-1,2,0,2,0,2,0,0,0,0,2,0,0,2,0,0,2,2
15,-5697.628,2413.503,-84.248,-37.858,0.791063,0.611718,0.004571,-0.609128,0.786980,0.098109,0.056418,-0.080394,0.995165,0,-0.11122,0.31470,-6.673,0.629,-1,375.000,-1,375.000,-1,325.000,325.000,300.000,300.000,-1,600.000,475.000,-1,700.000,725.000,-1,-1,2,0,2,0,2,0,0,0,0,2,0,0,2,0,0,2,2
16,-5699.115,2414.643,-84.352,-37.468,0.795192,0.606340,0.004582,-0.603785,0.791100,0.098007,0.055801,-0.080701,0.995175,0,-0.03122,0.19470,-1.873,0.389,-1,375.000,-1,375.000,-1,325.000,325.000,300.000,300.000,-1,600.000,475.000,-1,700.000,725.000,-1,-1,2,0,2,0,2,0,0,0,0,2,0,0,2,0,0,2,2
17,-5696.787,2412.869,-84.198,-37.319,0.796765,0.604272,0.004501,-0.601722,0.792673,0.097977,0.055636,-0.080773,0.995179,0,0.04878,0.07470,2.927,0.149,-1,375.000,-1,375.000,-1,325.000,325.000,300.000,300.000,-1,600.000,475.000,-1,700.000,725.000,-1,-1,2,0,2,0,2,0,0,0,0,2,0,0,2,0,0,2,2
18,-5690.634,2408.195,-83.792,-37.218,0.797828,0.602869,0.004311,-0.600312,0.793743,0.097967,0.055639,-0.080749,0.995180,0,0.12878,0.05070,7.727,0.101,-1,375.000,-1,375.000,-1,325.000,325.000,300.000,300.000,-1,600.000,475.000,-1,700.000,725.000,-1,-1,2,0,2,0,2,0,0,0,0,2,0,0,2,0,0,2,2
19,-5680.645,2400.636,-83.095,-37.118,0.798878,0.601480,0.004003,-0.598894,0.794791,0.098152,0.055854,-0.080809,0.995163,0,0.20878,0.05001,12.527,0.100,-1,375.000,-1,375.000,-1,325.000,325.000,300.000,300.000,-1,600.000,500.000,-1,700.000,725.000,-1,-1,2,0,2,0,2,0,0,0,0,2,0,0,2,0,0,2,2
20,-5666.811,2390.204,-82.095,-37.020,0.799907,0.600113,0.003575,-0.597474,0.795803,0.098600,0.056326,-0.081007,0.995121,0,0.28878,0.04889,17.327,0.098,-1,375.000,-1,375.000,-1,325.000,325.000,300.000,300.000,-1,600.000,500.000,-1,700.000,725.000,-1,-1,2,0,2,0,2,0,0,0,0,2,0,0,2,0,0,2,2
21,-5649.122,2376.911,-80.828,-36.925,0.800903,0.598787,0.003032,-0.596079,0.796779,0.099163,0.056962,-0.081227,0.995067,0,0.36878,0.04732,22.127,0.095,-1,375.000,-1,375.000,-1,325.000,325.000,300.000,300.000,-1,600.000,500.000,-1,700.000,725.000,-1,-1,2,0,2,0,2,0,0,0,0,2,0,0,2,0,0,2,2
22,-5627.571,2360.768,-79.298,-36.835,0.801855,0.597514,0.002374,-0.594721,0.797709,0.099833,0.057758,-0.081463,0.995001,0,0.44878,0.04530,26.927,0.091,-1,375.000,-1,375.000,-1,325.000,325.000,300.000,300.000,-1,600.000,525.000,-1,700.000,725.000,-1,-1,2,0,2,0,2,0,0,0,0,2,0,0,2,0,0,2,2
23,-5602.149,2341.785,-77.511,-36.749,0.802753,0.596310,0.001605,-0.593415,0.798585,0.100602,0.058708,-0.081711,0.994925,0,0.52878,0.04281,31.727,0.086,-1,375.000,-1,400.000,-1,325.000,325.000,300.000,300.000,-1,625.000,525.000,-1,700.000,725.000,-1,-1,2,0,2,0,2,0,0,0,0,2,0,0,2,0,0,2,2
24,-5572.851,2319.972,-75.473,-36.669,0.803587,0.595186,0.000727,-0.592174,0.799397,0.101460,0.059807,-0.081962,0.994839,0,0.60878,0.03983,36.527,0.080,-1,375.000,-1,400.000,-1,325.000,325.000,300.000,300.000,-1,625.000,550.000,-1,700.000,725.000,-1,-1,2,0,2,0,2,0,0,0,0,2,0,0,2,0,0,2,2
25,-5539.672,2295.334,-73.152,-36.597,0.804352,0.594153,-0.000082,-0.591020,0.800125,0.102443,0.060932,-0.082351,0.994739,0,0.68878,0.03633,41.327,0.073,-1,375.000,-1,400.000,-1,325.000,325.000,300.000,300.000,-1,650.000,550.000,-1,700.000,725.000,-1,-1,2,0,2,0,2,0,0,0,0,2,0,0,2,0,0,2,2
26,-5503.424,2268.481,-70.512,-36.532,0.805046,0.593212,-0.000471,-0.589981,0.800743,0.103601,0.061834,-0.083126,0.994619,0,0.75183,0.03230,45.110,0.065,-1,375.000,-1,400.000,-1,325.000,325.000,300.000,300.000,-1,650.000,575.000,-1,700.000,725.000,-1,-1,2,0,2,0,2,0,0,0,0,2,0,0,2,0,0,2,2
27,-5467.061,2241.597,-67.739,-36.476,0.805621,0.592430,-0.001219,-0.589105,0.801312,0.104185,0.062699,-0.083215,0.994557,0,0.75371,0.02780,45.223,0.056,-1,375.000,-1,400.000,-1,325.000,325.000,300.000,300.000,-1,650.000,600.000,-1,700.000,725.000,-1,-1,2,0,2,0,2,0,0,0,0,2,0,0,2,0,0,2,2
28,-5426.691,2212.058,-64.533,-36.192,0.808516,0.588470,-0.001971,-0.585127,0.804271,0.103803,0.062670,-0.082773,0.994596,0,0.83371,0.14210,50.023,0.284,-1,375.000,-1,400.000,-1,325.000,325.000,300.000,300.000,-1,675.000,650.000,-1,725.000,725.000,-1,-1,2,0,2,0,2,0,0,0,0,2,0,0,2,0,0,2,2
29,-5384.190,2181.271,-61.238,-35.918,0.811285,0.584645,-0.002736,-0.581287,0.807109,0.103348,0.062630,-0.082254,0.994641,0,0.87468,0.13692,52.481,0.274,-1,375.000,-1,400.000,-1,325.000,325.000,300.000,300.000,-1,725.000,675.000,-1,725.000,725.000,-1,-1,2,0,2,0,2,0,0,0,0,2,0,0,2,0,0,2,2
30,-5341.414,2150.583,-58.000,-35.656,0.813922,0.580963,-0.003477,-0.577596,0.809819,0.102840,0.062562,-0.081695,0.994692,0,0.87743,0.13140,52.646,0.263,-1,375.000,-1,400.000,-1,325.000,325.000,300.000,300.000,-1,750.000,725.000,-1,725.000,725.000,-1,-1,2,0,2,0,2,0,0,0,0,2,0,0,2,0,0,2,2
31,-5298.362,2119.981,-54.590,-35.404,0.816391,0.577475,-0.005346,-0.574029,0.812463,0.101952,0.063219,-0.080164,0.994775,0,0.88033,0.12577,52.820,0.252,-1,375.000,-1,400.000,-1,325.000,325.000,300.000,300.000,-1,750.000,700.000,-1,725.000,725.000,-1,-1,2,0,2,0,2,0,0,0,0,2,0,0,2,0,0,2,2
32,-5255.031,2089.454,-51.242,-35.164,0.818728,0.574136,-0.007156,-0.570622,0.814976,0.101013,0.063827,-0.078619,0.994859,0,0.88340,0.12003,53.004,0.240,-1,375.000,-1,400.000,-1,325.000,325.000,300.000,300.000,-1,750.000,700.000,-1,750.000,725.000,-1,-1,2,0,2,0,2,0,0,0,0,2,0,0,2,0,0,2,2
33,-5211.421,2058.989,-47.957,-34.936,0.820935,0.570953,-0.008891,-0.567381,0.817357,0.100027,0.064378,-0.077072,0.994945,0,0.88662,0.11418,53.197,0.228,-1,400.000,-1,400.000,-1,325.000,325.000,300.000,300.000,-1,750.000,700.000,-1,750.000,725.000,-1,-1,2,0,2,0,2,0,0,0,0,2,0,0,2,0,0,2,2
34,-5167.679,2028.690,-44.713,-34.708,0.823127,0.567763,-0.010390,-0.564154,0.819707,0.099047,0.064752,-0.075667,0.995028,0,0.88684,0.11380,53.210,0.228,-1,400.000,-1,400.000,-1,325.000,325.000,300.000,275.000,-1,775.000,700.000,-1,750.000,725.000,-1,-1,2,0,2,0,2,0,0,0,0,2,0,0,2,0,0,2,2
35,-5123.817,1998.567,-41.015,-34.480,0.825378,0.564478,-0.010761,-0.560815,0.821921,0.099661,0.065101,-0.076223,0.994963,0,0.88684,0.11380,53.210,0.228,-1,400.000,-1,400.000,-1,325.000,325.000,300.000,275.000,-1,800.000,750.000,-1,750.000,725.000,-1,-1,2,0,2,0,2,0,0,0,0,2,0,0,2,0,0,2,2
36,-5079.835,1968.618,-37.398,-34.253,0.827616,0.561185,-0.011100,-0.557471,0.824122,0.100249,0.065406,-0.076779,0.994901,0,0.88684,0.11380,53.210,0.228,-1,400.000,-1,400.000,-1,325.000,325.000,300.000,275.000,-1,825.000,775.000,-1,775.000,750.000,-1,-1,2,0,2,0,2,0,0,0,0,2,0,0,2,0,0,2,2
37,-5035.734,1938.844,-33.822,-34.025,0.829845,0.557877,-0.011421,-0.554103,0.826299,0.100995,0.065780,-0.077482,0.994821,0,0.88684,0.11380,53.210,0.228,-1,400.000,-1,400.000,-1,325.000,325.000,300.000,275.000,-1,850.000,800.000,-1,775.000,750.000,-1,-1,2,0,2,0,2,0,0,0,0,2,0,0,2,0,0,2,2
38,-4991.515,1909.246,-30.223,-33.798,0.832072,0.554543,-0.011752,-0.550678,0.828438,0.102195,0.066407,-0.078563,0.994695,0,0.88684,0.11380,53.210,0.228,-1,400.000,-1,400.000,-1,325.000,325.000,275.000,275.000,-1,850.000,800.000,-1,775.000,750.000,-1,-1,2,0,2,0,2,0,0,0,0,2,0,0,2,0,0,2,2
39,-4947.180,1879.823,-26.668,-33.570,0.834279,0.551211,-0.012029,-0.547280,0.830579,0.103073,0.066806,-0.079409,0.994601,0,0.88684,0.11380,53.210,0.228,-1,400.000,-1,400.000,-1,325.000,325.000,275.000,275.000,-1,875.000,825.000,-1,775.000,775.000,-1,-1,2,0,2,0,2,0,0,0,0,2,0,0,2,0,0,2,2
40,-4902.727,1850.577,-23.157,-33.343,0.836467,0.547880,-0.012249,-0.543909,0.832721,0.103631,0.066977,-0.080021,0.994540,0,0.88684,0.11380,53.210,0.228,-1,400.000,-1,400.000,-1,325.000,325.000,275.000,275.000,-1,900.000,850.000,-1,775.000,775.000,-1,-1,2,0,2,0,2,0,0,0,0,2,0,0,2,0,0,2,2
41,-4858.159,1821.507,-19.745,-33.115,0.838642,0.544542,-0.012437,-0.540535,0.834850,0.104150,0.067097,-0.080622,0.994484,0,0.88684,0.11380,53.210,0.228,-1,400.000,-1,400.000,-1,325.000,325.000,275.000,275.000,-1,925.000,900.000,-1,775.000,775.000,-1,-1,2,0,2,0,2,0,0,0,0,2,0,0,2,0,0,2,2
42,-4813.476,1792.615,-16.432,-32.887,0.840803,0.541195,-0.012591,-0.537159,0.836966,0.104632,0.067165,-0.081211,0.994431,0,0.88684,0.11380,53.210,0.228,-1,400.000,-1,400.000,-1,325.000,325.000,275.000,275.000,-1,950.000,925.000,-1,775.000,775.000,-1,-1,2,0,2,0,2,0,0,0,0,2,0,0,2,0,0,2,2
43,-4772.830,1766.320,-13.354,-32.900,0.840681,0.541385,-0.012567,-0.537364,0.836862,0.104411,0.067043,-0.081023,0.994455,0,0.80684,-0.00620,48.410,-0.012,-1,400.000,-1,400.000,-1,325.000,325.000,275.000,275.000,-1,1000.000,975.000,-1,775.000,775.000,-1,-1,2,0,2,0,2,0,0,0,0,2,0,0,2,0,0,2,2
44,-4736.299,1742.500,-10.549,-33.106,0.838719,0.544423,-0.012404,-0.540440,0.834950,0.103843,0.066891,-0.080392,0.994516,0,0.72684,-0.10317,43.610,-0.206,-1,400.000,-1,400.000,-1,325.000,325.000,275.000,275.000,-1,-1,-1,-1,775.000,775.000,-1,-1,2,0,2,0,2,0,0,0,0,2,2,2,2,0,0,2,2
45,-4700.803,1719.171,-7.866,-33.312,0.836749,0.547451,-0.012200,-0.543506,0.833021,0.103330,0.066731,-0.079830,0.994572,0,0.70794,-0.10317,42.476,-0.206,-1,400.000,-1,400.000,-1,325.000,325.000,275.000,275.000,-1,-1,-1,-1,775.000,775.000,-1,-1,2,0,2,0,2,0,0,0,0,2,2,2,2,0,0,2,2
46,-4665.390,1695.715,-5.197,-33.519,0.834763,0.550476,-0.012123,-0.546559,0.831087,0.102798,0.066663,-0.079187,0.994628,0,0.70794,-0.10317,42.476,-0.206,-1,400.000,-1,400.000,-1,325.000,325.000,275.000,275.000,-1,-1,-1,-1,775.000,775.000,-1,-1,2,0,2,0,2,0,0,0,0,2,2,2,2,0,0,2,2
47,-4630.063,1672.131,-2.544,-33.725,0.832762,0.553497,-0.012161,-0.549600,0.829146,0.102255,0.066682,-0.078471,0.994684,0,0.70794,-0.10317,42.476,-0.206,-1,400.000,-1,400.000,-1,325.000,325.000,275.000,275.000,-1,-1,-1,-1,775.000,775.000,-1,-1,2,0,2,0,2,0,0,0,0,2,2,2,2,0,0,2,2
48,-4594.820,1648.421,0.223,-33.931,0.830781,0.556482,-0.011415,-0.552649,0.827151,0.101982,0.066194,-0.078416,0.994721,0,0.70794,-0.10317,42.476,-0.206,-1,400.000,-1,400.000,-1,325.000,325.000,275.000,275.000,-1,-1,-1,-1,775.000,775.000,-1,-1,2,0,2,0,2,0,0,0,0,2,2,2,2,0,0,2,2
49,-4559.662,1624.584,2.995,-34.138,0.828801,0.559448,-0.010375,-0.555695,0.825128,0.101819,0.065523,-0.078622,0.994749,0,0.70794,-0.10317,42.476,-0.206,-1,400.000,-1,400.000,-1,325.000,325.000,275.000,275.000,-1,-1,-1,-1,775.000,750.000,-1,-1,2,0,2,0,2,0,0,0,0,2,2,2,2,0,0,2,2
50,-4524.436,1600.512,5.718,-34.348,0.826771,0.562461,-0.009325,-0.558786,0.823056,0.101674,0.064862,-0.078851,0.994774,0,0.71109,-0.10508,42.666,-0.210,-1,400.000,-1,400.000,-1,325.000,325.000,275.000,275.000,-1,-1,-1,-1,775.000,750.000,-1,-1,2,0,2,0,2,0,0,0,0,2,2,2,2,0,0,2,2
51,-4489.095,1576.164,8.770,-34.563,0.824651,0.565569,-0.009081,-0.561924,0.820963,0.101300,0.064747,-0.078435,0.994814,0,0.71528,-0.10769,42.917,-0.215,-1,400.000,-1,400.000,-1,325.000,325.000,275.000,275.000,-1,-1,-1,-1,775.000,750.000,-1,-1,2,0,2,0,2,0,0,0,0,2,2,2,2,0,0,2,2
52,-4450.017,1548.782,12.162,-35.019,0.820135,0.572104,-0.008735,-0.568480,0.816481,0.100942,0.064882,-0.077820,0.994854,0,0.79528,-0.22769,47.717,-0.455,-1,400.000,-1,400.000,-1,325.000,325.000,275.000,275.000,-1,-1,-1,-1,775.000,750.000,-1,-1,2,0,2,0,2,0,0,0,0,2,2,2,2,0,0,2,2
53,-4407.263,1518.284,15.843,-35.501,0.815299,0.578980,-0.008342,-0.575379,0.811676,0.100602,0.065017,-0.077221,0.994892,0,0.87528,-0.24105,52.517,-0.482,-1,400.000,-1,400.000,-1,325.000,325.000,275.000,275.000,-1,-1,-1,-1,775.000,750.000,-1,-1,2,0,2,0,2,0,0,0,0,2,2,2,2,0,0,2,2
54,-4360.886,1484.602,19.858,-35.990,0.810347,0.585897,-0.007907,-0.582298,0.806727,0.100598,0.065319,-0.076916,0.994896,0,0.95528,-0.24438,57.317,-0.489,-1,400.000,-1,400.000,-1,325.000,325.000,275.000,275.000,-1,-1,-1,-1,775.000,750.000,-1,-1,2,0,2,0,2,0,0,0,0,2,2,2,2,0,0,2,2
55,-4312.646,1448.925,24.054,-36.486,0.805271,0.592860,-0.007445,-0.589240,0.801621,0.100995,0.065844,-0.076941,0.994859,0,1.00000,-0.24810,60.000,-0.496,-1,400.000,-1,400.000,-1,325.000,325.000,275.000,275.000,-1,-1,-1,-1,775.000,750.000,-1,-1,2,0,2,0,2,0,0,0,0,2,2,2,2,0,0,2,2
56,-4264.721,1412.824,28.174,-36.990,0.800054,0.599887,-0.006965,-0.596239,0.796367,0.101479,0.066423,-0.077036,0.994813,0,1.00000,-0.25210,60.000,-0.504,-1,400.000,-1,400.000,-1,325.000,325.000,275.000,275.000,-1,-1,-1,-1,800.000,775.000,-1,-1,2,0,2,0,2,0,0,0,0,2,2,2,2,0,0,2,2
57,-4217.121,1376.296,32.217,-37.502,0.794693,0.606978,-0.006462,-0.603297,0.790960,0.102054,0.067056,-0.077203,0.994758,0,1.00000,-0.25621,60.000,-0.512,-1,400.000,-1,400.000,975.000,325.000,325.000,275.000,275.000,-1,-1,-1,-1,800.000,775.000,-1,-1,2,0,2,0,1,0,0,0,0,2,2,2,2,0,0,2,2
58,-4169.855,1339.337,36.335,-38.023,0.789198,0.614110,-0.005940,-0.610352,0.785367,0.103287,0.068095,-0.077889,0.994634,0,1.00000,-0.26044,60.000,-0.521,-1,400.000,-1,400.000,925.000,325.000,325.000,275.000,300.000,-1,-1,-1,-1,800.000,775.000,-1,-1,2,0,2,0,1,0,0,0,0,2,2,2,2,0,0,2,2
59,-4122.933,1301.943,40.462,-38.553,0.783538,0.621320,-0.005379,-0.617506,0.779630,0.104232,0.068955,-0.078348,0.994538,0,1.00000,-0.26479,60.000,-0.530,-1,400.000,-1,400.000,875.000,325.000,325.000,300.000,300.000,-1,-1,-1,-1,825.000,775.000,-1,975.000,2,0,2,0,1,0,0,0,0,2,2,2,2,0,0,2,1
60,-4076.364,1264.109,44.516,-39.091,0.777720,0.628593,-0.004783,-0.624713,0.773720,0.105312,0.069899,-0.078915,0.994428,0,1.00000,-0.26928,60.000,-0.539,-1,400.000,-1,400.000,825.000,325.000,325.000,300.000,300.000,-1,-1,-1,-1,825.000,800.000,-1,925.000,2,0,2,0,1,0,0,0,0,2,2,2,2,0,0,2,1
61,-4030.159,1225.832,48.514,-39.639,0.771734,0.635932,-0.004149,-0.631985,0.767638,0.106427,0.070865,-0.079511,0.994312,0,1.00000,-0.27393,60.000,-0.548,-1,400.000,-1,400.000,775.000,325.000,325.000,300.000,300.000,-1,-1,-1,-1,825.000,775.000,-1,875.000,2,0,2,0,1,0,0,0,0,2,2,2,2,0,1,2,1
62,-3984.329,1187.106,52.814,-40.197,0.765512,0.643412,-0.003517,-0.639523,0.761463,0.105756,0.070722,-0.078708,0.994386,0,1.00000,-0.27874,60.000,-0.557,-1,400.000,-1,400.000,725.000,325.000,325.000,300.000,300.000,-1,-1,-1,-1,825.000,750.000,-1,800.000,2,0,2,0,1,0,0,0,0,2,2,2,2,0,1,2,1
63,-3938.885,1147.929,57.051,-40.764,0.759106,0.650960,-0.002844,-0.647128,0.755097,0.105138,0.070588,-0.077970,0.994454,0,1.00000,-0.28374,60.000,-0.567,-1,400.000,-1,400.000,675.000,325.000,325.000,300.000,300.000,-1,-1,-1,-1,850.000,700.000,-1,750.000,2,0,2,0,1,0,0,0,0,2,2,2,2,0,1,2,1
64,-3893.839,1108.295,61.223,-41.342,0.752510,0.658578,-0.002129,-0.654801,0.748532,0.104573,0.070463,-0.077298,0.994515,0,1.00000,-0.28895,60.000,-0.578,-1,400.000,-1,400.000,625.000,325.000,325.000,300.000,300.000,-1,-1,-1,-1,850.000,675.000,-1,700.000,2,0,2,0,1,0,0,0,0,2,2,2,2,0,1,2,1
65,-3849.202,1068.200,65.371,-41.931,0.745720,0.666258,-0.001193,-0.662547,0.741752,0.104091,0.070236,-0.076832,0.994567,0,1.00000,-0.29437,60.000,-0.589,-1,400.000,-1,400.000,575.000,325.000,325.000,300.000,300.000,-1,-1,-1,-1,850.000,625.000,-1,625.000,2,0,2,0,1,0,0,0,0,2,2,2,2,0,1,2,1
66,-3808.674,1030.723,69.240,-42.760,0.736043,0.676935,0.000184,-0.673295,0.732057,0.103763,0.070106,-0.076498,0.994602,0,0.92000,-0.41437,55.200,-0.829,-1,400.000,-1,400.000,525.000,325.000,325.000,275.000,300.000,-1,-1,-1,-1,875.000,600.000,-1,575.000,2,0,2,0,1,0,0,0,0,2,2,2,2,0,1,2,1
67,-3772.170,995.915,72.817,-43.638,0.725608,0.688108,0.001197,-0.684506,0.721630,0.103453,0.070323,-0.075885,0.994634,0,0.84066,-0.43910,50.439,-0.878,-1,400.000,-1,400.000,500.000,325.000,325.000,275.000,300.000,-1,-1,-1,-1,875.000,550.000,-1,525.000,2,0,2,0,1,0,0,0,0,2,2,2,2,0,1,2,1
68,-3736.061,960.399,76.484,-44.525,0.714879,0.699246,0.001793,-0.695651,0.710939,0.103126,0.070836,-0.074970,0.994667,0,0.84412,-0.44354,50.647,-0.887,-1,400.000,975.000,400.000,450.000,325.000,325.000,300.000,300.000,-1,-1,-1,-1,900.000,525.000,-1,500.000,2,0,1,0,1,0,0,0,0,2,2,2,2,0,1,2,1
69,-3700.373,924.180,80.160,-45.421,0.703871,0.710324,0.002519,-0.706741,0.699955,0.102860,0.071300,-0.074181,0.994693,0,0.84745,-0.44816,50.847,-0.896,-1,425.000,875.000,400.000,400.000,325.000,325.000,300.000,300.000,-1,-1,-1,-1,925.000,475.000,-1,450.000,2,0,1,1,1,0,0,0,0,2,2,2,2,0,1,2,1
70,-3665.129,887.264,83.929,-46.327,0.692591,0.721321,0.003778,-0.717782,0.688654,0.102686,0.071468,-0.073831,0.994707,0,0.85062,-0.45298,51.037,-0.906,-1,425.000,800.000,375.000,375.000,325.000,325.000,300.000,300.000,-1,-1,-1,-1,900.000,450.000,-1,400.000,2,0,1,1,1,0,0,0,0,2,2,2,2,1,1,2,1
71,-3630.359,849.658,87.651,-47.243,0.681005,0.732261,0.005104,-0.728782,0.677055,0.102339,0.071484,-0.073413,0.994736,0,0.85361,-0.45802,51.217,-0.916,-1,425.000,700.000,325.000,325.000,325.000,325.000,300.000,300.000,-1,-1,-1,-1,825.000,425.000,-1,350.000,2,0,1,1,1,0,0,0,0,2,2,2,2,1,1,2,1
72,-3596.090,811.371,91.338,-48.170,0.669106,0.743138,0.006498,-0.739730,0.665146,0.101883,0.071391,-0.072978,0.994775,0,0.85639,-0.46331,51.384,-0.927,-1,425.000,625.000,300.000,275.000,325.000,325.000,300.000,300.000,-1,-1,-1,-1,750.000,375.000,-1,300.000,2,0,1,1,1,0,1,0,0,2,2,2,2,1,1,2,1
73,-3562.352,772.412,95.014,-49.108,0.656890,0.753944,0.007978,-0.750611,0.652912,0.101436,0.071268,-0.072620,0.994810,0,0.85893,-0.46887,51.536,-0.938,-1,425.000,575.000,275.000,225.000,325.000,275.000,300.000,300.000,-1,-1,-1,-1,675.000,350.000,-1,250.000,2,0,1,1,1,0,1,0,0,2,2,2,2,1,1,2,1
74,-3529.178,732.796,98.855,-50.057,0.644389,0.764636,0.009717,-0.761333,0.640310,0.101856,0.071661,-0.073033,0.994752,0,0.86119,-0.47472,51.671,-0.949,-1,425.000,500.000,250.000,200.000,325.000,250.000,300.000,300.000,-1,-1,-1,-1,600.000,300.000,-1,200.000,2,0,1,1,1,1,1,0,0,2,2,2,2,1,1,2,1
75,-3493.449,689.061,107.846,-50.766,0.636265,0.771293,0.016560,-0.766701,0.629803,0.124571,0.085651,-0.091956,0.992073,0,0.94119,-0.35472,56.471,-0.709,-1,400.000,475.000,250.000,200.000,300.000,250.000,275.000,325.000,-1,-1,-1,-1,550.000,300.000,-1,200.000,2,1,1,1,1,1,1,0,1,2,2,2,2,1,1,2,1
76,-3455.864,642.286,117.758,-51.236,0.631923,0.774636,0.024751,-0.768396,0.622024,0.150510,0.101195,-0.114129,0.988299,0,1.00000,-0.23472,60.000,-0.469,-1,375.000,450.000,225.000,175.000,275.000,225.000,275.000,350.000,825.000,350.000,825.000,-1,525.000,275.000,-1,200.000,2,1,1,1,1,1,1,0,1,0,0,0,2,1,1,2,1
77,-3418.461,595.365,128.038,-51.465,0.631432,0.774702,0.033619,-0.766483,0.616991,0.178396,0.117462,-0.138413,0.983384,0,1.00000,-0.11472,60.000,-0.229,-1,350.000,425.000,225.000,175.000,250.000,225.000,250.000,375.000,600.000,175.000,425.000,-1,500.000,275.000,-1,175.000,2,1,1,1,1,1,1,0,1,0,0,0,2,1,1,2,1
78,-3381.042,548.455,138.753,-51.455,0.634853,0.771448,0.042774,-0.760892,0.614632,0.208017,0.134184,-0.164606,0.977190,0,1.00000,0.00528,60.000,0.011,-1,325.000,425.000,200.000,175.000,250.000,200.000,250.000,400.000,425.000,100.000,325.000,-1,475.000,250.000,-1,175.000,2,1,1,1,1,1,1,0,1,0,0,0,2,1,1,2,1
79,-3343.410,501.717,149.872,-51.204,0.642214,0.764744,0.052226,-0.751530,0.614777,0.239273,0.150875,-0.192914,0.969547,0,1.00000,0.12528,60.000,0.251,-1,300.000,450.000,200.000,175.000,225.000,175.000,225.000,425.000,325.000,50.000,275.000,-1,475.000,250.000,-1,150.000,2,1,1,1,1,1,1,0,1,0,0,0,2,1,1,2,1
80,-7543.918,-9511.315,312.806,113.810,-0.376739,-0.864450,-0.332856,0.922820,-0.381453,-0.053823,-0.080442,-0.327443,0.941440,1,0.00000,0.00000,60.000,0.491,450.000,250.000,575.000,250.000,-1,200.000,200.000,700.000,750.000,700.000,0.000,0.000,-1,325.000,400.000,375.000,-1,1,1,0,1,2,1,1,1,0,1,0,0,2,1,0,1,2
81,-4262.382,6882.633,-439.240,-76.054,0.238848,0.969299,-0.058413,-0.970229,0.240695,0.026853,0.040088,0.050260,0.997931,1,0.08000,0.12000,4.800,0.240,575.000,375.000,-1,375.000,-1,300.000,300.000,325.000,325.000,-1,425.000,400.000,1000.000,675.000,750.000,-1,-1,1,0,2,1,2,0,0,0,0,2,0,0,1,0,1,2,2
82,-4259.990,6873.335,-438.874,-75.574,0.246918,0.967255,-0.058728,-0.968167,0.248809,0.027312,0.041030,0.050114,0.997900,0,0.16000,0.24000,9.600,0.480,575.000,375.000,-1,375.000,-1,300.000,300.000,325.000,325.000,-1,425.000,400.000,-1,675.000,725.000,-1,-1,1,0,2,1,2,0,0,0,0,2,0,0,2,0,1,2,2
83,-4256.228,6859.436,-438.315,-74.854,0.258990,0.964063,-0.059211,-0.964947,0.260947,0.027996,0.042441,0.049884,0.997853,0,0.24000,0.36000,14.400,0.720,550.000,375.000,-1,375.000,-1,300.000,300.000,325.000,325.000,-1,425.000,400.000,-1,675.000,700.000,-1,-1,1,0,2,1,2,0,0,0,0,2,0,0,2,0,1,2,2
84,-4250.902,6840.989,-437.554,-73.894,0.275022,0.959572,-0.059874,-0.960416,0.277067,0.028896,0.044317,0.049556,0.997788,0,0.32000,0.48000,19.200,0.960,525.000,375.000,-1,375.000,-1,300.000,300.000,325.000,325.000,-1,425.000,375.000,-1,675.000,675.000,-1,-1,1,0,2,0,2,0,0,0,0,2,0,0,2,0,1,2,2
85,-4243.762,6818.076,-436.576,-72.694,0.294953,0.953580,-0.060732,-0.954372,0.297109,0.030001,0.046652,0.049112,0.997703,0,0.40000,0.60000,24.000,1.200,525.000,375.000,-1,375.000,-1,300.000,300.000,325.000,325.000,-1,425.000,375.000,-1,700.000,650.000,-1,-1,1,0,2,0,2,0,0,0,0,2,0,0,2,0,0,2,2
86,-4234.507,6790.804,-435.364,-71.254,0.318698,0.945839,-0.061800,-0.946566,0.320988,0.031292,0.049435,0.048525,0.997598,0,0.48000,0.72000,28.800,1.440,475.000,375.000,-1,375.000,-1,325.000,300.000,325.000,325.000,-1,400.000,350.000,-1,700.000,650.000,-1,-1,1,0,2,0,2,0,0,0,0,2,0,0,2,0,0,2,2
87,-4222.781,6759.317,-433.897,-69.574,0.346146,0.936057,-0.063094,-0.936702,0.348592,0.032747,0.052647,0.047765,0.997470,0,0.56000,0.84000,33.600,1.680,450.000,375.000,-1,375.000,-1,325.000,300.000,325.000,300.000,-1,375.000,325.000,-1,700.000,650.000,650.000,-1,1,0,2,0,2,0,0,0,0,2,0,0,2,1,0,1,2
88,-4208.182,6723.800,-432.149,-67.654,0.377151,0.923895,-0.064624,-0.924441,0.379775,0.034335,0.056264,0.046791,0.997319,0,0.64000,0.96000,38.400,1.920,425.000,375.000,-1,375.000,-1,325.000,300.000,325.000,300.000,-1,350.000,325.000,-1,675.000,650.000,575.000,-1,1,0,2,0,2,0,0,0,0,2,0,0,2,1,0,1,2
89,-4190.374,6684.442,-429.976,-65.654,0.409033,0.910142,-0.065829,-0.910560,0.411817,0.035891,0.059775,0.045261,0.997185,0,0.72000,1.00000,43.200,2.000,375.000,375.000,-1,375.000,-1,325.000,300.000,325.000,300.000,-1,325.000,325.000,-1,650.000,650.000,500.000,-1,1,0,2,0,2,0,0,0,0,2,0,0,2,1,0,1,2
90,-4170.615,6644.540,-427.291,-63.654,0.440569,0.895331,-0.065424,-0.895568,0.443387,0.036967,0.062106,0.042305,0.997173,0,0.74211,1.00000,44.527,2.000,350.000,375.000,-1,375.000,-1,325.000,300.000,325.000,300.000,-1,350.000,350.000,-1,625.000,675.000,425.000,-1,1,0,2,0,2,0,0,0,0,2,0,0,2,1,0,1,2
91,-4149.444,6605.290,-424.326,-61.654,0.471580,0.879447,-0.064697,-0.879427,0.474436,0.038964,0.064962,0.038522,0.997144,0,0.74326,1.00000,44.596,2.000,325.000,375.000,-1,375.000,-1,325.000,300.000,325.000,300.000,-1,375.000,375.000,-1,600.000,675.000,375.000,-1,1,0,2,0,2,0,0,0,0,2,0,0,2,1,0,1,2
92,-4126.884,6566.749,-421.213,-59.654,0.502027,0.862483,-0.063965,-0.862178,0.504915,0.041340,0.067952,0.034395,0.997096,0,0.74431,1.00000,44.658,2.000,275.000,400.000,-1,375.000,-1,325.000,300.000,300.000,325.000,-1,375.000,400.000,-1,575.000,675.000,325.000,-1,1,0,2,0,2,0,0,0,0,2,0,0,2,1,0,1,2
93,-4102.962,6528.972,-418.060,-57.654,0.531869,0.844448,-0.063428,-0.843866,0.534778,0.043612,0.070748,0.030329,0.997033,0,0.74524,1.00000,44.715,2.000,250.000,375.000,-1,375.000,-1,325.000,300.000,300.000,325.000,-1,375.000,425.000,-1,525.000,700.000,300.000,-1,1,1,2,0,2,0,0,0,1,2,0,0,2,1,0,1,2
94,-4075.579,6488.895,-414.601,-55.654,0.561068,0.825367,-0.063034,-0.824503,0.563989,0.045946,0.073472,0.026193,0.996953,0,0.80897,1.00000,48.538,2.000,200.000,350.000,-1,375.000,-1,325.000,325.000,300.000,350.000,-1,400.000,450.000,-1,500.000,700.000,250.000,-1,1,1,2,0,2,0,0,1,1,2,0,0,2,1,0,1,2
95,-4046.669,6449.603,-410.984,-53.654,0.589580,0.805252,-0.062964,-0.804161,0.592503,0.047594,0.075632,0.022573,0.996880,0,0.81303,1.00000,48.782,2.000,175.000,325.000,-1,375.000,-1,325.000,325.000,275.000,375.000,-1,425.000,500.000,-1,475.000,700.000,200.000,-1,1,1,2,0,2,0,0,1,1,2,0,0,2,1,0,1,2
96,-4016.258,6411.160,-406.357,-51.654,0.616966,0.784076,-0.067662,-0.782905,0.620239,0.048613,0.080083,0.022980,0.996523,0,0.81694,1.00000,49.017,2.000,150.000,300.000,-1,400.000,-1,325.000,325.000,275.000,375.000,-1,450.000,500.000,-1,500.000,725.000,150.000,-1,1,1,2,0,2,1,0,1,1,2,0,0,2,1,0,1,2
97,-3984.363,6373.637,-396.177,-49.654,0.640415,0.761342,-0.101127,-0.761216,0.646707,0.048174,0.102076,0.046128,0.993707,0,0.82070,1.00000,49.242,2.000,125.000,325.000,-1,425.000,-1,350.000,375.000,275.000,325.000,-1,350.000,275.000,-1,-1,-1,150.000,-1,1,1,2,0,2,1,0,1,1,2,0,0,2,2,2,1,2
98,-3949.190,6334.764,-385.191,-47.894,0.658490,0.739993,-0.137120,-0.742086,0.668765,0.045397,0.125295,0.071862,0.989514,0,0.87364,0.88000,52.418,1.760,125.000,400.000,-1,500.000,-1,-1,-1,275.000,275.000,-1,275.000,150.000,900.000,-1,-1,150.000,-1,1,1,2,0,2,2,2,1,1,2,0,0,0,2,2,1,2
99,-3912.918,6296.771,-374.007,-46.374,0.671553,0.720323,-0.173641,-0.725932,0.686567,0.040591,0.148455,0.098793,0.983972,0,0.87534,0.76000,52.520,1.520,125.000,-1,-1,-1,-1,-1,-1,300.000,250.000,-1,225.000,75.000,550.000,-1,-1,150.000,-1,1,2,2,2,2,2,2,1,0,2,0,0,0,2,2,1,2
100,-3875.801,6259.603,-363.580,-45.094,0.680868,0.702888,-0.205833,-0.712733,0.700575,0.034732,0.168614,0.123056,0.977971,0,0.87536,0.64000,52.522,1.280,125.000,-1,-1,-1,-1,-1,-1,300.000,225.000,-1,200.000,50.000,400.000,-1,-1,175.000,-1,1,2,2,2,2,2,2,1,0,2,0,0,0,2,2,1,2
101,-3838.104,6223.184,-355.308,-44.054,0.688690,0.688587,-0.227055,-0.701865,0.711698,0.029503,0.181910,0.139044,0.973435,0,0.87353,0.52000,52.412,1.040,100.000,-1,-1,-1,-1,-1,-1,275.000,225.000,-1,200.000,50.000,325.000,-1,-1,200.000,-1,1,2,2,2,2,2,2,1,0,2,0,0,1,2,2,1,2
102,-3800.035,6187.495,-348.203,-43.185,0.695414,0.676570,-0.242182,-0.692653,0.720843,0.024859,0.191393,0.150461,0.969912,0,0.86967,0.43453,52.180,0.869,100.000,-1,-1,-1,-1,-1,-1,250.000,225.000,-1,175.000,25.000,300.000,-1,-1,-1,-1,1,2,2,2,2,2,2,1,0,2,0,0,1,2,2,2,2
103,-3761.678,6152.623,-341.844,-42.295,0.703750,0.664620,-0.251030,-0.682559,0.730539,0.020632,0.197100,0.156823,0.967759,0,0.86399,0.44526,51.839,0.891,100.000,-1,-1,-1,-1,-1,-1,225.000,225.000,-1,175.000,25.000,275.000,-1,-1,-1,-1,1,2,2,2,2,2,2,1,0,2,0,0,1,2,2,2,2
104,-3723.071,6118.619,-336.493,-41.383,0.713405,0.652632,-0.255195,-0.671604,0.740720,0.016821,0.200006,0.159390,0.966743,0,0.85749,0.45613,51.449,0.912,75.000,-1,-1,-1,-1,-1,-1,200.000,225.000,-1,200.000,25.000,250.000,-1,-1,-1,-1,1,2,2,2,2,2,2,1,0,2,0,0,1,2,2,2,2
105,983.845,-7543.240,97.758,129.089,-0.637160,-0.770576,0.015466,0.761187,-0.625995,0.169483,-0.120918,0.119760,0.985412,1,0.00000,0.00000,51.009,0.934,-1,325.000,-1,225.000,150.000,250.000,225.000,800.000,175.000,-1,25.000,125.000,-1,500.000,325.000,-1,175.000,2,0,2,0,1,0,0,0,1,2,1,1,2,1,0,2,0
106,-1638.628,-1635.175,177.422,75.388,0.246410,-0.965825,0.080402,0.965552,0.251802,0.065608,-0.083612,0.061466,0.994601,1,0.08000,0.12000,4.800,0.240,250.000,-1,-1,-1,-1,350.000,-1,250.000,250.000,-1,-1,-1,300.000,-1,-1,-1,-1,1,2,2,2,2,1,2,1,1,2,2,2,1,2,2,2,2
107,-1636.285,-1625.865,176.678,75.868,0.238116,-0.967763,0.082071,0.967620,0.243667,0.065868,-0.083742,0.063729,0.994448,0,0.16000,0.24000,9.600,0.480,250.000,-1,-1,-1,-1,350.000,-1,250.000,250.000,-1,-1,-1,300.000,-1,-1,-1,-1,1,2,2,2,2,1,2,1,1,2,2,2,1,2,2,2,2
108,-1632.940,-1611.859,175.533,76.557,0.226165,-0.970402,0.084678,0.970477,0.231952,0.066124,-0.083808,0.067223,0.994212,0,0.24000,0.34469,14.400,0.689,250.000,-1,-1,-1,-1,-1,-1,250.000,250.000,-1,-1,-1,300.000,-1,-1,-1,-1,1,2,2,2,2,2,2,1,1,2,2,2,1,2,2,2,2
109,-1628.701,-1593.133,173.886,77.238,0.214246,-0.972782,0.088285,0.973175,0.220340,0.066185,-0.083836,0.071737,0.993894,0,0.32000,0.34030,19.200,0.681,225.000,-1,-1,-1,-1,-1,-1,250.000,250.000,-1,-1,-1,300.000,-1,-1,-1,-1,1,2,2,2,2,2,2,1,1,2,2,2,1,2,2,2,2
110,-1623.678,-1569.665,171.713,77.908,0.202393,-0.974880,0.092989,0.975715,0.208862,0.066001,-0.083765,0.077373,0.993477,0,0.40000,0.33498,24.000,0.670,225.000,-1,-1,-1,-1,-1,-1,250.000,275.000,-1,-1,-1,300.000,-1,-1,-1,-1,1,2,2,2,2,2,2,1,1,2,2,2,1,2,2,2,2
111,-1617.973,-1541.436,168.987,78.565,0.190641,-0.976666,0.098889,0.978099,0.197556,0.065530,-0.083537,0.084231,0.992938,0,0.48000,0.32861,28.800,0.657,225.000,-1,-1,-1,-1,-1,-1,250.000,275.000,-1,-1,-1,300.000,-1,-1,-1,-1,1,2,2,2,2,2,2,1,1,2,2,2,1,2,2,2,2
112,-1611.689,-1508.429,165.677,79.207,0.179035,-0.978107,0.106080,0.980327,0.186462,0.064739,-0.083101,0.092402,0.992248,0,0.56000,0.32106,33.600,0.642,225.000,-1,-1,-1,-1,-1,-1,250.000,275.000,-1,-1,-1,275.000,-1,-1,-1,-1,1,2,2,2,2,2,2,1,1,2,2,2,1,2,2,2,2
113,-1604.919,-1470.631,161.752,79.831,0.167627,-0.979161,0.114651,0.982400,0.175629,0.063604,-0.082415,0.101972,0.991368,0,0.64000,0.31214,38.400,0.624,200.000,-1,-1,-1,-1,-1,-1,250.000,275.000,-1,-1,-1,275.000,-1,-1,-1,-1,1,2,2,2,2,2,2,1,1,2,2,2,1,2,2,2,2
114,-1597.590,-1428.057,157.075,80.215,0.160229,-0.979199,0.124479,0.983677,0.168865,0.062170,-0.081897,0.112485,0.990273,0,0.72000,0.19214,43.200,0.384,-1,-1,-1,-1,-1,-1,-1,225.000,275.000,-1,-1,-1,275.000,-1,-1,-1,-1,2,2,2,2,2,2,2,1,1,2,2,2,1,2,2,2,2
115,-1589.566,-1380.733,151.577,80.360,0.156829,-0.978289,0.135479,0.984234,0.166172,0.060583,-0.081781,0.123841,0.988926,0,0.80000,0.07214,48.000,0.144,-1,-1,-1,-1,-1,-1,-1,225.000,275.000,-1,-1,-1,275.000,-1,-1,-1,-1,2,2,2,2,2,2,2,1,1,2,2,2,1,2,2,2,2
116,-1580.629,-1328.691,142.045,80.264,0.156139,-0.978152,0.137257,0.982715,0.167831,0.078127,-0.099456,0.122686,0.987450,0,0.88000,-0.04786,52.800,-0.096,-1,-1,-1,-1,-1,-1,-1,200.000,275.000,-1,-1,-1,325.000,-1,-1,-1,-1,2,2,2,2,2,2,2,1,1,2,2,2,1,2,2,2,2
117,-1570.510,-1271.972,124.304,79.928,0.159895,-0.980400,0.115105,0.976543,0.174136,0.126653,-0.144215,0.092153,0.985246,0,0.96000,-0.16786,57.600,-0.336,0.000,-1,-1,-1,-1,-1,-1,125.000,300.000,-1,-1,-1,475.000,-1,-1,0.000,-1,1,2,2,2,2,2,2,1,1,2,2,2,1,2,2,1,2
118,-2053.579,1384.126,13.625,-64.590,0.421243,0.900734,0.105980,-0.902473,0.427886,-0.049547,-0.089976,-0.074773,0.993133,1,0.00000,0.00000,58.780,-0.576,-1,-1,-1,1000.000,750.000,-1,-1,175.000,275.000,-1,-1,-1,-1,-1,-1,-1,-1,2,2,2,1,1,2,2,1,0,2,2,2,2,2,2,2,2
119,-7548.011,-983.572,346.707,175.111,-0.995547,-0.084722,0.041334,0.088677,-0.990434,0.105722,0.031981,0.108916,0.993536,1,0.08000,0.12000,4.800,0.240,125.000,350.000,625.000,475.000,-1,425.000,425.000,375.000,250.000,-1,150.000,25.000,375.000,425.000,625.000,150.000,-1,1,1,1,1,2,1,1,1,0,2,0,0,0,1,1,1,2
120,-7557.583,-982.841,346.977,175.591,-0.996113,-0.076387,0.043852,0.080807,-0.990649,0.109933,0.035044,0.113049,0.992971,0,0.16000,0.24000,9.600,0.480,125.000,350.000,625.000,475.000,-1,400.000,425.000,375.000,250.000,-1,150.000,25.000,350.000,400.000,600.000,125.000,-1,1,1,1,1,2,1,1,1,0,2,0,0,0,1,1,1,2
121,-7571.953,-981.926,347.418,176.311,-0.996820,-0.063884,0.047630,0.069064,-0.990788,0.116487,0.039750,0.119406,0.992049,0,0.24000,0.36000,14.400,0.720,100.000,350.000,600.000,450.000,-1,400.000,425.000,375.000,250.000,-1,150.000,0.000,325.000,400.000,575.000,125.000,-1,1,1,1,1,2,1,1,1,0,2,0,0,0,1,1,1,2
122,-7591.131,-981.028,348.074,177.271,-0.997496,-0.047223,0.052656,0.053532,-0.990626,0.125677,0.046228,0.128181,0.990673,0,0.32000,0.48000,19.200,0.960,100.000,350.000,575.000,450.000,-1,375.000,400.000,375.000,250.000,-1,150.000,0.000,300.000,400.000,575.000,125.000,-1,1,1,1,1,2,1,1,1,0,2,0,0,0,1,1,1,2
123,-7615.122,-980.411,349.007,178.471,-0.997914,-0.026425,0.058898,0.034351,-0.989849,0.137912,0.054656,0.139648,0.988692,0,0.40000,0.60000,24.000,1.200,100.000,325.000,575.000,425.000,-1,350.000,400.000,375.000,225.000,-1,150.000,0.000,275.000,375.000,525.000,125.000,-1,1,1,1,1,2,1,1,1,0,2,0,0,0,1,1,1,2
124,-7643.920,-980.400,350.298,179.911,-0.997799,-0.001539,0.066289,0.011737,-0.988042,0.153738,0.065259,0.154178,0.985886,0,0.48000,0.72000,28.800,1.440,100.000,300.000,550.000,400.000,-1,350.000,375.000,375.000,225.000,-1,150.000,0.000,225.000,350.000,500.000,125.000,700.000,1,1,1,1,2,1,1,1,0,2,0,0,0,1,1,1,1
125,-7677.503,-981.379,352.050,181.591,-0.996831,0.027346,0.074697,-0.013985,-0.984672,0.173852,0.078306,0.172257,0.981935,0,0.56000,0.84000,33.600,1.680,100.000,300.000,500.000,375.000,-1,325.000,350.000,375.000,225.000,-1,150.000,0.000,200.000,350.000,475.000,125.000,600.000,1,1,1,1,2,1,1,1,0,2,0,0,0,1,1,1,1
126,-327.960,-7543.212,89.361,-4.466,0.994505,0.077849,0.070002,-0.079445,0.996632,0.020314,-0.068185,-0.025763,0.997340,1,0.00000,0.00000,38.400,1.845,550.000,325.000,-1,375.000,700.000,275.000,300.000,-1,375.000,-1,50.000,0.000,-1,550.000,550.000,650.000,650.000,0,1,2,0,1,1,0,2,0,2,1,0,2,0,1,0,1
127,-323.176,-7543.606,88.981,-4.706,0.994243,0.082022,0.068938,-0.083614,0.996287,0.020533,-0.066998,-0.026179,0.997410,0,0.08000,-0.12000,4.800,-0.240,550.000,325.000,-1,375.000,700.000,275.000,300.000,-1,375.000,-1,50.000,0.000,-1,550.000,550.000,650.000,650.000,0,1,2,0,1,1,0,2,0,2,1,0,2,0,1,0,1
128,-313.616,-7544.474,88.214,-5.186,0.993664,0.090363,0.066828,-0.091947,0.995542,0.021018,-0.064631,-0.027029,0.997543,0,0.16000,-0.24000,9.600,-0.480,575.000,325.000,-1,400.000,700.000,275.000,300.000,-1,375.000,-1,25.000,0.000,-1,550.000,550.000,700.000,625.000,0,1,2,1,1,1,0,2,0,2,1,0,2,0,1,0,1
129,-299.289,-7545.924,87.057,-5.784,0.992866,0.100741,0.063780,-0.102308,0.994514,0.021786,-0.061235,-0.028155,0.997726,0,0.24000,-0.29888,14.400,-0.598,600.000,325.000,-1,400.000,700.000,300.000,300.000,-1,375.000,-1,25.000,0.000,-1,575.000,550.000,725.000,625.000,0,1,2,1,1,1,0,2,0,2,1,0,2,0,1,0,1
130,-280.209,-7548.059,85.512,-6.383,0.992000,0.111118,0.059908,-0.112650,0.993373,0.022826,-0.056974,-0.029392,0.997943,0,0.32000,-0.29919,19.200,-0.598,625.000,350.000,-1,400.000,700.000,300.000,325.000,-1,375.000,-1,25.000,0.000,-1,575.000,550.000,800.000,625.000,0,0,2,1,1,1,0,2,0,2,1,0,2,0,1,0,1
131,-256.387,-7550.976,83.573,-6.982,0.991052,0.121499,0.055269,-0.122977,0.992115,0.024169,-0.051896,-0.030749,0.998179,0,0.40000,-0.29971,24.000,-0.599,675.000,350.000,-1,375.000,675.000,300.000,325.000,-1,375.000,-1,25.000,0.000,-1,600.000,550.000,900.000,625.000,0,0,2,1,1,1,1,2,0,2,1,0,2,0,1,0,1
132,-227.840,-7554.776,81.237,-7.583,0.990005,0.131893,0.049938,-0.133295,0.990739,0.025842,-0.046067,-0.032240,0.998418,0,0.48000,-0.30052,28.800,-0.601,725.000,350.000,-1,375.000,675.000,300.000,325.000,425.000,375.000,-1,0.000,0.000,-1,625.000,525.000,975.000,600.000,0,0,2,1,1,1,1,1,0,2,1,0,2,0,1,1,1
133,-194.583,-7559.560,78.501,-8.186,0.988843,0.142313,0.044012,-0.143610,0.989242,0.027865,-0.039573,-0.033875,0.998642,0,0.56000,-0.30172,33.600,-0.603,800.000,350.000,-1,375.000,650.000,300.000,325.000,375.000,375.000,-1,0.000,0.000,-1,625.000,525.000,975.000,575.000,0,0,2,1,1,1,1,1,0,2,1,0,2,0,1,1,1
134,-156.634,-7565.430,75.362,-8.793,0.987545,0.152772,0.037612,-0.153935,0.987618,0.030252,-0.032524,-0.035665,0.998834,0,0.64000,-0.30341,38.400,-0.607,900.000,350.000,-1,375.000,625.000,300.000,300.000,350.000,375.000,-1,0.000,0.000,-1,650.000,500.000,975.000,550.000,0,0,2,1,1,1,1,1,0,2,1,0,2,0,1,1,1
135,-114.045,-7572.663,71.754,-9.640,0.985416,0.167336,0.030883,-0.168341,0.985161,0.033455,-0.024826,-0.038166,0.998963,0,0.72000,-0.42341,43.200,-0.847,900.000,375.000,-1,350.000,600.000,300.000,300.000,325.000,375.000,-1,0.000,0.000,-1,675.000,500.000,975.000,525.000,1,0,2,1,1,1,1,1,0,2,1,0,2,0,1,1,1
