timestep,x_cm,y_cm,z_cm,yaw_deg,basis_xx,basis_xy,basis_xz,basis_yx,basis_yy,basis_yz,basis_zx,basis_zy,basis_zz,teleport_flag,throttle_cmd,steering_cmd,cmd_move_cm,cmd_turn_deg,lidar_cm_0,lidar_cm_1,lidar_cm_2,lidar_cm_3,lidar_cm_4,lidar_cm_5,lidar_cm_6,lidar_cm_7,lidar_cm_8,lidar_cm_9,lidar_cm_10,lidar_cm_11,lidar_cm_12,lidar_cm_13,lidar_cm_14,lidar_cm_15,lidar_cm_16,lidar_class_0,lidar_class_1,lidar_class_2,lidar_class_3,lidar_class_4,lidar_class_5,lidar_class_6,lidar_class_7,lidar_class_8,lidar_class_9,lidar_class_10,lidar_class_11,lidar_class_12,lidar_class_13,lidar_class_14,lidar_class_15,lidar_class_16
0,2300.162,-4261.636,-90.873,23.119,0.918336,-0.391127,-0.060655,0.394776,0.916165,0.069239,0.028488,-0.087530,0.995754,1,0.08000,-0.12000,4.800,-0.240,-1,375.000,-1,400.000,-1,300.000,325.000,325.000,325.000,-1,600.000,550.000,575.000,650.000,900.000,-1,-1,2,0,2,0,2,0,0,0,0,2,0,0,1,0,0,2,2
1,2309.023,-4257.941,-90.585,22.639,0.921573,-0.383462,-0.060501,0.387102,0.919465,0.068816,0.029241,-0.086839,0.995793,0,0.16000,-0.24000,9.600,-0.480,-1,375.000,-1,400.000,-1,300.000,325.000,325.000,325.000,-1,600.000,550.000,575.000,650.000,925.000,-1,-1,2,0,2,0,2,0,0,0,0,2,0,0,1,0,0,2,2
2,2322.373,-4252.544,-90.133,22.019,0.925657,-0.373533,-0.060272,0.377157,0.923636,0.068183,0.030201,-0.085846,0.995851,0,0.24000,-0.30965,14.400,-0.619,-1,375.000,-1,400.000,-1,300.000,325.000,300.000,325.000,-1,625.000,575.000,575.000,650.000,925.000,-1,-1,2,0,2,0,2,0,0,0,0,2,0,0,1,0,0,2,2
3,2340.250,-4245.538,-89.499,21.405,0.929606,-0.363643,-0.059969,0.367237,0.927686,0.067349,0.031141,-0.084630,0.995926,0,0.32000,-0.30728,19.200,-0.615,-1,375.000,-1,425.000,-1,300.000,325.000,300.000,325.000,-1,650.000,600.000,600.000,650.000,925.000,-1,-1,2,0,2,0,2,0,0,0,0,2,0,0,1,0,0,2,2
4,2362.687,-4237.018,-88.666,20.796,0.933414,-0.353818,-0.059593,0.357367,0.931607,0.066307,0.032057,-0.083189,0.996018,0,0.40000,-0.30410,24.000,-0.608,-1,375.000,-1,425.000,-1,300.000,325.000,300.000,325.000,-1,700.000,625.000,600.000,675.000,925.000,-1,-1,2,0,2,0,2,0,0,0,0,2,0,0,1,0,0,2,2
5,2389.718,-4227.076,-87.618,20.196,0.937072,-0.344088,-0.059149,0.347577,0.935392,0.065054,0.032943,-0.081520,0.996127,0,0.48000,-0.30009,28.800,-0.600,-1,375.000,-1,425.000,-1,300.000,325.000,300.000,325.000,-1,725.000,650.000,625.000,675.000,950.000,-1,-1,2,0,2,0,2,0,0,0,0,2,0,0,1,0,0,2,2
6,2421.371,-4215.804,-86.336,19.606,0.940576,-0.334483,-0.058641,0.337898,0.939032,0.063585,0.033798,-0.079621,0.996252,0,0.56000,-0.29520,33.600,-0.590,-1,350.000,-1,425.000,-1,300.000,325.000,325.000,325.000,-1,775.000,700.000,625.000,675.000,975.000,-1,-1,2,0,2,0,2,0,0,0,0,2,0,0,1,0,0,2,2
7,2457.106,-4203.482,-84.825,19.027,0.943916,-0.325036,-0.058084,0.328365,0.942519,0.061920,0.034619,-0.077520,0.996390,0,0.62999,-0.28934,37.799,-0.579,-1,375.000,-1,425.000,-1,300.000,325.000,325.000,325.000,-1,825.000,750.000,650.000,675.000,1000.000,-1,-1,2,0,2,0,2,0,0,0,0,2,0,0,1,0,0,2,2
8,2492.887,-4191.538,-83.251,18.462,0.947088,-0.315775,-0.057543,0.319017,0.945833,0.060238,0.035405,-0.075408,0.996524,0,0.62870,-0.28256,37.722,-0.565,-1,375.000,-1,425.000,-1,300.000,325.000,325.000,325.000,-1,875.000,800.000,675.000,675.000,-1,-1,-1,2,0,2,0,2,0,0,0,0,2,0,0,1,0,2,2,2
9,2528.724,-4179.958,-81.643,17.911,0.950090,-0.306713,-0.057063,0.309865,0.948984,0.058426,0.036232,-0.073191,0.996660,0,0.62769,-0.27558,37.661,-0.551,-1,375.000,-1,425.000,-1,325.000,325.000,325.000,325.000,-1,925.000,850.000,700.000,700.000,-1,-1,-1,2,0,2,0,2,0,0,0,0,2,0,0,1,0,2,2,2
10,2564.626,-4168.728,-80.172,17.374,0.952906,-0.297872,-0.056935,0.300924,0.952018,0.055737,0.037601,-0.070245,0.996821,0,0.62695,-0.26840,37.617,-0.537,-1,375.000,-1,425.000,-1,325.000,325.000,325.000,325.000,-1,950.000,850.000,700.000,700.000,-1,-1,-1,2,0,2,0,2,0,0,0,0,2,0,0,1,0,2,2,2
11,2600.601,-4157.834,-78.941,16.852,0.955627,-0.289266,-0.055693,0.292108,0.954957,0.052245,0.038072,-0.066195,0.997080,0,0.62647,-0.26102,37.588,-0.522,-1,375.000,-1,450.000,-1,325.000,325.000,325.000,300.000,-1,-1,900.000,725.000,700.000,-1,-1,-1,2,0,2,0,2,0,0,0,0,2,2,0,1,0,2,2,2
12,2636.659,-4147.262,-77.691,16.345,0.958202,-0.280882,-0.054357,0.283504,0.957738,0.048620,0.038403,-0.061999,0.997337,0,0.62626,-0.25345,37.576,-0.507,-1,375.000,-1,450.000,-1,325.000,325.000,325.000,300.000,-1,-1,950.000,725.000,700.000,-1,-1,-1,2,0,2,0,2,0,0,0,0,2,2,0,1,0,2,2,2
13,2675.183,-4136.326,-76.304,15.852,0.960640,-0.272699,-0.052975,0.275091,0.960378,0.044717,0.038681,-0.057530,0.997594,0,0.66743,-0.24663,40.046,-0.493,-1,375.000,-1,425.000,-1,325.000,325.000,325.000,300.000,-1,-1,1000.000,750.000,700.000,-1,-1,-1,2,0,2,0,2,0,0,0,0,2,2,0,1,0,2,2,2
14,2713.703,-4125.740,-75.015,15.370,0.962933,-0.264671,-0.052047,0.266879,0.962844,0.041311,0.039179,-0.053670,0.997790,0,0.66579,-0.24091,39.947,-0.482,-1,375.000,-1,450.000,-1,325.000,350.000,325.000,300.000,-1,-1,-1,750.000,725.000,-1,-1,-1,2,0,2,0,2,0,0,0,0,2,2,2,1,0,2,2,2
15,2752.224,-4115.492,-74.032,14.900,0.965151,-0.256798,-0.050377,0.258853,0.965105,0.039601,0.038450,-0.051261,0.997945,0,0.66436,-0.23494,39.862,-0.470,-1,375.000,-1,425.000,-1,325.000,325.000,325.000,300.000,-1,-1,-1,775.000,700.000,-1,-1,-1,2,0,2,0,2,0,0,0,0,2,2,2,1,0,2,2,2
16,2790.755,-4105.569,-72.980,14.443,0.967248,-0.249114,-0.048709,0.251019,0.967242,0.037858,0.037682,-0.048845,0.998095,0,0.66314,-0.22874,39.788,-0.457,-1,375.000,-1,425.000,-1,325.000,325.000,300.000,300.000,-1,-1,-1,775.000,725.000,-1,-1,-1,2,0,2,0,2,0,0,0,0,2,2,2,1,0,2,2,2
17,2829.303,-4095.961,-71.845,13.998,0.969225,-0.241628,-0.047109,0.243392,0.969255,0.036137,0.036929,-0.046491,0.998236,0,0.66212,-0.22230,39.727,-0.445,-1,375.000,-1,425.000,-1,325.000,325.000,300.000,300.000,-1,-1,-1,800.000,725.000,-1,-1,-1,2,0,2,0,2,0,0,0,0,2,2,2,1,0,2,2,2
18,2867.875,-4086.654,-70.655,13.567,0.971088,-0.234351,-0.045478,0.235976,0.971151,0.034363,0.036113,-0.044101,0.998374,0,0.66131,-0.21564,39.679,-0.431,-1,375.000,-1,425.000,-1,325.000,325.000,300.000,300.000,-1,-1,-1,800.000,725.000,-1,-1,-1,2,0,2,0,2,0,0,0,0,2,2,2,1,0,2,2,2
19,2906.479,-4077.636,-69.413,13.149,0.972840,-0.227292,-0.043818,0.228780,0.972934,0.032538,0.035236,-0.041679,0.998510,0,0.66071,-0.20874,39.643,-0.417,-1,375.000,-1,425.000,-1,325.000,325.000,300.000,300.000,-1,-1,-1,825.000,750.000,-1,-1,-1,2,0,2,0,2,0,0,0,0,2,2,2,1,0,2,2,2
20,2945.122,-4068.896,-68.120,12.746,0.974485,-0.220461,-0.042129,0.221814,0.974607,0.030664,0.034299,-0.039227,0.998642,0,0.66033,-0.20162,39.620,-0.403,-1,375.000,-1,425.000,-1,325.000,325.000,300.000,300.000,-1,-1,-1,850.000,750.000,-1,-1,-1,2,0,2,0,2,0,0,0,0,2,2,2,1,0,2,2,2
21,2983.813,-4060.420,-66.778,12.358,0.976026,-0.213867,-0.040413,0.215089,0.976171,0.028744,0.033303,-0.036747,0.998770,0,0.66015,-0.19427,39.609,-0.389,-1,375.000,-1,425.000,-1,325.000,325.000,300.000,300.000,-1,-1,-1,850.000,750.000,-1,-1,-1,2,0,2,0,2,0,0,0,0,2,2,2,1,0,2,2,2
22,3022.562,-4052.196,-65.389,11.984,0.977466,-0.207519,-0.038672,0.208614,0.977631,0.026777,0.032250,-0.034241,0.998893,0,0.66019,-0.18670,39.612,-0.373,-1,375.000,-1,425.000,-1,325.000,325.000,300.000,300.000,-1,-1,-1,875.000,750.000,-1,-1,-1,2,0,2,0,2,0,0,0,0,2,2,2,1,0,2,2,2
23,3061.376,-4044.211,-63.954,11.626,0.978808,-0.201427,-0.036906,0.202398,0.978990,0.024767,0.031142,-0.031712,0.999012,0,0.66045,-0.17891,39.627,-0.358,-1,375.000,-1,450.000,-1,325.000,325.000,300.000,300.000,-1,-1,-1,900.000,775.000,-1,-1,-1,2,0,2,0,2,0,0,0,0,2,2,2,1,0,2,2,2
24,3100.266,-4036.451,-62.474,11.285,0.980055,-0.195599,-0.035117,0.196451,0.980250,0.022716,0.029981,-0.029162,0.999125,0,0.66093,-0.17089,39.656,-0.342,-1,375.000,-1,450.000,-1,325.000,325.000,300.000,300.000,-1,-1,-1,900.000,775.000,-1,-1,-1,2,0,2,0,2,0,0,0,0,2,2,2,1,0,2,2,2
25,3139.240,-4028.905,-60.951,10.959,0.981211,-0.190044,-0.033306,0.190783,0.981415,0.020625,0.028767,-0.026591,0.999232,0,0.66164,-0.16265,39.698,-0.325,-1,375.000,-1,450.000,-1,325.000,350.000,300.000,300.000,-1,-1,-1,925.000,775.000,-1,-1,-1,2,0,2,0,2,0,0,0,0,2,2,2,1,0,2,2,2
26,3178.310,-4021.558,-59.386,10.651,0.982278,-0.184771,-0.031473,0.185403,0.982488,0.018495,0.027505,-0.024003,0.999333,0,0.66258,-0.15419,39.755,-0.308,-1,400.000,-1,450.000,-1,325.000,350.000,300.000,300.000,-1,-1,-1,925.000,800.000,-1,-1,-1,2,0,2,0,2,0,0,0,0,2,2,2,1,0,2,2,2
27,3217.485,-4014.397,-57.779,10.360,0.983259,-0.179789,-0.029620,0.180320,0.983472,0.016330,0.026195,-0.021398,0.999428,0,0.66374,-0.14550,39.825,-0.291,-1,400.000,-1,450.000,-1,325.000,350.000,300.000,300.000,-1,-1,-1,950.000,800.000,-1,-1,-1,2,0,2,0,2,0,0,0,0,2,2,2,1,0,2,2,2
28,3256.777,-4007.408,-56.554,10.087,0.984148,-0.175113,-0.028091,0.175514,0.984398,0.012487,0.025466,-0.017220,0.999527,0,0.66515,-0.13658,39.909,-0.273,-1,400.000,-1,450.000,-1,325.000,350.000,300.000,300.000,-1,-1,-1,950.000,800.000,-1,-1,-1,2,0,2,0,2,0,0,0,0,2,2,2,1,0,2,2,2
29,3296.197,-4000.577,-55.570,9.832,0.984976,-0.170745,-0.025845,0.170993,0.985242,0.007680,0.024152,-0.011984,0.999636,0,0.66679,-0.12744,40.007,-0.255,-1,400.000,-1,450.000,-1,325.000,350.000,300.000,300.000,-1,-1,-1,975.000,825.000,-1,-1,-1,2,0,2,0,2,0,0,0,0,2,2,2,1,0,2,2,2
30,3340.348,-3992.937,-54.783,9.817,0.985063,-0.170497,-0.024141,0.170630,0.985329,0.003579,0.023176,-0.007645,0.999702,0,0.74679,-0.00744,44.807,-0.015,-1,400.000,-1,450.000,-1,325.000,350.000,325.000,300.000,-1,-1,-1,975.000,850.000,-1,-1,-1,2,0,2,0,2,0,0,0,0,2,2,2,1,0,2,2,2
31,3389.196,-3984.287,-54.520,10.042,0.984441,-0.174369,-0.021723,0.174449,0.984665,0.001810,0.021074,-0.005571,0.999762,0,0.82679,0.11256,49.607,0.225,-1,400.000,-1,450.000,-1,325.000,350.000,300.000,300.000,-1,-1,-1,975.000,825.000,-1,-1,-1,2,0,2,0,2,0,0,0,0,2,2,2,1,0,2,2,2
32,3438.747,-3975.097,-54.204,10.507,0.983044,-0.182359,-0.019256,0.182392,0.983226,-0.000007,0.018934,-0.003505,0.999815,0,0.83995,0.23256,50.397,0.465,-1,400.000,-1,450.000,-1,325.000,350.000,300.000,300.000,-1,-1,-1,975.000,825.000,-1,-1,-1,2,0,2,0,2,0,0,0,0,2,2,2,1,0,2,2,2
33,3488.340,-3965.266,-53.838,11.212,0.980770,-0.194446,-0.016786,0.194443,0.980912,-0.001816,0.016819,-0.001483,0.999857,0,0.84263,0.35256,50.558,0.705,-1,400.000,-1,425.000,-1,325.000,350.000,300.000,300.000,-1,-1,-1,975.000,825.000,-1,-1,-1,2,0,2,0,2,0,0,0,0,2,2,2,1,0,2,2,2
34,3537.948,-3954.579,-53.410,12.157,0.977468,-0.210600,-0.014301,0.210570,0.977572,-0.003537,0.014726,0.000446,0.999891,0,0.84578,0.47256,50.747,0.945,-1,400.000,-1,425.000,-1,325.000,325.000,300.000,300.000,-1,-1,-1,975.000,825.000,1000.000,-1,-1,2,0,2,0,2,0,0,0,0,2,2,2,1,0,0,2,2
35,3591.995,-3941.760,-52.874,13.343,0.972939,-0.230773,-0.011527,0.230728,0.973005,-0.005130,0.012400,0.002332,0.999920,0,0.92578,0.59256,55.547,1.185,-1,400.000,-1,425.000,-1,325.000,325.000,300.000,300.000,-1,-1,-1,975.000,825.000,975.000,-1,-1,2,0,2,0,2,0,0,0,0,2,2,2,1,0,0,2,2
36,3646.226,-3927.464,-52.333,14.768,0.966929,-0.254900,-0.008634,0.254852,0.966960,-0.006261,0.009945,0.003853,0.999943,0,0.93473,0.71256,56.084,1.425,-1,400.000,-1,425.000,-1,325.000,325.000,300.000,300.000,-1,-1,-1,975.000,825.000,950.000,-1,-1,2,0,2,0,2,0,0,0,0,2,2,2,1,0,0,2,2
37,3700.343,-3911.503,-51.720,16.433,0.959135,-0.282888,-0.005796,0.282846,0.959139,-0.007145,0.007581,0.005213,0.999958,0,0.94036,0.83256,56.421,1.665,-1,400.000,-1,425.000,-1,325.000,325.000,300.000,300.000,-1,-1,-1,975.000,800.000,925.000,-1,-1,2,0,2,0,2,0,0,0,0,2,2,2,1,0,0,2,2
38,3754.217,-3893.726,-51.028,18.261,0.949635,-0.313343,-0.003038,0.313312,0.949619,-0.007741,0.005311,0.006400,0.999965,0,0.94552,0.91415,56.731,1.828,-1,400.000,-1,425.000,-1,325.000,325.000,300.000,300.000,-1,-1,-1,1000.000,800.000,900.000,-1,-1,2,0,2,0,2,0,0,0,0,2,2,2,1,0,0,2,2
39,3807.547,-3874.228,-50.252,20.083,0.939200,-0.343370,-0.000374,0.343356,0.939171,-0.008047,0.003114,0.007429,0.999968,0,0.94638,0.91087,56.783,1.822,-1,400.000,-1,425.000,-1,325.000,325.000,300.000,325.000,-1,-1,-1,-1,800.000,900.000,-1,-1,2,0,2,0,2,0,0,0,0,2,2,2,2,0,0,2,2
40,3860.056,-3853.135,-49.795,21.886,0.927934,-0.372741,0.001629,0.372739,0.927884,-0.009886,0.002173,0.009781,0.999950,0,0.94312,0.90149,56.587,1.803,-1,400.000,-1,425.000,-1,325.000,325.000,300.000,325.000,-1,-1,-1,-1,800.000,875.000,-1,-1,2,0,2,0,2,0,0,0,0,2,2,2,2,0,0,2,2
41,3911.657,-3830.515,-49.640,23.670,0.915877,-0.401433,0.004493,0.401457,0.915790,-0.012695,0.000981,0.013431,0.999909,0,0.93902,0.89209,56.341,1.784,-1,400.000,-1,425.000,-1,325.000,325.000,300.000,325.000,-1,-1,-1,-1,800.000,850.000,-1,-1,2,0,2,0,2,0,0,0,0,2,2,2,2,0,0,2,2
42,3962.273,-3806.438,-49.464,25.439,0.903044,-0.429480,0.007704,0.429549,0.902913,-0.015372,-0.000354,0.017191,0.999852,0,0.93417,0.88425,56.050,1.768,-1,400.000,-1,400.000,-1,325.000,325.000,325.000,325.000,-1,-1,-1,-1,775.000,825.000,-1,-1,2,0,2,0,2,0,0,0,0,2,2,2,2,0,0,2,2
43,4011.830,-3780.966,-49.204,27.202,0.889384,-0.457029,0.011011,0.457159,0.889207,-0.017772,-0.001668,0.020840,0.999781,0,0.92867,0.88170,55.720,1.763,-1,400.000,975.000,400.000,-1,325.000,325.000,325.000,300.000,-1,-1,-1,-1,775.000,800.000,-1,-1,2,0,1,0,2,0,0,0,0,2,2,2,2,0,1,2,2
44,4060.264,-3754.161,-49.351,28.962,0.874930,-0.484101,0.012042,0.484248,0.874726,-0.018916,-0.001377,0.022382,0.999749,0,0.92262,0.87977,55.357,1.760,-1,400.000,925.000,400.000,-1,325.000,325.000,325.000,325.000,-1,-1,-1,-1,775.000,725.000,-1,-1,2,0,1,0,2,0,0,0,0,2,2,2,2,0,1,2,2
45,4107.521,-3726.081,-49.455,30.718,0.859677,-0.510676,0.012872,0.510838,0.859448,-0.019832,-0.000935,0.023624,0.999720,0,0.91617,0.87844,54.970,1.757,-1,400.000,875.000,400.000,-1,325.000,325.000,325.000,325.000,-1,-1,-1,-1,800.000,675.000,-1,-1,2,0,1,0,2,0,0,0,0,2,2,2,2,0,1,2,2
46,4153.556,-3696.783,-49.602,32.474,0.843624,-0.536757,0.013778,0.536933,0.843390,-0.019917,-0.000930,0.024201,0.999707,0,0.90946,0.87773,54.568,1.755,-1,400.000,825.000,400.000,-1,325.000,325.000,325.000,325.000,-1,-1,-1,-1,800.000,625.000,-1,875.000,2,0,1,0,2,0,0,0,0,2,2,2,2,0,1,2,1
47,4198.335,-3666.318,-49.751,34.229,0.826778,-0.562337,0.014677,0.562528,0.826552,-0.019370,-0.001239,0.024271,0.999705,0,0.90266,0.87762,54.160,1.755,-1,400.000,775.000,400.000,-1,325.000,325.000,325.000,325.000,-1,-1,-1,-1,800.000,575.000,-1,750.000,2,0,1,0,2,0,0,0,0,2,2,2,2,0,1,2,1
48,4241.833,-3634.732,-49.816,35.985,0.809145,-0.587406,0.015424,0.587607,0.808931,-0.018691,-0.001498,0.024187,0.999706,0,0.89593,0.87812,53.756,1.756,-1,400.000,725.000,400.000,-1,325.000,325.000,325.000,325.000,-1,-1,-1,-1,800.000,525.000,-1,650.000,2,0,1,0,2,0,0,0,0,2,2,2,2,0,1,2,1
49,4284.031,-3602.066,-49.884,37.744,0.790732,-0.611956,0.015908,0.612161,0.790532,-0.017863,-0.001644,0.023863,0.999714,0,0.88942,0.87920,53.365,1.758,-1,400.000,700.000,400.000,800.000,325.000,325.000,325.000,325.000,-1,-1,-1,-1,800.000,500.000,-1,550.000,2,0,1,1,1,0,0,0,0,2,2,2,2,0,1,2,1
50,4328.780,-3564.907,-49.967,39.705,0.769305,-0.638659,0.016854,0.638878,0.769122,-0.016953,-0.002136,0.023809,0.999714,0,0.96942,0.98083,58.165,1.962,-1,400.000,650.000,375.000,600.000,325.000,325.000,325.000,325.000,-1,-1,-1,-1,800.000,450.000,-1,475.000,2,0,1,1,1,0,0,0,0,2,2,2,2,1,1,2,1
51,4373.610,-3525.029,-50.120,41.655,0.747128,-0.664445,0.017675,0.664677,0.746943,-0.016744,-0.002076,0.024258,0.999704,0,1.00000,0.97471,60.000,1.949,-1,400.000,625.000,350.000,450.000,325.000,325.000,325.000,325.000,-1,-1,-1,-1,775.000,425.000,-1,400.000,2,0,1,1,1,0,0,0,0,2,2,2,2,1,1,2,1
52,4417.067,-3483.659,-50.293,43.590,0.724264,-0.689277,0.018414,0.689521,0.724065,-0.017068,-0.001568,0.025059,0.999685,0,1.00000,0.96762,60.000,1.935,-1,400.000,600.000,325.000,350.000,325.000,325.000,325.000,325.000,-1,-1,-1,-1,775.000,375.000,-1,350.000,2,0,1,1,1,0,0,0,0,2,2,2,2,1,1,2,1
53,4459.114,-3440.857,-50.352,45.509,0.700776,-0.713127,0.019058,0.713380,0.700564,-0.017296,-0.001017,0.025716,0.999669,0,1.00000,0.95957,60.000,1.919,-1,400.000,600.000,300.000,275.000,325.000,300.000,325.000,325.000,-1,-1,-1,-1,775.000,350.000,-1,275.000,2,0,1,1,1,0,1,0,0,2,2,2,2,1,1,2,1
54,4499.719,-3396.684,-50.296,47.410,0.676737,-0.735964,0.019608,0.736225,0.676512,-0.017436,-0.000433,0.026235,0.999656,0,1.00000,0.95051,60.000,1.901,-1,400.000,575.000,250.000,225.000,325.000,275.000,325.000,325.000,-1,-1,-1,1000.000,750.000,300.000,-1,225.000,2,0,1,1,1,0,1,0,0,2,2,2,1,1,1,2,1
55,4538.853,-3351.204,-48.219,49.291,0.652288,-0.757906,0.009946,0.757949,0.652112,-0.016220,0.005807,0.018118,0.999819,0,1.00000,0.94036,60.000,1.881,-1,425.000,600.000,250.000,175.000,325.000,250.000,300.000,325.000,-1,-1,-1,975.000,775.000,275.000,1000.000,175.000,2,0,1,1,1,0,1,0,0,2,2,2,1,1,1,1,1
56,4576.493,-3304.478,-43.047,51.149,0.627116,-0.778777,-0.015236,0.778645,0.627295,-0.014577,0.020910,-0.002722,0.999778,0,1.00000,0.92906,60.000,1.858,-1,475.000,750.000,225.000,150.000,375.000,250.000,300.000,375.000,-1,475.000,725.000,975.000,800.000,250.000,975.000,175.000,2,0,1,1,1,1,1,0,0,2,0,0,1,1,1,1,1
57,4612.616,-3256.569,-36.684,52.982,0.600728,-0.798137,-0.045859,0.798490,0.601831,-0.014589,0.039243,-0.027854,0.998841,0,1.00000,0.91653,60.000,1.833,-1,500.000,-1,225.000,150.000,375.000,250.000,275.000,450.000,-1,100.000,325.000,-1,800.000,275.000,975.000,150.000,2,0,2,1,1,1,1,0,0,2,0,0,2,1,1,1,1
58,4647.207,-3207.540,-29.216,54.787,0.572728,-0.815688,-0.081464,0.817511,0.575672,-0.016665,0.060490,-0.057053,0.996537,0,1.00000,0.90270,60.000,1.805,-1,575.000,-1,250.000,125.000,400.000,275.000,250.000,475.000,700.000,50.000,250.000,-1,800.000,300.000,975.000,125.000,2,0,2,1,1,1,1,0,1,0,0,0,2,1,1,1,1
59,4680.254,-3157.456,-20.996,56.563,0.542600,-0.831103,-0.121875,0.835673,0.548792,-0.021875,0.085064,-0.089978,0.992304,0,1.00000,0.88752,60.000,1.775,-1,625.000,-1,275.000,125.000,425.000,300.000,250.000,450.000,425.000,25.000,200.000,-1,800.000,350.000,975.000,125.000,2,1,2,1,1,1,1,0,1,0,0,0,2,1,1,1,1
60,4709.402,-3110.573,-12.719,58.098,0.513537,-0.842377,-0.163343,0.850994,0.524383,-0.028843,0.109951,-0.124192,0.986148,0,0.92000,0.76752,55.200,1.535,-1,625.000,-1,300.000,100.000,450.000,350.000,225.000,425.000,275.000,0.000,175.000,-1,825.000,425.000,1000.000,100.000,2,1,2,1,1,1,1,0,1,0,0,0,2,1,1,1,1
61,4737.123,-3063.670,-8.511,59.393,0.490054,-0.851865,-0.184858,0.863056,0.503940,-0.034324,0.122397,-0.142722,0.982166,0,0.90801,0.64752,54.480,1.295,-1,600.000,-1,325.000,75.000,500.000,375.000,225.000,350.000,200.000,0.000,175.000,-1,800.000,525.000,975.000,125.000,2,1,2,1,1,1,1,0,1,0,0,0,2,1,1,1,1
62,4763.786,-3016.613,-6.020,60.448,0.471359,-0.859468,-0.197825,0.872386,0.487301,-0.038482,0.129474,-0.154441,0.979482,0,0.90141,0.52752,54.085,1.055,-1,575.000,-1,350.000,75.000,500.000,400.000,225.000,275.000,175.000,0.000,175.000,-1,775.000,775.000,950.000,125.000,2,1,2,1,1,1,1,0,1,0,0,0,2,1,1,1,1
63,7543.237,983.885,-9.984,-63.589,0.439035,0.895422,0.073946,-0.889926,0.444708,-0.101320,-0.123608,-0.021323,0.992102,1,0.00000,0.00000,53.610,0.815,300.000,325.000,-1,450.000,-1,300.000,325.000,225.000,175.000,-1,-1,-1,-1,500.000,725.000,375.000,-1,0,0,2,0,2,0,0,0,1,2,2,2,2,0,0,0,2
64,-8855.069,4919.511,-140.940,-34.748,0.822582,0.568559,0.009988,-0.567481,0.819645,0.078405,0.036391,-0.070162,0.996872,1,0.00000,0.00000,4.800,0.240,475.000,250.000,450.000,225.000,400.000,200.000,200.000,300.000,400.000,-1,500.000,475.000,-1,375.000,300.000,425.000,300.000,1,1,1,1,1,1,1,0,0,2,0,0,2,1,1,1,1
65,-8851.137,4916.758,-140.659,-34.988,0.820216,0.571972,0.009704,-0.570830,0.817234,0.079253,0.037400,-0.070544,0.996807,0,0.08000,-0.12000,4.800,-0.240,450.000,250.000,425.000,225.000,400.000,200.000,200.000,300.000,400.000,-1,475.000,475.000,-1,350.000,300.000,400.000,300.000,1,1,1,1,1,1,1,0,0,2,0,0,2,1,1,1,1
66,-8843.318,4911.188,-140.088,-35.468,0.815442,0.578767,0.009150,-0.577494,0.812369,0.080975,0.039432,-0.071315,0.996674,0,0.16000,-0.24000,9.600,-0.480,450.000,250.000,425.000,225.000,400.000,200.000,200.000,300.000,400.000,-1,450.000,450.000,-1,350.000,300.000,400.000,300.000,1,1,1,1,1,1,1,0,0,2,0,0,2,1,1,1,1
67,-8831.695,4902.686,-139.212,-36.188,0.808178,0.588879,0.008358,-0.587402,0.804964,0.083620,0.042514,-0.072489,0.996463,0,0.24000,-0.36000,14.400,-0.720,450.000,250.000,425.000,225.000,400.000,200.000,200.000,300.000,425.000,-1,400.000,400.000,-1,350.000,300.000,375.000,300.000,1,1,1,1,1,1,1,0,0,2,0,0,2,1,1,1,1
68,-8816.358,4891.133,-137.531,-36.987,0.799954,0.600040,0.005136,-0.598129,0.796661,0.087027,0.048128,-0.072689,0.996193,0,0.32000,-0.39956,19.200,-0.799,425.000,250.000,400.000,225.000,400.000,200.000,200.000,300.000,425.000,-1,325.000,325.000,-1,325.000,300.000,350.000,300.000,1,1,1,1,1,1,1,0,0,2,0,0,2,1,1,1,1
69,-8797.389,4876.427,-134.698,-37.778,0.791583,0.611058,-0.001973,-0.608367,0.788392,0.091253,0.057317,-0.071034,0.995826,0,0.40000,-0.39566,24.000,-0.791,400.000,225.000,400.000,225.000,400.000,200.000,200.000,300.000,425.000,-1,250.000,250.000,-1,325.000,300.000,350.000,300.000,1,1,1,1,1,1,1,0,0,2,0,0,2,1,1,1,1
70,-1639.929,-3607.871,-4.918,165.534,-0.947973,-0.246034,-0.202028,0.274010,-0.953654,-0.124351,-0.162070,-0.173239,0.971453,1,0.00000,0.00000,28.800,-0.784,125.000,250.000,375.000,225.000,325.000,200.000,200.000,275.000,850.000,-1,75.000,0.000,375.000,325.000,275.000,150.000,300.000,0,0,1,1,1,1,1,0,1,2,1,1,1,0,1,0,1
71,6227.640,2298.808,51.788,140.499,-0.772518,-0.634936,0.008531,0.632110,-0.770220,-0.084844,0.060441,-0.060151,0.996358,1,0.08000,0.12000,4.800,0.240,-1,425.000,-1,425.000,-1,350.000,350.000,300.000,300.000,575.000,650.000,650.000,-1,950.000,-1,-1,-1,2,0,2,0,2,0,0,0,0,1,1,0,2,0,2,2,2
72,6220.182,2304.852,52.298,140.979,-0.777802,-0.628450,0.008561,0.625658,-0.775499,-0.084574,0.059790,-0.060425,0.996380,0,0.16000,0.24000,9.600,0.480,-1,425.000,-1,425.000,-1,350.000,350.000,300.000,300.000,575.000,675.000,675.000,-1,950.000,-1,-1,-1,2,0,2,0,2,0,0,0,0,1,1,0,2,0,2,2,2
73,6208.881,2313.777,53.065,141.699,-0.785629,-0.618639,0.008523,0.615902,-0.783313,-0.084171,0.058747,-0.060878,0.996415,0,0.24000,0.36000,14.400,0.720,-1,425.000,-1,425.000,-1,350.000,350.000,300.000,300.000,600.000,700.000,675.000,-1,950.000,-1,-1,-1,2,0,2,0,2,0,0,0,0,1,1,0,2,0,2,2,2
74,6193.616,2325.422,54.060,142.659,-0.795871,-0.605407,0.008457,0.602746,-0.793541,-0.083606,0.057327,-0.061442,0.996463,0,0.32000,0.48000,19.200,0.960,-1,425.000,-1,425.000,-1,350.000,350.000,300.000,300.000,600.000,725.000,675.000,-1,950.000,-1,-1,-1,2,0,2,0,2,0,0,0,0,1,1,0,2,0,2,2,2
75,6174.267,2339.620,55.249,143.726,-0.806987,-0.590510,0.008359,0.587939,-0.804647,-0.082891,0.055674,-0.061977,0.996524,0,0.40000,0.53334,24.000,1.067,-1,425.000,-1,425.000,-1,350.000,350.000,300.000,300.000,625.000,775.000,700.000,-1,950.000,-1,-1,-1,2,0,2,0,2,0,0,0,0,1,1,0,2,0,2,2,2
76,6150.737,2356.226,56.602,144.788,-0.817773,-0.575482,0.008206,0.573012,-0.815432,-0.082030,0.053898,-0.062380,0.996596,0,0.48000,0.53094,28.800,1.062,-1,425.000,-1,450.000,-1,350.000,350.000,300.000,300.000,650.000,825.000,725.000,-1,950.000,-1,-1,-1,2,0,2,0,2,0,0,0,0,1,1,0,2,0,2,2,2
77,6122.933,2375.090,58.094,145.844,-0.828220,-0.560346,0.007990,0.557987,-0.825888,-0.080997,0.051986,-0.062625,0.996682,0,0.56000,0.52806,33.600,1.056,-1,425.000,-1,450.000,-1,350.000,350.000,275.000,300.000,675.000,875.000,750.000,-1,950.000,-1,-1,-1,2,0,2,0,2,0,0,0,0,1,0,0,2,0,2,2,2
78,6090.767,2396.063,59.849,146.893,-0.838307,-0.545145,0.007626,0.542952,-0.836040,-0.078993,0.049438,-0.062080,0.996846,0,0.64000,0.52472,38.400,1.049,-1,425.000,-1,450.000,-1,350.000,350.000,275.000,300.000,700.000,925.000,800.000,-1,950.000,-1,-1,-1,2,0,2,0,2,0,0,0,0,1,0,0,2,0,2,2,2
79,6056.032,2417.823,61.649,147.935,-0.848040,-0.529884,0.007145,0.527877,-0.845861,-0.076590,0.046627,-0.061180,0.997037,0,0.68315,0.52088,40.989,1.042,-1,425.000,-1,450.000,-1,350.000,350.000,300.000,300.000,750.000,1000.000,875.000,-1,950.000,-1,-1,-1,2,0,2,0,2,0,0,0,0,1,0,0,2,0,2,2,2
80,6020.819,2439.008,63.343,148.969,-0.857422,-0.514572,0.006594,0.512748,-0.855333,-0.074125,0.043783,-0.060175,0.997227,0,0.68492,0.51677,41.095,1.034,-1,425.000,-1,450.000,-1,350.000,350.000,300.000,275.000,775.000,-1,950.000,-1,950.000,-1,-1,-1,2,0,2,0,2,0,0,0,0,1,2,0,2,0,2,2,2
81,5985.137,2459.613,64.896,149.994,-0.866459,-0.499214,0.005797,0.497578,-0.864453,-0.071672,0.040791,-0.059216,0.997411,0,0.68674,0.51262,41.204,1.025,-1,425.000,-1,450.000,-1,350.000,350.000,300.000,275.000,825.000,-1,-1,-1,950.000,-1,-1,-1,2,0,2,0,2,0,0,0,0,1,2,2,2,0,2,2,2
82,5948.997,2479.637,66.196,151.011,-0.875165,-0.483807,0.004214,0.482386,-0.873200,-0.069469,0.037289,-0.058764,0.997575,0,0.68862,0.50844,41.317,1.017,-1,425.000,-1,450.000,-1,350.000,350.000,275.000,275.000,850.000,-1,-1,-1,950.000,-1,-1,-1,2,0,2,0,2,0,0,0,0,1,2,2,2,0,2,2,2
83,5912.407,2499.076,67.397,152.019,-0.883524,-0.468379,0.002585,0.467166,-0.881608,-0.067249,0.033777,-0.058209,0.997733,0,0.69056,0.50423,41.433,1.008,-1,425.000,-1,450.000,-1,350.000,350.000,275.000,300.000,900.000,-1,-1,-1,950.000,-1,-1,-1,2,0,2,0,2,0,0,0,0,1,2,2,2,0,2,2,2
84,5875.378,2517.928,68.499,153.019,-0.891541,-0.452939,0.000912,0.451928,-0.889682,-0.065017,0.030260,-0.057554,0.997884,0,0.69254,0.49999,41.552,1.000,-1,425.000,-1,450.000,-1,350.000,350.000,275.000,300.000,925.000,-1,-1,-1,925.000,-1,-1,-1,2,0,2,0,2,0,0,0,0,1,2,2,2,0,2,2,2
85,5837.919,2536.189,69.504,154.011,-0.899220,-0.437495,-0.000805,0.436678,-0.897425,-0.062778,0.026743,-0.056803,0.998027,0,0.69457,0.49573,41.674,0.991,-1,425.000,-1,450.000,-1,350.000,350.000,275.000,300.000,975.000,-1,-1,-1,925.000,-1,-1,-1,2,0,2,0,2,0,0,0,0,1,2,2,2,0,2,2,2
86,5800.039,2553.858,70.460,154.994,-0.906567,-0.422053,-0.002751,0.421430,-0.904832,-0.060629,0.023100,-0.056124,0.998157,0,0.69664,0.49143,41.798,0.983,-1,425.000,-1,450.000,-1,350.000,350.000,275.000,300.000,-1,-1,-1,-1,900.000,-1,-1,-1,2,0,2,0,2,0,0,0,0,2,2,2,2,0,2,2,2
87,5761.749,2570.932,71.270,155.968,-0.913581,-0.406630,-0.004706,0.406194,-0.911926,-0.058284,0.019409,-0.055159,0.998289,0,0.69875,0.48710,41.925,0.974,-1,425.000,-1,450.000,-1,350.000,350.000,275.000,300.000,-1,-1,-1,-1,900.000,-1,-1,-1,2,0,2,0,2,0,0,0,0,2,2,2,2,0,2,2,2
88,5723.058,2587.409,71.858,156.933,-0.920264,-0.391239,-0.006768,0.390992,-0.918726,-0.055394,0.015454,-0.053623,0.998442,0,0.70090,0.48275,42.054,0.966,-1,425.000,-1,450.000,-1,350.000,350.000,275.000,300.000,-1,-1,-1,-1,875.000,-1,-1,-1,2,0,2,0,2,0,0,0,0,2,2,2,2,0,2,2,2
89,5683.975,2603.287,72.343,157.890,-0.926628,-0.375877,-0.008807,0.375802,-0.925212,-0.052492,0.011582,-0.051950,0.998582,0,0.70309,0.47837,42.185,0.957,-1,400.000,-1,450.000,-1,350.000,350.000,275.000,300.000,-1,-1,-1,-1,875.000,-1,-1,-1,2,0,2,0,2,0,0,0,0,2,2,2,2,0,2,2,2
90,5644.511,2618.565,72.716,158.838,-0.932676,-0.360553,-0.010840,0.360632,-0.931392,-0.049530,0.007762,-0.050105,0.998714,0,0.70530,0.47397,42.318,0.948,-1,400.000,-1,450.000,-1,350.000,350.000,300.000,300.000,-1,-1,-1,-1,850.000,-1,-1,-1,2,0,2,0,2,0,0,0,0,2,2,2,2,0,2,2,2
91,5604.676,2633.240,72.997,159.777,-0.938415,-0.345273,-0.012843,0.345488,-0.937266,-0.046590,0.004049,-0.048157,0.998832,0,0.70756,0.46954,42.453,0.939,-1,400.000,-1,425.000,-1,325.000,350.000,300.000,300.000,-1,-1,-1,-1,850.000,1000.000,-1,-1,2,0,2,0,2,0,0,0,0,2,2,2,2,0,0,2,2
92,5564.477,2647.312,73.190,160.707,-0.943849,-0.330044,-0.014816,0.330376,-0.942839,-0.043668,0.000443,-0.046111,0.998936,0,0.70984,0.46508,42.590,0.930,-1,400.000,-1,425.000,-1,325.000,350.000,300.000,300.000,-1,-1,-1,-1,825.000,1000.000,-1,-1,2,0,2,0,2,0,0,0,0,2,2,2,2,0,0,2,2
93,5521.816,2661.479,73.261,161.631,-0.949000,-0.314830,-0.016789,0.315262,-0.948127,-0.040801,-0.003073,-0.044014,0.999026,0,0.74920,0.46190,44.952,0.924,-1,400.000,-1,425.000,-1,325.000,350.000,300.000,300.000,-1,-1,-1,-1,825.000,975.000,-1,-1,2,0,2,0,2,0,0,0,0,2,2,2,2,0,0,2,2
94,5474.411,2676.283,73.183,162.658,-0.954436,-0.297821,-0.018824,0.298341,-0.953707,-0.037898,-0.006665,-0.041788,0.999104,0,0.82772,0.51328,49.663,1.027,-1,400.000,-1,425.000,-1,325.000,350.000,300.000,300.000,-1,-1,-1,-1,800.000,950.000,-1,-1,2,0,2,0,2,0,0,0,0,2,2,2,2,0,0,2,2
95,5426.780,2690.227,72.994,163.685,-0.959569,-0.280706,-0.020782,0.281293,-0.958981,-0.035054,-0.010089,-0.039483,0.999169,0,0.82717,0.51350,49.630,1.027,-1,400.000,-1,425.000,-1,325.000,350.000,300.000,300.000,-1,-1,-1,-1,800.000,950.000,-1,-1,2,0,2,0,2,0,0,0,0,2,2,2,2,0,0,2,2
96,5378.938,2703.305,72.698,164.712,-0.964395,-0.263491,-0.022665,0.264127,-0.963948,-0.032264,-0.013346,-0.037101,0.999222,0,0.82663,0.51365,49.598,1.027,-1,400.000,-1,425.000,-1,325.000,350.000,300.000,300.000,-1,-1,-1,-1,800.000,925.000,-1,-1,2,0,2,0,2,0,0,0,0,2,2,2,2,0,0,2,2
97,5330.901,2715.515,72.297,165.739,-0.968914,-0.246186,-0.024463,0.246853,-0.968602,-0.029546,-0.016421,-0.034667,0.999264,0,0.82608,0.51371,49.565,1.027,-1,400.000,-1,425.000,-1,325.000,325.000,300.000,300.000,-1,-1,-1,-1,775.000,925.000,-1,-1,2,0,2,0,2,0,0,0,0,2,2,2,2,0,0,2,2
98,5282.684,2726.854,71.544,166.767,-0.973133,-0.228790,-0.025833,0.229482,-0.972909,-0.028035,-0.018719,-0.033210,0.999273,0,0.82553,0.51370,49.532,1.027,-1,400.000,-1,425.000,-1,325.000,325.000,300.000,300.000,-1,-1,-1,-1,775.000,900.000,-1,-1,2,0,2,0,2,0,0,0,0,2,2,2,2,0,0,2,2
99,5234.304,2737.320,70.638,167.794,-0.977033,-0.211321,-0.027376,0.212040,-0.976895,-0.026758,-0.021089,-0.031949,0.999267,0,0.82499,0.51361,49.499,1.027,-1,400.000,-1,425.000,-1,325.000,325.000,300.000,300.000,-1,-1,-1,-1,775.000,900.000,-1,-1,2,0,2,0,2,0,0,0,0,2,2,2,2,0,0,2,2
100,5185.776,2746.911,69.551,168.821,-0.980630,-0.193790,-0.028469,0.194510,-0.980577,-0.025177,-0.023037,-0.030227,0.999278,0,0.82445,0.51343,49.467,1.027,-1,400.000,-1,425.000,-1,325.000,325.000,300.000,300.000,-1,-1,-1,-1,775.000,900.000,-1,-1,2,0,2,0,2,0,0,0,0,2,2,2,2,0,0,2,2
101,5137.115,2755.626,68.269,169.847,-0.983917,-0.176206,-0.029305,0.176902,-0.983956,-0.023161,-0.024753,-0.027972,0.999302,0,0.82392,0.51318,49.435,1.026,-1,400.000,-1,425.000,-1,325.000,325.000,300.000,300.000,-1,-1,-1,-1,775.000,875.000,-1,-1,2,0,2,0,2,0,0,0,0,2,2,2,2,0,0,2,2
102,5088.337,2763.464,66.925,170.873,-0.986889,-0.158573,-0.030074,0.159238,-0.987014,-0.021147,-0.026330,-0.025659,0.999324,0,0.82340,0.51285,49.404,1.026,-1,400.000,-1,425.000,-1,325.000,325.000,300.000,300.000,-1,-1,-1,-1,775.000,875.000,-1,-1,2,0,2,0,2,0,0,0,0,2,2,2,2,0,0,2,2
103,5039.456,2770.423,65.517,171.898,-0.989546,-0.140902,-0.030762,0.141525,-0.989750,-0.019115,-0.027753,-0.023268,0.999344,0,0.82289,0.51245,49.374,1.025,-1,400.000,-1,425.000,-1,325.000,325.000,300.000,300.000,-1,-1,-1,-1,775.000,875.000,-1,-1,2,0,2,0,2,0,0,0,0,2,2,2,2,0,0,2,2
104,4990.488,2776.505,64.067,172.922,-0.991884,-0.123199,-0.031429,0.123776,-0.992163,-0.017112,-0.029074,-0.020863,0.999359,0,0.82240,0.51197,49.344,1.024,-1,400.000,-1,425.000,-1,325.000,325.000,300.000,300.000,-1,-1,-1,-1,775.000,850.000,-1,-1,2,0,2,0,2,0,0,0,0,2,2,2,2,0,0,2,2
105,4941.448,2781.708,62.580,173.945,-0.993905,-0.105474,-0.032074,0.105999,-0.994251,-0.015135,-0.030294,-0.018443,0.999371,0,0.82192,0.51141,49.315,1.023,-1,400.000,-1,425.000,-1,325.000,325.000,300.000,300.000,-1,-1,-1,-1,750.000,850.000,-1,-1,2,0,2,0,2,0,0,0,0,2,2,2,2,0,0,2,2
106,4892.350,2786.033,61.059,174.966,-0.995607,-0.087735,-0.032699,0.088204,-0.996015,-0.013181,-0.031412,-0.016008,0.999378,0,0.82147,0.51077,49.288,1.022,-1,400.000,-1,425.000,-1,325.000,325.000,300.000,300.000,-1,-1,-1,-1,750.000,850.000,-1,-1,2,0,2,0,2,0,0,0,0,2,2,2,2,0,0,2,2
107,4843.210,2789.482,59.510,175.986,-0.996992,-0.069991,-0.033304,0.070399,-0.997455,-0.011246,-0.032432,-0.013557,0.999382,0,0.82103,0.51006,49.262,1.020,-1,400.000,-1,425.000,-1,325.000,325.000,300.000,300.000,-1,-1,-1,-1,750.000,850.000,-1,-1,2,0,2,0,2,0,0,0,0,2,2,2,2,0,0,2,2
108,4794.040,2792.055,57.936,177.005,-0.998059,-0.052251,-0.033890,0.052594,-0.998572,-0.009327,-0.033354,-0.011091,0.999382,0,0.82061,0.50928,49.237,1.019,-1,400.000,-1,425.000,-1,325.000,325.000,300.000,300.000,-1,-1,-1,-1,750.000,850.000,-1,-1,2,0,2,0,2,0,0,0,0,2,2,2,2,0,0,2,2
109,4744.856,2793.755,56.343,178.022,-0.998810,-0.034522,-0.034459,0.034798,-0.999367,-0.007420,-0.034181,-0.008610,0.999379,0,0.82022,0.50842,49.213,1.017,-1,400.000,-1,425.000,-1,325.000,325.000,300.000,300.000,-1,-1,-1,-1,750.000,825.000,-1,-1,2,0,2,0,2,0,0,0,0,2,2,2,2,0,0,2,2
110,4695.671,2794.582,54.733,179.037,-0.999245,-0.016815,-0.035012,0.017018,-0.999840,-0.005522,-0.034913,-0.006114,0.999372,0,0.81986,0.50749,49.192,1.015,-1,400.000,-1,425.000,-1,325.000,325.000,300.000,300.000,-1,-1,-1,-1,750.000,825.000,-1,-1,2,0,2,0,2,0,0,0,0,2,2,2,2,0,0,2,2
111,4646.500,2794.540,53.113,180.049,-0.999367,0.000864,-0.035551,-0.000735,-0.999993,-0.003630,-0.035554,-0.003601,0.999361,0,0.81952,0.50648,49.171,1.013,-1,400.000,-1,425.000,-1,325.000,325.000,300.000,300.000,-1,-1,-1,-1,750.000,825.000,-1,-1,2,0,2,0,2,0,0,0,0,2,2,2,2,0,0,2,2
112,4597.355,2793.631,51.480,181.060,-0.999178,0.018505,-0.036060,-0.018455,-0.999828,-0.001716,-0.036086,-0.001049,0.999348,0,0.81921,0.50541,49.153,1.011,-1,400.000,-1,425.000,-1,325.000,325.000,300.000,300.000,-1,-1,-1,-1,750.000,825.000,-1,-1,2,0,2,0,2,0,0,0,0,2,2,2,2,0,0,2,2
113,4548.251,2791.857,49.535,182.069,-0.998677,0.036100,-0.036621,-0.036116,-0.999348,-0.000243,-0.036606,0.001080,0.999329,0,0.81893,0.50427,49.136,1.009,-1,400.000,-1,425.000,-1,325.000,325.000,300.000,300.000,-1,-1,-1,-1,750.000,825.000,-1,-1,2,0,2,0,2,0,0,0,0,2,2,2,2,0,0,2,2
114,4498.183,2789.163,47.484,183.080,-0.997857,0.053729,-0.037344,-0.053806,-0.998551,0.001050,-0.037233,0.003057,0.999302,0,0.83567,0.50555,50.140,1.011,-1,400.000,-1,425.000,-1,325.000,325.000,300.000,300.000,-1,-1,-1,-1,750.000,825.000,-1,-1,2,0,2,0,2,0,0,0,0,2,2,2,2,0,0,2,2
115,4448.183,2785.584,45.431,184.094,-0.996721,0.071396,-0.038075,-0.071537,-0.997435,0.002352,-0.037810,0.005068,0.999272,0,0.83546,0.50713,50.128,1.014,-1,400.000,-1,400.000,-1,325.000,325.000,300.000,300.000,-1,-1,-1,-1,750.000,800.000,-1,-1,2,0,2,0,2,0,0,0,0,2,2,2,2,0,0,2,2
116,4398.270,2781.120,43.379,185.112,-0.995267,0.089092,-0.038820,-0.089300,-0.995998,0.003665,-0.038338,0.007114,0.999240,0,0.83521,0.50864,50.113,1.017,-1,400.000,-1,400.000,-1,325.000,325.000,300.000,300.000,-1,-1,-1,-1,750.000,800.000,-1,-1,2,0,2,0,2,0,0,0,0,2,2,2,2,0,0,2,2
117,4348.461,2775.769,41.331,186.132,-0.993491,0.106809,-0.039584,-0.107088,-0.994237,0.004991,-0.038823,0.009197,0.999204,0,0.83492,0.51007,50.095,1.020,-1,400.000,-1,400.000,-1,325.000,325.000,300.000,300.000,-1,-1,-1,-1,750.000,800.000,-1,-1,2,0,2,0,2,0,0,0,0,2,2,2,2,0,0,2,2
118,4298.775,2769.532,39.288,187.155,-0.991393,0.124537,-0.040374,-0.124890,-0.992150,0.006332,-0.039268,0.011320,0.999165,0,0.83459,0.51143,50.076,1.023,-1,400.000,-1,400.000,-1,325.000,325.000,300.000,300.000,-1,-1,-1,-1,750.000,800.000,-1,-1,2,0,2,0,2,0,0,0,0,2,2,2,2,0,0,2,2
119,4249.231,2762.410,37.255,188.180,-0.988970,0.142269,-0.041196,-0.142699,-0.989736,0.007691,-0.039679,0.013485,0.999121,0,0.83423,0.51270,50.054,1.025,-1,375.000,-1,400.000,-1,325.000,325.000,300.000,300.000,-1,-1,-1,-1,750.000,800.000,-1,-1,2,0,2,0,2,0,0,0,0,2,2,2,2,0,0,2,2
120,4199.846,2754.405,35.278,189.208,-0.986228,0.159995,-0.041897,-0.160498,-0.986996,0.008922,-0.039925,0.015524,0.999082,0,0.83383,0.51390,50.030,1.028,-1,375.000,-1,400.000,-1,325.000,325.000,300.000,300.000,-1,-1,-1,-1,750.000,775.000,-1,-1,2,0,2,0,2,0,0,0,0,2,2,2,2,0,0,2,2
121,4150.638,2745.517,33.370,190.238,-0.983168,0.177706,-0.042443,-0.178276,-0.983930,0.010006,-0.039983,0.017404,0.999049,0,0.83339,0.51502,50.004,1.030,-1,375.000,-1,400.000,-1,325.000,325.000,300.000,300.000,-1,-1,-1,-1,750.000,775.000,-1,-1,2,0,2,0,2,0,0,0,0,2,2,2,2,0,0,2,2
122,4106.270,2736.870,31.664,191.028,-0.980602,0.191251,-0.042933,-0.191879,-0.981357,0.010986,-0.040032,0.019011,0.999018,0,0.75339,0.39502,45.204,0.790,-1,375.000,-1,400.000,-1,325.000,325.000,300.000,300.000,-1,-1,-1,-1,750.000,775.000,-1,-1,2,0,2,0,2,0,0,0,0,2,2,2,2,0,0,2,2
123,4065.720,2728.563,30.117,191.578,-0.978700,0.200657,-0.043385,-0.201338,-0.979450,0.011893,-0.040107,0.020375,0.998988,0,0.68986,0.27502,41.392,0.550,-1,400.000,-1,400.000,-1,325.000,325.000,300.000,300.000,-1,-1,-1,-1,775.000,775.000,-1,-1,2,0,2,0,2,0,0,0,0,2,2,2,2,0,0,2,2
124,4025.260,2720.045,28.582,191.888,-0.977580,0.205949,-0.043848,-0.206681,-0.978324,0.012822,-0.040257,0.021597,0.998956,0,0.68911,0.15502,41.347,0.310,-1,400.000,-1,400.000,-1,325.000,325.000,300.000,300.000,-1,-1,-1,-1,775.000,775.000,-1,-1,2,0,2,0,2,0,0,0,0,2,2,2,2,0,0,2,2
125,3984.870,2711.491,27.038,191.958,-0.977309,0.207139,-0.044283,-0.207924,-0.978047,0.013869,-0.040438,0.022762,0.998923,0,0.68809,0.03502,41.286,0.070,-1,400.000,-1,400.000,-1,325.000,325.000,300.000,300.000,-1,-1,-1,-1,775.000,750.000,-1,-1,2,0,2,0,2,0,0,0,0,2,2,2,2,0,0,2,2
126,3944.532,2703.072,25.511,191.788,-0.977910,0.204232,-0.044515,-0.205065,-0.978634,0.014965,-0.040507,0.023763,0.998897,0,0.68680,-0.08498,41.208,-0.170,-1,400.000,-1,400.000,-1,325.000,325.000,300.000,300.000,-1,-1,-1,-1,775.000,750.000,-1,-1,2,0,2,0,2,0,0,0,0,2,2,2,2,0,0,2,2
127,3904.225,2694.961,23.994,191.378,-0.979338,0.197221,-0.044738,-0.198100,-0.980050,0.016096,-0.040671,0.024626,0.998869,0,0.68524,-0.20498,41.114,-0.410,-1,400.000,-1,400.000,-1,325.000,325.000,300.000,300.000,-1,-1,-1,-1,775.000,750.000,-1,-1,2,0,2,0,2,0,0,0,0,2,2,2,2,0,0,2,2
128,3863.937,2687.328,22.311,190.728,-0.981521,0.186090,-0.044571,-0.186981,-0.982222,0.016699,-0.040671,0.024724,0.998867,0,0.68342,-0.32498,41.005,-0.650,-1,400.000,-1,400.000,-1,325.000,325.000,300.000,300.000,-1,-1,-1,-1,800.000,750.000,-1,-1,2,0,2,0,2,0,0,0,0,2,2,2,2,0,0,2,2
129,3823.656,2680.343,20.497,189.838,-0.984296,0.170814,-0.044533,-0.171698,-0.985006,0.016812,-0.040994,0.024195,0.998866,0,0.68137,-0.44498,40.882,-0.890,-1,400.000,-1,400.000,-1,325.000,325.000,300.000,300.000,-1,-1,-1,-1,800.000,750.000,-1,-1,2,0,2,0,2,0,0,0,0,2,2,2,2,0,0,2,2
130,3783.379,2674.174,18.664,188.708,-0.987476,0.151359,-0.044525,-0.152233,-0.988200,0.016933,-0.041437,0.023500,0.998865,0,0.67911,-0.56498,40.746,-1.130,-1,400.000,-1,400.000,-1,325.000,325.000,300.000,300.000,-1,-1,-1,-1,800.000,725.000,-1,-1,2,0,2,0,2,0,0,0,0,2,2,2,2,0,0,2,2
131,3743.110,2668.988,16.815,187.338,-0.990813,0.127692,-0.044541,-0.128555,-0.991556,0.017066,-0.041986,0.022635,0.998862,0,0.67668,-0.68498,40.601,-1.370,-1,400.000,-1,400.000,-1,325.000,325.000,300.000,300.000,-1,-1,-1,-1,800.000,725.000,-1,-1,2,0,2,0,2,0,0,0,0,2,2,2,2,0,0,2,2
132,3702.864,2664.952,15.007,185.728,-0.994003,0.099786,-0.044724,-0.100629,-0.994779,0.016985,-0.042796,0.021384,0.998855,0,0.67414,-0.80498,40.449,-1.610,-1,400.000,-1,400.000,-1,325.000,325.000,300.000,300.000,-1,-1,-1,-1,800.000,725.000,-1,-1,2,0,2,0,2,0,0,0,0,2,2,2,2,0,0,2,2
133,3662.663,2662.227,13.197,183.878,-0.996697,0.067623,-0.044960,-0.068440,-0.997512,0.016896,-0.043706,0.019917,0.998846,0,0.67155,-0.92498,40.293,-1.850,-1,400.000,-1,400.000,-1,325.000,325.000,300.000,300.000,-1,-1,-1,-1,775.000,700.000,-1,-1,2,0,2,0,2,0,0,0,0,2,2,2,2,0,0,2,2
134,3622.549,2660.817,11.382,182.013,-0.998360,0.035122,-0.045213,-0.035915,-0.999213,0.016837,-0.044586,0.018433,0.998835,0,0.66898,-0.93255,40.139,-1.865,-1,400.000,-1,400.000,-1,325.000,325.000,300.000,300.000,-1,-1,-1,-1,775.000,700.000,-1,-1,2,0,2,0,2,0,0,0,0,2,2,2,2,0,0,2,2
135,3582.547,2660.717,9.565,180.144,-0.998962,0.002512,-0.045471,-0.003280,-0.999853,0.016812,-0.045422,0.016944,0.998824,0,0.66670,-0.93459,40.002,-1.869,-1,400.000,-1,400.000,-1,325.000,325.000,300.000,300.000,-1,-1,-1,-1,775.000,700.000,-1,-1,2,0,2,0,2,0,0,0,0,2,2,2,2,0,0,2,2
136,3542.679,2661.921,7.746,178.270,-0.998498,-0.030185,-0.045725,0.029443,-0.999425,0.016820,-0.046206,0.015449,0.998812,0,0.66476,-0.93694,39.886,-1.874,-1,400.000,-1,375.000,-1,325.000,325.000,300.000,300.000,-1,-1,-1,-1,775.000,675.000,-1,-1,2,0,2,0,2,0,0,0,0,2,2,2,2,0,0,2,2
137,3502.966,2664.426,5.926,176.391,-0.996958,-0.062944,-0.045963,0.062227,-0.997920,0.016862,-0.046929,0.013951,0.998801,0,0.66320,-0.93961,39.792,-1.879,-1,400.000,-1,375.000,-1,325.000,325.000,300.000,300.000,-1,-1,-1,-1,750.000,675.000,-1,-1,2,0,2,0,2,0,0,0,0,2,2,2,2,0,0,2,2
