timestep,x_cm,y_cm,z_cm,yaw_deg,basis_xx,basis_xy,basis_xz,basis_yx,basis_yy,basis_yz,basis_zx,basis_zy,basis_zz,teleport_flag,throttle_cmd,steering_cmd,cmd_move_cm,cmd_turn_deg,lidar_cm_0,lidar_cm_1,lidar_cm_2,lidar_cm_3,lidar_cm_4,lidar_cm_5,lidar_cm_6,lidar_cm_7,lidar_cm_8,lidar_cm_9,lidar_cm_10,lidar_cm_11,lidar_cm_12,lidar_cm_13,lidar_cm_14,lidar_cm_15,lidar_cm_16,lidar_class_0,lidar_class_1,lidar_class_2,lidar_class_3,lidar_class_4,lidar_class_5,lidar_class_6,lidar_class_7,lidar_class_8,lidar_class_9,lidar_class_10,lidar_class_11,lidar_class_12,lidar_class_13,lidar_class_14,lidar_class_15,lidar_class_16
0,8856.412,-7547.834,-95.152,-74.142,0.273974,0.960583,-0.047103,-0.961624,0.272861,-0.028744,-0.014758,0.053171,0.998476,1,0.08000,0.02859,4.800,0.057,-1,425.000,-1,375.000,-1,325.000,325.000,300.000,300.000,-1,-1,-1,-1,950.000,725.000,-1,-1,2,0,2,0,2,0,0,0,0,2,2,2,2,0,0,2,2
1,8859.044,-7557.066,-95.292,-74.085,0.274939,0.960337,-0.046480,-0.961344,0.273827,-0.028925,-0.015051,0.052636,0.998500,0,0.16000,0.02859,9.600,0.057,-1,425.000,-1,375.000,-1,325.000,325.000,300.000,300.000,-1,-1,-1,-1,950.000,725.000,-1,-1,2,0,2,0,2,0,0,0,0,2,2,2,2,0,0,2,2
2,8863.005,-7570.910,-95.506,-74.028,0.275908,0.960104,-0.045543,-0.961059,0.274797,-0.029200,-0.015520,0.051827,0.998535,0,0.24000,0.02859,14.400,0.057,-1,425.000,-1,375.000,-1,350.000,325.000,300.000,300.000,-1,-1,-1,-1,950.000,725.000,-1,-1,2,0,2,0,2,0,0,0,0,2,2,2,2,0,0,2,2
3,8868.306,-7589.364,-95.799,-73.971,0.276879,0.959883,-0.044290,-0.960769,0.275770,-0.029569,-0.016169,0.050740,0.998581,0,0.32000,0.02859,19.200,0.057,-1,425.000,-1,375.000,-1,350.000,325.000,300.000,300.000,-1,-1,-1,-1,950.000,725.000,-1,-1,2,0,2,0,2,0,0,0,0,2,2,2,2,0,0,2,2
4,8874.956,-7612.424,-96.178,-73.914,0.277852,0.959674,-0.042718,-0.960473,0.276747,-0.030033,-0.017000,0.049374,0.998636,0,0.40000,0.02859,24.000,0.057,-1,425.000,-1,375.000,-1,350.000,325.000,300.000,300.000,-1,-1,-1,-1,950.000,725.000,-1,-1,2,0,2,0,2,0,0,0,0,2,2,2,2,0,0,2,2
5,8882.962,-7640.089,-96.651,-73.857,0.278825,0.959474,-0.040823,-0.960173,0.277727,-0.030594,-0.018016,0.047728,0.998698,0,0.48000,0.02859,28.800,0.057,-1,425.000,-1,375.000,-1,325.000,325.000,300.000,300.000,-1,-1,-1,-1,925.000,725.000,-1,-1,2,0,2,0,2,0,0,0,0,2,2,2,2,0,0,2,2
6,8892.336,-7672.355,-97.231,-73.799,0.279797,0.959283,-0.038602,-0.959867,0.278709,-0.031253,-0.019222,0.045798,0.998766,0,0.56000,0.02859,33.600,0.057,-1,425.000,-1,375.000,-1,325.000,325.000,300.000,300.000,-1,-1,-1,-1,925.000,725.000,-1,-1,2,0,2,0,2,0,0,0,0,2,2,2,2,0,0,2,2
7,8903.085,-7709.220,-97.930,-73.742,0.280764,0.959100,-0.036050,-0.959555,0.279694,-0.032013,-0.020621,0.043580,0.998837,0,0.64000,0.02859,38.400,0.057,-1,425.000,-1,375.000,-1,325.000,325.000,300.000,300.000,-1,-1,-1,-1,900.000,725.000,-1,-1,2,0,2,0,2,0,0,0,0,2,2,2,2,0,0,2,2
8,8915.219,-7750.681,-98.762,-73.685,0.281725,0.958922,-0.033162,-0.959238,0.280681,-0.032877,-0.022218,0.041072,0.998909,0,0.72000,0.02859,43.200,0.057,-1,425.000,-1,375.000,-1,325.000,325.000,300.000,300.000,-1,-1,-1,-1,900.000,725.000,-1,-1,2,0,2,0,2,0,0,0,0,2,2,2,2,0,0,2,2
9,8928.748,-7796.735,-99.761,-73.628,0.282676,0.958746,-0.030000,-0.958916,0.281668,-0.033818,-0.023973,0.038326,0.998978,0,0.80000,0.02859,48.000,0.057,-1,425.000,-1,375.000,-1,325.000,325.000,300.000,300.000,-1,-1,-1,-1,875.000,725.000,-1,-1,2,0,2,0,2,0,0,0,0,2,2,2,2,0,0,2,2
10,8943.680,-7847.380,-100.949,-73.571,0.283612,0.958570,-0.026605,-0.958593,0.282656,-0.034709,-0.025751,0.035347,0.999043,0,0.88000,0.02859,52.800,0.057,-1,425.000,-1,375.000,-1,325.000,325.000,300.000,300.000,-1,-1,-1,-1,875.000,725.000,-1,-1,2,0,2,0,2,0,0,0,0,2,2,2,2,0,0,2,2
11,8959.462,-7900.709,-102.268,-73.513,0.284531,0.958391,-0.022976,-0.958270,0.283643,-0.035559,-0.027562,0.032135,0.999103,0,0.92693,0.02859,55.616,0.057,-1,400.000,-1,375.000,-1,325.000,325.000,300.000,300.000,-1,-1,-1,-1,850.000,725.000,-1,-1,2,0,2,0,2,0,0,0,0,2,2,2,2,0,0,2,2
12,8975.297,-7954.023,-103.721,-73.456,0.285429,0.958208,-0.019197,-0.957955,0.284629,-0.036176,-0.029200,0.028715,0.999161,0,0.92693,0.02859,55.616,0.057,-1,400.000,-1,375.000,-1,325.000,325.000,300.000,300.000,-1,-1,-1,-1,825.000,700.000,-1,-1,2,0,2,0,2,0,0,0,0,2,2,2,2,0,0,2,2
13,8991.186,-8007.321,-105.055,-73.399,0.286323,0.957991,-0.016506,-0.957668,0.285605,-0.036078,-0.029848,0.026137,0.999213,0,0.92693,0.02859,55.616,0.057,-1,400.000,-1,375.000,-1,325.000,325.000,300.000,300.000,-1,-1,-1,-1,825.000,700.000,-1,-1,2,0,2,0,2,0,0,0,0,2,2,2,2,0,0,2,2
14,9005.549,-8056.065,-106.314,-73.582,0.283216,0.958946,-0.014526,-0.958574,0.282561,-0.035995,-0.030413,0.024119,0.999246,0,0.84693,-0.09141,50.816,-0.183,-1,400.000,-1,375.000,-1,325.000,325.000,300.000,300.000,-1,-1,-1,-1,825.000,700.000,-1,-1,2,0,2,0,2,0,0,0,0,2,2,2,2,0,0,2,2
15,9018.228,-8100.300,-107.516,-74.005,0.276088,0.961047,-0.012850,-0.960633,0.275489,-0.035925,-0.030986,0.022262,0.999272,0,0.76693,-0.21141,46.016,-0.423,-1,400.000,-1,375.000,-1,325.000,325.000,300.000,300.000,-1,-1,-1,-1,825.000,700.000,-1,-1,2,0,2,0,2,0,0,0,0,2,2,2,2,0,0,2,2
16,9029.126,-8140.049,-108.620,-74.668,0.264907,0.964207,-0.011367,-0.963760,0.264363,-0.035760,-0.031475,0.020428,0.999296,0,0.68693,-0.33141,41.216,-0.663,-1,400.000,-1,375.000,-1,325.000,325.000,300.000,300.000,-1,-1,-1,-1,825.000,700.000,-1,-1,2,0,2,0,2,0,0,0,0,2,2,2,2,0,0,2,2
17,9038.328,-8175.315,-109.627,-75.375,0.252933,0.967431,-0.010067,-0.966960,0.252440,-0.035538,-0.031840,0.018723,0.999318,0,0.60744,-0.35390,36.447,-0.708,-1,400.000,-1,375.000,-1,325.000,325.000,325.000,300.000,-1,-1,-1,-1,825.000,700.000,-1,-1,2,0,2,0,2,0,0,0,0,2,2,2,2,0,0,2,2
18,9047.094,-8210.691,-110.670,-76.083,0.240918,0.970506,-0.008778,-0.970014,0.240478,-0.035256,-0.032105,0.017009,0.999340,0,0.60744,-0.35390,36.447,-0.708,-1,400.000,-1,375.000,-1,325.000,325.000,325.000,300.000,-1,-1,-1,-1,800.000,700.000,-1,-1,2,0,2,0,2,0,0,0,0,2,2,2,2,0,0,2,2
19,9055.421,-8246.174,-111.747,-76.791,0.228865,0.973429,-0.007499,-0.972923,0.228477,-0.034913,-0.032272,0.015286,0.999362,0,0.60744,-0.35390,36.447,-0.708,-1,400.000,-1,375.000,-1,325.000,325.000,325.000,300.000,-1,-1,-1,-1,800.000,700.000,-1,-1,2,0,2,0,2,0,0,0,0,2,2,2,2,0,0,2,2
20,9063.310,-8281.756,-112.857,-77.499,0.216775,0.976202,-0.006225,-0.975686,0.216440,-0.034514,-0.032345,0.013556,0.999385,0,0.60744,-0.35390,36.447,-0.708,-1,400.000,-1,375.000,-1,325.000,325.000,325.000,300.000,-1,-1,-1,-1,800.000,700.000,-1,-1,2,0,2,0,2,0,0,0,0,2,2,2,2,0,0,2,2
21,9070.759,-8317.433,-113.999,-78.207,0.204650,0.978823,-0.004955,-0.978301,0.204369,-0.034061,-0.032327,0.011818,0.999407,0,0.60744,-0.35390,36.447,-0.708,-1,400.000,-1,375.000,-1,325.000,325.000,325.000,300.000,-1,-1,-1,-1,800.000,700.000,-1,-1,2,0,2,0,2,0,0,0,0,2,2,2,2,0,0,2,2
22,9077.767,-8353.200,-115.171,-78.914,0.192494,0.981291,-0.003687,-0.980769,0.192266,-0.033555,-0.032218,0.010076,0.999430,0,0.60744,-0.35390,36.447,-0.708,-1,400.000,-1,375.000,-1,325.000,325.000,325.000,300.000,-1,-1,-1,-1,800.000,700.000,-1,-1,2,0,2,0,2,0,0,0,0,2,2,2,2,0,0,2,2
23,9084.332,-8389.050,-116.371,-79.622,0.180308,0.983607,-0.002419,-0.983089,0.180132,-0.033001,-0.032024,0.008328,0.999452,0,0.60744,-0.35390,36.447,-0.708,-1,400.000,-1,375.000,-1,325.000,325.000,325.000,300.000,-1,-1,-1,-1,800.000,700.000,-1,-1,2,0,2,0,2,0,0,0,0,2,2,2,2,0,0,2,2
24,9090.454,-8424.979,-117.598,-80.330,0.168095,0.985770,-0.001148,-0.985260,0.167970,-0.032400,-0.031746,0.006577,0.999474,0,0.60744,-0.35390,36.447,-0.708,-1,400.000,-1,375.000,-1,325.000,325.000,325.000,300.000,-1,-1,-1,-1,800.000,700.000,-1,-1,2,0,2,0,2,0,0,0,0,2,2,2,2,0,0,2,2
25,9096.132,-8460.980,-118.851,-81.038,0.155856,0.987780,0.000128,-0.987281,0.155781,-0.031756,-0.031388,0.004823,0.999496,0,0.60744,-0.35390,36.447,-0.708,-1,400.000,-1,375.000,-1,325.000,325.000,325.000,300.000,-1,-1,-1,-1,775.000,700.000,-1,-1,2,0,2,0,2,0,0,0,0,2,2,2,2,0,0,2,2
26,9101.365,-8497.049,-120.114,-81.746,0.143593,0.989636,0.001463,-0.989151,0.143568,-0.031104,-0.030992,0.003019,0.999515,0,0.60744,-0.35390,36.447,-0.708,-1,400.000,-1,375.000,-1,325.000,325.000,325.000,300.000,-1,-1,-1,-1,775.000,700.000,-1,-1,2,0,2,0,2,0,0,0,0,2,2,2,2,0,0,2,2
27,9106.152,-8533.180,-121.265,-82.453,0.131294,0.991338,0.003259,-0.990883,0.131333,-0.030044,-0.030211,0.000715,0.999543,0,0.60744,-0.35390,36.447,-0.708,-1,400.000,-1,375.000,-1,325.000,325.000,300.000,325.000,-1,-1,-1,-1,775.000,700.000,-1,-1,2,0,2,0,2,0,0,0,0,2,2,2,2,0,0,2,2
28,9110.492,-8569.367,-122.300,-83.161,0.118992,0.992884,0.004616,-0.992450,0.119077,-0.029380,-0.029720,-0.001085,0.999558,0,0.60744,-0.35390,36.447,-0.708,-1,400.000,-1,375.000,-1,325.000,325.000,300.000,325.000,-1,-1,-1,-1,775.000,700.000,-1,-1,2,0,2,0,2,0,0,0,0,2,2,2,2,0,0,2,2
29,9115.069,-8610.359,-123.302,-83.629,0.110857,0.993822,0.005358,-0.993405,0.110966,-0.028868,-0.029285,-0.002122,0.999569,0,0.68744,-0.23390,41.247,-0.468,-1,400.000,-1,375.000,-1,325.000,325.000,300.000,325.000,-1,775.000,-1,-1,775.000,700.000,-1,-1,2,0,2,0,2,0,0,0,0,2,0,2,2,0,0,2,2
30,9119.996,-8656.141,-124.443,-83.857,0.106882,0.994253,0.006146,-0.993856,0.107014,-0.028261,-0.028756,-0.003087,0.999582,0,0.76744,-0.11390,46.047,-0.228,-1,400.000,-1,375.000,-1,325.000,325.000,300.000,325.000,-1,750.000,-1,-1,775.000,700.000,-1,-1,2,0,2,0,2,0,0,0,0,2,0,2,2,0,0,2,2
31,9124.935,-8701.935,-125.604,-83.845,0.107074,0.994227,0.006898,-0.993851,0.107225,-0.027629,-0.028210,-0.003898,0.999594,0,0.76766,0.00610,46.059,0.012,-1,400.000,-1,375.000,-1,325.000,325.000,300.000,325.000,-1,750.000,-1,-1,750.000,675.000,-1,-1,2,0,2,0,2,0,0,0,0,2,0,2,2,0,0,2,2
32,9129.958,-8747.720,-126.780,-83.740,0.108876,0.994026,0.007628,-0.993670,0.109044,-0.026991,-0.027661,-0.004641,0.999607,0,0.76766,0.05241,46.059,0.105,-1,400.000,-1,375.000,-1,325.000,325.000,325.000,325.000,-1,775.000,-1,-1,750.000,675.000,-1,-1,2,0,2,0,2,0,0,0,0,2,0,2,2,0,0,2,2
33,9135.064,-8793.495,-127.971,-83.635,0.110679,0.993821,0.008323,-0.993487,0.110862,-0.026342,-0.027102,-0.005354,0.999618,0,0.76766,0.05241,46.059,0.105,-1,400.000,-1,375.000,-1,325.000,325.000,325.000,325.000,-1,775.000,-1,-1,750.000,675.000,-1,-1,2,0,2,0,2,0,0,0,0,2,0,2,2,0,0,2,2
34,9140.254,-8839.261,-129.190,-83.530,0.112484,0.993613,0.008941,-0.993300,0.112680,-0.025657,-0.026501,-0.005995,0.999631,0,0.76766,0.05241,46.059,0.105,-1,400.000,-1,375.000,-1,325.000,325.000,325.000,325.000,-1,775.000,-1,-1,750.000,675.000,-1,-1,2,0,2,0,2,0,0,0,0,2,0,2,2,0,0,2,2
35,9145.528,-8885.018,-130.417,-83.425,0.114290,0.993401,0.009558,-0.993109,0.114497,-0.024985,-0.025914,-0.006636,0.999642,0,0.76766,0.05241,46.059,0.105,-1,400.000,-1,375.000,-1,325.000,325.000,325.000,325.000,-1,775.000,-1,-1,750.000,675.000,-1,-1,2,0,2,0,2,0,0,0,0,2,0,2,2,0,0,2,2
36,9150.886,-8930.765,-131.652,-83.320,0.116096,0.993186,0.010172,-0.992915,0.116314,-0.024324,-0.025341,-0.007276,0.999652,0,0.76766,0.05241,46.059,0.105,-1,400.000,-1,375.000,-1,325.000,325.000,325.000,300.000,-1,800.000,-1,-1,750.000,675.000,-1,-1,2,0,2,0,2,0,0,0,0,2,0,2,2,0,0,2,2
37,9156.327,-8976.501,-132.896,-83.216,0.117903,0.992967,0.010785,-0.992716,0.118130,-0.023675,-0.024783,-0.007915,0.999662,0,0.76766,0.05241,46.059,0.105,-1,400.000,-1,375.000,-1,325.000,325.000,325.000,300.000,-1,800.000,-1,-1,750.000,650.000,-1,-1,2,0,2,0,2,0,0,0,0,2,0,2,2,0,0,2,2
38,9161.852,-9022.228,-134.149,-83.111,0.119710,0.992744,0.011397,-0.992513,0.119946,-0.023039,-0.024239,-0.008553,0.999670,0,0.76766,0.05241,46.059,0.105,-1,400.000,-1,375.000,-1,325.000,300.000,325.000,300.000,-1,800.000,-1,-1,750.000,650.000,-1,-1,2,0,2,0,2,0,0,0,0,2,0,2,2,0,0,2,2
39,9167.798,-9070.143,-135.474,-82.926,0.122897,0.992347,0.012030,-0.992136,0.123142,-0.022386,-0.023696,-0.009184,0.999677,0,0.80470,0.09227,48.282,0.185,-1,375.000,-1,375.000,-1,325.000,300.000,325.000,300.000,-1,800.000,-1,-1,750.000,650.000,-1,-1,2,0,2,0,2,0,0,0,0,2,0,2,2,0,0,2,2
40,9173.898,-9118.038,-136.810,-82.742,0.126084,0.991939,0.012659,-0.991749,0.126337,-0.021750,-0.023174,-0.009813,0.999683,0,0.80470,0.09227,48.282,0.185,-1,375.000,-1,375.000,-1,300.000,300.000,325.000,300.000,-1,825.000,-1,-1,750.000,650.000,-1,-1,2,0,2,0,2,0,0,0,0,2,0,2,2,0,0,2,2
41,9180.153,-9165.914,-138.000,-82.557,0.129255,0.991514,0.013873,-0.991350,0.129530,-0.021148,-0.022765,-0.011019,0.999680,0,0.80470,0.09227,48.282,0.185,-1,375.000,-1,375.000,-1,300.000,300.000,325.000,300.000,-1,850.000,-1,-1,750.000,650.000,-1,-1,2,0,2,0,2,0,0,0,0,2,0,2,2,0,0,2,2
42,9186.562,-9213.769,-138.829,-82.373,0.132406,0.991061,0.016309,-0.990955,0.132718,-0.019856,-0.021843,-0.013532,0.999670,0,0.80470,0.09227,48.282,0.185,-1,375.000,-1,375.000,-1,300.000,300.000,325.000,300.000,-1,850.000,-1,-1,750.000,650.000,-1,-1,2,0,2,0,2,0,0,0,0,2,0,2,2,0,0,2,2
43,9193.125,-9261.603,-139.385,-82.188,0.135593,0.990610,0.017492,-0.990554,0.135907,-0.018247,-0.020453,-0.014852,0.999680,0,0.80470,0.09227,48.282,0.185,-1,375.000,-1,375.000,-1,300.000,300.000,325.000,325.000,-1,850.000,-1,-1,750.000,650.000,-1,-1,2,0,2,0,2,0,0,0,0,2,0,2,2,0,0,2,2
44,9199.842,-9309.415,-139.904,-82.004,0.138789,0.990151,0.018415,-0.990142,0.139095,-0.016497,-0.018896,-0.015944,0.999694,0,0.80470,0.09227,48.282,0.185,-1,375.000,-1,375.000,-1,300.000,300.000,325.000,325.000,-1,825.000,975.000,-1,750.000,650.000,-1,-1,2,0,2,0,2,0,0,0,0,2,0,0,2,0,0,2,2
45,9206.712,-9357.206,-140.493,-81.819,0.141980,0.989676,0.019569,-0.989714,0.142280,-0.014897,-0.017528,-0.017253,0.999698,0,0.80470,0.09227,48.282,0.185,-1,375.000,-1,375.000,1000.000,300.000,300.000,325.000,325.000,-1,800.000,950.000,-1,750.000,650.000,-1,-1,2,0,2,0,0,0,0,0,0,2,0,0,2,0,0,2,2
46,9213.737,-9404.975,-141.103,-81.634,0.145172,0.989189,0.020721,-0.989274,0.145463,-0.013309,-0.016179,-0.018567,0.999697,0,0.80470,0.09227,48.282,0.185,-1,375.000,-1,375.000,1000.000,325.000,300.000,325.000,325.000,-1,750.000,950.000,-1,775.000,650.000,-1,-1,2,0,2,0,0,0,0,0,0,2,0,0,2,0,0,2,2
47,9220.916,-9452.720,-141.733,-81.450,0.148366,0.988691,0.021870,-0.988821,0.148645,-0.011732,-0.014850,-0.019885,0.999692,0,0.80470,0.09227,48.282,0.185,-1,400.000,-1,375.000,1000.000,325.000,300.000,325.000,325.000,-1,725.000,900.000,-1,775.000,650.000,-1,-1,2,0,2,0,0,0,0,0,0,2,0,0,2,0,0,2,2
48,9228.248,-9500.442,-142.385,-81.265,0.151561,0.988180,0.023016,-0.988355,0.151824,-0.010166,-0.013541,-0.021207,0.999683,0,0.80470,0.09227,48.282,0.185,-1,400.000,-1,375.000,1000.000,325.000,300.000,350.000,325.000,-1,675.000,850.000,-1,775.000,650.000,-1,-1,2,0,2,0,0,0,0,0,0,2,0,0,2,0,0,2,2
49,9235.734,-9548.141,-143.058,-81.081,0.154757,0.987657,0.024160,-0.987877,0.155002,-0.008612,-0.012251,-0.022534,0.999671,0,0.80470,0.09227,48.282,0.185,-1,400.000,-1,375.000,975.000,325.000,300.000,350.000,325.000,-1,650.000,825.000,-1,775.000,650.000,-1,-1,2,0,2,0,0,0,0,0,0,2,0,0,2,0,0,2,2
50,9243.374,-9595.815,-143.753,-80.896,0.157954,0.987122,0.025302,-0.987385,0.158177,-0.007070,-0.010981,-0.023866,0.999655,0,0.80470,0.09227,48.282,0.185,-1,400.000,-1,375.000,975.000,325.000,300.000,350.000,300.000,-1,625.000,775.000,-1,775.000,625.000,-1,-1,2,0,2,0,0,0,0,0,0,2,0,0,2,0,0,2,2
51,9251.167,-9643.464,-144.471,-80.712,0.161152,0.986575,0.026441,-0.986882,0.161350,-0.005540,-0.009732,-0.025202,0.999635,0,0.80470,0.09227,48.282,0.185,-1,400.000,-1,375.000,975.000,325.000,300.000,350.000,300.000,-1,600.000,750.000,-1,775.000,625.000,-1,-1,2,0,2,0,0,0,0,0,0,2,0,0,2,0,0,2,2
52,9259.114,-9691.088,-145.212,-80.527,0.164351,0.986016,0.027579,-0.986365,0.164521,-0.004022,-0.008503,-0.026542,0.999612,0,0.80470,0.09227,48.282,0.185,-1,400.000,-1,375.000,975.000,300.000,300.000,350.000,300.000,-1,600.000,725.000,-1,775.000,625.000,-1,-1,2,0,2,0,0,0,0,0,0,2,0,0,2,0,0,2,2
53,9267.214,-9738.686,-145.977,-80.343,0.167550,0.985445,0.028715,-0.985837,0.167690,-0.002515,-0.007294,-0.027887,0.999584,0,0.80470,0.09227,48.282,0.185,-1,400.000,-1,350.000,950.000,300.000,300.000,325.000,300.000,-1,575.000,725.000,-1,775.000,625.000,-1,-1,2,0,2,0,0,0,0,0,0,2,0,0,2,0,0,2,2
54,9276.069,-9791.024,-146.782,-80.398,0.166625,0.985561,0.030103,-0.986002,0.166728,-0.000925,-0.005931,-0.029528,0.999546,0,0.88470,-0.02773,53.082,-0.055,-1,400.000,-1,350.000,950.000,300.000,300.000,325.000,300.000,-1,525.000,700.000,-1,775.000,625.000,-1,-1,2,0,2,0,0,0,0,0,0,2,0,0,2,0,0,2,2
55,9284.996,-9845.495,-146.975,-80.694,0.161566,0.986280,0.033891,-0.986852,0.161623,0.001067,-0.004425,-0.033618,0.999425,0,0.91997,-0.14773,55.198,-0.295,-1,375.000,-1,350.000,975.000,300.000,300.000,325.000,300.000,-1,500.000,700.000,-1,775.000,625.000,-1,-1,2,0,2,0,0,0,0,0,0,2,0,0,2,0,0,2,2
56,9293.520,-9900.031,-146.810,-81.118,0.154289,0.987330,0.037066,-0.988022,0.154289,0.002872,-0.002883,-0.037065,0.999309,0,0.91997,-0.21234,55.198,-0.425,-1,375.000,-1,350.000,1000.000,300.000,300.000,325.000,300.000,-1,500.000,700.000,-1,775.000,625.000,-1,-1,2,0,2,0,0,0,0,0,0,2,0,0,2,0,0,2,2
57,9301.639,-9954.629,-146.364,-81.543,0.147038,0.988362,0.038994,-0.989131,0.146954,0.005009,-0.000779,-0.039306,0.999227,0,0.91997,-0.21234,55.198,-0.425,-1,400.000,-1,350.000,-1,300.000,300.000,325.000,325.000,-1,500.000,675.000,-1,775.000,650.000,-1,-1,2,0,2,0,2,0,0,0,0,2,0,0,2,0,0,2,2
58,9309.353,-10009.285,-145.922,-81.968,0.139788,0.989336,0.040910,-0.990180,0.139612,0.007150,0.001362,-0.041508,0.999137,0,0.91997,-0.21234,55.198,-0.425,-1,400.000,-1,375.000,-1,300.000,300.000,325.000,325.000,-1,500.000,650.000,-1,775.000,650.000,-1,-1,2,0,2,0,2,0,0,0,0,2,0,0,2,0,0,2,2
59,9316.661,-10063.997,-145.478,-82.392,0.132542,0.990252,0.042813,-0.991171,0.132263,0.009290,0.003537,-0.043666,0.999040,0,0.91997,-0.21234,55.198,-0.425,-1,400.000,-1,375.000,-1,325.000,300.000,325.000,325.000,-1,500.000,650.000,-1,775.000,650.000,-1,-1,2,0,2,0,2,0,0,0,0,2,0,0,2,0,0,2,2
60,9323.564,-10118.762,-145.033,-82.817,0.125298,0.991111,0.044705,-0.992103,0.124908,0.011431,0.005745,-0.045784,0.998935,0,0.91997,-0.21234,55.198,-0.425,-1,400.000,-1,375.000,-1,325.000,300.000,325.000,325.000,-1,500.000,625.000,-1,775.000,650.000,-1,-1,2,0,2,0,2,0,0,0,0,2,0,0,2,0,0,2,2
61,9330.061,-10173.577,-144.585,-83.242,0.118058,0.991913,0.046588,-0.992975,0.117546,0.013573,0.007987,-0.047864,0.998822,0,0.91997,-0.21234,55.198,-0.425,-1,400.000,-1,375.000,-1,325.000,300.000,350.000,325.000,-1,500.000,625.000,-1,800.000,675.000,-1,-1,2,0,2,0,2,0,0,0,0,2,0,0,2,0,0,2,2
62,9336.151,-10228.438,-144.130,-83.666,0.110821,0.992658,0.048467,-0.993787,0.110180,0.015716,0.010261,-0.049907,0.998701,0,0.91997,-0.21234,55.198,-0.425,-1,400.000,-1,375.000,-1,325.000,300.000,325.000,300.000,-1,500.000,625.000,-1,800.000,675.000,-1,-1,2,0,2,0,2,0,0,0,0,2,0,0,2,0,0,2,2
63,9341.834,-10283.343,-143.669,-84.091,0.103589,0.993345,0.050342,-0.994541,0.102809,0.017862,0.012568,-0.051918,0.998572,0,0.91997,-0.21234,55.198,-0.425,-1,400.000,-1,375.000,-1,325.000,300.000,325.000,300.000,-1,500.000,625.000,-1,800.000,675.000,-1,-1,2,0,2,0,2,0,0,0,0,2,0,0,2,0,0,2,2
64,9347.111,-10338.288,-143.198,-84.516,0.096362,0.993976,0.052218,-0.995235,0.095433,0.020011,0.014907,-0.053897,0.998435,0,0.91997,-0.21234,55.198,-0.425,-1,400.000,-1,375.000,-1,325.000,325.000,325.000,300.000,-1,450.000,600.000,-1,800.000,675.000,-1,-1,2,0,2,0,2,0,0,0,0,2,0,0,2,0,0,2,2
65,9351.980,-10393.271,-142.717,-84.940,0.089141,0.994549,0.054095,-0.995869,0.088054,0.022163,0.017279,-0.055847,0.998290,0,0.91997,-0.21234,55.198,-0.425,-1,400.000,-1,375.000,-1,325.000,325.000,325.000,300.000,-1,375.000,600.000,-1,800.000,700.000,-1,-1,2,0,2,0,2,0,0,0,0,2,0,0,2,0,0,2,2
66,9356.441,-10448.289,-142.224,-85.365,0.081925,0.995065,0.055978,-0.996444,0.080671,0.024319,0.019683,-0.057771,0.998136,0,0.91997,-0.21234,55.198,-0.425,-1,400.000,-1,375.000,-1,325.000,325.000,325.000,300.000,-1,325.000,550.000,-1,825.000,700.000,-1,-1,2,0,2,0,2,0,0,0,0,2,0,0,2,0,0,2,2
67,9360.495,-10503.338,-141.435,-85.790,0.074690,0.995463,0.058954,-0.996979,0.073280,0.025729,0.021293,-0.060697,0.997929,0,0.91997,-0.21234,55.198,-0.425,-1,400.000,-1,375.000,-1,325.000,325.000,325.000,300.000,-1,325.000,525.000,-1,825.000,700.000,-1,-1,2,0,2,0,2,0,0,0,0,2,0,0,2,0,0,2,2
68,9364.141,-10558.415,-140.183,-86.214,0.067372,0.995845,0.061271,-0.997491,0.065891,0.025879,0.021734,-0.062861,0.997786,0,0.91997,-0.21234,55.198,-0.425,-1,400.000,-1,375.000,-1,325.000,325.000,325.000,300.000,-1,375.000,575.000,-1,825.000,700.000,-1,-1,2,0,2,0,2,0,0,0,0,2,0,0,2,0,0,2,2
69,9367.378,-10613.518,-138.889,-86.639,0.060050,0.996177,0.063443,-0.997948,0.058500,0.026013,0.022202,-0.064875,0.997646,0,0.91997,-0.21234,55.198,-0.425,-1,400.000,-1,375.000,-1,325.000,325.000,325.000,300.000,-1,400.000,625.000,-1,825.000,725.000,-1,-1,2,0,2,0,2,0,0,0,0,2,0,0,2,0,0,2,2
70,9370.207,-10668.644,-137.574,-87.064,0.052729,0.996454,0.065574,-0.998351,0.051108,0.026146,0.022702,-0.066845,0.997505,0,0.91997,-0.21234,55.198,-0.425,-1,400.000,-1,375.000,-1,325.000,325.000,325.000,300.000,-1,450.000,675.000,-1,825.000,725.000,-1,-1,2,0,2,0,2,0,0,0,0,2,0,0,2,0,0,2,2
71,9372.627,-10723.789,-136.238,-87.489,0.045407,0.996674,0.067671,-0.998698,0.043715,0.026278,0.023232,-0.068777,0.997362,0,0.91997,-0.21234,55.198,-0.425,-1,400.000,-1,375.000,-1,325.000,325.000,325.000,300.000,-1,500.000,725.000,-1,825.000,750.000,-1,-1,2,0,2,0,2,0,0,0,0,2,0,0,2,0,0,2,2
72,9374.639,-10778.951,-134.880,-87.913,0.038087,0.996838,0.069742,-0.998991,0.036322,0.026408,0.023791,-0.070677,0.997215,0,0.91997,-0.21234,55.198,-0.425,-1,400.000,-1,375.000,-1,325.000,325.000,325.000,300.000,-1,525.000,775.000,-1,825.000,750.000,-1,-1,2,0,2,0,2,0,0,0,0,2,0,0,2,0,0,2,2
73,9376.461,-10833.792,-133.523,-88.098,0.034932,0.996812,0.071733,-0.999100,0.033104,0.026519,0.024060,-0.072595,0.997071,0,0.91452,-0.09234,54.871,-0.185,-1,400.000,-1,375.000,-1,325.000,325.000,300.000,300.000,-1,575.000,825.000,-1,825.000,750.000,-1,-1,2,0,2,0,2,0,0,0,0,2,0,0,2,0,0,2,2
74,9378.337,-10888.631,-132.175,-88.043,0.035941,0.996636,0.073655,-0.999065,0.034061,0.026619,0.024020,-0.074543,0.996928,0,0.91452,0.02766,54.871,0.055,-1,400.000,-1,375.000,-1,325.000,325.000,300.000,300.000,-1,625.000,875.000,-1,825.000,775.000,-1,-1,2,0,2,0,2,0,0,0,0,2,0,0,2,0,0,2,2
75,9380.496,-10943.460,-130.854,-87.747,0.041110,0.996298,0.075498,-0.998875,0.039192,0.026709,0.023651,-0.076511,0.996788,0,0.91452,0.14766,54.871,0.295,-1,425.000,-1,400.000,-1,325.000,325.000,300.000,300.000,-1,675.000,950.000,-1,800.000,775.000,-1,-1,2,0,2,0,2,0,0,0,0,2,0,0,2,0,0,2,2
76,9383.167,-10998.266,-129.578,-87.212,0.050431,0.995736,0.077249,-0.998464,0.048491,0.026792,0.022931,-0.078482,0.996652,0,0.91452,0.26766,54.871,0.535,-1,425.000,-1,400.000,-1,325.000,325.000,300.000,300.000,-1,750.000,-1,-1,800.000,800.000,-1,-1,2,0,2,0,2,0,0,0,0,2,0,2,2,0,0,2,2
77,9386.579,-11053.031,-128.367,-86.437,0.063896,0.994833,0.078890,-0.997718,0.061951,0.026863,0.021837,-0.080427,0.996521,0,0.91452,0.38766,54.871,0.775,-1,425.000,-1,400.000,-1,350.000,325.000,300.000,300.000,-1,825.000,-1,-1,800.000,800.000,-1,-1,2,0,2,0,2,0,0,0,0,2,0,2,2,0,0,2,2
78,9390.962,-11107.727,-127.244,-85.421,0.081486,0.993427,0.080397,-0.996467,0.079557,0.026916,0.020343,-0.082307,0.996399,0,0.91452,0.50766,54.871,1.015,-1,425.000,-1,400.000,-1,350.000,325.000,300.000,300.000,-1,925.000,-1,-1,800.000,825.000,-1,-1,2,0,2,0,2,0,0,0,0,2,0,2,2,0,0,2,2
79,9396.540,-11162.313,-126.444,-84.166,0.103111,0.991364,0.081029,-0.994510,0.101293,0.026243,0.017809,-0.083290,0.996366,0,0.91452,0.62766,54.871,1.255,-1,400.000,-1,400.000,-1,350.000,325.000,300.000,300.000,-1,-1,-1,-1,800.000,850.000,-1,-1,2,0,2,0,2,0,0,0,0,2,2,2,2,0,0,2,2
80,9403.340,-11216.760,-125.928,-82.882,0.125097,0.988829,0.081048,-0.992039,0.123473,0.024775,0.014491,-0.083502,0.996402,0,0.91452,0.64179,54.871,1.284,-1,400.000,-1,400.000,-1,350.000,350.000,300.000,275.000,-1,-1,-1,-1,775.000,850.000,-1,-1,2,0,2,0,2,0,0,0,0,2,2,2,2,0,0,2,2
81,9411.358,-11271.042,-125.523,-81.599,0.147017,0.985800,0.081145,-0.989072,0.145590,0.023253,0.011109,-0.083677,0.996431,0,0.91452,0.64179,54.871,1.284,-1,400.000,-1,400.000,-1,325.000,350.000,300.000,275.000,-1,-1,-1,-1,775.000,850.000,-1,-1,2,0,2,0,2,0,0,0,0,2,2,2,2,0,0,2,2
82,9420.618,-11325.302,-125.209,-80.316,0.168854,0.982289,0.081218,-0.985611,0.167626,0.021760,0.007760,-0.083724,0.996459,0,0.91742,0.64150,55.045,1.283,-1,400.000,-1,400.000,-1,325.000,350.000,300.000,275.000,-1,-1,-1,-1,750.000,850.000,-1,-1,2,0,2,0,2,0,0,0,0,2,2,2,2,0,0,2,2
83,9431.170,-11379.759,-124.989,-79.035,0.190577,0.978304,0.081245,-0.981662,0.189546,0.020295,0.004455,-0.083623,0.996488,0,0.92453,0.64051,55.472,1.281,-1,400.000,-1,400.000,-1,325.000,350.000,300.000,275.000,-1,-1,-1,-1,750.000,850.000,-1,-1,2,0,2,0,2,0,0,0,0,2,2,2,2,0,0,2,2
84,9443.024,-11434.383,-124.866,-77.757,0.212164,0.973854,0.081203,-0.977233,0.211327,0.018861,0.001208,-0.083356,0.996519,0,0.93161,0.63913,55.896,1.278,-1,400.000,-1,400.000,-1,325.000,350.000,300.000,275.000,-1,-1,-1,-1,750.000,850.000,-1,-1,2,0,2,0,2,0,0,0,0,2,2,2,2,0,0,2,2
85,9456.188,-11489.140,-124.841,-76.482,0.233593,0.968949,0.081068,-0.972332,0.232948,0.017462,-0.001964,-0.082904,0.996556,0,0.93864,0.63735,56.318,1.275,-1,400.000,-1,425.000,-1,325.000,325.000,300.000,275.000,-1,-1,-1,-1,725.000,850.000,-1,-1,2,0,2,0,2,0,0,0,0,2,2,2,2,0,0,2,2
86,9469.348,-11538.948,-124.912,-75.200,0.255041,0.963545,0.080841,-0.966918,0.254574,0.016205,-0.004966,-0.082300,0.996595,0,0.85864,0.64078,51.518,1.282,-1,375.000,-1,425.000,-1,325.000,325.000,300.000,275.000,-1,-1,-1,-1,725.000,850.000,-1,-1,2,0,2,0,2,0,0,0,0,2,2,2,2,0,0,2,2
87,9482.284,-11583.839,-125.061,-73.924,0.276295,0.957692,0.080544,-0.961041,0.275994,0.015078,-0.007789,-0.081572,0.996637,0,0.77864,0.63830,46.718,1.277,-1,375.000,-1,425.000,-1,325.000,325.000,300.000,275.000,-1,-1,-1,-1,725.000,850.000,-1,-1,2,0,2,0,2,0,0,0,0,2,2,2,2,0,0,2,2
88,9494.782,-11623.850,-125.271,-72.653,0.297341,0.951397,0.080198,-0.954714,0.297192,0.014068,-0.010449,-0.080749,0.996680,0,0.69864,0.63560,41.918,1.271,-1,375.000,-1,425.000,-1,325.000,325.000,300.000,300.000,-1,-1,-1,-1,700.000,850.000,-1,975.000,2,0,2,0,2,0,0,0,0,2,2,2,2,0,1,2,1
89,9506.629,-11659.026,-125.525,-71.387,0.318163,0.944669,0.079829,-0.947947,0.318155,0.013166,-0.012961,-0.079863,0.996722,0,0.61864,0.63276,37.118,1.266,-1,375.000,-1,425.000,1000.000,325.000,325.000,300.000,300.000,-1,-1,-1,-1,700.000,825.000,-1,925.000,2,0,2,0,1,0,0,0,0,2,2,2,2,0,1,2,1
90,9517.614,-11689.419,-125.806,-70.127,0.338748,0.937515,0.079467,-0.940752,0.338870,0.012362,-0.015339,-0.078947,0.996761,0,0.53864,0.62984,32.318,1.260,-1,375.000,1000.000,425.000,950.000,325.000,325.000,300.000,300.000,-1,-1,-1,-1,700.000,800.000,-1,875.000,2,0,1,0,1,0,0,0,0,2,2,2,2,0,1,2,1
91,9527.531,-11715.087,-126.271,-68.874,0.359137,0.929990,0.078353,-0.933128,0.359347,0.011900,-0.017089,-0.077387,0.996855,0,0.45864,0.62689,27.518,1.254,-1,375.000,1000.000,425.000,900.000,325.000,325.000,300.000,300.000,-1,-1,-1,-1,700.000,775.000,-1,850.000,2,0,1,0,1,0,0,0,0,2,2,2,2,0,1,2,1
92,9536.177,-11736.095,-126.741,-67.626,0.379276,0.922055,0.077233,-0.925095,0.379562,0.011511,-0.018701,-0.075813,0.996947,0,0.37864,0.62399,22.718,1.248,-1,375.000,975.000,425.000,850.000,325.000,325.000,300.000,300.000,-1,-1,-1,-1,675.000,750.000,-1,825.000,2,0,1,0,1,0,0,0,0,2,2,2,2,0,1,2,1
93,9543.354,-11752.512,-127.198,-66.383,0.399138,0.913716,0.076237,-0.916663,0.399512,0.010945,-0.020457,-0.074253,0.997030,0,0.29864,0.62120,17.918,1.242,-1,375.000,975.000,400.000,825.000,325.000,325.000,300.000,300.000,-1,-1,-1,-1,675.000,750.000,-1,800.000,2,0,1,0,1,0,0,0,0,2,2,2,2,0,1,2,1
94,9548.867,-11764.415,-127.580,-65.146,0.418729,0.904968,0.075492,-0.907839,0.419189,0.010405,-0.022229,-0.072891,0.997092,0,0.21864,0.61858,13.118,1.237,-1,375.000,975.000,400.000,800.000,300.000,325.000,300.000,300.000,-1,-1,-1,-1,675.000,750.000,-1,800.000,2,0,1,0,1,0,0,0,0,2,2,2,2,0,1,2,1
95,9552.523,-11771.885,-127.858,-63.914,0.438048,0.895814,0.075039,-0.898632,0.438591,0.009972,-0.023978,-0.071801,0.997131,0,0.13864,0.61620,8.318,1.232,-1,375.000,975.000,400.000,775.000,300.000,325.000,300.000,300.000,-1,-1,-1,-1,675.000,725.000,-1,775.000,2,0,1,0,1,0,0,0,0,2,2,2,2,0,1,2,1
96,9554.131,-11775.014,-128.010,-62.794,0.455426,0.887119,0.074879,-0.889907,0.456040,0.009682,-0.025559,-0.071045,0.997146,0,0.05864,0.55995,3.518,1.120,-1,375.000,975.000,400.000,775.000,300.000,325.000,300.000,300.000,-1,-1,-1,-1,675.000,725.000,-1,775.000,2,0,1,0,1,0,0,0,0,2,2,2,2,0,1,2,1
97,9553.523,-11773.885,-128.028,-61.682,0.472493,0.878136,0.075016,-0.880917,0.473175,0.009532,-0.027125,-0.070587,0.997137,0,-0.02136,0.55566,-1.282,1.111,-1,375.000,1000.000,400.000,775.000,300.000,325.000,300.000,300.000,-1,-1,-1,-1,675.000,725.000,-1,775.000,2,0,1,0,1,0,0,0,0,2,2,2,2,0,1,2,1
98,9550.535,-11768.587,-127.896,-60.578,0.489276,0.868859,0.075448,-0.871657,0.490024,0.009539,-0.028683,-0.070432,0.997104,0,-0.10136,0.55238,-6.082,1.105,-1,375.000,-1,400.000,775.000,300.000,325.000,300.000,300.000,-1,-1,-1,-1,650.000,750.000,-1,775.000,2,0,2,0,1,0,0,0,0,2,2,2,2,0,1,2,1
99,9545.009,-11759.213,-127.599,-59.477,0.505803,0.859280,0.076172,-0.862119,0.506613,0.009718,-0.030239,-0.070585,0.997047,0,-0.18136,0.55017,-10.882,1.100,-1,375.000,-1,400.000,775.000,300.000,325.000,300.000,300.000,-1,-1,-1,-1,650.000,750.000,-1,800.000,2,0,2,0,1,0,0,0,0,2,2,2,2,0,1,2,1
100,9536.787,-11745.858,-127.120,-58.379,0.522101,0.849385,0.077179,-0.852291,0.522971,0.010085,-0.031796,-0.071044,0.996966,0,-0.26136,0.54908,-15.682,1.098,-1,375.000,-1,400.000,800.000,300.000,325.000,300.000,300.000,-1,-1,-1,-1,650.000,775.000,-1,825.000,2,0,2,0,1,0,0,0,0,2,2,2,2,0,1,2,1
101,9525.717,-11728.625,-126.444,-57.281,0.538199,0.839158,0.078457,-0.842157,0.539127,0.010652,-0.033360,-0.071806,0.996861,0,-0.34136,0.54916,-20.482,1.098,-1,350.000,-1,400.000,800.000,300.000,325.000,300.000,300.000,-1,-1,-1,-1,650.000,775.000,-1,825.000,2,0,2,0,1,0,0,0,0,2,2,2,2,0,0,2,1
102,9511.822,-11707.883,-125.627,-56.180,0.554117,0.828597,0.079884,-0.831698,0.555117,0.011135,-0.035119,-0.072610,0.996742,0,-0.41609,0.55042,-24.966,1.101,-1,350.000,-1,400.000,825.000,300.000,325.000,300.000,300.000,-1,-1,-1,-1,650.000,775.000,-1,850.000,2,0,2,0,1,0,0,0,0,2,2,2,2,0,0,2,1
103,9497.320,-11687.112,-124.752,-55.074,0.569896,0.817684,0.081308,-0.820889,0.570968,0.011678,-0.036875,-0.073400,0.996621,0,-0.42219,0.55280,-25.332,1.106,-1,350.000,-1,400.000,850.000,300.000,325.000,300.000,300.000,-1,-1,-1,-1,650.000,775.000,-1,875.000,2,0,2,0,1,0,0,0,0,2,2,2,2,0,0,2,1
104,9482.204,-11666.333,-123.818,-53.964,0.585534,0.806416,0.082722,-0.809727,0.586678,0.012281,-0.038628,-0.074173,0.996497,0,-0.42826,0.55538,-25.696,1.111,-1,350.000,-1,400.000,875.000,300.000,325.000,300.000,300.000,-1,-1,-1,-1,650.000,775.000,-1,900.000,2,0,2,0,1,0,0,0,0,2,2,2,2,0,0,2,1
105,9466.467,-11645.563,-122.713,-52.847,0.601013,0.794815,0.083985,-0.798201,0.602264,0.012393,-0.040731,-0.074485,0.996390,0,-0.43429,0.55816,-26.058,1.116,-1,350.000,-1,400.000,900.000,300.000,300.000,300.000,300.000,-1,-1,-1,-1,625.000,750.000,-1,950.000,2,0,2,0,1,0,0,0,0,2,2,2,2,0,0,2,1
106,9450.103,-11624.823,-121.552,-51.725,0.616345,0.782848,0.085258,-0.786312,0.617701,0.012593,-0.042806,-0.074801,0.996279,0,-0.44029,0.56114,-26.417,1.122,-1,350.000,-1,400.000,925.000,300.000,300.000,300.000,300.000,-1,-1,-1,-1,625.000,750.000,-1,975.000,2,0,2,0,1,0,0,0,0,2,2,2,2,0,0,2,1
107,9433.107,-11604.134,-120.341,-50.596,0.631527,0.770509,0.086545,-0.774057,0.632984,0.012913,-0.044832,-0.075145,0.996164,0,-0.44624,0.56430,-26.774,1.129,-1,350.000,-1,400.000,925.000,300.000,300.000,300.000,300.000,-1,-1,-1,-1,625.000,750.000,-1,1000.000,2,0,2,0,1,0,0,0,0,2,2,2,2,0,0,2,1
108,9415.475,-11583.516,-119.079,-49.461,0.646554,0.757795,0.087835,-0.761431,0.648108,0.013358,-0.046804,-0.075517,0.996045,0,-0.45214,0.56766,-27.128,1.135,-1,350.000,-1,400.000,950.000,300.000,300.000,300.000,300.000,-1,-1,-1,-1,625.000,750.000,-1,-1,2,0,2,0,1,0,0,0,0,2,2,2,2,0,0,2,2
109,9397.202,-11562.992,-117.764,-48.319,0.661422,0.744700,0.089122,-0.748430,0.663068,0.013931,-0.048720,-0.075915,0.995923,0,-0.45799,0.57120,-27.479,1.142,-1,350.000,-1,400.000,975.000,300.000,325.000,300.000,300.000,-1,-1,-1,-1,625.000,750.000,-1,-1,2,0,2,0,1,0,0,0,0,2,2,2,2,0,0,2,2
110,9378.284,-11542.584,-116.437,-47.169,0.676142,0.731229,0.090201,-0.735042,0.677864,0.014617,-0.050456,-0.076185,0.995816,0,-0.46378,0.57492,-27.827,1.150,-1,375.000,-1,400.000,1000.000,300.000,325.000,300.000,300.000,-1,-1,-1,-1,625.000,750.000,-1,-1,2,0,2,0,1,0,0,0,0,2,2,2,2,0,0,2,2
111,9358.719,-11522.315,-115.139,-46.011,0.690724,0.717385,0.090879,-0.721254,0.692500,0.015390,-0.051894,-0.076177,0.995743,0,-0.46952,0.57883,-28.171,1.158,-1,375.000,-1,400.000,-1,300.000,325.000,300.000,300.000,-1,-1,-1,-1,650.000,750.000,-1,-1,2,0,2,0,2,0,0,0,0,2,2,2,2,0,0,2,2
112,9338.503,-11502.208,-113.791,-44.845,0.705132,0.703147,0.091506,-0.707073,0.706953,0.016266,-0.053253,-0.076172,0.995672,0,-0.47519,0.58292,-28.511,1.166,-1,375.000,-1,400.000,-1,300.000,325.000,300.000,300.000,-1,-1,-1,-1,650.000,750.000,-1,-1,2,0,2,0,2,0,0,0,0,2,2,2,2,0,0,2,2
113,9321.304,-11485.885,-112.622,-43.502,0.721377,0.686395,0.092074,-0.690366,0.723259,0.017077,-0.054871,-0.075884,0.995606,0,-0.39519,0.67167,-23.711,1.343,-1,375.000,-1,400.000,-1,300.000,325.000,300.000,300.000,-1,-1,-1,-1,650.000,750.000,-1,-1,2,0,2,0,2,0,0,0,0,2,2,2,2,0,0,2,2
114,9307.283,-11473.193,-111.650,-42.152,0.737300,0.669194,0.092560,-0.673197,0.739249,0.017792,-0.056519,-0.075429,0.995548,0,-0.31519,0.67476,-18.911,1.350,-1,375.000,-1,400.000,-1,300.000,325.000,300.000,300.000,-1,-1,-1,-1,650.000,750.000,-1,-1,2,0,2,0,2,0,0,0,0,2,2,2,2,0,0,2,2
115,9296.599,-11463.972,-110.896,-40.799,0.752864,0.651570,0.093020,-0.655595,0.754889,0.018390,-0.058237,-0.074829,0.995494,0,-0.23519,0.67696,-14.111,1.354,-1,375.000,-1,400.000,-1,300.000,325.000,300.000,300.000,-1,-1,-1,-1,650.000,750.000,-1,-1,2,0,2,0,2,0,0,0,0,2,2,2,2,0,0,2,2
116,9289.407,-11458.056,-110.378,-39.442,0.768032,0.633552,0.093478,-0.637590,0.770145,0.018857,-0.060045,-0.074083,0.995443,0,-0.15519,0.67823,-9.311,1.356,-1,375.000,-1,400.000,-1,300.000,325.000,300.000,300.000,-1,-1,-1,-1,650.000,725.000,-1,-1,2,0,2,0,2,0,0,0,0,2,2,2,2,0,0,2,2
117,9285.855,-11455.273,-110.100,-38.085,0.782779,0.615178,0.093879,-0.619213,0.784989,0.019163,-0.061905,-0.073132,0.995399,0,-0.07519,0.67856,-4.511,1.357,-1,375.000,-1,400.000,-1,300.000,325.000,300.000,300.000,-1,-1,-1,-1,650.000,725.000,-1,-1,2,0,2,0,2,0,0,0,0,2,2,2,2,0,0,2,2
118,9286.086,-11455.446,-110.079,-36.729,0.797076,0.596483,0.094221,-0.600498,0.799393,0.019296,-0.063809,-0.071960,0.995364,0,0.00481,0.67790,0.289,1.356,-1,375.000,-1,400.000,-1,300.000,325.000,300.000,300.000,-1,-1,-1,-1,650.000,725.000,-1,-1,2,0,2,0,2,0,0,0,0,2,2,2,2,0,0,2,2
119,9290.233,-11458.392,-110.332,-35.377,0.810898,0.577507,0.094500,-0.581483,0.813331,0.019246,-0.065745,-0.070556,0.995339,0,0.08481,0.67623,5.089,1.352,-1,375.000,-1,375.000,-1,300.000,300.000,300.000,300.000,-1,-1,-1,-1,650.000,725.000,-1,-1,2,0,2,0,2,0,0,0,0,2,2,2,2,0,0,2,2
120,9298.427,-11463.927,-110.981,-34.030,0.824262,0.558307,0.094263,-0.562182,0.826798,0.018866,-0.067403,-0.068543,0.995369,0,0.16481,0.67350,9.889,1.347,-1,350.000,-1,375.000,-1,300.000,300.000,300.000,300.000,-1,-1,-1,-1,650.000,700.000,-1,-1,2,0,2,0,2,0,0,0,0,2,2,2,2,0,0,2,2
121,9310.787,-11471.862,-112.029,-32.690,0.837142,0.538922,0.093571,-0.542641,0.839769,0.018141,-0.068801,-0.065962,0.995447,0,0.24481,0.66968,14.689,1.339,-1,350.000,-1,375.000,-1,300.000,300.000,300.000,300.000,-1,-1,-1,-1,625.000,700.000,-1,-1,2,0,2,0,2,0,0,0,0,2,2,2,2,0,0,2,2
122,9327.427,-11482.006,-113.427,-31.361,0.849491,0.519391,0.092731,-0.522924,0.852206,0.017158,-0.070114,-0.063067,0.995543,0,0.32481,0.66473,19.489,1.329,-1,350.000,-1,375.000,-1,300.000,300.000,300.000,300.000,-1,-1,-1,-1,625.000,675.000,-1,-1,2,0,2,0,2,0,0,0,0,2,2,2,2,0,0,2,2
123,9348.450,-11494.168,-115.187,-30.044,0.861290,0.499761,0.091756,-0.503083,0.864091,0.015926,-0.071326,-0.059877,0.995654,0,0.40481,0.65863,24.289,1.317,-1,350.000,-1,375.000,-1,300.000,300.000,300.000,300.000,-1,-1,-1,-1,625.000,675.000,-1,-1,2,0,2,0,2,0,0,0,0,2,2,2,2,0,0,2,2
124,9373.953,-11508.156,-116.964,-28.741,0.872576,0.480048,0.090361,-0.483239,0.875340,0.016136,-0.071350,-0.057746,0.995778,0,0.48481,0.65135,29.089,1.303,-1,350.000,-1,375.000,-1,300.000,300.000,300.000,300.000,-1,-1,-1,-1,625.000,675.000,-1,-1,2,0,2,0,2,0,0,0,0,2,2,2,2,0,0,2,2
125,9404.024,-11523.782,-119.027,-27.455,0.883304,0.460337,0.088678,-0.463404,0.885992,0.016597,-0.070928,-0.055754,0.995922,0,0.56481,0.64289,33.889,1.286,-1,375.000,-1,375.000,-1,300.000,300.000,300.000,325.000,-1,-1,-1,-1,625.000,675.000,-1,-1,2,0,2,0,2,0,0,0,0,2,2,2,2,0,0,2,2
126,9438.739,-11540.858,-121.432,-26.189,0.893460,0.440690,0.086727,-0.443627,0.896048,0.017114,-0.070170,-0.053765,0.996085,0,0.64481,0.63326,38.689,1.267,-1,375.000,-1,375.000,-1,300.000,300.000,300.000,325.000,-1,-1,-1,-1,625.000,675.000,-1,-1,2,0,2,0,2,0,0,0,0,2,2,2,2,0,0,2,2
127,9478.170,-11559.199,-124.188,-24.944,0.903042,0.421160,0.084492,-0.423966,0.905505,0.017715,-0.069047,-0.051820,0.996267,0,0.72481,0.62249,43.489,1.245,-1,375.000,-1,375.000,-1,300.000,300.000,300.000,325.000,-1,-1,-1,-1,625.000,675.000,-1,-1,2,0,2,0,2,0,0,0,0,2,2,2,2,0,0,2,2
128,9522.377,-11578.627,-127.305,-23.722,0.912052,0.401803,0.081951,-0.404477,0.914363,0.018430,-0.067528,-0.049957,0.996466,0,0.80481,0.61065,48.289,1.221,-1,375.000,-1,375.000,-1,300.000,300.000,300.000,325.000,-1,-1,-1,-1,650.000,675.000,-1,-1,2,0,2,0,2,0,0,0,0,2,2,2,2,0,0,2,2
129,9571.413,-11598.967,-130.791,-22.527,0.920495,0.382668,0.079083,-0.385211,0.922627,0.019287,-0.065584,-0.048217,0.996681,0,0.88481,0.59785,53.089,1.196,-1,375.000,-1,375.000,-1,300.000,300.000,300.000,325.000,-1,-1,-1,-1,650.000,675.000,-1,-1,2,0,2,0,2,0,0,0,0,2,2,2,2,0,0,2,2
130,9623.998,-11619.532,-134.557,-21.358,0.928376,0.363801,0.075938,-0.366217,0.930308,0.020287,-0.063265,-0.046644,0.996906,0,0.94106,0.58423,56.463,1.168,-1,375.000,-1,375.000,-1,300.000,300.000,300.000,325.000,-1,-1,375.000,-1,650.000,675.000,-1,-1,2,0,2,0,2,0,0,0,0,2,2,0,2,0,0,2,2
131,9676.799,-11638.968,-138.362,-20.208,0.935757,0.345073,0.072681,-0.347369,0.937485,0.021360,-0.060767,-0.045235,0.997126,0,0.93776,0.57517,56.266,1.150,-1,375.000,-1,375.000,-1,300.000,300.000,300.000,325.000,-1,475.000,275.000,-1,650.000,675.000,-1,-1,2,0,2,0,2,0,0,0,0,2,0,0,2,0,0,2,2
132,9725.372,-11655.977,-141.871,-19.298,0.941357,0.330150,0.069624,-0.332343,0.942893,0.022362,-0.058265,-0.044189,0.997323,0,0.85776,0.45517,51.466,0.910,-1,375.000,-1,375.000,-1,300.000,300.000,300.000,325.000,-1,350.000,275.000,-1,650.000,675.000,-1,-1,2,0,2,0,2,0,0,0,0,2,0,0,2,0,0,2,2
133,9770.066,-11671.043,-144.871,-18.627,0.945331,0.319119,0.067178,-0.321177,0.946759,0.022174,-0.056526,-0.042538,0.997495,0,0.78610,0.33517,47.166,0.670,-1,375.000,-1,375.000,-1,300.000,300.000,300.000,325.000,-1,325.000,275.000,-1,650.000,675.000,-1,-1,2,0,2,0,2,0,0,0,0,2,0,0,2,0,0,2,2
134,9814.649,-11685.700,-147.578,-18.197,0.947939,0.312031,0.063619,-0.313877,0.949227,0.021191,-0.053777,-0.040057,0.997749,0,0.78218,0.21517,46.931,0.430,-1,375.000,-1,375.000,-1,300.000,300.000,300.000,325.000,-1,300.000,275.000,-1,675.000,675.000,-1,-1,2,0,2,0,2,0,0,0,0,2,0,0,2,0,0,2,2
135,9859.068,-11700.140,-150.227,-18.006,0.949198,0.308904,0.060008,-0.310550,0.950344,0.020136,-0.050808,-0.037749,0.997995,0,0.77846,0.09517,46.708,0.190,-1,375.000,-1,375.000,-1,300.000,300.000,325.000,325.000,-1,300.000,275.000,-1,675.000,675.000,-1,-1,2,0,2,0,2,0,0,0,0,2,0,0,2,0,0,2,2
136,9904.411,-11714.923,-152.739,-18.056,0.949114,0.309745,0.056922,-0.311245,0.950130,0.019483,-0.048049,-0.036208,0.998188,0,0.79489,-0.02483,47.693,-0.050,-1,375.000,-1,375.000,-1,300.000,300.000,325.000,325.000,-1,300.000,275.000,-1,700.000,675.000,-1,-1,2,0,2,0,2,0,0,0,0,2,0,0,2,0,0,2,2
