timestep,x_cm,y_cm,z_cm,yaw_deg,basis_xx,basis_xy,basis_xz,basis_yx,basis_yy,basis_yz,basis_zx,basis_zy,basis_zz,teleport_flag,throttle_cmd,steering_cmd,cmd_move_cm,cmd_turn_deg,lidar_cm_0,lidar_cm_1,lidar_cm_2,lidar_cm_3,lidar_cm_4,lidar_cm_5,lidar_cm_6,lidar_cm_7,lidar_cm_8,lidar_cm_9,lidar_cm_10,lidar_cm_11,lidar_cm_12,lidar_cm_13,lidar_cm_14,lidar_cm_15,lidar_cm_16,lidar_class_0,lidar_class_1,lidar_class_2,lidar_class_3,lidar_class_4,lidar_class_5,lidar_class_6,lidar_class_7,lidar_class_8,lidar_class_9,lidar_class_10,lidar_class_11,lidar_class_12,lidar_class_13,lidar_class_14,lidar_class_15,lidar_class_16
0,-326.299,6882.781,-261.217,-69.684,0.347443,0.937670,0.007572,-0.935441,0.347155,-0.066581,-0.065060,0.016050,0.997752,1,0.08000,-0.12000,4.800,-0.240,350.000,300.000,-1,375.000,-1,275.000,300.000,250.000,475.000,-1,200.000,50.000,300.000,475.000,650.000,400.000,-1,0,0,2,0,2,0,0,0,0,2,1,1,1,0,0,0,2
1,-323.041,6873.751,-262.130,-70.164,0.339800,0.940492,0.003278,-0.938386,0.339268,-0.065798,-0.062995,0.019282,0.997828,0,0.16000,-0.24000,9.600,-0.480,375.000,300.000,-1,375.000,-1,275.000,300.000,250.000,450.000,-1,225.000,50.000,300.000,475.000,650.000,400.000,-1,0,0,2,0,2,0,0,0,0,2,1,1,1,0,0,0,2
2,-318.325,6860.146,-263.484,-70.884,0.328254,0.944585,-0.002983,-0.942683,0.327390,-0.064541,-0.059987,0.023998,0.997911,0,0.24000,-0.36000,14.400,-0.720,400.000,300.000,-1,375.000,-1,275.000,300.000,250.000,450.000,-1,250.000,75.000,300.000,500.000,650.000,450.000,-1,0,0,2,0,2,0,0,0,0,2,1,1,1,0,0,0,2
3,-312.341,6841.903,-265.260,-71.844,0.312719,0.949782,-0.010998,-0.948185,0.311467,-0.062719,-0.056144,0.030042,0.997971,0,0.32000,-0.48000,19.200,-0.960,425.000,325.000,-1,375.000,-1,275.000,300.000,250.000,425.000,-1,275.000,75.000,300.000,500.000,650.000,500.000,-1,0,0,2,0,2,0,0,0,0,2,1,1,1,0,0,0,2
4,-305.339,6818.948,-267.433,-73.044,0.293089,0.955866,-0.020488,-0.954692,0.291437,-0.060234,-0.051605,0.037213,0.997974,0,0.40000,-0.60000,24.000,-1.200,475.000,325.000,-1,375.000,-1,275.000,300.000,275.000,400.000,-1,300.000,100.000,300.000,525.000,650.000,550.000,-1,0,0,2,0,2,0,0,0,0,2,1,1,1,0,0,0,2
5,-297.632,6791.199,-269.973,-74.484,0.269251,0.962567,-0.031107,-0.961945,0.267236,-0.056986,-0.046540,0.045267,0.997890,0,0.48000,-0.72000,28.800,-1.440,525.000,325.000,-1,375.000,-1,300.000,300.000,275.000,375.000,-1,350.000,100.000,300.000,525.000,675.000,600.000,-1,0,0,2,0,2,0,0,0,0,2,1,1,1,0,0,0,2
6,-290.346,6761.637,-272.538,-76.164,0.241095,0.969623,-0.041297,-0.969593,0.238811,-0.053460,-0.041974,0.052930,0.997716,0,0.50744,-0.84000,30.446,-1.680,600.000,350.000,-1,375.000,-1,300.000,300.000,275.000,375.000,-1,400.000,125.000,325.000,550.000,675.000,675.000,-1,0,0,2,0,2,0,0,0,0,2,1,1,1,0,0,0,2
7,-283.935,6731.277,-275.033,-78.084,0.208568,0.976700,-0.050561,-0.977261,0.206110,-0.049792,-0.038211,0.059796,0.997479,0,0.51717,-0.96000,31.030,-1.920,650.000,350.000,-1,375.000,-1,300.000,300.000,275.000,350.000,-1,500.000,150.000,325.000,575.000,675.000,750.000,-1,0,0,2,0,2,0,0,0,0,2,1,1,1,0,0,0,2
8,-278.479,6700.098,-277.513,-80.084,0.174377,0.982910,-0.059004,-0.984060,0.171830,-0.045821,-0.034899,0.066054,0.997206,0,0.52753,-1.00000,31.652,-2.000,725.000,350.000,-1,375.000,-1,300.000,300.000,275.000,325.000,-1,550.000,175.000,325.000,600.000,675.000,825.000,-1,0,0,2,0,2,0,0,0,0,2,1,1,1,0,0,0,2
9,-274.028,6668.121,-280.001,-82.084,0.139926,0.987916,-0.066661,-0.989649,0.137368,-0.041539,-0.031880,0.071784,0.996911,0,0.53808,-1.00000,32.285,-2.000,800.000,350.000,-1,375.000,-1,300.000,325.000,275.000,325.000,-1,600.000,200.000,325.000,600.000,675.000,950.000,-1,0,0,2,0,2,0,0,0,0,2,1,1,1,0,0,0,2
10,-270.631,6635.383,-282.496,-84.084,0.105268,0.991723,-0.073511,-0.994016,0.102767,-0.037023,-0.029162,0.076969,0.996607,0,0.54856,-1.00000,32.914,-2.000,900.000,350.000,-1,375.000,-1,300.000,325.000,300.000,300.000,-1,625.000,250.000,325.000,625.000,675.000,-1,-1,0,0,2,0,2,0,0,0,0,2,1,1,1,0,0,2,2
11,-268.335,6601.923,-285.000,-86.084,0.070456,0.994338,-0.079548,-0.997156,0.068069,-0.032344,-0.026746,0.081601,0.996306,0,0.55896,-1.00000,33.538,-2.000,1000.000,375.000,-1,375.000,-1,300.000,325.000,300.000,300.000,-1,650.000,300.000,350.000,650.000,700.000,-1,-1,0,0,2,0,2,0,0,0,0,2,1,1,1,0,0,2,2
12,-267.191,6567.785,-287.078,-88.084,0.035611,0.995902,-0.083131,-0.999030,0.033318,-0.028803,-0.025916,0.084077,0.996122,0,0.56927,-1.00000,34.156,-2.000,-1,375.000,-1,375.000,-1,300.000,325.000,300.000,275.000,-1,675.000,400.000,350.000,650.000,700.000,-1,-1,2,0,2,0,2,0,0,0,0,2,1,1,1,0,0,2,2
13,-267.243,6533.015,-287.850,-90.084,0.000848,0.996526,-0.083276,-0.999617,-0.001459,-0.027632,-0.027657,0.083268,0.996143,0,0.57947,-1.00000,34.768,-2.000,-1,375.000,-1,375.000,-1,300.000,325.000,300.000,275.000,-1,700.000,700.000,375.000,675.000,700.000,-1,-1,2,0,2,0,2,0,0,0,0,2,1,1,1,0,0,2,2
14,-268.530,6497.663,-288.564,-92.084,-0.033932,0.995904,-0.083805,-0.999001,-0.036237,-0.026147,-0.029077,0.082834,0.996139,0,0.58956,-1.00000,35.373,-2.000,-1,375.000,-1,375.000,-1,325.000,325.000,300.000,275.000,-1,725.000,700.000,400.000,675.000,700.000,-1,-1,2,0,2,0,2,0,0,0,0,2,0,0,1,0,0,2,2
15,-271.035,6460.384,-289.417,-93.844,-0.064524,0.994362,-0.084146,-0.997461,-0.066810,-0.024643,-0.030126,0.082343,0.996149,0,0.62271,-0.88000,37.363,-1.760,-1,375.000,-1,375.000,-1,325.000,325.000,300.000,300.000,-1,700.000,675.000,425.000,675.000,700.000,-1,-1,2,0,2,0,2,0,0,0,0,2,0,0,1,0,0,2,2
16,-274.696,6422.638,-290.378,-95.538,-0.093924,0.992003,-0.084316,-0.995094,-0.096185,-0.023163,-0.031088,0.081727,0.996170,0,0.63203,-0.84713,37.922,-1.694,-1,375.000,-1,375.000,-1,325.000,325.000,300.000,300.000,-1,700.000,675.000,450.000,675.000,700.000,-1,-1,2,0,2,0,2,0,0,0,0,2,0,0,1,0,0,2,2
17,-279.523,6384.476,-291.449,-97.207,-0.122812,0.988841,-0.084319,-0.991913,-0.125045,-0.021717,-0.032018,0.080970,0.996202,0,0.64108,-0.83452,38.465,-1.669,-1,375.000,-1,375.000,-1,325.000,325.000,300.000,300.000,-1,675.000,650.000,475.000,675.000,700.000,-1,-1,2,0,2,0,2,0,0,0,0,2,0,0,1,0,0,2,2
18,-285.524,6345.941,-292.632,-98.851,-0.151166,0.984920,-0.084155,-0.987960,-0.153369,-0.020316,-0.032917,0.080070,0.996246,0,0.64998,-0.82184,38.999,-1.644,-1,375.000,-1,375.000,-1,325.000,325.000,300.000,300.000,-1,675.000,650.000,500.000,700.000,700.000,-1,-1,2,0,2,0,2,0,0,0,0,2,0,0,1,0,0,2,2
19,-292.707,6307.074,-293.927,-100.469,-0.178966,0.980278,-0.083824,-0.983275,-0.181136,-0.018975,-0.033784,0.079027,0.996300,0,0.65873,-0.80910,39.524,-1.618,-1,375.000,-1,375.000,-1,325.000,325.000,300.000,300.000,-1,650.000,650.000,525.000,700.000,700.000,-1,-1,2,0,2,0,2,0,0,0,0,2,0,0,1,0,0,2,2
20,-301.076,6267.917,-295.336,-102.062,-0.206194,0.974956,-0.083330,-0.977898,-0.208330,-0.017703,-0.034620,0.077838,0.996365,0,0.66734,-0.79629,40.041,-1.593,-1,400.000,-1,375.000,-1,325.000,325.000,300.000,300.000,-1,650.000,650.000,575.000,700.000,700.000,-1,-1,2,0,2,0,2,0,0,0,0,2,0,0,1,0,0,2,2
21,-310.632,6228.509,-296.858,-103.628,-0.232834,0.968996,-0.082674,-0.971871,-0.234934,-0.016514,-0.035425,0.076504,0.996440,0,0.67582,-0.78342,40.549,-1.567,-1,400.000,-1,375.000,-1,325.000,325.000,300.000,300.000,-1,650.000,650.000,600.000,700.000,700.000,-1,-1,2,0,2,0,2,0,0,0,0,2,0,0,1,0,0,2,2
22,-321.375,6188.889,-298.494,-105.169,-0.258873,0.962436,-0.081861,-0.965233,-0.260937,-0.015419,-0.036200,0.075023,0.996525,0,0.68416,-0.77049,41.049,-1.541,-1,400.000,-1,375.000,-1,325.000,325.000,300.000,300.000,-1,650.000,625.000,625.000,725.000,700.000,-1,-1,2,0,2,0,2,0,0,0,0,2,0,0,1,0,0,2,2
23,-333.303,6149.096,-300.245,-106.684,-0.284299,0.955317,-0.080893,-0.958024,-0.286326,-0.014427,-0.036944,0.073396,0.996618,0,0.69237,-0.75750,41.542,-1.515,-1,400.000,-1,375.000,-1,325.000,325.000,300.000,300.000,-1,625.000,625.000,650.000,725.000,700.000,-1,-1,2,0,2,0,2,0,0,0,0,2,0,0,1,0,0,2,2
24,-346.413,6109.165,-302.111,-108.173,-0.309101,0.947677,-0.079775,-0.950283,-0.311092,-0.013551,-0.037659,0.071621,0.996721,0,0.70045,-0.74445,42.027,-1.489,-1,400.000,-1,375.000,-1,325.000,325.000,275.000,300.000,-1,625.000,625.000,675.000,725.000,700.000,-1,-1,2,0,2,0,2,0,0,0,0,2,0,0,1,0,0,2,2
25,-360.698,6069.131,-304.092,-109.636,-0.333272,0.939556,-0.078514,-0.942051,-0.335226,-0.012798,-0.038344,0.069699,0.996831,0,0.70842,-0.73134,42.505,-1.463,-1,400.000,-1,375.000,-1,325.000,325.000,275.000,300.000,-1,625.000,625.000,700.000,725.000,700.000,-1,-1,2,0,2,0,2,0,0,0,0,2,0,0,1,0,0,2,2
26,-376.153,6029.028,-306.184,-111.072,-0.356803,0.930990,-0.077135,-0.933365,-0.358723,-0.012185,-0.039015,0.067648,0.996946,0,0.71628,-0.71816,42.977,-1.436,-1,375.000,-1,375.000,-1,325.000,325.000,275.000,300.000,-1,625.000,650.000,750.000,700.000,700.000,-1,-1,2,0,2,0,2,0,0,0,0,2,0,0,1,0,0,2,2
27,-392.766,5988.887,-308.111,-112.482,-0.379581,0.921949,-0.077002,-0.924270,-0.381548,-0.012113,-0.040547,0.066573,0.996957,0,0.72404,-0.70493,43.442,-1.410,-1,375.000,-1,375.000,-1,325.000,325.000,275.000,300.000,-1,625.000,675.000,775.000,700.000,700.000,-1,-1,2,0,2,0,2,0,0,0,0,2,0,0,1,0,0,2,2
28,-410.529,5948.739,-310.049,-113.865,-0.401722,0.912518,-0.077013,-0.914811,-0.403714,-0.011647,-0.041720,0.065773,0.996962,0,0.73170,-0.69163,43.902,-1.383,-1,375.000,975.000,375.000,-1,325.000,300.000,275.000,300.000,-1,650.000,700.000,800.000,700.000,700.000,1000.000,-1,2,0,1,0,2,0,0,0,0,2,0,0,1,0,0,1,2
29,-430.407,5907.046,-312.171,-115.489,-0.427410,0.900775,-0.076974,-0.903032,-0.429430,-0.011116,-0.043068,0.064759,0.996971,0,0.76980,-0.81163,46.188,-1.623,-1,375.000,950.000,375.000,-1,300.000,300.000,275.000,300.000,-1,650.000,700.000,825.000,700.000,700.000,900.000,-1,2,0,1,0,2,0,0,0,0,2,0,0,1,1,0,1,2
30,-451.795,5865.558,-314.111,-117.272,-0.455271,0.886974,-0.077496,-0.889288,-0.457256,-0.009118,-0.043523,0.064765,0.996951,0,0.77793,-0.89173,46.676,-1.783,-1,375.000,925.000,375.000,-1,300.000,300.000,275.000,300.000,-1,625.000,675.000,875.000,675.000,700.000,825.000,-1,2,0,1,0,2,0,0,0,0,2,0,0,1,1,0,1,2
31,-476.645,5820.478,-316.285,-118.865,-0.479796,0.873935,-0.077681,-0.876288,-0.481733,-0.007259,-0.043765,0.064588,0.996952,0,0.85793,-0.79620,51.476,-1.592,-1,375.000,900.000,375.000,-1,300.000,300.000,300.000,300.000,-1,625.000,650.000,900.000,650.000,700.000,750.000,-1,2,0,1,0,2,0,0,0,0,2,0,0,1,1,0,1,2
32,-504.130,5773.690,-318.506,-120.431,-0.503558,0.860493,-0.077336,-0.862819,-0.505476,-0.006196,-0.044424,0.063607,0.996986,0,0.90438,-0.78325,54.263,-1.567,925.000,375.000,850.000,375.000,-1,300.000,300.000,300.000,300.000,-1,650.000,675.000,925.000,600.000,700.000,675.000,-1,1,0,1,0,2,0,0,0,0,2,0,0,1,1,0,1,2
33,-533.213,5727.094,-320.875,-121.970,-0.526540,0.846671,-0.076838,-0.848959,-0.528433,-0.005174,-0.044984,0.062508,0.997030,0,0.91544,-0.76924,54.926,-1.538,725.000,375.000,825.000,375.000,-1,300.000,300.000,300.000,300.000,-1,650.000,675.000,975.000,575.000,700.000,625.000,-1,1,0,1,0,2,0,0,0,0,2,0,0,1,1,0,1,2
34,-563.871,5680.740,-323.248,-123.479,-0.548781,0.832550,-0.075495,-0.834753,-0.550608,-0.004136,-0.045012,0.060750,0.997138,0,0.92625,-0.75458,55.575,-1.509,625.000,375.000,800.000,375.000,-1,325.000,325.000,300.000,300.000,-1,650.000,700.000,1000.000,550.000,700.000,550.000,-1,1,0,1,0,2,0,0,0,0,2,0,0,1,1,0,1,2
35,-596.076,5634.675,-325.738,-124.957,-0.570222,0.818164,-0.073853,-0.820265,-0.571974,-0.003179,-0.044843,0.058766,0.997264,0,0.93677,-0.73924,56.206,-1.478,525.000,375.000,750.000,375.000,-1,325.000,325.000,300.000,300.000,-1,650.000,700.000,-1,500.000,700.000,500.000,-1,1,0,1,0,2,0,0,0,0,2,0,0,2,1,0,1,2
36,-629.796,5588.947,-328.248,-126.404,-0.590885,0.803585,-0.071453,-0.805545,-0.592531,-0.002300,-0.044186,0.056200,0.997441,0,0.94693,-0.72317,56.816,-1.446,450.000,375.000,725.000,375.000,-1,325.000,325.000,300.000,300.000,-1,650.000,675.000,-1,475.000,725.000,450.000,-1,1,0,1,0,2,0,0,0,0,2,0,0,2,1,0,1,2
37,-664.991,5543.602,-330.896,-127.816,-0.610715,0.788850,-0.068870,-0.790661,-0.612253,-0.001557,-0.043394,0.053502,0.997624,0,0.95668,-0.70634,57.401,-1.413,400.000,375.000,700.000,375.000,-1,325.000,325.000,300.000,300.000,-1,650.000,675.000,-1,425.000,725.000,400.000,-1,1,1,1,0,2,0,0,0,0,2,0,0,2,1,0,1,2
38,-701.617,5498.687,-333.682,-129.194,-0.629701,0.774019,-0.066124,-0.775676,-0.631131,-0.000954,-0.042471,0.050690,0.997811,0,0.96592,-0.68870,57.955,-1.377,350.000,350.000,650.000,375.000,-1,325.000,325.000,300.000,300.000,-1,600.000,675.000,-1,400.000,725.000,350.000,-1,1,1,1,0,2,0,0,0,0,2,0,0,2,1,0,1,2
39,-739.620,5454.246,-336.434,-130.534,-0.647778,0.759127,-0.064107,-0.760672,-0.649136,-0.000464,-0.041967,0.048463,0.997943,0,0.97457,-0.67020,58.474,-1.340,275.000,325.000,625.000,400.000,-1,325.000,325.000,300.000,300.000,-1,575.000,675.000,-1,375.000,725.000,300.000,-1,1,1,1,0,2,0,0,0,0,2,0,0,2,1,1,1,2
40,-778.941,5410.324,-338.936,-131.836,-0.664877,0.744214,-0.063910,-0.745740,-0.666237,0.000032,-0.042555,0.047681,0.997956,0,0.98251,-0.65080,58.951,-1.302,225.000,300.000,575.000,400.000,-1,300.000,325.000,300.000,300.000,-1,600.000,725.000,-1,325.000,675.000,250.000,-1,1,1,1,0,2,1,0,0,0,2,0,0,2,1,1,1,2
41,-819.510,5366.966,-341.531,-133.097,-0.681112,0.729398,-0.063752,-0.730908,-0.682476,0.000524,-0.043127,0.046954,0.997966,0,0.98964,-0.63045,59.378,-1.261,175.000,275.000,550.000,400.000,-1,275.000,325.000,300.000,300.000,-1,625.000,725.000,-1,300.000,650.000,200.000,-1,1,1,1,0,2,1,0,0,0,2,0,0,2,1,1,1,2
42,-861.245,5324.211,-341.662,-134.315,-0.696733,0.714360,-0.065211,-0.716467,-0.697473,0.014405,-0.035193,0.056758,0.997768,0,0.99581,-0.60909,59.749,-1.218,150.000,250.000,525.000,400.000,-1,275.000,325.000,325.000,300.000,-1,550.000,575.000,-1,275.000,625.000,150.000,-1,1,1,1,0,2,1,0,1,0,2,0,0,2,1,1,1,2
43,-903.946,5282.210,-337.211,-135.500,-0.712480,0.698332,-0.068594,-0.701592,-0.710623,0.052767,-0.011895,0.085721,0.996248,0,0.99828,-0.59256,59.897,-1.185,125.000,250.000,550.000,450.000,-1,250.000,350.000,350.000,275.000,-1,375.000,225.000,925.000,300.000,675.000,150.000,-1,1,1,1,0,2,1,1,1,0,2,0,0,0,1,1,1,2
44,-947.439,5241.102,-332.266,-136.659,-0.728284,0.681618,-0.070704,-0.685149,-0.722280,0.094253,0.013177,0.117086,0.993034,0,0.99741,-0.57960,59.844,-1.159,125.000,250.000,600.000,475.000,-1,275.000,350.000,375.000,250.000,-1,275.000,125.000,575.000,300.000,725.000,150.000,-1,1,1,1,1,2,1,1,1,0,2,0,0,0,1,1,1,2
45,-991.625,5200.948,-328.270,-137.790,-0.743687,0.664752,-0.070957,-0.667600,-0.732866,0.131219,0.035226,0.144956,0.988811,0,0.99504,-0.56557,59.702,-1.131,125.000,250.000,-1,475.000,-1,275.000,350.000,375.000,250.000,-1,225.000,75.000,400.000,300.000,-1,125.000,-1,1,1,2,1,2,1,1,1,0,2,0,0,0,1,2,1,2
46,-1036.388,5161.801,-324.577,-138.891,-0.758626,0.647775,-0.069813,-0.649137,-0.742325,0.166053,0.055741,0.171290,0.983643,0,0.99102,-0.55047,59.461,-1.101,125.000,250.000,-1,475.000,-1,275.000,350.000,350.000,225.000,-1,200.000,50.000,300.000,325.000,-1,125.000,-1,1,1,2,1,2,1,1,1,0,2,0,0,0,1,2,1,2
47,-1081.604,5123.714,-321.127,-139.960,-0.772960,0.630857,-0.067469,-0.630059,-0.750755,0.198476,0.074557,0.195924,0.977781,0,0.98520,-0.53435,59.112,-1.069,100.000,250.000,-1,500.000,-1,275.000,350.000,325.000,225.000,-1,175.000,25.000,225.000,325.000,-1,125.000,-1,1,1,2,1,2,1,1,1,0,2,0,0,0,1,2,1,2
48,-1127.139,5086.736,-317.955,-140.994,-0.786609,0.614113,-0.064127,-0.610587,-0.758213,0.228684,0.091815,0.219040,0.971386,0,0.97749,-0.51729,58.649,-1.035,100.000,250.000,-1,525.000,-1,275.000,350.000,275.000,225.000,-1,175.000,25.000,175.000,325.000,-1,125.000,-1,1,1,2,1,2,1,1,1,0,2,0,0,0,1,2,1,2
49,-1172.854,5050.909,-315.147,-141.993,-0.799543,0.597610,-0.059945,-0.590857,-0.764720,0.257085,0.107795,0.240969,0.964528,0,0.96785,-0.49943,58.071,-0.999,100.000,275.000,-1,575.000,-1,275.000,350.000,225.000,200.000,-1,175.000,0.000,150.000,350.000,-1,125.000,-1,1,1,2,1,2,1,1,1,0,2,0,0,0,1,2,1,2
50,9511.056,9510.922,327.147,-155.681,-0.912548,0.408968,0.001256,-0.405397,-0.904977,0.129116,0.053941,0.117316,0.991629,1,0.00000,0.00000,57.381,-0.962,-1,550.000,-1,425.000,-1,375.000,350.000,375.000,200.000,-1,0.000,-1,-1,-1,950.000,-1,-1,2,0,2,0,2,0,0,0,0,2,1,2,2,2,0,2,2
51,9506.672,9508.966,327.536,-155.921,-0.914208,0.405245,0.000975,-0.401845,-0.906843,0.127111,0.052395,0.115814,0.991888,0,0.08000,-0.12000,4.800,-0.240,-1,525.000,-1,425.000,-1,375.000,350.000,375.000,200.000,-1,0.000,-1,-1,-1,925.000,-1,-1,2,0,2,0,2,0,0,0,0,2,1,2,2,2,0,2,2
52,9497.872,9505.128,328.301,-156.401,-0.917485,0.397771,0.000373,-0.394700,-0.910518,0.123160,0.049329,0.112850,0.992387,0,0.16000,-0.24000,9.600,-0.480,-1,525.000,-1,425.000,-1,375.000,350.000,375.000,200.000,-1,0.000,-1,-1,-1,925.000,-1,-1,2,0,2,0,2,0,0,0,0,2,1,2,2,2,0,2,2
53,9484.601,9499.537,329.411,-157.121,-0.922295,0.386486,-0.000623,-0.383882,-0.915891,0.117380,0.044795,0.108498,0.993087,0,0.24000,-0.36000,14.400,-0.720,-1,525.000,-1,400.000,-1,375.000,350.000,375.000,200.000,-1,0.000,-1,-1,-1,925.000,-1,-1,2,0,2,0,2,0,0,0,0,2,1,2,2,2,0,2,2
54,9466.785,9492.378,330.823,-158.081,-0.928507,0.371310,-0.002116,-0.369275,-0.922793,0.109951,0.038873,0.102871,0.993935,0,0.32000,-0.48000,19.200,-0.960,-1,500.000,-1,400.000,-1,375.000,350.000,350.000,225.000,-1,0.000,-1,-1,-1,900.000,-1,-1,2,0,2,0,2,0,0,0,0,2,1,2,2,2,0,2,2
55,9444.332,9483.897,332.481,-159.281,-0.935937,0.352142,-0.004224,-0.350740,-0.930998,0.101115,0.031674,0.096119,0.994866,0,0.40000,-0.60000,24.000,-1.200,-1,500.000,-1,400.000,-1,375.000,350.000,350.000,225.000,-1,0.000,-1,-1,-1,875.000,-1,-1,2,0,2,0,2,0,0,0,0,2,1,2,2,2,0,2,2
56,9417.142,9474.399,334.315,-160.721,-0.944349,0.328870,-0.007070,-0.328117,-0.940226,0.091180,0.023339,0.088426,0.995809,0,0.48000,-0.72000,28.800,-1.440,-1,475.000,-1,400.000,-1,350.000,350.000,350.000,250.000,-1,0.000,-1,-1,-1,850.000,-1,-1,2,0,2,0,2,0,0,0,0,2,0,2,2,2,0,2,2
57,9385.111,9464.251,336.244,-162.401,-0.953444,0.301379,-0.010762,-0.301244,-0.950142,0.080514,0.014040,0.080008,0.996695,0,0.56000,-0.84000,33.600,-1.680,-1,450.000,-1,400.000,-1,350.000,325.000,325.000,275.000,-1,0.000,-1,-1,-1,825.000,-1,-1,2,0,2,0,2,0,0,0,0,2,0,2,2,2,0,2,2
58,9348.135,9453.883,338.177,-164.321,-0.962861,0.269558,-0.015377,-0.269967,-0.960355,0.069540,0.003977,0.071109,0.997461,0,0.64000,-0.96000,38.400,-1.920,-1,450.000,-1,400.000,-1,350.000,325.000,325.000,275.000,-1,0.000,-1,-1,1000.000,800.000,-1,-1,2,0,2,0,2,0,0,0,0,2,0,2,2,0,0,2,2
59,9306.479,9443.754,340.052,-166.321,-0.971521,0.236023,-0.020984,-0.236864,-0.969773,0.058620,-0.006514,0.061921,0.998060,0,0.71448,-1.00000,42.869,-2.000,-1,425.000,-1,400.000,-1,325.000,325.000,325.000,300.000,-1,-1,-1,-1,925.000,775.000,-1,-1,2,0,2,0,2,0,0,0,0,2,2,2,2,0,0,2,2
60,9264.166,9435.016,341.615,-168.321,-0.978990,0.202132,-0.026866,-0.203254,-0.977893,0.049130,-0.016342,0.053558,0.998431,0,0.72009,-1.00000,43.205,-2.000,-1,400.000,-1,375.000,-1,325.000,325.000,300.000,325.000,-1,-1,-1,-1,850.000,775.000,-1,-1,2,0,2,0,2,0,0,0,0,2,2,2,2,0,0,2,2
61,9221.246,9427.699,341.961,-170.321,-0.985319,0.167918,-0.030834,-0.169191,-0.984565,0.044782,-0.022838,0.049341,0.998521,0,0.72564,-1.00000,43.539,-2.000,-1,400.000,-1,375.000,-1,325.000,325.000,300.000,325.000,-1,-1,-1,-1,825.000,750.000,-1,-1,2,0,2,0,2,0,0,0,0,2,2,2,2,0,0,2,2
62,9177.770,9421.838,341.153,-172.321,-0.990522,0.133456,-0.032501,-0.134844,-0.989840,0.045099,-0.026152,0.049054,0.998454,0,0.73114,-1.00000,43.868,-2.000,-1,400.000,-1,375.000,-1,325.000,325.000,325.000,325.000,-1,-1,-1,-1,800.000,750.000,-1,-1,2,0,2,0,2,0,0,0,0,2,2,2,2,0,0,2,2
63,9133.792,9417.466,340.027,-174.321,-0.994546,0.098836,-0.033307,-0.100277,-0.993951,0.044795,-0.028678,0.047891,0.998441,0,0.73657,-1.00000,44.194,-2.000,-1,400.000,-1,375.000,-1,325.000,325.000,325.000,325.000,-1,-1,-1,-1,800.000,725.000,-1,-1,2,0,2,0,2,0,0,0,0,2,2,2,2,0,0,2,2
64,9089.366,9414.611,338.664,-176.321,-0.997378,0.064092,-0.033609,-0.065546,-0.996875,0.044091,-0.030678,0.046179,0.998462,0,0.74194,-1.00000,44.516,-2.000,-1,400.000,-1,375.000,-1,325.000,300.000,325.000,325.000,-1,-1,-1,-1,775.000,725.000,-1,-1,2,0,2,0,2,0,0,0,0,2,2,2,2,0,0,2,2
65,9044.551,9413.298,337.212,-178.321,-0.998996,0.029265,-0.033914,-0.030730,-0.998580,0.043507,-0.032593,0.044506,0.998477,0,0.74723,-1.00000,44.834,-2.000,-1,400.000,-1,375.000,-1,325.000,300.000,325.000,325.000,-1,-1,-1,-1,775.000,725.000,-1,-1,2,0,2,0,2,0,0,0,0,2,2,2,2,0,0,2,2
66,8999.404,9413.553,335.673,-180.321,-0.999399,-0.005603,-0.034208,0.004128,-0.999065,0.043045,-0.034417,0.042878,0.998487,0,0.75245,-1.00000,45.147,-2.000,-1,400.000,-1,375.000,-1,325.000,300.000,325.000,325.000,-1,-1,-1,-1,750.000,725.000,-1,-1,2,0,2,0,2,0,0,0,0,2,2,2,2,0,0,2,2
67,8953.987,9415.395,334.050,-182.321,-0.998586,-0.040469,-0.034477,0.038984,-0.998327,0.042704,-0.036147,0.041300,0.998493,0,0.75758,-1.00000,45.455,-2.000,-1,400.000,-1,375.000,-1,325.000,300.000,325.000,325.000,-1,-1,-1,-1,750.000,725.000,-1,-1,2,0,2,0,2,0,0,0,0,2,2,2,2,0,0,2,2
68,8903.874,9419.179,332.177,-184.318,-0.996562,-0.075236,-0.034700,0.073743,-0.996373,0.042463,-0.037769,0.039758,0.998495,0,0.83758,-0.99844,50.255,-1.997,-1,400.000,-1,375.000,-1,325.000,300.000,325.000,325.000,-1,-1,-1,-1,725.000,725.000,-1,-1,2,0,2,0,2,0,0,0,0,2,2,2,2,0,0,2,2
69,8849.216,9424.997,330.055,-186.075,-0.993782,-0.105754,-0.034827,0.104257,-0.993650,0.042320,-0.039081,0.038426,0.998497,0,0.91611,-0.87844,54.967,-1.757,-1,375.000,-1,375.000,-1,325.000,300.000,325.000,325.000,-1,-1,-1,-1,725.000,700.000,-1,-1,2,0,2,0,2,0,0,0,0,2,2,2,2,0,0,2,2
70,8794.777,9432.254,327.876,-187.592,-0.990633,-0.132026,-0.034862,0.130526,-0.990543,0.042275,-0.040113,0.037329,0.998498,0,0.91534,-0.75844,54.920,-1.517,-1,375.000,-1,375.000,-1,300.000,300.000,325.000,325.000,-1,-1,-1,-1,700.000,700.000,-1,-1,2,0,2,0,2,0,0,0,0,2,2,2,2,0,0,2,2
71,8740.587,9440.710,325.655,-188.869,-0.987446,-0.154071,-0.034808,0.152570,-0.987387,0.042306,-0.040887,0.036464,0.998498,0,0.91408,-0.63844,54.845,-1.277,-1,375.000,-1,375.000,-1,300.000,300.000,325.000,325.000,-1,-1,-1,-1,700.000,700.000,-1,-1,2,0,2,0,2,0,0,0,0,2,2,2,2,0,0,2,2
72,8686.663,9450.127,323.403,-189.906,-0.984501,-0.171918,-0.034672,0.170417,-0.984460,0.042391,-0.041421,0.035825,0.998499,0,0.91233,-0.51844,54.740,-1.037,-1,375.000,-1,375.000,-1,300.000,300.000,325.000,325.000,-1,-1,-1,-1,675.000,675.000,-1,-1,2,0,2,0,2,0,0,0,0,2,2,2,2,0,0,2,2
73,8633.008,9460.268,321.134,-190.703,-0.982022,-0.185595,-0.034465,0.184097,-0.981988,0.042512,-0.041735,0.035403,0.998501,0,0.91008,-0.39844,54.605,-0.797,-1,375.000,-1,375.000,-1,300.000,300.000,325.000,325.000,-1,-1,-1,-1,675.000,675.000,-1,-1,2,0,2,0,2,0,0,0,0,2,2,2,2,0,0,2,2
74,8579.616,9470.903,318.856,-191.265,-0.980162,-0.195226,-0.034197,0.193731,-0.980127,0.042647,-0.041843,0.035176,0.998505,0,0.90735,-0.28116,54.441,-0.562,-1,375.000,-1,375.000,-1,300.000,300.000,325.000,325.000,-1,-1,-1,-1,675.000,675.000,-1,-1,2,0,2,0,2,0,0,0,0,2,2,2,2,0,0,2,2
75,8526.518,9482.022,316.851,-191.828,-0.978248,-0.204833,-0.032765,0.203345,-0.978131,0.043708,-0.041001,0.036095,0.998507,0,0.90416,-0.28130,54.250,-0.563,-1,375.000,-1,375.000,-1,300.000,300.000,325.000,325.000,-1,-1,-1,-1,675.000,675.000,-1,-1,2,0,2,0,2,0,0,0,0,2,2,2,2,0,0,2,2
76,8473.718,9493.621,314.903,-192.390,-0.976248,-0.214414,-0.031084,0.212937,-0.976033,0.044921,-0.039971,0.037236,0.998507,0,0.90099,-0.28117,54.059,-0.562,-1,375.000,-1,375.000,-1,300.000,300.000,325.000,325.000,-1,-1,-1,-1,675.000,675.000,-1,-1,2,0,2,0,2,0,0,0,0,2,2,2,2,0,0,2,2
77,8421.217,9505.695,313.250,-192.951,-0.974170,-0.223970,-0.028806,0.222577,-0.973882,0.044860,-0.038101,0.037290,0.998578,0,0.89786,-0.28079,53.872,-0.562,-1,375.000,-1,375.000,-1,300.000,300.000,325.000,325.000,-1,-1,-1,-1,675.000,675.000,-1,-1,2,0,2,0,2,0,0,0,0,2,2,2,2,0,0,2,2
78,8373.456,9516.961,311.813,-193.273,-0.972961,-0.229433,-0.026588,0.228136,-0.972614,0.044459,-0.036060,0.037191,0.998657,0,0.81786,-0.16079,49.072,-0.322,-1,375.000,-1,375.000,-1,300.000,300.000,325.000,325.000,-1,-1,-1,-1,675.000,675.000,-1,-1,2,0,2,0,2,0,0,0,0,2,2,2,2,0,0,2,2
79,8328.115,9527.725,310.459,-193.355,-0.972689,-0.230818,-0.024477,0.229615,-0.972286,0.044015,-0.033958,0.037192,0.998731,0,0.77669,-0.04079,46.601,-0.082,-1,375.000,-1,375.000,-1,300.000,300.000,325.000,325.000,-1,-1,775.000,-1,675.000,675.000,-1,-1,2,0,2,0,2,0,0,0,0,2,2,0,2,0,0,2,2
80,8282.932,9538.319,309.129,-193.196,-0.973374,-0.228128,-0.022377,0.227020,-0.972917,0.043521,-0.031699,0.037282,0.998802,0,0.77348,0.07921,46.409,0.158,-1,375.000,-1,375.000,-1,300.000,300.000,325.000,325.000,-1,750.000,600.000,-1,675.000,675.000,-1,-1,2,0,2,0,2,0,0,0,0,2,0,0,2,0,0,2,2
81,8237.879,9548.552,307.831,-192.798,-0.974982,-0.221356,-0.020293,0.220346,-0.974474,0.042991,-0.029291,0.037444,0.998869,0,0.77001,0.19921,46.201,0.398,-1,375.000,-1,375.000,-1,300.000,300.000,325.000,325.000,-1,625.000,475.000,-1,700.000,675.000,-1,-1,2,0,2,0,2,0,0,0,0,2,0,0,2,0,0,2,2
82,8192.931,9558.237,306.572,-192.159,-0.977428,-0.210482,-0.018232,0.209571,-0.976872,0.042442,-0.026743,0.037663,0.998933,0,0.76632,0.31921,45.979,0.638,-1,375.000,-1,375.000,-1,300.000,300.000,325.000,325.000,-1,525.000,375.000,-1,700.000,675.000,-1,-1,2,0,2,0,2,0,0,0,0,2,0,0,2,0,0,2,2
83,8148.065,9567.186,305.357,-191.281,-0.980574,-0.195480,-0.016197,0.194668,-0.979974,0.041890,-0.024061,0.037923,0.998991,0,0.76250,0.43921,45.750,0.878,-1,375.000,-1,375.000,-1,300.000,300.000,325.000,325.000,-1,450.000,300.000,-1,700.000,675.000,-1,-1,2,0,2,0,2,0,0,0,0,2,0,0,2,0,0,2,2
84,8103.264,9575.216,304.193,-190.163,-0.984232,-0.176313,-0.014195,0.175602,-0.983592,0.041354,-0.021253,0.038209,0.999044,0,0.75860,0.55921,45.516,1.118,-1,375.000,-1,375.000,-1,300.000,300.000,325.000,325.000,-1,375.000,275.000,-1,700.000,675.000,-1,-1,2,0,2,0,2,0,0,0,0,2,0,0,2,0,0,2,2
85,8058.514,9582.147,303.083,-188.804,-0.988159,-0.152944,-0.012230,0.152333,-0.987484,0.040853,-0.018325,0.038506,0.999090,0,0.75473,0.67921,45.284,1.358,-1,375.000,-1,375.000,-1,300.000,300.000,325.000,325.000,-1,325.000,275.000,-1,725.000,675.000,-1,-1,2,0,2,0,2,0,0,0,0,2,0,0,2,0,0,2,2
86,8013.812,9587.798,302.032,-187.206,-0.992061,-0.125338,-0.010309,0.124829,-0.991355,0.040408,-0.015284,0.038800,0.999130,0,0.75097,0.79921,45.058,1.598,-1,375.000,-1,375.000,-1,300.000,300.000,325.000,325.000,-1,275.000,300.000,-1,725.000,675.000,-1,-1,2,0,2,0,2,0,0,0,0,2,0,0,2,0,0,2,2
87,7969.169,9592.044,301.041,-185.434,-0.995477,-0.094623,-0.008437,0.094215,-0.994747,0.040027,-0.012181,0.039051,0.999163,0,0.74742,0.88596,44.845,1.772,-1,375.000,-1,375.000,-1,300.000,300.000,325.000,325.000,-1,250.000,300.000,-1,725.000,675.000,-1,-1,2,0,2,0,2,0,0,0,0,2,0,0,2,0,0,2,2
88,7924.604,9594.890,300.109,-183.655,-0.997948,-0.063695,-0.006615,0.063384,-0.997200,0.039689,-0.009124,0.039188,0.999190,0,0.74427,0.88954,44.656,1.779,-1,375.000,-1,375.000,-1,300.000,300.000,325.000,325.000,-1,225.000,300.000,-1,750.000,700.000,-1,-1,2,0,2,0,2,0,0,0,0,2,0,0,2,1,0,2,2
89,7880.121,9596.341,299.281,-181.868,-0.999457,-0.032569,-0.004991,0.032346,-0.998692,0.039601,-0.006274,0.039418,0.999203,0,0.74178,0.89345,44.507,1.787,-1,375.000,-1,375.000,-1,300.000,300.000,325.000,325.000,-1,200.000,300.000,-1,-1,700.000,-1,-1,2,0,2,0,2,0,0,0,0,2,0,0,2,2,0,2,2
90,7840.415,9596.563,299.140,-180.321,-0.999974,-0.005597,-0.004471,0.005418,-0.999217,0.039196,-0.004687,0.039171,0.999222,0,0.66178,0.77345,39.707,1.547,-1,400.000,-1,375.000,-1,325.000,300.000,325.000,300.000,-1,250.000,350.000,-1,-1,700.000,-1,-1,2,0,2,0,2,0,0,0,0,2,0,0,2,2,0,2,2
91,7804.639,9595.948,299.155,-179.014,-0.999844,0.017195,-0.004039,-0.017337,-0.999109,0.038467,-0.003374,0.038531,0.999252,0,0.59635,0.65345,35.781,1.307,-1,400.000,-1,375.000,-1,325.000,300.000,325.000,300.000,-1,275.000,400.000,-1,-1,700.000,-1,-1,2,0,2,0,2,0,0,0,0,2,0,0,2,2,0,2,2
92,7768.903,9594.667,299.195,-177.947,-0.999353,0.035796,-0.003600,-0.035906,-0.998643,0.037728,-0.002245,0.037833,0.999282,0,0.59599,0.53345,35.759,1.067,-1,400.000,-1,375.000,-1,325.000,300.000,325.000,300.000,-1,325.000,450.000,-1,-1,725.000,-1,-1,2,0,2,0,2,0,0,0,0,2,0,0,2,2,0,2,2
93,7733.174,9592.870,299.253,-177.120,-0.998734,0.050205,-0.003151,-0.050287,-0.998050,0.036982,-0.001288,0.037094,0.999311,0,0.59623,0.41345,35.774,0.827,-1,400.000,-1,375.000,-1,325.000,300.000,325.000,300.000,-1,350.000,475.000,-1,-1,725.000,-1,-1,2,0,2,0,2,0,0,0,0,2,0,0,2,2,0,2,2
94,7692.675,9590.417,299.332,-176.533,-0.998169,0.060427,-0.002619,-0.060483,-0.997515,0.036130,-0.000430,0.036223,0.999344,0,0.67623,0.29345,40.574,0.587,-1,400.000,-1,375.000,-1,325.000,300.000,325.000,300.000,-1,375.000,525.000,-1,-1,725.000,-1,-1,2,0,2,0,2,0,0,0,0,2,0,0,2,2,0,2,2
95,7651.372,9587.664,299.421,-176.186,-0.997786,0.066468,-0.002061,-0.066499,-0.997163,0.035261,0.000289,0.035320,0.999376,0,0.68990,0.17345,41.394,0.347,-1,400.000,-1,375.000,-1,325.000,325.000,325.000,300.000,-1,425.000,550.000,-1,-1,750.000,-1,-1,2,0,2,0,2,0,0,0,0,2,0,0,2,2,0,2,2
96,7610.040,9584.832,299.509,-176.080,-0.997662,0.068330,-0.001484,-0.068341,-0.997069,0.034391,0.000870,0.034412,0.999407,0,0.69049,0.05345,41.429,0.107,-1,400.000,-1,375.000,-1,325.000,325.000,325.000,300.000,-1,450.000,600.000,-1,-1,750.000,-1,-1,2,0,2,0,2,0,0,0,0,2,0,0,2,2,0,2,2
97,7566.711,9581.964,299.596,-176.213,-0.997818,0.066016,-0.000863,-0.066008,-0.997257,0.033479,0.001350,0.033462,0.999439,0,0.72373,-0.06655,43.424,-0.133,-1,400.000,-1,375.000,-1,325.000,325.000,325.000,300.000,-1,475.000,625.000,-1,-1,775.000,-1,-1,2,0,2,0,2,0,0,0,0,2,0,0,2,2,0,2,2
98,7523.111,9579.363,299.673,-176.586,-0.998227,0.059522,-0.000219,-0.059498,-0.997697,0.032558,0.001719,0.032514,0.999470,0,0.72796,-0.18655,43.677,-0.373,-1,425.000,-1,375.000,-1,325.000,325.000,325.000,300.000,-1,500.000,625.000,-1,-1,775.000,-1,-1,2,1,2,0,2,0,0,0,0,2,0,0,2,2,0,2,2
99,7479.250,9577.218,299.734,-177.199,-0.998806,0.048844,0.000445,-0.048806,-0.998307,0.031626,0.001989,0.031566,0.999500,0,0.73189,-0.30655,43.913,-0.613,-1,500.000,-1,375.000,-1,325.000,325.000,325.000,300.000,-1,525.000,650.000,-1,-1,775.000,-1,-1,2,1,2,0,2,1,0,0,0,2,0,0,2,2,0,2,2
100,7435.156,9575.538,299.779,-177.819,-0.999276,0.038041,0.001114,-0.037989,-0.998807,0.030696,0.002281,0.030631,0.999528,0,0.73544,-0.30997,44.126,-0.620,-1,-1,-1,400.000,-1,325.000,325.000,325.000,300.000,-1,525.000,650.000,-1,-1,800.000,-1,-1,2,2,2,0,2,1,0,0,0,2,0,0,2,2,0,2,2
101,7390.849,9574.323,299.808,-178.429,-0.999623,0.027412,0.001789,-0.027347,-0.999183,0.029769,0.002603,0.029708,0.999555,0,0.73872,-0.30483,44.323,-0.610,-1,-1,-1,400.000,-1,325.000,325.000,325.000,300.000,-1,550.000,675.000,-1,-1,800.000,-1,-1,2,2,2,0,2,1,0,0,0,2,0,0,2,2,0,2,2
102,7346.353,9573.568,299.822,-179.027,-0.999853,0.016971,0.002468,-0.016892,-0.999441,0.028842,0.002956,0.028796,0.999581,0,0.74171,-0.29935,44.503,-0.599,-1,-1,-1,400.000,-1,350.000,325.000,325.000,300.000,-1,575.000,675.000,-1,-1,800.000,-1,-1,2,2,2,0,2,1,0,0,0,2,0,0,2,2,0,2,2
103,7301.690,9573.268,299.822,-179.614,-0.999972,0.006731,0.003153,-0.006640,-0.999588,0.027913,0.003339,0.027891,0.999605,0,0.74439,-0.29350,44.664,-0.587,-1,1000.000,-1,400.000,-1,350.000,325.000,325.000,300.000,-1,600.000,700.000,-1,-1,825.000,-1,-1,2,1,2,0,2,1,0,0,0,2,0,0,2,2,0,2,2
104,7256.887,9573.415,299.811,-180.189,-0.999987,-0.003293,0.003842,0.003395,-0.999630,0.026981,0.003752,0.026994,0.999629,0,0.74671,-0.28727,44.803,-0.575,-1,950.000,-1,400.000,-1,350.000,325.000,300.000,300.000,-1,575.000,700.000,-1,-1,850.000,-1,-1,2,1,2,0,2,1,0,0,0,2,0,0,2,2,0,2,2
105,7211.973,9574.004,299.638,-180.750,-0.999908,-0.013086,0.003681,0.013175,-0.999594,0.025283,0.003349,0.025330,0.999674,0,0.74864,-0.28065,44.919,-0.561,-1,900.000,-1,400.000,-1,350.000,325.000,300.000,300.000,-1,600.000,750.000,-1,-1,875.000,-1,-1,2,1,2,0,2,1,0,0,0,2,0,0,2,2,0,2,2
106,7166.976,9575.026,297.051,-181.297,-0.999728,-0.022637,-0.005534,0.022549,-0.999627,0.015439,-0.005881,0.015310,0.999865,0,0.75013,-0.27362,45.008,-0.547,-1,825.000,-1,400.000,-1,325.000,325.000,275.000,325.000,-1,900.000,-1,-1,-1,825.000,-1,-1,2,1,2,0,2,0,0,0,0,2,0,2,2,2,0,2,2
107,7121.930,9576.466,294.539,-181.830,-0.999383,-0.031927,-0.014622,0.031839,-0.999473,0.006272,-0.014815,0.005803,0.999873,0,0.75114,-0.26618,45.069,-0.532,-1,725.000,-1,375.000,-1,300.000,300.000,275.000,325.000,-1,-1,-1,-1,-1,775.000,-1,-1,2,1,2,0,2,0,0,0,0,2,2,2,2,2,0,2,2
108,7076.870,9578.312,292.135,-182.346,-0.998886,-0.040938,-0.023454,0.041003,-0.999156,-0.002260,-0.023342,-0.003219,0.999722,0,0.75163,-0.25831,45.098,-0.517,-1,650.000,-1,350.000,-1,275.000,300.000,250.000,325.000,-1,-1,-1,-1,-1,725.000,-1,-1,2,1,2,0,2,0,0,0,0,2,2,2,2,2,0,2,2
109,7031.832,9580.550,289.853,-182.846,-0.998255,-0.049653,-0.031964,0.050000,-0.998698,-0.010126,-0.031420,-0.011707,0.999438,0,0.75154,-0.25001,45.093,-0.500,-1,575.000,-1,350.000,-1,275.000,275.000,225.000,325.000,-1,-1,-1,-1,975.000,700.000,-1,-1,2,1,2,0,2,0,0,0,0,2,2,2,2,1,0,2,2
110,6986.857,9583.163,287.705,-183.329,-0.997508,-0.058055,-0.040090,0.058786,-0.998121,-0.017304,-0.039010,-0.019617,0.999046,0,0.75083,-0.24127,45.050,-0.483,-1,500.000,-1,325.000,-1,250.000,275.000,200.000,325.000,-1,-1,-1,-1,900.000,675.000,-1,-1,2,1,2,0,2,0,0,0,0,2,2,2,2,1,0,2,2
111,6941.987,9586.135,285.702,-183.793,-0.996667,-0.066128,-0.047774,0.067320,-0.997448,-0.023775,-0.046080,-0.026912,0.998575,0,0.74946,-0.23209,44.968,-0.464,-1,450.000,-1,325.000,-1,250.000,250.000,225.000,325.000,-1,-1,-1,-1,825.000,650.000,-1,-1,2,1,2,0,2,0,0,1,0,2,2,2,2,1,0,2,2
112,6897.266,9589.445,283.851,-184.238,-0.995753,-0.073858,-0.054966,0.075558,-0.996704,-0.029531,-0.052603,-0.033559,0.998051,0,0.74738,-0.22249,44.843,-0.445,-1,375.000,-1,300.000,-1,225.000,250.000,250.000,325.000,-1,-1,-1,-1,750.000,625.000,-1,-1,2,1,2,0,2,0,0,1,0,2,2,2,2,1,0,2,2
113,6852.739,9593.073,282.162,-184.663,-0.994789,-0.081230,-0.061619,0.083463,-0.995911,-0.034568,-0.058559,-0.039530,0.997501,0,0.74456,-0.21247,44.674,-0.425,-1,325.000,-1,300.000,-1,225.000,250.000,325.000,350.000,-1,-1,-1,-1,675.000,600.000,975.000,-1,2,1,2,0,2,0,0,1,0,2,2,2,2,1,0,1,2
114,6808.453,9596.995,280.639,-185.067,-0.993797,-0.088233,-0.067697,0.090997,-0.995092,-0.038889,-0.063934,-0.044808,0.996948,0,0.74097,-0.20206,44.458,-0.404,1000.000,300.000,-1,300.000,-1,225.000,225.000,400.000,350.000,-1,-1,-1,-1,625.000,600.000,900.000,-1,1,1,2,0,2,0,0,1,0,2,2,2,2,1,0,1,2
115,6764.456,9601.188,279.287,-185.450,-0.992798,-0.094855,-0.073170,0.098128,-0.994266,-0.042505,-0.068719,-0.049379,0.996413,0,0.73658,-0.19131,44.195,-0.383,925.000,250.000,-1,300.000,-1,200.000,225.000,-1,350.000,-1,-1,-1,-1,575.000,575.000,825.000,-1,1,1,2,0,2,0,0,2,0,2,2,2,2,1,0,1,2
116,6720.796,9605.627,278.108,-185.810,-0.991814,-0.101089,-0.078017,0.104829,-0.993452,-0.045432,-0.072914,-0.053238,0.995916,0,0.73141,-0.18024,43.885,-0.360,850.000,225.000,-1,300.000,-1,200.000,225.000,-1,350.000,-1,-1,-1,-1,525.000,575.000,775.000,-1,1,0,2,0,2,0,0,2,0,2,2,2,2,1,0,1,2
117,6677.518,9610.286,277.101,-186.148,-0.990861,-0.106926,-0.082224,0.111078,-0.992667,-0.047692,-0.076522,-0.056390,0.995472,0,0.72546,-0.16892,43.527,-0.338,800.000,225.000,-1,300.000,-1,200.000,225.000,-1,375.000,-1,-1,-1,-1,475.000,575.000,700.000,-1,1,0,2,0,2,0,0,2,0,2,2,2,2,1,0,1,2
118,6634.666,9615.137,276.266,-186.463,-0.989957,-0.112363,-0.085788,0.116859,-0.991924,-0.049312,-0.079554,-0.058842,0.995092,0,0.71876,-0.15741,43.125,-0.315,750.000,225.000,-1,300.000,-1,200.000,225.000,-1,375.000,-1,-1,-1,-1,450.000,575.000,650.000,-1,1,0,2,0,2,0,0,2,0,2,2,2,2,1,0,1,2
119,6596.589,9619.498,275.298,-186.538,-0.989585,-0.113637,-0.088363,0.118508,-0.991592,-0.051974,-0.081714,-0.061904,0.994731,0,0.63876,-0.03741,38.325,-0.075,700.000,225.000,-1,300.000,-1,200.000,225.000,-1,375.000,-1,-1,-1,-1,425.000,575.000,600.000,-1,1,0,2,0,2,0,0,2,0,2,2,2,2,1,0,1,2
120,6563.271,9623.215,273.834,-186.372,-0.990393,-0.110742,-0.082810,0.115715,-0.991595,-0.057869,-0.075705,-0.066895,0.994884,0,0.55876,0.08259,33.525,0.165,650.000,250.000,-1,300.000,-1,200.000,225.000,-1,375.000,-1,0.000,-1,-1,450.000,625.000,600.000,-1,1,0,2,0,2,0,0,2,0,2,1,2,2,1,0,1,2
121,6534.703,9626.199,272.849,-185.967,-0.991608,-0.103708,-0.077189,0.108569,-0.992173,-0.061686,-0.070187,-0.069548,0.995106,0,0.47876,0.20259,28.725,0.405,650.000,250.000,-1,325.000,-1,225.000,250.000,-1,400.000,-1,0.000,-1,-1,450.000,650.000,575.000,-1,1,0,2,0,2,0,0,2,0,2,0,2,2,1,0,1,2
122,6510.881,9628.417,271.481,-185.322,-0.992967,-0.092519,-0.073864,0.097323,-0.993172,-0.064317,-0.067409,-0.071054,0.995192,0,0.39876,0.32259,23.925,0.645,625.000,250.000,-1,325.000,-1,225.000,250.000,-1,400.000,-1,0.000,-1,-1,475.000,675.000,575.000,-1,1,0,2,0,2,0,0,2,0,2,0,2,2,1,0,1,2
123,6491.814,9629.895,270.118,-184.437,-0.994374,-0.077156,-0.072572,0.082055,-0.994364,-0.067139,-0.066983,-0.072716,0.995101,0,0.31876,0.44259,19.125,0.885,625.000,250.000,-1,325.000,-1,225.000,250.000,-1,400.000,-1,0.000,-1,-1,475.000,675.000,550.000,-1,1,0,2,0,2,0,0,2,0,2,0,2,2,1,0,1,2
124,5575.705,-3607.825,299.128,-120.258,-0.463698,0.833207,0.301248,-0.873923,-0.486063,-0.000815,0.145746,-0.263646,0.953545,1,0.00000,0.00000,14.325,1.125,500.000,500.000,-1,-1,-1,-1,-1,850.000,-1,625.000,0.000,0.000,-1,825.000,-1,375.000,-1,1,1,2,2,2,2,2,1,2,1,1,1,2,1,2,1,2
125,6883.203,-7540.699,384.716,148.314,-0.850669,-0.525259,0.021574,0.525249,-0.850923,-0.006594,0.021822,0.005722,0.999746,1,0.08000,-0.12000,4.800,-0.240,-1,400.000,-1,400.000,-1,325.000,325.000,300.000,175.000,-1,-1,-1,-1,925.000,800.000,-1,-1,2,0,2,0,2,0,0,0,1,2,2,2,2,0,0,2,2
126,6875.076,-7535.588,385.141,147.834,-0.846258,-0.532369,0.020751,0.532362,-0.846493,-0.006337,0.020939,0.005685,0.999765,0,0.16000,-0.24000,9.600,-0.480,-1,400.000,-1,400.000,-1,325.000,325.000,300.000,175.000,-1,-1,-1,-1,925.000,800.000,-1,-1,2,0,2,0,2,0,0,0,1,2,2,2,2,0,0,2,2
127,6862.984,-7527.770,385.779,147.114,-0.839529,-0.542964,0.019521,0.542961,-0.839737,-0.005932,0.019613,0.005619,0.999792,0,0.24000,-0.36000,14.400,-0.720,-1,400.000,-1,400.000,-1,325.000,325.000,300.000,175.000,-1,-1,-1,-1,925.000,800.000,-1,-1,2,0,2,0,2,0,0,0,1,2,2,2,2,0,0,2,2
128,6847.038,-7517.076,386.623,146.154,-0.830348,-0.556958,0.017901,0.556959,-0.830523,-0.005353,0.017849,0.005525,0.999825,0,0.32000,-0.48000,19.200,-0.960,-1,400.000,-1,400.000,-1,325.000,325.000,300.000,175.000,-1,-1,-1,-1,925.000,800.000,-1,-1,2,0,2,0,2,0,0,0,1,2,2,2,2,0,0,2,2
129,6827.389,-7503.294,387.668,144.954,-0.818539,-0.574229,0.015963,0.574237,-0.818677,-0.004552,0.015683,0.005441,0.999862,0,0.40000,-0.60000,24.000,-1.200,-1,400.000,-1,400.000,-1,325.000,325.000,300.000,200.000,-1,-1,-1,-1,900.000,775.000,-1,-1,2,0,2,0,2,0,0,0,1,2,2,2,2,0,0,2,2
130,6804.177,-7486.247,388.993,143.706,-0.805888,-0.591915,0.013467,0.591925,-0.805984,-0.003652,0.013016,0.005028,0.999903,0,0.48000,-0.62367,28.800,-1.247,-1,400.000,-1,400.000,-1,325.000,325.000,300.000,200.000,-1,-1,-1,-1,875.000,775.000,-1,-1,2,0,2,0,2,0,0,0,1,2,2,2,2,0,0,2,2
131,6777.533,-7465.776,390.353,142.465,-0.792914,-0.609243,0.010489,0.609242,-0.792976,-0.003621,0.010524,0.003519,0.999938,0,0.56000,-0.62074,33.600,-1.241,-1,400.000,-1,400.000,-1,325.000,325.000,300.000,200.000,-1,-1,-1,-1,875.000,775.000,-1,-1,2,0,2,0,2,0,0,0,1,2,2,2,2,0,0,2,2
132,6747.594,-7441.730,391.686,141.231,-0.779638,-0.626188,0.007329,0.626175,-0.779671,-0.004249,0.008375,0.001276,0.999964,0,0.64000,-0.61719,38.400,-1.234,-1,400.000,-1,400.000,-1,325.000,325.000,300.000,225.000,-1,-1,-1,-1,850.000,775.000,-1,-1,2,0,2,0,2,0,0,0,1,2,2,2,2,0,0,2,2
133,6714.498,-7413.965,393.034,140.005,-0.766085,-0.642724,0.004410,0.642707,-0.766097,-0.004712,0.006408,-0.000776,0.999979,0,0.72000,-0.61291,43.200,-1.226,-1,400.000,-1,400.000,-1,325.000,325.000,300.000,225.000,-1,-1,-1,-1,850.000,775.000,-1,-1,2,0,2,0,2,0,0,0,1,2,2,2,2,0,0,2,2
134,6681.515,-7385.078,394.152,138.789,-0.752288,-0.658829,0.002547,0.658814,-0.752290,-0.004870,0.005125,-0.001986,0.999985,0,0.73074,-0.60775,43.844,-1.215,-1,400.000,-1,400.000,-1,325.000,325.000,300.000,250.000,-1,-1,-1,-1,850.000,775.000,-1,-1,2,0,2,0,2,0,0,0,1,2,2,2,2,0,0,2,2
