timestep,x_cm,y_cm,z_cm,yaw_deg,basis_xx,basis_xy,basis_xz,basis_yx,basis_yy,basis_yz,basis_zx,basis_zy,basis_zz,teleport_flag,throttle_cmd,steering_cmd,cmd_move_cm,cmd_turn_deg,lidar_cm_0,lidar_cm_1,lidar_cm_2,lidar_cm_3,lidar_cm_4,lidar_cm_5,lidar_cm_6,lidar_cm_7,lidar_cm_8,lidar_cm_9,lidar_cm_10,lidar_cm_11,lidar_cm_12,lidar_cm_13,lidar_cm_14,lidar_cm_15,lidar_cm_16,lidar_class_0,lidar_class_1,lidar_class_2,lidar_class_3,lidar_class_4,lidar_class_5,lidar_class_6,lidar_class_7,lidar_class_8,lidar_class_9,lidar_class_10,lidar_class_11,lidar_class_12,lidar_class_13,lidar_class_14,lidar_class_15,lidar_class_16
0,-4267.933,325.962,-220.871,-155.359,-0.904346,0.416891,-0.091441,-0.416333,-0.908840,-0.026010,-0.093949,0.014548,0.995471,1,0.08000,0.12000,4.800,0.240,675.000,400.000,-1,400.000,-1,325.000,325.000,300.000,300.000,-1,-1,-1,-1,700.000,675.000,775.000,-1,1,0,2,0,2,0,0,0,0,2,2,2,2,1,0,1,2
1,-4276.625,321.887,-221.783,-154.879,-0.900802,0.424485,-0.091480,-0.423957,-0.905306,-0.026098,-0.093896,0.015275,0.995465,0,0.16000,0.24000,9.600,0.480,650.000,400.000,-1,400.000,-1,325.000,325.000,300.000,300.000,-1,-1,-1,-1,700.000,675.000,750.000,-1,1,0,2,0,2,0,0,0,0,2,2,2,2,1,0,1,2
2,-4289.610,315.662,-223.145,-154.391,-0.897130,0.432180,-0.091532,-0.431680,-0.901646,-0.026212,-0.093857,0.015997,0.995457,0,0.24000,0.24413,14.400,0.488,650.000,400.000,-1,375.000,-1,325.000,325.000,300.000,300.000,-1,-1,-1,-1,700.000,675.000,725.000,-1,1,0,2,0,2,0,0,0,0,2,2,2,2,1,0,1,2
3,-4306.852,307.214,-224.960,-153.897,-0.893350,0.439928,-0.091599,-0.439456,-0.897878,-0.026343,-0.093834,0.016720,0.995447,0,0.32000,0.24685,19.200,0.494,625.000,400.000,-1,375.000,-1,325.000,325.000,300.000,275.000,-1,-1,-1,-1,675.000,675.000,700.000,-1,1,0,2,0,2,0,0,0,0,2,2,2,2,1,0,1,2
4,-4328.311,296.466,-227.234,-153.396,-0.889440,0.447760,-0.091689,-0.447317,-0.893983,-0.026481,-0.093825,0.017461,0.995436,0,0.40000,0.25063,24.000,0.501,600.000,400.000,-1,375.000,-1,325.000,325.000,300.000,275.000,-1,-1,-1,-1,650.000,675.000,675.000,-1,1,0,2,0,2,0,0,0,0,2,2,2,2,1,0,1,2
5,-4353.945,283.340,-229.972,-152.884,-0.885381,0.455710,-0.091806,-0.455298,-0.889941,-0.026611,-0.093829,0.018238,0.995421,0,0.48000,0.25555,28.800,0.511,575.000,400.000,-1,375.000,-1,325.000,325.000,300.000,275.000,-1,-1,-1,-1,650.000,675.000,650.000,-1,1,0,2,0,2,0,0,0,0,2,2,2,2,1,0,1,2
6,-4383.711,267.753,-233.182,-152.361,-0.881147,0.463815,-0.091957,-0.463437,-0.885727,-0.026719,-0.093842,0.019073,0.995404,0,0.56000,0.26173,33.600,0.523,550.000,400.000,-1,375.000,-1,325.000,325.000,300.000,275.000,-1,-1,-1,-1,625.000,675.000,625.000,-1,1,0,2,0,2,0,0,0,0,2,2,2,2,1,0,1,2
7,-4417.489,249.487,-236.787,-151.598,-0.874879,0.475567,-0.091773,-0.475224,-0.879452,-0.026965,-0.093533,0.020022,0.995415,0,0.64000,0.38173,38.400,0.763,525.000,400.000,-1,375.000,-1,325.000,325.000,300.000,275.000,-1,-1,-1,-1,600.000,650.000,600.000,-1,1,0,2,0,2,0,0,0,0,2,2,2,2,1,0,1,2
8,-4455.134,228.295,-240.757,-150.624,-0.866663,0.490438,-0.091464,-0.490110,-0.871224,-0.027567,-0.093205,0.020936,0.995427,0,0.72000,0.48700,43.200,0.974,500.000,400.000,-1,375.000,-1,325.000,325.000,300.000,275.000,-1,-1,-1,-1,575.000,650.000,550.000,-1,1,0,2,0,2,0,0,0,0,2,2,2,2,1,0,1,2
9,-4493.856,205.603,-244.875,-149.629,-0.858012,0.505476,-0.091161,-0.505158,-0.862565,-0.028237,-0.092906,0.021824,0.995436,0,0.74803,0.49723,44.882,0.994,450.000,400.000,-1,375.000,-1,325.000,300.000,300.000,275.000,-1,-1,-1,1000.000,550.000,650.000,500.000,-1,1,0,2,0,2,0,0,0,0,2,2,2,1,1,0,1,2
10,-4532.264,182.170,-248.863,-148.612,-0.848967,0.520698,-0.090157,-0.520358,-0.853452,-0.029102,-0.092099,0.022207,0.995502,0,0.74987,0.50839,44.992,1.017,425.000,400.000,-1,375.000,-1,325.000,300.000,300.000,300.000,-1,-1,-1,925.000,525.000,650.000,450.000,-1,1,1,2,0,2,0,0,0,0,2,2,2,1,1,0,1,2
11,-4570.366,157.963,-252.689,-147.572,-0.839521,0.536107,-0.088281,-0.535707,-0.843864,-0.030178,-0.090676,0.021958,0.995638,0,0.75235,0.52005,45.141,1.040,375.000,375.000,-1,375.000,-1,325.000,300.000,300.000,300.000,-1,-1,-1,900.000,500.000,650.000,425.000,-1,1,1,2,0,2,0,0,1,0,2,2,2,1,1,0,1,2
12,-4608.166,132.951,-256.541,-146.508,-0.829565,0.551692,-0.086357,-0.551243,-0.833763,-0.031136,-0.089179,0.021774,0.995778,0,0.75544,0.53219,45.326,1.064,350.000,350.000,-1,375.000,-1,325.000,300.000,300.000,300.000,-1,-1,-1,900.000,475.000,650.000,375.000,-1,1,1,2,0,2,0,0,1,0,2,2,2,1,1,0,1,2
13,-4645.665,107.100,-260.424,-145.418,-0.819072,0.567450,-0.084388,-0.566962,-0.823123,-0.031968,-0.087602,0.021660,0.995920,0,0.75911,0.54483,45.547,1.090,300.000,325.000,-1,375.000,-1,325.000,300.000,300.000,300.000,-1,-1,-1,900.000,450.000,650.000,350.000,-1,1,1,2,0,2,0,0,1,0,2,2,2,1,1,0,1,2
14,-4682.859,80.375,-264.299,-144.302,-0.808015,0.583372,-0.082399,-0.582873,-0.811913,-0.032488,-0.085854,0.021777,0.996070,0,0.76333,0.55798,45.800,1.116,275.000,325.000,-1,375.000,-1,325.000,300.000,275.000,300.000,-1,-1,-1,900.000,425.000,650.000,300.000,-1,1,1,2,0,2,1,0,1,0,2,2,2,1,1,0,1,2
15,-4719.739,52.742,-266.330,-143.159,-0.796421,0.599333,-0.080706,-0.599608,-0.799949,-0.023496,-0.078643,0.029680,0.996461,0,0.76808,0.57164,46.085,1.143,275.000,325.000,-1,375.000,-1,300.000,325.000,300.000,300.000,-1,-1,-1,875.000,425.000,675.000,275.000,-1,1,1,2,0,2,1,0,1,0,2,2,2,1,1,0,1,2
16,-4756.291,24.167,-268.172,-141.987,-0.784226,0.615379,-0.079363,-0.616446,-0.787287,-0.013194,-0.070601,0.038576,0.996758,0,0.77330,0.58585,46.398,1.172,250.000,300.000,-1,400.000,-1,300.000,325.000,300.000,300.000,-1,700.000,650.000,850.000,425.000,700.000,275.000,-1,1,1,2,0,2,1,0,1,0,2,0,0,1,1,1,1,2
17,-4792.498,-5.384,-269.824,-140.786,-0.771416,0.631475,-0.078463,-0.633331,-0.773879,-0.001571,-0.061713,0.048481,0.996916,0,0.77895,0.60060,46.737,1.201,250.000,300.000,-1,400.000,-1,300.000,325.000,300.000,275.000,-1,500.000,425.000,825.000,425.000,675.000,275.000,-1,1,1,2,0,2,1,1,1,0,2,0,0,1,1,1,1,2
18,-4828.336,-35.943,-271.284,-139.554,-0.757981,0.647583,-0.078107,-0.650203,-0.759675,0.011377,-0.051968,0.059409,0.996880,0,0.78499,0.61594,47.099,1.232,250.000,300.000,-1,425.000,-1,275.000,325.000,325.000,275.000,-1,400.000,300.000,800.000,425.000,675.000,275.000,-1,1,1,2,1,2,1,1,1,0,2,0,0,1,1,1,1,2
19,-4863.774,-67.541,-272.599,-138.290,-0.743908,0.663669,-0.078386,-0.666990,-0.744634,0.025384,-0.041522,0.071166,0.996600,0,0.79135,0.63188,47.481,1.264,250.000,300.000,-1,400.000,-1,275.000,325.000,325.000,275.000,-1,325.000,225.000,775.000,425.000,675.000,275.000,-1,1,1,2,1,2,1,1,1,0,2,0,0,1,1,1,1,2
20,-4898.777,-100.205,-273.796,-136.993,-0.729134,0.679765,-0.079262,-0.683645,-0.728792,0.038627,-0.031508,0.082351,0.996105,0,0.79797,0.64846,47.878,1.297,250.000,300.000,-1,400.000,-1,275.000,300.000,350.000,275.000,-1,275.000,175.000,750.000,400.000,650.000,275.000,-1,1,1,2,1,2,1,1,1,0,2,0,0,0,1,1,1,2
21,-4933.302,-133.961,-274.964,-135.662,-0.713665,0.695810,-0.080813,-0.700163,-0.712078,0.052119,-0.021280,0.093778,0.995366,0,0.80477,0.66572,48.286,1.331,250.000,275.000,-1,375.000,-1,275.000,300.000,350.000,250.000,-1,250.000,125.000,650.000,400.000,650.000,275.000,-1,1,1,2,1,2,1,1,1,0,2,0,0,0,1,1,1,2
22,-4967.299,-168.830,-276.102,-134.295,-0.697484,0.711767,-0.083086,-0.716518,-0.694454,0.065841,-0.010836,0.105456,0.994365,0,0.81168,0.68370,48.701,1.367,250.000,275.000,-1,375.000,1000.000,250.000,300.000,350.000,250.000,-1,225.000,100.000,550.000,400.000,650.000,275.000,-1,1,1,2,1,1,1,1,1,0,2,0,0,0,1,1,1,2
23,-5000.713,-204.826,-276.816,-132.890,-0.680476,0.727719,-0.085889,-0.732769,-0.675996,0.077968,-0.001322,0.115992,0.993249,0,0.81860,0.70244,49.116,1.405,250.000,275.000,-1,350.000,975.000,250.000,275.000,375.000,250.000,-1,200.000,100.000,500.000,400.000,650.000,275.000,-1,1,1,2,1,1,1,1,1,0,2,0,0,0,1,1,1,2
24,-983.898,5575.424,-177.201,147.006,-0.838698,-0.544551,0.007071,0.544502,-0.838723,-0.007831,0.010195,-0.002718,0.999944,1,0.00000,0.00000,49.525,1.444,-1,400.000,-1,400.000,-1,325.000,325.000,300.000,300.000,-1,-1,-1,-1,825.000,775.000,-1,-1,2,0,2,0,2,0,0,0,0,2,2,2,2,0,0,2,2
25,-987.913,5578.055,-177.156,146.766,-0.836410,-0.548060,0.006935,0.548011,-0.836435,-0.007816,0.010084,-0.002737,0.999945,0,0.08000,-0.12000,4.800,-0.240,-1,400.000,-1,400.000,-1,325.000,325.000,300.000,300.000,-1,-1,-1,-1,825.000,775.000,-1,-1,2,0,2,0,2,0,0,0,0,2,2,2,2,0,0,2,2
26,-995.906,5583.372,-177.064,146.364,-0.832546,-0.553915,0.006658,0.553868,-0.832568,-0.007786,0.009856,-0.002795,0.999948,0,0.16000,-0.20101,9.600,-0.402,-1,400.000,-1,400.000,-1,325.000,325.000,300.000,300.000,-1,-1,-1,-1,825.000,775.000,-1,-1,2,0,2,0,2,0,0,0,0,2,2,2,2,0,0,2,2
27,-1007.839,5591.432,-176.925,145.962,-0.828643,-0.559743,0.006234,0.559697,-0.828661,-0.007742,0.009500,-0.002926,0.999951,0,0.24000,-0.20101,14.400,-0.402,-1,400.000,-1,400.000,-1,325.000,325.000,300.000,300.000,-1,-1,-1,-1,825.000,775.000,-1,-1,2,0,2,0,2,0,0,0,0,2,2,2,2,0,0,2,2
28,-1023.673,5602.291,-176.742,145.560,-0.824699,-0.565544,0.005661,0.565500,-0.824712,-0.007684,0.009014,-0.003136,0.999954,0,0.32000,-0.20101,19.200,-0.402,-1,400.000,-1,400.000,-1,325.000,325.000,300.000,300.000,-1,-1,-1,-1,825.000,775.000,-1,-1,2,0,2,0,2,0,0,0,0,2,2,2,2,0,0,2,2
29,-1043.371,5616.003,-176.500,145.158,-0.820715,-0.571316,0.005039,0.571276,-0.820723,-0.007579,0.008466,-0.003342,0.999959,0,0.40000,-0.20101,24.000,-0.402,-1,400.000,-1,400.000,-1,325.000,325.000,300.000,300.000,-1,-1,-1,-1,825.000,750.000,-1,-1,2,0,2,0,2,0,0,0,0,2,2,2,2,0,0,2,2
30,-1066.892,5632.622,-176.162,144.756,-0.816688,-0.577061,0.004595,0.577024,-0.816694,-0.007365,0.008002,-0.003364,0.999962,0,0.48000,-0.20101,28.800,-0.402,-1,400.000,-1,400.000,-1,325.000,325.000,300.000,300.000,-1,-1,-1,-1,825.000,750.000,-1,-1,2,0,2,0,2,0,0,0,0,2,2,2,2,0,0,2,2
31,-1094.196,5652.203,-175.798,144.354,-0.812622,-0.582777,0.004061,0.582743,-0.812625,-0.007172,0.007480,-0.003462,0.999966,0,0.56000,-0.20101,33.600,-0.402,-1,400.000,-1,400.000,-1,325.000,325.000,300.000,300.000,-1,-1,-1,-1,825.000,750.000,-1,-1,2,0,2,0,2,0,0,0,0,2,2,2,2,0,0,2,2
32,-1125.243,5674.801,-175.443,143.952,-0.808516,-0.588464,0.003442,0.588433,-0.808515,-0.007123,0.006974,-0.003734,0.999969,0,0.64000,-0.20101,38.400,-0.402,-1,400.000,-1,400.000,-1,325.000,325.000,300.000,300.000,-1,-1,-1,-1,825.000,750.000,-1,-1,2,0,2,0,2,0,0,0,0,2,2,2,2,0,0,2,2
33,-1159.992,5700.467,-175.079,143.550,-0.804371,-0.594122,0.002727,0.594093,-0.804365,-0.007067,0.006392,-0.004065,0.999971,0,0.72000,-0.20101,43.200,-0.402,-1,400.000,-1,400.000,-1,325.000,325.000,300.000,300.000,-1,-1,-1,-1,825.000,750.000,-1,-1,2,0,2,0,2,0,0,0,0,2,2,2,2,0,0,2,2
34,-1198.401,5729.255,-174.720,143.148,-0.800185,-0.599750,0.001914,0.599726,-0.800175,-0.007004,0.005732,-0.004456,0.999974,0,0.80000,-0.20101,48.000,-0.402,-1,400.000,-1,400.000,-1,325.000,325.000,300.000,300.000,-1,-1,-1,-1,800.000,750.000,-1,-1,2,0,2,0,2,0,0,0,0,2,2,2,2,0,0,2,2
35,-1240.427,5761.218,-174.431,142.746,-0.795961,-0.605348,0.000746,0.605329,-0.795945,-0.006996,0.004829,-0.005117,0.999975,0,0.88000,-0.20101,52.800,-0.402,-1,400.000,-1,400.000,-1,325.000,325.000,300.000,300.000,-1,-1,-1,-1,800.000,725.000,-1,-1,2,0,2,0,2,0,0,0,0,2,2,2,2,0,0,2,2
36,-1283.023,5794.087,-174.226,142.344,-0.791696,-0.610915,-0.000612,0.610904,-0.791674,-0.007017,0.003802,-0.005929,0.999975,0,0.89672,-0.20101,53.803,-0.402,-1,400.000,-1,400.000,-1,325.000,325.000,300.000,300.000,-1,-1,-1,-1,800.000,725.000,-1,-1,2,0,2,0,2,0,0,0,0,2,2,2,2,0,0,2,2
37,-1325.386,5827.255,-174.065,141.941,-0.787390,-0.616452,-0.001889,0.616448,-0.787364,-0.007004,0.002830,-0.006679,0.999974,0,0.89672,-0.20101,53.803,-0.402,-1,400.000,-1,400.000,-1,325.000,325.000,300.000,300.000,-1,-1,-1,-1,800.000,725.000,-1,-1,2,0,2,0,2,0,0,0,0,2,2,2,2,0,0,2,2
38,-1367.516,5860.719,-173.806,141.539,-0.783046,-0.621956,-0.003083,0.621959,-0.783012,-0.007632,0.002332,-0.007894,0.999966,0,0.89672,-0.20101,53.803,-0.402,-1,400.000,-1,375.000,-1,325.000,325.000,300.000,300.000,-1,-1,-1,-1,775.000,725.000,-1,-1,2,0,2,0,2,0,0,0,0,2,2,2,2,0,0,2,2
39,-1409.410,5894.478,-173.543,141.137,-0.778664,-0.627428,-0.004091,0.627437,-0.778620,-0.008553,0.002181,-0.009227,0.999955,0,0.89672,-0.20101,53.803,-0.402,-1,400.000,-1,375.000,-1,325.000,325.000,300.000,300.000,-1,-1,-1,-1,775.000,725.000,-1,-1,2,0,2,0,2,0,0,0,0,2,2,2,2,0,0,2,2
40,-1451.066,5928.530,-173.334,140.735,-0.774244,-0.632868,-0.004937,0.632883,-0.774189,-0.009470,0.002171,-0.010457,0.999943,0,0.89672,-0.20101,53.803,-0.402,-1,400.000,-1,375.000,-1,325.000,325.000,300.000,300.000,-1,-1,-1,-1,775.000,725.000,-1,-1,2,0,2,0,2,0,0,0,0,2,2,2,2,0,0,2,2
41,-1492.482,5962.873,-173.160,140.333,-0.769786,-0.638276,-0.005722,0.638298,-0.769719,-0.010407,0.002238,-0.011663,0.999929,0,0.89672,-0.20101,53.803,-0.402,-1,400.000,-1,375.000,-1,325.000,325.000,300.000,300.000,-1,-1,-1,-1,750.000,725.000,-1,-1,2,0,2,0,2,0,0,0,0,2,2,2,2,0,0,2,2
42,-1533.656,5997.506,-172.976,139.931,-0.765290,-0.643653,-0.006440,0.643682,-0.765212,-0.011145,0.002245,-0.012675,0.999917,0,0.89672,-0.20101,53.803,-0.402,-1,400.000,-1,375.000,-1,325.000,325.000,300.000,300.000,-1,-1,-1,-1,750.000,725.000,-1,-1,2,0,2,0,2,0,0,0,0,2,2,2,2,0,0,2,2
43,-1574.586,6032.428,-172.689,139.529,-0.760754,-0.649001,-0.007080,0.649037,-0.760671,-0.011463,0.002054,-0.013316,0.999909,0,0.89672,-0.20101,53.803,-0.402,-1,400.000,-1,375.000,-1,325.000,325.000,300.000,300.000,-1,-1,-1,-1,750.000,725.000,-1,-1,2,0,2,0,2,0,0,0,0,2,2,2,2,0,0,2,2
44,-1614.061,6066.300,-172.429,139.367,-0.758916,-0.651144,-0.007623,0.651185,-0.758825,-0.011911,0.001971,-0.014003,0.999900,0,0.86692,-0.08101,52.015,-0.162,-1,400.000,-1,375.000,-1,325.000,325.000,300.000,300.000,-1,-1,-1,-1,750.000,700.000,-1,-1,2,0,2,0,2,0,0,0,0,2,2,2,2,0,0,2,2
45,-1653.581,6100.119,-172.205,139.445,-0.759802,-0.650104,-0.008077,0.650151,-0.759703,-0.012420,0.001938,-0.014688,0.999890,0,0.86692,0.03899,52.015,0.078,-1,400.000,-1,375.000,-1,325.000,325.000,300.000,300.000,-1,-1,-1,-1,725.000,700.000,-1,-1,2,0,2,0,2,0,0,0,0,2,2,2,2,0,0,2,2
46,-1693.251,6133.763,-172.018,139.699,-0.762679,-0.646722,-0.008434,0.646774,-0.762571,-0.012981,0.001964,-0.015355,0.999880,0,0.86692,0.12704,52.015,0.254,-1,400.000,-1,375.000,-1,325.000,325.000,300.000,300.000,-1,-1,-1,-1,725.000,700.000,-1,-1,2,0,2,0,2,0,0,0,0,2,2,2,2,0,0,2,2
47,-1733.070,6167.230,-171.915,139.953,-0.765543,-0.643326,-0.008709,0.643381,-0.765421,-0.013836,0.002235,-0.016195,0.999866,0,0.86692,0.12704,52.015,0.254,-1,400.000,-1,375.000,-1,325.000,325.000,300.000,300.000,-1,-1,-1,-1,725.000,700.000,-1,-1,2,0,2,0,2,0,0,0,0,2,2,2,2,0,0,2,2
48,-1773.037,6200.520,-171.871,140.208,-0.768394,-0.639915,-0.008898,0.639972,-0.768255,-0.014855,0.002670,-0.017109,0.999850,0,0.86692,0.12704,52.015,0.254,-1,400.000,-1,375.000,-1,325.000,325.000,300.000,300.000,-1,-1,-1,-1,725.000,700.000,-1,-1,2,0,2,0,2,0,0,0,0,2,2,2,2,0,0,2,2
49,-1813.151,6233.632,-171.842,140.462,-0.771230,-0.636493,-0.008967,0.636548,-0.771074,-0.015833,0.003163,-0.017919,0.999834,0,0.86692,0.12704,52.015,0.254,-1,375.000,-1,375.000,-1,325.000,325.000,300.000,300.000,-1,-1,-1,-1,725.000,700.000,-1,-1,2,0,2,0,2,0,0,0,0,2,2,2,2,0,0,2,2
50,-1853.412,6266.567,-171.541,140.716,-0.774053,-0.633061,-0.008749,0.633110,-0.773881,-0.016733,0.003823,-0.018492,0.999822,0,0.86692,0.12704,52.015,0.254,-1,375.000,-1,375.000,-1,325.000,325.000,300.000,300.000,-1,-1,-1,-1,725.000,700.000,-1,-1,2,0,2,0,2,0,0,0,0,2,2,2,2,0,0,2,2
51,-1893.818,6299.322,-171.129,140.970,-0.776859,-0.629616,-0.008553,0.629658,-0.776672,-0.017620,0.004451,-0.019074,0.999808,0,0.86692,0.12704,52.015,0.254,-1,375.000,-1,375.000,-1,325.000,325.000,300.000,300.000,-1,-1,-1,-1,725.000,700.000,-1,-1,2,0,2,0,2,0,0,0,0,2,2,2,2,0,0,2,2
52,-1934.369,6331.899,-170.681,141.224,-0.779652,-0.626162,-0.008040,0.626191,-0.779452,-0.018416,0.005265,-0.019393,0.999798,0,0.86692,0.12704,52.015,0.254,-1,375.000,-1,375.000,-1,325.000,325.000,300.000,300.000,-1,-1,-1,-1,725.000,700.000,-1,-1,2,0,2,0,2,0,0,0,0,2,2,2,2,0,0,2,2
53,-1975.065,6364.294,-170.249,141.478,-0.782428,-0.622696,-0.007473,0.622711,-0.782217,-0.019179,0.006097,-0.019660,0.999788,0,0.86692,0.12704,52.015,0.254,-1,375.000,-1,375.000,-1,325.000,325.000,300.000,300.000,-1,-1,-1,-1,725.000,700.000,-1,-1,2,0,2,0,2,0,0,0,0,2,2,2,2,0,0,2,2
54,-2015.903,6396.510,-169.833,141.732,-0.785189,-0.619218,-0.006854,0.619217,-0.784967,-0.019907,0.006947,-0.019874,0.999778,0,0.86692,0.12704,52.015,0.254,-1,375.000,-1,375.000,-1,325.000,325.000,300.000,300.000,-1,-1,-1,-1,725.000,700.000,-1,-1,2,0,2,0,2,0,0,0,0,2,2,2,2,0,0,2,2
55,-2056.884,6428.543,-169.416,141.986,-0.787934,-0.615729,-0.006256,0.615711,-0.787702,-0.020617,0.007767,-0.020097,0.999768,0,0.86692,0.12704,52.015,0.254,-1,375.000,-1,375.000,-1,325.000,325.000,300.000,300.000,-1,-1,-1,-1,725.000,700.000,-1,-1,2,0,2,0,2,0,0,0,0,2,2,2,2,0,0,2,2
56,-2098.006,6460.395,-168.978,142.240,-0.790662,-0.612226,-0.005772,0.612194,-0.790420,-0.021333,0.008498,-0.020401,0.999756,0,0.86692,0.12704,52.015,0.254,-1,375.000,-1,375.000,-1,325.000,325.000,300.000,300.000,-1,-1,-1,-1,700.000,700.000,-1,-1,2,0,2,0,2,0,0,0,0,2,2,2,2,0,0,2,2
57,-2139.270,6492.064,-168.549,142.494,-0.793375,-0.608711,-0.005271,0.608664,-0.793123,-0.022023,0.009225,-0.020681,0.999744,0,0.86692,0.12704,52.015,0.254,-1,375.000,-1,375.000,-1,325.000,325.000,300.000,300.000,-1,-1,-1,-1,700.000,700.000,-1,-1,2,0,2,0,2,0,0,0,0,2,2,2,2,0,0,2,2
58,-2180.673,6523.550,-168.022,142.748,-0.796075,-0.605180,-0.004741,0.605111,-0.795803,-0.023189,0.010260,-0.021329,0.999720,0,0.86692,0.12704,52.015,0.254,-1,375.000,-1,375.000,-1,325.000,325.000,300.000,300.000,-1,-1,-1,-1,700.000,700.000,-1,-1,2,0,2,0,2,0,0,0,0,2,2,2,2,0,0,2,2
59,-2222.216,6554.852,-167.370,143.002,-0.798764,-0.601630,-0.004172,0.601531,-0.798460,-0.024962,0.011687,-0.022449,0.999680,0,0.86692,0.12704,52.015,0.254,-1,375.000,-1,375.000,-1,325.000,325.000,300.000,300.000,-1,-1,-1,-1,700.000,725.000,-1,-1,2,0,2,0,2,0,0,0,0,2,2,2,2,0,0,2,2
60,-2263.897,6585.969,-166.715,143.256,-0.801438,-0.598067,-0.003575,0.597934,-0.801099,-0.026758,0.013139,-0.023583,0.999636,0,0.86692,0.12704,52.015,0.254,-1,400.000,-1,375.000,-1,325.000,325.000,300.000,300.000,-1,900.000,-1,-1,700.000,725.000,-1,-1,2,0,2,0,2,0,0,0,0,2,0,2,2,0,0,2,2
61,-2305.716,6616.901,-166.074,143.511,-0.804095,-0.594493,-0.002953,0.594322,-0.803722,-0.028503,0.014571,-0.024674,0.999589,0,0.86692,0.12704,52.015,0.254,-1,400.000,-1,375.000,-1,325.000,325.000,300.000,300.000,-1,775.000,925.000,-1,700.000,725.000,-1,-1,2,0,2,0,2,0,0,0,0,2,0,0,2,0,0,2,2
62,-2347.671,6647.647,-165.395,143.765,-0.806734,-0.590911,-0.002317,0.590704,-0.806333,-0.029936,0.015821,-0.025519,0.999549,0,0.86692,0.12704,52.015,0.254,-1,375.000,-1,400.000,-1,325.000,325.000,300.000,300.000,-1,725.000,850.000,-1,700.000,750.000,-1,-1,2,0,2,0,2,0,0,0,0,2,0,0,2,0,0,2,2
63,-2389.763,6678.207,-164.614,144.019,-0.809350,-0.587324,-0.001686,0.587090,-0.808939,-0.030724,0.016681,-0.025856,0.999526,0,0.86692,0.12704,52.015,0.254,-1,375.000,-1,400.000,-1,325.000,325.000,300.000,300.000,-1,700.000,825.000,-1,700.000,750.000,-1,-1,2,0,2,0,2,0,0,0,0,2,0,0,2,0,0,2,2
64,-2431.989,6708.580,-163.760,144.273,-0.811946,-0.583732,-0.001062,0.583478,-0.811536,-0.031013,0.017242,-0.025800,0.999518,0,0.86692,0.12704,52.015,0.254,-1,375.000,-1,400.000,-1,325.000,325.000,300.000,300.000,-1,725.000,850.000,-1,700.000,750.000,-1,-1,2,0,2,0,2,0,0,0,0,2,0,0,2,0,0,2,2
65,-2474.350,6738.766,-162.903,144.527,-0.814524,-0.580130,-0.000431,0.579859,-0.814120,-0.031172,0.017734,-0.025640,0.999514,0,0.86692,0.12704,52.015,0.254,-1,375.000,-1,400.000,-1,325.000,325.000,300.000,300.000,-1,750.000,875.000,-1,700.000,750.000,-1,-1,2,0,2,0,2,0,0,0,0,2,0,0,2,0,0,2,2
66,-2516.844,6768.764,-162.060,144.781,-0.817085,-0.576517,0.000211,0.576229,-0.816689,-0.031289,0.018211,-0.025444,0.999510,0,0.86692,0.12704,52.015,0.254,-1,375.000,-1,400.000,-1,325.000,325.000,300.000,300.000,-1,775.000,875.000,-1,675.000,725.000,-1,-1,2,0,2,0,2,0,0,0,0,2,0,0,2,0,0,2,2
67,-2559.470,6798.572,-161.048,145.035,-0.819621,-0.572904,0.001787,0.572582,-0.819258,-0.031089,0.019275,-0.024458,0.999515,0,0.86692,0.12704,52.015,0.254,-1,375.000,-1,400.000,-1,325.000,325.000,300.000,300.000,-1,775.000,875.000,-1,700.000,750.000,-1,-1,2,0,2,0,2,0,0,0,0,2,0,0,2,0,0,2,2
68,-2602.229,6828.192,-159.966,145.289,-0.822133,-0.569283,0.003797,0.568923,-0.821817,-0.030711,0.020604,-0.023088,0.999521,0,0.86692,0.12704,52.015,0.254,-1,375.000,-1,400.000,-1,325.000,325.000,300.000,300.000,-1,775.000,850.000,-1,700.000,750.000,-1,-1,2,0,2,0,2,0,0,0,0,2,0,0,2,0,0,2,2
69,-2645.118,6857.622,-158.900,145.543,-0.824624,-0.565651,0.005799,0.565256,-0.824359,-0.030281,0.021909,-0.021692,0.999525,0,0.86692,0.12704,52.015,0.254,-1,375.000,-1,400.000,-1,325.000,325.000,300.000,300.000,-1,775.000,825.000,-1,700.000,750.000,-1,-1,2,0,2,0,2,0,0,0,0,2,0,0,2,0,0,2,2
70,-2688.137,6886.861,-157.766,145.797,-0.827102,-0.562003,0.007411,0.561584,-0.826879,-0.029918,0.022942,-0.020584,0.999525,0,0.86692,0.12704,52.015,0.254,-1,375.000,-1,400.000,-1,325.000,325.000,300.000,300.000,-1,800.000,775.000,-1,700.000,750.000,-1,-1,2,0,2,0,2,0,0,0,0,2,0,0,2,0,0,2,2
71,-2731.286,6915.909,-156.509,146.051,-0.829571,-0.558338,0.008389,0.557904,-0.829374,-0.029705,0.023543,-0.019962,0.999524,0,0.86692,0.12704,52.015,0.254,-1,375.000,-1,400.000,-1,325.000,325.000,300.000,300.000,-1,825.000,775.000,-1,700.000,750.000,-1,-1,2,0,2,0,2,0,0,0,0,2,0,0,2,0,0,2,2
72,-2774.563,6944.766,-155.226,146.305,-0.832024,-0.554661,0.009308,0.554216,-0.831851,-0.029467,0.024087,-0.019358,0.999522,0,0.86692,0.12704,52.015,0.254,-1,375.000,-1,400.000,-1,325.000,325.000,300.000,300.000,-1,850.000,775.000,-1,700.000,750.000,-1,-1,2,0,2,0,2,0,0,0,0,2,0,0,2,0,0,2,2
73,-2817.967,6973.430,-153.940,146.560,-0.834459,-0.550973,0.010300,0.550516,-0.834313,-0.029231,0.024699,-0.018722,0.999520,0,0.86692,0.12704,52.015,0.254,-1,375.000,-1,400.000,-1,325.000,325.000,300.000,300.000,-1,850.000,775.000,-1,700.000,775.000,-1,-1,2,0,2,0,2,0,0,0,0,2,0,0,2,0,0,2,2
74,-2859.203,7000.154,-152.522,147.054,-0.839168,-0.543755,0.011304,0.543259,-0.839027,-0.030043,0.025820,-0.019070,0.999485,0,0.81897,0.24704,49.138,0.494,-1,375.000,-1,400.000,-1,325.000,325.000,300.000,300.000,-1,825.000,750.000,-1,700.000,775.000,-1,-1,2,0,2,0,2,0,0,0,0,2,0,0,2,0,0,2,2
75,-2900.778,7026.347,-151.134,147.788,-0.846053,-0.532956,0.012306,0.532423,-0.845918,-0.030784,0.026816,-0.019493,0.999450,0,0.81897,0.36704,49.138,0.734,-1,375.000,-1,400.000,-1,325.000,325.000,300.000,300.000,-1,800.000,725.000,-1,700.000,775.000,-1,-1,2,0,2,0,2,0,0,0,0,2,0,0,2,0,0,2,2
76,-2942.792,7051.830,-149.780,148.762,-0.854978,-0.518494,0.013326,0.517925,-0.854848,-0.031436,0.027692,-0.019975,0.999417,0,0.81897,0.48704,49.138,0.974,-1,375.000,-1,400.000,-1,325.000,325.000,300.000,300.000,-1,775.000,725.000,-1,700.000,800.000,-1,-1,2,0,2,0,2,0,0,0,0,2,0,0,2,0,0,2,2
77,-2985.336,7076.417,-148.464,149.976,-0.865756,-0.500259,0.014385,0.499657,-0.865633,-0.031985,0.028453,-0.020504,0.999385,0,0.81897,0.60704,49.138,1.214,-1,375.000,-1,400.000,-1,325.000,325.000,300.000,300.000,-1,750.000,700.000,-1,700.000,800.000,-1,-1,2,0,2,0,2,0,0,0,0,2,0,0,2,0,0,2,2
78,-3028.395,7100.091,-147.196,151.198,-0.876211,-0.481679,0.015490,0.481043,-0.876097,-0.032431,0.029192,-0.020965,0.999354,0,0.81897,0.61105,49.138,1.222,-1,375.000,-1,400.000,-1,325.000,325.000,300.000,300.000,-1,725.000,700.000,-1,700.000,800.000,-1,-1,2,0,2,0,2,0,0,0,0,2,0,0,2,0,0,2,2
79,-3071.950,7122.841,-145.975,152.420,-0.886265,-0.462880,0.016639,0.462212,-0.886164,-0.032776,0.029916,-0.021357,0.999324,0,0.81897,0.61105,49.138,1.222,-1,375.000,-1,400.000,-1,325.000,325.000,300.000,300.000,-1,725.000,675.000,-1,700.000,800.000,-1,-1,2,0,2,0,2,0,0,0,0,2,0,0,2,0,0,2,2
80,-3115.979,7144.657,-144.799,153.642,-0.895913,-0.443872,0.017828,0.443172,-0.895828,-0.033018,0.030627,-0.021681,0.999296,0,0.81897,0.61105,49.138,1.222,-1,375.000,-1,400.000,-1,325.000,325.000,300.000,300.000,-1,700.000,675.000,-1,700.000,800.000,-1,-1,2,0,2,0,2,0,0,0,0,2,0,0,2,0,0,2,2
81,-3160.464,7165.529,-143.452,154.864,-0.905153,-0.424670,0.018794,0.423981,-0.905103,-0.032069,0.030629,-0.021059,0.999309,0,0.81897,0.61105,49.138,1.222,-1,375.000,-1,400.000,-1,325.000,325.000,300.000,300.000,-1,725.000,700.000,-1,700.000,800.000,-1,-1,2,0,2,0,2,0,0,0,0,2,0,0,2,0,0,2,2
82,-3205.384,7185.448,-142.111,156.086,-0.913979,-0.405276,0.019818,0.404603,-0.913971,-0.030894,0.030634,-0.020218,0.999326,0,0.81897,0.61105,49.138,1.222,-1,375.000,-1,400.000,-1,325.000,325.000,300.000,300.000,-1,750.000,700.000,-1,700.000,800.000,-1,-1,2,0,2,0,2,0,0,0,0,2,0,0,2,0,0,2,2
83,-3250.718,7204.404,-140.660,157.308,-0.922369,-0.385704,0.021613,0.385052,-0.922438,-0.029052,0.031142,-0.018474,0.999344,0,0.81897,0.61105,49.138,1.222,-1,375.000,-1,400.000,-1,325.000,325.000,300.000,300.000,-1,750.000,725.000,-1,700.000,800.000,-1,-1,2,0,2,0,2,0,0,0,0,2,0,0,2,0,0,2,2
84,-3296.447,7222.389,-139.253,158.531,-0.930340,-0.365954,0.023353,0.365331,-0.930484,-0.027075,0.031637,-0.016657,0.999361,0,0.81897,0.61105,49.138,1.222,-1,375.000,-1,400.000,-1,325.000,325.000,300.000,300.000,-1,750.000,700.000,-1,700.000,800.000,-1,-1,2,0,2,0,2,0,0,0,0,2,0,0,2,0,0,2,2
85,-3342.548,7239.394,-137.852,159.753,-0.937891,-0.346036,0.024907,0.345448,-0.938103,-0.025069,0.032040,-0.014908,0.999375,0,0.81897,0.61105,49.138,1.222,-1,375.000,-1,400.000,-1,325.000,325.000,300.000,300.000,-1,750.000,650.000,-1,700.000,800.000,-1,-1,2,0,2,0,2,0,0,0,0,2,0,0,2,0,0,2,2
86,-3389.002,7255.413,-136.195,160.975,-0.945042,-0.325953,0.025485,0.325396,-0.945281,-0.023697,0.031814,-0.014102,0.999394,0,0.81897,0.61105,49.138,1.222,-1,375.000,-1,400.000,-1,325.000,325.000,300.000,300.000,-1,800.000,675.000,-1,700.000,800.000,-1,-1,2,0,2,0,2,0,0,0,0,2,0,0,2,0,0,2,2
87,-3435.787,7270.437,-134.374,162.197,-0.951757,-0.305719,0.026363,0.305164,-0.952020,-0.023073,0.032151,-0.013915,0.999386,0,0.81897,0.61105,49.138,1.222,-1,375.000,-1,400.000,-1,325.000,325.000,300.000,300.000,-1,825.000,675.000,-1,700.000,800.000,-1,-1,2,0,2,0,2,0,0,0,0,2,0,0,2,0,0,2,2
88,-3482.882,7284.459,-132.595,163.419,-0.958037,-0.285345,0.027277,0.284794,-0.958327,-0.022404,0.032533,-0.013695,0.999377,0,0.81897,0.61105,49.138,1.222,-1,375.000,-1,400.000,-1,325.000,325.000,300.000,300.000,-1,825.000,675.000,-1,700.000,800.000,-1,-1,2,0,2,0,2,0,0,0,0,2,0,0,2,0,0,2,2
89,-3530.265,7297.474,-130.856,164.641,-0.963878,-0.264842,0.028229,0.264295,-0.964198,-0.021689,0.032962,-0.013445,0.999366,0,0.81897,0.61105,49.138,1.222,-1,375.000,-1,400.000,-1,325.000,325.000,300.000,300.000,-1,825.000,675.000,-1,700.000,800.000,-1,-1,2,0,2,0,2,0,0,0,0,2,0,0,2,0,0,2,2
90,-3577.915,7309.476,-129.156,165.863,-0.969280,-0.244218,0.029217,0.243676,-0.969631,-0.020928,0.033441,-0.013165,0.999354,0,0.81897,0.61105,49.138,1.222,-1,375.000,-1,400.000,-1,325.000,325.000,300.000,300.000,-1,800.000,675.000,-1,700.000,800.000,-1,-1,2,0,2,0,2,0,0,0,0,2,0,0,2,0,0,2,2
91,-3625.810,7320.458,-127.491,167.085,-0.974238,-0.223484,0.030241,0.222947,-0.974623,-0.020120,0.033970,-0.012859,0.999340,0,0.81897,0.61105,49.138,1.222,-1,375.000,-1,400.000,-1,325.000,325.000,300.000,325.000,-1,800.000,675.000,-1,700.000,800.000,-1,-1,2,0,2,0,2,0,0,0,0,2,0,0,2,0,0,2,2
92,-3673.943,7330.422,-125.859,168.304,-0.978741,-0.202699,0.031301,0.202170,-0.979161,-0.019264,0.034553,-0.012527,0.999324,0,0.81923,0.60953,49.154,1.219,-1,375.000,-1,400.000,-1,325.000,325.000,300.000,325.000,-1,775.000,650.000,-1,725.000,800.000,-1,-1,2,0,2,0,2,0,0,0,0,2,0,0,2,0,0,2,2
93,-3722.286,7339.364,-124.258,169.520,-0.982788,-0.181872,0.032395,0.181352,-0.983247,-0.018360,0.035192,-0.012169,0.999306,0,0.81938,0.60807,49.163,1.216,-1,375.000,-1,400.000,-1,325.000,325.000,300.000,325.000,-1,775.000,650.000,-1,725.000,800.000,-1,-1,2,0,2,0,2,0,0,0,0,2,0,0,2,0,0,2,2
94,-3770.808,7347.281,-122.686,170.734,-0.986385,-0.161002,0.033525,0.160491,-0.986884,-0.017408,0.035888,-0.011791,0.999286,0,0.81940,0.60695,49.164,1.214,-1,375.000,-1,400.000,-1,325.000,325.000,300.000,325.000,-1,750.000,650.000,-1,725.000,825.000,-1,-1,2,0,2,0,2,0,0,0,0,2,0,0,2,0,0,2,2
95,-3819.482,7354.167,-121.160,171.947,-0.989529,-0.140086,0.034752,0.139589,-0.990075,-0.016346,0.036697,-0.011324,0.999262,0,0.81931,0.60618,49.158,1.212,-1,375.000,-1,400.000,-1,325.000,325.000,300.000,325.000,-1,750.000,650.000,-1,725.000,825.000,-1,-1,2,0,2,0,2,0,0,0,0,2,0,0,2,0,0,2,2
96,-3868.281,7360.022,-119.668,173.158,-0.992225,-0.119122,0.036044,0.118641,-0.992821,-0.015199,0.037595,-0.010804,0.999235,0,0.81915,0.60575,49.149,1.212,-1,375.000,-1,400.000,-1,325.000,325.000,300.000,300.000,-1,725.000,650.000,-1,725.000,825.000,-1,-1,2,0,2,0,2,0,0,0,0,2,0,0,2,0,0,2,2
97,-3917.182,7364.844,-118.112,174.370,-0.994483,-0.098108,0.037121,0.097662,-0.995126,-0.013640,0.038279,-0.009940,0.999218,0,0.81896,0.60567,49.138,1.211,-1,375.000,-1,400.000,-1,325.000,325.000,300.000,300.000,-1,725.000,625.000,-1,725.000,825.000,-1,-1,2,0,2,0,2,0,0,0,0,2,0,0,2,0,0,2,2
98,-3966.163,7368.628,-116.359,175.581,-0.996319,-0.077040,0.037589,0.076644,-0.996988,-0.011865,0.038390,-0.008940,0.999223,0,0.81878,0.60594,49.127,1.212,-1,375.000,-1,400.000,-1,325.000,325.000,300.000,300.000,-1,750.000,600.000,-1,725.000,825.000,-1,-1,2,0,2,0,2,0,0,0,0,2,0,0,2,0,0,2,2
99,-4015.286,7371.382,-114.442,176.791,-0.997721,-0.055968,0.037692,0.055601,-0.998396,-0.010709,0.038231,-0.008589,0.999232,0,0.82001,0.60506,49.200,1.210,-1,375.000,-1,400.000,-1,325.000,325.000,300.000,300.000,-1,800.000,625.000,-1,725.000,825.000,-1,-1,2,0,2,0,2,0,0,0,0,2,0,0,2,0,0,2,2
100,-4064.456,7373.100,-112.539,177.999,-0.998674,-0.034921,0.037815,0.034583,-0.999356,-0.009561,0.038124,-0.008241,0.999239,0,0.82000,0.60361,49.200,1.207,-1,375.000,-1,400.000,-1,325.000,325.000,300.000,300.000,-1,825.000,650.000,-1,725.000,825.000,-1,-1,2,0,2,0,2,0,0,0,0,2,0,0,2,0,0,2,2
101,-4113.642,7373.784,-110.645,179.204,-0.999183,-0.013897,0.037957,0.013586,-0.999872,-0.008420,0.038069,-0.007898,0.999244,0,0.81985,0.60251,49.191,1.205,-1,375.000,-1,400.000,-1,325.000,325.000,300.000,300.000,-1,850.000,675.000,-1,725.000,800.000,-1,-1,2,0,2,0,2,0,0,0,0,2,0,0,2,0,0,2,2
102,-4167.633,7373.625,-108.580,180.169,-0.999269,0.002945,0.038112,-0.003221,-0.999969,-0.007174,0.038090,-0.007291,0.999248,0,0.89985,0.48251,53.991,0.965,-1,375.000,-1,400.000,-1,325.000,325.000,300.000,300.000,-1,875.000,700.000,-1,750.000,800.000,-1,-1,2,0,2,0,2,0,0,0,0,2,0,0,2,0,0,2,2
103,-4222.029,7372.776,-106.506,180.894,-0.999146,0.015598,0.038269,-0.015836,-0.999857,-0.005922,0.038171,-0.006523,0.999250,0,0.90670,0.36251,54.402,0.725,-1,375.000,-1,400.000,-1,325.000,325.000,300.000,300.000,-1,900.000,725.000,-1,750.000,800.000,-1,-1,2,0,2,0,2,0,0,0,0,2,0,0,2,0,0,2,2
104,-4276.397,7371.467,-104.436,181.379,-0.998972,0.024062,0.038421,-0.024259,-0.999695,-0.004675,0.038297,-0.005603,0.999251,0,0.90640,0.24251,54.384,0.485,-1,375.000,-1,400.000,-1,325.000,325.000,300.000,300.000,-1,925.000,750.000,-1,750.000,825.000,-1,-1,2,0,2,0,2,0,0,0,0,2,0,0,2,0,0,2,2
105,-4330.743,7369.927,-102.367,181.624,-0.998854,0.028336,0.038567,-0.028490,-0.999588,-0.003432,0.038454,-0.004526,0.999250,0,0.90613,0.12251,54.368,0.245,-1,375.000,-1,400.000,-1,325.000,325.000,300.000,300.000,-1,950.000,800.000,-1,750.000,825.000,-1,-1,2,0,2,0,2,0,0,0,0,2,0,0,2,0,0,2,2
106,-4385.076,7368.382,-100.299,181.629,-0.998847,0.028424,0.038700,-0.028530,-0.999591,-0.002190,0.038622,-0.003291,0.999248,0,0.90592,0.00251,54.355,0.005,-1,400.000,-1,400.000,-1,325.000,325.000,300.000,300.000,-1,1000.000,825.000,-1,750.000,825.000,-1,-1,2,0,2,0,2,0,0,0,0,2,0,0,2,0,0,2,2
107,-4439.406,7367.060,-98.230,181.394,-0.998950,0.024324,0.038818,-0.024380,-0.999702,-0.000948,0.038784,-0.001894,0.999246,0,0.90577,-0.11749,54.346,-0.235,-1,400.000,-1,400.000,-1,325.000,325.000,300.000,300.000,-1,-1,875.000,-1,750.000,825.000,-1,-1,2,0,2,0,2,0,0,0,0,2,2,0,2,0,0,2,2
108,-4493.741,7366.188,-96.160,180.919,-0.999114,0.016036,0.038917,-0.016037,-0.999871,0.000293,0.038917,-0.000331,0.999242,0,0.90569,-0.23749,54.341,-0.475,-1,400.000,-1,400.000,-1,325.000,325.000,300.000,300.000,-1,-1,925.000,-1,775.000,825.000,-1,-1,2,0,2,0,2,0,0,0,0,2,2,0,2,0,0,2,2
109,-4548.081,7365.995,-94.091,180.204,-0.999233,0.003558,0.038994,-0.003501,-0.999993,0.001535,0.039000,0.001398,0.999238,0,0.90568,-0.35749,54.341,-0.715,-1,400.000,-1,400.000,-1,325.000,325.000,300.000,300.000,-1,-1,1000.000,-1,775.000,825.000,-1,-1,2,0,2,0,2,0,0,0,0,2,2,0,2,0,0,2,2
110,-4602.420,7366.707,-92.056,179.249,-0.999157,-0.013109,0.038891,0.013221,-0.999909,0.002628,0.038853,0.003140,0.999240,0,0.90573,-0.47749,54.344,-0.955,-1,400.000,-1,400.000,-1,325.000,325.000,300.000,300.000,-1,-1,-1,-1,775.000,825.000,-1,-1,2,0,2,0,2,0,0,0,0,2,2,2,2,0,0,2,2
111,-4656.738,7368.552,-90.202,178.054,-0.998698,-0.033959,0.038065,0.034110,-0.999413,0.003310,0.037931,0.004604,0.999270,0,0.90582,-0.59749,54.349,-1.195,-1,400.000,-1,400.000,-1,325.000,325.000,300.000,300.000,-1,-1,-1,-1,775.000,825.000,-1,-1,2,0,2,0,2,0,0,0,0,2,2,2,2,0,0,2,2
112,-4711.000,7371.758,-88.358,176.619,-0.997566,-0.058976,0.037210,0.059166,-0.998240,0.004028,0.036907,0.006220,0.999299,0,0.90595,-0.71749,54.357,-1.435,-1,400.000,-1,400.000,-1,325.000,325.000,300.000,300.000,-1,-1,-1,-1,775.000,825.000,-1,-1,2,0,2,0,2,0,0,0,0,2,2,2,2,0,0,2,2
113,-4765.159,7376.500,-86.526,174.996,-0.995525,-0.087230,0.036334,0.087461,-0.996156,0.004796,0.035776,0.007952,0.999328,0,0.90609,-0.81168,54.366,-1.623,-1,400.000,-1,400.000,-1,325.000,325.000,300.000,300.000,-1,-1,-1,-1,775.000,825.000,-1,-1,2,0,2,0,2,0,0,0,0,2,2,2,2,0,0,2,2
114,-4819.169,7382.774,-84.709,173.374,-0.992689,-0.115374,0.035457,0.115643,-0.993275,0.005621,0.034570,0.009680,0.999355,0,0.90623,-0.81053,54.374,-1.621,-1,400.000,-1,400.000,-1,325.000,325.000,300.000,300.000,-1,-1,-1,-1,800.000,825.000,-1,-1,2,0,2,0,2,0,0,0,0,2,2,2,2,0,0,2,2
115,-4872.989,7390.571,-82.911,171.756,-0.989062,-0.143386,0.034586,0.143691,-0.989601,0.006501,0.033295,0.011400,0.999381,0,0.90636,-0.80941,54.382,-1.619,-1,400.000,-1,400.000,-1,325.000,325.000,300.000,300.000,-1,-1,-1,-1,800.000,800.000,-1,-1,2,0,2,0,2,0,0,0,0,2,2,2,2,0,0,2,2
116,-4926.568,7399.886,-81.138,170.137,-0.984645,-0.171279,0.033732,0.171619,-0.985135,0.007430,0.031958,0.013105,0.999403,0,0.90637,-0.80934,54.382,-1.619,-1,400.000,-1,400.000,-1,325.000,325.000,300.000,300.000,-1,-1,-1,-1,800.000,800.000,-1,-1,2,0,2,0,2,0,0,0,0,2,2,2,2,0,0,2,2
117,-4979.861,7410.711,-79.393,168.518,-0.979440,-0.199034,0.032901,0.199405,-0.979881,0.008402,0.030567,0.014790,0.999423,0,0.90637,-0.80934,54.382,-1.619,-1,400.000,-1,400.000,-1,325.000,325.000,300.000,300.000,-1,-1,-1,-1,800.000,800.000,-1,-1,2,0,2,0,2,0,0,0,0,2,2,2,2,0,0,2,2
118,-5032.828,7423.037,-77.682,166.900,-0.973452,-0.226628,0.032100,0.227029,-0.973843,0.009411,0.029128,0.016449,0.999440,0,0.90637,-0.80934,54.382,-1.619,-1,400.000,-1,400.000,-1,325.000,325.000,300.000,300.000,-1,-1,-1,-1,800.000,800.000,-1,-1,2,0,2,0,2,0,0,0,0,2,2,2,2,0,0,2,2
119,-5085.426,7436.854,-76.009,165.281,-0.966686,-0.254039,0.031337,0.254467,-0.967025,0.010451,0.027649,0.018077,0.999454,0,0.90637,-0.80934,54.382,-1.619,-1,400.000,-1,400.000,-1,325.000,325.000,300.000,300.000,-1,-1,-1,-1,800.000,800.000,-1,-1,2,0,2,0,2,0,0,0,0,2,2,2,2,0,0,2,2
120,-5137.612,7452.151,-74.379,163.662,-0.959147,-0.281245,0.030617,0.281697,-0.959434,0.011514,0.026137,0.019668,0.999465,0,0.90637,-0.80934,54.382,-1.619,-1,400.000,-1,400.000,-1,325.000,325.000,300.000,300.000,-1,-1,-1,-1,800.000,800.000,-1,-1,2,0,2,0,2,0,0,0,0,2,2,2,2,0,0,2,2
121,-5189.346,7468.917,-72.946,162.044,-0.950834,-0.308229,0.030149,0.308688,-0.951089,0.011879,0.025013,0.020601,0.999475,0,0.90637,-0.80934,54.382,-1.619,-1,400.000,-1,400.000,-1,325.000,325.000,300.000,300.000,-1,-1,-1,-1,800.000,775.000,-1,-1,2,0,2,0,2,0,0,0,0,2,2,2,2,0,0,2,2
122,-5240.585,7487.137,-71.684,160.425,-0.941772,-0.334969,0.029358,0.335418,-0.941995,0.011841,0.023689,0.020999,0.999499,0,0.90637,-0.80934,54.382,-1.619,-1,400.000,-1,400.000,-1,325.000,325.000,300.000,300.000,-1,-1,-1,-1,800.000,775.000,-1,-1,2,0,2,0,2,0,0,0,0,2,2,2,2,0,0,2,2
123,-5291.289,7506.798,-70.460,158.806,-0.931956,-0.361442,0.028593,0.361881,-0.932149,0.011873,0.022361,0.021413,0.999521,0,0.90637,-0.80934,54.382,-1.619,-1,400.000,-1,400.000,-1,325.000,325.000,300.000,300.000,-1,-1,-1,-1,800.000,775.000,-1,-1,2,0,2,0,2,0,0,0,0,2,2,2,2,0,0,2,2
124,-5341.417,7527.883,-69.317,157.187,-0.921391,-0.387624,0.028030,0.388060,-0.921555,0.012064,0.021155,0.021993,0.999534,0,0.90637,-0.80934,54.382,-1.619,-1,400.000,-1,400.000,-1,325.000,325.000,300.000,300.000,-1,-1,-1,-1,775.000,775.000,-1,-1,2,0,2,0,2,0,0,0,0,2,2,2,2,0,0,2,2
125,-5390.930,7550.375,-68.239,155.569,-0.910089,-0.413494,0.027575,0.413931,-0.910224,0.012373,0.019983,0.022675,0.999543,0,0.90637,-0.80934,54.382,-1.619,-1,400.000,-1,400.000,-1,325.000,325.000,300.000,300.000,-1,-1,-1,-1,775.000,775.000,-1,-1,2,0,2,0,2,0,0,0,0,2,2,2,2,0,0,2,2
126,-5439.788,7574.257,-67.216,153.950,-0.898060,-0.439034,0.027148,0.439472,-0.898165,0.012792,0.018767,0.023419,0.999550,0,0.90637,-0.80934,54.382,-1.619,-1,400.000,-1,400.000,-1,325.000,325.000,300.000,300.000,-1,-1,-1,-1,775.000,775.000,-1,-1,2,0,2,0,2,0,0,0,0,2,2,2,2,0,0,2,2
127,-5487.952,7599.510,-66.230,152.331,-0.885314,-0.464221,0.026777,0.464661,-0.885390,0.013221,0.017571,0.024147,0.999554,0,0.90637,-0.80934,54.382,-1.619,-1,400.000,-1,400.000,-1,325.000,325.000,300.000,300.000,-1,-1,-1,-1,775.000,750.000,-1,-1,2,0,2,0,2,0,0,0,0,2,2,2,2,0,0,2,2
128,-5535.383,7626.113,-65.286,150.713,-0.871861,-0.489038,0.026447,0.489479,-0.871909,0.013645,0.016386,0.024842,0.999557,0,0.90637,-0.80934,54.382,-1.619,-1,400.000,-1,400.000,-1,325.000,325.000,300.000,300.000,-1,-1,-1,-1,775.000,750.000,-1,-1,2,0,2,0,2,0,0,0,0,2,2,2,2,0,0,2,2
129,-5582.043,7654.045,-64.399,149.094,-0.857714,-0.513465,0.026083,0.513903,-0.857734,0.014033,0.015166,0.025440,0.999561,0,0.90637,-0.80934,54.382,-1.619,-1,400.000,-1,400.000,-1,325.000,325.000,300.000,300.000,-1,-1,-1,-1,775.000,750.000,-1,-1,2,0,2,0,2,0,0,0,0,2,2,2,2,0,0,2,2
130,-5623.920,7680.593,-63.625,147.626,-0.844296,-0.535257,0.025797,0.535693,-0.844290,0.014384,0.014081,0.025963,0.999564,0,0.82637,-0.73378,49.582,-1.468,-1,400.000,-1,400.000,-1,325.000,325.000,300.000,300.000,-1,-1,-1,-1,775.000,750.000,-1,-1,2,0,2,0,2,0,0,0,0,2,2,2,2,0,0,2,2
131,-5661.115,7705.532,-62.956,146.159,-0.830322,-0.556697,0.025578,0.557131,-0.830294,0.014700,0.013054,0.026456,0.999565,0,0.74637,-0.73378,44.782,-1.468,-1,400.000,-1,400.000,-1,325.000,325.000,300.000,300.000,-1,-1,-1,-1,775.000,750.000,-1,-1,2,0,2,0,2,0,0,0,0,2,2,2,2,0,0,2,2
132,-5694.265,7729.011,-62.403,144.691,-0.815801,-0.577773,0.025422,0.578205,-0.815757,0.014854,0.012156,0.026817,0.999566,0,0.67703,-0.73378,40.622,-1.468,-1,400.000,-1,400.000,-1,325.000,325.000,300.000,300.000,-1,-1,-1,-1,775.000,725.000,-1,-1,2,0,2,0,2,0,0,0,0,2,2,2,2,0,0,2,2
133,-5726.802,7753.331,-61.931,143.224,-0.800742,-0.598474,0.025301,0.598899,-0.800689,0.014732,0.011442,0.026949,0.999571,0,0.67703,-0.73378,40.622,-1.468,-1,400.000,-1,400.000,-1,325.000,325.000,300.000,300.000,-1,-1,-1,-1,775.000,725.000,-1,-1,2,0,2,0,2,0,0,0,0,2,2,2,2,0,0,2,2
134,-5758.706,7778.476,-61.483,141.756,-0.785159,-0.618782,0.025191,0.619202,-0.785096,0.014627,0.010726,0.027083,0.999576,0,0.67703,-0.73378,40.622,-1.468,-1,400.000,-1,400.000,-1,325.000,325.000,300.000,300.000,-1,-1,-1,-1,750.000,725.000,-1,-1,2,0,2,0,2,0,0,0,0,2,2,2,2,0,0,2,2
135,-5789.955,7804.430,-61.056,140.289,-0.769060,-0.638684,0.025094,0.639098,-0.768988,0.014524,0.010021,0.027207,0.999580,0,0.67703,-0.73378,40.622,-1.468,-1,400.000,-1,375.000,-1,325.000,325.000,300.000,300.000,-1,-1,-1,-1,750.000,725.000,-1,-1,2,0,2,0,2,0,0,0,0,2,2,2,2,0,0,2,2
