timestep,x_cm,y_cm,z_cm,yaw_deg,basis_xx,basis_xy,basis_xz,basis_yx,basis_yy,basis_yz,basis_zx,basis_zy,basis_zz,teleport_flag,throttle_cmd,steering_cmd,cmd_move_cm,cmd_turn_deg,lidar_cm_0,lidar_cm_1,lidar_cm_2,lidar_cm_3,lidar_cm_4,lidar_cm_5,lidar_cm_6,lidar_cm_7,lidar_cm_8,lidar_cm_9,lidar_cm_10,lidar_cm_11,lidar_cm_12,lidar_cm_13,lidar_cm_14,lidar_cm_15,lidar_cm_16,lidar_class_0,lidar_class_1,lidar_class_2,lidar_class_3,lidar_class_4,lidar_class_5,lidar_class_6,lidar_class_7,lidar_class_8,lidar_class_9,lidar_class_10,lidar_class_11,lidar_class_12,lidar_class_13,lidar_class_14,lidar_class_15,lidar_class_16
0,3608.796,-988.555,535.534,-76.006,0.240684,0.969904,-0.036854,-0.969972,0.241723,0.026893,0.034992,0.029274,0.998959,1,0.08000,0.12000,4.800,0.240,-1,400.000,-1,400.000,-1,325.000,325.000,300.000,300.000,-1,-1,-1,-1,750.000,775.000,-1,-1,2,0,2,0,2,0,0,0,0,2,2,2,2,0,0,2,2
1,3611.195,-997.851,535.876,-75.526,0.248809,0.967853,-0.036821,-0.967918,0.249842,0.026728,0.035069,0.028989,0.998964,0,0.16000,0.24000,9.600,0.480,-1,400.000,-1,400.000,-1,325.000,325.000,300.000,300.000,-1,-1,-1,-1,750.000,775.000,-1,-1,2,0,2,0,2,0,0,0,0,2,2,2,2,0,0,2,2
2,3614.927,-1011.759,536.393,-74.980,0.258031,0.965437,-0.036761,-0.965499,0.259056,0.026493,0.035100,0.028657,0.998973,0,0.24000,0.27298,14.400,0.546,-1,400.000,-1,400.000,-1,325.000,325.000,300.000,300.000,-1,-1,-1,-1,750.000,775.000,-1,-1,2,0,2,0,2,0,0,0,0,2,2,2,2,0,0,2,2
3,3620.079,-1030.254,537.084,-74.434,0.267232,0.962934,-0.036673,-0.962994,0.268246,0.026190,0.035057,0.028317,0.998984,0,0.32000,0.27298,19.200,0.546,-1,400.000,-1,400.000,-1,325.000,325.000,300.000,300.000,-1,-1,-1,-1,750.000,775.000,-1,-1,2,0,2,0,2,0,0,0,0,2,2,2,2,0,0,2,2
4,3626.740,-1053.312,537.953,-73.888,0.276412,0.960344,-0.036561,-0.960404,0.277412,0.025820,0.034938,0.027976,0.998998,0,0.40000,0.27298,24.000,0.546,-1,400.000,-1,400.000,-1,325.000,325.000,300.000,300.000,-1,-1,-1,-1,750.000,775.000,-1,-1,2,0,2,0,2,0,0,0,0,2,2,2,2,0,0,2,2
5,3634.995,-1080.903,539.001,-73.342,0.285569,0.957665,-0.036432,-0.957728,0.286553,0.025380,0.034745,0.027644,0.999014,0,0.48000,0.27298,28.800,0.546,-1,400.000,-1,400.000,-1,325.000,325.000,300.000,300.000,-1,-1,-1,-1,725.000,775.000,-1,-1,2,0,2,0,2,0,0,0,0,2,2,2,2,0,0,2,2
6,3644.933,-1112.999,540.228,-72.796,0.294702,0.954900,-0.036294,-0.954967,0.295668,0.024867,0.034476,0.027332,0.999032,0,0.56000,0.27298,33.600,0.546,-1,400.000,-1,400.000,-1,325.000,325.000,300.000,300.000,-1,-1,-1,-1,725.000,775.000,-1,-1,2,0,2,0,2,0,0,0,0,2,2,2,2,0,0,2,2
7,3656.640,-1149.571,541.637,-72.250,0.303810,0.952046,-0.036160,-0.952121,0.304756,0.024277,0.034133,0.027053,0.999051,0,0.64000,0.27298,38.400,0.546,-1,400.000,-1,400.000,-1,325.000,325.000,300.000,300.000,-1,-1,-1,-1,725.000,750.000,-1,-1,2,0,2,0,2,0,0,0,0,2,2,2,2,0,0,2,2
8,3670.202,-1190.587,543.228,-71.704,0.312891,0.949105,-0.036042,-0.949190,0.313816,0.023607,0.033716,0.026824,0.999071,0,0.72000,0.27298,43.200,0.546,-1,375.000,-1,400.000,-1,325.000,325.000,300.000,300.000,-1,-1,-1,-1,725.000,750.000,-1,-1,2,0,2,0,2,0,0,0,0,2,2,2,2,0,0,2,2
9,3685.606,-1235.728,544.922,-71.158,0.321929,0.946069,-0.036264,-0.946173,0.322845,0.022962,0.033431,0.026920,0.999078,0,0.79494,0.27298,47.696,0.546,-1,375.000,-1,400.000,-1,325.000,325.000,300.000,300.000,-1,-1,-1,-1,725.000,750.000,-1,-1,2,0,2,0,2,0,0,0,0,2,2,2,2,0,0,2,2
10,3701.439,-1280.719,546.617,-70.612,0.330925,0.942945,-0.036645,-0.943065,0.331843,0.022552,0.033426,0.027096,0.999074,0,0.79494,0.27298,47.696,0.546,-1,375.000,-1,400.000,-1,325.000,325.000,300.000,300.000,-1,-1,-1,-1,725.000,750.000,-1,-1,2,0,2,0,2,0,0,0,0,2,2,2,2,0,0,2,2
11,3717.701,-1325.558,548.352,-70.066,0.339889,0.939738,-0.037000,-0.939868,0.340812,0.022254,0.033523,0.027211,0.999067,0,0.79494,0.27298,47.696,0.546,-1,375.000,-1,375.000,-1,325.000,325.000,300.000,300.000,-1,-1,-1,-1,725.000,725.000,-1,-1,2,0,2,0,2,0,0,0,0,2,2,2,2,0,0,2,2
12,3734.389,-1370.239,550.138,-69.520,0.348820,0.936447,-0.037303,-0.936582,0.349751,0.022118,0.033760,0.027222,0.999059,0,0.79494,0.27298,47.696,0.546,-1,375.000,-1,375.000,-1,300.000,325.000,300.000,300.000,-1,-1,-1,-1,725.000,725.000,-1,-1,2,0,2,0,2,0,0,0,0,2,2,2,2,0,0,2,2
13,3751.502,-1414.760,551.901,-68.974,0.357718,0.933082,-0.037360,-0.933196,0.358662,0.022492,0.034386,0.026818,0.999049,0,0.79494,0.27298,47.696,0.546,-1,375.000,-1,375.000,-1,300.000,325.000,300.000,300.000,-1,-1,-1,-1,725.000,725.000,-1,-1,2,0,2,0,2,0,0,0,0,2,2,2,2,0,0,2,2
14,3768.995,-1459.554,553.728,-68.668,0.362669,0.931155,-0.037691,-0.931254,0.363641,0.023058,0.035177,0.026738,0.999023,0,0.80147,0.15298,48.088,0.306,-1,375.000,-1,375.000,-1,300.000,325.000,300.000,300.000,-1,-1,-1,-1,725.000,725.000,-1,-1,2,0,2,0,2,0,0,0,0,2,2,2,2,0,0,2,2
15,3786.540,-1504.327,555.606,-68.602,0.363698,0.930729,-0.038307,-0.930819,0.364710,0.023716,0.036044,0.027031,0.998985,0,0.80147,0.03298,48.088,0.066,-1,375.000,-1,375.000,-1,300.000,325.000,325.000,300.000,-1,-1,-1,-1,725.000,700.000,-1,-1,2,0,2,0,2,0,0,0,0,2,2,2,2,0,0,2,2
16,3803.949,-1549.154,557.491,-68.776,0.360821,0.931819,-0.038998,-0.931907,0.361876,0.024399,0.036848,0.027539,0.998941,0,0.80147,-0.08702,48.088,-0.174,-1,375.000,-1,375.000,-1,300.000,325.000,325.000,300.000,-1,-1,-1,-1,725.000,700.000,-1,-1,2,0,2,0,2,0,0,0,0,2,2,2,2,0,0,2,2
17,3821.033,-1594.105,559.374,-69.190,0.354023,0.934391,-0.039761,-0.934481,0.355126,0.025105,0.037578,0.028268,0.998894,0,0.80147,-0.20702,48.088,-0.414,-1,375.000,-1,375.000,-1,300.000,325.000,325.000,300.000,-1,-1,-1,-1,725.000,700.000,-1,-1,2,0,2,0,2,0,0,0,0,2,2,2,2,0,0,2,2
18,3837.604,-1639.248,561.251,-69.844,0.343273,0.938358,-0.040589,-0.938457,0.344427,0.025835,0.038223,0.029222,0.998842,0,0.80147,-0.32702,48.088,-0.654,-1,375.000,-1,375.000,-1,300.000,325.000,325.000,300.000,-1,-1,-1,-1,725.000,700.000,-1,-1,2,0,2,0,2,0,0,0,0,2,2,2,2,0,0,2,2
19,3853.468,-1684.644,563.112,-70.738,0.328524,0.943585,-0.041472,-0.943700,0.329732,0.026591,0.038765,0.030402,0.998786,0,0.80147,-0.44702,48.088,-0.894,-1,375.000,-1,375.000,-1,325.000,325.000,325.000,300.000,-1,-1,-1,-1,725.000,700.000,-1,-1,2,0,2,0,2,0,0,0,0,2,2,2,2,0,0,2,2
20,3868.431,-1730.346,564.950,-71.872,0.309713,0.949884,-0.042400,-0.950022,0.310979,0.027373,0.039186,0.031804,0.998726,0,0.80147,-0.56702,48.088,-1.134,-1,375.000,-1,375.000,-1,325.000,325.000,325.000,300.000,-1,-1,-1,-1,725.000,700.000,-1,-1,2,0,2,0,2,0,0,0,0,2,2,2,2,0,0,2,2
21,3882.293,-1776.393,566.755,-73.246,0.286770,0.957018,-0.043361,-0.957186,0.288097,0.028183,0.039464,0.033423,0.998662,0,0.80147,-0.68702,48.088,-1.374,-1,375.000,-1,375.000,-1,325.000,325.000,325.000,300.000,-1,-1,-1,-1,725.000,700.000,-1,-1,2,0,2,0,2,0,0,0,0,2,2,2,2,0,0,2,2
22,3894.854,-1822.812,568.517,-74.860,0.259621,0.964692,-0.044341,-0.964899,0.261011,0.029023,0.039572,0.035249,0.998595,0,0.80147,-0.80702,48.088,-1.614,-1,375.000,-1,375.000,-1,300.000,325.000,325.000,300.000,-1,-1,-1,-1,725.000,700.000,-1,-1,2,0,2,0,2,0,0,0,0,2,2,2,2,0,0,2,2
23,3905.906,-1869.613,570.223,-76.714,0.228194,0.972560,-0.045323,-0.972815,0.229646,0.029894,0.039482,0.037269,0.998525,0,0.80147,-0.92702,48.088,-1.854,-1,375.000,-1,375.000,-1,300.000,300.000,325.000,300.000,-1,-1,-1,-1,725.000,700.000,-1,-1,2,0,2,0,2,0,0,0,0,2,2,2,2,0,0,2,2
24,3915.318,-1916.772,571.901,-78.714,0.194043,0.979907,-0.046143,-0.980213,0.195550,0.030716,0.039122,0.039270,0.998462,0,0.80147,-1.00000,48.088,-2.000,-1,375.000,-1,375.000,-1,300.000,300.000,325.000,300.000,-1,-1,-1,-1,725.000,700.000,-1,-1,2,0,2,0,2,0,0,0,0,2,2,2,2,0,0,2,2
25,3923.078,-1964.230,573.739,-80.714,0.159686,0.986089,-0.046138,-0.986405,0.161225,0.031802,0.038799,0.040432,0.998429,0,0.80147,-1.00000,48.088,-2.000,-1,375.000,-1,375.000,-1,300.000,300.000,325.000,300.000,-1,-1,-1,-1,700.000,725.000,-1,-1,2,0,2,0,2,0,0,0,0,2,2,2,2,0,0,2,2
26,3929.177,-2011.930,575.631,-82.714,0.125136,0.991068,-0.046093,-0.991395,0.126707,0.032876,0.038422,0.041582,0.998396,0,0.80147,-1.00000,48.088,-2.000,-1,375.000,-1,375.000,-1,300.000,300.000,325.000,300.000,-1,-1,-1,-1,700.000,725.000,-1,-1,2,0,2,0,2,0,0,0,0,2,2,2,2,0,0,2,2
27,3933.608,-2059.815,577.702,-84.714,0.090390,0.994797,-0.046998,-0.995173,0.092033,0.034055,0.038203,0.043693,0.998314,0,0.80147,-1.00000,48.088,-2.000,-1,375.000,-1,375.000,-1,300.000,300.000,325.000,300.000,-1,-1,900.000,-1,700.000,725.000,-1,-1,2,0,2,0,2,0,0,0,0,2,2,0,2,0,0,2,2
28,3936.366,-2107.824,579.704,-86.714,0.055541,0.997310,-0.047831,-0.997738,0.057254,0.035219,0.037862,0.045766,0.998234,0,0.80147,-1.00000,48.088,-2.000,-1,375.000,-1,375.000,-1,300.000,325.000,325.000,300.000,-1,-1,825.000,-1,700.000,725.000,-1,-1,2,0,2,0,2,0,0,0,0,2,2,0,2,0,0,2,2
29,3937.446,-2155.901,581.633,-88.714,0.020632,0.998606,-0.048589,-0.999087,0.022411,0.036365,0.037403,0.047795,0.998157,0,0.80147,-1.00000,48.088,-2.000,-1,375.000,-1,375.000,-1,300.000,325.000,325.000,300.000,-1,-1,825.000,-1,700.000,725.000,-1,-1,2,0,2,0,2,0,0,0,0,2,2,0,2,0,0,2,2
30,3936.847,-2203.986,583.482,-90.714,-0.014294,0.998683,-0.049274,-0.999219,-0.012452,0.037492,0.036829,0.049771,0.998081,0,0.80147,-1.00000,48.088,-2.000,-1,375.000,-1,375.000,-1,325.000,325.000,325.000,300.000,-1,-1,825.000,-1,700.000,750.000,-1,-1,2,0,2,0,2,0,0,0,0,2,2,0,2,0,0,2,2
31,3934.571,-2252.021,585.247,-92.714,-0.049194,0.997543,-0.049884,-0.998135,-0.047293,0.038600,0.036146,0.051690,0.998009,0,0.80147,-1.00000,48.088,-2.000,-1,375.000,-1,400.000,-1,325.000,325.000,325.000,300.000,-1,-1,825.000,-1,725.000,750.000,-1,-1,2,0,2,0,2,0,0,0,0,2,2,0,2,0,0,2,2
32,3931.015,-2295.163,586.754,-94.714,-0.084019,0.995190,-0.050371,-0.995840,-0.082070,0.039575,0.035251,0.053487,0.997946,0,0.72147,-1.00000,43.288,-2.000,-1,375.000,-1,400.000,-1,325.000,325.000,325.000,300.000,-1,1000.000,825.000,-1,725.000,775.000,-1,-1,2,0,2,0,2,0,0,0,0,2,0,0,2,0,0,2,2
33,3926.516,-2333.388,588.016,-96.714,-0.118725,0.991630,-0.050747,-0.992339,-0.116741,0.040421,0.034158,0.055157,0.997893,0,0.64147,-1.00000,38.488,-2.000,-1,375.000,-1,400.000,-1,325.000,325.000,325.000,300.000,-1,-1,850.000,-1,725.000,775.000,-1,-1,2,0,2,0,2,0,0,0,0,2,2,0,2,0,0,2,2
34,3921.415,-2366.689,589.049,-98.710,-0.153193,0.986878,-0.051024,-0.987649,-0.151185,0.041140,0.032886,0.056696,0.997850,0,0.56147,-0.99770,33.688,-1.995,-1,375.000,-1,400.000,-1,325.000,325.000,325.000,300.000,-1,-1,875.000,-1,725.000,800.000,-1,-1,2,0,2,0,2,0,0,0,0,2,2,0,2,0,0,2,2
35,3916.052,-2395.076,589.871,-100.700,-0.187377,0.980952,-0.051213,-0.981785,-0.185357,0.041734,0.031447,0.058100,0.997815,0,0.48147,-0.99524,28.888,-1.990,-1,375.000,-1,400.000,-1,325.000,325.000,325.000,300.000,-1,-1,900.000,-1,725.000,800.000,-1,-1,2,0,2,0,2,0,0,0,0,2,2,0,2,0,0,2,2
36,3910.763,-2418.577,590.504,-102.686,-0.221242,0.973868,-0.051309,-0.974762,-0.219221,0.042218,0.029867,0.059354,0.997790,0,0.40147,-0.99289,24.088,-1.986,-1,375.000,-1,400.000,-1,325.000,325.000,325.000,300.000,-1,-1,925.000,-1,725.000,825.000,-1,-1,2,0,2,0,2,0,0,0,0,2,2,0,2,0,0,2,2
37,3905.879,-2437.238,590.966,-104.667,-0.254757,0.965642,-0.051334,-0.966595,-0.252745,0.042588,0.028150,0.060468,0.997773,0,0.32147,-0.99072,19.288,-1.981,-1,375.000,-1,400.000,-1,325.000,325.000,325.000,300.000,-1,-1,975.000,-1,750.000,850.000,-1,-1,2,0,2,0,2,0,0,0,0,2,2,0,2,0,0,2,2
38,3901.730,-2451.120,591.273,-106.645,-0.287893,0.956287,-0.051313,-0.957302,-0.285899,0.042842,0.026299,0.061456,0.997763,0,0.24147,-0.98878,14.488,-1.978,-1,400.000,-1,400.000,-1,325.000,325.000,325.000,300.000,-1,-1,-1,-1,750.000,850.000,-1,-1,2,0,2,0,2,0,0,0,0,2,2,2,2,0,0,2,2
39,3898.637,-2460.302,591.449,-108.619,-0.320622,0.945820,-0.051251,-0.946895,-0.318657,0.042991,0.024331,0.062313,0.997760,0,0.16147,-0.98712,9.688,-1.974,-1,400.000,-1,400.000,-1,325.000,325.000,325.000,300.000,-1,-1,-1,-1,750.000,850.000,-1,-1,2,0,2,0,2,0,0,0,0,2,2,2,2,0,0,2,2
40,3896.917,-2464.878,591.516,-110.591,-0.352920,0.934254,-0.051152,-0.935388,-0.350992,0.043045,0.022261,0.063038,0.997763,0,0.08147,-0.98580,4.888,-1.972,-1,400.000,-1,400.000,-1,325.000,325.000,325.000,300.000,-1,-1,-1,-1,750.000,875.000,-1,-1,2,0,2,0,2,0,0,0,0,2,2,2,2,0,0,2,2
41,3896.883,-2464.961,591.456,-112.560,-0.384768,0.921613,-0.050833,-0.922792,-0.382884,0.043066,0.020228,0.063479,0.997778,0,0.00147,-0.98482,0.088,-1.970,-1,400.000,-1,400.000,-1,325.000,325.000,300.000,300.000,-1,-1,-1,-1,750.000,875.000,-1,-1,2,0,2,0,2,0,0,0,0,2,2,2,2,0,0,2,2
42,3898.839,-2460.675,591.307,-114.529,-0.416139,0.907904,-0.050389,-0.909119,-0.414309,0.043022,0.018184,0.063713,0.997803,0,-0.07853,-0.98422,-4.712,-1.968,-1,400.000,-1,400.000,-1,325.000,325.000,300.000,300.000,-1,-1,-1,-1,750.000,875.000,-1,-1,2,0,2,0,2,0,0,0,0,2,2,2,2,0,0,2,2
43,3903.082,-2452.163,591.098,-116.497,-0.447013,0.893136,-0.049872,-0.894382,-0.445241,0.042902,0.016113,0.063783,0.997834,0,-0.15853,-0.98400,-9.512,-1.968,-1,400.000,-1,400.000,-1,325.000,325.000,300.000,300.000,-1,-1,-1,-1,750.000,875.000,-1,-1,2,0,2,0,2,0,0,0,0,2,2,2,2,0,0,2,2
44,3909.902,-2439.582,590.842,-118.465,-0.477365,0.877321,-0.049290,-0.878593,-0.475658,0.042712,0.014027,0.063695,0.997871,0,-0.23853,-0.98417,-14.312,-1.968,-1,400.000,-1,400.000,-1,325.000,325.000,300.000,300.000,-1,-1,-1,-1,750.000,875.000,-1,-1,2,0,2,0,2,0,0,0,0,2,2,2,2,0,0,2,2
45,3919.583,-2423.104,590.554,-120.435,-0.507174,0.860469,-0.048656,-0.861761,-0.505535,0.042457,0.011936,0.063463,0.997913,0,-0.31853,-0.98472,-19.112,-1.969,-1,400.000,-1,400.000,-1,325.000,325.000,300.000,300.000,-1,-1,-1,-1,750.000,875.000,-1,-1,2,0,2,0,2,0,0,0,0,2,2,2,2,0,0,2,2
46,3932.396,-2402.917,590.246,-122.406,-0.536414,0.842590,-0.047985,-0.843897,-0.534847,0.042144,0.009846,0.063102,0.997959,0,-0.39853,-0.98565,-23.912,-1.971,-1,400.000,-1,400.000,-1,325.000,325.000,300.000,300.000,-1,-1,-1,-1,750.000,875.000,-1,-1,2,0,2,0,2,0,0,0,0,2,2,2,2,0,0,2,2
47,3948.608,-2379.221,589.925,-124.380,-0.565062,0.823692,-0.047301,-0.825012,-0.563568,0.041783,0.007759,0.062634,0.998006,0,-0.47853,-0.98694,-28.712,-1.974,-1,400.000,-1,400.000,-1,325.000,325.000,300.000,300.000,-1,-1,-1,-1,750.000,850.000,-1,-1,2,0,2,0,2,0,0,0,0,2,2,2,2,0,0,2,2
48,3965.874,-2355.765,589.637,-126.357,-0.593090,0.803781,-0.046689,-0.805116,-0.591669,0.041422,0.005670,0.062157,0.998050,0,-0.48543,-0.98858,-29.126,-1.977,-1,400.000,-1,400.000,-1,325.000,325.000,300.000,300.000,-1,-1,-1,-1,750.000,850.000,-1,-1,2,0,2,0,2,0,0,0,0,2,2,2,2,0,0,2,2
49,3983.976,-2332.873,589.384,-128.338,-0.620462,0.782877,-0.046163,-0.784228,-0.619112,0.041069,0.003572,0.061684,0.998089,0,-0.48643,-0.99025,-29.186,-1.980,-1,400.000,-1,400.000,-1,325.000,325.000,300.000,300.000,-1,-1,-1,-1,750.000,825.000,-1,-1,2,0,2,0,2,0,0,0,0,2,2,2,2,0,0,2,2
50,4002.895,-2310.580,589.165,-130.321,-0.647142,0.760997,-0.045728,-0.762368,-0.645860,0.040731,0.001463,0.061220,0.998123,0,-0.48732,-0.99191,-29.239,-1.984,-1,400.000,-1,400.000,-1,325.000,325.000,300.000,300.000,-1,-1,-1,-1,750.000,825.000,-1,-1,2,0,2,0,2,0,0,0,0,2,2,2,2,0,0,2,2
51,4019.268,-2292.437,589.055,-132.065,-0.669964,0.741017,-0.045197,-0.742394,-0.668742,0.040445,-0.000255,0.060650,0.998159,0,-0.40732,-0.87191,-24.439,-1.744,-1,400.000,-1,400.000,-1,325.000,325.000,300.000,300.000,-1,-1,-1,-1,775.000,825.000,-1,-1,2,0,2,0,2,0,0,0,0,2,2,2,2,0,0,2,2
52,4032.803,-2278.208,588.995,-133.569,-0.689152,0.723234,-0.044755,-0.724615,-0.687980,0.040204,-0.001713,0.060136,0.998189,0,-0.32732,-0.75191,-19.639,-1.504,-1,400.000,-1,400.000,-1,325.000,325.000,300.000,300.000,-1,-1,-1,-1,775.000,800.000,-1,-1,2,0,2,0,2,0,0,0,0,2,2,2,2,0,0,2,2
53,4043.264,-2267.684,588.964,-134.833,-0.704912,0.707901,-0.044432,-0.709288,-0.703782,0.040010,-0.002948,0.059718,0.998211,0,-0.24732,-0.63191,-14.839,-1.264,-1,400.000,-1,400.000,-1,325.000,325.000,300.000,300.000,-1,-1,-1,-1,775.000,800.000,-1,-1,2,0,2,0,2,0,0,0,0,2,2,2,2,0,0,2,2
54,4050.467,-2260.692,588.947,-135.857,-0.717429,0.695226,-0.044227,-0.696620,-0.716332,0.039862,-0.003968,0.059408,0.998226,0,-0.16732,-0.51191,-10.039,-1.024,-1,400.000,-1,400.000,-1,325.000,325.000,300.000,300.000,-1,-1,-1,-1,775.000,800.000,-1,-1,2,0,2,0,2,0,0,0,0,2,2,2,2,0,0,2,2
55,4054.276,-2257.095,588.935,-136.640,-0.726857,0.685370,-0.044138,-0.686773,-0.725784,0.039763,-0.004782,0.059214,0.998234,0,-0.08732,-0.39191,-5.239,-0.784,-1,400.000,-1,400.000,-1,325.000,325.000,300.000,300.000,-1,-1,-1,-1,775.000,800.000,-1,-1,2,0,2,0,2,0,0,0,0,2,2,2,2,0,0,2,2
56,4054.598,-2256.797,588.920,-137.184,-0.733316,0.678453,-0.044160,-0.679867,-0.732259,0.039711,-0.005395,0.059144,0.998235,0,-0.00732,-0.27191,-0.439,-0.544,-1,400.000,-1,400.000,-1,325.000,325.000,300.000,300.000,-1,-1,-1,-1,775.000,800.000,-1,-1,2,0,2,0,2,0,0,0,0,2,2,2,2,0,0,2,2
57,4051.383,-2259.744,588.897,-137.488,-0.736892,0.674558,-0.044292,-0.675986,-0.735844,0.039708,-0.005807,0.059202,0.998229,0,0.07268,-0.15191,4.361,-0.304,-1,400.000,-1,400.000,-1,325.000,325.000,300.000,300.000,-1,-1,-1,-1,775.000,800.000,-1,-1,2,0,2,0,2,0,0,0,0,2,2,2,2,0,0,2,2
58,4044.624,-2265.927,588.865,-137.552,-0.737634,0.673730,-0.044532,-0.675174,-0.736587,0.039754,-0.006018,0.059391,0.998217,0,0.15268,-0.03191,9.161,-0.064,-1,400.000,-1,400.000,-1,325.000,325.000,300.000,300.000,-1,-1,-1,-1,775.000,800.000,-1,-1,2,0,2,0,2,0,0,0,0,2,2,2,2,0,0,2,2
59,4034.351,-2275.381,588.825,-137.376,-0.735553,0.675979,-0.044875,-0.677440,-0.734498,0.039850,-0.006023,0.059712,0.998197,0,0.23268,0.08809,13.961,0.176,-1,400.000,-1,400.000,-1,325.000,325.000,300.000,300.000,-1,-1,-1,-1,775.000,800.000,-1,-1,2,0,2,0,2,0,0,0,0,2,2,2,2,0,0,2,2
60,4020.640,-2288.186,588.780,-136.960,-0.730621,0.681278,-0.045320,-0.682759,-0.729548,0.039994,-0.005817,0.060163,0.998172,0,0.31268,0.20809,18.761,0.416,-1,400.000,-1,400.000,-1,325.000,325.000,300.000,300.000,-1,-1,-1,-1,775.000,800.000,-1,-1,2,0,2,0,2,0,0,0,0,2,2,2,2,0,0,2,2
61,4003.606,-2304.463,588.773,-136.303,-0.722777,0.689570,-0.045691,-0.691062,-0.721679,0.040164,-0.005278,0.060605,0.998148,0,0.39268,0.32809,23.561,0.656,-1,400.000,-1,400.000,-1,325.000,325.000,300.000,300.000,-1,-1,-1,-1,775.000,800.000,-1,-1,2,0,2,0,2,0,0,0,0,2,2,2,2,0,0,2,2
62,3983.410,-2324.374,588.820,-135.407,-0.711920,0.700755,-0.045964,-0.702247,-0.710788,0.040367,-0.004383,0.061016,0.998127,0,0.47268,0.44809,28.361,0.896,-1,400.000,-1,400.000,-1,325.000,325.000,300.000,300.000,-1,-1,-1,-1,775.000,825.000,-1,-1,2,0,2,0,2,0,0,0,0,2,2,2,2,0,0,2,2
63,3960.263,-2348.119,588.913,-134.271,-0.697902,0.714683,-0.046492,-0.716186,-0.696725,0.040654,-0.003338,0.061669,0.998091,0,0.55268,0.56809,33.161,1.136,-1,400.000,-1,400.000,-1,325.000,325.000,300.000,300.000,-1,-1,-1,-1,800.000,825.000,-1,-1,2,0,2,0,2,0,0,0,0,2,2,2,2,0,0,2,2
64,3934.336,-2375.846,589.043,-133.079,-0.682895,0.728985,-0.047280,-0.730513,-0.681667,0.041005,-0.002337,0.062541,0.998040,0,0.63268,0.59612,37.961,1.192,-1,400.000,-1,400.000,-1,325.000,325.000,300.000,300.000,-1,-1,-1,-1,800.000,825.000,-1,-1,2,0,2,0,2,0,0,0,0,2,2,2,2,0,0,2,2
65,3905.790,-2407.683,589.201,-131.882,-0.667535,0.743008,-0.048330,-0.744577,-0.666251,0.041417,-0.001427,0.063632,0.997972,0,0.71268,0.59820,42.761,1.196,-1,400.000,-1,400.000,-1,325.000,325.000,300.000,300.000,-1,-1,-1,-1,800.000,850.000,-1,-1,2,0,2,0,2,0,0,0,0,2,2,2,2,0,0,2,2
66,3875.556,-2442.859,589.383,-130.681,-0.651820,0.756746,-0.049651,-0.758373,-0.650474,0.041876,-0.000607,0.064950,0.997888,0,0.77307,0.60057,46.384,1.201,-1,400.000,-1,400.000,-1,325.000,325.000,300.000,300.000,-1,-1,-1,-1,800.000,850.000,-1,-1,2,0,2,0,2,0,0,0,0,2,2,2,2,0,0,2,2
67,3846.042,-2478.696,589.534,-129.475,-0.635756,0.770207,-0.050945,-0.771890,-0.634345,0.042342,0.000295,0.066243,0.997803,0,0.77378,0.60314,46.427,1.206,-1,400.000,-1,400.000,-1,325.000,325.000,300.000,300.000,-1,-1,-1,-1,800.000,875.000,-1,-1,2,0,2,0,2,0,0,0,0,2,2,2,2,0,0,2,2
68,3817.265,-2515.182,589.514,-128.264,-0.619370,0.783409,-0.051485,-0.785097,-0.617890,0.042824,0.001736,0.066944,0.997755,0,0.77448,0.60572,46.469,1.211,-1,400.000,-1,400.000,-1,325.000,325.000,300.000,300.000,-1,-1,-1,-1,825.000,875.000,-1,-1,2,0,2,0,2,0,0,0,0,2,2,2,2,0,0,2,2
69,3789.245,-2552.304,589.504,-127.047,-0.602635,0.796307,-0.052207,-0.798011,-0.601084,0.043321,0.003116,0.067768,0.997696,0,0.77518,0.60830,46.511,1.217,-1,400.000,-1,400.000,-1,325.000,325.000,300.000,300.000,-1,-1,-1,-1,825.000,900.000,-1,-1,2,0,2,0,2,0,0,0,0,2,2,2,2,0,0,2,2
70,3761.998,-2590.049,589.507,-125.825,-0.585556,0.808890,-0.053109,-0.810620,-0.583930,0.043826,0.004438,0.068713,0.997627,0,0.77588,0.61089,46.553,1.222,-1,400.000,-1,425.000,-1,325.000,325.000,300.000,300.000,-1,-1,-1,-1,850.000,925.000,-1,-1,2,0,2,0,2,0,0,0,0,2,2,2,2,0,0,2,2
71,3735.542,-2628.404,589.525,-124.598,-0.568138,0.821147,-0.054190,-0.822914,-0.566434,0.044340,0.005715,0.069785,0.997546,0,0.77658,0.61348,46.595,1.227,-1,400.000,-1,425.000,-1,325.000,325.000,300.000,300.000,-1,-1,-1,-1,850.000,950.000,-1,-1,2,0,2,0,2,0,0,0,0,2,2,2,2,0,0,2,2
72,3709.894,-2667.354,589.562,-123.366,-0.550386,0.833067,-0.055445,-0.834881,-0.548599,0.044855,0.006951,0.070977,0.997454,0,0.77728,0.61606,46.637,1.232,-1,400.000,-1,425.000,-1,325.000,325.000,300.000,300.000,-1,-1,-1,-1,875.000,950.000,-1,-1,2,0,2,0,2,0,0,0,0,2,2,2,2,0,0,2,2
73,3685.071,-2706.885,589.666,-122.129,-0.532297,0.844650,-0.056795,-0.846520,-0.530439,0.045148,0.008008,0.072110,0.997365,0,0.77798,0.61866,46.679,1.237,-1,400.000,-1,425.000,-1,325.000,325.000,300.000,275.000,-1,-1,-1,-1,875.000,975.000,-1,-1,2,0,2,0,2,0,0,0,0,2,2,2,2,0,0,2,2
74,3661.089,-2746.979,589.951,-120.886,-0.513854,0.855912,-0.058043,-0.857835,-0.511974,0.044737,0.008574,0.072780,0.997311,0,0.77867,0.62125,46.720,1.242,-1,400.000,-1,425.000,-1,325.000,350.000,300.000,275.000,-1,-1,-1,-1,875.000,1000.000,-1,-1,2,0,2,0,2,0,0,0,0,2,2,2,2,0,0,2,2
75,3637.965,-2787.622,590.369,-119.639,-0.495069,0.866833,-0.059220,-0.868809,-0.493203,0.043836,0.008792,0.073153,0.997282,0,0.77936,0.62384,46.761,1.248,-1,400.000,-1,425.000,-1,325.000,350.000,300.000,275.000,-1,-1,-1,-1,900.000,1000.000,-1,-1,2,0,2,0,2,0,0,0,0,2,2,2,2,0,0,2,2
76,3615.715,-2828.796,590.771,-118.386,-0.475960,0.877369,-0.060719,-0.879423,-0.474110,0.042840,0.008799,0.073788,0.997235,0,0.78004,0.62643,46.802,1.253,-1,400.000,-1,425.000,-1,325.000,350.000,300.000,300.000,-1,-1,-1,-1,900.000,1000.000,-1,-1,2,0,2,0,2,0,0,0,0,2,2,2,2,0,0,2,2
77,3594.919,-2868.965,591.145,-117.373,-0.460335,0.885556,-0.062310,-0.887704,-0.458497,0.041982,0.008609,0.074638,0.997174,0,0.75388,0.50643,45.233,1.013,-1,400.000,-1,425.000,-1,325.000,350.000,300.000,300.000,-1,-1,-1,-1,900.000,1000.000,-1,-1,2,0,2,0,2,0,0,0,0,2,2,2,2,0,0,2,2
78,3574.653,-2909.437,591.499,-116.600,-0.448300,0.891587,-0.064029,-0.893846,-0.446475,0.041231,0.008174,0.075716,0.997096,0,0.75440,0.38643,45.264,0.773,-1,400.000,-1,425.000,-1,325.000,350.000,300.000,300.000,-1,-1,-1,-1,900.000,1000.000,-1,-1,2,0,2,0,2,0,0,0,0,2,2,2,2,0,0,2,2
79,3554.755,-2950.115,591.823,-116.067,-0.439932,0.895612,-0.065879,-0.898000,-0.438120,0.040581,0.007482,0.077013,0.997002,0,0.75472,0.26643,45.283,0.533,-1,400.000,-1,425.000,-1,325.000,350.000,300.000,300.000,-1,-1,-1,-1,900.000,1000.000,-1,-1,2,0,2,0,2,0,0,0,0,2,2,2,2,0,0,2,2
80,3535.064,-2990.898,592.109,-115.774,-0.435281,0.897733,-0.067862,-0.900271,-0.433485,0.040031,0.006520,0.078519,0.996891,0,0.75481,0.14643,45.289,0.293,-1,400.000,-1,425.000,-1,325.000,350.000,300.000,300.000,-1,-1,-1,-1,900.000,1000.000,-1,-1,2,0,2,0,2,0,0,0,0,2,2,2,2,0,0,2,2
81,3515.414,-3031.691,592.343,-115.721,-0.434373,0.898011,-0.069977,-0.900717,-0.432598,0.039583,0.005274,0.080224,0.996763,0,0.75465,0.02643,45.279,0.053,-1,425.000,-1,450.000,-1,325.000,350.000,300.000,300.000,-1,-1,-1,-1,925.000,1000.000,-1,-1,2,0,2,0,2,0,0,0,0,2,2,2,2,0,0,2,2
82,3495.643,-3072.395,592.421,-115.909,-0.437187,0.896483,-0.072012,-0.899364,-0.435476,0.038798,0.003423,0.081728,0.996649,0,0.75420,-0.09357,45.252,-0.187,-1,425.000,-1,450.000,-1,350.000,350.000,300.000,275.000,-1,-1,-1,-1,925.000,1000.000,-1,-1,2,0,2,0,2,0,0,0,0,2,2,2,2,0,0,2,2
83,3475.589,-3112.910,592.308,-116.336,-0.443696,0.893123,-0.073923,-0.896177,-0.442103,0.037574,0.000876,0.082920,0.996556,0,0.75343,-0.21357,45.206,-0.427,-1,425.000,-1,450.000,-1,350.000,350.000,300.000,275.000,-1,-1,-1,-1,950.000,1000.000,-1,-1,2,0,2,0,2,0,0,0,0,2,2,2,2,0,0,2,2
84,3455.094,-3153.130,592.060,-117.003,-0.453876,0.887830,-0.075859,-0.891062,-0.452429,0.036277,-0.002113,0.084060,0.996458,0,0.75234,-0.33357,45.140,-0.667,-1,425.000,-1,450.000,-1,350.000,350.000,300.000,275.000,-1,-1,-1,-1,950.000,975.000,-1,-1,2,0,2,0,2,0,0,0,0,2,2,2,2,0,0,2,2
85,3434.004,-3192.945,591.665,-117.910,-0.467656,0.880476,-0.077841,-0.883893,-0.466386,0.034892,-0.005582,0.085121,0.996355,0,0.75091,-0.45357,45.055,-0.907,-1,425.000,-1,450.000,-1,350.000,350.000,300.000,275.000,-1,-1,-1,-1,975.000,975.000,-1,-1,2,0,2,0,2,0,0,0,0,2,2,2,2,0,0,2,2
86,3412.172,-3232.236,590.824,-119.057,-0.484875,0.870979,-0.079321,-0.874521,-0.483929,0.032037,-0.010482,0.084902,0.996334,0,0.74915,-0.57357,44.949,-1.147,-1,425.000,-1,425.000,-1,350.000,350.000,300.000,275.000,-1,-1,-1,-1,950.000,950.000,-1,-1,2,0,2,0,2,0,0,0,0,2,2,2,2,0,0,2,2
87,3389.458,-3270.880,589.829,-120.444,-0.505479,0.859030,-0.080982,-0.862694,-0.504885,0.029177,-0.015823,0.084611,0.996288,0,0.74706,-0.69357,44.824,-1.387,-1,425.000,-1,425.000,-1,350.000,350.000,300.000,275.000,-1,-1,-1,-1,950.000,925.000,-1,-1,2,0,2,0,2,0,0,0,0,2,2,2,2,0,0,2,2
88,3365.731,-3308.743,588.681,-122.072,-0.529307,0.844374,-0.082867,-0.848156,-0.529090,0.026375,-0.021574,0.084245,0.996212,0,0.74469,-0.81357,44.682,-1.627,-1,425.000,-1,425.000,-1,350.000,350.000,300.000,275.000,-1,-1,-1,-1,925.000,900.000,-1,-1,2,0,2,0,2,0,0,0,0,2,2,2,2,0,0,2,2
89,3340.870,-3345.683,587.369,-123.939,-0.556155,0.826720,-0.084996,-0.830616,-0.556343,0.023662,-0.027726,0.083759,0.996100,0,0.74208,-0.93357,44.525,-1.867,-1,425.000,-1,425.000,-1,350.000,350.000,300.000,275.000,-1,-1,-1,-1,925.000,875.000,-1,-1,2,0,2,0,2,0,0,0,0,2,2,2,2,0,0,2,2
90,3314.909,-3381.652,585.951,-125.818,-0.582604,0.808079,-0.087063,-0.812060,-0.583187,0.021231,-0.033618,0.083069,0.995977,0,0.73929,-0.93957,44.357,-1.879,-1,425.000,-1,425.000,-1,350.000,350.000,300.000,275.000,-1,-1,-1,-1,925.000,875.000,-1,-1,2,0,2,0,2,0,0,0,0,2,2,2,2,0,0,2,2
91,3287.881,-3416.621,584.390,-127.699,-0.608449,0.788553,-0.089299,-0.792612,-0.609431,0.018989,-0.039448,0.082333,0.995824,0,0.73659,-0.94036,44.195,-1.881,-1,425.000,-1,425.000,-1,350.000,325.000,300.000,275.000,-1,-1,-1,-1,900.000,850.000,-1,-1,2,0,2,0,2,0,0,0,0,2,2,2,2,0,0,2,2
92,3259.815,-3450.566,582.681,-129.582,-0.633664,0.768149,-0.091740,-0.772283,-0.635054,0.016916,-0.045266,0.081568,0.995639,0,0.73405,-0.94155,44.043,-1.883,-1,425.000,-1,400.000,-1,325.000,325.000,300.000,275.000,-1,-1,-1,-1,875.000,825.000,-1,-1,2,0,2,0,2,0,0,0,0,2,2,2,2,0,0,2,2
93,3230.739,-3483.465,580.826,-131.468,-0.658231,0.746878,-0.094368,-0.751083,-0.660037,0.015035,-0.051057,0.080774,0.995424,0,0.73174,-0.94313,43.904,-1.886,-1,425.000,-1,400.000,-1,325.000,325.000,300.000,275.000,-1,-1,-1,-1,875.000,800.000,-1,-1,2,0,2,0,2,0,0,0,0,2,2,2,2,0,0,2,2
94,3200.677,-3515.298,578.828,-133.358,-0.682127,0.724749,-0.097165,-0.729024,-0.684358,0.013364,-0.056810,0.079951,0.995179,0,0.72971,-0.94509,43.783,-1.890,-1,400.000,-1,400.000,-1,325.000,325.000,300.000,275.000,-1,-1,-1,-1,850.000,775.000,-1,-1,2,0,2,0,2,0,0,0,0,2,2,2,2,0,0,2,2
95,3169.650,-3546.048,576.502,-135.253,-0.705423,0.701814,-0.099172,-0.706076,-0.708038,0.011813,-0.061927,0.078357,0.995000,0,0.72802,-0.94742,43.681,-1.895,-1,400.000,-1,400.000,-1,325.000,325.000,300.000,275.000,-1,-1,-1,-1,850.000,750.000,-1,-1,2,0,2,0,2,0,0,0,0,2,2,2,2,0,0,2,2
96,3137.679,-3575.698,573.936,-137.153,-0.728082,0.678065,-0.100620,-0.682253,-0.731043,0.010340,-0.066547,0.076177,0.994871,0,0.72670,-0.95010,43.602,-1.900,-1,400.000,-1,400.000,-1,325.000,325.000,300.000,275.000,-1,-1,-1,-1,825.000,725.000,-1,-1,2,0,2,0,2,0,0,0,0,2,2,2,2,0,0,2,2
97,3104.781,-3604.233,571.210,-139.059,-0.750046,0.653494,-0.101862,-0.657576,-0.753335,0.008955,-0.070884,0.073699,0.994758,0,0.72579,-0.95313,43.548,-1.906,-1,400.000,-1,400.000,-1,325.000,325.000,300.000,275.000,-1,-1,-1,-1,800.000,725.000,-1,-1,2,0,2,0,2,0,0,0,0,2,2,2,2,0,0,2,2
98,3070.970,-3631.635,568.081,-140.972,-0.771408,0.628149,-0.101777,-0.631997,-0.774935,0.007394,-0.074226,0.070027,0.994780,0,0.72533,-0.95649,43.520,-1.913,-1,400.000,-1,400.000,-1,325.000,325.000,300.000,275.000,-1,-1,-1,-1,800.000,700.000,-1,-1,2,0,2,0,2,0,0,0,0,2,2,2,2,0,0,2,2
99,3032.558,-3660.951,564.453,-142.645,-0.789430,0.605410,-0.101385,-0.609007,-0.793144,0.005831,-0.076883,0.066348,0.994830,0,0.80533,-0.83649,48.320,-1.673,-1,400.000,-1,375.000,-1,325.000,325.000,300.000,275.000,-1,-1,-1,-1,800.000,700.000,-1,-1,2,0,2,0,2,0,0,0,0,2,2,2,2,0,0,2,2
100,2989.539,-3692.114,560.468,-144.078,-0.804359,0.585500,-0.100980,-0.588898,-0.808192,0.004847,-0.078774,0.063366,0.994877,0,0.88533,-0.71649,53.120,-1.433,-1,400.000,-1,400.000,-1,325.000,325.000,300.000,275.000,-1,-1,-1,-1,800.000,675.000,-1,-1,2,0,2,0,2,0,0,0,0,2,2,2,2,0,0,2,2
101,2944.188,-3723.548,556.205,-145.271,-0.816416,0.568640,-0.100560,-0.571858,-0.820343,0.003918,-0.080266,0.060705,0.994923,0,0.91966,-0.59649,55.180,-1.193,-1,400.000,-1,400.000,-1,325.000,325.000,300.000,275.000,-1,-1,-1,-1,775.000,675.000,-1,-1,2,0,2,0,2,0,0,0,0,2,2,2,2,0,0,2,2
102,2898.213,-3754.295,551.821,-146.224,-0.825807,0.554993,-0.100126,-0.558053,-0.829800,0.003107,-0.081360,0.058441,0.994970,0,0.92182,-0.47649,55.309,-0.953,-1,400.000,-1,375.000,-1,325.000,325.000,300.000,275.000,-1,-1,-1,-1,775.000,675.000,-1,-1,2,0,2,0,2,0,0,0,0,2,2,2,2,0,0,2,2
103,2851.724,-3784.556,547.326,-146.937,-0.832699,0.544682,-0.099667,-0.547609,-0.836731,0.002426,-0.082074,0.056599,0.995018,0,0.92449,-0.35649,55.469,-0.713,-1,400.000,-1,375.000,-1,325.000,325.000,300.000,275.000,-1,-1,-1,-1,750.000,650.000,-1,-1,2,0,2,0,2,0,0,0,0,2,2,2,2,0,0,2,2
104,2804.831,-3814.533,542.757,-147.410,-0.837216,0.537801,-0.099192,-0.540614,-0.841269,0.001763,-0.082499,0.055101,0.995067,0,0.92760,-0.23649,55.656,-0.473,-1,400.000,-1,375.000,-1,325.000,325.000,300.000,275.000,-1,-1,-1,-1,750.000,650.000,-1,-1,2,0,2,0,2,0,0,0,0,2,2,2,2,0,0,2,2
105,2756.992,-3844.841,538.143,-147.643,-0.839434,0.534418,-0.098733,-0.537105,-0.843515,0.000746,-0.082884,0.053656,0.995114,0,0.94385,-0.11649,56.631,-0.233,-1,400.000,-1,375.000,1000.000,325.000,300.000,300.000,300.000,-1,-1,-1,-1,725.000,650.000,-1,-1,2,0,2,0,0,0,0,0,0,2,2,2,2,0,0,2,2
106,2708.781,-3875.393,533.406,-147.636,-0.839403,0.534553,-0.098258,-0.537129,-0.843500,-0.000285,-0.083033,0.052538,0.995161,0,0.95129,0.00351,57.077,0.007,-1,400.000,-1,375.000,950.000,325.000,300.000,300.000,300.000,-1,-1,-1,-1,725.000,625.000,-1,-1,2,0,2,0,0,0,0,0,0,2,2,2,2,0,0,2,2
107,2660.323,-3906.395,529.045,-147.389,-0.837343,0.538256,-0.095586,-0.540566,-0.841299,-0.002043,-0.081516,0.049959,0.995419,0,0.95878,0.12351,57.527,0.247,-1,400.000,-1,350.000,950.000,325.000,300.000,300.000,300.000,-1,-1,-1,-1,700.000,625.000,-1,-1,2,0,2,0,0,0,0,0,0,2,2,2,2,0,0,2,2
108,2611.751,-3938.055,524.707,-146.902,-0.833026,0.545451,-0.092474,-0.547512,-0.836790,-0.003640,-0.079367,0.047599,0.995708,0,0.96632,0.24351,57.979,0.487,-1,375.000,-1,375.000,975.000,325.000,300.000,300.000,300.000,-1,-1,-1,-1,700.000,650.000,-1,-1,2,0,2,0,0,0,0,0,0,2,2,2,2,0,0,2,2
109,2563.207,-3970.583,520.312,-146.175,-0.826321,0.556071,-0.089319,-0.557933,-0.829871,-0.004877,-0.076835,0.045804,0.995991,0,0.97392,0.36351,58.435,0.727,-1,375.000,-1,375.000,1000.000,300.000,300.000,300.000,300.000,-1,-1,-1,-1,700.000,650.000,-1,-1,2,0,2,0,0,0,0,0,0,2,2,2,2,0,0,2,2
110,2514.843,-4004.187,515.976,-145.208,-0.817063,0.570026,-0.086476,-0.571747,-0.820409,-0.005794,-0.074248,0.044708,0.996237,0,0.98155,0.48351,58.893,0.967,-1,375.000,-1,375.000,1000.000,300.000,300.000,300.000,300.000,-1,-1,-1,-1,700.000,650.000,-1,-1,2,0,2,0,0,0,0,0,0,2,2,2,2,0,1,2,2
111,2466.789,-4039.021,511.790,-144.062,-0.805685,0.586342,-0.084115,-0.587964,-0.808860,-0.006593,-0.071903,0.044145,0.996434,0,0.98920,0.57324,59.352,1.146,-1,375.000,-1,375.000,1000.000,300.000,300.000,300.000,300.000,-1,-1,-1,-1,700.000,700.000,-1,-1,2,0,2,0,0,0,0,0,0,2,2,2,2,0,1,2,2
112,2419.074,-4075.083,507.616,-142.919,-0.794018,0.602366,-0.081797,-0.603904,-0.797024,-0.007202,-0.069533,0.043679,0.996623,0,0.99682,0.57125,59.809,1.143,-1,375.000,-1,375.000,-1,300.000,300.000,300.000,300.000,-1,-1,-1,-1,700.000,-1,-1,-1,2,0,2,0,2,0,0,0,0,2,2,2,2,0,2,2,2
113,2375.717,-4108.937,503.906,-142.017,-0.784606,0.614848,-0.079722,-0.616347,-0.787442,-0.007125,-0.067157,0.043546,0.996792,0,0.91682,0.45125,55.009,0.903,-1,375.000,-1,375.000,-1,300.000,300.000,300.000,300.000,-1,-1,-1,-1,700.000,-1,-1,-1,2,0,2,0,2,0,0,0,0,2,2,2,2,0,2,2,2
114,2336.512,-4140.304,500.781,-141.338,-0.777446,0.624108,-0.077892,-0.625651,-0.780082,-0.005719,-0.064331,0.044287,0.996945,0,0.83682,0.33918,50.209,0.678,-1,375.000,-1,375.000,-1,300.000,300.000,300.000,300.000,-1,-1,-1,-1,725.000,-1,-1,-1,2,0,2,0,2,0,0,0,0,2,2,2,2,0,2,2,2
115,2301.051,-4169.366,497.935,-140.665,-0.770205,0.633216,-0.076296,-0.634803,-0.772662,-0.004377,-0.061722,0.045062,0.997076,0,0.76414,0.33689,45.849,0.674,-1,375.000,-1,375.000,-1,300.000,300.000,300.000,300.000,-1,650.000,-1,-1,725.000,-1,-1,-1,2,0,2,0,2,0,0,0,0,2,0,2,2,0,2,2,2
116,2265.673,-4199.057,495.082,-139.996,-0.762907,0.642170,-0.074766,-0.643800,-0.765188,-0.002964,-0.059113,0.045873,0.997197,0,0.76977,0.33447,46.186,0.669,-1,375.000,-1,375.000,-1,300.000,300.000,300.000,300.000,-1,600.000,-1,-1,725.000,-1,-1,-1,2,0,2,1,2,0,0,0,0,2,0,2,2,0,2,2,2
117,2230.388,-4229.374,492.224,-139.332,-0.755561,0.650963,-0.073303,-0.652636,-0.757670,-0.001484,-0.056506,0.046719,0.997309,0,0.77536,0.33179,46.521,0.664,-1,375.000,-1,400.000,-1,325.000,300.000,300.000,300.000,-1,575.000,725.000,-1,750.000,-1,-1,-1,2,0,2,1,2,0,0,0,0,2,0,0,2,0,2,2,2
118,2195.203,-4260.313,489.672,-138.674,-0.748174,0.659625,-0.071626,-0.661258,-0.750158,-0.001220,-0.054536,0.046451,0.997431,0,0.78088,0.32882,46.853,0.658,-1,375.000,-1,-1,-1,325.000,300.000,300.000,300.000,-1,550.000,675.000,-1,750.000,-1,-1,-1,2,0,2,2,2,0,0,0,0,2,0,0,2,0,2,2,2
119,2160.128,-4291.868,487.317,-138.023,-0.740765,0.668145,-0.069641,-0.669671,-0.742656,-0.001906,-0.052993,0.045224,0.997570,0,0.78634,0.32555,47.180,0.651,-1,375.000,-1,-1,-1,325.000,300.000,300.000,300.000,-1,550.000,700.000,-1,-1,-1,-1,-1,2,0,2,2,2,0,0,0,0,2,0,0,2,2,2,2,2
120,2125.174,-4324.033,484.944,-137.379,-0.733353,0.676488,-0.067513,-0.677908,-0.735143,-0.002511,-0.051331,0.043926,0.997715,0,0.79169,0.32195,47.502,0.644,-1,375.000,-1,-1,-1,325.000,325.000,300.000,300.000,-1,550.000,700.000,-1,-1,-1,-1,-1,2,0,2,2,2,0,1,0,0,2,0,0,2,2,2,2,2
121,2090.350,-4356.799,482.584,-136.743,-0.725939,0.684643,-0.065393,-0.685965,-0.727628,-0.003008,-0.049641,0.042673,0.997855,0,0.79693,0.31800,47.816,0.636,-1,400.000,-1,-1,-1,325.000,-1,300.000,300.000,-1,550.000,700.000,-1,-1,-1,-1,-1,2,0,2,2,2,0,2,0,0,2,0,0,2,2,2,2,2
122,2055.667,-4390.157,480.237,-136.116,-0.718536,0.692605,-0.063283,-0.693836,-0.720125,-0.003397,-0.047925,0.041467,0.997990,0,0.80203,0.31367,48.122,0.627,-1,400.000,-1,-1,-1,325.000,-1,300.000,300.000,-1,550.000,700.000,-1,-1,-1,-1,-1,2,0,2,2,2,0,2,0,0,2,0,0,2,2,2,2,2
123,2021.135,-4424.095,476.723,-135.498,-0.710788,0.700232,-0.066756,-0.701651,-0.712514,-0.003001,-0.049666,0.044706,0.997765,0,0.80695,0.30893,48.417,0.618,-1,375.000,-1,-1,-1,300.000,-1,325.000,300.000,-1,650.000,825.000,-1,-1,-1,-1,-1,2,0,2,2,2,0,2,0,0,2,0,0,2,2,2,2,2
124,1986.767,-4458.599,471.970,-134.891,-0.702625,0.707472,-0.076169,-0.709427,-0.704777,-0.001961,-0.055069,0.052659,0.997093,0,0.81166,0.30374,48.699,0.607,-1,375.000,-1,-1,-1,800.000,-1,325.000,275.000,-1,-1,-1,-1,-1,-1,-1,-1,2,0,2,2,2,1,2,0,0,2,2,2,2,2,2,2,2
125,1952.574,-4493.652,466.467,-134.295,-0.694112,0.714314,-0.089241,-0.717132,-0.696937,-0.000685,-0.062685,0.063522,0.996010,0,0.81611,0.29805,48.966,0.596,-1,350.000,-1,-1,-1,900.000,-1,325.000,250.000,-1,-1,-1,-1,-1,-1,-1,-1,2,0,2,2,2,1,2,0,0,2,2,2,2,2,2,2,2
126,1918.570,-4529.232,460.046,-133.711,-0.685105,0.720709,-0.105878,-0.724774,-0.688986,-0.000115,-0.073032,0.076659,0.994379,0,0.82025,0.29182,49.215,0.584,-1,400.000,-1,-1,-1,875.000,-1,350.000,225.000,-1,-1,-1,-1,-1,-1,-1,-1,2,1,2,2,2,1,2,0,0,2,2,2,2,2,2,2,2
127,1884.769,-4565.318,452.854,-133.141,-0.675449,0.726532,-0.126175,-0.732423,-0.680850,0.000433,-0.085591,0.092706,0.992008,0,0.82402,0.28500,49.441,0.570,-1,450.000,-1,-1,-1,800.000,-1,375.000,200.000,-1,-1,-1,-1,-1,-1,-1,-1,2,1,2,2,2,1,2,0,1,2,2,2,2,2,2,2,2
128,1854.441,-4598.079,446.028,-132.811,-0.668064,0.729109,-0.148631,-0.737433,-0.675419,0.001333,-0.099416,0.110496,0.988892,0,0.74402,0.16500,44.641,0.330,-1,475.000,-1,-1,-1,750.000,-1,400.000,175.000,-1,-1,-1,-1,-1,-1,-1,-1,2,1,2,2,2,1,2,0,1,2,2,2,2,2,2,2,2
129,1827.422,-4627.364,439.534,-132.721,-0.663255,0.728602,-0.170975,-0.739796,-0.672826,0.002641,-0.113112,0.128238,0.985272,0,0.66402,0.04500,39.841,0.090,-1,500.000,-1,-1,-1,700.000,-1,425.000,150.000,-1,-1,-1,-1,-1,-1,-1,-1,2,1,2,2,2,1,2,0,1,2,2,2,2,2,2,2,2
130,1801.708,-4655.094,433.015,-132.871,-0.660932,0.724990,-0.193802,-0.739613,-0.673016,0.004664,-0.127050,0.146421,0.981030,0,0.63021,-0.07500,37.813,-0.150,-1,550.000,-1,-1,-1,675.000,-1,450.000,150.000,-1,-1,-1,-1,-1,-1,-1,-1,2,1,2,2,2,1,2,0,1,2,2,2,2,2,2,2,2
131,1775.714,-4682.754,426.178,-133.261,-0.660815,0.718161,-0.218100,-0.737012,-0.675836,0.007655,-0.141903,0.165801,0.975896,0,0.63253,-0.19500,37.952,-0.390,-1,575.000,-1,-1,-1,675.000,1000.000,500.000,150.000,-1,-1,-1,-1,975.000,-1,-1,-1,2,1,2,2,2,1,1,0,1,2,2,2,2,1,2,2,2
132,-4263.559,-7543.190,461.045,0.208,0.999962,-0.003618,0.007962,0.004174,0.997479,-0.070840,-0.007686,0.070871,0.997456,1,0.00000,0.00000,38.097,-0.630,-1,375.000,-1,375.000,-1,300.000,300.000,325.000,325.000,950.000,375.000,350.000,-1,-1,700.000,-1,-1,2,0,2,0,2,0,0,0,0,1,1,1,2,2,0,2,2
133,-4258.760,-7543.153,461.008,0.448,0.999939,-0.007797,0.007880,0.008335,0.997454,-0.070822,-0.007307,0.070883,0.997458,0,0.08000,0.12000,4.800,0.240,-1,400.000,-1,375.000,-1,300.000,300.000,325.000,325.000,950.000,375.000,375.000,-1,-1,700.000,-1,-1,2,1,2,0,2,0,0,0,0,1,1,1,2,2,0,2,2
134,-4249.161,-7542.997,460.940,0.928,0.999840,-0.016152,0.007715,0.016658,0.997353,-0.070781,-0.006551,0.070898,0.997462,0,0.16000,0.24000,9.600,0.480,-1,425.000,-1,375.000,-1,300.000,300.000,325.000,325.000,950.000,375.000,375.000,-1,-1,700.000,-1,-1,2,1,2,0,2,0,0,0,0,1,1,1,2,2,0,2,2
135,-4234.768,-7542.583,460.852,1.648,0.999561,-0.028684,0.007470,0.029141,0.997071,-0.070714,-0.005419,0.070901,0.997469,0,0.24000,0.36000,14.400,0.720,-1,-1,-1,375.000,-1,325.000,300.000,325.000,325.000,975.000,400.000,400.000,-1,-1,700.000,-1,-1,2,2,2,0,2,0,0,0,0,1,1,1,2,2,0,2,2
136,-4215.587,-7541.721,460.758,2.573,0.998972,-0.044774,0.007146,0.045167,0.996481,-0.070613,-0.003959,0.070864,0.997478,0,0.32000,0.46241,19.200,0.925,-1,-1,-1,375.000,-1,325.000,300.000,325.000,325.000,1000.000,400.000,425.000,-1,-1,675.000,-1,-1,2,2,2,0,2,1,0,0,0,1,1,1,2,2,0,2,2
137,-4191.632,-7540.263,460.668,3.481,0.998141,-0.060569,0.006746,0.060894,0.995654,-0.070464,-0.002449,0.070744,0.997492,0,0.40000,0.45427,24.000,0.909,-1,-1,-1,375.000,-1,325.000,300.000,325.000,325.000,-1,425.000,450.000,-1,-1,675.000,-1,-1,2,2,2,0,2,1,0,0,0,2,1,1,2,2,0,2,2
138,-4162.916,-7538.069,460.593,4.369,0.997088,-0.075997,0.006269,0.076250,0.994610,-0.070262,-0.000895,0.070535,0.997509,0,0.48000,0.44411,28.800,0.888,-1,-1,-1,375.000,-1,325.000,300.000,325.000,325.000,-1,450.000,475.000,-1,-1,675.000,-1,-1,2,2,2,0,2,1,0,0,0,2,1,1,2,2,0,2,2
139,-4129.448,-7535.100,460.534,5.070,0.996091,-0.088150,0.005714,0.088333,0.993629,-0.069996,0.000493,0.070227,0.997531,0,0.56000,0.35014,33.600,0.700,-1,-1,-1,375.000,-1,350.000,300.000,325.000,325.000,-1,475.000,500.000,-1,-1,675.000,-1,-1,2,2,2,0,2,1,0,0,0,2,1,1,2,2,0,2,2
