timestep,x_cm,y_cm,z_cm,yaw_deg,basis_xx,basis_xy,basis_xz,basis_yx,basis_yy,basis_yz,basis_zx,basis_zy,basis_zz,teleport_flag,throttle_cmd,steering_cmd,cmd_move_cm,cmd_turn_deg,lidar_cm_0,lidar_cm_1,lidar_cm_2,lidar_cm_3,lidar_cm_4,lidar_cm_5,lidar_cm_6,lidar_cm_7,lidar_cm_8,lidar_cm_9,lidar_cm_10,lidar_cm_11,lidar_cm_12,lidar_cm_13,lidar_cm_14,lidar_cm_15,lidar_cm_16,lidar_class_0,lidar_class_1,lidar_class_2,lidar_class_3,lidar_class_4,lidar_class_5,lidar_class_6,lidar_class_7,lidar_class_8,lidar_class_9,lidar_class_10,lidar_class_11,lidar_class_12,lidar_class_13,lidar_class_14,lidar_class_15,lidar_class_16
0,-7547.366,4261.139,-93.110,-149.790,-0.863954,0.502888,0.026216,-0.503449,-0.863719,-0.022994,0.011080,-0.033064,0.999392,1,0.08000,-0.12000,4.800,-0.240,-1,400.000,-1,400.000,-1,325.000,325.000,300.000,300.000,-1,-1,-1,-1,800.000,750.000,-1,-1,2,0,2,0,2,0,0,0,0,2,2,2,2,0,0,2,2
1,-7555.702,4256.378,-93.002,-150.270,-0.868134,0.495635,0.026266,-0.496200,-0.867901,-0.023102,0.011346,-0.033089,0.999388,0,0.16000,-0.24000,9.600,-0.480,-1,400.000,-1,400.000,-1,325.000,325.000,300.000,300.000,-1,-1,-1,-1,800.000,750.000,-1,-1,2,0,2,0,2,0,0,0,0,2,2,2,2,0,0,2,2
2,-7568.296,4249.395,-92.834,-150.990,-0.874290,0.484689,0.026339,-0.485262,-0.874059,-0.023263,0.011746,-0.033120,0.999382,0,0.24000,-0.36000,14.400,-0.720,-1,400.000,-1,400.000,-1,325.000,325.000,300.000,300.000,-1,-1,-1,-1,800.000,750.000,-1,-1,2,0,2,0,2,0,0,0,0,2,2,2,2,0,0,2,2
3,-7585.214,4240.317,-92.602,-151.783,-0.880905,0.472554,0.026433,-0.473136,-0.880677,-0.023479,0.012184,-0.033189,0.999375,0,0.32000,-0.39618,19.200,-0.792,-1,400.000,-1,400.000,-1,325.000,325.000,300.000,300.000,-1,-1,-1,-1,800.000,750.000,-1,-1,2,0,2,0,2,0,0,0,0,2,2,2,2,0,0,2,2
4,-7606.517,4229.263,-92.304,-152.575,-0.887352,0.460328,0.026547,-0.460920,-0.887124,-0.023746,0.012620,-0.033307,0.999365,0,0.40000,-0.39618,24.000,-0.792,-1,400.000,-1,400.000,-1,325.000,325.000,300.000,300.000,-1,-1,-1,-1,800.000,750.000,-1,-1,2,0,2,0,2,0,0,0,0,2,2,2,2,0,0,2,2
5,-7632.261,4216.353,-91.935,-153.368,-0.893629,0.448014,0.026681,-0.448617,-0.893400,-0.024065,0.013055,-0.033475,0.999354,0,0.48000,-0.39618,28.800,-0.792,-1,400.000,-1,400.000,-1,325.000,325.000,300.000,300.000,-1,-1,-1,-1,800.000,750.000,-1,-1,2,0,2,0,2,0,0,0,0,2,2,2,2,0,0,2,2
6,-7662.502,4201.708,-91.494,-154.160,-0.899734,0.435613,0.026833,-0.436230,-0.899503,-0.024435,0.013492,-0.033690,0.999341,0,0.56000,-0.39618,33.600,-0.792,-1,400.000,-1,400.000,-1,325.000,325.000,300.000,300.000,-1,-1,-1,-1,800.000,750.000,-1,-1,2,0,2,0,2,0,0,0,0,2,2,2,2,0,0,2,2
7,-7697.291,4185.450,-90.980,-154.952,-0.905667,0.423128,0.027002,-0.423760,-0.905434,-0.024854,0.013932,-0.033952,0.999326,0,0.64000,-0.39618,38.400,-0.792,-1,400.000,-1,400.000,-1,325.000,325.000,300.000,300.000,-1,-1,-1,-1,800.000,750.000,-1,-1,2,0,2,0,2,0,0,0,0,2,2,2,2,0,0,2,2
8,-7736.677,4167.703,-90.401,-155.745,-0.911429,0.410563,0.027124,-0.411208,-0.911190,-0.025300,0.014328,-0.034213,0.999312,0,0.72000,-0.39618,43.200,-0.792,-1,400.000,-1,400.000,-1,325.000,325.000,300.000,300.000,-1,-1,-1,-1,800.000,750.000,-1,-1,2,0,2,0,2,0,0,0,0,2,2,2,2,0,0,2,2
9,-7780.708,4148.592,-89.733,-156.537,-0.917019,0.397918,0.027149,-0.398576,-0.916770,-0.025888,0.014588,-0.034560,0.999296,0,0.80000,-0.39618,48.000,-0.792,-1,400.000,-1,400.000,-1,325.000,325.000,300.000,300.000,-1,-1,-1,-1,800.000,750.000,-1,-1,2,0,2,0,2,0,0,0,0,2,2,2,2,0,0,2,2
10,-7829.429,4128.241,-88.981,-157.329,-0.922434,0.385196,0.027182,-0.385869,-0.922172,-0.026533,0.014846,-0.034964,0.999278,0,0.88000,-0.39618,52.800,-0.792,-1,400.000,-1,400.000,-1,325.000,325.000,300.000,300.000,-1,-1,-1,-1,800.000,775.000,-1,-1,2,0,2,0,2,0,0,0,0,2,2,2,2,0,0,2,2
11,-7880.699,4107.653,-88.178,-158.122,-0.927672,0.372401,0.027225,-0.373089,-0.927396,-0.027211,0.015115,-0.035400,0.999259,0,0.92081,-0.39618,55.249,-0.792,-1,400.000,-1,400.000,-1,325.000,325.000,300.000,300.000,-1,-1,-1,-1,800.000,775.000,-1,-1,2,0,2,0,2,0,0,0,0,2,2,2,2,0,0,2,2
12,-7928.398,4089.031,-87.429,-158.674,-0.931220,0.363438,0.027257,-0.364139,-0.930929,-0.027827,0.015260,-0.035839,0.999241,0,0.85343,-0.27618,51.206,-0.552,-1,400.000,-1,400.000,-1,325.000,325.000,300.000,300.000,-1,-1,-1,-1,775.000,775.000,-1,-1,2,0,2,0,2,0,0,0,0,2,2,2,2,0,0,2,2
13,-7976.199,4070.669,-86.654,-158.987,-0.933192,0.358352,0.027155,-0.359059,-0.932884,-0.028355,0.015171,-0.036211,0.999229,0,0.85343,-0.15618,51.206,-0.312,-1,400.000,-1,400.000,-1,325.000,325.000,300.000,300.000,-1,-1,-1,-1,775.000,775.000,-1,-1,2,0,2,0,2,0,0,0,0,2,2,2,2,0,0,2,2
14,-8024.022,4052.367,-85.876,-159.059,-0.933649,0.357169,0.027020,-0.357878,-0.933323,-0.028822,0.014924,-0.036580,0.999219,0,0.85343,-0.03618,51.206,-0.072,-1,400.000,-1,400.000,-1,325.000,325.000,300.000,300.000,-1,-1,-1,-1,775.000,775.000,-1,-1,2,0,2,0,2,0,0,0,0,2,2,2,2,0,0,2,2
15,-8071.792,4033.926,-85.113,-158.891,-0.932606,0.359892,0.026888,-0.360603,-0.932260,-0.029265,0.014534,-0.036989,0.999210,0,0.85343,0.08382,51.206,0.168,-1,400.000,-1,400.000,-1,325.000,325.000,300.000,300.000,-1,-1,-1,-1,775.000,775.000,-1,-1,2,0,2,0,2,0,0,0,0,2,2,2,2,0,0,2,2
16,-8119.430,4015.145,-84.377,-158.484,-0.930030,0.366510,0.026753,-0.367218,-0.929661,-0.029698,0.013987,-0.037444,0.999201,0,0.85343,0.20382,51.206,0.408,-1,400.000,-1,400.000,-1,325.000,325.000,300.000,300.000,-1,-1,-1,-1,775.000,775.000,-1,-1,2,0,2,0,2,0,0,0,0,2,2,2,2,0,0,2,2
17,-8166.852,3995.827,-83.673,-157.836,-0.925836,0.376987,0.026617,-0.377692,-0.925441,-0.030124,0.013276,-0.037943,0.999192,0,0.85343,0.32382,51.206,0.648,-1,400.000,-1,400.000,-1,325.000,325.000,300.000,300.000,-1,-1,-1,-1,775.000,775.000,-1,-1,2,0,2,0,2,0,0,0,0,2,2,2,2,0,0,2,2
18,-8213.969,3975.776,-83.015,-156.948,-0.919895,0.391270,0.026475,-0.391969,-0.919471,-0.030563,0.012385,-0.038492,0.999182,0,0.85343,0.44382,51.206,0.888,-1,400.000,-1,400.000,-1,325.000,325.000,300.000,300.000,-1,-1,-1,-1,775.000,775.000,-1,-1,2,0,2,0,2,0,0,0,0,2,2,2,2,0,0,2,2
19,-8260.682,3954.802,-82.415,-155.821,-0.912029,0.409279,0.026323,-0.409969,-0.911571,-0.031040,0.011292,-0.039101,0.999171,0,0.85343,0.56382,51.206,1.128,-1,400.000,-1,400.000,-1,325.000,325.000,300.000,300.000,-1,-1,-1,-1,775.000,775.000,-1,-1,2,0,2,0,2,0,0,0,0,2,2,2,2,0,0,2,2
20,-8306.881,3932.720,-81.874,-154.453,-0.902016,0.430909,0.026173,-0.431587,-0.901520,-0.031522,0.010012,-0.039729,0.999160,0,0.85343,0.68382,51.206,1.368,-1,400.000,-1,400.000,-1,325.000,325.000,300.000,300.000,-1,-1,-1,-1,775.000,775.000,-1,-1,2,0,2,0,2,0,0,0,0,2,2,2,2,0,0,2,2
21,-8352.443,3909.349,-81.402,-152.845,-0.889589,0.456020,0.026026,-0.456682,-0.889054,-0.032012,0.008541,-0.040363,0.999149,0,0.85343,0.80382,51.206,1.608,-1,400.000,-1,400.000,-1,325.000,325.000,300.000,300.000,-1,-1,-1,-1,775.000,775.000,-1,-1,2,0,2,0,2,0,0,0,0,2,2,2,2,0,0,2,2
22,-8397.227,3884.522,-81.026,-150.998,-0.874443,0.484436,0.025901,-0.485079,-0.873869,-0.032424,0.006927,-0.040917,0.999139,0,0.85343,0.92382,51.206,1.848,-1,400.000,-1,400.000,-1,325.000,325.000,300.000,300.000,-1,-1,-1,-1,775.000,775.000,-1,-1,2,0,2,0,2,0,0,0,0,2,2,2,2,0,0,2,2
23,-8441.118,3858.147,-80.757,-148.998,-0.857025,0.514630,0.025794,-0.515249,-0.856415,-0.032735,0.005244,-0.041345,0.999131,0,0.85343,1.00000,51.206,2.000,-1,400.000,-1,400.000,-1,325.000,325.000,300.000,300.000,-1,-1,-1,-1,775.000,775.000,-1,-1,2,0,2,0,2,0,0,0,0,2,2,2,2,0,0,2,2
24,-8484.061,3830.257,-80.616,-146.998,-0.838568,0.544200,0.025495,-0.544786,-0.837926,-0.032979,0.003415,-0.041544,0.999131,0,0.85343,1.00000,51.206,2.000,-1,400.000,-1,400.000,-1,325.000,325.000,300.000,300.000,-1,-1,-1,-1,775.000,775.000,-1,-1,2,0,2,0,2,0,0,0,0,2,2,2,2,0,0,2,2
25,-8526.005,3800.885,-80.569,-144.998,-0.819093,0.573109,0.025158,-0.573659,-0.818420,-0.033222,0.001550,-0.041644,0.999131,0,0.85343,1.00000,51.206,2.000,-1,400.000,-1,400.000,-1,325.000,325.000,300.000,300.000,-1,-1,-1,-1,775.000,775.000,-1,-1,2,0,2,0,2,0,0,0,0,2,2,2,2,0,0,2,2
26,-8566.898,3770.067,-80.605,-142.998,-0.798621,0.601322,0.024838,-0.601834,-0.797919,-0.033482,-0.000315,-0.041688,0.999131,0,0.85343,1.00000,51.206,2.000,-1,400.000,-1,400.000,-1,325.000,325.000,300.000,300.000,-1,-1,-1,-1,775.000,775.000,-1,-1,2,0,2,0,2,0,0,0,0,2,2,2,2,0,0,2,2
27,-8606.691,3737.841,-80.723,-140.998,-0.777178,0.628803,0.024536,-0.629277,-0.776447,-0.033755,-0.002175,-0.041674,0.999129,0,0.85343,1.00000,51.206,2.000,-1,400.000,-1,400.000,-1,325.000,325.000,300.000,300.000,-1,-1,-1,-1,775.000,775.000,-1,-1,2,0,2,0,2,0,0,0,0,2,2,2,2,0,0,2,2
28,-8645.335,3704.245,-80.921,-138.998,-0.754789,0.655520,0.024232,-0.655955,-0.754032,-0.034035,-0.004039,-0.041584,0.999127,0,0.85343,1.00000,51.206,2.000,-1,400.000,-1,400.000,-1,325.000,325.000,300.000,300.000,-1,-1,-1,-1,775.000,775.000,-1,-1,2,0,2,0,2,0,0,0,0,2,2,2,2,0,0,2,2
29,-8682.783,3669.322,-81.200,-136.998,-0.731482,0.681440,0.023940,-0.681835,-0.730700,-0.034323,-0.005897,-0.041430,0.999124,0,0.85343,1.00000,51.206,2.000,-1,400.000,-1,400.000,-1,325.000,325.000,300.000,300.000,-1,-1,-1,-1,775.000,775.000,-1,-1,2,0,2,0,2,0,0,0,0,2,2,2,2,0,0,2,2
30,-8718.990,3633.112,-81.577,-134.998,-0.707286,0.706534,0.023597,-0.706885,-0.706481,-0.034610,-0.007782,-0.041160,0.999122,0,0.85343,1.00000,51.206,2.000,-1,400.000,-1,400.000,-1,325.000,325.000,300.000,300.000,-1,-1,-1,-1,775.000,775.000,-1,-1,2,0,2,0,2,0,0,0,0,2,2,2,2,0,0,2,2
31,-8753.910,3595.662,-82.047,-132.998,-0.682228,0.730770,0.023231,-0.731075,-0.681403,-0.034902,-0.009676,-0.040795,0.999121,0,0.85343,1.00000,51.206,2.000,-1,400.000,-1,400.000,-1,325.000,325.000,300.000,300.000,-1,-1,-1,-1,775.000,775.000,-1,-1,2,0,2,0,2,0,0,0,0,2,2,2,2,0,0,2,2
32,-8787.503,3557.015,-82.599,-130.998,-0.656339,0.754119,0.022886,-0.754378,-0.655496,-0.035204,-0.011547,-0.040370,0.999118,0,0.85343,1.00000,51.206,2.000,-1,400.000,-1,400.000,-1,325.000,325.000,300.000,300.000,-1,-1,-1,-1,775.000,775.000,-1,-1,2,0,2,0,2,0,0,0,0,2,2,2,2,0,0,2,2
33,-8816.856,3521.073,-83.169,-129.238,-0.632894,0.773908,0.022613,-0.774126,-0.632036,-0.035482,-0.013168,-0.039961,0.999114,0,0.77343,0.88000,46.406,1.760,-1,400.000,-1,400.000,-1,325.000,325.000,300.000,300.000,-1,-1,-1,-1,775.000,775.000,-1,-1,2,0,2,0,2,0,0,0,0,2,2,2,2,0,0,2,2
34,-8842.263,3488.126,-83.740,-127.637,-0.611054,0.791272,0.022414,-0.791454,-0.610183,-0.035733,-0.014598,-0.039575,0.999110,0,0.69343,0.80027,41.606,1.601,-1,400.000,-1,400.000,-1,325.000,325.000,300.000,300.000,-1,-1,-1,-1,775.000,775.000,-1,-1,2,0,2,0,2,0,0,0,0,2,2,2,2,0,0,2,2
35,-8863.916,3458.363,-84.313,-126.037,-0.588733,0.808022,0.022226,-0.808171,-0.587855,-0.035855,-0.015906,-0.039071,0.999110,0,0.61343,0.80027,36.806,1.601,-1,400.000,-1,400.000,-1,325.000,325.000,300.000,300.000,-1,-1,-1,-1,775.000,775.000,-1,-1,2,0,2,0,2,0,0,0,0,2,2,2,2,0,0,2,2
36,-8882.015,3431.966,-84.865,-124.436,-0.565950,0.824145,0.022050,-0.824262,-0.565070,-0.035898,-0.017125,-0.038491,0.999112,0,0.53343,0.80027,32.006,1.601,-1,400.000,-1,400.000,-1,325.000,325.000,300.000,300.000,-1,-1,-1,-1,775.000,775.000,-1,-1,2,0,2,0,2,0,0,0,0,2,2,2,2,0,0,2,2
37,-8896.767,3409.107,-85.365,-122.836,-0.542724,0.839625,0.021904,-0.839712,-0.541842,-0.035939,-0.018307,-0.037898,0.999114,0,0.45343,0.80027,27.206,1.601,-1,400.000,-1,400.000,-1,325.000,325.000,300.000,300.000,-1,-1,-1,-1,775.000,775.000,-1,-1,2,0,2,0,2,0,0,0,0,2,2,2,2,0,0,2,2
38,-8908.386,3389.950,-85.801,-121.236,-0.519085,0.854445,0.021786,-0.854501,-0.518202,-0.035977,-0.019451,-0.037292,0.999115,0,0.37343,0.79989,22.406,1.600,-1,400.000,-1,400.000,-1,325.000,325.000,300.000,300.000,-1,-1,-1,-1,775.000,775.000,-1,-1,2,0,2,0,2,0,0,0,0,2,2,2,2,0,0,2,2
39,-8917.093,3374.647,-86.164,-119.638,-0.495066,0.868585,0.021695,-0.868612,-0.494182,-0.036008,-0.020555,-0.036671,0.999116,0,0.29343,0.79907,17.606,1.598,-1,400.000,-1,400.000,-1,325.000,325.000,300.000,300.000,-1,-1,-1,-1,775.000,775.000,-1,-1,2,0,2,0,2,0,0,0,0,2,2,2,2,0,0,2,2
40,-8923.113,3363.345,-86.441,-118.042,-0.470694,0.882031,0.021630,-0.882032,-0.469810,-0.036035,-0.021622,-0.036040,0.999116,0,0.21343,0.79797,12.806,1.596,-1,400.000,-1,400.000,-1,325.000,325.000,300.000,300.000,-1,-1,-1,-1,775.000,775.000,-1,-1,2,0,2,0,2,0,0,0,0,2,2,2,2,0,0,2,2
41,-8926.679,3356.177,-86.624,-116.448,-0.445994,0.894776,0.021589,-0.894749,-0.445111,-0.036056,-0.022652,-0.035398,0.999117,0,0.13343,0.79676,8.006,1.594,-1,400.000,-1,400.000,-1,325.000,325.000,300.000,300.000,-1,-1,-1,-1,775.000,775.000,-1,-1,2,0,2,0,2,0,0,0,0,2,2,2,2,0,0,2,2
42,-8928.027,3353.269,-86.700,-114.857,-0.420985,0.906811,0.021567,-0.906760,-0.420103,-0.036059,-0.023639,-0.034736,0.999117,0,0.05343,0.79557,3.206,1.591,-1,400.000,-1,400.000,-1,325.000,325.000,300.000,300.000,-1,-1,-1,-1,775.000,775.000,-1,-1,2,0,2,0,2,0,0,0,0,2,2,2,2,0,0,2,2
43,-8927.397,3354.733,-86.660,-113.268,-0.395683,0.918134,0.021559,-0.918058,-0.394804,-0.036045,-0.024583,-0.034055,0.999118,0,-0.02657,0.79456,-1.594,1.589,-1,400.000,-1,400.000,-1,325.000,325.000,300.000,300.000,-1,-1,-1,-1,775.000,775.000,-1,-1,2,0,2,0,2,0,0,0,0,2,2,2,2,0,0,2,2
44,-8925.035,3360.675,-86.497,-111.680,-0.370098,0.928742,0.021572,-0.928643,-0.369221,-0.036024,-0.025492,-0.033365,0.999118,0,-0.10657,0.79386,-6.394,1.588,-1,400.000,-1,400.000,-1,325.000,325.000,300.000,300.000,-1,-1,-1,-1,775.000,775.000,-1,-1,2,0,2,0,2,0,0,0,0,2,2,2,2,0,0,2,2
45,-8922.150,3368.564,-86.276,-110.093,-0.344236,0.938635,0.021593,-0.938512,-0.343363,-0.036003,-0.026380,-0.032659,0.999118,0,-0.13999,0.79361,-8.399,1.587,-1,400.000,-1,400.000,-1,325.000,325.000,300.000,300.000,-1,-1,-1,-1,775.000,775.000,-1,-1,2,0,2,0,2,0,0,0,0,2,2,2,2,0,0,2,2
46,-8919.436,3376.672,-86.043,-108.506,-0.318108,0.947808,0.021613,-0.947663,-0.317238,-0.035983,-0.027249,-0.031928,0.999119,0,-0.14251,0.79365,-8.550,1.587,-1,400.000,-1,400.000,-1,325.000,325.000,300.000,300.000,-1,-1,-1,-1,775.000,775.000,-1,-1,2,0,2,0,2,0,0,0,0,2,2,2,2,0,0,2,2
47,-8916.904,3384.998,-85.800,-106.918,-0.291727,0.956257,0.021642,-0.956089,-0.290862,-0.035961,-0.028093,-0.031182,0.999119,0,-0.14503,0.79386,-8.702,1.588,-1,400.000,-1,400.000,-1,325.000,325.000,300.000,300.000,-1,-1,-1,-1,775.000,775.000,-1,-1,2,0,2,0,2,0,0,0,0,2,2,2,2,0,0,2,2
48,-8914.564,3393.536,-85.551,-105.330,-0.265109,0.963974,0.021699,-0.963785,-0.264249,-0.035927,-0.028899,-0.030437,0.999119,0,-0.14755,0.79423,-8.853,1.588,-1,400.000,-1,400.000,-1,325.000,325.000,300.000,300.000,-1,-1,-1,-1,775.000,775.000,-1,-1,2,0,2,0,2,0,0,0,0,2,2,2,2,0,0,2,2
49,-8912.426,3402.282,-85.290,-103.740,-0.238269,0.970956,0.021753,-0.970745,-0.237413,-0.035893,-0.029686,-0.029669,0.999119,0,-0.15005,0.79476,-9.003,1.590,-1,400.000,-1,400.000,-1,325.000,325.000,300.000,300.000,-1,-1,-1,-1,775.000,775.000,-1,-1,2,0,2,0,2,0,0,0,0,2,2,2,2,0,0,2,2
50,-8910.500,3411.229,-85.017,-102.149,-0.211220,0.977195,0.021805,-0.976964,-0.210370,-0.035858,-0.030453,-0.028877,0.999119,0,-0.15253,0.79545,-9.152,1.591,-1,400.000,-1,400.000,-1,325.000,325.000,300.000,300.000,-1,-1,-1,-1,775.000,775.000,-1,-1,2,0,2,0,2,0,0,0,0,2,2,2,2,0,0,2,2
51,-8909.684,3415.504,-84.884,-100.798,-0.188122,0.981903,0.021830,-0.981653,-0.187277,-0.035841,-0.031104,-0.028172,0.999119,0,-0.07253,0.67545,-4.352,1.351,-1,400.000,-1,400.000,-1,325.000,325.000,300.000,300.000,-1,-1,-1,-1,775.000,775.000,-1,-1,2,0,2,0,2,0,0,0,0,2,2,2,2,0,0,2,2
52,-8909.760,3415.063,-84.898,-99.687,-0.169048,0.985366,0.021829,-0.985100,-0.168208,-0.035841,-0.031644,-0.027563,0.999119,0,0.00747,0.55545,0.448,1.111,-1,400.000,-1,400.000,-1,325.000,325.000,300.000,300.000,-1,-1,-1,-1,775.000,775.000,-1,-1,2,0,2,0,2,0,0,0,0,2,2,2,2,0,0,2,2
53,-8910.565,3409.877,-85.063,-98.816,-0.154049,0.987823,0.021806,-0.987542,-0.153214,-0.035857,-0.032079,-0.027058,0.999119,0,0.08747,0.43545,5.248,0.871,-1,400.000,-1,400.000,-1,325.000,325.000,300.000,300.000,-1,-1,-1,-1,775.000,775.000,-1,-1,2,0,2,0,2,0,0,0,0,2,2,2,2,0,0,2,2
54,-8911.995,3399.931,-85.383,-98.186,-0.143160,0.989460,0.021760,-0.989169,-0.142329,-0.035889,-0.032414,-0.026663,0.999119,0,0.16747,0.31545,10.048,0.631,-1,400.000,-1,400.000,-1,325.000,325.000,300.000,300.000,-1,-1,-1,-1,775.000,775.000,-1,-1,2,0,2,0,2,0,0,0,0,2,2,2,2,0,0,2,2
55,-8914.009,3385.221,-85.859,-97.795,-0.136404,0.990416,0.021694,-0.990115,-0.135576,-0.035938,-0.032652,-0.026382,0.999119,0,0.24747,0.19545,14.848,0.391,-1,400.000,-1,400.000,-1,325.000,325.000,300.000,300.000,-1,-1,-1,-1,775.000,775.000,-1,-1,2,0,2,0,2,0,0,0,0,2,2,2,2,0,0,2,2
56,-8916.623,3365.747,-86.490,-97.644,-0.133794,0.990774,0.021606,-0.990466,-0.132967,-0.036002,-0.032797,-0.026217,0.999118,0,0.32747,0.07545,19.648,0.151,-1,400.000,-1,400.000,-1,325.000,325.000,300.000,300.000,-1,-1,-1,-1,775.000,775.000,-1,-1,2,0,2,0,2,0,0,0,0,2,2,2,2,0,0,2,2
57,-8919.912,3341.522,-87.275,-97.733,-0.135334,0.990567,0.021497,-0.990255,-0.134508,-0.036082,-0.032851,-0.026171,0.999118,0,0.40747,-0.04455,24.448,-0.089,-1,400.000,-1,400.000,-1,325.000,325.000,300.000,300.000,-1,-1,-1,-1,775.000,775.000,-1,-1,2,0,2,0,2,0,0,0,0,2,2,2,2,0,0,2,2
58,-8924.014,3312.563,-88.219,-98.062,-0.141021,0.989775,0.021398,-0.989463,-0.140195,-0.036159,-0.032789,-0.026272,0.999117,0,0.48747,-0.16455,29.248,-0.329,-1,400.000,-1,400.000,-1,325.000,325.000,300.000,300.000,-1,-1,-1,-1,775.000,775.000,-1,-1,2,0,2,0,2,0,0,0,0,2,2,2,2,0,0,2,2
59,-8929.123,3278.900,-89.328,-98.631,-0.150849,0.988326,0.021355,-0.988018,-0.150018,-0.036268,-0.032641,-0.026570,0.999114,0,0.56747,-0.28455,34.048,-0.569,-1,400.000,-1,400.000,-1,325.000,325.000,300.000,300.000,-1,-1,-1,-1,775.000,775.000,-1,-1,2,0,2,0,2,0,0,0,0,2,2,2,2,0,0,2,2
60,-8935.495,3240.578,-90.588,-99.440,-0.164793,0.986098,0.021290,-0.985796,-0.163957,-0.036379,-0.032383,-0.026983,0.999111,0,0.64747,-0.40455,38.848,-0.809,-1,400.000,-1,400.000,-1,325.000,325.000,300.000,300.000,-1,-1,-1,-1,775.000,775.000,-1,-1,2,0,2,0,2,0,0,0,0,2,2,2,2,0,0,2,2
61,-8943.441,3197.660,-92.011,-100.489,-0.182821,0.982919,0.021119,-0.982624,-0.181982,-0.036494,-0.032028,-0.027424,0.999111,0,0.72747,-0.52455,43.648,-1.049,-1,400.000,-1,400.000,-1,325.000,325.000,300.000,300.000,-1,-1,-1,-1,775.000,775.000,-1,-1,2,0,2,0,2,0,0,0,0,2,2,2,2,0,0,2,2
62,-8953.163,3150.197,-93.572,-101.576,-0.201429,0.979280,0.020908,-0.978991,-0.200587,-0.036637,-0.031683,-0.027849,0.999110,0,0.80747,-0.54331,48.448,-1.087,-1,400.000,-1,400.000,-1,325.000,325.000,300.000,300.000,-1,-1,-1,-1,775.000,775.000,-1,-1,2,0,2,0,2,0,0,0,0,2,2,2,2,0,0,2,2
63,-8964.847,3098.247,-95.265,-102.676,-0.220187,0.975239,0.020674,-0.974954,-0.219342,-0.036798,-0.031352,-0.028259,0.999109,0,0.88747,-0.54985,53.248,-1.100,-1,400.000,-1,400.000,-1,325.000,325.000,300.000,300.000,-1,-1,-1,-1,775.000,775.000,-1,-1,2,0,2,0,2,0,0,0,0,2,2,2,2,0,1,2,2
64,-8978.683,3041.872,-97.083,-103.790,-0.239105,0.970779,0.020418,-0.970498,-0.238258,-0.036980,-0.031035,-0.028658,0.999107,0,0.96747,-0.55698,58.048,-1.114,-1,400.000,-1,400.000,-1,325.000,325.000,300.000,300.000,-1,-1,-1,-1,775.000,750.000,-1,-1,2,0,2,0,2,0,0,0,0,2,2,2,2,0,1,2,2
65,-8994.130,2983.894,-98.936,-104.919,-0.258194,0.965883,0.020156,-0.965604,-0.257344,-0.037177,-0.030722,-0.029061,0.999105,0,1.00000,-0.56473,60.000,-1.129,-1,400.000,-1,400.000,975.000,325.000,325.000,300.000,300.000,-1,-1,-1,-1,775.000,750.000,-1,975.000,2,0,2,0,1,0,0,0,0,2,2,2,2,0,1,2,1
66,-9010.733,2926.237,-100.762,-106.064,-0.277449,0.960534,0.019897,-0.960259,-0.276595,-0.037382,-0.030404,-0.029478,0.999103,0,1.00000,-0.57264,60.000,-1.145,-1,400.000,-1,400.000,925.000,325.000,325.000,300.000,300.000,-1,-1,-1,-1,775.000,725.000,-1,925.000,2,0,2,0,1,0,0,0,0,2,2,2,2,0,1,2,1
67,-9028.500,2868.928,-102.559,-107.225,-0.296850,0.954722,0.019643,-0.954450,-0.295992,-0.037598,-0.030082,-0.029909,0.999100,0,1.00000,-0.58037,60.000,-1.161,-1,400.000,-1,400.000,875.000,325.000,325.000,300.000,300.000,-1,-1,-1,-1,775.000,700.000,-1,850.000,2,0,2,0,1,0,0,0,0,2,2,2,2,0,1,2,1
68,-9047.440,2811.995,-104.327,-108.401,-0.316380,0.948434,0.019389,-0.948166,-0.315518,-0.037816,-0.029749,-0.030348,0.999097,0,1.00000,-0.58793,60.000,-1.176,-1,400.000,-1,400.000,825.000,325.000,325.000,300.000,300.000,-1,-1,-1,-1,775.000,675.000,-1,800.000,2,0,2,0,1,0,0,0,0,2,2,2,2,0,1,2,1
69,-9067.558,2755.469,-106.063,-109.591,-0.336020,0.941661,0.019132,-0.941396,-0.335153,-0.038032,-0.029401,-0.030791,0.999093,0,1.00000,-0.59532,60.000,-1.191,-1,400.000,-1,400.000,775.000,325.000,325.000,300.000,300.000,-1,-1,-1,-1,775.000,625.000,-1,750.000,2,0,2,0,1,0,0,0,0,2,2,2,2,0,1,2,1
70,-9088.861,2699.378,-107.781,-110.797,-0.355751,0.934389,0.018948,-0.934131,-0.354877,-0.038222,-0.028990,-0.031298,0.999090,0,1.00000,-0.60255,60.000,-1.205,-1,400.000,-1,400.000,725.000,325.000,325.000,300.000,300.000,-1,-1,-1,-1,775.000,600.000,-1,675.000,2,0,2,1,1,0,0,0,0,2,2,2,2,0,1,2,1
71,-9111.353,2643.753,-109.504,-112.016,-0.375559,0.926606,0.018873,-0.926356,-0.374672,-0.038552,-0.028651,-0.031962,0.999078,0,1.00000,-0.60964,60.000,-1.219,-1,400.000,-1,375.000,650.000,325.000,325.000,300.000,300.000,-1,-1,-1,-1,775.000,575.000,-1,625.000,2,0,2,1,1,0,0,0,0,2,2,2,2,0,1,2,1
72,-9135.037,2588.624,-111.197,-113.249,-0.395420,0.918308,0.018805,-0.918064,-0.394518,-0.038900,-0.028303,-0.032646,0.999066,0,1.00000,-0.61659,60.000,-1.233,-1,400.000,-1,375.000,600.000,325.000,325.000,300.000,300.000,-1,-1,-1,-1,775.000,550.000,-1,575.000,2,0,2,1,1,0,0,0,0,2,2,2,2,0,1,2,1
73,-9157.701,2538.292,-112.740,-114.242,-0.411282,0.911316,0.018726,-0.911077,-0.410369,-0.039185,-0.028026,-0.033178,0.999056,0,0.92000,-0.49659,55.200,-0.993,-1,400.000,-1,350.000,550.000,325.000,325.000,300.000,300.000,-1,-1,-1,-1,775.000,500.000,-1,525.000,2,0,2,1,1,0,0,0,0,2,2,2,2,0,1,2,1
74,-9181.200,2487.888,-114.285,-114.995,-0.423229,0.905831,0.018661,-0.905596,-0.422307,-0.039412,-0.027820,-0.033580,0.999049,0,0.92686,-0.37659,55.612,-0.753,-1,400.000,-1,350.000,500.000,325.000,325.000,300.000,300.000,-1,-1,-1,-1,775.000,475.000,-1,475.000,2,0,2,1,1,0,1,0,0,2,2,2,2,0,1,2,1
75,-9205.501,2436.958,-115.461,-115.509,-0.431342,0.901958,0.020388,-0.901796,-0.430378,-0.039228,-0.026607,-0.035307,0.999022,0,0.94052,-0.25659,56.431,-0.513,-1,400.000,-1,325.000,450.000,325.000,325.000,300.000,300.000,-1,-1,-1,-1,775.000,450.000,-1,425.000,2,0,2,1,1,0,1,0,0,2,2,2,2,0,1,2,1
76,-9230.385,2385.436,-116.227,-115.782,-0.435658,0.899788,0.024143,-0.899786,-0.434621,-0.038605,-0.024243,-0.038542,0.998963,0,0.95361,-0.13659,57.217,-0.273,-1,400.000,-1,325.000,400.000,325.000,300.000,300.000,325.000,-1,-1,-1,-1,800.000,425.000,-1,375.000,2,0,2,1,1,0,1,0,0,2,2,2,2,0,1,2,1
77,-9255.620,2333.265,-116.577,-115.815,-0.436180,0.899360,0.029987,-0.899622,-0.435056,-0.037508,-0.020687,-0.043337,0.998846,0,0.96590,-0.01659,57.954,-0.033,-1,425.000,-1,300.000,350.000,350.000,300.000,300.000,325.000,-1,-1,-1,-1,825.000,400.000,-1,350.000,2,0,2,1,1,0,1,0,0,2,2,2,2,0,1,2,1
78,-9280.988,2280.414,-116.506,-115.644,-0.433433,0.900387,0.037936,-0.901046,-0.432238,-0.035872,-0.015901,-0.049730,0.998636,0,0.97707,0.08560,58.624,0.171,-1,425.000,-1,300.000,325.000,350.000,300.000,300.000,350.000,-1,-1,-1,-1,850.000,400.000,-1,325.000,2,0,2,1,1,0,1,0,0,2,2,2,2,0,1,2,1
79,-9306.483,2226.976,-116.007,-115.511,-0.431166,0.900995,0.048001,-0.902220,-0.429955,-0.033720,-0.009744,-0.057847,0.998278,0,0.98681,0.06661,59.208,0.133,-1,450.000,-1,275.000,275.000,350.000,275.000,275.000,375.000,-1,525.000,725.000,-1,875.000,375.000,-1,275.000,2,0,2,1,1,1,1,0,0,2,0,0,2,0,1,2,1
80,-9332.114,2173.028,-115.069,-115.419,-0.429366,0.901120,0.060229,-0.903128,-0.428247,-0.031054,-0.002190,-0.067727,0.997701,0,0.99547,0.04581,59.728,0.092,-1,450.000,-1,275.000,250.000,350.000,275.000,275.000,400.000,-1,325.000,500.000,-1,925.000,350.000,-1,250.000,2,0,2,1,1,1,1,0,0,2,0,0,2,0,1,2,1
81,-9357.816,2118.811,-113.686,-115.373,-0.428011,0.900687,0.074627,-0.903748,-0.427154,-0.027894,0.006754,-0.079383,0.996821,0,1.00000,0.02302,60.000,0.046,-1,475.000,-1,275.000,225.000,350.000,275.000,275.000,425.000,-1,225.000,400.000,-1,1000.000,350.000,-1,250.000,2,0,2,1,1,1,1,0,0,2,0,0,2,0,1,2,1
82,-9383.520,2064.595,-111.887,-115.377,-0.427058,0.899602,0.091306,-0.904062,-0.426713,-0.024255,0.017142,-0.092905,0.995527,0,1.00000,-0.00191,60.000,-0.004,-1,500.000,-1,250.000,225.000,375.000,275.000,275.000,475.000,825.000,150.000,325.000,-1,-1,425.000,-1,225.000,2,0,2,1,1,1,1,0,0,0,0,0,2,2,1,2,1
83,-9409.275,2010.404,-109.637,-115.435,-0.426467,0.897771,0.110148,-0.904043,-0.426963,-0.020232,0.028865,-0.108207,0.993709,0,1.00000,-0.02911,60.000,-0.058,-1,525.000,-1,275.000,200.000,375.000,300.000,250.000,500.000,625.000,100.000,275.000,-1,-1,875.000,-1,200.000,2,1,2,1,1,1,1,0,1,0,0,0,2,2,1,2,1
84,-9435.138,1956.262,-106.928,-115.553,-0.426178,0.895076,0.131193,-0.903668,-0.427938,-0.015906,0.041906,-0.125334,0.991229,0,1.00000,-0.05885,60.000,-0.118,-1,550.000,-1,325.000,175.000,400.000,325.000,250.000,475.000,475.000,75.000,250.000,-1,-1,-1,-1,175.000,2,1,2,1,1,1,1,0,1,0,0,0,2,2,2,2,1
85,-9461.169,1902.201,-103.744,-115.735,-0.426125,0.891374,0.154498,-0.902916,-0.429667,-0.011401,0.056220,-0.144357,0.987927,0,1.00000,-0.09139,60.000,-0.183,-1,600.000,-1,400.000,175.000,450.000,375.000,250.000,475.000,375.000,50.000,225.000,-1,-1,-1,-1,175.000,2,1,2,1,1,1,1,0,1,0,0,0,2,2,2,2,1
86,-9487.431,1848.251,-99.638,-115.989,-0.426368,0.886276,0.180902,-0.901802,-0.432063,-0.008693,0.070456,-0.166844,0.983463,0,1.00000,-0.12704,60.000,-0.254,-1,650.000,-1,625.000,150.000,525.000,475.000,225.000,475.000,300.000,25.000,200.000,-1,-1,-1,-1,-1,2,0,2,1,1,1,1,0,1,0,0,0,2,2,2,2,2
87,6231.356,8855.085,-11.361,119.437,-0.491503,-0.870870,-0.003384,0.870841,-0.491444,-0.010887,0.007818,-0.008298,0.999935,1,0.00000,0.00000,60.000,-0.332,-1,400.000,-1,400.000,-1,325.000,325.000,300.000,300.000,-1,-1,-1,-1,850.000,850.000,-1,-1,2,0,2,0,2,0,0,0,0,2,2,2,2,0,0,2,2
88,6228.979,8859.255,-11.320,119.677,-0.495146,-0.868803,-0.003484,0.868776,-0.495087,-0.010819,0.007675,-0.008384,0.999935,0,0.08000,0.12000,4.800,0.240,-1,400.000,-1,400.000,-1,325.000,325.000,300.000,300.000,-1,-1,-1,-1,850.000,850.000,-1,-1,2,0,2,0,2,0,0,0,0,2,2,2,2,0,0,2,2
89,6224.156,8867.556,-11.240,120.157,-0.502407,-0.864623,-0.003684,0.864600,-0.502348,-0.010684,0.007387,-0.008553,0.999936,0,0.16000,0.24000,9.600,0.480,-1,400.000,-1,400.000,-1,325.000,325.000,300.000,300.000,-1,-1,-1,-1,850.000,850.000,-1,-1,2,0,2,0,2,0,0,0,0,2,2,2,2,0,0,2,2
90,6216.766,8879.915,-11.122,120.877,-0.513232,-0.858241,-0.003985,0.858222,-0.513172,-0.010482,0.006951,-0.008799,0.999937,0,0.24000,0.36000,14.400,0.720,-1,400.000,-1,400.000,-1,325.000,325.000,300.000,300.000,-1,-1,-1,-1,850.000,850.000,-1,-1,2,0,2,0,2,0,0,0,0,2,2,2,2,0,0,2,2
91,6206.638,8896.226,-10.972,121.837,-0.527538,-0.849520,-0.004387,0.849508,-0.527478,-0.010217,0.006365,-0.009116,0.999938,0,0.32000,0.48000,19.200,0.960,-1,400.000,-1,400.000,-1,325.000,325.000,300.000,300.000,-1,-1,-1,-1,850.000,850.000,-1,-1,2,0,2,0,2,0,0,0,0,2,2,2,2,0,0,2,2
92,6193.638,8916.400,-10.803,122.797,-0.541707,-0.840553,-0.004879,0.840548,-0.541647,-0.009856,0.005642,-0.009440,0.999940,0,0.40000,0.48041,24.000,0.961,-1,400.000,-1,400.000,-1,325.000,325.000,300.000,300.000,-1,-1,-1,-1,850.000,850.000,-1,-1,2,0,2,0,2,0,0,0,0,2,2,2,2,0,0,2,2
93,6177.634,8940.344,-10.629,123.758,-0.555723,-0.831350,-0.005453,0.831354,-0.555664,-0.009374,0.004763,-0.009743,0.999941,0,0.48000,0.48041,28.800,0.961,-1,400.000,-1,400.000,-1,325.000,325.000,300.000,300.000,-1,-1,-1,-1,850.000,850.000,-1,-1,2,0,2,0,2,0,0,0,0,2,2,2,2,0,0,2,2
94,6158.497,8967.962,-10.446,124.719,-0.569581,-0.821913,-0.006125,0.821927,-0.569525,-0.008817,0.003758,-0.010056,0.999942,0,0.56000,0.48041,33.600,0.961,-1,400.000,-1,400.000,-1,325.000,325.000,300.000,300.000,-1,-1,-1,-1,850.000,850.000,-1,-1,2,0,2,0,2,0,0,0,0,2,2,2,2,0,0,2,2
95,6136.100,8999.154,-10.320,125.680,-0.583277,-0.812246,-0.006635,0.812268,-0.583226,-0.008200,0.002791,-0.010172,0.999944,0,0.64000,0.48041,38.400,0.961,-1,400.000,-1,400.000,-1,325.000,325.000,300.000,300.000,-1,-1,-1,-1,850.000,850.000,-1,-1,2,0,2,0,2,0,0,0,0,2,2,2,2,0,0,2,2
96,6110.319,9033.817,-10.234,126.641,-0.596809,-0.802352,-0.007110,0.802381,-0.596764,-0.007509,0.001782,-0.010186,0.999947,0,0.72000,0.48041,43.200,0.961,-1,400.000,-1,400.000,-1,325.000,325.000,300.000,300.000,-1,-1,-1,-1,850.000,850.000,-1,-1,2,0,2,0,2,0,0,0,0,2,2,2,2,0,0,2,2
97,6083.602,9068.507,-10.182,127.602,-0.610172,-0.792232,-0.007603,0.792268,-0.610135,-0.006806,0.000753,-0.010176,0.999948,0,0.72976,0.48041,43.786,0.961,-1,400.000,-1,400.000,-1,325.000,325.000,300.000,300.000,-1,-1,-1,-1,850.000,850.000,-1,-1,2,0,2,0,2,0,0,0,0,2,2,2,2,0,0,2,2
98,6056.308,9102.745,-10.165,128.562,-0.623364,-0.781890,-0.008106,0.781932,-0.623334,-0.006101,-0.000283,-0.010141,0.999949,0,0.72976,0.48041,43.786,0.961,-1,400.000,-1,400.000,-1,325.000,325.000,300.000,300.000,-1,-1,-1,-1,850.000,850.000,-1,-1,2,0,2,0,2,0,0,0,0,2,2,2,2,0,0,2,2
99,6028.443,9136.520,-10.313,129.523,-0.636377,-0.771332,-0.008493,0.771377,-0.636361,-0.004794,-0.001707,-0.009601,0.999952,0,0.72976,0.48041,43.786,0.961,-1,400.000,-1,400.000,-1,325.000,325.000,300.000,300.000,-1,-1,-1,-1,850.000,850.000,-1,-1,2,0,2,0,2,0,0,0,0,2,2,2,2,0,0,2,2
100,6000.016,9169.822,-10.495,130.484,-0.649211,-0.760556,-0.008910,0.760602,-0.649209,-0.003492,-0.003129,-0.009044,0.999954,0,0.72976,0.48041,43.786,0.961,-1,400.000,-1,400.000,-1,325.000,325.000,300.000,300.000,-1,-1,-1,-1,850.000,850.000,-1,-1,2,0,2,0,2,0,0,0,0,2,2,2,2,0,0,2,2
101,5971.034,9202.644,-10.771,131.445,-0.661860,-0.749565,-0.009711,0.749613,-0.661873,-0.002241,-0.004748,-0.008763,0.999950,0,0.72976,0.48041,43.786,0.961,-1,400.000,-1,400.000,-1,325.000,325.000,300.000,300.000,-1,-1,-1,-1,850.000,850.000,-1,-1,2,0,2,0,2,0,0,0,0,2,2,2,2,0,0,2,2
102,5941.506,9234.975,-11.102,132.406,-0.674320,-0.738362,-0.010677,0.738411,-0.674350,-0.001047,-0.006427,-0.008590,0.999942,0,0.72976,0.48041,43.786,0.961,-1,400.000,-1,400.000,-1,325.000,325.000,300.000,300.000,-1,-1,-1,-1,850.000,850.000,-1,-1,2,0,2,0,2,0,0,0,0,2,2,2,2,0,0,2,2
103,5911.440,9266.806,-11.462,133.366,-0.686590,-0.726951,-0.011673,0.727000,-0.686637,0.000094,-0.008083,-0.008422,0.999932,0,0.72976,0.48041,43.786,0.961,-1,400.000,-1,400.000,-1,325.000,325.000,300.000,300.000,-1,-1,-1,-1,850.000,850.000,-1,-1,2,0,2,0,2,0,0,0,0,2,2,2,2,0,0,2,2
104,5880.845,9298.128,-11.888,134.327,-0.698666,-0.715335,-0.012720,0.715384,-0.698731,0.000989,-0.009596,-0.008409,0.999919,0,0.72976,0.48041,43.786,0.961,-1,400.000,-1,400.000,-1,325.000,325.000,300.000,300.000,-1,-1,-1,-1,850.000,850.000,-1,-1,2,0,2,0,2,0,0,0,0,2,2,2,2,0,0,2,2
105,5849.728,9328.933,-12.350,135.288,-0.710544,-0.703518,-0.013789,0.703566,-0.710628,0.001790,-0.011058,-0.008430,0.999903,0,0.72976,0.48041,43.786,0.961,-1,400.000,-1,400.000,-1,325.000,325.000,300.000,300.000,-1,-1,-1,-1,850.000,825.000,-1,-1,2,0,2,0,2,0,0,0,0,2,2,2,2,0,0,2,2
106,5818.100,9359.212,-12.850,136.249,-0.722222,-0.691503,-0.014822,0.691549,-0.722325,0.002548,-0.012468,-0.008410,0.999887,0,0.72976,0.48041,43.786,0.961,-1,400.000,-1,400.000,-1,325.000,325.000,300.000,300.000,-1,-1,-1,-1,850.000,825.000,-1,-1,2,0,2,0,2,0,0,0,0,2,2,2,2,0,0,2,2
107,5785.968,9388.957,-13.394,137.210,-0.733697,-0.679294,-0.015788,0.679337,-0.733819,0.003269,-0.013806,-0.008327,0.999870,0,0.72976,0.48041,43.786,0.961,-1,400.000,-1,400.000,-1,325.000,325.000,300.000,300.000,-1,-1,-1,-1,850.000,825.000,-1,-1,2,0,2,0,2,0,0,0,0,2,2,2,2,0,0,2,2
108,5753.341,9418.158,-13.966,138.171,-0.744965,-0.666894,-0.016758,0.666933,-0.745107,0.003945,-0.015117,-0.008237,0.999852,0,0.72976,0.48041,43.786,0.961,-1,400.000,-1,400.000,-1,325.000,325.000,300.000,300.000,-1,-1,-1,-1,850.000,825.000,-1,-1,2,0,2,0,2,0,0,0,0,2,2,2,2,0,0,2,2
109,5720.230,9446.808,-14.566,139.131,-0.756022,-0.654306,-0.017728,0.654341,-0.756186,0.004576,-0.016400,-0.008140,0.999832,0,0.72976,0.48041,43.786,0.961,-1,400.000,-1,400.000,-1,325.000,325.000,300.000,300.000,-1,-1,-1,-1,850.000,825.000,-1,-1,2,0,2,0,2,0,0,0,0,2,2,2,2,0,0,2,2
110,5685.000,9476.251,-15.226,140.114,-0.767109,-0.641243,-0.018741,0.641272,-0.767296,0.005193,-0.017710,-0.008035,0.999811,0,0.76522,0.49129,45.913,0.983,-1,400.000,-1,400.000,-1,325.000,325.000,300.000,300.000,-1,-1,-1,-1,875.000,825.000,-1,-1,2,0,2,0,2,0,0,0,0,2,2,2,2,0,0,2,2
111,5649.270,9505.085,-15.985,141.096,-0.777969,-0.627992,-0.019748,0.628010,-0.778182,0.006093,-0.019194,-0.007661,0.999786,0,0.76522,0.49129,45.913,0.983,-1,400.000,-1,400.000,-1,325.000,325.000,300.000,300.000,-1,-1,-1,-1,875.000,825.000,-1,-1,2,0,2,0,2,0,0,0,0,2,2,2,2,0,0,2,2
112,5613.051,9533.302,-16.915,142.079,-0.788605,-0.614559,-0.020494,0.614555,-0.788841,0.007235,-0.020613,-0.006889,0.999764,0,0.76522,0.49129,45.913,0.983,-1,400.000,-1,400.000,-1,325.000,325.000,300.000,300.000,-1,-1,-1,-1,875.000,825.000,-1,-1,2,0,2,0,2,0,0,0,0,2,2,2,2,0,0,2,2
113,5576.353,9560.894,-17.951,143.062,-0.799013,-0.600945,-0.021078,0.600916,-0.799268,0.008378,-0.021882,-0.005973,0.999743,0,0.76522,0.49129,45.913,0.983,-1,400.000,-1,400.000,-1,325.000,325.000,300.000,300.000,-1,-1,-1,-1,875.000,825.000,-1,-1,2,0,2,0,2,0,0,0,0,2,2,2,2,0,0,2,2
114,5539.187,9587.853,-19.002,144.044,-0.809185,-0.587153,-0.021689,0.587098,-0.809460,0.009478,-0.023122,-0.005064,0.999720,0,0.76522,0.49129,45.913,0.983,-1,400.000,-1,400.000,-1,325.000,325.000,300.000,300.000,-1,-1,-1,-1,875.000,800.000,-1,-1,2,0,2,0,2,0,0,0,0,2,2,2,2,0,0,2,2
115,5501.565,9614.171,-20.067,145.027,-0.819120,-0.573188,-0.022325,0.573106,-0.819413,0.010535,-0.024332,-0.004165,0.999695,0,0.76522,0.49129,45.913,0.983,-1,400.000,-1,400.000,-1,325.000,325.000,300.000,300.000,-1,-1,-1,-1,875.000,800.000,-1,-1,2,0,2,0,2,0,0,0,0,2,2,2,2,0,0,2,2
116,5463.497,9639.839,-21.146,146.009,-0.828813,-0.559054,-0.022983,0.558944,-0.829125,0.011549,-0.025512,-0.003275,0.999669,0,0.76522,0.49129,45.913,0.983,-1,400.000,-1,400.000,-1,325.000,325.000,300.000,300.000,-1,-1,-1,-1,875.000,825.000,-1,-1,2,0,2,0,2,0,0,0,0,2,2,2,2,0,0,2,2
117,5424.994,9664.851,-22.329,146.992,-0.838263,-0.544755,-0.023618,0.544628,-0.838591,0.012056,-0.026373,-0.002757,0.999648,0,0.76522,0.49129,45.913,0.983,-1,400.000,-1,400.000,-1,325.000,325.000,300.000,300.000,-1,-1,-1,-1,875.000,825.000,-1,-1,2,0,2,0,2,0,0,0,0,2,2,2,2,0,0,2,2
118,5386.068,9689.198,-23.532,147.975,-0.847467,-0.530295,-0.024251,0.530153,-0.847810,0.012480,-0.027179,-0.002280,0.999628,0,0.76522,0.49129,45.913,0.983,-1,425.000,-1,400.000,-1,325.000,325.000,300.000,300.000,-1,-1,-1,-1,875.000,825.000,-1,-1,2,0,2,0,2,0,0,0,0,2,2,2,2,0,0,2,2
119,5346.730,9712.875,-24.748,148.957,-0.856421,-0.515678,-0.024884,0.515521,-0.856780,0.012861,-0.027952,-0.001814,0.999608,0,0.76522,0.49129,45.913,0.983,-1,425.000,-1,400.000,-1,325.000,325.000,300.000,300.000,-1,-1,-1,-1,900.000,825.000,-1,-1,2,0,2,0,2,0,0,0,0,2,2,2,2,0,0,2,2
120,5306.992,9735.874,-26.164,149.940,-0.865096,-0.500910,-0.026439,0.500750,-0.865497,0.012837,-0.029313,-0.002134,0.999568,0,0.76522,0.49129,45.913,0.983,-1,425.000,-1,400.000,-1,325.000,325.000,300.000,300.000,-1,-1,-1,-1,900.000,825.000,-1,-1,2,0,2,0,2,0,0,0,0,2,2,2,2,0,0,2,2
121,5266.865,9758.187,-27.654,150.922,-0.873505,-0.485994,-0.028276,0.485837,-0.873958,0.012615,-0.030842,-0.002718,0.999521,0,0.76522,0.49129,45.913,0.983,-1,425.000,-1,400.000,-1,325.000,325.000,300.000,300.000,-1,-1,-1,-1,875.000,825.000,-1,-1,2,0,2,0,2,0,0,0,0,2,2,2,2,0,0,2,2
122,5226.362,9779.810,-29.153,151.905,-0.881655,-0.470934,-0.030086,0.470785,-0.882162,0.012310,-0.032338,-0.003311,0.999472,0,0.76522,0.49129,45.913,0.983,-1,425.000,-1,400.000,-1,325.000,325.000,300.000,300.000,-1,-1,-1,-1,875.000,825.000,-1,-1,2,0,2,0,2,0,0,0,0,2,2,2,2,0,0,2,2
123,5185.493,9800.734,-30.662,152.887,-0.889544,-0.455736,-0.031868,0.455597,-0.890106,0.011924,-0.033800,-0.003912,0.999421,0,0.76522,0.49129,45.913,0.983,-1,425.000,-1,400.000,-1,325.000,325.000,300.000,300.000,-1,-1,-1,-1,875.000,825.000,-1,-1,2,0,2,0,2,0,0,0,0,2,2,2,2,0,0,2,2
124,5144.272,9820.955,-32.298,153.870,-0.897185,-0.440405,-0.033206,0.440268,-0.897790,0.011736,-0.034981,-0.004090,0.999380,0,0.76522,0.49129,45.913,0.983,-1,425.000,-1,400.000,-1,325.000,325.000,300.000,300.000,-1,-1,-1,-1,875.000,825.000,-1,-1,2,0,2,0,2,0,0,0,0,2,2,2,2,0,0,2,2
125,5102.710,9840.466,-33.996,154.853,-0.904562,-0.424945,-0.034488,0.424803,-0.905210,0.011692,-0.036187,-0.004075,0.999337,0,0.76522,0.49129,45.913,0.983,-1,425.000,-1,400.000,-1,325.000,325.000,300.000,300.000,-1,-1,-1,-1,875.000,800.000,-1,-1,2,0,2,0,2,0,0,0,0,2,2,2,2,0,0,2,2
126,5060.820,9859.261,-35.938,155.835,-0.911661,-0.409360,-0.036036,0.409177,-0.912367,0.012675,-0.038067,-0.003190,0.999270,0,0.76522,0.49129,45.913,0.983,-1,400.000,-1,400.000,-1,325.000,325.000,300.000,300.000,-1,-1,-1,-1,875.000,800.000,-1,-1,2,0,2,0,2,0,0,0,0,2,2,2,2,0,0,2,2
127,5018.614,9877.335,-37.881,156.818,-0.918489,-0.393656,-0.037599,0.393429,-0.919255,0.013559,-0.039901,-0.002339,0.999201,0,0.76522,0.49129,45.913,0.983,-1,400.000,-1,400.000,-1,325.000,325.000,300.000,300.000,-1,-1,-1,-1,875.000,800.000,-1,-1,2,0,2,0,2,0,0,0,0,2,2,2,2,0,0,2,2
128,4976.104,9894.683,-39.848,157.800,-0.925046,-0.377834,-0.039139,0.377570,-0.925872,0.014230,-0.041614,-0.001615,0.999132,0,0.76522,0.49129,45.913,0.983,-1,400.000,-1,400.000,-1,325.000,325.000,300.000,300.000,-1,-1,-1,-1,850.000,800.000,-1,-1,2,0,2,0,2,0,0,0,0,2,2,2,2,0,0,2,2
129,4933.302,9911.299,-41.827,158.783,-0.931329,-0.361902,-0.040669,0.361602,-0.932216,0.014754,-0.043251,-0.000965,0.999064,0,0.76522,0.49129,45.913,0.983,-1,400.000,-1,400.000,-1,325.000,325.000,300.000,300.000,-1,-1,-1,-1,850.000,775.000,-1,-1,2,0,2,0,2,0,0,0,0,2,2,2,2,0,0,2,2
130,4890.222,9927.179,-43.801,159.766,-0.937335,-0.345863,-0.042206,0.345528,-0.938285,0.015209,-0.044861,-0.000328,0.998993,0,0.76522,0.49129,45.913,0.983,-1,400.000,-1,400.000,-1,325.000,325.000,300.000,300.000,-1,-1,-1,-1,850.000,775.000,-1,-1,2,0,2,0,2,0,0,0,0,2,2,2,2,0,0,2,2
131,4846.876,9942.318,-45.771,160.748,-0.943064,-0.329722,-0.043751,0.329353,-0.944078,0.015595,-0.046446,0.000298,0.998921,0,0.76522,0.49129,45.913,0.983,-1,400.000,-1,400.000,-1,325.000,325.000,300.000,300.000,-1,-1,-1,-1,850.000,775.000,-1,-1,2,0,2,0,2,0,0,0,0,2,2,2,2,0,0,2,2
132,4803.277,9956.711,-47.736,161.731,-0.948512,-0.313484,-0.045301,0.313081,-0.949593,0.015916,-0.048007,0.000913,0.998847,0,0.76522,0.49129,45.913,0.983,-1,400.000,-1,400.000,-1,325.000,325.000,300.000,300.000,-1,-1,-1,-1,850.000,775.000,-1,-1,2,0,2,0,2,0,0,0,0,2,2,2,2,0,0,2,2
133,4759.437,9970.355,-49.697,162.713,-0.953679,-0.297153,-0.046857,0.296717,-0.954829,0.016172,-0.049546,0.001519,0.998771,0,0.76522,0.49129,45.913,0.983,-1,400.000,-1,400.000,-1,325.000,325.000,300.000,300.000,-1,-1,-1,-1,850.000,775.000,-1,-1,2,0,2,0,2,0,0,0,0,2,2,2,2,0,0,2,2
134,4710.704,9984.388,-51.861,163.936,-0.959724,-0.276713,-0.048587,0.276238,-0.960950,0.016357,-0.051216,0.002276,0.998685,0,0.84522,0.61129,50.713,1.223,-1,400.000,-1,400.000,-1,325.000,325.000,300.000,300.000,-1,-1,-1,-1,825.000,775.000,-1,-1,2,0,2,0,2,0,0,0,0,2,2,2,2,0,0,2,2
135,4656.983,9998.382,-54.362,165.398,-0.966399,-0.252095,-0.050205,0.251614,-0.967699,0.015788,-0.052563,0.002625,0.998614,0,0.92522,0.73129,55.513,1.463,-1,400.000,-1,400.000,-1,325.000,325.000,300.000,300.000,-1,-1,-1,-1,825.000,775.000,-1,-1,2,0,2,0,2,0,0,0,0,2,2,2,2,0,0,2,2
136,4602.329,10010.899,-57.174,167.101,-0.973380,-0.223232,-0.051954,0.222803,-0.974763,0.013986,-0.053765,0.002038,0.998552,0,0.93448,0.85129,56.069,1.703,-1,400.000,-1,400.000,-1,325.000,325.000,300.000,300.000,-1,-1,-1,-1,825.000,775.000,-1,-1,2,0,2,0,2,0,0,0,0,2,2,2,2,0,0,2,2
137,4547.321,10021.756,-60.082,168.835,-0.979613,-0.193638,-0.053500,0.193261,-0.981072,0.012177,-0.054845,0.001589,0.998494,0,0.93448,0.86690,56.069,1.734,-1,400.000,-1,400.000,-1,325.000,325.000,300.000,300.000,-1,-1,-1,-1,825.000,775.000,-1,-1,2,0,2,0,2,0,0,0,0,2,2,2,2,0,0,2,2
