timestep,x_cm,y_cm,z_cm,yaw_deg,basis_xx,basis_xy,basis_xz,basis_yx,basis_yy,basis_yz,basis_zx,basis_zy,basis_zz,teleport_flag,throttle_cmd,steering_cmd,cmd_move_cm,cmd_turn_deg,lidar_cm_0,lidar_cm_1,lidar_cm_2,lidar_cm_3,lidar_cm_4,lidar_cm_5,lidar_cm_6,lidar_cm_7,lidar_cm_8,lidar_cm_9,lidar_cm_10,lidar_cm_11,lidar_cm_12,lidar_cm_13,lidar_cm_14,lidar_cm_15,lidar_cm_16,lidar_class_0,lidar_class_1,lidar_class_2,lidar_class_3,lidar_class_4,lidar_class_5,lidar_class_6,lidar_class_7,lidar_class_8,lidar_class_9,lidar_class_10,lidar_class_11,lidar_class_12,lidar_class_13,lidar_class_14,lidar_class_15,lidar_class_16
0,5580.086,6888.453,-205.224,14.034,0.967568,-0.242438,-0.070967,0.243490,0.969882,0.006446,0.067267,-0.023517,0.997458,1,0.08000,-0.12000,4.800,-0.240,-1,350.000,-1,375.000,-1,300.000,300.000,300.000,275.000,525.000,350.000,400.000,925.000,625.000,725.000,-1,-1,2,0,2,0,2,0,0,0,0,1,1,1,0,0,0,2,2
1,5589.419,6890.703,-204.532,13.554,0.969513,-0.234310,-0.071716,0.235313,0.971902,0.005763,0.068351,-0.022463,0.997408,0,0.16000,-0.24000,9.600,-0.480,-1,350.000,-1,375.000,-1,300.000,300.000,300.000,275.000,550.000,375.000,400.000,925.000,625.000,725.000,-1,-1,2,0,2,0,2,0,0,0,0,1,1,1,0,0,0,2,2
2,5603.459,6893.901,-203.494,12.834,0.972301,-0.222086,-0.072867,0.223016,0.974803,0.004787,0.069968,-0.020905,0.997330,0,0.24000,-0.36000,14.400,-0.720,-1,350.000,-1,375.000,-1,300.000,325.000,300.000,275.000,575.000,375.000,400.000,900.000,650.000,725.000,-1,-1,2,0,2,0,2,0,0,0,0,1,1,1,0,0,0,2,2
3,5622.249,6897.852,-202.108,11.874,0.975773,-0.205731,-0.074450,0.206563,0.978427,0.003574,0.072109,-0.018866,0.997218,0,0.32000,-0.48000,19.200,-0.960,-1,350.000,-1,400.000,-1,300.000,325.000,300.000,275.000,600.000,400.000,425.000,900.000,650.000,725.000,-1,-1,2,0,2,0,2,0,0,0,0,1,1,1,0,0,0,2,2
4,5645.834,6902.297,-200.376,10.674,0.979718,-0.185203,-0.076498,0.185913,0.982564,0.002200,0.074757,-0.016378,0.997067,0,0.40000,-0.60000,24.000,-1.200,-1,350.000,-1,400.000,-1,300.000,325.000,300.000,275.000,625.000,425.000,425.000,900.000,675.000,750.000,-1,-1,2,0,2,0,2,0,0,0,0,1,1,0,0,0,0,2,2
5,5674.262,6906.918,-198.300,9.234,0.983872,-0.160459,-0.079044,0.161023,0.986950,0.000763,0.077890,-0.013479,0.996871,0,0.48000,-0.72000,28.800,-1.440,-1,375.000,-1,400.000,-1,300.000,325.000,300.000,275.000,700.000,450.000,425.000,900.000,675.000,750.000,-1,-1,2,0,2,0,2,0,0,0,0,1,1,0,0,0,0,2,2
6,5707.571,6911.336,-195.884,7.554,0.987915,-0.131461,-0.082111,0.131856,0.991269,-0.000620,0.081475,-0.010214,0.996623,0,0.56000,-0.84000,33.600,-1.680,-1,375.000,-1,400.000,-1,325.000,325.000,300.000,275.000,750.000,475.000,425.000,900.000,700.000,775.000,-1,-1,2,0,2,0,2,0,0,0,0,1,1,0,0,0,0,2,2
7,5745.782,6915.142,-193.135,5.689,0.991378,-0.099123,-0.085702,0.099333,0.995053,-0.001820,0.085458,-0.006709,0.996319,0,0.64000,-0.93282,38.400,-1.866,-1,375.000,-1,400.000,-1,325.000,325.000,300.000,275.000,825.000,500.000,400.000,900.000,725.000,800.000,-1,-1,2,0,2,0,2,0,0,0,0,1,0,0,0,0,0,2,2
8,5788.887,6918.018,-190.060,3.816,0.993736,-0.066558,-0.089773,0.066581,0.997777,-0.002744,0.089756,-0.003251,0.995959,0,0.72000,-0.93622,43.200,-1.872,-1,400.000,-1,400.000,-1,325.000,325.000,300.000,275.000,875.000,425.000,400.000,900.000,775.000,-1,-1,-1,2,0,2,0,2,0,0,0,0,1,0,0,0,0,2,2,2
9,5835.013,6919.577,-186.796,1.936,0.994987,-0.033787,-0.094127,0.033628,0.999429,-0.003277,0.094184,0.000095,0.995555,0,0.76918,-0.94006,46.151,-1.880,-1,400.000,-1,425.000,-1,325.000,350.000,275.000,275.000,925.000,375.000,375.000,875.000,800.000,-1,-1,-1,2,0,2,0,2,0,0,0,0,1,0,0,0,0,2,2,2
10,5881.362,6919.617,-183.545,0.048,0.995139,-0.000836,-0.098480,0.000509,0.999994,-0.003346,0.098482,0.003279,0.995133,0,0.77246,-0.94416,46.348,-1.888,-1,400.000,-1,425.000,-1,350.000,350.000,275.000,275.000,950.000,325.000,375.000,875.000,850.000,-1,-1,-1,2,0,2,0,2,0,0,0,0,0,0,0,0,0,2,2,2
11,5927.883,6918.032,-179.624,-1.952,0.994504,0.034063,-0.099001,-0.034624,0.999393,-0.003952,0.098806,0.007358,0.995079,0,0.77581,-1.00000,46.549,-2.000,-1,425.000,-1,425.000,-1,350.000,350.000,275.000,275.000,975.000,350.000,425.000,900.000,875.000,-1,-1,-1,2,0,2,0,2,0,0,0,0,0,0,0,0,0,2,2,2
12,5974.525,6914.811,-175.577,-3.952,0.992860,0.068918,-0.097358,-0.069687,0.997559,-0.004521,0.096809,0.011274,0.995239,0,0.77922,-1.00000,46.753,-2.000,-1,425.000,-1,425.000,-1,350.000,350.000,275.000,275.000,1000.000,400.000,450.000,950.000,900.000,-1,-1,-1,2,0,2,0,2,0,0,0,0,0,0,0,0,0,2,2,2
13,6025.315,6909.516,-171.157,-5.952,0.990014,0.103685,-0.095510,-0.104649,0.994496,-0.005130,0.094452,0.015074,0.995415,0,0.85109,-1.00000,51.066,-2.000,-1,400.000,-1,425.000,-1,350.000,350.000,275.000,275.000,-1,475.000,525.000,1000.000,900.000,-1,-1,-1,2,0,2,0,2,0,0,0,0,2,0,0,0,0,2,2,2
14,6076.105,6902.423,-166.735,-7.952,0.985952,0.138321,-0.093622,-0.139466,0.990210,-0.005772,0.091908,0.018748,0.995591,0,0.85472,-1.00000,51.283,-2.000,-1,400.000,-1,425.000,-1,325.000,325.000,275.000,275.000,-1,525.000,575.000,-1,900.000,-1,-1,-1,2,0,2,0,2,0,0,0,0,2,0,0,2,0,2,2,2
15,6126.836,6893.522,-162.319,-9.952,0.980681,0.172782,-0.091712,-0.174096,0.984707,-0.006475,0.089190,0.022316,0.995765,0,0.85843,-1.00000,51.506,-2.000,-1,400.000,-1,425.000,-1,325.000,325.000,275.000,275.000,-1,600.000,650.000,-1,900.000,-1,-1,-1,2,0,2,0,2,0,0,0,0,2,0,0,2,0,2,2,2
16,6177.447,6882.810,-157.918,-11.952,0.974206,0.207025,-0.089795,-0.208500,0.977995,-0.007267,0.086315,0.025802,0.995934,0,0.86221,-1.00000,51.733,-2.000,-1,400.000,-1,425.000,-1,325.000,325.000,275.000,275.000,-1,675.000,725.000,-1,900.000,-1,-1,-1,2,0,2,0,2,0,0,0,0,2,0,0,2,0,2,2,2
17,6227.877,6870.283,-153.542,-13.952,0.966535,0.241007,-0.087896,-0.242635,0.970083,-0.008174,0.083296,0.029227,0.996096,0,0.86605,-1.00000,51.963,-2.000,-1,400.000,-1,400.000,-1,325.000,325.000,275.000,275.000,-1,775.000,800.000,-1,900.000,-1,-1,-1,2,0,2,0,2,0,0,0,0,2,0,0,2,0,2,2,2
18,6278.064,6855.939,-149.201,-15.952,0.957676,0.274687,-0.086039,-0.276463,0.960980,-0.009215,0.080150,0.032611,0.996249,0,0.86995,-1.00000,52.197,-2.000,-1,425.000,-1,400.000,-1,325.000,325.000,275.000,275.000,-1,850.000,900.000,-1,900.000,-1,-1,-1,2,1,2,0,2,1,0,0,0,2,0,0,2,0,2,2,2
19,6327.945,6839.779,-144.903,-17.952,0.947641,0.308022,-0.084253,-0.309941,0.950699,-0.010408,0.076894,0.035976,0.996390,0,0.87390,-1.00000,52.434,-2.000,-1,450.000,-1,-1,-1,350.000,325.000,300.000,275.000,-1,975.000,1000.000,-1,-1,-1,-1,-1,2,1,2,2,2,1,1,0,0,2,0,0,2,2,2,2,2
20,6377.457,6821.807,-140.658,-19.952,0.936441,0.340970,-0.082571,-0.343031,0.939251,-0.011765,0.073543,0.039342,0.996516,0,0.87787,-1.00000,52.672,-2.000,-1,500.000,-1,-1,-1,450.000,-1,300.000,275.000,-1,-1,-1,-1,-1,-1,-1,-1,2,1,2,2,2,1,2,0,0,2,2,2,2,2,2,2,2
21,6426.534,6802.028,-136.476,-21.952,0.924089,0.373490,-0.081024,-0.375690,0.926650,-0.013294,0.070115,0.042725,0.996624,0,0.88187,-1.00000,52.912,-2.000,-1,625.000,-1,-1,-1,-1,-1,300.000,275.000,-1,-1,-1,-1,-1,-1,-1,-1,2,1,2,2,2,2,2,0,0,2,2,2,2,2,2,2,2
22,6475.109,6780.451,-132.776,-23.952,0.910540,0.405571,-0.080180,-0.407798,0.912980,-0.012952,0.067950,0.044490,0.996696,0,0.88588,-1.00000,53.153,-2.000,-1,-1,-1,-1,-1,-1,-1,300.000,275.000,-1,-1,-1,-1,-1,-1,-1,-1,2,2,2,2,2,2,2,0,0,2,2,2,2,2,2,2,2
23,6523.117,6757.084,-129.876,-25.952,0.896150,0.437208,-0.075930,-0.439211,0.898314,-0.011176,0.063323,0.043365,0.997050,0,0.88986,-1.00000,53.392,-2.000,-1,-1,-1,-1,-1,-1,-1,300.000,275.000,-1,-1,-1,-1,-1,-1,-1,-1,2,2,2,2,2,2,2,0,0,2,2,2,2,2,2,2,2
24,6570.487,6731.943,-127.992,-27.952,0.880973,0.468385,-0.067101,-0.469899,0.882684,-0.007930,0.055515,0.038517,0.997715,0,0.89382,-1.00000,53.629,-2.000,-1,-1,-1,-1,-1,-1,-1,275.000,275.000,-1,-1,-1,-1,-1,-1,-1,-1,2,2,2,2,2,2,2,0,0,2,2,2,2,2,2,2,2
25,6617.153,6705.048,-127.116,-29.950,0.864932,0.499020,-0.053593,-0.499908,0.866070,-0.003736,0.044551,0.030023,0.998556,0,0.89770,-0.99899,53.862,-1.998,-1,-1,-1,-1,-1,-1,-1,250.000,300.000,-1,-1,-1,-1,-1,-1,-1,-1,2,2,2,2,2,2,2,0,0,2,2,2,2,2,2,2,2
26,6663.049,6676.427,-127.419,-31.942,0.847887,0.528966,-0.035808,-0.529283,0.848445,0.000725,0.030764,0.018338,0.999358,0,0.90149,-0.99579,54.089,-1.992,-1,-1,-1,-1,-1,-1,-1,225.000,300.000,-1,-1,-1,-1,-1,-1,-1,-1,2,2,2,2,2,2,2,0,0,2,2,2,2,2,2,2,2
27,6708.109,6646.114,-128.839,-33.926,0.829657,0.558117,-0.013233,-0.558102,0.829756,0.005153,0.013856,0.003110,0.999899,0,0.90514,-0.99211,54.308,-1.984,-1,-1,-1,-1,-1,-1,-1,200.000,300.000,-1,-1,-1,-1,-1,-1,-1,-1,2,2,2,2,2,2,2,0,0,2,2,2,2,2,2,2,2
28,6752.268,6614.148,-131.265,-35.902,0.809950,0.586319,0.014519,-0.586466,0.809919,0.009437,-0.006226,-0.016158,0.999850,0,0.90859,-0.98790,54.515,-1.976,-1,-1,-1,-1,-1,-1,-1,175.000,325.000,-1,-1,-1,-1,-1,-1,-1,-1,2,2,2,2,2,2,2,0,0,2,2,2,2,2,2,2,2
29,-4263.829,-2951.639,370.900,82.474,0.100304,-0.963659,0.247588,0.987244,0.127320,0.095597,-0.123646,0.234841,0.964137,1,0.00000,0.00000,54.707,-1.966,-1,200.000,-1,-1,-1,150.000,400.000,425.000,75.000,-1,900.000,-1,700.000,325.000,-1,350.000,-1,2,0,2,2,2,0,1,0,1,2,1,2,0,0,2,0,2
30,-4263.227,-2946.877,370.132,82.714,0.095424,-0.963544,0.249953,0.987539,0.123201,0.097917,-0.125142,0.237495,0.963294,0,0.08000,0.12000,4.800,0.240,-1,200.000,-1,-1,-1,150.000,375.000,425.000,75.000,-1,950.000,-1,675.000,325.000,-1,350.000,-1,2,0,2,2,2,0,1,0,1,2,1,2,0,0,2,0,2
31,-4262.102,-2937.345,368.626,83.194,0.085666,-0.963261,0.254538,0.988061,0.114971,0.102556,-0.128053,0.242713,0.961609,0,0.16000,0.24000,9.600,0.480,-1,175.000,-1,-1,-1,150.000,375.000,450.000,75.000,-1,-1,-1,650.000,300.000,-1,325.000,-1,2,0,2,2,2,0,1,0,1,2,2,2,0,0,2,0,2
32,-4260.541,-2923.031,366.401,83.703,0.074548,-0.962304,0.261561,0.988354,0.106191,0.108993,-0.132660,0.250390,0.959013,0,0.24000,0.25462,14.400,0.509,-1,175.000,-1,-1,-1,125.000,350.000,450.000,100.000,-1,-1,-1,600.000,275.000,-1,275.000,-1,2,0,2,2,2,0,1,0,1,2,2,2,0,0,2,0,2
33,-4258.629,-2903.926,363.469,84.207,0.062581,-0.960546,0.270989,0.988321,0.097443,0.117160,-0.138944,0.260492,0.955426,0,0.32000,0.25229,19.200,0.505,-1,150.000,-1,-1,-1,125.000,325.000,475.000,100.000,-1,-1,0.000,475.000,275.000,-1,250.000,-1,2,0,2,2,2,0,1,0,1,2,2,0,0,0,2,0,2
34,-4256.448,-2880.025,359.844,84.706,0.049698,-0.957910,0.282733,0.987915,0.088759,0.127064,-0.146811,0.273001,0.950745,0,0.40000,0.24939,24.000,0.499,-1,150.000,-1,-1,-1,100.000,300.000,525.000,125.000,-1,-1,0.000,275.000,225.000,-1,200.000,-1,2,0,2,2,2,0,1,0,1,2,2,0,0,0,2,0,2
35,-4254.078,-2851.322,355.537,85.198,0.035818,-0.954300,0.296695,0.987084,0.080170,0.138698,-0.156145,0.287895,0.944847,0,0.48000,0.24585,28.800,0.492,-1,125.000,-1,-1,-1,100.000,275.000,550.000,150.000,-1,-1,0.000,25.000,200.000,-1,150.000,-1,2,0,2,2,2,0,1,0,1,2,2,0,0,0,2,0,2
36,-4251.598,-2817.812,350.560,85.681,0.020849,-0.949602,0.312765,0.985771,0.071716,0.152030,-0.166798,0.305145,0.937585,0,0.56000,0.24162,33.600,0.483,-1,100.000,-1,700.000,-1,75.000,250.000,625.000,175.000,-1,-1,0.000,0.000,175.000,-1,125.000,-1,2,0,2,1,2,0,1,0,1,2,2,0,0,0,2,0,2
37,-8855.095,-2951.691,351.975,71.231,0.320856,-0.945814,-0.049863,0.946935,0.321410,-0.003287,0.019136,-0.046163,0.998751,1,0.00000,0.00000,38.400,0.473,950.000,375.000,-1,375.000,-1,325.000,300.000,275.000,275.000,-1,525.000,500.000,775.000,650.000,650.000,-1,-1,0,0,2,0,2,0,0,0,0,2,0,0,0,0,0,2,2
38,-8853.570,-2947.140,352.109,71.471,0.316877,-0.947141,-0.050129,0.948271,0.317441,-0.003506,0.019234,-0.046425,0.998737,0,0.08000,0.12000,4.800,0.240,950.000,375.000,-1,375.000,-1,325.000,300.000,275.000,275.000,-1,525.000,500.000,775.000,650.000,650.000,-1,-1,0,0,2,0,2,0,0,0,0,2,0,0,0,0,0,2,2
39,-8850.581,-2938.017,352.358,71.857,0.310453,-0.949240,-0.050630,0.950388,0.311040,-0.003974,0.019520,-0.046884,0.998710,0,0.16000,0.19319,9.600,0.386,950.000,375.000,-1,375.000,-1,325.000,300.000,275.000,275.000,-1,525.000,500.000,775.000,650.000,650.000,-1,-1,0,0,2,0,2,0,0,0,0,2,0,0,0,0,0,2,2
40,-8846.189,-2924.303,352.698,72.243,0.304011,-0.951285,-0.051324,0.952456,0.304640,-0.004731,0.020136,-0.047445,0.998671,0,0.24000,0.19270,14.400,0.385,950.000,375.000,-1,375.000,-1,325.000,300.000,275.000,275.000,-1,525.000,500.000,775.000,650.000,650.000,-1,-1,0,0,2,0,2,0,0,0,0,2,0,0,0,0,0,2,2
41,-8840.457,-2905.979,353.121,72.627,0.297558,-0.953276,-0.052191,0.954471,0.298249,-0.005799,0.021094,-0.048089,0.998620,0,0.32000,0.19200,19.200,0.384,950.000,375.000,-1,375.000,-1,325.000,300.000,275.000,275.000,-1,525.000,525.000,775.000,650.000,650.000,-1,-1,0,0,2,0,2,0,0,0,0,2,0,0,0,0,0,2,2
42,-8833.443,-2883.026,353.616,73.009,0.291101,-0.955212,-0.053206,0.956430,0.291874,-0.007201,0.022408,-0.048792,0.998558,0,0.40000,0.19108,24.000,0.382,950.000,375.000,-1,375.000,-1,325.000,325.000,275.000,275.000,-1,525.000,525.000,775.000,650.000,650.000,-1,-1,0,0,2,0,2,0,0,0,0,2,0,0,0,0,0,2,2
43,-8825.210,-2855.428,354.175,73.389,0.284647,-0.957091,-0.054347,0.958330,0.285524,-0.008960,0.024093,-0.049532,0.998482,0,0.48000,0.18994,28.800,0.380,975.000,375.000,-1,375.000,-1,325.000,325.000,275.000,300.000,-1,525.000,525.000,800.000,650.000,650.000,-1,-1,0,0,2,0,2,0,0,0,0,2,0,0,0,0,0,2,2
44,-8815.817,-2823.168,354.785,73.766,0.278200,-0.958913,-0.055587,0.960167,0.279207,-0.011102,0.026166,-0.050284,0.998392,0,0.56000,0.18857,33.600,0.377,-1,375.000,-1,375.000,-1,325.000,325.000,275.000,300.000,-1,475.000,525.000,800.000,650.000,650.000,-1,-1,2,0,2,0,2,0,0,0,0,2,0,0,0,0,0,2,2
45,-8806.492,-2790.344,355.368,74.140,0.271788,-0.960682,-0.056754,0.961940,0.272934,-0.013367,0.028331,-0.050962,0.998299,0,0.56871,0.18697,34.123,0.374,-1,375.000,-1,375.000,-1,325.000,300.000,275.000,300.000,-1,450.000,525.000,800.000,650.000,650.000,-1,-1,2,0,2,0,2,0,0,0,0,2,0,0,0,0,0,2,2
46,-8797.373,-2757.439,355.916,74.511,0.265415,-0.962398,-0.057832,0.963650,0.266705,-0.015720,0.030553,-0.051558,0.998203,0,0.56908,0.18534,34.145,0.371,-1,375.000,-1,375.000,-1,300.000,300.000,275.000,275.000,1000.000,425.000,500.000,800.000,650.000,650.000,-1,-1,2,0,2,0,2,0,0,0,0,0,0,0,0,0,0,2,2
47,-8788.461,-2724.459,356.429,74.878,0.259082,-0.964063,-0.058820,0.965297,0.260521,-0.018159,0.032830,-0.052074,0.998103,0,0.56938,0.18370,34.163,0.367,-1,375.000,-1,375.000,-1,300.000,300.000,275.000,275.000,975.000,400.000,475.000,800.000,650.000,650.000,-1,-1,2,0,2,0,2,0,0,0,0,0,0,0,0,0,0,2,2
48,-8779.755,-2691.411,357.125,75.242,0.252860,-0.965721,-0.058697,0.966889,0.254396,-0.020227,0.034466,-0.051639,0.998071,0,0.56960,0.18205,34.176,0.364,-1,375.000,-1,375.000,-1,300.000,300.000,275.000,275.000,975.000,400.000,475.000,825.000,650.000,650.000,-1,-1,2,0,2,0,2,0,0,0,0,0,0,0,0,0,0,2,2
49,-8771.254,-2658.300,358.033,75.603,0.246725,-0.967378,-0.057509,0.968414,0.248329,-0.022540,0.036086,-0.050131,0.998091,0,0.56975,0.18039,34.185,0.361,-1,375.000,-1,375.000,-1,300.000,300.000,275.000,275.000,1000.000,400.000,475.000,825.000,650.000,650.000,-1,-1,2,0,2,0,2,0,0,0,0,0,0,0,0,0,0,2,2
50,-8761.639,-2620.519,359.137,75.724,0.244638,-0.968013,-0.055712,0.968854,0.246318,-0.025485,0.038393,-0.047742,0.998122,0,0.64975,0.06039,38.985,0.121,-1,375.000,-1,375.000,-1,300.000,300.000,275.000,275.000,1000.000,425.000,475.000,825.000,675.000,650.000,-1,-1,2,0,2,0,2,0,0,0,0,0,0,0,0,0,0,2,2
51,-8751.443,-2580.803,360.291,75.604,0.246620,-0.967623,-0.053707,0.968246,0.248363,-0.028550,0.040964,-0.044961,0.998149,0,0.68339,-0.05961,41.003,-0.119,-1,375.000,-1,375.000,-1,300.000,300.000,275.000,275.000,-1,425.000,475.000,800.000,675.000,650.000,-1,-1,2,0,2,0,2,0,0,0,0,2,0,0,0,0,0,2,2
52,-8740.998,-2541.145,362.197,75.245,0.252646,-0.966058,-0.053871,0.966652,0.254428,-0.029177,0.041893,-0.044703,0.998122,0,0.68351,-0.17961,41.010,-0.359,-1,375.000,-1,350.000,-1,300.000,300.000,275.000,275.000,-1,450.000,500.000,825.000,675.000,625.000,-1,-1,2,0,2,0,2,0,0,0,0,2,0,0,0,0,0,2,2
53,-8730.265,-2501.555,364.452,74.830,0.259491,-0.964147,-0.055538,0.964748,0.261408,-0.030463,0.043889,-0.045676,0.997992,0,0.68365,-0.20752,41.019,-0.415,-1,375.000,-1,350.000,-1,300.000,300.000,275.000,275.000,-1,475.000,525.000,850.000,675.000,650.000,-1,-1,2,0,2,0,2,0,0,0,0,2,0,0,0,0,0,2,2
54,-8719.240,-2462.037,366.714,74.412,0.266373,-0.962170,-0.057222,0.962777,0.268429,-0.031729,0.045889,-0.046640,0.997857,0,0.68377,-0.20918,41.026,-0.418,-1,375.000,-1,375.000,-1,300.000,300.000,275.000,275.000,-1,500.000,550.000,875.000,675.000,650.000,-1,-1,2,0,2,0,2,0,0,0,0,2,0,0,0,0,0,2,2
55,-8707.924,-2422.598,368.982,73.990,0.273291,-0.960125,-0.058921,0.960738,0.275490,-0.032977,0.047894,-0.047595,0.997718,0,0.68384,-0.21083,41.031,-0.422,-1,375.000,-1,375.000,-1,300.000,300.000,275.000,300.000,1000.000,525.000,575.000,900.000,675.000,650.000,-1,-1,2,0,2,0,2,0,0,0,0,0,0,0,0,0,0,2,2
56,-8696.315,-2383.242,371.255,73.565,0.280244,-0.958012,-0.060633,0.958631,0.282590,-0.034207,0.049905,-0.048538,0.997574,0,0.68387,-0.21247,41.032,-0.425,-1,375.000,-1,375.000,-1,300.000,300.000,275.000,300.000,1000.000,550.000,600.000,925.000,675.000,675.000,-1,-1,2,0,2,0,2,0,0,0,0,0,0,0,0,0,0,2,2
57,-8684.413,-2343.975,373.633,73.138,0.287217,-0.955853,-0.062057,0.956439,0.289721,-0.035856,0.052252,-0.049056,0.997428,0,0.68385,-0.21370,41.031,-0.427,-1,375.000,-1,375.000,-1,300.000,300.000,275.000,300.000,1000.000,550.000,625.000,925.000,675.000,675.000,-1,-1,2,0,2,0,2,0,0,0,0,0,0,0,0,0,0,2,2
58,-8672.218,-2304.802,376.147,72.708,0.294210,-0.953655,-0.063114,0.954155,0.296883,-0.038059,0.055032,-0.049023,0.997280,0,0.68378,-0.21489,41.027,-0.430,-1,375.000,-1,375.000,-1,300.000,300.000,275.000,300.000,1000.000,575.000,625.000,950.000,675.000,700.000,-1,-1,2,0,2,0,2,0,0,0,0,0,0,0,0,0,0,2,2
59,-8659.729,-2265.729,378.668,72.276,0.301222,-0.951392,-0.064183,0.951799,0.304067,-0.040271,0.057830,-0.048959,0.997125,0,0.68366,-0.21603,41.020,-0.432,-1,375.000,-1,375.000,-1,300.000,300.000,275.000,300.000,1000.000,575.000,650.000,950.000,700.000,725.000,-1,-1,2,0,2,0,2,0,0,0,0,0,0,0,0,0,0,2,2
60,-8646.948,-2226.761,381.197,71.842,0.308249,-0.949064,-0.065264,0.949371,0.311271,-0.042494,0.060644,-0.048862,0.996963,0,0.68350,-0.21712,41.010,-0.434,-1,375.000,-1,375.000,-1,300.000,300.000,275.000,300.000,1000.000,600.000,650.000,950.000,700.000,750.000,-1,-1,2,0,2,0,2,0,0,0,0,0,0,0,0,0,0,2,2
61,-8633.875,-2187.902,383.732,71.405,0.315290,-0.946673,-0.066356,0.946870,0.318491,-0.044727,0.063476,-0.048729,0.996793,0,0.68330,-0.21816,40.998,-0.436,-1,375.000,-1,375.000,-1,300.000,300.000,275.000,300.000,1000.000,600.000,675.000,975.000,725.000,775.000,-1,-1,2,0,2,0,2,0,0,0,0,0,0,0,0,0,0,2,2
62,-8620.509,-2149.159,386.274,70.967,0.322343,-0.944216,-0.067457,0.944297,0.325726,-0.046972,0.066324,-0.048558,0.996616,0,0.68306,-0.21915,40.983,-0.438,-1,375.000,-1,375.000,-1,325.000,300.000,275.000,300.000,1000.000,600.000,675.000,975.000,725.000,800.000,-1,-1,2,0,2,0,2,0,0,0,0,0,0,0,0,0,0,2,2
63,-8606.852,-2110.536,388.822,70.527,0.329405,-0.941696,-0.068566,0.941650,0.332973,-0.049230,0.069190,-0.048349,0.996431,0,0.68277,-0.22008,40.966,-0.440,-1,375.000,-1,375.000,-1,325.000,325.000,275.000,300.000,1000.000,625.000,675.000,975.000,750.000,850.000,-1,-1,2,0,2,0,2,0,0,0,0,0,0,0,0,0,0,2,2
64,-8592.904,-2072.038,391.462,70.085,0.336517,-0.939127,-0.069264,0.938936,0.340236,-0.051360,0.071800,-0.047750,0.996275,0,0.68244,-0.22096,40.946,-0.442,-1,400.000,-1,400.000,-1,325.000,325.000,275.000,300.000,1000.000,600.000,700.000,1000.000,750.000,875.000,-1,-1,2,0,2,0,2,0,0,0,0,0,0,0,0,0,0,2,2
65,-8578.665,-2033.670,394.253,69.641,0.343711,-0.936519,-0.069245,0.936160,0.347517,-0.053255,0.073938,-0.046520,0.996177,0,0.68207,-0.22179,40.924,-0.444,-1,400.000,-1,400.000,-1,325.000,325.000,275.000,300.000,-1,575.000,700.000,1000.000,-1,925.000,-1,-1,2,0,2,0,2,0,0,0,0,2,0,0,0,2,0,2,2
66,-8564.138,-1995.436,397.009,69.196,0.350908,-0.933839,-0.069345,0.933321,0.354800,-0.055032,0.075994,-0.045410,0.996074,0,0.68167,-0.22256,40.900,-0.445,-1,400.000,-1,400.000,-1,325.000,325.000,275.000,300.000,-1,575.000,725.000,1000.000,-1,950.000,-1,-1,2,0,2,0,2,0,0,0,0,2,0,0,0,2,0,2,2
67,-8548.870,-1955.915,399.838,68.878,0.356017,-0.931889,-0.069537,0.931215,0.360004,-0.056880,0.078039,-0.044504,0.995956,0,0.70611,-0.15936,42.367,-0.319,-1,400.000,-1,400.000,-1,325.000,325.000,275.000,300.000,-1,575.000,750.000,1000.000,-1,1000.000,-1,-1,2,0,2,0,2,0,0,0,0,2,0,0,0,2,0,2,2
68,-8533.344,-1916.375,402.605,68.563,0.361069,-0.929944,-0.069525,0.929107,0.365130,-0.058655,0.079932,-0.043417,0.995854,0,0.70798,-0.15721,42.479,-0.314,-1,400.000,-1,425.000,-1,325.000,325.000,275.000,300.000,-1,550.000,725.000,1000.000,-1,-1,-1,-1,2,0,2,0,2,0,0,0,0,2,0,0,0,2,2,2,2
69,-8517.567,-1876.821,405.669,68.253,0.366037,-0.927953,-0.070147,0.927102,0.370153,-0.058893,0.080615,-0.043477,0.995797,0,0.70974,-0.15494,42.585,-0.310,-1,400.000,-1,425.000,-1,325.000,325.000,275.000,300.000,-1,575.000,750.000,-1,-1,-1,-1,-1,2,0,2,0,2,0,0,0,0,2,0,0,2,2,2,2,2
70,-8501.541,-1837.260,408.728,67.948,0.370956,-0.925965,-0.070575,0.925138,0.375088,-0.058559,0.080695,-0.043569,0.995786,0,0.71140,-0.15256,42.684,-0.305,-1,400.000,-1,425.000,-1,325.000,325.000,275.000,300.000,-1,600.000,775.000,-1,-1,-1,-1,-1,2,0,2,0,2,0,0,0,0,2,0,0,2,2,2,2,2
71,-8485.273,-1797.697,411.629,67.648,0.375859,-0.924004,-0.070328,0.923194,0.379940,-0.057958,0.080274,-0.043142,0.995839,0,0.71294,-0.15006,42.777,-0.300,-1,400.000,-1,425.000,-1,325.000,325.000,275.000,300.000,-1,650.000,825.000,-1,-1,-1,-1,-1,2,0,2,0,2,0,0,0,0,2,0,0,2,2,2,2,2
72,-8468.769,-1758.141,414.727,67.353,0.380787,-0.922088,-0.068954,0.921277,0.384712,-0.056973,0.079062,-0.041831,0.995992,0,0.71436,-0.14744,42.861,-0.295,-1,400.000,-1,425.000,-1,325.000,325.000,300.000,300.000,-1,700.000,875.000,-1,-1,-1,-1,-1,2,0,2,0,2,0,0,0,0,2,0,0,2,2,2,2,2
73,-8452.036,-1718.598,417.830,67.064,0.385635,-0.920188,-0.067379,0.919378,0.389387,-0.055879,0.077656,-0.040398,0.996161,0,0.71564,-0.14468,42.938,-0.289,-1,400.000,-1,425.000,-1,325.000,325.000,300.000,300.000,-1,775.000,950.000,-1,-1,-1,-1,-1,2,0,2,0,2,0,0,0,0,2,0,0,2,2,2,2,2
74,-8435.080,-1679.076,420.912,66.780,0.390385,-0.918302,-0.065726,0.917498,0.393959,-0.054711,0.076135,-0.038945,0.996337,0,0.71676,-0.14179,43.006,-0.284,-1,400.000,-1,425.000,-1,325.000,325.000,300.000,300.000,-1,850.000,-1,-1,-1,-1,-1,-1,2,1,2,0,2,0,0,0,0,2,0,2,2,2,2,2,2
75,-8416.199,-1635.157,424.304,66.737,0.391303,-0.918048,-0.063797,0.917271,0.394677,-0.053321,0.074130,-0.037654,0.996537,0,0.79676,-0.02179,47.806,-0.044,-1,450.000,-1,425.000,-1,325.000,325.000,300.000,300.000,-1,950.000,-1,-1,-1,-1,-1,-1,2,1,2,0,2,0,0,0,0,2,0,2,2,2,2,2,2
76,-8395.588,-1586.757,427.988,66.933,0.388391,-0.919434,-0.061585,0.918707,0.391545,-0.051670,0.071620,-0.036511,0.996763,0,0.87676,0.09821,52.606,0.196,-1,500.000,-1,425.000,-1,325.000,325.000,300.000,300.000,-1,-1,-1,-1,-1,-1,-1,-1,2,1,2,0,2,0,0,0,0,2,2,2,2,2,2,2,2
77,-8373.499,-1533.772,431.945,67.369,0.381631,-0.922424,-0.059093,0.921767,0.384544,-0.049714,0.068582,-0.035498,0.997014,0,0.95676,0.21821,57.406,0.436,-1,500.000,-1,450.000,-1,325.000,325.000,300.000,300.000,-1,-1,-1,-1,-1,-1,-1,-1,2,1,2,0,2,1,0,0,0,2,2,2,2,2,2,2,2
78,-8351.065,-1478.124,436.009,68.044,0.371008,-0.926913,-0.056434,0.926345,0.373671,-0.047490,0.065107,-0.034659,0.997276,0,1.00000,0.33721,60.000,0.674,-1,525.000,-1,450.000,-1,325.000,350.000,300.000,300.000,-1,-1,-1,-1,-1,-1,-1,-1,2,1,2,0,2,0,0,0,0,2,2,2,2,2,2,2,2
79,-8329.296,-1422.213,439.980,68.726,0.360197,-0.931323,-0.053817,0.930844,0.362620,-0.045125,0.061541,-0.033841,0.997531,0,1.00000,0.34107,60.000,0.682,-1,525.000,-1,450.000,-1,325.000,350.000,300.000,300.000,-1,-1,-1,-1,-1,-1,-1,-1,2,1,2,0,2,0,0,0,0,2,2,2,2,2,2,2,2
80,-8308.204,-1366.044,442.348,69.416,0.349125,-0.935445,-0.055274,0.935561,0.351306,-0.036185,0.053267,-0.039079,0.997815,0,1.00000,0.34514,60.000,0.690,-1,500.000,-1,425.000,-1,325.000,325.000,275.000,300.000,-1,-1,-1,-1,-1,950.000,-1,-1,2,1,2,0,2,0,0,0,0,2,2,2,2,2,0,2,2
81,-8287.807,-1309.620,441.651,70.115,0.338032,-0.938918,-0.064557,0.940453,0.339602,-0.014809,0.035828,-0.055707,0.997804,0,1.00000,0.34943,60.000,0.699,-1,425.000,-1,400.000,-1,275.000,300.000,250.000,325.000,-1,-1,-1,-1,-1,850.000,-1,-1,2,1,2,0,2,0,0,0,0,2,2,2,2,2,0,2,2
82,-8268.110,-1252.946,441.260,70.823,0.327073,-0.942198,-0.072701,0.944780,0.327683,0.003713,0.020325,-0.069900,0.997347,0,1.00000,0.35394,60.000,0.708,-1,350.000,-1,375.000,-1,250.000,275.000,225.000,350.000,-1,-1,-1,-1,-1,750.000,-1,-1,2,1,2,0,2,0,0,0,0,2,2,2,2,2,0,2,2
83,-8249.124,-1196.030,440.894,71.540,0.316070,-0.945436,-0.079056,0.948708,0.315596,0.018756,0.007218,-0.080929,0.996694,0,1.00000,0.35871,60.000,0.717,-1,325.000,-1,350.000,-1,225.000,250.000,200.000,350.000,-1,-1,-1,-1,-1,675.000,-1,-1,2,1,2,0,2,0,0,0,0,2,2,2,2,2,0,2,2
84,-8230.862,-1138.878,440.796,72.268,0.304950,-0.948629,-0.084317,0.952358,0.303331,0.031707,-0.004502,-0.089969,0.995934,0,1.00000,0.36373,60.000,0.727,-1,275.000,-1,325.000,-1,225.000,250.000,200.000,375.000,-1,-1,-1,-1,-1,625.000,-1,-1,2,1,2,0,2,0,0,1,0,2,2,2,2,2,0,2,2
85,-8213.337,-1081.495,441.000,73.006,0.293621,-0.951784,-0.088849,0.955808,0.290880,0.042663,-0.014761,-0.097449,0.995131,0,1.00000,0.36903,60.000,0.738,-1,250.000,-1,300.000,-1,200.000,225.000,475.000,375.000,-1,-1,-1,-1,-1,575.000,-1,-1,2,1,2,0,2,0,0,1,0,2,2,2,2,2,0,2,2
86,-8196.562,-1023.888,441.467,73.755,0.282031,-0.954916,-0.092707,0.959112,0.278238,0.051838,-0.023706,-0.103536,0.994343,0,1.00000,0.37460,60.000,0.749,-1,225.000,-1,300.000,-1,200.000,225.000,750.000,375.000,-1,-1,-1,-1,-1,650.000,-1,-1,2,0,2,0,2,0,0,1,0,2,2,2,2,2,1,2,2
87,-8180.553,-966.063,442.157,74.516,0.270142,-0.958027,-0.095958,0.962306,0.265394,0.059449,-0.031488,-0.108400,0.993609,0,1.00000,0.38046,60.000,0.761,-1,200.000,-1,275.000,-1,175.000,225.000,-1,400.000,-1,-1,-1,-1,-1,675.000,-1,-1,2,0,2,0,2,0,0,2,0,2,2,2,2,2,1,2,2
88,-8165.324,-908.029,443.028,75.289,0.257929,-0.961111,-0.098683,0.965406,0.252334,0.065718,-0.038261,-0.112219,0.992947,0,1.00000,0.38659,60.000,0.773,-1,200.000,-1,275.000,-1,175.000,200.000,-1,400.000,-1,-1,-1,-1,-1,675.000,-1,-1,2,0,2,0,2,0,0,2,0,2,2,2,2,2,1,2,2
89,-8150.891,-849.791,444.037,76.075,0.245381,-0.964153,-0.100977,0.968419,0.239045,0.070864,-0.044186,-0.115177,0.992362,0,1.00000,0.39299,60.000,0.786,-1,175.000,-1,250.000,-1,175.000,200.000,-1,425.000,-1,-1,-1,-1,-1,675.000,-1,-1,2,0,2,0,2,0,0,2,0,2,2,2,2,2,1,2,2
90,-8137.271,-791.358,445.138,76.875,0.232496,-0.967133,-0.102953,0.971341,0.225512,0.075109,-0.049423,-0.117465,0.991846,0,1.00000,0.39962,60.000,0.799,-1,-1,-1,375.000,-1,900.000,325.000,-1,425.000,-1,-1,-1,-1,-1,700.000,-1,-1,2,2,2,1,2,1,1,2,0,2,2,2,2,2,1,2,2
91,-7543.213,-4919.471,585.462,-19.619,0.942162,0.335106,0.005864,-0.334775,0.940108,0.064202,0.016002,-0.062452,0.997920,1,0.00000,0.00000,60.000,0.812,-1,475.000,-1,400.000,-1,350.000,350.000,250.000,300.000,-1,-1,-1,-1,950.000,800.000,-1,-1,2,0,2,0,2,0,0,0,0,2,2,2,2,0,0,2,2
92,-7538.698,-4921.102,585.562,-19.859,0.940749,0.339041,0.006566,-0.338748,0.938697,0.064013,0.015540,-0.062445,0.997927,0,0.08000,-0.12000,4.800,-0.240,-1,450.000,-1,400.000,-1,350.000,350.000,250.000,300.000,-1,-1,-1,-1,950.000,800.000,-1,-1,2,0,2,0,2,0,0,0,0,2,2,2,2,0,0,2,2
93,-7529.696,-4924.438,585.762,-20.339,0.937871,0.346893,0.007974,-0.346677,0.935824,0.063636,0.014612,-0.062446,0.997941,0,0.16000,-0.24000,9.600,-0.480,-1,450.000,-1,400.000,-1,350.000,350.000,250.000,300.000,-1,-1,-1,-1,950.000,775.000,-1,-1,2,0,2,0,2,0,0,0,0,2,2,2,2,0,0,2,2
94,-7516.258,-4929.612,586.068,-21.059,0.933427,0.358624,0.010096,-0.358523,0.931388,0.063068,0.013214,-0.062489,0.997958,0,0.24000,-0.36000,14.400,-0.720,-1,450.000,-1,400.000,-1,350.000,325.000,250.000,300.000,-1,-1,-1,-1,925.000,775.000,-1,-1,2,0,2,0,2,0,0,0,0,2,2,2,2,0,0,2,2
95,-7498.458,-4936.810,586.482,-22.019,0.927267,0.374176,0.012945,-0.374228,0.925241,0.062310,0.011338,-0.062623,0.997973,0,0.32000,-0.48000,19.200,-0.960,-1,450.000,-1,400.000,-1,350.000,325.000,250.000,275.000,-1,-1,-1,-1,900.000,750.000,-1,-1,2,0,2,0,2,0,0,0,0,2,2,2,2,0,0,2,2
96,-7476.401,-4946.272,587.008,-23.219,0.919192,0.393463,0.016540,-0.393708,0.917185,0.061365,0.008975,-0.062918,0.997978,0,0.40000,-0.60000,24.000,-1.200,975.000,425.000,-1,375.000,-1,350.000,325.000,250.000,275.000,-1,-1,-1,-1,875.000,725.000,1000.000,-1,1,0,2,0,2,0,0,0,0,2,2,2,2,0,0,1,2
97,-7450.227,-4958.287,587.649,-24.659,0.908953,0.416373,0.020907,-0.416853,0.906976,0.060239,0.006119,-0.063470,0.997965,0,0.48000,-0.72000,28.800,-1.440,950.000,425.000,-1,375.000,-1,325.000,325.000,275.000,275.000,-1,-1,-1,-1,825.000,700.000,975.000,-1,1,0,2,0,2,0,0,0,0,2,2,2,2,0,0,1,2
98,-7420.114,-4973.194,588.406,-26.339,0.896262,0.442758,0.026088,-0.443517,0.894325,0.058948,0.002768,-0.064403,0.997920,0,0.56000,-0.84000,33.600,-1.680,900.000,400.000,-1,375.000,-1,325.000,300.000,275.000,275.000,-1,-1,-1,-1,800.000,675.000,950.000,-1,1,0,2,0,2,0,0,0,0,2,2,2,2,0,0,1,2
99,-7388.141,-4990.350,589.216,-28.220,0.881115,0.471830,0.031826,-0.472902,0.879228,0.057638,-0.000787,-0.065836,0.997830,0,0.60473,-0.94051,36.284,-1.881,875.000,400.000,-1,350.000,-1,325.000,300.000,275.000,275.000,-1,-1,-1,-1,750.000,650.000,900.000,-1,1,0,2,0,2,0,0,0,0,2,2,2,2,0,0,1,2
100,-7356.673,-5008.585,589.674,-30.096,0.865181,0.500258,0.034694,-0.501460,0.863120,0.059680,-0.000090,-0.069032,0.997614,0,0.60615,-0.93819,36.369,-1.876,825.000,400.000,-1,350.000,-1,300.000,300.000,275.000,275.000,-1,-1,-1,-1,725.000,650.000,875.000,-1,1,0,2,0,2,0,0,0,0,2,2,2,2,0,0,1,2
101,-7325.756,-5027.878,590.571,-31.968,0.848420,0.528111,0.035817,-0.529320,0.846217,0.061130,0.001974,-0.070822,0.997487,0,0.60736,-0.93569,36.442,-1.871,800.000,375.000,-1,350.000,-1,300.000,300.000,275.000,300.000,-1,-1,-1,-1,725.000,675.000,875.000,-1,1,0,2,0,2,0,0,0,0,2,2,2,2,0,0,1,2
102,-7295.434,-5048.202,591.640,-33.834,0.830833,0.555326,0.036465,-0.556503,0.828484,0.062599,0.004552,-0.072302,0.997372,0,0.60836,-0.93299,36.502,-1.866,775.000,375.000,-1,350.000,-1,300.000,300.000,275.000,300.000,-1,-1,-1,-1,725.000,675.000,850.000,-1,1,0,2,0,2,0,0,0,0,2,2,2,2,0,0,1,2
103,-7265.751,-5069.526,592.889,-35.694,0.812452,0.581879,0.036578,-0.582977,0.809954,0.064135,0.007693,-0.073431,0.997271,0,0.60913,-0.93012,36.548,-1.860,750.000,375.000,-1,350.000,-1,300.000,300.000,275.000,300.000,-1,-1,-1,-1,725.000,675.000,850.000,-1,1,0,2,0,2,0,0,0,0,2,2,2,2,0,0,1,2
104,-7236.749,-5091.818,594.189,-37.548,0.793297,0.607721,0.036814,-0.608736,0.790625,0.065967,0.010983,-0.074742,0.997142,0,0.60964,-0.92708,36.578,-1.854,725.000,375.000,-1,350.000,-1,300.000,300.000,300.000,300.000,-1,-1,-1,-1,725.000,700.000,850.000,-1,1,0,2,0,2,0,0,0,0,2,2,2,2,0,0,1,2
105,-7208.469,-5115.043,595.533,-39.396,0.773400,0.632826,0.037205,-0.633755,0.770531,0.068097,0.014426,-0.076245,0.996985,0,0.60989,-0.92388,36.593,-1.848,725.000,375.000,-1,375.000,-1,300.000,300.000,300.000,300.000,-1,-1,-1,-1,725.000,725.000,-1,-1,1,0,2,0,2,0,0,0,0,2,2,2,2,0,0,2,2
106,-7180.950,-5139.164,596.919,-41.237,0.752797,0.657167,0.037780,-0.658006,0.749704,0.070521,0.018021,-0.077948,0.996795,0,0.60987,-0.92053,36.592,-1.841,700.000,375.000,-1,375.000,-1,300.000,300.000,300.000,300.000,-1,-1,-1,-1,725.000,725.000,-1,-1,1,0,2,0,2,0,0,0,0,2,2,2,2,1,0,2,2
107,-7154.231,-5164.140,598.340,-43.071,0.731526,0.680722,0.038568,-0.681466,0.728176,0.073235,0.021768,-0.079856,0.996569,0,0.60957,-0.91704,36.574,-1.834,700.000,375.000,-1,375.000,-1,300.000,300.000,300.000,325.000,-1,-1,-1,-1,725.000,750.000,-1,-1,1,0,2,0,2,0,0,0,0,2,2,2,2,0,0,2,2
108,-7128.347,-5189.932,599.408,-44.898,0.709619,0.703550,0.038193,-0.704097,0.706065,0.075634,0.026246,-0.080562,0.996404,0,0.60898,-0.91344,36.539,-1.827,700.000,375.000,-1,375.000,-1,300.000,300.000,300.000,325.000,-1,-1,-1,-1,750.000,775.000,-1,-1,1,0,2,0,2,0,0,0,0,2,2,2,2,0,0,2,2
109,-7103.332,-5216.495,600.219,-46.717,0.687101,0.725620,0.036977,-0.725886,0.683378,0.078001,0.031330,-0.080435,0.996267,0,0.60810,-0.90974,36.486,-1.819,775.000,375.000,-1,375.000,-1,300.000,325.000,325.000,325.000,925.000,375.000,-1,-1,775.000,800.000,-1,-1,1,0,2,0,2,0,0,0,0,0,0,2,2,0,0,2,2
110,-7079.215,-5243.784,601.057,-48.529,0.664004,0.746860,0.036051,-0.746838,0.660088,0.080726,0.036495,-0.080527,0.996084,0,0.60695,-0.90596,36.417,-1.812,-1,375.000,-1,400.000,-1,325.000,325.000,325.000,325.000,875.000,325.000,-1,-1,800.000,900.000,-1,-1,2,0,2,0,2,0,0,0,0,0,0,2,2,0,0,2,2
111,-7056.025,-5271.752,601.921,-50.333,0.640365,0.767253,0.035444,-0.766936,0.636230,0.083790,0.041737,-0.080840,0.995853,0,0.60551,-0.90212,36.331,-1.804,-1,400.000,-1,400.000,-1,325.000,325.000,325.000,325.000,825.000,300.000,375.000,-1,850.000,-1,-1,-1,2,0,2,0,2,0,0,0,0,0,0,0,2,0,2,2,2
112,-7033.784,-5300.353,602.810,-52.130,0.616221,0.786787,0.035186,-0.786166,0.611837,0.087166,0.047053,-0.081376,0.995572,0,0.60381,-0.89826,36.229,-1.797,-1,400.000,-1,400.000,-1,325.000,325.000,300.000,325.000,800.000,275.000,350.000,-1,875.000,-1,-1,-1,2,0,2,0,2,0,0,0,0,0,0,0,2,0,2,2,2
113,-7012.516,-5329.539,603.722,-53.919,0.591609,0.805452,0.035302,-0.804518,0.586943,0.090827,0.052436,-0.082135,0.995241,0,0.60186,-0.89439,36.112,-1.789,-1,400.000,-1,425.000,-1,325.000,325.000,300.000,325.000,775.000,250.000,325.000,-1,900.000,-1,-1,-1,2,0,2,0,2,0,0,0,0,0,0,0,2,0,2,2,2
114,-6992.241,-5359.265,605.266,-55.700,0.566381,0.823404,0.034897,-0.822242,0.561693,0.091760,0.055954,-0.080665,0.995170,0,0.59968,-0.89055,35.981,-1.781,-1,400.000,-1,425.000,-1,325.000,325.000,300.000,325.000,800.000,275.000,325.000,-1,925.000,-1,-1,-1,2,0,2,0,2,0,0,0,0,0,0,0,2,0,2,2,2
115,-6972.976,-5389.486,607.111,-57.479,0.540566,0.840604,0.034258,-0.839254,0.535964,0.091624,0.058658,-0.078280,0.995204,0,0.59730,-0.88943,35.838,-1.779,-1,425.000,-1,425.000,-1,325.000,325.000,300.000,325.000,825.000,300.000,350.000,-1,950.000,-1,-1,-1,2,0,2,0,2,0,0,0,0,0,0,0,2,0,2,2,2
116,-6954.735,-5420.158,609.071,-59.256,0.514233,0.856992,0.033614,-0.855469,0.509737,0.091329,0.061134,-0.075720,0.995253,0,0.59474,-0.88863,35.685,-1.777,-1,425.000,-1,425.000,-1,350.000,350.000,300.000,325.000,850.000,325.000,375.000,-1,-1,-1,-1,-1,2,0,2,0,2,0,0,0,0,0,0,0,2,2,2,2,2
117,-6937.532,-5451.238,611.045,-61.032,0.487381,0.872530,0.033925,-0.870978,0.483016,0.089964,0.062110,-0.073394,0.995367,0,0.59203,-0.88800,35.522,-1.776,-1,425.000,-1,425.000,-1,350.000,350.000,300.000,325.000,900.000,375.000,400.000,-1,-1,-1,-1,-1,2,0,2,0,2,0,0,0,0,0,0,0,2,2,2,2,2
118,-6921.378,-5482.684,612.959,-62.807,0.460084,0.887191,0.034855,-0.885665,0.455817,0.088477,0.062608,-0.071576,0.995468,0,0.58921,-0.88754,35.353,-1.775,-1,425.000,-1,425.000,-1,350.000,325.000,300.000,325.000,950.000,400.000,450.000,-1,-1,-1,-1,-1,2,0,2,0,2,0,0,0,0,0,0,0,2,2,2,2,2
119,-6906.279,-5514.459,614.931,-64.582,0.432351,0.900995,0.035792,-0.899501,0.428180,0.086949,0.063016,-0.069788,0.995570,0,0.58631,-0.88726,35.179,-1.775,-1,425.000,-1,400.000,-1,350.000,325.000,300.000,325.000,1000.000,450.000,500.000,-1,-1,-1,-1,-1,2,0,2,0,2,0,0,0,0,0,0,0,2,2,2,2,2
120,-6890.093,-5551.015,617.250,-66.116,0.408019,0.912231,0.036803,-0.910803,0.403940,0.085270,0.062919,-0.068312,0.995678,0,0.66631,-0.76726,39.979,-1.535,-1,425.000,-1,425.000,-1,350.000,325.000,300.000,325.000,-1,500.000,550.000,-1,-1,-1,-1,-1,2,0,2,0,2,0,0,0,0,2,0,0,2,2,2,2,2
121,-6872.893,-5592.359,619.921,-67.411,0.387251,0.921193,0.037945,-0.919866,0.383257,0.083432,0.062315,-0.067214,0.995791,0,0.74631,-0.64726,44.779,-1.295,-1,425.000,-1,425.000,-1,325.000,325.000,300.000,325.000,-1,550.000,600.000,-1,-1,-1,-1,-1,2,0,2,0,2,0,0,0,0,2,0,0,2,2,2,2,2
122,-6854.829,-5638.530,622.946,-68.632,0.367465,0.929207,0.039282,-0.928012,0.363552,0.081388,0.061345,-0.066361,0.995908,0,0.82631,-0.61079,49.579,-1.222,-1,425.000,-1,450.000,-1,325.000,325.000,300.000,325.000,-1,625.000,700.000,-1,-1,-1,-1,-1,2,0,2,0,2,0,0,0,0,2,0,0,2,2,2,2,2
123,-6836.892,-5687.427,626.189,-69.855,0.347492,0.936796,0.040780,-0.935751,0.343657,0.079183,0.060165,-0.065675,0.996026,0,0.86805,-0.61133,52.083,-1.223,-1,425.000,-1,475.000,-1,350.000,350.000,275.000,325.000,-1,725.000,775.000,-1,-1,-1,-1,-1,2,0,2,0,2,0,0,0,0,2,0,0,2,2,2,2,2
124,-6820.058,-5736.537,629.485,-71.079,0.327333,0.943959,0.042356,-0.943072,0.323575,0.076907,0.058891,-0.065119,0.996138,0,0.86525,-0.61214,51.915,-1.224,-1,450.000,-1,475.000,-1,350.000,375.000,275.000,325.000,-1,800.000,875.000,-1,-1,-1,-1,-1,2,0,2,0,2,0,0,0,0,2,0,0,2,2,2,2,2
125,-6804.327,-5785.847,632.835,-72.305,0.306989,0.950696,0.043990,-0.949973,0.303306,0.074552,0.057534,-0.064675,0.996246,0,0.86264,-0.61321,51.758,-1.226,-1,475.000,-1,500.000,-1,375.000,375.000,300.000,325.000,-1,900.000,975.000,-1,-1,-1,-1,-1,2,0,2,0,2,0,0,0,0,2,0,0,2,2,2,2,2
126,-6789.697,-5835.346,636.128,-73.535,0.286450,0.957029,0.045185,-0.956432,0.282858,0.072310,0.056422,-0.063929,0.996358,0,0.86026,-0.61452,51.616,-1.229,-1,500.000,-1,525.000,-1,400.000,400.000,300.000,325.000,-1,1000.000,-1,-1,-1,-1,-1,-1,2,0,2,0,2,0,0,0,0,2,0,2,2,2,2,2,2
127,-6776.171,-5885.027,638.500,-74.767,0.265438,0.963146,0.043503,-0.962667,0.262283,0.066930,0.053053,-0.059645,0.996809,0,0.85816,-0.61607,51.489,-1.232,-1,525.000,-1,525.000,-1,400.000,400.000,300.000,325.000,975.000,-1,-1,-1,-1,-1,-1,-1,2,0,2,0,2,0,0,0,0,1,2,2,2,2,2,2,2
128,-6763.745,-5934.882,640.500,-76.002,0.244134,0.968898,0.040430,-0.968529,0.241532,0.060118,0.048483,-0.053835,0.997372,0,0.85634,-0.61783,51.380,-1.236,-1,525.000,-1,500.000,-1,400.000,400.000,300.000,300.000,925.000,-1,-1,-1,-1,-1,-1,-1,2,0,2,0,2,0,0,0,0,1,2,2,2,2,2,2,2
129,-6752.420,-5984.906,641.958,-77.242,0.222786,0.974075,0.039308,-0.973871,0.220555,0.054143,0.044070,-0.050343,0.997759,0,0.85484,-0.61981,51.291,-1.240,-1,525.000,-1,500.000,-1,400.000,400.000,300.000,300.000,875.000,-1,-1,-1,-1,-1,-1,-1,2,0,2,0,2,0,0,0,0,1,2,2,2,2,2,2,2
130,-6742.194,-6035.095,642.201,-78.486,0.201336,0.978553,0.043574,-0.978842,0.199339,0.046171,0.036495,-0.051948,0.997983,0,0.85367,-0.62199,51.220,-1.244,-1,525.000,-1,500.000,-1,400.000,400.000,300.000,275.000,850.000,-1,-1,-1,-1,-1,-1,-1,2,0,2,0,2,0,0,0,0,1,2,2,2,2,2,2,2
131,-6733.074,-6085.445,642.477,-79.735,0.179661,0.982581,0.047506,-0.983302,0.177952,0.038076,0.028959,-0.053554,0.998145,0,0.85284,-0.62436,51.170,-1.249,-1,500.000,-1,475.000,-1,375.000,375.000,300.000,275.000,825.000,-1,-1,-1,-1,-1,-1,-1,2,0,2,0,2,0,0,0,0,1,2,2,2,2,2,2,2
132,-6725.061,-6135.954,642.789,-80.988,0.157768,0.986154,0.051087,-0.987243,0.156395,0.029870,0.021467,-0.055148,0.998247,0,0.85234,-0.62692,51.141,-1.254,-1,500.000,-1,475.000,-1,375.000,375.000,275.000,275.000,825.000,-1,-1,-1,-1,-1,-1,-1,2,0,2,0,2,0,0,0,0,1,2,2,2,2,2,2,2
133,-6718.052,-6188.744,643.156,-82.438,0.132359,0.989706,0.054427,-0.991106,0.131382,0.021179,0.013810,-0.056746,0.998293,0,0.88755,-0.72491,53.253,-1.450,-1,475.000,-1,475.000,-1,375.000,375.000,275.000,300.000,825.000,-1,-1,-1,-1,-1,-1,-1,2,0,2,0,2,0,0,0,0,1,2,2,2,2,2,2,2
134,-6712.381,-6241.705,643.580,-83.891,0.106776,0.992630,0.057303,-0.994264,0.106237,0.012391,0.006212,-0.058297,0.998280,0,0.88772,-0.72642,53.263,-1.453,-1,475.000,-1,475.000,-1,350.000,350.000,250.000,300.000,850.000,-1,-1,-1,-1,-1,-1,-1,2,0,2,0,2,0,0,0,0,1,2,2,2,2,2,2,2
135,-6708.058,-6294.801,644.064,-85.347,0.081043,0.994921,0.059695,-0.996710,0.080977,0.003530,-0.001322,-0.059784,0.998210,0,0.88786,-0.72790,53.272,-1.456,-1,475.000,-1,475.000,-1,350.000,350.000,275.000,300.000,900.000,-1,-1,-1,-1,-1,-1,-1,2,0,2,0,2,0,0,0,0,1,2,2,2,2,2,2,2
136,-6705.086,-6347.997,644.614,-86.806,0.055183,0.996575,0.061586,-0.998438,0.055618,-0.005377,-0.008784,-0.061193,0.998087,0,0.88797,-0.72936,53.278,-1.459,-1,475.000,-1,475.000,-1,375.000,350.000,275.000,300.000,950.000,-1,-1,-1,-1,-1,-1,-1,2,0,2,0,2,0,0,0,0,1,2,2,2,2,2,2,2
137,-6703.788,-6396.458,645.183,-88.468,0.025787,0.997701,0.062667,-0.999551,0.026688,-0.013598,-0.015239,-0.062288,0.997942,0,0.80797,-0.83102,48.478,-1.662,-1,475.000,-1,475.000,-1,375.000,350.000,300.000,325.000,1000.000,-1,-1,-1,950.000,-1,-1,-1,2,0,2,0,2,0,0,0,0,1,2,2,2,1,2,2,2
