timestep,x_cm,y_cm,z_cm,yaw_deg,basis_xx,basis_xy,basis_xz,basis_yx,basis_yy,basis_yz,basis_zx,basis_zy,basis_zz,teleport_flag,throttle_cmd,steering_cmd,cmd_move_cm,cmd_turn_deg,lidar_cm_0,lidar_cm_1,lidar_cm_2,lidar_cm_3,lidar_cm_4,lidar_cm_5,lidar_cm_6,lidar_cm_7,lidar_cm_8,lidar_cm_9,lidar_cm_10,lidar_cm_11,lidar_cm_12,lidar_cm_13,lidar_cm_14,lidar_cm_15,lidar_cm_16,lidar_class_0,lidar_class_1,lidar_class_2,lidar_class_3,lidar_class_4,lidar_class_5,lidar_class_6,lidar_class_7,lidar_class_8,lidar_class_9,lidar_class_10,lidar_class_11,lidar_class_12,lidar_class_13,lidar_class_14,lidar_class_15,lidar_class_16
0,-9506.509,-1641.479,-139.018,-20.152,0.938842,0.344332,-0.003329,-0.344242,0.938270,-0.033875,-0.008541,0.032950,0.999421,1,0.08000,0.12000,4.800,0.240,-1,375.000,-1,400.000,-1,325.000,325.000,325.000,325.000,-1,575.000,525.000,-1,750.000,625.000,-1,825.000,2,1,2,0,2,0,0,0,0,2,0,0,2,1,1,2,1
1,-9497.469,-1644.710,-139.118,-19.672,0.941692,0.336458,-0.003548,-0.336380,0.941117,-0.033869,-0.008057,0.033087,0.999420,0,0.16000,0.24000,9.600,0.480,-1,375.000,-1,400.000,1000.000,325.000,325.000,325.000,325.000,-1,575.000,550.000,-1,775.000,625.000,-1,825.000,2,1,2,0,1,0,0,0,0,2,0,0,2,1,1,2,1
2,-9483.850,-1649.387,-139.259,-18.952,0.945842,0.324603,-0.003865,-0.324544,0.945265,-0.033854,-0.007335,0.033275,0.999419,0,0.24000,0.36000,14.400,0.720,-1,375.000,-1,400.000,975.000,325.000,325.000,325.000,325.000,-1,575.000,550.000,-1,775.000,600.000,-1,800.000,2,1,2,0,1,0,0,0,0,2,0,0,2,1,1,2,1
3,-9465.595,-1655.335,-139.431,-18.049,0.950838,0.309659,-0.004269,-0.309622,0.950258,-0.033823,-0.006417,0.033482,0.999419,0,0.32000,0.45165,19.200,0.903,-1,400.000,-1,400.000,925.000,325.000,325.000,325.000,325.000,-1,575.000,550.000,-1,800.000,600.000,-1,750.000,2,1,2,0,1,1,0,0,0,2,0,0,2,1,1,2,1
4,-9442.663,-1662.415,-139.623,-17.157,0.955538,0.294829,-0.004742,-0.294817,0.954957,-0.033757,-0.005424,0.033654,0.999419,0,0.40000,0.44593,24.000,0.892,-1,400.000,-1,400.000,875.000,325.000,325.000,325.000,325.000,-1,575.000,550.000,-1,825.000,575.000,-1,725.000,2,1,2,1,1,1,0,0,0,2,0,0,2,1,1,2,1
5,-9415.017,-1670.488,-139.827,-16.278,0.959944,0.280143,-0.005276,-0.280158,0.959364,-0.033649,-0.004365,0.033779,0.999420,0,0.48000,0.43952,28.800,0.879,-1,400.000,-1,375.000,800.000,325.000,325.000,325.000,325.000,-1,600.000,575.000,-1,850.000,550.000,-1,675.000,2,1,2,1,1,1,1,0,0,2,0,0,2,0,1,2,1
6,-9382.626,-1679.418,-140.036,-15.414,0.964056,0.265635,-0.005862,-0.265680,0.963479,-0.033491,-0.003248,0.033845,0.999422,0,0.56000,0.43226,33.600,0.865,-1,400.000,-1,375.000,750.000,300.000,300.000,325.000,325.000,-1,600.000,575.000,-1,850.000,550.000,-1,650.000,2,1,2,1,1,1,1,0,0,2,0,0,2,0,1,2,1
7,-9345.460,-1689.075,-140.240,-14.566,0.967875,0.251347,-0.006494,-0.251422,0.967305,-0.033278,-0.002083,0.033842,0.999425,0,0.64000,0.42400,38.400,0.848,-1,400.000,-1,350.000,700.000,300.000,300.000,325.000,325.000,-1,625.000,600.000,-1,875.000,525.000,-1,600.000,2,1,2,1,1,1,1,0,0,2,0,0,2,0,1,2,1
8,-9303.496,-1699.333,-140.431,-13.737,0.971404,0.237325,-0.007162,-0.237431,0.970844,-0.033002,-0.000879,0.033759,0.999430,0,0.72000,0.41454,43.200,0.829,-1,400.000,-1,350.000,625.000,300.000,300.000,325.000,325.000,-1,650.000,625.000,-1,900.000,500.000,-1,550.000,2,1,2,1,1,1,1,0,0,2,0,0,2,0,1,2,1
9,-9256.713,-1710.073,-140.594,-12.929,0.974644,0.223623,-0.007841,-0.223760,0.974096,-0.032694,0.000327,0.033619,0.999435,0,0.80000,0.40365,48.000,0.807,-1,400.000,-1,325.000,550.000,300.000,300.000,325.000,325.000,-1,675.000,650.000,-1,950.000,475.000,-1,500.000,2,1,2,1,1,1,1,0,0,2,0,0,2,0,1,2,1
10,-9205.095,-1721.184,-140.755,-12.147,0.977605,0.210308,-0.007635,-0.210446,0.977069,-0.032388,0.000648,0.033269,0.999446,0,0.88000,0.39106,52.800,0.782,-1,400.000,-1,325.000,475.000,300.000,275.000,325.000,325.000,-1,725.000,700.000,-1,975.000,450.000,-1,450.000,2,1,2,1,1,1,1,0,0,2,0,0,2,0,1,2,1
11,-9148.631,-1732.564,-141.058,-11.394,0.980288,0.197459,-0.006697,-0.197572,0.979786,-0.031380,0.000366,0.032085,0.999485,0,0.96000,0.37645,57.600,0.753,-1,400.000,-1,300.000,400.000,300.000,275.000,300.000,325.000,-1,775.000,775.000,-1,1000.000,425.000,-1,375.000,2,1,2,1,1,1,1,0,0,2,0,0,2,0,1,2,1
12,-9089.670,-1743.681,-139.786,-10.676,0.982664,0.185190,-0.008751,-0.185349,0.982386,-0.023748,0.004199,0.024959,0.999680,0,1.00000,0.35939,60.000,0.719,-1,425.000,-1,275.000,350.000,300.000,250.000,300.000,325.000,-1,675.000,725.000,-1,-1,400.000,-1,350.000,2,1,2,1,1,1,1,0,0,2,0,0,2,2,1,2,1
13,-9030.581,-1754.098,-137.528,-9.996,0.984737,0.173556,-0.013126,-0.173715,0.984722,-0.012079,0.010829,0.014175,0.999841,0,1.00000,0.33996,60.000,0.680,-1,425.000,-1,275.000,325.000,300.000,250.000,300.000,350.000,-1,425.000,550.000,-1,-1,400.000,-1,325.000,2,1,2,1,1,1,1,0,0,2,0,0,2,2,1,2,1
14,-8971.379,-1763.856,-135.156,-9.359,0.986527,0.162614,-0.017917,-0.162641,0.986685,-0.000060,0.017669,0.002973,0.999839,0,1.00000,0.31847,60.000,0.637,-1,450.000,-1,275.000,300.000,300.000,250.000,275.000,375.000,-1,300.000,475.000,-1,-1,400.000,-1,300.000,2,1,2,1,1,1,1,0,0,2,0,0,2,2,1,2,1
15,-8912.080,-1773.004,-132.682,-8.769,0.988041,0.152452,-0.023085,-0.152201,0.988273,0.012269,0.024685,-0.008609,0.999658,0,1.00000,0.29467,60.000,0.589,-1,475.000,-1,275.000,300.000,300.000,250.000,275.000,425.000,-1,200.000,425.000,-1,-1,400.000,-1,300.000,2,1,2,1,1,1,1,0,0,2,0,0,2,2,1,2,1
16,-8852.698,-1781.595,-130.116,-8.233,0.989286,0.143166,-0.028589,-0.142475,0.989486,0.024882,0.031851,-0.020542,0.999282,0,1.00000,0.26828,60.000,0.537,-1,525.000,-1,275.000,275.000,325.000,250.000,275.000,450.000,-1,125.000,400.000,-1,-1,400.000,-1,275.000,2,1,2,1,1,1,1,0,0,2,0,0,2,2,1,2,1
17,-8793.246,-1789.688,-127.466,-7.755,0.990268,0.134862,-0.034386,-0.133558,0.990321,0.037768,0.039147,-0.032808,0.998695,0,1.00000,0.23898,60.000,0.478,-1,550.000,-1,275.000,250.000,325.000,275.000,275.000,500.000,875.000,100.000,350.000,-1,-1,400.000,-1,250.000,2,1,2,1,1,1,1,0,1,0,0,0,2,2,1,2,1
18,-8733.737,-1797.352,-124.737,-7.342,0.990993,0.127662,-0.040431,-0.125556,0.990778,0.050937,0.046561,-0.045402,0.997883,0,1.00000,0.20638,60.000,0.413,-1,600.000,-1,275.000,225.000,350.000,275.000,250.000,450.000,725.000,75.000,325.000,-1,-1,425.000,-1,250.000,2,1,2,1,1,1,1,0,1,0,0,0,2,2,1,2,1
19,-8674.182,-1804.661,-121.930,-7.002,0.991469,0.121697,-0.046678,-0.118589,0.990852,0.064414,0.054090,-0.058329,0.996831,0,1.00000,0.17003,60.000,0.340,-1,650.000,-1,300.000,225.000,375.000,275.000,250.000,400.000,575.000,50.000,300.000,-1,-1,475.000,-1,225.000,2,0,2,1,1,1,1,0,1,0,0,0,2,2,1,2,1
20,-7543.252,2951.706,64.058,91.155,-0.014749,-0.998352,0.055452,0.995021,-0.020122,-0.097618,0.098573,0.053736,0.993678,1,0.00000,0.00000,60.000,0.259,625.000,400.000,575.000,375.000,-1,325.000,325.000,300.000,275.000,-1,-1,-1,-1,475.000,500.000,550.000,600.000,1,1,1,1,2,0,0,0,0,2,2,2,2,1,1,1,1
21,-7543.329,2956.506,64.544,90.915,-0.010579,-0.998416,0.055254,0.995108,-0.015940,-0.097502,0.098228,0.053952,0.993700,0,0.08000,-0.12000,4.800,-0.240,625.000,400.000,575.000,375.000,-1,325.000,325.000,300.000,275.000,-1,-1,-1,-1,475.000,500.000,550.000,600.000,1,1,1,1,2,0,0,0,0,2,2,2,2,1,1,1,1
22,-7543.402,2966.106,65.512,90.435,-0.002238,-0.998492,0.054854,0.995229,-0.007575,-0.097274,0.097543,0.054374,0.993745,0,0.16000,-0.24000,9.600,-0.480,600.000,400.000,575.000,375.000,-1,325.000,325.000,300.000,275.000,-1,-1,-1,-1,475.000,475.000,525.000,600.000,1,1,1,1,2,0,0,0,0,2,2,2,2,1,1,1,1
23,-7543.330,2980.506,66.953,89.715,0.010272,-0.998475,0.054248,0.995277,0.004973,-0.096943,0.096526,0.054987,0.993810,0,0.24000,-0.36000,14.400,-0.720,575.000,375.000,550.000,375.000,-1,325.000,325.000,300.000,275.000,-1,-1,-1,-1,450.000,475.000,500.000,600.000,1,1,1,1,2,0,0,0,0,2,2,2,2,1,1,1,1
24,-7542.913,2999.701,68.857,88.755,0.026950,-0.998208,0.053429,0.995094,0.021700,-0.096520,0.095188,0.055768,0.993896,0,0.32000,-0.48000,19.200,-0.960,525.000,375.000,550.000,350.000,-1,325.000,325.000,300.000,275.000,-1,-1,-1,-1,425.000,475.000,475.000,600.000,1,1,1,1,2,1,1,0,0,2,2,2,2,1,1,1,1
25,-7541.890,3023.680,71.208,87.555,0.047785,-0.997483,0.052392,0.994468,0.042598,-0.096018,0.093544,0.056690,0.994000,0,0.40000,-0.60000,24.000,-1.200,500.000,350.000,525.000,350.000,-1,325.000,325.000,300.000,275.000,-1,-1,-1,-1,400.000,450.000,450.000,600.000,1,1,1,1,2,1,1,0,0,2,2,2,2,1,1,1,1
26,-7539.939,3052.414,73.991,86.115,0.072759,-0.996038,0.051130,0.993133,0.067647,-0.095451,0.091614,0.057724,0.994120,0,0.48000,-0.72000,28.800,-1.440,450.000,325.000,500.000,325.000,-1,300.000,300.000,300.000,275.000,-1,-1,-1,-1,375.000,450.000,400.000,600.000,1,1,1,1,2,1,1,0,0,2,2,2,2,1,1,1,1
27,-7536.680,3085.856,77.186,84.435,0.101837,-0.993562,0.049641,0.990774,0.096813,-0.094836,0.089419,0.058841,0.994254,0,0.56000,-0.84000,33.600,-1.680,400.000,300.000,475.000,325.000,-1,275.000,275.000,300.000,275.000,-1,-1,-1,-1,350.000,425.000,375.000,650.000,1,1,1,1,2,1,1,0,0,2,2,2,2,1,1,1,1
28,-7531.692,3123.931,80.773,82.535,0.134609,-0.989739,0.047922,0.987072,0.129686,-0.094187,0.087006,0.059981,0.994400,0,0.64000,-0.94981,38.400,-1.900,325.000,275.000,450.000,300.000,-1,250.000,275.000,300.000,300.000,-1,-1,-1,-1,325.000,425.000,325.000,-1,1,1,1,1,2,1,1,0,0,2,2,2,2,1,1,1,2
29,-7524.841,3166.585,84.742,80.875,0.163077,-0.985543,0.045935,0.982958,0.158292,-0.093477,0.084855,0.060397,0.994561,0,0.72000,-0.82981,43.200,-1.660,275.000,250.000,425.000,300.000,-1,225.000,250.000,300.000,300.000,-1,-1,-1,-1,275.000,400.000,250.000,-1,1,1,1,1,2,1,1,0,0,2,2,2,2,1,1,1,2
30,-7516.056,3213.775,89.103,79.456,0.187275,-0.981335,0.043695,0.978796,0.182663,-0.092701,0.082989,0.060129,0.994735,0,0.80000,-0.70981,48.000,-1.420,225.000,200.000,400.000,275.000,-1,200.000,225.000,300.000,300.000,-1,-1,-1,-1,250.000,375.000,200.000,-1,1,1,1,1,2,1,1,0,0,2,2,2,2,1,1,1,2
31,-7505.347,3265.482,98.270,78.276,0.209559,-0.976219,0.055513,0.973013,0.202589,-0.110473,0.096599,0.077166,0.992328,0,0.88000,-0.58981,52.800,-1.180,175.000,200.000,400.000,275.000,-1,175.000,225.000,350.000,275.000,-1,650.000,-1,-1,225.000,400.000,175.000,-1,1,1,1,1,2,1,1,0,0,2,0,2,2,1,1,1,2
32,-7492.772,3321.701,112.006,77.337,0.230934,-0.969687,0.079853,0.965103,0.217878,-0.145278,0.123476,0.110616,0.986163,0,0.96000,-0.46981,57.600,-0.940,175.000,200.000,500.000,275.000,-1,175.000,225.000,450.000,275.000,-1,325.000,325.000,-1,225.000,600.000,175.000,-1,1,1,1,1,2,1,1,0,0,2,0,0,2,1,1,1,2
33,-7478.928,3380.096,127.826,76.603,0.250022,-0.963484,0.095853,0.955466,0.229484,-0.185529,0.156757,0.137971,0.977953,0,1.00000,-0.36686,60.000,-0.734,175.000,200.000,900.000,325.000,-1,200.000,250.000,550.000,250.000,-1,225.000,150.000,725.000,250.000,875.000,175.000,-1,1,1,1,1,2,1,1,1,0,2,0,0,0,1,1,1,2
34,7543.219,-9511.023,-100.414,-103.813,-0.238044,0.971078,-0.018506,-0.968469,-0.238760,-0.071143,-0.073504,0.000987,0.997294,1,0.00000,0.00000,60.000,-0.718,450.000,375.000,-1,400.000,-1,300.000,325.000,325.000,325.000,-1,-1,-1,-1,575.000,750.000,475.000,-1,1,1,2,0,2,0,0,0,0,2,2,2,2,1,0,1,2
35,7542.092,-9515.689,-100.767,-103.573,-0.233961,0.972069,-0.018529,-0.969473,-0.234690,-0.071013,-0.073378,0.001350,0.997303,0,0.08000,0.12000,4.800,0.240,450.000,375.000,-1,400.000,-1,300.000,325.000,325.000,325.000,-1,-1,-1,-1,550.000,750.000,475.000,-1,1,1,2,0,2,0,0,0,0,2,2,2,2,1,0,1,2
36,7539.917,-9525.040,-101.473,-103.093,-0.225785,0.974000,-0.018576,-0.971429,-0.226538,-0.070752,-0.073120,0.002071,0.997321,0,0.16000,0.24000,9.600,0.480,450.000,375.000,-1,400.000,-1,300.000,325.000,325.000,325.000,-1,-1,-1,-1,550.000,750.000,450.000,-1,1,1,2,0,2,0,0,0,0,2,2,2,2,1,0,1,2
37,7536.831,-9539.105,-102.532,-102.373,-0.213490,0.976767,-0.018649,-0.974235,-0.214280,-0.070358,-0.072719,0.003148,0.997348,0,0.24000,0.36000,14.400,0.720,450.000,350.000,-1,400.000,-1,300.000,300.000,325.000,325.000,-1,-1,-1,-1,550.000,750.000,450.000,-1,1,1,2,0,2,0,0,0,0,2,2,2,2,1,0,1,2
38,7533.032,-9557.925,-103.947,-101.413,-0.197047,0.980215,-0.018748,-0.977735,-0.197884,-0.069828,-0.072156,0.004571,0.997383,0,0.32000,0.48000,19.200,0.960,425.000,350.000,-1,400.000,-1,300.000,300.000,325.000,325.000,-1,-1,-1,-1,525.000,750.000,425.000,-1,1,1,2,0,2,0,0,0,0,2,2,2,2,1,0,1,2
39,7528.776,-9581.545,-105.716,-100.213,-0.176417,0.984135,-0.018878,-0.981722,-0.177311,-0.069159,-0.071409,0.006332,0.997427,0,0.40000,0.60000,24.000,1.200,400.000,350.000,-1,400.000,-1,300.000,300.000,325.000,325.000,-1,-1,-1,-1,500.000,750.000,400.000,-1,1,1,2,0,2,0,0,0,0,2,2,2,2,1,0,1,2
40,7524.329,-9609.999,-107.839,-98.884,-0.153470,0.987970,-0.019049,-0.985638,-0.154425,-0.068342,-0.070461,0.008288,0.997480,0,0.48000,0.66480,28.800,1.330,375.000,350.000,-1,400.000,-1,300.000,300.000,325.000,325.000,-1,-1,-1,-1,475.000,750.000,375.000,-1,1,1,2,0,2,0,0,0,0,2,2,2,2,1,0,1,2
41,7519.915,-9643.308,-110.315,-97.549,-0.130360,0.991279,-0.019276,-0.989041,-0.131376,-0.067367,-0.069312,0.010283,0.997542,0,0.56000,0.66713,33.600,1.334,350.000,325.000,-1,375.000,-1,300.000,300.000,325.000,325.000,-1,-1,-1,-1,450.000,750.000,350.000,-1,1,1,2,0,2,0,0,0,0,2,2,2,2,1,0,1,2
42,7515.762,-9681.483,-113.140,-96.208,-0.107054,0.994061,-0.019556,-0.991928,-0.108128,-0.066234,-0.067956,0.012308,0.997612,0,0.64000,0.67081,38.400,1.342,325.000,325.000,1000.000,375.000,-1,300.000,300.000,325.000,325.000,-1,-1,-1,-1,425.000,750.000,325.000,-1,1,1,1,0,2,0,0,0,0,2,2,2,2,1,0,1,2
43,7512.105,-9724.527,-116.311,-94.856,-0.083518,0.996308,-0.019885,-0.994292,-0.084645,-0.064946,-0.066390,0.014348,0.997691,0,0.72000,0.67588,43.200,1.352,300.000,300.000,950.000,375.000,-1,300.000,300.000,325.000,325.000,-1,-1,525.000,-1,400.000,725.000,300.000,-1,1,1,1,0,2,0,0,0,0,2,2,0,2,1,0,1,2
44,7509.183,-9772.438,-119.824,-93.491,-0.059712,0.998010,-0.020256,-0.996122,-0.060888,-0.063504,-0.064611,0.016385,0.997776,0,0.80000,0.68242,48.000,1.365,250.000,275.000,900.000,375.000,-1,300.000,300.000,325.000,325.000,-1,550.000,475.000,-1,375.000,725.000,250.000,-1,1,1,1,0,2,1,0,0,0,2,0,0,2,1,0,1,2
45,7507.239,-9825.202,-123.654,-92.110,-0.035591,0.999151,-0.020729,-0.997399,-0.036814,-0.061963,-0.062673,0.018470,0.997863,0,0.88000,0.69055,52.800,1.381,200.000,275.000,825.000,375.000,-1,275.000,300.000,325.000,325.000,-1,475.000,425.000,-1,350.000,725.000,200.000,-1,1,1,1,0,2,1,0,0,0,2,0,0,2,1,0,1,2
46,7506.557,-9880.709,-122.911,-90.709,-0.010597,0.999246,-0.037354,-0.998792,-0.012370,-0.047558,-0.047985,0.036804,0.998170,0,0.92522,0.70044,55.513,1.401,175.000,275.000,800.000,400.000,-1,300.000,325.000,375.000,300.000,-1,325.000,250.000,-1,325.000,725.000,175.000,-1,1,1,1,0,2,1,0,0,0,2,0,0,2,1,1,1,2
47,7507.269,-9936.833,-120.931,-89.286,0.014201,0.998196,-0.058337,-0.999457,0.012437,-0.030503,-0.029722,0.058738,0.997831,0,0.93550,0.71154,56.130,1.423,175.000,275.000,750.000,450.000,-1,300.000,350.000,450.000,300.000,-1,250.000,150.000,-1,325.000,700.000,175.000,-1,1,1,1,0,2,1,0,0,0,2,0,0,2,1,1,1,2
48,7509.431,-9993.526,-118.482,-87.840,0.038512,0.995880,-0.082101,-0.999209,0.037568,-0.013020,-0.009882,0.082537,0.996539,0,0.94559,0.72326,56.736,1.447,150.000,250.000,725.000,475.000,-1,300.000,400.000,550.000,275.000,-1,225.000,75.000,750.000,325.000,675.000,150.000,1000.000,1,1,1,0,2,1,0,0,0,2,0,0,0,1,1,1,1
49,7513.099,-10050.733,-115.473,-86.368,0.062058,0.992091,-0.109103,-0.998003,0.062969,0.004920,0.011751,0.108580,0.994018,0,0.95542,0.73570,57.325,1.471,150.000,250.000,675.000,525.000,-1,300.000,450.000,725.000,275.000,-1,175.000,50.000,550.000,325.000,625.000,150.000,875.000,1,1,1,1,2,1,0,0,0,2,0,0,0,1,1,1,1
50,7518.328,-10108.388,-111.811,-84.870,0.084473,0.986566,-0.139826,-0.995798,0.088564,0.023283,0.035354,0.137272,0.989902,0,0.96488,0.74897,57.893,1.498,125.000,250.000,650.000,500.000,-1,300.000,450.000,1000.000,250.000,-1,150.000,25.000,400.000,300.000,600.000,125.000,800.000,1,1,1,1,2,1,1,0,0,2,0,0,0,1,1,1,1
51,7525.176,-10166.417,-107.401,-83.344,0.105290,0.978966,-0.174758,-0.992567,0.114243,0.041955,0.061037,0.169041,0.983717,0,0.97386,0.76323,58.432,1.526,125.000,250.000,600.000,450.000,-1,300.000,425.000,-1,250.000,-1,150.000,0.000,275.000,300.000,550.000,125.000,700.000,1,1,1,1,2,1,1,2,0,2,0,0,0,1,1,1,1
52,7533.698,-10224.730,-102.146,-81.787,0.123927,0.968861,-0.214360,-0.988310,0.139847,0.060711,0.088799,0.204330,0.974866,0,0.98222,0.77866,58.933,1.557,100.000,250.000,575.000,425.000,-1,300.000,400.000,-1,225.000,-1,125.000,0.000,200.000,300.000,525.000,125.000,625.000,1,1,1,1,2,1,1,2,0,2,0,0,0,1,1,1,1
53,-983.895,-9511.021,-359.875,-42.299,0.738511,0.672970,0.041386,-0.671196,0.739617,-0.049619,-0.064002,0.008866,0.997910,1,0.00000,0.00000,59.387,1.591,-1,400.000,-1,425.000,-1,325.000,325.000,300.000,325.000,-1,-1,-1,-1,750.000,850.000,-1,-1,2,0,2,0,2,0,0,0,0,2,2,2,2,0,0,2,2
54,-980.331,-9514.237,-360.160,-42.059,0.741318,0.669864,0.041589,-0.668074,0.742428,-0.049782,-0.064224,0.009120,0.997894,0,0.08000,0.12000,4.800,0.240,-1,400.000,-1,425.000,-1,325.000,325.000,300.000,325.000,-1,-1,-1,-1,750.000,850.000,-1,-1,2,0,2,0,2,0,0,0,0,2,2,2,2,0,0,2,2
55,-973.150,-9520.608,-360.729,-41.579,0.746892,0.663618,0.041996,-0.661794,0.748010,-0.050100,-0.064660,0.009627,0.997861,0,0.16000,0.24000,9.600,0.480,-1,400.000,-1,425.000,-1,325.000,325.000,300.000,325.000,-1,-1,-1,-1,750.000,850.000,-1,-1,2,0,2,0,2,0,0,0,0,2,2,2,2,0,0,2,2
56,-962.260,-9530.029,-361.581,-40.865,0.755077,0.654250,0.042608,-0.652376,0.756207,-0.050558,-0.065298,0.010378,0.997812,0,0.24000,0.35663,14.400,0.713,-1,400.000,-1,425.000,-1,325.000,325.000,300.000,325.000,-1,-1,-1,-1,750.000,850.000,-1,-1,2,0,2,0,2,0,0,0,0,2,2,2,2,0,0,2,2
57,-947.584,-9542.410,-362.851,-40.150,0.763190,0.644752,0.042853,-0.642815,0.764304,-0.051271,-0.065809,0.011583,0.997765,0,0.32000,0.35756,19.200,0.715,-1,400.000,-1,400.000,-1,325.000,325.000,300.000,325.000,-1,-1,-1,900.000,725.000,850.000,-1,-1,2,0,2,0,2,0,0,0,0,2,2,2,1,0,0,2,2
58,-929.047,-9557.654,-364.497,-39.433,0.771223,0.635116,0.042925,-0.633102,0.772306,-0.052205,-0.066307,0.013085,0.997713,0,0.40000,0.35885,24.000,0.718,-1,400.000,-1,400.000,-1,325.000,325.000,300.000,325.000,-1,-1,-1,825.000,725.000,825.000,-1,-1,2,0,2,0,2,0,0,0,0,2,2,2,1,0,0,2,2
59,-906.574,-9575.665,-366.465,-38.712,0.779170,0.625332,0.043059,-0.623229,0.780220,-0.053306,-0.066929,0.014699,0.997649,0,0.48000,0.36056,28.800,0.721,-1,400.000,-1,400.000,-1,325.000,325.000,300.000,325.000,-1,-1,-1,775.000,725.000,825.000,-1,-1,2,0,2,0,2,0,0,0,0,2,2,2,1,0,0,2,2
60,-880.092,-9596.345,-368.790,-37.986,0.787037,0.615388,0.043248,-0.613198,0.788056,-0.054372,-0.067542,0.016273,0.997584,0,0.56000,0.36273,33.600,0.725,-1,400.000,-1,400.000,-1,325.000,325.000,300.000,325.000,-1,-1,-1,750.000,725.000,800.000,-1,-1,2,0,2,0,2,0,0,0,0,2,2,2,1,0,0,2,2
61,-849.527,-9619.591,-371.453,-37.255,0.794831,0.605270,0.043484,-0.602987,0.795819,-0.055493,-0.068194,0.017887,0.997512,0,0.64000,0.36540,38.400,0.731,-1,375.000,-1,400.000,-1,325.000,325.000,300.000,325.000,-1,-1,-1,725.000,700.000,800.000,-1,-1,2,0,2,0,2,0,0,0,0,2,2,2,1,0,0,2,2
62,-815.330,-9644.913,-374.400,-36.518,0.802563,0.594962,0.043751,-0.592579,0.803516,-0.056671,-0.068872,0.019556,0.997434,0,0.70920,0.36863,42.552,0.737,-1,375.000,-1,400.000,-1,325.000,325.000,300.000,325.000,-1,-1,-1,750.000,700.000,775.000,-1,-1,2,0,2,0,2,0,0,0,0,2,2,2,1,0,0,2,2
63,-780.847,-9669.758,-377.339,-35.773,0.810238,0.584446,0.044004,-0.581969,0.811155,-0.057789,-0.069468,0.021214,0.997359,0,0.70835,0.37242,42.501,0.745,-1,375.000,-1,400.000,-1,325.000,325.000,300.000,300.000,-1,-1,-1,750.000,700.000,775.000,-1,-1,2,0,2,0,2,0,0,0,0,2,2,2,1,0,0,2,2
64,-746.063,-9694.132,-380.253,-35.020,0.817863,0.573717,0.044158,-0.571148,0.818733,-0.058873,-0.069929,0.022929,0.997288,0,0.70790,0.37640,42.474,0.753,-1,375.000,-1,400.000,-1,325.000,325.000,300.000,300.000,-1,-1,-1,775.000,700.000,750.000,-1,-1,2,0,2,0,2,0,0,0,0,2,2,2,1,0,0,2,2
65,-710.962,-9718.039,-382.982,-34.259,0.825482,0.562757,0.043406,-0.560104,0.826233,-0.060178,-0.069730,0.025364,0.997243,0,0.70782,0.38057,42.469,0.761,-1,375.000,-1,400.000,-1,325.000,325.000,325.000,300.000,-1,-1,-1,775.000,675.000,750.000,-1,-1,2,0,2,0,2,0,0,0,0,2,2,2,1,0,0,2,2
66,-675.528,-9741.482,-385.703,-33.489,0.833039,0.551569,0.042631,-0.548839,0.833666,-0.061460,-0.069440,0.027800,0.997199,0,0.70811,0.38493,42.487,0.770,-1,375.000,-1,400.000,-1,300.000,325.000,325.000,300.000,-1,-1,-1,800.000,675.000,750.000,-1,-1,2,0,2,0,2,0,0,0,0,2,2,2,1,0,0,2,2
67,-639.746,-9764.462,-388.416,-32.710,0.840531,0.540147,0.041833,-0.537345,0.841027,-0.062719,-0.069060,0.030239,0.997154,0,0.70877,0.38945,42.526,0.779,-1,375.000,-1,400.000,-1,300.000,325.000,325.000,300.000,-1,-1,-1,825.000,675.000,725.000,-1,-1,2,0,2,0,2,0,0,0,0,2,2,2,1,0,0,2,2
68,-603.600,-9786.980,-391.122,-31.922,0.847952,0.528484,0.041010,-0.525616,0.848314,-0.063960,-0.068591,0.032679,0.997110,0,0.70978,0.39415,42.587,0.788,-1,375.000,-1,375.000,-1,300.000,325.000,325.000,300.000,-1,-1,-1,850.000,675.000,725.000,-1,-1,2,0,2,0,2,0,0,0,0,2,2,2,1,0,0,2,2
69,-567.073,-9809.034,-393.861,-31.124,0.855305,0.516572,0.040084,-0.513640,0.855517,-0.065309,-0.068030,0.035270,0.997060,0,0.71114,0.39901,42.668,0.798,-1,375.000,-1,375.000,-1,300.000,300.000,325.000,300.000,-1,-1,-1,900.000,675.000,725.000,-1,-1,2,0,2,0,2,0,0,0,0,2,2,2,1,0,0,2,2
70,-530.151,-9830.623,-396.613,-30.316,0.862583,0.504407,0.039054,-0.501417,0.862633,-0.066675,-0.067320,0.037930,0.997010,0,0.71284,0.40403,42.770,0.808,-1,375.000,-1,375.000,-1,300.000,300.000,325.000,300.000,-1,-1,-1,925.000,675.000,700.000,-1,-1,2,0,2,0,2,0,0,0,0,2,2,2,1,0,0,2,2
71,-488.849,-9854.225,-399.655,-29.748,0.867619,0.495781,0.037914,-0.492741,0.867507,-0.068099,-0.066653,0.040402,0.996958,0,0.79284,0.28403,47.570,0.568,-1,375.000,-1,375.000,-1,300.000,300.000,325.000,300.000,-1,-1,-1,950.000,650.000,700.000,-1,-1,2,0,2,0,2,0,0,0,0,2,2,2,1,0,0,2,2
72,-443.233,-9879.949,-402.661,-29.420,0.870520,0.490785,0.036392,-0.487814,0.870294,-0.068014,-0.065052,0.041455,0.997020,0,0.87284,0.16403,52.370,0.328,-1,375.000,-1,375.000,-1,300.000,300.000,325.000,300.000,-1,-1,-1,1000.000,650.000,700.000,-1,-1,2,0,2,0,2,0,0,0,0,2,2,2,1,0,0,2,2
73,-394.510,-9907.327,-405.898,-29.332,0.871350,0.489434,0.034700,-0.486555,0.871024,-0.067687,-0.063353,0.042096,0.997103,0,0.93146,0.04403,55.888,0.088,-1,375.000,-1,375.000,-1,300.000,300.000,325.000,300.000,-1,-1,-1,-1,650.000,700.000,-1,-1,2,0,2,0,2,0,0,0,0,2,2,2,2,0,0,2,2
74,-345.645,-9934.955,-409.318,-29.484,0.870118,0.491749,0.032828,-0.489024,0.869734,-0.066464,-0.061235,0.041778,0.997249,0,0.93559,-0.07597,56.135,-0.152,-1,375.000,-1,375.000,-1,300.000,300.000,300.000,300.000,-1,-1,-1,-1,650.000,700.000,-1,-1,2,0,2,0,2,0,0,0,0,2,2,2,2,0,0,2,2
75,-296.739,-9963.050,-412.754,-29.876,0.866799,0.497698,0.030932,-0.495125,0.866370,-0.065225,-0.059261,0.041222,0.997391,0,0.94003,-0.19597,56.402,-0.392,-1,375.000,-1,375.000,-1,300.000,300.000,300.000,325.000,-1,-1,-1,-1,650.000,700.000,-1,-1,2,0,2,0,2,0,0,0,0,2,2,2,2,0,0,2,2
76,-247.904,-9991.825,-416.215,-30.508,0.861316,0.507240,0.029023,-0.504814,0.860856,-0.063952,-0.057424,0.040431,0.997531,0,0.94470,-0.31597,56.682,-0.632,-1,375.000,-1,375.000,-1,300.000,325.000,300.000,325.000,-1,-1,600.000,-1,650.000,700.000,-1,-1,2,0,2,0,2,0,0,0,0,2,2,0,2,0,0,2,2
77,-199.265,-10021.491,-419.712,-31.380,0.853552,0.520302,0.027115,-0.518021,0.853072,-0.062628,-0.055716,0.039411,0.997669,0,0.94954,-0.43597,56.972,-0.872,-1,375.000,-1,375.000,-1,300.000,325.000,300.000,325.000,-1,550.000,500.000,-1,650.000,700.000,-1,-1,2,0,2,0,2,0,0,0,0,2,0,0,2,0,0,2,2
78,-150.960,-10052.254,-422.956,-32.492,0.843353,0.536760,0.025380,-0.534530,0.842817,-0.062751,-0.055073,0.039355,0.997706,0,0.95448,-0.55597,57.269,-1.112,-1,375.000,-1,375.000,-1,300.000,325.000,300.000,325.000,-1,550.000,500.000,-1,650.000,700.000,-1,-1,2,0,2,0,2,0,0,0,0,2,0,0,2,0,0,2,2
79,-103.147,-10084.315,-426.219,-33.844,0.830512,0.556499,0.023618,-0.554313,0.829923,-0.062970,-0.054644,0.039206,0.997736,0,0.95946,-0.67597,57.567,-1.352,-1,375.000,-1,375.000,-1,300.000,325.000,300.000,325.000,-1,550.000,525.000,-1,625.000,700.000,-1,-1,2,0,2,0,2,0,0,0,0,2,0,0,2,0,0,2,2
80,-55.938,-10117.775,-429.219,-35.327,0.815940,0.577781,0.020261,-0.575678,0.815200,-0.063593,-0.053260,0.040225,0.997770,0,0.96441,-0.74195,57.864,-1.484,-1,375.000,-1,375.000,-1,300.000,325.000,300.000,325.000,-1,550.000,500.000,-1,650.000,700.000,-1,-1,2,0,2,0,2,0,0,0,0,2,0,0,2,0,0,2,2
81,-9.580,-10152.466,-432.164,-36.809,0.800851,0.598638,0.016435,-0.596639,0.799939,-0.064181,-0.051568,0.041594,0.997803,0,0.96503,-0.74101,57.902,-1.482,-1,375.000,-1,375.000,-1,300.000,325.000,325.000,325.000,-1,550.000,475.000,-1,650.000,700.000,-1,-1,2,0,2,0,2,0,0,0,0,2,0,0,2,0,0,2,2
82,35.866,-10188.345,-435.169,-38.292,0.785218,0.619091,0.012594,-0.617208,0.784144,-0.064595,-0.049866,0.042948,0.997832,0,0.96503,-0.74101,57.902,-1.482,-1,375.000,-1,375.000,-1,300.000,325.000,325.000,300.000,-1,550.000,450.000,-1,650.000,700.000,-1,-1,2,0,2,0,2,0,0,0,0,2,0,0,2,0,0,2,2
83,80.368,-10225.388,-438.223,-39.774,0.769039,0.639136,0.009147,-0.637366,0.767836,-0.064756,-0.048411,0.043970,0.997859,0,0.96503,-0.74101,57.902,-1.482,-1,375.000,-1,375.000,-1,300.000,325.000,300.000,300.000,-1,550.000,450.000,-1,675.000,700.000,-1,-1,2,0,2,0,2,0,0,0,0,2,0,0,2,0,0,2,2
84,123.897,-10263.569,-441.043,-41.256,0.752301,0.658782,0.007020,-0.657084,0.751050,-0.064534,-0.047786,0.043937,0.997891,0,0.96503,-0.74101,57.902,-1.482,-1,375.000,-1,375.000,-1,300.000,325.000,300.000,300.000,-1,575.000,475.000,-1,675.000,700.000,-1,-1,2,0,2,0,2,0,0,0,0,2,0,0,2,0,0,2,2
85,166.424,-10302.864,-443.900,-42.738,0.735056,0.677989,0.004966,-0.676363,0.733763,-0.064228,-0.047190,0.043852,0.997923,0,0.96503,-0.74101,57.902,-1.482,-1,375.000,-1,375.000,-1,300.000,325.000,300.000,300.000,-1,600.000,500.000,-1,675.000,700.000,-1,-1,2,0,2,0,2,0,0,0,0,2,0,0,2,0,0,2,2
86,207.921,-10343.245,-446.792,-44.220,0.717314,0.696743,0.002992,-0.695188,0.715987,-0.063846,-0.046626,0.043717,0.997955,0,0.96503,-0.74101,57.902,-1.482,-1,375.000,-1,375.000,-1,300.000,325.000,300.000,300.000,-1,625.000,525.000,-1,675.000,700.000,-1,-1,2,0,2,0,2,0,0,0,0,2,0,0,2,0,0,2,2
87,248.359,-10384.686,-449.717,-45.702,0.699089,0.715034,0.001100,-0.713547,0.697733,-0.063394,-0.046097,0.043533,0.997988,0,0.96503,-0.74101,57.902,-1.482,-1,375.000,-1,375.000,-1,300.000,325.000,300.000,300.000,-1,675.000,550.000,-1,675.000,700.000,-1,-1,2,0,2,0,2,0,0,0,0,2,0,0,2,0,0,2,2
88,287.712,-10427.159,-452.629,-47.184,0.680387,0.732853,-0.000676,-0.731440,0.679018,-0.062685,-0.045480,0.043144,0.998033,0,0.96503,-0.74101,57.902,-1.482,-1,375.000,-1,375.000,-1,300.000,300.000,300.000,300.000,-1,700.000,575.000,-1,675.000,700.000,-1,-1,2,0,2,0,2,0,0,0,0,2,0,0,2,0,0,2,2
89,325.953,-10470.636,-455.242,-48.666,0.661183,0.750222,-0.002079,-0.748937,0.659883,-0.060387,-0.043932,0.041484,0.998173,0,0.96503,-0.74101,57.902,-1.482,-1,375.000,-1,375.000,-1,300.000,325.000,300.000,300.000,-1,650.000,550.000,-1,675.000,700.000,-1,-1,2,0,2,0,2,0,0,0,0,2,0,0,2,0,0,2,2
90,363.057,-10515.087,-457.585,-50.148,0.641577,0.767050,-0.003636,-0.765827,0.640270,-0.059695,-0.043461,0.041084,0.998210,0,0.96503,-0.74101,57.902,-1.482,-1,375.000,-1,375.000,-1,300.000,325.000,300.000,300.000,-1,675.000,550.000,-1,650.000,700.000,-1,-1,2,0,2,0,2,0,0,0,0,2,0,0,2,0,0,2,2
91,398.999,-10560.483,-459.888,-51.630,0.621552,0.783356,-0.005204,-0.782174,0.620219,-0.059431,-0.043328,0.041010,0.998219,0,0.96503,-0.74101,57.902,-1.482,-1,375.000,-1,375.000,-1,300.000,325.000,300.000,300.000,-1,700.000,600.000,-1,650.000,700.000,-1,-1,2,0,2,0,2,0,0,0,0,2,0,0,2,0,0,2,2
92,433.754,-10606.794,-462.265,-53.112,0.601106,0.799142,-0.006668,-0.798003,0.599757,-0.059016,-0.043163,0.040796,0.998235,0,0.96503,-0.74101,57.902,-1.482,-1,375.000,-1,375.000,-1,300.000,300.000,300.000,300.000,-1,750.000,625.000,-1,650.000,700.000,-1,-1,2,0,2,0,2,0,0,0,0,2,0,0,2,0,0,2,2
93,467.301,-10653.987,-464.727,-54.594,0.580250,0.814399,-0.007999,-0.813307,0.578898,-0.058396,-0.042927,0.040390,0.998261,0,0.96503,-0.74101,57.902,-1.482,-1,375.000,-1,375.000,-1,300.000,300.000,300.000,300.000,-1,775.000,650.000,-1,650.000,675.000,-1,-1,2,0,2,0,2,0,0,0,0,2,0,0,2,0,0,2,2
94,497.121,-10697.925,-467.025,-55.836,0.562469,0.826768,-0.009135,-0.825719,0.561117,-0.057758,-0.042627,0.040030,0.998289,0,0.88503,-0.62101,53.102,-1.242,-1,375.000,-1,375.000,-1,300.000,300.000,300.000,300.000,-1,800.000,650.000,-1,650.000,675.000,-1,-1,2,0,2,0,2,0,0,0,0,2,0,0,2,0,0,2,2
95,523.542,-10738.360,-469.026,-56.838,0.547942,0.836448,-0.010709,-0.835467,0.546569,-0.057068,-0.041882,0.040217,0.998313,0,0.80503,-0.50101,48.302,-1.002,-1,375.000,-1,375.000,-1,325.000,325.000,300.000,300.000,-1,800.000,650.000,-1,650.000,675.000,-1,-1,2,0,2,0,2,0,0,0,0,2,0,0,2,0,0,2,2
96,546.852,-10775.089,-470.827,-57.600,0.536783,0.843633,-0.012160,-0.842721,0.535390,-0.056384,-0.041057,0.040514,0.998335,0,0.72503,-0.38101,43.502,-0.762,-1,375.000,-1,375.000,-1,325.000,325.000,300.000,300.000,-1,800.000,650.000,-1,650.000,675.000,-1,-1,2,0,2,0,2,0,0,0,0,2,0,0,2,0,0,2,2
97,567.291,-10807.953,-472.441,-58.122,0.529083,0.848464,-0.013395,-0.847616,0.527674,-0.055739,-0.040225,0.040844,0.998356,0,0.64503,-0.26101,38.702,-0.522,-1,375.000,-1,375.000,-1,325.000,325.000,300.000,300.000,-1,775.000,650.000,-1,650.000,675.000,-1,-1,2,0,2,0,2,0,0,0,0,2,0,0,2,0,0,2,2
98,585.053,-10836.829,-473.849,-58.404,0.524907,0.851036,-0.014488,-0.850250,0.523483,-0.055147,-0.039347,0.041265,0.998373,0,0.56503,-0.14101,33.902,-0.282,1000.000,375.000,-1,375.000,-1,325.000,325.000,300.000,300.000,-1,775.000,625.000,-1,650.000,650.000,1000.000,-1,0,0,2,0,2,0,0,0,0,2,0,0,2,0,0,1,2
99,600.388,-10861.800,-474.958,-58.446,0.524294,0.851387,-0.015965,-0.850684,0.522838,-0.054554,-0.038100,0.042183,0.998383,0,0.48839,-0.02101,29.304,-0.042,1000.000,375.000,-1,375.000,-1,325.000,325.000,300.000,300.000,-1,750.000,600.000,-1,650.000,650.000,975.000,-1,0,0,2,0,2,0,0,0,0,2,0,0,2,0,0,1,2
100,615.915,-10886.887,-476.056,-58.248,0.527242,0.849535,-0.017492,-0.848925,0.525752,-0.053953,-0.036638,0.043296,0.998390,0,0.49171,0.09899,29.503,0.198,1000.000,375.000,-1,375.000,-1,325.000,325.000,300.000,300.000,-1,725.000,575.000,-1,650.000,650.000,975.000,-1,0,0,2,0,2,0,0,0,0,2,0,0,2,0,0,1,2
101,631.739,-10912.023,-477.140,-57.810,0.533725,0.845443,-0.019084,-0.844935,0.532200,-0.053363,-0.034959,0.044606,0.998393,0,0.49505,0.21899,29.703,0.438,1000.000,375.000,-1,375.000,-1,325.000,325.000,300.000,300.000,-1,700.000,550.000,-1,625.000,650.000,950.000,-1,0,0,2,0,2,0,0,0,0,2,0,0,2,0,0,1,2
102,647.887,-10937.196,-478.210,-57.322,0.540900,0.840831,-0.020739,-0.840431,0.539341,-0.052799,-0.033209,0.045988,0.998390,0,0.49845,0.24376,29.907,0.488,-1,375.000,-1,375.000,-1,325.000,325.000,300.000,300.000,-1,650.000,550.000,-1,625.000,650.000,925.000,-1,2,0,2,0,2,0,0,0,0,2,0,0,2,0,0,1,2
103,664.362,-10962.402,-479.243,-56.832,0.548070,0.836134,-0.022345,-0.835839,0.546480,-0.052271,-0.031494,0.047325,0.998383,0,0.50188,0.24508,30.113,0.490,-1,375.000,-1,375.000,-1,325.000,325.000,300.000,300.000,-1,650.000,525.000,-1,625.000,650.000,900.000,-1,2,0,2,0,2,0,0,0,0,2,0,0,2,0,0,1,2
104,681.168,-10987.638,-480.171,-56.339,0.555231,0.831362,-0.023586,-0.831155,0.553623,-0.051807,-0.030013,0.048369,0.998379,0,0.50535,0.24638,30.321,0.493,1000.000,375.000,-1,375.000,-1,325.000,325.000,300.000,300.000,-1,625.000,525.000,-1,625.000,650.000,875.000,-1,1,0,2,0,2,0,0,0,0,2,0,0,2,0,0,1,2
105,701.008,-11016.619,-481.215,-55.607,0.565802,0.824158,-0.025112,-0.824061,0.564172,-0.051321,-0.028129,0.049731,0.998366,0,0.58535,0.36638,35.121,0.733,975.000,375.000,-1,375.000,-1,325.000,325.000,300.000,300.000,-1,625.000,500.000,-1,625.000,650.000,850.000,-1,1,0,2,0,2,0,0,0,0,2,0,0,2,0,0,1,2
106,724.097,-11049.184,-482.277,-54.664,0.579261,0.814709,-0.026572,-0.814725,0.577613,-0.050863,-0.026090,0.051112,0.998352,0,0.66535,0.47131,39.921,0.943,950.000,375.000,-1,375.000,1000.000,300.000,325.000,300.000,300.000,-1,600.000,500.000,-1,625.000,625.000,825.000,1000.000,1,0,2,0,0,0,0,0,0,2,0,0,2,0,0,1,0
107,750.561,-11085.234,-483.188,-53.719,0.592574,0.805038,-0.027755,-0.805169,0.590956,-0.049738,-0.023639,0.051821,0.998377,0,0.74535,0.47273,44.721,0.945,925.000,375.000,-1,375.000,975.000,300.000,300.000,300.000,300.000,-1,600.000,525.000,-1,600.000,625.000,800.000,975.000,1,0,2,0,0,0,0,0,0,2,0,0,2,0,0,1,0
108,780.522,-11124.663,-483.856,-52.770,0.605720,0.795153,-0.028909,-0.795425,0.604210,-0.047229,-0.020087,0.051603,0.998466,0,0.82535,0.47430,49.521,0.949,900.000,375.000,-1,375.000,975.000,300.000,300.000,300.000,300.000,-1,600.000,500.000,-1,600.000,625.000,775.000,950.000,1,0,2,0,0,0,0,0,0,2,0,0,2,0,0,1,0
109,814.101,-11167.361,-484.511,-51.818,0.618733,0.785012,-0.030408,-0.785435,0.617345,-0.044463,-0.016131,0.051394,0.998548,0,0.90535,0.47602,54.321,0.952,850.000,350.000,-1,375.000,975.000,300.000,300.000,300.000,300.000,-1,575.000,500.000,-1,600.000,625.000,725.000,950.000,1,0,2,0,0,0,0,0,0,2,0,0,2,0,0,1,0
110,849.482,-11210.838,-485.102,-50.862,0.631617,0.774611,-0.032206,-0.775189,0.630358,-0.041610,-0.011930,0.051248,0.998615,0,0.93423,0.47789,56.054,0.956,800.000,350.000,-1,350.000,975.000,300.000,300.000,300.000,300.000,-1,500.000,500.000,-1,600.000,625.000,675.000,925.000,1,0,2,0,0,0,0,0,0,2,0,0,2,0,0,1,0
111,885.848,-11254.026,-485.573,-49.903,0.644370,0.763943,-0.034314,-0.764675,0.643238,-0.038945,-0.007680,0.051334,0.998652,0,0.94100,0.47975,56.460,0.960,750.000,350.000,-1,350.000,950.000,300.000,300.000,300.000,300.000,-1,450.000,475.000,-1,600.000,600.000,650.000,900.000,1,0,2,0,0,0,0,0,0,2,0,0,2,1,0,1,0
112,923.204,-11296.907,-485.871,-48.940,0.656989,0.753003,-0.036774,-0.753892,0.655970,-0.036745,-0.003547,0.051865,0.998648,0,0.94786,0.48155,56.871,0.963,700.000,350.000,1000.000,350.000,925.000,300.000,300.000,300.000,300.000,-1,425.000,450.000,-1,575.000,600.000,600.000,875.000,1,0,1,0,0,0,0,0,0,2,0,0,2,1,0,1,0
113,961.558,-11339.462,-485.912,-47.973,0.669430,0.741832,-0.039355,-0.742874,0.668581,-0.033735,0.001287,0.051819,0.998656,0,0.95480,0.48329,57.288,0.967,675.000,350.000,925.000,350.000,900.000,300.000,300.000,300.000,300.000,-1,400.000,400.000,-1,525.000,600.000,575.000,850.000,1,0,1,0,0,0,0,0,0,2,0,0,2,1,0,1,0
114,1000.913,-11381.670,-485.439,-47.003,0.681660,0.730466,-0.041928,-0.731629,0.681097,-0.028714,0.007582,0.050250,0.998708,0,0.96182,0.48497,57.709,0.970,625.000,350.000,850.000,350.000,900.000,300.000,300.000,300.000,300.000,-1,350.000,350.000,-1,500.000,600.000,525.000,875.000,1,0,1,0,0,0,0,0,0,2,0,0,2,1,0,1,0
115,1041.275,-11423.510,-484.644,-46.030,0.693744,0.718814,-0.045012,-0.720099,0.693426,-0.024869,0.013336,0.049666,0.998677,0,0.96893,0.48659,58.136,0.973,575.000,350.000,775.000,350.000,925.000,300.000,300.000,300.000,300.000,-1,325.000,300.000,-1,475.000,600.000,475.000,900.000,1,0,1,0,0,0,0,0,0,2,0,0,2,1,0,1,0
116,1082.651,-11464.961,-483.483,-45.054,0.705603,0.706874,-0.049536,-0.708332,0.705553,-0.021481,0.019766,0.050245,0.998541,0,0.97612,0.48816,58.567,0.976,525.000,350.000,725.000,350.000,925.000,300.000,300.000,300.000,300.000,-1,300.000,275.000,-1,450.000,600.000,450.000,900.000,1,1,1,0,0,0,0,0,0,2,0,0,2,1,0,1,0
117,1125.042,-11506.002,-482.139,-44.074,0.717243,0.694676,-0.054663,-0.696321,0.717495,-0.018381,0.026451,0.051246,0.998336,0,0.98339,0.48968,59.003,0.979,475.000,325.000,650.000,350.000,925.000,300.000,300.000,300.000,300.000,-1,275.000,250.000,-1,425.000,600.000,400.000,925.000,1,1,1,0,0,0,0,0,0,2,0,0,2,1,0,1,0
118,1168.452,-11546.612,-480.365,-43.092,0.728751,0.682274,-0.058523,-0.684021,0.729301,-0.015334,0.032219,0.051206,0.998168,0,0.99073,0.49117,59.444,0.982,425.000,300.000,575.000,375.000,950.000,300.000,300.000,300.000,300.000,-1,275.000,250.000,-1,375.000,600.000,350.000,925.000,1,1,1,0,0,1,0,0,0,2,0,0,2,1,0,1,1
119,1212.884,-11586.768,-478.243,-42.107,0.740118,0.669659,-0.061506,-0.671442,0.740955,-0.012339,0.037310,0.050431,0.998030,0,0.99815,0.49264,59.889,0.985,375.000,275.000,525.000,375.000,1000.000,275.000,300.000,300.000,300.000,-1,275.000,275.000,-1,350.000,575.000,300.000,875.000,1,1,1,0,0,1,0,0,0,2,0,0,2,1,1,1,1
120,1258.089,-11626.221,-474.290,-41.118,0.750699,0.656560,-0.073358,-0.658909,0.752140,-0.011141,0.047861,0.056699,0.997243,0,1.00000,0.49409,60.000,0.988,325.000,250.000,450.000,375.000,-1,250.000,300.000,325.000,300.000,-1,275.000,275.000,-1,325.000,525.000,275.000,-1,1,1,1,0,2,1,1,0,0,2,0,0,2,1,1,1,2
121,1303.974,-11664.883,-469.362,-40.127,0.760558,0.643061,-0.089574,-0.646394,0.762920,-0.011335,0.061048,0.066521,0.995916,0,1.00000,0.49552,60.000,0.991,325.000,225.000,425.000,350.000,-1,225.000,275.000,350.000,300.000,-1,275.000,250.000,925.000,300.000,475.000,275.000,-1,1,1,1,1,2,1,1,0,0,2,0,0,0,1,1,1,2
122,1350.527,-11702.739,-463.641,-39.133,0.769586,0.629149,-0.109127,-0.633976,0.773244,-0.012953,0.076232,0.079153,0.993943,0,1.00000,0.49694,60.000,0.994,300.000,225.000,375.000,325.000,-1,200.000,250.000,375.000,300.000,-1,275.000,225.000,800.000,275.000,450.000,250.000,-1,1,1,1,1,2,1,1,0,0,2,0,0,0,1,1,1,2
123,1397.736,-11739.775,-457.001,-38.137,0.777692,0.614805,-0.131186,-0.621745,0.783056,-0.016004,0.092886,0.094010,0.991229,0,1.00000,0.49838,60.000,0.997,275.000,200.000,325.000,275.000,-1,175.000,225.000,425.000,275.000,-1,250.000,200.000,650.000,250.000,400.000,225.000,-1,1,1,1,1,2,1,1,0,0,2,0,0,0,1,1,1,2
124,1445.664,-11775.876,-448.814,-37.014,0.786242,0.598478,-0.153780,-0.607887,0.793804,-0.018678,0.110893,0.108167,0.987928,0,1.00000,0.56138,60.000,1.123,275.000,175.000,300.000,250.000,-1,175.000,200.000,475.000,275.000,-1,225.000,150.000,525.000,225.000,375.000,200.000,-1,1,1,1,1,2,1,1,0,0,2,0,0,0,1,1,1,2
125,1639.755,5575.418,-160.453,94.753,-0.081624,-0.990746,0.108440,0.996599,-0.082370,-0.002415,0.011325,0.107874,0.994100,1,0.00000,0.00000,60.000,1.125,600.000,400.000,475.000,375.000,675.000,325.000,325.000,300.000,300.000,-1,-1,-1,-1,450.000,425.000,525.000,500.000,1,1,1,1,1,0,0,0,0,2,2,2,2,1,1,1,1
126,1639.337,5580.199,-160.398,94.993,-0.085747,-0.990384,0.108568,0.996247,-0.086519,-0.002412,0.011782,0.107954,0.994086,0,0.08000,0.12000,4.800,0.240,575.000,400.000,475.000,375.000,650.000,325.000,325.000,300.000,300.000,-1,-1,-1,-1,450.000,425.000,525.000,500.000,1,1,1,1,1,0,0,0,0,2,2,2,2,1,1,1,1
127,1638.421,5589.755,-160.280,95.473,-0.093988,-0.989608,0.108826,0.995492,-0.094811,-0.002405,0.012698,0.108110,0.994058,0,0.16000,0.24000,9.600,0.480,575.000,400.000,450.000,375.000,600.000,325.000,325.000,300.000,300.000,-1,-1,-1,-1,450.000,425.000,500.000,475.000,1,1,1,1,1,0,0,0,0,2,2,2,2,1,1,1,1
128,1636.867,5604.070,-160.084,96.193,-0.106336,-0.988314,0.109221,0.994231,-0.107237,-0.002391,0.014076,0.108336,0.994015,0,0.24000,0.36000,14.400,0.720,575.000,375.000,450.000,350.000,550.000,325.000,325.000,300.000,300.000,-1,-1,-1,-1,425.000,400.000,500.000,450.000,1,1,1,1,1,0,0,0,0,2,2,2,2,1,1,1,1
129,1634.475,5623.119,-159.790,97.153,-0.122771,-0.986347,0.109759,0.992307,-0.123776,-0.002368,0.015921,0.108624,0.993955,0,0.32000,0.48000,19.200,0.960,575.000,375.000,425.000,350.000,500.000,325.000,325.000,300.000,300.000,-1,-1,-1,-1,425.000,375.000,500.000,425.000,1,1,1,1,1,0,1,0,0,2,2,2,2,1,1,1,1
130,1630.988,5646.863,-159.371,98.353,-0.143263,-0.983502,0.110451,0.989517,-0.144400,-0.002326,0.018236,0.108960,0.993879,0,0.40000,0.60000,24.000,1.200,550.000,350.000,400.000,325.000,450.000,325.000,300.000,300.000,300.000,-1,-1,-1,-1,400.000,350.000,475.000,400.000,1,1,1,1,1,1,1,0,0,2,2,2,2,1,1,1,1
131,1626.129,5675.248,-158.798,99.712,-0.166393,-0.979758,0.111299,0.985839,-0.167681,-0.002252,0.020869,0.109348,0.993784,0,0.48000,0.67960,28.800,1.359,525.000,350.000,375.000,300.000,400.000,300.000,275.000,300.000,300.000,-1,-1,975.000,-1,375.000,325.000,450.000,350.000,1,1,1,1,1,1,1,0,0,2,2,0,2,1,1,1,1
