timestep,x_cm,y_cm,z_cm,yaw_deg,basis_xx,basis_xy,basis_xz,basis_yx,basis_yy,basis_yz,basis_zx,basis_zy,basis_zz,teleport_flag,throttle_cmd,steering_cmd,cmd_move_cm,cmd_turn_deg,lidar_cm_0,lidar_cm_1,lidar_cm_2,lidar_cm_3,lidar_cm_4,lidar_cm_5,lidar_cm_6,lidar_cm_7,lidar_cm_8,lidar_cm_9,lidar_cm_10,lidar_cm_11,lidar_cm_12,lidar_cm_13,lidar_cm_14,lidar_cm_15,lidar_cm_16,lidar_class_0,lidar_class_1,lidar_class_2,lidar_class_3,lidar_class_4,lidar_class_5,lidar_class_6,lidar_class_7,lidar_class_8,lidar_class_9,lidar_class_10,lidar_class_11,lidar_class_12,lidar_class_13,lidar_class_14,lidar_class_15,lidar_class_16
0,-3602.865,-3608.250,152.493,-7.587,0.989905,0.131953,0.051726,-0.133499,0.990663,0.027651,-0.047595,-0.034277,0.998278,1,0.08000,0.12000,4.800,0.240,-1,375.000,-1,400.000,-1,300.000,325.000,300.000,325.000,-1,750.000,625.000,-1,675.000,700.000,-1,-1,2,0,2,0,2,0,0,0,0,2,0,0,2,0,0,2,2
1,-3593.339,-3609.444,152.036,-7.144,0.990914,0.124288,0.051397,-0.125813,0.991670,0.027582,-0.047541,-0.033798,0.998297,0,0.16000,0.22161,9.600,0.443,-1,375.000,-1,400.000,-1,300.000,325.000,300.000,325.000,-1,725.000,625.000,-1,675.000,700.000,-1,-1,2,0,2,0,2,0,0,0,0,2,0,0,2,0,0,2,2
2,-3579.038,-3611.124,151.342,-6.699,0.991875,0.116586,0.050900,-0.118083,0.992624,0.027470,-0.047322,-0.033257,0.998326,0,0.24000,0.22246,14.400,0.445,-1,375.000,-1,400.000,-1,300.000,325.000,300.000,325.000,-1,725.000,600.000,-1,675.000,700.000,-1,-1,2,0,2,0,2,0,0,0,0,2,0,0,2,0,0,2,2
3,-3559.952,-3613.215,150.408,-6.251,0.992790,0.108833,0.050234,-0.110295,0.993524,0.027310,-0.046937,-0.032653,0.998364,0,0.32000,0.22373,19.200,0.447,-1,375.000,-1,375.000,-1,300.000,325.000,300.000,325.000,-1,700.000,600.000,-1,675.000,700.000,-1,-1,2,0,2,0,2,0,0,0,0,2,0,0,2,0,0,2,2
4,-3536.075,-3615.641,149.232,-5.801,0.993658,0.101014,0.049397,-0.102433,0.994371,0.027098,-0.046382,-0.031986,0.998412,0,0.40000,0.22542,24.000,0.451,-1,375.000,-1,375.000,-1,300.000,325.000,300.000,325.000,-1,675.000,575.000,-1,675.000,700.000,-1,-1,2,0,2,0,2,0,0,0,0,2,0,0,2,0,0,2,2
5,-3507.401,-3618.324,147.810,-5.345,0.994479,0.093114,0.048387,-0.094484,0.995165,0.026831,-0.045654,-0.031254,0.998468,0,0.48000,0.22755,28.800,0.455,-1,375.000,-1,375.000,-1,300.000,325.000,300.000,325.000,-1,650.000,575.000,-1,675.000,700.000,-1,-1,2,0,2,0,2,0,0,0,0,2,0,0,2,0,0,2,2
6,-3473.923,-3621.186,146.138,-4.885,0.995252,0.085121,0.047202,-0.086433,0.995905,0.026504,-0.044752,-0.030458,0.998534,0,0.56000,0.23010,33.600,0.460,-1,375.000,-1,375.000,-1,300.000,325.000,300.000,325.000,-1,625.000,550.000,-1,675.000,700.000,-1,-1,2,0,2,0,2,0,0,0,0,2,0,0,2,0,0,2,2
7,-3435.637,-3624.145,144.215,-4.419,0.995975,0.077017,0.045840,-0.078267,0.996590,0.026113,-0.043673,-0.029596,0.998607,0,0.64000,0.23307,38.400,0.466,-1,375.000,-1,375.000,-1,300.000,300.000,300.000,325.000,-1,600.000,525.000,-1,675.000,700.000,-1,-1,2,0,2,0,2,0,0,0,0,2,0,0,2,0,0,2,2
8,-3392.540,-3627.119,142.036,-3.946,0.996647,0.068790,0.044301,-0.069970,0.997219,0.025654,-0.042413,-0.028668,0.998689,0,0.72000,0.23648,43.200,0.473,-1,375.000,-1,375.000,-1,300.000,300.000,300.000,325.000,-1,575.000,500.000,-1,675.000,700.000,-1,-1,2,0,2,0,2,0,0,0,0,2,0,0,2,0,0,2,2
9,-3344.628,-3630.020,139.599,-3.464,0.997265,0.060404,0.042582,-0.061508,0.997790,0.025122,-0.040970,-0.027672,0.998777,0,0.80000,0.24091,48.000,0.482,-1,375.000,-1,375.000,-1,300.000,300.000,300.000,300.000,-1,525.000,450.000,-1,675.000,675.000,-1,-1,2,0,2,0,2,0,0,0,0,2,0,0,2,0,0,2,2
10,-3291.900,-3632.771,136.954,-2.986,0.997808,0.052074,0.040843,-0.053093,0.998294,0.024290,-0.039509,-0.026405,0.998870,0,0.88000,0.23916,52.800,0.478,-1,375.000,-1,375.000,-1,300.000,300.000,300.000,300.000,-1,475.000,425.000,-1,675.000,675.000,-1,-1,2,0,2,0,2,0,0,0,0,2,0,0,2,0,0,2,2
11,-3237.160,-3635.173,135.173,-2.512,0.998281,0.043811,0.038941,-0.044731,0.998733,0.023075,-0.037881,-0.024777,0.998975,0,0.91322,0.23713,54.793,0.474,-1,375.000,-1,375.000,-1,300.000,300.000,300.000,300.000,-1,475.000,425.000,-1,675.000,675.000,-1,-1,2,0,2,0,2,0,0,0,0,2,0,0,2,0,0,2,2
12,-3182.253,-3637.131,133.699,-2.042,0.998689,0.035621,0.036765,-0.036480,0.999070,0.022975,-0.035913,-0.024286,0.999060,0,0.91570,0.23490,54.942,0.470,-1,375.000,-1,375.000,-1,300.000,300.000,300.000,300.000,-1,500.000,425.000,-1,675.000,675.000,-1,-1,2,0,2,0,2,0,0,0,0,2,0,0,2,0,0,2,2
13,-3127.191,-3638.647,132.208,-1.577,0.999023,0.027510,0.034576,-0.028310,0.999338,0.022844,-0.033925,-0.023800,0.999141,0,0.91804,0.23253,55.082,0.465,-1,375.000,-1,375.000,-1,300.000,300.000,325.000,325.000,-1,500.000,450.000,-1,675.000,700.000,-1,-1,2,0,2,0,2,0,0,0,0,2,0,0,2,0,0,2,2
14,-3071.988,-3639.723,130.701,-1.117,0.999286,0.019485,0.032376,-0.020225,0.999538,0.022680,-0.031919,-0.023319,0.999218,0,0.92023,0.23004,55.214,0.460,-1,375.000,-1,375.000,-1,300.000,300.000,325.000,325.000,-1,500.000,450.000,-1,675.000,700.000,-1,-1,2,0,2,0,2,0,0,0,0,2,0,0,2,0,0,2,2
15,-3016.657,-3640.363,129.179,-0.662,0.999478,0.011551,0.030166,-0.012232,0.999672,0.022484,-0.029896,-0.022841,0.999292,0,0.92225,0.22740,55.335,0.455,-1,375.000,-1,375.000,-1,300.000,300.000,325.000,325.000,-1,500.000,475.000,-1,675.000,700.000,-1,-1,2,0,2,0,2,0,0,0,0,2,0,0,2,0,0,2,2
16,-2961.212,-3640.569,127.642,-0.213,0.999603,0.003712,0.027947,-0.004335,0.999743,0.022255,-0.027857,-0.022368,0.999362,0,0.92410,0.22463,55.446,0.449,-1,375.000,-1,375.000,-1,300.000,300.000,325.000,325.000,-1,500.000,475.000,-1,700.000,700.000,-1,-1,2,0,2,0,2,0,0,0,0,2,0,0,2,0,0,2,2
17,-2905.667,-3640.346,126.092,0.231,0.999661,-0.004025,0.025722,0.003460,0.999752,0.021994,-0.025804,-0.021898,0.999427,0,0.92575,0.22172,55.545,0.443,-1,375.000,-1,375.000,-1,300.000,325.000,325.000,325.000,-1,500.000,475.000,-1,700.000,700.000,-1,-1,2,0,2,0,2,0,0,0,0,2,0,0,2,0,0,2,2
18,-2850.039,-3639.697,124.529,0.668,0.999656,-0.011657,0.023492,0.011147,0.999702,0.021700,-0.023738,-0.021431,0.999488,0,0.92721,0.21868,55.632,0.437,-1,375.000,-1,375.000,-1,325.000,325.000,325.000,325.000,-1,500.000,500.000,-1,700.000,700.000,-1,-1,2,0,2,0,2,0,0,0,0,2,0,0,2,0,0,2,2
19,-2794.343,-3638.629,122.954,1.099,0.999590,-0.019177,0.021260,0.018722,0.999596,0.021374,-0.021661,-0.020967,0.999545,0,0.92844,0.21550,55.707,0.431,-1,375.000,-1,375.000,-1,325.000,325.000,300.000,325.000,-1,500.000,475.000,-1,700.000,700.000,-1,-1,2,0,2,0,2,0,0,0,0,2,0,0,2,0,0,2,2
20,-2738.595,-3637.147,121.369,1.523,0.999466,-0.026580,0.019026,0.026179,0.999436,0.021016,-0.019574,-0.020506,0.999598,0,0.92945,0.21219,55.767,0.424,-1,375.000,-1,375.000,-1,325.000,325.000,300.000,300.000,-1,450.000,425.000,-1,700.000,725.000,-1,-1,2,0,2,0,2,0,0,0,0,2,0,0,2,0,0,2,2
21,-2683.836,-3635.514,119.809,1.708,0.999414,-0.029796,0.016832,0.029446,0.999352,0.020680,-0.017437,-0.020172,0.999644,0,0.91306,0.09219,54.783,0.184,-1,375.000,-1,375.000,-1,325.000,325.000,300.000,300.000,-1,400.000,400.000,-1,700.000,725.000,-1,-1,2,0,2,0,2,0,0,0,0,2,0,0,2,0,0,2,2
22,-2629.037,-3633.934,118.322,1.652,0.999474,-0.028826,0.014840,0.028517,0.999380,0.020659,-0.015427,-0.020225,0.999676,0,0.91370,-0.02781,54.822,-0.056,-1,375.000,-1,375.000,-1,325.000,325.000,300.000,300.000,-1,375.000,375.000,-1,725.000,725.000,-1,-1,2,0,2,0,2,0,0,0,0,2,0,0,2,0,0,2,2
23,-2574.196,-3632.635,117.705,1.357,0.999622,-0.023670,0.013964,0.023377,0.999511,0.020768,-0.014449,-0.020433,0.999687,0,0.91427,-0.14781,54.856,-0.296,-1,375.000,-1,375.000,-1,325.000,325.000,300.000,300.000,-1,425.000,425.000,-1,725.000,725.000,-1,-1,2,0,2,0,2,0,0,0,0,2,0,0,2,0,0,2,2
24,-2519.314,-3631.849,117.176,0.821,0.999813,-0.014325,0.013028,0.014055,0.999689,0.020581,-0.013319,-0.020394,0.999703,0,0.91480,-0.26781,54.888,-0.536,-1,375.000,-1,375.000,-1,325.000,325.000,300.000,300.000,-1,450.000,450.000,-1,725.000,725.000,-1,-1,2,0,2,0,2,0,0,0,0,2,0,0,2,0,0,2,2
25,-2464.394,-3631.805,116.661,0.045,0.999927,-0.000791,0.012090,0.000544,0.999792,0.020400,-0.012104,-0.020392,0.999719,0,0.91533,-0.38781,54.920,-0.776,-1,375.000,-1,375.000,-1,325.000,325.000,300.000,300.000,-1,500.000,475.000,-1,725.000,725.000,-1,-1,2,0,2,0,2,0,0,0,0,2,0,0,2,0,0,2,2
26,-2409.449,-3632.736,116.165,-0.970,0.999794,0.016930,0.011153,-0.017153,0.999648,0.020237,-0.010806,-0.020424,0.999733,0,0.91588,-0.50781,54.953,-1.016,-1,375.000,-1,375.000,-1,325.000,325.000,300.000,300.000,-1,525.000,525.000,-1,725.000,750.000,-1,-1,2,0,2,0,2,0,0,0,0,2,0,0,2,0,0,2,2
27,-2354.501,-3634.872,115.691,-2.226,0.999194,0.038831,0.010220,-0.039031,0.999036,0.020104,-0.009429,-0.020487,0.999746,0,0.91649,-0.62781,54.989,-1.256,-1,375.000,-1,400.000,-1,325.000,325.000,300.000,300.000,-1,575.000,550.000,-1,725.000,750.000,-1,-1,2,0,2,0,2,0,0,0,0,2,0,0,2,0,0,2,2
28,-2299.586,-3638.444,115.241,-3.722,0.997849,0.064893,0.009295,-0.065069,0.997680,0.020016,-0.007974,-0.020578,0.999756,0,0.91718,-0.74781,55.031,-1.496,-1,375.000,-1,400.000,-1,325.000,325.000,300.000,300.000,-1,600.000,575.000,-1,725.000,750.000,-1,-1,2,0,2,0,2,0,0,0,0,2,0,0,2,0,0,2,2
29,-2244.750,-3643.624,114.820,-5.397,0.995533,0.094038,0.008385,-0.094189,0.995354,0.019984,-0.006467,-0.020684,0.999765,0,0.91799,-0.83779,55.080,-1.676,-1,375.000,-1,400.000,-1,325.000,325.000,300.000,300.000,-1,650.000,600.000,-1,725.000,750.000,-1,-1,2,0,2,0,2,0,0,0,0,2,0,0,2,0,0,2,2
30,-2190.037,-3650.417,114.427,-7.077,0.992356,0.123184,0.007497,-0.123312,0.992166,0.020008,-0.004974,-0.020779,0.999772,0,0.91889,-0.84017,55.134,-1.680,-1,375.000,-1,400.000,-1,325.000,325.000,300.000,300.000,-1,675.000,625.000,-1,725.000,775.000,-1,-1,2,0,2,0,2,0,0,0,0,2,0,0,2,0,0,2,2
31,-2135.497,-3658.824,114.060,-8.763,0.988311,0.152308,0.006635,-0.152412,0.988113,0.020092,-0.003496,-0.020868,0.999776,0,0.91974,-0.84259,55.184,-1.685,-1,375.000,-1,400.000,-1,325.000,325.000,300.000,300.000,-1,725.000,675.000,-1,725.000,775.000,-1,-1,2,0,2,0,2,0,0,0,0,2,0,0,2,0,0,2,2
32,-2081.182,-3668.845,113.721,-10.453,0.983395,0.181384,0.005805,-0.181466,0.983189,0.020237,-0.002036,-0.020955,0.999778,0,0.92052,-0.84506,55.231,-1.690,-1,375.000,-1,400.000,-1,325.000,325.000,300.000,300.000,-1,750.000,700.000,-1,725.000,775.000,-1,-1,2,0,2,0,2,0,0,0,0,2,0,0,2,0,0,2,2
33,-2027.146,-3680.476,113.443,-12.148,0.977604,0.210390,0.005094,-0.210451,0.977394,0.020282,-0.000712,-0.020900,0.999781,0,0.92123,-0.84759,55.274,-1.695,-1,375.000,-1,400.000,-1,325.000,325.000,300.000,300.000,-1,800.000,725.000,-1,725.000,775.000,-1,-1,2,0,2,0,2,0,0,0,0,2,0,0,2,0,0,2,2
34,-1973.442,-3693.716,113.419,-13.848,0.970935,0.239304,0.004374,-0.239343,0.970740,0.019439,0.000406,-0.019921,0.999801,0,0.92186,-0.85017,55.312,-1.700,-1,375.000,-1,400.000,-1,325.000,325.000,300.000,300.000,-1,850.000,775.000,-1,725.000,-1,-1,-1,2,0,2,0,2,0,0,0,0,2,0,0,2,0,2,2,2
35,-1920.124,-3708.556,113.443,-15.554,0.963385,0.268097,0.003577,-0.268116,0.963207,0.018622,0.001547,-0.018899,0.999820,0,0.92241,-0.85282,55.345,-1.706,-1,400.000,-1,400.000,-1,325.000,325.000,300.000,300.000,-1,900.000,825.000,-1,750.000,-1,-1,-1,2,0,2,0,2,0,0,0,0,2,0,0,2,0,2,2,2
36,-1867.247,-3724.990,113.605,-17.265,0.954952,0.296741,0.003291,-0.296750,0.954782,0.018207,0.002261,-0.018363,0.999829,0,0.92286,-0.85553,55.371,-1.711,-1,400.000,-1,400.000,-1,325.000,325.000,300.000,300.000,-1,975.000,900.000,-1,750.000,-1,-1,-1,2,0,2,0,2,0,0,0,0,2,0,0,2,0,2,2,2
37,-1814.867,-3743.007,113.757,-18.982,0.945636,0.325213,0.003079,-0.325215,0.945474,0.017748,0.002861,-0.017784,0.999838,0,0.92320,-0.85831,55.392,-1.717,-1,400.000,-1,400.000,-1,325.000,325.000,300.000,300.000,-1,-1,975.000,-1,750.000,-1,-1,-1,2,0,2,0,2,0,0,0,0,2,2,0,2,0,2,2,2
38,-1763.040,-3762.595,113.913,-20.704,0.935435,0.353486,0.002916,-0.353482,0.935281,0.017299,0.003388,-0.017213,0.999846,0,0.92342,-0.86117,55.405,-1.722,-1,400.000,-1,400.000,-1,325.000,325.000,300.000,300.000,-1,-1,-1,-1,775.000,-1,-1,-1,2,0,2,0,2,0,0,0,1,2,2,2,2,0,2,2,2
39,-1711.822,-3783.740,114.065,-22.432,0.924350,0.381536,0.002830,-0.381527,0.924204,0.016871,0.003821,-0.016675,0.999854,0,0.92352,-0.86411,55.411,-1.728,-1,400.000,-1,400.000,-1,325.000,325.000,300.000,400.000,-1,-1,-1,-1,775.000,-1,-1,-1,2,0,2,0,2,0,0,0,1,2,2,2,2,0,2,2,2
40,-1661.244,-3806.175,114.205,-23.920,0.914129,0.405413,0.002833,-0.405402,0.913990,0.016449,0.004079,-0.016185,0.999861,0,0.92218,-0.74411,55.331,-1.488,-1,400.000,-1,1000.000,-1,325.000,325.000,300.000,525.000,-1,-1,-1,-1,775.000,-1,-1,-1,2,0,2,1,2,0,0,0,1,2,2,2,2,0,2,2,2
41,-1611.194,-3829.693,114.330,-25.169,0.905081,0.425230,0.002920,-0.425219,0.904949,0.016019,0.004169,-0.015740,0.999867,0,0.92167,-0.62411,55.300,-1.248,-1,400.000,-1,-1,-1,325.000,325.000,300.000,600.000,-1,-1,-1,-1,775.000,-1,-1,-1,2,0,2,2,2,0,0,0,1,2,2,2,2,0,2,2,2
42,-1561.655,-3854.132,114.437,-26.258,0.896829,0.442367,0.003091,-0.442359,0.896703,0.015579,0.004120,-0.015339,0.999874,0,0.92065,-0.54489,55.239,-1.090,-1,400.000,-1,-1,-1,325.000,325.000,300.000,700.000,-1,-1,-1,-1,800.000,-1,-1,-1,2,0,2,2,2,0,0,0,1,2,2,2,2,0,2,2,2
43,-1512.671,-3879.475,114.523,-27.356,0.888185,0.459473,0.003348,-0.459468,0.888065,0.015136,0.003981,-0.014982,0.999880,0,0.91918,-0.54905,55.151,-1.098,-1,400.000,-1,-1,-1,325.000,325.000,300.000,775.000,-1,-1,-1,-1,800.000,-1,-1,-1,2,0,2,2,2,0,0,0,1,2,2,2,2,0,2,2,2
44,-1464.278,-3905.712,112.329,-28.463,0.879112,0.476582,0.005668,-0.476605,0.879110,0.003652,-0.003243,-0.005912,0.999977,0,0.91747,-0.55326,55.048,-1.107,-1,375.000,-1,975.000,-1,325.000,300.000,300.000,825.000,-1,-1,-1,-1,775.000,-1,-1,-1,2,0,2,1,2,0,0,0,1,2,2,2,2,0,2,2,2
45,-1416.502,-3932.822,106.704,-29.574,0.869696,0.493481,0.010291,-0.493139,0.869604,-0.024565,-0.021071,0.016289,0.999645,0,0.91552,-0.55551,54.931,-1.111,-1,350.000,-1,900.000,-1,275.000,350.000,325.000,775.000,-1,-1,-1,-1,675.000,-1,-1,-1,2,0,2,1,2,0,1,0,1,2,2,2,2,0,2,2,2
46,-1369.373,-3960.786,100.671,-30.688,0.860079,0.509962,0.014275,-0.508584,0.859282,-0.054565,-0.040092,0.039670,0.998408,0,0.91332,-0.55704,54.799,-1.114,-1,300.000,-1,825.000,-1,250.000,350.000,350.000,750.000,-1,-1,-1,-1,575.000,-1,-1,-1,2,0,2,1,2,0,1,0,1,2,2,2,2,0,2,2,2
47,-1322.919,-3989.583,94.244,-31.805,0.850345,0.525937,0.017428,-0.522772,0.848088,-0.086349,-0.060195,0.064316,0.996112,0,0.91089,-0.55842,54.653,-1.117,-1,275.000,-1,725.000,-1,225.000,350.000,350.000,725.000,-1,-1,-1,-1,500.000,-1,-1,-1,2,0,2,1,2,0,1,0,1,2,2,2,2,0,2,2,2
48,-1277.164,-4019.191,87.443,-32.924,0.840598,0.541306,0.019541,-0.535532,0.835959,-0.119909,-0.081243,0.090330,0.992593,0,0.90824,-0.55964,54.495,-1.119,-1,225.000,-1,650.000,-1,175.000,325.000,400.000,700.000,-1,-1,-1,-1,425.000,925.000,675.000,-1,2,0,2,1,2,0,1,0,1,2,2,2,2,0,1,0,2
49,-1229.425,-4051.302,79.906,-33.951,0.831915,0.554510,0.020902,-0.545031,0.823607,-0.156883,-0.104209,0.119121,0.987396,0,0.95879,-0.51352,57.527,-1.027,-1,200.000,775.000,550.000,-1,150.000,300.000,425.000,675.000,-1,-1,-1,-1,350.000,800.000,400.000,-1,2,0,0,1,2,0,1,0,1,2,2,2,2,0,1,0,2
50,-1182.207,-4084.306,71.887,-34.987,0.823508,0.566923,0.020839,-0.552703,0.810050,-0.195801,-0.127885,0.149726,0.980422,0,0.96002,-0.51774,57.601,-1.035,850.000,150.000,675.000,475.000,-1,150.000,275.000,500.000,625.000,-1,-1,0.000,-1,300.000,675.000,250.000,-1,0,0,1,1,2,1,1,0,1,2,2,0,2,1,1,0,2
51,-1135.548,-4118.188,63.407,-36.031,0.815533,0.578391,0.019260,-0.558363,0.795169,-0.236509,-0.152110,0.182127,0.971438,0,0.96088,-0.52237,57.653,-1.045,425.000,150.000,575.000,400.000,-1,150.000,250.000,600.000,525.000,-1,-1,0.000,25.000,275.000,575.000,150.000,-1,0,1,1,1,2,1,1,0,1,2,2,0,0,1,1,0,2
52,-1089.493,-4152.934,55.122,-37.086,0.807918,0.589079,0.015975,-0.562753,0.779289,-0.275713,-0.174865,0.213763,0.961107,0,0.96132,-0.52743,57.679,-1.055,225.000,150.000,475.000,325.000,-1,150.000,225.000,725.000,475.000,-1,-1,0.000,0.000,250.000,475.000,75.000,850.000,0,1,1,1,2,1,1,0,1,2,2,0,0,1,1,0,1
53,3607.625,3607.625,-16.239,133.044,-0.682730,-0.730590,-0.010830,0.730585,-0.682347,-0.025465,0.011214,-0.025298,0.999617,1,0.00000,0.00000,57.675,-1.066,-1,375.000,-1,375.000,-1,300.000,325.000,300.000,300.000,-1,-1,-1,-1,700.000,725.000,-1,-1,2,0,2,0,2,0,0,0,0,2,2,2,2,0,0,2,2
54,3604.334,3611.119,-16.187,133.284,-0.685785,-0.727725,-0.010706,0.727716,-0.685401,-0.025581,0.011278,-0.025335,0.999615,0,0.08000,0.12000,4.800,0.240,-1,375.000,-1,375.000,-1,325.000,325.000,300.000,300.000,-1,-1,625.000,-1,700.000,725.000,-1,-1,2,0,2,0,2,0,0,0,0,2,2,0,2,0,0,2,2
55,3597.693,3618.052,-16.085,133.764,-0.691860,-0.721956,-0.010457,0.721942,-0.691472,-0.025813,0.011405,-0.025408,0.999612,0,0.16000,0.24000,9.600,0.480,-1,375.000,-1,375.000,-1,325.000,325.000,300.000,300.000,-1,-1,625.000,-1,700.000,725.000,-1,-1,2,0,2,0,2,0,0,0,0,2,2,0,2,0,0,2,2
56,3587.603,3628.326,-15.936,134.484,-0.700880,-0.713208,-0.010076,0.713185,-0.700488,-0.026154,0.011595,-0.025517,0.999607,0,0.24000,0.36000,14.400,0.720,-1,375.000,-1,375.000,-1,325.000,325.000,300.000,300.000,-1,-1,600.000,-1,700.000,725.000,-1,-1,2,0,2,0,2,0,0,0,0,2,2,0,2,0,0,2,2
57,3573.941,3641.816,-15.744,135.364,-0.711751,-0.702367,-0.009563,0.702332,-0.711353,-0.026601,0.011881,-0.025650,0.999600,0,0.32000,0.43985,19.200,0.880,-1,375.000,-1,375.000,-1,325.000,325.000,300.000,300.000,-1,-1,600.000,-1,700.000,725.000,-1,-1,2,0,2,0,2,0,0,0,0,2,2,0,2,0,0,2,2
58,3556.606,3658.414,-15.467,136.241,-0.722423,-0.691393,-0.008961,0.691344,-0.722022,-0.026979,0.012184,-0.025685,0.999596,0,0.40000,0.43863,24.000,0.877,-1,375.000,-1,375.000,-1,325.000,325.000,300.000,300.000,-1,600.000,575.000,-1,700.000,725.000,-1,-1,2,0,2,0,2,0,0,0,0,2,0,0,2,0,0,2,2
59,3535.504,3678.013,-15.073,137.116,-0.732889,-0.680296,-0.008395,0.680235,-0.732487,-0.027269,0.012401,-0.025696,0.999593,0,0.48000,0.43710,28.800,0.874,-1,375.000,-1,375.000,-1,325.000,325.000,300.000,300.000,-1,600.000,575.000,-1,700.000,725.000,-1,-1,2,0,2,0,2,0,0,0,0,2,0,0,2,0,0,2,2
60,3510.540,3700.502,-14.618,137.986,-0.743142,-0.669089,-0.007741,0.669013,-0.742739,-0.027572,0.012698,-0.025669,0.999590,0,0.56000,0.43528,33.600,0.871,-1,375.000,-1,375.000,-1,325.000,325.000,300.000,300.000,-1,600.000,600.000,-1,700.000,750.000,-1,-1,2,0,2,0,2,0,0,0,0,2,0,0,2,0,0,2,2
61,3481.624,3725.769,-14.102,138.852,-0.753174,-0.657784,-0.007008,0.657691,-0.752771,-0.027890,0.013071,-0.025615,0.999586,0,0.64000,0.43315,38.400,0.866,-1,375.000,-1,375.000,-1,325.000,325.000,300.000,300.000,-1,600.000,600.000,-1,700.000,750.000,-1,-1,2,0,2,0,2,0,0,0,0,2,0,0,2,0,0,2,2
62,3448.670,3753.703,-13.527,139.714,-0.762979,-0.646394,-0.006203,0.646282,-0.762576,-0.028226,0.013514,-0.025545,0.999582,0,0.72000,0.43071,43.200,0.861,-1,375.000,-1,375.000,-1,325.000,325.000,300.000,300.000,-1,600.000,600.000,-1,700.000,750.000,-1,-1,2,0,2,0,2,0,0,0,0,2,0,0,2,0,0,2,2
63,3411.595,3784.189,-12.892,140.570,-0.772550,-0.634931,-0.005339,0.634799,-0.772148,-0.028582,0.014025,-0.025471,0.999577,0,0.80000,0.42795,48.000,0.856,-1,375.000,-1,400.000,-1,325.000,325.000,300.000,300.000,-1,625.000,600.000,-1,700.000,750.000,-1,-1,2,0,2,0,2,0,0,0,0,2,0,0,2,0,0,2,2
64,3370.669,3816.837,-12.190,141.420,-0.781881,-0.623412,-0.004363,0.623256,-0.781482,-0.028946,0.014636,-0.025352,0.999571,0,0.87254,0.42487,52.352,0.850,-1,375.000,-1,400.000,-1,325.000,325.000,300.000,300.000,-1,625.000,625.000,-1,700.000,750.000,-1,-1,2,0,2,0,2,0,0,0,0,2,0,0,2,0,0,2,2
65,3329.186,3848.942,-11.345,142.263,-0.790963,-0.611858,-0.002683,0.611663,-0.790582,-0.029130,0.015702,-0.024682,0.999572,0,0.87427,0.42148,52.456,0.843,-1,375.000,-1,400.000,-1,325.000,325.000,300.000,300.000,-1,625.000,625.000,-1,725.000,750.000,-1,-1,2,0,2,0,2,0,0,0,0,2,0,0,2,0,0,2,2
66,3287.152,3880.504,-10.521,143.099,-0.799800,-0.600266,-0.001087,0.600035,-0.799439,-0.029262,0.016696,-0.024056,0.999571,0,0.87607,0.41805,52.564,0.836,-1,375.000,-1,400.000,-1,325.000,325.000,300.000,300.000,-1,625.000,625.000,-1,725.000,750.000,-1,-1,2,0,2,0,2,0,0,0,0,2,0,0,2,0,0,2,2
67,3244.575,3911.520,-9.729,143.928,-0.808393,-0.588643,0.000422,0.588380,-0.808054,-0.029283,0.017578,-0.023424,0.999571,0,0.87794,0.41460,52.676,0.829,-1,375.000,-1,400.000,-1,325.000,325.000,300.000,300.000,-1,625.000,625.000,-1,725.000,750.000,-1,-1,2,0,2,0,2,0,0,0,0,2,0,0,2,0,0,2,2
68,3200.874,3942.403,-8.921,144.753,-0.816772,-0.576958,0.001807,0.576667,-0.816452,-0.029337,0.018402,-0.022919,0.999568,0,0.89187,0.41235,53.512,0.825,-1,375.000,-1,400.000,-1,325.000,325.000,300.000,300.000,-1,625.000,625.000,-1,725.000,750.000,-1,-1,2,0,2,0,2,0,0,0,0,2,0,0,2,0,0,2,2
69,3156.724,3972.664,-7.997,145.573,-0.824946,-0.565206,0.002549,0.564898,-0.824630,-0.029583,0.018822,-0.022964,0.999559,0,0.89209,0.41028,53.525,0.821,-1,375.000,-1,400.000,-1,325.000,325.000,300.000,300.000,-1,650.000,650.000,-1,725.000,750.000,-1,-1,2,0,2,0,2,0,0,0,0,2,0,0,2,0,0,2,2
70,3112.131,4002.303,-7.093,146.389,-0.832910,-0.553399,0.003259,0.553074,-0.832597,-0.029854,0.019234,-0.023063,0.999549,0,0.89240,0.40815,53.544,0.816,-1,375.000,-1,400.000,-1,325.000,325.000,300.000,300.000,-1,675.000,650.000,-1,725.000,750.000,-1,-1,2,0,2,0,2,0,0,0,0,2,0,0,2,0,0,2,2
71,3067.103,4031.320,-6.087,147.201,-0.840662,-0.541545,0.003922,0.541207,-0.840355,-0.029982,0.019532,-0.023082,0.999543,0,0.89280,0.40595,53.568,0.812,-1,400.000,-1,400.000,-1,325.000,325.000,300.000,300.000,-1,700.000,700.000,-1,725.000,750.000,-1,-1,2,0,2,0,2,0,0,0,0,2,0,0,2,0,0,2,2
72,3021.646,4059.715,-5.030,148.009,-0.848205,-0.529648,0.004561,0.529295,-0.847900,-0.030207,0.019866,-0.023208,0.999533,0,0.89328,0.40370,53.597,0.807,-1,400.000,-1,400.000,-1,325.000,325.000,300.000,300.000,-1,725.000,725.000,-1,725.000,775.000,-1,-1,2,0,2,0,2,0,0,0,0,2,0,0,2,0,0,2,2
73,2975.767,4087.488,-3.996,148.811,-0.855538,-0.517715,0.005167,0.517348,-0.855235,-0.030420,0.020168,-0.023352,0.999524,0,0.89384,0.40140,53.630,0.803,-1,400.000,-1,400.000,-1,325.000,325.000,300.000,300.000,-1,750.000,750.000,-1,725.000,775.000,-1,-1,2,0,2,0,2,0,0,0,0,2,0,0,2,0,0,2,2
74,2929.473,4114.638,-2.984,149.610,-0.862661,-0.505750,0.005742,0.505370,-0.862359,-0.030621,0.020438,-0.023514,0.999515,0,0.89448,0.39904,53.669,0.798,-1,400.000,-1,400.000,-1,325.000,325.000,300.000,300.000,-1,775.000,775.000,-1,725.000,775.000,-1,-1,2,0,2,0,2,0,0,0,0,2,0,0,2,0,0,2,2
75,2882.769,4141.167,-1.993,150.403,-0.869575,-0.493761,0.006285,0.493368,-0.869275,-0.030814,0.020678,-0.023694,0.999505,0,0.89519,0.39662,53.712,0.793,-1,400.000,-1,400.000,-1,325.000,325.000,300.000,300.000,-1,800.000,800.000,-1,725.000,775.000,-1,-1,2,0,2,0,2,0,0,0,0,2,0,0,2,0,0,2,2
76,2835.664,4167.072,-1.023,151.191,-0.876281,-0.481752,0.006799,0.481347,-0.875982,-0.030998,0.020889,-0.023890,0.999496,0,0.89598,0.39416,53.759,0.788,-1,375.000,-1,400.000,-1,325.000,325.000,300.000,300.000,-1,850.000,825.000,-1,725.000,775.000,-1,-1,2,0,2,0,2,0,0,0,0,2,0,0,2,0,0,2,2
77,2788.164,4192.356,-0.042,151.974,-0.882780,-0.469731,0.007254,0.469319,-0.882484,-0.031012,0.020969,-0.023972,0.999493,0,0.89684,0.39166,53.810,0.783,-1,375.000,-1,400.000,-1,325.000,325.000,300.000,300.000,-1,875.000,825.000,-1,725.000,750.000,-1,-1,2,0,2,0,2,0,0,0,0,2,0,0,2,0,0,2,2
78,2740.275,4217.017,1.025,152.753,-0.889070,-0.457708,0.007657,0.457305,-0.888794,-0.030284,0.020666,-0.023423,0.999512,0,0.89776,0.38910,53.866,0.778,-1,375.000,-1,400.000,-1,325.000,325.000,300.000,300.000,-1,925.000,875.000,-1,725.000,750.000,-1,-1,2,0,2,0,2,0,0,0,0,2,0,0,2,0,0,2,2
79,2692.005,4241.057,2.112,153.526,-0.895153,-0.445683,0.008270,0.445286,-0.894903,-0.029476,0.020538,-0.022703,0.999531,0,0.89875,0.38651,53.925,0.773,-1,375.000,-1,400.000,-1,325.000,325.000,300.000,300.000,-1,975.000,925.000,-1,725.000,750.000,-1,-1,2,0,2,0,2,0,0,0,0,2,0,0,2,0,0,2,2
80,2640.625,4266.052,3.355,154.059,-0.899242,-0.437350,0.009378,0.436954,-0.899035,-0.028409,0.020856,-0.021448,0.999552,0,0.95228,0.26651,57.137,0.533,-1,375.000,-1,400.000,-1,325.000,325.000,300.000,300.000,-1,1000.000,950.000,-1,725.000,750.000,-1,-1,2,0,2,0,2,0,0,0,0,2,0,0,2,0,0,2,2
81,2589.058,4290.813,4.578,154.352,-0.901450,-0.432758,0.010401,0.432362,-0.901284,-0.027398,0.021231,-0.020201,0.999570,0,0.95341,0.14651,57.204,0.293,-1,375.000,-1,400.000,-1,325.000,325.000,300.000,300.000,-1,-1,975.000,-1,725.000,750.000,-1,-1,2,0,2,0,2,0,0,0,0,2,2,0,2,0,0,2,2
82,2537.221,4315.644,5.827,154.405,-0.901836,-0.431934,0.011184,0.431541,-0.901703,-0.026539,0.021547,-0.019107,0.999585,0,0.95796,0.02651,57.477,0.053,-1,375.000,-1,400.000,-1,325.000,325.000,300.000,300.000,-1,-1,1000.000,-1,700.000,750.000,-1,-1,2,0,2,0,2,0,0,0,0,2,2,0,2,0,0,2,2
83,2485.461,4340.647,7.116,154.218,-0.900413,-0.434881,0.011649,0.434493,-0.900303,-0.025887,0.021745,-0.018248,0.999597,0,0.95804,-0.09349,57.482,-0.187,-1,375.000,-1,400.000,-1,325.000,325.000,300.000,300.000,-1,-1,-1,-1,700.000,750.000,-1,-1,2,0,2,0,2,0,0,0,0,2,2,2,2,0,0,2,2
84,2433.880,4366.038,8.521,153.791,-0.897138,-0.441581,0.012224,0.441182,-0.897044,-0.025909,0.022406,-0.017851,0.999590,0,0.95820,-0.21349,57.492,-0.427,-1,375.000,-1,400.000,-1,325.000,325.000,300.000,300.000,-1,-1,-1,-1,700.000,750.000,-1,-1,2,0,2,0,2,0,0,0,0,2,2,2,2,0,0,2,2
85,2382.584,4392.035,9.970,153.124,-0.891924,-0.451999,0.013012,0.451585,-0.891852,-0.025910,0.023316,-0.017234,0.999580,0,0.95845,-0.33349,57.507,-0.667,-1,375.000,-1,400.000,-1,325.000,325.000,300.000,300.000,-1,-1,-1,-1,700.000,750.000,-1,-1,2,0,2,0,2,0,0,0,0,2,2,2,2,0,0,2,2
86,2331.686,4418.852,11.409,152.217,-0.884643,-0.466065,0.013770,0.465636,-0.884596,-0.025964,0.024282,-0.016557,0.999568,0,0.95884,-0.45349,57.530,-0.907,-1,375.000,-1,400.000,-1,325.000,325.000,300.000,300.000,-1,-1,-1,-1,700.000,750.000,-1,-1,2,0,2,0,2,0,0,0,0,2,2,2,2,0,0,2,2
87,2281.198,4446.503,12.838,151.291,-0.876987,-0.480296,0.014492,0.479851,-0.876962,-0.026082,0.025236,-0.015920,0.999555,0,0.95940,-0.46269,57.564,-0.925,-1,375.000,-1,400.000,-1,325.000,325.000,300.000,300.000,-1,-1,-1,-1,700.000,725.000,-1,-1,2,0,2,0,2,0,0,0,0,2,2,2,2,0,0,2,2
88,2231.126,4474.993,14.257,150.361,-0.869060,-0.494475,0.015175,0.494014,-0.869057,-0.026266,0.026176,-0.015330,0.999540,0,0.96017,-0.46513,57.610,-0.930,-1,375.000,-1,400.000,-1,325.000,325.000,300.000,300.000,-1,-1,-1,-1,700.000,725.000,-1,-1,2,0,2,0,2,0,0,0,0,2,2,2,2,0,0,2,2
89,2181.475,4504.327,15.666,149.426,-0.860857,-0.508601,0.015815,0.508125,-0.860875,-0.026516,0.027101,-0.014790,0.999523,0,0.96115,-0.46774,57.669,-0.935,-1,375.000,-1,400.000,-1,325.000,325.000,300.000,300.000,-1,-1,-1,-1,700.000,725.000,-1,-1,2,0,2,0,2,0,0,0,0,2,2,2,2,0,0,2,2
90,2132.273,4534.494,17.172,148.487,-0.852392,-0.522648,0.016340,0.522171,-0.852436,-0.026270,0.027659,-0.013860,0.999521,0,0.96189,-0.46950,57.714,-0.939,-1,375.000,-1,400.000,-1,325.000,325.000,300.000,300.000,-1,-1,-1,-1,700.000,725.000,-1,-1,2,0,2,0,2,0,0,0,0,2,2,2,2,0,0,2,2
91,2083.572,4565.463,18.788,147.548,-0.843698,-0.536555,0.016815,0.536083,-0.843768,-0.025911,0.028090,-0.012847,0.999523,0,0.96189,-0.46950,57.714,-0.939,-1,375.000,-1,400.000,-1,325.000,325.000,300.000,300.000,-1,-1,-1,-1,700.000,725.000,-1,-1,2,0,2,0,2,0,0,0,0,2,2,2,2,0,0,2,2
92,2039.516,4594.770,20.399,146.369,-0.832451,-0.553812,0.017816,0.553339,-0.832563,-0.025584,0.029002,-0.011439,0.999514,0,0.88189,-0.58950,52.914,-1.179,-1,375.000,-1,400.000,-1,325.000,325.000,300.000,300.000,-1,-1,-1,-1,700.000,725.000,-1,-1,2,0,2,0,2,0,0,0,0,2,2,2,2,0,0,2,2
93,2000.128,4622.401,21.989,144.950,-0.818438,-0.574271,0.019311,0.573795,-0.818609,-0.025271,0.030321,-0.009602,0.999494,0,0.80189,-0.70950,48.114,-1.419,-1,375.000,-1,400.000,-1,325.000,325.000,300.000,300.000,-1,-1,-1,-1,700.000,725.000,-1,-1,2,0,2,0,2,0,0,0,0,2,2,2,2,0,0,2,2
94,1961.690,4651.062,23.565,143.291,-0.801423,-0.597739,0.020716,0.597259,-0.801653,-0.025186,0.031662,-0.007812,0.999468,0,0.79910,-0.82950,47.946,-1.659,-1,375.000,-1,375.000,-1,325.000,325.000,300.000,300.000,-1,-1,-1,-1,700.000,725.000,-1,-1,2,0,2,0,2,0,0,0,0,2,2,2,2,0,0,2,2
95,1924.223,4680.980,25.142,141.392,-0.781128,-0.623983,0.022007,0.623500,-0.781414,-0.025273,0.032967,-0.006020,0.999438,0,0.79910,-0.94950,47.946,-1.899,-1,375.000,-1,375.000,-1,325.000,325.000,300.000,300.000,-1,-1,-1,-1,700.000,725.000,-1,-1,2,0,2,0,2,0,0,0,0,2,2,2,2,0,0,2,2
96,1887.824,4712.188,26.769,139.392,-0.758829,-0.650880,0.023096,0.650400,-0.759169,-0.025356,0.034037,-0.004219,0.999412,0,0.79910,-1.00000,47.946,-2.000,-1,375.000,-1,375.000,-1,325.000,325.000,300.000,300.000,-1,-1,-1,-1,700.000,725.000,-1,-1,2,0,2,0,2,0,0,0,0,2,2,2,2,0,0,2,2
97,1852.535,4744.647,28.476,137.392,-0.735620,-0.676981,0.023639,0.676501,-0.735994,-0.025669,0.034776,-0.002891,0.999391,0,0.79910,-1.00000,47.946,-2.000,-1,375.000,-1,375.000,-1,325.000,325.000,300.000,300.000,-1,-1,-1,-1,700.000,725.000,-1,-1,2,0,2,0,2,0,0,0,0,2,2,2,2,0,0,2,2
98,1818.401,4778.317,30.168,135.392,-0.711517,-0.702257,0.024052,0.701774,-0.711922,-0.026105,0.035455,-0.001695,0.999370,0,0.79910,-1.00000,47.946,-2.000,-1,375.000,-1,375.000,-1,325.000,325.000,300.000,300.000,-1,-1,-1,-1,700.000,725.000,-1,-1,2,0,2,0,2,0,0,0,0,2,2,2,2,0,0,2,2
99,1785.463,4813.159,31.843,133.392,-0.686550,-0.726676,0.024329,0.726187,-0.686980,-0.026648,0.036078,-0.000628,0.999349,0,0.79910,-1.00000,47.946,-2.000,-1,375.000,-1,375.000,-1,325.000,325.000,300.000,300.000,-1,-1,-1,-1,700.000,725.000,-1,-1,2,0,2,0,2,0,0,0,0,2,2,2,2,0,0,2,2
100,1753.761,4849.128,33.497,131.392,-0.660749,-0.750208,0.024463,0.749712,-0.661201,-0.027284,0.036644,0.000312,0.999328,0,0.79910,-1.00000,47.946,-2.000,-1,375.000,-1,375.000,-1,325.000,325.000,300.000,300.000,-1,-1,-1,-1,700.000,725.000,-1,-1,2,0,2,0,2,0,0,0,0,2,2,2,2,0,0,2,2
101,1723.333,4886.183,35.315,129.392,-0.634109,-0.772826,0.025431,0.772321,-0.634616,-0.027985,0.037766,0.001895,0.999285,0,0.79910,-1.00000,47.946,-2.000,-1,375.000,-1,375.000,-1,325.000,325.000,300.000,300.000,-1,-1,-1,-1,700.000,725.000,-1,-1,2,0,2,0,2,0,0,0,0,2,2,2,2,0,0,2,2
102,1694.217,4924.276,37.139,127.392,-0.606691,-0.794499,0.026406,0.793984,-0.607255,-0.028820,0.038932,0.003481,0.999236,0,0.79910,-1.00000,47.946,-2.000,-1,375.000,-1,375.000,-1,325.000,325.000,300.000,300.000,-1,-1,-1,-1,725.000,725.000,-1,-1,2,0,2,0,2,0,0,0,0,2,2,2,2,0,0,2,2
103,1666.448,4963.362,38.993,125.392,-0.578531,-0.815202,0.027342,0.814683,-0.579153,-0.029546,0.039921,0.005182,0.999189,0,0.79910,-1.00000,47.946,-2.000,-1,375.000,-1,375.000,-1,325.000,325.000,300.000,300.000,-1,-1,-1,-1,725.000,725.000,-1,-1,2,0,2,0,2,0,0,0,0,2,2,2,2,0,0,2,2
104,1640.060,5003.394,41.016,123.392,-0.549657,-0.834905,0.028481,0.834419,-0.550342,-0.029468,0.040277,0.007568,0.999160,0,0.79910,-1.00000,47.946,-2.000,-1,375.000,-1,375.000,-1,325.000,325.000,300.000,300.000,-1,-1,-1,-1,725.000,725.000,-1,-1,2,0,2,0,2,0,0,0,0,2,2,2,2,0,0,2,2
105,1615.086,5044.322,43.003,121.392,-0.520113,-0.853586,0.029553,0.853130,-0.520859,-0.029592,0.040652,0.009821,0.999125,0,0.79910,-1.00000,47.946,-2.000,-1,375.000,-1,400.000,-1,325.000,325.000,300.000,300.000,-1,-1,-1,-1,725.000,750.000,-1,-1,2,0,2,0,2,0,0,0,0,2,2,2,2,0,0,2,2
106,1591.554,5086.097,44.963,119.392,-0.489938,-0.871224,0.030482,0.870793,-0.490741,-0.029898,0.041006,0.011896,0.999088,0,0.79910,-1.00000,47.946,-2.000,-1,375.000,-1,400.000,-1,325.000,325.000,300.000,300.000,-1,-1,-1,-1,725.000,750.000,-1,-1,2,0,2,0,2,0,0,0,0,2,2,2,2,0,0,2,2
107,1569.495,5128.668,46.930,117.392,-0.459176,-0.887800,0.031115,0.887386,-0.460026,-0.030363,0.041270,0.013669,0.999055,0,0.79910,-1.00000,47.946,-2.000,-1,375.000,-1,400.000,-1,325.000,325.000,300.000,300.000,-1,1000.000,-1,-1,725.000,750.000,-1,-1,2,0,2,0,2,0,0,0,0,2,0,2,2,0,0,2,2
108,1548.935,5171.982,48.871,115.392,-0.427860,-0.903293,0.031572,0.902890,-0.428752,-0.030997,0.041536,0.015244,0.999021,0,0.79910,-1.00000,47.946,-2.000,-1,400.000,-1,400.000,-1,325.000,325.000,300.000,300.000,-1,975.000,975.000,-1,750.000,750.000,-1,-1,2,0,2,0,2,0,0,0,0,2,0,0,2,0,0,2,2
109,1529.900,5215.988,50.761,113.392,-0.396027,-0.917685,0.031900,0.917291,-0.396957,-0.031669,0.041726,0.016720,0.998989,0,0.79910,-1.00000,47.946,-2.000,-1,400.000,-1,400.000,-1,325.000,325.000,300.000,300.000,-1,950.000,950.000,-1,750.000,750.000,-1,-1,2,0,2,0,2,0,0,0,0,2,0,0,2,0,0,2,2
110,1512.412,5260.631,52.609,111.392,-0.363716,-0.930958,0.032074,0.930568,-0.364680,-0.032414,0.041873,0.018058,0.998960,0,0.79910,-1.00000,47.946,-2.000,-1,400.000,-1,400.000,-1,325.000,325.000,300.000,300.000,-1,925.000,925.000,-1,750.000,750.000,-1,-1,2,0,2,0,2,0,0,0,0,2,0,0,2,0,0,2,2
111,1496.492,5305.857,54.414,109.392,-0.330967,-0.943097,0.032088,0.942708,-0.331961,-0.033222,0.041984,0.019254,0.998933,0,0.79910,-1.00000,47.946,-2.000,-1,400.000,-1,400.000,-1,325.000,325.000,300.000,300.000,-1,925.000,925.000,-1,750.000,775.000,-1,-1,2,0,2,0,2,0,0,0,0,2,0,0,2,0,0,2,2
112,1482.160,5351.612,56.366,107.392,-0.297809,-0.954072,0.032498,0.953725,-0.298834,-0.033283,0.041465,0.021082,0.998918,0,0.79910,-1.00000,47.946,-2.000,-1,400.000,-1,400.000,-1,325.000,325.000,300.000,300.000,-1,975.000,950.000,-1,750.000,775.000,-1,-1,2,0,2,0,2,0,0,0,0,2,0,0,2,0,0,2,2
113,1469.434,5397.838,58.336,105.392,-0.264283,-0.963879,0.033054,0.963577,-0.265344,-0.033352,0.040918,0.023036,0.998897,0,0.79910,-1.00000,47.946,-2.000,-1,400.000,-1,400.000,-1,325.000,325.000,300.000,300.000,-1,1000.000,1000.000,-1,750.000,775.000,-1,-1,2,0,2,0,2,0,0,0,0,2,0,0,2,0,0,2,2
114,1458.329,5444.481,60.270,103.392,-0.230440,-0.972508,0.033543,0.972252,-0.231533,-0.033459,0.040305,0.024902,0.998877,0,0.79910,-1.00000,47.946,-2.000,-1,400.000,-1,400.000,-1,325.000,325.000,300.000,300.000,-1,-1,-1,-1,750.000,800.000,-1,-1,2,0,2,0,2,0,0,0,0,2,2,2,2,0,0,2,2
115,1448.858,5491.483,62.165,101.392,-0.196321,-0.979951,0.033965,0.979739,-0.197443,-0.033594,0.039626,0.026682,0.998858,0,0.79910,-1.00000,47.946,-2.000,-1,400.000,-1,400.000,-1,325.000,325.000,300.000,300.000,-1,-1,-1,-1,750.000,800.000,-1,-1,2,0,2,0,2,0,0,0,0,2,2,2,2,0,0,2,2
116,1441.033,5538.786,64.018,99.392,-0.161968,-0.986199,0.034320,0.986030,-0.163115,-0.033749,0.038882,0.028375,0.998841,0,0.79910,-1.00000,47.946,-2.000,-1,400.000,-1,400.000,-1,325.000,325.000,300.000,300.000,-1,-1,-1,-1,775.000,800.000,-1,-1,2,0,2,0,2,0,0,0,0,2,2,2,2,0,0,2,2
117,1434.865,5586.334,65.826,97.392,-0.127424,-0.991244,0.034611,0.991117,-0.128592,-0.033917,0.038071,0.029982,0.998825,0,0.79910,-1.00000,47.946,-2.000,-1,400.000,-1,400.000,-1,325.000,325.000,300.000,300.000,-1,-1,-1,-1,775.000,800.000,-1,-1,2,0,2,0,2,0,0,0,0,2,2,2,2,0,0,2,2
118,1430.359,5634.069,67.588,95.392,-0.092730,-0.995082,0.034837,0.994996,-0.093915,-0.034092,0.037197,0.031501,0.998811,0,0.79910,-1.00000,47.946,-2.000,-1,400.000,-1,400.000,-1,325.000,325.000,300.000,300.000,-1,-1,-1,-1,775.000,825.000,-1,-1,2,0,2,0,2,0,0,0,0,2,2,2,2,0,0,2,2
119,1427.017,5686.709,69.484,93.632,-0.062107,-0.997456,0.034998,0.997406,-0.063306,-0.034260,0.036388,0.032779,0.998800,0,0.87910,-0.88000,52.746,-1.760,-1,400.000,-1,400.000,-1,325.000,325.000,300.000,300.000,-1,-1,-1,-1,775.000,825.000,-1,-1,2,0,2,0,2,0,0,0,0,2,2,2,2,0,0,2,2
120,1424.961,5742.470,71.447,92.112,-0.035616,-0.998749,0.035103,0.998729,-0.036824,-0.034402,0.035651,0.033833,0.998791,0,0.92998,-0.76000,55.799,-1.520,-1,400.000,-1,400.000,-1,325.000,325.000,300.000,300.000,-1,-1,-1,-1,800.000,825.000,-1,-1,2,0,2,0,2,0,0,0,0,2,2,2,2,0,0,2,2
121,1424.151,5798.263,73.373,90.832,-0.013290,-0.999293,0.035165,0.999299,-0.014504,-0.034510,0.034996,0.034682,0.998785,0,0.92998,-0.64000,55.799,-1.280,-1,400.000,-1,400.000,-1,325.000,325.000,300.000,300.000,-1,-1,-1,-1,800.000,850.000,-1,-1,2,0,2,0,2,0,0,0,0,2,2,2,2,0,0,2,2
122,1424.353,5854.062,75.267,89.792,0.004853,-0.999369,0.035196,0.999395,0.003636,-0.034586,0.034436,0.035343,0.998782,0,0.92998,-0.52000,55.799,-1.040,-1,400.000,-1,400.000,-1,325.000,325.000,300.000,300.000,-1,-1,-1,-1,800.000,850.000,-1,-1,2,0,2,0,2,0,0,0,0,2,2,2,2,0,0,2,2
123,1425.335,5909.852,77.119,88.992,0.018802,-0.999205,0.035164,0.999249,0.017588,-0.034524,0.033878,0.035787,0.998785,0,0.92998,-0.40000,55.799,-0.800,-1,400.000,-1,425.000,-1,325.000,325.000,300.000,300.000,-1,-1,-1,-1,825.000,875.000,-1,-1,2,0,2,0,2,0,0,0,0,2,2,2,2,0,0,2,2
124,1426.862,5965.630,78.548,88.432,0.028531,-0.998958,0.035608,0.999076,0.027353,-0.033154,0.032145,0.036521,0.998816,0,0.92998,-0.28000,55.799,-0.560,-1,400.000,-1,400.000,-1,325.000,325.000,300.000,300.000,-1,-1,-1,-1,800.000,875.000,-1,-1,2,0,2,0,2,0,0,0,0,2,2,2,2,0,0,2,2
125,1428.701,6021.398,79.963,88.112,0.034072,-0.998767,0.036097,0.998953,0.032931,-0.031761,0.030533,0.037142,0.998843,0,0.92998,-0.16000,55.799,-0.320,-1,400.000,-1,400.000,-1,325.000,325.000,300.000,300.000,-1,-1,-1,-1,800.000,850.000,-1,-1,2,0,2,0,2,0,0,0,0,2,2,2,2,0,0,2,2
126,1430.617,6077.164,81.375,88.032,0.035428,-0.998702,0.036604,0.998949,0.034325,-0.030361,0.029065,0.037642,0.998869,0,0.92998,-0.04000,55.799,-0.080,-1,400.000,-1,400.000,-1,325.000,325.000,300.000,300.000,-1,-1,-1,-1,800.000,850.000,-1,-1,2,0,2,0,2,0,0,0,0,2,2,2,2,0,0,2,2
127,1432.378,6132.935,82.794,88.192,0.032601,-0.998779,0.037119,0.999083,0.031535,-0.028957,0.027751,0.038029,0.998891,0,0.92998,0.08000,55.799,0.160,-1,400.000,-1,400.000,-1,325.000,325.000,300.000,300.000,-1,-1,-1,-1,800.000,850.000,-1,-1,2,0,2,0,2,0,0,0,0,2,2,2,2,0,0,2,2
128,1433.750,6188.716,84.227,88.592,0.025590,-0.998964,0.037630,0.999319,0.024561,-0.027554,0.026601,0.038309,0.998912,0,0.92998,0.20000,55.799,0.400,-1,400.000,-1,400.000,-1,325.000,325.000,300.000,300.000,-1,-1,-1,-1,800.000,850.000,-1,-1,2,0,2,0,2,0,0,0,0,2,2,2,2,0,0,2,2
129,1434.719,6244.507,85.673,89.005,0.018347,-0.999104,0.038129,0.999507,0.017356,-0.026157,0.025471,0.038590,0.998930,0,0.92998,0.20660,55.799,0.413,-1,400.000,-1,400.000,-1,325.000,325.000,300.000,300.000,-1,-1,-1,-1,800.000,850.000,-1,-1,2,0,2,0,2,0,0,0,0,2,2,2,2,0,0,2,2
130,1435.286,6300.302,87.135,89.418,0.011103,-0.999192,0.038616,0.999642,0.010151,-0.024765,0.024353,0.038877,0.998947,0,0.92998,0.20660,55.799,0.413,-1,400.000,-1,400.000,-1,325.000,325.000,300.000,300.000,-1,-1,-1,-1,775.000,850.000,-1,-1,2,0,2,0,2,0,0,0,0,2,2,2,2,0,0,2,2
131,1435.450,6356.101,88.611,89.831,0.003857,-0.999228,0.039090,0.999722,0.002945,-0.023379,0.023246,0.039169,0.998962,0,0.92998,0.20660,55.799,0.413,-1,400.000,-1,400.000,-1,325.000,325.000,300.000,300.000,-1,-1,-1,-1,775.000,850.000,-1,-1,2,0,2,0,2,0,0,0,0,2,2,2,2,0,0,2,2
132,1435.212,6411.899,90.102,90.244,-0.003389,-0.999212,0.039551,0.999749,-0.004261,-0.021999,0.022151,0.039466,0.998975,0,0.92998,0.20660,55.799,0.413,-1,400.000,-1,400.000,-1,325.000,325.000,300.000,300.000,-1,-1,-1,-1,775.000,850.000,-1,-1,2,0,2,0,2,0,0,0,0,2,2,2,2,0,0,2,2
133,1434.572,6467.694,91.610,90.658,-0.010635,-0.999143,0.039998,0.999722,-0.011467,-0.020625,0.021066,0.039768,0.998987,0,0.92998,0.20660,55.799,0.413,-1,400.000,-1,400.000,-1,325.000,325.000,300.000,300.000,-1,-1,-1,-1,775.000,850.000,-1,-1,2,0,2,0,2,0,0,0,0,2,2,2,2,0,0,2,2
134,1433.529,6523.483,93.135,91.071,-0.017881,-0.999022,0.040431,0.999640,-0.018672,-0.019256,0.019992,0.040072,0.998997,0,0.92998,0.20660,55.799,0.413,-1,400.000,-1,400.000,-1,325.000,325.000,300.000,300.000,-1,-1,-1,-1,775.000,825.000,-1,-1,2,0,2,0,2,0,0,0,0,2,2,2,2,0,0,2,2
135,1432.083,6579.263,94.348,91.484,-0.025100,-0.998828,0.041387,0.999498,-0.025875,-0.018302,0.019351,0.040907,0.998976,0,0.92998,0.20660,55.799,0.413,-1,400.000,-1,400.000,-1,325.000,325.000,300.000,300.000,-1,-1,-1,-1,775.000,825.000,-1,-1,2,0,2,0,2,0,0,0,0,2,2,2,2,0,0,2,2
136,1430.236,6635.032,95.158,91.897,-0.032306,-0.998580,0.042349,0.999302,-0.033067,-0.017390,0.018766,0.041757,0.998952,0,0.93000,0.20635,55.800,0.413,-1,400.000,-1,400.000,-1,325.000,325.000,300.000,300.000,-1,-1,-1,-1,750.000,825.000,-1,-1,2,0,2,0,2,0,0,0,0,2,2,2,2,0,0,2,2
137,1427.988,6690.788,95.987,92.308,-0.039496,-0.998281,0.043309,0.999054,-0.040241,-0.016475,0.018189,0.042618,0.998926,0,0.93003,0.20588,55.802,0.412,-1,400.000,-1,400.000,-1,325.000,325.000,300.000,300.000,-1,-1,-1,-1,750.000,825.000,-1,-1,2,0,2,0,2,0,0,0,0,2,2,2,2,0,0,2,2
