timestep,x_cm,y_cm,z_cm,yaw_deg,basis_xx,basis_xy,basis_xz,basis_yx,basis_yy,basis_yz,basis_zx,basis_zy,basis_zz,teleport_flag,throttle_cmd,steering_cmd,cmd_move_cm,cmd_turn_deg,lidar_cm_0,lidar_cm_1,lidar_cm_2,lidar_cm_3,lidar_cm_4,lidar_cm_5,lidar_cm_6,lidar_cm_7,lidar_cm_8,lidar_cm_9,lidar_cm_10,lidar_cm_11,lidar_cm_12,lidar_cm_13,lidar_cm_14,lidar_cm_15,lidar_cm_16,lidar_class_0,lidar_class_1,lidar_class_2,lidar_class_3,lidar_class_4,lidar_class_5,lidar_class_6,lidar_class_7,lidar_class_8,lidar_class_9,lidar_class_10,lidar_class_11,lidar_class_12,lidar_class_13,lidar_class_14,lidar_class_15,lidar_class_16
0,1460.761,5007.593,560.990,175.930,-0.997243,-0.070985,-0.021610,0.070964,-0.997477,0.001703,-0.021676,0.000165,0.999765,0,0.23778,-0.70963,0.840,0.003,-1,518.167,-1,648.701,-1,446.001,478.107,767.863,633.957,-1,-1,-1,-1,957.627,-1,-1,-1,2,0,2,0,2,0,0,0,0,2,2,2,2,0,2,2,2
1,1459.573,5007.782,566.286,175.930,-0.997321,-0.070992,-0.017618,0.070962,-0.997476,0.002338,-0.017739,0.001082,0.999842,0,0.23778,-0.70963,1.203,0.000,-1,541.703,-1,676.183,-1,465.306,497.658,794.197,653.958,-1,-1,-1,-1,-1,-1,-1,-1,2,0,2,0,2,0,0,0,0,2,2,2,2,2,2,2,2
2,1458.098,5007.938,570.638,175.919,-0.997362,-0.071171,-0.014276,0.071158,-0.997464,0.001417,-0.014341,0.000398,0.999897,0,0.23778,-0.70963,1.483,-0.011,-1,560.808,-1,701.237,-1,481.582,514.615,809.588,675.249,-1,-1,-1,-1,-1,-1,-1,-1,2,0,2,0,2,0,0,0,0,2,2,2,2,2,2,2,2
3,1456.412,5008.146,573.802,175.880,-0.997358,-0.071830,-0.010883,0.071839,-0.997416,-0.000456,-0.010823,-0.001237,0.999941,0,0.23778,-0.70963,1.699,-0.039,-1,576.575,-1,724.058,-1,495.429,529.498,815.563,695.268,-1,-1,-1,-1,-1,-1,-1,-1,2,0,2,0,2,0,0,0,0,2,2,2,2,2,2,2,2
4,1454.488,5008.394,575.686,175.825,-0.997324,-0.072788,-0.006823,0.072808,-0.997343,-0.002618,-0.006614,-0.003108,0.999973,0,0.23778,-0.70963,1.940,-0.055,-1,590.493,-1,745.798,-1,507.748,543.058,815.017,711.321,-1,-1,-1,-1,-1,-1,-1,-1,2,0,2,0,2,0,0,0,0,2,2,2,2,2,2,2,2
5,1452.362,5008.731,576.308,175.748,-0.997246,-0.074125,-0.002265,0.074137,-0.997234,-0.005367,-0.001861,-0.005520,0.999983,0,0.23778,-0.70963,2.152,-0.076,-1,602.062,-1,766.566,-1,518.290,555.193,806.859,724.582,-1,-1,-1,-1,-1,-1,-1,-1,2,0,2,0,2,0,0,0,0,2,2,2,2,2,2,2,2
6,1450.052,5009.142,575.745,175.652,-0.997118,-0.075830,0.002286,0.075806,-0.997081,-0.009125,0.002971,-0.008925,0.999956,0,0.23778,-0.70963,2.347,-0.096,-1,609.969,-1,785.570,-1,526.230,564.919,789.844,737.288,-1,-1,-1,-1,-1,-1,-1,-1,2,0,2,0,2,0,0,0,0,2,2,2,2,2,2,2,2
7,1447.576,5009.644,574.111,175.521,-0.996920,-0.078184,0.006114,0.078088,-0.996839,-0.014670,0.007241,-0.014148,0.999874,0,0.23778,-0.70963,2.527,-0.131,-1,612.222,-1,801.509,-1,530.399,571.564,761.651,753.337,-1,-1,-1,-1,-1,-1,-1,-1,2,0,2,0,2,0,0,0,0,2,2,2,2,2,2,2,2
8,1444.964,5010.217,571.515,175.349,-0.996654,-0.081295,0.008465,0.081087,-0.996451,-0.022566,0.010269,-0.021804,0.999709,0,0.23778,-0.70963,2.673,-0.173,-1,606.850,-1,813.561,-1,529.473,573.984,721.086,776.109,-1,-1,-1,-1,-1,-1,-1,-1,2,0,2,0,2,0,0,0,0,2,2,2,2,2,2,2,2
9,1442.336,5010.838,568.338,175.152,-0.996370,-0.084785,0.007688,0.084510,-0.995940,-0.030997,0.010285,-0.030235,0.999490,0,0.23778,-0.70963,2.700,-0.197,-1,591.897,-1,814.218,-1,520.944,568.800,677.024,800.115,-1,-1,-1,-1,-1,-1,-1,-1,2,0,2,0,2,0,0,0,0,2,2,2,2,2,2,2,2
10,1439.693,5011.504,565.288,174.986,-0.996146,-0.087600,0.004426,0.087389,-0.995543,-0.035468,0.007514,-0.034944,0.999361,0,0.23778,-0.70963,2.727,-0.165,-1,573.561,-1,800.571,-1,507.723,557.131,647.870,807.742,-1,-1,-1,-1,-1,-1,-1,-1,2,0,2,0,2,0,0,0,0,2,2,2,2,2,2,2,2
11,1437.129,5012.352,562.785,174.848,-0.995958,-0.089812,-0.000902,0.089790,-0.995363,-0.034514,0.002202,-0.034455,0.999404,0,0.23778,-0.70963,2.700,-0.138,-1,554.926,-1,773.849,-1,491.925,540.571,637.637,792.564,-1,-1,-1,-1,-1,-1,-1,-1,2,0,2,0,2,0,0,0,0,2,2,2,2,2,2,2,2
12,1434.635,5013.455,560.984,174.725,-0.995753,-0.091763,-0.007490,0.091941,-0.995358,-0.028450,-0.004845,-0.029018,0.999567,0,0.23778,-0.70963,2.727,-0.124,-1,538.196,-1,738.657,-1,475.818,521.413,645.619,757.663,-1,-1,-1,-1,-1,-1,-1,-1,2,0,2,0,2,0,0,0,0,2,2,2,2,2,2,2,2
13,1432.195,5014.790,559.887,174.605,-0.995495,-0.093753,-0.014179,0.094008,-0.995398,-0.018591,-0.012371,-0.019840,0.999727,0,0.23778,-0.70963,2.781,-0.119,-1,525.246,-1,702.024,-1,461.710,502.926,669.373,711.877,-1,-1,-1,-1,975.741,-1,-1,-1,2,0,2,0,2,0,0,0,0,2,2,2,2,0,2,2,2
14,1429.621,5016.337,559.370,174.480,-0.995185,-0.096030,-0.019638,0.096184,-0.995339,-0.007041,-0.018871,-0.008896,0.999782,0,0.23778,-0.70963,3.003,-0.126,-1,517.501,-1,670.974,-1,451.594,488.120,703.766,666.936,-1,-1,-1,-1,955.361,-1,-1,-1,2,0,2,0,2,0,0,0,0,2,2,2,2,0,2,2,2
15,1426.854,5018.063,559.308,174.329,-0.994820,-0.098854,-0.023695,0.098784,-0.995100,0.004111,-0.023986,0.001749,0.999711,0,0.23778,-0.70963,3.261,-0.150,-1,513.878,-1,647.259,-1,445.254,477.558,741.868,628.965,-1,-1,-1,-1,945.870,-1,-1,-1,2,0,2,0,2,0,0,0,0,2,2,2,2,0,2,2,2
16,1423.927,5019.896,559.667,174.154,-0.994394,-0.102166,-0.027269,0.101817,-0.994706,0.013910,-0.028545,0.011055,0.999531,0,0.23778,-0.70963,3.454,-0.175,-1,511.791,-1,628.752,-1,440.850,469.552,778.095,599.589,-1,-1,-1,-1,939.507,-1,-1,-1,2,0,2,0,2,0,0,0,0,2,2,2,2,0,2,2,2
17,1420.798,5021.772,560.398,173.958,-0.993910,-0.105851,-0.030618,0.105207,-0.994208,0.021931,-0.032762,0.018576,0.999291,0,0.23778,-0.70963,3.648,-0.196,-1,510.341,-1,614.707,-1,437.740,463.563,810.435,579.563,-1,-1,-1,-1,933.753,-1,-1,-1,2,0,2,0,2,0,0,0,0,2,2,2,2,0,2,2,2
18,1417.342,5023.646,561.464,173.747,-0.993410,-0.109729,-0.033094,0.108844,-0.993679,0.027464,-0.035899,0.023681,0.999075,0,0.23778,-0.70963,3.931,-0.210,-1,510.534,-1,607.028,-1,436.871,460.779,834.720,568.957,-1,-1,-1,-1,931.579,-1,-1,-1,2,0,2,0,2,0,0,0,0,2,2,2,2,0,2,2,2
19,1413.636,5025.579,562.678,173.504,-0.992855,-0.114106,-0.034917,0.113059,-0.993116,0.030624,-0.038171,0.026458,0.998921,0,0.23778,-0.70963,4.180,-0.244,-1,511.494,-1,604.253,-1,437.488,460.385,848.928,565.908,-1,-1,-1,-1,930.921,-1,-1,-1,2,0,2,0,2,0,0,0,0,2,2,2,2,0,2,2,2
20,1409.710,5027.566,563.804,173.228,-0.992233,-0.118954,-0.036386,0.117822,-0.992525,0.031818,-0.039899,0.027284,0.998831,0,0.23778,-0.70963,4.401,-0.275,-1,512.254,-1,604.388,-1,438.573,461.235,853.008,568.112,-1,-1,-1,-1,929.516,-1,-1,-1,2,0,2,0,2,0,0,0,0,2,2,2,2,0,2,2,2
21,1405.571,5029.553,564.644,172.941,-0.991583,-0.123956,-0.037401,0.122790,-0.991916,0.032032,-0.041069,0.027170,0.998787,0,0.23778,-0.70963,4.591,-0.287,-1,512.895,-1,605.914,-1,439.800,462.589,850.989,572.018,-1,-1,-1,-1,929.162,-1,-1,-1,2,0,2,0,2,0,0,0,0,2,2,2,2,0,2,2,2
22,1401.321,5031.632,565.137,172.630,-0.990888,-0.129335,-0.037588,0.128170,-0.991239,0.031910,-0.041385,0.026801,0.998784,0,0.23778,-0.70963,4.731,-0.311,-1,514.281,-1,608.924,-1,441.679,464.742,845.947,575.492,-1,-1,-1,-1,932.039,-1,-1,-1,2,0,2,0,2,0,0,0,0,2,2,2,2,0,2,2,2
23,1397.029,5033.879,565.256,172.275,-0.990096,-0.135425,-0.037024,0.134298,-0.990443,0.031420,-0.040925,0.026137,0.998820,0,0.23778,-0.70963,4.845,-0.354,-1,516.537,-1,613.293,-1,444.190,467.586,837.432,578.477,-1,-1,-1,-1,938.293,-1,-1,-1,2,0,2,0,2,0,0,0,0,2,2,2,2,0,2,2,2
24,1392.656,5036.279,565.014,171.888,-0.989214,-0.142063,-0.035677,0.141005,-0.989536,0.030605,-0.039652,0.025244,0.998895,0,0.23778,-0.70963,4.988,-0.388,-1,519.871,-1,618.883,-1,447.372,471.191,825.951,580.877,-1,-1,-1,-1,948.064,-1,-1,-1,2,0,2,0,2,0,0,0,0,2,2,2,2,0,2,2,2
25,1388.193,5038.820,564.471,171.470,-0.988237,-0.149174,-0.033678,0.148217,-0.988520,0.029337,-0.037668,0.024000,0.999002,0,0.23778,-0.70963,5.136,-0.417,-1,523.824,-1,625.948,-1,451.148,475.558,811.146,583.269,-1,-1,-1,-1,960.601,-1,-1,-1,2,0,2,0,2,0,0,0,0,2,2,2,2,0,2,2,2
26,1383.570,5041.447,563.719,171.042,-0.987199,-0.156439,-0.031053,0.155609,-0.987434,0.027564,-0.034975,0.022379,0.999138,0,0.23778,-0.70963,5.317,-0.428,-1,528.576,-1,634.770,-1,455.689,480.874,793.474,586.236,-1,-1,-1,-1,976.420,-1,-1,-1,2,0,2,0,2,0,0,0,0,2,2,2,2,0,2,2,2
27,1378.827,5044.208,562.881,170.578,-0.986007,-0.164299,-0.028206,0.163627,-0.986213,0.024694,-0.031874,0.019733,0.999297,0,0.30983,-0.87465,5.488,-0.465,-1,533.522,-1,645.725,-1,460.778,487.134,771.333,591.978,-1,-1,-1,-1,993.666,-1,-1,-1,2,0,2,0,2,0,0,0,0,2,2,2,2,0,2,2,2
28,1373.861,5046.998,562.057,170.118,-0.984772,-0.172054,-0.024929,0.171553,-0.984950,0.021044,-0.028175,0.016447,0.999468,0,0.30983,-0.87465,5.696,-0.460,-1,539.485,-1,659.891,-1,466.887,494.664,746.973,599.990,-1,-1,-1,-1,-1,-1,-1,-1,2,0,2,0,2,0,0,0,0,2,2,2,2,2,2,2,2
29,1368.755,5049.867,561.374,169.638,-0.983410,-0.180139,-0.021309,0.179810,-0.983564,0.016464,-0.023925,0.012359,0.999637,0,0.30983,-0.87465,5.857,-0.480,-1,546.711,-1,676.374,-1,474.371,503.851,720.720,611.276,-1,-1,-1,-1,-1,-1,-1,-1,2,0,2,0,2,0,0,0,0,2,2,2,2,2,2,2,2
30,1363.477,5052.845,560.898,169.148,-0.981936,-0.188413,-0.017358,0.188244,-0.982062,0.010919,-0.019103,0.007454,0.999790,0,0.30983,-0.87465,6.060,-0.491,-1,555.450,-1,696.950,-1,483.474,515.057,694.455,626.214,-1,-1,-1,-1,-1,-1,-1,-1,2,0,2,0,2,0,0,0,0,2,2,2,2,2,2,2,2
31,1358.163,5056.062,560.631,168.604,-0.980186,-0.197611,-0.013632,0.197577,-0.980280,0.003811,-0.014116,0.001042,0.999900,0,0.30983,-0.87465,6.211,-0.544,-1,564.581,-1,721.471,-1,493.655,527.927,664.145,647.241,-1,-1,-1,-1,-1,-1,-1,-1,2,0,2,0,2,0,0,0,0,2,2,2,2,2,2,2,2
32,1351.677,5060.081,560.793,167.947,-0.977917,-0.208764,-0.009840,0.208809,-0.977949,-0.003745,-0.008841,-0.005717,0.999945,0,0.30983,-0.87465,7.631,-0.657,-1,576.191,-1,748.027,-1,506.299,543.429,634.276,672.240,-1,-1,-1,-1,-1,-1,-1,-1,2,0,2,0,2,0,0,0,0,2,2,2,2,2,2,2,2
33,1347.259,5062.845,561.201,167.529,-0.976387,-0.215885,-0.007880,0.215940,-0.976381,-0.007064,-0.006169,-0.008599,0.999944,0,0.30983,-0.87465,5.212,-0.418,-1,583.995,-1,763.338,-1,514.246,552.605,622.600,684.870,-1,-1,-1,-1,-1,-1,-1,-1,2,0,2,0,2,0,0,0,0,2,2,2,2,2,2,2,2
34,1341.705,5066.465,561.947,167.007,-0.974391,-0.224778,-0.006156,0.224828,-0.974354,-0.009267,-0.003915,-0.010414,0.999938,0,0.30983,-0.87465,6.630,-0.522,-1,593.281,-1,779.116,-1,523.062,562.243,614.461,695.516,-1,-1,-1,-1,-1,-1,-1,-1,2,0,2,0,2,0,0,0,0,2,2,2,2,2,2,2,2
35,1336.071,5070.242,562.785,166.493,-0.972340,-0.233520,-0.004908,0.233557,-0.972297,-0.009483,-0.002557,-0.010367,0.999943,0,0.30983,-0.87465,6.782,-0.514,-1,602.145,-1,788.462,-1,530.715,569.948,612.220,699.565,-1,-1,-1,-1,-1,-1,-1,-1,2,0,2,0,2,0,0,0,0,2,2,2,2,2,2,2,2
36,1330.452,5074.287,563.545,165.950,-0.970081,-0.242742,-0.004307,0.242772,-0.970044,-0.008792,-0.002044,-0.009575,0.999952,0,0.30983,-0.87465,6.924,-0.544,-1,609.877,-1,794.535,-1,536.793,575.716,611.575,700.206,-1,-1,-1,-1,-1,-1,-1,-1,2,0,2,0,2,0,0,0,0,2,2,2,2,2,2,2,2
37,1324.738,5078.505,564.035,165.406,-0.967732,-0.251950,-0.004104,0.251974,-0.967706,-0.007373,-0.002114,-0.008169,0.999964,0,0.30983,-0.87465,7.103,-0.544,-1,615.890,-1,797.425,-1,541.156,579.549,611.008,697.416,-1,-1,-1,-1,-1,-1,-1,-1,2,0,2,0,2,0,0,0,0,2,2,2,2,2,2,2,2
38,1318.983,5082.940,564.179,164.832,-0.965161,-0.261621,-0.004350,0.261644,-0.965147,-0.005831,-0.002673,-0.006766,0.999974,0,0.30983,-0.87465,7.266,-0.573,-1,619.810,-1,797.975,-1,543.781,581.527,609.719,693.097,-1,-1,-1,-1,-1,-1,-1,-1,2,0,2,0,2,0,0,0,0,2,2,2,2,2,2,2,2
39,1313.172,5087.603,563.923,164.222,-0.962317,-0.271881,-0.005266,0.271904,-0.962314,-0.004477,-0.003850,-0.005740,0.999976,0,0.30983,-0.87465,7.450,-0.610,-1,620.984,-1,796.043,-1,544.162,581.432,605.385,688.343,-1,-1,-1,-1,-1,-1,-1,-1,2,0,2,0,2,0,0,0,0,2,2,2,2,2,2,2,2
40,1307.226,5092.415,563.302,163.608,-0.959341,-0.282178,-0.006392,0.282200,-0.959352,-0.002768,-0.005351,-0.004459,0.999976,0,0.30983,-0.87465,7.649,-0.614,-1,620.551,-1,791.813,-1,543.066,579.721,600.056,681.296,-1,-1,-1,-1,-1,-1,-1,-1,2,0,2,0,2,0,0,0,0,2,2,2,2,2,2,2,2
41,1301.180,5097.412,562.381,162.981,-0.956180,-0.292671,-0.007971,0.292686,-0.956208,-0.000820,-0.007382,-0.003117,0.999968,0,0.30983,-0.87465,7.844,-0.628,-1,618.060,-1,785.672,-1,540.246,576.208,593.547,672.870,-1,-1,-1,-1,-1,-1,-1,-1,2,0,2,0,2,0,0,0,0,2,2,2,2,2,2,2,2
42,1295.043,5102.610,561.255,162.330,-0.952774,-0.303513,-0.010065,0.303515,-0.952826,0.001423,-0.010022,-0.001699,0.999948,0,0.30983,-0.87465,8.043,-0.650,-1,613.657,-1,777.420,-1,535.820,571.020,586.486,663.368,-1,-1,-1,-1,-1,-1,-1,-1,2,0,2,0,2,0,0,0,0,2,2,2,2,2,2,2,2
43,1288.726,5107.921,560.030,161.699,-0.949338,-0.314015,-0.012329,0.313980,-0.949418,0.004721,-0.013188,0.000611,0.999913,0,0.30983,-0.87465,8.253,-0.631,-1,608.223,-1,766.294,-1,530.232,564.302,582.555,651.014,-1,-1,-1,-1,-1,-1,-1,-1,2,0,2,0,2,0,0,0,0,2,2,2,2,2,2,2,2
44,1282.428,5113.285,558.781,161.079,-0.945830,-0.324320,-0.014926,0.324216,-0.945940,0.008984,-0.017033,0.003658,0.999848,0,-0.06607,-0.64275,8.272,-0.620,-1,601.685,-1,752.422,-1,523.388,556.017,580.527,636.508,-1,-1,-1,-1,-1,-1,-1,-1,2,0,2,0,2,0,0,0,0,2,2,2,2,2,2,2,2
45,1276.233,5118.406,557.596,160.538,-0.942648,-0.333344,-0.017208,0.333108,-0.942766,0.015217,-0.021296,0.008612,0.999736,0,-0.06607,-0.64275,8.038,-0.541,-1,595.429,-1,735.403,-1,515.982,546.458,584.560,617.114,-1,-1,-1,-1,-1,-1,-1,-1,2,0,2,0,2,0,0,0,0,2,2,2,2,2,2,2,2
46,1270.003,5123.303,556.477,160.075,-0.939828,-0.341106,-0.019241,0.340676,-0.939912,0.022482,-0.025754,0.014574,0.999562,0,-0.06607,-0.64275,7.925,-0.463,-1,589.309,-1,717.020,-1,508.356,536.334,591.612,596.123,-1,-1,-1,-1,-1,-1,-1,-1,2,0,2,0,2,0,0,0,0,2,2,2,2,2,2,2,2
47,1263.821,5128.031,555.449,159.660,-0.937197,-0.348110,-0.021935,0.347422,-0.937231,0.029939,-0.030980,0.020438,0.999311,0,-0.06607,-0.64275,7.782,-0.415,-1,581.376,-1,697.152,-1,499.444,525.073,599.217,576.534,-1,-1,-1,-1,-1,-1,-1,-1,2,0,2,0,2,0,0,0,0,2,2,2,2,2,2,2,2
48,1257.734,5132.521,554.621,159.299,-0.934794,-0.354281,-0.025391,0.353249,-0.934771,0.037672,-0.037082,0.026246,0.998968,0,-0.06607,-0.64275,7.564,-0.361,-1,571.757,-1,675.942,-1,489.369,512.758,608.020,558.628,-1,-1,-1,-1,-1,-1,-1,-1,2,0,2,0,2,0,0,0,0,2,2,2,2,2,2,2,2
49,1251.793,5136.858,554.045,158.965,-0.932464,-0.360058,-0.029472,0.358591,-0.932387,0.045465,-0.043849,0.031826,0.998531,0,-0.06607,-0.64275,7.356,-0.334,-1,561.189,-1,654.595,-1,478.795,500.027,617.955,542.818,-1,-1,-1,-1,-1,-1,-1,-1,2,0,2,0,2,0,0,0,0,2,2,2,2,2,2,2,2
50,1245.938,5141.074,553.745,158.665,-0.930278,-0.365327,-0.033464,0.363346,-0.930124,0.053383,-0.050628,0.037502,0.998013,0,-0.06607,-0.64275,7.215,-0.300,-1,551.477,-1,634.735,-1,469.008,488.104,630.106,528.393,-1,-1,-1,-1,-1,-1,-1,-1,2,0,2,0,2,0,0,0,0,2,2,2,2,2,2,2,2
51,1240.003,5145.160,553.854,158.418,-0.928448,-0.369712,-0.036018,0.367269,-0.928170,0.060116,-0.055656,0.042586,0.997541,0,-0.06607,-0.64275,7.205,-0.248,-1,546.276,-1,620.877,-1,463.142,480.417,642.874,517.696,-1,-1,-1,-1,-1,-1,-1,-1,2,0,2,0,2,0,0,0,0,2,2,2,2,2,2,2,2
52,1234.035,5149.172,554.319,158.181,-0.926775,-0.373791,-0.036995,0.371035,-0.926355,0.064812,-0.058496,0.046340,0.997212,0,-0.06607,-0.64275,7.191,-0.236,-1,545.912,-1,614.322,-1,461.636,477.674,653.301,511.902,-1,-1,-1,-1,-1,-1,-1,-1,2,0,2,0,2,0,0,0,0,2,2,2,2,2,2,2,2
53,1228.122,5153.118,554.922,157.940,-0.925136,-0.377835,-0.036936,0.374908,-0.924588,0.067686,-0.059725,0.048771,0.997023,0,-0.06607,-0.64275,7.109,-0.241,-1,548.552,-1,612.764,-1,462.921,478.304,660.137,509.869,-1,-1,-1,-1,-1,1006.976,-1,-1,2,0,2,0,2,0,0,0,0,2,2,2,2,2,0,2,2
54,1222.354,5156.913,555.503,157.698,-0.923521,-0.381813,-0.036427,0.378804,-0.922868,0.069438,-0.060129,0.050329,0.996921,0,-0.06607,-0.64275,6.905,-0.242,-1,552.223,-1,613.628,-1,465.365,480.285,664.006,509.803,-1,-1,-1,-1,-1,1005.049,-1,-1,2,0,2,0,2,0,0,0,0,2,2,2,2,2,0,2,2
55,1216.716,5160.538,555.927,157.463,-0.921946,-0.385633,-0.036107,0.382582,-0.921239,0.070352,-0.060393,0.051047,0.996868,0,-0.06607,-0.64275,6.702,-0.235,-1,555.120,-1,614.946,-1,467.494,481.991,664.109,511.096,-1,-1,-1,-1,-1,1004.267,-1,-1,2,0,2,0,2,0,0,0,0,2,2,2,2,2,0,2,2
56,1211.237,5163.985,556.085,157.244,-0.920449,-0.389177,-0.036258,0.386093,-0.919744,0.070734,-0.060876,0.051108,0.996836,0,-0.06607,-0.64275,6.473,-0.219,-1,556.272,-1,615.451,-1,468.457,482.775,661.062,512.961,-1,-1,-1,-1,-1,1002.579,-1,-1,2,0,2,0,2,0,0,0,0,2,2,2,2,2,0,2,2
57,1205.880,5167.256,555.921,157.045,-0.919073,-0.392386,-0.036568,0.389271,-0.918388,0.070935,-0.061418,0.050960,0.996810,0,-0.06607,-0.64275,6.276,-0.199,-1,556.201,-1,615.015,-1,468.462,482.692,656.227,514.183,-1,-1,-1,-1,-1,999.807,-1,-1,2,0,2,0,2,0,0,0,0,2,2,2,2,2,0,2,2
58,1200.603,5170.376,555.420,156.866,-0.917833,-0.395261,-0.036772,0.392131,-0.917168,0.070966,-0.061776,0.050716,0.996801,0,-0.06607,-0.64275,6.130,-0.179,-1,555.443,-1,614.100,-1,467.910,482.101,649.943,514.613,-1,-1,-1,-1,-1,996.682,-1,-1,2,0,2,0,2,0,0,0,0,2,2,2,2,2,0,2,2
59,1195.406,5173.377,554.612,156.699,-0.916688,-0.397920,-0.036649,0.394813,-0.916040,0.070670,-0.061693,0.050313,0.996826,0,-0.06607,-0.64275,6.002,-0.167,-1,554.646,-1,613.419,-1,467.325,481.543,642.808,514.506,-1,-1,-1,-1,-1,994.446,-1,-1,2,0,2,0,2,0,0,0,0,2,2,2,2,2,0,2,2
60,1190.305,5176.290,553.566,156.534,-0.915584,-0.400491,-0.036222,0.397453,-0.914958,0.069875,-0.061126,0.049580,0.996898,0,-0.06607,-0.64275,5.874,-0.164,-1,554.008,-1,613.431,-1,466.938,481.303,634.014,514.438,-1,-1,-1,-1,-1,993.776,-1,-1,2,0,2,0,2,0,0,0,0,2,2,2,2,2,0,2,2
61,1185.302,5179.127,552.379,156.370,-0.914495,-0.403033,-0.035556,0.400112,-0.913907,0.068443,-0.060079,0.048365,0.997021,0,-0.06607,-0.64275,5.752,-0.165,-1,553.695,-1,614.522,-1,466.948,481.630,623.159,515.038,-1,-1,-1,-1,-1,995.408,-1,-1,2,0,2,0,2,0,0,0,0,2,2,2,2,2,0,2,2
62,1180.384,5181.881,551.141,156.207,-0.913436,-0.405498,-0.034719,0.402739,-0.912905,0.066377,-0.058610,0.046648,0.997190,0,-0.06607,-0.64275,5.636,-0.162,-1,553.801,-1,616.820,-1,467.453,482.647,610.106,516.654,-1,-1,-1,-1,-1,999.707,-1,-1,2,0,2,0,2,0,0,0,0,2,2,2,2,2,0,2,2
63,1175.559,5184.534,549.927,156.052,-0.912428,-0.407829,-0.033907,0.405257,-0.911975,0.063782,-0.056934,0.044455,0.997388,0,-0.06607,-0.64275,5.506,-0.156,-1,554.051,-1,620.010,-1,468.251,484.182,595.956,519.461,-1,-1,-1,-1,-1,1005.674,-1,-1,2,0,2,0,2,0,0,0,0,2,2,2,2,2,0,2,2
64,1170.879,5187.047,548.867,155.907,-0.911485,-0.409972,-0.033432,0.407586,-0.911140,0.060806,-0.055390,0.041797,0.997590,0,-0.06607,-0.64275,5.313,-0.144,-1,553.988,-1,623.438,-1,468.904,485.871,581.354,523.799,-1,-1,-1,-1,-1,-1,-1,-1,2,0,2,0,2,0,0,0,0,2,2,2,2,2,2,2,2
65,1166.411,5189.434,548.066,155.774,-0.910610,-0.411947,-0.032990,0.409739,-0.910364,0.057886,-0.053879,0.039195,0.997778,0,-0.06607,-0.64275,5.066,-0.133,-1,554.485,-1,626.803,-1,470.038,488.039,568.357,528.839,-1,-1,-1,-1,-1,-1,-1,-1,2,0,2,0,2,0,0,0,0,2,2,2,2,2,2,2,2
66,1162.146,5191.724,547.545,155.653,-0.909817,-0.413746,-0.032370,0.411691,-0.909636,0.055440,-0.052383,0.037113,0.997937,0,-0.06607,-0.64275,4.841,-0.121,-1,555.996,-1,630.475,-1,471.824,490.348,558.973,533.577,-1,-1,-1,-1,-1,-1,-1,-1,2,0,2,0,2,0,0,0,0,2,2,2,2,2,2,2,2
67,1158.016,5193.960,547.294,155.545,-0.909112,-0.415362,-0.031467,0.413442,-0.908959,0.053463,-0.050809,0.035594,0.998074,0,-0.06607,-0.64275,4.696,-0.108,-1,558.745,-1,634.599,-1,474.419,493.209,552.480,537.900,-1,-1,-1,-1,-1,-1,-1,-1,2,0,2,0,2,0,0,0,0,2,2,2,2,2,2,2,2
68,1153.231,5196.624,547.281,155.418,-0.908273,-0.417279,-0.030294,0.415499,-0.908136,0.051471,-0.048988,0.034162,0.998215,0,-0.10160,-0.94790,5.477,-0.127,-1,562.960,-1,639.921,-1,478.159,497.120,546.952,543.067,-1,-1,-1,-1,-1,-1,-1,-1,2,0,2,0,2,0,0,0,0,2,2,2,2,2,2,2,2
69,1150.165,5198.419,547.388,155.324,-0.907633,-0.418713,-0.029704,0.417010,-0.907508,0.050313,-0.048024,0.033279,0.998292,0,-0.10160,-0.94790,3.553,-0.094,-1,565.628,-1,643.608,-1,480.541,499.609,543.876,546.628,-1,-1,-1,-1,-1,-1,-1,-1,2,0,2,0,2,0,0,0,0,2,2,2,2,2,2,2,2
70,1146.460,5200.651,547.574,155.204,-0.906793,-0.420557,-0.029289,0.418912,-0.906684,0.049362,-0.047316,0.032492,0.998351,0,-0.10160,-0.94790,4.326,-0.119,-1,568.220,-1,646.988,-1,482.839,502.125,541.072,550.373,-1,-1,-1,-1,-1,-1,-1,-1,2,0,2,0,2,0,0,0,0,2,2,2,2,2,2,2,2
71,1142.895,5202.823,547.721,155.094,-0.905984,-0.422300,-0.029273,0.420668,-0.905886,0.049082,-0.047245,0.032153,0.998366,0,-0.10160,-0.94790,4.174,-0.111,-1,569.559,-1,648.362,-1,483.972,503.324,539.339,552.785,-1,-1,-1,-1,-1,-1,-1,-1,2,0,2,0,2,0,0,0,0,2,2,2,2,2,2,2,2
72,1139.482,5204.932,547.755,154.988,-0.905189,-0.423981,-0.029534,0.422325,-0.905096,0.049430,-0.047688,0.032270,0.998341,0,-0.10160,-0.94790,4.012,-0.105,-1,569.717,-1,647.825,-1,483.991,503.258,538.425,553.597,-1,-1,-1,-1,-1,-1,-1,-1,2,0,2,0,2,0,0,0,0,2,2,2,2,2,2,2,2
73,1136.229,5206.985,547.631,154.888,-0.904419,-0.425596,-0.029897,0.423883,-0.904316,0.050366,-0.048472,0.032879,0.998283,0,-0.10160,-0.94790,3.847,-0.100,-1,568.968,-1,645.652,-1,483.106,502.129,538.280,552.615,-1,-1,-1,-1,-1,-1,-1,-1,2,0,2,0,2,0,0,0,0,2,2,2,2,2,2,2,2
74,1133.141,5209.003,547.335,154.786,-0.903615,-0.427276,-0.030253,0.425485,-0.903487,0.051707,-0.049426,0.033851,0.998204,0,-0.10160,-0.94790,3.690,-0.103,-1,567.610,-1,642.378,-1,481.593,500.262,538.387,550.108,-1,-1,-1,-1,-1,-1,-1,-1,2,0,2,0,2,0,0,0,0,2,2,2,2,2,2,2,2
75,1130.227,5210.971,546.904,154.681,-0.902791,-0.428997,-0.030483,0.427112,-0.902619,0.053426,-0.050434,0.035213,0.998106,0,-0.10160,-0.94790,3.516,-0.105,-1,566.026,-1,638.363,-1,479.743,497.937,539.117,546.177,-1,-1,-1,-1,-1,-1,-1,-1,2,0,2,0,2,0,0,0,0,2,2,2,2,2,2,2,2
76,1127.478,5212.882,546.386,154.579,-0.901977,-0.430697,-0.030628,0.428701,-0.901741,0.055484,-0.051515,0.036916,0.997990,0,-0.10160,-0.94790,3.348,-0.102,-1,564.250,-1,633.711,-1,477.614,495.225,540.531,541.134,-1,-1,-1,-1,-1,-1,-1,-1,2,0,2,0,2,0,0,0,0,2,2,2,2,2,2,2,2
77,1124.877,5214.733,545.823,154.478,-0.901161,-0.432389,-0.030803,0.430264,-0.900850,0.057815,-0.052747,0.038847,0.997852,0,-0.10160,-0.94790,3.192,-0.101,-1,562.152,-1,628.458,-1,475.156,492.114,542.478,535.402,-1,-1,-1,-1,-1,-1,-1,-1,2,0,2,0,2,0,0,0,0,2,2,2,2,2,2,2,2
78,1122.410,5216.525,545.260,154.380,-0.900357,-0.434039,-0.031102,0.431764,-0.899964,0.060366,-0.054192,0.040922,0.997692,0,-0.10160,-0.94790,3.049,-0.098,-1,559.645,-1,622.641,-1,472.347,488.607,544.892,529.340,-1,-1,-1,-1,-1,1000.051,-1,-1,2,0,2,0,2,0,0,0,0,2,2,2,2,2,0,2,2
79,1120.066,5218.253,544.737,154.287,-0.899574,-0.435625,-0.031574,0.433178,-0.899096,0.063120,-0.055885,0.043104,0.997506,0,-0.10160,-0.94790,2.912,-0.093,-1,556.736,-1,616.325,-1,469.223,484.747,547.840,523.178,-1,-1,-1,-1,-1,988.874,-1,-1,2,0,2,0,2,0,0,0,0,2,2,2,2,2,0,2,2
80,1117.823,5219.930,544.317,154.199,-0.898819,-0.437141,-0.032118,0.434519,-0.898259,0.065758,-0.057596,0.045148,0.997319,0,-0.10160,-0.94790,2.800,-0.088,-1,553.958,-1,610.389,-1,466.308,481.115,550.883,517.702,-1,-1,-1,-1,-1,978.280,-1,-1,2,0,2,0,2,0,0,0,0,2,2,2,2,2,0,2,2
81,1115.631,5221.563,544.085,154.113,-0.898103,-0.438587,-0.032451,0.435839,-0.897480,0.067630,-0.058786,0.046595,0.997183,0,-0.10160,-0.94790,2.733,-0.086,-1,552.428,-1,606.569,-1,464.603,478.879,553.175,514.255,-1,-1,-1,-1,-1,971.113,-1,-1,2,0,2,0,2,0,0,0,0,2,2,2,2,2,0,2,2
82,1113.485,5223.144,544.033,154.026,-0.897402,-0.440011,-0.032565,0.437194,-0.896740,0.068696,-0.059430,0.047411,0.997106,0,-0.10160,-0.94790,2.666,-0.088,-1,552.133,-1,604.904,-1,464.129,478.066,554.465,512.835,-1,-1,-1,-1,-1,967.433,-1,-1,2,0,2,0,2,0,0,0,0,2,2,2,2,2,0,2,2
83,1111.400,5224.655,544.125,153.937,-0.896705,-0.441425,-0.032606,0.438578,-0.896029,0.069153,-0.059741,0.047710,0.997073,0,-0.10160,-0.94790,2.575,-0.089,-1,552.595,-1,604.718,-1,464.432,478.206,554.795,513.007,-1,-1,-1,-1,-1,966.133,-1,-1,2,0,2,0,2,0,0,0,0,2,2,2,2,2,0,2,2
84,1109.408,5226.091,544.304,153.850,-0.896026,-0.442797,-0.032681,0.439936,-0.895351,0.069295,-0.059944,0.047712,0.997061,0,-0.10160,-0.94790,2.456,-0.087,-1,553.304,-1,605.196,-1,464.881,478.751,554.638,514.072,-1,-1,-1,-1,-1,965.902,-1,-1,2,0,2,0,2,0,0,0,0,2,2,2,2,2,0,2,2
85,1107.576,5227.448,544.525,153.765,-0.895365,-0.444130,-0.032723,0.441255,-0.894688,0.069474,-0.060132,0.047765,0.997047,0,-0.10160,-0.94790,2.281,-0.085,-1,554.165,-1,605.778,-1,465.441,479.389,554.839,515.108,-1,-1,-1,-1,-1,965.841,-1,-1,2,0,2,0,2,0,0,0,0,2,2,2,2,2,0,2,2
86,1105.910,5228.716,544.744,153.685,-0.894739,-0.445392,-0.032692,0.442490,-0.894042,0.069941,-0.060379,0.048113,0.997015,0,-0.10160,-0.94790,2.093,-0.079,-1,555.027,-1,605.990,-1,465.925,479.842,555.940,515.426,-1,-1,-1,-1,-1,965.206,-1,-1,2,0,2,0,2,0,0,0,0,2,2,2,2,2,0,2,2
87,1104.406,5229.895,544.922,153.613,-0.894156,-0.446564,-0.032638,0.443614,-0.893421,0.070756,-0.060757,0.048788,0.996960,0,-0.10160,-0.94790,1.911,-0.073,-1,555.672,-1,605.545,-1,466.137,479.899,557.898,514.840,-1,-1,-1,-1,-1,963.559,-1,-1,2,0,2,0,2,0,0,0,0,2,2,2,2,2,0,2,2
88,1103.045,5230.988,545.041,153.547,-0.893615,-0.447646,-0.032625,0.444629,-0.892828,0.071855,-0.061294,0.049704,0.996881,0,-0.10160,-0.94790,1.745,-0.066,-1,555.923,-1,604.393,-1,465.973,479.482,560.380,513.491,-1,-1,-1,-1,-1,960.840,-1,-1,2,0,2,0,2,0,0,0,0,2,2,2,2,2,0,2,2
89,1101.806,5232.001,545.094,153.487,-0.893111,-0.448647,-0.032690,0.445549,-0.892269,0.073092,-0.061961,0.050714,0.996789,0,-0.10160,-0.94790,1.601,-0.060,-1,555.735,-1,602.696,-1,465.451,478.661,562.940,511.702,-1,-1,-1,-1,-1,957.332,-1,-1,2,0,2,0,2,0,0,0,0,2,2,2,2,2,0,2,2
90,1100.663,5232.940,545.089,153.431,-0.892634,-0.449584,-0.032840,0.446402,-0.891744,0.074288,-0.062684,0.051653,0.996696,0,-0.10160,-0.94790,1.479,-0.056,-1,555.184,-1,600.761,-1,464.685,477.609,565.112,509.866,-1,-1,-1,-1,-1,953.547,-1,-1,2,0,2,0,2,0,0,0,0,2,2,2,2,2,0,2,2
91,1099.597,5233.816,545.036,153.376,-0.892170,-0.450488,-0.033057,0.447233,-0.891245,0.075264,-0.063367,0.052364,0.996616,0,-0.10160,-0.94790,1.380,-0.055,-1,554.416,-1,598.946,-1,463.835,476.544,566.462,508.362,-1,-1,-1,-1,-1,950.069,-1,-1,2,0,2,0,2,0,0,0,0,2,2,2,2,2,0,2,2
92,1098.584,5234.635,544.946,153.323,-0.891722,-0.451359,-0.033287,0.448050,-0.890781,0.075895,-0.063907,0.052763,0.996560,0,-0.10160,-0.94790,1.303,-0.053,-1,553.635,-1,597.564,-1,463.079,475.679,566.771,507.421,-1,-1,-1,-1,-1,947.406,-1,-1,2,0,2,0,2,0,0,0,0,2,2,2,2,2,0,2,2
93,1097.609,5235.404,544.827,153.269,-0.891285,-0.452206,-0.033489,0.448871,-0.890349,0.076111,-0.064235,0.052804,0.996537,0,-0.10160,-0.94790,1.241,-0.053,-1,552.986,-1,596.814,-1,462.542,475.154,565.928,507.176,-1,-1,-1,-1,-1,945.879,-1,-1,2,0,2,0,2,0,0,0,0,2,2,2,2,2,0,2,2
94,1096.704,5236.081,544.688,153.219,-0.890877,-0.452991,-0.033731,0.449646,-0.889962,0.076065,-0.064476,0.052597,0.996532,0,-0.18899,-1.00000,1.131,-0.050,-1,552.272,-1,596.348,-1,462.039,474.745,564.315,507.383,-1,-1,-1,-1,-1,944.902,-1,-1,2,0,2,0,2,0,0,0,0,2,2,2,2,2,0,2,2
95,1095.930,5236.629,544.545,153.176,-0.890524,-0.453657,-0.034100,0.450302,-0.889644,0.075907,-0.064773,0.052241,0.996532,0,-0.18899,-1.00000,0.948,-0.043,-1,551.267,-1,595.805,-1,461.369,474.215,562.299,507.848,-1,-1,-1,-1,-1,943.874,-1,-1,2,0,2,0,2,0,0,0,0,2,2,2,2,2,0,2,2
96,1095.282,5237.068,544.404,153.139,-0.890222,-0.454222,-0.034458,0.450868,-0.889383,0.075609,-0.064989,0.051773,0.996542,0,-0.18899,-1.00000,0.783,-0.037,-1,550.323,-1,595.485,-1,460.786,473.806,560.032,508.538,-1,-1,-1,-1,-1,943.277,-1,-1,2,0,2,0,2,0,0,0,0,2,2,2,2,2,0,2,2
97,1094.753,5237.409,544.270,153.108,-0.889969,-0.454699,-0.034695,0.451359,-0.889169,0.075187,-0.065037,0.051254,0.996566,0,-0.18899,-1.00000,0.629,-0.032,-1,549.695,-1,595.555,-1,460.460,473.669,557.728,509.349,-1,-1,-1,-1,-1,943.379,-1,-1,2,0,2,0,2,0,0,0,0,2,2,2,2,2,0,2,2
98,1094.342,5237.658,544.148,153.081,-0.889766,-0.455091,-0.034767,0.451780,-0.888998,0.074674,-0.064891,0.050736,0.996602,0,-0.18899,-1.00000,0.481,-0.027,-1,549.482,-1,596.046,-1,460.450,473.847,555.549,510.187,-1,-1,-1,-1,-1,944.222,-1,-1,2,0,2,0,2,0,0,0,0,2,2,2,2,2,0,2,2
99,1094.044,5237.820,544.038,153.059,-0.889614,-0.455394,-0.034682,0.452124,-0.888871,0.074110,-0.064577,0.050249,0.996647,0,-0.18899,-1.00000,0.339,-0.022,-1,549.652,-1,596.883,-1,460.720,474.293,553.591,510.990,-1,-1,-1,-1,-1,945.678,-1,-1,2,0,2,0,2,0,0,0,0,2,2,2,2,2,0,2,2
100,1093.863,5237.895,543.942,153.043,-0.889510,-0.455612,-0.034498,0.452389,-0.888785,0.073529,-0.064163,0.049798,0.996696,0,-0.18899,-1.00000,0.196,-0.016,-1,550.069,-1,597.924,-1,461.168,474.902,551.865,511.740,-1,-1,-1,-1,-1,947.507,-1,-1,2,0,2,0,2,0,0,0,0,2,2,2,2,2,0,2,2
101,1093.798,5237.885,543.862,153.032,-0.889450,-0.455745,-0.034271,0.452568,-0.888739,0.072976,-0.063716,0.049398,0.996745,0,-0.18899,-1.00000,0.066,-0.011,-1,550.591,-1,599.012,-1,461.682,475.545,550.403,512.403,-1,-1,-1,-1,-1,949.442,-1,-1,2,0,2,0,2,0,0,0,0,2,2,2,2,2,0,2,2
102,1093.848,5237.791,543.799,153.027,-0.889436,-0.455791,-0.034043,0.452657,-0.888734,0.072486,-0.063294,0.049062,0.996788,0,-0.18899,-1.00000,0.107,-0.005,-1,551.114,-1,600.020,-1,462.180,476.128,549.249,512.948,-1,-1,-1,-1,-1,951.267,-1,-1,2,0,2,0,2,0,0,0,0,2,2,2,2,2,0,2,2
103,1094.011,5237.615,543.758,153.028,-0.889464,-0.455750,-0.033837,0.452651,-0.888769,0.072091,-0.062928,0.048806,0.996824,0,-0.18899,-1.00000,0.240,0.001,-1,551.583,-1,600.872,-1,462.615,476.634,548.452,513.348,-1,-1,-1,-1,-1,952.847,-1,-1,2,0,2,0,2,0,0,0,0,2,2,2,2,2,0,2,2
104,1094.283,5237.360,543.740,153.035,-0.889537,-0.455622,-0.033655,0.452550,-0.888843,0.071806,-0.062631,0.048644,0.996851,0,-0.18899,-1.00000,0.372,0.007,-1,551.994,-1,601.539,-1,462.980,477.052,548.062,513.579,-1,-1,-1,-1,-1,954.129,-1,-1,2,0,2,0,2,0,0,0,0,2,2,2,2,2,0,2,2
105,1094.658,5237.030,543.750,153.048,-0.889653,-0.455407,-0.033492,0.452354,-0.888956,0.071642,-0.062400,0.048587,0.996868,0,-0.18899,-1.00000,0.499,0.013,-1,552.367,-1,602.028,-1,463.286,477.390,548.122,513.633,-1,-1,-1,-1,-1,955.114,-1,-1,2,0,2,0,2,0,0,0,0,2,2,2,2,2,0,2,2
106,1094.983,5236.997,543.752,153.024,-0.889516,-0.455708,-0.033049,0.452760,-0.888858,0.070279,-0.061402,0.047551,0.996980,0,0.49523,-0.98017,0.326,-0.024,-1,553.931,-1,605.144,-1,464.831,479.205,545.240,515.876,-1,-1,-1,-1,-1,960.458,-1,-1,2,0,2,0,2,0,0,0,0,2,2,2,2,2,0,2,2
107,1094.896,5237.481,543.679,152.932,-0.888931,-0.456952,-0.031583,0.454265,-0.888339,0.067052,-0.058696,0.045257,0.997249,0,0.49523,-0.98017,0.492,-0.092,-1,558.581,-1,613.093,-1,469.128,483.995,538.379,520.932,-1,-1,-1,-1,-1,974.123,-1,-1,2,0,2,0,2,0,0,0,0,2,2,2,2,2,0,2,2
108,1094.209,5238.366,543.524,152.797,-0.888081,-0.458766,-0.029103,0.456462,-0.887567,0.062191,-0.054362,0.041946,0.997640,0,0.49523,-0.98017,1.120,-0.134,-1,566.263,-1,624.642,-1,476.076,491.571,528.448,528.439,-1,-1,-1,-1,-1,995.958,-1,-1,2,0,2,0,2,0,0,0,0,2,2,2,2,2,0,2,2
109,1093.036,5239.597,543.374,152.623,-0.886903,-0.461185,-0.026672,0.459285,-0.886504,0.056283,-0.049601,0.037668,0.998059,0,0.49523,-0.98017,1.701,-0.175,-1,574.607,-1,638.263,-1,483.914,500.276,516.016,538.460,-1,-1,-1,-1,-1,-1,-1,-1,2,0,2,0,2,0,0,0,0,2,2,2,2,2,2,2,2
110,1091.492,5241.242,543.406,152.399,-0.885257,-0.464416,-0.025244,0.462824,-0.884988,0.050895,-0.045977,0.033371,0.998385,0,0.49523,-0.98017,2.256,-0.224,-1,581.210,-1,650.475,-1,490.519,507.815,504.204,549.162,-1,-1,-1,-1,-1,-1,-1,-1,2,0,2,0,2,0,0,0,0,2,2,2,2,2,2,2,2
111,1089.626,5243.319,543.640,152.140,-0.883240,-0.468259,-0.024921,0.466857,-0.883090,0.046862,-0.043951,0.029756,0.998590,0,0.49523,-0.98017,2.793,-0.259,-1,585.419,-1,659.570,-1,495.117,513.226,494.781,558.901,-1,-1,-1,-1,-1,-1,-1,-1,2,0,2,0,2,0,0,0,0,2,2,2,2,2,2,2,2
112,1087.503,5245.829,544.002,151.847,-0.880853,-0.472701,-0.025537,0.471385,-0.880804,0.044514,-0.043535,0.027173,0.998682,0,0.49523,-0.98017,3.287,-0.294,-1,587.133,-1,664.890,-1,497.496,516.194,488.631,566.495,-1,-1,-1,-1,-1,-1,-1,-1,2,0,2,0,2,0,0,0,0,2,2,2,2,2,2,2,2
113,1085.078,5248.766,544.359,151.530,-0.878211,-0.477539,-0.026482,0.476233,-0.878232,0.043703,-0.044127,0.025769,0.998694,0,0.49523,-0.98017,3.809,-0.317,-1,587.369,-1,667.297,-1,498.380,517.343,485.337,571.146,-1,-1,-1,-1,-1,-1,-1,-1,2,0,2,0,2,0,0,0,0,2,2,2,2,2,2,2,2
114,1082.387,5252.159,544.585,151.171,-0.875167,-0.483037,-0.027531,0.481697,-0.875239,0.043878,-0.045291,0.025139,0.998657,0,0.49523,-0.98017,4.330,-0.359,-1,586.712,-1,668.097,-1,498.054,517.270,483.258,573.352,-1,-1,-1,-1,-1,-1,-1,-1,2,0,2,0,2,0,0,0,0,2,2,2,2,2,2,2,2
115,1079.382,5255.970,544.588,150.782,-0.871820,-0.489004,-0.028374,0.487597,-0.871915,0.044868,-0.046680,0.025282,0.998590,0,0.49523,-0.98017,4.853,-0.389,-1,585.670,-1,667.373,-1,496.961,516.461,482.332,572.913,-1,-1,-1,-1,-1,-1,-1,-1,2,0,2,0,2,0,0,0,0,2,2,2,2,2,2,2,2
116,1076.025,5260.176,544.305,150.377,-0.868292,-0.495214,-0.028853,0.493721,-0.868379,0.046444,-0.048055,0.026082,0.998504,0,0.49523,-0.98017,5.382,-0.405,-1,584.480,-1,665.518,-1,495.443,515.322,481.879,570.047,-1,-1,-1,-1,-1,-1,-1,-1,2,0,2,0,2,0,0,0,0,2,2,2,2,2,2,2,2
117,1072.462,5264.850,543.731,149.911,-0.864183,-0.502309,-0.029557,0.500718,-0.864275,0.048057,-0.049685,0.026730,0.998407,0,0.49523,-0.98017,5.877,-0.465,-1,582.105,-1,662.682,-1,493.022,513.423,479.926,566.522,-1,-1,-1,-1,-1,-1,-1,-1,2,0,2,0,2,0,0,0,0,2,2,2,2,2,2,2,2
118,1068.685,5269.975,542.906,149.401,-0.859606,-0.510061,-0.030263,0.508359,-0.859698,0.049905,-0.051472,0.027514,0.998295,0,0.49523,-0.98017,6.366,-0.511,-1,579.031,-1,659.023,-1,490.144,510.906,477.295,561.855,-1,-1,-1,-1,-1,-1,-1,-1,2,0,2,0,2,0,0,0,0,2,2,2,2,2,2,2,2
119,1064.654,5275.511,541.925,148.868,-0.854772,-0.518109,-0.030457,0.516276,-0.854823,0.052320,-0.053143,0.028997,0.998166,0,0.49523,-0.98017,6.849,-0.532,-1,576.202,-1,654.871,-1,487.452,507.875,475.658,555.166,-1,-1,-1,-1,-1,-1,-1,-1,2,0,2,0,2,0,0,0,0,2,2,2,2,2,2,2,2
120,1060.424,5281.488,540.831,148.287,-0.849397,-0.526850,-0.030864,0.524860,-0.849410,0.054999,-0.055192,0.030517,0.998009,0,0.49523,-0.98017,7.322,-0.581,-1,572.360,-1,649.932,-1,484.076,504.206,474.415,548.035,-1,-1,-1,-1,-1,-1,-1,-1,2,0,2,0,2,0,0,0,0,2,2,2,2,2,2,2,2
121,1056.002,5287.851,539.664,147.665,-0.843504,-0.536168,-0.032001,0.533971,-0.843510,0.058014,-0.058099,0.031847,0.997803,0,0.49523,-0.98017,7.749,-0.623,-1,566.485,-1,643.406,-1,479.249,499.242,472.350,541.077,-1,-1,-1,-1,950.140,-1,-1,-1,2,0,2,0,2,0,0,0,0,2,2,2,2,1,2,2,2
122,1051.379,5294.623,538.505,147.004,-0.837121,-0.545990,-0.033518,0.543542,-0.837135,0.061384,-0.061574,0.033168,0.997551,0,0.49523,-0.98017,8.199,-0.660,-1,559.596,-1,635.993,-1,473.686,493.592,470.150,534.207,-1,-1,-1,-1,850.240,-1,-1,-1,2,0,2,0,2,0,0,0,0,2,2,2,2,1,2,2,2
123,1046.202,5301.705,537.352,146.411,-0.831298,-0.554804,-0.033695,0.552083,-0.831205,0.065599,-0.064403,0.035930,0.997277,0,0.49523,-0.98017,8.772,-0.593,-1,554.649,-1,628.547,-1,469.343,488.540,471.346,524.858,-1,-1,-1,-1,764.105,994.875,-1,-1,2,0,2,0,2,0,0,0,0,2,2,2,2,1,0,2,2
124,1040.654,5309.155,536.193,145.845,-0.825659,-0.563164,-0.033663,0.560178,-0.825443,0.069602,-0.066984,0.038611,0.997007,0,0.49523,-0.98017,9.289,-0.566,-1,549.957,-1,621.537,-1,465.393,483.829,472.287,516.226,-1,-1,-1,-1,761.916,981.600,-1,-1,2,0,2,0,2,0,0,0,0,2,2,2,2,1,0,2,2
125,1035.167,5317.079,535.030,145.167,-0.818793,-0.573011,-0.035149,0.569774,-0.818607,0.072388,-0.070252,0.039244,0.996757,0,0.49523,-0.98017,9.639,-0.678,-1,542.890,-1,615.256,-1,460.373,478.825,469.342,511.683,-1,-1,-1,-1,765.506,969.844,985.682,-1,2,0,2,0,2,0,0,0,0,2,2,2,2,1,0,1,2
126,1029.544,5325.405,533.931,144.448,-0.811418,-0.583343,-0.036221,0.579895,-0.811259,0.074699,-0.072960,0.039608,0.996548,0,0.49523,-0.98017,10.047,-0.719,-1,537.134,-1,610.737,-1,456.479,475.155,468.368,507.994,-1,-1,-1,-1,769.812,961.461,915.592,-1,2,0,2,0,2,0,0,0,0,2,2,2,2,1,0,1,2
127,1023.892,5334.225,532.884,143.647,-0.803081,-0.594695,-0.037391,0.591075,-0.802994,0.076364,-0.075438,0.039225,0.996379,0,0.49523,-0.98017,10.475,-0.801,-1,532.001,-1,608.150,-1,452.711,473.039,466.223,505.886,-1,-1,-1,-1,778.735,956.245,844.453,-1,2,0,2,0,2,0,0,0,0,2,2,2,2,1,0,1,2
128,1018.003,5343.467,531.833,142.831,-0.794457,-0.606122,-0.038127,0.602355,-0.794419,0.077892,-0.077500,0.038916,0.996233,0,0.49523,-0.98017,10.959,-0.816,-1,527.868,-1,606.743,-1,450.305,471.645,464.342,503.790,-1,-1,-1,-1,790.148,953.046,776.516,-1,2,0,2,0,2,0,0,0,0,2,2,2,2,1,0,1,2
129,1011.910,5353.116,530.771,142.001,-0.785531,-0.617622,-0.038530,0.613707,-0.785516,0.079552,-0.079399,0.038844,0.996086,0,0.49523,-0.98017,11.412,-0.830,-1,524.273,-1,605.598,-1,448.247,470.540,463.274,501.295,-1,-1,-1,-1,802.325,950.431,719.049,-1,2,0,2,0,2,0,0,0,0,2,2,2,2,1,0,1,2
130,1005.581,5363.125,529.694,141.183,-0.776583,-0.628825,-0.038707,0.624761,-0.776569,0.081323,-0.081197,0.038971,0.995936,0,0.49523,-0.98017,11.842,-0.817,-1,520.845,-1,604.419,-1,446.347,469.519,462.852,498.584,-1,-1,-1,-1,859.535,947.918,723.481,-1,2,0,2,0,2,0,0,0,0,2,2,2,2,1,0,1,2
131,999.505,5373.517,528.780,140.297,-0.766699,-0.640796,-0.039398,0.636596,-0.766755,0.082656,-0.083175,0.038292,0.995799,0,0.49523,-0.98017,12.038,-0.886,-1,516.287,-1,604.379,-1,444.648,468.329,461.433,497.745,-1,-1,-1,-1,876.642,947.364,731.333,-1,2,0,2,0,2,0,0,0,0,2,2,2,2,0,0,1,2
132,993.749,5384.392,528.005,139.315,-0.755569,-0.653831,-0.040252,0.649542,-0.755744,0.083344,-0.084913,0.036827,0.995708,0,0.49523,-0.98017,12.304,-0.982,-1,512.442,-1,606.397,-1,443.814,468.233,459.786,498.633,-1,-1,-1,-1,855.700,950.478,747.567,-1,2,0,2,0,2,0,0,0,0,2,2,2,2,0,0,1,2
133,988.028,5395.426,527.170,138.337,-0.744249,-0.666664,-0.040655,0.662247,-0.744482,0.084707,-0.086737,0.036119,0.995576,0,-0.10358,-0.20000,12.430,-0.979,-1,509.726,-1,607.555,-1,442.739,468.278,460.901,497.809,-1,-1,-1,-1,835.834,952.185,765.027,-1,2,0,2,0,2,0,0,0,0,2,2,2,2,0,0,1,2
134,982.339,5406.185,526.182,137.441,-0.733638,-0.678345,-0.040289,0.673652,-0.733790,0.088009,-0.089264,0.037426,0.995305,0,-0.10358,-0.20000,12.169,-0.896,910.095,506.311,-1,604.678,-1,440.559,466.776,465.106,492.617,-1,-1,-1,-1,818.898,947.069,873.268,-1,1,0,2,0,2,0,0,0,0,2,2,2,2,0,0,1,2
135,976.609,5416.692,524.996,136.644,-0.723995,-0.688675,-0.039466,0.683593,-0.723961,0.092639,-0.092370,0.040091,0.994917,0,-0.10358,-0.20000,11.968,-0.797,786.631,501.915,-1,598.560,-1,437.196,463.391,471.075,484.537,-1,-1,-1,-1,803.559,936.166,898.524,-1,1,0,2,0,2,0,0,0,0,2,2,2,2,0,0,1,2
136,970.793,5426.940,523.636,135.951,-0.715420,-0.697631,-0.038538,0.692051,-0.715127,0.098280,-0.096123,0.043641,0.994412,0,-0.10358,-0.20000,11.784,-0.693,685.641,496.212,-1,589.524,-1,432.439,458.150,478.039,474.740,-1,-1,-1,-1,786.247,919.946,-1,-1,1,0,2,0,2,0,0,0,0,2,2,2,2,0,0,2,2
137,964.857,5436.875,522.329,135.381,-0.708229,-0.704984,-0.037532,0.698883,-0.707636,0.103993,-0.099872,0.047421,0.993870,0,-0.10358,-0.20000,11.574,-0.571,633.955,490.268,-1,579.857,-1,427.444,452.503,485.375,465.351,-1,-1,-1,-1,769.859,902.330,-1,-1,1,0,2,0,2,0,0,0,0,2,2,2,2,0,0,2,2
138,958.790,5446.509,521.239,134.901,-0.702116,-0.711085,-0.037303,0.704548,-0.701343,0.108302,-0.103174,0.049759,0.993418,0,-0.10358,-0.20000,11.384,-0.480,633.935,484.205,-1,572.077,-1,422.976,447.783,490.347,459.786,-1,-1,-1,-1,754.786,887.794,-1,-1,1,0,2,0,2,0,0,0,0,2,2,2,2,0,0,2,2
139,952.711,5455.862,520.390,134.459,-0.696464,-0.716588,-0.037943,0.709747,-0.695684,0.110831,-0.105816,0.050260,0.993115,0,-0.10358,-0.20000,11.155,-0.442,633.445,479.160,-1,566.969,-1,419.475,444.597,492.249,458.468,-1,-1,-1,-1,741.505,878.418,-1,-1,1,0,2,0,2,0,0,0,0,2,2,2,2,0,0,2,2
140,946.665,5464.951,519.673,134.030,-0.691008,-0.721814,-0.038629,0.714800,-0.690291,0.112071,-0.107560,0.049830,0.992949,0,-0.10358,-0.20000,10.916,-0.428,634.279,475.686,-1,564.296,-1,417.229,442.995,492.638,459.296,-1,-1,-1,-1,731.396,873.769,-1,-1,1,0,2,0,2,0,0,0,0,2,2,2,2,0,0,2,2
141,940.563,5473.701,519.009,133.655,-0.686215,-0.726321,-0.039575,0.719204,-0.685623,0.112545,-0.108877,0.048767,0.992858,0,-0.10358,-0.20000,10.668,-0.375,636.180,472.546,-1,562.571,-1,415.352,441.356,491.918,461.598,-1,-1,-1,-1,722.502,870.876,-1,-1,1,0,2,0,2,0,0,0,0,2,2,2,2,0,0,2,2
142,933.199,5483.787,518.109,133.283,-0.681423,-0.730752,-0.040798,0.723536,-0.680996,0.112870,-0.110263,0.047394,0.992772,0,-0.10358,-0.20000,12.488,-0.372,637.210,468.600,-1,560.208,-1,412.892,439.285,490.374,464.494,-1,-1,-1,-1,712.179,866.657,-1,-1,1,0,2,0,2,0,0,0,0,2,2,2,2,0,0,2,2
143,928.409,5490.321,517.421,133.054,-0.678486,-0.733460,-0.041147,0.726219,-0.678123,0.112942,-0.110741,0.046748,0.992749,0,-0.10358,-0.20000,8.102,-0.229,637.823,466.584,-1,559.000,-1,411.584,438.368,489.604,465.742,-1,-1,-1,-1,707.078,864.625,-1,-1,1,0,2,0,2,0,0,0,0,2,2,2,2,0,0,2,2
144,922.573,5498.259,516.498,132.780,-0.674978,-0.736689,-0.041160,0.729429,-0.674645,0.113083,-0.111075,0.046305,0.992733,0,-0.10358,-0.20000,9.852,-0.274,638.609,464.496,-1,557.552,-1,410.215,437.348,489.118,466.440,-1,-1,-1,-1,701.941,862.279,-1,-1,1,0,2,0,2,0,0,0,0,2,2,2,2,0,0,2,2
145,916.806,5505.936,515.476,132.546,-0.671978,-0.739438,-0.040950,0.732145,-0.671633,0.113458,-0.111399,0.046260,0.992699,0,-0.10358,-0.20000,9.602,-0.233,638.856,462.287,-1,555.422,-1,408.585,435.915,488.961,466.208,-1,-1,-1,-1,696.940,858.674,-1,-1,1,0,2,0,2,0,0,0,0,2,2,2,2,0,0,2,2
146,911.130,5513.388,514.335,132.349,-0.669419,-0.741767,-0.040739,0.734429,-0.669054,0.113934,-0.111769,0.046350,0.992653,0,-0.10358,-0.20000,9.367,-0.198,638.598,459.716,-1,552.659,-1,406.571,434.025,488.573,465.460,-1,-1,-1,-1,691.452,853.937,-1,-1,1,0,2,0,2,0,0,0,0,2,2,2,2,0,0,2,2
147,905.523,5520.615,513.122,132.182,-0.667265,-0.743726,-0.040366,0.736348,-0.666856,0.114429,-0.112022,0.046631,0.992611,0,-0.10358,-0.20000,9.147,-0.166,644.092,456.817,-1,549.651,-1,404.490,431.990,488.225,464.225,-1,-1,-1,-1,686.357,848.777,-1,-1,1,0,2,0,2,0,0,0,0,2,2,2,2,0,0,2,2
148,899.966,5527.621,511.898,132.047,-0.665526,-0.745312,-0.039811,0.737917,-0.665055,0.114802,-0.112040,0.047027,0.992590,0,-0.10358,-0.20000,8.942,-0.135,663.391,454.038,-1,546.781,-1,402.597,430.087,487.904,462.825,-1,-1,-1,-1,682.003,843.886,-1,-1,1,0,2,0,2,0,0,0,0,2,2,2,2,0,0,2,2
149,894.501,5534.423,510.705,131.933,-0.664059,-0.746655,-0.039150,0.739257,-0.663515,0.115094,-0.111912,0.047487,0.992583,0,-0.10358,-0.20000,8.726,-0.115,681.368,451.527,-1,544.096,-1,400.885,428.333,487.645,461.416,-1,-1,-1,-1,678.306,839.293,-1,-1,1,0,2,0,2,0,0,0,0,2,2,2,2,0,0,2,2
150,889.205,5541.009,509.655,131.828,-0.662726,-0.747874,-0.038452,0.740502,-0.662114,0.115159,-0.111584,0.047845,0.992603,0,-0.10358,-0.20000,8.451,-0.105,695.182,449.556,-1,542.132,-1,399.659,427.094,487.526,460.551,-1,-1,-1,-1,675.752,835.926,-1,-1,1,0,2,0,2,0,0,0,0,2,2,2,2,0,0,2,2
151,884.119,5547.354,508.837,131.723,-0.661399,-0.749080,-0.037832,0.741728,-0.660727,0.115236,-0.111317,0.048156,0.992617,0,-0.10358,-0.20000,8.132,-0.104,705.757,448.105,-1,540.629,-1,398.785,426.097,487.899,460.279,-1,-1,-1,-1,674.105,833.206,-1,-1,1,0,2,0,2,0,0,0,0,2,2,2,2,0,0,2,2
152,879.220,5553.506,508.233,131.626,-0.660158,-0.750219,-0.036912,0.742880,-0.659383,0.115516,-0.111001,0.048838,0.992620,0,-0.10358,-0.20000,7.864,-0.098,716.135,447.574,-1,539.267,-1,398.416,425.206,489.563,459.847,-1,-1,-1,-1,673.955,830.912,-1,-1,1,0,2,0,2,0,0,0,0,2,2,2,2,0,0,2,2
153,874.476,5559.512,507.749,131.533,-0.658977,-0.751320,-0.035610,0.743972,-0.658037,0.116159,-0.110705,0.050054,0.992592,0,-0.10358,-0.20000,7.654,-0.093,726.485,447.510,-1,537.828,-1,398.100,424.431,492.604,458.720,-1,-1,-1,-1,674.818,828.328,-1,-1,1,0,2,0,2,0,0,0,0,2,2,2,2,0,0,2,2
154,869.898,5565.358,507.295,131.444,-0.657809,-0.752397,-0.034431,0.744971,-0.656688,0.117384,-0.110930,0.051566,0.992490,0,-0.10358,-0.20000,7.425,-0.089,734.980,446.869,-1,535.386,-1,396.975,423.021,496.259,457.023,-1,-1,-1,-1,674.216,823.708,-1,-1,1,0,2,0,2,0,0,0,0,2,2,2,2,0,0,2,2
155,865.483,5571.024,506.826,131.363,-0.656674,-0.753414,-0.033859,0.745811,-0.655405,0.119203,-0.112001,0.053025,0.992292,0,-0.10358,-0.20000,7.183,-0.081,725.445,444.900,-1,531.459,-1,394.797,420.528,499.669,455.237,-1,-1,-1,-1,670.358,816.172,-1,-1,1,0,2,0,2,0,0,0,0,2,2,2,2,0,0,2,2
156,861.203,5576.509,506.330,131.291,-0.655598,-0.754354,-0.033785,0.746498,-0.654210,0.121446,-0.113716,0.054399,0.992023,0,-0.10358,-0.20000,6.957,-0.073,716.385,441.868,-1,526.407,-1,391.788,417.190,502.717,453.423,-1,-1,-1,-1,663.951,806.469,-1,-1,1,0,2,0,2,0,0,0,0,2,2,2,2,0,0,2,2
157,857.042,5581.839,505.825,131.223,-0.654564,-0.755243,-0.033972,0.747109,-0.653080,0.123752,-0.115649,0.055623,0.991731,0,-0.10358,-0.20000,6.762,-0.068,707.673,438.431,-1,521.075,-1,388.497,413.598,505.333,451.783,-1,-1,-1,-1,656.591,796.268,-1,-1,1,0,2,0,2,0,0,0,0,2,2,2,2,0,0,2,2
158,852.983,5587.040,505.319,131.157,-0.653566,-0.756097,-0.034180,0.747706,-0.652000,0.125826,-0.117422,0.056679,0.991463,0,-0.10358,-0.20000,6.597,-0.066,-1,435.173,-1,516.153,-1,385.397,410.248,507.544,450.417,-1,-1,-1,-1,649.686,786.917,-1,-1,2,0,2,0,2,0,0,0,0,2,2,2,2,0,0,2,2
159,848.861,5592.438,504.759,131.085,-0.652590,-0.756949,-0.033976,0.748481,-0.650970,0.126550,-0.117910,0.057155,0.991378,0,0.49745,-1.00000,6.792,-0.072,-1,433.459,-1,513.654,-1,383.671,408.491,508.618,450.149,-1,-1,-1,-1,646.537,782.375,-1,-1,2,0,2,0,2,0,0,0,0,2,2,2,2,0,0,2,2
160,844.417,5598.334,504.030,130.997,-0.651543,-0.757893,-0.033014,0.749600,-0.649882,0.125512,-0.116580,0.057029,0.991543,0,0.49745,-1.00000,7.384,-0.088,-1,433.462,-1,514.216,-1,383.826,408.772,508.329,451.061,-1,-1,-1,-1,648.539,783.990,-1,-1,2,0,2,0,2,0,0,0,0,2,2,2,2,0,0,2,2
161,839.810,5604.751,503.139,130.846,-0.649765,-0.759457,-0.032102,0.751529,-0.648172,0.122790,-0.114061,0.055659,0.991913,0,0.49745,-1.00000,7.899,-0.150,-1,434.184,-1,517.375,-1,385.343,410.667,505.382,454.017,-1,-1,-1,-1,652.864,791.141,-1,-1,2,0,2,0,2,0,0,0,0,2,2,2,2,0,0,2,2
162,835.235,5611.606,502.198,130.600,-0.646791,-0.762021,-0.031384,0.754612,-0.645383,0.118495,-0.110550,0.052958,0.992459,0,0.49745,-1.00000,8.242,-0.246,-1,435.871,-1,523.381,-1,388.179,414.319,500.025,459.091,-1,-1,-1,-1,658.531,804.458,-1,-1,2,0,2,0,2,0,0,0,0,2,2,2,2,0,0,2,2
163,830.970,5618.958,501.273,130.229,-0.642165,-0.765894,-0.032094,0.759125,-0.641193,0.112253,-0.106552,0.047722,0.993161,0,0.49745,-1.00000,8.499,-0.372,-1,437.602,-1,532.695,-1,391.879,419.615,490.162,468.522,-1,-1,-1,-1,663.241,824.603,-1,-1,2,0,2,0,2,0,0,0,0,2,2,2,2,0,0,2,2
164,827.067,5626.834,500.340,129.727,-0.635791,-0.771109,-0.034072,0.765093,-0.635435,0.104186,-0.101990,0.040172,0.993974,0,0.49745,-1.00000,8.790,-0.502,-1,439.564,-1,545.363,-1,396.424,426.253,476.566,482.295,-1,-1,-1,-1,667.472,852.671,-1,-1,2,0,2,0,2,0,0,0,0,2,2,2,2,0,0,2,2
165,823.261,5635.110,499.537,129.139,-0.628201,-0.777236,-0.035606,0.771930,-0.628334,0.096542,-0.097408,0.033163,0.994692,0,0.49745,-1.00000,9.110,-0.588,-1,442.419,-1,559.140,-1,401.160,433.604,465.145,495.506,-1,-1,-1,-1,674.348,883.301,-1,-1,2,0,2,0,2,0,0,0,0,2,2,2,2,0,0,2,2
166,819.682,5643.722,499.068,128.513,-0.619965,-0.783814,-0.035772,0.779051,-0.620343,0.090852,-0.093402,0.028457,0.995222,0,0.49745,-1.00000,9.326,-0.626,-1,447.100,-1,572.063,-1,406.402,440.885,459.358,505.077,-1,-1,-1,-1,683.658,912.029,-1,-1,2,0,2,0,2,0,0,0,0,2,2,2,2,0,0,2,2
167,816.427,5652.729,498.913,127.838,-0.610905,-0.790932,-0.034958,0.786492,-0.611350,0.087642,-0.090690,0.026046,0.995538,0,0.49745,-1.00000,9.578,-0.674,-1,451.443,-1,582.635,-1,411.269,447.162,458.825,510.547,-1,-1,-1,-1,691.451,935.635,-1,-1,2,0,2,0,2,0,0,0,0,2,2,2,2,0,0,2,2
168,813.421,5662.200,498.798,127.114,-0.600993,-0.798524,-0.034174,0.794249,-0.601460,0.086106,-0.089312,0.024606,0.995700,0,0.49745,-1.00000,9.936,-0.724,-1,454.250,-1,590.754,-1,415.138,452.019,460.293,513.792,-1,-1,-1,-1,695.658,953.781,-1,-1,2,0,2,0,2,0,0,0,0,2,2,2,2,0,0,2,2
169,810.528,5672.096,498.545,126.352,-0.590405,-0.806422,-0.033260,0.802199,-0.590854,0.085837,-0.088872,0.023998,0.995754,0,0.49745,-1.00000,10.310,-0.762,-1,456.014,-1,596.344,-1,418.096,455.531,463.021,514.690,-1,-1,-1,-1,696.963,965.832,-1,-1,2,0,2,0,2,0,0,0,0,2,2,2,2,0,0,2,2
170,807.648,5682.385,498.079,125.600,-0.579828,-0.814127,-0.031579,0.809893,-0.580167,0.086483,-0.088729,0.024570,0.995753,0,0.49745,-1.00000,10.685,-0.752,-1,457.484,-1,600.420,-1,420.475,458.051,467.304,512.682,-1,-1,-1,-1,698.615,974.101,-1,-1,2,0,2,0,2,0,0,0,0,2,2,2,2,0,0,2,2
171,805.010,5693.089,497.302,124.770,-0.567998,-0.822457,-0.030712,0.818161,-0.568298,0.087468,-0.089392,0.024554,0.995694,0,0.49745,-1.00000,11.024,-0.830,-1,457.283,-1,603.002,-1,421.369,459.335,469.771,510.601,-1,-1,-1,-1,696.140,979.806,-1,-1,2,0,2,0,2,0,0,0,0,2,2,2,2,0,0,2,2
172,802.380,5704.213,496.162,123.916,-0.555705,-0.830853,-0.029582,0.826463,-0.555933,0.088874,-0.090287,0.024939,0.995604,0,0.49745,-1.00000,11.431,-0.853,-1,457.004,-1,604.179,-1,421.337,459.737,472.162,506.707,-1,-1,-1,-1,691.940,982.892,-1,-1,2,0,2,0,2,0,0,0,0,2,2,2,2,0,0,2,2
173,799.600,5715.755,494.663,123.084,-0.543597,-0.838886,-0.027793,0.834387,-0.543683,0.090589,-0.091104,0.026054,0.995501,0,0.49745,-1.00000,11.872,-0.833,-1,456.438,-1,604.008,-1,420.777,459.392,474.873,500.714,-1,-1,-1,-1,687.485,983.528,-1,-1,2,0,2,0,2,0,0,0,0,2,2,2,2,0,0,2,2
174,796.866,5727.645,492.971,122.247,-0.531309,-0.846782,-0.025891,0.842157,-0.531236,0.092514,-0.092093,0.027350,0.995375,0,0.49745,-1.00000,12.200,-0.837,-1,455.213,-1,602.967,-1,419.737,458.501,477.284,494.003,-1,-1,-1,-1,681.612,981.032,-1,-1,2,0,2,0,2,0,0,0,0,2,2,2,2,0,0,2,2
175,794.296,5739.840,491.136,121.380,-0.518409,-0.854766,-0.025032,0.849972,-0.518271,0.094565,-0.093805,0.027747,0.995204,0,0.38382,-0.83656,12.463,-0.868,-1,452.298,-1,600.996,-1,417.783,456.809,477.307,488.572,-1,-1,-1,-1,671.640,976.123,-1,-1,2,0,2,0,2,0,0,0,0,2,2,2,2,0,0,2,2
176,791.743,5752.257,489.211,120.517,-0.505445,-0.862506,-0.024649,0.857503,-0.505281,0.096845,-0.095984,0.027814,0.994994,0,0.38382,-0.83656,12.677,-0.863,-1,448.440,-1,598.052,-1,415.039,454.449,476.447,483.633,-1,-1,-1,-1,661.381,969.021,-1,-1,2,0,2,0,2,0,0,0,0,2,2,2,2,0,0,2,2
177,789.330,5764.946,487.235,119.651,-0.492324,-0.870070,-0.024401,0.864863,-0.492153,0.098978,-0.098127,0.027626,0.994790,0,0.38382,-0.83656,12.916,-0.866,-1,444.527,-1,595.351,-1,412.305,452.167,475.038,479.146,-1,-1,-1,-1,654.761,960.325,-1,-1,2,0,2,0,2,0,0,0,0,2,2,2,2,0,0,2,2
178,786.881,5777.927,485.178,118.794,-0.479266,-0.877360,-0.023293,0.871982,-0.479009,0.100983,-0.099756,0.028087,0.994615,0,0.38382,-0.83656,13.210,-0.856,-1,441.849,-1,593.247,-1,410.152,450.303,474.056,473.508,-1,-1,-1,-1,649.882,952.498,-1,-1,2,0,2,0,2,0,0,0,0,2,2,2,2,0,0,2,2
179,784.372,5791.216,483.112,117.970,-0.466619,-0.884200,-0.021367,0.878688,-0.466194,0.102808,-0.100864,0.029198,0.994472,0,0.38382,-0.83656,13.524,-0.824,-1,440.108,-1,591.559,-1,408.637,448.902,473.555,467.077,-1,-1,-1,-1,646.808,945.596,-1,-1,2,0,2,0,2,0,0,0,0,2,2,2,2,0,0,2,2
180,781.643,5807.459,480.840,116.983,-0.451379,-0.892131,-0.018951,0.886519,-0.450757,0.104409,-0.101689,0.030327,0.994354,0,0.38382,-0.83656,16.470,-0.987,-1,439.190,-1,591.021,-1,407.938,448.390,473.255,460.527,-1,-1,-1,-1,645.104,940.679,-1,-1,2,0,2,0,2,0,0,0,0,2,2,2,2,0,0,2,2
181,780.025,5818.421,479.540,116.302,-0.440786,-0.897441,-0.017532,0.891768,-0.440058,0.105350,-0.102260,0.030803,0.994281,0,0.38382,-0.83656,11.081,-0.681,-1,439.037,-1,590.971,-1,408.042,448.469,473.187,457.179,-1,-1,-1,-1,644.705,938.790,-1,-1,2,0,2,0,2,0,0,0,0,2,2,2,2,0,0,2,2
182,777.947,5832.298,478.071,115.468,-0.427735,-0.903765,-0.015852,0.898046,-0.426890,0.106198,-0.102745,0.031189,0.994219,0,0.38382,-0.83656,14.032,-0.834,-1,439.351,-1,591.853,-1,408.672,449.297,472.683,453.990,-1,-1,-1,-1,645.451,937.812,-1,-1,2,0,2,0,2,0,0,0,0,2,2,2,2,0,0,2,2
183,775.947,5846.374,476.801,114.627,-0.414484,-0.909929,-0.015223,0.904185,-0.413650,0.106508,-0.103211,0.030381,0.994195,0,0.38382,-0.83656,14.217,-0.841,-1,439.596,-1,594.200,-1,409.632,450.933,469.409,453.450,-1,-1,-1,-1,645.931,938.562,970.576,-1,2,0,2,0,2,0,0,0,0,2,2,2,2,0,0,0,2
184,773.884,5860.668,475.617,113.790,-0.401211,-0.915859,-0.015235,0.910103,-0.400461,0.106508,-0.103647,0.028867,0.994195,0,0.38382,-0.83656,14.442,-0.837,-1,439.948,-1,597.334,-1,410.706,452.741,464.878,454.473,-1,-1,-1,-1,646.143,937.719,938.950,-1,2,0,2,0,2,0,0,0,0,2,2,2,2,0,0,0,2
185,771.894,5875.322,474.457,112.941,-0.387683,-0.921653,-0.016054,0.915966,-0.387130,0.105529,-0.103476,0.026207,0.994287,0,0.54929,-1.00000,14.789,-0.849,-1,440.932,-1,602.459,-1,412.590,455.749,458.269,457.842,-1,-1,-1,-1,646.914,940.454,910.143,-1,2,0,2,0,2,0,0,0,0,2,2,2,2,0,0,0,2
186,770.446,5890.339,473.311,112.014,-0.372878,-0.927706,-0.017970,0.922250,-0.372676,0.102799,-0.102065,0.021758,0.994540,0,0.54929,-1.00000,15.087,-0.926,-1,443.519,-1,612.254,-1,416.458,461.388,448.498,465.172,-1,-1,-1,-1,650.827,950.841,891.064,-1,2,0,2,0,2,0,0,0,0,2,2,2,2,0,0,0,2
187,769.633,5905.639,472.144,110.962,-0.355990,-0.934268,-0.020345,0.929221,-0.356208,0.098309,-0.099094,0.016092,0.994948,0,0.54929,-1.00000,15.321,-1.052,-1,448.624,-1,627.566,-1,423.376,470.304,435.814,474.211,-1,-1,-1,-1,659.766,970.212,909.580,-1,2,0,2,0,2,0,0,0,0,2,2,2,2,0,0,0,2
188,769.149,5921.268,470.889,109.837,-0.337803,-0.940948,-0.022496,0.936386,-0.338391,0.093130,-0.095242,0.010395,0.995400,0,0.54929,-1.00000,15.636,-1.125,-1,455.646,-1,645.597,-1,432.026,481.471,424.461,482.891,-1,-1,-1,-1,671.999,992.893,946.779,-1,2,0,2,0,2,0,0,0,0,2,2,2,2,0,0,0,2
189,769.189,5937.142,469.656,108.640,-0.318278,-0.947683,-0.024415,0.943563,-0.319173,0.088423,-0.091590,0.005106,0.995784,0,0.54929,-1.00000,15.874,-1.197,-1,463.344,-1,660.026,-1,441.025,493.137,414.281,490.415,-1,-1,-1,-1,685.789,-1,-1,-1,2,0,2,0,2,0,0,0,0,2,2,2,2,0,2,2,2
190,769.485,5953.373,468.303,107.436,-0.298463,-0.954071,-0.025838,0.950326,-0.299579,0.084454,-0.088315,0.000652,0.996092,0,0.54929,-1.00000,16.234,-1.204,-1,470.834,-1,671.470,-1,449.780,504.282,405.453,496.023,-1,-1,-1,-1,701.869,-1,-1,-1,2,0,2,0,2,0,0,0,0,2,2,2,2,0,2,2,2
191,770.224,5969.865,466.816,106.173,-0.277510,-0.960342,-0.027039,0.956882,-0.278805,0.081515,-0.085821,-0.003252,0.996305,0,0.54929,-1.00000,16.509,-1.263,-1,477.787,-1,681.197,-1,458.240,514.256,397.834,499.715,-1,-1,-1,-1,717.163,-1,-1,-1,2,0,2,0,2,0,0,0,0,2,2,2,2,0,2,2,2
192,771.278,5986.615,465.251,104.953,-0.257110,-0.966009,-0.026855,0.962731,-0.258453,0.079698,-0.083930,-0.005363,0.996457,0,0.55002,-1.00000,16.783,-1.220,-1,484.933,-1,688.224,-1,466.026,521.777,392.992,499.791,-1,-1,-1,-1,733.090,-1,-1,-1,2,0,2,0,2,0,0,0,0,2,2,2,2,0,2,2,2
193,772.612,6003.590,463.539,103.759,-0.236991,-0.971151,-0.026485,0.967877,-0.238372,0.079951,-0.083957,-0.006686,0.996447,0,0.55445,-1.00000,17.027,-1.194,-1,489.304,-1,689.919,-1,470.708,525.165,388.893,497.905,-1,-1,-1,-1,745.321,-1,-1,-1,2,0,2,0,2,0,0,0,0,2,2,2,2,0,2,2,2
194,774.339,6020.788,461.638,102.537,-0.216280,-0.975970,-0.026558,0.972566,-0.217752,0.081843,-0.085659,-0.008128,0.996291,0,0.55874,-1.00000,17.284,-1.221,-1,490.930,-1,686.561,-1,472.509,525.672,384.254,495.428,-1,-1,-1,-1,752.334,-1,-1,-1,2,0,2,0,2,0,0,0,0,2,2,2,2,0,2,2,2
195,776.536,6038.143,459.588,101.312,-0.195384,-0.980370,-0.026432,0.976741,-0.196947,0.084785,-0.088326,-0.009252,0.996049,0,0.56314,-1.00000,17.494,-1.225,-1,491.099,-1,680.568,-1,472.421,524.358,380.726,491.859,-1,-1,-1,-1,755.574,-1,-1,-1,2,0,2,0,2,0,0,0,0,2,2,2,2,0,2,2,2
196,779.081,6055.799,457.242,100.091,-0.174489,-0.984327,-0.025573,0.980479,-0.176080,0.087497,-0.090629,-0.009807,0.995836,0,0.56755,-1.00000,17.839,-1.221,-1,491.599,-1,674.257,-1,472.334,523.002,376.845,486.708,-1,-1,-1,-1,758.560,-1,-1,-1,2,0,2,0,2,0,0,0,0,2,2,2,2,0,2,2,2
197,782.176,6073.607,454.687,98.843,-0.153059,-0.987916,-0.024377,0.983870,-0.154650,0.089901,-0.092585,-0.010224,0.995652,0,0.57191,-1.00000,18.074,-1.248,-1,492.650,-1,668.312,-1,472.703,521.066,372.958,480.729,-1,-1,-1,-1,761.817,-1,-1,-1,2,0,2,0,2,0,0,0,0,2,2,2,2,0,2,2,2
198,785.776,6091.640,451.915,97.499,-0.129922,-0.991246,-0.023494,0.987003,-0.131553,0.092296,-0.094578,-0.011198,0.995454,0,0.57639,-1.00000,18.389,-1.344,-1,493.685,-1,662.639,-1,473.139,517.694,368.439,474.751,-1,-1,-1,-1,762.785,-1,-1,-1,2,0,2,0,2,0,0,0,0,2,2,2,2,0,2,2,2
199,789.985,6109.884,449.047,96.079,-0.105404,-0.994165,-0.022942,0.989731,-0.107118,0.094648,-0.096554,-0.012730,0.995246,0,0.58133,-1.00000,18.724,-1.420,-1,494.992,-1,657.580,-1,473.615,513.899,364.761,469.172,-1,-1,-1,-1,762.274,-1,-1,-1,2,0,2,0,2,0,0,0,0,2,2,2,2,0,2,2,2
200,794.706,6128.406,446.222,94.653,-0.080724,-0.996503,-0.021569,0.991891,-0.082444,0.096723,-0.098163,-0.013586,0.995078,0,0.58664,-1.00000,19.114,-1.426,-1,496.993,-1,653.124,-1,472.542,510.677,361.152,462.718,-1,-1,-1,-1,761.840,-1,-1,-1,2,0,2,0,2,0,0,0,0,2,2,2,2,0,2,2,2
201,799.809,6147.225,443.422,93.265,-0.056671,-0.998190,-0.020108,0.993409,-0.058387,0.098641,-0.099637,-0.014386,0.994920,0,0.59195,-1.00000,19.498,-1.388,-1,497.850,-1,648.858,-1,470.459,507.599,357.836,456.694,-1,-1,-1,-1,760.842,-1,-1,-1,2,0,2,0,2,0,0,0,0,2,2,2,2,0,2,2,2
202,805.665,6166.088,440.806,91.779,-0.030885,-0.999324,-0.019949,0.994345,-0.032747,0.101019,-0.101604,-0.016716,0.994684,0,0.59703,-1.00000,19.751,-1.486,-1,497.002,-1,645.599,-1,468.359,504.768,354.352,453.096,-1,-1,-1,-1,754.257,-1,-1,-1,2,0,2,0,2,0,0,0,0,2,2,2,2,0,2,2,2
203,812.091,6185.168,438.333,90.241,-0.004187,-0.999788,-0.020184,0.994652,-0.006247,0.103095,-0.103199,-0.019644,0.994467,0,0.60260,-1.00000,20.134,-1.538,-1,497.217,-1,644.036,-1,467.311,503.060,351.284,450.687,-1,-1,-1,-1,749.399,-1,-1,-1,2,0,2,0,2,0,0,0,0,2,2,2,2,0,2,2,2
204,818.996,6204.549,435.859,88.699,0.022574,-0.999539,-0.020324,0.994252,0.020318,0.105116,-0.104654,-0.022580,0.994252,0,0.60841,-1.00000,20.574,-1.542,-1,497.867,-1,642.678,-1,465.840,501.550,348.357,448.429,-1,-1,-1,-1,742.432,1005.517,-1,-1,2,0,2,0,2,0,0,0,0,2,2,2,2,0,0,2,2
205,826.126,6224.357,433.337,87.260,0.047530,-0.998671,-0.019934,0.993256,0.045141,0.106793,-0.105751,-0.024875,0.994081,0,0.61420,-1.00000,21.052,-1.439,-1,496.795,-1,640.994,-1,463.899,498.870,345.952,445.841,-1,-1,-1,-1,732.789,1002.458,-1,-1,2,0,2,0,2,0,0,0,0,2,2,2,2,0,0,2,2
206,833.805,6244.314,430.805,85.850,0.071960,-0.997215,-0.019598,0.991757,0.069450,0.107677,-0.106016,-0.027185,0.993993,0,0.61943,-1.00000,21.384,-1.410,-1,494.903,-1,640.721,-1,462.192,497.350,344.362,443.547,-1,-1,-1,-1,727.075,999.607,-1,-1,2,0,2,0,2,0,0,0,0,2,2,2,2,0,0,2,2
207,842.000,6264.421,428.137,84.396,0.097091,-0.995069,-0.020259,0.989556,0.094334,0.108997,-0.106548,-0.030630,0.993836,0,0.62448,-1.00000,21.713,-1.454,-1,491.696,-1,640.611,-1,459.384,495.642,341.699,442.554,-1,-1,-1,-1,719.742,987.528,-1,-1,2,0,2,0,2,0,0,0,0,2,2,2,2,0,0,2,2
208,850.952,6284.491,425.435,82.838,0.123953,-0.992039,-0.022256,0.986448,0.120762,0.111074,-0.107502,-0.035722,0.993563,0,0.62973,-1.00000,21.975,-1.558,-1,487.546,-1,638.343,-1,456.133,494.018,337.901,443.484,760.079,-1,-1,-1,709.218,975.120,-1,-1,2,0,2,0,2,0,0,0,0,1,2,2,2,0,0,2,2
209,860.598,6304.611,422.731,81.230,0.151559,-0.988145,-0.024471,0.982455,0.147872,0.113647,-0.108681,-0.041266,0.993220,0,0.63551,-1.00000,22.313,-1.608,-1,483.516,-1,635.922,-1,452.566,492.415,334.437,444.871,763.153,-1,-1,-1,697.670,962.116,995.254,-1,2,0,2,0,2,0,0,0,0,1,2,2,2,0,0,0,2
210,870.799,6324.863,420.012,79.668,0.178272,-0.983635,-0.026101,0.977882,0.174156,0.115827,-0.109386,-0.046172,0.992926,0,0.64152,-1.00000,22.676,-1.562,929.448,478.804,-1,633.918,-1,449.683,491.248,331.796,445.569,773.971,-1,-1,-1,687.881,934.816,917.600,-1,0,0,2,0,2,0,0,0,0,1,2,2,2,0,0,0,2
211,881.888,6344.914,417.400,78.016,0.206376,-0.978069,-0.028105,0.972238,0.201739,0.118552,-0.110282,-0.051791,0.992550,0,0.64727,-1.00000,22.913,-1.652,846.466,473.903,-1,629.286,-1,447.065,490.453,329.113,447.464,785.820,-1,-1,-1,679.223,907.979,869.865,-1,0,0,2,0,2,0,0,0,0,1,2,2,2,0,0,0,2
212,893.683,6365.002,414.726,76.320,0.235035,-0.971525,-0.029952,0.965617,0.229861,0.121441,-0.111098,-0.057465,0.992147,0,0.65350,-1.00000,23.295,-1.696,781.699,469.301,-1,620.102,-1,444.681,489.867,326.958,449.148,811.196,-1,-1,-1,671.644,880.632,833.657,-1,0,0,2,0,2,0,0,0,0,1,2,2,2,0,0,0,2
213,908.191,6388.898,411.437,74.471,0.265996,-0.963549,-0.028617,0.957281,0.260541,0.125424,-0.113396,-0.060757,0.991690,0,-0.09926,-0.51862,27.955,-1.849,732.535,462.859,-1,604.339,-1,439.833,485.972,327.779,445.676,853.704,-1,-1,-1,661.471,842.493,796.884,-1,0,0,2,0,2,0,0,0,0,1,2,2,2,0,0,0,2
214,917.780,6404.410,409.163,73.395,0.283846,-0.958545,-0.024967,0.951842,0.278523,0.128145,-0.115878,-0.060138,0.991441,0,-0.10028,-0.50504,18.236,-1.076,704.940,457.905,-1,590.867,-1,435.134,481.061,330.656,438.938,881.931,-1,-1,-1,654.286,-1,779.461,-1,0,0,2,0,2,0,0,0,0,1,2,2,2,0,2,0,2
215,929.344,6423.667,406.150,72.224,0.303114,-0.952795,-0.017433,0.945470,0.298395,0.130566,-0.119201,-0.056059,0.991286,0,-0.10084,-0.49750,22.463,-1.171,686.553,451.995,-1,572.234,-1,428.610,471.746,336.966,425.646,903.442,-1,-1,-1,646.150,-1,765.018,-1,0,0,2,0,2,0,0,0,0,1,2,2,2,0,2,0,2
216,940.282,6442.829,403.046,71.296,0.318203,-0.947989,-0.007951,0.939868,0.314357,0.133522,-0.124078,-0.049960,0.991014,0,-0.10142,-0.48984,22.064,-0.928,668.838,443.932,-1,550.803,-1,419.557,459.352,344.736,411.023,-1,-1,-1,-1,634.235,-1,743.279,-1,0,0,2,0,2,0,0,0,0,2,2,2,2,0,2,0,2
217,950.694,6461.896,399.911,70.573,0.329740,-0.944067,0.002811,0.934956,0.326968,0.137654,-0.130874,-0.042762,0.990476,0,-0.10181,-0.48465,21.725,-0.723,645.097,433.133,-1,526.386,-1,407.649,444.150,352.939,396.334,-1,-1,-1,-1,617.401,-1,710.865,-1,0,0,2,0,2,0,0,0,0,2,2,2,2,0,2,0,2
218,959.938,6481.022,396.883,70.210,0.335246,-0.941963,0.017799,0.931704,0.334279,0.142071,-0.139776,-0.031045,0.989696,0,-0.10204,-0.48155,21.243,-0.363,625.429,420.583,-1,499.377,-1,393.191,425.616,365.219,377.784,-1,-1,-1,-1,597.659,942.602,676.927,-1,0,0,2,0,2,0,0,0,0,2,2,2,2,0,0,0,2
219,968.067,6499.992,394.186,70.148,0.335648,-0.941328,0.035228,0.929655,0.337054,0.148785,-0.151930,-0.017189,0.988242,0,-0.10200,-0.48214,20.639,-0.062,599.107,404.611,-1,468.933,-1,375.435,403.581,379.836,359.095,-1,-1,-1,-1,571.718,620.469,632.143,-1,0,0,2,0,2,0,0,0,0,2,2,2,2,0,0,0,2
220,975.406,6518.843,392.199,70.260,0.333141,-0.941506,0.050829,0.928379,0.336959,0.156754,-0.164712,-0.005032,0.986329,0,-0.10172,-0.48575,20.229,0.112,570.506,388.403,-1,441.482,-1,358.195,382.780,393.665,346.183,-1,-1,-1,-1,545.067,581.839,588.525,-1,0,0,2,0,2,0,0,0,0,2,2,2,2,0,0,0,2
221,982.329,6537.583,391.003,70.433,0.329722,-0.941975,0.062979,0.927665,0.335653,0.163630,-0.175274,0.004471,0.984509,0,-0.10132,-0.49114,19.977,0.173,548.496,375.573,-1,420.520,-1,344.786,366.650,406.355,339.487,-1,-1,-1,-1,524.050,552.319,557.603,-1,0,0,2,0,2,0,0,0,0,2,2,2,2,0,0,0,2
222,988.925,6556.250,390.387,70.618,0.326293,-0.942533,0.071861,0.927509,0.333903,0.168032,-0.182371,0.011824,0.983159,0,-0.10087,-0.49715,19.799,0.185,536.196,367.305,-1,406.224,471.608,335.999,355.785,418.020,336.130,-1,-1,-1,-1,510.741,531.855,539.405,-1,0,0,2,0,0,0,0,0,0,2,2,2,2,0,0,0,2
223,995.354,6574.773,390.112,70.810,0.322989,-0.943177,0.078078,0.928000,0.331819,0.169448,-0.185727,0.017727,0.982441,0,-0.10041,-0.50329,19.607,0.191,534.491,363.575,-1,397.702,452.170,331.565,349.697,428.967,335.067,-1,-1,-1,-1,505.114,519.137,533.593,-1,0,0,2,0,0,0,0,0,0,2,2,2,2,0,0,0,2
224,1001.617,6593.042,389.912,70.999,0.319881,-0.943831,0.082814,0.928938,0.329626,0.168587,-0.186415,0.023001,0.982202,0,-0.09994,-0.50950,19.312,0.189,542.291,362.873,-1,392.714,437.744,329.941,346.540,439.534,334.989,-1,-1,-1,-1,504.692,511.420,538.620,-1,0,0,2,0,0,0,0,0,0,2,2,2,2,0,0,0,2
225,1007.745,6610.915,389.546,71.160,0.317291,-0.944333,0.086955,0.929925,0.327799,0.166694,-0.185918,0.027971,0.982167,0,-0.09948,-0.51565,18.894,0.162,556.413,363.219,-1,388.939,425.117,329.282,344.401,449.634,334.822,-1,-1,-1,-1,506.929,505.597,549.005,-1,0,0,2,0,0,0,0,0,0,2,2,2,2,0,0,0,2
226,1013.749,6628.348,388.890,71.271,0.315551,-0.944559,0.090755,0.930694,0.326725,0.164497,-0.185029,0.032558,0.982194,0,-0.09904,-0.52146,18.438,0.110,570.185,363.506,-1,384.979,413.838,328.620,342.337,458.524,334.276,-1,-1,-1,-1,510.559,499.869,559.236,-1,0,0,2,0,0,0,0,0,0,2,2,2,2,0,0,0,2
227,1019.753,6645.364,387.788,71.335,0.314615,-0.944481,0.094726,0.931365,0.326421,0.161273,-0.183240,0.037485,0.982353,0,-0.09865,-0.52668,18.045,0.064,587.212,364.305,-1,381.143,404.248,328.306,340.565,467.263,332.400,-1,-1,-1,-1,515.492,494.302,572.379,1006.737,0,0,2,0,0,0,0,0,0,2,2,2,2,0,0,0,0
228,1025.870,6661.771,386.266,71.357,0.314374,-0.944203,0.098236,0.931850,0.326689,0.157894,-0.181177,0.041904,0.982557,0,-0.09830,-0.53136,17.509,0.022,626.135,364.805,-1,377.351,394.292,327.656,338.594,474.612,330.056,-1,-1,-1,-1,519.815,488.406,598.164,1001.550,0,0,2,0,0,0,0,0,0,2,2,2,2,0,0,0,0
229,1031.361,6676.947,385.009,71.565,0.311216,-0.944579,0.104474,0.933625,0.324417,0.151980,-0.177451,0.050241,0.982846,0,-0.09799,-0.53550,16.139,0.207,873.709,368.868,-1,374.898,419.205,329.308,338.094,487.997,324.482,-1,-1,-1,-1,530.931,485.328,683.060,996.534,0,0,2,0,0,0,0,0,0,2,2,2,2,0,0,0,0
230,1035.882,6690.895,384.965,71.887,0.306450,-0.945437,0.110622,0.936854,0.320139,0.140767,-0.168501,0.060498,0.983843,0,-0.09756,-0.54121,14.662,0.322,-1,382.234,-1,380.121,-1,338.437,344.669,508.037,319.880,-1,-1,-1,-1,569.625,492.819,-1,-1,2,0,2,0,2,0,0,0,0,2,2,2,2,0,0,2,2
231,1039.779,6703.869,386.461,72.165,0.302656,-0.946591,0.111199,0.940666,0.315452,0.125053,-0.153452,0.066753,0.985899,0,-0.09706,-0.54780,13.547,0.278,-1,405.633,-1,396.852,-1,356.807,361.193,526.739,321.498,-1,-1,-1,-1,645.963,515.588,-1,-1,2,0,2,0,2,0,0,0,0,2,2,2,2,0,0,2,2
232,1044.676,6714.449,389.125,71.922,0.307337,-0.946203,0.101211,0.941549,0.317784,0.111800,-0.137948,0.060935,0.988563,0,-0.09662,-0.55372,11.658,-0.242,-1,431.167,-1,416.836,-1,378.580,383.606,527.961,332.969,-1,-1,-1,-1,753.478,546.142,-1,-1,2,0,2,0,2,0,0,0,0,2,2,2,2,0,0,2,2
233,1050.249,6723.116,392.035,71.329,0.317703,-0.944121,0.087751,0.940190,0.325668,0.099918,-0.122913,0.050759,0.991119,0,-0.09661,-0.55386,10.304,-0.593,-1,458.549,-1,436.650,-1,401.840,406.414,522.854,347.257,-1,-1,-1,-1,879.829,800.045,-1,-1,2,0,2,0,2,0,0,0,0,2,2,2,2,0,0,2,2
234,1055.682,6731.373,394.197,70.679,0.328900,-0.941401,0.074764,0.938100,0.334796,0.088767,-0.108596,0.040941,0.993243,0,-0.09690,-0.55004,9.883,-0.650,-1,484.714,-1,455.453,-1,423.884,427.085,516.997,360.103,-1,-1,-1,-1,-1,968.994,-1,-1,2,0,2,0,2,0,0,0,0,2,2,2,2,2,0,2,2
235,1061.084,6739.476,395.231,70.006,0.340357,-0.938315,0.061006,0.935445,0.344470,0.079270,-0.095395,0.030088,0.994985,0,-0.09723,-0.54556,9.739,-0.673,-1,507.068,-1,472.101,-1,443.281,445.362,507.246,372.327,-1,-1,-1,-1,-1,-1,-1,-1,2,0,2,0,2,0,0,0,0,2,2,2,2,2,2,2,2
236,1066.457,6747.472,395.072,69.337,0.351651,-0.934959,0.046827,0.932456,0.354260,0.070894,-0.082872,0.018735,0.996384,0,-0.09759,-0.54082,9.634,-0.669,-1,531.998,-1,486.764,-1,461.153,461.414,492.717,384.317,-1,-1,-1,-1,-1,-1,-1,-1,2,0,2,0,2,0,0,0,0,2,2,2,2,2,2,2,2
237,1071.780,6755.354,393.729,68.684,0.362588,-0.931389,0.032332,0.929229,0.363961,0.063765,-0.071158,0.006923,0.997441,0,-0.09794,-0.53610,9.511,-0.653,-1,553.263,-1,678.480,-1,476.114,474.919,475.288,395.020,-1,-1,-1,-1,-1,-1,-1,-1,2,0,2,0,2,0,0,0,0,2,2,2,2,2,2,2,2
238,1076.729,6763.336,391.246,68.149,0.371508,-0.928233,0.019097,0.926461,0.371980,0.057449,-0.060430,-0.003650,0.998166,0,-0.19402,-0.86041,9.392,-0.535,-1,569.945,-1,726.014,-1,487.719,486.331,457.573,402.898,-1,-1,-1,-1,-1,-1,-1,-1,2,0,2,0,2,0,0,0,0,2,2,2,2,2,2,2,2
239,1081.177,6771.387,387.785,67.769,0.377828,-0.925849,0.007086,0.924417,0.377651,0.053226,-0.051955,-0.013560,0.998557,0,-0.19452,-0.85705,9.198,-0.380,-1,578.149,-1,771.385,-1,493.733,492.625,439.639,408.741,-1,-1,-1,-1,-1,-1,-1,-1,2,0,2,0,2,0,0,0,0,2,2,2,2,2,2,2,2
240,1085.365,6779.276,383.464,67.454,0.383000,-0.923732,-0.005501,0.922567,0.382202,0.052843,-0.046710,-0.025314,0.998588,0,-0.19479,-0.85525,8.932,-0.315,-1,573.512,-1,802.593,-1,492.199,490.773,418.140,414.650,-1,-1,-1,-1,-1,-1,-1,-1,2,0,2,0,2,0,0,0,0,2,2,2,2,2,2,2,2
241,1089.436,6786.783,378.339,67.141,0.388069,-0.921421,-0.019629,0.920517,0.386466,0.057387,-0.045292,-0.040339,0.998159,0,-0.19496,-0.85408,8.540,-0.314,-1,553.811,-1,808.661,-1,481.938,482.396,389.599,422.727,-1,-1,-1,-1,-1,-1,-1,-1,2,0,2,0,2,0,0,0,0,2,2,2,2,2,2,2,2
242,1093.151,6793.778,372.841,66.834,0.392922,-0.919075,-0.030204,0.918250,0.390385,0.066458,-0.049288,-0.053848,0.997332,0,-0.19514,-0.85283,7.921,-0.307,-1,520.905,-1,795.554,-1,462.089,465.678,363.066,428.340,-1,-1,-1,-1,-1,-1,-1,-1,2,0,2,0,2,0,0,0,0,2,2,2,2,2,2,2,2
243,1096.729,6800.062,368.050,66.557,0.397196,-0.917188,-0.031630,0.915984,0.394076,0.075352,-0.056648,-0.058902,0.996655,0,-0.19534,-0.85153,7.231,-0.277,-1,489.239,-1,765.860,-1,439.951,444.242,348.175,424.862,-1,-1,-1,-1,-1,-1,-1,-1,2,0,2,0,2,0,0,0,0,2,2,2,2,2,2,2,2
244,1100.556,6805.470,364.393,66.269,0.401585,-0.915492,-0.024578,0.913484,0.398500,0.082129,-0.065394,-0.055433,0.996319,0,-0.19551,-0.85035,6.625,-0.288,-1,464.678,-1,718.683,-1,420.062,423.922,345.183,412.777,-1,-1,-1,-1,-1,-1,-1,-1,2,0,2,0,2,0,0,0,0,2,2,2,2,2,2,2,2
245,1104.705,6810.219,361.891,65.970,0.406105,-0.913758,-0.011204,0.910843,0.403759,0.085695,-0.073781,-0.045007,0.996258,0,-0.19574,-0.84884,6.307,-0.299,-1,449.387,-1,673.346,-1,404.851,406.013,352.611,394.742,-1,-1,-1,-1,-1,-1,-1,-1,2,0,2,0,2,0,0,0,0,2,2,2,2,2,2,2,2
246,1109.076,6814.601,360.339,65.685,0.410400,-0.911891,0.005243,0.908314,0.409287,0.086311,-0.080853,-0.030660,0.996254,0,-0.19600,-0.84708,6.189,-0.285,-1,442.217,-1,636.379,-1,394.520,391.099,367.090,374.058,-1,-1,-1,-1,1004.377,-1,-1,-1,2,0,2,0,2,0,0,0,0,2,2,2,2,0,2,2,2
247,1113.453,6818.735,359.552,65.435,0.414142,-0.909933,0.022559,0.906013,0.414483,0.085702,-0.087333,-0.015054,0.996065,0,-0.19625,-0.84536,6.020,-0.251,-1,438.963,-1,604.797,-1,386.995,378.355,384.823,355.442,-1,-1,-1,-1,993.294,-1,-1,-1,2,0,2,0,2,0,0,0,0,2,2,2,2,0,2,2,2
248,1117.678,6822.669,359.477,65.223,0.417217,-0.907912,0.040325,0.903877,0.419161,0.085500,-0.094529,0.000777,0.995522,0,-0.19646,-0.84393,5.773,-0.212,-1,435.876,-1,575.089,-1,379.586,366.412,405.481,338.888,-1,-1,-1,-1,981.020,1004.490,-1,-1,2,0,2,0,2,0,0,0,0,2,2,2,2,0,0,2,2
249,1121.907,6826.853,359.991,65.016,0.420173,-0.905636,0.057259,0.901730,0.423765,0.085480,-0.101678,0.015716,0.994693,0,0.66076,-0.21548,5.949,-0.206,-1,434.058,-1,550.073,-1,373.336,355.793,427.954,324.650,-1,-1,-1,-1,971.598,955.573,-1,-1,2,0,2,0,2,0,0,0,0,2,2,2,2,0,0,2,2
250,1126.482,6831.929,361.243,64.793,0.423530,-0.903332,0.067923,0.899777,0.428182,0.084036,-0.104996,0.025524,0.994145,0,0.66124,-0.21451,6.833,-0.223,-1,439.240,-1,541.464,-1,372.468,350.746,448.034,317.194,-1,-1,-1,-1,990.959,932.909,-1,-1,2,0,2,0,2,0,0,0,0,2,2,2,2,0,0,2,2
251,1131.394,6838.011,363.041,64.545,0.427479,-0.901218,0.071187,0.898037,0.432377,0.081111,-0.103879,0.029255,0.994160,0,0.66169,-0.21361,7.818,-0.248,-1,451.635,-1,550.705,-1,377.124,351.506,460.397,316.621,-1,-1,-1,-1,-1,938.389,-1,-1,2,0,2,0,2,0,0,0,0,2,2,2,2,2,0,2,2
252,1136.407,6845.117,364.948,64.314,0.431292,-0.899522,0.069623,0.896709,0.435893,0.076879,-0.099502,0.029274,0.994607,0,0.66214,-0.21272,8.696,-0.231,-1,469.213,-1,571.584,-1,385.501,356.127,467.031,319.989,-1,-1,-1,-1,-1,962.479,-1,-1,2,0,2,0,2,0,0,0,0,2,2,2,2,2,0,2,2
253,1141.309,6853.144,366.535,64.131,0.434392,-0.898341,0.065470,0.895820,0.438459,0.072525,-0.093858,0.027145,0.995215,0,0.66236,-0.21227,9.405,-0.183,-1,487.693,-1,596.975,-1,394.703,361.957,469.118,325.159,-1,-1,-1,-1,-1,991.225,-1,-1,2,0,2,0,2,0,0,0,0,2,2,2,2,2,0,2,2
254,1146.028,6861.957,367.514,64.011,0.436480,-0.897720,0.059872,0.895365,0.439942,0.069083,-0.088357,0.023454,0.995813,0,0.66223,-0.21254,9.997,-0.119,-1,503.436,-1,621.986,-1,402.522,367.107,466.814,331.083,-1,-1,-1,-1,-1,-1,-1,-1,2,0,2,0,2,0,0,0,0,2,2,2,2,2,2,2,2
255,1150.610,6871.578,367.665,63.962,0.437460,-0.897633,0.053701,0.895419,0.440323,0.065890,-0.082791,0.019261,0.996381,0,0.66167,-0.21365,10.656,-0.049,-1,519.603,-1,643.661,-1,408.922,371.307,461.512,336.468,-1,-1,-1,-1,-1,-1,-1,-1,2,0,2,0,2,0,0,0,0,2,2,2,2,2,2,2,2
256,1155.113,6881.937,366.896,63.973,0.437514,-0.897967,0.047299,0.895947,0.439800,0.062093,-0.076559,0.015211,0.996949,0,0.66067,-0.21567,11.295,0.011,-1,536.568,-1,659.866,-1,414.591,376.912,453.681,340.546,-1,-1,-1,-1,-1,-1,1002.690,-1,2,0,2,0,2,0,0,0,0,2,2,2,2,2,2,1,2
257,1159.728,6892.967,365.251,63.993,0.437429,-0.898358,0.040116,0.896590,0.439130,0.057366,-0.069151,0.010875,0.997547,0,0.65926,-0.21849,11.957,0.021,-1,554.458,-1,677.126,-1,422.750,382.570,443.446,343.184,-1,-1,-1,-1,-1,-1,992.693,-1,2,0,2,0,2,0,0,0,0,2,2,2,2,2,2,1,2
258,1164.763,6904.483,362.884,63.953,0.438304,-0.898294,0.030937,0.896795,0.439367,0.052103,-0.060397,0.004907,0.998162,0,0.65772,-0.22159,12.569,-0.040,-1,573.423,-1,698.073,-1,432.424,388.498,429.428,346.150,-1,-1,-1,-1,-1,-1,983.392,-1,2,0,2,0,2,0,0,0,0,2,2,2,2,2,2,1,2
259,1170.469,6916.276,360.002,63.794,0.441051,-0.897284,0.018845,0.896078,0.441438,0.046644,-0.050172,-0.003686,0.998734,0,0.65640,-0.22423,13.101,-0.160,-1,594.872,-1,725.557,-1,443.104,395.030,411.078,350.548,-1,-1,-1,-1,-1,-1,976.131,-1,2,0,2,0,2,0,0,0,0,2,2,2,2,2,2,1,2
260,1177.017,6928.148,356.867,63.479,0.446190,-0.894932,0.003282,0.894114,0.445933,0.041268,-0.038396,-0.015479,0.999143,0,0.65563,-0.22577,13.558,-0.314,-1,619.938,-1,760.849,-1,455.528,402.671,388.106,357.342,-1,-1,-1,-1,-1,-1,971.849,-1,2,0,2,0,2,0,0,0,0,2,2,2,2,2,2,1,2
261,1184.340,6939.951,353.907,63.019,0.453544,-0.891133,-0.013419,0.890854,0.452859,0.036014,-0.026017,-0.028288,0.999261,0,0.57727,-0.31619,13.890,-0.461,-1,643.239,-1,797.002,-1,465.999,441.521,366.140,365.296,933.846,924.794,937.563,-1,-1,-1,970.741,-1,2,0,2,0,2,0,0,0,0,0,0,0,2,2,2,1,2
262,1192.267,6951.557,351.798,62.487,0.461899,-0.886565,-0.025514,0.886794,0.461127,0.030966,-0.015688,-0.036929,0.999195,0,0.57788,-0.31478,14.055,-0.532,-1,666.632,-1,828.419,-1,475.459,452.934,352.164,370.359,776.389,809.366,813.831,-1,-1,-1,971.828,-1,2,0,2,0,2,0,0,0,0,0,0,0,2,2,2,1,2
263,1200.661,6963.005,350.700,61.946,0.470283,-0.881986,-0.030557,0.882473,0.469638,0.026099,-0.008668,-0.039240,0.999192,0,0.57882,-0.31265,14.195,-0.540,-1,690.220,-1,848.279,-1,483.988,462.520,347.881,370.415,734.792,755.347,753.501,-1,-1,-1,979.606,-1,2,0,2,0,2,0,0,0,0,0,0,0,2,2,2,1,2
264,1209.289,6974.545,350.333,61.484,0.477403,-0.878242,-0.027892,0.878667,0.476955,0.021400,-0.005491,-0.034724,0.999382,0,0.57980,-0.31042,14.409,-0.463,-1,711.446,-1,851.526,-1,489.403,467.206,352.871,364.612,746.707,745.243,736.859,966.212,-1,-1,992.253,-1,2,0,2,0,2,0,0,0,0,0,0,0,0,2,2,1,2
265,1218.209,6986.230,350.358,61.082,0.483544,-0.875070,-0.020928,0.875299,0.483230,0.018448,-0.006030,-0.027238,0.999611,0,0.58041,-0.30902,14.700,-0.401,-1,723.698,-1,841.832,-1,489.209,467.287,362.122,355.182,794.047,768.469,756.285,918.799,-1,-1,1002.978,-1,2,0,2,0,2,0,0,0,0,0,0,0,0,2,2,1,2
266,1227.530,6998.172,350.493,60.678,0.489702,-0.871774,-0.014208,0.871859,0.489482,0.016431,-0.007369,-0.020433,0.999764,0,0.58072,-0.30831,15.149,-0.404,-1,732.351,-1,830.918,-1,487.471,466.933,371.495,345.921,846.445,799.103,785.400,888.986,-1,-1,-1,-1,2,0,2,0,2,0,0,0,0,0,0,0,0,2,2,2,2
267,1237.328,7010.496,350.592,60.223,0.496609,-0.867907,-0.010807,0.867949,0.496459,0.013879,-0.006680,-0.016272,0.999845,0,0.58100,-0.30766,15.744,-0.455,-1,740.737,-1,828.408,-1,488.888,474.150,377.237,339.453,876.053,812.458,797.109,863.674,-1,-1,-1,-1,2,0,2,0,2,0,0,0,0,0,0,0,0,2,2,2,2
268,1249.130,7025.460,350.165,59.745,0.503843,-0.863751,-0.008714,0.863775,0.503738,0.011863,-0.005857,-0.013504,0.999892,0,0.58145,-0.30666,19.059,-0.479,-1,743.994,-1,825.966,-1,484.753,489.226,380.357,332.964,896.857,823.600,806.702,844.449,-1,-1,-1,-1,2,0,2,0,2,0,0,0,0,0,0,0,0,2,2,2,2
269,1257.302,7035.402,349.380,59.329,0.510098,-0.860080,-0.007890,0.860098,0.510006,0.011183,-0.005594,-0.012491,0.999906,0,0.58165,-0.30620,12.869,-0.416,948.308,740.691,-1,822.967,-1,479.138,517.790,380.373,328.512,905.122,829.309,812.201,836.239,-1,-1,-1,-1,1,0,2,0,2,0,0,0,0,0,0,0,0,2,2,2,2
270,1267.991,7047.851,347.857,58.720,0.519215,-0.854615,-0.007035,0.854627,0.519136,0.010462,-0.005288,-0.011444,0.999921,0,0.58219,-0.30495,16.408,-0.609,793.645,732.845,-1,817.908,-1,469.891,588.039,379.011,322.089,911.527,832.950,815.505,823.864,-1,-1,-1,-1,1,0,2,0,2,0,0,0,0,0,0,0,0,2,2,2,2
271,1279.293,7060.133,345.890,58.013,0.529721,-0.848150,-0.006068,0.848155,0.529652,0.010078,-0.005333,-0.010485,0.999931,0,0.58325,-0.30255,16.691,-0.707,795.359,720.349,-1,810.760,-1,457.977,600.667,376.674,314.763,917.317,836.524,819.446,811.898,-1,-1,-1,-1,1,0,2,0,2,0,0,0,0,0,0,0,0,2,2,2,2
272,1291.058,7072.281,343.716,57.275,0.540592,-0.841279,-0.003188,0.841265,0.540549,0.008931,-0.005790,-0.007510,0.999955,0,0.58473,-0.29918,16.911,-0.737,798.152,707.522,-1,800.136,-1,444.832,603.067,376.604,305.427,945.710,841.602,825.312,786.814,-1,-1,-1,-1,1,0,2,0,2,0,0,0,0,0,0,0,0,2,2,2,2
273,1303.087,7084.803,341.466,56.620,0.550182,-0.835043,0.001590,0.835022,0.550180,0.006276,-0.006115,-0.002125,0.999979,0,0.58633,-0.29552,17.363,-0.656,800.211,697.026,-1,787.130,-1,431.975,604.041,380.681,294.646,1007.242,846.643,828.003,744.965,-1,-1,-1,-1,1,0,2,0,2,0,0,0,0,0,0,0,0,2,2,2,2
274,1315.374,7097.776,339.464,56.037,0.558644,-0.829387,0.005822,0.829387,0.558666,0.003148,-0.005864,0.003070,0.999978,0,0.58751,-0.29282,17.869,-0.583,802.436,689.796,-1,776.425,-1,421.411,604.320,385.642,284.527,-1,848.988,827.057,712.050,-1,-1,-1,-1,1,0,2,0,2,0,0,0,0,2,0,0,0,2,2,2,2
275,1327.851,7111.181,338.004,55.498,0.566432,-0.824068,0.008165,0.824091,0.566456,0.000863,-0.005336,0.006240,0.999966,0,0.58830,-0.29103,18.313,-0.540,813.132,683.839,-1,769.578,-1,412.637,604.740,389.125,274.259,-1,852.134,828.920,692.995,-1,-1,-1,-1,1,0,2,0,2,0,0,0,0,2,0,0,0,2,2,2,2
276,1340.652,7124.734,336.885,54.912,0.574824,-0.818207,0.010703,0.818254,0.574857,0.000057,-0.006199,0.008725,0.999943,0,0.58883,-0.28983,18.643,-0.586,825.045,672.707,-1,760.599,-1,461.797,604.540,392.627,264.264,-1,869.981,849.178,688.014,-1,-1,-1,-1,1,0,2,0,2,0,0,0,0,2,0,0,0,2,2,2,2
277,1353.890,7138.169,335.782,54.270,0.583935,-0.811667,0.014712,0.811747,0.584008,0.000913,-0.009334,0.011409,0.999891,0,0.58952,-0.28826,18.861,-0.641,838.862,653.113,-1,745.829,-1,465.449,602.561,396.715,253.911,-1,909.456,897.332,694.697,-1,-1,-1,-1,1,0,2,0,2,0,0,0,0,2,0,0,0,2,2,2,2
278,1367.533,7151.526,334.689,53.587,0.593541,-0.804550,0.020195,0.804688,0.593694,0.002057,-0.013644,0.015029,0.999794,0,0.59044,-0.28616,19.093,-0.683,854.729,630.465,-1,727.740,-1,468.813,594.578,403.098,242.650,-1,963.409,964.828,703.629,-1,-1,-1,-1,1,0,2,0,2,0,0,0,0,2,0,0,0,2,2,2,2
279,1381.592,7164.959,333.565,52.904,0.603057,-0.797260,0.026420,0.797502,0.603312,0.002163,-0.017664,0.019766,0.999649,0,0.59152,-0.28370,19.445,-0.683,871.977,610.109,-1,709.849,-1,472.946,584.236,416.545,230.302,-1,-1,-1,705.200,-1,999.582,-1,-1,1,0,2,0,2,0,0,0,0,2,2,2,0,2,0,2,2
280,1396.182,7178.358,332.466,52.175,0.613121,-0.789335,0.032130,0.789731,0.613453,0.000619,-0.020199,0.024995,0.999484,0,0.59256,-0.28133,19.809,-0.729,921.825,594.788,-1,695.517,-1,477.920,576.514,431.874,217.664,-1,-1,-1,700.138,-1,985.505,-1,-1,1,0,2,0,2,0,0,0,0,2,2,2,0,2,0,2,2
281,1411.443,7191.438,331.545,51.350,0.624415,-0.780254,0.036201,0.780803,0.624775,-0.001714,-0.021280,0.029336,0.999343,0,0.59377,-0.27857,20.099,-0.825,-1,582.397,-1,686.051,-1,485.303,572.015,447.265,206.119,-1,-1,-1,694.822,-1,972.329,-1,-1,2,0,2,0,2,0,0,0,0,2,2,2,0,2,0,2,2
282,1427.435,7203.940,330.922,50.373,0.637635,-0.769409,0.037839,0.770041,0.637985,-0.003548,-0.021411,0.031400,0.999278,0,0.59540,-0.27485,20.299,-0.977,-1,569.615,-1,681.366,-1,497.379,570.575,460.640,197.347,-1,-1,-1,696.620,-1,945.780,-1,-1,2,0,2,0,2,0,0,0,0,2,2,2,0,2,0,2,2
283,1443.873,7214.836,330.771,49.178,0.653538,-0.755967,0.037441,0.756553,0.653929,-0.002325,-0.022727,0.029845,0.999296,0,-0.08671,-0.41586,19.722,-1.195,-1,544.565,-1,675.985,-1,507.636,569.585,473.355,292.712,-1,-1,-1,719.198,-1,921.018,-1,-1,2,0,2,0,2,0,0,0,0,2,2,2,0,2,0,2,2
284,1460.143,7223.230,331.190,47.755,0.672079,-0.739556,0.036967,0.740023,0.672579,0.001511,-0.025981,0.026341,0.999315,0,-0.08721,-0.40802,18.307,-1.424,-1,497.191,-1,668.808,-1,522.013,566.363,483.723,290.312,-1,-1,-1,765.029,-1,895.452,-1,-1,2,0,2,0,2,0,0,0,0,2,2,2,0,2,0,2,2
285,1475.999,7230.714,332.056,46.304,0.690582,-0.722263,0.037845,0.722744,0.691114,0.001378,-0.027150,0.026400,0.999283,0,-0.08789,-0.39725,17.534,-1.451,-1,474.887,-1,665.240,983.804,542.080,567.102,503.812,286.515,-1,-1,-1,794.360,-1,897.855,-1,998.651,2,0,2,0,0,0,0,0,0,2,2,2,0,2,0,2,0
286,1491.427,7238.084,333.414,45.089,0.705794,-0.707270,0.040292,0.707983,0.706210,-0.005192,-0.024783,0.032190,0.999174,0,-0.08861,-0.38596,17.097,-1.215,-1,507.457,-1,666.550,962.482,559.193,573.062,539.505,282.278,-1,-1,-1,770.848,-1,910.626,-1,998.361,2,0,2,0,0,0,0,0,0,2,2,2,0,2,0,2,0
287,1506.135,7244.838,335.418,44.144,0.717429,-0.695196,0.044700,0.696299,0.717591,-0.015174,-0.021527,0.042010,0.998885,0,-0.08918,-0.37702,16.185,-0.945,-1,536.740,-1,668.769,952.303,570.971,580.042,589.382,278.022,-1,-1,-1,738.496,-1,914.391,-1,-1,2,0,2,0,0,0,0,0,0,2,2,2,0,2,0,2,2
288,1519.910,7250.394,338.177,43.253,0.728186,-0.683482,0.050964,0.685093,0.728018,-0.025268,-0.019832,0.053315,0.998381,0,-0.08959,-0.37059,14.853,-0.890,-1,539.005,-1,666.782,940.738,580.596,586.073,649.661,273.472,-1,-1,-1,712.433,-1,894.119,-1,-1,2,0,2,0,0,0,0,0,0,2,2,2,0,2,0,2,2
289,1532.724,7255.316,341.520,42.455,0.737649,-0.672561,0.059462,0.674872,0.737121,-0.034638,-0.020534,0.065680,0.997629,0,-0.08999,-0.36433,13.726,-0.798,-1,540.629,-1,661.695,926.269,586.479,589.301,720.598,269.198,-1,-1,-1,695.806,-1,876.100,-1,-1,2,0,2,0,0,0,0,0,0,2,2,2,0,2,0,2,2
290,1544.579,7259.627,345.332,41.785,0.745435,-0.662886,0.070060,0.666143,0.744621,-0.042345,-0.024099,0.078235,0.996644,0,-0.09034,-0.35876,12.614,-0.670,-1,540.596,-1,652.079,907.436,590.126,588.767,799.392,265.485,-1,-1,-1,691.164,-1,857.890,-1,984.781,2,0,2,0,0,0,0,0,0,2,2,2,0,2,0,2,0
291,1555.512,7263.141,349.492,41.240,0.751608,-0.654400,0.082733,0.658917,0.750637,-0.048709,-0.030227,0.091125,0.995381,0,-0.09063,-0.35425,11.484,-0.545,-1,539.234,-1,639.118,878.369,591.160,584.803,887.623,262.216,-1,-1,-1,695.250,-1,839.630,-1,952.814,2,0,2,0,0,0,0,0,0,2,2,2,0,2,0,2,0
292,1565.698,7266.024,353.612,40.761,0.756851,-0.646304,0.097308,0.652398,0.756033,-0.052834,-0.039421,0.103471,0.993851,0,-0.09086,-0.35071,10.587,-0.479,-1,544.454,-1,621.904,847.781,589.595,575.247,982.152,260.059,-1,-1,-1,711.211,-1,820.376,-1,925.272,2,0,2,0,0,0,0,0,0,2,2,2,0,2,0,2,0
