timestep,x_cm,y_cm,z_cm,yaw_deg,basis_xx,basis_xy,basis_xz,basis_yx,basis_yy,basis_yz,basis_zx,basis_zy,basis_zz,teleport_flag,throttle_cmd,steering_cmd,cmd_move_cm,cmd_turn_deg,lidar_cm_0,lidar_cm_1,lidar_cm_2,lidar_cm_3,lidar_cm_4,lidar_cm_5,lidar_cm_6,lidar_cm_7,lidar_cm_8,lidar_cm_9,lidar_cm_10,lidar_cm_11,lidar_cm_12,lidar_cm_13,lidar_cm_14,lidar_cm_15,lidar_cm_16,lidar_class_0,lidar_class_1,lidar_class_2,lidar_class_3,lidar_class_4,lidar_class_5,lidar_class_6,lidar_class_7,lidar_class_8,lidar_class_9,lidar_class_10,lidar_class_11,lidar_class_12,lidar_class_13,lidar_class_14,lidar_class_15,lidar_class_16
0,4918.039,-1635.248,-344.364,107.552,-0.299957,-0.953381,-0.033012,0.951144,-0.301548,0.066288,-0.073152,-0.011515,0.997254,1,0.08000,-0.12000,4.800,-0.240,-1,400.000,-1,425.000,-1,325.000,325.000,275.000,275.000,-1,525.000,475.000,-1,750.000,850.000,-1,-1,2,0,2,0,2,0,0,0,0,2,1,1,2,0,0,2,2
1,4915.221,-1626.071,-345.057,107.072,-0.291949,-0.955870,-0.032828,0.953619,-0.293550,0.066634,-0.073330,-0.011851,0.997237,0,0.16000,-0.24000,9.600,-0.480,-1,400.000,-1,425.000,-1,325.000,325.000,275.000,275.000,-1,525.000,475.000,-1,750.000,825.000,-1,-1,2,0,2,0,2,0,0,0,0,2,1,1,2,0,0,2,2
2,4911.167,-1612.254,-346.095,106.352,-0.279898,-0.959477,-0.032562,0.957206,-0.281513,0.067140,-0.073586,-0.012377,0.997212,0,0.24000,-0.36000,14.400,-0.720,-1,400.000,-1,425.000,-1,325.000,325.000,275.000,275.000,-1,550.000,500.000,-1,750.000,825.000,-1,-1,2,0,2,0,2,0,0,0,0,2,1,1,2,0,0,2,2
3,4906.070,-1593.742,-347.477,105.392,-0.263758,-0.964050,-0.032228,0.961754,-0.265396,0.067788,-0.073904,-0.013116,0.997179,0,0.32000,-0.48000,19.200,-0.960,-1,400.000,-1,425.000,-1,325.000,325.000,275.000,275.000,-1,600.000,525.000,-1,750.000,825.000,-1,-1,2,0,2,0,2,0,0,0,0,2,1,1,2,0,0,2,2
4,4900.122,-1570.491,-349.205,104.351,-0.246172,-0.968703,-0.031847,0.966373,-0.247834,0.068560,-0.074307,-0.013898,0.997139,0,0.40000,-0.52051,24.000,-1.041,-1,400.000,-1,425.000,-1,325.000,325.000,275.000,275.000,-1,650.000,550.000,-1,750.000,825.000,-1,-1,2,0,2,0,2,0,0,0,0,2,1,1,2,0,0,2,2
5,4893.782,-1543.735,-351.183,103.330,-0.228843,-0.972955,-0.031453,0.970587,-0.230530,0.069405,-0.074778,-0.014645,0.997093,0,0.45828,-0.51054,27.497,-1.021,-1,400.000,-1,425.000,-1,325.000,325.000,275.000,275.000,-1,700.000,600.000,-1,750.000,800.000,-1,-1,2,0,2,0,2,0,0,0,0,2,1,1,2,0,0,2,2
6,4887.800,-1516.373,-353.194,102.331,-0.211827,-0.976813,-0.031088,0.974407,-0.213541,0.070230,-0.075240,-0.015416,0.997046,0,0.46681,-0.49916,28.008,-0.998,-1,400.000,-1,400.000,-1,325.000,325.000,275.000,275.000,-1,775.000,625.000,-1,750.000,800.000,-1,-1,2,0,2,0,2,0,0,0,0,2,1,1,2,0,0,2,2
7,4882.183,-1488.406,-355.235,101.356,-0.195140,-0.980293,-0.030755,0.977850,-0.196882,0.071038,-0.075694,-0.016211,0.996999,0,0.47542,-0.48760,28.525,-0.975,-1,400.000,-1,400.000,-1,325.000,325.000,275.000,275.000,-1,850.000,675.000,-1,750.000,800.000,-1,-1,2,0,2,0,2,0,0,0,0,2,1,1,2,0,0,2,2
8,4876.937,-1459.837,-357.308,100.404,-0.178796,-0.983415,-0.030453,0.980935,-0.180570,0.071833,-0.076140,-0.017029,0.996952,0,0.48410,-0.47586,29.046,-0.952,-1,400.000,-1,400.000,-1,325.000,325.000,275.000,275.000,-1,950.000,725.000,-1,750.000,800.000,-1,-1,2,0,2,0,2,0,0,0,0,2,1,1,2,0,0,2,2
9,4872.068,-1430.669,-359.410,99.477,-0.162811,-0.986195,-0.030185,0.983681,-0.164618,0.072616,-0.076583,-0.017870,0.996903,0,0.49286,-0.46395,29.571,-0.928,-1,400.000,-1,400.000,-1,325.000,325.000,275.000,275.000,-1,-1,775.000,-1,750.000,775.000,-1,-1,2,0,2,0,2,0,0,0,0,2,2,1,2,0,0,2,2
10,4867.581,-1400.905,-361.542,98.573,-0.147197,-0.988654,-0.029951,0.986104,-0.149041,0.073391,-0.077022,-0.018732,0.996853,0,0.50168,-0.45186,30.101,-0.904,-1,400.000,-1,400.000,-1,325.000,325.000,275.000,275.000,-1,-1,825.000,-1,725.000,775.000,-1,-1,2,0,2,0,2,0,0,0,0,2,2,1,2,0,0,2,2
11,4863.479,-1370.546,-363.703,97.694,-0.131969,-0.990807,-0.029751,0.988223,-0.133851,0.074160,-0.077460,-0.019614,0.996802,0,0.51057,-0.43959,30.634,-0.879,-1,400.000,-1,400.000,-1,325.000,325.000,300.000,275.000,-1,-1,900.000,-1,725.000,775.000,-1,-1,2,0,2,0,2,0,0,0,0,2,2,1,2,0,0,2,2
12,4859.767,-1339.596,-365.941,96.839,-0.117156,-0.992679,-0.029388,0.990065,-0.119062,0.074803,-0.077754,-0.020333,0.996765,0,0.51953,-0.42714,31.172,-0.854,-1,400.000,-1,400.000,-1,325.000,325.000,300.000,275.000,-1,-1,975.000,-1,725.000,750.000,-1,-1,2,0,2,0,2,0,0,0,0,2,2,1,2,0,0,2,2
13,4856.446,-1308.058,-368.288,96.010,-0.102781,-0.994288,-0.028752,0.991650,-0.104686,0.075307,-0.077887,-0.020772,0.996746,0,0.52854,-0.41451,31.713,-0.829,-1,400.000,-1,400.000,-1,325.000,325.000,300.000,275.000,-1,-1,-1,-1,725.000,750.000,-1,-1,2,0,2,0,2,0,0,0,0,2,2,2,2,0,0,2,2
14,4853.518,-1275.933,-370.742,95.207,-0.088815,-0.995643,-0.028404,0.993010,-0.090733,0.075488,-0.077737,-0.021501,0.996742,0,0.53762,-0.40170,32.257,-0.803,-1,400.000,-1,400.000,-1,325.000,325.000,300.000,275.000,-1,-1,-1,-1,725.000,725.000,-1,-1,2,0,2,0,2,0,0,0,0,2,2,2,2,0,0,2,2
15,4850.984,-1243.226,-373.257,94.430,-0.075280,-0.996764,-0.028190,0.994162,-0.077215,0.075370,-0.077303,-0.022351,0.996757,0,0.54676,-0.38870,32.806,-0.777,-1,400.000,-1,400.000,-1,325.000,325.000,300.000,275.000,-1,-1,-1,-1,725.000,725.000,-1,-1,2,0,2,0,2,0,0,0,0,2,2,2,2,0,0,2,2
16,4848.844,-1209.936,-375.803,93.679,-0.062188,-0.997671,-0.028023,0.995100,-0.064141,0.075239,-0.076862,-0.023206,0.996772,0,0.55597,-0.37552,33.358,-0.751,-1,400.000,-1,400.000,-1,325.000,325.000,300.000,275.000,-1,-1,-1,-1,725.000,725.000,-1,-1,2,0,2,0,2,0,0,0,0,2,2,2,2,0,0,2,2
17,4847.096,-1176.067,-378.381,92.954,-0.049551,-0.998382,-0.027904,0.995844,-0.051524,0.075098,-0.076414,-0.024066,0.996786,0,0.56525,-0.36215,33.915,-0.724,-1,400.000,-1,400.000,-1,325.000,325.000,300.000,275.000,-1,-1,-1,-1,700.000,700.000,-1,-1,2,0,2,0,2,0,0,0,0,2,2,2,2,0,0,2,2
18,4845.738,-1141.618,-380.989,92.257,-0.037376,-0.998914,-0.027833,0.996410,-0.039371,0.074948,-0.075963,-0.024932,0.996799,0,0.57459,-0.34859,34.476,-0.697,-1,400.000,-1,400.000,-1,325.000,325.000,300.000,275.000,-1,-1,-1,-1,700.000,700.000,-1,-1,2,0,2,0,2,0,0,0,0,2,2,2,2,0,0,2,2
19,4844.767,-1106.590,-383.628,91.587,-0.025674,-0.999283,-0.027812,0.996814,-0.027693,0.074793,-0.075510,-0.025803,0.996811,0,0.58402,-0.33483,35.041,-0.670,-1,400.000,-1,400.000,-1,325.000,325.000,300.000,275.000,-1,-1,-1,-1,700.000,700.000,-1,-1,2,0,2,0,2,0,0,0,0,2,2,2,2,0,0,2,2
20,4844.178,-1070.984,-386.298,90.946,-0.014454,-0.999508,-0.027839,0.997074,-0.016498,0.074634,-0.075057,-0.026679,0.996822,0,0.59352,-0.32088,35.611,-0.642,-1,400.000,-1,400.000,-1,325.000,325.000,300.000,275.000,-1,-1,-1,-1,700.000,675.000,-1,-1,2,0,2,0,2,0,0,0,0,2,2,2,2,0,0,2,2
21,4843.968,-1034.797,-388.998,90.332,-0.003724,-0.999603,-0.027917,0.997206,-0.005795,0.074474,-0.074606,-0.027562,0.996832,0,0.60312,-0.30673,36.187,-0.613,-1,400.000,-1,400.000,-1,325.000,325.000,300.000,275.000,-1,-1,-1,-1,675.000,675.000,-1,-1,2,0,2,0,2,0,0,0,0,2,2,2,2,0,0,2,2
22,4844.130,-998.029,-391.728,89.747,0.006507,-0.999586,-0.028044,0.997225,0.004406,0.074315,-0.074160,-0.028450,0.996840,0,0.61280,-0.29237,36.768,-0.585,-1,400.000,-1,400.000,-1,325.000,350.000,300.000,275.000,-1,-1,-1,-1,675.000,675.000,-1,-1,2,0,2,0,2,0,0,0,0,2,2,2,2,0,0,2,2
23,4844.563,-956.463,-394.808,89.403,0.012543,-0.999523,-0.028205,0.997190,0.010420,0.074186,-0.073857,-0.029057,0.996845,0,0.69280,-0.17237,41.568,-0.345,-1,400.000,-1,400.000,-1,325.000,350.000,300.000,275.000,-1,-1,-1,-1,675.000,650.000,-1,-1,2,0,2,0,2,0,0,0,0,2,2,2,2,0,0,2,2
24,4845.097,-912.917,-398.034,89.298,0.014384,-0.999494,-0.028370,0.997176,0.012248,0.074095,-0.073710,-0.029355,0.996848,0,0.72583,-0.05237,43.550,-0.105,-1,375.000,-1,400.000,-1,325.000,325.000,300.000,275.000,-1,-1,-1,-1,650.000,650.000,-1,-1,2,0,2,0,2,0,0,0,0,2,2,2,2,0,0,2,2
25,4845.534,-868.677,-401.315,89.433,0.012028,-0.999521,-0.028506,0.997206,0.009888,0.074044,-0.073727,-0.029317,0.996847,0,0.73737,0.06763,44.242,0.135,-1,375.000,-1,375.000,-1,325.000,325.000,300.000,275.000,-1,-1,-1,-1,650.000,650.000,-1,-1,2,0,2,0,2,0,0,0,0,2,2,2,2,0,0,2,2
26,4845.684,-823.849,-404.653,89.808,0.005472,-0.999576,-0.028585,0.997250,0.003342,0.074035,-0.073909,-0.028912,0.996846,0,0.74713,0.18763,44.828,0.375,1000.000,375.000,-1,375.000,-1,325.000,325.000,300.000,275.000,-1,-1,-1,-1,625.000,625.000,-1,-1,0,0,2,0,2,0,0,0,0,2,2,2,2,0,0,2,2
27,4845.353,-779.023,-408.012,90.424,-0.005287,-0.999578,-0.028577,0.997225,-0.007392,0.074075,-0.074255,-0.028106,0.996843,0,0.74713,0.30763,44.828,0.615,975.000,375.000,-1,375.000,1000.000,300.000,325.000,300.000,275.000,-1,-1,-1,-1,625.000,625.000,975.000,1000.000,0,0,2,0,0,0,0,0,0,2,2,2,2,0,0,0,0
28,4844.353,-734.206,-411.400,91.279,-0.020249,-0.999390,-0.028452,0.996996,-0.022312,0.074171,-0.074761,-0.026864,0.996840,0,0.74713,0.42763,44.828,0.855,925.000,350.000,-1,375.000,950.000,300.000,325.000,300.000,275.000,-1,-1,-1,-1,600.000,625.000,950.000,950.000,0,0,2,0,0,0,0,0,0,2,2,2,2,0,0,0,0
29,4842.497,-689.417,-414.826,92.374,-0.039413,-0.998826,-0.028181,0.996373,-0.041413,0.074337,-0.075417,-0.025149,0.996835,0,0.74713,0.54763,44.828,1.095,900.000,350.000,-1,350.000,900.000,300.000,300.000,300.000,275.000,-1,-1,-1,-1,600.000,600.000,900.000,900.000,0,0,2,0,0,0,0,0,0,2,2,2,2,0,0,0,0
30,4839.620,-644.682,-417.993,93.680,-0.062186,-0.997649,-0.028796,0.995224,-0.064158,0.073570,-0.075244,-0.024084,0.996874,0,0.74713,0.65268,44.828,1.305,875.000,350.000,-1,350.000,875.000,300.000,300.000,300.000,275.000,-1,-1,-1,-1,600.000,600.000,875.000,875.000,0,0,2,0,0,0,0,0,0,2,2,2,2,0,0,0,0
31,4835.726,-600.024,-420.469,94.985,-0.085018,-0.995962,-0.028827,0.993707,-0.086872,0.070706,-0.072925,-0.022635,0.997081,0,0.74713,0.65268,44.828,1.305,875.000,350.000,-1,375.000,875.000,300.000,300.000,300.000,275.000,-1,-1,-1,-1,600.000,625.000,875.000,875.000,0,0,2,0,0,0,0,0,0,2,2,2,2,0,0,0,0
32,4830.815,-555.467,-422.862,96.290,-0.107860,-0.993769,-0.028097,0.991686,-0.109544,0.067526,-0.070183,-0.020580,0.997322,0,0.74713,0.65268,44.828,1.305,900.000,350.000,-1,375.000,850.000,300.000,300.000,300.000,275.000,-1,-1,-1,-1,600.000,625.000,875.000,875.000,0,0,2,0,0,0,0,0,0,2,2,2,2,0,0,0,0
33,4824.890,-511.033,-425.292,97.596,-0.130651,-0.991057,-0.027123,0.989134,-0.132160,0.064399,-0.067407,-0.018415,0.997556,0,0.74713,0.65268,44.828,1.305,900.000,350.000,-1,375.000,850.000,300.000,300.000,300.000,275.000,-1,-1,-1,-1,600.000,625.000,875.000,875.000,0,0,2,0,0,0,0,0,0,2,2,2,2,0,0,0,0
34,4817.955,-466.745,-427.758,98.901,-0.153376,-0.987828,-0.025904,0.986054,-0.154709,0.061334,-0.064595,-0.016136,0.997781,0,0.74713,0.65268,44.828,1.305,925.000,350.000,-1,375.000,850.000,300.000,300.000,300.000,300.000,-1,-1,-1,-1,600.000,625.000,900.000,875.000,0,0,2,0,0,0,0,0,0,2,2,2,2,0,0,0,0
35,4810.013,-422.627,-430.259,100.206,-0.176022,-0.984083,-0.024438,0.982448,-0.177179,0.058342,-0.061744,-0.013739,0.997997,0,0.74713,0.65268,44.828,1.305,950.000,350.000,-1,375.000,850.000,300.000,300.000,300.000,300.000,-1,925.000,725.000,-1,600.000,625.000,900.000,850.000,0,0,2,0,0,0,0,0,0,2,0,0,2,0,0,0,0
36,4801.067,-378.702,-432.792,101.512,-0.198577,-0.979822,-0.022725,0.978317,-0.199558,0.055435,-0.058851,-0.011224,0.998204,0,0.74713,0.65268,44.828,1.305,975.000,350.000,-1,375.000,825.000,300.000,300.000,300.000,275.000,-1,775.000,625.000,-1,600.000,600.000,925.000,850.000,0,0,2,0,0,0,0,0,0,2,0,0,2,0,0,0,0
37,4791.124,-334.991,-435.358,102.817,-0.221026,-0.975047,-0.020765,0.973664,-0.221833,0.052622,-0.055915,-0.008587,0.998399,0,0.74713,0.65268,44.828,1.305,1000.000,350.000,-1,375.000,825.000,300.000,300.000,300.000,275.000,-1,675.000,525.000,-1,600.000,600.000,950.000,850.000,0,0,2,0,0,0,0,0,0,2,0,0,2,0,0,0,0
38,4780.186,-291.519,-437.955,104.123,-0.243356,-0.969760,-0.018558,0.968492,-0.243993,0.049915,-0.052934,-0.005826,0.998581,0,0.74713,0.65268,44.828,1.305,-1,350.000,-1,375.000,800.000,300.000,300.000,300.000,275.000,-1,600.000,475.000,-1,600.000,600.000,975.000,825.000,2,0,2,0,0,0,0,0,0,2,0,0,2,0,0,0,0
39,4768.262,-248.306,-440.556,105.428,-0.265550,-0.963961,-0.016177,0.962809,-0.266025,0.047227,-0.049828,-0.003034,0.998753,0,0.74713,0.65268,44.828,1.305,-1,375.000,-1,350.000,775.000,300.000,300.000,325.000,275.000,-1,525.000,425.000,-1,600.000,575.000,1000.000,825.000,2,0,2,0,0,0,0,0,0,2,0,0,2,0,0,0,0
40,4755.355,-205.377,-442.845,106.733,-0.287556,-0.957654,-0.014468,0.956674,-0.287917,0.043335,-0.045665,-0.001380,0.998956,0,0.74713,0.65268,44.828,1.305,-1,375.000,-1,350.000,800.000,300.000,300.000,325.000,275.000,-1,450.000,375.000,-1,600.000,575.000,-1,825.000,2,0,2,0,0,0,0,0,0,2,0,0,2,0,0,2,0
41,4740.584,-159.366,-445.340,107.799,-0.305427,-0.952136,-0.012273,0.951330,-0.305673,0.039191,-0.041067,0.000294,0.999156,0,0.80541,0.53268,48.325,1.065,-1,375.000,-1,350.000,800.000,300.000,300.000,325.000,275.000,-1,400.000,350.000,-1,625.000,575.000,-1,825.000,2,0,2,0,0,0,0,0,0,2,0,0,2,0,0,2,0
42,4725.151,-113.572,-447.852,108.624,-0.319211,-0.947633,-0.009810,0.946985,-0.319356,0.035095,-0.036390,0.001913,0.999336,0,0.80541,0.41268,48.325,0.825,-1,350.000,-1,350.000,800.000,300.000,300.000,300.000,275.000,-1,350.000,325.000,-1,625.000,575.000,-1,825.000,2,0,2,0,0,0,0,0,0,2,0,0,2,0,0,2,0
43,4709.252,-67.939,-449.849,109.209,-0.328888,-0.944321,-0.009480,0.943785,-0.329021,0.031856,-0.033201,0.001530,0.999448,0,0.80541,0.29268,48.325,0.585,-1,350.000,-1,350.000,800.000,300.000,300.000,300.000,275.000,-1,350.000,325.000,-1,625.000,575.000,-1,850.000,2,0,2,0,0,0,0,0,0,2,0,0,2,0,0,2,0
44,4693.077,-22.402,-451.155,109.555,-0.334529,-0.942321,-0.011043,0.941948,-0.334708,0.026532,-0.028698,-0.001527,0.999587,0,0.80541,0.17268,48.325,0.345,-1,350.000,-1,350.000,875.000,300.000,300.000,300.000,275.000,-1,325.000,325.000,-1,625.000,575.000,-1,900.000,2,0,2,0,0,0,0,0,0,2,0,0,2,0,0,2,0
45,4676.818,23.106,-452.364,109.660,-0.336232,-0.941693,-0.012764,0.941478,-0.336436,0.020741,-0.023826,-0.005044,0.999703,0,0.80541,0.05268,48.325,0.105,-1,350.000,-1,350.000,925.000,300.000,300.000,300.000,300.000,-1,300.000,350.000,-1,625.000,600.000,-1,975.000,2,0,2,0,0,0,0,0,0,2,0,0,2,0,0,2,0
46,4660.667,68.651,-453.538,109.526,-0.334015,-0.942460,-0.014254,0.942373,-0.334215,0.015275,-0.019160,-0.008331,0.999782,0,0.80541,-0.06732,48.325,-0.135,-1,350.000,-1,350.000,-1,300.000,300.000,300.000,300.000,-1,300.000,350.000,-1,625.000,600.000,-1,-1,2,0,2,0,2,0,0,0,0,2,0,0,2,0,0,2,2
47,4644.741,114.276,-454.156,109.242,-0.329377,-0.944093,-0.014113,0.944062,-0.329546,0.012074,-0.016050,-0.009347,0.999828,0,0.80541,-0.14171,48.325,-0.283,-1,350.000,-1,350.000,-1,300.000,300.000,275.000,300.000,-1,325.000,375.000,-1,650.000,600.000,-1,-1,2,0,2,0,2,0,0,0,0,2,0,0,2,0,0,2,2
48,4629.038,159.987,-454.301,108.959,-0.324771,-0.945720,-0.011711,0.945723,-0.324872,0.008083,-0.011449,-0.008450,0.999899,0,0.80556,-0.14178,48.334,-0.284,-1,375.000,-1,350.000,-1,300.000,300.000,300.000,300.000,-1,325.000,375.000,-1,650.000,625.000,-1,-1,2,0,2,0,2,0,0,0,0,2,0,0,2,0,0,2,2
49,4613.469,206.066,-454.409,108.670,-0.320056,-0.947354,-0.009200,0.947374,-0.320102,0.004025,-0.006758,-0.007427,0.999950,0,0.81064,-0.14445,48.638,-0.289,-1,375.000,-1,350.000,-1,300.000,300.000,300.000,300.000,-1,325.000,375.000,-1,675.000,625.000,-1,-1,2,0,2,0,2,0,0,0,0,2,0,0,2,0,0,2,2
50,4598.040,252.514,-454.508,108.375,-0.315226,-0.948993,-0.006725,0.949014,-0.315233,-0.000050,-0.002072,-0.006398,0.999977,0,0.81571,-0.14719,48.943,-0.294,-1,375.000,-1,350.000,-1,300.000,300.000,300.000,300.000,-1,350.000,400.000,-1,700.000,650.000,-1,-1,2,0,2,0,2,0,0,0,0,2,0,0,2,0,0,2,2
51,4582.761,299.329,-454.537,108.075,-0.310277,-0.950634,-0.004729,0.950643,-0.310261,-0.003978,0.002315,-0.005730,0.999981,0,0.82077,-0.15001,49.246,-0.300,-1,375.000,-1,375.000,-1,300.000,300.000,300.000,300.000,-1,350.000,400.000,-1,725.000,650.000,-1,-1,2,0,2,0,2,0,0,0,0,2,0,0,2,0,0,2,2
52,4567.639,346.514,-454.371,107.769,-0.305216,-0.952276,-0.003758,0.952264,-0.305182,-0.007544,0.006037,-0.005881,0.999964,0,0.82581,-0.15290,49.549,-0.306,-1,375.000,-1,375.000,-1,300.000,300.000,300.000,300.000,-1,350.000,400.000,-1,750.000,675.000,-1,-1,2,0,2,0,2,0,0,0,0,2,0,0,2,0,0,2,2
53,4552.684,394.068,-454.221,107.458,-0.300043,-0.953921,-0.002886,0.953876,-0.299996,-0.011088,0.009711,-0.006080,0.999934,0,0.83083,-0.15588,49.850,-0.312,-1,400.000,-1,375.000,-1,325.000,300.000,300.000,300.000,-1,325.000,350.000,-1,750.000,675.000,-1,-1,2,0,2,0,2,0,0,0,0,2,0,0,2,0,0,2,2
54,4537.905,441.990,-454.086,107.140,-0.294758,-0.955570,-0.002112,0.955479,-0.294698,-0.014610,0.013339,-0.006325,0.999891,0,0.83583,-0.15895,50.150,-0.318,-1,400.000,-1,375.000,1000.000,325.000,300.000,300.000,300.000,-1,275.000,325.000,-1,775.000,675.000,-1,-1,2,0,2,0,1,0,0,0,0,2,0,0,2,0,0,2,2
55,4523.311,490.281,-453.965,106.816,-0.289357,-0.957220,-0.001437,0.957072,-0.289285,-0.018110,0.016920,-0.006616,0.999835,0,0.84079,-0.16212,50.447,-0.324,-1,400.000,-1,375.000,975.000,325.000,325.000,300.000,300.000,-1,250.000,300.000,-1,800.000,700.000,-1,-1,2,0,2,0,1,0,0,0,0,2,0,0,2,0,0,2,2
56,4509.159,537.359,-453.874,106.731,-0.287959,-0.957642,-0.000787,0.957427,-0.287877,-0.021455,0.020320,-0.006931,0.999770,0,0.81933,-0.04212,49.160,-0.084,-1,400.000,-1,375.000,950.000,325.000,325.000,300.000,300.000,-1,250.000,275.000,-1,825.000,700.000,-1,-1,2,0,2,0,1,0,0,0,0,2,0,0,2,0,0,2,2
57,4494.798,584.664,-453.485,106.887,-0.290595,-0.956845,-0.001528,0.956577,-0.290475,-0.024163,0.022676,-0.008483,0.999707,0,0.82393,0.07788,49.436,0.156,-1,400.000,-1,375.000,925.000,325.000,325.000,300.000,300.000,-1,250.000,275.000,-1,825.000,725.000,-1,-1,2,0,2,0,1,0,0,0,0,2,0,0,2,0,0,2,2
58,4480.034,632.118,-452.687,107.283,-0.297270,-0.954785,-0.004100,0.954497,-0.297068,-0.026179,0.023777,-0.011696,0.999649,0,0.82830,0.19788,49.698,0.396,-1,400.000,-1,375.000,900.000,325.000,325.000,300.000,300.000,-1,250.000,300.000,-1,850.000,725.000,-1,-1,2,0,2,0,1,0,0,0,0,2,0,0,2,0,1,2,2
59,4464.793,679.676,-451.905,107.769,-0.305434,-0.952190,-0.006703,0.951890,-0.305139,-0.028207,0.024813,-0.014995,0.999580,0,0.83235,0.24291,49.941,0.486,-1,400.000,-1,400.000,875.000,325.000,325.000,300.000,300.000,-1,275.000,325.000,-1,850.000,725.000,-1,-1,2,0,2,0,1,0,0,0,0,2,0,0,2,0,1,2,2
60,4449.086,727.321,-451.038,108.245,-0.313407,-0.949577,-0.008963,0.949280,-0.313029,-0.029685,0.025383,-0.017812,0.999519,0,0.83610,0.23812,50.166,0.476,-1,400.000,-1,400.000,850.000,325.000,325.000,300.000,300.000,-1,300.000,375.000,-1,850.000,700.000,-1,-1,2,0,2,0,1,0,0,0,0,2,0,0,2,0,1,2,2
61,4432.926,775.033,-449.806,108.711,-0.321140,-0.946978,-0.010091,0.946711,-0.320735,-0.029450,0.024652,-0.019011,0.999515,0,0.83958,0.23303,50.375,0.466,-1,400.000,-1,400.000,800.000,325.000,325.000,300.000,300.000,-1,375.000,425.000,-1,850.000,700.000,-1,-1,2,0,2,0,1,0,0,0,0,2,0,0,2,0,1,2,2
62,4416.325,822.795,-448.586,109.166,-0.328670,-0.944380,-0.011118,0.944141,-0.328242,-0.029236,0.023960,-0.020106,0.999511,0,0.84275,0.22763,50.565,0.455,-1,400.000,-1,400.000,775.000,325.000,325.000,300.000,300.000,-1,425.000,500.000,-1,850.000,700.000,-1,-1,2,0,2,0,1,0,0,0,0,2,0,0,2,0,1,2,2
63,4399.297,870.587,-447.368,109.610,-0.335984,-0.941790,-0.012071,0.941584,-0.335541,-0.028828,0.023100,-0.021052,0.999511,0,0.84558,0.22191,50.735,0.444,-1,400.000,-1,400.000,750.000,325.000,325.000,300.000,300.000,-1,500.000,575.000,-1,850.000,700.000,-1,-1,2,0,2,0,1,0,0,0,0,2,0,0,2,0,1,2,2
64,4381.859,918.388,-446.190,110.042,-0.343078,-0.939216,-0.013050,0.939045,-0.342622,-0.028382,0.022186,-0.021992,0.999512,0,0.84805,0.21587,50.883,0.432,-1,400.000,-1,400.000,725.000,325.000,325.000,300.000,300.000,-1,550.000,650.000,-1,850.000,700.000,-1,-1,2,0,2,0,1,0,0,0,0,2,0,0,2,0,1,2,2
65,4364.029,966.178,-445.064,110.461,-0.349944,-0.936665,-0.014087,0.936529,-0.349473,-0.027947,0.021254,-0.022972,0.999510,0,0.85012,0.20951,51.007,0.419,-1,400.000,-1,400.000,700.000,325.000,325.000,300.000,300.000,-1,625.000,725.000,-1,850.000,725.000,-1,-1,2,0,2,1,1,0,0,0,0,2,0,0,2,0,1,2,2
66,4345.825,1013.931,-443.992,110.866,-0.356572,-0.934145,-0.015180,0.934047,-0.356087,-0.027525,0.020306,-0.023994,0.999506,0,0.85176,0.20281,51.106,0.406,-1,400.000,-1,400.000,675.000,325.000,325.000,300.000,300.000,-1,700.000,800.000,-1,850.000,725.000,-1,-1,2,0,2,1,1,0,0,0,0,2,0,0,2,0,1,2,2
67,4327.270,1061.625,-442.975,111.258,-0.362951,-0.931665,-0.016333,0.931607,-0.362453,-0.027119,0.019346,-0.025059,0.999499,0,0.85293,0.19578,51.176,0.392,-1,400.000,-1,400.000,650.000,325.000,325.000,300.000,300.000,-1,775.000,875.000,-1,850.000,750.000,-1,-1,2,0,2,1,1,0,0,0,0,2,0,0,2,0,0,2,2
68,4308.387,1109.233,-442.016,111.635,-0.369074,-0.929234,-0.017545,0.929218,-0.368563,-0.026734,0.018376,-0.026170,0.999489,0,0.85361,0.18842,51.216,0.377,-1,400.000,-1,400.000,650.000,325.000,325.000,300.000,300.000,-1,850.000,950.000,-1,850.000,750.000,-1,-1,2,0,2,0,1,0,0,0,0,2,0,0,2,0,0,2,2
69,4289.201,1156.729,-441.117,111.996,-0.374930,-0.926862,-0.018817,0.926890,-0.374406,-0.026372,0.017398,-0.027329,0.999475,0,0.85375,0.18074,51.225,0.361,-1,400.000,-1,400.000,650.000,325.000,325.000,300.000,300.000,-1,925.000,-1,-1,850.000,750.000,-1,-1,2,0,2,0,1,0,0,0,0,2,0,2,2,0,0,2,2
70,4269.738,1204.085,-440.264,112.342,-0.380512,-0.924555,-0.020210,0.924631,-0.379975,-0.026017,0.016375,-0.028587,0.999457,0,0.85332,0.17274,51.199,0.345,-1,400.000,-1,400.000,650.000,325.000,325.000,300.000,300.000,-1,-1,-1,-1,850.000,750.000,-1,-1,2,0,2,0,1,0,0,0,0,2,2,2,2,0,0,2,2
71,4250.027,1251.272,-439.400,112.671,-0.385816,-0.922316,-0.021884,0.922447,-0.385257,-0.025869,0.015428,-0.030167,0.999426,0,0.85231,0.16443,51.139,0.329,-1,400.000,-1,400.000,675.000,325.000,325.000,300.000,300.000,-1,-1,-1,-1,850.000,750.000,-1,-1,2,0,2,0,1,0,0,0,0,2,2,2,2,0,0,2,2
72,4230.097,1298.262,-438.359,112.982,-0.390860,-0.920133,-0.024152,0.920325,-0.390238,-0.026772,0.015209,-0.032692,0.999350,0,0.85069,0.15585,51.041,0.312,-1,400.000,-1,400.000,725.000,325.000,325.000,300.000,300.000,-1,-1,-1,-1,850.000,750.000,-1,-1,2,0,2,0,1,0,0,0,0,2,2,2,2,0,0,2,2
73,4209.980,1345.024,-437.598,113.276,-0.395580,-0.918064,-0.025974,0.918319,-0.394931,-0.026821,0.014366,-0.034463,0.999303,0,0.84844,0.14702,50.907,0.294,-1,400.000,-1,400.000,825.000,325.000,325.000,300.000,300.000,-1,-1,-1,-1,850.000,750.000,-1,-1,2,0,2,0,1,0,0,0,0,2,2,2,2,0,0,2,2
74,4189.707,1391.532,-437.109,113.552,-0.399971,-0.916119,-0.027353,0.916437,-0.399334,-0.025990,0.012887,-0.035463,0.999288,0,0.84556,0.13796,50.734,0.276,-1,400.000,-1,400.000,900.000,325.000,325.000,300.000,300.000,-1,-1,-1,-1,850.000,750.000,-1,-1,2,0,2,0,1,0,0,0,0,2,2,2,2,0,0,2,2
75,4167.484,1442.425,-436.774,113.588,-0.400489,-0.915860,-0.028445,0.916238,-0.399904,-0.024175,0.010766,-0.035744,0.999303,0,0.92556,0.01796,55.534,0.036,-1,400.000,-1,400.000,950.000,325.000,325.000,300.000,275.000,-1,-1,-1,-1,825.000,725.000,-1,-1,2,0,2,0,1,0,0,0,1,2,2,2,2,0,0,2,2
76,4144.357,1495.909,-436.049,113.384,-0.397209,-0.917251,-0.029592,0.917673,-0.396627,-0.023712,0.010013,-0.036574,0.999281,0,0.97117,-0.10204,58.270,-0.204,-1,400.000,-1,400.000,1000.000,325.000,325.000,300.000,275.000,-1,-1,-1,-1,800.000,725.000,-1,-1,2,0,2,0,1,0,0,0,1,2,2,2,2,0,0,2,2
77,4121.747,1549.328,-435.326,112.940,-0.390079,-0.920273,-0.030610,0.920732,-0.389496,-0.023377,0.009591,-0.037302,0.999258,0,0.96677,-0.22204,58.006,-0.444,-1,400.000,-1,400.000,-1,325.000,325.000,300.000,250.000,-1,-1,-1,-1,800.000,700.000,-1,-1,2,0,2,0,2,0,0,0,1,2,2,2,2,0,0,2,2
78,4099.880,1602.762,-434.620,112.256,-0.379060,-0.924832,-0.031612,0.925324,-0.378470,-0.023145,0.009441,-0.038025,0.999232,0,0.96227,-0.34204,57.736,-0.684,-1,400.000,-1,400.000,-1,325.000,325.000,300.000,250.000,-1,-1,-1,-1,775.000,700.000,-1,-1,2,0,2,0,2,0,0,0,1,2,2,2,2,0,0,2,2
79,4078.975,1656.292,-433.922,111.332,-0.364098,-0.930790,-0.032606,0.931312,-0.363495,-0.023021,0.009575,-0.038748,0.999203,0,0.95777,-0.46204,57.466,-0.924,-1,400.000,-1,375.000,1000.000,325.000,325.000,300.000,250.000,-1,-1,-1,-1,775.000,700.000,-1,-1,2,0,2,0,1,0,0,0,1,2,2,2,2,0,0,2,2
80,4059.253,1709.988,-433.222,110.168,-0.345123,-0.937956,-0.033602,0.938504,-0.344501,-0.023007,0.010004,-0.039476,0.999170,0,0.95338,-0.58204,57.203,-1.164,-1,400.000,-1,375.000,950.000,325.000,325.000,300.000,250.000,-1,-1,-1,-1,750.000,675.000,-1,-1,2,0,2,0,1,0,0,0,1,2,2,2,2,0,0,2,2
81,4040.933,1763.913,-432.511,108.764,-0.322055,-0.946088,-0.034613,0.946660,-0.321405,-0.023105,0.010735,-0.040208,0.999134,0,0.94920,-0.70204,56.952,-1.404,-1,400.000,-1,375.000,900.000,325.000,325.000,325.000,225.000,-1,-1,-1,-1,725.000,675.000,-1,-1,2,0,2,0,1,0,0,0,1,2,2,2,2,0,0,2,2
82,4024.237,1818.118,-431.777,107.120,-0.294807,-0.954891,-0.035655,0.955484,-0.294120,-0.023314,0.011775,-0.040941,0.999092,0,0.94530,-0.82204,56.718,-1.644,-1,400.000,-1,375.000,850.000,325.000,300.000,325.000,225.000,-1,-1,-1,-1,700.000,675.000,-1,975.000,2,0,2,0,1,0,0,0,1,2,2,2,2,0,0,2,1
83,4009.388,1872.637,-431.012,105.235,-0.263292,-0.964016,-0.036746,0.964627,-0.262558,-0.023629,0.013131,-0.041667,0.999045,0,0.94175,-0.94204,56.505,-1.884,-1,375.000,-1,375.000,800.000,300.000,300.000,325.000,225.000,-1,-1,-1,-1,700.000,675.000,-1,925.000,2,0,2,0,1,0,0,0,1,2,2,2,2,0,0,2,1
84,3996.493,1927.459,-430.040,103.235,-0.229533,-0.972536,-0.038582,0.973195,-0.228742,-0.023855,0.014375,-0.043023,0.998971,0,0.93862,-1.00000,56.317,-2.000,-1,375.000,-1,375.000,725.000,300.000,300.000,325.000,225.000,-1,-1,-1,-1,675.000,650.000,-1,875.000,2,0,2,0,1,0,0,0,1,2,2,2,2,0,0,2,1
85,3985.555,1982.520,-428.834,101.235,-0.195564,-0.979836,-0.040951,0.980545,-0.194643,-0.025417,0.016934,-0.045125,0.998838,0,0.93561,-1.00000,56.137,-2.000,-1,375.000,-1,375.000,700.000,300.000,300.000,325.000,225.000,-1,-1,-1,-1,650.000,650.000,-1,825.000,2,0,2,0,1,0,0,0,1,2,2,2,2,0,0,2,1
86,3976.576,2037.742,-427.459,99.235,-0.161369,-0.986018,-0.041575,0.986686,-0.160327,-0.027315,0.020267,-0.045429,0.998762,0,0.93244,-1.00000,55.946,-2.000,-1,375.000,-1,375.000,650.000,300.000,300.000,325.000,225.000,-1,-1,-1,-1,650.000,650.000,-1,800.000,2,0,2,0,1,0,0,0,1,2,2,2,2,0,1,2,1
87,3969.556,2093.046,-425.517,97.235,-0.126982,-0.991089,-0.040215,0.991596,-0.125827,-0.030066,0.024737,-0.043695,0.998739,0,0.92912,-1.00000,55.747,-2.000,-1,375.000,-1,375.000,600.000,300.000,300.000,325.000,225.000,-1,-1,-1,-1,650.000,625.000,-1,750.000,2,0,2,0,1,0,0,0,1,2,2,2,2,0,1,2,1
88,3964.489,2148.356,-423.453,95.235,-0.092429,-0.994943,-0.039310,0.995297,-0.091168,-0.032741,0.028991,-0.042151,0.998691,0,0.92568,-1.00000,55.541,-2.000,-1,375.000,-1,375.000,575.000,300.000,300.000,325.000,225.000,-1,775.000,-1,-1,650.000,600.000,-1,700.000,2,0,2,0,1,0,0,0,1,2,0,2,2,0,1,2,1
89,3961.367,2203.597,-421.336,93.235,-0.057754,-0.997584,-0.038605,0.997779,-0.056393,-0.035461,0.033199,-0.040567,0.998625,0,0.92215,-1.00000,55.329,-2.000,-1,375.000,-1,375.000,525.000,300.000,300.000,325.000,225.000,-1,650.000,800.000,-1,650.000,575.000,-1,650.000,2,0,2,0,1,0,0,0,1,2,0,0,2,1,1,2,1
90,3960.180,2258.699,-419.170,91.235,-0.023001,-0.999009,-0.038105,0.999038,-0.021545,-0.038199,0.037340,-0.038947,0.998543,0,0.91856,-1.00000,55.113,-2.000,-1,375.000,-1,375.000,500.000,300.000,300.000,325.000,225.000,-1,575.000,650.000,-1,650.000,550.000,-1,600.000,2,0,2,0,1,0,0,0,1,2,0,0,2,1,1,2,1
91,3960.914,2313.590,-416.962,89.235,0.011787,-0.999215,-0.037811,0.999073,0.013334,-0.040927,0.041399,-0.037294,0.998446,0,0.91493,-1.00000,54.896,-2.000,-1,375.000,-1,375.000,450.000,300.000,300.000,325.000,225.000,-1,525.000,550.000,-1,625.000,525.000,-1,550.000,2,1,2,1,1,0,0,0,1,2,0,0,2,1,1,2,1
92,3963.552,2368.205,-414.715,87.235,0.046567,-0.998203,-0.037723,0.997885,0.048201,-0.043618,0.045358,-0.035612,0.998336,0,0.91130,-1.00000,54.678,-2.000,-1,375.000,-1,375.000,425.000,300.000,300.000,325.000,200.000,-1,500.000,500.000,-1,625.000,500.000,-1,500.000,2,1,2,1,1,1,1,0,1,2,0,0,2,1,1,2,1
93,3968.076,2422.479,-412.433,85.235,0.081297,-0.995971,-0.037837,0.995475,0.083013,-0.046245,0.049200,-0.033906,0.998213,0,0.90769,-1.00000,54.461,-2.000,-1,350.000,-1,350.000,375.000,300.000,300.000,325.000,200.000,-1,475.000,475.000,-1,575.000,475.000,-1,450.000,2,1,2,1,1,1,1,0,1,2,0,0,2,1,1,2,1
94,3974.467,2476.350,-410.122,83.235,0.115932,-0.992524,-0.038146,0.991847,0.117728,-0.048784,0.052910,-0.032180,0.998081,0,0.90414,-1.00000,54.248,-2.000,-1,350.000,-1,325.000,350.000,275.000,275.000,325.000,200.000,-1,425.000,425.000,-1,550.000,450.000,-1,400.000,2,1,2,1,1,1,1,0,1,2,0,0,2,1,1,2,1
95,3982.702,2529.759,-406.998,81.235,0.150171,-0.987773,-0.041878,0.986911,0.152289,-0.053058,0.058787,-0.033362,0.997713,0,0.90066,-1.00000,54.040,-2.000,-1,325.000,-1,325.000,325.000,275.000,275.000,300.000,200.000,-1,350.000,350.000,-1,525.000,425.000,-1,350.000,2,1,2,1,1,1,1,0,1,2,0,0,2,1,1,2,1
96,3992.758,2582.650,-402.962,79.235,0.184029,-0.981762,-0.047727,0.980713,0.186651,-0.057987,0.065838,-0.036135,0.997176,0,0.89729,-1.00000,53.838,-2.000,-1,325.000,-1,300.000,300.000,275.000,275.000,300.000,200.000,-1,300.000,325.000,-1,500.000,400.000,-1,325.000,2,1,2,1,1,1,1,0,1,2,0,0,2,1,1,2,1
97,4004.612,2634.969,-397.273,77.235,0.217861,-0.974749,-0.049006,0.973046,0.220823,-0.066477,0.075619,-0.033202,0.996584,0,0.89405,-1.00000,53.643,-2.000,-1,325.000,-1,300.000,275.000,250.000,250.000,300.000,200.000,-1,275.000,275.000,-1,500.000,400.000,-1,300.000,2,1,2,1,1,1,1,0,1,2,0,0,2,1,1,2,1
98,4019.508,2691.484,-390.575,75.235,0.251367,-0.966543,-0.051077,0.964011,0.254732,-0.076126,0.086590,-0.030103,0.995789,0,0.97405,-1.00000,58.443,-2.000,-1,300.000,-1,275.000,250.000,250.000,250.000,325.000,200.000,-1,275.000,250.000,-1,475.000,375.000,-1,275.000,2,1,2,1,1,1,1,0,1,2,0,0,2,1,1,2,1
99,4036.770,2748.783,-381.172,73.235,0.283466,-0.956939,-0.062573,0.953324,0.288270,-0.089849,0.104018,-0.034183,0.993988,0,0.99731,-1.00000,59.839,-2.000,-1,300.000,-1,275.000,250.000,250.000,250.000,325.000,225.000,-1,225.000,225.000,-1,475.000,400.000,-1,275.000,2,1,2,1,1,1,1,0,1,2,0,0,2,1,1,2,1
100,4055.938,2805.645,-371.133,71.372,0.312494,-0.946913,-0.075521,0.941914,0.319180,-0.104512,0.123069,-0.038474,0.991652,0,1.00000,-0.93155,60.000,-1.863,-1,325.000,-1,275.000,275.000,275.000,250.000,325.000,225.000,-1,175.000,225.000,-1,500.000,425.000,-1,325.000,2,1,2,1,1,1,1,0,1,2,0,0,2,1,1,2,1
101,4076.932,2861.859,-360.922,69.523,0.340777,-0.936029,-0.087869,0.929285,0.349531,-0.119407,0.142481,-0.040964,0.988949,0,1.00000,-0.92450,60.000,-1.849,-1,325.000,-1,300.000,325.000,275.000,250.000,325.000,225.000,-1,125.000,175.000,-1,-1,450.000,-1,375.000,2,1,2,1,1,1,1,0,1,2,0,0,2,2,1,2,1
102,4099.714,2917.374,-350.545,67.691,0.368324,-0.924350,-0.099570,0.915431,0.379277,-0.134666,0.162243,-0.041549,0.985876,0,1.00000,-0.91629,60.000,-1.833,-1,325.000,-1,300.000,400.000,275.000,275.000,350.000,225.000,975.000,100.000,150.000,-1,-1,500.000,-1,525.000,2,1,2,1,1,1,1,0,1,0,0,0,2,2,1,2,1
103,4263.567,-1639.864,-350.430,-165.151,-0.966748,0.255659,0.006100,-0.254545,-0.964284,0.073240,0.024606,0.069252,0.997296,1,0.00000,0.00000,60.000,-1.813,-1,375.000,-1,375.000,-1,300.000,300.000,325.000,325.000,-1,400.000,425.000,-1,700.000,700.000,-1,-1,2,0,2,0,2,0,0,0,0,2,0,0,2,0,0,2,2
104,4258.933,-1641.113,-350.313,-164.911,-0.965670,0.259697,0.006309,-0.258556,-0.963209,0.073333,0.025122,0.069184,0.997288,0,0.08000,0.12000,4.800,0.240,-1,375.000,-1,375.000,-1,300.000,300.000,325.000,325.000,-1,400.000,425.000,-1,700.000,700.000,-1,-1,2,0,2,0,2,0,0,0,0,2,0,0,2,0,0,2,2
105,4249.685,-1643.690,-350.072,-164.431,-0.963462,0.267760,0.006728,-0.266564,-0.961009,0.073524,0.026152,0.069044,0.997271,0,0.16000,0.24000,9.600,0.480,-1,375.000,-1,375.000,-1,300.000,300.000,325.000,325.000,-1,400.000,450.000,-1,700.000,700.000,-1,-1,2,0,2,0,2,0,0,0,0,2,0,0,2,0,0,2,2
106,4235.864,-1647.729,-349.697,-163.711,-0.960025,0.279819,0.007353,-0.278542,-0.957583,0.073818,0.027696,0.068819,0.997245,0,0.24000,0.36000,14.400,0.720,-1,375.000,-1,375.000,-1,300.000,300.000,325.000,325.000,-1,425.000,450.000,-1,700.000,700.000,-1,-1,2,0,2,0,2,0,0,0,0,2,0,0,2,0,0,2,2
107,4217.528,-1653.422,-349.175,-162.751,-0.955206,0.295830,0.008182,-0.294444,-0.952782,0.074226,0.029754,0.068492,0.997208,0,0.32000,0.48000,19.200,0.960,-1,375.000,-1,375.000,-1,300.000,300.000,325.000,325.000,-1,425.000,475.000,-1,700.000,700.000,-1,-1,2,0,2,0,2,0,0,0,0,2,0,0,2,0,0,2,2
108,4194.762,-1661.017,-348.487,-161.551,-0.948805,0.315728,0.009210,-0.314205,-0.946407,0.074764,0.032321,0.068043,0.997159,0,0.40000,0.60000,24.000,1.200,-1,375.000,-1,375.000,-1,300.000,300.000,325.000,325.000,-1,425.000,475.000,-1,725.000,700.000,-1,-1,2,0,2,0,2,0,0,0,0,2,0,0,2,0,0,2,2
109,4167.669,-1670.783,-347.610,-160.178,-0.940970,0.338329,0.010432,-0.336643,-0.938605,0.075444,0.035317,0.067478,0.997095,0,0.48000,0.68655,28.800,1.373,-1,375.000,-1,375.000,-1,300.000,300.000,325.000,300.000,-1,425.000,475.000,-1,725.000,725.000,-1,-1,2,0,2,0,2,0,0,0,0,2,0,0,2,0,0,2,2
110,4136.340,-1682.925,-346.524,-158.816,-0.932663,0.360555,0.011854,-0.358687,-0.930337,0.076267,0.038526,0.066879,0.997017,0,0.56000,0.68091,33.600,1.362,-1,375.000,-1,375.000,-1,300.000,300.000,325.000,300.000,-1,400.000,450.000,-1,750.000,725.000,-1,-1,2,0,2,0,2,0,0,0,0,2,0,0,2,0,0,2,2
111,4100.872,-1697.640,-345.211,-157.467,-0.923910,0.382372,0.013466,-0.380302,-0.921631,0.077245,0.041947,0.066247,0.996921,0,0.64000,0.67444,38.400,1.349,-1,375.000,-1,375.000,-1,325.000,325.000,325.000,300.000,-1,375.000,400.000,-1,775.000,725.000,-1,-1,2,0,2,0,2,0,0,0,0,2,0,0,2,0,0,2,2
112,4061.366,-1715.119,-343.587,-156.133,-0.914742,0.403753,0.015182,-0.401481,-0.912531,0.078097,0.045386,0.065344,0.996830,0,0.72000,0.66715,43.200,1.334,-1,375.000,-1,375.000,-1,325.000,325.000,325.000,300.000,-1,350.000,400.000,-1,800.000,750.000,-1,-1,2,0,2,0,2,0,0,0,0,2,0,0,2,0,0,2,2
113,4017.929,-1735.544,-341.387,-154.815,-0.905184,0.424693,0.016675,-0.422295,-0.903123,0.077695,0.048056,0.063287,0.996838,0,0.80000,0.65903,48.000,1.318,-1,400.000,-1,375.000,-1,325.000,325.000,325.000,300.000,-1,350.000,425.000,-1,800.000,750.000,-1,-1,2,0,2,0,2,0,0,0,0,2,0,0,2,0,0,2,2
114,3976.481,-1756.428,-339.164,-153.257,-0.893271,0.449155,0.018096,-0.446630,-0.891366,0.077378,0.050885,0.061037,0.996838,0,0.77354,0.77903,46.413,1.558,-1,400.000,-1,400.000,-1,325.000,325.000,325.000,300.000,-1,375.000,425.000,-1,825.000,750.000,-1,-1,2,0,2,0,2,0,0,0,0,2,0,0,2,0,0,2,2
115,3935.458,-1778.531,-336.843,-151.683,-0.880561,0.473531,0.019523,-0.470882,-0.878816,0.077152,0.053691,0.058744,0.996828,0,0.77665,0.78688,46.599,1.574,-1,400.000,-1,400.000,-1,325.000,325.000,325.000,300.000,-1,400.000,450.000,-1,850.000,775.000,-1,-1,2,0,2,0,2,0,0,0,0,2,0,0,2,0,0,2,2
116,3894.892,-1801.830,-334.435,-150.126,-0.867329,0.497296,0.020918,-0.494528,-0.865741,0.077030,0.056416,0.056466,0.996809,0,0.77969,0.77836,46.781,1.557,-1,400.000,-1,400.000,-1,325.000,325.000,325.000,300.000,-1,400.000,475.000,-1,875.000,775.000,-1,-1,2,0,2,0,2,0,0,0,0,2,0,0,2,0,0,2,2
117,3854.817,-1826.304,-331.941,-148.586,-0.853604,0.520447,0.022272,-0.517564,-0.852172,0.077009,0.059058,0.054208,0.996782,0,0.78262,0.76993,46.957,1.540,-1,400.000,-1,400.000,-1,325.000,325.000,325.000,300.000,-1,425.000,500.000,-1,900.000,800.000,-1,-1,2,0,2,0,2,0,0,0,0,2,0,0,2,0,0,2,2
118,3815.265,-1851.927,-329.138,-147.063,-0.839462,0.542953,0.022481,-0.539996,-0.838097,0.077448,0.060892,0.052875,0.996743,0,0.78545,0.76157,47.127,1.523,-1,400.000,-1,400.000,-1,325.000,325.000,325.000,300.000,-1,450.000,550.000,-1,925.000,800.000,-1,-1,2,0,2,0,2,0,0,0,0,2,0,0,2,0,0,2,2
119,3776.264,-1878.673,-326.219,-145.557,-0.824899,0.564835,0.022449,-0.561812,-0.823582,0.077971,0.062530,0.051706,0.996703,0,0.78819,0.75329,47.291,1.507,-1,425.000,-1,400.000,-1,325.000,325.000,325.000,300.000,-1,500.000,600.000,-1,950.000,825.000,-1,-1,2,0,2,0,2,0,0,0,0,2,0,0,2,0,0,2,2
120,3737.844,-1906.518,-323.451,-144.066,-0.809915,0.586124,0.022282,-0.583118,-0.808701,0.077304,0.063329,0.049616,0.996759,0,0.79083,0.74508,47.450,1.490,-1,425.000,-1,400.000,-1,325.000,325.000,325.000,300.000,-1,575.000,675.000,-1,950.000,825.000,-1,-1,2,0,2,0,2,0,0,0,0,2,0,0,2,0,0,2,2
121,3700.030,-1935.434,-320.755,-142.593,-0.794541,0.606809,0.022079,-0.603876,-0.793460,0.075859,0.063551,0.046940,0.996874,0,0.79339,0.73694,47.604,1.474,-1,425.000,-1,400.000,-1,325.000,325.000,325.000,300.000,-1,650.000,775.000,-1,950.000,825.000,-1,-1,2,0,2,0,2,0,0,0,0,2,0,0,2,0,0,2,2
122,3662.848,-1965.396,-318.101,-141.135,-0.778802,0.626887,0.021894,-0.624068,-0.777877,0.073803,0.063297,0.043814,0.997032,0,0.79587,0.72887,47.752,1.458,-1,425.000,-1,400.000,-1,325.000,325.000,325.000,300.000,-1,775.000,900.000,-1,950.000,850.000,-1,-1,2,0,2,0,2,0,0,0,0,2,0,0,2,0,0,2,2
123,3626.321,-1996.378,-315.385,-139.693,-0.762734,0.646347,0.021754,-0.643646,-0.761959,0.071681,0.062906,0.040672,0.997190,0,0.79828,0.72087,47.897,1.442,-1,425.000,-1,400.000,-1,325.000,325.000,325.000,300.000,-1,900.000,-1,-1,975.000,875.000,-1,-1,2,0,2,0,2,0,0,0,0,2,0,2,2,0,0,2,2
124,3594.047,-2024.938,-312.900,-138.491,-0.748964,0.662256,0.021659,-0.659667,-0.748317,0.069721,0.062381,0.037931,0.997331,0,0.71828,0.60087,43.097,1.202,-1,425.000,-1,400.000,-1,325.000,325.000,325.000,300.000,-1,-1,-1,-1,975.000,875.000,-1,-1,2,0,2,0,2,0,0,0,0,2,2,2,2,0,0,2,2
125,3565.798,-2050.795,-310.681,-137.530,-0.737704,0.674780,0.021585,-0.672289,-0.737157,0.068020,0.061810,0.035667,0.997450,0,0.63828,0.48087,38.297,0.962,-1,425.000,-1,400.000,-1,325.000,325.000,325.000,300.000,-1,-1,-1,-1,975.000,875.000,-1,-1,2,0,2,0,2,0,0,0,0,2,2,2,2,0,0,2,2
126,3541.376,-2073.720,-308.728,-136.808,-0.729113,0.684055,0.021515,-0.681652,-0.728645,0.066539,0.061193,0.033849,0.997552,0,0.55828,0.36087,33.497,0.722,-1,425.000,-1,400.000,-1,325.000,325.000,325.000,300.000,-1,-1,-1,-1,975.000,900.000,-1,-1,2,0,2,0,2,0,0,0,0,2,2,2,2,0,0,2,2
127,3520.620,-2093.536,-307.036,-136.326,-0.723311,0.690190,0.021440,-0.687867,-0.722902,0.065210,0.060506,0.032419,0.997641,0,0.47828,0.24087,28.697,0.482,-1,425.000,-1,400.000,-1,325.000,325.000,325.000,300.000,-1,-1,-1,-1,975.000,900.000,-1,-1,2,0,2,0,2,0,0,0,0,2,2,2,2,0,0,2,2
128,3503.406,-2110.110,-305.625,-136.084,-0.720376,0.693256,0.021346,-0.691000,-0.720006,0.064106,0.059811,0.031430,0.997715,0,0.39828,0.12087,23.897,0.242,-1,425.000,-1,400.000,-1,325.000,325.000,300.000,300.000,-1,-1,-1,-1,975.000,900.000,-1,-1,2,0,2,0,2,0,0,0,0,2,2,2,2,0,0,2,2
129,3489.649,-2123.356,-304.499,-136.083,-0.720346,0.693290,0.021227,-0.691091,-0.719997,0.063226,0.059117,0.030874,0.997773,0,0.31828,0.00087,19.097,0.002,-1,425.000,-1,400.000,-1,325.000,325.000,300.000,300.000,-1,-1,-1,-1,975.000,900.000,-1,-1,2,0,2,0,2,0,0,0,0,2,2,2,2,0,0,2,2
130,3479.310,-2133.229,-303.659,-136.321,-0.723223,0.690292,0.021081,-0.688138,-0.722877,0.062566,0.058427,0.030742,0.997818,0,0.23828,-0.11913,14.297,-0.238,-1,425.000,-1,400.000,-1,325.000,325.000,300.000,300.000,-1,-1,-1,-1,975.000,900.000,-1,-1,2,0,2,0,2,0,0,0,0,2,2,2,2,0,0,2,2
131,3472.387,-2139.730,-303.104,-136.799,-0.728968,0.684228,0.020910,-0.682108,-0.728608,0.062124,0.057742,0.031024,0.997849,0,0.15828,-0.23913,9.497,-0.478,-1,425.000,-1,400.000,-1,325.000,325.000,300.000,300.000,-1,-1,-1,-1,975.000,900.000,-1,-1,2,0,2,0,2,0,0,0,0,2,2,2,2,0,0,2,2
132,3468.924,-2142.902,-302.830,-137.517,-0.737502,0.675027,0.020719,-0.672930,-0.737112,0.061900,0.057057,0.031709,0.997867,0,0.07828,-0.35913,4.697,-0.718,-1,425.000,-1,400.000,-1,325.000,325.000,325.000,300.000,-1,-1,-1,-1,975.000,900.000,-1,-1,2,0,2,0,2,0,0,0,0,2,2,2,2,0,0,2,2
133,3469.001,-2142.834,-302.834,-138.476,-0.748708,0.662582,0.020520,-0.660499,-0.748272,0.061892,0.056363,0.032785,0.997872,0,-0.00172,-0.47913,-0.103,-0.958,-1,425.000,-1,400.000,-1,325.000,325.000,325.000,300.000,-1,-1,-1,-1,975.000,900.000,-1,-1,2,0,2,0,2,0,0,0,0,2,2,2,2,0,0,2,2
