timestep,x_cm,y_cm,z_cm,yaw_deg,basis_xx,basis_xy,basis_xz,basis_yx,basis_yy,basis_yz,basis_zx,basis_zy,basis_zz,teleport_flag,throttle_cmd,steering_cmd,cmd_move_cm,cmd_turn_deg,lidar_cm_0,lidar_cm_1,lidar_cm_2,lidar_cm_3,lidar_cm_4,lidar_cm_5,lidar_cm_6,lidar_cm_7,lidar_cm_8,lidar_cm_9,lidar_cm_10,lidar_cm_11,lidar_cm_12,lidar_cm_13,lidar_cm_14,lidar_cm_15,lidar_cm_16,lidar_class_0,lidar_class_1,lidar_class_2,lidar_class_3,lidar_class_4,lidar_class_5,lidar_class_6,lidar_class_7,lidar_class_8,lidar_class_9,lidar_class_10,lidar_class_11,lidar_class_12,lidar_class_13,lidar_class_14,lidar_class_15,lidar_class_16
0,8199.144,-2290.963,-100.604,90.065,-0.000978,-0.999765,-0.021661,0.999971,-0.001141,0.007503,-0.007526,-0.021653,0.999737,1,0.08000,0.12000,4.800,0.240,-1,400.000,-1,400.000,-1,325.000,325.000,300.000,300.000,-1,-1,-1,-1,725.000,750.000,-1,-1,2,0,2,0,2,0,0,0,0,2,2,2,2,0,0,2,2
1,8199.065,-2281.363,-100.674,90.470,-0.008034,-0.999736,-0.021510,0.999937,-0.008200,0.007635,-0.007809,-0.021447,0.999739,0,0.16000,0.20226,9.600,0.405,-1,400.000,-1,400.000,-1,325.000,325.000,300.000,300.000,-1,-1,-1,-1,725.000,750.000,-1,-1,2,0,2,0,2,0,0,0,0,2,2,2,2,0,0,2,2
2,8198.845,-2266.965,-100.783,90.874,-0.015088,-0.999660,-0.021280,0.999853,-0.015258,0.007829,-0.008151,-0.021159,0.999743,0,0.24000,0.20226,14.400,0.405,-1,400.000,-1,400.000,-1,325.000,325.000,300.000,300.000,-1,-1,-1,-1,725.000,750.000,-1,-1,2,0,2,0,2,0,0,0,0,2,2,2,2,0,0,2,2
3,8198.417,-2247.769,-100.933,91.279,-0.022141,-0.999535,-0.020971,0.999718,-0.022315,0.008084,-0.008548,-0.020786,0.999747,0,0.32000,0.20226,19.200,0.405,-1,400.000,-1,400.000,-1,325.000,325.000,300.000,300.000,-1,-1,-1,-1,700.000,750.000,-1,-1,2,0,2,0,2,0,0,0,0,2,2,2,2,0,0,2,2
4,8197.712,-2223.780,-101.124,91.683,-0.029194,-0.999362,-0.020583,0.999533,-0.029372,0.008398,-0.008997,-0.020328,0.999753,0,0.40000,0.20226,24.000,0.405,-1,375.000,-1,400.000,-1,325.000,325.000,300.000,300.000,-1,-1,-1,-1,700.000,750.000,-1,-1,2,0,2,0,2,0,0,0,0,2,2,2,2,0,0,2,2
5,8196.663,-2194.999,-101.357,92.088,-0.036244,-0.999141,-0.020114,0.999298,-0.036427,0.008770,-0.009495,-0.019782,0.999759,0,0.48000,0.20226,28.800,0.405,-1,375.000,-1,400.000,-1,325.000,325.000,300.000,300.000,-1,-1,-1,-1,700.000,725.000,-1,-1,2,0,2,0,2,0,0,0,0,2,2,2,2,0,0,2,2
6,8195.202,-2161.431,-101.633,92.492,-0.043294,-0.998871,-0.019564,0.999012,-0.043480,0.009199,-0.010039,-0.019147,0.999766,0,0.56000,0.20226,33.600,0.405,-1,375.000,-1,400.000,-1,325.000,325.000,300.000,300.000,-1,-1,-1,-1,700.000,725.000,-1,-1,2,0,2,0,2,0,0,0,0,2,2,2,2,0,0,2,2
7,8193.261,-2123.080,-101.953,92.897,-0.050342,-0.998553,-0.018933,0.998676,-0.050532,0.009683,-0.010626,-0.018421,0.999774,0,0.64000,0.20226,38.400,0.405,-1,375.000,-1,400.000,-1,325.000,325.000,300.000,300.000,-1,-1,-1,-1,700.000,725.000,-1,-1,2,0,2,0,2,0,0,0,0,2,2,2,2,0,0,2,2
8,8190.773,-2079.952,-102.314,93.302,-0.057389,-0.998186,-0.018220,0.998288,-0.057581,0.010220,-0.011251,-0.017603,0.999782,0,0.72000,0.20226,43.200,0.405,-1,375.000,-1,375.000,-1,325.000,325.000,300.000,300.000,-1,-1,-1,-1,700.000,725.000,-1,-1,2,0,2,0,2,0,0,0,0,2,2,2,2,0,0,2,2
9,8187.808,-2034.168,-102.700,93.706,-0.064434,-0.997769,-0.017461,0.997851,-0.064628,0.010784,-0.011888,-0.016729,0.999789,0,0.76466,0.20226,45.880,0.405,-1,375.000,-1,375.000,-1,300.000,325.000,300.000,300.000,-1,-1,-1,-1,675.000,700.000,-1,-1,2,0,2,0,2,0,0,0,0,2,2,2,2,0,0,2,2
10,8184.520,-1988.406,-103.102,94.111,-0.071479,-0.997303,-0.016641,0.997364,-0.071672,0.011297,-0.012459,-0.015789,0.999798,0,0.76466,0.20226,45.880,0.405,-1,375.000,-1,375.000,-1,300.000,300.000,300.000,300.000,-1,-1,-1,-1,675.000,700.000,-1,-1,2,0,2,0,2,0,0,0,0,2,2,2,2,0,0,2,2
11,8180.908,-1942.668,-103.370,94.515,-0.078533,-0.996777,-0.016394,0.996842,-0.078711,0.010544,-0.011800,-0.015514,0.999810,0,0.76466,0.20226,45.880,0.405,-1,375.000,-1,375.000,-1,300.000,300.000,300.000,300.000,-1,-1,-1,-1,675.000,700.000,-1,-1,2,0,2,0,2,0,0,0,0,2,2,2,2,0,0,2,2
12,8176.974,-1896.958,-103.505,94.920,-0.085597,-0.996203,-0.015866,0.996276,-0.085747,0.009038,-0.010364,-0.015033,0.999833,0,0.76466,0.20226,45.880,0.405,-1,375.000,-1,375.000,-1,300.000,300.000,300.000,300.000,-1,-1,-1,-1,700.000,700.000,-1,-1,2,0,2,0,2,0,0,0,0,2,2,2,2,0,0,2,2
13,8172.483,-1846.477,-103.658,95.084,-0.088488,-0.995961,-0.015240,0.996039,-0.088608,0.007394,-0.008715,-0.014526,0.999857,0,0.84466,0.08226,50.680,0.165,-1,375.000,-1,375.000,-1,300.000,300.000,300.000,300.000,-1,-1,-1,-1,700.000,700.000,-1,-1,2,0,2,0,2,0,0,0,0,2,2,2,2,0,0,2,2
14,8167.787,-1792.900,-103.819,95.009,-0.087206,-0.996084,-0.014562,0.996166,-0.087297,0.005672,-0.006921,-0.014011,0.999878,0,0.89639,-0.03774,53.783,-0.075,-1,375.000,-1,375.000,-1,300.000,325.000,300.000,300.000,-1,-1,-1,-1,700.000,700.000,-1,-1,2,0,2,0,2,0,0,0,0,2,2,2,2,0,0,2,2
15,8163.387,-1739.297,-103.971,94.693,-0.081749,-0.996556,-0.013889,0.996640,-0.081811,0.003974,-0.005096,-0.013517,0.999896,0,0.89639,-0.15774,53.783,-0.315,-1,375.000,-1,375.000,-1,300.000,325.000,300.000,325.000,-1,-1,-1,-1,700.000,700.000,-1,-1,2,0,2,0,2,0,0,0,0,2,2,2,2,0,0,2,2
16,8159.506,-1685.654,-104.111,94.138,-0.072110,-0.997309,-0.013240,0.997391,-0.072146,0.002297,-0.003246,-0.013039,0.999910,0,0.89639,-0.27774,53.783,-0.555,-1,375.000,-1,375.000,-1,325.000,325.000,300.000,325.000,-1,-1,-1,-1,725.000,700.000,-1,-1,2,0,2,0,2,0,0,0,0,2,2,2,2,0,0,2,2
17,8156.371,-1631.962,-104.235,93.342,-0.058281,-0.998220,-0.012632,0.998299,-0.058294,0.000640,-0.001375,-0.012573,0.999920,0,0.89639,-0.39774,53.783,-0.795,-1,375.000,-1,375.000,-1,325.000,325.000,300.000,300.000,-1,-1,-1,-1,725.000,700.000,-1,-1,2,0,2,0,2,0,0,0,0,2,2,2,2,0,0,2,2
18,8154.207,-1578.222,-104.338,92.307,-0.040254,-0.999116,-0.012081,0.999189,-0.040245,-0.000998,0.000511,-0.012112,0.999927,0,0.89639,-0.51774,53.783,-1.035,-1,375.000,-1,375.000,-1,325.000,325.000,300.000,300.000,-1,-1,-1,-1,725.000,700.000,-1,-1,2,0,2,0,2,0,0,0,0,2,2,2,2,0,0,2,2
19,8153.239,-1524.448,-104.419,91.031,-0.018024,-0.999770,-0.011603,0.999835,-0.017995,-0.002622,0.002412,-0.011648,0.999929,0,0.89639,-0.63774,53.783,-1.275,-1,375.000,-1,375.000,-1,325.000,325.000,300.000,300.000,-1,-1,-1,-1,725.000,700.000,-1,-1,2,0,2,0,2,0,0,0,0,2,2,2,2,0,0,2,2
20,8153.605,-1470.666,-104.476,89.610,0.006752,-0.999914,-0.011204,0.999968,0.006799,-0.004235,0.004311,-0.011176,0.999928,0,0.89639,-0.71038,53.783,-1.421,-1,375.000,-1,375.000,-1,325.000,325.000,300.000,300.000,-1,-1,975.000,-1,725.000,700.000,-1,-1,2,0,2,0,2,0,0,0,0,2,2,0,2,0,0,2,2
21,8155.304,-1416.910,-104.510,88.190,0.031525,-0.999444,-0.010882,0.999484,0.031590,-0.005846,0.006186,-0.010692,0.999924,0,0.89639,-0.71038,53.783,-1.421,-1,375.000,-1,375.000,-1,325.000,325.000,300.000,300.000,-1,950.000,750.000,-1,725.000,700.000,-1,-1,2,0,2,0,2,0,0,0,0,2,0,0,2,0,0,2,2
22,8158.335,-1363.212,-104.525,86.769,0.056280,-0.998358,-0.010636,0.998383,0.056361,-0.007457,0.008045,-0.010199,0.999916,0,0.89639,-0.71038,53.783,-1.421,-1,375.000,-1,375.000,-1,325.000,325.000,300.000,300.000,-1,725.000,600.000,-1,750.000,700.000,-1,-1,2,0,2,0,2,0,0,0,0,2,0,0,2,0,0,2,2
23,8162.697,-1309.606,-104.390,85.348,0.081010,-0.996664,-0.009919,0.996667,0.081098,-0.008864,0.009639,-0.009167,0.999912,0,0.89639,-0.71038,53.783,-1.421,-1,375.000,-1,375.000,-1,325.000,325.000,300.000,300.000,-1,650.000,575.000,-1,750.000,700.000,-1,-1,2,0,2,0,2,0,0,0,0,2,0,0,2,0,0,2,2
24,8168.387,-1256.124,-103.746,83.927,0.105690,-0.994350,-0.009936,0.994343,0.105785,-0.009607,0.010604,-0.008865,0.999904,0,0.89639,-0.71038,53.783,-1.421,-1,375.000,-1,375.000,-1,325.000,325.000,300.000,300.000,-1,675.000,600.000,-1,750.000,700.000,-1,-1,2,0,2,0,2,0,0,0,0,2,0,0,2,0,0,2,2
25,8175.401,-1202.801,-102.945,82.507,0.130299,-0.991419,-0.010488,0.991406,0.130407,-0.010375,0.011653,-0.009046,0.999891,0,0.89639,-0.71038,53.783,-1.421,-1,375.000,-1,375.000,-1,325.000,325.000,300.000,300.000,-1,700.000,650.000,-1,750.000,700.000,-1,-1,2,0,2,0,2,0,0,0,0,2,0,0,2,0,0,2,2
26,8183.735,-1149.667,-102.118,81.086,0.154826,-0.987880,-0.011077,0.987860,0.154948,-0.011158,0.012740,-0.009215,0.999876,0,0.89639,-0.71038,53.783,-1.421,-1,375.000,-1,375.000,-1,325.000,325.000,300.000,300.000,-1,725.000,675.000,-1,750.000,700.000,-1,-1,2,0,2,0,2,0,0,0,0,2,0,0,2,0,0,2,2
27,8193.384,-1096.756,-101.264,79.665,0.179257,-0.983733,-0.011702,0.983705,0.179394,-0.011962,0.013866,-0.009367,0.999860,0,0.89639,-0.71038,53.783,-1.421,-1,400.000,-1,375.000,-1,325.000,325.000,300.000,300.000,-1,750.000,700.000,-1,750.000,725.000,-1,-1,2,0,2,0,2,0,0,0,0,2,0,0,2,0,0,2,2
28,8204.342,-1044.101,-100.380,78.244,0.203576,-0.978981,-0.012357,0.978944,0.203729,-0.012787,0.015036,-0.009494,0.999842,0,0.89639,-0.71038,53.783,-1.421,-1,400.000,-1,375.000,-1,325.000,325.000,300.000,300.000,-1,750.000,725.000,-1,775.000,725.000,-1,-1,2,0,2,0,2,0,0,0,0,2,0,0,2,0,0,2,2
29,8216.602,-991.734,-99.467,76.824,0.227768,-0.973628,-0.013042,0.973580,0.227940,-0.013639,0.016253,-0.009591,0.999822,0,0.89639,-0.71038,53.783,-1.421,-1,400.000,-1,375.000,-1,325.000,325.000,300.000,300.000,-1,775.000,725.000,-1,775.000,725.000,-1,-1,2,0,2,0,2,0,0,0,0,2,0,0,2,0,0,2,2
30,8230.156,-939.687,-98.522,75.403,0.251820,-0.967676,-0.013754,0.967616,0.252010,-0.014521,0.017518,-0.009652,0.999800,0,0.89639,-0.71038,53.783,-1.421,-1,400.000,-1,375.000,-1,325.000,325.000,300.000,300.000,-1,775.000,750.000,-1,775.000,725.000,-1,-1,2,0,2,0,2,0,0,0,0,2,0,0,2,0,0,2,2
31,8244.997,-887.992,-97.544,73.982,0.275714,-0.961130,-0.014492,0.961055,0.275926,-0.015436,0.018835,-0.009671,0.999776,0,0.89639,-0.71038,53.783,-1.421,-1,400.000,-1,375.000,-1,325.000,325.000,300.000,325.000,-1,775.000,750.000,-1,775.000,725.000,-1,-1,2,0,2,0,2,0,0,0,0,2,0,0,2,0,0,2,2
32,8261.115,-836.680,-96.534,72.561,0.299438,-0.953994,-0.015254,0.953902,0.299671,-0.016389,0.020206,-0.009643,0.999749,0,0.89639,-0.71038,53.783,-1.421,-1,400.000,-1,375.000,-1,325.000,325.000,300.000,325.000,-1,775.000,750.000,-1,775.000,750.000,-1,-1,2,0,2,0,2,0,0,0,0,2,0,0,2,0,0,2,2
33,8278.501,-785.785,-95.489,71.141,0.322977,-0.946271,-0.016040,0.946160,0.323233,-0.017382,0.021632,-0.009563,0.999720,0,0.89639,-0.71038,53.783,-1.421,-1,400.000,-1,375.000,-1,325.000,325.000,300.000,300.000,-1,750.000,775.000,-1,800.000,750.000,-1,-1,2,0,2,0,2,0,0,0,0,2,0,0,2,0,0,2,2
34,8297.143,-735.335,-94.354,69.720,0.346323,-0.937969,-0.016575,0.937835,0.346597,-0.018328,0.022936,-0.009197,0.999695,0,0.89639,-0.71038,53.783,-1.421,-1,400.000,-1,400.000,-1,325.000,325.000,300.000,300.000,-1,775.000,775.000,-1,800.000,775.000,-1,-1,2,0,2,0,2,0,0,0,0,2,0,0,2,0,0,2,2
35,8317.030,-685.364,-93.270,68.299,0.369455,-0.929087,-0.017295,0.928943,0.369747,-0.018775,0.023838,-0.009129,0.999674,0,0.89639,-0.71038,53.783,-1.421,-1,400.000,-1,400.000,-1,325.000,325.000,300.000,300.000,-1,775.000,800.000,-1,800.000,775.000,-1,-1,2,0,2,0,2,0,0,0,0,2,0,0,2,0,0,2,2
36,8338.150,-635.901,-92.181,66.878,0.392360,-0.919634,-0.018075,0.919481,0.392670,-0.019106,0.024668,-0.009124,0.999654,0,0.89639,-0.71038,53.783,-1.421,-1,400.000,-1,400.000,-1,325.000,325.000,300.000,300.000,-1,775.000,800.000,-1,825.000,775.000,-1,-1,2,0,2,0,2,0,0,0,0,2,0,0,2,0,0,2,2
37,8360.489,-586.977,-91.046,65.457,0.415022,-0.909616,-0.018871,0.909455,0.415351,-0.019381,0.025468,-0.009119,0.999634,0,0.89639,-0.71038,53.783,-1.421,-1,400.000,-1,400.000,-1,325.000,325.000,300.000,300.000,-1,775.000,825.000,-1,825.000,800.000,-1,-1,2,0,2,0,2,0,0,0,0,2,0,0,2,0,0,2,2
38,8384.035,-538.622,-89.724,64.037,0.437425,-0.899033,-0.019953,0.898884,0.437775,-0.019015,0.025830,-0.009618,0.999620,0,0.89639,-0.71038,53.783,-1.421,-1,400.000,-1,400.000,-1,325.000,325.000,300.000,300.000,-1,800.000,875.000,-1,825.000,800.000,-1,-1,2,0,2,0,2,0,0,0,0,2,0,0,2,0,0,2,2
39,8408.773,-490.865,-88.412,62.616,0.459568,-0.887900,-0.020746,0.887761,0.459930,-0.018576,0.026035,-0.009880,0.999612,0,0.89639,-0.71038,53.783,-1.421,-1,400.000,-1,400.000,-1,325.000,325.000,300.000,325.000,-1,825.000,900.000,-1,850.000,800.000,-1,-1,2,0,2,0,2,0,0,0,0,2,0,0,2,0,0,2,2
40,8432.195,-447.845,-87.278,61.435,0.477769,-0.878235,-0.020978,0.878103,0.478129,-0.018089,0.025916,-0.009779,0.999616,0,0.81639,-0.59038,48.983,-1.181,-1,400.000,-1,400.000,-1,325.000,325.000,300.000,325.000,-1,875.000,950.000,-1,850.000,800.000,-1,-1,2,0,2,0,2,0,0,0,0,2,0,0,2,0,0,2,2
41,8453.955,-409.392,-86.231,60.494,0.492126,-0.870267,-0.021134,0.870142,0.492485,-0.017655,0.025773,-0.009701,0.999621,0,0.73639,-0.47038,44.183,-0.941,-1,400.000,-1,400.000,-1,325.000,325.000,300.000,325.000,-1,925.000,1000.000,-1,850.000,825.000,-1,-1,2,0,2,0,2,0,0,0,0,2,0,0,2,0,0,2,2
42,8473.769,-375.356,-85.280,59.794,0.502736,-0.864179,-0.021231,0.864061,0.503091,-0.017272,0.025608,-0.009662,0.999625,0,0.65639,-0.35038,39.383,-0.701,-1,400.000,-1,400.000,-1,325.000,325.000,300.000,325.000,-1,975.000,-1,-1,850.000,825.000,-1,-1,2,0,2,0,2,0,0,0,0,2,0,2,2,0,0,2,2
43,8491.501,-345.665,-84.496,59.155,0.512358,-0.858516,-0.020968,0.858401,0.512702,-0.016892,0.025253,-0.009344,0.999637,0,0.57639,-0.31958,34.583,-0.639,-1,400.000,-1,400.000,-1,325.000,325.000,300.000,325.000,-1,-1,-1,-1,850.000,825.000,-1,-1,2,0,2,0,2,0,0,0,0,2,2,2,2,0,0,2,2
44,8507.056,-320.266,-83.837,58.515,0.521919,-0.852747,-0.020578,0.852632,0.522249,-0.016555,0.024864,-0.008906,0.999651,0,0.49639,-0.31958,29.783,-0.639,-1,400.000,-1,400.000,-1,325.000,325.000,300.000,325.000,-1,-1,-1,-1,850.000,850.000,-1,-1,2,0,2,0,2,0,0,0,0,2,2,2,2,0,0,2,2
45,8520.341,-299.108,-83.275,57.876,0.531414,-0.846871,-0.020221,0.846757,0.531731,-0.016281,0.024540,-0.008470,0.999663,0,0.41639,-0.31958,24.983,-0.639,-1,400.000,-1,400.000,-1,325.000,325.000,300.000,325.000,-1,-1,-1,-1,850.000,850.000,-1,-1,2,0,2,0,2,0,0,0,0,2,2,2,2,0,0,2,2
46,8531.263,-282.135,-82.815,57.237,0.540841,-0.840890,-0.019907,0.840774,0.541147,-0.016071,0.024286,-0.008046,0.999673,0,0.33639,-0.31958,20.183,-0.639,-1,400.000,-1,400.000,-1,325.000,325.000,300.000,300.000,-1,-1,-1,-1,875.000,850.000,-1,-1,2,0,2,0,2,0,0,0,0,2,2,2,2,0,0,2,2
47,8539.732,-269.293,-82.459,56.598,0.550198,-0.834803,-0.019648,0.834686,0.550495,-0.015921,0.024107,-0.007641,0.999680,0,0.25639,-0.31958,15.383,-0.639,-1,400.000,-1,400.000,-1,325.000,325.000,300.000,300.000,-1,-1,-1,-1,875.000,850.000,-1,-1,2,0,2,0,2,0,0,0,0,2,2,2,2,0,0,2,2
48,8545.656,-260.524,-82.210,55.959,0.559484,-0.828613,-0.019454,0.828493,0.559775,-0.015829,0.024006,-0.007261,0.999685,0,0.17639,-0.31958,10.583,-0.639,-1,400.000,-1,400.000,-1,325.000,325.000,300.000,300.000,-1,-1,-1,-1,875.000,850.000,-1,-1,2,0,2,0,2,0,0,0,0,2,2,2,2,0,0,2,2
49,8548.947,-255.768,-82.070,55.320,0.568699,-0.822319,-0.019331,0.822196,0.568985,-0.015791,0.023984,-0.006913,0.999688,0,0.09639,-0.31958,5.783,-0.639,-1,400.000,-1,400.000,-1,325.000,325.000,300.000,300.000,-1,-1,-1,-1,875.000,850.000,-1,-1,2,0,2,0,2,0,0,0,0,2,2,2,2,0,0,2,2
50,8549.515,-254.966,-82.039,54.680,0.577840,-0.815922,-0.019287,0.815796,0.578124,-0.015803,0.024044,-0.006603,0.999689,0,0.01639,-0.31958,0.983,-0.639,-1,400.000,-1,400.000,-1,325.000,325.000,300.000,300.000,-1,-1,-1,-1,875.000,850.000,-1,-1,2,0,2,0,2,0,0,0,0,2,2,2,2,0,0,2,2
51,8547.274,-258.055,-82.120,54.041,0.586907,-0.809424,-0.019327,0.809293,0.587191,-0.015857,0.024184,-0.006335,0.999687,0,-0.06361,-0.31958,-3.817,-0.639,-1,400.000,-1,400.000,-1,325.000,325.000,300.000,300.000,-1,-1,-1,-1,875.000,825.000,-1,-1,2,0,2,0,2,0,0,0,0,2,2,2,2,0,0,2,2
52,8542.137,-264.973,-82.310,53.402,0.595898,-0.802824,-0.019454,0.802689,0.596185,-0.015949,0.024403,-0.006112,0.999684,0,-0.14361,-0.31958,-8.617,-0.639,-1,400.000,-1,400.000,-1,325.000,325.000,300.000,300.000,-1,-1,-1,-1,875.000,825.000,-1,-1,2,0,2,0,2,0,0,0,0,2,2,2,2,0,0,2,2
53,8535.874,-273.212,-82.540,52.763,0.604815,-0.796125,-0.019616,0.795985,0.605104,-0.016047,0.024646,-0.005909,0.999679,0,-0.17248,-0.31958,-10.349,-0.639,-1,400.000,-1,400.000,-1,325.000,325.000,300.000,300.000,-1,-1,-1,-1,875.000,825.000,-1,-1,2,0,2,0,2,0,0,0,0,2,2,2,2,0,0,2,2
54,8529.521,-281.381,-82.769,52.124,0.613656,-0.789326,-0.019783,0.789181,0.613948,-0.016137,0.024883,-0.005709,0.999674,0,-0.17248,-0.31958,-10.349,-0.639,-1,400.000,-1,400.000,-1,325.000,325.000,300.000,300.000,-1,-1,-1,-1,875.000,825.000,-1,-1,2,0,2,0,2,0,0,0,0,2,2,2,2,0,0,2,2
55,8523.076,-289.479,-82.997,51.485,0.622420,-0.782429,-0.019953,0.782280,0.622716,-0.016218,0.025115,-0.005514,0.999669,0,-0.17248,-0.31958,-10.349,-0.639,-1,400.000,-1,400.000,-1,325.000,325.000,300.000,325.000,-1,-1,-1,-1,875.000,825.000,-1,-1,2,0,2,0,2,0,0,0,0,2,2,2,2,0,0,2,2
56,8516.542,-297.504,-83.224,50.845,0.631107,-0.775434,-0.020128,0.775281,0.631406,-0.016291,0.025341,-0.005323,0.999665,0,-0.17248,-0.31958,-10.349,-0.639,-1,400.000,-1,400.000,-1,325.000,325.000,300.000,325.000,-1,-1,-1,-1,875.000,825.000,-1,-1,2,0,2,0,2,0,0,0,0,2,2,2,2,0,0,2,2
57,8509.918,-305.455,-83.449,50.206,0.639716,-0.768343,-0.020306,0.768186,0.640017,-0.016355,0.025562,-0.005136,0.999660,0,-0.17248,-0.31958,-10.349,-0.639,-1,400.000,-1,400.000,-1,325.000,325.000,300.000,325.000,-1,-1,-1,-1,875.000,825.000,-1,-1,2,0,2,0,2,0,0,0,0,2,2,2,2,0,0,2,2
58,8503.206,-313.333,-83.674,49.567,0.648244,-0.761157,-0.020488,0.760996,0.648549,-0.016410,0.025778,-0.004954,0.999655,0,-0.17248,-0.31958,-10.349,-0.639,-1,400.000,-1,400.000,-1,325.000,325.000,300.000,325.000,-1,-1,-1,-1,875.000,825.000,-1,-1,2,0,2,0,2,0,0,0,0,2,2,2,2,0,0,2,2
59,8496.407,-321.134,-83.898,48.928,0.656692,-0.753875,-0.020673,0.753711,0.657000,-0.016456,0.025988,-0.004775,0.999651,0,-0.17248,-0.31958,-10.349,-0.639,-1,400.000,-1,400.000,-1,325.000,325.000,300.000,325.000,-1,-1,-1,-1,875.000,825.000,-1,-1,2,0,2,0,2,0,0,0,0,2,2,2,2,0,0,2,2
60,8489.521,-328.860,-84.120,48.289,0.665058,-0.746500,-0.020861,0.746332,0.665370,-0.016493,0.026192,-0.004600,0.999646,0,-0.17248,-0.31958,-10.349,-0.639,-1,400.000,-1,400.000,-1,325.000,325.000,300.000,325.000,-1,-1,-1,-1,850.000,825.000,-1,-1,2,0,2,0,2,0,0,0,0,2,2,2,2,0,0,2,2
61,8482.549,-336.508,-84.342,47.650,0.673342,-0.739032,-0.021052,0.738860,0.673656,-0.016522,0.026392,-0.004430,0.999642,0,-0.17248,-0.31958,-10.349,-0.639,-1,400.000,-1,400.000,-1,325.000,325.000,300.000,325.000,-1,1000.000,-1,-1,850.000,825.000,-1,-1,2,0,2,0,2,0,0,0,0,2,0,2,2,0,0,2,2
62,8475.493,-344.078,-84.562,47.010,0.681541,-0.731471,-0.021246,0.731297,0.681859,-0.016541,0.026586,-0.004264,0.999637,0,-0.17248,-0.31958,-10.349,-0.639,-1,400.000,-1,400.000,-1,325.000,325.000,300.000,325.000,-1,975.000,1000.000,-1,850.000,825.000,-1,-1,2,0,2,0,2,0,0,0,0,2,0,0,2,0,0,2,2
63,8468.352,-351.569,-84.782,46.371,0.689655,-0.723820,-0.021442,0.723642,0.689977,-0.016552,0.026775,-0.004102,0.999633,0,-0.17248,-0.31958,-10.349,-0.639,-1,400.000,-1,400.000,-1,325.000,325.000,300.000,325.000,-1,950.000,975.000,-1,850.000,825.000,-1,-1,2,0,2,0,2,0,0,0,0,2,0,0,2,0,0,2,2
64,8464.462,-355.526,-84.888,45.492,0.700681,-0.713149,-0.021556,0.712967,0.701002,-0.016540,0.026907,-0.003780,0.999631,0,-0.09248,-0.43958,-5.549,-0.879,-1,400.000,-1,400.000,-1,325.000,325.000,300.000,325.000,-1,950.000,975.000,-1,850.000,825.000,-1,-1,2,0,2,0,2,0,0,0,0,2,0,0,2,0,0,2,2
65,8463.927,-356.050,-84.883,44.373,0.714480,-0.699322,-0.021588,0.699135,0.714799,-0.016514,0.026980,-0.003294,0.999631,0,-0.01248,-0.55958,-0.749,-1.119,-1,400.000,-1,400.000,-1,325.000,325.000,300.000,325.000,-1,950.000,975.000,-1,850.000,825.000,-1,-1,2,0,2,0,2,0,0,0,0,2,0,0,2,0,0,2,2
66,8466.889,-353.287,-84.764,43.014,0.730874,-0.682172,-0.021535,0.681978,0.731187,-0.016483,0.026990,-0.002639,0.999632,0,0.06752,-0.67958,4.051,-1.359,-1,400.000,-1,400.000,-1,325.000,325.000,300.000,325.000,-1,950.000,975.000,-1,850.000,825.000,-1,-1,2,0,2,0,2,0,0,0,0,2,0,0,2,0,0,2,2
67,8473.506,-347.408,-84.535,41.621,0.747249,-0.664200,-0.021386,0.663999,0.747553,-0.016465,0.026923,-0.001897,0.999636,0,0.14752,-0.69636,8.851,-1.393,-1,400.000,-1,400.000,-1,325.000,325.000,300.000,325.000,-1,950.000,975.000,-1,850.000,825.000,-1,-1,2,0,2,0,2,0,0,0,0,2,0,0,2,0,0,2,2
68,8483.928,-338.591,-84.195,40.228,0.763184,-0.645835,-0.021134,0.645626,0.763476,-0.016475,0.026776,-0.001071,0.999641,0,0.22752,-0.69636,13.651,-1.393,-1,400.000,-1,400.000,-1,325.000,325.000,300.000,325.000,-1,975.000,1000.000,-1,875.000,825.000,-1,-1,2,0,2,0,2,0,0,0,0,2,0,0,2,0,0,2,2
69,8498.300,-327.021,-83.764,38.836,0.778668,-0.627088,-0.020881,0.626871,0.778948,-0.016502,0.026613,-0.000240,0.999646,0,0.30752,-0.69636,18.451,-1.393,-1,400.000,-1,400.000,-1,325.000,325.000,325.000,325.000,-1,1000.000,-1,-1,875.000,850.000,-1,-1,2,0,2,0,2,0,0,0,0,2,0,2,2,0,0,2,2
70,8516.761,-312.885,-83.250,37.443,0.793691,-0.607970,-0.020664,0.607745,0.793960,-0.016539,0.026461,0.000568,0.999650,0,0.38752,-0.69636,23.251,-1.393,-1,400.000,-1,400.000,-1,325.000,325.000,325.000,325.000,-1,-1,-1,-1,875.000,850.000,-1,-1,2,0,2,0,2,0,0,0,0,2,2,2,2,0,0,2,2
71,8539.440,-296.377,-82.629,36.050,0.808246,-0.588493,-0.020371,0.588260,0.808501,-0.016617,0.026249,0.001447,0.999654,0,0.46752,-0.69636,28.051,-1.393,-1,400.000,-1,400.000,-1,325.000,325.000,325.000,325.000,-1,-1,-1,-1,875.000,850.000,-1,-1,2,0,2,0,2,0,0,0,0,2,2,2,2,0,0,2,2
72,8566.462,-277.696,-81.902,34.657,0.822325,-0.568667,-0.020000,0.568425,0.822564,-0.016744,0.025974,0.002400,0.999660,0,0.54752,-0.69636,32.851,-1.393,-1,400.000,-1,400.000,-1,325.000,325.000,325.000,325.000,-1,-1,-1,-1,875.000,850.000,-1,-1,2,0,2,0,2,0,0,0,0,2,2,2,2,0,0,2,2
73,8597.944,-257.044,-81.065,33.265,0.835919,-0.548505,-0.019553,0.548254,0.836141,-0.016928,0.025634,0.003430,0.999666,0,0.62752,-0.69636,37.651,-1.393,-1,400.000,-1,400.000,-1,325.000,325.000,325.000,300.000,-1,-1,-1,-1,900.000,850.000,-1,-1,2,0,2,0,2,0,0,0,0,2,2,2,2,0,0,2,2
74,8633.128,-235.167,-80.140,31.872,0.849020,-0.528018,-0.019035,0.527758,0.849221,-0.017172,0.025232,0.004533,0.999671,0,0.69051,-0.69636,41.430,-1.393,-1,400.000,-1,400.000,-1,325.000,325.000,325.000,300.000,-1,-1,-1,-1,900.000,875.000,-1,-1,2,0,2,0,2,0,0,0,0,2,2,2,2,0,0,2,2
75,8668.833,-214.153,-79.204,30.479,0.861619,-0.507218,-0.018493,0.506949,0.861799,-0.017463,0.024794,0.005671,0.999676,0,0.69051,-0.69636,41.430,-1.393,-1,400.000,-1,400.000,-1,325.000,325.000,325.000,300.000,-1,-1,-1,-1,900.000,875.000,-1,-1,2,0,2,0,2,0,0,0,0,2,2,2,2,0,0,2,2
76,8705.038,-194.012,-78.273,29.087,0.873709,-0.486119,-0.017922,0.485843,0.873867,-0.017724,0.024277,0.006779,0.999682,0,0.69051,-0.69636,41.430,-1.393,-1,400.000,-1,400.000,-1,325.000,325.000,325.000,300.000,-1,-1,-1,-1,925.000,875.000,-1,-1,2,0,2,0,2,0,0,0,0,2,2,2,2,0,0,2,2
77,8741.722,-174.758,-77.569,27.694,0.885285,-0.464735,-0.017103,0.464482,0.885423,-0.016828,0.022964,0.006954,0.999712,0,0.69051,-0.69636,41.430,-1.393,-1,400.000,-1,400.000,-1,325.000,325.000,300.000,300.000,-1,-1,-1,-1,925.000,875.000,-1,-1,2,0,2,0,2,0,0,0,0,2,2,2,2,0,0,2,2
78,8778.864,-156.400,-76.861,26.301,0.896337,-0.443076,-0.016206,0.442846,0.896455,-0.015970,0.021604,0.007137,0.999741,0,0.69051,-0.69636,41.430,-1.393,-1,400.000,-1,400.000,-1,325.000,325.000,300.000,325.000,-1,-1,-1,-1,925.000,875.000,-1,-1,2,0,2,0,2,0,0,0,0,2,2,2,2,0,0,2,2
79,8816.440,-138.951,-76.152,24.908,0.906860,-0.421156,-0.015236,0.420947,0.906958,-0.015153,0.020200,0.007328,0.999769,0,0.69051,-0.69636,41.430,-1.393,-1,400.000,-1,400.000,-1,325.000,325.000,300.000,325.000,-1,-1,-1,-1,950.000,875.000,-1,-1,2,0,2,0,2,0,0,0,0,2,2,2,2,0,0,2,2
80,8854.430,-122.421,-75.441,23.516,0.916847,-0.398987,-0.014194,0.398799,0.916926,-0.014382,0.018753,0.007526,0.999796,0,0.69051,-0.69636,41.430,-1.393,-1,400.000,-1,400.000,-1,325.000,325.000,300.000,325.000,-1,-1,-1,-1,950.000,875.000,-1,-1,2,0,2,0,2,0,0,0,0,2,2,2,2,0,0,2,2
81,8892.810,-106.818,-74.729,22.123,0.926291,-0.376583,-0.013083,0.376414,0.926351,-0.013662,0.017264,0.007730,0.999821,0,0.69051,-0.69636,41.430,-1.393,-1,400.000,-1,400.000,-1,325.000,325.000,300.000,325.000,-1,-1,-1,-1,950.000,875.000,-1,-1,2,0,2,0,2,0,0,0,0,2,2,2,2,0,0,2,2
82,8931.558,-92.153,-74.017,20.730,0.935186,-0.353956,-0.011906,0.353806,0.935228,-0.012997,0.015736,0.007942,0.999845,0,0.69051,-0.69636,41.430,-1.393,-1,400.000,-1,400.000,-1,325.000,325.000,300.000,325.000,-1,-1,-1,-1,950.000,850.000,-1,-1,2,0,2,0,2,0,0,0,0,2,2,2,2,0,0,2,2
83,8970.651,-78.434,-73.306,19.337,0.943528,-0.331120,-0.010669,0.330988,0.943554,-0.012392,0.014170,0.008161,0.999866,0,0.69051,-0.69636,41.430,-1.393,-1,400.000,-1,400.000,-1,325.000,325.000,300.000,325.000,-1,-1,-1,-1,950.000,850.000,-1,-1,2,0,2,0,2,0,0,0,0,2,2,2,2,0,0,2,2
84,9010.066,-65.670,-72.596,17.945,0.951312,-0.308088,-0.009374,0.307974,0.951321,-0.011850,0.012568,0.008386,0.999886,0,0.69051,-0.69636,41.430,-1.393,-1,400.000,-1,400.000,-1,325.000,325.000,300.000,325.000,-1,-1,-1,-1,950.000,850.000,-1,-1,2,0,2,0,2,0,0,0,0,2,2,2,2,0,0,2,2
85,9049.780,-53.867,-71.888,16.552,0.958531,-0.284874,-0.008026,0.284777,0.958526,-0.011376,0.010933,0.008618,0.999903,0,0.69051,-0.69636,41.430,-1.393,-1,400.000,-1,400.000,-1,325.000,325.000,300.000,325.000,-1,-1,-1,-1,950.000,850.000,-1,-1,2,0,2,0,2,0,0,0,0,2,2,2,2,0,0,2,2
86,9089.768,-43.033,-71.182,15.159,0.965183,-0.261492,-0.006629,0.261412,0.965165,-0.010972,0.009267,0.008857,0.999918,0,0.69051,-0.69636,41.430,-1.393,-1,400.000,-1,400.000,-1,325.000,325.000,325.000,325.000,-1,-1,-1,-1,950.000,850.000,-1,-1,2,0,2,0,2,0,0,0,0,2,2,2,2,0,0,2,2
87,9130.009,-33.174,-70.589,13.766,0.971261,-0.237955,-0.005405,0.237885,0.971230,-0.011109,0.007893,0.009504,0.999924,0,0.69051,-0.69636,41.430,-1.393,-1,400.000,-1,400.000,-1,325.000,325.000,325.000,325.000,-1,-1,-1,-1,950.000,850.000,-1,-1,2,0,2,0,2,0,0,0,0,2,2,2,2,0,0,2,2
88,9170.477,-24.296,-70.160,12.374,0.976766,-0.214276,-0.003873,0.214217,0.976714,-0.011858,0.006324,0.010753,0.999922,0,0.69051,-0.69636,41.430,-1.393,-1,400.000,-1,400.000,-1,325.000,325.000,325.000,325.000,-1,-1,-1,-1,950.000,850.000,-1,-1,2,0,2,0,2,0,0,0,0,2,2,2,2,0,0,2,2
89,9213.519,-15.756,-69.798,11.221,0.980884,-0.194580,-0.002288,0.194535,0.980809,-0.013024,0.004778,0.012330,0.999913,0,0.73136,-0.57636,43.881,-1.153,-1,400.000,-1,400.000,-1,325.000,325.000,325.000,325.000,-1,-1,-1,-1,950.000,850.000,-1,-1,2,0,2,0,2,0,0,0,0,2,2,2,2,0,0,2,2
90,9256.692,-7.904,-69.760,10.308,0.983861,-0.178930,-0.001375,0.178897,0.983779,-0.013221,0.003718,0.012762,0.999912,0,0.73136,-0.45636,43.881,-0.913,-1,425.000,-1,400.000,-1,325.000,325.000,325.000,325.000,-1,-1,-1,-1,975.000,850.000,-1,-1,2,0,2,0,2,0,0,0,0,2,2,2,2,0,0,2,2
91,9299.955,-0.559,-69.927,9.636,0.985894,-0.167368,-0.000233,0.167352,0.985817,-0.012608,0.002339,0.012391,0.999920,0,0.73136,-0.33636,43.881,-0.673,-1,400.000,-1,400.000,-1,325.000,325.000,325.000,300.000,-1,-1,-1,-1,975.000,825.000,-1,-1,2,0,2,0,2,0,0,0,0,2,2,2,2,0,0,2,2
92,9343.271,6.459,-70.097,9.203,0.987130,-0.159919,0.000926,0.159918,0.987057,-0.012044,0.001012,0.012037,0.999927,0,0.73136,-0.21636,43.881,-0.433,-1,400.000,-1,400.000,-1,325.000,325.000,325.000,300.000,-1,-1,-1,-1,975.000,825.000,-1,-1,2,0,2,0,2,0,0,0,0,2,2,2,2,0,0,2,2
93,9386.611,13.331,-70.298,9.010,0.987660,-0.156599,0.002166,0.156613,0.987594,-0.011390,-0.000355,0.011589,0.999933,0,0.73136,-0.09636,43.881,-0.193,-1,400.000,-1,400.000,-1,325.000,325.000,325.000,300.000,-1,-1,-1,-1,975.000,825.000,-1,-1,2,0,2,0,2,0,0,0,0,2,2,2,2,0,0,2,2
94,9429.946,20.239,-70.540,9.057,0.987526,-0.157414,0.003519,0.157443,0.987471,-0.010575,-0.001810,0.010997,0.999938,0,0.73136,0.02364,43.881,0.047,-1,400.000,-1,400.000,-1,325.000,325.000,325.000,300.000,-1,-1,-1,-1,975.000,825.000,-1,-1,2,0,2,0,2,0,0,0,0,2,2,2,2,0,0,2,2
95,9473.245,27.364,-70.799,9.345,0.986719,-0.162364,0.004913,0.162406,0.986676,-0.009700,-0.003272,0.010369,0.999941,0,0.73136,0.14364,43.881,0.287,-1,400.000,-1,400.000,-1,325.000,325.000,325.000,300.000,-1,-1,-1,-1,975.000,825.000,-1,-1,2,0,2,0,2,0,0,0,0,2,2,2,2,0,0,2,2
96,9516.477,34.887,-71.074,9.872,0.985174,-0.171439,0.006345,0.171490,0.985147,-0.008740,-0.004753,0.009698,0.999942,0,0.73136,0.26364,43.881,0.527,-1,400.000,-1,400.000,-1,325.000,325.000,325.000,300.000,-1,-1,-1,-1,975.000,825.000,-1,-1,2,0,2,0,2,0,0,0,0,2,2,2,2,0,0,2,2
97,9559.604,42.989,-71.366,10.639,0.982780,-0.184617,0.007812,0.184676,0.982770,-0.007668,-0.006261,0.008979,0.999940,0,0.73136,0.38364,43.881,0.767,-1,400.000,-1,400.000,-1,325.000,325.000,325.000,300.000,-1,-1,-1,-1,975.000,825.000,-1,-1,2,0,2,0,2,0,0,0,0,2,2,2,2,0,0,2,2
98,9602.597,51.774,-71.672,11.549,0.979711,-0.200200,0.009300,0.200263,0.979721,-0.006488,-0.007813,0.008219,0.999936,0,0.73136,0.45491,43.881,0.910,-1,400.000,-1,400.000,-1,325.000,325.000,325.000,300.000,-1,-1,-1,-1,975.000,825.000,-1,-1,2,0,2,0,2,0,0,0,0,2,2,2,2,0,0,2,2
99,9645.445,61.241,-71.988,12.459,0.976393,-0.215732,0.010799,0.215797,0.976424,-0.005224,-0.009417,0.007431,0.999928,0,0.73136,0.45491,43.881,0.910,-1,400.000,-1,400.000,-1,325.000,325.000,325.000,300.000,-1,-1,-1,-1,975.000,825.000,-1,-1,2,0,2,0,2,0,0,0,0,2,2,2,2,0,0,2,2
100,9688.137,71.387,-72.312,13.369,0.972826,-0.231211,0.012307,0.231273,0.972881,-0.003875,-0.011078,0.006616,0.999917,0,0.73136,0.45491,43.881,0.910,-1,425.000,-1,400.000,-1,325.000,325.000,325.000,300.000,-1,-1,-1,-1,975.000,825.000,-1,-1,2,0,2,0,2,0,0,0,0,2,2,2,2,0,0,2,2
101,9730.663,82.209,-72.647,14.278,0.969011,-0.246631,0.013824,0.246686,0.969092,-0.002439,-0.012795,0.005774,0.999901,0,0.73136,0.45491,43.881,0.910,-1,425.000,-1,400.000,-1,325.000,325.000,325.000,300.000,-1,-1,-1,-1,975.000,825.000,-1,-1,2,0,2,0,2,0,0,0,0,2,2,2,2,0,0,2,2
102,9773.012,93.706,-73.055,15.188,0.964951,-0.261988,0.015229,0.262036,0.965057,-0.001186,-0.014386,0.005135,0.999883,0,0.73136,0.45491,43.881,0.910,-1,425.000,-1,400.000,-1,325.000,325.000,325.000,300.000,-1,-1,-1,-1,975.000,825.000,-1,-1,2,0,2,0,2,0,0,0,0,2,2,2,2,0,0,2,2
103,9815.173,105.873,-73.697,16.098,0.960641,-0.277279,0.016891,0.277329,0.960775,-0.000636,-0.016052,0.005296,0.999857,0,0.73136,0.45491,43.881,0.910,-1,425.000,-1,400.000,-1,325.000,325.000,325.000,300.000,-1,-1,-1,-1,975.000,825.000,-1,-1,2,0,2,0,2,0,0,0,0,2,2,2,2,0,0,2,2
104,9861.785,119.918,-74.476,16.768,0.957293,-0.288491,0.019076,0.288548,0.957466,-0.000226,-0.018199,0.005721,0.999818,0,0.81136,0.33491,48.681,0.670,-1,425.000,-1,400.000,-1,325.000,325.000,325.000,300.000,-1,-1,-1,-1,975.000,825.000,-1,-1,2,0,2,0,2,0,0,0,0,2,2,2,2,0,0,2,2
105,9911.647,135.351,-75.391,17.198,0.955057,-0.295665,0.021164,0.295723,0.955274,0.000413,-0.020339,0.005864,0.999776,0,0.86994,0.21491,52.196,0.430,-1,425.000,-1,400.000,-1,325.000,325.000,325.000,300.000,-1,-1,-1,-1,950.000,825.000,-1,-1,2,0,2,0,2,0,0,0,0,2,2,2,2,0,0,2,2
106,9961.459,150.949,-76.581,17.388,0.954035,-0.298830,0.022740,0.298864,0.954294,0.001964,-0.022287,0.004922,0.999739,0,0.86994,0.09491,52.196,0.190,-1,425.000,-1,400.000,-1,325.000,325.000,325.000,300.000,-1,-1,-1,-1,950.000,825.000,-1,-1,2,0,2,0,2,0,0,0,0,2,2,2,2,0,0,2,2
107,10011.284,166.503,-77.892,17.337,0.954253,-0.297996,0.024486,0.297990,0.954561,0.003962,-0.024554,0.003516,0.999692,0,0.86994,-0.02509,52.196,-0.050,-1,425.000,-1,400.000,-1,325.000,325.000,325.000,300.000,-1,-1,-1,-1,950.000,825.000,-1,-1,2,0,2,0,2,0,0,0,0,2,2,2,2,0,0,2,2
108,10061.187,181.805,-79.374,17.047,0.955721,-0.293159,0.025599,0.293094,0.956063,0.006333,-0.026331,0.001451,0.999652,0,0.86994,-0.14509,52.196,-0.290,-1,425.000,-1,400.000,-1,325.000,325.000,325.000,300.000,-1,-1,-1,-1,925.000,825.000,-1,-1,2,0,2,0,2,0,0,0,0,2,2,2,2,0,0,2,2
109,10111.230,196.645,-80.886,16.517,0.958364,-0.284300,0.026691,0.284169,0.958735,0.008655,-0.028050,-0.000710,0.999606,0,0.86994,-0.26509,52.196,-0.530,-1,425.000,-1,400.000,-1,325.000,325.000,325.000,300.000,-1,-1,-1,-1,925.000,825.000,-1,-1,2,0,2,0,2,0,0,0,0,2,2,2,2,0,0,2,2
110,10161.467,210.811,-82.422,15.747,0.962070,-0.271386,0.027775,0.271183,0.962466,0.010907,-0.029693,-0.002961,0.999555,0,0.86994,-0.38509,52.196,-0.770,-1,425.000,-1,400.000,-1,325.000,325.000,325.000,300.000,-1,-1,-1,-1,900.000,825.000,-1,-1,2,0,2,0,2,0,0,0,0,2,2,2,2,0,0,2,2
111,10211.920,224.191,-83.976,14.853,0.966156,-0.256338,0.028879,0.256058,0.966573,0.013076,-0.031266,-0.005239,0.999497,0,0.86994,-0.44685,52.196,-0.894,-1,425.000,-1,400.000,-1,325.000,325.000,325.000,300.000,-1,-1,-1,-1,900.000,825.000,-1,-1,2,0,2,0,2,0,0,0,0,2,2,2,2,0,0,2,2
112,10259.874,236.325,-85.460,14.199,0.968986,-0.245291,0.029976,0.244935,0.969422,0.015078,-0.032758,-0.007268,0.999437,0,0.82443,-0.32685,49.466,-0.654,-1,425.000,-1,400.000,-1,325.000,325.000,325.000,300.000,-1,-1,-1,-1,875.000,825.000,-1,-1,2,0,2,0,2,0,0,0,0,2,2,2,2,0,0,2,2
113,10307.915,248.113,-86.954,13.786,0.970698,-0.238281,0.031114,0.237846,0.971153,0.017049,-0.034279,-0.009149,0.999370,0,0.82443,-0.20685,49.466,-0.414,-1,425.000,-1,400.000,-1,325.000,325.000,325.000,300.000,-1,-1,-1,-1,875.000,825.000,-1,-1,2,0,2,0,2,0,0,0,0,2,2,2,2,0,0,2,2
114,10355.991,259.755,-88.463,13.612,0.971379,-0.235332,0.032280,0.234815,0.971854,0.019010,-0.035845,-0.010887,0.999298,0,0.82443,-0.08685,49.466,-0.174,-1,425.000,-1,400.000,-1,325.000,325.000,325.000,300.000,-1,-1,-1,-1,850.000,825.000,-1,-1,2,0,2,0,2,0,0,0,0,2,2,2,2,0,0,2,2
115,10404.054,271.452,-89.988,13.678,0.971067,-0.236452,0.033460,0.235849,0.971563,0.020986,-0.037471,-0.012487,0.999220,0,0.82443,0.03315,49.466,0.066,-1,425.000,-1,400.000,-1,325.000,325.000,325.000,325.000,-1,-1,-1,-1,850.000,825.000,-1,-1,2,0,2,0,2,0,0,0,0,2,2,2,2,0,0,2,2
116,10452.054,283.407,-91.692,13.985,0.969754,-0.241639,0.034453,0.240975,0.970274,0.022353,-0.038830,-0.013375,0.999156,0,0.82443,0.15315,49.466,0.306,-1,425.000,-1,400.000,-1,325.000,325.000,325.000,325.000,-1,-1,-1,-1,850.000,825.000,-1,-1,2,0,2,0,2,0,0,0,0,2,2,2,2,0,0,2,2
117,10499.937,295.818,-93.739,14.531,0.967339,-0.250881,0.036256,0.250182,0.967931,0.022757,-0.040803,-0.012943,0.999083,0,0.82443,0.27315,49.466,0.546,-1,400.000,-1,400.000,-1,325.000,325.000,325.000,300.000,-1,-1,-1,-1,825.000,825.000,-1,-1,2,0,2,0,2,0,0,0,0,2,2,2,2,0,0,2,2
118,10547.646,308.885,-95.821,15.317,0.963733,-0.264142,0.038043,0.263409,0.964404,0.023244,-0.042829,-0.012381,0.999006,0,0.82443,0.39315,49.466,0.786,-1,400.000,-1,400.000,-1,325.000,325.000,325.000,300.000,-1,-1,-1,-1,825.000,825.000,-1,-1,2,0,2,0,2,0,0,0,0,2,2,2,2,0,0,2,2
119,10595.138,322.721,-98.121,16.243,0.959296,-0.279684,0.039103,0.278897,0.960011,0.024415,-0.044368,-0.012515,0.998937,0,0.82443,0.46272,49.466,0.925,-1,400.000,-1,400.000,-1,325.000,325.000,325.000,300.000,-1,-1,-1,-1,825.000,825.000,-1,-1,2,0,2,0,2,0,0,0,0,2,2,2,2,0,0,2,2
120,10642.399,337.322,-100.491,17.168,0.954604,-0.295151,0.040207,0.294297,0.955364,0.025856,-0.046044,-0.012849,0.998857,0,0.82443,0.46272,49.466,0.925,-1,400.000,-1,400.000,-1,325.000,325.000,325.000,300.000,-1,-1,-1,-1,800.000,825.000,-1,-1,2,0,2,0,2,0,0,0,0,2,2,2,2,0,0,2,2
121,10689.419,352.685,-102.876,18.094,0.949665,-0.310542,0.041240,0.309620,0.950469,0.027294,-0.047673,-0.013152,0.998776,0,0.82443,0.46272,49.466,0.925,-1,400.000,-1,400.000,-1,325.000,325.000,325.000,300.000,-1,-1,-1,-1,800.000,800.000,-1,-1,2,0,2,0,2,0,0,0,0,2,2,2,2,0,0,2,2
122,10736.184,368.805,-105.276,19.019,0.944479,-0.325852,0.042199,0.324861,0.945326,0.028721,-0.049251,-0.013418,0.998696,0,0.82443,0.46272,49.466,0.925,-1,400.000,-1,400.000,-1,325.000,325.000,325.000,300.000,-1,-1,-1,-1,775.000,800.000,-1,-1,2,0,2,0,2,0,0,0,0,2,2,2,2,0,0,2,2
123,10782.683,385.678,-107.691,19.944,0.939048,-0.341076,0.043085,0.340017,0.939937,0.030129,-0.050774,-0.013643,0.998617,0,0.82443,0.46272,49.466,0.925,-1,400.000,-1,400.000,-1,325.000,325.000,325.000,300.000,-1,-1,-1,-1,775.000,800.000,-1,-1,2,0,2,0,2,0,0,0,0,2,2,2,2,0,0,2,2
124,10824.485,401.415,-109.887,20.630,0.934862,-0.352295,0.043823,0.351173,0.935785,0.031364,-0.052058,-0.013932,0.998547,0,0.74443,0.34272,44.666,0.685,-1,400.000,-1,400.000,-1,325.000,325.000,325.000,300.000,-1,-1,-1,-1,750.000,800.000,-1,-1,2,0,2,0,2,0,0,0,0,2,2,2,2,0,0,2,2
125,10861.684,415.751,-111.861,21.075,0.932064,-0.359558,0.044439,0.358378,0.933013,0.032423,-0.053120,-0.014294,0.998486,0,0.66443,0.22272,39.866,0.445,-1,400.000,-1,400.000,-1,325.000,325.000,325.000,325.000,-1,-1,-1,-1,750.000,800.000,-1,-1,2,0,2,0,2,0,0,0,0,2,2,2,2,0,0,2,2
126,10894.359,428.478,-113.608,21.281,0.930744,-0.362899,0.044956,0.361667,0.931712,0.033306,-0.053973,-0.014741,0.998434,0,0.58443,0.10272,35.066,0.205,-1,400.000,-1,400.000,-1,325.000,325.000,325.000,325.000,-1,-1,-1,-1,725.000,800.000,-1,-1,2,0,2,0,2,0,0,0,0,2,2,2,2,0,0,2,2
127,10922.567,439.446,-115.130,21.246,0.930942,-0.362334,0.045407,0.361057,0.931923,0.034011,-0.054640,-0.015268,0.998389,0,0.50443,-0.01728,30.266,-0.035,-1,400.000,-1,400.000,-1,325.000,325.000,325.000,325.000,-1,-1,-1,-1,725.000,775.000,-1,-1,2,0,2,0,2,0,0,0,0,2,2,2,2,0,0,2,2
128,10946.346,448.560,-116.445,20.972,0.932646,-0.357861,0.045896,0.356545,0.933641,0.034493,-0.055194,-0.015806,0.998351,0,0.42443,-0.13728,25.466,-0.275,-1,400.000,-1,400.000,-1,325.000,325.000,325.000,325.000,-1,-1,-1,-1,725.000,775.000,-1,-1,2,0,2,0,2,0,0,0,0,2,2,2,2,0,0,2,2
129,10965.709,455.783,-117.510,20.457,0.935810,-0.349458,0.046253,0.348107,0.936806,0.034866,-0.055515,-0.016527,0.998321,0,0.34443,-0.25728,20.666,-0.515,-1,400.000,-1,400.000,-1,325.000,325.000,325.000,325.000,-1,-1,-1,-1,725.000,775.000,-1,-1,2,0,2,0,2,0,0,0,0,2,2,2,2,0,0,2,2
130,10980.645,461.132,-118.324,19.703,0.940325,-0.337085,0.046493,0.335702,0.941313,0.035139,-0.055609,-0.017434,0.998300,0,0.26443,-0.37728,15.866,-0.755,-1,400.000,-1,400.000,-1,325.000,325.000,325.000,325.000,-1,-1,-1,-1,725.000,775.000,-1,-1,2,0,2,0,2,0,0,0,0,2,2,2,2,0,0,2,2
131,10991.126,464.682,-118.889,18.708,0.946036,-0.320689,0.046624,0.319276,0.947003,0.035326,-0.055482,-0.018533,0.998288,0,0.18443,-0.49728,11.066,-0.995,-1,400.000,-1,400.000,-1,325.000,325.000,325.000,325.000,-1,-1,-1,-1,700.000,775.000,-1,-1,2,0,2,0,2,0,0,0,0,2,2,2,2,0,0,2,2
132,10997.098,466.580,-119.206,17.631,0.951900,-0.302834,0.046662,0.301396,0.952840,0.035440,-0.055194,-0.019671,0.998282,0,0.10443,-0.53826,6.266,-1.077,-1,375.000,-1,400.000,-1,325.000,325.000,325.000,325.000,-1,-1,-1,-1,700.000,800.000,-1,-1,2,0,2,0,2,0,0,0,0,2,2,2,2,0,0,2,2
133,10998.503,466.998,-119.290,16.555,0.957429,-0.284873,0.046658,0.283416,0.958341,0.035462,-0.054817,-0.020728,0.998281,0,0.02443,-0.53826,1.466,-1.077,-1,375.000,-1,400.000,-1,325.000,325.000,325.000,325.000,-1,-1,-1,-1,700.000,800.000,-1,-1,2,0,2,0,2,0,0,0,0,2,2,2,2,0,0,2,2
134,10995.289,466.108,-119.148,15.478,0.962620,-0.266812,0.046632,0.265343,0.963504,0.035383,-0.054371,-0.021687,0.998285,0,-0.05557,-0.53826,-3.334,-1.077,-1,375.000,-1,400.000,-1,325.000,325.000,325.000,325.000,-1,-1,-1,-1,725.000,800.000,-1,-1,2,0,2,0,2,0,0,0,0,2,2,2,2,0,0,2,2
135,10996.707,466.479,-119.237,14.642,0.966415,-0.252713,0.046678,0.251230,0.967280,0.035386,-0.054094,-0.022470,0.998283,0,0.02443,-0.41826,1.466,-0.837,-1,375.000,-1,400.000,-1,325.000,325.000,325.000,325.000,-1,-1,-1,-1,725.000,800.000,-1,-1,2,0,2,0,2,0,0,0,0,2,2,2,2,0,0,2,2
136,11002.786,468.000,-119.554,14.045,0.968991,-0.242625,0.046800,0.241127,0.969846,0.035457,-0.053992,-0.023073,0.998275,0,0.10443,-0.29826,6.266,-0.597,-1,375.000,-1,400.000,-1,325.000,325.000,325.000,325.000,-1,-1,-1,-1,700.000,800.000,-1,-1,2,0,2,0,2,0,0,0,0,2,2,2,2,0,0,2,2
137,11013.537,470.619,-120.101,13.689,0.970474,-0.236584,0.046997,0.235068,0.971327,0.035589,-0.054069,-0.023491,0.998261,0,0.18443,-0.17826,11.066,-0.357,-1,375.000,-1,400.000,-1,325.000,325.000,325.000,325.000,-1,-1,-1,-1,700.000,800.000,-1,-1,2,0,2,0,2,0,0,0,0,2,2,2,2,0,0,2,2
138,11028.960,474.342,-120.878,13.572,0.970941,-0.234607,0.047266,0.233073,0.971801,0.035777,-0.054326,-0.023721,0.998241,0,0.26443,-0.05826,15.866,-0.117,-1,375.000,-1,400.000,-1,325.000,325.000,325.000,325.000,-1,-1,-1,-1,700.000,800.000,-1,-1,2,0,2,0,2,0,0,0,0,2,2,2,2,0,0,2,2
139,11049.038,479.235,-121.887,13.696,0.970416,-0.236700,0.047602,0.235147,0.971292,0.036020,-0.054761,-0.023761,0.998217,0,0.34443,0.06174,20.666,0.123,-1,375.000,-1,400.000,-1,325.000,325.000,325.000,325.000,-1,-1,-1,-1,700.000,800.000,-1,-1,2,0,2,0,2,0,0,0,0,2,2,2,2,0,0,2,2
