timestep,x_cm,y_cm,z_cm,yaw_deg,basis_xx,basis_xy,basis_xz,basis_yx,basis_yy,basis_yz,basis_zx,basis_zy,basis_zz,teleport_flag,throttle_cmd,steering_cmd,cmd_move_cm,cmd_turn_deg,lidar_cm_0,lidar_cm_1,lidar_cm_2,lidar_cm_3,lidar_cm_4,lidar_cm_5,lidar_cm_6,lidar_cm_7,lidar_cm_8,lidar_cm_9,lidar_cm_10,lidar_cm_11,lidar_cm_12,lidar_cm_13,lidar_cm_14,lidar_cm_15,lidar_cm_16,lidar_class_0,lidar_class_1,lidar_class_2,lidar_class_3,lidar_class_4,lidar_class_5,lidar_class_6,lidar_class_7,lidar_class_8,lidar_class_9,lidar_class_10,lidar_class_11,lidar_class_12,lidar_class_13,lidar_class_14,lidar_class_15,lidar_class_16
0,-6884.611,-979.893,-146.121,56.229,0.552166,-0.831269,-0.064070,0.825339,0.555868,-0.099125,0.118014,0.001854,0.993010,1,0.08000,0.12000,4.800,0.240,-1,400.000,-1,400.000,-1,325.000,325.000,325.000,325.000,-1,600.000,575.000,-1,925.000,-1,-1,-1,2,0,2,0,2,0,0,0,0,2,0,0,2,0,2,2,2
1,-6879.341,-971.869,-145.018,56.709,0.545148,-0.835897,-0.063949,0.829984,0.548885,-0.099253,0.118065,0.001031,0.993005,0,0.16000,0.24000,9.600,0.480,-1,400.000,-1,400.000,-1,325.000,325.000,325.000,325.000,-1,600.000,575.000,-1,925.000,-1,-1,-1,2,0,2,0,2,0,0,0,0,2,0,0,2,0,2,2,2
2,-6871.589,-959.734,-143.361,57.429,0.534548,-0.842729,-0.063767,0.836843,0.538338,-0.099428,0.118119,-0.000214,0.992999,0,0.24000,0.36000,14.400,0.720,-1,400.000,-1,400.000,-1,325.000,325.000,325.000,325.000,-1,600.000,600.000,-1,950.000,-1,-1,-1,2,0,2,0,2,0,0,0,0,2,0,0,2,0,2,2,2
3,-6861.525,-943.382,-141.146,58.389,0.520282,-0.851629,-0.063526,0.845783,0.524142,-0.099632,0.118146,-0.001893,0.992994,0,0.32000,0.48000,19.200,0.960,-1,400.000,-1,400.000,-1,325.000,325.000,325.000,325.000,-1,625.000,625.000,-1,950.000,-1,-1,-1,2,0,2,0,2,0,0,0,0,2,0,0,2,0,2,2,2
4,-6849.377,-922.684,-138.372,59.589,0.502240,-0.862413,-0.063228,0.856624,0.506189,-0.099839,0.118108,-0.004019,0.992993,0,0.40000,0.60000,24.000,1.200,-1,400.000,-1,400.000,-1,325.000,325.000,325.000,325.000,-1,650.000,650.000,-1,975.000,-1,-1,-1,2,0,2,0,2,0,0,0,0,2,0,0,2,1,2,2,2
5,-6835.427,-897.488,-135.037,61.029,0.480297,-0.874849,-0.062878,0.869139,0.484350,-0.100017,0.117955,-0.006612,0.992997,0,0.48000,0.72000,28.800,1.440,-1,400.000,-1,400.000,-1,325.000,325.000,325.000,325.000,-1,675.000,675.000,-1,950.000,-1,-1,-1,2,0,2,0,2,0,0,0,0,2,0,0,2,1,2,2,2
6,-6820.021,-867.628,-131.139,62.709,0.454307,-0.888651,-0.062486,0.883045,0.458482,-0.100127,0.117627,-0.009690,0.993011,0,0.56000,0.84000,33.600,1.680,-1,425.000,-1,400.000,-1,325.000,325.000,350.000,300.000,-1,700.000,700.000,-1,950.000,-1,-1,-1,2,0,2,0,2,0,0,0,0,2,0,0,2,1,2,2,2
7,-6803.568,-832.932,-126.683,64.629,0.424121,-0.903476,-0.062071,0.898009,0.428433,-0.100125,0.117054,-0.013276,0.993037,0,0.64000,0.96000,38.400,1.920,-1,425.000,-1,400.000,-1,325.000,325.000,350.000,300.000,-1,750.000,750.000,-1,925.000,-1,-1,-1,2,0,2,0,2,0,0,0,0,2,0,0,2,1,2,2,2
8,-6786.432,-793.276,-121.669,66.629,0.392164,-0.917825,-0.061685,0.912519,0.396619,-0.100013,0.116259,-0.017067,0.993072,0,0.72000,1.00000,43.200,2.000,-1,425.000,-1,400.000,-1,325.000,325.000,350.000,300.000,-1,800.000,825.000,-1,900.000,-1,-1,-1,2,0,2,0,2,0,0,0,0,2,0,0,2,1,2,2,2
9,-6768.941,-748.576,-116.140,68.629,0.359701,-0.931037,-0.061528,0.925907,0.364318,-0.099841,0.115371,-0.021056,0.993099,0,0.80000,1.00000,48.000,2.000,-1,450.000,-1,425.000,-1,350.000,350.000,350.000,300.000,-1,850.000,900.000,-1,875.000,-1,-1,-1,2,0,2,0,2,0,0,0,0,2,0,0,2,1,2,2,2
10,-6751.429,-698.765,-110.353,70.629,0.326727,-0.943067,-0.062237,0.938298,0.331562,-0.098304,0.113342,-0.026278,0.993208,0,0.88000,1.00000,52.800,2.000,-1,450.000,-1,425.000,-1,350.000,350.000,350.000,300.000,-1,950.000,1000.000,-1,850.000,-1,-1,-1,2,0,2,0,2,0,0,0,0,2,0,0,2,1,2,2,2
11,-6734.234,-643.793,-104.311,72.629,0.293291,-0.953883,-0.063930,0.949653,0.298391,-0.095508,0.110180,-0.032700,0.993374,0,0.96000,1.00000,57.600,2.000,-1,450.000,-1,425.000,-1,350.000,350.000,325.000,325.000,-1,-1,-1,-1,800.000,-1,-1,-1,2,0,2,0,2,0,0,0,0,2,2,2,2,1,2,2,2
12,-6718.333,-585.939,-98.145,74.629,0.259515,-0.963497,-0.065770,0.959806,0.264859,-0.092859,0.106889,-0.039028,0.993505,0,1.00000,1.00000,60.000,2.000,-1,450.000,-1,450.000,-1,350.000,350.000,325.000,325.000,-1,-1,-1,-1,775.000,-1,-1,-1,2,0,2,0,2,0,0,0,0,2,2,2,2,1,2,2,2
13,-6704.215,-527.625,-92.967,76.389,0.230002,-0.971081,-0.064033,0.967872,0.235119,-0.089120,0.101598,-0.041478,0.993960,0,1.00000,0.88000,60.000,1.760,-1,450.000,-1,450.000,-1,350.000,350.000,325.000,325.000,-1,-1,-1,-1,725.000,925.000,-1,-1,2,0,2,0,2,0,0,0,0,2,2,2,2,1,1,2,2
14,-6691.650,-468.957,-87.962,77.909,0.204443,-0.976910,-0.062045,0.974162,0.209263,-0.084958,0.095980,-0.043072,0.994451,0,1.00000,0.76000,60.000,1.520,-1,425.000,-1,425.000,-1,350.000,350.000,325.000,325.000,-1,-1,-1,-1,675.000,825.000,1000.000,-1,2,0,2,0,2,0,0,0,0,2,2,2,2,1,1,1,2
15,-6680.397,-410.023,-83.026,79.189,0.182846,-0.981282,-0.060432,0.978981,0.187377,-0.080540,0.090356,-0.044435,0.994918,0,1.00000,0.64000,60.000,1.280,-1,425.000,-1,425.000,-1,350.000,350.000,325.000,300.000,-1,-1,-1,-1,625.000,750.000,925.000,-1,2,0,2,0,2,0,0,0,0,2,2,2,2,1,1,1,2
16,-6670.217,-350.894,-78.132,80.229,0.165284,-0.984475,-0.059073,0.982591,0.169528,-0.075999,0.084834,-0.045483,0.995356,0,1.00000,0.52000,60.000,1.040,-1,400.000,-1,425.000,-1,350.000,350.000,325.000,300.000,-1,-1,-1,-1,600.000,675.000,825.000,-1,2,1,2,0,2,0,0,0,0,2,2,2,2,1,1,1,2
17,-6660.862,-291.629,-73.269,81.029,0.151803,-0.986713,-0.057902,0.985212,0.155761,-0.071382,0.079453,-0.046210,0.995767,0,1.00000,0.40000,60.000,0.800,-1,375.000,-1,400.000,-1,325.000,350.000,325.000,300.000,-1,-1,-1,-1,550.000,625.000,725.000,-1,2,1,2,1,2,1,1,0,0,2,2,2,2,1,1,1,2
18,-6652.087,-232.275,-68.431,81.589,0.142434,-0.988170,-0.056864,0.987017,0.146107,-0.066713,0.074232,-0.046624,0.996151,0,1.00000,0.28000,60.000,0.560,-1,350.000,-1,375.000,-1,325.000,325.000,350.000,300.000,-1,-1,-1,-1,500.000,575.000,650.000,-1,2,1,2,1,2,1,1,0,0,2,2,2,2,1,1,1,2
19,-6643.778,-172.854,-63.610,82.039,0.134957,-0.989274,-0.055896,0.988442,0.138347,-0.061996,0.069064,-0.046883,0.996510,0,1.00000,0.22478,60.000,0.450,-1,325.000,-1,350.000,-1,300.000,300.000,350.000,325.000,-1,-1,-1,-1,475.000,525.000,550.000,-1,2,1,2,1,2,1,1,0,0,2,2,2,2,1,1,1,2
20,-6635.956,-113.367,-58.805,82.508,0.127135,-0.990361,-0.054978,0.989829,0.130244,-0.057228,0.063836,-0.047143,0.996846,0,1.00000,0.23447,60.000,0.469,-1,300.000,-1,325.000,-1,275.000,275.000,350.000,325.000,-1,-1,-1,-1,425.000,500.000,475.000,-1,2,1,2,1,2,1,1,0,0,2,2,2,2,1,1,1,2
21,-6628.642,-53.816,-54.016,82.998,0.118944,-0.991425,-0.054120,0.991173,0.121775,-0.052409,0.058550,-0.047408,0.997158,0,1.00000,0.24480,60.000,0.490,-1,275.000,-1,300.000,-1,250.000,250.000,350.000,325.000,-1,-1,-1,-1,400.000,450.000,375.000,-1,2,1,2,1,2,1,1,0,0,2,2,2,2,1,1,1,2
22,-6621.857,5.800,-48.204,83.509,0.110250,-0.992655,-0.049804,0.992092,0.112935,-0.054768,0.059990,-0.043372,0.997256,0,1.00000,0.25589,60.000,0.512,-1,275.000,-1,275.000,-1,225.000,250.000,375.000,325.000,-1,-1,-1,-1,375.000,425.000,350.000,575.000,2,1,2,1,2,1,1,0,0,2,2,2,2,1,1,1,1
23,-6615.629,65.478,-40.176,84.045,0.100668,-0.993869,-0.045722,0.992224,0.103670,-0.068883,0.073200,-0.038432,0.996576,0,1.00000,0.26787,60.000,0.536,-1,275.000,-1,275.000,-1,225.000,250.000,400.000,350.000,-1,-1,-1,-1,375.000,425.000,375.000,-1,2,1,2,1,2,1,1,0,0,2,2,2,2,1,1,1,2
24,-6609.988,125.216,-31.020,84.607,0.090177,-0.994858,-0.046101,0.991786,0.093922,-0.086827,0.090710,-0.037892,0.995156,0,1.00000,0.28090,60.000,0.562,-1,275.000,-1,300.000,-1,250.000,250.000,425.000,375.000,-1,-1,-1,-1,400.000,450.000,425.000,-1,2,1,2,1,2,1,1,0,0,2,2,2,2,1,1,1,2
25,327.967,2951.696,-292.393,-44.271,0.716056,0.697989,0.008716,-0.698042,0.715978,0.010618,0.001171,-0.013687,0.999906,1,0.00000,0.00000,60.000,0.590,-1,400.000,-1,400.000,-1,325.000,325.000,300.000,300.000,-1,-1,-1,-1,825.000,800.000,-1,-1,2,0,2,0,2,0,0,0,0,2,2,2,2,0,0,2,2
26,331.418,2948.359,-292.406,-44.031,0.718972,0.694984,0.008787,-0.695039,0.718895,0.010530,0.001001,-0.013678,0.999906,0,0.08000,0.12000,4.800,0.240,-1,400.000,-1,400.000,-1,325.000,325.000,300.000,300.000,-1,-1,-1,-1,825.000,800.000,-1,-1,2,0,2,0,2,0,0,0,0,2,2,2,2,0,0,2,2
27,338.376,2941.745,-292.433,-43.551,0.724766,0.688937,0.008932,-0.688995,0.724693,0.010352,0.000659,-0.013656,0.999907,0,0.16000,0.24000,9.600,0.480,-1,400.000,-1,400.000,-1,325.000,325.000,300.000,300.000,-1,-1,-1,-1,825.000,800.000,-1,-1,2,0,2,0,2,0,0,0,0,2,2,2,2,0,0,2,2
28,348.925,2931.943,-292.475,-42.896,0.732593,0.680605,0.009158,-0.680666,0.732524,0.010082,0.000154,-0.013619,0.999907,0,0.24000,0.32762,14.400,0.655,-1,400.000,-1,400.000,-1,325.000,325.000,300.000,300.000,-1,-1,-1,-1,825.000,800.000,-1,-1,2,0,2,0,2,0,0,0,0,2,2,2,2,0,0,2,2
29,363.140,2919.037,-292.525,-42.239,0.740342,0.672163,0.009477,-0.672230,0.740278,0.009722,-0.000481,-0.013568,0.999908,0,0.32000,0.32841,19.200,0.657,-1,400.000,-1,400.000,-1,325.000,325.000,300.000,300.000,-1,-1,-1,-1,825.000,800.000,-1,-1,2,0,2,0,2,0,0,0,0,2,2,2,2,0,0,2,2
30,381.092,2903.109,-292.543,-41.580,0.748015,0.663605,0.010113,-0.663681,0.747958,0.009305,-0.001389,-0.013672,0.999906,0,0.40000,0.32946,24.000,0.659,-1,400.000,-1,400.000,-1,325.000,325.000,300.000,300.000,-1,-1,-1,-1,825.000,800.000,-1,-1,2,0,2,0,2,0,0,0,0,2,2,2,2,0,0,2,2
31,402.855,2884.245,-292.601,-40.919,0.755617,0.654923,0.010906,-0.655010,0.755567,0.008964,-0.002370,-0.013917,0.999900,0,0.48000,0.33076,28.800,0.662,-1,400.000,-1,400.000,-1,325.000,325.000,300.000,300.000,-1,-1,-1,-1,825.000,800.000,-1,-1,2,0,2,0,2,0,0,0,0,2,2,2,2,0,0,2,2
32,428.498,2862.534,-292.715,-40.254,0.763151,0.646111,0.011849,-0.646211,0.763109,0.008721,-0.003407,-0.014313,0.999892,0,0.56000,0.33230,33.600,0.665,-1,400.000,-1,400.000,-1,325.000,325.000,300.000,300.000,-1,-1,-1,-1,800.000,800.000,-1,-1,2,0,2,0,2,0,0,0,0,2,2,2,2,0,0,2,2
33,458.092,2838.064,-292.873,-39.586,0.770619,0.637165,0.012941,-0.637280,0.770586,0.008473,-0.004574,-0.014777,0.999880,0,0.64000,0.33405,38.400,0.668,-1,400.000,-1,400.000,-1,325.000,325.000,300.000,300.000,-1,-1,-1,-1,800.000,800.000,-1,-1,2,0,2,0,2,0,0,0,0,2,2,2,2,0,0,2,2
34,491.705,2810.928,-293.085,-38.914,0.778020,0.628079,0.014190,-0.628212,0.777999,0.008225,-0.005874,-0.015313,0.999865,0,0.72000,0.33597,43.200,0.672,-1,400.000,-1,400.000,-1,325.000,325.000,300.000,300.000,-1,-1,-1,-1,800.000,800.000,-1,-1,2,0,2,0,2,0,0,0,0,2,2,2,2,0,0,2,2
35,526.524,2783.491,-293.340,-38.238,0.785356,0.618850,0.015495,-0.619002,0.785348,0.007999,-0.007219,-0.015873,0.999848,0,0.73883,0.33803,44.330,0.676,-1,400.000,-1,400.000,-1,325.000,325.000,300.000,300.000,-1,-1,-1,-1,800.000,800.000,-1,-1,2,0,2,0,2,0,0,0,0,2,2,2,2,0,0,2,2
36,561.596,2756.523,-293.634,-37.558,0.792623,0.609480,0.016821,-0.609652,0.792631,0.007802,-0.008578,-0.016439,0.999828,0,0.73735,0.34002,44.241,0.680,-1,400.000,-1,400.000,-1,325.000,325.000,300.000,300.000,-1,-1,-1,-1,775.000,800.000,-1,-1,2,0,2,0,2,0,0,0,0,2,2,2,2,0,0,2,2
37,596.910,2730.034,-293.897,-36.874,0.799820,0.599975,0.017827,-0.600161,0.799844,0.007548,-0.009730,-0.016736,0.999813,0,0.73574,0.34188,44.145,0.684,-1,400.000,-1,400.000,-1,325.000,325.000,300.000,300.000,-1,-1,-1,-1,775.000,800.000,-1,-1,2,0,2,0,2,0,0,0,0,2,2,2,2,0,0,2,2
38,632.455,2704.032,-294.197,-36.187,0.806938,0.590336,0.018849,-0.590536,0.806978,0.007316,-0.010892,-0.017035,0.999796,0,0.73402,0.34360,44.041,0.687,-1,400.000,-1,400.000,-1,325.000,325.000,300.000,300.000,-1,-1,-1,-1,775.000,800.000,-1,-1,2,0,2,0,2,0,0,1,0,2,2,2,2,0,0,2,2
39,668.221,2678.523,-294.534,-35.497,0.813970,0.580567,0.019889,-0.580782,0.814028,0.007099,-0.012069,-0.017329,0.999777,0,0.73217,0.34518,43.930,0.690,-1,400.000,-1,400.000,-1,325.000,325.000,275.000,300.000,-1,-1,-1,-1,750.000,800.000,-1,-1,2,0,2,0,2,0,0,1,0,2,2,2,2,0,0,2,2
40,704.198,2653.516,-294.911,-34.803,0.820911,0.570673,0.020947,-0.570903,0.820989,0.006882,-0.013269,-0.017608,0.999757,0,0.73023,0.34662,43.814,0.693,-1,400.000,-1,400.000,-1,325.000,325.000,275.000,300.000,-1,-1,-1,-1,750.000,800.000,-1,-1,2,0,2,0,2,0,0,1,0,2,2,2,2,0,0,2,2
41,740.374,2629.016,-295.378,-34.107,0.827761,0.560659,0.021746,-0.560899,0.827858,0.006624,-0.014288,-0.017681,0.999742,0,0.72819,0.34792,43.691,0.696,-1,400.000,-1,400.000,-1,325.000,325.000,275.000,300.000,-1,-1,-1,-1,750.000,800.000,-1,-1,2,0,2,0,2,0,0,1,0,2,2,2,2,0,0,2,2
42,776.739,2605.029,-296.039,-33.409,0.834526,0.550536,0.021826,-0.550769,0.834635,0.006165,-0.014822,-0.017166,0.999743,0,0.72607,0.34907,43.564,0.698,-1,400.000,-1,400.000,-1,325.000,325.000,275.000,300.000,-1,-1,-1,-1,725.000,800.000,-1,-1,2,0,2,0,2,0,0,1,0,2,2,2,2,0,0,2,2
43,813.284,2581.559,-296.737,-32.709,0.841188,0.540300,0.021887,-0.540526,0.841308,0.005713,-0.015327,-0.016637,0.999744,0,0.72387,0.35008,43.432,0.700,-1,400.000,-1,400.000,-1,325.000,325.000,275.000,300.000,-1,-1,-1,-1,725.000,800.000,-1,-1,2,0,2,0,2,0,0,1,0,2,2,2,2,0,0,2,2
44,849.998,2558.611,-297.444,-32.007,0.847741,0.529957,0.021916,-0.530177,0.847870,0.005392,-0.015724,-0.016190,0.999745,0,0.72161,0.35095,43.296,0.702,-1,400.000,-1,400.000,-1,325.000,325.000,275.000,300.000,-1,-1,-1,-1,725.000,800.000,-1,-1,2,0,2,0,2,0,0,1,0,2,2,2,2,0,0,2,2
45,886.873,2536.187,-298.068,-31.304,0.854181,0.519513,0.021917,-0.519727,0.854317,0.005123,-0.016062,-0.015766,0.999747,0,0.71930,0.35167,43.158,0.703,-1,400.000,-1,400.000,-1,325.000,325.000,275.000,300.000,-1,-1,-1,-1,700.000,800.000,-1,-1,2,0,2,0,2,0,0,1,0,2,2,2,2,0,0,2,2
46,923.900,2514.290,-298.709,-30.599,0.860503,0.508974,0.021904,-0.509180,0.860647,0.004782,-0.016418,-0.015268,0.999749,0,0.71694,0.35224,43.017,0.704,-1,400.000,-1,400.000,-1,325.000,325.000,300.000,300.000,-1,-1,-1,-1,700.000,775.000,-1,-1,2,0,2,0,2,0,0,1,0,2,2,2,2,0,0,2,2
47,961.069,2492.922,-299.382,-29.894,0.866703,0.498344,0.021870,-0.498543,0.866854,0.004447,-0.016741,-0.014758,0.999751,0,0.71456,0.35267,42.874,0.705,-1,400.000,-1,400.000,-1,325.000,325.000,300.000,300.000,-1,-1,-1,-1,700.000,775.000,-1,-1,2,0,2,0,2,0,0,0,0,2,2,2,2,0,0,2,2
48,998.373,2472.083,-300.084,-29.188,0.872778,0.487630,0.021812,-0.487821,0.872934,0.004117,-0.017033,-0.014234,0.999754,0,0.71217,0.35296,42.730,0.706,975.000,400.000,-1,400.000,-1,325.000,325.000,300.000,300.000,-1,-1,-1,-1,700.000,775.000,-1,-1,1,0,2,0,2,0,0,0,0,2,2,2,2,0,0,2,2
49,1035.805,2451.775,-300.816,-28.482,0.878723,0.476837,0.021732,-0.477019,0.878885,0.003791,-0.017293,-0.013698,0.999757,0,0.70977,0.35311,42.586,0.706,950.000,375.000,-1,400.000,-1,325.000,325.000,300.000,300.000,-1,-1,-1,-1,675.000,750.000,975.000,-1,1,0,2,0,2,0,0,0,0,2,2,2,2,0,0,1,2
50,1073.357,2431.996,-301.577,-27.776,0.884535,0.465972,0.021630,-0.466144,0.884702,0.003467,-0.017520,-0.013149,0.999760,0,0.70738,0.35311,42.443,0.706,900.000,375.000,-1,400.000,-1,325.000,325.000,300.000,300.000,-1,-1,-1,-1,675.000,750.000,925.000,-1,1,0,2,0,2,0,0,0,0,2,2,2,2,0,0,1,2
51,1111.023,2412.746,-302.365,-27.070,0.890212,0.455039,0.021504,-0.455202,0.890382,0.003144,-0.017716,-0.012588,0.999764,0,0.70500,0.35298,42.300,0.706,875.000,375.000,-1,400.000,-1,325.000,325.000,300.000,300.000,-1,-1,-1,-1,675.000,750.000,900.000,-1,1,0,2,0,2,0,0,0,0,2,2,2,2,0,0,1,2
52,1148.798,2394.024,-303.179,-26.364,0.895750,0.444046,0.021355,-0.444199,0.895924,0.002822,-0.017879,-0.012014,0.999768,0,0.70266,0.35271,42.160,0.705,850.000,375.000,-1,400.000,-1,325.000,325.000,300.000,300.000,-1,-1,-1,-1,675.000,725.000,850.000,-1,1,0,2,0,2,0,0,0,0,2,2,2,2,0,0,1,2
53,1186.676,2375.827,-303.959,-25.660,0.901144,0.432999,0.021249,-0.433138,0.901325,0.002192,-0.018203,-0.011179,0.999772,0,0.70036,0.35230,42.022,0.705,800.000,375.000,-1,400.000,-1,300.000,325.000,300.000,300.000,-1,-1,-1,-1,650.000,725.000,825.000,-1,1,0,2,0,2,0,0,0,0,2,2,2,2,0,0,1,2
54,1224.651,2358.154,-304.767,-24.956,0.906395,0.421903,0.021107,-0.422026,0.906582,0.001528,-0.018490,-0.010293,0.999776,0,0.69811,0.35177,41.887,0.704,775.000,375.000,-1,400.000,-1,300.000,325.000,300.000,300.000,-1,-1,-1,-1,650.000,700.000,775.000,-1,1,0,2,0,2,0,0,0,0,2,2,2,2,0,0,1,2
55,1262.721,2341.001,-305.332,-24.254,0.911526,0.410769,0.019738,-0.410853,0.911702,0.000240,-0.017897,-0.008329,0.999805,0,0.69592,0.35110,41.755,0.702,725.000,375.000,-1,375.000,-1,300.000,325.000,300.000,300.000,-1,-1,-1,-1,650.000,700.000,750.000,-1,1,0,2,0,2,0,0,0,0,2,2,2,2,0,0,1,2
56,1300.881,2324.366,-305.858,-23.553,0.916512,0.399597,0.018109,-0.399642,0.916671,-0.001219,-0.017087,-0.006120,0.999835,0,0.69380,0.35030,41.628,0.701,700.000,375.000,-1,375.000,-1,300.000,300.000,300.000,300.000,-1,-1,-1,-1,650.000,700.000,700.000,-1,1,0,2,0,2,0,0,0,0,2,2,2,2,0,0,1,2
57,1339.128,2308.245,-306.401,-22.855,0.921347,0.388392,0.016490,-0.388402,0.921486,-0.002717,-0.016250,-0.003902,0.999860,0,0.69176,0.34938,41.505,0.699,675.000,375.000,-1,375.000,-1,300.000,300.000,300.000,300.000,-1,-1,-1,-1,650.000,700.000,675.000,-1,1,0,2,0,2,0,0,0,0,2,2,2,2,1,0,1,2
58,1374.559,2293.990,-306.916,-21.916,0.927611,0.373245,0.015050,-0.373226,0.927731,-0.004140,-0.015508,-0.001777,0.999878,0,0.63653,0.46938,38.192,0.939,650.000,375.000,-1,375.000,-1,300.000,300.000,300.000,300.000,-1,-1,-1,-1,625.000,700.000,650.000,-1,1,0,2,0,2,0,0,0,0,2,2,2,2,1,0,1,2
59,1410.212,2280.492,-307.371,-20.737,0.935110,0.354081,0.013975,-0.354039,0.935215,-0.005445,-0.014997,0.000144,0.999888,0,0.63537,0.58938,38.122,1.179,600.000,375.000,-1,375.000,-1,300.000,300.000,300.000,300.000,-1,-1,-1,-1,600.000,675.000,600.000,-1,1,0,2,0,2,0,0,0,0,2,2,2,2,1,0,1,2
60,1446.150,2267.893,-307.514,-19.318,0.943613,0.330817,0.012438,-0.330775,0.943694,-0.005342,-0.013505,0.000927,0.999908,0,0.63472,0.70938,38.083,1.419,575.000,375.000,925.000,375.000,-1,300.000,300.000,300.000,300.000,-1,-1,-1,-1,550.000,675.000,575.000,-1,1,0,1,0,2,0,0,0,0,2,2,2,2,1,0,1,2
61,1482.429,2256.343,-307.532,-17.660,0.952816,0.303362,0.010641,-0.303328,0.952875,-0.004710,-0.011568,0.001260,0.999932,0,0.63456,0.82938,38.074,1.659,550.000,375.000,825.000,375.000,-1,300.000,300.000,300.000,300.000,-1,-1,-1,-1,525.000,700.000,550.000,-1,1,0,1,0,2,0,0,0,0,2,2,2,2,1,1,1,2
62,1519.090,2245.997,-307.551,-15.761,0.962364,0.271623,0.008759,-0.271596,0.962402,-0.004161,-0.009560,0.001626,0.999953,0,0.63487,0.94938,38.092,1.899,525.000,375.000,750.000,375.000,-1,300.000,300.000,300.000,300.000,-1,-1,775.000,-1,500.000,675.000,525.000,-1,1,0,1,0,2,0,0,0,0,2,2,0,2,1,1,1,2
63,1556.133,2236.925,-307.579,-13.761,0.971273,0.237870,0.006787,-0.237849,0.971295,-0.003739,-0.007482,0.002017,0.999970,0,0.63564,1.00000,38.139,2.000,500.000,375.000,675.000,375.000,-1,300.000,300.000,300.000,300.000,-1,800.000,650.000,-1,475.000,650.000,500.000,-1,1,0,1,0,2,0,0,0,0,2,0,0,2,1,1,1,2
64,1593.527,2229.139,-307.618,-11.761,0.978995,0.203827,0.004733,-0.203812,0.979004,-0.003465,-0.005340,0.002428,0.999983,0,0.63659,1.00000,38.195,2.000,475.000,375.000,600.000,375.000,-1,300.000,300.000,300.000,325.000,-1,675.000,550.000,-1,450.000,600.000,450.000,-1,1,0,1,0,2,0,0,0,0,2,0,0,2,1,1,1,2
65,1635.895,2221.821,-307.683,-9.800,0.985404,0.170215,0.002348,-0.170207,0.985403,-0.003340,-0.002883,0.002892,0.999992,0,0.71659,0.98025,42.995,1.960,450.000,375.000,550.000,375.000,-1,300.000,300.000,300.000,325.000,-1,575.000,500.000,-1,400.000,550.000,425.000,-1,1,1,1,0,2,0,0,0,0,2,0,0,2,1,1,1,2
66,1681.591,2215.526,-307.767,-7.843,0.990645,0.136465,-0.000275,-0.136465,0.990639,-0.003393,-0.000190,0.003398,0.999994,0,0.76880,0.97850,46.128,1.957,425.000,325.000,500.000,375.000,-1,300.000,300.000,300.000,325.000,-1,525.000,450.000,-1,375.000,500.000,400.000,-1,1,1,1,1,2,0,0,0,0,2,0,0,2,1,1,1,2
67,1727.863,2210.752,-307.860,-5.890,0.994716,0.102624,-0.002976,-0.102634,0.994712,-0.003638,0.002587,0.003924,0.999989,0,0.77529,0.97652,46.517,1.953,400.000,300.000,425.000,350.000,-1,300.000,300.000,300.000,325.000,-1,475.000,425.000,-1,350.000,450.000,350.000,-1,1,1,1,1,2,1,1,0,0,2,0,0,2,1,1,1,2
68,1774.663,2207.527,-307.961,-3.942,0.997618,0.068746,-0.005739,-0.068770,0.997624,-0.004083,0.005445,0.004468,0.999975,0,0.78185,0.97415,46.911,1.948,350.000,275.000,375.000,300.000,-1,250.000,275.000,300.000,325.000,-1,425.000,375.000,-1,300.000,375.000,325.000,575.000,1,1,1,1,2,1,1,0,0,2,0,0,2,1,1,1,1
69,1821.942,2205.877,-308.067,-1.999,0.999355,0.034887,-0.008550,-0.034928,0.999379,-0.004733,0.008380,0.005028,0.999952,0,0.78846,0.97136,47.307,1.943,325.000,250.000,325.000,275.000,-1,225.000,225.000,300.000,300.000,-1,375.000,350.000,-1,275.000,325.000,300.000,425.000,1,1,1,1,2,1,1,0,0,2,0,0,2,1,1,1,1
70,1869.647,2205.824,-308.176,-0.063,0.999934,0.001101,-0.011394,-0.001165,0.999984,-0.005591,0.011387,0.005604,0.999919,0,0.79510,0.96811,47.706,1.936,275.000,200.000,275.000,225.000,-1,200.000,200.000,300.000,300.000,-1,350.000,300.000,-1,225.000,275.000,250.000,350.000,1,1,1,1,2,1,1,0,0,2,0,0,2,1,1,1,1
71,1917.726,2207.391,-308.285,1.866,0.999368,-0.032556,-0.014254,0.032463,0.999451,-0.006662,0.014463,0.006195,0.999876,0,0.80174,0.96437,48.104,1.929,250.000,175.000,225.000,200.000,400.000,150.000,175.000,300.000,300.000,-1,300.000,275.000,-1,200.000,225.000,225.000,275.000,1,1,1,1,1,1,1,0,0,2,0,0,2,1,1,1,1
72,1966.122,2210.593,-306.716,3.786,0.997595,-0.066027,-0.021087,0.066001,0.997818,-0.001951,0.021170,0.000554,0.999776,0,0.80835,0.96009,48.501,1.920,200.000,150.000,175.000,150.000,275.000,125.000,125.000,300.000,325.000,-1,250.000,275.000,-1,150.000,175.000,175.000,200.000,1,1,1,1,1,1,1,0,0,2,0,0,2,1,1,1,1
73,2014.777,2215.445,-294.995,5.696,0.993451,-0.099242,-0.056628,0.099992,0.994932,0.010564,0.055293,-0.016157,0.998339,0,0.81490,0.95521,48.894,1.910,200.000,125.000,150.000,150.000,300.000,125.000,125.000,300.000,375.000,-1,150.000,200.000,-1,150.000,175.000,175.000,200.000,1,1,1,1,1,1,1,0,0,2,0,0,2,1,1,1,1
74,4919.502,-6231.347,-3.039,-38.725,0.778230,0.625114,-0.059927,-0.626325,0.779560,-0.001850,0.045560,0.038973,0.998201,1,0.00000,0.00000,49.280,1.899,-1,375.000,-1,375.000,-1,300.000,300.000,325.000,300.000,-1,-1,-1,-1,700.000,700.000,-1,-1,2,0,2,0,2,0,0,0,0,2,2,2,2,0,0,2,2
75,4923.259,-6234.334,-2.808,-38.485,0.780832,0.621848,-0.060059,-0.623052,0.782178,-0.001711,0.045913,0.038756,0.998193,0,0.08000,0.12000,4.800,0.240,-1,375.000,-1,375.000,-1,300.000,300.000,325.000,300.000,-1,-1,-1,-1,700.000,700.000,-1,-1,2,0,2,0,2,0,0,0,0,2,2,2,2,0,0,2,2
76,4930.818,-6240.252,-2.323,-38.058,0.785436,0.616004,-0.060239,-0.617192,0.786811,-0.001416,0.046524,0.038291,0.998183,0,0.16000,0.21379,9.600,0.428,-1,375.000,-1,375.000,-1,300.000,300.000,325.000,300.000,-1,-1,-1,-1,700.000,700.000,-1,-1,2,0,2,0,2,0,0,0,0,2,2,2,2,0,0,2,2
77,4942.223,-6249.044,-1.567,-37.627,0.790024,0.610091,-0.060427,-0.611254,0.791434,-0.000963,0.047236,0.037697,0.998172,0,0.24000,0.21518,14.400,0.430,-1,375.000,-1,375.000,-1,300.000,300.000,325.000,300.000,-1,-1,-1,-1,700.000,700.000,-1,-1,2,0,2,0,2,0,0,0,0,2,2,2,2,0,0,2,2
78,4957.518,-6260.650,-0.560,-37.192,0.794609,0.604078,-0.060716,-0.605212,0.796064,-0.000369,0.048111,0.037040,0.998155,0,0.32000,0.21755,19.200,0.435,-1,375.000,-1,375.000,-1,300.000,300.000,325.000,300.000,-1,-1,-1,-1,700.000,700.000,-1,-1,2,0,2,0,2,0,0,0,0,2,2,2,2,0,0,2,2
79,4976.747,-6275.010,0.702,-36.751,0.799209,0.597937,-0.061126,-0.599039,0.800720,0.000364,0.049162,0.036326,0.998130,0,0.40000,0.22092,24.000,0.442,1000.000,375.000,-1,375.000,-1,300.000,300.000,325.000,300.000,-1,-1,-1,-1,700.000,700.000,-1,-1,1,0,2,0,2,0,0,0,0,2,2,2,2,0,0,2,2
80,4999.958,-6292.061,2.222,-36.300,0.803841,0.591638,-0.061672,-0.592704,0.805419,0.001239,0.050405,0.035557,0.998096,0,0.48000,0.22528,28.800,0.451,975.000,375.000,-1,375.000,-1,300.000,300.000,325.000,300.000,-1,-1,-1,-1,700.000,700.000,-1,-1,1,0,2,0,2,0,0,0,0,2,2,2,2,0,0,2,2
81,5027.196,-6311.734,4.004,-35.839,0.808523,0.585150,-0.062371,-0.586176,0.810180,0.002251,0.051849,0.034740,0.998050,0,0.56000,0.23068,33.600,0.461,950.000,375.000,-1,375.000,-1,300.000,300.000,325.000,300.000,-1,850.000,850.000,-1,700.000,700.000,-1,-1,1,0,2,0,2,0,0,0,0,2,0,0,2,0,0,2,2
82,5058.511,-6333.959,6.065,-35.364,0.813270,0.578440,-0.063240,-0.579424,0.815019,0.003334,0.053470,0.033931,0.997993,0,0.64000,0.23716,38.400,0.474,925.000,375.000,-1,375.000,-1,300.000,300.000,325.000,300.000,-1,725.000,750.000,-1,700.000,700.000,-1,-1,1,0,2,0,2,0,0,0,0,2,0,0,2,0,0,2,2
83,5093.953,-6358.660,8.415,-34.875,0.818100,0.571470,-0.064296,-0.572414,0.819952,0.004452,0.055264,0.033162,0.997921,0,0.72000,0.24475,43.200,0.489,900.000,375.000,-1,375.000,-1,300.000,300.000,325.000,300.000,-1,650.000,675.000,-1,725.000,700.000,-1,-1,1,0,2,0,2,0,0,0,0,2,0,0,2,0,0,2,2
84,5133.573,-6385.757,11.066,-34.368,0.823028,0.564204,-0.065560,-0.565110,0.824997,0.005569,0.057228,0.032465,0.997833,0,0.80000,0.25353,48.000,0.507,850.000,375.000,-1,375.000,-1,300.000,300.000,325.000,325.000,-1,600.000,625.000,-1,725.000,725.000,975.000,-1,1,0,2,0,2,0,0,0,0,2,0,0,2,0,0,1,2
85,5177.429,-6415.161,14.010,-33.841,0.828077,0.556602,-0.066951,-0.557470,0.830170,0.006677,0.059297,0.031794,0.997734,0,0.88000,0.26358,52.800,0.527,825.000,375.000,-1,375.000,-1,325.000,300.000,325.000,325.000,-1,575.000,600.000,-1,725.000,725.000,950.000,-1,1,0,2,0,2,0,0,0,0,2,0,0,2,0,0,1,2
86,5225.576,-6446.777,17.259,-33.291,0.833262,0.548618,-0.068499,-0.549450,0.835491,0.007733,0.061473,0.031193,0.997621,0,0.96000,0.27500,57.600,0.550,775.000,375.000,-1,375.000,-1,325.000,325.000,325.000,325.000,-1,550.000,575.000,-1,725.000,725.000,925.000,-1,1,0,2,0,2,0,0,0,0,2,0,0,2,0,0,1,2
87,5275.070,-6478.569,20.642,-32.715,0.838601,0.540201,-0.070223,-0.541008,0.840973,0.008610,0.063707,0.030771,0.997494,0,0.98041,0.28791,58.824,0.576,725.000,375.000,-1,375.000,-1,325.000,325.000,325.000,300.000,-1,525.000,550.000,-1,725.000,725.000,875.000,-1,1,0,2,0,2,0,0,0,0,2,0,0,2,1,0,1,2
88,5325.340,-6510.117,24.154,-32.112,0.844105,0.531327,-0.071958,-0.532114,0.846621,0.009338,0.065882,0.030407,0.997364,0,0.98915,0.30150,59.349,0.603,700.000,400.000,-1,375.000,-1,325.000,325.000,325.000,300.000,-1,500.000,525.000,-1,700.000,725.000,850.000,-1,1,0,2,0,2,0,0,0,0,2,0,0,2,1,0,1,2
89,5376.382,-6541.373,28.104,-31.481,0.849882,0.521990,-0.072306,-0.522689,0.852460,0.010388,0.067060,0.028965,0.997328,0,0.99752,0.31562,59.851,0.631,650.000,375.000,-1,375.000,-1,325.000,325.000,325.000,300.000,-1,550.000,550.000,-1,700.000,750.000,800.000,-1,1,0,2,0,2,0,0,0,0,2,0,0,2,1,0,1,2
90,5427.908,-6572.114,32.139,-30.820,0.855821,0.512145,-0.072652,-0.512769,0.858453,0.011213,0.068111,0.027657,0.997294,0,1.00000,0.33031,60.000,0.661,600.000,375.000,-1,375.000,-1,325.000,325.000,325.000,300.000,-1,575.000,600.000,-1,675.000,750.000,750.000,-1,1,0,2,0,2,0,0,0,0,2,0,0,2,1,0,1,2
91,5479.802,-6602.231,36.272,-30.129,0.861914,0.501772,-0.073001,-0.502324,0.864597,0.011924,0.069100,0.026393,0.997261,0,1.00000,0.34550,60.000,0.691,550.000,375.000,-1,375.000,-1,325.000,325.000,325.000,300.000,-1,625.000,650.000,-1,700.000,750.000,700.000,-1,1,0,2,0,2,0,0,0,0,2,0,0,2,1,0,1,2
92,5527.988,-6629.160,40.143,-29.198,0.869942,0.487675,-0.073300,-0.488156,0.872668,0.012430,0.070029,0.024969,0.997232,0,0.92000,0.46550,55.200,0.931,525.000,375.000,-1,375.000,-1,325.000,325.000,325.000,300.000,-1,650.000,675.000,-1,700.000,750.000,650.000,-1,1,0,2,0,2,0,0,0,0,2,0,0,2,1,0,1,2
93,5576.432,-6654.948,44.038,-28.027,0.879723,0.469759,-0.073582,-0.470155,0.882489,0.012921,0.071005,0.023228,0.997205,0,0.91467,0.58550,54.880,1.171,475.000,375.000,-1,375.000,-1,325.000,325.000,325.000,300.000,-1,700.000,725.000,-1,700.000,775.000,600.000,-1,1,1,2,0,2,0,0,0,0,2,0,0,2,1,0,1,2
94,5625.867,-6679.721,48.016,-26.616,0.891027,0.447906,-0.073834,-0.448207,0.893830,0.013384,0.071990,0.021167,0.997181,0,0.92157,0.70550,55.294,1.411,425.000,375.000,-1,400.000,-1,325.000,325.000,325.000,300.000,-1,750.000,775.000,-1,700.000,775.000,525.000,-1,1,1,2,0,2,0,0,0,0,2,0,0,2,1,0,1,2
95,5676.396,-6703.246,52.081,-24.965,0.903573,0.421988,-0.074044,-0.422179,0.906407,0.013831,0.072951,0.018763,0.997159,0,0.92895,0.82550,55.737,1.651,400.000,375.000,-1,400.000,-1,325.000,325.000,325.000,300.000,-1,800.000,800.000,-1,675.000,800.000,475.000,-1,1,1,2,0,2,0,0,0,0,2,0,0,2,1,0,1,2
96,5728.113,-6725.278,56.237,-23.074,0.917025,0.391867,-0.074200,-0.391933,0.919883,0.014279,0.073851,0.015987,0.997141,0,0.93691,0.94550,56.215,1.891,350.000,350.000,-1,400.000,-1,325.000,325.000,325.000,300.000,-1,850.000,850.000,-1,650.000,825.000,400.000,-1,1,1,2,0,2,0,0,0,0,2,0,0,2,1,0,1,2
97,5781.053,-6745.679,60.479,-21.074,0.930166,0.359541,-0.074307,-0.359472,0.933039,0.014756,0.074637,0.012985,0.997126,0,0.94558,1.00000,56.735,2.000,300.000,350.000,-1,400.000,-1,325.000,325.000,325.000,300.000,-1,900.000,900.000,-1,600.000,825.000,350.000,-1,1,1,2,0,2,0,0,0,0,2,0,0,2,1,0,1,2
98,5835.179,-6764.395,64.781,-19.074,0.942170,0.326771,-0.074410,-0.326555,0.945053,0.015403,0.075354,0.009787,0.997109,0,0.95452,1.00000,57.271,2.000,250.000,350.000,-1,400.000,-1,325.000,325.000,325.000,300.000,-1,925.000,925.000,-1,575.000,850.000,300.000,-1,1,1,2,0,2,0,0,0,0,2,0,0,2,1,0,1,2
99,5890.434,-6781.362,72.032,-17.074,0.951988,0.293555,-0.086859,-0.294032,0.955766,0.007538,0.085230,0.018363,0.996192,0,0.96331,1.00000,57.799,2.000,250.000,350.000,-1,425.000,-1,350.000,350.000,350.000,300.000,-1,750.000,725.000,-1,575.000,925.000,275.000,-1,1,1,2,0,2,0,0,0,0,2,0,0,2,1,0,1,2
100,5946.742,-6796.522,79.375,-15.074,0.960540,0.259968,-0.098892,-0.261377,0.965236,-0.001344,0.095105,0.027139,0.995097,0,0.97185,1.00000,58.311,2.000,225.000,375.000,-1,475.000,-1,400.000,375.000,375.000,300.000,-1,525.000,425.000,-1,575.000,-1,275.000,-1,1,1,2,0,2,0,0,0,0,2,0,0,2,1,2,1,2
101,6004.025,-6809.817,86.550,-13.074,0.967909,0.226051,-0.109787,-0.228743,0.973408,-0.012411,0.104062,0.037126,0.993878,0,0.98006,1.00000,58.804,2.000,225.000,375.000,-1,500.000,-1,425.000,400.000,425.000,275.000,-1,425.000,275.000,-1,575.000,-1,250.000,-1,1,1,2,0,2,0,0,0,0,2,0,0,2,1,2,1,2
102,6062.194,-6821.191,93.578,-11.074,0.974102,0.191846,-0.119664,-0.196230,0.980216,-0.025887,0.112330,0.048698,0.992477,0,0.98781,1.00000,59.269,2.000,200.000,375.000,-1,525.000,-1,450.000,425.000,450.000,275.000,-1,350.000,200.000,-1,600.000,-1,250.000,-1,1,1,2,0,2,0,0,1,0,2,0,0,2,1,2,1,2
103,6121.149,-6830.592,100.805,-9.074,0.979040,0.157414,-0.129237,-0.163847,0.985646,-0.040688,0.120977,0.061010,0.990779,0,0.99498,1.00000,59.699,2.000,175.000,375.000,-1,550.000,-1,475.000,450.000,425.000,250.000,-1,325.000,125.000,800.000,625.000,-1,225.000,-1,1,1,2,0,2,1,0,1,0,2,0,0,0,1,2,1,2
104,6180.696,-6837.964,108.276,-7.074,0.982702,0.122808,-0.138617,-0.131722,0.989644,-0.057046,0.130176,0.074318,0.988702,0,1.00000,1.00000,60.000,2.000,175.000,375.000,-1,575.000,-1,475.000,500.000,400.000,250.000,-1,300.000,100.000,625.000,650.000,-1,200.000,-1,1,1,2,0,2,1,0,1,0,2,0,0,0,1,2,1,2
105,6240.464,-6843.248,116.009,-5.074,0.985078,0.088090,-0.147856,-0.100005,0.992143,-0.075175,0.140072,0.088839,0.986148,0,1.00000,1.00000,60.000,2.000,150.000,350.000,-1,625.000,-1,475.000,525.000,375.000,250.000,-1,275.000,50.000,500.000,675.000,-1,200.000,-1,1,1,2,0,2,1,0,1,0,2,0,0,0,1,2,1,2
106,6300.381,-6846.436,124.061,-3.074,0.986156,0.053328,-0.157011,-0.068885,0.993056,-0.095369,0.150835,0.104865,0.982981,0,1.00000,1.00000,60.000,2.000,150.000,375.000,-1,675.000,-1,500.000,600.000,350.000,225.000,-1,250.000,25.000,375.000,700.000,-1,175.000,-1,1,1,2,0,2,1,0,1,0,2,0,0,0,1,2,1,2
107,-327.965,3607.627,-299.317,-93.386,-0.059116,0.998209,-0.009140,-0.998230,-0.059054,0.007003,0.006451,0.009538,0.999934,1,0.00000,0.00000,60.000,2.000,-1,375.000,-1,400.000,-1,325.000,325.000,300.000,300.000,850.000,-1,-1,-1,725.000,750.000,-1,-1,2,0,2,0,2,0,0,0,0,1,2,2,2,0,0,2,2
108,-328.229,3602.834,-299.285,-93.146,-0.054935,0.998448,-0.009130,-0.998469,-0.054872,0.007035,0.006524,0.009503,0.999934,0,0.08000,0.12000,4.800,0.240,-1,375.000,-1,400.000,-1,325.000,325.000,300.000,300.000,850.000,-1,-1,-1,725.000,750.000,-1,-1,2,0,2,0,2,0,0,0,0,1,2,2,2,0,0,2,2
109,-328.675,3593.245,-299.222,-92.666,-0.046569,0.998874,-0.009110,-0.998893,-0.046505,0.007101,0.006669,0.009431,0.999933,0,0.16000,0.24000,9.600,0.480,-1,375.000,-1,400.000,-1,325.000,325.000,300.000,300.000,850.000,-1,-1,-1,725.000,750.000,-1,-1,2,0,2,0,2,0,0,0,0,1,2,2,2,0,0,2,2
110,-329.164,3578.853,-299.125,-91.946,-0.034015,0.999380,-0.009081,-0.999398,-0.033950,0.007201,0.006888,0.009320,0.999933,0,0.24000,0.36000,14.400,0.720,-1,375.000,-1,400.000,-1,325.000,325.000,300.000,300.000,875.000,-1,-1,-1,725.000,750.000,-1,-1,2,0,2,0,2,0,0,0,0,1,2,2,2,0,0,2,2
111,-329.494,3559.656,-298.992,-90.986,-0.017267,0.999810,-0.009043,-0.999825,-0.017201,0.007339,0.007182,0.009168,0.999932,0,0.32000,0.48000,19.200,0.960,-1,375.000,-1,400.000,-1,325.000,325.000,300.000,300.000,900.000,-1,-1,-1,725.000,750.000,-1,-1,2,0,2,0,2,0,0,0,0,1,2,2,2,0,0,2,2
112,-329.405,3535.656,-298.823,-89.786,0.003673,0.999953,-0.008996,-0.999965,0.003741,0.007517,0.007551,0.008968,0.999931,0,0.40000,0.60000,24.000,1.200,-1,375.000,-1,400.000,-1,325.000,325.000,300.000,300.000,925.000,-1,-1,-1,725.000,725.000,-1,-1,2,0,2,0,2,0,0,0,0,1,2,2,2,0,0,2,2
113,-328.573,3506.868,-298.613,-88.346,0.028799,0.999545,-0.008939,-0.999553,0.028869,0.007741,0.007995,0.008712,0.999930,0,0.48000,0.72000,28.800,1.440,-1,375.000,-1,375.000,-1,325.000,325.000,300.000,300.000,975.000,-1,-1,-1,725.000,725.000,-1,-1,2,0,2,0,2,0,0,0,0,1,2,2,2,0,0,2,2
114,-326.713,3474.939,-298.370,-86.666,0.058089,0.998272,-0.008871,-0.998275,0.058161,0.008002,0.008504,0.008391,0.999929,0,0.53305,0.84000,31.983,1.680,-1,375.000,-1,375.000,-1,325.000,325.000,300.000,300.000,-1,-1,-1,-1,750.000,725.000,-1,-1,2,0,2,0,2,0,0,0,0,2,2,2,2,0,0,2,2
115,-323.797,3442.985,-298.117,-84.786,0.090806,0.995830,-0.008791,-0.995827,0.090879,0.008283,0.009047,0.008003,0.999927,0,0.53479,0.94000,32.087,1.880,-1,375.000,-1,375.000,-1,325.000,300.000,300.000,300.000,-1,-1,-1,-1,750.000,725.000,-1,-1,2,0,2,0,2,0,0,0,0,2,2,2,2,0,0,2,2
116,-319.822,3411.027,-297.852,-82.910,0.123346,0.992325,-0.008708,-0.992317,0.123421,0.008583,0.009592,0.007582,0.999925,0,0.53674,0.93770,32.204,1.875,-1,400.000,-1,375.000,-1,325.000,300.000,300.000,300.000,-1,-1,-1,-1,750.000,725.000,-1,-1,2,0,2,0,2,0,0,0,0,2,2,2,2,0,0,2,2
117,-314.789,3379.104,-297.575,-81.039,0.155677,0.987770,-0.008618,-0.987756,0.155753,0.008902,0.010136,0.007127,0.999923,0,0.53862,0.93546,32.317,1.871,-1,400.000,-1,375.000,-1,325.000,300.000,300.000,300.000,-1,-1,-1,-1,750.000,725.000,-1,-1,2,0,2,0,2,0,0,0,0,2,2,2,2,0,0,2,2
118,-308.698,3347.256,-297.285,-79.173,0.187768,0.982177,-0.008520,-0.982155,0.187844,0.009243,0.010678,0.006633,0.999921,0,0.54043,0.93327,32.426,1.867,-1,400.000,-1,375.000,-1,325.000,300.000,300.000,300.000,-1,-1,-1,-1,750.000,725.000,-1,-1,2,0,2,0,2,0,0,0,0,2,2,2,2,0,0,2,2
119,-301.552,3315.519,-296.921,-77.311,0.219590,0.975558,-0.008168,-0.975529,0.219664,0.009576,0.011136,0.005865,0.999921,0,0.54218,0.93114,32.531,1.862,-1,400.000,-1,375.000,-1,325.000,300.000,300.000,300.000,-1,-1,-1,-1,750.000,725.000,-1,-1,2,0,2,0,2,0,0,0,0,2,2,2,2,0,0,2,2
120,-293.355,3283.933,-296.461,-75.452,0.251113,0.967928,-0.007550,-0.967886,0.251182,0.010205,0.011774,0.004745,0.999919,0,0.54387,0.92907,32.632,1.858,-1,400.000,-1,375.000,-1,325.000,300.000,300.000,325.000,-1,-1,-1,-1,750.000,725.000,-1,-1,2,0,2,0,2,0,0,0,0,2,2,2,2,0,0,2,2
121,-284.113,3252.535,-295.990,-73.598,0.282307,0.959299,-0.006943,-0.959244,0.282369,0.010880,0.012398,0.003589,0.999917,0,0.54550,0.92706,32.730,1.854,-1,400.000,-1,375.000,-1,325.000,325.000,300.000,325.000,-1,-1,-1,-1,750.000,725.000,-1,-1,2,0,2,0,2,0,0,0,0,2,2,2,2,0,0,2,2
122,-273.833,3221.363,-295.511,-71.748,0.313141,0.949686,-0.006349,-0.949618,0.313196,0.011602,0.013007,0.002396,0.999913,0,0.54706,0.92511,32.824,1.850,-1,400.000,-1,375.000,-1,325.000,325.000,300.000,325.000,-1,-1,-1,-1,775.000,725.000,-1,-1,2,0,2,0,2,0,0,0,0,2,2,2,2,0,0,2,2
123,-261.050,3185.977,-294.931,-70.138,0.339712,0.940512,-0.005765,-0.940432,0.339759,0.012287,0.013515,0.001247,0.999908,0,0.62706,0.80511,37.624,1.610,-1,400.000,-1,375.000,-1,325.000,325.000,300.000,325.000,-1,-1,-1,-1,775.000,725.000,-1,-1,2,0,2,0,2,0,0,0,0,2,2,2,2,0,0,2,2
124,-245.686,3146.433,-294.253,-68.768,0.362115,0.932119,-0.005218,-0.932027,0.362152,0.013072,0.014074,0.000130,0.999901,0,0.70706,0.68511,42.424,1.370,-1,400.000,-1,375.000,-1,325.000,325.000,300.000,325.000,-1,-1,-1,-1,775.000,725.000,-1,-1,2,0,2,0,2,0,0,0,0,2,2,2,2,0,0,2,2
125,-227.719,3102.761,-293.444,-67.637,0.380437,0.924794,-0.004856,-0.924688,0.380468,0.014010,0.014804,-0.000839,0.999890,0,0.78706,0.56511,47.224,1.130,-1,400.000,-1,375.000,-1,325.000,325.000,300.000,325.000,-1,-1,-1,-1,800.000,750.000,-1,-1,2,0,2,0,2,0,0,0,0,2,2,2,2,0,0,2,2
126,-207.484,3055.669,-292.689,-66.747,0.394764,0.918771,-0.004730,-0.918657,0.394790,0.014481,0.015172,-0.001372,0.999884,0,0.85425,0.44511,51.255,0.890,-1,400.000,-1,375.000,-1,325.000,325.000,300.000,325.000,-1,-1,-1,-1,800.000,750.000,-1,-1,2,0,2,0,2,0,0,0,0,2,2,2,2,0,0,2,2
127,-186.713,3008.804,-291.946,-66.097,0.405168,0.914231,-0.004590,-0.914111,0.405190,0.014878,0.015462,-0.001832,0.999879,0,0.85436,0.32511,51.262,0.650,-1,400.000,-1,400.000,-1,325.000,325.000,300.000,325.000,-1,-1,-1,-1,825.000,750.000,-1,-1,2,0,2,0,2,0,0,0,0,2,2,2,2,0,0,2,2
128,-165.608,2962.090,-291.202,-65.687,0.411708,0.911305,-0.004400,-0.911180,0.411725,0.015268,0.015725,-0.002277,0.999874,0,0.85436,0.20511,51.261,0.410,-1,400.000,-1,400.000,-1,325.000,325.000,300.000,325.000,-1,-1,-1,-1,825.000,750.000,-1,-1,2,0,2,0,2,0,0,0,0,2,2,2,2,0,0,2,2
129,-144.365,2915.441,-290.456,-65.516,0.414418,0.910077,-0.004155,-0.909946,0.414430,0.015656,0.015970,-0.002707,0.999869,0,0.85429,0.08511,51.257,0.170,-1,400.000,-1,400.000,-1,325.000,325.000,300.000,325.000,-1,-1,-1,-1,850.000,750.000,-1,-1,2,0,2,0,2,0,0,0,0,2,2,2,2,0,0,2,2
130,-123.181,2868.772,-289.707,-65.586,0.413315,0.910580,-0.003851,-0.910444,0.413321,0.016046,0.016203,-0.003126,0.999864,0,0.85420,-0.03489,51.252,-0.070,-1,400.000,-1,400.000,-1,325.000,325.000,300.000,325.000,-1,-1,-1,-1,850.000,750.000,-1,-1,2,0,2,0,2,0,0,0,0,2,2,2,2,0,0,2,2
131,-102.252,2821.991,-288.957,-65.896,0.408392,0.912800,-0.003485,-0.912659,0.408391,0.016443,0.016432,-0.003535,0.999859,0,0.85415,-0.15489,51.249,-0.310,-1,400.000,-1,400.000,-1,325.000,325.000,325.000,300.000,-1,-1,-1,-1,850.000,775.000,-1,-1,2,0,2,0,2,0,0,0,0,2,2,2,2,0,0,2,2
132,-81.770,2775.010,-288.203,-66.446,0.399621,0.916675,-0.003055,-0.916529,0.399614,0.016849,0.016665,-0.003933,0.999853,0,0.85420,-0.27489,51.252,-0.550,-1,400.000,-1,400.000,-1,325.000,325.000,325.000,300.000,-1,-1,-1,-1,850.000,775.000,-1,-1,2,0,2,0,2,0,0,0,0,2,2,2,2,0,0,2,2
133,-61.934,2727.738,-287.388,-67.236,0.386959,0.922094,-0.002297,-0.921945,0.386939,0.017190,0.016739,-0.004534,0.999850,0,0.85441,-0.39489,51.264,-0.790,-1,400.000,-1,400.000,-1,325.000,325.000,325.000,300.000,-1,-1,-1,-1,875.000,775.000,-1,-1,2,0,2,0,2,0,0,0,0,2,2,2,2,0,0,2,2
134,-42.941,2680.095,-286.536,-68.265,0.370339,0.928896,-0.001294,-0.928747,0.370304,0.017444,0.016683,-0.005259,0.999847,0,0.85483,-0.51489,51.290,-1.030,-1,400.000,-1,400.000,-1,325.000,325.000,325.000,300.000,-1,-1,-1,-1,875.000,775.000,-1,-1,2,0,2,0,2,0,0,0,0,2,2,2,2,0,0,2,2
135,-24.993,2632.002,-285.789,-69.535,0.349681,0.936869,0.000068,-0.936727,0.349627,0.017442,0.016318,-0.006163,0.999848,0,0.85554,-0.63489,51.332,-1.270,-1,400.000,-1,400.000,-1,325.000,325.000,325.000,300.000,-1,-1,-1,-1,875.000,775.000,-1,-1,2,0,2,0,2,0,0,0,0,2,2,2,2,0,0,2,2
136,-7.706,2581.669,-285.007,-71.045,0.324892,0.945750,0.001464,-0.945616,0.324819,0.017422,0.016001,-0.007045,0.999847,0,0.88698,-0.75489,53.219,-1.510,-1,400.000,-1,400.000,-1,325.000,325.000,325.000,325.000,-1,-1,-1,-1,850.000,800.000,-1,-1,2,0,2,0,2,0,0,0,0,2,2,2,2,0,0,2,2
