timestep,x_cm,y_cm,z_cm,yaw_deg,basis_xx,basis_xy,basis_xz,basis_yx,basis_yy,basis_yz,basis_zx,basis_zy,basis_zz,teleport_flag,throttle_cmd,steering_cmd,cmd_move_cm,cmd_turn_deg,lidar_cm_0,lidar_cm_1,lidar_cm_2,lidar_cm_3,lidar_cm_4,lidar_cm_5,lidar_cm_6,lidar_cm_7,lidar_cm_8,lidar_cm_9,lidar_cm_10,lidar_cm_11,lidar_cm_12,lidar_cm_13,lidar_cm_14,lidar_cm_15,lidar_cm_16,lidar_class_0,lidar_class_1,lidar_class_2,lidar_class_3,lidar_class_4,lidar_class_5,lidar_class_6,lidar_class_7,lidar_class_8,lidar_class_9,lidar_class_10,lidar_class_11,lidar_class_12,lidar_class_13,lidar_class_14,lidar_class_15,lidar_class_16
0,-2298.803,6891.002,22.120,129.124,-0.630981,-0.774846,-0.038434,0.775798,-0.630243,-0.030512,-0.000580,-0.049069,0.998795,1,0.08000,-0.12000,4.800,-0.240,-1,375.000,-1,400.000,-1,325.000,325.000,300.000,300.000,-1,475.000,400.000,-1,725.000,750.000,-1,-1,2,0,2,0,2,0,0,0,0,2,0,0,2,0,0,2,2
1,-2304.798,6898.501,22.109,128.644,-0.624478,-0.780105,-0.038241,0.781042,-0.623735,-0.030454,-0.000096,-0.048886,0.998804,0,0.16000,-0.24000,9.600,-0.480,-1,375.000,-1,400.000,-1,325.000,325.000,300.000,300.000,-1,475.000,425.000,-1,725.000,750.000,-1,-1,2,0,2,0,2,0,0,0,0,2,0,0,2,0,0,2,2
2,-2313.649,6909.860,22.104,127.924,-0.614642,-0.787893,-0.037954,0.788806,-0.613892,-0.030365,0.000625,-0.048602,0.998818,0,0.24000,-0.36000,14.400,-0.720,-1,375.000,-1,400.000,-1,325.000,325.000,300.000,300.000,-1,500.000,425.000,-1,725.000,750.000,-1,-1,2,0,2,0,2,0,0,0,0,2,0,0,2,0,0,2,2
3,-2325.194,6925.201,22.117,126.964,-0.601375,-0.798083,-0.037570,0.798965,-0.600616,-0.030246,0.001574,-0.048206,0.998836,0,0.32000,-0.48000,19.200,-0.960,-1,375.000,-1,400.000,-1,325.000,325.000,300.000,300.000,-1,525.000,450.000,-1,725.000,750.000,-1,-1,2,0,2,0,2,0,0,0,0,2,0,0,2,0,0,2,2
4,-2339.220,6944.676,22.163,125.764,-0.584554,-0.810506,-0.037092,0.811350,-0.583785,-0.030095,0.002739,-0.047687,0.998859,0,0.40000,-0.60000,24.000,-1.200,-1,375.000,-1,400.000,-1,325.000,325.000,300.000,300.000,-1,525.000,475.000,-1,725.000,750.000,-1,-1,2,0,2,0,2,0,0,0,0,2,0,0,2,0,0,2,2
5,-2355.551,6968.399,22.261,124.543,-0.567177,-0.822786,-0.036513,0.823586,-0.566401,-0.029933,0.003948,-0.047049,0.998885,0,0.48000,-0.61044,28.800,-1.221,-1,375.000,-1,400.000,-1,325.000,325.000,300.000,300.000,-1,575.000,500.000,-1,725.000,750.000,-1,-1,2,0,2,0,2,0,0,0,0,2,0,0,2,0,0,2,2
6,-2373.882,6996.280,22.424,123.325,-0.549587,-0.834667,-0.035848,0.835421,-0.548805,-0.029760,0.005166,-0.046304,0.998914,0,0.55611,-0.60892,33.367,-1.218,-1,375.000,-1,400.000,-1,325.000,325.000,300.000,300.000,-1,600.000,550.000,-1,725.000,750.000,-1,-1,2,0,2,0,2,0,0,0,0,2,0,0,2,0,0,2,2
7,-2391.647,7024.589,22.637,122.111,-0.531797,-0.846140,-0.035198,0.846848,-0.531011,-0.029580,0.006339,-0.045538,0.998943,0,0.55703,-0.60717,33.422,-1.214,-1,375.000,-1,400.000,-1,325.000,325.000,300.000,300.000,-1,625.000,575.000,-1,725.000,750.000,-1,-1,2,0,2,0,2,0,0,0,0,2,0,0,2,0,0,2,2
8,-2408.838,7053.314,22.895,120.900,-0.513817,-0.857204,-0.034536,0.857867,-0.513030,-0.029396,0.007480,-0.044732,0.998971,0,0.55792,-0.60545,33.475,-1.211,-1,375.000,-1,400.000,-1,325.000,325.000,300.000,300.000,-1,675.000,625.000,-1,725.000,750.000,-1,-1,2,0,2,0,2,0,0,0,0,2,0,0,2,0,0,2,2
9,-2425.445,7082.440,23.195,119.693,-0.495658,-0.867858,-0.033855,0.868475,-0.494871,-0.029209,0.008595,-0.043880,0.999000,0,0.55879,-0.60374,33.528,-1.207,-1,375.000,-1,400.000,-1,325.000,325.000,300.000,300.000,-1,700.000,675.000,-1,725.000,750.000,-1,-1,2,0,2,0,2,0,0,0,0,2,0,0,2,0,0,2,2
10,-2441.461,7111.952,23.537,118.489,-0.477328,-0.878099,-0.033157,0.878672,-0.476544,-0.029019,0.009680,-0.042986,0.999029,0,0.55963,-0.60204,33.578,-1.204,-1,375.000,-1,400.000,-1,325.000,325.000,300.000,300.000,-1,750.000,700.000,-1,725.000,750.000,-1,-1,2,0,2,0,2,0,0,0,0,2,0,0,2,0,0,2,2
11,-2456.878,7141.838,23.921,117.288,-0.458837,-0.887928,-0.032442,0.888455,-0.458057,-0.028826,0.010735,-0.042050,0.999058,0,0.56045,-0.60037,33.627,-1.201,-1,375.000,-1,400.000,-1,325.000,325.000,300.000,300.000,-1,775.000,750.000,-1,725.000,750.000,-1,-1,2,0,2,0,2,0,0,0,0,2,0,0,2,0,0,2,2
12,-2471.687,7172.081,24.379,116.091,-0.440198,-0.897338,-0.031778,0.897822,-0.439417,-0.028773,0.011855,-0.041197,0.999081,0,0.56124,-0.59871,33.675,-1.197,-1,375.000,-1,400.000,-1,325.000,325.000,300.000,300.000,-1,825.000,775.000,-1,725.000,750.000,-1,-1,2,0,2,0,2,0,0,0,0,2,0,0,2,0,0,2,2
13,-2485.882,7202.668,24.877,114.896,-0.421417,-0.906334,-0.031103,0.906775,-0.420637,-0.028716,0.012943,-0.040304,0.999104,0,0.56201,-0.59706,33.720,-1.194,-1,375.000,-1,400.000,-1,325.000,325.000,300.000,300.000,-1,875.000,825.000,-1,725.000,750.000,-1,-1,2,0,2,0,2,0,0,0,0,2,0,0,2,0,0,2,2
14,-2499.457,7233.585,25.415,113.706,-0.402501,-0.914914,-0.030417,0.915312,-0.401724,-0.028653,0.013996,-0.039374,0.999127,0,0.56275,-0.59544,33.765,-1.191,-1,375.000,-1,400.000,-1,325.000,325.000,300.000,300.000,-1,900.000,850.000,-1,725.000,750.000,-1,-1,2,0,2,0,2,0,0,0,0,2,0,0,2,0,0,2,2
15,-2512.401,7264.811,25.991,112.517,-0.383445,-0.923085,-0.029721,0.923442,-0.382673,-0.028585,0.015013,-0.038406,0.999149,0,0.56338,-0.59432,33.803,-1.189,-1,375.000,-1,400.000,-1,325.000,325.000,300.000,300.000,-1,950.000,900.000,-1,725.000,750.000,-1,-1,2,0,2,0,2,0,0,0,0,2,0,0,2,0,0,2,2
16,-2524.699,7296.306,26.574,111.329,-0.364245,-0.930849,-0.029094,0.931164,-0.363473,-0.028651,0.016094,-0.037527,0.999166,0,0.56351,-0.59373,33.810,-1.187,-1,375.000,-1,400.000,-1,325.000,325.000,300.000,300.000,-1,1000.000,925.000,-1,725.000,750.000,-1,-1,2,0,2,0,2,0,0,0,0,2,0,0,2,0,0,2,2
17,-2536.341,7328.049,27.140,110.142,-0.344894,-0.938205,-0.028607,0.938482,-0.344113,-0.028945,0.017312,-0.036830,0.999172,0,0.56351,-0.59373,33.810,-1.187,-1,375.000,-1,400.000,-1,325.000,325.000,300.000,300.000,-1,-1,975.000,-1,750.000,750.000,-1,-1,2,0,2,0,2,0,0,0,0,2,2,0,2,0,0,2,2
18,-2545.878,7355.447,27.662,109.194,-0.329347,-0.943789,-0.028142,0.944031,-0.328560,-0.029216,0.018327,-0.036190,0.999177,0,0.48351,-0.47373,29.010,-0.947,-1,375.000,-1,400.000,-1,325.000,325.000,300.000,300.000,-1,-1,1000.000,-1,750.000,750.000,-1,-1,2,0,2,0,2,0,0,0,0,2,2,0,2,0,0,2,2
19,-2553.555,7378.408,28.115,108.487,-0.317678,-0.947792,-0.027762,0.948006,-0.316888,-0.029443,0.019109,-0.035672,0.999181,0,0.40351,-0.35373,24.210,-0.707,-1,375.000,-1,400.000,-1,325.000,325.000,300.000,300.000,-1,-1,-1,-1,750.000,750.000,-1,-1,2,0,2,0,2,0,0,0,0,2,2,2,2,0,0,2,2
20,-2559.559,7396.867,28.488,108.020,-0.309942,-0.950359,-0.027468,0.950552,-0.309149,-0.029625,0.019663,-0.035291,0.999184,0,0.32351,-0.23373,19.410,-0.467,-1,375.000,-1,400.000,-1,325.000,325.000,300.000,300.000,-1,-1,-1,-1,750.000,725.000,-1,-1,2,0,2,0,2,0,0,0,0,2,2,2,2,0,0,2,2
21,-2564.021,7410.779,28.774,107.780,-0.305969,-0.951651,-0.027254,0.951831,-0.305174,-0.029761,0.020005,-0.035047,0.999185,0,0.24351,-0.11979,14.610,-0.240,-1,375.000,-1,400.000,-1,325.000,325.000,300.000,300.000,-1,-1,-1,-1,750.000,725.000,-1,-1,2,0,2,0,2,0,0,0,0,2,2,2,2,0,0,2,2
22,-2566.977,7420.134,28.966,107.540,-0.301990,-0.952926,-0.027107,0.953095,-0.301194,-0.029852,0.020282,-0.034851,0.999187,0,0.16351,-0.11979,9.810,-0.240,-1,375.000,-1,400.000,-1,325.000,325.000,300.000,300.000,-1,-1,-1,-1,750.000,725.000,-1,-1,2,0,2,0,2,0,0,0,0,2,2,2,2,0,0,2,2
23,-2568.467,7424.918,29.064,107.301,-0.298005,-0.954182,-0.027026,0.954344,-0.297209,-0.029898,0.020496,-0.034702,0.999188,0,0.08351,-0.11979,5.010,-0.240,-1,375.000,-1,400.000,-1,325.000,325.000,300.000,300.000,-1,-1,-1,-1,750.000,725.000,-1,-1,2,0,2,0,2,0,0,0,0,2,2,2,2,0,0,2,2
24,-2568.529,7425.119,29.065,107.061,-0.294014,-0.955420,-0.027011,0.955578,-0.293217,-0.029901,0.020648,-0.034602,0.999188,0,0.00351,-0.11979,0.210,-0.240,-1,375.000,-1,400.000,-1,325.000,325.000,300.000,300.000,-1,-1,-1,-1,750.000,725.000,-1,-1,2,0,2,0,2,0,0,0,0,2,2,2,2,0,0,2,2
25,-2567.201,7420.726,28.967,106.822,-0.290017,-0.956639,-0.027060,0.956797,-0.289220,-0.029860,0.020739,-0.034551,0.999188,0,-0.07649,-0.11979,-4.590,-0.240,-1,375.000,-1,400.000,-1,325.000,325.000,300.000,300.000,-1,-1,-1,-1,750.000,725.000,-1,-1,2,0,2,0,2,0,0,0,0,2,2,2,2,0,0,2,2
26,-2567.260,7420.928,28.963,106.342,-0.282002,-0.959033,-0.027031,0.959183,-0.281204,-0.029864,0.021039,-0.034349,0.999188,0,0.00351,-0.23979,0.210,-0.480,-1,375.000,-1,400.000,-1,325.000,325.000,300.000,300.000,-1,-1,-1,-1,750.000,725.000,-1,-1,2,0,2,0,2,0,0,0,0,2,2,2,2,0,0,2,2
27,-2568.625,7425.749,29.061,105.808,-0.273055,-0.961621,-0.026936,0.961760,-0.272256,-0.029911,0.021430,-0.034073,0.999190,0,0.08351,-0.26702,5.010,-0.534,-1,375.000,-1,400.000,-1,325.000,325.000,300.000,300.000,-1,-1,-1,-1,750.000,725.000,-1,-1,2,0,2,0,2,0,0,0,0,2,2,2,2,0,0,2,2
28,-2571.209,7435.213,29.264,105.274,-0.264084,-0.964128,-0.026779,0.964252,-0.263284,-0.030002,0.021875,-0.033745,0.999191,0,0.16351,-0.26702,9.810,-0.534,-1,375.000,-1,400.000,-1,325.000,325.000,300.000,300.000,-1,-1,-1,-1,750.000,725.000,-1,-1,2,0,2,0,2,0,0,0,0,2,2,2,2,0,0,2,2
29,-2574.926,7449.342,29.576,104.740,-0.255090,-0.966552,-0.026562,0.966658,-0.254290,-0.030134,0.022371,-0.033364,0.999193,0,0.24351,-0.26702,14.610,-0.534,-1,375.000,-1,400.000,-1,325.000,325.000,300.000,300.000,-1,-1,-1,-1,750.000,725.000,-1,-1,2,0,2,0,2,0,0,0,0,2,2,2,2,0,0,2,2
30,-2579.689,7468.159,30.002,104.206,-0.246074,-0.968894,-0.026288,0.968980,-0.245274,-0.030306,0.022916,-0.032931,0.999195,0,0.32351,-0.26702,19.410,-0.534,-1,375.000,-1,400.000,-1,325.000,325.000,300.000,300.000,-1,-1,-1,-1,750.000,725.000,-1,-1,2,0,2,0,2,0,0,0,0,2,2,2,2,0,0,2,2
31,-2585.412,7491.684,30.546,103.672,-0.237037,-0.971154,-0.025959,0.971216,-0.236236,-0.030518,0.023505,-0.032445,0.999197,0,0.40351,-0.26702,24.210,-0.534,-1,375.000,-1,400.000,-1,325.000,325.000,300.000,300.000,-1,-1,-1,-1,750.000,725.000,-1,-1,2,0,2,0,2,0,0,0,0,2,2,2,2,0,0,2,2
32,-2592.005,7519.935,31.211,103.138,-0.227978,-0.973330,-0.025575,0.973367,-0.227179,-0.030765,0.024135,-0.031908,0.999199,0,0.48351,-0.26702,29.010,-0.534,-1,375.000,-1,400.000,-1,325.000,325.000,300.000,300.000,-1,-1,-1,-1,750.000,725.000,-1,-1,2,0,2,0,2,0,0,0,0,2,2,2,2,0,0,2,2
33,-2599.383,7552.931,32.004,102.604,-0.218899,-0.975424,-0.025140,0.975432,-0.218101,-0.031047,0.024801,-0.031319,0.999202,0,0.56351,-0.26702,33.810,-0.534,-1,400.000,-1,400.000,-1,325.000,325.000,300.000,300.000,-1,-1,-1,-1,750.000,725.000,-1,-1,2,0,2,0,2,0,0,0,0,2,2,2,2,0,0,2,2
34,-2607.456,7590.688,32.943,102.070,-0.209800,-0.977432,-0.024720,0.977413,-0.209004,-0.031329,0.025456,-0.030735,0.999203,0,0.64351,-0.26702,38.610,-0.534,-1,400.000,-1,400.000,-1,325.000,325.000,300.000,300.000,-1,-1,-1,-1,750.000,725.000,-1,-1,2,0,2,0,2,0,0,0,0,2,2,2,2,0,0,2,2
35,-2616.137,7633.222,34.035,101.536,-0.200682,-0.979354,-0.024326,0.979309,-0.199888,-0.031602,0.026087,-0.030164,0.999204,0,0.72351,-0.26702,43.410,-0.534,-1,400.000,-1,400.000,-1,325.000,325.000,300.000,300.000,-1,-1,-1,-1,750.000,725.000,-1,-1,2,0,2,0,2,0,0,0,0,2,2,2,2,0,0,2,2
36,-2625.099,7679.322,35.238,101.002,-0.191546,-0.981192,-0.023906,0.981120,-0.190755,-0.031886,0.026726,-0.029562,0.999206,0,0.78271,-0.26702,46.963,-0.534,-1,400.000,-1,400.000,-1,325.000,325.000,300.000,300.000,-1,-1,-1,-1,750.000,725.000,-1,-1,2,0,2,0,2,0,0,0,0,2,2,2,2,0,0,2,2
37,-2633.631,7725.503,36.450,100.468,-0.182392,-0.982944,-0.023536,0.982846,-0.181604,-0.032137,0.027314,-0.028994,0.999206,0,0.78271,-0.26702,46.963,-0.534,-1,375.000,-1,375.000,-1,325.000,325.000,300.000,300.000,-1,-1,-1,-1,750.000,725.000,-1,-1,2,0,2,0,2,0,0,0,0,2,2,2,2,0,0,2,2
38,-2641.732,7771.762,37.682,99.934,-0.173221,-0.984610,-0.023173,0.984488,-0.172438,-0.032376,0.027882,-0.028421,0.999207,0,0.78271,-0.26702,46.963,-0.534,-1,375.000,-1,375.000,-1,325.000,325.000,300.000,300.000,-1,-1,-1,-1,750.000,725.000,-1,-1,2,0,2,0,2,0,0,0,0,2,2,2,2,0,0,2,2
39,-2649.402,7818.094,38.933,99.400,-0.164035,-0.986191,-0.022814,0.986045,-0.163256,-0.032605,0.028430,-0.027844,0.999208,0,0.78271,-0.26702,46.963,-0.534,-1,375.000,-1,375.000,-1,325.000,325.000,300.000,300.000,-1,-1,-1,-1,750.000,725.000,-1,-1,2,0,2,0,2,0,0,0,0,2,2,2,2,0,0,2,2
40,-2656.640,7864.496,40.328,98.866,-0.154848,-0.987673,-0.022911,0.987512,-0.154058,-0.032961,0.029025,-0.027729,0.999194,0,0.78271,-0.26702,46.963,-0.534,-1,375.000,-1,375.000,-1,325.000,325.000,300.000,300.000,-1,-1,-1,-1,750.000,750.000,-1,-1,2,0,2,0,2,0,0,0,0,2,2,2,2,0,0,2,2
41,-2663.445,7910.963,41.807,98.332,-0.145657,-0.989063,-0.023194,0.988887,-0.144845,-0.033494,0.029768,-0.027815,0.999170,0,0.78271,-0.26702,46.963,-0.534,-1,375.000,-1,375.000,-1,325.000,325.000,300.000,300.000,-1,-1,-1,-1,775.000,775.000,-1,-1,2,0,2,0,2,0,0,0,0,2,2,2,2,0,0,2,2
42,-2669.816,7957.492,43.356,97.798,-0.136448,-0.990374,-0.023247,0.990175,-0.135621,-0.034059,0.030578,-0.027666,0.999149,0,0.78271,-0.26702,46.963,-0.534,-1,375.000,-1,375.000,-1,325.000,325.000,300.000,300.000,-1,-1,-1,-1,825.000,800.000,-1,-1,2,0,2,0,2,0,0,0,0,2,2,2,2,0,0,2,2
43,-2675.754,8004.078,44.924,97.263,-0.127227,-0.991600,-0.023290,0.991377,-0.126385,-0.034623,0.031389,-0.027494,0.999129,0,0.78271,-0.26702,46.963,-0.534,-1,375.000,-1,375.000,-1,325.000,325.000,300.000,300.000,-1,-1,-1,-1,850.000,825.000,-1,-1,2,0,2,0,2,0,0,0,0,2,2,2,2,0,0,2,2
44,-2681.257,8050.717,46.504,96.729,-0.117994,-0.992740,-0.023344,0.992493,-0.117138,-0.035176,0.032186,-0.027320,0.999108,0,0.78271,-0.26702,46.963,-0.534,-1,400.000,-1,375.000,-1,325.000,325.000,300.000,300.000,-1,-1,-1,-1,900.000,850.000,-1,-1,2,0,2,0,2,0,0,0,0,2,2,2,2,0,0,2,2
45,-2686.325,8097.406,48.097,96.195,-0.108751,-0.993793,-0.023409,0.993522,-0.107880,-0.035717,0.032970,-0.027141,0.999088,0,0.78271,-0.26702,46.963,-0.534,-1,400.000,-1,375.000,-1,325.000,325.000,300.000,300.000,-1,-1,-1,-1,925.000,875.000,-1,-1,2,0,2,0,2,0,0,0,0,2,2,2,2,0,0,2,2
46,-2690.958,8144.140,49.704,95.661,-0.099499,-0.994761,-0.023481,0.994465,-0.098614,-0.036251,0.033745,-0.026958,0.999067,0,0.78271,-0.26702,46.963,-0.534,-1,400.000,-1,375.000,-1,325.000,325.000,300.000,300.000,-1,-1,-1,-1,975.000,900.000,-1,-1,2,0,2,0,2,0,0,0,0,2,2,2,2,0,0,2,2
47,-2695.155,8190.914,51.324,95.127,-0.090237,-0.995642,-0.023561,0.995322,-0.089338,-0.036777,0.034512,-0.026769,0.999046,0,0.78271,-0.26702,46.963,-0.534,-1,400.000,-1,375.000,-1,325.000,325.000,300.000,300.000,-1,-1,-1,-1,1000.000,900.000,-1,-1,2,0,2,0,2,0,0,0,0,2,2,2,2,0,0,2,2
48,-2699.084,8242.528,53.136,94.353,-0.076794,-0.996767,-0.023639,0.996417,-0.075881,-0.037360,0.035445,-0.026424,0.999022,0,0.86271,-0.38702,51.763,-0.774,-1,400.000,-1,400.000,-1,325.000,325.000,300.000,300.000,-1,-1,-1,-1,-1,925.000,-1,-1,2,0,2,0,2,0,0,0,0,2,2,2,2,2,0,2,2
49,-2702.248,8296.047,55.044,93.384,-0.059935,-0.997920,-0.023718,0.997535,-0.059010,-0.037980,0.036502,-0.025936,0.998997,0,0.89353,-0.48462,53.612,-0.969,-1,425.000,-1,400.000,-1,325.000,325.000,325.000,300.000,-1,-1,-1,-1,-1,950.000,-1,-1,2,0,2,0,2,0,0,0,0,2,2,2,2,2,0,2,2
50,-2704.507,8349.611,56.971,92.415,-0.043062,-0.998788,-0.023845,0.998364,-0.042121,-0.038657,0.037606,-0.025471,0.998968,0,0.89353,-0.48462,53.612,-0.969,-1,425.000,-1,425.000,-1,350.000,325.000,325.000,300.000,-1,-1,-1,-1,-1,1000.000,-1,-1,2,0,2,0,2,0,0,0,0,2,2,2,2,2,0,2,2
51,-2705.859,8403.206,58.929,91.446,-0.026176,-0.999370,-0.023971,0.998907,-0.025220,-0.039353,0.038723,-0.024975,0.998938,0,0.89353,-0.48462,53.612,-0.969,-1,450.000,-1,425.000,-1,350.000,350.000,325.000,300.000,-1,-1,-1,-1,-1,-1,-1,-1,2,0,2,0,2,0,0,0,0,2,2,2,2,2,2,2,2
52,-2706.305,8456.816,60.919,90.476,-0.009282,-0.999667,-0.024092,0.999162,-0.008312,-0.040071,0.039857,-0.024443,0.998906,0,0.89353,-0.48462,53.612,-0.969,-1,475.000,-1,450.000,-1,350.000,350.000,325.000,300.000,-1,-1,-1,-1,-1,-1,-1,-1,2,0,2,0,2,0,0,0,0,2,2,2,2,2,2,2,2
53,-2705.843,8510.426,62.942,89.507,0.007615,-0.999678,-0.024204,0.999130,0.008599,-0.040817,0.041012,-0.023872,0.998873,0,0.89353,-0.48462,53.612,-0.969,-1,475.000,-1,450.000,-1,375.000,375.000,325.000,300.000,-1,-1,-1,-1,-1,-1,-1,-1,2,0,2,0,2,0,0,0,0,2,2,2,2,2,2,2,2
54,-2704.476,8564.020,63.962,88.538,0.024553,-0.999364,-0.025855,0.998980,0.025508,-0.037248,0.037884,-0.024914,0.998972,0,0.89353,-0.48462,53.612,-0.969,-1,475.000,-1,450.000,-1,375.000,375.000,325.000,300.000,-1,-1,-1,-1,-1,-1,-1,-1,2,0,2,0,2,0,0,0,0,2,2,2,2,2,2,2,2
55,-2702.202,8617.583,64.376,87.569,0.041552,-0.998761,-0.027400,0.998606,0.042408,-0.031438,0.032561,-0.026055,0.999130,0,0.89353,-0.48462,53.612,-0.969,-1,475.000,-1,450.000,-1,375.000,350.000,300.000,300.000,-1,-1,-1,-1,-1,1000.000,-1,-1,2,0,2,0,2,0,0,0,0,2,2,2,2,2,0,2,2
56,-2699.023,8671.100,64.815,86.599,0.058553,-0.997869,-0.028806,0.997912,0.059294,-0.025594,0.027248,-0.027247,0.999257,0,0.89353,-0.48462,53.612,-0.969,-1,475.000,-1,425.000,-1,375.000,350.000,300.000,300.000,-1,-1,-1,-1,-1,950.000,-1,-1,2,0,2,0,2,0,0,0,0,2,2,2,2,2,0,2,2
57,-2694.938,8724.556,65.283,85.630,0.075552,-0.996688,-0.030078,0.996900,0.076163,-0.019715,0.021941,-0.028495,0.999353,0,0.89353,-0.48462,53.612,-0.969,-1,450.000,-1,425.000,-1,350.000,350.000,300.000,275.000,-1,-1,-1,-1,-1,925.000,-1,-1,2,0,2,0,2,0,0,0,0,2,2,2,2,2,0,2,2
58,-2689.951,8777.935,65.804,84.661,0.092541,-0.995222,-0.031132,0.995568,0.093008,-0.013888,0.016717,-0.029708,0.999419,0,0.89353,-0.48462,53.612,-0.969,-1,450.000,-1,425.000,-1,350.000,350.000,275.000,275.000,-1,-1,-1,-1,-1,875.000,-1,-1,2,0,2,0,2,0,0,0,0,2,2,2,2,2,0,2,2
59,-2684.061,8831.222,66.381,83.692,0.109515,-0.993471,-0.031965,0.993918,0.109826,-0.008125,0.011582,-0.030881,0.999456,0,0.89353,-0.48462,53.612,-0.969,-1,450.000,-1,400.000,-1,350.000,350.000,300.000,275.000,-1,-1,-1,-1,-1,850.000,-1,-1,2,0,2,0,2,0,0,0,0,2,2,2,2,2,0,2,2
60,-2677.270,8884.402,67.020,82.722,0.126465,-0.991436,-0.032578,0.991949,0.126611,-0.002439,0.006543,-0.032007,0.999466,0,0.89353,-0.48462,53.612,-0.969,-1,450.000,-1,400.000,-1,350.000,325.000,300.000,275.000,-1,-1,-1,-1,-1,800.000,-1,-1,2,0,2,0,2,0,0,0,0,2,2,2,2,2,0,2,2
61,-2669.581,8937.460,67.723,81.753,0.143384,-0.989118,-0.032970,0.989666,0.143358,0.003156,0.001605,-0.033082,0.999451,0,0.89353,-0.48462,53.612,-0.969,-1,425.000,-1,400.000,-1,350.000,325.000,300.000,275.000,-1,-1,-1,-1,-1,775.000,-1,-1,2,0,2,0,2,0,0,0,0,2,2,2,2,2,0,2,2
62,-2660.996,8990.380,68.495,80.784,0.160265,-0.986518,-0.033142,0.987069,0.160064,0.008646,-0.003225,-0.034099,0.999413,0,0.89353,-0.48462,53.612,-0.969,-1,425.000,-1,400.000,-1,325.000,325.000,300.000,275.000,-1,-1,-1,-1,1000.000,750.000,-1,-1,2,0,2,0,2,0,0,0,0,2,2,2,2,0,0,2,2
63,-2651.516,9043.147,69.340,79.815,0.177100,-0.983636,-0.033097,0.984161,0.176723,0.014020,-0.007942,-0.035055,0.999354,0,0.89353,-0.48462,53.612,-0.969,-1,425.000,-1,400.000,-1,325.000,325.000,300.000,275.000,-1,-1,-1,-1,975.000,725.000,-1,-1,2,0,2,0,2,0,0,0,0,2,2,2,2,0,0,2,2
64,-2641.145,9095.747,70.261,78.846,0.193882,-0.980475,-0.032835,0.980945,0.193330,0.019264,-0.012540,-0.035944,0.999275,0,0.89353,-0.48462,53.612,-0.969,-1,425.000,-1,375.000,-1,325.000,325.000,325.000,300.000,-1,-1,-1,-1,925.000,700.000,-1,-1,2,0,2,0,2,0,0,0,0,2,2,2,2,0,0,2,2
65,-2629.888,9148.163,70.533,77.876,0.210578,-0.976925,-0.035688,0.977464,0.209858,0.022892,-0.014874,-0.039704,0.999101,0,0.89353,-0.48462,53.612,-0.969,-1,425.000,-1,375.000,-1,325.000,325.000,300.000,300.000,-1,-1,-1,-1,925.000,700.000,-1,-1,2,0,2,0,2,0,0,0,0,2,2,2,2,0,0,2,2
66,-2617.746,9200.383,70.355,76.907,0.227221,-0.972993,-0.040681,0.973709,0.226297,0.026106,-0.016195,-0.045544,0.998831,0,0.89353,-0.48462,53.612,-0.969,-1,400.000,-1,375.000,-1,325.000,325.000,300.000,300.000,-1,-1,-1,-1,900.000,700.000,-1,-1,2,0,2,0,2,0,0,0,0,2,2,2,2,0,0,2,2
67,-2604.723,9252.389,69.825,75.938,0.243713,-0.968822,-0.044590,0.969718,0.242672,0.027525,-0.015846,-0.049948,0.998626,0,0.89353,-0.48462,53.612,-0.969,-1,400.000,-1,375.000,-1,325.000,325.000,300.000,300.000,-1,-1,-1,-1,900.000,700.000,-1,-1,2,0,2,0,2,0,0,0,0,2,2,2,2,0,0,2,2
68,-2590.820,9304.167,68.878,74.969,0.260070,-0.964454,-0.046824,0.965477,0.258992,0.027881,-0.014763,-0.052459,0.998514,0,0.89353,-0.48462,53.612,-0.969,-1,400.000,-1,375.000,-1,325.000,325.000,300.000,300.000,-1,-1,-1,-1,900.000,675.000,-1,-1,2,0,2,0,2,0,0,0,0,2,2,2,2,0,0,2,2
69,-2577.289,9352.114,68.058,74.239,0.272325,-0.960967,-0.048795,0.962105,0.271214,0.028233,-0.013897,-0.054634,0.998410,0,0.83032,-0.36462,49.819,-0.729,-1,400.000,-1,375.000,-1,325.000,325.000,300.000,300.000,-1,-1,-1,-1,900.000,675.000,-1,-1,2,0,2,0,2,0,0,0,0,2,2,2,2,0,0,2,2
70,-2563.291,9400.146,67.292,73.750,0.280525,-0.958506,-0.050712,0.959756,0.279378,0.028592,-0.013238,-0.056692,0.998304,0,0.83385,-0.24462,50.031,-0.489,-1,400.000,-1,375.000,-1,325.000,325.000,300.000,300.000,-1,-1,-1,-1,900.000,675.000,-1,-1,2,0,2,0,2,0,0,0,0,2,2,2,2,0,0,2,2
71,-2549.023,9448.320,66.572,73.501,0.284700,-0.957173,-0.052583,0.958531,0.283512,0.028966,-0.012817,-0.058649,0.998196,0,0.83737,-0.12462,50.242,-0.249,-1,400.000,-1,375.000,-1,325.000,325.000,300.000,300.000,-1,-1,-1,-1,925.000,700.000,-1,-1,2,0,2,0,2,0,0,0,0,2,2,2,2,0,0,2,2
72,-2534.688,9496.694,65.886,73.492,0.284869,-0.957021,-0.054414,0.958483,0.283635,0.029363,-0.012668,-0.060520,0.998087,0,0.84089,-0.00462,50.453,-0.009,-1,400.000,-1,375.000,-1,325.000,325.000,300.000,300.000,-1,-1,-1,-1,925.000,700.000,-1,-1,2,0,2,0,2,0,0,0,0,2,2,2,2,0,0,2,2
73,-2520.488,9545.329,65.222,73.722,0.281037,-0.958049,-0.056212,0.959611,0.279747,0.029795,-0.012820,-0.062315,0.997974,0,0.84443,0.11538,50.666,0.231,-1,425.000,-1,375.000,-1,325.000,325.000,300.000,300.000,-1,-1,-1,-1,925.000,700.000,-1,-1,2,0,2,0,2,0,0,0,0,2,2,2,2,0,0,2,2
74,-2506.630,9594.284,64.566,74.193,0.273193,-0.960210,-0.057984,0.961867,0.271837,0.030271,-0.013304,-0.064042,0.997858,0,0.84798,0.23538,50.879,0.471,-1,425.000,-1,375.000,-1,325.000,325.000,300.000,300.000,-1,-1,-1,-1,925.000,725.000,-1,-1,2,0,2,0,2,0,0,0,0,2,2,2,2,1,0,2,2
75,-2493.325,9643.616,63.903,74.904,0.261313,-0.963404,-0.059737,0.965151,0.259876,0.030803,-0.014151,-0.065704,0.997739,0,0.85157,0.35538,51.094,0.711,-1,425.000,-1,375.000,-1,325.000,325.000,300.000,300.000,-1,-1,-1,-1,900.000,725.000,-1,-1,2,0,2,0,2,0,0,0,0,2,2,2,2,1,0,2,2
76,-2480.787,9693.372,63.215,75.855,0.245360,-0.967481,-0.061479,0.969310,0.243829,0.031403,-0.015391,-0.067298,0.997614,0,0.85520,0.47538,51.312,0.951,-1,425.000,-1,375.000,-1,325.000,325.000,300.000,300.000,-1,-1,-1,-1,875.000,750.000,-1,-1,2,0,2,0,2,0,0,0,0,2,2,2,2,1,0,2,2
77,-2469.035,9743.546,62.510,76.816,0.229168,-0.971330,-0.063246,0.973243,0.227531,0.032069,-0.016759,-0.068903,0.997483,0,0.85888,0.48086,51.533,0.962,-1,425.000,-1,400.000,-1,350.000,325.000,300.000,300.000,-1,-1,-1,-1,850.000,750.000,-1,-1,2,0,2,0,2,0,0,0,0,2,2,2,2,1,0,2,2
78,-2458.081,9794.129,61.743,77.778,0.212927,-0.974862,-0.065628,0.976899,0.211159,0.032866,-0.018182,-0.071110,0.997303,0,0.86259,0.48096,51.756,0.962,-1,450.000,-1,400.000,-1,350.000,325.000,300.000,300.000,-1,-1,-1,-1,825.000,775.000,-1,-1,2,0,2,0,2,0,0,0,0,2,2,2,2,1,0,2,2
79,-2447.936,9845.109,60.606,78.740,0.196748,-0.977984,-0.069556,0.980234,0.194707,0.035067,-0.020752,-0.075080,0.996962,0,0.86634,0.48096,51.980,0.962,-1,450.000,-1,400.000,-1,350.000,350.000,300.000,300.000,-1,-1,-1,-1,775.000,775.000,-1,-1,2,0,2,0,2,0,0,0,0,2,2,2,2,1,0,2,2
80,-2438.607,9896.475,59.245,79.702,0.180516,-0.980863,-0.072956,0.983298,0.178219,0.036910,-0.023201,-0.078400,0.996652,0,0.87011,0.48085,52.206,0.962,-1,450.000,-1,400.000,-1,350.000,350.000,300.000,300.000,-1,-1,-1,-1,750.000,775.000,-1,-1,2,0,2,0,2,0,0,0,0,2,2,2,2,1,1,2,2
81,-2430.102,9948.214,57.196,80.663,0.164287,-0.983640,-0.073913,0.986048,0.161727,0.039421,-0.026823,-0.079358,0.996485,0,0.87390,0.48062,52.434,0.961,-1,425.000,975.000,400.000,-1,350.000,350.000,300.000,300.000,-1,-1,-1,-1,700.000,725.000,-1,-1,2,0,1,0,2,0,0,0,0,2,2,2,2,1,1,2,2
82,-2422.715,9996.982,55.244,81.384,0.152130,-0.985517,-0.074914,0.987905,0.149320,0.041808,-0.030017,-0.080368,0.996313,0,0.82208,0.36062,49.325,0.721,-1,425.000,900.000,400.000,-1,350.000,350.000,300.000,275.000,-1,-1,-1,-1,675.000,700.000,-1,-1,2,0,1,0,2,0,0,0,0,2,2,2,2,1,1,2,2
83,-2415.707,10046.023,53.277,81.866,0.144083,-0.986642,-0.076015,0.989019,0.141024,0.044212,-0.032902,-0.081550,0.996126,0,0.82566,0.24062,49.540,0.481,-1,425.000,825.000,400.000,-1,350.000,325.000,300.000,275.000,-1,-1,-1,-1,650.000,650.000,-1,-1,2,0,1,0,2,0,0,0,0,2,2,2,2,1,1,2,2
84,-2408.877,10095.307,51.309,82.107,0.140161,-0.987115,-0.077192,0.989494,0.136853,0.046623,-0.035458,-0.082915,0.995926,0,0.82925,0.12062,49.755,0.241,-1,425.000,775.000,400.000,-1,350.000,325.000,300.000,275.000,-1,-1,-1,-1,600.000,625.000,-1,-1,2,0,1,0,2,0,0,0,0,2,2,2,2,1,1,2,2
85,-2402.018,10144.804,49.358,82.108,0.140369,-0.986989,-0.078423,0.989383,0.136813,0.049032,-0.037665,-0.084473,0.995714,0,0.83284,0.00062,49.970,0.001,-1,400.000,700.000,400.000,-1,350.000,325.000,300.000,275.000,-1,-1,-1,-1,550.000,575.000,-1,-1,2,1,1,0,2,0,0,0,0,2,2,2,2,1,1,2,2
86,-2394.922,10194.486,47.442,81.869,0.144704,-0.986261,-0.079688,0.988686,0.140904,0.051435,-0.039500,-0.086229,0.995492,0,0.83643,-0.11938,50.186,-0.239,-1,375.000,650.000,400.000,-1,350.000,325.000,300.000,275.000,-1,-1,-1,-1,525.000,550.000,925.000,-1,2,1,1,1,2,1,0,0,0,2,2,2,2,1,1,1,2
87,-2387.380,10244.320,45.581,81.391,0.153154,-0.984880,-0.080965,0.987354,0.149114,0.053826,-0.040939,-0.088185,0.995262,0,0.84001,-0.23938,50.401,-0.479,-1,350.000,600.000,375.000,-1,325.000,325.000,300.000,275.000,-1,-1,-1,-1,475.000,525.000,725.000,-1,2,1,1,1,2,1,1,0,0,2,2,2,2,1,1,1,2
88,-2379.178,10294.266,43.796,80.672,0.165700,-0.982741,-0.082236,0.985283,0.161426,0.056203,-0.041958,-0.090338,0.995027,0,0.84358,-0.35938,50.615,-0.719,-1,325.000,550.000,350.000,-1,275.000,300.000,300.000,275.000,-1,-1,-1,-1,425.000,475.000,600.000,-1,2,1,1,1,2,1,1,0,0,2,2,2,2,1,1,1,2
89,-2370.105,10344.277,42.111,79.713,0.182310,-0.979691,-0.083479,0.982321,0.177809,0.058564,-0.042531,-0.092680,0.994787,0,0.84711,-0.47938,50.826,-0.959,-1,300.000,525.000,325.000,-1,250.000,275.000,300.000,275.000,-1,-1,-1,-1,375.000,450.000,475.000,-1,2,1,1,1,2,1,1,0,0,2,2,2,2,1,1,1,2
90,-2360.054,10394.313,40.537,78.639,0.200829,-0.975959,-0.084684,0.978689,0.196104,0.060922,-0.042851,-0.095114,0.994544,0,0.85057,-0.53726,51.034,-1.075,975.000,250.000,475.000,300.000,-1,225.000,250.000,300.000,275.000,-1,-1,-1,-1,325.000,425.000,400.000,-1,1,1,1,1,2,1,1,0,0,2,2,2,2,1,1,1,2
91,-2349.028,10444.351,38.909,77.569,0.219172,-0.971833,-0.086629,0.974757,0.214223,0.062907,-0.042577,-0.098230,0.994253,0,0.85394,-0.53481,51.237,-1.070,475.000,225.000,425.000,275.000,-1,200.000,225.000,300.000,300.000,-1,-1,-1,-1,300.000,400.000,325.000,-1,1,1,1,1,2,1,1,0,0,2,2,2,2,1,1,1,2
92,-2337.011,10494.361,40.509,76.505,0.235909,-0.968556,-0.079037,0.971291,0.232443,0.050638,-0.030674,-0.088714,0.995585,0,0.85722,-0.53206,51.433,-1.064,475.000,200.000,450.000,275.000,-1,175.000,225.000,325.000,275.000,-1,-1,-1,-1,275.000,425.000,300.000,-1,1,1,1,1,2,1,1,0,0,2,2,2,2,1,1,1,2
93,-2324.024,10544.323,42.716,75.447,0.252488,-0.965057,-0.070109,0.967455,0.250535,0.035526,-0.016720,-0.076797,0.996907,0,0.86038,-0.52897,51.623,-1.058,475.000,200.000,475.000,275.000,-1,175.000,225.000,375.000,275.000,-1,-1,-1,-1,250.000,475.000,275.000,-1,1,1,1,1,2,1,1,0,0,2,2,2,2,1,1,1,2
94,-2310.076,10594.214,46.017,74.396,0.268815,-0.961071,-0.063886,0.963188,0.268410,0.014999,0.002733,-0.065567,0.997844,0,0.86338,-0.52549,51.803,-1.051,550.000,175.000,575.000,275.000,-1,175.000,225.000,425.000,275.000,-1,450.000,400.000,-1,225.000,950.000,275.000,-1,1,1,1,1,2,1,1,0,0,2,0,0,2,1,1,1,2
95,-2295.178,10644.005,50.974,73.353,0.284901,-0.956535,-0.062232,0.958177,0.286014,-0.009587,0.026969,-0.056898,0.998016,0,0.86619,-0.52157,51.971,-1.043,600.000,175.000,-1,325.000,-1,175.000,225.000,475.000,275.000,-1,200.000,150.000,-1,225.000,-1,275.000,-1,1,1,2,1,2,1,1,0,0,2,0,0,2,1,2,1,2
96,-983.893,4263.562,139.022,30.182,0.862158,-0.502742,-0.062718,0.501838,0.864421,-0.030571,0.069584,-0.005117,0.997563,1,0.00000,0.00000,52.124,-1.034,-1,375.000,750.000,400.000,-1,325.000,325.000,350.000,350.000,-1,-1,-1,-1,675.000,575.000,925.000,875.000,2,0,1,1,2,0,0,0,0,2,2,2,2,1,1,1,1
97,-979.733,4265.958,139.329,29.942,0.864261,-0.499117,-0.062727,0.498205,0.866521,-0.030547,0.069601,-0.004850,0.997563,0,0.08000,-0.12000,4.800,-0.240,-1,375.000,750.000,400.000,-1,300.000,325.000,350.000,350.000,-1,-1,-1,-1,675.000,575.000,900.000,875.000,2,0,1,1,2,0,0,0,0,2,2,2,2,1,1,1,1
98,-971.375,4270.679,139.949,29.462,0.868422,-0.491842,-0.062731,0.490913,0.870674,-0.030509,0.069624,-0.004301,0.997564,0,0.16000,-0.24000,9.600,-0.480,-1,375.000,725.000,400.000,-1,300.000,325.000,350.000,350.000,-1,-1,-1,-1,650.000,575.000,875.000,875.000,2,0,1,1,2,0,0,0,0,2,2,2,2,1,1,1,1
99,-958.753,4277.611,140.893,28.774,0.874277,-0.481361,-0.062703,0.480407,0.876516,-0.030476,0.069630,-0.003478,0.997567,0,0.24000,-0.34375,14.400,-0.688,-1,375.000,725.000,375.000,-1,300.000,325.000,350.000,350.000,-1,-1,-1,-1,625.000,575.000,850.000,900.000,2,0,1,1,2,0,0,0,0,2,2,2,2,1,1,1,1
100,-941.814,4286.651,142.194,28.088,0.879999,-0.470828,-0.062625,0.469849,0.882221,-0.030465,0.069593,-0.002615,0.997572,0,0.32000,-0.34316,19.200,-0.686,-1,375.000,700.000,375.000,-1,300.000,325.000,350.000,350.000,-1,-1,-1,-1,600.000,550.000,825.000,900.000,2,0,1,1,2,0,0,0,0,2,2,2,2,1,1,1,1
101,-920.507,4297.697,143.867,27.403,0.885590,-0.460246,-0.062477,0.459238,0.887790,-0.030492,0.069500,-0.001688,0.997581,0,0.40000,-0.34256,24.000,-0.685,-1,375.000,675.000,375.000,-1,300.000,325.000,350.000,350.000,-1,-1,-1,-1,575.000,550.000,775.000,900.000,2,0,1,1,2,0,0,0,0,2,2,2,2,1,1,1,1
102,-894.783,4310.646,145.928,26.719,0.891050,-0.449618,-0.062238,0.448578,0.893221,-0.030573,0.069339,-0.000677,0.997593,0,0.48000,-0.34192,28.800,-0.684,975.000,375.000,650.000,375.000,-1,300.000,325.000,325.000,350.000,-1,-1,-1,-1,550.000,525.000,725.000,900.000,1,0,1,1,2,0,1,0,0,2,2,2,2,1,1,1,1
103,-864.593,4325.395,148.395,26.037,0.896379,-0.438947,-0.061889,0.437871,0.898513,-0.030725,0.069095,0.000442,0.997610,0,0.56000,-0.34124,33.600,-0.682,900.000,375.000,625.000,350.000,-1,300.000,300.000,325.000,350.000,-1,-1,-1,-1,500.000,525.000,675.000,875.000,1,0,1,1,2,0,1,0,0,2,2,2,2,1,1,1,1
104,-831.652,4341.005,151.140,25.356,0.901576,-0.428237,-0.061431,0.427120,0.903665,-0.030954,0.068769,0.001669,0.997631,0,0.60753,-0.34048,36.452,-0.681,825.000,375.000,575.000,350.000,-1,300.000,300.000,325.000,375.000,-1,-1,-1,-1,475.000,500.000,625.000,850.000,1,1,1,1,2,1,1,0,0,2,2,2,2,1,1,1,1
105,-798.386,4356.289,153.902,24.676,0.906654,-0.417492,-0.060649,0.416324,0.908675,-0.031374,0.068209,0.003196,0.997666,0,0.61016,-0.33965,36.609,-0.679,750.000,350.000,550.000,325.000,-1,300.000,275.000,325.000,375.000,-1,-1,-1,-1,425.000,475.000,550.000,850.000,1,1,1,1,2,1,1,0,0,2,2,2,2,1,1,1,1
106,-764.799,4371.243,156.431,23.999,0.911588,-0.406714,-0.059929,0.405403,0.913536,-0.033167,0.068237,0.005939,0.997651,0,0.61277,-0.33872,36.766,-0.677,675.000,325.000,500.000,325.000,-1,275.000,275.000,325.000,375.000,-1,-1,-1,-1,400.000,450.000,500.000,850.000,1,1,1,1,2,1,1,0,0,2,2,2,2,1,1,1,1
107,-730.893,4385.863,158.997,23.324,0.916377,-0.395909,-0.059237,0.394442,0.918247,-0.035198,0.068330,0.008889,0.997623,0,0.61539,-0.33769,36.923,-0.675,600.000,300.000,475.000,300.000,-1,250.000,250.000,325.000,350.000,-1,-1,-1,-1,375.000,425.000,450.000,850.000,1,1,1,1,2,1,1,0,0,2,2,2,2,1,1,1,1
108,-696.673,4400.143,161.773,22.651,0.920985,-0.385084,-0.059139,0.383472,0.922811,-0.037001,0.068822,0.011399,0.997564,0,0.61799,-0.33656,37.080,-0.673,525.000,275.000,450.000,275.000,-1,225.000,225.000,325.000,350.000,-1,-1,-1,-1,325.000,400.000,400.000,875.000,1,1,1,1,2,1,1,0,0,2,2,2,2,1,1,1,1
109,-662.144,4414.081,164.789,21.980,0.925401,-0.374247,-0.059759,0.372504,0.927233,-0.038476,0.069810,0.013345,0.997471,0,0.62059,-0.33533,37.235,-0.671,475.000,250.000,425.000,275.000,-1,225.000,225.000,325.000,350.000,-1,-1,-1,-1,300.000,400.000,350.000,925.000,1,1,1,1,2,1,1,0,0,2,2,2,2,1,1,1,1
110,-627.311,4427.670,168.013,21.312,0.929635,-0.363405,-0.060959,0.361538,0.931513,-0.039670,0.071201,0.014840,0.997352,0,0.62317,-0.33398,37.390,-0.668,400.000,225.000,375.000,250.000,-1,200.000,200.000,325.000,375.000,-1,-1,-1,-1,275.000,375.000,300.000,-1,1,1,1,1,2,1,1,0,0,2,2,2,2,1,1,1,2
111,-592.178,4440.909,171.436,20.647,0.933685,-0.352563,-0.062703,0.350582,0.935653,-0.040577,0.072974,0.015903,0.997207,0,0.62573,-0.33250,37.544,-0.665,325.000,200.000,350.000,250.000,-1,175.000,200.000,325.000,375.000,-1,-1,-1,-1,250.000,350.000,275.000,-1,1,1,1,1,2,1,1,0,0,2,2,2,2,1,1,1,2
112,-556.752,4453.793,174.751,19.985,0.937456,-0.341736,-0.066271,0.339689,0.939671,-0.040383,0.076073,0.015346,0.996984,0,0.62826,-0.33088,37.696,-0.662,275.000,175.000,325.000,225.000,-1,175.000,175.000,325.000,375.000,-1,-1,150.000,-1,225.000,325.000,225.000,-1,1,1,1,1,2,1,1,0,0,2,2,0,2,1,1,1,2
113,-521.039,4466.324,181.159,19.327,0.940669,-0.330842,-0.075395,0.327423,0.943317,-0.054286,0.089082,0.026379,0.995675,0,0.63076,-0.32912,37.845,-0.658,250.000,175.000,325.000,225.000,-1,150.000,175.000,350.000,375.000,-1,425.000,100.000,-1,200.000,350.000,200.000,-1,1,1,1,1,2,1,1,0,0,2,0,0,2,1,1,1,2
114,-485.046,4478.504,189.801,18.673,0.943305,-0.319827,-0.088804,0.313547,0.946382,-0.077781,0.108919,0.045527,0.993008,0,0.63321,-0.32720,37.993,-0.654,225.000,175.000,325.000,250.000,-1,150.000,200.000,425.000,350.000,-1,175.000,75.000,-1,200.000,375.000,175.000,-1,1,1,1,1,2,1,1,0,0,2,0,0,2,1,1,1,2
115,-448.781,4490.326,198.798,18.022,0.945518,-0.308730,-0.103350,0.298740,0.948916,-0.101549,0.129421,0.065142,0.989448,0,0.63562,-0.32510,38.137,-0.650,225.000,175.000,350.000,250.000,-1,150.000,200.000,475.000,350.000,-1,150.000,50.000,-1,225.000,400.000,175.000,-1,1,1,1,1,2,1,1,0,0,2,0,0,2,1,1,1,2
116,9511.061,6231.324,351.723,-120.511,-0.511111,0.858700,0.037417,-0.857183,-0.506035,-0.095740,-0.063278,-0.081007,0.994703,1,0.00000,0.00000,38.277,-0.646,-1,400.000,-1,375.000,450.000,325.000,300.000,275.000,300.000,600.000,-1,-1,-1,700.000,600.000,-1,575.000,2,0,2,0,1,0,0,0,0,1,2,2,2,0,1,2,1
117,9508.611,6227.196,351.414,-120.696,-0.513898,0.857027,0.037593,-0.855523,-0.508783,-0.096025,-0.063170,-0.081509,0.994669,0,0.08000,-0.09245,4.800,-0.185,-1,400.000,-1,375.000,450.000,325.000,300.000,275.000,300.000,575.000,-1,-1,-1,700.000,600.000,-1,550.000,2,0,2,0,1,0,0,0,0,1,2,2,2,0,1,2,1
118,9503.650,6218.977,350.802,-121.121,-0.520276,0.853155,0.037950,-0.851680,-0.515079,-0.096619,-0.062884,-0.082589,0.994598,0,0.16000,-0.21245,9.600,-0.425,-1,400.000,-1,350.000,450.000,325.000,300.000,275.000,300.000,575.000,-1,-1,-1,700.000,600.000,-1,550.000,2,0,2,0,1,0,0,0,0,1,2,2,2,0,1,2,1
119,9496.106,6206.711,349.894,-121.599,-0.527430,0.848726,0.038489,-0.847286,-0.522114,-0.097481,-0.062639,-0.084025,0.994493,0,0.24000,-0.23897,14.400,-0.478,-1,400.000,-1,350.000,450.000,325.000,300.000,275.000,300.000,575.000,-1,-1,-1,700.000,575.000,-1,525.000,2,0,2,0,1,0,0,0,0,1,2,2,2,0,1,2,1
120,9485.911,6190.441,348.699,-122.078,-0.534586,0.844204,0.039223,-0.842800,-0.529115,-0.098615,-0.062498,-0.085776,0.994352,0,0.32000,-0.23960,19.200,-0.479,-1,400.000,-1,350.000,425.000,325.000,300.000,275.000,300.000,575.000,-1,-1,-1,675.000,575.000,-1,500.000,2,0,2,0,1,0,0,0,0,1,2,2,2,0,1,2,1
121,9472.997,6170.211,347.227,-122.559,-0.541756,0.839575,0.040171,-0.838212,-0.536089,-0.100046,-0.062461,-0.087872,0.994172,0,0.40000,-0.24063,24.000,-0.481,-1,375.000,-1,350.000,400.000,325.000,300.000,275.000,300.000,550.000,-1,-1,-1,675.000,550.000,-1,500.000,2,0,2,0,1,0,0,0,0,1,2,2,2,0,1,2,1
122,9457.295,6146.067,345.574,-123.043,-0.548923,0.834856,0.041215,-0.833551,-0.543061,-0.101378,-0.062254,-0.090003,0.993994,0,0.48000,-0.24207,28.800,-0.484,-1,375.000,-1,350.000,400.000,300.000,300.000,275.000,300.000,550.000,-1,-1,-1,650.000,525.000,-1,475.000,2,0,2,0,1,0,0,0,0,1,2,2,2,0,1,2,1
123,9438.735,6118.058,343.999,-123.531,-0.556016,0.830110,0.042001,-0.828923,-0.550089,-0.101432,-0.061096,-0.091213,0.993955,0,0.56000,-0.24393,33.600,-0.488,-1,375.000,-1,350.000,375.000,300.000,300.000,275.000,300.000,575.000,-1,-1,-1,650.000,525.000,-1,450.000,2,0,2,0,1,0,0,0,0,1,2,2,2,0,1,2,1
124,9417.251,6086.230,342.068,-124.024,-0.563147,0.825187,0.043959,-0.824232,-0.557092,-0.101440,-0.059218,-0.093358,0.993870,0,0.64000,-0.24623,38.400,-0.492,-1,375.000,-1,350.000,350.000,300.000,300.000,300.000,300.000,575.000,-1,-1,-1,650.000,500.000,-1,425.000,2,0,2,0,1,0,0,0,0,1,2,2,2,0,1,2,1
125,9392.771,6050.635,339.940,-124.522,-0.570315,0.820113,0.046430,-0.819443,-0.564104,-0.101489,-0.057041,-0.095928,0.993753,0,0.72000,-0.24898,43.200,-0.498,-1,375.000,-1,350.000,325.000,300.000,300.000,300.000,300.000,575.000,-1,-1,-1,625.000,475.000,-1,375.000,2,0,2,0,1,0,0,0,0,1,2,2,2,0,1,2,1
126,9365.224,6011.326,337.665,-125.026,-0.577527,0.814880,0.049322,-0.814541,-0.571137,-0.101610,-0.054631,-0.098857,0.993601,0,0.80000,-0.25219,48.000,-0.504,-1,375.000,-1,350.000,300.000,300.000,300.000,300.000,300.000,600.000,-1,-1,-1,625.000,450.000,-1,350.000,2,0,2,1,1,0,0,0,0,1,2,2,2,0,1,2,1
127,9334.650,5968.519,335.573,-125.538,-0.584689,0.809573,0.052248,-0.809651,-0.578269,-0.100352,-0.051029,-0.100977,0.993579,0,0.87673,-0.25589,52.604,-0.512,-1,350.000,-1,350.000,275.000,300.000,300.000,300.000,300.000,625.000,-1,-1,-1,625.000,450.000,-1,325.000,2,0,2,1,1,0,0,0,0,1,2,2,2,0,1,2,1
128,9303.744,5926.068,333.739,-126.058,-0.591860,0.804150,0.055180,-0.804677,-0.585492,-0.098461,-0.046870,-0.102677,0.993610,0,0.87516,-0.26006,52.510,-0.520,-1,350.000,-1,325.000,250.000,300.000,300.000,300.000,300.000,650.000,775.000,-1,-1,625.000,425.000,-1,275.000,2,0,2,1,1,0,0,0,0,1,0,2,2,0,1,2,1
129,9272.512,5883.991,332.006,-126.586,-0.599089,0.798554,0.058344,-0.799545,-0.592766,-0.096727,-0.042658,-0.104597,0.993599,0,0.87336,-0.26428,52.402,-0.529,-1,350.000,-1,300.000,225.000,300.000,300.000,300.000,300.000,675.000,575.000,-1,-1,625.000,400.000,-1,250.000,2,0,2,1,1,0,0,0,1,1,0,2,2,0,1,2,1
130,9239.678,5840.461,331.004,-127.032,-0.605052,0.793508,0.065244,-0.795357,-0.598648,-0.095015,-0.036337,-0.109382,0.993335,0,0.90874,-0.22280,54.524,-0.446,-1,375.000,-1,300.000,200.000,300.000,300.000,300.000,275.000,700.000,425.000,725.000,-1,625.000,400.000,-1,225.000,2,0,2,1,1,0,1,0,1,1,0,0,2,0,1,2,1
131,9206.462,5797.122,332.580,-127.486,-0.610496,0.787431,0.085130,-0.791741,-0.603900,-0.091926,-0.020975,-0.123521,0.992120,0,0.91007,-0.22671,54.604,-0.453,-1,375.000,-1,300.000,200.000,325.000,300.000,300.000,275.000,675.000,250.000,450.000,-1,675.000,425.000,-1,225.000,2,0,2,1,1,0,1,0,1,1,0,0,2,0,1,2,1
132,9172.859,5754.002,334.020,-127.947,-0.615537,0.781140,0.104569,-0.788088,-0.609137,-0.088712,-0.005600,-0.137015,0.990553,0,0.91113,-0.23090,54.668,-0.462,-1,400.000,-1,300.000,200.000,350.000,300.000,300.000,275.000,675.000,225.000,350.000,-1,750.000,475.000,-1,250.000,2,0,2,1,1,1,1,0,1,1,0,0,2,0,1,2,1
133,9138.875,5711.123,335.433,-128.418,-0.620241,0.774603,0.123655,-0.784354,-0.614342,-0.085866,0.009455,-0.150247,0.988603,0,0.91186,-0.23541,54.712,-0.471,-1,425.000,-1,325.000,200.000,350.000,300.000,300.000,250.000,575.000,175.000,250.000,-1,800.000,575.000,-1,275.000,2,0,2,1,1,1,1,0,1,0,0,0,2,0,1,2,1
134,9104.619,5668.984,336.881,-129.129,-0.627702,0.765306,0.142468,-0.778063,-0.622589,-0.083673,0.024664,-0.163371,0.986256,0,0.90505,-0.35541,54.303,-0.711,-1,450.000,-1,350.000,225.000,350.000,325.000,275.000,250.000,500.000,125.000,200.000,-1,900.000,-1,-1,375.000,2,1,2,1,1,1,1,0,1,0,0,0,2,0,2,2,1
135,9069.802,5627.289,338.552,-129.878,-0.635731,0.755844,0.156669,-0.771026,-0.631501,-0.082012,0.036948,-0.172934,0.984240,0,0.90529,-0.37475,54.317,-0.750,-1,475.000,-1,375.000,250.000,375.000,350.000,275.000,250.000,475.000,100.000,175.000,-1,1000.000,-1,-1,-1,2,0,2,1,1,1,1,0,1,0,0,0,2,0,2,2,2
