timestep,x_cm,y_cm,z_cm,yaw_deg,basis_xx,basis_xy,basis_xz,basis_yx,basis_yy,basis_yz,basis_zx,basis_zy,basis_zz,teleport_flag,throttle_cmd,steering_cmd,cmd_move_cm,cmd_turn_deg,lidar_cm_0,lidar_cm_1,lidar_cm_2,lidar_cm_3,lidar_cm_4,lidar_cm_5,lidar_cm_6,lidar_cm_7,lidar_cm_8,lidar_cm_9,lidar_cm_10,lidar_cm_11,lidar_cm_12,lidar_cm_13,lidar_cm_14,lidar_cm_15,lidar_cm_16,lidar_class_0,lidar_class_1,lidar_class_2,lidar_class_3,lidar_class_4,lidar_class_5,lidar_class_6,lidar_class_7,lidar_class_8,lidar_class_9,lidar_class_10,lidar_class_11,lidar_class_12,lidar_class_13,lidar_class_14,lidar_class_15,lidar_class_16
0,6817.176,4590.439,-48.262,20.790,0.934847,-0.354980,-0.007044,0.354925,0.934861,-0.007948,0.009407,0.004930,0.999944,0,0.39974,-1.00000,0.456,-0.013,-1,625.472,-1,620.500,-1,527.606,527.811,550.898,483.041,-1,-1,-1,-1,-1,994.112,-1,-1,2,0,2,0,2,0,0,0,0,2,2,2,2,2,0,2,2
1,6817.123,4590.579,-47.876,20.765,0.934992,-0.354576,-0.008112,0.354520,0.935018,-0.007611,0.010283,0.004241,0.999938,0,0.39974,-1.00000,0.150,-0.025,-1,628.122,-1,623.587,-1,529.954,530.122,550.520,485.409,-1,-1,-1,-1,-1,1001.034,-1,-1,2,0,2,0,2,0,0,0,0,2,2,2,2,2,0,2,2
2,6817.500,4590.828,-48.592,20.729,0.935196,-0.353993,-0.009872,0.353925,0.935240,-0.007993,0.012062,0.003981,0.999919,0,0.39974,-1.00000,0.452,-0.036,-1,630.262,-1,625.581,-1,531.375,531.523,547.700,484.190,-1,-1,-1,-1,-1,1007.340,-1,-1,2,0,2,0,2,0,0,0,0,2,2,2,2,2,0,2,2
3,6818.303,4591.112,-50.222,20.675,0.935500,-0.353128,-0.011862,0.353038,0.935566,-0.009001,0.014276,0.004233,0.999889,0,0.39974,-1.00000,0.852,-0.054,-1,631.344,-1,625.921,-1,531.626,531.625,543.149,479.656,-1,-1,-1,-1,-1,-1,-1,-1,2,0,2,0,2,0,0,0,0,2,2,2,2,2,2,2,2
4,6819.551,4591.369,-52.440,20.589,0.936000,-0.351733,-0.013696,0.351617,0.936088,-0.010179,0.016402,0.004712,0.999854,0,0.39974,-1.00000,1.274,-0.086,-1,630.827,-1,624.465,14.553,530.483,530.262,537.101,473.123,-1,-1,-1,-1,-1,-1,-1,21.887,2,0,2,0,1,0,0,0,0,2,2,2,2,2,2,2,1
5,6821.194,4591.596,-54.622,20.483,0.936634,-0.350002,-0.014695,0.349871,0.936736,-0.010774,0.017536,0.004950,0.999834,0,0.39974,-1.00000,1.658,-0.106,-1,627.846,-1,621.132,17.940,527.648,527.302,530.356,466.974,-1,-1,-1,-1,-1,-1,15.913,27.844,2,0,2,0,1,0,0,0,0,2,2,2,2,2,2,1,1
6,6823.178,4591.807,-56.293,20.357,0.937401,-0.347946,-0.014578,0.347813,0.937500,-0.010904,0.017461,0.005151,0.999834,0,0.39974,-1.00000,1.996,-0.126,17.998,623.332,-1,616.479,30.741,523.805,523.350,524.862,462.018,-1,-1,-1,-1,-1,1002.771,22.320,31.580,1,0,2,0,1,0,0,0,0,2,2,2,2,2,0,1,1
7,6825.477,4591.955,-57.199,20.201,0.938363,-0.345386,-0.013563,0.345265,0.938446,-0.010512,0.016359,0.005182,0.999853,0,0.39974,-1.00000,2.304,-0.156,18.608,618.380,-1,611.590,32.246,519.813,519.276,521.107,459.344,-1,-1,-1,-1,-1,994.323,22.503,33.660,1,0,2,0,1,0,0,0,0,2,2,2,2,2,0,1,1
8,6828.095,4592.062,-57.306,20.020,0.939474,-0.342409,-0.012059,0.342305,0.939537,-0.009878,0.014712,0.005152,0.999878,0,0.39974,-1.00000,2.620,-0.181,18.661,614.342,-1,607.469,33.116,516.594,515.937,519.523,458.916,-1,-1,-1,-1,-1,986.659,22.521,34.616,1,0,2,0,1,0,0,0,0,2,2,2,2,2,0,1,1
9,6831.062,4592.182,-56.747,19.821,0.940676,-0.339142,-0.010524,0.339054,0.940721,-0.009336,0.013066,0.005214,0.999901,0,0.39974,-1.00000,2.969,-0.199,18.511,612.234,-1,604.782,33.065,514.780,513.905,520.038,460.166,-1,-1,-1,-1,-1,981.540,22.470,34.429,1,0,2,0,1,0,0,0,0,2,2,2,2,2,0,1,1
10,6834.376,4592.314,-55.762,19.606,0.941958,-0.335604,-0.009218,0.335528,0.941988,-0.008887,0.011666,0.005278,0.999918,0,0.39974,-1.00000,3.318,-0.215,18.286,611.833,-1,603.502,32.169,514.250,513.090,521.499,462.631,-1,-1,-1,-1,-1,979.309,22.399,33.300,1,0,2,0,1,0,0,0,0,2,2,2,2,2,0,1,1
11,6838.039,4592.487,-54.619,19.378,0.943297,-0.331847,-0.008283,0.331778,0.943318,-0.008664,0.010689,0.005425,0.999928,0,0.39974,-1.00000,3.667,-0.228,10.286,612.431,-1,603.470,30.562,514.732,513.205,523.555,465.378,-1,-1,-1,-1,-1,979.572,22.357,31.512,1,0,2,0,1,0,0,0,0,2,2,2,2,2,0,1,1
12,6842.081,4592.690,-53.559,19.130,0.944730,-0.327753,-0.007891,0.327688,0.944747,-0.008552,0.010258,0.005494,0.999932,0,0.39974,-1.00000,4.047,-0.248,-1,613.983,-1,604.599,27.741,515.895,513.969,525.049,468.053,-1,-1,-1,-1,-1,982.270,16.341,28.920,2,0,2,0,1,0,0,0,0,2,2,2,2,2,0,1,1
13,6846.490,4592.857,-52.772,18.849,0.946323,-0.323124,-0.008001,0.323061,0.946343,-0.008165,0.010210,0.005142,0.999935,0,0.39974,-1.00000,4.412,-0.280,-1,615.360,-1,606.111,25.257,516.876,514.726,524.523,470.777,-1,-1,-1,-1,-1,986.609,-1,26.409,2,0,2,0,1,0,0,0,0,2,2,2,2,2,0,2,1
14,6851.250,4593.018,-52.373,18.546,0.948014,-0.318115,-0.008486,0.318056,0.948041,-0.007593,0.010460,0.004500,0.999935,0,0.39974,-1.00000,4.762,-0.303,-1,616.150,-1,607.457,23.333,517.183,515.081,521.957,473.029,-1,-1,-1,-1,-1,991.462,-1,24.386,2,0,2,0,1,0,0,0,0,2,2,2,2,2,0,2,1
15,6856.314,4593.191,-52.364,18.225,0.949782,-0.312783,-0.009031,0.312729,0.949818,-0.006854,0.010722,0.003685,0.999936,0,0.39974,-1.00000,5.067,-0.322,-1,615.832,-1,607.960,22.632,516.631,514.618,517.635,474.560,-1,-1,-1,-1,-1,995.455,-1,23.632,2,0,2,0,1,0,0,0,0,2,2,2,2,2,0,2,1
16,6861.660,4593.451,-52.631,17.906,0.951508,-0.307478,-0.009469,0.307431,0.951551,-0.006091,0.010883,0.002885,0.999937,0,0.39974,-1.00000,5.352,-0.319,-1,614.743,-1,607.508,24.416,515.307,513.380,513.109,475.371,-1,-1,-1,-1,-1,998.261,-1,25.337,2,0,2,0,1,0,0,0,0,2,2,2,2,2,0,2,1
17,6867.278,4593.782,-53.045,17.591,0.953181,-0.302247,-0.009669,0.302209,0.953228,-0.005209,0.010791,0.002043,0.999940,0,0.39974,-1.00000,5.628,-0.314,-1,612.649,-1,606.134,25.337,513.226,511.441,508.331,475.890,-1,-1,-1,-1,-1,999.076,21.007,26.353,2,0,2,0,1,0,0,0,0,2,2,2,2,2,0,1,1
18,6873.095,4594.091,-53.465,17.277,0.954830,-0.297000,-0.009473,0.296975,0.954877,-0.003955,0.010221,0.000963,0.999947,0,0.39974,-1.00000,5.825,-0.314,15.537,609.297,-1,603.864,27.657,510.299,508.899,503.000,476.787,-1,-1,-1,-1,-1,997.756,11.097,28.525,1,0,2,0,1,0,0,0,0,2,2,2,2,2,0,1,1
19,6879.087,4594.495,-53.769,16.988,0.956323,-0.292172,-0.009037,0.292157,0.956366,-0.002937,0.009501,0.000168,0.999955,0,0.39974,-1.00000,6.006,-0.289,8.691,606.077,-1,601.178,26.676,507.397,506.295,498.621,477.543,-1,-1,-1,-1,-1,995.256,22.281,30.319,1,0,2,0,1,0,0,0,0,2,2,2,2,2,0,1,1
20,6885.239,4594.928,-53.880,16.701,0.957781,-0.287380,-0.008267,0.287373,0.957817,-0.002049,0.008507,-0.000413,0.999964,0,0.39974,-1.00000,6.168,-0.287,17.912,602.893,-1,598.117,29.696,504.489,503.603,495.194,478.422,-1,-1,-1,-1,-1,991.689,22.300,30.437,1,0,2,0,1,0,0,0,0,2,2,2,2,2,0,1,1
21,6891.492,4595.199,-53.782,16.380,0.959385,-0.282007,-0.007207,0.282007,0.959412,-0.001052,0.007211,-0.001023,0.999973,0,0.39974,-1.00000,6.258,-0.321,18.366,599.088,-1,595.014,28.322,501.533,500.791,492.203,479.812,-1,-1,-1,-1,-1,987.952,22.424,29.379,1,0,2,0,1,0,0,0,0,2,2,2,2,2,0,1,1
22,6897.803,4595.255,-53.539,16.030,0.961101,-0.276133,-0.005900,0.276138,0.961118,-0.000063,0.005688,-0.001569,0.999983,0,0.39974,-1.00000,6.311,-0.350,18.520,595.049,-1,591.828,27.412,498.546,497.583,489.568,481.378,-1,-1,-1,-1,-1,983.867,22.474,28.551,1,0,2,0,1,0,0,0,0,2,2,2,2,2,0,1,1
23,6904.105,4595.202,-53.222,15.677,0.962791,-0.270212,-0.004454,0.270216,0.962800,0.000302,0.004207,-0.001495,0.999990,0,0.40126,-0.65110,6.303,-0.353,18.550,591.744,-1,588.551,27.203,495.897,494.517,488.310,481.988,-1,-1,-1,-1,-1,979.240,22.483,28.355,1,0,2,0,1,0,0,0,0,2,2,2,2,2,0,1,1
24,6910.529,4595.095,-52.906,15.313,0.964491,-0.264093,-0.003447,0.264095,0.964497,0.000243,0.003261,-0.001144,0.999994,0,0.40126,-0.65110,6.425,-0.364,18.068,589.760,-1,586.392,27.659,494.115,492.179,487.602,482.143,-1,-1,-1,-1,-1,976.992,22.338,28.468,1,0,2,0,1,0,0,0,0,2,2,2,2,2,0,1,1
25,6917.148,4595.100,-52.640,14.963,0.966089,-0.258192,-0.002956,0.258192,0.966094,-0.000197,0.002906,-0.000573,0.999996,0,0.40126,-0.65110,6.619,-0.350,17.744,589.140,-1,585.390,23.830,492.984,490.537,487.487,481.887,-1,-1,-1,-1,-1,976.958,22.263,28.415,1,0,2,0,1,0,0,0,0,2,2,2,2,2,0,1,1
26,6923.995,4595.177,-52.425,14.615,0.967638,-0.252326,-0.002868,0.252326,0.967642,-0.000275,0.002845,-0.000457,0.999996,0,0.40126,-0.65110,6.847,-0.348,8.347,588.742,-1,585.086,22.545,492.096,489.239,486.667,482.405,-1,-1,-1,-1,-1,979.688,22.253,27.697,1,0,2,0,1,0,0,0,0,2,2,2,2,2,0,1,1
27,6931.049,4595.280,-52.274,14.261,0.969178,-0.246344,-0.002855,0.246346,0.969182,0.000201,0.002718,-0.000898,0.999996,0,0.40126,-0.65110,7.055,-0.354,9.164,587.648,-1,584.708,21.886,490.866,487.763,484.609,483.781,-1,-1,-1,-1,-1,982.820,22.247,26.708,1,0,2,0,1,0,0,0,0,2,2,2,2,2,0,1,1
28,6938.286,4595.387,-52.191,13.900,0.970712,-0.240231,-0.002603,0.240234,0.970715,0.000909,0.002308,-0.001507,0.999996,0,0.40126,-0.65110,7.237,-0.361,8.480,585.648,-1,583.498,21.600,488.702,485.744,482.008,485.265,-1,-1,-1,-1,-1,984.489,22.244,25.980,1,0,2,0,1,0,0,0,0,2,2,2,2,2,0,1,1
29,6945.705,4595.462,-52.176,13.531,0.972241,-0.233971,-0.002143,0.233974,0.972241,0.001679,0.001691,-0.002134,0.999996,0,0.40126,-0.65110,7.420,-0.369,17.648,582.621,-1,581.702,21.565,486.036,483.535,479.152,486.580,-1,-1,-1,-1,-1,984.757,22.244,25.666,1,0,2,0,1,0,0,0,0,2,2,2,2,2,0,1,1
30,6953.292,4595.485,-52.218,13.155,0.973757,-0.227586,-0.001549,0.227589,0.973754,0.002409,0.000961,-0.002699,0.999996,0,0.40126,-0.65110,7.587,-0.376,17.654,578.465,-1,579.496,21.675,483.086,481.077,476.239,487.622,-1,-1,-1,-1,-1,984.137,22.246,25.698,1,0,2,0,1,0,0,0,0,2,2,2,2,2,0,1,1
31,6961.077,4595.443,-52.299,12.770,0.975264,-0.221039,-0.001067,0.221042,0.975259,0.003163,0.000342,-0.003320,0.999994,0,0.40126,-0.65110,7.784,-0.385,17.667,574.376,-1,577.441,21.936,480.185,478.692,473.112,488.727,-1,-1,-1,-1,-1,984.155,22.249,25.731,1,0,2,0,1,0,0,0,0,2,2,2,2,2,0,1,1
32,6969.053,4595.340,-52.393,12.376,0.976764,-0.214318,-0.000711,0.214319,0.976756,0.003886,-0.000138,-0.003948,0.999992,0,0.40126,-0.65110,7.977,-0.395,17.654,570.507,-1,575.623,21.673,477.431,476.465,470.570,489.984,-1,-1,-1,-1,-1,984.987,22.245,25.830,1,0,2,0,1,0,0,0,0,2,2,2,2,2,0,1,1
33,6977.162,4595.183,-52.443,11.985,0.978203,-0.207650,-0.000439,0.207649,0.978192,0.004625,-0.000531,-0.004616,0.999989,0,0.40126,-0.65110,8.110,-0.391,17.553,566.898,-1,574.085,19.908,474.866,474.436,468.318,491.475,-1,-1,-1,-1,-1,985.336,22.228,26.761,1,0,2,0,1,0,0,0,0,2,2,2,2,2,0,1,1
34,6985.315,4594.853,-52.416,11.567,0.979692,-0.200508,-0.000103,0.200505,0.979677,0.005601,-0.001022,-0.005508,0.999984,0,0.40126,-0.65110,8.160,-0.418,17.830,563.132,-1,572.974,25.099,472.091,472.469,466.192,493.541,-1,-1,-1,-1,-1,986.266,22.281,25.669,1,0,2,0,1,0,0,0,0,2,2,2,2,2,0,1,1
35,6993.607,4594.585,-52.384,11.169,0.981059,-0.193709,0.000355,0.193704,0.981043,0.005850,-0.001481,-0.005670,0.999983,0,0.40126,-0.65110,8.296,-0.397,17.088,560.430,-1,571.992,15.834,469.386,470.423,465.330,494.282,-1,-1,-1,-1,-1,985.865,22.180,25.655,1,0,2,0,1,0,0,0,0,2,2,2,2,2,0,1,1
36,7002.187,4594.512,-52.396,10.807,0.982263,-0.187508,0.000744,0.187500,0.982248,0.005708,-0.001802,-0.005468,0.999983,0,0.40126,-0.65110,8.580,-0.362,17.125,558.073,-1,570.778,16.011,466.807,468.232,464.976,494.348,-1,-1,-1,-1,-1,985.269,22.182,25.387,1,0,2,0,1,0,0,0,0,2,2,2,2,2,0,1,1
37,7011.047,4594.463,-52.402,10.441,0.983440,-0.181229,0.000977,0.181220,0.983424,0.006089,-0.002065,-0.005811,0.999981,0,0.40126,-0.65110,8.860,-0.366,17.107,554.734,-1,570.037,15.907,464.186,466.124,463.707,495.533,-1,-1,-1,-1,-1,985.884,22.181,25.856,1,0,2,0,1,0,0,0,0,2,2,2,2,2,0,1,1
38,7020.164,4594.400,-52.382,10.061,0.984620,-0.174705,0.001169,0.174692,0.984597,0.007132,-0.002398,-0.006818,0.999974,0,0.40126,-0.65110,9.116,-0.380,17.146,550.612,-1,569.666,16.122,461.370,464.353,461.375,498.085,-1,-1,-1,-1,-1,987.505,22.183,25.005,1,0,2,0,1,0,0,0,0,2,2,2,2,2,0,1,1
39,7029.490,4594.216,-52.353,9.649,0.985848,-0.167633,0.001704,0.167612,0.985814,0.008764,-0.003149,-0.008354,0.999960,0,0.40126,-0.65110,9.328,-0.412,17.461,545.775,-1,568.864,18.691,457.872,462.325,458.149,501.614,-1,-1,-1,-1,997.597,988.074,22.214,21.972,1,0,2,0,1,0,0,0,0,2,2,2,2,0,0,1,1
40,7038.973,4593.847,-52.316,9.203,0.987119,-0.159964,0.002820,0.159927,0.987074,0.010445,-0.004454,-0.009860,0.999941,0,0.40126,-0.65110,9.490,-0.446,17.381,539.885,-1,566.673,17.844,453.609,459.134,455.136,504.992,-1,-1,-1,-1,973.968,985.476,22.204,20.572,1,0,2,0,1,0,0,0,0,2,2,2,2,0,0,1,1
41,7048.625,4593.277,-52.257,8.735,0.988384,-0.151921,0.004131,0.151864,0.988331,0.011784,-0.005873,-0.011019,0.999922,0,0.40126,-0.65110,9.670,-0.468,17.367,534.037,-1,564.039,17.724,449.280,455.796,453.327,507.711,-1,-1,-1,-1,949.282,982.134,22.203,20.171,1,0,2,0,1,0,0,0,0,2,2,2,2,0,0,1,1
42,7058.431,4592.517,-52.156,8.245,0.989639,-0.143485,0.005237,0.143411,0.989583,0.012585,-0.006988,-0.011703,0.999907,0,0.40126,-0.65110,9.835,-0.490,17.624,529.132,-1,561.877,19.272,445.614,452.904,452.493,509.571,-1,-1,-1,-1,928.169,979.940,22.240,19.599,1,0,2,0,1,0,0,0,0,2,2,2,2,0,0,1,1
43,7068.355,4591.499,-52.016,7.724,0.990898,-0.134477,0.006045,0.134389,0.990842,0.013124,-0.007755,-0.012192,0.999896,0,0.40126,-0.65110,9.976,-0.522,17.360,525.055,-1,561.258,17.653,442.755,450.566,452.150,511.037,-1,-1,-1,-1,909.798,979.705,22.202,19.342,1,0,2,0,1,0,0,0,0,2,2,2,2,0,0,1,1
44,7078.406,4590.521,-51.875,7.239,0.991998,-0.126095,0.006388,0.126006,0.991947,0.012815,-0.007952,-0.011907,0.999897,0,0.30150,-0.60825,10.098,-0.484,16.972,521.307,-1,561.480,15.290,440.487,448.848,453.113,511.121,-1,-1,-1,-1,899.548,980.540,22.177,21.739,1,0,2,0,1,0,0,0,0,2,2,2,2,0,0,1,1
45,7088.590,4589.792,-51.736,6.828,0.992876,-0.118967,0.006575,0.118883,0.992837,0.011901,-0.007944,-0.011034,0.999908,0,0.30150,-0.60825,10.210,-0.411,16.524,518.351,-1,561.275,14.044,438.532,447.227,455.017,510.222,-1,-1,-1,-1,892.946,980.629,22.215,22.388,1,0,2,0,1,0,0,0,0,2,2,2,2,0,0,1,1
46,7098.954,4589.214,-51.691,6.459,0.993622,-0.112565,0.006718,0.112485,0.993589,0.011297,-0.007947,-0.010469,0.999914,0,0.30150,-0.60825,10.380,-0.369,16.564,515.071,-1,560.481,14.120,436.310,445.869,456.183,509.785,-1,-1,-1,-1,885.812,978.826,22.208,21.787,1,0,2,0,1,0,0,0,0,2,2,2,2,0,0,1,1
47,7109.454,4588.619,-51.755,6.083,0.994337,-0.106050,0.006925,0.105966,0.994303,0.011567,-0.008112,-0.010768,0.999909,0,0.30150,-0.60825,10.517,-0.376,16.605,510.735,-1,559.643,14.208,433.534,444.403,455.668,510.850,-1,-1,-1,-1,874.112,976.796,22.201,20.617,1,0,2,0,1,0,0,0,0,2,2,2,2,0,0,1,1
48,7120.058,4587.930,-51.920,5.684,0.995046,-0.099144,0.007346,0.099047,0.995003,0.012602,-0.008558,-0.011812,0.999894,0,0.30150,-0.60825,10.626,-0.399,16.715,505.207,-1,558.516,14.462,430.100,442.493,453.801,513.274,-1,-1,-1,-1,858.249,974.744,22.190,18.699,1,0,2,0,1,0,0,0,0,2,2,2,2,0,0,1,1
49,7130.734,4587.059,-52.141,5.256,0.995753,-0.091721,0.007917,0.091603,0.995696,0.014067,-0.009173,-0.013282,0.999870,0,0.30150,-0.60825,10.712,-0.428,16.776,499.368,-1,557.278,14.620,426.298,440.364,451.206,516.344,-1,-1,-1,-1,840.151,972.692,22.185,17.371,1,0,2,0,1,0,0,0,0,2,2,2,2,0,0,1,1
50,7141.434,4586.051,-52.301,4.826,0.996406,-0.084267,0.008566,0.084135,0.996345,0.014780,-0.009780,-0.014006,0.999854,0,0.30150,-0.60825,10.747,-0.430,16.809,494.446,-1,555.980,14.711,423.032,438.273,449.990,518.048,-1,-1,-1,-1,823.955,969.872,22.183,19.828,1,0,2,0,1,0,0,0,0,2,2,2,2,0,0,1,1
51,7152.200,4584.917,-52.394,4.402,0.997000,-0.076889,0.008935,0.076751,0.996939,0.014870,-0.010051,-0.014139,0.999849,0,0.30150,-0.60825,10.826,-0.424,16.692,490.189,-1,556.052,14.419,420.539,436.694,449.938,518.770,-1,-1,-1,-1,811.102,967.880,22.192,20.575,1,0,2,0,1,0,0,0,0,2,2,2,2,0,0,1,1
52,7163.076,4583.790,-52.479,3.997,0.997515,-0.069840,0.009305,0.069702,0.997463,0.014448,-0.010290,-0.013763,0.999852,0,0.30150,-0.60825,10.934,-0.405,16.585,486.481,-1,555.759,14.167,418.143,435.051,450.722,518.515,-1,-1,-1,-1,801.228,965.088,22.206,20.923,1,0,2,0,1,0,0,0,0,2,2,2,2,0,0,1,1
53,7173.994,4582.529,-52.488,3.581,0.997993,-0.062586,0.009637,0.062448,0.997950,0.013973,-0.010491,-0.013343,0.999856,0,0.30150,-0.60825,10.991,-0.417,16.861,483.028,-1,555.811,14.886,415.963,433.532,451.797,518.371,-1,-1,-1,-1,792.518,962.278,22.179,21.389,1,0,2,0,1,0,0,0,0,2,2,2,2,0,0,1,1
54,7184.947,4581.095,-52.416,3.145,0.998440,-0.054993,0.009630,0.054854,0.998395,0.014111,-0.010390,-0.013560,0.999854,0,0.30150,-0.60825,11.047,-0.436,16.676,479.909,-1,556.731,14.371,414.264,432.950,452.112,519.773,-1,-1,-1,-1,783.453,961.019,22.194,22.800,1,0,2,0,1,0,0,0,0,2,2,2,2,0,0,1,1
55,7196.035,4579.727,-52.349,2.732,0.998814,-0.047793,0.009325,0.047658,0.998763,0.014168,-0.009991,-0.013707,0.999856,0,0.30150,-0.60825,11.172,-0.413,16.735,477.306,-1,557.983,14.515,412.901,432.605,452.558,521.059,-1,-1,-1,-1,775.650,960.587,22.187,21.906,1,0,2,0,1,0,0,0,0,2,2,2,2,0,0,1,1
56,7207.165,4578.209,-52.276,2.294,0.999151,-0.040168,0.009104,0.040030,0.999087,0.014902,-0.009694,-0.014525,0.999848,0,0.30150,-0.60825,11.233,-0.438,17.341,474.186,-1,559.632,17.504,411.060,432.290,451.988,523.596,-1,-1,-1,-1,766.176,960.865,22.198,18.830,1,0,2,0,1,0,0,0,0,2,2,2,2,0,0,1,1
57,7218.068,4576.244,-52.143,1.761,0.999478,-0.030886,0.009489,0.030727,0.999391,0.016520,-0.009993,-0.016220,0.999819,0,0.30150,-0.60825,11.079,-0.533,18.388,469.391,-1,562.329,10.018,408.986,431.661,450.217,527.741,-1,-1,-1,-1,752.145,961.111,22.431,10.398,1,0,2,0,1,0,0,0,0,2,2,2,2,0,0,1,1
58,7228.629,4573.809,-51.986,1.142,0.999741,-0.020120,0.010652,0.019923,0.999634,0.018307,-0.011016,-0.018090,0.999776,0,0.30150,-0.60825,10.838,-0.619,17.686,463.335,-1,564.587,-1,406.370,430.373,448.264,531.980,-1,-1,-1,-1,734.262,959.191,22.252,-1,1,0,2,0,2,0,0,0,0,2,2,2,2,0,0,1,2
59,7239.255,4571.358,-51.906,0.580,0.999881,-0.010330,0.011482,0.010122,0.999786,0.018047,-0.011666,-0.017928,0.999771,0,0.30150,-0.60825,10.905,-0.562,18.105,458.798,-1,565.665,-1,404.331,429.044,449.351,532.026,-1,-1,-1,-1,721.246,954.304,22.348,-1,1,0,2,0,2,0,0,0,0,2,2,2,2,0,0,1,2
60,7249.871,4568.683,-51.922,0.014,0.999930,-0.000449,0.011794,0.000247,0.999853,0.017160,-0.011800,-0.017156,0.999783,0,0.30150,-0.60825,10.948,-0.566,18.149,455.171,-1,566.361,11.496,402.901,428.939,451.264,530.595,-1,-1,-1,-1,714.173,949.869,22.360,11.858,1,0,2,0,1,0,0,0,0,2,2,2,2,0,0,1,1
61,7260.453,4565.843,-52.005,-0.554,0.999889,0.009477,0.011526,-0.009660,0.999827,0.015895,-0.011374,-0.016005,0.999807,0,0.30150,-0.60825,10.956,-0.568,18.157,452.613,-1,567.664,14.551,402.155,429.764,453.702,528.421,-1,-1,-1,-1,712.733,946.874,22.363,15.011,1,0,2,0,1,0,0,0,0,2,2,2,2,0,0,1,1
62,7270.802,4562.771,-52.039,-1.139,0.999744,0.019721,0.011052,-0.019879,0.999699,0.014388,-0.010765,-0.014604,0.999835,0,0.30150,-0.60825,10.795,-0.586,18.352,451.892,-1,569.752,15.839,401.876,431.045,456.721,525.816,-1,-1,-1,-1,712.639,944.642,22.419,16.424,1,0,2,0,1,0,0,0,0,2,2,2,2,0,0,1,1
63,7280.890,4559.572,-51.998,-1.704,0.999510,0.029614,0.010168,-0.029742,0.999477,0.012665,-0.009788,-0.012961,0.999868,0,0.30150,-0.60825,10.584,-0.565,18.361,452.468,-1,573.845,18.527,403.206,433.002,460.386,522.997,-1,-1,-1,-1,714.981,943.781,22.421,19.214,1,0,2,0,1,0,0,0,0,2,2,2,2,0,0,1,1
64,7290.750,4556.286,-51.881,-2.264,0.999184,0.039404,0.008877,-0.039503,0.999155,0.011305,-0.008425,-0.011646,0.999897,0,0.30150,-0.60825,10.394,-0.560,18.453,453.551,-1,579.464,18.372,405.372,435.723,463.784,521.112,-1,-1,-1,-1,719.049,945.183,22.452,19.100,1,0,2,0,1,0,0,0,0,2,2,2,2,0,0,1,1
65,7302.225,4552.204,-51.655,-2.961,0.998642,0.051582,0.007262,-0.051655,0.998613,0.010241,-0.006723,-0.010602,0.999921,0,0.30150,-0.60825,12.179,-0.697,18.679,455.052,-1,586.177,15.091,408.331,439.414,467.269,520.072,-1,-1,-1,-1,724.153,948.031,22.527,15.782,1,0,2,0,1,0,0,0,0,2,2,2,2,0,0,1,1
66,7309.670,4549.346,-51.455,-3.452,0.998170,0.060148,0.006152,-0.060207,0.998137,0.009846,-0.005548,-0.010198,0.999933,0,0.30150,-0.60825,7.975,-0.491,18.662,456.199,-1,591.008,9.504,410.353,442.592,469.282,520.009,-1,-1,-1,-1,727.533,949.292,22.521,9.935,1,0,2,0,1,0,0,0,0,2,2,2,2,0,0,1,1
67,7318.807,4545.633,-51.206,-4.086,0.997450,0.071206,0.004884,-0.071250,0.997412,0.009601,-0.004188,-0.009924,0.999942,0,0.30150,-0.60825,9.863,-0.634,18.344,457.663,-1,597.686,-1,412.539,446.246,471.446,520.297,-1,-1,-1,-1,730.918,949.584,22.417,-1,1,0,2,0,2,0,0,0,0,2,2,2,2,0,0,1,2
68,7327.963,4542.055,-51.010,-4.670,0.996676,0.081397,0.003505,-0.081424,0.996643,0.008556,-0.002797,-0.008813,0.999957,0,0.25309,-0.79680,9.830,-0.585,18.343,459.938,-1,603.572,-1,415.539,449.579,474.802,518.895,-1,-1,-1,-1,736.551,948.957,22.416,-1,1,0,2,0,2,0,0,0,0,2,2,2,2,0,0,1,2
69,7336.971,4538.466,-50.754,-5.230,0.995837,0.091133,0.002077,-0.091146,0.995811,0.007274,-0.001406,-0.007433,0.999971,0,0.25309,-0.79680,9.696,-0.559,18.745,462.510,-1,606.654,-1,418.874,452.982,478.688,517.176,-1,-1,-1,-1,749.311,948.309,22.551,-1,1,0,2,0,2,0,0,0,0,2,2,2,2,0,0,1,2
70,7345.627,4534.630,-50.466,-5.836,0.994817,0.101672,0.001172,-0.101678,0.994794,0.006848,-0.000469,-0.006931,0.999976,0,0.25309,-0.79680,9.468,-0.606,18.595,464.243,-1,609.595,-1,421.350,456.267,481.154,517.056,-1,-1,-1,-1,760.133,947.451,22.499,-1,1,0,2,0,2,0,0,0,0,2,2,2,2,0,0,1,2
71,7354.129,4530.803,-50.202,-6.429,0.993711,0.111976,0.000330,-0.111976,0.993692,0.006153,0.000361,-0.006151,0.999981,0,0.25309,-0.79680,9.324,-0.593,18.607,465.941,-1,612.036,-1,423.695,460.353,484.032,516.317,-1,-1,-1,-1,770.886,946.142,22.503,-1,1,0,2,0,2,0,0,0,0,2,2,2,2,0,0,1,2
72,7362.468,4526.955,-49.930,-7.014,0.992516,0.122116,-0.000558,-0.122111,0.992500,0.005618,0.001240,-0.005508,0.999984,0,0.25309,-0.79680,9.184,-0.585,18.670,468.172,-1,614.815,-1,426.148,464.589,486.724,515.868,-1,-1,-1,-1,779.592,945.590,22.523,-1,1,0,2,0,2,0,0,0,0,2,2,2,2,0,0,1,2
73,7370.702,4523.170,-49.691,-7.565,0.991293,0.131665,-0.001484,-0.131656,0.991282,0.005172,0.002152,-0.004931,0.999986,0,0.25309,-0.79680,9.062,-0.551,18.538,471.156,-1,617.685,-1,429.273,468.732,489.220,515.481,-1,-1,-1,-1,787.325,945.194,22.479,-1,1,0,2,0,2,0,0,0,0,2,2,2,2,0,0,1,2
74,7378.822,4519.415,-49.490,-8.119,0.989973,0.141237,-0.002281,-0.141224,0.989965,0.004921,0.002953,-0.004549,0.999985,0,0.25309,-0.79680,8.947,-0.553,18.704,473.839,-1,620.371,-1,432.562,472.682,491.087,515.347,-1,-1,-1,-1,795.628,943.364,22.536,-1,1,0,2,0,2,0,0,0,0,2,2,2,2,0,0,1,2
75,7386.699,4515.497,-49.268,-8.700,0.988486,0.151282,-0.003069,-0.151265,0.988480,0.005151,0.003813,-0.004628,0.999982,0,0.25309,-0.79680,8.798,-0.582,18.666,476.646,-1,623.740,-1,436.117,476.801,492.094,516.091,-1,-1,-1,-1,804.683,942.308,22.522,-1,1,0,2,0,2,0,0,0,0,2,2,2,2,0,0,1,2
76,7394.268,4511.306,-48.963,-9.330,0.986757,0.162146,-0.004485,-0.162120,0.986755,0.005532,0.005322,-0.004732,0.999975,0,0.25309,-0.79680,8.651,-0.630,18.656,481.026,-1,629.151,-1,441.115,482.204,493.361,517.047,-1,-1,-1,-1,814.333,943.860,22.519,-1,1,0,2,0,2,0,0,0,0,2,2,2,2,0,0,1,2
77,7401.721,4506.894,-48.634,-9.989,0.984814,0.173486,-0.006665,-0.173448,0.984825,0.005947,0.007595,-0.004701,0.999960,0,0.25309,-0.79680,8.661,-0.659,18.476,487.383,-1,633.874,-1,447.144,488.757,494.928,517.820,-1,-1,-1,-1,828.637,948.054,22.459,-1,1,0,2,0,2,0,0,0,0,2,2,2,2,0,0,1,2
78,7409.186,4502.383,-48.340,-10.649,0.982727,0.184832,-0.009260,-0.184779,0.982760,0.006308,0.010267,-0.004488,0.999937,0,0.25309,-0.79680,8.722,-0.660,18.431,495.047,-1,637.585,-1,454.492,496.008,496.797,518.190,-1,-1,-1,-1,848.866,954.722,22.444,-1,1,0,2,0,2,0,0,0,0,2,2,2,2,0,0,1,2
79,7416.647,4497.773,-48.052,-11.309,0.980504,0.196145,-0.011822,-0.196076,0.980566,0.006730,0.012912,-0.004281,0.999907,0,0.25309,-0.79680,8.771,-0.660,18.535,502.828,-1,641.135,-1,461.796,503.342,498.665,518.552,-1,-1,-1,-1,865.231,961.461,22.479,-1,1,0,2,0,2,0,0,0,0,2,2,2,2,0,0,1,2
80,7424.021,4493.046,-47.722,-11.978,0.978111,0.207604,-0.014141,-0.207519,0.978204,0.007259,0.015339,-0.004165,0.999874,0,0.25309,-0.79680,8.758,-0.670,18.506,510.504,-1,643.741,-1,468.867,510.805,499.389,519.153,-1,-1,-1,-1,883.232,967.160,22.468,-1,1,0,2,0,2,0,0,0,0,2,2,2,2,0,0,1,2
81,7431.349,4488.259,-47.326,-12.638,0.975620,0.218851,-0.016407,-0.218751,0.975751,0.007681,0.017690,-0.003905,0.999836,0,0.25309,-0.79680,8.754,-0.659,18.704,518.830,-1,646.323,-1,476.089,518.807,500.355,519.623,-1,-1,-1,-1,900.292,972.193,22.536,-1,1,0,2,0,2,0,0,0,0,2,2,2,2,0,0,1,2
82,7438.473,4483.300,-46.846,-13.329,0.972873,0.230609,-0.018365,-0.230490,0.973038,0.008408,0.019809,-0.003947,0.999796,0,0.25309,-0.79680,8.680,-0.691,18.664,527.086,-1,648.925,-1,483.922,526.941,500.971,520.763,-1,-1,-1,-1,911.463,977.990,22.522,-1,1,0,2,0,2,0,0,0,0,2,2,2,2,0,0,1,2
83,7445.450,4478.229,-46.314,-14.031,0.969933,0.242535,-0.020179,-0.242394,0.970134,0.009206,0.021809,-0.004038,0.999754,0,0.25382,-0.79680,8.625,-0.703,18.381,535.619,-1,651.576,-1,492.180,535.200,501.646,522.070,-1,-1,-1,-1,922.461,984.448,22.428,-1,1,0,2,0,2,0,0,0,0,2,2,2,2,0,0,1,2
84,7452.512,4473.180,-45.813,-14.700,0.966994,0.253840,-0.022072,-0.253680,0.967238,0.009825,0.023843,-0.003902,0.999708,0,0.25508,-0.79680,8.681,-0.668,18.372,544.259,-1,653.652,-1,500.435,541.308,503.267,522.956,-1,-1,-1,-1,934.053,990.743,22.425,-1,1,0,2,0,2,0,0,0,0,2,2,2,2,0,0,1,2
85,7459.561,4468.023,-45.404,-15.390,0.963829,0.265503,-0.023261,-0.265308,0.964099,0.011175,0.025393,-0.004599,0.999667,0,0.25626,-0.79680,8.734,-0.691,18.185,550.906,-1,654.350,-1,507.527,546.008,501.796,525.095,-1,-1,-1,-1,941.282,995.911,22.370,-1,1,0,2,0,2,0,0,0,0,2,2,2,2,0,0,1,2
86,7466.733,4462.870,-45.106,-16.051,0.960670,0.276626,-0.024303,-0.276395,0.960963,0.012489,0.026810,-0.005281,0.999627,0,0.25749,-0.79680,8.831,-0.661,18.425,556.402,-1,654.590,-1,512.794,549.551,499.286,526.989,-1,-1,-1,-1,947.388,999.199,22.442,-1,1,0,2,0,2,0,0,0,0,2,2,2,2,0,0,1,2
87,7473.903,4457.639,-44.888,-16.710,0.957399,0.287690,-0.024934,-0.287421,0.957704,0.013853,0.027864,-0.006097,0.999593,0,0.25865,-0.79680,8.875,-0.659,18.667,560.995,-1,654.080,-1,516.920,551.879,497.014,528.892,-1,-1,-1,-1,950.995,1001.926,22.522,-1,1,0,2,0,2,0,0,0,0,2,2,2,2,0,0,1,2
88,7480.974,4452.306,-44.700,-17.369,0.954007,0.298699,-0.025507,-0.298398,0.954324,0.014966,0.028812,-0.006667,0.999563,0,0.25980,-0.79680,8.857,-0.659,18.656,565.560,-1,653.199,-1,520.932,553.995,495.308,530.073,-1,-1,-1,-1,951.494,1004.123,22.520,-1,1,0,2,0,2,0,0,0,0,2,2,2,2,0,0,1,2
89,7487.838,4446.843,-44.456,-18.047,0.950378,0.309990,-0.026218,-0.309664,0.950715,0.015806,0.029825,-0.006903,0.999531,0,0.26095,-0.79680,8.772,-0.678,18.652,570.683,-1,652.422,-1,525.442,556.419,494.384,530.688,-1,-1,-1,-1,951.953,1006.513,22.518,-1,1,0,2,0,2,0,0,0,0,2,2,2,2,0,0,1,2
90,7494.613,4441.221,-44.201,-18.745,0.946509,0.321561,-0.026827,-0.321207,0.946862,0.016713,0.030776,-0.007202,0.999500,0,0.26215,-0.79680,8.803,-0.698,18.461,575.662,-1,651.610,-1,530.051,558.700,491.542,531.387,-1,-1,-1,-1,952.992,-1,22.453,-1,1,0,2,0,2,0,0,0,0,2,2,2,2,0,2,1,2
91,7501.423,4435.510,-44.014,-19.436,0.942544,0.332974,-0.027193,-0.332591,0.942905,0.017722,0.031541,-0.007659,0.999473,0,0.26340,-0.79680,8.888,-0.691,18.543,580.084,-1,650.578,-1,533.458,559.911,487.962,532.211,-1,-1,-1,-1,954.606,-1,22.481,-1,1,0,2,0,2,0,0,0,0,2,2,2,2,0,2,1,2
92,7509.545,4428.411,-43.910,-20.293,0.937443,0.347074,-0.027195,-0.346645,0.937798,0.019307,0.032204,-0.008672,0.999444,0,0.26463,-0.79680,10.787,-0.857,18.616,584.573,-1,648.685,-1,537.021,558.221,483.475,533.695,-1,-1,-1,-1,951.517,-1,22.506,-1,1,0,2,0,2,0,0,0,0,2,2,2,2,0,2,1,2
93,7514.945,4423.563,-43.885,-20.866,0.933916,0.356439,-0.027415,-0.355987,0.934276,0.020062,0.032764,-0.008977,0.999423,0,0.26617,-0.79680,7.257,-0.572,18.565,588.018,-1,647.226,-1,539.346,557.158,481.255,533.904,-1,-1,-1,-1,949.572,-1,22.488,-1,1,0,2,0,2,0,0,0,0,2,2,2,2,0,2,1,2
94,7521.690,4417.424,-43.855,-21.564,0.929480,0.367790,-0.028251,-0.367329,0.929871,0.020253,0.033719,-0.008447,0.999396,0,0.26720,-0.79680,9.120,-0.698,18.671,591.400,-1,645.370,-1,541.111,556.120,479.357,532.493,-1,-1,-1,-1,949.613,-1,22.526,-1,1,0,2,0,2,0,0,0,0,2,2,2,2,0,2,1,2
95,7528.235,4411.133,-43.788,-22.281,0.924789,0.379384,-0.028853,-0.378929,0.925208,0.020089,0.034316,-0.007645,0.999382,0,0.26844,-0.79680,9.078,-0.717,18.489,594.535,-1,642.799,-1,542.527,554.614,476.518,530.546,-1,-1,-1,-1,948.786,-1,22.463,-1,1,0,2,0,2,0,0,0,0,2,2,2,2,0,2,1,2
96,7534.756,4404.569,-43.714,-23.033,0.919720,0.391480,-0.029304,-0.391019,0.920158,0.020307,0.034914,-0.007219,0.999364,0,0.52500,-0.49287,9.253,-0.752,18.609,597.814,-1,640.452,-1,543.709,553.180,472.830,529.258,-1,-1,-1,-1,948.964,-1,22.503,-1,1,0,2,0,2,0,0,0,0,2,2,2,2,0,2,1,2
97,7541.495,4397.720,-43.646,-23.794,0.914411,0.403673,-0.030009,-0.403184,0.914875,0.021134,0.035985,-0.007227,0.999326,0,0.52766,-0.49287,9.608,-0.761,18.694,602.307,-1,639.190,-1,545.612,552.556,469.481,528.862,-1,-1,-1,-1,948.504,-1,22.532,-1,1,0,2,0,2,0,0,0,0,2,2,2,2,0,2,1,2
98,7548.315,4390.478,-43.605,-24.623,0.908450,0.416917,-0.029977,-0.416360,0.908904,0.023198,0.036918,-0.008593,0.999281,0,0.53034,-0.49287,9.948,-0.829,18.611,604.714,-1,638.360,-1,547.218,551.857,463.395,530.806,-1,-1,-1,-1,945.664,-1,22.504,-1,1,0,2,0,2,0,0,0,0,2,2,2,2,0,2,1,2
99,7555.388,4382.931,-43.620,-25.466,0.902188,0.430309,-0.029841,-0.429674,0.902624,0.025491,0.037904,-0.010176,0.999230,0,0.53330,-0.49287,10.344,-0.844,18.396,606.609,-1,637.572,-1,548.802,549.975,454.706,533.049,-1,-1,-1,-1,942.546,-1,22.434,-1,1,0,2,0,2,0,0,0,0,2,2,2,2,0,2,1,2
100,7562.646,4375.098,-43.666,-26.313,0.895719,0.443629,-0.029685,-0.442936,0.896140,0.027210,0.038673,-0.011224,0.999189,0,0.53630,-0.49287,10.679,-0.846,18.687,608.391,-1,635.952,-1,547.536,547.394,446.957,534.207,-1,-1,-1,-1,939.324,-1,22.530,-1,1,0,2,0,2,0,0,0,0,2,2,2,2,0,2,1,2
101,7569.876,4366.899,-43.680,-27.191,0.888806,0.457328,-0.029599,-0.456598,0.889222,0.028337,0.039279,-0.011672,0.999160,0,0.53928,-0.49287,10.931,-0.878,18.660,610.517,-1,633.451,-1,545.241,544.515,441.281,534.209,-1,-1,-1,-1,936.115,-1,22.521,-1,1,0,2,0,2,0,0,0,0,2,2,2,2,0,2,1,2
102,7577.228,4358.388,-43.726,-28.074,0.881661,0.470982,-0.029165,-0.470253,0.882068,0.028593,0.039192,-0.011494,0.999166,0,0.54240,-0.49287,11.247,-0.884,18.541,609.966,-1,629.043,-1,541.879,540.405,435.233,532.875,-1,-1,-1,-1,931.047,-1,22.480,-1,1,0,2,0,2,0,0,0,0,2,2,2,2,0,2,1,2
103,7584.612,4349.541,-43.825,-28.983,0.874131,0.484893,-0.027813,-0.484202,0.874502,0.028168,0.037981,-0.011155,0.999216,0,0.54552,-0.49287,11.524,-0.909,18.566,606.627,-1,622.145,-1,536.681,534.469,429.200,530.927,-1,-1,-1,-1,921.982,-1,22.488,-1,1,0,2,0,2,0,0,0,0,2,2,2,2,0,2,1,2
104,7592.131,4340.439,-43.964,-29.887,0.866446,0.498587,-0.026131,-0.497959,0.866776,0.027117,0.036170,-0.010483,0.999291,0,0.54873,-0.49287,11.806,-0.903,18.395,602.321,-1,613.789,-1,530.539,527.571,425.179,528.243,-1,-1,-1,-1,911.126,-1,22.432,-1,1,0,2,0,2,0,0,0,0,2,2,2,2,0,2,1,2
105,7599.655,4330.995,-44.174,-30.828,0.858225,0.512743,-0.023355,-0.512183,0.858479,0.026135,0.033451,-0.010468,0.999386,0,0.55191,-0.49287,12.075,-0.942,18.656,596.019,-1,603.962,-1,522.828,519.371,419.834,526.443,-1,-1,-1,-1,895.399,-1,22.519,-1,1,0,2,0,2,0,0,0,0,2,2,2,2,0,2,1,2
106,7607.257,4321.199,-44.419,-31.771,0.849750,0.526762,-0.021133,-0.526273,0.849955,0.024749,0.030999,-0.009909,0.999470,0,0.55524,-0.49287,12.400,-0.943,18.358,590.526,-1,594.323,-1,515.008,511.220,414.443,523.613,-1,-1,-1,-1,881.843,-1,22.422,-1,1,0,2,0,2,0,0,0,0,2,2,2,2,0,2,1,2
107,7615.033,4311.019,-44.811,-32.712,0.841046,0.540618,-0.019336,-0.540196,0.841220,0.023193,0.028805,-0.009061,0.999544,0,0.55855,-0.49287,12.810,-0.941,18.392,583.540,-1,584.714,-1,506.624,502.935,409.096,519.978,-1,-1,-1,-1,869.336,1002.970,22.433,-1,1,0,2,0,2,0,0,0,0,2,2,2,2,0,0,1,2
108,7622.984,4300.490,-45.407,-33.647,0.832179,0.554225,-0.017695,-0.553872,0.832329,0.021301,0.026534,-0.007926,0.999617,0,0.56183,-0.48830,13.193,-0.934,18.458,574.768,-1,574.744,-1,497.868,493.826,403.681,515.387,-1,-1,-1,-1,856.419,991.564,22.453,-1,1,0,2,0,2,0,0,0,0,2,2,2,2,0,0,1,2
109,7630.916,4289.561,-46.173,-34.621,0.822700,0.568265,-0.015484,-0.567982,0.822816,0.019258,0.023684,-0.007049,0.999695,0,0.56504,-0.48112,13.504,-0.974,18.484,564.638,-1,563.855,-1,488.075,483.602,399.385,510.741,-1,-1,-1,-1,840.107,976.943,22.462,-1,1,0,2,0,2,0,0,0,0,2,2,2,2,0,0,1,2
110,7638.835,4278.285,-46.994,-35.584,0.813095,0.581976,-0.013446,-0.581771,0.813188,0.016374,0.020464,-0.005491,0.999776,0,0.56842,-0.47357,13.779,-0.963,18.519,554.285,-1,551.869,-1,477.872,472.763,397.308,504.779,-1,-1,-1,-1,822.970,957.914,22.472,-1,1,0,2,0,2,0,0,0,0,2,2,2,2,0,0,1,2
111,7646.539,4266.622,-47.742,-36.582,0.802891,0.596013,-0.011632,-0.595888,0.802969,0.012593,0.016846,-0.003180,0.999853,0,0.57174,-0.46616,13.977,-0.998,18.159,544.027,-1,539.119,-1,467.496,461.523,396.448,497.625,-1,-1,-1,-1,806.048,935.986,22.363,-1,1,0,2,0,2,0,0,0,0,2,2,2,2,0,0,1,2
112,7654.368,4254.675,-48.475,-37.575,0.792495,0.609797,-0.009953,-0.609751,0.792557,0.007511,0.012468,0.000117,0.999922,0,0.57522,-0.45840,14.284,-0.993,17.950,532.412,-1,524.693,-1,456.386,449.272,397.065,488.907,-1,-1,-1,-1,788.106,907.322,22.309,-1,1,0,2,0,2,0,0,0,0,2,2,2,2,0,0,1,2
113,7662.527,4242.492,-49.080,-38.490,0.782691,0.622350,-0.008645,-0.622361,0.782728,0.001706,0.007828,0.004045,0.999961,0,0.57864,-0.45075,14.663,-0.915,17.660,520.073,-1,509.938,21.056,445.199,437.253,399.771,479.801,-1,-1,-1,-1,770.007,875.895,22.246,21.435,1,0,2,0,1,0,0,0,0,2,2,2,2,0,0,1,1
114,7671.288,4230.068,-49.317,-39.334,0.773453,0.633805,-0.007834,-0.633832,0.773469,-0.001306,0.005232,0.005975,0.999968,0,0.58168,-0.44396,15.201,-0.844,17.449,510.884,-1,500.728,18.554,436.974,429.210,400.812,475.495,-1,-1,-1,-1,756.114,863.454,22.213,28.858,1,0,2,0,1,0,0,0,0,2,2,2,2,0,0,1,1
115,7680.639,4217.468,-49.071,-40.116,0.764727,0.644312,-0.007449,-0.644335,0.764743,-0.001065,0.005011,0.005614,0.999972,0,0.58433,-0.43804,15.692,-0.782,17.204,505.466,-1,497.644,16.465,432.253,425.575,400.188,476.614,-1,-1,-1,-1,749.814,872.488,22.187,32.174,1,0,2,0,1,0,0,0,0,2,2,2,2,0,0,1,1
116,7690.549,4204.644,-48.589,-40.838,0.756542,0.653910,-0.006800,-0.653917,0.756565,0.001447,0.006091,0.003352,0.999976,0,0.58665,-0.43288,16.207,-0.722,16.962,501.515,-1,498.058,15.250,429.235,424.260,399.283,481.785,-1,-1,-1,-1,746.354,894.617,22.178,30.999,1,0,2,0,1,0,0,0,0,2,2,2,2,0,0,1,1
117,7700.751,4191.629,-48.011,-41.528,0.748610,0.662989,-0.005292,-0.662977,0.748629,0.004043,0.006642,0.000482,0.999978,0,0.58862,-0.42846,16.536,-0.690,8.413,496.601,-1,498.505,15.214,425.743,422.057,397.995,488.309,-1,-1,-1,-1,740.740,916.026,22.179,28.409,1,0,2,0,1,0,0,0,0,2,2,2,2,0,0,1,1
118,7711.039,4178.327,-47.445,-42.212,0.740651,0.671883,-0.003104,-0.671859,0.740653,0.006158,0.006437,-0.002475,0.999976,0,0.59042,-0.42445,16.816,-0.683,11.299,489.789,-1,498.917,15.849,421.287,418.823,396.591,494.966,-1,-1,-1,-1,732.520,932.686,8.631,25.663,1,0,2,0,1,0,0,0,0,2,2,2,2,0,0,1,1
119,7721.106,4164.585,-46.962,-42.941,0.732044,0.681258,-0.000197,-0.681234,0.732020,0.008163,0.005705,-0.005841,0.999967,0,0.59216,-0.42056,17.036,-0.729,17.621,481.790,-1,498.532,21.082,415.929,414.797,394.969,501.664,-1,-1,-1,-1,720.982,947.409,22.239,24.168,1,0,2,0,1,0,0,0,0,2,2,2,2,0,0,1,1
120,7730.913,4150.436,-46.560,-43.724,0.722669,0.691190,0.002578,-0.691178,0.722621,0.009554,0.004741,-0.008686,0.999951,0,0.59410,-0.41622,17.215,-0.783,8.697,474.154,-1,497.387,19.369,410.080,410.911,394.619,507.046,-1,-1,-1,-1,709.534,959.719,22.223,25.800,1,0,2,0,1,0,0,0,0,2,2,2,2,0,0,1,1
121,7740.672,4136.047,-46.190,-44.494,0.713323,0.700823,0.004229,-0.700829,0.713276,0.008704,0.003083,-0.009173,0.999953,0,0.59629,-0.41135,17.386,-0.770,12.692,466.637,-1,493.506,24.413,403.664,405.901,397.005,508.293,-1,-1,-1,-1,698.981,960.954,9.303,27.168,1,0,2,0,1,0,0,0,0,2,2,2,2,0,0,1,1
122,7750.190,4121.169,-45.923,-45.294,0.703470,0.710705,0.005316,-0.710723,0.703430,0.007692,0.001727,-0.009189,0.999956,0,0.59840,-0.40663,17.662,-0.800,14.464,459.638,-1,489.781,24.771,397.506,401.052,399.936,508.423,-1,-1,-1,-1,689.756,963.391,10.593,29.318,1,0,2,0,1,0,0,0,0,2,2,2,2,0,0,1,1
123,7759.245,4105.931,-45.733,-46.129,0.693032,0.720882,0.006015,-0.720906,0.692994,0.007302,0.001096,-0.009396,0.999955,0,0.31025,-0.74643,17.726,-0.836,17.557,453.368,-1,487.496,19.924,392.240,396.873,403.628,508.752,-1,-1,-1,-1,682.657,972.107,22.229,32.197,1,0,2,0,1,0,0,0,0,2,2,2,2,0,0,1,1
124,7768.084,4090.796,-45.486,-46.922,0.682993,0.730411,0.004591,-0.730424,0.682966,0.006178,0.001377,-0.007573,0.999970,0,0.31150,-0.74103,17.527,-0.793,17.437,449.163,-1,488.054,18.411,388.663,393.637,410.034,506.065,-1,-1,-1,-1,680.120,978.960,22.211,35.185,1,0,2,0,1,0,0,0,0,2,2,2,2,0,0,1,1
125,7776.616,4075.720,-45.097,-47.705,0.672949,0.739687,0.001592,-0.739686,0.672938,0.004349,0.002145,-0.004104,0.999989,0,0.31266,-0.73603,17.322,-0.783,17.375,447.122,-1,489.608,17.780,386.277,391.125,418.998,501.023,-1,-1,-1,-1,681.589,985.330,22.204,35.808,1,0,2,0,1,0,0,0,0,2,2,2,2,0,0,1,1
126,7784.880,4060.566,-44.591,-48.479,0.662890,0.748714,-0.002060,-0.748707,0.662892,0.003436,0.003938,-0.000735,0.999992,0,0.31380,-0.73108,17.261,-0.774,17.228,447.413,-1,493.799,16.624,385.707,391.259,427.203,496.590,-1,-1,-1,-1,688.531,999.472,22.188,36.649,1,0,2,0,1,0,0,0,0,2,2,2,2,0,0,1,1
127,7793.026,4045.359,-43.988,-49.243,0.652840,0.757471,-0.006116,-0.757463,0.652866,0.004079,0.007082,0.001970,0.999973,0,0.31493,-0.72620,17.251,-0.764,17.097,449.735,-1,501.692,15.853,386.935,394.524,434.963,493.684,-1,-1,-1,-1,700.180,-1,22.180,36.418,1,0,2,0,1,0,0,0,0,2,2,2,2,0,2,1,1
128,7801.159,4030.141,-43.339,-49.973,0.643113,0.765704,-0.010141,-0.765693,0.643180,0.005779,0.010947,0.004048,0.999932,0,0.31603,-0.72143,17.256,-0.730,9.852,453.022,-1,511.782,15.216,389.241,398.970,442.641,492.070,-1,-1,-1,-1,716.641,977.816,22.177,35.821,1,0,2,0,1,0,0,0,0,2,2,2,2,0,1,1,1
129,7809.179,4015.000,-42.559,-50.675,0.633646,0.773500,-0.013815,-0.773481,0.633771,0.007888,0.014857,0.005687,0.999873,0,0.31705,-0.71702,17.134,-0.702,11.580,456.932,-1,524.741,14.369,392.026,403.850,449.171,491.520,-1,-1,-1,-1,734.596,927.507,9.057,36.090,1,0,2,0,1,0,0,0,0,2,2,2,2,0,1,1,1
130,7817.252,3999.918,-41.744,-51.327,0.624763,0.780622,-0.017343,-0.780593,0.624960,0.009927,0.018588,0.007336,0.999800,0,0.31801,-0.71288,17.107,-0.652,13.978,461.285,-1,537.300,14.492,394.703,408.565,455.638,491.118,-1,-1,-1,-1,752.423,883.267,10.903,33.804,1,0,2,0,1,0,0,0,0,2,2,2,2,0,1,1,1
131,7825.181,3984.787,-40.951,-51.978,0.615811,0.787643,-0.019889,-0.787572,0.616085,0.013038,0.022522,0.007635,0.999717,0,0.31885,-0.70927,17.082,-0.650,8.167,465.367,-1,551.729,14.176,399.591,415.266,460.386,492.823,-1,-1,-1,-1,773.479,841.419,22.204,33.706,1,0,2,0,1,0,0,0,0,2,2,2,2,0,1,1,1
132,7833.046,3969.656,-40.173,-52.614,0.606960,0.794426,-0.022063,-0.794284,0.607316,0.016752,0.026707,0.007357,0.999616,0,0.31968,-0.70568,17.053,-0.637,16.574,469.653,-1,568.226,14.143,404.932,424.264,463.301,495.344,-1,-1,-1,-1,796.577,814.481,22.206,30.880,1,0,2,0,1,0,0,0,0,2,2,2,2,0,1,1,1
133,7840.830,3954.603,-39.417,-53.239,0.598212,0.800980,-0.023950,-0.800778,0.598644,0.019499,0.029956,0.007514,0.999523,0,0.32047,-0.70223,16.947,-0.624,17.151,474.412,-1,581.951,16.154,409.186,432.361,465.509,496.567,-1,-1,-1,-1,815.129,789.587,22.183,26.512,1,0,2,0,1,0,0,0,0,2,2,2,2,0,1,1,1
134,7848.108,3939.526,-38.678,-53.908,0.588769,0.807908,-0.025222,-0.807652,0.589260,0.021686,0.032382,0.007603,0.999447,0,0.32124,-0.69891,16.741,-0.670,18.300,478.435,-1,594.003,21.999,412.414,439.399,468.119,497.843,-1,-1,-1,-1,832.023,764.122,22.404,22.781,1,0,2,0,1,0,0,0,0,2,2,2,2,0,1,1,1
135,7854.124,3924.455,-37.977,-54.736,0.577009,0.816369,-0.024535,-0.816023,0.577501,0.024470,0.034146,0.005902,0.999399,0,0.32213,-0.69506,16.228,-0.828,18.724,480.741,-1,606.927,19.638,415.312,446.351,468.488,501.357,-1,-1,-1,-1,844.409,736.031,22.542,20.560,1,0,2,0,1,0,0,0,0,2,2,2,2,0,1,1,1
136,7859.253,3909.479,-37.388,-55.638,0.564043,0.825377,-0.024649,-0.824950,0.564559,0.027042,0.036236,0.005082,0.999330,0,0.32344,-0.68940,15.830,-0.902,18.659,484.263,-1,620.575,14.920,422.191,454.677,468.339,503.095,-1,-1,-1,-1,859.989,728.036,22.520,15.595,1,0,2,0,1,0,0,0,0,2,2,2,2,0,1,1,1
137,7863.856,3894.557,-36.926,-56.563,0.550596,0.834341,-0.026802,-0.833851,0.551213,0.029268,0.039193,0.006234,0.999212,0,0.32496,-0.68282,15.615,-0.925,18.683,491.848,-1,634.261,9.738,430.891,465.118,470.876,501.491,-1,-1,-1,-1,884.102,773.150,22.529,10.184,1,0,2,0,1,0,0,0,0,2,2,2,2,0,1,1,1
138,7868.214,3879.676,-36.491,-57.467,0.537288,0.842825,-0.031094,-0.842306,0.538103,0.031080,0.042927,0.009492,0.999033,0,0.32656,-0.67594,15.507,-0.904,18.660,505.326,-1,647.622,-1,441.442,476.787,476.513,496.694,-1,-1,-1,-1,917.209,795.725,22.521,-1,1,0,2,0,2,0,0,0,0,2,2,2,2,0,1,1,2
139,7872.273,3864.756,-36.085,-58.351,0.524114,0.850884,-0.036069,-0.850314,0.525194,0.033738,0.047650,0.012987,0.998780,0,0.32811,-0.66922,15.462,-0.884,18.686,521.529,-1,663.793,-1,454.473,490.647,480.865,491.625,-1,-1,-1,-1,957.195,-1,22.530,-1,1,0,2,0,2,0,0,0,0,2,2,2,2,0,2,1,2
140,7875.651,3850.006,-35.560,-59.255,0.510519,0.858926,-0.040209,-0.858260,0.511865,0.037197,0.052531,0.015520,0.998499,0,0.38257,-0.29082,15.132,-0.903,18.662,538.135,-1,678.421,-1,470.137,505.323,483.670,488.230,-1,-1,-1,-1,999.849,-1,22.520,-1,1,0,2,0,2,0,0,0,0,2,2,2,2,0,2,1,2
141,7878.467,3835.382,-35.026,-60.239,0.495584,0.867486,-0.043180,-0.866700,0.497163,0.040734,0.056804,0.017237,0.998237,0,0.38442,-0.28394,14.893,-0.984,18.528,555.880,-1,693.020,-1,485.359,520.514,485.387,485.934,-1,-1,-1,-1,-1,-1,22.475,-1,1,0,2,0,2,0,0,0,0,2,2,2,2,2,2,1,2
142,7880.946,3820.811,-34.491,-61.267,0.479851,0.876179,-0.045329,-0.875267,0.481630,0.044044,0.060423,0.018541,0.998001,0,0.38651,-0.27614,14.780,-1.028,18.250,573.069,-1,706.217,-1,499.869,534.901,486.096,484.162,-1,-1,-1,-1,-1,-1,22.389,-1,1,0,2,0,2,0,0,0,0,2,2,2,2,2,2,1,2
143,7883.260,3806.225,-33.910,-62.303,0.463852,0.884659,-0.047106,-0.883625,0.465819,0.047124,0.063632,0.019766,0.997778,0,0.38874,-0.26785,14.769,-1.036,17.647,588.831,-1,715.567,-1,514.387,548.269,486.367,482.587,-1,-1,-1,-1,-1,-1,22.244,-1,1,0,2,0,2,0,0,0,0,2,2,2,2,2,2,1,2
144,7885.600,3791.593,-33.229,-63.287,0.448500,0.892425,-0.049237,-0.891251,0.450694,0.050456,0.067219,0.021253,0.997512,0,0.39099,-0.25947,14.818,-0.984,16.875,607.197,-1,721.474,-1,530.226,562.226,484.494,480.960,-1,-1,-1,-1,-1,-1,22.179,-1,1,0,2,0,2,0,0,0,0,2,2,2,2,2,2,1,2
145,7888.161,3776.984,-32.351,-64.166,0.434643,0.899062,-0.052660,-0.897743,0.437177,0.054164,0.071719,0.023733,0.997142,0,0.39309,-0.25164,14.832,-0.879,15.758,629.685,-1,729.722,-1,548.851,579.844,484.849,478.538,-1,-1,-1,-1,-1,-1,22.516,-1,1,0,2,0,2,0,0,0,0,2,2,2,2,2,2,1,2
146,7891.746,3762.558,-31.344,-64.790,0.424671,0.903393,-0.059457,-0.902076,0.427801,0.056973,0.076905,0.029440,0.996604,0,0.39490,-0.24492,14.865,-0.624,13.825,654.904,-1,737.830,-1,569.102,598.593,491.614,472.218,-1,-1,-1,-1,-1,-1,28.635,-1,1,0,2,0,2,0,0,0,0,2,2,2,2,2,2,1,2
147,7896.947,3748.903,-30.240,-64.908,0.422745,0.903650,-0.068582,-0.902774,0.426537,0.055363,0.079281,0.038509,0.996108,0,0.39596,-0.24097,14.612,-0.117,13.829,673.167,-1,736.615,-1,580.778,605.905,505.002,461.880,-1,-1,-1,-1,-1,-1,28.586,-1,1,0,2,0,2,0,0,0,0,2,2,2,2,2,2,1,2
148,7902.415,3735.574,-29.015,-64.906,0.422816,0.903279,-0.072896,-0.902876,0.426792,0.051611,0.077731,0.043994,0.996003,0,0.39559,-0.24235,14.407,0.001,13.863,676.458,-1,728.449,-1,581.816,604.228,513.100,456.428,-1,-1,-1,-1,-1,-1,28.234,-1,1,0,2,0,2,0,0,0,0,2,2,2,2,2,2,1,2
149,7908.102,3722.479,-27.705,-64.881,0.423358,0.902966,-0.073626,-0.902980,0.427157,0.046521,0.073456,0.046788,0.996200,0,0.39488,-0.24496,14.276,0.026,13.887,669.550,-1,715.678,-1,575.752,596.226,516.762,454.976,-1,-1,-1,-1,-1,-1,27.985,-1,1,0,2,0,2,0,1,0,0,2,2,2,2,2,2,1,2
150,7913.999,3709.353,-26.430,-64.836,0.424194,0.902594,-0.073377,-0.902950,0.427736,0.041515,0.068857,0.048646,0.996440,0,0.39411,-0.24786,14.390,0.044,13.915,660.831,-1,703.068,-1,568.654,581.806,518.629,454.189,-1,-1,-1,-1,-1,-1,27.740,-1,1,0,2,0,2,0,1,0,0,2,2,2,2,2,2,1,2
151,7920.051,3696.045,-25.240,-64.797,0.424901,0.902226,-0.073807,-0.902847,0.428291,0.037871,0.065779,0.050544,0.996553,0,0.39326,-0.25101,14.619,0.039,13.931,656.103,-1,694.342,-1,565.007,567.133,520.352,453.135,-1,-1,-1,-1,-1,-1,27.602,-1,1,0,2,0,2,0,1,0,0,2,2,2,2,2,2,1,2
152,7926.215,3682.527,-24.064,-64.758,0.425537,0.901781,-0.075564,-0.902584,0.428969,0.036442,0.065278,0.052695,0.996475,0,0.39241,-0.25418,14.857,0.039,14.079,658.404,-1,691.853,-1,566.989,552.306,522.341,451.942,-1,-1,-1,-1,-1,-1,26.510,-1,1,0,2,0,2,0,1,0,0,2,2,2,2,2,2,1,2
153,7932.350,3668.809,-22.907,-64.763,0.425415,0.901677,-0.077471,-0.902556,0.428995,0.036839,0.066452,0.054250,0.996314,0,0.39154,-0.25742,15.028,-0.006,14.136,665.190,-1,690.558,-1,572.351,536.357,523.222,451.613,-1,-1,-1,-1,-1,-1,26.139,-1,1,0,2,0,2,0,1,0,0,2,2,2,2,2,2,1,2
154,7938.500,3654.942,-21.805,-64.796,0.424827,0.901776,-0.079508,-0.902654,0.428639,0.038544,0.068839,0.055394,0.996089,0,0.39078,-0.26025,15.169,-0.033,14.157,674.786,-1,691.719,-1,579.371,519.761,523.230,451.796,-1,-1,-1,-1,-1,-1,26.023,-1,1,0,2,0,2,0,1,0,0,2,2,2,2,2,2,1,2
155,7944.633,3640.882,-20.866,-64.861,0.423704,0.902115,-0.081630,-0.902914,0.427824,0.041382,0.072254,0.056171,0.995803,0,0.39008,-0.26285,15.340,-0.065,14.642,685.530,-1,694.726,-1,588.432,502.395,522.149,452.414,-1,-1,-1,-1,-1,-1,24.133,-1,1,0,2,0,2,0,1,0,0,2,2,2,2,2,2,1,2
156,7950.500,3626.581,-20.157,-65.007,0.421290,0.903215,-0.081958,-0.903747,0.425655,0.045367,0.075862,0.054956,0.995603,0,0.38946,-0.26517,15.458,-0.146,15.064,694.909,-1,698.709,-1,597.646,483.123,517.128,455.083,-1,-1,-1,-1,-1,-1,23.260,-1,1,0,2,0,2,0,1,0,0,2,2,2,2,2,2,1,2
157,7956.102,3612.198,-19.571,-65.254,0.417289,0.905216,-0.080333,-0.905317,0.421777,0.050057,0.079195,0.051839,0.995510,0,0.38905,-0.26668,15.435,-0.247,15.431,702.354,-1,702.962,-1,605.869,462.072,508.730,459.926,-1,-1,-1,-1,-1,-1,22.790,-1,1,0,2,0,2,0,1,0,0,2,2,2,2,2,2,1,2
158,7961.390,3597.676,-19.020,-65.593,0.411780,0.907966,-0.077689,-0.907487,0.416345,0.055892,0.083093,0.047486,0.995410,0,0.38893,-0.26716,15.455,-0.340,15.630,710.268,-1,709.029,-1,615.437,439.606,497.742,466.243,-1,-1,-1,-1,-1,-1,22.611,-1,1,0,2,0,2,0,1,0,0,2,2,2,2,2,2,1,2
159,7966.499,3582.952,-18.540,-65.998,0.405198,0.911176,-0.074651,-0.910001,0.409822,0.062812,0.087827,0.042481,0.995230,0,0.44210,-0.26202,15.585,-0.404,15.546,720.150,-1,716.203,-1,622.475,416.408,484.967,473.183,-1,-1,-1,-1,-1,-1,22.678,-1,1,0,2,0,2,0,1,0,0,2,2,2,2,2,2,1,2
160,7971.527,3568.036,-18.099,-66.425,0.398208,0.914504,-0.071507,-0.912546,0.402863,0.070438,0.093223,0.037205,0.994950,0,0.44244,-0.26091,15.741,-0.427,15.750,727.762,-1,724.138,-1,630.980,393.261,471.991,480.589,-1,-1,-1,-1,-1,-1,22.520,-1,1,0,2,0,2,0,1,0,0,2,2,2,2,2,2,1,2
161,7976.337,3553.068,-17.463,-66.865,0.391010,0.917772,-0.069322,-0.915174,0.395696,0.076685,0.097810,0.033457,0.994643,0,0.44284,-0.25961,15.722,-0.440,15.894,734.480,-1,729.932,-1,638.719,370.337,462.236,486.319,-1,-1,-1,-1,-1,-1,22.435,-1,1,0,2,0,2,0,1,0,0,2,2,2,2,2,2,1,2
162,7980.737,3538.076,-16.480,-67.328,0.383497,0.921017,-0.068246,-0.918051,0.388221,0.080416,0.100559,0.031814,0.994422,0,0.44328,-0.25815,15.624,-0.463,15.975,739.224,-1,731.404,-1,644.106,356.729,457.551,489.656,-1,-1,1003.394,-1,-1,-1,22.390,-1,1,0,2,0,2,0,1,0,0,2,2,0,2,2,2,1,2
163,7984.779,3523.059,-15.288,-67.794,0.376035,0.924121,-0.067815,-0.921153,0.380748,0.080678,0.100376,0.032130,0.994431,0,0.44381,-0.25642,15.551,-0.465,15.924,738.900,-1,726.018,-1,643.576,366.938,456.188,490.354,-1,-1,-1,-1,-1,-1,22.418,-1,1,0,2,0,2,0,1,0,0,2,2,2,2,2,2,1,2
164,7988.508,3508.015,-14.066,-68.256,0.368685,0.927051,-0.068172,-0.924416,0.373360,0.077830,0.097605,0.034324,0.994633,0,0.44436,-0.25461,15.499,-0.463,15.863,733.803,-1,714.271,-1,636.156,370.555,457.342,488.298,-1,-1,-1,-1,-1,-1,22.450,-1,1,0,2,0,2,0,1,0,0,2,2,2,2,2,2,1,2
165,7992.071,3492.918,-13.048,-68.705,0.361601,0.929767,-0.069121,-0.927708,0.366192,0.072528,0.092746,0.037898,0.994968,0,0.44492,-0.25280,15.512,-0.449,15.827,723.324,-1,697.304,-1,625.172,366.966,460.168,483.739,-1,-1,-1,-1,-1,-1,22.472,-1,1,0,2,0,2,0,1,0,0,2,2,2,2,2,2,1,2
