timestep,x_cm,y_cm,z_cm,yaw_deg,basis_xx,basis_xy,basis_xz,basis_yx,basis_yy,basis_yz,basis_zx,basis_zy,basis_zz,teleport_flag,throttle_cmd,steering_cmd,cmd_move_cm,cmd_turn_deg,lidar_cm_0,lidar_cm_1,lidar_cm_2,lidar_cm_3,lidar_cm_4,lidar_cm_5,lidar_cm_6,lidar_cm_7,lidar_cm_8,lidar_cm_9,lidar_cm_10,lidar_cm_11,lidar_cm_12,lidar_cm_13,lidar_cm_14,lidar_cm_15,lidar_cm_16,lidar_class_0,lidar_class_1,lidar_class_2,lidar_class_3,lidar_class_4,lidar_class_5,lidar_class_6,lidar_class_7,lidar_class_8,lidar_class_9,lidar_class_10,lidar_class_11,lidar_class_12,lidar_class_13,lidar_class_14,lidar_class_15,lidar_class_16
0,-3608.048,4258.754,-206.515,-95.956,-0.114826,0.990630,-0.073940,-0.984211,-0.103357,0.143690,0.134701,0.089272,0.986857,1,0.08000,-0.12000,4.800,-0.240,-1,550.000,-1,400.000,-1,375.000,350.000,400.000,150.000,-1,0.000,0.000,-1,-1,825.000,-1,-1,2,0,2,0,2,0,0,0,1,2,0,1,2,2,0,2,2
1,-3609.128,4249.215,-205.122,-96.436,-0.122618,0.989926,-0.070795,-0.983549,-0.111674,0.141985,0.132649,0.087040,0.987334,0,0.16000,-0.24000,9.600,-0.480,-1,550.000,-1,400.000,-1,375.000,350.000,400.000,150.000,-1,0.000,0.000,-1,-1,825.000,-1,-1,2,0,2,0,2,0,0,0,0,2,0,1,2,2,0,2,2
2,-3610.927,4234.928,-203.063,-97.156,-0.134338,0.988719,-0.066238,-0.982417,-0.124139,0.139448,0.129653,0.083806,0.988011,0,0.24000,-0.36000,14.400,-0.720,-1,525.000,-1,400.000,-1,375.000,350.000,400.000,175.000,-1,0.000,0.000,-1,-1,825.000,-1,-1,2,0,2,0,2,0,0,0,0,2,0,1,2,2,0,2,2
3,-3613.645,4215.921,-200.369,-98.116,-0.150012,0.986835,-0.060446,-0.980648,-0.140735,0.136101,0.125802,0.079693,0.988849,0,0.32000,-0.48000,19.200,-0.960,-1,525.000,-1,400.000,-1,375.000,350.000,400.000,175.000,-1,0.000,0.000,-1,-1,800.000,-1,-1,2,0,2,0,2,0,0,0,0,2,0,1,2,2,0,2,2
4,-3617.537,4192.239,-197.077,-99.316,-0.169662,0.984042,-0.053634,-0.978021,-0.161431,0.131968,0.121204,0.074845,0.989802,0,0.40000,-0.60000,24.000,-1.200,-1,500.000,-1,400.000,-1,375.000,325.000,375.000,175.000,-1,0.000,0.000,-1,-1,800.000,-1,-1,2,0,2,0,2,0,0,0,0,2,0,1,2,2,0,2,2
5,-3622.870,4164.209,-193.258,-100.756,-0.193303,0.980056,-0.046083,-0.974257,-0.186182,0.127120,0.116005,0.069469,0.990816,0,0.47555,-0.72000,28.533,-1.440,-1,500.000,-1,400.000,-1,375.000,325.000,375.000,200.000,-1,0.000,0.000,-1,-1,800.000,-1,-1,2,0,2,0,2,0,0,0,0,2,0,1,2,2,0,2,2
6,-3629.044,4136.244,-189.453,-102.436,-0.221021,0.974501,-0.038699,-0.968951,-0.214906,0.122269,0.110835,0.064521,0.991742,0,0.47730,-0.84000,28.638,-1.680,-1,475.000,-1,375.000,-1,350.000,325.000,375.000,200.000,-1,0.000,0.000,-1,-1,775.000,-1,-1,2,0,2,0,2,0,0,0,0,2,0,0,2,2,0,2,2
7,-3636.185,4108.370,-185.675,-104.356,-0.252719,0.967024,-0.031588,-0.961747,-0.247505,0.117409,0.105720,0.060051,0.992581,0,0.47957,-0.96000,28.774,-1.920,-1,475.000,-1,375.000,-1,350.000,325.000,375.000,225.000,-1,0.000,0.000,-1,-1,775.000,-1,-1,2,0,2,0,2,0,0,0,0,2,0,0,2,2,0,2,2
8,-3644.340,4080.602,-181.971,-106.356,-0.285599,0.958022,-0.025046,-0.953032,-0.281168,0.112582,0.100814,0.056023,0.993327,0,0.48233,-1.00000,28.940,-2.000,-1,450.000,-1,375.000,-1,350.000,325.000,350.000,225.000,-1,0.000,0.000,-1,-1,750.000,-1,-1,2,0,2,0,2,0,0,0,0,2,0,0,2,2,0,2,2
9,-3653.512,4052.972,-178.350,-108.356,-0.318250,0.947813,-0.019153,-0.943117,-0.314494,0.107814,0.096164,0.052376,0.993987,0,0.48522,-1.00000,29.113,-2.000,-1,450.000,-1,375.000,-1,350.000,325.000,350.000,250.000,-1,0.000,0.000,-1,-1,750.000,-1,-1,2,0,2,0,2,0,0,0,0,2,0,0,2,2,0,2,2
10,-3663.703,4025.518,-174.855,-110.356,-0.350596,0.936428,-0.013589,-0.932007,-0.347443,0.103184,0.091903,0.048841,0.994569,0,0.48807,-1.00000,29.284,-2.000,-1,450.000,-1,375.000,-1,350.000,325.000,350.000,250.000,-1,0.000,0.000,-1,975.000,750.000,-1,-1,2,0,2,0,2,0,0,0,0,2,0,0,2,0,0,2,2
11,-3674.909,3998.281,-171.442,-112.356,-0.382592,0.923879,-0.008466,-0.919734,-0.379972,0.098540,0.087822,0.045487,0.995097,0,0.49087,-1.00000,29.452,-2.000,-1,425.000,-1,375.000,-1,325.000,325.000,350.000,250.000,-1,0.000,0.000,-1,925.000,750.000,-1,-1,2,0,2,0,2,0,0,0,0,2,0,0,2,0,0,2,2
12,-3687.126,3971.301,-168.090,-114.356,-0.414188,0.910184,-0.003788,-0.906325,-0.412042,0.093785,0.083801,0.042277,0.995585,0,0.49363,-1.00000,29.618,-2.000,-1,425.000,-1,375.000,-1,325.000,325.000,350.000,275.000,-1,25.000,0.000,-1,900.000,750.000,-1,-1,2,0,2,0,2,0,0,0,0,2,0,0,2,0,0,2,2
13,-3700.350,3944.617,-164.769,-116.356,-0.445341,0.895361,0.000444,-0.891795,-0.443611,0.088943,0.079833,0.039214,0.996037,0,0.49635,-1.00000,29.781,-2.000,-1,425.000,-1,375.000,-1,325.000,325.000,325.000,275.000,-1,125.000,75.000,-1,875.000,750.000,-1,-1,2,0,2,0,2,0,0,0,0,2,0,0,2,0,0,2,2
14,-3714.573,3918.270,-161.477,-118.356,-0.476000,0.879435,0.004290,-0.876171,-0.474643,0.083899,0.075820,0.036177,0.996465,0,0.49902,-1.00000,29.941,-2.000,-1,400.000,-1,375.000,-1,325.000,325.000,325.000,300.000,-1,275.000,300.000,-1,825.000,750.000,-1,-1,2,0,2,0,2,0,0,0,0,2,0,0,2,0,0,2,2
15,-3729.786,3892.300,-158.188,-120.356,-0.506126,0.862425,0.007751,-0.859472,-0.505099,0.078632,0.071729,0.033136,0.996874,0,0.50164,-1.00000,30.098,-2.000,-1,400.000,-1,375.000,-1,325.000,325.000,325.000,300.000,-1,425.000,500.000,-1,800.000,750.000,-1,-1,2,0,2,0,2,0,0,0,0,2,0,0,2,0,0,2,2
16,-3745.979,3866.745,-154.885,-122.356,-0.535675,0.844355,0.010832,-0.841721,-0.534942,0.073094,0.067512,0.030037,0.997266,0,0.50422,-1.00000,30.253,-2.000,-1,400.000,-1,375.000,-1,325.000,325.000,325.000,325.000,-1,625.000,725.000,-1,775.000,725.000,-1,-1,2,0,2,0,2,0,0,0,0,2,0,0,2,0,0,2,2
17,-3763.137,3841.644,-152.646,-124.356,-0.564784,0.825151,0.012023,-0.822572,-0.564070,0.072120,0.066291,0.030842,0.997324,0,0.50675,-1.00000,30.405,-2.000,-1,400.000,-1,375.000,-1,325.000,325.000,325.000,325.000,-1,625.000,725.000,-1,775.000,750.000,-1,-1,2,0,2,0,2,0,0,0,0,2,0,0,2,0,0,2,2
18,-3781.249,3817.037,-150.673,-126.356,-0.593249,0.804917,0.012786,-0.802330,-0.592490,0.072265,0.065744,0.032612,0.997303,0,0.50923,-1.00000,30.554,-2.000,-1,400.000,-1,375.000,-1,325.000,325.000,325.000,325.000,-1,625.000,700.000,-1,775.000,750.000,-1,-1,2,0,2,0,2,0,0,0,0,2,0,0,2,0,0,2,2
19,-3800.300,3792.963,-148.710,-128.356,-0.620990,0.783702,0.013510,-0.781109,-0.620183,0.072400,0.065118,0.034407,0.997284,0,0.51166,-1.00000,30.700,-2.000,-1,400.000,-1,375.000,-1,325.000,325.000,325.000,325.000,-1,600.000,700.000,-1,775.000,750.000,-1,-1,2,0,2,0,2,0,0,0,0,2,0,0,2,0,0,2,2
20,-3820.271,3769.459,-146.760,-130.356,-0.647972,0.761532,0.014188,-0.758935,-0.647115,0.072525,0.064411,0.036226,0.997266,0,0.51405,-1.00000,30.843,-2.000,-1,400.000,-1,375.000,-1,325.000,325.000,325.000,325.000,-1,600.000,675.000,-1,775.000,750.000,-1,-1,2,0,2,0,2,0,0,0,0,2,0,0,2,0,0,2,2
21,-3841.145,3746.563,-144.824,-132.356,-0.674164,0.738433,0.014816,-0.735837,-0.673251,0.072643,0.063617,0.038071,0.997248,0,0.51638,-1.00000,30.983,-2.000,-1,400.000,-1,400.000,-1,325.000,325.000,325.000,325.000,-1,600.000,650.000,-1,775.000,750.000,-1,-1,2,0,2,0,2,0,0,0,0,2,0,0,2,0,0,2,2
22,-3862.901,3724.311,-142.904,-134.356,-0.699533,0.714435,0.015383,-0.711842,-0.698561,0.072759,0.062728,0.039947,0.997231,0,0.51867,-1.00000,31.120,-2.000,-1,400.000,-1,400.000,-1,325.000,325.000,325.000,325.000,-1,600.000,650.000,-1,775.000,750.000,-1,-1,2,0,2,0,2,0,0,0,0,2,0,0,2,0,0,2,2
23,-3885.518,3702.739,-141.015,-136.356,-0.724051,0.689565,0.015834,-0.686981,-0.723011,0.072884,0.061707,0.041894,0.997215,0,0.52091,-1.00000,31.255,-2.000,-1,400.000,-1,400.000,-1,325.000,325.000,325.000,325.000,-1,600.000,650.000,-1,775.000,750.000,-1,-1,2,0,2,0,2,0,0,0,0,2,0,0,2,0,0,2,2
24,-3908.972,3681.882,-139.147,-138.356,-0.747685,0.663856,0.016217,-0.661285,-0.746573,0.073020,0.060582,0.043872,0.997199,0,0.52310,-1.00000,31.386,-2.000,-1,400.000,-1,400.000,-1,325.000,325.000,325.000,325.000,-1,625.000,650.000,-1,800.000,750.000,-1,-1,2,0,2,0,2,0,0,0,0,2,0,0,2,0,0,2,2
25,-3933.239,3661.774,-137.303,-140.356,-0.770406,0.637339,0.016530,-0.634785,-0.769217,0.073171,0.059350,0.045879,0.997182,0,0.52524,-1.00000,31.515,-2.000,-1,400.000,-1,400.000,-1,325.000,325.000,325.000,325.000,-1,650.000,650.000,-1,800.000,750.000,-1,-1,2,0,2,0,2,0,0,0,0,2,0,0,2,0,0,2,2
26,-3958.292,3642.448,-135.484,-142.356,-0.792188,0.610047,0.016770,-0.607514,-0.790915,0.073344,0.058007,0.047915,0.997166,0,0.52734,-1.00000,31.640,-2.000,-1,400.000,-1,400.000,-1,325.000,325.000,325.000,325.000,-1,675.000,650.000,-1,800.000,775.000,-1,-1,2,0,2,0,2,0,0,0,0,2,0,0,2,0,0,2,2
27,-3984.104,3623.937,-133.710,-144.356,-0.813000,0.582016,0.017013,-0.579507,-0.811644,0.073524,0.056601,0.049916,0.997148,0,0.52938,-1.00000,31.763,-2.000,-1,400.000,-1,400.000,-1,325.000,325.000,325.000,325.000,-1,700.000,675.000,-1,800.000,775.000,-1,-1,2,0,2,0,2,0,0,0,0,2,0,0,2,0,0,2,2
28,-4010.647,3606.272,-131.985,-146.356,-0.832816,0.553280,0.017275,-0.550797,-0.831379,0.073701,0.055139,0.051865,0.997131,0,0.53138,-1.00000,31.883,-2.000,-1,400.000,-1,400.000,-1,325.000,325.000,325.000,325.000,-1,725.000,700.000,-1,800.000,775.000,-1,-1,2,0,2,0,2,0,0,0,0,2,0,0,2,0,0,2,2
29,-4041.795,3586.895,-130.045,-148.116,-0.849411,0.527439,0.017613,-0.524971,-0.847905,0.073911,0.053918,0.053535,0.997109,0,0.61138,-0.88000,36.683,-1.760,-1,400.000,-1,400.000,-1,325.000,325.000,300.000,325.000,-1,775.000,725.000,-1,800.000,775.000,-1,-1,2,0,2,0,2,0,0,0,0,2,0,0,2,0,0,2,2
30,-4077.588,3565.925,-127.892,-149.636,-0.863093,0.504723,0.018033,-0.502261,-0.861532,0.074137,0.052955,0.054930,0.997085,0,0.69138,-0.76000,41.483,-1.520,-1,400.000,-1,400.000,-1,325.000,325.000,300.000,325.000,-1,800.000,750.000,-1,825.000,775.000,-1,-1,2,0,2,0,2,0,0,0,0,2,0,0,2,0,0,2,2
31,-4118.035,3543.426,-125.572,-150.916,-0.874146,0.485318,0.018305,-0.482863,-0.872530,0.074391,0.052075,0.056190,0.997061,0,0.77138,-0.64000,46.283,-1.280,-1,400.000,-1,400.000,-1,325.000,325.000,300.000,325.000,-1,850.000,775.000,-1,825.000,800.000,-1,-1,2,0,2,0,2,0,0,0,0,2,0,0,2,0,0,2,2
32,-4161.745,3520.142,-123.224,-151.956,-0.882807,0.469378,0.018334,-0.466953,-0.881151,0.074344,0.051050,0.057070,0.997064,0,0.82540,-0.52000,49.524,-1.040,-1,400.000,-1,400.000,-1,325.000,325.000,300.000,325.000,-1,900.000,825.000,-1,825.000,800.000,-1,-1,2,0,2,0,2,0,0,0,0,2,0,0,2,0,0,2,2
33,-4205.753,3497.482,-120.899,-152.756,-0.889273,0.457011,0.018299,-0.454615,-0.887584,0.074290,0.050193,0.057745,0.997069,0,0.82499,-0.40000,49.499,-0.800,-1,400.000,-1,400.000,-1,325.000,325.000,300.000,325.000,-1,950.000,875.000,-1,850.000,800.000,-1,-1,2,0,2,0,2,0,0,0,0,2,0,0,2,0,0,2,2
34,-4249.948,3475.270,-118.586,-153.316,-0.893697,0.448302,0.018204,-0.445931,-0.891984,0.074226,0.049514,0.058218,0.997075,0,0.82439,-0.28000,49.463,-0.560,-1,400.000,-1,400.000,-1,325.000,325.000,300.000,325.000,-1,1000.000,925.000,-1,850.000,800.000,-1,-1,2,0,2,0,2,0,0,0,0,2,0,0,2,0,0,2,2
35,-4294.227,3453.325,-116.274,-153.636,-0.896188,0.443307,0.018056,-0.440958,-0.894460,0.074148,0.049020,0.058489,0.997084,0,0.82363,-0.16000,49.418,-0.320,-1,400.000,-1,400.000,-1,325.000,325.000,300.000,325.000,-1,-1,975.000,-1,875.000,800.000,-1,-1,2,0,2,0,2,0,0,0,0,2,2,0,2,0,0,2,2
36,-4338.490,3431.464,-113.952,-153.716,-0.896810,0.442055,0.017857,-0.439725,-0.895074,0.074051,0.048718,0.058558,0.997095,0,0.82279,-0.04000,49.367,-0.080,-1,400.000,-1,400.000,-1,325.000,325.000,300.000,325.000,-1,-1,-1,-1,900.000,800.000,-1,-1,2,0,2,0,2,0,0,0,0,2,2,2,2,0,0,2,2
37,-4382.645,3409.503,-111.608,-153.556,-0.895577,0.444557,0.017614,-0.442242,-0.893844,0.073927,0.048609,0.058418,0.997108,0,0.82192,0.08000,49.315,0.160,-1,400.000,-1,400.000,-1,325.000,325.000,300.000,325.000,-1,-1,-1,-1,900.000,800.000,-1,-1,2,0,2,0,2,0,0,0,0,2,2,2,2,0,0,2,2
38,-4426.645,3387.345,-109.235,-153.270,-0.893350,0.449028,0.017333,-0.446729,-0.891624,0.073757,0.048574,0.058148,0.997126,0,0.82107,0.14325,49.264,0.287,-1,400.000,-1,400.000,-1,325.000,325.000,300.000,325.000,-1,-1,-1,-1,925.000,800.000,-1,-1,2,0,2,0,2,0,0,0,0,2,2,2,2,0,0,2,2
39,-4470.497,3364.977,-106.843,-152.975,-0.891033,0.453619,0.017034,-0.451338,-0.889314,0.073583,0.048527,0.057877,0.997144,0,0.82046,0.14748,49.228,0.295,-1,400.000,-1,400.000,-1,325.000,325.000,300.000,325.000,-1,-1,-1,-1,950.000,800.000,-1,-1,2,0,2,0,2,0,0,0,0,2,2,2,2,0,0,2,2
40,-4514.219,3342.383,-104.426,-152.671,-0.888622,0.458336,0.016710,-0.456074,-0.886911,0.073383,0.048454,0.057588,0.997164,0,0.82024,0.15191,49.214,0.304,975.000,400.000,-1,400.000,-1,325.000,325.000,300.000,325.000,-1,-1,-1,-1,975.000,825.000,-1,-1,1,0,2,0,2,0,0,0,0,2,2,2,2,0,0,2,2
41,-4557.825,3319.547,-102.202,-152.358,-0.886115,0.463193,0.015886,-0.461011,-0.884427,0.072515,0.047639,0.056933,0.997241,0,0.82041,0.15654,49.224,0.313,950.000,400.000,-1,400.000,-1,325.000,325.000,300.000,325.000,-1,-1,-1,-1,975.000,800.000,-1,-1,1,0,2,0,2,0,0,0,0,2,2,2,2,0,0,2,2
42,-4597.153,3298.886,-100.204,-152.285,-0.885533,0.464333,0.015049,-0.462238,-0.883859,0.071624,0.046559,0.056469,0.997318,0,0.74041,0.03654,44.424,0.073,925.000,425.000,-1,400.000,-1,325.000,325.000,300.000,325.000,-1,-1,-1,-1,975.000,800.000,-1,-1,1,0,2,0,2,0,0,0,0,2,2,2,2,0,0,2,2
43,-4632.285,3280.561,-98.420,-152.452,-0.886889,0.461762,0.014252,-0.459756,-0.885220,0.070790,0.045304,0.056230,0.997389,0,0.66041,-0.08346,39.624,-0.167,900.000,425.000,-1,400.000,-1,325.000,325.000,325.000,325.000,-1,-1,-1,-1,1000.000,800.000,-1,-1,1,0,2,0,2,0,0,0,0,2,2,2,2,0,0,2,2
44,-4663.275,3264.674,-96.857,-152.859,-0.890152,0.455464,0.013504,-0.453545,-0.888477,0.070045,0.043901,0.056226,0.997452,0,0.58041,-0.20346,34.824,-0.407,900.000,425.000,-1,400.000,-1,325.000,325.000,325.000,300.000,-1,-1,-1,-1,1000.000,800.000,-1,-1,1,0,2,0,2,0,0,0,0,2,2,2,2,0,0,2,2
45,-4690.146,3251.280,-95.547,-153.506,-0.895237,0.445401,0.012974,-0.443561,-0.893558,0.069346,0.042480,0.056327,0.997508,0,0.50041,-0.32346,30.024,-0.647,875.000,425.000,-1,400.000,-1,325.000,325.000,325.000,300.000,-1,-1,-1,-1,1000.000,800.000,-1,-1,1,0,2,0,2,0,0,0,0,2,2,2,2,0,0,2,2
46,-4712.893,3240.378,-94.509,-154.393,-0.902022,0.431505,0.012603,-0.429728,-0.900321,0.068957,0.041103,0.056785,0.997540,0,0.42041,-0.44346,25.224,-0.887,900.000,425.000,-1,400.000,-1,325.000,325.000,325.000,300.000,-1,-1,-1,-1,1000.000,800.000,-1,-1,1,0,2,0,2,0,0,0,0,2,2,2,2,0,0,2,2
47,-4731.482,3231.914,-93.704,-155.519,-0.910331,0.413696,0.012326,-0.411974,-0.908592,0.068828,0.039673,0.057578,0.997552,0,0.34041,-0.56346,20.424,-1.127,900.000,425.000,-1,400.000,-1,325.000,325.000,325.000,300.000,-1,-1,-1,-1,1000.000,800.000,-1,-1,1,0,2,0,2,0,0,0,0,2,2,2,2,0,0,2,2
48,-4745.853,3225.780,-93.162,-156.886,-0.919934,0.391888,0.012025,-0.390239,-0.918165,0.068463,0.037871,0.058289,0.997581,0,0.26041,-0.68346,15.624,-1.367,900.000,425.000,-1,400.000,-1,325.000,325.000,325.000,300.000,-1,-1,-1,-1,1000.000,800.000,-1,-1,1,0,2,0,2,0,0,0,0,2,2,2,2,0,0,2,2
49,-4755.924,3221.811,-92.805,-158.493,-0.930553,0.365967,0.011782,-0.364392,-0.928744,0.068206,0.035904,0.059176,0.997602,0,0.18041,-0.80346,10.824,-1.607,925.000,425.000,-1,400.000,-1,325.000,325.000,325.000,300.000,-1,-1,-1,-1,1000.000,800.000,-1,-1,1,0,2,0,2,0,0,0,0,2,2,2,2,0,0,2,2
50,-4761.597,3219.781,-92.601,-160.317,-0.941718,0.336201,0.011632,-0.334696,-0.939860,0.068133,0.033839,0.060268,0.997608,0,0.10041,-0.91191,6.024,-1.824,975.000,425.000,-1,400.000,-1,325.000,325.000,325.000,300.000,-1,-1,-1,-1,1000.000,800.000,-1,-1,1,0,2,0,2,0,0,0,0,2,2,2,2,0,0,2,2
51,-4762.763,3219.405,-92.536,-162.135,-0.951895,0.306205,0.011590,-0.304759,-0.949983,0.068220,0.031900,0.061407,0.997603,0,0.02041,-0.90868,1.224,-1.817,1000.000,425.000,-1,400.000,-1,325.000,325.000,325.000,300.000,-1,-1,-1,-1,975.000,800.000,-1,-1,1,0,2,0,2,0,0,0,0,2,2,2,2,0,0,2,2
52,-4759.327,3220.392,-92.593,-163.946,-0.961089,0.275993,0.011663,-0.274597,-0.959120,0.068450,0.030078,0.062584,0.997586,0,-0.05959,-0.90598,-3.576,-1.812,-1,425.000,-1,400.000,-1,325.000,325.000,325.000,325.000,-1,-1,-1,-1,975.000,800.000,-1,-1,2,0,2,0,2,0,0,0,0,2,2,2,2,0,0,2,2
53,-4752.829,3222.042,-92.715,-165.754,-0.969303,0.245584,0.011818,-0.244232,-0.967276,0.068763,0.028319,0.063765,0.997563,0,-0.11175,-0.90380,-6.705,-1.808,-1,400.000,-1,400.000,-1,325.000,325.000,325.000,325.000,-1,-1,-1,-1,950.000,775.000,-1,-1,2,0,2,0,2,0,0,0,0,2,2,2,2,0,0,2,2
54,-4746.154,3223.513,-92.825,-167.558,-0.976541,0.214998,0.011997,-0.213690,-0.974456,0.069080,0.026543,0.064896,0.997539,0,-0.11393,-0.90194,-6.836,-1.804,-1,400.000,-1,400.000,-1,325.000,325.000,325.000,325.000,-1,-1,-1,-1,950.000,775.000,-1,-1,2,0,2,0,2,0,0,0,0,2,2,2,2,0,0,2,2
55,-4744.156,3223.897,-92.824,-169.122,-0.982035,0.188313,0.012091,-0.187051,-0.979904,0.069284,0.024895,0.065778,0.997524,0,-0.03393,-0.78194,-2.036,-1.564,-1,400.000,-1,400.000,-1,325.000,325.000,325.000,325.000,-1,-1,-1,-1,925.000,775.000,-1,-1,2,0,2,0,2,0,0,0,0,2,2,2,2,0,0,2,2
56,-4746.882,3223.438,-92.728,-170.446,-0.986116,0.165616,0.012096,-0.164401,-0.983950,0.069385,0.023393,0.066433,0.997517,0,0.04607,-0.66194,2.764,-1.324,-1,400.000,-1,400.000,-1,325.000,325.000,325.000,325.000,-1,-1,-1,-1,925.000,775.000,-1,-1,2,0,2,0,2,0,0,0,0,2,2,2,2,0,0,2,2
57,-4754.365,3222.323,-92.550,-171.530,-0.989068,0.146969,0.012006,-0.145801,-0.986877,0.069390,0.022047,0.066881,0.997517,0,0.12607,-0.54194,7.564,-1.084,-1,400.000,-1,400.000,-1,325.000,325.000,325.000,325.000,-1,-1,-1,-1,925.000,775.000,-1,-1,2,0,2,0,2,0,0,0,0,2,2,2,2,0,0,2,2
58,-4766.620,3220.682,-92.297,-172.373,-0.991124,0.132416,0.011818,-0.131295,-0.988918,0.069304,0.020864,0.067137,0.997526,0,0.20607,-0.42194,12.364,-0.844,-1,400.000,-1,400.000,-1,325.000,325.000,325.000,325.000,-1,-1,-1,-1,925.000,775.000,-1,-1,2,0,2,0,2,0,0,0,0,2,2,2,2,0,0,2,2
59,-4783.656,3218.584,-91.976,-172.977,-0.992465,0.121986,0.011528,-0.120911,-0.990254,0.069127,0.019848,0.067212,0.997541,0,0.28607,-0.30194,17.164,-0.604,-1,400.000,-1,400.000,-1,325.000,325.000,325.000,325.000,-1,-1,-1,-1,900.000,775.000,-1,-1,2,0,2,0,2,0,0,0,0,2,2,2,2,0,0,2,2
60,-4805.472,3216.037,-91.589,-173.341,-0.993222,0.115695,0.011131,-0.114666,-0.991015,0.068853,0.018997,0.067110,0.997565,0,0.36607,-0.18194,21.964,-0.364,-1,400.000,-1,400.000,-1,325.000,325.000,325.000,325.000,-1,-1,-1,-1,900.000,775.000,-1,-1,2,0,2,0,2,0,0,0,0,2,2,2,2,0,0,2,2
61,-4832.063,3212.991,-91.135,-173.465,-0.993475,0.113554,0.010622,-0.112571,-0.991282,0.068473,0.018304,0.066831,0.997596,0,0.44607,-0.06194,26.764,-0.124,-1,400.000,-1,400.000,-1,325.000,325.000,325.000,325.000,-1,-1,-1,-1,900.000,775.000,-1,-1,2,0,2,0,2,0,0,0,0,2,2,2,2,0,0,2,2
62,-4863.415,3209.336,-90.609,-173.349,-0.993249,0.115567,0.009993,-0.114630,-0.991080,0.067974,0.017759,0.066370,0.997637,0,0.52607,0.05806,31.564,0.116,-1,400.000,-1,400.000,-1,325.000,325.000,325.000,325.000,-1,-1,-1,-1,900.000,775.000,-1,-1,2,0,2,0,2,0,0,0,0,2,2,2,2,0,0,2,2
63,-4899.508,3204.901,-90.004,-172.993,-0.992520,0.121730,0.009238,-0.120841,-0.990386,0.067334,0.017346,0.065714,0.997688,0,0.60607,0.17806,36.364,0.356,-1,400.000,-1,400.000,-1,325.000,325.000,325.000,325.000,-1,-1,-1,-1,900.000,775.000,-1,-1,2,0,2,0,2,0,0,0,0,2,2,2,2,0,0,2,2
64,-4940.310,3199.455,-89.312,-172.397,-0.991210,0.132035,0.008350,-0.131196,-0.989122,0.066528,0.017043,0.064848,0.997750,0,0.68607,0.29806,41.164,0.596,-1,400.000,-1,400.000,-1,325.000,325.000,325.000,325.000,-1,-1,-1,-1,925.000,775.000,-1,-1,2,0,2,0,2,0,0,0,0,2,2,2,2,0,0,2,2
65,-4985.776,3192.710,-88.518,-171.561,-0.989189,0.146465,0.007320,-0.145680,-0.987160,0.065523,0.016822,0.063748,0.997824,0,0.76607,0.41806,45.964,0.836,-1,400.000,-1,400.000,-1,325.000,325.000,325.000,325.000,-1,-1,-1,-1,925.000,775.000,-1,-1,2,0,2,0,2,0,0,0,0,2,2,2,2,0,0,2,2
66,-5035.842,3184.319,-87.609,-170.484,-0.986276,0.164993,0.006141,-0.164266,-0.984320,0.064277,0.016649,0.062386,0.997913,0,0.84607,0.53806,50.764,1.076,-1,400.000,-1,400.000,-1,325.000,325.000,325.000,325.000,-1,-1,-1,-1,925.000,750.000,-1,-1,2,0,2,0,2,0,0,0,0,2,2,2,2,0,0,2,2
67,-5090.416,3173.879,-86.568,-169.168,-0.982238,0.187577,0.004807,-0.186914,-0.980371,0.062740,0.016481,0.060728,0.998018,0,0.92607,0.65806,55.564,1.316,-1,400.000,-1,400.000,-1,325.000,325.000,325.000,325.000,-1,-1,-1,-1,950.000,750.000,-1,-1,2,0,2,0,2,0,0,0,0,2,2,2,2,0,0,2,2
68,-5145.236,3161.839,-85.466,-167.612,-0.976794,0.214156,0.003425,-0.213555,-0.975027,0.060961,0.016395,0.058815,0.998134,0,0.93545,0.77806,56.127,1.556,-1,400.000,-1,400.000,-1,325.000,325.000,325.000,300.000,-1,-1,-1,-1,-1,750.000,-1,-1,2,0,2,0,2,0,0,0,0,2,2,2,2,2,0,2,2
69,-5199.608,3148.099,-84.353,-165.816,-0.969612,0.244639,0.002121,-0.244090,-0.967949,0.059120,0.016516,0.056806,0.998249,0,0.93471,0.89806,56.083,1.796,-1,425.000,-1,375.000,-1,325.000,325.000,325.000,300.000,-1,-1,-1,-1,-1,800.000,-1,-1,2,0,2,0,2,0,0,0,0,2,2,2,2,2,1,2,2
70,-5253.445,3132.475,-83.306,-163.816,-0.960494,0.278299,0.000625,-0.277805,-0.958917,0.057465,0.016591,0.055021,0.998347,0,0.93431,1.00000,56.059,2.000,-1,425.000,-1,375.000,-1,325.000,325.000,325.000,300.000,-1,-1,-1,-1,-1,925.000,-1,-1,2,0,2,0,2,0,0,0,0,2,2,2,2,2,1,2,2
71,-5308.779,3114.302,-82.148,-161.816,-0.950204,0.311628,-0.000961,-0.311198,-0.948721,0.055540,0.016396,0.053074,0.998456,0,0.97070,1.00000,58.242,2.000,-1,425.000,-1,375.000,-1,325.000,300.000,325.000,300.000,-1,-1,-1,-1,-1,-1,-1,-1,2,0,2,0,2,0,0,0,0,2,2,2,2,2,2,2,2
72,-5363.551,3094.169,-81.092,-159.816,-0.938749,0.344597,-0.001836,-0.344206,-0.937400,0.052947,0.016525,0.050336,0.998596,0,0.97259,1.00000,58.356,2.000,-1,425.000,-1,375.000,-1,325.000,300.000,325.000,300.000,-1,-1,-1,-1,-1,-1,-1,-1,2,0,2,0,2,0,0,0,0,2,2,2,2,2,2,2,2
73,-5417.690,3072.095,-80.101,-157.816,-0.926143,0.377164,-0.002465,-0.376812,-0.924954,0.049724,0.016475,0.046980,0.998760,0,0.97444,1.00000,58.467,2.000,950.000,425.000,-1,375.000,-1,325.000,325.000,325.000,300.000,-1,-1,-1,-1,-1,-1,-1,-1,1,0,2,0,2,0,0,0,0,2,2,2,2,2,2,2,2
74,-5471.123,3048.101,-79.077,-155.816,-0.912404,0.409280,-0.002919,-0.408966,-0.911374,0.046304,0.016291,0.043441,0.998923,0,0.97624,1.00000,58.574,2.000,825.000,425.000,-1,375.000,-1,325.000,325.000,325.000,300.000,-1,-1,-1,-1,-1,-1,-1,-1,1,0,2,0,2,0,0,0,0,2,2,2,2,2,2,2,2
75,-5523.780,3022.212,-78.025,-153.816,-0.897548,0.440906,-0.003172,-0.440627,-0.896674,0.042697,0.015981,0.039720,0.999083,0,0.97796,1.00000,58.678,2.000,725.000,425.000,-1,375.000,-1,325.000,325.000,325.000,300.000,-1,-1,-1,-1,-1,-1,-1,-1,1,0,2,0,2,0,0,0,0,2,2,2,2,2,2,2,2
76,-5576.711,2993.958,-76.942,-151.906,-0.882328,0.470624,-0.003204,-0.470381,-0.881608,0.038845,0.015456,0.035781,0.999240,0,1.00000,0.95525,60.000,1.910,650.000,425.000,-1,475.000,-1,350.000,325.000,300.000,300.000,-1,-1,-1,-1,-1,-1,-1,-1,1,0,2,1,2,0,0,0,0,2,2,2,2,2,2,2,2
77,-5628.681,2963.972,-75.854,-150.013,-0.866281,0.499548,-0.002990,-0.499337,-0.865707,0.034841,0.014816,0.031675,0.999388,0,1.00000,0.94614,60.000,1.892,575.000,450.000,-1,-1,-1,350.000,325.000,300.000,325.000,-1,-1,-1,-1,-1,-1,-1,-1,1,0,2,2,2,0,0,0,0,2,2,2,2,2,2,2,2
78,-5679.642,2932.304,-74.767,-148.141,-0.849471,0.527629,-0.002510,-0.527447,-0.849033,0.030704,0.014070,0.027406,0.999525,0,1.00000,0.93604,60.000,1.872,525.000,450.000,-1,-1,-1,350.000,-1,300.000,325.000,-1,-1,-1,-1,-1,-1,-1,-1,1,0,2,2,2,0,2,0,0,2,2,2,2,2,2,2,2
79,-5729.555,2899.007,-74.160,-146.291,-0.831976,0.554799,-0.003737,-0.554682,-0.831616,0.027238,0.012004,0.024734,0.999622,0,1.00000,0.92491,60.000,1.850,475.000,450.000,-1,-1,-1,350.000,-1,300.000,325.000,-1,-1,-1,-1,-1,-1,-1,-1,1,0,2,2,2,0,2,0,0,2,2,2,2,2,2,2,2
80,-5778.381,2864.136,-73.915,-144.466,-0.813860,0.581030,-0.006066,-0.580990,-0.813551,0.024181,0.009115,0.023204,0.999689,0,1.00000,0.91271,60.000,1.825,400.000,425.000,-1,-1,-1,-1,-1,300.000,300.000,-1,-1,-1,-1,-1,-1,-1,-1,1,1,2,2,2,2,2,0,0,2,2,2,2,2,2,2,2
81,-5826.224,2827.928,-73.873,-142.881,-0.797441,0.603330,-0.008958,-0.603371,-0.797183,0.021041,0.005554,0.022184,0.999738,0,1.00000,0.79271,60.000,1.585,350.000,525.000,-1,-1,-1,-1,-1,300.000,300.000,-1,-1,-1,-1,-1,-1,525.000,-1,1,1,2,2,2,2,2,0,0,2,2,2,2,2,2,1,2
82,-5873.201,2790.603,-77.941,-141.535,-0.782718,0.621628,-0.030528,-0.622292,-0.782477,0.021951,-0.010243,0.036179,0.999293,0,1.00000,0.67271,60.000,1.345,300.000,625.000,-1,-1,-1,-1,-1,300.000,250.000,-1,-1,-1,-1,-1,-1,375.000,-1,1,1,2,2,2,2,2,0,0,2,2,2,2,2,2,1,2
83,-5919.448,2752.376,-83.080,-140.430,-0.769516,0.636101,-0.056749,-0.637963,-0.769726,0.022890,-0.029121,0.053818,0.998126,0,1.00000,0.55271,60.000,1.105,225.000,-1,-1,-1,-1,-1,-1,325.000,225.000,-1,-1,-1,-1,-1,-1,300.000,-1,1,2,2,2,2,2,2,1,1,2,2,2,2,2,2,1,2
84,-5965.110,2713.450,-89.260,-139.564,-0.757661,0.646769,-0.087405,-0.650662,-0.758991,0.023900,-0.050882,0.074979,0.995886,0,1.00000,0.43271,60.000,0.865,175.000,1000.000,-1,-1,-1,-1,-1,300.000,175.000,-1,-1,-1,-1,-1,-1,200.000,-1,1,1,2,2,2,2,2,1,1,2,2,2,2,2,2,1,2
85,-6010.328,2674.010,-93.210,-138.939,-0.747594,0.652654,-0.123068,-0.661013,-0.749176,0.042394,-0.064531,0.113043,0.991492,0,1.00000,0.31271,60.000,0.625,150.000,975.000,-1,-1,-1,-1,-1,300.000,150.000,-1,-1,-1,-1,-1,-1,175.000,-1,1,1,2,2,2,2,2,1,1,2,2,2,2,2,2,1,2
86,-6055.269,2634.252,-98.591,-138.553,-0.738619,0.654135,-0.162940,-0.669140,-0.740755,0.059446,-0.081813,0.152937,0.984844,0,1.00000,0.19271,60.000,0.385,125.000,950.000,-1,-1,-1,-1,-1,300.000,125.000,-1,-1,0.000,-1,-1,-1,150.000,-1,1,1,2,2,2,2,2,1,1,2,2,0,2,2,2,1,2
87,2951.694,-7543.207,-109.254,3.345,0.998231,-0.058276,-0.011799,0.058771,0.997155,0.047194,0.009015,-0.047804,0.998816,1,0.00000,0.00000,60.000,0.145,-1,400.000,-1,400.000,-1,325.000,325.000,325.000,300.000,-1,-1,-1,-1,800.000,875.000,-1,-1,2,0,2,0,2,0,0,0,0,2,2,2,2,0,0,2,2
88,2956.486,-7542.934,-109.209,3.264,0.998313,-0.056869,-0.011692,0.057361,0.997236,0.047219,0.008975,-0.047810,0.998816,0,0.08000,-0.04042,4.800,-0.081,-1,400.000,-1,400.000,-1,325.000,325.000,325.000,300.000,-1,-1,-1,-1,800.000,875.000,-1,-1,2,0,2,0,2,0,0,0,0,2,2,2,2,0,0,2,2
89,2966.072,-7542.401,-109.117,3.183,0.998395,-0.055462,-0.011478,0.055946,0.997314,0.047272,0.008825,-0.047838,0.998816,0,0.16000,-0.04042,9.600,-0.081,-1,400.000,-1,400.000,-1,325.000,325.000,325.000,300.000,-1,-1,-1,-1,800.000,875.000,-1,-1,2,0,2,0,2,0,0,0,0,2,2,2,2,0,0,2,2
90,2980.451,-7541.621,-108.977,3.102,0.998476,-0.054055,-0.011156,0.054525,0.997389,0.047351,0.008567,-0.047887,0.998816,0,0.24000,-0.04042,14.400,-0.081,-1,400.000,-1,400.000,-1,325.000,325.000,325.000,300.000,-1,-1,-1,-1,800.000,875.000,-1,-1,2,0,2,0,2,0,0,0,0,2,2,2,2,0,0,2,2
91,2999.624,-7540.609,-108.791,3.021,0.998556,-0.052648,-0.010727,0.053100,0.997461,0.047456,0.008202,-0.047957,0.998816,0,0.32000,-0.04042,19.200,-0.081,-1,400.000,-1,400.000,-1,325.000,325.000,325.000,300.000,-1,-1,-1,-1,800.000,875.000,-1,-1,2,0,2,0,2,0,0,0,0,2,2,2,2,0,0,2,2
92,3023.592,-7539.378,-108.555,2.941,0.998634,-0.051240,-0.010193,0.051669,0.997530,0.047586,0.007729,-0.048047,0.998815,0,0.40000,-0.04042,24.000,-0.081,-1,400.000,-1,400.000,-1,325.000,325.000,325.000,325.000,-1,-1,-1,-1,800.000,875.000,-1,-1,2,0,2,0,2,0,0,0,0,2,2,2,2,0,0,2,2
93,3052.356,-7537.941,-108.272,2.860,0.998712,-0.049833,-0.009553,0.050233,0.997596,0.047739,0.007151,-0.048157,0.998814,0,0.48000,-0.04042,28.800,-0.081,-1,400.000,-1,400.000,-1,325.000,325.000,325.000,325.000,-1,-1,-1,-1,800.000,875.000,-1,-1,2,0,2,0,2,0,0,0,0,2,2,2,2,0,0,2,2
94,3085.917,-7536.312,-107.938,2.779,0.998788,-0.048425,-0.008810,0.048793,0.997659,0.047915,0.006469,-0.048287,0.998813,0,0.56000,-0.04042,33.600,-0.081,-1,400.000,-1,400.000,-1,325.000,325.000,325.000,325.000,-1,-1,-1,-1,800.000,875.000,-1,-1,2,0,2,0,2,0,0,0,0,2,2,2,2,0,0,2,2
95,3124.274,-7534.504,-107.556,2.698,0.998862,-0.047017,-0.007964,0.047347,0.997719,0.048114,0.005684,-0.048436,0.998810,0,0.64000,-0.04042,38.400,-0.081,-1,400.000,-1,400.000,-1,325.000,325.000,325.000,325.000,-1,-1,-1,-1,775.000,875.000,-1,-1,2,0,2,0,2,0,0,0,0,2,2,2,2,0,0,2,2
96,3167.429,-7532.531,-107.123,2.617,0.998935,-0.045609,-0.007017,0.045895,0.997776,0.048334,0.004797,-0.048604,0.998807,0,0.72000,-0.04042,43.200,-0.081,-1,400.000,-1,400.000,-1,325.000,325.000,325.000,325.000,-1,-1,-1,-1,775.000,875.000,-1,-1,2,0,2,0,2,0,0,0,0,2,2,2,2,0,0,2,2
97,3215.382,-7530.407,-106.639,2.536,0.999005,-0.044201,-0.005970,0.044439,0.997830,0.048575,0.003810,-0.048792,0.998802,0,0.80000,-0.04042,48.000,-0.081,-1,400.000,-1,400.000,-1,325.000,325.000,325.000,325.000,-1,-1,-1,-1,775.000,875.000,-1,-1,2,0,2,0,2,0,0,0,0,2,2,2,2,0,0,2,2
98,3268.134,-7528.145,-106.142,2.456,0.999072,-0.042793,-0.004934,0.042983,0.997889,0.048689,0.002840,-0.048856,0.998802,0,0.88000,-0.04042,52.800,-0.081,-1,400.000,-1,400.000,-1,325.000,325.000,325.000,325.000,-1,-1,-1,-1,775.000,875.000,-1,-1,2,0,2,0,2,0,0,0,0,2,2,2,2,0,0,2,2
99,3322.670,-7525.884,-106.247,2.375,0.999135,-0.041387,-0.003961,0.041529,0.998003,0.047605,0.001983,-0.047728,0.998858,0,0.90972,-0.04042,54.583,-0.081,-1,400.000,-1,400.000,-1,325.000,325.000,325.000,325.000,-1,-1,-1,-1,775.000,875.000,-1,-1,2,0,2,0,2,0,0,0,0,2,2,2,2,0,0,2,2
100,3377.209,-7523.699,-106.449,2.294,0.999196,-0.039981,-0.002876,0.040072,0.998101,0.046787,0.001000,-0.046865,0.998901,0,0.90972,-0.04042,54.583,-0.081,-1,400.000,-1,400.000,-1,325.000,325.000,325.000,325.000,-1,-1,-1,-1,775.000,875.000,-1,-1,2,0,2,0,2,0,0,0,0,2,2,2,2,0,0,2,2
101,3431.751,-7521.592,-106.643,2.213,0.999254,-0.038574,-0.001794,0.038616,0.998197,0.045959,0.000018,-0.045994,0.998942,0,0.90972,-0.04042,54.583,-0.081,-1,400.000,-1,400.000,-1,325.000,325.000,325.000,325.000,-1,-1,-1,-1,775.000,875.000,-1,-1,2,0,2,0,2,0,0,0,0,2,2,2,2,0,0,2,2
102,3486.297,-7519.562,-106.830,2.132,0.999309,-0.037167,-0.000717,0.037162,0.998290,0.045120,-0.000961,-0.045116,0.998981,0,0.90972,-0.04042,54.583,-0.081,-1,400.000,-1,400.000,-1,325.000,325.000,325.000,325.000,-1,-1,-1,-1,775.000,875.000,-1,-1,2,0,2,0,2,0,0,0,0,2,2,2,2,0,0,2,2
103,3540.845,-7517.608,-107.010,2.051,0.999360,-0.035760,0.000357,0.035709,0.998381,0.044272,-0.001940,-0.044231,0.999019,0,0.90972,-0.04042,54.583,-0.081,-1,400.000,-1,400.000,-1,325.000,325.000,325.000,325.000,-1,-1,-1,-1,750.000,875.000,-1,-1,2,0,2,0,2,0,0,0,0,2,2,2,2,0,0,2,2
104,3595.395,-7515.732,-107.184,1.971,0.999409,-0.034353,0.001427,0.034259,0.998470,0.043414,-0.002917,-0.043340,0.999056,0,0.90972,-0.04042,54.583,-0.081,-1,400.000,-1,400.000,-1,325.000,325.000,325.000,325.000,-1,-1,-1,-1,750.000,875.000,-1,-1,2,0,2,0,2,0,0,0,0,2,2,2,2,0,0,2,2
105,3649.949,-7513.932,-107.351,1.890,0.999454,-0.032946,0.002495,0.032810,0.998556,0.042547,-0.003893,-0.042442,0.999091,0,0.90972,-0.04042,54.583,-0.081,-1,400.000,-1,400.000,-1,325.000,325.000,325.000,325.000,-1,-1,-1,-1,750.000,875.000,-1,-1,2,0,2,0,2,0,0,0,0,2,2,2,2,0,0,2,2
106,3704.504,-7512.210,-107.513,1.809,0.999496,-0.031538,0.003559,0.031363,0.998639,0.041670,-0.004868,-0.041537,0.999125,0,0.90972,-0.04042,54.583,-0.081,-1,375.000,-1,400.000,-1,325.000,325.000,325.000,325.000,-1,-1,-1,-1,750.000,850.000,-1,-1,2,0,2,0,2,0,0,0,0,2,2,2,2,0,0,2,2
107,3759.063,-7510.564,-107.668,1.728,0.999535,-0.030130,0.004621,0.029917,0.998720,0.040783,-0.005844,-0.040626,0.999157,0,0.90972,-0.04042,54.583,-0.081,-1,375.000,-1,400.000,-1,325.000,325.000,325.000,325.000,-1,-1,-1,-1,750.000,850.000,-1,-1,2,0,2,0,2,0,0,0,0,2,2,2,2,0,0,2,2
108,3813.623,-7508.995,-107.818,1.647,0.999571,-0.028722,0.005681,0.028473,0.998798,0.039887,-0.006820,-0.039709,0.999188,0,0.90972,-0.04042,54.583,-0.081,-1,375.000,-1,400.000,-1,325.000,325.000,325.000,325.000,-1,-1,-1,-1,750.000,850.000,-1,-1,2,0,2,0,2,0,0,0,0,2,2,2,2,0,0,2,2
109,3868.186,-7507.504,-107.962,1.566,0.999604,-0.027314,0.006738,0.027031,0.998874,0.038983,-0.007796,-0.038785,0.999217,0,0.90972,-0.04042,54.583,-0.081,-1,375.000,-1,400.000,-1,325.000,325.000,325.000,325.000,-1,-1,-1,-1,750.000,850.000,-1,-1,2,0,2,0,2,0,0,0,0,2,2,2,2,0,0,2,2
110,3922.750,-7506.089,-108.108,1.486,0.999634,-0.025906,0.007774,0.025592,0.998948,0.038041,-0.008751,-0.037828,0.999246,0,0.90972,-0.04042,54.583,-0.081,-1,375.000,-1,400.000,-1,325.000,325.000,325.000,325.000,-1,-1,-1,-1,750.000,850.000,-1,-1,2,0,2,0,2,0,0,0,0,2,2,2,2,0,0,2,2
111,3972.523,-7505.078,-108.638,1.165,0.999760,-0.020313,0.008161,0.020001,0.999128,0.036641,-0.008898,-0.036469,0.999295,0,0.82972,-0.16042,49.783,-0.321,-1,375.000,-1,400.000,-1,325.000,325.000,325.000,325.000,-1,-1,-1,-1,750.000,850.000,-1,-1,2,0,2,0,2,0,0,0,0,2,2,2,2,0,0,2,2
112,4017.503,-7504.541,-109.173,0.685,0.999892,-0.011946,0.008609,0.011633,0.999300,0.035546,-0.009027,-0.035442,0.999331,0,0.74972,-0.23990,44.983,-0.480,-1,375.000,-1,400.000,-1,325.000,325.000,325.000,325.000,-1,-1,-1,-1,750.000,850.000,-1,-1,2,0,2,0,2,0,0,0,0,2,2,2,2,0,0,2,2
113,4057.686,-7504.397,-109.640,0.205,0.999953,-0.003577,0.009022,0.003263,0.999398,0.034545,-0.009140,-0.034513,0.999362,0,0.66972,-0.23990,40.183,-0.480,-1,375.000,-1,400.000,-1,325.000,325.000,300.000,325.000,-1,-1,-1,-1,750.000,850.000,-1,-1,2,0,2,0,2,0,0,0,0,2,2,2,2,0,0,2,2
114,4095.116,-7504.577,-110.065,-0.275,0.999944,0.004792,0.009417,-0.005106,0.999423,0.033589,-0.009251,-0.033635,0.999391,0,0.62384,-0.23990,37.431,-0.480,-1,375.000,-1,400.000,-1,325.000,325.000,300.000,325.000,-1,-1,-1,-1,750.000,850.000,-1,-1,2,0,2,0,2,0,0,0,0,2,2,2,2,0,0,2,2
115,4132.543,-7505.070,-110.481,-0.755,0.999865,0.013162,0.009820,-0.013476,0.999377,0.032609,-0.009384,-0.032737,0.999420,0,0.62384,-0.23990,37.431,-0.480,-1,375.000,-1,400.000,-1,325.000,325.000,300.000,325.000,-1,-1,-1,-1,750.000,850.000,-1,-1,2,0,2,0,2,0,0,0,0,2,2,2,2,0,0,2,2
116,4170.057,-7505.879,-110.889,-1.233,0.999716,0.021514,0.010230,-0.021828,0.999262,0.031604,-0.009542,-0.031818,0.999448,0,0.62537,-0.23942,37.522,-0.479,-1,375.000,-1,400.000,-1,325.000,325.000,300.000,325.000,-1,-1,-1,-1,750.000,850.000,-1,-1,2,0,2,0,2,0,0,0,0,2,2,2,2,0,0,2,2
117,4207.830,-7507.006,-111.293,-1.709,0.999499,0.029813,0.010648,-0.030126,0.999079,0.030570,-0.009727,-0.030875,0.999476,0,0.62983,-0.23792,37.790,-0.476,-1,375.000,-1,400.000,-1,325.000,325.000,300.000,325.000,-1,-1,-1,-1,750.000,850.000,-1,-1,2,0,2,0,2,0,0,0,0,2,2,2,2,0,0,2,2
118,4245.857,-7508.455,-111.692,-2.182,0.999214,0.038053,0.011075,-0.038366,0.998828,0.029507,-0.009939,-0.029909,0.999503,0,0.63425,-0.23628,38.055,-0.473,-1,375.000,-1,400.000,-1,325.000,325.000,300.000,325.000,-1,-1,-1,-1,750.000,825.000,-1,-1,2,0,2,0,2,0,0,0,0,2,2,2,2,0,0,2,2
119,4284.135,-7510.228,-112.088,-2.651,0.998865,0.046230,0.011508,-0.046541,0.998512,0.028417,-0.010178,-0.028920,0.999530,0,0.63864,-0.23451,38.319,-0.469,-1,375.000,-1,400.000,-1,325.000,325.000,300.000,325.000,-1,-1,-1,-1,750.000,825.000,-1,-1,2,0,2,0,2,0,0,0,0,2,2,2,2,0,0,2,2
120,4322.658,-7512.325,-112.481,-3.116,0.998451,0.054336,0.011948,-0.054645,0.998133,0.027300,-0.010443,-0.027911,0.999556,0,0.64299,-0.23258,38.580,-0.465,-1,375.000,-1,400.000,-1,325.000,325.000,300.000,325.000,-1,-1,-1,-1,750.000,825.000,-1,-1,2,0,2,0,2,0,0,0,0,2,2,2,2,0,0,2,2
121,4365.964,-7514.854,-112.921,-3.341,0.998224,0.058260,0.012426,-0.058568,0.997944,0.026030,-0.010884,-0.026711,0.999584,0,0.72299,-0.11258,43.380,-0.225,-1,375.000,-1,400.000,-1,325.000,325.000,300.000,325.000,-1,-1,-1,-1,750.000,825.000,-1,-1,2,0,2,0,2,0,0,0,0,2,2,2,2,0,0,2,2
122,4414.062,-7517.650,-113.414,-3.326,0.998233,0.058004,0.012939,-0.058309,0.997995,0.024620,-0.011485,-0.025331,0.999613,0,0.80299,0.00742,48.180,0.015,-1,400.000,-1,400.000,-1,325.000,325.000,300.000,325.000,-1,-1,-1,-1,750.000,825.000,-1,-1,2,0,2,0,2,0,0,0,0,2,2,2,2,0,0,2,2
123,4462.869,-7520.269,-113.923,-3.071,0.998474,0.053566,0.013442,-0.053868,0.998278,0.023206,-0.012175,-0.023895,0.999640,0,0.81462,0.12742,48.877,0.255,-1,400.000,-1,400.000,-1,325.000,325.000,300.000,325.000,-1,-1,-1,-1,750.000,825.000,1000.000,-1,2,0,2,0,2,0,0,0,0,2,2,2,2,0,0,1,2
124,4512.019,-7522.481,-114.448,-2.577,0.998892,0.044944,0.013929,-0.045241,0.998738,0.021814,-0.012931,-0.022420,0.999665,0,0.82001,0.24742,49.201,0.495,-1,400.000,-1,400.000,-1,325.000,325.000,300.000,325.000,-1,-1,-1,-1,750.000,825.000,975.000,-1,2,0,2,0,2,0,0,0,0,2,2,2,2,0,0,1,2
125,4561.523,-7524.074,-114.992,-1.842,0.999380,0.032133,0.014398,-0.032424,0.999265,0.020456,-0.013730,-0.020910,0.999687,0,0.82548,0.36742,49.529,0.735,975.000,400.000,-1,400.000,-1,325.000,325.000,300.000,325.000,-1,-1,-1,-1,750.000,800.000,925.000,-1,1,0,2,0,2,0,0,0,0,2,2,2,2,1,0,1,2
126,4611.381,-7524.828,-115.683,-0.867,0.999777,0.015128,0.014707,-0.015412,0.999693,0.019413,-0.014409,-0.019635,0.999703,0,0.83107,0.48742,49.864,0.975,925.000,400.000,-1,400.000,-1,325.000,325.000,300.000,325.000,-1,-1,-1,-1,725.000,800.000,875.000,-1,1,0,2,0,2,0,0,0,0,2,2,2,2,1,0,1,2
127,4661.589,-7524.544,-116.503,0.325,0.999872,-0.005674,0.014942,0.005396,0.999813,0.018552,-0.015045,-0.018469,0.999716,0,0.83682,0.59604,50.209,1.192,900.000,400.000,-1,400.000,-1,325.000,325.000,300.000,325.000,-1,-1,-1,-1,700.000,800.000,825.000,-1,1,0,2,0,2,0,0,0,0,2,2,2,2,1,0,1,2
128,4712.136,-7523.202,-117.349,1.521,0.999533,-0.026534,0.015166,0.026264,0.999498,0.017737,-0.015629,-0.017330,0.999728,0,0.84275,0.59778,50.565,1.196,850.000,400.000,-1,400.000,-1,325.000,325.000,300.000,325.000,-1,-1,-1,-1,675.000,800.000,800.000,-1,1,0,2,0,2,0,0,0,0,2,2,2,2,1,0,1,2
129,4763.005,-7520.786,-118.220,2.720,0.998756,-0.047441,0.015380,0.047179,0.998742,0.016961,-0.016166,-0.016215,0.999738,0,0.84878,0.59942,50.927,1.199,800.000,400.000,-1,400.000,-1,325.000,325.000,300.000,325.000,-1,-1,-1,-1,650.000,775.000,750.000,-1,1,0,2,0,2,0,0,0,0,2,2,2,2,1,0,1,2
130,4814.180,-7517.278,-119.112,3.921,0.997538,-0.068381,0.015586,0.068128,0.997545,0.016223,-0.016657,-0.015121,0.999747,0,0.85491,0.60095,51.294,1.202,775.000,400.000,-1,400.000,-1,325.000,325.000,300.000,325.000,-1,-1,-1,-1,600.000,775.000,700.000,-1,1,0,2,0,2,0,0,0,0,2,2,2,2,1,0,1,2
131,4865.641,-7512.662,-120.026,5.126,0.995876,-0.089341,0.015787,0.089098,0.995902,0.015518,-0.017108,-0.014047,0.999755,0,0.86114,0.60240,51.668,1.205,725.000,400.000,-1,400.000,-1,325.000,325.000,300.000,325.000,-1,-1,-1,-1,575.000,775.000,650.000,-1,1,0,2,0,2,0,0,0,0,2,2,2,2,1,0,1,2
132,4917.371,-7506.920,-120.957,6.334,0.993769,-0.110310,0.015984,0.110076,0.993812,0.014841,-0.017522,-0.012989,0.999762,0,0.86746,0.60374,52.048,1.207,675.000,400.000,-1,400.000,-1,325.000,325.000,300.000,325.000,-1,-1,-1,-1,550.000,775.000,600.000,-1,1,0,2,0,2,0,0,0,0,2,2,2,2,1,0,1,2
133,4969.351,-7500.037,-121.904,7.544,0.991214,-0.131273,0.016181,0.131049,0.991274,0.014190,-0.017903,-0.011945,0.999768,0,0.87389,0.60498,52.433,1.210,625.000,375.000,-1,400.000,-1,325.000,325.000,300.000,325.000,-1,-1,-1,-1,525.000,775.000,575.000,-1,1,1,2,0,2,0,1,0,0,2,2,2,2,1,0,1,2
134,5021.560,-7491.996,-122.864,8.756,0.988211,-0.152217,0.016383,0.152004,0.988287,0.013561,-0.018255,-0.010911,0.999774,0,0.88041,0.60613,52.824,1.212,575.000,350.000,-1,400.000,-1,300.000,325.000,300.000,325.000,-1,-1,-1,-1,475.000,775.000,525.000,-1,1,1,2,0,2,1,1,0,0,2,2,2,2,1,0,1,2
135,5073.977,-7482.782,-123.835,9.970,0.984759,-0.173129,0.016592,0.172927,0.984849,0.012951,-0.018583,-0.009884,0.999778,0,0.88702,0.60719,53.221,1.214,525.000,325.000,850.000,400.000,-1,300.000,300.000,300.000,325.000,-1,-1,-1,-1,450.000,750.000,475.000,-1,1,1,1,0,2,1,1,0,0,2,2,2,2,1,0,1,2
136,5126.582,-7472.378,-124.815,11.187,0.980858,-0.193998,0.016815,0.193806,0.980962,0.012357,-0.018892,-0.008862,0.999782,0,0.89373,0.60815,53.624,1.216,475.000,325.000,775.000,400.000,-1,275.000,300.000,300.000,325.000,-1,-1,-1,-1,425.000,750.000,425.000,-1,1,1,1,1,2,1,1,0,0,2,2,2,2,1,0,1,2
137,5179.352,-7460.772,-125.800,12.405,0.976507,-0.214808,0.017056,0.214628,0.976625,0.011778,-0.019187,-0.007841,0.999785,0,0.90052,0.60902,54.031,1.218,425.000,300.000,675.000,375.000,-1,250.000,275.000,300.000,325.000,-1,-1,-1,-1,375.000,750.000,375.000,-1,1,1,1,1,2,1,1,0,0,2,2,2,2,1,0,1,2
138,5232.264,-7447.948,-126.740,13.624,0.971711,-0.235548,0.017144,0.235378,0.971838,0.011355,-0.019336,-0.006998,0.999789,0,0.90740,0.60981,54.444,1.220,375.000,275.000,600.000,350.000,-1,250.000,250.000,300.000,325.000,-1,-1,-1,-1,350.000,675.000,325.000,-1,1,1,1,1,2,1,1,0,0,2,2,2,2,1,1,1,2
