timestep,x_cm,y_cm,z_cm,yaw_deg,basis_xx,basis_xy,basis_xz,basis_yx,basis_yy,basis_yz,basis_zx,basis_zy,basis_zz,teleport_flag,throttle_cmd,steering_cmd,cmd_move_cm,cmd_turn_deg,lidar_cm_0,lidar_cm_1,lidar_cm_2,lidar_cm_3,lidar_cm_4,lidar_cm_5,lidar_cm_6,lidar_cm_7,lidar_cm_8,lidar_cm_9,lidar_cm_10,lidar_cm_11,lidar_cm_12,lidar_cm_13,lidar_cm_14,lidar_cm_15,lidar_cm_16,lidar_class_0,lidar_class_1,lidar_class_2,lidar_class_3,lidar_class_4,lidar_class_5,lidar_class_6,lidar_class_7,lidar_class_8,lidar_class_9,lidar_class_10,lidar_class_11,lidar_class_12,lidar_class_13,lidar_class_14,lidar_class_15,lidar_class_16
0,-6891.679,-1641.773,179.406,-156.203,-0.914947,0.403379,0.012524,-0.402823,-0.914698,0.032590,0.024602,0.024773,0.999390,1,0.08000,0.12000,4.800,0.240,-1,400.000,-1,400.000,-1,325.000,325.000,300.000,300.000,-1,650.000,700.000,-1,825.000,750.000,-1,-1,2,0,2,0,2,0,0,0,0,2,0,0,2,0,0,2,2
1,-6900.430,-1645.720,179.617,-155.723,-0.911534,0.411030,0.012654,-0.410467,-0.911291,0.032632,0.024944,0.024552,0.999387,0,0.16000,0.24000,9.600,0.480,-1,400.000,-1,400.000,-1,325.000,325.000,300.000,300.000,-1,650.000,700.000,-1,825.000,775.000,-1,-1,2,0,2,0,2,0,0,0,0,2,0,0,2,0,0,2,2
2,-6913.484,-1651.798,179.935,-155.030,-0.906493,0.422026,0.012836,-0.421455,-0.906260,0.032701,0.025433,0.024234,0.999383,0,0.24000,0.34654,14.400,0.693,-1,400.000,-1,400.000,-1,325.000,325.000,300.000,300.000,-1,650.000,725.000,-1,825.000,775.000,-1,-1,2,0,2,0,2,0,0,0,0,2,0,0,2,0,0,2,2
3,-6930.790,-1660.114,180.369,-154.337,-0.901318,0.432961,0.013052,-0.432379,-0.901095,0.032790,0.025958,0.023911,0.999377,0,0.32000,0.34654,19.200,0.693,-1,400.000,-1,400.000,-1,325.000,325.000,300.000,300.000,-1,675.000,725.000,-1,850.000,775.000,-1,-1,2,0,2,0,2,0,0,0,0,2,0,0,2,0,0,2,2
4,-6952.295,-1670.768,180.918,-153.643,-0.896011,0.443833,0.013294,-0.443240,-0.895799,0.032897,0.026510,0.023583,0.999370,0,0.40000,0.34654,24.000,0.693,-1,400.000,-1,400.000,-1,325.000,325.000,300.000,300.000,-1,700.000,750.000,-1,850.000,775.000,-1,-1,2,0,2,0,2,0,0,0,0,2,0,0,2,0,0,2,2
5,-6977.944,-1683.866,181.581,-152.950,-0.890572,0.454640,0.013557,-0.454035,-0.890372,0.033017,0.027081,0.023249,0.999363,0,0.48000,0.34654,28.800,0.693,-1,400.000,-1,400.000,-1,325.000,325.000,300.000,300.000,-1,700.000,775.000,-1,850.000,775.000,-1,-1,2,0,2,0,2,0,0,0,0,2,0,0,2,0,0,2,2
6,-7007.682,-1699.506,182.354,-152.257,-0.885003,0.465380,0.013831,-0.464763,-0.884814,0.033143,0.027662,0.022904,0.999355,0,0.56000,0.34654,33.600,0.693,-1,400.000,-1,400.000,-1,325.000,325.000,300.000,300.000,-1,725.000,800.000,-1,875.000,800.000,-1,-1,2,0,2,0,2,0,0,0,0,2,0,0,2,0,0,2,2
7,-7041.449,-1717.791,183.250,-151.564,-0.879302,0.476054,0.014188,-0.475424,-0.879129,0.033234,0.028294,0.022478,0.999347,0,0.64000,0.34654,38.400,0.693,-1,400.000,-1,400.000,-1,325.000,325.000,300.000,300.000,-1,750.000,825.000,-1,875.000,800.000,-1,-1,2,0,2,0,2,0,0,0,0,2,0,0,2,0,0,2,2
8,-7079.186,-1738.820,184.410,-150.871,-0.873470,0.486664,0.014419,-0.486047,-0.873326,0.032561,0.028439,0.021433,0.999366,0,0.72000,0.34654,43.200,0.693,-1,400.000,-1,400.000,-1,325.000,325.000,300.000,300.000,-1,800.000,875.000,-1,900.000,825.000,-1,-1,2,0,2,0,2,0,0,0,0,2,0,0,2,0,0,2,2
9,-7120.829,-1762.690,185.725,-150.178,-0.867510,0.497206,0.014564,-0.496613,-0.867399,0.031541,0.028315,0.020130,0.999396,0,0.80000,0.34654,48.000,0.693,-1,400.000,-1,400.000,-1,325.000,325.000,300.000,300.000,-1,875.000,950.000,-1,900.000,825.000,-1,-1,2,0,2,0,2,0,0,0,0,2,0,0,2,0,0,2,2
10,-7166.316,-1789.500,187.059,-149.485,-0.861430,0.507673,0.014346,-0.507111,-0.861340,0.030536,0.027858,0.019029,0.999431,0,0.88000,0.34654,52.800,0.693,-1,425.000,-1,400.000,-1,325.000,325.000,300.000,300.000,-1,950.000,-1,-1,900.000,850.000,-1,-1,2,0,2,0,2,0,0,0,0,2,0,2,2,0,0,2,2
11,-7215.581,-1819.345,188.411,-148.792,-0.855231,0.518064,0.013791,-0.517539,-0.855151,0.029505,0.027079,0.018096,0.999469,0,0.96000,0.34654,57.600,0.693,-1,425.000,-1,400.000,-1,325.000,325.000,300.000,300.000,-1,-1,-1,-1,925.000,875.000,-1,-1,2,0,2,0,2,0,0,0,0,2,2,2,2,0,0,2,2
12,-7260.523,-1847.059,189.596,-148.339,-0.851113,0.524817,0.013204,-0.524328,-0.851038,0.028533,0.026212,0.017362,0.999506,0,0.88000,0.22654,52.800,0.453,-1,425.000,-1,400.000,-1,325.000,325.000,300.000,300.000,-1,-1,-1,-1,925.000,875.000,-1,-1,2,0,2,0,2,0,0,0,0,2,2,2,2,0,0,2,2
13,-7305.236,-1874.863,190.735,-148.126,-0.849163,0.527983,0.012496,-0.527531,-0.849089,0.027552,0.025157,0.016805,0.999542,0,0.87755,0.10654,52.653,0.213,-1,425.000,-1,400.000,-1,325.000,325.000,300.000,300.000,-1,-1,-1,-1,925.000,900.000,-1,-1,2,0,2,0,2,0,0,0,0,2,2,2,2,0,0,2,2
14,-7349.979,-1902.655,191.940,-148.153,-0.849430,0.527583,0.011121,-0.527175,-0.849336,0.026745,0.023556,0.016856,0.999580,0,0.87786,-0.01346,52.672,-0.027,-1,425.000,-1,400.000,-1,325.000,325.000,300.000,300.000,-1,-1,-1,-1,950.000,900.000,-1,-1,2,0,2,0,2,0,0,0,0,2,2,2,2,0,0,2,2
15,-7394.864,-1930.248,193.072,-148.420,-0.851896,0.523620,0.009739,-0.523255,-0.851783,0.025864,0.021838,0.016937,0.999618,0,0.87814,-0.13346,52.688,-0.267,-1,425.000,-1,400.000,-1,325.000,325.000,300.000,300.000,-1,-1,-1,-1,950.000,900.000,-1,-1,2,0,2,0,2,0,0,0,0,2,2,2,2,0,0,2,2
16,-7440.002,-1957.448,194.037,-148.926,-0.856508,0.516066,0.008300,-0.515756,-0.856387,0.024438,0.019720,0.016651,0.999667,0,0.87834,-0.25346,52.700,-0.507,-1,425.000,-1,400.000,-1,325.000,325.000,300.000,300.000,-1,-1,-1,-1,950.000,900.000,-1,-1,2,0,2,0,2,0,0,0,0,2,2,2,2,0,0,2,2
17,-7485.499,-1984.063,194.886,-149.673,-0.863173,0.504863,0.006836,-0.504609,-0.863048,0.022749,0.017385,0.016186,0.999718,0,0.87850,-0.37346,52.710,-0.747,-1,425.000,-1,400.000,-1,325.000,325.000,300.000,300.000,-1,-1,-1,-1,975.000,900.000,-1,-1,2,0,2,0,2,0,0,0,0,2,2,2,2,0,0,2,2
18,-7531.455,-2009.894,195.649,-150.660,-0.871747,0.489927,0.005369,-0.489728,-0.871623,0.020970,0.014953,0.015651,0.999766,0,0.87863,-0.49346,52.718,-0.987,-1,425.000,-1,400.000,-1,325.000,325.000,300.000,300.000,-1,-1,-1,-1,975.000,900.000,-1,-1,2,0,2,0,2,0,0,0,0,2,2,2,2,0,0,2,2
19,-7577.960,-2034.738,196.361,-151.887,-0.882041,0.471156,0.003868,-0.471011,-0.881924,0.018953,0.012341,0.014895,0.999813,0,0.87876,-0.61346,52.726,-1.227,-1,425.000,-1,400.000,-1,325.000,325.000,300.000,300.000,-1,-1,-1,-1,975.000,900.000,-1,-1,2,0,2,0,2,0,0,0,0,2,2,2,2,0,0,2,2
20,-7625.012,-2058.552,196.979,-153.155,-0.892251,0.451534,0.002366,-0.451435,-0.892143,0.016923,0.009752,0.014031,0.999854,0,0.87891,-0.63388,52.735,-1.268,-1,425.000,-1,400.000,-1,325.000,325.000,300.000,300.000,-1,-1,-1,-1,975.000,900.000,-1,-1,2,0,2,0,2,0,0,0,0,2,2,2,2,0,0,2,2
21,-7672.588,-2081.320,197.506,-154.425,-0.902042,0.431648,0.000863,-0.431589,-0.901948,0.014888,0.007205,0.013057,0.999889,0,0.87905,-0.63525,52.743,-1.271,-1,425.000,-1,400.000,-1,325.000,325.000,300.000,300.000,-1,-1,-1,-1,975.000,900.000,-1,-1,2,0,2,0,2,0,0,0,0,2,2,2,2,0,0,2,2
22,-7720.665,-2103.029,197.946,-155.699,-0.911407,0.411506,-0.000639,-0.411479,-0.911329,0.012851,0.004706,0.011975,0.999917,0,0.87919,-0.63660,52.751,-1.273,-1,425.000,-1,425.000,-1,325.000,325.000,300.000,300.000,-1,-1,-1,-1,975.000,875.000,-1,-1,2,0,2,0,2,0,0,0,0,2,2,2,2,0,0,2,2
23,-7769.221,-2123.665,198.234,-156.975,-0.920339,0.391116,-0.002052,-0.391114,-0.920275,0.011132,0.002466,0.011048,0.999936,0,0.87932,-0.63794,52.759,-1.276,-1,425.000,-1,425.000,-1,350.000,325.000,300.000,300.000,-1,-1,-1,-1,1000.000,875.000,-1,-1,2,0,2,0,2,0,0,0,0,2,2,2,2,0,0,2,2
24,-7818.608,-2143.367,198.337,-158.251,-0.928817,0.370521,-0.003700,-0.370540,-0.928766,0.009734,0.000171,0.010412,0.999946,0,0.88620,-0.63821,53.172,-1.276,-1,425.000,-1,425.000,-1,350.000,325.000,300.000,300.000,-1,-1,-1,-1,1000.000,875.000,-1,-1,2,0,2,0,2,0,0,0,0,2,2,2,2,0,0,2,2
25,-7868.549,-2162.004,198.158,-159.535,-0.936874,0.349613,-0.006153,-0.349657,-0.936836,0.008864,-0.002665,0.010456,0.999942,0,0.88841,-0.64210,53.305,-1.284,-1,425.000,-1,425.000,-1,350.000,325.000,300.000,300.000,-1,-1,-1,-1,1000.000,875.000,-1,-1,2,0,2,0,2,0,0,0,0,2,2,2,2,0,0,2,2
26,-7919.023,-2179.554,197.902,-160.827,-0.944500,0.328401,-0.008530,-0.328467,-0.944481,0.008050,-0.005413,0.010405,0.999931,0,0.89064,-0.64599,53.438,-1.292,-1,425.000,-1,400.000,-1,350.000,325.000,300.000,300.000,-1,-1,-1,-1,975.000,850.000,-1,-1,2,0,2,0,2,0,0,0,0,2,2,2,2,0,0,2,2
27,-7970.009,-2195.995,197.472,-162.127,-0.951687,0.306894,-0.010389,-0.306972,-0.951693,0.007003,-0.007737,0.009854,0.999922,0,0.89287,-0.64990,53.572,-1.300,-1,425.000,-1,400.000,-1,350.000,325.000,300.000,275.000,-1,-1,-1,-1,975.000,850.000,-1,-1,2,0,2,0,2,0,0,0,0,2,2,2,2,0,0,2,2
28,-8021.487,-2211.307,196.691,-163.435,-0.958417,0.285100,-0.012480,-0.285175,-0.958464,0.004689,-0.010624,0.008053,0.999911,0,0.89511,-0.65383,53.706,-1.308,-1,425.000,-1,400.000,-1,350.000,325.000,300.000,275.000,-1,-1,-1,-1,975.000,825.000,-1,-1,2,0,2,0,2,0,0,0,0,2,2,2,2,0,0,2,2
29,-8073.432,-2225.469,195.835,-164.750,-0.964680,0.263023,-0.014567,-0.263084,-0.964770,0.002373,-0.013430,0.006121,0.999891,0,0.89734,-0.65777,53.841,-1.316,-1,425.000,-1,400.000,-1,350.000,325.000,300.000,300.000,-1,-1,-1,-1,950.000,825.000,-1,-1,2,0,2,0,2,0,0,0,0,2,2,2,2,0,0,2,2
30,-8125.820,-2238.459,194.923,-166.074,-0.970464,0.240672,-0.016629,-0.240707,-0.970598,0.000113,-0.016113,0.004112,0.999862,0,0.89958,-0.66174,53.975,-1.323,-1,425.000,-1,400.000,-1,325.000,325.000,300.000,300.000,-1,-1,-1,-1,925.000,800.000,-1,-1,2,0,2,0,2,0,0,0,0,2,2,2,2,0,0,2,2
31,-8178.627,-2250.258,193.958,-167.405,-0.975758,0.218056,-0.018664,-0.218055,-0.975934,-0.002088,-0.018670,0.002032,0.999824,0,0.90181,-0.66572,54.108,-1.331,-1,425.000,-1,400.000,-1,325.000,325.000,300.000,300.000,-1,-1,-1,-1,925.000,800.000,-1,-1,2,0,2,0,2,0,0,0,0,2,2,2,2,0,0,2,2
32,-8231.825,-2260.845,192.949,-168.745,-0.980549,0.195183,-0.020670,-0.195137,-0.980767,-0.004228,-0.021098,-0.000113,0.999777,0,0.90402,-0.66974,54.241,-1.339,-1,425.000,-1,400.000,-1,325.000,325.000,300.000,300.000,-1,-1,-1,-1,900.000,800.000,-1,-1,2,0,2,0,2,0,0,0,0,2,2,2,2,0,0,2,2
33,-8285.388,-2270.201,191.901,-170.092,-0.984825,0.172064,-0.022646,-0.171964,-0.985083,-0.006305,-0.023393,-0.002315,0.999724,0,0.90622,-0.67378,54.373,-1.348,-1,425.000,-1,400.000,-1,325.000,325.000,300.000,300.000,-1,-1,-1,-1,875.000,775.000,-1,-1,2,0,2,0,2,0,0,0,0,2,2,2,2,0,0,2,2
34,-8339.286,-2278.306,190.822,-171.448,-0.988575,0.148708,-0.024591,-0.148546,-0.988871,-0.008315,-0.025554,-0.004567,0.999663,0,0.90840,-0.67785,54.504,-1.356,-1,425.000,-1,400.000,-1,325.000,325.000,300.000,300.000,-1,-1,-1,-1,875.000,775.000,-1,-1,2,0,2,0,2,0,0,0,0,2,2,2,2,0,0,2,2
35,-8393.489,-2285.143,189.718,-172.812,-0.991787,0.125127,-0.026503,-0.124894,-0.992117,-0.010256,-0.027577,-0.006862,0.999596,0,0.91055,-0.68196,54.633,-1.364,-1,400.000,-1,400.000,-1,325.000,325.000,300.000,300.000,-1,-1,-1,-1,850.000,750.000,-1,-1,2,0,2,0,2,0,0,0,0,2,2,2,2,0,0,2,2
36,-8447.967,-2290.692,188.597,-174.184,-0.994448,0.101330,-0.028381,-0.101021,-0.994810,-0.012125,-0.029462,-0.009191,0.999524,0,0.91266,-0.68611,54.759,-1.372,-1,400.000,-1,400.000,-1,325.000,325.000,300.000,300.000,-1,-1,-1,-1,850.000,750.000,-1,-1,2,0,2,0,2,0,0,0,0,2,2,2,2,1,0,2,2
37,-8502.686,-2294.937,187.446,-175.565,-0.996549,0.077330,-0.030170,-0.076942,-0.996940,-0.013839,-0.031148,-0.011470,0.999449,0,0.91472,-0.69030,54.883,-1.381,-1,400.000,-1,400.000,-1,325.000,325.000,300.000,300.000,-1,-1,-1,-1,800.000,725.000,1000.000,-1,2,0,2,0,2,0,0,0,0,2,2,2,2,1,1,1,2
38,-8557.613,-2297.861,185.850,-176.954,-0.998104,0.053139,-0.031043,-0.052706,-0.998503,-0.014620,-0.031774,-0.012957,0.999411,0,0.91674,-0.69454,55.004,-1.389,-1,400.000,1000.000,400.000,-1,325.000,325.000,300.000,300.000,-1,-1,-1,-1,750.000,700.000,925.000,-1,2,0,1,0,2,0,0,0,0,2,2,2,2,1,1,1,2
39,-8614.884,-2299.653,184.005,-178.208,-0.999018,0.031270,-0.031381,-0.030780,-0.999398,-0.015976,-0.031862,-0.014994,0.999380,0,0.95500,-0.62710,57.300,-1.254,-1,400.000,950.000,375.000,-1,325.000,325.000,300.000,300.000,-1,-1,-1,-1,700.000,675.000,850.000,-1,2,0,1,0,2,0,0,0,0,2,2,2,2,1,1,1,2
40,-8672.637,-2300.199,182.156,-179.459,-0.999453,0.009435,-0.031686,-0.008889,-0.999810,-0.017323,-0.031843,-0.017032,0.999348,0,0.96259,-0.62574,57.755,-1.251,900.000,400.000,875.000,375.000,-1,325.000,325.000,300.000,300.000,-1,-1,-1,-1,650.000,650.000,775.000,-1,1,0,1,0,2,0,0,0,0,2,2,2,2,1,1,1,2
41,-8730.845,-2299.481,180.310,-180.707,-0.999413,-0.012343,-0.031960,0.012943,-0.999742,-0.018662,-0.031722,-0.019064,0.999315,0,0.97021,-0.62400,58.213,-1.248,775.000,400.000,825.000,375.000,-1,325.000,325.000,300.000,300.000,-1,-1,-1,-1,600.000,625.000,700.000,-1,1,0,1,0,2,0,0,0,0,2,2,2,2,1,1,1,2
42,-8784.234,-2297.882,178.630,-181.715,-0.999033,-0.029927,-0.032194,0.030576,-0.999335,-0.019873,-0.031578,-0.020838,0.999284,0,0.89021,-0.50400,53.413,-1.008,700.000,400.000,775.000,375.000,-1,325.000,325.000,300.000,300.000,-1,-1,-1,-1,550.000,600.000,650.000,-1,1,0,1,0,2,0,0,0,0,2,2,2,2,1,1,1,2
43,-8835.465,-2295.661,177.028,-182.483,-0.998536,-0.043318,-0.032409,0.044012,-0.998810,-0.021021,-0.031460,-0.022417,0.999254,0,0.85465,-0.38400,51.279,-0.768,625.000,400.000,750.000,375.000,-1,325.000,325.000,300.000,300.000,-1,-1,-1,-1,500.000,575.000,575.000,-1,1,1,1,0,2,0,0,0,0,2,2,2,2,1,1,1,2
44,-8887.072,-2292.947,175.425,-183.011,-0.998087,-0.052518,-0.032625,0.053256,-0.998335,-0.022165,-0.031407,-0.023860,0.999222,0,0.86131,-0.26400,51.679,-0.528,575.000,375.000,700.000,375.000,-1,325.000,325.000,300.000,300.000,-1,-1,-1,-1,475.000,550.000,525.000,-1,1,1,1,1,2,0,0,0,0,2,2,2,2,1,1,1,2
45,-8939.067,-2289.950,173.817,-183.299,-0.997803,-0.057534,-0.032847,0.058314,-0.998026,-0.023310,-0.031441,-0.025174,0.999189,0,0.86801,-0.14400,52.081,-0.288,500.000,350.000,650.000,350.000,-1,300.000,300.000,300.000,300.000,-1,-1,-1,-1,425.000,500.000,475.000,-1,1,1,1,1,2,1,1,0,0,2,2,2,2,1,1,1,2
46,-8991.461,-2286.836,172.202,-183.402,-0.997691,-0.059318,-0.033079,0.060141,-0.997890,-0.024459,-0.031559,-0.026392,0.999153,0,0.87477,-0.05128,52.486,-0.103,450.000,300.000,600.000,325.000,-1,275.000,275.000,300.000,300.000,-1,-1,-1,-1,400.000,475.000,400.000,-1,1,1,1,1,2,1,1,0,0,2,2,2,2,1,1,1,2
47,-9044.258,-2283.605,170.585,-183.502,-0.997578,-0.061066,-0.033318,0.061932,-0.997752,-0.025616,-0.031679,-0.027618,0.999116,0,0.88160,-0.05022,52.896,-0.100,375.000,275.000,550.000,300.000,-1,250.000,250.000,300.000,300.000,-1,-1,-1,-1,350.000,450.000,350.000,1000.000,1,1,1,1,2,1,1,0,0,2,2,2,2,1,1,1,1
48,-9097.460,-2280.258,168.966,-183.600,-0.997463,-0.062772,-0.033564,0.063682,-0.997611,-0.026781,-0.031803,-0.028850,0.999078,0,0.88846,-0.04904,53.308,-0.098,325.000,250.000,500.000,275.000,-1,225.000,250.000,300.000,300.000,-1,-1,-1,-1,325.000,425.000,300.000,925.000,1,1,1,1,2,1,1,0,0,2,2,2,2,1,1,1,1
49,-9151.070,-2276.796,167.344,-183.696,-0.997349,-0.064431,-0.033817,0.065387,-0.997468,-0.027953,-0.031931,-0.030090,0.999037,0,0.89536,-0.04773,53.722,-0.095,250.000,225.000,425.000,250.000,-1,200.000,225.000,300.000,300.000,-1,-1,-1,-1,275.000,375.000,250.000,850.000,1,1,1,1,2,1,1,0,0,2,2,2,2,1,1,1,1
50,-9205.089,-2273.214,169.149,-183.788,-0.997577,-0.066062,-0.021830,0.066428,-0.997654,-0.016521,-0.020687,-0.017931,0.999625,0,0.90230,-0.04627,54.138,-0.093,250.000,200.000,425.000,250.000,-1,175.000,200.000,350.000,300.000,-1,-1,-1,-1,275.000,375.000,225.000,825.000,1,1,1,1,2,1,1,0,0,2,2,2,2,1,1,1,1
51,-9259.520,-2269.522,175.277,-183.878,-0.997703,-0.067624,0.003846,0.067588,-0.997675,-0.008797,0.004432,-0.008517,0.999954,0,0.90927,-0.04463,54.556,-0.089,250.000,200.000,475.000,275.000,-1,175.000,225.000,400.000,300.000,-1,300.000,250.000,-1,275.000,425.000,225.000,875.000,1,1,1,1,2,1,1,0,0,2,0,0,2,1,1,1,1
52,-4263.547,-3607.632,218.019,-109.019,-0.325373,0.944311,0.049079,-0.945524,-0.325505,-0.005508,0.010774,-0.048198,0.998780,1,0.00000,0.00000,59.356,0.151,-1,400.000,-1,400.000,-1,325.000,325.000,300.000,300.000,-1,-1,-1,-1,775.000,775.000,-1,-1,2,0,2,0,2,0,0,0,0,2,2,2,2,0,0,2,2
53,-4265.092,-3612.176,218.061,-108.779,-0.321421,0.945666,0.049036,-0.946878,-0.321546,-0.005538,0.010531,-0.048211,0.998782,0,0.08000,0.12000,4.800,0.240,-1,400.000,-1,400.000,-1,325.000,325.000,300.000,300.000,-1,-1,-1,-1,775.000,775.000,-1,-1,2,0,2,0,2,0,0,0,0,2,2,2,2,0,0,2,2
54,-4268.106,-3621.290,218.141,-108.299,-0.313502,0.948325,0.048951,-0.949535,-0.313612,-0.005600,0.010041,-0.048236,0.998785,0,0.16000,0.24000,9.600,0.480,-1,400.000,-1,400.000,-1,325.000,325.000,300.000,300.000,-1,-1,-1,-1,775.000,775.000,-1,-1,2,0,2,0,2,0,0,0,0,2,2,2,2,0,0,2,2
55,-4272.455,-3635.018,218.254,-107.579,-0.301581,0.952189,0.048830,-0.953395,-0.301670,-0.005701,0.009302,-0.048274,0.998791,0,0.24000,0.36000,14.400,0.720,-1,400.000,-1,400.000,-1,325.000,325.000,300.000,300.000,-1,-1,-1,-1,775.000,775.000,-1,-1,2,0,2,0,2,0,0,0,0,2,2,2,2,0,0,2,2
56,-4277.946,-3653.416,218.393,-106.619,-0.285613,0.957108,0.048679,-0.958309,-0.285674,-0.005851,0.008306,-0.048321,0.998797,0,0.32000,0.48000,19.200,0.960,-1,400.000,-1,400.000,-1,325.000,325.000,300.000,300.000,-1,-1,-1,-1,775.000,775.000,-1,-1,2,0,2,0,2,0,0,0,0,2,2,2,2,0,0,2,2
57,-4284.327,-3676.552,218.548,-105.419,-0.265542,0.962878,0.048509,-0.964074,-0.265566,-0.006060,0.007047,-0.048376,0.998804,0,0.40000,0.60000,24.000,1.200,-1,400.000,-1,400.000,-1,325.000,325.000,300.000,300.000,-1,-1,-1,-1,775.000,775.000,-1,-1,2,0,2,0,2,0,0,0,0,2,2,2,2,0,0,2,2
58,-4291.284,-3704.498,218.705,-103.979,-0.241305,0.969245,0.048332,-0.970434,-0.241285,-0.006340,0.005517,-0.048433,0.998811,0,0.48000,0.72000,28.800,1.440,-1,400.000,-1,400.000,-1,325.000,325.000,300.000,300.000,-1,-1,-1,-1,775.000,775.000,-1,-1,2,0,2,0,2,0,0,0,0,2,2,2,2,0,0,2,2
59,-4298.441,-3737.327,218.851,-102.299,-0.212838,0.975900,0.048163,-0.977080,-0.212765,-0.006701,0.003708,-0.048485,0.998817,0,0.56000,0.84000,33.600,1.680,-1,400.000,-1,400.000,-1,325.000,325.000,300.000,300.000,-1,-1,-1,-1,775.000,775.000,-1,-1,2,0,2,0,2,0,0,0,0,2,2,2,2,0,0,2,2
60,-4305.359,-3775.098,218.966,-100.379,-0.180083,0.982479,0.048019,-0.983650,-0.179948,-0.007152,0.001614,-0.048522,0.998821,0,0.64000,0.96000,38.400,1.920,-1,400.000,-1,400.000,-1,325.000,325.000,300.000,300.000,-1,-1,-1,-1,775.000,775.000,-1,-1,2,0,2,0,2,0,0,0,0,2,2,2,2,0,0,2,2
61,-4311.653,-3817.836,219.037,-98.379,-0.145753,0.988159,0.047927,-0.989321,-0.145551,-0.007701,-0.000634,-0.048538,0.998821,0,0.72000,1.00000,43.200,2.000,-1,400.000,-1,400.000,-1,325.000,325.000,300.000,300.000,-1,-1,-1,-1,775.000,775.000,-1,-1,2,0,2,0,2,0,0,0,0,2,2,2,2,0,0,2,2
62,-4316.986,-3865.539,219.047,-96.379,-0.111249,0.992637,0.047901,-0.993788,-0.110976,-0.008342,-0.002965,-0.048532,0.998817,0,0.80000,1.00000,48.000,2.000,-1,400.000,-1,400.000,-1,325.000,325.000,300.000,300.000,-1,-1,-1,-1,775.000,775.000,-1,-1,2,0,2,0,2,0,0,0,0,2,2,2,2,0,0,2,2
63,-4321.017,-3918.184,218.973,-94.379,-0.076613,0.995905,0.047989,-0.997047,-0.076266,-0.009040,-0.005343,-0.048540,0.998807,0,0.88000,1.00000,52.800,2.000,-1,400.000,-1,400.000,-1,325.000,325.000,300.000,300.000,-1,-1,-1,-1,750.000,775.000,-1,-1,2,0,2,0,2,0,0,0,0,2,2,2,2,0,0,2,2
64,-4323.210,-3970.959,218.680,-92.379,-0.041864,0.997974,0.047901,-0.999096,-0.041463,-0.009333,-0.007328,-0.048248,0.998808,0,0.88035,1.00000,52.821,2.000,-1,400.000,-1,400.000,-1,325.000,325.000,300.000,300.000,-1,-1,-1,-1,750.000,775.000,-1,-1,2,0,2,0,2,0,0,0,0,2,2,2,2,0,0,2,2
65,-4323.560,-4023.781,218.212,-90.379,-0.007045,0.998845,0.047534,-0.999935,-0.006609,-0.009324,-0.008999,-0.047596,0.998826,0,0.88039,1.00000,52.823,2.000,-1,400.000,-1,400.000,-1,325.000,325.000,300.000,300.000,-1,-1,-1,-1,750.000,750.000,-1,-1,2,0,2,0,2,0,0,0,0,2,2,2,2,0,0,2,2
66,-4322.066,-4076.580,217.656,-88.379,0.027786,0.998501,0.047165,-0.999557,0.028255,-0.009314,-0.010633,-0.046885,0.998844,0,0.88034,1.00000,52.820,2.000,-1,400.000,-1,400.000,-1,325.000,325.000,300.000,300.000,-1,-1,-1,-1,750.000,750.000,-1,-1,2,0,2,0,2,0,0,0,0,2,2,2,2,0,0,2,2
67,-4318.731,-4129.286,217.013,-86.379,0.062586,0.996942,0.046789,-0.997965,0.063087,-0.009304,-0.012227,-0.046111,0.998861,0,0.88021,1.00000,52.812,2.000,-1,400.000,-1,400.000,-1,325.000,325.000,300.000,300.000,-1,-1,-1,-1,750.000,750.000,-1,-1,2,0,2,0,2,0,0,0,0,2,2,2,2,0,0,2,2
68,-4313.560,-4181.831,216.284,-84.379,0.097315,0.994172,0.046398,-0.995158,0.097845,-0.009296,-0.013782,-0.045269,0.998880,0,0.87998,1.00000,52.799,2.000,-1,400.000,-1,400.000,-1,325.000,325.000,300.000,300.000,-1,-1,-1,-1,750.000,750.000,-1,-1,2,0,2,0,2,0,0,0,0,2,2,2,2,0,0,2,2
69,-4306.561,-4234.145,215.473,-82.379,0.131929,0.990192,0.045988,-0.991141,0.132487,-0.009294,-0.015296,-0.044354,0.998899,0,0.87967,1.00000,52.780,2.000,-1,400.000,-1,400.000,-1,325.000,325.000,300.000,300.000,-1,-1,-1,-1,750.000,750.000,-1,-1,2,0,2,0,2,0,0,0,0,2,2,2,2,0,0,2,2
70,-4297.744,-4286.158,214.580,-80.379,0.166387,0.985008,0.045552,-0.985918,0.166971,-0.009302,-0.016768,-0.043362,0.998919,0,0.87927,1.00000,52.756,2.000,-1,400.000,-1,400.000,-1,325.000,325.000,300.000,300.000,-1,-1,-1,-1,750.000,750.000,-1,-1,2,0,2,0,2,0,0,0,0,2,2,2,2,0,0,2,2
71,-4287.124,-4337.803,213.608,-78.379,0.200647,0.978626,0.045085,-0.979495,0.201255,-0.009325,-0.018199,-0.042289,0.998940,0,0.87877,1.00000,52.726,2.000,-1,400.000,-1,400.000,-1,325.000,325.000,300.000,300.000,-1,-1,-1,-1,750.000,750.000,-1,-1,2,0,2,0,2,0,0,0,0,2,2,2,2,0,0,2,2
72,-4274.716,-4389.011,212.559,-76.379,0.234667,0.971053,0.044583,-0.971878,0.235297,-0.009370,-0.019588,-0.041130,0.998962,0,0.87817,1.00000,52.690,2.000,-1,400.000,-1,400.000,-1,325.000,325.000,300.000,300.000,-1,-1,-1,-1,750.000,750.000,-1,-1,2,0,2,0,2,0,0,0,0,2,2,2,2,0,0,2,2
73,-4260.540,-4439.715,211.436,-74.379,0.268407,0.962298,0.044043,-0.963078,0.269057,-0.009442,-0.020936,-0.039882,0.998985,0,0.87748,1.00000,52.649,2.000,-1,400.000,-1,400.000,-1,325.000,325.000,300.000,300.000,-1,-1,-1,-1,750.000,750.000,-1,-1,2,0,2,0,2,0,0,0,0,2,2,2,2,0,0,2,2
74,-4244.617,-4489.849,210.241,-72.379,0.301825,0.952372,0.043462,-0.953104,0.302492,-0.009549,-0.022241,-0.038541,0.999009,0,0.87670,1.00000,52.602,2.000,-1,400.000,-1,400.000,-1,325.000,325.000,300.000,300.000,-1,-1,-1,-1,750.000,750.000,-1,-1,2,0,2,0,2,0,0,0,0,2,2,2,2,0,0,2,2
75,-4226.972,-4539.347,209.001,-70.379,0.334879,0.941283,0.042917,-0.941969,0.335563,-0.009640,-0.023475,-0.037198,0.999032,0,0.87582,1.00000,52.549,2.000,-1,400.000,-1,400.000,-1,325.000,325.000,300.000,300.000,-1,-1,-1,-1,750.000,750.000,-1,-1,2,0,2,0,2,0,0,0,0,2,2,2,2,0,0,2,2
76,-4207.632,-4588.144,207.785,-68.379,0.367534,0.929037,0.042541,-0.929690,0.368223,-0.009405,-0.024402,-0.036093,0.999050,0,0.87484,1.00000,52.490,2.000,-1,400.000,-1,400.000,-1,325.000,325.000,300.000,300.000,-1,-1,-1,-1,750.000,750.000,-1,-1,2,0,2,0,2,0,0,0,0,2,2,2,2,0,0,2,2
77,-4188.707,-4631.918,206.619,-66.619,0.395906,0.917325,0.042117,-0.917945,0.396599,-0.009262,-0.025200,-0.034995,0.999070,0,0.79484,0.88000,47.690,1.760,-1,400.000,-1,400.000,-1,325.000,325.000,300.000,300.000,-1,-1,-1,-1,750.000,750.000,-1,-1,2,0,2,0,2,0,0,0,0,2,2,2,2,0,0,2,2
78,-4168.902,-4674.584,205.448,-65.099,0.420115,0.906512,0.041697,-0.907105,0.420806,-0.009047,-0.025748,-0.034022,0.999089,0,0.78397,0.76000,47.038,1.520,-1,400.000,-1,400.000,-1,325.000,325.000,300.000,300.000,-1,-1,-1,-1,750.000,750.000,-1,-1,2,0,2,0,2,0,0,0,0,2,2,2,2,0,0,2,2
79,-4148.214,-4716.663,204.299,-63.819,0.440282,0.896907,0.041353,-0.897485,0.440961,-0.008582,-0.025933,-0.033335,0.999108,0,0.78151,0.64000,46.890,1.280,-1,400.000,-1,400.000,-1,325.000,325.000,300.000,300.000,-1,-1,-1,-1,750.000,750.000,-1,-1,2,0,2,0,2,0,0,0,0,2,2,2,2,0,0,2,2
80,-4126.867,-4758.162,203.114,-62.779,0.456511,0.888775,0.040959,-0.889338,0.457178,-0.008193,-0.026007,-0.032687,0.999127,0,0.77780,0.52000,46.668,1.040,-1,400.000,-1,400.000,-1,325.000,325.000,300.000,300.000,-1,-1,-1,-1,775.000,750.000,-1,-1,2,0,2,0,2,0,0,0,0,2,2,2,2,0,0,2,2
81,-4105.083,-4799.097,201.861,-61.979,0.468889,0.882317,0.040749,-0.882871,0.469549,-0.007918,-0.026120,-0.032264,0.999138,0,0.77283,0.40000,46.370,0.800,-1,400.000,-1,400.000,-1,325.000,325.000,300.000,300.000,-1,-1,-1,-1,775.000,750.000,-1,-1,2,0,2,0,2,0,0,1,0,2,2,2,2,0,0,2,2
82,-4083.078,-4839.490,200.587,-61.419,0.477502,0.877695,0.040542,-0.878242,0.478155,-0.007711,-0.026154,-0.031924,0.999148,0,0.76664,0.28000,45.998,0.560,-1,400.000,-1,400.000,-1,325.000,325.000,300.000,300.000,-1,-1,-1,-1,775.000,750.000,-1,-1,2,0,2,0,2,0,0,1,0,2,2,2,2,0,0,2,2
83,-4060.927,-4879.296,199.300,-60.905,0.485368,0.873379,0.040338,-0.873917,0.486016,-0.007569,-0.026215,-0.031578,0.999157,0,0.75924,0.25705,45.554,0.514,-1,400.000,-1,400.000,-1,325.000,325.000,300.000,300.000,-1,-1,-1,-1,775.000,750.000,-1,-1,2,0,2,0,2,0,0,1,0,2,2,2,2,0,0,2,2
84,-4038.644,-4918.505,198.001,-60.390,0.493205,0.868987,0.040135,-0.869515,0.493850,-0.007489,-0.026328,-0.031204,0.999166,0,0.75165,0.25742,45.099,0.515,-1,400.000,-1,400.000,-1,325.000,325.000,275.000,300.000,-1,-1,-1,-1,775.000,750.000,-1,-1,2,0,2,0,2,0,0,1,0,2,2,2,2,0,0,2,2
85,-4016.236,-4957.124,196.690,-59.876,0.500996,0.864528,0.039935,-0.865044,0.501641,-0.007471,-0.026492,-0.030803,0.999174,0,0.74416,0.25727,44.649,0.515,-1,400.000,-1,400.000,-1,325.000,325.000,275.000,300.000,-1,-1,-1,-1,775.000,750.000,-1,-1,2,0,2,0,2,0,0,1,0,2,2,2,2,0,0,2,2
86,-3993.707,-4995.161,195.389,-59.362,0.508731,0.860013,0.039631,-0.860513,0.509373,-0.007498,-0.026636,-0.030289,0.999186,0,0.73680,0.25663,44.208,0.513,-1,400.000,-1,400.000,-1,325.000,325.000,275.000,300.000,-1,-1,-1,-1,775.000,750.000,-1,-1,2,0,2,0,2,0,0,1,0,2,2,2,2,0,0,2,2
87,-3971.063,-5032.628,194.099,-58.851,0.516395,0.855452,0.039219,-0.855932,0.517032,-0.007572,-0.026755,-0.029659,0.999202,0,0.72963,0.25550,43.778,0.511,-1,400.000,-1,400.000,-1,325.000,325.000,275.000,300.000,-1,-1,-1,-1,775.000,750.000,-1,-1,2,0,2,0,2,0,0,1,0,2,2,2,2,0,0,2,2
88,-3948.306,-5069.537,192.813,-58.344,0.523967,0.850851,0.038869,-0.851312,0.524603,-0.007715,-0.026955,-0.029047,0.999215,0,0.72267,0.25391,43.360,0.508,-1,400.000,-1,400.000,-1,325.000,325.000,275.000,300.000,-1,-1,-1,-1,775.000,750.000,-1,-1,2,0,2,0,2,0,0,1,0,2,2,2,2,0,0,2,2
89,-3925.441,-5105.903,191.585,-57.840,0.531424,0.846215,0.038838,-0.846663,0.532070,-0.007953,-0.027394,-0.028656,0.999214,0,0.71596,0.25188,42.958,0.504,-1,400.000,-1,400.000,-1,325.000,325.000,275.000,300.000,-1,-1,-1,-1,775.000,750.000,-1,-1,2,0,2,0,2,0,0,1,0,2,2,2,2,0,0,2,2
90,-3902.468,-5141.744,190.343,-57.341,0.538767,0.841561,0.038787,-0.841994,0.539424,-0.008241,-0.027858,-0.028218,0.999214,0,0.70952,0.24942,42.571,0.499,-1,400.000,-1,400.000,-1,325.000,325.000,300.000,300.000,-1,-1,-1,-1,775.000,750.000,-1,-1,2,0,2,0,2,0,0,1,0,2,2,2,2,0,0,2,2
91,-3879.389,-5177.076,189.121,-56.848,0.545984,0.836896,0.038814,-0.837317,0.546652,-0.008490,-0.028323,-0.027864,0.999210,0,0.70337,0.24655,42.202,0.493,-1,400.000,-1,400.000,-1,325.000,325.000,300.000,300.000,-1,-1,-1,-1,775.000,750.000,-1,-1,2,0,2,0,2,0,0,1,0,2,2,2,2,0,0,2,2
92,-3856.205,-5211.920,188.019,-56.361,0.553056,0.832221,0.039206,-0.832648,0.553738,-0.008471,-0.028760,-0.027960,0.999195,0,0.69753,0.24329,41.852,0.487,-1,400.000,-1,400.000,-1,325.000,325.000,300.000,300.000,-1,-1,-1,-1,775.000,750.000,-1,-1,2,0,2,0,2,0,0,0,0,2,2,2,2,0,0,2,2
93,-3832.916,-5246.294,186.899,-55.882,0.559983,0.827559,0.039567,-0.827989,0.560680,-0.008498,-0.029217,-0.028003,0.999181,0,0.69202,0.23966,41.521,0.479,-1,400.000,-1,400.000,-1,325.000,325.000,300.000,300.000,-1,-1,-1,-1,775.000,750.000,-1,-1,2,0,2,0,2,0,0,0,0,2,2,2,2,0,0,2,2
94,-3809.521,-5280.221,185.763,-55.411,0.566756,0.822919,0.039898,-0.823350,0.567469,-0.008570,-0.029693,-0.027993,0.999167,0,0.68684,0.23566,41.210,0.471,-1,400.000,-1,400.000,-1,325.000,325.000,300.000,300.000,-1,-1,-1,-1,775.000,750.000,-1,-1,2,0,2,0,2,0,0,0,0,2,2,2,2,0,0,2,2
95,-3786.019,-5313.719,184.610,-54.948,0.573367,0.818312,0.040201,-0.818742,0.574095,-0.008688,-0.030188,-0.027933,0.999154,0,0.68201,0.23131,40.920,0.463,-1,400.000,-1,400.000,-1,325.000,325.000,300.000,300.000,-1,-1,-1,-1,775.000,725.000,-1,-1,2,0,2,0,2,0,0,0,0,2,2,2,2,0,0,2,2
96,-3762.410,-5346.812,183.426,-54.495,0.579809,0.813746,0.040497,-0.814176,0.580552,-0.008779,-0.030654,-0.027882,0.999141,0,0.67752,0.22663,40.651,0.453,-1,400.000,-1,400.000,-1,325.000,325.000,300.000,300.000,-1,-1,-1,-1,775.000,725.000,-1,-1,2,0,2,0,2,0,0,0,0,2,2,2,2,0,0,2,2
97,-3735.875,-5383.713,182.036,-54.281,0.582818,0.811574,0.040881,-0.812014,0.583573,-0.008707,-0.030923,-0.028121,0.999126,0,0.75752,0.10663,45.451,0.213,-1,400.000,-1,400.000,-1,325.000,325.000,300.000,300.000,-1,-1,-1,-1,775.000,725.000,-1,-1,2,0,2,0,2,0,0,0,0,2,2,2,2,0,0,2,2
98,-3706.557,-5424.526,180.467,-54.308,0.582422,0.811836,0.041314,-0.812292,0.583187,-0.008617,-0.031089,-0.028541,0.999109,0,0.83752,-0.01337,50.251,-0.027,-1,400.000,-1,400.000,-1,325.000,325.000,300.000,300.000,-1,-1,-1,-1,775.000,725.000,-1,-1,2,0,2,0,2,0,0,0,0,2,2,2,2,0,0,2,2
99,-3676.806,-5466.351,178.834,-54.575,0.578617,0.814529,0.041774,-0.815005,0.579392,-0.008508,-0.031134,-0.029123,0.999091,0,0.85546,-0.13337,51.327,-0.267,-1,400.000,-1,400.000,-1,325.000,325.000,300.000,300.000,-1,-1,-1,-1,775.000,700.000,-1,-1,2,0,2,0,2,0,0,0,0,2,2,2,2,0,0,2,2
100,-3647.647,-5508.120,177.292,-55.082,0.571396,0.819613,0.041731,-0.820100,0.572160,-0.008344,-0.030715,-0.029456,0.999094,0,0.84900,-0.25337,50.940,-0.507,-1,400.000,-1,400.000,-1,325.000,325.000,300.000,300.000,-1,-1,-1,-1,775.000,700.000,-1,-1,2,0,2,0,2,0,0,0,0,2,2,2,2,0,0,2,2
101,-3619.246,-5549.956,175.808,-55.828,0.560669,0.826994,0.041617,-0.827485,0.561425,-0.008421,-0.030329,-0.029716,0.999098,0,0.84276,-0.37337,50.565,-0.747,-1,400.000,-1,400.000,-1,325.000,325.000,300.000,300.000,-1,-1,-1,-1,775.000,700.000,-1,-1,2,0,2,0,2,0,0,0,0,2,2,2,2,0,0,2,2
102,-3591.762,-5591.980,174.336,-56.815,0.546347,0.836529,0.041521,-0.837029,0.547094,-0.008475,-0.029805,-0.030124,0.999102,0,0.83689,-0.49337,50.213,-0.987,-1,400.000,-1,400.000,-1,325.000,325.000,300.000,300.000,950.000,-1,-1,-1,775.000,675.000,-1,-1,2,0,2,0,2,0,0,0,0,1,2,2,2,0,0,2,2
103,-3565.352,-5634.313,172.894,-58.042,0.528316,0.848034,0.041478,-0.848550,0.529049,-0.008415,-0.029080,-0.030751,0.999104,0,0.83159,-0.61337,49.895,-1.227,-1,400.000,-1,375.000,-1,325.000,325.000,300.000,300.000,900.000,-1,-1,-1,750.000,675.000,-1,-1,2,0,2,0,2,0,0,0,0,1,2,2,2,0,0,2,2
104,-3540.129,-5677.046,171.490,-59.450,0.507329,0.860752,0.041507,-0.861292,0.508044,-0.008212,-0.028156,-0.031583,0.999104,0,0.82702,-0.70382,49.621,-1.408,-1,400.000,-1,375.000,-1,325.000,325.000,300.000,300.000,875.000,-1,-1,-1,750.000,650.000,-1,-1,2,0,2,0,2,0,0,0,0,1,2,2,2,0,0,2,2
105,-3516.084,-5720.214,170.099,-60.882,0.485660,0.873159,0.041578,-0.873725,0.486354,-0.007968,-0.027179,-0.032458,0.999104,0,0.82354,-0.71622,49.412,-1.432,-1,400.000,-1,375.000,-1,325.000,325.000,300.000,300.000,850.000,-1,-1,-1,725.000,650.000,-1,-1,2,0,2,0,2,0,0,0,0,1,2,2,2,0,0,2,2
106,-3493.199,-5763.878,168.775,-62.341,0.463269,0.885225,0.041932,-0.885827,0.463950,-0.007727,-0.026295,-0.033565,0.999091,0,0.82163,-0.72941,49.298,-1.459,-1,400.000,-1,375.000,-1,325.000,300.000,300.000,300.000,875.000,-1,-1,-1,725.000,650.000,-1,-1,2,0,2,0,2,0,0,0,0,1,2,2,2,0,0,2,2
107,-3471.464,-5808.101,167.510,-63.827,0.440134,0.896924,0.042535,-0.897571,0.440807,-0.007501,-0.025478,-0.034876,0.999067,0,0.82126,-0.74336,49.276,-1.487,-1,400.000,-1,375.000,-1,325.000,300.000,300.000,300.000,875.000,-1,-1,-1,700.000,625.000,-1,-1,2,0,2,0,2,0,0,0,0,1,2,2,2,0,0,2,2
108,-3450.878,-5852.946,166.468,-65.344,0.416249,0.908203,0.043629,-0.908934,0.416891,-0.006382,-0.023985,-0.036999,0.999027,0,0.82240,-0.75804,49.344,-1.516,-1,375.000,-1,350.000,-1,300.000,300.000,300.000,300.000,900.000,-1,-1,-1,675.000,625.000,-1,-1,2,0,2,0,2,0,0,0,0,1,2,2,2,0,0,2,2
109,-3431.449,-5898.474,165.704,-66.890,0.391599,0.919015,0.045404,-0.919881,0.392175,-0.004187,-0.021654,-0.040126,0.998960,0,0.82500,-0.77343,49.500,-1.547,-1,375.000,-1,350.000,-1,300.000,300.000,300.000,300.000,925.000,-1,-1,-1,675.000,625.000,-1,-1,2,0,2,0,2,0,0,0,0,1,2,2,2,0,0,2,2
110,-3413.192,-5944.744,164.967,-68.469,0.366154,0.929349,0.047355,-0.930356,0.366653,-0.002010,-0.019230,-0.043321,0.998876,0,0.82902,-0.78952,49.741,-1.579,-1,375.000,-1,350.000,-1,300.000,300.000,300.000,300.000,950.000,-1,-1,-1,675.000,625.000,-1,-1,2,0,2,0,2,0,0,0,0,1,2,2,2,0,0,2,2
111,-3396.135,-5991.814,164.314,-70.082,0.339889,0.939170,0.049340,-0.940314,0.340308,-0.000099,-0.016884,-0.046362,0.998782,0,0.83442,-0.80628,50.065,-1.613,-1,375.000,-1,350.000,-1,300.000,300.000,300.000,300.000,1000.000,-1,-1,-1,650.000,625.000,-1,-1,2,0,2,0,2,0,0,0,0,1,2,2,2,0,0,2,2
112,-3380.312,-6039.737,164.131,-71.729,0.312867,0.948507,0.049486,-0.949702,0.313148,0.002182,-0.013427,-0.047679,0.998772,0,0.84113,-0.82372,50.468,-1.647,-1,375.000,-1,350.000,-1,300.000,300.000,300.000,300.000,-1,-1,-1,-1,675.000,625.000,-1,-1,2,0,2,0,2,0,0,0,0,2,2,2,2,0,0,2,2
113,-3365.769,-6088.565,164.296,-73.413,0.285052,0.957294,0.048313,-0.958471,0.285143,0.005151,-0.008846,-0.047775,0.998819,0,0.84912,-0.84183,50.947,-1.684,-1,375.000,-1,350.000,-1,300.000,300.000,300.000,300.000,-1,775.000,950.000,-1,675.000,625.000,-1,-1,2,0,2,0,2,0,0,0,0,2,0,0,2,0,0,2,2
114,-3352.557,-6138.341,164.516,-75.134,0.256362,0.965422,0.047319,-0.966572,0.256260,0.008304,-0.004110,-0.047866,0.998845,0,0.85832,-0.86059,51.499,-1.721,-1,375.000,-1,375.000,-1,300.000,300.000,300.000,300.000,-1,600.000,725.000,-1,675.000,625.000,-1,-1,2,0,2,0,2,0,0,0,0,2,0,0,2,0,0,2,2
115,-3340.739,-6189.105,164.795,-76.894,0.226784,0.972833,0.046523,-0.973945,0.226487,0.011635,0.000782,-0.047950,0.998849,0,0.86869,-0.88001,52.121,-1.760,-1,375.000,-1,375.000,-1,300.000,300.000,300.000,300.000,-1,525.000,625.000,-1,675.000,625.000,-1,-1,2,0,2,0,2,0,0,0,0,2,0,0,2,0,0,2,2
116,-3330.387,-6240.890,165.136,-78.694,0.196312,0.979464,0.045946,-0.980524,0.195814,0.015138,0.005830,-0.048023,0.998829,0,0.88016,-0.90007,52.810,-1.800,-1,375.000,-1,375.000,-1,300.000,300.000,325.000,300.000,-1,450.000,525.000,-1,675.000,625.000,-1,-1,2,0,2,0,2,0,0,0,0,2,0,0,2,0,0,2,2
117,-3321.580,-6293.723,165.546,-80.536,0.164941,0.985248,0.045609,-0.986242,0.164237,0.018800,0.011032,-0.048082,0.998782,0,0.89269,-0.92078,53.561,-1.842,-1,375.000,-1,375.000,-1,300.000,300.000,325.000,300.000,-1,400.000,475.000,-1,650.000,625.000,-1,-1,2,0,2,0,2,0,0,0,0,2,0,0,2,0,0,2,2
118,-3314.409,-6347.621,166.045,-82.420,0.132669,0.990111,0.045601,-0.991026,0.131752,0.022567,0.016336,-0.048186,0.998705,0,0.90620,-0.94213,54.372,-1.884,-1,375.000,-1,375.000,-1,300.000,300.000,325.000,300.000,-1,350.000,400.000,-1,650.000,650.000,-1,-1,2,0,2,0,2,0,0,0,0,2,0,0,2,0,0,2,2
119,-3308.863,-6403.860,166.652,-84.367,0.099179,0.994009,0.045936,-0.994830,0.098035,0.026510,0.021848,-0.048328,0.998593,0,0.94185,-0.97353,56.511,-1.947,-1,375.000,-1,375.000,-1,300.000,300.000,325.000,300.000,-1,300.000,325.000,-1,650.000,650.000,-1,-1,2,0,2,0,2,0,0,0,0,2,0,0,2,0,0,2,2
120,-3305.195,-6461.149,167.342,-86.336,0.065206,0.996785,0.046559,-0.997493,0.063825,0.030561,0.027491,-0.048435,0.998448,0,0.95675,-0.98448,57.405,-1.969,-1,375.000,-1,375.000,-1,300.000,300.000,300.000,300.000,-1,275.000,300.000,-1,650.000,650.000,-1,-1,2,0,2,0,2,0,0,0,0,2,0,0,2,0,0,2,2
121,-3303.487,-6519.171,168.116,-88.313,0.031035,0.998390,0.047475,-0.998966,0.029404,0.034675,0.033223,-0.048502,0.998270,0,0.96744,-0.98837,58.046,-1.977,-1,375.000,-1,375.000,-1,300.000,300.000,300.000,300.000,-1,250.000,250.000,-1,650.000,650.000,975.000,-1,2,0,2,0,2,0,0,0,0,2,0,0,2,0,0,1,2
122,-3303.773,-6577.533,169.790,-90.280,-0.003069,0.998832,0.048220,-0.999277,-0.004890,0.037693,0.037885,-0.048069,0.998125,0,0.97270,-0.98372,58.362,-1.967,950.000,375.000,-1,375.000,-1,300.000,300.000,300.000,300.000,-1,250.000,275.000,-1,650.000,675.000,950.000,-1,1,0,2,0,2,0,0,0,0,2,0,0,2,0,0,1,2
123,-3306.064,-6636.133,172.944,-92.237,-0.037059,0.998179,0.047596,-0.998419,-0.038998,0.040473,0.042256,-0.046021,0.998046,0,0.97741,-0.97843,58.644,-1.957,875.000,375.000,-1,375.000,-1,300.000,300.000,300.000,300.000,-1,300.000,300.000,-1,675.000,675.000,950.000,-1,1,0,2,0,2,0,0,0,0,2,0,0,2,0,0,1,2
124,-3310.361,-6694.866,176.188,-94.182,-0.070812,0.996374,0.047171,-0.996404,-0.072861,0.043256,0.046536,-0.043938,0.997950,0,0.98150,-0.97253,58.890,-1.945,825.000,375.000,-1,375.000,-1,300.000,300.000,325.000,300.000,-1,325.000,325.000,-1,675.000,700.000,1000.000,-1,1,0,2,0,2,0,0,0,0,2,0,0,2,0,0,1,2
125,-3316.657,-6753.624,179.513,-96.114,-0.104266,0.993441,0.046941,-0.993256,-0.106421,0.046020,0.050714,-0.041826,0.997837,0,0.98489,-0.96601,59.093,-1.932,800.000,375.000,-1,375.000,-1,300.000,300.000,325.000,300.000,-1,375.000,375.000,-1,700.000,725.000,-1,-1,1,0,2,0,2,0,0,0,0,2,0,0,2,0,0,2,2
126,-3324.937,-6812.294,182.900,-98.032,-0.137371,0.989411,0.046853,-0.989006,-0.139621,0.048715,0.054740,-0.039646,0.997713,0,0.98752,-0.95892,59.251,-1.918,800.000,375.000,-1,375.000,-1,300.000,300.000,325.000,300.000,-1,400.000,400.000,-1,700.000,750.000,-1,-1,1,0,2,0,2,0,0,0,0,2,0,0,2,0,0,2,2
127,-3335.180,-6870.763,186.312,-99.935,-0.170081,0.984319,0.046774,-0.983691,-0.172408,0.051257,0.058517,-0.037294,0.997590,0,0.98931,-0.95128,59.359,-1.903,800.000,375.000,-1,375.000,-1,300.000,300.000,325.000,325.000,-1,450.000,425.000,-1,725.000,775.000,-1,-1,1,0,2,0,2,0,0,0,0,2,0,0,2,0,0,2,2
128,-3347.352,-6928.917,189.765,-101.821,-0.202341,0.978197,0.046790,-0.977344,-0.204733,0.053697,0.062105,-0.034865,0.997460,0,0.99022,-0.94314,59.413,-1.886,875.000,375.000,-1,400.000,-1,300.000,325.000,325.000,325.000,-1,475.000,450.000,-1,725.000,800.000,-1,-1,1,0,2,0,2,0,0,0,0,2,0,0,2,0,0,2,2
129,-3360.978,-6985.812,193.195,-103.467,-0.230321,0.971985,0.046874,-0.970919,-0.232769,0.055993,0.065335,-0.032615,0.997330,0,0.97506,-0.82314,58.503,-1.646,950.000,375.000,-1,400.000,-1,325.000,325.000,300.000,325.000,-1,525.000,475.000,-1,750.000,825.000,-1,-1,1,0,2,0,2,0,0,0,0,2,0,0,2,0,0,2,2
130,-3375.985,-7042.313,196.647,-104.874,-0.254074,0.966043,0.046987,-0.964773,-0.256570,0.058184,0.068264,-0.030548,0.997200,0,0.97433,-0.70314,58.460,-1.406,-1,400.000,-1,400.000,-1,325.000,325.000,300.000,325.000,-1,525.000,475.000,-1,750.000,875.000,-1,-1,2,0,2,0,2,0,0,0,0,2,0,0,2,0,0,2,2
131,-3392.117,-7098.422,200.109,-106.040,-0.273657,0.960674,0.047092,-0.959210,-0.276195,0.060277,0.070913,-0.028675,0.997070,0,0.97302,-0.58314,58.381,-1.166,-1,400.000,-1,400.000,-1,325.000,325.000,300.000,325.000,-1,475.000,450.000,-1,775.000,900.000,-1,-1,2,0,2,0,2,0,0,0,0,2,0,0,2,0,0,2,2
132,-3409.123,-7154.158,203.881,-106.966,-0.289263,0.956159,0.045680,-0.954515,-0.291712,0.061689,0.072310,-0.025758,0.997050,0,0.97121,-0.46314,58.273,-0.926,-1,400.000,-1,425.000,-1,325.000,325.000,300.000,300.000,-1,500.000,450.000,-1,800.000,925.000,-1,-1,2,0,2,0,2,0,0,0,0,2,0,0,2,0,0,2,2
133,-3426.754,-7209.561,207.646,-107.653,-0.300853,0.952659,0.043906,-0.950913,-0.303164,0.062100,0.072471,-0.023067,0.997104,0,0.96901,-0.34314,58.141,-0.686,-1,400.000,-1,425.000,-1,325.000,325.000,300.000,300.000,-1,550.000,500.000,-1,825.000,925.000,-1,-1,2,0,2,0,2,0,0,0,0,2,0,0,2,0,0,2,2
134,-3444.769,-7264.683,211.383,-108.099,-0.308417,0.950319,0.042103,-0.948486,-0.310591,0.062506,0.072477,-0.020656,0.997156,0,0.96652,-0.22314,57.991,-0.446,-1,400.000,-1,425.000,-1,325.000,325.000,300.000,300.000,-1,625.000,525.000,-1,825.000,950.000,-1,-1,2,0,2,0,2,0,0,0,0,2,0,0,2,0,0,2,2
135,-3462.932,-7319.586,215.426,-108.305,-0.311943,0.949212,0.041098,-0.947427,-0.314017,0.061439,0.071224,-0.019772,0.997264,0,0.96383,-0.10314,57.830,-0.206,-1,400.000,-1,425.000,-1,325.000,325.000,300.000,300.000,-1,725.000,650.000,-1,850.000,950.000,-1,-1,2,0,2,0,2,0,0,0,0,2,0,0,2,0,0,2,2
136,-3481.011,-7374.341,219.308,-108.271,-0.311528,0.949415,0.039503,-0.947697,-0.313464,0.060093,0.069436,-0.018716,0.997411,0,0.96105,0.01686,57.663,0.034,-1,400.000,-1,425.000,-1,325.000,325.000,300.000,300.000,-1,875.000,775.000,-1,850.000,975.000,-1,-1,2,0,2,0,2,0,0,0,0,2,0,0,2,0,0,2,2
