timestep,x_cm,y_cm,z_cm,yaw_deg,basis_xx,basis_xy,basis_xz,basis_yx,basis_yy,basis_yz,basis_zx,basis_zy,basis_zz,teleport_flag,throttle_cmd,steering_cmd,cmd_move_cm,cmd_turn_deg,lidar_cm_0,lidar_cm_1,lidar_cm_2,lidar_cm_3,lidar_cm_4,lidar_cm_5,lidar_cm_6,lidar_cm_7,lidar_cm_8,lidar_cm_9,lidar_cm_10,lidar_cm_11,lidar_cm_12,lidar_cm_13,lidar_cm_14,lidar_cm_15,lidar_cm_16,lidar_class_0,lidar_class_1,lidar_class_2,lidar_class_3,lidar_class_4,lidar_class_5,lidar_class_6,lidar_class_7,lidar_class_8,lidar_class_9,lidar_class_10,lidar_class_11,lidar_class_12,lidar_class_13,lidar_class_14,lidar_class_15,lidar_class_16
0,1635.145,6888.397,72.932,166.173,-0.968181,-0.237617,0.078513,0.226484,-0.965437,-0.128984,0.106449,-0.107098,0.988534,1,0.08000,-0.12000,4.800,-0.240,-1,400.000,-1,475.000,-1,350.000,375.000,200.000,350.000,-1,-1,0.000,-1,775.000,-1,-1,-1,2,0,2,0,2,0,0,0,0,2,2,1,2,0,2,2,2
1,1625.844,6890.772,74.213,165.693,-0.966284,-0.245780,0.076730,0.235110,-0.963739,-0.126214,0.104969,-0.103919,0.989031,0,0.16000,-0.24000,9.600,-0.480,-1,400.000,-1,475.000,-1,350.000,350.000,200.000,350.000,-1,-1,0.000,-1,775.000,-1,-1,-1,2,0,2,0,2,0,0,0,0,2,2,1,2,0,2,2,2
2,1611.938,6894.510,76.147,164.973,-0.963298,-0.257997,0.074125,0.248006,-0.961046,-0.121999,0.102713,-0.099138,0.989758,0,0.24000,-0.36000,14.400,-0.720,-1,400.000,-1,475.000,-1,350.000,350.000,200.000,325.000,-1,-1,0.000,-1,775.000,-1,-1,-1,2,0,2,0,2,0,0,0,0,2,2,1,2,0,2,2,2
3,1593.471,6899.765,78.715,164.130,-0.959599,-0.272278,0.070951,0.263141,-0.957716,-0.116344,0.099629,-0.092973,0.990672,0,0.32000,-0.42169,19.200,-0.843,-1,400.000,-1,450.000,-1,350.000,350.000,225.000,325.000,-1,-1,0.000,-1,775.000,-1,-1,-1,2,0,2,0,2,0,0,0,0,2,2,1,2,0,2,2,2
4,1570.488,6906.675,81.885,163.281,-0.955665,-0.286624,0.067464,0.278465,-0.954201,-0.109352,0.095718,-0.085718,0.991711,0,0.40000,-0.42443,24.000,-0.849,-1,400.000,-1,450.000,-1,350.000,350.000,225.000,325.000,-1,-1,-1,-1,775.000,-1,-1,-1,2,0,2,0,2,0,0,0,0,2,2,2,2,0,2,2,2
5,1543.035,6915.377,85.629,162.425,-0.951476,-0.301046,0.063760,0.293944,-0.950454,-0.101165,0.091057,-0.077514,0.992824,0,0.48000,-0.42790,28.800,-0.856,-1,400.000,-1,425.000,-1,325.000,350.000,225.000,325.000,-1,-1,-1,-1,775.000,950.000,-1,-1,2,0,2,0,2,0,0,0,0,2,2,2,2,0,0,2,2
6,1511.162,6926.009,89.911,161.561,-0.947012,-0.315556,0.059943,0.309539,-0.946428,-0.091981,0.085757,-0.068552,0.993955,0,0.56000,-0.43212,33.600,-0.864,-1,400.000,-1,425.000,-1,325.000,325.000,250.000,300.000,-1,-1,-1,-1,750.000,900.000,-1,-1,2,0,2,0,2,0,0,0,0,2,2,2,2,0,0,2,2
7,1474.926,6938.714,94.678,160.687,-0.942255,-0.330159,0.056121,0.325208,-0.942075,-0.082063,0.079964,-0.059073,0.995046,0,0.64000,-0.43710,38.400,-0.874,-1,400.000,-1,400.000,-1,325.000,325.000,275.000,300.000,-1,-1,-1,-1,750.000,850.000,-1,-1,2,0,2,0,2,0,0,0,0,2,2,2,2,0,0,2,2
8,1436.309,6952.925,99.637,159.801,-0.937183,-0.344858,0.052544,0.340869,-0.937337,-0.072164,0.074138,-0.049720,0.996008,0,0.68583,-0.44286,41.150,-0.886,-1,400.000,-1,400.000,-1,325.000,325.000,275.000,300.000,-1,-1,-1,-1,725.000,800.000,-1,-1,2,0,2,0,2,0,0,0,0,2,2,2,2,0,0,2,2
9,1397.732,6967.810,102.771,158.903,-0.931679,-0.359541,0.052008,0.355648,-0.931899,-0.071273,0.074092,-0.047907,0.996100,0,0.68914,-0.44910,41.349,-0.898,-1,400.000,-1,400.000,-1,325.000,325.000,275.000,300.000,-1,-1,-1,-1,725.000,800.000,-1,-1,2,0,2,0,2,0,0,0,0,2,2,2,2,0,0,2,2
10,1359.195,6983.387,105.851,157.992,-0.925837,-0.374335,0.051958,0.370467,-0.926127,-0.071019,0.074705,-0.046504,0.996121,0,0.69277,-0.45544,41.566,-0.911,-1,400.000,-1,400.000,-1,325.000,325.000,275.000,300.000,-1,-1,-1,-1,725.000,800.000,-1,-1,2,0,2,0,2,0,0,0,0,2,2,2,2,0,0,2,2
11,1320.697,6999.675,108.987,157.068,-0.919669,-0.389243,0.051945,0.385399,-0.920032,-0.070773,0.075340,-0.045068,0.996139,0,0.69669,-0.46186,41.802,-0.924,-1,400.000,-1,400.000,-1,325.000,325.000,275.000,300.000,-1,-1,-1,-1,725.000,800.000,-1,-1,2,0,2,0,2,0,0,0,0,2,2,2,2,0,0,2,2
12,1282.241,7016.693,112.272,156.131,-0.913141,-0.404264,0.052384,0.400442,-0.913620,-0.070321,0.076287,-0.043236,0.996148,0,0.70088,-0.46837,42.053,-0.937,-1,400.000,-1,400.000,-1,325.000,325.000,275.000,300.000,-1,-1,-1,-1,750.000,800.000,-1,-1,2,0,2,0,2,0,0,0,0,2,2,2,2,0,0,2,2
13,1243.832,7034.456,115.676,155.181,-0.906252,-0.419392,0.053089,0.415590,-0.906871,-0.069785,0.077412,-0.041179,0.996148,0,0.70530,-0.47496,42.318,-0.950,-1,400.000,-1,400.000,-1,325.000,325.000,275.000,300.000,-1,-1,-1,-1,750.000,825.000,-1,-1,2,0,2,0,2,0,0,0,0,2,2,2,2,0,0,2,2
14,1205.476,7052.984,119.170,154.218,-0.899036,-0.434608,0.053381,0.430827,-0.899754,-0.069511,0.078240,-0.039494,0.996152,0,0.70993,-0.48163,42.596,-0.963,-1,400.000,-1,400.000,-1,325.000,325.000,275.000,300.000,-1,-1,-1,-1,750.000,825.000,-1,-1,2,0,2,0,2,0,0,0,0,2,2,2,2,0,0,2,2
15,1167.183,7072.294,122.672,153.241,-0.891464,-0.449910,0.053589,0.446149,-0.892270,-0.069323,0.079005,-0.037890,0.996154,0,0.71477,-0.48838,42.886,-0.977,-1,400.000,-1,400.000,-1,325.000,325.000,275.000,300.000,-1,-1,-1,-1,750.000,825.000,-1,-1,2,0,2,0,2,0,0,0,0,2,2,2,2,0,0,2,2
16,1128.963,7092.402,126.169,152.251,-0.883527,-0.465293,0.053694,0.461555,-0.884411,-0.069167,0.079671,-0.036328,0.996159,0,0.71978,-0.49520,43.187,-0.990,-1,400.000,-1,400.000,-1,325.000,325.000,275.000,300.000,-1,-1,-1,-1,775.000,825.000,-1,-1,2,0,2,0,2,0,0,0,0,2,2,2,2,0,0,2,2
17,1090.830,7113.326,129.661,151.247,-0.875214,-0.480747,0.053695,0.477035,-0.876168,-0.069053,0.080243,-0.034822,0.996167,0,0.72495,-0.50210,43.497,-1.004,-1,400.000,-1,400.000,-1,325.000,325.000,275.000,300.000,-1,-1,-1,-1,775.000,850.000,-1,-1,2,0,2,0,2,0,0,0,0,2,2,2,2,0,0,2,2
18,1052.797,7135.083,133.145,150.229,-0.866516,-0.496264,0.053586,0.492579,-0.867530,-0.068982,0.080721,-0.033378,0.996178,0,0.73026,-0.50907,43.816,-1.018,-1,400.000,-1,400.000,-1,325.000,325.000,275.000,300.000,-1,-1,-1,-1,775.000,850.000,-1,-1,2,0,2,0,2,0,0,0,0,2,2,2,2,0,0,2,2
19,1014.881,7157.689,136.620,149.196,-0.857425,-0.511835,0.053363,0.508178,-0.858488,-0.068950,0.081102,-0.032001,0.996192,0,0.73572,-0.51611,44.143,-1.032,-1,400.000,-1,400.000,-1,325.000,325.000,275.000,300.000,-1,-1,-1,-1,775.000,850.000,-1,-1,2,0,2,0,2,0,0,0,0,2,2,2,2,0,0,2,2
20,977.101,7181.160,140.074,148.150,-0.847931,-0.527450,0.053015,0.523827,-0.849033,-0.068912,0.081359,-0.030662,0.996213,0,0.74129,-0.52321,44.477,-1.046,-1,400.000,-1,400.000,-1,325.000,325.000,275.000,300.000,-1,-1,-1,-1,775.000,850.000,-1,-1,2,0,2,0,2,0,0,0,0,2,2,2,2,0,0,2,2
21,939.475,7205.512,143.517,147.089,-0.838024,-0.543098,0.052545,0.539509,-0.839154,-0.068924,0.081526,-0.029412,0.996237,0,0.74698,-0.53038,44.819,-1.061,-1,400.000,-1,400.000,-1,325.000,325.000,275.000,300.000,-1,-1,-1,-1,800.000,850.000,-1,-1,2,0,2,0,2,0,0,0,0,2,2,2,2,0,0,2,2
22,906.381,7228.013,146.566,145.788,-0.825479,-0.562031,0.052014,0.558477,-0.826645,-0.069001,0.081778,-0.027910,0.996260,0,0.66698,-0.65038,40.019,-1.301,-1,400.000,-1,425.000,-1,325.000,325.000,275.000,300.000,-1,-1,-1,-1,800.000,850.000,-1,-1,2,0,2,0,2,0,0,0,0,2,2,2,2,0,0,2,2
23,877.724,7248.484,149.236,144.461,-0.812238,-0.581054,0.051437,0.577536,-0.813436,-0.069091,0.081986,-0.026411,0.996283,0,0.58698,-0.66372,35.219,-1.327,-1,400.000,-1,425.000,-1,325.000,325.000,275.000,300.000,-1,-1,-1,-1,800.000,850.000,-1,-1,2,0,2,0,2,0,0,0,0,2,2,2,2,0,0,2,2
24,853.392,7266.739,151.612,143.122,-0.798437,-0.599929,0.050831,0.596481,-0.799675,-0.068777,0.081910,-0.024594,0.996336,0,0.50698,-0.66941,30.419,-1.339,-1,400.000,-1,425.000,-1,325.000,325.000,275.000,300.000,-1,-1,-1,-1,800.000,850.000,-1,-1,2,0,2,0,2,0,0,0,0,2,2,2,2,0,0,2,2
25,833.331,7282.672,153.604,141.543,-0.781591,-0.621765,0.050241,0.618386,-0.782881,-0.068534,0.081945,-0.022497,0.996383,0,0.42698,-0.78941,25.619,-1.579,-1,400.000,-1,425.000,-1,325.000,325.000,275.000,300.000,-1,-1,-1,-1,800.000,850.000,-1,-1,2,0,2,0,2,0,0,0,0,2,2,2,2,0,0,2,2
26,817.400,7296.074,155.216,139.929,-0.763740,-0.643609,0.049696,0.640293,-0.765083,-0.068359,0.082018,-0.020388,0.996422,0,0.34698,-0.80740,20.819,-1.615,-1,400.000,-1,400.000,-1,325.000,325.000,275.000,300.000,-1,-1,-1,-1,800.000,850.000,-1,-1,2,0,2,0,2,0,0,0,0,2,2,2,2,0,0,2,2
27,805.436,7306.726,156.499,138.320,-0.745348,-0.664855,0.049233,0.661617,-0.746753,-0.067991,0.081969,-0.018103,0.996470,0,0.26698,-0.80405,16.019,-1.608,-1,400.000,-1,400.000,-1,325.000,325.000,275.000,300.000,-1,-1,-1,-1,800.000,825.000,-1,-1,2,0,2,0,2,0,0,0,0,2,2,2,2,0,0,2,2
28,797.269,7314.417,157.421,136.718,-0.726420,-0.685511,0.048882,0.682352,-0.727892,-0.067593,0.081917,-0.015746,0.996515,0,0.18698,-0.80147,11.219,-1.603,-1,400.000,-1,400.000,-1,325.000,325.000,275.000,300.000,-1,-1,-1,-1,800.000,825.000,-1,-1,2,0,2,0,2,0,0,0,0,2,2,2,2,0,0,2,2
29,792.721,7318.947,157.949,135.118,-0.706955,-0.705583,0.048648,0.702491,-0.708500,-0.067336,0.081978,-0.013428,0.996544,0,0.10698,-0.79967,6.419,-1.599,-1,400.000,-1,400.000,-1,325.000,325.000,275.000,300.000,-1,-1,-1,-1,800.000,825.000,-1,-1,2,0,2,0,2,0,0,0,0,2,2,2,2,0,0,2,2
30,791.607,7320.120,158.084,133.521,-0.686953,-0.725079,0.048541,0.722043,-0.688576,-0.067211,0.082157,-0.011122,0.996557,0,0.02698,-0.79865,1.619,-1.597,-1,400.000,-1,400.000,-1,325.000,325.000,275.000,300.000,-1,-1,-1,-1,800.000,825.000,-1,-1,2,0,2,0,2,0,0,0,0,2,2,2,2,0,0,2,2
31,793.733,7317.753,157.824,131.924,-0.666410,-0.744002,0.048567,0.741012,-0.668120,-0.067212,0.082454,-0.008802,0.996556,0,-0.05302,-0.79839,-3.181,-1.597,-1,400.000,-1,400.000,-1,325.000,325.000,275.000,300.000,-1,-1,-1,-1,800.000,825.000,-1,-1,2,0,2,0,2,0,0,0,0,2,2,2,2,0,0,2,2
32,798.898,7311.669,157.167,130.326,-0.645321,-0.762355,0.048732,0.759404,-0.647126,-0.067333,0.082867,-0.006444,0.996540,0,-0.13302,-0.79889,-7.981,-1.598,-1,400.000,-1,400.000,-1,325.000,325.000,275.000,300.000,-1,-1,-1,-1,800.000,825.000,-1,-1,2,0,2,0,2,0,0,0,0,2,2,2,2,0,0,2,2
33,806.894,7301.697,156.147,128.726,-0.623676,-0.780141,0.049081,0.777235,-0.625592,-0.067379,0.083270,-0.003875,0.996519,0,-0.21302,-0.80015,-12.781,-1.600,-1,400.000,-1,400.000,-1,325.000,325.000,275.000,300.000,-1,-1,-1,-1,825.000,825.000,-1,-1,2,0,2,0,2,0,0,0,0,2,2,2,2,0,0,2,2
34,817.504,7287.678,154.810,127.122,-0.601462,-0.797355,0.049692,0.794526,-0.603510,-0.067113,0.083502,-0.000884,0.996507,0,-0.29302,-0.80214,-17.581,-1.604,-1,400.000,-1,400.000,-1,325.000,325.000,275.000,300.000,-1,-1,-1,-1,825.000,825.000,-1,-1,2,0,2,0,2,0,0,0,0,2,2,2,2,0,0,2,2
35,829.206,7271.279,153.270,125.512,-0.578683,-0.813991,0.050441,0.811247,-0.580873,-0.066819,0.083690,0.002253,0.996489,0,-0.33577,-0.80485,-20.146,-1.610,-1,400.000,-1,400.000,-1,325.000,325.000,300.000,300.000,-1,1000.000,-1,-1,825.000,800.000,-1,-1,2,0,2,0,2,0,0,0,0,2,0,2,2,0,0,2,2
36,840.503,7254.464,151.715,123.896,-0.555350,-0.830037,0.051236,0.827384,-0.557682,-0.066530,0.083796,0.005444,0.996468,0,-0.33763,-0.80793,-20.258,-1.616,-1,425.000,-1,400.000,-1,325.000,325.000,300.000,300.000,-1,925.000,-1,-1,825.000,800.000,-1,-1,2,0,2,0,2,0,0,0,0,2,0,2,2,0,0,2,2
37,851.376,7237.247,150.148,122.274,-0.531477,-0.845470,0.052076,0.842916,-0.533952,-0.066247,0.083816,0.008687,0.996443,0,-0.33937,-0.81099,-20.362,-1.622,-1,425.000,-1,400.000,-1,325.000,325.000,300.000,300.000,-1,875.000,1000.000,-1,825.000,800.000,-1,-1,2,0,2,0,2,0,0,0,0,2,0,0,2,0,0,2,2
38,861.803,7219.646,148.571,120.646,-0.507081,-0.860270,0.052960,0.857820,-0.509698,-0.065971,0.083747,0.011977,0.996415,0,-0.34097,-0.81402,-20.458,-1.628,-1,425.000,-1,400.000,-1,325.000,325.000,300.000,300.000,-1,825.000,950.000,-1,825.000,800.000,-1,-1,2,0,2,0,2,0,0,0,0,2,0,0,2,0,0,2,2
39,871.766,7201.679,146.986,119.012,-0.482177,-0.874415,0.053887,0.872077,-0.484938,-0.065705,0.083585,0.015312,0.996383,0,-0.34241,-0.81703,-20.544,-1.634,-1,425.000,-1,400.000,-1,325.000,325.000,300.000,300.000,-1,775.000,875.000,-1,825.000,775.000,-1,-1,2,0,2,0,2,0,0,0,0,2,0,0,2,0,0,2,2
40,881.245,7183.367,145.396,117.372,-0.456785,-0.887884,0.054855,0.885666,-0.459687,-0.065449,0.083328,0.018687,0.996347,0,-0.34368,-0.82000,-20.621,-1.640,-1,425.000,-1,400.000,-1,325.000,325.000,300.000,300.000,-1,725.000,825.000,-1,850.000,775.000,-1,-1,2,0,2,0,2,0,0,0,0,2,0,0,2,0,0,2,2
41,890.223,7164.731,143.803,115.726,-0.430923,-0.900658,0.055862,0.898566,-0.433966,-0.065206,0.082971,0.022097,0.996307,0,-0.34476,-0.82293,-20.686,-1.646,-1,425.000,-1,400.000,-1,325.000,325.000,300.000,300.000,-1,650.000,775.000,-1,850.000,775.000,-1,-1,2,0,2,0,2,0,0,0,0,2,0,0,2,0,0,2,2
42,896.765,7150.254,142.580,114.320,-0.408554,-0.910973,0.056670,0.908991,-0.411711,-0.065035,0.082577,0.024943,0.996273,0,-0.26476,-0.70293,-15.886,-1.406,-1,425.000,-1,400.000,-1,325.000,325.000,300.000,300.000,-1,600.000,750.000,-1,850.000,750.000,-1,-1,2,0,2,0,2,0,0,0,0,2,0,0,2,0,0,2,2
43,901.123,7140.061,141.709,113.155,-0.389823,-0.919105,0.057304,0.917220,-0.393067,-0.064854,0.082132,0.027279,0.996248,0,-0.18476,-0.58293,-11.086,-1.166,-1,425.000,-1,400.000,-1,325.000,325.000,300.000,300.000,-1,575.000,725.000,-1,850.000,750.000,-1,-1,2,0,2,0,2,0,0,0,0,2,0,0,2,0,0,2,2
44,903.489,7134.238,141.211,112.125,-0.373157,-0.925972,0.057705,0.924164,-0.376465,-0.064772,0.081701,0.029159,0.996230,0,-0.10476,-0.51488,-6.286,-1.030,-1,425.000,-1,400.000,-1,325.000,325.000,300.000,300.000,-1,550.000,700.000,-1,850.000,750.000,-1,-1,2,0,2,0,2,0,0,0,0,2,0,0,2,0,0,2,2
45,904.023,7132.852,141.088,111.093,-0.356365,-0.932554,0.057858,0.930806,-0.359719,-0.064823,0.081264,0.030753,0.996218,0,-0.02476,-0.51572,-1.486,-1.031,-1,425.000,-1,400.000,-1,325.000,325.000,300.000,300.000,-1,525.000,675.000,-1,850.000,750.000,-1,-1,2,0,2,0,2,0,0,0,0,2,0,0,2,0,0,2,2
46,902.886,7135.965,141.336,110.062,-0.339471,-0.938842,0.057746,0.937137,-0.342853,-0.065011,0.080833,0.032047,0.996212,0,0.05524,-0.51591,3.314,-1.032,-1,425.000,-1,400.000,-1,325.000,325.000,300.000,300.000,-1,500.000,650.000,-1,850.000,750.000,-1,-1,2,0,2,0,2,0,0,0,0,2,0,0,2,0,0,2,2
47,900.240,7143.635,141.948,109.031,-0.322503,-0.944829,0.057355,0.943146,-0.325895,-0.065335,0.080422,0.033023,0.996214,0,0.13524,-0.51548,8.114,-1.031,-1,425.000,-1,375.000,-1,325.000,325.000,300.000,300.000,-1,500.000,625.000,-1,850.000,750.000,-1,-1,2,0,2,0,2,0,0,0,0,2,0,0,2,0,0,2,2
48,896.248,7155.917,142.916,108.002,-0.305488,-0.950508,0.056666,0.948826,-0.308870,-0.065797,0.080043,0.033666,0.996223,0,0.21524,-0.51445,12.914,-1.029,-1,425.000,-1,375.000,-1,325.000,325.000,300.000,300.000,-1,475.000,600.000,-1,850.000,750.000,-1,-1,2,0,2,0,2,0,0,0,0,2,0,0,2,0,0,2,2
49,891.076,7172.860,144.211,106.976,-0.288449,-0.955873,0.055715,0.954176,-0.291803,-0.066323,0.079654,0.034031,0.996241,0,0.29524,-0.51282,17.714,-1.026,-1,400.000,-1,375.000,-1,325.000,325.000,300.000,300.000,-1,475.000,600.000,-1,850.000,750.000,-1,-1,2,0,2,0,2,0,0,0,0,2,0,0,2,0,0,2,2
50,884.888,7194.507,145.831,105.955,-0.271414,-0.960920,0.054465,0.959191,-0.274720,-0.066944,0.079291,0.034073,0.996269,0,0.37524,-0.51061,22.514,-1.021,-1,400.000,-1,400.000,-1,325.000,325.000,300.000,300.000,-1,475.000,575.000,-1,850.000,750.000,-1,-1,2,0,2,0,2,0,0,0,0,2,0,0,2,0,0,2,2
51,877.755,7220.873,147.774,105.139,-0.257778,-0.964755,0.052895,0.962963,-0.261009,-0.067652,0.079074,0.033497,0.996306,0,0.45524,-0.40810,27.314,-0.816,-1,400.000,-1,400.000,-1,325.000,325.000,300.000,300.000,-1,475.000,575.000,-1,850.000,750.000,-1,-1,2,0,2,0,2,0,0,0,0,2,0,0,2,0,0,2,2
52,869.807,7251.989,150.029,104.329,-0.244228,-0.968376,0.050993,0.966501,-0.247361,-0.068472,0.078920,0.032562,0.996349,0,0.53524,-0.40473,32.114,-0.809,-1,400.000,-1,400.000,-1,325.000,325.000,300.000,300.000,-1,475.000,575.000,-1,850.000,775.000,-1,-1,2,0,2,0,2,0,0,0,0,2,0,0,2,0,0,2,2
53,861.173,7287.879,152.821,103.528,-0.230752,-0.971753,0.049494,0.969875,-0.233792,-0.068441,0.078079,0.032211,0.996427,0,0.61524,-0.40078,36.914,-0.802,-1,400.000,-1,400.000,-1,325.000,325.000,300.000,300.000,-1,500.000,625.000,-1,850.000,775.000,-1,-1,2,0,2,0,2,0,0,0,0,2,0,0,2,0,0,2,2
54,851.978,7328.567,156.110,102.735,-0.217360,-0.974890,0.048407,0.973049,-0.220329,-0.068058,0.077014,0.032310,0.996506,0,0.69524,-0.39625,41.714,-0.792,-1,400.000,-1,400.000,-1,325.000,325.000,300.000,300.000,-1,525.000,675.000,-1,825.000,775.000,-1,-1,2,0,2,0,2,0,0,0,0,2,0,0,2,0,0,2,2
55,842.344,7374.073,159.731,101.953,-0.204112,-0.977810,0.047175,0.975997,-0.206999,-0.067689,0.075952,0.032226,0.996591,0,0.77524,-0.39112,46.514,-0.782,-1,400.000,-1,375.000,-1,325.000,325.000,300.000,300.000,-1,575.000,750.000,-1,825.000,775.000,-1,-1,2,0,2,0,2,0,0,0,0,2,0,0,2,0,0,2,2
56,832.393,7424.413,163.673,101.182,-0.191035,-0.980515,0.045776,0.978722,-0.193829,-0.067338,0.074898,0.031938,0.996680,0,0.85524,-0.38539,51.314,-0.771,-1,400.000,-1,375.000,-1,325.000,325.000,300.000,300.000,-1,625.000,800.000,-1,825.000,775.000,-1,-1,2,0,2,0,2,0,0,0,0,2,0,0,2,0,0,2,2
57,822.391,7478.784,167.863,100.424,-0.178149,-0.983009,0.044227,0.981226,-0.180842,-0.067014,0.073874,0.031458,0.996771,0,0.92139,-0.37905,55.284,-0.758,-1,400.000,-1,375.000,-1,325.000,325.000,300.000,300.000,-1,700.000,875.000,-1,825.000,800.000,-1,-1,2,0,2,0,2,0,0,0,0,2,0,0,2,0,0,2,2
58,813.054,7533.528,172.017,99.680,-0.165469,-0.985293,0.042636,0.983515,-0.168059,-0.066741,0.072925,0.030889,0.996859,0,0.92557,-0.37219,55.534,-0.744,-1,400.000,-1,375.000,-1,325.000,325.000,300.000,300.000,-1,750.000,950.000,-1,825.000,800.000,-1,-1,2,0,2,0,2,0,0,0,0,2,0,0,2,0,0,2,2
59,804.377,7588.638,176.137,98.949,-0.152999,-0.987375,0.041002,0.985596,-0.155486,-0.066512,0.072048,0.030235,0.996943,0,0.92982,-0.36527,55.789,-0.731,-1,400.000,-1,400.000,-1,325.000,325.000,300.000,300.000,-1,800.000,-1,-1,825.000,800.000,-1,-1,2,0,2,0,2,0,0,0,0,2,0,2,2,0,0,2,2
60,796.351,7644.109,180.227,98.233,-0.140746,-0.989264,0.039329,0.987479,-0.143128,-0.066324,0.071241,0.029502,0.997023,0,0.93415,-0.35828,56.049,-0.717,-1,400.000,-1,400.000,-1,325.000,325.000,300.000,300.000,-1,850.000,-1,-1,825.000,825.000,-1,-1,2,0,2,0,2,0,0,0,0,2,0,2,2,0,0,2,2
61,788.972,7699.938,184.288,97.530,-0.128713,-0.990968,0.037617,0.989173,-0.130992,-0.066172,0.070502,0.028693,0.997099,0,0.93856,-0.35124,56.314,-0.702,-1,400.000,-1,400.000,-1,325.000,325.000,300.000,300.000,-1,900.000,-1,-1,825.000,825.000,-1,-1,2,0,2,0,2,0,0,0,0,2,0,2,2,0,0,2,2
62,782.232,7756.117,188.324,96.842,-0.116908,-0.992495,0.035870,0.990685,-0.119082,-0.066051,0.069827,0.027814,0.997171,0,0.94304,-0.34414,56.583,-0.688,-1,400.000,-1,400.000,-1,325.000,325.000,300.000,300.000,-1,925.000,-1,-1,800.000,850.000,-1,-1,2,0,2,0,2,0,0,0,0,2,0,2,2,0,0,2,2
63,776.124,7812.644,192.336,96.168,-0.105334,-0.993852,0.034090,0.992025,-0.107402,-0.065958,0.069214,0.026870,0.997240,0,0.94760,-0.33697,56.856,-0.674,-1,400.000,-1,400.000,-1,325.000,325.000,300.000,300.000,-1,975.000,-1,-1,800.000,850.000,-1,-1,2,0,2,0,2,0,0,0,0,2,0,2,2,0,0,2,2
64,770.640,7869.514,196.149,95.508,-0.093958,-0.995032,0.032914,0.993221,-0.095957,-0.065603,0.068436,0.026527,0.997303,0,0.95223,-0.32975,57.134,-0.659,-1,400.000,-1,400.000,-1,325.000,325.000,300.000,300.000,-1,-1,-1,-1,800.000,875.000,-1,-1,2,0,2,0,2,0,0,0,0,2,2,2,2,0,0,2,2
65,765.805,7926.486,199.646,94.851,-0.082557,-0.996045,0.032843,0.994349,-0.084534,-0.064221,0.066743,0.027356,0.997395,0,0.95294,-0.32863,57.177,-0.657,-1,400.000,-1,400.000,-1,325.000,325.000,300.000,300.000,-1,-1,-1,-1,800.000,850.000,-1,-1,2,0,2,0,2,0,0,0,0,2,2,2,2,0,0,2,2
66,761.623,7983.509,203.103,94.194,-0.071156,-0.996928,0.032723,0.995352,-0.073101,-0.062691,0.064890,0.028110,0.997496,0,0.95294,-0.32863,57.177,-0.657,-1,400.000,-1,400.000,-1,325.000,325.000,300.000,300.000,-1,-1,-1,-1,800.000,850.000,-1,-1,2,0,2,0,2,0,0,0,0,2,2,2,2,0,0,2,2
67,758.096,8040.576,206.534,93.537,-0.059745,-0.997680,0.032631,0.996220,-0.061659,-0.061191,0.063061,0.028852,0.997593,0,0.95294,-0.32863,57.177,-0.657,-1,400.000,-1,400.000,-1,325.000,325.000,300.000,300.000,-1,-1,-1,-1,775.000,850.000,-1,-1,2,0,2,0,2,0,0,0,0,2,2,2,2,0,0,2,2
68,755.224,8097.681,209.939,92.879,-0.048327,-0.998300,0.032569,0.996952,-0.050210,-0.059716,0.061250,0.029584,0.997684,0,0.95294,-0.32863,57.177,-0.657,-1,400.000,-1,400.000,-1,325.000,325.000,300.000,300.000,-1,-1,-1,-1,775.000,850.000,-1,-1,2,0,2,0,2,0,0,0,0,2,2,2,2,0,0,2,2
69,753.007,8154.814,213.313,92.222,-0.036902,-0.998789,0.032546,0.997550,-0.038754,-0.058250,0.059441,0.030316,0.997771,0,0.95294,-0.32863,57.177,-0.657,-1,400.000,-1,400.000,-1,325.000,325.000,300.000,300.000,-1,-1,-1,-1,775.000,850.000,-1,-1,2,0,2,0,2,0,0,0,0,2,2,2,2,0,0,2,2
70,751.445,8211.969,216.658,91.565,-0.025472,-0.999145,0.032557,0.998013,-0.027293,-0.056792,0.057632,0.031046,0.997855,0,0.95294,-0.32863,57.177,-0.657,-1,400.000,-1,400.000,-1,325.000,325.000,300.000,300.000,-1,-1,-1,-1,775.000,850.000,-1,-1,2,0,2,0,2,0,0,0,0,2,2,2,2,0,0,2,2
71,750.540,8269.138,219.974,90.907,-0.014039,-0.999370,0.032600,0.998342,-0.015830,-0.055337,0.055818,0.031769,0.997935,0,0.95294,-0.32863,57.177,-0.657,-1,400.000,-1,400.000,-1,325.000,325.000,300.000,300.000,-1,-1,-1,-1,750.000,850.000,-1,-1,2,0,2,0,2,0,0,0,0,2,2,2,2,0,0,2,2
72,750.290,8326.314,223.259,90.250,-0.002606,-0.999463,0.032676,0.998538,-0.004365,-0.053881,0.053995,0.032488,0.998013,0,0.95294,-0.32863,57.177,-0.657,-1,400.000,-1,400.000,-1,325.000,325.000,300.000,300.000,-1,-1,-1,-1,750.000,850.000,-1,-1,2,0,2,0,2,0,0,0,0,2,2,2,2,0,0,2,2
73,750.696,8383.489,226.513,89.593,0.008827,-0.999423,0.032784,0.998600,0.007100,-0.052418,0.052155,0.033200,0.998087,0,0.95294,-0.32863,57.177,-0.657,-1,400.000,-1,400.000,-1,325.000,325.000,300.000,300.000,-1,-1,-1,-1,750.000,850.000,-1,-1,2,0,2,0,2,0,0,0,0,2,2,2,2,0,0,2,2
74,751.522,8440.953,229.767,89.176,0.016067,-0.999329,0.032902,0.998598,0.014378,-0.050936,0.050429,0.033674,0.998160,0,0.95783,-0.20863,57.470,-0.417,-1,400.000,-1,400.000,-1,325.000,325.000,300.000,300.000,-1,-1,-1,-1,750.000,850.000,-1,-1,2,0,2,0,2,0,0,0,0,2,2,2,2,0,0,2,2
75,752.561,8498.414,233.015,88.965,0.019705,-0.999260,0.033018,0.998614,0.018059,-0.049443,0.048810,0.033946,0.998231,0,0.95783,-0.10551,57.470,-0.211,-1,400.000,-1,400.000,-1,325.000,325.000,300.000,300.000,-1,-1,-1,-1,725.000,825.000,-1,-1,2,0,2,0,2,0,0,0,0,2,2,2,2,0,0,2,2
76,753.811,8555.870,235.915,88.754,0.023397,-0.999155,0.033801,0.998580,0.021738,-0.048633,0.047857,0.034891,0.998245,0,0.95783,-0.10551,57.470,-0.211,-1,400.000,-1,400.000,-1,325.000,325.000,300.000,300.000,-1,-1,-1,-1,725.000,825.000,-1,-1,2,0,2,0,2,0,0,0,0,2,2,2,2,0,0,2,2
77,755.271,8613.322,238.524,88.543,0.027134,-0.999008,0.035321,0.998514,0.025417,-0.048204,0.047258,0.036576,0.998213,0,0.95783,-0.10551,57.470,-0.211,-1,400.000,-1,400.000,-1,325.000,325.000,300.000,300.000,-1,-1,-1,-1,725.000,825.000,-1,-1,2,0,2,0,2,0,0,0,0,2,2,2,2,0,0,2,2
78,756.944,8670.768,241.120,88.332,0.030869,-0.998844,0.036842,0.998434,0.029094,-0.047772,0.046645,0.038259,0.998179,0,0.95783,-0.10551,57.470,-0.211,-1,375.000,-1,400.000,-1,325.000,325.000,300.000,300.000,-1,-1,-1,-1,725.000,825.000,-1,-1,2,0,2,0,2,0,0,0,0,2,2,2,2,0,0,2,2
79,758.828,8728.207,243.703,88.121,0.034600,-0.998665,0.038363,0.998341,0.032770,-0.047336,0.046015,0.039937,0.998142,0,0.95783,-0.10551,57.470,-0.211,-1,375.000,-1,400.000,-1,325.000,325.000,300.000,300.000,-1,-1,-1,-1,725.000,800.000,-1,-1,2,0,2,0,2,0,0,0,0,2,2,2,2,0,0,2,2
80,760.923,8785.639,246.272,87.910,0.038328,-0.998469,0.039884,0.998235,0.036446,-0.046896,0.045371,0.041611,0.998103,0,0.95783,-0.10551,57.470,-0.211,-1,375.000,-1,400.000,-1,325.000,325.000,300.000,300.000,-1,-1,-1,-1,725.000,800.000,-1,-1,2,0,2,0,2,0,0,0,0,2,2,2,2,0,0,2,2
81,763.230,8843.062,248.826,87.699,0.042053,-0.998257,0.041403,0.998115,0.040120,-0.046452,0.044710,0.043278,0.998062,0,0.95783,-0.10551,57.470,-0.211,-1,375.000,-1,400.000,-1,325.000,325.000,300.000,300.000,-1,-1,-1,-1,725.000,800.000,-1,-1,2,0,2,0,2,0,0,0,0,2,2,2,2,0,0,2,2
82,765.748,8900.477,251.363,87.487,0.045774,-0.998029,0.042920,0.997981,0.043794,-0.046004,0.044033,0.044939,0.998019,0,0.95783,-0.10551,57.470,-0.211,-1,375.000,-1,400.000,-1,325.000,325.000,300.000,300.000,-1,-1,-1,-1,725.000,800.000,-1,-1,2,0,2,0,2,0,0,0,0,2,2,2,2,0,0,2,2
83,768.478,8957.882,253.885,87.276,0.049492,-0.997786,0.044435,0.997834,0.047465,-0.045550,0.043340,0.046593,0.997973,0,0.95783,-0.10551,57.470,-0.211,-1,375.000,-1,400.000,-1,325.000,325.000,300.000,300.000,-1,-1,-1,-1,725.000,775.000,-1,-1,2,0,2,0,2,0,0,0,0,2,2,2,2,0,0,2,2
84,771.426,9015.518,256.400,87.071,0.053108,-0.997531,0.045952,0.997678,0.051039,-0.045090,0.042633,0.048240,0.997926,0,0.96185,-0.10271,57.711,-0.205,-1,375.000,-1,400.000,-1,325.000,325.000,300.000,300.000,-1,-1,-1,-1,725.000,775.000,-1,-1,2,0,2,0,2,0,0,0,0,2,2,2,2,0,0,2,2
85,774.589,9073.453,258.910,86.873,0.056585,-0.997268,0.047473,0.997518,0.054475,-0.044621,0.041913,0.049880,0.997875,0,0.96701,-0.09883,58.021,-0.198,-1,375.000,-1,400.000,-1,325.000,325.000,300.000,300.000,-1,-1,-1,-1,725.000,775.000,-1,-1,2,0,2,0,2,0,0,0,0,2,2,2,2,0,0,2,2
86,777.962,9131.674,261.416,86.684,0.059916,-0.997000,0.048997,0.997354,0.057768,-0.044145,0.041182,0.051512,0.997823,0,0.97198,-0.09473,58.319,-0.189,-1,375.000,-1,400.000,-1,325.000,325.000,300.000,300.000,-1,-1,-1,-1,725.000,775.000,-1,-1,2,0,2,0,2,0,0,0,0,2,2,2,2,0,0,2,2
87,781.535,9190.171,263.898,86.503,0.063095,-0.996731,0.050458,0.997184,0.060909,-0.043747,0.040531,0.053076,0.997768,0,0.97676,-0.09041,58.606,-0.181,1000.000,375.000,-1,400.000,-1,325.000,325.000,300.000,300.000,-1,-1,-1,-1,725.000,750.000,-1,-1,1,0,2,0,2,0,0,0,0,2,2,2,2,0,0,2,2
88,785.302,9248.929,266.437,86.331,0.066145,-0.996476,0.051577,0.996978,0.063891,-0.044183,0.040732,0.054344,0.997691,0,0.98131,-0.08585,58.879,-0.172,950.000,375.000,-1,400.000,-1,325.000,325.000,300.000,300.000,-1,-1,-1,-1,725.000,750.000,-1,-1,1,0,2,0,2,0,0,0,0,2,2,2,2,0,0,2,2
89,789.252,9307.935,269.012,86.169,0.069028,-0.996231,0.052535,0.996769,0.066706,-0.044741,0.041068,0.055454,0.997616,0,0.98563,-0.08105,59.138,-0.162,925.000,375.000,-1,400.000,-1,325.000,325.000,300.000,300.000,-1,-1,-1,-1,725.000,750.000,-1,-1,1,0,2,0,2,0,0,0,0,2,2,2,2,0,0,2,2
90,793.375,9367.172,271.585,86.017,0.071736,-0.995989,0.053486,0.996563,0.069344,-0.045313,0.041423,0.056553,0.997540,0,0.98967,-0.07600,59.380,-0.152,900.000,375.000,-1,400.000,-1,325.000,325.000,300.000,300.000,-1,-1,-1,-1,725.000,750.000,-1,-1,1,0,2,0,2,0,0,0,0,2,2,2,2,0,0,2,2
91,797.661,9426.623,274.153,85.876,0.074262,-0.995752,0.054428,0.996362,0.071798,-0.045902,0.041799,0.057639,0.997462,0,0.99343,-0.07071,59.606,-0.141,875.000,375.000,-1,400.000,-1,325.000,325.000,300.000,300.000,-1,-1,-1,-1,725.000,750.000,-1,-1,1,0,2,0,2,0,0,0,0,2,2,2,2,0,0,2,2
92,802.097,9486.271,276.716,85.746,0.076595,-0.995524,0.055363,0.996169,0.074058,-0.046506,0.042198,0.058713,0.997383,0,0.99687,-0.06516,59.812,-0.130,850.000,375.000,-1,400.000,-1,325.000,325.000,300.000,300.000,-1,-1,-1,-1,725.000,750.000,-1,-1,1,0,2,0,2,0,0,0,0,2,2,2,2,0,0,2,2
93,806.671,9546.095,279.273,85.627,0.078727,-0.995306,0.056287,0.995985,0.076115,-0.047128,0.042623,0.059772,0.997302,0,0.99997,-0.05935,59.998,-0.119,825.000,375.000,-1,400.000,-1,325.000,325.000,300.000,300.000,-1,-1,-1,-1,750.000,750.000,-1,-1,1,0,2,0,2,0,0,0,0,2,2,2,2,0,0,2,2
94,811.357,9605.912,281.817,85.520,0.080649,-0.995100,0.057200,0.995811,0.077961,-0.047766,0.043072,0.060812,0.997219,0,1.00000,-0.05327,60.000,-0.107,825.000,375.000,-1,400.000,-1,325.000,325.000,300.000,300.000,-1,-1,-1,-1,750.000,750.000,-1,-1,1,0,2,0,2,0,0,0,0,2,2,2,2,0,0,2,2
95,816.140,9665.721,284.349,85.426,0.082353,-0.994908,0.058100,0.995651,0.079587,-0.048420,0.043549,0.061835,0.997136,0,1.00000,-0.04695,60.000,-0.094,800.000,400.000,-1,400.000,-1,325.000,325.000,300.000,300.000,-1,-1,-1,-1,750.000,725.000,975.000,-1,1,0,2,0,2,0,0,0,0,2,2,2,2,0,0,1,2
96,820.787,9725.541,286.880,85.557,0.080160,-0.995035,0.058998,0.995797,0.077310,-0.049098,0.044293,0.062685,0.997050,0,1.00000,0.06543,60.000,0.131,800.000,400.000,-1,400.000,-1,325.000,325.000,300.000,300.000,-1,-1,-1,-1,750.000,725.000,925.000,-1,1,0,2,0,2,0,0,0,0,2,2,2,2,0,0,1,2
97,825.261,9785.374,289.414,85.722,0.077375,-0.995202,0.059891,0.995982,0.074439,-0.049794,0.045097,0.063504,0.996962,0,1.00000,0.08253,60.000,0.165,800.000,400.000,-1,400.000,-1,325.000,325.000,300.000,300.000,-1,-1,-1,-1,750.000,725.000,875.000,-1,1,0,2,0,2,0,0,0,0,2,2,2,2,1,0,1,2
98,829.527,9845.222,291.962,85.923,0.073982,-0.995403,0.060826,0.996202,0.070957,-0.050472,0.045924,0.064329,0.996872,0,1.00000,0.10012,60.000,0.200,775.000,400.000,-1,375.000,-1,325.000,325.000,300.000,300.000,-1,-1,-1,-1,725.000,725.000,800.000,-1,1,0,2,0,2,0,0,0,0,2,2,2,2,1,0,1,2
99,833.835,9905.067,294.822,85.883,0.074684,-0.995360,0.060673,0.996137,0.071648,-0.050765,0.046182,0.064230,0.996866,0,1.00000,-0.01988,60.000,-0.040,750.000,400.000,-1,375.000,-1,325.000,325.000,300.000,300.000,-1,-1,-1,-1,675.000,725.000,750.000,-1,1,0,2,0,2,0,0,0,0,2,2,2,2,1,0,1,2
100,838.435,9964.891,297.708,85.603,0.079549,-0.995002,0.060360,0.995757,0.076508,-0.051135,0.046262,0.064172,0.996866,0,1.00000,-0.13988,60.000,-0.280,700.000,400.000,-1,375.000,-1,325.000,325.000,300.000,300.000,-1,-1,-1,-1,625.000,725.000,700.000,-1,1,0,2,0,2,0,0,0,0,2,2,2,2,1,0,1,2
101,843.577,10024.670,300.562,85.083,0.088575,-0.994258,0.060049,0.995003,0.085530,-0.051517,0.046085,0.064312,0.996865,0,1.00000,-0.25988,60.000,-0.520,650.000,400.000,-1,375.000,-1,325.000,325.000,300.000,300.000,-1,-1,-1,-1,575.000,725.000,625.000,-1,1,0,2,0,2,0,0,0,0,2,2,2,2,1,0,1,2
102,849.511,10084.377,303.370,84.324,0.101750,-0.993015,0.059735,0.993762,0.098704,-0.051911,0.045653,0.064644,0.996864,0,1.00000,-0.37988,60.000,-0.760,600.000,400.000,-1,375.000,-1,325.000,325.000,300.000,300.000,-1,-1,-1,-1,550.000,725.000,575.000,-1,1,0,2,0,2,0,0,1,0,2,2,2,2,1,0,1,2
103,856.487,10143.970,306.118,83.324,0.119056,-0.991108,0.059415,0.991869,0.116011,-0.052323,0.044965,0.065161,0.996861,0,1.00000,-0.49988,60.000,-1.000,525.000,400.000,-1,375.000,-1,325.000,325.000,300.000,300.000,-1,-1,-1,-1,500.000,725.000,500.000,-1,1,1,2,0,2,0,0,1,0,2,2,2,2,1,0,1,2
104,864.750,10203.399,308.790,82.084,0.140464,-0.988321,0.059086,0.989107,0.137421,-0.052757,0.044021,0.065853,0.996858,0,1.00000,-0.61988,60.000,-1.240,450.000,375.000,-1,375.000,-1,325.000,325.000,300.000,300.000,-1,-1,-1,-1,475.000,725.000,450.000,-1,1,1,2,0,2,1,0,1,0,2,2,2,2,1,0,1,2
105,874.252,10262.643,311.391,80.887,0.161065,-0.985194,0.058739,0.986000,0.158024,-0.053219,0.043149,0.066489,0.996854,0,1.00000,-0.59830,60.000,-1.197,400.000,350.000,-1,375.000,-1,300.000,325.000,300.000,300.000,-1,-1,-1,-1,450.000,725.000,400.000,-1,1,1,2,0,2,1,0,0,0,2,2,2,2,1,0,1,2
106,884.974,10321.678,313.920,79.706,0.181342,-0.981686,0.058373,0.982509,0.178300,-0.053714,0.042322,0.067093,0.996849,0,1.00000,-0.59081,60.000,-1.182,325.000,325.000,-1,375.000,-1,300.000,325.000,300.000,300.000,-1,-1,-1,-1,425.000,725.000,325.000,-1,1,1,2,0,2,1,0,0,0,2,2,2,2,1,0,1,2
107,897.037,10380.453,316.369,78.401,0.203635,-0.977328,0.057988,0.978172,0.200592,-0.054246,0.041384,0.067769,0.996842,0,1.00000,-0.65223,60.000,-1.304,275.000,300.000,-1,375.000,-1,300.000,325.000,300.000,300.000,-1,-1,-1,-1,425.000,725.000,275.000,-1,1,1,2,0,2,1,0,0,0,2,2,2,2,1,0,1,2
108,910.408,10438.945,318.738,77.123,0.225378,-0.972569,0.057570,0.973428,0.222332,-0.054823,0.040520,0.068396,0.996835,0,1.00000,-0.63905,60.000,-1.278,225.000,300.000,-1,375.000,-1,300.000,325.000,300.000,300.000,-1,-1,-1,-1,425.000,725.000,225.000,-1,1,1,2,0,2,1,0,0,0,2,2,2,2,1,0,1,2
109,925.033,10497.138,325.348,75.871,0.248273,-0.966106,0.070709,0.967203,0.243188,-0.073332,0.053651,0.086597,0.994798,0,1.00000,-0.62611,60.000,-1.252,200.000,350.000,-1,425.000,-1,350.000,350.000,350.000,300.000,-1,575.000,475.000,-1,500.000,800.000,225.000,-1,1,1,2,0,2,0,0,0,0,2,0,0,2,1,0,1,2
110,940.899,10555.005,331.499,74.644,0.270755,-0.959179,0.081656,0.960433,0.263406,-0.090479,0.065277,0.102923,0.992545,0,1.00000,-0.61343,60.000,-1.227,200.000,400.000,-1,450.000,-1,400.000,375.000,400.000,275.000,-1,375.000,275.000,-1,650.000,850.000,250.000,-1,1,1,2,0,2,0,0,0,0,2,0,0,2,1,0,1,2
111,957.979,10612.526,336.607,73.442,0.292297,-0.952225,0.088484,0.953522,0.283107,-0.103181,0.073201,0.114531,0.990719,0,1.00000,-0.60100,60.000,-1.202,200.000,475.000,-1,450.000,-1,400.000,400.000,400.000,275.000,-1,325.000,200.000,1000.000,950.000,900.000,275.000,-1,1,1,2,0,2,0,0,1,0,2,0,0,0,1,0,1,2
112,976.245,10669.681,340.537,72.264,0.312742,-0.945411,0.091595,0.946662,0.302365,-0.111380,0.077605,0.121543,0.989548,0,1.00000,-0.58885,60.000,-1.178,200.000,575.000,-1,475.000,-1,425.000,400.000,325.000,275.000,-1,300.000,175.000,900.000,-1,925.000,325.000,-1,1,0,2,0,2,0,0,1,0,2,0,0,0,2,0,1,2
113,995.667,10726.453,343.248,71.110,0.331983,-0.938869,0.091167,0.940023,0.321255,-0.114683,0.078385,0.123772,0.989210,0,1.00000,-0.57700,60.000,-1.154,200.000,575.000,-1,475.000,-1,425.000,400.000,250.000,275.000,-1,300.000,175.000,875.000,-1,950.000,-1,-1,1,0,2,0,2,0,0,1,0,2,0,0,0,2,0,2,2
114,1016.055,10782.391,344.686,69.979,0.350011,-0.932659,0.087408,0.933704,0.339839,-0.112721,0.075426,0.121067,0.989775,0,0.99226,-0.56551,59.535,-1.131,200.000,575.000,-1,475.000,-1,425.000,400.000,200.000,275.000,-1,300.000,175.000,925.000,-1,925.000,-1,-1,1,0,2,0,2,0,0,1,0,2,0,0,0,2,0,2,2
115,1037.170,10836.985,344.837,68.870,0.366931,-0.926747,0.080632,0.927708,0.358151,-0.105284,0.068693,0.113435,0.991168,0,0.97556,-0.55451,58.534,-1.109,200.000,550.000,-1,450.000,-1,400.000,375.000,150.000,275.000,-1,325.000,225.000,-1,-1,900.000,-1,-1,1,0,2,0,2,0,0,1,0,2,0,0,2,2,0,2,2
116,1058.938,10890.222,343.721,67.782,0.382950,-0.921022,0.071188,0.921935,0.376198,-0.092255,0.058188,0.100960,0.993187,0,0.95860,-0.54418,57.516,-1.088,225.000,500.000,-1,425.000,-1,375.000,375.000,125.000,275.000,800.000,400.000,300.000,-1,-1,850.000,-1,-1,1,0,2,0,2,0,0,1,0,1,0,0,2,2,0,2,2
117,1081.315,10942.097,341.339,66.693,0.398650,-0.915181,0.059350,0.916057,0.394269,-0.073430,0.043802,0.083641,0.995533,0,0.94160,-0.54448,56.496,-1.089,275.000,450.000,-1,400.000,-1,350.000,325.000,100.000,300.000,700.000,600.000,575.000,-1,925.000,775.000,-1,-1,1,0,2,0,2,0,0,1,0,1,0,0,2,0,0,2,2
118,1104.256,10992.615,339.363,65.595,0.414910,-0.908522,0.049369,0.909339,0.412219,-0.056377,0.030869,0.068284,0.997188,0,0.92473,-0.54905,55.484,-1.098,525.000,400.000,-1,375.000,-1,325.000,325.000,75.000,300.000,650.000,-1,-1,-1,775.000,700.000,-1,-1,1,0,2,0,2,0,0,1,0,1,2,2,2,0,0,2,2
119,1127.718,11041.799,344.715,64.485,0.432058,-0.899366,0.066835,0.901657,0.429262,-0.052439,0.018473,0.082919,0.996385,0,0.90822,-0.55493,54.493,-1.110,-1,400.000,-1,350.000,-1,300.000,300.000,100.000,300.000,725.000,-1,-1,-1,750.000,650.000,-1,-1,2,0,2,0,2,0,0,1,0,1,2,2,2,0,0,2,2
120,1151.711,11089.663,349.955,63.361,0.448880,-0.889600,0.084374,0.893572,0.446234,-0.049039,0.005974,0.097407,0.995227,0,0.89234,-0.56201,53.540,-1.124,-1,375.000,-1,350.000,900.000,300.000,300.000,100.000,275.000,775.000,-1,-1,-1,725.000,600.000,-1,-1,2,0,2,0,0,0,0,1,0,1,2,2,2,0,0,2,2
121,1176.236,11136.244,354.218,62.221,0.465692,-0.879548,0.097601,0.884938,0.463328,-0.047027,-0.003859,0.108271,0.994114,0,0.87736,-0.57023,52.642,-1.140,-1,375.000,-1,325.000,675.000,300.000,275.000,125.000,275.000,800.000,-1,-1,-1,700.000,550.000,-1,775.000,2,0,2,0,0,0,0,1,0,1,2,2,2,0,0,2,0
122,1201.300,11181.593,357.561,61.062,0.482735,-0.869261,0.106544,0.875699,0.480618,-0.046445,-0.010834,0.115721,0.993223,0,0.86354,-0.57951,51.812,-1.159,-1,375.000,-1,325.000,575.000,300.000,275.000,150.000,275.000,825.000,-1,-1,-1,700.000,550.000,-1,650.000,2,0,2,0,0,0,0,1,0,1,2,2,2,0,0,2,0
123,1226.920,11225.767,359.974,59.882,0.500165,-0.858774,0.111095,0.865801,0.498172,-0.047040,-0.014947,0.119714,0.992696,0,0.85107,-0.58976,51.064,-1.180,-1,375.000,-1,325.000,525.000,300.000,275.000,175.000,275.000,300.000,-1,-1,-1,700.000,525.000,-1,600.000,2,0,2,0,0,0,0,1,0,1,2,2,2,0,0,2,0
124,1253.123,11268.830,361.452,58.680,0.518070,-0.848088,0.111129,0.855185,0.516045,-0.048539,-0.016183,0.120183,0.992620,0,0.84012,-0.60091,50.407,-1.202,-1,375.000,-1,325.000,525.000,300.000,275.000,200.000,275.000,225.000,-1,-1,-1,700.000,525.000,-1,600.000,2,0,2,0,0,0,0,1,0,1,2,2,2,0,0,2,0
125,1279.945,11310.851,362.018,57.455,0.536485,-0.837184,0.106328,0.843787,0.534280,-0.050681,-0.014380,0.116907,0.993039,0,0.83082,-0.61289,49.849,-1.226,-1,375.000,-1,325.000,575.000,300.000,275.000,225.000,275.000,200.000,-1,-1,-1,700.000,525.000,-1,650.000,2,0,2,0,0,0,0,1,0,1,2,2,2,0,0,2,0
126,1306.728,11351.253,361.558,56.469,0.551528,-0.828559,0.096475,0.834107,0.549061,-0.052895,-0.009144,0.109644,0.993929,0,0.80787,-0.49289,48.472,-0.986,-1,375.000,-1,325.000,675.000,300.000,275.000,250.000,275.000,175.000,-1,-1,-1,700.000,550.000,-1,775.000,2,0,2,0,0,0,0,1,0,1,2,2,2,0,0,2,0
127,1333.870,11391.054,360.105,55.723,0.563146,-0.822301,0.081780,0.826357,0.560453,-0.055018,-0.000593,0.098563,0.995131,0,0.80291,-0.37289,48.175,-0.746,-1,375.000,-1,350.000,975.000,300.000,300.000,275.000,275.000,175.000,-1,-1,-1,725.000,600.000,-1,-1,2,0,2,0,0,0,0,1,0,1,2,2,2,0,0,2,2
128,1361.275,11430.484,357.733,55.217,0.571205,-0.818432,0.062395,0.820731,0.568462,-0.057026,0.011203,0.083784,0.996421,0,0.80028,-0.25289,48.017,-0.506,-1,375.000,-1,350.000,-1,300.000,300.000,275.000,300.000,175.000,-1,-1,-1,750.000,650.000,-1,-1,2,0,2,0,2,0,0,1,0,1,2,2,2,0,0,2,2
129,1388.844,11469.759,354.534,54.951,0.575476,-0.816902,0.038708,0.817405,0.573035,-0.059001,0.026017,0.065594,0.997507,0,0.79974,-0.13289,47.984,-0.266,-1,375.000,-1,375.000,-1,325.000,325.000,300.000,300.000,175.000,325.000,925.000,-1,800.000,725.000,-1,-1,2,0,2,0,2,0,0,1,0,1,1,0,2,0,0,2,2
130,1416.462,11509.094,355.835,54.926,0.575864,-0.816657,0.038104,0.817110,0.573411,-0.059423,0.026679,0.065354,0.997505,0,0.80104,-0.01289,48.063,-0.026,-1,375.000,-1,375.000,-1,325.000,325.000,325.000,300.000,200.000,375.000,925.000,-1,800.000,750.000,-1,-1,2,0,2,0,2,0,0,1,0,1,1,0,2,0,0,2,2
131,1444.034,11548.675,357.181,55.140,0.572833,-0.818811,0.037568,0.819208,0.570365,-0.059858,0.027585,0.065064,0.997500,0,0.80396,0.10711,48.238,0.214,-1,400.000,-1,375.000,-1,325.000,325.000,325.000,300.000,225.000,425.000,925.000,-1,800.000,750.000,-1,-1,2,0,2,0,2,0,0,0,0,1,1,0,2,0,0,2,2
132,1471.573,11588.595,358.580,55.400,0.569137,-0.821405,0.037098,0.821748,0.566651,-0.060310,0.028517,0.064810,0.997490,0,0.80828,0.13007,48.497,0.260,-1,400.000,-1,375.000,-1,325.000,325.000,325.000,300.000,250.000,475.000,950.000,-1,825.000,750.000,-1,-1,2,0,2,0,2,0,0,0,0,1,1,0,2,0,0,2,2
133,1499.125,11628.877,359.957,55.629,0.565881,-0.823688,0.036294,0.823954,0.563384,-0.060813,0.029644,0.064317,0.997489,0,0.81340,0.11441,48.804,0.229,-1,400.000,-1,375.000,-1,325.000,325.000,325.000,300.000,275.000,525.000,925.000,-1,825.000,775.000,-1,-1,2,0,2,0,2,0,0,0,0,1,1,0,2,0,0,2,2
134,1526.731,11669.537,361.395,55.826,0.563075,-0.825639,0.035579,0.825835,0.560565,-0.061339,0.030699,0.063921,0.997483,0,0.81911,0.09841,49.146,0.197,-1,400.000,-1,400.000,-1,325.000,325.000,325.000,300.000,300.000,575.000,925.000,-1,850.000,800.000,-1,-1,2,0,2,0,2,0,0,0,0,1,1,0,2,1,0,2,2
135,1554.432,11710.589,362.893,55.990,0.560734,-0.827258,0.034961,0.827390,0.558208,-0.061888,0.031682,0.063629,0.997471,0,0.82539,0.08207,49.524,0.164,-1,400.000,-1,400.000,-1,325.000,325.000,325.000,300.000,325.000,625.000,900.000,-1,-1,800.000,-1,-1,2,0,2,0,2,0,0,0,0,1,1,0,2,2,0,2,2
136,1582.269,11752.045,364.209,56.120,0.558817,-0.828592,0.034056,0.828681,0.556360,-0.061240,0.031796,0.062444,0.997542,0,0.83225,0.06539,49.935,0.131,-1,400.000,-1,400.000,-1,325.000,325.000,325.000,300.000,350.000,675.000,950.000,-1,-1,825.000,-1,-1,2,0,2,0,2,0,0,0,0,1,1,0,2,2,0,2,2
137,1607.614,11790.323,365.445,56.491,0.553417,-0.832239,0.033282,0.832288,0.551029,-0.060526,0.032032,0.061196,0.997612,0,0.76514,0.18539,45.909,0.371,-1,400.000,-1,400.000,-1,325.000,325.000,325.000,300.000,400.000,725.000,1000.000,-1,-1,825.000,-1,-1,2,0,2,0,2,0,0,0,0,1,1,0,2,2,0,2,2
