timestep,x_cm,y_cm,z_cm,yaw_deg,basis_xx,basis_xy,basis_xz,basis_yx,basis_yy,basis_yz,basis_zx,basis_zy,basis_zz,teleport_flag,throttle_cmd,steering_cmd,cmd_move_cm,cmd_turn_deg,lidar_cm_0,lidar_cm_1,lidar_cm_2,lidar_cm_3,lidar_cm_4,lidar_cm_5,lidar_cm_6,lidar_cm_7,lidar_cm_8,lidar_cm_9,lidar_cm_10,lidar_cm_11,lidar_cm_12,lidar_cm_13,lidar_cm_14,lidar_cm_15,lidar_cm_16,lidar_class_0,lidar_class_1,lidar_class_2,lidar_class_3,lidar_class_4,lidar_class_5,lidar_class_6,lidar_class_7,lidar_class_8,lidar_class_9,lidar_class_10,lidar_class_11,lidar_class_12,lidar_class_13,lidar_class_14,lidar_class_15,lidar_class_16
0,8198.740,-988.679,202.550,85.142,0.085414,-0.996055,-0.024044,0.995921,0.084648,0.031252,-0.029094,-0.026616,0.999222,1,-0.08000,0.12000,-4.800,0.240,-1,400.000,-1,375.000,-1,300.000,300.000,325.000,325.000,-1,600.000,675.000,-1,775.000,750.000,-1,-1,2,0,2,0,2,0,0,0,0,2,0,0,2,0,0,2,2
1,8198.209,-995.612,202.749,85.622,0.077066,-0.996738,-0.023970,0.996592,0.076301,0.031331,-0.029400,-0.026303,0.999222,0,-0.11587,0.24000,-6.952,0.480,-1,400.000,-1,375.000,-1,300.000,300.000,325.000,325.000,-1,600.000,675.000,-1,775.000,750.000,-1,-1,2,0,2,0,2,0,0,0,0,2,0,0,2,0,0,2,2
2,8197.780,-1002.331,202.942,86.342,0.064534,-0.997629,-0.023921,0.997470,0.063771,0.031412,-0.029812,-0.025888,0.999220,0,-0.11221,0.36000,-6.733,0.720,-1,400.000,-1,375.000,-1,300.000,300.000,325.000,325.000,-1,600.000,700.000,-1,775.000,750.000,-1,-1,2,0,2,0,2,0,0,0,0,2,0,0,2,0,0,2,2
3,8197.477,-1008.771,203.128,87.302,0.047810,-0.998570,-0.023900,0.998396,0.047048,0.031492,-0.030322,-0.025368,0.999218,0,-0.10746,0.48000,-6.448,0.960,-1,400.000,-1,375.000,-1,325.000,300.000,325.000,325.000,-1,600.000,700.000,-1,775.000,750.000,-1,-1,2,0,2,0,2,0,0,0,0,2,0,0,2,0,0,2,2
4,8197.317,-1014.866,203.303,88.502,0.026886,-0.999353,-0.023911,0.999160,0.026126,0.031565,-0.030919,-0.024739,0.999216,0,-0.10162,0.60000,-6.097,1.200,-1,400.000,-1,375.000,-1,325.000,300.000,325.000,325.000,-1,625.000,700.000,-1,775.000,750.000,-1,-1,2,0,2,0,2,0,0,0,0,2,0,0,2,0,0,2,2
5,8197.312,-1020.550,203.467,89.942,0.001762,-0.999711,-0.023955,0.999499,0.001004,0.031624,-0.031590,-0.023999,0.999213,0,-0.09472,0.72000,-5.683,1.440,-1,400.000,-1,375.000,-1,325.000,300.000,325.000,325.000,-1,625.000,725.000,-1,775.000,750.000,-1,-1,2,0,2,0,2,0,0,0,0,2,0,0,2,0,0,2,2
6,8197.460,-1025.755,203.617,91.622,-0.027551,-0.999331,-0.024036,0.999098,-0.028306,0.031661,-0.032320,-0.023142,0.999210,0,-0.08678,0.84000,-5.207,1.680,-1,400.000,-1,375.000,-1,325.000,300.000,325.000,325.000,-1,650.000,725.000,-1,775.000,750.000,-1,-1,2,0,2,0,2,0,0,0,0,2,0,0,2,0,0,2,2
7,8197.748,-1030.416,203.750,93.542,-0.061023,-0.997844,-0.024155,0.997588,-0.061773,0.031668,-0.033092,-0.022164,0.999207,0,-0.07783,0.96000,-4.670,1.920,-1,400.000,-1,375.000,-1,325.000,300.000,325.000,300.000,-1,650.000,750.000,-1,775.000,750.000,-1,-1,2,0,2,0,2,0,0,0,0,2,0,0,2,0,0,2,2
8,8198.142,-1034.470,203.865,95.542,-0.095817,-0.995103,-0.024293,0.994824,-0.096562,0.031640,-0.033831,-0.021136,0.999204,0,-0.06789,1.00000,-4.073,2.000,-1,400.000,-1,375.000,-1,325.000,300.000,300.000,300.000,-1,675.000,775.000,-1,775.000,750.000,-1,-1,2,0,2,0,2,0,0,0,0,2,0,0,2,0,0,2,2
9,8198.597,-1037.905,203.962,97.542,-0.130496,-0.991148,-0.024441,0.990848,-0.131235,0.031579,-0.034507,-0.020096,0.999202,0,-0.05775,1.00000,-3.465,2.000,-1,400.000,-1,375.000,-1,325.000,300.000,300.000,300.000,-1,700.000,800.000,-1,800.000,750.000,-1,-1,2,0,2,0,2,0,0,0,0,2,0,0,2,0,0,2,2
10,8199.073,-1040.733,204.041,99.542,-0.165017,-0.985984,-0.024595,0.985665,-0.165749,0.031484,-0.035120,-0.019047,0.999202,0,-0.04780,1.00000,-2.868,2.000,-1,400.000,-1,375.000,-1,325.000,300.000,300.000,300.000,-1,700.000,825.000,-1,800.000,750.000,-1,-1,2,0,2,0,2,0,0,0,0,2,0,0,2,0,0,2,2
11,8198.695,-1038.839,203.956,101.302,-0.195229,-0.980444,-0.024809,0.980111,-0.195956,0.031358,-0.035606,-0.018193,0.999200,0,0.03220,0.88000,1.932,1.760,-1,400.000,-1,375.000,-1,325.000,325.000,300.000,300.000,-1,725.000,850.000,-1,800.000,750.000,-1,-1,2,0,2,0,2,0,0,0,0,2,0,0,2,0,0,2,2
12,8197.201,-1032.275,203.705,102.822,-0.221172,-0.974912,-0.025083,0.974570,-0.221897,0.031214,-0.035996,-0.017541,0.999198,0,0.11220,0.76000,6.732,1.520,-1,400.000,-1,375.000,-1,325.000,325.000,300.000,300.000,-1,750.000,900.000,-1,800.000,750.000,-1,-1,2,0,2,0,2,0,0,0,0,2,0,0,2,0,0,2,2
13,8194.391,-1021.091,203.284,104.102,-0.242894,-0.969720,-0.025421,0.969373,-0.243621,0.031061,-0.036313,-0.017098,0.999194,0,0.19220,0.64000,11.532,1.280,-1,400.000,-1,375.000,-1,325.000,325.000,300.000,300.000,-1,775.000,925.000,-1,800.000,750.000,-1,-1,2,0,2,0,2,0,0,0,0,2,0,0,2,0,0,2,2
14,8190.125,-1005.326,202.690,105.142,-0.260450,-0.965142,-0.025832,0.964794,-0.261183,0.030906,-0.036575,-0.016873,0.999188,0,0.27220,0.52000,16.332,1.040,-1,400.000,-1,375.000,-1,325.000,325.000,300.000,300.000,-1,825.000,975.000,-1,800.000,750.000,-1,-1,2,0,2,0,2,0,0,0,0,2,0,0,2,0,0,2,2
15,8184.321,-985.008,201.921,105.942,-0.273889,-0.961401,-0.026324,0.961057,-0.274633,0.030752,-0.036794,-0.016876,0.999180,0,0.35220,0.40000,21.132,0.800,-1,400.000,-1,375.000,-1,325.000,325.000,300.000,300.000,-1,850.000,-1,-1,800.000,750.000,-1,-1,2,0,2,0,2,0,0,0,0,2,0,2,2,0,0,2,2
16,8176.954,-960.144,200.973,106.502,-0.283256,-0.958667,-0.026910,0.958331,-0.284015,0.030598,-0.036976,-0.017121,0.999169,0,0.43220,0.28000,25.932,0.560,-1,400.000,-1,375.000,-1,325.000,325.000,300.000,300.000,-1,900.000,-1,-1,800.000,750.000,-1,-1,2,0,2,0,2,0,0,0,0,2,0,2,2,0,0,2,2
17,8168.060,-930.727,199.843,106.822,-0.288582,-0.957057,-0.027602,0.956735,-0.289363,0.030441,-0.037121,-0.017623,0.999155,0,0.51220,0.16000,30.732,0.320,-1,400.000,-1,375.000,-1,325.000,325.000,300.000,300.000,-1,925.000,-1,-1,800.000,750.000,-1,-1,2,0,2,0,2,0,0,0,0,2,0,2,2,0,0,2,2
18,8157.729,-896.731,198.527,106.902,-0.289887,-0.956639,-0.028418,0.956337,-0.290694,0.030276,-0.037224,-0.018401,0.999138,0,0.59220,0.04000,35.532,0.080,-1,400.000,-1,375.000,-1,325.000,325.000,300.000,300.000,-1,975.000,-1,-1,800.000,750.000,-1,-1,2,0,2,0,2,0,0,0,0,2,0,2,2,0,0,2,2
19,8146.111,-858.109,197.022,106.742,-0.287175,-0.957428,-0.029372,0.957153,-0.288016,0.030094,-0.037273,-0.019472,0.999115,0,0.67220,-0.08000,40.332,-0.160,-1,400.000,-1,375.000,-1,325.000,325.000,300.000,300.000,-1,1000.000,-1,-1,800.000,750.000,-1,-1,2,0,2,0,2,0,0,0,0,2,0,2,2,0,0,2,2
20,8133.389,-814.807,195.324,106.372,-0.280926,-0.959245,-0.030485,0.959006,-0.281806,0.029887,-0.037259,-0.020839,0.999088,0,0.75220,-0.18541,45.132,-0.371,-1,400.000,-1,375.000,-1,325.000,325.000,300.000,300.000,-1,-1,-1,-1,800.000,750.000,-1,-1,2,0,2,0,2,0,0,0,0,2,2,2,2,0,0,2,2
21,8119.619,-766.811,193.428,106.007,-0.274766,-0.960986,-0.031779,0.960790,-0.275690,0.029624,-0.037229,-0.022393,0.999056,0,0.83220,-0.18220,49.932,-0.364,-1,400.000,-1,400.000,-1,325.000,325.000,300.000,325.000,-1,-1,-1,-1,775.000,750.000,-1,-1,2,0,2,0,2,0,0,0,0,2,2,2,2,0,0,2,2
22,8104.856,-714.108,191.355,105.648,-0.268672,-0.962653,-0.033378,0.962511,-0.269649,0.029344,-0.037248,-0.024242,0.999012,0,0.91220,-0.17957,54.732,-0.359,-1,400.000,-1,400.000,-1,325.000,325.000,300.000,325.000,-1,-1,-1,-1,775.000,750.000,-1,-1,2,0,2,0,2,0,0,0,0,2,2,2,2,0,0,2,2
23,8090.602,-661.981,189.219,105.293,-0.262624,-0.964268,-0.034863,0.964168,-0.263659,0.029402,-0.037543,-0.025892,0.998960,0,0.90068,-0.17778,54.041,-0.356,-1,400.000,-1,400.000,-1,325.000,325.000,300.000,325.000,-1,-1,-1,-1,775.000,775.000,-1,-1,2,0,2,0,2,0,0,0,0,2,2,2,2,0,0,2,2
24,8076.892,-610.595,187.088,104.938,-0.256586,-0.965837,-0.036355,0.965781,-0.257680,0.029450,-0.037812,-0.027555,0.998905,0,0.88639,-0.17716,53.183,-0.354,-1,400.000,-1,400.000,-1,325.000,325.000,325.000,325.000,-1,-1,-1,-1,775.000,775.000,-1,-1,2,0,2,0,2,0,0,1,0,2,2,2,2,0,0,2,2
25,8063.714,-559.945,185.096,104.583,-0.250534,-0.967383,-0.037455,0.967356,-0.251677,0.029682,-0.038140,-0.028796,0.998857,0,0.87228,-0.17766,52.337,-0.355,-1,400.000,-1,400.000,-1,325.000,325.000,375.000,325.000,-1,-1,-1,-1,750.000,775.000,-1,-1,2,0,2,0,2,0,0,1,0,2,2,2,2,0,0,2,2
26,8051.056,-510.012,183.249,104.224,-0.244450,-0.968916,-0.038022,0.968913,-0.245614,0.029680,-0.038097,-0.029585,0.998836,0,0.85854,-0.17922,51.513,-0.358,-1,400.000,-1,400.000,-1,325.000,325.000,375.000,325.000,-1,-1,-1,-1,750.000,775.000,-1,-1,2,0,2,0,2,0,0,1,0,2,2,2,2,0,0,2,2
27,8038.905,-460.768,181.433,103.861,-0.238272,-0.970432,-0.038566,0.970455,-0.239455,0.029632,-0.037991,-0.030366,0.998817,0,0.84534,-0.18179,50.721,-0.364,-1,400.000,-1,400.000,-1,325.000,325.000,375.000,325.000,-1,-1,-1,-1,750.000,775.000,-1,-1,2,0,2,0,2,0,0,1,0,2,2,2,2,0,0,2,2
28,8027.248,-412.178,179.585,103.490,-0.231969,-0.971945,-0.038901,0.971980,-0.233169,0.029779,-0.038014,-0.030903,0.998799,0,0.83282,-0.18532,49.969,-0.371,-1,400.000,-1,400.000,-1,325.000,325.000,350.000,325.000,-1,-1,-1,-1,750.000,775.000,-1,-1,2,0,2,0,2,0,0,1,0,2,2,2,2,0,0,2,2
29,8016.072,-364.198,177.771,103.111,-0.225507,-0.973451,-0.039228,0.973501,-0.226722,0.029866,-0.037967,-0.031453,0.998784,0,0.82107,-0.18974,49.264,-0.379,-1,400.000,-1,400.000,-1,325.000,325.000,350.000,325.000,-1,-1,-1,-1,750.000,775.000,-1,-1,2,0,2,0,2,0,0,1,0,2,2,2,2,0,0,2,2
30,8005.368,-316.779,175.988,102.721,-0.218859,-0.974955,-0.039546,0.975022,-0.220087,0.029897,-0.037852,-0.032015,0.998770,0,0.81019,-0.19501,48.612,-0.390,-1,400.000,-1,400.000,-1,325.000,325.000,325.000,325.000,-1,-1,-1,-1,725.000,775.000,-1,-1,2,0,2,0,2,0,0,1,0,2,2,2,2,0,0,2,2
31,7995.124,-269.870,174.236,102.319,-0.211996,-0.976457,-0.039859,0.976544,-0.213235,0.029878,-0.037674,-0.032590,0.998759,0,0.80024,-0.20106,48.015,-0.402,-1,400.000,-1,400.000,-1,325.000,325.000,325.000,325.000,-1,-1,-1,-1,725.000,775.000,-1,-1,2,0,2,0,2,0,0,1,0,2,2,2,2,0,0,2,2
32,7985.331,-223.415,172.511,101.903,-0.204893,-0.977960,-0.040167,0.978068,-0.206140,0.029811,-0.037434,-0.033178,0.998748,0,0.79126,-0.20786,47.476,-0.416,-1,400.000,-1,400.000,-1,325.000,325.000,300.000,325.000,-1,-1,-1,-1,725.000,775.000,-1,-1,2,0,2,0,2,0,0,0,0,2,2,2,2,0,0,2,2
33,7975.984,-177.357,170.812,101.472,-0.197525,-0.979462,-0.040471,0.979594,-0.198779,0.029701,-0.037136,-0.033779,0.998739,0,0.78329,-0.21536,46.997,-0.431,-1,375.000,-1,400.000,-1,325.000,325.000,300.000,325.000,-1,-1,-1,-1,725.000,775.000,-1,-1,2,0,2,0,2,0,0,0,0,2,2,2,2,0,0,2,2
34,7967.076,-131.637,169.136,101.025,-0.189868,-0.980963,-0.040774,0.981120,-0.191127,0.029551,-0.036781,-0.034393,0.998731,0,0.77632,-0.22352,46.579,-0.447,-1,375.000,-1,400.000,-1,325.000,325.000,300.000,325.000,-1,-1,-1,-1,725.000,775.000,-1,-1,2,0,2,0,2,0,0,0,0,2,2,2,2,0,0,2,2
35,7958.604,-86.197,167.482,100.561,-0.181900,-0.982459,-0.041076,0.982644,-0.183162,0.029364,-0.036372,-0.035022,0.998724,0,0.77038,-0.23230,46.223,-0.465,-1,375.000,-1,400.000,-1,325.000,325.000,300.000,325.000,-1,-1,-1,-1,725.000,775.000,-1,-1,2,0,2,0,2,0,0,0,0,2,2,2,2,0,1,2,2
36,7950.568,-40.979,165.817,100.077,-0.173608,-0.983950,-0.041256,0.984163,-0.174864,0.029076,-0.035824,-0.035554,0.998725,0,0.76545,-0.24168,45.927,-0.483,-1,375.000,-1,400.000,-1,325.000,325.000,300.000,325.000,-1,-1,-1,-1,725.000,775.000,-1,-1,2,0,2,0,2,0,0,0,0,2,2,2,2,0,1,2,2
37,7942.968,4.076,164.080,99.574,-0.164976,-0.985441,-0.041105,0.985670,-0.166214,0.028773,-0.035187,-0.035769,0.998740,0,0.76152,-0.25162,45.691,-0.503,-1,375.000,-1,400.000,-1,325.000,325.000,300.000,325.000,-1,-1,-1,-1,700.000,775.000,-1,-1,2,0,2,0,2,0,0,0,0,2,2,2,2,0,1,2,2
38,7935.809,49.023,162.411,99.050,-0.155970,-0.986919,-0.040787,0.987152,-0.157191,0.028661,-0.034698,-0.035793,0.998757,0,0.75857,-0.26211,45.514,-0.524,-1,375.000,-1,400.000,-1,325.000,325.000,300.000,325.000,-1,-1,-1,-1,700.000,775.000,-1,-1,2,0,2,0,2,0,0,0,0,2,2,2,2,0,1,2,2
39,7929.097,93.920,160.908,98.503,-0.146587,-0.988392,-0.039923,0.988605,-0.147778,0.028686,-0.034253,-0.035263,0.998791,0,0.75660,-0.27313,45.396,-0.546,-1,375.000,-1,400.000,-1,325.000,325.000,300.000,325.000,-1,-1,-1,-1,700.000,775.000,-1,-1,2,0,2,0,2,0,0,0,0,2,2,2,2,1,1,2,2
40,7922.840,138.821,159.435,97.934,-0.136793,-0.989830,-0.039042,0.990023,-0.137952,0.028702,-0.033796,-0.034726,0.998825,0,0.75557,-0.28466,45.334,-0.569,-1,375.000,-1,400.000,-1,325.000,325.000,300.000,325.000,-1,-1,-1,-1,675.000,775.000,-1,-1,2,0,2,0,2,0,0,0,0,2,2,2,2,1,1,2,2
41,7917.048,183.778,157.987,97.341,-0.126569,-0.991224,-0.038144,0.991398,-0.127696,0.028711,-0.033330,-0.034182,0.998860,0,0.75548,-0.29669,45.329,-0.593,-1,375.000,-1,400.000,-1,325.000,325.000,300.000,325.000,-1,-1,-1,-1,650.000,775.000,-1,-1,2,0,2,0,2,0,0,0,0,2,2,2,2,1,1,2,2
42,7911.342,233.581,156.362,96.537,-0.112705,-0.992943,-0.036913,0.993094,-0.113785,0.028580,-0.032578,-0.033437,0.998910,0,0.83548,-0.40179,50.129,-0.804,-1,375.000,-1,400.000,-1,325.000,325.000,300.000,325.000,-1,-1,-1,-1,600.000,775.000,925.000,-1,2,0,2,0,2,0,0,0,0,2,2,2,2,1,1,1,2
43,7906.761,281.207,154.833,95.494,-0.094652,-0.994871,-0.035679,0.995006,-0.095684,0.028422,-0.031690,-0.032810,0.998959,0,0.79742,-0.52179,47.845,-1.044,-1,375.000,-1,400.000,-1,325.000,325.000,325.000,325.000,-1,-1,-1,-1,575.000,775.000,825.000,-1,2,0,2,0,2,0,0,0,0,2,2,2,2,1,1,1,2
44,7903.161,329.337,153.327,94.278,-0.073573,-0.996695,-0.034431,0.996816,-0.074559,0.028270,-0.030744,-0.032241,0.999007,0,0.80441,-0.60778,48.265,-1.216,-1,375.000,-1,400.000,-1,325.000,325.000,325.000,325.000,-1,-1,-1,-1,550.000,800.000,750.000,-1,2,0,2,1,2,0,0,0,0,2,2,2,2,1,1,1,2
45,7900.568,377.973,151.842,93.052,-0.052277,-0.998081,-0.033176,0.998187,-0.053218,0.028134,-0.029845,-0.031645,0.999053,0,0.81176,-0.61298,48.705,-1.226,-1,375.000,-1,400.000,-1,325.000,325.000,325.000,325.000,-1,-1,-1,-1,525.000,825.000,675.000,-1,2,1,2,1,2,1,1,0,0,2,2,2,2,1,1,1,2
46,7899.010,427.128,150.376,91.816,-0.030776,-0.999017,-0.031915,0.999105,-0.031674,0.028019,-0.029002,-0.031024,0.999098,0,0.81966,-0.61808,49.179,-1.236,-1,350.000,-1,400.000,-1,300.000,325.000,325.000,325.000,-1,-1,-1,-1,500.000,850.000,575.000,-1,2,1,2,1,2,1,1,0,0,2,2,2,2,1,0,1,2
47,7898.517,476.808,148.925,90.570,-0.009085,-0.999489,-0.030648,0.999560,-0.009942,0.027929,-0.028220,-0.030381,0.999140,0,0.82804,-0.62302,49.682,-1.246,750.000,325.000,-1,400.000,-1,300.000,300.000,325.000,325.000,-1,-1,-1,-1,475.000,850.000,525.000,-1,1,1,2,1,2,1,1,0,0,2,2,2,2,1,0,1,2
48,7899.118,527.014,147.486,89.314,0.012778,-0.999487,-0.029375,0.999540,0.011959,0.027872,-0.027507,-0.029717,0.999180,0,0.83682,-0.62774,50.209,-1.255,600.000,325.000,-1,400.000,-1,275.000,300.000,325.000,325.000,-1,-1,-1,-1,450.000,850.000,450.000,-1,1,1,2,1,2,1,1,0,0,2,2,2,2,1,0,1,2
49,7900.845,577.739,146.056,88.050,0.034792,-0.999000,-0.028095,0.999033,0.034010,0.027853,-0.026870,-0.029037,0.999217,0,0.84591,-0.63214,50.754,-1.264,475.000,300.000,-1,400.000,-1,275.000,300.000,325.000,325.000,-1,-1,-1,-1,450.000,850.000,375.000,-1,1,1,2,1,2,1,1,0,0,2,2,2,2,1,1,1,2
50,7903.729,628.969,144.631,86.778,0.056933,-0.998018,-0.026809,0.998031,0.056185,0.027878,-0.026317,-0.028344,0.999252,0,0.85518,-0.63616,51.311,-1.272,375.000,300.000,-1,400.000,-1,275.000,300.000,300.000,325.000,-1,-1,-1,-1,425.000,825.000,325.000,-1,1,1,2,1,2,1,1,0,0,2,2,2,2,1,1,1,2
51,7907.804,680.680,144.934,85.498,0.078889,-0.996707,-0.018770,0.996671,0.078469,0.022122,-0.020577,-0.020453,0.999579,0,0.86451,-0.63969,51.871,-1.279,325.000,300.000,-1,425.000,-1,275.000,300.000,325.000,325.000,-1,-1,-1,-1,425.000,800.000,325.000,-1,1,1,2,1,2,1,1,0,0,2,2,2,2,1,1,1,2
52,7913.092,732.836,145.725,84.213,0.100952,-0.994852,-0.008871,0.994804,0.100821,0.014124,-0.013157,-0.010251,0.999861,0,0.87374,-0.64263,52.424,-1.285,300.000,300.000,-1,450.000,-1,275.000,325.000,350.000,300.000,-1,-1,775.000,-1,450.000,800.000,325.000,-1,1,1,2,0,2,1,1,0,0,2,2,0,2,1,1,1,2
53,7919.617,785.393,146.291,82.924,0.123192,-0.992383,0.000643,0.992361,0.123194,0.006501,-0.006531,-0.000163,0.999979,0,0.88267,-0.64485,52.960,-1.290,300.000,300.000,-1,450.000,-1,275.000,325.000,375.000,300.000,-1,875.000,475.000,-1,475.000,800.000,325.000,-1,1,1,2,0,2,1,1,0,0,2,0,0,2,1,1,1,2
54,7927.399,838.289,146.671,81.631,0.145541,-0.989307,0.009456,0.989352,0.145540,-0.000804,-0.000581,0.009473,0.999955,0,0.89109,-0.64623,53.465,-1.292,300.000,325.000,-1,475.000,-1,300.000,350.000,400.000,300.000,-1,725.000,350.000,-1,475.000,800.000,325.000,-1,1,1,2,0,2,1,1,0,0,2,0,0,2,1,1,1,2
55,7936.447,891.448,146.874,80.338,0.167923,-0.985647,0.017376,0.985789,0.167810,-0.007746,0.004719,0.018429,0.999819,0,0.89874,-0.64663,53.924,-1.293,300.000,325.000,-1,500.000,-1,300.000,350.000,400.000,300.000,-1,600.000,275.000,-1,525.000,800.000,350.000,-1,1,1,2,0,2,1,1,1,0,2,0,0,2,1,1,1,2
56,7946.767,944.779,146.874,79.046,0.190255,-0.981433,0.024350,0.981691,0.189953,-0.014186,0.009297,0.026603,0.999603,0,0.90532,-0.64590,54.319,-1.292,300.000,350.000,-1,500.000,-1,325.000,375.000,375.000,275.000,-1,550.000,225.000,925.000,525.000,800.000,350.000,-1,1,1,2,1,2,1,1,1,0,2,0,0,0,1,1,1,2
57,7958.346,998.164,146.648,77.759,0.212448,-0.976701,0.030343,0.977085,0.211911,-0.019985,0.013089,0.033893,0.999340,0,0.91043,-0.64376,54.626,-1.288,300.000,350.000,-1,500.000,-1,325.000,400.000,375.000,275.000,-1,500.000,200.000,825.000,550.000,800.000,475.000,-1,1,1,2,1,2,1,1,1,0,2,0,0,0,1,1,1,2
58,7971.017,1050.979,146.183,76.505,0.233951,-0.971607,0.035310,0.972116,0.233167,-0.024958,0.016017,0.040164,0.999065,0,0.90523,-0.62659,54.314,-1.253,300.000,350.000,-1,475.000,-1,350.000,400.000,325.000,275.000,-1,475.000,175.000,750.000,550.000,800.000,675.000,-1,1,1,2,1,2,1,1,1,0,2,0,0,0,1,1,1,2
59,7984.694,1103.084,145.470,75.289,0.254690,-0.966224,0.039285,0.966854,0.253677,-0.029012,0.018066,0.045372,0.998807,0,0.89782,-0.60801,53.869,-1.216,425.000,350.000,-1,450.000,-1,325.000,375.000,275.000,275.000,-1,475.000,150.000,700.000,550.000,825.000,725.000,-1,1,1,2,1,2,1,1,1,0,2,0,0,0,1,1,1,2
60,7999.276,1154.330,144.506,74.113,0.274604,-0.960626,0.042315,0.961365,0.273403,-0.032067,0.019235,0.049486,0.998590,0,0.88800,-0.58808,53.280,-1.176,-1,350.000,-1,450.000,-1,325.000,350.000,225.000,275.000,-1,450.000,150.000,650.000,525.000,850.000,675.000,-1,2,1,2,1,2,1,1,1,0,2,0,0,0,1,1,1,2
61,8014.654,1204.571,143.291,72.979,0.293644,-0.954880,0.044461,0.955715,0.292314,-0.034071,0.019537,0.052497,0.998430,0,0.87570,-0.56695,52.542,-1.134,-1,325.000,-1,425.000,-1,325.000,350.000,225.000,275.000,-1,450.000,150.000,650.000,500.000,900.000,600.000,-1,2,1,2,1,2,1,1,1,0,2,0,0,0,1,1,1,2
62,8030.706,1253.673,143.841,71.890,0.311585,-0.948602,0.055398,0.950132,0.310243,-0.031597,0.012786,0.062481,0.997964,0,0.86097,-0.54486,51.658,-1.090,-1,325.000,-1,400.000,-1,300.000,325.000,200.000,275.000,-1,800.000,275.000,650.000,475.000,825.000,525.000,-1,2,1,2,1,2,1,1,1,0,2,0,0,0,1,1,1,2
63,8047.314,1301.516,144.808,70.845,0.328592,-0.942041,0.067717,0.944447,0.327221,-0.030752,0.006811,0.074060,0.997231,0,0.84406,-0.52218,50.643,-1.044,-1,300.000,-1,375.000,-1,275.000,300.000,200.000,250.000,-1,-1,500.000,650.000,450.000,800.000,475.000,-1,2,1,2,1,2,1,1,1,0,2,2,0,0,1,1,1,2
64,8066.228,1353.634,145.921,70.041,0.341514,-0.936361,0.081216,0.939875,0.340053,-0.031625,0.001995,0.087133,0.996195,0,0.92406,-0.40218,55.443,-0.804,-1,300.000,-1,375.000,-1,275.000,300.000,225.000,250.000,-1,-1,925.000,625.000,425.000,750.000,450.000,-1,2,1,2,1,2,1,1,1,0,2,2,0,0,1,1,1,2
65,8086.417,1407.607,147.039,69.476,0.350493,-0.931712,0.095223,0.936565,0.348790,-0.034529,-0.001042,0.101285,0.994857,0,0.96042,-0.28218,57.625,-0.564,-1,275.000,-1,350.000,-1,250.000,275.000,225.000,250.000,-1,-1,-1,600.000,400.000,750.000,425.000,-1,2,1,2,1,2,1,1,1,0,2,2,2,0,1,1,1,2
66,8106.439,1460.215,149.837,69.152,0.356225,-0.928958,0.100703,0.934394,0.353768,-0.041905,0.003302,0.109024,0.994034,0,0.93814,-0.16218,56.288,-0.324,-1,275.000,-1,350.000,-1,250.000,275.000,225.000,250.000,-1,-1,-1,575.000,400.000,925.000,425.000,-1,2,1,2,1,2,1,1,1,0,2,2,2,0,1,0,1,2
67,-2951.695,3607.751,-208.388,6.446,0.989740,-0.111448,-0.089408,0.099194,0.986351,-0.131422,0.102835,0.121205,0.987286,1,0.00000,0.00000,55.009,-0.084,150.000,275.000,-1,525.000,-1,300.000,475.000,600.000,250.000,-1,225.000,100.000,375.000,350.000,-1,150.000,-1,1,1,2,0,2,1,1,0,0,2,0,0,0,1,2,1,2
68,-2946.924,3608.282,-207.827,6.305,0.989843,-0.108994,-0.091273,0.096330,0.986394,-0.133216,0.104551,0.123071,0.986875,0,0.08000,-0.07053,4.800,-0.141,150.000,275.000,-1,525.000,-1,300.000,475.000,600.000,250.000,-1,225.000,100.000,375.000,350.000,-1,150.000,-1,1,1,2,0,2,1,1,0,0,2,0,0,0,1,2,1,2
69,-2937.379,3609.322,-206.716,6.167,0.989783,-0.106560,-0.094734,0.093069,0.986199,-0.136929,0.108018,0.126714,0.986040,0,0.16000,-0.06923,9.600,-0.138,150.000,275.000,-1,550.000,-1,300.000,475.000,625.000,250.000,-1,225.000,100.000,350.000,350.000,-1,150.000,-1,1,1,2,0,2,1,1,0,0,2,0,0,0,1,2,1,2
70,-2923.058,3610.847,-205.052,6.033,0.989538,-0.104178,-0.099804,0.089399,0.985740,-0.142564,0.113233,0.132150,0.984741,0,0.24000,-0.06703,14.400,-0.134,150.000,275.000,-1,550.000,-1,300.000,500.000,650.000,250.000,-1,200.000,75.000,325.000,350.000,-1,150.000,-1,1,1,2,0,2,1,1,0,0,2,0,0,0,1,2,1,2
71,-2903.960,3612.840,-202.829,5.905,0.989079,-0.101877,-0.106503,0.085288,0.984980,-0.150138,0.120199,0.139415,0.982912,0,0.32000,-0.06389,19.200,-0.128,150.000,275.000,-1,575.000,-1,300.000,500.000,650.000,250.000,-1,200.000,75.000,300.000,350.000,-1,150.000,-1,1,1,2,0,2,1,1,1,0,2,0,0,0,1,2,1,2
72,-2880.081,3615.282,-200.036,5.786,0.988368,-0.099688,-0.114853,0.080678,0.983866,-0.159683,0.128918,0.148560,0.980464,0,0.40000,-0.05975,24.000,-0.119,150.000,275.000,-1,575.000,-1,325.000,525.000,650.000,225.000,-1,200.000,75.000,275.000,375.000,-1,150.000,-1,1,1,2,0,2,1,1,1,0,2,0,0,0,1,2,1,2
73,-2851.421,3618.161,-196.658,5.677,0.987356,-0.097645,-0.124874,0.075490,0.982332,-0.171249,0.139389,0.159657,0.977282,0,0.48000,-0.05450,28.800,-0.109,125.000,275.000,-1,600.000,-1,350.000,550.000,625.000,225.000,-1,175.000,50.000,250.000,400.000,-1,150.000,-1,1,1,2,0,2,1,1,1,0,2,0,0,0,1,2,1,2
74,-2817.979,3621.466,-192.678,5.581,0.985987,-0.095782,-0.136587,0.069615,0.980289,-0.184897,0.151604,0.172798,0.973220,0,0.56000,-0.04805,33.600,-0.096,125.000,300.000,-1,650.000,-1,375.000,575.000,575.000,225.000,-1,175.000,50.000,225.000,450.000,-1,150.000,-1,1,1,2,0,2,1,1,1,0,2,0,0,0,1,2,1,2
75,-2779.754,3625.195,-188.073,5.500,0.984194,-0.094135,-0.150003,0.062917,0.977629,-0.200707,0.165541,0.188097,0.968099,0,0.64000,-0.04024,38.400,-0.080,125.000,325.000,-1,675.000,-1,400.000,600.000,400.000,225.000,-1,175.000,50.000,200.000,475.000,-1,150.000,-1,1,1,2,0,2,1,1,1,0,2,0,0,0,1,2,1,2
76,-2736.746,3629.349,-182.816,5.438,0.981903,-0.092746,-0.165122,0.055230,0.974212,-0.218771,0.181154,0.205693,0.961704,0,0.72000,-0.03090,43.200,-0.062,125.000,350.000,-1,725.000,-1,425.000,625.000,350.000,200.000,-1,175.000,50.000,175.000,550.000,-1,150.000,-1,1,1,2,0,2,1,1,1,0,2,0,0,0,1,2,1,2
77,7541.739,5575.046,-118.950,109.036,-0.468595,-0.798317,-0.378298,0.842705,-0.275449,-0.462576,0.265080,-0.535554,0.801819,1,0.00000,0.00000,48.000,-0.040,0.000,325.000,-1,-1,-1,300.000,450.000,150.000,-1,-1,0.000,0.000,350.000,500.000,-1,0.000,-1,1,1,2,2,2,1,0,1,2,2,1,1,1,1,2,1,2
78,987.753,4266.420,71.454,36.186,0.806356,-0.588737,0.056381,0.591244,0.804823,-0.051867,-0.014840,0.075158,0.997061,1,0.08000,0.12000,4.800,0.240,-1,375.000,-1,300.000,325.000,300.000,275.000,325.000,250.000,-1,-1,-1,-1,675.000,475.000,-1,400.000,2,0,2,0,0,0,0,1,0,2,2,2,2,0,0,2,0
79,995.454,4272.151,71.467,36.666,0.801478,-0.595528,0.054581,0.597878,0.799956,-0.051110,-0.013225,0.073596,0.997200,0,0.16000,0.24000,9.600,0.480,-1,375.000,-1,300.000,350.000,300.000,275.000,325.000,250.000,-1,-1,-1,-1,675.000,500.000,-1,425.000,2,0,2,0,0,0,0,1,0,2,2,2,2,0,0,2,0
80,1006.897,4280.893,71.453,37.386,0.794047,-0.605631,0.051974,0.607760,0.792537,-0.050129,-0.010832,0.071393,0.997389,0,0.24000,0.36000,14.400,0.720,-1,375.000,-1,300.000,375.000,300.000,275.000,325.000,250.000,-1,-1,-1,-1,700.000,500.000,-1,450.000,2,0,2,0,0,0,0,1,0,2,2,2,2,0,0,2,0
81,1021.980,4292.772,71.424,38.229,0.785202,-0.617341,0.048447,0.619193,0.783697,-0.049188,-0.007602,0.068620,0.997614,0,0.32000,0.42134,19.200,0.843,-1,375.000,-1,300.000,425.000,300.000,275.000,300.000,250.000,-1,-1,-1,-1,700.000,500.000,-1,525.000,2,0,2,0,0,0,0,1,0,2,2,2,2,0,0,2,0
82,1040.617,4307.893,71.374,39.058,0.776358,-0.628757,0.043952,0.630282,0.774843,-0.048605,-0.003495,0.065438,0.997851,0,0.40000,0.41477,24.000,0.830,-1,375.000,-1,300.000,475.000,300.000,275.000,300.000,250.000,-1,-1,-1,-1,725.000,525.000,-1,575.000,2,0,2,0,0,0,0,1,0,2,2,2,2,0,0,2,0
83,1059.682,4323.815,71.270,39.871,0.767523,-0.639814,0.039325,0.641020,0.765991,-0.048477,0.000894,0.062416,0.998050,0,0.41400,0.40654,24.840,0.813,-1,375.000,-1,300.000,550.000,300.000,275.000,325.000,250.000,-1,-1,-1,-1,725.000,525.000,-1,675.000,2,0,2,0,0,0,0,1,0,2,2,2,2,0,0,2,0
84,1078.682,4340.136,71.421,40.667,0.758674,-0.650548,0.034652,0.651455,0.757210,-0.047331,0.004552,0.058483,0.998278,0,0.41747,0.39799,25.048,0.796,-1,375.000,-1,325.000,650.000,300.000,275.000,325.000,250.000,-1,-1,-1,-1,750.000,550.000,-1,775.000,2,0,2,0,0,0,0,1,0,2,2,2,2,0,0,2,0
85,1097.624,4356.858,71.900,41.446,0.749819,-0.660968,0.029872,0.661603,0.748514,-0.044818,0.007264,0.053369,0.998548,0,0.42112,0.38932,25.267,0.779,-1,375.000,-1,325.000,750.000,300.000,275.000,300.000,250.000,-1,-1,-1,-1,750.000,575.000,-1,900.000,2,0,2,0,0,0,0,1,0,2,2,2,2,0,0,2,0
86,1116.952,4374.462,72.397,42.334,0.739515,-0.672678,0.024941,0.673066,0.738374,-0.042258,0.010010,0.048037,0.998795,0,0.43572,0.44427,26.143,0.889,-1,400.000,-1,325.000,-1,300.000,275.000,300.000,250.000,-1,-1,-1,-1,775.000,575.000,-1,-1,2,0,2,0,2,0,0,1,0,2,2,2,2,0,0,2,2
87,1136.207,4392.543,72.901,43.205,0.729227,-0.683982,0.019938,0.684153,0.728248,-0.039873,0.012752,0.042717,0.999006,0,0.44023,0.43517,26.414,0.870,-1,400.000,-1,325.000,-1,300.000,275.000,300.000,250.000,475.000,-1,-1,-1,775.000,600.000,-1,-1,2,0,2,0,2,0,0,1,0,1,2,2,2,0,0,2,2
88,1155.390,4411.101,73.413,44.057,0.718971,-0.694881,0.014872,0.694868,0.718151,-0.037662,0.015491,0.037412,0.999180,0,0.44486,0.42595,26.691,0.852,-1,400.000,-1,325.000,-1,300.000,275.000,300.000,275.000,450.000,-1,-1,-1,800.000,600.000,-1,-1,2,0,2,0,2,0,0,1,0,1,2,2,2,0,0,2,2
89,1174.504,4430.138,73.934,44.890,0.708761,-0.705381,0.009747,0.705213,0.708100,-0.035622,0.018225,0.032121,0.999318,0,0.44961,0.41662,26.976,0.833,-1,400.000,-1,350.000,-1,300.000,300.000,300.000,275.000,450.000,-1,-1,-1,800.000,625.000,-1,-1,2,0,2,0,2,0,0,1,0,1,2,2,2,0,0,2,2
90,1193.548,4449.654,74.462,45.704,0.698613,-0.715485,0.004571,0.715192,0.698112,-0.033750,0.020956,0.026847,0.999420,0,0.45447,0.40716,27.268,0.814,-1,400.000,-1,350.000,-1,300.000,300.000,300.000,275.000,450.000,-1,-1,-1,800.000,650.000,-1,-1,2,0,2,0,2,0,0,1,0,1,2,2,2,0,0,2,2
91,1212.525,4469.648,74.999,46.499,0.688542,-0.725196,-0.000651,0.724810,0.688203,-0.032041,0.023684,0.021590,0.999486,0,0.45944,0.39757,27.566,0.795,-1,400.000,-1,350.000,-1,300.000,300.000,300.000,275.000,450.000,-1,-1,-1,825.000,650.000,-1,-1,2,0,2,0,2,0,0,1,0,1,2,2,2,0,0,2,2
92,1231.436,4490.122,75.544,47.275,0.678561,-0.734520,-0.005913,0.734069,0.678390,-0.030493,0.026409,0.016351,0.999517,0,0.46451,0.38786,27.871,0.776,-1,400.000,-1,350.000,-1,325.000,300.000,300.000,275.000,425.000,-1,-1,-1,825.000,675.000,-1,-1,2,0,2,0,2,0,0,1,0,1,2,2,2,0,0,2,2
93,1250.283,4511.074,75.905,48.031,0.668691,-0.743461,-0.010825,0.742993,0.668687,-0.028635,0.028528,0.011105,0.999531,0,0.46969,0.37802,28.182,0.756,-1,400.000,-1,375.000,-1,325.000,300.000,300.000,275.000,425.000,-1,-1,-1,850.000,700.000,-1,-1,2,0,2,0,2,0,0,1,0,1,2,2,2,0,0,2,2
94,1269.068,4532.506,76.148,48.767,0.658954,-0.752024,-0.015482,0.751575,0.659109,-0.026655,0.030249,0.005928,0.999525,0,0.47498,0.36805,28.499,0.736,-1,400.000,-1,375.000,-1,325.000,300.000,300.000,275.000,425.000,-1,-1,-1,850.000,725.000,-1,-1,2,0,2,0,2,0,0,1,0,1,2,2,2,0,0,2,2
95,1287.793,4554.416,76.402,49.483,0.649359,-0.760213,-0.020213,0.759810,0.649673,-0.024789,0.031976,0.000739,0.999488,0,0.48036,0.35794,28.822,0.716,-1,400.000,-1,375.000,-1,325.000,300.000,300.000,275.000,425.000,-1,-1,-1,850.000,750.000,-1,-1,2,0,2,0,2,0,0,1,0,1,2,2,2,0,0,2,2
96,1306.461,4576.805,76.668,50.178,0.639919,-0.768035,-0.025013,0.767702,0.640393,-0.023034,0.033709,-0.004463,0.999422,0,0.48585,0.34770,29.151,0.695,-1,400.000,-1,375.000,-1,325.000,300.000,300.000,300.000,425.000,-1,-1,-1,850.000,775.000,-1,-1,2,0,2,0,2,0,0,1,0,1,2,2,2,0,0,2,2
97,1325.076,4599.673,76.946,50.853,0.630649,-0.775493,-0.029880,0.775259,0.631282,-0.021387,0.035448,-0.009677,0.999325,0,0.49144,0.33731,29.486,0.675,-1,400.000,-1,375.000,-1,325.000,325.000,300.000,300.000,425.000,-1,-1,-1,850.000,800.000,-1,-1,2,0,2,0,2,0,0,1,0,1,2,2,2,0,0,2,2
98,1346.343,4626.417,77.283,51.508,0.621509,-0.782603,-0.035481,0.782511,0.622327,-0.019657,0.037464,-0.015547,0.999177,0,0.56949,0.32760,34.169,0.655,-1,400.000,-1,400.000,-1,325.000,325.000,300.000,300.000,425.000,400.000,-1,-1,850.000,825.000,-1,-1,2,0,2,0,2,0,0,1,0,1,1,2,2,0,0,2,2
99,1367.371,4653.472,77.630,52.144,0.612530,-0.789378,-0.041108,0.789461,0.613535,-0.018053,0.039472,-0.021395,0.998992,0,0.57109,0.31799,34.266,0.636,-1,400.000,-1,400.000,-1,325.000,325.000,300.000,325.000,400.000,400.000,-1,-1,850.000,850.000,-1,-1,2,0,2,0,2,0,0,1,0,1,1,2,2,0,0,2,2
100,1388.172,4680.840,77.927,52.761,0.603724,-0.795825,-0.046687,0.796104,0.604925,-0.016853,0.041654,-0.026993,0.998767,0,0.57292,0.30823,34.375,0.616,-1,400.000,-1,400.000,-1,325.000,325.000,300.000,325.000,400.000,400.000,-1,-1,850.000,875.000,-1,-1,2,0,2,0,2,0,0,1,0,1,1,2,2,0,0,2,2
101,1405.914,4704.502,78.888,53.137,0.598448,-0.799750,-0.047533,0.800096,0.599658,-0.016021,0.041316,-0.028443,0.998741,0,0.49292,0.18823,29.575,0.376,-1,400.000,-1,425.000,-1,325.000,325.000,300.000,325.000,425.000,425.000,-1,-1,850.000,900.000,-1,-1,2,0,2,0,2,0,0,0,0,1,1,2,2,0,0,2,2
102,1421.677,4725.630,79.945,53.274,0.596572,-0.801170,-0.047219,0.801540,0.597747,-0.015262,0.040453,-0.028743,0.998768,0,0.43934,0.06823,26.361,0.136,-1,400.000,-1,425.000,-1,325.000,325.000,300.000,325.000,450.000,475.000,-1,-1,850.000,900.000,-1,-1,2,0,2,0,2,0,0,0,0,1,1,2,2,0,0,2,2
103,1437.505,4746.765,81.003,53.170,0.598052,-0.800086,-0.046859,0.800474,0.599192,-0.014519,0.039694,-0.028827,0.998796,0,0.44009,-0.05177,26.405,-0.104,-1,400.000,-1,425.000,-1,325.000,325.000,300.000,325.000,450.000,500.000,-1,-1,850.000,900.000,-1,-1,2,0,2,0,2,0,0,0,0,1,1,2,2,0,0,2,2
104,1453.466,4767.813,82.063,52.827,0.602876,-0.796483,-0.046439,0.796880,0.603981,-0.013799,0.039039,-0.028688,0.998826,0,0.44024,-0.17177,26.415,-0.344,-1,400.000,-1,425.000,-1,325.000,325.000,300.000,325.000,475.000,525.000,-1,-1,850.000,900.000,-1,-1,2,0,2,0,2,0,0,0,0,1,1,2,2,0,0,2,2
105,1469.627,4788.680,83.126,52.243,0.610997,-0.790298,-0.045945,0.790697,0.612067,-0.013112,0.038484,-0.028317,0.998858,0,0.43990,-0.29177,26.394,-0.584,-1,400.000,-1,425.000,-1,325.000,325.000,300.000,325.000,500.000,550.000,-1,-1,850.000,900.000,-1,-1,2,0,2,0,2,0,0,0,0,1,1,2,2,0,0,2,2
106,1486.019,4809.312,84.196,51.533,0.620793,-0.782659,-0.045399,0.783054,0.621829,-0.012458,0.037981,-0.027816,0.998891,0,0.43918,-0.35524,26.351,-0.710,-1,400.000,-1,425.000,-1,325.000,325.000,300.000,325.000,500.000,550.000,-1,-1,850.000,900.000,-1,-1,2,0,2,0,2,0,0,0,0,1,1,2,2,0,0,2,2
107,1502.647,4829.703,85.217,50.805,0.630736,-0.774717,-0.044553,0.775100,0.631728,-0.011831,0.037312,-0.027071,0.998937,0,0.43853,-0.36371,26.312,-0.727,-1,400.000,-1,425.000,-1,325.000,325.000,325.000,325.000,525.000,575.000,-1,-1,825.000,900.000,-1,-1,2,0,2,0,2,0,0,0,0,1,1,2,2,0,0,2,2
108,1519.532,4849.868,86.186,50.060,0.640823,-0.766462,-0.043384,0.766822,0.641761,-0.011244,0.036460,-0.026063,0.998995,0,0.43834,-0.37235,26.301,-0.745,-1,400.000,-1,425.000,-1,325.000,325.000,325.000,325.000,550.000,575.000,-1,-1,825.000,900.000,-1,-1,2,0,2,0,2,0,0,0,0,1,1,2,2,0,0,2,2
109,1536.694,4869.819,87.169,49.298,0.651033,-0.757875,-0.042203,0.758213,0.651919,-0.010697,0.035620,-0.025035,0.999052,0,0.43861,-0.38116,26.317,-0.762,-1,400.000,-1,400.000,-1,325.000,325.000,325.000,325.000,575.000,600.000,-1,-1,825.000,875.000,-1,-1,2,0,2,0,2,0,0,0,0,1,1,2,2,0,0,2,2
110,1554.154,4889.566,88.168,48.518,0.661360,-0.748947,-0.041009,0.749261,0.662196,-0.010192,0.034790,-0.023986,0.999107,0,0.43932,-0.39014,26.359,-0.780,-1,400.000,-1,400.000,-1,325.000,325.000,325.000,325.000,575.000,600.000,-1,-1,825.000,875.000,-1,-1,2,0,2,0,2,0,0,0,0,1,1,2,2,0,0,2,2
111,1571.934,4909.119,89.183,47.719,0.671799,-0.739663,-0.039802,0.739954,0.672587,-0.009730,0.033968,-0.022915,0.999160,0,0.44047,-0.39929,26.428,-0.799,-1,400.000,-1,400.000,-1,325.000,325.000,325.000,325.000,600.000,625.000,-1,-1,825.000,875.000,-1,-1,2,0,2,0,2,0,0,0,0,1,1,2,2,0,0,2,2
112,1590.056,4928.486,90.215,46.902,0.682344,-0.730013,-0.038581,0.730279,0.683085,-0.009313,0.033153,-0.021821,0.999212,0,0.44205,-0.40861,26.523,-0.817,-1,400.000,-1,400.000,-1,325.000,325.000,325.000,325.000,625.000,650.000,-1,-1,825.000,875.000,-1,-1,2,0,2,0,2,0,0,0,0,1,1,2,2,0,0,2,2
113,1608.542,4947.673,91.267,46.066,0.692986,-0.719983,-0.037347,0.720225,0.693683,-0.008941,0.032344,-0.020702,0.999262,0,0.44406,-0.41811,26.644,-0.836,-1,400.000,-1,400.000,-1,325.000,325.000,325.000,325.000,650.000,675.000,-1,-1,800.000,875.000,-1,-1,2,0,2,0,2,0,0,0,0,1,1,2,2,0,0,2,2
114,1627.415,4966.685,92.121,45.210,0.703708,-0.709548,-0.036556,0.709800,0.704360,-0.007817,0.031295,-0.020446,0.999301,0,0.44649,-0.42780,26.789,-0.856,-1,400.000,-1,400.000,-1,325.000,325.000,325.000,325.000,675.000,675.000,-1,-1,800.000,875.000,-1,-1,2,0,2,0,2,0,0,0,0,1,1,2,2,0,0,2,2
115,1646.699,4985.526,92.891,44.335,0.714492,-0.698703,-0.036263,0.698974,0.715116,-0.006655,0.030582,-0.020592,0.999320,0,0.44934,-0.43767,26.960,-0.875,-1,400.000,-1,400.000,-1,325.000,325.000,325.000,325.000,725.000,700.000,-1,-1,800.000,875.000,-1,-1,2,0,2,0,2,0,0,0,0,1,1,2,2,0,0,2,2
116,1666.417,5004.198,93.683,43.439,0.725352,-0.687440,-0.035929,0.687730,0.725946,-0.005514,0.029873,-0.020710,0.999339,0,0.45260,-0.44773,27.156,-0.895,-1,400.000,-1,400.000,-1,325.000,325.000,325.000,325.000,775.000,725.000,-1,-1,775.000,875.000,-1,-1,2,0,2,0,2,0,0,0,0,1,1,2,2,0,0,2,2
117,1686.593,5022.701,94.498,42.523,0.736277,-0.675746,-0.035552,0.676052,0.736841,-0.004393,0.029165,-0.020801,0.999358,0,0.45626,-0.45798,27.376,-0.916,-1,400.000,-1,400.000,-1,325.000,325.000,325.000,325.000,825.000,750.000,-1,-1,775.000,875.000,-1,-1,2,0,2,0,2,0,0,0,0,1,1,2,2,0,0,2,2
118,1707.251,5041.034,95.337,41.587,0.747256,-0.663607,-0.035132,0.663927,0.747790,-0.003294,0.028457,-0.020863,0.999377,0,0.46034,-0.46843,27.620,-0.937,-1,400.000,-1,400.000,-1,325.000,325.000,325.000,325.000,900.000,750.000,975.000,-1,775.000,875.000,-1,-1,2,0,2,0,2,0,0,0,0,1,1,1,2,0,0,2,2
119,1728.417,5059.194,96.151,40.628,0.758277,-0.651011,-0.034657,0.651336,0.758785,-0.002456,0.027896,-0.020711,0.999396,0,0.46481,-0.47909,27.889,-0.958,-1,400.000,-1,400.000,-1,325.000,325.000,325.000,325.000,975.000,775.000,950.000,-1,750.000,875.000,-1,-1,2,0,2,0,2,0,0,0,0,1,1,1,2,0,0,2,2
120,1750.116,5077.175,96.900,39.649,0.769324,-0.637946,-0.034135,0.638262,0.769816,-0.002073,0.027600,-0.020193,0.999415,0,0.46968,-0.48996,28.181,-0.980,-1,400.000,-1,400.000,-1,325.000,325.000,300.000,325.000,-1,800.000,925.000,-1,750.000,875.000,-1,-1,2,0,2,0,2,0,0,0,0,2,1,1,2,0,0,2,2
121,1772.372,5094.971,97.675,38.646,0.780388,-0.624392,-0.033589,0.624699,0.780864,-0.001722,0.027304,-0.019639,0.999434,0,0.47494,-0.50104,28.496,-1.002,-1,400.000,-1,400.000,-1,325.000,325.000,300.000,325.000,-1,800.000,925.000,-1,775.000,875.000,-1,-1,2,0,2,0,2,0,0,0,0,2,1,1,2,0,0,2,2
122,1795.211,5112.574,98.477,37.622,0.791455,-0.610335,-0.033017,0.610631,0.791914,-0.001406,0.027005,-0.019048,0.999454,0,0.48059,-0.51234,28.835,-1.025,-1,400.000,-1,425.000,-1,325.000,325.000,300.000,325.000,-1,825.000,950.000,-1,775.000,875.000,-1,-1,2,0,2,0,2,0,0,0,0,2,1,1,2,0,0,2,2
123,1818.659,5129.971,99.307,36.574,0.802508,-0.595760,-0.032419,0.596044,0.802951,-0.001127,0.026702,-0.018419,0.999474,0,0.48661,-0.52386,29.197,-1.048,-1,400.000,-1,425.000,-1,325.000,325.000,300.000,325.000,-1,825.000,950.000,-1,775.000,875.000,-1,-1,2,0,2,0,2,0,0,0,0,2,1,1,2,0,0,2,2
124,1842.740,5147.150,100.166,35.503,0.813531,-0.580651,-0.031795,0.580922,0.813959,-0.000887,0.026395,-0.017749,0.999494,0,0.49302,-0.53562,29.581,-1.071,-1,400.000,-1,425.000,-1,325.000,325.000,300.000,325.000,-1,850.000,975.000,-1,775.000,900.000,-1,-1,2,0,2,0,2,0,0,0,0,2,1,1,2,0,0,2,2
125,1867.482,5164.095,101.055,34.408,0.824507,-0.564994,-0.031145,0.565251,0.824919,-0.000687,0.026081,-0.017038,0.999515,0,0.49980,-0.54761,29.988,-1.095,-1,400.000,-1,425.000,-1,325.000,325.000,300.000,325.000,-1,875.000,975.000,-1,775.000,900.000,-1,-1,2,0,2,0,2,0,0,0,0,2,1,1,2,0,0,2,2
126,1892.907,5180.789,101.947,33.288,0.835420,-0.548775,-0.030331,0.549013,0.835814,-0.000593,0.025677,-0.016157,0.999540,0,0.50694,-0.55983,30.416,-1.120,-1,400.000,-1,425.000,-1,325.000,325.000,300.000,325.000,-1,900.000,1000.000,-1,775.000,925.000,-1,-1,2,0,2,0,2,0,0,0,0,2,1,1,2,0,0,2,2
127,1919.862,5197.900,102.681,32.408,0.843805,-0.535892,-0.028508,0.536087,0.844162,-0.000940,0.024569,-0.014490,0.999593,0,0.53212,-0.43983,31.927,-0.880,-1,400.000,-1,425.000,-1,325.000,325.000,300.000,325.000,-1,925.000,-1,-1,775.000,925.000,-1,-1,2,0,2,0,2,0,0,0,0,2,1,2,2,0,0,2,2
128,1947.428,5214.970,103.439,31.769,0.849790,-0.526446,-0.026678,0.526602,0.850111,-0.001392,0.023412,-0.012866,0.999643,0,0.54039,-0.31983,32.424,-0.640,-1,400.000,-1,425.000,-1,325.000,325.000,300.000,325.000,-1,950.000,-1,-1,775.000,925.000,-1,-1,2,0,2,0,2,0,0,0,0,2,1,2,2,0,0,2,2
129,1975.558,5232.120,104.222,31.369,0.853492,-0.520514,-0.024847,0.520633,0.853779,-0.001917,0.022212,-0.011300,0.999689,0,0.54909,-0.19983,32.945,-0.400,-1,400.000,-1,425.000,-1,325.000,325.000,300.000,325.000,-1,1000.000,-1,-1,775.000,925.000,-1,-1,2,0,2,0,2,0,0,0,0,2,1,2,2,0,0,2,2
130,2004.200,5249.473,105.029,31.209,0.854985,-0.518141,-0.023024,0.518228,0.855239,-0.002482,0.020977,-0.009810,0.999732,0,0.55816,-0.07983,33.489,-0.160,-1,400.000,-1,425.000,-1,325.000,325.000,325.000,300.000,-1,-1,-1,-1,775.000,925.000,-1,-1,2,0,2,0,2,0,0,0,0,2,2,2,2,0,0,2,2
131,2033.300,5267.159,105.864,31.290,0.854301,-0.519346,-0.021215,0.519405,0.854523,-0.003053,0.019714,-0.008411,0.999770,0,0.56755,0.04017,34.053,0.080,-1,400.000,-1,400.000,-1,325.000,325.000,325.000,300.000,-1,-1,-1,-1,775.000,925.000,-1,-1,2,0,2,0,2,0,0,0,0,2,2,2,2,0,0,2,2
132,2062.867,5285.196,106.679,31.387,0.853454,-0.520797,-0.019696,0.520835,0.853650,-0.003512,0.018643,-0.007261,0.999800,0,0.57723,0.04850,34.634,0.097,-1,400.000,-1,400.000,-1,325.000,325.000,325.000,300.000,-1,-1,-1,-1,775.000,925.000,-1,-1,2,0,2,0,2,0,0,0,0,2,2,2,2,0,0,2,2
133,2092.917,5303.579,107.342,31.455,0.852850,-0.521816,-0.018836,0.521840,0.853034,-0.004057,0.018185,-0.006370,0.999814,0,0.58712,0.03413,35.227,0.068,-1,400.000,-1,400.000,-1,325.000,325.000,325.000,300.000,-1,-1,-1,-1,775.000,925.000,-1,-1,2,0,2,0,2,0,0,0,0,2,2,2,2,0,0,2,2
134,2123.470,5322.297,107.957,31.494,0.852509,-0.522401,-0.018045,0.522402,0.852684,-0.005008,0.018003,-0.005157,0.999825,0,0.59719,0.01951,35.831,0.039,-1,400.000,-1,400.000,-1,325.000,325.000,325.000,300.000,-1,-1,-1,-1,800.000,950.000,-1,-1,2,0,2,0,2,0,0,0,0,2,2,2,2,0,0,2,2
135,2154.545,5341.343,108.608,31.503,0.852439,-0.522542,-0.017274,0.522522,0.852605,-0.005980,0.017853,-0.003929,0.999833,0,0.60745,0.00463,36.447,0.009,-1,400.000,-1,400.000,-1,325.000,325.000,325.000,300.000,-1,-1,-1,-1,800.000,950.000,-1,-1,2,0,2,0,2,0,0,0,0,2,2,2,2,0,0,2,2
136,2186.163,5360.704,109.099,31.482,0.852648,-0.522229,-0.016395,0.522207,0.852798,-0.005938,0.017082,-0.003499,0.999848,0,0.61792,-0.01052,37.075,-0.021,-1,400.000,-1,400.000,-1,325.000,325.000,325.000,325.000,-1,-1,-1,-1,800.000,950.000,-1,-1,2,0,2,0,2,0,0,0,0,2,2,2,2,0,0,2,2
