timestep,x_cm,y_cm,z_cm,yaw_deg,basis_xx,basis_xy,basis_xz,basis_yx,basis_yy,basis_yz,basis_zx,basis_zy,basis_zz,teleport_flag,throttle_cmd,steering_cmd,cmd_move_cm,cmd_turn_deg,lidar_cm_0,lidar_cm_1,lidar_cm_2,lidar_cm_3,lidar_cm_4,lidar_cm_5,lidar_cm_6,lidar_cm_7,lidar_cm_8,lidar_cm_9,lidar_cm_10,lidar_cm_11,lidar_cm_12,lidar_cm_13,lidar_cm_14,lidar_cm_15,lidar_cm_16,lidar_class_0,lidar_class_1,lidar_class_2,lidar_class_3,lidar_class_4,lidar_class_5,lidar_class_6,lidar_class_7,lidar_class_8,lidar_class_9,lidar_class_10,lidar_class_11,lidar_class_12,lidar_class_13,lidar_class_14,lidar_class_15,lidar_class_16
0,-4266.248,8851.108,-167.084,-124.203,-0.562686,0.826380,0.021931,-0.826422,-0.561668,-0.039446,-0.020280,-0.040320,0.998981,1,0.08000,0.11019,4.800,0.220,-1,400.000,-1,400.000,-1,325.000,325.000,325.000,325.000,-1,550.000,500.000,625.000,775.000,825.000,-1,-1,2,0,2,0,2,0,0,0,0,2,1,1,1,0,0,2,2
1,-4271.613,8843.147,-167.320,-123.982,-0.559492,0.828544,0.021971,-0.828586,-0.558477,-0.039356,-0.020338,-0.040224,0.998984,0,0.16000,0.11055,9.600,0.221,-1,400.000,-1,400.000,-1,325.000,325.000,325.000,325.000,-1,575.000,500.000,625.000,775.000,825.000,-1,-1,2,0,2,0,2,0,0,0,0,2,1,1,1,0,0,2,2
2,-4279.616,8831.175,-167.669,-123.759,-0.556269,0.830710,0.022042,-0.830753,-0.555257,-0.039235,-0.020354,-0.040137,0.998987,0,0.24000,0.11126,14.400,0.223,-1,400.000,-1,400.000,-1,325.000,325.000,325.000,325.000,-1,575.000,500.000,625.000,775.000,825.000,-1,-1,2,0,2,0,2,0,0,0,0,2,1,1,1,0,0,2,2
3,-4290.222,8815.171,-168.127,-123.535,-0.553006,0.832883,0.022138,-0.832929,-0.551997,-0.039092,-0.020339,-0.040058,0.998990,0,0.32000,0.11233,19.200,0.225,-1,400.000,-1,400.000,-1,325.000,325.000,325.000,325.000,-1,575.000,525.000,650.000,775.000,825.000,-1,-1,2,0,2,0,2,0,0,0,0,2,1,1,1,0,0,2,2
4,-4303.402,8795.114,-168.691,-123.307,-0.549692,0.835071,0.022255,-0.835121,-0.548687,-0.038939,-0.020306,-0.039990,0.998994,0,0.40000,0.11377,24.000,0.228,-1,400.000,-1,400.000,-1,325.000,325.000,325.000,325.000,-1,600.000,550.000,675.000,775.000,850.000,-1,-1,2,0,2,0,2,0,0,0,0,2,1,1,1,0,0,2,2
5,-4319.119,8770.981,-169.366,-123.076,-0.546318,0.837278,0.022403,-0.837331,-0.545313,-0.038850,-0.020311,-0.039983,0.998994,0,0.48000,0.11558,28.800,0.231,-1,400.000,-1,400.000,-1,325.000,325.000,325.000,325.000,-1,625.000,575.000,700.000,800.000,850.000,-1,-1,2,0,2,0,2,0,0,0,0,2,1,1,1,0,0,2,2
6,-4337.340,8742.751,-170.152,-122.840,-0.542875,0.839510,0.022587,-0.839566,-0.541865,-0.038877,-0.020398,-0.040068,0.998989,0,0.56000,0.11777,33.600,0.236,-1,400.000,-1,400.000,-1,325.000,325.000,325.000,300.000,-1,650.000,600.000,725.000,800.000,875.000,-1,-1,2,0,2,0,2,0,0,0,0,2,1,1,1,0,0,2,2
7,-4358.029,8710.400,-171.033,-122.600,-0.539349,0.841774,0.022798,-0.841832,-0.538330,-0.038977,-0.020537,-0.040215,0.998980,0,0.64000,0.12035,38.400,0.241,-1,400.000,-1,400.000,-1,325.000,325.000,325.000,300.000,-1,675.000,650.000,775.000,800.000,875.000,-1,-1,2,0,2,0,2,0,0,0,0,2,0,1,1,0,0,2,2
8,-4381.147,8673.906,-172.005,-122.353,-0.535735,0.844071,0.023055,-0.844131,-0.534703,-0.039173,-0.020737,-0.040448,0.998966,0,0.72000,0.12310,43.200,0.246,-1,400.000,-1,400.000,-1,325.000,325.000,325.000,300.000,-1,725.000,675.000,800.000,800.000,900.000,-1,-1,2,0,2,0,2,0,0,0,0,2,1,1,1,0,0,2,2
9,-4401.692,8641.465,-172.845,-122.347,-0.535652,0.844117,0.023315,-0.844182,-0.534604,-0.039427,-0.020817,-0.040801,0.998950,0,0.64000,0.00310,38.400,0.006,-1,400.000,-1,400.000,-1,325.000,325.000,325.000,300.000,-1,775.000,725.000,850.000,800.000,900.000,-1,-1,2,0,2,0,2,0,0,0,0,2,1,1,1,0,0,2,2
10,-4419.786,8613.153,-173.552,-122.581,-0.539098,0.841914,0.023561,-0.841988,-0.538035,-0.039692,-0.020741,-0.041236,0.998934,0,0.56000,-0.11690,33.600,-0.234,-1,400.000,-1,400.000,-1,325.000,325.000,325.000,300.000,-1,800.000,750.000,875.000,800.000,925.000,-1,-1,2,0,2,0,2,0,0,0,0,2,1,1,1,0,0,2,2
11,-4437.556,8585.845,-174.205,-123.055,-0.546045,0.837417,0.023805,-0.837505,-0.544966,-0.039963,-0.020493,-0.041758,0.998918,0,0.54301,-0.23690,32.580,-0.474,-1,400.000,-1,400.000,-1,325.000,325.000,325.000,300.000,-1,825.000,800.000,900.000,800.000,925.000,-1,-1,2,0,2,0,2,0,0,0,0,2,0,1,1,0,0,2,2
12,-4455.642,8558.797,-174.837,-123.769,-0.556439,0.830540,0.024070,-0.830645,-0.555341,-0.040324,-0.020123,-0.042432,0.998897,0,0.54230,-0.35690,32.538,-0.714,-1,400.000,-1,400.000,-1,325.000,325.000,325.000,300.000,-1,875.000,825.000,925.000,800.000,950.000,-1,-1,2,0,2,0,2,0,0,0,0,2,0,1,1,0,0,2,2
13,-4474.106,8532.039,-175.446,-124.608,-0.568554,0.822286,0.024340,-0.822410,-0.567433,-0.040772,-0.019715,-0.043198,0.998872,0,0.54182,-0.41982,32.509,-0.840,-1,400.000,-1,400.000,-1,325.000,325.000,300.000,300.000,-1,900.000,875.000,950.000,825.000,950.000,-1,-1,2,0,2,0,2,0,0,0,0,2,0,1,1,0,0,2,2
14,-4492.947,8505.572,-176.032,-125.447,-0.580540,0.813860,0.024598,-0.814002,-0.579392,-0.041304,-0.019364,-0.044002,0.998844,0,0.54147,-0.41949,32.488,-0.839,-1,400.000,-1,425.000,-1,325.000,325.000,300.000,300.000,-1,950.000,925.000,975.000,825.000,975.000,-1,-1,2,0,2,0,2,0,0,0,0,2,0,1,1,0,0,2,2
15,-4512.162,8479.400,-176.594,-126.286,-0.592393,0.805266,0.024842,-0.805423,-0.591215,-0.041921,-0.019071,-0.044842,0.998812,0,0.54113,-0.41915,32.468,-0.838,-1,400.000,-1,425.000,-1,325.000,325.000,300.000,300.000,-1,1000.000,975.000,1000.000,825.000,975.000,-1,-1,2,0,2,0,2,0,0,0,0,2,0,1,1,0,0,2,2
16,-4531.745,8453.528,-177.174,-127.123,-0.604112,0.796512,0.024868,-0.796674,-0.602904,-0.042628,-0.018961,-0.045564,0.998781,0,0.54080,-0.41879,32.448,-0.838,-1,400.000,-1,425.000,-1,325.000,325.000,300.000,300.000,-1,-1,-1,-1,825.000,1000.000,-1,-1,2,0,2,0,2,0,0,0,0,2,2,2,2,0,0,2,2
17,-4551.693,8427.959,-178.047,-127.960,-0.615681,0.787636,0.023791,-0.787762,-0.614484,-0.042897,-0.019168,-0.045152,0.998796,0,0.54048,-0.41841,32.429,-0.837,-1,400.000,-1,425.000,-1,325.000,325.000,300.000,300.000,-1,-1,-1,-1,825.000,1000.000,-1,-1,2,0,2,0,2,0,0,0,0,2,2,2,2,0,0,2,2
18,-4572.000,8402.699,-178.917,-128.796,-0.627108,0.778603,0.022645,-0.778690,-0.625923,-0.043153,-0.019425,-0.044695,0.998812,0,0.54018,-0.41800,32.411,-0.836,-1,400.000,-1,425.000,-1,325.000,325.000,300.000,300.000,-1,-1,-1,-1,850.000,1000.000,-1,-1,2,0,2,0,2,0,0,0,0,2,2,2,2,0,0,2,2
19,-4592.662,8377.751,-179.779,-129.631,-0.638392,0.769413,0.021438,-0.769458,-0.637219,-0.043426,-0.019752,-0.044218,0.998827,0,0.53988,-0.41758,32.393,-0.835,-1,400.000,-1,425.000,-1,325.000,325.000,300.000,300.000,-1,-1,-1,-1,850.000,1000.000,-1,-1,2,0,2,0,2,0,0,0,0,2,2,2,2,0,0,2,2
20,-4613.674,8353.120,-180.630,-130.465,-0.649528,0.760070,0.020167,-0.760071,-0.648369,-0.043712,-0.020149,-0.043721,0.998841,0,0.53960,-0.41714,32.376,-0.834,-1,400.000,-1,425.000,-1,325.000,325.000,300.000,300.000,-1,-1,-1,-1,850.000,1000.000,-1,-1,2,0,2,0,2,0,0,0,0,2,2,2,2,0,0,2,2
21,-4635.031,8328.808,-181.472,-131.299,-0.660515,0.750577,0.018832,-0.750530,-0.659370,-0.044010,-0.020615,-0.043203,0.998854,0,0.53933,-0.41668,32.360,-0.833,-1,400.000,-1,425.000,-1,325.000,350.000,300.000,300.000,-1,-1,-1,-1,850.000,1000.000,-1,-1,2,0,2,0,2,0,0,0,0,2,2,2,2,0,0,2,2
22,-4653.434,8308.293,-182.181,-131.892,-0.668254,0.743724,0.017654,-0.743632,-0.667121,-0.044273,-0.021150,-0.042714,0.998863,0,0.45933,-0.29668,27.560,-0.593,-1,400.000,-1,425.000,-1,325.000,350.000,300.000,300.000,-1,-1,-1,-1,850.000,1000.000,-1,-1,2,0,2,0,2,0,0,0,0,2,2,2,2,0,0,2,2
23,-4668.736,8291.445,-182.762,-132.246,-0.672830,0.739609,0.016658,-0.739478,-0.671708,-0.044504,-0.021726,-0.042262,0.998870,0,0.37933,-0.17668,22.760,-0.353,-1,400.000,-1,425.000,-1,325.000,350.000,300.000,300.000,-1,-1,-1,-1,875.000,1000.000,-1,-1,2,0,2,0,2,0,0,0,0,2,2,2,2,0,0,2,2
24,-4680.837,8278.173,-183.222,-132.359,-0.674295,0.738291,0.015887,-0.738125,-0.673181,-0.044703,-0.022309,-0.041870,0.998874,0,0.29933,-0.05668,17.960,-0.113,-1,400.000,-1,425.000,-1,325.000,350.000,300.000,300.000,-1,-1,-1,-1,875.000,1000.000,-1,-1,2,0,2,0,2,0,0,0,0,2,2,2,2,0,0,2,2
25,-4689.682,8268.430,-183.592,-132.232,-0.672665,0.739789,0.015296,-0.739592,-0.671558,-0.044866,-0.022919,-0.041493,0.998876,0,0.21933,0.06332,13.160,0.127,-1,400.000,-1,425.000,-1,325.000,350.000,300.000,300.000,-1,-1,-1,-1,875.000,1000.000,-1,-1,2,0,2,0,2,0,0,0,0,2,2,2,2,0,0,2,2
26,-4695.261,8262.204,-183.837,-131.866,-0.667922,0.744083,0.014873,-0.743859,-0.666821,-0.044990,-0.023559,-0.041113,0.998877,0,0.13933,0.18332,8.360,0.367,-1,400.000,-1,425.000,-1,325.000,350.000,300.000,300.000,-1,-1,-1,-1,850.000,975.000,-1,-1,2,0,2,0,2,0,0,0,0,2,2,2,2,0,0,2,2
27,-4697.609,8259.528,-183.941,-131.259,-0.660012,0.751112,0.014682,-0.750866,-0.658915,-0.045075,-0.024182,-0.040774,0.998876,0,0.05933,0.30332,3.560,0.607,-1,400.000,-1,425.000,-1,325.000,350.000,300.000,300.000,-1,-1,-1,-1,850.000,975.000,-1,-1,2,0,2,0,2,0,0,0,0,2,2,2,2,0,0,2,2
28,-4696.804,8260.473,-183.897,-130.430,-0.649078,0.760579,0.014722,-0.760318,-0.647982,-0.045113,-0.024772,-0.040475,0.998873,0,-0.02067,0.41464,-1.240,0.829,-1,400.000,-1,425.000,-1,325.000,350.000,300.000,300.000,-1,-1,-1,-1,850.000,975.000,-1,-1,2,0,2,0,2,0,0,0,0,2,2,2,2,0,0,2,2
29,-4692.954,8265.127,-183.704,-129.600,-0.638009,0.769883,0.014994,-0.769617,-0.636912,-0.045083,-0.025159,-0.040303,0.998871,0,-0.10067,0.41461,-6.040,0.829,-1,400.000,-1,425.000,-1,325.000,350.000,300.000,300.000,-1,-1,-1,-1,850.000,975.000,-1,-1,2,0,2,0,2,0,0,0,0,2,2,2,2,0,0,2,2
30,-4686.166,8273.579,-183.355,-128.771,-0.626810,0.779018,0.015490,-0.778759,-0.625708,-0.044982,-0.025349,-0.040258,0.998868,0,-0.18067,0.41447,-10.840,0.829,-1,400.000,-1,425.000,-1,325.000,350.000,300.000,300.000,-1,-1,-1,-1,850.000,975.000,-1,-1,2,0,2,0,2,0,0,0,0,2,2,2,2,0,0,2,2
31,-4676.549,8285.913,-182.848,-127.943,-0.615487,0.787980,0.016204,-0.787739,-0.614377,-0.044807,-0.025352,-0.040343,0.998864,0,-0.26067,0.41421,-15.640,0.828,-1,400.000,-1,425.000,-1,325.000,325.000,300.000,300.000,-1,-1,-1,-1,850.000,975.000,-1,-1,2,0,2,0,2,0,0,0,0,2,2,2,2,0,0,2,2
32,-4664.214,8302.213,-182.193,-127.115,-0.604046,0.796764,0.017197,-0.796553,-0.602924,-0.044560,-0.025136,-0.040614,0.998859,0,-0.34067,0.41383,-20.440,0.828,-1,400.000,-1,425.000,-1,325.000,325.000,300.000,325.000,-1,-1,-1,-1,850.000,975.000,-1,-1,2,0,2,0,2,0,0,0,0,2,2,2,2,0,0,2,2
33,-4649.276,8322.557,-181.406,-126.289,-0.592492,0.805368,0.018328,-0.805194,-0.591358,-0.044248,-0.024797,-0.040974,0.998852,0,-0.42067,0.41332,-25.240,0.827,-1,400.000,-1,425.000,-1,325.000,325.000,300.000,325.000,-1,-1,-1,-1,850.000,975.000,-1,-1,2,0,2,0,2,0,0,0,0,2,2,2,2,0,0,2,2
34,-4634.329,8343.540,-180.625,-125.463,-0.580832,0.813794,0.019296,-0.813652,-0.579689,-0.043939,-0.024572,-0.041222,0.998848,0,-0.42936,0.41269,-25.762,0.825,-1,400.000,-1,425.000,-1,325.000,325.000,300.000,325.000,-1,-1,-1,-1,825.000,975.000,-1,-1,2,0,2,0,2,0,0,0,0,2,2,2,2,0,0,2,2
35,-4619.684,8364.738,-179.837,-124.639,-0.569071,0.822040,0.020220,-0.821927,-0.567919,-0.043640,-0.024390,-0.041454,0.998843,0,-0.42940,0.41206,-25.764,0.824,-1,400.000,-1,425.000,-1,325.000,325.000,300.000,325.000,-1,-1,-1,-1,825.000,975.000,-1,-1,2,0,2,0,2,0,0,0,0,2,2,2,2,0,0,2,2
36,-4605.344,8386.145,-179.041,-123.816,-0.557210,0.830103,0.021102,-0.830017,-0.556050,-0.043351,-0.024252,-0.041671,0.998837,0,-0.42943,0.41142,-25.766,0.823,-1,400.000,-1,425.000,-1,325.000,325.000,300.000,325.000,-1,-1,-1,-1,825.000,975.000,-1,-1,2,0,2,0,2,0,0,0,0,2,2,2,2,0,0,2,2
37,-4591.312,8407.757,-178.239,-122.995,-0.545253,0.837984,0.021943,-0.837923,-0.544085,-0.043075,-0.024157,-0.041873,0.998831,0,-0.42946,0.41080,-25.767,0.822,-1,400.000,-1,425.000,-1,325.000,325.000,300.000,325.000,-1,-1,-1,-1,825.000,975.000,-1,-1,2,0,2,0,2,0,0,0,0,2,2,2,2,0,0,2,2
38,-4577.590,8429.568,-177.430,-122.174,-0.533203,0.845682,0.022743,-0.845644,-0.532028,-0.042812,-0.024105,-0.042060,0.998824,0,-0.42947,0.41018,-25.768,0.820,-1,400.000,-1,425.000,-1,325.000,325.000,300.000,325.000,-1,-1,1000.000,-1,825.000,975.000,-1,-1,2,0,2,0,2,0,0,0,0,2,2,1,2,0,0,2,2
39,-4564.181,8451.573,-176.615,-121.355,-0.521063,0.853195,0.023505,-0.853178,-0.519880,-0.042564,-0.024096,-0.042232,0.998817,0,-0.42948,0.40956,-25.769,0.819,-1,400.000,-1,425.000,-1,325.000,325.000,300.000,325.000,-1,-1,950.000,-1,825.000,975.000,-1,-1,2,0,2,0,2,0,0,0,0,2,2,1,2,0,0,2,2
40,-4551.089,8473.767,-175.894,-120.537,-0.508820,0.860536,0.024062,-0.860543,-0.507653,-0.041892,-0.023835,-0.042021,0.998832,0,-0.42947,0.40895,-25.768,0.818,-1,400.000,-1,425.000,-1,325.000,325.000,300.000,325.000,-1,1000.000,925.000,-1,825.000,975.000,-1,-1,2,0,2,0,2,0,0,0,0,2,1,1,2,0,0,2,2
41,-4538.314,8496.145,-175.260,-119.721,-0.496491,0.867706,0.024168,-0.867715,-0.495347,-0.041248,-0.023819,-0.041450,0.998857,0,-0.42946,0.40834,-25.767,0.817,-1,400.000,-1,425.000,-1,325.000,325.000,300.000,325.000,-1,950.000,875.000,-1,825.000,975.000,-1,-1,2,0,2,0,2,0,0,0,0,2,1,1,2,0,0,2,2
42,-4525.860,8518.702,-174.700,-118.905,-0.484079,0.874699,0.023853,-0.874693,-0.482965,-0.040714,-0.024093,-0.040573,0.998886,0,-0.42943,0.40774,-25.766,0.815,-1,400.000,-1,425.000,-1,325.000,325.000,300.000,300.000,-1,900.000,850.000,1000.000,825.000,950.000,-1,-1,2,0,2,0,2,0,0,0,0,2,1,1,1,0,0,2,2
43,-4516.066,8537.240,-174.225,-117.850,-0.467877,0.883479,0.023562,-0.883450,-0.466787,-0.040311,-0.024616,-0.039676,0.998909,0,-0.34943,0.52774,-20.966,1.055,-1,400.000,-1,400.000,-1,325.000,325.000,300.000,300.000,-1,875.000,800.000,1000.000,800.000,950.000,-1,-1,2,0,2,0,2,0,0,0,0,2,1,1,1,0,0,2,2
44,-4507.900,8553.472,-173.800,-116.706,-0.450148,0.892650,0.023284,-0.892597,-0.449078,-0.039990,-0.025241,-0.038785,0.998929,0,-0.30284,0.57177,-18.170,1.144,-1,400.000,-1,400.000,-1,325.000,325.000,325.000,300.000,-1,850.000,775.000,975.000,800.000,950.000,-1,-1,2,0,2,0,2,0,0,0,0,2,1,1,1,0,0,2,2
45,-4500.047,8569.891,-173.363,-115.564,-0.432252,0.901459,0.022997,-0.901381,-0.431202,-0.039699,-0.025870,-0.037889,0.998947,0,-0.30334,0.57134,-18.201,1.143,-1,400.000,-1,400.000,-1,325.000,325.000,325.000,300.000,-1,800.000,750.000,975.000,800.000,925.000,-1,-1,2,0,2,0,2,0,0,0,0,2,1,1,1,0,0,2,2
46,-4492.510,8586.491,-172.915,-114.422,-0.414198,0.909903,0.022702,-0.909801,-0.413168,-0.039436,-0.026503,-0.036988,0.998964,0,-0.30385,0.57089,-18.231,1.142,-1,400.000,-1,400.000,-1,325.000,325.000,325.000,300.000,-1,775.000,725.000,950.000,800.000,925.000,-1,-1,2,0,2,0,2,0,0,0,0,2,1,1,1,0,0,2,2
47,-4485.292,8603.267,-172.455,-113.281,-0.395994,0.917980,0.022400,-0.917852,-0.394982,-0.039201,-0.027138,-0.036084,0.998980,0,-0.30436,0.57043,-18.262,1.141,-1,400.000,-1,400.000,-1,325.000,325.000,325.000,300.000,-1,750.000,700.000,950.000,800.000,900.000,-1,-1,2,0,2,0,2,0,0,0,0,2,1,1,1,0,0,2,2
48,-4478.398,8620.211,-171.973,-112.141,-0.377645,0.925688,0.022063,-0.925535,-0.376654,-0.038939,-0.027735,-0.035125,0.998998,0,-0.30488,0.56996,-18.293,1.140,-1,400.000,-1,400.000,-1,325.000,325.000,325.000,300.000,-1,725.000,675.000,950.000,800.000,900.000,-1,-1,2,0,2,0,2,0,0,0,0,2,1,1,1,0,0,2,2
49,-4471.831,8637.318,-171.474,-111.002,-0.359160,0.933023,0.021707,-0.932846,-0.358192,-0.038680,-0.028314,-0.034142,0.999016,0,-0.30541,0.56948,-18.324,1.139,-1,400.000,-1,400.000,-1,325.000,325.000,325.000,300.000,-1,700.000,650.000,925.000,800.000,900.000,-1,-1,2,0,2,0,2,0,0,0,0,2,1,1,1,0,0,2,2
50,-4465.594,8654.582,-170.969,-109.864,-0.340549,0.939984,0.021374,-0.939784,-0.339603,-0.038414,-0.028850,-0.033169,0.999033,0,-0.30593,0.56898,-18.356,1.138,-1,400.000,-1,400.000,-1,325.000,325.000,325.000,300.000,-1,675.000,625.000,900.000,775.000,875.000,-1,-1,2,0,2,0,2,0,0,0,0,2,1,1,1,0,0,2,2
51,-4459.691,8671.997,-170.464,-108.727,-0.321818,0.946566,0.021094,-0.946347,-0.320894,-0.038128,-0.029322,-0.032233,0.999050,0,-0.30647,0.56848,-18.388,1.137,-1,400.000,-1,400.000,-1,325.000,325.000,325.000,300.000,-1,650.000,600.000,875.000,775.000,875.000,-1,-1,2,0,2,0,2,0,0,0,0,2,1,1,1,0,0,2,2
52,-4454.124,8689.556,-169.946,-107.591,-0.302977,0.952771,0.020795,-0.952532,-0.302076,-0.037845,-0.029775,-0.031274,0.999067,0,-0.30700,0.56796,-18.420,1.136,-1,400.000,-1,400.000,-1,325.000,325.000,325.000,300.000,-1,600.000,575.000,875.000,775.000,850.000,-1,-1,2,0,2,0,2,0,0,0,0,2,1,1,1,0,0,2,2
53,-4448.897,8707.253,-169.413,-106.456,-0.284033,0.958596,0.020478,-0.958338,-0.283155,-0.037564,-0.030210,-0.030294,0.999084,0,-0.30754,0.56742,-18.453,1.135,-1,400.000,-1,400.000,-1,325.000,325.000,325.000,300.000,-1,575.000,550.000,850.000,775.000,850.000,-1,-1,2,0,2,0,2,0,0,0,0,2,1,1,1,0,0,2,2
54,-4444.012,8725.082,-168.868,-105.323,-0.264995,0.964039,0.020143,-0.963763,-0.264140,-0.037286,-0.030624,-0.029293,0.999102,0,-0.30809,0.56688,-18.485,1.134,-1,400.000,-1,400.000,-1,325.000,325.000,325.000,300.000,-1,550.000,525.000,825.000,775.000,850.000,-1,-1,2,0,2,0,2,0,0,0,0,2,1,1,1,0,0,2,2
55,-4438.211,8747.633,-168.175,-104.429,-0.249907,0.968068,0.019776,-0.967778,-0.249077,-0.036966,-0.030860,-0.028377,0.999121,0,-0.38809,0.44688,-23.285,0.894,-1,400.000,-1,400.000,-1,325.000,325.000,325.000,300.000,-1,525.000,500.000,800.000,775.000,825.000,-1,-1,2,0,2,0,2,0,0,0,0,2,1,1,1,0,0,2,2
56,-4431.590,8774.639,-167.337,-103.775,-0.238825,0.970869,0.019374,-0.970570,-0.238021,-0.036604,-0.030927,-0.027546,0.999142,0,-0.46343,0.32688,-27.806,0.654,-1,400.000,-1,400.000,-1,325.000,325.000,325.000,300.000,-1,500.000,475.000,775.000,775.000,825.000,-1,-1,2,0,2,0,2,0,0,0,1,2,1,1,1,0,0,2,2
57,-4425.168,8801.680,-166.481,-103.361,-0.231787,0.972582,0.018965,-0.972277,-0.231008,-0.036228,-0.030854,-0.026836,0.999164,0,-0.46321,0.20688,-27.793,0.414,-1,400.000,-1,400.000,-1,325.000,325.000,325.000,300.000,-1,475.000,450.000,775.000,775.000,825.000,-1,-1,2,0,2,0,2,0,0,0,1,2,1,1,1,0,0,2,2
58,-4418.834,8828.711,-165.611,-103.188,-0.228816,0.973293,0.018559,-0.972987,-0.228061,-0.035844,-0.030654,-0.026259,0.999185,0,-0.46272,0.08688,-27.763,0.174,-1,400.000,-1,400.000,-1,325.000,325.000,325.000,300.000,-1,450.000,425.000,750.000,775.000,825.000,-1,-1,2,0,2,0,2,0,0,0,1,2,1,1,1,0,0,2,2
59,-4412.480,8855.688,-164.730,-103.254,-0.229922,0.973039,0.018166,-0.972736,-0.229189,-0.035458,-0.030339,-0.025823,0.999206,0,-0.46193,-0.03312,-27.716,-0.066,-1,400.000,-1,400.000,-1,325.000,325.000,325.000,300.000,-1,425.000,375.000,750.000,800.000,800.000,-1,-1,2,0,2,0,2,0,0,0,1,2,1,1,1,0,0,2,2
60,-4405.353,8885.238,-163.750,-103.560,-0.235101,0.971809,0.017755,-0.971511,-0.234388,-0.035045,-0.029896,-0.025489,0.999228,0,-0.50661,-0.15312,-30.396,-0.306,-1,400.000,-1,400.000,-1,325.000,325.000,325.000,300.000,-1,375.000,350.000,700.000,800.000,800.000,-1,-1,2,0,2,0,2,0,0,0,1,2,1,1,1,0,0,2,2
61,-4397.914,8914.839,-162.754,-104.106,-0.244338,0.969535,0.017376,-0.969246,-0.243644,-0.034650,-0.029361,-0.025308,0.999248,0,-0.50870,-0.27312,-30.522,-0.546,-1,400.000,-1,400.000,-1,325.000,325.000,325.000,300.000,-1,350.000,325.000,675.000,800.000,800.000,-1,-1,2,0,2,0,2,0,0,0,0,2,1,1,1,0,0,2,2
62,-4390.038,8944.455,-161.744,-104.893,-0.257604,0.966100,0.017038,-0.965823,-0.256925,-0.034285,-0.028745,-0.025287,0.999267,0,-0.51075,-0.39312,-30.645,-0.786,-1,400.000,-1,400.000,-1,325.000,325.000,325.000,300.000,-1,325.000,300.000,625.000,800.000,800.000,-1,-1,2,0,2,0,2,0,0,0,0,2,1,1,1,0,0,2,2
63,-4381.601,8974.039,-160.719,-105.919,-0.274853,0.961340,0.016752,-0.961077,-0.274186,-0.033962,-0.028056,-0.025435,0.999283,0,-0.51274,-0.51312,-30.764,-1.026,-1,400.000,-1,400.000,-1,325.000,325.000,325.000,300.000,-1,300.000,275.000,575.000,800.000,800.000,-1,-1,2,0,2,0,2,0,0,0,0,2,1,1,1,0,0,2,2
64,-4372.477,9003.538,-159.681,-107.185,-0.296021,0.955039,0.016529,-0.954791,-0.295361,-0.033699,-0.027302,-0.025757,0.999295,0,-0.51463,-0.63312,-30.878,-1.266,-1,400.000,-1,400.000,-1,325.000,325.000,325.000,300.000,-1,275.000,225.000,525.000,800.000,800.000,-1,-1,2,0,2,0,2,0,0,0,0,2,1,1,1,0,0,2,2
65,-4362.575,9032.896,-158.633,-108.639,-0.320143,0.947228,0.016367,-0.946998,-0.319486,-0.033511,-0.026514,-0.026228,0.999304,0,-0.51638,-0.72673,-30.983,-1.453,-1,400.000,-1,400.000,-1,325.000,325.000,325.000,325.000,-1,250.000,200.000,500.000,800.000,800.000,-1,-1,2,0,2,0,2,0,0,0,0,2,1,1,1,0,0,2,2
66,-4351.896,9062.083,-157.582,-110.097,-0.344149,0.938775,0.016235,-0.938561,-0.343493,-0.033411,-0.025788,-0.026735,0.999310,0,-0.51798,-0.72941,-31.079,-1.459,-1,400.000,-1,400.000,-1,325.000,325.000,325.000,325.000,-1,225.000,175.000,450.000,800.000,800.000,-1,-1,2,0,2,0,2,0,0,0,0,2,1,1,1,0,0,2,2
67,-4340.443,9091.068,-156.674,-111.561,-0.368015,0.929691,0.015460,-0.929468,-0.367368,-0.033605,-0.025562,-0.026737,0.999316,0,-0.51943,-0.73208,-31.166,-1.464,-1,400.000,-1,400.000,-1,325.000,325.000,325.000,325.000,-1,200.000,150.000,400.000,800.000,775.000,-1,-1,2,0,2,0,2,0,0,0,0,2,1,1,1,0,0,2,2
68,-4330.232,9115.376,-155.973,-112.786,-0.387784,0.921636,0.014493,-0.921394,-0.387149,-0.033902,-0.025634,-0.026500,0.999320,0,-0.43943,-0.61208,-26.366,-1.224,-1,400.000,-1,375.000,-1,325.000,325.000,325.000,325.000,-1,200.000,125.000,375.000,800.000,775.000,-1,-1,2,0,2,0,2,0,0,0,0,2,1,1,1,0,0,2,2
69,-4321.537,9135.111,-154.103,-113.770,-0.403727,0.914730,0.016529,-0.914404,-0.402868,-0.039532,-0.029502,-0.031074,0.999082,0,-0.35943,-0.49208,-21.566,-0.984,-1,400.000,-1,375.000,-1,325.000,325.000,325.000,325.000,-1,200.000,125.000,375.000,775.000,775.000,-1,-1,2,0,2,0,2,0,0,0,0,2,1,1,1,0,0,2,2
70,-4314.579,9150.364,-152.302,-114.514,-0.415777,0.909274,0.018723,-0.908848,-0.414647,-0.045415,-0.033531,-0.035899,0.998793,0,-0.27943,-0.37208,-16.766,-0.744,-1,375.000,-1,375.000,-1,325.000,325.000,300.000,350.000,-1,200.000,125.000,375.000,750.000,750.000,-1,-1,2,0,2,0,2,0,0,0,0,2,1,1,1,0,0,2,2
71,-4309.516,9161.206,-151.029,-115.018,-0.423921,0.905474,0.020181,-0.904968,-0.422578,-0.049597,-0.036381,-0.039288,0.998565,0,-0.19943,-0.25208,-11.966,-0.504,-1,375.000,-1,375.000,-1,300.000,300.000,300.000,350.000,-1,200.000,125.000,375.000,725.000,750.000,-1,-1,2,0,2,0,2,0,0,0,0,2,1,1,1,0,0,2,2
72,-4306.455,9167.685,-150.275,-115.282,-0.428190,0.903444,0.021016,-0.902886,-0.426714,-0.052075,-0.038080,-0.041273,0.998422,0,-0.11943,-0.13208,-7.166,-0.264,-1,375.000,-1,375.000,-1,300.000,300.000,300.000,350.000,-1,200.000,125.000,375.000,700.000,750.000,-1,-1,2,0,2,0,2,0,0,0,0,2,1,1,1,0,0,2,2
73,-4305.443,9169.824,-150.034,-115.306,-0.428603,0.903242,0.021290,-0.902666,-0.427084,-0.052851,-0.038644,-0.041870,0.998375,0,-0.03943,-0.01208,-2.366,-0.024,-1,375.000,-1,375.000,-1,300.000,300.000,300.000,350.000,-1,200.000,125.000,375.000,700.000,750.000,-1,-1,2,0,2,0,2,0,0,0,0,2,1,1,1,0,0,2,2
74,-4306.476,9167.620,-150.307,-115.091,-0.425160,0.904874,0.021017,-0.904317,-0.423693,-0.051920,-0.038076,-0.041080,0.998430,0,0.04057,0.10792,2.434,0.216,-1,375.000,-1,375.000,-1,300.000,300.000,300.000,350.000,-1,200.000,125.000,375.000,725.000,750.000,-1,-1,2,0,2,0,2,0,0,0,0,2,1,1,1,0,0,2,2
75,-4309.492,9161.045,-151.100,-114.635,-0.417842,0.908296,0.020158,-0.907792,-0.416517,-0.049278,-0.036363,-0.038889,0.998582,0,0.12057,0.22792,7.234,0.456,-1,375.000,-1,375.000,-1,300.000,300.000,300.000,350.000,-1,200.000,125.000,375.000,725.000,750.000,-1,-1,2,0,2,0,2,0,0,0,0,2,1,1,1,0,0,2,2
76,-4314.377,9150.047,-152.423,-113.939,-0.406614,0.913410,0.018624,-0.912986,-0.405510,-0.044920,-0.033478,-0.035268,0.998817,0,0.20057,0.34792,12.034,0.696,-1,375.000,-1,375.000,-1,325.000,325.000,300.000,350.000,-1,200.000,125.000,375.000,750.000,750.000,-1,-1,2,0,2,0,2,0,0,0,0,2,1,1,1,0,0,2,2
77,-4320.958,9134.554,-154.292,-113.003,-0.391428,0.920065,0.016274,-0.919740,-0.390602,-0.038845,-0.029383,-0.030173,0.999113,0,0.28057,0.46792,16.834,0.936,-1,400.000,-1,375.000,-1,325.000,325.000,325.000,325.000,-1,175.000,125.000,375.000,775.000,775.000,-1,-1,2,0,2,0,2,0,0,0,0,2,1,1,1,0,0,2,2
78,-4329.012,9114.475,-156.031,-111.853,-0.372728,0.927827,0.014520,-0.927575,-0.372096,-0.033896,-0.026047,-0.026102,0.999320,0,0.36057,0.57514,21.634,1.150,-1,400.000,-1,400.000,-1,325.000,325.000,325.000,325.000,-1,175.000,125.000,375.000,800.000,775.000,-1,-1,2,0,2,0,2,0,0,0,0,2,1,1,1,0,0,2,2
79,-4338.355,9089.747,-156.757,-110.699,-0.353978,0.935125,0.015508,-0.934893,-0.353333,-0.033634,-0.025973,-0.026404,0.999314,0,0.44057,0.57697,26.434,1.154,-1,400.000,-1,400.000,-1,325.000,325.000,325.000,325.000,-1,200.000,150.000,425.000,800.000,775.000,-1,-1,2,0,2,0,2,0,0,0,0,2,1,1,1,0,0,2,2
80,-4348.802,9060.312,-157.722,-109.540,-0.335010,0.942076,0.016174,-0.941850,-0.334354,-0.033547,-0.026196,-0.026472,0.999306,0,0.52057,0.57921,31.234,1.158,-1,400.000,-1,400.000,-1,325.000,325.000,325.000,325.000,-1,225.000,175.000,450.000,800.000,775.000,-1,-1,2,0,2,0,2,0,0,0,0,2,1,1,1,0,0,2,2
81,-4360.162,9026.116,-158.945,-108.377,-0.315816,0.948678,0.016443,-0.948442,-0.315153,-0.033712,-0.026800,-0.026242,0.999296,0,0.60057,0.58189,36.034,1.164,-1,400.000,-1,400.000,-1,325.000,325.000,325.000,325.000,-1,250.000,225.000,500.000,800.000,800.000,-1,-1,2,0,2,0,2,0,0,0,0,2,1,1,1,0,0,2,2
82,-4371.520,8989.439,-160.239,-107.207,-0.296392,0.954919,0.016766,-0.954671,-0.295718,-0.033980,-0.027490,-0.026077,0.999282,0,0.63993,0.58500,38.396,1.170,-1,400.000,-1,400.000,-1,325.000,325.000,325.000,300.000,-1,300.000,250.000,550.000,800.000,800.000,-1,-1,2,0,2,0,2,0,0,0,0,2,1,1,1,0,0,2,2
83,-4382.088,8952.086,-161.554,-105.797,-0.272819,0.961914,0.017093,-0.961646,-0.272133,-0.034353,-0.028393,-0.025810,0.999264,0,0.64698,0.70500,38.819,1.410,-1,400.000,-1,400.000,-1,325.000,325.000,325.000,300.000,-1,325.000,300.000,600.000,800.000,800.000,-1,-1,2,0,2,0,2,0,0,0,0,2,1,1,1,0,0,2,2
84,-4391.609,8914.312,-162.884,-104.147,-0.245026,0.969360,0.017443,-0.969067,-0.244325,-0.034842,-0.029513,-0.025441,0.999241,0,0.64926,0.82500,38.956,1.650,-1,400.000,-1,400.000,-1,325.000,325.000,325.000,300.000,-1,350.000,325.000,675.000,800.000,800.000,-1,-1,2,0,2,0,2,0,0,0,0,2,1,1,1,0,0,2,2
85,-4400.050,8876.136,-164.222,-102.469,-0.216557,0.976107,0.017860,-0.975786,-0.215838,-0.035436,-0.030735,-0.025102,0.999212,0,0.65164,0.83897,39.098,1.678,-1,400.000,-1,400.000,-1,325.000,325.000,325.000,300.000,-1,400.000,375.000,725.000,800.000,800.000,-1,-1,2,0,2,0,2,0,0,0,1,2,1,1,1,0,0,2,2
86,-4407.394,8837.580,-165.567,-100.784,-0.187789,0.982038,0.018355,-0.981687,-0.187046,-0.036125,-0.032043,-0.024802,0.999179,0,0.65414,0.84243,39.248,1.685,-1,400.000,-1,400.000,-1,325.000,325.000,325.000,300.000,-1,425.000,400.000,725.000,775.000,800.000,-1,-1,2,0,2,0,2,0,0,0,1,2,1,1,1,0,0,2,2
87,-4413.621,8798.670,-166.922,-99.092,-0.158742,0.987138,0.018934,-0.986754,-0.157973,-0.036900,-0.033434,-0.024541,0.999140,0,0.65676,0.84590,39.405,1.692,-1,400.000,-1,400.000,-1,325.000,325.000,325.000,300.000,-1,450.000,450.000,750.000,775.000,800.000,-1,-1,2,0,2,0,2,0,0,0,0,2,1,1,1,0,0,2,2
88,-4418.995,8757.269,-168.362,-97.396,-0.129486,0.991387,0.019644,-0.990966,-0.128682,-0.037789,-0.034935,-0.024360,0.999093,0,0.69581,0.84819,41.749,1.696,-1,400.000,-1,400.000,-1,325.000,325.000,300.000,300.000,-1,500.000,500.000,750.000,775.000,800.000,-1,-1,2,0,2,0,2,0,0,0,0,2,1,1,1,0,0,2,2
89,-4423.123,8715.882,-169.804,-95.696,-0.100066,0.994771,0.020448,-0.994311,-0.099224,-0.038738,-0.036506,-0.024208,0.999040,0,0.69320,0.84975,41.592,1.699,-1,400.000,-1,400.000,-1,325.000,325.000,300.000,300.000,-1,525.000,525.000,750.000,775.000,800.000,-1,-1,2,0,2,0,2,0,0,0,0,2,1,1,1,0,0,2,2
90,-4426.009,8674.526,-171.251,-93.993,-0.070503,0.997283,0.021350,-0.996782,-0.069617,-0.039734,-0.038139,-0.024082,0.998982,0,0.69094,0.85149,41.456,1.703,-1,400.000,-1,400.000,-1,325.000,325.000,300.000,300.000,-1,575.000,575.000,725.000,775.000,800.000,-1,-1,2,0,2,0,2,0,0,0,0,2,1,1,1,0,0,2,2
91,-4427.659,8633.217,-172.706,-92.286,-0.040816,0.998917,0.022351,-0.998373,-0.039882,-0.040762,-0.039827,-0.023978,0.998919,0,0.68904,0.85341,41.342,1.707,-1,400.000,-1,400.000,-1,325.000,325.000,300.000,300.000,-1,625.000,625.000,725.000,750.000,800.000,-1,-1,2,0,2,0,2,0,0,0,0,2,1,1,1,0,0,2,2
92,-4428.073,8591.969,-174.171,-90.575,-0.011026,0.999664,0.023453,-0.999075,-0.010039,-0.041809,-0.041560,-0.023892,0.998850,0,0.68750,0.85549,41.250,1.711,-1,400.000,-1,400.000,-1,325.000,325.000,300.000,300.000,-1,675.000,675.000,725.000,750.000,800.000,-1,-1,2,0,2,0,2,0,0,0,0,2,1,1,1,0,0,2,2
93,-4427.253,8550.797,-175.649,-88.860,0.018846,0.999518,0.024654,-0.998883,0.019891,-0.042860,-0.043330,-0.023819,0.998777,0,0.68633,0.85772,41.180,1.715,-1,375.000,-1,400.000,-1,325.000,325.000,300.000,300.000,-1,700.000,725.000,725.000,750.000,800.000,-1,-1,2,0,2,0,2,0,0,0,0,2,1,1,1,0,0,2,2
94,-4425.201,8509.717,-177.443,-87.140,0.048838,0.998495,0.024936,-0.997814,0.049887,-0.043351,-0.044530,-0.022764,0.998749,0,0.68552,0.86009,41.131,1.720,-1,375.000,-1,400.000,-1,325.000,325.000,300.000,300.000,-1,750.000,775.000,750.000,750.000,800.000,-1,-1,2,0,2,0,2,0,0,0,0,2,1,1,1,0,0,2,2
95,-4421.915,8468.745,-179.330,-85.415,0.078906,0.996575,0.024731,-0.995851,0.079928,-0.043510,-0.045338,-0.021195,0.998747,0,0.68507,0.86260,41.104,1.725,-1,375.000,-1,400.000,-1,325.000,325.000,300.000,300.000,-1,800.000,825.000,775.000,750.000,800.000,-1,-1,2,0,2,0,2,0,0,0,0,2,1,1,1,0,0,2,2
96,-4417.395,8427.897,-181.229,-83.684,0.108994,0.993738,0.024585,-0.992974,0.109990,-0.043655,-0.046086,-0.019654,0.998744,0,0.68496,0.86524,41.098,1.730,-1,375.000,-1,400.000,-1,325.000,325.000,300.000,300.000,-1,850.000,875.000,800.000,750.000,775.000,-1,-1,2,0,2,0,2,0,0,0,0,2,1,1,1,0,0,2,2
97,-4411.637,8387.191,-183.140,-81.948,0.139077,0.989978,0.024502,-0.989177,0.140048,-0.043774,-0.046767,-0.018149,0.998741,0,0.68518,0.86799,41.111,1.736,-1,375.000,-1,400.000,-1,325.000,325.000,300.000,300.000,-1,900.000,925.000,850.000,750.000,775.000,-1,-1,2,0,2,0,2,0,0,0,0,2,1,1,1,0,0,2,2
98,-4404.639,8346.647,-185.061,-80.206,0.169130,0.985290,0.024483,-0.984455,0.170076,-0.043856,-0.047375,-0.016685,0.998738,0,0.68572,0.87085,41.143,1.742,-1,375.000,-1,400.000,-1,325.000,325.000,300.000,300.000,-1,950.000,975.000,900.000,750.000,775.000,-1,-1,2,0,2,0,2,0,0,0,0,2,1,1,1,0,0,2,2
99,-4396.397,8306.287,-186.989,-78.459,0.199127,0.979667,0.024529,-0.978802,0.200051,-0.043887,-0.047901,-0.015270,0.998735,0,0.68655,0.87382,41.193,1.748,-1,375.000,-1,400.000,-1,325.000,325.000,300.000,300.000,-1,1000.000,-1,975.000,750.000,775.000,-1,-1,2,0,2,0,2,0,0,0,0,2,1,2,1,0,0,2,2
100,-4386.909,8266.133,-188.924,-76.705,0.229042,0.973105,0.024638,-0.972215,0.229943,-0.043855,-0.048341,-0.013909,0.998734,0,0.68766,0.87688,41.260,1.754,-1,375.000,-1,400.000,-1,325.000,325.000,300.000,300.000,-1,-1,-1,-1,750.000,775.000,-1,-1,2,0,2,0,2,0,0,0,0,2,2,2,2,0,0,2,2
101,-4376.171,8226.210,-190.863,-74.945,0.258847,0.965600,0.024809,-0.964690,0.259728,-0.043747,-0.048686,-0.012609,0.998735,0,0.68904,0.88004,41.342,1.760,-1,375.000,-1,375.000,-1,325.000,300.000,325.000,300.000,-1,-1,-1,-1,750.000,775.000,-1,-1,2,0,2,0,2,0,0,0,0,2,2,2,2,0,0,2,2
102,-4364.179,8186.544,-192.804,-73.178,0.288514,0.957148,0.025038,-0.956224,0.289375,-0.043552,-0.048931,-0.011377,0.998737,0,0.69065,0.88327,41.439,1.767,-1,375.000,-1,375.000,-1,325.000,300.000,325.000,300.000,-1,-1,-1,-1,750.000,750.000,-1,-1,2,0,2,0,2,0,0,0,0,2,2,2,2,0,0,2,2
103,-4350.930,8147.164,-194.747,-71.405,0.318015,0.947748,0.025320,-0.946815,0.318857,-0.043257,-0.049070,-0.010217,0.998743,0,0.69249,0.88659,41.549,1.773,-1,375.000,-1,375.000,-1,325.000,300.000,325.000,325.000,-1,-1,-1,-1,750.000,750.000,-1,-1,2,0,2,0,2,0,0,0,0,2,2,2,2,0,0,2,2
104,-4336.422,8108.099,-196.689,-69.625,0.347319,0.937396,0.025648,-0.936461,0.348145,-0.042851,-0.049098,-0.009136,0.998752,0,0.69453,0.88997,41.672,1.780,-1,375.000,-1,375.000,-1,325.000,300.000,325.000,325.000,-1,-1,-1,-1,750.000,750.000,-1,-1,2,0,2,0,2,0,0,0,0,2,2,2,2,0,0,2,2
105,-4320.652,8069.383,-198.629,-67.838,0.376398,0.926093,0.026016,-0.925161,0.377208,-0.042322,-0.049007,-0.008139,0.998765,0,0.69675,0.89342,41.805,1.787,-1,400.000,-1,375.000,-1,325.000,325.000,325.000,325.000,-1,-1,-1,-1,750.000,750.000,-1,-1,2,0,2,0,2,0,0,0,0,2,2,2,2,0,0,2,2
106,-4303.620,8031.048,-200.564,-66.045,0.405221,0.913837,0.026413,-0.912916,0.406016,-0.041659,-0.048794,-0.007231,0.998783,0,0.69914,0.89693,41.948,1.794,-1,400.000,-1,375.000,-1,325.000,325.000,325.000,325.000,-1,-1,-1,-1,750.000,750.000,-1,-1,2,0,2,0,2,0,0,0,0,2,2,2,2,0,0,2,2
107,-4285.326,7993.130,-202.538,-64.243,0.433767,0.900631,0.026627,-0.899728,0.434539,-0.040808,-0.048323,-0.006256,0.998812,0,0.70167,0.90050,42.100,1.801,-1,400.000,-1,400.000,-1,325.000,325.000,325.000,325.000,-1,-1,-1,-1,750.000,750.000,-1,-1,2,0,2,0,2,0,0,0,0,2,2,2,2,0,0,2,2
108,-4265.770,7955.667,-204.541,-62.435,0.462004,0.886476,0.026680,-0.885599,0.462744,-0.039786,-0.047616,-0.005246,0.998852,0,0.70434,0.90412,42.260,1.808,-1,400.000,-1,400.000,-1,325.000,325.000,325.000,325.000,-1,-1,-1,-1,750.000,750.000,-1,-1,2,0,2,0,2,0,0,0,0,2,2,2,2,0,0,2,2
109,-4244.955,7918.696,-206.579,-60.620,0.489892,0.871375,0.026685,-0.870516,0.490600,-0.038897,-0.046985,-0.004175,0.998887,0,0.70712,0.90779,42.427,1.816,-1,400.000,-1,400.000,-1,325.000,325.000,325.000,325.000,-1,-1,-1,-1,750.000,750.000,-1,-1,2,0,2,0,2,0,0,0,0,2,2,2,2,0,0,2,2
110,-4222.839,7881.825,-208.639,-59.044,0.513691,0.857559,0.026721,-0.856723,0.514375,-0.038010,-0.046341,-0.003367,0.998920,0,0.71659,0.78779,42.995,1.576,-1,400.000,-1,400.000,-1,325.000,325.000,300.000,325.000,-1,-1,-1,-1,750.000,750.000,-1,-1,2,0,2,0,2,0,0,0,0,2,2,2,2,0,0,2,2
111,-4199.775,7845.328,-210.884,-57.709,0.533571,0.845340,0.026517,-0.844490,0.534225,-0.037955,-0.046251,-0.002141,0.998928,0,0.71957,0.66779,43.174,1.336,-1,400.000,-1,400.000,-1,325.000,325.000,300.000,325.000,-1,-1,-1,-1,750.000,750.000,-1,-1,2,0,2,0,2,0,0,0,0,2,2,2,2,0,0,2,2
112,-4175.916,7809.126,-213.120,-56.613,0.549658,0.834972,0.026418,-0.834114,0.550291,-0.037863,-0.046152,-0.001224,0.998934,0,0.72262,0.54779,43.357,1.096,-1,400.000,-1,400.000,-1,325.000,325.000,300.000,325.000,-1,-1,-1,-1,750.000,750.000,-1,-1,2,0,2,0,2,0,0,0,0,2,2,2,2,0,0,2,2
113,-4151.423,7773.143,-215.312,-55.757,0.562078,0.826662,0.026412,-0.825800,0.562698,-0.037756,-0.046074,-0.000589,0.998938,0,0.72546,0.42779,43.528,0.856,-1,400.000,-1,400.000,-1,325.000,325.000,300.000,325.000,-1,-1,-1,-1,750.000,725.000,-1,-1,2,0,2,0,2,0,0,0,0,2,2,2,2,0,0,2,2
114,-4126.433,7737.504,-217.419,-54.963,0.573496,0.818782,0.026432,-0.817908,0.574105,-0.037826,-0.046146,0.000074,0.998935,0,0.72546,0.39718,43.528,0.794,-1,400.000,-1,400.000,-1,325.000,325.000,300.000,325.000,-1,-1,-1,-1,750.000,725.000,-1,-1,2,0,2,0,2,0,0,0,0,2,2,2,2,0,0,2,2
115,-4100.952,7702.214,-219.491,-54.169,0.584798,0.810744,0.026551,-0.809861,0.585401,-0.037827,-0.046211,0.000618,0.998932,0,0.72546,0.39718,43.528,0.794,-1,400.000,-1,375.000,-1,325.000,325.000,300.000,325.000,-1,-1,-1,-1,750.000,725.000,-1,-1,2,0,2,0,2,0,0,0,0,2,2,2,2,0,0,2,2
116,-4074.984,7667.280,-221.528,-53.374,0.595984,0.802550,0.026769,-0.801662,0.596584,-0.037753,-0.046269,0.001041,0.998928,0,0.72546,0.39718,43.528,0.794,-1,375.000,-1,375.000,-1,325.000,325.000,300.000,325.000,-1,-1,-1,-1,750.000,725.000,-1,-1,2,0,2,0,2,0,0,0,0,2,2,2,2,0,0,2,2
117,-4048.534,7632.710,-223.521,-52.580,0.607052,0.794202,0.027046,-0.793312,0.607653,-0.037601,-0.046297,0.001370,0.998927,0,0.72546,0.39718,43.528,0.794,-1,375.000,-1,375.000,-1,325.000,325.000,300.000,325.000,-1,-1,-1,-1,750.000,700.000,-1,-1,2,0,2,0,2,0,0,0,0,2,2,2,2,0,0,2,2
118,-4021.608,7598.511,-225.435,-51.786,0.618009,0.785701,0.027197,-0.784814,0.618604,-0.037366,-0.046183,0.001748,0.998931,0,0.72546,0.39718,43.528,0.794,-1,375.000,-1,375.000,-1,325.000,325.000,300.000,325.000,-1,-1,-1,-1,750.000,700.000,-1,-1,2,0,2,0,2,0,0,0,0,2,2,2,2,0,0,2,2
119,-3994.210,7564.687,-227.273,-50.991,0.628851,0.777048,0.027241,-0.776167,0.629437,-0.037054,-0.045939,0.002158,0.998942,0,0.72546,0.39718,43.528,0.794,-1,375.000,-1,375.000,-1,325.000,325.000,300.000,325.000,-1,-1,-1,-1,750.000,700.000,-1,-1,2,0,2,0,2,0,0,0,0,2,2,2,2,0,0,2,2
120,-3964.522,7529.361,-229.182,-49.957,0.642782,0.765559,0.027410,-0.764686,0.643361,-0.036633,-0.045679,0.002587,0.998953,0,0.76906,0.51718,46.144,1.034,-1,375.000,-1,375.000,-1,325.000,300.000,300.000,325.000,-1,-1,-1,-1,750.000,700.000,-1,-1,2,0,2,0,2,0,0,0,0,2,2,2,2,0,0,2,2
121,-3934.057,7494.704,-231.048,-48.683,0.659652,0.751060,0.027713,-0.750198,0.660227,-0.036104,-0.045413,0.003026,0.998964,0,0.76906,0.63718,46.144,1.274,-1,375.000,-1,375.000,-1,325.000,300.000,300.000,325.000,-1,-1,-1,-1,750.000,700.000,-1,-1,2,0,2,0,2,0,0,0,0,2,2,2,2,0,0,2,2
122,-3902.686,7460.865,-232.895,-47.168,0.679276,0.733348,0.028009,-0.732499,0.679844,-0.035454,-0.045042,0.003566,0.998979,0,0.76906,0.75718,46.144,1.514,-1,375.000,-1,375.000,-1,325.000,325.000,300.000,325.000,-1,-1,-1,-1,750.000,700.000,-1,-1,2,0,2,0,2,0,0,0,0,2,2,2,2,0,0,2,2
123,-3870.294,7428.001,-234.753,-45.414,0.701424,0.712189,0.028127,-0.711357,0.701974,-0.034691,-0.044451,0.004325,0.999002,0,0.76906,0.87718,46.144,1.754,-1,375.000,-1,375.000,-1,325.000,325.000,300.000,325.000,-1,-1,-1,-1,750.000,700.000,-1,-1,2,0,2,0,2,0,0,0,0,2,2,2,2,0,0,2,2
124,-3836.778,7396.285,-236.731,-43.420,0.725829,0.687324,0.027530,-0.686511,0.726329,-0.033900,-0.043296,0.005706,0.999046,0,0.76906,0.99718,46.144,1.994,-1,400.000,-1,375.000,-1,325.000,325.000,300.000,325.000,-1,-1,-1,-1,750.000,700.000,-1,-1,2,0,2,0,2,0,0,0,0,2,2,2,2,0,0,2,2
125,-3802.175,7365.758,-238.696,-41.420,0.749420,0.661551,0.026823,-0.660762,0.749867,-0.033060,-0.041985,0.007052,0.999093,0,0.76906,1.00000,46.144,2.000,-1,400.000,-1,375.000,-1,325.000,325.000,300.000,325.000,-1,-1,-1,-1,750.000,700.000,-1,-1,2,0,2,0,2,0,0,0,0,2,2,2,2,0,0,2,2
126,-3766.529,7336.457,-240.605,-39.420,0.772091,0.634972,0.026188,-0.634211,0.772491,-0.032148,-0.040643,0.008213,0.999140,0,0.76906,1.00000,46.144,2.000,-1,400.000,-1,375.000,-1,325.000,325.000,300.000,325.000,-1,-1,-1,-1,750.000,700.000,-1,-1,2,0,2,0,2,0,0,0,0,2,2,2,2,0,0,2,2
127,-3729.881,7308.418,-242.457,-37.420,0.793814,0.607621,0.025616,-0.606891,0.794174,-0.031161,-0.039278,0.009189,0.999186,0,0.76906,1.00000,46.144,2.000,-1,400.000,-1,375.000,-1,325.000,325.000,300.000,325.000,-1,-1,-1,-1,750.000,700.000,-1,-1,2,0,2,0,2,0,0,0,0,2,2,2,2,0,0,2,2
128,-3692.277,7281.676,-244.399,-35.420,0.814565,0.579527,0.025139,-0.578804,0.814885,-0.030800,-0.038335,0.010539,0.999209,0,0.76906,1.00000,46.144,2.000,-1,400.000,-1,375.000,-1,325.000,325.000,300.000,325.000,-1,-1,-1,-1,750.000,700.000,-1,-1,2,0,2,0,2,0,0,0,0,2,2,2,2,0,0,2,2
129,-3653.762,7256.261,-246.295,-33.420,0.834318,0.550727,0.024762,-0.550012,0.834602,-0.030429,-0.037424,0.011768,0.999230,0,0.76906,1.00000,46.144,2.000,-1,400.000,-1,375.000,-1,325.000,325.000,300.000,300.000,-1,-1,-1,-1,750.000,700.000,-1,-1,2,0,2,0,2,0,0,0,0,2,2,2,2,0,0,2,2
130,-3614.385,7232.207,-248.119,-31.420,0.853048,0.521258,0.024468,-0.520556,0.853304,-0.029914,-0.036471,0.012781,0.999253,0,0.76906,1.00000,46.144,2.000,-1,400.000,-1,375.000,-1,325.000,325.000,300.000,300.000,-1,-1,-1,-1,750.000,700.000,-1,-1,2,0,2,0,2,0,0,0,0,2,2,2,2,0,0,2,2
131,-3574.191,7209.541,-249.890,-29.420,0.870735,0.491155,0.024256,-0.490467,0.870965,-0.029355,-0.035544,0.013663,0.999275,0,0.76906,1.00000,46.144,2.000,-1,400.000,-1,375.000,-1,325.000,325.000,300.000,300.000,-1,-1,-1,-1,725.000,700.000,-1,-1,2,0,2,0,2,0,0,0,0,2,2,2,2,0,0,2,2
132,-3533.231,7188.292,-251.609,-27.420,0.887356,0.460454,0.024120,-0.459782,0.887566,-0.028752,-0.034647,0.014423,0.999296,0,0.76906,1.00000,46.144,2.000,-1,400.000,-1,375.000,-1,325.000,325.000,300.000,300.000,-1,-1,-1,-1,725.000,700.000,-1,-1,2,0,2,0,2,0,0,0,0,2,2,2,2,0,0,2,2
133,-3491.555,7168.485,-253.275,-25.420,0.902892,0.429194,0.024054,-0.428538,0.903087,-0.028106,-0.033786,0.015069,0.999315,0,0.76906,1.00000,46.144,2.000,-1,400.000,-1,375.000,-1,325.000,325.000,300.000,300.000,-1,-1,-1,-1,725.000,700.000,-1,-1,2,0,2,0,2,0,0,0,0,2,2,2,2,0,0,2,2
134,-3449.212,7150.145,-254.860,-23.420,0.917324,0.397411,0.024090,-0.396766,0.917506,-0.027564,-0.033057,0.015727,0.999330,0,0.76906,1.00000,46.144,2.000,-1,400.000,-1,375.000,-1,325.000,325.000,300.000,300.000,-1,-1,-1,-1,725.000,700.000,-1,-1,2,0,2,0,2,0,0,0,0,2,2,2,2,0,0,2,2
