timestep,x_cm,y_cm,z_cm,yaw_deg,basis_xx,basis_xy,basis_xz,basis_yx,basis_yy,basis_yz,basis_zx,basis_zy,basis_zz,teleport_flag,throttle_cmd,steering_cmd,cmd_move_cm,cmd_turn_deg,lidar_cm_0,lidar_cm_1,lidar_cm_2,lidar_cm_3,lidar_cm_4,lidar_cm_5,lidar_cm_6,lidar_cm_7,lidar_cm_8,lidar_cm_9,lidar_cm_10,lidar_cm_11,lidar_cm_12,lidar_cm_13,lidar_cm_14,lidar_cm_15,lidar_cm_16,lidar_class_0,lidar_class_1,lidar_class_2,lidar_class_3,lidar_class_4,lidar_class_5,lidar_class_6,lidar_class_7,lidar_class_8,lidar_class_9,lidar_class_10,lidar_class_11,lidar_class_12,lidar_class_13,lidar_class_14,lidar_class_15,lidar_class_16
0,-1638.267,-8203.691,251.090,-71.036,0.324475,0.945508,-0.027022,-0.945654,0.324904,0.013263,0.021320,0.021250,0.999547,1,0.08000,0.12000,4.800,0.240,-1,375.000,-1,375.000,-1,300.000,300.000,300.000,300.000,-1,400.000,425.000,-1,650.000,700.000,-1,-1,2,0,2,0,2,0,0,0,0,2,1,1,2,0,0,2,2
1,-1635.071,-8212.744,251.302,-70.556,0.332372,0.942754,-0.027275,-0.942895,0.332814,0.013550,0.021852,0.021214,0.999536,0,0.16000,0.24000,9.600,0.480,-1,375.000,-1,375.000,-1,300.000,300.000,300.000,300.000,-1,400.000,425.000,-1,650.000,700.000,-1,-1,2,0,2,0,2,0,0,0,0,2,1,1,2,0,0,2,2
2,-1630.107,-8226.261,251.626,-69.836,0.344174,0.938498,-0.027664,-0.938633,0.344635,0.013980,0.022654,0.021155,0.999520,0,0.24000,0.36000,14.400,0.720,-1,375.000,-1,375.000,-1,300.000,300.000,300.000,300.000,-1,425.000,450.000,-1,650.000,675.000,-1,-1,2,0,2,0,2,0,0,0,0,2,1,1,2,0,0,2,2
3,-1623.248,-8244.194,252.070,-69.068,0.356696,0.933794,-0.028214,-0.933920,0.357184,0.014556,0.023670,0.021158,0.999496,0,0.32000,0.38403,19.200,0.768,-1,375.000,-1,375.000,-1,300.000,300.000,300.000,300.000,-1,450.000,475.000,-1,650.000,675.000,-1,-1,2,0,2,0,2,0,0,0,0,2,1,1,2,0,0,2,2
4,-1614.367,-8266.491,252.641,-68.283,0.369409,0.928816,-0.028937,-0.928933,0.369932,0.015282,0.024899,0.021235,0.999464,0,0.40000,0.39214,24.000,0.784,-1,375.000,-1,375.000,-1,300.000,300.000,325.000,300.000,-1,450.000,500.000,-1,650.000,675.000,-1,-1,2,0,2,0,2,0,0,0,0,2,1,1,2,0,0,2,2
5,-1603.336,-8293.094,253.346,-67.479,0.382370,0.923527,-0.029843,-0.923633,0.382936,0.016161,0.026353,0.021385,0.999424,0,0.48000,0.40229,28.800,0.805,-1,375.000,-1,375.000,-1,300.000,300.000,325.000,300.000,-1,475.000,525.000,-1,650.000,675.000,-1,-1,2,0,2,0,2,0,0,0,0,2,1,1,2,0,0,2,2
6,-1590.018,-8323.942,254.192,-66.650,0.395636,0.917886,-0.030943,-0.917979,0.396256,0.017197,0.028046,0.021602,0.999373,0,0.56000,0.41448,33.600,0.829,-1,375.000,-1,375.000,-1,300.000,300.000,325.000,300.000,-1,525.000,575.000,-1,650.000,675.000,-1,-1,2,0,2,0,2,0,0,0,0,2,1,1,2,0,0,2,2
7,-1574.272,-8358.966,255.189,-65.792,0.409259,0.911848,-0.032250,-0.911925,0.409944,0.018396,0.029995,0.021881,0.999311,0,0.64000,0.42872,38.400,0.857,-1,375.000,-1,375.000,-1,300.000,300.000,325.000,300.000,-1,550.000,525.000,-1,650.000,675.000,-1,-1,2,0,2,0,2,0,0,0,0,2,1,0,2,0,0,2,2
8,-1555.949,-8398.087,256.393,-64.902,0.423301,0.905367,-0.033565,-0.905421,0.424057,0.019714,0.032081,0.022045,0.999242,0,0.72000,0.44500,43.200,0.890,-1,375.000,-1,375.000,-1,300.000,300.000,325.000,300.000,-1,550.000,500.000,-1,650.000,675.000,-1,-1,2,0,2,0,2,0,0,0,0,2,0,0,2,0,0,2,2
9,-1535.403,-8440.167,257.947,-63.976,0.437832,0.898402,-0.034303,-0.898404,0.438649,0.021379,0.034254,0.021457,0.999183,0,0.78046,0.46332,46.828,0.927,-1,375.000,-1,375.000,-1,300.000,300.000,325.000,300.000,-1,525.000,475.000,-1,650.000,675.000,-1,-1,2,0,2,0,2,0,0,0,0,2,0,0,2,0,0,2,2
10,-1513.765,-8482.652,259.706,-63.009,0.452866,0.890897,-0.034840,-0.890816,0.453749,0.023644,0.036873,0.020329,0.999113,0,0.79463,0.48319,47.678,0.966,-1,375.000,-1,375.000,-1,300.000,300.000,325.000,300.000,-1,500.000,450.000,-1,650.000,675.000,-1,-1,2,0,2,0,2,0,0,0,0,2,0,0,2,0,0,2,2
11,-1489.987,-8527.910,261.712,-62.283,0.464063,0.885096,-0.035349,-0.884906,0.465019,0.026433,0.039834,0.019014,0.999025,0,0.85206,0.36319,51.124,0.726,-1,375.000,-1,375.000,-1,300.000,300.000,325.000,325.000,-1,475.000,425.000,-1,650.000,675.000,-1,-1,2,0,2,0,2,0,0,0,0,2,0,0,2,0,0,2,2
12,-1465.335,-8573.756,263.809,-61.732,0.472491,0.880604,-0.035901,-0.880294,0.473521,0.029339,0.042836,0.017742,0.998925,0,0.86757,0.27552,52.054,0.551,-1,375.000,-1,375.000,-1,300.000,300.000,300.000,325.000,-1,450.000,425.000,-1,650.000,675.000,-1,-1,2,0,2,0,2,0,0,0,0,2,0,0,2,0,0,2,2
13,-1439.822,-8620.213,266.074,-61.225,0.480197,0.876396,-0.036611,-0.875969,0.481302,0.032047,0.045706,0.016681,0.998816,0,0.88336,0.25345,53.001,0.507,-1,375.000,-1,375.000,-1,300.000,300.000,300.000,325.000,-1,425.000,425.000,-1,675.000,675.000,-1,-1,2,0,2,0,2,0,0,0,0,2,0,0,2,0,0,2,2
14,-1413.464,-8667.304,268.676,-60.763,0.487169,0.872490,-0.037791,-0.871993,0.488353,0.033755,0.047907,0.016509,0.998715,0,0.89942,0.23098,53.965,0.462,-1,375.000,-1,375.000,-1,300.000,300.000,300.000,325.000,-1,450.000,425.000,-1,675.000,700.000,-1,-1,2,0,2,0,2,0,0,0,0,2,0,0,2,0,0,2,2
15,-1386.280,-8715.053,271.442,-60.347,0.493399,0.868919,-0.039210,-0.868348,0.494679,0.035549,0.050286,0.016508,0.998598,0,0.91575,0.20812,54.945,0.416,-1,375.000,-1,375.000,-1,300.000,300.000,300.000,325.000,-1,450.000,450.000,-1,675.000,700.000,-1,-1,2,0,2,0,2,0,0,0,0,2,0,0,2,0,0,2,2
16,-1358.289,-8763.490,274.500,-59.977,0.498841,0.865699,-0.041498,-0.865057,0.500269,0.037520,0.053241,0.017182,0.998434,0,0.93237,0.18484,55.942,0.370,-1,375.000,-1,375.000,-1,300.000,300.000,300.000,325.000,-1,450.000,450.000,-1,675.000,700.000,-1,-1,2,0,2,0,2,0,0,0,0,2,0,0,2,0,0,2,2
17,-1329.514,-8812.643,277.676,-59.655,0.503544,0.862862,-0.043729,-0.862140,0.505126,0.039520,0.056189,0.017800,0.998261,0,0.94927,0.16116,56.956,0.322,-1,375.000,-1,375.000,-1,300.000,300.000,300.000,325.000,-1,475.000,450.000,-1,700.000,725.000,-1,-1,2,0,2,0,2,0,0,0,0,2,0,0,2,0,0,2,2
18,-1299.978,-8862.546,280.977,-59.381,0.507502,0.860427,-0.045908,-0.859619,0.509243,0.041557,0.059135,0.018374,0.998081,0,0.96647,0.13705,57.988,0.274,-1,375.000,-1,375.000,-1,300.000,300.000,325.000,325.000,-1,475.000,450.000,-1,700.000,725.000,-1,-1,2,0,2,0,2,0,0,0,0,2,0,0,2,0,0,2,2
19,-1269.812,-8913.041,284.394,-59.146,0.510862,0.858321,-0.048019,-0.857419,0.512766,0.043626,0.062068,0.018886,0.997893,0,0.98031,0.11762,58.819,0.235,-1,375.000,-1,375.000,-1,300.000,300.000,325.000,325.000,-1,475.000,425.000,-1,725.000,750.000,-1,-1,2,0,2,0,2,0,0,0,0,2,0,0,2,0,0,2,2
20,-1239.439,-8963.411,287.956,-58.910,0.514241,0.856206,-0.049672,-0.855199,0.516284,0.045655,0.064735,0.019002,0.997722,0,0.98031,0.11762,58.819,0.235,-1,375.000,-1,375.000,-1,300.000,300.000,325.000,325.000,-1,450.000,425.000,-1,750.000,750.000,-1,-1,2,0,2,0,2,0,0,0,0,2,0,0,2,0,0,2,2
21,-1208.860,-9013.656,291.653,-58.675,0.517638,0.854083,-0.050915,-0.852959,0.519798,0.047657,0.067168,0.018759,0.997565,0,0.98031,0.11762,58.819,0.235,-1,375.000,-1,375.000,-1,300.000,300.000,325.000,325.000,-1,425.000,425.000,-1,775.000,775.000,-1,-1,2,0,2,0,2,0,0,0,0,2,0,0,2,0,0,2,2
22,-1178.074,-9063.776,295.589,-58.440,0.521096,0.851957,-0.051262,-0.850699,0.523309,0.049577,0.069064,0.017774,0.997454,0,0.98031,0.11762,58.819,0.235,-1,375.000,-1,400.000,-1,325.000,325.000,325.000,325.000,-1,425.000,425.000,-1,775.000,775.000,-1,-1,2,0,2,0,2,0,0,0,0,2,0,0,2,0,0,2,2
23,-1147.084,-9113.768,299.562,-58.205,0.524553,0.849816,-0.051548,-0.848429,0.526812,0.051352,0.070796,0.016798,0.997349,0,0.98031,0.11762,58.819,0.235,-1,400.000,-1,400.000,-1,325.000,325.000,325.000,325.000,-1,450.000,450.000,-1,800.000,800.000,-1,-1,2,0,2,0,2,0,0,0,0,2,0,0,2,0,0,2,2
24,-1115.888,-9163.633,303.402,-57.969,0.527996,0.847651,-0.052039,-0.846201,0.530299,0.052224,0.071865,0.016461,0.997279,0,0.98031,0.11762,58.819,0.235,-1,400.000,-1,400.000,-1,325.000,325.000,325.000,325.000,-1,450.000,475.000,-1,825.000,825.000,-1,-1,2,0,2,0,2,0,0,0,0,2,0,0,2,0,0,2,2
25,-1084.488,-9213.369,307.294,-57.734,0.531440,0.845472,-0.052433,-0.843961,0.533778,0.053022,0.072817,0.016074,0.997216,0,0.98031,0.11762,58.819,0.235,-1,400.000,-1,400.000,-1,325.000,325.000,325.000,325.000,-1,475.000,500.000,-1,850.000,850.000,-1,-1,2,0,2,0,2,0,0,0,0,2,0,0,2,0,0,2,2
26,-1052.883,-9262.976,311.239,-57.499,0.534883,0.843279,-0.052729,-0.841710,0.537249,0.053746,0.073652,0.015635,0.997161,0,0.98031,0.11762,58.819,0.235,-1,400.000,-1,400.000,-1,325.000,325.000,325.000,325.000,-1,500.000,525.000,-1,900.000,875.000,-1,-1,2,0,2,0,2,0,0,0,0,2,0,0,2,0,0,2,2
27,-1021.076,-9312.453,315.432,-57.264,0.538311,0.841062,-0.053251,-0.839514,0.540704,0.053439,0.073738,0.015938,0.997150,0,0.98031,0.11762,58.819,0.235,-1,400.000,-1,400.000,-1,325.000,325.000,325.000,325.000,-1,550.000,575.000,-1,925.000,900.000,-1,-1,2,0,2,0,2,0,0,0,0,2,0,0,2,0,0,2,2
28,-989.065,-9361.798,319.692,-57.029,0.541739,0.838831,-0.053685,-0.837313,0.544150,0.052993,0.073665,0.016243,0.997151,0,0.98031,0.11762,58.819,0.235,-1,400.000,-1,400.000,-1,325.000,325.000,325.000,325.000,-1,625.000,625.000,-1,950.000,900.000,-1,-1,2,0,2,0,2,0,0,0,0,2,0,0,2,0,0,2,2
29,-956.853,-9411.012,323.841,-56.793,0.545230,0.836595,-0.053220,-0.835097,0.547593,0.052491,0.073057,0.015824,0.997202,0,0.98031,0.11762,58.819,0.235,-1,425.000,-1,425.000,-1,325.000,325.000,325.000,325.000,-1,700.000,700.000,-1,975.000,925.000,-1,-1,2,0,2,0,2,0,0,0,0,2,0,0,2,0,0,2,2
30,-924.383,-9460.187,327.659,-56.563,0.548691,0.834395,-0.052189,-0.832985,0.550948,0.050913,0.071235,0.015537,0.997339,0,0.98214,0.11496,58.928,0.230,-1,400.000,-1,400.000,-1,325.000,325.000,300.000,325.000,-1,800.000,825.000,-1,1000.000,925.000,-1,-1,2,0,2,0,2,0,0,0,0,2,0,0,2,0,0,2,2
31,-891.630,-9509.376,331.507,-56.342,0.552022,0.832269,-0.050997,-0.830945,0.554165,0.049302,0.069294,0.015160,0.997481,0,0.98493,0.11049,59.096,0.221,-1,400.000,-1,400.000,-1,325.000,325.000,300.000,325.000,-1,950.000,950.000,-1,1000.000,925.000,-1,-1,2,0,2,0,2,0,0,0,0,2,0,0,2,0,0,2,2
32,-858.613,-9558.568,335.385,-56.131,0.555220,0.830220,-0.049644,-0.828981,0.557242,0.047662,0.067234,0.014691,0.997629,0,0.98743,0.10590,59.246,0.212,-1,400.000,-1,425.000,-1,325.000,325.000,300.000,325.000,-1,-1,-1,-1,-1,925.000,-1,-1,2,0,2,0,2,0,0,0,0,2,2,2,2,2,0,2,2
33,-825.348,-9607.753,339.291,-55.928,0.558283,0.828253,-0.048127,-0.827096,0.560176,0.045993,0.065053,0.014129,0.997782,0,0.98963,0.10121,59.378,0.202,-1,400.000,-1,425.000,-1,325.000,325.000,300.000,325.000,-1,-1,-1,-1,-1,925.000,-1,-1,2,0,2,0,2,0,0,0,0,2,2,2,2,2,0,2,2
34,-791.854,-9656.919,343.132,-55.735,0.561178,0.826367,-0.046875,-0.825293,0.562963,0.044327,0.063019,0.013811,0.997917,0,0.99153,0.09643,59.492,0.193,-1,425.000,-1,425.000,-1,325.000,325.000,300.000,325.000,-1,-1,-1,-1,-1,925.000,-1,-1,2,0,2,0,2,0,0,0,0,2,2,2,2,2,0,2,2
35,-758.148,-9706.057,346.835,-55.552,0.563882,0.824561,-0.046221,-0.823574,0.565600,0.042685,0.061339,0.013997,0.998019,0,0.99311,0.09158,59.587,0.183,-1,425.000,-1,425.000,-1,325.000,325.000,300.000,325.000,-1,-1,-1,-1,-1,925.000,-1,-1,2,0,2,0,2,0,0,0,0,2,2,2,2,2,0,2,2
36,-724.251,-9755.154,350.439,-55.379,0.566478,0.822848,-0.044979,-0.821942,0.568094,0.040981,0.059273,0.013755,0.998147,0,0.99437,0.08668,59.662,0.173,-1,425.000,-1,425.000,-1,325.000,325.000,300.000,300.000,-1,-1,-1,-1,-1,925.000,-1,-1,2,0,2,0,2,0,0,0,0,2,2,2,2,2,0,2,2
37,-690.183,-9804.201,353.533,-55.215,0.568993,0.821226,-0.042821,-0.820463,0.570441,0.037916,0.055564,0.013559,0.998363,0,0.99532,0.08174,59.719,0.163,-1,425.000,-1,425.000,-1,325.000,325.000,300.000,300.000,-1,-1,-1,-1,-1,900.000,-1,-1,2,0,2,0,2,0,0,0,0,2,2,2,2,2,0,2,2
38,-658.551,-9849.095,356.325,-54.832,0.574639,0.817392,-0.040742,-0.816751,0.575930,0.034947,0.052030,0.013194,0.998558,0,0.91532,0.19184,54.919,0.384,-1,425.000,-1,425.000,-1,325.000,325.000,300.000,300.000,-1,-1,-1,-1,-1,900.000,-1,-1,2,0,2,0,2,0,0,0,0,2,2,2,2,2,0,2,2
39,-627.734,-9892.231,359.007,-54.457,0.580119,0.813617,-0.038596,-0.813085,0.581261,0.032074,0.048530,0.012775,0.998740,0,0.88356,0.18716,53.014,0.374,-1,425.000,-1,400.000,-1,325.000,325.000,300.000,300.000,-1,-1,-1,-1,-1,900.000,-1,-1,2,0,2,0,2,0,0,0,0,2,2,2,2,2,0,2,2
40,-596.648,-9935.162,361.629,-54.092,0.585444,0.809900,-0.036293,-0.809458,0.586442,0.029400,0.045095,0.012166,0.998909,0,0.88340,0.18267,53.004,0.365,-1,425.000,-1,400.000,-1,325.000,325.000,325.000,300.000,-1,-1,-1,-1,-1,900.000,-1,-1,2,0,2,0,2,0,0,0,0,2,2,2,2,2,0,2,2
41,-565.311,-9977.878,363.814,-53.736,0.590577,0.806243,-0.034499,-0.805841,0.591476,0.027872,0.042877,0.011340,0.999016,0,0.88297,0.17825,52.978,0.356,-1,425.000,-1,400.000,-1,325.000,325.000,325.000,300.000,-1,-1,-1,-1,-1,900.000,-1,-1,2,0,2,0,2,0,0,0,0,2,2,2,2,2,0,2,2
42,-533.738,-10020.368,365.972,-53.385,0.595606,0.802613,-0.032633,-0.802249,0.596407,0.026352,0.040613,0.010485,0.999120,0,0.88228,0.17544,52.937,0.351,-1,425.000,-1,400.000,-1,350.000,325.000,325.000,300.000,-1,-1,-1,-1,-1,900.000,-1,-1,2,0,2,0,2,0,0,0,0,2,2,2,2,2,0,2,2
43,-501.943,-10062.622,368.101,-53.039,0.600540,0.799006,-0.030699,-0.798677,0.601247,0.024840,0.038304,0.009601,0.999220,0,0.88135,0.17294,52.881,0.346,-1,425.000,-1,400.000,-1,350.000,325.000,325.000,300.000,-1,-1,-1,-1,-1,900.000,-1,-1,2,0,2,0,2,0,0,0,0,2,2,2,2,2,0,2,2
44,-469.938,-10104.631,370.018,-52.697,0.605424,0.795420,-0.027739,-0.795118,0.606007,0.023317,0.035356,0.007939,0.999343,0,0.88020,0.17072,52.812,0.341,-1,425.000,-1,400.000,-1,350.000,325.000,325.000,300.000,-1,-1,-1,-1,-1,900.000,-1,-1,2,0,2,0,2,0,0,0,0,2,2,2,2,2,0,2,2
45,-437.735,-10146.387,371.873,-52.360,0.610228,0.791846,-0.024532,-0.791569,0.610690,0.021813,0.032254,0.006108,0.999461,0,0.87885,0.16878,52.731,0.338,-1,425.000,-1,400.000,-1,350.000,325.000,325.000,325.000,-1,-1,-1,-1,-1,900.000,-1,-1,2,0,2,0,2,0,0,0,0,2,2,2,2,2,0,2,2
46,-405.346,-10187.882,373.702,-52.025,0.614952,0.788277,-0.021288,-0.788026,0.615306,0.020334,0.029128,0.004271,0.999567,0,0.87733,0.16714,52.640,0.334,-1,425.000,-1,400.000,-1,350.000,325.000,325.000,325.000,-1,-1,-1,-1,-1,900.000,-1,-1,2,0,2,0,2,0,0,0,0,2,2,2,2,2,0,2,2
47,-372.779,-10229.110,375.507,-51.694,0.619604,0.784708,-0.018007,-0.784485,0.619861,0.018882,0.025978,0.002427,0.999660,0,0.87565,0.16579,52.539,0.332,-1,425.000,-1,425.000,-1,350.000,325.000,300.000,325.000,-1,-1,-1,-1,-1,900.000,-1,-1,2,0,2,0,2,0,0,0,0,2,2,2,2,2,0,2,2
48,-340.043,-10270.066,377.247,-51.364,0.624188,0.781133,-0.014873,-0.780938,0.624365,0.017456,0.022922,0.000719,0.999737,0,0.87386,0.16473,52.432,0.329,-1,425.000,-1,425.000,-1,350.000,325.000,300.000,325.000,-1,-1,-1,-1,-1,900.000,-1,-1,2,0,2,0,2,0,0,0,0,2,2,2,2,2,0,2,2
49,-307.144,-10310.746,378.013,-51.036,0.628693,0.777546,-0.012920,-0.777391,0.628826,0.015541,0.020208,0.000274,0.999796,0,0.87197,0.16398,52.318,0.328,-1,425.000,-1,425.000,-1,350.000,325.000,300.000,325.000,-1,-1,-1,-1,-1,875.000,-1,-1,2,0,2,0,2,0,0,0,0,2,2,2,2,2,0,2,2
50,-274.087,-10351.147,378.722,-50.709,0.633159,0.773945,-0.010923,-0.773824,0.633253,0.013686,0.017509,-0.000213,0.999847,0,0.87003,0.16352,52.202,0.327,-1,425.000,-1,425.000,-1,350.000,325.000,300.000,325.000,-1,-1,-1,-1,1000.000,875.000,-1,-1,2,0,2,0,2,0,0,0,0,2,2,2,2,0,0,2,2
51,-240.876,-10391.267,379.389,-50.383,0.637595,0.770321,-0.008886,-0.770230,0.637656,0.011875,0.014814,-0.000727,0.999890,0,0.86805,0.16335,52.083,0.327,-1,425.000,-1,425.000,-1,325.000,325.000,300.000,325.000,-1,-1,-1,-1,1000.000,850.000,-1,-1,2,0,2,0,2,0,0,0,0,2,2,2,2,0,0,2,2
52,-207.512,-10431.107,379.969,-50.056,0.642006,0.766669,-0.006854,-0.766606,0.642041,0.009894,0.011985,-0.001098,0.999928,0,0.86608,0.16349,51.965,0.327,-1,425.000,-1,400.000,-1,325.000,325.000,300.000,300.000,-1,-1,-1,-1,975.000,850.000,-1,-1,2,0,2,0,2,0,0,0,0,2,2,2,2,0,0,2,2
53,-173.997,-10470.667,380.442,-49.728,0.646401,0.762983,-0.004842,-0.762946,0.646418,0.007645,0.008963,-0.001248,0.999959,0,0.86414,0.16392,51.848,0.328,-1,425.000,-1,400.000,-1,325.000,325.000,300.000,300.000,-1,-1,-1,-1,975.000,825.000,-1,-1,2,0,2,0,2,0,0,0,0,2,2,2,2,0,0,2,2
54,-140.327,-10509.947,380.890,-49.399,0.650787,0.759255,-0.002772,-0.759237,0.650791,0.005517,0.005993,-0.001485,0.999981,0,0.86226,0.16464,51.736,0.329,-1,425.000,-1,400.000,-1,325.000,325.000,300.000,300.000,-1,-1,-1,-1,950.000,825.000,-1,-1,2,0,2,0,2,0,0,0,0,2,2,2,2,0,0,2,2
55,-106.502,-10548.952,381.313,-49.067,0.655172,0.755479,-0.000647,-0.755473,0.655170,0.003508,0.003074,-0.001810,0.999994,0,0.86047,0.16564,51.628,0.331,-1,425.000,-1,400.000,-1,325.000,325.000,300.000,300.000,-1,-1,-1,-1,950.000,825.000,-1,-1,2,0,2,0,2,0,0,0,0,2,2,2,2,0,0,2,2
56,-72.516,-10587.683,381.566,-48.734,0.659562,0.751647,0.002250,-0.751650,0.659560,0.001716,-0.000194,-0.002823,0.999996,0,0.85881,0.16693,51.528,0.334,-1,425.000,-1,400.000,-1,325.000,325.000,300.000,300.000,-1,-1,-1,-1,925.000,800.000,-1,-1,2,0,2,0,2,0,0,0,0,2,2,2,2,0,0,2,2
57,-38.363,-10626.145,381.445,-48.397,0.663955,0.747747,0.006129,-0.747765,0.663962,0.001144,-0.003214,-0.005342,0.999981,0,0.85728,0.16850,51.437,0.337,-1,425.000,-1,400.000,-1,325.000,325.000,300.000,300.000,-1,-1,-1,-1,900.000,800.000,-1,-1,2,0,2,0,2,0,0,0,0,2,2,2,2,0,0,2,2
58,-4.037,-10664.343,381.304,-48.056,0.668356,0.743773,0.010055,-0.743815,0.668385,0.000685,-0.006211,-0.007937,0.999949,0,0.85592,0.17033,51.355,0.341,-1,425.000,-1,400.000,-1,325.000,325.000,300.000,300.000,-1,-1,-1,-1,875.000,800.000,-1,-1,2,0,2,0,2,0,0,0,0,2,2,2,2,0,0,2,2
59,30.472,-10702.281,381.140,-47.711,0.672770,0.739718,0.014029,-0.739794,0.672833,0.000343,-0.009186,-0.010609,0.999902,0,0.85475,0.17244,51.285,0.345,-1,425.000,-1,400.000,-1,325.000,325.000,300.000,300.000,-1,-1,-1,-1,850.000,800.000,-1,-1,2,0,2,0,2,0,0,0,0,2,2,2,2,0,0,2,2
60,65.172,-10739.965,380.955,-47.361,0.677203,0.735575,0.018047,-0.735696,0.677312,0.000117,-0.012138,-0.013357,0.999837,0,0.85378,0.17481,51.227,0.350,-1,400.000,-1,400.000,-1,325.000,325.000,300.000,300.000,-1,-1,-1,-1,825.000,775.000,-1,-1,2,0,2,0,2,0,0,0,0,2,2,2,2,0,0,2,2
61,100.074,-10777.401,380.379,-47.007,0.681699,0.731352,0.020277,-0.731500,0.681841,-0.000131,-0.013922,-0.014743,0.999794,0,0.85304,0.17743,51.182,0.355,-1,400.000,-1,400.000,-1,325.000,325.000,300.000,300.000,-1,-1,-1,-1,825.000,775.000,-1,-1,2,0,2,0,2,0,0,0,0,2,2,2,2,0,0,2,2
62,135.190,-10814.595,379.775,-46.646,0.686247,0.727034,0.022059,-0.727206,0.686419,-0.000322,-0.015376,-0.015821,0.999757,0,0.85253,0.18030,51.152,0.361,-1,400.000,-1,400.000,-1,325.000,325.000,300.000,325.000,-1,-1,-1,-1,825.000,775.000,-1,-1,2,0,2,0,2,0,0,0,0,2,2,2,2,0,0,2,2
63,170.533,-10851.551,379.164,-46.279,0.690845,0.722612,0.023757,-0.722809,0.691048,-0.000432,-0.016729,-0.016874,0.999718,0,0.85227,0.18341,51.136,0.367,-1,400.000,-1,400.000,-1,325.000,325.000,300.000,325.000,-1,-1,-1,-1,800.000,775.000,-1,-1,2,0,2,0,2,0,0,0,0,2,2,2,2,0,0,2,2
64,206.116,-10888.277,378.527,-45.906,0.695502,0.718080,0.025280,-0.718301,0.695732,-0.000470,-0.017926,-0.017832,0.999680,0,0.85227,0.18676,51.136,0.374,-1,400.000,-1,400.000,-1,325.000,325.000,300.000,325.000,-1,-1,-1,-1,800.000,775.000,-1,-1,2,0,2,0,2,0,0,0,0,2,2,2,2,0,0,2,2
65,241.953,-10924.777,377.784,-45.525,0.700230,0.713434,0.026265,-0.713671,0.700481,-0.000476,-0.018738,-0.018411,0.999655,0,0.85254,0.19034,51.152,0.381,-1,400.000,-1,400.000,-1,325.000,325.000,300.000,325.000,-1,-1,-1,-1,800.000,775.000,-1,-1,2,0,2,0,2,0,0,0,0,2,2,2,2,0,0,2,2
66,278.060,-10961.056,377.008,-45.137,0.705021,0.708664,0.027215,-0.708915,0.705293,-0.000600,-0.019620,-0.018870,0.999629,0,0.85308,0.19415,51.185,0.388,-1,400.000,-1,400.000,-1,325.000,325.000,300.000,325.000,-1,-1,-1,-1,800.000,775.000,-1,-1,2,0,2,0,2,0,0,0,0,2,2,2,2,0,0,2,2
67,314.452,-10997.119,376.001,-44.740,0.709871,0.703774,0.028034,-0.704014,0.710184,-0.001777,-0.021160,-0.018475,0.999605,0,0.85389,0.19817,51.234,0.396,-1,400.000,-1,400.000,-1,325.000,325.000,325.000,325.000,-1,-1,-1,-1,775.000,750.000,-1,-1,2,0,2,0,2,0,0,0,0,2,2,2,2,0,0,2,2
68,351.144,-11032.970,375.006,-44.335,0.714790,0.698743,0.028862,-0.698972,0.715143,-0.002848,-0.022630,-0.018138,0.999579,0,0.85499,0.20241,51.299,0.405,-1,400.000,-1,400.000,-1,325.000,325.000,325.000,325.000,-1,-1,-1,-1,775.000,750.000,-1,-1,2,0,2,0,2,0,0,0,0,2,2,2,2,0,0,2,2
69,388.591,-11069.348,373.874,-44.171,0.716767,0.696677,0.029760,-0.696918,0.717144,-0.003049,-0.023467,-0.018555,0.999552,0,0.87014,0.08241,52.208,0.165,-1,400.000,-1,400.000,-1,325.000,325.000,325.000,300.000,-1,-1,-1,-1,775.000,750.000,-1,-1,2,0,2,0,2,0,0,0,0,2,2,2,2,0,0,2,2
70,426.190,-11105.720,372.533,-44.050,0.718205,0.695155,0.030666,-0.695417,0.718601,-0.002825,-0.024000,-0.019297,0.999526,0,0.87187,0.06036,52.312,0.121,-1,400.000,-1,400.000,-1,325.000,325.000,325.000,300.000,-1,-1,-1,-1,775.000,750.000,-1,-1,2,0,2,0,2,0,0,0,0,2,2,2,2,0,0,2,2
71,463.958,-11142.089,371.193,-43.919,0.719759,0.693507,0.031545,-0.693792,0.720171,-0.002542,-0.024481,-0.020056,0.999499,0,0.87386,0.06523,52.432,0.130,-1,400.000,-1,400.000,-1,325.000,325.000,325.000,300.000,-1,-1,-1,-1,750.000,725.000,-1,-1,2,0,2,0,2,0,0,0,0,2,2,2,2,0,0,2,2
72,501.911,-11178.457,369.875,-43.779,0.721432,0.691726,0.032409,-0.692039,0.721857,-0.002091,-0.024841,-0.020920,0.999473,0,0.87609,0.07026,52.565,0.141,-1,400.000,-1,375.000,-1,325.000,325.000,325.000,300.000,-1,-1,-1,-1,750.000,725.000,-1,-1,2,0,2,0,2,0,0,0,0,2,2,2,2,0,0,2,2
73,540.067,-11214.827,368.581,-43.628,0.723228,0.689808,0.033255,-0.690154,0.723661,-0.001469,-0.025079,-0.021888,0.999446,0,0.87854,0.07545,52.712,0.151,-1,400.000,-1,375.000,-1,325.000,325.000,325.000,325.000,-1,-1,-1,-1,750.000,725.000,-1,-1,2,0,2,0,2,0,0,0,0,2,2,2,2,0,0,2,2
74,578.441,-11251.200,367.343,-43.466,0.725152,0.687750,0.033986,-0.688128,0.725589,-0.000777,-0.025195,-0.022823,0.999422,0,0.88122,0.08081,52.873,0.162,-1,400.000,-1,375.000,-1,325.000,325.000,325.000,325.000,-1,-1,-1,-1,750.000,725.000,-1,-1,2,0,2,0,2,0,0,0,0,2,2,2,2,0,0,2,2
75,616.934,-11287.478,366.196,-43.303,0.727089,0.685671,0.034602,-0.686077,0.727529,-0.000182,-0.025298,-0.023607,0.999401,0,0.88157,0.08148,52.894,0.163,-1,375.000,-1,375.000,-1,325.000,325.000,325.000,325.000,-1,-1,-1,-1,725.000,750.000,-1,-1,2,0,2,0,2,0,0,0,0,2,2,2,2,0,0,2,2
76,655.530,-11323.647,365.085,-43.140,0.729019,0.683585,0.035258,-0.684022,0.729461,0.000477,-0.025393,-0.024465,0.999378,0,0.88157,0.08148,52.894,0.163,-1,375.000,-1,375.000,-1,325.000,325.000,325.000,325.000,-1,-1,-1,-1,725.000,750.000,-1,-1,2,0,2,0,2,0,0,0,0,2,2,2,2,0,0,2,2
77,694.229,-11359.705,364.009,-42.978,0.730943,0.681491,0.035954,-0.681963,0.731385,0.001199,-0.025479,-0.025396,0.999353,0,0.88157,0.08148,52.894,0.163,-1,375.000,-1,375.000,-1,325.000,325.000,325.000,325.000,-1,-1,-1,-1,725.000,750.000,-1,-1,2,0,2,0,2,0,0,0,0,2,2,2,2,0,0,2,2
78,733.031,-11395.653,362.941,-42.815,0.732864,0.679392,0.036559,-0.679898,0.733304,0.001965,-0.025474,-0.026296,0.999330,0,0.88157,0.08148,52.894,0.163,-1,375.000,-1,375.000,-1,325.000,325.000,300.000,325.000,-1,-1,-1,-1,725.000,750.000,-1,-1,2,0,2,0,2,0,0,0,0,2,2,2,2,0,0,2,2
79,771.934,-11431.491,361.654,-42.652,0.734821,0.677303,0.036024,-0.677810,0.735232,0.002612,-0.024717,-0.026336,0.999348,0,0.88157,0.08148,52.894,0.163,-1,375.000,-1,375.000,-1,325.000,325.000,300.000,325.000,-1,-1,-1,-1,725.000,750.000,-1,-1,2,0,2,0,2,0,0,0,0,2,2,2,2,0,0,2,2
80,810.938,-11467.218,360.410,-42.489,0.736770,0.675207,0.035572,-0.675718,0.737153,0.003322,-0.023979,-0.026484,0.999362,0,0.88157,0.08148,52.894,0.163,-1,375.000,-1,375.000,-1,325.000,325.000,300.000,325.000,-1,-1,-1,-1,725.000,775.000,-1,-1,2,0,2,0,2,0,0,0,0,2,2,2,2,0,0,2,2
81,850.045,-11502.834,359.212,-42.326,0.738712,0.673103,0.035179,-0.673621,0.739066,0.004093,-0.023244,-0.026721,0.999373,0,0.88157,0.08148,52.894,0.163,-1,375.000,-1,375.000,-1,325.000,325.000,300.000,325.000,-1,-1,-1,-1,725.000,775.000,-1,-1,2,0,2,0,2,0,0,0,0,2,2,2,2,0,0,2,2
82,889.252,-11538.339,357.990,-42.163,0.740659,0.670998,0.034433,-0.671512,0.740977,0.004858,-0.022254,-0.026720,0.999395,0,0.88157,0.08148,52.894,0.163,-1,375.000,-1,375.000,-1,325.000,325.000,300.000,325.000,-1,-1,-1,-1,725.000,775.000,-1,-1,2,0,2,0,2,0,0,0,0,2,2,2,2,0,0,2,2
83,928.561,-11573.732,356.749,-42.000,0.742601,0.668892,0.033587,-0.669395,0.742887,0.005420,-0.021326,-0.026508,0.999421,0,0.88157,0.08148,52.894,0.163,-1,375.000,-1,400.000,-1,325.000,325.000,300.000,325.000,-1,-1,-1,-1,725.000,775.000,-1,-1,2,0,2,0,2,0,0,0,0,2,2,2,2,0,0,2,2
84,967.969,-11609.013,355.523,-41.837,0.744531,0.666781,0.032796,-0.667271,0.744793,0.005798,-0.020561,-0.026200,0.999445,0,0.88157,0.08148,52.894,0.163,-1,375.000,-1,400.000,-1,325.000,325.000,300.000,325.000,-1,-1,-1,-1,725.000,775.000,-1,-1,2,0,2,0,2,0,0,0,0,2,2,2,2,0,0,2,2
85,1007.478,-11644.182,354.348,-41.674,0.746453,0.664665,0.032070,-0.665142,0.746691,0.006172,-0.019844,-0.025938,0.999467,0,0.88157,0.08148,52.894,0.163,-1,375.000,-1,400.000,-1,325.000,325.000,300.000,325.000,-1,-1,-1,-1,725.000,775.000,-1,-1,2,0,2,0,2,0,0,0,0,2,2,2,2,0,0,2,2
86,1047.087,-11679.239,353.228,-41.511,0.748366,0.662542,0.031408,-0.663009,0.748583,0.006528,-0.019186,-0.025709,0.999485,0,0.88157,0.08148,52.894,0.163,-1,375.000,-1,400.000,-1,325.000,325.000,300.000,325.000,-1,-1,-1,-1,725.000,775.000,-1,-1,2,0,2,0,2,0,0,0,0,2,2,2,2,0,0,2,2
87,1086.795,-11714.182,352.193,-41.348,0.750268,0.660416,0.030803,-0.660870,0.750471,0.006705,-0.018689,-0.025388,0.999503,0,0.88157,0.08148,52.894,0.163,-1,375.000,-1,400.000,-1,325.000,325.000,300.000,325.000,-1,-1,-1,-1,725.000,775.000,-1,-1,2,0,2,0,2,0,0,0,0,2,2,2,2,0,0,2,2
88,1126.603,-11749.013,351.102,-41.185,0.752158,0.658288,0.030248,-0.658724,0.752357,0.006503,-0.018476,-0.024816,0.999521,0,0.88157,0.08148,52.894,0.163,-1,375.000,-1,400.000,-1,325.000,325.000,300.000,325.000,-1,-1,-1,-1,725.000,775.000,-1,-1,2,0,2,0,2,0,0,0,0,2,2,2,2,0,0,2,2
89,1166.509,-11783.730,349.900,-41.022,0.754034,0.656162,0.029734,-0.656569,0.754245,0.005665,-0.018710,-0.023794,0.999542,0,0.88157,0.08148,52.894,0.163,-1,375.000,-1,400.000,-1,325.000,325.000,300.000,325.000,-1,-1,-1,-1,700.000,750.000,-1,-1,2,0,2,0,2,0,0,0,0,2,2,2,2,0,0,2,2
90,1206.514,-11818.334,348.757,-40.859,0.755904,0.654027,0.029299,-0.654410,0.756123,0.005002,-0.018883,-0.022955,0.999558,0,0.88157,0.08148,52.894,0.163,-1,375.000,-1,400.000,-1,300.000,325.000,325.000,325.000,-1,-1,-1,-1,700.000,750.000,-1,-1,2,0,2,0,2,0,0,0,0,2,2,2,2,0,0,2,2
91,1246.617,-11852.824,347.774,-40.696,0.757782,0.651889,0.028418,-0.652241,0.757998,0.004415,-0.018663,-0.021881,0.999586,0,0.88157,0.08148,52.894,0.163,-1,375.000,-1,400.000,-1,300.000,325.000,325.000,325.000,-1,-1,-1,-1,700.000,750.000,-1,-1,2,0,2,0,2,0,0,0,0,2,2,2,2,0,0,2,2
92,1286.819,-11887.199,346.876,-40.533,0.759656,0.649745,0.027481,-0.650068,0.759866,0.003975,-0.018299,-0.020884,0.999614,0,0.88157,0.08148,52.894,0.163,-1,375.000,-1,400.000,-1,300.000,325.000,325.000,325.000,-1,-1,-1,-1,700.000,750.000,-1,-1,2,0,2,0,2,0,0,0,0,2,2,2,2,0,0,2,2
93,1327.117,-11921.460,346.022,-40.370,0.761521,0.647591,0.026692,-0.647893,0.761722,0.003727,-0.017918,-0.020132,0.999637,0,0.88157,0.08148,52.894,0.163,-1,375.000,-1,400.000,-1,300.000,325.000,325.000,325.000,-1,-1,-1,-1,700.000,725.000,-1,-1,2,0,2,0,2,0,0,0,0,2,2,2,2,0,0,2,2
94,1363.717,-11952.661,345.291,-40.447,0.760665,0.648620,0.026083,-0.648908,0.760858,0.003604,-0.017508,-0.019666,0.999653,0,0.80157,-0.03852,48.094,-0.077,-1,375.000,-1,400.000,-1,300.000,325.000,300.000,325.000,-1,-1,-1,-1,700.000,725.000,-1,-1,2,0,2,0,2,0,0,0,0,2,2,2,2,0,0,2,2
95,1398.967,-11983.050,344.597,-40.764,0.757081,0.652825,0.025452,-0.653101,0.757263,0.003538,-0.016964,-0.019301,0.999670,0,0.77568,-0.15852,46.541,-0.317,-1,375.000,-1,400.000,-1,300.000,325.000,300.000,325.000,-1,-1,-1,-1,700.000,725.000,-1,-1,2,0,2,0,2,0,0,0,0,2,2,2,2,0,0,2,2
96,1433.988,-12013.839,343.889,-41.321,0.750720,0.660161,0.024643,-0.660422,0.750886,0.003495,-0.016197,-0.018898,0.999690,0,0.77717,-0.27852,46.630,-0.557,-1,375.000,-1,375.000,-1,300.000,325.000,300.000,325.000,-1,-1,-1,-1,700.000,725.000,-1,-1,2,0,2,0,2,0,0,0,0,2,2,2,2,0,0,2,2
97,1468.640,-12045.170,343.216,-42.118,0.741484,0.670546,0.023875,-0.670795,0.741634,0.003511,-0.015352,-0.018618,0.999709,0,0.77861,-0.39852,46.717,-0.797,-1,375.000,-1,375.000,-1,300.000,325.000,300.000,325.000,-1,-1,-1,-1,675.000,725.000,-1,-1,2,0,2,0,2,0,0,0,0,2,2,2,2,0,0,2,2
98,1502.782,-12077.182,342.579,-43.155,0.729245,0.683861,0.023150,-0.684100,0.729379,0.003578,-0.014438,-0.018446,0.999726,0,0.78003,-0.51852,46.802,-1.037,-1,375.000,-1,375.000,-1,300.000,325.000,300.000,325.000,-1,-1,-1,-1,675.000,725.000,-1,-1,2,0,2,0,2,0,0,0,0,2,2,2,2,0,0,2,2
99,1536.263,-12110.006,341.974,-44.432,0.713840,0.699947,0.022511,-0.700179,0.713958,0.003690,-0.013489,-0.018396,0.999740,0,0.78146,-0.63852,46.888,-1.277,-1,375.000,-1,375.000,-1,300.000,325.000,300.000,325.000,-1,-1,-1,-1,675.000,725.000,-1,-1,2,0,2,0,2,0,0,0,0,2,2,2,2,0,0,2,2
100,1569.054,-12143.647,341.407,-45.733,0.697780,0.715974,0.021987,-0.716201,0.697883,0.003846,-0.012591,-0.018430,0.999751,0,0.78296,-0.65041,46.978,-1.301,-1,375.000,-1,375.000,-1,300.000,300.000,300.000,325.000,-1,-1,-1,-1,675.000,725.000,-1,-1,2,0,2,0,2,0,0,0,0,2,2,2,2,0,0,2,2
101,1601.131,-12178.094,340.918,-47.040,0.681280,0.731710,0.021400,-0.731930,0.681368,0.004036,-0.011628,-0.018413,0.999763,0,0.78449,-0.65363,47.070,-1.307,-1,375.000,-1,375.000,-1,300.000,300.000,300.000,325.000,-1,-1,-1,-1,675.000,725.000,-1,-1,2,0,2,0,2,0,0,0,0,2,2,2,2,0,0,2,2
102,1632.472,-12213.337,340.502,-48.354,0.664345,0.747140,0.020687,-0.747352,0.664414,0.004319,-0.010518,-0.018329,0.999777,0,0.78604,-0.65686,47.163,-1.314,-1,375.000,-1,375.000,-1,300.000,300.000,300.000,325.000,-1,-1,-1,-1,675.000,725.000,-1,-1,2,0,2,0,2,0,0,0,0,2,2,2,2,0,0,2,2
103,1663.053,-12249.365,340.062,-49.674,0.646986,0.762265,0.019014,-0.762447,0.647037,0.004165,-0.009128,-0.017192,0.999811,0,0.78762,-0.66009,47.257,-1.320,-1,375.000,-1,375.000,-1,300.000,300.000,300.000,325.000,-1,-1,-1,-1,675.000,725.000,-1,-1,2,0,2,0,2,0,0,0,0,2,2,2,2,0,0,2,2
104,1692.852,-12286.166,339.750,-51.001,0.629191,0.777059,0.017242,-0.777210,0.629229,0.003793,-0.007902,-0.015787,0.999844,0,0.78921,-0.66334,47.353,-1.327,-1,375.000,-1,375.000,-1,300.000,300.000,300.000,325.000,-1,-1,-1,-1,675.000,725.000,-1,-1,2,0,2,0,2,0,0,0,0,2,2,2,2,0,0,2,2
105,1721.846,-12323.726,339.494,-52.334,0.610967,0.791505,0.015445,-0.791629,0.610992,0.003564,-0.006616,-0.014404,0.999874,0,0.79082,-0.66660,47.449,-1.333,-1,375.000,-1,375.000,-1,300.000,300.000,300.000,325.000,-1,-1,-1,-1,675.000,725.000,-1,-1,2,0,2,0,2,0,0,0,0,2,2,2,2,0,0,2,2
106,1750.012,-12362.033,339.293,-53.674,0.592317,0.805589,0.013634,-0.805688,0.592331,0.003477,-0.005275,-0.013044,0.999901,0,0.79245,-0.66986,47.547,-1.340,-1,375.000,-1,375.000,-1,300.000,300.000,300.000,325.000,-1,-1,-1,-1,700.000,725.000,-1,-1,2,0,2,0,2,0,0,0,0,2,2,2,2,0,0,2,2
107,1777.327,-12401.072,339.142,-55.020,0.573247,0.819298,0.011815,-0.819373,0.573249,0.003505,-0.003901,-0.011690,0.999924,0,0.79410,-0.67314,47.646,-1.346,-1,375.000,-1,375.000,-1,300.000,300.000,325.000,325.000,-1,-1,-1,-1,700.000,725.000,-1,-1,2,0,2,0,2,0,0,0,0,2,2,2,2,0,0,2,2
108,1803.767,-12440.828,339.034,-56.373,0.553761,0.832616,0.009990,-0.832672,0.553754,0.003627,-0.002512,-0.010326,0.999944,0,0.79575,-0.67643,47.745,-1.353,-1,375.000,-1,375.000,-1,300.000,325.000,325.000,325.000,-1,-1,-1,-1,700.000,725.000,-1,-1,2,0,2,0,2,0,0,0,0,2,2,2,2,0,0,2,2
109,1829.310,-12481.284,338.974,-57.732,0.533864,0.845531,0.008177,-0.845569,0.533852,0.003864,-0.001098,-0.008977,0.999959,0,0.79742,-0.67974,47.845,-1.359,-1,375.000,-1,375.000,-1,300.000,325.000,325.000,325.000,-1,-1,-1,-1,700.000,750.000,-1,-1,2,0,2,0,2,0,0,0,0,2,2,2,2,0,0,2,2
110,1853.933,-12522.424,338.960,-59.099,0.513564,0.858027,0.006386,-0.858051,0.513547,0.004214,0.000337,-0.007644,0.999971,0,0.79909,-0.68306,47.946,-1.366,-1,375.000,-1,400.000,-1,300.000,325.000,300.000,325.000,-1,-1,-1,-1,725.000,750.000,-1,-1,2,0,2,0,2,0,0,0,0,2,2,2,2,0,0,2,2
111,1877.613,-12564.230,338.978,-60.471,0.492867,0.870092,0.004655,-0.870103,0.492848,0.004743,0.001832,-0.006388,0.999978,0,0.80077,-0.68640,48.046,-1.373,-1,375.000,-1,400.000,-1,300.000,325.000,300.000,325.000,-1,-1,975.000,-1,725.000,750.000,-1,-1,2,0,2,0,2,0,0,0,0,2,2,0,2,0,0,2,2
112,1900.327,-12606.682,339.037,-61.851,0.471780,0.881711,0.002973,-0.881710,0.471761,0.005378,0.003340,-0.005158,0.999981,0,0.80246,-0.68976,48.147,-1.380,-1,375.000,-1,400.000,-1,300.000,325.000,300.000,325.000,-1,-1,950.000,-1,750.000,775.000,-1,-1,2,0,2,0,2,0,0,0,0,2,2,0,2,0,0,2,2
113,1922.053,-12649.762,339.113,-63.237,0.450310,0.892871,0.001555,-0.892860,0.450294,0.005922,0.004587,-0.004055,0.999981,0,0.80414,-0.69313,48.248,-1.386,-1,375.000,-1,400.000,-1,325.000,325.000,300.000,325.000,-1,-1,925.000,-1,750.000,775.000,-1,-1,2,0,2,0,2,0,0,0,0,2,2,0,2,0,0,2,2
114,1942.769,-12693.449,339.190,-64.630,0.428467,0.903557,0.000465,-0.903540,0.428456,0.006338,0.005527,-0.003136,0.999980,0,0.80582,-0.69653,48.349,-1.393,-1,375.000,-1,400.000,-1,325.000,325.000,300.000,325.000,-1,-1,950.000,-1,750.000,775.000,-1,-1,2,0,2,0,2,0,0,0,0,2,2,0,2,0,0,2,2
115,1962.451,-12737.719,339.310,-66.030,0.406260,0.913757,-0.000528,-0.913736,0.406255,0.006661,0.006301,-0.002223,0.999978,0,0.80748,-0.69996,48.449,-1.400,-1,375.000,-1,400.000,-1,325.000,325.000,300.000,325.000,-1,-1,975.000,-1,775.000,775.000,-1,-1,2,0,2,0,2,0,0,0,0,2,2,0,2,0,0,2,2
116,1981.079,-12782.552,339.471,-67.437,0.383699,0.923457,-0.001441,-0.923433,0.383699,0.006885,0.006911,-0.001312,0.999975,0,0.80914,-0.70341,48.548,-1.407,-1,375.000,-1,400.000,-1,325.000,325.000,300.000,325.000,-1,-1,-1,-1,775.000,800.000,-1,-1,2,0,2,0,2,0,0,0,0,2,2,2,2,0,0,2,2
117,1998.631,-12827.922,339.687,-68.851,0.360792,0.932644,-0.002224,-0.932618,0.360799,0.006990,0.007322,-0.000448,0.999973,0,0.81078,-0.70688,48.647,-1.414,-1,375.000,-1,400.000,-1,325.000,325.000,300.000,325.000,-1,-1,-1,-1,800.000,800.000,-1,-1,2,0,2,0,2,0,0,0,0,2,2,2,2,0,0,2,2
118,2015.085,-12873.805,339.946,-70.272,0.337550,0.941303,-0.002946,-0.941277,0.337563,0.006985,0.007569,0.000415,0.999971,0,0.81240,-0.71039,48.744,-1.421,-1,375.000,-1,400.000,-1,325.000,325.000,300.000,325.000,-1,-1,-1,-1,800.000,800.000,-1,-1,2,0,2,0,2,0,0,0,0,2,2,2,2,0,0,2,2
119,2030.421,-12920.175,340.237,-71.699,0.313983,0.949421,-0.003657,-0.949397,0.314002,0.006883,0.007683,0.001311,0.999970,0,0.81400,-0.71394,48.840,-1.428,-1,400.000,-1,400.000,-1,325.000,325.000,300.000,325.000,-1,-1,-1,-1,800.000,800.000,-1,-1,2,0,2,0,2,0,0,0,0,2,2,2,2,0,0,2,2
120,2044.618,-12967.004,340.560,-73.134,0.290102,0.956986,-0.004374,-0.956965,0.290126,0.006687,0.007668,0.002246,0.999968,0,0.81556,-0.71751,48.934,-1.435,-1,400.000,-1,400.000,-1,325.000,325.000,300.000,325.000,-1,-1,-1,-1,800.000,800.000,-1,-1,2,0,2,0,2,0,0,0,0,2,2,2,2,0,0,2,2
121,2057.656,-13014.263,340.914,-74.577,0.265917,0.963982,-0.005112,-0.963966,0.265947,0.006403,0.007532,0.003225,0.999966,0,0.81709,-0.72113,49.025,-1.442,-1,400.000,-1,400.000,-1,325.000,325.000,300.000,325.000,-1,-1,-1,-1,825.000,800.000,-1,-1,2,0,2,0,2,0,0,0,0,2,2,2,2,0,0,2,2
122,2069.516,-13061.924,341.290,-76.026,0.241440,0.970398,-0.005911,-0.970388,0.241475,0.006050,0.007298,0.004275,0.999964,0,0.81857,-0.72479,49.114,-1.450,-1,400.000,-1,400.000,-1,325.000,325.000,300.000,325.000,-1,-1,-1,-1,825.000,825.000,-1,-1,2,0,2,0,2,0,0,0,0,2,2,2,2,0,0,2,2
123,2080.179,-13109.955,341.636,-77.483,0.216682,0.976218,-0.006940,-0.976218,0.216721,0.005468,0.006842,0.005590,0.999961,0,0.82001,-0.72850,49.201,-1.457,-1,400.000,-1,400.000,-1,325.000,325.000,300.000,300.000,-1,-1,-1,-1,825.000,825.000,-1,-1,2,0,2,0,2,0,0,0,0,2,2,2,2,0,0,2,2
124,2090.012,-13161.401,342.004,-79.180,0.187672,0.982198,-0.008169,-0.982212,0.187715,0.004789,0.006237,0.007125,0.999955,0,0.87295,-0.84850,52.377,-1.697,-1,400.000,-1,400.000,-1,325.000,325.000,325.000,300.000,-1,-1,-1,-1,850.000,825.000,-1,-1,2,0,2,0,2,0,0,0,0,2,2,2,2,0,0,2,2
125,2098.114,-13213.246,342.099,-81.117,0.154372,0.987978,-0.008285,-0.987999,0.154408,0.004009,0.005240,0.007567,0.999958,0,0.87457,-0.96850,52.474,-1.937,-1,400.000,-1,400.000,-1,325.000,325.000,325.000,300.000,-1,-1,-1,-1,850.000,825.000,-1,-1,2,0,2,0,2,0,0,0,0,2,2,2,2,0,0,2,2
126,2104.417,-13265.458,342.118,-83.117,0.119806,0.992764,-0.008120,-0.992789,0.119834,0.003075,0.004026,0.007693,0.999962,0,0.87652,-1.00000,52.591,-2.000,-1,400.000,-1,400.000,-1,325.000,325.000,325.000,300.000,-1,-1,-1,-1,850.000,825.000,-1,-1,2,0,2,0,2,0,0,0,0,2,2,2,2,0,0,2,2
127,2108.904,-13317.979,342.135,-85.117,0.085095,0.996341,-0.008006,-0.996369,0.085114,0.002163,0.002836,0.007792,0.999966,0,0.87854,-1.00000,52.712,-2.000,-1,400.000,-1,400.000,1000.000,325.000,325.000,300.000,300.000,-1,-1,-1,-1,850.000,825.000,-1,-1,2,0,2,0,1,0,0,0,0,2,2,2,2,0,0,2,2
128,2111.561,-13370.743,342.150,-87.117,0.050279,0.998704,-0.007943,-0.998734,0.050291,0.001273,0.001671,0.007868,0.999968,0,0.88052,-1.00000,52.831,-2.000,-1,400.000,-1,400.000,900.000,325.000,325.000,300.000,300.000,-1,-1,-1,-1,850.000,825.000,-1,-1,2,0,2,0,1,0,0,0,0,2,2,2,2,0,0,2,2
129,2112.376,-13423.685,342.165,-89.117,0.015402,0.999850,-0.007934,-0.999881,0.015406,0.000408,0.000530,0.007927,0.999968,0,0.88247,-1.00000,52.948,-2.000,-1,400.000,-1,400.000,825.000,325.000,325.000,300.000,300.000,-1,-1,-1,-1,850.000,800.000,-1,-1,2,0,2,0,1,0,0,0,1,2,2,2,2,0,0,2,2
130,2111.342,-13476.736,342.182,-91.117,-0.019494,0.999778,-0.007985,-0.999810,-0.019498,-0.000430,-0.000586,0.007975,0.999968,0,0.88435,-1.00000,53.061,-2.000,-1,400.000,-1,400.000,775.000,325.000,325.000,325.000,300.000,-1,-1,-1,-1,850.000,800.000,-1,-1,2,0,2,0,1,0,0,0,1,2,2,2,2,0,0,2,2
131,2108.450,-13529.827,342.201,-93.117,-0.054366,0.998488,-0.008097,-0.998520,-0.054378,-0.001239,-0.001677,0.008018,0.999966,0,0.88617,-1.00000,53.170,-2.000,-1,400.000,-1,400.000,700.000,325.000,325.000,325.000,300.000,-1,-1,-1,-1,850.000,800.000,-1,-1,2,0,2,0,1,0,0,0,1,2,2,2,2,0,0,2,2
132,2103.698,-13582.889,342.225,-95.117,-0.089172,0.995982,-0.008276,-0.996012,-0.089191,-0.002013,-0.002743,0.008064,0.999964,0,0.88790,-1.00000,53.274,-2.000,-1,400.000,-1,400.000,650.000,325.000,325.000,325.000,300.000,-1,-1,-1,-1,850.000,800.000,-1,-1,2,0,2,0,1,0,0,0,1,2,2,2,2,0,0,2,2
133,2097.086,-13635.850,342.255,-97.117,-0.123869,0.992262,-0.008527,-0.992291,-0.123896,-0.002750,-0.003785,0.008121,0.999960,0,0.88953,-1.00000,53.372,-2.000,-1,400.000,-1,400.000,575.000,325.000,325.000,325.000,300.000,-1,-1,-1,-1,850.000,800.000,-1,900.000,2,0,2,0,1,0,0,0,1,2,2,2,2,1,1,2,1
134,2088.614,-13688.636,342.293,-99.117,-0.158415,0.987333,-0.008854,-0.987361,-0.158450,-0.003444,-0.004803,0.008197,0.999955,0,0.89104,-1.00000,53.462,-2.000,-1,400.000,-1,400.000,525.000,325.000,325.000,325.000,300.000,-1,-1,-1,-1,800.000,750.000,-1,800.000,2,0,2,0,1,0,0,0,1,2,2,2,2,1,1,2,1
135,2078.290,-13741.176,342.122,-101.117,-0.192774,0.981208,-0.008356,-0.981227,-0.192812,-0.004042,-0.005577,0.007420,0.999957,0,0.89241,-1.00000,53.544,-2.000,-1,425.000,-1,400.000,500.000,325.000,325.000,325.000,300.000,-1,-1,-1,-1,750.000,700.000,925.000,700.000,2,0,2,0,1,0,0,0,1,2,2,2,2,1,1,1,1
136,2066.122,-13793.394,341.635,-103.117,-0.226906,0.973894,-0.006681,-0.973895,-0.226941,-0.005119,-0.006501,0.005345,0.999965,0,0.89362,-1.00000,53.617,-2.000,-1,400.000,-1,400.000,450.000,325.000,325.000,325.000,275.000,-1,-1,-1,-1,700.000,650.000,825.000,625.000,2,0,2,0,1,0,0,0,1,2,2,2,2,1,1,1,1
137,2052.122,-13845.216,341.126,-105.117,-0.260764,0.965388,-0.005219,-0.965375,-0.260794,-0.006128,-0.007277,0.003440,0.999968,0,0.89465,-1.00000,53.679,-2.000,875.000,400.000,1000.000,400.000,400.000,325.000,325.000,300.000,275.000,-1,-1,-1,-1,675.000,625.000,775.000,550.000,1,0,1,0,1,0,0,0,1,2,2,2,2,1,1,1,1
138,2036.309,-13896.564,340.414,-107.117,-0.294298,0.955702,-0.004783,-0.955676,-0.294327,-0.007409,-0.008489,0.002390,0.999961,0,0.89547,-1.00000,53.728,-2.000,750.000,400.000,950.000,400.000,350.000,325.000,325.000,300.000,275.000,-1,-1,-1,-1,625.000,575.000,700.000,475.000,1,0,1,0,1,0,0,0,1,2,2,2,2,1,1,1,1
