timestep,x_cm,y_cm,z_cm,yaw_deg,basis_xx,basis_xy,basis_xz,basis_yx,basis_yy,basis_yz,basis_zx,basis_zy,basis_zz,teleport_flag,throttle_cmd,steering_cmd,cmd_move_cm,cmd_turn_deg,lidar_cm_0,lidar_cm_1,lidar_cm_2,lidar_cm_3,lidar_cm_4,lidar_cm_5,lidar_cm_6,lidar_cm_7,lidar_cm_8,lidar_cm_9,lidar_cm_10,lidar_cm_11,lidar_cm_12,lidar_cm_13,lidar_cm_14,lidar_cm_15,lidar_cm_16,lidar_class_0,lidar_class_1,lidar_class_2,lidar_class_3,lidar_class_4,lidar_class_5,lidar_class_6,lidar_class_7,lidar_class_8,lidar_class_9,lidar_class_10,lidar_class_11,lidar_class_12,lidar_class_13,lidar_class_14,lidar_class_15,lidar_class_16
0,2296.070,3612.416,33.119,-93.475,-0.062160,0.997169,-0.042312,-0.997438,-0.060561,0.038063,0.035393,0.044570,0.998379,1,-0.08000,0.12000,-4.800,0.240,-1,425.000,-1,400.000,-1,325.000,325.000,300.000,300.000,-1,-1,-1,-1,-1,875.000,-1,-1,2,0,2,0,2,0,0,0,0,2,2,2,2,2,0,2,2
1,2296.572,3622.003,32.762,-92.995,-0.053835,0.997645,-0.042511,-0.997892,-0.052206,0.038543,0.036233,0.044497,0.998352,0,-0.16000,0.24000,-9.600,0.480,-1,425.000,-1,400.000,-1,325.000,325.000,300.000,300.000,-1,-1,-1,-1,-1,875.000,-1,-1,2,0,2,0,2,0,0,0,0,2,2,2,2,2,0,2,2
2,2297.144,3636.391,32.218,-92.275,-0.041341,0.998227,-0.042830,-0.998441,-0.039665,0.039268,0.037500,0.044387,0.998310,0,-0.24000,0.36000,-14.400,0.720,-1,425.000,-1,400.000,-1,325.000,325.000,300.000,300.000,-1,-1,-1,-1,-1,875.000,-1,-1,2,0,2,0,2,0,0,0,0,2,2,2,2,2,0,2,2
3,2297.584,3655.586,31.481,-91.315,-0.024675,0.998758,-0.043291,-0.998927,-0.022935,0.040244,0.039201,0.044238,0.998252,0,-0.32000,0.48000,-19.200,0.960,-1,425.000,-1,400.000,-1,325.000,325.000,300.000,300.000,-1,-1,-1,-1,-1,900.000,-1,-1,2,0,2,0,2,0,0,0,0,2,2,2,2,2,0,2,2
4,2297.705,3679.586,30.545,-90.287,-0.006825,0.999012,-0.043911,-0.999127,-0.005002,0.041473,0.041213,0.044155,0.998174,0,-0.40000,0.51429,-24.000,1.029,-1,425.000,-1,400.000,-1,325.000,325.000,300.000,300.000,-1,-1,-1,-1,-1,900.000,-1,-1,2,0,2,0,2,0,0,0,0,2,2,2,2,2,0,2,2
5,2297.341,3708.384,29.405,-89.276,0.010696,0.998943,-0.044701,-0.998997,0.012618,0.042957,0.043475,0.044196,0.998076,0,-0.48000,0.50530,-28.800,1.011,-1,425.000,-1,400.000,-1,325.000,325.000,300.000,300.000,-1,-1,-1,-1,-1,900.000,-1,-1,2,0,2,0,2,0,0,0,0,2,2,2,2,2,0,2,2
6,2296.340,3741.872,28.056,-88.287,0.027814,0.998569,-0.045674,-0.998555,0.029857,0.044691,0.045991,0.044365,0.997956,0,-0.55839,0.49447,-33.503,0.989,-1,425.000,-1,400.000,-1,325.000,325.000,300.000,300.000,-1,-1,-1,-1,-1,900.000,-1,-1,2,0,2,0,2,0,0,0,0,2,2,2,2,2,0,2,2
7,2294.752,3775.862,26.661,-87.324,0.044475,0.997917,-0.046729,-0.997830,0.046646,0.046460,0.048543,0.044561,0.997827,0,-0.56711,0.48181,-34.026,0.964,-1,425.000,-1,400.000,-1,350.000,325.000,300.000,300.000,-1,-1,-1,-1,-1,900.000,-1,-1,2,0,2,0,2,0,0,0,0,2,2,2,2,2,0,2,2
8,2292.574,3810.348,25.216,-86.386,0.060666,0.997010,-0.047865,-0.996848,0.062973,0.048262,0.051132,0.044786,0.997687,0,-0.57593,0.46893,-34.556,0.938,-1,425.000,-1,400.000,-1,350.000,325.000,300.000,300.000,-1,-1,-1,-1,-1,925.000,-1,-1,2,0,2,0,2,0,0,0,0,2,2,2,2,2,0,2,2
9,2289.806,3845.329,23.722,-85.474,0.076377,0.995870,-0.049080,-0.995629,0.078827,0.050096,0.053758,0.045040,0.997538,0,-0.58483,0.45581,-35.090,0.912,-1,425.000,-1,425.000,-1,350.000,325.000,300.000,300.000,-1,-1,-1,-1,-1,925.000,-1,-1,2,0,2,0,2,0,0,0,0,2,2,2,2,2,0,2,2
10,2286.447,3880.799,22.175,-84.589,0.091595,0.994521,-0.050375,-0.994197,0.094197,0.051959,0.056420,0.045323,0.997378,0,-0.59381,0.44247,-35.629,0.885,-1,425.000,-1,425.000,-1,350.000,325.000,300.000,300.000,-1,-1,-1,-1,-1,925.000,-1,-1,2,0,2,0,2,0,0,0,0,2,2,2,2,2,0,2,2
11,2282.498,3916.753,20.459,-83.732,0.106359,0.993007,-0.051232,-0.992591,0.109076,0.053531,0.058745,0.045159,0.997251,0,-0.60284,0.42889,-36.171,0.858,-1,450.000,-1,425.000,-1,350.000,325.000,300.000,300.000,-1,-1,-1,-1,-1,925.000,-1,-1,2,0,2,0,2,0,0,0,0,2,2,2,2,2,0,2,2
12,2277.960,3953.187,18.457,-82.901,0.120696,0.991370,-0.051163,-0.990836,0.123458,0.054787,0.060631,0.044082,0.997186,0,-0.61191,0.41510,-36.715,0.830,-1,425.000,-1,425.000,-1,350.000,325.000,300.000,300.000,-1,-1,-1,-1,-1,925.000,-1,-1,2,0,2,0,2,0,0,0,0,2,2,2,2,2,0,2,2
13,2272.841,3990.092,15.305,-82.099,0.134175,0.989411,-0.055348,-0.988869,0.137307,0.057306,0.064299,0.047043,0.996821,0,-0.62099,0.40110,-37.259,0.802,-1,450.000,-1,425.000,-1,350.000,325.000,300.000,300.000,-1,-1,-1,-1,-1,925.000,-1,-1,2,0,2,0,2,0,0,0,0,2,2,2,2,2,0,2,2
14,2267.151,4027.463,9.854,-81.325,0.146138,0.986883,-0.068601,-0.986490,0.150567,0.064549,0.074032,0.058241,0.995554,0,-0.63004,0.38688,-37.803,0.774,-1,450.000,-1,425.000,-1,350.000,325.000,325.000,275.000,-1,-1,-1,-1,-1,925.000,-1,-1,2,0,2,0,2,0,0,0,0,2,2,2,2,2,0,2,2
15,2260.889,4065.289,4.101,-80.580,0.157205,0.984072,-0.082998,-0.983953,0.163258,0.071995,0.084398,0.070349,0.993946,0,-0.63905,0.37247,-38.343,0.745,-1,475.000,-1,425.000,-1,350.000,350.000,325.000,250.000,-1,0.000,-1,-1,-1,950.000,-1,-1,2,0,2,0,2,0,0,0,0,2,1,2,2,2,0,2,2
16,2254.066,4103.562,-1.970,-79.865,0.167301,0.980963,-0.098596,-0.981277,0.175360,0.079646,0.095420,0.083425,0.991935,0,-0.64796,0.35787,-38.878,0.716,-1,500.000,-1,400.000,-1,375.000,350.000,350.000,225.000,-1,0.000,-1,-1,-1,950.000,-1,-1,2,0,2,0,2,0,0,0,0,2,1,2,2,2,0,2,2
17,2246.690,4142.267,-8.375,-79.179,0.176349,0.977534,-0.115450,-0.978483,0.186855,0.087506,0.107112,0.097534,0.989451,0,-0.65674,0.34309,-39.405,0.686,-1,525.000,-1,400.000,-1,375.000,350.000,350.000,200.000,-1,0.000,-1,-1,-1,975.000,-1,-1,2,0,2,0,2,0,0,0,0,2,1,2,2,2,0,2,2
18,2239.953,4176.207,-14.242,-78.732,0.181120,0.974672,-0.131185,-0.976380,0.194187,0.094725,0.117801,0.110930,0.986822,0,-0.57674,0.22309,-34.605,0.446,-1,550.000,-1,400.000,-1,375.000,350.000,375.000,175.000,-1,0.000,-1,-1,-1,1000.000,-1,-1,2,0,2,0,2,0,0,0,0,2,1,2,2,2,0,2,2
19,2234.049,4205.419,-19.483,-78.526,0.181776,0.972533,-0.145384,-0.975069,0.197402,0.101359,0.127274,0.123335,0.984170,0,-0.49674,0.10309,-29.805,0.206,-1,575.000,-1,400.000,-1,400.000,350.000,400.000,150.000,-1,0.000,-1,-1,-1,1000.000,-1,-1,2,0,2,0,2,0,0,0,0,2,1,2,2,2,0,2,2
20,2229.026,4229.911,-23.977,-78.356,0.181991,0.970578,-0.157662,-0.973935,0.200002,0.107002,0.135387,0.134079,0.981679,0,-0.41674,0.08491,-25.005,0.170,-1,600.000,-1,400.000,-1,400.000,350.000,425.000,150.000,-1,0.000,-1,-1,-1,-1,-1,-1,2,0,2,0,2,0,0,0,0,2,1,2,2,2,2,2,2
21,2224.917,4249.691,-27.670,-78.205,0.182207,0.968831,-0.167828,-0.972945,0.202309,0.111574,0.142049,0.142958,0.979482,0,-0.33674,0.07559,-20.205,0.151,-1,625.000,-1,400.000,-1,400.000,350.000,425.000,125.000,-1,0.000,-1,-1,-1,-1,-1,-1,2,0,2,0,2,0,0,0,0,2,1,2,2,2,2,2,2
22,2221.750,4264.765,-30.520,-78.069,0.182607,0.967353,-0.175733,-0.972105,0.204401,0.115031,0.147195,0.149825,0.977694,0,-0.25674,0.06810,-15.405,0.136,-1,650.000,-1,400.000,-1,400.000,350.000,450.000,125.000,-1,0.000,-1,-1,-1,-1,-1,-1,2,0,2,0,2,0,0,0,0,2,1,2,2,2,2,2,2
23,2219.547,4275.137,-32.498,-77.944,0.183351,0.966192,-0.181259,-0.971416,0.206355,0.117339,0.150776,0.154564,0.976410,0,-0.17674,0.06240,-10.605,0.125,-1,675.000,-1,400.000,-1,425.000,350.000,450.000,125.000,-1,0.000,-1,-1,-1,-1,-1,-1,2,0,2,0,2,0,0,0,0,2,1,2,2,2,2,2,2
24,2218.330,4280.812,-33.577,-77.827,0.184572,0.965380,-0.184324,-0.970875,0.208244,0.118477,0.152759,0.157088,0.975699,0,-0.09674,0.05850,-5.805,0.117,-1,675.000,-1,400.000,-1,425.000,350.000,450.000,125.000,-1,0.000,-1,-1,-1,-1,-1,-1,2,0,2,0,2,0,0,0,0,2,1,2,2,2,2,2,2
25,2218.117,4281.794,-33.745,-77.714,0.186373,0.964929,-0.184873,-0.970473,0.210134,0.118430,0.153125,0.157342,0.975601,0,-0.01674,0.05636,-1.005,0.113,-1,675.000,-1,400.000,-1,425.000,350.000,450.000,125.000,-1,0.000,-1,-1,-1,-1,-1,-1,2,0,2,0,2,0,0,0,0,2,1,2,2,2,2,2,2
26,2218.927,4278.087,-32.995,-77.602,0.188824,0.964831,-0.182883,-0.970197,0.212089,0.117197,0.151863,0.155303,0.976124,0,0.06326,0.05599,3.795,0.112,-1,675.000,-1,400.000,-1,425.000,350.000,450.000,125.000,-1,0.000,-1,-1,-1,-1,-1,-1,2,0,2,0,2,0,0,0,0,2,1,2,2,2,2,2,2
27,2220.778,4269.695,-31.330,-77.488,0.191963,0.965058,-0.178361,-0.970029,0.214167,0.114787,0.148975,0.150980,0.977247,0,0.14326,0.05739,8.595,0.115,-1,650.000,-1,400.000,-1,400.000,350.000,450.000,125.000,-1,0.000,-1,-1,-1,-1,-1,-1,2,0,2,0,2,0,0,0,0,2,1,2,2,2,2,2,2
28,2223.519,4257.393,-28.910,-77.367,0.195695,0.965507,-0.171752,-0.969925,0.216409,0.111411,0.144737,0.144784,0.978820,0,0.21009,0.06057,12.606,0.121,-1,650.000,-1,400.000,-1,400.000,350.000,425.000,125.000,-1,0.000,-1,-1,-1,-1,-1,-1,2,0,2,0,2,0,0,0,0,2,1,2,2,2,2,2,2
29,2226.305,4245.030,-26.490,-77.236,0.199526,0.965876,-0.165144,-0.969769,0.218803,0.108041,0.140488,0.138594,0.980334,0,0.21125,0.06525,12.675,0.130,-1,625.000,-1,400.000,-1,400.000,350.000,425.000,150.000,-1,0.000,-1,-1,-1,-1,-1,-1,2,0,2,0,2,0,0,0,0,2,1,2,2,2,2,2,2
30,2229.138,4232.601,-24.068,-77.096,0.203460,0.966164,-0.158531,-0.969560,0.221351,0.104679,0.136228,0.132407,0.981789,0,0.21250,0.06998,12.750,0.140,-1,600.000,-1,400.000,-1,400.000,350.000,400.000,150.000,-1,0.000,-1,-1,-1,-1,-1,-1,2,0,2,0,2,0,0,0,0,2,1,2,2,2,2,2,2
31,2232.022,4220.101,-21.644,-76.947,0.207497,0.966369,-0.151910,-0.969295,0.224054,0.101327,0.131955,0.126220,0.983187,0,0.21384,0.07476,12.830,0.150,-1,600.000,-1,400.000,-1,400.000,350.000,400.000,150.000,-1,0.000,-1,-1,-1,-1,-1,-1,2,0,2,0,2,0,0,0,0,2,1,2,2,2,2,2,2
32,2234.961,4207.526,-19.217,-76.787,0.211640,0.966490,-0.145278,-0.968973,0.226913,0.097988,0.127670,0.120032,0.984527,0,0.21526,0.07959,12.916,0.159,-1,575.000,-1,400.000,-1,400.000,350.000,400.000,175.000,-1,0.000,-1,-1,-1,-1,-1,-1,2,0,2,0,2,0,0,0,0,2,1,2,2,2,2,2,2
33,2237.959,4194.871,-16.785,-76.618,0.215891,0.966526,-0.138632,-0.968592,0.229931,0.094665,0.123371,0.113840,0.985809,0,0.21678,0.08448,13.007,0.169,-1,550.000,-1,400.000,-1,375.000,350.000,375.000,175.000,-1,0.000,-1,-1,-1,-1,-1,-1,2,0,2,0,2,0,0,0,0,2,1,2,2,2,2,2,2
34,2241.019,4182.132,-14.349,-76.440,0.220252,0.966475,-0.131969,-0.968150,0.233109,0.091359,0.119059,0.107644,0.987035,0,0.21839,0.08942,13.103,0.179,-1,550.000,-1,400.000,-1,375.000,350.000,375.000,175.000,-1,0.000,-1,-1,-1,1000.000,-1,-1,2,0,2,0,2,0,0,0,0,2,1,2,2,2,0,2,2
35,2244.147,4169.304,-11.907,-76.251,0.224724,0.966334,-0.125287,-0.967644,0.236448,0.088075,0.114733,0.101440,0.988203,0,0.22008,0.09443,13.205,0.189,-1,525.000,-1,400.000,-1,375.000,350.000,375.000,200.000,-1,0.000,-1,-1,-1,1000.000,-1,-1,2,0,2,0,2,0,0,0,0,2,1,2,2,2,0,2,2
36,2247.345,4156.384,-9.459,-76.052,0.229310,0.966103,-0.118583,-0.967073,0.239951,0.084815,0.110394,0.095230,0.989315,0,0.22187,0.09950,13.312,0.199,-1,525.000,-1,400.000,-1,375.000,350.000,350.000,200.000,-1,0.000,-1,-1,-1,1000.000,-1,-1,2,0,2,0,2,0,0,0,0,2,1,2,2,2,0,2,2
37,2250.619,4143.366,-7.004,-75.842,0.234010,0.965778,-0.111856,-0.966434,0.243618,0.081583,0.106041,0.089010,0.990370,0,0.22375,0.10462,13.425,0.209,-1,500.000,-1,400.000,-1,375.000,350.000,350.000,200.000,-1,0.000,-1,-1,-1,1000.000,-1,-1,2,0,2,0,2,0,0,0,0,2,1,2,2,2,0,2,2
38,2253.972,4130.245,-4.543,-75.623,0.238827,0.965357,-0.105103,-0.965725,0.247452,0.078382,0.101675,0.082781,0.991368,0,0.22573,0.10982,13.544,0.220,-1,500.000,-1,400.000,-1,375.000,350.000,350.000,225.000,-1,0.000,-1,-1,-1,975.000,-1,-1,2,0,2,0,2,0,0,0,0,2,1,2,2,2,0,2,2
39,2257.410,4117.019,-2.074,-75.393,0.243762,0.964838,-0.098325,-0.964942,0.251453,0.075217,0.097296,0.076543,0.992308,0,0.22779,0.11508,13.668,0.230,-1,500.000,-1,425.000,-1,350.000,350.000,350.000,225.000,-1,0.000,-1,-1,-1,975.000,-1,-1,2,0,2,0,2,0,0,0,0,2,1,2,2,2,0,2,2
40,2260.938,4103.681,0.402,-75.152,0.248816,0.964217,-0.091519,-0.964084,0.255625,0.072091,0.092906,0.070295,0.993190,0,0.22996,0.12041,13.798,0.241,-1,475.000,-1,425.000,-1,350.000,350.000,325.000,250.000,-1,-1,-1,-1,-1,975.000,-1,-1,2,0,2,0,2,0,0,0,0,2,2,2,2,2,0,2,2
41,2264.560,4090.228,2.886,-74.900,0.253992,0.963492,-0.084686,-0.963148,0.259967,0.069010,0.088506,0.064037,0.994015,0,0.23222,0.12582,13.933,0.252,-1,475.000,-1,425.000,-1,350.000,350.000,325.000,250.000,-1,-1,-1,-1,-1,975.000,-1,-1,2,0,2,0,2,0,0,0,0,2,2,2,2,2,0,2,2
42,2268.282,4076.655,5.378,-74.638,0.259289,0.962659,-0.077825,-0.962131,0.264481,0.065977,0.084097,0.057771,0.994782,0,0.23458,0.13130,14.075,0.263,-1,450.000,-1,425.000,-1,350.000,350.000,325.000,250.000,-1,-1,-1,-1,-1,975.000,-1,-1,2,0,2,0,2,0,0,0,0,2,2,2,2,2,0,2,2
43,2272.110,4062.958,7.877,-74.364,0.264711,0.961715,-0.070938,-0.961030,0.269169,0.062998,0.079681,0.051497,0.995489,0,0.23705,0.13686,14.223,0.274,-1,450.000,-1,425.000,-1,350.000,350.000,325.000,275.000,-1,-1,-1,-1,-1,950.000,-1,-1,2,0,2,0,2,0,0,0,0,2,2,2,2,2,0,2,2
44,2276.048,4049.132,10.384,-74.079,0.270258,0.960657,-0.064025,-0.959842,0.274033,0.060078,0.075259,0.045218,0.996138,0,0.23961,0.14249,14.377,0.285,-1,450.000,-1,425.000,-1,350.000,325.000,325.000,275.000,-1,-1,-1,-1,-1,950.000,-1,-1,2,0,2,0,2,0,0,0,0,2,2,2,2,2,0,2,2
45,2280.103,4035.174,12.898,-73.782,0.275932,0.959480,-0.057089,-0.958564,0.279073,0.057222,0.070835,0.038934,0.996728,0,0.24228,0.14821,14.537,0.296,-1,425.000,-1,425.000,-1,350.000,325.000,300.000,300.000,-1,-1,-1,-1,-1,950.000,-1,-1,2,0,2,0,2,0,0,0,0,2,2,2,2,2,0,2,2
46,2284.282,4021.077,14.909,-73.474,0.281538,0.958122,-0.052340,-0.957146,0.284273,0.055326,0.067888,0.034520,0.997096,0,0.24505,0.15401,14.703,0.308,-1,425.000,-1,425.000,-1,350.000,325.000,300.000,300.000,-1,-1,-1,-1,-1,950.000,-1,-1,2,0,2,0,2,0,0,0,0,2,2,2,2,2,0,2,2
47,2288.592,4006.840,15.935,-73.155,0.286929,0.956545,-0.051893,-0.955548,0.289624,0.055193,0.067825,0.033750,0.997126,0,0.24793,0.15990,14.876,0.320,-1,425.000,-1,425.000,-1,350.000,350.000,300.000,300.000,-1,-1,-1,-1,-1,950.000,-1,-1,2,0,2,0,2,0,0,0,0,2,2,2,2,2,0,2,2
48,2294.477,3988.065,17.266,-72.595,0.296326,0.953704,-0.051370,-0.952682,0.298967,0.054915,0.067731,0.032667,0.997169,0,0.32793,0.27990,19.676,0.560,-1,425.000,-1,425.000,-1,350.000,350.000,300.000,300.000,-1,-1,-1,-1,-1,975.000,-1,-1,2,0,2,0,2,0,0,0,0,2,2,2,2,2,0,2,2
49,2302.049,3964.789,18.738,-71.978,0.306639,0.950448,-0.051199,-0.949466,0.309221,0.053824,0.066989,0.032108,0.997237,0,0.40793,0.30840,24.476,0.617,-1,425.000,-1,425.000,-1,350.000,350.000,300.000,300.000,-1,-1,-1,-1,-1,975.000,-1,-1,2,0,2,0,2,0,0,0,0,2,2,2,2,2,0,2,2
50,2311.415,3937.052,20.500,-71.341,0.317255,0.946970,-0.050957,-0.946039,0.319769,0.052515,0.066025,0.031547,0.997319,0,0.48793,0.31833,29.276,0.637,-1,425.000,-1,425.000,-1,350.000,350.000,300.000,300.000,-1,-1,-1,-1,-1,1000.000,-1,-1,2,0,2,0,2,0,0,0,0,2,2,2,2,2,0,2,2
51,2322.527,3905.355,22.521,-70.681,0.328236,0.943238,-0.050638,-0.942367,0.330671,0.051008,0.064857,0.030977,0.997414,0,0.55981,0.33028,33.589,0.661,-1,425.000,-1,425.000,-1,350.000,350.000,300.000,300.000,-1,-1,-1,-1,-1,1000.000,-1,-1,2,0,2,0,2,0,0,0,0,2,2,2,2,2,0,2,2
52,2334.183,3873.341,24.566,-69.993,0.339627,0.939216,-0.050274,-0.938404,0.341981,0.049468,0.063653,0.030376,0.997510,0,0.56784,0.34406,34.070,0.688,-1,425.000,-1,425.000,-1,350.000,350.000,300.000,300.000,-1,-1,-1,-1,-1,1000.000,-1,-1,2,0,2,0,2,0,0,0,0,2,2,2,2,2,0,2,2
53,2346.417,3841.003,26.606,-69.277,0.351433,0.934889,-0.049782,-0.934124,0.353702,0.048025,0.062506,0.029625,0.997605,0,0.57625,0.35809,34.575,0.716,-1,425.000,-1,425.000,-1,350.000,350.000,300.000,300.000,-1,-1,-1,-1,-1,-1,-1,-1,2,0,2,0,2,0,0,0,0,2,2,2,2,2,2,2,2
54,2359.264,3808.337,28.646,-68.532,0.363659,0.930236,-0.049127,-0.929516,0.365835,0.046534,0.061260,0.028742,0.997708,0,0.58504,0.37241,35.102,0.745,-1,425.000,-1,425.000,-1,350.000,350.000,300.000,300.000,-1,-1,-1,-1,-1,-1,-1,-1,2,0,2,0,2,0,0,0,0,2,2,2,2,2,2,2,2
55,2372.758,3775.338,30.530,-67.758,0.376365,0.925252,-0.047516,-0.924566,0.378385,0.044753,0.059387,0.027088,0.997867,0,0.59419,0.38699,35.652,0.774,-1,425.000,-1,425.000,-1,350.000,350.000,300.000,300.000,-1,-1,-1,-1,-1,-1,-1,-1,2,0,2,0,2,0,0,0,0,2,2,2,2,2,2,2,2
56,2386.937,3742.006,32.438,-66.954,0.389478,0.919894,-0.045843,-0.919241,0.391343,0.042974,0.057472,0.025403,0.998024,0,0.60372,0.40186,36.223,0.804,-1,425.000,-1,425.000,-1,350.000,350.000,300.000,300.000,-1,-1,-1,-1,-1,-1,-1,-1,2,0,2,0,2,0,0,0,0,2,2,2,2,2,2,2,2
57,2401.840,3708.342,34.326,-66.120,0.402993,0.914135,-0.044210,-0.913526,0.404707,0.041004,0.055375,0.023862,0.998180,0,0.61360,0.41702,36.816,0.834,-1,425.000,-1,425.000,-1,350.000,350.000,300.000,300.000,-1,-1,-1,-1,-1,-1,-1,-1,2,0,2,0,2,0,0,0,0,2,2,2,2,2,2,2,2
58,2417.506,3674.349,36.213,-65.255,0.416907,0.907952,-0.042560,-0.907394,0.418475,0.038929,0.053156,0.022388,0.998335,0,0.62383,0.43247,37.430,0.865,-1,425.000,-1,425.000,-1,350.000,350.000,300.000,300.000,-1,-1,-1,-1,-1,-1,-1,-1,2,0,2,0,2,0,0,0,0,2,2,2,2,2,2,2,2
59,2433.978,3640.033,38.122,-64.359,0.431218,0.901323,-0.040836,-0.900812,0.432643,0.036855,0.050886,0.020893,0.998486,0,0.63441,0.44822,38.065,0.896,-1,425.000,-1,425.000,-1,350.000,350.000,300.000,300.000,-1,-1,-1,-1,-1,-1,-1,-1,2,0,2,0,2,0,0,0,0,2,2,2,2,2,2,2,2
60,2451.296,3605.402,40.053,-63.430,0.445920,0.894221,-0.039035,-0.893754,0.447206,0.034785,0.048562,0.019377,0.998632,0,0.64533,0.46427,38.720,0.929,-1,425.000,-1,425.000,-1,350.000,325.000,300.000,300.000,-1,-1,-1,-1,-1,-1,-1,-1,2,0,2,0,2,0,0,0,0,2,2,2,2,2,2,2,2
61,2469.505,3570.468,42.006,-62.469,0.461008,0.886618,-0.037156,-0.886194,0.462158,0.032724,0.046186,0.017842,0.998774,0,0.65659,0.48063,39.395,0.961,-1,425.000,-1,425.000,-1,325.000,325.000,300.000,300.000,-1,-1,-1,-1,-1,-1,-1,-1,2,0,2,0,2,0,0,0,0,2,2,2,2,2,2,2,2
62,2488.649,3535.245,43.980,-61.474,0.476471,0.878485,-0.035197,-0.878101,0.477491,0.030676,0.043754,0.016290,0.998910,0,0.66817,0.49730,40.090,0.995,-1,425.000,-1,425.000,-1,325.000,325.000,300.000,300.000,-1,-1,-1,-1,1000.000,-1,-1,-1,2,0,2,0,2,0,0,0,0,2,2,2,2,0,2,2,2
63,2508.775,3499.750,45.972,-60.446,0.492301,0.869794,-0.033155,-0.869446,0.493196,0.028647,0.041268,0.014724,0.999040,0,0.68007,0.51429,40.804,1.029,-1,425.000,-1,425.000,-1,325.000,325.000,300.000,300.000,-1,-1,-1,-1,1000.000,-1,-1,-1,2,0,2,0,2,0,0,0,0,2,2,2,2,0,2,2,2
64,2529.930,3464.004,47.981,-59.382,0.508485,0.860512,-0.031030,-0.860200,0.509261,0.026641,0.038728,0.013145,0.999163,0,0.69228,0.53159,41.537,1.063,-1,425.000,-1,425.000,-1,325.000,325.000,300.000,300.000,-1,-1,-1,-1,975.000,-1,-1,-1,2,0,2,0,2,0,0,0,0,2,2,2,2,0,2,2,2
65,2552.160,3428.032,49.675,-58.284,0.524947,0.850596,-0.030300,-0.850328,0.525666,0.024844,0.037060,0.012723,0.999232,0,0.70479,0.54921,42.287,1.098,-1,425.000,-1,425.000,-1,325.000,350.000,300.000,300.000,-1,-1,-1,-1,975.000,-1,-1,-1,2,0,2,0,2,0,0,0,0,2,2,2,2,0,2,2,2
66,2575.644,3391.945,51.131,-56.946,0.544758,0.838096,-0.028879,-0.837862,0.545398,0.022978,0.035008,0.011679,0.999319,0,0.71759,0.66921,43.055,1.338,-1,425.000,-1,425.000,-1,325.000,350.000,300.000,300.000,-1,-1,-1,-1,975.000,1000.000,-1,-1,2,0,2,0,2,0,0,0,0,2,2,2,2,0,0,2,2
67,2600.559,3355.872,52.569,-55.367,0.567720,0.822765,-0.027417,-0.822564,0.568283,0.021034,0.032886,0.010610,0.999403,0,0.73068,0.78921,43.841,1.578,-1,425.000,-1,425.000,-1,325.000,350.000,300.000,300.000,-1,-1,-1,-1,950.000,1000.000,-1,-1,2,0,2,0,2,0,0,0,0,2,2,2,2,0,0,2,2
68,2627.083,3319.963,53.699,-53.549,0.593620,0.804318,-0.026245,-0.804193,0.594105,0.017676,0.029809,0.010613,0.999499,0,0.74405,0.90921,44.643,1.818,-1,425.000,-1,425.000,-1,325.000,325.000,300.000,300.000,-1,-1,-1,-1,950.000,975.000,-1,-1,2,0,2,0,2,0,0,0,0,2,2,2,2,0,0,2,2
69,2655.223,3284.256,54.853,-51.759,0.618521,0.785375,-0.024859,-0.785315,0.618929,0.014380,0.026680,0.010628,0.999588,0,0.75771,0.89465,45.463,1.789,-1,425.000,-1,425.000,-1,325.000,325.000,300.000,300.000,-1,-1,-1,-1,925.000,975.000,-1,-1,2,0,2,0,2,0,0,0,0,2,2,2,2,0,0,2,2
70,2684.975,3248.788,56.027,-50.009,0.642304,0.766096,-0.023277,-0.766089,0.642637,0.011160,0.023508,0.010664,0.999667,0,0.77158,0.87548,46.295,1.751,-1,425.000,-1,425.000,-1,325.000,325.000,300.000,300.000,-1,-1,-1,-1,925.000,950.000,-1,-1,2,0,2,0,2,0,0,0,0,2,2,2,2,0,0,2,2
71,2716.334,3213.595,57.133,-48.296,0.664967,0.746551,-0.021909,-0.746590,0.665236,0.008009,0.020554,0.011032,0.999728,0,0.78563,0.85604,47.138,1.712,-1,425.000,-1,425.000,-1,325.000,325.000,300.000,300.000,-1,-1,-1,-1,900.000,925.000,-1,-1,2,0,2,0,2,0,0,0,0,2,2,2,2,0,0,2,2
72,2749.291,3178.715,58.155,-46.624,0.686530,0.726815,-0.020400,-0.726881,0.686743,0.005340,0.017891,0.011162,0.999778,0,0.79979,0.83632,47.988,1.673,-1,400.000,-1,425.000,-1,325.000,325.000,300.000,300.000,-1,-1,-1,-1,900.000,925.000,-1,-1,2,0,2,0,2,0,0,0,0,2,2,2,2,0,0,2,2
73,2783.834,3144.183,59.004,-44.991,0.707009,0.706958,-0.018674,-0.707028,0.707176,0.003674,0.015803,0.010606,0.999819,0,0.81405,0.81633,48.843,1.633,-1,400.000,-1,425.000,-1,325.000,325.000,300.000,300.000,-1,-1,-1,-1,900.000,900.000,-1,-1,2,0,2,0,2,0,0,0,0,2,2,2,2,0,0,2,2
74,2819.947,3110.034,59.859,-43.399,0.726424,0.687039,-0.016901,-0.687110,0.726550,0.002089,0.013714,0.010095,0.999855,0,0.82838,0.79609,49.703,1.592,-1,400.000,-1,425.000,-1,325.000,325.000,325.000,300.000,-1,-1,-1,-1,875.000,900.000,-1,-1,2,0,2,0,2,0,0,0,0,2,2,2,2,0,0,2,2
75,2857.613,3076.299,60.717,-41.848,0.744795,0.667123,-0.015092,-0.667192,0.744885,0.000587,0.011633,0.009632,0.999886,0,0.84274,0.77560,50.565,1.551,-1,400.000,-1,425.000,-1,325.000,325.000,325.000,300.000,-1,-1,-1,-1,875.000,900.000,-1,-1,2,0,2,0,2,0,0,0,0,2,2,2,2,0,0,2,2
76,2898.545,3041.295,61.463,-40.537,0.759903,0.649901,-0.013270,-0.649975,0.759954,-0.001691,0.008985,0.009910,0.999911,0,0.89764,0.65560,53.859,1.311,-1,400.000,-1,425.000,-1,325.000,325.000,325.000,325.000,-1,-1,-1,-1,875.000,875.000,-1,-1,2,0,2,0,2,0,0,0,0,2,2,2,2,0,0,2,2
77,2940.125,3007.062,62.140,-39.465,0.771952,0.635577,-0.011502,-0.635650,0.771966,-0.004166,0.006231,0.010527,0.999925,0,0.89764,0.53560,53.859,1.071,-1,400.000,-1,400.000,-1,325.000,325.000,325.000,325.000,-1,-1,-1,-1,850.000,850.000,-1,-1,2,0,2,0,2,0,0,0,0,2,2,2,2,0,0,2,2
78,2982.196,2973.435,62.811,-38.634,0.781118,0.624306,-0.009805,-0.624373,0.781099,-0.006536,0.003578,0.011228,0.999931,0,0.89764,0.41560,53.859,0.831,-1,400.000,-1,400.000,-1,325.000,325.000,325.000,325.000,-1,-1,-1,-1,850.000,850.000,-1,-1,2,0,2,0,2,0,0,0,0,2,2,2,2,0,0,2,2
79,3024.612,2940.245,63.408,-38.043,0.787539,0.616206,-0.008525,-0.616264,0.787489,-0.008905,0.001226,0.012267,0.999924,0,0.89764,0.29560,53.859,0.591,-1,400.000,-1,400.000,-1,325.000,325.000,325.000,325.000,-1,-1,-1,-1,850.000,825.000,-1,-1,2,0,2,0,2,0,0,0,0,2,2,2,2,0,0,2,2
80,3067.231,2907.315,63.314,-37.692,0.791313,0.611365,-0.007526,-0.611411,0.791248,-0.010185,-0.000272,0.012661,0.999920,0,0.89764,0.17560,53.859,0.351,-1,400.000,-1,400.000,-1,325.000,325.000,325.000,325.000,-1,-1,-1,-1,825.000,825.000,-1,-1,2,0,2,0,2,0,0,0,0,2,2,2,2,0,0,2,2
81,3109.914,2874.468,63.121,-37.581,0.792507,0.609828,-0.006519,-0.609861,0.792433,-0.010890,-0.001475,0.012606,0.999919,0,0.89764,0.05560,53.859,0.111,-1,400.000,-1,400.000,-1,325.000,325.000,325.000,300.000,-1,-1,-1,-1,825.000,825.000,-1,-1,2,0,2,0,2,0,0,0,0,2,2,2,2,0,0,2,2
82,3152.523,2841.525,62.931,-37.709,0.791141,0.611609,-0.005545,-0.611628,0.791061,-0.011562,-0.002685,0.012539,0.999918,0,0.89764,-0.06440,53.859,-0.129,-1,400.000,-1,400.000,-1,325.000,325.000,325.000,300.000,-1,-1,-1,-1,825.000,800.000,-1,-1,2,0,2,0,2,0,0,0,0,2,2,2,2,0,0,2,2
83,3194.918,2808.309,62.699,-38.078,0.787194,0.616690,-0.004390,-0.616692,0.787110,-0.012170,-0.004050,0.012287,0.999916,0,0.89764,-0.18440,53.859,-0.369,-1,400.000,-1,400.000,-1,325.000,325.000,325.000,300.000,-1,-1,-1,-1,825.000,800.000,-1,-1,2,0,2,0,2,0,0,0,0,2,2,2,2,0,0,2,2
84,3236.959,2774.643,62.324,-38.687,0.780601,0.625024,-0.002561,-0.625002,0.780521,-0.012629,-0.005895,0.011459,0.999917,0,0.89764,-0.30440,53.859,-0.609,-1,400.000,-1,400.000,-1,325.000,325.000,325.000,300.000,-1,-1,-1,-1,800.000,800.000,-1,-1,2,0,2,0,2,0,0,0,0,2,2,2,2,0,0,2,2
85,3278.496,2740.359,61.962,-39.536,0.771257,0.636524,-0.000878,-0.636478,0.771183,-0.013168,-0.007704,0.010715,0.999913,0,0.89764,-0.42440,53.859,-0.849,-1,400.000,-1,400.000,-1,325.000,325.000,325.000,325.000,-1,-1,-1,-1,800.000,800.000,-1,-1,2,0,2,0,2,0,0,0,0,2,2,2,2,0,0,2,2
86,3319.374,2705.291,61.615,-40.625,0.759020,0.651067,0.000635,-0.650998,0.758953,-0.013814,-0.009476,0.010072,0.999904,0,0.89764,-0.54440,53.859,-1.089,-1,400.000,-1,400.000,-1,325.000,325.000,325.000,325.000,-1,-1,-1,-1,775.000,775.000,-1,-1,2,0,2,0,2,0,0,0,0,2,2,2,2,0,0,2,2
87,3359.428,2669.286,61.189,-41.953,0.743716,0.668493,0.001804,-0.668400,0.743652,-0.014920,-0.011316,0.009891,0.999887,0,0.89764,-0.66440,53.859,-1.329,-1,400.000,-1,400.000,-1,325.000,325.000,325.000,325.000,-1,-1,-1,-1,775.000,775.000,-1,-1,2,0,2,0,2,0,0,0,0,2,2,2,2,0,0,2,2
88,3398.482,2632.197,60.593,-43.522,0.725141,0.688597,0.002002,-0.688482,0.725067,-0.016430,-0.012766,0.010536,0.999863,0,0.89764,-0.78440,53.859,-1.569,-1,400.000,-1,400.000,-1,325.000,325.000,325.000,325.000,-1,-1,-1,-1,775.000,775.000,-1,-1,2,0,2,0,2,0,0,0,0,2,2,2,2,0,0,2,2
89,3436.345,2593.893,60.021,-45.331,0.703053,0.711135,0.001966,-0.710995,0.702965,-0.018062,-0.014227,0.011301,0.999835,0,0.89764,-0.90440,53.859,-1.809,-1,400.000,-1,400.000,-1,325.000,325.000,325.000,325.000,-1,-1,-1,-1,750.000,750.000,-1,-1,2,0,2,0,2,0,0,0,0,2,2,2,2,0,0,2,2
90,3472.848,2554.292,59.476,-47.331,0.677819,0.735227,0.001656,-0.735061,0.677711,-0.019807,-0.015685,0.012208,0.999802,0,0.89764,-1.00000,53.859,-2.000,-1,400.000,-1,400.000,-1,325.000,325.000,325.000,325.000,-1,-1,-1,-1,750.000,750.000,-1,-1,2,0,2,0,2,0,0,0,0,2,2,2,2,0,0,2,2
91,3507.947,2513.441,58.814,-49.331,0.651758,0.758426,0.001202,-0.758244,0.651635,-0.020905,-0.016639,0.012713,0.999781,0,0.89764,-1.00000,53.859,-2.000,-1,400.000,-1,400.000,-1,325.000,325.000,325.000,300.000,-1,-1,-1,-1,750.000,750.000,-1,-1,2,0,2,0,2,0,0,0,0,2,2,2,2,0,0,2,2
92,3541.599,2471.390,58.017,-51.331,0.624899,0.780705,0.000700,-0.780520,0.624770,-0.021260,-0.017035,0.012739,0.999774,0,0.89764,-1.00000,53.859,-2.000,-1,400.000,-1,400.000,-1,325.000,325.000,325.000,300.000,-1,-1,-1,-1,750.000,750.000,-1,-1,2,0,2,0,2,0,0,0,0,2,2,2,2,0,0,2,2
93,3573.763,2428.190,57.238,-53.331,0.597281,0.802032,0.000033,-0.801844,0.597142,-0.021637,-0.017373,0.012896,0.999766,0,0.89764,-1.00000,53.859,-2.000,-1,400.000,-1,400.000,-1,325.000,325.000,325.000,300.000,-1,-1,-1,-1,750.000,750.000,-1,-1,2,0,2,0,2,0,0,0,0,2,2,2,2,0,0,2,2
94,3604.399,2383.894,56.247,-55.331,0.568924,0.822390,-0.000235,-0.822208,0.568792,-0.021200,-0.017301,0.012255,0.999775,0,0.89764,-1.00000,53.859,-2.000,-1,375.000,-1,400.000,-1,325.000,325.000,325.000,300.000,-1,-1,-1,-1,750.000,750.000,-1,-1,2,0,2,0,2,0,0,0,0,2,2,2,2,0,0,2,2
95,3633.471,2338.556,55.179,-57.331,0.539869,0.841749,-0.000172,-0.841569,0.539750,-0.020757,-0.017380,0.011351,0.999785,0,0.89764,-1.00000,53.859,-2.000,-1,375.000,-1,400.000,-1,325.000,325.000,325.000,325.000,-1,-1,-1,-1,725.000,750.000,-1,-1,2,0,2,0,2,0,0,0,0,2,2,2,2,0,0,2,2
96,3660.943,2292.230,54.143,-59.331,0.510160,0.860079,-0.000242,-0.859901,0.510049,-0.020508,-0.017515,0.010671,0.999790,0,0.89764,-1.00000,53.859,-2.000,-1,375.000,-1,400.000,-1,325.000,325.000,325.000,325.000,-1,-1,-1,-1,725.000,750.000,-1,-1,2,0,2,0,2,0,0,0,0,2,2,2,2,0,0,2,2
97,3686.782,2244.974,53.144,-61.331,0.479832,0.877360,-0.000439,-0.877182,0.479724,-0.020401,-0.017688,0.010175,0.999792,0,0.89764,-1.00000,53.859,-2.000,-1,375.000,-1,400.000,-1,325.000,325.000,325.000,325.000,-1,-1,-1,-1,725.000,750.000,-1,-1,2,0,2,0,2,0,0,0,0,2,2,2,2,0,0,2,2
98,3710.956,2196.846,52.185,-63.331,0.448921,0.893571,-0.000760,-0.893392,0.448814,-0.020410,-0.017897,0.009841,0.999791,0,0.89764,-1.00000,53.859,-2.000,-1,375.000,-1,400.000,-1,325.000,325.000,325.000,325.000,-1,-1,-1,-1,725.000,750.000,-1,-1,2,0,2,0,2,0,0,0,0,2,2,2,2,0,0,2,2
99,3733.435,2147.902,51.262,-65.331,0.417466,0.908692,-0.001205,-0.908511,0.417356,-0.020527,-0.018149,0.009664,0.999789,0,0.89764,-1.00000,53.859,-2.000,-1,375.000,-1,400.000,-1,325.000,325.000,300.000,325.000,-1,-1,-1,-1,700.000,750.000,-1,-1,2,0,2,0,2,0,0,0,0,2,2,2,2,0,0,2,2
100,3754.192,2098.205,50.370,-67.331,0.385505,0.922704,-0.001777,-0.922521,0.385389,-0.020743,-0.018455,0.009636,0.999783,0,0.89764,-1.00000,53.859,-2.000,-1,375.000,-1,400.000,-1,325.000,325.000,300.000,325.000,-1,-1,-1,-1,700.000,750.000,-1,-1,2,0,2,0,2,0,0,0,0,2,2,2,2,0,0,2,2
101,3773.203,2047.813,49.418,-69.331,0.353083,0.935588,-0.002866,-0.935408,0.352951,-0.020925,-0.018565,0.010069,0.999777,0,0.89764,-1.00000,53.859,-2.000,-1,375.000,-1,400.000,-1,325.000,325.000,325.000,325.000,-1,-1,-1,-1,700.000,775.000,-1,-1,2,0,2,0,2,0,0,0,0,2,2,2,2,0,0,2,2
102,3790.443,1996.788,48.479,-71.331,0.320234,0.947330,-0.004123,-0.947154,0.320082,-0.021138,-0.018705,0.010674,0.999768,0,0.89764,-1.00000,53.859,-2.000,-1,375.000,-1,400.000,-1,325.000,325.000,325.000,300.000,-1,-1,-1,-1,700.000,775.000,-1,-1,2,0,2,0,2,0,0,0,0,2,2,2,2,0,0,2,2
103,3805.892,1945.193,47.553,-73.331,0.286998,0.957915,-0.005505,-0.957745,0.286823,-0.021388,-0.018909,0.011411,0.999756,0,0.89764,-1.00000,53.859,-2.000,-1,375.000,-1,400.000,-1,325.000,325.000,325.000,300.000,-1,-1,-1,-1,700.000,775.000,-1,-1,2,0,2,0,2,0,0,0,0,2,2,2,2,0,0,2,2
104,3819.531,1893.090,46.580,-75.331,0.253410,0.967335,-0.006833,-0.967172,0.253216,-0.021432,-0.019002,0.012040,0.999747,0,0.89764,-1.00000,53.859,-2.000,-1,375.000,-1,400.000,-1,325.000,325.000,325.000,300.000,-1,-1,-1,-1,700.000,775.000,-1,-1,2,0,2,0,2,0,0,0,0,2,2,2,2,0,0,2,2
105,3830.490,1845.271,45.626,-77.091,0.223592,0.974651,-0.007894,-0.974499,0.223386,-0.021214,-0.018912,0.012436,0.999744,0,0.81764,-0.88000,49.059,-1.760,-1,375.000,-1,400.000,-1,325.000,325.000,325.000,300.000,-1,-1,-1,-1,700.000,775.000,-1,-1,2,0,2,0,2,0,0,0,0,2,2,2,2,0,0,2,2
106,3839.230,1801.884,44.768,-78.611,0.197672,0.980228,-0.008898,-0.980087,0.197453,-0.021044,-0.018871,0.012881,0.999739,0,0.73764,-0.76000,44.259,-1.520,-1,375.000,-1,400.000,-1,325.000,325.000,325.000,300.000,-1,-1,-1,-1,700.000,775.000,-1,-1,2,0,2,0,2,0,0,0,0,2,2,2,2,0,0,2,2
107,3846.767,1759.613,43.937,-79.891,0.175739,0.984387,-0.009913,-0.984257,0.175505,-0.020899,-0.018833,0.013430,0.999732,0,0.71562,-0.64000,42.937,-1.280,-1,375.000,-1,400.000,-1,325.000,325.000,325.000,300.000,-1,-1,-1,-1,700.000,775.000,-1,-1,2,0,2,0,2,0,0,0,0,2,2,2,2,0,0,2,2
108,3853.535,1717.212,43.109,-80.931,0.157857,0.987401,-0.010964,-0.987283,0.157608,-0.020765,-0.018776,0.014102,0.999724,0,0.71562,-0.52000,42.937,-1.040,-1,375.000,-1,400.000,-1,325.000,325.000,325.000,300.000,-1,-1,-1,-1,700.000,775.000,-1,-1,2,0,2,0,2,0,0,0,0,2,2,2,2,0,0,2,2
109,3859.710,1674.721,42.285,-81.731,0.144071,0.989494,-0.012043,-0.989391,0.143805,-0.020638,-0.018689,0.014889,0.999714,0,0.71562,-0.40000,42.937,-0.800,-1,375.000,-1,400.000,-1,325.000,325.000,325.000,300.000,-1,-1,-1,-1,700.000,775.000,-1,-1,2,0,2,0,2,0,0,0,0,2,2,2,2,0,0,2,2
110,3865.470,1632.172,41.468,-82.291,0.134409,0.990839,-0.013146,-0.990752,0.134125,-0.020511,-0.018560,0.015781,0.999703,0,0.71562,-0.28000,42.937,-0.560,-1,375.000,-1,400.000,-1,325.000,325.000,325.000,300.000,-1,-1,-1,-1,700.000,775.000,-1,-1,2,0,2,0,2,0,0,0,0,2,2,2,2,0,0,2,2
111,3870.992,1589.591,40.660,-82.611,0.128889,0.991556,-0.014267,-0.991489,0.128587,-0.020382,-0.018375,0.016773,0.999690,0,0.71562,-0.16000,42.937,-0.320,-1,375.000,-1,400.000,-1,325.000,325.000,325.000,300.000,-1,-1,-1,-1,700.000,775.000,-1,-1,2,0,2,0,2,0,0,0,0,2,2,2,2,0,0,2,2
112,3876.455,1547.003,39.864,-82.691,0.127520,0.991716,-0.015402,-0.991670,0.127200,-0.020245,-0.018119,0.017856,0.999676,0,0.71562,-0.04000,42.937,-0.080,-1,375.000,-1,400.000,-1,325.000,325.000,325.000,300.000,-1,-1,-1,-1,700.000,775.000,-1,-1,2,0,2,0,2,0,0,0,0,2,2,2,2,0,0,2,2
113,3881.901,1504.412,39.079,-82.714,0.127144,0.991746,-0.016548,-0.991724,0.126806,-0.020103,-0.017839,0.018967,0.999661,0,0.71562,-0.01130,42.937,-0.023,-1,375.000,-1,400.000,-1,325.000,325.000,325.000,300.000,-1,-1,-1,-1,700.000,775.000,-1,-1,2,0,2,0,2,0,0,0,0,2,2,2,2,0,0,2,2
114,3887.330,1461.820,38.303,-82.736,0.126768,0.991774,-0.017704,-0.991777,0.126412,-0.019955,-0.017553,0.020088,0.999644,0,0.71562,-0.01130,42.937,-0.023,-1,375.000,-1,400.000,-1,325.000,325.000,325.000,300.000,-1,-1,-1,-1,700.000,775.000,-1,-1,2,0,2,0,2,0,0,0,0,2,2,2,2,0,0,2,2
115,3892.742,1419.225,37.538,-82.759,0.126391,0.991801,-0.018868,-0.991830,0.126018,-0.019803,-0.017263,0.021217,0.999626,0,0.71562,-0.01130,42.937,-0.023,-1,375.000,-1,400.000,-1,325.000,325.000,325.000,300.000,-1,-1,-1,-1,700.000,775.000,-1,-1,2,0,2,0,2,0,0,0,0,2,2,2,2,0,0,2,2
116,3898.138,1376.628,36.786,-82.781,0.126013,0.991826,-0.020030,-0.991883,0.125623,-0.019653,-0.016976,0.022344,0.999606,0,0.71562,-0.01130,42.937,-0.023,-1,375.000,-1,400.000,-1,300.000,325.000,325.000,300.000,-1,-1,-1,-1,700.000,775.000,-1,-1,2,0,2,0,2,0,0,0,0,2,2,2,2,0,0,2,2
117,3903.516,1334.029,36.053,-82.804,0.125634,0.991851,-0.021166,-0.991937,0.125229,-0.019483,-0.016674,0.023443,0.999586,0,0.71562,-0.01130,42.937,-0.023,-1,375.000,-1,400.000,-1,300.000,325.000,325.000,300.000,-1,-1,-1,-1,700.000,750.000,-1,-1,2,0,2,0,2,0,0,0,0,2,2,2,2,0,0,2,2
118,3908.878,1291.427,35.422,-82.827,0.125242,0.991882,-0.022003,-0.991995,0.124835,-0.019014,-0.016113,0.024208,0.999577,0,0.71562,-0.01130,42.937,-0.023,-1,375.000,-1,400.000,-1,300.000,325.000,325.000,300.000,-1,-1,-1,-1,700.000,750.000,-1,-1,2,0,2,0,2,0,0,0,0,2,2,2,2,0,0,2,2
119,3914.223,1248.824,34.832,-82.849,0.124850,0.991910,-0.022976,-0.992055,0.124441,-0.018464,-0.015455,0.025099,0.999566,0,0.71562,-0.01130,42.937,-0.023,-1,375.000,-1,400.000,-1,300.000,325.000,325.000,300.000,-1,-1,-1,-1,700.000,750.000,-1,-1,2,0,2,0,2,0,0,0,0,2,2,2,2,0,0,2,2
120,3919.552,1206.218,34.276,-82.872,0.124456,0.991933,-0.024055,-0.992116,0.124046,-0.017852,-0.014725,0.026087,0.999551,0,0.71562,-0.01130,42.937,-0.023,-1,375.000,-1,400.000,-1,300.000,325.000,325.000,300.000,-1,-1,-1,-1,700.000,750.000,-1,-1,2,0,2,0,2,0,0,0,0,2,2,2,2,0,0,2,2
121,3924.863,1163.611,33.731,-82.894,0.124061,0.991956,-0.025133,-0.992176,0.123652,-0.017246,-0.014000,0.027076,0.999535,0,0.71562,-0.01130,42.937,-0.023,-1,375.000,-1,400.000,-1,325.000,325.000,325.000,300.000,-1,-1,-1,-1,700.000,750.000,-1,-1,2,0,2,0,2,0,0,0,0,2,2,2,2,0,0,2,2
122,3930.158,1121.001,33.196,-82.917,0.123664,0.991978,-0.026210,-0.992235,0.123257,-0.016644,-0.013280,0.028065,0.999518,0,0.71562,-0.01130,42.937,-0.023,-1,375.000,-1,400.000,-1,325.000,325.000,325.000,300.000,-1,-1,-1,-1,700.000,725.000,-1,-1,2,0,2,0,2,0,0,0,0,2,2,2,2,0,0,2,2
123,3935.436,1078.390,32.671,-82.940,0.123266,0.991998,-0.027286,-0.992294,0.122862,-0.016047,-0.012566,0.029054,0.999499,0,0.71562,-0.01130,42.937,-0.023,-1,375.000,-1,400.000,-1,325.000,325.000,325.000,300.000,-1,-1,-1,-1,675.000,725.000,-1,-1,2,0,2,0,2,0,0,0,0,2,2,2,2,0,0,2,2
124,3940.697,1035.776,32.157,-82.962,0.122867,0.992018,-0.028361,-0.992352,0.122467,-0.015455,-0.011858,0.030043,0.999478,0,0.71562,-0.01130,42.937,-0.023,-1,375.000,-1,400.000,-1,325.000,325.000,325.000,300.000,-1,-1,950.000,-1,675.000,725.000,-1,-1,2,0,2,0,2,0,0,0,0,2,2,0,2,0,0,2,2
125,3945.942,993.160,31.653,-82.985,0.122467,0.992036,-0.029435,-0.992410,0.122072,-0.014867,-0.011155,0.031033,0.999456,0,0.71562,-0.01130,42.937,-0.023,-1,375.000,-1,400.000,-1,325.000,325.000,325.000,300.000,-1,-1,925.000,-1,675.000,725.000,-1,-1,2,0,2,0,2,0,0,0,0,2,2,0,2,0,0,2,2
126,3951.169,950.542,31.159,-83.008,0.122065,0.992053,-0.030509,-0.992467,0.121676,-0.014284,-0.010458,0.032022,0.999432,0,0.71562,-0.01130,42.937,-0.023,-1,375.000,-1,400.000,-1,325.000,325.000,325.000,300.000,-1,-1,900.000,-1,675.000,725.000,-1,-1,2,0,2,0,2,0,0,0,0,2,2,0,2,0,0,2,2
127,3956.764,903.134,30.612,-83.270,0.117506,0.992566,-0.031697,-0.993024,0.117124,-0.013647,-0.009833,0.033079,0.999404,0,0.79562,-0.13130,47.737,-0.263,-1,375.000,-1,400.000,-1,325.000,325.000,325.000,300.000,-1,-1,875.000,-1,675.000,725.000,-1,-1,2,0,2,0,2,0,0,0,0,2,2,0,2,0,0,2,2
128,3962.231,853.037,30.031,-83.773,0.108785,0.993520,-0.032937,-0.994021,0.108409,-0.012993,-0.009338,0.034153,0.999373,0,0.83990,-0.25130,50.394,-0.503,-1,375.000,-1,375.000,-1,325.000,325.000,300.000,300.000,-1,-1,875.000,-1,675.000,725.000,-1,-1,2,0,2,0,2,0,0,0,0,2,2,0,2,0,0,2,2
129,3967.048,802.873,29.439,-84.515,0.095899,0.994805,-0.034165,-0.995350,0.095527,-0.012355,-0.009028,0.035191,0.999340,0,0.83990,-0.37109,50.394,-0.742,-1,375.000,-1,375.000,-1,300.000,325.000,300.000,300.000,-1,-1,875.000,-1,675.000,700.000,-1,-1,2,0,2,0,2,0,0,0,0,2,2,0,2,0,0,2,2
130,3971.215,752.651,28.837,-85.257,0.082998,0.995921,-0.035384,-0.996511,0.082630,-0.011734,-0.008762,0.036234,0.999305,0,0.83990,-0.37109,50.394,-0.742,-1,375.000,-1,375.000,-1,300.000,300.000,300.000,300.000,-1,-1,875.000,-1,675.000,700.000,-1,-1,2,0,2,0,2,0,0,0,0,2,2,0,2,0,0,2,2
131,3974.732,702.380,28.221,-85.999,0.070085,0.996870,-0.036590,-0.997504,0.069721,-0.011129,-0.008543,0.037279,0.999268,0,0.83990,-0.37109,50.394,-0.742,-1,375.000,-1,375.000,-1,300.000,300.000,300.000,300.000,-1,-1,875.000,-1,675.000,700.000,-1,-1,2,0,2,0,2,0,0,0,0,2,2,0,2,0,0,2,2
132,3977.597,652.067,27.739,-86.741,0.057152,0.997671,-0.037234,-0.998331,0.056801,-0.010415,-0.008276,0.037767,0.999252,0,0.83990,-0.37109,50.394,-0.742,-1,375.000,-1,375.000,-1,300.000,300.000,300.000,300.000,-1,-1,900.000,-1,675.000,700.000,-1,-1,2,0,2,0,2,0,0,0,0,2,2,0,2,0,0,2,2
133,3979.809,601.721,27.690,-87.484,0.044184,0.998311,-0.037734,-0.998996,0.043873,-0.009013,-0.007342,0.038095,0.999247,0,0.83990,-0.37109,50.394,-0.742,-1,375.000,-1,375.000,-1,300.000,300.000,300.000,300.000,-1,-1,875.000,-1,675.000,700.000,-1,-1,2,0,2,0,2,0,0,0,0,2,2,0,2,0,0,2,2
134,3981.370,551.351,27.675,-88.226,0.031203,0.998774,-0.038429,-0.999493,0.030938,-0.007484,-0.006286,0.038643,0.999233,0,0.83990,-0.37109,50.394,-0.742,-1,375.000,-1,375.000,-1,300.000,300.000,300.000,300.000,-1,-1,825.000,-1,675.000,700.000,-1,-1,2,0,2,0,2,0,0,0,0,2,2,0,2,0,0,2,2
135,3982.278,500.965,27.641,-88.968,0.018218,0.999070,-0.039086,-0.999820,0.017998,-0.005968,-0.005259,0.039188,0.999218,0,0.83990,-0.37109,50.394,-0.742,-1,375.000,-1,375.000,-1,300.000,300.000,300.000,300.000,-1,-1,800.000,-1,700.000,700.000,-1,-1,2,0,2,0,2,0,0,0,0,2,2,0,2,0,0,2,2
136,3982.533,450.571,27.586,-89.710,0.005229,0.999198,-0.039706,-0.999977,0.005055,-0.004463,-0.004258,0.039729,0.999201,0,0.83990,-0.37109,50.394,-0.742,-1,375.000,-1,375.000,-1,300.000,300.000,300.000,300.000,-1,-1,775.000,-1,700.000,700.000,-1,-1,2,0,2,0,2,0,0,0,0,2,2,0,2,0,0,2,2
137,3982.136,400.179,27.508,-90.452,-0.007762,0.999158,-0.040289,-0.999964,-0.007887,-0.002966,-0.003281,0.040264,0.999184,0,0.83990,-0.37109,50.394,-0.742,-1,375.000,-1,375.000,-1,300.000,325.000,300.000,300.000,-1,975.000,750.000,-1,700.000,700.000,-1,-1,2,0,2,0,2,0,0,0,0,2,0,0,2,0,0,2,2
138,3981.086,349.795,27.406,-91.194,-0.020751,0.998950,-0.040834,-0.999782,-0.020828,-0.001475,-0.002324,0.040794,0.999165,0,0.83990,-0.37109,50.394,-0.742,-1,375.000,-1,375.000,-1,325.000,325.000,300.000,300.000,-1,925.000,725.000,-1,700.000,700.000,-1,-1,2,0,2,0,2,0,0,0,0,2,0,0,2,0,0,2,2
139,3979.383,299.430,27.280,-91.937,-0.033737,0.998575,-0.041341,-0.999430,-0.033765,0.000011,-0.001385,0.041318,0.999145,0,0.83990,-0.37109,50.394,-0.742,-1,375.000,-1,375.000,-1,325.000,325.000,300.000,300.000,-1,875.000,700.000,-1,700.000,700.000,-1,-1,2,0,2,0,2,0,0,0,0,2,0,0,2,0,0,2,2
140,3977.443,253.877,27.152,-92.439,-0.042535,0.998221,-0.041772,-0.999095,-0.042515,0.001361,-0.000418,0.041792,0.999126,0,0.75990,-0.25109,45.594,-0.502,-1,375.000,-1,375.000,-1,325.000,325.000,300.000,300.000,-1,825.000,675.000,-1,700.000,675.000,-1,-1,2,0,2,0,2,0,0,0,0,2,0,0,2,0,0,2,2
141,3975.313,208.720,27.017,-92.701,-0.047154,0.997996,-0.042188,-0.998887,-0.047081,0.002709,0.000717,0.042269,0.999106,0,0.75344,-0.13109,45.207,-0.262,-1,375.000,-1,375.000,-1,325.000,325.000,300.000,300.000,-1,775.000,650.000,-1,700.000,675.000,-1,-1,2,0,2,0,2,0,0,0,0,2,0,0,2,0,0,2,2
