timestep,x_cm,y_cm,z_cm,yaw_deg,basis_xx,basis_xy,basis_xz,basis_yx,basis_yy,basis_yz,basis_zx,basis_zy,basis_zz,teleport_flag,throttle_cmd,steering_cmd,cmd_move_cm,cmd_turn_deg,lidar_cm_0,lidar_cm_1,lidar_cm_2,lidar_cm_3,lidar_cm_4,lidar_cm_5,lidar_cm_6,lidar_cm_7,lidar_cm_8,lidar_cm_9,lidar_cm_10,lidar_cm_11,lidar_cm_12,lidar_cm_13,lidar_cm_14,lidar_cm_15,lidar_cm_16,lidar_class_0,lidar_class_1,lidar_class_2,lidar_class_3,lidar_class_4,lidar_class_5,lidar_class_6,lidar_class_7,lidar_class_8,lidar_class_9,lidar_class_10,lidar_class_11,lidar_class_12,lidar_class_13,lidar_class_14,lidar_class_15,lidar_class_16
0,4023.939,4521.784,157.114,-26.872,0.891766,0.448762,0.058010,-0.451869,0.889927,0.061994,-0.023804,-0.081497,0.996389,0,0.57496,-0.48015,0.141,0.011,13.312,929.476,-1,1003.088,14.015,822.805,825.152,592.011,594.720,-1,-1,-1,-1,-1,-1,11.945,26.944,1,0,2,0,1,0,0,0,0,2,2,2,2,2,2,1,1
1,4024.514,4521.193,160.508,-26.869,0.891841,0.449243,0.052910,-0.451849,0.890237,0.057546,-0.021250,-0.075230,0.996940,0,0.57490,-0.48015,0.824,0.003,-1,954.378,-1,-1,-1,838.833,838.399,624.185,589.674,-1,-1,-1,-1,-1,-1,-1,-1,2,0,2,2,2,0,0,0,0,2,2,2,2,2,2,2,2
2,4025.757,4520.296,162.742,-26.807,0.892400,0.448902,0.045934,-0.450926,0.890968,0.053306,-0.016996,-0.068283,0.997521,0,0.57480,-0.48015,1.533,0.062,-1,983.072,-1,-1,-1,856.184,853.659,655.195,579.528,-1,-1,-1,-1,-1,-1,-1,-1,2,0,2,2,2,0,0,0,0,2,2,2,2,2,2,2,2
3,4027.632,4519.008,163.762,-26.708,0.893257,0.448007,0.037172,-0.449416,0.891935,0.049781,-0.010852,-0.061173,0.998068,0,0.57432,-0.48015,2.274,0.099,-1,-1,-1,-1,-1,876.160,871.505,681.391,565.766,-1,-1,-1,-1,-1,-1,-1,-1,2,2,2,2,2,0,0,0,0,2,2,2,2,2,2,2,2
4,4030.084,4517.321,163.646,-26.614,0.894037,0.447181,0.026968,-0.447981,0.892830,0.046549,-0.003262,-0.053698,0.998552,0,0.57359,-0.48015,2.977,0.094,-1,-1,-1,-1,-1,898.022,890.919,706.097,548.426,-1,-1,-1,-1,-1,-1,-1,-1,2,2,2,2,2,0,0,0,0,2,2,2,2,2,2,2,2
5,4033.115,4515.373,162.507,-26.479,0.895086,0.445621,0.015583,-0.445867,0.894113,0.042007,0.004786,-0.044548,0.998996,0,0.57279,-0.48015,3.603,0.135,-1,-1,-1,-1,-1,919.967,909.269,734.372,525.149,-1,-1,-1,-1,-1,-1,-1,-1,2,2,2,2,2,0,0,0,0,2,2,2,2,2,2,2,2
6,4036.604,4513.200,160.708,-26.329,0.896207,0.443603,0.005383,-0.443495,0.895550,0.036089,0.011188,-0.034731,0.999334,0,0.57171,-0.48015,4.111,0.150,-1,-1,-1,-1,-1,936.502,921.786,764.382,499.646,-1,-1,-1,-1,-1,-1,-1,-1,2,2,2,2,2,0,0,0,0,2,2,2,2,2,2,2,2
7,4040.431,4511.130,158.968,-26.178,0.897352,0.441316,0.000485,-0.441123,0.896925,0.030592,0.013066,-0.027665,0.999532,0,0.57051,-0.48015,4.350,0.151,-1,-1,-1,-1,9.500,939.755,922.448,784.598,480.501,-1,-1,-1,-1,-1,-1,-1,22.450,2,2,2,2,1,0,0,0,0,2,2,2,2,2,2,2,1
8,4044.584,4509.313,157.633,-26.038,0.898458,0.439056,0.001889,-0.438940,0.898103,0.027262,0.010273,-0.025323,0.999627,0,0.56925,-0.48015,4.533,0.140,-1,-1,-1,-1,15.942,929.391,911.688,787.807,471.520,-1,-1,-1,-1,-1,-1,-1,22.408,2,2,2,2,1,0,0,0,0,2,2,2,2,2,2,2,1
9,4049.187,4507.655,156.710,-25.920,0.899398,0.437047,0.008590,-0.437112,0.899003,0.026963,0.004062,-0.028005,0.999600,0,0.56802,-0.48015,4.892,0.118,-1,-1,-1,-1,15.827,909.389,893.410,773.543,472.897,-1,-1,-1,-1,-1,-1,-1,22.472,2,2,2,2,1,0,0,0,0,2,2,2,2,2,2,2,1
10,4054.359,4506.001,156.018,-25.825,0.900124,0.435238,0.018571,-0.435616,0.899654,0.029337,-0.003939,-0.034497,0.999397,0,0.56683,-0.48015,5.430,0.095,-1,-1,-1,-1,15.569,884.827,872.007,744.776,482.169,-1,-1,-1,-1,-1,-1,-1,22.658,2,2,2,2,1,0,0,0,0,2,2,2,2,2,2,2,1
11,4060.147,4504.204,155.347,-25.745,0.900667,0.433482,0.029872,-0.434331,0.900142,0.033194,-0.012500,-0.042871,0.999002,0,0.56568,-0.48015,6.062,0.080,-1,1006.574,-1,1001.365,15.269,859.364,850.145,710.800,495.626,-1,-1,-1,-1,-1,-1,-1,22.969,2,0,2,0,1,0,0,0,0,2,2,2,2,2,2,2,1
12,4066.567,4502.194,154.532,-25.666,0.901134,0.431599,0.040981,-0.433037,0.900612,0.037124,-0.020885,-0.051200,0.998470,0,0.56451,-0.48015,6.727,0.078,-1,965.225,-1,980.847,15.073,834.314,828.855,680.215,509.242,-1,-1,-1,-1,-1,-1,-1,23.242,2,0,2,0,1,0,0,0,0,2,2,2,2,2,2,2,1
13,4073.536,4499.926,153.555,-25.579,0.901615,0.429468,0.051461,-0.431567,0.901172,0.040484,-0.028988,-0.058710,0.997854,0,0.56326,-0.48015,7.328,0.088,-1,927.682,-1,960.971,14.947,809.994,808.536,653.900,521.197,-1,-1,-1,-1,-1,-1,-1,23.454,2,0,2,0,1,0,0,0,0,2,2,2,2,2,2,2,1
14,4080.918,4497.391,152.514,-25.505,0.901916,0.427460,0.061854,-0.430297,0.901655,0.043171,-0.037317,-0.065552,0.997151,0,0.56189,-0.48015,7.806,0.073,-1,892.418,-1,940.075,14.816,786.005,788.114,628.071,531.911,-1,-1,-1,-1,-1,-1,-1,23.715,2,0,2,0,1,0,0,0,0,2,2,2,2,2,2,2,1
15,4088.677,4494.652,151.508,-25.430,0.902137,0.425325,0.072436,-0.428951,0.902223,0.044658,-0.046359,-0.071359,0.996373,0,0.56053,-0.48015,8.228,0.075,-1,857.758,-1,916.794,14.814,761.581,766.361,606.321,540.625,-1,-1,-1,-1,-1,-1,-1,23.719,2,0,2,0,1,0,0,0,0,2,2,2,2,2,2,2,1
16,4096.768,4491.788,150.611,-25.329,0.902404,0.422750,0.083357,-0.427131,0.903131,0.043741,-0.056791,-0.075077,0.995559,0,0.55910,-0.48015,8.583,0.101,-1,823.008,-1,888.684,14.924,735.427,742.337,591.678,544.651,-1,-1,-1,-1,-1,-1,-1,23.496,2,0,2,0,1,0,0,0,0,2,2,2,2,2,2,2,1
17,4105.295,4488.630,149.923,-25.225,0.902597,0.420259,0.093276,-0.425216,0.904167,0.040898,-0.067150,-0.076577,0.994800,0,0.55751,-0.48015,9.094,0.104,13.354,792.729,-1,860.437,14.972,710.884,719.594,584.437,544.008,-1,-1,-1,-1,-1,-1,20.222,23.412,1,0,2,0,1,0,0,0,0,2,2,2,2,2,2,1,1
18,4114.318,4485.130,149.537,-25.110,0.902857,0.417859,0.101203,-0.423119,0.905330,0.036720,-0.076278,-0.075974,0.994188,0,0.55583,-0.48015,9.678,0.115,13.341,769.674,-1,835.612,15.011,691.171,700.645,584.457,539.311,-1,-1,-1,-1,-1,-1,25.117,23.343,1,0,2,0,1,0,0,0,0,2,2,2,2,2,2,1,1
19,4123.698,4481.416,149.438,-24.992,0.903140,0.415610,0.107730,-0.420987,0.906498,0.032119,-0.084308,-0.074360,0.993661,0,0.29272,-0.75611,10.088,0.118,13.376,751.750,-1,814.421,14.914,675.369,685.006,588.577,533.229,-1,-1,-1,-1,-1,-1,22.600,23.516,1,0,2,0,1,0,0,0,0,2,2,2,2,2,2,1,1
20,4133.301,4477.543,149.548,-24.893,0.903323,0.413705,0.113387,-0.419176,0.907458,0.028501,-0.091103,-0.073275,0.993142,0,0.29173,-0.75611,10.354,0.099,-1,737.574,-1,797.841,14.694,663.043,672.709,592.167,529.247,-1,-1,-1,-1,-1,-1,-1,23.999,2,0,2,0,1,0,0,0,0,2,2,2,2,2,2,2,1
21,4143.221,4473.535,149.614,-24.799,0.903533,0.411906,0.118161,-0.417467,0.908325,0.025817,-0.096694,-0.072655,0.992659,0,0.29077,-0.75611,10.700,0.094,-1,726.197,-1,784.903,14.630,653.351,663.004,595.556,526.581,-1,-1,-1,-1,-1,-1,-1,24.165,2,0,2,0,1,0,0,0,0,2,2,2,2,2,2,2,1
22,4153.373,4469.362,149.452,-24.720,0.903641,0.410340,0.122694,-0.416004,0.909056,0.023607,-0.101849,-0.072374,0.992164,0,0.28980,-0.75611,10.976,0.079,-1,715.404,-1,772.958,14.509,644.228,653.873,597.386,524.049,-1,-1,-1,-1,-1,-1,-1,24.527,2,0,2,0,1,0,0,0,0,2,2,2,2,2,2,2,1
23,4163.675,4465.034,148.956,-24.663,0.903533,0.409079,0.127602,-0.414876,0.909624,0.021519,-0.107267,-0.072383,0.991592,0,0.28884,-0.75611,11.175,0.056,-1,703.405,-1,760.002,14.343,634.041,643.744,597.318,521.105,-1,-1,-1,-1,-1,-1,-1,25.136,2,0,2,0,1,0,0,0,0,2,2,2,2,2,2,2,1
24,4174.085,4460.525,148.119,-24.641,0.903098,0.408275,0.133137,-0.414248,0.909956,0.019484,-0.113194,-0.072748,0.990906,0,0.28793,-0.75611,11.344,0.022,-1,689.696,-1,745.510,14.160,622.341,632.179,595.116,517.821,-1,-1,-1,-1,-1,-1,-1,26.014,2,0,2,0,1,0,0,0,0,2,2,2,2,2,2,2,1
25,4184.604,4455.840,146.994,-24.647,0.902370,0.407886,0.139130,-0.414042,0.910094,0.017284,-0.119571,-0.073202,0.990123,0,0.28709,-0.75611,11.515,-0.007,-1,674.745,-1,729.615,14.039,609.474,619.442,591.715,513.715,-1,-1,-1,-1,-1,-1,-1,26.774,2,0,2,0,1,0,0,0,0,2,2,2,2,2,2,2,1
26,4195.211,4451.040,145.751,-24.677,0.901444,0.407842,0.145130,-0.414189,0.910064,0.015196,-0.125881,-0.073809,0.989296,0,0.28630,-0.75611,11.643,-0.030,-1,660.061,-1,713.991,13.971,596.781,606.845,587.583,509.582,-1,-1,-1,-1,-1,-1,-1,27.271,2,0,2,0,1,0,0,0,0,2,2,2,2,2,2,2,1
27,4205.655,4446.411,144.907,-24.735,0.900465,0.408013,0.150626,-0.414829,0.909766,0.015554,-0.130688,-0.076490,0.988468,0,0.28557,-0.75611,11.424,-0.057,-1,648.466,-1,704.054,13.935,587.526,598.066,579.471,511.671,-1,-1,-1,-1,-1,-1,-1,27.553,2,0,2,0,1,0,0,0,0,2,2,2,2,2,2,2,1
28,4216.014,4442.010,144.741,-24.777,0.899815,0.407650,0.155419,-0.415333,0.909468,0.019159,-0.133538,-0.081790,0.987663,0,0.28491,-0.75611,11.255,-0.042,-1,640.870,-1,701.662,13.866,582.847,594.413,567.122,522.412,-1,-1,-1,-1,1006.525,-1,-1,28.195,2,0,2,0,1,0,0,0,0,2,2,2,2,0,2,2,1
29,4226.321,4437.831,145.290,-24.810,0.899336,0.406870,0.160163,-0.415747,0.909138,0.024948,-0.135460,-0.089024,0.986775,0,0.28423,-0.75611,11.122,-0.033,-1,635.607,-1,704.078,13.718,581.010,594.039,552.792,540.841,-1,-1,-1,-1,992.129,-1,-1,29.983,2,0,2,0,1,0,0,0,0,2,2,2,2,0,2,2,1
30,4236.693,4433.698,146.376,-24.875,0.898644,0.406315,0.165368,-0.416654,0.908503,0.031966,-0.137249,-0.097627,0.985714,0,0.28354,-0.75611,11.165,-0.064,-1,631.039,-1,708.823,13.496,580.239,595.090,537.632,565.918,-1,-1,-1,-1,978.923,-1,-1,34.885,2,0,2,0,1,0,0,0,0,2,2,2,2,0,2,2,1
31,4247.124,4429.388,147.692,-25.005,0.897390,0.406498,0.171612,-0.418555,0.907332,0.039494,-0.139655,-0.107271,0.984373,0,0.28291,-0.75611,11.286,-0.130,-1,625.412,-1,713.289,13.340,578.531,595.593,521.610,596.200,-1,-1,-1,-1,963.256,-1,-1,43.757,2,0,2,0,1,0,0,0,0,2,2,2,2,0,2,2,1
32,4257.491,4424.910,148.825,-25.198,0.895368,0.407483,0.179650,-0.421282,0.905808,0.045092,-0.144354,-0.116057,0.982697,0,0.28245,-0.75611,11.293,-0.193,-1,615.879,-1,711.728,13.294,572.842,591.741,507.554,625.183,-1,-1,-1,-1,939.369,-1,-1,28.880,2,0,2,0,1,0,0,0,0,2,2,2,2,0,2,2,1
33,4267.890,4420.678,149.433,-25.305,0.893667,0.408015,0.186769,-0.422526,0.905279,0.044066,-0.151098,-0.118295,0.981415,0,0.28213,-0.75611,11.227,-0.107,15.754,605.102,-1,700.733,-1,563.730,582.912,506.163,632.904,-1,-1,-1,-1,914.638,-1,22.519,-1,1,0,2,0,2,0,0,0,0,2,2,2,2,0,2,1,2
34,4278.480,4416.548,149.499,-25.265,0.893148,0.407563,0.190206,-0.421517,0.906027,0.037926,-0.156874,-0.114049,0.981011,0,0.36035,-1.00000,11.368,0.040,17.235,598.321,-1,687.048,-1,556.090,574.127,517.597,618.473,-1,-1,-1,-1,900.201,-1,22.190,-1,1,0,2,0,2,0,0,0,0,2,2,2,2,0,2,1,2
35,4289.032,4412.087,148.962,-25.153,0.893447,0.406840,0.190350,-0.419536,0.907239,0.030114,-0.160441,-0.106764,0.981254,0,0.35921,-1.00000,11.456,0.111,18.738,595.814,-1,674.981,-1,551.256,567.437,534.482,594.837,-1,-1,-1,-1,895.809,-1,22.548,-1,1,0,2,0,2,0,0,0,0,2,2,2,2,0,2,1,2
36,4298.489,4406.736,148.078,-25.209,0.892727,0.408567,0.190030,-0.420263,0.907083,0.024083,-0.162534,-0.101362,0.981483,0,0.35783,-1.00000,10.866,-0.056,18.683,594.648,-1,665.604,-1,547.837,562.180,546.974,577.728,-1,-1,-1,-1,894.852,997.944,22.529,-1,1,0,2,0,2,0,0,0,0,2,2,2,2,0,0,1,2
37,4307.179,4400.761,146.789,-25.446,0.891042,0.413366,0.187545,-0.423968,0.905487,0.018532,-0.162159,-0.096026,0.982081,0,0.35704,-1.00000,10.546,-0.236,18.664,597.430,-1,659.427,-1,547.493,559.467,559.112,559.915,-1,-1,-1,-1,903.327,986.854,22.522,-1,1,0,2,0,2,0,0,0,0,2,2,2,2,0,0,1,2
38,4315.344,4394.179,145.034,-25.821,0.888716,0.420667,0.182274,-0.430026,0.902718,0.013316,-0.158941,-0.090217,0.983158,0,0.35686,-1.00000,10.487,-0.375,18.657,605.022,-1,656.766,-1,550.777,559.471,571.994,540.076,-1,-1,-1,-1,923.452,984.472,22.519,-1,1,0,2,0,2,0,0,0,0,2,2,2,2,0,0,1,2
39,4323.125,4387.008,142.735,-26.293,0.885902,0.429732,0.174666,-0.437711,0.899080,0.008048,-0.153580,-0.083583,0.984595,0,0.35714,-1.00000,10.582,-0.472,18.190,616.622,-1,656.118,-1,556.548,560.954,584.094,517.397,-1,-1,-1,-1,953.489,987.375,22.372,-1,1,0,2,0,2,0,0,0,0,2,2,2,2,0,0,1,2
40,4330.840,4379.431,139.735,-26.796,0.882885,0.439536,0.165292,-0.445902,0.895080,0.001574,-0.147258,-0.075094,0.986243,0,0.35773,-1.00000,10.814,-0.503,17.002,630.274,-1,654.518,-1,560.881,562.043,598.183,489.581,-1,-1,-1,-1,987.588,989.227,22.179,-1,1,0,2,0,2,0,0,0,0,2,2,2,2,0,0,1,2
41,4338.755,4371.760,135.853,-27.233,0.880133,0.448558,0.155439,-0.452959,0.891497,-0.007873,-0.142105,-0.063478,0.987814,0,0.35840,-1.00000,11.022,-0.436,-1,641.894,-1,647.091,-1,562.231,559.564,618.112,454.571,-1,-1,-1,-1,-1,979.357,-1,-1,2,0,2,0,2,0,0,0,0,2,2,2,2,2,0,2,2
42,4346.732,4364.057,131.257,-27.626,0.877220,0.456840,0.147587,-0.459110,0.888147,-0.020329,-0.140366,-0.049925,0.988840,0,0.35884,-1.00000,11.090,-0.394,-1,646.425,-1,630.836,-1,557.417,550.561,642.139,416.291,-1,-1,-1,-1,-1,951.051,-1,-1,2,0,2,0,2,0,0,0,0,2,2,2,2,2,0,2,2
43,4354.651,4356.402,126.715,-28.049,0.873309,0.464719,0.146174,-0.465297,0.884564,-0.032331,-0.144325,-0.039780,0.988730,0,0.35914,-1.00000,11.014,-0.422,-1,636.115,-1,606.511,14.395,543.620,533.768,659.346,390.684,-1,-1,-1,-1,-1,906.045,-1,30.426,2,0,2,0,1,0,0,0,0,2,2,2,2,2,0,2,1
44,4362.872,4348.965,122.876,-28.523,0.868464,0.472032,0.151509,-0.471995,0.880759,-0.038518,-0.151624,-0.038060,0.987705,0,0.35953,-1.00000,11.086,-0.475,-1,615.558,-1,583.072,14.425,525.243,514.555,655.273,379.270,-1,-1,-1,-1,973.396,862.970,-1,41.539,2,0,2,0,1,0,0,0,0,2,2,2,2,0,0,2,1
45,4371.783,4341.962,119.898,-28.984,0.863454,0.477670,0.162106,-0.478296,0.877388,-0.037725,-0.160250,-0.044961,0.986052,0,0.36006,-1.00000,11.333,-0.460,-1,589.937,-1,564.543,14.331,505.928,496.766,629.445,382.393,-1,-1,-1,-1,917.467,829.744,-1,45.826,2,0,2,0,1,0,0,0,0,2,2,2,2,0,0,2,1
46,4381.187,4335.341,117.560,-29.463,0.858019,0.482178,0.176938,-0.484721,0.874102,-0.031495,-0.169848,-0.058742,0.983718,0,-0.16595,-0.63636,11.501,-0.480,-1,561.317,-1,549.736,17.011,486.108,480.299,590.066,397.593,-1,-1,-1,-1,855.910,804.040,-1,44.652,2,0,2,0,1,0,0,0,0,2,2,2,2,0,0,2,1
47,4390.526,4329.111,115.512,-29.980,0.851928,0.485981,0.195039,-0.491462,0.870606,-0.022599,-0.180785,-0.076602,0.980535,0,-0.16617,-0.63636,11.227,-0.516,-1,530.549,-1,535.681,18.835,465.145,463.672,545.134,421.028,-1,-1,-1,-1,791.801,780.036,-1,42.479,2,0,2,0,1,0,0,0,0,2,2,2,2,0,0,2,1
48,4399.754,4323.245,113.556,-30.494,0.845601,0.488753,0.214662,-0.497974,0.867100,-0.012629,-0.192306,-0.096217,0.976607,0,-0.16645,-0.63636,10.935,-0.514,854.400,500.027,-1,522.113,18.383,444.163,447.383,500.849,450.091,-1,-1,-1,-1,731.551,756.949,1003.801,41.426,0,0,2,0,1,0,0,0,0,2,2,2,2,0,0,0,1
49,4408.812,4317.594,111.997,-31.002,0.839247,0.491170,0.233274,-0.504307,0.863516,-0.003836,-0.203320,-0.114422,0.972404,0,-0.16673,-0.63636,10.676,-0.508,17.376,473.414,-1,509.734,17.823,425.382,432.832,464.791,480.982,-1,-1,-1,-1,680.645,735.735,22.203,38.886,1,0,2,0,1,0,0,0,0,2,2,2,2,0,0,1,1
50,4417.594,4311.865,111.169,-31.485,0.833376,0.494082,0.247723,-0.510395,0.859938,0.001899,-0.212088,-0.128019,0.968829,0,-0.16702,-0.63636,10.485,-0.483,16.750,454.583,-1,500.218,14.555,411.559,422.018,443.259,510.932,-1,-1,-1,-1,645.605,719.150,22.186,35.605,1,0,2,0,1,0,0,0,0,2,2,2,2,0,0,1,1
51,4426.206,4306.014,110.876,-31.891,0.828576,0.497298,0.257210,-0.515561,0.856843,0.004180,-0.218309,-0.136071,0.966347,0,-0.16728,-0.63636,10.411,-0.406,16.400,443.090,-1,493.210,13.845,402.564,414.673,433.490,531.005,-1,-1,-1,-1,623.723,706.624,22.240,32.103,1,0,2,0,1,0,0,0,0,2,2,2,2,0,0,1,1
52,4434.619,4300.049,110.823,-32.234,0.824771,0.500991,0.262224,-0.520076,0.854111,0.003969,-0.221980,-0.139649,0.964999,0,-0.16743,-0.63636,10.314,-0.343,16.283,437.504,-1,488.519,13.691,397.540,410.235,431.901,540.468,-1,-1,-1,-1,611.690,698.063,22.270,28.708,1,0,2,0,1,0,0,0,0,2,2,2,2,0,0,1,1
53,4442.789,4293.958,110.711,-32.540,0.821834,0.505187,0.263391,-0.524373,0.851483,0.002999,-0.222758,-0.140580,0.964684,0,-0.16750,-0.63636,10.190,-0.306,16.360,436.716,-1,486.774,13.789,396.005,408.679,432.969,542.460,-1,-1,-1,-1,608.167,694.867,22.249,26.224,1,0,2,0,1,0,0,0,0,2,2,2,2,0,0,1,1
54,4450.506,4287.759,110.385,-32.854,0.819282,0.510165,0.261742,-0.529080,0.848569,0.002123,-0.221023,-0.140221,0.965136,0,-0.16752,-0.63636,9.899,-0.314,16.506,439.389,-1,487.592,14.014,396.995,409.360,434.758,540.045,-1,-1,-1,-1,610.599,696.620,22.218,21.537,1,0,2,0,1,0,0,0,0,2,2,2,2,0,0,1,1
55,4457.729,4281.485,109.593,-33.177,0.816864,0.515623,0.258583,-0.534074,0.845437,0.001311,-0.217940,-0.139173,0.965988,0,-0.16756,-0.63636,9.567,-0.323,16.320,442.453,-1,489.069,9.231,398.752,410.633,436.689,533.999,-1,-1,-1,-1,615.313,701.112,22.260,9.042,1,0,2,0,1,0,0,0,0,2,2,2,2,0,0,1,1
56,4464.533,4275.278,108.213,-33.473,0.814807,0.521036,0.254188,-0.538754,0.842463,0.000108,-0.214088,-0.137033,0.967155,0,-0.16764,-0.63636,9.210,-0.296,16.479,445.239,-1,489.989,-1,400.309,411.701,439.203,526.142,-1,-1,-1,-1,621.208,705.162,22.223,-1,1,0,2,0,2,0,0,0,0,2,2,2,2,0,0,1,2
57,4470.863,4269.107,106.269,-33.767,0.812786,0.526484,0.249386,-0.543437,0.839450,-0.001039,-0.209894,-0.134681,0.968404,0,-0.16769,-0.63636,8.840,-0.294,16.432,447.530,-1,490.177,13.893,401.163,412.132,440.718,516.108,-1,-1,-1,-1,626.769,708.271,22.232,18.125,1,0,2,0,1,0,0,0,0,2,2,2,2,0,0,1,1
58,4476.826,4263.073,103.808,-34.056,0.810775,0.531890,0.244410,-0.548032,0.836454,-0.002334,-0.205680,-0.132052,0.969669,0,-0.16775,-0.63636,8.483,-0.289,16.225,449.024,-1,489.249,13.626,401.236,411.673,441.398,504.014,-1,-1,-1,-1,631.394,709.689,22.289,24.846,1,0,2,0,1,0,0,0,0,2,2,2,2,0,0,1,1
59,4482.509,4257.208,101.049,-34.311,0.809063,0.536881,0.239115,-0.552127,0.833751,-0.003844,-0.201426,-0.128912,0.970984,0,-0.16783,-0.63636,8.167,-0.255,16.172,450.293,-1,487.632,13.572,400.989,410.759,442.210,490.276,-1,-1,-1,-1,635.904,709.963,22.308,31.276,1,0,2,0,1,0,0,0,0,2,2,2,2,0,0,1,1
60,4487.977,4251.491,98.176,-34.550,0.807496,0.541568,0.233783,-0.556006,0.831164,-0.004958,-0.196997,-0.125981,0.972276,0,-0.16787,-0.63636,7.910,-0.239,9.156,451.537,-1,486.174,13.438,400.756,409.906,442.707,476.937,-1,-1,-1,-1,640.493,710.658,22.378,36.375,1,0,2,0,1,0,0,0,0,2,2,2,2,0,0,1,1
61,4493.385,4245.994,95.308,-34.754,0.806316,0.545720,0.228131,-0.559437,0.828855,-0.005435,-0.192053,-0.123242,0.973615,0,-0.16789,-0.63636,7.712,-0.204,11.648,453.484,-1,485.685,13.548,401.150,409.768,442.876,464.437,-1,-1,-1,-1,646.349,713.233,9.377,39.594,1,0,2,0,1,0,0,0,0,2,2,2,2,0,0,1,1
62,4498.688,4240.713,92.784,-34.963,0.804933,0.549456,0.224011,-0.562838,0.826553,-0.004943,-0.187873,-0.122103,0.974574,0,-0.16787,-0.63636,7.484,-0.209,11.551,454.396,-1,485.567,13.601,401.047,409.544,441.496,456.140,-1,-1,-1,-1,649.367,716.171,9.271,41.066,1,0,2,0,1,0,0,0,0,2,2,2,2,0,0,1,1
63,4504.179,4235.354,90.835,-35.194,0.803152,0.552788,0.222197,-0.566440,0.824098,-0.002766,-0.184641,-0.123640,0.974998,0,0.52305,-1.00000,7.673,-0.232,9.373,453.934,-1,486.525,14.112,400.458,409.449,437.730,454.595,-1,-1,-1,-1,649.334,720.627,22.208,40.434,1,0,2,0,1,0,0,0,0,2,2,2,2,0,0,1,1
64,4510.266,4229.526,89.440,-35.467,0.800959,0.556235,0.221510,-0.570620,0.821213,0.001155,-0.181265,-0.127323,0.975157,0,0.52311,-1.00000,8.427,-0.273,17.180,453.753,-1,489.813,16.315,400.594,410.569,432.449,458.869,-1,-1,-1,-1,649.218,729.684,22.185,37.860,1,0,2,0,1,0,0,0,0,2,2,2,2,0,0,1,1
65,4516.543,4223.254,88.670,-35.829,0.797606,0.560592,0.222624,-0.575876,0.817524,0.004599,-0.179422,-0.131872,0.974894,0,0.52325,-1.00000,8.874,-0.363,17.871,452.096,-1,492.188,28.423,399.718,410.886,427.558,466.342,-1,-1,-1,-1,645.740,738.457,22.290,33.888,1,0,2,0,1,0,0,0,0,2,2,2,2,0,0,1,1
66,4522.937,4216.544,88.320,-36.276,0.793087,0.565927,0.225257,-0.582079,0.813105,0.006577,-0.179435,-0.136333,0.974277,0,0.52374,-1.00000,9.268,-0.447,8.911,448.549,-1,492.224,25.698,397.247,409.538,422.806,474.587,-1,-1,-1,-1,638.377,741.985,22.276,31.200,1,0,2,0,1,0,0,0,0,2,2,2,2,0,0,1,1
67,4529.639,4209.385,88.053,-36.753,0.788104,0.571783,0.227940,-0.588578,0.808409,0.007134,-0.180189,-0.139783,0.973649,0,0.52457,-1.00000,9.807,-0.477,12.819,443.978,-1,490.682,26.698,394.118,407.256,419.581,481.063,-1,-1,-1,-1,630.067,741.966,9.031,27.676,1,0,2,0,1,0,0,0,0,2,2,2,2,0,0,1,1
68,4536.390,4201.654,87.681,-37.298,0.782318,0.578562,0.230746,-0.595918,0.803016,0.006945,-0.181274,-0.142938,0.972989,0,0.52546,-1.00000,10.263,-0.544,15.655,438.650,-1,488.037,23.196,390.299,404.250,416.785,486.721,-1,-1,-1,-1,620.608,739.928,10.753,24.259,1,0,2,0,1,0,0,0,0,2,2,2,2,0,0,1,1
69,4543.149,4193.304,87.003,-37.908,0.775870,0.586225,0.233165,-0.604162,0.796831,0.006983,-0.181700,-0.146288,0.972412,0,0.52661,-1.00000,10.743,-0.610,15.972,433.309,-1,485.639,21.794,386.491,401.333,413.561,491.771,-1,-1,-1,-1,611.478,739.266,10.988,22.779,1,0,2,0,1,0,0,0,0,2,2,2,2,0,0,1,1
70,4549.986,4184.376,85.944,-38.563,0.768998,0.594569,0.234798,-0.613067,0.789997,0.007409,-0.181085,-0.149644,0.972016,0,0.52800,-1.00000,11.245,-0.655,15.895,428.451,-1,483.885,21.394,383.038,398.823,410.112,495.624,-1,-1,-1,-1,603.570,740.921,10.941,22.359,1,0,2,0,1,0,0,0,0,2,2,2,2,0,0,1,1
71,4556.541,4174.794,84.647,-39.283,0.761478,0.603596,0.236271,-0.622874,0.782270,0.009013,-0.179388,-0.154030,0.971645,0,0.52955,-1.00000,11.609,-0.720,18.610,423.906,-1,483.541,20.845,379.999,397.065,405.293,500.796,-1,-1,-1,-1,596.331,746.725,22.503,21.761,1,0,2,0,1,0,0,0,0,2,2,2,2,0,0,1,1
72,4563.081,4164.763,83.072,-40.038,0.753629,0.613418,0.236140,-0.633224,0.773896,0.010564,-0.176268,-0.157491,0.971662,0,0.53137,-1.00000,11.975,-0.756,18.490,420.894,-1,484.495,21.277,378.038,396.205,401.341,502.967,-1,-1,-1,-1,592.062,756.933,22.463,22.142,1,0,2,0,1,0,0,0,0,2,2,2,2,0,0,1,1
73,4569.912,4154.315,81.212,-40.761,0.746210,0.623439,0.233439,-0.643230,0.765586,0.011517,-0.171537,-0.158749,0.972303,0,0.53331,-1.00000,12.483,-0.723,18.671,420.296,-1,487.329,23.195,377.647,396.410,399.979,499.505,-1,-1,-1,-1,592.418,770.248,22.524,24.251,1,0,2,0,1,0,0,0,0,2,2,2,2,0,0,1,1
74,4576.917,4143.421,79.378,-41.470,0.738872,0.633364,0.230040,-0.653001,0.757255,0.012457,-0.166309,-0.159420,0.973101,0,0.53503,-1.00000,12.952,-0.708,18.656,420.574,-1,490.728,26.192,377.896,397.107,399.463,494.948,-1,-1,-1,-1,594.367,785.455,22.519,27.374,1,0,2,0,1,0,0,0,0,2,2,2,2,0,0,1,1
75,4584.078,4132.047,77.641,-42.197,0.731200,0.643222,0.227183,-0.662937,0.748537,0.014371,-0.160811,-0.161116,0.973746,0,0.53663,-1.00000,13.441,-0.727,18.655,420.782,-1,495.307,25.226,378.393,398.424,398.089,493.064,-1,-1,-1,-1,596.200,804.132,22.519,26.364,1,0,2,0,1,0,0,0,0,2,2,2,2,0,0,1,1
76,4591.080,4120.244,76.135,-42.993,0.722514,0.653558,0.225469,-0.673594,0.738914,0.016665,-0.155710,-0.163915,0.974108,0,0.53824,-1.00000,13.723,-0.796,18.573,420.204,-1,500.243,23.800,378.589,399.893,396.037,494.081,-1,-1,-1,-1,596.562,824.636,22.490,24.820,1,0,2,0,1,0,0,0,0,2,2,2,2,0,0,1,1
77,4598.244,4108.167,74.833,-43.808,0.713338,0.663963,0.224281,-0.684265,0.729007,0.018184,-0.151429,-0.166439,0.974355,0,0.54015,-1.00000,14.041,-0.815,17.893,418.976,-1,504.116,26.223,378.143,400.688,394.457,495.086,-1,-1,-1,-1,595.716,842.676,22.295,26.861,1,0,2,0,1,0,0,0,0,2,2,2,2,0,0,1,1
78,4605.838,4095.773,73.639,-44.550,0.704912,0.673506,0.222460,-0.693918,0.719786,0.019647,-0.146891,-0.168218,0.974744,0,0.54209,-1.00000,14.536,-0.741,18.887,418.712,-1,509.708,23.331,378.369,401.978,393.838,495.197,-1,-1,-1,-1,596.605,861.927,22.603,24.529,1,0,2,0,1,0,0,0,0,2,2,2,2,0,0,1,1
79,4613.089,4083.010,72.669,-45.388,0.695070,0.683726,0.222254,-0.704543,0.709344,0.021190,-0.143167,-0.171317,0.974758,0,0.54361,-1.00000,14.679,-0.838,18.851,416.995,-1,515.981,20.622,377.663,402.691,392.293,498.551,-1,-1,-1,-1,594.498,880.890,22.590,21.661,1,0,2,0,1,0,0,0,0,2,2,2,2,0,0,1,1
80,4620.183,4069.853,71.842,-46.268,0.684606,0.694384,0.221687,-0.715599,0.698127,0.023165,-0.138680,-0.174498,0.974843,0,0.54557,-1.00000,14.947,-0.880,18.701,416.391,-1,524.101,17.643,377.927,404.416,391.380,502.463,-1,-1,-1,-1,594.234,905.203,22.535,18.460,1,0,2,0,1,0,0,0,0,2,2,2,2,0,0,1,1
81,4627.101,4056.281,71.095,-47.166,0.673825,0.705337,0.220136,-0.726808,0.686365,0.025540,-0.133079,-0.177207,0.975135,0,0.54769,-1.00000,15.234,-0.898,18.519,417.446,-1,534.524,13.524,379.704,408.282,391.486,505.520,-1,-1,-1,-1,597.620,935.464,22.472,14.085,1,0,2,0,1,0,0,0,0,2,2,2,2,0,0,1,1
82,4634.282,4042.321,70.207,-48.000,0.663792,0.715795,0.216836,-0.737213,0.675065,0.028351,-0.126085,-0.178673,0.975796,0,0.54986,-1.00000,15.699,-0.834,18.672,420.699,-1,547.391,-1,383.351,414.109,392.593,505.645,-1,-1,-1,-1,605.526,971.062,22.525,-1,1,0,2,0,2,0,0,0,0,2,2,2,2,0,0,1,2
83,4641.320,4027.986,69.318,-48.859,0.653237,0.726367,0.213712,-0.747743,0.663250,0.031308,-0.119003,-0.180253,0.976395,0,0.55167,-1.00000,15.969,-0.859,18.659,423.962,-1,561.979,-1,387.066,420.124,393.720,505.922,-1,-1,-1,-1,613.355,-1,22.520,-1,1,0,2,0,2,0,0,0,0,2,2,2,2,0,2,1,2
84,4647.863,4013.362,68.610,-49.789,0.641536,0.737315,0.211655,-0.758851,0.650344,0.034597,-0.112140,-0.182810,0.976732,0,0.55357,-1.00000,16.021,-0.930,18.656,426.817,-1,577.457,-1,390.618,426.336,394.521,508.716,-1,-1,-1,-1,620.129,-1,22.519,-1,1,0,2,0,2,0,0,0,0,2,2,2,2,0,2,1,2
85,4653.992,3998.457,68.035,-50.783,0.628754,0.748612,0.210355,-0.770474,0.636311,0.038451,-0.105067,-0.186249,0.976869,0,0.55579,-1.00000,16.116,-0.995,18.532,430.023,-1,594.941,-1,394.465,433.305,394.750,514.687,-1,-1,-1,-1,629.721,-1,22.477,-1,1,0,2,0,2,0,0,0,0,2,2,2,2,0,2,1,2
86,4660.063,3983.216,67.427,-51.790,0.615617,0.759936,0.208597,-0.782024,0.621781,0.042733,-0.097228,-0.189435,0.977068,0,0.55832,-1.00000,16.406,-1.006,18.759,434.325,-1,615.211,-1,400.494,443.485,395.224,520.632,-1,-1,-1,-1,641.730,-1,22.556,-1,1,0,2,0,2,0,0,0,0,2,2,2,2,0,2,1,2
87,4666.065,3967.656,66.883,-52.795,0.602267,0.771058,0.206748,-0.793316,0.606971,0.047296,-0.089022,-0.192501,0.977250,0,0.56086,-1.00000,16.677,-1.005,18.678,439.364,-1,637.175,-1,407.639,454.601,395.762,526.652,-1,-1,-1,-1,655.420,-1,22.528,-1,1,0,2,0,2,0,0,0,0,2,2,2,2,0,2,1,2
88,4671.756,3951.860,66.606,-53.813,0.588506,0.781992,0.205302,-0.804469,0.591687,0.052314,-0.080565,-0.195946,0.977300,0,0.56335,-1.00000,16.789,-1.018,18.661,445.772,-1,662.001,-1,415.746,466.996,396.121,534.695,-1,-1,-1,-1,674.308,-1,22.521,-1,1,0,2,0,2,0,0,0,0,2,2,2,2,0,2,1,2
89,4676.613,3935.934,66.854,-54.927,0.573143,0.793417,0.204931,-0.816324,0.574652,0.058226,-0.071567,-0.200662,0.977043,0,0.56590,-1.00000,16.650,-1.114,18.627,454.801,-1,692.531,-1,425.663,482.342,396.237,548.824,-1,-1,-1,-1,697.775,-1,22.509,-1,1,0,2,0,2,0,0,0,0,2,2,2,2,0,2,1,2
90,4681.080,3920.074,67.339,-56.104,0.556594,0.805166,0.204719,-0.828426,0.556455,0.063784,-0.062560,-0.205097,0.976740,0,-0.03453,-1.00000,16.477,-1.177,18.128,464.595,-1,724.838,-1,439.042,499.348,397.552,569.977,-1,-1,-1,-1,722.993,-1,22.355,-1,1,0,2,0,2,0,0,0,0,2,2,2,2,0,2,1,2
91,4685.592,3904.642,67.825,-57.158,0.541510,0.815706,0.203449,-0.838916,0.540034,0.067696,-0.054650,-0.207334,0.976743,0,-0.03473,-1.00000,16.079,-1.054,17.579,474.070,-1,751.431,-1,451.527,514.630,400.343,582.499,-1,-1,-1,-1,750.566,-1,22.232,-1,1,0,2,0,2,0,0,0,0,2,2,2,2,0,2,1,2
92,4690.055,3889.519,68.279,-58.132,0.527365,0.825206,0.202290,-0.848310,0.524712,0.071053,-0.047510,-0.209075,0.976745,0,-0.03490,-1.00000,15.767,-0.974,17.089,485.393,-1,776.060,-1,463.178,528.776,401.297,592.996,-1,-1,-1,-1,775.413,-1,22.180,-1,1,0,2,0,2,0,0,0,0,2,2,2,2,0,2,1,2
93,4694.688,3874.699,68.647,-58.961,0.515193,0.833357,0.200230,-0.856111,0.511444,0.074150,-0.040613,-0.209621,0.976939,0,-0.03505,-1.00000,15.527,-0.829,16.432,497.467,-1,798.041,-1,475.513,542.693,403.540,598.215,-1,-1,-1,-1,802.259,-1,22.233,-1,1,0,2,0,2,0,0,0,0,2,2,2,2,0,2,1,2
94,4699.666,3860.204,68.873,-59.617,0.505482,0.840187,0.196402,-0.862173,0.500760,0.076791,-0.033832,-0.208149,0.977512,0,-0.03516,-1.00000,15.326,-0.656,15.639,510.498,-1,813.736,-1,488.378,556.102,407.800,594.244,-1,-1,-1,-1,831.226,-1,22.602,-1,1,0,2,0,2,0,0,0,0,2,2,2,2,0,2,1,2
95,4705.047,3846.057,68.891,-60.108,0.498177,0.845579,0.191874,-0.866622,0.492727,0.078651,-0.028035,-0.205464,0.978263,0,-0.03522,-1.00000,15.135,-0.490,14.955,522.403,-1,825.498,-1,499.568,567.236,412.943,584.404,-1,-1,-1,-1,857.350,-1,23.441,-1,1,0,2,0,2,0,0,0,0,2,2,2,2,0,2,1,2
96,4710.782,3832.329,68.670,-60.474,0.492672,0.849632,0.188149,-0.869877,0.486859,0.079259,-0.024261,-0.202715,0.978937,0,-0.03524,-1.00000,14.878,-0.367,14.143,531.177,-1,830.904,-1,506.728,573.959,417.463,573.404,-1,-1,-1,-1,875.667,-1,26.106,-1,1,0,2,0,2,0,0,0,0,2,2,2,2,0,2,1,2
97,4716.946,3819.137,68.218,-60.714,0.489038,0.852417,0.185006,-0.871963,0.483303,0.078096,-0.022843,-0.199510,0.979629,0,-0.03522,-1.00000,14.562,-0.240,13.615,535.180,-1,828.546,-1,509.136,575.460,421.448,559.707,-1,-1,-1,-1,883.510,-1,31.748,-1,1,0,2,0,2,0,0,0,0,2,2,2,2,0,2,1,2
98,4723.467,3806.606,67.657,-60.813,0.487512,0.853794,0.182670,-0.872780,0.482342,0.074837,-0.024214,-0.195915,0.980322,0,-0.03516,-1.00000,14.125,-0.099,13.327,533.627,-1,817.472,-1,506.297,571.093,423.998,544.615,-1,-1,-1,-1,879.875,-1,41.799,-1,1,0,2,0,2,0,0,0,0,2,2,2,2,0,2,1,2
99,4730.298,3794.784,67.178,-60.782,0.487946,0.854014,0.180469,-0.872430,0.483749,0.069655,-0.027816,-0.191434,0.981111,0,-0.03507,-1.00000,13.654,0.032,13.451,528.473,-1,799.528,-1,499.753,562.425,428.021,534.632,-1,-1,-1,-1,868.442,-1,42.816,-1,1,0,2,0,2,0,0,0,0,2,2,2,2,0,2,1,2
100,4737.660,3783.689,66.637,-60.573,0.491051,0.853052,0.176555,-0.870502,0.488211,0.062255,-0.033089,-0.184262,0.982320,0,-0.03494,-1.00000,13.315,0.209,13.934,521.655,-1,774.932,-1,490.653,550.077,435.912,519.876,-1,-1,-1,-1,853.811,-1,42.281,-1,1,0,2,0,2,0,0,0,0,2,2,2,2,0,2,1,2
101,4745.315,3773.157,66.031,-60.273,0.495480,0.851433,0.171934,-0.867717,0.494194,0.053297,-0.039590,-0.175598,0.983666,0,-0.03476,-1.00000,13.020,0.300,13.524,513.349,-1,746.742,-1,479.751,535.349,446.137,502.110,-1,-1,-1,-1,836.326,-1,42.404,-1,1,0,2,0,2,0,0,0,0,2,2,2,2,0,2,1,2
102,4752.848,3762.892,65.565,-59.989,0.499631,0.849698,0.168468,-0.864986,0.499836,0.044309,-0.046557,-0.167861,0.984711,0,-0.03456,-1.00000,12.733,0.284,13.313,504.128,-1,720.094,-1,468.555,520.714,455.634,487.934,-1,-1,-1,-1,816.773,-1,44.558,-1,1,0,2,0,2,0,0,0,0,2,2,2,2,0,2,1,2
103,4760.178,3752.773,65.357,-59.745,0.503136,0.848177,0.165682,-0.862580,0.504634,0.036070,-0.053015,-0.161062,0.985519,0,-0.03437,-1.00000,12.495,0.243,13.274,496.089,-1,697.306,-1,458.952,508.146,464.576,477.719,-1,-1,-1,-1,799.446,-1,46.785,-1,1,0,2,0,2,0,0,0,0,2,2,2,2,0,2,1,2
104,4767.388,3742.718,65.313,-59.513,0.506494,0.846911,0.161882,-0.860294,0.508982,0.028854,-0.057958,-0.153880,0.986388,0,-0.03419,-1.00000,12.373,0.233,13.272,491.496,-1,679.143,-1,452.464,498.785,474.884,468.402,-1,-1,-1,-1,789.214,-1,47.930,-1,1,0,2,0,2,0,0,0,0,2,2,2,2,0,2,1,2
105,4774.517,3732.548,65.463,-59.286,0.509797,0.845832,0.157085,-0.858134,0.512901,0.023212,-0.060935,-0.146634,0.987312,0,0.45006,-0.92783,12.420,0.226,13.311,490.956,-1,666.543,-1,449.677,493.333,486.373,462.516,-1,-1,-1,-1,787.130,-1,48.430,-1,1,0,2,0,2,0,0,0,0,2,2,2,2,0,2,1,2
106,4781.723,3721.998,65.710,-59.065,0.513105,0.844965,0.150858,-0.856144,0.516358,0.019806,-0.061161,-0.139319,0.988357,0,0.44775,-0.92783,12.776,0.222,13.423,495.755,-1,660.925,-1,451.512,492.745,498.778,457.311,-1,-1,-1,-1,795.720,-1,37.897,-1,1,0,2,0,2,0,0,0,0,2,2,2,2,0,2,1,2
107,4788.909,3711.139,65.976,-58.884,0.515836,0.844298,0.145169,-0.854581,0.519002,0.018128,-0.060038,-0.133410,0.989241,0,0.44541,-0.92783,13.021,0.181,13.718,502.209,-1,659.784,-1,455.286,494.685,509.191,454.863,-1,-1,-1,-1,807.293,-1,29.983,-1,1,0,2,0,2,0,0,0,0,2,2,2,2,0,2,1,2
108,4796.042,3700.060,66.221,-58.764,0.517668,0.843785,0.141585,-0.853560,0.520693,0.017711,-0.058778,-0.130020,0.989768,0,0.44319,-0.92783,13.177,0.120,14.227,507.423,-1,660.697,-1,458.860,497.262,515.229,456.486,-1,-1,-1,-1,815.052,-1,25.665,-1,1,0,2,0,2,0,0,0,0,2,2,2,2,0,2,1,2
109,4802.972,3688.727,66.395,-58.754,0.517873,0.843891,0.140196,-0.853553,0.520664,0.018890,-0.057054,-0.129447,0.989944,0,0.44117,-0.92783,13.284,0.010,14.355,511.883,-1,663.929,-1,462.597,500.958,515.965,462.150,-1,-1,-1,-1,820.970,-1,25.091,-1,1,0,2,0,2,0,0,0,0,2,2,2,2,0,2,1,2
110,4809.555,3677.690,66.689,-58.754,0.517974,0.844333,0.137129,-0.853722,0.520299,0.021155,-0.053486,-0.128028,0.990327,0,0.43954,-0.92783,12.851,-0.000,14.453,520.645,-1,671.201,-1,469.789,507.936,518.650,466.392,-1,-1,-1,-1,836.268,-1,24.713,-1,1,0,2,0,2,0,0,0,0,2,2,2,2,0,2,1,2
111,4816.122,3667.014,67.417,-58.677,0.519279,0.844443,0.131400,-0.853295,0.520827,0.025037,-0.047294,-0.125124,0.991013,0,0.43799,-0.92783,12.534,0.077,14.984,536.490,-1,685.751,13.352,482.628,520.303,525.478,469.950,-1,-1,-1,-1,864.769,-1,23.389,19.496,1,0,2,0,1,0,0,0,0,2,2,2,2,0,2,1,1
112,4822.571,3656.462,67.893,-58.644,0.519881,0.844266,0.130150,-0.853160,0.520816,0.029467,-0.042906,-0.126358,0.991056,0,0.43620,-0.92783,12.367,0.034,16.069,545.794,-1,697.391,-1,491.468,529.742,523.974,481.195,-1,-1,-1,-1,881.259,-1,22.348,-1,1,0,2,0,2,0,0,0,0,2,2,2,2,0,2,1,2
113,4828.343,3645.821,68.075,-58.807,0.517505,0.845092,0.134198,-0.854747,0.517865,0.034968,-0.039945,-0.132801,0.990337,0,0.43458,-0.92783,12.105,-0.164,16.956,548.399,-1,707.142,-1,496.426,536.850,512.051,500.387,-1,-1,-1,-1,884.313,-1,22.178,-1,1,0,2,0,2,0,0,0,0,2,2,2,2,0,2,1,2
114,4833.584,3635.020,67.907,-59.124,0.512846,0.847066,0.139527,-0.857730,0.512380,0.042024,-0.035893,-0.141228,0.989326,0,0.43372,-0.92783,12.006,-0.317,18.446,551.055,-1,719.899,-1,502.227,545.566,494.877,522.159,-1,-1,-1,-1,887.248,-1,22.450,-1,1,0,2,0,2,0,0,0,0,2,2,2,2,0,2,1,2
115,4837.948,3624.156,67.532,-59.555,0.506486,0.849995,0.144843,-0.861732,0.504802,0.050924,-0.029832,-0.150608,0.988143,0,0.43343,-0.92783,11.708,-0.431,18.762,556.710,-1,738.894,-1,511.078,557.943,475.694,545.193,-1,-1,-1,-1,896.331,-1,22.557,-1,1,0,2,0,2,0,0,0,0,2,2,2,2,0,2,1,2
116,4841.430,3613.174,66.960,-60.125,0.498003,0.854184,0.149543,-0.866918,0.494597,0.061857,-0.021127,-0.160446,0.986818,0,0.43361,-0.92783,11.521,-0.570,18.015,567.008,-1,765.129,-1,524.458,575.532,455.931,570.450,-1,-1,-1,-1,920.894,-1,22.325,-1,1,0,2,0,2,0,0,0,0,2,2,2,2,0,2,1,2
117,4844.683,3601.968,66.103,-60.747,0.488643,0.859130,0.152065,-0.872435,0.482988,0.074705,-0.009264,-0.169170,0.985543,0,0.43435,-0.92783,11.669,-0.622,18.542,584.201,-1,795.651,-1,543.946,597.930,438.159,593.772,-1,-1,-1,-1,961.518,-1,22.480,-1,1,0,2,0,2,0,0,0,0,2,2,2,2,0,2,1,2
118,4847.492,3590.458,65.178,-61.426,0.478284,0.864537,0.154337,-0.878190,0.469778,0.089955,0.005266,-0.178561,0.983915,0,0.56312,-0.99364,11.848,-0.679,18.739,607.389,-1,838.177,-1,569.746,626.514,419.927,619.531,-1,928.497,937.829,-1,-1,-1,22.548,-1,1,0,2,0,2,0,0,0,0,2,0,0,2,2,2,1,2
119,4849.687,3578.675,64.469,-62.210,0.466112,0.870509,0.157969,-0.884450,0.454022,0.107759,0.022084,-0.189944,0.981547,0,0.56458,-0.99364,11.985,-0.784,18.650,636.064,-1,890.207,-1,603.135,664.836,400.020,652.734,902.007,780.812,783.323,-1,-1,-1,22.517,-1,1,0,2,0,2,0,0,0,0,0,0,0,2,2,2,1,2
120,4851.605,3566.672,64.149,-63.082,0.452379,0.876785,0.163098,-0.890987,0.436402,0.125282,0.038670,-0.201993,0.978623,0,0.56654,-0.99364,12.155,-0.871,18.385,667.318,-1,948.243,-1,638.069,700.727,380.841,691.317,796.619,689.380,691.987,-1,-1,-1,22.429,-1,1,0,2,0,2,0,0,0,0,0,0,0,2,2,2,1,2
121,4853.344,3554.690,64.625,-63.987,0.438010,0.883157,0.167870,-0.897538,0.419084,0.137089,0.050719,-0.210716,0.976231,0,0.56890,-0.99364,12.108,-0.905,18.703,692.653,-1,990.292,-1,668.487,732.668,368.026,722.624,740.261,646.165,650.008,-1,-1,-1,22.536,-1,1,0,2,0,2,0,0,0,0,0,0,0,2,2,2,1,2
122,4854.800,3542.795,65.892,-64.909,0.423334,0.889696,0.170969,-0.904104,0.402750,0.142792,0.058184,-0.215022,0.974874,0,0.57142,-0.99364,11.983,-0.922,18.634,714.767,-1,-1,-1,689.752,752.248,362.344,743.225,718.308,635.989,639.854,-1,-1,-1,22.511,-1,1,0,2,2,2,0,0,0,0,0,0,0,2,2,2,1,2
123,4855.991,3531.051,67.672,-65.864,0.408166,0.896517,0.172213,-0.910936,0.387581,0.141338,0.059966,-0.214565,0.974867,0,0.57405,-0.99364,11.805,-0.955,18.539,726.983,-1,-1,-1,696.678,755.468,363.265,745.430,728.289,658.060,661.587,-1,-1,-1,22.479,-1,1,0,2,2,2,0,0,0,0,0,0,0,2,2,2,1,2
124,4856.895,3519.196,69.541,-66.842,0.392624,0.903394,0.172414,-0.917901,0.373190,0.134863,0.057492,-0.211209,0.975749,0,0.57687,-0.99364,11.889,-0.977,18.663,729.885,-1,985.088,-1,693.064,747.277,367.558,735.234,760.027,704.448,708.614,-1,-1,-1,22.521,-1,1,0,2,0,2,0,0,0,0,0,0,0,2,2,2,1,2
125,4857.480,3507.025,71.088,-67.824,0.376919,0.910128,0.172044,-0.924721,0.359098,0.126250,0.053123,-0.206679,0.976966,0,0.57979,-0.99364,12.184,-0.982,13.304,727.511,-1,952.509,-1,683.951,733.433,372.432,719.235,800.865,764.741,766.703,-1,-1,-1,9.155,-1,1,0,2,0,2,0,0,0,0,0,0,0,2,2,2,1,2
126,4857.695,3494.552,72.133,-68.826,0.360787,0.916864,0.170859,-0.931409,0.344770,0.116662,0.048056,-0.201229,0.978365,0,0.58272,-0.99364,12.475,-1.002,13.822,722.471,-1,920.064,-1,671.767,715.349,377.189,698.415,847.471,833.508,835.501,-1,-1,-1,9.545,-1,1,0,2,0,2,0,0,0,0,0,0,0,2,2,2,1,2
127,4857.537,3481.627,72.462,-69.853,0.344106,0.923484,0.169612,-0.937917,0.329687,0.107785,0.043619,-0.196172,0.979599,0,0.58571,-0.99128,12.927,-1.027,-1,714.467,-1,889.757,-1,658.174,696.901,379.823,677.314,891.038,902.495,901.283,-1,-1,-1,14.332,-1,2,0,2,0,2,0,0,0,0,0,0,0,2,2,2,1,2
128,4857.101,3468.227,72.053,-70.904,0.326888,0.929970,0.168228,-0.944207,0.313802,0.100002,0.040208,-0.191531,0.980663,0,0.58879,-0.98470,13.407,-1.051,14.344,706.982,-1,861.833,-1,645.296,679.961,380.584,655.975,929.522,971.200,965.499,-1,-1,-1,9.869,-1,1,0,2,0,2,0,0,0,0,0,0,0,2,2,2,1,2
129,4856.250,3454.424,71.124,-71.993,0.308912,0.936258,0.167315,-0.950352,0.296925,0.093096,0.037482,-0.187767,0.981498,0,0.59192,-0.97800,13.829,-1.089,18.544,699.110,-1,836.672,-1,632.637,664.713,379.139,636.369,962.612,-1,-1,-1,-1,-1,22.481,-1,1,0,2,0,2,0,0,0,0,0,2,2,2,2,2,1,2
130,4855.083,3440.226,69.804,-73.114,0.290293,0.942304,0.166711,-0.956303,0.279321,0.086397,0.034846,-0.184507,0.982213,0,0.59520,-0.97099,14.246,-1.121,18.659,689.792,-1,811.908,-1,619.201,649.015,375.974,617.549,993.709,-1,-1,-1,-1,-1,22.521,-1,1,0,2,0,2,0,0,0,0,0,2,2,2,2,2,1,2
131,4853.651,3425.727,68.341,-74.256,0.271200,0.948162,0.165650,-0.962010,0.261395,0.078798,0.031413,-0.180727,0.983032,0,0.61517,-1.00000,14.570,-1.142,18.654,678.521,-1,784.917,-1,603.869,631.011,372.874,597.090,-1,-1,-1,-1,-1,-1,22.519,-1,1,0,2,0,2,0,0,0,0,2,2,2,2,2,2,1,2
132,4851.930,3410.924,66.958,-75.427,0.251523,0.953806,0.164287,-0.967475,0.243043,0.070158,0.026988,-0.176590,0.983914,0,0.61871,-1.00000,14.902,-1.171,18.653,663.436,-1,756.420,-1,586.903,610.345,370.233,577.367,-1,-1,-1,-1,-1,-1,22.518,-1,1,0,2,0,2,0,0,0,0,2,2,2,2,2,2,1,2
133,4849.897,3395.793,65.764,-76.624,0.231291,0.959273,0.162173,-0.972628,0.224170,0.061172,0.022326,-0.171883,0.984864,0,0.62235,-1.00000,15.267,-1.197,18.408,646.586,-1,729.707,-1,569.496,589.944,370.330,557.592,-1,-1,-1,-1,-1,-1,22.437,-1,1,0,2,0,2,0,0,0,0,2,2,2,2,2,2,1,2
134,4847.467,3380.410,64.932,-77.850,0.210432,0.964589,0.159016,-0.977441,0.204588,0.052460,0.018070,-0.166468,0.985881,0,0.62606,-1.00000,15.574,-1.227,18.490,632.265,-1,704.985,-1,553.878,572.516,372.054,538.068,-1,-1,-1,-1,-1,-1,22.463,-1,1,0,2,0,2,0,0,0,0,2,2,2,2,2,2,1,2
135,4844.682,3364.730,64.486,-79.123,0.188683,0.969657,0.155446,-0.981936,0.184008,0.044066,0.014125,-0.160952,0.986861,0,0.62990,-1.00000,15.925,-1.273,18.500,619.828,-1,682.386,-1,539.743,556.734,374.494,520.246,-1,-1,-1,-1,-1,-1,22.467,-1,1,0,2,0,2,0,0,0,0,2,2,2,2,2,2,1,2
136,4841.634,3348.728,64.396,-80.397,0.166805,0.974276,0.151533,-0.985938,0.163244,0.035735,0.010079,-0.155363,0.987806,0,0.63392,-1.00000,16.290,-1.274,18.489,607.886,-1,660.739,-1,526.432,541.477,377.760,504.235,-1,-1,-1,-1,-1,-1,22.463,-1,1,0,2,0,2,0,0,0,0,2,2,2,2,2,2,1,2
137,4839.048,3332.101,64.388,-81.449,0.148684,0.978124,0.145484,-0.988866,0.146165,0.027920,0.006044,-0.148016,0.988967,0,0.63789,-1.00000,16.827,-1.052,18.558,596.467,-1,638.782,-1,514.408,526.283,385.609,487.244,-1,-1,-1,-1,-1,-1,22.486,-1,1,0,2,0,2,0,0,0,0,2,2,2,2,2,2,1,2
