timestep,x_cm,y_cm,z_cm,yaw_deg,basis_xx,basis_xy,basis_xz,basis_yx,basis_yy,basis_yz,basis_zx,basis_zy,basis_zz,teleport_flag,throttle_cmd,steering_cmd,cmd_move_cm,cmd_turn_deg,lidar_cm_0,lidar_cm_1,lidar_cm_2,lidar_cm_3,lidar_cm_4,lidar_cm_5,lidar_cm_6,lidar_cm_7,lidar_cm_8,lidar_cm_9,lidar_cm_10,lidar_cm_11,lidar_cm_12,lidar_cm_13,lidar_cm_14,lidar_cm_15,lidar_cm_16,lidar_class_0,lidar_class_1,lidar_class_2,lidar_class_3,lidar_class_4,lidar_class_5,lidar_class_6,lidar_class_7,lidar_class_8,lidar_class_9,lidar_class_10,lidar_class_11,lidar_class_12,lidar_class_13,lidar_class_14,lidar_class_15,lidar_class_16
0,-324.647,-2948.224,172.802,46.272,0.690863,-0.722614,-0.023190,0.721867,0.691222,-0.033455,0.040204,0.006373,0.999171,1,0.08000,0.12000,4.800,0.240,-1,400.000,-1,400.000,-1,325.000,325.000,325.000,325.000,-1,-1,-1,-1,900.000,925.000,-1,-1,2,0,2,0,2,0,0,0,0,2,2,2,2,0,0,2,2
1,-318.070,-2941.232,173.207,46.752,0.684792,-0.728381,-0.022824,0.727656,0.685146,-0.033048,0.039709,0.006023,0.999193,0,0.16000,0.24000,9.600,0.480,-1,400.000,-1,400.000,-1,325.000,325.000,325.000,325.000,-1,-1,-1,-1,875.000,925.000,-1,-1,2,0,2,0,2,0,0,0,0,2,2,2,2,0,0,2,2
2,-308.336,-2930.620,173.815,47.472,0.675596,-0.736935,-0.022290,0.736242,0.675941,-0.032429,0.038964,0.005498,0.999225,0,0.24000,0.36000,14.400,0.720,-1,400.000,-1,400.000,-1,325.000,325.000,325.000,325.000,-1,-1,-1,-1,875.000,900.000,-1,-1,2,0,2,0,2,0,0,0,0,2,2,2,2,0,0,2,2
3,-295.597,-2916.255,174.603,48.432,0.663168,-0.748159,-0.021584,0.747503,0.663501,-0.031710,0.038045,0.004895,0.999264,0,0.32000,0.48000,19.200,0.960,-1,400.000,-1,400.000,-1,325.000,325.000,325.000,325.000,-1,-1,-1,-1,875.000,900.000,-1,-1,2,0,2,0,2,0,0,0,0,2,2,2,2,0,0,2,2
4,-280.052,-2897.970,175.434,49.632,0.647378,-0.761891,-0.020599,0.761254,0.647688,-0.031517,0.037354,0.004723,0.999291,0,0.40000,0.60000,24.000,1.200,-1,400.000,-1,400.000,-1,325.000,325.000,325.000,325.000,-1,-1,-1,-1,875.000,900.000,-1,-1,2,0,2,0,2,0,0,0,0,2,2,2,2,0,0,2,2
5,-261.956,-2875.565,176.441,51.072,0.628053,-0.777928,-0.019440,0.777314,0.628338,-0.031221,0.036503,0.004498,0.999323,0,0.48000,0.72000,28.800,1.440,-1,400.000,-1,400.000,-1,325.000,325.000,325.000,325.000,-1,-1,-1,-1,875.000,900.000,-1,-1,2,0,2,0,2,0,0,0,0,2,2,2,2,0,0,2,2
6,-241.606,-2848.829,177.573,52.723,0.605392,-0.795714,-0.018419,0.795128,0.605659,-0.030790,0.035656,0.003995,0.999356,0,0.56000,0.82571,33.600,1.651,-1,400.000,-1,400.000,-1,325.000,325.000,325.000,300.000,-1,-1,-1,-1,875.000,900.000,-1,-1,2,0,2,0,2,0,0,0,0,2,2,2,2,0,0,2,2
7,-219.240,-2817.615,178.856,54.378,0.582178,-0.812874,-0.017461,0.812320,0.582430,-0.030187,0.034707,0.003390,0.999392,0,0.64000,0.82739,38.400,1.655,-1,400.000,-1,400.000,-1,325.000,325.000,325.000,300.000,-1,-1,-1,-1,875.000,900.000,-1,-1,2,0,2,0,2,0,0,0,0,2,2,2,2,0,0,2,2
8,-194.954,-2781.888,180.301,55.793,0.561947,-0.827008,-0.016548,0.826491,0.562183,-0.029380,0.033601,0.002833,0.999431,0,0.72000,0.70739,43.200,1.415,-1,425.000,-1,400.000,-1,325.000,325.000,325.000,300.000,-1,-1,-1,-1,-1,900.000,-1,-1,2,0,2,0,2,0,0,0,0,2,2,2,2,2,0,2,2
9,-168.789,-2741.646,181.904,56.968,0.544889,-0.838361,-0.015696,0.837884,0.545110,-0.028390,0.032357,0.002318,0.999474,0,0.80000,0.58739,48.000,1.175,-1,425.000,-1,400.000,-1,325.000,325.000,325.000,300.000,-1,-1,-1,-1,-1,925.000,-1,-1,2,0,2,0,2,0,0,0,0,2,2,2,2,2,0,2,2
10,-141.705,-2698.467,183.525,57.903,0.531150,-0.847144,-0.015065,0.846718,0.531361,-0.026900,0.030793,0.001532,0.999525,0,0.84951,0.46739,50.971,0.935,-1,425.000,-1,400.000,-1,325.000,325.000,300.000,300.000,-1,-1,-1,-1,-1,925.000,-1,-1,2,0,2,0,2,0,0,0,0,2,2,2,2,2,0,2,2
11,-115.018,-2654.753,185.020,58.597,0.520840,-0.853526,-0.014788,0.853168,0.521050,-0.024734,0.028816,0.000266,0.999585,0,0.85361,0.34739,51.216,0.695,-1,425.000,-1,400.000,-1,325.000,325.000,300.000,300.000,-1,-1,-1,-1,-1,925.000,-1,-1,2,0,2,0,2,0,0,0,0,2,2,2,2,2,0,2,2
12,-88.560,-2610.628,186.511,59.052,0.514051,-0.857635,-0.014628,0.857339,0.514259,-0.022520,0.026837,-0.000965,0.999639,0,0.85749,0.22739,51.449,0.455,-1,425.000,-1,425.000,-1,325.000,325.000,300.000,325.000,-1,-1,-1,-1,-1,925.000,-1,-1,2,0,2,0,2,0,0,0,0,2,2,2,2,2,0,2,2
13,-62.158,-2566.220,187.994,59.267,0.510836,-0.859555,-0.014554,0.859318,0.511039,-0.020267,0.024858,-0.002153,0.999689,0,0.86108,0.10739,51.665,0.215,-1,400.000,-1,425.000,-1,325.000,325.000,300.000,325.000,-1,-1,-1,-1,-1,925.000,-1,-1,2,0,2,0,2,0,0,0,0,2,2,2,2,2,0,2,2
14,-35.756,-2521.587,189.212,59.395,0.508937,-0.860693,-0.013819,0.860493,0.509119,-0.018681,0.023114,-0.002384,0.999730,0,0.86429,0.06395,51.857,0.128,-1,400.000,-1,425.000,-1,325.000,325.000,300.000,325.000,-1,-1,-1,-1,-1,900.000,-1,-1,2,0,2,0,2,0,0,0,0,2,2,2,2,2,0,2,2
15,-9.375,-2476.740,190.247,59.533,0.506888,-0.861921,-0.012532,0.861748,0.507039,-0.017380,0.021335,-0.001990,0.999770,0,0.86718,0.06921,52.031,0.138,-1,400.000,-1,425.000,-1,325.000,325.000,300.000,325.000,-1,-1,-1,-1,-1,900.000,-1,-1,2,0,2,0,2,0,0,0,0,2,2,2,2,2,0,2,2
16,16.970,-2431.689,191.153,59.683,0.504678,-0.863241,-0.010699,0.863094,0.504790,-0.015970,0.019187,-0.001175,0.999815,0,0.86981,0.07470,52.189,0.149,-1,400.000,-1,425.000,-1,325.000,325.000,300.000,325.000,-1,-1,-1,-1,-1,900.000,-1,-1,2,0,2,0,2,0,0,0,0,2,2,2,2,2,1,2,2
17,43.994,-2385.331,191.926,59.760,0.503555,-0.863925,-0.008139,0.863805,0.503621,-0.014390,0.016530,0.000215,0.999863,0,0.89434,0.03879,53.660,0.078,-1,400.000,-1,425.000,-1,325.000,325.000,300.000,325.000,-1,-1,-1,-1,-1,900.000,-1,-1,2,0,2,0,2,0,0,0,0,2,2,2,2,2,1,2,2
18,71.132,-2338.620,192.670,59.844,0.502323,-0.864661,-0.005766,0.864567,0.502354,-0.012800,0.013965,0.001444,0.999901,0,0.90036,0.04198,54.021,0.084,-1,400.000,-1,400.000,-1,325.000,325.000,300.000,325.000,-1,-1,-1,-1,-1,875.000,-1,-1,2,0,2,0,2,0,0,0,0,2,2,2,2,2,1,2,2
19,98.374,-2291.558,193.285,59.935,0.500970,-0.865455,-0.004098,0.865384,0.500982,-0.011279,0.011815,0.002104,0.999928,0,0.90631,0.04540,54.379,0.091,-1,-1,-1,400.000,-1,325.000,325.000,300.000,325.000,-1,-1,-1,-1,-1,875.000,-1,-1,2,2,2,0,2,0,0,0,0,2,2,2,2,2,0,2,2
20,125.944,-2243.722,193.914,60.044,0.499341,-0.866402,-0.002424,0.866352,0.499339,-0.009709,0.009622,0.002749,0.999950,0,0.92020,0.05434,55.212,0.109,-1,-1,-1,400.000,-1,325.000,325.000,300.000,325.000,-1,-1,-1,-1,-1,850.000,-1,-1,2,2,2,0,2,0,0,0,0,2,2,2,2,2,0,2,2
21,153.590,-2195.527,194.550,60.160,0.497584,-0.867415,-0.000759,0.867384,0.497574,-0.008102,0.007406,0.003373,0.999967,0,0.92603,0.05831,55.562,0.117,-1,-1,-1,400.000,-1,750.000,325.000,300.000,300.000,-1,-1,-1,-1,-1,825.000,-1,-1,2,2,2,0,2,1,0,0,0,2,2,2,2,2,0,2,2
22,181.301,-2146.973,195.172,60.285,0.495690,-0.868499,0.000778,0.868484,0.495675,-0.006476,0.005239,0.003886,0.999979,0,0.93174,0.06262,55.904,0.125,-1,-1,-1,400.000,-1,775.000,325.000,300.000,300.000,-1,-1,-1,-1,-1,825.000,-1,-1,2,2,2,0,2,1,0,0,0,2,2,2,2,2,0,2,2
23,209.062,-2098.066,195.592,60.420,0.493646,-0.869662,0.001230,0.869655,0.493635,-0.004982,0.003726,0.003528,0.999987,0,0.93729,0.06729,56.237,0.135,-1,-1,-1,450.000,-1,800.000,500.000,300.000,300.000,-1,-1,-1,-1,-1,825.000,-1,-1,2,2,2,1,2,1,1,0,0,2,2,2,2,2,0,2,2
24,236.857,-2048.808,194.428,60.565,0.491446,-0.870907,-0.001485,0.870903,0.491436,0.004289,-0.003005,-0.003401,0.999990,0,0.94264,0.07238,56.558,0.145,-1,-1,-1,475.000,-1,800.000,525.000,300.000,325.000,-1,-1,-1,-1,-1,775.000,-1,-1,2,2,2,1,2,1,1,0,0,2,2,2,2,2,0,2,2
25,264.650,-1999.196,183.605,60.721,0.490462,-0.871147,-0.023461,0.870478,0.488451,0.060689,-0.041410,-0.050188,0.997881,0,0.94775,0.07794,56.865,0.156,-1,-1,-1,425.000,-1,650.000,425.000,200.000,350.000,-1,-1,-1,-1,-1,650.000,-1,-1,2,2,2,1,2,1,1,0,0,2,2,2,2,2,1,2,2
26,292.412,-1949.232,173.155,60.889,0.491438,-0.869774,-0.044526,0.867486,0.484333,0.113533,-0.077183,-0.094420,0.992536,0,0.95256,0.08405,57.154,0.168,-1,-1,-1,375.000,-1,550.000,375.000,125.000,425.000,-1,-1,-1,-1,-1,550.000,-1,850.000,2,2,2,1,2,1,1,0,0,2,2,2,2,2,1,2,0
27,320.121,-1898.931,163.210,61.070,0.494053,-0.867002,-0.064954,0.862392,0.479196,0.163249,-0.110411,-0.136670,0.984444,0,0.95700,0.09078,57.420,0.182,-1,-1,975.000,325.000,-1,475.000,325.000,50.000,500.000,-1,0.000,-1,-1,-1,475.000,-1,450.000,2,2,1,1,2,1,1,0,0,2,0,2,2,2,1,2,1
28,347.754,-1848.314,153.517,61.267,0.497829,-0.863163,-0.084356,0.855860,0.473218,0.208728,-0.140248,-0.176108,0.974329,0,0.96098,0.09822,57.659,0.196,-1,850.000,850.000,300.000,-1,400.000,275.000,0.000,625.000,-1,0.000,-1,-1,-1,425.000,-1,350.000,2,1,1,1,2,1,1,0,0,2,0,2,2,2,1,2,1
29,375.287,-1797.409,143.524,61.480,0.502328,-0.858976,-0.099135,0.847836,0.466778,0.251580,-0.169827,-0.210426,0.962746,0,0.96438,0.10650,57.863,0.213,-1,650.000,725.000,250.000,325.000,350.000,250.000,50.000,825.000,0.000,0.000,-1,-1,-1,350.000,-1,250.000,2,1,1,1,0,1,1,1,0,0,0,2,2,2,1,2,1
30,7543.222,-983.898,97.973,-4.116,0.996730,0.071760,-0.037149,-0.071075,0.997281,0.019463,0.038444,-0.016759,0.999120,1,0.00000,0.00000,58.024,0.231,-1,400.000,-1,400.000,-1,325.000,325.000,300.000,275.000,-1,-1,-1,-1,750.000,900.000,-1,-1,2,0,2,0,2,0,0,0,0,2,2,2,2,0,0,2,2
31,7548.008,-984.263,98.152,-4.356,0.996424,0.075937,-0.037050,-0.075260,0.996976,0.019351,0.038407,-0.016493,0.999126,0,0.08000,-0.12000,4.800,-0.240,-1,400.000,-1,400.000,-1,325.000,325.000,300.000,275.000,-1,-1,-1,-1,750.000,900.000,-1,-1,2,0,2,0,2,0,0,0,0,2,2,2,2,0,0,2,2
32,7557.574,-985.072,98.511,-4.836,0.995760,0.084288,-0.036850,-0.083627,0.996314,0.019128,0.038326,-0.015965,0.999138,0,0.16000,-0.24000,9.600,-0.480,-1,400.000,-1,400.000,-1,325.000,325.000,300.000,275.000,-1,-1,-1,-1,750.000,900.000,-1,-1,2,0,2,0,2,0,0,0,0,2,2,2,2,0,0,2,2
33,7571.906,-986.466,99.052,-5.556,0.994633,0.096802,-0.036544,-0.096165,0.995188,0.018798,0.038188,-0.015183,0.999155,0,0.24000,-0.36000,14.400,-0.720,-1,400.000,-1,400.000,-1,325.000,325.000,300.000,275.000,-1,-1,-1,-1,750.000,900.000,-1,-1,2,0,2,0,2,0,0,0,0,2,2,2,2,0,0,2,2
34,7590.982,-988.645,99.775,-6.516,0.992885,0.113464,-0.036126,-0.112859,0.993441,0.018365,0.037973,-0.014157,0.999178,0,0.32000,-0.48000,19.200,-0.960,-1,400.000,-1,400.000,-1,325.000,325.000,300.000,275.000,-1,-1,-1,-1,750.000,900.000,-1,-1,2,0,2,0,2,0,0,0,0,2,2,2,2,0,0,2,2
35,7614.772,-991.819,100.685,-7.598,0.990582,0.132212,-0.035584,-0.131646,0.991136,0.017834,0.037627,-0.012982,0.999208,0,0.40000,-0.54121,24.000,-1.082,-1,400.000,-1,400.000,-1,325.000,325.000,300.000,275.000,-1,-1,-1,-1,750.000,900.000,-1,-1,2,0,2,0,2,0,0,0,0,2,2,2,2,0,0,2,2
36,7643.241,-996.168,101.781,-8.687,0.987915,0.151018,-0.034906,-0.150493,0.988461,0.017213,0.037102,-0.011751,0.999242,0,0.48000,-0.54422,28.800,-1.088,-1,400.000,-1,425.000,1000.000,325.000,325.000,300.000,275.000,-1,-1,-1,-1,750.000,900.000,-1,-1,2,0,2,0,1,0,0,0,0,2,2,2,2,0,0,2,2
37,7676.353,-1001.878,103.063,-9.783,0.984870,0.169907,-0.034082,-0.169429,0.985404,0.016500,0.036388,-0.010476,0.999283,0,0.56000,-0.54822,33.600,-1.096,-1,400.000,-1,425.000,950.000,325.000,325.000,300.000,275.000,-1,-1,-1,-1,750.000,900.000,-1,-1,2,0,2,0,1,0,0,0,0,2,2,2,2,0,0,2,2
38,7714.061,-1009.132,104.525,-10.889,0.981437,0.188907,-0.033103,-0.188476,0.981952,0.015697,0.035471,-0.009166,0.999329,0,0.64000,-0.55323,38.400,-1.106,-1,400.000,-1,425.000,925.000,325.000,325.000,300.000,275.000,-1,-1,-1,-1,750.000,925.000,-1,-1,2,0,2,0,1,0,0,0,0,2,2,2,2,0,0,2,2
39,7756.316,-1018.120,106.162,-12.008,0.977598,0.208042,-0.031958,-0.207662,0.978089,0.014799,0.034337,-0.007831,0.999380,0,0.72000,-0.55927,43.200,-1.119,-1,400.000,-1,425.000,875.000,325.000,325.000,300.000,300.000,-1,-1,-1,-1,750.000,925.000,-1,-1,2,0,2,0,1,0,0,0,0,2,2,2,2,0,1,2,2
40,7803.059,-1029.032,107.941,-13.141,0.973332,0.227339,-0.030689,-0.227008,0.973794,0.013918,0.033049,-0.006580,0.999432,0,0.80000,-0.56637,48.000,-1.133,-1,400.000,-1,425.000,825.000,325.000,325.000,300.000,300.000,-1,-1,-1,-1,775.000,900.000,-1,-1,2,0,2,0,1,0,0,0,0,2,2,2,2,0,1,2,2
41,7854.225,-1042.065,109.756,-14.290,0.968612,0.246824,-0.029491,-0.246522,0.969043,0.013510,0.031913,-0.005815,0.999474,0,0.88000,-0.57458,52.800,-1.149,-1,400.000,-1,425.000,775.000,325.000,325.000,300.000,300.000,-1,-1,-1,-1,775.000,850.000,-1,950.000,2,0,2,0,1,0,0,0,0,2,2,2,2,0,1,2,1
42,7909.741,-1057.417,111.699,-15.458,0.963419,0.266526,-0.028085,-0.266254,0.963814,0.013077,0.030554,-0.005121,0.999520,0,0.96000,-0.58398,57.600,-1.168,-1,400.000,-1,425.000,725.000,325.000,325.000,300.000,300.000,-1,-1,-1,-1,775.000,800.000,-1,875.000,2,0,2,0,1,0,0,0,0,2,2,2,2,0,1,2,1
43,7967.226,-1074.605,113.458,-16.647,0.957702,0.286476,-0.027181,-0.286248,0.958080,0.012018,0.029485,-0.003729,0.999558,0,1.00000,-0.59468,60.000,-1.189,-1,400.000,-1,425.000,675.000,325.000,325.000,275.000,300.000,-1,-1,-1,-1,775.000,775.000,-1,800.000,2,0,2,0,1,0,0,0,0,2,2,2,2,0,1,2,1
44,8024.335,-1093.006,115.000,-17.859,0.951454,0.306683,-0.026088,-0.306514,0.951810,0.010347,0.028005,-0.001849,0.999606,0,1.00000,-0.60615,60.000,-1.212,-1,400.000,-1,425.000,625.000,325.000,325.000,275.000,300.000,-1,-1,-1,-1,775.000,725.000,-1,750.000,2,0,2,0,1,0,0,0,0,2,2,2,2,0,1,2,1
45,8081.033,-1112.634,116.460,-19.095,0.944649,0.327137,-0.024912,-0.327023,0.944977,0.008634,0.026366,-0.000009,0.999652,0,1.00000,-0.61780,60.000,-1.236,-1,400.000,-1,425.000,575.000,325.000,325.000,275.000,300.000,-1,-1,-1,-1,775.000,675.000,-1,675.000,2,0,2,0,1,0,0,0,0,2,2,2,2,0,1,2,1
46,8137.287,-1133.504,117.857,-20.354,0.937258,0.347826,-0.023770,-0.347764,0.937557,0.006801,0.024651,0.001892,0.999694,0,1.00000,-0.62966,60.000,-1.259,-1,400.000,-1,425.000,525.000,325.000,325.000,275.000,300.000,-1,-1,-1,-1,775.000,650.000,-1,600.000,2,0,2,0,1,0,0,0,0,2,2,2,2,0,1,2,1
47,8191.666,-1154.786,119.167,-21.374,0.930946,0.364447,-0.022772,-0.364435,0.931216,0.004852,0.022973,0.003782,0.999729,0,0.97325,-0.50966,58.395,-1.019,-1,400.000,-1,425.000,475.000,325.000,350.000,275.000,275.000,-1,-1,-1,-1,800.000,600.000,-1,550.000,2,0,2,0,1,0,0,0,0,2,2,2,2,0,1,2,1
48,8246.283,-1177.022,120.378,-22.153,0.925930,0.377076,-0.021612,-0.377105,0.926166,0.002871,0.021098,0.005491,0.999762,0,0.98284,-0.38966,58.970,-0.779,-1,400.000,-1,425.000,425.000,325.000,350.000,275.000,275.000,-1,-1,-1,-1,800.000,575.000,-1,475.000,2,0,2,0,1,0,0,0,0,2,2,2,2,0,1,2,1
49,8301.151,-1199.965,121.484,-22.692,0.922370,0.385774,-0.020301,-0.385837,0.922566,0.000842,0.019054,0.007056,0.999794,0,0.99121,-0.26966,59.472,-0.539,-1,400.000,-1,425.000,375.000,325.000,350.000,275.000,275.000,-1,-1,-1,-1,800.000,550.000,-1,425.000,2,0,2,1,1,0,0,0,0,2,2,2,2,0,1,2,1
50,8356.275,-1223.354,122.482,-22.992,0.920374,0.390584,-0.018854,-0.390674,0.920528,-0.001247,0.016868,0.008513,0.999821,0,0.99800,-0.14966,59.880,-0.299,-1,400.000,-1,400.000,325.000,325.000,350.000,275.000,275.000,-1,-1,-1,-1,800.000,525.000,-1,375.000,2,0,2,1,1,0,0,0,0,2,2,2,2,0,1,2,1
51,8411.484,-1246.847,123.371,-23.051,0.920002,0.391532,-0.017289,-0.391642,0.920111,-0.003397,0.014578,0.009897,0.999845,0,1.00000,-0.02966,60.000,-0.059,-1,400.000,-1,375.000,275.000,325.000,350.000,275.000,275.000,-1,-1,-1,-1,800.000,500.000,-1,325.000,2,0,2,1,1,0,0,0,1,2,2,2,2,0,1,2,1
52,8466.767,-1270.166,124.147,-22.870,0.921265,0.388623,-0.015612,-0.388744,0.921329,-0.005592,0.012210,0.011220,0.999862,0,1.00000,0.09034,60.000,0.181,-1,400.000,-1,350.000,225.000,325.000,350.000,275.000,275.000,-1,-1,-1,-1,800.000,475.000,-1,275.000,2,0,2,1,1,0,0,0,1,2,2,2,2,0,1,2,1
53,8522.220,-1293.078,125.225,-22.450,0.924113,0.381849,-0.014368,-0.381960,0.924160,-0.005926,0.011016,0.010965,0.999879,0,1.00000,0.21034,60.000,0.421,-1,400.000,-1,350.000,200.000,325.000,350.000,275.000,250.000,-1,-1,-1,-1,800.000,450.000,-1,250.000,2,0,2,1,1,0,0,0,1,2,2,2,2,0,1,2,1
54,8577.933,-1315.350,128.251,-21.789,0.928421,0.371188,-0.015928,-0.371188,0.928553,0.003011,0.015908,0.003117,0.999869,0,1.00000,0.33034,60.000,0.661,-1,425.000,-1,350.000,175.000,350.000,375.000,275.000,250.000,-1,-1,-1,-1,825.000,475.000,-1,250.000,2,0,2,1,1,0,0,0,1,2,2,2,2,0,1,2,1
55,8633.471,-1336.793,131.398,-21.111,0.932694,0.360174,-0.018878,-0.359975,0.932869,0.013157,0.022349,-0.005476,0.999735,0,0.99222,0.33890,59.533,0.678,-1,425.000,-1,350.000,175.000,375.000,375.000,275.000,250.000,-1,-1,-1,-1,850.000,475.000,-1,250.000,2,0,2,1,1,0,1,0,1,2,2,2,2,0,1,2,1
56,8688.581,-1357.405,134.050,-20.506,0.936395,0.350282,-0.021618,-0.349856,0.936563,0.021201,0.027673,-0.012289,0.999541,0,0.98063,0.30249,58.838,0.605,-1,450.000,-1,350.000,175.000,375.000,375.000,275.000,225.000,-1,-1,-1,-1,875.000,500.000,-1,250.000,2,0,2,1,1,0,1,0,1,2,2,2,2,0,1,2,1
57,8743.062,-1377.208,136.422,-19.976,0.939544,0.341573,-0.024190,-0.340900,0.939681,0.028046,0.032310,-0.018104,0.999314,0,0.96613,0.26504,57.968,0.530,-1,475.000,-1,350.000,175.000,400.000,375.000,275.000,225.000,-1,-1,-1,-1,900.000,500.000,-1,275.000,2,0,2,1,1,0,1,0,1,2,2,2,2,0,1,2,1
58,8796.723,-1396.233,138.553,-19.522,0.942166,0.334080,-0.026724,-0.333137,0.942253,0.034327,0.036649,-0.023439,0.999053,0,0.94889,0.22697,56.934,0.454,-1,475.000,-1,350.000,175.000,425.000,375.000,250.000,200.000,-1,-1,-1,-1,925.000,525.000,-1,275.000,2,0,2,1,1,0,1,0,1,2,2,2,2,0,1,2,1
59,8849.392,-1414.516,140.462,-19.145,0.944288,0.327823,-0.029186,-0.326592,0.944313,0.040125,0.040715,-0.028358,0.998768,0,0.92920,0.18874,55.752,0.377,-1,500.000,-1,375.000,175.000,425.000,375.000,250.000,175.000,-1,425.000,700.000,-1,950.000,550.000,-1,275.000,2,0,2,1,1,0,1,0,1,2,0,0,2,0,1,2,1
60,8900.925,-1432.094,142.164,-18.835,0.945985,0.322673,-0.031548,-0.321140,0.945938,0.045490,0.044521,-0.032902,0.998466,0,0.90746,0.15473,54.447,0.309,-1,500.000,-1,375.000,175.000,450.000,375.000,250.000,175.000,-1,275.000,450.000,-1,975.000,600.000,-1,300.000,2,0,2,1,1,0,1,0,1,2,0,0,2,0,1,2,1
61,8951.219,-1448.960,143.647,-18.540,0.947574,0.317744,-0.033812,-0.315909,0.947455,0.050311,0.048021,-0.036992,0.998161,0,0.88410,0.14778,53.046,0.296,-1,500.000,-1,375.000,200.000,450.000,400.000,250.000,150.000,-1,225.000,375.000,-1,1000.000,700.000,-1,300.000,2,0,2,1,1,0,1,0,1,2,0,0,2,0,1,2,1
62,9000.184,-1465.109,144.923,-18.255,0.949077,0.312985,-0.035972,-0.310853,0.948888,0.054610,0.051226,-0.040647,0.997860,0,0.85932,0.14242,51.559,0.285,-1,500.000,-1,375.000,200.000,450.000,400.000,250.000,150.000,950.000,175.000,350.000,-1,-1,-1,-1,325.000,2,0,2,1,1,0,1,0,1,0,0,0,2,2,2,2,1
63,9047.761,-1480.547,146.008,-17.978,0.950513,0.308348,-0.038029,-0.305929,0.950260,0.058415,0.054149,-0.043890,0.997568,0,0.83364,0.13860,50.019,0.277,-1,525.000,-1,400.000,200.000,450.000,400.000,250.000,150.000,825.000,150.000,325.000,-1,-1,-1,-1,350.000,2,0,2,1,1,0,1,0,1,0,0,0,2,2,2,2,1
64,9093.925,-1495.283,146.912,-17.705,0.951901,0.303786,-0.039990,-0.301093,0.951592,0.061767,0.056818,-0.046755,0.997289,0,0.80765,0.13624,48.459,0.272,-1,525.000,-1,400.000,200.000,450.000,400.000,250.000,150.000,750.000,125.000,300.000,-1,-1,-1,-1,-1,2,0,2,1,1,1,1,0,1,0,0,0,2,2,2,2,2
65,9138.681,-1509.336,148.590,-17.435,0.953396,0.299211,-0.038841,-0.296295,0.952764,0.066703,0.056965,-0.052086,0.997017,0,0.78184,0.13525,46.911,0.271,-1,525.000,-1,425.000,200.000,450.000,400.000,250.000,150.000,700.000,150.000,325.000,-1,-1,-1,-1,-1,2,0,2,1,1,1,1,0,1,0,0,0,2,2,2,2,2
66,9182.062,-1522.728,151.352,-17.164,0.955039,0.294557,-0.033719,-0.291539,0.953705,0.073841,0.053909,-0.060691,0.996700,0,0.75669,0.13553,45.401,0.271,-1,525.000,-1,450.000,225.000,450.000,425.000,225.000,150.000,675.000,225.000,425.000,-1,1000.000,-1,-1,-1,2,0,2,1,1,1,1,0,1,0,0,0,2,0,2,2,2
67,9224.120,-1535.492,154.172,-16.890,0.956675,0.289825,-0.027832,-0.286820,0.954544,0.081122,0.050078,-0.069625,0.996315,0,0.73255,0.13694,43.953,0.274,-1,500.000,-1,475.000,-1,450.000,425.000,225.000,150.000,650.000,325.000,575.000,-1,975.000,-1,-1,-1,2,0,2,1,2,1,1,0,1,0,0,0,2,0,2,2,2
68,9270.865,-1549.338,156.936,-16.509,0.958780,0.283293,-0.022049,-0.280398,0.955835,0.088068,0.046025,-0.078256,0.995870,0,0.81255,0.19040,48.753,0.381,-1,500.000,-1,525.000,-1,450.000,425.000,225.000,150.000,625.000,425.000,750.000,-1,950.000,-1,-1,-1,2,0,2,1,2,1,1,0,1,0,0,0,2,0,2,2,2
69,9318.609,-1563.159,158.487,-16.151,0.960685,0.277226,-0.015183,-0.274813,0.957261,0.090164,0.039530,-0.082447,0.995811,0,0.82841,0.17886,49.705,0.358,-1,500.000,-1,575.000,-1,425.000,425.000,225.000,150.000,650.000,650.000,-1,-1,900.000,-1,-1,-1,2,0,2,1,2,1,1,0,1,0,0,2,2,0,2,2,2
70,9365.219,-1576.359,159.663,-15.817,0.962381,0.271568,-0.008603,-0.269693,0.958622,0.091154,0.033002,-0.085404,0.995800,0,0.80740,0.16714,48.444,0.334,-1,475.000,-1,625.000,-1,425.000,425.000,225.000,150.000,675.000,-1,-1,-1,850.000,-1,-1,-1,2,0,2,1,2,1,1,0,1,0,2,2,2,0,2,2,2
71,9410.693,-1588.972,160.498,-15.505,0.963885,0.266311,-0.002275,-0.265003,0.959930,0.091151,0.026458,-0.087256,0.995834,0,0.78653,0.15572,47.192,0.311,925.000,450.000,-1,650.000,-1,425.000,425.000,225.000,150.000,725.000,-1,-1,-1,825.000,-1,-1,-1,0,0,2,0,2,1,1,0,1,0,2,2,2,0,2,2,2
72,9460.876,-1602.567,161.076,-15.162,0.965454,0.260532,0.004651,-0.259880,0.961432,0.090055,0.018991,-0.088153,0.995926,0,0.86653,0.17172,51.992,0.343,800.000,450.000,-1,625.000,-1,400.000,450.000,225.000,150.000,775.000,-1,-1,375.000,775.000,-1,-1,-1,0,0,2,0,2,1,1,0,1,0,2,2,1,0,2,2,2
73,9510.271,-1615.652,161.303,-14.838,0.966849,0.255095,0.011415,-0.255094,0.962911,0.087917,0.011435,-0.087914,0.996062,0,0.85166,0.16203,51.099,0.324,700.000,425.000,-1,600.000,-1,400.000,425.000,225.000,150.000,850.000,-1,-1,375.000,750.000,-1,-1,-1,0,0,2,0,2,0,0,0,1,0,2,2,1,0,2,2,2
74,9558.430,-1628.112,161.215,-14.506,0.968196,0.249544,0.018021,-0.250165,0.964478,0.084850,0.003793,-0.086660,0.996231,0,0.82909,0.16586,49.746,0.332,625.000,425.000,-1,575.000,-1,375.000,425.000,225.000,150.000,975.000,-1,-1,375.000,700.000,-1,1000.000,-1,0,0,2,0,2,0,0,0,1,0,2,2,1,0,2,1,2
75,9605.386,-1639.963,160.844,-14.165,0.969508,0.243835,0.024483,-0.245030,0.966129,0.080960,-0.003913,-0.084490,0.996417,0,0.80714,0.17079,48.429,0.342,550.000,400.000,-1,550.000,-1,375.000,400.000,225.000,150.000,-1,-1,-1,350.000,675.000,-1,925.000,-1,0,0,2,0,2,0,0,0,1,2,2,2,1,0,2,1,2
76,9651.184,-1651.224,160.219,-13.811,0.970793,0.237930,0.030815,-0.239634,0.967857,0.076342,-0.011661,-0.081497,0.996605,0,0.78603,0.17672,47.162,0.353,500.000,400.000,-1,525.000,-1,350.000,400.000,225.000,150.000,-1,-1,-1,350.000,650.000,1000.000,775.000,-1,0,0,2,0,2,0,0,0,1,2,2,2,1,0,0,0,2
77,9695.884,-1661.912,159.367,-13.444,0.972060,0.231794,0.037030,-0.233927,0.969652,0.071083,-0.019430,-0.077759,0.996783,0,0.76600,0.18354,45.960,0.367,450.000,375.000,-1,500.000,-1,350.000,375.000,225.000,150.000,-1,-1,-1,350.000,600.000,925.000,650.000,-1,0,0,2,0,2,0,0,0,1,2,2,2,1,0,0,0,2
78,9739.559,-1672.047,158.313,-13.062,0.973312,0.225393,0.043142,-0.227867,0.971503,0.065259,-0.027204,-0.073348,0.996935,0,0.74727,0.19117,44.836,0.382,400.000,350.000,-1,475.000,-1,325.000,350.000,225.000,175.000,-1,-1,-1,325.000,575.000,875.000,575.000,-1,0,0,2,0,2,0,0,0,1,2,2,2,1,0,0,0,2
79,9782.294,-1681.653,157.158,-12.663,0.974543,0.218705,0.049345,-0.221418,0.973419,0.058562,-0.035225,-0.067997,0.997063,0,0.73001,0.19952,43.801,0.399,375.000,350.000,-1,450.000,-1,300.000,350.000,225.000,175.000,-1,-1,-1,300.000,550.000,800.000,500.000,-1,0,0,2,0,2,0,0,0,1,2,2,2,1,0,0,0,2
80,9824.181,-1690.749,155.941,-12.246,0.975746,0.211701,0.055701,-0.214532,0.975387,0.050960,-0.043542,-0.061674,0.997146,0,0.71437,0.20851,42.862,0.417,325.000,325.000,-1,425.000,-1,300.000,325.000,225.000,175.000,-1,-1,-1,300.000,525.000,725.000,425.000,-1,0,0,2,0,2,0,0,0,1,2,2,2,1,0,0,0,2
81,9865.317,-1699.354,154.585,-11.810,0.976932,0.204352,0.062002,-0.207168,0.977363,0.042940,-0.051823,-0.054795,0.997152,0,0.70044,0.21808,42.026,0.436,300.000,325.000,-1,400.000,-1,275.000,300.000,225.000,200.000,-1,-1,-1,275.000,500.000,675.000,375.000,-1,0,0,2,0,2,0,0,0,1,2,2,2,1,0,0,0,2
82,9905.803,-1707.489,153.016,-11.353,0.978341,0.196640,0.064662,-0.199151,0.979346,0.034944,-0.056455,-0.047065,0.997295,0,0.68824,0.22815,41.295,0.456,300.000,300.000,-1,375.000,-1,275.000,300.000,225.000,200.000,-1,-1,-1,250.000,475.000,625.000,350.000,-1,0,0,2,0,2,0,0,0,1,2,2,2,1,0,0,0,2
83,9945.738,-1715.163,153.133,-10.876,0.980136,0.188487,0.061697,-0.190826,0.981019,0.034461,-0.054030,-0.045550,0.997500,0,0.67778,0.23869,40.667,0.477,300.000,300.000,-1,375.000,-1,275.000,300.000,225.000,225.000,-1,-1,-1,250.000,475.000,625.000,375.000,-1,0,0,2,0,2,0,0,0,1,2,2,2,1,0,0,0,2
84,9983.393,-1722.238,153.011,-10.639,0.981110,0.184440,0.058358,-0.186546,0.981895,0.032921,-0.051229,-0.043185,0.997753,0,0.63856,0.11869,38.314,0.237,325.000,300.000,-1,375.000,-1,275.000,300.000,225.000,250.000,-1,-1,-1,250.000,500.000,625.000,375.000,-1,0,0,2,0,2,0,0,0,1,2,2,2,1,0,0,0,2
85,10020.704,-1729.251,152.692,-10.641,0.981309,0.184509,0.054680,-0.186338,0.982014,0.030441,-0.048080,-0.040061,0.998040,0,0.63275,-0.00131,37.965,-0.003,325.000,325.000,-1,375.000,-1,275.000,300.000,225.000,275.000,-1,-1,-1,250.000,500.000,650.000,400.000,-1,0,0,2,0,2,0,0,0,1,2,2,2,1,1,0,0,2
86,10057.781,-1736.382,152.214,-10.884,0.980723,0.188692,0.050779,-0.190224,0.981364,0.027207,-0.044698,-0.036342,0.998339,0,0.62929,-0.12131,37.757,-0.243,375.000,325.000,-1,375.000,-1,275.000,300.000,225.000,300.000,-1,-1,-1,250.000,525.000,650.000,450.000,-1,0,0,2,0,2,0,0,0,1,2,2,2,1,0,0,0,2
87,10094.715,-1743.810,151.606,-11.366,0.979293,0.196980,0.046730,-0.198214,0.979880,0.023390,-0.041182,-0.032168,0.998634,0,0.62789,-0.24131,37.673,-0.483,400.000,325.000,-1,375.000,-1,275.000,300.000,225.000,300.000,-1,-1,-1,275.000,525.000,650.000,450.000,-1,0,0,2,0,2,0,0,0,1,2,2,2,1,0,0,1,2
88,10131.577,-1751.707,150.892,-12.089,0.976913,0.209350,0.042579,-0.210300,0.977449,0.019147,-0.037611,-0.027659,0.998910,0,0.62831,-0.36131,37.699,-0.723,425.000,325.000,-1,375.000,-1,275.000,300.000,225.000,325.000,-1,-1,-1,275.000,550.000,675.000,450.000,-1,1,0,2,0,2,0,0,0,1,2,2,2,1,0,0,1,2
89,10168.419,-1760.250,150.088,-13.052,0.973426,0.225769,0.038350,-0.226458,0.973911,0.014621,-0.034048,-0.022918,0.999157,0,0.63034,-0.48131,37.820,-0.963,400.000,325.000,-1,375.000,-1,275.000,300.000,250.000,350.000,-1,-1,-1,300.000,575.000,675.000,475.000,-1,1,0,2,0,2,0,0,0,1,2,2,2,1,0,0,1,2
90,10205.274,-1769.615,149.206,-14.254,0.968625,0.246185,0.034049,-0.246644,0.969055,0.009945,-0.030547,-0.018031,0.999371,0,0.63376,-0.60131,38.026,-1.203,400.000,325.000,-1,375.000,-1,275.000,300.000,250.000,350.000,-1,-1,-1,300.000,575.000,675.000,500.000,-1,1,0,2,0,2,0,0,0,1,2,2,2,1,0,0,1,2
91,10242.149,-1779.979,148.254,-15.697,0.962256,0.270524,0.029672,-0.270789,0.962624,0.005239,-0.027146,-0.013076,0.999546,0,0.63841,-0.72131,38.305,-1.443,400.000,350.000,-1,375.000,-1,275.000,300.000,250.000,375.000,-1,-1,-1,300.000,600.000,675.000,625.000,-1,1,0,2,0,2,0,0,0,1,2,2,2,1,0,0,1,2
92,10279.034,-1791.525,147.235,-17.379,0.954018,0.298689,0.025211,-0.298799,0.954316,0.000616,-0.023875,-0.008121,0.999682,0,0.64415,-0.84131,38.649,-1.683,425.000,350.000,-1,375.000,-1,300.000,300.000,250.000,375.000,-1,-1,-1,325.000,625.000,700.000,900.000,-1,1,0,2,0,2,0,0,0,1,2,2,2,1,0,0,1,2
93,10315.888,-1804.433,146.318,-19.302,0.943580,0.330548,0.019891,-0.330529,0.943786,-0.004298,-0.020194,-0.002519,0.999793,0,0.65084,-0.96131,39.050,-1.923,475.000,350.000,-1,375.000,-1,300.000,300.000,250.000,375.000,-1,-1,-1,325.000,650.000,700.000,875.000,-1,1,0,2,0,2,0,0,0,1,2,2,2,1,0,0,1,2
94,10352.691,-1818.784,145.455,-21.302,0.931575,0.363283,0.013917,-0.363187,0.931673,-0.008990,-0.016232,0.003321,0.999863,0,0.65836,-1.00000,39.502,-2.000,575.000,350.000,-1,375.000,-1,300.000,300.000,250.000,375.000,-1,-1,-1,350.000,675.000,700.000,850.000,-1,1,0,2,0,2,0,0,0,0,2,2,2,1,0,0,1,2
95,10387.021,-1833.400,144.608,-23.062,0.920052,0.391714,0.008075,-0.391601,0.920048,-0.012701,-0.012405,0.008523,0.999887,0,0.62187,-0.88000,37.312,-1.760,775.000,375.000,1000.000,375.000,-1,300.000,300.000,275.000,375.000,-1,-1,-1,350.000,700.000,700.000,825.000,-1,1,0,1,0,2,0,0,0,0,2,2,2,1,0,0,1,2
96,10421.324,-1849.091,143.670,-24.582,0.909381,0.415959,0.002170,-0.415878,0.909285,-0.015681,-0.008496,0.013358,0.999875,0,0.62869,-0.76000,37.722,-1.520,775.000,375.000,1000.000,375.000,-1,300.000,300.000,275.000,350.000,-1,-1,-1,350.000,725.000,725.000,800.000,-1,1,0,1,0,2,0,0,0,0,2,2,2,1,0,0,1,2
97,10455.582,-1865.728,142.450,-25.904,0.899552,0.436803,-0.003094,-0.436785,0.899390,-0.017784,-0.004986,0.017349,0.999837,0,0.63475,-0.66108,38.085,-1.322,750.000,375.000,1000.000,375.000,-1,325.000,325.000,275.000,350.000,-1,-1,-1,350.000,725.000,725.000,750.000,-1,1,0,1,0,2,0,0,0,0,2,2,2,1,1,0,1,2
98,10489.748,-1883.289,141.134,-27.204,0.889398,0.457049,-0.008791,-0.457132,0.889180,-0.019735,-0.001203,0.021572,0.999767,0,0.64024,-0.64972,38.414,-1.299,725.000,400.000,975.000,375.000,-1,325.000,325.000,275.000,325.000,-1,-1,-1,375.000,700.000,725.000,725.000,-1,1,0,1,0,2,0,0,0,0,2,2,2,1,1,0,1,2
99,10523.806,-1901.763,139.707,-28.480,0.878942,0.476693,-0.014986,-0.476920,0.878683,-0.021547,0.002897,0.026086,0.999656,0,0.64576,-0.63828,38.746,-1.277,700.000,400.000,975.000,375.000,-1,325.000,325.000,275.000,325.000,-1,-1,-1,375.000,675.000,725.000,700.000,-1,1,0,1,0,2,0,0,0,0,2,2,2,1,1,0,1,2
100,10557.740,-1921.143,138.155,-29.734,0.868203,0.495733,-0.021744,-0.496155,0.867923,-0.023228,0.007357,0.030955,0.999494,0,0.65130,-0.62676,39.078,-1.254,650.000,400.000,975.000,400.000,-1,325.000,325.000,275.000,300.000,-1,925.000,-1,375.000,675.000,750.000,675.000,-1,1,0,1,0,2,0,0,1,0,2,0,2,1,1,0,1,2
101,10591.535,-1941.420,137.912,-30.964,0.857328,0.514255,-0.023049,-0.514704,0.857080,-0.022212,0.008332,0.030907,0.999488,0,0.65686,-0.61516,39.412,-1.230,625.000,425.000,975.000,400.000,-1,325.000,325.000,275.000,300.000,-1,750.000,975.000,400.000,650.000,750.000,650.000,-1,1,0,1,0,2,0,0,1,0,2,0,0,1,1,0,1,2
102,10625.179,-1962.584,138.133,-32.171,0.846312,0.532224,-0.022217,-0.532628,0.846105,-0.020359,0.007962,0.029064,0.999546,0,0.66244,-0.60348,39.747,-1.207,575.000,425.000,950.000,400.000,-1,325.000,325.000,275.000,300.000,-1,700.000,975.000,425.000,600.000,750.000,600.000,-1,1,0,1,0,2,0,0,1,0,2,0,0,1,1,0,1,2
103,10658.659,-1984.623,138.337,-33.354,0.835146,0.549614,-0.021336,-0.549975,0.834976,-0.018510,0.007642,0.027193,0.999601,0,0.66806,-0.59171,40.083,-1.183,550.000,425.000,950.000,400.000,-1,325.000,325.000,275.000,300.000,-1,675.000,950.000,450.000,575.000,750.000,575.000,-1,1,0,1,0,2,0,0,1,0,2,0,0,1,1,0,1,2
104,10695.525,-2010.225,138.542,-34.778,0.821243,0.570217,-0.020299,-0.570532,0.821110,-0.016491,0.007264,0.025124,0.999658,0,0.74806,-0.71171,44.883,-1.423,500.000,425.000,950.000,400.000,-1,325.000,325.000,275.000,300.000,-1,650.000,925.000,475.000,550.000,750.000,525.000,-1,1,0,1,0,2,0,0,1,0,2,0,0,1,1,0,1,2
105,10734.598,-2039.077,138.540,-36.441,0.804362,0.593833,-0.019074,-0.594107,0.804241,-0.015309,0.006249,0.023645,0.999701,0,0.80952,-0.83171,48.571,-1.663,475.000,400.000,975.000,400.000,-1,325.000,325.000,300.000,300.000,-1,650.000,900.000,525.000,525.000,750.000,500.000,-1,1,0,1,0,2,0,0,1,0,2,0,0,1,1,0,1,2
106,10773.040,-2069.486,138.723,-38.345,0.784219,0.620229,-0.017811,-0.620468,0.784086,-0.015135,0.004579,0.022920,0.999727,0,0.81691,-0.95171,49.014,-1.903,425.000,400.000,-1,400.000,-1,325.000,325.000,300.000,300.000,-1,675.000,925.000,550.000,500.000,725.000,450.000,-1,1,0,2,0,2,0,0,0,0,2,0,0,1,1,0,1,2
107,10810.756,-2101.522,138.978,-40.345,0.762121,0.647221,-0.016603,-0.647429,0.761970,-0.015434,0.002662,0.022511,0.999743,0,0.82475,-1.00000,49.485,-2.000,375.000,400.000,-1,375.000,-1,325.000,325.000,300.000,300.000,-1,700.000,950.000,600.000,475.000,725.000,425.000,-1,1,0,2,0,2,0,0,0,0,2,0,0,1,1,0,1,2
108,10850.364,-2137.317,139.218,-42.105,0.741908,0.670325,-0.015406,-0.670502,0.741740,-0.015797,0.000838,0.022050,0.999757,0,0.88979,-0.88000,53.387,-1.760,350.000,400.000,-1,375.000,-1,325.000,325.000,325.000,300.000,-1,750.000,1000.000,625.000,450.000,725.000,375.000,-1,1,1,2,0,2,0,0,0,0,2,0,0,1,1,0,1,2
109,10892.446,-2177.503,139.281,-43.680,0.723219,0.690474,-0.014118,-0.690618,0.723057,-0.015326,-0.000374,0.020835,0.999783,0,0.96979,-0.78738,58.187,-1.575,300.000,375.000,-1,375.000,-1,325.000,325.000,325.000,300.000,-1,800.000,-1,675.000,425.000,700.000,325.000,-1,1,1,2,0,2,0,0,0,0,2,0,2,1,1,0,1,2
110,10934.715,-2220.087,139.139,-45.212,0.704494,0.709596,-0.012709,-0.709710,0.704358,-0.013853,-0.000878,0.018779,0.999823,0,1.00000,-0.76637,60.000,-1.533,250.000,350.000,-1,375.000,-1,325.000,325.000,325.000,300.000,700.000,800.000,-1,700.000,400.000,700.000,275.000,-1,1,1,2,0,2,0,0,0,0,1,0,2,1,1,0,1,2
111,10975.863,-2263.754,139.067,-46.700,0.685827,0.727671,-0.011636,-0.727764,0.685715,-0.012479,-0.001102,0.017027,0.999854,0,1.00000,-0.74405,60.000,-1.488,225.000,325.000,-1,375.000,-1,325.000,325.000,300.000,300.000,575.000,800.000,1000.000,750.000,375.000,700.000,250.000,-1,1,1,2,0,2,0,0,0,0,1,0,0,1,1,0,1,2
112,11015.900,-2308.442,139.127,-48.142,0.667293,0.744710,-0.011234,-0.744795,0.667200,-0.011194,-0.000841,0.015837,0.999874,0,1.00000,-0.72095,60.000,-1.442,175.000,300.000,-1,375.000,-1,325.000,325.000,300.000,300.000,575.000,800.000,1000.000,800.000,375.000,700.000,200.000,-1,1,1,2,0,2,1,0,0,0,1,0,0,1,1,0,1,2
113,11054.838,-2354.092,139.201,-49.536,0.648969,0.760737,-0.010879,-0.760815,0.648893,-0.009925,-0.000491,0.014718,0.999892,0,1.00000,-0.69711,60.000,-1.394,125.000,275.000,-1,375.000,-1,300.000,325.000,300.000,300.000,575.000,825.000,975.000,825.000,350.000,725.000,150.000,-1,1,1,2,0,2,1,0,1,0,1,0,0,1,1,0,1,2
114,11092.700,-2400.638,144.614,-50.882,0.630355,0.775363,-0.038287,-0.776116,0.630527,-0.008913,0.017230,0.035333,0.999227,0,1.00000,-0.67271,60.000,-1.345,125.000,300.000,-1,425.000,-1,300.000,350.000,275.000,300.000,600.000,475.000,475.000,775.000,375.000,800.000,150.000,-1,1,1,2,0,2,1,0,1,0,1,0,0,1,1,1,1,2
115,11129.489,-2448.037,150.418,-52.198,0.610932,0.788845,-0.066979,-0.790875,0.611941,-0.006633,0.035755,0.057024,0.997732,0,1.00000,-0.65791,60.000,-1.316,125.000,325.000,-1,450.000,-1,325.000,375.000,250.000,275.000,650.000,250.000,150.000,750.000,450.000,850.000,150.000,-1,1,1,2,0,2,1,0,1,0,1,0,0,1,1,1,1,2
116,11165.209,-2496.248,155.052,-53.483,0.591299,0.801476,-0.089451,-0.804874,0.593436,-0.003320,0.050423,0.073960,0.995986,0,1.00000,-0.64249,60.000,-1.285,125.000,350.000,-1,500.000,-1,350.000,400.000,225.000,275.000,700.000,225.000,100.000,750.000,525.000,900.000,175.000,-1,1,1,2,0,2,1,1,1,0,1,0,0,1,1,1,1,2
117,11199.865,-2545.231,158.562,-54.736,0.571905,0.813452,-0.105923,-0.818018,0.575193,0.000599,0.061413,0.086305,0.994374,0,1.00000,-0.62658,60.000,-1.253,125.000,375.000,-1,525.000,-1,350.000,400.000,200.000,250.000,750.000,225.000,100.000,750.000,575.000,975.000,175.000,-1,1,1,2,0,2,1,1,1,0,1,0,0,1,1,1,1,2
118,11233.244,-2594.614,160.856,-55.957,0.552966,0.824900,-0.117336,-0.830287,0.557312,0.005169,0.069656,0.094564,0.993079,0,0.99339,-0.61037,59.603,-1.221,150.000,375.000,-1,550.000,-1,350.000,400.000,175.000,250.000,775.000,200.000,75.000,625.000,600.000,-1,275.000,-1,1,1,2,1,2,1,1,1,0,1,0,0,0,1,2,1,2
119,11265.182,-2644.103,162.040,-57.170,0.534418,0.836181,-0.123284,-0.841926,0.539508,0.009622,0.074558,0.098653,0.992325,0,0.98162,-0.60657,58.897,-1.213,150.000,375.000,-1,550.000,-1,350.000,400.000,150.000,250.000,825.000,200.000,75.000,575.000,600.000,-1,600.000,-1,1,1,2,1,2,1,1,1,0,1,0,0,0,1,2,1,2
120,11296.475,-2695.299,162.117,-58.565,0.513641,0.849111,-0.123224,-0.854648,0.519020,0.013990,0.075835,0.098128,0.992280,0,1.00000,-0.69743,60.000,-1.395,200.000,375.000,-1,525.000,-1,350.000,400.000,125.000,250.000,825.000,200.000,75.000,550.000,600.000,-1,575.000,-1,1,1,2,1,2,1,1,1,0,1,0,0,0,1,2,1,2
121,11326.536,-2747.227,161.358,-59.928,0.493716,0.861556,-0.118173,-0.866515,0.498867,0.016840,0.073461,0.094085,0.992850,0,1.00000,-0.68163,60.000,-1.363,350.000,350.000,-1,525.000,-1,350.000,375.000,125.000,250.000,825.000,225.000,75.000,575.000,575.000,-1,475.000,-1,1,1,2,1,2,1,1,1,0,1,0,0,0,1,2,1,2
122,11355.380,-2799.839,159.945,-61.257,0.474484,0.873434,-0.109444,-0.877593,0.479052,0.018422,0.068520,0.087306,0.993822,0,1.00000,-0.66435,60.000,-1.329,250.000,350.000,-1,500.000,-1,325.000,375.000,100.000,250.000,525.000,225.000,75.000,650.000,525.000,-1,350.000,-1,1,1,2,1,2,1,1,1,0,1,0,0,0,1,2,1,2
123,4919.491,8199.087,202.791,-174.663,-0.993690,0.092653,-0.063218,-0.086450,-0.991749,-0.094655,-0.071466,-0.088592,0.993501,1,0.00000,0.00000,60.000,-1.291,575.000,325.000,-1,400.000,-1,275.000,300.000,250.000,475.000,-1,-1,-1,275.000,575.000,825.000,750.000,-1,0,0,2,0,2,0,0,0,1,2,2,2,1,0,0,0,2
124,4924.269,8199.552,203.225,-174.423,-0.993274,0.096796,-0.063546,-0.090443,-0.991244,-0.096207,-0.072302,-0.089812,0.993331,0,-0.08000,0.12000,-4.800,0.240,550.000,325.000,-1,400.000,-1,275.000,300.000,250.000,475.000,-1,-1,-1,275.000,550.000,825.000,725.000,-1,0,0,2,0,2,0,0,0,1,2,2,2,1,0,0,0,2
125,4933.819,8200.527,204.089,-174.149,-0.992745,0.101502,-0.064452,-0.094840,-0.990544,-0.099137,-0.073905,-0.092305,0.992984,0,-0.16000,0.13670,-9.600,0.273,525.000,325.000,-1,400.000,-1,275.000,300.000,250.000,475.000,-1,-1,-1,275.000,550.000,800.000,675.000,-1,0,0,2,0,2,0,0,0,1,2,2,2,1,0,0,0,2
126,4948.138,8202.057,205.395,-173.878,-0.992158,0.106147,-0.065994,-0.099001,-0.989693,-0.103469,-0.076297,-0.096124,0.992441,0,-0.24000,0.13550,-14.400,0.271,475.000,325.000,-1,400.000,-1,275.000,300.000,250.000,475.000,-1,-1,-1,275.000,550.000,800.000,600.000,-1,0,0,2,0,2,0,0,0,1,2,2,2,1,0,0,0,2
127,4967.219,8204.185,207.161,-173.611,-0.991510,0.110708,-0.068199,-0.102874,-0.988673,-0.109278,-0.079524,-0.101335,0.991669,0,-0.32000,0.13371,-19.200,0.267,425.000,325.000,-1,400.000,-1,275.000,300.000,250.000,475.000,-1,-1,-1,250.000,525.000,800.000,525.000,-1,0,0,2,0,2,0,0,0,1,2,2,2,1,0,0,0,2
128,4990.911,8206.937,209.398,-173.348,-0.990801,0.115158,-0.071081,-0.106404,-0.987461,-0.116616,-0.083619,-0.107980,0.990630,0,-0.39753,0.13134,-23.852,0.263,375.000,300.000,-1,400.000,-1,275.000,300.000,250.000,500.000,-1,-1,-1,250.000,500.000,800.000,450.000,-1,0,0,2,0,2,0,0,0,1,2,2,2,1,0,0,0,2
129,5014.609,8209.796,211.688,-173.091,-0.990071,0.119491,-0.074031,-0.109736,-0.986174,-0.124175,-0.087846,-0.114818,0.989495,0,-0.39784,0.12842,-23.870,0.257,325.000,300.000,-1,400.000,-1,275.000,300.000,225.000,500.000,-1,-1,-1,250.000,500.000,800.000,400.000,-1,0,0,2,0,2,0,0,0,1,2,2,2,1,0,0,0,2
130,5038.302,8212.758,214.033,-172.840,-0.989323,0.123707,-0.077048,-0.112866,-0.984809,-0.131958,-0.092202,-0.121853,0.988256,0,-0.39797,0.12553,-23.878,0.251,300.000,300.000,-1,400.000,-1,275.000,300.000,225.000,500.000,-1,-1,-1,250.000,475.000,775.000,350.000,-1,0,0,2,0,2,0,0,0,1,2,2,2,1,0,0,0,2
131,5061.979,8215.821,216.432,-172.595,-0.988557,0.127805,-0.080132,-0.115788,-0.983363,-0.139967,-0.096687,-0.129087,0.986908,0,-0.39792,0.12268,-23.875,0.245,250.000,300.000,-1,400.000,-1,275.000,300.000,225.000,500.000,-1,-1,-1,225.000,475.000,775.000,300.000,-1,0,0,2,0,2,0,0,0,1,2,2,2,1,0,0,0,2
132,5085.629,8218.979,218.885,-172.355,-0.987774,0.131786,-0.083280,-0.118499,-0.981832,-0.148200,-0.101298,-0.136519,0.985445,0,-0.39767,0.11987,-23.860,0.240,225.000,300.000,-1,400.000,-1,250.000,300.000,225.000,500.000,-1,-1,-1,225.000,450.000,775.000,275.000,-1,0,0,2,0,2,0,0,0,1,2,2,2,1,0,0,0,2
133,5109.237,8222.229,221.391,-172.121,-0.986974,0.135651,-0.086492,-0.120993,-0.980214,-0.156658,-0.106031,-0.144153,0.983858,0,-0.39720,0.11711,-23.832,0.234,200.000,275.000,-1,400.000,-1,250.000,300.000,225.000,475.000,-1,-1,-1,225.000,450.000,750.000,225.000,-1,0,0,2,0,2,0,0,0,1,2,2,2,1,0,0,0,2
134,5132.791,8225.565,223.949,-171.892,-0.986160,0.139398,-0.089764,-0.123266,-0.978503,-0.165340,-0.110883,-0.151986,0.982143,0,-0.39650,0.11439,-23.790,0.229,175.000,275.000,-1,400.000,-1,250.000,300.000,225.000,475.000,-1,-1,-1,225.000,425.000,750.000,200.000,-1,0,0,2,0,2,0,0,0,1,2,2,2,1,0,0,0,2
