timestep,x_cm,y_cm,z_cm,yaw_deg,basis_xx,basis_xy,basis_xz,basis_yx,basis_yy,basis_yz,basis_zx,basis_zy,basis_zz,teleport_flag,throttle_cmd,steering_cmd,cmd_move_cm,cmd_turn_deg,lidar_cm_0,lidar_cm_1,lidar_cm_2,lidar_cm_3,lidar_cm_4,lidar_cm_5,lidar_cm_6,lidar_cm_7,lidar_cm_8,lidar_cm_9,lidar_cm_10,lidar_cm_11,lidar_cm_12,lidar_cm_13,lidar_cm_14,lidar_cm_15,lidar_cm_16,lidar_class_0,lidar_class_1,lidar_class_2,lidar_class_3,lidar_class_4,lidar_class_5,lidar_class_6,lidar_class_7,lidar_class_8,lidar_class_9,lidar_class_10,lidar_class_11,lidar_class_12,lidar_class_13,lidar_class_14,lidar_class_15,lidar_class_16
0,330.434,-2955.813,259.135,-59.058,0.514098,0.857674,0.009925,-0.857273,0.514167,-0.026722,-0.028022,0.005230,0.999594,1,0.08000,-0.12000,4.800,-0.240,-1,425.000,-1,425.000,-1,350.000,350.000,300.000,325.000,-1,-1,-1,-1,-1,-1,-1,-1,2,0,2,0,2,0,0,0,0,2,2,2,2,2,2,2,2
1,335.301,-2964.088,258.829,-59.538,0.506878,0.861954,0.010535,-0.861538,0.506966,-0.027158,-0.028750,0.004690,0.999576,0,0.16000,-0.24000,9.600,-0.480,-1,425.000,-1,425.000,-1,350.000,350.000,300.000,325.000,-1,-1,-1,-1,-1,-1,-1,-1,2,0,2,0,2,0,0,0,0,2,2,2,2,2,2,2,2
2,342.445,-2976.591,258.368,-60.258,0.495979,0.868259,0.011439,-0.867822,0.496096,-0.027832,-0.029840,0.003877,0.999547,0,0.24000,-0.36000,14.400,-0.720,-1,425.000,-1,425.000,-1,350.000,350.000,300.000,325.000,-1,-1,-1,-1,-1,-1,-1,-1,2,0,2,0,2,0,0,0,0,2,2,2,2,2,2,2,2
3,351.690,-2993.419,257.750,-61.218,0.481324,0.876452,0.012620,-0.875984,0.481481,-0.028764,-0.031287,0.002790,0.999507,0,0.32000,-0.48000,19.200,-0.960,-1,425.000,-1,425.000,-1,350.000,350.000,300.000,325.000,-1,-1,-1,-1,-1,-1,-1,-1,2,0,2,0,2,0,0,0,0,2,2,2,2,2,2,2,2
4,362.802,-3014.691,256.970,-62.418,0.462810,0.886346,0.014058,-0.885840,0.463022,-0.029982,-0.033083,0.001423,0.999452,0,0.40000,-0.60000,24.000,-1.200,-1,425.000,-1,425.000,-1,350.000,325.000,300.000,325.000,-1,-1,-1,-1,-1,-1,-1,-1,2,0,2,0,2,0,0,0,0,2,2,2,2,2,2,2,2
5,375.492,-3040.545,256.026,-63.858,0.440321,0.897703,0.015720,-0.897149,0.440602,-0.031516,-0.035219,-0.000226,0.999380,0,0.48000,-0.72000,28.800,-1.440,-1,425.000,-1,425.000,-1,350.000,350.000,300.000,325.000,-1,-1,-1,-1,-1,-1,-1,-1,2,0,2,0,2,0,0,0,0,2,2,2,2,2,2,2,2
6,389.406,-3071.129,254.914,-65.538,0.413726,0.910232,0.017568,-0.909621,0.414093,-0.033403,-0.037679,-0.002160,0.999288,0,0.56000,-0.84000,33.600,-1.680,-1,425.000,-1,425.000,-1,325.000,350.000,300.000,325.000,-1,-1,-1,-1,-1,-1,-1,-1,2,0,2,0,2,0,0,0,0,2,2,2,2,2,2,2,2
7,404.127,-3106.595,253.633,-67.458,0.382888,0.923588,0.019546,-0.922909,0.383362,-0.035679,-0.040446,-0.004378,0.999172,0,0.64000,-0.96000,38.400,-1.920,-1,425.000,-1,425.000,-1,350.000,350.000,300.000,325.000,-1,-1,-1,-1,-1,-1,-1,-1,2,0,2,0,2,0,0,0,0,2,2,2,2,2,2,2,2
8,419.287,-3147.049,252.192,-69.458,0.350290,0.936392,0.021620,-0.935631,0.350890,-0.038336,-0.043484,-0.006799,0.999031,0,0.72000,-1.00000,43.200,-2.000,-1,425.000,-1,425.000,-1,350.000,350.000,300.000,325.000,-1,-1,-1,-1,-1,-1,-1,-1,2,0,2,0,2,0,0,0,0,2,2,2,2,2,2,2,2
9,434.551,-3192.557,250.430,-71.458,0.317278,0.948053,0.023034,-0.947202,0.317992,-0.041107,-0.046296,-0.008775,0.998889,0,0.80000,-1.00000,48.000,-2.000,-1,425.000,-1,425.000,-1,350.000,350.000,300.000,325.000,-1,-1,-1,-1,-1,-1,-1,-1,2,0,2,0,2,0,0,0,0,2,2,2,2,2,2,2,2
10,449.399,-3242.547,248.106,-73.458,0.283942,0.958568,0.022891,-0.957584,0.284711,-0.044418,-0.049095,-0.009308,0.998751,0,0.86913,-1.00000,52.148,-2.000,-1,425.000,-1,425.000,-1,350.000,350.000,300.000,325.000,-1,-1,-1,-1,-1,-1,-1,-1,2,0,2,0,2,0,0,0,0,2,2,2,2,2,2,2,2
11,462.493,-3293.024,245.451,-75.458,0.250307,0.967927,0.021551,-0.966732,0.251085,-0.048849,-0.052693,-0.008607,0.998574,0,0.86912,-1.00000,52.147,-2.000,-1,425.000,-1,425.000,-1,350.000,350.000,300.000,325.000,-1,-1,-1,-1,-1,1000.000,-1,-1,2,0,2,0,2,0,0,0,0,2,2,2,2,2,0,2,2
12,473.817,-3343.926,242.584,-77.458,0.216357,0.976100,0.020476,-0.974735,0.217152,-0.052322,-0.055518,-0.008638,0.998420,0,0.86910,-1.00000,52.146,-2.000,-1,450.000,-1,425.000,-1,350.000,350.000,325.000,325.000,-1,-1,-1,-1,-1,975.000,-1,-1,2,0,2,0,2,0,0,0,0,2,2,2,2,2,0,2,2
13,483.359,-3395.192,238.890,-79.458,0.181957,0.983050,0.022463,-0.981554,0.182948,-0.055506,-0.058674,-0.011949,0.998206,0,0.86909,-1.00000,52.145,-2.000,-1,425.000,-1,425.000,-1,350.000,350.000,300.000,325.000,-1,-1,-1,-1,1000.000,950.000,-1,-1,2,0,2,0,2,0,0,0,0,2,2,2,2,0,0,2,2
14,491.105,-3446.759,235.158,-81.458,0.147317,0.988790,0.024328,-0.987155,0.148522,-0.058880,-0.061833,-0.015341,0.997969,0,0.86908,-1.00000,52.145,-2.000,-1,425.000,-1,425.000,-1,350.000,350.000,300.000,325.000,-1,-1,-1,-1,975.000,950.000,-1,-1,2,0,2,0,2,0,0,0,0,2,2,2,2,0,0,2,2
15,497.440,-3500.014,231.333,-83.218,0.116662,0.992834,0.025879,-0.991044,0.118077,-0.062361,-0.064970,-0.018372,0.997718,0,0.89383,-0.88000,53.630,-1.760,-1,425.000,-1,425.000,-1,350.000,325.000,300.000,300.000,-1,-1,-1,-1,950.000,925.000,-1,-1,2,0,2,0,2,0,0,0,0,2,2,2,2,0,0,2,2
16,502.358,-3553.402,227.522,-84.738,0.090078,0.995565,0.027128,-0.993609,0.091695,-0.065833,-0.068028,-0.021025,0.997462,0,0.89356,-0.76000,53.614,-1.520,-1,425.000,-1,400.000,-1,325.000,325.000,300.000,325.000,-1,-1,-1,-1,925.000,900.000,-1,-1,2,0,2,0,2,0,0,0,0,2,2,2,2,0,0,2,2
17,506.081,-3606.858,223.726,-86.018,0.067620,0.997315,0.028127,-0.995179,0.069429,-0.069271,-0.071037,-0.023308,0.997201,0,0.89308,-0.64000,53.585,-1.280,-1,425.000,-1,400.000,-1,325.000,325.000,300.000,325.000,-1,-1,-1,-1,900.000,900.000,-1,-1,2,0,2,0,2,0,0,0,0,2,2,2,2,0,0,2,2
18,508.830,-3660.331,219.943,-87.058,0.049323,0.998364,0.028931,-0.996036,0.051314,-0.072660,-0.074026,-0.025232,0.996937,0,0.89239,-0.52000,53.543,-1.040,-1,425.000,-1,400.000,-1,325.000,325.000,300.000,325.000,-1,-1,-1,-1,900.000,875.000,-1,-1,2,0,2,0,2,0,0,0,0,2,2,2,2,0,0,2,2
19,510.831,-3713.785,216.172,-87.858,0.035206,0.998942,0.029591,-0.996408,0.037368,-0.075992,-0.077018,-0.026810,0.996669,0,0.89151,-0.40000,53.491,-0.800,-1,425.000,-1,400.000,-1,325.000,325.000,300.000,325.000,-1,-1,-1,-1,875.000,875.000,-1,-1,2,0,2,0,2,0,0,0,0,2,2,2,2,0,0,2,2
20,512.307,-3767.193,212.411,-88.418,0.025279,0.999225,0.030162,-0.996472,0.027602,-0.079263,-0.080035,-0.028052,0.996397,0,0.89045,-0.28000,53.427,-0.560,-1,400.000,-1,400.000,-1,325.000,325.000,300.000,325.000,-1,-1,-1,-1,875.000,850.000,-1,-1,2,0,2,0,2,0,0,0,0,2,2,2,2,0,0,2,2
21,513.443,-3820.535,208.657,-88.780,0.018805,0.999352,0.030686,-0.996365,0.021281,-0.082482,-0.083081,-0.029023,0.996120,0,0.88922,-0.18118,53.353,-0.362,-1,400.000,-1,400.000,-1,325.000,325.000,300.000,325.000,-1,-1,-1,-1,850.000,850.000,-1,-1,2,0,2,0,2,0,0,0,0,2,2,2,2,0,0,2,2
22,514.243,-3873.803,204.914,-89.141,0.012353,0.999438,0.031149,-0.996209,0.014984,-0.085688,-0.086107,-0.029973,0.995835,0,0.88789,-0.18050,53.273,-0.361,-1,400.000,-1,400.000,-1,325.000,325.000,300.000,325.000,-1,-1,-1,-1,850.000,850.000,-1,-1,2,0,2,0,2,0,0,0,0,2,2,2,2,0,0,2,2
23,514.707,-3926.999,201.166,-89.500,0.005936,0.999486,0.031496,-0.996008,0.008715,-0.088837,-0.089065,-0.030843,0.995548,0,0.88663,-0.17968,53.198,-0.359,-1,400.000,-1,400.000,-1,325.000,325.000,300.000,325.000,-1,-1,-1,-1,825.000,825.000,-1,-1,2,0,2,0,2,0,0,0,0,2,2,2,2,0,0,2,2
24,514.840,-3980.127,196.135,-89.858,-0.000362,0.999502,0.031551,-0.995943,0.002479,-0.089955,-0.089988,-0.031456,0.995446,0,0.88546,-0.17873,53.128,-0.357,-1,400.000,-1,400.000,-1,325.000,325.000,300.000,325.000,-1,-1,-1,-1,825.000,825.000,-1,-1,2,0,2,0,2,0,0,0,0,2,2,2,2,0,0,2,2
25,514.635,-4034.419,190.887,-90.217,-0.006701,0.999474,0.031733,-0.995818,-0.003778,-0.091277,-0.091109,-0.032212,0.995320,0,0.90486,-0.17935,54.292,-0.359,-1,400.000,-1,400.000,-1,325.000,325.000,300.000,325.000,-1,-1,-1,-1,825.000,825.000,-1,-1,2,0,2,0,2,0,0,0,0,2,2,2,2,0,0,2,2
26,514.089,-4088.631,185.653,-90.577,-0.013066,0.999406,0.031878,-0.995653,-0.010064,-0.092590,-0.092214,-0.032949,0.995194,0,0.90358,-0.18018,54.215,-0.360,-1,400.000,-1,400.000,-1,325.000,325.000,300.000,325.000,-1,-1,-1,-1,825.000,825.000,-1,-1,2,0,2,0,2,0,0,0,0,2,2,2,2,0,0,2,2
27,513.203,-4142.758,180.434,-90.939,-0.019454,0.999299,0.031989,-0.995448,-0.016373,-0.093893,-0.093303,-0.033670,0.995068,0,0.90222,-0.18087,54.133,-0.362,-1,400.000,-1,400.000,-1,325.000,325.000,300.000,325.000,-1,-1,-1,-1,825.000,825.000,-1,-1,2,0,2,0,2,0,0,0,0,2,2,2,2,0,0,2,2
28,512.177,-4198.208,175.087,-91.060,-0.021636,0.999252,0.032061,-0.995289,-0.018496,-0.095175,-0.094510,-0.033969,0.994944,0,0.92433,-0.06087,55.460,-0.122,-1,400.000,-1,400.000,-1,325.000,325.000,300.000,325.000,-1,-1,-1,-1,825.000,825.000,-1,-1,2,0,2,0,2,0,0,0,0,2,2,2,2,0,0,2,2
29,511.267,-4253.558,169.744,-90.942,-0.019613,0.999291,0.032122,-0.995206,-0.016434,-0.096411,-0.095814,-0.033859,0.994823,0,0.92261,0.05913,55.356,0.118,-1,400.000,-1,400.000,-1,325.000,325.000,300.000,325.000,-1,-1,-1,-1,825.000,800.000,-1,-1,2,0,2,0,2,0,0,0,0,2,2,2,2,0,0,2,2
30,510.704,-4308.793,164.402,-90.584,-0.013387,0.999392,0.032200,-0.995173,-0.010185,-0.097609,-0.097221,-0.033351,0.994704,0,0.92063,0.17913,55.238,0.358,-1,400.000,-1,400.000,-1,325.000,325.000,300.000,325.000,-1,-1,-1,-1,800.000,800.000,-1,-1,2,0,2,0,2,0,0,0,0,2,2,2,2,0,0,2,2
31,510.717,-4363.899,159.057,-89.986,-0.002957,0.999473,0.032320,-0.995110,0.000250,-0.098776,-0.098732,-0.032454,0.994585,0,0.91843,0.29913,55.106,0.598,-1,400.000,-1,400.000,-1,325.000,325.000,300.000,325.000,-1,-1,-1,-1,800.000,800.000,-1,-1,2,0,2,0,2,0,0,0,0,2,2,2,2,0,0,2,2
32,511.534,-4418.856,153.707,-89.147,0.011676,0.999403,0.032505,-0.994885,0.014873,-0.099917,-0.100341,-0.031172,0.994465,0,0.91605,0.41913,54.963,0.838,-1,400.000,-1,400.000,-1,325.000,325.000,300.000,325.000,-1,-1,-1,-1,800.000,800.000,-1,-1,2,0,2,0,2,0,0,0,0,2,2,2,2,0,0,2,2
33,513.380,-4473.636,148.348,-88.069,0.030507,0.998997,0.032775,-0.994313,0.033679,-0.101036,-0.102038,-0.029506,0.994343,0,0.91351,0.53913,54.811,1.078,-1,400.000,-1,400.000,-1,325.000,325.000,300.000,325.000,-1,-1,-1,-1,800.000,800.000,-1,-1,2,0,2,0,2,0,0,0,0,2,2,2,2,0,0,2,2
34,516.477,-4528.202,142.979,-86.751,0.053524,0.998016,0.033149,-0.993156,0.056656,-0.102133,-0.103809,-0.027456,0.994218,0,0.91090,0.65913,54.654,1.318,-1,400.000,-1,400.000,-1,325.000,325.000,300.000,325.000,-1,-1,-1,-1,800.000,800.000,-1,-1,2,0,2,0,2,0,0,0,0,2,2,2,2,0,0,2,2
35,521.043,-4582.506,137.504,-85.193,0.080746,0.996179,0.033287,-0.991145,0.083780,-0.103018,-0.105413,-0.024674,0.994122,0,0.90825,0.77913,54.495,1.558,-1,400.000,-1,400.000,-1,325.000,325.000,300.000,325.000,-1,-1,-1,-1,800.000,775.000,-1,-1,2,0,2,0,2,0,0,0,0,2,2,2,2,0,0,2,2
36,527.293,-4636.485,131.689,-83.394,0.112153,0.993141,0.033045,-0.987969,0.115009,-0.103394,-0.106485,-0.021051,0.994091,0,0.90566,0.89913,54.340,1.798,-1,400.000,-1,400.000,-1,325.000,325.000,300.000,325.000,-1,-1,-1,-1,800.000,775.000,-1,-1,2,0,2,0,2,0,0,0,0,2,2,2,2,0,0,2,2
37,535.293,-4690.083,125.682,-81.509,0.144919,0.988884,0.033273,-0.983578,0.147635,-0.103816,-0.107575,-0.017681,0.994040,0,0.90320,0.94280,54.192,1.886,-1,400.000,-1,400.000,-1,325.000,325.000,300.000,325.000,-1,-1,-1,-1,800.000,775.000,-1,-1,2,0,2,0,2,0,0,0,0,2,2,2,2,0,0,2,2
38,545.034,-4743.262,119.638,-79.619,0.177599,0.983533,0.033484,-0.978084,0.180168,-0.104365,-0.108679,-0.014215,0.993975,0,0.90106,0.94470,54.063,1.889,-1,400.000,-1,400.000,-1,325.000,325.000,300.000,325.000,-1,-1,-1,-1,800.000,775.000,-1,-1,2,0,2,0,2,0,0,0,0,2,2,2,2,0,0,2,2
39,556.504,-4795.989,113.585,-77.726,0.210157,0.977084,0.033771,-0.971492,0.212581,-0.104937,-0.109711,-0.010755,0.993905,0,0.89933,0.94688,53.960,1.894,-1,400.000,-1,400.000,-1,325.000,325.000,300.000,300.000,-1,-1,-1,-1,800.000,775.000,-1,-1,2,0,2,0,2,0,0,0,0,2,2,2,2,0,0,2,2
40,569.697,-4848.231,107.526,-75.827,0.242564,0.969535,0.034127,-0.963803,0.244844,-0.105527,-0.110668,-0.007295,0.993831,0,0.89803,0.94932,53.882,1.899,-1,400.000,-1,400.000,-1,325.000,325.000,300.000,300.000,-1,-1,-1,-1,800.000,775.000,-1,-1,2,0,2,0,2,0,0,0,0,2,2,2,2,0,0,2,2
41,584.604,-4899.958,101.462,-73.923,0.274790,0.960883,0.034551,-0.955012,0.276927,-0.106127,-0.111544,-0.003834,0.993752,0,0.89720,0.95200,53.832,1.904,-1,400.000,-1,400.000,-1,325.000,325.000,300.000,300.000,-1,-1,-1,1000.000,800.000,750.000,-1,-1,2,0,2,0,2,0,0,0,0,2,2,2,1,0,0,2,2
42,601.219,-4951.137,95.394,-72.013,0.306804,0.951128,0.035036,-0.945120,0.308798,-0.106732,-0.112335,-0.000368,0.993670,0,0.89682,0.95490,53.809,1.910,-1,400.000,-1,400.000,-1,325.000,325.000,300.000,300.000,-1,-1,-1,1000.000,775.000,750.000,-1,-1,2,0,2,0,2,0,0,0,0,2,2,2,1,0,0,2,2
43,619.538,-5001.736,89.325,-70.097,0.338575,0.940267,0.035581,-0.934125,0.340425,-0.107338,-0.113039,0.003105,0.993586,0,0.89689,0.95803,53.813,1.916,-1,400.000,-1,400.000,-1,325.000,325.000,300.000,300.000,-1,-1,-1,-1,775.000,750.000,-1,-1,2,0,2,0,2,0,0,0,0,2,2,2,2,0,0,2,2
44,639.556,-5051.721,83.194,-68.174,0.370034,0.928301,0.036486,-0.922016,0.371775,-0.108029,-0.113848,0.006334,0.993478,0,0.89740,0.96135,53.844,1.923,-1,400.000,-1,400.000,-1,325.000,325.000,300.000,300.000,-1,-1,-1,-1,775.000,750.000,-1,-1,2,0,2,0,2,0,0,0,0,2,2,2,2,0,0,2,2
45,661.269,-5101.054,77.067,-66.245,0.401184,0.915232,0.037439,-0.908806,0.402813,-0.108690,-0.114557,0.009580,0.993370,0,0.89833,0.96486,53.900,1.930,-1,400.000,-1,400.000,-1,325.000,325.000,300.000,300.000,-1,-1,-1,-1,775.000,750.000,-1,-1,2,0,2,0,2,0,0,0,0,2,2,2,2,0,0,2,2
46,684.671,-5149.698,70.895,-64.308,0.432013,0.901058,0.038199,-0.894504,0.433502,-0.109264,-0.115012,0.013034,0.993279,0,0.89966,0.96854,53.980,1.937,-1,400.000,-1,400.000,-1,325.000,325.000,300.000,300.000,-1,-1,-1,-1,775.000,750.000,-1,-1,2,0,2,0,2,0,0,0,0,2,2,2,2,0,0,2,2
47,709.759,-5197.609,64.697,-62.363,0.462486,0.885781,0.038727,-0.879133,0.463806,-0.109585,-0.115030,0.016636,0.993223,0,0.90138,0.97238,54.083,1.945,-1,400.000,-1,375.000,-1,325.000,325.000,300.000,300.000,-1,-1,-1,-1,750.000,750.000,-1,-1,2,0,2,0,2,0,0,0,0,2,2,2,2,0,0,2,2
48,736.526,-5244.746,58.546,-60.410,0.492534,0.869406,0.039284,-0.862694,0.493688,-0.109688,-0.114758,0.020135,0.993189,0,0.90344,0.97637,54.206,1.953,-1,400.000,-1,375.000,-1,325.000,325.000,300.000,300.000,-1,-1,-1,-1,750.000,725.000,-1,-1,2,0,2,0,2,0,0,0,0,2,2,2,2,0,0,2,2
49,764.965,-5291.061,52.416,-58.449,0.522126,0.851938,0.039834,-0.845168,0.523109,-0.109763,-0.114348,0.023644,0.993159,0,0.90583,0.98049,54.350,1.961,-1,400.000,-1,375.000,-1,325.000,325.000,300.000,300.000,-1,-1,-1,-1,750.000,725.000,-1,-1,2,0,2,0,2,0,0,0,0,2,2,2,2,0,0,2,2
50,795.068,-5336.506,46.310,-56.480,0.551220,0.833383,0.040375,-0.826564,0.552029,-0.109800,-0.113793,0.027151,0.993133,0,0.90851,0.98474,54.511,1.969,-1,400.000,-1,375.000,-1,325.000,325.000,300.000,300.000,-1,-1,-1,-1,750.000,725.000,-1,-1,2,0,2,0,2,0,0,0,0,2,2,2,2,0,0,2,2
51,826.825,-5381.028,40.164,-54.501,0.579760,0.813755,0.041004,-0.806932,0.580414,-0.109456,-0.112870,0.030370,0.993146,0,0.91146,0.98911,54.688,1.978,-1,400.000,-1,375.000,-1,325.000,325.000,300.000,300.000,-1,-1,-1,-1,750.000,700.000,-1,-1,2,0,2,0,2,0,0,0,0,2,2,2,2,0,0,2,2
52,860.223,-5424.574,34.054,-52.514,0.607725,0.793058,0.041592,-0.786239,0.608220,-0.109072,-0.111797,0.033585,0.993163,0,0.91465,0.99358,54.879,1.987,-1,400.000,-1,375.000,-1,325.000,325.000,300.000,300.000,-1,-1,-1,-1,750.000,700.000,-1,-1,2,0,2,0,2,0,0,0,0,2,2,2,2,0,0,2,2
53,895.247,-5467.087,27.985,-50.518,0.635074,0.771302,0.042132,-0.764497,0.635405,-0.108651,-0.110574,0.036791,0.993187,0,0.91804,0.99815,55.083,1.996,-1,400.000,-1,375.000,-1,325.000,325.000,300.000,300.000,-1,-1,-1,-1,750.000,700.000,-1,-1,2,0,2,0,2,0,0,0,0,2,2,2,2,0,0,2,2
54,931.790,-5508.415,21.980,-48.518,0.661690,0.748565,0.042622,-0.741782,0.661855,-0.108197,-0.109202,0.039977,0.993215,0,0.91945,1.00000,55.167,2.000,-1,400.000,-1,375.000,-1,325.000,325.000,300.000,300.000,-1,-1,-1,-1,750.000,700.000,-1,-1,2,0,2,0,2,0,0,0,0,2,2,2,2,0,0,2,2
55,969.753,-5548.443,16.072,-46.518,0.687524,0.724903,0.042730,-0.718144,0.687475,-0.107920,-0.107607,0.043512,0.993241,0,0.91945,1.00000,55.167,2.000,-1,400.000,-1,375.000,-1,325.000,325.000,300.000,300.000,-1,-1,-1,-1,725.000,675.000,-1,-1,2,0,2,0,2,0,0,0,0,2,2,2,2,0,0,2,2
56,1005.519,-5583.906,10.734,-44.758,0.709561,0.703346,0.042752,-0.696608,0.709313,-0.107759,-0.106117,0.046680,0.993257,0,0.83945,0.88000,50.367,1.760,-1,400.000,-1,375.000,-1,325.000,325.000,300.000,300.000,-1,-1,-1,-1,725.000,675.000,-1,-1,2,0,2,0,2,0,0,0,0,2,2,2,2,0,0,2,2
57,1039.816,-5616.154,5.790,-43.238,0.728043,0.684197,0.042752,-0.677495,0.727629,-0.107502,-0.104660,0.049302,0.993285,0,0.78462,0.76000,47.077,1.520,-1,400.000,-1,375.000,-1,325.000,325.000,300.000,300.000,-1,-1,-1,-1,725.000,675.000,-1,-1,2,0,2,0,2,0,0,0,0,2,2,2,2,0,0,2,2
58,1074.824,-5647.628,0.935,-41.958,0.743172,0.667714,0.043043,-0.661063,0.742666,-0.106972,-0.103393,0.051045,0.993330,0,0.78462,0.64000,47.077,1.280,-1,400.000,-1,375.000,-1,325.000,325.000,300.000,300.000,-1,-1,-1,-1,725.000,675.000,-1,-1,2,0,2,0,2,0,0,0,0,2,2,2,2,0,0,2,2
59,1110.399,-5678.461,-3.867,-40.918,0.755185,0.654081,0.043288,-0.647485,0.754612,-0.106414,-0.102269,0.052334,0.993379,0,0.78462,0.52000,47.077,1.040,-1,400.000,-1,375.000,-1,325.000,325.000,300.000,300.000,-1,-1,-1,-1,725.000,675.000,-1,-1,2,0,2,0,2,0,0,0,0,2,2,2,2,0,0,2,2
60,1146.400,-5708.796,-8.626,-40.118,0.764250,0.643452,0.043490,-0.636913,0.763637,-0.105834,-0.101310,0.053184,0.993432,0,0.78462,0.40000,47.077,0.800,-1,375.000,-1,375.000,-1,325.000,325.000,300.000,300.000,-1,-1,-1,-1,725.000,650.000,-1,-1,2,0,2,0,2,0,0,0,0,2,2,2,2,0,0,2,2
61,1182.788,-5738.664,-13.344,-39.381,0.772470,0.633549,0.043664,-0.627069,0.771822,-0.105237,-0.100374,0.053913,0.993488,0,0.78462,0.36860,47.077,0.737,-1,375.000,-1,375.000,-1,325.000,325.000,300.000,300.000,-1,-1,-1,-1,725.000,650.000,-1,-1,2,0,2,0,2,0,0,0,0,2,2,2,2,0,0,2,2
62,1219.558,-5768.062,-18.019,-38.644,0.780562,0.623541,0.043802,-0.617124,0.779879,-0.104629,-0.099401,0.054638,0.993546,0,0.78462,0.36860,47.077,0.737,-1,375.000,-1,375.000,-1,325.000,325.000,300.000,300.000,-1,-1,-1,-1,700.000,650.000,-1,-1,2,0,2,0,2,0,0,0,0,2,2,2,2,0,0,2,2
63,1256.703,-5796.984,-22.608,-37.906,0.788542,0.613426,0.043701,-0.607080,0.787798,-0.104060,-0.098261,0.055525,0.993610,0,0.78462,0.36860,47.077,0.737,-1,375.000,-1,375.000,1000.000,325.000,325.000,300.000,300.000,-1,-1,-1,-1,700.000,625.000,-1,-1,2,0,2,0,0,0,0,0,0,2,2,2,2,0,0,2,2
64,1298.172,-5828.153,-27.596,-36.929,0.798922,0.599858,0.043519,-0.593596,0.798088,-0.103438,-0.096780,0.056806,0.993683,0,0.86462,0.48860,51.877,0.977,-1,375.000,-1,375.000,975.000,325.000,325.000,300.000,300.000,-1,-1,-1,-1,700.000,625.000,-1,-1,2,0,2,0,0,0,0,0,0,2,2,2,2,0,0,2,2
65,1342.639,-5860.197,-32.591,-35.779,0.810826,0.583690,0.043205,-0.577612,0.809926,-0.101906,-0.094474,0.057672,0.993855,0,0.91351,0.57501,54.811,1.150,-1,375.000,-1,375.000,950.000,325.000,300.000,300.000,300.000,-1,-1,-1,-1,700.000,625.000,-1,-1,2,0,2,0,0,0,0,0,0,2,2,2,2,0,0,2,2
66,1387.740,-5891.343,-37.368,-34.629,0.822400,0.567304,0.042720,-0.561471,0.821459,-0.099780,-0.091698,0.058073,0.994092,0,0.91351,0.57501,54.811,1.150,-1,375.000,-1,375.000,950.000,325.000,300.000,300.000,300.000,-1,-1,-1,-1,700.000,625.000,-1,-1,2,0,2,0,0,0,0,0,0,2,2,2,2,0,0,2,2
67,1433.456,-5921.577,-42.108,-33.479,0.833665,0.550683,0.041842,-0.545107,0.832650,-0.097740,-0.088664,0.058674,0.994332,0,0.91351,0.57501,54.811,1.150,-1,375.000,-1,375.000,950.000,325.000,300.000,300.000,300.000,-1,-1,-1,-1,700.000,625.000,-1,-1,2,0,2,0,0,0,0,0,0,2,2,2,2,0,0,2,2
68,1479.770,-5950.887,-46.748,-32.329,0.844597,0.533842,0.040848,-0.528523,0.843505,-0.095719,-0.085554,0.059255,0.994570,0,0.91351,0.57501,54.811,1.150,-1,375.000,-1,350.000,950.000,325.000,300.000,300.000,300.000,-1,-1,-1,-1,700.000,625.000,-1,-1,2,0,2,0,0,0,0,0,0,2,2,2,2,0,0,2,2
69,1526.776,-5979.332,-51.143,-31.180,0.855175,0.516819,0.039668,-0.511808,0.854033,-0.093169,-0.082029,0.059373,0.994860,0,0.91571,0.57441,54.943,1.149,-1,375.000,-1,350.000,950.000,325.000,300.000,300.000,300.000,-1,-1,-1,-1,725.000,625.000,-1,-1,2,0,2,0,0,0,0,0,0,2,2,2,2,0,0,2,2
70,1574.530,-6006.939,-55.341,-30.034,0.865393,0.499624,0.038360,-0.494913,0.864196,-0.090699,-0.078466,0.059505,0.995139,0,0.91935,0.57325,55.161,1.146,-1,400.000,-1,375.000,950.000,325.000,300.000,300.000,300.000,-1,850.000,-1,-1,725.000,625.000,-1,975.000,2,0,2,0,0,0,0,0,0,2,0,2,2,0,0,2,1
71,1623.012,-6033.691,-59.460,-28.890,0.875244,0.482271,0.036928,-0.477854,0.873990,-0.088299,-0.074859,0.059637,0.995409,0,0.92290,0.57187,55.374,1.144,-1,400.000,-1,375.000,975.000,325.000,300.000,300.000,300.000,-1,700.000,900.000,-1,725.000,625.000,-1,950.000,2,0,2,0,0,0,0,0,0,2,0,0,2,0,0,2,1
72,1672.201,-6059.569,-63.500,-27.750,0.884722,0.464775,0.035379,-0.460647,0.883409,-0.085976,-0.071214,0.059768,0.995669,0,0.92636,0.57027,55.581,1.141,-1,400.000,-1,375.000,975.000,325.000,300.000,300.000,300.000,-1,600.000,750.000,-1,725.000,650.000,-1,925.000,2,0,2,0,1,0,0,0,0,2,0,0,2,0,0,2,1
73,1722.072,-6084.556,-67.460,-26.613,0.893822,0.447152,0.033721,-0.443306,0.892450,-0.083736,-0.067537,0.059897,0.995917,0,0.92970,0.56844,55.782,1.137,-1,400.000,-1,375.000,925.000,325.000,300.000,300.000,300.000,-1,525.000,650.000,-1,750.000,650.000,-1,900.000,2,0,2,0,1,0,0,0,0,2,0,0,2,0,0,2,1
74,1772.602,-6108.635,-71.338,-25.480,0.902540,0.429418,0.031961,-0.425848,0.901109,-0.081585,-0.063835,0.060023,0.996154,0,0.93290,0.56638,55.974,1.133,-1,400.000,-1,375.000,850.000,325.000,300.000,300.000,300.000,-1,475.000,550.000,-1,750.000,650.000,-1,875.000,2,0,2,0,1,0,0,0,0,2,0,0,2,0,0,2,1
75,1823.762,-6131.789,-75.129,-24.352,0.910872,0.411590,0.030113,-0.408287,0.909381,-0.079547,-0.060125,0.060162,0.996376,0,0.93595,0.56408,56.157,1.128,-1,400.000,-1,375.000,800.000,325.000,300.000,300.000,300.000,-1,425.000,500.000,-1,750.000,650.000,-1,850.000,2,0,2,0,1,0,0,0,0,2,0,0,2,0,0,2,1
76,1870.872,-6152.237,-78.271,-23.464,0.917153,0.397459,0.029265,-0.394349,0.915685,-0.077523,-0.057609,0.059560,0.996561,0,0.85595,0.44408,51.357,0.888,-1,400.000,-1,375.000,775.000,325.000,300.000,300.000,300.000,-1,425.000,500.000,-1,750.000,650.000,-1,825.000,2,0,2,0,1,0,0,0,0,2,0,0,2,0,0,2,1
77,1913.785,-6170.290,-80.964,-22.815,0.921591,0.387096,0.028740,-0.384143,0.920173,-0.075599,-0.055710,0.058631,0.996724,0,0.77595,0.32408,46.557,0.648,-1,400.000,-1,375.000,725.000,325.000,300.000,300.000,300.000,-1,425.000,525.000,-1,775.000,675.000,-1,825.000,2,0,2,0,1,0,0,0,0,2,0,0,2,0,0,2,1
78,1952.428,-6186.111,-83.318,-22.264,0.925276,0.378244,0.028212,-0.375426,0.923898,-0.073942,-0.054033,0.057826,0.996863,0,0.69595,0.27561,41.757,0.551,-1,400.000,-1,375.000,700.000,325.000,300.000,300.000,300.000,-1,425.000,525.000,-1,775.000,675.000,-1,800.000,2,0,2,0,1,0,0,0,0,2,0,0,2,0,0,2,1
79,1986.762,-6199.786,-85.357,-21.717,0.928847,0.369423,0.027736,-0.366721,0.927500,-0.072520,-0.052516,0.057189,0.996981,0,0.61595,0.27341,36.957,0.547,-1,400.000,-1,375.000,675.000,325.000,300.000,300.000,300.000,-1,450.000,550.000,-1,775.000,675.000,-1,775.000,2,0,2,0,1,0,0,0,0,2,0,0,2,0,0,2,1
80,2019.992,-6212.658,-87.283,-21.175,0.932309,0.360634,0.027268,-0.358041,0.930988,-0.071188,-0.051059,0.056606,0.997090,0,0.59394,0.27132,35.636,0.543,-1,400.000,-1,375.000,675.000,325.000,300.000,300.000,300.000,-1,450.000,550.000,-1,775.000,675.000,-1,775.000,2,0,2,0,1,0,0,0,0,2,0,0,2,0,0,2,1
81,2053.415,-6225.246,-89.072,-20.636,0.935646,0.351889,0.027205,-0.349390,0.934386,-0.069642,-0.049927,0.055655,0.997201,0,0.59526,0.26919,35.716,0.538,-1,400.000,-1,375.000,650.000,325.000,300.000,300.000,300.000,-1,475.000,575.000,-1,775.000,675.000,-1,750.000,2,0,2,0,1,0,0,0,0,2,0,0,2,0,0,2,1
82,2087.023,-6237.547,-90.803,-20.102,0.938873,0.343187,0.027217,-0.340777,0.937677,-0.068063,-0.048879,0.054628,0.997310,0,0.59648,0.26696,35.789,0.534,-1,400.000,-1,375.000,625.000,325.000,300.000,300.000,300.000,-1,500.000,625.000,-1,775.000,675.000,-1,750.000,2,0,2,0,1,0,0,0,0,2,0,0,2,0,0,2,1
83,2120.806,-6249.559,-92.501,-19.573,0.941993,0.334529,0.027199,-0.332206,0.940859,-0.066508,-0.047840,0.053615,0.997415,0,0.59758,0.26462,35.855,0.529,-1,400.000,-1,375.000,600.000,325.000,300.000,300.000,300.000,-1,525.000,650.000,-1,775.000,675.000,-1,725.000,2,0,2,0,1,0,0,0,0,2,0,0,2,0,0,2,1
84,2154.753,-6261.281,-94.169,-19.049,0.945007,0.325922,0.027159,-0.323683,0.943931,-0.064991,-0.046818,0.052626,0.997516,0,0.59857,0.26218,35.914,0.524,-1,400.000,-1,375.000,600.000,325.000,300.000,300.000,300.000,-1,550.000,675.000,-1,775.000,675.000,-1,725.000,2,0,2,0,1,0,0,0,0,2,0,0,2,0,0,2,1
85,2188.855,-6272.711,-95.806,-18.530,0.947915,0.317370,0.027098,-0.315212,0.946894,-0.063512,-0.045815,0.051662,0.997613,0,0.59943,0.25964,35.966,0.519,-1,400.000,-1,375.000,575.000,325.000,300.000,300.000,300.000,-1,550.000,700.000,-1,775.000,675.000,-1,700.000,2,0,2,0,1,0,0,0,0,2,0,0,2,0,0,2,1
86,2223.099,-6283.848,-97.414,-18.016,0.950718,0.308877,0.027017,-0.306799,0.949748,-0.062071,-0.044831,0.050723,0.997706,0,0.60016,0.25699,36.010,0.514,-1,400.000,-1,375.000,575.000,325.000,300.000,300.000,300.000,-1,575.000,725.000,-1,775.000,700.000,-1,700.000,2,0,2,0,1,0,0,0,0,2,0,0,2,0,0,2,1
87,2257.474,-6294.692,-98.992,-17.507,0.953417,0.300451,0.026918,-0.298447,0.952496,-0.060668,-0.043867,0.049808,0.997795,0,0.60075,0.25424,36.045,0.508,-1,400.000,-1,375.000,550.000,325.000,300.000,300.000,300.000,-1,600.000,775.000,-1,800.000,700.000,-1,700.000,2,0,2,0,1,0,0,0,0,2,0,0,2,0,0,2,1
88,2291.968,-6305.241,-100.541,-17.004,0.956014,0.292094,0.026803,-0.290164,0.955138,-0.059303,-0.042922,0.048917,0.997880,0,0.60119,0.25138,36.072,0.503,-1,400.000,-1,375.000,525.000,325.000,300.000,300.000,300.000,-1,625.000,800.000,-1,800.000,700.000,-1,725.000,2,0,2,0,1,0,0,0,0,2,0,0,2,0,0,2,1
89,2326.569,-6315.495,-102.059,-16.508,0.958509,0.283813,0.026672,-0.281953,0.957675,-0.057976,-0.041998,0.048050,0.997962,0,0.60148,0.24842,36.089,0.497,-1,400.000,-1,375.000,525.000,325.000,325.000,300.000,300.000,-1,650.000,825.000,-1,800.000,700.000,-1,750.000,2,0,2,0,1,0,0,0,0,2,0,0,2,0,1,2,1
90,2361.263,-6325.455,-103.549,-16.017,0.960903,0.275612,0.026528,-0.273819,0.960109,-0.056686,-0.041094,0.047206,0.998040,0,0.60160,0.24535,36.096,0.491,-1,400.000,-1,375.000,500.000,325.000,325.000,300.000,300.000,-1,675.000,850.000,-1,800.000,700.000,-1,775.000,2,0,2,0,1,0,0,0,0,2,0,0,2,0,1,2,1
91,2396.038,-6335.120,-105.009,-15.532,0.963198,0.267496,0.026372,-0.265768,0.962442,-0.055434,-0.040210,0.046385,0.998114,0,0.60155,0.24218,36.093,0.484,-1,400.000,-1,375.000,500.000,325.000,325.000,300.000,300.000,-1,725.000,900.000,-1,800.000,700.000,-1,-1,2,0,2,0,1,0,0,0,0,2,0,0,2,0,1,2,2
92,2430.878,-6344.492,-106.441,-15.055,0.965396,0.259470,0.026206,-0.257804,0.964675,-0.054219,-0.039348,0.045587,0.998185,0,0.60132,0.23891,36.079,0.478,-1,400.000,-1,375.000,475.000,325.000,325.000,300.000,300.000,-1,750.000,925.000,-1,800.000,700.000,-1,-1,2,0,2,0,1,0,0,0,0,2,0,0,2,0,1,2,2
93,2465.771,-6353.570,-107.844,-14.584,0.967497,0.251538,0.026030,-0.249932,0.966810,-0.053041,-0.038508,0.044811,0.998253,0,0.60091,0.23555,36.054,0.471,-1,400.000,-1,375.000,500.000,325.000,325.000,300.000,300.000,-1,775.000,950.000,-1,800.000,725.000,-1,-1,2,0,2,0,1,0,0,0,0,2,0,0,2,0,1,2,2
94,2500.701,-6362.357,-109.219,-14.119,0.969505,0.243705,0.025846,-0.242156,0.968848,-0.051899,-0.037689,0.044057,0.998318,0,0.60031,0.23210,36.018,0.464,-1,400.000,-1,375.000,500.000,325.000,325.000,300.000,300.000,-1,800.000,1000.000,-1,800.000,725.000,-1,-1,2,0,2,0,1,0,0,0,0,2,0,0,2,0,1,2,2
95,2535.654,-6370.853,-110.565,-13.662,0.971420,0.235975,0.025655,-0.234481,0.970793,-0.050792,-0.036892,0.043325,0.998380,0,0.59952,0.22857,35.971,0.457,-1,400.000,-1,375.000,500.000,325.000,325.000,300.000,300.000,-1,825.000,-1,-1,800.000,725.000,-1,-1,2,0,2,0,1,0,0,0,1,2,0,2,2,0,1,2,2
96,2570.615,-6379.061,-111.872,-13.212,0.973245,0.228351,0.025485,-0.226906,0.972644,-0.049776,-0.036155,0.042661,0.998435,0,0.59853,0.22496,35.912,0.450,-1,400.000,-1,375.000,525.000,325.000,325.000,300.000,300.000,-1,850.000,-1,-1,800.000,725.000,-1,-1,2,0,2,0,1,0,0,0,1,2,0,2,2,0,1,2,2
97,2605.569,-6386.983,-113.220,-12.770,0.974974,0.220840,0.025615,-0.219438,0.974417,-0.048575,-0.035687,0.041738,0.998491,0,0.59735,0.22128,35.841,0.443,-1,400.000,-1,400.000,550.000,325.000,325.000,300.000,300.000,-1,900.000,-1,-1,825.000,725.000,-1,-1,2,0,2,0,1,0,0,0,1,2,0,2,2,0,1,2,2
98,2640.502,-6394.622,-114.549,-12.335,0.976616,0.213443,0.025774,-0.212080,0.976103,-0.047376,-0.035270,0.040802,0.998545,0,0.59597,0.21754,35.758,0.435,-1,400.000,-1,400.000,575.000,325.000,325.000,300.000,300.000,-1,925.000,-1,-1,825.000,725.000,-1,-1,2,0,2,0,1,0,0,0,1,2,0,2,2,0,1,2,2
99,2675.398,-6401.981,-115.851,-11.907,0.978174,0.206162,0.025940,-0.204838,0.977705,-0.046195,-0.034886,0.039873,0.998596,0,0.59440,0.21375,35.664,0.427,-1,400.000,-1,400.000,-1,325.000,325.000,300.000,300.000,-1,975.000,-1,-1,825.000,750.000,-1,-1,2,0,2,0,2,0,0,0,1,2,0,2,2,0,1,2,2
100,2710.244,-6409.063,-117.210,-11.487,0.979647,0.198997,0.026295,-0.197691,0.979213,-0.045386,-0.034780,0.039264,0.998623,0,0.59264,0.20992,35.558,0.420,-1,400.000,-1,400.000,-1,325.000,325.000,300.000,275.000,-1,-1,-1,-1,825.000,750.000,-1,-1,2,0,2,0,2,0,0,0,1,2,2,2,2,0,0,2,2
101,2745.025,-6415.871,-118.571,-11.075,0.981041,0.191952,0.026709,-0.190656,0.980638,-0.044709,-0.034774,0.038770,0.998643,0,0.59069,0.20606,35.442,0.412,-1,400.000,-1,400.000,-1,325.000,325.000,300.000,275.000,-1,-1,-1,-1,825.000,750.000,-1,-1,2,0,2,0,2,0,0,0,1,2,2,2,2,0,0,2,2
102,2784.540,-6423.483,-120.098,-10.903,0.981598,0.189011,0.027219,-0.187723,0.981238,-0.043958,-0.035017,0.038040,0.998662,0,0.67069,0.08606,40.242,0.172,-1,400.000,-1,400.000,-1,325.000,325.000,300.000,275.000,-1,-1,-1,-1,800.000,750.000,-1,-1,2,0,2,0,2,0,0,0,1,2,2,2,2,0,0,2,2
103,2828.758,-6432.055,-121.797,-10.971,0.981355,0.190180,0.027831,-0.188897,0.981049,-0.043136,-0.035507,0.037074,0.998681,0,0.75069,-0.03394,45.042,-0.068,-1,400.000,-1,400.000,-1,325.000,325.000,300.000,275.000,-1,-1,-1,-1,800.000,750.000,-1,-1,2,0,2,0,2,0,0,0,1,2,2,2,2,0,0,2,2
104,2877.637,-6441.804,-123.630,-11.279,0.980302,0.195456,0.028372,-0.194179,0.980050,-0.042394,-0.036092,0.036049,0.998698,0,0.83069,-0.15394,49.842,-0.308,-1,400.000,-1,400.000,-1,325.000,325.000,300.000,275.000,-1,-1,-1,-1,800.000,750.000,-1,-1,2,0,2,0,2,0,0,0,1,2,2,2,2,0,0,2,2
105,2931.119,-6453.003,-125.623,-11.827,0.978371,0.204827,0.028917,-0.203555,0.978176,-0.041670,-0.036821,0.034882,0.998713,0,0.91069,-0.27394,54.642,-0.548,-1,400.000,-1,400.000,-1,325.000,325.000,300.000,250.000,-1,-1,-1,-1,800.000,750.000,-1,-1,2,0,2,0,2,0,0,0,1,2,2,2,2,0,0,2,2
106,2986.687,-6465.440,-127.704,-12.615,0.975443,0.218268,0.029484,-0.217001,0.975312,-0.040964,-0.037697,0.033560,0.998726,0,0.94904,-0.39394,56.942,-0.788,-1,400.000,-1,400.000,-1,325.000,325.000,300.000,250.000,-1,-1,-1,-1,800.000,750.000,-1,-1,2,0,2,0,2,0,0,0,1,2,2,2,2,0,0,2,2
107,3041.860,-6478.831,-129.790,-13.642,0.971352,0.235740,0.030044,-0.234477,0.971285,-0.040315,-0.038685,0.032116,0.998735,0,0.94626,-0.51394,56.775,-1.028,-1,400.000,-1,400.000,-1,325.000,325.000,300.000,250.000,-1,-1,-1,-1,800.000,725.000,-1,-1,2,0,2,0,2,0,0,0,1,2,2,2,2,0,0,2,2
108,3096.573,-6493.400,-131.886,-14.910,0.965877,0.257187,0.030590,-0.255929,0.965879,-0.039725,-0.039763,0.030541,0.998742,0,0.94364,-0.63394,56.619,-1.268,-1,400.000,-1,400.000,-1,325.000,325.000,300.000,225.000,-1,-1,-1,-1,800.000,725.000,-1,-1,2,0,2,0,2,0,0,0,1,2,2,2,2,0,0,2,2
109,3150.745,-6509.363,-133.998,-16.418,0.958754,0.282529,0.031115,-0.281278,0.958826,-0.039198,-0.040909,0.028829,0.998747,0,0.94125,-0.75394,56.475,-1.508,-1,400.000,-1,400.000,-1,325.000,325.000,300.000,225.000,-1,-1,-1,-1,800.000,725.000,-1,-1,2,0,2,0,2,0,0,0,1,2,2,2,2,0,0,2,2
110,3204.283,-6526.931,-136.203,-18.166,0.949672,0.311661,0.031481,-0.310438,0.949819,-0.038380,-0.041863,0.026675,0.998767,0,0.93911,-0.87394,56.346,-1.748,-1,400.000,-1,375.000,-1,325.000,325.000,300.000,225.000,-1,-1,-1,-1,775.000,725.000,-1,-1,2,0,2,0,2,0,0,0,1,2,2,2,2,0,0,2,2
111,3257.074,-6546.308,-138.549,-20.154,0.938261,0.344447,0.031968,-0.343279,0.938507,-0.036937,-0.042725,0.023682,0.998806,0,0.93725,-0.99394,56.235,-1.988,-1,400.000,-1,375.000,-1,325.000,325.000,300.000,225.000,-1,-1,-1,-1,775.000,725.000,-1,-1,2,0,2,0,2,0,0,0,1,2,2,2,2,0,0,2,2
112,3309.071,-6567.479,-140.411,-22.154,0.925653,0.377031,0.031840,-0.376042,0.926014,-0.033040,-0.041942,0.018610,0.998947,0,0.93569,-1.00000,56.142,-2.000,-1,400.000,-1,400.000,-1,325.000,325.000,300.000,225.000,-1,-1,-1,-1,775.000,725.000,-1,-1,2,0,2,0,2,0,0,0,1,2,2,2,2,0,0,2,2
113,3360.211,-6590.413,-142.696,-24.154,0.911904,0.409144,0.032131,-0.408256,0.912347,-0.030824,-0.041926,0.014991,0.999008,0,0.93412,-1.00000,56.047,-2.000,-1,400.000,-1,400.000,-1,325.000,325.000,300.000,225.000,-1,-1,-1,-1,775.000,725.000,-1,-1,2,0,2,0,2,0,0,0,1,2,2,2,2,0,0,2,2
114,3410.434,-6615.076,-145.451,-26.154,0.897043,0.440747,0.032489,-0.439886,0.897537,-0.030461,-0.042586,0.013034,0.999008,0,0.93253,-1.00000,55.952,-2.000,-1,400.000,-1,375.000,-1,325.000,325.000,300.000,225.000,-1,-1,-1,-1,775.000,725.000,-1,-1,2,0,2,0,2,0,0,0,1,2,2,2,2,0,0,2,2
115,3459.680,-6641.431,-148.057,-28.154,0.881087,0.471813,0.032852,-0.470973,0.881628,-0.030279,-0.043249,0.011206,0.999001,0,0.93092,-1.00000,55.855,-2.000,-1,400.000,-1,375.000,-1,325.000,325.000,300.000,225.000,-1,1000.000,-1,-1,750.000,700.000,-1,-1,2,0,2,0,2,0,0,0,1,2,0,2,2,0,0,2,2
116,3507.894,-6669.441,-150.475,-30.154,0.864058,0.502306,0.033053,-0.501529,0.864646,-0.029249,-0.043271,0.008696,0.999026,0,0.92932,-1.00000,55.759,-2.000,-1,400.000,-1,375.000,-1,325.000,325.000,300.000,200.000,-1,950.000,-1,-1,750.000,700.000,-1,-1,2,0,2,0,2,0,0,0,1,2,0,2,2,0,0,2,2
117,3555.020,-6699.065,-152.879,-32.154,0.845973,0.532186,0.033278,-0.531474,0.846605,-0.028206,-0.043185,0.006175,0.999048,0,0.92773,-1.00000,55.664,-2.000,-1,400.000,-1,375.000,-1,325.000,325.000,300.000,200.000,-1,925.000,-1,-1,750.000,700.000,-1,-1,2,0,2,0,2,0,0,0,1,2,0,2,2,0,0,2,2
118,3601.006,-6730.262,-155.265,-34.154,0.826855,0.561415,0.033532,-0.560770,0.827526,-0.027154,-0.042993,0.003648,0.999069,0,0.92616,-1.00000,55.570,-2.000,-1,400.000,-1,375.000,-1,325.000,325.000,300.000,225.000,-1,875.000,-1,-1,725.000,700.000,-1,-1,2,0,2,0,2,0,0,0,1,2,0,2,2,0,0,2,2
119,3645.800,-6762.992,-157.631,-36.154,0.806726,0.589957,0.033818,-0.589380,0.807434,-0.026096,-0.042701,0.001121,0.999087,0,0.92463,-1.00000,55.478,-2.000,-1,400.000,-1,375.000,-1,325.000,325.000,300.000,225.000,-1,850.000,-1,-1,725.000,700.000,-1,-1,2,0,2,0,2,0,0,0,1,2,0,2,2,0,0,2,2
120,3689.355,-6797.209,-159.972,-38.154,0.785613,0.617776,0.034139,-0.617270,0.786353,-0.025036,-0.042312,-0.001404,0.999103,0,0.92313,-1.00000,55.388,-2.000,-1,400.000,-1,375.000,-1,325.000,300.000,300.000,225.000,-1,825.000,-1,-1,725.000,700.000,-1,-1,2,0,2,0,2,0,0,0,1,2,0,2,2,0,0,2,2
121,3731.623,-6832.870,-162.361,-40.154,0.763540,0.644838,0.034509,-0.644420,0.764308,-0.023584,-0.041583,-0.004231,0.999126,0,0.92169,-1.00000,55.302,-2.000,-1,375.000,-1,375.000,-1,325.000,300.000,300.000,225.000,-1,775.000,975.000,-1,700.000,675.000,-1,-1,2,0,2,0,2,0,0,0,1,2,0,0,2,0,0,2,2
122,3772.559,-6869.928,-164.722,-42.154,0.740536,0.671108,0.034932,-0.670781,0.741326,-0.022120,-0.040741,-0.007051,0.999145,0,0.92032,-1.00000,55.219,-2.000,-1,375.000,-1,375.000,-1,325.000,300.000,300.000,225.000,-1,750.000,925.000,-1,700.000,675.000,-1,-1,2,0,2,0,2,0,0,0,1,2,0,0,2,0,0,2,2
123,3812.121,-6908.338,-166.767,-44.154,0.716692,0.696562,0.033957,-0.696304,0.717443,-0.020857,-0.038890,-0.008696,0.999206,0,0.91901,-1.00000,55.140,-2.000,-1,375.000,-1,375.000,-1,325.000,300.000,300.000,250.000,-1,725.000,850.000,-1,700.000,675.000,-1,-1,2,0,2,0,2,0,0,0,1,2,0,0,2,0,0,2,2
124,3850.266,-6948.052,-168.743,-46.154,0.691982,0.721166,0.032866,-0.720974,0.692687,-0.019527,-0.036848,-0.010183,0.999269,0,0.91777,-1.00000,55.066,-2.000,-1,375.000,-1,375.000,975.000,325.000,300.000,300.000,250.000,-1,700.000,800.000,-1,700.000,675.000,-1,-1,2,0,2,0,1,0,0,0,1,2,0,0,2,0,0,2,2
125,3886.957,-6989.020,-169.933,-48.154,0.666320,0.744871,0.034424,-0.744779,0.667069,-0.017960,-0.036341,-0.013671,0.999246,0,0.91661,-1.00000,54.996,-2.000,-1,375.000,-1,375.000,950.000,300.000,300.000,300.000,275.000,-1,750.000,850.000,-1,700.000,675.000,-1,-1,2,0,2,0,1,0,0,0,1,2,0,0,2,0,0,2,2
126,3922.154,-7031.195,-171.405,-50.154,0.639908,0.767670,0.034647,-0.767660,0.640645,-0.016524,-0.034881,-0.016024,0.999263,0,0.91553,-1.00000,54.932,-2.000,-1,375.000,-1,375.000,900.000,300.000,300.000,300.000,275.000,-1,750.000,850.000,-1,700.000,675.000,-1,975.000,2,0,2,0,1,0,0,0,1,2,0,0,2,0,0,2,1
127,3955.820,-7074.525,-173.176,-52.154,0.612780,0.789546,0.033439,-0.789589,0.613451,-0.015075,-0.032416,-0.017165,0.999327,0,0.91454,-1.00000,54.872,-2.000,-1,375.000,-1,375.000,850.000,325.000,300.000,300.000,275.000,-1,725.000,800.000,-1,700.000,675.000,-1,925.000,2,0,2,0,1,0,0,0,1,2,0,0,2,0,0,2,1
128,3985.312,-7114.990,-175.061,-53.914,0.588342,0.808015,0.031065,-0.808081,0.588913,-0.013616,-0.029297,-0.017092,0.999425,0,0.83454,-0.88000,50.072,-1.760,-1,375.000,-1,375.000,800.000,325.000,300.000,300.000,300.000,-1,600.000,675.000,-1,700.000,675.000,-1,875.000,2,0,2,0,1,0,0,0,1,2,0,0,2,0,0,2,1
129,4010.998,-7152.271,-176.478,-55.434,0.566755,0.823340,0.029999,-0.823450,0.567264,-0.011884,-0.026802,-0.017967,0.999479,0,0.75454,-0.76000,45.272,-1.520,-1,375.000,-1,375.000,775.000,325.000,300.000,300.000,300.000,-1,525.000,600.000,-1,725.000,675.000,-1,825.000,2,0,2,0,1,0,0,0,1,2,0,0,2,0,0,2,1
130,4033.210,-7186.103,-177.492,-56.714,0.548247,0.835781,0.029935,-0.835951,0.548714,-0.009931,-0.024726,-0.019580,0.999503,0,0.67454,-0.64000,40.472,-1.280,-1,375.000,-1,375.000,750.000,325.000,300.000,300.000,300.000,-1,500.000,550.000,-1,725.000,700.000,-1,775.000,2,0,2,0,1,0,0,0,0,2,0,0,2,0,0,2,1
131,4053.114,-7217.653,-178.406,-57.754,0.533010,0.845578,0.029976,-0.845800,0.533438,-0.008143,-0.022876,-0.021013,0.999517,0,0.62173,-0.52000,37.304,-1.040,-1,375.000,-1,375.000,725.000,325.000,300.000,300.000,300.000,-1,500.000,525.000,-1,725.000,700.000,-1,750.000,2,0,2,0,1,0,0,0,0,2,0,0,2,0,1,2,1
132,4072.539,-7249.444,-179.300,-58.575,0.520856,0.853114,0.030091,-0.853383,0.521246,-0.006376,-0.021124,-0.022358,0.999527,0,0.62093,-0.41072,37.256,-0.821,-1,375.000,-1,375.000,700.000,325.000,300.000,300.000,325.000,-1,475.000,500.000,-1,725.000,675.000,-1,725.000,2,0,2,0,1,0,0,0,0,2,0,0,2,0,1,2,1
133,4091.476,-7281.458,-180.176,-59.395,0.508624,0.860456,0.030283,-0.860770,0.508973,-0.004622,-0.019391,-0.023716,0.999531,0,0.61992,-0.40982,37.195,-0.820,-1,375.000,-1,375.000,650.000,325.000,325.000,300.000,325.000,-1,450.000,500.000,-1,725.000,650.000,-1,700.000,2,0,2,0,1,0,0,0,0,2,0,0,2,0,1,2,1
134,4109.926,-7313.690,-180.956,-60.213,0.496315,0.867610,0.030402,-0.867957,0.496628,-0.003261,-0.017928,-0.024769,0.999532,0,0.61899,-0.40886,37.139,-0.818,-1,375.000,-1,375.000,625.000,325.000,325.000,300.000,325.000,-1,450.000,500.000,-1,725.000,625.000,-1,650.000,2,0,2,0,1,0,0,0,0,2,0,0,2,0,1,2,1
135,4127.890,-7346.136,-181.616,-61.028,0.483932,0.874578,0.030379,-0.874944,0.484218,-0.002411,-0.016818,-0.025414,0.999536,0,0.61813,-0.40786,37.088,-0.816,-1,375.000,-1,375.000,600.000,325.000,325.000,300.000,300.000,-1,475.000,500.000,-1,725.000,600.000,-1,625.000,2,0,2,0,1,0,0,0,0,2,0,0,2,0,1,2,1
136,4146.873,-7381.249,-182.303,-61.604,0.475140,0.879387,0.030357,-0.879769,0.475399,-0.001520,-0.015768,-0.025984,0.999538,0,0.66526,-0.28786,39.916,-0.576,-1,375.000,-1,375.000,575.000,325.000,325.000,300.000,300.000,-1,500.000,525.000,-1,725.000,575.000,-1,600.000,2,0,2,0,1,0,0,0,0,2,0,0,2,0,1,2,1
137,4165.618,-7416.414,-182.859,-61.940,0.470016,0.882157,0.029753,-0.882540,0.470238,-0.000545,-0.014472,-0.026002,0.999557,0,0.66415,-0.16786,39.849,-0.336,-1,375.000,-1,375.000,550.000,325.000,325.000,300.000,300.000,-1,500.000,525.000,-1,725.000,550.000,-1,550.000,2,0,2,0,1,0,0,0,0,2,0,0,2,0,1,2,1
