timestep,x_cm,y_cm,z_cm,yaw_deg,basis_xx,basis_xy,basis_xz,basis_yx,basis_yy,basis_yz,basis_zx,basis_zy,basis_zz,teleport_flag,throttle_cmd,steering_cmd,cmd_move_cm,cmd_turn_deg,lidar_cm_0,lidar_cm_1,lidar_cm_2,lidar_cm_3,lidar_cm_4,lidar_cm_5,lidar_cm_6,lidar_cm_7,lidar_cm_8,lidar_cm_9,lidar_cm_10,lidar_cm_11,lidar_cm_12,lidar_cm_13,lidar_cm_14,lidar_cm_15,lidar_cm_16,lidar_class_0,lidar_class_1,lidar_class_2,lidar_class_3,lidar_class_4,lidar_class_5,lidar_class_6,lidar_class_7,lidar_class_8,lidar_class_9,lidar_class_10,lidar_class_11,lidar_class_12,lidar_class_13,lidar_class_14,lidar_class_15,lidar_class_16
0,3605.742,2947.274,304.787,-113.190,-0.394455,0.918909,0.003359,-0.916421,-0.393651,0.072185,0.067653,0.025395,0.997386,1,0.08000,-0.12000,4.800,-0.240,-1,325.000,475.000,200.000,225.000,250.000,200.000,275.000,450.000,950.000,150.000,200.000,-1,550.000,275.000,-1,200.000,2,1,1,1,1,1,1,0,0,0,0,0,2,1,1,2,1
1,3601.887,2938.482,305.660,-113.670,-0.401977,0.915625,0.006739,-0.912979,-0.401356,0.073371,0.069885,0.023341,0.997282,0,0.16000,-0.24000,9.600,-0.480,-1,325.000,475.000,200.000,225.000,250.000,200.000,275.000,450.000,850.000,125.000,200.000,-1,550.000,275.000,-1,200.000,2,1,1,1,1,1,1,0,0,0,0,0,2,1,1,2,1
2,3595.939,2925.367,306.976,-114.390,-0.413177,0.910572,0.011960,-0.907696,-0.412858,0.075076,0.073300,0.020164,0.997106,0,0.24000,-0.36000,14.400,-0.720,-1,325.000,450.000,200.000,225.000,225.000,200.000,275.000,475.000,775.000,125.000,200.000,-1,525.000,250.000,-1,200.000,2,1,1,1,1,1,1,0,1,0,0,0,2,1,1,2,1
3,3587.717,2908.015,308.744,-115.350,-0.427950,0.903599,0.019198,-0.900433,-0.428090,0.077201,0.077977,0.015751,0.996831,0,0.32000,-0.48000,19.200,-0.960,-1,300.000,425.000,200.000,225.000,225.000,200.000,275.000,475.000,675.000,100.000,200.000,-1,500.000,250.000,-1,200.000,2,1,1,1,1,1,1,0,1,0,0,0,2,1,1,2,1
4,3577.004,2886.537,310.996,-116.504,-0.445424,0.894858,0.028750,-0.891358,-0.446241,0.079685,0.084136,0.009867,0.996405,0,0.40000,-0.57719,24.000,-1.154,-1,275.000,400.000,200.000,225.000,225.000,175.000,250.000,475.000,575.000,100.000,175.000,-1,450.000,250.000,-1,200.000,2,1,1,1,1,1,1,0,1,0,0,0,2,1,1,2,1
5,3563.634,2861.027,313.850,-117.654,-0.462306,0.885763,0.041193,-0.881891,-0.464133,0.082759,0.092424,0.001932,0.995718,0,0.48000,-0.57501,28.800,-1.150,-1,275.000,400.000,200.000,225.000,200.000,175.000,250.000,475.000,500.000,75.000,175.000,-1,425.000,250.000,-1,200.000,2,1,1,1,1,1,1,0,1,0,0,0,2,1,1,2,1
6,3547.443,2831.582,317.352,-118.802,-0.478474,0.876256,0.056907,-0.872033,-0.481775,0.086320,0.103055,-0.008323,0.994641,0,0.56000,-0.57413,33.600,-1.148,-1,250.000,375.000,175.000,225.000,200.000,175.000,250.000,475.000,425.000,75.000,150.000,-1,400.000,225.000,825.000,200.000,2,1,1,1,1,1,1,0,1,0,0,0,2,1,1,1,1
7,3528.267,2798.308,322.499,-119.952,-0.493980,0.866316,0.074032,-0.861379,-0.499195,0.093966,0.118361,-0.017352,0.992819,0,0.64000,-0.57463,38.400,-1.149,-1,250.000,375.000,175.000,225.000,200.000,150.000,250.000,500.000,375.000,75.000,150.000,-1,375.000,225.000,775.000,175.000,2,1,1,1,1,1,1,0,1,0,0,0,2,1,1,1,1
8,-4263.588,983.866,415.550,140.666,-0.770937,-0.632052,0.078529,0.635660,-0.771277,0.032685,0.039909,0.075116,0.996376,1,0.00000,0.00000,43.200,-1.153,-1,425.000,-1,475.000,-1,350.000,375.000,275.000,325.000,-1,-1,-1,-1,-1,-1,-1,-1,2,0,2,0,2,0,0,0,0,2,2,2,2,2,2,2,2
9,-4267.313,986.894,416.218,140.906,-0.773724,-0.628841,0.076881,0.632358,-0.773949,0.033555,0.038401,0.074578,0.996476,0,0.08000,0.12000,4.800,0.240,-1,425.000,-1,475.000,-1,350.000,375.000,275.000,325.000,-1,-1,-1,-1,-1,-1,-1,-1,2,0,2,0,2,0,0,0,0,2,2,2,2,2,2,2,2
10,-4274.812,992.886,417.455,141.386,-0.779224,-0.622374,0.073893,0.625733,-0.779238,0.035309,0.035605,0.073751,0.996641,0,0.16000,0.24000,9.600,0.480,-1,425.000,-1,475.000,-1,350.000,375.000,275.000,325.000,-1,-1,-1,-1,-1,-1,-1,-1,2,0,2,0,2,0,0,0,0,2,2,2,2,2,2,2,2
11,-4286.177,1001.728,418.177,142.106,-0.787049,-0.612413,0.074195,0.615923,-0.786843,0.038936,0.034535,0.076343,0.996483,0,0.24000,0.36000,14.400,0.720,-1,425.000,-1,475.000,-1,350.000,375.000,275.000,325.000,-1,-1,-1,-1,-1,-1,-1,-1,2,0,2,0,2,0,0,0,0,2,2,2,2,2,2,2,2
12,-4301.526,1013.262,419.144,143.066,-0.797289,-0.598985,0.074478,0.602685,-0.796783,0.043677,0.033181,0.079710,0.996266,0,0.32000,0.48000,19.200,0.960,-1,425.000,-1,475.000,-1,350.000,350.000,275.000,325.000,-1,-1,-1,-1,-1,-1,-1,-1,2,0,2,0,2,0,0,0,0,2,2,2,2,2,2,2,2
13,-4320.980,1027.314,420.397,144.148,-0.808594,-0.583624,0.074557,0.587538,-0.807671,0.049660,0.031235,0.083960,0.995979,0,0.40000,0.54114,24.000,1.082,-1,425.000,-1,475.000,-1,350.000,350.000,300.000,325.000,-1,-1,-1,-1,-1,-1,-1,-1,2,0,2,0,2,0,0,0,0,2,2,2,2,2,2,2,2
14,-4344.638,1043.736,421.956,145.223,-0.819590,-0.568117,0.074266,0.572245,-0.818104,0.056929,0.028415,0.089157,0.995612,0,0.48000,0.53730,28.800,1.075,-1,450.000,-1,450.000,-1,350.000,350.000,300.000,300.000,-1,-1,-1,-1,-1,-1,-1,-1,2,0,2,0,2,0,0,0,0,2,2,2,2,2,2,2,2
15,-4372.590,1062.379,423.773,146.288,-0.830258,-0.552502,0.073569,0.556822,-0.828070,0.065187,0.024904,0.095087,0.995157,0,0.56000,0.53271,33.600,1.065,-1,450.000,-1,450.000,-1,350.000,350.000,325.000,300.000,-1,-1,-1,-1,-1,-1,-1,-1,2,0,2,0,2,0,0,0,0,2,2,2,2,2,2,2,2
16,-4404.920,1083.096,424.886,147.343,-0.840409,-0.537018,0.072969,0.541429,-0.837869,0.069497,0.023817,0.097914,0.994910,0,0.64000,0.52737,38.400,1.055,-1,450.000,-1,450.000,-1,350.000,350.000,325.000,300.000,-1,-1,-1,-1,-1,-1,-1,-1,2,0,2,0,2,0,0,0,0,2,2,2,2,2,2,2,2
17,-4441.709,1105.740,425.717,148.385,-0.850104,-0.521611,0.072416,0.526076,-0.847383,0.072013,0.023802,0.099315,0.994771,0,0.72000,0.52128,43.200,1.043,1000.000,450.000,-1,450.000,-1,350.000,350.000,325.000,300.000,-1,-1,-1,-1,1000.000,-1,-1,-1,1,0,2,0,2,0,0,0,0,2,2,2,2,1,2,2,2
18,-4476.637,1126.569,426.512,149.188,-0.857398,-0.509621,0.071801,0.514119,-0.854489,0.074364,0.023455,0.100674,0.994643,0,0.67779,0.40128,40.668,0.803,950.000,475.000,-1,450.000,-1,350.000,350.000,325.000,300.000,-1,-1,-1,-1,975.000,-1,-1,-1,1,0,2,0,2,0,0,0,0,2,2,2,2,1,2,2,2
19,-4512.042,1147.215,427.145,149.751,-0.862490,-0.501167,0.070303,0.505591,-0.859384,0.076406,0.022125,0.101444,0.994595,0,0.68310,0.28128,40.986,0.563,925.000,475.000,-1,450.000,-1,375.000,350.000,325.000,300.000,-1,-1,-1,-1,950.000,-1,-1,-1,1,0,2,0,2,0,0,0,0,2,2,2,2,1,2,2,2
20,-4547.832,1167.820,427.314,150.073,-0.865555,-0.496371,0.066557,0.500457,-0.862277,0.077593,0.018876,0.100469,0.994761,0,0.68832,0.16128,41.299,0.323,875.000,475.000,-1,475.000,-1,375.000,350.000,300.000,300.000,-1,-1,-1,-1,925.000,-1,-1,-1,1,0,2,0,2,0,0,0,0,2,2,2,2,1,2,2,2
21,-4583.921,1188.528,427.441,150.156,-0.866528,-0.495174,0.062711,0.498900,-0.863072,0.078773,0.015118,0.099545,0.994918,0,0.69347,0.04128,41.608,0.083,850.000,475.000,-1,475.000,-1,375.000,350.000,300.000,300.000,-1,-1,-1,-1,900.000,-1,-1,-1,1,0,2,0,2,0,0,0,0,2,2,2,2,1,2,2,2
22,-4620.219,1209.489,427.510,149.998,-0.865421,-0.497587,0.058772,0.500929,-0.861783,0.080001,0.010842,0.098675,0.995061,0,0.69858,-0.07872,41.915,-0.157,800.000,475.000,-1,475.000,-1,375.000,350.000,300.000,300.000,-1,-1,-1,-1,875.000,-1,-1,-1,1,0,2,0,2,0,0,0,0,2,2,2,2,1,2,2,2
23,-4656.634,1230.855,427.504,149.601,-0.862204,-0.503594,0.054750,0.506525,-0.858380,0.081334,0.006036,0.097859,0.995182,0,0.70368,-0.19872,42.221,-0.397,775.000,475.000,-1,475.000,-1,375.000,350.000,300.000,325.000,-1,-1,-1,-1,875.000,-1,-1,-1,1,0,2,0,2,0,0,0,0,2,2,2,2,1,2,2,2
24,-4693.133,1252.681,427.417,149.124,-0.858228,-0.510753,0.050755,0.513267,-0.854221,0.082841,0.001045,0.097148,0.995269,0,0.70878,-0.23831,42.527,-0.477,750.000,475.000,-1,475.000,-1,375.000,350.000,300.000,325.000,-1,-1,-1,-1,875.000,-1,-1,-1,1,0,2,0,2,0,0,0,0,2,2,2,2,1,2,2,2
25,-4729.710,1274.980,427.129,148.634,-0.854074,-0.518050,0.046709,0.520133,-0.849834,0.085115,-0.004399,0.096989,0.995276,0,0.71396,-0.24508,42.837,-0.490,700.000,450.000,-1,475.000,-1,375.000,350.000,300.000,325.000,-1,-1,-1,-1,900.000,-1,-1,-1,1,0,2,0,2,0,0,0,0,2,2,2,2,1,2,2,2
26,-4766.359,1297.766,426.670,148.130,-0.849732,-0.525488,0.042636,0.527116,-0.845222,0.088030,-0.010222,0.097276,0.995205,0,0.71924,-0.25192,43.154,-0.504,675.000,450.000,-1,475.000,-1,350.000,350.000,300.000,325.000,-1,-1,-1,-1,950.000,-1,-1,-1,1,0,2,0,2,0,0,0,0,2,2,2,2,1,2,2,2
27,-4806.936,1323.323,425.630,147.795,-0.846954,-0.530308,0.037980,0.531372,-0.841951,0.093601,-0.017660,0.099457,0.994885,0,0.79924,-0.16755,47.954,-0.335,650.000,450.000,-1,450.000,-1,350.000,350.000,300.000,325.000,-1,-1,-1,-1,-1,-1,-1,-1,1,0,2,0,2,0,0,0,0,2,2,2,2,2,2,2,2
28,-4849.656,1350.566,424.378,147.472,-0.844270,-0.534892,0.033135,0.535301,-0.838721,0.100002,-0.025699,0.102165,0.994435,0,0.84444,-0.16131,50.666,-0.323,600.000,450.000,-1,450.000,-1,350.000,350.000,300.000,300.000,-1,-1,-1,-1,-1,975.000,-1,-1,1,1,2,0,2,0,0,0,0,2,2,2,2,2,1,2,2
29,-4892.274,1378.069,423.077,147.163,-0.841664,-0.539254,0.028415,0.538953,-0.835586,0.106421,-0.033645,0.104885,0.993915,0,0.84535,-0.15448,50.721,-0.309,575.000,425.000,-1,425.000,-1,350.000,350.000,300.000,300.000,-1,-1,-1,-1,975.000,925.000,-1,-1,1,1,2,0,2,0,0,0,0,2,2,2,2,0,1,2,2
30,-4934.772,1405.806,421.404,146.869,-0.839091,-0.543461,0.023985,0.542483,-0.832674,0.111205,-0.040464,0.106322,0.993508,0,0.84580,-0.14737,50.748,-0.295,550.000,425.000,-1,425.000,-1,350.000,350.000,300.000,300.000,-1,-1,-1,-1,950.000,900.000,-1,-1,1,1,2,0,2,0,0,0,0,2,2,2,2,0,1,2,2
31,-4977.132,1433.750,419.570,146.589,-0.836596,-0.547465,0.019718,0.545816,-0.829919,0.115408,-0.046818,0.107312,0.993122,0,0.84575,-0.13998,50.745,-0.280,525.000,425.000,-1,425.000,-1,325.000,325.000,300.000,300.000,-1,-1,-1,-1,900.000,850.000,-1,-1,1,1,2,0,2,0,0,0,0,2,2,2,2,0,1,2,2
32,-5019.334,1461.870,417.672,146.324,-0.834203,-0.551238,0.015563,0.548905,-0.827299,0.119498,-0.052997,0.108228,0.992712,0,0.84519,-0.13234,50.711,-0.265,500.000,425.000,-1,400.000,-1,325.000,325.000,325.000,300.000,-1,-1,-1,-1,875.000,825.000,-1,-1,1,0,2,0,2,0,0,0,0,2,2,2,2,0,1,2,2
33,-5061.357,1490.138,415.241,146.075,-0.831842,-0.554889,0.011718,0.552024,-0.824989,0.121089,-0.057524,0.107196,0.992572,0,0.84409,-0.12445,50.646,-0.249,500.000,400.000,-1,400.000,-1,325.000,325.000,325.000,300.000,-1,-1,-1,-1,850.000,800.000,1000.000,-1,1,0,2,0,2,0,0,0,0,2,2,2,2,0,1,1,2
34,-5103.183,1518.522,412.474,145.842,-0.829555,-0.558367,0.008073,0.555083,-0.822924,0.121159,-0.061008,0.104990,0.992600,0,0.84245,-0.11634,50.547,-0.233,500.000,400.000,-1,400.000,-1,325.000,325.000,325.000,300.000,-1,-1,-1,-1,850.000,775.000,950.000,1000.000,1,0,2,0,2,0,0,0,0,2,2,2,2,0,1,1,1
35,-5144.793,1546.989,409.668,145.626,-0.827399,-0.561596,0.004496,0.557913,-0.821003,0.121194,-0.064371,0.102785,0.992619,0,0.84025,-0.10803,50.415,-0.216,550.000,400.000,-1,400.000,-1,325.000,325.000,325.000,300.000,-1,-1,-1,-1,825.000,750.000,900.000,950.000,1,0,2,0,2,0,0,0,0,2,2,2,2,1,1,1,1
36,-5186.170,1575.503,407.533,145.427,-0.825484,-0.564408,0.004513,0.560636,-0.818990,0.122240,-0.065297,0.103437,0.992490,0,0.83750,-0.09957,50.250,-0.199,725.000,400.000,-1,400.000,-1,325.000,325.000,325.000,300.000,-1,-1,-1,-1,800.000,725.000,875.000,900.000,1,0,2,0,2,0,0,0,0,2,2,2,2,1,1,1,1
37,-5227.292,1604.037,405.101,145.245,-0.823690,-0.567030,0.003277,0.563071,-0.817229,0.122833,-0.066972,0.103022,0.992422,0,0.83419,-0.09097,50.052,-0.182,700.000,425.000,-1,400.000,950.000,325.000,325.000,325.000,300.000,-1,-1,-1,-1,775.000,700.000,825.000,850.000,1,0,2,0,1,0,0,1,0,2,2,2,2,1,1,1,1
38,-5268.143,1632.559,401.995,145.081,-0.821985,-0.569508,-0.000176,0.565188,-0.815787,0.122698,-0.070021,0.100757,0.992444,0,0.83036,-0.08230,49.821,-0.165,675.000,400.000,-1,400.000,875.000,325.000,325.000,275.000,300.000,-1,-1,-1,-1,725.000,675.000,775.000,800.000,1,0,2,0,1,0,0,1,0,2,2,2,2,1,1,1,1
39,-5308.705,1661.037,398.167,144.934,-0.820359,-0.571822,-0.005519,0.567011,-0.814634,0.121941,-0.074225,0.096906,0.992522,0,0.82602,-0.07360,49.561,-0.147,650.000,400.000,-1,400.000,825.000,325.000,325.000,250.000,325.000,-1,-1,-1,-1,700.000,625.000,725.000,725.000,1,0,2,0,1,0,0,1,0,2,2,2,2,1,1,1,1
40,-5348.965,1689.444,394.047,144.797,-0.818910,-0.573862,-0.008309,0.568776,-0.813416,0.121852,-0.076685,0.095060,0.992513,0,0.82120,-0.06819,49.272,-0.136,625.000,400.000,-1,400.000,750.000,325.000,325.000,225.000,325.000,-1,-1,-1,-1,675.000,600.000,675.000,675.000,1,0,2,0,1,0,0,1,0,2,2,2,2,1,1,1,1
41,-5388.905,1717.758,390.149,144.666,-0.817618,-0.575704,-0.008158,0.570567,-0.812059,0.122527,-0.077164,0.095525,0.992432,0,0.81596,-0.06582,48.957,-0.132,575.000,400.000,-1,400.000,675.000,325.000,325.000,225.000,325.000,-1,-1,-1,-1,650.000,575.000,650.000,625.000,1,0,2,0,1,0,0,1,0,2,2,2,2,1,1,1,1
42,-5428.505,1745.965,386.279,144.538,-0.816358,-0.577490,-0.008037,0.572308,-0.810746,0.123106,-0.077608,0.095899,0.992361,0,0.81031,-0.06380,48.619,-0.128,550.000,400.000,-1,400.000,625.000,325.000,325.000,200.000,325.000,-1,-1,-1,-1,625.000,550.000,600.000,575.000,1,0,2,1,1,0,0,1,0,2,2,2,2,1,1,1,1
43,-5467.752,1774.048,382.406,144.414,-0.815130,-0.579224,-0.007954,0.573987,-0.809459,0.123750,-0.078118,0.096307,0.992282,0,0.80433,-0.06213,48.260,-0.124,500.000,400.000,-1,400.000,575.000,325.000,325.000,200.000,325.000,-1,-1,-1,-1,600.000,525.000,575.000,525.000,1,0,2,1,1,0,0,1,0,2,2,2,2,1,1,1,1
44,-5510.755,1805.130,378.066,144.141,-0.812398,-0.583049,-0.007932,0.577713,-0.806660,0.124687,-0.079098,0.096713,0.992164,0,0.88433,-0.13642,53.060,-0.273,475.000,400.000,975.000,375.000,500.000,325.000,325.000,200.000,325.000,-1,-1,-1,-1,600.000,500.000,550.000,475.000,1,0,1,1,1,0,0,1,0,2,2,2,2,1,1,1,1
45,-5557.487,1839.246,373.311,143.870,-0.809670,-0.586832,-0.007940,0.581392,-0.803864,0.125643,-0.080114,0.097113,0.992044,0,0.96433,-0.13541,57.860,-0.271,425.000,400.000,900.000,350.000,450.000,325.000,325.000,200.000,325.000,-1,-1,-1,-1,575.000,450.000,500.000,425.000,1,0,1,1,1,0,0,1,0,2,2,2,2,1,1,1,1
46,-5604.066,1873.586,368.533,143.600,-0.806932,-0.590591,-0.007985,0.585047,-0.801068,0.126528,-0.081123,0.097428,0.991931,0,0.96449,-0.13482,57.869,-0.270,400.000,375.000,825.000,325.000,375.000,325.000,325.000,200.000,300.000,-1,-1,-1,-1,575.000,425.000,450.000,375.000,1,1,1,1,1,0,0,1,0,2,2,2,2,1,1,1,1
47,-5650.077,1907.843,363.895,143.331,-0.804155,-0.594365,-0.008051,0.588767,-0.798298,0.126780,-0.081781,0.097210,0.991898,0,0.95605,-0.13477,57.363,-0.270,350.000,375.000,750.000,300.000,325.000,325.000,300.000,225.000,300.000,-1,-1,-1,-1,600.000,375.000,425.000,325.000,1,1,1,1,1,0,1,1,0,2,2,2,2,1,1,1,1
48,-5695.524,1942.020,361.616,143.060,-0.801184,-0.598364,-0.008023,0.593118,-0.795797,0.122139,-0.079468,0.093097,0.992481,0,0.94773,-0.13525,56.864,-0.271,325.000,375.000,725.000,275.000,275.000,325.000,275.000,250.000,325.000,-1,-1,-1,-1,700.000,350.000,400.000,275.000,1,1,1,1,1,1,1,1,0,2,2,2,2,1,1,1,1
49,-5740.422,1976.121,359.825,142.788,-0.798079,-0.602499,-0.008011,0.597827,-0.793413,0.114453,-0.075313,0.086553,0.993396,0,0.93969,-0.13625,56.381,-0.273,300.000,375.000,675.000,275.000,250.000,350.000,275.000,250.000,325.000,-1,-1,-1,-1,725.000,325.000,400.000,250.000,1,1,1,1,1,1,1,1,0,2,2,2,2,1,1,1,1
50,-5787.874,2012.840,357.727,142.275,-0.792203,-0.610203,-0.008124,0.606570,-0.788808,0.099273,-0.066985,0.073716,0.995027,0,1.00000,-0.25625,60.000,-0.513,275.000,425.000,650.000,250.000,225.000,325.000,250.000,275.000,350.000,-1,-1,-1,-1,675.000,300.000,-1,225.000,1,1,1,1,1,1,1,1,0,2,2,2,2,1,1,2,1
51,-5834.840,2050.175,356.991,141.523,-0.783784,-0.621033,-0.000364,0.619095,-0.781384,0.078490,-0.049029,0.061294,0.996915,0,1.00000,-0.37625,60.000,-0.753,300.000,450.000,650.000,250.000,225.000,325.000,250.000,300.000,375.000,375.000,200.000,325.000,-1,675.000,300.000,-1,225.000,1,1,1,1,1,1,1,0,0,1,0,0,2,1,1,2,1
52,-5881.292,2088.148,358.263,140.738,-0.774908,-0.632000,0.009640,0.631351,-0.773203,0.059598,-0.030212,0.052269,0.998176,0,1.00000,-0.39232,60.000,-0.785,425.000,425.000,650.000,225.000,225.000,300.000,225.000,275.000,425.000,325.000,125.000,225.000,-1,650.000,275.000,-1,200.000,1,1,1,1,1,1,1,1,0,1,0,0,2,1,1,2,1
53,-5927.211,2126.766,359.087,139.941,-0.765628,-0.643137,0.013761,0.643156,-0.764873,0.036333,-0.012841,0.036668,0.999245,0,1.00000,-0.39833,60.000,-0.797,-1,425.000,650.000,225.000,200.000,300.000,225.000,250.000,475.000,300.000,100.000,175.000,-1,625.000,275.000,-1,200.000,2,1,1,1,1,1,1,1,0,1,0,0,2,1,1,2,1
54,-5972.580,2166.030,359.454,139.132,-0.756181,-0.654257,0.011736,0.654355,-0.756136,0.008847,0.003086,0.014369,0.999892,0,1.00000,-0.40496,60.000,-0.810,-1,400.000,650.000,200.000,175.000,275.000,225.000,200.000,525.000,275.000,50.000,175.000,-1,600.000,275.000,-1,175.000,2,1,1,1,1,1,1,1,0,1,0,0,2,1,1,2,1
55,-6017.383,2205.939,359.254,138.307,-0.746771,-0.665071,0.003735,0.664842,-0.746641,-0.022629,0.017839,-0.014415,0.999737,0,1.00000,-0.41233,60.000,-0.825,-1,350.000,625.000,200.000,175.000,275.000,200.000,175.000,625.000,275.000,25.000,150.000,-1,550.000,275.000,-1,150.000,2,1,1,1,1,1,1,1,0,1,0,0,2,1,1,2,1
56,-6061.603,2246.493,358.561,137.466,-0.737574,-0.675177,-0.010978,0.674548,-0.735943,-0.058077,0.031133,-0.050242,0.998252,0,1.00000,-0.42058,60.000,-0.841,-1,325.000,625.000,200.000,150.000,250.000,200.000,150.000,850.000,275.000,25.000,150.000,-1,500.000,250.000,-1,125.000,2,1,1,1,1,1,1,1,1,1,0,0,2,1,1,2,1
57,-6887.286,-8199.154,350.282,-91.894,-0.032407,0.999173,0.024564,-0.999115,-0.033045,0.026011,0.026801,-0.023699,0.999360,1,0.00000,0.00000,60.000,-0.860,-1,375.000,-1,400.000,-1,300.000,325.000,300.000,300.000,-1,700.000,600.000,-1,775.000,950.000,-1,-1,2,0,2,0,2,0,0,0,0,2,0,0,2,0,0,2,2
58,-6887.465,-8203.950,350.404,-92.134,-0.036595,0.999033,0.024387,-0.998965,-0.037230,0.026119,0.027001,-0.023406,0.999361,0,0.08000,-0.12000,4.800,-0.240,-1,375.000,-1,400.000,-1,300.000,325.000,300.000,300.000,-1,700.000,600.000,-1,775.000,950.000,-1,-1,2,0,2,0,2,0,0,0,0,2,0,0,2,0,0,2,2
59,-6887.903,-8213.540,350.649,-92.614,-0.044969,0.998699,0.024037,-0.998613,-0.045599,0.026333,0.027395,-0.022820,0.999364,0,0.16000,-0.24000,9.600,-0.480,-1,375.000,-1,400.000,-1,300.000,325.000,300.000,300.000,-1,700.000,625.000,-1,775.000,975.000,-1,-1,2,0,2,0,2,0,0,0,0,2,0,0,2,0,0,2,2
60,-6888.741,-8227.916,351.021,-93.334,-0.057524,0.998067,0.023522,-0.997952,-0.058146,0.026651,0.027967,-0.021940,0.999368,0,0.24000,-0.36000,14.400,-0.720,-1,375.000,-1,400.000,-1,325.000,325.000,300.000,300.000,-1,725.000,650.000,-1,800.000,975.000,-1,-1,2,0,2,0,2,0,0,0,0,2,0,0,2,0,0,2,2
61,-6890.179,-8247.062,351.525,-94.294,-0.074252,0.996978,0.022848,-0.996826,-0.074862,0.027071,0.028699,-0.020766,0.999372,0,0.32000,-0.48000,19.200,-0.960,-1,375.000,-1,400.000,-1,325.000,325.000,300.000,300.000,-1,750.000,650.000,-1,800.000,1000.000,-1,-1,2,0,2,0,2,0,0,0,0,2,0,0,2,0,0,2,2
62,-6892.477,-8270.952,352.166,-95.494,-0.095135,0.995221,0.022029,-0.995025,-0.095727,0.027589,0.029566,-0.019295,0.999377,0,0.40000,-0.60000,24.000,-1.200,-1,400.000,-1,400.000,-1,325.000,325.000,300.000,300.000,-1,775.000,675.000,-1,825.000,1000.000,-1,-1,2,0,2,0,2,0,0,0,0,2,0,0,2,0,0,2,2
63,-6895.954,-8299.541,352.949,-96.934,-0.120142,0.992533,0.021077,-0.992287,-0.120711,0.028204,0.030538,-0.017526,0.999380,0,0.48000,-0.72000,28.800,-1.440,-1,400.000,-1,425.000,-1,325.000,325.000,300.000,300.000,-1,825.000,700.000,-1,825.000,-1,-1,-1,2,0,2,0,2,0,0,0,0,2,0,0,2,0,2,2,2
64,-6900.987,-8332.762,353.877,-98.614,-0.149223,0.988601,0.020008,-0.988299,-0.149762,0.028915,0.031581,-0.015459,0.999382,0,0.56000,-0.84000,33.600,-1.680,-1,400.000,-1,425.000,-1,325.000,325.000,300.000,300.000,-1,875.000,750.000,-1,850.000,-1,-1,-1,2,0,2,0,2,0,0,0,0,2,0,0,2,0,2,2,2
65,-6907.941,-8370.528,354.955,-100.433,-0.180560,0.983383,0.018846,-0.983022,-0.181063,0.029720,0.032639,-0.013160,0.999381,0,0.64000,-0.90921,38.400,-1.818,-1,400.000,-1,425.000,-1,325.000,325.000,300.000,300.000,-1,925.000,775.000,-1,875.000,-1,-1,-1,2,0,2,0,2,0,0,0,0,2,0,0,2,0,2,2,2
66,-6917.114,-8412.742,356.180,-102.259,-0.211865,0.977140,0.017613,-0.976719,-0.212325,0.030622,0.033662,-0.010715,0.999376,0,0.72000,-0.91338,43.200,-1.827,-1,425.000,-1,425.000,-1,350.000,350.000,300.000,300.000,-1,1000.000,825.000,-1,925.000,-1,-1,-1,2,0,2,0,2,0,0,0,0,2,0,0,2,0,2,2,2
67,-6928.806,-8459.297,357.576,-104.097,-0.243156,0.969852,0.016166,-0.969372,-0.243562,0.031561,0.034547,-0.007997,0.999371,0,0.80000,-0.91897,48.000,-1.838,-1,425.000,-1,450.000,-1,350.000,350.000,300.000,300.000,-1,-1,875.000,-1,950.000,-1,-1,-1,2,0,2,0,2,0,0,0,0,2,2,0,2,0,2,2,2
68,-6942.814,-8508.312,358.713,-105.950,-0.274426,0.961482,0.015557,-0.961019,-0.274788,0.030565,0.033663,-0.006562,0.999412,0,0.84963,-0.92622,50.978,-1.852,-1,425.000,-1,450.000,-1,350.000,350.000,300.000,300.000,-1,-1,-1,-1,975.000,-1,-1,-1,2,0,2,0,2,0,0,0,0,2,2,2,2,0,2,2,2
69,-6958.414,-8556.841,359.660,-107.820,-0.305689,0.952008,0.015344,-0.951591,-0.306019,0.028769,0.032084,-0.005807,0.999468,0,0.84957,-0.93501,50.974,-1.870,-1,450.000,-1,450.000,-1,350.000,350.000,300.000,300.000,-1,-1,-1,-1,1000.000,-1,-1,-1,2,0,2,0,2,0,0,0,0,2,2,2,2,0,2,2,2
70,-6975.625,-8604.885,360.694,-109.710,-0.336944,0.941400,0.015325,-0.941049,-0.337246,0.026316,0.029942,-0.005555,0.999536,0,0.85058,-0.94487,51.035,-1.890,-1,450.000,-1,450.000,-1,350.000,350.000,275.000,300.000,-1,-1,-1,-1,1000.000,-1,-1,-1,2,0,2,0,2,0,0,0,0,2,2,2,2,0,2,2,2
71,-6994.477,-8652.448,361.697,-111.621,-0.368199,0.929627,0.014906,-0.929358,-0.368461,0.023015,0.026888,-0.005379,0.999624,0,0.85272,-0.95579,51.163,-1.912,-1,450.000,-1,450.000,-1,350.000,350.000,275.000,300.000,-1,-1,-1,-1,1000.000,-1,-1,-1,2,0,2,0,2,0,0,0,0,2,2,2,2,0,2,2,2
72,-7015.004,-8699.531,362.317,-113.557,-0.399467,0.916658,0.012795,-0.916468,-0.399650,0.019109,0.022630,-0.004093,0.999736,0,0.85605,-0.96772,51.363,-1.935,-1,450.000,-1,450.000,-1,350.000,350.000,275.000,300.000,-1,-1,-1,-1,1000.000,-1,-1,-1,2,0,2,0,2,0,0,0,0,2,2,2,2,0,2,2,2
73,-7037.249,-8746.130,362.868,-115.518,-0.430673,0.902447,0.010520,-0.902327,-0.430791,0.015040,0.018105,-0.003015,0.999832,0,0.86061,-0.98067,51.637,-1.961,-1,450.000,-1,450.000,-1,350.000,350.000,300.000,300.000,-1,-1,-1,-1,1000.000,-1,-1,-1,2,0,2,0,2,0,0,0,0,2,2,2,2,0,2,2,2
74,-7061.259,-8792.240,363.379,-117.507,-0.461792,0.886952,0.007979,-0.886887,-0.461857,0.010974,0.013419,-0.002009,0.999908,0,0.86644,-0.99459,51.986,-1.989,-1,425.000,-1,450.000,-1,350.000,350.000,300.000,300.000,-1,-1,-1,-1,1000.000,975.000,-1,-1,2,0,2,0,2,0,0,0,0,2,2,2,2,0,0,2,2
75,-7086.952,-8837.641,363.845,-119.506,-0.492482,0.870307,0.005168,-0.870280,-0.492508,0.006947,0.008591,-0.001076,0.999963,0,0.86946,-0.99927,52.168,-1.999,-1,425.000,-1,425.000,-1,350.000,350.000,300.000,275.000,-1,-1,-1,-1,1000.000,925.000,-1,-1,2,0,2,0,2,0,0,0,0,2,2,2,2,0,0,2,2
76,-7114.285,-8882.251,364.259,-121.496,-0.522439,0.852674,0.002082,-0.852669,-0.522443,0.002985,0.003633,-0.000216,0.999993,0,0.87196,-0.99534,52.317,-1.991,-1,425.000,-1,425.000,-1,350.000,350.000,300.000,275.000,-1,-1,-1,-1,975.000,900.000,-1,-1,2,0,2,0,2,0,0,0,0,2,2,2,2,0,0,2,2
77,-7142.352,-8925.066,364.602,-123.247,-0.548248,0.836315,-0.001192,-0.836315,-0.548249,-0.000803,-0.001325,0.000556,0.999999,0,0.85324,-0.87534,51.194,-1.751,-1,425.000,-1,425.000,-1,350.000,350.000,300.000,275.000,-1,-1,-1,-1,975.000,875.000,-1,-1,2,0,2,0,2,0,0,0,0,2,2,2,2,0,0,2,2
78,-7171.588,-8967.197,364.868,-124.758,-0.570090,0.821571,-0.004380,-0.821559,-0.570106,-0.004485,-0.006182,0.001042,0.999980,0,0.85468,-0.75534,51.281,-1.511,-1,425.000,-1,400.000,-1,350.000,350.000,300.000,275.000,-1,-1,-1,-1,950.000,825.000,-1,-1,2,0,2,0,2,0,0,0,0,2,2,2,2,0,0,2,2
79,-7201.787,-9008.719,364.577,-126.028,-0.588166,0.808726,-0.004772,-0.808687,-0.588185,-0.007966,-0.009249,-0.000826,0.999957,0,0.85572,-0.63534,51.343,-1.271,-1,425.000,-1,400.000,-1,350.000,325.000,300.000,275.000,-1,-1,-1,-1,950.000,825.000,-1,-1,2,0,2,0,2,0,0,0,0,2,2,2,2,0,0,2,2
80,-7232.753,-9049.725,364.223,-127.059,-0.602619,0.798013,-0.005179,-0.797935,-0.602634,-0.011490,-0.012291,-0.002792,0.999921,0,0.85640,-0.51534,51.384,-1.031,-1,425.000,-1,400.000,-1,350.000,325.000,300.000,275.000,-1,-1,-1,-1,925.000,800.000,-1,-1,2,0,2,0,2,0,0,0,0,2,2,2,2,0,0,2,2
81,-7264.297,-9090.319,363.798,-127.850,-0.613578,0.789614,-0.005564,-0.789486,-0.613584,-0.015048,-0.015296,-0.004840,0.999871,0,0.85681,-0.39534,51.408,-0.791,-1,425.000,-1,400.000,-1,350.000,325.000,300.000,275.000,-1,-1,-1,-1,900.000,800.000,-1,-1,2,0,2,0,2,0,0,0,0,2,2,2,2,0,0,2,2
82,-7296.345,-9130.529,363.259,-128.556,-0.623277,0.781979,-0.005826,-0.781785,-0.623263,-0.018844,-0.018366,-0.007190,0.999805,0,0.85699,-0.35316,51.419,-0.706,-1,425.000,-1,400.000,-1,350.000,325.000,300.000,275.000,-1,-1,-1,-1,875.000,800.000,-1,-1,2,0,2,0,2,0,0,0,0,2,2,2,2,0,0,2,2
83,-7328.880,-9170.342,362.602,-129.255,-0.632799,0.774294,-0.005789,-0.774025,-0.632749,-0.022673,-0.021219,-0.009867,0.999726,0,0.85693,-0.34976,51.416,-0.700,-1,425.000,-1,400.000,-1,325.000,325.000,300.000,275.000,-1,-1,-1,-1,850.000,775.000,-1,-1,2,0,2,0,2,0,0,0,0,2,2,2,2,0,0,2,2
84,-7361.882,-9209.744,361.869,-129.950,-0.642166,0.766544,-0.005670,-0.766190,-0.642066,-0.026541,-0.023985,-0.012700,0.999632,0,0.85662,-0.34721,51.397,-0.694,-1,425.000,-1,400.000,-1,325.000,325.000,275.000,300.000,-1,-1,-1,-1,825.000,750.000,-1,-1,2,0,2,0,2,0,0,0,0,2,2,2,2,0,0,2,2
85,-7395.336,-9248.721,361.061,-130.640,-0.651387,0.758726,-0.005480,-0.758276,-0.651222,-0.030448,-0.026670,-0.015678,0.999521,0,0.85608,-0.34496,51.365,-0.690,-1,400.000,-1,400.000,-1,325.000,325.000,275.000,300.000,-1,-1,-1,-1,800.000,750.000,-1,-1,2,0,2,0,2,0,0,0,0,2,2,2,2,0,0,2,2
86,-7429.224,-9287.261,359.804,-131.326,-0.660447,0.750853,-0.005528,-0.750344,-0.660240,-0.032654,-0.028169,-0.017418,0.999451,0,0.85534,-0.34300,51.320,-0.686,-1,400.000,-1,400.000,-1,325.000,325.000,275.000,300.000,-1,-1,-1,-1,775.000,725.000,-1,-1,2,0,2,0,2,0,0,0,0,2,2,2,2,0,0,2,2
87,-7463.532,-9325.354,358.370,-132.009,-0.669366,0.742912,-0.005542,-0.742355,-0.669121,-0.034427,-0.029284,-0.018930,0.999392,0,0.85441,-0.34135,51.265,-0.683,-1,400.000,-1,400.000,-1,325.000,325.000,275.000,300.000,-1,-1,-1,-1,775.000,725.000,-1,-1,2,0,2,0,2,0,0,0,0,2,2,2,2,0,0,2,2
88,-7498.246,-9362.989,356.872,-132.689,-0.678161,0.734894,-0.005427,-0.734287,-0.677869,-0.036277,-0.030338,-0.020616,0.999327,0,0.85333,-0.34002,51.200,-0.680,-1,400.000,-1,400.000,-1,325.000,325.000,275.000,300.000,-1,-1,-1,-1,750.000,725.000,-1,-1,2,0,2,0,2,0,0,0,0,2,2,2,2,0,0,2,2
89,-7533.354,-9400.158,355.443,-133.367,-0.686828,0.726801,-0.005285,-0.726164,-0.686498,-0.037506,-0.030887,-0.021922,0.999282,0,0.85213,-0.33899,51.128,-0.678,-1,400.000,-1,400.000,-1,325.000,325.000,275.000,300.000,-1,-1,-1,-1,750.000,700.000,-1,-1,2,0,2,0,2,0,0,0,0,2,2,2,2,0,0,2,2
90,-7568.844,-9436.854,354.150,-134.043,-0.695370,0.718634,-0.005138,-0.717995,-0.695022,-0.037774,-0.030717,-0.022578,0.999273,0,0.85084,-0.33828,51.050,-0.677,-1,400.000,-1,400.000,-1,325.000,325.000,275.000,300.000,-1,-1,-1,-1,750.000,700.000,-1,-1,2,0,2,0,2,0,0,0,0,2,2,2,2,0,0,2,2
91,-7604.707,-9473.071,352.755,-134.719,-0.703801,0.710378,-0.005212,-0.709734,-0.703442,-0.038046,-0.030694,-0.023078,0.999262,0,0.84949,-0.33789,50.969,-0.676,-1,400.000,-1,400.000,-1,325.000,325.000,300.000,300.000,-1,-1,-1,-1,750.000,700.000,-1,-1,2,0,2,0,2,0,0,0,0,2,2,2,2,0,0,2,2
92,-7642.218,-9509.878,351.283,-135.543,-0.713950,0.700176,-0.005350,-0.699520,-0.713575,-0.038497,-0.030772,-0.023742,0.999244,0,0.87589,-0.41204,52.553,-0.824,-1,400.000,-1,375.000,-1,325.000,325.000,300.000,300.000,-1,-1,-1,-1,750.000,675.000,-1,-1,2,0,2,0,2,0,0,0,0,2,2,2,2,0,0,2,2
93,-7680.409,-9546.278,349.769,-136.375,-0.724053,0.689724,-0.005303,-0.689058,-0.723654,-0.039034,-0.030760,-0.024608,0.999224,0,0.87931,-0.41612,52.758,-0.832,-1,400.000,-1,375.000,-1,325.000,325.000,300.000,300.000,-1,-1,-1,-1,750.000,675.000,-1,-1,2,0,2,0,2,0,0,0,0,2,2,2,2,0,0,2,2
94,-7722.170,-9585.267,348.043,-136.967,-0.731161,0.682187,-0.004907,-0.681513,-0.730724,-0.039770,-0.030716,-0.025734,0.999197,0,0.95221,-0.29612,57.133,-0.592,-1,400.000,-1,375.000,-1,325.000,325.000,300.000,300.000,-1,-1,-1,-1,725.000,675.000,-1,-1,2,0,2,0,2,0,0,0,0,2,2,2,2,0,0,2,2
95,-7764.318,-9624.133,346.256,-137.320,-0.735361,0.677661,-0.004367,-0.676977,-0.734881,-0.040632,-0.030744,-0.026923,0.999165,0,0.95554,-0.17612,57.332,-0.352,-1,400.000,-1,375.000,-1,325.000,325.000,300.000,300.000,-1,-1,-1,-1,725.000,650.000,-1,-1,2,0,2,0,2,0,0,0,0,2,2,2,2,0,0,2,2
96,-7806.672,-9663.038,344.519,-137.432,-0.736721,0.676189,-0.003164,-0.675507,-0.736174,-0.041696,-0.030523,-0.028581,0.999125,0,0.95851,-0.05612,57.510,-0.112,-1,400.000,-1,375.000,-1,325.000,325.000,300.000,300.000,-1,-1,-1,-1,700.000,650.000,-1,-1,2,0,2,0,2,0,0,0,0,2,2,2,2,0,0,2,2
97,-7849.050,-9702.139,342.998,-137.304,-0.735271,0.677773,-0.000511,-0.677128,-0.734604,-0.043067,-0.029565,-0.031320,0.999072,0,0.96101,0.06388,57.661,0.128,-1,400.000,-1,375.000,-1,325.000,325.000,300.000,300.000,-1,-1,-1,-1,700.000,650.000,-1,-1,2,0,2,0,2,0,0,0,0,2,2,2,2,0,0,2,2
98,-7891.261,-9741.590,341.427,-136.936,-0.730965,0.682411,0.002357,-0.681813,-0.730171,-0.044518,-0.028659,-0.034148,0.999006,0,0.96295,0.18388,57.777,0.368,-1,400.000,-1,375.000,-1,325.000,300.000,300.000,300.000,-1,-1,-1,-1,700.000,650.000,-1,-1,2,0,2,0,2,0,0,0,0,2,2,2,2,0,0,2,2
99,-7933.106,-9781.539,340.104,-136.329,-0.723716,0.690078,0.005294,-0.689576,-0.722849,-0.044429,-0.026832,-0.035805,0.998999,0,0.96421,0.30388,57.853,0.608,-1,375.000,-1,375.000,-1,325.000,325.000,300.000,300.000,-1,-1,-1,-1,700.000,650.000,-1,-1,2,0,2,0,2,0,0,0,0,2,2,2,2,0,0,2,2
100,-7974.376,-9822.122,338.872,-135.481,-0.713443,0.700669,0.007817,-0.700256,-0.712531,-0.044049,-0.025294,-0.036901,0.998999,0,0.96468,0.42388,57.881,0.848,-1,375.000,-1,375.000,-1,325.000,325.000,300.000,300.000,-1,-1,-1,-1,700.000,-1,-1,-1,2,0,2,0,2,0,0,0,0,2,2,2,2,0,2,2,2
101,-8014.849,-9863.463,337.795,-134.393,-0.700019,0.714063,0.009296,-0.713699,-0.699095,-0.043579,-0.024620,-0.037141,0.999007,0,0.96424,0.54388,57.855,1.088,1000.000,375.000,-1,375.000,-1,325.000,300.000,300.000,300.000,-1,-1,-1,-1,700.000,-1,-1,-1,0,0,2,0,2,0,0,0,0,2,2,2,2,0,2,2,2
102,-8055.449,-9906.901,336.624,-133.065,-0.683293,0.730064,0.010848,-0.729747,-0.682355,-0.043127,-0.024084,-0.037385,0.999011,0,0.99096,0.66388,59.458,1.328,975.000,375.000,-1,375.000,-1,325.000,300.000,275.000,300.000,-1,-1,-1,-1,700.000,-1,-1,-1,0,0,2,0,2,0,0,0,0,2,2,2,2,0,2,2,2
103,-8094.951,-9951.553,335.217,-131.498,-0.663054,0.748471,0.012286,-0.748211,-0.662136,-0.041911,-0.023235,-0.036982,0.999046,0,0.99363,0.78388,59.618,1.568,925.000,375.000,-1,375.000,-1,325.000,300.000,275.000,300.000,-1,-1,-1,-1,700.000,-1,-1,-1,0,0,2,0,2,0,0,0,0,2,2,2,2,0,2,2,2
104,-8133.270,-9997.344,333.691,-129.923,-0.642228,0.766392,0.013678,-0.766190,-0.641336,-0.040522,-0.022284,-0.036504,0.999085,0,0.99516,0.78710,59.710,1.574,900.000,375.000,-1,375.000,-1,325.000,300.000,275.000,300.000,-1,-1,-1,-1,675.000,950.000,-1,-1,0,0,2,0,2,0,0,0,0,2,2,2,2,0,1,2,2
105,-8170.353,-10044.182,332.070,-128.369,-0.621190,0.783516,0.015035,-0.783371,-0.620326,-0.039061,-0.021278,-0.036043,0.999124,0,0.99567,0.77702,59.740,1.554,850.000,375.000,-1,375.000,-1,325.000,300.000,275.000,300.000,-1,-1,-1,-1,650.000,875.000,975.000,-1,0,0,2,0,2,0,0,0,0,2,2,2,2,0,1,0,2
106,-8206.148,-10091.967,330.571,-126.837,-0.600004,0.799816,0.017008,-0.799742,-0.599141,-0.037971,-0.020180,-0.036385,0.999134,0,0.99509,0.76628,59.706,1.533,825.000,375.000,-1,375.000,-1,325.000,300.000,275.000,300.000,-1,800.000,-1,-1,650.000,800.000,925.000,-1,0,0,2,0,2,0,0,0,0,2,0,2,2,0,1,0,2
107,-8240.612,-10140.593,329.445,-125.327,-0.578731,0.815289,0.019326,-0.815284,-0.577835,-0.037673,-0.019547,-0.037559,0.999103,0,0.99335,0.75490,59.601,1.510,775.000,375.000,-1,375.000,-1,325.000,325.000,275.000,300.000,-1,800.000,-1,-1,625.000,750.000,875.000,-1,0,0,2,0,2,0,0,0,0,2,0,2,2,0,1,0,2
108,-8274.213,-10190.302,328.374,-124.057,-0.560504,0.827879,0.021256,-0.827950,-0.559615,-0.036473,-0.018299,-0.038042,0.999109,0,1.00000,0.63490,60.000,1.270,750.000,375.000,-1,375.000,-1,325.000,325.000,275.000,300.000,-1,625.000,875.000,-1,625.000,725.000,825.000,-1,0,0,2,0,2,0,0,0,0,2,0,0,2,0,0,0,2
109,-8306.915,-10240.606,327.204,-123.027,-0.545512,0.837786,0.023049,-0.837930,-0.544635,-0.035295,-0.017016,-0.038567,0.999111,0,1.00000,0.51490,60.000,1.030,700.000,375.000,-1,400.000,-1,325.000,325.000,275.000,300.000,-1,550.000,725.000,-1,600.000,700.000,800.000,-1,0,0,2,0,2,0,0,0,0,2,0,0,2,0,0,0,2
110,-8338.920,-10291.357,325.946,-122.238,-0.533886,0.845194,0.024741,-0.845411,-0.533022,-0.034177,-0.015699,-0.039163,0.999110,0,1.00000,0.39490,60.000,0.790,675.000,375.000,-1,400.000,-1,325.000,325.000,275.000,300.000,-1,525.000,600.000,-1,600.000,700.000,750.000,-1,0,0,2,1,2,0,0,0,0,2,0,0,2,0,0,0,2
111,-8370.371,-10342.303,325.018,-121.688,-0.525736,0.850301,0.024292,-0.850504,-0.524906,-0.033408,-0.015656,-0.038224,0.999147,0,0.99787,0.27490,59.872,0.550,625.000,350.000,-1,400.000,-1,300.000,325.000,275.000,300.000,-1,575.000,650.000,-1,575.000,675.000,725.000,-1,0,0,2,1,2,0,0,0,0,2,0,0,2,0,0,0,2
112,-8401.370,-10393.131,324.039,-121.378,-0.521117,0.853155,0.023746,-0.853342,-0.520318,-0.032801,-0.015629,-0.037357,0.999180,0,0.99225,0.15490,59.535,0.310,600.000,350.000,-1,400.000,-1,300.000,325.000,275.000,-1,-1,625.000,700.000,-1,575.000,650.000,675.000,-1,0,0,2,0,2,0,0,0,2,2,0,0,2,0,0,0,2
113,-8432.124,-10443.691,323.827,-121.308,-0.519963,0.853912,0.021751,-0.854092,-0.519353,-0.028256,-0.012832,-0.033269,0.999364,0,0.98632,0.03490,59.179,0.070,600.000,350.000,-1,375.000,-1,300.000,325.000,275.000,-1,-1,625.000,650.000,-1,575.000,650.000,700.000,-1,0,0,2,0,2,0,0,0,2,2,0,0,2,0,0,0,2
114,-8462.837,-10493.848,323.797,-121.478,-0.522377,0.852493,0.019426,-0.852665,-0.521966,-0.022676,-0.009191,-0.028409,0.999554,0,0.98022,-0.08510,58.813,-0.170,625.000,350.000,-1,375.000,-1,300.000,300.000,300.000,-1,-1,600.000,600.000,-1,575.000,650.000,700.000,-1,0,0,2,0,2,0,0,0,2,2,0,0,2,0,0,0,2
115,-8493.714,-10543.472,323.232,-121.889,-0.528386,0.848870,0.015108,-0.848976,-0.528140,-0.017565,-0.006931,-0.022107,0.999732,0,0.97410,-0.20510,58.446,-0.410,625.000,350.000,-1,375.000,-1,300.000,300.000,300.000,-1,-1,625.000,600.000,-1,575.000,625.000,675.000,-1,0,0,2,0,2,0,0,0,2,2,0,0,2,0,0,0,2
116,-8524.957,-10592.439,322.883,-122.539,-0.537927,0.842903,0.012182,-0.842980,-0.537790,-0.012888,-0.004312,-0.017202,0.999843,0,0.96809,-0.32510,58.086,-0.650,600.000,350.000,-1,350.000,-1,300.000,300.000,300.000,-1,-1,625.000,600.000,-1,575.000,625.000,650.000,-1,0,0,2,0,2,0,0,0,2,2,0,0,2,0,0,0,2
117,-8554.313,-10636.909,323.150,-123.429,-0.550906,0.834470,0.012748,-0.834568,-0.550837,-0.008720,-0.000254,-0.015443,0.999881,0,0.88809,-0.44510,53.286,-0.890,600.000,350.000,-1,350.000,-1,300.000,300.000,300.000,-1,-1,600.000,575.000,-1,575.000,625.000,650.000,-1,0,0,2,0,2,0,0,0,2,2,0,0,2,0,0,0,2
118,-8581.753,-10676.883,323.792,-124.468,-0.565869,0.824342,0.015873,-0.824480,-0.565870,-0.004889,0.004952,-0.015853,0.999862,0,0.80809,-0.51936,48.486,-1.039,575.000,350.000,-1,375.000,-1,300.000,300.000,300.000,-1,-1,575.000,525.000,-1,575.000,650.000,650.000,-1,0,0,2,0,2,0,0,0,2,2,0,0,2,0,0,0,2
119,-8607.127,-10712.445,324.568,-125.508,-0.580646,0.813911,0.019969,-0.814091,-0.580735,-0.001626,0.010273,-0.017201,0.999799,0,0.72809,-0.52032,43.686,-1.041,575.000,350.000,-1,375.000,-1,300.000,300.000,275.000,-1,-1,525.000,500.000,-1,575.000,675.000,650.000,-1,0,0,2,0,2,0,0,0,2,2,0,0,2,0,0,0,2
120,-8630.285,-10743.683,325.337,-126.550,-0.595278,0.803216,0.022108,-0.803399,-0.595440,0.000948,0.013926,-0.017198,0.999755,0,0.64809,-0.52100,38.886,-1.042,575.000,375.000,-1,375.000,-1,300.000,300.000,275.000,-1,-1,525.000,500.000,-1,575.000,675.000,650.000,-1,0,0,2,0,2,0,0,0,2,2,0,0,2,0,0,0,2
121,-8651.079,-10770.691,325.956,-127.593,-0.609730,0.792243,0.024091,-0.792425,-0.609961,0.003010,0.017079,-0.017255,0.999705,0,0.56809,-0.52148,34.086,-1.043,550.000,375.000,-1,375.000,-1,300.000,300.000,275.000,-1,-1,525.000,500.000,-1,575.000,700.000,650.000,-1,0,0,2,0,2,0,0,0,2,2,0,0,2,0,0,0,2
122,-8669.364,-10793.567,326.438,-128.637,-0.623993,0.781001,0.025885,-0.781180,-0.624289,0.004604,0.019756,-0.017348,0.999654,0,0.48809,-0.52182,29.286,-1.044,550.000,375.000,-1,375.000,-1,300.000,300.000,275.000,-1,-1,500.000,500.000,-1,575.000,725.000,650.000,-1,0,0,2,0,2,0,0,0,2,2,0,0,2,0,1,0,2
123,-8684.999,-10812.411,326.794,-129.681,-0.638063,0.769494,0.027462,-0.769670,-0.638415,0.005776,0.021977,-0.017451,0.999606,0,0.40809,-0.52204,24.486,-1.044,550.000,375.000,-1,375.000,-1,300.000,325.000,275.000,-1,-1,475.000,500.000,-1,575.000,775.000,650.000,-1,0,0,2,0,2,0,0,0,2,2,0,0,2,0,1,0,2
124,-8697.843,-10827.330,327.036,-130.725,-0.651934,0.757728,0.028794,-0.757903,-0.652334,0.006569,0.023761,-0.017541,0.999564,0,0.32809,-0.52221,19.686,-1.044,550.000,375.000,-1,375.000,-1,300.000,325.000,275.000,-1,-1,475.000,450.000,-1,575.000,800.000,650.000,-1,0,0,2,0,2,0,0,0,2,2,0,0,2,0,1,0,2
125,-8707.759,-10838.432,327.170,-131.770,-0.665603,0.745709,0.029859,-0.745883,-0.666040,0.007030,0.025130,-0.017592,0.999529,0,0.24809,-0.52233,14.886,-1.045,550.000,375.000,-1,375.000,-1,300.000,325.000,275.000,-1,-1,450.000,425.000,-1,575.000,825.000,650.000,-1,0,0,2,0,2,0,0,0,2,2,0,0,2,0,1,0,2
126,-8714.614,-10845.831,327.202,-132.815,-0.679064,0.733440,0.030635,-0.733615,-0.679527,0.007203,0.026100,-0.017583,0.999505,0,0.16809,-0.52242,10.086,-1.045,550.000,375.000,-1,375.000,-1,300.000,325.000,250.000,-1,-1,450.000,425.000,-1,575.000,850.000,650.000,-1,0,0,2,0,2,0,0,0,2,2,0,0,2,0,1,0,2
127,-8718.276,-10849.642,327.134,-133.860,-0.692314,0.720926,0.031104,-0.721103,-0.692791,0.007132,0.026690,-0.017491,0.999491,0,0.08809,-0.52250,5.286,-1.045,550.000,375.000,-1,375.000,-1,300.000,325.000,250.000,-1,-1,425.000,425.000,-1,600.000,875.000,650.000,-1,0,0,2,0,2,0,0,0,2,2,0,0,2,0,1,0,2
128,-8718.619,-10849.986,326.968,-134.905,-0.705348,0.708172,0.031248,-0.708350,-0.705828,0.006861,0.026915,-0.017295,0.999488,0,0.00809,-0.52255,0.486,-1.045,550.000,375.000,-1,375.000,-1,300.000,325.000,250.000,-1,-1,425.000,425.000,-1,600.000,900.000,675.000,-1,0,0,2,0,2,0,0,0,2,2,0,0,2,0,1,0,2
129,-8715.518,-10846.986,326.700,-135.950,-0.718160,0.695184,0.031056,-0.695362,-0.718631,0.006434,0.026790,-0.016975,0.999497,0,-0.07191,-0.52255,-4.314,-1.045,575.000,375.000,-1,375.000,-1,300.000,325.000,250.000,-1,-1,425.000,450.000,-1,600.000,950.000,675.000,-1,0,0,2,0,2,0,0,0,2,2,0,0,2,0,1,0,2
130,-8708.853,-10840.769,326.326,-136.995,-0.730745,0.681968,0.030514,-0.682142,-0.731196,0.005891,0.026330,-0.016510,0.999517,0,-0.15191,-0.52249,-9.114,-1.045,575.000,375.000,-1,375.000,-1,300.000,325.000,250.000,-1,-1,425.000,450.000,-1,600.000,1000.000,700.000,-1,0,0,2,0,2,0,0,0,2,2,0,0,2,0,1,0,2
131,-8698.506,-10831.466,325.840,-138.040,-0.743095,0.668531,0.029615,-0.668699,-0.743515,0.005275,0.025546,-0.015884,0.999547,0,-0.23191,-0.52232,-13.914,-1.045,575.000,375.000,-1,375.000,-1,300.000,325.000,250.000,-1,-1,425.000,450.000,-1,600.000,-1,700.000,-1,0,0,2,0,2,0,0,0,2,2,0,0,2,0,2,0,2
132,-8684.364,-10819.209,325.232,-139.084,-0.755200,0.654881,0.028351,-0.655039,-0.755581,0.004625,0.024450,-0.015078,0.999587,0,-0.31191,-0.52199,-18.714,-1.044,600.000,375.000,-1,375.000,-1,300.000,300.000,250.000,-1,-1,425.000,450.000,-1,600.000,-1,725.000,-1,0,0,2,0,2,0,0,0,2,2,0,0,2,0,2,0,2
133,-8666.318,-10804.134,324.489,-140.127,-0.767051,0.641030,0.026717,-0.641172,-0.767387,0.003979,0.023053,-0.014078,0.999635,0,-0.39191,-0.52145,-23.514,-1.043,600.000,375.000,-1,375.000,-1,300.000,300.000,250.000,-1,-1,425.000,450.000,-1,625.000,-1,725.000,-1,0,0,2,0,2,0,0,0,2,2,0,0,2,0,2,0,2
