timestep,x_cm,y_cm,z_cm,yaw_deg,basis_xx,basis_xy,basis_xz,basis_yx,basis_yy,basis_yz,basis_zx,basis_zy,basis_zz,teleport_flag,throttle_cmd,steering_cmd,cmd_move_cm,cmd_turn_deg,lidar_cm_0,lidar_cm_1,lidar_cm_2,lidar_cm_3,lidar_cm_4,lidar_cm_5,lidar_cm_6,lidar_cm_7,lidar_cm_8,lidar_cm_9,lidar_cm_10,lidar_cm_11,lidar_cm_12,lidar_cm_13,lidar_cm_14,lidar_cm_15,lidar_cm_16,lidar_class_0,lidar_class_1,lidar_class_2,lidar_class_3,lidar_class_4,lidar_class_5,lidar_class_6,lidar_class_7,lidar_class_8,lidar_class_9,lidar_class_10,lidar_class_11,lidar_class_12,lidar_class_13,lidar_class_14,lidar_class_15,lidar_class_16
0,6236.042,-7542.175,295.412,12.257,0.977235,-0.211904,-0.010400,0.210818,0.975394,-0.064517,0.023815,0.060856,0.997862,1,0.08000,-0.12000,4.800,-0.240,-1,425.000,-1,425.000,-1,325.000,325.000,300.000,300.000,-1,-1,-1,-1,1000.000,950.000,-1,-1,2,0,2,0,2,0,0,0,0,2,2,2,2,0,0,2,2
1,6245.440,-7540.216,295.611,11.777,0.978979,-0.203723,-0.009862,0.202688,0.977124,-0.064389,0.022754,0.061037,0.997876,0,0.16000,-0.24000,9.600,-0.480,-1,400.000,-1,425.000,-1,325.000,325.000,300.000,300.000,-1,-1,-1,-1,1000.000,950.000,-1,-1,2,0,2,0,2,0,0,0,0,2,2,2,2,0,0,2,2
2,6259.573,-7537.454,295.901,11.057,0.981466,-0.191425,-0.009043,0.190467,0.979591,-0.064220,0.021152,0.061307,0.997895,0,0.24000,-0.36000,14.400,-0.720,-1,400.000,-1,425.000,-1,325.000,325.000,275.000,300.000,-1,-1,-1,-1,1000.000,950.000,-1,-1,2,0,2,0,2,0,0,0,0,2,2,2,2,0,0,2,2
3,6278.476,-7534.088,296.272,10.097,0.984540,-0.174982,-0.007930,0.174128,0.982639,-0.064034,0.018997,0.061663,0.997916,0,0.32000,-0.48000,19.200,-0.960,-1,425.000,-1,425.000,-1,325.000,325.000,275.000,300.000,-1,-1,-1,-1,1000.000,925.000,-1,-1,2,0,2,0,2,0,0,0,0,2,2,2,2,0,0,2,2
4,6302.187,-7530.376,296.714,8.897,0.987993,-0.154360,-0.006508,0.153638,0.986061,-0.063867,0.016275,0.062101,0.997937,0,0.40000,-0.60000,24.000,-1.200,-1,425.000,-1,425.000,-1,325.000,325.000,275.000,300.000,-1,-1,-1,-1,1000.000,925.000,-1,-1,2,0,2,0,2,0,0,0,0,2,2,2,2,0,0,2,2
5,6330.744,-7526.638,297.209,7.457,0.991564,-0.129527,-0.004763,0.128964,0.989597,-0.063767,0.012973,0.062615,0.997953,0,0.48000,-0.72000,28.800,-1.440,-1,425.000,-1,425.000,-1,325.000,325.000,275.000,300.000,-1,-1,-1,-1,1000.000,900.000,-1,-1,2,0,2,0,2,0,0,0,0,2,2,2,2,0,0,2,2
6,6364.165,-7523.163,297.748,5.938,0.994653,-0.103239,-0.002702,0.102858,0.992650,-0.063772,0.009266,0.063154,0.997961,0,0.56000,-0.75970,33.600,-1.519,-1,425.000,-1,425.000,-1,325.000,325.000,300.000,300.000,-1,-1,-1,-1,1000.000,900.000,-1,-1,2,0,2,0,2,0,0,0,0,2,2,2,2,0,0,2,2
7,6402.451,-7520.210,298.315,4.410,0.997051,-0.076742,-0.000330,0.076564,0.995014,-0.063913,0.005234,0.063700,0.997955,0,0.64000,-0.76366,38.400,-1.527,-1,425.000,-1,425.000,-1,325.000,325.000,300.000,300.000,-1,-1,-1,-1,1000.000,875.000,-1,-1,2,0,2,0,2,0,0,0,0,2,2,2,2,0,0,2,2
8,6445.598,-7518.044,298.896,2.874,0.998745,-0.050033,0.002343,0.050080,0.996678,-0.064219,0.000877,0.064256,0.997933,0,0.72000,-0.76823,43.200,-1.536,-1,425.000,-1,425.000,-1,325.000,325.000,300.000,300.000,-1,-1,-1,-1,1000.000,875.000,-1,-1,2,0,2,0,2,0,0,0,0,2,2,2,2,0,0,2,2
9,6493.586,-7516.933,299.474,1.327,0.999719,-0.023111,0.005307,0.023406,0.997629,-0.064719,-0.003799,0.064825,0.997889,0,0.80000,-0.77336,48.000,-1.547,-1,425.000,-1,425.000,-1,350.000,325.000,300.000,300.000,-1,-1,-1,-1,1000.000,850.000,-1,-1,2,0,2,0,2,0,0,0,0,2,2,2,2,0,0,2,2
10,6544.025,-7517.136,300.010,-0.231,0.999957,0.004021,0.008403,-0.003463,0.997851,-0.065427,-0.008648,0.065395,0.997822,0,0.84064,-0.77898,50.439,-1.558,-1,425.000,-1,425.000,-1,350.000,325.000,300.000,300.000,-1,-1,-1,-1,1000.000,850.000,-1,-1,2,0,2,0,2,0,0,0,0,2,2,2,2,0,0,2,2
11,6594.391,-7518.721,299.120,-1.800,0.999454,0.031353,0.010409,-0.030622,0.997465,-0.064227,-0.012397,0.063873,0.997881,0,0.83984,-0.78474,50.391,-1.569,-1,425.000,-1,400.000,-1,350.000,325.000,300.000,300.000,-1,-1,-1,-1,1000.000,825.000,-1,-1,2,0,2,0,2,0,0,0,0,2,2,2,2,0,0,2,2
12,6644.638,-7521.692,297.757,-3.381,0.998184,0.058862,0.012817,-0.057943,0.996328,-0.063025,-0.016480,0.062167,0.997930,0,0.83890,-0.79034,50.334,-1.581,-1,425.000,-1,400.000,-1,325.000,325.000,300.000,300.000,-1,-1,-1,-1,975.000,825.000,-1,-1,2,0,2,0,2,0,0,0,0,2,2,2,2,0,0,2,2
13,6694.719,-7526.051,296.330,-4.973,0.996134,0.086521,0.015183,-0.085426,0.994414,-0.061986,-0.020461,0.060450,0.997962,0,0.83782,-0.79577,50.269,-1.592,-1,425.000,-1,400.000,-1,325.000,325.000,300.000,300.000,-1,-1,-1,-1,950.000,800.000,-1,-1,2,0,2,0,2,0,0,0,0,2,2,2,2,0,0,2,2
14,6744.585,-7531.800,294.843,-6.575,0.993292,0.114300,0.017490,-0.113041,0.991709,-0.061112,-0.024330,0.058725,0.997978,0,0.83660,-0.80102,50.196,-1.602,-1,425.000,-1,400.000,-1,325.000,325.000,300.000,300.000,-1,-1,-1,-1,925.000,800.000,-1,-1,2,0,2,0,2,0,0,0,0,2,2,2,2,0,0,2,2
15,6794.190,-7538.938,293.302,-8.187,0.989646,0.142169,0.019720,-0.140758,0.988200,-0.060402,-0.028074,0.057001,0.997979,0,0.83525,-0.80609,50.115,-1.612,-1,425.000,-1,400.000,-1,325.000,325.000,300.000,300.000,-1,-1,-1,-1,925.000,775.000,-1,-1,2,0,2,0,2,0,0,0,0,2,2,2,2,0,0,2,2
16,6843.485,-7547.462,291.712,-9.809,0.985184,0.170100,0.021857,-0.168546,0.983875,-0.059852,-0.031685,0.055282,0.997968,0,0.83376,-0.81098,50.025,-1.622,-1,400.000,-1,400.000,-1,325.000,325.000,300.000,300.000,-1,-1,-1,-1,900.000,775.000,-1,-1,2,0,2,0,2,0,0,0,0,2,2,2,2,0,0,2,2
17,6892.421,-7557.367,290.079,-11.440,0.979899,0.198059,0.023885,-0.196372,0.978725,-0.059460,-0.035153,0.053574,0.997945,0,0.83214,-0.81568,49.928,-1.631,-1,400.000,-1,400.000,-1,325.000,325.000,300.000,300.000,-1,-1,-1,-1,875.000,750.000,-1,-1,2,0,2,0,2,0,0,0,0,2,2,2,2,0,0,2,2
18,6940.952,-7568.644,288.407,-13.080,0.973782,0.226015,0.025787,-0.224205,0.972741,-0.059218,-0.038469,0.051884,0.997912,0,0.83039,-0.82019,49.823,-1.640,-1,400.000,-1,375.000,-1,325.000,325.000,300.000,300.000,-1,-1,-1,-1,875.000,750.000,-1,-1,2,0,2,0,2,0,0,0,0,2,2,2,2,0,0,2,2
19,6989.030,-7581.285,286.701,-14.729,0.966829,0.253935,0.027550,-0.252011,0.965917,-0.059121,-0.041624,0.050217,0.997871,0,0.82852,-0.82450,49.711,-1.649,-1,400.000,-1,375.000,-1,325.000,325.000,300.000,300.000,-1,-1,-1,-1,850.000,750.000,-1,-1,2,0,2,0,2,0,0,0,0,2,2,2,2,0,0,2,2
20,7036.607,-7595.277,284.967,-16.387,0.959034,0.281786,0.029159,-0.279756,0.958247,-0.059159,-0.044612,0.048578,0.997823,0,0.82652,-0.82861,49.591,-1.657,-1,400.000,-1,375.000,-1,325.000,325.000,325.000,300.000,-1,-1,-1,-1,850.000,725.000,-1,-1,2,0,2,0,2,0,0,0,0,2,2,2,2,0,0,2,2
21,7083.637,-7610.607,283.209,-18.052,0.950396,0.309534,0.030601,-0.307406,0.949727,-0.059324,-0.047425,0.046974,0.997770,0,0.82442,-0.83253,49.465,-1.665,-1,400.000,-1,375.000,-1,325.000,325.000,325.000,300.000,-1,-1,-1,-1,825.000,725.000,-1,-1,2,0,2,0,2,0,0,0,0,2,2,2,2,0,0,2,2
22,7130.075,-7627.258,281.156,-19.724,0.940922,0.337163,0.031405,-0.335032,0.940404,-0.058256,-0.049175,0.044293,0.997808,0,0.82220,-0.83624,49.332,-1.672,-1,400.000,-1,375.000,-1,325.000,325.000,325.000,300.000,-1,-1,-1,-1,825.000,725.000,-1,-1,2,0,2,0,2,0,0,0,0,2,2,2,2,0,0,2,2
23,7175.875,-7645.212,278.806,-21.404,0.930593,0.364638,0.032188,-0.362571,0.930267,-0.056078,-0.050392,0.040515,0.997907,0,0.81989,-0.83975,49.193,-1.680,-1,400.000,-1,375.000,-1,325.000,325.000,325.000,300.000,-1,-1,-1,-1,825.000,725.000,-1,-1,2,0,2,0,2,0,0,0,0,2,2,2,2,0,0,2,2
24,7220.995,-7664.449,276.415,-23.090,0.919406,0.391911,0.033142,-0.389910,0.919273,-0.053927,-0.051601,0.036658,0.997995,0,0.81748,-0.84305,49.049,-1.686,-1,400.000,-1,375.000,-1,325.000,325.000,325.000,325.000,-1,-1,-1,-1,800.000,700.000,-1,-1,2,0,2,0,2,0,0,0,0,2,2,2,2,0,0,2,2
25,7265.390,-7684.948,273.971,-24.782,0.907361,0.418946,0.034345,-0.417015,0.907424,-0.051782,-0.052860,0.032663,0.998068,0,0.81499,-0.84615,48.899,-1.692,-1,400.000,-1,375.000,-1,325.000,325.000,325.000,325.000,-1,-1,-1,-1,800.000,700.000,-1,-1,2,0,2,0,2,0,0,0,1,2,2,2,2,0,0,2,2
26,7309.021,-7706.683,271.367,-26.480,0.894507,0.445697,0.034820,-0.443843,0.894702,-0.050128,-0.053495,0.029385,0.998136,0,0.81241,-0.84904,48.745,-1.698,-1,400.000,-1,375.000,-1,325.000,325.000,325.000,325.000,-1,-1,-1,-1,800.000,700.000,-1,-1,2,0,2,0,2,0,0,0,1,2,2,2,2,0,0,2,2
27,7351.847,-7729.631,268.686,-28.184,0.880838,0.472133,0.034860,-0.470359,0.881127,-0.048761,-0.053738,0.026554,0.998202,0,0.80977,-0.85172,48.586,-1.703,-1,400.000,-1,375.000,-1,325.000,325.000,325.000,300.000,-1,-1,-1,-1,800.000,700.000,-1,-1,2,0,2,0,2,0,0,0,1,2,2,2,2,0,0,2,2
28,7393.828,-7753.765,265.995,-29.892,0.866345,0.498225,0.034900,-0.496519,0.866717,-0.047648,-0.053988,0.023951,0.998254,0,0.80707,-0.85419,48.424,-1.708,-1,400.000,-1,375.000,-1,325.000,325.000,325.000,300.000,-1,-1,-1,-1,775.000,700.000,-1,-1,2,0,2,0,2,0,0,0,1,2,2,2,2,0,0,2,2
29,7434.929,-7779.056,263.266,-31.605,0.851040,0.523936,0.034943,-0.522279,0.851481,-0.046955,-0.054355,0.021711,0.998286,0,0.80431,-0.85645,48.258,-1.713,-1,400.000,-1,375.000,-1,325.000,325.000,325.000,300.000,-1,-1,-1,-1,775.000,700.000,-1,-1,2,0,2,0,2,0,0,0,1,2,2,2,2,0,0,2,2
30,7475.113,-7805.474,260.575,-33.322,0.834936,0.549238,0.034924,-0.547629,0.835436,-0.046344,-0.054631,0.019569,0.998315,0,0.80150,-0.85851,48.090,-1.717,-1,400.000,-1,375.000,-1,325.000,325.000,325.000,300.000,-1,-1,-1,-1,775.000,700.000,-1,-1,2,0,2,0,2,0,0,0,1,2,2,2,2,0,0,2,2
31,7510.661,-7830.180,258.224,-34.799,0.820481,0.570611,0.034839,-0.569054,0.821031,-0.045670,-0.054664,0.017646,0.998349,0,0.72150,-0.73851,43.290,-1.477,-1,400.000,-1,375.000,-1,325.000,325.000,325.000,275.000,-1,-1,-1,-1,775.000,700.000,-1,-1,2,0,2,0,2,0,0,0,1,2,2,2,2,0,0,2,2
32,7541.786,-7852.824,256.180,-36.036,0.807956,0.588219,0.034725,-0.586711,0.808543,-0.045023,-0.054560,0.016003,0.998382,0,0.64150,-0.61851,38.490,-1.237,-1,400.000,-1,375.000,-1,325.000,325.000,325.000,275.000,-1,-1,-1,-1,775.000,700.000,-1,-1,2,0,2,0,2,0,0,0,1,2,2,2,2,0,0,2,2
33,7570.602,-7874.680,254.283,-37.179,0.796052,0.604239,0.034594,-0.602777,0.796670,-0.044460,-0.054424,0.014540,0.998412,0,0.60279,-0.57133,36.167,-1.143,-1,400.000,-1,375.000,1000.000,325.000,300.000,325.000,275.000,-1,-1,-1,-1,775.000,700.000,-1,-1,2,0,2,0,1,0,0,0,1,2,2,2,2,0,0,2,2
34,7598.831,-7896.992,252.422,-38.323,0.783813,0.620042,0.034438,-0.618622,0.784459,-0.043942,-0.054261,0.013138,0.998440,0,0.59970,-0.57218,35.982,-1.144,-1,400.000,-1,375.000,950.000,325.000,300.000,325.000,275.000,-1,-1,-1,-1,775.000,700.000,-1,-1,2,0,2,0,1,0,0,0,1,2,2,2,2,0,0,2,2
35,7626.465,-7919.747,250.577,-39.469,0.771246,0.635615,0.034258,-0.634242,0.771918,-0.043364,-0.054007,0.011716,0.998472,0,0.59663,-0.57287,35.798,-1.146,-1,400.000,-1,375.000,925.000,325.000,300.000,325.000,275.000,-1,-1,-1,-1,775.000,700.000,-1,-1,2,0,2,0,1,0,0,0,1,2,2,2,2,0,0,2,2
36,7653.501,-7942.932,248.696,-40.616,0.758357,0.650948,0.034070,-0.649640,0.759055,-0.042460,-0.053500,0.010066,0.998517,0,0.59359,-0.57340,35.615,-1.147,-1,400.000,-1,375.000,875.000,325.000,300.000,325.000,275.000,-1,750.000,-1,-1,775.000,700.000,-1,-1,2,0,2,0,1,0,0,0,1,2,0,2,2,0,0,2,2
37,7679.932,-7966.534,246.835,-41.763,0.745155,0.666030,0.033880,-0.664788,0.745878,-0.041509,-0.052917,0.008408,0.998564,0,0.59058,-0.57378,35.435,-1.148,-1,400.000,-1,375.000,850.000,325.000,300.000,325.000,275.000,-1,750.000,-1,-1,775.000,700.000,-1,-1,2,0,2,0,1,0,0,0,1,2,0,2,2,0,0,2,2
38,7705.754,-7990.539,244.984,-42.911,0.731648,0.680849,0.033694,-0.679679,0.732393,-0.040465,-0.052228,0.006705,0.998613,0,0.58761,-0.57402,35.257,-1.148,-1,400.000,-1,375.000,825.000,325.000,300.000,325.000,275.000,-1,725.000,750.000,-1,750.000,700.000,-1,-1,2,0,2,0,1,0,0,0,1,2,0,0,2,0,0,2,2
39,7730.963,-8014.934,243.169,-44.059,0.717846,0.695395,0.033509,-0.694293,0.718610,-0.039455,-0.051517,0.005058,0.998659,0,0.58468,-0.57410,35.081,-1.148,-1,400.000,-1,375.000,800.000,325.000,300.000,325.000,275.000,-1,725.000,750.000,-1,750.000,700.000,-1,-1,2,0,2,0,1,0,0,0,1,2,0,0,2,0,0,2,2
40,7755.557,-8039.707,241.391,-45.208,0.703757,0.709659,0.033324,-0.708623,0.704537,-0.038481,-0.050786,0.003467,0.998704,0,0.58180,-0.57404,34.908,-1.148,-1,400.000,-1,375.000,775.000,325.000,300.000,325.000,275.000,-1,700.000,725.000,-1,750.000,700.000,-1,-1,2,0,2,0,1,0,0,0,1,2,0,0,2,0,0,2,2
41,7783.083,-8068.325,239.386,-46.116,0.692413,0.720739,0.033162,-0.719769,0.693204,-0.037428,-0.049964,0.002046,0.998749,0,0.66180,-0.45404,39.708,-0.908,-1,400.000,-1,375.000,750.000,325.000,300.000,325.000,275.000,-1,700.000,725.000,-1,750.000,700.000,-1,-1,2,0,2,0,1,0,0,0,1,2,0,0,2,0,0,2,2
42,7812.193,-8099.306,237.189,-46.784,0.683937,0.728774,0.033448,-0.727869,0.684754,-0.036310,-0.049365,0.000488,0.998781,0,0.70851,-0.33404,42.511,-0.668,-1,400.000,-1,375.000,750.000,325.000,300.000,325.000,275.000,-1,700.000,725.000,-1,750.000,700.000,-1,-1,2,0,2,0,1,0,0,0,1,2,0,0,2,0,0,2,2
43,7840.775,-8130.184,235.049,-47.212,0.678451,0.733869,0.033758,-0.733023,0.679290,-0.035244,-0.048796,-0.000834,0.998808,0,0.70127,-0.21404,42.076,-0.428,-1,400.000,-1,375.000,750.000,325.000,300.000,325.000,300.000,-1,700.000,725.000,-1,750.000,700.000,-1,-1,2,0,2,0,1,0,0,0,1,2,0,0,2,0,0,2,2
44,7868.919,-8160.790,233.001,-47.400,0.676028,0.736094,0.033932,-0.735301,0.676876,-0.034227,-0.048162,-0.001812,0.998838,0,0.69299,-0.09404,41.579,-0.188,-1,400.000,-1,375.000,775.000,325.000,300.000,325.000,300.000,-1,700.000,725.000,-1,750.000,700.000,-1,-1,2,0,2,0,1,0,0,0,1,2,0,0,2,0,0,2,2
45,7896.715,-8190.964,231.036,-47.348,0.676693,0.735480,0.034009,-0.734732,0.677542,-0.033243,-0.047492,-0.002492,0.998869,0,0.68376,0.02596,41.026,0.052,-1,400.000,-1,375.000,-1,325.000,300.000,325.000,300.000,-1,700.000,750.000,-1,750.000,725.000,-1,-1,2,0,2,0,2,0,0,0,1,2,0,0,2,0,0,2,2
46,7924.255,-8220.554,229.135,-47.056,0.680432,0.732017,0.034109,-0.731312,0.681279,-0.032271,-0.046861,-0.002986,0.998897,0,0.67371,0.14596,40.422,0.292,-1,400.000,-1,375.000,-1,325.000,300.000,325.000,325.000,-1,700.000,750.000,-1,750.000,725.000,-1,-1,2,0,2,0,2,0,0,0,0,2,0,0,2,0,0,2,2
47,7951.623,-8249.419,227.259,-46.524,0.687209,0.725661,0.034057,-0.724992,0.688045,-0.031317,-0.046158,-0.003170,0.998929,0,0.66296,0.26596,39.777,0.532,-1,400.000,-1,375.000,-1,325.000,300.000,325.000,325.000,-1,675.000,750.000,-1,750.000,725.000,-1,-1,2,0,2,0,2,0,0,0,0,2,0,0,2,0,0,2,2
48,7978.905,-8277.427,225.436,-45.752,0.696938,0.716326,0.033983,-0.715689,0.697759,-0.030362,-0.045461,-0.003161,0.998961,0,0.65165,0.38596,39.099,0.772,-1,400.000,-1,375.000,-1,325.000,300.000,325.000,325.000,-1,675.000,750.000,-1,750.000,725.000,-1,-1,2,0,2,0,2,0,0,0,0,2,0,0,2,0,0,2,2
49,8006.179,-8304.454,223.707,-44.740,0.709489,0.703891,0.034085,-0.703285,0.710301,-0.029377,-0.044889,-0.003129,0.998987,0,0.63996,0.50596,38.397,1.012,-1,400.000,-1,375.000,-1,325.000,325.000,325.000,325.000,-1,675.000,775.000,-1,750.000,725.000,-1,-1,2,0,2,0,2,0,0,0,0,2,0,0,2,0,0,2,2
50,8033.491,-8330.416,222.038,-43.549,0.723982,0.688970,0.034201,-0.688393,0.724783,-0.028369,-0.044333,-0.003005,0.999012,0,0.62804,0.59571,37.682,1.191,-1,400.000,-1,375.000,-1,325.000,325.000,325.000,325.000,-1,675.000,800.000,-1,750.000,725.000,-1,-1,2,0,2,0,2,0,0,0,0,2,0,0,2,0,0,2,2
51,8060.823,-8355.327,220.428,-42.346,0.738296,0.673603,0.034318,-0.673054,0.739088,-0.027348,-0.043786,-0.002907,0.999037,0,0.61635,0.60146,36.981,1.203,-1,400.000,-1,375.000,-1,325.000,325.000,325.000,325.000,-1,700.000,825.000,-1,750.000,725.000,-1,-1,2,0,2,0,2,0,0,0,0,2,0,0,2,0,0,2,2
52,8092.213,-8382.742,218.647,-41.133,0.752395,0.657811,0.034450,-0.657297,0.753177,-0.026178,-0.043167,-0.002947,0.999064,0,0.69461,0.60631,41.676,1.213,-1,400.000,-1,375.000,-1,325.000,325.000,325.000,325.000,-1,725.000,875.000,-1,750.000,725.000,-1,-1,2,0,2,0,2,0,0,0,0,2,0,0,2,0,0,2,2
53,8123.650,-8409.041,216.857,-39.915,0.766223,0.641644,0.034574,-0.641149,0.766998,-0.025348,-0.042783,-0.002745,0.999081,0,0.68312,0.60934,40.987,1.219,-1,400.000,-1,375.000,-1,325.000,325.000,325.000,325.000,-1,750.000,925.000,800.000,775.000,725.000,-1,-1,2,0,2,0,2,0,0,0,1,2,0,0,1,0,0,2,2
54,8155.125,-8434.248,215.024,-38.688,0.779786,0.625083,0.034712,-0.624587,0.780555,-0.025006,-0.042726,-0.002182,0.999084,0,0.67207,0.61314,40.324,1.226,-1,400.000,-1,375.000,-1,325.000,325.000,325.000,300.000,-1,800.000,975.000,750.000,775.000,725.000,-1,-1,2,0,2,0,2,0,0,0,1,2,0,0,1,0,0,2,2
55,8186.635,-8458.385,213.250,-37.453,0.793085,0.608111,0.034887,-0.607613,0.793851,-0.024653,-0.042687,-0.001646,0.999087,0,0.66154,0.61766,39.693,1.235,-1,400.000,-1,375.000,-1,325.000,325.000,325.000,300.000,-1,875.000,-1,725.000,775.000,725.000,-1,-1,2,0,2,0,2,0,0,0,1,2,0,2,1,0,0,2,2
56,8218.180,-8481.479,211.514,-36.207,0.806121,0.590709,0.035101,-0.590207,0.806884,-0.024372,-0.042719,-0.001070,0.999087,0,0.65158,0.62284,39.095,1.246,-1,400.000,-1,375.000,-1,325.000,325.000,325.000,275.000,-1,925.000,-1,700.000,775.000,725.000,-1,-1,2,0,2,0,2,0,0,0,1,2,0,2,1,0,0,2,2
57,8249.765,-8503.553,209.828,-34.950,0.818889,0.572862,0.035356,-0.572355,0.819652,-0.024097,-0.042784,-0.000503,0.999084,0,0.64223,0.62866,38.534,1.257,-1,400.000,-1,375.000,-1,325.000,325.000,325.000,275.000,-1,-1,-1,700.000,775.000,725.000,-1,-1,2,0,2,0,2,0,0,0,1,2,2,2,1,0,0,2,2
58,8281.397,-8524.634,208.193,-33.680,0.831385,0.554553,0.035650,-0.554042,0.832149,-0.023801,-0.042865,0.000036,0.999081,0,0.63355,0.63508,38.013,1.270,-1,400.000,-1,375.000,-1,325.000,325.000,325.000,275.000,-1,-1,-1,725.000,775.000,725.000,-1,-1,2,0,2,0,2,0,0,0,1,2,2,2,1,0,0,2,2
59,8311.172,-8543.526,206.700,-32.396,0.843601,0.535765,0.035966,-0.535250,0.844367,-0.023496,-0.042957,0.000571,0.999077,0,0.58772,0.64205,35.263,1.284,-1,400.000,-1,375.000,-1,325.000,325.000,325.000,275.000,-1,-1,-1,725.000,775.000,725.000,-1,-1,2,0,2,0,2,0,0,0,1,2,2,2,1,0,0,2,2
60,8341.001,-8561.519,205.222,-31.098,0.855519,0.516497,0.036299,-0.515985,0.856288,-0.023026,-0.042976,0.000970,0.999076,0,0.58059,0.64910,34.835,1.298,-1,400.000,-1,375.000,-1,325.000,325.000,325.000,275.000,-1,-1,-1,750.000,775.000,725.000,-1,-1,2,0,2,0,2,0,0,0,1,2,2,2,1,0,0,2,2
61,8370.900,-8578.631,203.730,-29.784,0.867128,0.496738,0.036619,-0.496240,0.867900,-0.022258,-0.042838,0.001128,0.999081,0,0.57416,0.65659,34.450,1.313,-1,400.000,-1,375.000,-1,325.000,325.000,325.000,300.000,-1,-1,-1,775.000,775.000,725.000,-1,-1,2,0,2,0,2,0,0,0,1,2,2,2,1,0,0,2,2
62,8400.887,-8594.882,202.282,-28.455,0.878411,0.476475,0.036960,-0.475991,0.879187,-0.021494,-0.042736,0.001288,0.999086,0,0.56845,0.66450,34.107,1.329,-1,400.000,-1,375.000,-1,325.000,325.000,325.000,300.000,-1,-1,-1,800.000,775.000,725.000,-1,-1,2,0,2,0,2,0,0,0,1,2,2,2,1,0,0,2,2
63,8430.981,-8610.289,200.889,-27.110,0.889352,0.455696,0.037336,-0.455224,0.890134,-0.020802,-0.042714,0.001504,0.999086,0,0.56347,0.67283,33.808,1.346,-1,400.000,-1,375.000,-1,325.000,325.000,325.000,300.000,-1,-1,-1,800.000,775.000,725.000,-1,-1,2,0,2,0,2,0,0,0,0,2,2,2,1,0,0,2,2
64,8461.204,-8624.865,199.514,-25.747,0.899931,0.434393,0.037788,-0.433933,0.900722,-0.020040,-0.042742,0.001637,0.999085,0,0.55925,0.68154,33.555,1.363,-1,400.000,-1,375.000,-1,325.000,325.000,325.000,300.000,-1,-1,-1,825.000,775.000,725.000,-1,-1,2,0,2,0,2,0,0,0,0,2,2,2,1,0,0,2,2
65,8491.582,-8638.622,198.158,-24.365,0.910128,0.412554,0.038295,-0.412110,0.910931,-0.019211,-0.042810,0.001702,0.999082,0,0.55579,0.69062,33.347,1.381,-1,400.000,-1,375.000,-1,325.000,325.000,325.000,300.000,-1,-1,-1,825.000,775.000,725.000,-1,-1,2,0,2,0,2,0,0,0,0,2,2,2,1,0,0,2,2
66,8522.137,-8651.570,196.828,-22.965,0.919923,0.390173,0.038814,-0.389746,0.920740,-0.018332,-0.042891,0.001737,0.999078,0,0.55310,0.70007,33.186,1.400,-1,400.000,-1,375.000,-1,325.000,325.000,300.000,300.000,-1,-1,-1,800.000,775.000,725.000,-1,-1,2,0,2,0,2,0,0,0,0,2,2,2,1,0,0,2,2
67,8552.897,-8663.715,195.521,-21.546,0.929294,0.367241,0.039343,-0.366832,0.930124,-0.017402,-0.042984,0.001739,0.999074,0,0.55118,0.70987,33.071,1.420,-1,400.000,-1,375.000,-1,325.000,325.000,300.000,300.000,-1,-1,-1,800.000,750.000,725.000,-1,-1,2,0,2,0,2,0,0,0,0,2,2,2,1,0,0,2,2
68,8583.888,-8675.060,194.236,-20.106,0.938214,0.343750,0.039878,-0.343362,0.939059,-0.016419,-0.043092,0.001712,0.999070,0,0.55003,0.72000,33.002,1.440,-1,400.000,-1,375.000,-1,325.000,325.000,300.000,325.000,-1,-1,-1,775.000,750.000,725.000,-1,-1,2,0,2,0,2,0,0,0,0,2,2,2,1,0,0,2,2
69,8615.136,-8685.603,192.814,-18.645,0.946684,0.319697,0.039800,-0.319315,0.947517,-0.015779,-0.042755,0.002229,0.999083,0,0.54966,0.73047,32.979,1.461,-1,400.000,-1,375.000,-1,325.000,325.000,300.000,300.000,-1,-1,-1,750.000,750.000,725.000,-1,-1,2,0,2,0,2,0,0,0,0,2,2,2,1,0,0,2,2
70,8646.670,-8695.341,191.375,-17.162,0.954646,0.295075,0.039786,-0.294693,0.955470,-0.015258,-0.042517,0.002842,0.999092,0,0.55005,0.74127,33.003,1.483,-1,400.000,-1,375.000,-1,325.000,325.000,300.000,300.000,-1,-1,-1,725.000,775.000,725.000,-1,-1,2,0,2,0,2,0,0,0,0,2,2,2,1,0,0,2,2
71,8678.515,-8704.267,189.937,-15.657,0.962070,0.269881,0.039810,-0.269499,0.962887,-0.014766,-0.042318,0.003477,0.999098,0,0.55121,0.75240,33.073,1.505,-1,400.000,-1,375.000,-1,325.000,325.000,300.000,300.000,-1,-1,-1,725.000,775.000,725.000,-1,-1,2,0,2,0,2,0,0,0,0,2,2,2,1,0,0,2,2
72,8710.699,-8712.369,188.489,-14.130,0.968930,0.244114,0.039784,-0.243730,0.969738,-0.014307,-0.042072,0.004166,0.999106,0,0.55312,0.76384,33.187,1.528,-1,400.000,-1,375.000,-1,325.000,325.000,300.000,300.000,-1,-1,-1,725.000,775.000,725.000,-1,-1,2,0,2,0,2,0,0,0,0,2,2,2,1,0,0,2,2
73,8743.245,-8719.630,187.049,-12.578,0.975189,0.217772,0.039777,-0.217387,0.975988,-0.013832,-0.041834,0.004842,0.999113,0,0.55577,0.77561,33.346,1.551,-1,400.000,-1,375.000,-1,325.000,325.000,300.000,300.000,-1,-1,-1,725.000,775.000,725.000,-1,-1,2,0,2,0,2,0,0,0,0,2,2,2,1,0,0,2,2
74,8776.177,-8726.034,185.615,-11.003,0.980811,0.190857,0.039794,-0.190470,0.981602,-0.013336,-0.041607,0.005501,0.999119,0,0.55915,0.78771,33.549,1.575,-1,400.000,-1,375.000,-1,325.000,325.000,300.000,300.000,-1,-1,-1,750.000,775.000,725.000,-1,-1,2,0,2,0,2,0,0,0,0,2,2,2,1,0,0,2,2
75,8809.518,-8731.555,184.185,-9.403,0.985760,0.163370,0.039835,-0.162982,0.986546,-0.012819,-0.041393,0.006144,0.999124,0,0.56325,0.80012,33.795,1.600,-1,400.000,-1,375.000,-1,325.000,325.000,300.000,300.000,-1,-1,-1,775.000,775.000,725.000,-1,-1,2,0,2,0,2,0,0,0,0,2,2,2,1,0,0,2,2
76,8843.288,-8736.167,182.757,-7.777,0.989999,0.135315,0.039900,-0.134927,0.990779,-0.012279,-0.041194,0.006772,0.999128,0,0.56805,0.81285,34.083,1.626,-1,400.000,-1,375.000,-1,325.000,325.000,300.000,300.000,-1,-1,-1,800.000,775.000,725.000,-1,-1,2,0,2,0,2,0,0,0,0,2,2,2,1,0,0,2,2
77,8877.502,-8739.838,181.330,-6.125,0.993487,0.106698,0.039989,-0.106310,0.994264,-0.011714,-0.041009,0.007387,0.999131,0,0.57352,0.82591,34.411,1.652,-1,400.000,-1,375.000,-1,325.000,325.000,300.000,300.000,-1,-1,-1,850.000,775.000,725.000,-1,-1,2,0,2,0,2,0,0,0,0,2,2,2,1,0,0,2,2
78,8912.177,-8742.535,179.903,-4.447,0.996183,0.077528,0.040100,-0.077140,0.996958,-0.011125,-0.040841,0.007989,0.999134,0,0.57966,0.83929,34.779,1.679,-1,400.000,-1,375.000,-1,325.000,325.000,300.000,300.000,-1,-1,-1,875.000,775.000,725.000,-1,-1,2,0,2,0,2,0,0,0,0,2,2,2,1,0,0,2,2
79,8947.323,-8744.217,178.472,-2.741,0.998046,0.047813,0.040235,-0.047426,0.998819,-0.010510,-0.040690,0.008581,0.999135,0,0.58643,0.85300,35.186,1.706,-1,400.000,-1,375.000,-1,325.000,325.000,300.000,300.000,-1,-1,-1,975.000,775.000,725.000,-1,-1,2,0,2,0,2,0,0,0,0,2,2,2,1,0,0,2,2
80,8982.946,-8744.843,177.038,-1.007,0.999029,0.017566,0.040392,-0.017181,0.999804,-0.009867,-0.040558,0.009163,0.999135,0,0.59381,0.86703,35.628,1.734,-1,400.000,-1,375.000,-1,325.000,325.000,300.000,300.000,-1,-1,-1,-1,775.000,725.000,-1,-1,2,0,2,0,2,0,0,0,0,2,2,2,2,0,0,2,2
81,9019.049,-8744.366,175.598,0.756,0.999089,-0.013197,0.040571,0.013581,0.999865,-0.009197,-0.040445,0.009739,0.999134,0,0.60177,0.88138,36.106,1.763,-1,400.000,-1,375.000,-1,325.000,325.000,300.000,300.000,-1,-1,-1,-1,775.000,725.000,-1,-1,2,0,2,0,2,0,0,0,0,2,2,2,2,0,0,2,2
82,9055.630,-8742.738,174.150,2.548,0.998179,-0.044460,0.040772,0.044841,0.998958,-0.008497,-0.040352,0.010310,0.999132,0,0.61028,0.89606,36.617,1.792,-1,400.000,-1,375.000,-1,325.000,325.000,300.000,300.000,-1,-1,-1,-1,775.000,725.000,-1,-1,2,0,2,0,2,0,0,0,0,2,2,2,2,0,0,2,2
83,9092.681,-8739.907,172.694,4.370,0.996250,-0.076200,0.040993,0.076579,0.997033,-0.007769,-0.040280,0.010879,0.999129,0,0.61932,0.91105,37.159,1.822,-1,400.000,-1,375.000,-1,325.000,325.000,300.000,300.000,-1,-1,-1,-1,775.000,725.000,-1,-1,2,0,2,0,2,0,0,0,0,2,2,2,2,0,0,2,2
84,9130.103,-8735.829,171.231,6.219,0.993261,-0.108317,0.041234,0.108695,0.994050,-0.007013,-0.040229,0.011447,0.999125,0,0.62739,0.92416,37.644,1.848,-1,400.000,-1,375.000,-1,325.000,325.000,300.000,300.000,-1,-1,-1,-1,775.000,725.000,-1,-1,2,0,2,0,2,0,0,0,0,2,2,2,2,0,0,2,2
85,9167.580,-8730.509,169.759,8.078,0.989214,-0.140519,0.041350,0.140895,0.990005,-0.006300,-0.040052,0.012058,0.999125,0,0.63089,0.92987,37.853,1.860,-1,400.000,-1,375.000,-1,325.000,325.000,300.000,300.000,-1,-1,-1,-1,775.000,725.000,-1,-1,2,0,2,0,2,0,0,0,0,2,2,2,2,0,0,2,2
86,9205.089,-8723.929,168.319,9.950,0.984096,-0.172773,0.041274,0.173142,0.984882,-0.005498,-0.039700,0.012557,0.999133,0,0.63469,0.93570,38.081,1.871,-1,400.000,-1,375.000,-1,325.000,325.000,300.000,300.000,-1,-1,1000.000,-1,775.000,725.000,-1,-1,2,0,2,0,2,0,0,0,0,2,2,1,2,0,0,2,2
87,9247.097,-8715.320,166.694,11.581,0.978780,-0.200742,0.041139,0.201093,0.979562,-0.004539,-0.039387,0.012716,0.999143,0,0.71469,0.81570,42.881,1.631,-1,400.000,-1,375.000,-1,325.000,325.000,300.000,300.000,-1,-1,1000.000,-1,775.000,725.000,-1,-1,2,0,2,0,2,0,0,0,0,2,2,1,2,0,0,2,2
88,9289.420,-8705.570,165.116,12.973,0.973627,-0.224468,0.040810,0.224808,0.974395,-0.003876,-0.038896,0.012948,0.999159,0,0.72386,0.69570,43.432,1.391,-1,400.000,-1,375.000,-1,325.000,325.000,300.000,300.000,-1,-1,-1,-1,775.000,725.000,-1,-1,2,0,2,0,2,0,0,0,0,2,2,2,2,0,0,2,2
89,9331.803,-8694.746,163.528,14.326,0.968062,-0.247419,0.040500,0.247748,0.968819,-0.003235,-0.038437,0.013166,0.999174,0,0.72906,0.67671,43.743,1.353,-1,400.000,-1,375.000,-1,325.000,325.000,300.000,300.000,-1,-1,-1,-1,775.000,725.000,-1,-1,2,0,2,0,2,0,0,0,0,2,2,2,2,0,0,2,2
90,9374.226,-8682.827,161.914,15.693,0.961887,-0.270466,0.040263,0.270787,0.962636,-0.002656,-0.038040,0.013458,0.999186,0,0.73443,0.68366,44.066,1.367,-1,400.000,-1,375.000,-1,325.000,325.000,300.000,300.000,-1,-1,-1,-1,775.000,725.000,-1,-1,2,0,2,0,2,0,0,0,0,2,2,2,2,0,0,2,2
91,9416.666,-8669.791,160.289,17.075,0.955092,-0.293593,0.040039,0.293908,0.955832,-0.002092,-0.037656,0.013766,0.999196,0,0.73994,0.69070,44.397,1.381,-1,400.000,-1,375.000,-1,325.000,325.000,300.000,300.000,-1,-1,-1,-1,775.000,725.000,-1,-1,2,0,2,0,2,0,0,0,0,2,2,2,2,0,0,2,2
92,9459.097,-8655.618,158.652,18.470,0.947661,-0.316784,0.039828,0.317094,0.948393,-0.001545,-0.037283,0.014093,0.999205,0,0.74559,0.69782,44.735,1.396,-1,400.000,-1,375.000,-1,325.000,325.000,300.000,300.000,-1,-1,-1,-1,775.000,750.000,-1,-1,2,0,2,0,2,0,0,0,0,2,2,2,2,0,0,2,2
93,9501.491,-8640.288,157.002,19.880,0.939581,-0.340024,0.039628,0.340329,0.940306,-0.001015,-0.036918,0.014440,0.999214,0,0.75135,0.70501,45.081,1.410,-1,400.000,-1,400.000,-1,325.000,325.000,300.000,300.000,-1,-1,-1,-1,775.000,750.000,-1,-1,2,0,2,0,2,0,0,0,0,2,2,2,2,0,0,2,2
94,9543.819,-8623.781,155.339,21.305,0.930839,-0.363294,0.039442,0.363595,0.931557,-0.000505,-0.036559,0.014811,0.999222,0,0.75721,0.71228,45.433,1.425,-1,400.000,-1,400.000,-1,325.000,325.000,300.000,300.000,-1,-1,-1,-1,775.000,750.000,-1,-1,2,0,2,0,2,0,0,0,0,2,2,2,2,0,0,2,2
95,9586.048,-8606.077,153.660,22.744,0.921422,-0.386574,0.039268,0.386873,0.922133,-0.000016,-0.036204,0.015207,0.999229,0,0.76316,0.71962,45.789,1.439,-1,400.000,-1,400.000,-1,325.000,325.000,300.000,300.000,-1,-1,-1,-1,775.000,750.000,-1,-1,2,0,2,0,2,0,0,0,0,2,2,2,2,0,0,2,2
96,9627.900,-8587.280,151.975,24.187,0.911395,-0.409670,0.039108,0.409968,0.912100,0.000447,-0.035854,0.015626,0.999235,0,0.76466,0.72147,45.880,1.443,-1,400.000,-1,400.000,-1,325.000,325.000,300.000,300.000,-1,-1,-1,-1,775.000,750.000,-1,-1,2,0,2,0,2,0,0,0,0,2,2,2,2,0,0,2,2
97,9669.265,-8567.434,150.350,25.630,0.900793,-0.432503,0.038889,0.432811,0.901485,0.000563,-0.035302,0.016324,0.999243,0,0.76466,0.72147,45.880,1.443,-1,400.000,-1,400.000,-1,325.000,325.000,300.000,300.000,-1,-1,-1,-1,775.000,750.000,-1,-1,2,0,2,0,2,0,0,0,0,2,2,2,2,0,0,2,2
98,9710.117,-8546.552,148.794,27.073,0.889619,-0.455061,0.038701,0.455380,0.890297,0.000651,-0.034752,0.017045,0.999251,0,0.76466,0.72147,45.880,1.443,-1,400.000,-1,400.000,-1,325.000,325.000,300.000,300.000,-1,-1,-1,-1,775.000,750.000,-1,-1,2,0,2,0,2,0,0,0,0,2,2,2,2,0,0,2,2
99,9750.431,-8524.649,147.275,28.516,0.877876,-0.477331,0.038576,0.477656,0.878546,0.000888,-0.034315,0.017647,0.999255,0,0.76466,0.72147,45.880,1.443,-1,400.000,-1,400.000,-1,325.000,325.000,300.000,300.000,-1,-1,-1,-1,775.000,750.000,-1,-1,2,0,2,0,2,0,0,0,0,2,2,2,2,0,0,2,2
100,9790.180,-8501.738,145.768,29.959,0.865579,-0.499298,0.038412,0.499628,0.866239,0.001133,-0.033840,0.018211,0.999261,0,0.76466,0.72147,45.880,1.443,-1,400.000,-1,400.000,-1,325.000,325.000,300.000,300.000,-1,-1,-1,-1,775.000,775.000,-1,-1,2,0,2,0,2,0,0,0,0,2,2,2,2,0,0,2,2
101,9829.340,-8477.832,144.266,31.402,0.852732,-0.520947,0.038231,0.521283,0.853383,0.001366,-0.033338,0.018764,0.999268,0,0.76466,0.72147,45.880,1.443,-1,400.000,-1,400.000,-1,325.000,325.000,300.000,300.000,-1,-1,-1,-1,775.000,775.000,-1,-1,2,0,2,0,2,0,0,0,0,2,2,2,2,0,0,2,2
102,9867.885,-8452.949,142.744,32.845,0.839345,-0.542265,0.038056,0.542610,0.839984,0.001485,-0.032772,0.019403,0.999275,0,0.76466,0.72147,45.880,1.443,-1,400.000,-1,400.000,-1,325.000,325.000,300.000,300.000,-1,-1,-1,-1,775.000,775.000,-1,-1,2,0,2,0,2,0,0,0,0,2,2,2,2,0,0,2,2
103,9905.792,-8427.102,141.221,34.288,0.825425,-0.563238,0.037900,0.563593,0.826051,0.001577,-0.032195,0.020058,0.999280,0,0.76466,0.72147,45.880,1.443,-1,400.000,-1,400.000,-1,325.000,325.000,300.000,300.000,-1,-1,-1,-1,775.000,800.000,-1,-1,2,0,2,0,2,0,0,0,0,2,2,2,2,0,0,2,2
104,9943.035,-8400.309,139.726,35.731,0.810975,-0.583851,0.037915,0.584221,0.811593,0.001600,-0.031706,0.020854,0.999280,0,0.76466,0.72147,45.880,1.443,-1,400.000,-1,400.000,-1,325.000,325.000,300.000,300.000,-1,-1,-1,-1,800.000,800.000,-1,-1,2,0,2,0,2,0,0,0,0,2,2,2,2,0,0,2,2
105,9979.593,-8372.587,138.277,37.174,0.796001,-0.604090,0.038183,0.604483,0.796616,0.001544,-0.031350,0.021852,0.999270,0,0.76466,0.72147,45.880,1.443,-1,400.000,-1,400.000,-1,325.000,325.000,300.000,300.000,-1,-1,-1,-1,800.000,800.000,-1,-1,2,0,2,0,2,0,0,0,0,2,2,2,2,0,0,2,2
106,10015.440,-8343.953,136.827,38.617,0.780521,-0.623944,0.038478,0.624361,0.781134,0.001481,-0.030981,0.022868,0.999258,0,0.76466,0.72147,45.880,1.443,-1,400.000,-1,400.000,-1,325.000,325.000,300.000,300.000,-1,-1,-1,-1,800.000,800.000,-1,-1,2,0,2,0,2,0,0,0,0,2,2,2,2,0,0,2,2
107,10050.555,-8314.425,135.378,40.060,0.764545,-0.643401,0.038801,0.643843,0.765156,0.001409,-0.030595,0.023904,0.999246,0,0.76466,0.72147,45.880,1.443,-1,400.000,-1,400.000,-1,325.000,325.000,300.000,300.000,-1,-1,-1,-1,800.000,825.000,-1,-1,2,0,2,0,2,0,0,0,0,2,2,2,2,0,0,2,2
108,10084.915,-8284.023,133.930,41.503,0.748085,-0.662448,0.039150,0.662916,0.748692,0.001330,-0.030192,0.024959,0.999232,0,0.76466,0.72147,45.880,1.443,-1,400.000,-1,400.000,-1,325.000,325.000,300.000,300.000,-1,-1,-1,-1,800.000,825.000,-1,-1,2,0,2,0,2,0,0,0,0,2,2,2,2,0,0,2,2
109,10118.499,-8252.764,132.484,42.946,0.731149,-0.681072,0.039527,0.681568,0.731753,0.001238,-0.029767,0.026035,0.999218,0,0.76466,0.72147,45.880,1.443,-1,400.000,-1,400.000,-1,325.000,325.000,300.000,300.000,-1,-1,-1,-1,800.000,825.000,-1,-1,2,0,2,0,2,0,0,0,0,2,2,2,2,0,0,2,2
110,10151.285,-8220.671,131.097,44.388,0.713760,-0.699266,0.039669,0.699783,0.714354,0.001168,-0.029155,0.026926,0.999212,0,0.76466,0.72147,45.880,1.443,-1,400.000,-1,400.000,-1,325.000,325.000,300.000,300.000,-1,-1,-1,-1,800.000,825.000,-1,-1,2,0,2,0,2,0,0,0,0,2,2,2,2,0,0,2,2
111,10183.252,-8187.761,129.723,45.831,0.695920,-0.717016,0.039782,0.717553,0.696503,0.001095,-0.028493,0.027784,0.999208,0,0.76466,0.72147,45.880,1.443,-1,400.000,-1,400.000,-1,325.000,325.000,300.000,300.000,-1,-1,-1,-1,800.000,850.000,-1,-1,2,0,2,0,2,0,0,0,0,2,2,2,2,0,0,2,2
112,10217.793,-8150.676,128.186,47.034,0.680707,-0.731465,0.039955,0.732020,0.681282,0.001059,-0.027995,0.028527,0.999201,0,0.84466,0.60147,50.680,1.203,-1,400.000,-1,400.000,-1,325.000,325.000,300.000,300.000,-1,-1,-1,-1,800.000,850.000,-1,-1,2,0,2,0,2,0,0,0,0,2,2,2,2,0,0,2,2
113,10253.237,-8111.315,126.686,47.997,0.668282,-0.742788,0.040813,0.743377,0.668872,0.001091,-0.028109,0.029610,0.999166,0,0.88278,0.48147,52.967,0.963,-1,400.000,-1,400.000,-1,325.000,325.000,300.000,300.000,-1,-1,-1,-1,800.000,850.000,-1,-1,2,0,2,0,2,0,0,0,0,2,2,2,2,0,0,2,2
114,10288.181,-8071.510,125.160,48.720,0.658814,-0.751145,0.041769,0.751768,0.659426,0.001179,-0.028429,0.030624,0.999127,0,0.88278,0.36147,52.967,0.723,-1,400.000,-1,400.000,-1,325.000,325.000,300.000,300.000,-1,-1,-1,-1,800.000,850.000,-1,-1,2,0,2,0,2,0,0,0,0,2,2,2,2,0,0,2,2
115,10322.788,-8031.412,123.592,49.203,0.652413,-0.756656,0.042773,0.757311,0.653053,0.001329,-0.028939,0.031525,0.999084,0,0.88278,0.24147,52.967,0.483,-1,400.000,-1,400.000,-1,325.000,325.000,300.000,300.000,-1,-1,-1,-1,800.000,875.000,-1,-1,2,0,2,0,2,0,0,0,0,2,2,2,2,0,0,2,2
116,10357.225,-7991.168,121.975,49.446,0.649148,-0.759399,0.043810,0.760084,0.649823,0.001546,-0.029643,0.032296,0.999039,0,0.88278,0.12147,52.967,0.243,-1,400.000,-1,400.000,-1,325.000,325.000,300.000,300.000,-1,-1,-1,-1,825.000,875.000,-1,-1,2,0,2,0,2,0,0,0,0,2,2,2,2,0,0,2,2
117,10391.660,-7950.922,120.308,49.449,0.649055,-0.759417,0.044874,0.760129,0.649770,0.001801,-0.030526,0.032942,0.998991,0,0.88278,0.00147,52.967,0.003,-1,400.000,-1,400.000,-1,325.000,325.000,300.000,300.000,-1,-1,-1,-1,825.000,875.000,-1,-1,2,0,2,0,2,0,0,0,0,2,2,2,2,0,0,2,2
118,10426.262,-7910.818,118.580,49.212,0.652134,-0.756709,0.045973,0.757445,0.652895,0.002082,-0.031591,0.033464,0.998941,0,0.88278,-0.11853,52.967,-0.237,-1,400.000,-1,425.000,-1,325.000,325.000,300.000,300.000,-1,-1,-1,-1,825.000,875.000,-1,-1,2,0,2,0,2,0,0,0,0,2,2,2,2,0,0,2,2
119,10461.196,-7871.005,116.691,48.735,0.658331,-0.751230,0.047479,0.752000,0.659159,0.002430,-0.033122,0.034105,0.998869,0,0.88278,-0.23853,52.967,-0.477,-1,400.000,-1,425.000,-1,325.000,325.000,300.000,300.000,-1,-1,-1,-1,825.000,875.000,-1,-1,2,0,2,0,2,0,0,0,0,2,2,2,2,0,0,2,2
120,10496.549,-7831.562,114.726,48.129,0.666152,-0.744207,0.048964,0.745004,0.667054,0.002854,-0.034785,0.034577,0.998796,0,0.88278,-0.30289,52.967,-0.606,-1,400.000,-1,425.000,-1,325.000,325.000,300.000,300.000,-1,-1,-1,-1,825.000,875.000,-1,-1,2,0,2,0,2,0,0,0,0,2,2,2,2,0,0,2,2
121,10532.317,-7792.496,112.695,47.523,0.673896,-0.737104,0.050416,0.737922,0.674877,0.003403,-0.036533,0.034910,0.998723,0,0.88278,-0.30289,52.967,-0.606,-1,400.000,-1,400.000,-1,325.000,325.000,300.000,300.000,-1,-1,-1,-1,825.000,875.000,-1,-1,2,0,2,0,2,0,0,0,0,2,2,2,2,0,0,2,2
122,10568.497,-7753.810,110.653,46.918,0.681558,-0.729928,0.051803,0.730749,0.682632,0.004326,-0.038520,0.034907,0.998648,0,0.88278,-0.30289,52.967,-0.606,-1,400.000,-1,400.000,-1,325.000,325.000,300.000,300.000,-1,-1,-1,-1,825.000,875.000,-1,-1,2,0,2,0,2,0,0,0,0,2,2,2,2,0,0,2,2
123,10605.169,-7715.420,108.518,46.312,0.689145,-0.722669,0.053190,0.723489,0.690315,0.005269,-0.040526,0.034851,0.998571,0,0.88485,-0.30299,53.091,-0.606,-1,400.000,-1,400.000,-1,325.000,325.000,300.000,300.000,-1,-1,-1,-1,825.000,850.000,-1,-1,2,0,2,0,2,0,0,0,0,2,2,2,2,0,0,2,2
124,10642.537,-7677.121,106.272,45.705,0.696659,-0.715324,0.054563,0.716140,0.697929,0.006239,-0.042543,0.034728,0.998491,0,0.89181,-0.30324,53.509,-0.606,-1,400.000,-1,400.000,-1,325.000,325.000,300.000,300.000,-1,-1,-1,-1,825.000,850.000,-1,-1,2,0,2,0,2,0,0,0,0,2,2,2,2,0,0,2,2
125,10680.606,-7638.921,103.913,45.099,0.704097,-0.707899,0.055916,0.708704,0.705469,0.007236,-0.044569,0.034533,0.998409,0,0.89884,-0.30335,53.930,-0.607,-1,400.000,-1,400.000,-1,325.000,325.000,300.000,300.000,-1,-1,-1,-1,825.000,850.000,-1,-1,2,0,2,0,2,0,0,0,0,2,2,2,2,0,0,2,2
126,10719.380,-7600.828,101.439,44.492,0.711454,-0.700397,0.057249,0.701186,0.712931,0.008263,-0.046602,0.034263,0.998326,0,0.90592,-0.30331,54.355,-0.607,-1,400.000,-1,400.000,-1,325.000,325.000,300.000,300.000,-1,-1,-1,-1,825.000,850.000,-1,-1,2,0,2,0,2,0,0,0,0,2,2,2,2,0,0,2,2
127,10758.865,-7562.851,98.847,43.886,0.718727,-0.692822,0.058562,0.693590,0.720310,0.009319,-0.048640,0.033920,0.998240,0,0.91306,-0.30312,54.784,-0.606,-1,400.000,-1,400.000,-1,325.000,325.000,300.000,300.000,-1,-1,-1,-1,825.000,850.000,-1,-1,2,0,2,0,2,0,0,0,0,2,2,2,2,0,0,2,2
128,10799.062,-7524.998,96.111,43.280,0.725908,-0.685183,0.059846,0.685916,0.727605,0.010536,-0.050763,0.033402,0.998152,0,0.92025,-0.30278,55.215,-0.606,-1,400.000,-1,400.000,-1,325.000,325.000,300.000,300.000,-1,-1,-1,-1,825.000,850.000,-1,-1,2,0,2,0,2,0,0,0,0,2,2,2,2,0,0,2,2
129,10839.977,-7487.276,93.258,42.676,0.732991,-0.677481,0.061184,0.678173,0.734808,0.011823,-0.052968,0.032827,0.998056,0,0.92750,-0.30226,55.650,-0.605,-1,400.000,-1,400.000,-1,325.000,325.000,300.000,300.000,-1,-1,-1,-1,825.000,825.000,-1,-1,2,0,2,0,2,0,0,0,0,2,2,2,2,0,0,2,2
130,10881.611,-7449.693,90.287,42.072,0.739977,-0.669722,0.062502,0.670368,0.741913,0.013104,-0.055147,0.032203,0.997959,0,0.93479,-0.30156,56.087,-0.603,-1,400.000,-1,400.000,-1,325.000,325.000,300.000,300.000,-1,-1,-1,-1,800.000,825.000,-1,-1,2,0,2,0,2,0,0,0,0,2,2,2,2,0,0,2,2
131,10923.967,-7412.258,87.136,41.471,0.746864,-0.661908,0.063805,0.662519,0.748912,0.014097,-0.057116,0.031744,0.997863,0,0.94213,-0.30068,56.528,-0.601,-1,400.000,-1,400.000,-1,325.000,325.000,300.000,300.000,-1,-1,-1,-1,-1,825.000,-1,-1,2,0,2,0,2,0,0,0,0,2,2,2,2,2,0,2,2
132,10967.047,-7374.979,83.826,40.872,0.753648,-0.654048,0.065078,0.654630,0.755803,0.014921,-0.058945,0.031356,0.997769,0,0.94950,-0.29959,56.970,-0.599,-1,400.000,-1,400.000,-1,325.000,325.000,300.000,300.000,-1,-1,-1,-1,-1,825.000,-1,-1,2,0,2,0,2,0,0,0,0,2,2,2,2,2,0,2,2
133,11010.851,-7337.863,80.395,40.275,0.760322,-0.646153,0.066308,0.646699,0.762582,0.015759,-0.060748,0.030899,0.997675,0,0.95691,-0.29828,57.415,-0.597,-1,400.000,-1,400.000,-1,325.000,325.000,300.000,300.000,-1,-1,-1,-1,-1,825.000,-1,-1,2,0,2,0,2,0,0,0,0,2,2,2,2,2,0,2,2
134,11055.381,-7300.917,76.843,39.682,0.766882,-0.638230,0.067494,0.638736,0.769247,0.016610,-0.062520,0.030373,0.997581,0,0.96434,-0.29674,57.860,-0.593,-1,400.000,-1,400.000,-1,325.000,325.000,300.000,300.000,-1,-1,-1,-1,-1,825.000,-1,-1,2,0,2,0,2,1,0,0,0,2,2,2,2,2,1,2,2
135,11098.995,-7265.791,73.291,38.848,0.775991,-0.626985,0.068763,0.627449,0.778465,0.017317,-0.064387,0.029707,0.997483,0,0.93334,-0.41674,56.000,-0.833,-1,400.000,-1,400.000,-1,325.000,325.000,300.000,300.000,-1,-1,-1,-1,-1,-1,-1,-1,2,1,2,0,2,1,0,0,0,2,2,2,2,2,2,2,2
136,11143.597,-7231.226,69.614,37.775,0.787511,-0.612307,0.070047,0.612722,0.790096,0.017928,-0.066321,0.028801,0.997383,0,0.94045,-0.53674,56.427,-1.073,-1,450.000,-1,400.000,-1,350.000,325.000,300.000,300.000,-1,-1,-1,-1,-1,-1,-1,-1,2,1,2,0,2,1,0,0,0,2,2,2,2,2,2,2,2
137,11189.318,-7197.442,65.830,36.461,0.801265,-0.594056,0.071220,0.594407,0.803952,0.018465,-0.068226,0.027539,0.997290,0,0.94747,-0.65674,56.848,-1.313,-1,550.000,-1,400.000,-1,375.000,325.000,300.000,300.000,-1,-1,-1,-1,-1,-1,-1,-1,2,1,2,0,2,1,0,0,0,2,2,2,2,2,2,2,2
138,11236.275,-7164.676,61.934,34.908,0.817016,-0.572068,0.072270,0.572341,0.819797,0.018929,-0.070076,0.025898,0.997205,0,0.95430,-0.77674,57.258,-1.553,-1,-1,-1,400.000,-1,400.000,325.000,300.000,300.000,-1,-1,-1,-1,-1,1000.000,-1,-1,2,2,2,0,2,1,1,0,0,2,2,2,2,2,1,2,2
139,11284.453,-7133.014,57.888,33.313,0.832596,-0.549049,0.072995,0.549228,0.835447,0.019397,-0.071633,0.023941,0.997144,0,0.96085,-0.79768,57.651,-1.595,-1,-1,-1,400.000,-1,450.000,350.000,300.000,300.000,-1,-1,-1,-1,-1,975.000,-1,-1,2,2,2,0,2,1,1,0,0,2,2,2,2,2,1,2,2
