timestep,x_cm,y_cm,z_cm,yaw_deg,basis_xx,basis_xy,basis_xz,basis_yx,basis_yy,basis_yz,basis_zx,basis_zy,basis_zz,teleport_flag,throttle_cmd,steering_cmd,cmd_move_cm,cmd_turn_deg,lidar_cm_0,lidar_cm_1,lidar_cm_2,lidar_cm_3,lidar_cm_4,lidar_cm_5,lidar_cm_6,lidar_cm_7,lidar_cm_8,lidar_cm_9,lidar_cm_10,lidar_cm_11,lidar_cm_12,lidar_cm_13,lidar_cm_14,lidar_cm_15,lidar_cm_16,lidar_class_0,lidar_class_1,lidar_class_2,lidar_class_3,lidar_class_4,lidar_class_5,lidar_class_6,lidar_class_7,lidar_class_8,lidar_class_9,lidar_class_10,lidar_class_11,lidar_class_12,lidar_class_13,lidar_class_14,lidar_class_15,lidar_class_16
0,8203.219,7545.773,-278.593,32.120,0.846462,-0.531687,-0.028491,0.531288,0.846938,-0.020724,0.035148,0.002405,0.999379,1,0.08000,0.12000,4.800,0.240,-1,375.000,-1,350.000,-1,300.000,300.000,125.000,300.000,200.000,-1,-1,-1,675.000,600.000,-1,-1,2,0,2,0,2,0,0,1,0,1,2,2,2,0,0,2,2
1,8211.307,7550.946,-277.924,32.600,0.841981,-0.538763,-0.028314,0.538367,0.842454,-0.020795,0.035057,0.002265,0.999383,0,0.16000,0.24000,9.600,0.480,-1,375.000,-1,350.000,-1,300.000,300.000,125.000,300.000,225.000,-1,-1,-1,675.000,600.000,-1,-1,2,0,2,0,2,0,0,1,0,1,2,2,2,0,0,2,2
2,8223.340,7558.856,-276.915,33.320,0.835150,-0.549307,-0.028042,0.548914,0.835618,-0.020886,0.034906,0.002050,0.999389,0,0.24000,0.36000,14.400,0.720,-1,375.000,-1,350.000,-1,300.000,300.000,150.000,300.000,225.000,-1,-1,-1,700.000,600.000,-1,-1,2,0,2,0,2,0,0,1,0,1,2,2,2,0,0,2,2
3,8239.204,7569.670,-275.594,34.280,0.825840,-0.563231,-0.027557,0.562842,0.826298,-0.021011,0.034604,0.001842,0.999399,0,0.32000,0.48000,19.200,0.960,-1,375.000,-1,350.000,-1,300.000,300.000,150.000,300.000,225.000,-1,-1,-1,700.000,600.000,-1,-1,2,0,2,0,2,0,0,1,0,1,2,2,2,0,0,2,2
4,8258.748,7583.600,-273.998,35.480,0.813884,-0.580412,-0.026740,0.580029,0.814321,-0.021163,0.034058,0.001715,0.999418,0,0.40000,0.60000,24.000,1.200,-1,375.000,-1,350.000,-1,300.000,275.000,150.000,300.000,250.000,-1,-1,-1,725.000,600.000,-1,-1,2,0,2,0,2,0,0,1,0,1,2,2,2,0,0,2,2
5,8281.778,7600.893,-272.085,36.902,0.799246,-0.600450,-0.025806,0.600076,0.799661,-0.021240,0.033389,0.001490,0.999441,0,0.48000,0.71128,28.800,1.423,-1,375.000,-1,350.000,-1,300.000,275.000,150.000,300.000,250.000,-1,-1,-1,725.000,600.000,-1,-1,2,0,2,0,2,0,0,1,0,1,2,2,2,0,0,2,2
6,8308.140,7621.726,-269.701,38.319,0.784197,-0.620040,-0.024187,0.619672,0.784568,-0.021436,0.032268,0.001822,0.999478,0,0.56000,0.70848,33.600,1.417,-1,375.000,-1,325.000,-1,300.000,275.000,175.000,300.000,275.000,-1,-1,-1,750.000,600.000,-1,-1,2,0,2,0,2,0,0,1,0,1,2,2,2,0,0,2,2
7,8337.672,7646.270,-266.921,39.729,0.768746,-0.639160,-0.022436,0.638804,0.769070,-0.021438,0.030957,0.002148,0.999518,0,0.64000,0.70512,38.400,1.410,-1,375.000,-1,325.000,-1,300.000,275.000,175.000,300.000,275.000,-1,-1,-1,775.000,600.000,-1,-1,2,0,2,0,2,0,0,1,0,1,2,2,2,0,0,2,2
8,8370.210,7674.686,-263.912,41.132,0.752902,-0.657788,-0.021276,0.657447,0.753200,-0.021273,0.030018,0.002029,0.999547,0,0.72000,0.70108,43.200,1.402,-1,375.000,-1,325.000,-1,300.000,275.000,200.000,300.000,275.000,-1,-1,-1,775.000,600.000,-1,-1,2,0,2,0,2,0,0,1,0,1,2,2,2,0,0,2,2
9,8405.586,7707.129,-260.833,42.524,0.736678,-0.675899,-0.021586,0.675579,0.736994,-0.020826,0.029985,0.000759,0.999550,0,0.80000,0.69626,48.000,1.393,-1,375.000,-1,325.000,-1,300.000,275.000,225.000,275.000,275.000,-1,-1,-1,800.000,600.000,-1,-1,2,0,2,0,2,0,0,1,0,1,2,2,2,0,0,2,2
10,8441.270,7741.475,-258.072,43.905,0.720082,-0.693463,-0.024311,0.693179,0.720488,-0.020001,0.031386,-0.002450,0.999504,0,0.82545,0.69050,49.527,1.381,-1,400.000,-1,350.000,-1,300.000,275.000,250.000,275.000,275.000,-1,-1,-1,850.000,600.000,-1,-1,2,0,2,0,2,0,0,1,0,1,2,2,2,0,0,2,2
11,8475.849,7776.385,-255.928,45.273,0.703144,-0.710452,-0.029114,0.710236,0.703708,-0.018971,0.033966,-0.007339,0.999396,0,0.81895,0.68409,49.137,1.368,-1,400.000,-1,350.000,-1,300.000,300.000,250.000,275.000,250.000,-1,-1,-1,875.000,625.000,-1,-1,2,0,2,0,2,0,0,1,0,1,2,2,2,0,0,2,2
12,8509.356,7811.853,-254.754,46.628,0.685855,-0.726817,-0.036601,0.726819,0.686649,-0.015741,0.036573,-0.015806,0.999206,0,0.81321,0.67729,48.792,1.355,-1,400.000,-1,350.000,-1,300.000,300.000,275.000,300.000,250.000,-1,-1,-1,900.000,650.000,-1,-1,2,0,2,0,2,0,0,1,0,1,2,2,2,0,0,2,2
13,8541.823,7847.873,-254.136,47.968,0.668194,-0.742510,-0.046850,0.742881,0.669309,-0.012391,0.040558,-0.026524,0.998825,0,0.80820,0.67013,48.492,1.340,-1,400.000,-1,350.000,-1,325.000,300.000,300.000,300.000,225.000,-1,-1,-1,925.000,700.000,-1,-1,2,0,2,0,2,0,0,1,0,1,2,2,2,0,0,2,2
14,8573.277,7884.439,-254.054,49.293,0.650121,-0.757469,-0.059857,0.758437,0.651681,-0.009221,0.045992,-0.039403,0.998164,0,0.80388,0.66261,48.233,1.325,-1,425.000,-1,375.000,-1,325.000,300.000,300.000,300.000,225.000,-1,-1,-1,975.000,775.000,-1,-1,2,0,2,0,2,0,0,1,0,1,2,2,2,0,0,2,2
15,8603.747,7921.546,-254.509,50.603,0.631575,-0.771619,-0.075614,0.773510,0.633751,-0.006411,0.052868,-0.054439,0.997117,0,0.80022,0.65477,48.013,1.310,-1,425.000,-1,400.000,-1,325.000,325.000,325.000,325.000,225.000,850.000,925.000,-1,-1,875.000,-1,-1,2,0,2,0,2,0,0,1,0,1,0,0,2,2,0,2,2
16,8633.259,7959.186,-252.858,51.896,0.613706,-0.785447,-0.080233,0.787769,0.615956,-0.004262,0.052768,-0.060590,0.996767,0,0.79718,0.64663,47.831,1.293,-1,425.000,-1,400.000,-1,325.000,325.000,325.000,325.000,225.000,825.000,950.000,-1,-1,900.000,-1,-1,2,0,2,0,2,0,0,0,0,1,0,0,2,2,0,2,2
17,8661.839,7997.354,-250.605,53.172,0.596068,-0.798828,-0.081100,0.801344,0.598198,-0.002485,0.050499,-0.063508,0.996703,0,0.79472,0.63819,47.683,1.276,-1,425.000,-1,425.000,-1,325.000,325.000,325.000,325.000,250.000,925.000,-1,-1,-1,925.000,-1,-1,2,0,2,0,2,0,0,0,0,1,0,2,2,2,0,2,2
18,8689.506,8036.048,-248.378,54.431,0.578394,-0.811620,-0.082055,0.814338,0.580390,-0.000582,0.048096,-0.066484,0.996628,0,0.79281,0.62948,47.568,1.259,-1,425.000,-1,425.000,-1,350.000,350.000,325.000,325.000,275.000,-1,-1,-1,-1,925.000,-1,-1,2,0,2,0,2,0,0,0,0,1,2,2,2,2,0,2,2
19,8716.281,8075.263,-246.273,55.672,0.560750,-0.823850,-0.082651,0.826746,0.562573,0.001476,0.045281,-0.069159,0.996577,0,0.79141,0.62050,47.485,1.241,-1,425.000,-1,425.000,-1,350.000,350.000,325.000,325.000,300.000,-1,-1,-1,-1,950.000,-1,-1,2,0,2,0,2,0,0,0,0,1,2,2,2,2,0,2,2
20,8742.185,8114.994,-244.817,56.895,0.543359,-0.835641,-0.080408,0.838523,0.544852,0.003954,0.040507,-0.069573,0.996754,0,0.79050,0.61127,47.430,1.223,-1,425.000,-1,425.000,-1,350.000,350.000,325.000,325.000,325.000,-1,-1,-1,-1,925.000,-1,-1,2,0,2,0,2,0,0,0,0,1,2,2,2,2,0,2,2
21,8764.547,8151.286,-243.569,58.358,0.522148,-0.849235,-0.078491,0.852111,0.523322,0.006438,0.035608,-0.070245,0.996894,0,0.71050,0.73127,42.630,1.463,-1,425.000,-1,425.000,-1,350.000,325.000,325.000,325.000,350.000,-1,-1,-1,-1,925.000,-1,-1,2,0,2,0,2,0,0,0,0,1,2,2,2,2,0,2,2
22,8784.852,8186.543,-242.442,60.060,0.496982,-0.864354,-0.076820,0.867228,0.497828,0.009080,0.030395,-0.071133,0.997004,0,0.67810,0.85127,40.686,1.703,-1,425.000,-1,425.000,-1,325.000,325.000,325.000,325.000,375.000,-1,-1,-1,-1,925.000,-1,-1,2,0,2,0,2,0,0,0,0,1,2,2,2,2,0,2,2
23,8804.035,8222.630,-241.461,62.003,0.467697,-0.880682,-0.075221,0.883537,0.468216,0.011673,0.024940,-0.071920,0.997099,0,0.68117,0.97127,40.870,1.943,-1,425.000,-1,400.000,-1,325.000,325.000,325.000,300.000,425.000,-1,-1,-1,1000.000,900.000,-1,-1,2,0,2,0,2,0,0,0,0,1,2,2,2,0,0,2,2
24,8822.057,8259.588,-240.641,64.003,0.436971,-0.896456,-0.073645,0.899263,0.437181,0.014109,0.019548,-0.072391,0.997185,0,0.68532,1.00000,41.119,2.000,-1,425.000,-1,400.000,-1,325.000,325.000,325.000,300.000,450.000,-1,-1,-1,1000.000,900.000,-1,-1,2,0,2,0,2,0,0,0,0,1,2,2,2,0,0,2,2
25,8838.885,8297.391,-239.891,66.003,0.405719,-0.911137,-0.072257,0.913890,0.405615,0.016761,0.014037,-0.072835,0.997245,0,0.68969,1.00000,41.381,2.000,-1,425.000,-1,400.000,-1,325.000,325.000,325.000,300.000,475.000,-1,-1,-1,975.000,900.000,-1,-1,2,0,2,0,2,0,0,0,0,1,2,2,2,0,0,2,2
26,8854.480,8336.000,-239.215,68.003,0.373979,-0.924710,-0.071072,0.927399,0.373559,0.019615,0.008411,-0.073248,0.997278,0,0.69402,1.00000,41.641,2.000,-1,425.000,-1,400.000,-1,325.000,325.000,325.000,300.000,525.000,-1,-1,-1,950.000,900.000,-1,-1,2,0,2,0,2,0,0,0,0,1,2,2,2,0,0,2,2
27,8868.807,8375.372,-238.615,70.003,0.341791,-0.937158,-0.070105,0.939772,0.341050,0.022658,0.002675,-0.073627,0.997282,0,0.69830,1.00000,41.898,2.000,-1,425.000,-1,400.000,-1,325.000,325.000,325.000,300.000,550.000,-1,-1,-1,925.000,875.000,-1,-1,2,0,2,0,2,0,0,0,0,1,2,2,2,0,0,2,2
28,8881.829,8415.461,-238.094,72.003,0.309196,-0.948465,-0.069369,0.950993,0.308128,0.025875,-0.003167,-0.073969,0.997255,0,0.70254,1.00000,42.153,2.000,-1,425.000,-1,400.000,-1,325.000,325.000,325.000,300.000,600.000,-1,-1,-1,900.000,875.000,-1,-1,2,0,2,0,2,0,0,0,0,1,2,2,2,0,0,2,2
29,8893.513,8456.222,-237.943,74.003,0.276180,-0.958535,-0.070247,0.961071,0.274809,0.028674,-0.008181,-0.075431,0.997117,0,0.70673,1.00000,42.404,2.000,-1,425.000,-1,425.000,-1,325.000,325.000,325.000,300.000,625.000,-1,-1,-1,900.000,875.000,-1,-1,2,0,2,0,2,0,0,0,0,1,2,2,2,0,0,2,2
30,8903.826,8497.607,-238.110,76.003,0.242882,-0.967366,-0.072189,0.969961,0.241145,0.032008,-0.013556,-0.077795,0.996877,0,0.71085,1.00000,42.651,2.000,-1,425.000,-1,425.000,-1,325.000,325.000,325.000,300.000,675.000,-1,-1,-1,875.000,875.000,-1,-1,2,0,2,0,2,0,0,0,0,1,2,2,2,0,0,2,2
31,8912.738,8539.565,-238.466,78.003,0.209348,-0.974980,-0.074746,0.977652,0.207192,0.035598,-0.019221,-0.080528,0.996567,0,0.71492,1.00000,42.895,2.000,-1,425.000,-1,425.000,-1,325.000,325.000,325.000,325.000,700.000,-1,-1,-1,850.000,875.000,-1,-1,2,0,2,0,2,0,0,0,0,1,2,2,2,0,0,2,2
32,8920.224,8582.044,-239.354,80.003,0.175484,-0.981519,-0.076323,0.984192,0.173023,0.037797,-0.023893,-0.081749,0.996366,0,0.71892,1.00000,43.135,2.000,-1,425.000,-1,425.000,-1,325.000,325.000,300.000,325.000,750.000,-1,-1,-1,825.000,875.000,-1,-1,2,0,2,0,2,0,0,0,0,1,2,2,2,0,0,2,2
33,8926.259,8624.993,-241.120,82.003,0.141357,-0.987086,-0.075357,0.989543,0.138681,0.039661,-0.028698,-0.080175,0.996368,0,0.72286,1.00000,43.372,2.000,-1,425.000,-1,425.000,-1,325.000,325.000,300.000,325.000,825.000,-1,-1,-1,825.000,850.000,-1,-1,2,0,2,0,2,0,0,0,0,1,2,2,2,0,0,2,2
34,8930.815,8668.356,-243.004,84.003,0.107051,-0.991450,-0.074608,0.993689,0.104160,0.041625,-0.033498,-0.078593,0.996344,0,0.72672,1.00000,43.603,2.000,-1,425.000,-1,425.000,-1,325.000,325.000,300.000,300.000,900.000,-1,-1,-1,800.000,825.000,-1,-1,2,0,2,0,2,0,0,0,0,1,2,2,2,0,0,2,2
35,8933.871,8712.079,-245.006,86.003,0.072609,-0.994605,-0.074080,0.996625,0.069504,0.043668,-0.038283,-0.077001,0.996296,0,0.73052,1.00000,43.831,2.000,-1,425.000,-1,425.000,-1,325.000,325.000,300.000,300.000,-1,-1,-1,-1,775.000,800.000,-1,-1,2,0,2,0,2,0,0,0,0,2,2,2,2,0,0,2,2
36,8935.407,8756.106,-247.126,88.003,0.038075,-0.996548,-0.073774,0.998347,0.034755,0.045770,-0.043048,-0.075395,0.996224,0,0.73423,1.00000,44.054,2.000,-1,400.000,-1,400.000,-1,325.000,325.000,300.000,300.000,-1,-1,-1,-1,775.000,775.000,-1,-1,2,0,2,0,2,0,0,0,0,2,2,2,2,0,0,2,2
37,8935.406,8800.377,-249.363,90.003,0.003490,-0.997275,-0.073689,0.998852,-0.000045,0.047911,-0.047784,-0.073772,0.996130,0,0.73787,1.00000,44.272,2.000,-1,400.000,-1,400.000,-1,325.000,325.000,300.000,300.000,-1,-1,-1,-1,750.000,775.000,-1,-1,2,0,2,0,2,0,0,0,0,2,2,2,2,0,0,2,2
38,8933.852,8844.835,-251.716,92.003,-0.031103,-0.996786,-0.073823,0.998137,-0.034854,0.050071,-0.052483,-0.072128,0.996014,0,0.74143,1.00000,44.486,2.000,-1,400.000,-1,400.000,-1,325.000,325.000,300.000,300.000,-1,-1,-1,-1,750.000,750.000,-1,-1,2,0,2,0,2,0,0,0,0,2,2,2,2,0,0,2,2
39,8930.733,8889.419,-254.184,94.003,-0.065661,-0.995081,-0.074172,0.996205,-0.069628,0.052230,-0.057137,-0.070461,0.995877,0,0.74491,1.00000,44.695,2.000,-1,400.000,-1,400.000,-1,325.000,325.000,300.000,300.000,-1,-1,-1,-1,725.000,725.000,-1,-1,2,0,2,0,2,0,0,0,0,2,2,2,2,0,0,2,2
40,8926.039,8934.071,-256.766,96.003,-0.100141,-0.992163,-0.074730,0.993056,-0.104326,0.054369,-0.061739,-0.068767,0.995721,0,0.74830,1.00000,44.898,2.000,-1,400.000,-1,400.000,-1,325.000,325.000,300.000,300.000,-1,-1,-1,-1,700.000,700.000,-1,-1,2,0,2,0,2,0,0,0,0,2,2,2,2,0,0,2,2
41,8919.762,8978.728,-259.461,98.003,-0.134500,-0.988034,-0.075489,0.988694,-0.138905,0.056470,-0.066280,-0.067040,0.995546,0,0.75161,1.00000,45.097,2.000,-1,400.000,-1,375.000,-1,325.000,325.000,300.000,300.000,-1,-1,-1,-1,700.000,700.000,-1,-1,2,0,2,0,2,0,0,0,0,2,2,2,2,0,0,2,2
42,8911.896,9023.329,-262.268,100.003,-0.168697,-0.982699,-0.076440,0.983125,-0.173322,0.058516,-0.070753,-0.065279,0.995356,0,0.75484,1.00000,45.290,2.000,-1,375.000,-1,375.000,-1,325.000,300.000,300.000,300.000,-1,-1,-1,-1,675.000,675.000,-1,-1,2,0,2,0,2,0,0,0,0,2,2,2,2,0,0,2,2
43,8902.439,9067.813,-265.185,102.003,-0.202690,-0.976166,-0.077573,0.976355,-0.207536,0.060491,-0.075149,-0.063478,0.995150,0,0.75797,1.00000,45.478,2.000,-1,375.000,-1,375.000,-1,300.000,300.000,300.000,300.000,-1,-1,-1,-1,675.000,650.000,-1,-1,2,0,2,0,2,0,0,0,0,2,2,2,2,0,0,2,2
44,8891.392,9112.118,-268.258,104.003,-0.236461,-0.968451,-0.078672,0.968398,-0.241508,0.062287,-0.079322,-0.061457,0.994953,0,0.76103,1.00000,45.662,2.000,-1,375.000,-1,350.000,-1,300.000,300.000,300.000,325.000,-1,-1,-1,-1,650.000,625.000,-1,-1,2,0,2,0,2,0,0,0,0,2,2,2,2,0,0,2,2
45,8878.757,9156.180,-271.581,106.003,-0.270145,-0.959582,-0.078898,0.959369,-0.275203,0.062245,-0.081442,-0.058877,0.994938,0,0.76399,1.00000,45.839,2.000,-1,375.000,-1,350.000,-1,300.000,300.000,300.000,325.000,-1,-1,-1,-1,650.000,625.000,-1,-1,2,0,2,0,2,0,0,0,0,2,2,2,2,0,0,2,2
46,8866.075,9195.210,-274.397,108.003,-0.303495,-0.949490,-0.079746,0.949234,-0.308555,0.061221,-0.082735,-0.057118,0.994933,0,0.68399,1.00000,41.039,2.000,-1,375.000,-1,350.000,-1,300.000,300.000,300.000,325.000,-1,-1,-1,-1,650.000,625.000,-1,-1,2,0,2,0,2,0,0,0,0,2,2,2,2,0,0,2,2
47,8853.680,9229.263,-276.939,110.003,-0.336487,-0.938243,-0.080475,0.937938,-0.341541,0.060190,-0.083958,-0.055227,0.994938,0,0.60399,1.00000,36.239,2.000,-1,375.000,-1,350.000,-1,300.000,300.000,300.000,325.000,-1,-1,-1,-1,650.000,625.000,-1,-1,2,0,2,0,2,0,0,0,0,2,2,2,2,0,0,2,2
48,8841.903,9258.412,-279.226,112.003,-0.369079,-0.925847,-0.081169,0.925503,-0.374115,0.059007,-0.084998,-0.053344,0.994952,0,0.52399,1.00000,31.439,2.000,-1,375.000,-1,350.000,-1,300.000,300.000,300.000,325.000,-1,-1,-1,-1,650.000,625.000,-1,-1,2,0,2,0,2,0,0,0,0,2,2,2,2,0,0,2,2
49,8831.068,9282.747,-281.302,114.003,-0.401227,-0.912305,-0.081951,0.911964,-0.406234,0.057403,-0.085660,-0.051704,0.994982,0,0.44399,1.00000,26.639,2.000,-1,375.000,-1,350.000,-1,300.000,300.000,300.000,325.000,-1,-1,-1,-1,675.000,625.000,-1,-1,2,0,2,0,2,0,0,0,0,2,2,2,2,0,0,2,2
50,8821.495,9302.376,-283.022,116.003,-0.432901,-0.897660,-0.082482,0.897294,-0.437868,0.055983,-0.086370,-0.049775,0.995019,0,0.36399,1.00000,21.839,2.000,-1,375.000,-1,350.000,-1,300.000,300.000,300.000,325.000,-1,-1,-1,-1,675.000,625.000,-1,-1,2,0,2,0,2,0,0,0,0,2,2,2,2,0,0,2,2
51,8813.496,9317.420,-284.370,118.003,-0.464060,-0.881928,-0.082776,0.881508,-0.468980,0.054779,-0.087131,-0.047547,0.995062,0,0.28399,1.00000,17.039,2.000,-1,375.000,-1,350.000,-1,300.000,300.000,300.000,325.000,-1,-1,-1,-1,675.000,625.000,-1,-1,2,0,2,0,2,0,0,0,0,2,2,2,2,0,0,2,2
52,8807.378,9328.020,-285.334,120.003,-0.494666,-0.865125,-0.082850,0.864622,-0.499532,0.053821,-0.087948,-0.045010,0.995108,0,0.20399,1.00000,12.239,2.000,-1,375.000,-1,350.000,-1,300.000,300.000,300.000,325.000,-1,-1,-1,-1,700.000,625.000,-1,-1,2,0,2,0,2,0,0,0,0,2,2,2,2,0,0,2,2
53,8803.437,9334.329,-285.971,122.003,-0.524683,-0.847279,-0.082613,0.846630,-0.529492,0.053445,-0.089026,-0.041901,0.995148,0,0.12399,1.00000,7.439,2.000,-1,375.000,-1,350.000,-1,300.000,300.000,300.000,325.000,-1,-1,-1,-1,700.000,625.000,-1,-1,2,0,2,0,2,0,0,0,0,2,2,2,2,0,0,2,2
54,8801.963,9336.518,-286.198,124.003,-0.554072,-0.828398,-0.082222,0.827573,-0.558816,0.053367,-0.090156,-0.038475,0.995184,0,0.04399,1.00000,2.639,2.000,-1,375.000,-1,350.000,-1,300.000,300.000,300.000,325.000,-1,-1,-1,-1,700.000,625.000,-1,-1,2,0,2,0,2,0,0,0,0,2,2,2,2,0,0,2,2
55,8803.235,9334.771,-285.994,126.003,-0.582794,-0.808501,-0.081713,0.807474,-0.587466,0.053557,-0.091304,-0.034769,0.995216,0,-0.03601,1.00000,-2.161,2.000,-1,375.000,-1,350.000,-1,300.000,300.000,300.000,325.000,-1,-1,-1,-1,725.000,625.000,-1,-1,2,0,2,0,2,0,0,0,0,2,2,2,2,0,0,2,2
56,8807.523,9329.287,-285.348,128.003,-0.610813,-0.787610,-0.081109,0.786357,-0.615405,0.054021,-0.092463,-0.030784,0.995240,0,-0.11601,1.00000,-6.961,2.000,-1,375.000,-1,350.000,-1,300.000,300.000,300.000,300.000,-1,-1,-1,-1,725.000,625.000,-1,-1,2,0,2,0,2,0,0,0,0,2,2,2,2,0,0,2,2
57,8813.300,9322.405,-284.509,130.003,-0.638090,-0.765743,-0.080491,0.764257,-0.642594,0.054631,-0.093557,-0.026657,0.995257,0,-0.14976,1.00000,-8.986,2.000,-1,375.000,-1,350.000,-1,300.000,300.000,300.000,300.000,-1,-1,-1,-1,725.000,650.000,-1,-1,2,0,2,0,2,0,0,0,0,2,2,2,2,0,0,2,2
58,8819.068,9316.002,-283.700,132.003,-0.664585,-0.742926,-0.079920,0.741209,-0.668995,0.055272,-0.094529,-0.022505,0.995268,0,-0.14363,1.00000,-8.618,2.000,-1,400.000,-1,375.000,-1,325.000,300.000,300.000,300.000,-1,-1,-1,-1,750.000,650.000,-1,-1,2,0,2,0,2,0,0,0,0,2,2,2,2,0,0,2,2
59,8824.802,9310.068,-282.923,134.003,-0.690265,-0.719188,-0.079397,0.717243,-0.694574,0.055940,-0.095379,-0.018333,0.995272,0,-0.13752,1.00000,-8.251,2.000,-1,400.000,-1,375.000,-1,325.000,300.000,300.000,300.000,-1,-1,-1,-1,750.000,650.000,-1,-1,2,0,2,0,2,0,0,0,0,2,2,2,2,0,0,2,2
60,8830.476,9304.590,-282.273,136.003,-0.715095,-0.694553,-0.078971,0.692432,-0.719295,0.056148,-0.095801,-0.014530,0.995294,0,-0.13145,1.00000,-7.887,2.000,-1,400.000,-1,375.000,-1,325.000,300.000,300.000,300.000,-1,-1,-1,-1,775.000,650.000,-1,-1,2,0,2,0,2,0,0,0,0,2,2,2,2,0,0,2,2
61,8836.071,9299.555,-281.667,138.003,-0.739046,-0.669058,-0.078566,0.666771,-0.743132,0.056319,-0.096065,-0.010763,0.995317,0,-0.12545,1.00000,-7.527,2.000,-1,400.000,-1,375.000,-1,325.000,300.000,300.000,300.000,-1,-1,-1,-1,775.000,650.000,-1,-1,2,0,2,0,2,0,0,0,0,2,2,2,2,0,0,2,2
62,8841.566,9294.946,-281.096,140.003,-0.762088,-0.642737,-0.078175,0.640286,-0.766055,0.056510,-0.096207,-0.006989,0.995337,0,-0.11953,1.00000,-7.172,2.000,-1,400.000,-1,375.000,-1,325.000,300.000,300.000,300.000,-1,-1,-1,-1,775.000,650.000,-1,-1,2,0,2,0,2,0,0,0,0,2,2,2,2,0,0,2,2
63,8846.943,9290.746,-280.559,142.003,-0.784191,-0.615623,-0.077800,0.613012,-0.788034,0.056724,-0.096229,-0.003210,0.995354,0,-0.11372,1.00000,-6.823,2.000,-1,400.000,-1,375.000,-1,325.000,325.000,300.000,300.000,-1,-1,-1,-1,800.000,650.000,-1,-1,2,0,2,0,2,0,0,0,0,2,2,2,2,0,0,2,2
64,8852.187,9286.937,-280.056,144.003,-0.805329,-0.587749,-0.077442,0.584982,-0.809043,0.056960,-0.096132,0.000569,0.995368,0,-0.10802,1.00000,-6.481,2.000,-1,400.000,-1,375.000,-1,325.000,325.000,300.000,300.000,-1,-1,-1,-1,800.000,675.000,-1,-1,2,0,2,0,2,0,0,0,0,2,2,2,2,0,0,2,2
65,8857.283,9283.500,-279.587,146.003,-0.825473,-0.559150,-0.077103,0.556232,-0.829055,0.057220,-0.095917,0.004346,0.995380,0,-0.10245,1.00000,-6.147,2.000,-1,400.000,-1,375.000,-1,325.000,325.000,300.000,300.000,-1,-1,-1,-1,825.000,675.000,-1,-1,2,0,2,0,2,0,0,0,0,2,2,2,2,0,0,2,2
66,8862.220,9280.416,-279.152,148.003,-0.844600,-0.529864,-0.076784,0.526797,-0.848044,0.057504,-0.095586,0.008118,0.995388,0,-0.09701,1.00000,-5.821,2.000,-1,400.000,-1,375.000,-1,325.000,325.000,300.000,300.000,-1,-1,-1,-1,825.000,675.000,-1,-1,2,0,2,0,2,0,0,0,0,2,2,2,2,0,0,2,2
67,8866.986,9277.665,-278.750,150.003,-0.862684,-0.499926,-0.076488,0.496714,-0.865987,0.057812,-0.095139,0.011881,0.995393,0,-0.09172,1.00000,-5.503,2.000,-1,400.000,-1,375.000,-1,325.000,325.000,300.000,300.000,-1,-1,-1,-1,825.000,675.000,-1,-1,2,0,2,0,2,0,0,0,0,2,2,2,2,0,0,2,2
68,8871.573,9275.226,-278.381,152.003,-0.879704,-0.469374,-0.076216,0.466021,-0.882861,0.058144,-0.094579,0.015631,0.995395,0,-0.08659,1.00000,-5.195,2.000,-1,400.000,-1,375.000,-1,325.000,325.000,300.000,300.000,-1,-1,-1,-1,850.000,675.000,-1,-1,2,0,2,0,2,0,0,0,0,2,2,2,2,0,0,2,2
69,8875.974,9273.079,-278.044,154.003,-0.895638,-0.438248,-0.075969,0.434758,-0.898645,0.058500,-0.093907,0.019367,0.995393,0,-0.08161,1.00000,-4.896,2.000,-1,400.000,-1,375.000,-1,325.000,325.000,300.000,300.000,-1,-1,-1,-1,850.000,700.000,-1,-1,2,0,2,0,2,0,0,0,0,2,2,2,2,0,0,2,2
70,8880.183,9271.205,-277.738,156.003,-0.910466,-0.406587,-0.075751,0.402963,-0.913320,0.058880,-0.093125,0.023084,0.995387,0,-0.07678,1.00000,-4.607,2.000,-1,400.000,-1,375.000,-1,325.000,325.000,300.000,275.000,-1,-1,-1,-1,850.000,700.000,-1,-1,2,0,2,0,2,0,0,0,0,2,2,2,2,0,0,2,2
71,8884.195,9269.583,-277.463,158.003,-0.924171,-0.374430,-0.075564,0.370676,-0.926868,0.059284,-0.092235,0.026779,0.995377,0,-0.07212,1.00000,-4.327,2.000,-1,400.000,-1,375.000,-1,325.000,325.000,300.000,275.000,-1,-1,-1,-1,850.000,700.000,-1,-1,2,0,2,0,2,0,0,0,0,2,2,2,2,0,0,2,2
72,8888.008,9268.195,-277.217,160.003,-0.936735,-0.341819,-0.075408,0.337938,-0.939272,0.059710,-0.091239,0.030449,0.995363,0,-0.06763,1.00000,-4.058,2.000,-1,400.000,-1,375.000,-1,325.000,325.000,300.000,275.000,-1,-1,-1,-1,850.000,725.000,-1,-1,2,0,2,0,2,0,0,0,0,2,2,2,2,0,0,2,2
73,8891.619,9267.020,-276.999,162.003,-0.948144,-0.308794,-0.075288,0.304791,-0.950518,0.060157,-0.090138,0.034090,0.995346,0,-0.06329,1.00000,-3.798,2.000,-1,400.000,-1,400.000,-1,325.000,325.000,300.000,275.000,-1,-1,-1,-1,850.000,725.000,-1,-1,2,0,2,0,2,0,0,0,0,2,2,2,2,0,0,2,2
74,8895.029,9266.041,-276.809,164.003,-0.958384,-0.275398,-0.075203,0.271275,-0.960591,0.060624,-0.088935,0.037700,0.995324,0,-0.05912,1.00000,-3.547,2.000,-1,400.000,-1,400.000,-1,325.000,325.000,300.000,275.000,-1,-1,-1,-1,850.000,725.000,-1,-1,2,0,2,0,2,0,0,0,0,2,2,2,2,0,0,2,2
75,8898.238,9265.240,-276.645,166.003,-0.967443,-0.241672,-0.075158,0.237433,-0.969480,0.061110,-0.087632,0.041275,0.995297,0,-0.05511,1.00000,-3.307,2.000,-1,400.000,-1,400.000,-1,325.000,325.000,300.000,275.000,-1,-1,-1,-1,850.000,725.000,-1,-1,2,0,2,0,2,0,0,0,0,2,2,2,2,0,0,2,2
76,8901.246,9264.599,-276.506,168.003,-0.975310,-0.207659,-0.075153,0.203308,-0.977174,0.061612,-0.086231,0.044812,0.995267,0,-0.05126,1.00000,-3.076,2.000,950.000,400.000,-1,400.000,-1,325.000,325.000,300.000,275.000,-1,-1,-1,-1,850.000,750.000,-1,-1,1,0,2,0,2,0,0,0,0,2,2,2,2,0,0,2,2
77,8899.549,9264.904,-276.766,169.763,-0.981234,-0.177524,-0.075271,0.173075,-0.982952,0.062046,-0.085003,0.047854,0.995231,0,0.02874,0.88000,1.724,1.760,900.000,400.000,-1,400.000,-1,325.000,325.000,300.000,275.000,-1,-1,-1,-1,850.000,750.000,-1,-1,1,0,2,0,2,0,0,0,0,2,2,2,2,0,0,2,2
78,8893.101,9265.891,-277.417,171.283,-0.985589,-0.151368,-0.075508,0.146833,-0.987190,0.062410,-0.083988,0.050424,0.995190,0,0.10874,0.76000,6.524,1.520,850.000,400.000,-1,400.000,-1,325.000,325.000,300.000,275.000,-1,-1,-1,-1,825.000,750.000,-1,-1,1,0,2,0,2,0,0,0,0,2,2,2,2,0,0,2,2
79,8881.872,9267.356,-278.449,172.563,-0.988704,-0.129264,-0.075858,0.124651,-0.990217,0.062703,-0.083221,0.052539,0.995145,0,0.18874,0.64000,11.324,1.280,825.000,400.000,-1,400.000,-1,325.000,325.000,300.000,275.000,-1,-1,-1,-1,825.000,750.000,-1,-1,1,0,2,0,2,0,0,0,0,2,2,2,2,0,0,2,2
80,8865.848,9269.152,-279.856,173.603,-0.990857,-0.111260,-0.076314,0.106577,-0.992311,0.062923,-0.082728,0.054214,0.995096,0,0.26874,0.52000,16.124,1.040,800.000,400.000,-1,400.000,-1,325.000,325.000,300.000,275.000,-1,-1,-1,-1,825.000,750.000,-1,-1,1,0,2,0,2,0,0,0,0,2,2,2,2,0,0,2,2
81,8845.021,9271.162,-281.637,174.485,-0.992411,-0.095966,-0.076881,0.091215,-0.993831,0.063093,-0.082461,0.055601,0.995042,0,0.34874,0.44098,20.924,0.882,775.000,400.000,-1,400.000,-1,325.000,325.000,300.000,275.000,-1,-1,-1,-1,825.000,775.000,-1,-1,1,0,2,0,2,0,0,0,0,2,2,2,2,0,0,2,2
82,8819.381,9273.236,-283.798,175.372,-0.993727,-0.080550,-0.077577,0.075725,-0.995120,0.063255,-0.082294,0.056984,0.994978,0,0.42874,0.44387,25.724,0.888,750.000,400.000,-1,400.000,-1,325.000,325.000,300.000,275.000,-1,-1,-1,-1,825.000,775.000,-1,-1,1,0,2,0,2,0,0,0,0,2,2,2,2,0,0,2,2
83,8788.921,9275.222,-286.331,176.268,-0.994802,-0.064974,-0.078407,0.060066,-0.996178,0.063412,-0.082227,0.058373,0.994903,0,0.50874,0.44800,30.524,0.896,725.000,400.000,-1,400.000,-1,325.000,325.000,300.000,275.000,-1,-1,-1,-1,825.000,775.000,-1,-1,1,0,2,0,2,0,0,0,0,2,2,2,2,0,0,2,2
84,8753.640,9276.962,-289.228,177.175,-0.995630,-0.049196,-0.079377,0.044196,-0.996999,0.063565,-0.082266,0.059779,0.994816,0,0.58874,0.45339,35.324,0.907,675.000,400.000,-1,400.000,-1,325.000,325.000,300.000,275.000,-1,-1,-1,-1,825.000,775.000,1000.000,-1,1,0,2,0,2,0,0,0,0,2,2,2,2,0,0,1,2
85,8713.538,9278.295,-292.466,178.095,-0.996199,-0.033176,-0.080544,0.028075,-0.997577,0.063658,-0.082461,0.061155,0.994716,0,0.66874,0.46009,40.124,0.920,650.000,400.000,-1,400.000,-1,325.000,325.000,300.000,275.000,-1,-1,-1,-1,825.000,775.000,975.000,-1,1,0,2,0,2,0,0,0,0,2,2,2,2,0,0,1,2
86,8669.776,9279.034,-295.910,179.032,-0.996491,-0.016870,-0.081987,0.011664,-0.997910,0.063564,-0.082888,0.062384,0.994604,0,0.72948,0.46814,43.769,0.936,625.000,400.000,-1,400.000,-1,325.000,325.000,300.000,275.000,-1,-1,-1,-1,825.000,775.000,925.000,-1,1,0,2,0,2,0,0,0,0,2,2,2,2,0,0,1,2
87,8625.626,9279.044,-299.354,179.986,-0.996511,-0.000242,-0.083461,-0.005074,-0.997970,0.063476,-0.083307,0.063678,0.994487,0,0.73584,0.47729,44.150,0.955,575.000,400.000,-1,400.000,-1,325.000,325.000,300.000,275.000,-1,-1,-1,-1,825.000,775.000,875.000,-1,1,0,2,0,2,0,0,0,0,2,2,2,2,1,0,1,2
88,8581.103,9278.298,-302.797,180.959,-0.996243,0.016707,-0.084970,-0.022140,-0.997743,0.063396,-0.083719,0.065040,0.994365,0,0.74215,0.48663,44.529,0.973,550.000,400.000,-1,400.000,-1,325.000,325.000,325.000,275.000,-1,-1,-1,-1,800.000,775.000,800.000,-1,1,0,2,0,2,0,0,0,0,2,2,2,2,1,0,1,2
89,8536.225,9276.767,-306.260,181.952,-0.995679,0.033981,-0.086420,-0.039537,-0.997204,0.063411,-0.084024,0.066554,0.994239,0,0.74841,0.49616,44.904,0.992,525.000,400.000,-1,400.000,-1,325.000,325.000,325.000,275.000,-1,-1,-1,-1,750.000,750.000,750.000,-1,1,0,2,0,2,0,0,0,0,2,2,2,2,1,0,1,2
90,8491.011,9274.425,-310.045,182.963,-0.994867,0.051580,-0.087054,-0.057195,-0.996355,0.063285,-0.083473,0.067939,0.994191,0,0.75458,0.50592,45.275,1.012,475.000,400.000,975.000,400.000,-1,325.000,325.000,325.000,275.000,-1,-1,-1,-1,725.000,750.000,675.000,-1,1,0,1,0,2,0,0,0,0,2,2,2,2,1,0,1,2
91,8445.483,9271.245,-313.912,183.995,-0.993723,0.069508,-0.087652,-0.075154,-0.995190,0.062839,-0.082862,0.069032,0.994167,0,0.76066,0.51590,45.639,1.032,450.000,400.000,925.000,400.000,-1,325.000,325.000,325.000,275.000,-1,-1,-1,-1,700.000,750.000,625.000,-1,1,0,1,0,2,0,0,0,0,2,2,2,2,1,0,1,2
92,8399.664,9267.197,-317.763,185.048,-0.992226,0.087766,-0.088228,-0.093443,-0.993667,0.062410,-0.082192,0.070169,0.994143,0,0.76662,0.52614,45.997,1.052,425.000,400.000,850.000,400.000,-1,325.000,325.000,325.000,275.000,-1,-1,-1,-1,650.000,725.000,575.000,-1,1,0,1,0,2,0,0,0,0,2,2,2,2,1,1,1,2
93,8353.583,9262.254,-321.593,186.121,-0.990357,0.106354,-0.088784,-0.112064,-0.991765,0.062000,-0.081459,0.071352,0.994119,0,0.77244,0.53664,46.347,1.073,375.000,400.000,800.000,400.000,-1,325.000,325.000,325.000,275.000,-1,-1,-1,-1,625.000,675.000,525.000,-1,1,0,1,0,2,0,0,0,0,2,2,2,2,1,1,1,2
94,8307.267,9256.389,-325.401,187.216,-0.988093,0.125274,-0.089320,-0.131018,-0.989464,0.061613,-0.080661,0.072582,0.994095,0,0.77810,0.54744,46.686,1.095,350.000,400.000,725.000,400.000,-1,325.000,325.000,325.000,275.000,-1,-1,-1,-1,575.000,650.000,475.000,-1,1,0,1,0,2,0,0,0,0,2,2,2,2,1,1,1,2
95,8260.750,9249.574,-329.184,188.333,-0.985414,0.144528,-0.089837,-0.150306,-0.986740,0.061252,-0.079794,0.073861,0.994071,0,0.78357,0.55855,47.014,1.117,325.000,400.000,675.000,400.000,-1,325.000,325.000,325.000,275.000,-1,-1,-1,-1,550.000,600.000,425.000,-1,1,0,1,0,2,0,0,0,0,2,2,2,2,1,1,1,2
96,8219.081,9242.817,-332.551,189.210,-0.983045,0.159603,-0.090272,-0.165413,-0.984337,0.060979,-0.079125,0.074878,0.994049,0,0.70357,0.43855,42.214,0.877,300.000,400.000,625.000,400.000,-1,325.000,325.000,325.000,275.000,-1,-1,-1,-1,500.000,550.000,400.000,-1,1,0,1,1,2,0,0,0,0,2,2,2,2,1,1,1,2
97,8178.756,9235.684,-335.787,190.029,-0.980625,0.173646,-0.090678,-0.179486,-0.981883,0.060746,-0.078487,0.075844,0.994026,0,0.68251,0.40955,40.951,0.819,275.000,400.000,575.000,375.000,-1,325.000,325.000,325.000,275.000,-1,-1,-1,-1,475.000,525.000,350.000,-1,1,0,1,1,2,0,0,0,0,2,2,2,2,1,1,1,2
98,8138.455,9227.954,-338.997,190.857,-0.977976,0.187800,-0.091074,-0.193672,-0.979197,0.060534,-0.077812,0.076839,0.994003,0,0.68394,0.41394,41.037,0.828,250.000,375.000,525.000,350.000,-1,325.000,325.000,325.000,275.000,-1,-1,-1,-1,450.000,475.000,325.000,-1,1,1,1,1,2,0,1,0,0,2,2,2,2,1,1,1,2
99,8098.196,9219.620,-342.177,191.694,-0.975092,0.202067,-0.091463,-0.207972,-0.976272,0.060344,-0.077099,0.077863,0.993978,0,0.68521,0.41847,41.113,0.837,225.000,350.000,475.000,325.000,-1,300.000,300.000,300.000,275.000,-1,-1,-1,-1,400.000,425.000,275.000,775.000,1,1,1,1,2,1,1,1,0,2,2,2,2,1,1,1,1
100,8058.000,9210.678,-345.328,192.540,-0.971965,0.216447,-0.091843,-0.222386,-0.973100,0.060180,-0.076347,0.078917,0.993953,0,0.68631,0.42315,41.179,0.846,200.000,325.000,450.000,300.000,-1,275.000,275.000,275.000,275.000,-1,-1,-1,-1,375.000,400.000,250.000,600.000,1,1,1,1,2,1,1,1,0,2,2,2,2,1,1,1,1
101,8017.890,9201.124,-348.448,193.396,-0.968588,0.230939,-0.092218,-0.236914,-0.969674,0.060040,-0.075555,0.080002,0.993927,0,0.68722,0.42798,41.233,0.856,175.000,300.000,400.000,275.000,-1,250.000,250.000,250.000,275.000,-1,-1,-1,-1,350.000,350.000,225.000,475.000,1,1,1,1,2,1,1,1,0,2,2,2,2,1,1,1,1
102,7977.889,9190.952,-350.603,194.262,-0.965145,0.245475,-0.090761,-0.251632,-0.965709,0.063941,-0.071953,0.084551,0.993818,0,0.68792,0.43298,41.275,0.866,150.000,275.000,350.000,250.000,-1,225.000,225.000,250.000,275.000,-1,-1,-1,-1,300.000,325.000,200.000,400.000,1,1,1,1,2,1,1,1,0,2,2,2,2,1,1,1,1
103,7938.023,9180.153,-351.159,195.138,-0.961765,0.259959,-0.086192,-0.266474,-0.960894,0.075322,-0.063240,0.095410,0.993427,0,0.68841,0.43814,41.304,0.876,150.000,250.000,325.000,225.000,-1,225.000,200.000,225.000,275.000,-1,-1,-1,-1,275.000,300.000,175.000,350.000,1,1,1,1,2,1,1,1,0,2,2,2,2,1,1,1,1
104,7898.315,9168.737,-349.581,196.025,-0.958664,0.274624,-0.074469,-0.280467,-0.956133,0.084545,-0.047984,0.101936,0.993633,0,0.68865,0.44348,41.319,0.887,125.000,225.000,300.000,225.000,-1,200.000,200.000,225.000,275.000,-1,-1,575.000,-1,275.000,275.000,175.000,325.000,1,1,1,1,2,1,1,1,0,2,2,0,2,1,1,1,1
105,7854.253,9155.127,-345.337,197.152,-0.954525,0.293269,-0.053623,-0.297207,-0.950201,0.093733,-0.023464,0.105408,0.994152,0,0.76865,0.56348,46.119,1.127,125.000,225.000,300.000,200.000,-1,200.000,175.000,225.000,300.000,-1,300.000,225.000,875.000,250.000,275.000,150.000,325.000,1,1,1,1,2,1,1,1,0,2,0,0,0,1,1,1,1
106,7805.978,9138.940,-338.998,198.519,-0.948485,0.315707,-0.026542,-0.316701,-0.942496,0.106781,0.008696,0.109686,0.993928,0,0.84865,0.68348,50.919,1.367,125.000,200.000,275.000,200.000,-1,175.000,175.000,225.000,325.000,-1,175.000,125.000,700.000,225.000,250.000,150.000,325.000,1,1,1,1,2,1,1,1,0,2,0,0,0,1,1,1,1
107,-3607.622,-8855.078,126.395,-9.469,0.984513,0.164461,-0.060724,-0.165666,0.986063,-0.015334,0.057356,0.025157,0.998037,1,0.00000,0.00000,55.719,1.224,-1,400.000,-1,400.000,675.000,325.000,325.000,300.000,300.000,-1,-1,-1,-1,925.000,575.000,-1,650.000,2,0,2,0,1,0,0,0,0,2,2,2,2,0,1,2,1
108,-3602.884,-8855.848,126.672,-9.229,0.985204,0.160330,-0.060557,-0.161524,0.986750,-0.015322,0.057298,0.024877,0.998047,0,0.08000,0.12000,4.800,0.240,-1,400.000,-1,400.000,675.000,325.000,325.000,300.000,300.000,-1,-1,-1,-1,925.000,575.000,-1,650.000,2,0,2,0,1,0,0,0,0,2,2,2,2,0,1,2,1
109,-3593.396,-8857.308,127.227,-8.749,0.986535,0.152060,-0.060222,-0.153231,0.988072,-0.015297,0.057178,0.024318,0.998068,0,0.16000,0.24000,9.600,0.480,-1,425.000,-1,400.000,675.000,325.000,325.000,300.000,300.000,-1,-1,-1,-1,925.000,575.000,-1,650.000,2,0,2,0,1,0,0,0,0,2,2,2,2,0,1,2,1
110,-3579.137,-8859.320,128.065,-8.029,0.988401,0.139635,-0.059720,-0.140772,0.989925,-0.015253,0.056988,0.023483,0.998099,0,0.24000,0.36000,14.400,0.720,-1,425.000,-1,400.000,650.000,325.000,325.000,300.000,300.000,-1,-1,-1,-1,925.000,550.000,-1,625.000,2,0,2,1,1,0,0,0,0,2,2,2,2,0,1,2,1
111,-3560.083,-8861.683,129.189,-7.069,0.990644,0.123033,-0.059051,-0.124125,0.992150,-0.015186,0.056719,0.022374,0.998139,0,0.32000,0.48000,19.200,0.960,-1,425.000,-1,400.000,650.000,325.000,325.000,300.000,300.000,-1,-1,-1,-1,900.000,550.000,-1,600.000,2,0,2,1,1,1,0,0,0,2,2,2,2,0,1,2,1
112,-3536.209,-8864.138,130.605,-5.869,0.993056,0.102231,-0.058216,-0.103268,0.994539,-0.015088,0.056356,0.020995,0.998190,0,0.40000,0.60000,24.000,1.200,-1,425.000,-1,375.000,600.000,325.000,325.000,300.000,300.000,-1,-1,-1,-1,900.000,525.000,-1,575.000,2,0,2,1,1,0,1,0,0,2,2,2,2,0,1,2,1
113,-3507.496,-8866.362,132.320,-4.429,0.995372,0.077208,-0.057215,-0.078180,0.996827,-0.014946,0.055880,0.019350,0.998250,0,0.48000,0.72000,28.800,1.440,-1,425.000,-1,375.000,550.000,325.000,325.000,300.000,300.000,-1,-1,-1,-1,900.000,525.000,-1,525.000,2,0,2,1,1,0,1,0,0,2,2,2,2,0,1,2,1
114,-3473.934,-8867.974,134.340,-2.749,0.997276,0.047952,-0.056050,-0.048850,0.998697,-0.014748,0.055270,0.017446,0.998319,0,0.56000,0.84000,33.600,1.680,-1,425.000,-1,350.000,500.000,325.000,325.000,300.000,300.000,-1,-1,-1,-1,900.000,500.000,-1,500.000,2,0,2,1,1,0,1,0,0,2,2,2,2,0,1,2,1
115,-3435.539,-8868.530,136.670,-0.829,0.998397,0.014466,-0.054723,-0.015279,0.999778,-0.014478,0.054502,0.015291,0.998397,0,0.64000,0.96000,38.400,1.920,-1,425.000,-1,350.000,450.000,325.000,325.000,300.000,300.000,-1,-1,-1,-1,900.000,500.000,-1,450.000,2,0,2,1,1,0,1,0,0,2,2,2,2,0,1,2,1
116,-3392.344,-8867.857,139.313,0.894,0.998460,-0.015610,-0.053234,0.014875,0.999789,-0.014168,0.053444,0.013354,0.998482,0,0.72000,0.86171,43.200,1.723,-1,425.000,-1,350.000,400.000,350.000,325.000,300.000,300.000,-1,-1,-1,-1,875.000,500.000,-1,425.000,2,0,2,1,1,0,1,0,0,2,2,2,2,0,1,2,1
117,-3344.394,-8865.681,142.269,2.598,0.997639,-0.045333,-0.051582,0.044678,0.998906,-0.013794,0.052150,0.011457,0.998574,0,0.80000,0.85200,48.000,1.704,950.000,425.000,-1,325.000,375.000,350.000,325.000,300.000,300.000,-1,-1,-1,-1,875.000,475.000,-1,375.000,1,0,2,1,1,0,1,0,0,2,2,2,2,0,1,2,1
118,-3293.177,-8861.848,145.400,4.280,0.995950,-0.074632,-0.050138,0.074040,0.997163,-0.013550,0.051007,0.009783,0.998650,0,0.85601,0.84090,51.360,1.682,875.000,425.000,-1,325.000,325.000,350.000,325.000,300.000,300.000,-1,-1,-1,-1,875.000,500.000,-1,350.000,1,0,2,1,1,0,1,0,0,2,2,2,2,0,1,2,1
119,-3242.136,-8856.542,150.041,5.937,0.993058,-0.103438,-0.056012,0.103189,0.994635,-0.007327,0.056470,0.001497,0.998403,0,0.85525,0.82845,51.315,1.657,825.000,450.000,-1,350.000,300.000,350.000,350.000,300.000,325.000,-1,-1,-1,-1,900.000,525.000,-1,350.000,1,0,2,1,1,0,1,0,0,2,2,2,2,0,1,2,1
120,-3191.375,-8849.799,153.905,7.567,0.989432,-0.131690,-0.060680,0.131859,0.991268,-0.001233,0.060313,-0.006781,0.998156,0,0.85344,0.81514,51.207,1.630,775.000,450.000,-1,375.000,300.000,375.000,375.000,300.000,325.000,-1,-1,-1,-1,925.000,575.000,-1,375.000,1,0,2,1,1,0,0,0,0,2,2,2,2,0,1,2,1
121,-3140.997,-8841.667,157.328,9.169,0.985139,-0.159340,-0.064120,0.159865,0.987134,0.003113,0.062799,-0.013317,0.997937,0,0.85050,0.80098,51.030,1.602,725.000,450.000,-1,400.000,300.000,375.000,400.000,275.000,350.000,-1,-1,-1,-1,925.000,750.000,-1,400.000,1,0,2,1,1,0,0,0,0,2,2,2,2,0,1,2,1
122,-3091.105,-8832.202,160.268,10.741,0.980260,-0.186348,-0.066065,0.187125,0.982320,0.005719,0.063831,-0.017969,0.997799,0,0.84635,0.78603,50.781,1.572,675.000,450.000,-1,425.000,300.000,375.000,400.000,275.000,350.000,-1,-1,-1,-1,925.000,-1,-1,450.000,1,0,2,1,1,0,0,0,1,2,2,2,2,0,2,2,1
123,-3041.803,-8821.468,162.690,12.282,0.974872,-0.212680,-0.066270,0.213574,0.976904,0.006632,0.063329,-0.020619,0.997780,0,0.84095,0.77033,50.457,1.541,625.000,450.000,-1,475.000,275.000,375.000,400.000,275.000,300.000,-1,-1,-1,-1,925.000,-1,-1,-1,1,0,2,1,1,0,0,0,1,2,2,2,2,1,2,2,2
124,-2993.191,-8809.537,164.566,13.790,0.969043,-0.238312,-0.064522,0.239177,0.970958,0.005931,0.061235,-0.021180,0.997899,0,0.83426,0.75397,50.056,1.508,575.000,450.000,-1,500.000,300.000,375.000,400.000,275.000,250.000,-1,-1,-1,-1,875.000,-1,-1,-1,1,0,2,1,1,0,0,0,1,2,2,2,2,1,2,2,2
125,-2945.362,-8796.484,165.877,15.264,0.962828,-0.263220,-0.060640,0.263922,0.964537,0.003727,0.057508,-0.019593,0.998153,0,0.82631,0.73707,49.578,1.474,525.000,450.000,-1,500.000,300.000,375.000,375.000,275.000,225.000,-1,-1,-1,-1,825.000,-1,-1,-1,1,0,2,0,1,0,0,0,1,2,2,2,2,1,2,2,2
126,-2898.402,-8782.392,166.609,16.704,0.956264,-0.287387,-0.054478,0.287822,0.957684,0.000155,0.052128,-0.015829,0.998515,0,0.81715,0.71976,49.029,1.440,500.000,425.000,-1,475.000,300.000,350.000,375.000,275.000,200.000,-1,-1,-1,-1,775.000,1000.000,825.000,-1,1,0,2,0,1,0,0,0,1,2,2,2,2,1,0,1,2
127,-2852.388,-8767.345,166.757,18.108,0.949366,-0.310796,-0.045929,0.310918,0.950425,-0.004632,0.045092,-0.009883,0.998934,0,0.80689,0.70219,48.413,1.404,450.000,425.000,-1,450.000,-1,350.000,350.000,275.000,175.000,-1,-1,-1,-1,725.000,925.000,675.000,-1,1,0,2,0,2,0,0,0,1,2,2,2,2,1,0,1,2
128,-2807.382,-8751.421,166.316,19.485,0.942084,-0.333556,-0.034897,0.333396,0.942729,-0.010484,0.036395,-0.001757,0.999336,0,0.79568,0.68835,47.741,1.377,400.000,400.000,-1,425.000,-1,325.000,325.000,300.000,150.000,-1,-1,-1,-1,675.000,825.000,575.000,-1,1,0,2,0,2,0,0,0,1,2,2,2,2,1,0,1,2
129,-2763.440,-8734.683,166.135,20.852,0.934179,-0.355943,-0.024792,0.355660,0.934492,-0.015178,0.028571,0.005362,0.999577,0,0.78372,0.68339,47.023,1.367,375.000,375.000,-1,400.000,-1,325.000,325.000,300.000,150.000,-1,-1,-1,-1,625.000,750.000,500.000,-1,1,0,2,0,2,0,0,0,1,2,2,2,2,1,0,1,2
130,-2720.601,-8717.192,168.973,22.210,0.925545,-0.377994,-0.022065,0.377855,0.925807,-0.010320,0.024329,0.001215,0.999703,0,0.77121,0.67896,46.273,1.358,325.000,375.000,-1,375.000,-1,300.000,325.000,300.000,150.000,-1,-1,-1,900.000,600.000,725.000,425.000,-1,1,0,2,0,2,0,0,1,1,2,2,2,1,1,0,1,2
131,-2678.890,-8699.004,172.399,23.560,0.916446,-0.399698,-0.019178,0.399722,0.916632,-0.002744,0.018676,-0.005151,0.999812,0,0.75840,0.67506,45.504,1.350,300.000,375.000,-1,375.000,-1,300.000,300.000,300.000,150.000,-1,-1,-1,900.000,550.000,725.000,375.000,-1,1,0,2,0,2,0,0,1,1,2,2,2,1,1,0,1,2
132,-2638.316,-8680.168,175.589,24.903,0.906863,-0.421059,-0.017552,0.421180,0.906970,0.003672,0.014373,-0.010722,0.999839,0,0.74555,0.67169,44.733,1.343,250.000,350.000,-1,375.000,-1,300.000,300.000,275.000,150.000,-1,-1,-1,875.000,525.000,700.000,325.000,-1,1,0,2,0,2,0,0,1,1,2,2,2,1,1,0,1,2
133,-2598.875,-8660.725,178.413,26.241,0.896815,-0.442093,-0.016613,0.442265,0.896844,0.008547,0.011121,-0.015013,0.999825,0,0.73289,0.66884,43.973,1.338,225.000,350.000,-1,375.000,-1,300.000,300.000,275.000,175.000,-1,-1,-1,875.000,500.000,700.000,275.000,-1,1,0,2,0,2,0,0,1,1,2,2,2,1,1,0,1,2
134,-2560.094,-8640.675,180.805,27.338,0.888200,-0.459173,-0.016158,0.459368,0.888173,0.011444,0.009096,-0.017587,0.999804,0,0.72763,0.54884,43.658,1.098,200.000,350.000,-1,375.000,-1,300.000,300.000,250.000,175.000,-1,-1,-1,875.000,475.000,700.000,250.000,-1,1,1,2,0,2,0,0,1,1,2,2,2,1,1,0,1,2
135,-2522.225,-8620.373,182.615,28.196,0.881224,-0.472405,-0.016669,0.472618,0.881178,0.012583,0.008744,-0.018967,0.999782,0,0.71612,0.42884,42.967,0.858,175.000,325.000,-1,375.000,-1,300.000,300.000,250.000,200.000,-1,-1,-1,850.000,450.000,700.000,200.000,-1,1,1,2,0,2,0,0,1,1,2,2,2,1,1,0,1,2
136,-2485.131,-8599.969,183.882,28.814,0.876056,-0.481876,-0.017915,0.482106,0.876032,0.011936,0.009942,-0.019093,0.999768,0,0.70559,0.30884,42.335,0.618,150.000,325.000,-1,375.000,-1,300.000,300.000,225.000,225.000,-1,-1,-1,775.000,450.000,700.000,175.000,-1,1,1,2,0,2,0,0,1,1,2,2,2,1,1,0,1,2
