timestep,x_cm,y_cm,z_cm,yaw_deg,basis_xx,basis_xy,basis_xz,basis_yx,basis_yy,basis_yz,basis_zx,basis_zy,basis_zz,teleport_flag,throttle_cmd,steering_cmd,cmd_move_cm,cmd_turn_deg,lidar_cm_0,lidar_cm_1,lidar_cm_2,lidar_cm_3,lidar_cm_4,lidar_cm_5,lidar_cm_6,lidar_cm_7,lidar_cm_8,lidar_cm_9,lidar_cm_10,lidar_cm_11,lidar_cm_12,lidar_cm_13,lidar_cm_14,lidar_cm_15,lidar_cm_16,lidar_class_0,lidar_class_1,lidar_class_2,lidar_class_3,lidar_class_4,lidar_class_5,lidar_class_6,lidar_class_7,lidar_class_8,lidar_class_9,lidar_class_10,lidar_class_11,lidar_class_12,lidar_class_13,lidar_class_14,lidar_class_15,lidar_class_16
0,-327.969,8199.152,-493.892,150.602,-0.870060,-0.490843,0.045477,0.490823,-0.871171,-0.012377,0.045694,0.011552,0.998889,1,0.00000,0.00000,4.800,-0.240,950.000,350.000,-1,375.000,-1,300.000,300.000,325.000,325.000,-1,300.000,225.000,800.000,600.000,675.000,950.000,-1,0,0,2,0,2,0,0,0,0,2,0,0,0,0,0,0,2
1,-332.161,8201.491,-493.652,150.842,-0.872085,-0.487191,0.045975,0.487160,-0.873221,-0.012630,0.046299,0.011383,0.998863,0,0.08000,0.12000,4.800,0.240,950.000,350.000,-1,375.000,-1,300.000,300.000,325.000,325.000,-1,300.000,225.000,800.000,600.000,675.000,975.000,-1,0,0,2,0,2,0,0,0,0,2,0,0,0,0,0,0,2
2,-340.584,8206.098,-493.173,151.322,-0.876086,-0.479860,0.046979,0.479807,-0.877276,-0.013126,0.047513,0.011041,0.998810,0,0.16000,0.24000,9.600,0.480,975.000,350.000,-1,375.000,-1,300.000,300.000,300.000,325.000,-1,275.000,225.000,800.000,600.000,675.000,975.000,-1,0,0,2,0,2,0,0,0,0,2,0,0,0,0,0,0,2
3,-353.303,8212.849,-492.454,152.042,-0.881971,-0.468801,0.048508,0.468714,-0.883241,-0.013847,0.049336,0.010523,0.998727,0,0.24000,0.36000,14.400,0.720,-1,350.000,-1,375.000,-1,300.000,300.000,300.000,325.000,-1,275.000,200.000,800.000,600.000,675.000,-1,-1,2,0,2,0,2,0,0,0,0,2,0,0,0,0,0,2,2
4,-370.411,8221.565,-491.493,153.002,-0.889595,-0.453940,0.050585,0.453806,-0.890978,-0.014762,0.051771,0.009824,0.998611,0,0.32000,0.48000,19.200,0.960,-1,350.000,-1,375.000,-1,300.000,300.000,300.000,325.000,-1,250.000,200.000,800.000,600.000,675.000,-1,-1,2,0,2,0,2,0,0,0,0,2,0,0,0,0,0,2,2
5,-392.003,8232.044,-490.298,154.112,-0.898081,-0.436595,0.053241,0.436401,-0.899613,-0.015838,0.054811,0.009010,0.998456,0,0.40000,0.55511,24.000,1.110,-1,350.000,-1,375.000,-1,300.000,300.000,300.000,325.000,-1,250.000,175.000,825.000,600.000,675.000,-1,-1,2,0,2,0,2,0,0,0,0,2,0,0,0,0,0,2,2
6,-418.152,8244.114,-488.881,155.222,-0.906186,-0.419087,0.056501,0.418820,-0.907909,-0.017055,0.058446,0.008209,0.998257,0,0.48000,0.55505,28.800,1.110,-1,350.000,-1,375.000,-1,300.000,300.000,300.000,325.000,-1,225.000,175.000,825.000,625.000,700.000,-1,-1,2,0,2,0,2,0,0,0,0,2,0,0,0,0,0,2,2
7,-448.926,8257.603,-487.238,156.332,-0.913900,-0.401424,0.060382,0.401071,-0.915862,-0.018382,0.062681,0.007418,0.998006,0,0.56000,0.55498,33.600,1.110,-1,350.000,-1,375.000,-1,300.000,300.000,300.000,350.000,-1,200.000,150.000,850.000,625.000,700.000,-1,-1,2,0,2,0,2,0,0,0,0,2,0,0,0,0,0,2,2
8,-484.389,8272.334,-485.367,157.442,-0.921211,-0.383612,0.064897,0.383159,-0.923470,-0.019787,0.067521,0.006638,0.997696,0,0.64000,0.55489,38.400,1.110,-1,350.000,-1,375.000,-1,300.000,300.000,300.000,350.000,-1,175.000,150.000,850.000,650.000,700.000,-1,-1,2,0,2,0,2,0,0,0,0,2,0,0,0,0,0,2,2
9,-524.598,8288.131,-483.266,158.551,-0.928108,-0.365660,0.070060,0.365090,-0.930730,-0.021235,0.072972,0.005870,0.997317,0,0.72000,0.55477,43.200,1.110,-1,375.000,-1,375.000,-1,300.000,325.000,300.000,350.000,-1,175.000,125.000,875.000,650.000,725.000,-1,-1,2,0,2,0,2,0,0,0,0,2,0,0,0,0,0,2,2
10,-569.606,8304.815,-480.241,159.661,-0.934668,-0.347569,0.074770,0.347123,-0.937621,-0.019303,0.076815,0.007913,0.997014,0,0.80000,0.55460,48.000,1.109,-1,375.000,-1,375.000,-1,300.000,325.000,300.000,325.000,-1,175.000,150.000,875.000,675.000,725.000,-1,-1,2,0,2,0,2,0,0,0,0,2,0,0,0,0,0,2,2
11,-619.461,8322.205,-476.719,160.769,-0.940789,-0.329352,0.080275,0.329130,-0.944143,-0.016353,0.081177,0.011036,0.996639,0,0.88000,0.55437,52.800,1.109,-1,375.000,-1,375.000,-1,300.000,325.000,325.000,325.000,-1,200.000,150.000,900.000,675.000,725.000,-1,-1,2,0,2,0,2,0,0,0,0,2,0,0,0,0,0,2,2
12,-673.905,8340.274,-472.790,161.638,-0.945160,-0.314982,0.086366,0.315091,-0.948976,-0.012726,0.085968,0.015185,0.996182,0,0.95605,0.43437,57.363,0.869,-1,375.000,-1,400.000,-1,300.000,325.000,325.000,325.000,-1,225.000,175.000,900.000,700.000,725.000,-1,-1,2,0,2,0,2,0,0,0,0,2,0,0,0,0,0,2,2
13,-728.477,8357.723,-468.367,162.267,-0.948192,-0.304535,0.090500,0.304895,-0.952332,-0.010164,0.089281,0.017956,0.995845,0,0.95488,0.31437,57.293,0.629,-1,375.000,-1,400.000,-1,325.000,325.000,325.000,300.000,-1,250.000,200.000,925.000,750.000,750.000,-1,-1,2,0,2,0,2,0,0,0,0,2,0,0,0,0,0,2,2
14,-783.089,8374.779,-463.130,162.656,-0.950152,-0.298068,0.091469,0.298419,-0.954381,-0.010134,0.090317,0.017667,0.995756,0,0.95355,0.19437,57.213,0.389,-1,375.000,-1,400.000,-1,325.000,325.000,325.000,300.000,-1,300.000,250.000,975.000,750.000,750.000,-1,-1,2,0,2,0,2,0,0,0,0,2,0,0,0,0,0,2,2
15,-837.661,8391.667,-457.849,162.804,-0.950828,-0.295590,0.092484,0.295933,-0.955153,-0.010294,0.091380,0.017581,0.995661,0,0.95209,0.07437,57.125,0.149,-1,375.000,-1,400.000,-1,325.000,325.000,325.000,300.000,-1,350.000,300.000,-1,775.000,750.000,-1,-1,2,0,2,0,2,0,0,0,0,2,0,0,2,0,0,2,2
16,-892.116,8408.615,-452.579,162.713,-0.950259,-0.297109,0.093457,0.297464,-0.954676,-0.010435,0.092322,0.017884,0.995569,0,0.95052,-0.04563,57.031,-0.091,-1,375.000,-1,400.000,-1,325.000,325.000,325.000,300.000,-1,400.000,350.000,-1,775.000,775.000,-1,-1,2,0,2,0,2,0,0,0,0,2,0,0,2,0,0,2,2
17,-946.379,8425.846,-447.326,162.382,-0.948427,-0.302620,0.094383,0.303005,-0.952930,-0.010566,0.093138,0.018578,0.995480,0,0.94889,-0.16563,56.933,-0.331,-1,375.000,-1,400.000,-1,325.000,325.000,325.000,300.000,-1,450.000,400.000,-1,800.000,775.000,-1,-1,2,0,2,0,2,0,0,0,0,2,0,0,2,0,0,2,2
18,-1000.407,8443.484,-442.090,161.920,-0.945860,-0.310283,0.095257,0.310711,-0.950444,-0.010679,0.093850,0.019496,0.995395,0,0.94722,-0.23083,56.833,-0.462,-1,400.000,-1,400.000,-1,325.000,325.000,325.000,300.000,-1,500.000,450.000,-1,800.000,800.000,-1,-1,2,0,2,0,2,0,0,0,0,2,0,0,2,0,0,2,2
19,-1054.201,8461.529,-436.867,161.455,-0.943218,-0.317975,0.096079,0.318450,-0.947878,-0.010760,0.094493,0.020448,0.995316,0,0.94566,-0.23236,56.740,-0.465,-1,400.000,-1,400.000,-1,325.000,325.000,325.000,300.000,-1,550.000,500.000,-1,825.000,800.000,-1,-1,2,0,2,0,2,0,0,0,0,2,0,0,2,0,0,2,2
20,-1107.770,8479.987,-431.658,160.987,-0.940499,-0.325704,0.096848,0.326229,-0.945229,-0.010805,0.095063,0.021433,0.995240,0,0.94433,-0.23410,56.660,-0.468,-1,400.000,-1,400.000,-1,325.000,325.000,325.000,300.000,-1,600.000,550.000,-1,825.000,800.000,-1,-1,2,0,2,0,2,0,0,0,0,2,0,0,2,0,0,2,2
21,-1161.123,8498.864,-426.459,160.515,-0.937698,-0.333473,0.097565,0.334053,-0.942492,-0.010812,0.095560,0.022454,0.995170,0,0.94324,-0.23603,56.594,-0.472,-1,400.000,-1,400.000,-1,325.000,325.000,300.000,300.000,-1,650.000,600.000,-1,850.000,825.000,-1,-1,2,0,2,0,2,0,0,0,0,2,0,0,2,0,0,2,2
22,-1214.270,8518.167,-421.183,160.039,-0.934826,-0.341285,0.098102,0.341957,-0.939658,-0.010399,0.095732,0.023825,0.995122,0,0.94239,-0.23814,56.544,-0.476,-1,400.000,-1,400.000,-1,325.000,325.000,300.000,300.000,-1,700.000,650.000,-1,875.000,825.000,-1,-1,2,0,2,0,2,0,0,0,0,2,0,0,2,0,0,2,2
23,-1267.220,8537.902,-415.925,159.558,-0.931956,-0.349149,0.097735,0.349903,-0.936734,-0.009874,0.094999,0.024996,0.995164,0,0.94181,-0.24043,56.509,-0.481,-1,425.000,-1,400.000,-1,325.000,325.000,300.000,300.000,1000.000,775.000,725.000,-1,900.000,825.000,-1,-1,2,0,2,0,2,0,0,0,0,1,0,0,2,0,0,2,2
24,-1321.388,8558.824,-410.713,158.882,-0.927873,-0.360175,0.096570,0.360962,-0.932529,-0.009801,0.093584,0.025764,0.995278,0,0.96780,-0.33816,58.068,-0.676,-1,425.000,-1,400.000,-1,325.000,325.000,300.000,300.000,975.000,850.000,800.000,-1,900.000,825.000,-1,-1,2,0,2,0,2,0,0,0,0,1,0,0,2,0,0,2,2
25,-1370.931,8578.394,-405.985,158.445,-0.925192,-0.367264,0.095588,0.368048,-0.929754,-0.009935,0.092522,0.025989,0.995371,0,0.88780,-0.21816,53.268,-0.436,-1,425.000,-1,400.000,-1,325.000,325.000,300.000,300.000,975.000,925.000,850.000,-1,925.000,800.000,-1,-1,2,0,2,0,2,0,0,0,0,1,0,0,2,0,0,2,2
26,-1415.948,8596.355,-401.613,158.249,-0.924048,-0.370453,0.094334,0.371172,-0.928505,-0.010459,0.091464,0.025349,0.995486,0,0.80780,-0.09816,48.468,-0.196,-1,425.000,-1,400.000,-1,325.000,325.000,300.000,300.000,975.000,975.000,925.000,-1,925.000,800.000,-1,-1,2,0,2,0,2,0,0,0,0,1,0,0,2,0,0,2,2
27,-1456.519,8612.507,-397.826,158.293,-0.924463,-0.369749,0.093025,0.370450,-0.928796,-0.010248,0.090191,0.024988,0.995611,0,0.72780,0.02184,43.668,0.044,-1,425.000,-1,400.000,-1,325.000,325.000,300.000,300.000,1000.000,-1,975.000,-1,925.000,800.000,-1,-1,2,0,2,0,2,0,0,0,0,1,2,0,2,0,0,2,2
28,-1497.015,8628.396,-394.126,158.576,-0.926426,-0.365150,0.091651,0.365844,-0.930626,-0.009715,0.088840,0.024529,0.995744,0,0.72502,0.14184,43.501,0.284,-1,400.000,-1,400.000,-1,325.000,325.000,300.000,300.000,1000.000,-1,-1,-1,925.000,800.000,-1,-1,2,0,2,0,2,0,0,0,0,1,2,2,2,0,0,2,2
29,-1537.622,8643.903,-390.428,159.100,-0.929870,-0.356636,0.090295,0.357305,-0.933942,-0.009192,0.087609,0.023715,0.995873,0,0.72447,0.26184,43.468,0.524,-1,400.000,-1,400.000,-1,325.000,325.000,300.000,300.000,-1,-1,-1,-1,925.000,800.000,-1,-1,2,0,2,0,2,0,0,0,0,2,2,2,2,0,0,2,2
30,-1578.381,8658.848,-386.729,159.864,-0.934686,-0.344165,0.088950,0.344794,-0.938638,-0.008692,0.086484,0.022546,0.995998,0,0.72355,0.38184,43.413,0.764,-1,400.000,-1,400.000,-1,325.000,325.000,300.000,300.000,-1,-1,-1,-1,925.000,800.000,-1,-1,2,0,2,0,2,0,0,0,0,2,2,2,2,0,0,2,2
31,-1619.323,8673.052,-383.029,160.867,-0.940717,-0.327682,0.087611,0.328252,-0.944554,-0.008226,0.085449,0.021021,0.996121,0,0.72226,0.50184,43.336,1.004,-1,400.000,-1,400.000,-1,325.000,325.000,300.000,300.000,-1,-1,-1,-1,925.000,800.000,-1,-1,2,0,2,0,2,0,0,0,0,2,2,2,2,0,0,2,2
32,-1660.466,8686.333,-379.328,162.111,-0.947754,-0.307115,0.086272,0.307612,-0.951480,-0.007806,0.084483,0.019140,0.996241,0,0.72057,0.62184,43.234,1.244,-1,400.000,-1,400.000,-1,325.000,325.000,300.000,300.000,-1,-1,-1,-1,925.000,800.000,-1,-1,2,0,2,0,2,0,0,0,0,2,2,2,2,0,0,2,2
33,-1701.818,8698.509,-375.626,163.595,-0.955534,-0.282388,0.084927,0.282795,-0.959151,-0.007444,0.083560,0.016904,0.996359,0,0.71846,0.74184,43.108,1.484,-1,425.000,-1,400.000,-1,325.000,325.000,300.000,300.000,-1,-1,-1,-1,925.000,800.000,-1,-1,2,0,2,0,2,0,0,0,0,2,2,2,2,0,0,2,2
34,-1743.372,8709.396,-371.913,165.319,-0.963744,-0.253420,0.083524,0.253719,-0.967251,-0.007188,0.082610,0.014264,0.996480,0,0.71594,0.86184,42.957,1.724,-1,425.000,-1,400.000,-1,325.000,325.000,300.000,300.000,-1,-1,-1,-1,925.000,800.000,-1,-1,2,0,2,0,2,0,0,0,0,2,2,2,2,0,0,2,2
35,-1785.087,8718.885,-368.187,167.187,-0.971645,-0.221752,0.082053,0.221931,-0.975037,-0.007057,0.081570,0.011354,0.996603,0,0.71303,0.93433,42.782,1.869,-1,425.000,-1,400.000,-1,325.000,325.000,300.000,300.000,-1,-1,-1,-1,950.000,800.000,-1,-1,2,0,2,0,2,0,0,0,0,2,2,2,2,0,0,2,2
36,-1826.902,8726.972,-364.467,169.055,-0.978499,-0.189863,0.080576,0.189922,-0.981774,-0.007002,0.080437,0.008452,0.996724,0,0.70983,0.93381,42.590,1.868,-1,425.000,-1,400.000,-1,325.000,325.000,300.000,300.000,-1,-1,-1,-1,950.000,800.000,-1,-1,2,0,2,0,2,0,0,0,0,2,2,2,2,0,0,2,2
37,-1868.763,8733.661,-360.757,170.922,-0.984301,-0.157779,0.079096,0.157721,-0.987459,-0.007022,0.079212,0.005563,0.996842,0,0.70653,0.93352,42.392,1.867,-1,425.000,-1,400.000,-1,325.000,325.000,300.000,300.000,-1,-1,-1,-1,975.000,800.000,-1,-1,2,0,2,0,2,0,0,0,0,2,2,2,2,0,0,2,2
38,-1910.621,8738.958,-357.062,172.789,-0.989049,-0.125528,0.077616,0.125355,-0.992086,-0.007116,0.077895,0.002692,0.996958,0,0.70320,0.93346,42.192,1.867,-1,425.000,-1,400.000,-1,350.000,325.000,300.000,300.000,-1,-1,-1,-1,1000.000,800.000,-1,-1,2,0,2,0,2,0,0,0,0,2,2,2,2,0,0,2,2
39,-1952.431,8742.869,-353.549,174.656,-0.992727,-0.093135,0.076286,0.092798,-0.995653,-0.007958,0.076696,-0.000821,0.997054,0,0.69988,0.93364,41.993,1.867,-1,425.000,-1,400.000,-1,350.000,325.000,300.000,300.000,-1,-1,-1,-1,-1,800.000,-1,-1,2,0,2,0,2,0,0,0,0,2,2,2,2,2,0,2,2
40,-1994.151,8745.404,-350.537,176.524,-0.995370,-0.060628,0.074580,0.060073,-0.998147,-0.009656,0.075027,-0.005131,0.997168,0,0.69663,0.93404,41.798,1.868,-1,425.000,-1,400.000,-1,350.000,325.000,300.000,300.000,-1,-1,-1,-1,-1,800.000,-1,-1,2,0,2,0,2,0,0,0,0,2,2,2,2,2,0,2,2
41,-2040.724,8746.906,-347.594,178.152,-0.996836,-0.032244,0.072646,0.031577,-0.999448,-0.010301,0.072938,-0.007974,0.997305,0,0.77663,0.81404,46.598,1.628,-1,425.000,-1,400.000,-1,350.000,325.000,300.000,300.000,-1,-1,-1,-1,-1,800.000,-1,-1,2,0,2,0,2,0,0,0,0,2,2,2,2,2,0,2,2
42,-2091.345,8747.312,-344.424,179.540,-0.997479,-0.008023,0.070511,0.007252,-0.999911,-0.011181,0.070595,-0.010642,0.997448,0,0.84371,0.69404,50.623,1.388,-1,425.000,-1,400.000,-1,350.000,325.000,300.000,300.000,-1,-1,-1,-1,-1,800.000,-1,-1,2,0,2,0,2,0,0,0,0,2,2,2,2,2,0,2,2
43,-2141.809,8746.706,-341.287,180.688,-0.997589,0.012013,0.068357,-0.012875,-0.999843,-0.012188,0.068200,-0.013039,0.997586,0,0.84114,0.57404,50.468,1.148,-1,425.000,-1,400.000,-1,325.000,325.000,300.000,300.000,-1,-1,-1,-1,-1,775.000,-1,-1,2,0,2,0,2,0,0,0,0,2,2,2,2,2,0,2,2
44,-2192.131,8745.303,-338.181,181.596,-0.997419,0.027857,0.066183,-0.028797,-0.999497,-0.013300,0.065779,-0.015172,0.997719,0,0.83903,0.45404,50.342,0.908,-1,425.000,-1,400.000,-1,325.000,325.000,275.000,300.000,-1,-1,-1,-1,-1,775.000,-1,-1,2,0,2,0,2,0,0,0,0,2,2,2,2,2,0,2,2
45,-2242.335,8743.318,-335.102,182.265,-0.997168,0.039508,0.063986,-0.040513,-0.999074,-0.014493,0.063354,-0.017044,0.997846,0,0.83739,0.33404,50.243,0.668,-1,425.000,-1,400.000,-1,325.000,325.000,275.000,300.000,-1,-1,-1,1000.000,-1,775.000,-1,-1,2,0,2,0,2,0,0,0,0,2,2,2,1,2,0,2,2
46,-2292.450,8740.961,-332.042,182.693,-0.996985,0.046970,0.061763,-0.048027,-0.998722,-0.015742,0.060944,-0.018661,0.997967,0,0.83618,0.21404,50.171,0.428,-1,425.000,-1,400.000,-1,325.000,325.000,275.000,300.000,-1,-1,-1,1000.000,-1,775.000,-1,-1,2,0,2,0,2,0,0,0,0,2,2,2,1,2,0,2,2
47,-2342.508,8738.441,-328.994,182.881,-0.996962,0.050247,0.059513,-0.051342,-0.998536,-0.017020,0.058570,-0.020023,0.998082,0,0.83538,0.09404,50.123,0.188,-1,425.000,-1,400.000,-1,325.000,325.000,275.000,300.000,-1,-1,-1,-1,-1,750.000,-1,-1,2,0,2,0,2,0,0,0,0,2,2,2,2,2,0,2,2
48,-2392.544,8735.969,-325.950,182.829,-0.997141,0.049341,0.057235,-0.050461,-0.998558,-0.018297,0.056249,-0.021133,0.998193,0,0.83495,-0.02596,50.097,-0.052,-1,425.000,-1,400.000,-1,325.000,325.000,300.000,300.000,-1,-1,-1,-1,-1,750.000,-1,-1,2,0,2,0,2,0,0,0,0,2,2,2,2,2,0,2,2
49,-2442.587,8733.751,-322.900,182.537,-0.997509,0.044252,0.054931,-0.045384,-0.998778,-0.019543,0.053999,-0.021987,0.998299,0,0.83487,-0.14596,50.092,-0.292,-1,425.000,-1,400.000,-1,325.000,325.000,300.000,300.000,-1,-1,-1,-1,-1,725.000,-1,-1,2,0,2,0,2,0,0,0,0,2,2,2,2,2,0,2,2
50,-2492.661,8731.979,-319.835,182.027,-0.997989,0.035357,0.052609,-0.036490,-0.999119,-0.020726,0.051829,-0.022604,0.998400,0,0.83509,-0.25506,50.105,-0.510,-1,425.000,-1,375.000,-1,325.000,325.000,300.000,300.000,-1,-1,-1,-1,-1,725.000,-1,-1,2,0,2,0,2,0,0,0,0,2,2,2,2,2,0,2,2
51,-2542.776,8730.648,-316.756,181.521,-0.998382,0.026542,0.050287,-0.027670,-0.999378,-0.021867,0.049675,-0.023223,0.998495,0,0.83556,-0.25270,50.133,-0.505,-1,425.000,-1,375.000,-1,325.000,325.000,300.000,300.000,-1,-1,-1,-1,1000.000,725.000,-1,-1,2,0,2,0,2,0,0,0,0,2,2,2,2,0,0,2,2
52,-2592.936,8729.754,-313.662,181.021,-0.998690,0.017810,0.047971,-0.018929,-0.999557,-0.022965,0.047540,-0.023843,0.998585,0,0.83613,-0.25028,50.168,-0.501,-1,425.000,-1,375.000,-1,325.000,325.000,300.000,300.000,-1,-1,-1,-1,975.000,700.000,-1,-1,2,0,2,0,2,0,0,0,0,2,2,2,2,0,0,2,2
53,-2643.142,8729.293,-311.001,180.525,-0.998870,0.009164,0.046626,-0.010319,-0.999644,-0.024595,0.046384,-0.025048,0.998610,0,0.83681,-0.24779,50.208,-0.496,-1,425.000,-1,375.000,-1,325.000,325.000,300.000,300.000,-1,-1,-1,-1,975.000,700.000,-1,-1,2,0,2,0,2,0,0,0,0,2,2,2,2,0,0,2,2
54,-2693.397,8729.262,-308.848,180.035,-0.998948,0.000606,0.045852,-0.001865,-0.999622,-0.027436,0.045818,-0.027492,0.998571,0,0.83758,-0.24525,50.255,-0.490,-1,425.000,-1,375.000,-1,325.000,325.000,300.000,300.000,-1,-1,-1,-1,950.000,700.000,-1,-1,2,0,2,0,2,0,0,0,0,2,2,2,2,0,0,2,2
55,-2743.703,8729.657,-306.677,179.549,-0.998952,-0.007861,0.045091,0.006499,-0.999521,-0.030262,0.045307,-0.029937,0.998524,0,0.83845,-0.24265,50.307,-0.485,-1,425.000,-1,375.000,-1,325.000,325.000,300.000,300.000,-1,-1,-1,-1,950.000,675.000,-1,-1,2,0,2,0,2,0,0,0,0,2,2,2,2,0,0,2,2
56,-2794.061,8730.475,-304.485,179.069,-0.998884,-0.016232,0.044344,0.014772,-0.999344,-0.033071,0.044851,-0.032379,0.998469,0,0.83941,-0.23999,50.365,-0.480,-1,425.000,-1,375.000,-1,325.000,325.000,300.000,300.000,-1,-1,-1,-1,925.000,675.000,-1,-1,2,0,2,0,2,0,0,0,0,2,2,2,2,0,0,2,2
57,-2844.473,8731.711,-302.269,178.595,-0.998748,-0.024507,0.043614,0.022949,-0.999093,-0.035859,0.044453,-0.034813,0.998405,0,0.84046,-0.23728,50.428,-0.475,-1,425.000,-1,375.000,-1,325.000,300.000,300.000,300.000,-1,-1,-1,-1,925.000,675.000,-1,-1,2,0,2,0,2,0,0,0,0,2,2,2,2,0,0,2,2
58,-2894.942,8733.361,-300.026,178.126,-0.998545,-0.032682,0.042904,0.031030,-0.998772,-0.038624,0.044113,-0.037236,0.998332,0,0.84159,-0.23452,50.496,-0.469,-1,425.000,-1,375.000,-1,325.000,300.000,300.000,300.000,-1,-1,-1,-1,900.000,675.000,-1,-1,2,0,2,0,2,0,0,0,0,2,2,2,2,0,0,2,2
59,-2945.468,8735.423,-297.753,177.662,-0.998277,-0.040756,0.042216,0.039011,-0.998382,-0.041363,0.043833,-0.039645,0.998252,0,0.84281,-0.23172,50.568,-0.463,-1,425.000,-1,375.000,-1,325.000,300.000,300.000,300.000,-1,-1,-1,-1,900.000,675.000,-1,-1,2,0,2,0,2,0,0,0,0,2,2,2,2,0,0,2,2
60,-2996.054,8737.892,-295.446,177.205,-0.997947,-0.048725,0.041553,0.046889,-0.997927,-0.044073,0.043615,-0.042034,0.998164,0,0.84410,-0.22886,50.646,-0.458,-1,425.000,-1,375.000,-1,325.000,300.000,300.000,300.000,-1,-1,-1,-1,875.000,650.000,-1,-1,2,0,2,0,2,0,0,0,0,2,2,2,2,0,0,2,2
61,-3046.701,8740.764,-293.104,176.753,-0.997559,-0.056589,0.040919,0.054663,-0.997410,-0.046752,0.043458,-0.044401,0.998068,0,0.84547,-0.22596,50.728,-0.452,-1,400.000,-1,375.000,-1,325.000,300.000,300.000,300.000,-1,-1,-1,-1,875.000,650.000,-1,-1,2,0,2,0,2,0,0,0,0,2,2,2,2,0,0,2,2
62,-3097.410,8744.036,-290.723,176.307,-0.997113,-0.064345,0.040315,0.062329,-0.996832,-0.049398,0.043366,-0.046742,0.997965,0,0.84691,-0.22301,50.814,-0.446,-1,400.000,-1,375.000,-1,325.000,300.000,300.000,300.000,-1,-1,-1,-1,850.000,650.000,-1,-1,2,0,2,0,2,0,0,0,0,2,2,2,2,0,0,2,2
63,-3148.182,8747.704,-288.300,175.867,-0.996613,-0.071991,0.039745,0.069887,-0.996198,-0.052008,0.043338,-0.049054,0.997855,0,0.84841,-0.22002,50.905,-0.440,-1,400.000,-1,350.000,-1,325.000,300.000,325.000,300.000,-1,-1,-1,-1,850.000,650.000,-1,-1,2,0,2,0,2,0,0,0,0,2,2,2,2,0,0,2,2
64,-3199.020,8751.764,-285.833,175.433,-0.996061,-0.079525,0.039211,0.077332,-0.995510,-0.054580,0.043376,-0.051332,0.997739,0,0.84999,-0.21699,50.999,-0.434,-1,400.000,-1,350.000,-1,325.000,300.000,325.000,325.000,-1,-1,-1,-1,850.000,625.000,-1,-1,2,0,2,0,2,0,0,0,0,2,2,2,2,0,0,2,2
65,-3250.353,8756.038,-283.328,175.239,-0.995806,-0.082884,0.038737,0.080599,-0.995103,-0.057220,0.043289,-0.053858,0.997610,0,0.85851,-0.09699,51.511,-0.194,-1,400.000,-1,350.000,-1,325.000,300.000,325.000,325.000,-1,-1,-1,-1,825.000,625.000,-1,-1,2,0,2,0,2,0,0,0,0,2,2,2,2,0,0,2,2
66,-3302.097,8760.305,-280.912,175.285,-0.995858,-0.082070,0.039142,0.079626,-0.994996,-0.060360,0.043900,-0.056993,0.997409,0,0.86533,0.02301,51.920,0.046,-1,400.000,-1,350.000,-1,300.000,300.000,325.000,325.000,-1,-1,-1,-1,825.000,625.000,-1,-1,2,0,2,0,2,0,0,0,0,2,2,2,2,0,0,2,2
67,-3353.889,8764.314,-278.406,175.571,-0.996222,-0.077086,0.039994,0.074448,-0.995188,-0.063706,0.044712,-0.060488,0.997167,0,0.86578,0.14301,51.947,0.286,-1,400.000,-1,350.000,-1,325.000,300.000,325.000,325.000,-1,-1,-1,-1,825.000,625.000,-1,-1,2,0,2,0,2,0,0,0,0,2,2,2,2,0,0,2,2
68,-3405.740,8767.850,-275.908,176.097,-0.996854,-0.067930,0.040835,0.065098,-0.995621,-0.067089,0.045214,-0.064219,0.996911,0,0.86619,0.26301,51.971,0.526,-1,400.000,-1,350.000,-1,325.000,300.000,325.000,325.000,-1,-1,-1,-1,850.000,650.000,-1,-1,2,0,2,0,2,0,0,0,0,2,2,2,2,0,0,2,2
69,-3457.655,8770.692,-273.441,176.863,-0.997639,-0.054599,0.041649,0.051576,-0.996178,-0.070492,0.045338,-0.068177,0.996643,0,0.86656,0.38301,51.993,0.766,-1,400.000,-1,350.000,-1,325.000,300.000,325.000,325.000,-1,-1,-1,-1,850.000,650.000,-1,-1,2,0,2,0,2,0,0,0,0,2,2,2,2,0,0,2,2
70,-3509.634,8772.623,-271.025,177.869,-0.998411,-0.037089,0.042424,0.033885,-0.996689,-0.073913,0.045025,-0.072358,0.996362,0,0.86692,0.50301,52.015,1.006,-1,400.000,-1,350.000,-1,325.000,300.000,325.000,325.000,-1,-1,-1,-1,875.000,650.000,-1,-1,2,0,2,0,2,0,0,0,0,2,2,2,2,0,0,2,2
71,-3561.665,8773.423,-268.689,179.115,-0.998950,-0.015402,0.043154,0.012029,-0.996931,-0.077351,0.044213,-0.076751,0.996070,0,0.86729,0.62301,52.038,1.246,-1,400.000,-1,350.000,-1,325.000,300.000,325.000,325.000,-1,-1,-1,-1,875.000,675.000,-1,-1,2,0,2,0,2,0,0,0,0,2,2,2,2,0,0,2,2
72,-3613.723,8772.873,-266.459,180.601,-0.998984,0.010453,0.043829,-0.013974,-0.996632,-0.080804,0.042837,-0.081335,0.995766,0,0.86770,0.74301,52.062,1.486,-1,425.000,-1,375.000,-1,325.000,300.000,325.000,325.000,-1,-1,-1,-1,900.000,675.000,-1,-1,2,0,2,0,2,0,0,0,0,2,2,2,2,0,0,2,2
73,-3665.768,8770.753,-264.368,182.327,-0.998193,0.040451,0.044444,-0.044093,-0.995467,-0.084271,0.040834,-0.086078,0.995451,0,0.86816,0.86301,52.089,1.726,-1,425.000,-1,375.000,-1,325.000,300.000,325.000,325.000,-1,-1,-1,-1,900.000,700.000,-1,-1,2,0,2,0,2,0,0,0,0,2,2,2,2,0,0,2,2
74,-3717.747,8766.928,-262.440,184.202,-0.996318,0.072975,0.044990,-0.076708,-0.993185,-0.087743,0.038280,-0.090871,0.995127,0,0.86869,0.93768,52.121,1.875,-1,425.000,-1,375.000,-1,325.000,300.000,325.000,325.000,-1,-1,-1,-1,925.000,700.000,-1,-1,2,0,2,0,2,0,0,0,0,2,2,2,2,0,0,2,2
75,-3769.609,8761.398,-260.688,186.081,-0.993386,0.105445,0.045458,-0.109241,-0.989821,-0.091220,0.035377,-0.095583,0.994793,0,0.86928,0.93923,52.157,1.878,-1,425.000,-1,375.000,-1,325.000,325.000,300.000,300.000,-1,-1,-1,-1,925.000,725.000,-1,-1,2,0,2,0,2,0,0,0,0,2,2,2,2,0,0,2,2
76,-3821.297,8754.162,-259.128,187.962,-0.989395,0.137825,0.045851,-0.141653,-0.985376,-0.094705,0.032128,-0.100196,0.994449,0,0.86990,0.94077,52.194,1.882,-1,425.000,-1,375.000,-1,325.000,325.000,300.000,300.000,-1,-1,-1,-1,950.000,750.000,-1,-1,2,0,2,0,2,0,0,0,0,2,2,2,2,0,0,2,2
77,-3872.758,8745.223,-257.778,189.847,-0.984348,0.170077,0.046171,-0.173907,-0.979854,-0.098201,0.028539,-0.104693,0.994095,0,0.87055,0.94233,52.233,1.885,-1,425.000,-1,375.000,-1,325.000,325.000,300.000,300.000,-1,-1,-1,-1,950.000,750.000,-1,-1,2,0,2,0,2,0,0,0,0,2,2,2,2,0,0,2,2
78,-3923.935,8734.585,-256.680,191.735,-0.978283,0.202171,0.045712,-0.205890,-0.973270,-0.101758,0.023918,-0.108960,0.993758,0,0.87123,0.94391,52.274,1.888,-1,425.000,-1,400.000,-1,325.000,325.000,300.000,300.000,-1,-1,-1,-1,950.000,775.000,-1,-1,2,0,2,0,2,0,0,0,0,2,2,2,2,0,0,2,2
79,-3974.775,8722.255,-255.927,193.626,-0.971188,0.234078,0.044724,-0.237587,-0.965663,-0.105103,0.018586,-0.112701,0.993455,0,0.87193,0.94549,52.316,1.891,-1,425.000,-1,400.000,-1,350.000,325.000,300.000,300.000,-1,-1,-1,-1,925.000,800.000,-1,-1,2,0,2,0,2,0,0,0,0,2,2,2,2,0,0,2,2
80,-4025.221,8708.239,-255.338,195.520,-0.963057,0.265766,0.043459,-0.268992,-0.957028,-0.108359,0.012793,-0.116046,0.993161,0,0.87266,0.94710,52.360,1.894,-1,425.000,-1,400.000,-1,350.000,325.000,300.000,300.000,-1,-1,-1,-1,900.000,825.000,-1,-1,2,0,2,0,2,0,0,0,0,2,2,2,2,0,0,2,2
81,-4075.219,8692.549,-255.104,197.417,-0.953901,0.297225,0.041607,-0.300054,-0.947438,-0.111039,0.006416,-0.118404,0.992945,0,0.87342,0.94871,52.405,1.897,-1,425.000,-1,400.000,-1,325.000,325.000,300.000,300.000,-1,-1,-1,-1,900.000,825.000,-1,-1,2,0,2,0,2,0,0,0,0,2,2,2,2,0,0,2,2
82,-4124.714,8675.193,-255.132,199.318,-0.943702,0.328401,0.039738,-0.330796,-0.936818,-0.113779,-0.000138,-0.120518,0.992711,0,0.87420,0.95034,52.452,1.901,-1,425.000,-1,400.000,-1,325.000,325.000,300.000,300.000,-1,-1,-1,-1,875.000,825.000,-1,-1,2,0,2,0,2,0,0,0,0,2,2,2,2,0,0,2,2
83,-4173.649,8656.185,-255.419,201.222,-0.932466,0.359260,0.037934,-0.361193,-0.925172,-0.116605,-0.006796,-0.122431,0.992454,0,0.87501,0.95198,52.500,1.904,-1,425.000,-1,400.000,-1,325.000,325.000,300.000,300.000,-1,-1,-1,-1,850.000,825.000,-1,-1,2,0,2,0,2,0,0,0,0,2,2,2,2,0,0,2,2
84,-4221.970,8635.540,-255.974,203.129,-0.920200,0.389770,0.036217,-0.391215,-0.912508,-0.119498,-0.013528,-0.124131,0.992174,0,0.87583,0.95364,52.550,1.907,-1,425.000,-1,400.000,-1,325.000,325.000,300.000,300.000,-1,-1,-1,-1,825.000,825.000,-1,-1,2,0,2,0,2,0,0,0,0,2,2,2,2,0,0,2,2
85,-4269.623,8613.274,-256.808,205.040,-0.906911,0.419898,0.034605,-0.420832,-0.898838,-0.122439,-0.020308,-0.125604,0.991873,0,0.87668,0.95531,52.601,1.911,975.000,425.000,-1,400.000,-1,325.000,325.000,300.000,300.000,-1,-1,-1,-1,825.000,800.000,-1,-1,1,0,2,0,2,0,0,0,0,2,2,2,2,0,0,2,2
86,-4316.552,8589.405,-257.930,206.954,-0.892610,0.449613,0.033114,-0.450015,-0.884172,-0.125405,-0.027105,-0.126839,0.991553,0,0.87755,0.95699,52.653,1.914,925.000,400.000,-1,400.000,-1,325.000,325.000,300.000,300.000,-1,-1,-1,-1,800.000,800.000,-1,-1,1,0,2,0,2,0,0,0,0,2,2,2,2,0,0,2,2
87,-4362.702,8563.954,-259.341,208.871,-0.877303,0.478885,0.031766,-0.478741,-0.868526,-0.128337,-0.033869,-0.127798,0.991222,0,0.87844,0.95869,52.706,1.917,850.000,400.000,-1,400.000,-1,325.000,325.000,300.000,300.000,-1,-1,-1,-1,775.000,800.000,-1,-1,1,0,2,0,2,0,0,0,0,2,2,2,2,0,0,2,2
88,-4412.222,8534.724,-261.165,210.549,-0.863143,0.504040,0.030459,-0.503355,-0.854030,-0.131402,-0.040219,-0.128751,0.990861,0,0.95844,0.83869,57.506,1.677,800.000,400.000,-1,400.000,-1,325.000,325.000,300.000,300.000,-1,-1,-1,-1,750.000,775.000,1000.000,-1,1,0,2,0,2,0,0,0,0,2,2,2,2,0,0,1,2
89,-4462.371,8503.402,-263.582,211.986,-0.850403,0.525308,0.029437,-0.524186,-0.841123,-0.133196,-0.045209,-0.128700,0.990653,0,0.98548,0.71869,59.129,1.437,750.000,400.000,-1,400.000,-1,325.000,325.000,300.000,300.000,-1,-1,-1,-1,750.000,775.000,925.000,-1,1,0,2,0,2,0,0,0,0,2,2,2,2,0,0,1,2
90,-4511.882,8471.022,-266.268,213.183,-0.839390,0.542780,0.028539,-0.541275,-0.829977,-0.134755,-0.049456,-0.128560,0.990468,0,0.98601,0.59869,59.160,1.197,700.000,400.000,-1,400.000,-1,325.000,325.000,300.000,300.000,-1,-1,-1,-1,725.000,750.000,850.000,-1,1,0,2,0,2,0,0,0,0,2,2,2,2,0,0,1,2
91,-4560.860,8437.811,-269.438,214.141,-0.830298,0.556647,0.027376,-0.554810,-0.820904,-0.135286,-0.052834,-0.127517,0.990428,0,0.98630,0.47869,59.178,0.957,650.000,400.000,-1,400.000,-1,325.000,325.000,300.000,300.000,-1,-1,-1,-1,700.000,725.000,800.000,-1,1,0,2,0,2,0,0,0,0,2,2,2,2,0,0,1,2
92,-4609.419,8403.989,-272.714,214.858,-0.823337,0.566928,0.026615,-0.564846,-0.813936,-0.135853,-0.055356,-0.126886,0.990371,0,0.98631,0.35869,59.179,0.717,625.000,375.000,-1,400.000,-1,325.000,325.000,300.000,300.000,-1,-1,-1,-1,700.000,725.000,750.000,-1,1,0,2,0,2,0,0,0,0,2,2,2,2,0,0,1,2
93,-4658.365,8369.287,-276.116,215.336,-0.818642,0.573702,0.026280,-0.571466,-0.809202,-0.136450,-0.057016,-0.126722,0.990298,0,1.00000,0.23869,60.000,0.477,575.000,375.000,-1,375.000,-1,300.000,325.000,300.000,300.000,-1,-1,-1,-1,675.000,700.000,700.000,-1,1,0,2,0,2,0,0,0,0,2,2,2,2,0,0,1,2
94,-4707.167,8334.382,-279.526,215.573,-0.816298,0.577039,0.026153,-0.574717,-0.806803,-0.136999,-0.057953,-0.126862,0.990226,0,1.00000,0.11869,60.000,0.237,525.000,375.000,-1,375.000,-1,300.000,300.000,300.000,300.000,-1,-1,-1,-1,650.000,675.000,650.000,-1,1,0,2,0,2,0,0,0,0,2,2,2,2,0,0,1,2
95,-4755.971,8299.480,-282.898,215.570,-0.816344,0.576974,0.026134,-0.574622,-0.806790,-0.137473,-0.058233,-0.127242,0.990161,0,1.00000,-0.00131,60.000,-0.003,500.000,375.000,-1,375.000,-1,300.000,300.000,300.000,300.000,-1,-1,-1,-1,650.000,675.000,600.000,-1,1,0,2,0,2,0,0,0,0,2,2,2,2,1,0,1,2
96,-4804.830,8264.655,-286.253,215.479,-0.817281,0.575635,0.026388,-0.573304,-0.807650,-0.137927,-0.058083,-0.127854,0.990091,0,1.00000,-0.04591,60.000,-0.092,450.000,350.000,-1,375.000,-1,300.000,300.000,300.000,300.000,-1,-1,-1,-1,625.000,650.000,550.000,-1,1,0,2,0,2,0,0,0,0,2,2,2,2,1,0,1,2
97,-4853.741,8229.903,-289.265,215.396,-0.818054,0.574506,0.027028,-0.572342,-0.808542,-0.136693,-0.056678,-0.127292,0.990245,0,1.00000,-0.04150,60.000,-0.083,425.000,350.000,-1,375.000,-1,300.000,300.000,300.000,300.000,-1,-1,-1,-1,600.000,650.000,525.000,-1,1,0,2,0,2,0,0,0,0,2,2,2,2,1,0,1,2
98,-4902.698,8195.215,-292.160,215.322,-0.818710,0.573525,0.027959,-0.571589,-0.809367,-0.134951,-0.054769,-0.126467,0.990458,0,1.00000,-0.03689,60.000,-0.074,400.000,350.000,-1,375.000,-1,300.000,300.000,300.000,325.000,-1,-1,-1,-1,575.000,650.000,475.000,-1,1,0,2,0,2,0,0,0,0,2,2,2,2,1,0,1,2
99,-4951.692,8160.581,-294.866,215.258,-0.819259,0.572660,0.029590,-0.571040,-0.810066,-0.133064,-0.052230,-0.125911,0.990666,0,1.00000,-0.03208,60.000,-0.064,350.000,350.000,-1,375.000,-1,300.000,300.000,300.000,325.000,-1,-1,-1,-1,575.000,650.000,450.000,-1,1,0,2,0,2,0,0,0,0,2,2,2,2,1,0,1,2
100,-5000.720,8125.994,-297.449,215.203,-0.819691,0.571931,0.031632,-0.570684,-0.810661,-0.130950,-0.049252,-0.125390,0.990884,0,1.00000,-0.02709,60.000,-0.054,325.000,350.000,-1,375.000,1000.000,300.000,300.000,325.000,325.000,-1,-1,-1,-1,575.000,625.000,400.000,-1,1,0,2,0,1,0,0,0,0,2,2,2,2,1,0,1,2
101,-5049.774,8091.444,-299.966,215.160,-0.819997,0.571361,0.033945,-0.570528,-0.811169,-0.128461,-0.045862,-0.124704,0.991134,0,1.00000,-0.02191,60.000,-0.044,300.000,350.000,-1,375.000,975.000,300.000,300.000,325.000,325.000,-1,-1,-1,-1,600.000,625.000,375.000,-1,1,0,2,0,1,0,0,0,0,2,2,2,2,0,0,1,2
102,-5098.848,8056.924,-302.452,215.126,-0.820163,0.570962,0.036541,-0.570589,-0.811599,-0.125436,-0.041963,-0.123728,0.991429,0,1.00000,-0.01657,60.000,-0.033,275.000,350.000,-1,375.000,925.000,300.000,300.000,325.000,325.000,-1,-1,-1,-1,600.000,625.000,375.000,1000.000,1,1,2,0,1,0,0,0,0,2,2,2,2,0,0,1,1
103,-5143.881,8025.003,-304.634,215.333,-0.817952,0.573951,0.039175,-0.573983,-0.809621,-0.122708,-0.038711,-0.122855,0.991669,0,0.92000,0.10343,55.200,0.207,250.000,350.000,-1,350.000,900.000,300.000,300.000,325.000,325.000,-1,600.000,575.000,-1,600.000,625.000,375.000,1000.000,1,1,2,0,1,0,0,1,0,2,0,0,2,0,0,1,1
104,-5186.388,7994.370,-306.580,215.780,-0.813318,0.580291,0.042141,-0.580715,-0.805180,-0.120229,-0.035837,-0.122256,0.991851,0,0.87326,0.22343,52.395,0.447,225.000,350.000,-1,350.000,875.000,300.000,300.000,300.000,325.000,-1,475.000,450.000,-1,625.000,650.000,-1,-1,1,0,2,0,1,0,0,1,0,2,0,0,2,0,0,2,2
105,-5228.559,7963.457,-308.389,216.245,-0.808437,0.586814,0.045595,-0.587677,-0.800471,-0.117825,-0.032644,-0.122049,0.991987,0,0.87148,0.23222,52.289,0.464,225.000,350.000,-1,375.000,875.000,300.000,300.000,275.000,325.000,-1,400.000,375.000,-1,625.000,650.000,-1,-1,1,0,2,0,1,0,0,1,0,2,0,0,2,0,0,2,2
106,-5270.382,7932.279,-308.465,216.718,-0.803018,0.593894,0.049511,-0.595471,-0.796251,-0.106762,-0.023982,-0.115215,0.993051,0,0.86945,0.23662,52.167,0.473,250.000,375.000,-1,375.000,875.000,300.000,300.000,250.000,325.000,-1,325.000,275.000,-1,675.000,675.000,-1,-1,1,0,2,0,1,0,0,1,0,2,0,0,2,0,0,2,2
107,-5311.836,7900.836,-308.410,217.195,-0.797477,0.600979,0.053421,-0.603164,-0.791909,-0.095252,-0.014940,-0.108183,0.994019,0,0.86719,0.23846,52.031,0.477,-1,400.000,-1,400.000,900.000,325.000,325.000,225.000,325.000,-1,275.000,225.000,-1,725.000,700.000,-1,-1,2,0,2,0,1,0,0,1,0,2,0,0,2,0,1,2,2
108,-5352.904,7869.133,-309.063,217.675,-0.792038,0.607839,0.056638,-0.610406,-0.787175,-0.088085,-0.008958,-0.104339,0.994501,0,0.86469,0.23984,51.882,0.480,-1,400.000,-1,400.000,950.000,325.000,325.000,225.000,325.000,-1,250.000,200.000,-1,775.000,725.000,-1,-1,2,0,2,0,1,0,0,1,0,2,0,0,2,0,0,2,2
109,-5393.572,7837.183,-310.320,218.157,-0.786717,0.614509,0.058774,-0.617281,-0.782120,-0.085158,-0.006362,-0.103276,0.994632,0,0.86198,0.24105,51.719,0.482,-1,400.000,-1,400.000,-1,325.000,325.000,200.000,325.000,-1,250.000,200.000,-1,775.000,750.000,-1,-1,2,0,2,0,2,0,0,1,0,2,0,0,2,0,0,2,2
110,-5433.830,7804.994,-312.342,218.641,-0.781497,0.620935,0.060836,-0.623873,-0.776698,-0.086729,-0.006602,-0.105733,0.994373,0,0.85907,0.24208,51.544,0.484,-1,400.000,-1,400.000,-1,325.000,325.000,175.000,325.000,-1,250.000,200.000,-1,775.000,750.000,-1,-1,2,0,2,0,2,0,0,1,0,2,0,0,2,0,0,2,2
111,-5473.665,7772.578,-315.011,219.127,-0.776424,0.627060,0.062941,-0.630132,-0.770865,-0.093278,-0.009972,-0.112085,0.993649,0,0.85599,0.24294,51.359,0.486,-1,375.000,-1,375.000,-1,325.000,325.000,150.000,325.000,-1,275.000,225.000,-1,725.000,725.000,-1,-1,2,0,2,0,2,0,0,1,0,2,0,0,2,0,0,2,2
112,-5513.076,7739.948,-317.182,219.614,-0.771208,0.633242,0.065138,-0.636469,-0.765081,-0.097770,-0.012076,-0.116860,0.993075,0,0.85278,0.24361,51.167,0.487,-1,375.000,-1,375.000,-1,300.000,300.000,150.000,325.000,-1,300.000,275.000,-1,700.000,725.000,-1,-1,2,0,2,0,2,0,0,1,0,2,0,0,2,0,0,2,2
113,-5552.062,7707.118,-317.959,220.102,-0.765617,0.639769,0.067283,-0.643219,-0.759694,-0.095571,-0.010029,-0.116448,0.993146,0,0.84946,0.24410,50.968,0.488,-1,375.000,-1,375.000,-1,300.000,300.000,150.000,325.000,-1,275.000,275.000,-1,725.000,725.000,-1,-1,2,0,2,0,2,0,0,1,0,2,0,0,2,0,0,2,2
114,-5590.611,7674.089,-318.673,220.591,-0.759968,0.646245,0.069396,-0.649910,-0.754230,-0.093560,-0.008122,-0.116204,0.993192,0,0.84608,0.24440,50.765,0.489,-1,375.000,-1,375.000,-1,300.000,300.000,125.000,325.000,-1,275.000,275.000,-1,725.000,750.000,-1,-1,2,0,2,0,2,0,0,1,0,2,0,0,2,0,0,2,2
115,-5628.724,7640.866,-319.324,221.080,-0.754267,0.652666,0.071483,-0.656538,-0.748694,-0.091738,-0.006355,-0.116126,0.993214,0,0.84268,0.24452,50.561,0.489,-1,375.000,-1,375.000,-1,325.000,325.000,150.000,325.000,-1,275.000,275.000,-1,750.000,775.000,-1,-1,2,0,2,0,2,0,0,1,0,2,0,0,2,0,0,2,2
116,-5666.398,7607.454,-319.867,221.569,-0.748528,0.659011,0.073556,-0.663086,-0.743076,-0.090310,-0.004858,-0.116374,0.993194,0,0.83928,0.24446,50.357,0.489,-1,400.000,-1,400.000,-1,325.000,325.000,150.000,325.000,-1,300.000,275.000,-1,775.000,775.000,-1,-1,2,0,2,0,2,0,0,1,0,2,0,0,2,0,0,2,2
117,-5703.637,7573.855,-320.296,222.057,-0.742769,0.665275,0.075519,-0.669537,-0.737378,-0.089410,-0.003796,-0.116973,0.993128,0,0.83594,0.24422,50.156,0.488,-1,400.000,-1,400.000,-1,325.000,325.000,150.000,325.000,-1,300.000,300.000,-1,800.000,800.000,-1,-1,2,0,2,0,2,0,0,1,0,2,0,0,2,0,0,2,2
118,-5740.445,7540.074,-320.847,222.545,-0.737011,0.671519,0.076662,-0.675873,-0.731683,-0.088525,-0.003354,-0.117058,0.993119,0,0.83268,0.24381,49.961,0.488,-1,400.000,-1,400.000,-1,325.000,325.000,175.000,325.000,-1,325.000,325.000,-1,800.000,800.000,-1,-1,2,0,2,0,2,0,0,1,0,2,0,0,2,0,0,2,2
119,-5776.831,7506.115,-320.054,223.031,-0.731526,0.678115,0.070917,-0.681774,-0.726392,-0.086827,-0.007365,-0.111865,0.993696,0,0.82954,0.24322,49.772,0.486,-1,400.000,-1,400.000,-1,325.000,325.000,200.000,325.000,-1,450.000,450.000,-1,800.000,775.000,-1,-1,2,0,2,0,2,0,0,1,0,2,0,0,2,0,0,2,2
120,-5812.800,7471.974,-318.669,223.516,-0.726084,0.684800,0.062055,-0.687474,-0.721218,-0.084987,-0.013444,-0.104369,0.994448,0,0.82654,0.24246,49.592,0.485,-1,400.000,-1,375.000,-1,325.000,325.000,225.000,300.000,525.000,675.000,625.000,-1,800.000,750.000,-1,-1,2,0,2,0,2,0,0,1,0,1,0,0,2,0,0,2,2
121,-5848.356,7437.647,-318.185,223.999,-0.720453,0.691194,0.056554,-0.693283,-0.715768,-0.083877,-0.017496,-0.099637,0.994870,0,0.82371,0.24155,49.423,0.483,-1,400.000,-1,375.000,-1,325.000,300.000,250.000,300.000,400.000,825.000,775.000,-1,800.000,725.000,-1,-1,2,0,2,0,2,0,0,1,1,1,0,0,2,0,0,2,2
122,-5883.506,7403.131,-318.551,224.480,-0.714691,0.697304,0.054627,-0.699172,-0.710069,-0.083430,-0.019387,-0.097820,0.995015,0,0.82107,0.24048,49.264,0.481,-1,400.000,-1,375.000,-1,325.000,300.000,275.000,300.000,350.000,900.000,850.000,-1,800.000,725.000,-1,-1,2,0,2,0,2,0,0,1,1,1,0,0,2,0,0,2,2
123,-5918.261,7368.423,-319.687,224.959,-0.708818,0.703114,0.056636,-0.705138,-0.704125,-0.083594,-0.018898,-0.099189,0.994889,0,0.81863,0.23926,49.118,0.479,-1,400.000,-1,375.000,-1,325.000,325.000,300.000,275.000,300.000,925.000,875.000,-1,825.000,725.000,-1,-1,2,0,2,0,2,0,0,1,1,1,0,0,2,0,0,2,2
124,-5952.631,7333.521,-321.587,225.435,-0.702823,0.708608,0.062571,-0.711184,-0.697937,-0.084270,-0.016044,-0.103727,0.994476,0,0.81642,0.23791,48.985,0.476,975.000,400.000,-1,400.000,-1,325.000,325.000,325.000,275.000,275.000,825.000,800.000,-1,825.000,750.000,-1,-1,1,0,2,0,2,0,0,1,1,1,0,0,2,0,0,2,2
125,-5986.625,7298.419,-324.284,225.908,-0.696660,0.713734,0.072444,-0.717318,-0.691475,-0.085541,-0.010961,-0.111559,0.993697,0,0.81442,0.23642,48.865,0.473,925.000,400.000,-1,400.000,-1,325.000,325.000,300.000,300.000,275.000,650.000,675.000,-1,850.000,825.000,-1,-1,1,0,2,0,2,0,0,0,1,1,0,0,2,0,0,2,2
126,-6020.262,7263.121,-325.393,226.377,-0.690827,0.719242,0.073813,-0.722925,-0.685473,-0.086638,-0.011716,-0.113213,0.993502,0,0.81266,0.23480,48.759,0.470,875.000,400.000,-1,400.000,-1,325.000,325.000,300.000,300.000,275.000,675.000,700.000,-1,850.000,825.000,975.000,-1,1,0,2,0,2,0,0,0,1,1,0,0,2,1,0,1,2
127,-6053.549,7227.618,-326.134,226.843,-0.685086,0.724767,0.073272,-0.728330,-0.679574,-0.087833,-0.013865,-0.113539,0.993437,0,0.81112,0.23306,48.667,0.466,850.000,400.000,-1,400.000,-1,325.000,325.000,300.000,300.000,300.000,775.000,775.000,-1,800.000,825.000,925.000,-1,1,0,2,0,2,0,0,0,1,1,0,0,2,1,0,1,2
128,-6089.635,7188.167,-327.002,227.549,-0.676280,0.733037,0.072810,-0.736453,-0.670545,-0.089478,-0.016768,-0.114133,0.993324,0,0.89112,0.35306,53.467,0.706,800.000,400.000,-1,400.000,-1,325.000,325.000,300.000,300.000,325.000,875.000,875.000,-1,775.000,825.000,875.000,-1,1,0,2,0,2,0,0,0,0,1,0,0,2,1,0,1,2
129,-6126.294,7146.936,-327.960,228.356,-0.666100,0.742331,0.072498,-0.745592,-0.660087,-0.091532,-0.020092,-0.115023,0.993160,0,0.91954,0.40345,55.173,0.807,750.000,400.000,-1,400.000,-1,325.000,325.000,300.000,325.000,350.000,975.000,1000.000,-1,750.000,825.000,825.000,-1,1,0,2,0,2,0,0,0,0,1,0,0,2,1,0,1,2
130,-6162.347,7105.227,-329.166,229.158,-0.655821,0.751455,0.072210,-0.754565,-0.649590,-0.093084,-0.023042,-0.115533,0.993036,0,0.91886,0.40112,55.132,0.802,700.000,400.000,-1,400.000,-1,325.000,325.000,300.000,325.000,375.000,-1,-1,-1,700.000,825.000,750.000,-1,1,0,2,0,2,0,0,0,0,1,2,2,2,1,0,1,2
131,-6197.798,7063.042,-330.506,229.956,-0.645479,0.760375,0.072023,-0.763337,-0.639029,-0.094643,-0.025940,-0.116068,0.992902,0,0.91841,0.39868,55.105,0.797,650.000,400.000,-1,400.000,-1,325.000,325.000,300.000,325.000,400.000,-1,-1,-1,675.000,825.000,700.000,-1,1,0,2,0,2,0,0,0,0,1,2,2,2,1,0,1,2
132,-6232.654,7020.381,-331.953,230.748,-0.635090,0.769079,0.071960,-0.771899,-0.628406,-0.096327,-0.028863,-0.116722,0.992745,0,0.91818,0.39615,55.091,0.792,600.000,400.000,-1,400.000,-1,325.000,325.000,300.000,325.000,425.000,-1,-1,-1,625.000,825.000,650.000,-1,1,0,2,0,2,0,0,0,0,1,2,2,2,1,0,1,2
133,-6266.920,6977.247,-333.693,231.535,-0.624614,0.777650,0.071537,-0.780300,-0.617792,-0.097291,-0.031463,-0.116590,0.992682,0,0.91816,0.39352,55.089,0.787,550.000,400.000,-1,400.000,-1,325.000,325.000,300.000,325.000,475.000,-1,-1,-1,600.000,825.000,600.000,-1,1,0,2,0,2,0,0,0,0,1,2,2,2,1,0,1,2
134,-6300.602,6933.642,-335.745,232.317,-0.614096,0.786101,0.070225,-0.788481,-0.607200,-0.098008,-0.034403,-0.115557,0.992705,0,0.91832,0.39081,55.099,0.782,500.000,400.000,-1,400.000,-1,325.000,325.000,300.000,325.000,500.000,-1,-1,-1,550.000,800.000,550.000,-1,1,0,2,0,2,0,0,0,0,1,2,2,2,1,0,1,2
