timestep,x_cm,y_cm,z_cm,yaw_deg,basis_xx,basis_xy,basis_xz,basis_yx,basis_yy,basis_yz,basis_zx,basis_zy,basis_zz,teleport_flag,throttle_cmd,steering_cmd,cmd_move_cm,cmd_turn_deg,lidar_cm_0,lidar_cm_1,lidar_cm_2,lidar_cm_3,lidar_cm_4,lidar_cm_5,lidar_cm_6,lidar_cm_7,lidar_cm_8,lidar_cm_9,lidar_cm_10,lidar_cm_11,lidar_cm_12,lidar_cm_13,lidar_cm_14,lidar_cm_15,lidar_cm_16,lidar_class_0,lidar_class_1,lidar_class_2,lidar_class_3,lidar_class_4,lidar_class_5,lidar_class_6,lidar_class_7,lidar_class_8,lidar_class_9,lidar_class_10,lidar_class_11,lidar_class_12,lidar_class_13,lidar_class_14,lidar_class_15,lidar_class_16
0,-2949.504,332.237,-388.621,62.782,0.457308,-0.888923,0.026181,0.889304,0.457193,-0.010582,-0.002563,0.028122,0.999601,1,0.08000,-0.12000,4.800,-0.240,-1,375.000,-1,375.000,-1,300.000,300.000,300.000,325.000,850.000,525.000,450.000,-1,650.000,700.000,-1,-1,2,0,2,0,2,0,0,0,0,1,0,0,2,0,0,2,2
1,-2945.042,340.737,-388.675,62.302,0.464750,-0.885061,0.025965,0.885439,0.464624,-0.011075,-0.002262,0.028137,0.999602,0,0.16000,-0.24000,9.600,-0.480,-1,375.000,-1,375.000,-1,300.000,300.000,300.000,325.000,775.000,525.000,450.000,-1,650.000,700.000,-1,-1,2,0,2,0,2,0,0,0,0,1,0,0,2,0,0,2,2
2,-2938.189,353.402,-388.761,61.582,0.475852,-0.879152,0.025631,0.879524,0.475709,-0.011805,-0.001815,0.028160,0.999602,0,0.24000,-0.36000,14.400,-0.720,-1,375.000,-1,375.000,-1,300.000,300.000,300.000,325.000,725.000,525.000,475.000,-1,675.000,725.000,-1,-1,2,0,2,0,2,0,0,0,0,1,0,0,2,0,0,2,2
3,-2928.770,370.133,-388.887,60.622,0.490535,-0.871058,0.025165,0.871420,0.490371,-0.012761,-0.001225,0.028188,0.999602,0,0.32000,-0.48000,19.200,-0.960,-1,375.000,-1,375.000,-1,300.000,325.000,300.000,325.000,700.000,550.000,475.000,-1,675.000,725.000,-1,-1,2,0,2,0,2,0,0,0,0,1,0,0,2,0,0,2,2
4,-2916.561,390.795,-389.058,59.422,0.508695,-0.860596,0.024550,0.860946,0.508505,-0.013926,-0.000499,0.028221,0.999602,0,0.40000,-0.60000,24.000,-1.200,-1,375.000,-1,375.000,-1,300.000,325.000,300.000,325.000,675.000,525.000,450.000,-1,675.000,725.000,-1,-1,2,0,2,0,2,0,0,0,0,1,0,0,2,0,0,2,2
5,-2901.582,414.902,-389.272,58.145,0.527785,-0.849045,0.023789,0.849378,0.527565,-0.015269,0.000414,0.028264,0.999600,0,0.47302,-0.63874,28.381,-1.277,-1,375.000,-1,400.000,-1,300.000,325.000,300.000,325.000,650.000,500.000,425.000,-1,675.000,725.000,-1,-1,2,0,2,0,2,0,0,0,0,1,0,0,2,0,0,2,2
6,-2886.245,438.387,-389.526,56.853,0.546811,-0.836941,0.022953,0.837255,0.546565,-0.016437,0.001212,0.028206,0.999601,0,0.46749,-0.64565,28.049,-1.291,-1,375.000,-1,400.000,-1,300.000,325.000,300.000,325.000,625.000,475.000,400.000,-1,675.000,725.000,-1,-1,2,0,2,0,2,0,0,0,0,1,0,0,2,0,0,2,2
7,-2870.538,461.282,-389.603,55.548,0.565750,-0.824252,0.023135,0.824576,0.565483,-0.017417,0.001274,0.028931,0.999581,0,0.46275,-0.65286,27.765,-1.306,-1,375.000,-1,400.000,-1,300.000,325.000,300.000,325.000,625.000,500.000,425.000,-1,675.000,725.000,-1,-1,2,0,2,0,2,0,0,0,0,1,0,0,2,0,0,2,2
8,-2854.446,483.617,-389.608,54.227,0.584600,-0.810974,0.023749,0.811321,0.584312,-0.018366,0.001017,0.030005,0.999549,0,0.45881,-0.66035,27.528,-1.321,-1,375.000,-1,400.000,-1,300.000,325.000,300.000,325.000,650.000,525.000,425.000,-1,675.000,725.000,-1,-1,2,0,2,0,2,0,0,0,0,1,0,0,2,0,0,2,2
9,-2837.952,505.419,-389.635,52.891,0.603354,-0.797102,0.024324,0.797473,0.603045,-0.019328,0.000738,0.031059,0.999517,0,0.45563,-0.66811,27.338,-1.336,-1,375.000,-1,400.000,-1,300.000,325.000,300.000,325.000,650.000,550.000,450.000,-1,675.000,725.000,-1,-1,2,0,2,0,2,0,0,0,0,1,0,0,2,0,0,2,2
10,-2821.039,526.712,-389.684,51.539,0.621999,-0.782623,0.024858,0.783018,0.621668,-0.020304,0.000437,0.032093,0.999485,0,0.45320,-0.67614,27.192,-1.352,-1,375.000,-1,400.000,-1,300.000,325.000,300.000,325.000,675.000,575.000,475.000,-1,675.000,725.000,-1,-1,2,0,2,0,2,0,0,0,0,1,0,0,2,0,0,2,2
11,-2803.687,547.516,-389.753,50.170,0.640519,-0.767523,0.025352,0.767942,0.640165,-0.021296,0.000116,0.033109,0.999452,0,0.45151,-0.68443,27.091,-1.369,-1,375.000,-1,400.000,-1,300.000,325.000,300.000,325.000,725.000,625.000,500.000,-1,675.000,725.000,-1,-1,2,0,2,0,2,0,0,0,0,1,0,0,2,0,0,2,2
12,-2785.876,567.851,-389.824,48.784,0.658899,-0.751788,0.025824,0.752231,0.658518,-0.022409,-0.000158,0.034191,0.999415,0,0.45054,-0.69297,27.032,-1.386,-1,375.000,-1,400.000,-1,300.000,325.000,300.000,325.000,750.000,650.000,525.000,-1,700.000,750.000,-1,-1,2,0,2,0,2,0,0,0,0,1,0,0,2,0,0,2,2
13,-2767.583,587.732,-389.875,47.380,0.677123,-0.735401,0.026284,0.735870,0.676706,-0.023760,-0.000313,0.035430,0.999372,0,0.45027,-0.70177,27.016,-1.404,-1,375.000,-1,400.000,-1,325.000,325.000,300.000,300.000,775.000,675.000,525.000,-1,700.000,750.000,-1,-1,2,0,2,0,2,0,0,0,0,1,0,0,2,0,0,2,2
14,-2748.785,607.170,-389.951,45.959,0.695166,-0.718354,0.026682,0.718849,0.694712,-0.025111,-0.000498,0.036637,0.999329,0,0.45068,-0.71082,27.041,-1.422,-1,375.000,-1,400.000,-1,325.000,325.000,300.000,300.000,825.000,700.000,550.000,-1,700.000,750.000,-1,-1,2,0,2,0,2,0,0,0,0,1,0,0,2,0,0,2,2
15,-2729.457,626.176,-390.055,44.518,0.713008,-0.700635,0.027020,0.701156,0.712517,-0.026461,-0.000713,0.037812,0.999285,0,0.45177,-0.72013,27.106,-1.440,-1,375.000,-1,400.000,-1,325.000,325.000,300.000,300.000,875.000,725.000,575.000,-1,700.000,750.000,-1,-1,2,0,2,0,2,0,0,0,0,1,0,0,2,0,0,2,2
16,-2709.576,644.755,-390.186,43.059,0.730626,-0.682232,0.027297,0.682777,0.730098,-0.027809,-0.000957,0.038956,0.999240,0,0.45351,-0.72968,27.211,-1.459,-1,375.000,-1,400.000,-1,325.000,325.000,300.000,300.000,950.000,750.000,600.000,-1,700.000,750.000,-1,-1,2,0,2,0,2,0,0,0,0,1,0,0,2,0,0,2,2
17,-2689.115,662.909,-390.343,41.580,0.747998,-0.663131,0.027505,0.663700,0.747430,-0.029154,-0.001225,0.040062,0.999196,0,0.45590,-0.73949,27.354,-1.479,-1,375.000,-1,400.000,-1,325.000,325.000,300.000,300.000,-1,775.000,600.000,-1,700.000,750.000,-1,-1,2,0,2,0,2,0,0,0,0,2,0,0,2,0,0,2,2
18,-2668.047,680.638,-390.529,40.081,0.765096,-0.643322,0.027645,0.643914,0.764490,-0.030493,-0.001518,0.041131,0.999153,0,0.45891,-0.74956,27.534,-1.499,-1,375.000,-1,400.000,-1,325.000,325.000,300.000,300.000,-1,825.000,625.000,-1,725.000,750.000,-1,-1,2,0,2,0,2,0,0,0,0,2,0,0,2,0,0,2,2
19,-2646.347,697.938,-390.744,38.561,0.781895,-0.622793,0.027724,0.623407,0.781249,-0.031825,-0.001839,0.042167,0.999109,0,0.46252,-0.75989,27.751,-1.520,-1,375.000,-1,400.000,-1,325.000,325.000,300.000,300.000,-1,850.000,650.000,-1,725.000,750.000,-1,-1,2,0,2,0,2,0,0,0,0,2,1,0,2,0,0,2,2
20,-2623.988,714.799,-390.990,37.020,0.798366,-0.601533,0.027741,0.602168,0.797681,-0.033148,-0.002189,0.043169,0.999065,0,0.46674,-0.77048,28.004,-1.541,-1,375.000,-1,400.000,-1,325.000,325.000,300.000,300.000,-1,875.000,675.000,-1,725.000,750.000,-1,-1,2,0,2,0,2,0,0,0,0,2,1,0,2,0,0,2,2
21,-2600.943,731.212,-391.076,35.457,0.814465,-0.579549,0.027747,0.580205,0.813779,-0.033561,-0.003130,0.043433,0.999051,0,0.47153,-0.78134,28.292,-1.563,-1,375.000,-1,400.000,-1,325.000,325.000,300.000,300.000,-1,875.000,725.000,-1,725.000,750.000,-1,-1,2,0,2,0,2,0,0,0,0,2,1,0,2,0,0,2,2
22,-2577.186,747.159,-391.181,33.872,0.830173,-0.556815,0.027748,0.557491,0.829491,-0.033893,-0.004144,0.043606,0.999040,0,0.47688,-0.79247,28.613,-1.585,-1,375.000,-1,400.000,-1,325.000,325.000,300.000,300.000,-1,900.000,800.000,-1,725.000,750.000,-1,-1,2,0,2,0,2,0,0,0,0,2,1,0,2,0,0,2,2
23,-2552.692,762.622,-391.321,32.265,0.845458,-0.533320,0.027742,0.534016,0.844782,-0.034218,-0.005186,0.043744,0.999029,0,0.48278,-0.80387,28.967,-1.608,-1,375.000,-1,400.000,-1,325.000,325.000,300.000,300.000,-1,900.000,875.000,-1,725.000,750.000,-1,-1,2,0,2,0,2,0,0,0,0,2,1,0,2,0,0,2,2
24,-2527.436,777.578,-391.514,30.634,0.860288,-0.509057,0.027655,0.509770,0.859618,-0.034507,-0.006206,0.043783,0.999022,0,0.48920,-0.81555,29.352,-1.631,-1,375.000,-1,400.000,-1,325.000,325.000,300.000,300.000,-1,925.000,975.000,-1,725.000,750.000,-1,-1,2,0,2,0,2,0,0,0,0,2,1,1,2,0,0,2,2
25,-2501.395,792.000,-391.767,28.979,0.874626,-0.484020,0.027458,0.484745,0.873965,-0.034740,-0.007182,0.043694,0.999019,0,0.49612,-0.82750,29.767,-1.655,-1,375.000,-1,400.000,-1,325.000,325.000,300.000,300.000,-1,950.000,1000.000,-1,725.000,750.000,-1,-1,2,0,2,0,2,0,0,0,0,2,1,1,2,0,0,2,2
26,-2474.548,805.856,-392.061,27.299,0.888431,-0.458200,0.027260,0.458937,0.887781,-0.034953,-0.008186,0.043564,0.999017,0,0.50353,-0.83974,30.212,-1.679,-1,375.000,-1,400.000,-1,325.000,325.000,300.000,300.000,-1,950.000,1000.000,-1,725.000,750.000,-1,-1,2,0,2,0,2,0,0,0,0,2,1,1,2,0,0,2,2
27,-2443.042,821.127,-392.423,25.860,0.899659,-0.435754,0.027045,0.436501,0.899013,-0.035250,-0.008953,0.043518,0.999013,0,0.58353,-0.71974,35.012,-1.439,-1,375.000,-1,400.000,-1,325.000,325.000,300.000,300.000,-1,975.000,-1,-1,725.000,750.000,-1,-1,2,0,2,0,2,0,0,0,0,2,1,2,2,0,0,2,2
28,-2406.861,837.738,-392.857,24.660,0.908585,-0.416839,0.026813,0.417592,0.907936,-0.035615,-0.009498,0.043556,0.999006,0,0.66353,-0.59974,39.812,-1.199,-1,375.000,-1,400.000,-1,325.000,325.000,300.000,300.000,-1,1000.000,-1,-1,725.000,750.000,-1,-1,2,0,2,0,2,0,0,0,0,2,1,2,2,0,0,2,2
29,-2365.977,855.593,-393.369,23.592,0.916200,-0.399839,0.026564,0.400598,0.915546,-0.036020,-0.009918,0.043643,0.998998,0,0.74353,-0.53409,44.612,-1.068,-1,375.000,-1,400.000,-1,325.000,325.000,300.000,300.000,-1,-1,-1,-1,725.000,750.000,-1,-1,2,0,2,0,2,0,0,0,0,2,2,2,2,0,0,2,2
30,-2320.322,874.491,-393.911,22.486,0.923742,-0.382093,0.026554,0.382870,0.923077,-0.036594,-0.010529,0.043970,0.998977,0,0.82353,-0.55283,49.412,-1.106,-1,375.000,-1,400.000,-1,325.000,325.000,300.000,300.000,-1,-1,-1,-1,725.000,750.000,-1,-1,2,0,2,0,2,0,0,0,0,2,2,2,2,0,0,2,2
31,-2271.219,893.674,-394.501,21.339,0.931202,-0.363527,0.026652,0.364329,0.930525,-0.037260,-0.011256,0.044407,0.998950,0,0.87862,-0.57364,52.717,-1.147,-1,375.000,-1,400.000,-1,325.000,325.000,300.000,300.000,-1,-1,-1,-1,725.000,750.000,-1,-1,2,0,2,0,2,0,0,0,0,2,2,2,2,0,0,2,2
32,-2220.844,912.156,-395.148,20.147,0.938557,-0.344088,0.026720,0.344915,0.937868,-0.037911,-0.012015,0.044798,0.998924,0,0.89431,-0.59590,53.659,-1.192,-1,375.000,-1,400.000,-1,325.000,325.000,300.000,300.000,-1,-1,-1,-1,725.000,750.000,-1,-1,2,0,2,0,2,0,0,0,0,2,2,2,2,0,0,2,2
33,-2169.167,929.860,-395.854,18.910,0.945763,-0.323753,0.026756,0.324604,0.945064,-0.038545,-0.012808,0.045139,0.998899,0,0.91041,-0.61860,54.625,-1.237,-1,375.000,-1,400.000,-1,325.000,325.000,300.000,300.000,-1,-1,-1,-1,725.000,750.000,-1,-1,2,0,2,0,2,0,0,0,0,2,2,2,2,0,0,2,2
34,-2116.164,946.700,-396.625,17.627,0.952774,-0.302499,0.026763,0.303374,0.952066,-0.039159,-0.013635,0.045429,0.998875,0,0.92689,-0.64174,55.613,-1.283,-1,375.000,-1,400.000,-1,325.000,325.000,300.000,300.000,-1,-1,-1,-1,725.000,750.000,-1,-1,2,0,2,0,2,0,0,0,0,2,2,2,2,0,0,2,2
35,-2062.430,962.439,-397.454,16.325,0.959394,-0.280799,0.026740,0.281698,0.958680,-0.039744,-0.014475,0.045663,0.998852,0,0.93319,-0.65058,55.992,-1.301,-1,375.000,-1,400.000,-1,325.000,325.000,300.000,300.000,-1,-1,-1,-1,725.000,750.000,-1,-1,2,0,2,0,2,0,0,0,0,2,2,2,2,0,0,2,2
36,-2008.352,976.954,-398.317,15.024,0.965522,-0.258956,0.026642,0.259873,0.964804,-0.040229,-0.015287,0.045765,0.998835,0,0.93319,-0.65058,55.992,-1.301,-1,375.000,-1,400.000,-1,325.000,325.000,300.000,300.000,-1,-1,-1,-1,725.000,750.000,-1,-1,2,0,2,0,2,0,0,0,0,2,2,2,2,0,0,2,2
37,-1953.959,990.236,-399.158,13.723,0.971159,-0.236983,0.026250,0.237903,0.970446,-0.040458,-0.015887,0.045536,0.998836,0,0.93319,-0.65058,55.992,-1.301,-1,375.000,-1,400.000,-1,325.000,325.000,300.000,300.000,-1,-1,-1,-1,725.000,750.000,-1,-1,2,0,2,0,2,0,0,0,0,2,2,2,2,0,0,2,2
38,-1899.277,1002.280,-400.044,12.422,0.976296,-0.214888,0.025885,0.215810,0.975588,-0.040660,-0.016515,0.045282,0.998838,0,0.93319,-0.65058,55.992,-1.301,-1,375.000,-1,400.000,-1,325.000,325.000,300.000,300.000,-1,-1,-1,-1,725.000,750.000,-1,-1,2,0,2,0,2,0,0,0,0,2,2,2,2,0,0,2,2
39,-1844.337,1013.080,-400.877,11.121,0.980935,-0.192678,0.025324,0.193602,0.980211,-0.041300,-0.016866,0.045415,0.998826,0,0.93319,-0.65058,55.992,-1.301,-1,375.000,-1,400.000,-1,325.000,325.000,300.000,300.000,-1,-1,-1,-1,725.000,750.000,-1,-1,2,0,2,0,2,0,0,0,0,2,2,2,2,0,0,2,2
40,-1789.165,1022.629,-401.761,9.820,0.985070,-0.170369,0.024746,0.171294,0.984329,-0.041886,-0.017222,0.045500,0.998816,0,0.93319,-0.65058,55.992,-1.301,-1,375.000,-1,400.000,-1,325.000,325.000,300.000,300.000,-1,-1,-1,-1,725.000,750.000,-1,-1,2,0,2,0,2,0,0,0,0,2,2,2,2,0,0,2,2
41,-1733.791,1030.923,-402.700,8.518,0.988696,-0.147973,0.024153,0.148897,0.987943,-0.042418,-0.017585,0.045535,0.998808,0,0.93319,-0.65058,55.992,-1.301,-1,375.000,-1,400.000,-1,325.000,325.000,300.000,300.000,-1,-1,-1,-1,725.000,750.000,-1,-1,2,0,2,0,2,0,0,0,0,2,2,2,2,0,0,2,2
42,-1677.854,1038.008,-403.698,7.219,0.991810,-0.125533,0.023544,0.126455,0.991044,-0.042899,-0.017948,0.045525,0.998802,0,0.93972,-0.64966,56.383,-1.299,-1,375.000,-1,400.000,-1,325.000,325.000,300.000,300.000,-1,-1,-1,-1,725.000,750.000,-1,-1,2,0,2,0,2,0,0,0,0,2,2,2,2,0,0,2,2
43,-1621.343,1043.871,-404.759,5.923,0.994409,-0.103077,0.022924,0.103996,0.993633,-0.043330,-0.018311,0.045471,0.998798,0,0.94690,-0.64827,56.814,-1.297,-1,400.000,-1,400.000,-1,325.000,325.000,300.000,300.000,-1,-1,-1,-1,750.000,750.000,-1,-1,2,0,2,0,2,0,0,0,0,2,2,2,2,0,0,2,2
44,-1564.289,1048.491,-405.884,4.630,0.996495,-0.080631,0.022294,0.081546,0.995711,-0.043710,-0.018674,0.045375,0.998795,0,0.95402,-0.64645,57.241,-1.293,-1,400.000,-1,400.000,-1,325.000,325.000,300.000,300.000,-1,-1,-1,-1,750.000,750.000,-1,-1,2,0,2,0,2,0,0,0,0,2,2,2,2,0,0,2,2
45,-1506.723,1051.851,-407.072,3.341,0.998069,-0.058223,0.021658,0.059133,0.997278,-0.044041,-0.019035,0.045236,0.998795,0,0.96105,-0.64419,57.663,-1.288,-1,400.000,-1,400.000,-1,325.000,325.000,300.000,300.000,-1,-1,-1,-1,750.000,750.000,-1,-1,2,0,2,0,2,0,0,0,0,2,2,2,2,0,0,2,2
46,-1448.683,1053.937,-408.325,2.058,0.999135,-0.035880,0.021019,0.036784,0.998340,-0.044322,-0.019394,0.045057,0.998796,0,0.96796,-0.64148,58.078,-1.283,-1,400.000,-1,400.000,-1,325.000,325.000,300.000,300.000,-1,-1,-1,-1,750.000,750.000,-1,1000.000,2,0,2,0,2,0,0,0,0,2,2,2,2,0,0,2,1
47,-1390.205,1054.735,-409.643,0.782,0.999699,-0.013630,0.020380,0.014528,0.998901,-0.044556,-0.019751,0.044838,0.998799,0,0.97471,-0.63827,58.483,-1.277,-1,400.000,-1,400.000,1000.000,325.000,325.000,300.000,300.000,-1,-1,-1,-1,750.000,750.000,975.000,925.000,2,0,2,0,1,0,0,0,0,2,2,2,2,0,0,1,1
48,-1331.332,1054.234,-411.027,-0.487,0.999769,0.008498,0.019744,-0.007607,0.998970,-0.044743,-0.020104,0.044582,0.998803,0,0.98126,-0.63456,58.876,-1.269,1000.000,400.000,-1,400.000,950.000,325.000,325.000,300.000,300.000,-1,-1,-1,-1,750.000,750.000,900.000,875.000,1,0,2,0,1,0,0,0,0,2,2,2,2,1,1,1,1
49,-1272.105,1052.426,-412.315,-1.748,0.999343,0.030474,0.019603,-0.029569,0.998553,-0.044922,-0.020944,0.044313,0.998798,0,0.98756,-0.63032,59.254,-1.261,900.000,400.000,-1,400.000,900.000,325.000,325.000,300.000,300.000,-1,-1,-1,-1,700.000,725.000,850.000,825.000,1,0,2,0,1,0,0,0,0,2,2,2,2,1,1,1,1
50,-1212.573,1049.307,-413.621,-2.999,0.998441,0.052269,0.019574,-0.051346,0.997666,-0.045006,-0.021880,0.043931,0.998795,0,0.99356,-0.62552,59.614,-1.251,825.000,400.000,-1,400.000,850.000,325.000,325.000,300.000,300.000,-1,-1,-1,-1,675.000,675.000,775.000,775.000,1,0,2,0,1,0,0,0,0,2,2,2,2,1,1,1,1
51,-1152.784,1044.875,-414.990,-4.239,0.997078,0.073853,0.019549,-0.072913,0.996319,-0.045072,-0.022806,0.043515,0.998792,0,0.99920,-0.62013,59.952,-1.240,750.000,400.000,-1,400.000,800.000,325.000,325.000,300.000,300.000,-1,-1,-1,-1,650.000,625.000,725.000,725.000,1,0,2,0,1,0,0,0,0,2,2,2,2,1,1,1,1
52,-1093.057,1039.158,-416.413,-5.468,0.995267,0.095194,0.019530,-0.094238,0.994527,-0.045120,-0.023718,0.043066,0.998791,0,1.00000,-0.61413,60.000,-1.228,675.000,400.000,-1,400.000,750.000,325.000,325.000,300.000,300.000,-1,-1,-1,-1,625.000,600.000,675.000,675.000,1,0,2,0,1,0,0,0,0,2,2,2,2,1,1,1,1
53,-1033.465,1032.175,-417.889,-6.683,0.993027,0.116264,0.019515,-0.115292,0.992305,-0.045152,-0.024614,0.042587,0.998790,0,1.00000,-0.60752,60.000,-1.215,600.000,400.000,-1,400.000,675.000,325.000,325.000,300.000,300.000,-1,-1,-1,-1,600.000,550.000,625.000,625.000,1,0,2,0,1,0,0,0,0,2,2,2,2,1,1,1,1
54,-974.031,1023.945,-419.418,-7.883,0.990375,0.137032,0.019504,-0.136045,0.989672,-0.045169,-0.025492,0.042081,0.998789,0,1.00000,-0.60026,60.000,-1.201,550.000,375.000,1000.000,400.000,625.000,325.000,325.000,300.000,300.000,-1,-1,-1,-1,575.000,500.000,575.000,575.000,1,1,1,0,1,0,0,0,0,2,2,2,2,1,1,1,1
55,-914.781,1014.489,-420.998,-9.068,0.987332,0.157468,0.019495,-0.156467,0.986650,-0.045173,-0.026348,0.041551,0.998789,0,1.00000,-0.59235,60.000,-1.185,500.000,375.000,875.000,375.000,575.000,325.000,325.000,300.000,300.000,-1,-1,-1,-1,575.000,475.000,525.000,500.000,1,1,1,1,1,1,1,0,0,2,2,2,2,1,1,1,1
56,-855.736,1003.827,-422.629,-10.235,0.983920,0.177543,0.019488,-0.176529,0.983259,-0.045165,-0.027181,0.040999,0.998789,0,1.00000,-0.58377,60.000,-1.168,450.000,375.000,750.000,350.000,525.000,325.000,300.000,300.000,300.000,-1,-1,-1,-1,575.000,425.000,500.000,450.000,1,1,1,1,1,1,1,0,0,2,2,2,2,1,1,1,1
57,-801.627,992.904,-424.177,-11.412,0.980067,0.197708,0.019482,-0.196682,0.979427,-0.045148,-0.028008,0.040416,0.998790,0,0.92000,-0.58852,55.200,-1.177,400.000,375.000,675.000,300.000,450.000,300.000,275.000,300.000,300.000,-1,-1,-1,-1,600.000,375.000,450.000,400.000,1,1,1,1,1,1,1,0,0,2,2,2,2,1,1,1,1
58,-752.435,981.934,-425.632,-12.571,0.975872,0.217471,0.019477,-0.216433,0.975254,-0.045124,-0.028808,0.039819,0.998792,0,0.84000,-0.57913,50.400,-1.158,375.000,375.000,600.000,275.000,400.000,300.000,250.000,300.000,300.000,-1,-1,-1,-1,625.000,350.000,450.000,350.000,1,1,1,1,1,1,1,0,0,2,2,2,2,1,1,1,1
59,-702.776,969.582,-427.002,-13.969,0.970293,0.241205,0.018774,-0.240166,0.969661,-0.045584,-0.029199,0.039721,0.998784,0,0.85287,-0.69913,51.172,-1.398,350.000,400.000,500.000,250.000,375.000,275.000,225.000,300.000,300.000,-1,-1,-1,-1,675.000,300.000,450.000,325.000,1,1,1,1,1,1,1,0,0,2,2,2,2,1,1,1,1
60,-653.057,955.908,-427.307,-15.380,0.964170,0.264956,0.013229,-0.264024,0.963246,-0.049476,-0.025852,0.044211,0.998688,0,0.85942,-0.70542,51.565,-1.411,350.000,400.000,450.000,225.000,325.000,250.000,225.000,325.000,300.000,-1,-1,-1,-1,800.000,275.000,525.000,275.000,1,1,1,1,1,1,1,0,0,2,2,2,2,1,1,1,1
61,-603.307,940.897,-428.158,-16.791,0.957410,0.288573,0.009604,-0.287727,0.956320,-0.051633,-0.024085,0.046671,0.998620,0,0.86608,-0.70581,51.965,-1.412,350.000,350.000,375.000,200.000,275.000,225.000,200.000,325.000,300.000,-1,-1,-1,-1,775.000,250.000,-1,225.000,1,1,1,1,1,1,1,0,0,2,2,2,2,1,1,2,1
62,-553.558,924.536,-428.620,-18.204,0.950026,0.312101,0.006654,-0.311449,0.949061,-0.047768,-0.021223,0.043309,0.998836,0,0.87284,-0.70609,52.370,-1.412,375.000,300.000,325.000,175.000,225.000,200.000,175.000,325.000,300.000,-1,925.000,875.000,-1,500.000,200.000,-1,200.000,1,1,1,1,1,1,1,0,0,2,0,0,2,1,1,2,1
63,-503.843,906.809,-424.226,-19.616,0.941979,0.335666,-0.002094,-0.335650,0.941825,-0.017475,-0.003894,0.017164,0.999845,0,0.87968,-0.70624,52.781,-1.412,450.000,275.000,300.000,150.000,200.000,200.000,150.000,275.000,375.000,-1,325.000,400.000,-1,425.000,200.000,-1,175.000,1,1,1,1,1,1,1,1,0,2,0,0,2,1,1,2,1
64,-4919.468,-2951.691,-220.312,-10.037,0.975479,0.174263,0.134438,-0.175041,0.984542,-0.006098,-0.133422,-0.017583,0.990903,1,0.00000,0.00000,53.197,-1.413,575.000,300.000,-1,300.000,550.000,250.000,250.000,400.000,425.000,-1,0.000,0.000,-1,475.000,475.000,525.000,500.000,0,0,2,0,0,0,0,0,1,2,1,1,2,0,0,0,0
65,9512.849,7538.784,-348.581,-67.736,0.378989,0.924377,-0.043529,-0.925397,0.378427,-0.020808,-0.002761,0.048168,0.998835,1,0.08000,-0.12000,4.800,-0.240,-1,375.000,-1,400.000,-1,325.000,325.000,300.000,300.000,-1,925.000,800.000,-1,725.000,775.000,-1,-1,2,0,2,0,2,0,0,0,0,2,0,0,2,0,0,2,2
66,9516.411,7529.869,-348.623,-68.216,0.371237,0.927510,-0.043691,-0.928533,0.370668,-0.020786,-0.003085,0.048286,0.998829,0,0.16000,-0.24000,9.600,-0.480,-1,375.000,-1,400.000,-1,325.000,325.000,300.000,300.000,-1,950.000,800.000,-1,725.000,775.000,-1,-1,2,0,2,0,2,0,0,0,0,2,0,0,2,0,0,2,2
67,9521.587,7516.431,-348.694,-68.936,0.359562,0.932086,-0.043934,-0.933114,0.358980,-0.020758,-0.003576,0.048459,0.998819,0,0.24000,-0.36000,14.400,-0.720,-1,375.000,-1,400.000,-1,325.000,325.000,300.000,300.000,-1,975.000,825.000,-1,725.000,775.000,-1,-1,2,0,2,0,2,0,0,0,0,2,0,0,2,0,0,2,2
68,9528.207,7498.408,-348.798,-69.830,0.344995,0.937561,-0.044259,-0.938595,0.344397,-0.020724,-0.004188,0.048691,0.998805,0,0.32000,-0.44678,19.200,-0.894,-1,375.000,-1,400.000,-1,325.000,325.000,300.000,300.000,-1,-1,850.000,-1,725.000,775.000,-1,-1,2,0,2,0,2,0,0,0,0,2,2,0,2,0,0,2,2
69,9536.130,7475.754,-348.941,-70.724,0.330343,0.942803,-0.044669,-0.943849,0.329729,-0.020689,-0.004777,0.048996,0.998788,0,0.40000,-0.44678,24.000,-0.894,-1,375.000,-1,400.000,-1,325.000,325.000,300.000,300.000,-1,-1,875.000,-1,725.000,775.000,-1,-1,2,0,2,0,2,0,0,0,0,2,2,0,2,0,0,2,2
70,9545.213,7448.423,-349.125,-71.617,0.315612,0.947813,-0.045163,-0.948873,0.314980,-0.020656,-0.005353,0.049374,0.998766,0,0.48000,-0.44678,28.800,-0.894,-1,375.000,-1,400.000,-1,325.000,325.000,300.000,300.000,-1,-1,925.000,-1,725.000,775.000,-1,-1,2,0,2,0,2,0,0,0,0,2,2,0,2,0,0,2,2
71,9555.311,7416.376,-349.354,-72.511,0.300804,0.952588,-0.045739,-0.953668,0.300154,-0.020630,-0.005923,0.049825,0.998740,0,0.56000,-0.44678,33.600,-0.894,-1,375.000,-1,400.000,-1,325.000,325.000,300.000,300.000,-1,-1,950.000,-1,750.000,775.000,-1,-1,2,0,2,0,2,0,0,0,0,2,2,0,2,0,0,2,2
72,9566.279,7379.576,-349.632,-73.404,0.285925,0.957128,-0.046395,-0.958230,0.285255,-0.020614,-0.006496,0.050351,0.998710,0,0.64000,-0.44678,38.400,-0.894,-1,375.000,-1,400.000,-1,325.000,325.000,300.000,300.000,-1,-1,1000.000,-1,750.000,775.000,-1,-1,2,0,2,0,2,0,0,0,0,2,2,0,2,0,0,2,2
73,9577.971,7337.988,-349.961,-74.298,0.270978,0.961431,-0.047128,-0.962559,0.270286,-0.020614,-0.007081,0.050950,0.998676,0,0.72000,-0.44678,43.200,-0.894,-1,400.000,-1,400.000,-1,325.000,325.000,300.000,300.000,-1,-1,-1,-1,750.000,775.000,-1,-1,2,0,2,0,2,0,0,0,0,2,2,2,2,0,0,2,2
74,9590.240,7291.582,-350.343,-75.191,0.255968,0.965496,-0.047931,-0.966655,0.255251,-0.020638,-0.007691,0.051616,0.998637,0,0.80000,-0.44678,48.000,-0.894,-1,400.000,-1,400.000,-1,325.000,325.000,300.000,300.000,-1,-1,-1,-1,750.000,775.000,-1,-1,2,0,2,0,2,0,0,0,0,2,2,2,2,0,0,2,2
75,9602.009,7244.080,-350.742,-76.085,0.240901,0.969327,-0.048707,-0.970514,0.240155,-0.020710,-0.008377,0.052260,0.998598,0,0.81562,-0.44678,48.937,-0.894,-1,400.000,-1,400.000,-1,325.000,325.000,300.000,300.000,-1,-1,-1,-1,750.000,775.000,-1,-1,2,0,2,0,2,0,0,0,0,2,2,2,2,0,0,2,2
76,9613.036,7196.401,-351.169,-76.978,0.225779,0.972920,-0.049504,-0.974136,0.225002,-0.020815,-0.009113,0.052923,0.998557,0,0.81562,-0.44678,48.937,-0.894,-1,400.000,-1,400.000,-1,325.000,325.000,300.000,300.000,-1,-1,-1,-1,750.000,775.000,-1,-1,2,0,2,0,2,0,0,0,0,2,2,2,2,0,0,2,2
77,9623.318,7148.556,-351.648,-77.872,0.210600,0.976281,-0.050232,-0.977523,0.209795,-0.020841,-0.009808,0.053492,0.998520,0,0.81562,-0.44678,48.937,-0.894,-1,400.000,-1,400.000,-1,325.000,325.000,300.000,300.000,-1,-1,-1,-1,750.000,775.000,-1,-1,2,0,2,0,2,0,0,0,0,2,2,2,2,0,0,2,2
78,9632.852,7100.556,-352.250,-78.766,0.195375,0.979424,-0.050568,-0.980671,0.194543,-0.020929,-0.010661,0.053680,0.998501,0,0.81562,-0.44678,48.937,-0.894,-1,400.000,-1,400.000,-1,325.000,325.000,300.000,300.000,-1,-1,-1,-1,750.000,775.000,-1,-1,2,0,2,0,2,0,0,0,0,2,2,2,2,0,0,2,2
79,9642.719,7047.732,-352.934,-79.419,0.184213,0.981565,-0.050941,-0.982821,0.183356,-0.021055,-0.011327,0.053945,0.998480,0,0.89562,-0.32678,53.737,-0.654,-1,400.000,-1,400.000,-1,325.000,325.000,300.000,300.000,-1,-1,-1,-1,750.000,775.000,-1,-1,2,0,2,0,2,0,0,0,0,2,2,2,2,0,0,2,2
80,9652.627,6992.486,-353.662,-79.833,0.177143,0.982845,-0.051338,-0.984114,0.176263,-0.021217,-0.011804,0.054281,0.998456,0,0.93545,-0.20678,56.127,-0.414,-1,400.000,-1,400.000,-1,325.000,325.000,300.000,300.000,-1,-1,-1,-1,775.000,775.000,-1,-1,2,0,2,0,2,0,0,0,0,2,2,2,2,0,0,2,2
81,9662.368,6937.210,-354.395,-80.006,0.174181,0.983353,-0.051744,-0.984640,0.173282,-0.021411,-0.012088,0.054679,0.998431,0,0.93545,-0.08678,56.127,-0.174,-1,400.000,-1,400.000,-1,325.000,325.000,300.000,300.000,-1,-1,-1,-1,775.000,775.000,-1,-1,2,0,2,0,2,0,0,0,0,2,2,2,2,0,0,2,2
82,9672.173,6881.946,-355.120,-79.940,0.175333,0.983126,-0.052164,-0.984434,0.174418,-0.021641,-0.012177,0.055146,0.998404,0,0.93545,0.03322,56.127,0.066,-1,400.000,-1,400.000,-1,325.000,325.000,300.000,300.000,-1,-1,-1,-1,775.000,775.000,-1,-1,2,0,2,0,2,0,0,0,0,2,2,2,2,0,0,2,2
83,9682.210,6826.724,-355.831,-79.699,0.179474,0.982356,-0.052597,-0.983688,0.178545,-0.021908,-0.012130,0.055671,0.998375,0,0.93545,0.12046,56.127,0.241,-1,400.000,-1,400.000,-1,325.000,325.000,300.000,300.000,-1,-1,-1,-1,775.000,775.000,-1,-1,2,0,2,0,2,0,0,0,0,2,2,2,2,0,0,2,2
84,9692.479,6771.544,-356.528,-79.458,0.183614,0.981567,-0.053039,-0.982924,0.182668,-0.022206,-0.012108,0.056210,0.998346,0,0.93545,0.12046,56.127,0.241,-1,400.000,-1,400.000,-1,325.000,325.000,300.000,300.000,-1,-1,-1,-1,775.000,775.000,-1,-1,2,0,2,0,2,0,0,0,0,2,2,2,2,0,0,2,2
85,9702.980,6716.408,-357.172,-79.217,0.187744,0.980767,-0.053371,-0.982145,0.186789,-0.022400,-0.012000,0.056623,0.998323,0,0.93545,0.12046,56.127,0.241,-1,400.000,-1,400.000,-1,325.000,325.000,300.000,300.000,-1,-1,-1,-1,775.000,775.000,-1,-1,2,0,2,0,2,0,0,0,0,2,2,2,2,0,0,2,2
86,9713.713,6661.317,-357.795,-78.976,0.191872,0.979950,-0.053695,-0.981348,0.190907,-0.022608,-0.011904,0.057032,0.998301,0,0.93545,0.12046,56.127,0.241,-1,400.000,-1,400.000,-1,325.000,325.000,300.000,300.000,-1,-1,-1,-1,775.000,775.000,-1,-1,2,0,2,0,2,0,0,0,0,2,2,2,2,0,0,2,2
87,9724.677,6606.271,-358.398,-78.735,0.195997,0.979116,-0.054009,-0.980533,0.195021,-0.022831,-0.011821,0.057433,0.998279,0,0.93545,0.12046,56.127,0.241,-1,400.000,-1,400.000,-1,325.000,325.000,300.000,300.000,-1,-1,-1,-1,775.000,775.000,-1,-1,2,0,2,0,2,0,0,0,0,2,2,2,2,0,0,2,2
88,9735.873,6551.272,-359.012,-78.494,0.200125,0.978258,-0.054419,-0.979699,0.199130,-0.023173,-0.011833,0.057952,0.998249,0,0.93545,0.12046,56.127,0.241,-1,400.000,-1,400.000,-1,325.000,325.000,300.000,300.000,-1,-1,-1,-1,775.000,775.000,-1,-1,2,0,2,0,2,0,0,0,0,2,2,2,2,0,0,2,2
89,9747.300,6496.320,-359.649,-78.253,0.204244,0.977386,-0.054780,-0.978849,0.203236,-0.023431,-0.011768,0.058407,0.998223,0,0.93545,0.12046,56.127,0.241,-1,400.000,-1,400.000,-1,325.000,325.000,300.000,300.000,-1,-1,-1,-1,750.000,775.000,-1,-1,2,0,2,0,2,0,0,0,0,2,2,2,2,0,0,2,2
90,9758.958,6441.417,-360.381,-78.012,0.208360,0.976520,-0.054724,-0.977981,0.207344,-0.023697,-0.011794,0.058456,0.998220,0,0.93545,0.12046,56.127,0.241,-1,400.000,-1,400.000,-1,325.000,325.000,300.000,300.000,-1,-1,-1,-1,750.000,775.000,-1,-1,2,0,2,0,2,0,0,0,0,2,2,2,2,0,0,2,2
91,9770.859,6386.477,-361.109,-77.777,0.212379,0.975657,-0.054671,-0.977116,0.211353,-0.023970,-0.011831,0.058511,0.998217,0,0.93691,0.11769,56.215,0.235,-1,400.000,-1,400.000,-1,325.000,325.000,300.000,300.000,-1,-1,-1,-1,750.000,750.000,-1,-1,2,0,2,0,2,0,0,0,0,2,2,2,2,0,0,2,2
92,9783.003,6331.472,-361.832,-77.550,0.216255,0.974807,-0.054635,-0.976265,0.215220,-0.024244,-0.011875,0.058581,0.998212,0,0.93882,0.11361,56.329,0.227,-1,400.000,-1,400.000,-1,325.000,325.000,300.000,300.000,-1,-1,-1,-1,750.000,750.000,-1,-1,2,0,2,0,2,0,0,0,0,2,2,2,2,0,0,2,2
93,9795.379,6276.418,-362.550,-77.331,0.219989,0.973972,-0.054615,-0.975429,0.218943,-0.024520,-0.011924,0.058667,0.998206,0,0.94047,0.10950,56.428,0.219,-1,400.000,-1,400.000,-1,325.000,325.000,300.000,300.000,-1,-1,-1,-1,750.000,750.000,-1,-1,2,0,2,0,2,0,0,0,0,2,2,2,2,0,0,2,2
94,9807.976,6221.328,-363.263,-77.120,0.223579,0.973155,-0.054611,-0.974612,0.222522,-0.024798,-0.011980,0.058769,0.998200,0,0.94186,0.10536,56.512,0.211,-1,400.000,-1,400.000,-1,325.000,325.000,300.000,300.000,-1,-1,-1,-1,725.000,750.000,-1,-1,2,0,2,0,2,0,0,0,0,2,2,2,2,0,0,2,2
95,9820.783,6166.218,-363.973,-76.918,0.227026,0.972356,-0.054626,-0.973814,0.225957,-0.025079,-0.012042,0.058889,0.998192,0,0.94299,0.10121,56.579,0.202,-1,400.000,-1,400.000,-1,325.000,325.000,300.000,300.000,-1,-1,-1,-1,725.000,750.000,-1,-1,2,0,2,0,2,0,0,0,0,2,2,2,2,0,0,2,2
96,9833.788,6111.100,-364.626,-76.724,0.230331,0.971579,-0.054598,-0.973036,0.229250,-0.025390,-0.012152,0.058974,0.998186,0,0.94386,0.09708,56.632,0.194,-1,400.000,-1,400.000,-1,325.000,325.000,300.000,300.000,-1,-1,-1,-1,725.000,750.000,-1,-1,2,0,2,0,2,0,0,0,0,2,2,2,2,0,0,2,2
97,9846.981,6055.988,-365.221,-76.538,0.233490,0.970815,-0.054768,-0.972283,0.232398,-0.025618,-0.012143,0.059232,0.998170,0,0.94447,0.09298,56.668,0.186,-1,400.000,-1,400.000,-1,325.000,325.000,300.000,300.000,-1,-1,-1,-1,725.000,750.000,-1,-1,2,0,2,0,2,0,0,0,0,2,2,2,2,0,0,2,2
98,9860.350,6000.897,-365.798,-76.360,0.236510,0.970072,-0.054977,-0.971553,0.235407,-0.025841,-0.012126,0.059524,0.998153,0,0.94484,0.08893,56.690,0.178,-1,400.000,-1,400.000,-1,325.000,325.000,300.000,300.000,-1,-1,-1,-1,725.000,750.000,-1,-1,2,0,2,0,2,0,0,0,0,2,2,2,2,0,0,2,2
99,9873.885,5945.838,-366.373,-76.189,0.239399,0.969345,-0.055297,-0.970847,0.238287,-0.025991,-0.012018,0.059907,0.998132,0,0.94497,0.08525,56.698,0.170,-1,400.000,-1,400.000,-1,325.000,325.000,300.000,300.000,-1,-1,-1,-1,700.000,725.000,-1,-1,2,0,2,0,2,0,0,0,0,2,2,2,2,0,0,2,2
100,9887.577,5890.825,-366.854,-76.025,0.242165,0.968649,-0.055460,-0.970166,0.241070,-0.025755,-0.011578,0.060042,0.998129,0,0.94486,0.08235,56.692,0.165,-1,400.000,-1,400.000,-1,325.000,325.000,300.000,300.000,-1,-1,-1,-1,700.000,725.000,-1,-1,2,0,2,0,2,0,0,0,0,2,2,2,2,0,0,2,2
101,9901.417,5835.868,-367.346,-75.865,0.244835,0.967970,-0.055596,-0.969502,0.243763,-0.025405,-0.011039,0.060121,0.998130,0,0.94454,0.07971,56.673,0.159,-1,375.000,-1,400.000,-1,325.000,325.000,300.000,300.000,-1,-1,-1,-1,700.000,725.000,-1,-1,2,0,2,0,2,0,0,0,0,2,2,2,2,0,0,2,2
102,9915.397,5780.979,-367.806,-75.710,0.247402,0.967296,-0.055951,-0.968860,0.246372,-0.024708,-0.010115,0.060321,0.998128,0,0.94402,0.07734,56.641,0.155,-1,375.000,-1,400.000,-1,325.000,325.000,300.000,300.000,-1,-1,-1,-1,700.000,725.000,-1,-1,2,0,2,0,2,0,0,0,0,2,2,2,2,0,0,2,2
103,9929.512,5726.169,-368.237,-75.560,0.249892,0.966628,-0.056433,-0.968231,0.248908,-0.023961,-0.009114,0.060627,0.998119,0,0.94332,0.07525,56.599,0.151,-1,375.000,-1,400.000,-1,325.000,325.000,300.000,300.000,-1,-1,-1,-1,700.000,725.000,-1,-1,2,0,2,0,2,0,0,0,0,2,2,2,2,0,0,2,2
104,9943.753,5671.444,-368.656,-75.413,0.252319,0.965966,-0.056960,-0.967610,0.251380,-0.023200,-0.008092,0.060968,0.998107,0,0.94245,0.07345,56.547,0.147,-1,375.000,-1,400.000,-1,325.000,325.000,300.000,300.000,-1,-1,-1,-1,700.000,725.000,-1,-1,2,0,2,0,2,0,0,0,0,2,2,2,2,0,0,2,2
105,9958.770,5613.354,-369.110,-75.506,0.250700,0.966354,-0.057525,-0.968038,0.249805,-0.022375,-0.007252,0.061296,0.998093,0,1.00000,-0.04655,60.000,-0.093,-1,375.000,-1,400.000,-1,325.000,325.000,300.000,300.000,-1,-1,-1,-1,700.000,725.000,-1,-1,2,0,2,0,2,0,0,0,0,2,2,2,2,0,0,2,2
106,9973.449,5555.177,-369.589,-75.839,0.245035,0.967773,-0.058076,-0.969491,0.244179,-0.021524,-0.006649,0.061578,0.998080,0,1.00000,-0.16655,60.000,-0.333,-1,375.000,-1,400.000,-1,325.000,325.000,300.000,300.000,-1,-1,-1,-1,700.000,725.000,-1,-1,2,0,2,0,2,0,0,0,0,2,2,2,2,0,0,2,2
107,9987.545,5496.856,-370.078,-76.412,0.235313,0.970146,-0.058691,-0.971899,0.234481,-0.020777,-0.006394,0.061931,0.998060,0,1.00000,-0.28655,60.000,-0.573,-1,375.000,-1,400.000,-1,325.000,325.000,300.000,300.000,-1,-1,-1,-1,675.000,700.000,-1,975.000,2,0,2,0,2,0,0,0,0,2,2,2,2,0,0,2,1
108,10000.812,5438.344,-370.573,-77.225,0.221510,0.973346,-0.059414,-0.975136,0.220684,-0.020211,-0.006560,0.062414,0.998029,0,0.99995,-0.40655,59.997,-0.813,-1,375.000,-1,375.000,975.000,325.000,325.000,300.000,300.000,-1,-1,-1,-1,675.000,700.000,-1,925.000,2,0,2,0,1,0,0,0,0,2,2,2,2,0,0,2,1
109,10013.105,5379.617,-371.123,-78.177,0.205305,0.976850,-0.060119,-0.978674,0.204479,-0.019657,-0.006909,0.062873,0.997998,0,1.00000,-0.47590,60.000,-0.952,-1,375.000,950.000,375.000,925.000,325.000,325.000,300.000,300.000,-1,-1,-1,-1,675.000,700.000,-1,875.000,2,0,1,0,1,0,0,0,0,2,2,2,2,0,0,2,1
110,10024.421,5320.693,-371.731,-79.130,0.189034,0.980086,-0.060813,-0.981944,0.188207,-0.019104,-0.007278,0.063327,0.997966,0,1.00000,-0.47623,60.000,-0.952,-1,375.000,900.000,375.000,850.000,325.000,325.000,300.000,300.000,-1,-1,-1,-1,675.000,700.000,-1,825.000,2,0,1,0,1,0,0,0,0,2,2,2,2,0,0,2,1
111,10034.754,5261.589,-372.211,-80.082,0.172696,0.983095,-0.060827,-0.984946,0.171888,-0.018311,-0.007546,0.063074,0.997980,0,1.00000,-0.47635,60.000,-0.953,-1,375.000,825.000,375.000,800.000,325.000,325.000,300.000,300.000,-1,-1,-1,-1,675.000,700.000,-1,750.000,2,0,1,0,1,0,0,0,0,2,2,2,2,0,1,2,1
112,10044.104,5202.322,-372.500,-81.035,0.156282,0.985880,-0.060140,-0.987685,0.155532,-0.016973,-0.007380,0.062052,0.998046,0,1.00000,-0.47624,60.000,-0.952,-1,375.000,750.000,375.000,750.000,325.000,325.000,300.000,300.000,-1,-1,-1,-1,675.000,650.000,1000.000,700.000,2,0,1,0,1,0,0,0,0,2,2,2,2,0,1,1,1
113,10052.468,5142.907,-372.489,-81.987,0.139805,0.988302,-0.060947,-0.990158,0.139131,-0.015187,-0.006530,0.062470,0.998025,0,1.00000,-0.47588,60.000,-0.952,-1,375.000,700.000,375.000,700.000,325.000,325.000,300.000,300.000,-1,-1,-1,-1,675.000,600.000,875.000,650.000,2,0,1,0,1,0,0,0,0,2,2,2,2,1,1,1,1
114,10059.846,5083.362,-372.523,-82.937,0.123308,0.990446,-0.061745,-0.992352,0.122713,-0.013344,-0.005640,0.062918,0.998003,0,1.00000,-0.47527,60.000,-0.951,-1,375.000,625.000,375.000,650.000,325.000,325.000,300.000,300.000,-1,925.000,850.000,-1,625.000,550.000,775.000,600.000,2,0,1,0,1,0,0,0,0,2,0,0,2,1,1,1,1
115,10066.237,5023.703,-372.621,-83.886,0.106806,0.992317,-0.062447,-0.994268,0.106293,-0.011491,-0.004766,0.063316,0.997982,0,1.00000,-0.47440,60.000,-0.949,-1,375.000,575.000,375.000,600.000,325.000,325.000,300.000,300.000,-1,850.000,800.000,-1,550.000,500.000,700.000,550.000,2,0,1,0,1,0,0,0,0,2,0,0,2,1,1,1,1
116,10071.642,4963.947,-372.784,-84.833,0.090315,0.993915,-0.063049,-0.995906,0.089885,-0.009632,-0.003906,0.063661,0.997964,0,1.00000,-0.47324,60.000,-0.946,-1,375.000,525.000,375.000,525.000,325.000,325.000,300.000,300.000,-1,800.000,750.000,-1,500.000,450.000,625.000,500.000,2,0,1,0,1,0,0,0,0,2,0,0,2,1,1,1,1
117,10076.061,4904.109,-373.012,-85.776,0.073850,0.995243,-0.063548,-0.997265,0.073504,-0.007767,-0.003059,0.063948,0.997949,0,1.00000,-0.47178,60.000,-0.944,-1,375.000,450.000,375.000,475.000,325.000,325.000,300.000,300.000,-1,750.000,700.000,-1,450.000,400.000,550.000,450.000,2,0,1,1,1,0,0,0,0,2,0,0,2,1,1,1,1
118,10079.499,4844.208,-373.306,-86.716,0.057426,0.996300,-0.063939,-0.998347,0.057166,-0.005899,-0.002222,0.064172,0.997936,0,1.00000,-0.47000,60.000,-0.940,-1,350.000,400.000,325.000,425.000,300.000,300.000,300.000,300.000,-1,725.000,675.000,-1,375.000,350.000,475.000,375.000,2,1,1,1,1,1,1,0,0,2,0,0,2,1,1,1,1
119,10081.957,4784.258,-373.665,-87.652,0.041062,0.997091,-0.064220,-0.999156,0.040887,-0.004030,-0.001393,0.064331,0.997928,0,1.00000,-0.46787,60.000,-0.936,475.000,300.000,325.000,275.000,350.000,250.000,250.000,300.000,300.000,-1,700.000,650.000,-1,325.000,300.000,400.000,325.000,1,1,1,1,1,1,1,0,0,2,0,0,2,1,1,1,1
120,10083.442,4724.275,-374.091,-88.583,0.024774,0.997618,-0.064386,-0.999693,0.024685,-0.002163,-0.000569,0.064419,0.997923,0,1.00000,-0.46536,60.000,-0.931,375.000,225.000,275.000,225.000,300.000,225.000,200.000,300.000,300.000,-1,675.000,625.000,-1,275.000,250.000,325.000,275.000,1,1,1,1,1,1,1,0,0,2,0,0,2,1,1,1,1
121,10083.958,4664.277,-374.583,-89.507,0.008581,0.997885,-0.064434,-0.999963,0.008580,-0.000301,0.000253,0.064434,0.997922,0,1.00000,-0.46242,60.000,-0.925,300.000,175.000,225.000,175.000,250.000,175.000,175.000,300.000,300.000,-1,675.000,625.000,-1,200.000,200.000,250.000,225.000,1,1,1,1,1,1,1,0,0,2,0,0,2,1,1,1,1
122,10083.512,4604.279,-375.142,-90.425,-0.007495,0.997899,-0.064361,-0.999971,-0.007410,0.001555,0.001074,0.064371,0.997925,0,1.00000,-0.45903,60.000,-0.918,200.000,125.000,150.000,125.000,175.000,125.000,125.000,275.000,300.000,-1,650.000,575.000,-1,150.000,150.000,175.000,150.000,1,1,1,1,1,1,1,0,0,2,0,0,2,1,1,1,1
123,10082.124,4544.290,-355.989,-91.336,-0.027167,0.997608,-0.063566,-0.997842,-0.023261,0.061399,0.059774,0.065097,0.996087,0,1.00000,-0.45512,60.000,-0.910,225.000,125.000,150.000,125.000,175.000,100.000,125.000,350.000,350.000,-1,200.000,175.000,975.000,125.000,150.000,175.000,150.000,1,1,1,1,1,1,1,0,0,2,0,0,0,1,1,1,1
124,-5575.411,-6231.347,-294.024,-55.536,0.565169,0.823586,-0.047852,-0.824803,0.565284,-0.012414,0.016826,0.046484,0.998777,1,0.00000,0.00000,60.000,-0.901,-1,375.000,-1,375.000,-1,325.000,325.000,300.000,300.000,-1,575.000,550.000,-1,700.000,725.000,-1,-1,2,0,2,0,2,0,0,0,0,2,0,0,2,0,0,2,2
125,-5572.711,-6235.316,-293.944,-55.776,0.561712,0.825940,-0.047987,-0.827164,0.561824,-0.012386,0.016730,0.046651,0.998771,0,0.08000,-0.12000,4.800,-0.240,-1,375.000,-1,375.000,-1,325.000,325.000,300.000,300.000,-1,575.000,550.000,-1,700.000,725.000,-1,-1,2,0,2,0,2,0,0,0,0,2,0,0,2,0,0,2,2
126,-5567.378,-6243.299,-293.787,-56.256,0.554767,0.830605,-0.048256,-0.831841,0.554877,-0.012329,0.016536,0.046981,0.998759,0,0.16000,-0.24000,9.600,-0.480,-1,375.000,-1,375.000,-1,325.000,325.000,300.000,300.000,-1,575.000,550.000,-1,700.000,725.000,-1,-1,2,0,2,0,2,0,0,0,0,2,0,0,2,0,0,2,2
127,-5559.530,-6255.372,-293.560,-56.976,0.544278,0.837493,-0.048653,-0.838748,0.544383,-0.012234,0.016240,0.047466,0.998741,0,0.24000,-0.36000,14.400,-0.720,-1,375.000,-1,375.000,-1,325.000,325.000,300.000,300.000,-1,575.000,575.000,-1,700.000,725.000,-1,-1,2,0,2,0,2,0,0,0,0,2,0,0,2,0,0,2,2
128,-5549.337,-6271.644,-293.271,-57.936,0.530160,0.846470,-0.049170,-0.847749,0.530259,-0.012094,0.015836,0.048095,0.998717,0,0.32000,-0.48000,19.200,-0.960,-1,375.000,-1,375.000,-1,325.000,325.000,300.000,300.000,-1,600.000,575.000,-1,700.000,725.000,-1,-1,2,0,2,0,2,0,0,0,0,2,0,0,2,0,0,2,2
129,-5537.024,-6292.245,-292.931,-59.136,0.512306,0.857358,-0.049797,-0.858666,0.512397,-0.011896,0.015317,0.048853,0.998689,0,0.40000,-0.60000,24.000,-1.200,-1,375.000,-1,375.000,-1,325.000,325.000,300.000,300.000,-1,600.000,575.000,-1,700.000,725.000,-1,-1,2,0,2,0,2,0,0,0,0,2,0,0,2,0,0,2,2
130,-5522.860,-6317.321,-292.556,-60.541,0.491103,0.869635,-0.050522,-0.870977,0.491186,-0.011631,0.014701,0.049716,0.998655,0,0.48000,-0.70296,28.800,-1.406,-1,375.000,-1,375.000,-1,325.000,325.000,300.000,300.000,-1,625.000,600.000,-1,700.000,725.000,-1,-1,2,0,2,0,2,0,0,0,0,2,0,0,2,0,0,2,2
131,-5507.045,-6346.968,-292.135,-61.924,0.469962,0.881195,-0.051294,-0.882572,0.470045,-0.011184,0.014255,0.050527,0.998621,0,0.56000,-0.69116,33.600,-1.382,-1,375.000,-1,375.000,-1,325.000,325.000,300.000,300.000,-1,650.000,600.000,-1,725.000,725.000,-1,-1,2,0,2,0,2,0,0,0,0,2,0,0,2,0,0,2,2
132,-5489.778,-6381.267,-291.691,-63.279,0.448968,0.892026,-0.052121,-0.893439,0.449058,-0.010620,0.013932,0.051335,0.998584,0,0.64000,-0.67746,38.400,-1.355,-1,375.000,-1,375.000,-1,325.000,325.000,300.000,300.000,-1,675.000,625.000,-1,725.000,725.000,-1,-1,2,0,2,0,2,0,0,0,0,2,0,0,2,0,0,2,2
133,-5471.249,-6420.292,-291.214,-64.602,0.428213,0.902128,-0.052896,-0.903575,0.428314,-0.009991,0.013643,0.052074,0.998550,0,0.72000,-0.66190,43.200,-1.324,-1,400.000,-1,375.000,-1,325.000,325.000,300.000,300.000,-1,675.000,625.000,-1,725.000,725.000,-1,-1,2,0,2,0,2,0,0,0,0,2,0,0,2,0,0,2,2
134,-5451.642,-6464.105,-290.596,-65.891,0.407809,0.911523,-0.053085,-0.912974,0.407907,-0.009451,0.013039,0.052319,0.998545,0,0.80000,-0.64448,48.000,-1.289,-1,400.000,-1,375.000,-1,325.000,325.000,300.000,300.000,-1,725.000,675.000,-1,725.000,725.000,-1,-1,2,0,2,0,2,0,0,0,0,2,0,0,2,0,0,2,2
