timestep,x_cm,y_cm,z_cm,yaw_deg,basis_xx,basis_xy,basis_xz,basis_yx,basis_yy,basis_yz,basis_zx,basis_zy,basis_zz,teleport_flag,throttle_cmd,steering_cmd,cmd_move_cm,cmd_turn_deg,lidar_cm_0,lidar_cm_1,lidar_cm_2,lidar_cm_3,lidar_cm_4,lidar_cm_5,lidar_cm_6,lidar_cm_7,lidar_cm_8,lidar_cm_9,lidar_cm_10,lidar_cm_11,lidar_cm_12,lidar_cm_13,lidar_cm_14,lidar_cm_15,lidar_cm_16,lidar_class_0,lidar_class_1,lidar_class_2,lidar_class_3,lidar_class_4,lidar_class_5,lidar_class_6,lidar_class_7,lidar_class_8,lidar_class_9,lidar_class_10,lidar_class_11,lidar_class_12,lidar_class_13,lidar_class_14,lidar_class_15,lidar_class_16
0,-5571.564,-4266.415,-175.089,-36.603,0.801702,0.595984,0.045586,-0.596768,0.802400,0.004659,-0.033801,-0.030940,0.998950,1,0.08000,-0.12000,4.800,-0.240,-1,400.000,-1,400.000,-1,325.000,325.000,300.000,300.000,-1,-1,-1,-1,1000.000,750.000,-1,-1,2,0,2,0,2,0,0,0,0,2,2,2,2,0,0,2,2
1,-5563.905,-4272.204,-175.397,-37.083,0.796653,0.602677,0.046085,-0.603475,0.797369,0.004434,-0.034075,-0.031343,0.998928,0,0.16000,-0.24000,9.600,-0.480,-1,400.000,-1,400.000,-1,325.000,325.000,300.000,300.000,-1,-1,-1,-1,1000.000,750.000,-1,-1,2,0,2,0,2,0,0,0,0,2,2,2,2,0,0,2,2
2,-5552.527,-4281.030,-175.841,-37.803,0.788979,0.612639,0.046754,-0.613455,0.789719,0.004071,-0.034429,-0.031894,0.998898,0,0.24000,-0.36000,14.400,-0.720,-1,400.000,-1,400.000,-1,325.000,325.000,300.000,300.000,-1,-1,-1,-1,1000.000,725.000,-1,-1,2,0,2,0,2,0,0,0,0,2,2,2,2,0,0,2,2
3,-5537.556,-4293.051,-176.353,-38.763,0.778571,0.625775,0.047259,-0.626600,0.779333,0.003497,-0.034642,-0.032336,0.998877,0,0.32000,-0.48000,19.200,-0.960,-1,400.000,-1,400.000,-1,325.000,325.000,300.000,300.000,-1,-1,-1,-1,1000.000,725.000,-1,-1,2,0,2,0,2,0,0,0,0,2,2,2,2,0,0,2,2
4,-5519.161,-4308.466,-176.980,-39.963,0.765254,0.641947,0.047847,-0.642783,0.766043,0.002783,-0.034866,-0.032885,0.998851,0,0.40000,-0.60000,24.000,-1.200,-1,400.000,-1,400.000,-1,325.000,325.000,300.000,300.000,-1,-1,-1,-1,975.000,725.000,-1,-1,2,0,2,0,2,0,0,0,0,2,2,2,2,0,0,2,2
5,-5497.558,-4327.513,-177.783,-41.403,0.748839,0.660975,0.048504,-0.661835,0.749646,0.002299,-0.034842,-0.033823,0.998820,0,0.48000,-0.72000,28.800,-1.440,-1,400.000,-1,400.000,1000.000,325.000,325.000,300.000,300.000,-1,-1,-1,-1,975.000,700.000,-1,-1,2,0,2,0,1,0,0,0,0,2,2,2,2,0,0,2,2
6,-5473.017,-4350.464,-178.774,-43.083,0.729099,0.682635,0.049238,-0.683540,0.729910,0.002170,-0.034458,-0.035238,0.998785,0,0.56000,-0.84000,33.600,-1.680,-1,425.000,-1,400.000,975.000,325.000,325.000,300.000,300.000,-1,-1,-1,-1,975.000,700.000,-1,-1,2,0,2,0,1,0,0,0,0,2,2,2,2,0,0,2,2
7,-5445.836,-4377.588,-179.882,-44.941,0.706542,0.705900,0.050034,-0.706857,0.707353,0.002085,-0.033920,-0.036839,0.998745,0,0.64000,-0.92897,38.400,-1.858,-1,425.000,-1,375.000,925.000,325.000,325.000,300.000,300.000,-1,-1,-1,-1,950.000,700.000,-1,-1,2,0,2,0,1,0,0,0,0,2,2,2,2,0,0,2,2
8,-5416.251,-4409.068,-181.107,-46.779,0.683500,0.728173,0.050904,-0.729190,0.684309,0.002077,-0.033321,-0.038538,0.998701,0,0.72000,-0.91884,43.200,-1.838,-1,425.000,-1,375.000,900.000,325.000,325.000,300.000,300.000,-1,-1,-1,-1,925.000,675.000,-1,-1,2,0,2,0,1,0,0,0,0,2,2,2,2,0,0,2,2
9,-5384.834,-4444.706,-182.436,-48.603,0.659939,0.749530,0.051818,-0.750612,0.660740,0.002186,-0.032600,-0.040338,0.998654,0,0.79180,-0.91190,47.508,-1.824,-1,425.000,-1,375.000,850.000,325.000,325.000,300.000,300.000,-1,-1,-1,-1,925.000,675.000,-1,950.000,2,0,2,0,1,0,0,0,0,2,2,2,2,0,0,2,1
10,-5354.345,-4481.574,-183.757,-50.411,0.635922,0.769954,0.052680,-0.771104,0.636705,0.002428,-0.031672,-0.042165,0.998609,0,0.79736,-0.90437,47.841,-1.809,-1,425.000,-1,375.000,800.000,325.000,325.000,300.000,300.000,-1,-1,-1,-1,900.000,650.000,-1,900.000,2,0,2,0,1,0,0,0,0,2,2,2,2,0,0,2,1
11,-5324.827,-4519.633,-185.070,-52.205,0.611469,0.789417,0.054095,-0.790678,0.612224,0.003242,-0.030559,-0.044754,0.998531,0,0.80273,-0.89686,48.164,-1.794,-1,425.000,-1,375.000,775.000,325.000,300.000,325.000,300.000,-1,-1,-1,-1,875.000,650.000,-1,850.000,2,0,2,0,1,0,0,0,0,2,2,2,2,0,0,2,1
12,-5296.320,-4558.841,-186.195,-53.984,0.586609,0.807844,0.057253,-0.809360,0.587283,0.006017,-0.028763,-0.049868,0.998342,0,0.80793,-0.88937,48.476,-1.779,-1,425.000,-1,375.000,725.000,325.000,300.000,325.000,300.000,-1,-1,-1,-1,850.000,650.000,-1,800.000,2,0,2,0,1,0,0,0,0,2,2,2,2,0,0,2,1
13,-5268.863,-4599.156,-187.295,-55.748,0.561426,0.825321,0.060386,-0.827096,0.561992,0.008777,-0.026693,-0.054873,0.998137,0,0.81294,-0.88190,48.776,-1.764,-1,400.000,-1,375.000,700.000,325.000,300.000,325.000,300.000,-1,-1,-1,-1,850.000,650.000,-1,750.000,2,0,2,0,1,0,0,0,1,2,2,2,2,0,0,2,1
14,-5242.495,-4640.534,-188.368,-57.496,0.535962,0.841851,0.063497,-0.843891,0.536391,0.011538,-0.024346,-0.059769,0.997915,0,0.81775,-0.87445,49.065,-1.749,-1,400.000,-1,375.000,650.000,325.000,300.000,325.000,300.000,-1,-1,-1,-1,825.000,650.000,-1,700.000,2,0,2,0,1,0,0,0,1,2,2,2,2,0,1,2,1
15,-5217.249,-4682.930,-189.381,-59.230,0.510253,0.857447,0.066538,-0.859747,0.510523,0.014165,-0.021823,-0.064434,0.997683,0,0.82237,-0.86700,49.342,-1.734,-1,400.000,-1,350.000,625.000,325.000,300.000,325.000,300.000,-1,-1,-1,-1,825.000,625.000,-1,675.000,2,0,2,0,1,0,0,0,1,2,2,2,2,0,1,2,1
16,-5193.157,-4726.296,-190.190,-60.950,0.484318,0.872170,0.068961,-0.874673,0.484455,0.015834,-0.019599,-0.067987,0.997494,0,0.82680,-0.85956,49.608,-1.719,-1,400.000,975.000,350.000,600.000,300.000,300.000,325.000,300.000,-1,-1,-1,-1,800.000,600.000,-1,625.000,2,0,1,0,1,0,0,0,1,2,2,2,2,0,1,2,1
17,-5170.251,-4770.584,-190.852,-62.654,0.458242,0.886023,0.070549,-0.888668,0.458215,0.017522,-0.016801,-0.070724,0.997354,0,0.83101,-0.85211,49.861,-1.704,-1,400.000,925.000,350.000,550.000,300.000,300.000,325.000,300.000,-1,-1,-1,-1,800.000,575.000,-1,575.000,2,0,1,0,1,0,0,0,1,2,2,2,2,0,1,2,1
18,-5148.557,-4815.746,-191.145,-64.343,0.432091,0.899051,0.070741,-0.901735,0.431850,0.019449,-0.013064,-0.072194,0.997305,0,0.83502,-0.84467,50.101,-1.689,-1,400.000,875.000,375.000,525.000,325.000,300.000,325.000,300.000,-1,-1,-1,-1,750.000,525.000,-1,550.000,2,0,1,0,1,0,0,0,1,2,2,2,2,1,1,2,1
19,-5128.099,-4861.731,-191.334,-66.018,0.405815,0.911199,0.070922,-0.913908,0.405357,0.021391,-0.009257,-0.073496,0.997253,0,0.83882,-0.83722,50.329,-1.674,-1,400.000,800.000,375.000,475.000,325.000,300.000,325.000,300.000,-1,675.000,-1,-1,700.000,500.000,950.000,500.000,2,0,1,0,1,0,0,0,1,2,0,2,2,1,1,1,1
20,-5108.901,-4908.489,-191.417,-67.677,0.379448,0.922477,0.071097,-0.925197,0.378766,0.023358,-0.005382,-0.074642,0.997196,0,0.84241,-0.82975,50.545,-1.660,-1,400.000,750.000,375.000,450.000,325.000,300.000,350.000,300.000,-1,575.000,-1,-1,625.000,475.000,850.000,450.000,2,0,1,1,1,0,0,0,1,2,0,2,2,1,1,1,1
21,-5090.980,-4955.968,-191.393,-69.322,0.353019,0.932897,0.071275,-0.935615,0.352110,0.025362,-0.001436,-0.075639,0.997134,0,0.84579,-0.82227,50.747,-1.645,-1,400.000,700.000,350.000,400.000,325.000,300.000,350.000,300.000,-1,525.000,725.000,-1,575.000,450.000,750.000,425.000,2,0,1,1,1,0,0,0,0,2,0,0,2,1,1,1,1
22,-5072.644,-5008.402,-191.307,-70.726,0.330259,0.941178,0.071503,-0.943887,0.329113,0.027595,0.002439,-0.076604,0.997059,0,0.92579,-0.70227,55.547,-1.405,-1,400.000,650.000,325.000,375.000,325.000,300.000,350.000,300.000,-1,500.000,625.000,-1,525.000,400.000,675.000,375.000,2,1,1,1,1,0,1,0,0,2,0,0,2,1,1,1,1
23,-5054.915,-5063.287,-191.428,-72.099,0.307917,0.948640,0.072596,-0.951385,0.306418,0.031232,0.007383,-0.078684,0.996872,0,0.96127,-0.68649,57.676,-1.373,800.000,375.000,600.000,300.000,325.000,300.000,275.000,350.000,300.000,-1,425.000,550.000,-1,475.000,375.000,600.000,325.000,1,1,1,1,1,1,1,0,0,2,0,0,2,1,1,1,1
24,-5039.176,-5115.519,-191.494,-73.232,0.289397,0.954366,0.073720,-0.957135,0.287556,0.034705,0.011923,-0.080604,0.996675,0,0.90918,-0.56649,54.551,-1.133,650.000,325.000,550.000,275.000,275.000,275.000,250.000,350.000,300.000,-1,325.000,450.000,-1,425.000,350.000,525.000,275.000,1,1,1,1,1,1,1,0,0,2,0,0,2,1,1,1,1
25,-5024.068,-5168.640,-191.373,-74.125,0.274760,0.958563,0.075253,-0.961384,0.272600,0.037817,0.015736,-0.082738,0.996447,0,0.92045,-0.44649,55.227,-0.893,550.000,300.000,500.000,250.000,225.000,250.000,225.000,350.000,300.000,-1,275.000,400.000,-1,375.000,300.000,450.000,225.000,1,1,1,1,1,1,1,0,0,2,0,0,2,1,1,1,1
26,-5009.379,-5222.579,-188.201,-74.778,0.264768,0.960481,0.085872,-0.963996,0.261352,0.049056,0.024675,-0.095769,0.995098,0,0.93171,-0.32649,55.903,-0.653,450.000,275.000,450.000,225.000,200.000,225.000,225.000,325.000,325.000,-1,200.000,350.000,-1,350.000,300.000,375.000,200.000,1,1,1,1,1,1,1,0,0,2,0,0,2,1,1,1,1
27,-4994.892,-5277.278,-182.275,-75.191,0.260126,0.959949,0.104082,-0.964700,0.253790,0.070311,0.041080,-0.118698,0.992080,0,0.94305,-0.20649,56.583,-0.413,400.000,250.000,450.000,225.000,200.000,225.000,200.000,300.000,375.000,-1,125.000,300.000,-1,325.000,300.000,325.000,200.000,1,1,1,1,1,1,1,0,0,2,0,0,2,1,1,1,1
28,-4980.396,-5332.685,-175.713,-75.364,0.260063,0.958114,0.119934,-0.963886,0.250213,0.091203,0.057374,-0.139322,0.988584,0,0.95449,-0.08649,57.270,-0.173,325.000,225.000,450.000,225.000,200.000,200.000,200.000,300.000,425.000,850.000,100.000,275.000,-1,300.000,300.000,275.000,200.000,1,1,1,1,1,1,1,0,1,0,0,0,2,1,1,1,1
29,-4965.694,-5388.761,-163.893,-75.297,0.264867,0.957922,0.110597,-0.960137,0.251360,0.122294,0.089348,-0.138580,0.986313,0,0.96609,0.03351,57.966,0.067,325.000,250.000,500.000,250.000,225.000,225.000,225.000,325.000,425.000,700.000,75.000,200.000,-1,325.000,325.000,300.000,225.000,1,1,1,1,1,1,1,0,1,0,0,0,2,1,1,1,1
30,8199.136,-2295.624,96.547,15.024,0.952415,-0.255216,-0.166648,0.278476,0.950864,0.135309,0.123927,-0.175277,0.976688,1,0.00000,0.00000,58.476,0.307,50.000,275.000,-1,-1,-1,325.000,525.000,275.000,125.000,-1,25.000,0.000,-1,350.000,-1,75.000,-1,1,1,2,2,2,1,1,1,1,2,1,1,2,1,2,1,2
31,-4077.659,-9427.922,-172.183,82.722,0.129446,-0.991303,-0.023726,0.987227,0.126598,0.096726,-0.092881,-0.035943,0.995028,1,0.00000,0.00000,4.800,-0.240,-1,-1,-1,350.000,-1,625.000,325.000,200.000,325.000,-1,-1,-1,-1,-1,-1,-1,-1,2,2,2,1,2,1,1,1,0,2,2,2,2,2,2,2,2
32,275.547,8361.146,242.931,126.852,-0.601054,-0.796751,0.062621,0.798982,-0.597172,0.070803,-0.019017,0.092589,0.995523,1,0.08000,-0.12000,4.800,-0.240,-1,325.000,-1,-1,-1,275.000,925.000,350.000,550.000,-1,-1,-1,-1,850.000,-1,-1,-1,2,1,2,2,2,1,1,0,1,2,2,2,2,1,2,2,2
33,269.853,8368.875,242.761,126.372,-0.594351,-0.801640,0.064182,0.803983,-0.590414,0.070874,-0.018922,0.093725,0.995418,0,0.16000,-0.24000,9.600,-0.480,-1,325.000,-1,-1,-1,275.000,975.000,350.000,525.000,-1,-1,-1,-1,900.000,-1,-1,-1,2,1,2,2,2,1,1,0,1,2,2,2,2,1,2,2,2
34,261.457,8380.576,242.503,125.652,-0.584219,-0.808864,0.066544,0.811379,-0.580199,0.070949,-0.018780,0.095442,0.995258,0,0.24000,-0.36000,14.400,-0.720,-1,325.000,-1,-1,-1,275.000,-1,350.000,525.000,-1,-1,-1,-1,925.000,-1,-1,-1,2,1,2,2,2,1,2,0,1,2,2,2,2,1,2,2,2
35,250.527,8396.362,242.156,124.692,-0.570566,-0.818287,0.069725,0.821042,-0.566438,0.070987,-0.018593,0.097750,0.995037,0,0.32000,-0.48000,19.200,-0.960,-1,325.000,-1,-1,-1,275.000,-1,350.000,525.000,-1,-1,-1,-1,950.000,-1,-1,-1,2,1,2,2,2,1,2,0,1,2,2,2,2,1,2,2,2
36,237.279,8416.376,241.716,123.492,-0.553275,-0.829728,0.073744,0.832796,-0.549016,0.070936,-0.018371,0.100660,0.994751,0,0.40000,-0.60000,24.000,-1.200,-1,325.000,-1,-1,-1,275.000,-1,350.000,525.000,-1,-1,-1,-1,1000.000,-1,-1,-1,2,1,2,2,2,1,2,0,1,2,2,2,2,1,2,2,2
37,221.991,8440.785,241.180,122.052,-0.532209,-0.842956,0.078608,0.846419,-0.527800,0.070729,-0.018132,0.104178,0.994393,0,0.48000,-0.72000,28.800,-1.440,-1,325.000,-1,-1,-1,875.000,-1,350.000,500.000,-1,-1,-1,-1,-1,-1,-1,-1,2,1,2,2,2,1,2,0,1,2,2,2,2,2,2,2,2
38,204.976,8469.761,235.198,120.372,-0.509055,-0.855661,0.093314,0.860081,-0.501450,0.093852,-0.033514,0.128033,0.991203,0,0.56000,-0.84000,33.600,-1.680,-1,625.000,-1,-1,-1,900.000,-1,375.000,400.000,-1,-1,25.000,-1,-1,-1,-1,-1,2,1,2,2,2,1,2,0,1,2,2,0,2,2,2,2,2
39,186.452,8503.404,225.456,118.752,-0.488818,-0.864538,0.116756,0.870420,-0.474348,0.131769,-0.058536,0.166038,0.984380,0,0.64000,-0.80977,38.400,-1.620,-1,650.000,-1,-1,-1,875.000,-1,425.000,275.000,-1,-1,0.000,650.000,-1,-1,-1,-1,2,1,2,2,2,1,2,0,1,2,2,1,1,2,2,2,2
40,-8855.090,2951.689,40.061,151.939,-0.882632,-0.469992,0.008322,0.468972,-0.881648,-0.052556,0.032038,-0.042484,0.998583,1,0.00000,0.00000,43.200,-1.647,-1,375.000,-1,350.000,-1,300.000,300.000,300.000,300.000,-1,200.000,250.000,-1,725.000,600.000,-1,-1,2,0,2,0,2,0,0,0,0,2,0,0,2,0,0,2,2
41,-8859.316,2953.964,40.185,151.699,-0.880657,-0.473676,0.008570,0.472625,-0.879663,-0.053092,0.032687,-0.042705,0.998553,0,0.08000,-0.12000,4.800,-0.240,-1,375.000,-1,350.000,-1,300.000,300.000,300.000,300.000,-1,200.000,250.000,-1,725.000,600.000,-1,-1,2,0,2,0,2,0,0,0,0,2,0,0,2,0,0,2,2
42,-8867.730,2958.586,40.437,151.219,-0.876663,-0.481020,0.009055,0.479903,-0.875647,-0.054171,0.033986,-0.043144,0.998491,0,0.16000,-0.24000,9.600,-0.480,-1,375.000,-1,350.000,-1,300.000,300.000,300.000,300.000,-1,200.000,250.000,-1,725.000,600.000,-1,-1,2,0,2,0,2,0,0,0,0,2,0,0,2,0,0,2,2
43,-8880.277,2965.653,40.837,150.612,-0.871530,-0.490244,0.009751,0.489030,-0.870481,-0.055785,0.035836,-0.043850,0.998395,0,0.24000,-0.30317,14.400,-0.606,-1,375.000,-1,350.000,-1,300.000,300.000,300.000,300.000,-1,175.000,250.000,-1,725.000,600.000,-1,-1,2,0,2,0,2,0,0,0,0,2,0,0,2,0,0,2,2
44,-8896.906,2975.251,41.408,150.006,-0.866303,-0.499406,0.010636,0.498062,-0.865205,-0.057920,0.038128,-0.044879,0.998265,0,0.32000,-0.30317,19.200,-0.606,-1,375.000,-1,350.000,-1,300.000,300.000,300.000,300.000,-1,175.000,250.000,-1,750.000,600.000,-1,-1,2,0,2,0,2,0,0,0,0,2,0,0,2,0,0,2,2
45,-8917.565,2987.468,42.164,149.400,-0.860981,-0.508503,0.011692,0.506994,-0.859819,-0.060576,0.040856,-0.046227,0.998095,0,0.40000,-0.30317,24.000,-0.606,-1,375.000,-1,350.000,-1,300.000,300.000,300.000,300.000,-1,175.000,250.000,-1,750.000,625.000,-1,-1,2,0,2,0,2,0,0,0,0,2,0,0,2,0,0,2,2
46,-8942.198,3002.390,43.122,148.793,-0.855566,-0.517533,0.012898,0.515819,-0.854322,-0.063747,0.044010,-0.047887,0.997883,0,0.48000,-0.30317,28.800,-0.606,-1,375.000,-1,350.000,-1,300.000,300.000,300.000,300.000,-1,175.000,250.000,-1,750.000,650.000,-1,-1,2,0,2,0,2,0,0,0,0,2,0,0,2,0,0,2,2
47,-8970.751,3020.102,44.416,148.187,-0.850042,-0.526506,0.014802,0.524527,-0.848736,-0.067225,0.047957,-0.049380,0.997628,0,0.56000,-0.30317,33.600,-0.606,-1,375.000,-1,350.000,-1,300.000,300.000,300.000,300.000,975.000,175.000,250.000,-1,775.000,650.000,-1,-1,2,0,2,0,2,0,0,0,0,0,0,0,2,0,0,2,2
48,-9003.166,3040.690,46.366,147.581,-0.844383,-0.535455,0.017444,0.533210,-0.843112,-0.069639,0.051996,-0.049500,0.997420,0,0.64000,-0.30317,38.400,-0.606,-1,375.000,-1,350.000,-1,300.000,300.000,300.000,300.000,975.000,200.000,250.000,-1,800.000,675.000,-1,-1,2,0,2,0,2,0,0,0,0,0,0,0,2,0,0,2,2
49,-9039.387,3064.235,48.804,146.974,-0.838608,-0.544360,0.020190,0.541866,-0.837418,-0.071505,0.055832,-0.049025,0.997236,0,0.72000,-0.30317,43.200,-0.606,-1,400.000,-1,350.000,-1,300.000,300.000,300.000,300.000,1000.000,200.000,250.000,-1,825.000,700.000,-1,-1,2,0,2,0,2,0,0,0,0,0,0,0,2,0,0,2,2
50,-9079.352,3090.822,51.595,146.368,-0.832726,-0.553204,0.023096,0.550432,-0.831628,-0.073623,0.059936,-0.048595,0.997019,0,0.80000,-0.30317,48.000,-0.606,-1,400.000,-1,375.000,-1,325.000,300.000,300.000,300.000,1000.000,225.000,275.000,-1,850.000,725.000,-1,-1,2,0,2,0,2,0,0,0,0,0,0,0,2,0,0,2,2
51,-9122.419,3120.132,54.468,145.762,-0.826796,-0.561955,0.024804,0.558920,-0.825700,-0.076346,0.063383,-0.049259,0.996773,0,0.86824,-0.30317,52.094,-0.606,-1,400.000,-1,375.000,-1,325.000,300.000,300.000,300.000,1000.000,250.000,300.000,-1,875.000,775.000,-1,-1,2,0,2,0,2,0,0,0,0,0,0,0,2,0,0,2,2
52,-9165.173,3149.897,57.337,145.155,-0.820803,-0.570629,0.025792,0.567346,-0.819661,-0.079213,0.066342,-0.050385,0.996524,0,0.86824,-0.30317,52.094,-0.606,-1,425.000,-1,375.000,-1,325.000,325.000,300.000,300.000,-1,275.000,325.000,-1,900.000,800.000,-1,-1,2,0,2,0,2,0,0,0,0,2,0,0,2,0,0,2,2
53,-9207.610,3180.112,60.291,144.549,-0.814729,-0.579235,0.026505,0.575709,-0.813525,-0.082071,0.069101,-0.051607,0.996274,0,0.86824,-0.30317,52.094,-0.606,-1,425.000,-1,400.000,-1,325.000,325.000,300.000,300.000,-1,300.000,350.000,-1,925.000,825.000,-1,-1,2,0,2,0,2,0,0,0,0,2,0,0,2,0,0,2,2
54,-9249.725,3210.775,63.333,143.943,-0.808578,-0.587771,0.026939,0.584009,-0.807294,-0.084912,0.071657,-0.052926,0.996024,0,0.86824,-0.30317,52.094,-0.606,-1,425.000,-1,400.000,-1,325.000,325.000,300.000,300.000,-1,325.000,375.000,-1,950.000,850.000,-1,-1,2,0,2,0,2,0,0,0,0,2,0,0,2,0,0,2,2
55,-9291.514,3241.880,66.717,143.336,-0.802421,-0.596206,0.025683,0.592284,-0.800927,-0.087841,0.072942,-0.055274,0.995803,0,0.86824,-0.30317,52.094,-0.606,-1,425.000,-1,400.000,-1,325.000,325.000,300.000,300.000,-1,375.000,400.000,-1,950.000,875.000,-1,-1,2,0,2,0,2,0,0,0,0,2,0,0,2,0,0,2,2
56,-9332.970,3273.427,70.190,142.730,-0.796197,-0.604564,0.023911,0.600528,-0.794462,-0.090529,0.073727,-0.057720,0.995607,0,0.86824,-0.30317,52.094,-0.606,-1,425.000,-1,400.000,-1,350.000,325.000,300.000,300.000,-1,400.000,450.000,-1,975.000,900.000,-1,-1,2,0,2,0,2,0,0,0,0,2,0,0,2,0,0,2,2
57,-9374.091,3305.410,73.684,142.124,-0.789890,-0.612855,0.021991,0.608734,-0.787913,-0.092928,0.074278,-0.060016,0.995430,0,0.86824,-0.30317,52.094,-0.606,-1,425.000,-1,425.000,-1,350.000,325.000,300.000,300.000,-1,450.000,500.000,-1,975.000,925.000,-1,-1,2,0,2,0,2,0,0,0,0,2,0,0,2,0,0,2,2
58,-9414.871,3337.826,77.128,141.517,-0.783488,-0.621087,0.019931,0.616939,-0.781294,-0.094694,0.074386,-0.061895,0.995307,0,0.86824,-0.30317,52.094,-0.606,-1,425.000,-1,425.000,-1,350.000,350.000,300.000,300.000,-1,500.000,550.000,-1,975.000,950.000,-1,-1,2,0,2,0,2,0,0,0,0,2,0,0,2,0,0,2,2
59,-9455.305,3370.673,80.315,140.911,-0.776943,-0.629320,0.017769,0.625334,-0.774676,-0.093990,0.072915,-0.061913,0.995415,0,0.86824,-0.30317,52.094,-0.606,-1,425.000,-1,425.000,-1,350.000,350.000,300.000,300.000,-1,550.000,625.000,-1,950.000,950.000,-1,-1,2,0,2,0,2,0,0,0,0,2,0,0,2,0,0,2,2
60,-9495.388,3403.946,83.816,140.304,-0.770271,-0.637527,0.015562,0.633816,-0.768027,-0.091716,0.070424,-0.060783,0.995664,0,0.86824,-0.30317,52.094,-0.606,-1,425.000,-1,425.000,-1,350.000,350.000,300.000,300.000,-1,650.000,700.000,-1,950.000,950.000,-1,-1,2,0,2,0,2,0,0,0,0,2,0,0,2,0,0,2,2
61,-9535.117,3437.641,87.344,139.698,-0.763507,-0.645663,0.013314,0.642229,-0.761289,-0.089335,0.067816,-0.059658,0.995913,0,0.86824,-0.30317,52.094,-0.606,-1,425.000,-1,425.000,-1,350.000,325.000,300.000,300.000,-1,725.000,775.000,-1,925.000,925.000,-1,-1,2,0,2,0,2,0,0,0,0,2,0,0,2,0,0,2,2
62,-9574.487,3471.755,90.898,139.092,-0.756651,-0.653726,0.011025,0.650571,-0.754464,-0.086845,0.065091,-0.058538,0.996161,0,0.86824,-0.30317,52.094,-0.606,-1,425.000,-1,425.000,-1,350.000,325.000,300.000,300.000,-1,825.000,875.000,-1,925.000,925.000,-1,-1,2,0,2,0,2,0,0,0,0,2,0,0,2,0,0,2,2
63,-9613.495,3506.283,94.134,138.485,-0.749752,-0.661663,0.008609,0.658681,-0.747491,-0.085999,0.063337,-0.058807,0.996258,0,0.86824,-0.30317,52.094,-0.606,-1,425.000,-1,425.000,-1,350.000,325.000,300.000,300.000,-1,925.000,975.000,-1,900.000,900.000,-1,-1,2,0,2,0,2,0,0,0,0,2,0,0,2,0,0,2,2
64,-9652.135,3541.222,97.364,137.879,-0.742769,-0.669520,0.006111,0.666711,-0.740430,-0.085207,0.061573,-0.059215,0.996345,0,0.86824,-0.30317,52.094,-0.606,-1,425.000,-1,400.000,-1,325.000,325.000,300.000,300.000,-1,1000.000,-1,-1,875.000,900.000,-1,-1,2,0,2,0,2,0,0,0,0,2,0,2,2,0,0,2,2
65,-9690.403,3576.568,100.599,137.273,-0.735700,-0.677298,0.003534,0.674666,-0.733281,-0.084403,0.059758,-0.059711,0.996425,0,0.86824,-0.30317,52.094,-0.606,-1,425.000,-1,400.000,-1,325.000,325.000,300.000,300.000,-1,-1,-1,-1,875.000,900.000,-1,-1,2,0,2,0,2,0,0,0,0,2,2,2,2,0,0,2,2
66,-9728.295,3612.317,103.756,136.666,-0.728560,-0.684982,0.000451,0.682554,-0.726032,-0.083645,0.057623,-0.060633,0.996495,0,0.86824,-0.30317,52.094,-0.606,-1,425.000,-1,400.000,-1,325.000,325.000,300.000,300.000,-1,-1,-1,-1,850.000,900.000,-1,-1,2,0,2,0,2,0,0,0,0,2,2,2,2,0,0,2,2
67,-9765.807,3648.464,106.858,136.060,-0.721341,-0.692574,-0.003024,0.690374,-0.718687,-0.082902,0.055243,-0.061888,0.996553,0,0.86824,-0.30317,52.094,-0.606,-1,400.000,-1,400.000,-1,325.000,325.000,300.000,300.000,-1,-1,-1,-1,825.000,900.000,-1,-1,2,0,2,0,2,0,0,0,0,2,2,2,2,0,0,2,2
68,-9806.230,3688.501,110.180,135.274,-0.711834,-0.702316,-0.006682,0.700354,-0.709066,-0.082033,0.052875,-0.063074,0.996607,0,0.94824,-0.39303,56.894,-0.786,-1,400.000,-1,400.000,-1,325.000,325.000,300.000,300.000,-1,-1,-1,-1,800.000,875.000,-1,-1,2,0,2,0,2,0,0,0,0,2,2,2,2,0,0,2,2
69,-9847.124,3730.130,113.573,134.488,-0.702177,-0.711930,-0.010129,0.710201,-0.699318,-0.081047,0.050616,-0.064103,0.996659,0,0.97258,-0.39303,58.355,-0.786,-1,400.000,-1,400.000,-1,325.000,325.000,300.000,300.000,-1,-1,-1,-1,800.000,875.000,-1,-1,2,0,2,0,2,0,0,0,0,2,2,2,2,0,0,2,2
70,-9887.442,3772.317,116.959,133.702,-0.692373,-0.721417,-0.013301,0.719906,-0.689448,-0.079982,0.048530,-0.064953,0.996708,0,0.97258,-0.39303,58.355,-0.786,-1,400.000,-1,400.000,-1,325.000,325.000,300.000,300.000,-1,-1,-1,-1,775.000,875.000,-1,-1,2,0,2,0,2,0,0,0,0,2,2,2,2,0,0,2,2
71,-9927.177,3815.053,120.102,132.916,-0.682407,-0.730817,-0.015105,0.729440,-0.679494,-0.078771,0.047303,-0.064772,0.996778,0,0.97258,-0.39303,58.355,-0.786,-1,400.000,-1,425.000,-1,325.000,325.000,300.000,300.000,-1,-1,-1,-1,775.000,875.000,-1,-1,2,0,2,0,2,0,0,0,0,2,2,2,2,0,0,2,2
72,-9966.321,3858.331,122.988,132.130,-0.672286,-0.740130,-0.015472,0.738800,-0.669458,-0.077461,0.046973,-0.063507,0.996875,0,0.97258,-0.39303,58.355,-0.786,-1,400.000,-1,425.000,-1,325.000,325.000,300.000,300.000,-1,-1,-1,-1,800.000,875.000,-1,-1,2,0,2,0,2,0,0,0,0,2,2,2,2,0,0,2,2
73,-10004.868,3902.142,125.587,131.344,-0.661983,-0.749360,-0.015447,0.748117,-0.659344,-0.074751,0.045830,-0.061040,0.997083,0,0.97258,-0.39303,58.355,-0.786,-1,400.000,-1,400.000,-1,325.000,325.000,300.000,300.000,-1,-1,-1,-1,800.000,850.000,-1,-1,2,0,2,0,2,0,0,0,0,2,2,2,2,0,0,2,2
74,-10042.810,3946.478,128.219,130.558,-0.651555,-0.758448,-0.015257,0.757277,-0.649098,-0.072137,0.044809,-0.058555,0.997278,0,0.97258,-0.39303,58.355,-0.786,-1,400.000,-1,400.000,-1,325.000,325.000,300.000,300.000,-1,-1,-1,-1,800.000,825.000,-1,-1,2,0,2,0,2,0,0,0,0,2,2,2,2,0,0,2,2
75,-10080.140,3991.331,130.883,129.772,-0.641005,-0.767392,-0.014904,0.766279,-0.638724,-0.069627,0.043911,-0.056052,0.997462,0,0.97258,-0.39303,58.355,-0.786,-1,400.000,-1,400.000,-1,325.000,325.000,300.000,300.000,-1,-1,-1,-1,800.000,825.000,-1,-1,2,0,2,0,2,0,0,0,0,2,2,2,2,0,0,2,2
76,-10116.851,4036.691,133.550,128.986,-0.630341,-0.776185,-0.014427,0.775114,-0.628219,-0.067366,0.043225,-0.053647,0.997624,0,0.97258,-0.39303,58.355,-0.786,-1,400.000,-1,400.000,-1,325.000,325.000,325.000,300.000,-1,-1,-1,-1,825.000,800.000,-1,-1,2,0,2,0,2,0,0,0,0,2,2,2,2,0,0,2,2
77,-10152.937,4082.550,136.153,128.200,-0.619574,-0.784815,-0.013912,0.783762,-0.617578,-0.065686,0.042960,-0.051602,0.997743,0,0.97258,-0.39303,58.355,-0.786,-1,400.000,-1,400.000,-1,325.000,325.000,325.000,300.000,-1,-1,-1,-1,825.000,800.000,-1,-1,2,0,2,0,2,0,0,0,0,2,2,2,2,0,0,2,2
78,-10188.390,4128.900,138.771,127.414,-0.608712,-0.793278,-0.013414,0.792215,-0.606803,-0.064702,0.043187,-0.050011,0.997814,0,0.97258,-0.39303,58.355,-0.786,-1,400.000,-1,400.000,-1,325.000,325.000,325.000,300.000,-1,-1,-1,-1,850.000,800.000,-1,-1,2,0,2,0,2,0,0,0,0,2,2,2,2,0,0,2,2
79,-10223.244,4175.786,141.389,126.626,-0.597726,-0.801592,-0.013164,0.800534,-0.595890,-0.063727,0.043238,-0.048630,0.997881,0,0.97368,-0.39351,58.421,-0.787,-1,400.000,-1,400.000,-1,325.000,325.000,325.000,300.000,-1,-1,-1,-1,850.000,800.000,-1,-1,2,0,2,0,2,0,0,0,0,2,2,2,2,0,0,2,2
80,-10257.986,4223.912,143.855,125.826,-0.586455,-0.809859,-0.014098,0.808867,-0.584646,-0.062633,0.042481,-0.048135,0.997937,0,0.98927,-0.40028,59.356,-0.801,-1,400.000,-1,400.000,-1,325.000,325.000,300.000,300.000,-1,-1,-1,-1,850.000,775.000,-1,-1,2,0,2,0,2,0,0,0,0,2,2,2,2,0,0,2,2
81,-10292.411,4273.054,146.401,125.012,-0.574872,-0.818107,-0.014920,0.817179,-0.573099,-0.061454,0.041726,-0.047521,0.997998,0,1.00000,-0.40699,60.000,-0.814,-1,400.000,-1,400.000,-1,325.000,325.000,300.000,300.000,-1,-1,-1,-1,850.000,775.000,-1,-1,2,0,2,0,2,0,0,0,0,2,2,2,2,0,0,2,2
82,-10326.122,4322.688,149.000,124.185,-0.562978,-0.826325,-0.015616,0.825455,-0.561247,-0.060207,0.040986,-0.046786,0.998064,0,1.00000,-0.41362,60.000,-0.827,-1,400.000,-1,400.000,-1,325.000,325.000,300.000,300.000,-1,-1,-1,-1,850.000,775.000,-1,-1,2,0,2,0,2,0,0,0,0,2,2,2,2,0,0,2,2
83,-10359.102,4372.811,151.653,123.345,-0.550773,-0.834498,-0.016186,0.833684,-0.549093,-0.058894,0.040259,-0.045931,0.998133,0,1.00000,-0.42007,60.000,-0.840,-1,400.000,-1,400.000,-1,325.000,325.000,300.000,300.000,-1,-1,-1,-1,875.000,750.000,-1,-1,2,0,2,0,2,0,0,0,0,2,2,2,2,0,0,2,2
84,-10391.333,4423.420,154.203,122.492,-0.538248,-0.842636,-0.015904,0.841837,-0.536650,-0.057597,0.039998,-0.044390,0.998213,0,1.00000,-0.42636,60.000,-0.853,-1,400.000,-1,400.000,-1,325.000,325.000,300.000,300.000,-1,-1,-1,-1,875.000,750.000,-1,-1,2,0,2,0,2,0,0,0,0,2,2,2,2,0,0,2,2
85,-10422.795,4474.509,156.647,121.627,-0.525406,-0.850724,-0.014765,0.849901,-0.523920,-0.056352,0.040204,-0.042157,0.998302,0,1.00000,-0.43246,60.000,-0.865,-1,400.000,-1,400.000,-1,325.000,325.000,300.000,300.000,-1,-1,-1,-1,900.000,750.000,-1,950.000,2,0,2,0,2,0,0,0,0,2,2,2,2,0,0,2,1
86,-10453.472,4526.074,158.964,120.750,-0.512293,-0.858681,-0.014906,0.857891,-0.510865,-0.055138,0.039731,-0.041035,0.998367,0,1.00000,-0.43839,60.000,-0.877,-1,400.000,-1,375.000,975.000,325.000,325.000,300.000,300.000,-1,-1,-1,-1,925.000,750.000,-1,900.000,2,0,2,0,1,0,0,0,0,2,2,2,2,0,0,2,1
87,-10483.347,4578.108,161.511,119.862,-0.498913,-0.866517,-0.015293,0.865742,-0.497503,-0.054603,0.039706,-0.040482,0.998391,0,1.00000,-0.44413,60.000,-0.888,-1,400.000,-1,375.000,925.000,325.000,325.000,300.000,300.000,-1,-1,-1,-1,950.000,725.000,-1,850.000,2,0,2,0,1,0,0,0,0,2,2,2,2,0,1,2,1
88,-10512.401,4630.604,164.100,118.962,-0.485236,-0.874244,-0.015618,0.873487,-0.483853,-0.053917,0.039579,-0.039805,0.998423,0,1.00000,-0.44970,60.000,-0.899,-1,400.000,-1,375.000,850.000,325.000,325.000,325.000,325.000,-1,-1,-1,-1,950.000,675.000,-1,775.000,2,0,2,0,1,0,0,0,0,2,2,2,2,0,1,2,1
89,-10540.617,4683.555,166.683,118.052,-0.471282,-0.881836,-0.016078,0.881097,-0.469914,-0.053383,0.039520,-0.039325,0.998445,0,1.00000,-0.45509,60.000,-0.910,-1,425.000,-1,375.000,800.000,325.000,300.000,325.000,300.000,-1,-1,-1,-1,975.000,650.000,-1,725.000,2,0,2,0,1,0,0,0,0,2,2,2,2,1,1,2,1
90,-10567.980,4736.953,169.086,117.132,-0.457099,-0.889248,-0.017288,0.888512,-0.455672,-0.053948,0.040095,-0.040020,0.998394,0,1.00000,-0.46031,60.000,-0.921,-1,425.000,-1,375.000,725.000,325.000,300.000,325.000,300.000,-1,-1,-1,-1,-1,600.000,-1,675.000,2,0,2,0,1,0,0,0,0,2,2,2,2,2,1,2,1
91,-10594.471,4790.788,171.483,116.201,-0.442641,-0.896504,-0.018702,0.895786,-0.441153,-0.054332,0.040458,-0.040803,0.998348,0,1.00000,-0.46537,60.000,-0.931,-1,425.000,-1,375.000,675.000,325.000,300.000,325.000,300.000,-1,-1,-1,-1,-1,550.000,-1,625.000,2,0,2,0,1,0,0,0,0,2,2,2,2,2,1,2,1
92,-10620.312,4844.939,173.856,115.510,-0.431848,-0.901717,-0.020329,0.901039,-0.430294,-0.054556,0.040446,-0.041877,0.998304,0,1.00000,-0.34537,60.000,-0.691,-1,425.000,-1,375.000,625.000,325.000,300.000,325.000,300.000,-1,-1,-1,-1,-1,525.000,-1,550.000,2,0,2,0,1,0,0,0,0,2,2,2,2,2,1,2,1
93,-10645.726,4899.290,176.204,115.059,-0.424788,-0.905023,-0.022106,0.904405,-0.423163,-0.054640,0.040096,-0.043203,0.998261,0,1.00000,-0.22537,60.000,-0.451,-1,425.000,-1,375.000,550.000,325.000,300.000,325.000,300.000,-1,-1,-1,-1,-1,475.000,-1,500.000,2,0,2,0,1,0,0,0,0,2,2,2,2,2,1,2,1
94,-10670.940,4953.735,178.513,114.849,-0.421499,-0.906510,-0.024037,0.905972,-0.419802,-0.054594,0.039399,-0.044789,0.998219,0,1.00000,-0.10537,60.000,-0.211,-1,425.000,-1,350.000,475.000,325.000,300.000,325.000,300.000,-1,-1,-1,-1,-1,425.000,-1,450.000,2,0,2,1,1,0,0,0,0,2,2,2,2,2,1,2,1
95,-10696.182,5008.167,180.771,114.878,-0.422001,-0.906219,-0.026130,0.905784,-0.420229,-0.054430,0.038345,-0.046638,0.998176,0,1.00000,0.01463,60.000,0.029,-1,425.000,-1,325.000,400.000,325.000,300.000,325.000,300.000,-1,-1,-1,-1,-1,400.000,-1,375.000,2,0,2,1,1,0,1,0,0,2,2,2,2,2,1,2,1
96,-10721.680,5062.480,182.900,115.147,-0.426300,-0.904131,-0.028539,0.903820,-0.424435,-0.054448,0.037116,-0.049005,0.998109,0,1.00000,0.13463,60.000,0.269,-1,425.000,-1,275.000,350.000,325.000,275.000,325.000,300.000,-1,-1,-1,-1,-1,350.000,-1,325.000,2,1,2,1,1,1,1,0,0,2,2,2,2,2,1,2,1
97,-10747.660,5116.563,184.882,115.656,-0.434388,-0.900166,-0.031753,0.900017,-0.432378,-0.054937,0.035723,-0.052442,0.997985,0,1.00000,0.25463,60.000,0.509,-1,400.000,-1,250.000,275.000,300.000,250.000,300.000,300.000,-1,-1,-1,-1,-1,325.000,-1,275.000,2,1,2,1,1,1,1,0,0,2,2,2,2,2,1,2,1
98,-10774.346,5170.301,186.961,116.406,-0.446177,-0.894220,-0.036024,0.894323,-0.444006,-0.055178,0.033347,-0.056836,0.997826,0,1.00000,0.37463,60.000,0.749,-1,400.000,-1,225.000,225.000,300.000,225.000,300.000,300.000,-1,-1,-1,-1,-1,275.000,-1,200.000,2,1,2,1,1,1,1,0,0,2,2,2,2,2,1,2,1
99,-10801.969,5223.566,194.296,117.395,-0.462992,-0.884905,-0.050801,0.885144,-0.458593,-0.078816,0.046447,-0.081458,0.995594,0,1.00000,0.49463,60.000,0.989,-1,425.000,-1,225.000,200.000,300.000,225.000,300.000,375.000,-1,-1,-1,-1,-1,300.000,-1,175.000,2,1,2,1,1,1,1,0,0,2,2,2,2,2,1,2,1
100,-10830.738,5276.221,202.752,118.624,-0.484255,-0.872358,-0.066998,0.872677,-0.476104,-0.108446,0.062706,-0.110983,0.991842,0,1.00000,0.61463,60.000,1.229,-1,575.000,-1,250.000,175.000,325.000,250.000,275.000,425.000,-1,225.000,650.000,-1,-1,325.000,-1,175.000,2,1,2,1,1,1,1,0,1,2,0,0,2,2,1,2,1
101,-10860.859,5328.114,211.852,120.093,-0.509874,-0.856227,-0.083092,0.856464,-0.496207,-0.142292,0.080603,-0.143716,0.986331,0,1.00000,0.73463,60.000,1.469,-1,725.000,-1,275.000,175.000,400.000,300.000,250.000,500.000,550.000,50.000,425.000,-1,-1,425.000,-1,150.000,2,0,2,1,1,1,1,0,1,0,0,0,2,2,1,2,1
102,-10892.315,5379.207,218.371,121.583,-0.534726,-0.839807,-0.093771,0.840071,-0.516309,-0.166447,0.091369,-0.167778,0.981582,0,1.00000,0.74476,60.000,1.490,-1,825.000,-1,325.000,150.000,475.000,350.000,250.000,600.000,400.000,0.000,350.000,-1,-1,575.000,-1,175.000,2,0,2,1,1,1,1,0,1,0,0,0,2,2,1,2,1
103,-10925.011,5429.513,222.656,122.992,-0.557052,-0.824374,-0.100501,0.824876,-0.535196,-0.182058,0.096296,-0.184317,0.978138,0,1.00000,0.70462,60.000,1.409,-1,875.000,-1,375.000,150.000,700.000,400.000,250.000,600.000,350.000,0.000,350.000,-1,-1,-1,-1,200.000,2,0,2,1,1,0,1,0,1,0,0,0,2,2,2,2,1
104,-10958.853,5479.055,225.854,124.313,-0.577152,-0.809974,-0.104107,0.810633,-0.552804,-0.193085,0.098843,-0.195832,0.975643,0,1.00000,0.66056,60.000,1.321,-1,950.000,-1,450.000,150.000,775.000,850.000,225.000,475.000,300.000,0.000,300.000,-1,-1,-1,-1,300.000,2,0,2,1,1,0,0,0,1,0,0,0,2,2,2,2,1
105,-10993.741,5527.864,227.575,125.538,-0.594941,-0.796579,-0.107274,0.797796,-0.568995,-0.199413,0.097810,-0.204222,0.974026,0,1.00000,0.61240,60.000,1.225,-1,975.000,-1,-1,150.000,825.000,925.000,225.000,350.000,275.000,0.000,300.000,-1,-1,-1,-1,-1,2,0,2,2,1,0,0,0,1,0,0,0,2,2,2,2,2
106,-9511.022,4263.560,155.187,124.742,-0.570761,-0.821112,-0.002485,0.819514,-0.569456,-0.064170,0.051276,-0.038662,0.997936,1,0.00000,0.00000,60.000,1.120,-1,425.000,-1,425.000,-1,325.000,325.000,325.000,300.000,-1,-1,-1,-1,850.000,800.000,-1,-1,2,0,2,0,2,0,0,0,0,2,2,2,2,0,0,2,2
107,-9513.741,4267.515,155.423,124.502,-0.567321,-0.823492,-0.002797,0.821907,-0.566012,-0.064028,0.051143,-0.038623,0.997944,0,0.08000,-0.12000,4.800,-0.240,-1,425.000,-1,425.000,-1,325.000,325.000,325.000,300.000,-1,-1,-1,-1,850.000,800.000,-1,-1,2,0,2,0,2,0,0,0,0,2,2,2,2,0,0,2,2
108,-9519.113,4275.472,155.897,124.022,-0.560412,-0.828207,-0.003414,0.826650,-0.559095,-0.063734,0.050876,-0.038539,0.997961,0,0.16000,-0.24000,9.600,-0.480,-1,425.000,-1,425.000,-1,325.000,325.000,325.000,300.000,-1,-1,-1,-1,850.000,800.000,-1,-1,2,0,2,0,2,0,0,0,0,2,2,2,2,0,0,2,2
109,-9527.019,4287.507,156.614,123.302,-0.549972,-0.835172,-0.004321,0.833657,-0.548647,-0.063271,0.050472,-0.038400,0.997987,0,0.24000,-0.36000,14.400,-0.720,-1,425.000,-1,400.000,-1,325.000,325.000,300.000,300.000,-1,-1,-1,-1,825.000,800.000,-1,-1,2,0,2,0,2,0,0,0,0,2,2,2,2,0,0,2,2
110,-9537.290,4303.729,157.581,122.342,-0.535915,-0.844254,-0.005496,0.842794,-0.534581,-0.062615,0.049925,-0.038188,0.998023,0,0.32000,-0.48000,19.200,-0.960,-1,425.000,-1,400.000,-1,325.000,325.000,300.000,300.000,-1,-1,-1,-1,825.000,800.000,-1,-1,2,0,2,0,2,0,0,0,0,2,2,2,2,0,0,2,2
111,-9549.702,4324.270,158.806,121.142,-0.518130,-0.855274,-0.006908,0.853884,-0.516789,-0.061736,0.049231,-0.037886,0.998069,0,0.40000,-0.60000,24.000,-1.200,-1,400.000,-1,400.000,-1,325.000,325.000,300.000,300.000,-1,-1,-1,-1,800.000,775.000,-1,-1,2,0,2,0,2,0,0,0,0,2,2,2,2,0,0,2,2
112,-9563.972,4349.286,160.299,119.702,-0.496483,-0.868005,-0.008513,0.866697,-0.495141,-0.060596,0.048383,-0.037464,0.998126,0,0.48000,-0.72000,28.800,-1.440,-1,400.000,-1,400.000,-1,325.000,325.000,300.000,300.000,-1,-1,-1,-1,800.000,775.000,-1,-1,2,0,2,0,2,0,0,0,0,2,2,2,2,0,0,2,2
113,-9579.757,4378.948,162.070,118.022,-0.470826,-0.882166,-0.010264,0.880953,-0.469490,-0.059168,0.047378,-0.036900,0.998195,0,0.56000,-0.84000,33.600,-1.680,-1,400.000,-1,400.000,-1,325.000,325.000,300.000,300.000,-1,-1,-1,-1,775.000,750.000,-1,-1,2,0,2,0,2,0,0,0,0,2,2,2,2,0,0,2,2
114,-9596.652,4413.431,164.137,116.102,-0.441002,-0.897424,-0.012105,0.896315,-0.439682,-0.057439,0.046225,-0.036181,0.998276,0,0.64000,-0.96000,38.400,-1.920,-1,400.000,-1,400.000,-1,325.000,325.000,300.000,300.000,-1,-1,-1,-1,775.000,750.000,-1,-1,2,0,2,0,2,0,0,0,0,2,2,2,2,0,0,2,2
115,-9614.293,4452.865,166.514,114.102,-0.409405,-0.912245,-0.013991,0.911252,-0.408110,-0.055377,0.044807,-0.035421,0.998368,0,0.72000,-0.99987,43.200,-2.000,-1,400.000,-1,400.000,-1,325.000,325.000,300.000,300.000,-1,-1,-1,-1,750.000,725.000,-1,-1,2,0,2,0,2,0,0,0,0,2,2,2,2,0,0,2,2
116,-9632.355,4497.337,168.924,112.105,-0.377304,-0.925974,-0.014607,0.925048,-0.376085,-0.053351,0.043908,-0.033642,0.998469,0,0.80000,-0.99884,48.000,-1.998,-1,400.000,-1,375.000,-1,325.000,325.000,300.000,300.000,-1,-1,-1,-1,725.000,725.000,-1,-1,2,0,2,0,2,0,0,0,0,2,2,2,2,0,0,2,2
117,-9650.509,4546.919,171.644,110.110,-0.344795,-0.938558,-0.015009,0.937684,-0.343651,-0.051505,0.043183,-0.031833,0.998560,0,0.88000,-0.99724,52.800,-1.994,-1,375.000,-1,375.000,-1,325.000,325.000,300.000,300.000,-1,-1,-1,-1,725.000,725.000,-1,-1,2,0,2,0,2,0,0,0,0,2,2,2,2,0,0,2,2
118,-9668.422,4601.662,174.771,108.120,-0.311960,-0.949969,-0.015493,0.949131,-0.310867,-0.050126,0.042802,-0.030342,0.998623,0,0.96000,-0.99498,57.600,-1.990,-1,375.000,-1,375.000,-1,300.000,300.000,300.000,300.000,-1,-1,-1,-1,700.000,700.000,-1,-1,2,0,2,0,2,0,0,0,0,2,2,2,2,0,0,2,2
119,-9683.303,4652.322,177.610,106.370,-0.282775,-0.959056,-0.015839,0.958238,-0.281723,-0.049104,0.042631,-0.029063,0.998668,0,0.88000,-0.87498,52.800,-1.750,-1,375.000,-1,375.000,-1,300.000,300.000,300.000,300.000,-1,-1,-1,-1,700.000,700.000,-1,-1,2,0,2,0,2,0,0,0,0,2,2,2,2,0,0,2,2
120,-9696.152,4700.747,180.116,104.860,-0.257433,-0.966158,-0.016349,0.965291,-0.256357,-0.049937,0.044056,-0.028637,0.998619,0,0.83501,-0.75498,50.100,-1.510,-1,375.000,-1,375.000,-1,300.000,300.000,300.000,300.000,-1,-1,-1,-1,675.000,725.000,1000.000,-1,2,0,2,0,2,0,0,0,0,2,2,2,2,0,0,1,2
121,-9707.998,4749.753,182.824,103.590,-0.235960,-0.971632,-0.015946,0.970674,-0.234888,-0.051181,0.045984,-0.027555,0.998562,0,0.84030,-0.63498,50.418,-1.270,-1,375.000,-1,375.000,-1,300.000,300.000,300.000,300.000,-1,-1,-1,-1,675.000,725.000,950.000,-1,2,0,2,0,2,0,0,0,0,2,2,2,2,1,0,1,2
122,-9719.029,4799.264,185.553,102.560,-0.218459,-0.975723,-0.015485,0.974672,-0.217391,-0.052489,0.047848,-0.026560,0.998501,0,0.84540,-0.51498,50.724,-1.030,975.000,375.000,-1,375.000,-1,300.000,300.000,300.000,300.000,-1,-1,-1,-1,675.000,725.000,900.000,-1,1,0,2,0,2,0,0,0,0,2,2,2,2,1,0,1,2
123,-9729.436,4849.211,188.300,101.770,-0.204986,-0.978650,-0.014967,0.977504,-0.203922,-0.053860,0.049658,-0.025671,0.998436,0,0.85033,-0.39498,51.020,-0.790,900.000,375.000,-1,375.000,-1,300.000,300.000,300.000,300.000,-1,-1,-1,-1,675.000,750.000,850.000,-1,1,0,2,0,2,0,0,0,0,2,2,2,2,1,0,1,2
124,-9739.419,4899.537,191.062,101.220,-0.195583,-0.980582,-0.014392,0.979338,-0.194523,-0.055294,0.051421,-0.024909,0.998366,0,0.85511,-0.27498,51.307,-0.550,850.000,375.000,-1,375.000,-1,300.000,300.000,325.000,300.000,-1,-1,-1,-1,675.000,750.000,825.000,-1,1,0,2,0,2,0,0,0,0,2,2,2,2,1,0,1,2
125,-9749.183,4950.191,193.836,100.910,-0.190275,-0.981635,-0.013754,0.980292,-0.189219,-0.056787,0.053142,-0.024288,0.998292,0,0.85978,-0.15498,51.587,-0.310,800.000,375.000,-1,375.000,-1,300.000,325.000,325.000,300.000,-1,-1,-1,-1,675.000,775.000,775.000,-1,1,0,2,0,2,0,0,0,0,2,2,2,2,1,0,1,2
126,-9758.937,5001.128,196.621,100.841,-0.189076,-0.981876,-0.013049,0.980431,-0.188022,-0.058337,0.054827,-0.023824,0.998212,0,0.86437,-0.03498,51.862,-0.070,750.000,375.000,-1,400.000,-1,300.000,325.000,325.000,300.000,-1,-1,-1,-1,675.000,775.000,750.000,-1,1,0,2,0,2,0,0,0,0,2,2,2,2,1,0,1,2
127,-9768.894,5052.305,199.415,101.011,-0.191989,-0.981320,-0.012267,0.979770,-0.190937,-0.059942,0.056480,-0.023527,0.998126,0,0.86893,0.08502,52.136,0.170,700.000,375.000,-1,400.000,-1,325.000,325.000,325.000,300.000,-1,-1,-1,-1,650.000,775.000,700.000,-1,1,0,2,0,2,0,0,0,0,2,2,2,2,1,0,1,2
128,-9779.272,5103.677,202.216,101.421,-0.199009,-0.979931,-0.011397,0.978274,-0.197955,-0.061599,0.058107,-0.023408,0.998036,0,0.87349,0.20502,52.410,0.410,650.000,375.000,-1,400.000,-1,325.000,325.000,325.000,300.000,-1,-1,-1,-1,650.000,800.000,675.000,-1,1,0,2,0,2,0,0,0,0,2,2,2,2,1,0,1,2
129,-9790.290,5155.199,205.021,102.071,-0.210115,-0.977621,-0.010421,0.975852,-0.209060,-0.063306,0.059711,-0.023471,0.997940,0,0.87811,0.32502,52.687,0.650,625.000,400.000,-1,400.000,-1,325.000,325.000,325.000,300.000,-1,550.000,525.000,-1,625.000,800.000,625.000,-1,1,0,2,0,2,0,0,0,0,2,0,0,2,1,1,1,2
130,-9802.170,5206.820,207.935,102.961,-0.225298,-0.974241,-0.009787,0.972383,-0.224217,-0.064792,0.060929,-0.024114,0.997851,0,0.88284,0.44502,52.970,0.890,575.000,400.000,-1,400.000,-1,325.000,325.000,300.000,325.000,-1,525.000,500.000,-1,600.000,775.000,600.000,-1,1,0,2,0,2,0,0,0,0,2,0,0,2,1,1,1,2
131,-9815.138,5258.481,210.813,104.091,-0.244476,-0.969613,-0.009093,0.967715,-0.243383,-0.065515,0.061311,-0.024817,0.997810,0,0.88772,0.56502,53.263,1.130,525.000,400.000,1000.000,400.000,-1,325.000,325.000,300.000,325.000,-1,525.000,500.000,-1,575.000,750.000,550.000,-1,1,1,1,0,2,0,0,0,0,2,0,0,2,1,1,1,2
132,-9829.418,5310.110,213.724,105.461,-0.267598,-0.963494,-0.008433,0.961582,-0.266490,-0.065905,0.061252,-0.025745,0.997790,0,0.89280,0.68502,53.568,1.370,475.000,375.000,950.000,400.000,-1,325.000,325.000,300.000,325.000,-1,525.000,500.000,-1,550.000,725.000,500.000,-1,1,1,1,0,2,0,0,0,0,2,0,0,2,1,1,1,2
133,-9845.237,5361.624,216.819,107.071,-0.294534,-0.955613,-0.007367,0.953737,-0.293452,-0.065356,0.060293,-0.026276,0.997835,0,0.89814,0.80502,53.888,1.610,450.000,375.000,875.000,400.000,-1,325.000,325.000,325.000,325.000,-1,575.000,550.000,-1,500.000,675.000,450.000,-1,1,1,1,0,2,0,0,0,0,2,0,0,2,1,1,1,2
134,-9862.821,5412.921,220.191,108.921,-0.325151,-0.945649,-0.004999,0.943749,-0.324153,-0.065294,0.060125,-0.025948,0.997854,0,0.90377,0.92502,54.226,1.850,400.000,350.000,825.000,400.000,-1,325.000,325.000,325.000,300.000,-1,625.000,575.000,-1,475.000,625.000,400.000,925.000,1,1,1,0,2,0,0,0,0,2,0,0,2,1,1,1,1
