timestep,x_cm,y_cm,z_cm,yaw_deg,basis_xx,basis_xy,basis_xz,basis_yx,basis_yy,basis_yz,basis_zx,basis_zy,basis_zz,teleport_flag,throttle_cmd,steering_cmd,cmd_move_cm,cmd_turn_deg,lidar_cm_0,lidar_cm_1,lidar_cm_2,lidar_cm_3,lidar_cm_4,lidar_cm_5,lidar_cm_6,lidar_cm_7,lidar_cm_8,lidar_cm_9,lidar_cm_10,lidar_cm_11,lidar_cm_12,lidar_cm_13,lidar_cm_14,lidar_cm_15,lidar_cm_16,lidar_class_0,lidar_class_1,lidar_class_2,lidar_class_3,lidar_class_4,lidar_class_5,lidar_class_6,lidar_class_7,lidar_class_8,lidar_class_9,lidar_class_10,lidar_class_11,lidar_class_12,lidar_class_13,lidar_class_14,lidar_class_15,lidar_class_16
0,4916.491,-4259.813,0.095,-51.295,0.625329,0.780279,0.011304,-0.780360,0.625234,0.011013,0.001525,-0.015708,0.999875,1,-0.08000,0.12000,-4.800,0.240,-1,400.000,925.000,400.000,825.000,325.000,325.000,300.000,300.000,600.000,500.000,600.000,-1,800.000,550.000,-1,625.000,2,0,1,0,1,0,0,0,0,1,1,1,2,0,1,2,1
1,4910.426,-4252.372,0.092,-50.815,0.631844,0.775015,0.011149,-0.775094,0.631750,0.011020,0.001497,-0.015604,0.999877,0,-0.16000,0.24000,-9.600,0.480,-1,400.000,950.000,400.000,825.000,325.000,325.000,300.000,300.000,575.000,500.000,600.000,-1,800.000,550.000,-1,650.000,2,0,1,0,1,0,0,0,0,1,1,1,2,0,1,2,1
2,4901.188,-4241.325,0.065,-50.095,0.641534,0.767016,0.010944,-0.767093,0.641439,0.011161,0.001541,-0.015556,0.999878,0,-0.24000,0.36000,-14.400,0.720,-1,400.000,-1,400.000,825.000,325.000,325.000,300.000,300.000,550.000,500.000,600.000,-1,800.000,575.000,-1,650.000,2,0,2,0,1,0,0,0,0,1,1,1,2,0,1,2,1
3,4888.626,-4226.805,0.024,-49.135,0.654297,0.756163,0.010659,-0.756236,0.654201,0.011303,0.001574,-0.015457,0.999879,0,-0.32000,0.48000,-19.200,0.960,-1,400.000,-1,400.000,825.000,325.000,325.000,300.000,300.000,525.000,475.000,600.000,-1,800.000,575.000,-1,650.000,2,0,2,0,1,0,0,0,0,1,1,1,2,0,1,2,1
4,4873.814,-4210.393,-0.028,-47.935,0.669990,0.742298,0.010317,-0.742368,0.669895,0.011422,0.001568,-0.015311,0.999882,0,-0.36845,0.60000,-22.107,1.200,-1,400.000,-1,400.000,825.000,325.000,325.000,300.000,300.000,500.000,475.000,600.000,-1,825.000,600.000,-1,675.000,2,0,2,0,1,0,0,0,0,1,1,1,2,0,1,2,1
5,4858.624,-4194.388,-0.054,-46.495,0.688435,0.725232,0.009811,-0.725297,0.688340,0.011515,0.001598,-0.015043,0.999886,0,-0.36777,0.72000,-22.066,1.440,-1,400.000,-1,400.000,800.000,325.000,325.000,300.000,300.000,475.000,475.000,600.000,-1,825.000,600.000,-1,700.000,2,0,2,0,1,0,0,0,0,1,1,1,2,0,1,2,1
6,4843.015,-4178.880,-0.068,-44.815,0.709402,0.704744,0.009228,-0.704802,0.709309,0.011578,0.001614,-0.014717,0.999890,0,-0.36671,0.84000,-22.003,1.680,-1,400.000,-1,400.000,800.000,325.000,325.000,300.000,300.000,475.000,450.000,600.000,-1,825.000,625.000,-1,700.000,2,0,2,0,1,0,0,0,0,1,1,1,2,0,1,2,1
7,4826.961,-4163.964,-0.078,-42.895,0.732617,0.680587,0.008624,-0.680639,0.732527,0.011608,0.001583,-0.014374,0.999895,0,-0.36524,0.96000,-21.914,1.920,-1,400.000,-1,400.000,800.000,325.000,325.000,300.000,300.000,450.000,475.000,625.000,-1,825.000,650.000,-1,725.000,2,0,2,0,1,0,0,0,0,1,1,1,2,0,1,2,1
8,4810.483,-4149.694,-0.083,-40.895,0.755924,0.654610,0.008020,-0.654658,0.755836,0.011601,0.001532,-0.014020,0.999901,0,-0.36331,1.00000,-21.798,2.000,-1,400.000,-1,400.000,775.000,325.000,325.000,300.000,300.000,425.000,475.000,650.000,-1,825.000,675.000,-1,750.000,2,0,2,0,1,0,0,0,0,1,1,1,2,0,1,2,1
9,4793.623,-4136.092,-0.081,-38.895,0.778310,0.627836,0.007429,-0.627879,0.778225,0.011556,0.001473,-0.013659,0.999906,0,-0.36104,1.00000,-21.663,2.000,-1,400.000,-1,400.000,775.000,325.000,325.000,300.000,300.000,425.000,475.000,675.000,-1,825.000,700.000,-1,775.000,2,0,2,0,1,0,0,0,0,1,1,1,2,0,1,2,1
10,4776.419,-4123.177,-0.073,-36.895,0.799748,0.600297,0.006855,-0.600335,0.799666,0.011473,0.001406,-0.013291,0.999911,0,-0.35853,1.00000,-21.512,2.000,-1,400.000,-1,400.000,800.000,325.000,325.000,300.000,300.000,400.000,500.000,725.000,-1,825.000,725.000,-1,800.000,2,0,2,0,1,0,0,0,0,1,1,1,2,0,1,2,1
11,4758.911,-4110.965,-0.060,-34.895,0.820211,0.572026,0.006300,-0.572060,0.820133,0.011355,0.001329,-0.012918,0.999916,0,-0.35578,1.00000,-21.347,2.000,-1,400.000,-1,400.000,800.000,325.000,325.000,300.000,300.000,400.000,525.000,775.000,-1,850.000,750.000,-1,825.000,2,0,2,0,1,0,0,0,0,1,1,1,2,0,1,2,1
12,4741.137,-4099.469,-0.042,-32.895,0.839675,0.543058,0.005767,-0.543088,0.839601,0.011203,0.001242,-0.012539,0.999921,0,-0.35280,1.00000,-21.168,2.000,-1,400.000,-1,400.000,800.000,325.000,325.000,300.000,300.000,375.000,550.000,-1,-1,850.000,775.000,-1,850.000,2,0,2,0,1,0,0,0,0,1,1,2,2,0,1,2,1
13,4723.136,-4088.698,-0.020,-30.895,0.858116,0.513428,0.005260,-0.513454,0.858046,0.011019,0.001144,-0.012157,0.999925,0,-0.34961,1.00000,-20.976,2.000,-1,400.000,-1,400.000,825.000,325.000,325.000,300.000,300.000,375.000,575.000,-1,-1,850.000,800.000,-1,900.000,2,0,2,0,1,0,0,0,0,1,1,2,2,0,1,2,1
14,4704.949,-4078.661,0.005,-28.895,0.875512,0.483172,0.004780,-0.483195,0.875446,0.010806,0.001036,-0.011770,0.999930,0,-0.34622,1.00000,-20.773,2.000,-1,400.000,-1,400.000,825.000,325.000,325.000,300.000,300.000,375.000,650.000,-1,-1,850.000,825.000,-1,925.000,2,0,2,0,1,0,0,0,0,1,1,2,2,0,0,2,1
15,4686.613,-4069.360,0.034,-26.895,0.891841,0.452328,0.004329,-0.452347,0.891779,0.010564,0.000918,-0.011380,0.999935,0,-0.34267,1.00000,-20.560,2.000,-1,400.000,-1,400.000,850.000,325.000,325.000,300.000,300.000,375.000,775.000,-1,-1,850.000,825.000,-1,975.000,2,0,2,0,1,0,0,1,0,1,1,2,2,0,0,2,1
16,4668.164,-4060.799,0.065,-24.895,0.907084,0.420931,0.003910,-0.420949,0.907026,0.010297,0.000788,-0.010986,0.999939,0,-0.33897,1.00000,-20.338,2.000,-1,400.000,-1,400.000,875.000,325.000,325.000,300.000,300.000,350.000,1000.000,-1,-1,850.000,825.000,-1,-1,2,0,2,0,1,0,0,1,0,1,0,2,2,0,0,2,2
17,4649.639,-4052.975,0.095,-22.895,0.921222,0.389022,0.003505,-0.389037,0.921168,0.009999,0.000661,-0.010575,0.999944,0,-0.33515,1.00000,-20.109,2.000,-1,400.000,-1,400.000,900.000,325.000,325.000,275.000,300.000,350.000,1000.000,-1,-1,850.000,825.000,-1,-1,2,0,2,0,1,0,0,1,0,1,0,2,2,0,0,2,2
18,4631.072,-4045.887,0.116,-20.895,0.934237,0.356638,0.003091,-0.356651,0.934188,0.009654,0.000555,-0.010121,0.999949,0,-0.33124,1.00000,-19.874,2.000,-1,400.000,-1,400.000,925.000,325.000,325.000,275.000,300.000,350.000,1000.000,-1,-1,850.000,825.000,-1,-1,2,0,2,0,1,0,0,1,0,1,0,2,2,0,0,2,2
19,4616.830,-4040.946,0.133,-19.135,0.944750,0.327779,0.002792,-0.327791,0.944704,0.009358,0.000430,-0.009756,0.999952,0,-0.25124,0.88000,-15.074,1.760,-1,400.000,-1,400.000,950.000,325.000,325.000,275.000,300.000,350.000,1000.000,-1,-1,850.000,825.000,-1,-1,2,0,2,0,1,0,0,1,0,1,0,2,2,0,0,2,2
20,4607.038,-4037.837,0.144,-17.615,0.953112,0.302606,0.002591,-0.302617,0.953069,0.009124,0.000291,-0.009480,0.999955,0,-0.17124,0.76000,-10.274,1.520,-1,400.000,-1,400.000,975.000,325.000,325.000,275.000,300.000,375.000,-1,-1,-1,825.000,825.000,-1,-1,2,0,2,0,1,0,0,1,0,1,2,2,2,0,0,2,2
21,4601.784,-4036.297,0.149,-16.335,0.959634,0.281241,0.002478,-0.281252,0.959592,0.008959,0.000141,-0.009294,0.999957,0,-0.09124,0.64000,-5.474,1.280,-1,400.000,-1,400.000,1000.000,325.000,325.000,275.000,300.000,375.000,-1,-1,-1,825.000,825.000,-1,-1,2,0,2,0,1,0,0,1,0,1,2,2,2,0,0,2,2
22,4601.134,-4036.119,0.146,-15.295,0.964580,0.263778,0.002443,-0.263789,0.964540,0.008869,-0.000017,-0.009200,0.999958,0,-0.01124,0.52000,-0.674,1.040,-1,400.000,-1,400.000,1000.000,325.000,325.000,250.000,300.000,375.000,-1,-1,-1,825.000,825.000,-1,-1,2,0,2,0,1,0,0,1,0,1,2,2,2,0,0,2,2
23,4605.128,-4037.152,0.135,-14.495,0.968169,0.250285,0.002480,-0.250297,0.968129,0.008857,-0.000185,-0.009195,0.999958,0,0.06876,0.40000,4.126,0.800,-1,400.000,-1,400.000,-1,325.000,325.000,250.000,300.000,400.000,-1,-1,-1,825.000,825.000,-1,-1,2,0,2,0,2,0,0,1,0,1,2,2,2,0,0,2,2
24,4613.796,-4039.281,0.114,-13.802,0.971125,0.238556,0.002584,-0.238570,0.971084,0.008911,-0.000383,-0.009270,0.999957,0,0.14876,0.34653,8.926,0.693,-1,400.000,-1,400.000,-1,325.000,325.000,250.000,300.000,400.000,-1,-1,-1,825.000,825.000,-1,-1,2,0,2,0,2,0,0,1,0,1,2,2,2,0,0,2,2
25,4627.164,-4042.394,0.081,-13.109,0.973940,0.226791,0.002751,-0.226807,0.973898,0.009025,-0.000632,-0.009413,0.999955,0,0.22876,0.34656,13.726,0.693,-1,400.000,-1,400.000,-1,325.000,325.000,250.000,300.000,400.000,-1,-1,-1,825.000,825.000,-1,-1,2,0,2,0,2,0,0,1,0,1,2,2,2,0,0,2,2
26,4645.256,-4046.377,0.019,-12.416,0.976612,0.214992,0.002923,-0.215010,0.976569,0.009150,-0.000888,-0.009565,0.999954,0,0.30876,0.34661,18.526,0.693,-1,400.000,-1,400.000,-1,325.000,325.000,275.000,300.000,425.000,-1,-1,-1,825.000,825.000,-1,-1,2,0,2,0,2,0,0,1,0,1,2,2,2,0,0,2,2
27,4668.095,-4051.116,-0.137,-11.722,0.979140,0.203159,0.003288,-0.203181,0.979100,0.009006,-0.001389,-0.009486,0.999954,0,0.38876,0.34667,23.326,0.693,-1,400.000,-1,400.000,-1,325.000,325.000,275.000,300.000,425.000,-1,-1,-1,825.000,825.000,-1,-1,2,0,2,0,2,0,0,1,0,1,2,2,2,0,0,2,2
28,4695.701,-4056.496,-0.372,-11.029,0.981525,0.191294,0.003843,-0.191321,0.981489,0.008659,-0.002115,-0.009235,0.999955,0,0.46876,0.34673,28.126,0.693,-1,400.000,-1,400.000,-1,325.000,325.000,275.000,300.000,450.000,-1,-1,-1,825.000,825.000,-1,-1,2,0,2,0,2,0,0,1,0,1,2,2,2,0,0,2,2
29,4728.093,-4062.403,-0.648,-10.335,0.983766,0.179400,0.004509,-0.179433,0.983735,0.008283,-0.002949,-0.008957,0.999956,0,0.54876,0.34678,32.926,0.694,-1,400.000,-1,400.000,-1,325.000,325.000,275.000,300.000,450.000,-1,-1,-1,825.000,825.000,-1,-1,2,0,2,0,2,0,0,1,0,1,2,2,2,0,0,2,2
30,4765.285,-4068.722,-0.967,-9.642,0.985861,0.167479,0.005291,-0.167518,0.985838,0.007879,-0.003896,-0.008654,0.999955,0,0.62876,0.34679,37.726,0.694,-1,400.000,-1,400.000,-1,325.000,325.000,275.000,300.000,475.000,-1,-1,-1,825.000,825.000,-1,-1,2,0,2,0,2,0,0,1,0,1,2,2,2,0,0,2,2
31,4807.293,-4075.336,-1.304,-8.948,0.987810,0.155535,0.006277,-0.155581,0.987794,0.007528,-0.005029,-0.008413,0.999952,0,0.70876,0.34675,42.526,0.693,-1,400.000,-1,400.000,-1,325.000,325.000,275.000,300.000,500.000,-1,-1,-1,825.000,825.000,-1,-1,2,0,2,0,2,0,0,1,0,1,2,2,2,0,0,2,2
32,4854.129,-4082.131,-1.652,-8.255,0.989611,0.143573,0.007504,-0.143628,0.989605,0.007269,-0.006382,-0.008272,0.999945,0,0.78876,0.34660,47.326,0.693,-1,400.000,-1,400.000,-1,325.000,325.000,275.000,300.000,525.000,-1,-1,-1,825.000,825.000,-1,-1,2,0,2,0,2,0,0,1,0,1,2,2,2,0,0,2,2
33,4905.801,-4088.991,-2.057,-7.562,0.991264,0.131600,0.008813,-0.131663,0.991270,0.006958,-0.007820,-0.008057,0.999937,0,0.86876,0.34633,52.126,0.693,-1,400.000,-1,400.000,-1,325.000,325.000,275.000,300.000,550.000,-1,-1,-1,825.000,825.000,-1,-1,2,0,2,0,2,0,0,1,0,1,2,2,2,0,0,2,2
34,4962.318,-4095.801,-2.523,-6.871,0.992767,0.119623,0.010200,-0.119693,0.992789,0.006589,-0.009339,-0.007762,0.999926,0,0.94876,0.34588,56.926,0.692,-1,400.000,-1,400.000,-1,325.000,325.000,275.000,300.000,575.000,-1,-1,-1,825.000,800.000,-1,-1,2,0,2,0,2,0,0,1,0,1,2,2,2,0,0,2,2
35,5019.195,-4101.960,-3.013,-6.180,0.994121,0.107652,0.011563,-0.107728,0.994161,0.006192,-0.010829,-0.007401,0.999914,0,0.95350,0.34521,57.210,0.690,-1,400.000,-1,400.000,-1,325.000,325.000,275.000,300.000,600.000,-1,-1,-1,800.000,800.000,-1,-1,2,0,2,0,2,0,0,1,0,1,2,2,2,0,0,2,2
36,5075.985,-4107.420,-3.521,-5.491,0.995327,0.095695,0.012891,-0.095775,0.995386,0.005773,-0.012279,-0.006981,0.999900,0,0.95086,0.34435,57.052,0.689,-1,400.000,-1,400.000,-1,325.000,325.000,300.000,300.000,625.000,-1,-1,-1,800.000,800.000,-1,-1,2,0,2,0,2,0,0,1,0,1,2,2,2,0,0,2,2
37,5128.034,-4112.013,-4.002,-5.043,0.996030,0.087897,0.014073,-0.087979,0.996108,0.005363,-0.013547,-0.006580,0.999887,0,0.87086,0.22435,52.252,0.449,-1,400.000,-1,400.000,-1,325.000,325.000,300.000,300.000,625.000,-1,-1,-1,800.000,800.000,-1,-1,2,0,2,0,2,0,0,1,0,1,2,2,2,0,0,2,2
38,5175.332,-4115.828,-4.449,-4.612,0.996647,0.080406,0.015134,-0.080489,0.996743,0.004979,-0.014685,-0.006180,0.999873,0,0.79086,0.21538,47.452,0.431,-1,400.000,-1,400.000,-1,325.000,325.000,300.000,300.000,650.000,-1,-1,-1,800.000,800.000,-1,-1,2,0,2,0,2,0,0,1,0,1,2,2,2,0,0,2,2
39,5217.870,-4118.940,-4.857,-4.184,0.997206,0.072950,0.016079,-0.073033,0.997319,0.004628,-0.015698,-0.005789,0.999860,0,0.71086,0.21422,42.652,0.428,-1,400.000,-1,400.000,-1,325.000,325.000,300.000,300.000,675.000,-1,-1,-1,825.000,800.000,-1,-1,2,0,2,0,2,0,0,1,0,1,2,2,2,0,0,2,2
40,5255.641,-4121.420,-5.383,-3.757,0.997707,0.065530,0.016939,-0.065622,0.997832,0.004934,-0.016579,-0.006035,0.999844,0,0.63086,0.21308,37.852,0.426,-1,400.000,-1,400.000,-1,325.000,325.000,300.000,300.000,675.000,-1,-1,-1,825.000,800.000,-1,-1,2,0,2,0,2,0,0,1,0,1,2,2,2,0,0,2,2
41,5288.636,-4123.342,-6.060,-3.333,0.998156,0.058145,0.017420,-0.058236,0.998291,0.004770,-0.017112,-0.005776,0.999837,0,0.55086,0.21199,33.052,0.424,-1,400.000,-1,400.000,-1,325.000,325.000,300.000,300.000,700.000,-1,-1,-1,825.000,775.000,-1,-1,2,0,2,0,2,0,0,1,0,1,2,2,2,0,0,2,2
42,5316.851,-4124.777,-6.651,-2.911,0.998550,0.050792,0.017853,-0.050881,0.998694,0.004589,-0.017597,-0.005491,0.999830,0,0.47086,0.21098,28.252,0.422,-1,400.000,-1,400.000,-1,325.000,325.000,300.000,300.000,700.000,-1,-1,-1,825.000,775.000,-1,-1,2,0,2,0,2,0,0,1,0,1,2,2,2,0,0,2,2
43,5340.281,-4125.796,-7.143,-2.491,0.998889,0.043467,0.018210,-0.043555,0.999041,0.004435,-0.017999,-0.005223,0.999824,0,0.39086,0.21008,23.452,0.420,-1,400.000,-1,400.000,-1,325.000,325.000,300.000,300.000,725.000,-1,-1,-1,825.000,775.000,-1,-1,2,0,2,0,2,0,0,1,0,1,2,2,2,0,0,2,2
44,5358.920,-4126.471,-7.536,-2.073,0.999175,0.036167,0.018491,-0.036252,0.999333,0.004307,-0.018323,-0.004973,0.999820,0,0.31086,0.20930,18.652,0.419,1000.000,400.000,-1,400.000,-1,325.000,325.000,300.000,300.000,725.000,-1,-1,-1,825.000,775.000,-1,-1,1,0,2,0,2,0,0,1,0,1,2,2,2,0,0,2,2
45,5372.766,-4126.871,-7.828,-1.655,0.999408,0.028887,0.018698,-0.028970,0.999571,0.004204,-0.018569,-0.004743,0.999816,0,0.23086,0.20868,13.852,0.417,975.000,400.000,-1,400.000,-1,325.000,325.000,300.000,300.000,750.000,-1,-1,-1,825.000,775.000,-1,-1,1,0,2,0,2,0,0,1,0,1,2,2,2,0,0,2,2
46,5381.815,-4127.067,-8.018,-1.239,0.999589,0.021621,0.018833,-0.021703,0.999756,0.004126,-0.018739,-0.004533,0.999814,0,0.15086,0.20821,9.052,0.416,975.000,400.000,-1,400.000,-1,325.000,325.000,300.000,300.000,750.000,-1,-1,-1,825.000,775.000,-1,-1,1,0,2,0,2,0,0,1,0,1,2,2,2,0,0,2,2
47,5386.067,-4127.128,-8.106,-0.823,0.999718,0.014365,0.018896,-0.014445,0.999887,0.004073,-0.018835,-0.004345,0.999813,0,0.07086,0.20790,4.252,0.416,975.000,400.000,-1,400.000,-1,325.000,325.000,300.000,300.000,750.000,-1,-1,-1,825.000,775.000,-1,-1,1,0,2,0,2,0,0,1,0,1,2,2,2,0,0,2,2
48,5395.118,-4127.230,-8.300,-0.647,0.999755,0.011297,0.019032,-0.011376,0.999927,0.004012,-0.018985,-0.004228,0.999811,0,0.15086,0.08790,9.052,0.176,950.000,400.000,-1,400.000,-1,325.000,325.000,300.000,300.000,775.000,-1,-1,-1,825.000,775.000,-1,-1,1,0,2,0,2,0,0,1,0,1,2,2,2,0,0,2,2
49,5408.968,-4127.402,-8.600,-0.712,0.999738,0.012418,0.019241,-0.012496,0.999914,0.003944,-0.019190,-0.004183,0.999807,0,0.23086,-0.03210,13.852,-0.064,950.000,400.000,-1,400.000,-1,325.000,325.000,300.000,300.000,775.000,-1,-1,-1,825.000,775.000,-1,-1,1,0,2,0,2,0,0,1,0,1,2,2,2,0,0,2,2
50,5427.617,-4127.733,-9.004,-1.016,0.999652,0.017726,0.019522,-0.017805,0.999834,0.003868,-0.019451,-0.004215,0.999802,0,0.31086,-0.15210,18.652,-0.304,950.000,400.000,-1,400.000,-1,325.000,325.000,300.000,300.000,775.000,-1,-1,-1,825.000,775.000,-1,-1,1,0,2,0,2,0,0,1,0,1,2,2,2,0,0,2,2
51,5451.061,-4128.312,-9.510,-1.415,0.999497,0.024700,0.019876,-0.024780,0.999686,0.003775,-0.019776,-0.004265,0.999795,0,0.39086,-0.19982,23.452,-0.400,925.000,400.000,-1,400.000,-1,325.000,325.000,300.000,300.000,750.000,-1,-1,-1,850.000,775.000,-1,-1,1,0,2,0,2,0,0,1,0,1,2,2,2,0,0,2,2
52,5479.299,-4129.208,-10.116,-1.817,0.999291,0.031703,0.020301,-0.031784,0.999488,0.003657,-0.020174,-0.004300,0.999787,0,0.47086,-0.20071,28.252,-0.401,925.000,400.000,-1,400.000,-1,325.000,325.000,300.000,300.000,750.000,-1,-1,-1,850.000,775.000,-1,-1,1,0,2,0,2,0,0,1,0,1,2,2,2,0,0,2,2
53,5512.326,-4130.488,-10.822,-2.220,0.999033,0.038744,0.020795,-0.038825,0.999240,0.003517,-0.020643,-0.004321,0.999778,0,0.55086,-0.20184,33.052,-0.404,900.000,400.000,-1,400.000,-1,325.000,325.000,300.000,300.000,750.000,-1,-1,-1,850.000,775.000,-1,-1,1,0,2,0,2,0,0,1,0,1,2,2,2,0,0,2,2
54,5550.137,-4132.223,-11.626,-2.627,0.998721,0.045832,0.021357,-0.045914,0.998940,0.003357,-0.021180,-0.004333,0.999766,0,0.63086,-0.20323,37.852,-0.406,900.000,400.000,-1,400.000,-1,325.000,325.000,300.000,300.000,750.000,-1,-1,-1,850.000,775.000,-1,-1,1,0,2,0,2,0,0,0,0,1,2,2,2,0,0,2,2
55,5592.729,-4134.483,-12.528,-3.037,0.998354,0.052976,0.021983,-0.053058,0.998586,0.003180,-0.021783,-0.004341,0.999753,0,0.71086,-0.20491,42.652,-0.410,900.000,400.000,-1,400.000,-1,325.000,325.000,300.000,300.000,750.000,-1,-1,-1,850.000,775.000,-1,-1,1,0,2,0,2,0,0,0,0,1,2,2,2,0,0,2,2
56,5638.066,-4137.216,-13.483,-3.451,0.997930,0.060187,0.022640,-0.060270,0.998178,0.002998,-0.022418,-0.004356,0.999739,0,0.75699,-0.20692,45.419,-0.414,900.000,400.000,-1,400.000,-1,325.000,325.000,300.000,300.000,750.000,-1,-1,-1,850.000,750.000,-1,-1,1,0,2,0,2,0,0,0,0,1,2,2,2,0,0,2,2
57,5683.340,-4140.278,-14.433,-3.869,0.997449,0.067473,0.023285,-0.067557,0.997711,0.002825,-0.023041,-0.004391,0.999725,0,0.75628,-0.20917,45.377,-0.418,900.000,400.000,-1,400.000,-1,325.000,325.000,300.000,300.000,775.000,-1,-1,-1,875.000,750.000,-1,-1,1,0,2,0,2,0,0,0,0,1,2,2,2,0,0,2,2
58,5728.562,-4143.672,-15.378,-4.292,0.996909,0.074839,0.023917,-0.074923,0.997186,0.002663,-0.023651,-0.004447,0.999710,0,0.75582,-0.21153,45.349,-0.423,900.000,400.000,-1,400.000,-1,325.000,325.000,300.000,300.000,800.000,-1,-1,-1,875.000,750.000,-1,-1,1,0,2,0,2,0,0,0,0,1,2,2,2,0,0,2,2
59,5775.664,-4147.756,-16.352,-4.955,0.995960,0.086373,0.024560,-0.086461,0.996252,0.002512,-0.024251,-0.004625,0.999695,0,0.78798,-0.33153,47.279,-0.663,925.000,400.000,-1,400.000,-1,325.000,325.000,300.000,300.000,825.000,-1,-1,-1,850.000,750.000,-1,-1,1,0,2,0,2,0,0,0,0,1,2,2,2,1,0,2,2
60,5822.643,-4152.406,-17.316,-5.653,0.994818,0.098500,0.025184,-0.098591,0.995125,0.002379,-0.024826,-0.004850,0.999680,0,0.78682,-0.34891,47.209,-0.698,925.000,425.000,-1,400.000,-1,325.000,325.000,300.000,300.000,850.000,-1,-1,-1,800.000,725.000,975.000,-1,1,0,2,0,2,0,0,0,0,1,2,2,2,1,0,1,2
61,5869.497,-4157.620,-18.292,-6.350,0.993532,0.110604,0.025728,-0.110700,0.993851,0.002359,-0.025309,-0.005192,0.999666,0,0.78571,-0.34867,47.143,-0.697,900.000,425.000,-1,400.000,-1,325.000,325.000,300.000,300.000,900.000,-1,-1,-1,775.000,725.000,925.000,-1,1,0,2,0,2,0,0,0,0,1,2,2,2,1,0,1,2
62,5916.219,-4163.395,-19.623,-7.047,0.992090,0.122679,0.026599,-0.122822,0.992421,0.003826,-0.025928,-0.007062,0.999639,0,0.78463,-0.34835,47.078,-0.697,900.000,425.000,1000.000,400.000,-1,325.000,325.000,300.000,300.000,925.000,-1,-1,-1,725.000,725.000,850.000,-1,1,0,1,0,2,0,0,0,0,1,2,2,2,1,0,1,2
63,5962.806,-4169.729,-21.048,-7.743,0.990501,0.134721,0.027523,-0.134911,0.990844,0.005188,-0.026572,-0.008852,0.999608,0,0.78358,-0.34794,47.015,-0.696,875.000,425.000,975.000,400.000,-1,325.000,325.000,300.000,300.000,950.000,-1,-1,-1,675.000,725.000,800.000,-1,1,0,1,0,2,0,0,0,0,1,2,2,2,1,1,1,2
64,6013.104,-4176.976,-22.599,-8.199,0.989370,0.142598,0.028511,-0.142835,0.989725,0.006468,-0.027295,-0.010471,0.999573,0,0.84695,-0.22794,50.817,-0.456,800.000,425.000,925.000,375.000,-1,325.000,325.000,300.000,300.000,1000.000,-1,-1,-1,650.000,675.000,750.000,-1,1,0,1,0,2,0,0,0,0,1,2,2,2,1,1,1,2
65,6063.295,-4184.400,-24.125,-8.415,0.988798,0.146323,0.029449,-0.146608,0.989165,0.007726,-0.028000,-0.011956,0.999536,0,0.84563,-0.10794,50.738,-0.216,750.000,400.000,875.000,375.000,-1,325.000,325.000,300.000,300.000,-1,-1,-1,-1,600.000,650.000,700.000,-1,1,0,1,0,2,0,0,0,0,2,2,2,2,1,1,1,2
66,6113.404,-4191.790,-25.630,-8.390,0.988833,0.145904,0.030345,-0.146235,0.989209,0.008977,-0.028708,-0.013314,0.999499,0,0.84417,0.01206,50.650,0.024,675.000,400.000,800.000,375.000,-1,325.000,325.000,300.000,300.000,-1,-1,-1,-1,575.000,625.000,625.000,-1,1,0,1,0,2,0,0,0,0,2,2,2,2,1,1,1,2
67,6167.416,-4199.502,-27.238,-8.126,0.989467,0.141340,0.031272,-0.141722,0.989853,0.010335,-0.029494,-0.014658,0.999457,0,0.90933,0.13206,54.560,0.264,625.000,400.000,750.000,375.000,-1,325.000,325.000,300.000,300.000,-1,-1,-1,-1,525.000,600.000,575.000,-1,1,0,1,0,2,0,0,0,0,2,2,2,2,1,1,1,2
68,6221.726,-4206.770,-28.846,-7.622,0.990644,0.132623,0.032174,-0.133056,0.991039,0.011718,-0.030331,-0.015890,0.999414,0,0.91324,0.25206,54.795,0.504,575.000,400.000,700.000,375.000,-1,325.000,325.000,300.000,300.000,-1,-1,-1,-1,475.000,550.000,525.000,875.000,1,1,1,0,2,0,0,0,0,2,2,2,2,1,1,1,1
69,6276.362,-4213.360,-30.464,-6.878,0.992255,0.119739,0.033062,-0.120225,0.992660,0.013135,-0.031246,-0.017009,0.999367,0,0.91720,0.37206,55.032,0.744,500.000,350.000,625.000,375.000,-1,325.000,325.000,300.000,300.000,-1,-1,-1,-1,450.000,500.000,475.000,725.000,1,1,1,1,2,1,0,0,0,2,2,2,2,1,1,1,1
70,6331.342,-4219.035,-32.102,-5.894,0.994136,0.102670,0.033948,-0.103211,0.994552,0.014589,-0.032265,-0.018008,0.999317,0,0.92120,0.49206,55.272,0.984,450.000,325.000,550.000,350.000,-1,300.000,300.000,300.000,300.000,-1,-1,-1,-1,400.000,475.000,425.000,600.000,1,1,1,1,2,1,1,0,0,2,2,2,2,1,1,1,1
71,6386.673,-4223.555,-33.771,-4.670,0.996072,0.081398,0.034847,-0.081996,0.996503,0.016082,-0.033416,-0.018876,0.999263,0,0.92525,0.61206,55.515,1.224,400.000,300.000,500.000,300.000,-1,275.000,275.000,300.000,300.000,-1,-1,-1,-1,350.000,425.000,375.000,525.000,1,1,1,1,2,1,1,0,0,2,2,2,2,1,1,1,1
72,6442.345,-4226.672,-35.486,-3.206,0.997795,0.055909,0.035775,-0.056566,0.998244,0.017612,-0.034727,-0.019596,0.999205,0,0.92932,0.73206,55.759,1.464,350.000,250.000,425.000,275.000,-1,225.000,250.000,300.000,300.000,-1,-1,-1,-1,325.000,375.000,325.000,425.000,1,1,1,1,2,1,1,0,0,2,2,2,2,1,1,1,1
73,6498.330,-4228.140,-37.259,-1.502,0.998981,0.026198,0.036751,-0.026916,0.999454,0.019177,-0.036228,-0.020146,0.999140,0,0.93341,0.85206,56.005,1.704,300.000,225.000,375.000,250.000,450.000,200.000,200.000,300.000,300.000,-1,-1,-1,-1,275.000,325.000,275.000,350.000,1,1,1,1,1,1,1,0,0,2,2,2,2,1,1,1,1
74,6554.577,-4227.705,-39.117,0.443,0.999257,-0.007723,0.037761,0.006942,0.999760,0.020776,-0.037913,-0.020498,0.999071,0,0.93747,0.97206,56.248,1.944,250.000,200.000,300.000,200.000,325.000,175.000,175.000,300.000,300.000,-1,-1,-1,975.000,250.000,275.000,225.000,250.000,1,1,1,1,1,1,1,0,0,2,2,2,1,1,1,1,1
75,6611.011,-4225.306,-32.346,2.435,0.999049,-0.042472,0.009891,0.042235,0.998841,0.023071,-0.010859,-0.022631,0.999685,0,0.94145,0.99613,56.487,1.992,250.000,200.000,325.000,200.000,375.000,175.000,175.000,325.000,325.000,-1,625.000,850.000,925.000,250.000,250.000,225.000,275.000,1,1,1,1,1,1,1,0,0,2,0,0,1,1,1,1,1
76,6667.560,-4220.937,-23.757,4.419,0.996746,-0.077037,-0.023714,0.077546,0.996760,0.021370,0.021991,-0.023139,0.999490,0,0.94528,0.99230,56.717,1.985,275.000,200.000,325.000,200.000,-1,175.000,175.000,350.000,350.000,-1,200.000,275.000,875.000,250.000,275.000,225.000,300.000,1,1,1,1,2,1,1,0,0,2,0,0,1,1,1,1,1
77,8855.093,2951.703,-90.341,48.994,0.652576,-0.754617,0.068547,0.751592,0.656126,0.067884,-0.096202,0.007220,0.995336,1,0.00000,0.00000,56.935,1.976,-1,400.000,-1,375.000,-1,325.000,325.000,300.000,300.000,-1,-1,-1,-1,725.000,675.000,-1,-1,2,0,2,0,2,0,0,0,0,2,2,2,2,0,0,2,2
78,8858.258,2955.312,-90.764,48.754,0.655736,-0.751863,0.068641,0.748824,0.659283,0.067889,-0.096297,0.006883,0.995329,0,0.08000,-0.12000,4.800,-0.240,-1,400.000,-1,375.000,-1,325.000,325.000,300.000,300.000,-1,-1,-1,-1,725.000,675.000,-1,-1,2,0,2,0,2,0,0,0,0,2,2,2,2,0,0,2,2
79,8864.648,2962.477,-91.610,48.274,0.662023,-0.746317,0.068822,0.743249,0.665562,0.067892,-0.096474,0.006206,0.995316,0,0.16000,-0.24000,9.600,-0.480,-1,400.000,-1,375.000,-1,325.000,325.000,300.000,300.000,-1,-1,-1,-1,725.000,675.000,-1,-1,2,0,2,0,2,0,0,0,0,2,2,2,2,0,0,2,2
80,8874.351,2973.116,-92.884,47.634,0.670324,-0.738848,0.069065,0.735740,0.673852,0.067896,-0.096704,0.005301,0.995299,0,0.24000,-0.31969,14.400,-0.639,-1,400.000,-1,375.000,-1,325.000,325.000,300.000,300.000,-1,-1,-1,-1,725.000,675.000,-1,-1,2,0,2,0,2,0,0,0,0,2,2,2,2,0,0,2,2
81,8887.447,2987.157,-94.596,46.995,0.678538,-0.731287,0.069323,0.728140,0.682056,0.067913,-0.096946,0.004395,0.995280,0,0.32000,-0.31961,19.200,-0.639,-1,400.000,-1,375.000,-1,325.000,325.000,300.000,300.000,-1,-1,-1,-1,725.000,675.000,-1,-1,2,0,2,0,2,0,0,0,0,2,2,2,2,0,0,2,2
82,8904.011,3004.525,-96.790,46.356,0.686682,-0.723638,0.069398,0.720451,0.690172,0.067919,-0.097045,0.003359,0.995274,0,0.40000,-0.31952,24.000,-0.639,-1,400.000,-1,375.000,-1,325.000,325.000,300.000,300.000,-1,-1,-1,-1,725.000,675.000,-1,-1,2,0,2,0,2,0,0,0,0,2,2,2,2,0,0,2,2
83,8924.119,3025.143,-99.516,45.717,0.694780,-0.715900,0.069042,0.712674,0.698199,0.067920,-0.096829,0.002015,0.995299,0,0.48000,-0.31940,28.800,-0.639,-1,400.000,-1,375.000,-1,325.000,325.000,300.000,300.000,-1,-1,-1,-1,725.000,650.000,-1,-1,2,0,2,0,2,0,0,0,0,2,2,2,2,0,0,2,2
84,8947.845,3048.934,-102.691,45.079,0.702796,-0.708077,0.068596,0.704812,0.706135,0.067923,-0.096532,0.000611,0.995330,0,0.56000,-0.31925,33.600,-0.638,-1,375.000,-1,375.000,-1,325.000,325.000,300.000,300.000,-1,-1,-1,-1,725.000,650.000,-1,-1,2,0,2,0,2,0,0,0,0,2,2,2,2,0,0,2,2
85,8975.261,3075.821,-106.313,44.441,0.710728,-0.700169,0.068045,0.696867,0.713977,0.067923,-0.096140,-0.000856,0.995367,0,0.64000,-0.31906,38.400,-0.638,-1,375.000,-1,375.000,-1,325.000,325.000,300.000,300.000,-1,-1,-1,-1,725.000,650.000,-1,-1,2,0,2,0,2,0,0,0,0,2,2,2,2,0,0,2,2
86,9006.440,3105.723,-110.379,43.803,0.718575,-0.692178,0.067373,0.688842,0.721723,0.067916,-0.095635,-0.002393,0.995414,0,0.72000,-0.31881,43.200,-0.638,-1,375.000,-1,375.000,-1,325.000,325.000,300.000,300.000,-1,-1,-1,-1,700.000,650.000,-1,-1,2,0,2,0,2,0,0,0,0,2,2,2,2,0,0,2,2
87,9041.449,3138.561,-114.885,43.166,0.726337,-0.684109,0.066562,0.680742,0.729369,0.067899,-0.094998,-0.004006,0.995469,0,0.80000,-0.31849,48.000,-0.637,-1,375.000,-1,375.000,-1,325.000,300.000,300.000,300.000,-1,-1,-1,-1,700.000,650.000,-1,-1,2,0,2,0,2,0,0,0,0,2,2,2,2,0,0,2,2
88,9080.209,3174.414,-119.828,42.769,0.731170,-0.679035,0.065590,0.675653,0.734087,0.067889,-0.094248,-0.005322,0.995535,0,0.88000,-0.19849,52.800,-0.397,-1,375.000,-1,375.000,-1,325.000,300.000,300.000,300.000,-1,-1,-1,-1,700.000,625.000,-1,-1,2,0,2,0,2,0,0,0,0,2,2,2,2,0,0,2,2
89,9122.600,3213.411,-124.957,42.612,0.733199,-0.677016,0.063782,0.673677,0.735940,0.067466,-0.092615,-0.006497,0.995681,0,0.96000,-0.07849,57.600,-0.157,-1,375.000,-1,375.000,-1,325.000,300.000,300.000,300.000,-1,-1,-1,-1,700.000,625.000,-1,-1,2,0,2,0,2,0,0,0,0,2,2,2,2,0,0,2,2
90,9165.059,3252.585,-129.804,42.695,0.732476,-0.678074,0.060780,0.674807,0.734950,0.066968,-0.090079,-0.008037,0.995902,0,0.96284,0.04151,57.771,0.083,-1,375.000,-1,375.000,-1,325.000,300.000,300.000,300.000,-1,-1,-1,-1,700.000,625.000,-1,-1,2,0,2,0,2,0,0,0,0,2,2,2,2,0,0,2,2
91,9207.272,3291.975,-134.639,43.018,0.728891,-0.682199,0.057644,0.679013,0.731107,0.066513,-0.087519,-0.009340,0.996119,0,0.96228,0.16151,57.737,0.323,-1,375.000,-1,375.000,-1,325.000,300.000,300.000,300.000,-1,-1,-1,-1,700.000,650.000,-1,-1,2,0,2,0,2,0,0,0,0,2,2,2,2,0,0,2,2
92,9249.524,3332.185,-139.514,43.581,0.722394,-0.689343,0.054346,0.686250,0.724360,0.066053,-0.084899,-0.010421,0.996335,0,0.97214,0.28151,58.328,0.563,-1,375.000,-1,375.000,-1,325.000,300.000,300.000,300.000,-1,-1,-1,-1,700.000,650.000,-1,-1,2,0,2,0,2,0,0,0,0,2,2,2,2,0,0,2,2
93,9291.183,3372.958,-144.331,44.384,0.712857,-0.699425,0.051382,0.696452,0.714625,0.065311,-0.082399,-0.010773,0.996541,0,0.97153,0.40151,58.292,0.803,-1,375.000,-1,375.000,-1,325.000,300.000,300.000,300.000,-1,-1,-1,-1,725.000,650.000,-1,-1,2,0,2,0,2,0,0,0,0,2,2,2,2,0,0,2,2
94,9332.218,3414.288,-149.040,45.205,0.702908,-0.709597,0.048912,0.706752,0.704527,0.064373,-0.080138,-0.010680,0.996727,0,0.97069,0.41067,58.241,0.821,-1,375.000,-1,375.000,-1,325.000,300.000,300.000,300.000,-1,550.000,-1,-1,725.000,675.000,-1,-1,2,0,2,0,2,0,0,0,0,2,0,2,2,0,0,2,2
95,9372.616,3456.159,-153.707,46.025,0.692832,-0.719604,0.046403,0.716880,0.694302,0.063466,-0.077888,-0.010706,0.996905,0,0.96972,0.40987,58.183,0.820,-1,375.000,-1,375.000,-1,325.000,300.000,300.000,300.000,-1,475.000,675.000,-1,725.000,675.000,-1,-1,2,0,2,0,2,0,0,0,0,2,0,0,2,0,0,2,2
96,9412.369,3498.557,-158.331,46.844,0.682628,-0.729449,0.043856,0.726840,0.683949,0.062588,-0.075650,-0.010849,0.997075,0,0.96867,0.40932,58.120,0.819,-1,400.000,-1,375.000,-1,325.000,300.000,300.000,300.000,-1,475.000,575.000,-1,725.000,675.000,-1,-1,2,0,2,0,2,0,0,0,0,2,0,0,2,0,0,2,2
97,9451.468,3541.468,-162.926,47.662,0.672285,-0.739137,0.041343,0.736638,0.673464,0.061733,-0.073472,-0.011048,0.997236,0,0.96756,0.40899,58.053,0.818,-1,400.000,-1,375.000,-1,325.000,300.000,300.000,300.000,-1,450.000,525.000,-1,725.000,675.000,-1,-1,2,0,2,0,2,0,0,0,0,2,0,0,2,0,0,2,2
98,9489.905,3584.883,-167.573,48.480,0.661775,-0.748675,0.039244,0.746276,0.662846,0.060880,-0.071592,-0.011002,0.997373,0,0.96642,0.40890,57.985,0.818,-1,400.000,-1,375.000,-1,325.000,325.000,300.000,300.000,-1,425.000,475.000,-1,725.000,700.000,-1,-1,2,0,2,0,2,0,0,0,0,2,0,0,2,0,0,2,2
99,9524.758,3625.056,-171.653,49.057,0.654270,-0.755326,0.037609,0.753071,0.655267,0.059244,-0.069392,-0.010440,0.997535,0,0.88642,0.28890,53.185,0.578,-1,400.000,-1,375.000,-1,325.000,325.000,300.000,300.000,-1,400.000,450.000,-1,725.000,700.000,-1,-1,2,0,2,0,2,0,0,0,0,2,0,0,2,0,0,2,2
100,9558.423,3664.328,-175.326,49.395,0.649894,-0.759173,0.035967,0.756993,0.650800,0.058488,-0.067810,-0.010784,0.997640,0,0.86212,0.16890,51.727,0.338,-1,400.000,-1,375.000,-1,325.000,325.000,300.000,300.000,-1,400.000,450.000,-1,725.000,700.000,-1,-1,2,0,2,0,2,0,0,0,0,2,0,0,2,0,0,2,2
101,9591.991,3703.622,-178.780,49.493,0.648659,-0.760278,0.034904,0.758128,0.649499,0.058255,-0.066960,-0.011326,0.997691,0,0.86134,0.04890,51.680,0.098,-1,400.000,-1,375.000,-1,325.000,325.000,300.000,300.000,-1,425.000,500.000,-1,725.000,700.000,-1,-1,2,0,2,0,2,0,0,0,0,2,0,0,2,0,0,2,2
102,9625.632,3742.804,-182.191,49.351,0.650597,-0.758658,0.034083,0.756523,0.651378,0.058128,-0.066301,-0.012033,0.997727,0,0.86071,-0.07110,51.642,-0.142,-1,400.000,-1,375.000,-1,325.000,325.000,300.000,300.000,-1,450.000,525.000,-1,725.000,700.000,-1,-1,2,0,2,0,2,0,0,0,0,2,0,0,2,0,0,2,2
103,9660.248,3782.581,-185.676,48.969,0.655705,-0.754286,0.033237,0.752157,0.656415,0.058131,-0.065665,-0.013117,0.997756,0,0.87884,-0.19110,52.730,-0.382,-1,400.000,-1,375.000,-1,325.000,325.000,300.000,300.000,-1,500.000,550.000,-1,725.000,700.000,-1,-1,2,0,2,0,2,0,0,0,0,2,0,0,2,0,0,2,2
104,9695.332,3822.024,-189.168,48.346,0.663925,-0.747098,0.032370,0.744964,0.664554,0.058279,-0.065052,-0.014578,0.997775,0,0.87982,-0.31110,52.789,-0.622,-1,375.000,-1,375.000,-1,325.000,325.000,300.000,300.000,-1,525.000,600.000,-1,725.000,700.000,-1,-1,2,0,2,0,2,0,0,0,0,2,0,0,2,0,0,2,2
105,9731.046,3860.978,-192.576,47.484,0.675160,-0.736997,0.031543,0.734876,0.675706,0.058131,-0.064157,-0.016067,0.997810,0,0.88080,-0.43110,52.848,-0.862,-1,375.000,-1,375.000,-1,325.000,325.000,300.000,300.000,-1,550.000,625.000,-1,725.000,700.000,-1,-1,2,0,2,0,2,0,0,0,0,2,0,0,2,0,0,2,2
106,9767.544,3899.281,-195.879,46.382,0.689282,-0.723844,0.030672,0.721758,0.689739,0.057668,-0.062898,-0.017612,0.997865,0,0.88180,-0.55110,52.908,-1.102,-1,375.000,-1,375.000,-1,325.000,325.000,300.000,300.000,-1,575.000,625.000,-1,725.000,700.000,-1,-1,2,0,2,0,2,0,0,0,0,2,0,0,2,0,0,2,2
107,9804.975,3936.765,-198.957,45.040,0.706177,-0.707453,0.028710,0.705409,0.706469,0.057450,-0.060926,-0.020317,0.997935,0,0.88287,-0.67110,52.972,-1.342,-1,375.000,-1,375.000,-1,325.000,325.000,300.000,300.000,-1,575.000,625.000,-1,725.000,700.000,-1,-1,2,0,2,0,2,0,0,0,0,2,0,0,2,0,0,2,2
108,9843.476,3973.249,-202.003,43.458,0.725575,-0.687629,0.026588,0.685626,0.725683,0.057451,-0.058799,-0.023456,0.997994,0,0.88403,-0.79110,53.042,-1.582,-1,400.000,-1,375.000,-1,325.000,325.000,300.000,300.000,-1,575.000,650.000,-1,725.000,700.000,-1,-1,2,0,2,0,2,0,0,0,0,2,0,0,2,0,0,2,2
109,9883.174,4008.541,-205.021,41.635,0.747207,-0.664147,0.024302,0.662187,0.747114,0.057692,-0.056473,-0.027016,0.998039,0,0.88530,-0.91110,53.118,-1.822,-1,375.000,-1,375.000,-1,325.000,325.000,300.000,300.000,-1,575.000,625.000,-1,725.000,700.000,-1,-1,2,0,2,0,2,0,0,0,0,2,0,0,2,0,0,2,2
110,9924.143,4042.484,-208.054,39.641,0.769996,-0.637673,0.021869,0.635774,0.769692,0.058004,-0.053820,-0.030759,0.998077,0,0.88671,-0.99724,53.203,-1.994,-1,375.000,-1,375.000,950.000,325.000,325.000,300.000,300.000,-1,575.000,625.000,-1,725.000,700.000,-1,-1,2,0,2,0,1,0,0,0,0,2,0,0,2,0,0,2,2
111,9966.343,4075.034,-210.770,37.643,0.791822,-0.610397,0.020813,0.608536,0.791391,0.058167,-0.051976,-0.033392,0.998090,0,0.88826,-0.99907,53.295,-1.998,-1,375.000,-1,375.000,850.000,325.000,325.000,300.000,300.000,-1,600.000,650.000,-1,725.000,700.000,-1,-1,2,0,2,0,1,0,0,0,0,2,0,0,2,0,0,2,2
112,10009.731,4106.147,-213.418,35.643,0.812692,-0.582355,0.019859,0.580533,0.812141,0.058389,-0.050132,-0.035923,0.998096,0,0.88983,-1.00000,53.390,-2.000,-1,375.000,-1,375.000,800.000,325.000,325.000,300.000,300.000,-1,600.000,675.000,-1,725.000,700.000,-1,-1,2,0,2,0,1,0,0,0,0,2,0,0,2,0,0,2,2
113,10054.258,4135.780,-215.999,33.643,0.832567,-0.553606,0.018768,0.551840,0.831894,0.058527,-0.048014,-0.038370,0.998109,0,0.89144,-1.00000,53.486,-2.000,-1,375.000,-1,375.000,725.000,325.000,325.000,300.000,300.000,-1,600.000,700.000,-1,725.000,675.000,-1,-1,2,0,2,0,1,0,0,0,0,2,0,0,2,0,0,2,2
114,10099.875,4163.892,-218.317,31.643,0.851415,-0.524204,0.017405,0.522560,0.850656,0.057579,-0.044989,-0.039929,0.998189,0,0.89306,-1.00000,53.584,-2.000,-1,375.000,-1,375.000,700.000,325.000,325.000,300.000,300.000,-1,600.000,700.000,-1,725.000,675.000,-1,-1,2,0,2,0,1,0,0,0,0,2,0,0,2,0,0,2,2
115,10146.532,4190.444,-220.597,29.643,0.869222,-0.494165,0.015923,0.492643,0.868375,0.056819,-0.041905,-0.041544,0.998258,0,0.89471,-1.00000,53.683,-2.000,-1,375.000,-1,375.000,650.000,325.000,325.000,300.000,300.000,-1,575.000,675.000,-1,725.000,675.000,-1,-1,2,0,2,0,1,0,0,0,0,2,0,0,2,0,0,2,2
116,10189.835,4213.124,-222.479,27.643,0.885947,-0.463537,0.015168,0.462110,0.885052,0.056000,-0.039382,-0.042604,0.998316,0,0.81471,-1.00000,48.883,-2.000,-1,400.000,-1,375.000,600.000,325.000,325.000,300.000,300.000,-1,600.000,675.000,-1,725.000,675.000,-1,-1,2,0,2,0,1,0,0,0,0,2,0,0,2,0,0,2,2
117,10229.576,4232.202,-224.125,25.643,0.901593,-0.432346,0.014384,0.431009,0.900646,0.055385,-0.036900,-0.043735,0.998361,0,0.73471,-1.00000,44.083,-2.000,-1,400.000,-1,375.000,550.000,325.000,325.000,300.000,300.000,-1,600.000,675.000,-1,725.000,675.000,-1,-1,2,0,2,0,1,0,0,0,0,2,0,0,2,0,0,2,2
118,10265.562,4247.956,-225.542,23.643,0.916139,-0.400630,0.013598,0.399377,0.915139,0.054950,-0.034459,-0.044911,0.998397,0,0.65471,-1.00000,39.283,-2.000,-1,400.000,-1,375.000,525.000,325.000,325.000,300.000,300.000,-1,600.000,675.000,-1,725.000,675.000,-1,-1,2,0,2,0,1,0,0,0,0,2,0,0,2,0,0,2,2
119,10297.614,4260.674,-226.737,21.643,0.929568,-0.368428,0.012837,0.367254,0.928512,0.054673,-0.032062,-0.046107,0.998422,0,0.57471,-1.00000,34.483,-2.000,-1,400.000,-1,375.000,475.000,325.000,325.000,300.000,300.000,-1,600.000,650.000,-1,725.000,650.000,-1,-1,2,0,2,0,1,0,0,0,0,2,0,0,2,0,0,2,2
120,10325.569,4270.653,-227.718,19.643,0.941863,-0.335780,0.012122,0.334682,0.940752,0.054531,-0.029714,-0.047303,0.998438,0,0.49471,-1.00000,29.683,-2.000,-1,400.000,-1,375.000,450.000,325.000,325.000,300.000,300.000,-1,600.000,650.000,-1,725.000,650.000,-1,700.000,2,0,2,0,1,0,0,0,0,2,0,0,2,0,0,2,1
121,10349.282,4278.195,-228.496,17.643,0.953008,-0.302726,0.011475,0.301700,0.951844,0.054501,-0.027421,-0.048478,0.998448,0,0.41471,-1.00000,24.883,-2.000,-1,375.000,-1,375.000,425.000,325.000,300.000,300.000,300.000,-1,625.000,650.000,-1,725.000,650.000,-1,575.000,2,0,2,0,1,0,0,0,0,2,0,0,2,0,0,2,1
122,10368.621,4283.611,-229.084,15.643,0.962992,-0.269308,0.010914,0.268349,0.961775,0.054560,-0.025190,-0.049612,0.998451,0,0.33471,-1.00000,20.083,-2.000,-1,375.000,-1,375.000,400.000,325.000,300.000,300.000,300.000,-1,625.000,650.000,-1,700.000,625.000,-1,525.000,2,0,2,0,1,0,0,0,0,2,0,0,2,0,1,2,1
123,10383.473,4287.216,-229.496,13.643,0.971802,-0.235566,0.010455,0.234671,0.970536,0.054684,-0.023029,-0.050688,0.998449,0,0.25471,-1.00000,15.283,-2.000,-1,375.000,-1,375.000,375.000,325.000,300.000,300.000,300.000,-1,625.000,650.000,-1,700.000,600.000,-1,475.000,2,0,2,1,1,0,0,0,0,2,0,0,2,0,1,2,1
124,10393.740,4289.332,-229.747,11.643,0.979428,-0.201541,0.010114,0.200704,0.978115,0.054849,-0.020947,-0.051691,0.998443,0,0.17471,-1.00000,10.483,-2.000,-1,375.000,-1,350.000,375.000,300.000,300.000,300.000,300.000,-1,625.000,650.000,-1,700.000,550.000,-1,425.000,2,0,2,1,1,0,0,0,0,2,0,0,2,0,1,2,1
125,10399.343,4290.284,-229.854,9.643,0.985861,-0.167274,0.009903,0.166492,0.984506,0.055034,-0.018955,-0.052607,0.998435,0,0.09471,-1.00000,5.683,-2.000,-1,375.000,-1,350.000,375.000,300.000,300.000,300.000,300.000,-1,625.000,625.000,-1,700.000,525.000,-1,425.000,2,0,2,1,1,0,0,0,0,2,0,0,2,0,1,2,1
126,10400.218,4290.402,-229.835,7.643,0.991093,-0.132808,0.009832,0.132074,0.989701,0.055213,-0.017064,-0.053423,0.998426,0,0.01471,-1.00000,0.883,-2.000,-1,375.000,-1,350.000,375.000,300.000,300.000,300.000,300.000,-1,600.000,625.000,-1,700.000,500.000,-1,400.000,2,0,2,1,1,0,0,0,0,2,0,0,2,0,1,2,1
127,10396.320,4290.017,-229.709,5.643,0.995119,-0.098183,0.009912,0.097491,0.993695,0.055365,-0.015285,-0.054128,0.998417,0,-0.06529,-1.00000,-3.917,-2.000,-1,375.000,-1,325.000,375.000,300.000,300.000,300.000,300.000,-1,600.000,625.000,-1,700.000,500.000,-1,400.000,2,0,2,1,1,0,0,0,0,2,0,0,2,0,1,2,1
128,10387.621,4289.464,-229.494,3.643,0.997934,-0.063442,0.010149,0.062786,0.996485,0.055466,-0.013632,-0.054714,0.998409,0,-0.14529,-1.00000,-8.717,-2.000,-1,375.000,-1,325.000,375.000,300.000,300.000,300.000,300.000,-1,600.000,625.000,-1,675.000,475.000,-1,400.000,2,0,2,1,1,0,1,0,0,2,0,0,2,0,1,2,1
129,10374.110,4289.076,-229.211,1.643,0.999535,-0.028626,0.010547,0.027998,0.998066,0.055493,-0.012116,-0.055171,0.998403,0,-0.22529,-1.00000,-13.517,-2.000,-1,375.000,-1,325.000,400.000,300.000,300.000,300.000,300.000,-1,575.000,600.000,-1,675.000,475.000,-1,400.000,2,0,2,1,1,0,1,0,0,2,0,0,2,0,1,2,1
130,10355.794,4289.190,-228.879,-0.357,0.999919,0.006224,0.011112,-0.006830,0.998440,0.055423,-0.010749,-0.055494,0.998401,0,-0.30529,-1.00000,-18.317,-2.000,-1,375.000,-1,325.000,425.000,300.000,300.000,300.000,300.000,-1,575.000,600.000,-1,675.000,475.000,-1,425.000,2,0,2,1,1,0,1,0,0,2,0,0,2,0,1,2,1
131,10332.697,4290.141,-228.517,-2.357,0.999086,0.041065,0.011842,-0.041658,0.997604,0.055233,-0.009545,-0.055676,0.998403,0,-0.38529,-1.00000,-23.117,-2.000,-1,375.000,-1,325.000,450.000,300.000,300.000,300.000,300.000,-1,550.000,575.000,-1,675.000,475.000,-1,450.000,2,0,2,1,1,0,1,0,0,2,0,0,2,0,1,2,1
132,10309.475,4291.910,-228.205,-4.357,0.997039,0.075855,0.012581,-0.076436,0.995558,0.054976,-0.008355,-0.055775,0.998408,0,-0.38817,-1.00000,-23.290,-2.000,-1,375.000,-1,350.000,500.000,325.000,300.000,300.000,300.000,-1,550.000,575.000,-1,675.000,475.000,-1,475.000,2,0,2,1,1,0,1,0,0,2,0,0,2,0,1,2,1
133,10286.320,4294.490,-227.946,-6.357,0.993781,0.110553,0.013319,-0.111121,0.992303,0.054654,-0.007174,-0.055794,0.998417,0,-0.38831,-1.00000,-23.298,-2.000,-1,375.000,-1,350.000,525.000,325.000,300.000,300.000,300.000,-1,525.000,550.000,-1,675.000,475.000,-1,500.000,2,0,2,1,1,0,1,0,0,2,0,0,2,0,1,2,1
134,10263.250,4297.879,-227.738,-8.357,0.989315,0.145117,0.014052,-0.145672,0.987843,0.054268,-0.006006,-0.055735,0.998428,0,-0.38865,-1.00000,-23.319,-2.000,-1,375.000,-1,350.000,575.000,325.000,300.000,300.000,300.000,-1,525.000,550.000,-1,675.000,500.000,-1,525.000,2,0,2,1,1,0,1,0,0,2,0,0,2,0,1,2,1
