timestep,x_cm,y_cm,z_cm,yaw_deg,basis_xx,basis_xy,basis_xz,basis_yx,basis_yy,basis_yz,basis_zx,basis_zy,basis_zz,teleport_flag,throttle_cmd,steering_cmd,cmd_move_cm,cmd_turn_deg,lidar_cm_0,lidar_cm_1,lidar_cm_2,lidar_cm_3,lidar_cm_4,lidar_cm_5,lidar_cm_6,lidar_cm_7,lidar_cm_8,lidar_cm_9,lidar_cm_10,lidar_cm_11,lidar_cm_12,lidar_cm_13,lidar_cm_14,lidar_cm_15,lidar_cm_16,lidar_class_0,lidar_class_1,lidar_class_2,lidar_class_3,lidar_class_4,lidar_class_5,lidar_class_6,lidar_class_7,lidar_class_8,lidar_class_9,lidar_class_10,lidar_class_11,lidar_class_12,lidar_class_13,lidar_class_14,lidar_class_15,lidar_class_16
0,-980.679,987.466,625.972,46.442,0.693300,-0.718441,-0.056372,0.718537,0.683164,0.130348,-0.055136,-0.130876,0.989864,1,0.08000,0.12000,4.800,0.240,-1,425.000,-1,425.000,-1,350.000,350.000,300.000,300.000,-1,-1,-1,-1,875.000,-1,-1,-1,2,0,2,0,2,0,0,0,0,2,2,2,2,0,2,2,2
1,-974.119,994.474,625.426,46.888,0.687765,-0.723782,-0.055849,0.723701,0.677587,0.130890,-0.056893,-0.130440,0.989822,0,0.16000,0.22313,9.600,0.446,-1,425.000,-1,425.000,-1,350.000,350.000,300.000,300.000,-1,-1,-1,-1,850.000,-1,-1,-1,2,0,2,0,2,0,0,0,0,2,2,2,2,0,2,2,2
2,-964.359,1005.061,624.591,47.330,0.682261,-0.729032,-0.055064,0.728723,0.672024,0.131707,-0.059015,-0.129985,0.989758,0,0.24000,0.22101,14.400,0.442,-1,425.000,-1,425.000,-1,350.000,350.000,300.000,300.000,-1,-1,-1,-1,850.000,-1,-1,-1,2,0,2,0,2,0,0,0,0,2,2,2,2,0,2,2,2
3,-951.454,1019.276,623.453,47.766,0.676812,-0.734172,-0.054019,0.733583,0.666498,0.132801,-0.061495,-0.129509,0.989670,0,0.32000,0.21803,19.200,0.436,-1,425.000,-1,425.000,-1,350.000,350.000,300.000,300.000,-1,-1,-1,-1,850.000,-1,-1,-1,2,0,2,0,2,0,0,0,0,2,2,2,2,0,2,2,2
4,-935.455,1037.165,621.889,48.195,0.671403,-0.739221,-0.052640,0.738321,0.661066,0.133691,-0.064029,-0.128626,0.989624,0,0.40000,0.21422,24.000,0.428,-1,425.000,-1,425.000,-1,350.000,350.000,300.000,300.000,-1,-1,-1,-1,825.000,-1,-1,-1,2,0,2,0,2,0,0,0,0,2,2,2,2,0,2,2,2
5,-916.415,1058.773,619.877,48.614,0.666086,-0.744100,-0.051429,0.742899,0.655696,0.134775,-0.066564,-0.127978,0.989541,0,0.48000,0.20959,28.800,0.419,-1,425.000,-1,425.000,-1,350.000,350.000,300.000,300.000,-1,-1,-1,-1,825.000,-1,-1,-1,2,0,2,0,2,0,0,0,0,2,2,2,2,0,2,2,2
6,-894.381,1084.139,617.433,49.022,0.660885,-0.748802,-0.050267,0.747290,0.650416,0.136075,-0.069199,-0.127494,0.989422,0,0.56000,0.20419,33.600,0.408,-1,425.000,-1,425.000,-1,350.000,325.000,300.000,300.000,-1,-1,-1,-1,825.000,-1,-1,-1,2,0,2,0,2,0,0,0,0,2,2,2,2,0,2,2,2
7,-869.402,1113.304,614.572,49.420,0.655796,-0.753348,-0.048980,0.751493,0.645235,0.137587,-0.072048,-0.127037,0.989278,0,0.64000,0.19908,38.400,0.398,-1,400.000,-1,425.000,-1,325.000,325.000,300.000,300.000,-1,-1,-1,-1,800.000,-1,-1,-1,2,0,2,0,2,0,0,0,0,2,2,2,2,0,2,2,2
8,-841.524,1146.304,611.273,49.808,0.650818,-0.757742,-0.047576,0.755510,0.640154,0.139313,-0.075107,-0.126612,0.989105,0,0.72000,0.19401,43.200,0.388,-1,400.000,-1,425.000,-1,325.000,325.000,300.000,300.000,-1,-1,-1,-1,800.000,-1,-1,-1,2,0,2,0,2,0,0,0,0,2,2,2,2,0,2,2,2
9,-810.790,1183.174,607.514,50.186,0.645959,-0.761981,-0.046066,0.759338,0.635178,0.141257,-0.078375,-0.126226,0.988901,0,0.80000,0.18876,48.000,0.378,-1,400.000,-1,425.000,-1,325.000,325.000,300.000,300.000,-1,-1,-1,-1,775.000,-1,-1,-1,2,0,2,0,2,0,0,0,0,2,2,2,2,0,2,2,2
10,-777.243,1223.947,603.305,50.553,0.641207,-0.766081,-0.044425,0.763002,0.630323,0.143252,-0.081740,-0.125750,0.988689,0,0.88000,0.18349,52.800,0.367,-1,400.000,-1,425.000,-1,325.000,325.000,300.000,300.000,-1,-1,-1,-1,775.000,1000.000,-1,-1,2,0,2,0,2,0,0,0,0,2,2,2,2,0,0,2,2
11,-743.900,1264.987,599.159,50.910,0.636492,-0.770104,-0.042638,0.766639,0.625634,0.144385,-0.084516,-0.124587,0.988603,0,0.88130,0.17837,52.878,0.357,-1,400.000,-1,450.000,-1,325.000,325.000,300.000,300.000,-1,-1,-1,-1,750.000,1000.000,-1,-1,2,0,2,0,2,0,0,0,0,2,2,2,2,0,0,2,2
12,-710.865,1306.155,594.762,51.257,0.631844,-0.774054,-0.040165,0.770118,0.621079,0.145530,-0.087702,-0.122884,0.988538,0,0.87972,0.17394,52.783,0.348,-1,400.000,-1,425.000,-1,325.000,325.000,300.000,300.000,-1,-1,-1,-1,750.000,1000.000,-1,-1,2,0,2,0,2,0,0,0,0,2,2,2,2,0,0,2,2
13,-677.155,1348.809,589.855,51.684,0.626054,-0.778929,-0.036412,0.774346,0.615511,0.146743,-0.091890,-0.120064,0.988504,0,0.90611,0.21337,54.367,0.427,-1,375.000,-1,425.000,-1,325.000,325.000,300.000,300.000,-1,-1,-1,-1,725.000,975.000,-1,-1,2,0,2,0,2,0,0,0,0,2,2,2,2,1,0,2,2
14,-646.876,1388.052,585.274,52.351,0.616932,-0.786319,-0.033127,0.781119,0.606622,0.147862,-0.096171,-0.117097,0.988453,0,0.82611,0.33337,49.567,0.667,-1,375.000,-1,425.000,-1,325.000,325.000,300.000,300.000,-1,-1,-1,-1,700.000,950.000,-1,-1,2,0,2,0,2,0,0,0,0,2,2,2,2,1,0,2,2
15,-620.092,1423.920,580.753,53.258,0.604283,-0.796206,-0.029975,0.790498,0.594390,0.147694,-0.099778,-0.112944,0.988579,0,0.74611,0.45337,44.767,0.907,-1,375.000,1000.000,425.000,-1,325.000,325.000,300.000,300.000,-1,-1,-1,-1,675.000,925.000,-1,-1,2,0,1,0,2,0,0,0,0,2,2,2,2,1,0,2,2
16,-595.207,1458.674,576.321,54.404,0.588089,-0.808344,-0.027059,0.802126,0.578625,0.147604,-0.103658,-0.108508,0.988676,0,0.71242,0.57337,42.745,1.147,1000.000,375.000,950.000,425.000,-1,300.000,325.000,300.000,300.000,-1,-1,-1,-1,675.000,900.000,1000.000,-1,0,0,1,0,2,0,0,0,0,2,2,2,2,1,0,1,2
17,-571.043,1494.208,571.692,55.791,0.568201,-0.822527,-0.024428,0.815808,0.559176,0.147578,-0.107727,-0.103783,0.988749,0,0.71622,0.69337,42.973,1.387,975.000,375.000,900.000,425.000,-1,300.000,325.000,300.000,300.000,-1,-1,-1,-1,650.000,875.000,1000.000,-1,0,0,1,0,2,0,0,0,0,2,2,2,2,1,0,1,2
18,-547.779,1530.600,567.020,57.418,0.544512,-0.838434,-0.023144,0.831340,0.535834,0.147496,-0.111265,-0.099554,0.988792,0,0.71989,0.81337,43.194,1.627,925.000,375.000,850.000,400.000,-1,300.000,325.000,300.000,325.000,-1,-1,-1,-1,625.000,875.000,-1,-1,0,0,1,0,2,0,0,0,0,2,2,2,2,1,0,2,2
19,-525.604,1567.913,562.268,59.285,0.516800,-0.855813,-0.022405,0.848385,0.508457,0.147355,-0.114716,-0.095161,0.988830,0,0.72346,0.93337,43.408,1.867,900.000,375.000,800.000,400.000,-1,300.000,325.000,300.000,325.000,-1,-1,-1,-1,625.000,825.000,975.000,-1,0,0,1,0,2,0,0,0,0,2,2,2,2,1,1,0,2
20,-504.556,1606.115,557.336,61.152,0.488489,-0.872299,-0.021735,0.864568,0.480493,0.147134,-0.117902,-0.090665,0.988878,0,0.72697,0.93398,43.618,1.868,875.000,375.000,750.000,400.000,-1,300.000,325.000,300.000,325.000,-1,-1,-1,-1,600.000,750.000,925.000,1000.000,0,0,1,0,2,0,0,0,0,2,2,2,2,1,1,0,1
21,-484.663,1645.177,552.228,63.019,0.459646,-0.887851,-0.021124,0.879847,0.452009,0.146826,-0.120811,-0.086074,0.988937,0,0.73062,0.93333,43.837,1.867,850.000,375.000,725.000,400.000,-1,300.000,325.000,300.000,325.000,-1,-1,-1,-1,600.000,675.000,900.000,850.000,0,0,1,0,2,0,0,0,0,2,2,2,2,1,1,0,1
22,-465.955,1685.075,546.947,64.885,0.430300,-0.902452,-0.020562,0.894206,0.423032,0.146420,-0.123438,-0.081392,0.989009,0,0.73447,0.93282,44.068,1.866,825.000,375.000,675.000,400.000,-1,300.000,325.000,300.000,325.000,-1,-1,-1,-1,600.000,600.000,850.000,750.000,0,0,1,0,2,0,0,0,0,2,2,2,2,0,1,0,1
23,-448.459,1725.785,541.497,66.750,0.400477,-0.916088,-0.020039,0.907633,0.393590,0.145910,-0.125779,-0.076622,0.989095,0,0.73853,0.93242,44.312,1.865,800.000,350.000,650.000,400.000,-1,300.000,325.000,300.000,350.000,-1,-1,-1,-1,575.000,525.000,825.000,675.000,0,0,1,0,2,1,0,0,0,2,2,2,2,0,1,0,1
24,-432.202,1767.282,535.784,68.614,0.370162,-0.928767,-0.019315,0.920168,0.363721,0.144903,-0.127556,-0.071410,0.989257,0,0.74283,0.93210,44.570,1.864,775.000,350.000,600.000,400.000,800.000,300.000,325.000,300.000,350.000,-1,-1,-1,-1,575.000,475.000,800.000,575.000,0,0,1,1,1,1,1,0,0,2,2,2,2,0,1,0,1
25,-417.211,1809.543,529.646,70.477,0.339300,-0.940507,-0.017933,0.931888,0.333468,0.142772,-0.128298,-0.065154,0.989593,0,0.74737,0.93180,44.842,1.864,775.000,350.000,575.000,350.000,650.000,300.000,300.000,300.000,350.000,-1,-1,-1,-1,575.000,425.000,775.000,525.000,0,0,1,1,1,1,1,0,0,2,2,2,2,0,1,0,1
26,-403.515,1852.541,523.387,72.340,0.308074,-0.951218,-0.016551,0.942598,0.302834,0.140713,-0.128837,-0.058951,0.989912,0,0.75214,0.93149,45.128,1.863,775.000,350.000,575.000,325.000,525.000,275.000,275.000,300.000,325.000,-1,-1,-1,-1,550.000,400.000,775.000,450.000,0,0,1,1,1,1,1,0,0,2,2,2,2,0,1,0,1
27,-391.143,1896.250,517.126,74.203,0.276469,-0.960912,-0.014623,0.952253,0.271863,0.138944,-0.129537,-0.052338,0.990192,0,0.75711,0.93112,45.427,1.862,775.000,325.000,550.000,275.000,450.000,275.000,250.000,300.000,325.000,-1,-1,-1,-1,550.000,350.000,750.000,375.000,1,0,1,1,1,1,1,0,0,2,2,2,2,0,1,1,1
28,-380.122,1940.635,511.203,76.064,0.244332,-0.969627,-0.011204,0.961073,0.240607,0.135817,-0.128996,-0.043953,0.990671,0,0.76224,0.93063,45.735,1.861,750.000,325.000,550.000,250.000,350.000,275.000,225.000,300.000,325.000,-1,-1,525.000,-1,550.000,325.000,725.000,325.000,1,0,1,1,1,1,1,0,0,2,2,0,2,0,1,1,1
29,-370.481,1985.662,505.388,77.924,0.211839,-0.977279,-0.006998,0.968940,0.209086,0.132058,-0.127594,-0.034756,0.991217,0,0.76747,0.92995,46.048,1.860,750.000,325.000,550.000,225.000,275.000,275.000,225.000,325.000,325.000,-1,700.000,350.000,-1,550.000,275.000,700.000,250.000,1,0,1,1,1,1,1,0,0,2,0,0,2,0,1,1,1
30,-362.255,2031.287,500.998,79.782,0.179827,-0.983660,-0.008730,0.976019,0.177309,0.126285,-0.122674,-0.031230,0.991956,0,0.77271,0.92904,46.363,1.858,750.000,350.000,575.000,225.000,225.000,275.000,200.000,325.000,325.000,-1,450.000,275.000,-1,575.000,275.000,675.000,200.000,1,0,1,1,1,0,1,0,0,2,0,0,2,0,1,1,1
31,-355.478,2077.458,501.436,81.638,0.149379,-0.988319,-0.030202,0.983323,0.145281,0.109407,-0.103741,-0.046042,0.993538,0,0.77787,0.92782,46.672,1.856,775.000,375.000,600.000,225.000,200.000,325.000,225.000,325.000,400.000,-1,225.000,200.000,-1,600.000,275.000,675.000,200.000,1,0,1,1,1,0,1,0,0,2,0,0,2,1,1,1,1
32,-350.166,2124.095,501.656,83.488,0.118107,-0.991734,-0.050136,0.989355,0.113200,0.091446,-0.085015,-0.060403,0.994547,0,0.78241,0.92535,46.944,1.851,-1,400.000,625.000,225.000,175.000,350.000,250.000,300.000,450.000,-1,125.000,175.000,-1,600.000,275.000,675.000,175.000,2,0,1,1,1,0,1,0,0,2,0,0,2,1,1,1,1
33,-346.343,2170.897,501.558,85.317,0.086401,-0.993938,-0.067982,0.994010,0.081420,0.072910,-0.066933,-0.073874,0.995019,0,0.78269,0.91438,46.961,1.829,-1,450.000,650.000,250.000,175.000,375.000,275.000,300.000,525.000,-1,75.000,125.000,-1,575.000,300.000,700.000,175.000,2,0,1,1,1,0,1,0,0,2,0,0,2,1,1,1,1
34,-343.998,2217.748,501.052,87.122,0.054446,-0.995031,-0.083360,0.997273,0.050022,0.054269,-0.049830,-0.086087,0.995041,0,0.78190,0.90254,46.914,1.805,-1,475.000,650.000,250.000,150.000,400.000,300.000,300.000,625.000,675.000,50.000,125.000,-1,575.000,325.000,725.000,150.000,2,1,1,1,1,0,1,0,0,0,0,0,2,1,1,1,1
35,-343.111,2264.530,500.053,88.902,0.022460,-0.995133,-0.095949,0.999169,0.019077,0.036030,-0.034024,-0.096679,0.994734,0,0.77990,0.88985,46.794,1.780,-1,450.000,650.000,275.000,125.000,425.000,325.000,275.000,700.000,525.000,25.000,125.000,-1,575.000,350.000,800.000,150.000,2,1,1,1,1,1,1,0,0,0,0,0,2,1,1,1,1
36,-343.652,2311.120,498.487,90.654,-0.009321,-0.994375,-0.105503,0.999760,-0.011357,0.018713,-0.019806,-0.105303,0.994243,0,0.77660,0.87631,46.596,1.753,-1,450.000,650.000,300.000,125.000,400.000,375.000,275.000,525.000,425.000,0.000,125.000,-1,575.000,375.000,-1,150.000,2,1,1,1,1,1,1,0,1,0,0,0,2,1,1,2,1
37,-345.603,2362.476,496.253,92.167,-0.037186,-0.992789,-0.113958,0.999293,-0.037566,0.001195,-0.005467,-0.113833,0.993485,0,0.85660,0.75631,51.396,1.513,-1,425.000,625.000,325.000,125.000,375.000,375.000,275.000,350.000,350.000,0.000,100.000,-1,575.000,375.000,-1,150.000,2,1,1,1,1,1,1,0,1,0,0,0,2,1,1,2,1
38,-348.982,2418.569,493.320,93.440,-0.061079,-0.990728,-0.121358,0.998094,-0.059547,-0.016211,0.008834,-0.122117,0.992476,0,0.93660,0.63631,56.196,1.273,-1,425.000,625.000,300.000,100.000,375.000,350.000,250.000,275.000,300.000,0.000,100.000,-1,575.000,375.000,-1,125.000,2,1,1,1,1,1,1,0,1,0,0,0,2,1,1,2,1
39,8199.145,8199.154,-19.693,175.754,-0.994070,-0.074037,0.079640,0.073295,-0.997236,-0.012211,0.080324,-0.006301,0.996749,1,0.00000,0.00000,56.619,1.033,-1,375.000,-1,400.000,-1,325.000,325.000,300.000,300.000,-1,-1,1000.000,-1,750.000,850.000,-1,-1,2,0,2,0,2,0,0,0,0,2,2,0,2,0,0,2,2
40,8194.359,8199.530,-19.313,175.514,-0.993751,-0.078214,0.079629,0.077498,-0.996920,-0.012048,0.080326,-0.005802,0.996752,0,0.08000,-0.12000,4.800,-0.240,-1,375.000,-1,400.000,-1,325.000,325.000,300.000,300.000,-1,-1,-1,-1,750.000,850.000,-1,-1,2,0,2,0,2,0,0,0,0,2,2,2,2,0,0,2,2
41,8184.793,8200.331,-18.548,175.214,-0.993329,-0.083437,0.079604,0.082763,-0.996500,-0.011732,0.080304,-0.005065,0.996758,0,0.16000,-0.15010,9.600,-0.300,-1,375.000,-1,400.000,-1,325.000,325.000,300.000,300.000,-1,-1,-1,-1,750.000,850.000,-1,-1,2,0,2,0,2,0,0,0,0,2,2,2,2,0,0,2,2
42,8170.449,8201.607,-17.399,174.914,-0.992879,-0.088657,0.079565,0.088038,-0.996053,-0.011262,0.080250,-0.004177,0.996766,0,0.24000,-0.15010,14.400,-0.300,-1,375.000,-1,400.000,-1,325.000,325.000,300.000,300.000,-1,-1,-1,-1,750.000,850.000,-1,-1,2,0,2,0,2,0,0,0,0,2,2,2,2,0,0,2,2
43,8151.334,8203.409,-15.865,174.613,-0.992404,-0.093875,0.079511,0.093323,-0.995579,-0.010639,0.080158,-0.003138,0.996777,0,0.32000,-0.15010,19.200,-0.300,-1,375.000,-1,400.000,-1,325.000,325.000,300.000,300.000,-1,-1,-1,-1,750.000,850.000,-1,-1,2,0,2,0,2,0,0,0,0,2,2,2,2,0,0,2,2
44,8127.452,8205.787,-13.950,174.313,-0.991902,-0.099090,0.079440,0.098618,-0.995077,-0.009862,0.080026,-0.001948,0.996791,0,0.40000,-0.15010,24.000,-0.300,-1,375.000,-1,400.000,-1,325.000,325.000,300.000,300.000,-1,-1,-1,-1,750.000,850.000,-1,-1,2,0,2,0,2,0,0,0,0,2,2,2,2,0,0,2,2
45,8098.809,8208.791,-11.654,174.013,-0.991375,-0.104303,0.079352,0.103922,-0.994545,-0.008929,0.079850,-0.000605,0.996807,0,0.48000,-0.15010,28.800,-0.300,-1,375.000,-1,400.000,-1,325.000,325.000,300.000,300.000,-1,-1,-1,-1,750.000,850.000,-1,-1,2,0,2,0,2,0,0,0,0,2,2,2,2,0,0,2,2
46,8065.412,8212.470,-8.981,173.713,-0.990821,-0.109512,0.079245,0.109235,-0.993985,-0.007838,0.079627,0.000891,0.996824,0,0.56000,-0.15010,33.600,-0.300,-1,375.000,-1,400.000,-1,325.000,325.000,300.000,300.000,-1,-1,-1,-1,750.000,850.000,-1,-1,2,0,2,0,2,0,0,0,0,2,2,2,2,0,0,2,2
47,8027.265,8216.875,-5.935,173.413,-0.990242,-0.114719,0.079120,0.114558,-0.993395,-0.006586,0.079353,0.002542,0.996843,0,0.64000,-0.15010,38.400,-0.300,-1,400.000,-1,400.000,-1,325.000,325.000,300.000,300.000,-1,-1,-1,-1,750.000,850.000,-1,-1,2,0,2,0,2,0,0,0,0,2,2,2,2,0,0,2,2
48,7984.377,8222.056,-2.521,173.112,-0.989637,-0.119921,0.078976,0.119889,-0.992774,-0.005172,0.079026,0.004350,0.996863,0,0.72000,-0.15010,43.200,-0.300,-1,400.000,-1,400.000,-1,325.000,325.000,300.000,300.000,-1,-1,-1,-1,750.000,850.000,-1,-1,2,0,2,0,2,0,0,0,0,2,2,2,2,0,0,2,2
49,7936.754,8228.061,1.255,172.812,-0.989006,-0.125120,0.078814,0.125228,-0.992122,-0.003592,0.078642,0.006317,0.996883,0,0.80000,-0.15010,48.000,-0.300,-1,400.000,-1,400.000,-1,325.000,325.000,300.000,300.000,-1,-1,-1,-1,750.000,850.000,-1,-1,2,0,2,0,2,0,0,0,0,2,2,2,2,0,0,2,2
50,7884.404,8234.941,5.343,172.512,-0.988358,-0.130315,0.078522,0.130561,-0.991438,-0.002006,0.078111,0.008270,0.996910,0,0.88000,-0.15010,52.800,-0.300,-1,400.000,-1,400.000,-1,325.000,325.000,300.000,300.000,-1,-1,-1,-1,750.000,850.000,-1,-1,2,0,2,0,2,0,0,0,0,2,2,2,2,0,0,2,2
51,7831.553,8242.170,9.368,172.212,-0.987708,-0.135505,0.077919,0.135863,-0.990727,-0.000713,0.077293,0.009882,0.996959,0,0.88907,-0.15010,53.344,-0.300,-1,400.000,-1,400.000,-1,325.000,325.000,300.000,300.000,-1,-1,-1,-1,775.000,850.000,-1,-1,2,0,2,0,2,0,0,0,0,2,2,2,2,0,0,2,2
52,7778.740,8249.675,13.363,171.912,-0.987035,-0.140692,0.077253,0.141163,-0.989986,0.000645,0.076388,0.011542,0.997011,0,0.88907,-0.15010,53.344,-0.300,-1,400.000,-1,400.000,-1,325.000,325.000,300.000,300.000,-1,-1,-1,-1,775.000,850.000,-1,-1,2,0,2,0,2,0,0,0,0,2,2,2,2,0,0,2,2
53,7725.966,8257.456,17.338,171.611,-0.986333,-0.145874,0.076600,0.146457,-0.989215,0.002016,0.075480,0.013207,0.997060,0,0.88907,-0.15010,53.344,-0.300,-1,400.000,-1,400.000,-1,325.000,325.000,300.000,300.000,-1,-1,-1,-1,775.000,850.000,-1,-1,2,0,2,0,2,0,0,0,0,2,2,2,2,0,0,2,2
54,7673.235,8265.514,21.292,171.311,-0.985603,-0.151052,0.075962,0.151744,-0.988414,0.003400,0.074569,0.014878,0.997105,0,0.88907,-0.15010,53.344,-0.300,-1,400.000,-1,400.000,-1,325.000,325.000,300.000,300.000,-1,-1,-1,-1,775.000,825.000,-1,-1,2,0,2,0,2,0,0,0,0,2,2,2,2,0,0,2,2
55,7620.546,8273.849,25.224,171.011,-0.984844,-0.156224,0.075341,0.157026,-0.987583,0.004798,0.073656,0.016556,0.997146,0,0.88907,-0.15010,53.344,-0.300,-1,400.000,-1,400.000,-1,325.000,325.000,300.000,300.000,-1,-1,-1,-1,775.000,825.000,-1,-1,2,0,2,0,2,0,0,0,0,2,2,2,2,0,0,2,2
56,7567.902,8282.459,29.132,170.711,-0.984056,-0.161392,0.074737,0.162301,-0.986722,0.006209,0.072742,0.018240,0.997184,0,0.88907,-0.15010,53.344,-0.300,-1,400.000,-1,400.000,-1,325.000,325.000,300.000,300.000,-1,-1,-1,-1,775.000,825.000,-1,-1,2,0,2,0,2,0,0,0,0,2,2,2,2,0,0,2,2
57,7515.303,8291.344,33.017,170.411,-0.983240,-0.166554,0.074151,0.167569,-0.985831,0.007634,0.071829,0.019931,0.997218,0,0.88907,-0.15010,53.344,-0.300,-1,400.000,-1,400.000,-1,325.000,325.000,300.000,300.000,-1,-1,-1,-1,775.000,825.000,-1,-1,2,0,2,0,2,0,0,0,0,2,2,2,2,0,0,2,2
58,7462.752,8300.506,36.876,170.110,-0.982395,-0.171711,0.073586,0.172830,-0.984910,0.009071,0.070918,0.021629,0.997248,0,0.88907,-0.15010,53.344,-0.300,-1,400.000,-1,400.000,-1,325.000,325.000,300.000,300.000,-1,-1,-1,-1,775.000,825.000,-1,-1,2,0,2,0,2,0,0,0,0,2,2,2,2,0,0,2,2
59,7410.250,8309.942,40.709,169.810,-0.981522,-0.176862,0.073041,0.178085,-0.983959,0.010522,0.070008,0.023335,0.997273,0,0.88907,-0.15010,53.344,-0.300,-1,400.000,-1,400.000,-1,325.000,325.000,300.000,300.000,-1,-1,-1,-1,775.000,825.000,-1,-1,2,0,2,0,2,0,0,0,0,2,2,2,2,0,0,2,2
60,7357.797,8319.653,44.514,169.510,-0.980619,-0.182008,0.072518,0.183332,-0.982978,0.011985,0.069102,0.025048,0.997295,0,0.88907,-0.15010,53.344,-0.300,-1,400.000,-1,400.000,-1,325.000,325.000,300.000,300.000,-1,-1,-1,-1,775.000,800.000,-1,-1,2,0,2,0,2,0,0,0,0,2,2,2,2,0,0,2,2
61,7305.396,8329.639,48.291,169.210,-0.979688,-0.187147,0.072019,0.188572,-0.981967,0.013461,0.068201,0.026768,0.997312,0,0.88907,-0.15010,53.344,-0.300,-1,400.000,-1,400.000,-1,325.000,325.000,300.000,300.000,-1,-1,-1,-1,775.000,800.000,-1,-1,2,0,2,0,2,0,0,0,0,2,2,2,2,0,0,2,2
62,7253.049,8339.900,51.968,168.910,-0.978720,-0.192282,0.071658,0.193789,-0.980934,0.014638,0.067477,0.028213,0.997322,0,0.88907,-0.15010,53.344,-0.300,-1,400.000,-1,400.000,-1,325.000,325.000,300.000,300.000,-1,-1,-1,-1,775.000,800.000,-1,-1,2,0,2,0,2,0,0,0,0,2,2,2,2,0,0,2,2
63,7200.755,8350.435,55.482,168.609,-0.977736,-0.197414,0.071139,0.198963,-0.979887,0.015312,0.066686,0.029125,0.997349,0,0.88907,-0.15010,53.344,-0.300,-1,400.000,-1,400.000,-1,325.000,325.000,300.000,300.000,-1,-1,-1,-1,775.000,800.000,-1,-1,2,0,2,0,2,0,0,0,0,2,2,2,2,0,0,2,2
64,7148.518,8361.243,58.963,168.309,-0.976720,-0.202540,0.070685,0.204135,-0.978811,0.016046,0.065938,0.030102,0.997370,0,0.88907,-0.15010,53.344,-0.300,-1,400.000,-1,400.000,-1,325.000,325.000,300.000,300.000,-1,-1,-1,-1,775.000,800.000,-1,-1,2,0,2,0,2,0,0,0,0,2,2,2,2,0,0,2,2
65,7101.076,8371.527,62.110,167.769,-0.974789,-0.211751,0.070338,0.213399,-0.976822,0.016709,0.065170,0.031298,0.997383,0,0.80907,-0.27010,48.544,-0.540,-1,400.000,-1,400.000,-1,325.000,325.000,300.000,300.000,-1,-1,-1,-1,775.000,800.000,-1,-1,2,0,2,0,2,0,0,0,0,2,2,2,2,0,0,2,2
66,7058.455,8381.375,64.921,166.989,-0.971832,-0.225022,0.070052,0.226728,-0.973804,0.017322,0.064319,0.032717,0.997393,0,0.72907,-0.39010,43.744,-0.780,-1,400.000,-1,400.000,-1,325.000,325.000,300.000,300.000,-1,-1,-1,-1,775.000,775.000,-1,-1,2,0,2,0,2,0,0,0,0,2,2,2,2,0,0,2,2
67,7020.673,8390.817,67.378,165.969,-0.967688,-0.242313,0.069742,0.244074,-0.969593,0.017823,0.063303,0.034269,0.997406,0,0.64907,-0.51010,38.944,-1.020,-1,400.000,-1,400.000,-1,325.000,325.000,300.000,300.000,-1,-1,-1,-1,775.000,775.000,-1,-1,2,0,2,0,2,0,0,0,0,2,2,2,2,0,0,2,2
68,6987.738,8399.821,69.482,164.708,-0.962142,-0.263563,0.069403,0.265378,-0.963972,0.018218,0.062101,0.035946,0.997422,0,0.56907,-0.63010,34.144,-1.260,-1,400.000,-1,400.000,-1,325.000,325.000,300.000,300.000,-1,-1,-1,-1,775.000,775.000,-1,-1,2,0,2,0,2,0,0,0,0,2,2,2,2,0,0,2,2
69,6959.644,8408.297,71.255,163.208,-0.954925,-0.288690,0.069108,0.290563,-0.956676,0.018568,0.060753,0.037811,0.997436,0,0.48907,-0.75010,29.344,-1.500,-1,400.000,-1,400.000,-1,325.000,325.000,300.000,300.000,-1,-1,-1,-1,775.000,775.000,-1,-1,2,0,2,0,2,0,0,0,0,2,2,2,2,0,0,2,2
70,6936.373,8416.097,72.704,161.468,-0.945727,-0.317583,0.068854,0.319517,-0.947393,0.018874,0.059238,0.039850,0.997448,0,0.40907,-0.87010,24.544,-1.740,-1,400.000,-1,400.000,-1,325.000,325.000,300.000,300.000,-1,-1,-1,-1,775.000,775.000,-1,-1,2,0,2,0,2,0,0,0,0,2,2,2,2,0,0,2,2
71,6917.880,8423.015,73.835,159.488,-0.934194,-0.350099,0.068644,0.352095,-0.935769,0.019139,0.057534,0.042048,0.997458,0,0.32907,-0.99010,19.744,-1.980,-1,400.000,-1,400.000,-1,325.000,325.000,300.000,300.000,-1,-1,-1,-1,775.000,775.000,-1,-1,2,0,2,0,2,0,0,0,0,2,2,2,2,0,0,2,2
72,6904.074,8428.736,74.666,157.488,-0.921411,-0.382508,0.068480,0.384563,-0.922896,0.019358,0.055795,0.044172,0.997465,0,0.24907,-1.00000,14.944,-2.000,-1,400.000,-1,400.000,-1,325.000,325.000,300.000,300.000,-1,-1,-1,-1,775.000,750.000,-1,-1,2,0,2,0,2,0,0,0,0,2,2,2,2,0,0,2,2
73,6894.844,8432.943,75.210,155.488,-0.907503,-0.414446,0.068363,0.416555,-0.908901,0.019528,0.054042,0.046199,0.997469,0,0.16907,-1.00000,10.144,-2.000,-1,400.000,-1,400.000,-1,325.000,325.000,300.000,300.000,-1,-1,-1,-1,775.000,750.000,-1,-1,2,0,2,0,2,0,0,0,0,2,2,2,2,0,0,2,2
74,6890.061,8435.328,75.482,153.488,-0.892487,-0.445873,0.068292,0.448032,-0.893802,0.019643,0.052281,0.048128,0.997472,0,0.08907,-1.00000,5.344,-2.000,-1,400.000,-1,400.000,-1,325.000,325.000,300.000,300.000,-1,-1,-1,-1,775.000,750.000,-1,-1,2,0,2,0,2,0,0,0,0,2,2,2,2,0,0,2,2
75,6889.582,8435.587,75.496,151.488,-0.876383,-0.476751,0.068266,0.478957,-0.877617,0.019699,0.050520,0.049960,0.997473,0,0.00907,-1.00000,0.544,-2.000,-1,400.000,-1,400.000,-1,325.000,325.000,300.000,300.000,-1,-1,-1,-1,775.000,750.000,-1,-1,2,0,2,0,2,0,0,0,0,2,2,2,2,0,0,2,2
76,6893.248,8433.426,75.268,149.488,-0.859211,-0.507045,0.068285,0.509292,-0.860368,0.019690,0.048767,0.051695,0.997472,0,-0.07093,-1.00000,-4.256,-2.000,-1,400.000,-1,400.000,-1,325.000,325.000,300.000,300.000,-1,-1,-1,-1,775.000,750.000,-1,-1,2,0,2,0,2,0,0,0,0,2,2,2,2,0,0,2,2
77,6900.883,8428.558,74.815,147.488,-0.840990,-0.536716,0.068349,0.539002,-0.842076,0.019611,0.047029,0.053334,0.997469,0,-0.15093,-1.00000,-9.056,-2.000,-1,400.000,-1,400.000,-1,325.000,325.000,300.000,300.000,-1,-1,-1,-1,775.000,750.000,-1,-1,2,0,2,0,2,0,0,0,0,2,2,2,2,0,0,2,2
78,6912.300,8420.707,74.153,145.488,-0.821744,-0.565729,0.068459,0.568052,-0.822763,0.019459,0.045317,0.054878,0.997464,0,-0.23093,-1.00000,-13.856,-2.000,-1,400.000,-1,400.000,-1,325.000,325.000,300.000,300.000,-1,-1,-1,-1,775.000,750.000,-1,-1,2,0,2,0,2,0,0,0,0,2,2,2,2,0,0,2,2
79,6919.600,8415.348,73.735,143.728,-0.803985,-0.590688,0.068529,0.593041,-0.804939,0.019375,0.043717,0.056218,0.997461,0,-0.15093,-0.88000,-9.056,-1.760,-1,400.000,-1,400.000,-1,325.000,325.000,300.000,300.000,-1,-1,-1,-1,775.000,750.000,-1,-1,2,0,2,0,2,0,0,0,0,2,2,2,2,0,0,2,2
80,6922.962,8412.740,73.543,142.208,-0.788042,-0.611792,0.068559,0.614170,-0.788936,0.019364,0.042242,0.057367,0.997459,0,-0.07093,-0.76000,-4.256,-1.520,-1,400.000,-1,400.000,-1,325.000,325.000,300.000,300.000,-1,-1,-1,-1,775.000,750.000,-1,-1,2,0,2,0,2,0,0,0,0,2,2,2,2,0,0,2,2
81,6922.539,8413.083,73.565,140.928,-0.774193,-0.629227,0.068550,0.631627,-0.775029,0.019426,0.040905,0.058338,0.997459,0,0.00907,-0.64000,0.544,-1.280,-1,400.000,-1,400.000,-1,325.000,325.000,300.000,300.000,-1,-1,-1,-1,775.000,750.000,-1,-1,2,0,2,0,2,0,0,0,0,2,2,2,2,0,0,2,2
82,6918.452,8416.526,73.787,139.888,-0.762661,-0.643160,0.068502,0.645577,-0.763444,0.019561,0.039717,0.059142,0.997459,0,0.08907,-0.52000,5.344,-1.040,-1,400.000,-1,400.000,-1,325.000,325.000,300.000,300.000,-1,-1,-1,-1,775.000,750.000,-1,-1,2,0,2,0,2,0,0,0,0,2,2,2,2,0,0,2,2
83,6910.808,8423.194,74.199,138.896,-0.751442,-0.656242,0.068418,0.658676,-0.752167,0.019778,0.038483,0.059927,0.997461,0,0.16907,-0.49569,10.144,-0.991,-1,400.000,-1,400.000,-1,325.000,325.000,300.000,300.000,-1,-1,-1,-1,775.000,750.000,-1,-1,2,0,2,0,2,0,0,0,0,2,2,2,2,0,0,2,2
84,6899.718,8433.212,74.791,137.905,-0.740004,-0.669125,0.068302,0.671575,-0.740664,0.020077,0.037155,0.060727,0.997463,0,0.24907,-0.49569,14.944,-0.991,-1,400.000,-1,400.000,-1,325.000,325.000,300.000,300.000,-1,-1,-1,-1,775.000,750.000,-1,-1,2,0,2,0,2,0,0,0,0,2,2,2,2,0,0,2,2
85,6885.298,8446.699,75.549,136.914,-0.728350,-0.681806,0.068161,0.684272,-0.728940,0.020455,0.035738,0.061539,0.997465,0,0.32907,-0.49569,19.744,-0.991,-1,400.000,-1,400.000,-1,325.000,325.000,300.000,300.000,-1,-1,-1,-1,775.000,725.000,-1,-1,2,0,2,0,2,0,0,0,0,2,2,2,2,0,0,2,2
86,6867.666,8463.773,76.507,135.922,-0.716480,-0.694288,0.067980,0.696761,-0.717005,0.020698,0.034371,0.062196,0.997472,0,0.40907,-0.49569,24.544,-0.991,-1,400.000,-1,375.000,-1,325.000,325.000,300.000,300.000,-1,-1,-1,-1,775.000,725.000,-1,-1,2,0,2,0,2,0,0,0,0,2,2,2,2,0,0,2,2
87,6846.941,8484.547,77.640,134.931,-0.704393,-0.706569,0.067752,0.709038,-0.704865,0.020748,0.033096,0.062653,0.997486,0,0.48907,-0.49569,29.344,-0.991,-1,400.000,-1,375.000,-1,325.000,325.000,300.000,300.000,-1,-1,-1,-1,750.000,725.000,-1,-1,2,0,2,0,2,0,0,0,0,2,2,2,2,0,0,2,2
88,6823.248,8509.134,78.870,133.939,-0.692093,-0.718649,0.067467,0.721101,-0.692524,0.020567,0.031942,0.062885,0.997509,0,0.56907,-0.49569,34.144,-0.991,-1,400.000,-1,375.000,-1,325.000,325.000,300.000,300.000,-1,-1,-1,-1,750.000,725.000,-1,-1,2,0,2,0,2,0,0,0,0,2,2,2,2,0,0,2,2
89,6796.714,8537.640,80.224,132.948,-0.679587,-0.730515,0.067154,0.732949,-0.679979,0.020376,0.030778,0.063068,0.997535,0,0.64907,-0.49569,38.944,-0.991,-1,400.000,-1,375.000,-1,325.000,325.000,300.000,300.000,-1,-1,-1,-1,750.000,725.000,-1,-1,2,0,2,0,2,0,0,0,0,2,2,2,2,0,0,2,2
90,6767.468,8570.170,81.690,131.957,-0.666879,-0.742164,0.066821,0.744577,-0.667232,0.020177,0.029611,0.063209,0.997561,0,0.72907,-0.49569,43.744,-0.991,-1,400.000,-1,375.000,-1,325.000,325.000,300.000,300.000,-1,-1,-1,-1,750.000,725.000,-1,-1,2,0,2,0,2,0,0,0,0,2,2,2,2,0,0,2,2
91,6735.642,8606.827,83.253,130.965,-0.653973,-0.753592,0.066478,0.755983,-0.654286,0.019969,0.028447,0.063315,0.997588,0,0.80907,-0.49569,48.544,-0.991,-1,400.000,-1,375.000,-1,325.000,325.000,300.000,300.000,-1,-1,-1,-1,750.000,725.000,-1,-1,2,0,2,0,2,0,0,0,0,2,2,2,2,0,0,2,2
92,6701.774,8647.227,84.808,129.974,-0.640860,-0.764809,0.066067,0.767164,-0.641158,0.019396,0.027525,0.063115,0.997627,0,0.87864,-0.49569,52.719,-0.991,-1,400.000,-1,375.000,-1,325.000,325.000,300.000,300.000,-1,-1,-1,-1,750.000,700.000,-1,-1,2,0,2,0,2,0,0,0,0,2,2,2,2,0,0,2,2
93,6668.610,8688.208,86.263,128.983,-0.627551,-0.775802,0.065649,0.778117,-0.627841,0.018702,0.026708,0.062819,0.997667,0,0.87864,-0.49569,52.719,-0.991,-1,400.000,-1,375.000,-1,325.000,325.000,300.000,300.000,-1,-1,-1,-1,750.000,700.000,-1,-1,2,0,2,0,2,0,0,0,0,2,2,2,2,0,0,2,2
94,6636.159,8729.757,87.645,127.991,-0.614053,-0.786563,0.065254,0.788840,-0.614335,0.018019,0.025915,0.062539,0.997706,0,0.87864,-0.49569,52.719,-0.991,-1,400.000,-1,375.000,-1,325.000,325.000,300.000,300.000,-1,-1,-1,-1,750.000,700.000,-1,-1,2,0,2,0,2,0,0,0,0,2,2,2,2,0,0,2,2
95,6604.432,8771.860,89.002,127.000,-0.600354,-0.797078,0.065131,0.799334,-0.600637,0.017338,0.025300,0.062471,0.997726,0,0.87864,-0.49569,52.719,-0.991,-1,400.000,-1,375.000,-1,325.000,325.000,300.000,300.000,-1,-1,-1,-1,750.000,675.000,-1,-1,2,0,2,0,2,0,0,0,0,2,2,2,2,0,0,2,2
96,6573.438,8814.506,90.400,126.008,-0.586440,-0.807330,0.065630,0.809604,-0.586740,0.016629,0.025083,0.062886,0.997705,0,0.87864,-0.49569,52.719,-0.991,-1,400.000,-1,375.000,-1,325.000,325.000,300.000,300.000,-1,-1,-1,-1,750.000,675.000,-1,-1,2,0,2,0,2,0,0,0,0,2,2,2,2,0,0,2,2
97,6543.187,8857.682,91.726,125.017,-0.572348,-0.817338,0.066153,0.819633,-0.572668,0.015896,0.024892,0.063319,0.997683,0,0.87864,-0.49569,52.719,-0.991,-1,400.000,-1,375.000,-1,325.000,325.000,300.000,300.000,-1,-1,-1,-1,750.000,675.000,-1,-1,2,0,2,0,2,0,0,0,0,2,2,2,2,0,0,2,2
98,6513.687,8901.374,92.978,124.026,-0.558083,-0.827100,0.066700,0.829417,-0.558425,0.015136,0.024728,0.063769,0.997658,0,0.87864,-0.49569,52.719,-0.991,-1,400.000,-1,375.000,-1,325.000,325.000,300.000,300.000,-1,-1,-1,-1,750.000,675.000,-1,-1,2,0,2,0,2,0,0,0,0,2,2,2,2,0,0,2,2
99,6484.947,8945.571,94.177,123.034,-0.543653,-0.836617,0.067179,0.838951,-0.544017,0.014358,0.024534,0.064166,0.997638,0,0.87864,-0.49569,52.719,-0.991,-1,400.000,-1,375.000,-1,325.000,325.000,300.000,300.000,-1,-1,-1,-1,750.000,675.000,-1,-1,2,0,2,0,2,0,0,0,0,2,2,2,2,0,0,2,2
100,6456.977,8990.258,95.317,122.043,-0.529063,-0.845885,0.067609,0.848234,-0.529448,0.013561,0.024324,0.064523,0.997620,0,0.87864,-0.49569,52.719,-0.991,-1,400.000,-1,375.000,-1,325.000,325.000,300.000,300.000,-1,-1,-1,-1,725.000,650.000,-1,-1,2,0,2,0,2,0,0,0,0,2,2,2,2,0,0,2,2
101,6429.784,9035.423,96.529,121.052,-0.514352,-0.854928,0.067381,0.857251,-0.514739,0.012829,0.023716,0.064361,0.997645,0,0.87864,-0.49569,52.719,-0.991,-1,400.000,-1,375.000,-1,325.000,325.000,300.000,300.000,-1,-1,-1,-1,725.000,650.000,-1,-1,2,0,2,0,2,0,0,0,0,2,2,2,2,0,0,2,2
102,6403.377,9081.051,97.703,120.060,-0.499495,-0.863721,0.067014,0.866011,-0.499879,0.012116,0.023034,0.064086,0.997678,0,0.87864,-0.49569,52.719,-0.991,-1,400.000,-1,375.000,-1,325.000,300.000,300.000,300.000,-1,-1,-1,-1,725.000,650.000,-1,-1,2,0,2,0,2,0,0,0,0,2,2,2,2,0,0,2,2
103,6377.764,9127.130,99.013,119.069,-0.484463,-0.872298,0.066265,0.874511,-0.484892,0.010521,0.022954,0.063047,0.997747,0,0.87864,-0.49569,52.719,-0.991,-1,375.000,-1,375.000,-1,325.000,300.000,300.000,300.000,-1,-1,-1,-1,700.000,650.000,-1,-1,2,0,2,0,2,0,0,0,0,2,2,2,2,0,0,2,2
104,6352.952,9173.646,100.530,118.077,-0.469254,-0.880671,0.064957,0.882745,-0.469788,0.007756,0.023686,0.060980,0.997858,0,0.87864,-0.49569,52.719,-0.991,-1,375.000,-1,375.000,-1,300.000,300.000,300.000,300.000,-1,-1,-1,-1,700.000,650.000,-1,-1,2,0,2,0,2,0,0,0,0,2,2,2,2,0,0,2,2
105,6330.193,9218.616,101.900,116.846,-0.450191,-0.890664,0.063601,0.892608,-0.450805,0.005155,0.024080,0.059091,0.997962,0,0.84002,-0.61569,50.401,-1.231,-1,375.000,-1,375.000,-1,300.000,300.000,300.000,300.000,-1,750.000,850.000,-1,700.000,650.000,-1,-1,2,0,2,0,2,0,0,0,0,2,0,0,2,0,0,2,2
106,6308.595,9264.156,103.196,115.375,-0.427156,-0.902040,0.062143,0.903855,-0.427830,0.002694,0.024157,0.057319,0.998064,0,0.84002,-0.73569,50.401,-1.471,-1,375.000,-1,375.000,-1,300.000,300.000,300.000,325.000,-1,675.000,775.000,-1,700.000,650.000,-1,-1,2,0,2,0,2,0,0,0,0,2,0,0,2,0,0,2,2
107,6288.367,9310.320,104.536,113.663,-0.400039,-0.914475,0.060872,0.916197,-0.400727,0.000984,0.023493,0.056164,0.998145,0,0.84002,-0.85569,50.401,-1.711,-1,375.000,-1,375.000,-1,300.000,300.000,300.000,325.000,-1,650.000,750.000,-1,700.000,650.000,-1,-1,2,0,2,0,2,0,0,0,0,2,0,0,2,0,0,2,2
108,6269.721,9357.146,106.141,111.712,-0.368582,-0.927568,0.061355,0.929291,-0.369347,-0.001219,0.023792,0.056568,0.998115,0,0.84002,-0.97569,50.401,-1.951,-1,375.000,-1,375.000,-1,300.000,300.000,300.000,325.000,-1,600.000,675.000,-1,700.000,650.000,-1,-1,2,0,2,0,2,0,0,0,0,2,0,0,2,0,0,2,2
109,6252.720,9404.594,107.722,109.712,-0.335876,-0.939855,0.062121,0.941592,-0.336737,-0.003632,0.024332,0.057272,0.998062,0,0.84002,-1.00000,50.401,-2.000,-1,375.000,-1,375.000,-1,300.000,300.000,300.000,300.000,-1,550.000,625.000,-1,700.000,650.000,-1,-1,2,0,2,0,2,0,0,0,0,2,0,0,2,0,0,2,2
110,6237.386,9452.607,109.186,107.712,-0.302762,-0.951001,0.062702,0.952742,-0.303720,-0.006128,0.024872,0.057884,0.998013,0,0.84002,-1.00000,50.401,-2.000,-1,375.000,-1,375.000,-1,300.000,300.000,300.000,300.000,-1,500.000,575.000,-1,700.000,650.000,-1,-1,2,0,2,0,2,0,0,0,0,2,0,0,2,0,0,2,2
111,6223.737,9501.125,110.534,105.712,-0.269281,-0.960993,0.063097,0.962726,-0.270338,-0.008699,0.025417,0.058403,0.997969,0,0.84002,-1.00000,50.401,-2.000,-1,375.000,-1,375.000,-1,325.000,300.000,300.000,300.000,-1,475.000,525.000,-1,725.000,650.000,-1,-1,2,0,2,0,2,0,0,0,0,2,0,0,2,0,0,2,2
112,6211.789,9550.091,111.767,103.712,-0.235472,-0.969817,0.063304,0.971534,-0.236629,-0.011336,0.025973,0.058832,0.997930,0,0.84002,-1.00000,50.401,-2.000,-1,375.000,-1,375.000,-1,325.000,300.000,325.000,300.000,-1,450.000,500.000,-1,725.000,650.000,-1,-1,2,0,2,0,2,0,0,0,0,2,0,0,2,0,0,2,2
113,6201.558,9599.443,112.886,101.712,-0.201377,-0.977465,0.063318,0.979154,-0.202634,-0.014033,0.026547,0.059172,0.997895,0,0.84002,-1.00000,50.401,-2.000,-1,375.000,-1,375.000,-1,325.000,300.000,325.000,300.000,-1,450.000,475.000,-1,725.000,650.000,-1,-1,2,0,2,0,2,0,0,0,0,2,0,0,2,0,0,2,2
114,6193.055,9649.123,113.893,99.712,-0.167038,-0.983927,0.063139,0.985577,-0.168395,-0.016780,0.027143,0.059426,0.997864,0,0.84002,-1.00000,50.401,-2.000,-1,375.000,-1,375.000,-1,325.000,300.000,325.000,300.000,-1,400.000,425.000,-1,725.000,650.000,-1,-1,2,0,2,0,2,0,0,0,0,2,0,0,2,0,0,2,2
115,6186.291,9699.069,114.787,97.712,-0.132497,-0.989194,0.062765,0.990794,-0.133953,-0.019571,0.027767,0.059594,0.997836,0,0.84002,-1.00000,50.401,-2.000,-1,375.000,-1,375.000,-1,300.000,300.000,300.000,300.000,-1,350.000,375.000,-1,725.000,650.000,-1,-1,2,0,2,0,2,0,0,0,0,2,0,0,2,0,0,2,2
116,6181.275,9749.220,115.572,95.712,-0.097794,-0.993261,0.062194,0.994801,-0.099348,-0.022397,0.028425,0.059680,0.997813,0,0.84002,-1.00000,50.401,-2.000,-1,375.000,-1,375.000,-1,300.000,300.000,300.000,300.000,-1,325.000,350.000,-1,725.000,650.000,-1,-1,2,0,2,0,2,0,0,0,0,2,0,0,2,0,0,2,2
117,6178.012,9799.517,116.247,93.712,-0.062974,-0.996123,0.061423,0.997590,-0.064624,-0.025251,0.029122,0.059685,0.997792,0,0.84002,-1.00000,50.401,-2.000,-1,375.000,-1,375.000,-1,300.000,300.000,300.000,300.000,-1,300.000,325.000,-1,725.000,650.000,-1,-1,2,0,2,0,2,0,0,0,0,2,0,0,2,0,0,2,2
118,6176.507,9849.896,117.289,91.712,-0.028156,-0.997839,0.059372,0.999181,-0.029822,-0.027363,0.029075,0.058552,0.997861,0,0.84002,-1.00000,50.401,-2.000,-1,375.000,-1,375.000,-1,300.000,300.000,300.000,300.000,-1,300.000,325.000,-1,700.000,650.000,-1,-1,2,0,2,0,2,0,0,0,0,2,0,0,2,0,0,2,2
119,6176.760,9900.297,119.281,89.712,0.006734,-0.998250,0.058750,0.999559,0.005020,-0.029278,0.028932,0.058921,0.997843,0,0.84002,-1.00000,50.401,-2.000,-1,375.000,-1,375.000,-1,300.000,300.000,300.000,300.000,-1,325.000,350.000,-1,700.000,650.000,-1,-1,2,0,2,0,2,0,0,0,0,2,0,0,2,0,0,2,2
120,6178.772,9950.659,121.171,87.712,0.041618,-0.997449,0.057996,0.998717,0.039855,-0.031237,0.028846,0.059222,0.997828,0,0.84002,-1.00000,50.401,-2.000,-1,375.000,-1,375.000,-1,300.000,300.000,300.000,300.000,-1,350.000,375.000,-1,700.000,650.000,-1,-1,2,0,2,0,2,0,0,0,0,2,0,0,2,0,0,2,2
121,6182.669,10005.723,123.145,85.952,0.072295,-0.995755,0.056972,0.996954,0.070471,-0.033411,0.029254,0.059213,0.997817,0,0.92002,-0.88000,55.201,-1.760,-1,375.000,-1,375.000,-1,300.000,300.000,300.000,300.000,-1,375.000,400.000,-1,725.000,650.000,-1,-1,2,0,2,0,2,0,0,0,0,2,0,0,2,0,0,2,2
122,6188.232,10062.780,125.114,84.432,0.098753,-0.993549,0.055748,0.994658,0.096861,-0.035690,0.030060,0.058975,0.997807,0,0.95545,-0.76000,57.327,-1.520,-1,375.000,-1,375.000,-1,300.000,300.000,325.000,300.000,-1,400.000,425.000,-1,725.000,650.000,-1,-1,2,0,2,0,2,0,0,0,0,2,0,0,2,0,0,2,2
123,6195.067,10119.699,127.022,83.152,0.120996,-0.991161,0.054400,0.992163,0.119033,-0.037985,0.031174,0.058569,0.997796,0,0.95545,-0.64000,57.327,-1.280,-1,375.000,-1,375.000,-1,300.000,300.000,325.000,325.000,-1,425.000,450.000,-1,725.000,650.000,-1,-1,2,0,2,0,2,0,0,0,0,2,0,0,2,0,0,2,2
124,6202.935,10176.484,128.886,82.112,0.139042,-0.988870,0.052953,0.989750,0.137008,-0.040293,0.032590,0.058012,0.997784,0,0.95545,-0.52000,57.327,-1.040,-1,375.000,-1,375.000,-1,325.000,300.000,325.000,325.000,-1,450.000,475.000,-1,725.000,675.000,-1,-1,2,0,2,0,2,0,0,0,0,2,0,0,2,0,0,2,2
125,6211.614,10233.151,130.721,81.293,0.153232,-0.986851,0.051433,0.987596,0.151126,-0.042613,0.034279,0.057324,0.997767,0,0.95545,-0.40925,57.327,-0.819,-1,375.000,-1,375.000,-1,325.000,300.000,300.000,325.000,-1,475.000,475.000,-1,725.000,675.000,-1,-1,2,0,2,0,2,0,0,0,0,2,0,0,2,0,0,2,2
126,6221.101,10289.688,132.531,80.475,0.167388,-0.984630,0.049846,0.985233,0.165215,-0.044945,0.036018,0.056633,0.997745,0,0.95545,-0.40925,57.327,-0.819,-1,375.000,-1,375.000,-1,325.000,300.000,300.000,325.000,-1,475.000,500.000,-1,725.000,675.000,-1,-1,2,0,2,0,2,0,0,0,0,2,0,0,2,0,0,2,2
127,6231.394,10346.084,134.317,79.656,0.181507,-0.982208,0.048193,0.982663,0.179270,-0.047288,0.037807,0.055941,0.997718,0,0.95545,-0.40925,57.327,-0.819,-1,375.000,-1,375.000,-1,325.000,300.000,300.000,325.000,-1,425.000,475.000,-1,725.000,675.000,-1,-1,2,0,2,0,2,0,0,0,0,2,0,0,2,0,0,2,2
128,6242.492,10402.327,136.083,78.838,0.195586,-0.979585,0.046474,0.979885,0.193290,-0.049644,0.039647,0.055248,0.997685,0,0.95545,-0.40925,57.327,-0.819,-1,400.000,-1,375.000,-1,325.000,300.000,300.000,325.000,-1,375.000,450.000,-1,750.000,675.000,-1,-1,2,0,2,0,2,0,0,0,0,2,0,0,2,0,0,2,2
129,6254.392,10458.406,138.028,78.019,0.209629,-0.976718,0.045589,0.976922,0.207263,-0.051629,0.040978,0.055360,0.997625,0,0.95545,-0.40925,57.327,-0.819,-1,400.000,-1,375.000,-1,325.000,300.000,300.000,300.000,-1,375.000,425.000,-1,750.000,675.000,-1,-1,2,0,2,0,2,0,0,0,0,2,0,0,2,0,0,2,2
130,6267.091,10514.309,140.167,77.201,0.223653,-0.973605,0.045530,0.973759,0.221182,-0.053596,0.042111,0.056323,0.997524,0,0.95545,-0.40925,57.327,-0.819,-1,400.000,-1,375.000,-1,325.000,300.000,300.000,300.000,-1,375.000,425.000,-1,750.000,675.000,-1,-1,2,0,2,0,2,0,0,0,0,2,0,0,2,0,0,2,2
131,6280.588,10570.025,142.547,76.382,0.237565,-0.970343,0.044688,0.970437,0.235067,-0.054740,0.042612,0.056371,0.997500,0,0.95545,-0.40925,57.327,-0.819,-1,400.000,-1,375.000,-1,325.000,300.000,300.000,300.000,-1,400.000,450.000,-1,750.000,675.000,-1,-1,2,0,2,0,2,0,0,0,0,2,0,0,2,0,0,2,2
132,6294.881,10625.542,145.131,75.564,0.251391,-0.966925,0.043105,0.966930,0.248914,-0.055570,0.043003,0.055649,0.997524,0,0.95545,-0.40925,57.327,-0.819,-1,400.000,-1,375.000,-1,325.000,300.000,300.000,300.000,-1,425.000,475.000,-1,750.000,675.000,-1,-1,2,0,2,0,2,0,0,0,0,2,0,0,2,0,0,2,2
133,6309.965,10680.850,147.711,74.745,0.265166,-0.963309,0.041508,0.963224,0.262712,-0.056415,0.043440,0.054941,0.997544,0,0.95545,-0.40925,57.327,-0.819,-1,400.000,-1,375.000,-1,325.000,300.000,300.000,300.000,-1,475.000,500.000,-1,750.000,675.000,-1,-1,2,0,2,0,2,0,0,0,0,2,0,0,2,0,0,2,2
134,6325.837,10735.936,150.287,73.927,0.278889,-0.959494,0.039899,0.959318,0.276457,-0.057274,0.043924,0.054249,0.997561,0,0.95545,-0.40925,57.327,-0.819,-1,400.000,-1,375.000,-1,325.000,300.000,300.000,300.000,-1,500.000,525.000,-1,750.000,675.000,-1,-1,2,0,2,0,2,0,0,0,0,2,0,0,2,0,0,2,2
135,6342.495,10790.790,152.862,73.108,0.292557,-0.955482,0.038277,0.955214,0.290145,-0.058148,0.044453,0.053574,0.997574,0,0.95545,-0.40925,57.327,-0.819,-1,400.000,-1,375.000,-1,325.000,300.000,300.000,300.000,-1,525.000,550.000,-1,750.000,675.000,-1,-1,2,0,2,0,2,0,0,0,0,2,0,0,2,0,0,2,2
136,6359.934,10845.401,155.439,72.290,0.306165,-0.951273,0.036643,0.950913,0.303775,-0.059035,0.045027,0.052919,0.997583,0,0.95545,-0.40925,57.327,-0.819,-1,400.000,-1,375.000,-1,325.000,300.000,300.000,300.000,-1,550.000,575.000,-1,750.000,675.000,-1,-1,2,0,2,0,2,0,0,0,0,2,0,0,2,0,0,2,2
137,6378.152,10899.756,158.020,71.471,0.319712,-0.946868,0.034999,0.946415,0.317344,-0.059936,0.045645,0.052286,0.997588,0,0.95545,-0.40925,57.327,-0.819,-1,400.000,-1,375.000,-1,325.000,300.000,300.000,325.000,-1,575.000,600.000,-1,750.000,675.000,-1,-1,2,0,2,0,2,0,0,0,0,2,0,0,2,0,0,2,2
