timestep,x_cm,y_cm,z_cm,yaw_deg,basis_xx,basis_xy,basis_xz,basis_yx,basis_yy,basis_yz,basis_zx,basis_zy,basis_zz,teleport_flag,throttle_cmd,steering_cmd,cmd_move_cm,cmd_turn_deg,lidar_cm_0,lidar_cm_1,lidar_cm_2,lidar_cm_3,lidar_cm_4,lidar_cm_5,lidar_cm_6,lidar_cm_7,lidar_cm_8,lidar_cm_9,lidar_cm_10,lidar_cm_11,lidar_cm_12,lidar_cm_13,lidar_cm_14,lidar_cm_15,lidar_cm_16,lidar_class_0,lidar_class_1,lidar_class_2,lidar_class_3,lidar_class_4,lidar_class_5,lidar_class_6,lidar_class_7,lidar_class_8,lidar_class_9,lidar_class_10,lidar_class_11,lidar_class_12,lidar_class_13,lidar_class_14,lidar_class_15,lidar_class_16
0,5579.867,-9512.855,371.391,-22.487,0.920693,0.382465,0.077751,-0.381458,0.923962,-0.028016,-0.082554,-0.003864,0.996579,1,0.08000,-0.12000,4.800,-0.240,-1,375.000,-1,400.000,-1,325.000,325.000,325.000,325.000,-1,-1,-1,-1,675.000,750.000,-1,-1,2,0,2,0,2,0,0,0,0,2,2,2,2,0,0,2,2
1,5588.706,-9516.601,370.615,-22.967,0.917448,0.390192,0.077716,-0.389192,0.920723,-0.028251,-0.082578,-0.004328,0.996575,0,0.16000,-0.24000,9.600,-0.480,-1,375.000,-1,400.000,-1,325.000,325.000,325.000,325.000,-1,-1,-1,-1,650.000,750.000,-1,-1,2,0,2,0,2,0,0,0,0,2,2,2,2,0,0,2,2
2,5601.893,-9522.386,369.453,-23.687,0.912460,0.401730,0.077650,-0.400740,0.915745,-0.028614,-0.082603,-0.005009,0.996570,0,0.24000,-0.36000,14.400,-0.720,-1,375.000,-1,400.000,-1,325.000,325.000,325.000,325.000,-1,-1,-1,-1,650.000,750.000,-1,-1,2,0,2,0,2,0,0,0,0,2,2,2,2,0,0,2,2
3,5619.375,-9530.324,367.901,-24.422,0.907216,0.413455,0.077553,-0.412468,0.910507,-0.029101,-0.082644,-0.005587,0.996563,0,0.32000,-0.36791,19.200,-0.736,-1,375.000,-1,400.000,-1,325.000,325.000,325.000,325.000,-1,-1,-1,-1,650.000,750.000,-1,-1,2,0,2,0,2,0,0,0,0,2,2,2,2,0,0,2,2
4,5641.098,-9540.527,365.960,-25.158,0.901824,0.425113,0.077411,-0.424116,0.905120,-0.029722,-0.082702,-0.006027,0.996556,0,0.40000,-0.36791,24.000,-0.736,-1,375.000,-1,400.000,-1,325.000,325.000,325.000,325.000,-1,-1,-1,-1,650.000,750.000,-1,-1,2,0,2,0,2,0,0,0,0,2,2,2,2,0,0,2,2
5,5667.007,-9553.105,363.633,-25.894,0.896287,0.436701,0.077213,-0.435681,0.899585,-0.030485,-0.082772,-0.006317,0.996548,0,0.48000,-0.36791,28.800,-0.736,-1,375.000,-1,400.000,-1,325.000,325.000,325.000,325.000,-1,-1,-1,-1,650.000,725.000,-1,-1,2,0,2,0,2,0,0,0,0,2,2,2,2,0,0,2,2
6,5697.043,-9568.165,360.923,-26.630,0.890607,0.448217,0.076942,-0.447162,0.893902,-0.031400,-0.082853,-0.006441,0.996541,0,0.56000,-0.36791,33.600,-0.736,-1,375.000,-1,400.000,-1,325.000,325.000,325.000,325.000,-1,-1,-1,-1,650.000,725.000,-1,-1,2,0,2,0,2,0,0,0,0,2,2,2,2,0,0,2,2
7,5731.145,-9585.817,357.831,-27.366,0.884787,0.459660,0.076582,-0.458556,0.888072,-0.032477,-0.082939,-0.006382,0.996534,0,0.64000,-0.36791,38.400,-0.736,-1,375.000,-1,400.000,-1,325.000,325.000,325.000,325.000,-1,-1,-1,-1,650.000,725.000,-1,-1,2,0,2,0,2,0,0,0,0,2,2,2,2,0,0,2,2
8,5769.253,-9606.165,354.215,-28.102,0.878799,0.471026,0.076468,-0.469899,0.882094,-0.033243,-0.083110,-0.006718,0.996518,0,0.72000,-0.36791,43.200,-0.736,975.000,375.000,-1,400.000,-1,300.000,325.000,325.000,325.000,-1,-1,-1,-1,625.000,700.000,1000.000,-1,0,0,2,0,2,0,0,0,0,2,2,2,2,0,0,0,2
9,5809.159,-9628.138,350.263,-28.837,0.872614,0.482312,0.076941,-0.481188,0.875967,-0.033763,-0.083682,-0.007561,0.996464,0,0.75926,-0.36791,45.556,-0.736,925.000,350.000,-1,400.000,-1,300.000,325.000,325.000,325.000,-1,-1,-1,-1,625.000,700.000,950.000,-1,0,0,2,0,2,0,0,0,0,2,2,2,2,0,0,0,2
10,5848.780,-9650.621,346.716,-29.573,0.866455,0.493525,0.075432,-0.492321,0.869706,-0.035100,-0.082927,-0.006724,0.996533,0,0.75926,-0.36791,45.556,-0.736,925.000,350.000,-1,400.000,-1,300.000,325.000,325.000,325.000,-1,-1,-1,-1,625.000,700.000,925.000,-1,0,0,2,0,2,0,0,0,0,2,2,2,2,0,0,0,2
11,5888.108,-9673.612,343.261,-30.309,0.860192,0.504657,0.073429,-0.503359,0.863303,-0.036585,-0.081855,-0.005491,0.996629,0,0.75926,-0.36791,45.556,-0.736,900.000,350.000,-1,375.000,-1,300.000,300.000,325.000,325.000,-1,-1,-1,-1,625.000,675.000,925.000,-1,0,0,2,0,2,0,0,0,0,2,2,2,2,0,0,0,2
12,5927.138,-9697.106,339.812,-31.045,0.853791,0.515705,0.071345,-0.514317,0.856756,-0.038041,-0.080743,-0.004214,0.996726,0,0.75926,-0.36791,45.556,-0.736,900.000,350.000,-1,375.000,-1,300.000,300.000,325.000,300.000,-1,-1,-1,-1,625.000,675.000,900.000,-1,0,0,2,0,2,0,0,0,0,2,2,2,2,0,0,0,2
13,5965.863,-9721.099,336.372,-31.781,0.847252,0.526667,0.069178,-0.525194,0.850067,-0.039467,-0.079592,-0.002893,0.996823,0,0.75926,-0.36791,45.556,-0.736,875.000,350.000,-1,375.000,-1,300.000,300.000,325.000,300.000,-1,-1,-1,-1,625.000,675.000,900.000,-1,0,0,2,0,2,0,0,0,0,2,2,2,2,0,0,0,2
14,6004.277,-9745.587,332.922,-32.517,0.840583,0.537542,0.066852,-0.535987,0.843236,-0.040885,-0.078349,-0.001464,0.996925,0,0.75926,-0.36791,45.556,-0.736,875.000,350.000,-1,375.000,-1,300.000,300.000,325.000,300.000,-1,-1,-1,-1,625.000,675.000,875.000,-1,0,0,2,0,2,0,0,0,0,2,2,2,2,0,0,0,2
15,6042.373,-9770.567,329.484,-33.252,0.833776,0.548328,0.064455,-0.546697,0.836264,-0.042261,-0.077075,-0.000001,0.997025,0,0.75926,-0.36791,45.556,-0.736,875.000,350.000,-1,375.000,-1,300.000,300.000,325.000,300.000,-1,-1,-1,-1,625.000,650.000,875.000,-1,0,0,2,0,2,0,0,0,0,2,2,2,2,0,0,0,2
16,6080.145,-9796.034,326.061,-33.988,0.826830,0.559021,0.062029,-0.557320,0.829152,-0.043610,-0.075810,0.001487,0.997121,0,0.75926,-0.36791,45.556,-0.736,850.000,350.000,-1,375.000,-1,300.000,300.000,325.000,300.000,-1,-1,-1,-1,600.000,650.000,875.000,-1,0,0,2,0,2,0,0,0,0,2,2,2,2,0,0,0,2
17,6117.587,-9821.983,322.842,-34.724,0.819749,0.569622,0.059515,-0.567922,0.821903,-0.044034,-0.073998,0.002297,0.997256,0,0.75926,-0.36791,45.556,-0.736,850.000,350.000,-1,375.000,-1,300.000,300.000,325.000,300.000,-1,-1,-1,-1,600.000,650.000,850.000,-1,0,0,2,0,2,0,0,0,0,2,2,2,2,0,0,0,2
18,6154.693,-9848.411,319.900,-35.460,0.812532,0.580131,0.056929,-0.578525,0.814521,-0.043188,-0.071425,0.002157,0.997444,0,0.75926,-0.36791,45.556,-0.736,850.000,350.000,-1,375.000,-1,300.000,300.000,300.000,300.000,-1,-1,-1,-1,600.000,650.000,850.000,-1,0,0,2,0,2,0,0,0,0,2,2,2,2,0,0,0,2
19,6191.456,-9875.313,316.990,-36.196,0.805173,0.590543,0.054367,-0.589034,0.807004,-0.042240,-0.068819,0.001987,0.997627,0,0.75926,-0.36791,45.556,-0.736,850.000,350.000,-1,375.000,-1,300.000,300.000,300.000,300.000,-1,-1,350.000,-1,600.000,650.000,850.000,-1,0,0,2,0,2,0,0,0,0,2,2,0,2,0,0,0,2
20,6227.871,-9902.686,314.112,-36.931,0.797673,0.600858,0.051832,-0.599448,0.799354,-0.041189,-0.066181,0.001785,0.997806,0,0.75926,-0.36791,45.556,-0.736,850.000,375.000,-1,375.000,-1,300.000,300.000,300.000,300.000,-1,-1,350.000,-1,600.000,650.000,850.000,-1,0,0,2,0,2,0,0,0,0,2,2,0,2,0,0,0,2
21,6263.931,-9930.523,311.179,-37.667,0.790035,0.611075,0.049320,-0.609793,0.791572,-0.039577,-0.063225,0.001192,0.997999,0,0.75926,-0.36791,45.556,-0.736,850.000,375.000,-1,375.000,-1,300.000,300.000,300.000,325.000,-1,950.000,325.000,-1,600.000,650.000,850.000,-1,0,0,2,0,2,0,0,0,0,2,0,0,2,0,0,0,2
22,6295.763,-9955.973,308.424,-38.643,0.779627,0.624467,0.047136,-0.623348,0.781051,-0.037377,-0.060157,-0.000242,0.998189,0,0.67926,-0.48791,40.756,-0.976,825.000,375.000,-1,375.000,-1,300.000,300.000,300.000,325.000,-1,500.000,300.000,-1,600.000,675.000,850.000,-1,0,0,2,0,2,0,0,0,0,2,0,0,2,0,0,0,2
23,6323.363,-9979.017,306.214,-39.859,0.766288,0.640899,0.045287,-0.639857,0.767624,-0.036550,-0.058188,-0.000969,0.998305,0,0.59926,-0.60791,35.956,-1.216,825.000,350.000,-1,375.000,-1,300.000,300.000,300.000,325.000,-1,425.000,300.000,-1,600.000,675.000,825.000,-1,0,0,2,0,2,0,0,0,0,2,0,0,2,0,0,0,2
24,6346.764,-9999.586,304.480,-41.315,0.749822,0.660195,0.043704,-0.659169,0.751094,-0.036807,-0.057126,-0.001209,0.998366,0,0.51926,-0.72791,31.156,-1.456,825.000,350.000,-1,375.000,-1,300.000,300.000,300.000,325.000,-1,500.000,325.000,-1,575.000,675.000,825.000,-1,0,0,2,0,2,0,0,0,0,2,0,0,2,0,0,0,2
25,6366.036,-10017.564,303.009,-43.011,0.730000,0.682132,0.042377,-0.681124,0.731227,-0.037120,-0.056308,-0.001766,0.998412,0,0.43926,-0.84791,26.356,-1.696,825.000,350.000,-1,375.000,-1,300.000,300.000,300.000,325.000,-1,600.000,350.000,-1,575.000,650.000,800.000,-1,0,0,2,0,2,0,0,0,0,2,0,0,2,0,0,0,2
26,6381.292,-10032.792,301.793,-44.946,0.706565,0.706443,0.041286,-0.705451,0.707766,-0.037510,-0.055720,-0.002622,0.998443,0,0.35926,-0.96791,21.556,-1.936,800.000,350.000,-1,375.000,-1,300.000,300.000,300.000,325.000,-1,750.000,350.000,-1,575.000,650.000,800.000,-1,0,0,2,0,2,0,0,0,0,2,0,0,2,0,0,0,2
27,6392.731,-10045.035,300.831,-46.946,0.681490,0.730711,0.040409,-0.729734,0.682678,-0.037938,-0.055308,-0.003634,0.998463,0,0.27926,-1.00000,16.756,-2.000,800.000,350.000,-1,375.000,-1,300.000,300.000,300.000,325.000,-1,-1,375.000,-1,575.000,650.000,800.000,-1,0,0,2,0,2,0,0,0,0,2,2,0,2,0,0,0,2
28,6400.583,-10054.051,300.122,-48.946,0.655572,0.754087,0.039733,-0.753123,0.656757,-0.038402,-0.055053,-0.004748,0.998472,0,0.19926,-1.00000,11.956,-2.000,775.000,350.000,-1,375.000,-1,300.000,300.000,300.000,300.000,-1,-1,400.000,-1,575.000,650.000,800.000,-1,0,0,2,0,2,0,0,0,0,2,2,0,2,0,0,0,2
29,6405.091,-10059.608,299.665,-50.946,0.628841,0.776543,0.039241,-0.775590,0.630036,-0.038920,-0.054946,-0.005960,0.998472,0,0.11926,-1.00000,7.156,-2.000,775.000,350.000,-1,375.000,-1,300.000,300.000,300.000,300.000,-1,-1,425.000,-1,575.000,650.000,775.000,-1,0,0,2,0,2,0,0,0,0,2,2,0,2,0,0,0,2
30,6406.511,-10061.487,299.456,-52.946,0.601332,0.798051,0.038919,-0.797106,0.602546,-0.039500,-0.054973,-0.007270,0.998461,0,0.03926,-1.00000,2.356,-2.000,775.000,350.000,-1,375.000,-1,300.000,300.000,300.000,300.000,-1,-1,-1,-1,575.000,650.000,775.000,-1,0,0,2,0,2,0,0,0,0,2,2,2,2,0,0,0,2
31,6405.107,-10059.486,299.510,-54.946,0.573082,0.818585,0.038683,-0.817645,0.574321,-0.040142,-0.055076,-0.008625,0.998445,0,-0.04074,-1.00000,-2.444,-2.000,750.000,350.000,-1,375.000,-1,300.000,300.000,300.000,300.000,-1,-1,-1,-1,575.000,650.000,800.000,-1,0,0,2,0,2,0,0,0,0,2,2,2,2,0,0,0,2
32,6401.156,-10053.414,299.827,-56.946,0.544127,0.838119,0.038503,-0.837183,0.545396,-0.040836,-0.055225,-0.010014,0.998424,0,-0.12074,-1.00000,-7.244,-2.000,750.000,350.000,-1,375.000,-1,300.000,300.000,300.000,300.000,-1,-1,-1,-1,600.000,675.000,800.000,-1,0,0,2,0,2,0,0,0,0,2,2,2,2,0,0,0,2
33,6394.943,-10043.096,300.377,-58.946,0.514494,0.856628,0.038529,-0.855696,0.515805,-0.041588,-0.055499,-0.011573,0.998392,0,-0.20074,-1.00000,-12.044,-2.000,775.000,350.000,-1,375.000,-1,300.000,300.000,300.000,300.000,-1,-1,-1,-1,600.000,675.000,800.000,-1,0,0,2,0,2,0,0,0,0,2,2,2,2,0,0,0,2
34,6386.764,-10028.371,301.159,-60.946,0.484219,0.874088,0.038747,-0.873161,0.485585,-0.042396,-0.055873,-0.013303,0.998349,0,-0.28074,-1.00000,-16.844,-2.000,775.000,350.000,-1,375.000,-1,300.000,300.000,300.000,300.000,-1,-1,-1,-1,600.000,675.000,825.000,-1,0,0,2,0,2,0,0,0,0,2,2,2,2,0,0,0,2
35,6376.920,-10009.095,302.175,-62.946,0.453339,0.890478,0.039137,-0.889557,0.454771,-0.043252,-0.056314,-0.015207,0.998297,0,-0.36074,-1.00000,-21.644,-2.000,775.000,350.000,-1,375.000,-1,300.000,300.000,300.000,300.000,-1,-1,-1,-1,600.000,675.000,825.000,-1,0,0,2,0,2,0,0,0,0,2,2,2,2,0,0,0,2
36,6365.722,-9985.139,303.430,-64.946,0.421895,0.905777,0.039656,-0.904866,0.423403,-0.044139,-0.056770,-0.017262,0.998238,0,-0.44074,-1.00000,-26.444,-2.000,775.000,350.000,-1,375.000,-1,300.000,300.000,300.000,300.000,-1,-1,-1,-1,600.000,700.000,850.000,-1,0,0,2,0,2,0,0,0,0,2,2,2,2,0,0,0,2
37,6353.488,-9956.389,304.962,-66.946,0.389938,0.919967,0.040106,-0.919070,0.391519,-0.044987,-0.057089,-0.019318,0.998182,0,-0.52074,-1.00000,-31.244,-2.000,800.000,350.000,-1,375.000,-1,300.000,300.000,300.000,275.000,-1,-1,-1,-1,625.000,700.000,875.000,-1,0,0,2,0,2,0,0,0,0,2,2,2,2,0,0,0,2
38,6342.167,-9926.977,306.515,-68.946,0.357509,0.933030,0.040520,-0.932157,0.359159,-0.045695,-0.057188,-0.021435,0.998133,0,-0.52527,-1.00000,-31.516,-2.000,800.000,350.000,-1,375.000,-1,300.000,300.000,300.000,275.000,-1,-1,-1,-1,625.000,700.000,900.000,-1,0,0,2,0,2,0,0,0,0,2,2,2,2,0,0,0,2
39,6331.879,-9897.188,308.336,-70.946,0.324623,0.944923,0.041720,-0.944178,0.326352,-0.044964,-0.056103,-0.024795,0.998117,0,-0.52527,-1.00000,-31.516,-2.000,825.000,375.000,-1,400.000,-1,300.000,325.000,300.000,275.000,-1,-1,-1,-1,650.000,725.000,950.000,-1,0,0,2,0,2,0,0,0,0,2,2,2,2,0,0,0,2
40,6322.638,-9867.057,310.002,-72.946,0.291341,0.955641,0.043248,-0.955065,0.293147,-0.043769,-0.054505,-0.028552,0.998105,0,-0.52527,-1.00000,-31.516,-2.000,850.000,375.000,-1,400.000,-1,300.000,325.000,300.000,275.000,-1,-1,-1,-1,650.000,750.000,975.000,-1,0,0,2,0,2,0,0,0,0,2,2,2,2,0,0,0,2
41,6314.455,-9836.622,311.632,-74.946,0.257718,0.965183,0.044767,-0.964777,0.259588,-0.042662,-0.052798,-0.032195,0.998086,0,-0.52527,-1.00000,-31.516,-2.000,875.000,375.000,-1,400.000,-1,300.000,325.000,300.000,275.000,-1,-1,-1,-1,650.000,775.000,-1,-1,0,0,2,0,2,0,0,0,0,2,2,2,2,0,0,2,2
42,6307.338,-9805.920,313.224,-76.946,0.223794,0.973538,0.046267,-0.973302,0.225718,-0.041643,-0.050984,-0.035713,0.998061,0,-0.52527,-1.00000,-31.516,-2.000,900.000,375.000,-1,400.000,-1,325.000,325.000,300.000,275.000,-1,-1,-1,-1,675.000,800.000,-1,-1,0,0,2,0,2,0,0,0,0,2,2,2,2,0,0,2,2
43,6301.297,-9774.989,314.722,-78.946,0.189622,0.980705,0.047541,-0.980631,0.191582,-0.040721,-0.049044,-0.038899,0.998039,0,-0.52527,-1.00000,-31.516,-2.000,950.000,375.000,-1,425.000,-1,325.000,325.000,300.000,275.000,-1,-1,-1,-1,675.000,800.000,-1,-1,0,0,2,0,2,0,0,0,0,2,2,2,2,0,0,2,2
44,6296.338,-9743.866,315.779,-80.946,0.155354,0.986732,0.047166,-0.986790,0.157229,-0.039037,-0.045935,-0.040478,0.998124,0,-0.52527,-1.00000,-31.516,-2.000,1000.000,375.000,-1,425.000,-1,325.000,325.000,275.000,275.000,-1,-1,-1,-1,675.000,800.000,-1,-1,0,0,2,0,2,0,0,0,0,2,2,2,2,0,0,2,2
45,6292.469,-9712.588,316.787,-82.946,0.120906,0.991561,0.046792,-0.991743,0.122690,-0.037335,-0.042761,-0.041892,0.998207,0,-0.52527,-1.00000,-31.516,-2.000,-1,375.000,-1,425.000,-1,325.000,325.000,275.000,275.000,-1,-1,-1,-1,700.000,825.000,-1,-1,2,0,2,0,2,0,0,0,0,2,2,2,2,0,0,2,2
46,6289.693,-9681.195,317.745,-84.946,0.086319,0.995186,0.046420,-0.995483,0.088006,-0.035614,-0.039528,-0.043136,0.998287,0,-0.52527,-1.00000,-31.516,-2.000,-1,400.000,-1,425.000,-1,325.000,325.000,275.000,275.000,-1,-1,-1,-1,725.000,825.000,-1,-1,2,0,2,0,2,0,0,0,0,2,2,2,2,0,0,2,2
47,6288.014,-9649.724,318.650,-86.946,0.051634,0.997604,0.046046,-0.998008,0.053218,-0.033873,-0.036242,-0.044206,0.998365,0,-0.52527,-1.00000,-31.516,-2.000,-1,400.000,-1,400.000,-1,325.000,350.000,275.000,275.000,-1,-1,-1,-1,725.000,825.000,-1,-1,2,0,2,0,2,0,0,0,0,2,2,2,2,0,0,2,2
48,6287.435,-9618.214,319.502,-88.946,0.016892,0.998814,0.045672,-0.999316,0.018369,-0.032109,-0.032910,-0.045098,0.998440,0,-0.52527,-1.00000,-31.516,-2.000,-1,400.000,-1,400.000,-1,325.000,350.000,275.000,275.000,-1,-1,-1,-1,750.000,825.000,-1,-1,2,0,2,0,2,0,0,0,0,2,2,2,2,0,0,2,2
49,6287.956,-9586.685,320.300,-90.946,-0.017864,0.998814,0.045294,-0.999404,-0.016500,-0.030319,-0.029536,-0.045809,0.998513,0,-0.52555,-1.00000,-31.533,-2.000,-1,400.000,-1,400.000,-1,325.000,350.000,275.000,275.000,-1,-1,-1,-1,775.000,825.000,-1,-1,2,0,2,0,2,0,0,0,0,2,2,2,2,0,0,2,2
50,6289.577,-9555.194,321.042,-92.946,-0.052594,0.997605,0.044913,-0.998274,-0.051346,-0.028502,-0.026128,-0.046334,0.998584,0,-0.52555,-1.00000,-31.533,-2.000,-1,400.000,-1,400.000,-1,350.000,350.000,275.000,275.000,-1,-1,-1,-1,775.000,825.000,-1,-1,2,0,2,0,2,0,0,0,0,2,2,2,2,0,0,2,2
51,6292.295,-9523.779,321.727,-94.946,-0.087258,0.995190,0.044528,-0.995927,-0.086130,-0.026656,-0.022693,-0.046672,0.998652,0,-0.52555,-1.00000,-31.533,-2.000,-1,425.000,-1,400.000,-1,350.000,350.000,300.000,250.000,-1,-1,-1,-1,800.000,825.000,-1,-1,2,0,2,0,2,0,0,0,0,2,2,2,2,0,0,2,2
52,6296.109,-9492.477,322.353,-96.946,-0.121813,0.991571,0.044139,-0.992367,-0.120808,-0.024777,-0.019236,-0.046820,0.998718,0,-0.52555,-1.00000,-31.533,-2.000,-1,425.000,-1,400.000,-1,350.000,350.000,300.000,275.000,-1,-1,-1,-1,825.000,825.000,-1,-1,2,0,2,0,2,0,0,0,0,2,2,2,2,0,0,2,2
53,6301.012,-9461.328,322.919,-98.946,-0.156220,0.986753,0.043745,-0.987596,-0.155340,-0.022863,-0.015765,-0.046775,0.998781,0,-0.52555,-1.00000,-31.533,-2.000,-1,425.000,-1,400.000,-1,350.000,350.000,300.000,275.000,-1,-1,-1,-1,850.000,825.000,-1,-1,2,0,2,0,2,0,0,0,0,2,2,2,2,0,0,2,2
54,6306.999,-9430.369,323.425,-100.946,-0.190438,0.980742,0.043349,-0.981622,-0.189685,-0.020910,-0.012285,-0.046534,0.998841,0,-0.52555,-1.00000,-31.533,-2.000,-1,425.000,-1,400.000,-1,350.000,350.000,300.000,275.000,-1,950.000,-1,-1,850.000,825.000,-1,-1,2,0,2,0,2,0,0,0,0,2,0,2,2,0,0,2,2
55,6314.063,-9399.638,323.867,-102.946,-0.224427,0.973544,0.042949,-0.974451,-0.223801,-0.018916,-0.008803,-0.046097,0.998898,0,-0.52555,-1.00000,-31.533,-2.000,-1,425.000,-1,400.000,-1,350.000,350.000,300.000,275.000,-1,750.000,1000.000,-1,875.000,800.000,-1,-1,2,0,2,0,2,0,0,0,0,2,0,0,2,0,0,2,2
56,6322.195,-9369.172,324.247,-104.946,-0.258146,0.965169,0.042549,-0.966091,-0.257649,-0.016876,-0.005326,-0.045462,0.998952,0,-0.52555,-1.00000,-31.533,-2.000,-1,425.000,-1,400.000,-1,350.000,350.000,300.000,275.000,-1,600.000,800.000,-1,900.000,800.000,-1,-1,2,0,2,0,2,0,0,0,0,2,0,0,2,0,0,2,2
57,6331.385,-9339.008,324.562,-106.946,-0.291556,0.955625,0.042148,-0.956552,-0.291187,-0.014787,-0.001858,-0.044628,0.999002,0,-0.52555,-1.00000,-31.533,-2.000,-1,450.000,-1,400.000,-1,350.000,350.000,300.000,275.000,-1,500.000,650.000,-1,925.000,800.000,-1,-1,2,0,2,0,2,0,0,0,0,2,0,0,2,0,0,2,2
58,6341.623,-9309.183,324.811,-108.946,-0.324617,0.944924,0.041751,-0.945844,-0.324375,-0.012647,0.001592,-0.043595,0.999048,0,-0.52555,-1.00000,-31.533,-2.000,-1,450.000,-1,400.000,-1,350.000,350.000,300.000,275.000,-1,400.000,525.000,-1,950.000,800.000,-1,-1,2,0,2,0,2,0,0,0,0,2,0,0,2,0,0,2,2
59,6352.894,-9279.734,324.973,-110.946,-0.357326,0.933080,0.040981,-0.933970,-0.357175,-0.011198,0.004189,-0.042277,0.999097,0,-0.52555,-1.00000,-31.533,-2.000,-1,450.000,-1,400.000,-1,350.000,325.000,300.000,275.000,-1,350.000,450.000,-1,950.000,775.000,-1,-1,2,0,2,0,2,0,0,0,0,2,0,0,2,0,0,2,2
60,6365.187,-9250.696,325.167,-112.946,-0.389677,0.920092,0.039789,-0.920938,-0.389540,-0.011447,0.004967,-0.041104,0.999143,0,-0.52555,-1.00000,-31.533,-2.000,-1,450.000,-1,400.000,-1,350.000,325.000,300.000,275.000,-1,325.000,425.000,-1,950.000,775.000,-1,-1,2,0,2,0,2,0,0,0,0,2,0,0,2,0,0,2,2
61,6378.487,-9222.105,325.440,-114.946,-0.421571,0.905967,0.038753,-0.906780,-0.421428,-0.012183,0.005294,-0.040277,0.999175,0,-0.52555,-1.00000,-31.533,-2.000,-1,450.000,-1,375.000,-1,350.000,325.000,300.000,275.000,-1,325.000,400.000,-1,950.000,750.000,-1,-1,2,0,2,0,2,0,0,0,0,2,0,0,2,0,0,2,2
62,6392.776,-9193.996,325.698,-116.946,-0.452958,0.890737,0.037639,-0.891515,-0.452804,-0.013023,0.005443,-0.039455,0.999207,0,-0.52555,-1.00000,-31.533,-2.000,-1,425.000,-1,375.000,-1,350.000,325.000,300.000,275.000,-1,325.000,400.000,-1,925.000,725.000,-1,-1,2,0,2,0,2,0,0,0,0,2,0,0,2,0,0,2,2
63,6408.037,-9166.402,325.920,-118.946,-0.483799,0.874422,0.036395,-0.875162,-0.483631,-0.013864,0.005478,-0.038559,0.999241,0,-0.52555,-1.00000,-31.533,-2.000,-1,425.000,-1,375.000,-1,350.000,325.000,300.000,300.000,-1,325.000,375.000,-1,925.000,700.000,-1,-1,2,0,2,0,2,0,0,0,0,2,0,0,2,0,0,2,2
64,6424.252,-9139.358,326.104,-120.946,-0.514054,0.857043,0.035018,-0.857741,-0.513873,-0.014695,0.005400,-0.037590,0.999279,0,-0.52555,-1.00000,-31.533,-2.000,-1,425.000,-1,375.000,-1,325.000,325.000,300.000,300.000,-1,325.000,375.000,-1,900.000,700.000,-1,-1,2,0,2,0,2,0,0,0,0,2,0,0,2,0,0,2,2
65,6441.401,-9112.896,326.249,-122.946,-0.543687,0.838619,0.033508,-0.839272,-0.543491,-0.015505,0.005209,-0.036552,0.999318,0,-0.52555,-1.00000,-31.533,-2.000,-1,425.000,-1,375.000,-1,325.000,300.000,300.000,300.000,-1,325.000,375.000,-1,875.000,675.000,-1,-1,2,0,2,0,2,0,0,0,0,2,0,0,2,0,0,2,2
66,6459.463,-9087.048,326.337,-124.946,-0.572662,0.819171,0.031891,-0.819777,-0.572448,-0.016367,0.004848,-0.035516,0.999357,0,-0.52555,-1.00000,-31.533,-2.000,-1,425.000,-1,350.000,-1,325.000,300.000,300.000,300.000,-1,325.000,375.000,-1,850.000,650.000,-1,-1,2,0,2,0,2,0,0,0,0,2,0,0,2,0,0,2,2
67,6475.441,-9065.616,326.280,-126.706,-0.597593,0.801217,0.030563,-0.801789,-0.597348,-0.017609,0.004148,-0.035028,0.999378,0,-0.44555,-0.88000,-26.733,-1.760,-1,425.000,-1,350.000,-1,325.000,300.000,300.000,300.000,-1,325.000,375.000,-1,825.000,625.000,-1,-1,2,0,2,0,2,0,0,0,0,2,0,0,2,0,0,2,2
68,6489.012,-9048.386,326.320,-128.226,-0.618681,0.785113,0.028844,-0.785636,-0.618409,-0.018613,0.003224,-0.034177,0.999411,0,-0.36555,-0.76000,-21.933,-1.520,-1,400.000,-1,350.000,-1,325.000,300.000,300.000,300.000,-1,325.000,375.000,-1,825.000,625.000,-1,-1,2,0,2,0,2,0,0,0,0,2,0,0,2,0,0,2,2
69,6499.912,-9035.167,326.369,-129.506,-0.636100,0.771124,0.027291,-0.771603,-0.635810,-0.019362,0.002421,-0.033374,0.999440,0,-0.28555,-0.64000,-17.133,-1.280,-1,400.000,-1,350.000,1000.000,325.000,300.000,300.000,300.000,-1,325.000,375.000,-1,800.000,600.000,-1,-1,2,0,2,0,0,0,0,0,0,2,0,0,2,0,0,2,2
70,6507.929,-9025.795,326.401,-130.546,-0.650016,0.759471,0.026136,-0.759919,-0.649714,-0.019884,0.001880,-0.032786,0.999461,0,-0.20555,-0.52000,-12.333,-1.040,-1,400.000,-1,350.000,975.000,325.000,300.000,300.000,300.000,-1,325.000,375.000,-1,800.000,600.000,-1,-1,2,0,2,0,0,0,0,0,0,2,0,0,2,0,0,2,2
71,6512.905,-9020.140,326.423,-131.346,-0.660570,0.750335,0.025414,-0.750763,-0.660262,-0.020206,0.001619,-0.032427,0.999473,0,-0.12555,-0.40000,-7.533,-0.800,-1,400.000,-1,350.000,950.000,300.000,300.000,300.000,300.000,-1,325.000,375.000,-1,775.000,600.000,-1,-1,2,0,2,0,0,0,0,0,0,2,0,0,2,0,0,2,2
72,6514.730,-9018.106,326.440,-131.906,-0.667875,0.743848,0.025149,-0.744272,-0.667567,-0.020350,0.001651,-0.032309,0.999477,0,-0.04555,-0.28000,-2.733,-0.560,-1,400.000,-1,350.000,950.000,300.000,300.000,325.000,300.000,-1,325.000,375.000,-1,775.000,600.000,-1,-1,2,0,2,0,0,0,0,0,0,2,0,0,2,0,0,2,2
73,6513.341,-9019.636,326.456,-132.226,-0.672013,0.740105,0.025354,-0.740537,-0.671708,-0.020331,0.001983,-0.032439,0.999472,0,0.03445,-0.16000,2.067,-0.320,-1,400.000,-1,350.000,950.000,300.000,300.000,325.000,300.000,-1,325.000,375.000,-1,775.000,600.000,-1,-1,2,0,2,0,0,0,0,0,0,2,0,0,2,0,0,2,2
74,6508.719,-9024.715,326.473,-132.306,-0.673029,0.739158,0.026034,-0.739611,-0.672733,-0.020153,0.002618,-0.032819,0.999458,0,0.11445,-0.04000,6.867,-0.080,-1,400.000,-1,350.000,975.000,300.000,300.000,325.000,300.000,-1,325.000,375.000,-1,775.000,600.000,-1,-1,2,0,2,0,0,0,0,0,0,2,0,0,2,0,0,2,2
75,6500.891,-9033.365,326.491,-132.146,-0.670935,0.741018,0.027183,-0.741508,-0.670652,-0.019810,0.003551,-0.033447,0.999434,0,0.19445,0.08000,11.667,0.160,-1,400.000,-1,350.000,1000.000,300.000,300.000,325.000,300.000,-1,300.000,375.000,-1,775.000,600.000,-1,-1,2,0,2,0,0,0,0,0,0,2,0,0,2,0,0,2,2
76,6489.927,-9045.651,326.510,-131.746,-0.665705,0.745660,0.028786,-0.746200,-0.665443,-0.019286,0.004775,-0.034318,0.999400,0,0.27445,0.20000,16.467,0.400,-1,400.000,-1,350.000,-1,325.000,300.000,300.000,300.000,-1,300.000,375.000,-1,800.000,600.000,-1,-1,2,0,2,0,2,0,0,0,0,2,0,0,2,0,0,2,2
77,6475.945,-9061.676,326.528,-131.106,-0.657279,0.753017,0.030818,-0.753621,-0.657047,-0.018557,0.006275,-0.035422,0.999353,0,0.35445,0.32000,21.267,0.640,-1,400.000,-1,350.000,-1,325.000,300.000,300.000,300.000,-1,300.000,375.000,-1,800.000,625.000,-1,-1,2,0,2,0,2,0,0,0,0,2,0,0,2,0,0,2,2
78,6459.111,-9081.578,326.676,-130.226,-0.645581,0.762999,0.032530,-0.763654,-0.645387,-0.017572,0.007587,-0.036186,0.999316,0,0.43445,0.44000,26.067,0.880,-1,400.000,-1,350.000,-1,325.000,300.000,300.000,300.000,-1,300.000,350.000,-1,825.000,625.000,-1,-1,2,0,2,0,2,0,0,0,0,2,0,0,2,0,0,2,2
79,6439.613,-9105.507,326.762,-129.175,-0.631418,0.774677,0.034446,-0.775394,-0.631251,-0.016910,0.008645,-0.037387,0.999263,0,0.51445,0.52564,30.867,1.051,-1,400.000,-1,350.000,-1,325.000,300.000,300.000,300.000,-1,325.000,350.000,-1,825.000,650.000,-1,-1,2,0,2,0,2,0,0,0,0,2,0,0,2,0,0,2,2
80,6417.594,-9133.565,326.800,-128.124,-0.617037,0.786080,0.036656,-0.786875,-0.616894,-0.016432,0.009696,-0.038983,0.999193,0,0.59445,0.52564,35.667,1.051,-1,425.000,-1,350.000,-1,325.000,300.000,300.000,300.000,-1,325.000,350.000,-1,850.000,650.000,-1,-1,2,0,2,0,2,0,0,0,0,2,0,0,2,0,0,2,2
81,6393.200,-9165.853,326.833,-127.073,-0.602437,0.797208,0.039095,-0.798093,-0.602324,-0.015931,0.010847,-0.040799,0.999108,0,0.67445,0.52564,40.467,1.051,-1,425.000,-1,350.000,-1,325.000,300.000,300.000,300.000,-1,325.000,375.000,-1,850.000,675.000,-1,-1,2,0,2,0,2,0,0,0,0,2,0,0,2,0,0,2,2
82,6366.427,-9202.353,326.878,-126.261,-0.591002,0.805587,0.041789,-0.806578,-0.590925,-0.015511,0.012199,-0.042873,0.999006,0,0.75445,0.40564,45.267,0.811,-1,425.000,-1,375.000,-1,325.000,300.000,300.000,300.000,-1,325.000,375.000,-1,875.000,675.000,-1,-1,2,0,2,0,2,0,0,0,0,2,0,0,2,0,0,2,2
83,6337.219,-9243.017,326.944,-125.690,-0.582840,0.811355,0.044734,-0.812471,-0.582803,-0.015221,0.013721,-0.045216,0.998883,0,0.83445,0.28564,50.067,0.571,-1,425.000,-1,375.000,-1,325.000,325.000,300.000,300.000,-1,325.000,375.000,-1,875.000,700.000,-1,-1,2,0,2,0,2,0,0,0,0,2,0,0,2,0,0,2,2
84,6305.469,-9287.765,327.169,-125.359,-0.578036,0.814593,0.048084,-0.815873,-0.578019,-0.015678,0.015022,-0.048293,0.998720,0,0.91445,0.16564,54.867,0.331,-1,425.000,-1,375.000,-1,325.000,325.000,300.000,300.000,-1,325.000,400.000,-1,900.000,725.000,-1,-1,2,0,2,0,2,0,0,0,0,2,0,0,2,0,0,2,2
85,6272.838,-9333.911,327.504,-125.267,-0.576636,0.815371,0.051583,-0.816842,-0.576620,-0.016687,0.016138,-0.051758,0.998529,0,0.94196,0.04564,56.518,0.091,-1,425.000,-1,375.000,-1,325.000,325.000,300.000,300.000,-1,350.000,425.000,-1,900.000,725.000,-1,-1,2,0,2,0,2,0,0,0,0,2,0,0,2,0,0,2,2
86,6240.087,-9379.972,327.987,-125.416,-0.578659,0.813702,0.055165,-0.815394,-0.578614,-0.018414,0.016935,-0.055637,0.998307,0,0.94196,-0.07436,56.518,-0.149,-1,425.000,-1,375.000,-1,325.000,325.000,300.000,300.000,-1,350.000,450.000,-1,900.000,750.000,-1,-1,2,0,2,0,2,0,0,0,0,2,0,0,2,0,0,2,2
87,6207.214,-9425.946,328.582,-125.569,-0.580882,0.811960,0.057429,-0.813847,-0.580645,-0.022436,0.015129,-0.059771,0.998097,0,0.94196,-0.07650,56.518,-0.153,-1,425.000,-1,375.000,-1,325.000,325.000,300.000,300.000,-1,425.000,550.000,-1,875.000,725.000,-1,-1,2,0,2,0,2,0,0,0,0,2,0,0,2,0,0,2,2
88,6174.217,-9471.832,329.435,-125.722,-0.583088,0.810288,0.058675,-0.812288,-0.582726,-0.024872,0.014038,-0.062164,0.997967,0,0.94196,-0.07650,56.518,-0.153,-1,425.000,-1,375.000,-1,325.000,325.000,300.000,300.000,-1,525.000,625.000,-1,875.000,725.000,-1,-1,2,0,2,0,2,0,0,0,0,2,0,0,2,0,0,2,2
89,6141.098,-9517.629,330.379,-125.875,-0.585289,0.808626,0.059667,-0.810719,-0.584814,-0.026969,0.013087,-0.064158,0.997854,0,0.94196,-0.07650,56.518,-0.153,-1,425.000,-1,375.000,-1,325.000,325.000,300.000,300.000,-1,600.000,725.000,-1,875.000,725.000,-1,-1,2,0,2,0,2,0,0,0,0,2,0,0,2,0,0,2,2
90,6107.856,-9563.338,331.337,-126.028,-0.587496,0.806961,0.060514,-0.809138,-0.586898,-0.029110,0.012025,-0.066066,0.997743,0,0.94196,-0.07650,56.518,-0.153,-1,425.000,-1,375.000,-1,325.000,325.000,300.000,300.000,-1,675.000,825.000,-1,875.000,725.000,-1,-1,2,0,2,0,2,0,0,0,0,2,0,0,2,0,0,2,2
91,6074.493,-9608.958,332.310,-126.181,-0.589709,0.805292,0.061214,-0.807543,-0.588978,-0.031294,0.010852,-0.067887,0.997634,0,0.94196,-0.07650,56.518,-0.153,-1,400.000,-1,375.000,-1,325.000,325.000,300.000,275.000,-1,775.000,925.000,-1,850.000,725.000,-1,-1,2,0,2,0,2,0,0,0,0,2,0,0,2,0,0,2,2
92,6044.027,-9650.750,332.927,-126.094,-0.588501,0.806034,0.063059,-0.808433,-0.587644,-0.033338,0.010185,-0.070599,0.997453,0,0.86196,0.04350,51.718,0.087,-1,400.000,-1,375.000,-1,325.000,325.000,300.000,275.000,-1,850.000,1000.000,-1,850.000,725.000,-1,-1,2,0,2,0,2,0,0,0,0,2,0,0,2,0,0,2,2
93,6016.606,-9688.820,333.437,-125.767,-0.583920,0.809225,0.064746,-0.811759,-0.582926,-0.035275,0.009197,-0.073155,0.997278,0,0.78196,0.16350,46.918,0.327,-1,400.000,-1,375.000,-1,325.000,325.000,300.000,275.000,-1,925.000,-1,-1,850.000,750.000,-1,-1,2,0,2,0,2,0,0,0,0,2,0,2,2,0,0,2,2
94,5992.330,-9723.237,333.843,-125.200,-0.575929,0.814810,0.066255,-0.817462,-0.574788,-0.037081,0.007869,-0.075517,0.997113,0,0.70196,0.28350,42.118,0.567,-1,400.000,-1,375.000,-1,325.000,325.000,300.000,275.000,-1,1000.000,-1,-1,850.000,750.000,-1,-1,2,0,2,0,2,0,0,0,0,2,0,2,2,0,0,2,2
95,5971.147,-9753.960,334.149,-124.590,-0.567274,0.820748,0.067621,-0.823503,-0.565987,-0.038744,0.006474,-0.077665,0.996959,0,0.62196,0.30502,37.318,0.610,-1,400.000,-1,400.000,-1,325.000,325.000,300.000,275.000,-1,-1,-1,-1,850.000,750.000,-1,-1,2,0,2,0,2,0,0,0,0,2,2,2,2,0,0,2,2
96,5952.974,-9780.926,334.357,-123.980,-0.558563,0.826597,0.068882,-0.829447,-0.557128,-0.040328,0.005041,-0.079659,0.996809,0,0.54196,0.30502,32.518,0.610,-1,400.000,-1,400.000,-1,325.000,325.000,300.000,275.000,-1,-1,-1,-1,850.000,750.000,-1,-1,2,0,2,0,2,0,0,0,0,2,2,2,2,0,0,2,2
97,5937.730,-9804.075,334.509,-123.370,-0.549789,0.832364,0.070014,-0.835295,-0.548219,-0.041689,0.003682,-0.081402,0.996675,0,0.46196,0.30502,27.718,0.610,-1,400.000,-1,400.000,-1,325.000,325.000,300.000,300.000,-1,-1,-1,-1,825.000,750.000,-1,-1,2,0,2,0,2,0,0,0,0,2,2,2,2,0,0,2,2
98,5925.330,-9823.348,334.613,-122.760,-0.540952,0.838052,0.070992,-0.841050,-0.539260,-0.042823,0.002396,-0.082873,0.996557,0,0.38196,0.30502,22.918,0.610,-1,400.000,-1,400.000,-1,325.000,325.000,300.000,300.000,-1,-1,-1,-1,825.000,750.000,-1,-1,2,0,2,0,2,0,0,0,0,2,2,2,2,0,0,2,2
99,5915.691,-9838.688,334.678,-122.150,-0.532052,0.843662,0.071801,-0.846711,-0.530254,-0.043725,0.001183,-0.084059,0.996460,0,0.30196,0.30502,18.118,0.610,-1,400.000,-1,400.000,-1,325.000,325.000,300.000,300.000,-1,-1,-1,-1,825.000,750.000,-1,-1,2,0,2,0,2,0,0,0,0,2,2,2,2,0,0,2,2
100,5908.725,-9850.039,334.713,-121.540,-0.523089,0.849195,0.072428,-0.852278,-0.521202,-0.044396,0.000049,-0.084952,0.996385,0,0.22196,0.30502,13.318,0.610,-1,400.000,-1,400.000,-1,325.000,325.000,300.000,300.000,-1,-1,-1,-1,825.000,775.000,-1,-1,2,0,2,0,2,0,0,0,0,2,2,2,2,0,0,2,2
101,5904.348,-9857.345,334.725,-120.930,-0.514063,0.854652,0.072864,-0.857752,-0.512105,-0.044836,-0.001005,-0.085547,0.996334,0,0.14196,0.30502,8.518,0.610,-1,400.000,-1,400.000,-1,325.000,325.000,300.000,300.000,-1,-1,-1,-1,825.000,775.000,-1,-1,2,0,2,0,2,0,0,0,0,2,2,2,2,0,0,2,2
102,5902.472,-9860.555,334.723,-120.320,-0.504973,0.860034,0.073102,-0.863133,-0.502963,-0.045048,-0.001975,-0.085845,0.996307,0,0.06196,0.30502,3.718,0.610,-1,400.000,-1,400.000,-1,325.000,325.000,300.000,300.000,-1,-1,-1,-1,800.000,775.000,-1,-1,2,0,2,0,2,0,0,0,0,2,2,2,2,0,0,2,2
103,5903.009,-9859.614,334.713,-119.710,-0.495819,0.865340,0.073139,-0.868421,-0.493778,-0.045038,-0.002858,-0.085846,0.996304,0,-0.01804,0.30502,-1.082,0.610,-1,400.000,-1,400.000,-1,325.000,325.000,300.000,300.000,-1,-1,-1,-1,800.000,775.000,-1,-1,2,0,2,0,2,0,0,0,0,2,2,2,2,0,0,2,2
104,5905.870,-9854.474,334.704,-119.100,-0.486603,0.870570,0.072976,-0.873616,-0.484549,-0.044811,-0.003651,-0.085558,0.996327,0,-0.09804,0.30502,-5.882,0.610,-1,400.000,-1,400.000,-1,325.000,325.000,300.000,300.000,-1,-1,-1,-1,800.000,775.000,-1,-1,2,0,2,0,2,0,0,0,0,2,2,2,2,0,0,2,2
105,5910.965,-9845.085,334.703,-118.490,-0.477323,0.875722,0.072614,-0.878717,-0.475276,-0.044377,-0.004350,-0.084989,0.996372,0,-0.17804,0.30502,-10.682,0.610,-1,400.000,-1,400.000,-1,325.000,325.000,300.000,300.000,-1,-1,-1,-1,800.000,775.000,-1,-1,2,0,2,0,2,0,0,0,0,2,2,2,2,0,0,2,2
106,5918.204,-9831.399,334.715,-117.880,-0.467981,0.880796,0.072060,-0.883725,-0.465958,-0.043743,-0.004952,-0.084152,0.996441,0,-0.25804,0.30502,-15.482,0.610,-1,400.000,-1,400.000,-1,325.000,325.000,300.000,300.000,-1,-1,-1,-1,800.000,775.000,-1,-1,2,0,2,0,2,0,0,0,0,2,2,2,2,0,0,2,2
107,5927.496,-9813.370,334.748,-117.270,-0.458576,0.885788,0.071322,-0.888638,-0.456596,-0.042919,-0.005452,-0.083061,0.996530,0,-0.33804,0.30502,-20.282,0.610,-1,400.000,-1,400.000,-1,325.000,325.000,300.000,300.000,-1,-1,-1,-1,825.000,775.000,-1,-1,2,0,2,0,2,0,0,0,0,2,2,2,2,0,0,2,2
108,5938.369,-9791.711,334.805,-116.660,-0.449112,0.890694,0.070445,-0.893456,-0.447187,-0.041953,-0.005865,-0.081781,0.996633,0,-0.40391,0.30502,-24.235,0.610,-1,400.000,-1,400.000,-1,325.000,325.000,300.000,300.000,-1,-1,-1,-1,825.000,775.000,-1,-1,2,0,2,0,2,0,0,0,0,2,2,2,2,0,0,2,2
109,5949.011,-9769.937,334.885,-116.050,-0.439594,0.895494,0.069624,-0.898175,-0.437722,-0.041009,-0.006248,-0.080562,0.996730,0,-0.40391,0.30502,-24.235,0.610,-1,400.000,-1,400.000,-1,325.000,325.000,300.000,300.000,-1,-1,-1,-1,825.000,775.000,-1,-1,2,0,2,0,2,0,0,0,0,2,2,2,2,0,0,2,2
110,5959.420,-9748.051,334.969,-115.440,-0.430028,0.900187,0.068836,-0.902791,-0.428203,-0.040141,-0.006659,-0.079406,0.996820,0,-0.40391,0.30502,-24.235,0.610,-1,400.000,-1,400.000,-1,325.000,325.000,300.000,275.000,-1,-1,-1,-1,825.000,775.000,-1,-1,2,0,2,0,2,0,0,0,0,2,2,2,2,0,0,2,2
111,5969.596,-9726.056,335.054,-114.830,-0.420416,0.904773,0.068083,-0.907303,-0.418630,-0.039359,-0.007110,-0.078319,0.996903,0,-0.40391,0.30502,-24.235,0.610,-1,400.000,-1,400.000,-1,325.000,325.000,300.000,275.000,-1,-1,-1,-1,825.000,775.000,-1,-1,2,0,2,0,2,0,0,0,0,2,2,2,2,0,0,2,2
112,5979.538,-9703.954,335.155,-114.220,-0.410755,0.909256,0.067332,-0.911714,-0.409008,-0.038596,-0.007555,-0.077241,0.996984,0,-0.40391,0.30502,-24.235,0.610,-1,400.000,-1,400.000,-1,325.000,325.000,300.000,275.000,-1,-1,-1,-1,825.000,775.000,-1,-1,2,0,2,0,2,0,0,0,0,2,2,2,2,0,0,2,2
113,5989.243,-9681.747,335.166,-113.609,-0.401028,0.913605,0.067099,-0.916034,-0.399324,-0.037711,-0.007659,-0.076588,0.997033,0,-0.40391,0.30502,-24.235,0.610,-1,400.000,-1,400.000,-1,325.000,325.000,300.000,275.000,-1,-1,-1,-1,825.000,775.000,-1,-1,2,0,2,0,2,0,0,0,0,2,2,2,2,0,0,2,2
114,5998.712,-9659.438,335.110,-112.999,-0.391238,0.917827,0.067278,-0.920259,-0.389584,-0.036716,-0.007488,-0.076277,0.997059,0,-0.40391,0.30502,-24.235,0.610,-1,400.000,-1,400.000,-1,325.000,325.000,275.000,275.000,-1,-1,-1,-1,825.000,775.000,-1,-1,2,0,2,0,2,0,0,0,0,2,2,2,2,0,0,2,2
115,6008.034,-9637.076,335.082,-112.629,-0.385252,0.920350,0.067357,-0.922785,-0.383659,-0.035690,-0.007005,-0.075906,0.997090,0,-0.40378,0.18502,-24.227,0.370,-1,400.000,-1,400.000,-1,325.000,325.000,275.000,275.000,-1,-1,-1,-1,825.000,775.000,-1,-1,2,0,2,0,2,0,0,0,0,2,2,2,2,0,0,2,2
116,6017.304,-9614.693,335.074,-112.499,-0.383100,0.921249,0.067340,-0.923686,-0.381582,-0.034638,-0.006215,-0.075471,0.997129,0,-0.40378,0.06502,-24.227,0.130,-1,400.000,-1,400.000,-1,325.000,325.000,275.000,275.000,-1,-1,-1,-1,850.000,775.000,-1,-1,2,0,2,0,2,0,0,0,0,2,2,2,2,0,0,2,2
117,6026.617,-9592.328,335.081,-112.609,-0.384796,0.920550,0.067232,-0.922988,-0.383364,-0.033561,-0.005120,-0.074969,0.997173,0,-0.40378,-0.05498,-24.227,-0.110,-1,400.000,-1,400.000,-1,325.000,325.000,275.000,275.000,-1,-1,-1,-1,850.000,775.000,-1,-1,2,0,2,0,2,0,0,0,0,2,2,2,2,0,0,2,2
118,6035.979,-9569.983,335.085,-112.733,-0.386708,0.919758,0.067103,-0.922194,-0.385361,-0.032492,-0.004026,-0.074447,0.997217,0,-0.40378,-0.06172,-24.227,-0.123,-1,400.000,-1,400.000,-1,325.000,325.000,275.000,275.000,-1,-1,-1,-1,850.000,775.000,-1,-1,2,0,2,0,2,0,0,0,0,2,2,2,2,0,0,2,2
119,6045.388,-9547.658,335.086,-112.856,-0.388619,0.918962,0.066957,-0.921394,-0.387357,-0.031434,-0.002951,-0.073909,0.997261,0,-0.40378,-0.06172,-24.227,-0.123,-1,400.000,-1,400.000,-1,325.000,325.000,275.000,275.000,-1,-1,-1,-1,850.000,775.000,-1,-1,2,0,2,0,2,0,0,0,0,2,2,2,2,0,0,2,2
120,6054.846,-9525.353,335.084,-112.980,-0.390532,0.918163,0.066793,-0.920588,-0.389352,-0.030386,-0.001894,-0.073355,0.997304,0,-0.40378,-0.06172,-24.227,-0.123,-1,425.000,-1,400.000,-1,325.000,325.000,275.000,275.000,-1,-1,-1,-1,850.000,775.000,-1,-1,2,0,2,0,2,0,0,0,0,2,2,2,2,0,0,2,2
121,6064.351,-9503.069,335.079,-113.103,-0.392444,0.917361,0.066611,-0.919776,-0.391346,-0.029349,-0.000855,-0.072785,0.997347,0,-0.40378,-0.06172,-24.227,-0.123,-1,425.000,-1,400.000,-1,325.000,325.000,275.000,275.000,-1,975.000,-1,-1,850.000,800.000,-1,-1,2,0,2,0,2,0,0,0,0,2,0,2,2,0,0,2,2
122,6073.905,-9480.805,335.070,-113.227,-0.394356,0.916555,0.066412,-0.918958,-0.393338,-0.028321,0.000165,-0.072198,0.997390,0,-0.40378,-0.06172,-24.227,-0.123,-1,425.000,-1,400.000,-1,325.000,325.000,275.000,275.000,-1,900.000,-1,-1,875.000,800.000,-1,-1,2,0,2,0,2,0,0,0,0,2,0,2,2,0,0,2,2
123,6083.507,-9458.562,335.059,-113.350,-0.396269,0.915745,0.066195,-0.918134,-0.395329,-0.027304,0.001165,-0.071595,0.997433,0,-0.40378,-0.06172,-24.227,-0.123,-1,425.000,-1,400.000,-1,325.000,325.000,275.000,300.000,-1,850.000,-1,-1,875.000,800.000,-1,-1,2,0,2,0,2,0,0,0,0,2,0,2,2,0,0,2,2
124,6093.156,-9436.340,335.044,-113.473,-0.398182,0.914932,0.065960,-0.917304,-0.397319,-0.026297,0.002147,-0.070976,0.997476,0,-0.40378,-0.06172,-24.227,-0.123,-1,425.000,-1,400.000,-1,325.000,325.000,275.000,300.000,-1,800.000,-1,-1,875.000,800.000,-1,-1,2,0,2,0,2,0,0,0,0,2,0,2,2,0,0,2,2
125,6102.853,-9414.139,335.026,-113.597,-0.400095,0.914115,0.065706,-0.916468,-0.399307,-0.025300,0.003110,-0.070340,0.997518,0,-0.40378,-0.06172,-24.227,-0.123,-1,425.000,-1,400.000,-1,325.000,325.000,275.000,300.000,-1,750.000,975.000,-1,875.000,800.000,-1,-1,2,0,2,0,2,0,0,0,0,2,0,0,2,0,0,2,2
126,6112.598,-9391.958,335.006,-113.720,-0.402009,0.913295,0.065434,-0.915627,-0.401294,-0.024312,0.004054,-0.069687,0.997561,0,-0.40378,-0.06172,-24.227,-0.123,-1,425.000,-1,400.000,-1,325.000,325.000,275.000,300.000,-1,700.000,925.000,-1,875.000,800.000,-1,-1,2,0,2,0,2,0,0,0,0,2,0,0,2,0,0,2,2
127,6122.391,-9369.799,335.060,-113.844,-0.403908,0.912491,0.064954,-0.914785,-0.403288,-0.022972,0.005234,-0.068698,0.997624,0,-0.40378,-0.06172,-24.227,-0.123,-1,425.000,-1,400.000,-1,325.000,325.000,275.000,300.000,-1,650.000,850.000,-1,900.000,800.000,-1,-1,2,0,2,0,2,0,0,0,0,2,0,0,2,0,0,2,2
128,6132.231,-9347.661,335.139,-113.967,-0.405803,0.911690,0.064389,-0.913938,-0.405284,-0.021509,0.006486,-0.067576,0.997693,0,-0.40378,-0.06172,-24.227,-0.123,-1,425.000,-1,400.000,-1,325.000,325.000,275.000,300.000,-1,600.000,800.000,-1,900.000,800.000,-1,-1,2,0,2,0,2,0,0,0,0,2,0,0,2,0,0,2,2
129,6142.119,-9325.543,335.215,-114.091,-0.407699,0.910884,0.063805,-0.913084,-0.407279,-0.020052,0.007721,-0.066435,0.997761,0,-0.40378,-0.06172,-24.227,-0.123,-1,425.000,-1,400.000,-1,350.000,325.000,275.000,300.000,-1,550.000,750.000,-1,900.000,800.000,-1,-1,2,0,2,0,2,0,0,0,0,2,0,0,2,0,0,2,2
130,6152.054,-9303.448,335.168,-114.214,-0.409623,0.910101,0.062647,-0.912215,-0.409284,-0.018745,0.008581,-0.064825,0.997860,0,-0.40378,-0.06172,-24.227,-0.123,-1,425.000,-1,400.000,-1,350.000,325.000,275.000,300.000,-1,500.000,700.000,-1,900.000,800.000,-1,-1,2,0,2,0,2,0,0,0,0,2,0,0,2,0,0,2,2
131,6162.037,-9281.373,335.003,-114.337,-0.411573,0.909337,0.060938,-0.911332,-0.411298,-0.017576,0.009081,-0.062768,0.997987,0,-0.40378,-0.06172,-24.227,-0.123,-1,425.000,-1,400.000,-1,350.000,325.000,275.000,300.000,-1,475.000,650.000,-1,925.000,800.000,-1,-1,2,0,2,0,2,0,0,0,0,2,0,0,2,0,0,2,2
132,6172.067,-9259.320,334.837,-114.461,-0.413524,0.908566,0.059214,-0.910443,-0.413309,-0.016407,0.009567,-0.060696,0.998110,0,-0.40378,-0.06172,-24.227,-0.123,-1,425.000,-1,400.000,-1,350.000,325.000,275.000,300.000,-1,450.000,625.000,-1,925.000,775.000,-1,-1,2,0,2,0,2,0,0,0,0,2,0,0,2,0,0,2,2
133,6182.145,-9237.289,334.699,-114.584,-0.415479,0.907781,0.057537,-0.909548,-0.415315,-0.015358,0.009955,-0.058713,0.998225,0,-0.40378,-0.06172,-24.227,-0.123,-1,425.000,-1,400.000,-1,350.000,325.000,275.000,300.000,-1,425.000,575.000,-1,925.000,775.000,-1,-1,2,0,2,0,2,0,0,0,0,2,0,0,2,0,0,2,2
134,6192.270,-9215.279,334.594,-114.708,-0.417440,0.906983,0.055917,-0.908647,-0.417315,-0.014454,0.010226,-0.056843,0.998331,0,-0.40378,-0.06172,-24.227,-0.123,-1,425.000,-1,400.000,-1,325.000,325.000,275.000,275.000,-1,400.000,550.000,-1,925.000,775.000,-1,-1,2,0,2,0,2,0,0,0,0,2,0,0,2,0,0,2,2
