timestep,x_cm,y_cm,z_cm,yaw_deg,basis_xx,basis_xy,basis_xz,basis_yx,basis_yy,basis_yz,basis_zx,basis_zy,basis_zz,teleport_flag,throttle_cmd,steering_cmd,cmd_move_cm,cmd_turn_deg,lidar_cm_0,lidar_cm_1,lidar_cm_2,lidar_cm_3,lidar_cm_4,lidar_cm_5,lidar_cm_6,lidar_cm_7,lidar_cm_8,lidar_cm_9,lidar_cm_10,lidar_cm_11,lidar_cm_12,lidar_cm_13,lidar_cm_14,lidar_cm_15,lidar_cm_16,lidar_class_0,lidar_class_1,lidar_class_2,lidar_class_3,lidar_class_4,lidar_class_5,lidar_class_6,lidar_class_7,lidar_class_8,lidar_class_9,lidar_class_10,lidar_class_11,lidar_class_12,lidar_class_13,lidar_class_14,lidar_class_15,lidar_class_16
0,2300.329,-6229.877,259.823,17.892,0.951631,-0.307111,0.009022,0.307242,0.951304,-0.024938,-0.000924,0.026504,0.999648,1,0.08000,-0.12000,4.800,-0.240,-1,400.000,-1,375.000,-1,325.000,325.000,325.000,325.000,-1,-1,-1,-1,775.000,775.000,-1,-1,2,0,2,0,2,0,0,0,0,2,2,2,2,0,0,2,2
1,2309.489,-6227.005,259.787,17.412,0.954170,-0.299132,0.008961,0.299264,0.953848,-0.024818,-0.001124,0.026362,0.999652,0,0.16000,-0.24000,9.600,-0.480,-1,400.000,-1,375.000,-1,325.000,325.000,325.000,325.000,-1,-1,-1,-1,775.000,775.000,-1,-1,2,0,2,0,2,0,0,0,0,2,2,2,2,0,0,2,2
2,2323.283,-6222.869,259.730,16.692,0.957852,-0.287124,0.008890,0.287258,0.957536,-0.024655,-0.001434,0.026170,0.999656,0,0.24000,-0.36000,14.400,-0.720,-1,400.000,-1,375.000,-1,325.000,325.000,325.000,325.000,-1,-1,-1,-1,775.000,775.000,-1,-1,2,0,2,0,2,0,0,0,0,2,2,2,2,0,0,2,2
3,2341.764,-6217.663,259.653,15.732,0.962527,-0.271042,0.008832,0.271180,0.962218,-0.024472,-0.001865,0.025950,0.999661,0,0.32000,-0.48000,19.200,-0.960,-1,400.000,-1,375.000,-1,325.000,325.000,325.000,325.000,-1,-1,-1,-1,775.000,775.000,-1,-1,2,0,2,0,2,0,0,0,0,2,2,2,2,0,0,2,2
4,2364.996,-6211.641,259.551,14.532,0.967990,-0.250833,0.008812,0.250976,0.967688,-0.024297,-0.002433,0.025731,0.999666,0,0.40000,-0.60000,24.000,-1.200,-1,400.000,-1,375.000,-1,325.000,325.000,325.000,325.000,-1,-1,-1,-1,775.000,775.000,-1,-1,2,0,2,0,2,0,0,0,0,2,2,2,2,0,0,2,2
5,2393.023,-6205.012,259.431,13.308,0.973122,-0.230118,0.008852,0.230268,0.972827,-0.024167,-0.003050,0.025556,0.999669,0,0.48000,-0.61162,28.800,-1.223,-1,400.000,-1,400.000,-1,325.000,325.000,325.000,325.000,-1,-1,-1,-1,775.000,775.000,-1,-1,2,0,2,0,2,0,0,0,0,2,2,2,2,0,0,2,2
6,2425.879,-6197.982,259.292,12.076,0.977844,-0.209144,0.008966,0.209303,0.977554,-0.024111,-0.003722,0.025453,0.999669,0,0.56000,-0.61616,33.600,-1.232,-1,400.000,-1,400.000,-1,325.000,325.000,325.000,325.000,-1,-1,-1,-1,775.000,775.000,-1,-1,2,0,2,0,2,0,0,0,0,2,2,2,2,0,0,2,2
7,2463.595,-6190.765,259.129,10.833,0.982148,-0.187889,0.009165,0.188059,0.981861,-0.024154,-0.004461,0.025447,0.999666,0,0.64000,-0.62149,38.400,-1.243,-1,400.000,-1,400.000,-1,325.000,325.000,325.000,325.000,-1,-1,-1,-1,775.000,775.000,-1,-1,2,0,2,0,2,0,0,0,0,2,2,2,2,0,0,2,2
8,2506.193,-6183.577,258.940,9.578,0.986024,-0.166335,0.009460,0.166520,0.985738,-0.024324,-0.005279,0.025560,0.999659,0,0.72000,-0.62761,43.200,-1.255,-1,400.000,-1,400.000,-1,325.000,325.000,325.000,325.000,-1,-1,-1,-1,775.000,800.000,-1,-1,2,0,2,0,2,0,0,0,0,2,2,2,2,0,0,2,2
9,2553.689,-6176.640,258.720,8.309,0.989461,-0.144462,0.009856,0.144666,0.989174,-0.024648,-0.006189,0.025814,0.999648,0,0.80000,-0.63451,48.000,-1.269,-1,400.000,-1,400.000,-1,325.000,325.000,325.000,325.000,-1,-1,-1,-1,775.000,800.000,-1,-1,2,0,2,0,2,0,0,0,0,2,2,2,2,0,0,2,2
10,2606.092,-6170.175,258.434,7.033,0.992428,-0.122399,0.010293,0.122625,0.992131,-0.025269,-0.007119,0.026339,0.999628,0,0.88000,-0.63795,52.800,-1.276,-1,400.000,-1,400.000,-1,325.000,325.000,325.000,325.000,-1,-1,-1,-1,775.000,800.000,-1,-1,2,0,2,0,2,0,0,0,0,2,2,2,2,0,0,2,2
11,2663.401,-6164.397,257.999,5.757,0.994903,-0.100276,0.010648,0.100523,0.994594,-0.026019,-0.007982,0.026956,0.999605,0,0.96000,-0.63795,57.600,-1.276,-1,400.000,-1,400.000,-1,325.000,325.000,325.000,325.000,-1,-1,-1,-1,775.000,800.000,-1,-1,2,0,2,0,2,0,0,0,0,2,2,2,2,0,0,2,2
12,2722.485,-6159.767,257.312,4.481,0.996883,-0.078105,0.011126,0.078372,0.996583,-0.026071,-0.009051,0.026862,0.999598,0,0.98775,-0.63795,59.265,-1.276,-1,400.000,-1,400.000,-1,325.000,325.000,325.000,325.000,-1,-1,-1,-1,775.000,800.000,-1,-1,2,0,2,0,2,0,0,0,0,2,2,2,2,0,0,2,2
13,2781.658,-6156.453,256.595,3.205,0.998369,-0.055895,0.011659,0.056185,0.998075,-0.026265,-0.010169,0.026878,0.999587,0,0.98775,-0.63795,59.265,-1.276,-1,400.000,-1,400.000,-1,325.000,325.000,325.000,325.000,-1,-1,-1,-1,775.000,800.000,-1,-1,2,0,2,0,2,0,0,0,0,2,2,2,2,0,0,2,2
14,2840.890,-6154.458,255.846,1.929,0.999359,-0.033657,0.012234,0.033973,0.999069,-0.026597,-0.011327,0.026996,0.999571,0,0.98775,-0.63795,59.265,-1.276,-1,400.000,-1,400.000,-1,325.000,325.000,300.000,325.000,-1,-1,-1,-1,775.000,800.000,-1,-1,2,0,2,0,2,0,0,0,0,2,2,2,2,0,0,2,2
15,2900.151,-6153.782,255.062,0.654,0.999853,-0.011402,0.012835,0.011747,0.999565,-0.027061,-0.012521,0.027208,0.999551,0,0.98775,-0.63795,59.265,-1.276,-1,400.000,-1,400.000,-1,325.000,325.000,300.000,325.000,-1,-1,-1,-1,775.000,775.000,-1,-1,2,0,2,0,2,0,0,0,0,2,2,2,2,0,0,2,2
16,2959.413,-6154.425,254.243,-0.622,0.999851,0.010857,0.013448,-0.010482,0.999563,-0.027651,-0.013743,0.027506,0.999527,0,0.98775,-0.63795,59.265,-1.276,-1,400.000,-1,400.000,-1,325.000,325.000,300.000,325.000,-1,-1,-1,-1,775.000,775.000,-1,-1,2,0,2,0,2,0,0,0,0,2,2,2,2,0,0,2,2
17,3018.645,-6156.388,253.386,-1.898,0.999353,0.033111,0.014060,-0.032703,0.999063,-0.028359,-0.014986,0.027881,0.999499,0,0.98775,-0.63795,59.265,-1.276,-1,400.000,-1,400.000,-1,325.000,325.000,300.000,325.000,-1,-1,-1,-1,775.000,775.000,-1,-1,2,0,2,0,2,0,0,0,0,2,2,2,2,0,0,2,2
18,3077.820,-6159.670,252.491,-3.174,0.998360,0.055348,0.014658,-0.054904,0.998065,-0.029177,-0.016244,0.028324,0.999467,0,0.98775,-0.63795,59.265,-1.276,-1,400.000,-1,400.000,-1,325.000,325.000,300.000,325.000,-1,-1,-1,-1,775.000,775.000,-1,-1,2,0,2,0,2,0,0,0,0,2,2,2,2,0,0,2,2
19,3136.906,-6164.268,251.555,-4.450,0.996872,0.077557,0.015229,-0.077074,0.996571,-0.030095,-0.017511,0.028828,0.999431,0,0.98775,-0.63795,59.265,-1.276,-1,400.000,-1,400.000,-1,325.000,325.000,300.000,325.000,-1,-1,-1,-1,775.000,775.000,-1,-1,2,0,2,0,2,0,0,0,0,2,2,2,2,0,0,2,2
20,3195.876,-6170.181,250.576,-5.726,0.994890,0.099726,0.015762,-0.099203,0.994581,-0.031105,-0.018779,0.029382,0.999392,0,0.98775,-0.63795,59.265,-1.276,-1,400.000,-1,400.000,-1,325.000,325.000,300.000,325.000,-1,-1,-1,-1,775.000,775.000,-1,-1,2,0,2,0,2,0,0,0,0,2,2,2,2,0,0,2,2
21,3254.699,-6177.405,249.510,-7.002,0.992418,0.121846,0.016150,-0.121287,0.992101,-0.032005,-0.019922,0.029803,0.999357,0,0.98775,-0.63795,59.265,-1.276,-1,400.000,-1,400.000,-1,325.000,325.000,325.000,325.000,-1,-1,-1,-1,775.000,775.000,-1,-1,2,0,2,0,2,0,0,0,0,2,2,2,2,0,0,2,2
22,3313.347,-6185.938,248.220,-8.278,0.989454,0.143908,0.016497,-0.143326,0.989150,-0.032247,-0.020959,0.029542,0.999344,0,0.98775,-0.63795,59.265,-1.276,-1,400.000,-1,400.000,-1,325.000,325.000,300.000,325.000,-1,-1,-1,-1,775.000,750.000,-1,-1,2,0,2,0,2,0,0,0,0,2,2,2,2,0,0,2,2
23,3371.790,-6195.774,246.909,-9.554,0.986001,0.165899,0.016720,-0.165298,0.985708,-0.032516,-0.021876,0.029297,0.999331,0,0.98775,-0.63795,59.265,-1.276,-1,400.000,-1,400.000,-1,325.000,325.000,300.000,325.000,-1,-1,-1,-1,775.000,750.000,-1,-1,2,0,2,0,2,0,0,0,0,2,2,2,2,0,0,2,2
24,3425.328,-6205.784,245.685,-10.589,0.982839,0.183693,0.016848,-0.183077,0.982551,-0.032797,-0.022579,0.029150,0.999320,0,0.90775,-0.51795,54.465,-1.036,-1,400.000,-1,400.000,-1,325.000,325.000,300.000,325.000,-1,-1,-1,-1,750.000,750.000,-1,-1,2,0,2,0,2,0,0,0,0,2,2,2,2,0,0,2,2
25,3478.612,-6216.513,244.448,-11.385,0.980193,0.197323,0.016905,-0.196695,0.979906,-0.033102,-0.023097,0.029122,0.999309,0,0.90589,-0.39795,54.354,-0.796,-1,400.000,-1,400.000,-1,325.000,325.000,300.000,325.000,-1,-1,-1,-1,750.000,750.000,-1,-1,2,0,2,0,2,0,0,0,0,2,2,2,2,0,0,2,2
26,3531.789,-6227.760,243.201,-11.941,0.978233,0.206821,0.016900,-0.206182,0.977943,-0.033412,-0.023438,0.029200,0.999299,0,0.90589,-0.27795,54.354,-0.556,-1,375.000,-1,400.000,-1,325.000,325.000,300.000,325.000,-1,-1,-1,-1,750.000,750.000,-1,-1,2,0,2,0,2,0,0,0,0,2,2,2,2,0,0,2,2
27,3584.904,-6239.299,241.951,-12.257,0.977079,0.212208,0.016846,-0.211563,0.976783,-0.033708,-0.023608,0.029371,0.999290,0,0.90589,-0.15795,54.354,-0.316,-1,375.000,-1,400.000,-1,325.000,325.000,325.000,325.000,-1,-1,-1,-1,750.000,750.000,-1,-1,2,0,2,0,2,0,0,0,0,2,2,2,2,0,0,2,2
28,3637.985,-6250.990,240.703,-12.421,0.976469,0.215004,0.016757,-0.214353,0.976165,-0.033980,-0.023663,0.029588,0.999282,0,0.90589,-0.08205,54.354,-0.164,-1,375.000,-1,400.000,-1,325.000,325.000,325.000,325.000,-1,-1,-1,-1,750.000,750.000,-1,-1,2,0,2,0,2,0,0,0,0,2,2,2,2,0,0,2,2
29,3691.033,-6262.834,239.459,-12.585,0.975852,0.217797,0.016642,-0.217144,0.975539,-0.034227,-0.023689,0.029787,0.999276,0,0.90589,-0.08205,54.354,-0.164,-1,375.000,-1,400.000,-1,325.000,325.000,325.000,325.000,-1,-1,-1,-1,750.000,725.000,-1,-1,2,0,2,0,2,0,0,0,0,2,2,2,2,0,0,2,2
30,3744.047,-6274.829,238.221,-12.749,0.975227,0.220589,0.016500,-0.219934,0.974906,-0.034449,-0.023685,0.029967,0.999270,0,0.90589,-0.08205,54.354,-0.164,-1,375.000,-1,400.000,-1,325.000,325.000,325.000,325.000,-1,-1,-1,-1,750.000,725.000,-1,-1,2,0,2,0,2,0,0,0,0,2,2,2,2,0,0,2,2
31,3797.026,-6286.976,236.988,-12.914,0.974595,0.223380,0.016333,-0.222724,0.974266,-0.034645,-0.023651,0.030127,0.999266,0,0.90589,-0.08205,54.354,-0.164,-1,375.000,-1,375.000,-1,325.000,325.000,325.000,325.000,-1,-1,-1,-1,750.000,725.000,-1,-1,2,0,2,0,2,0,0,0,0,2,2,2,2,0,0,2,2
32,3849.970,-6299.274,235.760,-13.078,0.973955,0.226168,0.016139,-0.225513,0.973618,-0.034814,-0.023587,0.030268,0.999263,0,0.90589,-0.08205,54.354,-0.164,-1,375.000,-1,375.000,-1,325.000,325.000,325.000,325.000,-1,-1,-1,-1,750.000,725.000,-1,-1,2,0,2,0,2,0,0,0,0,2,2,2,2,0,0,2,2
33,3902.878,-6311.725,234.498,-13.242,0.973310,0.228956,0.015733,-0.228314,0.972967,-0.034751,-0.023264,0.030231,0.999272,0,0.90589,-0.08205,54.354,-0.164,-1,375.000,-1,375.000,-1,325.000,325.000,325.000,325.000,-1,-1,-1,-1,750.000,725.000,-1,-1,2,0,2,0,2,0,0,0,0,2,2,2,2,0,0,2,2
34,3955.751,-6324.326,233.270,-13.406,0.972659,0.231742,0.015151,-0.231116,0.972306,-0.034740,-0.022782,0.030289,0.999282,0,0.90589,-0.08205,54.354,-0.164,-1,375.000,-1,375.000,-1,325.000,325.000,325.000,325.000,-1,-1,-1,-1,750.000,725.000,-1,-1,2,0,2,0,2,0,0,0,0,2,2,2,2,0,0,2,2
35,4008.587,-6337.080,232.073,-13.570,0.972000,0.234526,0.014603,-0.233918,0.971638,-0.034667,-0.022319,0.030281,0.999292,0,0.90589,-0.08205,54.354,-0.164,-1,375.000,-1,375.000,-1,325.000,325.000,325.000,325.000,-1,-1,-1,-1,750.000,725.000,-1,-1,2,0,2,0,2,0,0,0,0,2,2,2,2,0,0,2,2
36,4061.386,-6349.984,230.939,-13.734,0.971333,0.237309,0.014009,-0.236724,0.970968,-0.034398,-0.021765,0.030096,0.999310,0,0.90589,-0.08205,54.354,-0.164,-1,400.000,-1,375.000,-1,325.000,325.000,325.000,325.000,-1,-1,-1,-1,750.000,725.000,-1,-1,2,0,2,0,2,0,0,0,0,2,2,2,2,0,0,2,2
37,4114.149,-6363.040,229.819,-13.898,0.970658,0.240091,0.013410,-0.239528,0.970290,-0.034121,-0.021203,0.029908,0.999328,0,0.90589,-0.08205,54.354,-0.164,-1,400.000,-1,375.000,-1,325.000,325.000,325.000,325.000,-1,-1,-1,-1,750.000,725.000,-1,-1,2,0,2,0,2,0,0,0,0,2,2,2,2,0,0,2,2
38,4166.874,-6376.246,228.716,-14.062,0.969974,0.242870,0.012805,-0.242331,0.969604,-0.033836,-0.020634,0.029717,0.999345,0,0.90589,-0.08205,54.354,-0.164,-1,400.000,-1,375.000,-1,325.000,325.000,325.000,325.000,-1,-1,-1,-1,750.000,725.000,-1,-1,2,0,2,0,2,0,0,0,0,2,2,2,2,0,0,2,2
39,4216.926,-6389.160,227.680,-14.466,0.968245,0.249705,0.012197,-0.249186,0.967874,-0.033557,-0.020185,0.029452,0.999362,0,0.86152,-0.20205,51.691,-0.404,-1,400.000,-1,375.000,-1,325.000,325.000,325.000,325.000,-1,-1,-1,-1,750.000,725.000,-1,-1,2,0,2,0,2,0,0,0,0,2,2,2,2,0,0,2,2
40,4266.830,-6402.635,226.654,-15.111,0.965385,0.260572,0.011545,-0.260074,0.965015,-0.033276,-0.019811,0.029122,0.999380,0,0.86152,-0.32205,51.691,-0.644,-1,400.000,-1,375.000,-1,325.000,325.000,325.000,325.000,-1,-1,-1,-1,750.000,750.000,-1,-1,2,0,2,0,2,0,0,0,0,2,2,2,2,0,0,2,2
41,4316.521,-6416.878,225.558,-15.995,0.961255,0.275436,0.011156,-0.274954,0.960899,-0.032770,-0.019746,0.028433,0.999401,0,0.86152,-0.44205,51.691,-0.884,-1,400.000,-1,375.000,-1,325.000,325.000,325.000,325.000,-1,-1,-1,-1,750.000,750.000,-1,-1,2,0,2,0,2,0,0,0,0,2,2,2,2,0,0,2,2
42,4365.980,-6431.906,224.439,-16.900,0.956785,0.290593,0.010855,-0.290125,0.956447,-0.032204,-0.019740,0.027663,0.999422,0,0.86152,-0.45272,51.691,-0.905,-1,400.000,-1,375.000,-1,325.000,325.000,325.000,325.000,-1,-1,-1,-1,750.000,750.000,-1,-1,2,0,2,0,2,0,0,0,0,2,2,2,2,0,0,2,2
43,4415.195,-6447.712,223.321,-17.806,0.952077,0.305677,0.010544,-0.305223,0.951755,-0.031649,-0.019710,0.026914,0.999443,0,0.86152,-0.45272,51.691,-0.905,-1,400.000,-1,375.000,-1,325.000,325.000,325.000,325.000,-1,-1,-1,-1,750.000,750.000,-1,-1,2,0,2,0,2,0,0,0,0,2,2,2,2,0,0,2,2
44,4464.155,-6464.295,222.205,-18.711,0.947131,0.320685,0.010224,-0.320245,0.946824,-0.031105,-0.019655,0.026187,0.999464,0,0.86152,-0.45272,51.691,-0.905,-1,375.000,-1,375.000,-1,325.000,325.000,325.000,325.000,-1,-1,-1,-1,725.000,750.000,-1,-1,2,0,2,0,2,0,0,0,0,2,2,2,2,0,0,2,2
45,4512.846,-6481.649,221.128,-19.616,0.941948,0.335612,0.009952,-0.335181,0.941652,-0.030742,-0.019689,0.025622,0.999478,0,0.86152,-0.45272,51.691,-0.905,-1,375.000,-1,375.000,-1,325.000,325.000,325.000,325.000,-1,-1,-1,-1,725.000,775.000,-1,-1,2,0,2,0,2,0,0,0,0,2,2,2,2,0,0,2,2
46,4561.257,-6499.770,220.153,-20.522,0.936535,0.350451,0.009327,-0.350033,0.936234,-0.030686,-0.019486,0.025474,0.999486,0,0.86152,-0.45272,51.691,-0.905,-1,375.000,-1,375.000,-1,325.000,325.000,325.000,325.000,-1,-1,-1,-1,725.000,775.000,-1,-1,2,0,2,0,2,0,0,0,0,2,2,2,2,0,0,2,2
47,4609.376,-6518.654,219.199,-21.427,0.930888,0.365203,0.008627,-0.364798,0.930581,-0.030668,-0.019228,0.025401,0.999492,0,0.86152,-0.45272,51.691,-0.905,-1,375.000,-1,400.000,-1,325.000,325.000,325.000,325.000,-1,-1,-1,-1,750.000,775.000,-1,-1,2,0,2,0,2,0,0,0,0,2,2,2,2,0,0,2,2
48,4657.190,-6538.296,218.244,-22.333,0.925008,0.379863,0.007969,-0.379471,0.924696,-0.030652,-0.019013,0.025329,0.999498,0,0.86152,-0.45272,51.691,-0.905,-1,400.000,-1,400.000,-1,325.000,325.000,325.000,325.000,-1,-1,-1,-1,750.000,775.000,-1,-1,2,0,2,0,2,0,0,0,0,2,2,2,2,0,0,2,2
49,4704.688,-6558.691,217.208,-23.238,0.918896,0.394426,0.007610,-0.394029,0.918572,-0.031087,-0.019252,0.025567,0.999488,0,0.86152,-0.45272,51.691,-0.905,-1,375.000,-1,400.000,-1,325.000,325.000,325.000,325.000,-1,-1,-1,-1,750.000,800.000,-1,-1,2,0,2,0,2,0,0,0,0,2,2,2,2,0,0,2,2
50,4751.857,-6579.835,216.171,-24.144,0.912555,0.408890,0.007257,-0.408488,0.912219,-0.031534,-0.019514,0.025812,0.999476,0,0.86152,-0.45272,51.691,-0.905,-1,375.000,-1,400.000,-1,325.000,325.000,325.000,325.000,-1,-1,-1,-1,750.000,800.000,-1,-1,2,0,2,0,2,0,0,0,0,2,2,2,2,0,0,2,2
51,4798.687,-6601.720,215.125,-25.049,0.905986,0.423250,0.006923,-0.422842,0.905637,-0.032041,-0.019831,0.026102,0.999463,0,0.86152,-0.45272,51.691,-0.905,-1,375.000,-1,400.000,-1,325.000,325.000,325.000,325.000,-1,-1,-1,-1,750.000,800.000,-1,-1,2,0,2,0,2,0,0,0,0,2,2,2,2,0,0,2,2
52,4845.165,-6624.344,214.020,-25.955,0.899191,0.437507,0.006552,-0.437096,0.898832,-0.032373,-0.020052,0.026246,0.999454,0,0.86152,-0.45272,51.691,-0.905,-1,375.000,-1,400.000,-1,325.000,325.000,325.000,325.000,-1,-1,-1,-1,725.000,800.000,-1,-1,2,0,2,0,2,0,0,0,0,2,2,2,2,0,0,2,2
53,4891.280,-6647.698,212.853,-26.860,0.892171,0.451656,0.006153,-0.451247,0.891806,-0.032521,-0.020176,0.026238,0.999452,0,0.86152,-0.45272,51.691,-0.905,-1,375.000,-1,400.000,-1,325.000,325.000,325.000,325.000,-1,-1,-1,-1,725.000,800.000,-1,-1,2,0,2,0,2,0,0,0,0,2,2,2,2,0,0,2,2
54,4937.020,-6671.779,211.674,-27.765,0.884928,0.465692,0.005783,-0.465283,0.884557,-0.032728,-0.020357,0.026271,0.999448,0,0.86152,-0.45272,51.691,-0.905,-1,375.000,-1,400.000,-1,325.000,325.000,300.000,325.000,-1,-1,-1,-1,725.000,825.000,-1,-1,2,0,2,0,2,0,0,0,0,2,2,2,2,0,0,2,2
55,4982.424,-6696.612,210.482,-28.676,0.877424,0.479685,0.005440,-0.479273,0.877045,-0.032998,-0.020600,0.026346,0.999441,0,0.86253,-0.45513,51.752,-0.910,-1,375.000,-1,400.000,-1,325.000,325.000,300.000,325.000,-1,-1,-1,-1,725.000,825.000,-1,-1,2,0,2,0,2,0,0,0,0,2,2,2,2,0,0,2,2
56,5027.499,-6722.211,209.278,-29.593,0.869639,0.493662,0.005122,-0.493245,0.869251,-0.033334,-0.020908,0.026463,0.999431,0,0.86395,-0.45863,51.837,-0.917,-1,375.000,-1,400.000,-1,325.000,325.000,300.000,325.000,-1,-1,-1,-1,750.000,825.000,-1,-1,2,0,2,0,2,0,0,0,0,2,2,2,2,0,0,2,2
57,5072.226,-6748.575,208.090,-30.517,0.861570,0.507616,0.004847,-0.507188,0.861169,-0.033888,-0.021376,0.026738,0.999414,0,0.86532,-0.46213,51.919,-0.924,-1,375.000,-1,400.000,-1,325.000,325.000,300.000,325.000,-1,-1,-1,-1,750.000,825.000,-1,-1,2,0,2,0,2,0,0,0,0,2,2,2,2,0,0,2,2
58,5116.588,-6775.705,206.960,-31.449,0.853216,0.521537,0.004633,-0.521088,0.852791,-0.034869,-0.022137,0.027337,0.999381,0,0.86665,-0.46564,51.999,-0.931,-1,375.000,-1,400.000,-1,325.000,325.000,300.000,325.000,-1,-1,-1,-1,750.000,850.000,-1,-1,2,0,2,0,2,0,0,0,0,2,2,2,2,0,0,2,2
59,5160.564,-6803.599,205.812,-32.387,0.844572,0.535423,0.004408,-0.534950,0.844121,-0.035885,-0.022935,0.027949,0.999346,0,0.86794,-0.46916,52.076,-0.938,-1,400.000,-1,400.000,-1,325.000,325.000,300.000,300.000,-1,-1,-1,-1,750.000,850.000,-1,-1,2,0,2,0,2,0,0,0,0,2,2,2,2,0,0,2,2
60,5204.098,-6831.962,204.669,-33.085,0.837996,0.545660,0.004151,-0.545164,0.837516,-0.036929,-0.023628,0.028683,0.999309,0,0.86598,-0.34916,51.959,-0.698,-1,400.000,-1,400.000,-1,325.000,325.000,300.000,300.000,-1,-1,-1,-1,775.000,850.000,-1,-1,2,0,2,0,2,0,0,0,0,2,2,2,2,0,0,2,2
61,5247.458,-6860.709,203.516,-33.543,0.833617,0.552329,0.003934,-0.551810,0.833104,-0.037986,-0.024258,0.029495,0.999271,0,0.86707,-0.22916,52.024,-0.458,-1,400.000,-1,400.000,-1,325.000,325.000,300.000,300.000,-1,-1,-1,-1,775.000,850.000,-1,-1,2,0,2,0,2,0,0,0,0,2,2,2,2,0,0,2,2
62,5290.754,-6889.650,202.222,-33.762,0.831526,0.555476,0.003167,-0.554948,0.830959,-0.039245,-0.024431,0.030876,0.999225,0,0.86796,-0.10916,52.078,-0.218,-1,400.000,-1,400.000,-1,325.000,325.000,325.000,300.000,-1,-1,-1,-1,775.000,850.000,-1,-1,2,0,2,0,2,0,0,0,0,2,2,2,2,0,0,2,2
63,5334.092,-6918.597,200.925,-33.740,0.831756,0.555136,0.002448,-0.554599,0.831131,-0.040520,-0.024529,0.032346,0.999176,0,0.86861,0.01084,52.117,0.022,-1,400.000,-1,400.000,-1,325.000,325.000,325.000,300.000,-1,-1,-1,-1,775.000,850.000,-1,-1,2,0,2,0,2,0,0,0,0,2,2,2,2,0,0,2,2
64,5377.581,-6947.357,199.528,-33.478,0.834296,0.551312,0.002227,-0.550757,0.833624,-0.041675,-0.024832,0.033542,0.999129,0,0.86897,0.13084,52.138,0.262,-1,400.000,-1,400.000,-1,325.000,325.000,325.000,300.000,-1,-1,-1,-1,775.000,850.000,-1,-1,2,0,2,0,2,0,0,0,0,2,2,2,2,0,0,2,2
65,5421.321,-6975.737,198.054,-32.977,0.839099,0.543973,0.002397,-0.543392,0.838391,-0.042738,-0.025259,0.034559,0.999083,0,0.86901,0.25084,52.141,0.502,-1,400.000,-1,400.000,-1,325.000,325.000,325.000,300.000,-1,-1,-1,-1,775.000,850.000,-1,-1,2,0,2,0,2,0,0,0,0,2,2,2,2,0,0,2,2
66,5465.327,-7003.668,196.585,-32.404,0.844499,0.535552,0.002573,-0.534944,0.843750,-0.043825,-0.025642,0.035633,0.999036,0,0.86868,0.28616,52.121,0.572,-1,400.000,-1,400.000,-1,325.000,325.000,325.000,300.000,-1,-1,-1,-1,775.000,850.000,-1,-1,2,0,2,0,2,0,0,0,0,2,2,2,2,0,0,2,2
67,5509.576,-7031.143,195.120,-31.837,0.849769,0.527148,0.002768,-0.526512,0.848980,-0.044931,-0.026036,0.036723,0.998986,0,0.86808,0.28373,52.085,0.567,-1,400.000,-1,400.000,-1,325.000,325.000,325.000,300.000,-1,-1,-1,-1,775.000,850.000,-1,-1,2,0,2,0,2,0,0,0,0,2,2,2,2,0,0,2,2
68,5554.051,-7058.155,193.659,-31.274,0.854917,0.518756,0.002983,-0.518090,0.854085,-0.046057,-0.026440,0.037829,0.998934,0,0.86726,0.28160,52.036,0.563,-1,400.000,-1,400.000,-1,325.000,325.000,300.000,300.000,-1,-1,-1,-1,775.000,850.000,-1,-1,2,0,2,0,2,0,0,0,0,2,2,2,2,0,0,2,2
69,5598.735,-7084.702,192.202,-30.714,0.859950,0.510369,0.003216,-0.509672,0.859073,-0.047200,-0.026852,0.038951,0.998880,0,0.86625,0.27977,51.975,0.560,-1,400.000,-1,400.000,-1,325.000,325.000,300.000,300.000,-1,-1,-1,-1,750.000,825.000,-1,-1,2,0,2,0,2,0,0,0,0,2,2,2,2,0,0,2,2
70,5643.614,-7110.777,190.751,-30.158,0.864873,0.501978,0.003469,-0.501249,0.863951,-0.048361,-0.027273,0.040087,0.998824,0,0.86507,0.27824,51.904,0.556,-1,400.000,-1,400.000,-1,325.000,325.000,300.000,300.000,-1,-1,-1,-1,750.000,825.000,-1,-1,2,0,2,0,2,0,0,0,0,2,2,2,2,0,0,2,2
71,5688.674,-7136.378,189.306,-29.604,0.869694,0.493578,0.003741,-0.492814,0.868723,-0.049537,-0.027700,0.041239,0.998765,0,0.86375,0.27702,51.825,0.554,-1,400.000,-1,400.000,-1,325.000,325.000,300.000,300.000,-1,-1,-1,-1,750.000,800.000,-1,-1,2,0,2,0,2,0,0,0,0,2,2,2,2,0,0,2,2
72,5733.903,-7161.502,187.871,-29.052,0.874417,0.485159,0.004035,-0.484358,0.873397,-0.050746,-0.028144,0.042419,0.998703,0,0.86232,0.27610,51.739,0.552,-1,400.000,-1,400.000,-1,325.000,325.000,300.000,300.000,-1,-1,-1,-1,750.000,800.000,-1,-1,2,0,2,0,2,0,0,0,0,2,2,2,2,0,0,2,2
73,5779.293,-7186.146,186.407,-28.501,0.879051,0.476708,0.004396,-0.475860,0.877968,-0.052234,-0.028760,0.043824,0.998625,0,0.86081,0.27549,51.648,0.551,-1,400.000,-1,400.000,-1,325.000,325.000,300.000,300.000,-1,-1,-1,-1,750.000,800.000,-1,-1,2,0,2,0,2,0,0,0,0,2,2,2,2,0,0,2,2
74,5824.835,-7210.309,184.934,-27.950,0.883599,0.468220,0.004756,-0.467319,0.882446,-0.053865,-0.029417,0.045372,0.998537,0,0.85925,0.27520,51.555,0.550,-1,375.000,-1,400.000,-1,325.000,325.000,300.000,300.000,-1,-1,-1,-1,725.000,775.000,-1,-1,2,0,2,0,2,0,0,0,0,2,2,2,2,0,0,2,2
75,5870.523,-7233.990,183.535,-27.400,0.888069,0.459684,0.004860,-0.458739,0.886831,-0.055575,-0.029857,0.047125,0.998443,0,0.85768,0.27521,51.461,0.550,-1,375.000,-1,400.000,-1,325.000,325.000,300.000,300.000,-1,-1,-1,-1,725.000,775.000,-1,-1,2,0,2,0,2,0,0,0,0,2,2,2,2,0,0,2,2
76,5916.354,-7257.189,182.160,-26.849,0.892462,0.451095,0.004952,-0.450107,0.891136,-0.057265,-0.030245,0.048878,0.998347,0,0.85613,0.27553,51.368,0.551,-1,375.000,-1,400.000,-1,325.000,325.000,300.000,300.000,-1,-1,-1,-1,725.000,750.000,-1,-1,2,0,2,0,2,0,0,0,0,2,2,2,2,0,0,2,2
77,5962.325,-7279.905,180.750,-26.296,0.896779,0.442451,0.004965,-0.441434,0.895376,-0.058635,-0.030389,0.050391,0.998267,0,0.85463,0.27616,51.278,0.552,-1,375.000,-1,400.000,-1,325.000,325.000,300.000,300.000,-1,-1,-1,-1,725.000,750.000,-1,-1,2,0,2,0,2,0,0,0,0,2,2,2,2,0,0,2,2
78,6008.437,-7302.138,179.258,-25.742,0.901022,0.433746,0.004839,-0.432724,0.899563,-0.059462,-0.030144,0.051483,0.998219,0,0.85321,0.27709,51.192,0.554,-1,375.000,-1,400.000,-1,325.000,325.000,300.000,300.000,-1,-1,-1,-1,725.000,750.000,-1,-1,2,0,2,0,2,0,0,0,0,2,2,2,2,0,0,2,2
79,6054.692,-7323.889,177.833,-25.186,0.905198,0.424966,0.004626,-0.423952,0.903691,-0.060056,-0.029702,0.052401,0.998184,0,0.85190,0.27832,51.114,0.557,-1,375.000,-1,400.000,-1,325.000,325.000,300.000,300.000,-1,-1,-1,-1,725.000,750.000,-1,-1,2,0,2,0,2,0,0,0,0,2,2,2,2,0,0,2,2
80,6101.093,-7345.158,176.560,-24.626,0.909305,0.416109,0.004223,-0.415131,0.907779,-0.060030,-0.028813,0.052833,0.998188,0,0.85072,0.27984,51.043,0.560,-1,375.000,-1,400.000,-1,325.000,325.000,300.000,300.000,-1,-1,-1,-1,725.000,750.000,-1,-1,2,0,2,0,2,0,0,0,0,2,2,2,2,0,0,2,2
81,6147.645,-7365.945,175.311,-24.063,0.913351,0.407155,0.003766,-0.406219,0.911805,-0.059977,-0.027854,0.053250,0.998193,0,0.84971,0.28165,50.983,0.563,-1,375.000,-1,400.000,-1,325.000,325.000,300.000,300.000,-1,-1,-1,-1,725.000,725.000,-1,-1,2,0,2,0,2,0,0,0,0,2,2,2,2,0,0,2,2
82,6194.356,-7386.250,174.087,-23.495,0.917338,0.398096,0.003254,-0.397204,0.915773,-0.059899,-0.026825,0.053655,0.998199,0,0.84889,0.28374,50.934,0.567,-1,375.000,-1,400.000,-1,325.000,325.000,300.000,325.000,-1,-1,-1,-1,725.000,725.000,-1,-1,2,0,2,0,2,0,0,0,0,2,2,2,2,0,0,2,2
83,6241.234,-7406.074,172.887,-22.923,0.921267,0.388922,0.002688,-0.388079,0.919684,-0.059797,-0.025728,0.054046,0.998207,0,0.84828,0.28611,50.897,0.572,-1,375.000,-1,400.000,-1,325.000,325.000,300.000,325.000,-1,-1,-1,-1,700.000,725.000,-1,-1,2,0,2,0,2,0,0,0,0,2,2,2,2,0,0,2,2
84,6288.287,-7425.415,171.712,-22.345,0.925138,0.379624,0.002068,-0.378835,0.923538,-0.059675,-0.024564,0.054424,0.998216,0,0.84789,0.28875,50.874,0.578,1000.000,375.000,-1,400.000,-1,325.000,325.000,300.000,325.000,-1,-1,-1,-1,700.000,725.000,1000.000,-1,1,0,2,0,2,0,0,0,0,2,2,2,2,0,0,1,2
85,6338.127,-7445.214,170.464,-21.666,0.929574,0.368634,0.001194,-0.367913,0.927947,-0.059615,-0.023084,0.054977,0.998221,0,0.89382,0.33974,53.629,0.679,950.000,375.000,-1,400.000,-1,325.000,325.000,300.000,325.000,-1,-1,-1,-1,700.000,725.000,950.000,-1,1,0,2,0,2,0,0,0,0,2,2,2,2,0,0,1,2
86,6388.557,-7464.553,169.202,-20.982,0.933904,0.357523,0.000110,-0.356881,0.932245,-0.059628,-0.021421,0.055647,0.998221,0,0.90018,0.34182,54.011,0.684,900.000,375.000,-1,375.000,-1,325.000,325.000,300.000,325.000,-1,-1,-1,-1,725.000,725.000,900.000,-1,1,0,2,0,2,0,0,0,0,2,2,2,2,0,0,1,2
87,6439.577,-7483.419,167.976,-20.294,0.938125,0.346295,-0.000986,-0.345734,0.936437,-0.059621,-0.019723,0.056273,0.998221,0,0.90661,0.34389,54.397,0.688,850.000,375.000,-1,375.000,-1,325.000,325.000,300.000,325.000,-1,-1,-1,-1,725.000,725.000,850.000,-1,1,0,2,0,2,0,0,0,0,2,2,2,2,0,0,1,2
88,6491.187,-7501.799,166.853,-19.603,0.942236,0.334945,-0.001991,-0.334456,0.940505,-0.059915,-0.018196,0.057120,0.998202,0,0.91310,0.34595,54.786,0.692,800.000,375.000,-1,375.000,-1,300.000,325.000,300.000,325.000,-1,-1,-1,-1,725.000,725.000,800.000,-1,1,0,2,0,2,0,0,0,0,2,2,2,2,0,0,1,2
89,6547.475,-7521.345,165.761,-19.151,0.944847,0.327495,-0.003424,-0.327093,0.943055,-0.060476,-0.016577,0.058260,0.998164,0,0.99310,0.22595,59.586,0.452,750.000,375.000,-1,375.000,-1,300.000,325.000,300.000,325.000,-1,-1,-1,-1,700.000,700.000,750.000,-1,1,0,2,0,2,0,0,0,0,2,2,2,2,1,0,1,2
90,6604.232,-7540.804,164.700,-18.925,0.946127,0.323759,-0.004881,-0.323441,0.944276,-0.061061,-0.015160,0.059351,0.998122,0,1.00000,0.11278,60.000,0.226,700.000,375.000,-1,375.000,-1,325.000,325.000,300.000,300.000,-1,-1,-1,-1,650.000,700.000,675.000,-1,1,0,2,0,2,0,0,0,0,2,2,2,2,1,0,1,2
91,6661.067,-7560.034,163.853,-18.693,0.947424,0.319931,-0.005701,-0.319667,0.945552,-0.061191,-0.014187,0.059797,0.998110,0,1.00000,0.11582,60.000,0.232,650.000,375.000,-1,375.000,-1,300.000,300.000,300.000,300.000,-1,-1,-1,-1,600.000,700.000,625.000,-1,1,0,2,0,2,0,0,0,0,2,2,2,2,1,0,1,2
92,6717.981,-7579.028,163.232,-18.455,0.948734,0.316004,-0.006657,-0.315814,0.946887,-0.060551,-0.012831,0.059549,0.998143,0,1.00000,0.11902,60.000,0.238,600.000,375.000,-1,375.000,-1,325.000,300.000,325.000,300.000,-1,-1,975.000,-1,550.000,700.000,575.000,-1,1,0,2,0,2,0,0,0,0,2,2,0,2,1,0,1,2
93,6774.976,-7597.778,162.653,-18.211,0.950064,0.311960,-0.007637,-0.311844,0.948243,-0.059897,-0.011444,0.059287,0.998175,0,1.00000,0.12241,60.000,0.245,525.000,375.000,-1,375.000,-1,325.000,325.000,325.000,300.000,-1,-1,900.000,-1,500.000,700.000,525.000,-1,1,0,2,0,2,0,0,0,0,2,2,0,2,1,1,1,2
94,6832.053,-7616.278,162.115,-17.959,0.951414,0.307792,-0.008641,-0.307750,0.949622,-0.059231,-0.010025,0.059012,0.998207,0,1.00000,0.12600,60.000,0.252,475.000,375.000,950.000,375.000,-1,325.000,325.000,325.000,300.000,-1,950.000,850.000,-1,475.000,700.000,450.000,-1,1,0,1,0,2,0,0,0,0,2,0,0,2,1,0,1,2
95,6889.213,-7634.519,161.620,-17.699,0.952785,0.303491,-0.009667,-0.303523,0.951023,-0.058553,-0.008577,0.058723,0.998237,0,1.00000,0.12982,60.000,0.260,425.000,375.000,875.000,375.000,-1,325.000,325.000,325.000,325.000,-1,875.000,800.000,-1,425.000,700.000,400.000,-1,1,1,1,0,2,0,0,0,0,2,0,0,2,1,0,1,2
96,6946.502,-7652.348,161.173,-17.287,0.954927,0.296647,-0.010712,-0.296759,0.953198,-0.057861,-0.006954,0.058432,0.998267,0,1.00000,0.20606,60.000,0.412,350.000,325.000,775.000,375.000,-1,325.000,325.000,325.000,325.000,-1,825.000,775.000,-1,375.000,725.000,350.000,-1,1,1,1,0,2,1,0,0,0,2,0,0,2,1,0,1,2
97,7003.925,-7669.743,160.777,-16.853,0.957126,0.289434,-0.011774,-0.289625,0.955432,-0.057161,-0.005294,0.058120,0.998296,0,1.00000,0.21670,60.000,0.433,300.000,300.000,675.000,375.000,-1,275.000,300.000,325.000,325.000,-1,800.000,750.000,-1,325.000,725.000,300.000,-1,1,1,1,1,2,1,1,0,0,2,0,0,2,1,0,1,2
98,7061.484,-7686.681,160.432,-16.397,0.959379,0.281826,-0.012855,-0.282096,0.957724,-0.056453,-0.003598,0.057786,0.998323,0,1.00000,0.22800,60.000,0.456,250.000,250.000,600.000,350.000,-1,250.000,275.000,325.000,325.000,-1,775.000,750.000,-1,300.000,725.000,250.000,-1,1,1,1,1,2,1,1,0,0,2,0,0,2,1,0,1,2
99,7119.184,-7703.136,160.138,-15.917,0.961686,0.273796,-0.013952,-0.274145,0.960072,-0.055739,-0.001867,0.057428,0.998348,0,1.00000,0.24006,60.000,0.480,200.000,225.000,525.000,325.000,-1,200.000,250.000,325.000,300.000,-1,750.000,725.000,-1,250.000,725.000,175.000,-1,1,1,1,1,2,1,1,0,0,2,0,0,2,1,0,1,2
100,7177.030,-7719.066,163.745,-15.411,0.963742,0.265041,-0.030890,-0.266568,0.961486,-0.066986,0.011946,0.072791,0.997276,0,1.00000,0.25299,60.000,0.506,150.000,200.000,525.000,325.000,-1,200.000,250.000,350.000,300.000,-1,450.000,375.000,-1,225.000,775.000,150.000,-1,1,1,1,1,2,1,1,0,0,2,0,0,2,1,0,1,2
101,7235.038,-7734.408,174.618,-14.877,0.963816,0.254970,-0.077769,-0.262040,0.959768,-0.100899,0.048914,0.117627,0.991852,0,1.00000,0.26692,60.000,0.534,150.000,200.000,-1,375.000,-1,200.000,250.000,500.000,275.000,-1,250.000,125.000,800.000,225.000,975.000,125.000,-1,1,1,2,1,2,1,1,0,0,2,0,0,0,1,0,1,2
102,7293.204,-7749.152,185.467,-14.313,0.962054,0.244040,-0.122053,-0.259549,0.956471,-0.133409,0.084183,0.160026,0.983517,0,1.00000,0.28201,60.000,0.564,125.000,200.000,-1,550.000,-1,200.000,275.000,650.000,250.000,-1,200.000,50.000,425.000,250.000,-1,125.000,-1,1,1,2,1,2,1,1,1,0,2,0,0,0,1,2,1,2
103,-983.888,-9511.032,-17.987,-132.812,-0.680276,0.732922,-0.007026,-0.730798,-0.678977,-0.070169,-0.056199,-0.042599,0.997510,1,0.00000,0.00000,60.000,0.597,-1,375.000,-1,400.000,-1,300.000,325.000,300.000,325.000,-1,425.000,350.000,-1,650.000,800.000,-1,-1,2,0,2,0,2,0,0,0,0,2,0,0,2,0,0,2,2
104,-987.165,-9514.539,-18.297,-133.052,-0.683345,0.730063,-0.006844,-0.727961,-0.682034,-0.070020,-0.055786,-0.042866,0.997522,0,0.08000,-0.12000,4.800,-0.240,-1,375.000,-1,400.000,-1,300.000,325.000,300.000,325.000,-1,425.000,350.000,-1,650.000,800.000,-1,-1,2,0,2,0,2,0,0,0,0,2,0,0,2,0,0,2,2
105,-993.752,-9521.523,-18.890,-133.329,-0.686877,0.726744,-0.006496,-0.724680,-0.685550,-0.069713,-0.055117,-0.043176,0.997546,0,0.16000,-0.13865,9.600,-0.277,-1,375.000,-1,400.000,-1,300.000,325.000,300.000,325.000,-1,425.000,350.000,-1,650.000,800.000,-1,-1,2,0,2,0,2,0,0,0,0,2,0,0,2,0,0,2,2
106,-1003.683,-9531.950,-19.757,-133.604,-0.690357,0.723444,-0.005991,-0.721434,-0.689012,-0.069251,-0.054227,-0.043486,0.997581,0,0.24000,-0.13716,14.400,-0.274,-1,375.000,-1,400.000,-1,300.000,325.000,300.000,325.000,-1,425.000,325.000,-1,650.000,800.000,-1,-1,2,0,2,0,2,0,0,0,0,2,0,0,2,0,0,2,2
107,-1016.990,-9545.791,-20.891,-133.873,-0.693766,0.720181,-0.005334,-0.718239,-0.692403,-0.068640,-0.053126,-0.043789,0.997627,0,0.32000,-0.13493,19.200,-0.270,-1,375.000,-1,400.000,-1,300.000,325.000,300.000,325.000,-1,425.000,325.000,-1,650.000,825.000,-1,-1,2,0,2,0,2,0,0,0,0,2,0,0,2,0,0,2,2
108,-1033.703,-9563.015,-22.185,-134.137,-0.697064,0.716991,-0.005114,-0.715111,-0.695719,-0.067761,-0.052142,-0.043577,0.997688,0,0.40000,-0.13196,24.000,-0.264,-1,375.000,-1,400.000,-1,300.000,325.000,300.000,325.000,-1,425.000,350.000,-1,650.000,825.000,-1,-1,2,0,2,0,2,0,0,0,0,2,0,0,2,0,0,2,2
109,-1053.852,-9583.593,-23.678,-134.394,-0.700226,0.713901,-0.005453,-0.712087,-0.698953,-0.066301,-0.051144,-0.042542,0.997785,0,0.48000,-0.12825,28.800,-0.257,-1,375.000,-1,400.000,-1,300.000,325.000,300.000,325.000,-1,450.000,350.000,-1,650.000,825.000,-1,-1,2,0,2,0,2,0,0,0,0,2,0,0,2,0,0,2,2
110,-1077.462,-9607.499,-25.393,-134.641,-0.703258,0.710911,-0.005816,-0.709173,-0.702068,-0.064605,-0.050011,-0.041310,0.997894,0,0.56000,-0.12380,33.600,-0.248,-1,375.000,-1,400.000,-1,300.000,325.000,300.000,325.000,-1,450.000,375.000,-1,650.000,850.000,-1,-1,2,0,2,0,2,0,0,0,0,2,0,0,2,0,0,2,2
111,-1104.558,-9634.709,-27.317,-134.879,-0.706146,0.708039,-0.006196,-0.706386,-0.705046,-0.062685,-0.048752,-0.039888,0.998014,0,0.64000,-0.11860,38.400,-0.237,-1,375.000,-1,400.000,-1,300.000,325.000,300.000,325.000,-1,475.000,375.000,-1,650.000,850.000,-1,-1,2,0,2,0,2,0,0,0,0,2,0,0,2,0,0,2,2
112,-1135.161,-9665.200,-29.438,-135.104,-0.708873,0.705305,-0.006587,-0.703743,-0.707869,-0.060553,-0.047371,-0.038289,0.998143,0,0.72000,-0.11265,43.200,-0.225,-1,375.000,-1,400.000,-1,300.000,325.000,300.000,325.000,-1,500.000,375.000,-1,650.000,850.000,-1,-1,2,0,2,0,2,0,0,0,0,2,0,0,2,0,0,2,2
113,-1169.290,-9698.952,-31.741,-135.316,-0.711424,0.702729,-0.006981,-0.701264,-0.710520,-0.058223,-0.045875,-0.036526,0.998279,0,0.80000,-0.10596,48.000,-0.212,-1,375.000,-1,400.000,-1,300.000,325.000,300.000,325.000,-1,525.000,400.000,-1,650.000,850.000,-1,-1,2,0,2,0,2,0,0,0,0,2,0,0,2,0,0,2,2
114,-1204.974,-9734.001,-34.081,-135.513,-0.713785,0.700326,-0.007355,-0.698959,-0.712978,-0.055844,-0.044353,-0.034720,0.998412,0,0.83363,-0.09851,50.018,-0.197,-1,375.000,-1,400.000,-1,300.000,325.000,300.000,325.000,-1,525.000,425.000,-1,675.000,850.000,-1,-1,2,0,2,0,2,0,0,0,0,2,0,0,2,0,0,2,2
115,-1241.026,-9769.188,-36.324,-135.694,-0.715934,0.698122,-0.008025,-0.696863,-0.715251,-0.052887,-0.042661,-0.032271,0.998568,0,0.83963,-0.09074,50.378,-0.181,-1,375.000,-1,425.000,-1,300.000,325.000,300.000,325.000,-1,550.000,425.000,-1,675.000,875.000,-1,-1,2,0,2,0,2,0,0,0,0,2,0,0,2,0,0,2,2
116,-1277.442,-9804.524,-38.834,-135.860,-0.717836,0.696134,-0.010432,-0.694950,-0.717356,-0.049450,-0.041908,-0.028248,0.998722,0,0.84570,-0.08290,50.742,-0.166,-1,375.000,-1,425.000,-1,300.000,325.000,300.000,325.000,-1,600.000,450.000,-1,675.000,850.000,-1,-1,2,0,2,0,2,0,0,0,0,2,0,0,2,0,0,2,2
117,-1314.215,-9840.020,-41.308,-136.010,-0.719547,0.694326,-0.012805,-0.693220,-0.719251,-0.046082,-0.041206,-0.024282,0.998856,0,0.85183,-0.07500,51.110,-0.150,-1,375.000,-1,425.000,-1,300.000,325.000,300.000,325.000,-1,625.000,450.000,-1,700.000,850.000,-1,-1,2,0,2,0,2,0,0,0,0,2,0,0,2,0,0,2,2
118,-1351.339,-9875.688,-43.744,-136.144,-0.721065,0.692702,-0.015145,-0.691679,-0.720936,-0.042787,-0.040557,-0.020376,0.998969,0,0.85804,-0.06703,51.482,-0.134,-1,375.000,-1,425.000,-1,300.000,325.000,300.000,325.000,-1,675.000,475.000,-1,700.000,850.000,-1,-1,2,0,2,0,2,0,0,0,0,2,0,0,2,0,0,2,2
119,-1388.808,-9911.540,-46.125,-136.262,-0.722392,0.691264,-0.017446,-0.690325,-0.722412,-0.039654,-0.040014,-0.016603,0.999061,0,0.86431,-0.05899,51.859,-0.118,-1,375.000,-1,425.000,-1,325.000,325.000,325.000,325.000,-1,700.000,500.000,-1,700.000,850.000,-1,-1,2,0,2,0,2,0,0,0,0,2,0,0,2,0,0,2,2
120,-1426.616,-9947.588,-48.296,-136.364,-0.723552,0.690005,-0.019119,-0.689110,-0.723664,-0.037914,-0.039996,-0.014257,0.999098,0,0.87065,-0.05088,52.239,-0.102,-1,375.000,-1,425.000,-1,325.000,325.000,325.000,325.000,-1,775.000,550.000,-1,725.000,850.000,-1,-1,2,0,2,0,2,0,0,0,0,2,0,0,2,0,0,2,2
121,-1464.756,-9983.845,-50.488,-136.449,-0.724523,0.688945,-0.020529,-0.688098,-0.724712,-0.036241,-0.039846,-0.012131,0.999132,0,0.87706,-0.04270,52.624,-0.085,-1,375.000,-1,400.000,-1,325.000,325.000,325.000,325.000,-1,825.000,600.000,-1,725.000,825.000,-1,-1,2,0,2,0,2,0,0,0,0,2,0,0,2,0,0,2,2
122,-1503.223,-10020.324,-52.648,-136.518,-0.725295,0.688089,-0.021934,-0.687291,-0.725558,-0.034603,-0.039724,-0.010022,0.999160,0,0.88355,-0.03446,53.013,-0.069,-1,375.000,-1,400.000,-1,325.000,325.000,325.000,325.000,-1,875.000,625.000,-1,725.000,825.000,-1,-1,2,0,2,0,2,0,0,0,0,2,0,0,2,0,0,2,2
123,-1542.008,-10057.039,-54.777,-136.571,-0.725867,0.687439,-0.023333,-0.686692,-0.726199,-0.033003,-0.039632,-0.007933,0.999183,0,0.89010,-0.02614,53.406,-0.052,-1,375.000,-1,400.000,-1,325.000,325.000,325.000,325.000,-1,925.000,675.000,-1,725.000,825.000,-1,-1,2,0,2,0,2,0,0,0,0,2,0,0,2,0,0,2,2
124,-1581.000,-10093.896,-56.867,-136.612,-0.726313,0.686919,-0.024723,-0.686225,-0.726710,-0.031445,-0.039567,-0.005874,0.999200,0,0.89425,-0.02088,53.655,-0.042,-1,375.000,-1,400.000,-1,325.000,325.000,325.000,325.000,-1,1000.000,725.000,-1,725.000,825.000,-1,-1,2,0,2,0,2,0,0,0,0,2,0,0,2,0,0,2,2
125,-1620.020,-10130.725,-59.151,-136.654,-0.726773,0.686393,-0.025809,-0.685693,-0.727213,-0.031404,-0.040324,-0.005127,0.999173,0,0.89425,-0.02088,53.655,-0.042,-1,375.000,-1,400.000,-1,325.000,325.000,325.000,325.000,-1,-1,825.000,-1,725.000,825.000,-1,-1,2,0,2,0,2,0,0,0,0,2,2,0,2,0,0,2,2
126,-1659.066,-10167.526,-61.339,-136.696,-0.727255,0.685862,-0.026333,-0.685143,-0.727713,-0.031813,-0.040982,-0.005094,0.999147,0,0.89425,-0.02088,53.655,-0.042,-1,375.000,-1,400.000,-1,325.000,325.000,300.000,325.000,-1,-1,900.000,-1,700.000,800.000,-1,-1,2,0,2,0,2,0,0,0,0,2,2,0,2,0,0,2,2
127,-1698.139,-10204.298,-63.397,-136.738,-0.727720,0.685333,-0.027234,-0.684595,-0.728214,-0.032159,-0.041872,-0.004759,0.999112,0,0.89425,-0.02088,53.655,-0.042,-1,375.000,-1,400.000,-1,325.000,325.000,300.000,325.000,-1,-1,1000.000,-1,700.000,800.000,-1,-1,2,0,2,0,2,0,0,0,0,2,2,0,2,0,0,2,2
128,-1737.239,-10241.041,-65.670,-136.779,-0.728154,0.684808,-0.028820,-0.684127,-0.728719,-0.030644,-0.041987,-0.002597,0.999115,0,0.89425,-0.02088,53.655,-0.042,-1,375.000,-1,400.000,-1,325.000,325.000,300.000,325.000,-1,-1,-1,-1,700.000,800.000,-1,-1,2,0,2,0,2,0,0,0,0,2,2,2,2,0,0,2,2
129,-1776.366,-10277.756,-67.974,-136.821,-0.728587,0.684279,-0.030381,-0.683674,-0.729221,-0.028761,-0.041835,-0.000184,0.999125,0,0.89425,-0.02088,53.655,-0.042,-1,375.000,-1,400.000,-1,325.000,325.000,300.000,325.000,-1,-1,-1,-1,700.000,775.000,-1,-1,2,0,2,0,2,0,0,0,0,2,2,2,2,0,0,2,2
130,-1815.519,-10314.443,-70.229,-136.863,-0.729024,0.683745,-0.031885,-0.683220,-0.729717,-0.026890,-0.041653,0.002181,0.999130,0,0.89425,-0.02088,53.655,-0.042,-1,375.000,-1,400.000,-1,325.000,325.000,300.000,325.000,-1,-1,-1,-1,700.000,775.000,-1,-1,2,0,2,0,2,0,0,0,0,2,2,2,2,0,0,2,2
131,-1854.699,-10351.101,-72.433,-136.905,-0.729463,0.683208,-0.033333,-0.682764,-0.730210,-0.025031,-0.041442,0.004499,0.999131,0,0.89425,-0.02088,53.655,-0.042,-1,375.000,-1,400.000,-1,325.000,325.000,300.000,325.000,-1,-1,-1,-1,700.000,775.000,-1,-1,2,0,2,0,2,0,0,0,0,2,2,2,2,0,0,2,2
132,-1893.906,-10387.730,-74.594,-136.946,-0.729903,0.682667,-0.034752,-0.682307,-0.730698,-0.023181,-0.041218,0.006792,0.999127,0,0.89425,-0.02088,53.655,-0.042,-1,375.000,-1,400.000,-1,325.000,325.000,300.000,325.000,-1,-1,-1,-1,700.000,775.000,-1,-1,2,0,2,0,2,0,0,0,0,2,2,2,2,0,0,2,2
133,-1933.139,-10424.331,-76.782,-136.988,-0.730330,0.682120,-0.036465,-0.681851,-0.731181,-0.021306,-0.041196,0.009304,0.999108,0,0.89425,-0.02088,53.655,-0.042,-1,375.000,-1,400.000,-1,325.000,325.000,300.000,325.000,-1,-1,-1,-1,700.000,750.000,-1,-1,2,0,2,0,2,0,0,0,0,2,2,2,2,0,0,2,2
134,-1972.399,-10460.903,-78.921,-137.030,-0.730760,0.681570,-0.038114,-0.681394,-0.731659,-0.019450,-0.041143,0.011757,0.999084,0,0.89425,-0.02088,53.655,-0.042,-1,375.000,-1,400.000,-1,300.000,325.000,300.000,325.000,-1,-1,-1,-1,700.000,750.000,-1,-1,2,0,2,0,2,0,0,0,0,2,2,2,2,0,0,2,2
135,-2012.795,-10498.164,-81.060,-137.312,-0.734038,0.677943,-0.039755,-0.677862,-0.734980,-0.017553,-0.041119,0.014064,0.999055,0,0.91594,-0.14088,54.957,-0.282,-1,375.000,-1,400.000,-1,300.000,325.000,300.000,325.000,-1,-1,-1,-1,700.000,725.000,-1,-1,2,0,2,0,2,0,0,0,0,2,2,2,2,0,0,2,2
136,-2053.529,-10535.056,-83.152,-137.833,-0.740122,0.671201,-0.041343,-0.671214,-0.741099,-0.015626,-0.041128,0.016185,0.999023,0,0.91594,-0.26088,54.957,-0.522,-1,375.000,-1,375.000,-1,300.000,325.000,325.000,325.000,-1,-1,-1,-1,700.000,725.000,-1,-1,2,0,2,0,2,0,0,0,0,2,2,2,2,0,0,2,2
137,-2094.749,-10571.403,-85.485,-138.595,-0.749003,0.661283,-0.041214,-0.661343,-0.749951,-0.014105,-0.040236,0.016692,0.999051,0,0.91594,-0.38088,54.957,-0.762,-1,375.000,-1,375.000,-1,300.000,325.000,325.000,325.000,-1,-1,-1,-1,700.000,725.000,-1,-1,2,0,2,0,2,0,0,0,0,2,2,2,2,0,0,2,2
