timestep,x_cm,y_cm,z_cm,yaw_deg,basis_xx,basis_xy,basis_xz,basis_yx,basis_yy,basis_yz,basis_zx,basis_zy,basis_zz,teleport_flag,throttle_cmd,steering_cmd,cmd_move_cm,cmd_turn_deg,lidar_cm_0,lidar_cm_1,lidar_cm_2,lidar_cm_3,lidar_cm_4,lidar_cm_5,lidar_cm_6,lidar_cm_7,lidar_cm_8,lidar_cm_9,lidar_cm_10,lidar_cm_11,lidar_cm_12,lidar_cm_13,lidar_cm_14,lidar_cm_15,lidar_cm_16,lidar_class_0,lidar_class_1,lidar_class_2,lidar_class_3,lidar_class_4,lidar_class_5,lidar_class_6,lidar_class_7,lidar_class_8,lidar_class_9,lidar_class_10,lidar_class_11,lidar_class_12,lidar_class_13,lidar_class_14,lidar_class_15,lidar_class_16
0,985.663,3603.174,-59.710,112.657,-0.374936,-0.918154,0.128128,0.922442,-0.383256,-0.047068,0.092321,0.100543,0.990640,1,-0.08000,-0.12000,-4.800,-0.240,-1,425.000,-1,400.000,-1,325.000,325.000,300.000,300.000,-1,425.000,450.000,-1,-1,850.000,-1,-1,2,0,2,0,2,0,0,0,0,2,1,1,2,2,0,2,2
1,989.285,3594.284,-60.611,112.177,-0.367175,-0.921225,0.128556,0.925620,-0.375507,-0.047149,0.091708,0.101683,0.990581,0,-0.16000,-0.24000,-9.600,-0.480,-1,425.000,-1,400.000,-1,325.000,325.000,300.000,300.000,-1,400.000,450.000,-1,-1,850.000,-1,-1,2,0,2,0,2,0,0,0,0,2,1,1,2,2,0,2,2
2,994.554,3580.884,-61.947,111.473,-0.355756,-0.925606,0.129196,0.930158,-0.364104,-0.047273,0.090797,0.103355,0.990492,0,-0.24000,-0.35175,-14.400,-0.704,-1,425.000,-1,400.000,-1,325.000,325.000,300.000,300.000,-1,375.000,425.000,-1,-1,850.000,-1,-1,2,0,2,0,2,0,0,0,0,2,1,1,2,2,0,2,2
3,1001.356,3562.930,-63.708,110.757,-0.344060,-0.929898,0.130045,0.934629,-0.352445,-0.047443,0.089951,0.105221,0.990372,0,-0.32000,-0.35784,-19.200,-0.716,-1,425.000,-1,400.000,-1,325.000,325.000,300.000,300.000,-1,375.000,400.000,-1,-1,825.000,-1,-1,2,0,2,0,2,0,0,0,0,2,1,1,2,2,0,2,2
4,1009.572,3540.381,-65.885,110.026,-0.332021,-0.934117,0.131102,0.939049,-0.340463,-0.047659,0.089154,0.107288,0.990223,0,-0.40000,-0.36594,-24.000,-0.732,-1,425.000,-1,375.000,-1,325.000,325.000,300.000,300.000,-1,350.000,375.000,-1,-1,825.000,-1,-1,2,0,2,0,2,0,0,0,0,2,1,1,2,2,0,2,2
5,1018.920,3513.637,-68.427,109.273,-0.319576,-0.938273,0.132342,0.943430,-0.328091,-0.047918,0.088380,0.109541,0.990045,0,-0.47221,-0.37605,-28.332,-0.752,-1,425.000,-1,375.000,-1,325.000,325.000,300.000,300.000,-1,300.000,350.000,-1,-1,825.000,-1,-1,2,0,2,0,2,0,0,0,0,2,1,1,2,2,0,2,2
6,1028.057,3486.316,-70.985,108.498,-0.306689,-0.942388,0.133591,0.947777,-0.315273,-0.048188,0.087530,0.111836,0.989864,0,-0.48015,-0.38796,-28.809,-0.776,-1,425.000,-1,375.000,-1,325.000,325.000,300.000,300.000,-1,275.000,300.000,-1,-1,800.000,-1,-1,2,0,2,0,2,0,0,0,0,2,1,1,2,2,0,2,2
7,1036.955,3458.417,-73.554,107.697,-0.293353,-0.946446,0.134849,0.952074,-0.302003,-0.048468,0.086597,0.114168,0.989680,0,-0.48808,-0.40005,-29.285,-0.800,-1,425.000,-1,375.000,-1,325.000,325.000,300.000,300.000,-1,250.000,275.000,-1,975.000,800.000,-1,-1,2,0,2,0,2,0,0,0,0,2,1,1,2,0,0,2,2
8,1045.589,3429.941,-76.130,106.873,-0.279560,-0.950431,0.136113,0.956307,-0.288271,-0.048759,0.085579,0.116535,0.989493,0,-0.49597,-0.41230,-29.758,-0.825,-1,425.000,-1,375.000,-1,325.000,325.000,300.000,300.000,-1,225.000,250.000,-1,950.000,800.000,-1,-1,2,0,2,0,2,0,0,0,0,2,1,1,2,0,0,2,2
9,1053.928,3400.889,-78.709,106.023,-0.265304,-0.954327,0.137383,0.960457,-0.274071,-0.049059,0.084471,0.118935,0.989302,0,-0.50378,-0.42471,-30.227,-0.849,-1,425.000,-1,375.000,-1,325.000,325.000,300.000,300.000,-1,175.000,200.000,-1,950.000,775.000,-1,-1,2,0,2,0,2,0,0,0,0,2,1,1,2,0,0,2,2
10,1061.944,3371.267,-81.286,105.149,-0.250580,-0.958115,0.138655,0.964508,-0.259397,-0.049368,0.083267,0.121363,0.989110,0,-0.51147,-0.43726,-30.688,-0.875,-1,425.000,-1,375.000,-1,325.000,325.000,300.000,300.000,-1,150.000,175.000,-1,950.000,775.000,-1,-1,2,0,2,0,2,0,0,0,0,2,1,1,2,0,0,2,2
11,1069.605,3341.086,-83.869,104.249,-0.235393,-0.961783,0.139868,0.968441,-0.244244,-0.049659,0.081923,0.123765,0.988924,0,-0.51900,-0.44995,-31.140,-0.900,-1,425.000,-1,375.000,-1,325.000,325.000,325.000,300.000,-1,125.000,150.000,625.000,925.000,775.000,-1,-1,2,0,2,0,2,0,0,0,0,2,1,1,1,0,0,2,2
12,1076.878,3310.357,-86.403,103.323,-0.219738,-0.965288,0.141186,0.972246,-0.228603,-0.049778,0.080325,0.126330,0.988731,0,-0.52632,-0.46276,-31.579,-0.926,-1,425.000,-1,375.000,-1,325.000,325.000,325.000,300.000,-1,100.000,100.000,525.000,925.000,750.000,-1,-1,2,0,2,0,2,0,0,0,0,2,1,1,1,0,0,2,2
13,1083.730,3279.101,-88.881,102.372,-0.203610,-0.968608,0.142622,0.975900,-0.212469,-0.049759,0.078499,0.129053,0.988526,0,-0.53334,-0.47567,-32.001,-0.951,-1,425.000,-1,375.000,-1,325.000,325.000,325.000,300.000,-1,75.000,75.000,425.000,925.000,750.000,-1,-1,2,0,2,0,2,0,0,0,0,2,1,1,1,0,0,2,2
14,1089.000,3252.418,-90.925,101.181,-0.183411,-0.972459,0.143817,0.980089,-0.192214,-0.049797,0.076069,0.131820,0.988351,0,-0.45334,-0.59567,-27.201,-1.191,-1,425.000,-1,375.000,-1,325.000,325.000,325.000,300.000,-1,50.000,50.000,350.000,900.000,725.000,-1,-1,2,0,2,0,2,0,0,0,0,2,1,1,1,0,0,2,2
15,1092.789,3230.343,-92.552,99.749,-0.159107,-0.976584,0.144806,0.984560,-0.167799,-0.049855,0.072986,0.134638,0.988203,0,-0.37334,-0.71567,-22.401,-1.431,-1,400.000,-1,375.000,-1,325.000,325.000,325.000,300.000,-1,25.000,25.000,300.000,900.000,725.000,-1,-1,2,0,2,0,2,0,0,0,0,2,1,1,1,0,0,2,2
16,1095.284,3212.921,-90.234,98.078,-0.132890,-0.982345,0.131672,0.989355,-0.139426,-0.041688,0.059310,0.124731,0.990416,0,-0.29334,-0.83567,-17.601,-1.671,-1,400.000,-1,375.000,-1,325.000,300.000,300.000,325.000,-1,50.000,25.000,275.000,800.000,700.000,-1,-1,2,0,2,0,2,0,0,0,0,2,1,1,1,0,0,2,2
17,1096.680,3200.199,-87.503,96.167,-0.102170,-0.987656,0.118734,0.993756,-0.106715,-0.032560,0.044829,0.114666,0.992392,0,-0.21334,-0.95567,-12.801,-1.911,-1,375.000,-1,375.000,-1,300.000,300.000,300.000,375.000,-1,100.000,25.000,275.000,725.000,700.000,-1,-1,2,0,2,0,2,0,0,0,0,2,1,1,1,0,0,2,2
18,1097.275,3192.223,-85.355,94.167,-0.069095,-0.991557,0.109725,0.997076,-0.072238,-0.024925,0.032641,0.107682,0.993649,0,-0.13334,-1.00000,-8.001,-2.000,-1,350.000,-1,375.000,-1,300.000,300.000,300.000,400.000,-1,175.000,50.000,250.000,675.000,675.000,-1,-1,2,0,2,0,2,0,0,0,0,2,1,1,1,0,0,2,2
19,1097.404,3189.027,-83.867,92.167,-0.035388,-0.993888,0.104571,0.999106,-0.037605,-0.019309,0.023123,0.103795,0.994330,0,-0.05334,-1.00000,-3.201,-2.000,-1,350.000,-1,375.000,-1,300.000,300.000,275.000,400.000,-1,275.000,50.000,250.000,650.000,675.000,-1,-1,2,0,2,0,2,0,0,0,0,2,1,1,1,0,0,2,2
20,1097.402,3190.628,-83.021,90.167,-0.001241,-0.994699,0.102825,0.999869,-0.002896,-0.015949,0.016163,0.102792,0.994572,0,0.02666,-1.00000,1.599,-2.000,-1,350.000,-1,375.000,-1,300.000,300.000,275.000,425.000,-1,-1,75.000,250.000,625.000,675.000,-1,-1,2,0,2,0,2,0,0,0,0,2,2,1,1,0,0,2,2
21,1097.606,3197.027,-82.790,88.167,0.033204,-0.994025,0.103977,0.999381,0.031815,-0.014988,0.011590,0.104410,0.994467,0,0.10666,-1.00000,6.399,-2.000,-1,350.000,-1,375.000,-1,300.000,300.000,275.000,425.000,-1,-1,100.000,225.000,625.000,675.000,-1,-1,2,0,2,0,2,0,0,0,0,2,2,1,1,0,0,2,2
22,1098.350,3208.204,-83.139,86.167,0.067850,-0.991887,0.107499,0.997653,0.066458,-0.016481,0.009203,0.108365,0.994069,0,0.18666,-1.00000,11.199,-2.000,-1,350.000,-1,375.000,-1,300.000,300.000,300.000,425.000,-1,-1,100.000,225.000,625.000,675.000,-1,-1,2,0,2,0,2,0,0,0,0,2,2,1,1,0,0,2,2
23,1099.968,3224.124,-84.032,84.167,0.102635,-0.988294,0.112877,0.994680,0.100965,-0.020428,0.008792,0.114373,0.993399,0,0.26666,-1.00000,15.999,-2.000,-1,350.000,-1,375.000,-1,300.000,300.000,300.000,400.000,-1,-1,125.000,225.000,650.000,675.000,-1,-1,2,0,2,0,2,0,0,0,0,2,2,1,1,0,0,2,2
24,1102.791,3244.733,-85.413,82.167,0.137511,-0.983230,0.119791,0.990449,0.135266,-0.026715,0.010063,0.122320,0.992440,0,0.34666,-1.00000,20.799,-2.000,-1,350.000,-1,375.000,-1,300.000,300.000,300.000,375.000,-1,-1,125.000,225.000,675.000,675.000,-1,-1,2,0,2,0,2,0,0,0,0,2,2,1,1,0,0,2,2
25,1107.147,3269.963,-87.264,80.167,0.172435,-0.976681,0.127906,0.984939,0.169285,-0.035190,0.012717,0.132048,0.991162,0,0.42666,-1.00000,25.599,-2.000,-1,375.000,-1,375.000,-1,300.000,300.000,300.000,350.000,-1,-1,125.000,250.000,700.000,700.000,-1,-1,2,0,2,0,2,0,0,0,0,2,2,1,1,0,0,2,2
26,1113.360,3299.725,-89.630,78.167,0.207424,-0.968643,0.136766,0.978106,0.202946,-0.046072,0.016871,0.143328,0.989531,0,0.50666,-1.00000,30.399,-2.000,-1,375.000,-1,375.000,-1,325.000,300.000,325.000,325.000,-1,775.000,125.000,250.000,775.000,700.000,-1,-1,2,0,2,0,2,0,0,0,0,2,0,1,1,0,0,2,2
27,1121.755,3333.913,-90.924,76.181,0.241467,-0.960011,0.141680,0.970243,0.236141,-0.053535,0.017937,0.150391,0.988464,0,0.58666,-0.99296,35.199,-1.986,-1,400.000,-1,375.000,-1,325.000,325.000,325.000,325.000,-1,450.000,125.000,250.000,825.000,700.000,-1,-1,2,0,2,0,2,0,0,0,0,2,0,1,1,0,0,2,2
28,1132.026,3370.246,-90.369,74.218,0.273937,-0.951367,0.140921,0.961653,0.268895,-0.054032,0.013512,0.150319,0.988545,0,0.62920,-0.98167,37.752,-1.963,-1,400.000,-1,375.000,-1,325.000,325.000,325.000,325.000,-1,475.000,175.000,300.000,825.000,700.000,-1,-1,2,0,2,0,2,0,0,0,0,2,0,1,1,0,0,2,2
29,1143.687,3406.730,-89.992,72.278,0.305711,-0.941740,0.140238,0.952080,0.300944,-0.054555,0.009173,0.150196,0.988614,0,0.63829,-0.96971,38.297,-1.939,-1,400.000,-1,375.000,-1,325.000,325.000,325.000,325.000,-1,475.000,225.000,325.000,825.000,700.000,-1,-1,2,0,2,0,2,0,0,0,0,2,0,1,1,0,0,2,2
30,1156.741,3443.306,-89.909,70.363,0.336708,-0.931257,0.139242,0.941598,0.332289,-0.054566,0.004546,0.149483,0.988754,0,0.64719,-0.95771,38.831,-1.915,-1,400.000,-1,375.000,-1,325.000,325.000,325.000,325.000,-1,525.000,475.000,350.000,825.000,700.000,-1,-1,2,0,2,0,2,0,0,0,0,2,0,0,1,0,0,2,2
31,1171.188,3479.918,-89.987,68.471,0.366973,-0.919890,0.138319,0.930231,0.362886,-0.054619,0.000050,0.148712,0.988880,0,0.65590,-0.94568,39.354,-1.891,-1,400.000,-1,375.000,-1,325.000,325.000,325.000,325.000,-1,550.000,500.000,375.000,825.000,700.000,-1,-1,2,0,2,0,2,0,0,0,0,2,0,0,1,0,0,2,2
32,1187.022,3516.509,-90.224,66.604,0.396486,-0.907690,0.137469,0.918031,0.392715,-0.054722,-0.004315,0.147897,0.988993,0,0.66443,-0.93362,39.866,-1.867,-1,400.000,-1,375.000,-1,325.000,325.000,325.000,325.000,-1,575.000,525.000,400.000,825.000,700.000,-1,-1,2,0,2,0,2,0,0,0,0,2,0,0,1,0,0,2,2
33,1204.239,3553.026,-90.617,64.761,0.425228,-0.894704,0.136693,0.905046,0.421759,-0.054881,-0.008549,0.147050,0.989092,0,0.67279,-0.92152,40.367,-1.843,-1,400.000,-1,375.000,-1,325.000,300.000,325.000,325.000,-1,600.000,550.000,425.000,825.000,700.000,-1,-1,2,0,2,0,2,0,0,0,0,2,0,0,1,0,0,2,2
34,1222.830,3589.414,-91.164,62.942,0.453186,-0.880982,0.135991,0.891326,0.450002,-0.055101,-0.012653,0.146183,0.989177,0,0.68096,-0.90941,40.858,-1.819,-1,400.000,-1,375.000,-1,325.000,300.000,325.000,325.000,-1,625.000,575.000,450.000,825.000,700.000,-1,-1,2,0,2,0,2,0,0,0,0,2,0,0,1,0,0,2,2
35,1242.782,3625.623,-91.861,61.148,0.480346,-0.866571,0.135362,0.876922,0.477431,-0.055387,-0.016629,0.145307,0.989247,0,0.68896,-0.89726,41.338,-1.795,-1,400.000,-1,375.000,-1,325.000,300.000,325.000,325.000,-1,650.000,625.000,500.000,825.000,700.000,-1,-1,2,0,2,0,2,0,0,0,0,2,0,0,1,0,0,2,2
36,1264.083,3661.602,-92.704,59.378,0.506698,-0.851520,0.134800,0.861880,0.504038,-0.055746,-0.020476,0.144428,0.989303,0,0.69680,-0.88510,41.808,-1.770,-1,400.000,-1,375.000,-1,325.000,300.000,325.000,325.000,-1,700.000,650.000,525.000,825.000,700.000,-1,-1,2,0,2,0,2,0,0,0,0,2,0,0,1,0,0,2,2
37,1286.716,3697.305,-93.651,57.632,0.532254,-0.835894,0.134118,0.846242,0.529826,-0.056202,-0.024080,0.143410,0.989370,0,0.70447,-0.87292,42.268,-1.746,-1,400.000,-1,375.000,-1,300.000,300.000,325.000,325.000,-1,725.000,675.000,550.000,825.000,700.000,-1,-1,2,0,2,0,2,0,0,0,0,2,0,0,1,0,0,2,2
38,1310.664,3732.684,-94.747,55.910,0.556992,-0.819722,0.133473,0.830061,0.554780,-0.056729,-0.027546,0.142388,0.989428,0,0.71198,-0.86072,42.719,-1.721,-1,400.000,-1,375.000,-1,300.000,300.000,325.000,325.000,-1,750.000,700.000,575.000,825.000,700.000,-1,-1,2,0,2,0,2,0,0,0,0,2,0,0,1,0,0,2,2
39,1335.908,3767.697,-96.009,54.213,0.580918,-0.803060,0.132776,0.813379,0.578903,-0.057332,-0.030824,0.141302,0.989486,0,0.71934,-0.84850,43.160,-1.697,-1,400.000,-1,375.000,-1,325.000,300.000,325.000,325.000,-1,775.000,725.000,600.000,825.000,700.000,-1,-1,2,0,2,0,2,0,0,0,0,2,0,0,1,0,0,2,2
40,1362.425,3802.302,-97.405,52.541,0.604016,-0.785939,0.132157,0.796247,0.602185,-0.058000,-0.033998,0.140262,0.989531,0,0.72655,-0.83626,43.593,-1.673,-1,400.000,-1,375.000,-1,325.000,300.000,325.000,325.000,-1,800.000,725.000,650.000,825.000,700.000,-1,-1,2,0,2,0,2,0,0,0,0,2,0,0,1,0,0,2,2
41,1390.194,3836.458,-98.934,50.893,0.626286,-0.768403,0.131613,0.778711,0.624627,-0.058738,-0.037074,0.139275,0.989559,0,0.73362,-0.82401,44.017,-1.648,-1,400.000,-1,375.000,-1,325.000,300.000,325.000,325.000,-1,825.000,750.000,675.000,825.000,700.000,-1,1000.000,2,0,2,0,2,0,0,0,0,2,0,0,1,0,0,2,1
42,1419.193,3870.128,-100.934,49.269,0.647732,-0.750641,0.130313,0.760797,0.646355,-0.058421,-0.040375,0.136983,0.989750,0,0.74055,-0.81174,44.433,-1.623,-1,400.000,-1,375.000,-1,325.000,300.000,325.000,325.000,-1,850.000,750.000,700.000,800.000,700.000,-1,975.000,2,0,2,0,2,0,0,0,0,2,0,0,1,0,0,2,1
43,1449.395,3903.277,-103.129,47.670,0.668371,-0.732567,0.128940,0.742550,0.667278,-0.057956,-0.043582,0.134481,0.989957,0,0.74735,-0.79945,44.841,-1.599,-1,400.000,-1,375.000,-1,325.000,300.000,325.000,325.000,-1,850.000,775.000,750.000,800.000,700.000,-1,950.000,2,0,2,0,2,0,0,0,0,2,0,0,1,0,1,2,1
44,1477.057,3932.230,-105.166,46.311,0.685522,-0.716746,0.127812,0.726582,0.684664,-0.057570,-0.046245,0.132331,0.990126,0,0.66735,-0.67945,40.041,-1.359,-1,400.000,-1,375.000,-1,325.000,300.000,325.000,325.000,-1,875.000,775.000,775.000,800.000,675.000,-1,925.000,2,0,2,0,2,0,0,0,0,2,0,0,1,0,1,2,1
45,1504.128,3959.478,-107.178,45.193,0.699376,-0.703417,0.126803,0.713118,0.698705,-0.057225,-0.048345,0.130447,0.990276,0,0.64013,-0.55945,38.408,-1.119,-1,400.000,-1,375.000,-1,325.000,300.000,325.000,325.000,-1,875.000,775.000,800.000,800.000,675.000,-1,900.000,2,0,2,0,2,0,0,0,0,2,0,0,1,0,1,2,1
46,1531.832,3986.521,-109.243,44.314,0.710096,-0.692768,0.125840,0.702336,0.709568,-0.056899,-0.049874,0.128786,0.990417,0,0.64522,-0.43945,38.713,-0.879,-1,400.000,-1,375.000,-1,325.000,300.000,325.000,325.000,-1,875.000,800.000,825.000,800.000,650.000,-1,875.000,2,0,2,0,2,0,0,0,0,2,0,0,1,0,1,2,1
47,1560.036,4013.447,-111.344,43.675,0.717813,-0.684939,0.124909,0.694377,0.717381,-0.056610,-0.050833,0.127369,0.990552,0,0.64987,-0.31945,38.992,-0.639,-1,400.000,-1,375.000,-1,325.000,300.000,325.000,325.000,-1,875.000,800.000,850.000,825.000,625.000,-1,850.000,2,0,2,0,2,0,0,0,0,2,0,0,1,0,1,2,1
48,1591.921,4043.466,-113.711,43.276,0.722636,-0.680036,0.123889,0.689334,0.722247,-0.056369,-0.051146,0.126135,0.990694,0,0.72987,-0.19945,43.792,-0.399,-1,400.000,-1,375.000,-1,325.000,300.000,325.000,325.000,-1,875.000,775.000,875.000,825.000,625.000,-1,800.000,2,0,2,0,2,0,0,0,0,2,0,0,1,0,1,2,1
49,1625.794,4075.180,-116.174,43.117,0.724615,-0.678121,0.122819,0.687273,0.724227,-0.056134,-0.050884,0.125086,0.990840,0,0.77336,-0.07945,46.402,-0.159,-1,400.000,975.000,375.000,-1,325.000,325.000,325.000,325.000,-1,850.000,750.000,900.000,850.000,600.000,-1,775.000,2,0,1,0,2,0,0,0,0,2,0,0,1,0,1,2,1
50,1660.014,4107.270,-118.604,43.161,0.724203,-0.678756,0.121737,0.687758,0.723787,-0.055871,-0.050189,0.124188,0.990989,0,0.78187,0.02207,46.912,0.044,-1,400.000,950.000,375.000,-1,325.000,325.000,325.000,325.000,-1,825.000,725.000,925.000,850.000,575.000,-1,725.000,2,0,1,0,2,0,0,0,0,2,0,0,1,0,1,2,1
51,1694.578,4139.748,-120.995,43.219,0.723628,-0.679561,0.120663,0.688413,0.723186,-0.055578,-0.049493,0.123283,0.991137,0,0.79049,0.02881,47.429,0.058,-1,400.000,900.000,375.000,925.000,325.000,325.000,325.000,325.000,-1,800.000,725.000,975.000,875.000,550.000,-1,675.000,2,0,1,1,1,0,0,0,0,2,0,0,1,0,1,2,1
52,1729.494,4172.637,-123.300,43.290,0.722877,-0.680551,0.119579,0.689243,0.722436,-0.055050,-0.048924,0.122213,0.991297,0,0.79945,0.03566,47.967,0.071,-1,400.000,850.000,375.000,825.000,325.000,325.000,325.000,325.000,-1,775.000,750.000,1000.000,900.000,525.000,-1,625.000,2,0,1,1,1,0,0,0,0,2,0,0,1,1,1,2,1
53,1764.766,4205.961,-125.545,43.375,0.721953,-0.681720,0.118496,0.690247,0.721524,-0.054423,-0.048396,0.121082,0.991462,0,0.80874,0.04260,48.524,0.085,-1,400.000,825.000,350.000,750.000,325.000,325.000,325.000,325.000,-1,775.000,800.000,-1,850.000,500.000,-1,575.000,2,0,1,1,1,0,0,0,0,2,0,0,2,1,1,2,1
54,1800.398,4239.743,-127.941,43.474,0.720770,-0.683005,0.118301,0.691482,0.720380,-0.053905,-0.048404,0.120656,0.991514,0,0.81835,0.04962,49.101,0.099,-1,400.000,775.000,350.000,650.000,325.000,325.000,325.000,325.000,-1,850.000,850.000,-1,825.000,475.000,-1,500.000,2,0,1,1,1,0,1,0,0,2,0,0,2,1,1,2,1
55,1836.394,4274.008,-130.405,43.588,0.719362,-0.684429,0.118642,0.692924,0.719027,-0.053444,-0.048728,0.120655,0.991498,0,0.82828,0.05669,49.697,0.113,-1,400.000,725.000,325.000,575.000,325.000,300.000,325.000,325.000,-1,1000.000,950.000,-1,800.000,425.000,-1,450.000,2,0,1,1,1,0,1,0,0,2,0,0,2,1,1,2,1
56,1872.758,4308.776,-132.974,43.715,0.717853,-0.686075,0.118274,0.694497,0.717550,-0.052873,-0.048592,0.120096,0.991572,0,0.83852,0.06378,50.311,0.128,-1,400.000,700.000,300.000,475.000,325.000,275.000,325.000,325.000,-1,-1,-1,-1,775.000,400.000,-1,400.000,2,0,1,1,1,0,1,0,0,2,2,2,2,1,1,2,1
57,1909.494,4344.070,-135.141,43.857,0.716447,-0.688075,0.115141,0.696076,0.716087,-0.051936,-0.046716,0.117356,0.991990,0,0.84905,0.07086,50.943,0.142,-1,400.000,675.000,275.000,425.000,325.000,275.000,325.000,325.000,-1,875.000,975.000,-1,750.000,375.000,-1,350.000,2,0,1,1,1,1,1,0,0,2,0,0,2,1,1,2,1
58,1948.431,4381.977,-136.401,44.239,0.712568,-0.693325,0.107457,0.700371,0.711995,-0.050426,-0.041547,0.111192,0.992930,0,0.90572,0.19086,54.343,0.382,-1,425.000,-1,275.000,375.000,300.000,250.000,325.000,325.000,-1,725.000,875.000,-1,775.000,350.000,-1,325.000,2,1,2,1,1,1,1,0,0,2,0,0,2,1,1,2,1
59,1987.497,4420.734,-136.952,44.781,0.706881,-0.700668,0.096871,0.706502,0.706033,-0.048704,-0.034269,0.102868,0.994105,0,0.91718,0.27130,55.031,0.543,-1,400.000,-1,250.000,325.000,300.000,250.000,300.000,350.000,-1,525.000,725.000,-1,-1,325.000,-1,275.000,2,1,2,1,1,1,1,0,0,2,0,0,2,2,1,2,1
60,2026.675,4460.360,-136.766,45.336,0.701070,-0.708220,0.083216,0.712651,0.699953,-0.046834,-0.025078,0.092138,0.995430,0,0.92874,0.27746,55.725,0.555,-1,400.000,-1,250.000,300.000,275.000,225.000,300.000,375.000,-1,325.000,575.000,-1,-1,300.000,-1,250.000,2,1,2,1,1,1,1,0,0,2,0,0,2,2,1,2,1
61,2065.948,4500.875,-135.853,45.903,0.695012,-0.715931,0.066335,0.718861,0.693716,-0.044692,-0.014021,0.078747,0.996796,0,0.94045,0.28326,56.427,0.567,-1,400.000,-1,225.000,275.000,275.000,225.000,300.000,400.000,-1,150.000,450.000,-1,-1,275.000,-1,225.000,2,1,2,1,1,1,1,0,0,2,0,0,2,2,1,2,1
62,2105.045,4541.991,-134.749,46.456,0.688779,-0.723518,0.045882,0.724965,0.687650,-0.039537,-0.002946,0.060495,0.998164,0,0.94562,0.27654,56.737,0.553,-1,400.000,-1,200.000,250.000,275.000,200.000,275.000,450.000,925.000,100.000,350.000,-1,-1,250.000,-1,200.000,2,1,2,1,1,1,1,0,0,0,0,0,2,2,1,2,1
63,2143.938,4583.672,-132.884,46.993,0.682341,-0.730700,0.022088,0.730965,0.681548,-0.034388,0.010074,0.039610,0.999164,0,0.95015,0.26869,57.009,0.537,-1,425.000,-1,200.000,225.000,275.000,175.000,275.000,525.000,625.000,75.000,300.000,-1,-1,250.000,-1,200.000,2,1,2,1,1,1,1,0,0,0,0,0,2,2,1,2,1
64,2182.609,4625.881,-130.255,47.513,0.675506,-0.737337,-0.005107,0.736929,0.675335,-0.029295,0.025050,0.016026,0.999558,0,0.95408,0.25988,57.245,0.520,-1,475.000,-1,175.000,200.000,275.000,175.000,250.000,625.000,475.000,50.000,250.000,-1,-1,225.000,-1,175.000,2,1,2,1,1,1,1,0,0,0,0,0,2,2,1,2,1
65,2221.034,4668.572,-126.893,48.013,0.668049,-0.743259,-0.035731,0.742928,0.668926,-0.024423,0.042055,-0.010230,0.999063,0,0.95725,0.24998,57.435,0.500,-1,600.000,-1,175.000,175.000,325.000,200.000,250.000,750.000,350.000,25.000,200.000,-1,-1,250.000,-1,150.000,2,1,2,1,1,1,1,0,0,0,0,0,2,2,1,2,1
66,2259.186,4711.686,-123.122,48.491,0.659696,-0.748306,-0.069567,0.748970,0.662262,-0.021300,0.062010,-0.038052,0.997350,0,0.95947,0.23882,57.568,0.478,-1,750.000,-1,200.000,150.000,375.000,225.000,225.000,925.000,250.000,0.000,175.000,-1,-1,400.000,-1,125.000,2,0,2,1,1,1,1,0,0,0,0,0,2,2,1,2,1
67,-5575.471,-5575.415,442.446,127.786,-0.618878,-0.785322,0.016097,0.767368,-0.608851,-0.201113,0.167739,-0.112112,0.979436,1,0.00000,0.00000,57.629,0.452,-1,325.000,-1,225.000,150.000,250.000,225.000,275.000,975.000,200.000,0.000,125.000,-1,-1,325.000,-1,150.000,2,1,2,1,1,1,1,0,1,0,0,0,2,2,1,2,1
68,-5571.369,8852.492,-16.669,-33.266,0.827858,0.546901,0.124698,-0.552197,0.833657,0.009723,-0.098638,-0.076907,0.992147,1,0.08000,-0.12000,4.800,-0.240,800.000,375.000,650.000,375.000,-1,300.000,300.000,300.000,225.000,-1,525.000,600.000,-1,475.000,650.000,550.000,925.000,0,0,1,0,2,0,0,0,1,2,0,0,2,1,0,1,1
69,-5563.386,8847.160,-17.570,-33.746,0.823249,0.553810,0.124723,-0.559211,0.828962,0.010286,-0.097694,-0.078214,0.992138,0,0.16000,-0.24000,9.600,-0.480,800.000,375.000,650.000,375.000,-1,300.000,300.000,300.000,225.000,-1,525.000,600.000,-1,475.000,650.000,550.000,925.000,0,1,1,0,2,0,0,0,1,2,0,0,2,1,0,1,1
70,-5551.512,8839.012,-18.908,-34.466,0.816227,0.564095,0.124781,-0.569654,0.821809,0.011130,-0.096267,-0.080167,0.992122,0,0.24000,-0.36000,14.400,-0.720,775.000,375.000,625.000,375.000,-1,300.000,300.000,300.000,225.000,-1,525.000,600.000,-1,475.000,650.000,525.000,925.000,0,1,1,0,2,0,0,0,1,2,0,0,2,1,0,1,1
71,-5535.865,8827.885,-20.667,-35.426,0.806665,0.577662,0.124892,-0.583430,0.812071,0.012252,-0.094343,-0.082749,0.992095,0,0.32000,-0.48000,19.200,-0.960,675.000,350.000,625.000,375.000,-1,300.000,300.000,300.000,225.000,-1,525.000,600.000,-1,450.000,650.000,475.000,925.000,1,1,1,0,2,0,0,0,1,2,0,0,2,1,0,1,1
72,-5516.602,8813.568,-22.708,-36.626,0.794472,0.594406,0.124480,-0.600365,0.799612,0.013485,-0.091520,-0.085447,0.992131,0,0.40000,-0.60000,24.000,-1.200,575.000,350.000,600.000,375.000,-1,300.000,300.000,300.000,225.000,-1,525.000,575.000,-1,425.000,675.000,450.000,925.000,1,1,1,0,2,0,0,0,1,2,0,0,2,1,0,1,1
73,-5493.925,8795.813,-25.066,-38.066,0.779413,0.614152,0.123831,-0.620308,0.784216,0.014927,-0.087943,-0.088447,0.992191,0,0.48000,-0.72000,28.800,-1.440,500.000,350.000,600.000,375.000,-1,300.000,300.000,300.000,250.000,-1,500.000,550.000,-1,425.000,675.000,425.000,950.000,1,1,1,0,2,0,0,0,1,2,0,0,2,1,0,1,1
74,-5468.006,8774.429,-27.467,-39.528,0.763590,0.633828,0.123259,-0.640101,0.768134,0.015492,-0.084860,-0.090728,0.992254,0,0.56000,-0.73095,33.600,-1.462,425.000,325.000,575.000,375.000,-1,300.000,300.000,300.000,250.000,-1,525.000,575.000,-1,400.000,675.000,375.000,950.000,1,1,1,0,2,0,0,0,1,2,0,0,2,1,0,1,1
75,-5439.018,8749.244,-30.090,-40.987,0.747317,0.653058,0.122609,-0.659433,0.751591,0.016089,-0.081645,-0.092876,0.992325,0,0.64000,-0.72978,38.400,-1.460,350.000,325.000,550.000,375.000,-1,300.000,300.000,300.000,250.000,-1,550.000,600.000,-1,375.000,675.000,325.000,950.000,1,1,1,0,2,0,0,0,1,2,0,0,2,1,0,1,1
76,-5407.137,8720.090,-32.978,-42.444,0.730642,0.671828,0.121695,-0.678282,0.734609,0.016844,-0.078082,-0.094850,0.992425,0,0.72000,-0.72837,43.200,-1.457,300.000,300.000,525.000,375.000,-1,300.000,300.000,300.000,250.000,-1,575.000,625.000,-1,350.000,675.000,300.000,950.000,1,1,1,0,2,0,0,0,1,2,0,0,2,1,1,1,1
77,-5372.548,8686.808,-36.148,-43.897,0.713612,0.690136,0.120292,-0.696619,0.717221,0.017751,-0.074026,-0.096465,0.992580,0,0.80000,-0.72667,48.000,-1.453,250.000,275.000,500.000,375.000,-1,300.000,300.000,300.000,275.000,-1,600.000,625.000,-1,325.000,650.000,250.000,925.000,1,1,1,0,2,1,0,0,1,2,0,0,2,1,1,1,1
78,-5337.565,8651.398,-39.241,-45.347,0.696375,0.708038,0.117231,-0.714371,0.699520,0.018626,-0.068818,-0.096717,0.992930,0,0.82957,-0.72464,49.774,-1.449,200.000,250.000,475.000,375.000,-1,275.000,300.000,300.000,275.000,-1,600.000,600.000,-1,300.000,650.000,200.000,925.000,1,1,1,0,2,1,0,0,1,2,0,0,2,1,1,1,1
79,-5303.620,8615.233,-39.383,-46.791,0.680349,0.726269,0.098281,-0.730920,0.682215,0.018410,-0.053678,-0.084361,0.994988,0,0.82669,-0.72237,49.601,-1.445,175.000,250.000,450.000,400.000,-1,250.000,325.000,325.000,275.000,-1,475.000,450.000,-1,275.000,625.000,175.000,950.000,1,1,1,0,2,1,0,0,1,2,0,0,2,1,1,1,1
80,-5270.698,8578.340,-38.869,-48.231,0.663868,0.744094,0.074854,-0.746994,0.664564,0.018803,-0.035754,-0.068399,0.997017,0,0.82411,-0.71993,49.446,-1.440,175.000,225.000,450.000,425.000,-1,250.000,350.000,350.000,275.000,-1,375.000,325.000,550.000,275.000,625.000,175.000,950.000,1,1,1,0,2,1,1,0,1,2,0,0,1,1,1,1,1
81,-5238.797,8540.740,-37.721,-49.666,0.646606,0.761370,0.047072,-0.762676,0.646466,0.020200,-0.015051,-0.048962,0.998687,0,0.82183,-0.71734,49.310,-1.435,150.000,225.000,450.000,475.000,-1,225.000,325.000,400.000,275.000,-1,325.000,225.000,400.000,250.000,625.000,150.000,1000.000,1,1,1,0,2,1,1,0,1,2,0,0,1,1,1,1,1
82,-5204.654,8498.763,-35.758,-50.861,0.631361,0.775400,0.011771,-0.775422,0.631034,0.022732,0.010199,-0.023479,0.999672,0,0.90183,-0.59734,54.110,-1.195,150.000,225.000,450.000,500.000,-1,225.000,325.000,450.000,275.000,-1,250.000,125.000,300.000,250.000,625.000,150.000,-1,1,1,1,1,2,1,1,0,0,2,0,0,1,1,1,1,2
83,-5168.236,8452.456,-32.235,-51.815,0.617519,0.786004,-0.029446,-0.785591,0.618183,0.026386,0.038942,0.006839,0.999218,0,0.98183,-0.47734,58.910,-0.955,125.000,200.000,450.000,475.000,-1,225.000,325.000,550.000,250.000,-1,200.000,50.000,250.000,250.000,625.000,125.000,-1,1,1,1,1,2,1,1,0,0,2,0,0,1,1,1,1,2
84,-5131.830,8404.758,-26.671,-52.662,0.602919,0.794434,-0.073239,-0.794878,0.606025,0.030043,0.068252,0.040102,0.996862,0,1.00000,-0.42341,60.000,-0.847,125.000,200.000,475.000,475.000,-1,225.000,325.000,675.000,250.000,-1,175.000,25.000,200.000,250.000,650.000,125.000,-1,1,1,1,1,2,1,1,0,0,2,0,0,1,1,1,1,2
85,-5096.088,8356.556,-19.982,-53.482,0.585755,0.801204,-0.122325,-0.804288,0.593249,0.034311,0.100059,0.078286,0.991897,0,1.00000,-0.40991,60.000,-0.820,100.000,200.000,475.000,475.000,-1,225.000,325.000,850.000,225.000,-1,175.000,0.000,175.000,250.000,650.000,100.000,-1,1,1,1,1,2,1,1,0,0,2,0,0,1,1,1,1,2
86,-5060.985,8307.883,-12.296,-54.272,0.565255,0.805814,-0.176497,-0.813914,0.579629,0.039684,0.134281,0.121222,0.983501,0,1.00000,-0.39509,60.000,-0.790,100.000,225.000,525.000,475.000,-1,225.000,325.000,-1,200.000,-1,150.000,0.000,125.000,275.000,700.000,100.000,-1,1,1,1,1,2,1,1,2,0,2,0,0,0,1,1,1,2
87,-5026.520,8258.754,-6.475,-55.030,0.544536,0.809381,-0.219961,-0.823079,0.566105,0.045454,0.161311,0.156294,0.974449,0,1.00000,-0.37887,60.000,-0.758,75.000,225.000,525.000,450.000,-1,225.000,325.000,-1,200.000,-1,150.000,0.000,100.000,275.000,725.000,75.000,-1,1,1,1,1,2,1,1,2,0,2,0,0,0,1,1,1,2
88,-983.993,2295.761,-2.217,93.633,-0.056622,-0.991731,-0.115169,0.996651,-0.062962,0.052176,-0.058996,-0.111829,0.991975,1,0.00000,0.00000,59.668,-0.722,-1,625.000,-1,275.000,-1,300.000,200.000,175.000,400.000,-1,-1,-1,-1,-1,475.000,-1,825.000,2,1,2,0,2,1,0,1,0,2,2,2,2,2,0,2,0
89,-984.320,2300.550,-2.532,93.873,-0.060577,-0.991303,-0.116831,0.996349,-0.067105,0.052775,-0.060156,-0.113208,0.991749,0,0.08000,0.12000,4.800,0.240,-1,625.000,-1,275.000,-1,300.000,200.000,175.000,400.000,-1,-1,-1,-1,-1,475.000,-1,800.000,2,1,2,0,2,1,0,1,0,2,2,2,2,2,0,2,0
90,-985.054,2310.121,-3.173,94.353,-0.068465,-0.990383,-0.120222,0.995693,-0.075383,0.053965,-0.062508,-0.116010,0.991279,0,0.16000,0.24000,9.600,0.480,-1,625.000,-1,250.000,-1,300.000,200.000,175.000,400.000,-1,-1,-1,-1,-1,475.000,-1,775.000,2,1,2,0,2,1,0,1,0,2,2,2,2,2,0,2,0
91,-986.335,2324.463,-4.166,95.073,-0.080242,-0.988847,-0.125474,0.994581,-0.087777,0.055720,-0.066112,-0.120323,0.990531,0,0.24000,0.36000,14.400,0.720,-1,625.000,-1,250.000,-1,325.000,200.000,175.000,400.000,-1,-1,-1,-1,-1,450.000,-1,725.000,2,1,2,0,2,1,0,1,0,2,2,2,2,2,0,2,0
92,-988.365,2343.555,-5.546,96.033,-0.095831,-0.986501,-0.132784,0.992858,-0.104254,0.057997,-0.071057,-0.126278,0.989447,0,0.32000,0.48000,19.200,0.960,-1,625.000,-1,250.000,-1,325.000,200.000,175.000,425.000,-1,-1,-1,-1,-1,425.000,-1,650.000,2,1,2,0,2,1,0,1,0,2,2,2,2,2,0,2,0
93,-991.403,2367.360,-7.365,97.233,-0.115119,-0.983089,-0.142423,0.990327,-0.124763,0.060720,-0.077462,-0.134055,0.987942,0,0.40000,0.60000,24.000,1.200,-1,625.000,-1,225.000,-1,325.000,175.000,175.000,425.000,-1,0.000,-1,-1,-1,425.000,-1,575.000,2,1,2,0,2,1,0,1,0,2,0,2,2,2,0,2,0
94,-995.767,2395.826,-9.685,98.673,-0.137940,-0.978279,-0.154736,0.986745,-0.149220,0.063771,-0.085476,-0.143889,0.985895,0,0.48000,0.72000,28.800,1.440,-1,625.000,-1,225.000,-1,350.000,200.000,175.000,450.000,-1,0.000,-1,-1,-1,375.000,-1,500.000,2,1,2,0,2,1,1,1,0,2,0,2,2,2,0,2,0
95,-1001.834,2428.871,-12.584,100.353,-0.164060,-0.971665,-0.170149,0.981839,-0.177505,0.066969,-0.095274,-0.156072,0.983140,0,0.56000,0.84000,33.600,1.680,-1,625.000,-1,200.000,-1,350.000,200.000,175.000,475.000,-1,0.000,-1,-1,-1,350.000,-1,425.000,2,1,2,0,2,1,1,1,0,2,0,2,2,2,0,2,0
96,-1009.905,2466.411,-16.150,102.074,-0.189801,-0.963484,-0.188876,0.975984,-0.206097,0.070568,-0.106918,-0.170946,0.979462,0,0.64000,0.86070,38.400,1.721,-1,600.000,-1,200.000,900.000,350.000,225.000,175.000,500.000,-1,0.000,-1,-1,-1,325.000,-1,350.000,2,1,2,0,0,1,1,1,0,2,0,2,2,2,0,2,0
97,-1020.269,2508.347,-20.485,103.810,-0.214366,-0.953602,-0.211402,0.969281,-0.234405,0.074491,-0.120589,-0.188939,0.974556,0,0.72000,0.86799,43.200,1.736,-1,600.000,-1,200.000,725.000,350.000,225.000,175.000,550.000,-1,0.000,-1,-1,-1,325.000,-1,275.000,2,1,2,1,0,1,1,1,0,2,0,2,2,2,1,2,0
98,-1033.218,2554.564,-25.691,105.567,-0.237409,-0.941709,-0.238373,0.961769,-0.262352,0.078560,-0.136519,-0.210609,0.967991,0,0.80000,0.87866,48.000,1.757,-1,550.000,-1,225.000,550.000,350.000,225.000,175.000,675.000,900.000,0.000,-1,-1,-1,325.000,-1,200.000,2,1,2,1,0,1,1,1,0,0,0,2,2,2,1,2,0
99,-8199.258,-8199.156,413.163,-166.915,-0.930198,0.226078,-0.289171,-0.231802,-0.972651,-0.014777,-0.284603,0.053285,0.957164,1,0.00000,0.00000,52.800,1.787,550.000,275.000,525.000,225.000,200.000,225.000,200.000,875.000,350.000,-1,0.000,0.000,-1,375.000,300.000,425.000,200.000,0,0,0,0,0,0,0,0,0,2,1,1,2,0,0,0,0
100,4917.437,-5579.772,-48.885,-115.408,-0.423008,0.901698,0.089467,-0.902177,-0.428314,0.051211,0.084497,-0.059053,0.994672,1,0.08000,0.12000,4.800,0.240,-1,425.000,-1,475.000,-1,350.000,375.000,225.000,350.000,-1,-1,-1,-1,950.000,-1,-1,-1,2,0,2,0,2,0,0,0,1,2,2,2,2,0,2,2,2
101,4913.390,-5588.477,-47.918,-114.928,-0.415753,0.905336,0.086692,-0.905752,-0.420783,0.050542,0.082236,-0.057509,0.994952,0,0.16000,0.24000,9.600,0.480,-1,425.000,-1,475.000,-1,350.000,375.000,225.000,350.000,-1,-1,-1,-1,950.000,-1,-1,-1,2,0,2,0,2,0,0,0,1,2,2,2,2,0,2,2,2
102,4907.485,-5601.609,-46.486,-114.208,-0.404789,0.910669,0.082631,-0.911001,-0.409426,0.049473,0.078885,-0.055250,0.995351,0,0.24000,0.36000,14.400,0.720,-1,425.000,-1,475.000,-1,350.000,350.000,225.000,350.000,-1,-1,-1,-1,925.000,-1,-1,-1,2,0,2,0,2,0,0,0,1,2,2,2,2,0,2,2,2
103,4899.867,-5619.232,-44.568,-113.375,-0.392081,0.916683,0.077231,-0.916915,-0.396208,0.047807,0.074424,-0.052070,0.995866,0,0.32000,0.41660,19.200,0.833,-1,425.000,-1,475.000,-1,350.000,350.000,250.000,325.000,-1,-1,-1,-1,925.000,-1,-1,-1,2,0,2,0,2,0,0,0,1,2,2,2,2,0,2,2,2
104,4890.669,-5641.398,-42.161,-112.536,-0.379303,0.922581,0.070520,-0.922705,-0.382825,0.045403,0.068885,-0.047847,0.996477,0,0.40000,0.41947,24.000,0.839,-1,425.000,-1,450.000,-1,350.000,350.000,250.000,325.000,-1,-1,-1,-1,900.000,-1,-1,-1,2,0,2,0,2,0,0,0,1,2,2,2,2,0,2,2,2
105,4880.024,-5668.158,-39.307,-111.690,-0.366380,0.928350,0.062714,-0.928371,-0.369243,0.042261,0.062390,-0.042738,0.997136,0,0.48000,0.42310,28.800,0.846,-1,425.000,-1,450.000,-1,325.000,350.000,275.000,325.000,-1,-1,-1,-1,875.000,975.000,-1,-1,2,0,2,0,2,0,0,0,1,2,2,2,2,0,0,2,2
106,4868.072,-5699.559,-36.058,-110.835,-0.353232,0.933973,0.054054,-0.933913,-0.355432,0.038403,0.055080,-0.036916,0.997799,0,0.56000,0.42750,33.600,0.855,-1,400.000,-1,425.000,-1,325.000,350.000,275.000,325.000,-1,-1,-1,-1,850.000,925.000,-1,-1,2,0,2,0,2,0,0,0,1,2,2,2,2,0,0,2,2
107,4854.957,-5735.649,-32.467,-109.969,-0.339784,0.939436,0.044804,-0.939323,-0.341359,0.033871,0.047114,-0.030576,0.998421,0,0.64000,0.43268,38.400,0.865,-1,400.000,-1,425.000,-1,325.000,325.000,300.000,300.000,-1,-1,-1,-1,825.000,850.000,-1,-1,2,0,2,0,2,0,0,0,0,2,2,2,2,0,0,2,2
108,4842.280,-5772.274,-29.012,-109.092,-0.325906,0.944704,0.036318,-0.944575,-0.326987,0.029291,0.039547,-0.024759,0.998911,0,0.64598,0.43866,38.759,0.877,-1,400.000,-1,400.000,-1,325.000,325.000,325.000,300.000,-1,-1,-1,-1,825.000,800.000,-1,-1,2,0,2,0,2,0,0,0,0,2,2,2,2,0,0,2,2
109,4830.105,-5809.296,-26.459,-108.203,-0.311443,0.949716,0.032274,-0.949626,-0.312299,0.026061,0.034830,-0.022532,0.999139,0,0.64954,0.44473,38.972,0.889,-1,400.000,-1,400.000,-1,325.000,325.000,325.000,300.000,-1,-1,-1,-1,800.000,775.000,-1,-1,2,0,2,0,2,0,0,0,0,2,2,2,2,0,0,2,2
110,4818.447,-5846.725,-24.882,-107.301,-0.296460,0.954477,0.032955,-0.954469,-0.297303,0.024490,0.033173,-0.024194,0.999157,0,0.65339,0.45087,39.203,0.902,-1,400.000,-1,400.000,-1,325.000,325.000,325.000,300.000,-1,-1,-1,-1,800.000,775.000,-1,-1,2,0,2,0,2,0,0,0,0,2,2,2,2,0,0,2,2
111,4807.318,-5884.573,-23.347,-106.387,-0.281196,0.959056,0.033777,-0.959135,-0.282024,0.022848,0.031438,-0.025973,0.999168,0,0.65750,0.45708,39.450,0.914,-1,400.000,-1,400.000,-1,325.000,325.000,325.000,300.000,-1,-1,-1,-1,800.000,775.000,-1,-1,2,0,2,0,2,0,0,0,0,2,2,2,2,0,0,2,2
112,4796.734,-5922.846,-21.829,-105.460,-0.265653,0.963445,0.034669,-0.963611,-0.266463,0.021246,0.029708,-0.027763,0.999173,0,0.66183,0.46336,39.710,0.927,-1,400.000,-1,400.000,-1,325.000,325.000,325.000,300.000,-1,-1,-1,-1,775.000,775.000,-1,-1,2,0,2,0,2,0,0,0,0,2,2,2,2,0,0,2,2
113,4786.710,-5961.550,-20.473,-104.521,-0.249828,0.967649,0.035224,-0.967874,-0.250622,0.020229,0.028402,-0.029039,0.999175,0,0.66636,0.46971,39.982,0.939,-1,400.000,-1,400.000,-1,325.000,325.000,325.000,325.000,-1,-1,-1,-1,775.000,775.000,-1,-1,2,0,2,0,2,0,0,0,0,2,2,2,2,0,0,2,2
114,4777.264,-6000.691,-19.409,-103.568,-0.233723,0.971673,0.035006,-0.971907,-0.234505,0.020121,0.027760,-0.029319,0.999185,0,0.67107,0.47612,40.264,0.952,-1,400.000,-1,400.000,-1,325.000,325.000,325.000,325.000,-1,-1,-1,-1,775.000,775.000,-1,-1,2,0,2,0,2,0,0,0,0,2,2,2,2,0,0,2,2
115,4768.415,-6040.269,-18.371,-102.603,-0.217336,0.975477,0.034772,-0.975722,-0.218102,0.019952,0.027047,-0.029592,0.999196,0,0.67593,0.48258,40.556,0.965,-1,400.000,-1,400.000,-1,325.000,325.000,325.000,300.000,-1,-1,-1,-1,775.000,775.000,-1,-1,2,0,2,0,2,0,0,0,0,2,2,2,2,0,0,2,2
116,4760.182,-6080.287,-17.344,-101.625,-0.200664,0.979049,0.034588,-0.979307,-0.201415,0.019753,0.026306,-0.029908,0.999206,0,0.68094,0.48911,40.856,0.978,-1,400.000,-1,400.000,-1,325.000,325.000,325.000,300.000,-1,-1,-1,-1,775.000,775.000,-1,-1,2,0,2,0,2,0,0,0,0,2,2,2,2,0,0,2,2
117,4752.586,-6120.745,-16.330,-100.634,-0.183707,0.982377,0.034454,-0.982649,-0.184443,0.019526,0.025537,-0.030269,0.999216,0,0.68607,0.49570,41.164,0.991,-1,400.000,-1,400.000,-1,325.000,325.000,325.000,300.000,-1,-1,-1,-1,775.000,775.000,-1,-1,2,0,2,0,2,0,0,0,0,2,2,2,2,0,0,2,2
118,4745.648,-6161.639,-15.329,-99.629,-0.166466,0.985448,0.034370,-0.985737,-0.167187,0.019272,0.024738,-0.030672,0.999223,0,0.69132,0.50235,41.479,1.005,-1,400.000,-1,400.000,-1,325.000,325.000,325.000,300.000,-1,-1,-1,-1,775.000,750.000,-1,-1,2,0,2,0,2,0,0,0,0,2,2,2,2,0,0,2,2
119,4739.997,-6197.880,-14.458,-98.864,-0.153309,0.987581,0.034339,-0.987884,-0.154019,0.019045,0.024097,-0.031004,0.999229,0,0.61132,0.38235,36.679,0.765,-1,400.000,-1,400.000,-1,325.000,325.000,325.000,300.000,-1,-1,-1,-1,775.000,750.000,-1,-1,2,0,2,0,2,0,0,0,0,2,2,2,2,0,0,2,2
120,4735.373,-6229.422,-13.708,-98.339,-0.144267,0.988943,0.034343,-0.989257,-0.144967,0.018854,0.023625,-0.031254,0.999232,0,0.53132,0.26235,31.879,0.525,-1,400.000,-1,400.000,-1,325.000,325.000,325.000,300.000,-1,-1,-1,-1,775.000,750.000,-1,-1,2,0,2,0,2,0,0,0,0,2,2,2,2,0,0,2,2
121,4730.903,-6261.011,-12.960,-98.055,-0.139356,0.989646,0.034373,-0.989968,-0.140051,0.018688,0.023308,-0.031424,0.999234,0,0.53172,0.14235,31.903,0.285,-1,400.000,-1,400.000,-1,325.000,325.000,325.000,300.000,-1,-1,-1,-1,800.000,750.000,-1,-1,2,0,2,0,2,0,0,0,0,2,2,2,2,1,0,2,2
122,4726.422,-6292.852,-12.202,-98.010,-0.138587,0.989752,0.034420,-0.990080,-0.139278,0.018547,0.023151,-0.031509,0.999235,0,0.53591,0.02235,32.155,0.045,-1,400.000,-1,400.000,-1,325.000,325.000,325.000,300.000,-1,-1,-1,-1,800.000,750.000,-1,-1,2,0,2,0,2,0,0,0,0,2,2,2,2,0,0,2,2
123,4721.797,-6324.928,-11.431,-98.205,-0.141962,0.989272,0.034478,-0.989601,-0.142651,0.018436,0.023157,-0.031503,0.999235,0,0.54013,-0.09765,32.408,-0.195,-1,400.000,-1,400.000,-1,325.000,325.000,325.000,300.000,-1,-1,-1,-1,800.000,750.000,-1,-1,2,0,2,0,2,0,0,0,0,2,2,2,2,0,0,2,2
124,4716.890,-6357.221,-10.640,-98.641,-0.149472,0.988162,0.034539,-0.988491,-0.150164,0.018358,0.023327,-0.031397,0.999235,0,0.54439,-0.21765,32.663,-0.435,-1,400.000,-1,400.000,-1,325.000,325.000,325.000,300.000,-1,-1,-1,-1,800.000,750.000,-1,-1,2,0,2,0,2,0,0,0,0,2,2,2,2,0,0,2,2
125,4711.560,-6389.707,-9.824,-99.316,-0.161106,0.986331,0.034595,-0.986653,-0.161801,0.018314,0.023662,-0.031183,0.999234,0,0.54868,-0.33765,32.921,-0.675,-1,400.000,-1,400.000,-1,325.000,325.000,325.000,300.000,-1,-1,-1,-1,800.000,750.000,-1,-1,2,0,2,0,2,0,0,0,0,2,2,2,2,0,0,2,2
126,4704.860,-6426.829,-8.890,-100.231,-0.176838,0.983627,0.034744,-0.983946,-0.177537,0.018178,0.024049,-0.030972,0.999231,0,0.62868,-0.45765,37.721,-0.915,-1,400.000,-1,400.000,-1,325.000,325.000,325.000,300.000,-1,-1,-1,-1,800.000,750.000,-1,-1,2,0,2,0,2,0,0,0,0,2,2,2,2,0,0,2,2
127,4696.465,-6468.513,-7.834,-101.387,-0.196631,0.979853,0.034996,-0.980172,-0.197335,0.017914,0.024459,-0.030779,0.999227,0,0.70868,-0.57765,42.521,-1.155,-1,400.000,-1,400.000,-1,325.000,325.000,325.000,300.000,-1,-1,-1,-1,775.000,750.000,-1,-1,2,0,2,0,2,0,0,0,0,2,2,2,2,0,0,2,2
128,4687.072,-6510.339,-6.754,-102.657,-0.218296,0.975243,0.035328,-0.975562,-0.219009,0.017708,0.025007,-0.030599,0.999219,0,0.71446,-0.63512,42.868,-1.270,-1,400.000,-1,400.000,-1,325.000,325.000,325.000,300.000,-1,-1,-1,-1,775.000,750.000,-1,-1,2,0,2,0,2,0,0,0,0,2,2,2,2,0,0,2,2
129,4676.794,-6551.839,-5.693,-103.911,-0.239572,0.970217,0.035827,-0.970544,-0.240295,0.017405,0.025496,-0.030602,0.999206,0,0.71256,-0.62687,42.754,-1.254,-1,400.000,-1,400.000,-1,325.000,325.000,325.000,300.000,-1,-1,-1,-1,775.000,750.000,-1,-1,2,0,2,0,2,0,0,0,0,2,2,2,2,0,0,2,2
130,4665.662,-6592.961,-4.594,-105.147,-0.260449,0.964806,0.036280,-0.965138,-0.261181,0.017104,0.025978,-0.030561,0.999195,0,0.71003,-0.61841,42.602,-1.237,-1,400.000,-1,400.000,-1,325.000,325.000,325.000,325.000,-1,-1,-1,-1,775.000,750.000,-1,-1,2,0,2,0,2,0,0,0,0,2,2,2,2,0,0,2,2
131,4653.710,-6633.656,-3.484,-106.367,-0.280916,0.959033,0.036624,-0.959366,-0.281658,0.016901,0.026524,-0.030388,0.999186,0,0.70690,-0.60978,42.414,-1.220,-1,400.000,-1,400.000,-1,325.000,325.000,325.000,325.000,-1,-1,-1,-1,775.000,750.000,-1,-1,2,0,2,0,2,0,0,0,0,2,2,2,2,0,0,2,2
132,4640.974,-6673.878,-2.363,-107.569,-0.300968,0.952922,0.036842,-0.953250,-0.301718,0.016728,0.027056,-0.030085,0.999181,0,0.70317,-0.60103,42.190,-1.202,-1,400.000,-1,400.000,-1,325.000,325.000,325.000,325.000,-1,-1,-1,-1,775.000,750.000,-1,-1,2,0,2,0,2,0,0,0,0,2,2,2,2,0,0,2,2
133,4627.493,-6713.584,-1.215,-108.753,-0.320598,0.946492,0.037000,-0.946814,-0.321355,0.016564,0.027568,-0.029721,0.999178,0,0.69887,-0.59221,41.932,-1.184,-1,400.000,-1,400.000,-1,325.000,325.000,-1,325.000,-1,-1,-1,-1,775.000,750.000,-1,-1,2,0,2,0,2,0,0,2,0,2,2,2,2,0,0,2,2
