timestep,x_cm,y_cm,z_cm,yaw_deg,basis_xx,basis_xy,basis_xz,basis_yx,basis_yy,basis_yz,basis_zx,basis_zy,basis_zz,teleport_flag,throttle_cmd,steering_cmd,cmd_move_cm,cmd_turn_deg,lidar_cm_0,lidar_cm_1,lidar_cm_2,lidar_cm_3,lidar_cm_4,lidar_cm_5,lidar_cm_6,lidar_cm_7,lidar_cm_8,lidar_cm_9,lidar_cm_10,lidar_cm_11,lidar_cm_12,lidar_cm_13,lidar_cm_14,lidar_cm_15,lidar_cm_16,lidar_class_0,lidar_class_1,lidar_class_2,lidar_class_3,lidar_class_4,lidar_class_5,lidar_class_6,lidar_class_7,lidar_class_8,lidar_class_9,lidar_class_10,lidar_class_11,lidar_class_12,lidar_class_13,lidar_class_14,lidar_class_15,lidar_class_16
0,7547.937,3608.523,-82.260,10.604,0.982183,-0.183791,-0.039215,0.185452,0.981667,0.044022,0.030405,-0.050510,0.998261,1,0.08000,0.12000,4.800,0.240,-1,400.000,-1,400.000,-1,325.000,325.000,300.000,300.000,-1,975.000,875.000,-1,775.000,800.000,-1,-1,2,0,2,0,2,0,0,0,0,2,0,0,2,0,0,2,2
1,7557.365,3610.331,-81.973,10.860,0.981353,-0.188162,-0.039250,0.189821,0.980834,0.043970,0.030224,-0.050601,0.998262,0,0.16000,0.12763,9.600,0.255,-1,400.000,-1,400.000,-1,325.000,325.000,300.000,300.000,-1,975.000,875.000,-1,775.000,800.000,-1,-1,2,0,2,0,2,0,0,0,0,2,0,0,2,0,0,2,2
2,7571.495,3613.107,-81.543,11.115,0.980502,-0.192539,-0.039302,0.194196,0.979981,0.043888,0.030065,-0.050665,0.998263,0,0.24000,0.12792,14.400,0.256,-1,400.000,-1,400.000,-1,325.000,325.000,300.000,300.000,-1,975.000,875.000,-1,775.000,800.000,-1,-1,2,0,2,0,2,0,0,0,0,2,0,0,2,0,0,2,2
3,7590.318,3616.893,-80.974,11.372,0.979627,-0.196927,-0.039370,0.198581,0.979106,0.043775,0.029927,-0.050701,0.998265,0,0.32000,0.12834,19.200,0.257,-1,400.000,-1,400.000,-1,325.000,325.000,300.000,300.000,-1,975.000,900.000,-1,775.000,800.000,-1,-1,2,0,2,0,2,0,0,0,0,2,0,0,2,0,0,2,2
4,7613.825,3621.732,-80.269,11.630,0.978729,-0.201330,-0.039453,0.202982,0.978210,0.043630,0.029810,-0.050710,0.998268,0,0.40000,0.12889,24.000,0.258,-1,400.000,-1,400.000,-1,325.000,325.000,300.000,300.000,-1,1000.000,900.000,-1,775.000,800.000,-1,-1,2,0,2,0,2,0,0,0,0,2,0,0,2,0,0,2,2
5,7642.007,3627.665,-79.428,11.889,0.977805,-0.205752,-0.039552,0.207401,0.977290,0.043453,0.029713,-0.050691,0.998272,0,0.48000,0.12956,28.800,0.259,-1,400.000,-1,400.000,-1,325.000,325.000,300.000,300.000,-1,1000.000,925.000,-1,775.000,825.000,-1,-1,2,0,2,0,2,0,0,0,0,2,0,0,2,0,0,2,2
6,7674.855,3634.736,-78.456,12.150,0.976854,-0.210196,-0.039665,0.211843,0.976347,0.043244,0.029637,-0.050646,0.998277,0,0.56000,0.13032,33.600,0.261,-1,400.000,-1,400.000,-1,325.000,325.000,300.000,300.000,-1,-1,950.000,-1,775.000,825.000,-1,-1,2,0,2,0,2,0,0,0,0,2,2,0,2,0,0,2,2
7,7712.357,3642.990,-77.354,12.412,0.975877,-0.214664,-0.039793,0.216308,0.975378,0.043004,0.029582,-0.050574,0.998282,0,0.64000,0.13115,38.400,0.262,-1,400.000,-1,400.000,-1,325.000,325.000,300.000,300.000,-1,-1,975.000,-1,775.000,825.000,-1,-1,2,0,2,0,2,0,0,0,0,2,2,0,2,0,0,2,2
8,7754.504,3652.470,-76.126,12.676,0.974872,-0.219158,-0.039936,0.220798,0.974383,0.042733,0.029547,-0.050477,0.998288,0,0.72000,0.13201,43.200,0.264,-1,400.000,-1,400.000,-1,325.000,325.000,300.000,300.000,-1,-1,1000.000,-1,775.000,825.000,-1,-1,2,0,2,0,2,0,0,0,0,2,2,0,2,0,0,2,2
9,7801.285,3663.220,-74.772,12.942,0.973839,-0.223676,-0.040092,0.225313,0.973362,0.042437,0.029532,-0.050360,0.998294,0,0.80000,0.13286,48.000,0.266,-1,400.000,-1,400.000,-1,325.000,325.000,300.000,300.000,-1,-1,-1,-1,775.000,850.000,-1,-1,2,0,2,0,2,0,0,0,0,2,2,2,2,0,0,2,2
10,7850.284,3674.720,-73.436,13.209,0.972797,-0.228219,-0.039766,0.229825,0.972326,0.041980,0.029085,-0.049977,0.998327,0,0.83884,0.13367,50.330,0.267,-1,400.000,-1,400.000,-1,325.000,325.000,300.000,300.000,-1,-1,-1,-1,775.000,850.000,-1,-1,2,0,2,0,2,0,0,0,0,2,2,2,2,0,0,2,2
11,7899.186,3686.440,-72.232,13.478,0.971746,-0.232786,-0.038992,0.234328,0.971285,0.041186,0.028285,-0.049159,0.998390,0,0.83812,0.13435,50.287,0.269,-1,400.000,-1,400.000,-1,325.000,325.000,300.000,300.000,-1,-1,-1,-1,775.000,875.000,-1,-1,2,0,2,0,2,0,0,0,0,2,2,2,2,0,0,2,2
12,7947.989,3698.380,-71.013,13.747,0.970672,-0.237366,-0.038119,0.238839,0.970221,0.040337,0.027409,-0.048258,0.998459,0,0.83737,0.13485,50.242,0.270,-1,400.000,-1,400.000,-1,325.000,325.000,300.000,300.000,-1,-1,-1,-1,775.000,875.000,-1,-1,2,0,2,0,2,0,0,0,0,2,2,2,2,0,0,2,2
13,7996.690,3710.538,-69.896,14.018,0.969586,-0.241947,-0.036949,0.243353,0.969113,0.039986,0.026133,-0.047761,0.998517,0,0.83660,0.13518,50.196,0.270,-1,400.000,-1,400.000,-1,325.000,325.000,300.000,300.000,-1,-1,-1,-1,775.000,875.000,-1,-1,2,0,2,0,2,0,0,0,0,2,2,2,2,0,0,2,2
14,8045.287,3722.915,-68.785,14.288,0.968474,-0.246528,-0.035805,0.247869,0.967982,0.039642,0.024886,-0.047267,0.998572,0,0.83581,0.13534,50.149,0.271,-1,400.000,-1,400.000,-1,325.000,325.000,300.000,300.000,-1,-1,-1,-1,775.000,875.000,-1,-1,2,0,2,0,2,0,0,0,0,2,2,2,2,0,0,2,2
15,8093.780,3735.509,-67.678,14.559,0.967338,-0.251104,-0.034689,0.252381,0.966829,0.039305,0.023669,-0.046776,0.998625,0,0.83502,0.13532,50.101,0.271,-1,400.000,-1,400.000,-1,325.000,325.000,300.000,300.000,-1,-1,-1,-1,775.000,875.000,-1,-1,2,0,2,0,2,0,0,0,0,2,2,2,2,0,0,2,2
16,8137.551,3747.185,-66.685,14.935,0.965703,-0.257454,-0.033693,0.258675,0.965176,0.039010,0.022477,-0.046388,0.998671,0,0.75502,0.18818,45.301,0.376,-1,400.000,-1,400.000,-1,325.000,325.000,300.000,300.000,-1,-1,-1,-1,775.000,875.000,-1,-1,2,0,2,0,2,0,0,0,0,2,2,2,2,0,0,2,2
17,8177.453,3758.109,-65.785,15.311,0.964024,-0.263782,-0.032801,0.264953,0.963483,0.038749,0.021382,-0.046046,0.998710,0,0.68952,0.18788,41.371,0.376,-1,400.000,-1,400.000,-1,325.000,325.000,300.000,300.000,-1,-1,-1,-1,800.000,875.000,-1,-1,2,0,2,0,2,0,0,0,0,2,2,2,2,0,0,2,2
18,8217.253,3769.286,-64.845,15.686,0.962301,-0.270084,-0.032118,0.271217,0.961743,0.038629,0.020456,-0.045884,0.998737,0,0.68900,0.18749,41.340,0.375,-1,400.000,-1,400.000,-1,325.000,325.000,300.000,300.000,-1,-1,-1,-1,800.000,875.000,-1,-1,2,0,2,0,2,0,0,0,0,2,2,2,2,0,0,2,2
19,8256.950,3780.714,-63.912,16.060,0.960540,-0.276359,-0.031459,0.277455,0.959966,0.038513,0.019556,-0.045722,0.998763,0,0.68849,0.18701,41.310,0.374,-1,400.000,-1,400.000,-1,325.000,325.000,300.000,300.000,-1,-1,-1,-1,800.000,875.000,-1,-1,2,0,2,0,2,0,0,0,0,2,2,2,2,0,0,2,2
20,8296.545,3792.392,-62.986,16.433,0.958742,-0.282602,-0.030825,0.283663,0.958155,0.038401,0.018683,-0.045561,0.998787,0,0.68801,0.18642,41.281,0.373,-1,400.000,-1,400.000,-1,325.000,325.000,300.000,300.000,-1,-1,-1,-1,800.000,875.000,-1,-1,2,0,2,0,2,0,0,0,0,2,2,2,2,0,0,2,2
21,8336.037,3804.319,-62.068,16.805,0.956910,-0.288810,-0.030215,0.289838,0.956309,0.038292,0.017836,-0.045399,0.998810,0,0.68756,0.18574,41.254,0.371,-1,400.000,-1,400.000,-1,325.000,325.000,300.000,300.000,-1,-1,-1,-1,800.000,875.000,-1,-1,2,0,2,0,2,0,0,0,0,2,2,2,2,0,0,2,2
22,8375.426,3816.493,-61.157,17.174,0.955044,-0.294980,-0.029630,0.295976,0.954432,0.038186,0.017016,-0.045239,0.998831,0,0.68713,0.18496,41.228,0.370,-1,400.000,-1,425.000,-1,325.000,325.000,300.000,300.000,-1,-1,-1,-1,825.000,900.000,-1,-1,2,0,2,0,2,0,0,0,0,2,2,2,2,0,0,2,2
23,8414.714,3828.913,-60.252,17.543,0.953146,-0.301110,-0.029072,0.302074,0.952523,0.038082,0.016225,-0.045079,0.998852,0,0.68674,0.18409,41.205,0.368,-1,400.000,-1,425.000,-1,325.000,325.000,300.000,300.000,-1,-1,-1,-1,825.000,925.000,-1,-1,2,0,2,0,2,0,0,0,0,2,2,2,2,0,0,2,2
24,8453.902,3841.577,-59.475,17.909,0.951211,-0.307200,-0.028740,0.308136,0.950605,0.037449,0.015816,-0.044477,0.998885,0,0.68639,0.18312,41.183,0.366,-1,400.000,-1,425.000,-1,325.000,325.000,300.000,300.000,-1,-1,-1,-1,825.000,950.000,-1,-1,2,0,2,0,2,0,0,0,0,2,2,2,2,0,0,2,2
25,8492.991,3854.483,-58.926,18.273,0.949258,-0.313254,-0.027944,0.314131,0.948693,0.036110,0.015199,-0.043056,0.998957,0,0.68607,0.18205,41.164,0.364,-1,400.000,-1,425.000,-1,325.000,325.000,300.000,300.000,-1,-1,-1,-1,850.000,975.000,-1,-1,2,0,2,0,2,0,0,0,0,2,2,2,2,0,0,2,2
26,8531.982,3867.630,-58.488,18.635,0.947289,-0.319263,-0.026722,0.320061,0.946768,0.034513,0.014281,-0.041247,0.999047,0,0.68580,0.18089,41.148,0.362,-1,400.000,-1,425.000,-1,325.000,325.000,300.000,300.000,-1,-1,-1,-1,850.000,975.000,-1,-1,2,0,2,0,2,0,0,0,0,2,2,2,2,0,0,2,2
27,8570.876,3881.017,-58.054,18.994,0.945296,-0.325217,-0.025497,0.325941,0.944816,0.032938,0.013378,-0.039446,0.999132,0,0.68557,0.17964,41.134,0.359,-1,400.000,-1,425.000,-1,325.000,325.000,300.000,300.000,-1,-1,-1,-1,850.000,1000.000,-1,-1,2,0,2,0,2,0,0,0,0,2,2,2,2,0,0,2,2
28,8609.677,3894.643,-57.669,19.351,0.943274,-0.331112,-0.024470,0.331774,0.942832,0.031510,0.012638,-0.037841,0.999204,0,0.68539,0.17830,41.124,0.357,-1,400.000,-1,425.000,-1,325.000,325.000,300.000,300.000,-1,-1,-1,-1,875.000,1000.000,-1,-1,2,0,2,0,2,0,0,0,0,2,2,2,2,0,0,2,2
29,8648.385,3908.505,-57.392,19.704,0.941232,-0.336941,-0.023524,0.337553,0.940811,0.030526,0.011846,-0.036672,0.999257,0,0.68526,0.17686,41.116,0.354,-1,400.000,-1,425.000,-1,325.000,325.000,300.000,300.000,-1,-1,-1,-1,875.000,1000.000,-1,-1,2,0,2,0,2,0,0,0,0,2,2,2,2,0,0,2,2
30,8687.004,3922.603,-57.315,20.055,0.939183,-0.342697,-0.022231,0.343260,0.938743,0.030551,0.010399,-0.036324,0.999286,0,0.68519,0.17534,41.111,0.351,-1,400.000,-1,425.000,-1,325.000,325.000,300.000,300.000,-1,-1,-1,-1,900.000,-1,-1,-1,2,0,2,0,2,0,0,0,0,2,2,2,2,0,2,2,2
31,8725.535,3936.935,-57.247,20.403,0.937117,-0.348388,-0.020926,0.348901,0.936659,0.030631,0.008929,-0.036006,0.999312,0,0.68517,0.17373,41.110,0.347,-1,400.000,-1,425.000,-1,325.000,325.000,300.000,300.000,-1,-1,-1,-1,900.000,-1,-1,-1,2,0,2,0,2,0,0,0,0,2,2,2,2,0,2,2,2
32,8763.981,3951.498,-57.180,20.747,0.935037,-0.354009,-0.019602,0.354474,0.934559,0.030790,0.007419,-0.035738,0.999334,0,0.68521,0.17202,41.112,0.344,-1,400.000,-1,400.000,-1,325.000,325.000,300.000,300.000,-1,-1,-1,-1,900.000,-1,-1,-1,2,0,2,0,2,0,0,0,0,2,2,2,2,0,2,2,2
33,8802.346,3966.292,-57.077,21.087,0.932945,-0.359557,-0.018204,0.359972,0.932441,0.031203,0.005755,-0.035664,0.999347,0,0.68531,0.17023,41.118,0.340,-1,400.000,-1,400.000,-1,325.000,325.000,300.000,300.000,-1,-1,-1,-1,900.000,-1,-1,-1,2,0,2,0,2,0,0,0,0,2,2,2,2,0,2,2,2
34,8840.632,3981.315,-56.981,21.424,0.930844,-0.365031,-0.016798,0.365395,0.930314,0.031676,0.004064,-0.035623,0.999357,0,0.68547,0.16836,41.128,0.337,-1,400.000,-1,425.000,-1,325.000,325.000,300.000,300.000,-1,-1,-1,-1,900.000,1000.000,-1,-1,2,0,2,0,2,0,0,0,0,2,2,2,2,0,0,2,2
35,8878.843,3996.565,-56.892,21.757,0.928734,-0.370429,-0.015382,0.370740,0.928178,0.032209,0.002346,-0.035616,0.999363,0,0.68569,0.16639,41.141,0.333,-1,400.000,-1,425.000,-1,325.000,325.000,300.000,300.000,-1,-1,-1,-1,900.000,-1,-1,-1,2,0,2,0,2,0,0,0,0,2,2,2,2,0,2,2,2
36,8916.981,4012.040,-56.809,22.085,0.926617,-0.375747,-0.013958,0.376005,0.926037,0.032803,0.000600,-0.035644,0.999364,0,0.68598,0.16435,41.159,0.329,-1,400.000,-1,425.000,-1,325.000,325.000,300.000,300.000,-1,-1,-1,-1,900.000,-1,-1,-1,2,0,2,0,2,0,0,0,0,2,2,2,2,0,2,2,2
37,8955.051,4027.739,-56.732,22.410,0.924497,-0.380984,-0.012525,0.381188,0.923892,0.033458,-0.001175,-0.035707,0.999362,0,0.68634,0.16222,41.180,0.324,-1,400.000,-1,425.000,-1,325.000,325.000,300.000,300.000,-1,-1,-1,-1,900.000,-1,-1,-1,2,0,2,0,2,0,0,0,0,2,2,2,2,0,2,2,2
38,8994.272,4044.144,-56.660,22.698,0.922592,-0.385620,-0.011035,0.385766,0.921963,0.034196,-0.003013,-0.035805,0.999354,0,0.70854,0.14395,42.513,0.288,-1,400.000,-1,425.000,-1,325.000,325.000,300.000,300.000,-1,-1,-1,-1,900.000,-1,-1,-1,2,0,2,0,2,0,0,0,0,2,2,2,2,0,2,2,2
39,9033.716,4060.876,-56.593,22.986,0.920659,-0.390253,-0.009523,0.390338,0.920006,0.035003,-0.004899,-0.035943,0.999342,0,0.71412,0.14417,42.847,0.288,-1,400.000,-1,425.000,-1,325.000,325.000,300.000,300.000,-1,-1,-1,-1,900.000,-1,-1,-1,2,0,2,0,2,0,0,0,0,2,2,2,2,0,2,2,2
40,9073.386,4077.939,-56.668,23.275,0.918693,-0.394888,-0.008162,0.394920,0.918039,0.035257,-0.006429,-0.035613,0.999345,0,0.71974,0.14434,43.184,0.289,-1,400.000,-1,425.000,-1,325.000,325.000,300.000,325.000,-1,-1,-1,-1,900.000,-1,-1,-1,2,0,2,0,2,0,0,0,0,2,2,2,2,0,2,2,2
41,9113.281,4095.339,-56.885,23.564,0.916697,-0.399523,-0.006940,0.399511,0.916061,0.034966,-0.007612,-0.034826,0.999364,0,0.72540,0.14446,43.524,0.289,-1,425.000,-1,425.000,-1,325.000,350.000,300.000,325.000,-1,-1,-1,-1,900.000,-1,-1,-1,2,0,2,0,2,0,0,0,0,2,2,2,2,0,2,2,2
42,9148.755,4110.868,-57.495,23.644,0.916139,-0.400840,-0.004043,0.400739,0.915568,0.033824,-0.009857,-0.032608,0.999420,0,0.64540,0.04026,38.724,0.081,-1,425.000,-1,425.000,-1,325.000,325.000,300.000,300.000,-1,-1,-1,-1,900.000,-1,-1,-1,2,0,2,0,2,0,0,0,0,2,2,2,2,0,2,2,2
43,9184.378,4126.523,-58.126,23.725,0.915569,-0.402160,-0.001041,0.401977,0.915067,0.032680,-0.012190,-0.030339,0.999465,0,0.64851,0.04042,38.911,0.081,-1,425.000,-1,425.000,-1,325.000,325.000,300.000,300.000,-1,-1,-1,-1,900.000,-1,-1,-1,2,0,2,0,2,0,0,0,0,2,2,2,2,0,2,2,2
44,9220.258,4142.352,-58.756,23.806,0.914985,-0.403482,0.001974,0.403225,0.914556,0.031584,-0.014549,-0.028103,0.999499,0,0.65362,0.04058,39.217,0.081,-1,425.000,-1,425.000,-1,325.000,325.000,300.000,300.000,-1,-1,-1,-1,900.000,-1,-1,-1,2,0,2,0,2,0,0,0,0,2,2,2,2,0,2,2,2
45,9256.399,4158.357,-59.395,23.888,0.914389,-0.404806,0.004959,0.404483,0.914035,0.030559,-0.016903,-0.025937,0.999521,0,0.65876,0.04074,39.526,0.081,-1,425.000,-1,425.000,-1,325.000,325.000,300.000,300.000,-1,-1,-1,-1,900.000,1000.000,-1,-1,2,0,2,0,2,0,0,0,0,2,2,2,2,0,1,2,2
46,9292.800,4174.540,-60.285,23.969,0.913794,-0.406122,0.006794,0.405758,0.913482,0.030188,-0.018466,-0.024828,0.999521,0,0.66395,0.04089,39.837,0.082,-1,425.000,-1,425.000,-1,325.000,325.000,300.000,300.000,-1,-1,-1,-1,875.000,950.000,-1,-1,2,0,2,0,2,0,0,0,0,2,2,2,2,1,1,2,2
47,9329.465,4190.904,-61.230,24.051,0.913192,-0.407438,0.008621,0.407032,0.912918,0.030101,-0.020134,-0.023979,0.999510,0,0.66917,0.04103,40.150,0.082,-1,425.000,-1,425.000,-1,325.000,325.000,300.000,300.000,-1,-1,-1,-1,850.000,925.000,-1,-1,2,0,2,0,2,0,0,0,0,2,2,2,2,1,1,2,2
48,9366.394,4207.449,-62.413,24.134,0.912585,-0.408748,0.010705,0.408266,0.912328,0.031257,-0.022543,-0.024154,0.999454,0,0.67444,0.04117,40.466,0.082,-1,425.000,-1,425.000,-1,325.000,325.000,300.000,300.000,-1,-1,-1,-1,800.000,875.000,-1,-1,2,0,2,0,2,0,0,0,0,2,2,2,2,1,1,2,2
49,9403.591,4224.179,-63.599,24.216,0.911969,-0.410061,0.012731,0.409501,0.911732,0.032453,-0.024915,-0.024383,0.999392,0,0.67975,0.04131,40.785,0.083,-1,425.000,-1,425.000,-1,325.000,325.000,300.000,300.000,-1,-1,-1,-1,775.000,850.000,-1,-1,2,0,2,0,2,0,0,0,0,2,2,2,2,1,1,2,2
50,9441.055,4241.094,-64.787,24.299,0.911347,-0.411376,0.014696,0.410736,0.911132,0.033689,-0.027249,-0.024667,0.999324,0,0.68510,0.04144,41.106,0.083,-1,400.000,-1,425.000,-1,325.000,325.000,300.000,300.000,-1,-1,-1,-1,725.000,800.000,-1,-1,2,0,2,0,2,0,0,0,0,2,2,2,2,1,1,2,2
51,9478.790,4258.198,-65.978,24.382,0.910719,-0.412694,0.016598,0.411970,0.910526,0.034966,-0.029543,-0.025007,0.999251,0,0.69050,0.04156,41.430,0.083,-1,400.000,1000.000,400.000,-1,325.000,325.000,300.000,325.000,-1,-1,-1,-1,700.000,775.000,-1,-1,2,0,1,1,2,0,0,0,0,2,2,2,2,1,1,2,2
52,9516.796,4275.491,-67.170,24.466,0.910084,-0.414014,0.018435,0.413203,0.909916,0.036284,-0.031796,-0.025405,0.999171,0,0.69593,0.04168,41.756,0.083,-1,400.000,950.000,400.000,-1,325.000,325.000,300.000,325.000,-1,-1,-1,-1,650.000,750.000,975.000,-1,2,0,1,1,2,0,0,0,0,2,2,2,2,1,1,1,2
53,9555.077,4292.977,-68.365,24.549,0.909443,-0.415337,0.020204,0.414435,0.909300,0.037644,-0.034007,-0.025862,0.999087,0,0.70141,0.04180,42.085,0.084,-1,400.000,900.000,400.000,-1,325.000,325.000,300.000,325.000,-1,-1,-1,-1,625.000,700.000,900.000,-1,2,0,1,1,2,0,0,0,0,2,2,2,2,1,1,1,2
54,9593.633,4310.657,-69.561,24.633,0.908798,-0.416661,0.021905,0.415665,0.908679,0.039046,-0.036173,-0.026380,0.998997,0,0.70693,0.04191,42.416,0.084,-1,400.000,850.000,400.000,-1,325.000,325.000,300.000,325.000,-1,-1,-1,-1,600.000,675.000,850.000,-1,2,0,1,1,2,0,1,0,0,2,2,2,2,1,1,1,2
55,9632.466,4328.532,-70.759,24.717,0.908148,-0.417987,0.023533,0.416894,0.908053,0.040490,-0.038294,-0.026960,0.998903,0,0.71250,0.04202,42.750,0.084,-1,400.000,800.000,375.000,-1,325.000,325.000,300.000,325.000,-1,-1,-1,-1,550.000,650.000,775.000,-1,2,0,1,1,2,0,1,0,0,2,2,2,2,1,1,1,2
56,9675.714,4348.298,-72.098,24.561,0.909239,-0.415504,0.025315,0.414300,0.909167,0.042070,-0.040496,-0.027764,0.998794,0,0.79250,-0.07798,47.550,-0.156,-1,375.000,750.000,375.000,-1,325.000,300.000,300.000,325.000,-1,-1,-1,-1,525.000,600.000,725.000,-1,2,1,1,1,2,1,1,0,0,2,2,2,2,1,1,1,2
57,9723.477,4369.728,-73.957,24.165,0.912024,-0.409216,0.027463,0.407943,0.912027,0.042312,-0.042361,-0.027386,0.998727,0,0.87250,-0.19798,52.350,-0.396,900.000,350.000,700.000,350.000,-1,300.000,300.000,300.000,325.000,-1,-1,-1,-1,475.000,575.000,625.000,-1,1,1,1,1,2,1,1,0,0,2,2,2,2,1,1,1,2
58,9775.875,4392.543,-76.339,23.529,0.916437,-0.399085,0.029571,0.397812,0.916551,0.040984,-0.043460,-0.025795,0.998722,0,0.95250,-0.31798,57.150,-0.636,775.000,325.000,625.000,325.000,-1,275.000,275.000,300.000,325.000,-1,-1,-1,-1,425.000,525.000,550.000,-1,1,1,1,1,2,1,1,0,0,2,2,2,2,1,1,1,2
59,9831.247,4415.652,-78.915,22.653,0.922336,-0.385044,0.032207,0.383775,0.922588,0.039354,-0.044867,-0.023938,0.998706,0,1.00000,-0.43798,60.000,-0.876,650.000,275.000,575.000,325.000,-1,250.000,250.000,300.000,325.000,-1,-1,-1,-1,375.000,500.000,450.000,-1,1,1,1,1,2,1,1,0,0,2,2,2,2,1,1,1,2
60,9887.058,4437.678,-81.193,21.537,0.929607,-0.367008,0.033710,0.365745,0.929926,0.038314,-0.045410,-0.023288,0.998697,0,1.00000,-0.55798,60.000,-1.116,500.000,250.000,525.000,300.000,-1,225.000,250.000,325.000,325.000,-1,-1,-1,-1,325.000,475.000,375.000,-1,1,1,1,1,2,1,1,0,0,2,2,2,2,1,1,1,2
61,9943.374,4458.378,-83.530,20.181,0.938058,-0.344888,0.033155,0.343624,0.938319,0.038480,-0.044382,-0.024704,0.998709,0,1.00000,-0.67798,60.000,-1.356,375.000,225.000,475.000,275.000,-1,200.000,225.000,325.000,325.000,-1,-1,-1,-1,300.000,450.000,275.000,-1,1,1,1,1,2,1,1,0,0,2,2,2,2,1,1,1,2
62,10000.200,4477.632,-81.818,18.722,0.946779,-0.320965,0.024320,0.320546,0.947029,0.019631,-0.029332,-0.010790,0.999511,0,1.00000,-0.72948,60.000,-1.459,350.000,225.000,475.000,300.000,-1,200.000,225.000,350.000,325.000,-1,-1,-1,-1,275.000,475.000,250.000,-1,1,1,1,1,2,1,1,0,0,2,2,2,2,1,1,1,2
63,10057.492,4495.450,-78.837,17.277,0.954804,-0.296990,0.012056,0.297055,0.954853,-0.003890,-0.010357,0.007295,0.999920,0,1.00000,-0.72252,60.000,-1.445,350.000,225.000,-1,300.000,-1,200.000,225.000,425.000,325.000,-1,-1,175.000,-1,275.000,-1,250.000,-1,1,1,2,1,2,1,1,0,0,2,2,0,2,1,2,1,2
64,10115.210,4511.840,-75.507,15.848,0.962012,-0.273000,-0.002062,0.272841,0.961661,-0.027665,0.009535,0.026052,0.999615,0,1.00000,-0.71452,60.000,-1.429,350.000,225.000,-1,325.000,-1,200.000,250.000,500.000,325.000,-1,250.000,100.000,900.000,275.000,-1,225.000,-1,1,1,2,1,2,1,1,0,0,2,0,0,0,1,2,1,2
65,9511.021,-2951.691,355.686,41.590,0.745134,-0.663545,0.066959,0.663725,0.747631,0.022747,-0.065154,0.027493,0.997496,1,0.00000,0.00000,60.000,-1.411,-1,425.000,-1,425.000,-1,350.000,350.000,325.000,300.000,650.000,600.000,750.000,-1,925.000,950.000,-1,-1,2,0,2,0,2,0,0,0,0,1,1,1,2,0,0,2,2
66,9514.597,-2948.490,355.349,41.830,0.742321,-0.666665,0.067209,0.666851,0.744839,0.022919,-0.065339,0.027805,0.997476,0,0.08000,0.12000,4.800,0.240,-1,425.000,-1,425.000,-1,350.000,350.000,325.000,300.000,650.000,600.000,775.000,-1,925.000,950.000,-1,-1,2,0,2,0,2,0,0,0,0,1,1,1,2,0,0,2,2
67,9521.697,-2942.028,354.677,42.310,0.736656,-0.672870,0.067707,0.673068,0.739214,0.023270,-0.065708,0.028429,0.997434,0,0.16000,0.24000,9.600,0.480,-1,425.000,-1,425.000,-1,350.000,350.000,325.000,300.000,650.000,625.000,800.000,-1,925.000,950.000,-1,-1,2,0,2,0,2,0,0,0,0,1,1,1,2,0,0,2,2
68,9532.223,-2932.201,353.674,43.030,0.728060,-0.682087,0.068453,0.682303,0.730681,0.023818,-0.066263,0.029364,0.997370,0,0.24000,0.36000,14.400,0.720,-1,425.000,-1,425.000,-1,350.000,350.000,325.000,300.000,675.000,650.000,850.000,-1,900.000,950.000,-1,-1,2,0,2,0,2,0,0,0,0,1,1,1,2,0,0,2,2
69,9546.036,-2918.866,352.319,43.990,0.716428,-0.694210,0.069302,0.694444,0.719126,0.024606,-0.066919,0.030498,0.997292,0,0.32000,0.48000,19.200,0.960,-1,425.000,-1,425.000,-1,350.000,350.000,325.000,300.000,675.000,700.000,950.000,-1,900.000,950.000,-1,-1,2,0,2,0,2,0,0,0,0,1,1,1,2,0,0,2,2
70,9563.022,-2901.910,350.618,44.949,0.704598,-0.706123,0.070219,0.706359,0.707388,0.025682,-0.067807,0.031505,0.997201,0,0.40000,0.47937,24.000,0.959,-1,425.000,-1,425.000,-1,350.000,350.000,325.000,300.000,700.000,750.000,-1,-1,900.000,925.000,-1,-1,2,0,2,0,2,0,0,0,0,1,1,2,2,0,0,2,2
71,9583.067,-2881.230,348.493,45.893,0.692743,-0.717653,0.071286,0.717903,0.695632,0.026656,-0.068719,0.032711,0.997100,0,0.48000,0.47195,28.800,0.944,-1,425.000,-1,425.000,-1,350.000,350.000,325.000,300.000,725.000,825.000,-1,-1,875.000,925.000,-1,-1,2,0,2,0,2,0,0,0,0,1,1,2,2,0,0,2,2
72,9606.060,-2856.729,346.007,46.819,0.680908,-0.728774,0.072474,0.729031,0.683915,0.027831,-0.069849,0.033886,0.996982,0,0.56000,0.46307,33.600,0.926,-1,425.000,-1,425.000,-1,350.000,350.000,300.000,300.000,750.000,925.000,-1,-1,875.000,925.000,-1,-1,2,0,2,0,2,0,0,0,0,1,1,2,2,0,0,2,2
73,9631.891,-2828.316,343.160,47.724,0.669143,-0.739462,0.073782,0.739713,0.672287,0.029229,-0.071216,0.035019,0.996846,0,0.64000,0.45271,38.400,0.905,-1,425.000,-1,425.000,-1,325.000,325.000,300.000,300.000,800.000,-1,-1,-1,875.000,925.000,-1,-1,2,0,2,0,2,0,0,0,0,1,2,2,2,0,0,2,2
74,9660.457,-2795.908,339.948,48.606,0.657501,-0.749690,0.075212,0.749925,0.660803,0.030851,-0.072829,0.036119,0.996690,0,0.72000,0.44086,43.200,0.882,-1,425.000,-1,425.000,-1,325.000,325.000,300.000,300.000,850.000,-1,-1,-1,850.000,925.000,-1,-1,2,0,2,0,2,0,0,0,0,1,2,2,2,0,0,2,2
75,9691.310,-2759.833,336.404,49.461,0.646038,-0.759437,0.076752,0.759645,0.649517,0.032677,-0.074668,0.037194,0.996515,0,0.79114,0.42748,47.469,0.855,-1,425.000,-1,425.000,-1,325.000,325.000,300.000,300.000,900.000,-1,-1,-1,850.000,900.000,-1,-1,2,0,2,0,2,0,0,0,0,1,2,2,2,0,0,2,2
76,9721.901,-2723.003,332.815,50.286,0.634819,-0.768683,0.078297,0.768859,0.638484,0.034549,-0.076549,0.038267,0.996331,0,0.79797,0.41269,47.878,0.825,-1,400.000,-1,425.000,-1,325.000,325.000,300.000,300.000,950.000,-1,-1,-1,825.000,900.000,-1,-1,2,0,2,0,2,0,0,0,0,1,2,2,2,0,0,2,2
77,9752.245,-2685.422,329.107,51.082,0.623868,-0.777449,0.079765,0.777557,0.627733,0.036834,-0.078708,0.039042,0.996133,0,0.80501,0.39768,48.301,0.795,-1,400.000,-1,425.000,-1,325.000,325.000,300.000,300.000,1000.000,-1,-1,-1,825.000,875.000,-1,-1,2,0,2,0,2,0,0,0,0,1,2,2,2,0,0,2,2
78,9782.353,-2647.097,325.326,51.847,0.613192,-0.785732,0.081369,0.785772,0.617277,0.039140,-0.080981,0.039937,0.995915,0,0.81228,0.38244,48.737,0.765,-1,400.000,-1,425.000,-1,325.000,325.000,300.000,300.000,-1,-1,-1,-1,800.000,875.000,-1,-1,2,0,2,0,2,0,0,0,0,2,2,2,2,0,0,2,2
79,9812.241,-2608.033,321.453,52.580,0.602799,-0.793536,0.083269,0.793520,0.607133,0.041413,-0.083418,0.041112,0.995666,0,0.81977,0.36696,49.186,0.734,-1,400.000,-1,400.000,-1,325.000,325.000,300.000,300.000,-1,-1,-1,-1,775.000,850.000,-1,-1,2,0,2,0,2,0,0,0,0,2,2,2,2,0,0,2,2
80,9841.924,-2568.234,317.551,53.283,0.592739,-0.800879,0.085164,0.800808,0.597328,0.043651,-0.085830,0.042326,0.995410,0,0.82748,0.35124,49.649,0.702,-1,400.000,-1,400.000,-1,325.000,325.000,300.000,300.000,-1,-1,-1,-1,750.000,850.000,-1,-1,2,0,2,0,2,0,0,0,0,2,2,2,2,0,0,2,2
81,9871.420,-2527.705,313.456,53.954,0.583031,-0.807750,0.087262,0.807699,0.587867,0.045110,-0.087737,0.044181,0.995163,0,0.83543,0.33527,50.126,0.671,-1,400.000,-1,400.000,-1,325.000,325.000,300.000,300.000,-1,-1,-1,-1,750.000,825.000,-1,-1,2,0,2,0,2,0,0,0,0,2,2,2,2,0,0,2,2
82,9900.747,-2486.449,309.172,54.592,0.573694,-0.814155,0.089590,0.814203,0.578770,0.045823,-0.089159,0.046656,0.994924,0,0.84361,0.31905,50.617,0.638,-1,400.000,-1,400.000,-1,325.000,325.000,300.000,300.000,-1,-1,-1,-1,725.000,825.000,-1,-1,2,0,2,0,2,0,0,0,0,2,2,2,2,0,0,2,2
83,9929.925,-2444.471,304.736,55.197,0.564815,-0.820141,0.091396,0.820274,0.570082,0.046436,-0.090187,0.048742,0.994731,0,0.85205,0.30256,51.123,0.605,-1,375.000,-1,400.000,1000.000,325.000,325.000,300.000,300.000,-1,-1,-1,-1,725.000,800.000,-1,1000.000,2,0,2,0,1,0,0,0,0,2,2,2,2,0,0,2,1
84,9961.534,-2398.338,299.792,55.582,0.559131,-0.823904,0.092491,0.824085,0.564521,0.046913,-0.090865,0.049990,0.994608,0,0.93205,0.19260,55.923,0.385,-1,375.000,-1,400.000,925.000,325.000,325.000,300.000,300.000,-1,-1,-1,-1,700.000,800.000,-1,950.000,2,0,2,0,1,0,0,0,0,2,2,2,2,0,1,2,1
85,9993.948,-2350.399,294.703,55.935,0.553909,-0.827318,0.093431,0.827549,0.559401,0.047253,-0.091358,0.051145,0.994504,0,0.96447,0.17651,57.868,0.353,-1,375.000,-1,400.000,850.000,325.000,325.000,300.000,300.000,-1,-1,-1,-1,700.000,775.000,-1,900.000,2,0,2,0,1,0,0,0,0,2,2,2,2,0,1,2,1
86,10026.449,-2301.749,289.539,56.254,0.549165,-0.830367,0.094387,0.830661,0.554753,0.047452,-0.091764,0.052345,0.994404,0,0.97514,0.15945,58.508,0.319,-1,375.000,-1,400.000,800.000,325.000,325.000,300.000,300.000,-1,-1,-1,-1,700.000,750.000,-1,850.000,2,0,2,0,1,0,0,0,0,2,2,2,2,0,1,2,1
87,10059.064,-2252.403,284.299,56.537,0.544921,-0.833047,0.095363,0.833416,0.550600,0.047505,-0.092081,0.053590,0.994308,0,0.98582,0.14177,59.149,0.284,-1,375.000,-1,400.000,750.000,325.000,325.000,300.000,300.000,-1,-1,-1,-1,675.000,725.000,-1,800.000,2,0,2,0,1,0,0,0,0,2,2,2,2,0,1,2,1
88,10091.816,-2202.382,278.981,56.784,0.541203,-0.835353,0.096361,0.835810,0.546968,0.047406,-0.092307,0.054883,0.994217,0,0.99650,0.12343,59.790,0.247,-1,375.000,-1,400.000,675.000,325.000,325.000,325.000,300.000,-1,-1,-1,-1,675.000,700.000,-1,750.000,2,0,2,0,1,0,0,0,0,2,2,2,2,0,1,2,1
89,10124.499,-2152.066,273.566,56.993,0.538069,-0.837289,0.097097,0.837835,0.543885,0.047127,-0.092268,0.055993,0.994159,0,1.00000,0.10443,60.000,0.209,-1,375.000,-1,400.000,625.000,325.000,325.000,325.000,300.000,-1,-1,-1,-1,675.000,675.000,-1,700.000,2,0,2,0,1,0,0,0,0,2,2,2,2,0,1,2,1
90,10157.034,-2101.652,268.012,57.163,0.535535,-0.838839,0.097730,0.839509,0.541364,0.046359,-0.091795,0.057218,0.994133,0,1.00000,0.08488,60.000,0.170,-1,375.000,-1,400.000,575.000,325.000,325.000,325.000,300.000,-1,-1,-1,-1,675.000,650.000,-1,675.000,2,0,2,0,1,0,0,0,0,2,2,2,2,0,1,2,1
91,10189.454,-2051.166,262.501,57.293,0.533575,-0.839976,0.098679,0.840840,0.539410,0.045004,-0.091030,0.058960,0.994101,0,1.00000,0.06483,60.000,0.130,-1,375.000,-1,400.000,550.000,325.000,325.000,325.000,300.000,-1,-1,-1,-1,675.000,625.000,1000.000,650.000,2,0,2,0,1,0,0,0,0,2,2,2,2,0,1,1,1
92,10221.795,-2000.628,257.334,57.381,0.532211,-0.840645,0.100341,0.841899,0.538006,0.041902,-0.089209,0.062176,0.994070,0,1.00000,0.04427,60.000,0.089,-1,375.000,-1,400.000,500.000,325.000,325.000,325.000,300.000,-1,-1,-1,-1,675.000,625.000,950.000,600.000,2,0,2,0,1,0,0,0,0,2,2,2,2,0,1,1,1
93,10254.079,-1950.055,251.959,57.446,0.531184,-0.841120,0.101786,0.842662,0.536971,0.039782,-0.088118,0.064640,0.994011,0,1.00000,0.03240,60.000,0.065,-1,375.000,-1,400.000,450.000,325.000,325.000,325.000,300.000,-1,-1,-1,-1,675.000,600.000,900.000,575.000,2,0,2,0,1,0,0,0,0,2,2,2,2,0,1,1,1
94,10286.321,-1899.454,246.569,57.494,0.530389,-0.841432,0.103339,0.843266,0.536173,0.037681,-0.087114,0.067157,0.993932,0,1.00000,0.02412,60.000,0.048,-1,375.000,-1,400.000,400.000,300.000,325.000,325.000,300.000,-1,-1,-1,-1,675.000,600.000,850.000,550.000,2,0,2,0,1,0,0,0,0,2,2,2,2,1,1,1,1
95,10316.139,-1853.001,241.657,57.302,0.533122,-0.839536,0.104690,0.841579,0.538924,0.036125,-0.086748,0.068845,0.993849,0,0.92000,-0.09588,55.200,-0.192,-1,375.000,-1,400.000,375.000,300.000,325.000,325.000,300.000,-1,-1,-1,-1,650.000,600.000,800.000,500.000,2,0,2,1,1,0,0,0,0,2,2,2,2,1,1,1,1
96,10343.953,-1810.382,237.095,56.871,0.539362,-0.835386,0.105924,0.837590,0.545192,0.034757,-0.086785,0.069974,0.993767,0,0.84819,-0.21588,50.892,-0.432,950.000,375.000,-1,375.000,350.000,300.000,325.000,325.000,300.000,-1,-1,-1,-1,625.000,575.000,750.000,475.000,1,0,2,1,1,0,0,0,0,2,2,2,2,1,1,1,1
97,10372.284,-1768.063,232.523,56.199,0.549078,-0.828903,0.106925,0.831229,0.554927,0.033394,-0.087016,0.070543,0.993706,0,0.84877,-0.33588,50.926,-0.672,850.000,375.000,-1,350.000,300.000,300.000,325.000,325.000,300.000,-1,-1,-1,-1,600.000,575.000,700.000,425.000,1,0,2,1,1,0,0,0,1,2,2,2,2,1,1,1,1
98,10401.304,-1726.173,228.140,55.287,0.562313,-0.820014,0.106680,0.822353,0.568078,0.031983,-0.086829,0.069744,0.993779,0,0.84934,-0.45588,50.960,-0.912,750.000,375.000,-1,350.000,275.000,325.000,325.000,300.000,300.000,-1,-1,-1,-1,575.000,575.000,675.000,400.000,1,0,2,1,1,0,0,0,1,2,2,2,2,1,1,1,1
99,10431.183,-1684.845,223.653,54.135,0.578789,-0.808494,0.106495,0.810820,0.584492,0.030660,-0.087034,0.068603,0.993840,0,0.84994,-0.57588,50.997,-1.152,675.000,375.000,-1,350.000,250.000,325.000,325.000,300.000,275.000,-1,-1,-1,-1,550.000,600.000,625.000,350.000,1,0,2,1,1,0,1,0,1,2,2,2,2,1,1,1,1
100,10462.085,-1644.226,221.617,52.744,0.599747,-0.794614,0.094293,0.796162,0.604379,0.029186,-0.080181,0.057568,0.995117,0,0.85064,-0.69588,51.039,-1.392,625.000,400.000,-1,350.000,250.000,325.000,325.000,300.000,275.000,-1,850.000,650.000,-1,550.000,850.000,575.000,425.000,1,1,2,1,1,0,1,0,1,2,0,0,2,1,1,1,1
101,10494.161,-1604.464,219.509,51.112,0.623470,-0.777551,0.081852,0.778385,0.627140,0.028514,-0.073503,0.045935,0.996237,0,0.85148,-0.81588,51.089,-1.632,575.000,400.000,-1,375.000,275.000,350.000,325.000,275.000,275.000,-1,450.000,425.000,-1,525.000,900.000,550.000,-1,1,1,2,1,1,1,1,0,1,2,0,0,2,1,1,1,2
102,10527.404,-1565.591,217.128,49.467,0.646568,-0.759563,0.070817,0.759845,0.649474,0.028597,-0.067715,0.035319,0.997079,0,0.85250,-0.82219,51.150,-1.644,500.000,400.000,-1,375.000,300.000,350.000,350.000,275.000,275.000,-1,300.000,325.000,-1,525.000,875.000,525.000,-1,1,1,2,1,1,1,1,0,1,2,0,0,2,1,1,1,2
103,10561.784,-1527.663,214.793,47.811,0.668932,-0.740665,0.062805,0.740580,0.671333,0.029222,-0.063807,0.026965,0.997598,0,0.85319,-0.82818,51.192,-1.656,475.000,375.000,-1,400.000,300.000,375.000,350.000,275.000,275.000,-1,275.000,325.000,-1,525.000,875.000,475.000,-1,1,1,2,1,1,1,1,0,1,2,0,0,2,1,1,1,2
104,10597.267,-1490.738,212.045,46.142,0.690789,-0.720931,0.055394,0.720540,0.692748,0.030360,-0.060261,0.018941,0.998003,0,0.85351,-0.83449,51.211,-1.669,425.000,375.000,-1,425.000,325.000,375.000,375.000,275.000,275.000,-1,225.000,300.000,-1,525.000,850.000,450.000,-1,1,1,2,1,1,1,1,0,1,2,0,0,2,1,1,1,2
105,10633.814,-1454.874,208.819,44.460,0.712157,-0.700367,0.048147,0.699719,0.713700,0.032022,-0.056790,0.010885,0.998327,0,0.85342,-0.84115,51.205,-1.682,375.000,375.000,-1,450.000,350.000,375.000,400.000,275.000,250.000,-1,225.000,300.000,-1,525.000,825.000,400.000,-1,1,1,2,1,1,1,1,0,1,2,0,0,2,1,1,1,2
106,10671.382,-1420.130,205.281,42.763,0.732977,-0.678969,0.041779,0.678121,0.734159,0.034093,-0.053821,0.003341,0.998545,0,0.85285,-0.84817,51.171,-1.696,325.000,375.000,-1,475.000,375.000,375.000,425.000,250.000,250.000,-1,200.000,300.000,-1,525.000,800.000,375.000,975.000,1,1,2,1,1,1,1,0,1,2,0,0,2,1,1,1,1
107,10709.921,-1386.566,202.378,41.052,0.753229,-0.656748,0.036443,0.655986,0.754110,0.031628,-0.048254,0.000083,0.998835,0,0.85178,-0.85558,51.107,-1.711,300.000,375.000,-1,525.000,400.000,375.000,450.000,275.000,225.000,-1,200.000,275.000,-1,525.000,775.000,375.000,925.000,1,1,2,1,1,1,1,1,1,2,0,0,2,1,1,1,1
108,10749.379,-1354.241,200.440,39.326,0.772912,-0.633724,0.031655,0.633312,0.773556,0.022952,-0.039032,0.002307,0.999235,0,0.85015,-0.86340,51.009,-1.727,300.000,375.000,-1,550.000,550.000,400.000,475.000,275.000,200.000,-1,175.000,250.000,-1,550.000,775.000,400.000,900.000,1,1,2,1,1,1,1,1,1,2,0,0,2,1,1,1,1
109,10789.695,-1323.214,198.055,37.582,0.792027,-0.609895,0.026875,0.609707,0.792472,0.015637,-0.030834,0.004001,0.999517,0,0.84790,-0.87164,50.874,-1.743,325.000,400.000,-1,525.000,575.000,400.000,475.000,275.000,175.000,-1,125.000,225.000,-1,575.000,750.000,450.000,875.000,1,1,2,1,1,1,1,1,1,2,0,0,2,1,1,1,1
110,10830.804,-1293.541,195.312,35.822,0.810548,-0.585255,0.022089,0.585204,0.810832,0.009385,-0.023403,0.005319,0.999712,0,0.84500,-0.88030,50.700,-1.761,325.000,400.000,-1,525.000,575.000,425.000,500.000,250.000,175.000,-1,125.000,200.000,-1,600.000,725.000,500.000,850.000,1,1,2,1,1,1,1,1,1,2,0,0,2,1,1,1,1
111,10872.636,-1265.280,192.245,34.043,0.828447,-0.559802,0.017263,0.559820,0.828604,0.004226,-0.016670,0.006163,0.999842,0,0.84141,-0.88939,50.484,-1.779,350.000,425.000,-1,500.000,550.000,425.000,475.000,250.000,150.000,1000.000,100.000,175.000,-1,650.000,700.000,550.000,800.000,1,1,2,1,1,1,1,1,1,0,0,0,2,1,1,1,1
112,10915.115,-1238.482,189.094,32.245,0.845687,-0.533533,0.012465,0.533562,0.845760,0.001155,-0.011159,0.005674,0.999922,0,0.83709,-0.89889,50.225,-1.798,375.000,425.000,-1,475.000,525.000,450.000,450.000,225.000,150.000,925.000,100.000,150.000,-1,700.000,675.000,625.000,750.000,1,1,2,1,1,1,1,1,1,0,0,0,2,1,1,1,1
113,-8855.083,2951.740,-93.783,-2.011,0.999195,0.034969,0.019647,-0.036451,0.996050,0.080964,-0.016738,-0.081615,0.996523,1,0.00000,0.00000,49.922,-1.818,-1,525.000,-1,600.000,-1,425.000,450.000,150.000,250.000,-1,-1,-1,525.000,-1,-1,-1,-1,2,0,2,0,2,0,0,0,0,2,2,2,1,2,2,2,2
114,-2951.697,-5575.430,476.720,-161.905,-0.949322,0.310531,0.048552,-0.308984,-0.950353,0.036843,0.057582,0.019974,0.998141,1,0.00000,0.00000,4.800,-0.168,-1,475.000,-1,300.000,-1,325.000,275.000,325.000,350.000,-1,0.000,175.000,-1,-1,-1,-1,-1,2,1,2,1,2,1,1,0,1,2,0,0,2,2,2,2,2
115,-2956.254,-5576.940,476.927,-161.665,-0.947957,0.314514,0.049582,-0.312966,-0.949059,0.036598,0.058566,0.019176,0.998099,0,0.08000,0.12000,4.800,0.240,-1,475.000,-1,300.000,-1,325.000,275.000,325.000,350.000,-1,0.000,175.000,-1,-1,-1,-1,-1,2,1,2,1,2,1,1,0,1,2,0,0,2,2,2,2,2
116,-2965.341,-5580.036,477.338,-161.185,-0.945173,0.322464,0.051631,-0.320916,-0.946419,0.036113,0.060510,0.017563,0.998013,0,0.16000,0.24000,9.600,0.480,-1,500.000,-1,300.000,-1,325.000,275.000,325.000,350.000,-1,0.000,175.000,-1,-1,-1,-1,-1,2,1,2,1,2,1,1,0,1,2,0,0,2,2,2,2,2
117,-2978.913,-5584.850,477.950,-160.465,-0.940863,0.334344,0.054682,-0.332808,-0.942330,0.035401,0.063365,0.015109,0.997876,0,0.24000,0.36000,14.400,0.720,-1,525.000,-1,300.000,-1,350.000,275.000,325.000,350.000,1000.000,0.000,175.000,-1,-1,-1,-1,-1,2,1,2,1,2,1,1,0,1,0,0,0,2,2,2,2,2
118,-2995.978,-5591.228,478.710,-159.505,-0.934882,0.350101,0.058520,-0.348594,-0.936636,0.034562,0.066912,0.011911,0.997688,0,0.30363,0.48000,18.218,0.960,-1,575.000,-1,325.000,-1,350.000,300.000,325.000,350.000,900.000,0.000,175.000,-1,-1,-1,-1,-1,2,1,2,1,2,1,1,0,1,0,0,0,2,2,2,2,2
119,-3012.907,-5597.962,479.443,-158.305,-0.927072,0.369652,0.062409,-0.368189,-0.929131,0.033940,0.070532,0.008486,0.997473,0,0.30364,0.60000,18.219,1.200,-1,625.000,-1,700.000,-1,350.000,300.000,325.000,325.000,850.000,0.000,175.000,-1,-1,-1,-1,-1,2,1,2,1,2,1,1,0,1,0,0,0,2,2,2,2,2
120,-3029.588,-5605.054,480.151,-156.966,-0.917883,0.391278,0.066282,-0.389871,-0.920259,0.033518,0.074112,0.004924,0.997238,0,0.30209,0.66967,18.125,1.339,-1,650.000,-1,925.000,-1,375.000,325.000,300.000,325.000,775.000,0.000,175.000,-1,-1,-1,-1,-1,2,1,2,1,2,1,1,0,1,0,0,0,2,2,2,2,2
121,-3045.937,-5612.445,480.840,-155.672,-0.908509,0.411953,0.070044,-0.410618,-0.911204,0.033162,0.077486,0.001366,0.996993,0,0.29902,0.64664,17.941,1.293,-1,675.000,-1,975.000,-1,400.000,375.000,300.000,325.000,725.000,0.000,175.000,-1,-1,-1,-1,-1,2,0,2,0,2,1,1,0,1,0,0,0,2,2,2,2,2
122,-3061.902,-5620.084,481.509,-154.426,-0.899017,0.431670,0.073686,-0.430423,-0.902029,0.032860,0.080651,-0.002175,0.996740,0,0.29497,0.62301,17.698,1.246,-1,675.000,-1,1000.000,-1,450.000,450.000,300.000,325.000,675.000,0.000,175.000,-1,-1,-1,-1,-1,2,0,2,0,2,1,1,0,1,0,0,0,2,2,2,2,2
123,-3077.433,-5627.919,482.156,-153.229,-0.889472,0.450423,0.077199,-0.449277,-0.892797,0.032602,0.083608,-0.005685,0.996483,0,0.28990,0.59883,17.394,1.198,-1,700.000,-1,-1,-1,475.000,475.000,300.000,300.000,625.000,0.000,175.000,-1,-1,-1,-1,-1,2,0,2,2,2,1,1,0,1,0,0,0,2,2,2,2,2
124,-3092.479,-5635.892,482.780,-152.080,-0.879935,0.468212,0.080575,-0.467181,-0.883569,0.032381,0.086355,-0.009150,0.996222,0,0.28380,0.57416,17.028,1.148,-1,700.000,-1,-1,-1,500.000,525.000,300.000,300.000,600.000,0.000,175.000,-1,-1,-1,-1,-1,2,0,2,2,2,1,1,0,1,0,0,0,2,2,2,2,2
125,-3106.995,-5643.944,482.864,-150.982,-0.870676,0.485053,0.081528,-0.484037,-0.874420,0.033129,0.087359,-0.010618,0.996120,0,0.27666,0.54908,16.599,1.098,-1,725.000,-1,-1,-1,525.000,525.000,300.000,300.000,575.000,0.000,175.000,-1,-1,-1,-1,-1,2,0,2,2,2,1,1,0,1,0,0,0,2,2,2,2,2
126,-3120.937,-5652.015,483.477,-149.935,-0.861685,0.500936,0.081014,-0.500190,-0.865371,0.030722,0.085497,-0.014050,0.996239,0,0.26850,0.52371,16.110,1.047,-1,700.000,-1,-1,-1,525.000,550.000,300.000,275.000,575.000,0.000,225.000,-1,-1,-1,-1,-1,2,0,2,2,2,1,1,0,1,0,0,0,2,2,2,2,2
127,-7543.219,-8199.154,243.230,-115.061,-0.423754,0.905777,0.000514,-0.905375,-0.423550,-0.030016,-0.026970,-0.013185,0.999549,1,0.00000,0.00000,15.562,0.996,-1,425.000,-1,400.000,-1,325.000,325.000,300.000,300.000,-1,-1,-1,-1,-1,875.000,-1,-1,2,0,2,0,2,0,0,0,0,2,2,2,2,2,0,2,2
128,-7545.263,-8203.497,243.112,-115.198,-0.425923,0.904759,0.000406,-0.904352,-0.425718,-0.030186,-0.027138,-0.013224,0.999544,0,0.08000,-0.06861,4.800,-0.137,-1,425.000,-1,400.000,-1,325.000,325.000,300.000,300.000,-1,-1,-1,-1,-1,875.000,-1,-1,2,0,2,0,2,0,0,0,0,2,2,2,2,2,0,2,2
129,-7549.371,-8212.174,242.868,-115.335,-0.428080,0.903741,0.000192,-0.903322,-0.427875,-0.030526,-0.027505,-0.013241,0.999534,0,0.16000,-0.06835,9.600,-0.137,-1,425.000,-1,400.000,-1,325.000,325.000,300.000,300.000,-1,-1,-1,-1,-1,875.000,-1,-1,2,0,2,0,2,0,0,0,0,2,2,2,2,2,0,2,2
130,-7555.563,-8225.175,242.499,-115.471,-0.430217,0.902725,-0.000130,-0.902289,-0.430014,-0.031032,-0.028070,-0.013233,0.999518,0,0.24000,-0.06784,14.400,-0.136,-1,425.000,-1,400.000,-1,325.000,325.000,300.000,300.000,-1,-1,-1,-1,-1,875.000,-1,-1,2,0,2,0,2,0,0,0,0,2,2,2,2,2,0,2,2
131,-7563.861,-8242.489,242.007,-115.605,-0.432328,0.901716,-0.000563,-0.901256,-0.432127,-0.031703,-0.028831,-0.013199,0.999497,0,0.32000,-0.06708,19.200,-0.134,-1,425.000,-1,400.000,-1,325.000,325.000,300.000,300.000,-1,-1,-1,-1,-1,875.000,-1,-1,2,0,2,0,2,0,0,0,0,2,2,2,2,2,0,2,2
132,-7574.283,-8264.108,241.392,-115.737,-0.434404,0.900718,-0.001107,-0.900226,-0.434207,-0.032536,-0.029786,-0.013138,0.999470,0,0.40000,-0.06611,24.000,-0.132,-1,425.000,-1,400.000,-1,325.000,325.000,325.000,300.000,-1,-1,-1,-1,-1,875.000,-1,-1,2,0,2,0,2,0,0,0,0,2,2,2,2,2,0,2,2
133,-7586.848,-8290.023,240.658,-115.867,-0.436439,0.899732,-0.001764,-0.899202,-0.436248,-0.033527,-0.030935,-0.013046,0.999436,0,0.48000,-0.06494,28.800,-0.130,-1,425.000,-1,400.000,-1,325.000,325.000,325.000,300.000,-1,-1,-1,-1,-1,875.000,-1,-1,2,0,2,0,2,0,0,0,0,2,2,2,2,2,0,2,2
134,-7601.574,-8320.224,239.806,-115.994,-0.438429,0.898762,-0.002537,-0.898186,-0.438245,-0.034673,-0.032275,-0.012923,0.999395,0,0.56000,-0.06361,33.600,-0.127,-1,425.000,-1,400.000,-1,325.000,325.000,325.000,300.000,-1,-1,-1,-1,-1,875.000,-1,-1,2,0,2,0,2,0,0,0,0,2,2,2,2,2,0,2,2
135,-7618.479,-8354.703,238.837,-116.119,-0.440367,0.897811,-0.003429,-0.897181,-0.440196,-0.035972,-0.033805,-0.012765,0.999347,0,0.64000,-0.06216,38.400,-0.124,-1,425.000,-1,400.000,-1,325.000,325.000,325.000,300.000,-1,-1,-1,-1,-1,875.000,-1,-1,2,0,2,0,2,0,0,0,0,2,2,2,2,2,0,2,2
136,-7637.579,-8393.451,237.532,-116.240,-0.442284,0.896869,-0.003303,-0.896200,-0.442091,-0.037170,-0.034797,-0.013479,0.999304,0,0.72000,-0.06063,43.200,-0.121,-1,450.000,-1,400.000,-1,350.000,325.000,325.000,300.000,-1,-1,-1,-1,-1,875.000,-1,-1,2,0,2,0,2,0,0,0,0,2,2,2,2,2,0,2,2
137,-7658.890,-8436.461,235.924,-116.358,-0.444174,0.895937,-0.002481,-0.895229,-0.443930,-0.038621,-0.035704,-0.014933,0.999251,0,0.80000,-0.05907,48.000,-0.118,-1,450.000,-1,400.000,-1,350.000,325.000,325.000,300.000,-1,-1,-1,-1,-1,900.000,-1,-1,2,0,2,0,2,0,0,0,0,2,2,2,2,2,0,2,2
