timestep,x_cm,y_cm,z_cm,yaw_deg,basis_xx,basis_xy,basis_xz,basis_yx,basis_yy,basis_yz,basis_zx,basis_zy,basis_zz,teleport_flag,throttle_cmd,steering_cmd,cmd_move_cm,cmd_turn_deg,lidar_cm_0,lidar_cm_1,lidar_cm_2,lidar_cm_3,lidar_cm_4,lidar_cm_5,lidar_cm_6,lidar_cm_7,lidar_cm_8,lidar_cm_9,lidar_cm_10,lidar_cm_11,lidar_cm_12,lidar_cm_13,lidar_cm_14,lidar_cm_15,lidar_cm_16,lidar_class_0,lidar_class_1,lidar_class_2,lidar_class_3,lidar_class_4,lidar_class_5,lidar_class_6,lidar_class_7,lidar_class_8,lidar_class_9,lidar_class_10,lidar_class_11,lidar_class_12,lidar_class_13,lidar_class_14,lidar_class_15,lidar_class_16
0,3608.145,-9506.237,-283.980,83.601,0.114217,-0.992957,-0.031476,0.990475,0.111365,0.080978,-0.076902,-0.040426,0.996219,1,0.08000,0.12000,4.800,0.240,-1,375.000,-1,375.000,-1,300.000,300.000,325.000,325.000,-1,550.000,500.000,-1,675.000,725.000,-1,-1,2,0,2,0,2,0,0,0,0,2,0,0,2,0,0,2,2
1,3609.136,-9496.689,-284.721,84.081,0.105852,-0.993886,-0.031396,0.991414,0.103046,0.080500,-0.076773,-0.039647,0.996260,0,0.16000,0.24000,9.600,0.480,-1,375.000,-1,375.000,-1,300.000,300.000,325.000,325.000,-1,550.000,500.000,-1,675.000,725.000,-1,-1,2,0,2,0,2,0,0,0,0,2,0,0,2,0,0,2,2
2,3610.441,-9482.348,-285.841,84.801,0.093289,-0.995148,-0.031259,0.992691,0.090552,0.079776,-0.076559,-0.038472,0.996323,0,0.24000,0.36000,14.400,0.720,-1,375.000,-1,375.000,-1,300.000,300.000,325.000,325.000,-1,525.000,500.000,-1,675.000,725.000,-1,-1,2,0,2,0,2,0,0,0,0,2,0,0,2,0,0,2,2
3,3611.861,-9463.201,-287.350,85.761,0.076513,-0.996585,-0.031045,0.994150,0.073871,0.078799,-0.076237,-0.036893,0.996407,0,0.32000,0.48000,19.200,0.960,-1,375.000,-1,375.000,-1,300.000,300.000,325.000,325.000,-1,525.000,475.000,-1,675.000,725.000,-1,-1,2,0,2,0,2,0,0,0,0,2,0,0,2,0,0,2,2
4,3613.135,-9439.236,-289.259,86.961,0.055510,-0.997985,-0.030730,0.995579,0.052988,0.077561,-0.075777,-0.034899,0.996514,0,0.40000,0.60000,24.000,1.200,-1,375.000,-1,375.000,-1,300.000,325.000,325.000,325.000,-1,525.000,475.000,-1,675.000,725.000,-1,-1,2,0,2,0,2,0,0,0,0,2,0,0,2,0,0,2,2
5,3613.940,-9410.447,-291.579,88.401,0.030271,-0.999083,-0.030281,0.996713,0.027894,0.076054,-0.075139,-0.032484,0.996644,0,0.48000,0.72000,28.800,1.440,-1,375.000,-1,375.000,-1,300.000,325.000,325.000,325.000,-1,500.000,450.000,-1,675.000,725.000,-1,-1,2,0,2,0,2,0,0,0,0,2,0,0,2,0,0,2,2
6,3613.894,-9376.848,-294.322,90.081,0.000797,-0.999560,-0.029662,0.997237,-0.001409,0.074271,-0.074280,-0.029639,0.996797,0,0.56000,0.84000,33.600,1.680,-1,375.000,-1,375.000,-1,300.000,325.000,325.000,325.000,-1,500.000,425.000,-1,700.000,750.000,-1,-1,2,0,2,0,2,0,0,0,0,2,0,0,2,0,0,2,2
7,3612.555,-9338.472,-297.499,92.001,-0.032891,-0.999043,-0.028833,0.996779,-0.034901,0.072211,-0.073148,-0.026365,0.996973,0,0.64000,0.96000,38.400,1.920,-1,375.000,-1,375.000,-1,300.000,325.000,325.000,325.000,-1,450.000,375.000,-1,700.000,750.000,-1,-1,2,0,2,0,2,0,0,0,0,2,0,0,2,0,0,2,2
8,3609.543,-9295.378,-301.116,94.001,-0.067955,-0.997302,-0.027773,0.995114,-0.069751,0.069874,-0.071623,-0.022889,0.997169,0,0.72000,1.00000,43.200,2.000,-1,375.000,-1,375.000,-1,300.000,325.000,300.000,300.000,-1,400.000,350.000,-1,700.000,750.000,-1,-1,2,0,2,0,2,0,0,0,0,2,0,0,2,0,0,2,2
9,3604.531,-9247.641,-305.172,95.995,-0.102842,-0.994345,-0.026473,0.992256,-0.104416,0.067270,-0.069654,-0.019350,0.997384,0,0.80000,0.99696,48.000,1.994,-1,375.000,-1,375.000,-1,300.000,325.000,300.000,300.000,-1,350.000,300.000,-1,725.000,750.000,-1,-1,2,0,2,0,2,0,0,0,0,2,0,0,2,0,0,2,2
10,3597.211,-9195.351,-309.334,97.970,-0.137181,-0.990199,-0.026235,0.988204,-0.138629,0.065070,-0.068069,-0.016999,0.997536,0,0.88000,0.98749,52.800,1.975,-1,375.000,-1,400.000,-1,325.000,325.000,300.000,300.000,-1,325.000,300.000,-1,725.000,750.000,-1,-1,2,0,2,0,2,0,0,0,0,2,0,0,2,0,0,2,2
11,3587.525,-9139.977,-313.363,99.922,-0.170885,-0.984921,-0.027001,0.983004,-0.172290,0.063390,-0.067086,-0.015710,0.997624,0,0.93691,0.97629,56.215,1.953,-1,375.000,-1,400.000,-1,325.000,325.000,300.000,325.000,-1,350.000,325.000,-1,725.000,775.000,-1,-1,2,0,2,0,2,0,0,0,0,2,0,0,2,0,0,2,2
12,3575.907,-9084.598,-317.075,101.849,-0.204028,-0.978607,-0.026478,0.976680,-0.205324,0.062750,-0.066844,-0.013057,0.997678,0,0.94308,0.96362,56.585,1.927,-1,375.000,-1,400.000,-1,325.000,325.000,300.000,325.000,-1,400.000,375.000,-1,725.000,775.000,-1,-1,2,0,2,0,2,0,0,0,0,2,0,0,2,0,0,2,2
13,3562.391,-9029.359,-320.795,103.750,-0.236486,-0.971290,-0.025896,0.969362,-0.237671,0.062040,-0.066414,-0.010431,0.997738,0,0.94782,0.95021,56.869,1.900,-1,375.000,-1,375.000,-1,325.000,325.000,300.000,325.000,-1,425.000,425.000,-1,725.000,800.000,-1,-1,2,0,2,0,2,0,0,0,0,2,0,0,2,0,0,2,2
14,3547.024,-8974.401,-324.519,105.622,-0.268210,-0.963028,-0.025322,0.961108,-0.269286,0.061294,-0.065846,-0.007898,0.997799,0,0.95110,0.93621,57.066,1.872,-1,375.000,-1,400.000,-1,325.000,325.000,300.000,325.000,-1,475.000,475.000,-1,725.000,800.000,-1,-1,2,0,2,0,2,0,0,0,0,2,0,0,2,0,0,2,2
15,3529.864,-8919.862,-328.233,107.466,-0.299161,-0.953881,-0.024763,0.951976,-0.300134,0.060510,-0.065151,-0.005471,0.997860,0,0.95293,0.92182,57.176,1.844,-1,375.000,-1,400.000,-1,325.000,325.000,300.000,325.000,-1,500.000,500.000,-1,750.000,800.000,-1,-1,2,0,2,0,2,0,0,0,0,2,0,0,2,0,0,2,2
16,3510.977,-8865.870,-331.925,109.280,-0.329316,-0.943909,-0.024225,0.942025,-0.330191,0.059688,-0.064339,-0.003164,0.997923,0,0.95332,0.90726,57.199,1.815,-1,375.000,-1,400.000,-1,325.000,325.000,300.000,325.000,-1,550.000,550.000,-1,750.000,825.000,-1,-1,2,0,2,0,2,0,0,0,0,2,0,0,2,0,0,2,2
17,3490.438,-8812.547,-335.597,111.066,-0.358663,-0.933167,-0.023676,0.931307,-0.359442,0.058893,-0.063467,-0.000927,0.997983,0,0.95237,0.89274,57.142,1.785,-1,375.000,-1,400.000,-1,325.000,325.000,300.000,325.000,-1,575.000,600.000,-1,750.000,825.000,-1,-1,2,0,2,0,2,0,0,0,0,2,0,0,2,0,0,2,2
18,3468.325,-8760.001,-339.308,112.823,-0.387207,-0.921707,-0.022966,0.919854,-0.387885,0.058423,-0.062757,0.001497,0.998028,0,0.95016,0.87851,57.009,1.757,-1,375.000,-1,400.000,-1,325.000,325.000,300.000,325.000,-1,625.000,650.000,-1,775.000,825.000,-1,-1,2,0,2,0,2,0,0,0,0,2,0,0,2,0,0,2,2
19,3444.710,-8708.333,-342.969,114.563,-0.415112,-0.909497,-0.022302,0.907656,-0.415693,0.057958,-0.061983,0.003816,0.998070,0,0.94683,0.87009,56.810,1.740,-1,400.000,-1,400.000,-1,325.000,325.000,325.000,325.000,-1,675.000,700.000,-1,775.000,825.000,-1,-1,2,0,2,0,2,0,0,0,0,2,0,0,2,0,0,2,2
20,3421.859,-8661.612,-346.266,116.063,-0.438852,-0.898294,-0.021820,0.896467,-0.439357,0.057546,-0.061280,0.005693,0.998104,0,0.86683,0.75009,52.010,1.500,-1,400.000,-1,400.000,-1,325.000,325.000,325.000,325.000,-1,700.000,725.000,-1,775.000,825.000,-1,-1,2,0,2,0,2,0,0,0,0,2,0,0,2,0,0,2,2
21,3398.842,-8617.063,-349.360,117.324,-0.458548,-0.888407,-0.021624,0.886593,-0.459003,0.057179,-0.060723,0.007048,0.998130,0,0.83572,0.63009,50.143,1.260,-1,400.000,-1,400.000,-1,325.000,325.000,325.000,325.000,-1,750.000,775.000,-1,775.000,850.000,-1,-1,2,0,2,0,2,0,0,0,0,2,0,0,2,0,0,2,2
22,3375.164,-8573.168,-352.588,118.344,-0.474353,-0.880081,-0.021112,0.878239,-0.474742,0.057590,-0.060707,0.008776,0.998117,0,0.83123,0.51009,49.874,1.020,-1,400.000,-1,400.000,-1,325.000,325.000,325.000,300.000,-1,800.000,825.000,-1,775.000,850.000,-1,-1,2,0,2,0,2,0,0,0,0,2,0,0,2,0,0,2,2
23,3351.018,-8529.830,-355.866,119.124,-0.486356,-0.873521,-0.020475,0.871630,-0.486673,0.058409,-0.060986,0.010560,0.998083,0,0.82685,0.39009,49.611,0.780,-1,400.000,-1,400.000,-1,325.000,325.000,325.000,300.000,-1,850.000,900.000,-1,750.000,825.000,-1,-1,2,0,2,0,2,0,0,0,0,2,0,0,2,0,0,2,2
24,3326.588,-8486.936,-359.164,119.664,-0.494602,-0.868883,-0.020308,0.866941,-0.494880,0.059223,-0.061508,0.011686,0.998038,0,0.82272,0.27009,49.363,0.540,-1,400.000,-1,400.000,-1,325.000,325.000,325.000,300.000,-1,925.000,950.000,-1,750.000,825.000,-1,-1,2,0,2,0,2,0,0,0,0,2,0,0,2,0,0,2,2
25,3302.046,-8444.368,-362.429,119.964,-0.499163,-0.866270,-0.020289,0.864280,-0.499421,0.059986,-0.062097,0.012408,0.997993,0,0.81893,0.15009,49.136,0.300,-1,400.000,-1,400.000,-1,325.000,325.000,325.000,300.000,-1,975.000,-1,-1,750.000,825.000,-1,-1,2,0,2,0,2,0,0,0,0,2,0,2,2,0,0,2,2
26,3277.561,-8401.999,-365.601,120.024,-0.500089,-0.865738,-0.020199,0.863690,-0.500327,0.060927,-0.062854,0.013023,0.997938,0,0.81558,0.03009,48.935,0.060,-1,400.000,-1,400.000,-1,325.000,325.000,325.000,300.000,-1,-1,-1,-1,725.000,825.000,-1,-1,2,0,2,0,2,0,0,0,0,2,2,2,2,0,0,2,2
27,3253.295,-8359.704,-368.728,119.845,-0.497379,-0.867300,-0.020101,0.865196,-0.497606,0.061845,-0.063640,0.013369,0.997883,0,0.81270,-0.08991,48.762,-0.180,-1,400.000,-1,400.000,-1,325.000,325.000,325.000,300.000,-1,-1,-1,-1,725.000,800.000,-1,-1,2,0,2,0,2,0,0,0,0,2,2,2,2,0,0,2,2
28,3229.409,-8317.357,-371.940,119.425,-0.490991,-0.870926,-0.020385,0.868757,-0.491239,0.062809,-0.064716,0.013129,0.997817,0,0.81032,-0.20991,48.619,-0.420,-1,400.000,-1,400.000,-1,325.000,325.000,325.000,300.000,-1,-1,-1,-1,725.000,800.000,-1,-1,2,0,2,0,2,0,0,0,0,2,2,2,2,0,0,2,2
29,3206.066,-8274.835,-375.198,118.765,-0.480912,-0.876529,-0.020498,0.874301,-0.481180,0.063756,-0.065747,0.012740,0.997755,0,0.80845,-0.32991,48.507,-0.660,-1,375.000,-1,400.000,-1,325.000,325.000,325.000,300.000,-1,-1,-1,-1,700.000,800.000,-1,-1,2,0,2,0,2,0,0,0,0,2,2,2,2,0,0,2,2
30,3183.433,-8232.025,-378.413,117.865,-0.467071,-0.883984,-0.020429,0.881697,-0.467358,0.064698,-0.066740,0.012206,0.997696,0,0.80709,-0.44991,48.425,-0.900,-1,375.000,-1,400.000,-1,325.000,325.000,325.000,325.000,-1,-1,-1,-1,700.000,800.000,-1,-1,2,0,2,0,2,0,0,0,0,2,2,2,2,0,0,2,2
31,3161.679,-8188.819,-381.591,116.725,-0.449381,-0.893113,-0.020167,0.890772,-0.449685,0.065645,-0.067697,0.011536,0.997639,0,0.80621,-0.56991,48.373,-1.140,-1,375.000,-1,400.000,-1,325.000,325.000,325.000,325.000,-1,-1,-1,-1,675.000,800.000,-1,-1,2,0,2,0,2,0,0,0,0,2,2,2,2,0,0,2,2
32,3141.616,-8146.463,-384.642,115.346,-0.427733,-0.903690,-0.019708,0.901299,-0.428052,0.066572,-0.068596,0.010712,0.997587,0,0.78114,-0.68991,46.868,-1.380,-1,375.000,-1,400.000,-1,325.000,325.000,325.000,325.000,-1,-1,-1,-1,675.000,800.000,-1,-1,2,0,2,0,2,0,0,0,0,2,2,2,2,0,0,2,2
33,3122.639,-8103.602,-387.665,113.882,-0.404512,-0.914334,-0.019078,0.911892,-0.404841,0.067499,-0.069441,0.009907,0.997537,0,0.78123,-0.73159,46.874,-1.463,-1,375.000,-1,400.000,-1,300.000,325.000,325.000,325.000,-1,-1,-1,-1,675.000,800.000,-1,-1,2,0,2,0,2,0,0,0,0,2,2,2,2,0,0,2,2
34,3104.754,-8060.259,-390.661,112.423,-0.381101,-0.924352,-0.018302,0.921862,-0.381430,0.068419,-0.070224,0.009203,0.997489,0,0.78146,-0.72957,46.888,-1.459,-1,375.000,-1,400.000,-1,300.000,325.000,325.000,325.000,-1,-1,-1,-1,650.000,800.000,-1,-1,2,0,2,0,2,0,0,0,0,2,2,2,2,0,0,2,2
35,3087.970,-8016.464,-393.636,110.968,-0.357515,-0.933745,-0.017404,0.931209,-0.357836,0.069305,-0.070941,0.008571,0.997444,0,0.78169,-0.72755,46.902,-1.455,-1,375.000,-1,400.000,-1,300.000,325.000,325.000,325.000,-1,-1,-1,-1,650.000,800.000,-1,-1,2,0,2,0,2,0,0,0,0,2,2,2,2,0,0,2,2
36,3072.296,-7972.244,-396.728,109.517,-0.333764,-0.942513,-0.016433,0.939965,-0.334077,0.069700,-0.071183,0.007817,0.997433,0,0.78192,-0.72555,46.915,-1.451,-1,375.000,-1,400.000,-1,300.000,325.000,325.000,325.000,-1,-1,-1,-1,650.000,800.000,-1,-1,2,0,2,0,2,0,0,0,0,2,2,2,2,0,0,2,2
37,3057.740,-7927.630,-399.984,108.070,-0.309926,-0.950649,-0.014551,0.948116,-0.310168,0.069792,-0.070861,0.007834,0.997455,0,0.78214,-0.72356,46.929,-1.447,-1,375.000,-1,400.000,-1,300.000,325.000,325.000,325.000,-1,-1,-1,-1,650.000,800.000,-1,-1,2,0,2,0,2,0,0,0,0,2,2,2,2,0,0,2,2
38,3044.309,-7882.651,-403.290,106.627,-0.285975,-0.958157,-0.012413,0.955622,-0.286127,0.070124,-0.070741,0.008191,0.997461,0,0.78236,-0.72158,46.942,-1.443,-1,375.000,-1,400.000,-1,300.000,325.000,325.000,325.000,-1,-1,-1,-1,650.000,800.000,-1,-1,2,0,2,0,2,0,0,0,0,2,2,2,2,0,0,2,2
39,3032.008,-7837.336,-406.576,105.188,-0.261912,-0.965038,-0.010213,0.962504,-0.261970,0.070408,-0.070622,0.008610,0.997466,0,0.78258,-0.71962,46.955,-1.439,1000.000,375.000,-1,400.000,-1,300.000,325.000,325.000,300.000,-1,-1,-1,-1,650.000,800.000,-1,-1,0,0,2,0,2,0,0,0,0,2,2,2,2,0,0,2,2
40,3020.843,-7791.716,-409.947,103.752,-0.237728,-0.971296,-0.008285,0.968793,-0.237714,0.070233,-0.070186,0.008670,0.997496,0,0.78278,-0.71766,46.967,-1.435,975.000,375.000,-1,400.000,-1,325.000,325.000,325.000,300.000,-1,-1,-1,-1,650.000,800.000,-1,-1,0,0,2,0,2,0,0,0,0,2,2,2,2,0,0,2,2
41,3010.818,-7745.818,-413.340,102.321,-0.213453,-0.976932,-0.006456,0.974467,-0.213377,0.069883,-0.069649,0.008626,0.997534,0,0.78299,-0.71572,46.979,-1.431,950.000,375.000,-1,400.000,-1,325.000,325.000,325.000,300.000,-1,-1,-1,-1,650.000,800.000,1000.000,-1,0,0,2,0,2,0,0,0,0,2,2,2,2,0,0,0,2
42,3001.938,-7699.674,-416.699,100.893,-0.189117,-0.981944,-0.004549,0.979513,-0.188972,0.069602,-0.069205,0.008707,0.997564,0,0.78319,-0.71379,46.991,-1.428,925.000,375.000,-1,400.000,-1,325.000,325.000,325.000,300.000,-1,-1,-1,-1,650.000,800.000,1000.000,-1,0,0,2,0,2,0,0,0,0,2,2,2,2,0,0,0,2
43,2994.205,-7653.311,-420.030,99.469,-0.164735,-0.986334,-0.002580,0.983931,-0.164515,0.069385,-0.068861,0.008891,0.997587,0,0.78339,-0.71187,47.003,-1.424,925.000,375.000,-1,400.000,-1,325.000,325.000,300.000,300.000,-1,-1,-1,-1,650.000,800.000,1000.000,-1,0,0,2,0,2,0,0,0,0,2,2,2,2,0,0,0,2
44,2987.622,-7606.759,-423.339,98.050,-0.140322,-0.990106,-0.000563,0.987725,-0.140023,0.069230,-0.068624,0.009158,0.997601,0,0.78358,-0.70996,47.015,-1.420,900.000,375.000,-1,425.000,-1,325.000,325.000,300.000,300.000,-1,-1,-1,-1,650.000,800.000,1000.000,-1,0,0,2,0,2,0,0,0,0,2,2,2,2,0,0,0,2
45,2982.190,-7560.048,-426.632,96.633,-0.115891,-0.993261,0.001487,0.990897,-0.115512,0.069138,-0.068500,0.009486,0.997606,0,0.78377,-0.70805,47.026,-1.416,900.000,375.000,-1,425.000,-1,325.000,325.000,300.000,300.000,-1,-1,-1,-1,650.000,800.000,1000.000,-1,0,0,2,0,2,0,0,0,0,2,2,2,2,0,0,0,2
46,2977.909,-7513.205,-429.916,95.221,-0.091458,-0.995803,0.003554,0.993451,-0.090995,0.069108,-0.068495,0.009851,0.997603,0,0.78396,-0.70616,47.038,-1.412,875.000,375.000,-1,400.000,-1,325.000,325.000,300.000,300.000,-1,-1,-1,-1,650.000,775.000,1000.000,-1,0,0,2,0,2,0,0,0,0,2,2,2,2,0,0,0,2
47,2974.781,-7466.261,-433.197,93.813,-0.067036,-0.997735,0.005623,0.995389,-0.066489,0.069144,-0.068614,0.010233,0.997591,0,0.78414,-0.70428,47.049,-1.409,875.000,375.000,-1,400.000,-1,325.000,325.000,300.000,300.000,-1,-1,-1,-1,650.000,775.000,-1,-1,0,0,2,0,2,0,0,0,0,2,2,2,2,0,0,2,2
48,2972.804,-7419.243,-436.482,92.408,-0.042641,-0.999061,0.007680,0.996715,-0.042008,0.069248,-0.068861,0.010608,0.997570,0,0.78432,-0.70240,47.059,-1.405,875.000,375.000,-1,400.000,-1,325.000,325.000,300.000,300.000,-1,-1,-1,-1,650.000,775.000,-1,-1,0,0,2,0,2,0,0,0,0,2,2,2,2,0,0,2,2
49,2971.978,-7372.180,-439.776,91.007,-0.018285,-0.999786,0.009710,0.997432,-0.017568,0.069426,-0.069240,0.010954,0.997540,0,0.78450,-0.70054,47.070,-1.401,875.000,375.000,-1,400.000,-1,325.000,325.000,300.000,300.000,-1,-1,-1,-1,650.000,775.000,-1,-1,0,0,2,0,2,0,0,0,0,2,2,2,2,0,0,2,2
50,2972.299,-7325.101,-443.086,89.609,0.006017,-0.999913,0.011699,0.997546,0.006818,0.069683,-0.069756,0.011251,0.997501,0,0.78467,-0.69868,47.080,-1.397,850.000,375.000,-1,400.000,-1,325.000,325.000,300.000,300.000,-1,-1,-1,-1,650.000,775.000,-1,-1,0,0,2,0,2,0,0,0,0,2,2,2,2,0,0,2,2
51,2973.765,-7278.033,-446.419,88.216,0.030253,-0.999449,0.013633,0.997059,0.031136,0.070026,-0.070412,0.011474,0.997452,0,0.78484,-0.69683,47.091,-1.394,850.000,375.000,-1,400.000,-1,325.000,325.000,300.000,300.000,-1,-1,-1,-1,650.000,750.000,-1,-1,0,0,2,0,2,0,0,0,0,2,2,2,2,0,0,2,2
52,2975.933,-7235.798,-449.430,87.062,0.050292,-0.998617,0.015333,0.996201,0.051252,0.070405,-0.071093,0.011734,0.997401,0,0.70484,-0.57683,42.291,-1.154,850.000,375.000,-1,400.000,-1,325.000,325.000,300.000,300.000,-1,-1,-1,-1,650.000,750.000,-1,-1,0,0,2,0,2,0,0,0,0,2,2,2,2,0,0,2,2
53,2978.754,-7193.896,-452.328,86.148,0.066092,-0.997660,0.017531,0.995262,0.067168,0.070300,-0.071313,0.012802,0.997372,0,0.69994,-0.45683,41.996,-0.914,850.000,375.000,-1,400.000,-1,325.000,325.000,275.000,300.000,-1,-1,-1,-1,650.000,750.000,-1,-1,0,0,2,0,2,0,0,0,0,2,2,2,2,0,0,2,2
54,2982.115,-7151.436,-455.045,85.475,0.077747,-0.996791,0.019073,0.994472,0.078892,0.069295,-0.070577,0.013580,0.997414,0,0.70988,-0.33683,42.593,-0.674,875.000,375.000,-1,400.000,-1,325.000,325.000,275.000,300.000,-1,-1,-1,-1,650.000,750.000,-1,-1,0,0,2,0,2,0,0,0,0,2,2,2,2,0,0,2,2
55,2985.795,-7109.021,-457.764,85.041,0.085215,-0.996150,0.020557,0.993915,0.086433,0.068288,-0.069802,0.014613,0.997454,0,0.70959,-0.21683,42.575,-0.434,875.000,375.000,-1,400.000,-1,325.000,325.000,275.000,300.000,-1,-1,-1,-1,650.000,750.000,-1,-1,0,0,2,0,2,0,0,0,0,2,2,2,2,0,0,2,2
56,2989.616,-7066.654,-460.485,84.847,0.088503,-0.995833,0.022001,0.993686,0.089798,0.067263,-0.068958,0.015909,0.997493,0,0.70898,-0.09683,42.539,-0.194,900.000,375.000,-1,400.000,-1,325.000,325.000,275.000,300.000,-1,-1,-1,-1,650.000,725.000,-1,-1,0,0,2,0,2,0,0,0,0,2,2,2,2,0,0,2,2
57,2993.397,-7024.337,-463.203,84.894,0.087613,-0.995879,0.023425,0.993830,0.088990,0.066205,-0.068017,0.017480,0.997531,0,0.70808,0.02317,42.485,0.046,900.000,375.000,-1,400.000,-1,325.000,325.000,275.000,300.000,-1,-1,-1,-1,650.000,725.000,-1,-1,0,0,2,0,2,0,0,0,0,2,2,2,2,0,0,2,2
58,2996.960,-6982.074,-465.914,85.180,0.082546,-0.996277,0.024854,0.994336,0.084009,0.065102,-0.066947,0.019339,0.997569,0,0.70689,0.14317,42.414,0.286,900.000,375.000,-1,400.000,-1,325.000,325.000,275.000,300.000,-1,-1,-1,-1,650.000,725.000,-1,-1,0,0,2,0,2,0,0,0,0,2,2,2,2,0,0,2,2
59,3000.129,-6939.867,-468.615,85.706,0.073296,-0.996963,0.026318,0.995143,0.074850,0.063941,-0.065717,0.021503,0.997607,0,0.70544,0.26317,42.326,0.526,925.000,375.000,-1,400.000,-1,325.000,325.000,275.000,300.000,-1,-1,-1,-1,650.000,725.000,-1,-1,0,0,2,0,2,0,0,0,0,2,2,2,2,0,0,2,2
60,3003.422,-6892.856,-471.644,85.993,0.068225,-0.997279,0.027925,0.995587,0.069864,0.062659,-0.064439,0.023527,0.997644,0,0.78544,0.14317,47.126,0.286,925.000,375.000,-1,400.000,-1,325.000,325.000,275.000,300.000,-1,-1,-1,-1,650.000,700.000,-1,-1,0,0,2,0,2,0,0,0,0,2,2,2,2,0,0,2,2
61,3006.706,-6845.419,-474.723,86.039,0.067345,-0.997294,0.029501,0.995723,0.069054,0.061382,-0.063253,0.025241,0.997678,0,0.79250,0.02317,47.550,0.046,925.000,375.000,-1,400.000,-1,325.000,325.000,275.000,300.000,-1,-1,-1,-1,650.000,700.000,-1,-1,0,0,2,0,2,0,0,0,0,2,2,2,2,0,0,2,2
62,3010.146,-6798.055,-477.824,85.845,0.070656,-0.997019,0.030996,0.995559,0.072422,0.060139,-0.062205,0.026610,0.997709,0,0.79148,-0.09683,47.489,-0.194,950.000,375.000,-1,400.000,-1,325.000,325.000,275.000,300.000,-1,-1,-1,-1,650.000,700.000,-1,-1,0,0,2,0,2,0,0,0,0,2,2,2,2,0,0,2,2
63,3014.138,-6748.311,-481.117,85.412,0.078152,-0.996413,0.032455,0.995057,0.079964,0.058880,-0.061264,0.027693,0.997737,0,0.83174,-0.21683,49.905,-0.434,975.000,375.000,-1,400.000,-1,325.000,325.000,275.000,300.000,-1,-1,950.000,-1,650.000,700.000,975.000,-1,0,0,2,0,2,0,0,0,0,2,2,0,2,0,0,1,2
64,3018.752,-6698.209,-484.482,84.738,0.089829,-0.995384,0.033771,0.994117,0.091672,0.057680,-0.060510,0.028391,0.997764,0,0.83857,-0.33683,50.314,-0.674,975.000,375.000,-1,375.000,-1,325.000,325.000,275.000,300.000,-1,-1,875.000,-1,650.000,675.000,950.000,-1,1,0,2,0,2,0,0,0,0,2,2,0,2,0,0,1,2
65,3024.210,-6647.768,-487.929,83.824,0.105672,-0.993788,0.034902,0.992591,0.107531,0.056564,-0.059965,0.028666,0.997789,0,0.84559,-0.45683,50.735,-0.914,925.000,375.000,-1,375.000,-1,325.000,325.000,275.000,300.000,-1,-1,850.000,-1,650.000,675.000,900.000,-1,1,0,2,0,2,0,0,0,0,2,2,0,2,0,0,1,2
66,3030.737,-6597.023,-491.447,82.671,0.125649,-0.991425,0.035912,0.990275,0.127519,0.055630,-0.059732,0.028573,0.997805,0,0.85272,-0.57683,51.163,-1.154,875.000,375.000,-1,375.000,-1,325.000,300.000,275.000,300.000,-1,-1,850.000,-1,650.000,675.000,825.000,-1,1,0,2,0,2,0,0,0,0,2,2,0,2,0,0,1,2
67,3038.561,-6546.028,-494.614,81.277,0.149636,-0.987993,0.038462,0.986958,0.151588,0.054184,-0.059364,0.029853,0.997790,0,0.85986,-0.69683,51.591,-1.394,825.000,375.000,-1,375.000,-1,300.000,300.000,275.000,300.000,-1,-1,875.000,-1,675.000,650.000,775.000,-1,1,0,2,0,2,0,0,0,0,2,2,0,2,1,0,1,2
68,3047.912,-6494.861,-497.481,79.643,0.177727,-0.983275,0.039783,0.982293,0.179694,0.053012,-0.059274,0.029657,0.997801,0,0.86690,-0.81683,52.014,-1.634,775.000,375.000,-1,375.000,1000.000,300.000,300.000,275.000,300.000,-1,-1,-1,-1,625.000,650.000,725.000,-1,1,0,2,0,0,0,0,0,0,2,2,2,2,1,0,1,2
69,3059.482,-6439.238,-500.230,78.250,0.201705,-0.978660,0.039230,0.977719,0.203565,0.051252,-0.058144,0.028018,0.997915,0,0.94690,-0.69683,56.814,-1.394,725.000,375.000,-1,375.000,1000.000,300.000,300.000,275.000,300.000,-1,-1,-1,-1,600.000,650.000,675.000,-1,1,0,2,0,0,0,0,0,0,2,2,2,2,1,0,1,2
70,3072.304,-6383.275,-503.052,77.096,0.221493,-0.974406,0.038382,0.973507,0.223238,0.049491,-0.056792,0.026403,0.998037,0,0.95689,-0.57683,57.413,-1.154,650.000,375.000,-1,375.000,975.000,300.000,300.000,275.000,300.000,-1,-1,975.000,-1,575.000,650.000,625.000,-1,1,0,2,0,0,0,0,0,0,2,2,0,2,1,1,1,2
71,3086.117,-6327.112,-505.933,76.182,0.237134,-0.970762,0.037270,0.969907,0.238757,0.047704,-0.055208,0.024837,0.998166,0,0.96394,-0.45683,57.837,-0.914,600.000,375.000,-1,375.000,975.000,300.000,300.000,275.000,300.000,-1,-1,875.000,-1,525.000,650.000,550.000,-1,1,0,2,0,0,0,0,0,0,2,2,0,2,1,1,1,2
72,3100.694,-6270.711,-508.865,75.509,0.248668,-0.967922,0.035927,0.967117,0.250163,0.045858,-0.053375,0.023342,0.998302,0,0.97091,-0.33683,58.255,-0.674,525.000,375.000,-1,375.000,950.000,300.000,300.000,275.000,300.000,-1,-1,825.000,-1,500.000,650.000,500.000,-1,1,0,2,0,0,0,0,0,0,2,2,0,2,1,0,1,2
73,3115.787,-6214.087,-511.841,75.075,0.256125,-0.966032,0.034388,0.965282,0.257490,0.043918,-0.051281,0.021945,0.998443,0,0.97668,-0.21683,58.601,-0.434,475.000,350.000,-1,375.000,950.000,300.000,300.000,275.000,300.000,-1,925.000,775.000,-1,450.000,650.000,450.000,-1,1,1,2,0,0,0,0,0,0,2,0,0,2,1,0,1,2
74,3131.260,-6157.214,-514.796,74.781,0.261222,-0.964718,0.032895,0.964046,0.262459,0.041609,-0.048774,0.020843,0.998592,0,0.98234,-0.14727,58.941,-0.295,400.000,325.000,-1,375.000,950.000,300.000,300.000,275.000,300.000,-1,775.000,725.000,-1,425.000,650.000,400.000,-1,1,1,2,0,0,1,0,0,0,2,0,0,2,1,0,1,2
75,3147.102,-6100.101,-517.603,74.497,0.266106,-0.963416,0.031881,0.962869,0.267225,0.038380,-0.045496,0.020484,0.998754,0,0.98783,-0.14159,59.270,-0.283,350.000,300.000,-1,375.000,975.000,275.000,300.000,275.000,300.000,-1,700.000,700.000,-1,400.000,650.000,350.000,-1,1,1,2,1,0,1,1,0,0,2,0,0,2,1,0,1,2
76,3163.297,-6042.765,-520.460,74.227,0.270778,-0.962151,0.030725,0.961721,0.271776,0.035069,-0.042092,0.020053,0.998912,0,0.99299,-0.13535,59.579,-0.271,300.000,275.000,-1,350.000,975.000,275.000,300.000,275.000,300.000,-1,625.000,675.000,-1,375.000,650.000,300.000,-1,1,1,2,1,0,1,1,0,0,2,0,0,2,1,0,1,2
77,3179.828,-5985.228,-523.284,73.970,0.275195,-0.960926,0.029818,0.960604,0.276091,0.031838,-0.038826,0.019882,0.999048,0,0.99776,-0.12851,59.866,-0.257,250.000,275.000,-1,350.000,975.000,250.000,275.000,275.000,300.000,-1,575.000,625.000,-1,350.000,650.000,250.000,-1,1,1,2,1,0,1,1,0,0,2,0,0,2,1,0,1,2
78,3196.636,-5927.631,-522.894,73.728,0.279255,-0.959418,0.039161,0.959845,0.280049,0.016410,-0.026711,0.033006,0.999098,0,1.00000,-0.12098,60.000,-0.242,225.000,250.000,-1,375.000,-1,250.000,275.000,300.000,275.000,-1,450.000,375.000,-1,350.000,675.000,225.000,-1,1,1,2,1,2,1,1,0,0,2,0,0,2,1,0,1,2
79,3213.684,-5870.963,-520.839,73.246,0.287780,-0.956219,0.053183,0.957651,0.287866,-0.006207,-0.009374,0.052717,0.998565,0,0.98630,-0.24098,59.178,-0.482,200.000,275.000,-1,425.000,-1,250.000,300.000,350.000,275.000,-1,350.000,250.000,850.000,375.000,725.000,225.000,-1,1,1,2,0,2,1,1,0,0,2,0,0,0,1,0,1,2
80,3231.488,-5814.364,-518.727,72.524,0.300679,-0.951533,0.064633,0.953709,0.299582,-0.026268,0.005632,0.069539,0.997563,0,0.98887,-0.36098,59.332,-0.722,200.000,275.000,-1,450.000,-1,275.000,325.000,375.000,250.000,-1,325.000,200.000,675.000,400.000,775.000,225.000,-1,1,1,2,0,2,1,1,0,0,2,0,0,0,1,0,1,2
81,3250.261,-5758.005,-516.461,71.562,0.317780,-0.945440,0.071825,0.947955,0.315205,-0.045022,0.019926,0.082394,0.996401,0,0.99005,-0.48098,59.403,-0.962,200.000,300.000,-1,475.000,-1,300.000,350.000,400.000,250.000,-1,300.000,175.000,575.000,450.000,800.000,225.000,-1,1,1,2,0,2,1,1,1,0,2,0,0,0,1,1,1,2
82,3270.201,-5702.083,-515.004,70.360,0.338760,-0.937645,0.077873,0.940340,0.334620,-0.061569,0.031672,0.094084,0.995060,0,0.98947,-0.60098,59.368,-1.202,200.000,325.000,-1,475.000,-1,325.000,400.000,375.000,250.000,-1,275.000,125.000,500.000,500.000,800.000,225.000,-1,1,1,2,0,2,1,1,1,0,2,0,0,0,1,1,1,2
83,3291.485,-5646.839,-513.691,68.918,0.363442,-0.928269,0.078911,0.930631,0.357855,-0.076591,0.042858,0.101273,0.993935,0,0.98667,-0.72098,59.200,-1.442,200.000,350.000,-1,500.000,-1,350.000,450.000,350.000,250.000,-1,250.000,75.000,450.000,550.000,825.000,250.000,-1,1,1,2,0,2,1,0,1,0,2,0,0,0,1,1,1,2
84,3314.258,-5592.549,-513.105,67.236,0.391466,-0.916982,0.076798,0.918735,0.384786,-0.088689,0.051775,0.105276,0.993094,0,0.98115,-0.84098,58.869,-1.682,200.000,400.000,-1,525.000,-1,425.000,475.000,300.000,250.000,-1,200.000,75.000,450.000,600.000,875.000,325.000,-1,1,1,2,0,2,1,0,1,0,2,0,0,0,1,1,1,2
85,-6887.294,-4919.499,-60.609,-144.675,-0.813477,0.578178,0.062974,-0.575432,-0.815846,0.057223,0.084462,0.010312,0.996373,1,0.00000,0.00000,58.345,-1.661,-1,425.000,-1,425.000,-1,350.000,350.000,300.000,300.000,-1,-1,-1,-1,1000.000,925.000,-1,-1,2,0,2,0,2,0,0,0,0,2,2,2,2,0,0,2,2
86,-6883.369,-4916.735,-61.003,-144.845,-0.815178,0.575760,0.063124,-0.572996,-0.817550,0.057336,0.084619,0.010569,0.996357,0,-0.08000,-0.08476,-4.800,-0.170,-1,425.000,-1,425.000,-1,350.000,350.000,300.000,300.000,-1,-1,-1,-1,1000.000,925.000,-1,-1,2,0,2,0,2,0,0,0,0,2,2,2,2,0,0,2,2
87,-6875.504,-4911.231,-61.793,-145.013,-0.816852,0.573350,0.063425,-0.570554,-0.819239,0.057582,0.084975,0.010849,0.996324,0,-0.16000,-0.08430,-9.600,-0.169,-1,425.000,-1,425.000,-1,350.000,350.000,300.000,300.000,-1,-1,-1,-1,1000.000,925.000,-1,-1,2,0,2,0,2,0,0,0,0,2,2,2,2,0,0,2,2
88,-6863.682,-4903.009,-62.982,-145.180,-0.818491,0.570958,0.063872,-0.568118,-0.820904,0.057956,0.085523,0.011149,0.996274,0,-0.24000,-0.08350,-14.400,-0.167,-1,425.000,-1,425.000,-1,350.000,350.000,300.000,300.000,-1,-1,-1,-1,1000.000,925.000,-1,-1,2,0,2,0,2,0,0,0,0,2,2,2,2,0,0,2,2
89,-6847.889,-4892.091,-64.579,-145.345,-0.820089,0.568594,0.064462,-0.565698,-0.822539,0.058451,0.086258,0.011469,0.996207,0,-0.32000,-0.08235,-19.200,-0.165,-1,425.000,-1,425.000,-1,350.000,350.000,300.000,300.000,-1,-1,-1,-1,1000.000,925.000,-1,-1,2,0,2,0,2,0,0,0,0,2,2,2,2,0,0,2,2
90,-6828.108,-4878.500,-66.591,-145.507,-0.821640,0.566267,0.065191,-0.563303,-0.824137,0.059058,0.087169,0.011802,0.996124,0,-0.40000,-0.08088,-24.000,-0.162,-1,425.000,-1,425.000,-1,350.000,350.000,300.000,300.000,-1,-1,-1,-1,1000.000,925.000,-1,-1,2,0,2,0,2,0,0,0,0,2,2,2,2,0,0,2,2
91,-6804.327,-4862.256,-68.985,-145.665,-0.823156,0.563986,0.065834,-0.560938,-0.825693,0.059832,0.088103,0.012322,0.996035,0,-0.48000,-0.07910,-28.800,-0.158,-1,425.000,-1,425.000,-1,350.000,350.000,300.000,300.000,-1,-1,-1,-1,1000.000,925.000,-1,-1,2,0,2,0,2,0,0,0,0,2,2,2,2,0,0,2,2
92,-6780.101,-4845.805,-71.442,-145.819,-0.824627,0.561760,0.066459,-0.558629,-0.827201,0.060596,0.089016,0.012843,0.995947,0,-0.48806,-0.07704,-29.284,-0.154,-1,425.000,-1,425.000,-1,350.000,350.000,300.000,300.000,-1,-1,-1,-1,1000.000,925.000,-1,-1,2,0,2,0,2,0,0,0,0,2,2,2,2,0,0,2,2
93,-6755.702,-4829.328,-73.984,-145.969,-0.826053,0.559590,0.067046,-0.556400,-0.828665,0.061101,0.089750,0.013168,0.995877,0,-0.49070,-0.07500,-29.442,-0.150,-1,425.000,-1,425.000,-1,350.000,325.000,300.000,300.000,-1,-1,-1,-1,975.000,900.000,-1,-1,2,0,2,0,2,0,0,0,0,2,2,2,2,0,0,2,2
94,-6731.125,-4812.823,-76.597,-146.115,-0.827437,0.557475,0.067598,-0.554242,-0.830086,0.061422,0.090353,0.013357,0.995820,0,-0.49342,-0.07301,-29.605,-0.146,-1,425.000,-1,425.000,-1,350.000,325.000,300.000,300.000,-1,-1,-1,-1,975.000,900.000,-1,-1,2,0,2,0,2,0,0,0,0,2,2,2,2,0,0,2,2
95,-6706.368,-4796.286,-79.245,-146.257,-0.828780,0.555412,0.068129,-0.552136,-0.831465,0.061741,0.090938,0.013553,0.995764,0,-0.49620,-0.07107,-29.772,-0.142,-1,425.000,-1,400.000,-1,325.000,325.000,300.000,300.000,-1,-1,-1,-1,975.000,900.000,-1,-1,2,0,2,0,2,0,0,0,0,2,2,2,2,0,0,2,2
96,-6681.429,-4779.714,-81.930,-146.396,-0.830082,0.553401,0.068638,-0.550083,-0.832801,0.062059,0.091505,0.013758,0.995710,0,-0.49905,-0.06918,-29.943,-0.138,-1,425.000,-1,400.000,-1,325.000,325.000,300.000,300.000,-1,-1,-1,-1,950.000,875.000,-1,-1,2,0,2,0,2,0,0,0,0,2,2,2,2,0,0,2,2
97,-6656.306,-4763.104,-84.653,-146.530,-0.831345,0.551441,0.069125,-0.548080,-0.834097,0.062377,0.092054,0.013971,0.995656,0,-0.50197,-0.06733,-30.118,-0.135,-1,425.000,-1,400.000,-1,325.000,325.000,300.000,300.000,-1,-1,-1,-1,950.000,875.000,-1,-1,2,0,2,0,2,0,0,0,0,2,2,2,2,0,0,2,2
98,-6631.019,-4746.470,-87.405,-146.662,-0.832579,0.549521,0.069561,-0.546117,-0.835359,0.062703,0.092565,0.014217,0.995605,0,-0.50446,-0.06582,-30.267,-0.132,-1,425.000,-1,400.000,-1,325.000,325.000,300.000,300.000,-1,-1,1000.000,-1,925.000,875.000,-1,-1,2,0,2,0,2,0,0,0,0,2,2,0,2,0,0,2,2
99,-6605.694,-4729.894,-90.171,-146.794,-0.833814,0.547598,0.069934,-0.544151,-0.836616,0.063040,0.093029,0.014509,0.995558,0,-0.50446,-0.06582,-30.267,-0.132,-1,400.000,-1,400.000,-1,325.000,325.000,300.000,300.000,-1,975.000,975.000,-1,925.000,875.000,-1,-1,2,0,2,0,2,0,0,0,0,2,0,0,2,0,0,2,2
100,-6580.332,-4713.376,-92.953,-146.925,-0.835049,0.545672,0.070254,-0.542181,-0.837867,0.063384,0.093451,0.014838,0.995513,0,-0.50446,-0.06582,-30.267,-0.132,-1,400.000,-1,400.000,-1,325.000,325.000,300.000,300.000,-1,925.000,925.000,-1,900.000,850.000,-1,-1,2,0,2,0,2,0,0,0,0,2,0,0,2,0,0,2,2
101,-6554.931,-4696.917,-95.750,-147.057,-0.836284,0.543743,0.070523,-0.540208,-0.839114,0.063736,0.093833,0.015204,0.995472,0,-0.50446,-0.06582,-30.267,-0.132,-1,400.000,-1,400.000,-1,325.000,325.000,300.000,300.000,-1,900.000,875.000,-1,900.000,850.000,-1,-1,2,0,2,0,2,0,0,0,0,2,0,0,2,0,0,2,2
102,-6529.492,-4680.516,-98.564,-147.189,-0.837519,0.541810,0.070740,-0.538232,-0.840356,0.064096,0.094174,0.015607,0.995433,0,-0.50446,-0.06582,-30.267,-0.132,-1,400.000,-1,400.000,-1,325.000,325.000,300.000,300.000,-1,850.000,825.000,-1,900.000,850.000,-1,-1,2,0,2,0,2,0,0,0,0,2,0,0,2,0,0,2,2
103,-6504.016,-4664.174,-101.393,-147.320,-0.838754,0.539874,0.070905,-0.536252,-0.841593,0.064464,0.094476,0.016046,0.995398,0,-0.50446,-0.06582,-30.267,-0.132,-1,400.000,-1,400.000,-1,325.000,325.000,300.000,300.000,-1,825.000,775.000,-1,875.000,825.000,-1,-1,2,0,2,0,2,0,0,0,0,2,0,0,2,0,0,2,2
104,-6478.503,-4647.890,-104.239,-147.452,-0.839989,0.537935,0.071017,-0.534269,-0.842824,0.064841,0.094735,0.016523,0.995365,0,-0.50446,-0.06582,-30.267,-0.132,-1,400.000,-1,400.000,-1,325.000,325.000,300.000,300.000,-1,775.000,750.000,-1,875.000,825.000,-1,-1,2,0,2,0,2,0,0,0,0,2,0,0,2,0,0,2,2
105,-6452.952,-4631.664,-107.037,-147.583,-0.841227,0.535995,0.071042,-0.532313,-0.844054,0.064930,0.094765,0.016804,0.995358,0,-0.50446,-0.06582,-30.267,-0.132,-1,400.000,-1,400.000,-1,325.000,325.000,300.000,300.000,-1,750.000,700.000,-1,850.000,825.000,-1,-1,2,0,2,0,2,0,0,0,0,2,0,0,2,0,0,2,2
106,-6427.364,-4615.498,-109.809,-147.715,-0.842463,0.534053,0.071018,-0.530372,-0.845281,0.064850,0.094663,0.016968,0.995365,0,-0.50446,-0.06582,-30.267,-0.132,-1,400.000,-1,400.000,-1,325.000,325.000,300.000,300.000,-1,725.000,700.000,-1,850.000,800.000,-1,-1,2,0,2,0,2,0,0,0,0,2,0,0,2,0,0,2,2
107,-6401.739,-4599.390,-112.590,-147.847,-0.843698,0.532108,0.070961,-0.528430,-0.846503,0.064764,0.094530,0.017143,0.995374,0,-0.50446,-0.06582,-30.267,-0.132,-1,400.000,-1,400.000,-1,325.000,325.000,300.000,300.000,-1,700.000,675.000,-1,850.000,800.000,-1,-1,2,0,2,0,2,0,0,0,0,2,0,0,2,0,0,2,2
108,-6376.077,-4583.341,-115.380,-147.978,-0.844931,0.530160,0.070871,-0.526486,-0.847721,0.064672,0.094366,0.017331,0.995387,0,-0.50446,-0.06582,-30.267,-0.132,-1,400.000,-1,400.000,-1,325.000,325.000,300.000,300.000,-1,675.000,650.000,-1,825.000,800.000,-1,-1,2,0,2,0,2,0,0,0,0,2,0,0,2,0,0,2,2
109,-6350.378,-4567.351,-118.063,-148.110,-0.846164,0.528213,0.070689,-0.524595,-0.848940,0.064040,0.093837,0.017105,0.995441,0,-0.50446,-0.06582,-30.267,-0.132,-1,400.000,-1,400.000,-1,325.000,325.000,300.000,300.000,-1,650.000,650.000,-1,825.000,800.000,-1,-1,2,0,2,0,2,0,0,0,0,2,0,0,2,0,0,2,2
110,-6324.642,-4551.420,-120.736,-148.242,-0.847397,0.526264,0.070461,-0.522712,-0.850155,0.063310,0.093221,0.016818,0.995503,0,-0.50446,-0.06582,-30.267,-0.132,-1,400.000,-1,400.000,-1,325.000,325.000,300.000,300.000,-1,650.000,625.000,-1,800.000,775.000,-1,-1,2,0,2,0,2,0,0,0,0,2,0,0,2,0,0,2,2
111,-6298.870,-4535.548,-123.413,-148.373,-0.848628,0.524312,0.070196,-0.520829,-0.851366,0.062558,0.092562,0.016528,0.995570,0,-0.50446,-0.06582,-30.267,-0.132,-1,400.000,-1,400.000,-1,325.000,325.000,300.000,300.000,-1,625.000,625.000,-1,800.000,775.000,-1,-1,2,0,2,0,2,0,0,0,0,2,0,0,2,0,0,2,2
112,-6273.062,-4519.735,-126.095,-148.505,-0.849858,0.522357,0.069893,-0.518944,-0.852572,0.061784,0.091862,0.016237,0.995639,0,-0.50446,-0.06582,-30.267,-0.132,-1,400.000,-1,400.000,-1,325.000,325.000,300.000,300.000,-1,625.000,600.000,-1,775.000,775.000,-1,-1,2,0,2,0,2,0,0,0,0,2,0,0,2,0,0,2,2
113,-6247.217,-4503.982,-128.736,-148.637,-0.851084,0.520397,0.069583,-0.517035,-0.853772,0.061231,0.091272,0.016136,0.995695,0,-0.50446,-0.06582,-30.267,-0.132,-1,400.000,-1,400.000,-1,325.000,325.000,300.000,300.000,-1,600.000,600.000,-1,775.000,775.000,-1,-1,2,0,2,0,2,0,0,0,0,2,0,0,2,0,0,2,2
114,-6225.385,-4490.869,-130.959,-149.008,-0.854478,0.514846,0.069290,-0.511514,-0.857124,0.060753,0.090669,0.016469,0.995745,0,-0.42446,-0.18582,-25.467,-0.372,-1,400.000,-1,400.000,-1,325.000,325.000,300.000,300.000,-1,600.000,575.000,-1,775.000,775.000,-1,-1,2,0,2,0,2,0,0,0,0,2,0,0,2,0,0,2,2
115,-6207.555,-4480.417,-132.762,-149.620,-0.859967,0.505660,0.069022,-0.502341,-0.862560,0.060357,0.090056,0.017232,0.995788,0,-0.34446,-0.30582,-20.667,-0.612,-1,400.000,-1,400.000,-1,325.000,325.000,300.000,300.000,-1,600.000,575.000,-1,775.000,750.000,-1,-1,2,0,2,0,2,0,0,0,0,2,0,0,2,0,0,2,2
116,-6193.749,-4472.597,-134.147,-150.471,-0.867434,0.492774,0.068787,-0.489448,-0.869962,0.060053,0.089435,0.018424,0.995822,0,-0.26446,-0.42582,-15.867,-0.852,-1,400.000,-1,400.000,-1,325.000,325.000,300.000,300.000,-1,600.000,575.000,-1,775.000,750.000,-1,-1,2,0,2,0,2,0,0,0,0,2,0,0,2,0,0,2,2
117,-6184.017,-4467.327,-135.113,-151.563,-0.876714,0.476095,0.068593,-0.472744,-0.879165,0.059845,0.088797,0.020040,0.995848,0,-0.18446,-0.54582,-11.067,-1.092,-1,400.000,-1,400.000,-1,325.000,325.000,300.000,300.000,-1,600.000,575.000,-1,775.000,750.000,-1,-1,2,0,2,0,2,0,0,0,0,2,0,0,2,0,0,2,2
118,-6178.437,-4464.472,-135.664,-152.895,-0.887592,0.455516,0.068449,-0.452122,-0.889954,0.059734,0.088126,0.022072,0.995865,0,-0.10446,-0.66582,-6.267,-1.332,-1,400.000,-1,400.000,-1,325.000,325.000,300.000,300.000,-1,600.000,575.000,-1,775.000,750.000,-1,-1,2,0,2,0,2,0,0,0,0,2,0,0,2,0,0,2,2
119,-6177.113,-4463.840,-135.804,-154.466,-0.899801,0.430912,0.068365,-0.427457,-0.902061,0.059717,0.087402,0.024510,0.995872,0,-0.02446,-0.78582,-1.467,-1.572,-1,400.000,-1,400.000,-1,325.000,325.000,300.000,300.000,-1,600.000,575.000,-1,775.000,750.000,-1,-1,2,0,2,0,2,0,0,0,0,2,0,0,2,0,0,2,2
120,-6180.163,-4465.184,-135.537,-156.238,-0.912737,0.402791,0.068349,-0.399262,-0.914885,0.059786,0.086613,0.027280,0.995868,0,0.05554,-0.88575,3.333,-1.772,-1,400.000,-1,400.000,-1,325.000,325.000,300.000,300.000,-1,600.000,575.000,-1,775.000,750.000,-1,-1,2,0,2,0,2,0,0,0,0,2,0,0,2,0,0,2,2
121,-6187.703,-4468.231,-134.870,-158.009,-0.924783,0.374293,0.068418,-0.370685,-0.926823,0.059927,0.085842,0.030058,0.995855,0,0.13554,-0.88555,8.133,-1.771,-1,400.000,-1,400.000,-1,325.000,325.000,300.000,300.000,-1,625.000,600.000,-1,775.000,750.000,-1,-1,2,0,2,0,2,0,0,0,0,2,0,0,2,0,0,2,2
122,-6199.839,-4472.702,-133.809,-159.779,-0.935927,0.345454,0.068576,-0.341763,-0.937861,0.060123,0.085085,0.032834,0.995833,0,0.21554,-0.88508,12.933,-1.770,-1,400.000,-1,400.000,-1,325.000,325.000,300.000,300.000,-1,650.000,600.000,-1,775.000,725.000,-1,-1,2,0,2,0,2,0,0,0,0,2,0,0,2,0,0,2,2
123,-6216.660,-4478.316,-132.364,-161.548,-0.946156,0.316311,0.068824,-0.312533,-0.947987,0.060357,0.084336,0.035597,0.995801,0,0.29554,-0.88439,17.733,-1.769,-1,400.000,-1,400.000,-1,325.000,325.000,300.000,300.000,-1,675.000,625.000,-1,775.000,725.000,-1,-1,2,0,2,0,2,0,0,0,0,2,0,0,2,0,0,2,2
124,-6238.244,-4484.787,-130.543,-163.315,-0.955461,0.286900,0.069161,-0.283033,-0.957193,0.060613,0.083590,0.038339,0.995762,0,0.37554,-0.88352,22.533,-1.767,-1,400.000,-1,375.000,-1,325.000,325.000,300.000,300.000,-1,675.000,625.000,-1,800.000,725.000,-1,-1,2,0,2,0,2,0,0,0,0,2,0,0,2,0,0,2,2
125,-6264.655,-4491.826,-128.358,-165.080,-0.963835,0.257255,0.069583,-0.253297,-0.965471,0.060875,0.082841,0.041049,0.995717,0,0.45554,-0.88248,27.333,-1.765,-1,400.000,-1,375.000,-1,325.000,325.000,300.000,300.000,-1,700.000,650.000,-1,800.000,725.000,-1,-1,2,0,2,0,2,0,0,0,0,2,0,0,2,0,0,2,2
126,-6295.944,-4499.142,-125.819,-166.842,-0.971273,0.227411,0.070088,-0.223362,-0.972817,0.061129,0.082084,0.043718,0.995666,0,0.53554,-0.88130,32.133,-1.763,-1,400.000,-1,375.000,-1,325.000,325.000,300.000,300.000,-1,700.000,675.000,-1,800.000,725.000,-1,-1,2,0,2,0,2,0,0,0,0,2,0,0,2,0,0,2,2
127,-6332.149,-4506.442,-122.940,-168.604,-0.977777,0.197379,0.070670,-0.193237,-0.979231,0.061360,0.081313,0.046340,0.995611,0,0.61554,-0.88070,36.933,-1.761,-1,400.000,-1,375.000,-1,325.000,325.000,300.000,300.000,-1,725.000,725.000,-1,825.000,725.000,-1,-1,2,0,2,0,2,0,0,0,0,2,0,0,2,0,0,2,2
128,-6373.293,-4513.428,-119.734,-170.365,-0.983345,0.167166,0.071325,-0.162934,-0.984715,0.061556,0.080525,0.048909,0.995552,0,0.69554,-0.88070,41.733,-1.761,-1,400.000,-1,375.000,-1,325.000,325.000,300.000,300.000,-1,725.000,725.000,-1,825.000,725.000,-1,-1,2,0,2,0,2,0,0,0,0,2,0,0,2,0,0,2,2
129,-6416.970,-4519.470,-116.400,-172.127,-0.987977,0.136802,0.072016,-0.132483,-0.989263,0.061700,0.079683,0.051417,0.995493,0,0.73487,-0.88070,44.092,-1.761,-1,400.000,-1,375.000,-1,325.000,325.000,300.000,300.000,-1,750.000,750.000,-1,825.000,725.000,-1,-1,2,0,2,0,2,0,0,0,0,2,0,0,2,0,0,2,2
130,-6460.812,-4524.166,-113.123,-173.888,-0.991671,0.106316,0.072708,-0.101915,-0.992872,0.061788,0.078759,0.053864,0.995437,0,0.73487,-0.88070,44.092,-1.761,-1,400.000,-1,375.000,-1,325.000,325.000,300.000,300.000,-1,775.000,750.000,-1,825.000,725.000,-1,-1,2,0,2,0,2,0,0,0,0,2,0,0,2,0,0,2,2
131,-6502.229,-4527.493,-110.081,-175.409,-0.994099,0.079909,0.073360,-0.075438,-0.995232,0.061820,0.077950,0.055921,0.995388,0,0.69250,-0.76070,41.550,-1.521,-1,400.000,-1,375.000,-1,325.000,325.000,300.000,300.000,-1,775.000,775.000,-1,825.000,700.000,-1,-1,2,0,2,0,2,0,0,0,0,2,0,0,2,0,0,2,2
132,-6543.710,-4529.893,-107.025,-176.691,-0.995602,0.057628,0.073863,-0.053120,-0.996686,0.061599,0.077168,0.057405,0.995364,0,0.69250,-0.64070,41.550,-1.281,-1,400.000,-1,375.000,-1,325.000,325.000,300.000,300.000,-1,800.000,800.000,-1,850.000,700.000,-1,-1,2,0,2,0,2,0,0,0,0,2,0,0,2,0,0,2,2
133,-6585.228,-4531.537,-103.793,-177.732,-0.996476,0.039503,0.073988,-0.035050,-0.997550,0.060539,0.076198,0.057732,0.995420,0,0.69250,-0.52070,41.550,-1.041,-1,400.000,-1,375.000,-1,325.000,325.000,300.000,300.000,-1,850.000,825.000,-1,850.000,700.000,-1,-1,2,0,2,0,2,0,0,0,0,2,0,0,2,0,0,2,2
134,-6626.765,-4532.600,-100.616,-178.534,-0.996931,0.025547,0.073998,-0.021171,-0.998014,0.059328,0.075366,0.057579,0.995492,0,0.69250,-0.40070,41.550,-0.801,-1,400.000,-1,375.000,-1,325.000,325.000,300.000,300.000,-1,875.000,875.000,-1,850.000,700.000,-1,-1,2,0,2,0,2,0,0,0,0,2,0,0,2,0,0,2,2
