timestep,x_cm,y_cm,z_cm,yaw_deg,basis_xx,basis_xy,basis_xz,basis_yx,basis_yy,basis_yz,basis_zx,basis_zy,basis_zz,teleport_flag,throttle_cmd,steering_cmd,cmd_move_cm,cmd_turn_deg,lidar_cm_0,lidar_cm_1,lidar_cm_2,lidar_cm_3,lidar_cm_4,lidar_cm_5,lidar_cm_6,lidar_cm_7,lidar_cm_8,lidar_cm_9,lidar_cm_10,lidar_cm_11,lidar_cm_12,lidar_cm_13,lidar_cm_14,lidar_cm_15,lidar_cm_16,lidar_class_0,lidar_class_1,lidar_class_2,lidar_class_3,lidar_class_4,lidar_class_5,lidar_class_6,lidar_class_7,lidar_class_8,lidar_class_9,lidar_class_10,lidar_class_11,lidar_class_12,lidar_class_13,lidar_class_14,lidar_class_15,lidar_class_16
0,4266.003,5579.550,34.223,-120.646,-0.507885,0.860201,-0.045893,-0.859322,-0.509646,-0.042742,-0.060156,0.017729,0.998032,1,-0.08000,-0.12000,-4.800,-0.240,-1,375.000,-1,400.000,-1,325.000,325.000,325.000,325.000,-1,-1,-1,-1,725.000,800.000,-1,-1,2,0,2,0,2,0,0,0,0,2,2,2,2,0,0,2,2
1,4270.965,5587.768,34.821,-121.126,-0.515100,0.855914,-0.045642,-0.855002,-0.516842,-0.042970,-0.060368,0.016891,0.998033,0,-0.16000,-0.24000,-9.600,-0.480,-1,375.000,-1,400.000,-1,325.000,325.000,325.000,325.000,-1,-1,-1,-1,725.000,825.000,-1,-1,2,0,2,0,2,0,0,0,0,2,2,2,2,0,0,2,2
2,4278.563,5600.000,35.722,-121.846,-0.525854,0.849369,-0.045264,-0.848408,-0.527568,-0.043324,-0.060677,0.015620,0.998035,0,-0.24000,-0.36000,-14.400,-0.720,-1,375.000,-1,400.000,-1,325.000,325.000,325.000,325.000,-1,-1,-1,-1,725.000,825.000,-1,-1,2,0,2,0,2,0,0,0,0,2,2,2,2,0,0,2,2
3,4288.965,5616.138,36.930,-122.806,-0.540065,0.840432,-0.044756,-0.839405,-0.541738,-0.043817,-0.061072,0.013905,0.998037,0,-0.32000,-0.48000,-19.200,-0.960,-1,375.000,-1,400.000,-1,325.000,325.000,325.000,325.000,-1,-1,-1,-1,725.000,825.000,-1,-1,2,0,2,0,2,0,0,0,0,2,2,2,2,0,0,2,2
4,4301.370,5634.525,38.210,-124.006,-0.557605,0.828921,-0.044349,-0.827851,-0.559232,-0.043853,-0.061153,0.012262,0.998053,0,-0.36966,-0.60000,-22.180,-1.200,-1,375.000,-1,400.000,-1,325.000,325.000,325.000,325.000,-1,-1,-1,-1,725.000,825.000,-1,-1,2,0,2,0,2,0,0,0,0,2,2,2,2,0,0,2,2
5,4314.325,5652.725,39.433,-125.446,-0.578321,0.814620,-0.044032,-0.813526,-0.579897,-0.043542,-0.061004,0.010640,0.998081,0,-0.37234,-0.72000,-22.340,-1.440,-1,375.000,-1,400.000,-1,325.000,325.000,325.000,325.000,-1,-1,-1,-1,725.000,825.000,-1,-1,2,0,2,0,2,0,0,0,0,2,2,2,2,0,0,2,2
6,4327.921,5670.685,40.667,-127.126,-0.602022,0.797284,-0.043690,-0.796162,-0.603541,-0.043184,-0.060798,0.008787,0.998111,0,-0.37543,-0.84000,-22.526,-1.680,-1,375.000,-1,400.000,-1,325.000,325.000,325.000,325.000,-1,-1,-1,-1,750.000,850.000,-1,-1,2,0,2,0,2,0,0,0,0,2,2,2,2,0,0,2,2
7,4342.194,5688.389,41.940,-128.876,-0.626171,0.778489,-0.043197,-0.777339,-0.627622,-0.042832,-0.060456,0.006758,0.998148,0,-0.37900,-0.87519,-22.740,-1.750,-1,400.000,-1,400.000,-1,325.000,325.000,325.000,325.000,-1,-1,-1,-1,750.000,850.000,-1,-1,2,0,2,0,2,0,0,0,0,2,2,2,2,0,0,2,2
8,4357.148,5705.826,43.255,-130.615,-0.649593,0.759092,-0.042534,-0.757914,-0.650967,-0.042525,-0.059968,0.004613,0.998190,0,-0.38286,-0.86956,-22.972,-1.739,-1,400.000,-1,425.000,-1,325.000,325.000,325.000,325.000,-1,-1,-1,-1,750.000,850.000,-1,-1,2,0,2,0,2,0,0,0,0,2,2,2,2,0,0,2,2
9,4372.785,5722.985,44.587,-132.343,-0.672264,0.739129,-0.041820,-0.737924,-0.673559,-0.042267,-0.059409,0.002445,0.998231,0,-0.38691,-0.86371,-23.215,-1.727,-1,400.000,-1,425.000,-1,325.000,325.000,325.000,300.000,-1,-1,-1,-1,750.000,850.000,-1,-1,2,0,2,0,2,0,0,0,0,2,2,2,2,0,0,2,2
10,4389.105,5739.851,45.935,-134.058,-0.694170,0.718639,-0.041060,-0.717407,-0.695383,-0.042064,-0.058781,0.000257,0.998271,0,-0.39115,-0.85763,-23.469,-1.715,-1,400.000,-1,425.000,-1,325.000,325.000,325.000,300.000,-1,-1,-1,-1,775.000,875.000,-1,-1,2,0,2,0,2,0,0,0,0,2,2,2,2,0,0,2,2
11,4406.110,5756.410,47.299,-135.760,-0.715299,0.697659,-0.040256,-0.696401,-0.716428,-0.041917,-0.058084,-0.001949,0.998310,0,-0.39558,-0.85133,-23.735,-1.703,-1,400.000,-1,425.000,-1,325.000,325.000,325.000,300.000,-1,-1,-1,-1,775.000,875.000,-1,-1,2,0,2,0,2,0,0,0,0,2,2,2,2,0,0,2,2
12,4423.800,5772.648,48.677,-137.450,-0.735639,0.676227,-0.039412,-0.674945,-0.736682,-0.041829,-0.057320,-0.004170,0.998347,0,-0.40022,-0.84481,-24.013,-1.690,-1,400.000,-1,425.000,-1,325.000,325.000,300.000,300.000,-1,-1,-1,-1,775.000,875.000,-1,-1,2,0,2,0,2,0,0,0,0,2,2,2,2,0,0,2,2
13,4442.177,5788.551,50.071,-139.126,-0.755182,0.654382,-0.038531,-0.653077,-0.756137,-0.041803,-0.056490,-0.006405,0.998383,0,-0.40505,-0.83806,-24.303,-1.676,-1,400.000,-1,425.000,-1,325.000,325.000,300.000,300.000,-1,-1,-1,-1,775.000,875.000,-1,-1,2,0,2,0,2,0,0,0,0,2,2,2,2,0,0,2,2
14,4457.288,5800.880,51.185,-140.788,-0.773912,0.632164,-0.037790,-0.630840,-0.774788,-0.041773,-0.055687,-0.008489,0.998412,0,-0.32505,-0.83108,-19.503,-1.662,-1,400.000,-1,425.000,-1,325.000,325.000,300.000,300.000,-1,-1,-1,-1,800.000,900.000,-1,-1,2,0,2,0,2,0,0,0,0,2,2,2,2,0,0,2,2
15,4468.943,5809.843,52.022,-142.439,-0.791858,0.609572,-0.037192,-0.608232,-0.792662,-0.041725,-0.054915,-0.010418,0.998437,0,-0.24505,-0.82535,-14.703,-1.651,-1,400.000,-1,425.000,-1,325.000,325.000,300.000,300.000,-1,-1,-1,-1,800.000,900.000,-1,-1,2,0,2,0,2,0,0,0,0,2,2,2,2,0,0,2,2
16,4476.963,5815.652,52.584,-144.081,-0.809044,0.586598,-0.036740,-0.585245,-0.809786,-0.041643,-0.054179,-0.012188,0.998457,0,-0.16505,-0.82094,-9.903,-1.642,-1,400.000,-1,425.000,-1,325.000,325.000,300.000,300.000,-1,-1,-1,-1,800.000,900.000,-1,-1,2,0,2,0,2,0,0,0,0,2,2,2,2,0,0,2,2
17,4481.180,5818.526,52.875,-145.717,-0.825496,0.563231,-0.036437,-0.561869,-0.826184,-0.041512,-0.053485,-0.013796,0.998473,0,-0.08505,-0.81790,-5.103,-1.636,-1,400.000,-1,425.000,-1,325.000,325.000,300.000,300.000,-1,-1,-1,-1,825.000,900.000,-1,-1,2,0,2,0,2,0,0,0,0,2,2,2,2,0,0,2,2
18,4481.435,5818.689,52.898,-147.349,-0.841233,0.539453,-0.036283,-0.538084,-0.841878,-0.041319,-0.052835,-0.015236,0.998487,0,-0.00505,-0.81629,-0.303,-1.633,-1,400.000,-1,425.000,-1,325.000,350.000,300.000,300.000,1000.000,-1,-1,-1,825.000,925.000,-1,-1,2,0,2,0,2,0,0,0,0,1,2,2,2,0,0,2,2
19,4477.581,5816.371,52.659,-148.982,-0.856277,0.515242,-0.036278,-0.513869,-0.856886,-0.041047,-0.052235,-0.016506,0.998498,0,0.07495,-0.81620,4.497,-1.632,-1,400.000,-1,425.000,-1,325.000,350.000,300.000,300.000,-1,-1,-1,-1,825.000,925.000,-1,-1,2,0,2,0,2,0,0,0,0,2,2,2,2,0,0,2,2
20,4469.479,5811.810,52.163,-150.617,-0.870641,0.490568,-0.036422,-0.489195,-0.871225,-0.040682,-0.051689,-0.017602,0.998508,0,0.15495,-0.81768,9.297,-1.635,-1,400.000,-1,425.000,-1,325.000,350.000,300.000,300.000,-1,-1,-1,-1,825.000,925.000,-1,-1,2,0,2,0,2,0,0,0,0,2,2,2,2,0,0,2,2
21,4457.002,5805.247,51.416,-152.259,-0.884339,0.465400,-0.036713,-0.464030,-0.884907,-0.040208,-0.051201,-0.018521,0.998517,0,0.23495,-0.82083,14.097,-1.642,-1,400.000,-1,425.000,-1,325.000,350.000,300.000,300.000,-1,-1,-1,-1,850.000,925.000,-1,-1,2,0,2,0,2,0,0,0,0,2,2,2,2,0,0,2,2
22,4440.031,5796.936,50.426,-153.910,-0.897377,0.439699,-0.037148,-0.438334,-0.897939,-0.039609,-0.050773,-0.019261,0.998524,0,0.31495,-0.82571,18.897,-1.651,-1,425.000,-1,425.000,-1,350.000,350.000,300.000,300.000,-1,-1,-1,-1,850.000,925.000,-1,-1,2,0,2,0,2,0,0,0,0,2,2,2,2,0,0,2,2
23,4418.454,5787.137,48.934,-155.575,-0.909748,0.413412,-0.038063,-0.411981,-0.910304,-0.040227,-0.051279,-0.020915,0.998465,0,0.39495,-0.83241,23.697,-1.665,-1,425.000,-1,425.000,-1,325.000,350.000,300.000,300.000,-1,-1,-1,-1,850.000,925.000,-1,-1,2,0,2,0,2,0,0,0,0,2,2,2,2,0,0,2,2
24,4392.173,5776.119,47.142,-157.257,-0.921452,0.386499,-0.039294,-0.384984,-0.922011,-0.041035,-0.052089,-0.022684,0.998385,0,0.47495,-0.84100,28.497,-1.682,-1,425.000,-1,425.000,-1,325.000,350.000,300.000,300.000,-1,-1,-1,-1,850.000,900.000,-1,-1,2,0,2,0,2,0,0,0,0,2,2,2,2,0,0,2,2
25,4361.095,5764.164,45.090,-158.960,-0.932479,0.358911,-0.040820,-0.357299,-0.933052,-0.041856,-0.053109,-0.024445,0.998289,0,0.55495,-0.85156,33.297,-1.703,-1,400.000,-1,425.000,-1,325.000,350.000,300.000,300.000,-1,-1,-1,-1,850.000,900.000,-1,-1,2,0,2,0,2,0,0,0,0,2,2,2,2,0,0,2,2
26,4325.142,5751.564,42.788,-160.688,-0.942809,0.330592,-0.042652,-0.328873,-0.943410,-0.042669,-0.054344,-0.026201,0.998178,0,0.63495,-0.86414,38.097,-1.728,-1,400.000,-1,425.000,-1,325.000,350.000,300.000,300.000,-1,-1,-1,-1,825.000,900.000,-1,-1,2,0,2,0,2,0,0,0,0,2,2,2,2,0,0,2,2
27,4284.242,5738.625,40.246,-162.446,-0.952417,0.301487,-0.044802,-0.299647,-0.953060,-0.043447,-0.055797,-0.027955,0.998051,0,0.71495,-0.87881,42.897,-1.758,-1,400.000,-1,425.000,-1,325.000,325.000,300.000,300.000,-1,-1,-1,-1,825.000,875.000,-1,-1,2,0,2,0,2,0,0,0,0,2,2,2,2,0,0,2,2
28,4238.895,5725.824,37.530,-164.237,-0.961264,0.271536,-0.047330,-0.269565,-0.961972,-0.044095,-0.057504,-0.029629,0.997906,0,0.78531,-0.89561,47.118,-1.791,-1,400.000,-1,425.000,-1,325.000,325.000,300.000,300.000,-1,-1,-1,-1,825.000,850.000,-1,-1,2,0,2,0,2,0,0,0,0,2,2,2,2,0,0,2,2
29,4192.492,5714.311,34.829,-166.066,-0.969315,0.240687,-0.049973,-0.238582,-0.970098,-0.044598,-0.059213,-0.031307,0.997754,0,0.79682,-0.91436,47.809,-1.829,-1,400.000,-1,425.000,-1,325.000,325.000,275.000,300.000,-1,-1,-1,-1,825.000,850.000,-1,-1,2,0,2,0,2,0,0,0,0,2,2,2,2,0,0,2,2
30,4145.016,5704.161,32.146,-167.933,-0.976507,0.208938,-0.052718,-0.206696,-0.977372,-0.044950,-0.060917,-0.032997,0.997597,0,0.80915,-0.93364,48.549,-1.867,-1,400.000,-1,400.000,-1,325.000,325.000,275.000,300.000,-1,-1,-1,-1,800.000,825.000,-1,-1,2,0,2,0,2,0,0,0,0,2,2,2,2,0,0,2,2
31,4096.453,5695.457,29.483,-169.840,-0.982769,0.176289,-0.055559,-0.173909,-0.983727,-0.045139,-0.062612,-0.034699,0.997435,0,0.82226,-0.95346,49.335,-1.907,-1,400.000,-1,400.000,-1,325.000,325.000,300.000,300.000,-1,-1,-1,-1,800.000,825.000,-1,-1,2,0,2,0,2,0,0,0,0,2,2,2,2,0,0,2,2
32,4046.803,5688.290,26.844,-171.788,-0.988030,0.142746,-0.058488,-0.140226,-0.989089,-0.045153,-0.064295,-0.036411,0.997266,0,0.83607,-0.97381,50.164,-1.948,-1,400.000,-1,400.000,-1,325.000,325.000,300.000,300.000,-1,-1,-1,-1,800.000,800.000,-1,-1,2,0,2,0,2,0,0,0,0,2,2,2,2,0,0,2,2
33,3996.070,5682.757,24.234,-173.777,-0.992212,0.108317,-0.061497,-0.105657,-0.993385,-0.044981,-0.065962,-0.038133,0.997093,0,0.85054,-0.99468,51.033,-1.989,-1,400.000,-1,400.000,-1,325.000,325.000,300.000,300.000,-1,-1,-1,-1,775.000,800.000,-1,-1,2,0,2,0,2,0,0,0,0,2,2,2,2,0,0,2,2
34,3944.952,5678.982,21.521,-175.777,-0.995226,0.073580,-0.064116,-0.070843,-0.996518,-0.043967,-0.067128,-0.039215,0.996973,0,0.85427,-1.00000,51.256,-2.000,-1,400.000,-1,400.000,-1,325.000,325.000,300.000,300.000,-1,-1,-1,-1,775.000,775.000,-1,-1,2,0,2,0,2,0,0,0,0,2,2,2,2,0,0,2,2
35,3893.734,5676.993,18.230,-177.777,-0.997132,0.038754,-0.065007,-0.035981,-0.998414,-0.043307,-0.066583,-0.040844,0.996945,0,0.85427,-1.00000,51.256,-2.000,-1,400.000,-1,400.000,-1,325.000,325.000,300.000,300.000,-1,-1,-1,-1,775.000,775.000,-1,-1,2,0,2,0,2,0,0,0,0,2,2,2,2,0,0,2,2
36,3842.478,5676.793,14.797,-179.777,-0.997856,0.003886,-0.065327,-0.001044,-0.999054,-0.043477,-0.065434,-0.043316,0.996916,0,0.85427,-1.00000,51.256,-2.000,-1,400.000,-1,400.000,-1,325.000,325.000,300.000,300.000,-1,-1,-1,-1,750.000,750.000,-1,-1,2,0,2,0,2,0,0,0,0,2,2,2,2,0,0,2,2
37,3791.246,5678.381,11.442,-181.777,-0.997361,-0.030979,-0.065655,0.033887,-0.998472,-0.043650,-0.064203,-0.045760,0.996887,0,0.85427,-1.00000,51.256,-2.000,-1,400.000,-1,400.000,-1,325.000,325.000,300.000,300.000,-1,-1,-1,-1,750.000,750.000,-1,-1,2,0,2,0,2,0,0,0,0,2,2,2,2,0,0,2,2
38,3740.100,5681.756,8.167,-183.777,-0.995648,-0.065799,-0.065995,0.068772,-0.996669,-0.043827,-0.062891,-0.048175,0.996857,0,0.85427,-1.00000,51.256,-2.000,-1,400.000,-1,400.000,-1,325.000,325.000,300.000,300.000,-1,-1,-1,-1,750.000,750.000,-1,-1,2,0,2,0,2,0,0,0,0,2,2,2,2,0,0,2,2
39,3689.104,5686.914,4.978,-185.777,-0.992719,-0.100530,-0.066348,0.103566,-0.993648,-0.044010,-0.061502,-0.050561,0.996826,0,0.85427,-1.00000,51.256,-2.000,-1,400.000,-1,400.000,-1,325.000,325.000,300.000,300.000,-1,-1,-1,-1,750.000,750.000,-1,-1,2,0,2,0,2,0,0,0,0,2,2,2,2,0,0,2,2
40,3638.318,5693.848,1.878,-187.777,-0.988579,-0.135130,-0.066715,0.138228,-0.989414,-0.044201,-0.060036,-0.052918,0.996793,0,0.85427,-1.00000,51.256,-2.000,-1,400.000,-1,400.000,-1,325.000,325.000,300.000,300.000,-1,-1,-1,-1,750.000,750.000,-1,-1,2,0,2,0,2,0,0,0,0,2,2,2,2,0,0,2,2
41,3590.181,5701.934,-0.997,-189.537,-0.983937,-0.165436,-0.067075,0.168588,-0.984687,-0.044388,-0.058705,-0.054983,0.996760,0,0.81351,-0.88000,48.811,-1.760,-1,400.000,-1,400.000,-1,325.000,325.000,300.000,300.000,-1,-1,-1,-1,725.000,725.000,-1,-1,2,0,2,0,2,0,0,0,0,2,2,2,2,0,0,2,2
42,3542.276,5711.295,-3.802,-191.057,-0.979177,-0.191478,-0.067440,0.194681,-0.979853,-0.044580,-0.057545,-0.056781,0.996727,0,0.81351,-0.76000,48.811,-1.520,-1,400.000,-1,400.000,-1,325.000,325.000,300.000,300.000,-1,-1,-1,-1,725.000,725.000,-1,-1,2,0,2,0,2,0,0,0,0,2,2,2,2,0,0,2,2
43,3494.591,5721.723,-6.546,-192.337,-0.974631,-0.213300,-0.067808,0.216549,-0.975244,-0.044779,-0.056578,-0.058327,0.996693,0,0.81351,-0.64000,48.811,-1.280,-1,400.000,-1,400.000,-1,325.000,325.000,300.000,300.000,-1,-1,-1,-1,725.000,725.000,-1,-1,2,0,2,0,2,0,0,0,0,2,2,2,2,0,0,2,2
44,3447.104,5733.015,-9.240,-193.377,-0.970575,-0.230948,-0.068178,0.234242,-0.971137,-0.044989,-0.055820,-0.059635,0.996658,0,0.81351,-0.52000,48.811,-1.040,-1,375.000,-1,375.000,-1,325.000,325.000,300.000,300.000,-1,-1,-1,-1,725.000,725.000,-1,-1,2,0,2,0,2,0,0,0,0,2,2,2,2,0,0,2,2
45,3399.780,5744.969,-11.894,-194.177,-0.967231,-0.244469,-0.068546,0.247805,-0.967755,-0.045211,-0.055283,-0.060715,0.996623,0,0.81351,-0.40000,48.811,-0.800,-1,375.000,-1,375.000,-1,325.000,325.000,300.000,300.000,-1,-1,-1,-1,700.000,725.000,-1,-1,2,0,2,0,2,0,0,0,0,2,2,2,2,0,0,2,2
46,3352.574,5757.385,-14.522,-194.737,-0.964777,-0.253902,-0.068847,0.257276,-0.965267,-0.045473,-0.054910,-0.061584,0.996590,0,0.81351,-0.28000,48.811,-0.560,-1,375.000,-1,375.000,-1,325.000,325.000,300.000,300.000,-1,-1,-1,-1,700.000,725.000,-1,-1,2,0,2,0,2,0,0,0,0,2,2,2,2,0,0,2,2
47,3305.439,5770.065,-17.009,-195.057,-0.963372,-0.259287,-0.068445,0.262636,-0.963825,-0.045423,-0.054192,-0.061735,0.996620,0,0.81351,-0.16000,48.811,-0.320,-1,375.000,-1,375.000,-1,300.000,325.000,300.000,300.000,-1,-1,-1,-1,700.000,725.000,-1,-1,2,0,2,0,2,0,0,0,0,2,2,2,2,0,0,2,2
48,3258.322,5782.811,-19.426,-195.137,-0.963055,-0.260637,-0.067768,0.263933,-0.963482,-0.045190,-0.053515,-0.061407,0.996677,0,0.81351,-0.04000,48.811,-0.080,-1,375.000,-1,375.000,-1,300.000,325.000,300.000,300.000,-1,-1,-1,-1,700.000,725.000,-1,-1,2,0,2,0,2,0,0,0,0,2,2,2,2,0,0,2,2
49,3211.177,5795.453,-21.878,-195.009,-0.963684,-0.258498,-0.067024,0.261733,-0.964094,-0.044920,-0.053006,-0.060831,0.996740,0,0.81351,0.06385,48.811,0.128,-1,375.000,-1,375.000,-1,300.000,300.000,300.000,300.000,-1,-1,-1,-1,700.000,725.000,-1,-1,2,0,2,0,2,0,0,0,0,2,2,2,2,0,0,2,2
50,3164.004,5807.989,-24.238,-194.882,-0.964330,-0.256352,-0.065962,0.259532,-0.964680,-0.045129,-0.052064,-0.060638,0.996801,0,0.81351,0.06385,48.811,0.128,-1,375.000,-1,375.000,-1,300.000,325.000,300.000,300.000,-1,-1,-1,-1,700.000,725.000,-1,-1,2,0,2,0,2,0,0,0,0,2,2,2,2,0,0,2,2
51,3116.803,5820.420,-26.579,-194.754,-0.964974,-0.254203,-0.064856,0.257332,-0.965253,-0.045461,-0.051046,-0.060558,0.996859,0,0.81351,0.06385,48.811,0.128,-1,375.000,-1,375.000,-1,325.000,325.000,300.000,300.000,-1,-1,-1,-1,700.000,725.000,-1,-1,2,0,2,0,2,0,0,0,0,2,2,2,2,0,0,2,2
52,3069.574,5832.745,-28.929,-194.626,-0.965611,-0.252052,-0.063759,0.255130,-0.965822,-0.045791,-0.050039,-0.060483,0.996914,0,0.81351,0.06385,48.811,0.128,-1,375.000,-1,375.000,-1,325.000,325.000,300.000,300.000,-1,-1,-1,-1,700.000,725.000,-1,-1,2,0,2,0,2,0,0,0,0,2,2,2,2,0,0,2,2
53,3022.318,5844.965,-31.289,-194.499,-0.966241,-0.249900,-0.062673,0.252928,-0.966385,-0.046118,-0.049041,-0.060413,0.996968,0,0.81351,0.06385,48.811,0.128,-1,375.000,-1,375.000,-1,325.000,325.000,300.000,300.000,-1,-1,-1,-1,675.000,725.000,-1,-1,2,0,2,0,2,0,0,0,0,2,2,2,2,0,0,2,2
54,2975.035,5857.080,-33.658,-194.371,-0.966865,-0.247746,-0.061595,0.250725,-0.966944,-0.046443,-0.048053,-0.060348,0.997020,0,0.81351,0.06385,48.811,0.128,-1,375.000,-1,400.000,-1,325.000,325.000,300.000,300.000,-1,-1,-1,-1,675.000,725.000,-1,-1,2,0,2,0,2,0,0,0,0,2,2,2,2,0,0,2,2
55,2927.725,5869.090,-36.036,-194.243,-0.967482,-0.245591,-0.060528,0.248521,-0.967497,-0.046765,-0.047075,-0.060287,0.997070,0,0.81351,0.06385,48.811,0.128,-1,375.000,-1,400.000,-1,325.000,325.000,300.000,300.000,-1,-1,-1,-1,675.000,725.000,-1,-1,2,0,2,0,2,0,0,0,0,2,2,2,2,0,0,2,2
56,2880.173,5881.042,-38.435,-194.109,-0.968122,-0.243320,-0.059465,0.246201,-0.968074,-0.047087,-0.046109,-0.060226,0.997119,0,0.81718,0.06725,49.031,0.135,-1,375.000,-1,400.000,-1,325.000,325.000,300.000,300.000,-1,-1,-1,-1,675.000,725.000,-1,-1,2,0,2,0,2,0,0,0,0,2,2,2,2,0,0,2,2
57,2832.379,5892.929,-40.854,-193.967,-0.968784,-0.240926,-0.058406,0.243758,-0.968677,-0.047407,-0.045155,-0.060164,0.997167,0,0.82083,0.07084,49.250,0.142,-1,375.000,-1,400.000,-1,325.000,325.000,300.000,300.000,-1,-1,-1,-1,675.000,725.000,-1,-1,2,0,2,0,2,0,0,0,0,2,2,2,2,0,0,2,2
58,2781.898,5905.129,-43.428,-193.585,-0.970433,-0.234472,-0.057293,0.237252,-0.970275,-0.047731,-0.044398,-0.059913,0.997216,0,0.86559,0.19084,51.935,0.382,-1,375.000,-1,400.000,-1,300.000,325.000,300.000,300.000,-1,1000.000,-1,-1,675.000,725.000,-1,-1,2,0,2,0,2,0,0,0,0,2,0,2,2,0,0,2,2
59,2731.073,5916.829,-46.029,-192.964,-0.972981,-0.223937,-0.056211,0.226664,-0.972792,-0.047946,-0.043944,-0.059392,0.997267,0,0.86924,0.31084,52.155,0.622,1000.000,375.000,-1,375.000,-1,300.000,325.000,300.000,300.000,-1,900.000,900.000,-1,675.000,725.000,-1,-1,1,0,2,0,2,0,0,0,0,2,0,0,2,0,0,2,2
60,2679.864,5927.810,-48.597,-192.102,-0.976287,-0.209296,-0.055309,0.211962,-0.976111,-0.047735,-0.043997,-0.058327,0.997328,0,0.87289,0.43084,52.373,0.862,950.000,375.000,-1,375.000,-1,300.000,300.000,300.000,300.000,-1,825.000,825.000,-1,675.000,725.000,-1,-1,1,0,2,0,2,0,0,0,0,2,0,0,2,0,0,2,2
61,2628.237,5937.848,-50.871,-191.000,-0.980212,-0.190520,-0.053736,0.193028,-0.980109,-0.046111,-0.043882,-0.055571,0.997490,0,0.87657,0.55084,52.594,1.102,925.000,375.000,-1,375.000,-1,300.000,300.000,300.000,300.000,-1,775.000,750.000,-1,675.000,725.000,-1,-1,1,0,2,0,2,0,0,0,0,2,0,0,2,0,0,2,2
62,2576.166,5946.712,-53.113,-189.659,-0.984481,-0.167546,-0.052205,0.169897,-0.984462,-0.044392,-0.043956,-0.052573,0.997649,0,0.88035,0.67084,52.821,1.342,900.000,375.000,-1,375.000,-1,300.000,300.000,300.000,300.000,-1,750.000,700.000,-1,675.000,725.000,-1,-1,1,0,2,0,2,0,0,0,0,2,0,0,2,0,0,2,2
63,2523.642,5954.207,-55.033,-188.120,-0.988715,-0.141057,-0.050452,0.143308,-0.988691,-0.044189,-0.043648,-0.050920,0.997748,0,0.88427,0.76951,53.056,1.539,875.000,375.000,-1,375.000,-1,300.000,300.000,300.000,300.000,-1,700.000,675.000,-1,675.000,725.000,-1,-1,1,0,2,0,2,0,0,0,0,2,0,0,2,0,0,2,2
64,2470.691,5960.310,-57.037,-186.574,-0.992249,-0.114340,-0.048661,0.116489,-0.992221,-0.043900,-0.043263,-0.049228,0.997850,0,0.88837,0.77304,53.302,1.546,825.000,375.000,-1,375.000,-1,300.000,300.000,300.000,300.000,-1,675.000,650.000,-1,675.000,725.000,-1,-1,1,0,2,0,2,0,0,0,0,2,0,0,2,0,0,2,2
65,2417.344,5964.998,-59.125,-185.020,-0.995070,-0.087413,-0.046845,0.089458,-0.995040,-0.043502,-0.042810,-0.047478,0.997954,0,0.89256,0.77654,53.553,1.553,800.000,375.000,-1,375.000,-1,300.000,325.000,300.000,300.000,-1,650.000,625.000,-1,675.000,725.000,-1,-1,1,0,2,0,2,0,0,0,0,2,0,0,2,0,0,2,2
66,2363.633,5968.247,-61.296,-183.460,-0.997165,-0.060297,-0.045005,0.062235,-0.997135,-0.042996,-0.042284,-0.045675,0.998061,0,0.89684,0.78001,53.810,1.560,750.000,375.000,-1,375.000,-1,300.000,325.000,300.000,300.000,-1,625.000,600.000,-1,675.000,725.000,1000.000,-1,1,0,2,0,2,0,0,0,0,2,0,0,2,0,0,1,2
67,2309.590,5970.035,-63.539,-181.894,-0.998524,-0.033011,-0.043125,0.034841,-0.998493,-0.042402,-0.041661,-0.043842,0.998169,0,0.90121,0.78345,54.072,1.567,725.000,375.000,-1,400.000,-1,300.000,325.000,300.000,300.000,-1,600.000,575.000,-1,675.000,725.000,925.000,-1,1,0,2,0,2,0,0,0,0,2,0,0,2,0,0,1,2
68,2255.252,5970.339,-65.855,-180.320,-0.999135,-0.005576,-0.041212,0.007297,-0.999103,-0.041709,-0.040943,-0.041973,0.998279,0,0.90566,0.78688,54.340,1.574,675.000,375.000,-1,400.000,-1,300.000,325.000,300.000,300.000,-1,600.000,550.000,-1,675.000,750.000,850.000,-1,1,0,2,0,2,0,0,0,0,2,0,0,2,0,0,1,2
69,2200.654,5969.139,-68.239,-178.739,-0.998987,0.021986,-0.039267,-0.020377,-0.998955,-0.040911,-0.040126,-0.040069,0.998391,0,0.91019,0.79029,54.611,1.581,650.000,375.000,-1,400.000,-1,300.000,325.000,300.000,300.000,-1,575.000,550.000,-1,675.000,750.000,800.000,-1,1,0,2,0,2,0,0,0,0,2,0,0,2,0,0,1,2
70,2145.240,5966.622,-70.709,-177.399,-0.998276,0.045354,-0.037263,-0.043858,-0.998236,-0.040020,-0.039013,-0.038316,0.998504,0,0.92453,0.67029,55.472,1.341,600.000,375.000,-1,400.000,-1,300.000,325.000,300.000,300.000,-1,550.000,525.000,-1,675.000,750.000,750.000,-1,1,0,2,0,2,0,0,0,0,2,0,0,2,0,0,1,2
71,2089.617,5963.024,-73.226,-176.298,-0.997294,0.064523,-0.035222,-0.063140,-0.997240,-0.039064,-0.037645,-0.036734,0.998616,0,0.92899,0.55029,55.739,1.101,575.000,375.000,-1,400.000,-1,300.000,325.000,300.000,300.000,-1,550.000,500.000,-1,675.000,750.000,700.000,-1,1,0,2,0,2,0,0,0,0,2,0,0,2,0,0,1,2
72,2033.804,5958.571,-75.778,-175.437,-0.996284,0.079498,-0.033143,-0.078225,-0.996209,-0.038065,-0.036044,-0.035331,0.998725,0,0.93318,0.43029,55.991,0.861,525.000,375.000,-1,400.000,-1,300.000,325.000,300.000,300.000,-1,500.000,450.000,-1,675.000,750.000,650.000,-1,1,0,2,0,2,0,0,0,0,2,0,0,2,0,0,1,2
73,1977.813,5953.493,-78.228,-174.817,-0.995426,0.090285,-0.031250,-0.089097,-0.995315,-0.037542,-0.034493,-0.034586,0.998806,0,0.93702,0.31029,56.221,0.621,500.000,375.000,-1,400.000,-1,300.000,325.000,300.000,300.000,-1,450.000,425.000,-1,675.000,750.000,600.000,-1,1,0,2,0,2,0,0,0,0,2,0,0,2,1,0,1,2
74,1921.654,5948.023,-80.148,-174.436,-0.994843,0.096896,-0.029965,-0.095760,-0.994706,-0.037275,-0.033418,-0.034214,0.998856,0,0.94041,0.19029,56.425,0.381,475.000,375.000,-1,400.000,975.000,300.000,325.000,300.000,300.000,-1,475.000,425.000,-1,650.000,750.000,575.000,-1,1,0,2,0,1,0,0,0,0,2,0,0,2,1,0,1,2
75,1865.341,5942.398,-81.791,-174.296,-0.994633,0.099341,-0.028934,-0.098285,-0.994511,-0.035880,-0.032340,-0.032843,0.998937,0,0.94322,0.07029,56.593,0.141,425.000,375.000,-1,400.000,925.000,300.000,325.000,300.000,300.000,-1,500.000,475.000,-1,650.000,750.000,550.000,-1,1,0,2,0,1,0,0,0,0,2,0,0,2,1,0,1,2
76,1808.892,5936.859,-83.421,-174.395,-0.994833,0.097619,-0.027897,-0.096642,-0.994722,-0.034461,-0.031113,-0.031587,0.999017,0,0.94534,-0.04971,56.720,-0.099,400.000,375.000,-1,400.000,875.000,300.000,325.000,300.000,300.000,-1,525.000,500.000,-1,650.000,750.000,525.000,-1,1,0,2,0,1,0,0,0,0,2,0,0,2,1,0,1,2
77,1752.335,5931.648,-85.032,-174.735,-0.995422,0.091728,-0.026856,-0.090827,-0.995319,-0.033032,-0.029760,-0.030441,0.999093,0,0.94660,-0.16971,56.796,-0.339,375.000,375.000,-1,400.000,850.000,300.000,325.000,300.000,300.000,-1,575.000,525.000,-1,650.000,750.000,500.000,-1,1,0,2,0,1,0,0,0,0,2,0,0,2,1,0,1,2
78,1695.714,5927.007,-86.616,-175.314,-0.996326,0.081661,-0.025819,-0.080833,-0.996226,-0.031604,-0.028302,-0.029401,0.999167,0,0.94685,-0.28971,56.811,-0.579,350.000,375.000,-1,400.000,800.000,325.000,325.000,300.000,300.000,-1,600.000,550.000,-1,650.000,750.000,475.000,-1,1,0,2,0,1,0,0,0,0,2,0,0,2,1,0,1,2
79,1639.089,5923.180,-88.167,-176.133,-0.997418,0.067407,-0.024791,-0.066650,-0.997319,-0.030193,-0.026760,-0.028463,0.999237,0,0.94591,-0.40971,56.754,-0.819,350.000,375.000,-1,400.000,750.000,325.000,325.000,300.000,300.000,-1,625.000,575.000,-1,675.000,750.000,475.000,1000.000,1,0,2,0,1,0,0,1,0,2,0,0,2,1,0,1,1
80,1582.541,5920.408,-89.682,-177.193,-0.998518,0.048957,-0.023781,-0.048266,-0.998419,-0.028813,-0.025154,-0.027622,0.999302,0,0.94360,-0.52971,56.616,-1.059,325.000,375.000,-1,400.000,725.000,325.000,325.000,275.000,300.000,-1,675.000,600.000,-1,675.000,750.000,500.000,925.000,1,0,2,0,1,0,0,1,0,2,0,0,2,1,0,1,1
81,1526.175,5918.925,-91.155,-178.492,-0.999394,0.026304,-0.022797,-0.025674,-0.999293,-0.027479,-0.023504,-0.026877,0.999362,0,0.93976,-0.64971,56.385,-1.299,325.000,375.000,-1,400.000,675.000,325.000,325.000,250.000,300.000,-1,700.000,625.000,-1,675.000,775.000,525.000,850.000,1,0,2,0,1,0,0,1,0,2,0,0,2,0,0,1,1
82,1470.121,5918.956,-92.585,-180.032,-0.999761,-0.000552,-0.021852,0.001124,-0.999656,-0.026207,-0.021830,-0.026226,0.999418,0,0.93423,-0.76971,56.054,-1.539,350.000,375.000,-1,400.000,625.000,325.000,325.000,250.000,300.000,-1,750.000,675.000,-1,675.000,750.000,575.000,775.000,1,0,2,0,1,0,0,1,0,2,0,0,2,0,1,1,1
83,1414.530,5920.616,-93.968,-181.709,-0.999336,-0.029822,-0.020957,0.030343,-0.999227,-0.025008,-0.020195,-0.025627,0.999468,0,0.92692,-0.83893,55.615,-1.678,375.000,375.000,-1,400.000,575.000,325.000,325.000,225.000,300.000,-1,775.000,700.000,-1,700.000,700.000,650.000,700.000,1,0,2,0,1,0,0,1,0,2,0,0,2,0,1,1,1
84,1359.542,5923.843,-95.308,-183.359,-0.998081,-0.058568,-0.020119,0.059042,-0.997970,-0.023876,-0.018680,-0.025018,0.999512,0,0.91805,-0.82459,55.083,-1.649,400.000,375.000,-1,400.000,525.000,325.000,325.000,225.000,300.000,-1,825.000,725.000,-1,700.000,675.000,775.000,650.000,1,0,2,0,1,0,0,1,0,2,0,0,2,0,1,1,1
85,1305.262,5928.587,-96.436,-184.994,-0.996015,-0.087029,-0.019468,0.087453,-0.995923,-0.022101,-0.017466,-0.023715,0.999566,0,0.90812,-0.81775,54.487,-1.635,450.000,375.000,-1,400.000,475.000,325.000,325.000,225.000,300.000,-1,900.000,800.000,-1,700.000,625.000,1000.000,575.000,1,0,2,0,1,0,0,1,0,2,0,0,2,0,1,1,1
86,1251.782,5934.799,-97.210,-186.625,-0.993145,-0.115347,-0.018909,0.115728,-0.993070,-0.020450,-0.016419,-0.022498,0.999612,0,0.89733,-0.81560,53.840,-1.631,500.000,375.000,-1,400.000,425.000,325.000,325.000,225.000,300.000,-1,975.000,850.000,-1,700.000,600.000,-1,500.000,1,0,2,0,1,0,0,1,0,2,0,0,2,0,1,2,1
87,1199.179,5942.430,-97.892,-188.254,-0.989478,-0.143522,-0.018300,0.143866,-0.989412,-0.019126,-0.015362,-0.021558,0.999650,0,0.88588,-0.81415,53.153,-1.628,550.000,375.000,-1,400.000,400.000,325.000,325.000,225.000,300.000,-1,-1,925.000,-1,700.000,550.000,-1,450.000,1,0,2,1,1,0,0,1,0,2,2,0,2,0,1,2,1
88,1147.513,5951.429,-98.123,-189.880,-0.985033,-0.171550,-0.016754,0.171866,-0.984924,-0.019671,-0.013126,-0.022256,0.999666,0,0.87406,-0.81339,52.444,-1.627,650.000,375.000,-1,375.000,350.000,325.000,325.000,225.000,300.000,-1,-1,950.000,-1,700.000,525.000,-1,400.000,1,0,2,1,1,0,0,1,0,2,2,0,2,0,1,2,1
89,1092.866,5962.315,-98.029,-191.267,-0.980631,-0.195328,-0.014518,0.195612,-0.980440,-0.021767,-0.009982,-0.024185,0.999658,0,0.92868,-0.69339,55.721,-1.387,825.000,400.000,-1,375.000,325.000,325.000,325.000,225.000,300.000,-1,-1,975.000,-1,700.000,500.000,-1,375.000,1,0,2,1,1,0,0,1,0,2,2,0,2,0,1,2,1
90,1039.132,5974.143,-97.593,-192.414,-0.976567,-0.214893,-0.011740,0.215130,-0.976254,-0.025432,-0.005996,-0.027362,0.999608,0,0.91701,-0.57339,55.021,-1.147,-1,400.000,-1,350.000,300.000,325.000,350.000,225.000,325.000,-1,-1,900.000,-1,725.000,475.000,-1,325.000,2,0,2,1,1,0,0,1,0,2,2,0,2,0,1,2,1
91,986.210,5986.672,-96.838,-193.321,-0.973086,-0.230286,-0.008471,0.230439,-0.972605,-0.030601,-0.001192,-0.031729,0.999496,0,0.90641,-0.45339,54.385,-0.907,-1,400.000,-1,350.000,275.000,350.000,350.000,225.000,325.000,-1,825.000,700.000,-1,725.000,450.000,-1,300.000,2,0,2,1,1,0,0,1,0,2,0,0,2,0,1,2,1
92,933.983,5999.679,-95.790,-193.988,-0.970378,-0.241544,-0.004726,0.241550,-0.969676,-0.037170,0.004395,-0.037210,0.999298,0,0.89703,-0.33339,53.822,-0.667,-1,425.000,-1,325.000,250.000,350.000,375.000,250.000,350.000,-1,600.000,575.000,-1,750.000,450.000,-1,275.000,2,0,2,1,1,0,1,1,0,2,0,0,2,0,1,2,1
93,877.206,6014.269,-94.343,-194.414,-0.968584,-0.248687,-0.000042,0.248428,-0.967567,-0.045800,0.011349,-0.044372,0.998951,0,0.97703,-0.21339,58.622,-0.427,-1,425.000,-1,325.000,225.000,375.000,350.000,250.000,375.000,425.000,425.000,475.000,-1,775.000,425.000,-1,250.000,2,0,2,1,1,0,1,1,0,1,0,0,2,0,1,2,1
94,819.143,6029.391,-92.554,-194.601,-0.967781,-0.251735,0.005452,0.251046,-0.966348,-0.056110,0.019393,-0.052933,0.998410,0,1.00000,-0.09339,60.000,-0.187,-1,450.000,-1,325.000,200.000,375.000,350.000,250.000,350.000,375.000,275.000,375.000,-1,825.000,450.000,-1,225.000,2,0,2,1,1,0,1,1,1,1,0,0,2,0,1,2,1
95,761.065,6044.458,-90.498,-194.548,-0.967995,-0.250696,0.011712,0.249371,-0.966040,-0.067684,0.028282,-0.062597,0.997638,0,1.00000,0.02661,60.000,0.053,-1,450.000,-1,325.000,175.000,400.000,350.000,250.000,325.000,350.000,200.000,300.000,-1,850.000,450.000,-1,225.000,2,0,2,1,1,0,1,1,1,1,0,0,2,0,1,2,1
96,702.910,6059.226,-88.109,-194.255,-0.969194,-0.245581,0.018787,0.243392,-0.966649,-0.079687,0.037730,-0.072659,0.996643,0,1.00000,0.14661,60.000,0.293,-1,475.000,-1,325.000,175.000,400.000,375.000,250.000,300.000,325.000,150.000,275.000,-1,875.000,475.000,-1,200.000,2,0,2,1,1,0,1,0,1,1,0,0,2,0,1,2,1
97,644.620,6073.452,-85.238,-193.721,-0.971255,-0.236404,0.027873,0.233044,-0.968192,-0.091080,0.048518,-0.081967,0.995453,0,1.00000,0.26661,60.000,0.533,-1,500.000,-1,350.000,150.000,425.000,375.000,250.000,275.000,325.000,125.000,225.000,-1,925.000,500.000,-1,200.000,2,0,2,1,1,0,1,0,1,1,0,0,2,0,1,2,1
98,586.143,6086.889,-82.182,-192.948,-0.974102,-0.223119,0.036641,0.218415,-0.970434,-0.102726,0.058478,-0.092063,0.994035,0,1.00000,0.38661,60.000,0.773,-1,525.000,-1,375.000,150.000,450.000,400.000,250.000,250.000,325.000,100.000,225.000,-1,975.000,525.000,-1,250.000,2,0,2,1,1,0,1,0,1,1,0,0,2,0,1,2,1
99,527.439,6099.293,-80.545,-191.935,-0.977777,-0.205830,0.039825,0.200623,-0.973785,-0.107210,0.060848,-0.096837,0.993438,0,1.00000,0.50661,60.000,1.013,-1,525.000,-1,375.000,175.000,475.000,400.000,250.000,225.000,350.000,100.000,250.000,-1,975.000,550.000,-1,275.000,2,0,2,1,1,0,1,0,1,1,0,0,2,0,1,2,1
100,468.479,6110.408,-78.789,-190.682,-0.981996,-0.184386,0.041067,0.178891,-0.977541,-0.111408,0.060687,-0.102056,0.992926,0,1.00000,0.62661,60.000,1.253,-1,525.000,-1,375.000,175.000,475.000,400.000,250.000,200.000,350.000,125.000,275.000,-1,950.000,575.000,-1,300.000,2,0,2,1,1,0,1,0,1,1,0,0,2,0,1,2,1
101,-4919.492,5575.424,199.309,87.892,0.036638,-0.999266,-0.011217,0.999250,0.036773,-0.012112,0.012516,-0.010764,0.999864,1,0.00000,0.00000,57.859,1.013,-1,375.000,575.000,400.000,-1,300.000,325.000,325.000,350.000,-1,350.000,0.000,-1,500.000,550.000,700.000,-1,2,1,1,1,2,0,0,0,0,2,1,0,2,1,1,1,2
102,-4919.295,5580.220,199.368,87.652,0.040827,-0.999105,-0.011089,0.999090,0.040959,-0.011938,0.012382,-0.010592,0.999867,0,0.08000,-0.12000,4.800,-0.240,-1,375.000,575.000,400.000,-1,300.000,325.000,325.000,350.000,-1,375.000,0.000,-1,475.000,550.000,675.000,-1,2,1,1,1,2,0,0,0,0,2,1,0,2,1,1,1,2
103,-4918.855,5589.810,199.488,87.373,0.045703,-0.998896,-0.010824,0.998882,0.045828,-0.011600,0.012083,-0.010281,0.999874,0,0.16000,-0.13964,9.600,-0.279,-1,375.000,575.000,400.000,-1,300.000,325.000,325.000,350.000,-1,375.000,0.000,-1,475.000,525.000,650.000,-1,2,1,1,1,2,0,0,0,0,2,1,0,2,1,1,1,2
104,-4918.127,5604.191,199.667,87.100,0.050470,-0.998671,-0.010410,0.998658,0.050585,-0.011100,0.011612,-0.009835,0.999884,0,0.24000,-0.13644,14.400,-0.273,-1,350.000,550.000,375.000,-1,300.000,325.000,325.000,350.000,-1,400.000,0.000,-1,450.000,525.000,625.000,-1,2,1,1,1,2,0,0,0,0,2,1,0,2,1,1,1,2
105,-4917.067,5623.362,199.906,86.836,0.055082,-0.998433,-0.009838,0.998422,0.055184,-0.010439,0.010966,-0.009247,0.999897,0,0.32000,-0.13193,19.200,-0.264,-1,350.000,525.000,375.000,-1,300.000,325.000,325.000,350.000,-1,425.000,0.000,-1,450.000,525.000,575.000,-1,2,1,1,1,2,0,1,0,0,2,1,0,2,1,1,1,2
106,-4915.637,5647.319,200.205,86.584,0.059492,-0.998187,-0.009099,0.998177,0.059579,-0.009618,0.010143,-0.008510,0.999912,0,0.40000,-0.12609,24.000,-0.252,-1,325.000,500.000,375.000,-1,300.000,300.000,350.000,350.000,-1,450.000,0.000,-1,425.000,500.000,550.000,-1,2,1,1,1,2,1,1,0,0,2,1,0,2,1,1,1,2
107,-4913.802,5676.061,200.562,86.346,0.063651,-0.997939,-0.008187,0.997930,0.063722,-0.008637,0.009141,-0.007620,0.999929,0,0.48000,-0.11890,28.800,-0.238,-1,325.000,475.000,350.000,-1,275.000,300.000,350.000,350.000,-1,475.000,0.000,-1,400.000,475.000,500.000,-1,2,1,1,1,2,1,1,0,0,2,1,0,2,1,1,1,2
108,-4911.532,5709.584,200.977,86.126,0.067513,-0.997693,-0.007096,0.997687,0.067566,-0.007496,0.007959,-0.006573,0.999947,0,0.56000,-0.11037,33.600,-0.221,-1,300.000,450.000,325.000,-1,250.000,275.000,350.000,350.000,-1,500.000,0.000,-1,375.000,450.000,450.000,-1,2,1,1,1,2,1,1,0,0,2,1,0,2,1,1,1,2
109,-4908.803,5747.887,201.447,85.925,0.071029,-0.997457,-0.005821,0.997452,0.071065,-0.006197,0.006595,-0.005366,0.999964,0,0.64000,-0.10046,38.400,-0.201,-1,275.000,400.000,300.000,-1,225.000,250.000,350.000,350.000,-1,550.000,0.000,-1,325.000,400.000,400.000,-1,2,1,1,1,2,1,1,0,0,2,1,0,2,1,1,1,2
110,-4905.598,5790.968,201.973,85.746,0.074149,-0.997238,-0.004361,0.997234,0.074169,-0.004739,0.005049,-0.003998,0.999979,0,0.72000,-0.08916,43.200,-0.178,-1,225.000,375.000,275.000,-1,200.000,225.000,350.000,350.000,-1,600.000,0.000,-1,300.000,375.000,350.000,-1,2,1,1,1,2,1,1,0,0,2,1,0,2,1,1,1,2
111,-4901.911,5838.826,202.551,85.594,0.076822,-0.997041,-0.002716,0.997039,0.076830,-0.003122,0.003321,-0.002468,0.999991,0,0.80000,-0.07644,48.000,-0.153,425.000,200.000,325.000,250.000,-1,175.000,200.000,350.000,350.000,-1,650.000,0.000,-1,250.000,325.000,300.000,-1,1,1,1,1,2,1,1,0,0,2,1,0,2,1,1,1,2
112,-4897.739,5891.461,203.573,85.469,0.079000,-0.996874,0.000585,0.996869,0.078998,-0.003371,0.003314,0.000849,0.999994,0,0.88000,-0.06228,52.800,-0.125,325.000,175.000,275.000,225.000,-1,150.000,175.000,350.000,350.000,-1,700.000,0.000,-1,200.000,300.000,225.000,550.000,1,1,1,1,2,1,1,0,0,2,1,0,2,1,1,1,1
113,-4893.375,5945.450,210.206,85.376,0.080995,-0.996602,0.014957,0.996437,0.080609,-0.024820,0.023530,0.016914,0.999580,0,0.90273,-0.04664,54.164,-0.093,-1,150.000,250.000,200.000,-1,125.000,175.000,400.000,350.000,-1,725.000,0.000,-1,200.000,275.000,250.000,975.000,2,1,1,1,2,1,1,0,0,2,1,0,2,1,1,1,1
114,-4888.876,6000.403,219.799,85.315,0.082809,-0.996386,0.018933,0.995137,0.081659,-0.055086,0.053340,0.023403,0.998302,0,0.91890,-0.03048,55.134,-0.061,-1,150.000,250.000,225.000,-1,125.000,175.000,450.000,375.000,-1,75.000,0.000,975.000,175.000,325.000,275.000,-1,2,1,1,1,2,1,1,1,0,2,0,0,1,1,1,1,2
115,-9511.282,-4919.649,373.857,148.825,-0.779573,-0.511670,-0.361192,0.531129,-0.845712,0.051695,-0.331915,-0.151540,0.931057,1,0.00000,0.00000,56.119,-0.028,100.000,175.000,425.000,275.000,850.000,175.000,225.000,325.000,-1,-1,75.000,0.000,-1,225.000,400.000,100.000,525.000,0,0,0,0,0,0,0,0,2,2,1,1,2,0,0,0,0
116,-5575.406,-2296.025,366.653,-103.993,-0.120945,0.944703,-0.304810,-0.897189,-0.235427,-0.373666,-0.424763,0.228279,0.876051,1,0.00000,0.00000,4.800,0.087,625.000,275.000,375.000,225.000,200.000,250.000,200.000,225.000,350.000,-1,275.000,250.000,325.000,375.000,250.000,475.000,200.000,0,1,0,0,0,0,0,1,1,2,1,1,1,0,0,0,0
117,9512.291,-8855.810,299.895,150.353,-0.867670,-0.494659,0.049606,0.493699,-0.869084,-0.030888,0.058391,-0.002310,0.998291,1,-0.02450,0.12000,-1.470,0.240,-1,450.000,-1,425.000,-1,350.000,350.000,300.000,300.000,-1,-1,-1,-1,-1,850.000,-1,-1,2,0,2,0,2,0,0,0,0,2,2,2,2,2,1,2,2
118,9513.602,-8856.541,299.781,150.833,-0.871785,-0.487360,0.049713,0.486384,-0.873196,-0.030961,0.058498,-0.002811,0.998284,0,-0.02503,0.24000,-1.502,0.480,-1,450.000,-1,425.000,-1,350.000,350.000,300.000,275.000,-1,-1,-1,-1,-1,850.000,-1,-1,2,0,2,0,2,0,0,0,0,2,2,2,2,2,1,2,2
119,9514.957,-8857.275,299.651,151.553,-0.877844,-0.476348,0.049821,0.475350,-0.879250,-0.031029,0.058586,-0.003557,0.998276,0,-0.02568,0.36000,-1.541,0.720,-1,425.000,-1,425.000,-1,350.000,350.000,300.000,275.000,-1,-1,-1,-1,-1,850.000,-1,-1,2,0,2,0,2,0,0,0,0,2,2,2,2,2,1,2,2
120,9516.365,-8858.008,299.508,152.513,-0.885709,-0.461548,0.049931,0.460522,-0.887104,-0.031095,0.058646,-0.004546,0.998269,0,-0.02646,0.48000,-1.588,0.960,-1,425.000,-1,425.000,-1,350.000,350.000,300.000,275.000,-1,-1,-1,-1,-1,850.000,-1,-1,2,0,2,0,2,0,0,0,0,2,2,2,2,2,1,2,2
121,9517.839,-8858.736,299.352,153.713,-0.895190,-0.442866,0.050043,0.441806,-0.896569,-0.031156,0.058665,-0.005781,0.998261,0,-0.02739,0.60000,-1.644,1.200,-1,425.000,-1,425.000,-1,350.000,350.000,300.000,275.000,-1,-1,-1,-1,-1,850.000,-1,-1,2,0,2,0,2,0,0,0,0,2,2,2,2,2,1,2,2
122,9519.390,-8859.454,299.186,155.153,-0.906048,-0.420191,0.050159,0.419093,-0.907407,-0.031216,0.058631,-0.007262,0.998253,0,-0.02850,0.72000,-1.710,1.440,-1,425.000,-1,425.000,-1,350.000,350.000,300.000,275.000,-1,-1,-1,-1,-1,850.000,-1,-1,2,0,2,0,2,0,0,0,0,2,2,2,2,2,1,2,2
123,9521.034,-8860.158,299.011,156.833,-0.917991,-0.393402,0.050279,0.392260,-0.919323,-0.031274,0.058526,-0.008986,0.998245,0,-0.02980,0.84000,-1.788,1.680,-1,425.000,-1,425.000,-1,350.000,350.000,300.000,275.000,-1,-1,-1,-1,-1,875.000,-1,-1,2,0,2,0,2,0,0,0,0,2,2,2,2,2,1,2,2
124,9522.785,-8860.839,298.831,158.745,-0.930619,-0.362503,0.050406,0.361312,-0.931918,-0.031331,0.058332,-0.010945,0.998237,0,-0.03132,0.95601,-1.879,1.912,-1,425.000,-1,425.000,-1,350.000,350.000,300.000,275.000,-1,-1,-1,-1,1000.000,875.000,-1,-1,2,0,2,0,2,0,0,0,0,2,2,2,2,0,1,2,2
125,9524.658,-8861.497,298.656,160.650,-0.942165,-0.331318,0.050542,0.330079,-0.943431,-0.031394,0.058084,-0.012896,0.998228,0,-0.03308,0.95244,-1.985,1.905,-1,425.000,-1,425.000,-1,350.000,350.000,300.000,275.000,-1,-1,-1,-1,1000.000,900.000,-1,-1,2,0,2,0,2,0,0,0,0,2,2,2,2,0,1,2,2
126,9526.658,-8862.126,298.485,162.547,-0.952628,-0.299884,0.050689,0.298597,-0.953860,-0.031462,0.057785,-0.014836,0.998219,0,-0.03494,0.94893,-2.097,1.898,-1,425.000,-1,425.000,-1,350.000,350.000,300.000,275.000,-1,-1,-1,-1,975.000,925.000,-1,-1,2,0,2,0,2,0,0,0,0,2,2,2,2,0,1,2,2
127,9528.790,-8862.720,298.318,164.438,-0.962010,-0.268237,0.050848,0.266904,-0.963207,-0.031534,0.057436,-0.016764,0.998208,0,-0.03690,0.94549,-2.214,1.891,-1,425.000,-1,450.000,-1,350.000,350.000,275.000,275.000,-1,-1,-1,-1,975.000,975.000,-1,-1,2,0,2,0,2,0,0,0,0,2,2,2,2,0,1,2,2
128,9531.060,-8863.273,298.155,166.323,-0.970312,-0.236413,0.051019,0.235033,-0.971473,-0.031608,0.057036,-0.018679,0.998197,0,-0.03894,0.94214,-2.336,1.884,-1,425.000,-1,450.000,-1,350.000,350.000,275.000,275.000,-1,-1,-1,-1,950.000,1000.000,-1,-1,2,0,2,0,2,0,0,0,0,2,2,2,2,0,1,2,2
129,9533.472,-8863.777,297.996,168.200,-0.977538,-0.204446,0.051203,0.203022,-0.978661,-0.031685,0.056588,-0.020578,0.998186,0,-0.04106,0.93885,-2.464,1.878,-1,425.000,-1,450.000,-1,350.000,350.000,275.000,275.000,-1,-1,-1,-1,950.000,-1,-1,-1,2,0,2,0,2,0,0,0,0,2,2,2,2,0,2,2,2
130,9531.172,-8863.365,298.109,169.838,-0.982999,-0.176387,0.051000,0.174942,-0.984072,-0.031569,0.055756,-0.022110,0.998200,0,0.03894,0.81885,2.336,1.638,-1,425.000,-1,450.000,-1,350.000,350.000,275.000,275.000,-1,-1,-1,-1,925.000,-1,-1,-1,2,0,2,0,2,0,0,0,0,2,2,2,2,0,2,2,2
131,9524.119,-8862.278,298.485,171.236,-0.987044,-0.152327,0.050410,0.150886,-0.988056,-0.031283,0.054573,-0.023272,0.998239,0,0.11894,0.69885,7.136,1.398,-1,425.000,-1,425.000,-1,350.000,350.000,275.000,275.000,-1,-1,-1,-1,925.000,-1,-1,-1,2,0,2,0,2,0,0,0,0,2,2,2,2,0,2,2,2
132,9512.288,-8860.698,299.116,172.393,-0.989972,-0.132331,0.049432,0.130916,-0.990913,-0.030844,0.053065,-0.024064,0.998301,0,0.19894,0.57885,11.936,1.158,-1,425.000,-1,425.000,-1,350.000,350.000,275.000,275.000,-1,-1,-1,-1,900.000,-1,-1,-1,2,0,2,0,2,0,0,0,0,2,2,2,2,0,2,2,2
133,9495.666,-8858.749,299.998,173.311,-0.992034,-0.116442,0.048069,0.115077,-0.992896,-0.030259,0.051251,-0.024487,0.998386,0,0.27894,0.45885,16.736,0.918,-1,425.000,-1,425.000,-1,325.000,350.000,275.000,275.000,-1,-1,-1,-1,900.000,-1,-1,-1,2,0,2,0,2,0,0,0,0,2,2,2,2,0,2,2,2
134,9474.248,-8856.494,301.123,173.989,-0.993426,-0.104689,0.046319,0.103394,-0.994202,-0.029528,0.049141,-0.024544,0.998490,0,0.35894,0.33885,21.536,0.678,-1,425.000,-1,425.000,-1,325.000,350.000,275.000,275.000,-1,-1,-1,-1,875.000,-1,-1,-1,2,0,2,0,2,0,0,0,0,2,2,2,2,0,2,2,2
