timestep,x_cm,y_cm,z_cm,yaw_deg,basis_xx,basis_xy,basis_xz,basis_yx,basis_yy,basis_yz,basis_zx,basis_zy,basis_zz,teleport_flag,throttle_cmd,steering_cmd,cmd_move_cm,cmd_turn_deg,lidar_cm_0,lidar_cm_1,lidar_cm_2,lidar_cm_3,lidar_cm_4,lidar_cm_5,lidar_cm_6,lidar_cm_7,lidar_cm_8,lidar_cm_9,lidar_cm_10,lidar_cm_11,lidar_cm_12,lidar_cm_13,lidar_cm_14,lidar_cm_15,lidar_cm_16,lidar_class_0,lidar_class_1,lidar_class_2,lidar_class_3,lidar_class_4,lidar_class_5,lidar_class_6,lidar_class_7,lidar_class_8,lidar_class_9,lidar_class_10,lidar_class_11,lidar_class_12,lidar_class_13,lidar_class_14,lidar_class_15,lidar_class_16
0,6226.912,2297.602,-166.679,157.448,-0.921736,-0.383015,-0.060840,0.377935,-0.922316,0.080610,-0.086989,0.051308,0.994887,1,0.08000,-0.12000,4.800,-0.240,-1,450.000,-1,350.000,475.000,350.000,300.000,225.000,250.000,-1,-1,-1,-1,825.000,550.000,-1,600.000,2,0,2,0,0,0,0,1,0,2,2,2,2,0,0,2,0
1,6218.077,2301.359,-167.359,156.968,-0.918397,-0.390754,-0.062114,0.385619,-0.919134,0.080562,-0.088571,0.050035,0.994812,0,0.16000,-0.24000,9.600,-0.480,-1,450.000,-1,350.000,475.000,350.000,300.000,225.000,250.000,-1,-1,-1,-1,800.000,550.000,-1,575.000,2,0,2,0,0,0,0,1,0,2,2,2,2,0,0,2,0
2,6204.897,2307.161,-168.395,156.248,-0.913261,-0.402312,-0.064026,0.397105,-0.914242,0.080434,-0.090895,0.048032,0.994701,0,0.24000,-0.36000,14.400,-0.720,-1,425.000,-1,325.000,450.000,325.000,300.000,225.000,250.000,-1,-1,-1,-1,775.000,550.000,-1,550.000,2,0,2,0,0,0,0,1,0,2,2,2,2,0,0,2,0
3,6187.447,2315.171,-169.801,155.345,-0.906594,-0.416725,-0.066544,0.411446,-0.907905,0.080126,-0.093806,0.045262,0.994561,0,0.32000,-0.45151,19.200,-0.903,-1,425.000,-1,325.000,425.000,325.000,300.000,225.000,250.000,-1,-1,-1,-1,750.000,525.000,-1,525.000,2,0,2,0,0,0,0,1,0,2,2,2,2,0,0,2,0
4,6165.796,2325.528,-171.589,154.439,-0.899622,-0.431092,-0.069574,0.425773,-0.901339,0.079410,-0.096943,0.041816,0.994411,0,0.40000,-0.45295,24.000,-0.906,-1,400.000,-1,325.000,400.000,325.000,275.000,225.000,250.000,-1,-1,-1,-1,725.000,500.000,-1,475.000,2,0,2,0,0,0,0,1,0,2,2,2,2,0,0,2,0
5,6140.015,2338.368,-173.780,153.529,-0.892329,-0.445424,-0.073114,0.440121,-0.894532,0.078145,-0.100211,0.037552,0.994257,0,0.48000,-0.45490,28.800,-0.910,-1,400.000,-1,325.000,400.000,300.000,275.000,250.000,250.000,-1,-1,-1,-1,700.000,500.000,-1,450.000,2,0,2,0,0,0,0,1,0,2,2,2,2,0,0,2,0
6,6110.181,2353.824,-176.399,152.615,-0.884698,-0.459735,-0.077162,0.454532,-0.887469,0.076158,-0.103491,0.032304,0.994106,0,0.56000,-0.45743,33.600,-0.915,-1,375.000,-1,300.000,375.000,300.000,275.000,250.000,250.000,-1,-1,-1,-1,650.000,475.000,-1,425.000,2,0,2,0,0,0,0,1,0,2,2,2,2,0,0,2,0
7,6077.123,2371.630,-179.423,151.693,-0.876717,-0.474032,-0.081615,0.469054,-0.880125,0.073261,-0.106559,0.025947,0.993968,0,0.62580,-0.46062,37.548,-0.921,-1,375.000,-1,300.000,350.000,300.000,275.000,250.000,250.000,-1,-1,-1,-1,625.000,475.000,-1,400.000,2,0,2,0,0,0,0,1,0,2,2,2,2,0,0,2,0
8,6040.730,2391.794,-182.978,151.012,-0.871008,-0.484545,-0.080998,0.480433,-0.874577,0.065573,-0.102612,0.018200,0.994555,0,0.69344,-0.34062,41.607,-0.681,-1,350.000,-1,300.000,375.000,300.000,275.000,250.000,250.000,425.000,-1,-1,-1,625.000,475.000,-1,425.000,2,0,2,0,0,0,0,1,0,1,2,2,2,0,0,2,0
9,6004.752,2412.090,-186.086,150.571,-0.867409,-0.491310,-0.078843,0.487969,-0.870898,0.058508,-0.097410,0.012277,0.995169,0,0.68848,-0.22062,41.309,-0.441,-1,350.000,-1,300.000,400.000,300.000,275.000,250.000,250.000,400.000,-1,-1,-1,625.000,475.000,-1,450.000,2,0,2,0,0,0,0,1,0,1,2,2,2,0,0,2,0
10,5969.015,2432.415,-189.046,150.370,-0.865866,-0.494391,-0.076504,0.491750,-0.869212,0.051509,-0.091964,0.006979,0.995738,0,0.68524,-0.10062,41.114,-0.201,-1,350.000,-1,300.000,425.000,300.000,275.000,250.000,275.000,400.000,-1,-1,-1,625.000,500.000,-1,475.000,2,0,2,0,0,0,0,1,0,1,2,2,2,0,0,2,0
11,5933.358,2452.664,-191.916,150.408,-0.866400,-0.493814,-0.074154,0.491807,-0.869565,0.044527,-0.086470,0.002109,0.996252,0,0.68344,0.01938,41.006,0.039,-1,350.000,-1,325.000,450.000,300.000,275.000,250.000,275.000,400.000,-1,-1,-1,625.000,500.000,-1,500.000,2,0,2,0,0,0,0,1,0,1,2,2,2,0,0,2,0
12,5897.632,2472.721,-194.774,150.687,-0.868977,-0.489577,-0.072072,0.488148,-0.871956,0.037471,-0.081189,-0.002620,0.996695,0,0.68287,0.13938,40.972,0.279,-1,350.000,-1,325.000,500.000,300.000,275.000,275.000,275.000,400.000,-1,-1,-1,625.000,500.000,-1,525.000,2,0,2,0,0,0,0,1,0,1,2,2,2,0,0,2,0
13,5857.520,2494.766,-197.946,151.206,-0.873572,-0.481649,-0.069901,0.480800,-0.876330,0.029616,-0.075521,-0.007737,0.997114,0,0.76287,0.25938,45.772,0.519,-1,375.000,-1,325.000,525.000,300.000,275.000,275.000,275.000,400.000,-1,-1,-1,625.000,525.000,-1,575.000,2,0,2,0,0,0,0,1,0,1,2,2,2,0,0,2,0
14,5815.929,2516.912,-201.193,151.965,-0.880074,-0.469977,-0.067763,0.469655,-0.882586,0.021610,-0.069963,-0.012806,0.997467,0,0.78534,0.37938,47.121,0.759,-1,375.000,-1,325.000,575.000,300.000,275.000,275.000,275.000,400.000,-1,-1,-1,625.000,525.000,-1,600.000,2,0,2,0,0,0,0,1,0,1,2,2,2,0,0,2,0
15,5774.282,2538.164,-204.403,152.963,-0.888328,-0.454488,-0.065685,0.454621,-0.890578,0.013776,-0.064759,-0.017624,0.997745,0,0.77928,0.49938,46.757,0.999,-1,375.000,-1,325.000,625.000,300.000,275.000,275.000,275.000,400.000,475.000,-1,-1,625.000,550.000,-1,675.000,2,0,2,0,0,0,0,1,0,1,1,2,2,0,0,2,0
16,5732.454,2558.380,-207.449,154.202,-0.898151,-0.435084,-0.063450,0.435642,-0.900103,0.005491,-0.059501,-0.022710,0.997970,0,0.77431,0.61938,46.458,1.239,-1,375.000,-1,325.000,700.000,300.000,300.000,275.000,275.000,400.000,450.000,-1,-1,625.000,550.000,-1,725.000,2,0,2,0,0,0,0,1,0,1,1,2,2,0,0,2,0
17,5690.333,2577.413,-210.377,155.681,-0.909297,-0.411656,-0.060977,0.412591,-0.910911,-0.003048,-0.054290,-0.027930,0.998135,0,0.77037,0.73938,46.222,1.479,-1,375.000,-1,350.000,775.000,300.000,300.000,275.000,275.000,400.000,450.000,-1,-1,625.000,575.000,-1,825.000,2,0,2,0,0,0,0,1,0,1,1,2,2,0,0,2,0
18,5647.823,2595.106,-213.300,157.400,-0.921454,-0.384091,-0.058283,0.385331,-0.922709,-0.011329,-0.049427,-0.032897,0.998236,0,0.76743,0.85938,46.046,1.719,-1,375.000,-1,350.000,875.000,300.000,300.000,275.000,300.000,400.000,475.000,-1,-1,625.000,600.000,-1,875.000,2,0,2,0,0,0,0,1,0,1,1,2,2,0,0,2,0
19,5604.845,2611.293,-216.214,159.359,-0.934265,-0.352269,-0.055275,0.353746,-0.935140,-0.019387,-0.044860,-0.037665,0.998283,0,0.76542,0.97938,45.925,1.959,-1,375.000,-1,350.000,975.000,300.000,300.000,275.000,300.000,375.000,525.000,900.000,-1,625.000,600.000,-1,950.000,2,0,2,0,0,0,0,1,0,1,1,1,2,0,0,2,0
20,5561.394,2625.948,-219.095,161.359,-0.946210,-0.319361,-0.051915,0.321005,-0.946693,-0.026999,-0.040525,-0.042212,0.998286,0,0.76429,1.00000,45.857,2.000,-1,375.000,-1,375.000,-1,300.000,300.000,275.000,300.000,375.000,550.000,850.000,-1,625.000,625.000,-1,-1,2,0,2,0,2,0,0,1,0,1,1,0,2,0,0,2,2
21,5517.506,2639.064,-221.964,163.359,-0.956990,-0.286073,-0.048290,0.287816,-0.957082,-0.033990,-0.036494,-0.046427,0.998255,0,0.76345,1.00000,45.807,2.000,-1,375.000,-1,375.000,-1,300.000,300.000,250.000,300.000,375.000,525.000,600.000,-1,625.000,625.000,-1,-1,2,0,2,0,2,0,0,1,0,1,0,0,2,0,0,2,2
22,5473.225,2650.632,-224.126,165.359,-0.966511,-0.252485,-0.045917,0.254226,-0.966434,-0.037068,-0.035017,-0.047500,0.998257,0,0.76280,1.00000,45.768,2.000,-1,375.000,-1,375.000,-1,300.000,300.000,250.000,300.000,400.000,450.000,525.000,-1,625.000,625.000,-1,-1,2,0,2,0,2,0,0,1,0,1,0,0,2,0,0,2,2
23,5428.596,2660.642,-225.967,167.359,-0.974806,-0.218608,-0.044319,0.220316,-0.974681,-0.038178,-0.034851,-0.046980,0.998288,0,0.76231,1.00000,45.739,2.000,-1,375.000,-1,375.000,-1,300.000,300.000,275.000,300.000,425.000,450.000,525.000,-1,625.000,625.000,-1,-1,2,0,2,0,2,0,0,1,0,1,0,0,2,0,0,2,2
24,5383.664,2669.085,-227.874,169.359,-0.981909,-0.184464,-0.042757,0.186138,-0.981743,-0.039163,-0.034752,-0.046414,0.998318,0,0.76198,1.00000,45.719,2.000,-1,350.000,-1,375.000,-1,300.000,300.000,275.000,300.000,450.000,425.000,525.000,-1,625.000,625.000,-1,-1,2,0,2,0,2,0,0,1,0,1,0,0,2,0,0,2,2
25,5338.475,2675.953,-229.849,171.359,-0.987811,-0.150094,-0.041238,0.151734,-0.987611,-0.040026,-0.034720,-0.045796,0.998347,0,0.76180,1.00000,45.708,2.000,-1,350.000,-1,350.000,-1,300.000,300.000,275.000,300.000,475.000,425.000,500.000,-1,625.000,600.000,-1,-1,2,0,2,0,2,0,0,1,0,1,0,0,2,0,0,2,2
26,5293.077,2681.239,-231.892,173.359,-0.992506,-0.115539,-0.039771,0.117146,-0.992278,-0.040769,-0.034754,-0.045122,0.998377,0,0.76176,1.00000,45.706,2.000,-1,350.000,-1,350.000,-1,300.000,300.000,275.000,300.000,500.000,425.000,500.000,-1,600.000,600.000,1000.000,-1,2,0,2,0,2,0,0,1,0,1,0,0,2,0,0,0,2
27,5247.517,2684.940,-233.617,175.359,-0.996001,-0.080847,-0.038020,0.082351,-0.995807,-0.039828,-0.034641,-0.042799,0.998483,0,0.76185,1.00000,45.711,2.000,-1,350.000,-1,350.000,-1,300.000,300.000,275.000,300.000,525.000,425.000,500.000,-1,600.000,600.000,1000.000,975.000,2,0,2,0,2,0,0,1,0,1,0,0,2,0,0,0,0
28,5201.842,2687.048,-234.545,177.359,-0.998318,-0.046047,-0.035221,0.047443,-0.998076,-0.039909,-0.033316,-0.041513,0.998582,0,0.76206,1.00000,45.724,2.000,-1,350.000,-1,350.000,-1,300.000,300.000,275.000,300.000,550.000,425.000,500.000,-1,625.000,600.000,-1,975.000,2,0,2,0,2,0,0,1,0,1,0,0,2,0,0,2,0
29,5156.103,2687.560,-235.187,179.359,-0.999432,-0.011186,-0.031789,0.012490,-0.999076,-0.041124,-0.031299,-0.041498,0.998648,0,0.76238,1.00000,45.743,2.000,-1,350.000,-1,350.000,-1,300.000,300.000,275.000,300.000,575.000,425.000,475.000,-1,625.000,625.000,-1,1000.000,2,0,2,0,2,0,0,1,0,1,0,0,2,0,0,2,0
30,5110.348,2686.475,-235.897,181.359,-0.999317,0.023688,-0.028354,-0.022482,-0.998860,-0.042109,-0.029320,-0.041442,0.998711,0,0.76280,1.00000,45.768,2.000,-1,350.000,-1,350.000,-1,300.000,300.000,275.000,300.000,600.000,400.000,475.000,-1,625.000,625.000,-1,-1,2,0,2,0,2,0,0,1,0,1,0,0,2,0,0,2,2
31,5064.628,2683.792,-236.675,183.359,-0.997974,0.058533,-0.024928,-0.057431,-0.997429,-0.042863,-0.027373,-0.041344,0.998770,0,0.76332,1.00000,45.799,2.000,-1,375.000,-1,350.000,-1,300.000,300.000,300.000,300.000,600.000,400.000,475.000,-1,625.000,625.000,-1,-1,2,0,2,0,2,0,0,1,0,1,0,0,2,0,0,2,2
32,5018.994,2679.512,-237.514,185.359,-0.995404,0.093308,-0.021540,-0.092310,-0.994783,-0.043419,-0.025479,-0.041231,0.998825,0,0.76392,1.00000,45.835,2.000,-1,375.000,-1,350.000,-1,300.000,300.000,300.000,300.000,625.000,400.000,475.000,-1,650.000,625.000,-1,-1,2,0,2,0,2,0,0,1,0,1,0,0,2,0,0,2,2
33,4973.496,2673.637,-238.413,187.359,-0.991611,0.127969,-0.018208,-0.127076,-0.990926,-0.043797,-0.023648,-0.041116,0.998875,0,0.76461,1.00000,45.876,2.000,-1,375.000,-1,375.000,-1,300.000,300.000,300.000,300.000,650.000,400.000,450.000,-1,650.000,625.000,-1,-1,2,0,2,0,2,0,0,1,0,1,0,0,2,0,0,2,2
34,4928.186,2666.170,-239.394,189.359,-0.986600,0.162475,-0.014885,-0.161692,-0.985864,-0.043907,-0.021808,-0.040912,0.998925,0,0.76536,1.00000,45.921,2.000,-1,375.000,-1,375.000,-1,300.000,300.000,300.000,300.000,675.000,400.000,450.000,-1,650.000,625.000,-1,-1,2,0,2,0,2,0,0,1,0,1,0,0,2,0,0,2,2
35,4883.116,2657.116,-240.459,191.359,-0.980378,0.196785,-0.011584,-0.196113,-0.979605,-0.043748,-0.019957,-0.040617,0.998975,0,0.76617,1.00000,45.970,2.000,-1,375.000,-1,375.000,-1,300.000,300.000,300.000,300.000,700.000,400.000,450.000,-1,650.000,625.000,-1,-1,2,0,2,0,2,0,0,1,0,1,0,0,2,0,0,2,2
36,4838.339,2646.484,-241.608,193.359,-0.972952,0.230856,-0.008322,-0.230297,-0.972156,-0.043319,-0.018090,-0.040231,0.999027,0,0.76705,1.00000,46.023,2.000,-1,375.000,-1,375.000,-1,300.000,300.000,300.000,300.000,725.000,350.000,425.000,-1,650.000,625.000,-1,-1,2,0,2,0,2,0,0,1,0,1,0,0,2,0,0,2,2
37,4793.907,2634.280,-242.798,195.359,-0.964331,0.264651,-0.005019,-0.264211,-0.963532,-0.042405,-0.016058,-0.039567,0.999088,0,0.76797,1.00000,46.078,2.000,-1,375.000,-1,375.000,-1,300.000,300.000,325.000,300.000,750.000,325.000,375.000,-1,650.000,625.000,-1,-1,2,0,2,0,2,0,0,0,0,1,0,0,2,0,0,2,2
38,4749.872,2620.516,-243.988,197.359,-0.954524,0.298128,-0.001668,-0.297814,-0.953748,-0.040882,-0.013779,-0.038526,0.999163,0,0.76894,1.00000,46.137,2.000,-1,375.000,-1,375.000,-1,300.000,300.000,300.000,300.000,775.000,300.000,350.000,-1,675.000,650.000,-1,-1,2,0,2,0,2,0,0,0,0,1,0,0,2,0,0,2,2
39,4706.286,2605.203,-245.239,199.359,-0.943543,0.331245,0.001523,-0.331047,-0.942800,-0.039186,-0.011544,-0.037477,0.999231,0,0.76995,1.00000,46.197,2.000,-1,375.000,-1,375.000,-1,300.000,300.000,300.000,300.000,800.000,275.000,300.000,-1,675.000,650.000,-1,-1,2,0,2,0,2,0,0,0,0,1,0,0,2,0,0,2,2
40,4667.670,2590.288,-245.921,201.119,-0.932933,0.360033,0.003558,-0.359883,-0.932152,-0.039717,-0.010983,-0.038334,0.999205,0,0.68995,0.88000,41.397,1.760,-1,375.000,-1,375.000,-1,300.000,300.000,300.000,300.000,800.000,275.000,325.000,-1,675.000,650.000,-1,-1,2,0,2,0,2,0,0,0,0,1,0,0,2,0,0,2,2
41,4633.893,2576.200,-246.328,202.639,-0.923061,0.384608,0.005962,-0.384519,-0.922214,-0.040814,-0.010199,-0.039966,0.999149,0,0.60995,0.76000,36.597,1.520,-1,375.000,-1,375.000,-1,300.000,300.000,300.000,300.000,825.000,275.000,350.000,-1,675.000,650.000,-1,-1,2,0,2,0,2,0,0,0,0,1,0,0,2,0,0,2,2
42,4604.827,2563.308,-246.644,203.919,-0.914240,0.405085,0.008412,-0.405067,-0.913330,-0.041827,-0.009261,-0.041648,0.999089,0,0.52995,0.64000,31.797,1.280,-1,375.000,-1,375.000,-1,300.000,300.000,300.000,300.000,825.000,300.000,350.000,-1,675.000,650.000,-1,-1,2,0,2,0,2,0,0,0,0,1,0,0,2,0,0,2,2
43,4580.351,2551.916,-246.938,204.959,-0.906735,0.421570,0.010528,-0.421618,-0.905772,-0.042607,-0.008426,-0.043072,0.999036,0,0.44995,0.52000,26.997,1.040,-1,375.000,-1,375.000,-1,300.000,300.000,300.000,300.000,850.000,300.000,350.000,-1,675.000,675.000,-1,-1,2,0,2,0,2,0,0,0,0,1,0,0,2,0,0,2,2
44,4560.360,2542.269,-247.198,205.759,-0.900755,0.434153,0.012293,-0.434259,-0.899752,-0.043199,-0.007695,-0.044250,0.998991,0,0.36995,0.40000,22.197,0.800,-1,375.000,-1,375.000,-1,300.000,300.000,300.000,300.000,850.000,300.000,375.000,-1,675.000,675.000,-1,-1,2,0,2,0,2,0,0,0,0,1,0,0,2,0,0,2,2
45,4544.767,2534.555,-247.414,206.319,-0.896463,0.442908,0.013693,-0.443063,-0.895428,-0.043641,-0.007068,-0.045189,0.998953,0,0.28995,0.28000,17.397,0.560,-1,375.000,-1,375.000,-1,300.000,300.000,300.000,300.000,850.000,300.000,375.000,-1,675.000,675.000,-1,-1,2,0,2,0,2,0,0,0,0,1,0,0,2,0,0,2,2
46,4533.507,2528.907,-247.578,206.639,-0.893969,0.447888,0.014721,-0.448082,-0.892911,-0.043962,-0.006545,-0.045896,0.998925,0,0.20995,0.16000,12.597,0.320,-1,375.000,-1,375.000,-1,300.000,300.000,300.000,300.000,850.000,300.000,375.000,-1,675.000,675.000,-1,-1,2,0,2,0,2,0,0,0,0,1,0,0,2,0,0,2,2
47,4526.542,2525.401,-247.687,206.719,-0.893337,0.449124,0.015369,-0.449345,-0.892265,-0.044179,-0.006129,-0.046372,0.998905,0,0.12995,0.04000,7.797,0.080,-1,375.000,-1,375.000,-1,300.000,300.000,300.000,300.000,825.000,300.000,375.000,-1,675.000,675.000,-1,-1,2,0,2,0,2,0,0,0,0,1,0,0,2,0,0,2,2
48,4523.861,2524.061,-247.738,206.559,-0.894584,0.446625,0.015633,-0.446861,-0.893506,-0.044300,-0.005817,-0.046616,0.998896,0,0.04995,-0.08000,2.997,-0.160,-1,375.000,-1,375.000,-1,300.000,300.000,300.000,300.000,825.000,300.000,375.000,-1,675.000,675.000,-1,-1,2,0,2,0,2,0,0,0,0,1,0,0,2,0,0,2,2
49,4516.892,2520.564,-247.846,206.639,-0.893954,0.447862,0.016283,-0.448126,-0.892861,-0.044519,-0.005400,-0.047095,0.998876,0,0.12995,0.04000,7.797,0.080,-1,375.000,-1,375.000,-1,300.000,300.000,300.000,300.000,825.000,300.000,375.000,-1,675.000,675.000,-1,-1,2,0,2,0,2,0,0,0,0,1,0,0,2,0,0,2,2
50,4505.655,2514.870,-247.936,206.871,-0.892122,0.451478,0.016938,-0.451767,-0.891017,-0.044669,-0.005075,-0.047502,0.998858,0,0.20995,0.11639,12.597,0.233,-1,375.000,-1,375.000,-1,300.000,300.000,300.000,300.000,825.000,300.000,375.000,-1,675.000,675.000,-1,-1,2,0,2,0,2,0,0,0,0,1,0,0,2,0,0,2,2
51,4490.168,2506.944,-247.984,207.102,-0.890288,0.455063,0.017460,-0.455372,-0.889177,-0.044717,-0.004824,-0.047762,0.998847,0,0.28995,0.11558,17.397,0.231,-1,375.000,-1,375.000,-1,300.000,300.000,300.000,300.000,825.000,325.000,400.000,-1,675.000,675.000,-1,-1,2,0,2,0,2,0,0,0,0,1,0,0,2,0,0,2,2
52,4470.449,2496.753,-248.053,207.331,-0.888456,0.458604,0.018127,-0.458940,-0.887337,-0.044790,-0.004456,-0.048113,0.998832,0,0.36995,0.11444,22.197,0.229,-1,375.000,-1,375.000,-1,300.000,300.000,300.000,300.000,825.000,325.000,400.000,-1,675.000,675.000,-1,-1,2,0,2,0,2,0,0,0,0,1,0,0,2,0,0,2,2
53,4446.515,2484.263,-248.144,207.557,-0.886631,0.462089,0.018939,-0.462460,-0.885503,-0.044892,-0.003973,-0.048561,0.998812,0,0.44995,0.11295,26.997,0.226,-1,375.000,-1,375.000,-1,300.000,300.000,275.000,300.000,825.000,350.000,425.000,-1,675.000,675.000,-1,-1,2,0,2,0,2,0,0,0,0,1,0,0,2,0,0,2,2
54,4418.382,2469.443,-248.210,207.779,-0.884817,0.465511,0.019950,-0.465928,-0.883689,-0.044771,-0.003212,-0.048909,0.998798,0,0.52995,0.11110,31.797,0.222,-1,375.000,-1,375.000,-1,300.000,300.000,275.000,300.000,825.000,375.000,450.000,-1,700.000,700.000,-1,-1,2,0,2,0,2,0,0,0,0,1,0,0,2,0,0,2,2
55,4386.068,2452.264,-248.127,207.997,-0.883010,0.468871,0.021281,-0.469351,-0.881926,-0.043787,-0.001762,-0.048652,0.998814,0,0.60995,0.10885,36.597,0.218,-1,375.000,-1,375.000,-1,300.000,300.000,300.000,300.000,825.000,400.000,450.000,-1,700.000,700.000,-1,-1,2,0,2,0,2,0,0,0,0,1,0,0,2,0,0,2,2
56,4349.587,2432.696,-248.041,208.209,-0.881228,0.472142,0.022788,-0.472692,-0.880193,-0.042685,-0.000096,-0.048386,0.998829,0,0.68995,0.10616,41.397,0.212,-1,375.000,-1,375.000,-1,300.000,300.000,300.000,300.000,800.000,425.000,475.000,-1,700.000,700.000,-1,-1,2,0,2,0,2,0,0,0,0,1,0,0,2,0,0,2,2
57,4310.798,2411.709,-247.959,208.415,-0.879480,0.475310,0.024397,-0.475932,-0.878501,-0.041526,0.001695,-0.048133,0.998840,0,0.73505,0.10300,44.103,0.206,-1,375.000,-1,375.000,-1,300.000,300.000,300.000,300.000,825.000,425.000,500.000,-1,700.000,700.000,-1,-1,2,0,2,0,2,0,0,0,0,1,0,0,2,0,0,2,2
58,4272.106,2390.602,-247.885,208.614,-0.877777,0.478363,0.026009,-0.479057,-0.876854,-0.040386,0.003487,-0.047910,0.998846,0,0.73457,0.09950,44.074,0.199,-1,375.000,-1,375.000,-1,325.000,325.000,300.000,300.000,825.000,450.000,500.000,-1,725.000,700.000,-1,-1,2,0,2,0,2,0,0,0,0,1,0,0,2,0,0,2,2
59,4233.498,2369.372,-247.767,208.806,-0.876126,0.481304,0.027370,-0.482054,-0.875266,-0.039157,0.005109,-0.047500,0.998858,0,0.73434,0.09586,44.060,0.192,-1,375.000,-1,375.000,-1,325.000,325.000,300.000,300.000,825.000,475.000,525.000,-1,725.000,725.000,-1,-1,2,0,2,0,2,0,0,0,0,1,0,0,2,0,0,2,2
60,4194.958,2348.018,-247.591,208.990,-0.874535,0.484129,0.028426,-0.484919,-0.873741,-0.037821,0.006526,-0.046860,0.998880,0,0.73434,0.09209,44.061,0.184,-1,375.000,-1,375.000,-1,325.000,325.000,300.000,300.000,825.000,500.000,550.000,-1,725.000,725.000,-1,-1,2,0,2,0,2,0,0,0,0,1,0,0,2,0,0,2,2
61,4156.472,2326.538,-247.429,209.167,-0.872998,0.486830,0.029511,-0.487659,-0.872270,-0.036517,0.007964,-0.046271,0.998897,0,0.73457,0.08819,44.074,0.176,-1,375.000,-1,375.000,-1,325.000,325.000,300.000,300.000,850.000,525.000,525.000,-1,750.000,725.000,-1,-1,2,0,2,0,2,0,0,0,0,1,0,0,2,0,0,2,2
62,4118.025,2304.933,-247.279,209.335,-0.871520,0.489403,0.030626,-0.490270,-0.870858,-0.035246,0.009422,-0.045732,0.998909,0,0.73503,0.08417,44.102,0.168,-1,400.000,-1,375.000,-1,325.000,325.000,300.000,300.000,850.000,500.000,500.000,-1,750.000,725.000,-1,-1,2,0,2,0,2,0,0,0,0,1,0,0,2,0,0,2,2
63,4079.604,2283.199,-246.959,209.495,-0.870116,0.491830,0.031636,-0.492738,-0.869480,-0.034855,0.010365,-0.045916,0.998892,0,0.73570,0.08004,44.142,0.160,-1,400.000,-1,375.000,-1,325.000,325.000,300.000,300.000,875.000,500.000,500.000,-1,750.000,725.000,-1,-1,2,0,2,0,2,0,0,0,0,1,0,0,2,0,0,2,2
64,4041.194,2261.338,-246.553,209.647,-0.868785,0.494115,0.032614,-0.495067,-0.868152,-0.034947,0.011046,-0.046508,0.998857,0,0.73659,0.07578,44.195,0.152,-1,400.000,-1,375.000,-1,325.000,325.000,300.000,300.000,900.000,500.000,500.000,-1,750.000,750.000,-1,-1,2,0,2,0,2,0,0,0,0,1,0,0,2,0,0,2,2
65,4002.782,2239.348,-246.148,209.790,-0.867520,0.496262,0.033666,-0.497263,-0.866889,-0.035105,0.011763,-0.047195,0.998816,0,0.73768,0.07141,44.261,0.143,-1,400.000,-1,400.000,-1,325.000,325.000,300.000,300.000,900.000,525.000,525.000,-1,750.000,750.000,-1,-1,2,0,2,0,2,0,0,0,0,1,0,0,2,0,0,2,2
66,3964.355,2217.230,-245.729,209.923,-0.866323,0.498266,0.034856,-0.499326,-0.865693,-0.035354,0.012559,-0.048032,0.998767,0,0.73897,0.06694,44.338,0.134,-1,400.000,-1,400.000,-1,325.000,325.000,300.000,300.000,925.000,525.000,525.000,-1,775.000,750.000,-1,-1,2,0,2,0,2,0,0,0,0,1,0,0,2,0,0,2,2
67,3925.898,2194.983,-245.325,210.048,-0.865201,0.500128,0.036053,-0.501248,-0.864569,-0.035641,0.013345,-0.048908,0.998714,0,0.74046,0.06235,44.428,0.125,-1,400.000,-1,400.000,-1,325.000,325.000,300.000,300.000,950.000,525.000,550.000,-1,775.000,775.000,-1,-1,2,0,2,0,2,0,0,0,0,1,0,0,2,0,0,2,2
68,3887.399,2172.609,-244.936,210.163,-0.864155,0.501844,0.037257,-0.503027,-0.863522,-0.035969,0.014122,-0.049824,0.998658,0,0.74214,0.05766,44.528,0.115,-1,400.000,-1,400.000,-1,325.000,325.000,300.000,300.000,950.000,550.000,550.000,-1,775.000,775.000,-1,-1,2,0,2,0,2,0,0,0,0,1,0,0,2,0,0,2,2
69,3848.845,2150.107,-244.546,210.269,-0.863192,0.503414,0.038390,-0.504658,-0.862556,-0.036307,0.014836,-0.050714,0.998603,0,0.74400,0.05287,44.640,0.106,-1,400.000,-1,400.000,-1,325.000,325.000,300.000,300.000,975.000,550.000,575.000,-1,775.000,800.000,-1,-1,2,0,2,0,2,0,0,0,0,1,0,0,2,0,0,2,2
70,3810.223,2127.479,-243.901,210.365,-0.862353,0.504862,0.038233,-0.506095,-0.861718,-0.036191,0.014674,-0.050559,0.998613,0,0.74604,0.04797,44.763,0.096,-1,400.000,-1,400.000,-1,325.000,325.000,300.000,300.000,1000.000,600.000,625.000,-1,775.000,800.000,-1,-1,2,0,2,0,2,0,0,0,0,1,0,0,2,0,0,2,2
71,3771.520,2104.726,-243.268,210.451,-0.861601,0.506157,0.038072,-0.507380,-0.860965,-0.036120,0.014496,-0.050437,0.998622,0,0.74826,0.04297,44.896,0.086,-1,400.000,-1,400.000,-1,325.000,325.000,300.000,300.000,-1,650.000,675.000,-1,775.000,800.000,-1,-1,2,0,2,0,2,0,0,0,0,2,0,0,2,0,0,2,2
72,3732.724,2081.849,-242.640,210.527,-0.860937,0.507298,0.037912,-0.508511,-0.860300,-0.036058,0.014323,-0.050322,0.998630,0,0.75065,0.03788,45.039,0.076,-1,400.000,-1,400.000,-1,325.000,325.000,300.000,300.000,-1,700.000,725.000,-1,775.000,800.000,-1,-1,2,0,2,0,2,0,0,0,0,2,0,0,2,0,0,2,2
73,3693.822,2058.850,-242.014,210.592,-0.860363,0.508282,0.037755,-0.509485,-0.859726,-0.035998,0.014162,-0.050207,0.998638,0,0.75320,0.03269,45.192,0.065,-1,400.000,-1,400.000,-1,325.000,325.000,300.000,300.000,-1,750.000,750.000,-1,775.000,825.000,-1,-1,2,0,2,0,2,0,0,0,0,2,0,0,2,0,0,2,2
74,3654.802,2035.730,-241.396,210.647,-0.859882,0.509106,0.037597,-0.510301,-0.859244,-0.035970,0.013993,-0.050116,0.998645,0,0.75592,0.02740,45.355,0.055,-1,400.000,-1,400.000,-1,325.000,325.000,300.000,300.000,-1,800.000,800.000,-1,800.000,825.000,-1,-1,2,0,2,0,2,0,0,0,0,2,0,0,2,0,0,2,2
75,3615.651,2012.493,-240.776,210.691,-0.859496,0.509769,0.037447,-0.510955,-0.858857,-0.035919,0.013851,-0.050006,0.998653,0,0.75879,0.02201,45.528,0.044,-1,400.000,-1,400.000,-1,325.000,325.000,300.000,300.000,-1,850.000,850.000,-1,800.000,825.000,-1,-1,2,0,2,0,2,0,0,0,0,2,0,0,2,0,0,2,2
76,3576.358,1989.140,-240.166,210.724,-0.859207,0.510266,0.037293,-0.511444,-0.858565,-0.035925,0.013687,-0.049940,0.998658,0,0.76182,0.01654,45.709,0.033,-1,400.000,-1,400.000,-1,325.000,325.000,300.000,300.000,-1,900.000,900.000,-1,800.000,825.000,-1,-1,2,0,2,0,2,0,0,0,0,2,0,0,2,0,0,2,2
77,3532.911,1963.380,-239.506,210.664,-0.859749,0.509367,0.037119,-0.510538,-0.859101,-0.036000,0.013552,-0.049902,0.998662,0,0.84182,-0.03004,50.509,-0.060,-1,400.000,-1,400.000,-1,325.000,325.000,300.000,300.000,-1,950.000,975.000,-1,825.000,850.000,-1,-1,2,0,2,0,2,0,0,0,0,2,0,0,2,0,0,2,2
78,3486.436,1935.904,-238.814,210.591,-0.860401,0.508278,0.036933,-0.509442,-0.859745,-0.036159,0.013374,-0.049926,0.998663,0,0.89983,-0.03628,53.990,-0.073,-1,400.000,-1,400.000,-1,325.000,325.000,300.000,300.000,-1,-1,-1,-1,825.000,850.000,-1,-1,2,0,2,0,2,0,0,0,0,2,2,2,2,0,0,2,2
79,3439.707,1908.372,-238.112,210.505,-0.861174,0.506981,0.036729,-0.508141,-0.860500,-0.036500,0.013101,-0.050097,0.998658,0,0.90394,-0.04305,54.236,-0.086,-1,400.000,-1,400.000,-1,325.000,325.000,300.000,300.000,-1,-1,-1,-1,825.000,850.000,-1,-1,2,0,2,0,2,0,0,0,0,2,2,2,2,0,0,2,2
80,3392.707,1880.791,-237.408,210.405,-0.862069,0.505473,0.036515,-0.506630,-0.861370,-0.036981,0.012760,-0.050380,0.998649,0,0.90824,-0.04994,54.495,-0.100,-1,400.000,-1,400.000,-1,325.000,325.000,300.000,300.000,-1,-1,-1,-1,825.000,875.000,-1,-1,2,0,2,0,2,0,0,0,0,2,2,2,2,0,0,2,2
81,3345.419,1853.168,-236.790,210.292,-0.863094,0.503757,0.036024,-0.504896,-0.862371,-0.037385,0.012233,-0.050455,0.998651,0,0.91275,-0.05696,54.765,-0.114,-1,400.000,-1,425.000,-1,325.000,325.000,300.000,300.000,-1,-1,-1,-1,825.000,900.000,-1,-1,2,0,2,0,2,0,0,0,0,2,2,2,2,0,0,2,2
82,3298.053,1825.627,-236.415,210.176,-0.864153,0.502040,0.034565,-0.503107,-0.863413,-0.037438,0.011048,-0.049742,0.998701,0,0.91318,-0.05761,54.791,-0.115,-1,400.000,-1,400.000,-1,325.000,325.000,300.000,300.000,-1,-1,-1,-1,825.000,900.000,-1,-1,2,0,2,0,2,0,0,0,0,2,2,2,2,0,0,2,2
83,3250.632,1798.181,-236.060,210.061,-0.865207,0.500319,0.033138,-0.501318,-0.864449,-0.037525,0.009871,-0.049079,0.998746,0,0.91318,-0.05761,54.791,-0.115,-1,400.000,-1,400.000,-1,325.000,325.000,300.000,300.000,-1,-1,-1,-1,825.000,900.000,-1,-1,2,0,2,0,2,0,0,0,0,2,2,2,2,0,0,2,2
84,3203.156,1770.831,-235.725,209.946,-0.866254,0.498594,0.031741,-0.499528,-0.865479,-0.037644,0.008702,-0.048465,0.998787,0,0.91318,-0.05761,54.791,-0.115,-1,400.000,-1,400.000,-1,325.000,325.000,300.000,300.000,-1,-1,-1,-1,825.000,900.000,-1,-1,2,0,2,0,2,0,0,0,0,2,2,2,2,0,0,2,2
85,3155.625,1743.576,-235.393,209.831,-0.867297,0.496868,0.030300,-0.497735,-0.866507,-0.037766,0.007490,-0.047835,0.998827,0,0.91318,-0.05761,54.791,-0.115,-1,400.000,-1,400.000,-1,325.000,325.000,300.000,300.000,-1,-1,-1,-1,825.000,925.000,-1,-1,2,0,2,0,2,0,0,0,0,2,2,2,2,0,0,2,2
86,3112.204,1718.804,-235.103,209.705,-0.868416,0.494988,0.028992,-0.495795,-0.867613,-0.037895,0.006396,-0.047283,0.998861,0,0.83318,-0.06256,49.991,-0.125,-1,400.000,-1,400.000,-1,325.000,325.000,300.000,300.000,-1,-1,-1,-1,825.000,925.000,-1,-1,2,0,2,0,2,0,0,0,0,2,2,2,2,0,0,2,2
87,3072.904,1696.496,-234.949,209.580,-0.869536,0.493094,0.027675,-0.493844,-0.868694,-0.038579,0.005018,-0.047213,0.998872,0,0.75318,-0.06256,45.191,-0.125,-1,400.000,-1,400.000,-1,325.000,325.000,300.000,300.000,-1,-1,-1,-1,825.000,925.000,-1,-1,2,0,2,0,2,0,0,0,0,2,2,2,2,0,0,2,2
88,3034.033,1674.543,-234.851,209.455,-0.870652,0.491192,0.026357,-0.491886,-0.869763,-0.039492,0.003526,-0.047348,0.998872,0,0.74402,-0.06256,44.641,-0.125,-1,400.000,-1,400.000,-1,325.000,325.000,300.000,300.000,-1,-1,-1,-1,825.000,925.000,-1,-1,2,0,2,0,2,0,0,0,0,2,2,2,2,0,0,2,2
89,2995.114,1652.676,-234.762,209.330,-0.871762,0.489288,0.025068,-0.489926,-0.870827,-0.040402,0.002062,-0.047503,0.998869,0,0.74402,-0.06256,44.641,-0.125,-1,400.000,-1,400.000,-1,325.000,325.000,300.000,300.000,-1,-1,-1,-1,825.000,925.000,-1,-1,2,0,2,0,2,0,0,0,0,2,2,2,2,0,0,2,2
90,2956.147,1630.893,-234.681,209.205,-0.872864,0.487381,0.023810,-0.487962,-0.871887,-0.041310,0.000626,-0.047677,0.998863,0,0.74402,-0.06256,44.641,-0.125,-1,400.000,-1,400.000,-1,325.000,325.000,300.000,300.000,-1,-1,-1,-1,825.000,925.000,-1,-1,2,0,2,0,2,0,0,0,0,2,2,2,2,0,0,2,2
91,2917.133,1609.196,-234.609,209.080,-0.873961,0.485472,0.022583,-0.485996,-0.872941,-0.042215,-0.000780,-0.047869,0.998853,0,0.74402,-0.06256,44.641,-0.125,-1,400.000,-1,400.000,-1,325.000,325.000,300.000,300.000,-1,-1,-1,-1,800.000,925.000,-1,-1,2,0,2,0,2,0,0,0,0,2,2,2,2,0,0,2,2
92,2878.072,1587.584,-234.544,208.955,-0.875050,0.483560,0.021386,-0.484027,-0.873990,-0.043117,-0.002159,-0.048081,0.998841,0,0.74402,-0.06256,44.641,-0.125,-1,400.000,-1,425.000,-1,325.000,325.000,300.000,300.000,-1,-1,-1,-1,800.000,925.000,-1,-1,2,0,2,0,2,0,0,0,0,2,2,2,2,0,0,2,2
93,2838.964,1566.057,-234.501,208.830,-0.876134,0.481646,0.020163,-0.482054,-0.875036,-0.043994,-0.003546,-0.048265,0.998828,0,0.74402,-0.06256,44.641,-0.125,-1,400.000,-1,425.000,-1,325.000,325.000,300.000,300.000,-1,-1,-1,-1,800.000,900.000,-1,-1,2,0,2,0,2,0,0,0,0,2,2,2,2,0,0,2,2
94,2799.809,1544.616,-234.470,208.705,-0.877212,0.479729,0.018950,-0.480078,-0.876078,-0.044861,-0.004920,-0.048450,0.998814,0,0.74402,-0.06256,44.641,-0.125,-1,400.000,-1,425.000,-1,325.000,325.000,300.000,300.000,-1,-1,-1,-1,800.000,925.000,-1,-1,2,0,2,0,2,0,0,0,0,2,2,2,2,0,0,2,2
95,2760.607,1523.261,-234.616,208.579,-0.878273,0.477825,0.017898,-0.478125,-0.877141,-0.044950,-0.005779,-0.048036,0.998829,0,0.74402,-0.06256,44.641,-0.125,-1,400.000,-1,425.000,-1,325.000,325.000,300.000,300.000,-1,-1,-1,-1,800.000,925.000,-1,-1,2,0,2,0,2,0,0,0,0,2,2,2,2,0,0,2,2
96,2721.358,1501.991,-234.837,208.454,-0.879324,0.475923,0.016928,-0.476180,-0.878209,-0.044735,-0.006424,-0.047397,0.998855,0,0.74402,-0.06256,44.641,-0.125,-1,400.000,-1,425.000,-1,325.000,325.000,300.000,300.000,-1,-1,-1,-1,800.000,925.000,-1,-1,2,0,2,0,2,0,0,0,0,2,2,2,2,0,0,2,2
97,2682.063,1480.808,-235.203,208.329,-0.880375,0.474029,0.015369,-0.474219,-0.879293,-0.044272,-0.007472,-0.046265,0.998901,0,0.74402,-0.06256,44.641,-0.125,-1,400.000,-1,425.000,-1,325.000,325.000,300.000,300.000,-1,-1,-1,-1,800.000,925.000,-1,-1,2,0,2,0,2,0,0,0,0,2,2,2,2,0,0,2,2
98,2642.721,1459.711,-235.771,208.204,-0.881424,0.472147,0.012979,-0.472238,-0.880399,-0.043453,-0.009090,-0.044430,0.998971,0,0.74402,-0.06256,44.641,-0.125,-1,400.000,-1,425.000,-1,325.000,325.000,300.000,300.000,-1,-1,-1,-1,800.000,900.000,-1,-1,2,0,2,0,2,0,0,0,0,2,2,2,2,0,0,2,2
99,2603.333,1438.699,-236.337,208.079,-0.882464,0.470260,0.010654,-0.470260,-0.881497,-0.042657,-0.010668,-0.042653,0.999033,0,0.74402,-0.06256,44.641,-0.125,-1,400.000,-1,425.000,-1,325.000,325.000,300.000,300.000,-1,-1,-1,-1,800.000,900.000,-1,-1,2,0,2,0,2,0,0,0,0,2,2,2,2,0,0,2,2
100,2563.900,1417.774,-236.899,207.954,-0.883494,0.468368,0.008395,-0.468284,-0.882585,-0.041884,-0.012208,-0.040935,0.999087,0,0.74402,-0.06256,44.641,-0.125,-1,400.000,-1,425.000,-1,325.000,325.000,300.000,300.000,-1,-1,-1,-1,800.000,875.000,-1,-1,2,0,2,0,2,0,0,0,0,2,2,2,2,0,0,2,2
101,2524.421,1396.934,-237.531,207.829,-0.884515,0.466465,0.006546,-0.466316,-0.883654,-0.041284,-0.013473,-0.039569,0.999126,0,0.74402,-0.06256,44.641,-0.125,-1,400.000,-1,425.000,-1,325.000,325.000,300.000,300.000,-1,-1,-1,-1,800.000,875.000,-1,-1,2,0,2,0,2,0,0,0,0,2,2,2,2,0,0,2,2
102,2484.897,1376.181,-238.242,207.704,-0.885531,0.464552,0.005150,-0.464356,-0.884704,-0.040881,-0.014435,-0.038592,0.999151,0,0.74402,-0.06256,44.641,-0.125,-1,400.000,-1,425.000,-1,325.000,325.000,300.000,300.000,-1,-1,-1,-1,775.000,875.000,-1,-1,2,0,2,0,2,0,0,0,0,2,2,2,2,0,0,2,2
103,2445.328,1355.514,-238.989,207.579,-0.886542,0.462632,0.003748,-0.462387,-0.885742,-0.040722,-0.015520,-0.037835,0.999163,0,0.74402,-0.06256,44.641,-0.125,-1,400.000,-1,425.000,-1,325.000,325.000,300.000,300.000,-1,-1,-1,-1,775.000,875.000,-1,-1,2,0,2,0,2,0,0,0,0,2,2,2,2,0,0,2,2
104,2405.714,1334.933,-239.855,207.453,-0.887553,0.460701,0.002253,-0.460392,-0.886757,-0.041236,-0.017000,-0.037636,0.999147,0,0.74402,-0.06256,44.641,-0.125,-1,400.000,-1,400.000,-1,325.000,325.000,300.000,300.000,-1,-1,-1,-1,775.000,850.000,-1,-1,2,0,2,0,2,0,0,0,0,2,2,2,2,0,0,2,2
105,2366.055,1314.438,-240.708,207.328,-0.888557,0.458766,0.000798,-0.458396,-0.887767,-0.041738,-0.018440,-0.037452,0.999128,0,0.74402,-0.06256,44.641,-0.125,-1,400.000,-1,400.000,-1,325.000,325.000,300.000,300.000,-1,-1,-1,-1,775.000,850.000,-1,-1,2,0,2,0,2,0,0,0,0,2,2,2,2,0,0,2,2
106,2326.351,1294.030,-241.547,207.203,-0.889554,0.456830,-0.000618,-0.456399,-0.888773,-0.042227,-0.019840,-0.037281,0.999108,0,0.74402,-0.06256,44.641,-0.125,-1,400.000,-1,400.000,-1,325.000,325.000,300.000,300.000,-1,-1,-1,-1,750.000,850.000,-1,-1,2,0,2,0,2,0,0,0,0,2,2,2,2,0,0,2,2
107,2286.603,1273.709,-242.374,207.078,-0.890545,0.454890,-0.001992,-0.454401,-0.889774,-0.042696,-0.021195,-0.037118,0.999086,0,0.74402,-0.06256,44.641,-0.125,-1,400.000,-1,400.000,-1,325.000,325.000,300.000,300.000,-1,-1,-1,-1,750.000,825.000,-1,-1,2,0,2,0,2,0,0,0,0,2,2,2,2,0,0,2,2
108,2246.810,1253.475,-243.203,206.953,-0.891530,0.452950,-0.003313,-0.452404,-0.890772,-0.043085,-0.022467,-0.036913,0.999066,0,0.74402,-0.06256,44.641,-0.125,-1,400.000,-1,400.000,-1,325.000,325.000,300.000,300.000,-1,-1,-1,-1,750.000,825.000,-1,-1,2,0,2,0,2,0,0,0,0,2,2,2,2,0,0,2,2
109,2202.784,1230.977,-244.102,207.068,-0.890612,0.454740,-0.004710,-0.454131,-0.889871,-0.043525,-0.023984,-0.036625,0.999041,0,0.82402,0.05744,49.441,0.115,-1,375.000,-1,400.000,-1,325.000,325.000,300.000,325.000,-1,-1,-1,-1,750.000,825.000,-1,-1,2,0,2,0,2,0,0,0,0,2,2,2,2,0,0,2,2
110,2158.208,1207.848,-245.004,207.423,-0.887769,0.460249,-0.006044,-0.459575,-0.887048,-0.043995,-0.025610,-0.036280,0.999013,0,0.83699,0.17744,50.220,0.355,-1,375.000,-1,400.000,-1,325.000,325.000,300.000,325.000,-1,-1,-1,-1,725.000,800.000,-1,-1,2,0,2,0,2,0,0,0,0,2,2,2,2,0,0,2,2
111,2113.781,1184.210,-246.031,208.018,-0.882931,0.469448,-0.007166,-0.468730,-0.882250,-0.043905,-0.026934,-0.035406,0.999010,0,0.83873,0.29744,50.324,0.595,-1,375.000,-1,400.000,-1,325.000,325.000,300.000,325.000,-1,-1,-1,-1,725.000,800.000,-1,-1,2,0,2,0,2,0,0,0,0,2,2,2,2,0,0,2,2
112,2069.628,1159.884,-247.362,208.852,-0.875977,0.482288,-0.007946,-0.481572,-0.875377,-0.042461,-0.027434,-0.033368,0.999067,0,0.84018,0.41744,50.411,0.835,-1,375.000,-1,400.000,-1,325.000,325.000,300.000,325.000,-1,-1,-1,-1,725.000,800.000,-1,-1,2,0,2,0,2,0,0,0,0,2,2,2,2,0,0,2,2
113,2025.882,1134.703,-248.741,209.927,-0.866752,0.498660,-0.008867,-0.497945,-0.866239,-0.040998,-0.028125,-0.031120,0.999120,0,0.84127,0.53744,50.476,1.075,-1,375.000,-1,400.000,-1,325.000,325.000,300.000,325.000,-1,-1,-1,-1,725.000,775.000,-1,-1,2,0,2,0,2,0,0,0,0,2,2,2,2,0,0,2,2
114,1982.649,1108.569,-250.185,211.153,-0.855859,0.517112,-0.010020,-0.516395,-0.855438,-0.039518,-0.029007,-0.028648,0.999169,0,0.84197,0.61279,50.518,1.226,-1,375.000,-1,400.000,-1,325.000,325.000,300.000,325.000,-1,-1,-1,-1,725.000,775.000,-1,-1,2,0,2,0,2,0,0,0,0,2,2,2,2,0,0,2,2
115,1939.965,1081.513,-251.621,212.371,-0.844647,0.535208,-0.011102,-0.534493,-0.844311,-0.038160,-0.029797,-0.026298,0.999210,0,0.84228,0.60881,50.537,1.218,-1,375.000,-1,400.000,-1,325.000,325.000,300.000,300.000,-1,-1,-1,-1,725.000,775.000,-1,-1,2,0,2,0,2,0,0,0,0,2,2,2,2,0,0,2,2
116,1897.864,1053.563,-253.047,213.580,-0.833129,0.552946,-0.012104,-0.552237,-0.832869,-0.036922,-0.030497,-0.024077,0.999245,0,0.84224,0.60491,50.534,1.210,-1,375.000,-1,400.000,-1,325.000,325.000,300.000,325.000,-1,-1,-1,-1,725.000,750.000,-1,-1,2,0,2,0,2,0,0,0,0,2,2,2,2,0,0,2,2
117,1856.377,1024.746,-254.575,214.784,-0.821310,0.570346,-0.012444,-0.569654,-0.821097,-0.035971,-0.030733,-0.022455,0.999275,0,0.84189,0.60201,50.513,1.204,-1,375.000,-1,400.000,-1,325.000,325.000,300.000,325.000,-1,-1,-1,-1,725.000,750.000,-1,-1,2,0,2,0,2,0,0,0,0,2,2,2,2,0,0,2,2
118,1815.443,995.280,-256.146,215.748,-0.811591,0.584095,-0.012390,-0.583424,-0.811405,-0.035182,-0.030603,-0.021324,0.999304,0,0.84062,0.48201,50.437,0.964,-1,375.000,-1,400.000,-1,325.000,325.000,300.000,325.000,-1,-1,-1,-1,725.000,750.000,-1,-1,2,0,2,0,2,0,0,0,0,2,2,2,2,0,0,2,2
119,1774.921,965.326,-257.687,216.472,-0.804139,0.594313,-0.012322,-0.593665,-0.803976,-0.034426,-0.030367,-0.020368,0.999331,0,0.83985,0.36201,50.391,0.724,-1,375.000,-1,400.000,-1,325.000,325.000,300.000,325.000,-1,-1,-1,-1,725.000,750.000,-1,-1,2,0,2,0,2,0,0,0,0,2,2,2,2,0,0,2,2
120,1734.693,935.060,-259.206,216.956,-0.799085,0.601093,-0.012258,-0.600466,-0.798939,-0.033708,-0.030055,-0.019575,0.999357,0,0.83902,0.24201,50.341,0.484,-1,375.000,-1,400.000,-1,325.000,325.000,300.000,325.000,-1,-1,-1,-1,725.000,750.000,-1,-1,2,0,2,0,2,0,0,0,0,2,2,2,2,0,0,2,2
121,1694.635,904.655,-260.728,217.200,-0.796515,0.604496,-0.012182,-0.603885,-0.796379,-0.033212,-0.029778,-0.019098,0.999374,0,0.83817,0.12201,50.290,0.244,-1,375.000,-1,400.000,-1,325.000,325.000,300.000,325.000,-1,-1,-1,-1,725.000,750.000,-1,-1,2,0,2,0,2,0,0,0,0,2,2,2,2,0,0,2,2
122,1654.619,874.276,-262.211,217.205,-0.796471,0.604556,-0.012089,-0.603961,-0.796342,-0.032721,-0.029409,-0.018760,0.999391,0,0.83735,0.00201,50.241,0.004,-1,375.000,-1,400.000,-1,325.000,325.000,300.000,325.000,-1,-1,-1,-1,725.000,725.000,-1,-1,2,0,2,0,2,0,0,0,0,2,2,2,2,0,0,2,2
123,1614.581,844.002,-263.651,217.094,-0.797632,0.603026,-0.011981,-0.602448,-0.797507,-0.032231,-0.028991,-0.018490,0.999409,0,0.83659,-0.05510,50.195,-0.110,-1,375.000,-1,400.000,-1,325.000,325.000,300.000,325.000,-1,-1,-1,-1,750.000,725.000,-1,-1,2,0,2,0,2,0,0,0,0,2,2,2,2,0,0,2,2
124,1574.520,813.832,-265.048,216.983,-0.798805,0.601473,-0.011854,-0.600912,-0.798685,-0.031743,-0.028560,-0.018233,0.999426,0,0.83584,-0.05583,50.150,-0.112,-1,375.000,-1,400.000,-1,325.000,325.000,300.000,325.000,-1,-1,-1,-1,750.000,725.000,-1,-1,2,0,2,0,2,0,0,0,0,2,2,2,2,0,0,2,2
125,1533.187,782.800,-266.442,216.899,-0.799685,0.600306,-0.011702,-0.599761,-0.799569,-0.031243,-0.028112,-0.017966,0.999443,0,0.86144,-0.04196,51.686,-0.084,-1,375.000,-1,375.000,-1,325.000,325.000,300.000,325.000,-1,-1,-1,-1,750.000,725.000,-1,-1,2,0,2,0,2,0,0,0,0,2,2,2,2,0,0,2,2
126,1491.648,751.719,-267.893,216.806,-0.800654,0.599016,-0.011516,-0.598502,-0.800549,-0.030294,-0.027365,-0.017363,0.999475,0,0.86466,-0.04640,51.879,-0.093,-1,375.000,-1,375.000,-1,325.000,325.000,300.000,325.000,-1,-1,-1,-1,750.000,725.000,-1,-1,2,0,2,0,2,0,0,0,0,2,2,2,2,0,0,2,2
127,1449.909,720.603,-269.322,216.704,-0.801718,0.597596,-0.011310,-0.597108,-0.801621,-0.029439,-0.026658,-0.016848,0.999503,0,0.86768,-0.05099,52.061,-0.102,-1,375.000,-1,375.000,1000.000,325.000,325.000,300.000,325.000,-1,-1,-1,-1,750.000,725.000,-1,-1,2,0,2,0,1,0,0,0,0,2,2,2,2,0,0,2,2
128,1407.974,689.468,-270.729,216.592,-0.802879,0.596038,-0.011087,-0.595573,-0.802787,-0.028743,-0.026033,-0.016474,0.999525,0,0.87050,-0.05575,52.230,-0.111,-1,400.000,-1,375.000,975.000,325.000,325.000,300.000,325.000,-1,-1,-1,-1,750.000,725.000,-1,-1,2,0,2,0,1,0,0,0,0,2,2,2,2,0,0,2,2
129,1365.848,658.329,-272.081,216.471,-0.804143,0.594339,-0.010735,-0.593894,-0.804050,-0.028189,-0.025385,-0.016293,0.999545,0,0.87310,-0.06066,52.386,-0.121,-1,400.000,-1,375.000,950.000,325.000,325.000,300.000,325.000,-1,-1,-1,-1,750.000,725.000,-1,-1,2,0,2,0,1,0,0,0,0,2,2,2,2,0,0,2,2
130,1323.536,627.203,-273.384,216.340,-0.805510,0.592493,-0.010290,-0.592065,-0.805412,-0.027768,-0.024740,-0.016275,0.999561,0,0.87546,-0.06573,52.528,-0.131,-1,400.000,-1,375.000,925.000,325.000,300.000,300.000,325.000,-1,-1,-1,-1,750.000,725.000,-1,-1,2,0,2,0,1,0,0,0,0,2,2,2,2,0,0,2,2
131,1281.044,596.106,-274.656,216.198,-0.806982,0.590495,-0.009833,-0.590083,-0.806876,-0.027458,-0.024148,-0.016356,0.999575,0,0.87758,-0.07097,52.655,-0.142,-1,400.000,-1,375.000,900.000,325.000,325.000,300.000,325.000,-1,-1,-1,-1,775.000,725.000,-1,-1,2,0,2,0,1,0,0,0,0,2,2,2,2,0,1,2,2
132,1238.381,565.058,-275.905,216.045,-0.808559,0.588340,-0.009362,-0.587942,-0.808445,-0.027211,-0.023578,-0.016497,0.999586,0,0.87942,-0.07637,52.765,-0.153,-1,400.000,-1,375.000,900.000,325.000,325.000,300.000,325.000,-1,-1,-1,-1,775.000,725.000,-1,-1,2,0,2,0,1,0,0,0,0,2,2,2,2,0,1,2,2
133,1195.552,534.077,-277.156,215.881,-0.810248,0.586022,-0.008731,-0.585638,-0.810120,-0.027093,-0.022951,-0.016839,0.999595,0,0.88099,-0.08194,52.859,-0.164,-1,400.000,-1,375.000,900.000,325.000,325.000,300.000,325.000,-1,-1,-1,-1,775.000,700.000,1000.000,-1,2,0,2,0,1,0,0,0,0,2,2,2,2,1,1,1,2
134,1152.567,503.183,-278.392,215.706,-0.812048,0.583536,-0.008020,-0.583164,-0.811903,-0.027085,-0.022316,-0.017318,0.999601,0,0.88226,-0.08766,52.935,-0.175,-1,400.000,-1,375.000,925.000,325.000,325.000,300.000,325.000,-1,-1,-1,-1,750.000,700.000,950.000,-1,2,0,2,0,1,0,0,0,0,2,2,2,2,1,1,1,2
