timestep,x_cm,y_cm,z_cm,yaw_deg,basis_xx,basis_xy,basis_xz,basis_yx,basis_yy,basis_yz,basis_zx,basis_zy,basis_zz,teleport_flag,throttle_cmd,steering_cmd,cmd_move_cm,cmd_turn_deg,lidar_cm_0,lidar_cm_1,lidar_cm_2,lidar_cm_3,lidar_cm_4,lidar_cm_5,lidar_cm_6,lidar_cm_7,lidar_cm_8,lidar_cm_9,lidar_cm_10,lidar_cm_11,lidar_cm_12,lidar_cm_13,lidar_cm_14,lidar_cm_15,lidar_cm_16,lidar_class_0,lidar_class_1,lidar_class_2,lidar_class_3,lidar_class_4,lidar_class_5,lidar_class_6,lidar_class_7,lidar_class_8,lidar_class_9,lidar_class_10,lidar_class_11,lidar_class_12,lidar_class_13,lidar_class_14,lidar_class_15,lidar_class_16
0,-8194.480,9512.143,206.762,13.542,0.969781,-0.234162,0.068511,0.233419,0.972195,0.018765,-0.071000,-0.002207,0.997474,1,0.08000,0.12000,4.800,0.240,-1,375.000,-1,375.000,-1,300.000,300.000,325.000,325.000,-1,325.000,325.000,-1,625.000,625.000,-1,-1,2,0,2,0,2,0,0,0,0,2,0,0,2,0,0,2,2
1,-8185.166,9514.469,206.061,14.022,0.967832,-0.242299,0.067764,0.241603,0.970201,0.018410,-0.070205,-0.001446,0.997532,0,0.16000,0.24000,9.600,0.480,-1,375.000,-1,375.000,-1,300.000,300.000,325.000,325.000,-1,325.000,325.000,-1,625.000,625.000,-1,-1,2,0,2,0,2,0,0,0,0,2,0,0,2,0,0,2,2
2,-8171.240,9518.133,205.009,14.742,0.964781,-0.254472,0.066649,0.253844,0.967080,0.017857,-0.068999,-0.000310,0.997617,0,0.24000,0.36000,14.400,0.720,-1,375.000,-1,375.000,-1,300.000,300.000,325.000,325.000,-1,325.000,300.000,-1,625.000,600.000,-1,-1,2,0,2,0,2,0,0,0,0,2,0,0,2,0,0,2,2
3,-8152.757,9523.329,203.608,15.702,0.960473,-0.270638,0.065171,0.270101,0.962680,0.017084,-0.067362,0.001194,0.997728,0,0.32000,0.48000,19.200,0.960,-1,375.000,-1,375.000,-1,300.000,300.000,325.000,325.000,-1,300.000,300.000,-1,625.000,600.000,-1,-1,2,0,2,0,2,0,0,0,0,2,0,0,2,0,0,2,2
4,-8129.794,9530.307,201.858,16.902,0.954703,-0.290739,0.063342,0.290311,0.956798,0.016059,-0.065274,0.003057,0.997863,0,0.40000,0.60000,24.000,1.200,-1,375.000,-1,375.000,-1,300.000,300.000,325.000,325.000,-1,275.000,275.000,-1,625.000,600.000,-1,1000.000,2,0,2,0,2,0,0,0,0,2,0,0,2,0,0,2,0
5,-8102.458,9539.370,199.764,18.342,0.947222,-0.314689,0.061176,0.314387,0.949180,0.014747,-0.062707,0.005265,0.998018,0,0.48000,0.72000,28.800,1.440,-1,375.000,-1,350.000,-1,300.000,300.000,325.000,300.000,-1,275.000,275.000,-1,650.000,600.000,-1,1000.000,2,0,2,0,2,0,0,0,0,2,0,0,2,0,0,2,0
6,-8070.889,9550.874,197.333,20.022,0.937728,-0.342375,0.058696,0.342213,0.939531,0.013102,-0.059632,0.007800,0.998190,0,0.56000,0.84000,33.600,1.680,-1,375.000,-1,350.000,-1,300.000,300.000,325.000,300.000,-1,250.000,250.000,-1,650.000,600.000,-1,975.000,2,0,2,0,2,0,0,0,0,2,0,0,2,0,0,2,0
7,-8035.257,9565.187,194.574,21.885,0.926253,-0.372730,0.055927,0.372715,0.927880,0.011089,-0.056026,0.010573,0.998373,0,0.64000,0.93154,38.400,1.863,-1,375.000,-1,350.000,-1,300.000,300.000,325.000,300.000,-1,225.000,250.000,-1,650.000,600.000,-1,950.000,2,0,2,0,2,0,0,0,0,2,0,0,2,0,0,2,0
8,-7995.719,9582.593,191.636,23.760,0.913718,-0.402873,0.053034,0.402973,0.915165,0.009276,-0.052272,0.012896,0.998550,0,0.72000,0.93733,43.200,1.875,-1,375.000,-1,350.000,975.000,300.000,300.000,325.000,300.000,-1,225.000,225.000,-1,650.000,600.000,-1,950.000,2,0,2,0,0,0,0,0,0,2,0,0,2,0,0,2,0
9,-7952.448,9603.368,189.032,25.647,0.900077,-0.432791,0.050524,0.432870,0.901402,0.009934,-0.049842,0.012929,0.998673,0,0.80000,0.94356,48.000,1.887,-1,375.000,-1,350.000,950.000,300.000,300.000,325.000,300.000,-1,250.000,250.000,-1,650.000,600.000,-1,950.000,2,0,2,0,0,0,0,0,0,2,0,0,2,0,0,2,0
10,-7909.024,9626.015,186.801,27.542,0.885478,-0.462375,0.046232,0.462381,0.886610,0.011198,-0.046167,0.011461,0.998868,0,0.81626,0.94766,48.976,1.895,-1,375.000,-1,350.000,950.000,300.000,300.000,325.000,300.000,-1,250.000,275.000,-1,675.000,625.000,-1,975.000,2,0,2,0,0,0,0,0,0,2,0,0,2,0,0,2,0
11,-7866.301,9650.134,184.702,29.447,0.869837,-0.491593,0.041468,0.491532,0.870772,0.012360,-0.042185,0.009632,0.999063,0,0.81769,0.95219,49.061,1.904,-1,375.000,-1,350.000,975.000,300.000,300.000,325.000,325.000,-1,275.000,300.000,-1,675.000,625.000,-1,-1,2,0,2,0,0,0,0,0,0,2,0,0,2,0,0,2,2
12,-7824.191,9675.798,182.622,31.360,0.853130,-0.520404,0.036723,0.520296,0.853884,0.013199,-0.038226,0.007846,0.999238,0,0.82190,0.95682,49.314,1.914,-1,375.000,-1,350.000,-1,300.000,300.000,300.000,325.000,-1,275.000,325.000,-1,675.000,650.000,-1,-1,2,0,2,0,2,0,0,0,0,2,0,0,2,0,0,2,2
13,-7782.936,9702.878,180.581,33.280,0.835387,-0.548726,0.032079,0.548589,0.835980,0.013711,-0.034341,0.006144,0.999391,0,0.82248,0.95996,49.349,1.920,-1,375.000,-1,375.000,-1,300.000,300.000,300.000,325.000,-1,275.000,350.000,-1,700.000,650.000,-1,-1,2,0,2,0,2,0,0,0,0,2,0,0,2,0,0,2,2
14,-7742.566,9731.364,179.036,35.207,0.816535,-0.576526,0.029817,0.576409,0.817054,0.013257,-0.032005,0.006362,0.999467,0,0.82347,0.96350,49.408,1.927,-1,375.000,-1,375.000,-1,300.000,300.000,300.000,325.000,-1,325.000,375.000,-1,700.000,650.000,-1,-1,2,0,2,0,2,0,0,0,0,2,0,0,2,0,0,2,2
15,-7703.113,9761.248,177.525,37.142,0.796669,-0.603783,0.027659,0.603686,0.797122,0.012664,-0.029694,0.006608,0.999537,0,0.82490,0.96743,49.494,1.935,-1,375.000,-1,375.000,-1,300.000,300.000,300.000,300.000,-1,350.000,425.000,-1,700.000,650.000,-1,-1,2,0,2,0,2,0,0,0,0,2,0,0,2,0,0,2,2
16,-7664.683,9792.455,176.067,39.078,0.775878,-0.630363,0.025619,0.630289,0.776270,0.011870,-0.027370,0.006938,0.999601,0,0.82509,0.96788,49.505,1.936,-1,375.000,-1,375.000,-1,300.000,300.000,300.000,300.000,-1,400.000,475.000,-1,725.000,650.000,-1,-1,2,0,2,0,2,0,0,0,0,2,0,0,2,0,0,2,2
17,-7627.329,9824.942,174.646,41.014,0.754194,-0.656223,0.023710,0.656171,0.754532,0.011006,-0.025112,0.007257,0.999658,0,0.82509,0.96788,49.505,1.936,-1,375.000,-1,375.000,-1,300.000,300.000,300.000,300.000,-1,425.000,500.000,-1,725.000,650.000,-1,-1,2,0,2,0,2,0,0,0,0,2,0,0,2,0,0,2,2
18,-7591.093,9858.673,173.307,42.950,0.731644,-0.681333,0.021951,0.681306,0.731932,0.009861,-0.022785,0.007740,0.999710,0,0.82509,0.96788,49.505,1.936,-1,375.000,-1,375.000,-1,325.000,300.000,300.000,300.000,-1,450.000,525.000,-1,750.000,650.000,-1,-1,2,0,2,0,2,0,0,0,0,2,0,0,2,0,0,2,2
19,-7556.018,9893.608,172.112,44.885,0.708253,-0.705663,0.020401,0.705669,0.708495,0.008149,-0.020204,0.008625,0.999759,0,0.82509,0.96788,49.505,1.936,-1,400.000,-1,375.000,-1,325.000,300.000,300.000,300.000,-1,450.000,500.000,-1,750.000,675.000,-1,-1,2,0,2,0,2,0,0,0,0,2,0,0,2,0,0,2,2
20,-7522.143,9929.708,170.941,46.821,0.684049,-0.729188,0.019025,0.729220,0.684249,0.006499,-0.017757,0.009428,0.999798,0,0.82509,0.96788,49.505,1.936,-1,400.000,-1,375.000,-1,325.000,325.000,300.000,300.000,-1,450.000,500.000,-1,750.000,675.000,-1,-1,2,0,2,0,2,0,0,0,0,2,0,0,2,0,0,2,2
21,-7489.506,9966.932,170.086,48.757,0.659058,-0.751887,0.017576,0.751916,0.659229,0.006256,-0.016290,0.009093,0.999826,0,0.82509,0.96788,49.505,1.936,-1,400.000,-1,375.000,-1,325.000,325.000,300.000,300.000,-1,475.000,525.000,-1,750.000,675.000,-1,-1,2,0,2,0,2,0,0,0,0,2,0,0,2,0,0,2,2
22,-7458.146,10005.237,169.439,50.693,0.633309,-0.773733,0.016016,0.773744,0.633461,0.006904,-0.015487,0.008020,0.999848,0,0.82509,0.96788,49.505,1.936,-1,400.000,-1,375.000,-1,325.000,325.000,300.000,300.000,-1,500.000,575.000,-1,750.000,700.000,-1,-1,2,0,2,0,2,0,0,0,0,2,0,0,2,0,0,2,2
23,-7428.097,10044.579,168.789,52.628,0.606835,-0.794696,0.014496,0.794691,0.606968,0.007454,-0.014723,0.006997,0.999867,0,0.82509,0.96788,49.505,1.936,-1,400.000,-1,375.000,-1,325.000,325.000,300.000,300.000,-1,550.000,650.000,-1,750.000,700.000,-1,-1,2,0,2,0,2,0,0,0,0,2,0,0,2,0,0,2,2
24,-7399.394,10084.914,168.080,54.564,0.579661,-0.814749,0.013301,0.814734,0.579780,0.007925,-0.014168,0.006243,0.999880,0,0.82509,0.96788,49.505,1.936,-1,400.000,-1,375.000,-1,325.000,325.000,300.000,300.000,-1,600.000,725.000,-1,750.000,700.000,-1,-1,2,0,2,0,2,0,0,0,0,2,0,0,2,0,0,2,2
25,-7372.070,10126.196,167.343,56.500,0.551822,-0.833871,0.012291,0.833849,0.551930,0.008335,-0.013735,0.005650,0.999890,0,0.82509,0.96788,49.505,1.936,-1,400.000,-1,375.000,-1,325.000,325.000,300.000,300.000,-1,675.000,800.000,-1,750.000,700.000,-1,-1,2,0,2,0,2,0,0,0,0,2,0,0,2,0,0,2,2
26,-7346.157,10168.377,166.598,58.436,0.523351,-0.852041,0.011387,0.852013,0.523449,0.008691,-0.013366,0.005153,0.999897,0,0.82509,0.96788,49.505,1.936,-1,400.000,-1,400.000,-1,325.000,325.000,300.000,300.000,-1,725.000,875.000,-1,725.000,725.000,-1,-1,2,0,2,0,2,0,0,0,0,2,0,0,2,0,0,2,2
27,-7321.682,10211.409,165.846,60.371,0.494280,-0.869238,0.010586,0.869205,0.494370,0.009000,-0.013057,0.004753,0.999903,0,0.82509,0.96788,49.505,1.936,-1,400.000,-1,400.000,-1,325.000,325.000,300.000,300.000,-1,800.000,975.000,-1,725.000,700.000,-1,-1,2,0,2,0,2,0,0,0,0,2,0,0,2,0,0,2,2
28,-7297.862,10256.335,165.074,62.067,0.468348,-0.883489,0.009875,0.883451,0.468432,0.009258,-0.012805,0.004389,0.999908,0,0.84750,0.84788,50.850,1.696,-1,400.000,-1,400.000,-1,325.000,325.000,300.000,300.000,-1,875.000,-1,-1,725.000,700.000,-1,-1,2,0,2,0,2,0,0,0,0,2,0,2,2,0,0,2,2
29,-7275.191,10301.851,164.302,63.523,0.445758,-0.895105,0.009273,0.895064,0.445836,0.009484,-0.012623,0.004073,0.999912,0,0.84750,0.72788,50.850,1.456,-1,375.000,-1,400.000,-1,325.000,325.000,300.000,300.000,-1,950.000,-1,-1,725.000,700.000,-1,-1,2,0,2,0,2,0,0,0,0,2,0,2,2,0,0,2,2
30,-7253.491,10347.839,163.534,64.739,0.426671,-0.904364,0.008801,0.904320,0.426744,0.009703,-0.012531,0.003819,0.999914,0,0.84750,0.60788,50.850,1.216,-1,375.000,-1,400.000,-1,325.000,325.000,300.000,275.000,-1,-1,-1,-1,725.000,700.000,-1,-1,2,0,2,0,2,0,0,0,0,2,2,2,2,0,0,2,2
31,-7232.577,10394.189,162.891,65.714,0.411216,-0.911502,0.008092,0.911455,0.411282,0.009844,-0.012301,0.003327,0.999919,0,0.84750,0.48788,50.850,0.976,-1,375.000,-1,375.000,-1,325.000,325.000,300.000,275.000,-1,-1,-1,-1,700.000,700.000,-1,-1,2,0,2,0,2,0,0,0,0,2,2,2,2,0,0,2,2
32,-7212.261,10440.804,162.401,66.450,0.399486,-0.916709,0.007478,0.916665,0.399544,0.009442,-0.011644,0.003083,0.999927,0,0.84750,0.36788,50.850,0.736,-1,375.000,-1,375.000,-1,325.000,325.000,300.000,275.000,-1,-1,-1,-1,700.000,700.000,-1,-1,2,0,2,0,2,0,0,0,0,2,2,2,2,0,0,2,2
33,-7192.348,10487.593,162.008,66.946,0.391545,-0.920131,0.007172,0.920097,0.391597,0.008605,-0.010727,0.003230,0.999937,0,0.84750,0.24788,50.850,0.496,-1,375.000,-1,375.000,-1,325.000,325.000,300.000,275.000,-1,-1,-1,-1,700.000,700.000,-1,-1,2,0,2,0,2,0,0,0,0,2,2,2,2,0,0,2,2
34,-7172.644,10534.470,161.618,67.202,0.387438,-0.921870,0.006919,0.921843,0.387486,0.007782,-0.009855,0.003364,0.999946,0,0.84750,0.12788,50.850,0.256,-1,375.000,-1,375.000,-1,325.000,325.000,300.000,275.000,-1,-1,-1,-1,700.000,700.000,-1,-1,2,0,2,0,2,0,0,0,0,2,2,2,2,0,0,2,2
35,-7152.953,10581.353,161.316,67.217,0.387183,-0.921974,0.007345,0.921956,0.387231,0.007016,-0.009312,0.004055,0.999948,0,0.84750,0.00788,50.850,0.016,-1,375.000,-1,375.000,-1,325.000,325.000,300.000,275.000,-1,-1,-1,-1,700.000,700.000,-1,-1,2,0,2,0,2,0,0,0,0,2,2,2,2,0,0,2,2
36,-7133.079,10628.158,161.030,66.993,0.390788,-0.920449,0.007627,0.920441,0.390835,0.006076,-0.008573,0.004645,0.999952,0,0.84750,-0.11212,50.850,-0.224,-1,375.000,-1,375.000,-1,325.000,325.000,300.000,275.000,-1,-1,-1,-1,700.000,700.000,-1,-1,2,0,2,0,2,0,0,0,0,2,2,2,2,0,0,2,2
37,-7112.826,10674.801,160.926,66.529,0.398245,-0.917253,0.006896,0.917251,0.398281,0.004874,-0.007217,0.004384,0.999964,0,0.84750,-0.23212,50.850,-0.464,-1,375.000,-1,375.000,-1,325.000,325.000,300.000,275.000,-1,-1,-1,-1,700.000,700.000,-1,-1,2,0,2,0,2,0,0,0,0,2,2,2,2,0,0,2,2
38,-7092.042,10721.209,160.795,65.874,0.408715,-0.912642,0.006076,0.912643,0.408740,0.003698,-0.005859,0.004034,0.999975,0,0.84750,-0.32748,50.850,-0.655,-1,400.000,-1,375.000,-1,325.000,325.000,300.000,275.000,-1,-1,-1,-1,700.000,700.000,-1,-1,2,0,2,0,2,0,0,0,0,2,2,2,2,0,0,2,2
39,-7070.728,10767.377,160.639,65.219,0.419131,-0.907911,0.005176,0.907915,0.419147,0.002550,-0.004485,0.003631,0.999983,0,0.84750,-0.32748,50.850,-0.655,-1,400.000,-1,375.000,-1,325.000,325.000,300.000,300.000,-1,-1,-1,-1,700.000,700.000,-1,-1,2,0,2,0,2,0,0,0,0,2,2,2,2,0,0,2,2
40,-7048.888,10813.298,160.455,64.564,0.429490,-0.903062,0.004196,0.903066,0.429498,0.001433,-0.003096,0.003173,0.999990,0,0.84750,-0.32748,50.850,-0.655,-1,400.000,-1,375.000,-1,325.000,325.000,300.000,300.000,-1,1000.000,-1,-1,700.000,700.000,-1,-1,2,0,2,0,2,0,0,0,0,2,0,2,2,0,0,2,2
41,-7026.524,10858.966,160.243,63.909,0.439791,-0.898095,0.003134,0.898099,0.439794,0.000348,-0.001691,0.002662,0.999995,0,0.84750,-0.32748,50.850,-0.655,-1,400.000,-1,375.000,-1,325.000,325.000,300.000,300.000,-1,950.000,-1,-1,700.000,700.000,-1,-1,2,0,2,0,2,0,0,0,0,2,0,2,2,0,0,2,2
42,-7003.640,10904.376,160.003,63.254,0.450032,-0.893010,0.001991,0.893012,0.450032,-0.000703,-0.000269,0.002095,0.999998,0,0.84750,-0.32748,50.850,-0.655,-1,400.000,-1,375.000,-1,325.000,325.000,300.000,300.000,-1,900.000,-1,-1,700.000,675.000,-1,-1,2,0,2,0,2,0,0,0,0,2,0,2,2,0,0,2,2
43,-6982.276,10945.170,159.758,62.359,0.463927,-0.885873,0.000817,0.885873,0.463926,-0.001556,0.000999,0.001446,0.999998,0,0.76750,-0.44748,46.050,-0.895,-1,400.000,-1,375.000,-1,325.000,325.000,300.000,300.000,-1,850.000,1000.000,-1,675.000,675.000,-1,-1,2,0,2,0,2,0,0,0,0,2,0,0,2,0,0,2,2
44,-6961.503,10982.994,159.544,61.224,0.481383,-0.876510,-0.000214,0.876508,0.481382,-0.002190,0.002023,0.000867,0.999998,0,0.71921,-0.56748,43.153,-1.135,-1,375.000,-1,375.000,-1,325.000,325.000,300.000,300.000,-1,800.000,875.000,-1,675.000,675.000,-1,-1,2,0,2,0,2,0,0,0,0,2,0,0,2,0,0,2,2
45,-6939.829,11020.308,159.468,59.849,0.502276,-0.864707,-0.000540,0.864704,0.502276,-0.002559,0.002484,0.000819,0.999997,0,0.71921,-0.68748,43.153,-1.375,-1,375.000,-1,375.000,-1,325.000,325.000,300.000,300.000,-1,800.000,850.000,-1,675.000,675.000,-1,-1,2,0,2,0,2,0,0,0,0,2,0,0,2,0,0,2,2
46,-6917.111,11056.997,159.455,58.234,0.526445,-0.850208,-0.001117,0.850205,0.526446,-0.002415,0.002642,0.000321,0.999996,0,0.71921,-0.80748,43.153,-1.615,-1,375.000,-1,375.000,1000.000,300.000,300.000,300.000,300.000,-1,800.000,850.000,-1,650.000,650.000,-1,1000.000,2,0,2,0,0,0,0,0,0,2,0,0,2,0,0,2,0
47,-6893.218,11092.931,159.667,56.379,0.553690,-0.832722,-0.001407,0.832716,0.553691,-0.003303,0.003530,0.000657,0.999994,0,0.71921,-0.92748,43.153,-1.855,-1,375.000,-1,375.000,975.000,300.000,300.000,300.000,300.000,-1,775.000,825.000,-1,650.000,650.000,-1,975.000,2,0,2,0,0,0,0,0,0,2,0,0,2,0,0,2,0
48,-6868.085,11128.010,159.872,54.379,0.582413,-0.812891,-0.001833,0.812881,0.582415,-0.004176,0.004462,0.000942,0.999990,0,0.71921,-1.00000,43.153,-2.000,-1,375.000,-1,375.000,950.000,300.000,300.000,300.000,300.000,-1,750.000,775.000,-1,650.000,625.000,-1,950.000,2,0,2,0,0,0,0,0,0,2,0,0,2,0,0,2,0
49,-6841.743,11162.190,160.336,52.379,0.610429,-0.792068,-0.002076,0.792046,0.610429,-0.006365,0.006309,0.002242,0.999978,0,0.71921,-1.00000,43.153,-2.000,-1,375.000,-1,375.000,950.000,300.000,300.000,300.000,300.000,-1,700.000,675.000,-1,650.000,625.000,-1,925.000,2,0,2,0,0,0,0,0,0,2,0,0,2,0,0,2,0
50,-6814.225,11195.430,160.895,50.379,0.637704,-0.770278,-0.002453,0.770235,0.637696,-0.009051,0.008536,0.003882,0.999956,0,0.71921,-1.00000,43.153,-2.000,-1,375.000,-1,375.000,950.000,300.000,300.000,300.000,300.000,-1,625.000,600.000,-1,650.000,625.000,-1,900.000,2,0,2,0,0,0,0,0,0,2,0,0,2,0,0,2,0
51,-6785.563,11227.689,161.460,48.379,0.664200,-0.747548,-0.003126,0.747477,0.664186,-0.011612,0.010757,0.005376,0.999928,0,0.71921,-1.00000,43.153,-2.000,-1,375.000,-1,375.000,925.000,300.000,300.000,300.000,300.000,-1,575.000,550.000,-1,650.000,600.000,-1,900.000,2,0,2,0,0,0,0,0,0,2,0,0,2,0,0,2,0
52,-6755.793,11258.928,162.182,46.379,0.689882,-0.723910,-0.004182,0.723814,0.689867,-0.013313,0.012522,0.006157,0.999903,0,0.71921,-1.00000,43.153,-2.000,-1,375.000,-1,375.000,925.000,300.000,300.000,300.000,300.000,-1,575.000,550.000,-1,650.000,600.000,-1,875.000,2,0,2,0,0,0,0,0,0,2,0,0,2,0,0,2,0
53,-6724.919,11289.142,162.891,44.381,0.714697,-0.699412,-0.005455,0.699287,0.714685,-0.014914,0.014329,0.006844,0.999874,0,0.71996,-0.99909,43.198,-1.998,-1,375.000,-1,375.000,900.000,300.000,300.000,300.000,300.000,-1,550.000,525.000,-1,650.000,600.000,-1,875.000,2,0,2,0,0,0,0,0,0,2,0,0,2,0,0,2,0
54,-6692.911,11318.359,163.587,42.390,0.738562,-0.674150,-0.006940,0.673991,0.738557,-0.016396,0.016179,0.007432,0.999841,0,0.72229,-0.99580,43.337,-1.992,-1,375.000,-1,350.000,900.000,300.000,300.000,300.000,300.000,-1,550.000,525.000,-1,650.000,600.000,-1,875.000,2,0,2,0,0,0,0,0,0,2,0,0,2,0,0,2,0
55,-6659.823,11346.524,164.267,40.405,0.761451,-0.648165,-0.008629,0.647971,0.761459,-0.017739,0.018068,0.007916,0.999805,0,0.72420,-0.99233,43.452,-1.985,-1,375.000,-1,350.000,900.000,300.000,300.000,300.000,300.000,-1,500.000,525.000,-1,650.000,575.000,-1,850.000,2,0,2,0,0,0,0,0,0,2,0,0,2,0,0,2,0
56,-6625.713,11373.586,165.096,38.428,0.783328,-0.621506,-0.011283,0.621270,0.783372,-0.018746,0.020490,0.007675,0.999761,0,0.72568,-0.98872,43.541,-1.977,-1,375.000,-1,350.000,900.000,300.000,300.000,300.000,300.000,-1,450.000,500.000,-1,625.000,575.000,-1,850.000,2,0,2,0,0,0,0,0,0,2,0,0,2,0,0,2,0
57,-6590.642,11399.497,166.210,36.458,0.804157,-0.594215,-0.015500,0.593939,0.804282,-0.019151,0.023846,0.006194,0.999696,0,0.72674,-0.98500,43.604,-1.970,-1,375.000,-1,350.000,925.000,300.000,300.000,300.000,300.000,-1,400.000,425.000,-1,625.000,600.000,-1,875.000,2,0,2,0,0,0,0,0,0,2,0,0,2,0,0,2,0
58,-6554.673,11424.213,167.312,34.495,0.823940,-0.566329,-0.019880,0.566022,0.824167,-0.019201,0.027259,0.004568,0.999618,0,0.72737,-0.98124,43.642,-1.962,-1,375.000,-1,350.000,975.000,300.000,300.000,300.000,300.000,-1,350.000,400.000,-1,600.000,600.000,-1,900.000,2,0,2,0,0,0,0,0,0,2,0,0,2,0,0,2,0
59,-6517.594,11447.860,168.588,32.528,0.842806,-0.537702,-0.023547,0.537372,0.843127,-0.019178,0.030165,0.003509,0.999539,0,0.73296,-0.98372,43.978,-1.967,-1,350.000,-1,350.000,1000.000,300.000,300.000,300.000,300.000,-1,350.000,375.000,-1,600.000,600.000,1000.000,925.000,2,0,2,0,0,0,0,0,0,2,0,0,2,0,0,0,0
60,-6479.638,11470.279,169.944,30.569,0.860600,-0.508570,-0.026891,0.508223,0.861016,-0.018999,0.032816,0.002684,0.999458,0,0.73469,-0.97940,44.081,-1.959,-1,350.000,-1,350.000,-1,300.000,300.000,300.000,300.000,-1,350.000,375.000,-1,600.000,600.000,950.000,925.000,2,0,2,0,2,0,0,0,0,2,0,0,2,0,0,0,0
61,-6440.877,11491.429,171.631,28.619,0.877356,-0.478981,-0.028692,0.478606,0.877820,-0.019206,0.034386,0.003119,0.999404,0,0.73594,-0.97488,44.156,-1.950,-1,350.000,-1,350.000,-1,300.000,300.000,300.000,300.000,-1,350.000,400.000,-1,575.000,600.000,900.000,950.000,2,0,2,0,2,0,0,0,0,2,0,0,2,0,0,0,0
62,-6401.381,11511.275,173.365,26.679,0.893026,-0.448983,-0.030308,0.448581,0.893533,-0.019349,0.035768,0.003684,0.999353,0,0.73669,-0.97019,44.201,-1.940,950.000,350.000,-1,350.000,-1,275.000,300.000,300.000,300.000,-1,375.000,400.000,-1,575.000,600.000,850.000,950.000,0,0,2,0,2,0,0,0,0,2,0,0,2,0,0,0,0
63,-6365.665,11527.914,175.569,24.978,0.905886,-0.422264,-0.032599,0.421707,0.906447,-0.022741,0.039152,0.006854,0.999210,0,0.65669,-0.85019,39.401,-1.700,975.000,350.000,-1,350.000,-1,300.000,300.000,300.000,300.000,-1,400.000,400.000,-1,575.000,600.000,875.000,975.000,0,0,2,0,2,0,0,0,0,2,0,0,2,0,0,0,0
64,-6333.937,11541.722,177.514,23.518,0.916283,-0.399017,-0.034809,0.398308,0.916893,-0.025653,0.042152,0.009641,0.999065,0,0.57669,-0.73019,34.601,-1.460,1000.000,350.000,-1,350.000,-1,300.000,300.000,300.000,300.000,-1,400.000,400.000,-1,575.000,600.000,900.000,1000.000,0,0,2,0,2,0,0,0,0,2,0,0,2,0,0,0,0
65,-6306.364,11553.030,179.186,22.297,0.924504,-0.379388,-0.036841,0.378539,0.925160,-0.028062,0.044730,0.011997,0.998927,0,0.49669,-0.61019,29.801,-1.220,1000.000,350.000,-1,350.000,-1,300.000,300.000,300.000,300.000,-1,400.000,400.000,-1,575.000,600.000,900.000,-1,0,0,2,0,2,0,0,0,0,2,0,0,2,0,0,0,2
66,-6283.073,11562.119,180.583,21.317,0.930795,-0.363494,-0.038626,0.362521,0.931492,-0.030006,0.046886,0.013926,0.998803,0,0.41669,-0.49019,25.001,-0.980,1000.000,350.000,-1,350.000,-1,300.000,300.000,300.000,300.000,-1,400.000,400.000,-1,600.000,600.000,900.000,-1,0,0,2,0,2,0,0,0,0,2,0,0,2,0,0,0,2
67,-6264.160,11569.220,181.707,20.577,0.935358,-0.351420,-0.040112,0.350343,0.936091,-0.031523,0.048626,0.015432,0.998698,0,0.33669,-0.37019,20.201,-0.740,1000.000,350.000,-1,350.000,-1,300.000,300.000,300.000,300.000,-1,400.000,400.000,-1,600.000,625.000,900.000,-1,0,0,2,0,2,0,0,0,0,2,0,0,2,0,0,0,2
68,-6249.695,11574.507,182.559,20.076,0.938346,-0.343225,-0.041260,0.342068,0.939108,-0.032646,0.049953,0.016519,0.998615,0,0.25669,-0.25019,15.401,-0.500,1000.000,350.000,-1,375.000,-1,300.000,300.000,325.000,300.000,-1,425.000,400.000,-1,600.000,625.000,900.000,-1,0,0,2,0,2,0,0,0,0,2,0,0,2,0,0,0,2
69,-6239.721,11578.101,183.138,19.816,0.939865,-0.338950,-0.042043,0.337738,0.940647,-0.033398,0.050868,0.017190,0.998557,0,0.17669,-0.13019,10.601,-0.260,-1,350.000,-1,375.000,-1,300.000,300.000,325.000,300.000,-1,425.000,400.000,-1,600.000,625.000,900.000,-1,2,0,2,0,2,0,0,0,0,2,0,0,2,0,0,0,2
70,-6234.262,11580.066,183.445,19.796,0.939968,-0.338614,-0.042446,0.337375,0.940764,-0.033794,0.051375,0.017445,0.998527,0,0.09669,-0.01019,5.801,-0.020,-1,350.000,-1,375.000,-1,300.000,300.000,325.000,300.000,-1,425.000,400.000,-1,600.000,625.000,900.000,-1,2,0,2,0,2,0,0,0,0,2,0,0,2,0,0,0,2
71,-6233.321,11580.409,183.480,20.015,0.938661,-0.342218,-0.042462,0.340980,0.939462,-0.033838,0.051472,0.017283,0.998525,0,0.01669,0.10981,1.001,0.220,-1,350.000,-1,375.000,-1,300.000,300.000,325.000,300.000,-1,425.000,400.000,-1,600.000,625.000,900.000,-1,2,0,2,0,2,0,0,0,0,2,0,0,2,0,0,0,2
72,-6236.880,11579.080,183.241,20.475,0.935898,-0.349747,-0.042097,0.348537,0.936695,-0.033521,0.051156,0.016700,0.998551,0,-0.06331,0.22981,-3.799,0.460,-1,350.000,-1,350.000,-1,300.000,300.000,325.000,300.000,-1,425.000,400.000,-1,600.000,625.000,900.000,-1,2,0,2,0,2,0,0,0,0,2,0,0,2,0,0,0,2
73,-6244.898,11575.974,182.727,21.174,0.931584,-0.361164,-0.041367,0.360011,0.932370,-0.032826,0.050425,0.015688,0.998605,0,-0.14331,0.34981,-8.599,0.700,-1,350.000,-1,350.000,-1,300.000,300.000,325.000,300.000,-1,425.000,400.000,-1,600.000,600.000,900.000,-1,2,0,2,0,2,0,0,0,0,2,0,0,2,0,0,0,2
74,-6257.311,11570.929,181.935,22.114,0.925575,-0.376413,-0.040298,0.375344,0.926342,-0.031726,0.049272,0.014239,0.998684,0,-0.22331,0.46981,-13.399,0.940,-1,350.000,-1,350.000,-1,300.000,300.000,300.000,300.000,-1,400.000,400.000,-1,600.000,600.000,900.000,-1,2,0,2,0,2,0,0,0,0,2,0,0,2,0,0,0,2
75,-6272.447,11564.412,180.956,23.294,0.917673,-0.395414,-0.039037,0.394445,0.918419,-0.030313,0.047839,0.012420,0.998778,0,-0.27466,0.58981,-16.479,1.180,-1,350.000,-1,350.000,-1,300.000,300.000,300.000,300.000,-1,400.000,400.000,-1,600.000,600.000,900.000,-1,2,0,2,0,2,0,0,0,0,2,0,0,2,0,0,0,2
76,-6287.376,11557.540,179.950,24.713,0.907634,-0.418055,-0.037812,0.417191,0.908362,-0.028794,0.046385,0.010359,0.998870,0,-0.27391,0.70981,-16.435,1.420,-1,350.000,-1,350.000,-1,300.000,300.000,300.000,300.000,-1,400.000,400.000,-1,600.000,600.000,900.000,1000.000,2,0,2,0,2,0,0,0,0,2,0,0,2,0,0,0,0
77,-6302.057,11550.261,178.914,26.373,0.895179,-0.444197,-0.036648,0.443440,0.895893,-0.027152,0.044893,0.008055,0.998959,0,-0.27311,0.82981,-16.387,1.660,-1,350.000,-1,350.000,-1,300.000,300.000,300.000,300.000,-1,400.000,425.000,-1,575.000,600.000,925.000,975.000,2,0,2,0,2,0,0,0,0,2,0,0,2,0,0,0,0
78,-6316.465,11542.559,177.875,28.125,0.881204,-0.471392,-0.035632,0.470741,0.881906,-0.025396,0.043396,0.005605,0.999042,0,-0.27227,0.87614,-16.336,1.752,-1,350.000,-1,350.000,-1,300.000,300.000,300.000,300.000,-1,400.000,425.000,-1,575.000,600.000,925.000,925.000,2,0,2,0,2,0,0,0,0,2,0,0,2,0,0,0,0
79,-6330.591,11534.445,176.871,29.872,0.866437,-0.498064,-0.034918,0.497518,0.867135,-0.023508,0.041987,0.002996,0.999114,0,-0.27152,0.87349,-16.291,1.747,-1,350.000,-1,350.000,-1,275.000,300.000,300.000,300.000,-1,400.000,425.000,-1,575.000,600.000,925.000,900.000,2,0,2,0,2,0,0,0,0,2,0,0,2,0,0,0,0
80,-6344.434,11525.924,175.860,31.614,0.850909,-0.524192,-0.034310,0.523748,0.851600,-0.021589,0.040535,0.000401,0.999178,0,-0.27091,0.87086,-16.254,1.742,-1,350.000,-1,350.000,-1,275.000,300.000,300.000,300.000,-1,400.000,425.000,-1,575.000,575.000,925.000,900.000,2,0,2,0,2,0,0,0,0,2,0,0,2,0,0,0,0
81,-6357.988,11517.003,174.892,33.350,0.834639,-0.549757,-0.033834,0.549400,0.835322,-0.019917,0.039212,-0.001965,0.999229,0,-0.27044,0.86827,-16.227,1.737,-1,350.000,-1,350.000,-1,275.000,275.000,300.000,300.000,-1,400.000,425.000,-1,575.000,575.000,925.000,875.000,2,0,2,0,2,0,0,0,0,2,0,0,2,0,0,0,0
82,-6371.252,11507.688,174.234,35.082,0.817645,-0.574744,-0.033551,0.574408,0.818328,-0.019883,0.038884,-0.003015,0.999239,0,-0.27013,0.86573,-16.208,1.731,-1,350.000,-1,350.000,1000.000,300.000,300.000,300.000,300.000,-1,375.000,425.000,-1,575.000,575.000,950.000,875.000,2,0,2,0,0,0,0,0,0,2,0,0,2,0,0,0,0
83,-6384.221,11497.983,173.565,36.808,0.799956,-0.599136,-0.033260,0.598821,0.800637,-0.019821,0.038505,-0.004061,0.999250,0,-0.26997,0.86324,-16.198,1.726,-1,350.000,-1,350.000,975.000,300.000,300.000,300.000,300.000,-1,375.000,425.000,-1,600.000,600.000,1000.000,875.000,2,0,2,0,0,0,0,0,0,2,0,0,2,0,0,0,0
84,-6396.892,11487.893,172.887,38.530,0.781594,-0.622916,-0.032965,0.622624,0.782272,-0.019730,0.038077,-0.005104,0.999262,0,-0.26996,0.86081,-16.198,1.722,-1,350.000,-1,350.000,975.000,300.000,300.000,300.000,300.000,-1,375.000,425.000,-1,600.000,600.000,-1,875.000,2,0,2,0,0,0,0,0,0,2,0,0,2,0,0,2,0
85,-6409.261,11477.422,172.216,40.247,0.762582,-0.646070,-0.032586,0.645801,0.763254,-0.019626,0.037551,-0.006078,0.999276,0,-0.27010,0.85845,-16.206,1.717,-1,350.000,-1,350.000,950.000,300.000,300.000,300.000,300.000,-1,375.000,425.000,-1,600.000,600.000,-1,875.000,2,0,2,0,0,0,0,0,0,2,0,0,2,0,0,2,0
86,-6421.325,11466.576,171.697,41.959,0.742971,-0.668587,-0.031382,0.668330,0.743606,-0.019626,0.036458,-0.006392,0.999315,0,-0.27039,0.85615,-16.223,1.712,-1,350.000,-1,350.000,925.000,300.000,300.000,300.000,300.000,-1,375.000,425.000,-1,625.000,600.000,-1,850.000,2,0,2,0,0,0,0,0,0,2,0,0,2,0,0,2,0
87,-6433.080,11455.356,171.171,43.667,0.722750,-0.690451,-0.030171,0.690207,0.723348,-0.019543,0.035317,-0.006699,0.999354,0,-0.27083,0.85394,-16.250,1.708,-1,350.000,-1,350.000,900.000,300.000,300.000,300.000,300.000,-1,375.000,450.000,-1,625.000,600.000,-1,850.000,2,0,2,0,0,0,0,0,0,2,0,0,2,0,0,2,0
88,-6444.520,11443.766,170.638,45.371,0.701938,-0.711649,-0.028956,0.711420,0.702500,-0.019377,0.034132,-0.006998,0.999393,0,-0.27141,0.85180,-16.285,1.704,-1,375.000,-1,350.000,900.000,300.000,300.000,300.000,300.000,-1,400.000,450.000,-1,625.000,600.000,-1,850.000,2,0,2,0,0,0,0,0,0,2,0,0,2,0,0,2,0
89,-6455.642,11431.811,170.098,47.070,0.680558,-0.732169,-0.027744,0.731955,0.681084,-0.019129,0.032902,-0.007289,0.999432,0,-0.27214,0.84976,-16.328,1.700,-1,375.000,-1,350.000,875.000,300.000,300.000,300.000,300.000,-1,400.000,475.000,-1,625.000,575.000,-1,850.000,2,0,2,0,0,0,0,0,0,2,0,0,2,0,0,2,0
90,-6466.439,11419.493,169.552,48.766,0.658629,-0.752000,-0.026539,0.751803,0.659120,-0.018799,0.031630,-0.007570,0.999471,0,-0.27301,0.84781,-16.380,1.696,-1,375.000,-1,350.000,850.000,300.000,300.000,300.000,300.000,-1,425.000,475.000,-1,650.000,575.000,-1,825.000,2,0,2,0,0,0,0,0,0,2,0,0,2,0,0,2,0
91,-6476.906,11406.814,169.015,50.458,0.636174,-0.771131,-0.025273,0.770951,0.636628,-0.018389,0.030270,-0.007786,0.999511,0,-0.27401,0.84595,-16.441,1.692,-1,375.000,-1,350.000,850.000,300.000,300.000,300.000,300.000,-1,450.000,475.000,-1,650.000,575.000,-1,825.000,2,0,2,0,0,0,0,0,0,2,0,0,2,0,0,2,0
92,-6484.087,11397.653,168.681,51.910,0.616460,-0.787014,-0.024208,0.786846,0.616885,-0.018064,0.029150,-0.007912,0.999544,0,-0.19401,0.72595,-11.641,1.452,-1,375.000,-1,350.000,825.000,300.000,300.000,300.000,300.000,-1,450.000,500.000,-1,650.000,575.000,-1,825.000,2,0,2,0,0,0,0,0,0,2,0,0,2,0,0,2,0
93,-6488.192,11392.181,168.492,53.121,0.599691,-0.799883,-0.023631,0.799725,0.600100,-0.017863,0.028469,-0.008186,0.999561,0,-0.11401,0.60595,-6.841,1.212,-1,375.000,-1,350.000,825.000,300.000,300.000,300.000,300.000,-1,475.000,500.000,-1,675.000,575.000,-1,825.000,2,0,2,0,0,0,0,0,0,2,0,0,2,0,0,2,0
94,-6489.389,11390.528,168.450,54.093,0.586036,-0.809944,-0.023516,0.809793,0.586444,-0.017827,0.028230,-0.008596,0.999564,0,-0.03401,0.48595,-2.041,0.972,-1,375.000,-1,350.000,825.000,300.000,300.000,300.000,300.000,-1,475.000,500.000,-1,675.000,575.000,-1,825.000,2,0,2,0,0,0,0,0,0,2,0,0,2,0,0,2,0
95,-6487.799,11392.784,168.557,54.825,0.575626,-0.817365,-0.023845,0.817218,0.576048,-0.017984,0.028435,-0.009134,0.999554,0,0.04599,0.36595,2.759,0.732,-1,375.000,-1,350.000,825.000,300.000,300.000,300.000,300.000,-1,475.000,500.000,-1,675.000,575.000,-1,825.000,2,0,2,0,0,0,0,0,0,2,0,0,2,0,0,2,0
96,-6483.498,11399.000,168.815,55.317,0.568558,-0.822275,-0.024609,0.822129,0.569006,-0.018349,0.029091,-0.009799,0.999529,0,0.12599,0.24595,7.559,0.492,-1,375.000,-1,350.000,825.000,300.000,300.000,300.000,300.000,-1,475.000,500.000,-1,675.000,575.000,-1,850.000,2,0,2,0,0,0,0,0,0,2,0,0,2,0,0,2,0
97,-6476.509,11409.194,169.291,55.569,0.564902,-0.824764,-0.025479,0.824613,0.565382,-0.018904,0.029997,-0.010331,0.999497,0,0.20599,0.12595,12.359,0.252,-1,375.000,-1,350.000,825.000,300.000,300.000,300.000,300.000,-1,475.000,500.000,-1,675.000,600.000,-1,850.000,2,0,2,0,0,0,0,0,0,2,0,0,2,0,0,2,0
98,-6466.810,11423.350,169.945,55.581,0.564683,-0.824877,-0.026680,0.824715,0.565207,-0.019657,0.031294,-0.010903,0.999451,0,0.28599,0.00595,17.159,0.012,-1,375.000,-1,350.000,825.000,300.000,300.000,300.000,300.000,-1,475.000,500.000,-1,675.000,600.000,-1,850.000,2,0,2,0,0,0,0,0,0,2,0,0,2,0,0,2,0
99,-6454.326,11441.415,170.778,55.353,0.567898,-0.822614,-0.028247,0.822437,0.568483,-0.020598,0.033002,-0.011533,0.999389,0,0.36599,-0.11405,21.959,-0.228,-1,375.000,-1,350.000,825.000,300.000,300.000,300.000,300.000,-1,450.000,475.000,-1,675.000,600.000,-1,850.000,2,0,2,0,0,0,0,0,0,2,0,0,2,0,0,2,0
100,-6438.993,11463.347,171.799,55.042,0.572273,-0.819507,-0.030194,0.819311,0.572937,-0.021734,0.035110,-0.012300,0.999308,0,0.44599,-0.15558,26.759,-0.311,-1,375.000,-1,350.000,850.000,300.000,300.000,300.000,300.000,-1,425.000,475.000,-1,675.000,600.000,-1,850.000,2,0,2,0,0,0,0,0,0,2,0,0,2,0,0,2,0
101,-6420.774,11489.117,173.015,54.740,0.576468,-0.816472,-0.032536,0.816253,0.577233,-0.023075,0.037621,-0.013255,0.999204,0,0.52599,-0.15071,31.559,-0.301,-1,375.000,-1,350.000,850.000,300.000,300.000,300.000,300.000,-1,425.000,450.000,-1,675.000,600.000,-1,850.000,2,0,2,0,0,0,0,0,0,2,0,0,2,0,0,2,0
102,-6399.634,11518.699,174.430,54.451,0.580451,-0.813530,-0.035292,0.813285,0.581344,-0.024625,0.040550,-0.014409,0.999074,0,0.60599,-0.14483,36.359,-0.290,1000.000,375.000,-1,350.000,850.000,300.000,300.000,300.000,300.000,-1,400.000,400.000,-1,675.000,600.000,-1,875.000,1,0,2,0,0,0,0,0,0,2,0,0,2,0,0,2,0
103,-6375.543,11552.072,176.049,54.175,0.584186,-0.810707,-0.038483,0.810431,0.585239,-0.026390,0.043917,-0.015772,0.998911,0,0.68599,-0.13784,41.159,-0.276,950.000,375.000,-1,350.000,875.000,300.000,300.000,300.000,300.000,-1,350.000,350.000,-1,675.000,600.000,1000.000,875.000,1,0,2,0,0,0,0,0,0,2,0,0,2,0,0,1,0
104,-6348.473,11589.215,177.963,53.916,0.587659,-0.808034,-0.041692,0.807715,0.588891,-0.028359,0.047467,-0.017010,0.998728,0,0.76599,-0.12966,45.959,-0.259,925.000,375.000,-1,350.000,875.000,300.000,300.000,300.000,300.000,-1,300.000,325.000,-1,675.000,600.000,975.000,875.000,1,0,2,0,0,0,0,0,0,2,0,0,2,0,0,1,0
105,-6318.405,11630.110,180.350,53.675,0.590887,-0.805550,-0.044055,0.805161,0.592271,-0.030515,0.050673,-0.017441,0.998563,0,0.84599,-0.12017,50.759,-0.240,900.000,375.000,-1,350.000,875.000,300.000,300.000,300.000,300.000,-1,300.000,325.000,-1,675.000,600.000,925.000,875.000,1,0,2,0,0,0,0,0,0,2,0,0,2,0,0,1,0
106,-6285.323,11674.748,182.999,53.457,0.593768,-0.803278,-0.046723,0.802804,0.595333,-0.032924,0.054263,-0.017960,0.998365,0,0.92599,-0.10925,55.559,-0.219,850.000,375.000,-1,350.000,875.000,300.000,300.000,300.000,300.000,-1,300.000,300.000,-1,675.000,600.000,875.000,875.000,1,0,2,0,0,0,0,0,0,2,0,0,2,0,0,1,0
107,-6251.347,11720.270,185.741,53.263,0.596269,-0.801255,-0.049540,0.800686,0.598036,-0.035418,0.058006,-0.018547,0.998144,0,0.94672,-0.09676,56.803,-0.194,800.000,375.000,-1,350.000,875.000,300.000,300.000,300.000,300.000,-1,275.000,300.000,-1,675.000,600.000,850.000,875.000,1,0,2,0,0,0,0,0,0,2,0,0,2,0,0,1,0
108,-6216.890,11766.156,188.776,53.097,0.598361,-0.799486,-0.052777,0.798894,0.600346,-0.036791,0.061099,-0.020149,0.997928,0,0.95637,-0.08335,57.382,-0.167,750.000,375.000,-1,350.000,850.000,300.000,300.000,300.000,300.000,-1,300.000,300.000,-1,675.000,600.000,800.000,875.000,1,0,2,0,0,0,0,0,0,2,0,0,2,0,0,1,0
109,-6181.995,11812.393,192.565,52.958,0.600037,-0.798027,-0.055757,0.797311,0.602267,-0.039616,0.065195,-0.020684,0.997658,0,0.96545,-0.06914,57.927,-0.138,725.000,375.000,-1,350.000,875.000,300.000,300.000,300.000,300.000,-1,300.000,325.000,-1,675.000,600.000,750.000,900.000,1,0,2,0,0,0,0,0,0,2,0,0,2,0,0,1,0
110,-6149.711,11854.587,196.208,52.580,0.605057,-0.794037,-0.058399,0.793146,0.607526,-0.042803,0.069466,-0.020421,0.997375,0,0.88545,-0.18914,53.127,-0.378,675.000,375.000,-1,350.000,900.000,300.000,300.000,300.000,300.000,-1,300.000,325.000,-1,700.000,600.000,700.000,925.000,1,0,2,0,0,0,0,0,0,2,0,0,2,1,0,1,0
111,-6119.932,11892.650,199.722,51.962,0.613368,-0.787439,-0.060992,0.786397,0.616062,-0.045256,0.073211,-0.020205,0.997112,0,0.80545,-0.30914,48.327,-0.618,650.000,375.000,-1,350.000,900.000,300.000,300.000,300.000,300.000,-1,325.000,325.000,-1,650.000,600.000,675.000,925.000,1,0,2,0,0,0,0,0,0,2,0,0,2,1,0,1,0
112,-6092.600,11926.526,203.238,51.103,0.624884,-0.778117,-0.063676,0.777011,0.627783,-0.046275,0.075982,-0.020560,0.996897,0,0.72545,-0.42914,43.527,-0.858,600.000,375.000,1000.000,350.000,925.000,300.000,300.000,300.000,300.000,-1,350.000,350.000,-1,650.000,600.000,650.000,950.000,1,0,1,0,0,0,0,0,0,2,0,0,2,1,0,1,0
113,-6067.709,11956.195,206.431,50.005,0.639500,-0.765944,-0.066096,0.764755,0.642586,-0.047259,0.078670,-0.020325,0.996694,0,0.64545,-0.54914,38.727,-1.098,575.000,375.000,1000.000,350.000,950.000,300.000,300.000,300.000,300.000,-1,325.000,375.000,-1,625.000,600.000,625.000,975.000,1,0,1,0,0,0,0,0,0,2,0,0,2,1,0,1,0
114,-6045.302,11981.670,209.281,48.667,0.657063,-0.750740,-0.068246,0.749445,0.660310,-0.048195,0.081246,-0.019479,0.996504,0,0.56545,-0.66914,33.927,-1.338,550.000,375.000,1000.000,350.000,975.000,300.000,300.000,300.000,300.000,-1,325.000,375.000,-1,600.000,600.000,600.000,1000.000,1,0,1,0,0,0,0,0,0,2,0,0,2,1,0,1,0
115,-6025.472,12003.004,211.771,47.093,0.677321,-0.732338,-0.070123,0.730913,0.680703,-0.049077,0.083674,-0.018013,0.996330,0,0.48545,-0.78709,29.127,-1.574,525.000,375.000,1000.000,350.000,1000.000,300.000,300.000,325.000,300.000,-1,325.000,400.000,-1,600.000,600.000,575.000,1000.000,1,0,1,0,0,0,0,0,0,2,0,0,2,1,0,1,0
116,-6008.436,12020.371,213.876,45.551,0.696682,-0.713784,-0.071738,0.712232,0.700174,-0.049826,0.085794,-0.016381,0.996178,0,0.40545,-0.77062,24.327,-1.541,525.000,375.000,1000.000,350.000,-1,300.000,300.000,325.000,300.000,-1,300.000,400.000,-1,600.000,600.000,550.000,-1,1,0,1,0,2,0,0,0,0,2,0,0,2,1,0,1,2
117,-5994.399,12033.946,215.581,44.040,0.715197,-0.695093,-0.073069,0.693412,0.718772,-0.050456,0.087592,-0.014581,0.996050,0,0.32545,-0.75550,19.527,-1.511,500.000,375.000,-1,350.000,-1,300.000,300.000,325.000,300.000,-1,300.000,375.000,-1,600.000,600.000,550.000,-1,1,0,2,0,2,0,0,0,0,2,0,0,2,1,0,1,2
118,-5983.550,12043.906,216.877,42.557,0.732922,-0.676266,-0.074096,0.674459,0.736550,-0.050982,0.089053,-0.012609,0.995947,0,0.24545,-0.74190,14.727,-1.484,500.000,375.000,-1,350.000,-1,300.000,300.000,325.000,300.000,-1,300.000,375.000,-1,600.000,600.000,550.000,-1,1,0,2,0,2,0,0,0,0,2,0,0,2,1,0,1,2
119,-5976.069,12050.431,217.791,41.097,0.749892,-0.657297,-0.074978,0.655371,0.753557,-0.051388,0.090278,-0.010603,0.995860,0,0.16545,-0.72991,9.927,-1.460,500.000,375.000,-1,350.000,-1,300.000,300.000,325.000,300.000,-1,275.000,350.000,-1,600.000,600.000,550.000,-1,1,0,2,0,2,0,0,0,0,2,0,0,2,1,0,1,2
120,-5972.122,12053.703,218.276,39.658,0.766178,-0.638177,-0.075504,0.636133,0.769844,-0.051720,0.091133,-0.008404,0.995803,0,0.08545,-0.71960,5.127,-1.439,500.000,375.000,-1,350.000,-1,300.000,300.000,325.000,300.000,-1,275.000,350.000,-1,600.000,625.000,550.000,-1,1,0,2,0,2,0,0,0,0,2,0,0,2,1,0,1,2
121,-5971.865,12053.905,218.306,38.236,0.781837,-0.618887,-0.075564,0.616725,0.785458,-0.052022,0.091548,-0.005930,0.995783,0,0.00545,-0.71101,0.327,-1.422,500.000,375.000,-1,350.000,-1,300.000,300.000,325.000,300.000,-1,275.000,325.000,-1,600.000,625.000,550.000,-1,1,0,2,0,2,0,0,0,0,2,0,0,2,1,0,1,2
122,-5975.446,12051.224,217.881,36.827,0.796912,-0.599403,-0.075151,0.597123,0.800441,-0.052323,0.091517,-0.003177,0.995798,0,-0.07455,-0.70415,-4.473,-1.408,500.000,375.000,-1,350.000,-1,300.000,300.000,325.000,300.000,-1,250.000,325.000,-1,625.000,625.000,575.000,-1,1,0,2,0,2,0,0,0,0,2,0,0,2,1,0,1,2
123,-5983.002,12045.849,217.005,35.429,0.811437,-0.579699,-0.074287,0.577303,0.814831,-0.052647,0.091050,-0.000166,0.995846,0,-0.15455,-0.69900,-9.273,-1.398,525.000,375.000,-1,350.000,-1,300.000,300.000,325.000,300.000,-1,250.000,300.000,-1,650.000,600.000,600.000,-1,1,0,2,0,2,0,0,0,0,2,0,0,2,1,0,1,2
124,-5994.664,12037.972,215.757,34.038,0.825416,-0.559745,-0.073304,0.557246,0.828660,-0.052915,0.090363,0.002829,0.995905,0,-0.23455,-0.69553,-14.073,-1.391,525.000,375.000,-1,350.000,-1,300.000,300.000,325.000,300.000,-1,250.000,300.000,-1,650.000,600.000,625.000,-1,1,0,2,0,2,0,0,0,0,2,0,0,2,1,0,1,2
125,-6009.587,12028.410,214.194,32.651,0.838889,-0.539510,-0.072074,0.536913,0.841958,-0.053207,0.089389,0.005937,0.995979,0,-0.29538,-0.69370,-17.723,-1.387,550.000,375.000,-1,350.000,-1,300.000,300.000,325.000,300.000,-1,225.000,275.000,-1,650.000,600.000,650.000,-1,1,0,2,0,2,0,0,0,0,2,0,0,2,0,0,1,2
126,-6024.922,12019.101,212.617,31.265,0.851848,-0.518972,-0.070865,0.516282,0.854743,-0.053538,0.088356,0.009020,0.996048,0,-0.29899,-0.69308,-17.939,-1.386,575.000,375.000,-1,350.000,-1,300.000,300.000,325.000,300.000,-1,225.000,250.000,-1,650.000,600.000,675.000,-1,1,0,2,0,2,0,0,0,0,2,0,0,2,0,0,1,2
127,-6040.660,12010.059,211.030,29.880,0.864290,-0.498145,-0.069679,0.495366,0.867010,-0.053909,0.087267,0.012076,0.996112,0,-0.30251,-0.69252,-18.151,-1.385,575.000,375.000,-1,350.000,-1,300.000,300.000,325.000,300.000,-1,225.000,250.000,-1,650.000,600.000,700.000,-1,1,0,2,0,2,0,0,0,0,2,0,0,2,0,0,1,2
128,-6056.794,12001.302,209.432,28.496,0.876207,-0.477038,-0.068521,0.474176,0.878753,-0.054319,0.086125,0.015104,0.996170,0,-0.30595,-0.69201,-18.357,-1.384,600.000,375.000,-1,350.000,-1,300.000,300.000,350.000,300.000,-1,200.000,225.000,-1,650.000,600.000,725.000,-1,1,0,2,0,2,0,0,0,0,2,0,0,2,0,0,1,2
129,-6073.313,11992.844,208.048,27.113,0.887608,-0.455673,-0.067188,0.452821,0.889979,-0.053754,0.084291,0.017288,0.996291,0,-0.30930,-0.69155,-18.558,-1.383,625.000,375.000,-1,350.000,-1,300.000,300.000,350.000,300.000,-1,200.000,225.000,-1,650.000,600.000,750.000,-1,1,0,2,0,2,0,0,0,0,2,0,0,2,0,0,1,2
130,-6090.209,11984.703,206.809,25.730,0.898487,-0.434059,-0.065683,0.431281,0.900686,-0.052543,0.081966,0.018882,0.996456,0,-0.31258,-0.69111,-18.755,-1.382,650.000,375.000,-1,350.000,-1,300.000,300.000,350.000,300.000,-1,225.000,225.000,-1,650.000,600.000,775.000,-1,1,0,2,0,2,0,0,0,0,2,0,0,2,0,0,1,2
131,-6102.898,11978.896,205.900,24.588,0.907067,-0.416008,-0.064550,0.413280,0.909137,-0.051668,0.080180,0.020189,0.996576,0,-0.23258,-0.57111,-13.955,-1.142,650.000,375.000,-1,350.000,-1,300.000,300.000,325.000,300.000,-1,225.000,250.000,-1,650.000,600.000,800.000,-1,1,0,2,0,2,0,0,0,0,2,0,0,2,0,0,1,2
