timestep,x_cm,y_cm,z_cm,yaw_deg,basis_xx,basis_xy,basis_xz,basis_yx,basis_yy,basis_yz,basis_zx,basis_zy,basis_zz,teleport_flag,throttle_cmd,steering_cmd,cmd_move_cm,cmd_turn_deg,lidar_cm_0,lidar_cm_1,lidar_cm_2,lidar_cm_3,lidar_cm_4,lidar_cm_5,lidar_cm_6,lidar_cm_7,lidar_cm_8,lidar_cm_9,lidar_cm_10,lidar_cm_11,lidar_cm_12,lidar_cm_13,lidar_cm_14,lidar_cm_15,lidar_cm_16,lidar_class_0,lidar_class_1,lidar_class_2,lidar_class_3,lidar_class_4,lidar_class_5,lidar_class_6,lidar_class_7,lidar_class_8,lidar_class_9,lidar_class_10,lidar_class_11,lidar_class_12,lidar_class_13,lidar_class_14,lidar_class_15,lidar_class_16
0,-1793.317,9407.000,-38.487,-100.387,-0.181263,0.981805,-0.056587,-0.983293,-0.179958,0.027403,0.016721,0.060609,0.998022,1,0.08000,0.12000,4.800,0.240,525.000,325.000,-1,475.000,-1,300.000,325.000,475.000,325.000,-1,175.000,100.000,750.000,625.000,-1,575.000,-1,1,1,2,1,2,1,1,1,0,2,0,0,0,1,2,1,2
1,-1794.968,9397.543,-38.547,-99.907,-0.173100,0.983236,-0.057301,-0.984741,-0.171719,0.028239,0.017926,0.061314,0.997958,0,0.16000,0.24000,9.600,0.480,525.000,325.000,-1,475.000,-1,300.000,325.000,475.000,325.000,-1,175.000,100.000,750.000,625.000,-1,575.000,-1,1,1,2,1,2,1,1,1,0,2,0,0,0,1,2,1,2
2,-1797.266,9383.328,-38.637,-99.187,-0.160836,0.985255,-0.058345,-0.986784,-0.159340,0.029470,0.019739,0.062314,0.997861,0,0.24000,0.36000,14.400,0.720,525.000,325.000,-1,475.000,-1,300.000,325.000,475.000,325.000,-1,175.000,100.000,750.000,625.000,-1,550.000,-1,1,1,2,1,2,1,1,1,0,2,0,0,0,1,2,1,2
3,-1800.083,9364.336,-38.730,-98.441,-0.148158,0.987153,-0.059820,-0.988714,-0.146491,0.031370,0.022204,0.063793,0.997716,0,0.32000,0.37283,19.200,0.746,500.000,325.000,-1,475.000,-1,300.000,325.000,500.000,325.000,-1,150.000,75.000,750.000,625.000,-1,550.000,-1,1,1,2,1,2,1,1,1,0,2,0,0,0,1,2,1,2
4,-1803.291,9340.552,-38.824,-97.687,-0.135377,0.988869,-0.061735,-0.990470,-0.133477,0.033942,0.025324,0.065742,0.997515,0,0.40000,0.37682,24.000,0.754,500.000,325.000,-1,475.000,-1,300.000,325.000,500.000,325.000,-1,150.000,75.000,725.000,625.000,-1,525.000,-1,1,1,2,1,2,1,1,1,0,2,0,0,0,1,2,1,2
5,7543.235,-2295.755,112.268,-55.390,0.569354,0.821606,0.028285,-0.821320,0.566991,0.062885,0.035629,-0.059035,0.997620,1,0.00000,0.00000,28.800,0.768,-1,400.000,-1,400.000,-1,325.000,325.000,300.000,300.000,-1,-1,-1,-1,750.000,900.000,-1,-1,2,0,2,0,2,0,0,0,0,2,2,2,2,0,0,2,2
6,7545.944,-2299.717,112.445,-55.630,0.565904,0.823985,0.028300,-0.823696,0.563552,0.062720,0.035732,-0.058804,0.997630,0,0.08000,-0.12000,4.800,-0.240,-1,400.000,-1,400.000,-1,325.000,325.000,300.000,300.000,-1,-1,-1,-1,750.000,900.000,-1,-1,2,0,2,0,2,0,0,0,0,2,2,2,2,0,0,2,2
7,7551.297,-2307.686,112.802,-56.110,0.558976,0.828700,0.028328,-0.828405,0.556644,0.062394,0.035937,-0.058344,0.997649,0,0.16000,-0.24000,9.600,-0.480,-1,400.000,-1,400.000,-1,325.000,325.000,300.000,300.000,-1,-1,-1,-1,750.000,900.000,-1,-1,2,0,2,0,2,0,0,0,0,2,2,2,2,0,0,2,2
8,7559.175,-2319.740,113.347,-56.830,0.548510,0.835662,0.028369,-0.835358,0.546209,0.061910,0.036240,-0.057656,0.997679,0,0.24000,-0.36000,14.400,-0.720,-1,400.000,-1,400.000,-1,325.000,325.000,300.000,300.000,-1,-1,-1,-1,750.000,900.000,-1,-1,2,0,2,0,2,0,0,0,0,2,2,2,2,0,0,2,2
9,7569.409,-2335.986,114.090,-57.790,0.534421,0.844741,0.028417,-0.844424,0.532159,0.061273,0.036638,-0.056742,0.997716,0,0.32000,-0.48000,19.200,-0.960,-1,400.000,-1,400.000,-1,325.000,325.000,300.000,300.000,-1,-1,-1,-1,775.000,900.000,-1,-1,2,0,2,0,2,0,0,0,0,2,2,2,2,0,0,2,2
10,7581.773,-2356.557,115.043,-58.990,0.516597,0.855755,0.028470,-0.855423,0.514384,0.060494,0.037123,-0.055604,0.997763,0,0.40000,-0.60000,24.000,-1.200,-1,400.000,-1,400.000,-1,325.000,325.000,300.000,300.000,-1,-1,-1,-1,775.000,900.000,-1,-1,2,0,2,0,2,0,0,0,0,2,2,2,2,0,0,2,2
11,7595.984,-2381.607,116.223,-60.430,0.494909,0.868476,0.028521,-0.868127,0.492754,0.059579,0.037690,-0.054246,0.997816,0,0.48000,-0.72000,28.800,-1.440,-1,400.000,-1,400.000,-1,325.000,325.000,300.000,300.000,-1,-1,-1,-1,775.000,900.000,-1,-1,2,0,2,0,2,0,0,0,0,2,2,2,2,0,0,2,2
12,7611.767,-2411.270,117.649,-61.983,0.471171,0.881578,0.028588,-0.881213,0.469077,0.058577,0.038230,-0.052792,0.997873,0,0.56000,-0.77635,33.600,-1.553,-1,400.000,-1,425.000,-1,325.000,325.000,300.000,300.000,-1,-1,-1,-1,800.000,925.000,-1,-1,2,0,2,0,2,0,0,0,0,2,2,2,2,0,0,2,2
13,7628.879,-2445.647,119.330,-63.536,0.447082,0.894033,0.028677,-0.893658,0.445051,0.057483,0.038629,-0.051327,0.997935,0,0.64000,-0.77635,38.400,-1.553,-1,400.000,-1,425.000,-1,325.000,325.000,300.000,300.000,-1,-1,-1,-1,800.000,925.000,-1,-1,2,0,2,0,2,0,0,0,0,2,2,2,2,0,0,2,2
14,7647.075,-2484.828,121.261,-65.089,0.422658,0.905833,0.028733,-0.905453,0.420694,0.056316,0.038925,-0.049819,0.997999,0,0.72000,-0.77635,43.200,-1.553,-1,400.000,-1,425.000,-1,325.000,325.000,300.000,300.000,-1,-1,-1,-1,825.000,925.000,-1,-1,2,0,2,0,2,0,0,0,0,2,2,2,2,0,0,2,2
15,7666.105,-2528.895,123.267,-66.641,0.397910,0.916999,0.027921,-0.916567,0.396038,0.055314,0.039666,-0.047601,0.998079,0,0.80000,-0.77635,48.000,-1.553,-1,400.000,-1,425.000,-1,325.000,325.000,300.000,300.000,-1,-1,-1,-1,825.000,950.000,-1,-1,2,0,2,0,2,0,0,0,0,2,2,2,2,0,0,2,2
16,7684.629,-2575.199,125.267,-68.194,0.372836,0.927511,0.026775,-0.927037,0.371092,0.053792,0.039957,-0.044877,0.998193,0,0.83119,-0.77635,49.872,-1.553,-1,400.000,-1,425.000,-1,325.000,325.000,300.000,300.000,-1,-1,-1,-1,850.000,950.000,-1,-1,2,0,2,0,2,0,0,0,0,2,2,2,2,0,0,2,2
17,7701.892,-2621.988,127.089,-69.747,0.347436,0.937369,0.025051,-0.936870,0.345876,0.051417,0.039532,-0.041334,0.998363,0,0.83119,-0.77635,49.872,-1.553,-1,400.000,-1,425.000,-1,325.000,350.000,300.000,300.000,-1,-1,-1,-1,850.000,950.000,-1,-1,2,0,2,0,2,0,0,0,0,2,2,2,2,0,0,2,2
18,7717.881,-2669.227,128.963,-71.299,0.321780,0.946529,0.023266,-0.946008,0.320395,0.049156,0.039073,-0.037827,0.998520,0,0.83119,-0.77635,49.872,-1.553,-1,425.000,-1,425.000,-1,325.000,350.000,300.000,300.000,-1,-1,-1,-1,850.000,950.000,-1,-1,2,0,2,0,2,0,0,0,0,2,2,2,2,0,0,2,2
19,7732.584,-2716.882,130.761,-72.852,0.295916,0.954966,0.021790,-0.954418,0.294661,0.047546,0.038985,-0.034866,0.998631,0,0.83119,-0.77635,49.872,-1.553,-1,425.000,-1,425.000,-1,350.000,350.000,300.000,300.000,-1,-1,-1,-1,875.000,950.000,-1,-1,2,0,2,0,2,0,0,0,0,2,2,2,2,0,0,2,2
20,7745.991,-2764.918,132.155,-74.405,0.269877,0.962635,0.022384,-0.962156,0.268687,0.045428,0.037717,-0.033797,0.998717,0,0.83119,-0.77635,49.872,-1.553,-1,425.000,-1,425.000,-1,325.000,350.000,300.000,300.000,-1,-1,-1,-1,875.000,950.000,-1,-1,2,0,2,0,2,0,0,0,0,2,2,2,2,0,0,2,2
21,7758.092,-2813.299,133.574,-75.957,0.243641,0.969592,0.023046,-0.969186,0.242512,0.043203,0.036300,-0.032862,0.998800,0,0.83119,-0.77635,49.872,-1.553,-1,425.000,-1,425.000,-1,325.000,325.000,300.000,300.000,-1,-1,-1,-1,875.000,925.000,-1,-1,2,0,2,0,2,0,0,0,0,2,2,2,2,0,0,2,2
22,7768.878,-2861.990,135.045,-77.510,0.217222,0.975836,0.023630,-0.975500,0.216157,0.040928,0.034831,-0.031942,0.998883,0,0.83119,-0.77635,49.872,-1.553,-1,400.000,-1,425.000,-1,325.000,325.000,300.000,300.000,-1,-1,-1,-1,875.000,925.000,-1,-1,2,0,2,0,2,0,0,0,0,2,2,2,2,0,0,2,2
23,7778.340,-2910.956,136.567,-79.063,0.190643,0.981363,0.024130,-0.981094,0.189641,0.038609,0.033313,-0.031034,0.998963,0,0.83119,-0.77635,49.872,-1.553,-1,400.000,-1,425.000,-1,325.000,325.000,300.000,300.000,-1,-1,-1,-1,875.000,925.000,-1,-1,2,0,2,0,2,0,0,0,0,2,2,2,2,0,0,2,2
24,7786.471,-2960.160,138.138,-80.616,0.163921,0.986168,0.024540,-0.985962,0.162984,0.036249,0.031748,-0.030138,0.999041,0,0.83119,-0.77635,49.872,-1.553,-1,400.000,-1,425.000,-1,325.000,325.000,275.000,300.000,-1,-1,-1,-1,875.000,900.000,-1,-1,2,0,2,0,2,0,0,0,0,2,2,2,2,0,0,2,2
25,7793.267,-3009.567,139.758,-82.168,0.137077,0.990249,0.024856,-0.990102,0.136207,0.033854,0.030138,-0.029250,0.999118,0,0.83119,-0.77635,49.872,-1.553,-1,400.000,-1,425.000,-1,325.000,325.000,275.000,300.000,-1,-1,-1,-1,875.000,900.000,-1,-1,2,0,2,0,2,0,0,0,0,2,2,2,2,0,0,2,2
26,7798.721,-3059.139,141.426,-83.721,0.110130,0.993601,0.025072,-0.993509,0.109327,0.031429,0.028487,-0.028370,0.999191,0,0.83119,-0.77635,49.872,-1.553,-1,400.000,-1,425.000,-1,325.000,325.000,300.000,300.000,-1,-1,-1,-1,875.000,900.000,-1,-1,2,0,2,0,2,0,0,0,0,2,2,2,2,0,0,2,2
27,7802.830,-3108.841,143.139,-85.274,0.083102,0.996223,0.025184,-0.996181,0.082366,0.028979,0.026795,-0.027496,0.999263,0,0.83119,-0.77635,49.872,-1.553,-1,400.000,-1,425.000,-1,325.000,325.000,300.000,300.000,-1,-1,-1,-1,875.000,875.000,-1,-1,2,0,2,0,2,0,0,0,0,2,2,2,2,0,0,2,2
28,7805.591,-3158.637,144.896,-86.826,0.056012,0.998112,0.025187,-0.998115,0.055343,0.026510,0.025066,-0.026624,0.999331,0,0.83119,-0.77635,49.872,-1.553,-1,425.000,-1,425.000,-1,325.000,325.000,300.000,300.000,-1,-1,-1,-1,875.000,875.000,-1,-1,2,0,2,0,2,0,0,0,0,2,2,2,2,0,0,2,2
29,7807.002,-3208.488,146.704,-88.379,0.028880,0.999268,0.025103,-0.999312,0.028278,0.024011,0.023283,-0.025779,0.999396,0,0.83119,-0.77635,49.872,-1.553,-1,425.000,-1,425.000,-1,325.000,325.000,300.000,300.000,-1,-1,-1,-1,875.000,875.000,-1,-1,2,0,2,0,2,0,0,0,0,2,2,2,2,0,0,2,2
30,7807.061,-3258.360,148.549,-89.932,0.001727,0.999689,0.024884,-0.999768,0.001191,0.021518,0.021482,-0.024916,0.999459,0,0.83119,-0.77635,49.872,-1.553,-1,425.000,-1,425.000,-1,325.000,325.000,300.000,300.000,-1,-1,-1,-1,850.000,850.000,-1,-1,2,0,2,0,2,0,0,0,0,2,2,2,2,0,0,2,2
31,7805.769,-3308.215,149.549,-91.484,-0.025392,0.999359,0.025220,-0.999466,-0.025897,0.019933,0.020573,-0.024700,0.999483,0,0.83119,-0.77635,49.872,-1.553,-1,425.000,-1,425.000,-1,325.000,325.000,300.000,300.000,-1,-1,-1,-1,850.000,850.000,-1,-1,2,0,2,0,2,0,0,0,0,2,2,2,2,0,0,2,2
32,7803.127,-3358.016,150.091,-93.037,-0.052498,0.998296,0.025462,-0.998431,-0.052967,0.018140,0.019457,-0.024470,0.999511,0,0.83119,-0.77635,49.872,-1.553,-1,425.000,-1,425.000,-1,325.000,325.000,300.000,300.000,-1,-1,-1,-1,825.000,825.000,-1,-1,2,0,2,0,2,0,0,0,0,2,2,2,2,0,0,2,2
33,7799.136,-3407.728,150.666,-94.590,-0.079566,0.996501,0.025596,-0.996661,-0.079999,0.016342,0.018332,-0.024211,0.999539,0,0.83119,-0.77635,49.872,-1.553,-1,400.000,-1,400.000,-1,325.000,325.000,300.000,300.000,-1,-1,-1,-1,825.000,825.000,-1,-1,2,0,2,0,2,0,0,0,0,2,2,2,2,0,0,2,2
34,7794.453,-3453.023,151.218,-95.903,-0.102409,0.994412,0.025629,-0.994593,-0.102807,0.014712,0.017264,-0.023984,0.999563,0,0.75894,-0.65635,45.536,-1.313,-1,400.000,-1,400.000,-1,325.000,325.000,300.000,300.000,-1,-1,-1,-1,800.000,800.000,-1,-1,2,0,2,0,2,0,0,0,0,2,2,2,2,0,0,2,2
35,7788.923,-3498.222,151.792,-96.975,-0.121044,0.992318,0.025577,-0.992517,-0.121406,0.013097,0.016101,-0.023801,0.999587,0,0.75894,-0.53635,45.536,-1.073,-1,400.000,-1,400.000,-1,325.000,325.000,300.000,300.000,-1,-1,-1,-1,800.000,800.000,-1,-1,2,0,2,0,2,0,0,0,0,2,2,2,2,0,0,2,2
36,7782.718,-3543.334,152.382,-97.832,-0.135909,0.990394,0.025463,-0.990610,-0.136234,0.011496,0.014854,-0.023661,0.999610,0,0.75894,-0.42849,45.536,-0.857,-1,400.000,-1,400.000,-1,325.000,325.000,300.000,300.000,-1,-1,-1,-1,800.000,800.000,-1,-1,2,0,2,0,2,0,0,0,0,2,2,2,2,0,0,2,2
37,7775.839,-3588.347,152.991,-98.689,-0.150744,0.988249,0.025305,-0.988479,-0.151033,0.009907,0.013612,-0.023520,0.999631,0,0.75894,-0.42849,45.536,-0.857,-1,400.000,-1,400.000,-1,325.000,325.000,300.000,300.000,-1,-1,-1,-1,775.000,775.000,-1,-1,2,0,2,0,2,0,0,0,0,2,2,2,2,0,0,2,2
38,7768.287,-3633.253,153.618,-99.546,-0.165544,0.985883,0.025105,-0.986125,-0.165797,0.008330,0.012375,-0.023378,0.999650,0,0.75894,-0.42849,45.536,-0.857,-1,400.000,-1,400.000,-1,325.000,325.000,300.000,300.000,-1,-1,-1,-1,775.000,775.000,-1,-1,2,0,2,0,2,0,0,0,0,2,2,2,2,0,0,2,2
39,7760.064,-3678.041,154.263,-100.403,-0.180307,0.983296,0.024863,-0.983547,-0.180524,0.006767,0.011143,-0.023234,0.999668,0,0.75894,-0.42849,45.536,-0.857,-1,400.000,-1,400.000,-1,325.000,325.000,300.000,300.000,-1,-1,-1,-1,750.000,750.000,-1,-1,2,0,2,0,2,0,0,0,0,2,2,2,2,0,0,2,2
40,7751.163,-3722.756,154.928,-101.258,-0.195000,0.980495,0.024580,-0.980753,-0.195182,0.005218,0.009914,-0.023090,0.999684,0,0.75987,-0.42762,45.592,-0.855,-1,400.000,-1,400.000,-1,325.000,325.000,300.000,300.000,-1,-1,-1,-1,750.000,750.000,-1,-1,2,0,2,0,2,0,0,0,0,2,2,2,2,0,0,2,2
41,7741.559,-3767.527,155.613,-102.107,-0.209534,0.977500,0.024257,-0.977763,-0.209682,0.003678,0.008681,-0.022947,0.999699,0,0.76317,-0.42428,45.790,-0.849,-1,400.000,-1,400.000,-1,325.000,325.000,300.000,300.000,-1,-1,-1,-1,750.000,750.000,-1,-1,2,0,2,0,2,0,0,0,0,2,2,2,2,0,0,2,2
42,7731.258,-3812.331,156.320,-102.948,-0.223902,0.974319,0.023894,-0.974583,-0.224016,0.002148,0.007446,-0.022806,0.999712,0,0.76621,-0.42074,45.973,-0.841,-1,400.000,-1,400.000,-1,325.000,325.000,300.000,300.000,-1,-1,-1,-1,725.000,725.000,-1,-1,2,0,2,0,2,0,0,0,0,2,2,2,2,0,0,2,2
43,7720.266,-3857.142,157.031,-103.782,-0.238094,0.970956,0.023572,-0.971222,-0.238175,0.000668,0.006263,-0.022735,0.999722,0,0.76899,-0.41703,46.140,-0.834,-1,375.000,-1,375.000,-1,325.000,325.000,300.000,300.000,-1,-1,-1,-1,725.000,725.000,-1,-1,2,0,2,0,2,0,0,0,0,2,2,2,2,0,0,2,2
44,7708.591,-3901.936,157.582,-104.609,-0.252073,0.967406,0.024182,-0.967689,-0.252148,0.000050,0.006146,-0.023388,0.999708,0,0.77149,-0.41314,46.290,-0.826,-1,375.000,-1,375.000,-1,325.000,325.000,300.000,300.000,-1,-1,-1,-1,725.000,725.000,-1,-1,2,0,2,0,2,0,0,0,0,2,2,2,2,0,0,2,2
45,7696.242,-3946.685,158.246,-105.427,-0.265859,0.963701,0.024497,-0.963991,-0.265935,-0.000189,0.006332,-0.023665,0.999700,0,0.77370,-0.40908,46.422,-0.818,-1,375.000,-1,375.000,-1,325.000,325.000,300.000,300.000,-1,-1,-1,-1,700.000,725.000,-1,-1,2,0,2,0,2,0,0,0,0,2,2,2,2,0,0,2,2
46,7683.231,-3991.365,158.875,-106.237,-0.279447,0.959844,0.024681,-0.960138,-0.279527,-0.000247,0.006662,-0.023766,0.999695,0,0.77560,-0.40488,46.536,-0.810,-1,375.000,-1,375.000,-1,325.000,325.000,300.000,300.000,-1,-1,-1,-1,700.000,725.000,-1,-1,2,0,2,0,2,0,0,0,0,2,2,2,2,0,0,2,2
47,7669.567,-4035.951,159.340,-107.038,-0.292822,0.955854,0.024465,-0.956136,-0.292923,0.000573,0.007714,-0.023224,0.999701,0,0.77720,-0.40054,46.632,-0.801,-1,375.000,-1,375.000,-1,325.000,325.000,300.000,300.000,-1,-1,-1,-1,700.000,725.000,-1,-1,2,0,2,0,2,0,0,0,0,2,2,2,2,0,0,2,2
48,7655.265,-4080.415,159.906,-107.830,-0.305982,0.951718,0.024668,-0.951995,-0.306111,0.001529,0.009006,-0.023016,0.999695,0,0.77847,-0.39607,46.708,-0.792,-1,375.000,-1,375.000,-1,325.000,325.000,300.000,300.000,-1,-1,-1,-1,700.000,725.000,-1,-1,2,0,2,0,2,0,0,0,0,2,2,2,2,0,0,2,2
49,7639.540,-4127.737,160.522,-108.382,-0.315113,0.948727,0.024923,-0.948999,-0.315269,0.002519,0.010247,-0.022858,0.999686,0,0.83110,-0.27607,49.866,-0.552,-1,375.000,-1,375.000,-1,325.000,325.000,300.000,300.000,-1,-1,-1,-1,675.000,725.000,-1,-1,2,0,2,0,2,0,0,0,0,2,2,2,2,0,0,2,2
50,7623.541,-4175.019,161.144,-108.694,-0.320251,0.946997,0.025202,-0.947264,-0.320434,0.003484,0.011375,-0.022757,0.999676,0,0.83193,-0.15607,49.916,-0.312,-1,375.000,-1,375.000,-1,325.000,325.000,300.000,300.000,-1,-1,-1,-1,675.000,725.000,-1,-1,2,0,2,0,2,0,0,0,0,2,2,2,2,0,0,2,2
51,7607.469,-4222.320,161.770,-108.766,-0.321418,0.946594,0.025492,-0.946856,-0.321627,0.004428,0.012390,-0.022714,0.999665,0,0.83261,-0.03607,49.957,-0.072,-1,375.000,-1,400.000,-1,325.000,325.000,300.000,300.000,-1,-1,-1,-1,675.000,725.000,-1,-1,2,0,2,0,2,0,0,0,0,2,2,2,2,0,0,2,2
52,7591.525,-4269.701,162.395,-108.598,-0.318620,0.947532,0.025782,-0.947789,-0.318852,0.005356,0.013295,-0.022729,0.999653,0,0.83319,0.08393,49.992,0.168,-1,375.000,-1,400.000,-1,325.000,325.000,300.000,300.000,-1,-1,-1,-1,675.000,725.000,-1,-1,2,0,2,0,2,0,0,0,0,2,2,2,2,0,0,2,2
53,7575.909,-4317.225,163.016,-108.191,-0.311843,0.949776,0.026060,-0.950029,-0.312099,0.006274,0.014092,-0.022801,0.999641,0,0.83373,0.20393,50.024,0.408,1000.000,375.000,-1,400.000,-1,325.000,325.000,300.000,300.000,-1,-1,-1,-1,675.000,725.000,975.000,-1,1,0,2,0,2,0,0,0,0,2,2,2,2,0,0,1,2
54,7560.821,-4364.952,163.627,-107.543,-0.301062,0.953241,0.026315,-0.953490,-0.301339,0.007186,0.014780,-0.022928,0.999628,0,0.83426,0.32393,50.056,0.648,950.000,375.000,-1,400.000,-1,325.000,325.000,300.000,300.000,-1,-1,-1,-1,650.000,725.000,925.000,-1,1,0,2,0,2,0,0,0,0,2,2,2,2,0,0,1,2
55,7546.339,-4412.904,164.227,-106.805,-0.288747,0.957037,0.026548,-0.957281,-0.289045,0.008095,0.015421,-0.023077,0.999615,0,0.83485,0.36871,50.091,0.737,900.000,375.000,-1,375.000,-1,300.000,325.000,300.000,300.000,-1,-1,-1,-1,650.000,700.000,875.000,-1,1,0,2,0,2,0,0,0,0,2,2,2,2,0,0,1,2
56,7532.472,-4461.071,164.812,-106.060,-0.276250,0.960713,0.026763,-0.960952,-0.276569,0.009000,0.016048,-0.023232,0.999601,0,0.83539,0.37268,50.124,0.745,850.000,375.000,1000.000,375.000,-1,300.000,325.000,300.000,300.000,-1,-1,-1,-1,650.000,700.000,850.000,-1,1,0,1,0,2,0,0,0,0,2,2,2,2,0,0,1,2
57,7519.234,-4509.441,165.414,-105.307,-0.263577,0.964266,0.026814,-0.964496,-0.263914,0.009838,0.016563,-0.023269,0.999592,0,0.83581,0.37667,50.149,0.753,825.000,375.000,950.000,375.000,-1,300.000,300.000,300.000,300.000,-1,-1,-1,-1,650.000,700.000,800.000,-1,1,0,1,0,2,0,0,0,0,2,2,2,2,0,0,1,2
58,7506.634,-4558.000,166.316,-104.545,-0.250741,0.967714,0.025654,-0.967900,-0.251086,0.011195,0.017275,-0.022024,0.999608,0,0.83611,0.38065,50.167,0.761,775.000,375.000,900.000,375.000,-1,300.000,300.000,300.000,300.000,-1,-1,-1,-1,650.000,700.000,750.000,-1,1,0,1,0,2,0,0,0,0,2,2,2,2,0,0,1,2
59,7493.994,-4609.086,167.492,-103.897,-0.239772,0.970541,0.023642,-0.970646,-0.240129,0.013589,0.018866,-0.019689,0.999628,0,0.87712,0.32422,52.627,0.648,725.000,375.000,850.000,375.000,-1,300.000,300.000,300.000,300.000,-1,-1,-1,-1,650.000,700.000,700.000,1000.000,1,0,1,0,2,0,0,0,0,2,2,2,2,1,0,1,1
60,7481.847,-4660.691,168.761,-103.245,-0.228723,0.973246,0.021879,-0.973281,-0.229083,0.015638,0.020232,-0.017718,0.999638,0,0.88359,0.32586,53.015,0.652,675.000,375.000,775.000,375.000,-1,300.000,300.000,325.000,300.000,-1,750.000,675.000,-1,625.000,700.000,650.000,925.000,1,0,1,0,2,0,0,0,0,2,0,0,2,1,0,1,1
61,7470.205,-4712.814,170.502,-102.590,-0.217535,0.975804,0.022029,-0.975791,-0.217944,0.018248,0.022608,-0.017526,0.999591,0,0.89012,0.32748,53.407,0.655,650.000,375.000,725.000,375.000,-1,300.000,300.000,325.000,300.000,-1,675.000,625.000,-1,575.000,700.000,625.000,850.000,1,0,1,0,2,0,0,0,0,2,0,0,2,1,1,1,1
62,7459.081,-4765.454,172.234,-101.932,-0.206263,0.978247,0.022106,-0.978177,-0.206720,0.020876,0.024991,-0.017317,0.999538,0,0.89670,0.32911,53.802,0.658,600.000,375.000,675.000,375.000,-1,300.000,300.000,325.000,300.000,-1,625.000,575.000,-1,525.000,650.000,575.000,800.000,1,0,1,0,2,0,0,0,0,2,0,0,2,1,1,1,1
63,7448.488,-4818.609,173.957,-101.271,-0.194910,0.980572,0.022109,-0.980439,-0.195414,0.023521,0.027384,-0.017092,0.999479,0,0.90334,0.33074,54.200,0.661,550.000,375.000,625.000,375.000,-1,300.000,300.000,325.000,300.000,-1,600.000,550.000,-1,500.000,600.000,525.000,725.000,1,0,1,0,2,0,0,0,0,2,0,0,2,1,1,1,1
64,7437.869,-4876.646,175.808,-100.369,-0.179409,0.983528,0.022030,-0.983319,-0.179963,0.026396,0.029926,-0.016927,0.999409,0,0.98334,0.45074,59.000,0.901,500.000,375.000,575.000,375.000,-1,300.000,325.000,325.000,300.000,-1,550.000,525.000,-1,450.000,525.000,475.000,650.000,1,0,1,0,2,0,0,0,0,2,0,0,2,1,1,1,1
65,7428.247,-4935.869,177.665,-99.228,-0.159733,0.986919,0.021836,-0.986627,-0.160334,0.029324,0.032441,-0.016860,0.999331,0,1.00000,0.57074,60.000,1.141,450.000,350.000,525.000,400.000,750.000,300.000,325.000,300.000,325.000,-1,525.000,500.000,-1,400.000,475.000,425.000,575.000,1,1,1,0,1,0,0,0,0,2,0,0,2,1,1,1,1
66,7420.056,-4995.308,179.494,-97.846,-0.135846,0.990497,0.021496,-0.990115,-0.136494,0.032263,0.034891,-0.016901,0.999248,0,1.00000,0.69074,60.000,1.381,400.000,325.000,450.000,350.000,600.000,300.000,325.000,300.000,325.000,-1,500.000,475.000,-1,350.000,425.000,375.000,500.000,1,1,1,1,1,1,1,0,0,2,0,0,2,1,1,1,1
67,7413.551,-5054.954,181.292,-96.225,-0.107720,0.993960,0.020980,-0.993482,-0.108412,0.035223,0.037285,-0.017049,0.999159,0,1.00000,0.81074,60.000,1.621,350.000,275.000,400.000,300.000,475.000,250.000,275.000,300.000,300.000,-1,475.000,425.000,-1,325.000,350.000,325.000,425.000,1,1,1,1,1,1,1,0,0,2,0,0,2,1,1,1,1
68,7408.903,-5114.774,183.059,-94.443,-0.076718,0.996847,0.020270,-0.996264,-0.077450,0.038207,0.039657,-0.017264,0.999064,0,1.00000,0.89100,60.000,1.782,300.000,225.000,325.000,250.000,375.000,225.000,225.000,300.000,300.000,-1,425.000,375.000,-1,275.000,300.000,275.000,325.000,1,1,1,1,1,1,1,0,0,2,0,0,2,1,1,1,1
69,7406.115,-5174.710,184.791,-92.663,-0.045692,0.998767,0.019385,-0.998069,-0.046460,0.041218,0.042068,-0.017465,0.998962,0,1.00000,0.88969,60.000,1.779,250.000,200.000,275.000,200.000,300.000,175.000,200.000,300.000,300.000,-1,375.000,325.000,-1,225.000,250.000,225.000,275.000,1,1,1,1,1,1,1,0,0,2,0,0,2,1,1,1,1
70,7405.186,-5234.703,186.492,-90.887,-0.014685,0.999724,0.018327,-0.998900,-0.015485,0.044254,0.044526,-0.017657,0.998852,0,1.00000,0.88797,60.000,1.776,175.000,150.000,200.000,150.000,200.000,150.000,150.000,300.000,300.000,-1,325.000,300.000,-1,175.000,175.000,175.000,200.000,1,1,1,1,1,1,1,0,0,2,0,0,2,1,1,1,1
71,7406.110,-5294.704,205.271,-89.116,0.017428,0.999641,0.020349,-0.995397,0.015429,0.094582,0.094234,-0.021904,0.995309,0,1.00000,0.88581,60.000,1.772,175.000,150.000,225.000,150.000,200.000,150.000,150.000,350.000,375.000,-1,150.000,150.000,-1,175.000,175.000,175.000,175.000,1,1,1,1,1,1,1,0,0,2,0,0,2,1,1,1,1
72,983.898,-6887.289,255.466,156.847,-0.919423,-0.393172,-0.008760,0.393240,-0.919399,-0.008183,-0.004836,-0.010968,0.999928,1,0.00000,0.00000,60.000,1.766,-1,375.000,-1,400.000,-1,325.000,325.000,325.000,325.000,-1,-1,-1,-1,725.000,850.000,-1,-1,2,0,2,0,2,0,0,0,0,2,2,2,2,0,0,2,2
73,979.477,-6885.420,255.439,157.087,-0.921062,-0.389318,-0.008712,0.389385,-0.921040,-0.008026,-0.004899,-0.010785,0.999930,0,0.08000,0.12000,4.800,0.240,-1,375.000,-1,400.000,-1,325.000,325.000,325.000,325.000,-1,-1,-1,-1,725.000,850.000,-1,-1,2,0,2,0,2,0,0,0,0,2,2,2,2,0,0,2,2
74,970.603,-6881.757,255.385,157.567,-0.924291,-0.381590,-0.008620,0.381654,-0.924273,-0.007718,-0.005023,-0.010423,0.999933,0,0.16000,0.24000,9.600,0.480,-1,375.000,-1,400.000,-1,325.000,325.000,325.000,325.000,-1,-1,-1,-1,725.000,850.000,-1,-1,2,0,2,0,2,0,0,0,0,2,2,2,2,0,0,2,2
75,957.225,-6876.429,255.301,158.287,-0.929014,-0.369948,-0.008493,0.370008,-0.929000,-0.007264,-0.005203,-0.009891,0.999938,0,0.24000,0.36000,14.400,0.720,-1,375.000,-1,400.000,-1,325.000,325.000,325.000,325.000,-1,-1,-1,-1,725.000,825.000,-1,-1,2,0,2,0,2,0,0,0,0,2,2,2,2,0,0,2,2
76,939.288,-6869.582,255.190,159.107,-0.934214,-0.356616,-0.008339,0.356672,-0.934206,-0.006665,-0.005413,-0.009201,0.999943,0,0.32000,0.41004,19.200,0.820,-1,375.000,-1,400.000,-1,325.000,325.000,325.000,325.000,-1,-1,-1,-1,725.000,825.000,-1,-1,2,0,2,0,2,0,0,0,0,2,2,2,2,0,0,2,2
77,916.746,-6861.344,255.054,159.926,-0.939217,-0.343227,-0.008163,0.343278,-0.939215,-0.005922,-0.005634,-0.008365,0.999949,0,0.40000,0.40954,24.000,0.819,-1,375.000,-1,400.000,-1,325.000,325.000,325.000,325.000,-1,-1,-1,-1,725.000,825.000,-1,-1,2,0,2,0,2,0,0,0,0,2,2,2,2,0,0,2,2
78,889.557,-6851.846,254.889,160.744,-0.944022,-0.329788,-0.007968,0.329832,-0.944026,-0.005047,-0.005858,-0.007393,0.999956,0,0.48000,0.40895,28.800,0.818,-1,375.000,-1,400.000,-1,325.000,325.000,325.000,325.000,-1,-1,-1,-1,725.000,800.000,-1,-1,2,0,2,0,2,0,0,0,0,2,2,2,2,0,0,2,2
79,857.682,-6841.217,254.693,161.560,-0.948626,-0.316303,-0.007757,0.316340,-0.948637,-0.004051,-0.006078,-0.006297,0.999962,0,0.56000,0.40827,33.600,0.817,-1,375.000,-1,400.000,-1,325.000,325.000,325.000,325.000,-1,-1,-1,-1,725.000,800.000,-1,-1,2,0,2,0,2,0,0,0,0,2,2,2,2,0,0,2,2
80,821.085,-6829.590,254.463,162.375,-0.953030,-0.302781,-0.007531,0.302810,-0.953047,-0.002945,-0.006286,-0.005087,0.999967,0,0.64000,0.40747,38.400,0.815,-1,375.000,-1,400.000,-1,325.000,325.000,325.000,325.000,-1,-1,-1,-1,725.000,800.000,-1,-1,2,0,2,0,2,0,0,0,0,2,2,2,2,0,0,2,2
81,779.731,-6817.096,254.195,163.188,-0.957232,-0.289230,-0.007289,0.289249,-0.957252,-0.001740,-0.006474,-0.003774,0.999972,0,0.72000,0.40650,43.200,0.813,-1,375.000,-1,400.000,-1,325.000,325.000,325.000,325.000,-1,-1,-1,-1,725.000,775.000,-1,-1,2,0,2,0,2,0,0,0,0,2,2,2,2,0,0,2,2
82,733.591,-6803.864,253.865,163.999,-0.961230,-0.275659,-0.006987,0.275670,-0.961252,-0.000555,-0.006563,-0.002459,0.999975,0,0.80000,0.40531,48.000,0.811,-1,375.000,-1,400.000,-1,325.000,325.000,325.000,325.000,-1,-1,-1,-1,725.000,775.000,-1,-1,2,0,2,0,2,0,0,0,0,2,2,2,2,0,0,2,2
83,682.637,-6790.026,253.488,164.806,-0.965024,-0.262083,-0.006471,0.262084,-0.965045,0.000644,-0.006414,-0.001074,0.999979,0,0.88000,0.40383,52.800,0.808,-1,375.000,-1,400.000,-1,325.000,325.000,325.000,325.000,-1,-1,-1,-1,725.000,775.000,-1,-1,2,0,2,0,2,0,0,0,0,2,2,2,2,0,0,2,2
84,631.244,-6776.840,253.118,165.610,-0.968610,-0.248516,-0.005894,0.248509,-0.968628,0.001887,-0.006178,0.000363,0.999981,0,0.88428,0.40198,53.057,0.804,-1,375.000,-1,400.000,-1,325.000,325.000,325.000,325.000,-1,-1,-1,-1,725.000,775.000,-1,-1,2,0,2,0,2,0,0,0,0,2,2,2,2,0,0,2,2
85,579.685,-6764.376,252.789,166.410,-0.971987,-0.234972,-0.005444,0.234958,-0.972001,0.002946,-0.005984,0.001584,0.999981,0,0.88408,0.39988,53.045,0.800,-1,375.000,-1,400.000,-1,325.000,325.000,325.000,325.000,-1,-1,-1,-1,725.000,750.000,-1,-1,2,0,2,0,2,0,0,0,0,2,2,2,2,0,0,2,2
86,527.965,-6752.631,252.582,167.205,-0.975157,-0.221461,-0.004884,0.221446,-0.975166,0.003452,-0.005527,0.002285,0.999982,0,0.88395,0.39752,53.037,0.795,-1,375.000,-1,400.000,-1,325.000,325.000,325.000,325.000,-1,-1,-1,-1,725.000,750.000,-1,-1,2,0,2,0,2,0,0,0,0,2,2,2,2,0,0,2,2
87,476.092,-6741.600,252.376,167.995,-0.978120,-0.207998,-0.004349,0.207981,-0.978125,0.003906,-0.005066,0.002916,0.999983,0,0.88387,0.39492,53.032,0.790,-1,375.000,-1,400.000,-1,325.000,325.000,325.000,325.000,-1,-1,-1,-1,725.000,750.000,-1,-1,2,0,2,0,2,0,0,0,0,2,2,2,2,0,0,2,2
88,424.075,-6731.280,252.171,168.779,-0.980877,-0.194592,-0.003837,0.194575,-0.980878,0.004307,-0.004602,0.003478,0.999983,0,0.88386,0.39207,53.032,0.784,-1,375.000,-1,400.000,-1,325.000,325.000,325.000,325.000,-1,-1,-1,-1,725.000,750.000,-1,-1,2,0,2,0,2,0,0,0,0,2,2,2,2,0,0,2,2
89,371.918,-6721.667,251.965,169.557,-0.983430,-0.181256,-0.003347,0.181240,-0.983428,0.004658,-0.004136,0.003974,0.999984,0,0.88392,0.38897,53.035,0.778,-1,375.000,-1,400.000,-1,325.000,325.000,325.000,325.000,-1,-1,-1,-1,750.000,725.000,-1,-1,2,0,2,0,2,0,0,0,0,2,2,2,2,0,0,2,2
90,319.628,-6712.756,251.759,170.328,-0.985782,-0.168002,-0.002876,0.167987,-0.985777,0.004959,-0.003668,0.004405,0.999984,0,0.88406,0.38562,53.044,0.771,-1,400.000,-1,400.000,-1,325.000,325.000,325.000,325.000,-1,-1,-1,-1,750.000,725.000,-1,-1,2,0,2,0,2,0,0,0,0,2,2,2,2,0,0,2,2
91,267.211,-6704.540,251.552,171.092,-0.987936,-0.154842,-0.002423,0.154828,-0.987928,0.005210,-0.003200,0.004773,0.999983,0,0.88429,0.38202,53.057,0.764,-1,400.000,-1,400.000,-1,325.000,325.000,325.000,325.000,-1,-1,-1,-1,750.000,725.000,-1,-1,2,0,2,0,2,0,0,0,0,2,2,2,2,0,0,2,2
92,214.671,-6697.015,251.343,171.849,-0.989895,-0.141787,-0.001985,0.141775,-0.989884,0.005415,-0.002732,0.005079,0.999983,0,0.88460,0.37818,53.076,0.756,-1,375.000,-1,400.000,-1,325.000,325.000,325.000,325.000,-1,-1,-1,-1,750.000,725.000,-1,-1,2,0,2,0,2,0,0,0,0,2,2,2,2,0,0,2,2
93,162.013,-6690.173,251.133,172.597,-0.991663,-0.128849,-0.001561,0.128839,-0.991650,0.005573,-0.002266,0.005325,0.999983,0,0.88500,0.37409,53.100,0.748,-1,375.000,-1,375.000,-1,325.000,325.000,325.000,325.000,-1,-1,1000.000,-1,750.000,725.000,-1,-1,2,0,2,0,2,0,0,0,0,2,2,0,2,0,0,2,2
94,106.975,-6683.517,250.915,173.105,-0.992767,-0.120049,-0.001067,0.120041,-0.992753,0.005686,-0.001741,0.005517,0.999983,0,0.92399,0.25409,55.439,0.508,-1,375.000,-1,375.000,-1,325.000,325.000,325.000,325.000,-1,-1,975.000,-1,750.000,725.000,-1,-1,2,0,2,0,2,0,0,0,0,2,2,0,2,0,0,2,2
95,51.868,-6677.115,250.702,173.373,-0.993319,-0.115401,-0.000520,0.115396,-0.993303,0.005760,-0.001181,0.005662,0.999983,0,0.92462,0.13409,55.477,0.268,-1,375.000,-1,375.000,-1,325.000,325.000,325.000,325.000,-1,900.000,950.000,-1,750.000,725.000,-1,-1,2,0,2,0,2,0,0,0,0,2,0,0,2,0,0,2,2
96,-3.290,-6670.734,250.587,173.401,-0.993376,-0.114912,0.000143,0.114910,-0.993357,0.006180,-0.000568,0.006155,0.999981,0,0.92543,0.01409,55.526,0.028,-1,375.000,-1,375.000,-1,325.000,325.000,325.000,325.000,-1,825.000,925.000,-1,750.000,725.000,-1,-1,2,0,2,0,2,0,0,0,0,2,0,0,2,0,0,2,2
97,-58.444,-6664.147,250.681,173.190,-0.992944,-0.118583,0.000880,0.118586,-0.992924,0.006262,0.000132,0.006322,0.999980,0,0.92577,-0.10591,55.546,-0.212,-1,400.000,-1,375.000,-1,325.000,325.000,350.000,325.000,-1,800.000,900.000,-1,750.000,725.000,-1,-1,2,0,2,0,2,0,0,0,0,2,0,0,2,0,0,2,2
98,-113.544,-6657.126,250.867,172.738,-0.991977,-0.126409,0.001673,0.126417,-0.991960,0.005834,0.000922,0.005998,0.999982,0,0.92577,-0.22591,55.546,-0.452,-1,400.000,-1,375.000,-1,325.000,325.000,350.000,325.000,-1,775.000,875.000,-1,750.000,700.000,-1,-1,2,0,2,0,2,0,0,0,0,2,0,0,2,0,0,2,2
99,-168.556,-6649.439,251.002,172.046,-0.990377,-0.138378,0.002288,0.138388,-0.990365,0.005179,0.001549,0.005446,0.999984,0,0.92577,-0.34591,55.546,-0.692,-1,400.000,-1,375.000,-1,325.000,325.000,350.000,325.000,-1,775.000,875.000,-1,725.000,700.000,-1,-1,2,0,2,0,2,0,0,0,0,2,0,0,2,0,0,2,2
100,-223.436,-6640.859,251.141,171.114,-0.987994,-0.154466,0.002920,0.154478,-0.987986,0.004499,0.002190,0.004896,0.999986,0,0.92577,-0.46591,55.546,-0.932,-1,400.000,-1,375.000,-1,325.000,325.000,325.000,325.000,-1,750.000,850.000,-1,725.000,725.000,-1,-1,2,0,2,0,2,0,0,0,0,2,0,0,2,0,0,2,2
101,-278.128,-6631.159,251.288,169.942,-0.984626,-0.174639,0.003566,0.174652,-0.984623,0.003802,0.002847,0.004366,0.999986,0,0.92577,-0.58591,55.546,-1.172,-1,400.000,-1,375.000,-1,325.000,325.000,325.000,325.000,-1,750.000,825.000,-1,725.000,725.000,-1,-1,2,0,2,0,2,0,0,0,0,2,0,0,2,0,0,2,2
102,-332.565,-6620.113,251.447,168.530,-0.980022,-0.198846,0.004224,0.198860,-0.980023,0.003094,0.003524,0.003872,0.999986,0,0.92577,-0.70591,55.546,-1.412,-1,400.000,-1,375.000,-1,325.000,325.000,325.000,350.000,-1,800.000,800.000,-1,725.000,725.000,-1,-1,2,0,2,0,2,0,0,0,0,2,0,0,2,0,0,2,2
103,-386.661,-6607.504,251.622,166.879,-0.973879,-0.227013,0.004894,0.227027,-0.973886,0.002384,0.004225,0.003433,0.999985,0,0.92577,-0.82591,55.546,-1.652,-1,375.000,-1,375.000,-1,325.000,325.000,325.000,350.000,-1,875.000,775.000,-1,725.000,725.000,-1,-1,2,0,2,0,2,0,0,0,0,2,0,0,2,0,0,2,2
104,-440.311,-6593.115,251.818,164.987,-0.965850,-0.259040,0.005578,0.259053,-0.965862,0.001682,0.004952,0.003069,0.999983,0,0.92577,-0.94591,55.546,-1.892,-1,375.000,-1,375.000,-1,325.000,325.000,325.000,350.000,-1,950.000,750.000,-1,700.000,725.000,-1,-1,2,0,2,0,2,0,0,0,0,2,0,0,2,0,0,2,2
105,-493.448,-6576.936,252.046,163.066,-0.956620,-0.291272,0.006273,0.291284,-0.956636,0.001030,0.005701,0.002812,0.999980,0,0.92577,-0.96049,55.546,-1.921,-1,375.000,-1,375.000,-1,325.000,325.000,325.000,350.000,-1,-1,725.000,-1,700.000,750.000,-1,-1,2,0,2,0,2,0,0,0,0,2,2,0,2,0,0,2,2
106,-546.014,-6558.985,252.201,161.145,-0.946315,-0.323176,0.006801,0.323189,-0.946334,0.000952,0.006128,0.003098,0.999976,0,0.92577,-0.96049,55.546,-1.921,-1,375.000,-1,375.000,-1,300.000,300.000,325.000,350.000,-1,-1,725.000,-1,700.000,750.000,-1,-1,2,0,2,0,2,0,0,0,0,2,2,0,2,0,0,2,2
107,-597.948,-6539.281,252.344,159.224,-0.934947,-0.354714,0.007179,0.354739,-0.934962,0.002538,0.005812,0.004920,0.999971,0,0.92577,-0.96049,55.546,-1.921,-1,375.000,-1,375.000,-1,300.000,300.000,325.000,350.000,-1,-1,775.000,-1,700.000,750.000,-1,-1,2,0,2,0,2,0,0,0,0,2,2,0,2,0,0,2,2
108,-649.192,-6517.849,252.689,157.303,-0.922523,-0.385849,0.008510,0.385895,-0.922531,0.004627,0.006065,0.007553,0.999953,0,0.92577,-0.96049,55.546,-1.921,-1,375.000,-1,375.000,-1,300.000,300.000,325.000,350.000,-1,-1,850.000,-1,675.000,750.000,-1,-1,2,0,2,0,2,0,0,0,0,2,2,0,2,0,0,2,2
109,-699.690,-6494.710,252.948,155.382,-0.909057,-0.416548,0.010141,0.416618,-0.909061,0.006151,0.006656,0.009817,0.999930,0,0.92577,-0.96049,55.546,-1.921,-1,375.000,-1,375.000,-1,300.000,300.000,325.000,350.000,-1,-1,1000.000,-1,675.000,750.000,-1,-1,2,0,2,0,2,0,0,0,0,2,2,0,2,0,0,2,2
110,-749.383,-6469.892,253.265,153.461,-0.894569,-0.446777,0.011650,0.446872,-0.894568,0.007339,0.007143,0.011771,0.999905,0,0.92577,-0.96049,55.546,-1.921,-1,375.000,-1,375.000,-1,300.000,300.000,325.000,325.000,-1,-1,-1,-1,675.000,750.000,-1,-1,2,0,2,0,2,0,0,0,0,2,2,2,2,0,0,2,2
111,-798.216,-6443.422,253.659,151.540,-0.879077,-0.476503,0.013031,0.476622,-0.879069,0.008361,0.007471,0.013560,0.999880,0,0.92577,-0.96049,55.546,-1.921,-1,375.000,-1,400.000,-1,300.000,300.000,325.000,325.000,-1,-1,-1,-1,675.000,750.000,-1,-1,2,0,2,0,2,0,0,0,0,2,2,2,2,0,0,2,2
112,-846.135,-6415.330,254.136,149.619,-0.862592,-0.505690,0.014546,0.505837,-0.862582,0.009055,0.007968,0.015168,0.999853,0,0.92577,-0.96049,55.546,-1.921,-1,375.000,-1,400.000,-1,300.000,300.000,325.000,325.000,-1,-1,-1,-1,650.000,750.000,-1,-1,2,0,2,0,2,0,0,0,0,2,2,2,2,0,0,2,2
113,-893.085,-6385.647,254.680,147.698,-0.845135,-0.534308,0.016154,0.534484,-0.845126,0.009491,0.008581,0.016655,0.999824,0,0.92577,-0.96049,55.546,-1.921,-1,375.000,-1,400.000,-1,300.000,325.000,325.000,325.000,-1,-1,-1,-1,675.000,750.000,-1,-1,2,0,2,0,2,0,0,0,0,2,2,2,2,0,0,2,2
114,-939.014,-6354.408,255.240,145.777,-0.826726,-0.562322,0.017808,0.562530,-0.826717,0.009927,0.009140,0.018224,0.999792,0,0.92577,-0.96049,55.546,-1.921,-1,375.000,-1,400.000,-1,300.000,325.000,325.000,325.000,-1,-1,-1,-1,675.000,775.000,-1,-1,2,0,2,0,2,0,0,0,0,2,2,2,2,0,0,2,2
115,-983.870,-6321.646,255.818,143.856,-0.807387,-0.589700,0.019509,0.589944,-0.807378,0.010363,0.009640,0.019876,0.999756,0,0.92577,-0.96049,55.546,-1.921,-1,375.000,-1,400.000,-1,300.000,325.000,325.000,325.000,-1,-1,-1,-1,675.000,775.000,-1,-1,2,0,2,0,2,0,0,0,0,2,2,2,2,0,0,2,2
116,-1027.602,-6287.399,256.413,141.935,-0.787138,-0.616411,0.021257,0.616695,-0.787128,0.010801,0.010074,0.021611,0.999716,0,0.92577,-0.96049,55.546,-1.921,-1,375.000,-1,400.000,-1,325.000,325.000,325.000,325.000,-1,-1,-1,-1,700.000,800.000,-1,-1,2,0,2,0,2,0,0,0,0,2,2,2,2,0,0,2,2
117,-1070.162,-6251.706,257.088,140.014,-0.766006,-0.642420,0.023058,0.642752,-0.765987,0.011556,0.010238,0.023673,0.999667,0,0.92577,-0.96049,55.546,-1.921,-1,375.000,-1,400.000,-1,325.000,325.000,325.000,325.000,-1,-1,-1,-1,700.000,825.000,-1,-1,2,0,2,0,2,0,0,0,0,2,2,2,2,0,0,2,2
118,-1111.502,-6214.605,257.676,138.093,-0.744050,-0.667708,0.023577,0.668065,-0.743991,0.012934,0.008905,0.025374,0.999638,0,0.92577,-0.96049,55.546,-1.921,-1,375.000,-1,400.000,-1,325.000,325.000,325.000,325.000,-1,-1,-1,-1,700.000,825.000,-1,-1,2,0,2,0,2,0,0,0,0,2,2,2,2,0,0,2,2
119,-1151.574,-6176.140,257.993,136.172,-0.721265,-0.692243,0.024010,0.692620,-0.721160,0.014324,0.007399,0.026961,0.999609,0,0.92577,-0.96049,55.546,-1.921,-1,375.000,-1,400.000,-1,325.000,325.000,325.000,325.000,-1,-1,-1,-1,700.000,825.000,-1,-1,2,0,2,0,2,0,0,0,0,2,2,2,2,0,0,2,2
120,-1190.335,-6136.354,258.128,134.251,-0.697655,-0.715981,0.025446,0.716405,-0.697505,0.015850,0.006400,0.029287,0.999551,0,0.92577,-0.96049,55.546,-1.921,-1,375.000,-1,400.000,-1,325.000,325.000,300.000,325.000,-1,-1,-1,-1,700.000,825.000,-1,-1,2,0,2,0,2,0,0,0,0,2,2,2,2,0,0,2,2
121,-1227.741,-6095.290,258.290,132.330,-0.673263,-0.738904,0.027155,0.739383,-0.673061,0.017372,0.005441,0.031774,0.999480,0,0.92577,-0.96049,55.546,-1.921,-1,375.000,-1,400.000,-1,325.000,325.000,300.000,325.000,-1,-1,-1,-1,725.000,825.000,-1,-1,2,0,2,0,2,0,0,0,0,2,2,2,2,0,0,2,2
122,-1263.749,-6052.996,258.536,130.409,-0.648110,-0.760978,0.029434,0.761532,-0.647852,0.018879,0.004702,0.034651,0.999388,0,0.92577,-0.96049,55.546,-1.921,-1,375.000,-1,400.000,-1,325.000,325.000,300.000,325.000,-1,-1,-1,-1,725.000,850.000,-1,-1,2,0,2,0,2,0,0,0,0,2,2,2,2,0,0,2,2
123,-1295.857,-6012.961,258.730,128.728,-0.625507,-0.779584,0.031463,0.780209,-0.625193,0.020203,0.003921,0.037185,0.999301,0,0.85534,-0.84049,51.320,-1.681,-1,375.000,-1,400.000,-1,325.000,325.000,300.000,325.000,-1,-1,-1,-1,750.000,850.000,-1,-1,2,0,2,0,2,0,0,0,0,2,2,2,2,0,0,2,2
124,-1326.949,-5972.130,258.847,127.287,-0.605712,-0.794979,0.033496,0.795678,-0.605330,0.021713,0.003015,0.039804,0.999203,0,0.85534,-0.72049,51.320,-1.441,-1,375.000,-1,400.000,-1,325.000,325.000,300.000,325.000,-1,-1,-1,-1,775.000,850.000,-1,-1,2,0,2,0,2,0,0,0,0,2,2,2,2,0,0,2,2
125,-1357.135,-5930.627,258.784,126.027,-0.588113,-0.807992,0.035664,0.808777,-0.587628,0.023939,0.001614,0.042923,0.999077,0,0.85534,-0.62995,51.320,-1.260,-1,400.000,-1,400.000,-1,325.000,325.000,300.000,325.000,-1,-1,-1,-1,800.000,875.000,-1,-1,2,0,2,0,2,0,0,0,0,2,2,2,2,0,0,2,2
126,-1386.401,-5888.469,258.755,124.767,-0.570250,-0.820615,0.037500,0.821471,-0.569649,0.026179,-0.000121,0.045734,0.998954,0,0.85534,-0.62995,51.320,-1.260,-1,400.000,-1,400.000,-1,325.000,325.000,300.000,325.000,-1,-1,-1,-1,800.000,875.000,-1,-1,2,0,2,0,2,0,0,0,0,2,2,2,2,0,0,2,2
127,-1414.734,-5845.678,258.734,123.507,-0.552130,-0.832840,0.039132,0.833756,-0.551400,0.028447,-0.002114,0.048333,0.998829,0,0.85534,-0.62995,51.320,-1.260,-1,400.000,-1,400.000,-1,325.000,325.000,300.000,325.000,-1,-1,-1,-1,825.000,875.000,-1,-1,2,0,2,0,2,0,0,0,0,2,2,2,2,0,0,2,2
128,-1442.118,-5802.274,258.559,122.248,-0.533739,-0.844676,0.040558,0.845641,-0.532901,0.030144,-0.003849,0.050386,0.998722,0,0.85534,-0.62995,51.320,-1.260,-1,400.000,-1,400.000,-1,325.000,325.000,300.000,300.000,-1,-1,-1,-1,825.000,875.000,-1,-1,2,0,2,0,2,0,0,0,0,2,2,2,2,0,0,2,2
129,-1468.541,-5758.279,258.096,120.988,-0.515063,-0.856147,0.041507,0.857138,-0.514174,0.030644,-0.004894,0.051360,0.998668,0,0.85534,-0.62995,51.320,-1.260,-1,400.000,-1,400.000,-1,325.000,325.000,300.000,300.000,-1,-1,-1,-1,850.000,900.000,-1,-1,2,0,2,0,2,0,0,0,0,2,2,2,2,0,0,2,2
130,-1493.990,-5713.712,257.547,119.728,-0.496153,-0.867214,0.042100,0.868212,-0.495207,0.031265,-0.006265,0.052064,0.998624,0,0.85534,-0.62995,51.320,-1.260,-1,400.000,-1,400.000,-1,325.000,325.000,300.000,300.000,-1,-1,-1,-1,875.000,900.000,-1,-1,2,0,2,0,2,0,0,0,0,2,2,2,2,0,0,2,2
131,-1518.452,-5668.597,256.718,118.468,-0.477039,-0.877909,0.041355,0.878840,-0.476028,0.032212,-0.008593,0.051711,0.998625,0,0.85534,-0.62995,51.320,-1.260,-1,400.000,-1,400.000,-1,325.000,325.000,300.000,300.000,-1,-1,-1,-1,875.000,900.000,-1,-1,2,0,2,0,2,0,0,0,0,2,2,2,2,0,0,2,2
132,-1539.633,-5626.969,255.905,116.968,-0.453976,-0.890089,0.040596,0.890944,-0.452896,0.033231,-0.011193,0.051255,0.998623,0,0.77844,-0.74995,46.706,-1.500,-1,400.000,-1,400.000,-1,325.000,325.000,300.000,325.000,-1,-1,-1,-1,900.000,900.000,-1,-1,2,0,2,0,2,0,0,0,0,2,2,2,2,0,0,2,2
133,-1559.540,-5584.716,255.123,115.228,-0.426847,-0.903438,0.040031,0.904208,-0.425666,0.034868,-0.014461,0.051080,0.998590,0,0.77844,-0.86995,46.706,-1.740,-1,400.000,-1,400.000,-1,325.000,325.000,300.000,325.000,-1,-1,-1,-1,900.000,900.000,-1,-1,2,0,2,0,2,0,0,0,0,2,2,2,2,0,0,2,2
134,-1577.975,-5541.802,254.258,113.248,-0.395493,-0.917620,0.039497,0.918292,-0.394205,0.036636,-0.018048,0.050759,0.998548,0,0.77844,-0.98995,46.706,-1.980,-1,400.000,-1,400.000,-1,325.000,325.000,300.000,325.000,-1,-1,-1,-1,925.000,900.000,-1,-1,2,0,2,0,2,0,0,0,0,2,2,2,2,0,0,2,2
135,-1594.902,-5498.269,253.298,111.248,-0.363338,-0.930841,0.038982,0.931406,-0.361950,0.038420,-0.021653,0.050267,0.998501,0,0.77844,-1.00000,46.706,-2.000,-1,400.000,-1,400.000,-1,325.000,325.000,300.000,325.000,-1,-1,-1,-1,925.000,900.000,-1,-1,2,0,2,0,2,0,0,0,0,2,2,2,2,0,0,2,2
136,-1610.298,-5454.173,252.247,109.248,-0.330739,-0.942937,0.038499,0.943384,-0.329254,0.040218,-0.025247,0.049621,0.998449,0,0.77844,-1.00000,46.706,-2.000,-1,400.000,-1,400.000,-1,325.000,325.000,300.000,325.000,-1,-1,-1,-1,925.000,875.000,-1,-1,2,0,2,0,2,0,0,0,0,2,2,2,2,0,0,2,2
