timestep,x_cm,y_cm,z_cm,yaw_deg,basis_xx,basis_xy,basis_xz,basis_yx,basis_yy,basis_yz,basis_zx,basis_zy,basis_zz,teleport_flag,throttle_cmd,steering_cmd,cmd_move_cm,cmd_turn_deg,lidar_cm_0,lidar_cm_1,lidar_cm_2,lidar_cm_3,lidar_cm_4,lidar_cm_5,lidar_cm_6,lidar_cm_7,lidar_cm_8,lidar_cm_9,lidar_cm_10,lidar_cm_11,lidar_cm_12,lidar_cm_13,lidar_cm_14,lidar_cm_15,lidar_cm_16,lidar_class_0,lidar_class_1,lidar_class_2,lidar_class_3,lidar_class_4,lidar_class_5,lidar_class_6,lidar_class_7,lidar_class_8,lidar_class_9,lidar_class_10,lidar_class_11,lidar_class_12,lidar_class_13,lidar_class_14,lidar_class_15,lidar_class_16
0,8203.887,-6888.098,-241.531,-9.989,0.984286,0.173024,-0.035269,-0.169864,0.982330,0.078571,0.048241,-0.071346,0.996284,1,0.08000,-0.11450,4.800,-0.229,-1,425.000,825.000,275.000,200.000,375.000,275.000,275.000,475.000,500.000,150.000,275.000,-1,575.000,350.000,750.000,225.000,2,1,1,1,1,1,1,0,0,1,0,0,2,1,1,1,1
1,8213.335,-6889.800,-240.910,-10.219,0.983544,0.176923,-0.036593,-0.173521,0.981462,0.081375,0.050312,-0.073686,0.996012,0,0.16000,-0.11465,9.600,-0.229,-1,425.000,825.000,275.000,200.000,375.000,275.000,275.000,475.000,500.000,125.000,275.000,-1,575.000,350.000,725.000,225.000,2,1,1,1,1,1,1,0,0,1,0,0,2,1,1,1,1
2,8227.497,-6892.410,-239.956,-10.450,0.982751,0.180834,-0.038729,-0.177041,0.980473,0.085610,0.053454,-0.077276,0.995576,0,0.24000,-0.11563,14.400,-0.231,-1,425.000,825.000,275.000,200.000,375.000,275.000,250.000,500.000,500.000,125.000,275.000,-1,575.000,350.000,725.000,200.000,2,1,1,1,1,1,1,0,0,1,0,0,2,1,1,1,1
3,8246.366,-6895.966,-238.648,-10.685,0.981895,0.184780,-0.041696,-0.180418,0.979337,0.091371,0.057718,-0.082194,0.994944,0,0.32000,-0.11746,19.200,-0.235,-1,425.000,850.000,275.000,200.000,350.000,275.000,250.000,525.000,500.000,100.000,250.000,-1,575.000,350.000,700.000,200.000,2,1,1,1,1,1,1,0,0,1,0,0,2,1,1,1,1
4,8269.932,-6900.511,-236.965,-10.925,0.980963,0.188784,-0.045517,-0.183634,0.978019,0.098781,0.063164,-0.088542,0.994068,0,0.40000,-0.12020,24.000,-0.240,-1,425.000,850.000,275.000,200.000,350.000,275.000,250.000,525.000,500.000,100.000,250.000,-1,550.000,350.000,675.000,200.000,2,1,1,1,1,1,1,0,0,1,0,0,2,1,1,1,1
5,8298.189,-6906.086,-234.876,-11.173,0.979938,0.192871,-0.050225,-0.186654,0.976473,0.107988,0.069871,-0.096447,0.992883,0,0.48000,-0.12392,28.800,-0.248,-1,400.000,875.000,250.000,175.000,350.000,275.000,250.000,575.000,500.000,75.000,225.000,-1,550.000,350.000,675.000,200.000,2,1,1,1,1,1,1,0,0,1,0,0,2,1,1,1,1
6,8331.126,-6912.737,-232.344,-11.431,0.978798,0.197062,-0.055860,-0.189423,0.974636,0.119176,0.077929,-0.106068,0.991301,0,0.56000,-0.12872,33.600,-0.257,-1,400.000,-1,250.000,175.000,325.000,275.000,250.000,575.000,450.000,75.000,225.000,-1,525.000,350.000,650.000,175.000,2,1,2,1,1,1,1,0,1,0,0,0,2,1,1,1,1
7,8368.732,-6920.513,-229.328,-11.700,0.977519,0.201381,-0.062466,-0.191862,0.972428,0.132560,0.087438,-0.117595,0.989205,0,0.64000,-0.13475,38.400,-0.269,800.000,375.000,-1,250.000,175.000,325.000,250.000,225.000,575.000,375.000,50.000,200.000,-1,525.000,350.000,600.000,175.000,1,1,2,1,1,1,1,0,1,0,0,0,2,1,1,1,1
8,8410.997,-6929.470,-225.776,-11.984,0.976071,0.205849,-0.070086,-0.193859,0.969741,0.148397,0.098512,-0.131259,0.986441,0,0.72000,-0.14218,43.200,-0.284,700.000,375.000,-1,250.000,150.000,300.000,250.000,225.000,575.000,325.000,50.000,200.000,-1,500.000,375.000,575.000,175.000,1,1,2,1,1,1,1,0,1,0,0,0,2,1,1,1,1
9,8457.905,-6939.667,-221.615,-12.287,0.974421,0.210487,-0.078731,-0.195276,0.966439,0.166921,0.111224,-0.147277,0.982822,0,0.80000,-0.15127,48.000,-0.303,600.000,350.000,-1,250.000,150.000,300.000,250.000,225.000,625.000,275.000,25.000,175.000,-1,500.000,375.000,525.000,150.000,1,1,2,1,1,1,1,0,1,0,0,0,2,1,1,1,1
10,-6231.474,-1640.054,219.690,-169.054,-0.927748,0.188505,-0.322100,-0.136444,-0.974636,-0.177392,-0.347370,-0.120627,0.929937,1,0.00000,0.00000,52.800,-0.325,300.000,275.000,450.000,275.000,150.000,250.000,300.000,475.000,550.000,-1,0.000,0.000,525.000,375.000,325.000,300.000,175.000,0,0,1,1,1,0,0,0,1,2,1,1,1,0,1,0,1
11,4924.056,-329.457,48.657,-18.174,0.949961,0.311648,0.021207,-0.310332,0.949330,-0.049660,-0.035609,0.040594,0.998541,1,0.08000,0.12000,4.800,0.240,-1,400.000,-1,400.000,-1,325.000,325.000,300.000,300.000,-1,-1,-1,-1,750.000,775.000,-1,-1,2,0,2,0,2,0,0,0,0,2,2,2,2,0,0,2,2
12,4933.201,-332.375,48.308,-17.694,0.952541,0.303679,0.021090,-0.302373,0.951893,-0.049694,-0.035167,0.040959,0.998542,0,0.16000,0.24000,9.600,0.480,-1,400.000,-1,400.000,-1,325.000,325.000,300.000,300.000,-1,-1,-1,-1,775.000,775.000,-1,-1,2,0,2,0,2,0,0,0,0,2,2,2,2,0,0,2,2
13,4946.974,-336.578,47.793,-16.974,0.956285,0.291687,0.020919,-0.290394,0.955613,-0.049745,-0.034501,0.041496,0.998543,0,0.24000,0.36000,14.400,0.720,-1,400.000,-1,400.000,-1,325.000,325.000,300.000,300.000,-1,-1,-1,-1,775.000,775.000,-1,-1,2,0,2,0,2,0,0,0,0,2,2,2,2,0,0,2,2
14,4965.429,-341.875,47.123,-16.014,0.961042,0.275628,0.020700,-0.274353,0.960338,-0.049812,-0.033608,0.042192,0.998544,0,0.32000,0.48000,19.200,0.960,-1,400.000,-1,400.000,-1,325.000,325.000,300.000,300.000,-1,-1,-1,-1,775.000,775.000,-1,-1,2,0,2,0,2,0,0,0,0,2,2,2,2,0,0,2,2
15,4988.631,-348.011,46.309,-14.814,0.966607,0.255446,0.020438,-0.254195,0.965865,-0.049891,-0.032485,0.043030,0.998546,0,0.40000,0.60000,24.000,1.200,-1,400.000,-1,400.000,-1,325.000,325.000,300.000,300.000,-1,-1,-1,-1,775.000,775.000,-1,-1,2,0,2,0,2,0,0,0,0,2,2,2,2,0,0,2,2
16,5016.624,-354.781,45.364,-13.598,0.971814,0.234886,0.020150,-0.233661,0.971033,-0.049965,-0.031303,0.043849,0.998548,0,0.48000,0.60791,28.800,1.216,-1,400.000,-1,400.000,-1,325.000,325.000,300.000,300.000,-1,-1,-1,-1,775.000,775.000,-1,-1,2,0,2,0,2,0,0,0,0,2,2,2,2,0,0,2,2
17,5049.442,-361.986,44.296,-12.382,0.976584,0.214222,0.019839,-0.213026,0.975765,-0.050028,-0.030075,0.044630,0.998551,0,0.56000,0.60791,33.600,1.216,-1,400.000,-1,400.000,-1,325.000,325.000,300.000,300.000,-1,-1,-1,-1,775.000,800.000,-1,-1,2,0,2,0,2,0,0,0,0,2,2,2,2,0,0,2,2
18,5087.115,-369.422,43.116,-11.167,0.980914,0.193463,0.019506,-0.192298,0.980058,-0.050075,-0.028805,0.045368,0.998555,0,0.64000,0.60791,38.400,1.216,-1,400.000,-1,400.000,-1,325.000,325.000,300.000,300.000,-1,-1,-1,-1,775.000,800.000,-1,-1,2,0,2,0,2,0,0,0,0,2,2,2,2,0,0,2,2
19,5129.665,-376.886,41.836,-9.951,0.984803,0.172618,0.019154,-0.171488,0.983911,-0.050102,-0.027495,0.046056,0.998560,0,0.72000,0.60791,43.200,1.216,-1,400.000,-1,400.000,-1,325.000,325.000,300.000,300.000,-1,-1,-1,-1,775.000,800.000,-1,-1,2,0,2,0,2,0,0,0,0,2,2,2,2,0,0,2,2
20,5177.108,-384.175,40.466,-8.735,0.988248,0.151698,0.018782,-0.150603,0.987324,-0.050108,-0.026145,0.046690,0.998567,0,0.80000,0.60791,48.000,1.216,-1,400.000,-1,400.000,-1,325.000,325.000,300.000,300.000,-1,-1,-1,-1,775.000,800.000,-1,-1,2,0,2,0,2,0,0,0,0,2,2,2,2,0,0,2,2
21,5228.095,-390.904,39.099,-7.519,0.991247,0.130709,0.018575,-0.129640,0.990285,-0.050295,-0.024969,0.047447,0.998562,0,0.85716,0.60791,51.430,1.216,-1,400.000,-1,400.000,-1,325.000,325.000,300.000,300.000,-1,-1,-1,-1,775.000,800.000,-1,-1,2,0,2,0,2,0,0,0,0,2,2,2,2,0,0,2,2
22,5279.214,-396.550,37.803,-6.303,0.993794,0.109664,0.018633,-0.108608,0.992803,-0.050462,-0.024033,0.048126,0.998552,0,0.85716,0.60791,51.430,1.216,-1,400.000,-1,400.000,-1,325.000,325.000,300.000,300.000,-1,-1,-1,-1,775.000,825.000,-1,-1,2,0,2,0,2,0,0,0,0,2,2,2,2,0,0,2,2
23,5330.440,-401.110,36.461,-5.087,0.995887,0.088569,0.019114,-0.087498,0.994858,-0.051014,-0.023534,0.049131,0.998515,0,0.85716,0.60791,51.430,1.216,-1,400.000,-1,400.000,-1,325.000,325.000,300.000,300.000,-1,-1,-1,-1,775.000,825.000,-1,-1,2,0,2,0,2,0,0,0,0,2,2,2,2,0,0,2,2
24,5381.752,-404.582,35.174,-3.872,0.997531,0.067436,0.019605,-0.066351,0.996465,-0.051530,-0.023010,0.050102,0.998479,0,0.85716,0.60791,51.430,1.216,-1,400.000,-1,400.000,-1,325.000,325.000,300.000,300.000,-1,-1,-1,-1,775.000,825.000,-1,-1,2,0,2,0,2,0,0,0,0,2,2,2,2,0,0,2,2
25,5433.127,-406.965,33.943,-2.656,0.998727,0.046275,0.020099,-0.045177,0.997624,-0.052010,-0.022458,0.051036,0.998444,0,0.85716,0.60791,51.430,1.216,-1,400.000,-1,400.000,-1,325.000,325.000,300.000,300.000,-1,-1,-1,-1,775.000,825.000,-1,-1,2,0,2,0,2,0,0,0,0,2,2,2,2,0,0,2,2
26,5484.540,-408.256,32.769,-1.440,0.999473,0.025095,0.020594,-0.023986,0.998335,-0.052454,-0.021876,0.051933,0.998411,0,0.85716,0.60791,51.430,1.216,-1,400.000,-1,400.000,-1,325.000,325.000,300.000,300.000,-1,-1,-1,-1,775.000,825.000,-1,-1,2,0,2,0,2,0,0,0,0,2,2,2,2,0,0,2,2
27,5535.969,-408.457,31.655,-0.224,0.999770,0.003906,0.021086,-0.002787,0.998598,-0.052863,-0.021262,0.052792,0.998379,0,0.85716,0.60791,51.430,1.216,-1,400.000,-1,400.000,-1,325.000,325.000,300.000,300.000,-1,-1,-1,-1,775.000,825.000,-1,-1,2,0,2,0,2,0,0,0,0,2,2,2,2,0,0,2,2
28,5587.390,-407.566,30.602,0.992,0.999618,-0.017283,0.021570,0.018411,0.998412,-0.053236,-0.020615,0.053613,0.998349,0,0.85716,0.60791,51.430,1.216,-1,400.000,-1,400.000,-1,325.000,325.000,300.000,300.000,-1,-1,-1,-1,775.000,825.000,-1,-1,2,0,2,0,2,0,0,0,0,2,2,2,2,0,0,2,2
29,5638.782,-405.585,29.612,2.208,0.999017,-0.038462,0.022043,0.039597,0.997778,-0.053576,-0.019933,0.054396,0.998320,0,0.85716,0.60791,51.430,1.216,-1,400.000,-1,400.000,-1,325.000,325.000,300.000,300.000,-1,-1,-1,-1,775.000,825.000,-1,-1,2,0,2,0,2,0,0,0,0,2,2,2,2,0,0,2,2
30,5685.339,-402.995,28.761,3.183,0.998209,-0.055447,0.022460,0.056589,0.996944,-0.053857,-0.019405,0.055032,0.998296,0,0.77716,0.48791,46.630,0.976,-1,400.000,-1,400.000,-1,325.000,325.000,300.000,300.000,-1,-1,-1,-1,775.000,825.000,-1,-1,2,0,2,0,2,0,0,0,0,2,2,2,2,0,0,2,2
31,5727.071,-400.135,28.029,3.919,0.997408,-0.068244,0.022823,0.069394,0.996122,-0.054096,-0.019043,0.055539,0.998275,0,0.69716,0.36791,41.830,0.736,-1,400.000,-1,400.000,-1,325.000,325.000,300.000,300.000,-1,-1,-1,-1,775.000,825.000,-1,-1,2,0,2,0,2,0,0,0,0,2,2,2,2,0,0,2,2
32,5763.990,-397.285,27.400,4.415,0.996773,-0.076860,0.023138,0.078020,0.995472,-0.054302,-0.018859,0.055932,0.998256,0,0.61716,0.24791,37.030,0.496,-1,400.000,-1,400.000,-1,325.000,325.000,300.000,300.000,-1,-1,-1,-1,775.000,825.000,-1,-1,2,0,2,0,2,0,0,0,0,2,2,2,2,0,0,2,2
33,5796.113,-394.660,26.860,4.671,0.996415,-0.081303,0.023407,0.082476,0.995103,-0.054485,-0.018863,0.056221,0.998240,0,0.53716,0.12791,32.230,0.256,-1,400.000,-1,400.000,-1,325.000,325.000,300.000,300.000,-1,-1,-1,-1,800.000,825.000,-1,-1,2,0,2,0,2,0,0,0,0,2,2,2,2,0,0,2,2
34,5827.354,-392.098,26.334,4.687,0.996386,-0.081577,0.023667,0.082767,0.995068,-0.054676,-0.019090,0.056438,0.998224,0,0.52244,0.00791,31.346,0.016,-1,400.000,-1,400.000,-1,325.000,325.000,300.000,300.000,-1,-1,-1,-1,800.000,825.000,-1,-1,2,0,2,0,2,0,0,0,0,2,2,2,2,0,0,2,2
35,5858.606,-389.659,25.800,4.463,0.996691,-0.077682,0.023927,0.078897,0.995371,-0.054886,-0.019552,0.056592,0.998206,0,0.52244,-0.11209,31.346,-0.224,-1,400.000,-1,400.000,-1,325.000,325.000,300.000,300.000,-1,-1,-1,-1,800.000,825.000,-1,-1,2,0,2,0,2,0,0,0,0,2,2,2,2,0,0,2,2
36,5889.876,-387.474,25.223,3.998,0.997282,-0.069615,0.024118,0.070858,0.995957,-0.055223,-0.020176,0.056781,0.998183,0,0.52244,-0.23209,31.346,-0.464,-1,400.000,-1,400.000,-1,325.000,325.000,300.000,300.000,-1,-1,-1,-1,800.000,825.000,-1,-1,2,0,2,0,2,0,0,0,0,2,2,2,2,0,0,2,2
37,5921.171,-385.672,24.494,3.294,0.998054,-0.057368,0.024452,0.058662,0.996708,-0.055969,-0.021161,0.057295,0.998133,0,0.52244,-0.35209,31.346,-0.704,-1,400.000,-1,400.000,-1,325.000,325.000,300.000,300.000,-1,-1,-1,-1,800.000,825.000,-1,-1,2,0,2,0,2,0,0,0,0,2,2,2,2,0,0,2,2
38,5952.492,-384.387,23.616,2.350,0.998849,-0.040936,0.025007,0.042290,0.997522,-0.056220,-0.022644,0.057212,0.998105,0,0.52244,-0.47209,31.346,-0.944,-1,400.000,-1,400.000,-1,325.000,325.000,300.000,300.000,-1,-1,-1,-1,800.000,825.000,-1,-1,2,0,2,0,2,0,0,0,0,2,2,2,2,0,0,2,2
39,5983.832,-383.750,22.697,1.166,0.999466,-0.020313,0.025581,0.021732,0.998168,-0.056470,-0.024387,0.056996,0.998077,0,0.52244,-0.59209,31.346,-1.184,-1,400.000,-1,400.000,-1,325.000,325.000,300.000,300.000,-1,-1,-1,-1,800.000,825.000,-1,-1,2,0,2,0,2,0,0,0,0,2,2,2,2,0,0,2,2
40,6015.179,-383.892,21.735,-0.258,0.999648,0.004502,0.026159,-0.003011,0.998384,-0.056750,-0.026372,0.056651,0.998046,0,0.52244,-0.71209,31.346,-1.424,-1,400.000,-1,400.000,-1,325.000,325.000,300.000,300.000,-1,-1,-1,-1,800.000,825.000,-1,-1,2,0,2,0,2,0,0,0,0,2,2,2,2,0,0,2,2
41,6046.629,-384.948,20.718,-1.923,0.999081,0.033495,0.026738,-0.031927,0.997859,-0.057072,-0.028593,0.056166,0.998012,0,0.52445,-0.83209,31.467,-1.664,-1,400.000,-1,400.000,-1,325.000,325.000,300.000,300.000,-1,-1,-1,-1,800.000,825.000,-1,-1,2,0,2,0,2,0,0,0,0,2,2,2,2,0,0,2,2
42,6078.273,-387.065,19.637,-3.827,0.997403,0.066636,0.027313,-0.064984,0.996231,-0.057454,-0.031039,0.055530,0.997974,0,0.52857,-0.95209,31.714,-1.904,-1,400.000,-1,400.000,-1,325.000,325.000,300.000,300.000,-1,-1,-1,-1,800.000,825.000,-1,-1,2,0,2,0,2,0,0,0,0,2,2,2,2,0,0,2,2
43,6110.069,-390.310,18.491,-5.825,0.994462,0.101333,0.027874,-0.099596,0.993342,-0.057903,-0.033556,0.054806,0.997933,0,0.53268,-0.99902,31.961,-1.998,-1,400.000,-1,400.000,-1,325.000,325.000,300.000,300.000,-1,-1,-1,-1,800.000,825.000,-1,-1,2,0,2,0,2,0,0,0,0,2,2,2,2,0,0,2,2
44,6141.976,-394.693,17.280,-7.821,0.990318,0.135878,0.028413,-0.134055,0.989250,-0.058421,-0.036046,0.054046,0.997888,0,0.53676,-0.99809,32.206,-1.996,-1,400.000,-1,400.000,-1,325.000,325.000,300.000,300.000,-1,-1,-1,-1,800.000,825.000,-1,-1,2,0,2,0,2,0,0,0,0,2,2,2,2,0,0,2,2
45,6173.949,-400.225,16.005,-9.815,0.984982,0.170218,0.028923,-0.168310,0.983966,-0.059009,-0.038504,0.053255,0.997838,0,0.54079,-0.99683,32.447,-1.994,-1,400.000,-1,400.000,-1,325.000,325.000,300.000,300.000,-1,-1,-1,-1,800.000,825.000,-1,-1,2,0,2,0,2,0,0,0,0,2,2,2,2,0,0,2,2
46,6205.942,-406.913,14.666,-11.805,0.978467,0.204301,0.029395,-0.202307,0.977503,-0.059667,-0.040924,0.052435,0.997785,0,0.54474,-0.99525,32.684,-1.990,-1,400.000,-1,400.000,-1,325.000,325.000,300.000,300.000,-1,-1,-1,-1,800.000,825.000,-1,-1,2,0,2,0,2,0,0,0,0,2,2,2,2,0,0,2,2
47,6237.908,-414.760,13.263,-13.792,0.970789,0.238076,0.029821,-0.235997,0.969875,-0.060392,-0.043301,0.051590,0.997729,0,0.54858,-0.99333,32.915,-1.987,-1,400.000,-1,400.000,-1,325.000,325.000,300.000,300.000,-1,-1,-1,-1,775.000,825.000,-1,-1,2,0,2,0,2,0,0,0,0,2,2,2,2,0,0,2,2
48,6269.798,-423.769,11.799,-15.774,0.961967,0.271492,0.030193,-0.269327,0.961103,-0.061183,-0.045629,0.050724,0.997670,0,0.55229,-0.99107,33.137,-1.982,-1,400.000,-1,400.000,-1,325.000,325.000,300.000,300.000,-1,-1,-1,-1,800.000,825.000,-1,-1,2,0,2,0,2,0,0,0,0,2,2,2,2,0,0,2,2
49,6301.560,-433.938,10.273,-17.751,0.952024,0.304499,0.030503,-0.302250,0.951208,-0.062036,-0.047904,0.049840,0.997608,0,0.55582,-0.98847,33.349,-1.977,-1,400.000,-1,400.000,-1,325.000,325.000,300.000,300.000,-1,-1,-1,-1,800.000,800.000,-1,-1,2,0,2,0,2,0,0,0,0,2,2,2,2,0,0,2,2
50,6333.142,-445.260,8.687,-19.722,0.940985,0.337050,0.030742,-0.334717,0.940214,-0.062947,-0.050121,0.048942,0.997543,0,0.55916,-0.98552,33.550,-1.971,-1,400.000,-1,400.000,-1,325.000,325.000,300.000,300.000,-1,-1,-1,-1,800.000,800.000,-1,-1,2,0,2,0,2,0,0,0,0,2,2,2,2,0,0,2,2
51,6364.491,-457.728,7.044,-21.686,0.928877,0.369098,0.030904,-0.366682,0.928149,-0.063910,-0.052273,0.048033,0.997477,0,0.56227,-0.98222,33.736,-1.964,-1,400.000,-1,400.000,-1,325.000,325.000,300.000,300.000,-1,-1,-1,-1,800.000,800.000,-1,-1,2,0,2,0,2,0,0,0,0,2,2,2,2,0,0,2,2
52,6395.552,-471.327,5.219,-23.643,0.915706,0.400608,0.031562,-0.398100,0.915064,-0.064614,-0.054766,0.046602,0.997411,0,0.56512,-0.97857,33.907,-1.957,-1,400.000,-1,400.000,-1,325.000,325.000,300.000,300.000,-1,-1,-1,-1,800.000,775.000,-1,-1,2,0,2,0,2,0,0,0,0,2,2,2,2,0,0,2,2
53,6426.270,-486.041,3.247,-25.593,0.901521,0.431535,0.032196,-0.428956,0.900983,-0.065006,-0.057060,0.044794,0.997365,0,0.56766,-0.97457,34.060,-1.949,975.000,400.000,-1,400.000,-1,325.000,325.000,300.000,300.000,-1,-1,-1,-1,800.000,775.000,-1,-1,1,0,2,0,2,0,0,0,0,2,2,2,2,0,0,2,2
54,6460.801,-503.866,0.876,-27.302,0.888212,0.458253,0.032919,-0.455616,0.887784,-0.065217,-0.059111,0.042928,0.997328,0,0.64766,-0.85457,38.860,-1.709,925.000,400.000,-1,400.000,-1,325.000,325.000,300.000,300.000,-1,-1,-1,-1,800.000,775.000,-1,-1,1,0,2,0,2,0,0,0,0,2,2,2,2,1,0,2,2
55,6499.071,-524.881,-1.883,-28.771,0.876115,0.480901,0.034008,-0.478191,0.875810,-0.065494,-0.061281,0.041118,0.997273,0,0.72766,-0.73457,43.660,-1.469,875.000,400.000,-1,400.000,-1,325.000,325.000,300.000,300.000,-1,-1,-1,-1,775.000,750.000,-1,-1,1,0,2,0,2,0,0,0,0,2,2,2,2,1,0,2,2
56,6537.493,-547.065,-4.746,-30.000,0.865535,0.499609,0.035201,-0.496821,0.865348,-0.065887,-0.063379,0.039539,0.997206,0,0.73944,-0.61457,44.366,-1.229,850.000,400.000,-1,400.000,-1,325.000,325.000,300.000,300.000,-1,-1,-1,-1,750.000,750.000,-1,-1,1,0,2,0,2,0,0,0,0,2,2,2,2,1,0,2,2
57,6575.644,-569.979,-7.645,-30.989,0.856721,0.514498,0.036357,-0.511627,0.856635,-0.066434,-0.065325,0.038314,0.997128,0,0.74171,-0.49457,44.503,-0.989,825.000,400.000,-1,400.000,-1,325.000,325.000,300.000,300.000,-1,-1,-1,-1,750.000,750.000,-1,-1,1,0,2,0,2,0,0,0,0,2,2,2,2,1,0,2,2
58,6613.596,-593.455,-10.574,-31.738,0.849862,0.525671,0.037472,-0.522712,0.849863,-0.067121,-0.067129,0.037456,0.997041,0,0.74376,-0.37457,44.625,-0.749,800.000,400.000,-1,400.000,-1,325.000,325.000,300.000,300.000,-1,-1,-1,-1,725.000,725.000,-1,-1,1,0,2,0,2,0,0,0,0,2,2,2,2,1,0,2,2
59,6651.432,-617.326,-13.486,-32.247,0.845115,0.533215,0.038235,-0.530199,0.845178,-0.067547,-0.068332,0.036813,0.996983,0,0.74562,-0.25457,44.737,-0.509,775.000,400.000,-1,400.000,-1,325.000,325.000,300.000,300.000,-1,-1,-1,-1,725.000,725.000,-1,-1,1,0,2,0,2,0,0,0,0,2,2,2,2,1,0,2,2
60,6689.245,-641.431,-16.406,-32.517,0.842578,0.537185,0.038650,-0.534135,0.842674,-0.067827,-0.069005,0.036505,0.996948,0,0.74736,-0.13457,44.842,-0.269,750.000,400.000,-1,375.000,-1,325.000,325.000,300.000,300.000,-1,-1,-1,-1,725.000,725.000,-1,-1,1,0,2,0,2,0,0,0,0,2,2,2,2,1,0,2,2
61,6727.128,-665.608,-19.352,-32.546,0.842290,0.537611,0.039012,-0.534518,0.842396,-0.068252,-0.069557,0.036635,0.996905,0,0.74902,-0.01457,44.941,-0.029,725.000,400.000,-1,375.000,-1,325.000,325.000,300.000,300.000,-1,-1,-1,-1,725.000,725.000,-1,-1,1,0,2,0,2,0,0,0,0,2,2,2,2,1,0,2,2
62,6765.184,-689.698,-22.250,-32.335,0.844254,0.534502,0.039283,-0.531383,0.844360,-0.068474,-0.069768,0.036935,0.996879,0,0.75066,0.10543,45.039,0.211,700.000,400.000,-1,375.000,-1,325.000,325.000,300.000,300.000,-1,-1,-1,-1,725.000,725.000,-1,-1,1,0,2,0,2,0,0,0,0,2,2,2,2,1,0,2,2
63,6803.513,-713.540,-25.090,-31.884,0.848432,0.527832,0.039454,-0.524705,0.848525,-0.068480,-0.069624,0.037398,0.996872,0,0.75232,0.22543,45.139,0.451,675.000,400.000,-1,375.000,-1,325.000,325.000,300.000,300.000,-1,-1,-1,-1,725.000,725.000,-1,-1,1,0,2,0,2,0,0,0,0,2,2,2,2,1,0,2,2
64,6842.216,-736.973,-27.979,-31.193,0.854740,0.517550,0.039521,-0.514432,0.854807,-0.068301,-0.069132,0.038049,0.996882,0,0.75407,0.34543,45.244,0.691,650.000,400.000,-1,375.000,-1,325.000,325.000,300.000,300.000,-1,-1,-1,-1,750.000,725.000,-1,-1,1,0,2,0,2,0,0,0,0,2,2,2,2,1,0,2,2
65,6881.393,-759.831,-30.924,-30.262,0.863047,0.503579,0.039459,-0.500492,0.863076,-0.067885,-0.068242,0.038839,0.996913,0,0.75596,0.46543,45.357,0.931,600.000,400.000,-1,375.000,-1,325.000,325.000,300.000,300.000,-1,-1,-1,-1,750.000,725.000,-1,-1,1,1,2,0,2,0,0,0,0,2,2,2,2,0,0,2,2
66,6921.136,-781.944,-33.873,-29.091,0.873177,0.485817,0.039290,-0.482763,0.873147,-0.067494,-0.067096,0.039966,0.996946,0,0.75803,0.58543,45.482,1.171,575.000,400.000,-1,375.000,-1,325.000,325.000,300.000,300.000,-1,-1,-1,-1,750.000,700.000,-1,-1,1,1,2,0,2,0,0,0,0,2,2,2,2,0,0,2,2
67,6961.535,-803.135,-36.819,-27.681,0.884901,0.464143,0.039008,-0.461126,0.884791,-0.067146,-0.065679,0.041430,0.996980,0,0.76034,0.70543,45.620,1.411,550.000,375.000,-1,375.000,-1,325.000,325.000,300.000,300.000,-1,-1,-1,-1,750.000,700.000,-1,-1,1,1,2,0,2,0,0,0,0,2,2,2,2,1,0,2,2
68,7002.668,-823.223,-39.754,-26.030,0.897937,0.438428,0.038608,-0.435450,0.897726,-0.066863,-0.063974,0.043227,0.997015,0,0.76293,0.82543,45.776,1.651,500.000,375.000,-1,375.000,-1,325.000,325.000,300.000,300.000,-1,-1,-1,-1,725.000,700.000,-1,-1,1,1,2,0,2,0,0,0,0,2,2,2,2,1,0,2,2
69,7044.602,-842.013,-42.671,-24.139,0.911950,0.408529,0.038091,-0.405596,0.911618,-0.066669,-0.061961,0.045349,0.997048,0,0.76586,0.94543,45.952,1.891,475.000,375.000,-1,375.000,-1,325.000,325.000,300.000,300.000,-1,-1,-1,-1,700.000,700.000,725.000,-1,1,1,2,0,2,0,0,0,0,2,2,2,2,1,0,1,2
70,7091.494,-861.424,-45.863,-22.488,0.923378,0.382064,0.037422,-0.379186,0.922930,-0.066466,-0.059932,0.047183,0.997087,0,0.84586,0.82543,50.752,1.651,425.000,375.000,-1,375.000,-1,325.000,325.000,300.000,300.000,-1,-1,-1,-1,700.000,700.000,625.000,-1,1,1,2,0,2,0,0,0,0,2,2,2,2,1,0,1,2
71,7143.329,-881.401,-49.245,-21.077,0.932532,0.359203,0.036837,-0.356390,0.932001,-0.066034,-0.058052,0.048450,0.997137,0,0.92586,0.70543,55.552,1.411,400.000,375.000,-1,375.000,-1,325.000,325.000,300.000,300.000,-1,-1,-1,-1,675.000,700.000,550.000,-1,1,1,2,0,2,0,0,0,0,2,2,2,2,1,0,1,2
72,7196.869,-900.784,-51.124,-19.906,0.939951,0.339968,0.030222,-0.337332,0.938828,-0.069344,-0.051948,0.054985,0.997135,0,0.94902,0.58543,56.941,1.171,400.000,375.000,-1,400.000,-1,325.000,325.000,325.000,300.000,-1,-1,-1,-1,725.000,700.000,575.000,-1,1,1,2,0,2,0,0,0,0,2,2,2,2,1,0,1,2
73,7250.807,-919.326,-53.118,-18.975,0.945558,0.324559,0.024129,-0.322137,0.943901,-0.072656,-0.046356,0.060928,0.997065,0,0.95062,0.46543,57.037,0.931,375.000,400.000,-1,400.000,-1,350.000,325.000,325.000,275.000,-1,-1,-1,-1,800.000,725.000,625.000,-1,1,1,2,0,2,0,0,0,0,2,2,2,2,1,0,1,2
74,7305.006,-937.230,-55.126,-18.285,0.949540,0.313060,0.019150,-0.310852,0.947459,-0.075449,-0.041764,0.065689,0.996966,0,0.95134,0.34543,57.080,0.691,375.000,425.000,-1,400.000,-1,350.000,325.000,350.000,275.000,-1,700.000,550.000,-1,875.000,725.000,-1,-1,1,1,2,0,2,0,0,0,0,2,0,0,2,1,0,2,2
75,7359.325,-954.702,-57.050,-17.834,0.952065,0.305534,0.014862,-0.303576,0.949703,-0.076844,-0.037593,0.068648,0.996932,0,0.95100,0.22543,57.060,0.451,375.000,425.000,-1,400.000,-1,350.000,350.000,325.000,275.000,-1,575.000,475.000,-1,950.000,750.000,-1,-1,1,1,2,0,2,0,0,1,0,2,0,0,2,1,0,2,2
76,7413.618,-971.947,-59.146,-17.623,0.953240,0.301999,0.011383,-0.300269,0.950702,-0.077489,-0.034224,0.070448,0.996928,0,0.94945,0.10543,56.967,0.211,375.000,450.000,-1,400.000,-1,350.000,350.000,300.000,275.000,-1,500.000,425.000,-1,-1,775.000,-1,-1,1,1,2,0,2,0,0,1,0,2,0,0,2,2,0,2,2
77,7467.735,-989.167,-61.483,-17.652,0.953117,0.302470,0.008918,-0.300920,0.950511,-0.077306,-0.031859,0.070998,0.996968,0,0.94651,-0.01457,56.790,-0.029,375.000,475.000,-1,425.000,-1,375.000,350.000,275.000,275.000,-1,475.000,400.000,-1,-1,800.000,-1,-1,1,0,2,0,2,0,0,1,0,2,0,0,2,2,0,2,2
78,7521.513,-1006.559,-64.114,-17.921,0.951694,0.306952,0.007674,-0.305514,0.949140,-0.076121,-0.030649,0.070099,0.997069,0,0.94201,-0.13457,56.521,-0.269,-1,475.000,-1,425.000,-1,375.000,350.000,250.000,275.000,-1,450.000,400.000,-1,-1,825.000,-1,-1,2,0,2,0,2,0,0,1,0,2,0,0,2,2,0,2,2
79,7574.781,-1024.313,-67.092,-18.430,0.948916,0.315430,0.007906,-0.314026,0.946543,-0.073785,-0.030757,0.067533,0.997243,0,0.93582,-0.25457,56.149,-0.509,-1,475.000,-1,425.000,-1,375.000,350.000,225.000,300.000,-1,450.000,425.000,-1,-1,825.000,-1,-1,2,0,2,0,2,0,0,1,0,2,0,0,2,2,0,2,2
80,7627.360,-1042.605,-70.476,-19.179,0.944669,0.327875,0.009912,-0.326425,0.942614,-0.070184,-0.032355,0.063065,0.997485,0,0.92783,-0.37457,55.670,-0.749,-1,475.000,-1,400.000,-1,375.000,350.000,200.000,300.000,-1,475.000,450.000,-1,-1,825.000,-1,-1,2,0,2,0,2,0,0,1,0,2,0,0,2,2,0,2,2
81,7679.063,-1061.601,-74.325,-20.169,0.938779,0.344235,0.014041,-0.342674,0.937185,-0.065254,-0.035622,0.056448,0.997770,0,0.91801,-0.49457,55.081,-0.989,-1,475.000,-1,400.000,-1,350.000,350.000,175.000,300.000,-1,500.000,500.000,-1,-1,800.000,-1,-1,2,0,2,0,2,0,0,1,0,2,0,0,2,2,0,2,2
82,7729.746,-1081.324,-78.613,-21.257,0.931904,0.362134,0.020328,-0.360450,0.930895,-0.059240,-0.040376,0.047879,0.998037,0,0.90642,-0.54413,54.385,-1.088,-1,450.000,-1,400.000,-1,350.000,325.000,175.000,300.000,-1,575.000,625.000,-1,-1,775.000,-1,-1,2,0,2,0,2,0,0,1,0,2,0,0,2,2,0,2,2
83,7779.340,-1101.709,-81.909,-22.341,0.924573,0.379769,0.030658,-0.377599,0.924072,-0.059238,-0.050827,0.043193,0.997773,0,0.89365,-0.54224,53.619,-1.084,-1,425.000,-1,375.000,-1,325.000,325.000,150.000,300.000,-1,-1,-1,-1,925.000,725.000,-1,-1,2,0,2,0,2,0,0,1,0,2,2,2,2,0,0,2,2
84,7827.805,-1122.706,-83.880,-23.423,0.917047,0.397142,0.036093,-0.394503,0.916710,-0.063332,-0.058238,0.043839,0.997340,0,0.88028,-0.54106,52.817,-1.082,-1,425.000,-1,375.000,-1,325.000,300.000,150.000,300.000,-1,-1,-1,-1,900.000,700.000,-1,-1,2,0,2,0,2,0,0,1,0,2,2,2,2,0,0,2,2
85,7875.122,-1144.274,-85.534,-24.505,0.909319,0.414333,0.038302,-0.411332,0.908978,-0.067568,-0.062811,0.045686,0.996979,0,0.86666,-0.54056,51.999,-1.081,-1,425.000,-1,375.000,-1,325.000,300.000,175.000,300.000,-1,-1,-1,-1,875.000,675.000,-1,-1,2,0,2,0,2,0,0,1,0,2,2,2,2,0,0,2,2
86,7921.289,-1166.380,-87.426,-25.586,0.901279,0.431400,0.039874,-0.428131,0.900964,-0.070491,-0.066334,0.046461,0.996715,0,0.85310,-0.54073,51.186,-1.081,-1,425.000,-1,375.000,1000.000,325.000,300.000,175.000,300.000,-1,-1,-1,-1,875.000,650.000,-1,-1,2,0,2,0,1,0,0,1,0,2,2,2,2,0,0,2,2
87,7966.323,-1189.000,-89.464,-26.669,0.892896,0.448367,0.041287,-0.444934,0.892676,-0.071860,-0.069076,0.045794,0.996560,0,0.83992,-0.54154,50.395,-1.083,-1,425.000,-1,350.000,950.000,325.000,300.000,175.000,300.000,-1,-1,-1,-1,850.000,650.000,-1,-1,2,0,2,0,1,0,0,1,0,2,2,2,2,0,0,2,2
88,8010.255,-1212.120,-91.684,-27.755,0.884161,0.465246,0.042491,-0.461766,0.884098,-0.071714,-0.070930,0.043786,0.996520,0,0.82739,-0.54294,49.643,-1.086,-1,425.000,-1,350.000,925.000,325.000,300.000,200.000,300.000,-1,-1,-1,-1,850.000,650.000,-1,-1,2,0,2,0,1,0,0,1,0,2,2,2,2,0,0,2,2
89,8053.124,-1235.733,-94.357,-28.845,0.875077,0.482026,0.043498,-0.478548,0.875178,-0.071100,-0.072340,0.041402,0.996520,0,0.81571,-0.54491,48.943,-1.090,-1,400.000,-1,350.000,875.000,325.000,300.000,225.000,300.000,-1,-1,-1,-1,850.000,625.000,-1,-1,2,0,2,0,1,0,0,1,0,2,2,2,2,0,0,2,2
90,8094.981,-1259.841,-97.425,-29.940,0.865631,0.498719,0.044293,-0.495315,0.865913,-0.069696,-0.073113,0.038392,0.996584,0,0.80504,-0.54738,48.302,-1.095,-1,400.000,-1,350.000,850.000,325.000,300.000,250.000,300.000,475.000,-1,-1,-1,825.000,625.000,-1,-1,2,0,2,0,1,0,0,1,0,1,2,2,2,0,0,2,2
91,8135.874,-1284.453,-100.672,-31.040,0.855812,0.515344,0.044788,-0.512169,0.856312,-0.066425,-0.072585,0.033908,0.996786,0,0.79548,-0.55033,47.729,-1.101,-1,400.000,-1,350.000,825.000,325.000,300.000,250.000,300.000,375.000,-1,-1,-1,825.000,625.000,-1,975.000,2,0,2,0,1,0,0,1,0,1,2,2,2,0,0,2,1
92,8175.858,-1309.583,-104.152,-32.148,0.845609,0.531893,0.045119,-0.529077,0.846345,-0.061468,-0.070880,0.028106,0.997089,0,0.78709,-0.55371,47.225,-1.107,-1,400.000,-1,350.000,800.000,325.000,300.000,275.000,300.000,325.000,-1,-1,-1,825.000,625.000,-1,950.000,2,0,2,0,1,0,0,1,0,1,2,2,2,0,0,2,1
93,8214.983,-1335.248,-107.891,-33.263,0.835012,0.548357,0.045391,-0.546010,0.835980,-0.054860,-0.068029,0.021025,0.997462,0,0.77987,-0.55748,46.792,-1.115,-1,400.000,-1,350.000,775.000,325.000,300.000,275.000,300.000,300.000,-1,-1,-1,825.000,650.000,-1,925.000,2,0,2,0,1,0,0,1,0,1,2,2,2,0,0,2,1
94,8253.297,-1361.468,-111.898,-34.386,0.824017,0.564718,0.045704,-0.562937,0.825187,-0.046560,-0.064007,0.012638,0.997869,0,0.77380,-0.56160,46.428,-1.123,-1,400.000,-1,375.000,750.000,325.000,300.000,300.000,300.000,275.000,-1,-1,-1,825.000,650.000,-1,900.000,2,0,2,0,1,0,0,1,0,1,2,2,2,0,0,2,1
95,8290.844,-1388.268,-116.184,-35.518,0.812625,0.580955,0.046162,-0.579813,0.813930,-0.036523,-0.058790,0.002914,0.998266,0,0.76885,-0.56605,46.131,-1.132,-1,400.000,-1,375.000,750.000,325.000,325.000,300.000,300.000,275.000,-1,-1,-1,825.000,700.000,-1,875.000,2,0,2,0,1,0,0,1,0,1,2,2,2,0,0,2,1
96,8327.664,-1415.671,-118.868,-36.660,0.800808,0.597058,0.047195,-0.596062,0.802198,-0.034480,-0.058446,-0.000519,0.998290,0,0.76496,-0.57079,45.898,-1.142,-1,400.000,-1,375.000,700.000,325.000,300.000,325.000,300.000,300.000,450.000,-1,-1,825.000,700.000,-1,825.000,2,0,2,0,1,0,0,1,0,1,1,2,2,0,0,2,1
97,8363.788,-1443.702,-121.488,-37.811,0.788566,0.613056,0.048230,-0.612205,0.790030,-0.032513,-0.058035,-0.003888,0.998307,0,0.76207,-0.57580,45.724,-1.152,-1,400.000,-1,375.000,675.000,325.000,300.000,325.000,300.000,325.000,450.000,-1,-1,825.000,700.000,-1,775.000,2,0,2,0,1,0,0,0,0,1,1,2,2,0,0,2,1
98,8399.245,-1472.386,-124.047,-38.973,0.775890,0.628941,0.049267,-0.628236,0.777420,-0.030621,-0.057560,-0.007193,0.998316,0,0.76011,-0.58106,45.607,-1.162,-1,400.000,-1,375.000,650.000,325.000,300.000,325.000,300.000,350.000,450.000,-1,-1,800.000,675.000,-1,725.000,2,0,2,0,1,0,0,0,0,1,1,2,2,0,1,2,1
99,8437.159,-1504.081,-126.777,-39.895,0.765585,0.641353,0.050465,-0.640795,0.767176,-0.028690,-0.057116,-0.010373,0.998314,0,0.82361,-0.46106,49.417,-0.922,-1,400.000,-1,375.000,600.000,325.000,300.000,325.000,300.000,375.000,475.000,-1,-1,800.000,650.000,-1,700.000,2,0,2,0,1,0,0,0,0,1,1,2,2,0,1,2,1
100,8474.701,-1536.232,-129.564,-40.577,0.757780,0.650415,0.052255,-0.650009,0.759456,-0.026736,-0.057074,-0.013706,0.998276,0,0.82379,-0.34106,49.428,-0.682,-1,400.000,-1,375.000,575.000,325.000,300.000,325.000,300.000,425.000,525.000,-1,-1,775.000,625.000,-1,650.000,2,0,2,0,1,0,0,0,0,1,1,2,2,0,1,2,1
101,8512.049,-1568.720,-132.308,-41.020,0.752624,0.656225,0.054098,-0.655969,0.754379,-0.024841,-0.057112,-0.016790,0.998227,0,0.82502,-0.22106,49.501,-0.442,-1,400.000,-1,375.000,550.000,325.000,300.000,325.000,300.000,450.000,550.000,-1,-1,775.000,600.000,-1,600.000,2,0,2,0,1,0,0,0,0,1,1,2,2,0,1,2,1
102,8549.378,-1601.422,-135.015,-41.222,0.750190,0.658847,0.055990,-0.658740,0.752020,-0.022972,-0.057240,-0.019650,0.998167,0,0.82712,-0.10106,49.627,-0.202,-1,400.000,-1,375.000,500.000,325.000,300.000,300.000,300.000,475.000,600.000,-1,-1,775.000,575.000,-1,575.000,2,0,2,0,1,0,0,0,0,1,1,2,2,0,1,2,1
103,8588.680,-1635.952,-137.791,-41.303,0.749136,0.659881,0.057897,-0.659928,0.751035,-0.021024,-0.057356,-0.022458,0.998101,0,0.87194,-0.04088,52.317,-0.082,-1,400.000,-1,375.000,475.000,325.000,300.000,300.000,325.000,525.000,650.000,-1,-1,750.000,575.000,-1,550.000,2,0,2,0,1,0,0,0,0,1,1,2,2,0,1,2,1
104,8627.835,-1670.463,-140.674,-41.393,0.748101,0.661036,0.058102,-0.661184,0.749973,-0.019386,-0.056389,-0.023914,0.998122,0,0.86989,-0.04495,52.193,-0.090,-1,400.000,-1,375.000,450.000,325.000,300.000,300.000,325.000,550.000,700.000,-1,-1,750.000,550.000,-1,500.000,2,0,2,0,1,0,0,0,0,1,1,2,2,0,1,2,1
105,8670.373,-1708.394,-143.786,-41.723,0.744294,0.665316,0.058142,-0.665573,0.746124,-0.017645,-0.055121,-0.025564,0.998152,0,0.94989,-0.16495,56.993,-0.330,-1,400.000,-1,375.000,400.000,325.000,300.000,300.000,325.000,600.000,725.000,-1,-1,725.000,525.000,-1,450.000,2,0,2,0,1,0,0,0,0,1,1,2,2,0,1,2,1
106,8714.775,-1748.748,-146.968,-42.266,0.737966,0.672323,0.058203,-0.672698,0.739748,-0.015836,-0.053703,-0.027466,0.998179,0,1.00000,-0.27149,60.000,-0.543,-1,400.000,-1,375.000,375.000,325.000,325.000,300.000,325.000,625.000,775.000,-1,-1,725.000,500.000,-1,425.000,2,0,2,1,1,0,0,0,0,1,1,2,2,0,1,2,1
107,8758.783,-1789.532,-150.054,-42.823,0.731404,0.679448,0.058301,-0.679938,0.733136,-0.014036,-0.052279,-0.029375,0.998200,0,1.00000,-0.27857,60.000,-0.557,-1,400.000,-1,350.000,325.000,325.000,325.000,300.000,325.000,675.000,800.000,-1,-1,725.000,475.000,-1,375.000,2,0,2,1,1,0,0,0,0,1,1,2,2,0,1,2,1
108,8802.381,-1830.753,-153.131,-43.396,0.724590,0.686702,0.058400,-0.687283,0.726279,-0.012659,-0.051108,-0.030965,0.998213,0,1.00000,-0.28608,60.000,-0.572,-1,400.000,-1,325.000,275.000,325.000,325.000,325.000,325.000,725.000,850.000,-1,-1,725.000,450.000,-1,325.000,2,0,2,1,1,0,1,0,0,1,1,2,2,0,1,2,1
109,8845.554,-1872.420,-156.252,-43.984,0.717503,0.694097,0.058465,-0.694733,0.719169,-0.011969,-0.050354,-0.032030,0.998218,0,1.00000,-0.29405,60.000,-0.588,-1,400.000,-1,300.000,250.000,325.000,300.000,325.000,325.000,750.000,650.000,-1,-1,700.000,400.000,-1,275.000,2,0,2,1,1,0,1,0,1,1,0,2,2,1,1,2,1
110,8888.051,-1913.932,-157.591,-44.332,0.713362,0.698277,0.059360,-0.699364,0.714758,-0.003369,-0.044781,-0.039111,0.998231,0,0.99015,-0.17405,59.409,-0.348,-1,400.000,-1,300.000,225.000,325.000,275.000,325.000,300.000,775.000,525.000,975.000,-1,675.000,400.000,-1,250.000,2,0,2,1,1,0,1,0,1,1,0,0,2,1,1,2,1
111,8930.471,-1955.520,-157.372,-44.440,0.712310,0.699194,0.061179,-0.701034,0.713000,0.013534,-0.034157,-0.052529,0.998035,0,0.99010,-0.05405,59.406,-0.108,-1,425.000,-1,300.000,225.000,325.000,275.000,300.000,300.000,775.000,350.000,500.000,-1,700.000,400.000,-1,250.000,2,1,2,1,1,1,1,0,1,1,0,0,2,1,1,2,1
112,8972.924,-1996.947,-157.313,-44.308,0.714283,0.697028,0.062862,-0.699440,0.714073,0.029732,-0.024164,-0.065206,0.997579,0,0.98863,0.06595,59.318,0.132,-1,425.000,-1,300.000,225.000,325.000,275.000,300.000,300.000,775.000,250.000,400.000,-1,725.000,425.000,-1,275.000,2,1,2,1,1,1,1,0,1,1,0,0,2,1,1,2,1
113,9015.509,-2037.967,-157.419,-43.936,0.719231,0.691798,0.064208,-0.694610,0.717979,0.044991,-0.014975,-0.076958,0.996922,0,0.98547,0.18595,59.128,0.372,-1,425.000,-1,300.000,225.000,325.000,275.000,300.000,275.000,775.000,175.000,350.000,-1,750.000,450.000,-1,275.000,2,1,2,1,1,1,1,0,1,1,0,0,2,1,1,2,1
114,9058.308,-2078.320,-157.639,-43.324,0.727048,0.683502,0.065017,-0.686552,0.724701,0.058776,-0.006945,-0.087370,0.996152,0,0.98039,0.30595,58.824,0.612,-1,425.000,-1,300.000,250.000,325.000,275.000,275.000,275.000,775.000,125.000,300.000,-1,800.000,450.000,-1,300.000,2,1,2,1,1,1,1,0,1,1,0,0,2,1,1,2,1
115,9101.348,-2117.778,-157.881,-42.523,0.737031,0.672761,0.064645,-0.675859,0.733606,0.070965,0.000319,-0.095994,0.995382,0,0.97318,0.40075,58.391,0.802,-1,425.000,-1,300.000,250.000,325.000,275.000,275.000,250.000,675.000,75.000,275.000,-1,875.000,475.000,-1,325.000,2,1,2,1,1,1,1,0,1,0,0,0,2,0,1,2,1
116,9144.492,-2156.283,-158.014,-41.754,0.746521,0.662411,0.062601,-0.665317,0.742059,0.081863,0.007774,-0.102762,0.994676,0,0.96381,0.38424,57.828,0.768,-1,425.000,-1,325.000,275.000,325.000,300.000,275.000,250.000,600.000,75.000,250.000,-1,900.000,525.000,-1,350.000,2,1,2,1,1,1,1,0,1,0,0,0,2,0,1,2,1
117,9187.634,-2193.803,-158.334,-41.019,0.755446,0.652409,0.060538,-0.655052,0.749995,0.091730,0.014443,-0.108952,0.993942,0,0.95292,0.36736,57.175,0.735,-1,425.000,-1,325.000,300.000,325.000,300.000,275.000,225.000,550.000,75.000,225.000,-1,950.000,-1,-1,400.000,2,1,2,1,1,1,1,0,1,0,0,0,2,0,2,2,1
118,9229.567,-2229.640,-158.762,-40.525,0.761502,0.645479,0.058916,-0.647839,0.755098,0.100658,0.020485,-0.114820,0.993175,0,0.91935,0.24736,55.161,0.495,-1,450.000,-1,350.000,325.000,350.000,300.000,250.000,225.000,525.000,75.000,200.000,-1,975.000,-1,-1,-1,2,1,2,1,1,1,1,0,1,0,0,0,2,0,2,2,2
119,9271.767,-2265.383,-159.362,-40.270,0.764812,0.641686,0.057462,-0.643709,0.757452,0.109106,0.026488,-0.120434,0.992368,0,0.92172,0.12736,55.303,0.255,-1,475.000,-1,350.000,350.000,350.000,325.000,250.000,225.000,475.000,50.000,200.000,-1,1000.000,-1,-1,-1,2,1,2,1,1,1,1,0,1,0,0,0,2,0,2,2,2
120,4263.560,327.968,89.566,-9.266,0.986780,0.160967,0.018855,-0.160403,0.986644,-0.028354,-0.023168,0.024955,0.999420,1,0.00000,0.00000,55.406,0.015,-1,400.000,-1,400.000,-1,325.000,325.000,325.000,325.000,-1,-1,-1,-1,725.000,800.000,-1,-1,2,0,2,0,2,0,0,0,0,2,2,2,2,0,0,2,2
121,4258.826,328.761,89.681,-9.506,0.986098,0.165099,0.018800,-0.164538,0.985965,-0.028274,-0.023204,0.024788,0.999423,0,-0.08000,-0.12000,-4.800,-0.240,-1,400.000,-1,400.000,-1,325.000,325.000,325.000,325.000,-1,-1,-1,-1,725.000,800.000,-1,-1,2,0,2,0,2,0,0,0,0,2,2,2,2,0,0,2,2
122,4249.372,330.426,89.914,-9.986,0.984682,0.173355,0.018692,-0.172799,0.984556,-0.028109,-0.023276,0.024448,0.999430,0,-0.16000,-0.24000,-9.600,-0.480,-1,400.000,-1,400.000,-1,325.000,325.000,325.000,325.000,-1,-1,-1,-1,725.000,800.000,-1,-1,2,0,2,0,2,0,0,0,0,2,2,2,2,0,0,2,2
123,4235.222,333.101,90.267,-10.706,0.982429,0.185716,0.018535,-0.185168,0.982312,-0.027848,-0.023379,0.023927,0.999440,0,-0.24000,-0.36000,-14.400,-0.720,-1,400.000,-1,400.000,-1,325.000,325.000,325.000,325.000,-1,-1,-1,-1,725.000,800.000,-1,-1,2,0,2,0,2,0,0,0,0,2,2,2,2,0,0,2,2
124,4220.988,336.039,90.634,-11.666,0.979182,0.202151,0.018387,-0.201611,0.979078,-0.027568,-0.023575,0.023287,0.999451,0,-0.24225,-0.48000,-14.535,-0.960,-1,400.000,-1,400.000,-1,325.000,325.000,325.000,325.000,-1,-1,-1,-1,750.000,800.000,-1,-1,2,0,2,0,2,0,0,0,0,2,2,2,2,0,0,2,2
125,4206.792,339.282,91.014,-12.866,0.974736,0.222614,0.018254,-0.222083,0.974646,-0.027267,-0.023861,0.022524,0.999462,0,-0.24269,-0.60000,-14.561,-1.200,-1,400.000,-1,400.000,-1,325.000,325.000,300.000,325.000,-1,-1,-1,-1,750.000,825.000,-1,-1,2,0,2,0,2,0,0,0,0,2,2,2,2,0,0,2,2
126,4192.650,342.888,91.410,-14.306,0.968835,0.247042,0.018141,-0.246519,0.968763,-0.026939,-0.024229,0.021628,0.999472,0,-0.24326,-0.72000,-14.595,-1.440,-1,400.000,-1,400.000,-1,325.000,325.000,300.000,325.000,-1,-1,-1,-1,750.000,825.000,-1,-1,2,0,2,0,2,0,0,0,0,2,2,2,2,0,0,2,2
127,4178.579,346.919,91.824,-15.986,0.961176,0.275343,0.018051,-0.274829,0.961125,-0.026583,-0.024669,0.020590,0.999484,0,-0.24395,-0.84000,-14.637,-1.680,-1,400.000,-1,400.000,-1,325.000,325.000,300.000,325.000,-1,-1,-1,-1,750.000,825.000,-1,-1,2,0,2,0,2,0,0,0,0,2,2,2,2,0,0,2,2
128,4164.603,351.429,92.260,-17.888,0.951506,0.307105,0.017992,-0.306600,0.951478,-0.026195,-0.025164,0.019409,0.999495,0,-0.24476,-0.95118,-14.686,-1.902,-1,400.000,-1,400.000,-1,325.000,325.000,300.000,325.000,-1,-1,-1,-1,750.000,825.000,-1,-1,2,0,2,0,2,0,0,0,0,2,2,2,2,0,0,2,2
129,4150.733,356.420,92.712,-19.791,0.940780,0.338540,0.017960,-0.338047,0.940776,-0.025780,-0.025624,0.018182,0.999506,0,-0.24569,-0.95152,-14.741,-1.903,-1,400.000,-1,400.000,-1,325.000,325.000,300.000,325.000,-1,-1,-1,-1,750.000,850.000,-1,-1,2,0,2,0,2,0,0,0,0,2,2,2,2,0,0,2,2
130,4136.985,361.889,93.182,-21.695,0.929014,0.369609,0.017957,-0.369127,0.929033,-0.025338,-0.026048,0.016911,0.999518,0,-0.24659,-0.95170,-14.796,-1.903,-1,400.000,-1,400.000,-1,325.000,325.000,300.000,325.000,-1,-1,-1,-1,750.000,850.000,-1,-1,2,0,2,0,2,0,0,0,0,2,2,2,2,0,0,2,2
131,4123.377,367.834,93.667,-23.598,0.916220,0.400272,0.017986,-0.399803,0.916264,-0.024872,-0.026435,0.015597,0.999529,0,-0.24750,-0.95172,-14.850,-1.903,-1,400.000,-1,400.000,-1,325.000,325.000,300.000,325.000,-1,-1,-1,-1,750.000,850.000,-1,-1,2,0,2,0,2,0,0,0,0,2,2,2,2,0,0,2,2
132,4109.925,374.250,94.168,-25.501,0.902416,0.430489,0.018050,-0.430033,0.902484,-0.024384,-0.026786,0.014242,0.999540,0,-0.24840,-0.95157,-14.904,-1.903,-1,400.000,-1,400.000,-1,325.000,325.000,300.000,325.000,-1,-1,-1,-1,750.000,850.000,-1,-1,2,0,2,0,2,0,0,0,0,2,2,2,2,0,0,2,2
133,4096.645,381.135,94.683,-27.404,0.887619,0.460221,0.018150,-0.459781,0.887711,-0.023877,-0.027101,0.012849,0.999550,0,-0.24931,-0.95125,-14.959,-1.903,-1,400.000,-1,425.000,-1,325.000,325.000,300.000,325.000,-1,-1,-1,-1,775.000,875.000,-1,-1,2,0,2,0,2,0,0,0,0,2,2,2,2,0,0,2,2
134,4083.552,388.484,95.149,-29.305,0.871852,0.489431,0.018201,-0.489002,0.871964,-0.023579,-0.027411,0.011657,0.999556,0,-0.25024,-0.95077,-15.014,-1.902,-1,400.000,-1,425.000,-1,325.000,325.000,300.000,325.000,-1,-1,-1,-1,775.000,875.000,-1,-1,2,0,2,0,2,0,0,0,0,2,2,2,2,0,0,2,2
135,4070.661,396.292,95.472,-31.206,0.855149,0.518080,0.017694,-0.517660,0.855262,-0.023577,-0.027348,0.011002,0.999565,0,-0.25120,-0.95012,-15.072,-1.900,-1,400.000,-1,425.000,-1,325.000,325.000,300.000,325.000,-1,-1,-1,-1,775.000,875.000,-1,-1,2,0,2,0,2,0,0,0,0,2,2,2,2,0,0,2,2
136,4057.986,404.557,95.806,-33.104,0.837521,0.546135,0.017182,-0.545726,0.837634,-0.023523,-0.027239,0.010324,0.999576,0,-0.25219,-0.94931,-15.131,-1.899,-1,400.000,-1,425.000,-1,325.000,325.000,300.000,325.000,-1,-1,-1,-1,775.000,875.000,-1,-1,2,0,2,0,2,0,0,0,0,2,2,2,2,0,0,2,2
