timestep,x_cm,y_cm,z_cm,yaw_deg,basis_xx,basis_xy,basis_xz,basis_yx,basis_yy,basis_yz,basis_zx,basis_zy,basis_zz,teleport_flag,throttle_cmd,steering_cmd,cmd_move_cm,cmd_turn_deg,lidar_cm_0,lidar_cm_1,lidar_cm_2,lidar_cm_3,lidar_cm_4,lidar_cm_5,lidar_cm_6,lidar_cm_7,lidar_cm_8,lidar_cm_9,lidar_cm_10,lidar_cm_11,lidar_cm_12,lidar_cm_13,lidar_cm_14,lidar_cm_15,lidar_cm_16,lidar_class_0,lidar_class_1,lidar_class_2,lidar_class_3,lidar_class_4,lidar_class_5,lidar_class_6,lidar_class_7,lidar_class_8,lidar_class_9,lidar_class_10,lidar_class_11,lidar_class_12,lidar_class_13,lidar_class_14,lidar_class_15,lidar_class_16
0,-1644.496,2294.619,-232.761,-166.401,-0.970039,0.234700,0.062769,-0.237734,-0.970233,-0.046157,0.050067,-0.059697,0.996960,1,0.08000,-0.12000,4.800,-0.240,-1,375.000,-1,400.000,-1,325.000,325.000,325.000,325.000,-1,450.000,425.000,-1,775.000,875.000,-1,-1,2,0,2,0,2,0,0,0,0,2,1,1,2,0,0,2,2
1,-1653.845,2292.441,-232.299,-166.881,-0.971973,0.226572,0.062710,-0.229592,-0.972200,-0.045982,0.050549,-0.059091,0.996972,0,0.16000,-0.24000,9.600,-0.480,-1,375.000,-1,400.000,-1,325.000,325.000,325.000,325.000,-1,475.000,425.000,-1,775.000,900.000,-1,-1,2,0,2,0,2,0,0,0,0,2,1,1,2,0,0,2,2
2,-1667.910,2289.349,-231.593,-167.601,-0.974749,0.214349,0.062607,-0.217345,-0.975024,-0.045703,0.051247,-0.058156,0.996991,0,0.24000,-0.36000,14.400,-0.720,-1,375.000,-1,400.000,-1,325.000,325.000,325.000,325.000,-1,500.000,450.000,-1,775.000,900.000,-1,-1,2,0,2,0,2,0,0,0,0,2,1,1,2,0,0,2,2
3,-1686.729,2285.542,-230.628,-168.561,-0.978211,0.197998,0.062443,-0.200959,-0.978552,-0.045300,0.052134,-0.056862,0.997020,0,0.32000,-0.48000,19.200,-0.960,-1,375.000,-1,400.000,-1,325.000,325.000,325.000,325.000,-1,525.000,475.000,-1,775.000,900.000,-1,-1,2,0,2,0,2,0,0,0,0,2,1,1,2,0,0,2,2
4,-1710.347,2281.278,-229.385,-169.761,-0.982157,0.177478,0.062196,-0.180388,-0.982577,-0.044750,0.053171,-0.055171,0.997060,0,0.40000,-0.60000,24.000,-1.200,-1,375.000,-1,400.000,-1,300.000,325.000,325.000,325.000,-1,575.000,500.000,-1,775.000,925.000,-1,-1,2,0,2,0,2,0,0,0,0,2,1,1,2,0,0,2,2
5,-1738.809,2276.874,-227.842,-171.201,-0.986328,0.152748,0.061846,-0.155587,-0.986841,-0.044018,0.054309,-0.053038,0.997115,0,0.48000,-0.72000,28.800,-1.440,-1,375.000,-1,400.000,-1,325.000,325.000,325.000,325.000,-1,675.000,525.000,-1,800.000,925.000,-1,-1,2,0,2,0,2,0,0,0,0,2,1,1,2,0,1,2,2
6,-1772.151,2272.711,-225.978,-172.881,-0.990412,0.123767,0.061370,-0.126513,-0.991030,-0.043064,0.055490,-0.050415,0.997186,0,0.56000,-0.84000,33.600,-1.680,-1,400.000,-1,425.000,-1,325.000,325.000,325.000,325.000,-1,825.000,575.000,-1,800.000,900.000,-1,-1,2,0,2,0,2,0,0,0,0,2,1,1,2,0,1,2,2
7,-1810.393,2269.233,-223.771,-174.801,-0.994041,0.090508,0.060747,-0.093132,-0.994774,-0.041842,0.056642,-0.047250,0.997276,0,0.64000,-0.96000,38.400,-1.920,-1,400.000,1000.000,425.000,-1,325.000,325.000,325.000,325.000,-1,-1,625.000,-1,800.000,875.000,-1,1000.000,2,0,1,0,2,0,0,0,0,2,2,1,2,0,1,2,1
8,-1853.527,2266.825,-221.199,-176.801,-0.996642,0.055745,0.059977,-0.058219,-0.997489,-0.040319,0.057578,-0.043675,0.997385,0,0.72000,-1.00000,43.200,-2.000,-1,400.000,975.000,425.000,-1,325.000,325.000,325.000,325.000,-1,-1,725.000,-1,825.000,850.000,1000.000,975.000,2,0,1,0,2,0,0,0,0,2,2,1,2,0,1,1,1
9,-1900.567,2265.842,-218.313,-178.801,-0.998034,0.020903,0.059079,-0.023202,-0.998989,-0.038498,0.058215,-0.039793,0.997511,0,0.78416,-1.00000,47.050,-2.000,-1,400.000,925.000,425.000,-1,325.000,325.000,325.000,325.000,-1,-1,975.000,-1,800.000,825.000,925.000,950.000,2,0,1,0,2,0,0,0,0,2,2,1,2,1,1,1,1
10,-1952.413,2266.420,-215.054,-180.637,-0.998251,-0.011106,0.058060,0.009004,-0.999299,-0.036350,0.058423,-0.035763,0.997651,0,0.86416,-0.91772,51.850,-1.835,975.000,400.000,850.000,425.000,-1,325.000,325.000,325.000,325.000,-1,-1,-1,-1,750.000,775.000,850.000,900.000,1,0,1,0,2,0,0,0,0,2,2,2,2,1,1,1,1
11,-2008.534,2268.815,-212.291,-182.443,-0.997521,-0.042607,0.056003,0.040682,-0.998556,-0.035079,0.057417,-0.032713,0.997814,0,0.93619,-0.90324,56.172,-1.806,875.000,400.000,800.000,425.000,-1,325.000,325.000,300.000,325.000,-1,-1,-1,-1,700.000,725.000,775.000,850.000,1,0,1,0,2,0,0,0,0,2,2,2,2,1,1,1,1
12,-2065.502,2273.017,-209.720,-184.218,-0.995874,-0.073518,0.053205,0.071806,-0.996859,-0.033413,0.055494,-0.029454,0.998024,0,0.95206,-0.88734,57.123,-1.775,775.000,400.000,750.000,425.000,975.000,325.000,325.000,300.000,325.000,-1,-1,-1,-1,650.000,700.000,700.000,800.000,1,0,1,0,1,0,0,0,0,2,2,2,2,1,1,1,1
13,-2123.260,2279.047,-207.058,-185.959,-0.993323,-0.103789,0.050364,0.102294,-0.994258,-0.031424,0.053337,-0.026063,0.998236,0,0.96787,-0.87077,58.072,-1.742,700.000,400.000,675.000,425.000,925.000,325.000,325.000,300.000,325.000,-1,-1,-1,-1,575.000,650.000,650.000,750.000,1,0,1,0,1,0,0,0,0,2,2,2,2,1,1,1,1
14,-2181.748,2286.921,-204.316,-187.666,-0.989927,-0.133372,0.047510,0.132094,-0.990809,-0.029119,0.050957,-0.022550,0.998446,0,0.98358,-0.85351,59.015,-1.707,600.000,400.000,625.000,425.000,875.000,325.000,325.000,300.000,325.000,-1,-1,-1,-1,525.000,600.000,575.000,700.000,1,0,1,0,1,0,0,0,0,2,2,2,2,1,1,1,1
15,-2240.902,2296.648,-201.509,-189.338,-0.985743,-0.162221,0.044670,0.161156,-0.986573,-0.026505,0.048370,-0.018929,0.998650,0,0.99915,-0.83552,59.949,-1.671,525.000,400.000,575.000,425.000,825.000,325.000,325.000,300.000,300.000,-1,-1,-1,-1,475.000,550.000,500.000,650.000,1,0,1,0,1,0,0,0,0,2,2,2,2,1,1,1,1
16,-2299.805,2308.067,-198.687,-190.971,-0.980833,-0.190290,0.041910,0.189430,-0.981610,-0.023635,0.045637,-0.015243,0.998842,0,1.00000,-0.81673,60.000,-1.633,450.000,375.000,500.000,425.000,775.000,325.000,325.000,300.000,300.000,-1,-1,-1,-1,400.000,500.000,425.000,600.000,1,1,1,0,1,0,0,0,0,2,2,2,2,1,1,1,1
17,-2358.368,2321.121,-195.866,-192.566,-0.975261,-0.217544,0.039255,0.216878,-0.975983,-0.020529,0.042778,-0.011507,0.999018,0,1.00000,-0.79734,60.000,-1.595,375.000,325.000,450.000,400.000,700.000,300.000,325.000,300.000,300.000,-1,-1,-1,-1,350.000,450.000,350.000,550.000,1,1,1,1,1,1,0,0,0,2,2,2,2,1,1,1,1
18,-2416.554,2335.758,-193.056,-194.120,-0.969092,-0.243951,0.036725,0.243466,-0.969757,-0.017207,0.039812,-0.007734,0.999177,0,1.00000,-0.77730,60.000,-1.555,300.000,275.000,400.000,350.000,650.000,275.000,300.000,300.000,300.000,-1,-1,-1,-1,300.000,400.000,300.000,500.000,1,1,1,1,1,1,1,0,0,2,2,2,2,1,1,1,1
19,-2474.334,2351.927,-190.268,-195.633,-0.962394,-0.269479,0.034336,0.269160,-0.962998,-0.013689,0.036754,-0.003933,0.999317,0,1.00000,-0.75657,60.000,-1.513,250.000,225.000,350.000,300.000,575.000,225.000,250.000,325.000,300.000,-1,-1,-1,-1,250.000,350.000,225.000,450.000,1,1,1,1,1,1,1,0,0,2,2,2,2,1,1,1,1
20,-2529.601,2368.725,-187.668,-196.907,-0.956237,-0.290811,0.032256,0.290626,-0.956780,-0.010409,0.033889,-0.000579,0.999425,0,0.96272,-0.63657,57.763,-1.273,175.000,200.000,275.000,275.000,500.000,200.000,225.000,325.000,300.000,-1,-1,-1,-1,200.000,300.000,175.000,400.000,1,1,1,1,1,1,1,0,0,2,2,2,2,1,1,1,1
21,-2584.831,2386.599,-180.011,-197.940,-0.949803,-0.307930,0.055267,0.308757,-0.951116,0.006909,0.050438,0.023626,0.998448,0,0.96748,-0.51657,58.049,-1.033,150.000,175.000,250.000,225.000,450.000,150.000,200.000,375.000,300.000,-1,-1,-1,-1,175.000,275.000,125.000,350.000,1,1,1,1,1,1,1,0,0,2,2,2,2,1,1,1,1
22,-2640.073,2405.283,-165.447,-198.733,-0.941015,-0.320212,0.109340,0.326362,-0.944245,0.043462,0.089327,0.076583,0.993054,0,0.97182,-0.39657,58.309,-0.793,125.000,150.000,250.000,225.000,400.000,150.000,175.000,550.000,250.000,-1,-1,25.000,650.000,175.000,250.000,125.000,325.000,1,1,1,1,1,1,1,0,0,2,2,0,0,1,1,1,1
23,-2695.374,2424.534,-151.122,-199.286,-0.930548,-0.327475,0.163828,0.343320,-0.935858,0.079386,0.127323,0.130118,0.983289,0,0.97574,-0.27657,58.544,-0.553,125.000,150.000,250.000,200.000,350.000,150.000,175.000,575.000,250.000,-1,250.000,0.000,300.000,175.000,225.000,125.000,275.000,1,1,1,1,1,1,1,1,0,2,0,0,0,1,1,1,1
24,-6231.342,-2295.762,-10.706,-84.489,0.095056,0.994424,0.045671,-0.995226,0.095953,-0.017854,-0.022137,-0.043756,0.998797,1,0.00000,0.00000,58.752,-0.313,-1,400.000,-1,450.000,-1,325.000,350.000,275.000,300.000,-1,-1,-1,875.000,800.000,-1,-1,-1,2,0,2,0,2,0,0,0,0,2,2,2,1,0,2,2,2
25,-6230.901,-2300.542,-10.819,-84.729,0.090882,0.994820,0.045530,-0.995612,0.091787,-0.018191,-0.022276,-0.043677,0.998797,0,0.08000,-0.12000,4.800,-0.240,-1,400.000,-1,450.000,-1,325.000,350.000,275.000,300.000,1000.000,-1,-1,875.000,800.000,-1,-1,-1,2,0,2,0,2,0,0,0,0,1,2,2,1,0,2,2,2
26,-6230.099,-2310.108,-11.042,-85.209,0.082529,0.995561,0.045240,-0.996333,0.083450,-0.018869,-0.022561,-0.043517,0.998798,0,0.16000,-0.24000,9.600,-0.480,-1,400.000,-1,450.000,-1,325.000,350.000,275.000,300.000,1000.000,-1,-1,900.000,800.000,-1,-1,-1,2,0,2,0,2,0,0,0,0,1,2,2,1,0,2,2,2
27,-6229.076,-2324.472,-11.367,-85.929,0.069988,0.996542,0.044782,-0.997283,0.070934,-0.019895,-0.023002,-0.043268,0.998799,0,0.24000,-0.36000,14.400,-0.720,-1,400.000,-1,450.000,-1,325.000,350.000,300.000,300.000,975.000,-1,-1,925.000,825.000,-1,-1,-1,2,0,2,0,2,0,0,0,0,1,2,2,1,0,2,2,2
28,-6228.034,-2343.644,-11.784,-86.889,0.053250,0.997606,0.044132,-0.998302,0.054229,-0.021276,-0.023618,-0.042924,0.998799,0,0.32000,-0.48000,19.200,-0.960,-1,400.000,-1,450.000,-1,325.000,350.000,300.000,300.000,950.000,-1,-1,975.000,825.000,-1,-1,-1,2,0,2,0,2,0,0,0,0,1,2,2,1,0,2,2,2
29,-6227.234,-2367.631,-12.281,-88.089,0.032307,0.998542,0.043254,-0.999179,0.033325,-0.023024,-0.024432,-0.042474,0.998799,0,0.40000,-0.60000,24.000,-1.200,-1,400.000,-1,450.000,-1,325.000,350.000,300.000,300.000,900.000,-1,-1,-1,825.000,-1,-1,-1,2,0,2,0,2,0,0,0,0,1,2,2,2,0,2,2,2
30,-6226.997,-2396.431,-12.843,-89.529,0.007157,0.999088,0.042105,-0.999650,0.008221,-0.025149,-0.025472,-0.041910,0.998797,0,0.48000,-0.72000,28.800,-1.440,-1,400.000,-1,450.000,-1,325.000,350.000,300.000,300.000,875.000,-1,-1,-1,825.000,-1,-1,-1,2,0,2,0,2,0,0,0,0,1,2,2,2,0,2,2,2
31,-6227.706,-2430.024,-13.456,-91.209,-0.022188,0.998928,0.040634,-0.999395,-0.021073,-0.027660,-0.026774,-0.041224,0.998791,0,0.56000,-0.84000,33.600,-1.680,-1,400.000,-1,450.000,-1,325.000,350.000,300.000,300.000,825.000,-1,-1,-1,825.000,-1,-1,-1,2,0,2,0,2,0,0,0,0,1,2,2,2,0,2,2,2
32,-6229.802,-2468.367,-14.104,-93.129,-0.055700,0.997694,0.038785,-0.998044,-0.054532,-0.030564,-0.028379,-0.040411,0.998780,0,0.64000,-0.96000,38.400,-1.920,-1,400.000,-1,450.000,950.000,325.000,350.000,300.000,300.000,825.000,-1,-1,-1,825.000,-1,-1,-1,2,0,2,0,1,0,0,0,0,1,2,2,2,0,2,2,2
33,-6233.664,-2511.395,-14.773,-95.129,-0.090545,0.995222,0.036534,-0.995427,-0.089321,-0.033864,-0.030439,-0.039433,0.998758,0,0.72000,-1.00000,43.200,-2.000,-1,400.000,-1,450.000,875.000,350.000,350.000,300.000,300.000,825.000,-1,-1,-1,850.000,-1,-1,-1,2,0,2,0,1,0,0,0,0,1,2,2,2,0,2,2,2
34,-6239.622,-2559.024,-15.458,-97.129,-0.125284,0.991543,0.033863,-0.991571,-0.124005,-0.037559,-0.033043,-0.038284,0.998720,0,0.80000,-1.00000,48.000,-2.000,-1,425.000,-1,450.000,800.000,350.000,350.000,300.000,300.000,825.000,-1,-1,-1,850.000,-1,-1,-1,2,0,2,0,1,0,0,0,0,1,2,2,2,0,2,2,2
35,-6247.933,-2610.755,-16.746,-99.129,-0.159922,0.986568,0.033279,-0.986501,-0.158527,-0.041052,-0.035225,-0.039395,0.998603,0,0.87322,-1.00000,52.393,-2.000,-1,425.000,-1,450.000,750.000,350.000,350.000,300.000,300.000,875.000,-1,-1,-1,850.000,-1,-1,-1,2,0,2,0,1,0,0,0,0,1,2,2,2,0,2,2,2
36,-6258.038,-2662.136,-18.518,-101.129,-0.194424,0.980325,0.034084,-0.980203,-0.192839,-0.044888,-0.037433,-0.042136,0.998410,0,0.87276,-1.00000,52.365,-2.000,-1,425.000,-1,450.000,675.000,350.000,350.000,300.000,300.000,900.000,-1,-1,-1,850.000,1000.000,-1,1000.000,2,0,2,0,1,0,0,0,0,1,2,2,2,0,1,2,1
37,-6270.693,-2716.396,-21.147,-103.129,-0.228565,0.972997,0.032152,-0.972747,-0.226934,-0.047579,-0.038998,-0.042150,0.998350,0,0.92858,-1.00000,55.715,-2.000,-1,425.000,-1,450.000,625.000,350.000,350.000,275.000,300.000,975.000,-1,-1,-1,850.000,925.000,-1,875.000,2,0,2,0,1,0,0,0,0,1,2,2,2,0,1,2,1
38,-6285.247,-2770.228,-23.903,-105.129,-0.262423,0.964503,0.029472,-0.964074,-0.260758,-0.050651,-0.041168,-0.041705,0.998281,0,0.92940,-1.00000,55.764,-2.000,-1,425.000,-1,450.000,575.000,350.000,350.000,275.000,300.000,-1,-1,-1,-1,850.000,850.000,-1,775.000,2,0,2,0,1,0,0,0,0,2,2,2,2,0,1,2,1
39,-6301.683,-2823.559,-26.651,-107.129,-0.295958,0.954829,0.026666,-0.954210,-0.294264,-0.053776,-0.043500,-0.041360,0.998197,0,0.93009,-1.00000,55.806,-2.000,-1,425.000,-1,450.000,500.000,350.000,350.000,275.000,300.000,-1,-1,-1,-1,850.000,775.000,-1,675.000,2,0,2,0,1,0,0,0,0,2,2,2,2,0,1,2,1
40,-6319.981,-2876.316,-29.398,-109.129,-0.329130,0.943986,0.023739,-0.943164,-0.327411,-0.056946,-0.045984,-0.041132,0.998095,0,0.93065,-1.00000,55.839,-2.000,-1,425.000,-1,450.000,450.000,350.000,350.000,275.000,300.000,-1,-1,-1,-1,850.000,700.000,-1,600.000,2,0,2,0,1,0,0,0,0,2,2,2,2,0,1,2,1
41,-6340.118,-2928.424,-32.152,-111.129,-0.361897,0.931988,0.020698,-0.930950,-0.360158,-0.060152,-0.048607,-0.041038,0.997975,0,0.93105,-1.00000,55.863,-2.000,-1,425.000,-1,450.000,400.000,350.000,350.000,275.000,275.000,-1,-1,-1,-1,875.000,625.000,-1,525.000,2,0,2,0,1,0,0,0,0,2,2,2,2,0,1,2,1
42,-6362.067,-2979.812,-34.916,-113.129,-0.394217,0.918850,0.017540,-0.917582,-0.392464,-0.063369,-0.051343,-0.041076,0.997836,0,0.93130,-1.00000,55.878,-2.000,-1,425.000,-1,425.000,350.000,350.000,350.000,275.000,275.000,-1,-1,-1,-1,875.000,575.000,-1,450.000,2,0,2,0,1,0,0,0,0,2,2,2,2,0,1,2,1
43,-6385.797,-3030.405,-37.687,-115.129,-0.426049,0.904588,0.014254,-0.903078,-0.424289,-0.066544,-0.054147,-0.041224,0.997682,0,0.93136,-1.00000,55.882,-2.000,-1,425.000,-1,425.000,300.000,350.000,350.000,300.000,275.000,-1,-1,-1,-1,875.000,525.000,-1,375.000,2,0,2,0,1,0,0,0,0,2,2,2,2,0,1,2,1
44,-6411.275,-3080.134,-40.479,-117.129,-0.457355,0.889218,0.010874,-0.887454,-0.455595,-0.069712,-0.057034,-0.041533,0.997508,0,0.93123,-1.00000,55.874,-2.000,-1,425.000,-1,400.000,275.000,350.000,350.000,300.000,275.000,-1,-1,-1,-1,875.000,450.000,-1,325.000,2,0,2,1,1,0,0,0,0,2,2,2,2,0,1,2,1
45,-6438.463,-3128.925,-43.487,-119.129,-0.488131,0.872730,0.008384,-0.870749,-0.486325,-0.072699,-0.059369,-0.042787,0.997319,0,0.93090,-1.00000,55.854,-2.000,-1,425.000,950.000,350.000,225.000,350.000,350.000,300.000,275.000,-1,-1,-1,-1,875.000,400.000,-1,250.000,2,0,1,1,1,0,0,0,1,2,2,2,2,0,1,2,1
46,-6467.319,-3176.710,-46.741,-121.129,-0.518353,0.855139,0.006940,-0.852985,-0.516434,-0.075583,-0.061050,-0.045098,0.997115,0,0.93036,-1.00000,55.821,-2.000,-1,425.000,800.000,300.000,175.000,350.000,350.000,300.000,275.000,-1,-1,-1,-1,875.000,350.000,-1,200.000,2,0,1,1,1,0,0,0,1,2,2,2,2,0,1,2,1
47,-6497.800,-3223.421,-50.038,-123.129,-0.547947,0.836495,0.005468,-0.834153,-0.545898,-0.078638,-0.062795,-0.047650,0.996888,0,0.92958,-1.00000,55.775,-2.000,-1,425.000,675.000,275.000,125.000,350.000,325.000,275.000,250.000,-1,-1,-1,-1,850.000,300.000,-1,150.000,2,0,1,1,1,0,1,0,1,2,2,2,2,0,1,2,1
48,-6528.968,-3268.156,-46.649,-124.889,-0.574165,0.817966,0.035583,-0.817509,-0.570378,-0.079675,-0.044876,-0.074836,0.996186,0,0.90873,-0.88000,54.524,-1.760,-1,475.000,600.000,250.000,125.000,375.000,300.000,275.000,250.000,-1,-1,-1,-1,950.000,275.000,-1,125.000,2,0,1,1,1,0,1,0,1,2,2,2,2,1,1,2,1
49,-6561.237,-3311.976,-41.046,-126.409,-0.595244,0.799897,0.076482,-0.803283,-0.589919,-0.082054,-0.020517,-0.110279,0.993689,0,0.90700,-0.76000,54.420,-1.520,-1,525.000,575.000,225.000,125.000,400.000,275.000,250.000,275.000,-1,-1,-1,-1,875.000,275.000,-1,125.000,2,0,1,1,1,1,1,0,1,2,2,2,2,1,1,2,1
50,-6597.336,-3358.799,-34.196,-127.689,-0.610375,0.782187,0.125003,-0.792072,-0.604293,-0.086330,0.008012,-0.151705,0.988393,0,0.98537,-0.64000,59.122,-1.280,-1,575.000,575.000,225.000,100.000,375.000,250.000,225.000,300.000,475.000,100.000,475.000,-1,850.000,250.000,-1,125.000,2,1,1,1,1,1,1,0,1,0,0,0,2,1,1,2,1
51,-6634.406,-3405.152,-26.782,-128.729,-0.618922,0.765013,0.178021,-0.784445,-0.613516,-0.090791,0.039762,-0.195840,0.979829,0,0.98912,-0.52000,59.347,-1.040,-1,525.000,575.000,225.000,100.000,350.000,250.000,225.000,325.000,275.000,25.000,225.000,-1,850.000,250.000,-1,100.000,2,1,1,1,1,1,1,0,1,0,0,0,2,1,1,2,1
52,-6672.208,-3451.135,-18.432,-129.529,-0.620427,0.747973,0.235811,-0.780838,-0.617207,-0.096683,0.073228,-0.244115,0.966977,0,0.99198,-0.40000,59.519,-0.800,-1,500.000,625.000,225.000,100.000,350.000,250.000,200.000,350.000,175.000,0.000,200.000,-1,-1,275.000,-1,100.000,2,1,1,1,1,1,1,0,1,0,0,0,2,2,1,2,1
53,-6710.498,-3496.853,-9.151,-130.089,-0.614279,0.730615,0.298099,-0.781709,-0.614985,-0.103558,0.107665,-0.296640,0.948901,0,0.99371,-0.28000,59.623,-0.560,-1,500.000,-1,225.000,100.000,350.000,250.000,175.000,375.000,100.000,0.000,175.000,-1,-1,275.000,-1,100.000,2,1,2,1,1,1,1,0,1,0,0,0,2,2,1,2,1
54,-3607.627,-8855.089,-265.182,-127.019,-0.601832,0.798363,-0.020377,-0.796949,-0.602026,-0.049372,-0.051684,-0.013474,0.998573,1,0.00000,0.00000,59.641,-0.320,-1,400.000,-1,400.000,-1,325.000,325.000,300.000,300.000,-1,-1,-1,-1,700.000,725.000,-1,-1,2,0,2,0,2,0,0,0,0,2,2,2,2,0,0,2,2
55,-3610.533,-8858.910,-265.433,-127.259,-0.605174,0.795832,-0.020374,-0.794419,-0.605363,-0.049342,-0.051602,-0.013675,0.998574,0,0.08000,-0.12000,4.800,-0.240,-1,400.000,-1,400.000,-1,325.000,325.000,300.000,300.000,-1,-1,-1,-1,700.000,725.000,-1,-1,2,0,2,0,2,0,0,0,0,2,2,2,2,0,0,2,2
56,-3616.409,-8866.501,-265.932,-127.739,-0.611828,0.790728,-0.020366,-0.789317,-0.612005,-0.049285,-0.051435,-0.014078,0.998577,0,0.16000,-0.24000,9.600,-0.480,-1,400.000,-1,400.000,-1,325.000,325.000,300.000,300.000,-1,-1,-1,-1,700.000,725.000,-1,-1,2,0,2,0,2,0,0,0,0,2,2,2,2,0,0,2,2
57,-3625.365,-8877.777,-266.680,-128.459,-0.621728,0.782969,-0.020352,-0.781559,-0.621888,-0.049199,-0.051178,-0.014682,0.998582,0,0.24000,-0.36000,14.400,-0.720,-1,400.000,-1,400.000,-1,325.000,325.000,300.000,300.000,-1,-1,-1,-1,700.000,725.000,-1,-1,2,0,2,0,2,0,0,0,0,2,2,2,2,0,0,2,2
58,-3637.555,-8892.611,-267.674,-129.413,-0.634689,0.772500,-0.020326,-0.771095,-0.634826,-0.049088,-0.050824,-0.015483,0.998588,0,0.32000,-0.47683,19.200,-0.954,-1,400.000,-1,400.000,-1,325.000,325.000,300.000,300.000,-1,-1,-1,-1,700.000,725.000,-1,-1,2,0,2,0,2,0,0,0,0,2,2,2,2,0,0,2,2
59,-3653.099,-8910.897,-268.909,-130.366,-0.647474,0.761818,-0.020280,-0.760417,-0.647587,-0.048957,-0.050429,-0.016277,0.998595,0,0.40000,-0.47683,24.000,-0.954,-1,400.000,-1,400.000,-1,325.000,325.000,300.000,300.000,-1,-1,-1,-1,700.000,725.000,-1,-1,2,0,2,0,2,0,0,0,0,2,2,2,2,0,0,2,2
60,-3672.114,-8932.527,-270.356,-131.320,-0.660073,0.750925,-0.020360,-0.749530,-0.660169,-0.048800,-0.050086,-0.016951,0.998601,0,0.48000,-0.47683,28.800,-0.954,-1,375.000,-1,400.000,-1,325.000,325.000,300.000,300.000,-1,-1,-1,-1,700.000,725.000,-1,-1,2,0,2,0,2,0,0,0,0,2,2,2,2,0,0,2,2
61,-3694.716,-8957.389,-272.011,-132.274,-0.672483,0.739827,-0.020578,-0.738435,-0.672570,-0.048609,-0.049803,-0.017494,0.998606,0,0.56000,-0.47683,33.600,-0.954,-1,375.000,-1,400.000,-1,325.000,325.000,300.000,300.000,-1,-1,-1,-1,700.000,725.000,-1,-1,2,0,2,0,2,0,0,0,0,2,2,2,2,0,0,2,2
62,-3721.016,-8985.369,-273.897,-133.227,-0.684705,0.728524,-0.020803,-0.727138,-0.684784,-0.048390,-0.049499,-0.018006,0.998612,0,0.64000,-0.47683,38.400,-0.954,-1,375.000,-1,400.000,-1,325.000,325.000,300.000,300.000,-1,-1,-1,-1,675.000,700.000,-1,-1,2,0,2,0,2,0,0,0,0,2,2,2,2,0,0,2,2
63,-3751.123,-9016.350,-276.015,-134.181,-0.696736,0.717019,-0.021032,-0.715640,-0.696809,-0.048140,-0.049172,-0.018490,0.998619,0,0.72000,-0.47683,43.200,-0.954,-1,375.000,-1,375.000,-1,325.000,325.000,300.000,300.000,-1,-1,-1,-1,675.000,700.000,-1,-1,2,0,2,0,2,0,0,0,0,2,2,2,2,0,0,2,2
64,-3785.144,-9050.211,-278.362,-135.135,-0.708574,0.705316,-0.021262,-0.703945,-0.708640,-0.047859,-0.048823,-0.018945,0.998628,0,0.80000,-0.47683,48.000,-0.954,-1,375.000,-1,375.000,-1,325.000,325.000,300.000,300.000,-1,-1,-1,-1,675.000,700.000,-1,-1,2,0,2,0,2,0,0,0,0,2,2,2,2,0,0,2,2
65,-3823.015,-9086.671,-280.929,-136.088,-0.720215,0.693418,-0.021488,-0.692057,-0.720275,-0.047547,-0.048447,-0.019373,0.998638,0,0.87615,-0.47683,52.569,-0.954,-1,375.000,-1,375.000,-1,325.000,325.000,300.000,300.000,-1,-1,-1,-1,675.000,700.000,-1,-1,2,0,2,0,2,0,0,0,0,2,2,2,2,0,0,2,2
66,-3861.488,-9122.494,-283.255,-137.042,-0.731646,0.681339,-0.021695,-0.680042,-0.731722,-0.046100,-0.047285,-0.018975,0.998701,0,0.87615,-0.47683,52.569,-0.954,-1,375.000,-1,375.000,-1,325.000,325.000,300.000,300.000,-1,-1,-1,-1,675.000,675.000,-1,-1,2,0,2,0,2,0,0,0,0,2,2,2,2,0,0,2,2
67,-3900.552,-9157.673,-285.295,-137.996,-0.742919,0.669061,-0.020695,-0.667849,-0.742955,-0.044663,-0.045258,-0.019360,0.998788,0,0.87615,-0.47683,52.569,-0.954,-1,375.000,-1,375.000,-1,325.000,325.000,300.000,300.000,-1,-1,-1,-1,675.000,675.000,-1,-1,2,0,2,0,2,0,0,0,0,2,2,2,2,0,0,2,2
68,-3940.195,-9192.196,-287.321,-138.949,-0.753986,0.656598,-0.019606,-0.655469,-0.753982,-0.043253,-0.043182,-0.019761,0.998872,0,0.87615,-0.47683,52.569,-0.954,-1,375.000,-1,375.000,-1,325.000,325.000,300.000,300.000,-1,-1,-1,-1,650.000,675.000,-1,-1,2,0,2,0,2,0,0,0,0,2,2,2,2,0,0,2,2
69,-3980.408,-9226.055,-289.331,-139.903,-0.764844,0.643952,-0.018428,-0.642906,-0.764800,-0.041873,-0.041058,-0.020179,0.998953,0,0.87615,-0.47683,52.569,-0.954,-1,375.000,-1,375.000,-1,300.000,325.000,300.000,300.000,-1,-1,-1,-1,650.000,675.000,-1,-1,2,0,2,0,2,0,0,0,0,2,2,2,2,0,0,2,2
70,-4021.179,-9259.239,-291.290,-140.857,-0.775490,0.631126,-0.017160,-0.630155,-0.775403,-0.040694,-0.038989,-0.020744,0.999024,0,0.87615,-0.47683,52.569,-0.954,-1,375.000,-1,375.000,-1,300.000,325.000,300.000,300.000,-1,-1,-1,-1,650.000,675.000,-1,-1,2,0,2,0,2,0,0,0,0,2,2,2,2,0,0,2,2
71,-4062.497,-9291.741,-293.164,-141.810,-0.785922,0.618123,-0.015824,-0.617213,-0.785786,-0.039864,-0.037075,-0.021564,0.999080,0,0.87615,-0.47683,52.569,-0.954,-1,375.000,-1,375.000,-1,300.000,300.000,300.000,300.000,-1,-1,-1,-1,650.000,675.000,-1,-1,2,0,2,0,2,0,0,0,0,2,2,2,2,0,0,2,2
72,-4104.457,-9323.629,-295.023,-142.767,-0.796167,0.604905,-0.014420,-0.604057,-0.795982,-0.039079,-0.035117,-0.022403,0.999132,0,0.87838,-0.47834,52.703,-0.957,-1,375.000,-1,375.000,-1,300.000,300.000,300.000,300.000,-1,-1,975.000,-1,650.000,650.000,-1,-1,2,0,2,0,2,0,0,0,0,2,2,0,2,0,0,2,2
73,-4147.312,-9355.066,-296.879,-143.739,-0.806340,0.591310,-0.012941,-0.590525,-0.806108,-0.038340,-0.033103,-0.023273,0.999181,0,0.88582,-0.48577,53.149,-0.972,-1,375.000,-1,375.000,-1,300.000,300.000,300.000,300.000,-1,925.000,850.000,-1,650.000,650.000,-1,-1,2,0,2,0,2,0,0,0,0,2,0,0,2,0,0,2,2
74,-4191.142,-9386.064,-298.490,-144.730,-0.816469,0.577279,-0.011310,-0.576598,-0.816218,-0.036379,-0.030232,-0.023181,0.999274,0,0.89472,-0.49557,53.683,-0.991,-1,375.000,-1,375.000,-1,300.000,300.000,300.000,300.000,-1,775.000,725.000,-1,650.000,650.000,-1,-1,2,0,2,0,2,0,0,0,0,2,0,0,2,0,0,2,2
75,-4236.033,-9416.939,-300.021,-145.481,-0.823981,0.566537,-0.009566,-0.565969,-0.823728,-0.033934,-0.027105,-0.022547,0.999378,0,0.90807,-0.37557,54.484,-0.751,-1,375.000,-1,375.000,-1,300.000,300.000,300.000,300.000,-1,650.000,625.000,-1,650.000,625.000,-1,-1,2,0,2,0,2,0,0,0,0,2,0,0,2,0,0,2,2
76,-4281.645,-9447.713,-301.559,-145.992,-0.829012,0.559176,-0.007770,-0.558713,-0.828764,-0.031469,-0.024036,-0.021747,0.999475,0,0.91704,-0.25557,55.022,-0.511,-1,375.000,-1,375.000,975.000,300.000,300.000,300.000,300.000,-1,550.000,525.000,-1,650.000,625.000,-1,-1,2,0,2,0,1,0,0,0,0,2,0,0,2,0,0,2,2
77,-4327.837,-9478.561,-303.006,-146.263,-0.831649,0.555264,-0.006469,-0.554891,-0.831425,-0.028793,-0.021366,-0.020356,0.999564,0,0.92577,-0.13557,55.546,-0.271,-1,375.000,-1,375.000,925.000,300.000,300.000,300.000,300.000,-1,500.000,450.000,-1,650.000,625.000,-1,975.000,2,0,2,0,1,0,0,0,0,2,0,0,2,0,0,2,1
78,-4374.461,-9509.662,-304.341,-146.294,-0.831940,0.554835,-0.005819,-0.554534,-0.831760,-0.025841,-0.019177,-0.018271,0.999649,0,0.93409,-0.01557,56.045,-0.031,-1,375.000,-1,375.000,900.000,300.000,300.000,300.000,300.000,-1,475.000,425.000,-1,650.000,600.000,-1,925.000,2,0,2,0,1,0,0,0,0,2,0,0,2,0,0,2,1
79,-4421.356,-9541.190,-305.426,-146.085,-0.829910,0.557875,-0.004927,-0.557626,-0.829750,-0.023825,-0.017379,-0.017025,0.999704,0,0.94181,0.10443,56.508,0.209,-1,375.000,-1,350.000,850.000,300.000,300.000,300.000,300.000,-1,475.000,425.000,-1,650.000,600.000,-1,875.000,2,0,2,0,1,0,0,0,0,2,0,0,2,0,0,2,1
80,-4468.345,-9573.320,-306.128,-145.637,-0.825525,0.564357,-0.002944,-0.564158,-0.825353,-0.022759,-0.015274,-0.017127,0.999737,0,0.94873,0.22443,56.924,0.449,-1,375.000,-1,350.000,800.000,300.000,300.000,300.000,300.000,-1,475.000,425.000,-1,625.000,600.000,-1,850.000,2,0,2,0,1,0,0,0,0,2,0,0,2,0,0,2,1
81,-4515.234,-9606.216,-306.784,-144.948,-0.818689,0.574237,-0.000765,-0.574088,-0.818505,-0.021707,-0.013091,-0.017332,0.999764,0,0.95463,0.34443,57.278,0.689,-1,375.000,-1,350.000,750.000,300.000,300.000,300.000,300.000,-1,475.000,425.000,-1,625.000,600.000,-1,800.000,2,0,2,0,1,0,0,0,0,2,0,0,2,0,0,2,1
82,-4561.931,-9639.865,-306.829,-144.225,-0.811388,0.584493,0.004187,-0.584437,-0.811158,-0.021335,-0.009074,-0.019758,0.999764,0,0.95929,0.36147,57.557,0.723,-1,375.000,-1,350.000,725.000,300.000,300.000,300.000,300.000,-1,425.000,425.000,-1,625.000,600.000,-1,775.000,2,0,2,0,1,0,0,0,0,2,0,0,2,0,0,2,1
83,-4608.390,-9674.202,-306.871,-143.533,-0.804256,0.594213,0.009126,-0.594262,-0.804003,-0.020785,-0.005013,-0.022139,0.999742,0,0.96284,0.34586,57.771,0.692,-1,375.000,-1,350.000,700.000,300.000,300.000,300.000,300.000,-1,425.000,400.000,-1,625.000,600.000,-1,750.000,2,0,2,0,1,0,0,0,0,2,0,0,2,0,0,2,1
84,-4654.570,-9709.162,-306.908,-142.873,-0.797318,0.603396,0.014043,-0.603559,-0.797066,-0.020068,-0.000916,-0.024476,0.999700,0,0.96535,0.32979,57.921,0.660,-1,375.000,-1,350.000,675.000,300.000,300.000,300.000,300.000,-1,400.000,400.000,-1,625.000,600.000,-1,750.000,2,0,2,0,1,0,0,0,0,2,0,0,2,0,0,2,1
85,-4700.434,-9744.678,-306.816,-142.247,-0.790607,0.612050,0.018308,-0.612318,-0.790382,-0.019044,0.002815,-0.026266,0.999651,0,0.96680,0.31336,58.008,0.627,-1,375.000,-1,350.000,650.000,300.000,300.000,300.000,300.000,-1,400.000,400.000,-1,625.000,625.000,-1,725.000,2,0,2,0,1,0,0,0,0,2,0,0,2,0,1,2,1
86,-4745.946,-9780.681,-306.377,-141.653,-0.784149,0.620196,0.021636,-0.620539,-0.783995,-0.016842,0.006517,-0.026632,0.999624,0,0.96717,0.29665,58.030,0.593,-1,350.000,-1,350.000,625.000,300.000,300.000,300.000,300.000,-1,400.000,400.000,-1,625.000,600.000,-1,750.000,2,0,2,0,1,0,0,0,0,2,0,0,2,0,1,2,1
87,-4791.070,-9817.100,-305.870,-141.093,-0.777949,0.627834,0.024905,-0.628241,-0.777889,-0.014213,0.010449,-0.026703,0.999589,0,0.96647,0.28023,57.988,0.560,-1,350.000,1000.000,350.000,600.000,300.000,300.000,300.000,300.000,-1,400.000,425.000,-1,625.000,625.000,-1,975.000,2,0,1,0,1,0,0,0,0,2,0,0,2,0,1,2,1
88,-4835.771,-9853.873,-305.351,-140.558,-0.771944,0.635069,0.028109,-0.635527,-0.771993,-0.011468,0.014417,-0.026716,0.999539,0,0.96471,0.26747,57.882,0.535,-1,350.000,950.000,350.000,575.000,300.000,300.000,300.000,300.000,-1,400.000,400.000,-1,625.000,600.000,-1,900.000,2,0,1,0,1,0,0,0,0,2,0,0,2,0,1,2,1
89,-4880.014,-9890.933,-304.370,-140.048,-0.766114,0.641947,0.031189,-0.642397,-0.766347,-0.006252,0.019888,-0.024826,0.999494,0,0.96190,0.25503,57.714,0.510,-1,375.000,925.000,375.000,575.000,300.000,300.000,300.000,300.000,-1,400.000,350.000,-1,625.000,600.000,-1,850.000,2,0,1,0,1,0,0,0,0,2,0,0,2,0,1,2,1
90,-4923.767,-9928.219,-303.102,-139.562,-0.760495,0.648444,0.034186,-0.648868,-0.760899,-0.001780,0.024858,-0.023536,0.999414,0,0.95808,0.24295,57.485,0.486,-1,375.000,875.000,375.000,600.000,300.000,300.000,300.000,300.000,-1,325.000,350.000,-1,650.000,575.000,-1,775.000,2,0,1,0,1,0,0,0,0,2,0,0,2,0,1,2,1
91,-4967.001,-9965.669,-301.691,-139.100,-0.755083,0.654578,0.037116,-0.654969,-0.755653,0.002083,0.029411,-0.022737,0.999309,0,0.95330,0.23129,57.198,0.463,-1,375.000,825.000,375.000,675.000,300.000,300.000,300.000,300.000,-1,300.000,325.000,-1,650.000,550.000,-1,725.000,2,0,1,1,1,0,0,0,0,2,0,0,2,0,1,2,1
92,-5009.689,-10003.225,-300.106,-138.659,-0.749877,0.660366,0.040003,-0.660731,-0.750605,0.005184,0.033450,-0.022544,0.999186,0,0.94762,0.22009,56.857,0.440,-1,375.000,800.000,350.000,-1,300.000,300.000,300.000,300.000,-1,275.000,325.000,-1,675.000,525.000,-1,650.000,2,0,1,1,2,0,0,0,0,2,0,0,2,0,1,2,1
93,-5051.811,-10040.833,-298.051,-138.241,-0.744883,0.665812,0.042943,-0.666218,-0.745732,0.006120,0.036098,-0.024051,0.999059,0,0.94113,0.20940,56.468,0.419,-1,375.000,750.000,350.000,900.000,300.000,300.000,300.000,300.000,-1,300.000,325.000,-1,675.000,500.000,-1,600.000,2,0,1,1,1,0,0,0,0,2,0,0,2,0,1,2,1
94,-5093.350,-10078.442,-295.997,-137.842,-0.740077,0.670958,0.045847,-0.671406,-0.741056,0.007088,0.038730,-0.025536,0.998923,0,0.93391,0.19926,56.035,0.399,-1,375.000,700.000,325.000,775.000,300.000,300.000,300.000,300.000,-1,300.000,350.000,-1,675.000,475.000,-1,550.000,2,0,1,1,1,0,1,0,0,2,0,0,2,1,1,2,1
95,-5134.292,-10116.008,-293.944,-137.463,-0.735450,0.675825,0.048713,-0.676316,-0.736567,0.008083,0.041343,-0.027001,0.998780,0,0.92608,0.18974,55.565,0.379,-1,375.000,650.000,325.000,650.000,300.000,300.000,300.000,300.000,-1,300.000,350.000,-1,625.000,425.000,-1,475.000,2,0,1,1,1,0,1,0,0,2,0,0,2,1,1,2,1
96,-5174.626,-10153.496,-291.678,-137.095,-0.730863,0.680498,0.052557,-0.681068,-0.732166,0.008948,0.044569,-0.029255,0.998578,0,0.91774,0.18397,55.065,0.368,-1,375.000,600.000,300.000,550.000,300.000,275.000,300.000,300.000,-1,325.000,375.000,-1,600.000,400.000,-1,425.000,2,0,1,1,1,0,1,0,0,2,0,0,2,1,1,2,1
97,-5214.338,-10190.881,-288.633,-136.730,-0.726046,0.685026,0.059966,-0.685824,-0.727708,0.009326,0.050026,-0.034355,0.998157,0,0.90900,0.18208,54.540,0.364,-1,375.000,550.000,275.000,500.000,300.000,250.000,300.000,300.000,-1,300.000,350.000,-1,575.000,375.000,-1,375.000,2,0,1,1,1,1,1,0,1,2,0,0,2,1,1,2,1
98,-5257.114,-10232.009,-284.408,-136.126,-0.718034,0.692466,0.070126,-0.693658,-0.720240,0.009572,0.057136,-0.041771,0.997492,0,0.98900,0.30208,59.340,0.604,-1,375.000,525.000,275.000,425.000,275.000,250.000,300.000,300.000,-1,275.000,350.000,-1,550.000,350.000,-1,350.000,2,1,1,1,1,1,1,0,1,2,0,0,2,1,1,2,1
99,-5299.912,-10274.063,-279.397,-135.506,-0.709327,0.699888,0.083737,-0.701747,-0.712362,0.009619,0.066384,-0.051939,0.996441,0,1.00000,0.31014,60.000,0.620,-1,350.000,500.000,250.000,375.000,275.000,225.000,300.000,300.000,925.000,275.000,350.000,-1,550.000,325.000,-1,300.000,2,1,1,1,1,1,1,0,1,0,0,0,2,1,1,2,1
100,-5342.255,-10316.575,-273.576,-134.891,-0.700082,0.706982,0.100306,-0.709851,-0.704286,0.009612,0.077440,-0.064474,0.994910,0,1.00000,0.30775,60.000,0.615,-1,350.000,575.000,250.000,350.000,250.000,225.000,275.000,300.000,800.000,250.000,325.000,-1,550.000,300.000,-1,275.000,2,1,1,1,1,1,1,0,1,0,0,0,2,1,1,2,1
101,-5380.952,-10355.942,-267.179,-134.515,-0.693555,0.710987,0.116099,-0.715005,-0.699053,0.009668,0.088034,-0.076306,0.993191,0,0.92000,0.18775,55.200,0.375,-1,325.000,-1,225.000,300.000,250.000,200.000,275.000,325.000,700.000,200.000,275.000,-1,575.000,300.000,-1,250.000,2,1,2,1,1,1,1,0,1,0,0,0,2,1,1,2,1
102,-5416.199,-10391.972,-260.852,-134.380,-0.689632,0.711907,0.132648,-0.717345,-0.696654,0.009416,0.099113,-0.088661,0.991118,0,0.84000,0.06775,50.400,0.135,-1,325.000,-1,225.000,275.000,225.000,200.000,275.000,350.000,600.000,175.000,250.000,-1,650.000,275.000,-1,225.000,2,1,2,1,1,1,1,0,1,0,0,0,2,1,1,2,1
103,-5448.147,-10424.513,-254.718,-134.484,-0.688417,0.709812,0.149161,-0.716877,-0.697143,0.008923,0.110320,-0.100787,0.988773,0,0.76000,-0.05225,45.600,-0.105,-1,325.000,-1,200.000,275.000,225.000,175.000,275.000,375.000,525.000,150.000,250.000,-1,975.000,250.000,-1,225.000,2,1,2,1,1,1,1,0,1,0,0,0,2,0,1,2,1
104,-5476.895,-10453.470,-248.945,-134.804,-0.689716,0.705029,0.165005,-0.713873,-0.700230,0.007953,0.121148,-0.112307,0.986261,0,0.68000,-0.16013,40.800,-0.320,-1,325.000,-1,200.000,250.000,225.000,175.000,250.000,425.000,475.000,100.000,225.000,-1,-1,250.000,-1,200.000,2,1,2,1,1,1,1,0,1,0,0,0,2,2,1,2,1
105,4919.469,-328.021,-603.927,166.827,-0.968213,-0.227140,-0.104738,0.233965,-0.970507,-0.058110,-0.088449,-0.080768,0.992801,1,0.00000,0.00000,40.854,-0.320,250.000,300.000,-1,350.000,800.000,275.000,275.000,225.000,300.000,-1,-1,-1,175.000,450.000,550.000,300.000,775.000,0,0,2,0,0,0,0,0,1,2,2,2,1,0,0,0,0
106,4914.800,-326.906,-604.361,166.587,-0.967387,-0.231219,-0.103442,0.237866,-0.969613,-0.057186,-0.087076,-0.079926,0.992990,0,0.08000,-0.12000,4.800,-0.240,250.000,300.000,-1,350.000,800.000,275.000,275.000,225.000,300.000,-1,-1,-1,175.000,450.000,550.000,325.000,775.000,0,0,2,0,0,0,0,0,1,2,2,2,1,0,0,0,0
107,4905.481,-324.599,-605.219,166.107,-0.965674,-0.239365,-0.100884,0.245674,-0.967767,-0.055423,-0.084366,-0.078305,0.993353,0,0.16000,-0.24000,9.600,-0.480,275.000,300.000,-1,350.000,800.000,275.000,275.000,225.000,300.000,-1,-1,-1,175.000,450.000,550.000,325.000,775.000,0,0,2,0,0,0,0,0,1,2,2,2,1,0,0,0,0
108,4891.548,-320.963,-606.479,165.387,-0.962959,-0.251552,-0.097119,0.257390,-0.964854,-0.052979,-0.080379,-0.076014,0.993862,0,0.24000,-0.36000,14.400,-0.720,275.000,325.000,-1,350.000,800.000,275.000,300.000,225.000,325.000,-1,-1,-1,175.000,450.000,550.000,350.000,775.000,0,0,2,0,0,0,0,0,1,2,2,2,1,0,0,0,0
109,4873.054,-315.804,-608.120,164.427,-0.959068,-0.267739,-0.092224,0.273011,-0.960707,-0.050067,-0.075196,-0.073196,0.994479,0,0.32000,-0.48000,19.200,-0.960,300.000,325.000,-1,350.000,800.000,275.000,300.000,225.000,325.000,-1,-1,-1,175.000,475.000,550.000,350.000,775.000,0,0,2,0,0,0,0,0,1,2,2,2,1,0,0,0,0
110,4850.057,-308.941,-610.005,163.395,-0.954597,-0.285073,-0.086479,0.289760,-0.955927,-0.047357,-0.069168,-0.070265,0.995127,0,0.40000,-0.51642,24.000,-1.033,325.000,325.000,-1,350.000,775.000,275.000,300.000,225.000,325.000,-1,-1,-1,175.000,475.000,550.000,375.000,750.000,0,0,2,0,0,0,0,0,1,2,2,2,1,0,0,0,0
111,4822.612,-300.213,-612.094,162.366,-0.949869,-0.302251,-0.079957,0.306360,-0.950846,-0.045113,-0.062392,-0.067347,0.995777,0,0.48000,-0.51440,28.800,-1.029,325.000,325.000,-1,350.000,775.000,275.000,300.000,225.000,350.000,-1,-1,-1,200.000,475.000,575.000,400.000,750.000,0,0,2,0,0,0,0,0,1,2,2,2,1,0,0,0,0
112,4790.779,-289.459,-614.430,161.342,-0.944889,-0.319258,-0.072528,0.322782,-0.945482,-0.043302,-0.054749,-0.064326,0.996426,0,0.56000,-0.51194,33.600,-1.024,350.000,325.000,-1,350.000,775.000,275.000,300.000,225.000,375.000,-1,-1,-1,200.000,475.000,575.000,425.000,750.000,0,0,2,0,0,0,0,0,1,2,2,2,1,0,0,0,0
113,4754.623,-276.526,-617.084,160.324,-0.939661,-0.336077,-0.063950,0.338995,-0.939858,-0.041837,-0.046044,-0.060992,0.997076,0,0.64000,-0.50904,38.400,-1.018,375.000,325.000,-1,350.000,775.000,275.000,300.000,225.000,400.000,950.000,-1,-1,200.000,500.000,575.000,450.000,750.000,0,0,2,0,0,0,0,0,1,0,2,2,1,0,0,0,0
114,4714.211,-261.260,-620.132,159.313,-0.934184,-0.352697,-0.053896,0.354964,-0.934003,-0.040476,-0.036063,-0.056943,0.997726,0,0.72000,-0.50565,43.200,-1.011,400.000,325.000,-1,350.000,750.000,275.000,300.000,225.000,400.000,875.000,950.000,-1,225.000,500.000,575.000,475.000,775.000,0,0,2,0,0,0,0,0,0,0,0,2,1,0,0,0,0
115,4669.613,-243.513,-622.885,158.309,-0.928364,-0.369167,-0.043091,0.370685,-0.928100,-0.034971,-0.027083,-0.048439,0.998459,0,0.80000,-0.50176,48.000,-1.004,450.000,325.000,-1,350.000,725.000,275.000,300.000,225.000,375.000,875.000,775.000,900.000,225.000,500.000,575.000,550.000,750.000,0,0,2,0,0,0,0,0,0,0,0,0,1,0,0,0,0
116,4624.739,-224.746,-625.562,157.314,-0.922296,-0.385409,-0.028814,0.386165,-0.921999,-0.028170,-0.015710,-0.037108,0.999188,0,0.81066,-0.49731,48.640,-0.995,550.000,325.000,-1,350.000,700.000,275.000,300.000,250.000,350.000,850.000,600.000,725.000,225.000,525.000,575.000,650.000,725.000,0,0,2,0,0,0,0,0,0,0,0,0,1,0,0,0,0
117,4580.193,-205.212,-628.411,156.329,-0.915837,-0.401369,-0.012089,0.401542,-0.915605,-0.020783,-0.002727,-0.023888,0.999711,0,0.81069,-0.49267,48.642,-0.985,650.000,350.000,-1,350.000,650.000,275.000,300.000,250.000,325.000,850.000,450.000,525.000,250.000,550.000,575.000,675.000,725.000,1,0,2,0,0,0,0,0,0,0,0,0,1,0,0,1,0
118,4535.964,-184.914,-631.179,155.353,-0.908860,-0.417012,0.008634,0.416901,-0.908871,-0.012151,0.012914,-0.007444,0.999889,0,0.81106,-0.48793,48.664,-0.976,650.000,350.000,-1,350.000,600.000,300.000,300.000,275.000,275.000,850.000,325.000,375.000,250.000,625.000,575.000,675.000,725.000,1,0,2,0,0,0,0,0,0,0,0,0,1,1,0,1,0
119,4492.045,-163.859,-630.725,154.387,-0.901596,-0.432288,0.015856,0.432160,-0.901731,-0.010942,0.019028,-0.003013,0.999814,0,0.81175,-0.48307,48.705,-0.966,625.000,350.000,-1,350.000,600.000,300.000,300.000,275.000,275.000,875.000,325.000,375.000,275.000,600.000,575.000,650.000,725.000,1,0,2,0,0,0,0,0,0,0,0,0,1,1,0,1,0
120,4448.431,-142.049,-629.290,153.431,-0.894198,-0.447277,0.018787,0.447121,-0.894393,-0.012037,0.022187,-0.002364,0.999751,0,0.81272,-0.47811,48.763,-0.956,600.000,350.000,-1,350.000,575.000,300.000,300.000,275.000,275.000,875.000,375.000,400.000,300.000,600.000,575.000,625.000,700.000,1,0,2,0,0,0,0,0,0,0,0,0,1,1,0,1,0
121,4405.118,-119.487,-627.514,152.485,-0.886617,-0.461983,0.021956,0.461750,-0.886883,-0.015004,0.026404,-0.003165,0.999646,0,0.81395,-0.47305,48.837,-0.946,550.000,375.000,-1,350.000,600.000,300.000,300.000,275.000,275.000,875.000,400.000,425.000,325.000,575.000,575.000,600.000,725.000,1,0,2,0,0,0,0,0,0,0,0,0,1,1,0,1,0
122,4362.101,-96.178,-625.723,151.549,-0.878871,-0.476404,0.025001,0.476070,-0.879216,-0.018323,0.030711,-0.004201,0.999519,0,0.81543,-0.46790,48.926,-0.936,525.000,375.000,-1,350.000,600.000,300.000,300.000,275.000,275.000,850.000,425.000,450.000,375.000,575.000,575.000,575.000,775.000,1,0,2,0,0,0,0,0,0,0,0,0,1,1,0,1,0
123,4319.377,-72.127,-623.957,150.624,-0.870974,-0.490538,0.027880,0.490083,-0.871403,-0.021794,0.034986,-0.005319,0.999374,0,0.81713,-0.46267,49.028,-0.925,500.000,375.000,-1,350.000,625.000,300.000,300.000,275.000,275.000,850.000,425.000,475.000,400.000,575.000,575.000,550.000,800.000,1,0,2,0,0,0,0,0,0,0,0,0,1,1,0,1,0
124,4276.944,-47.340,-622.213,149.709,-0.862938,-0.504383,0.030592,0.503784,-0.863455,-0.025428,0.039240,-0.006531,0.999208,0,0.81903,-0.45735,49.142,-0.915,450.000,375.000,-1,350.000,650.000,300.000,300.000,275.000,275.000,825.000,425.000,475.000,425.000,575.000,600.000,525.000,875.000,1,0,2,0,0,0,0,0,0,0,0,0,1,1,0,1,0
125,4234.800,-21.821,-619.831,148.805,-0.854768,-0.517925,0.033535,0.517018,-0.855364,-0.032334,0.045431,-0.010299,0.998914,0,0.82113,-0.45195,49.268,-0.904,425.000,375.000,-1,350.000,750.000,325.000,325.000,275.000,275.000,800.000,400.000,500.000,475.000,600.000,600.000,500.000,-1,1,1,2,0,0,0,0,0,0,0,0,0,1,1,0,1,2
126,4188.877,6.718,-617.285,148.141,-0.848603,-0.527773,0.036448,0.526467,-0.849259,-0.039906,0.052015,-0.014676,0.998538,0,0.90113,-0.33195,54.068,-0.664,400.000,375.000,-1,375.000,850.000,325.000,325.000,275.000,275.000,750.000,375.000,500.000,500.000,625.000,625.000,500.000,-1,1,1,2,0,0,0,0,0,0,0,0,0,1,1,0,1,2
127,4139.160,38.135,-614.592,147.711,-0.844507,-0.534093,0.039400,0.532290,-0.845199,-0.048010,0.058943,-0.019573,0.998069,0,0.98018,-0.21520,58.811,-0.430,375.000,375.000,-1,375.000,-1,325.000,325.000,275.000,275.000,725.000,350.000,475.000,550.000,700.000,675.000,500.000,-1,1,1,2,0,2,1,0,0,0,0,0,0,1,1,0,1,2
128,4089.693,69.892,-611.454,147.299,-0.840548,-0.540114,0.041906,0.537936,-0.841297,-0.053337,0.064064,-0.022290,0.997697,0,0.97971,-0.20560,58.782,-0.411,350.000,375.000,-1,375.000,-1,325.000,325.000,275.000,275.000,700.000,350.000,400.000,600.000,775.000,675.000,575.000,-1,1,1,2,0,2,0,0,0,0,0,0,0,1,0,0,1,2
129,4044.354,99.192,-608.016,147.128,-0.838829,-0.542625,0.043858,0.540310,-0.839680,-0.054797,0.066561,-0.022268,0.997534,0,0.89971,-0.08560,53.982,-0.171,325.000,400.000,-1,375.000,-1,325.000,325.000,275.000,275.000,725.000,375.000,400.000,625.000,775.000,700.000,-1,-1,1,1,2,0,2,0,0,0,0,0,0,0,1,0,0,2,2
