timestep,x_cm,y_cm,z_cm,yaw_deg,basis_xx,basis_xy,basis_xz,basis_yx,basis_yy,basis_yz,basis_zx,basis_zy,basis_zz,teleport_flag,throttle_cmd,steering_cmd,cmd_move_cm,cmd_turn_deg,lidar_cm_0,lidar_cm_1,lidar_cm_2,lidar_cm_3,lidar_cm_4,lidar_cm_5,lidar_cm_6,lidar_cm_7,lidar_cm_8,lidar_cm_9,lidar_cm_10,lidar_cm_11,lidar_cm_12,lidar_cm_13,lidar_cm_14,lidar_cm_15,lidar_cm_16,lidar_class_0,lidar_class_1,lidar_class_2,lidar_class_3,lidar_class_4,lidar_class_5,lidar_class_6,lidar_class_7,lidar_class_8,lidar_class_9,lidar_class_10,lidar_class_11,lidar_class_12,lidar_class_13,lidar_class_14,lidar_class_15,lidar_class_16
0,-1643.276,980.549,223.052,-135.831,-0.714330,0.696354,-0.069452,-0.696970,-0.716850,-0.018939,-0.062975,0.034877,0.997406,1,0.08000,-0.12000,4.800,-0.240,-1,400.000,-1,400.000,-1,325.000,325.000,300.000,300.000,-1,-1,-1,-1,775.000,725.000,-1,-1,2,0,2,0,2,0,0,0,0,2,2,2,2,0,0,2,2
1,-1650.218,973.918,222.477,-136.311,-0.720138,0.690336,-0.069554,-0.690932,-0.722671,-0.018976,-0.063364,0.034391,0.997398,0,0.16000,-0.24000,9.600,-0.480,-1,400.000,-1,400.000,-1,325.000,325.000,300.000,300.000,-1,-1,-1,-1,775.000,725.000,-1,-1,2,0,2,0,2,0,0,0,0,2,2,2,2,0,0,2,2
2,-1660.755,964.103,221.609,-137.031,-0.728755,0.681218,-0.069703,-0.681783,-0.731307,-0.019025,-0.063934,0.033658,0.997386,0,0.24000,-0.36000,14.400,-0.720,-1,400.000,-1,400.000,-1,325.000,325.000,300.000,300.000,-1,-1,-1,-1,775.000,725.000,-1,-1,2,0,2,0,2,0,0,0,0,2,2,2,2,0,0,2,2
3,-1675.021,951.253,220.386,-137.991,-0.740089,0.668896,-0.069621,-0.669410,-0.742647,-0.019121,-0.064494,0.032453,0.997390,0,0.32000,-0.48000,19.200,-0.960,-1,400.000,-1,400.000,-1,325.000,325.000,300.000,300.000,-1,-1,-1,-1,775.000,725.000,-1,-1,2,0,2,0,2,0,0,0,0,2,2,2,2,0,0,2,2
4,-1693.187,935.569,218.841,-139.191,-0.753965,0.653228,-0.069503,-0.653677,-0.756529,-0.019234,-0.065145,0.030931,0.997396,0,0.40000,-0.60000,24.000,-1.200,-1,400.000,-1,400.000,-1,325.000,325.000,300.000,300.000,-1,-1,-1,-1,775.000,725.000,-1,-1,2,0,2,0,2,0,0,0,0,2,2,2,2,0,0,2,2
5,-1715.443,917.290,216.968,-140.603,-0.769873,0.634417,-0.069360,-0.634790,-0.772442,-0.019357,-0.065856,0.029127,0.997404,0,0.48000,-0.70618,28.800,-1.412,-1,400.000,-1,400.000,-1,325.000,325.000,300.000,300.000,-1,-1,-1,-1,775.000,725.000,-1,-1,2,0,2,0,2,0,0,0,0,2,2,2,2,1,0,2,2
6,-1741.929,896.614,214.760,-142.022,-0.785379,0.615136,-0.069195,-0.615432,-0.787949,-0.019490,-0.066511,0.027277,0.997413,0,0.56000,-0.70913,33.600,-1.418,-1,400.000,-1,375.000,-1,325.000,325.000,300.000,300.000,-1,-1,-1,-1,750.000,725.000,-1,-1,2,0,2,0,2,0,0,0,0,2,2,2,2,1,0,2,2
7,-1772.777,873.746,212.200,-143.449,-0.800497,0.595352,-0.069000,-0.595574,-0.803062,-0.019566,-0.067060,0.025432,0.997425,0,0.64000,-0.71349,38.400,-1.427,-1,400.000,-1,375.000,-1,325.000,325.000,300.000,300.000,-1,-1,-1,-1,700.000,725.000,-1,-1,2,0,2,0,2,0,0,0,0,2,2,2,2,1,0,2,2
8,-1808.116,848.898,209.297,-144.887,-0.815240,0.575025,-0.068766,-0.575172,-0.817797,-0.019641,-0.067530,0.023541,0.997439,0,0.72000,-0.71945,43.200,-1.439,-1,400.000,-1,375.000,-1,325.000,325.000,300.000,300.000,-1,-1,-1,-1,675.000,725.000,1000.000,-1,2,0,2,0,2,0,0,0,0,2,2,2,2,1,0,1,2
9,-1848.069,822.295,206.047,-146.342,-0.829620,0.554112,-0.068485,-0.554183,-0.832162,-0.019712,-0.067913,0.021600,0.997457,0,0.80000,-0.72704,48.000,-1.454,-1,400.000,-1,375.000,-1,325.000,325.000,300.000,300.000,-1,-1,-1,-1,650.000,725.000,900.000,-1,2,1,2,0,2,0,0,0,0,2,2,2,2,1,0,1,2
10,-1892.754,794.169,202.455,-147.812,-0.843625,0.532594,-0.068122,-0.532587,-0.846144,-0.019788,-0.068180,0.019588,0.997481,0,0.88000,-0.73533,52.800,-1.471,-1,375.000,-1,375.000,-1,325.000,325.000,300.000,300.000,-1,-1,-1,-1,625.000,725.000,825.000,-1,2,1,2,0,2,0,0,0,0,2,2,2,2,1,0,1,2
11,-1940.066,766.075,198.792,-149.298,-0.857247,0.510493,-0.067259,-0.510388,-0.859711,-0.020030,-0.068049,0.017157,0.997534,0,0.91707,-0.74308,55.024,-1.486,-1,375.000,-1,375.000,-1,325.000,325.000,300.000,300.000,-1,-1,-1,-1,600.000,725.000,750.000,-1,2,1,2,0,2,0,0,0,0,2,2,2,2,1,0,1,2
12,-1988.031,739.269,195.115,-150.800,-0.870426,0.487805,-0.066371,-0.487604,-0.872829,-0.020294,-0.067830,0.014699,0.997589,0,0.91579,-0.75091,54.948,-1.502,800.000,375.000,-1,375.000,-1,325.000,325.000,300.000,300.000,-1,-1,-1,-1,575.000,725.000,675.000,-1,1,1,2,0,2,0,0,0,0,2,2,2,2,1,0,1,2
13,-2036.605,713.786,191.419,-152.317,-0.883126,0.464545,-0.065468,-0.464247,-0.885466,-0.020619,-0.067548,0.012184,0.997642,0,0.91421,-0.75844,54.853,-1.517,700.000,375.000,-1,375.000,-1,325.000,325.000,300.000,300.000,-1,-1,-1,-1,550.000,725.000,625.000,-1,1,1,2,0,2,0,0,0,1,2,2,2,2,1,0,1,2
14,-2088.680,687.929,187.516,-153.594,-0.893329,0.444708,-0.064788,-0.444325,-0.895619,-0.020999,-0.067364,0.010028,0.997678,0,0.96902,-0.63844,58.141,-1.277,600.000,350.000,-1,375.000,-1,325.000,325.000,300.000,300.000,-1,-1,-1,-1,525.000,725.000,550.000,-1,1,1,2,0,2,0,0,0,1,2,2,2,2,1,0,1,2
15,-2140.997,663.121,183.809,-154.631,-0.901303,0.428433,-0.064019,-0.428035,-0.903530,-0.020499,-0.066625,0.008926,0.997738,0,0.96502,-0.51844,57.901,-1.037,525.000,350.000,-1,375.000,-1,325.000,325.000,300.000,300.000,-1,-1,-1,-1,500.000,725.000,500.000,-1,1,1,2,0,2,0,0,0,1,2,2,2,2,1,0,1,2
16,-2193.344,639.185,180.547,-155.428,-0.907281,0.415821,-0.062722,-0.415555,-0.909393,-0.017849,-0.064460,0.009871,0.997871,0,0.95933,-0.39844,57.560,-0.797,475.000,350.000,-1,400.000,-1,325.000,325.000,325.000,300.000,-1,-1,-1,-1,475.000,725.000,450.000,-1,1,1,2,0,2,1,0,0,1,2,2,2,2,1,0,1,2
17,-2248.150,614.767,177.387,-155.985,-0.911414,0.406951,-0.060944,-0.406913,-0.913366,-0.013605,-0.061201,0.012399,0.998048,0,1.00000,-0.27844,60.000,-0.557,425.000,325.000,-1,400.000,-1,325.000,325.000,325.000,300.000,-1,-1,-1,-1,475.000,725.000,425.000,-1,1,1,2,0,2,1,0,0,1,2,2,2,2,1,0,1,2
18,-2303.089,590.651,174.486,-156.301,-0.913810,0.401871,-0.058754,-0.402127,-0.915550,-0.007917,-0.056974,0.016391,0.998241,0,1.00000,-0.15844,60.000,-0.317,400.000,325.000,-1,400.000,-1,300.000,325.000,325.000,300.000,-1,700.000,650.000,-1,450.000,750.000,400.000,-1,1,1,2,0,2,1,0,0,1,2,0,0,2,1,0,1,2
19,-2358.061,566.609,171.873,-156.378,-0.914527,0.400601,-0.056217,-0.401191,-0.915994,-0.000858,-0.051838,0.021769,0.998418,0,1.00000,-0.03844,60.000,-0.077,350.000,325.000,-1,400.000,-1,300.000,350.000,350.000,300.000,-1,550.000,475.000,-1,425.000,775.000,350.000,-1,1,1,2,0,2,1,0,0,1,2,0,0,2,1,0,1,2
20,-2412.964,542.410,169.557,-156.215,-0.913580,0.403138,-0.053401,-0.404076,-0.914694,0.007633,-0.045768,0.028552,0.998544,0,1.00000,0.08156,60.000,0.163,325.000,300.000,-1,425.000,975.000,300.000,350.000,375.000,300.000,-1,475.000,350.000,-1,425.000,800.000,325.000,1000.000,1,1,2,0,1,1,0,0,1,2,0,0,2,1,0,1,1
21,-2467.694,517.823,167.547,-155.812,-0.910937,0.409453,-0.050408,-0.410722,-0.911590,0.017638,-0.038730,0.036771,0.998573,0,1.00000,0.20156,60.000,0.403,300.000,300.000,-1,425.000,925.000,300.000,350.000,400.000,300.000,-1,400.000,275.000,-1,425.000,825.000,300.000,950.000,1,1,2,0,1,1,1,0,0,2,0,0,2,1,0,1,1
22,-2522.145,492.622,165.949,-155.169,-0.906514,0.419496,-0.047483,-0.421039,-0.906584,0.028828,-0.030954,0.046125,0.998456,0,1.00000,0.32156,60.000,0.643,275.000,300.000,-1,450.000,875.000,275.000,350.000,425.000,275.000,-1,350.000,225.000,-1,425.000,800.000,300.000,925.000,1,1,2,0,1,1,1,0,0,2,0,0,2,1,1,1,1
23,-2576.199,466.584,164.828,-154.286,-0.900212,0.433189,-0.044329,-0.434896,-0.899533,0.041298,-0.021986,0.056455,0.998163,0,1.00000,0.44156,60.000,0.883,275.000,300.000,-1,450.000,825.000,275.000,350.000,425.000,275.000,-1,300.000,175.000,-1,425.000,775.000,275.000,875.000,1,1,2,0,1,1,1,1,0,2,0,0,2,1,1,1,1
24,-2629.731,439.487,164.162,-153.163,-0.891876,0.450416,-0.041032,-0.452132,-0.890233,0.055333,-0.011606,0.067902,0.997625,0,1.00000,0.56156,60.000,1.123,250.000,300.000,-1,475.000,800.000,275.000,325.000,425.000,275.000,-1,275.000,150.000,850.000,425.000,750.000,250.000,850.000,1,1,2,1,1,1,1,1,0,2,0,0,0,1,1,1,1
25,-2682.213,411.331,163.820,-151.800,-0.881290,0.471008,-0.038459,-0.472575,-0.878413,0.071150,-0.000270,0.080878,0.996724,0,0.99264,0.68156,59.559,1.363,225.000,300.000,-1,450.000,750.000,275.000,325.000,450.000,275.000,-1,250.000,100.000,550.000,450.000,700.000,225.000,825.000,1,1,2,1,1,1,1,1,0,2,0,0,1,1,1,1,1
26,-2733.424,381.976,163.882,-150.197,-0.868234,0.494746,-0.037370,-0.496018,-0.863754,0.088854,0.011682,0.095683,0.995343,0,0.98381,0.80156,59.028,1.603,225.000,300.000,-1,425.000,700.000,275.000,325.000,450.000,250.000,-1,225.000,75.000,450.000,450.000,675.000,225.000,775.000,1,1,2,1,1,1,1,1,0,2,0,0,1,1,1,1,1
27,7543.178,-3607.622,191.762,84.092,0.105194,-0.991783,0.072809,0.993986,0.102624,-0.038200,0.030414,0.076389,0.996614,1,0.00000,0.00000,58.507,1.688,300.000,375.000,-1,450.000,900.000,375.000,375.000,325.000,275.000,-1,475.000,200.000,-1,500.000,700.000,400.000,-1,1,1,2,1,1,1,0,1,0,2,0,0,2,1,1,1,2
28,7543.652,-3602.845,191.903,84.332,0.101093,-0.992159,0.073496,0.994393,0.098464,-0.038562,0.031022,0.076982,0.996550,0,0.08000,0.12000,4.800,0.240,300.000,375.000,-1,450.000,900.000,375.000,375.000,325.000,275.000,-1,450.000,200.000,-1,500.000,700.000,400.000,-1,1,1,2,1,1,1,1,1,0,2,0,0,2,1,1,1,2
29,7544.518,-3593.285,192.192,84.812,0.092889,-0.992855,0.074901,0.995154,0.090140,-0.039287,0.032255,0.078187,0.996417,0,0.16000,0.24000,9.600,0.480,300.000,375.000,-1,450.000,900.000,375.000,375.000,325.000,275.000,-1,400.000,200.000,-1,500.000,700.000,375.000,-1,1,1,2,1,1,1,1,1,0,2,0,0,2,1,1,1,2
30,7545.637,-3578.929,192.645,85.532,0.080583,-0.993763,0.077080,0.996163,0.077646,-0.040378,0.034141,0.080038,0.996207,0,0.24000,0.36000,14.400,0.720,275.000,375.000,-1,425.000,900.000,375.000,375.000,325.000,275.000,-1,375.000,200.000,-1,500.000,675.000,375.000,-1,1,1,2,1,1,1,1,1,0,2,0,0,2,1,1,1,2
31,7546.809,-3559.765,193.284,86.492,0.064177,-0.994717,0.080122,0.997263,0.060972,-0.041831,0.036724,0.082587,0.995907,0,0.32000,0.48000,19.200,0.960,275.000,350.000,-1,425.000,900.000,350.000,375.000,325.000,275.000,-1,350.000,175.000,-1,475.000,675.000,350.000,-1,1,1,2,1,1,1,1,1,0,2,0,0,2,1,1,1,2
32,7547.770,-3535.785,194.141,87.692,0.043684,-0.995495,0.084153,0.998242,0.040116,-0.043639,0.040066,0.085912,0.995497,0,0.40000,0.60000,24.000,1.200,275.000,350.000,925.000,425.000,925.000,350.000,375.000,325.000,275.000,-1,350.000,175.000,-1,475.000,650.000,350.000,-1,1,1,1,1,1,1,1,1,0,2,0,0,2,1,1,1,2
33,7548.200,-3506.989,195.254,89.132,0.019130,-0.995817,0.089342,0.998837,0.015080,-0.045787,0.044248,0.090114,0.994948,0,0.48000,0.72000,28.800,1.440,250.000,350.000,875.000,400.000,950.000,325.000,350.000,325.000,275.000,-1,325.000,150.000,-1,450.000,625.000,325.000,-1,1,1,1,1,1,1,1,1,0,2,0,0,2,1,1,1,2
34,7547.832,-3473.392,196.634,90.614,-0.006011,-0.995402,0.095597,0.998774,-0.010673,-0.048332,0.049130,0.095190,0.994246,0,0.56000,0.74096,33.600,1.482,250.000,325.000,825.000,400.000,975.000,325.000,350.000,325.000,275.000,-1,300.000,125.000,-1,450.000,600.000,300.000,-1,1,1,1,1,1,1,1,1,0,2,0,0,2,1,1,1,2
35,7546.414,-3435.019,198.317,92.103,-0.031068,-0.994191,0.103052,0.998016,-0.036505,-0.051305,0.054768,0.101254,0.993352,0,0.64000,0.74428,38.400,1.489,250.000,325.000,775.000,375.000,-1,300.000,325.000,300.000,275.000,-1,275.000,125.000,875.000,425.000,550.000,300.000,-1,1,1,1,1,2,1,1,1,0,2,0,0,0,1,1,1,2
36,7543.876,-3391.895,200.296,93.351,-0.051721,-0.992421,0.111474,0.996799,-0.058116,-0.054899,0.060962,0.108278,0.992250,0,0.72000,0.62428,43.200,1.249,225.000,300.000,750.000,350.000,-1,300.000,325.000,300.000,250.000,-1,250.000,100.000,750.000,425.000,525.000,275.000,-1,1,1,1,1,2,1,1,1,0,2,0,0,0,1,1,1,2
37,7540.212,-3344.035,202.591,94.360,-0.067928,-0.990332,0.120949,0.995386,-0.075506,-0.059212,0.067772,0.116369,0.990891,0,0.80000,0.50428,48.000,1.009,225.000,300.000,725.000,350.000,-1,275.000,300.000,300.000,250.000,-1,250.000,75.000,625.000,400.000,500.000,250.000,-1,1,1,1,1,2,1,1,1,0,2,0,0,0,1,1,1,2
38,3607.628,-9511.016,146.528,50.769,0.632111,-0.774598,-0.020822,0.774309,0.632448,-0.021324,0.029686,-0.002644,0.999556,1,0.00000,0.00000,52.800,0.960,-1,300.000,-1,300.000,-1,250.000,250.000,300.000,325.000,-1,825.000,750.000,-1,500.000,450.000,-1,625.000,2,1,2,1,2,1,1,0,0,2,0,0,2,1,1,2,1
39,3610.679,-9507.311,146.740,50.529,0.635342,-0.771942,-0.021128,0.771648,0.635687,-0.021481,0.030012,-0.002656,0.999546,0,0.08000,-0.12000,4.800,-0.240,-1,300.000,-1,300.000,-1,250.000,250.000,300.000,325.000,-1,825.000,725.000,-1,500.000,450.000,-1,625.000,2,1,2,1,2,1,1,0,0,2,0,0,2,1,1,2,1
40,3616.844,-9499.951,147.325,50.049,0.641774,-0.766591,-0.021580,0.766260,0.642133,-0.022609,0.031189,-0.002026,0.999511,0,0.16000,-0.24000,9.600,-0.480,-1,300.000,-1,300.000,-1,250.000,250.000,300.000,325.000,-1,800.000,700.000,-1,500.000,450.000,-1,625.000,2,1,2,1,2,1,1,0,0,2,0,0,2,1,1,2,1
41,3626.229,-9489.029,148.227,49.329,0.651336,-0.758462,-0.022289,0.758071,0.651716,-0.024386,0.033022,-0.001014,0.999454,0,0.24000,-0.36000,14.400,-0.720,-1,300.000,-1,300.000,-1,250.000,250.000,300.000,325.000,-1,750.000,675.000,-1,500.000,450.000,-1,650.000,2,1,2,1,2,1,1,0,0,2,0,0,2,1,1,2,1
42,3638.984,-9474.678,149.465,48.369,0.663925,-0.747437,-0.023290,0.746951,0.664333,-0.026944,0.035611,0.000492,0.999366,0,0.32000,-0.48000,19.200,-0.960,-1,300.000,-1,300.000,-1,250.000,250.000,300.000,325.000,-1,675.000,625.000,-1,500.000,450.000,-1,675.000,2,1,2,1,2,1,1,0,0,2,0,0,2,1,1,2,1
43,3655.300,-9457.077,151.064,47.169,0.679398,-0.733358,-0.024596,0.732728,0.679838,-0.030492,0.039083,0.002694,0.999232,0,0.40000,-0.60000,24.000,-1.200,-1,300.000,-1,300.000,-1,250.000,250.000,325.000,350.000,-1,575.000,550.000,-1,500.000,450.000,-1,725.000,2,1,2,1,2,1,1,0,0,2,0,0,2,1,1,2,1
44,3675.404,-9436.455,153.149,45.729,0.697585,-0.716032,-0.025961,0.715194,0.698043,-0.035136,0.043280,0.005943,0.999045,0,0.48000,-0.72000,28.800,-1.440,-1,300.000,-1,300.000,-1,250.000,250.000,325.000,350.000,-1,500.000,450.000,-1,500.000,475.000,-1,775.000,2,1,2,1,2,1,1,0,0,2,0,0,2,1,1,2,1
45,3699.554,-9413.092,155.694,44.049,0.718241,-0.695236,-0.027875,0.694098,0.718711,-0.041022,0.048555,0.010116,0.998769,0,0.56000,-0.84000,33.600,-1.680,-1,300.000,-1,300.000,-1,250.000,250.000,325.000,350.000,-1,425.000,375.000,-1,500.000,500.000,-1,875.000,2,1,2,1,2,1,1,0,0,2,0,0,2,1,1,2,1
46,3727.999,-9387.295,158.739,42.203,0.740206,-0.671684,-0.030597,0.670122,0.740682,-0.048240,0.055065,0.015203,0.998367,0,0.64000,-0.92285,38.400,-1.846,-1,275.000,-1,300.000,-1,250.000,250.000,350.000,350.000,-1,350.000,300.000,-1,500.000,525.000,-1,-1,2,1,2,1,2,1,1,0,0,2,0,0,2,1,1,2,2
47,3760.900,-9359.298,162.334,40.392,0.760964,-0.647876,-0.034509,0.645726,0.761460,-0.056724,0.063028,0.020881,0.997793,0,0.72000,-0.90543,43.200,-1.811,-1,275.000,-1,325.000,-1,250.000,250.000,375.000,350.000,-1,300.000,225.000,-1,525.000,550.000,-1,-1,2,1,2,1,2,1,1,0,0,2,0,0,2,1,1,2,2
48,8199.153,4919.491,80.637,-165.238,-0.966993,0.254801,-0.000414,-0.254800,-0.966984,0.004353,0.000709,0.004315,0.999990,1,0.00000,0.00000,48.000,-1.772,-1,375.000,-1,400.000,-1,325.000,325.000,275.000,350.000,-1,-1,275.000,800.000,750.000,775.000,-1,-1,2,0,2,0,2,0,0,0,0,2,2,1,1,0,0,2,2
49,8194.516,4918.249,80.588,-164.998,-0.965918,0.258849,-0.000195,-0.258847,-0.965907,0.004787,0.001051,0.004674,0.999989,0,0.08000,0.12000,4.800,0.240,-1,375.000,-1,400.000,-1,325.000,325.000,275.000,350.000,-1,-1,275.000,825.000,750.000,775.000,-1,-1,2,0,2,0,2,0,0,0,0,2,2,1,1,0,0,2,2
50,8185.257,4915.715,80.497,-164.696,-0.964541,0.263932,0.000140,-0.263927,-0.964526,0.005649,0.001626,0.005412,0.999984,0,0.16000,0.15089,9.600,0.302,-1,375.000,-1,400.000,-1,325.000,325.000,275.000,350.000,-1,-1,275.000,800.000,750.000,775.000,-1,-1,2,0,2,0,2,0,0,0,0,2,2,1,1,0,0,2,2
51,8171.388,4911.841,80.371,-164.392,-0.963126,0.269052,0.000545,-0.269042,-0.963104,0.006923,0.002388,0.006521,0.999976,0,0.24000,0.15224,14.400,0.304,-1,375.000,-1,400.000,-1,325.000,325.000,275.000,350.000,-1,-1,275.000,800.000,750.000,775.000,-1,-1,2,0,2,0,2,0,0,0,0,2,2,1,1,0,0,2,2
52,8152.924,4906.575,80.216,-164.083,-0.961663,0.274232,0.001004,-0.274213,-0.961631,0.008580,0.003318,0.007975,0.999963,0,0.32000,0.15428,19.200,0.309,-1,375.000,-1,400.000,-1,325.000,325.000,275.000,350.000,-1,-1,275.000,800.000,750.000,775.000,-1,-1,2,0,2,0,2,0,0,0,0,2,2,1,1,0,0,2,2
53,8129.880,4899.867,80.043,-163.769,-0.960146,0.279494,0.001494,-0.279463,-0.960098,0.010578,0.004391,0.009739,0.999943,0,0.40000,0.15702,24.000,0.314,-1,400.000,-1,400.000,-1,325.000,325.000,275.000,325.000,-1,-1,275.000,800.000,775.000,775.000,-1,-1,2,0,2,0,2,0,0,0,0,2,2,1,1,0,0,2,2
54,8102.274,4891.662,79.862,-163.448,-0.958567,0.284861,0.001988,-0.284814,-0.958497,0.012864,0.005570,0.011764,0.999915,0,0.48000,0.16047,28.800,0.321,-1,400.000,-1,400.000,-1,325.000,325.000,300.000,325.000,-1,-1,275.000,800.000,775.000,775.000,-1,-1,2,0,2,0,2,0,0,0,0,2,2,1,1,0,0,2,2
55,8070.122,4881.904,79.688,-163.119,-0.956915,0.290357,0.002456,-0.290288,-0.956816,0.015365,0.006811,0.013990,0.999879,0,0.56000,0.16466,33.600,0.329,-1,400.000,-1,400.000,-1,325.000,325.000,300.000,325.000,-1,-1,300.000,800.000,800.000,775.000,-1,-1,2,0,2,0,2,0,0,0,0,2,2,1,1,0,0,2,2
56,8034.079,4870.733,79.542,-162.780,-0.955182,0.296006,0.002858,-0.295910,-0.955047,0.017954,0.008044,0.016304,0.999835,0,0.62892,0.16958,37.735,0.339,-1,400.000,-1,400.000,-1,325.000,325.000,300.000,325.000,-1,-1,300.000,825.000,800.000,800.000,-1,-1,2,0,2,0,2,0,0,0,0,2,2,1,1,0,0,2,2
57,7997.938,4859.288,79.445,-162.429,-0.953357,0.301828,0.003147,-0.301706,-0.953184,0.020322,0.009134,0.018424,0.999789,0,0.63183,0.17516,37.910,0.350,-1,400.000,-1,400.000,-1,325.000,325.000,300.000,325.000,-1,550.000,325.000,825.000,825.000,800.000,-1,-1,2,0,2,0,2,0,0,0,0,2,1,1,1,0,0,2,2
58,7961.690,4847.557,79.507,-162.068,-0.951436,0.307829,0.003147,-0.307690,-0.951232,0.021986,0.009761,0.019950,0.999753,0,0.63497,0.18081,38.098,0.362,-1,400.000,-1,400.000,-1,325.000,325.000,300.000,300.000,-1,575.000,325.000,850.000,825.000,800.000,-1,-1,2,0,2,0,2,0,0,0,0,2,1,1,1,0,0,2,2
59,7925.329,4835.528,79.965,-161.695,-0.949415,0.314016,0.002451,-0.313891,-0.949207,0.021884,0.009199,0.020008,0.999758,0,0.63832,0.18654,38.299,0.373,-1,400.000,-1,400.000,-1,325.000,325.000,300.000,300.000,-1,600.000,375.000,875.000,850.000,775.000,-1,-1,2,0,2,0,2,0,0,0,0,2,1,1,1,0,0,2,2
60,7888.848,4823.187,80.374,-161.310,-0.947288,0.320380,0.001549,-0.320271,-0.947073,0.021888,0.008479,0.020238,0.999759,0,0.64187,0.19233,38.512,0.385,-1,400.000,-1,400.000,-1,325.000,325.000,300.000,300.000,-1,650.000,425.000,925.000,850.000,775.000,-1,-1,2,0,2,0,2,0,0,0,0,2,1,1,1,0,0,2,2
61,7852.242,4810.521,80.784,-160.914,-0.945051,0.326923,0.000641,-0.326832,-0.944830,0.021862,0.007753,0.020451,0.999761,0,0.64559,0.19820,38.735,0.396,-1,400.000,-1,400.000,-1,325.000,325.000,300.000,300.000,-1,700.000,475.000,950.000,850.000,775.000,-1,-1,2,0,2,0,2,0,0,0,0,2,1,1,1,0,0,2,2
62,7815.508,4797.517,81.195,-160.505,-0.942698,0.333646,-0.000272,-0.333572,-0.942472,0.021806,0.007019,0.020647,0.999762,0,0.64948,0.20413,38.969,0.408,-1,400.000,-1,400.000,-1,325.000,325.000,300.000,300.000,-1,725.000,525.000,1000.000,850.000,775.000,-1,-1,2,0,2,0,2,0,0,0,0,2,1,1,1,0,0,2,2
63,7778.641,4784.161,81.418,-160.085,-0.940226,0.340551,-0.000872,-0.340490,-0.940002,0.021523,0.006510,0.020533,0.999768,0,0.65352,0.21014,39.211,0.420,-1,400.000,-1,400.000,-1,325.000,325.000,300.000,300.000,-1,775.000,550.000,-1,850.000,775.000,-1,-1,2,0,2,0,2,0,0,0,0,2,1,1,2,0,0,2,2
64,7741.641,4770.439,81.582,-159.653,-0.937628,0.347638,-0.001350,-0.347588,-0.937411,0.021047,0.006051,0.020203,0.999778,0,0.65771,0.21621,39.462,0.432,-1,400.000,-1,400.000,-1,325.000,325.000,300.000,300.000,-1,800.000,600.000,-1,825.000,750.000,-1,-1,2,0,2,0,2,0,0,0,0,2,1,1,2,0,0,2,2
65,7704.506,4756.339,81.718,-159.208,-0.934900,0.354906,-0.001880,-0.354869,-0.934693,0.020418,0.005489,0.019755,0.999790,0,0.66203,0.22235,39.722,0.445,-1,400.000,-1,400.000,-1,325.000,325.000,300.000,300.000,-1,825.000,650.000,-1,825.000,750.000,-1,-1,2,0,2,0,2,0,0,0,0,2,1,1,2,0,0,2,2
66,7667.236,4741.846,81.850,-158.751,-0.932037,0.362355,-0.002415,-0.362330,-0.931840,0.019767,0.004912,0.019298,0.999802,0,0.66648,0.22855,39.989,0.457,-1,400.000,-1,400.000,-1,325.000,325.000,300.000,300.000,-1,875.000,675.000,-1,825.000,750.000,-1,-1,2,0,2,0,2,0,0,0,0,2,1,1,2,0,0,2,2
67,7629.831,4726.947,81.980,-158.281,-0.929033,0.369984,-0.002957,-0.369971,-0.928847,0.019093,0.004317,0.018832,0.999813,0,0.67106,0.23482,40.263,0.470,-1,400.000,-1,400.000,-1,325.000,325.000,300.000,300.000,-1,900.000,725.000,-1,825.000,750.000,-1,-1,2,0,2,0,2,0,0,0,0,2,1,1,2,0,0,2,2
68,7592.292,4711.627,82.106,-157.799,-0.925883,0.377793,-0.003504,-0.377792,-0.925708,0.018395,0.003706,0.018356,0.999825,0,0.67574,0.24116,40.545,0.482,-1,400.000,-1,400.000,-1,325.000,325.000,300.000,300.000,-1,925.000,775.000,-1,800.000,750.000,-1,-1,2,0,2,0,2,0,0,0,0,2,1,1,2,0,0,2,2
69,7554.621,4695.872,82.228,-157.304,-0.922581,0.385782,-0.004056,-0.385791,-0.922417,0.017673,0.003076,0.017869,0.999836,0,0.68054,0.24756,40.832,0.495,-1,400.000,-1,400.000,-1,325.000,325.000,300.000,300.000,-1,975.000,825.000,-1,800.000,725.000,-1,-1,2,0,2,0,2,0,0,0,0,2,1,1,2,0,0,2,2
70,7512.601,4678.078,82.359,-157.049,-0.920850,0.389889,-0.004670,-0.389911,-0.920699,0.016824,0.002260,0.017313,0.999848,0,0.76054,0.12756,45.632,0.255,-1,400.000,-1,400.000,-1,325.000,325.000,300.000,300.000,-1,-1,875.000,-1,800.000,725.000,-1,-1,2,0,2,0,2,0,0,0,0,2,2,1,2,0,0,2,2
71,7467.951,4659.156,82.486,-157.034,-0.920742,0.390137,-0.005319,-0.390171,-0.920606,0.015887,0.001301,0.016703,0.999860,0,0.80824,0.00756,48.495,0.015,-1,400.000,-1,400.000,-1,325.000,325.000,300.000,300.000,-1,-1,950.000,-1,775.000,725.000,-1,-1,2,0,2,0,2,0,0,0,0,2,2,1,2,0,0,2,2
72,7422.890,4640.269,82.596,-157.258,-0.922260,0.386524,-0.005974,-0.386570,-0.922139,0.014915,0.000256,0.016065,0.999871,0,0.81432,-0.11244,48.859,-0.225,-1,400.000,-1,375.000,-1,325.000,325.000,300.000,300.000,-1,-1,1000.000,-1,775.000,700.000,-1,-1,2,0,2,0,2,0,0,0,0,2,2,1,2,0,0,2,2
73,7377.334,4621.607,82.657,-157.723,-0.925358,0.379035,-0.006682,-0.379092,-0.925257,0.013766,-0.000965,0.015272,0.999883,0,0.82050,-0.23244,49.230,-0.465,-1,400.000,-1,375.000,-1,325.000,325.000,300.000,300.000,-1,-1,-1,-1,775.000,700.000,-1,-1,2,0,2,0,2,0,0,0,0,2,2,2,2,0,0,2,2
74,7331.202,4603.368,82.687,-158.428,-0.929944,0.367628,-0.007397,-0.367695,-0.929861,0.012624,-0.002238,0.014460,0.999893,0,0.82678,-0.35244,49.607,-0.705,-1,400.000,-1,375.000,-1,325.000,325.000,300.000,300.000,-1,-1,-1,-1,750.000,700.000,-1,-1,2,0,2,0,2,0,0,0,0,2,2,2,2,0,0,2,2
75,7284.418,4585.759,82.636,-159.373,-0.935872,0.352247,-0.008045,-0.352323,-0.935805,0.011745,-0.003391,0.013826,0.999899,0,0.83313,-0.47244,49.988,-0.945,-1,400.000,-1,375.000,-1,325.000,300.000,300.000,300.000,-1,-1,-1,-1,750.000,675.000,-1,-1,2,0,2,0,2,0,0,0,0,2,2,2,2,0,0,2,2
76,7236.918,4568.992,82.722,-160.558,-0.942956,0.332826,-0.007759,-0.332895,-0.942905,0.010567,-0.003799,0.012547,0.999914,0,0.83954,-0.59244,50.372,-1.185,-1,375.000,-1,375.000,-1,325.000,300.000,300.000,300.000,-1,-1,-1,-1,725.000,675.000,-1,-1,2,0,2,0,2,0,0,0,0,2,2,2,2,0,0,2,2
77,7188.712,4553.099,82.786,-161.753,-0.949694,0.313094,-0.007268,-0.313154,-0.949656,0.009407,-0.003957,0.011210,0.999929,0,0.84598,-0.59750,50.759,-1.195,-1,375.000,-1,375.000,-1,300.000,300.000,300.000,300.000,-1,-1,-1,-1,725.000,675.000,-1,-1,2,0,2,0,2,0,0,0,0,2,2,2,2,0,0,2,2
78,7139.820,4538.088,82.802,-162.932,-0.955938,0.293491,-0.006674,-0.293540,-0.955912,0.008147,-0.003989,0.009747,0.999945,0,0.85241,-0.58953,51.145,-1.179,-1,375.000,-1,375.000,-1,300.000,300.000,300.000,325.000,-1,-1,-1,-1,725.000,675.000,-1,-1,2,0,2,0,2,0,0,0,0,2,2,2,2,0,0,2,2
79,7089.986,4523.890,82.966,-164.097,-0.961717,0.273991,-0.005456,-0.274028,-0.961690,0.007764,-0.003119,0.008962,0.999955,0,0.86361,-0.58268,51.817,-1.165,-1,375.000,-1,375.000,-1,300.000,300.000,300.000,325.000,-1,-1,-1,-1,725.000,675.000,-1,-1,2,0,2,0,2,0,0,0,0,2,2,2,2,0,0,2,2
80,7039.651,4510.639,83.236,-165.250,-0.967042,0.254588,-0.003923,-0.254612,-0.967011,0.007950,-0.001769,0.008687,0.999961,0,0.86751,-0.57642,52.050,-1.153,-1,375.000,-1,375.000,-1,300.000,300.000,300.000,325.000,-1,-1,-1,-1,725.000,650.000,-1,-1,2,0,2,0,2,0,0,0,0,2,2,2,2,0,0,2,2
81,6988.836,4498.336,83.486,-166.391,-0.971921,0.235294,-0.002325,-0.235305,-0.971888,0.008080,-0.000358,0.008400,0.999965,0,0.87138,-0.57014,52.283,-1.140,-1,375.000,-1,375.000,-1,300.000,300.000,325.000,325.000,-1,-1,-1,-1,700.000,650.000,-1,-1,2,0,2,0,2,0,0,0,0,2,2,2,2,0,0,2,2
82,6937.562,4486.986,83.716,-167.518,-0.976366,0.216121,-0.000666,-0.216120,-0.976333,0.008152,0.001112,0.008103,0.999967,0,0.87525,-0.56386,52.515,-1.128,-1,375.000,-1,375.000,-1,300.000,300.000,325.000,325.000,-1,-1,-1,-1,700.000,650.000,-1,-1,2,0,2,0,2,0,0,0,0,2,2,2,2,0,0,2,2
83,6885.851,4476.591,83.927,-168.633,-0.980387,0.197080,0.001051,-0.197065,-0.980356,0.008164,0.002639,0.007797,0.999966,0,0.87909,-0.55756,52.746,-1.115,-1,375.000,-1,375.000,-1,300.000,300.000,325.000,300.000,-1,-1,-1,-1,700.000,650.000,-1,-1,2,0,2,0,2,0,0,0,0,2,2,2,2,0,0,2,2
84,6833.723,4467.151,84.111,-169.736,-0.983994,0.178181,0.002860,-0.178153,-0.983970,0.008081,0.004254,0.007442,0.999963,0,0.88293,-0.55125,52.976,-1.103,-1,375.000,-1,375.000,-1,325.000,300.000,325.000,300.000,-1,-1,-1,-1,675.000,650.000,-1,-1,2,0,2,0,2,0,0,0,0,2,2,2,2,0,0,2,2
85,6781.376,4458.706,84.257,-170.836,-0.987225,0.159262,0.004789,-0.159221,-0.987212,0.007865,0.005981,0.007002,0.999958,0,0.88373,-0.54993,53.024,-1.100,-1,375.000,-1,375.000,-1,300.000,300.000,325.000,300.000,-1,1000.000,-1,-1,675.000,650.000,-1,-1,2,0,2,0,2,0,0,0,0,2,0,2,2,0,0,2,2
86,6728.877,4451.268,84.390,-171.936,-0.990088,0.140283,0.006742,-0.140232,-0.990090,0.007591,0.007740,0.006570,0.999948,0,0.88373,-0.54993,53.024,-1.100,-1,375.000,-1,375.000,-1,300.000,300.000,325.000,300.000,-1,700.000,900.000,-1,675.000,650.000,-1,-1,2,0,2,0,2,0,0,0,0,2,0,0,2,0,0,2,2
87,6676.244,4444.839,84.511,-173.035,-0.992583,0.121253,0.008714,-0.121192,-0.992603,0.007258,0.009529,0.006148,0.999936,0,0.88373,-0.54993,53.024,-1.100,-1,375.000,-1,375.000,-1,300.000,300.000,325.000,300.000,-1,550.000,650.000,-1,675.000,650.000,-1,-1,2,0,2,0,2,0,0,0,0,2,0,0,2,0,0,2,2
88,6623.498,4439.421,84.620,-174.135,-0.994709,0.102178,0.010701,-0.102108,-0.994750,0.006866,0.011347,0.005737,0.999919,0,0.88373,-0.54993,53.024,-1.100,-1,375.000,-1,375.000,-1,300.000,300.000,325.000,300.000,-1,475.000,550.000,-1,650.000,650.000,-1,-1,2,0,2,0,2,0,0,0,0,2,0,0,2,0,0,2,2
89,6570.658,4435.016,84.859,-175.235,-0.996465,0.083065,0.012565,-0.082997,-0.996532,0.005882,0.013010,0.004818,0.999904,0,0.88373,-0.54993,53.024,-1.100,-1,375.000,-1,350.000,-1,300.000,300.000,300.000,300.000,-1,450.000,500.000,-1,650.000,650.000,-1,-1,2,0,2,0,2,0,0,0,0,2,0,0,2,0,0,2,2
90,6517.742,4431.627,85.985,-176.335,-0.997843,0.063922,0.014919,-0.063862,-0.997949,0.004499,0.015176,0.003536,0.999879,0,0.88373,-0.54993,53.024,-1.100,-1,350.000,-1,375.000,-1,300.000,300.000,300.000,300.000,-1,425.000,475.000,-1,650.000,650.000,-1,-1,2,0,2,0,2,0,0,0,0,2,0,0,2,0,0,2,2
91,6464.772,4429.254,87.579,-177.435,-0.998841,0.044755,0.017706,-0.044673,-0.998989,0.005009,0.017912,0.004213,0.999831,0,0.88373,-0.54993,53.024,-1.100,-1,375.000,-1,375.000,-1,300.000,300.000,325.000,325.000,-1,425.000,475.000,-1,650.000,675.000,-1,-1,2,0,2,0,2,0,0,0,0,2,0,0,2,0,0,2,2
92,6411.765,4427.898,89.166,-178.535,-0.999463,0.025571,0.020508,-0.025465,-0.999661,0.005430,0.020640,0.004904,0.999775,0,0.88373,-0.54993,53.024,-1.100,-1,375.000,-1,375.000,-1,300.000,300.000,325.000,325.000,-1,425.000,450.000,-1,675.000,675.000,-1,-1,2,0,2,0,2,0,0,0,0,2,0,0,2,0,0,2,2
93,6358.742,4427.559,90.745,-179.635,-0.999708,0.006378,0.023321,-0.006245,-0.999964,0.005760,0.023356,0.005612,0.999711,0,0.88373,-0.54993,53.024,-1.100,-1,375.000,-1,375.000,-1,300.000,300.000,325.000,325.000,-1,425.000,450.000,-1,675.000,675.000,-1,-1,2,0,2,0,2,0,0,0,0,2,0,0,2,0,0,2,2
94,6305.357,4428.246,92.327,-180.737,-0.999575,-0.012870,0.026156,0.013031,-0.999897,0.006000,0.026076,0.006339,0.999640,0,0.88983,-0.55143,53.390,-1.103,-1,375.000,-1,375.000,-1,300.000,300.000,325.000,325.000,-1,425.000,450.000,-1,675.000,700.000,-1,-1,2,0,2,0,2,0,0,0,0,2,0,0,2,0,0,2,2
95,6251.593,4429.977,93.911,-181.843,-0.999062,-0.032163,0.029010,0.032355,-0.999458,0.006152,0.028797,0.007084,0.999560,0,0.89653,-0.55288,53.792,-1.106,-1,375.000,-1,375.000,-1,300.000,300.000,325.000,325.000,-1,450.000,450.000,-1,675.000,700.000,-1,-1,2,0,2,0,2,0,0,0,0,2,0,0,2,0,0,2,2
96,6197.465,4432.767,95.497,-182.951,-0.998165,-0.051489,0.031878,0.051712,-0.998643,0.006213,0.031515,0.007850,0.999472,0,0.90333,-0.55415,54.200,-1.108,-1,375.000,-1,375.000,-1,300.000,300.000,325.000,325.000,-1,450.000,450.000,-1,700.000,725.000,-1,-1,2,0,2,0,2,0,0,0,0,2,0,0,2,0,0,2,2
97,6142.987,4436.636,97.083,-184.062,-0.996883,-0.070833,0.034755,0.071089,-0.997451,0.006184,0.034228,0.008636,0.999377,0,0.91024,-0.55524,54.614,-1.110,-1,375.000,-1,375.000,-1,300.000,325.000,325.000,325.000,-1,450.000,450.000,-1,700.000,725.000,-1,-1,2,0,2,0,2,0,0,0,0,2,0,0,2,0,0,2,2
98,6088.176,4441.599,98.669,-185.174,-0.995214,-0.090180,0.037634,0.090470,-0.995881,0.006066,0.036932,0.009442,0.999273,0,0.91725,-0.55613,55.035,-1.112,-1,375.000,-1,400.000,-1,325.000,325.000,325.000,325.000,-1,400.000,400.000,-1,700.000,750.000,-1,-1,2,0,2,0,2,0,0,0,0,2,0,0,2,0,0,2,2
99,6033.047,4447.673,100.254,-186.288,-0.993159,-0.109518,0.040510,0.109842,-0.993932,0.005859,0.039623,0.010269,0.999162,0,0.92437,-0.55681,55.462,-1.114,-1,375.000,-1,400.000,-1,325.000,325.000,325.000,325.000,-1,375.000,350.000,-1,725.000,750.000,-1,-1,2,0,2,0,2,0,0,0,0,2,0,0,2,0,0,2,2
100,5977.617,4454.874,101.838,-187.402,-0.990718,-0.128829,0.043378,0.129188,-0.991604,0.005565,0.042297,0.011117,0.999043,0,0.93159,-0.55728,55.896,-1.115,-1,375.000,-1,400.000,-1,325.000,325.000,300.000,325.000,-1,325.000,325.000,-1,725.000,775.000,-1,-1,2,0,2,0,2,0,0,0,0,2,0,0,2,0,0,2,2
101,5921.904,4463.217,103.717,-188.517,-0.987924,-0.148098,0.045539,0.148542,-0.988885,0.006512,0.044069,0.013198,0.998941,0,0.93891,-0.55753,56.334,-1.115,-1,375.000,-1,400.000,-1,325.000,325.000,300.000,300.000,-1,325.000,325.000,-1,725.000,775.000,-1,975.000,2,0,2,0,2,0,0,0,0,2,0,0,2,1,0,2,1
102,5867.905,4472.149,105.864,-189.393,-0.985478,-0.163176,0.046969,0.163741,-0.986467,0.008413,0.044960,0.015982,0.998861,0,0.91220,-0.43753,54.732,-0.875,-1,400.000,975.000,400.000,-1,325.000,325.000,300.000,300.000,-1,375.000,350.000,-1,725.000,775.000,-1,925.000,2,0,1,0,2,0,0,0,0,2,0,0,2,1,1,2,1
103,5813.585,4481.754,108.359,-190.028,-0.983600,-0.174097,0.047126,0.174703,-0.984580,0.009044,0.044825,0.017129,0.998848,0,0.91939,-0.31753,55.163,-0.635,-1,400.000,900.000,400.000,-1,325.000,325.000,300.000,300.000,-1,425.000,400.000,-1,700.000,725.000,-1,875.000,2,0,1,0,2,0,0,0,0,2,0,0,2,1,1,2,1
104,5758.905,4491.811,110.854,-190.423,-0.982371,-0.180878,0.047233,0.181520,-0.983340,0.009627,0.044705,0.018031,0.998838,0,0.92661,-0.19753,55.597,-0.395,-1,400.000,850.000,400.000,975.000,325.000,325.000,300.000,300.000,-1,475.000,450.000,-1,675.000,675.000,-1,825.000,2,0,1,0,1,0,0,0,0,2,0,0,2,1,1,2,1
105,5703.825,4502.097,113.359,-190.578,-0.981873,-0.183537,0.047326,0.184209,-0.982834,0.010231,0.044636,0.018763,0.998827,0,0.93387,-0.07753,56.032,-0.155,-1,400.000,800.000,400.000,900.000,325.000,325.000,300.000,300.000,-1,550.000,500.000,-1,650.000,625.000,-1,750.000,2,0,1,0,1,0,0,0,0,2,0,0,2,1,1,2,1
106,5648.300,4512.380,115.878,-190.493,-0.982141,-0.182077,0.047408,0.182778,-0.983094,0.010857,0.044630,0.019328,0.998817,0,0.94116,0.04247,56.469,0.085,-1,400.000,750.000,400.000,825.000,325.000,325.000,300.000,300.000,-1,600.000,575.000,-1,625.000,575.000,-1,700.000,2,0,1,0,1,0,0,0,0,2,0,0,2,1,1,2,1
107,5592.287,4522.426,118.417,-190.168,-0.983155,-0.176498,0.047483,0.177224,-0.984103,0.011507,0.044697,0.019728,0.998806,0,0.94845,0.16247,56.907,0.325,-1,375.000,675.000,400.000,750.000,325.000,325.000,300.000,300.000,-1,650.000,625.000,-1,600.000,525.000,-1,625.000,2,1,1,0,1,0,0,0,0,2,0,0,2,1,1,2,1
108,5535.747,4531.992,120.979,-189.603,-0.984846,-0.166785,0.047553,0.167533,-0.985791,0.012181,0.044846,0.019963,0.998794,0,0.95572,0.28247,57.343,0.565,-1,375.000,625.000,400.000,650.000,325.000,325.000,300.000,325.000,-1,725.000,675.000,-1,550.000,475.000,-1,550.000,2,1,1,1,1,1,0,0,0,2,0,0,2,1,1,2,1
109,5478.664,4540.912,123.568,-188.882,-0.986865,-0.154369,0.047621,0.155138,-0.987809,0.012873,0.045053,0.020092,0.998783,0,0.96293,0.36042,57.776,0.721,-1,350.000,575.000,350.000,575.000,300.000,300.000,300.000,325.000,-1,775.000,725.000,-1,525.000,425.000,-1,475.000,2,1,1,1,1,1,1,0,0,2,0,0,2,1,1,2,1
110,5421.050,4549.181,126.180,-188.168,-0.988711,-0.142043,0.047692,0.142833,-0.989654,0.013574,0.045271,0.020233,0.998770,0,0.97006,0.35713,58.204,0.714,-1,325.000,525.000,300.000,500.000,275.000,275.000,300.000,325.000,-1,825.000,775.000,-1,500.000,375.000,-1,425.000,2,1,1,1,1,1,1,0,0,2,0,0,2,1,1,2,1
111,5362.920,4556.794,128.816,-187.461,-0.990386,-0.129824,0.047767,0.130636,-0.991327,0.014282,0.045498,0.020385,0.998756,0,0.97712,0.35340,58.627,0.707,-1,300.000,475.000,275.000,400.000,250.000,250.000,300.000,325.000,-1,875.000,825.000,-1,475.000,325.000,-1,350.000,2,1,1,1,1,1,1,0,0,2,0,0,2,1,1,2,1
112,5304.287,4563.747,131.476,-186.763,-0.991892,-0.117731,0.047845,0.118566,-0.992833,0.014996,0.045737,0.020547,0.998742,0,0.98406,0.34918,59.044,0.698,-1,275.000,425.000,225.000,325.000,225.000,225.000,300.000,325.000,-1,925.000,875.000,-1,450.000,275.000,-1,275.000,2,1,1,1,1,1,1,0,0,2,0,0,2,1,1,2,1
113,5245.168,4570.037,134.509,-186.074,-0.993178,-0.105784,0.049064,0.106728,-0.994142,0.017033,0.046974,0.022153,0.998650,0,0.99086,0.34441,59.452,0.689,-1,250.000,375.000,200.000,250.000,200.000,175.000,325.000,325.000,-1,975.000,900.000,-1,400.000,225.000,-1,200.000,2,1,1,1,1,1,1,0,0,2,0,0,2,1,1,2,1
114,5185.455,4575.922,143.235,-185.625,-0.993040,-0.098015,0.065303,0.098226,-0.995164,0.000015,0.064986,0.006430,0.997865,0,1.00000,0.22441,60.000,0.449,-1,275.000,375.000,175.000,200.000,200.000,175.000,300.000,350.000,-1,500.000,525.000,-1,450.000,225.000,-1,175.000,2,1,1,1,1,1,1,0,0,2,0,0,2,1,1,2,1
115,-2951.696,-3607.618,24.609,106.721,-0.288465,-0.957484,-0.003629,0.953630,-0.287640,0.088614,-0.085890,0.022101,0.996059,1,0.00000,0.00000,60.000,0.209,-1,350.000,-1,300.000,350.000,275.000,250.000,375.000,300.000,-1,25.000,-1,-1,575.000,450.000,975.000,375.000,2,0,2,0,0,0,0,1,0,2,1,2,2,0,0,0,0
116,-8854.474,8859.852,376.089,82.714,0.125652,-0.991839,0.021607,0.989770,0.126814,0.065371,-0.067578,0.013172,0.997627,1,0.08000,-0.01502,4.800,-0.030,775.000,375.000,-1,325.000,775.000,300.000,275.000,425.000,275.000,375.000,250.000,-1,-1,600.000,575.000,775.000,800.000,1,1,2,0,0,0,0,0,0,1,1,2,2,1,0,1,0
117,-8853.251,8869.373,375.365,82.681,0.126371,-0.991786,0.019751,0.989772,0.127393,0.064206,-0.066195,0.011435,0.997741,0,0.16000,-0.01663,9.600,-0.033,750.000,375.000,-1,325.000,800.000,300.000,275.000,425.000,275.000,375.000,250.000,-1,-1,600.000,575.000,775.000,825.000,1,1,2,0,0,0,0,0,0,1,1,2,2,1,0,1,0
118,-8851.407,8883.654,374.284,82.641,0.127262,-0.991724,0.016981,0.989793,0.128084,0.062483,-0.064141,0.008856,0.997902,0,0.24000,-0.01987,14.400,-0.040,750.000,375.000,-1,350.000,875.000,300.000,300.000,425.000,275.000,375.000,250.000,-1,-1,600.000,575.000,750.000,875.000,1,1,2,0,0,0,0,0,0,1,1,2,2,1,0,1,0
119,-8848.931,8902.693,372.854,82.591,0.128370,-0.991637,0.013325,0.989822,0.128944,0.060216,-0.061431,0.005460,0.998096,0,0.32000,-0.02476,19.200,-0.050,725.000,375.000,-1,350.000,950.000,300.000,300.000,400.000,275.000,400.000,225.000,-1,-1,600.000,575.000,750.000,925.000,1,1,2,0,0,0,0,0,0,1,1,2,2,1,0,1,0
120,-8845.811,8926.489,371.082,82.529,0.129737,-0.991509,0.008815,0.989846,0.130030,0.057428,-0.058087,0.001275,0.998311,0,0.40000,-0.03133,24.000,-0.063,700.000,375.000,-1,350.000,-1,300.000,300.000,400.000,275.000,400.000,225.000,-1,-1,600.000,600.000,725.000,-1,1,1,2,0,2,0,0,0,0,1,1,2,2,1,0,1,2
121,-8842.028,8955.039,368.981,82.449,0.131406,-0.991323,0.003492,0.989849,0.131401,0.054147,-0.054137,-0.003658,0.998527,0,0.48000,-0.03963,28.800,-0.079,675.000,375.000,-1,350.000,-1,300.000,300.000,375.000,300.000,400.000,225.000,950.000,-1,600.000,600.000,725.000,-1,1,1,2,0,2,0,0,0,0,1,1,1,2,1,0,1,2
122,-8837.659,8987.573,366.619,82.350,0.133409,-0.991058,-0.002456,0.989813,0.133116,0.050494,-0.049716,-0.009167,0.998721,0,0.54710,-0.04971,32.826,-0.099,650.000,375.000,-1,350.000,-1,300.000,300.000,375.000,300.000,425.000,200.000,825.000,-1,600.000,625.000,700.000,-1,1,1,2,0,2,0,0,0,0,1,1,1,2,1,0,1,2
123,-8833.195,9020.283,364.278,82.227,0.135761,-0.990707,-0.008316,0.989703,0.135229,0.046906,-0.045346,-0.014598,0.998865,0,0.55024,-0.06134,33.014,-0.123,625.000,375.000,-1,350.000,-1,300.000,300.000,350.000,300.000,450.000,175.000,725.000,-1,600.000,650.000,675.000,-1,1,1,2,0,2,0,0,0,0,1,1,1,2,1,0,1,2
124,-8828.618,9053.198,361.956,82.081,0.138470,-0.990266,-0.014096,0.989517,0.137747,0.043387,-0.041023,-0.019956,0.998959,0,0.55387,-0.07319,33.232,-0.146,575.000,375.000,-1,375.000,-1,300.000,300.000,350.000,300.000,450.000,175.000,625.000,-1,600.000,675.000,650.000,-1,1,1,2,0,2,0,0,0,0,1,1,1,2,1,0,1,2
125,-8823.909,9086.344,359.653,81.910,0.141545,-0.989734,-0.019803,0.989250,0.140677,0.039940,-0.036744,-0.025243,0.999006,0,0.55798,-0.08525,33.479,-0.171,550.000,350.000,-1,375.000,-1,300.000,300.000,325.000,300.000,475.000,150.000,550.000,-1,600.000,675.000,625.000,-1,1,1,2,0,2,0,0,0,0,1,1,1,2,1,0,1,2
126,-8819.048,9119.744,357.368,81.715,0.144996,-0.989105,-0.025441,0.988898,0.144025,0.036570,-0.032508,-0.030461,0.999007,0,0.56255,-0.09754,33.753,-0.195,525.000,350.000,-1,375.000,-1,300.000,300.000,325.000,300.000,500.000,150.000,500.000,-1,600.000,700.000,625.000,-1,1,1,2,0,2,0,0,0,0,1,1,1,2,1,0,1,2
127,-8814.012,9153.423,355.921,81.495,0.148798,-0.988488,-0.027406,0.988397,0.147815,0.034965,-0.030512,-0.032291,0.999013,0,0.56756,-0.11006,34.053,-0.220,500.000,350.000,-1,375.000,-1,300.000,300.000,325.000,300.000,525.000,150.000,475.000,-1,600.000,700.000,600.000,-1,1,1,2,0,2,0,0,0,0,1,1,1,2,1,0,1,2
128,-8808.781,9187.402,355.486,81.250,0.152906,-0.987916,-0.025352,0.987840,0.152062,0.032405,-0.028158,-0.029999,0.999153,0,0.57299,-0.12281,34.380,-0.246,500.000,375.000,-1,375.000,-1,300.000,300.000,325.000,300.000,575.000,175.000,475.000,-1,625.000,725.000,600.000,-1,1,1,2,0,2,0,0,0,0,1,1,1,2,1,0,1,2
129,-8802.558,9226.084,354.967,80.863,0.159449,-0.986933,-0.023228,0.986875,0.158742,0.029653,-0.025578,-0.027651,0.999290,0,0.65299,-0.19348,39.180,-0.387,500.000,375.000,-1,375.000,-1,325.000,325.000,325.000,300.000,650.000,225.000,475.000,-1,625.000,725.000,625.000,-1,1,1,2,0,2,0,0,0,0,1,1,1,2,1,0,1,2
130,-8795.276,9269.457,354.474,80.471,0.166081,-0.985873,-0.021698,0.985854,0.165493,0.026536,-0.022571,-0.025798,0.999412,0,0.73299,-0.19584,43.980,-0.392,500.000,375.000,-1,400.000,-1,325.000,325.000,325.000,300.000,725.000,250.000,450.000,-1,650.000,750.000,825.000,-1,1,1,2,0,2,0,0,0,0,1,1,1,2,1,0,1,2
131,-8787.045,9316.487,353.881,80.074,0.172804,-0.984745,-0.020394,0.984762,0.172322,0.023434,-0.019562,-0.024132,0.999517,0,0.79575,-0.19835,47.745,-0.397,500.000,400.000,-1,400.000,-1,325.000,325.000,350.000,300.000,800.000,275.000,450.000,-1,675.000,750.000,-1,-1,1,1,2,0,2,0,0,0,0,1,1,1,2,1,0,2,2
132,-8778.441,9363.700,353.212,79.673,0.179625,-0.983544,-0.019413,0.983591,0.179226,0.020654,-0.016835,-0.022805,0.999598,0,0.79985,-0.20082,47.991,-0.402,500.000,400.000,-1,400.000,-1,325.000,325.000,350.000,300.000,875.000,300.000,450.000,-1,700.000,750.000,-1,-1,1,1,2,0,2,0,0,0,0,1,1,1,2,1,0,2,2
