timestep,x_cm,y_cm,z_cm,yaw_deg,basis_xx,basis_xy,basis_xz,basis_yx,basis_yy,basis_yz,basis_zx,basis_zy,basis_zz,teleport_flag,throttle_cmd,steering_cmd,cmd_move_cm,cmd_turn_deg,lidar_cm_0,lidar_cm_1,lidar_cm_2,lidar_cm_3,lidar_cm_4,lidar_cm_5,lidar_cm_6,lidar_cm_7,lidar_cm_8,lidar_cm_9,lidar_cm_10,lidar_cm_11,lidar_cm_12,lidar_cm_13,lidar_cm_14,lidar_cm_15,lidar_cm_16,lidar_class_0,lidar_class_1,lidar_class_2,lidar_class_3,lidar_class_4,lidar_class_5,lidar_class_6,lidar_class_7,lidar_class_8,lidar_class_9,lidar_class_10,lidar_class_11,lidar_class_12,lidar_class_13,lidar_class_14,lidar_class_15,lidar_class_16
0,-3608.321,3612.379,-157.959,98.304,-0.145159,-0.989307,-0.014130,0.988484,-0.144392,-0.045275,0.042751,-0.020539,0.998875,1,0.08000,-0.12000,4.800,-0.240,-1,400.000,-1,400.000,-1,325.000,325.000,300.000,300.000,-1,675.000,475.000,1000.000,875.000,800.000,-1,-1,2,0,2,0,2,0,0,0,0,2,1,1,1,0,0,2,2
1,-3609.628,3621.890,-157.545,97.824,-0.136865,-0.990486,-0.014361,0.989670,-0.136099,-0.045051,0.042668,-0.020379,0.998881,0,0.16000,-0.24000,9.600,-0.480,-1,400.000,-1,400.000,-1,325.000,325.000,300.000,300.000,-1,725.000,500.000,-1,875.000,800.000,-1,-1,2,0,2,0,2,0,0,0,0,2,1,1,2,0,0,2,2
2,-3611.409,3636.179,-156.920,97.104,-0.124406,-0.992123,-0.014694,0.991319,-0.123643,-0.044712,0.042543,-0.020129,0.998892,0,0.24000,-0.36000,14.400,-0.720,-1,400.000,-1,400.000,-1,325.000,325.000,300.000,300.000,-1,800.000,525.000,-1,875.000,800.000,-1,-1,2,0,2,0,2,0,0,0,0,2,1,1,2,0,0,2,2
3,-3613.463,3655.269,-156.079,96.144,-0.107762,-0.994062,-0.015113,0.993273,-0.107004,-0.044257,0.042377,-0.019780,0.998906,0,0.32000,-0.48000,19.200,-0.960,-1,400.000,-1,400.000,-1,325.000,325.000,300.000,300.000,-1,950.000,550.000,-1,875.000,800.000,-1,-1,2,0,2,0,2,0,0,0,0,2,1,1,2,0,0,2,2
4,-3615.532,3679.180,-155.019,94.944,-0.086914,-0.996094,-0.015595,0.995323,-0.086163,-0.043685,0.042171,-0.019319,0.998924,0,0.40000,-0.60000,24.000,-1.200,-1,400.000,-1,400.000,-1,325.000,325.000,300.000,300.000,-1,-1,600.000,-1,875.000,800.000,-1,-1,2,0,2,0,2,0,0,0,0,2,2,1,2,0,0,2,2
5,-3617.292,3707.926,-153.732,93.504,-0.061845,-0.997956,-0.016113,0.997205,-0.061104,-0.042999,0.041927,-0.018728,0.998945,0,0.48000,-0.72000,28.800,-1.440,-1,400.000,-1,400.000,-1,325.000,325.000,300.000,300.000,-1,-1,675.000,-1,875.000,800.000,-1,-1,2,0,2,0,2,0,0,0,0,2,2,1,2,0,0,2,2
6,-3618.410,3741.507,-152.212,91.907,-0.034007,-0.999283,-0.016640,0.998555,-0.033279,-0.042205,0.041621,-0.018051,0.998970,0,0.56000,-0.79820,33.600,-1.596,-1,400.000,-1,400.000,-1,325.000,325.000,300.000,300.000,-1,-1,825.000,-1,875.000,775.000,-1,-1,2,0,2,0,2,0,0,0,0,2,2,1,2,0,0,2,2
7,-3618.625,3779.906,-150.455,90.321,-0.006315,-0.999833,-0.017156,0.999131,-0.005602,-0.041314,0.041211,-0.017402,0.998999,0,0.64000,-0.79321,38.400,-1.586,-1,400.000,-1,400.000,-1,325.000,325.000,300.000,300.000,-1,-1,-1,-1,850.000,775.000,-1,-1,2,0,2,0,2,0,0,0,0,2,2,2,2,0,0,2,2
8,-3617.679,3823.096,-148.457,88.746,0.021185,-0.999620,-0.017644,0.998947,0.021883,-0.040336,0.040707,-0.016771,0.999030,0,0.72000,-0.78754,43.200,-1.575,-1,400.000,-1,400.000,-1,325.000,325.000,300.000,300.000,-1,-1,-1,-1,850.000,775.000,-1,-1,2,0,2,0,2,0,0,0,0,2,2,2,2,0,0,2,2
9,-3615.331,3870.835,-146.223,87.183,0.048451,-0.998662,-0.018084,0.998019,0.049131,-0.039289,0.040125,-0.016145,0.999064,0,0.79662,-0.78122,47.797,-1.562,-1,400.000,-1,400.000,-1,325.000,325.000,325.000,325.000,-1,-1,-1,-1,850.000,775.000,-1,-1,2,0,2,0,2,0,0,0,0,2,2,2,2,0,0,2,2
10,-3611.534,3923.295,-143.811,85.861,0.071489,-0.997265,-0.018776,0.996656,0.072167,-0.038315,0.039565,-0.015974,0.999089,0,0.87662,-0.66122,52.597,-1.322,-1,400.000,-1,400.000,-1,325.000,325.000,325.000,325.000,-1,-1,-1,-1,850.000,775.000,-1,-1,2,0,2,0,2,0,0,0,0,2,2,2,2,0,0,2,2
11,-3606.468,3977.067,-141.756,84.617,0.093094,-0.995453,-0.020149,0.994886,0.093800,-0.037470,0.039190,-0.016558,0.999095,0,0.90016,-0.62200,54.010,-1.244,-1,400.000,-1,400.000,-1,325.000,325.000,325.000,325.000,-1,-1,-1,-1,850.000,775.000,-1,-1,2,0,2,0,2,0,0,0,0,2,2,2,2,0,0,2,2
12,-3600.257,4030.642,-139.844,83.388,0.114423,-0.993214,-0.020798,0.992674,0.115128,-0.036657,0.038802,-0.016452,0.999111,0,0.89890,-0.61447,53.934,-1.229,-1,400.000,-1,400.000,-1,325.000,325.000,300.000,325.000,-1,-1,-1,-1,850.000,775.000,-1,-1,2,0,2,0,2,0,0,0,0,2,2,2,2,0,0,2,2
13,-3592.929,4083.961,-137.904,82.174,0.135437,-0.990556,-0.021360,0.990039,0.136140,-0.035887,0.038456,-0.016287,0.999128,0,0.89701,-0.60684,53.820,-1.214,-1,400.000,-1,400.000,-1,325.000,325.000,300.000,325.000,-1,-1,-1,-1,850.000,775.000,-1,-1,2,0,2,0,2,0,0,0,0,2,2,2,2,0,0,2,2
14,-3584.511,4136.967,-135.937,80.976,0.156127,-0.987495,-0.021837,0.987000,0.156827,-0.035165,0.038150,-0.016063,0.999143,0,0.89451,-0.59917,53.671,-1.198,-1,400.000,-1,400.000,-1,325.000,325.000,300.000,300.000,-1,-1,-1,-1,825.000,775.000,-1,-1,2,0,2,0,2,0,0,0,0,2,2,2,2,0,0,2,2
15,-3575.033,4189.607,-133.942,79.793,0.176489,-0.984051,-0.022234,0.983573,0.177183,-0.034495,0.037885,-0.015781,0.999158,0,0.89144,-0.59153,53.487,-1.183,-1,400.000,-1,400.000,-1,325.000,325.000,300.000,300.000,-1,-1,-1,-1,825.000,775.000,-1,-1,2,0,2,0,2,0,0,0,0,2,2,2,2,0,0,2,2
16,-3564.521,4241.832,-131.919,78.620,0.196610,-0.980222,-0.022554,0.979758,0.197296,-0.033882,0.037661,-0.015436,0.999171,0,0.88786,-0.58664,53.272,-1.173,-1,400.000,-1,400.000,-1,325.000,325.000,325.000,300.000,-1,-1,-1,-1,825.000,775.000,-1,-1,2,0,2,0,2,0,0,0,0,2,2,2,2,0,0,2,2
17,-3553.000,4293.593,-129.868,77.451,0.216568,-0.976001,-0.022799,0.975548,0.217246,-0.033327,0.037480,-0.015024,0.999184,0,0.88381,-0.58424,53.029,-1.168,-1,400.000,-1,400.000,-1,325.000,325.000,325.000,300.000,-1,-1,-1,-1,825.000,775.000,-1,-1,2,0,2,0,2,0,0,0,0,2,2,2,2,0,0,2,2
18,-3540.492,4344.851,-127.787,76.287,0.236372,-0.971391,-0.022975,0.970945,0.237040,-0.032835,0.037342,-0.014546,0.999197,0,0.87936,-0.58231,52.762,-1.165,-1,400.000,-1,400.000,-1,325.000,325.000,325.000,300.000,-1,-1,-1,-1,825.000,775.000,-1,-1,2,0,2,0,2,0,0,0,0,2,2,2,2,0,0,2,2
19,-3527.020,4395.569,-125.678,75.125,0.256030,-0.966393,-0.023084,0.965951,0.256687,-0.032409,0.037245,-0.014000,0.999208,0,0.87460,-0.58084,52.476,-1.162,-1,400.000,-1,400.000,-1,325.000,325.000,325.000,300.000,-1,-1,-1,-1,825.000,775.000,-1,-1,2,0,2,0,2,0,0,0,0,2,2,2,2,0,0,2,2
20,-3512.608,4445.715,-123.539,73.965,0.275551,-0.961008,-0.023129,0.960567,0.276196,-0.032050,0.037189,-0.013385,0.999219,0,0.86960,-0.57985,52.176,-1.160,-1,400.000,-1,400.000,-1,325.000,325.000,325.000,300.000,-1,-1,-1,-1,825.000,775.000,-1,-1,2,0,2,0,2,0,0,0,0,2,2,2,2,0,0,2,2
21,-3497.276,4495.265,-121.387,72.807,0.294939,-0.955235,-0.023190,0.954791,0.295574,-0.031792,0.037224,-0.012765,0.999225,0,0.86446,-0.57932,51.868,-1.159,-1,400.000,-1,400.000,-1,325.000,325.000,325.000,300.000,-1,-1,-1,-1,825.000,775.000,-1,-1,2,0,2,0,2,0,0,0,0,2,2,2,2,0,0,2,2
22,-3481.043,4544.199,-119.393,71.648,0.314172,-0.949062,-0.024011,0.948623,0.314827,-0.031615,0.037564,-0.012845,0.999212,0,0.85928,-0.57926,51.557,-1.159,-1,400.000,-1,400.000,-1,325.000,325.000,325.000,300.000,-1,-1,-1,-1,825.000,800.000,-1,-1,2,0,2,0,2,0,0,0,0,2,2,2,2,0,0,2,2
23,-3463.927,4592.505,-117.458,70.489,0.333286,-0.942494,-0.025026,0.942075,0.333962,-0.031055,0.037627,-0.013226,0.999204,0,0.85415,-0.57966,51.249,-1.159,-1,400.000,-1,400.000,-1,325.000,325.000,325.000,300.000,-1,-1,-1,-1,825.000,800.000,-1,-1,2,0,2,0,2,0,0,0,0,2,2,2,2,0,0,2,2
24,-3445.941,4640.174,-115.597,69.328,0.352287,-0.935524,-0.026250,0.935146,0.352987,-0.030033,0.037363,-0.013967,0.999204,0,0.84915,-0.58050,50.949,-1.161,-1,400.000,-1,400.000,-1,325.000,325.000,325.000,325.000,-1,-1,-1,-1,825.000,800.000,-1,-1,2,0,2,0,2,0,0,0,0,2,2,2,2,0,0,2,2
25,-3427.097,4687.201,-113.814,68.164,0.371192,-0.928158,-0.027181,0.927804,0.371910,-0.029369,0.037368,-0.014317,0.999199,0,0.84437,-0.58179,50.662,-1.164,-1,400.000,-1,400.000,-1,325.000,325.000,325.000,325.000,-1,-1,-1,-1,825.000,825.000,-1,-1,2,0,2,0,2,0,0,0,0,2,2,2,2,0,0,2,2
26,-3407.404,4733.588,-112.090,66.997,0.390016,-0.920392,-0.027682,0.920054,0.390737,-0.028732,0.037262,-0.014263,0.999204,0,0.83989,-0.58350,50.393,-1.167,-1,400.000,-1,400.000,-1,325.000,325.000,325.000,325.000,-1,-1,-1,-1,825.000,825.000,-1,-1,2,0,2,0,2,0,0,0,0,2,2,2,2,0,0,2,2
27,-3386.869,4779.336,-110.410,65.826,0.408764,-0.912218,-0.027744,0.911893,0.409471,-0.028020,0.036921,-0.013846,0.999222,0,0.83576,-0.58562,50.146,-1.171,-1,400.000,-1,400.000,-1,325.000,325.000,325.000,325.000,-1,-1,-1,-1,825.000,825.000,-1,-1,2,0,2,0,2,0,0,0,0,2,2,2,2,0,0,2,2
28,-3367.630,4820.398,-108.856,64.895,0.423552,-0.905447,-0.027726,0.905133,0.424244,-0.027410,0.036581,-0.013486,0.999240,0,0.75576,-0.46562,45.346,-0.931,-1,400.000,-1,400.000,-1,325.000,325.000,325.000,325.000,-1,-1,-1,-1,825.000,850.000,-1,-1,2,0,2,0,2,0,0,0,0,2,2,2,2,0,0,2,2
29,-3349.985,4856.903,-107.439,64.203,0.434460,-0.900267,-0.027652,0.899962,0.435138,-0.026890,0.036241,-0.013203,0.999256,0,0.67576,-0.34562,40.546,-0.691,-1,400.000,-1,400.000,-1,325.000,325.000,325.000,325.000,-1,-1,-1,-1,825.000,850.000,-1,-1,2,0,2,0,2,0,0,0,0,2,2,2,2,0,0,2,2
30,-3334.176,4888.963,-106.172,63.752,0.441549,-0.896814,-0.027545,0.896518,0.442216,-0.026450,0.035902,-0.013016,0.999271,0,0.59576,-0.22562,35.746,-0.451,-1,400.000,-1,400.000,-1,325.000,325.000,325.000,325.000,-1,-1,-1,-1,825.000,850.000,-1,-1,2,0,2,0,2,0,0,0,0,2,2,2,2,0,0,2,2
31,-3320.388,4916.667,-105.061,63.541,0.444863,-0.895179,-0.027422,0.894892,0.445520,-0.026079,0.035563,-0.012938,0.999284,0,0.51576,-0.10562,30.946,-0.211,-1,400.000,-1,400.000,-1,325.000,325.000,325.000,325.000,-1,-1,-1,-1,825.000,850.000,-1,-1,2,0,2,0,2,0,0,0,0,2,2,2,2,0,0,2,2
32,-3308.751,4940.080,-104.168,63.570,0.444432,-0.895404,-0.027057,0.895126,0.445071,-0.025718,0.035070,-0.012789,0.999303,0,0.43576,0.01438,26.146,0.029,-1,400.000,-1,400.000,-1,325.000,325.000,325.000,325.000,-1,-1,-1,-1,825.000,850.000,-1,-1,2,0,2,0,2,0,0,0,0,2,2,2,2,0,0,2,2
33,-3299.339,4959.239,-103.458,63.839,0.440245,-0.897483,-0.026638,0.897213,0.440866,-0.025397,0.034537,-0.012719,0.999322,0,0.35576,0.13438,21.346,0.269,-1,400.000,-1,400.000,-1,325.000,325.000,325.000,325.000,-1,-1,-1,-1,825.000,850.000,-1,-1,2,0,2,0,2,0,0,0,0,2,2,2,2,0,0,2,2
34,-3292.176,4974.154,-102.902,64.347,0.432269,-0.901360,-0.026331,0.901101,0.432879,-0.025145,0.034063,-0.012857,0.999337,0,0.27576,0.25438,16.546,0.509,-1,400.000,-1,400.000,-1,325.000,325.000,325.000,325.000,-1,-1,-1,-1,825.000,850.000,-1,-1,2,0,2,0,2,0,0,0,0,2,2,2,2,0,0,2,2
35,-3287.230,4984.808,-102.500,65.096,0.420456,-0.906936,-0.026142,0.906689,0.421061,-0.024963,0.033647,-0.013207,0.999347,0,0.19576,0.37438,11.746,0.749,-1,400.000,-1,400.000,-1,325.000,325.000,325.000,325.000,-1,-1,-1,-1,825.000,850.000,-1,-1,2,0,2,0,2,0,0,0,0,2,2,2,2,0,0,2,2
36,-3284.415,4991.157,-102.253,66.085,0.404740,-0.914060,-0.026068,0.913826,0.405345,-0.024855,0.033285,-0.013762,0.999351,0,0.11576,0.49438,6.946,0.989,-1,400.000,-1,400.000,-1,325.000,325.000,325.000,325.000,-1,-1,-1,-1,825.000,850.000,-1,-1,2,0,2,0,2,0,0,0,0,2,2,2,2,0,0,2,2
37,-3283.587,4993.137,-102.158,67.314,0.385036,-0.922533,-0.026100,0.922313,0.385646,-0.024831,0.032972,-0.014512,0.999351,0,0.03576,0.61438,2.146,1.229,-1,400.000,-1,400.000,-1,325.000,325.000,325.000,325.000,-1,-1,-1,-1,825.000,850.000,-1,-1,2,0,2,0,2,0,0,0,0,2,2,2,2,0,0,2,2
38,-3284.558,4990.667,-102.216,68.547,0.365071,-0.930611,-0.026208,0.930403,0.365691,-0.024898,0.032754,-0.015294,0.999346,0,-0.04424,0.61681,-2.654,1.234,-1,400.000,-1,400.000,-1,325.000,325.000,325.000,325.000,-1,-1,-1,-1,825.000,850.000,-1,-1,2,0,2,0,2,0,0,0,0,2,2,2,2,0,0,2,2
39,-3287.134,4983.672,-102.427,69.781,0.344929,-0.938258,-0.026371,0.938061,0.345561,-0.025067,0.032632,-0.016091,0.999338,0,-0.12424,0.61699,-7.454,1.234,-1,400.000,-1,400.000,-1,325.000,325.000,325.000,325.000,-1,-1,-1,-1,825.000,850.000,-1,-1,2,0,2,0,2,0,0,0,0,2,2,2,2,0,0,2,2
40,-3291.121,4972.084,-102.802,71.016,0.324612,-0.945476,-0.026498,0.945287,0.325256,-0.025320,0.032558,-0.016829,0.999328,0,-0.20424,0.61745,-12.254,1.235,-1,400.000,-1,400.000,-1,325.000,325.000,325.000,325.000,-1,-1,-1,-1,825.000,850.000,-1,-1,2,0,2,0,2,0,0,0,0,2,2,2,2,0,0,2,2
41,-3296.319,4955.842,-103.384,72.252,0.304130,-0.952266,-0.026360,0.952080,0.304778,-0.025578,0.032391,-0.017318,0.999325,0,-0.28424,0.61816,-17.054,1.236,-1,400.000,-1,400.000,-1,325.000,325.000,325.000,325.000,-1,-1,-1,-1,825.000,850.000,-1,-1,2,0,2,0,2,0,0,0,0,2,2,2,2,0,0,2,2
42,-3302.530,4934.888,-104.115,73.491,0.283475,-0.958622,-0.026181,0.958436,0.284128,-0.025925,0.032290,-0.017744,0.999321,0,-0.36424,0.61907,-21.854,1.238,-1,400.000,-1,400.000,-1,325.000,325.000,325.000,325.000,-1,-1,-1,-1,825.000,850.000,-1,-1,2,0,2,0,2,0,0,0,0,2,2,2,2,0,0,2,2
43,-3309.549,4909.175,-104.988,74.731,0.262653,-0.964541,-0.025949,0.964351,0.263311,-0.026363,0.032261,-0.018100,0.999316,0,-0.44424,0.62013,-26.654,1.240,-1,400.000,-1,400.000,-1,325.000,325.000,325.000,325.000,-1,-1,-1,-1,825.000,825.000,-1,-1,2,0,2,0,2,0,0,0,0,2,2,2,2,0,0,2,2
44,-3317.016,4879.288,-105.974,75.973,0.241670,-0.970019,-0.025657,0.969821,0.242332,-0.026886,0.032298,-0.018385,0.999309,0,-0.51343,0.62127,-30.806,1.243,-1,400.000,-1,400.000,-1,325.000,325.000,325.000,325.000,-1,-1,-1,-1,825.000,825.000,-1,-1,2,0,2,0,2,0,0,0,0,2,2,2,2,0,0,2,2
45,-3323.794,4849.412,-106.934,77.218,0.220536,-0.975050,-0.025319,0.974843,0.221201,-0.027415,0.032332,-0.018636,0.999303,0,-0.51059,0.62240,-30.635,1.245,-1,400.000,-1,400.000,-1,325.000,325.000,325.000,325.000,-1,-1,-1,-1,825.000,825.000,-1,-1,2,0,2,0,2,0,0,0,0,2,2,2,2,0,0,2,2
46,-3329.884,4819.571,-107.866,78.465,0.199266,-0.979628,-0.024937,0.979411,0.199934,-0.027949,0.032365,-0.018854,0.999298,0,-0.50761,0.62333,-30.456,1.247,-1,400.000,-1,400.000,-1,325.000,325.000,325.000,325.000,-1,-1,-1,-1,850.000,825.000,-1,-1,2,0,2,0,2,0,0,0,0,2,2,2,2,0,0,2,2
47,-3335.290,4789.787,-108.771,79.713,0.177879,-0.983747,-0.024512,0.983519,0.178548,-0.028485,0.032398,-0.019041,0.999294,0,-0.50451,0.62406,-30.271,1.248,-1,400.000,-1,400.000,-1,325.000,325.000,325.000,325.000,-1,-1,-1,-1,850.000,800.000,-1,-1,2,0,2,0,2,0,0,0,0,2,2,2,2,0,0,2,2
48,-3340.015,4760.080,-109.651,80.962,0.156390,-0.987403,-0.024044,0.987163,0.157059,-0.029021,0.032431,-0.019197,0.999290,0,-0.50133,0.62458,-30.080,1.249,-1,400.000,-1,400.000,-1,325.000,325.000,325.000,325.000,-1,-1,-1,-1,850.000,800.000,-1,-1,2,0,2,0,2,0,0,0,0,2,2,2,2,0,0,2,2
49,-3344.065,4730.470,-110.505,82.212,0.134816,-0.990591,-0.023535,0.990339,0.135484,-0.029555,0.032466,-0.019323,0.999286,0,-0.49809,0.62490,-29.886,1.250,-1,400.000,-1,400.000,-1,325.000,325.000,325.000,325.000,-1,-1,-1,-1,850.000,800.000,-1,-1,2,0,2,0,2,0,0,0,0,2,2,2,2,0,0,2,2
50,-3347.446,4700.973,-111.334,83.462,0.113175,-0.993309,-0.022987,0.993043,0.113841,-0.030086,0.032502,-0.019422,0.999283,0,-0.49483,0.62503,-29.690,1.250,-1,400.000,-1,400.000,-1,325.000,325.000,325.000,325.000,-1,-1,-1,-1,850.000,800.000,-1,-1,2,0,2,0,2,0,0,0,0,2,2,2,2,0,0,2,2
51,-3350.164,4671.605,-112.139,84.712,0.091484,-0.995555,-0.022401,0.995275,0.092147,-0.030612,0.032540,-0.019494,0.999280,0,-0.49157,0.62496,-29.494,1.250,-1,400.000,-1,400.000,-1,325.000,325.000,325.000,325.000,-1,-1,-1,-1,850.000,800.000,-1,-1,2,0,2,0,2,0,0,0,0,2,2,2,2,0,0,2,2
52,-3352.228,4642.377,-112.921,85.961,0.069758,-0.997326,-0.021778,0.997032,0.070417,-0.031131,0.032581,-0.019541,0.999278,0,-0.48834,0.62470,-29.300,1.249,-1,400.000,-1,400.000,-1,325.000,325.000,325.000,325.000,-1,-1,-1,-1,850.000,775.000,-1,-1,2,0,2,0,2,0,0,0,0,2,2,2,2,0,0,2,2
53,-3353.645,4613.302,-113.681,87.210,0.048016,-0.998623,-0.021119,0.998314,0.048670,-0.031642,0.032626,-0.019565,0.999276,0,-0.48517,0.62424,-29.110,1.248,-1,400.000,-1,400.000,-1,325.000,325.000,325.000,325.000,-1,-1,-1,-1,875.000,775.000,-1,-1,2,0,2,0,2,0,0,0,0,2,2,2,2,0,0,2,2
54,-3354.401,4589.004,-114.389,88.218,0.030444,-0.999327,-0.020461,0.999009,0.031087,-0.031843,0.032458,-0.019471,0.999283,0,-0.40517,0.50424,-24.310,1.008,-1,400.000,-1,400.000,-1,325.000,325.000,325.000,325.000,-1,-1,-1,-1,875.000,775.000,-1,-1,2,0,2,0,2,0,0,0,0,2,2,2,2,0,0,2,2
55,-3354.746,4569.497,-115.091,88.987,0.017046,-0.999654,-0.020023,0.999333,0.017681,-0.031958,0.032301,-0.019465,0.999289,0,-0.32517,0.38424,-19.510,0.768,-1,400.000,-1,400.000,-1,325.000,325.000,325.000,325.000,-1,-1,-1,-1,875.000,775.000,-1,-1,2,0,2,0,2,0,0,0,0,2,2,2,2,0,0,2,2
56,-3354.870,4554.787,-115.648,89.515,0.007825,-0.999773,-0.019812,0.999448,0.008459,-0.032117,0.032278,-0.019550,0.999288,0,-0.24517,0.26424,-14.710,0.528,-1,400.000,-1,400.000,-1,325.000,325.000,325.000,325.000,-1,-1,-1,-1,875.000,775.000,-1,-1,2,0,2,0,2,0,0,0,0,2,2,2,2,0,0,2,2
57,-3354.904,4544.877,-116.021,89.804,0.002792,-0.999803,-0.019661,0.999474,0.003425,-0.032236,0.032297,-0.019561,0.999287,0,-0.16517,0.14424,-9.910,0.288,-1,400.000,-1,400.000,-1,325.000,325.000,325.000,300.000,-1,-1,-1,-1,875.000,775.000,-1,-1,2,0,2,0,2,0,0,0,0,2,2,2,2,0,0,2,2
58,-3354.917,4539.767,-116.212,89.852,0.001947,-0.999807,-0.019574,0.999474,0.002579,-0.032313,0.032357,-0.019501,0.999286,0,-0.08517,0.02424,-5.110,0.048,-1,400.000,-1,400.000,-1,325.000,325.000,325.000,300.000,-1,-1,-1,-1,875.000,775.000,-1,-1,2,0,2,0,2,0,0,0,0,2,2,2,2,0,0,2,2
59,-3354.918,4539.458,-116.223,89.827,0.002391,-0.999806,-0.019567,0.999473,0.003023,-0.032322,0.032375,-0.019479,0.999286,0,-0.00517,-0.01272,-0.310,-0.025,-1,400.000,-1,400.000,-1,325.000,325.000,325.000,300.000,-1,-1,-1,-1,875.000,775.000,-1,-1,2,0,2,0,2,0,0,0,0,2,2,2,2,0,0,2,2
60,-3354.903,4543.948,-116.055,89.801,0.002835,-0.999803,-0.019644,0.999474,0.003468,-0.032252,0.032314,-0.019542,0.999287,0,0.07483,-0.01273,4.490,-0.025,-1,400.000,-1,400.000,-1,325.000,325.000,325.000,300.000,-1,-1,-1,-1,875.000,775.000,-1,-1,2,0,2,0,2,0,0,0,0,2,2,2,2,0,0,2,2
61,-3354.866,4553.238,-115.708,89.776,0.003271,-0.999798,-0.019806,0.999477,0.003906,-0.032103,0.032174,-0.019690,0.999288,0,0.15483,-0.01257,9.290,-0.025,-1,400.000,-1,400.000,-1,325.000,325.000,325.000,325.000,-1,-1,-1,-1,875.000,775.000,-1,-1,2,0,2,0,2,0,0,0,0,2,2,2,2,0,0,2,2
62,-3354.805,4567.328,-115.182,89.752,0.003695,-0.999792,-0.020052,0.999482,0.004333,-0.031874,0.031954,-0.019923,0.999291,0,0.23483,-0.01223,14.090,-0.024,-1,400.000,-1,400.000,-1,325.000,325.000,325.000,325.000,-1,-1,-1,-1,875.000,775.000,-1,-1,2,0,2,0,2,0,0,0,0,2,2,2,2,0,0,2,2
63,-3354.636,4586.217,-114.486,89.487,0.008304,-0.999757,-0.020404,0.999459,0.008947,-0.031650,0.031825,-0.020130,0.999291,0,0.31483,-0.13223,18.890,-0.264,-1,400.000,-1,400.000,-1,325.000,325.000,325.000,325.000,-1,-1,-1,-1,875.000,800.000,-1,-1,2,0,2,0,2,0,0,0,0,2,2,2,2,0,0,2,2
64,-3354.216,4609.903,-113.813,88.983,0.017097,-0.999636,-0.020885,0.999349,0.017749,-0.031424,0.031783,-0.020334,0.999288,0,0.39483,-0.25223,23.690,-0.504,-1,400.000,-1,400.000,-1,325.000,325.000,325.000,325.000,-1,-1,-1,-1,875.000,800.000,-1,-1,2,0,2,0,2,0,0,0,0,2,2,2,2,0,0,2,2
65,-3353.340,4638.380,-113.055,88.238,0.030081,-0.999319,-0.021360,0.999047,0.030735,-0.030979,0.031614,-0.020408,0.999292,0,0.47483,-0.37223,28.490,-0.744,-1,400.000,-1,400.000,-1,325.000,325.000,325.000,325.000,-1,-1,-1,-1,875.000,800.000,-1,-1,2,0,2,0,2,0,0,0,0,2,2,2,2,0,0,2,2
66,-3351.745,4671.632,-112.158,87.254,0.047244,-0.998643,-0.021915,0.998387,0.047900,-0.030464,0.031472,-0.020441,0.999296,0,0.55483,-0.49223,33.290,-0.984,-1,400.000,-1,400.000,-1,325.000,325.000,325.000,325.000,-1,-1,-1,-1,875.000,800.000,-1,-1,2,0,2,0,2,0,0,0,0,2,2,2,2,0,0,2,2
67,-3349.364,4707.779,-111.190,86.232,0.065043,-0.997627,-0.022585,0.997394,0.065702,-0.029802,0.031215,-0.020588,0.999301,0,0.60375,-0.51093,36.225,-1.022,-1,400.000,-1,400.000,-1,325.000,325.000,325.000,325.000,-1,-1,-1,-1,850.000,800.000,-1,-1,2,0,2,0,2,0,0,0,0,2,2,2,2,0,0,2,2
68,-3346.356,4743.684,-110.210,85.211,0.082805,-0.996295,-0.023213,0.996084,0.083467,-0.029142,0.030972,-0.020709,0.999306,0,0.60053,-0.51047,36.032,-1.021,-1,400.000,-1,400.000,-1,325.000,325.000,325.000,325.000,-1,-1,-1,-1,850.000,800.000,-1,-1,2,0,2,0,2,0,0,0,0,2,2,2,2,0,0,2,2
69,-3342.729,4779.336,-109.215,84.191,0.100535,-0.994649,-0.023799,0.994458,0.101197,-0.028487,0.030742,-0.020803,0.999311,0,0.59726,-0.51024,35.835,-1.020,-1,400.000,-1,400.000,-1,325.000,325.000,325.000,300.000,-1,-1,-1,-1,850.000,800.000,-1,-1,2,0,2,0,2,0,0,0,0,2,2,2,2,0,0,2,2
70,-3338.491,4814.722,-108.206,83.170,0.118234,-0.992687,-0.024342,0.992516,0.118896,-0.027836,0.030527,-0.020869,0.999316,0,0.59398,-0.51025,35.639,-1.020,-1,400.000,-1,400.000,-1,325.000,325.000,325.000,300.000,-1,-1,-1,-1,850.000,800.000,-1,-1,2,0,2,0,2,0,0,0,0,2,2,2,2,0,0,2,2
71,-3333.650,4849.833,-107.181,82.149,0.135904,-0.990411,-0.024843,0.990258,0.136565,-0.027191,0.030323,-0.020905,0.999321,0,0.59073,-0.51049,35.444,-1.021,-1,400.000,-1,400.000,-1,325.000,325.000,325.000,300.000,-1,-1,-1,-1,850.000,800.000,-1,-1,2,0,2,0,2,0,0,0,0,2,2,2,2,0,0,2,2
72,-3328.212,4884.663,-106.142,81.127,0.153548,-0.987817,-0.025301,0.987682,0.154207,-0.026554,0.030132,-0.020912,0.999327,0,0.58753,-0.51096,35.252,-1.022,-1,400.000,-1,400.000,-1,325.000,325.000,325.000,300.000,-1,-1,-1,-1,850.000,800.000,-1,-1,2,0,2,0,2,0,0,0,0,2,2,2,2,0,0,2,2
73,-3322.186,4919.206,-105.086,80.104,0.171168,-0.984906,-0.025717,0.984786,0.171824,-0.025925,0.029953,-0.020888,0.999333,0,0.58442,-0.51165,35.065,-1.023,-1,400.000,-1,400.000,-1,325.000,325.000,325.000,300.000,-1,-1,-1,-1,850.000,825.000,-1,-1,2,0,2,0,2,0,0,0,0,2,2,2,2,0,0,2,2
74,-3315.577,4953.460,-104.013,79.079,0.188765,-0.981676,-0.026089,0.981571,0.189417,-0.025306,0.029784,-0.020831,0.999339,0,0.58142,-0.51256,34.885,-1.025,-1,400.000,-1,400.000,-1,325.000,325.000,325.000,300.000,-1,-1,-1,-1,825.000,825.000,-1,-1,2,0,2,0,2,0,0,0,0,2,2,2,2,0,0,2,2
75,-3308.390,4987.422,-102.924,78.051,0.206341,-0.978123,-0.026418,0.978032,0.206989,-0.024697,0.029625,-0.020742,0.999346,0,0.57857,-0.51369,34.714,-1.027,-1,400.000,-1,400.000,-1,325.000,325.000,325.000,325.000,-1,-1,-1,-1,825.000,825.000,-1,-1,2,0,2,0,2,0,0,0,0,2,2,2,2,0,0,2,2
76,-3300.629,5021.092,-101.816,77.021,0.223897,-0.974247,-0.026704,0.974167,0.224539,-0.024100,0.029475,-0.020619,0.999353,0,0.57587,-0.51502,34.552,-1.030,-1,400.000,-1,400.000,-1,325.000,325.000,325.000,325.000,-1,-1,-1,-1,825.000,825.000,-1,-1,2,0,2,0,2,0,0,0,0,2,2,2,2,0,0,2,2
77,-3292.300,5054.470,-100.689,75.988,0.241434,-0.970043,-0.026947,0.969974,0.242070,-0.023515,0.029334,-0.020460,0.999360,0,0.57337,-0.51656,34.402,-1.033,-1,400.000,-1,400.000,-1,325.000,325.000,325.000,325.000,-1,-1,-1,-1,825.000,850.000,-1,-1,2,0,2,0,2,0,0,0,0,2,2,2,2,0,0,2,2
78,-3283.404,5087.559,-99.543,74.952,0.258951,-0.965509,-0.027146,0.965449,0.259580,-0.022945,0.029200,-0.020266,0.999368,0,0.57106,-0.51830,34.264,-1.037,-1,400.000,-1,400.000,-1,325.000,325.000,325.000,325.000,-1,-1,-1,-1,825.000,850.000,-1,-1,2,0,2,0,2,0,0,0,0,2,2,2,2,0,0,2,2
79,-3273.943,5120.361,-98.404,73.911,0.276454,-0.960643,-0.027182,0.960590,0.277071,-0.022339,0.028992,-0.019935,0.999381,0,0.56898,-0.52022,34.139,-1.040,-1,400.000,-1,400.000,-1,325.000,325.000,325.000,325.000,-1,-1,-1,-1,825.000,850.000,-1,-1,2,0,2,0,2,0,0,0,0,2,2,2,2,0,0,2,2
80,-3263.918,5152.879,-97.361,72.867,0.293951,-0.955443,-0.026848,0.955393,0.294543,-0.021627,0.028571,-0.019293,0.999406,0,0.56713,-0.52233,34.028,-1.045,-1,400.000,-1,400.000,-1,325.000,325.000,325.000,325.000,-1,-1,-1,-1,825.000,850.000,-1,-1,2,0,2,0,2,0,0,0,0,2,2,2,2,0,0,2,2
81,-3253.330,5185.116,-96.402,71.817,0.311409,-0.949895,-0.026896,0.949851,0.311991,-0.021068,0.028404,-0.018987,0.999416,0,0.56553,-0.52462,33.932,-1.049,-1,400.000,-1,400.000,-1,325.000,325.000,325.000,325.000,-1,-1,-1,-1,825.000,850.000,-1,-1,2,0,2,0,2,0,0,0,0,2,2,2,2,0,0,2,2
82,-3242.177,5217.078,-95.541,70.763,0.328841,-0.943993,-0.027233,0.943970,0.329414,-0.020152,0.027994,-0.019080,0.999426,0,0.56419,-0.52709,33.851,-1.054,-1,400.000,-1,400.000,-1,325.000,325.000,325.000,325.000,-1,-1,-1,-1,825.000,850.000,-1,-1,2,0,2,0,2,0,0,0,0,2,2,2,2,0,0,2,2
83,-3230.457,5248.766,-94.678,69.704,0.346247,-0.937739,-0.027542,0.937737,0.346812,-0.019250,0.027603,-0.019162,0.999435,0,0.56311,-0.52973,33.786,-1.059,-1,400.000,-1,400.000,-1,325.000,325.000,325.000,325.000,-1,-1,-1,-1,825.000,875.000,-1,-1,2,0,2,0,2,0,0,0,0,2,2,2,2,0,0,2,2
84,-3217.677,5281.443,-93.765,68.639,0.363625,-0.931131,-0.027791,0.931149,0.364179,-0.018308,0.027168,-0.019221,0.999446,0,0.58478,-0.53245,35.087,-1.065,-1,400.000,-1,400.000,-1,325.000,325.000,325.000,325.000,-1,-1,-1,-1,825.000,875.000,-1,-1,2,0,2,0,2,0,0,0,0,2,2,2,2,0,0,2,2
85,-3204.341,5313.752,-92.860,67.572,0.380915,-0.924188,-0.027918,0.924222,0.381456,-0.017445,0.026772,-0.019158,0.999458,0,0.58256,-0.53353,34.954,-1.067,-1,400.000,-1,400.000,-1,325.000,325.000,325.000,325.000,-1,-1,-1,-1,825.000,875.000,-1,-1,2,0,2,0,2,0,0,0,0,2,2,2,2,0,0,2,2
86,-3190.454,5345.694,-92.038,66.502,0.398117,-0.916915,-0.027761,0.916948,0.398645,-0.016978,0.026634,-0.018696,0.999470,0,0.58049,-0.53482,34.830,-1.070,-1,400.000,-1,400.000,-1,325.000,325.000,325.000,325.000,-1,-1,-1,-1,825.000,875.000,-1,-1,2,0,2,0,2,0,0,0,0,2,2,2,2,0,0,2,2
87,-3176.019,5377.265,-91.203,65.430,0.415229,-0.909300,-0.027541,0.909332,0.415744,-0.016526,0.026477,-0.018182,0.999484,0,0.57859,-0.53631,34.715,-1.073,-1,400.000,-1,400.000,-1,325.000,325.000,325.000,325.000,-1,-1,-1,-1,825.000,875.000,-1,-1,2,0,2,0,2,0,0,0,0,2,2,2,2,0,0,2,2
88,-3161.038,5408.467,-90.439,64.354,0.432264,-0.901347,-0.026873,0.901371,0.432753,-0.016001,0.026051,-0.017306,0.999511,0,0.57686,-0.53800,34.611,-1.076,-1,400.000,-1,400.000,-1,325.000,325.000,325.000,325.000,-1,-1,-1,-1,825.000,900.000,-1,-1,2,0,2,0,2,0,0,0,0,2,2,2,2,0,0,2,2
89,-3145.514,5439.299,-89.679,63.274,0.449209,-0.893047,-0.026055,0.893061,0.449669,-0.015492,0.025551,-0.016309,0.999540,0,0.57533,-0.53988,34.520,-1.080,-1,400.000,-1,400.000,-1,325.000,325.000,300.000,325.000,-1,-1,-1,-1,825.000,900.000,-1,-1,2,0,2,0,2,0,0,0,0,2,2,2,2,0,0,2,2
90,-3129.446,5469.761,-88.905,62.190,0.466060,-0.884395,-0.025174,0.884399,0.466489,-0.015023,0.025030,-0.015262,0.999570,0,0.57401,-0.54196,34.441,-1.084,-1,400.000,-1,400.000,-1,325.000,325.000,325.000,325.000,-1,-1,-1,-1,825.000,900.000,-1,-1,2,0,2,0,2,0,0,0,0,2,2,2,2,0,0,2,2
91,-3112.833,5499.855,-88.116,61.101,0.482813,-0.875388,-0.024230,0.875381,0.483213,-0.014597,0.024487,-0.014163,0.999600,0,0.57291,-0.54422,34.375,-1.088,-1,375.000,-1,425.000,-1,325.000,325.000,325.000,325.000,-1,-1,-1,-1,825.000,900.000,-1,-1,2,0,2,0,2,0,0,0,0,2,2,2,2,0,0,2,2
92,-3095.676,5529.582,-87.313,60.008,0.499465,-0.866023,-0.023224,0.866004,0.499835,-0.014216,0.023920,-0.013012,0.999629,0,0.57205,-0.54665,34.323,-1.093,-1,375.000,-1,425.000,-1,325.000,325.000,325.000,325.000,-1,-1,-1,-1,850.000,925.000,-1,-1,2,0,2,0,2,0,0,0,0,2,2,2,2,0,0,2,2
93,-3075.730,5562.981,-86.387,59.155,0.512348,-0.858495,-0.022050,0.858467,0.512684,-0.013770,0.023126,-0.011875,0.999662,0,0.64835,-0.42665,38.901,-0.853,-1,400.000,-1,425.000,-1,325.000,325.000,325.000,325.000,-1,-1,-1,-1,850.000,925.000,-1,-1,2,0,2,0,2,0,0,0,0,2,2,2,2,0,0,2,2
94,-3055.433,5596.158,-85.447,58.541,0.521547,-0.852968,-0.020839,0.852933,0.521851,-0.013309,0.022227,-0.010832,0.999694,0,0.64822,-0.30665,38.893,-0.613,-1,400.000,-1,425.000,-1,325.000,325.000,325.000,325.000,-1,-1,-1,-1,875.000,925.000,-1,-1,2,0,2,0,2,0,0,0,0,2,2,2,2,0,0,2,2
95,-3034.911,5629.215,-84.497,58.168,0.527131,-0.849558,-0.019599,0.849519,0.527402,-0.012813,0.021222,-0.009895,0.999726,0,0.64850,-0.18665,38.910,-0.373,-1,400.000,-1,425.000,-1,325.000,325.000,325.000,325.000,-1,-1,-1,-1,875.000,950.000,-1,-1,2,0,2,0,2,0,0,0,0,2,2,2,2,0,0,2,2
96,-3015.238,5660.742,-83.582,58.035,0.529140,-0.848335,-0.018401,0.848295,0.529381,-0.012287,0.020164,-0.009108,0.999755,0,0.61935,-0.06665,37.161,-0.133,-1,400.000,-1,425.000,-1,325.000,325.000,325.000,325.000,-1,-1,-1,-1,875.000,950.000,-1,-1,2,0,2,0,2,0,0,0,0,2,2,2,2,0,0,2,2
97,-2995.543,5692.403,-82.658,58.117,0.527959,-0.849096,-0.017196,0.849057,0.528172,-0.011689,0.019007,-0.008429,0.999784,0,0.62146,0.04093,37.287,0.082,-1,400.000,-1,425.000,-1,325.000,325.000,325.000,325.000,-1,-1,-1,-1,875.000,950.000,-1,-1,2,0,2,0,2,0,0,0,0,2,2,2,2,0,0,2,2
98,-2975.798,5724.223,-81.906,58.180,0.527039,-0.849690,-0.016043,0.849642,0.527230,-0.011675,0.018378,-0.007478,0.999803,0,0.62414,0.03188,37.448,0.064,-1,400.000,-1,425.000,-1,325.000,325.000,325.000,325.000,-1,-1,-1,-1,900.000,950.000,-1,-1,2,0,2,0,2,0,0,0,0,2,2,2,2,0,0,2,2
99,-2955.986,5756.209,-81.225,58.226,0.526390,-0.850111,-0.014977,0.850053,0.526563,-0.011866,0.017974,-0.006485,0.999817,0,0.62708,0.02260,37.625,0.045,-1,400.000,-1,425.000,-1,325.000,325.000,325.000,300.000,-1,-1,-1,-1,900.000,950.000,-1,-1,2,0,2,0,2,0,0,0,0,2,2,2,2,0,0,2,2
100,-2936.087,5788.367,-80.539,58.252,0.526024,-0.850357,-0.013882,0.850289,0.526178,-0.012069,0.017567,-0.005455,0.999831,0,0.63028,0.01308,37.817,0.026,-1,425.000,-1,425.000,-1,325.000,325.000,325.000,300.000,-1,-1,-1,-1,925.000,975.000,-1,-1,2,0,2,0,2,0,0,0,0,2,2,2,2,0,0,2,2
101,-2916.083,5820.705,-79.898,58.259,0.525945,-0.850422,-0.012842,0.850349,0.526082,-0.012041,0.016996,-0.004587,0.999845,0,0.63375,0.00333,38.025,0.007,-1,425.000,-1,425.000,-1,325.000,325.000,325.000,300.000,-1,-1,-1,-1,950.000,975.000,-1,-1,2,0,2,0,2,0,0,0,0,2,2,2,2,0,0,2,2
102,-2895.953,5853.229,-79.411,58.245,0.526160,-0.850300,-0.012050,0.850237,0.526280,-0.011239,0.015899,-0.004332,0.999864,0,0.63750,-0.00667,38.250,-0.013,-1,425.000,-1,425.000,-1,350.000,350.000,325.000,300.000,-1,-1,-1,-1,950.000,975.000,-1,-1,2,0,2,0,2,0,0,0,0,2,2,2,2,0,0,2,2
103,-2875.676,5885.947,-79.110,58.211,0.526676,-0.849987,-0.011561,0.849948,0.526781,-0.009504,0.014168,-0.004821,0.999888,0,0.64153,-0.01691,38.492,-0.034,-1,425.000,-1,425.000,-1,350.000,350.000,325.000,300.000,-1,-1,-1,-1,950.000,975.000,-1,-1,2,0,2,0,2,0,0,0,0,2,2,2,2,0,0,2,2
104,-2855.231,5918.866,-78.841,58.157,0.527504,-0.849480,-0.011097,0.849463,0.527593,-0.007600,0.012311,-0.005418,0.999910,0,0.64585,-0.02741,38.751,-0.055,-1,425.000,-1,425.000,-1,350.000,350.000,325.000,300.000,-1,-1,-1,-1,950.000,975.000,-1,-1,2,0,2,0,2,0,0,0,0,2,2,2,2,0,0,2,2
105,-2834.596,5951.992,-78.573,58.080,0.528650,-0.848774,-0.010604,0.848776,0.528722,-0.005674,0.010422,-0.006001,0.999928,0,0.65046,-0.03818,39.028,-0.076,-1,425.000,-1,425.000,-1,350.000,350.000,325.000,325.000,-1,-1,-1,-1,925.000,975.000,-1,-1,2,0,2,0,2,0,0,0,0,2,2,2,2,0,0,2,2
106,-2813.747,5985.333,-78.344,57.982,0.530122,-0.847862,-0.010019,0.847877,0.530178,-0.003889,0.008609,-0.006433,0.999942,0,0.65538,-0.04920,39.323,-0.098,-1,425.000,-1,425.000,-1,325.000,350.000,325.000,325.000,-1,-1,-1,-1,925.000,975.000,-1,-1,2,0,2,0,2,0,0,0,0,2,2,2,2,0,0,2,2
107,-2792.662,6018.895,-78.224,57.861,0.531927,-0.846740,-0.009232,0.846761,0.531968,-0.002555,0.007075,-0.006458,0.999954,0,0.66061,-0.06051,39.637,-0.121,-1,425.000,-1,425.000,-1,325.000,350.000,325.000,325.000,-1,-1,-1,-1,925.000,950.000,-1,-1,2,0,2,0,2,0,0,0,0,2,2,2,2,0,0,2,2
108,-2771.313,6052.686,-78.108,57.717,0.534069,-0.845399,-0.008402,0.845423,0.534097,-0.001212,0.005512,-0.006456,0.999964,0,0.66616,-0.07209,39.970,-0.144,-1,425.000,-1,425.000,-1,325.000,350.000,325.000,325.000,-1,-1,-1,-1,925.000,950.000,-1,-1,2,0,2,0,2,0,0,0,0,2,2,2,2,0,0,2,2
109,-2749.681,6086.707,-77.997,57.549,0.536551,-0.843834,-0.007525,0.843859,0.536565,0.000141,0.003919,-0.006426,0.999972,0,0.67193,-0.08372,40.316,-0.167,-1,425.000,-1,425.000,-1,325.000,350.000,325.000,325.000,-1,-1,-1,-1,925.000,950.000,-1,-1,2,0,2,0,2,0,0,0,0,2,2,2,2,0,0,2,2
110,-2730.660,6116.700,-78.080,57.619,0.535543,-0.844488,-0.005855,0.844506,0.535545,0.001373,0.001976,-0.005680,0.999982,0,0.59193,0.03470,35.516,0.069,-1,425.000,-1,425.000,-1,325.000,325.000,325.000,325.000,-1,-1,-1,-1,925.000,950.000,-1,-1,2,0,2,0,2,0,0,0,0,2,2,2,2,0,0,2,2
111,-2714.242,6142.659,-78.165,57.688,0.534529,-0.845139,-0.004350,0.845150,0.534524,0.002443,0.000261,-0.004982,0.999988,0,0.51193,0.03470,30.716,0.069,-1,425.000,-1,425.000,-1,325.000,325.000,325.000,325.000,-1,-1,-1,-1,925.000,925.000,-1,-1,2,0,2,0,2,0,0,0,0,2,2,2,2,0,0,2,2
112,-2700.416,6164.579,-78.239,57.757,0.533510,-0.845788,-0.003072,0.845793,0.533501,0.003345,-0.001190,-0.004383,0.999990,0,0.43193,0.03470,25.916,0.069,-1,425.000,-1,425.000,-1,325.000,325.000,325.000,325.000,-1,-1,-1,-1,925.000,925.000,-1,-1,2,0,2,0,2,0,0,0,0,2,2,2,2,0,0,2,2
113,-2689.172,6182.452,-78.301,57.827,0.532488,-0.846435,-0.002025,0.846434,0.532477,0.004078,-0.002374,-0.003886,0.999990,0,0.35193,0.03470,21.116,0.069,-1,400.000,-1,425.000,-1,325.000,325.000,325.000,325.000,-1,-1,-1,-1,900.000,925.000,-1,-1,2,0,2,0,2,0,0,0,0,2,2,2,2,0,0,2,2
114,-2680.501,6196.273,-78.350,57.896,0.531462,-0.847081,-0.001212,0.847075,0.531452,0.004645,-0.003291,-0.003495,0.999988,0,0.27193,0.03470,16.316,0.069,-1,400.000,-1,425.000,-1,325.000,325.000,325.000,325.000,-1,-1,-1,-1,900.000,925.000,-1,-1,2,0,2,0,2,0,0,0,0,2,2,2,2,0,0,2,2
115,-2674.393,6206.035,-78.394,57.966,0.530436,-0.847725,-0.000595,0.847716,0.530426,0.005047,-0.003963,-0.003182,0.999987,0,0.19193,0.03470,11.516,0.069,-1,400.000,-1,425.000,-1,325.000,325.000,325.000,300.000,-1,-1,-1,-1,900.000,925.000,-1,-1,2,0,2,0,2,0,0,0,0,2,2,2,2,0,0,2,2
116,-2670.837,6211.732,-78.434,58.035,0.529408,-0.848367,-0.000165,0.848356,0.529400,0.005288,-0.004399,-0.002939,0.999986,0,0.11193,0.03470,6.716,0.069,-1,400.000,-1,425.000,-1,325.000,325.000,325.000,300.000,-1,-1,-1,-1,900.000,900.000,-1,-1,2,0,2,0,2,0,0,0,0,2,2,2,2,0,0,2,2
117,-2669.825,6213.359,-78.445,58.104,0.528380,-0.849008,-0.000039,0.848996,0.528372,0.005352,-0.004523,-0.002861,0.999986,0,0.03193,0.03470,1.916,0.069,-1,400.000,-1,425.000,-1,325.000,325.000,325.000,300.000,-1,-1,-1,-1,900.000,900.000,-1,-1,2,0,2,0,2,0,0,0,0,2,2,2,2,0,0,2,2
118,-2671.346,6210.908,-78.428,58.174,0.527351,-0.849647,-0.000217,0.849636,0.527343,0.005238,-0.004336,-0.002947,0.999986,0,-0.04807,0.03470,-2.884,0.069,-1,400.000,-1,425.000,-1,325.000,325.000,325.000,300.000,-1,-1,-1,-1,900.000,900.000,-1,-1,2,0,2,0,2,0,0,0,0,2,2,2,2,0,0,2,2
119,-2675.390,6204.374,-78.383,58.243,0.526322,-0.850285,-0.000691,0.850277,0.526313,0.004946,-0.003842,-0.003191,0.999988,0,-0.12807,0.03470,-7.684,0.069,-1,400.000,-1,425.000,-1,325.000,325.000,325.000,300.000,-1,-1,-1,-1,900.000,925.000,-1,-1,2,0,2,0,2,0,0,0,0,2,2,2,2,0,0,2,2
120,-2681.948,6193.751,-78.345,58.313,0.525292,-0.850921,-0.001292,0.850916,0.525282,0.004495,-0.003146,-0.003460,0.999989,0,-0.20807,0.03470,-12.484,0.069,-1,400.000,-1,425.000,-1,325.000,325.000,325.000,325.000,-1,-1,-1,-1,900.000,925.000,-1,-1,2,0,2,0,2,0,0,0,0,2,2,2,2,0,0,2,2
121,-2689.937,6180.775,-78.300,58.382,0.524260,-0.851556,-0.002023,0.851555,0.524250,0.003944,-0.002298,-0.003790,0.999990,0,-0.25397,0.03470,-15.238,0.069,-1,400.000,-1,425.000,-1,325.000,325.000,325.000,325.000,-1,-1,-1,-1,900.000,925.000,-1,-1,2,0,2,0,2,0,0,0,0,2,2,2,2,0,0,2,2
122,-2697.910,6167.789,-78.255,58.451,0.523227,-0.852189,-0.002749,0.852192,0.523218,0.003390,-0.001451,-0.004116,0.999990,0,-0.25397,0.03470,-15.238,0.069,-1,425.000,-1,425.000,-1,325.000,325.000,325.000,325.000,-1,-1,-1,-1,925.000,925.000,-1,-1,2,0,2,0,2,0,0,0,0,2,2,2,2,0,0,2,2
123,-2705.867,6154.793,-78.211,58.521,0.522192,-0.852821,-0.003471,0.852828,0.522185,0.002834,-0.000605,-0.004440,0.999990,0,-0.25397,0.03470,-15.238,0.069,-1,425.000,-1,425.000,-1,325.000,325.000,325.000,325.000,-1,-1,-1,-1,925.000,925.000,-1,-1,2,0,2,0,2,0,0,0,0,2,2,2,2,0,0,2,2
124,-2713.809,6141.788,-78.167,58.590,0.521155,-0.853452,-0.004187,0.853462,0.521150,0.002276,0.000240,-0.004760,0.999989,0,-0.25397,0.03470,-15.238,0.069,-1,425.000,-1,425.000,-1,325.000,325.000,325.000,325.000,-1,-1,-1,-1,925.000,925.000,-1,-1,2,0,2,0,2,0,0,0,0,2,2,2,2,0,0,2,2
125,-2721.735,6128.773,-78.123,58.660,0.520117,-0.854081,-0.004899,0.854094,0.520115,0.001715,0.001083,-0.005076,0.999987,0,-0.25397,0.03470,-15.238,0.069,-1,425.000,-1,425.000,-1,325.000,325.000,325.000,325.000,-1,-1,-1,-1,925.000,950.000,-1,-1,2,0,2,0,2,0,0,0,0,2,2,2,2,0,0,2,2
126,-2729.645,6115.748,-78.080,58.729,0.519077,-0.854709,-0.005606,0.854725,0.519080,0.001153,0.001925,-0.005390,0.999984,0,-0.25397,0.03470,-15.238,0.069,-1,425.000,-1,425.000,-1,325.000,325.000,325.000,325.000,-1,-1,-1,-1,925.000,950.000,-1,-1,2,0,2,0,2,0,0,0,0,2,2,2,2,0,0,2,2
127,-2735.015,6106.797,-78.052,59.038,0.514451,-0.857499,-0.006031,0.857516,0.514456,0.000717,0.002488,-0.005541,0.999982,0,-0.17397,0.15470,-10.438,0.309,-1,425.000,-1,425.000,-1,325.000,325.000,325.000,325.000,-1,-1,-1,-1,925.000,950.000,-1,-1,2,0,2,0,2,0,0,0,0,2,2,2,2,0,0,2,2
128,-2737.869,6101.935,-78.040,59.588,0.506203,-0.862392,-0.006173,0.862410,0.506210,0.000410,0.002772,-0.005531,0.999981,0,-0.09397,0.27470,-5.638,0.549,-1,425.000,-1,425.000,-1,325.000,325.000,325.000,325.000,-1,-1,-1,-1,925.000,950.000,-1,-1,2,0,2,0,2,0,0,0,0,2,2,2,2,0,0,2,2
129,-2738.283,6101.206,-78.041,60.377,0.494274,-0.869285,-0.006035,0.869302,0.494281,0.000236,0.002778,-0.005363,0.999982,0,-0.01397,0.39470,-0.838,0.789,-1,425.000,-1,425.000,-1,325.000,350.000,325.000,325.000,-1,-1,-1,-1,925.000,950.000,-1,-1,2,0,2,0,2,0,0,0,0,2,2,2,2,0,0,2,2
130,-2736.373,6104.677,-78.056,61.177,0.482095,-0.876101,-0.005676,0.876116,0.482101,0.000247,0.002520,-0.005092,0.999984,0,0.06603,0.39986,3.962,0.800,-1,425.000,-1,425.000,-1,325.000,325.000,325.000,325.000,-1,-1,-1,-1,925.000,950.000,-1,-1,2,0,2,0,2,0,0,0,0,2,2,2,2,0,0,2,2
131,-2732.257,6112.411,-78.086,61.977,0.469823,-0.882746,-0.005110,0.882758,0.469827,0.000453,0.002001,-0.004724,0.999987,0,0.14603,0.39986,8.762,0.800,-1,425.000,-1,425.000,-1,325.000,325.000,325.000,325.000,-1,-1,-1,-1,925.000,950.000,-1,-1,2,0,2,0,2,0,0,0,0,2,2,2,2,0,0,2,2
132,-2726.053,6124.471,-78.133,62.776,0.457461,-0.889219,-0.004348,0.889229,0.457462,0.000861,0.001224,-0.004261,0.999990,0,0.22603,0.39986,13.562,0.800,-1,425.000,-1,425.000,-1,325.000,325.000,325.000,325.000,-1,-1,-1,-1,925.000,950.000,-1,-1,2,0,2,0,2,0,0,0,0,2,2,2,2,0,0,2,2
133,-2717.882,6140.914,-78.196,63.576,0.445010,-0.895519,-0.003401,0.895526,0.445007,0.001479,0.000189,-0.003703,0.999993,0,0.30603,0.39986,18.362,0.800,-1,425.000,-1,425.000,-1,325.000,325.000,325.000,325.000,-1,-1,-1,-1,925.000,925.000,-1,-1,2,0,2,0,2,0,0,0,0,2,2,2,2,0,0,2,2
134,-2707.865,6161.798,-78.279,64.376,0.432471,-0.901645,-0.002277,0.901647,0.432466,0.002312,-0.001100,-0.003053,0.999995,0,0.38603,0.39986,23.162,0.800,-1,425.000,-1,425.000,-1,325.000,325.000,325.000,300.000,-1,-1,-1,-1,925.000,925.000,-1,-1,2,0,2,0,2,0,0,0,0,2,2,2,2,0,0,2,2
135,-2696.126,6187.176,-78.382,65.175,0.419846,-0.907595,-0.000987,0.907592,0.419840,0.003367,-0.002642,-0.002309,0.999994,0,0.46603,0.39986,27.962,0.800,-1,400.000,-1,425.000,-1,325.000,325.000,325.000,300.000,-1,-1,-1,-1,900.000,925.000,-1,-1,2,0,2,0,2,0,0,0,0,2,2,2,2,0,0,2,2
136,-2682.787,6217.099,-78.507,65.975,0.407135,-0.913368,0.000461,0.913357,0.407133,0.004650,-0.004434,-0.001472,0.999989,0,0.54603,0.39986,32.762,0.800,-1,400.000,-1,425.000,-1,325.000,325.000,325.000,300.000,-1,-1,-1,-1,900.000,925.000,-1,-1,2,0,2,0,2,0,0,0,0,2,2,2,2,0,0,2,2
137,-2667.975,6251.617,-78.656,66.775,0.394340,-0.918962,0.002056,0.918942,0.394345,0.006164,-0.006476,-0.000541,0.999979,0,0.62603,0.39986,37.562,0.800,-1,400.000,-1,425.000,-1,325.000,325.000,325.000,300.000,-1,-1,-1,-1,900.000,900.000,-1,-1,2,0,2,0,2,0,0,0,0,2,2,2,2,0,0,2,2
138,-2651.815,6290.775,-78.831,67.575,0.381462,-0.924377,0.003791,0.924343,0.381481,0.007916,-0.008764,0.000485,0.999961,0,0.70603,0.39986,42.362,0.800,-1,425.000,-1,400.000,-1,325.000,325.000,325.000,300.000,-1,-1,-1,-1,900.000,900.000,-1,-1,2,0,2,0,2,0,0,0,0,2,2,2,2,0,0,2,2
139,-2634.434,6334.617,-79.081,68.374,0.368499,-0.929610,0.005871,0.929558,0.368542,0.009974,-0.011436,0.001782,0.999933,0,0.78603,0.39986,47.162,0.800,-1,425.000,-1,400.000,-1,325.000,325.000,325.000,300.000,-1,-1,-1,-1,900.000,875.000,-1,-1,2,0,2,0,2,0,0,0,0,2,2,2,2,0,0,2,2
