timestep,x_cm,y_cm,z_cm,yaw_deg,basis_xx,basis_xy,basis_xz,basis_yx,basis_yy,basis_yz,basis_zx,basis_zy,basis_zz,teleport_flag,throttle_cmd,steering_cmd,cmd_move_cm,cmd_turn_deg,lidar_cm_0,lidar_cm_1,lidar_cm_2,lidar_cm_3,lidar_cm_4,lidar_cm_5,lidar_cm_6,lidar_cm_7,lidar_cm_8,lidar_cm_9,lidar_cm_10,lidar_cm_11,lidar_cm_12,lidar_cm_13,lidar_cm_14,lidar_cm_15,lidar_cm_16,lidar_class_0,lidar_class_1,lidar_class_2,lidar_class_3,lidar_class_4,lidar_class_5,lidar_class_6,lidar_class_7,lidar_class_8,lidar_class_9,lidar_class_10,lidar_class_11,lidar_class_12,lidar_class_13,lidar_class_14,lidar_class_15,lidar_class_16
0,327.954,-6887.293,-208.393,120.407,-0.504543,-0.861797,-0.052360,0.862593,-0.505751,0.012219,-0.037011,-0.039001,0.998554,1,0.00000,0.00000,4.800,-0.240,400.000,375.000,-1,375.000,950.000,300.000,300.000,300.000,275.000,-1,925.000,975.000,-1,600.000,625.000,475.000,975.000,1,0,2,0,0,0,0,0,0,2,0,0,2,1,0,1,0
1,325.507,-6883.164,-208.598,120.647,-0.508163,-0.859683,-0.052107,0.860465,-0.509364,0.012185,-0.037017,-0.038644,0.998567,0,0.08000,0.12000,4.800,0.240,400.000,375.000,-1,375.000,950.000,300.000,300.000,300.000,275.000,-1,875.000,925.000,-1,600.000,625.000,475.000,975.000,1,0,2,0,0,0,0,0,0,2,0,0,2,1,0,1,0
2,320.545,-6874.946,-209.016,121.127,-0.515376,-0.855409,-0.051592,0.856164,-0.516562,0.012133,-0.037029,-0.037918,0.998595,0,0.16000,0.24000,9.600,0.480,400.000,375.000,-1,375.000,950.000,300.000,300.000,300.000,275.000,-1,850.000,875.000,-1,575.000,625.000,475.000,950.000,1,0,2,0,0,0,0,0,0,2,0,0,2,1,0,1,0
3,312.972,-6862.698,-209.639,121.733,-0.524448,-0.849926,-0.050796,0.850640,-0.525610,0.012073,-0.036960,-0.036877,0.998636,0,0.24000,0.30329,14.400,0.607,375.000,375.000,-1,375.000,925.000,300.000,300.000,300.000,275.000,-1,800.000,775.000,-1,575.000,600.000,450.000,950.000,1,0,2,0,0,0,0,0,0,2,0,0,2,1,0,1,0
4,302.700,-6846.477,-210.461,122.345,-0.533545,-0.844310,-0.049697,0.844974,-0.534672,0.012015,-0.036716,-0.035582,0.998692,0,0.32000,0.30561,19.200,0.611,375.000,375.000,-1,375.000,925.000,300.000,300.000,300.000,275.000,-1,750.000,700.000,-1,550.000,600.000,425.000,925.000,1,0,2,0,0,0,0,0,0,2,0,0,2,1,0,1,0
5,289.642,-6826.341,-211.348,122.964,-0.542725,-0.838509,-0.048498,0.839144,-0.543791,0.011327,-0.035870,-0.034549,0.998759,0,0.40000,0.30982,24.000,0.620,350.000,375.000,-1,375.000,925.000,300.000,300.000,300.000,275.000,-1,675.000,625.000,-1,525.000,600.000,400.000,925.000,1,0,2,0,0,0,0,0,0,2,0,0,2,1,0,1,0
6,273.707,-6802.351,-212.289,123.596,-0.552039,-0.832482,-0.047187,0.833110,-0.553019,0.009936,-0.034367,-0.033827,0.998837,0,0.48000,0.31593,28.800,0.632,325.000,375.000,-1,375.000,925.000,300.000,300.000,300.000,275.000,-1,600.000,550.000,-1,500.000,600.000,375.000,925.000,1,0,2,0,0,0,0,0,0,2,0,0,2,1,0,1,0
7,254.800,-6774.576,-213.410,124.244,-0.561534,-0.826198,-0.045558,0.826813,-0.562414,0.008389,-0.032554,-0.032957,0.998926,0,0.56000,0.32400,33.600,0.648,300.000,375.000,-1,375.000,900.000,300.000,300.000,300.000,275.000,-1,525.000,475.000,-1,475.000,600.000,350.000,925.000,1,0,2,0,0,0,0,0,0,2,0,0,2,1,0,1,0
8,232.823,-6743.087,-214.510,124.912,-0.571212,-0.819591,-0.044577,0.820215,-0.572015,0.006768,-0.031046,-0.032697,0.998983,0,0.64000,0.33406,38.400,0.668,275.000,375.000,-1,350.000,900.000,300.000,300.000,300.000,275.000,-1,500.000,450.000,-1,450.000,600.000,325.000,925.000,1,0,2,0,0,0,0,0,0,2,0,0,2,1,0,1,0
9,207.673,-6707.963,-215.636,125.605,-0.581136,-0.812614,-0.044047,0.813263,-0.581874,0.005047,-0.029731,-0.032888,0.999017,0,0.72000,0.34620,43.200,0.692,250.000,375.000,-1,350.000,900.000,300.000,300.000,300.000,275.000,-1,500.000,450.000,-1,425.000,600.000,300.000,925.000,1,1,2,0,0,0,0,0,0,2,0,0,2,1,0,1,0
10,179.239,-6669.291,-216.932,126.326,-0.591385,-0.805225,-0.043316,0.805895,-0.592050,0.003193,-0.028217,-0.033020,0.999056,0,0.80000,0.36046,48.000,0.721,225.000,350.000,-1,350.000,900.000,300.000,300.000,300.000,275.000,-1,475.000,450.000,-1,400.000,600.000,250.000,925.000,1,1,2,0,0,0,0,0,0,2,0,0,2,1,0,1,0
11,147.405,-6627.168,-218.250,127.079,-0.602018,-0.797348,-0.042544,0.798058,-0.602580,0.000487,-0.026024,-0.033660,0.999094,0,0.88000,0.37693,52.800,0.754,175.000,325.000,-1,350.000,900.000,300.000,300.000,300.000,300.000,-1,475.000,450.000,-1,350.000,600.000,200.000,925.000,1,1,2,0,0,0,0,0,0,2,0,0,2,1,0,1,0
12,112.045,-6581.699,-219.273,127.871,-0.613101,-0.788885,-0.042038,0.789694,-0.613484,-0.004597,-0.022163,-0.036016,0.999105,0,0.96000,0.39568,57.600,0.791,150.000,275.000,-1,350.000,975.000,300.000,300.000,300.000,300.000,-1,450.000,425.000,-1,325.000,600.000,175.000,1000.000,1,1,2,0,0,0,0,1,0,2,0,0,2,1,0,1,0
13,75.165,-6535.666,-217.887,128.704,-0.625050,-0.780078,-0.028129,0.780520,-0.625055,-0.009712,-0.010006,-0.028026,0.999557,0,0.98307,0.41673,58.984,0.833,125.000,250.000,-1,375.000,-1,300.000,325.000,275.000,300.000,-1,375.000,350.000,-1,300.000,650.000,125.000,-1,1,1,2,0,2,1,0,1,0,2,0,0,2,1,0,1,2
14,37.076,-6489.306,-209.965,129.411,-0.634563,-0.772587,0.020958,0.772494,-0.634867,-0.014013,0.024132,0.007298,0.999682,0,1.00000,0.35357,60.000,0.707,100.000,250.000,-1,425.000,-1,300.000,375.000,275.000,275.000,-1,300.000,200.000,625.000,300.000,775.000,125.000,-1,1,1,2,0,2,1,0,1,0,2,0,0,0,1,0,1,2
15,-1.625,-6443.451,-201.642,130.146,-0.641637,-0.763636,0.071852,0.764792,-0.644086,-0.015712,0.058277,0.044871,0.997292,0,1.00000,0.36723,60.000,0.734,100.000,250.000,-1,500.000,-1,300.000,375.000,250.000,250.000,-1,225.000,125.000,400.000,300.000,900.000,125.000,-1,1,1,2,0,2,1,1,1,0,2,0,0,0,1,0,1,2
16,-40.951,-6398.128,-192.969,130.905,-0.646065,-0.753089,0.124329,0.757682,-0.652455,-0.014841,0.092296,0.084614,0.992130,0,1.00000,0.37946,60.000,0.759,100.000,275.000,-1,550.000,-1,300.000,400.000,250.000,250.000,-1,200.000,50.000,275.000,350.000,-1,125.000,-1,1,1,2,1,2,1,1,1,0,2,0,0,0,1,2,1,2
17,-80.916,-6353.364,-183.940,131.688,-0.647835,-0.740905,0.177114,0.751301,-0.659847,-0.012222,0.125923,0.125148,0.984114,0,1.00000,0.39167,60.000,0.783,100.000,300.000,-1,625.000,-1,325.000,450.000,250.000,225.000,-1,150.000,25.000,200.000,425.000,-1,100.000,-1,1,1,2,0,2,1,1,1,0,2,0,0,0,1,2,1,2
18,-121.531,-6309.186,-174.346,132.496,-0.647148,-0.727111,0.229146,0.745750,-0.666181,-0.007754,0.158291,0.165868,0.973361,0,1.00000,0.40394,60.000,0.808,100.000,325.000,-1,700.000,-1,400.000,675.000,250.000,200.000,-1,150.000,0.000,150.000,-1,-1,100.000,-1,1,1,2,0,2,1,0,1,0,2,0,0,0,2,2,1,2
19,-162.792,-6265.612,-165.947,133.329,-0.645741,-0.712398,0.274786,0.740546,-0.672003,-0.001939,0.186038,0.202239,0.961504,0,1.00000,0.41633,60.000,0.833,100.000,425.000,-1,775.000,-1,875.000,775.000,250.000,200.000,-1,150.000,0.000,125.000,-1,-1,100.000,-1,1,1,2,0,2,0,0,1,0,2,0,0,0,2,2,1,2
20,-3607.631,-3607.804,-162.707,-177.768,-0.995634,0.038496,-0.085041,-0.025090,-0.987841,-0.153428,-0.089913,-0.150625,0.984494,1,0.00000,0.00000,60.000,0.858,-1,725.000,-1,225.000,825.000,275.000,175.000,125.000,425.000,1000.000,-1,-1,-1,-1,350.000,-1,400.000,2,1,2,0,0,1,0,1,0,0,2,2,2,2,0,2,0
21,-3612.429,-3607.975,-163.120,-178.008,-0.995641,0.034349,-0.086716,-0.020590,-0.987725,-0.154841,-0.090970,-0.152380,0.984126,0,0.08000,-0.12000,4.800,-0.240,-1,700.000,-1,200.000,825.000,275.000,175.000,125.000,425.000,975.000,-1,-1,-1,-1,350.000,-1,375.000,2,1,2,0,0,1,0,1,0,0,2,2,2,2,0,2,0
22,-3622.025,-3608.274,-163.958,-178.267,-0.995525,0.029864,-0.089655,-0.015383,-0.987309,-0.158062,-0.093238,-0.155976,0.983351,0,0.16000,-0.12956,9.600,-0.259,-1,675.000,950.000,200.000,800.000,250.000,175.000,150.000,425.000,925.000,-1,-1,-1,-1,350.000,-1,375.000,2,1,1,0,0,1,0,1,0,0,2,2,2,2,0,2,0
23,-3636.422,-3608.659,-165.214,-178.521,-0.995264,0.025469,-0.093811,-0.009873,-0.986561,-0.163097,-0.096704,-0.161398,0.982140,0,0.24000,-0.12688,14.400,-0.254,-1,625.000,850.000,200.000,750.000,250.000,150.000,150.000,450.000,875.000,-1,-1,-1,-1,325.000,-1,350.000,2,1,1,0,0,1,0,1,0,0,2,2,2,2,0,2,0
24,-3655.619,-3609.091,-166.880,-178.768,-0.994845,0.021200,-0.099171,-0.004063,-0.985452,-0.169906,-0.101331,-0.168627,0.980458,0,0.32000,-0.12319,19.200,-0.246,-1,575.000,725.000,200.000,700.000,225.000,150.000,175.000,450.000,800.000,-1,-1,-1,-1,325.000,-1,300.000,2,1,1,0,0,1,0,1,0,0,2,2,2,2,0,2,0
25,-3679.618,-3609.533,-168.946,-179.004,-0.994249,0.017099,-0.105724,0.002054,-0.983946,-0.178455,-0.107078,-0.177646,0.978252,0,0.40000,-0.11843,24.000,-0.237,-1,525.000,625.000,175.000,625.000,225.000,150.000,200.000,475.000,675.000,-1,-1,-1,-1,300.000,-1,275.000,2,1,1,0,0,1,0,1,0,0,2,2,2,2,0,2,0
26,-3708.417,-3609.952,-171.407,-179.229,-0.993456,0.013208,-0.113449,0.008495,-0.981996,-0.188713,-0.113899,-0.188442,0.975457,0,0.48000,-0.11251,28.800,-0.225,-1,450.000,525.000,175.000,550.000,225.000,125.000,225.000,500.000,525.000,-1,-1,-1,-1,275.000,-1,250.000,2,1,1,0,0,1,0,1,0,0,2,2,2,2,0,2,0
27,-3742.019,-3610.319,-174.253,-179.440,-0.992445,0.009573,-0.122320,0.015282,-0.979544,-0.200651,-0.121738,-0.201005,0.971996,0,0.56000,-0.10532,33.600,-0.211,-1,400.000,450.000,150.000,475.000,200.000,125.000,250.000,525.000,375.000,0.000,-1,-1,975.000,250.000,-1,200.000,2,1,1,0,0,1,0,1,0,0,0,2,2,1,0,2,0
28,3292.052,-3826.441,37.922,151.787,-0.872514,-0.467861,-0.140805,0.481616,-0.872088,-0.086654,-0.082252,-0.143421,0.986238,1,0.00000,0.00000,38.400,-0.193,-1,-1,-1,450.000,625.000,800.000,550.000,175.000,375.000,-1,-1,-1,-1,-1,700.000,-1,725.000,2,2,2,1,1,1,1,1,1,2,2,2,2,2,1,2,1
29,3287.811,-3824.194,37.142,151.992,-0.873678,-0.464519,-0.144599,0.478990,-0.873348,-0.088491,-0.085180,-0.146575,0.985525,0,0.08000,0.10253,4.800,0.205,-1,-1,-1,450.000,625.000,800.000,550.000,150.000,375.000,-1,-1,-1,-1,-1,700.000,-1,725.000,2,2,2,1,1,1,1,1,1,2,2,2,2,2,1,2,1
30,3279.307,-3819.739,35.536,152.256,-0.874721,-0.460034,-0.152420,0.476024,-0.874591,-0.092156,-0.090911,-0.153166,0.984010,0,0.16000,0.13172,9.600,0.263,-1,-1,-1,450.000,600.000,775.000,525.000,150.000,375.000,-1,-1,-1,-1,-1,700.000,-1,725.000,2,2,2,1,1,1,1,1,1,2,2,2,2,2,1,2,1
31,3266.519,-3813.116,33.089,152.516,-0.875038,-0.455308,-0.164324,0.473751,-0.875222,-0.097702,-0.099336,-0.163341,0.981556,0,0.24000,0.13000,14.400,0.260,-1,-1,-1,450.000,600.000,750.000,525.000,125.000,400.000,-1,-1,-1,-1,-1,675.000,-1,700.000,2,2,2,1,1,1,1,1,1,2,2,2,2,2,1,2,1
32,3249.427,-3804.364,29.807,152.771,-0.874496,-0.450306,-0.180227,0.472317,-0.875125,-0.105228,-0.110337,-0.177146,0.977980,0,0.32000,0.12786,19.200,0.256,-1,-1,-1,450.000,575.000,725.000,500.000,125.000,425.000,-1,-1,-1,-1,-1,675.000,-1,675.000,2,2,2,1,1,1,1,1,1,2,2,2,2,2,1,2,1
33,-6231.360,-9511.014,-224.681,150.164,-0.866287,-0.497420,-0.046046,0.495360,-0.867279,0.049467,-0.064540,0.020043,0.997714,1,0.00000,0.00000,24.000,0.250,-1,400.000,-1,400.000,-1,325.000,325.000,325.000,300.000,-1,-1,-1,-1,850.000,725.000,-1,-1,2,0,2,0,2,0,0,0,0,2,2,2,2,0,0,2,2
34,-6227.206,-9513.419,-224.374,149.924,-0.864202,-0.501050,-0.045866,0.499001,-0.865191,0.049415,-0.064442,0.019817,0.997725,0,-0.08000,-0.12000,-4.800,-0.240,-1,400.000,-1,400.000,-1,325.000,325.000,325.000,300.000,-1,-1,-1,-1,850.000,725.000,-1,-1,2,0,2,0,2,0,0,0,0,2,2,2,2,0,0,2,2
35,-6218.939,-9518.300,-223.757,149.444,-0.859985,-0.508285,-0.045511,0.506259,-0.860971,0.049304,-0.064244,0.019361,0.997746,0,-0.16000,-0.24000,-9.600,-0.480,-1,400.000,-1,400.000,-1,325.000,325.000,325.000,300.000,-1,-1,-1,-1,850.000,725.000,-1,-1,2,0,2,0,2,0,0,0,0,2,2,2,2,0,0,2,2
36,-6206.632,-9525.775,-222.825,148.724,-0.853546,-0.519071,-0.044985,0.517079,-0.854527,0.049122,-0.063939,0.018667,0.997779,0,-0.24000,-0.36000,-14.400,-0.720,-1,400.000,-1,400.000,-1,325.000,325.000,325.000,300.000,-1,-1,-1,-1,850.000,725.000,-1,-1,2,0,2,0,2,0,0,0,0,2,2,2,2,0,0,2,2
37,-6190.391,-9536.017,-221.573,147.764,-0.844750,-0.533324,-0.044298,0.531378,-0.845725,0.048849,-0.063516,0.017726,0.997823,0,-0.32000,-0.48000,-19.200,-0.960,-1,400.000,-1,400.000,-1,325.000,325.000,325.000,300.000,-1,-1,-1,-1,850.000,725.000,-1,-1,2,0,2,0,2,0,0,0,0,2,2,2,2,0,0,2,2
38,-6171.815,-9548.282,-220.112,146.564,-0.833419,-0.550930,-0.043469,0.549040,-0.834387,0.048509,-0.062995,0.016562,0.997876,0,-0.37099,-0.60000,-22.260,-1.200,-1,400.000,-1,400.000,-1,325.000,325.000,325.000,325.000,-1,-1,-1,-1,850.000,725.000,-1,-1,2,0,2,0,2,0,0,0,0,2,2,2,2,0,0,2,2
39,-6153.573,-9560.997,-218.632,145.124,-0.819330,-0.571737,-0.042600,0.569908,-0.820297,0.048145,-0.062471,0.015168,0.997932,0,-0.37061,-0.72000,-22.236,-1.440,-1,400.000,-1,400.000,-1,325.000,325.000,325.000,325.000,-1,-1,-1,-1,850.000,725.000,-1,-1,2,0,2,0,2,0,0,0,0,2,2,2,2,0,0,2,2
40,-6135.796,-9574.177,-217.121,143.444,-0.802228,-0.595555,-0.041776,0.593793,-0.803202,0.047718,-0.061973,0.013474,0.997987,0,-0.36883,-0.84000,-22.130,-1.680,-1,400.000,-1,400.000,-1,325.000,325.000,325.000,325.000,-1,-1,-1,-1,850.000,750.000,-1,-1,2,0,2,0,2,0,0,0,0,2,2,2,2,0,0,2,2
41,-6118.631,-9587.820,-215.660,141.524,-0.781827,-0.622144,-0.041017,0.620433,-0.782814,0.047579,-0.061710,0.011751,0.998025,0,-0.36544,-0.96000,-21.927,-1.920,-1,400.000,-1,400.000,-1,325.000,325.000,325.000,325.000,-1,-1,-1,-1,850.000,750.000,-1,-1,2,0,2,0,2,0,0,0,0,2,2,2,2,0,0,2,2
42,-6102.189,-9601.850,-214.333,139.524,-0.759639,-0.649095,-0.040298,0.647398,-0.760636,0.048043,-0.061837,0.010406,0.998032,0,-0.36025,-1.00000,-21.615,-2.000,-1,400.000,-1,400.000,-1,325.000,325.000,325.000,325.000,-1,-1,-1,-1,850.000,750.000,-1,-1,2,0,2,0,2,0,0,0,0,2,2,2,2,0,0,2,2
43,-6086.538,-9616.179,-213.012,137.524,-0.736521,-0.675254,-0.039608,0.673575,-0.737530,0.048442,-0.061923,0.009000,0.998040,0,-0.35364,-1.00000,-21.219,-2.000,-1,400.000,-1,400.000,-1,325.000,325.000,325.000,325.000,-1,-1,-1,-1,850.000,725.000,-1,-1,2,0,2,0,2,0,0,0,0,2,2,2,2,0,0,2,2
44,-6071.729,-9630.720,-211.704,135.524,-0.712499,-0.700591,-0.038949,0.698931,-0.713523,0.048782,-0.061968,0.007535,0.998050,0,-0.34591,-1.00000,-20.755,-2.000,-1,400.000,-1,400.000,-1,325.000,325.000,325.000,325.000,-1,-1,-1,-1,825.000,725.000,-1,-1,2,0,2,0,2,0,0,0,0,2,2,2,2,0,0,2,2
45,-6057.802,-9645.384,-210.416,133.524,-0.687605,-0.725073,-0.038322,0.723436,-0.688646,0.049068,-0.061968,0.006016,0.998060,0,-0.33706,-1.00000,-20.224,-2.000,-1,400.000,-1,400.000,-1,325.000,325.000,325.000,325.000,-1,-1,-1,-1,825.000,725.000,-1,-1,2,0,2,0,2,0,0,0,0,2,2,2,2,0,0,2,2
46,-6044.789,-9660.080,-209.153,131.524,-0.661867,-0.748671,-0.037727,0.747059,-0.662927,0.049303,-0.061922,0.004448,0.998071,0,-0.32716,-1.00000,-19.629,-2.000,-1,400.000,-1,400.000,-1,325.000,325.000,325.000,325.000,-1,-1,-1,-1,825.000,725.000,-1,-1,2,0,2,0,2,0,0,0,0,2,2,2,2,0,0,2,2
47,-6032.713,-9674.716,-207.923,129.524,-0.635319,-0.771355,-0.037163,0.769771,-0.636398,0.049493,-0.061827,0.002837,0.998083,0,-0.31625,-1.00000,-18.975,-2.000,-1,400.000,-1,400.000,-1,325.000,325.000,325.000,325.000,-1,-1,-1,-1,825.000,725.000,-1,-1,2,0,2,0,2,0,0,0,0,2,2,2,2,0,0,2,2
48,-6021.587,-9689.203,-206.730,127.524,-0.607992,-0.793098,-0.036630,0.791544,-0.609093,0.049642,-0.061682,0.001188,0.998095,0,-0.30443,-1.00000,-18.266,-2.000,-1,400.000,-1,400.000,-1,325.000,325.000,325.000,325.000,-1,-1,-1,-1,800.000,725.000,-1,-1,2,0,2,0,2,0,0,0,0,2,2,2,2,0,0,2,2
49,-6011.415,-9703.451,-205.581,125.524,-0.579920,-0.813872,-0.036126,0.812350,-0.581043,0.049753,-0.061483,-0.000494,0.998108,0,-0.29178,-1.00000,-17.507,-2.000,-1,400.000,-1,400.000,-1,325.000,325.000,325.000,325.000,-1,-1,-1,-1,800.000,725.000,-1,-1,2,0,2,0,2,0,0,0,0,2,2,2,2,0,0,2,2
50,-6002.189,-9717.378,-204.479,123.524,-0.551137,-0.833653,-0.035647,0.832165,-0.552284,0.049830,-0.061228,-0.002202,0.998121,0,-0.27842,-1.00000,-16.705,-2.000,-1,400.000,-1,400.000,-1,325.000,325.000,325.000,325.000,-1,-1,-1,-1,800.000,725.000,-1,-1,2,0,2,0,2,0,0,0,1,2,2,2,2,0,0,2,2
51,-5993.893,-9730.904,-203.429,121.524,-0.521680,-0.852415,-0.035193,0.850964,-0.522851,0.049875,-0.060915,-0.003929,0.998135,0,-0.26446,-1.00000,-15.868,-2.000,-1,400.000,-1,400.000,-1,325.000,325.000,325.000,-1,-1,-1,-1,-1,800.000,725.000,-1,-1,2,0,2,0,2,0,0,0,2,2,2,2,2,0,0,2,2
52,-5986.500,-9743.958,-202.434,119.524,-0.491585,-0.870136,-0.034759,0.868723,-0.492780,0.049890,-0.060540,-0.005670,0.998150,0,-0.25003,-1.00000,-15.002,-2.000,-1,400.000,-1,400.000,-1,325.000,325.000,325.000,-1,-1,-1,-1,-1,800.000,725.000,-1,-1,2,0,2,0,2,0,0,0,2,2,2,2,2,0,0,2,2
53,-5979.978,-9756.474,-201.495,117.524,-0.460889,-0.886793,-0.034342,0.885420,-0.462107,0.049878,-0.060101,-0.007419,0.998165,0,-0.23523,-1.00000,-14.114,-2.000,-1,400.000,-1,400.000,-1,325.000,325.000,325.000,-1,-1,-1,-1,-1,800.000,750.000,-1,-1,2,0,2,0,2,0,0,0,2,2,2,2,2,0,0,2,2
54,-5974.286,-9768.397,-200.646,115.524,-0.429626,-0.902366,-0.034008,0.901044,-0.430870,0.049700,-0.059501,-0.009290,0.998185,0,-0.22019,-1.00000,-13.212,-2.000,-1,400.000,-1,400.000,-1,325.000,325.000,350.000,-1,-1,-1,-1,-1,800.000,750.000,-1,-1,2,0,2,0,2,0,0,0,2,2,2,2,2,0,0,2,2
55,-5969.376,-9779.676,-199.860,113.524,-0.397839,-0.916836,-0.033702,0.915568,-0.399108,0.049487,-0.058823,-0.011169,0.998206,0,-0.20502,-1.00000,-12.301,-2.000,-1,400.000,-1,400.000,-1,325.000,325.000,350.000,-1,-1,-1,-1,-1,800.000,750.000,-1,-1,2,0,2,0,2,0,0,0,2,2,2,2,2,0,0,2,2
56,-5965.198,-9790.271,-199.128,111.524,-0.365567,-0.930185,-0.033400,0.928970,-0.366859,0.049283,-0.058095,-0.013011,0.998226,0,-0.18982,-1.00000,-11.389,-2.000,-1,400.000,-1,400.000,-1,325.000,325.000,350.000,-1,-1,-1,-1,-1,800.000,750.000,-1,-1,2,0,2,0,2,0,0,0,2,2,2,2,2,0,0,2,2
57,-5961.696,-9800.149,-198.449,109.524,-0.332851,-0.942398,-0.033095,0.941236,-0.334165,0.049085,-0.057317,-0.014812,0.998246,0,-0.17467,-1.00000,-10.480,-2.000,-1,400.000,-1,400.000,-1,325.000,325.000,350.000,-1,-1,-1,-1,-1,800.000,750.000,-1,-1,2,0,2,0,2,0,0,0,2,2,2,2,2,0,0,2,2
58,-5958.812,-9809.284,-197.825,107.524,-0.299731,-0.953460,-0.032782,0.952350,-0.301063,0.048893,-0.056487,-0.016565,0.998266,0,-0.15966,-1.00000,-9.580,-2.000,-1,400.000,-1,400.000,-1,325.000,325.000,350.000,-1,-1,-1,-1,-1,800.000,750.000,-1,-1,2,0,2,0,2,0,0,0,2,2,2,2,2,0,0,2,2
59,-5956.486,-9817.658,-197.252,105.524,-0.266249,-0.963358,-0.032456,0.962299,-0.267597,0.048704,-0.055605,-0.018265,0.998286,0,-0.14485,-1.00000,-8.691,-2.000,-1,400.000,-1,400.000,-1,325.000,325.000,350.000,-1,-1,-1,-1,-1,800.000,750.000,-1,-1,2,0,2,0,2,0,0,0,2,2,2,2,2,0,0,2,2
60,-5955.561,-9821.437,-196.949,103.764,-0.236519,-0.971097,-0.032083,0.970078,-0.237877,0.048610,-0.054837,-0.019626,0.998302,0,-0.06485,-0.88000,-3.891,-1.760,-1,400.000,-1,400.000,-1,325.000,325.000,350.000,-1,-1,-1,-1,-1,800.000,775.000,-1,-1,2,0,2,0,2,0,0,0,2,2,2,2,2,0,0,2,2
61,-5955.751,-9820.548,-196.896,102.025,-0.206924,-0.977847,-0.031586,0.976860,-0.208285,0.048603,-0.054105,-0.020798,0.998319,0,0.01515,-0.86972,0.909,-1.739,-1,400.000,-1,400.000,-1,325.000,325.000,350.000,-1,-1,-1,-1,-1,800.000,775.000,-1,-1,2,0,2,0,2,0,0,0,2,2,2,2,2,0,0,2,2
62,-5956.770,-9814.930,-197.083,100.285,-0.177145,-0.983698,-0.030942,0.982735,-0.178503,0.048671,-0.053401,-0.021786,0.998335,0,0.09515,-0.86975,5.709,-1.739,-1,400.000,-1,400.000,-1,325.000,325.000,350.000,-1,-1,-1,-1,-1,800.000,775.000,-1,-1,2,0,2,0,2,0,0,0,2,2,2,2,2,0,0,2,2
63,-5958.332,-9804.538,-197.526,98.545,-0.147199,-0.988645,-0.030222,0.987705,-0.148548,0.048706,-0.052643,-0.022681,0.998356,0,0.17515,-0.87001,10.509,-1.740,-1,400.000,-1,400.000,-1,325.000,325.000,350.000,-1,-1,-1,-1,-1,800.000,775.000,-1,-1,2,0,2,0,2,0,0,0,2,2,2,2,2,0,0,2,2
64,-5960.146,-9789.337,-198.306,96.804,-0.117082,-0.992675,-0.029796,0.991767,-0.118437,0.048687,-0.051859,-0.023850,0.998370,0,0.25515,-0.87059,15.309,-1.741,-1,400.000,-1,400.000,-1,325.000,325.000,350.000,-1,-1,-1,-1,-1,775.000,750.000,-1,-1,2,0,2,0,2,0,0,0,2,2,2,2,2,0,0,2,2
65,-5961.920,-9769.306,-199.383,95.061,-0.086810,-0.995786,-0.029562,0.994905,-0.088183,0.048861,-0.051262,-0.025170,0.998368,0,0.33515,-0.87156,20.109,-1.743,-1,400.000,-1,400.000,-1,325.000,325.000,350.000,-1,-1,-1,-1,-1,775.000,750.000,-1,-1,2,0,2,0,2,0,0,0,2,2,2,2,2,0,0,2,2
66,-5963.361,-9744.438,-200.696,93.315,-0.056410,-0.997978,-0.029284,0.997120,-0.057802,0.049101,-0.050694,-0.026430,0.998364,0,0.41515,-0.87295,24.909,-1.746,-1,400.000,-1,400.000,-1,325.000,325.000,350.000,-1,-1,-1,-1,-1,775.000,750.000,-1,-1,2,0,2,0,2,0,0,0,2,2,2,2,2,0,0,2,2
67,-5964.173,-9714.740,-202.234,91.565,-0.025895,-0.999245,-0.028953,0.998406,-0.027305,0.049404,-0.050158,-0.027627,0.998359,0,0.49515,-0.87478,29.709,-1.750,-1,400.000,-1,400.000,-1,325.000,325.000,350.000,-1,-1,-1,-1,-1,750.000,750.000,-1,-1,2,0,2,0,2,0,0,0,2,2,2,2,2,0,0,2,2
68,-5964.060,-9680.231,-204.028,89.811,0.004724,-0.999576,-0.028738,0.998762,0.003293,0.049632,-0.049516,-0.028937,0.998354,0,0.57515,-0.87702,34.509,-1.754,-1,400.000,-1,400.000,-1,325.000,325.000,325.000,-1,-1,-1,-1,-1,750.000,750.000,-1,-1,2,0,2,0,2,0,0,0,2,2,2,2,2,0,0,2,2
69,-5962.724,-9640.945,-206.152,88.052,0.035457,-0.998951,-0.028983,0.998170,0.033978,0.050030,-0.048992,-0.030704,0.998327,0,0.65515,-0.87964,39.309,-1.759,-1,400.000,-1,400.000,-1,325.000,325.000,325.000,-1,-1,-1,-1,-1,725.000,725.000,-1,-1,2,0,2,0,2,0,0,0,2,2,2,2,2,0,0,2,2
70,-5959.868,-9596.928,-208.458,86.287,0.066257,-0.997377,-0.029126,0.996617,0.064728,0.050641,-0.048623,-0.032383,0.998292,0,0.73515,-0.88257,44.109,-1.765,-1,400.000,-1,400.000,-1,325.000,325.000,325.000,-1,-1,-1,-1,-1,700.000,725.000,-1,-1,2,0,2,0,2,0,0,0,2,2,2,2,2,0,0,2,2
71,-5955.194,-9548.242,-210.919,84.515,0.097099,-0.994850,-0.029088,0.994099,0.095523,0.051409,-0.048366,-0.033908,0.998254,0,0.81515,-0.88569,48.909,-1.771,-1,400.000,-1,400.000,-1,325.000,325.000,325.000,-1,-1,-1,-1,-1,700.000,800.000,-1,-1,2,0,2,0,2,0,0,0,2,2,2,2,2,0,1,2,2
72,-5948.406,-9494.964,-213.518,82.738,0.127954,-0.991361,-0.028845,0.990607,0.126335,0.052312,-0.048216,-0.035268,0.998214,0,0.89515,-0.88890,53.709,-1.778,-1,400.000,-1,400.000,-1,325.000,325.000,325.000,-1,-1,-1,-1,-1,675.000,825.000,-1,-1,2,0,2,0,2,0,0,0,2,2,2,2,2,0,1,2,2
73,-5939.860,-9441.288,-216.053,80.954,0.158786,-0.986903,-0.028439,0.986142,0.157129,0.053241,-0.048076,-0.036499,0.998177,0,0.90585,-0.89201,54.351,-1.784,-1,375.000,-1,400.000,-1,325.000,325.000,325.000,-1,-1,-1,-1,-1,650.000,825.000,-1,-1,2,0,2,0,2,0,0,0,2,2,2,2,2,0,1,2,2
74,-5929.727,-9388.343,-218.474,79.164,0.189549,-0.981475,-0.027890,0.980702,0.187861,0.054149,-0.047907,-0.037616,0.998143,0,0.89843,-0.89468,53.906,-1.789,-1,375.000,-1,375.000,-1,325.000,325.000,325.000,-1,-1,-1,-1,-1,650.000,825.000,-1,-1,2,0,2,0,2,0,0,0,2,2,2,2,2,0,1,2,2
75,-5918.039,-9336.180,-220.783,77.371,0.220194,-0.975077,-0.027208,0.974289,0.218481,0.055012,-0.047696,-0.038622,0.998115,0,0.89094,-0.89684,53.456,-1.794,-1,375.000,-1,375.000,-1,300.000,300.000,325.000,-1,-1,-1,-1,-1,625.000,825.000,-1,-1,2,0,2,0,2,0,0,0,2,2,2,2,2,0,1,2,2
76,-5904.834,-9284.846,-222.981,75.574,0.250672,-0.967712,-0.026407,0.966909,0.248942,0.055806,-0.047431,-0.039522,0.998092,0,0.88341,-0.89850,53.005,-1.797,-1,350.000,-1,400.000,-1,300.000,300.000,325.000,-1,-1,-1,-1,-1,625.000,825.000,975.000,-1,2,0,2,1,2,0,0,0,2,2,2,2,2,0,1,0,2
77,-5890.146,-9234.384,-226.735,73.774,0.280759,-0.959588,-0.019093,0.958429,0.279254,0.058573,-0.050875,-0.034744,0.998100,0,0.87592,-0.89968,52.555,-1.799,925.000,350.000,-1,425.000,-1,300.000,300.000,325.000,-1,-1,-1,-1,-1,600.000,775.000,900.000,-1,0,0,2,1,2,0,0,0,2,2,2,2,2,0,1,0,2
78,-5874.014,-9184.833,-231.610,71.973,0.310111,-0.950697,-0.002542,0.948975,0.309387,0.061038,-0.057242,-0.021341,0.998132,0,0.86850,-0.90038,52.110,-1.801,850.000,325.000,-1,400.000,-1,275.000,275.000,350.000,-1,-1,-1,-1,-1,550.000,725.000,800.000,1000.000,0,0,2,1,2,0,0,0,2,2,2,2,2,0,1,0,0
79,-5856.483,-9136.225,-236.660,70.172,0.338957,-0.940689,0.014543,0.938628,0.339184,0.062702,-0.063915,-0.007603,0.997926,0,0.86120,-0.90063,51.672,-1.801,800.000,300.000,-1,400.000,-1,250.000,250.000,350.000,-1,-1,-1,-1,-1,525.000,675.000,725.000,925.000,0,0,2,1,2,0,0,0,2,2,2,2,2,0,1,0,1
80,-5835.741,-9083.699,-242.227,68.455,0.365768,-0.930098,0.033654,0.927953,0.367226,0.063619,-0.071531,0.007960,0.997407,0,0.94120,-0.85880,56.472,-1.718,750.000,300.000,-1,375.000,-1,225.000,225.000,375.000,-1,-1,-1,-1,-1,475.000,625.000,625.000,850.000,0,0,2,1,2,0,1,0,2,2,2,2,2,0,1,0,1
81,-5813.215,-9031.334,-247.060,66.724,0.392499,-0.918409,0.049683,0.916518,0.395074,0.062543,-0.077068,0.020987,0.996805,0,0.95005,-0.86533,57.003,-1.731,700.000,275.000,-1,350.000,1000.000,225.000,225.000,375.000,-1,-1,-1,-1,-1,450.000,575.000,575.000,775.000,0,0,2,1,1,0,1,0,2,2,2,2,2,0,1,0,1
82,-5789.244,-8979.973,-251.026,64.980,0.419308,-0.905723,0.062019,0.904284,0.422731,0.059730,-0.080316,0.031037,0.996286,0,0.94464,-0.87200,56.679,-1.744,650.000,250.000,-1,350.000,950.000,200.000,225.000,375.000,-1,-1,-1,-1,-1,425.000,525.000,525.000,725.000,0,0,2,1,1,0,1,0,2,2,2,2,2,0,1,0,1
83,-5763.865,-8929.678,-254.608,63.223,0.446028,-0.892052,0.072820,0.891188,0.450166,0.055990,-0.082727,0.039923,0.995772,0,0.93892,-0.87868,56.335,-1.757,625.000,250.000,-1,325.000,900.000,200.000,250.000,375.000,-1,-1,-1,-1,-1,425.000,500.000,475.000,675.000,0,0,2,1,1,0,1,0,2,2,2,2,2,0,1,0,1
84,-5737.118,-8880.510,-257.799,61.452,0.472663,-0.877419,0.082011,0.877202,0.477356,0.051456,-0.084297,0.047619,0.995302,0,0.93286,-0.88541,55.972,-1.771,600.000,250.000,-1,325.000,850.000,200.000,225.000,375.000,-1,-1,-1,-1,-1,400.000,475.000,450.000,625.000,0,0,2,1,1,1,1,0,2,2,2,2,2,0,1,0,1
85,-5709.047,-8832.531,-260.598,59.667,0.499208,-0.861843,0.089544,0.862300,0.504280,0.046270,-0.085032,0.054116,0.994908,0,0.92646,-0.89224,55.588,-1.784,575.000,225.000,-1,300.000,800.000,200.000,225.000,375.000,-1,-1,-1,-1,-1,400.000,450.000,425.000,600.000,0,1,2,1,1,1,1,0,2,2,2,2,2,0,1,0,1
86,-5679.700,-8785.800,-263.006,57.869,0.525646,-0.845337,0.095403,0.846451,0.530918,0.040580,-0.084955,0.059424,0.994611,0,0.91968,-0.89919,55.181,-1.798,550.000,225.000,-1,300.000,750.000,200.000,225.000,375.000,1000.000,-1,-1,-1,-1,375.000,425.000,400.000,575.000,0,1,2,1,1,1,1,0,1,2,2,2,2,0,1,0,1
87,-2951.695,-9511.017,-219.511,-38.599,0.781413,0.623852,-0.014246,-0.623623,0.781527,0.017571,0.022095,-0.004846,0.999744,1,0.00000,0.00000,54.750,-1.813,-1,375.000,-1,375.000,-1,300.000,300.000,275.000,300.000,-1,-1,-1,-1,675.000,675.000,-1,-1,2,0,2,0,2,0,0,0,0,2,2,2,2,0,0,2,2
88,-2947.931,-9513.996,-219.289,-38.359,0.784025,0.620572,-0.013966,-0.620344,0.784133,0.017583,0.021863,-0.005122,0.999748,0,0.08000,0.12000,4.800,0.240,-1,375.000,-1,375.000,-1,300.000,300.000,275.000,300.000,-1,-1,-1,-1,675.000,675.000,-1,-1,2,0,2,0,2,0,0,0,0,2,2,2,2,0,0,2,2
89,-2940.353,-9519.890,-218.927,-37.879,0.789201,0.613981,-0.013781,-0.613754,0.789303,0.017529,0.021640,-0.005376,0.999751,0,0.16000,0.24000,9.600,0.480,-1,375.000,-1,375.000,-1,300.000,300.000,275.000,300.000,-1,-1,-1,-1,675.000,675.000,-1,-1,2,0,2,0,2,0,0,0,0,2,2,2,2,0,0,2,2
90,-2928.877,-9528.588,-218.457,-37.159,0.796854,0.604013,-0.013827,-0.603788,0.796955,0.017385,0.021521,-0.005504,0.999753,0,0.24000,0.36000,14.400,0.720,-1,375.000,-1,375.000,-1,300.000,300.000,275.000,300.000,-1,-1,-1,-1,675.000,675.000,-1,-1,2,0,2,0,2,0,0,0,0,2,2,2,2,0,0,2,2
91,-2913.383,-9539.928,-217.814,-36.199,0.806860,0.590576,-0.014032,-0.590352,0.806963,0.017180,0.021469,-0.005578,0.999754,0,0.32000,0.48000,19.200,0.960,-1,375.000,-1,375.000,-1,300.000,300.000,275.000,300.000,-1,-1,-1,-1,675.000,675.000,-1,-1,2,0,2,0,2,0,0,0,0,2,2,2,2,0,0,2,2
92,-2893.723,-9553.693,-217.014,-34.999,0.819047,0.573546,-0.014361,-0.573324,0.819154,0.016940,0.021480,-0.005641,0.999753,0,0.40000,0.60000,24.000,1.200,-1,375.000,-1,375.000,-1,300.000,300.000,275.000,300.000,-1,-1,-1,-1,675.000,675.000,-1,-1,2,0,2,0,2,0,0,0,0,2,2,2,2,0,0,2,2
93,-2869.723,-9569.613,-216.081,-33.559,0.833197,0.552779,-0.014762,-0.552557,0.833308,0.016705,0.021536,-0.005762,0.999751,0,0.48000,0.72000,28.800,1.440,-1,375.000,-1,375.000,-1,300.000,300.000,275.000,300.000,-1,-1,-1,-1,675.000,675.000,-1,-1,2,0,2,0,2,0,0,0,0,2,2,2,2,0,0,2,2
94,-2841.268,-9587.480,-215.006,-32.124,0.846763,0.531751,-0.015274,-0.531530,0.846882,0.016358,0.021633,-0.005733,0.999750,0,0.56000,0.71706,33.600,1.434,-1,375.000,-1,375.000,-1,300.000,300.000,275.000,300.000,-1,-1,-1,-1,675.000,675.000,-1,-1,2,0,2,0,2,0,0,0,0,2,2,2,2,0,0,2,2
95,-2808.250,-9607.086,-213.875,-30.701,0.859701,0.510548,-0.015948,-0.510322,0.859829,0.016299,0.022034,-0.005874,0.999740,0,0.64000,0.71174,38.400,1.423,-1,375.000,-1,375.000,-1,300.000,300.000,275.000,300.000,-1,-1,-1,-1,675.000,675.000,-1,-1,2,0,2,0,2,0,0,0,0,2,2,2,2,0,0,2,2
96,-2770.572,-9628.220,-212.827,-29.290,0.872000,0.489212,-0.016925,-0.488956,0.872139,0.017207,0.023179,-0.006729,0.999709,0,0.72000,0.70569,43.200,1.411,-1,375.000,-1,375.000,-1,300.000,300.000,300.000,300.000,-1,-1,-1,-1,675.000,675.000,-1,-1,2,0,2,0,2,0,0,0,0,2,2,2,2,0,0,2,2
97,-2728.148,-9650.675,-211.671,-27.892,0.883655,0.467789,-0.018090,-0.467501,0.883808,0.018063,0.024438,-0.007504,0.999673,0,0.80000,0.69890,48.000,1.398,-1,375.000,-1,375.000,-1,300.000,300.000,300.000,300.000,-1,-1,-1,-1,675.000,650.000,-1,-1,2,0,2,0,2,0,0,0,0,2,2,2,2,0,0,2,2
98,-2683.233,-9673.077,-210.381,-26.509,0.894652,0.446324,-0.019807,-0.446004,0.894837,0.018615,0.026032,-0.007820,0.999631,0,0.83653,0.69139,50.192,1.383,-1,375.000,-1,375.000,-1,300.000,300.000,300.000,300.000,-1,-1,-1,-1,675.000,650.000,-1,-1,2,0,2,0,2,0,0,0,0,2,2,2,2,0,0,2,2
99,-2637.439,-9694.570,-209.018,-25.142,0.904999,0.424848,-0.021931,-0.424500,0.905232,0.018845,0.027859,-0.007745,0.999582,0,0.84311,0.68357,50.587,1.367,-1,375.000,-1,375.000,-1,300.000,300.000,300.000,300.000,-1,-1,-1,-1,675.000,650.000,-1,-1,2,0,2,0,2,0,0,0,0,2,2,2,2,0,0,2,2
100,-2590.790,-9715.135,-207.655,-23.790,0.914715,0.403380,-0.024106,-0.403008,0.915001,0.018901,0.029681,-0.007574,0.999531,0,0.84969,0.67571,50.981,1.351,-1,375.000,-1,375.000,-1,300.000,300.000,300.000,300.000,-1,-1,-1,-1,700.000,650.000,-1,-1,2,0,2,0,2,0,0,0,0,2,2,2,2,0,0,2,2
101,-2543.310,-9734.758,-206.171,-22.455,0.923825,0.381942,-0.025825,-0.381545,0.924154,0.019057,0.031145,-0.007752,0.999485,0,0.85625,0.66782,51.375,1.336,-1,375.000,-1,375.000,-1,300.000,300.000,300.000,300.000,-1,-1,-1,-1,700.000,650.000,-1,-1,2,0,2,0,2,0,0,0,0,2,2,2,2,0,0,2,2
102,-2495.025,-9753.423,-204.400,-21.135,0.932351,0.360551,-0.026899,-0.360110,0.932697,0.019936,0.032276,-0.008901,0.999439,0,0.86279,0.65990,51.767,1.320,-1,375.000,-1,375.000,-1,300.000,300.000,300.000,300.000,-1,-1,-1,-1,700.000,650.000,-1,-1,2,0,2,0,2,0,0,0,0,2,2,2,2,0,0,2,2
103,-2445.959,-9771.118,-202.389,-19.831,0.940276,0.339228,-0.028385,-0.338702,0.940642,0.021777,0.034087,-0.010862,0.999360,0,0.86932,0.65195,52.159,1.304,-1,375.000,-1,375.000,-1,300.000,300.000,300.000,300.000,-1,-1,-1,-1,725.000,675.000,-1,-1,2,0,2,0,2,0,0,0,0,2,2,2,2,0,0,2,2
104,-2396.138,-9787.830,-200.368,-18.543,0.947620,0.317992,-0.029971,-0.317378,0.948007,0.023522,0.035893,-0.012778,0.999274,0,0.87582,0.64397,52.549,1.288,-1,375.000,-1,375.000,-1,300.000,300.000,300.000,300.000,-1,-1,650.000,-1,725.000,675.000,-1,-1,2,0,2,0,2,0,0,0,0,2,2,0,2,0,0,2,2
105,-2345.586,-9803.547,-198.339,-17.271,0.954395,0.296863,-0.031649,-0.296157,0.954808,0.025167,0.037690,-0.014646,0.999182,0,0.88231,0.63596,52.938,1.272,-1,375.000,-1,375.000,-1,300.000,300.000,300.000,300.000,-1,-1,625.000,-1,750.000,675.000,-1,-1,2,0,2,0,2,0,0,0,0,2,2,0,2,0,0,2,2
106,-2294.330,-9818.259,-196.304,-16.015,0.960618,0.275858,-0.033410,-0.275055,0.961057,0.026707,0.039477,-0.016466,0.999085,0,0.88877,0.62792,53.326,1.256,-1,375.000,-1,375.000,-1,300.000,300.000,300.000,300.000,-1,700.000,625.000,-1,750.000,675.000,-1,-1,2,0,2,0,2,0,0,0,0,2,1,0,2,0,0,2,2
107,-2242.393,-9831.957,-194.264,-14.776,0.966300,0.254993,-0.035246,-0.254090,0.966771,0.028139,0.041250,-0.018235,0.998982,0,0.89520,0.61985,53.712,1.240,-1,375.000,-1,375.000,-1,325.000,325.000,300.000,300.000,-1,625.000,600.000,-1,775.000,700.000,-1,-1,2,0,2,0,2,0,0,0,0,2,0,0,2,0,0,2,2
108,-2189.803,-9844.634,-192.221,-13.552,0.971458,0.234284,-0.037148,-0.233279,0.971963,0.029460,0.043008,-0.019953,0.998875,0,0.90161,0.61175,54.097,1.224,-1,400.000,-1,375.000,-1,325.000,325.000,300.000,300.000,-1,625.000,600.000,-1,775.000,700.000,-1,-1,2,0,2,0,2,0,0,0,0,2,0,0,2,0,0,2,2
109,-2136.582,-9856.281,-190.064,-12.345,0.976116,0.213748,-0.038848,-0.212668,0.976660,0.030142,0.044384,-0.021160,0.998790,0,0.90800,0.60363,54.480,1.207,-1,400.000,-1,375.000,-1,325.000,325.000,300.000,300.000,-1,600.000,600.000,-1,800.000,700.000,-1,-1,2,0,2,0,2,0,0,0,0,2,0,0,2,0,0,2,2
110,-2084.080,-9866.846,-187.907,-11.378,0.979520,0.197227,-0.040521,-0.196074,0.980108,0.030712,0.045772,-0.022138,0.998707,0,0.89257,0.48363,53.554,0.967,-1,400.000,-1,400.000,-1,325.000,325.000,300.000,300.000,-1,600.000,600.000,-1,-1,725.000,-1,-1,2,0,2,0,2,0,0,0,0,2,0,0,2,2,0,2,2
111,-2026.731,-9877.631,-185.541,-10.650,0.981869,0.184767,-0.042353,-0.183539,0.982514,0.031293,0.047395,-0.022952,0.998613,0,0.97257,0.36363,58.354,0.727,-1,400.000,-1,400.000,-1,325.000,325.000,300.000,300.000,-1,575.000,575.000,-1,-1,725.000,-1,-1,2,0,2,0,2,0,0,0,0,2,0,0,2,2,0,2,2
112,-1967.673,-9888.218,-183.067,-10.163,0.983371,0.176403,-0.043161,-0.175140,0.984039,0.031516,0.048032,-0.023432,0.998571,0,1.00000,0.24363,60.000,0.487,-1,400.000,-1,400.000,-1,325.000,325.000,300.000,300.000,-1,575.000,575.000,-1,-1,725.000,-1,-1,2,0,2,0,2,0,0,0,0,2,0,0,2,2,0,2,2
113,-1908.569,-9898.550,-180.494,-9.916,0.984129,0.172150,-0.043068,-0.170842,0.984764,0.032444,0.047997,-0.024571,0.998545,0,1.00000,0.12363,60.000,0.247,-1,400.000,-1,400.000,-1,325.000,325.000,300.000,300.000,-1,600.000,625.000,-1,-1,725.000,-1,-1,2,0,2,0,2,0,0,0,0,2,0,0,2,2,1,2,2
114,-1849.435,-9908.707,-177.813,-9.746,0.984672,0.169232,-0.042218,-0.167889,0.985234,0.033583,0.047278,-0.025981,0.998544,0,1.00000,0.08470,60.000,0.169,-1,400.000,-1,400.000,-1,325.000,325.000,300.000,300.000,-1,675.000,700.000,-1,-1,-1,-1,-1,2,0,2,0,2,0,0,0,0,2,0,0,2,2,2,2,2
115,-1790.271,-9918.689,-175.115,-9.578,0.985202,0.166319,-0.041400,-0.164942,0.985691,0.034735,0.046585,-0.027392,0.998539,0,1.00000,0.08449,60.000,0.169,-1,400.000,-1,375.000,-1,325.000,325.000,300.000,300.000,-1,775.000,800.000,-1,-1,-1,-1,-1,2,0,2,0,2,0,0,0,0,2,0,0,2,2,2,2,2
116,-1731.079,-9928.498,-172.399,-9.409,0.985721,0.163414,-0.040614,-0.162004,0.986137,0.035898,0.045917,-0.028806,0.998530,0,1.00000,0.08422,60.000,0.168,-1,400.000,-1,375.000,-1,325.000,325.000,300.000,300.000,-1,850.000,900.000,-1,-1,-1,-1,-1,2,0,2,0,2,0,0,0,0,2,0,0,2,2,2,2,2
117,-1671.857,-9938.133,-169.668,-9.241,0.986228,0.160519,-0.039858,-0.159077,0.986570,0.037072,0.045274,-0.030221,0.998517,0,1.00000,0.08389,60.000,0.168,-1,-1,-1,375.000,-1,325.000,325.000,300.000,300.000,-1,950.000,1000.000,-1,-1,-1,-1,-1,2,2,2,0,2,0,0,0,0,2,0,0,2,2,2,2,2
118,-1612.608,-9947.595,-166.921,-9.074,0.986722,0.157636,-0.039133,-0.156162,0.986990,0.038256,0.044654,-0.031637,0.998501,0,1.00000,0.08350,60.000,0.167,-1,-1,-1,375.000,-1,325.000,325.000,300.000,300.000,-1,-1,-1,-1,-1,-1,-1,-1,2,2,2,0,2,0,0,0,0,2,2,2,2,2,2,2,2
119,-1553.293,-9956.637,-164.181,-8.667,0.987846,0.150613,-0.038426,-0.149108,0.988034,0.039428,0.043905,-0.033220,0.998483,0,1.00000,0.20350,60.000,0.407,-1,-1,-1,-1,-1,-1,-1,300.000,300.000,-1,-1,-1,-1,-1,-1,-1,-1,2,2,2,2,2,2,2,0,0,2,2,2,2,2,2,2,2
120,-1493.880,-9965.007,-161.459,-8.020,0.989512,0.139438,-0.037726,-0.137905,0.989613,0.040592,0.042994,-0.034964,0.998463,0,1.00000,0.32350,60.000,0.647,-1,-1,-1,-1,-1,-1,-1,300.000,300.000,-1,-1,-1,-1,-1,-1,-1,-1,2,2,2,2,2,2,2,0,0,2,2,2,2,2,2,2,2
121,-1434.345,-9972.457,-158.725,-7.133,0.991586,0.124093,-0.036854,-0.122534,0.991579,0.041906,0.041744,-0.037038,0.998442,0,1.00000,0.44350,60.000,0.887,-1,-1,-1,-1,-1,-1,-1,300.000,300.000,-1,-1,-1,-1,-1,-1,-1,-1,2,2,2,2,2,2,2,0,0,2,2,2,2,2,2,2,2
122,-1374.676,-9978.746,-156.021,-6.018,0.993850,0.104751,-0.035894,-0.103174,0.993721,0.043289,0.040203,-0.039320,0.998418,0,1.00000,0.55789,60.000,1.116,-1,-1,-1,-1,-1,-1,-1,300.000,300.000,-1,-1,-1,-1,-1,-1,-1,-1,2,2,2,2,2,2,2,0,0,2,2,2,2,2,2,2,2
123,-1314.896,-9983.874,-155.865,-4.910,0.995985,0.085468,-0.026646,-0.083932,0.994995,0.054226,0.031147,-0.051772,0.998173,0,1.00000,0.55398,60.000,1.108,-1,-1,-1,-1,-1,-1,-1,275.000,300.000,-1,-1,-1,-1,-1,-1,-1,-1,2,2,2,2,2,2,2,0,0,2,2,2,2,2,2,2,2
124,-1255.029,-9987.846,-168.288,-3.811,0.997594,0.066321,0.020191,-0.067472,0.995732,0.062972,-0.015928,-0.064183,0.997811,0,1.00000,0.54948,60.000,1.099,-1,-1,-1,-1,-1,-1,-1,225.000,275.000,-1,-1,-1,-1,-1,-1,-1,-1,2,2,2,2,2,2,2,0,0,2,2,2,2,2,2,2,2
125,-6231.356,327.978,88.704,80.528,0.164333,-0.986351,-0.010297,0.981703,0.164559,-0.095809,0.096196,0.005636,0.995346,1,0.00000,0.00000,60.000,1.089,-1,400.000,-1,400.000,-1,325.000,325.000,300.000,275.000,650.000,650.000,875.000,-1,750.000,875.000,-1,-1,2,0,2,0,2,0,0,0,0,1,0,0,2,0,0,2,2
126,-6230.546,332.709,89.155,80.288,0.168476,-0.985651,-0.010376,0.980988,0.168689,-0.095951,0.096324,0.005987,0.995332,0,0.08000,-0.12000,4.800,-0.240,-1,400.000,-1,400.000,-1,325.000,325.000,300.000,275.000,650.000,625.000,875.000,-1,750.000,875.000,-1,-1,2,0,2,0,2,0,0,0,0,1,0,0,2,0,0,2,2
127,-6228.847,342.158,90.055,79.808,0.176752,-0.984199,-0.010541,0.979506,0.176939,-0.096232,0.096576,0.006684,0.995303,0,0.16000,-0.24000,9.600,-0.480,-1,400.000,-1,400.000,-1,325.000,325.000,300.000,275.000,650.000,625.000,850.000,-1,750.000,900.000,-1,-1,2,0,2,0,2,0,0,0,0,1,0,0,2,0,0,2,2
128,-6226.125,356.298,91.403,79.104,0.188875,-0.981942,-0.010805,0.977205,0.189027,-0.096643,0.096940,0.007694,0.995260,0,0.24000,-0.35228,14.400,-0.705,-1,400.000,-1,400.000,-1,325.000,325.000,300.000,275.000,650.000,600.000,800.000,-1,775.000,900.000,-1,-1,2,0,2,0,2,0,0,0,0,1,0,0,2,0,0,2,2
129,-6222.262,375.106,93.203,78.392,0.201089,-0.979509,-0.011180,0.974719,0.201214,-0.097138,0.097397,0.008636,0.995208,0,0.32000,-0.35605,19.200,-0.712,-1,400.000,-1,400.000,-1,325.000,325.000,300.000,275.000,650.000,600.000,775.000,-1,775.000,925.000,-1,-1,2,0,2,0,2,0,0,0,0,1,0,0,2,0,0,2,2
130,-6217.137,398.552,95.453,77.669,0.213440,-0.976887,-0.011664,0.972035,0.213547,-0.097707,0.097940,0.009517,0.995147,0,0.40000,-0.36121,24.000,-0.722,-1,400.000,-1,400.000,-1,325.000,325.000,300.000,275.000,675.000,575.000,750.000,-1,775.000,950.000,-1,-1,2,0,2,0,2,0,0,0,0,1,0,0,2,0,0,2,2
131,-6210.626,426.607,98.151,76.933,0.225975,-0.974056,-0.012250,0.969135,0.226070,-0.098338,0.098556,0.010350,0.995078,0,0.48000,-0.36785,28.800,-0.736,-1,400.000,-1,400.000,-1,325.000,325.000,300.000,275.000,675.000,575.000,750.000,-1,775.000,1000.000,-1,-1,2,0,2,0,2,0,0,0,0,1,0,0,2,0,0,2,2
132,-6202.601,459.234,101.297,76.181,0.238746,-0.970996,-0.012925,0.965999,0.238835,-0.099018,0.099233,0.011154,0.995002,0,0.56000,-0.37606,33.600,-0.752,-1,400.000,-1,400.000,-1,325.000,325.000,300.000,275.000,700.000,575.000,725.000,-1,775.000,-1,-1,-1,2,0,2,0,2,0,0,0,0,1,0,0,2,0,2,2,2
133,-6193.983,492.341,104.492,75.409,0.251810,-0.967681,-0.013597,0.962609,0.251891,-0.099670,0.099874,0.012009,0.994928,0,0.57016,-0.38592,34.209,-0.772,-1,400.000,-1,425.000,-1,325.000,325.000,300.000,275.000,700.000,575.000,700.000,-1,800.000,-1,-1,-1,2,0,2,0,2,0,0,0,0,1,0,0,2,0,2,2,2
134,-6184.887,525.402,107.688,74.617,0.265181,-0.964093,-0.014250,0.958951,0.265248,-0.100284,0.100463,0.012928,0.994857,0,0.57148,-0.39626,34.289,-0.793,-1,400.000,-1,425.000,-1,325.000,325.000,300.000,275.000,725.000,550.000,700.000,-1,800.000,-1,-1,-1,2,0,2,0,2,0,0,0,0,1,0,0,2,0,2,2,2
135,-6175.291,558.442,110.886,73.803,0.278862,-0.960216,-0.014881,0.955006,0.278912,-0.100859,0.100997,0.013915,0.994789,0,0.57342,-0.40692,34.405,-0.814,-1,400.000,-1,425.000,-1,325.000,350.000,300.000,275.000,750.000,550.000,700.000,-1,850.000,-1,-1,-1,2,0,2,0,2,0,0,0,0,1,0,0,2,0,2,2,2
136,-6165.169,591.483,114.315,72.967,0.292957,-0.956017,-0.014402,0.950803,0.292880,-0.100973,0.100750,0.015887,0.994785,0,0.57596,-0.41789,34.557,-0.836,-1,400.000,-1,425.000,-1,325.000,350.000,300.000,275.000,775.000,575.000,700.000,-1,875.000,-1,-1,-1,2,0,2,0,2,0,0,0,0,1,0,0,2,0,2,2,2
