timestep,x_cm,y_cm,z_cm,yaw_deg,basis_xx,basis_xy,basis_xz,basis_yx,basis_yy,basis_yz,basis_zx,basis_zy,basis_zz,teleport_flag,throttle_cmd,steering_cmd,cmd_move_cm,cmd_turn_deg,lidar_cm_0,lidar_cm_1,lidar_cm_2,lidar_cm_3,lidar_cm_4,lidar_cm_5,lidar_cm_6,lidar_cm_7,lidar_cm_8,lidar_cm_9,lidar_cm_10,lidar_cm_11,lidar_cm_12,lidar_cm_13,lidar_cm_14,lidar_cm_15,lidar_cm_16,lidar_class_0,lidar_class_1,lidar_class_2,lidar_class_3,lidar_class_4,lidar_class_5,lidar_class_6,lidar_class_7,lidar_class_8,lidar_class_9,lidar_class_10,lidar_class_11,lidar_class_12,lidar_class_13,lidar_class_14,lidar_class_15,lidar_class_16
0,-8197.515,5570.902,11.433,-70.070,0.340932,0.939982,0.014131,-0.936038,0.340819,-0.087609,-0.087167,0.016641,0.996055,1,0.08000,0.12000,4.800,0.240,-1,400.000,-1,400.000,-1,325.000,325.000,300.000,300.000,-1,-1,-1,-1,850.000,800.000,-1,-1,2,0,2,0,2,0,0,0,0,2,2,2,2,0,0,2,2
1,-8194.167,5561.904,10.583,-69.590,0.348820,0.937082,0.014205,-0.933122,0.348677,-0.087798,-0.087227,0.017371,0.996037,0,0.16000,0.24000,9.600,0.480,-1,400.000,-1,400.000,-1,325.000,325.000,300.000,300.000,-1,-1,-1,-1,850.000,800.000,-1,-1,2,0,2,0,2,0,0,0,0,2,2,2,2,0,0,2,2
2,-8188.976,5548.472,9.311,-68.870,0.360606,0.932608,0.014319,-0.928623,0.360418,-0.088083,-0.087308,0.018466,0.996010,0,0.24000,0.36000,14.400,0.720,-1,400.000,-1,400.000,-1,325.000,325.000,300.000,300.000,-1,-1,-1,-1,850.000,825.000,-1,-1,2,0,2,0,2,0,0,0,0,2,2,2,2,0,0,2,2
3,-8181.825,5530.654,7.614,-68.135,0.372581,0.927887,0.014498,-0.923867,0.372349,-0.088467,-0.087486,0.019567,0.995974,0,0.32000,0.36766,19.200,0.735,-1,400.000,-1,400.000,-1,325.000,325.000,300.000,300.000,-1,-1,-1,-1,850.000,825.000,-1,-1,2,0,2,0,2,0,0,0,0,2,2,2,2,0,0,2,2
4,-8172.603,5508.496,5.494,-67.401,0.384461,0.923023,0.014747,-0.918959,0.384190,-0.088952,-0.087771,0.020647,0.995927,0,0.40000,0.36679,24.000,0.734,-1,400.000,-1,400.000,-1,325.000,325.000,300.000,300.000,-1,-1,-1,-1,850.000,825.000,-1,-1,2,0,2,0,2,0,0,0,0,2,2,2,2,0,0,2,2
5,-8161.197,5482.051,2.951,-66.670,0.396239,0.918024,0.015071,-0.913904,0.395931,-0.089546,-0.088172,0.021708,0.995869,0,0.48000,0.36567,28.800,0.731,-1,400.000,-1,400.000,-1,325.000,325.000,300.000,300.000,-1,-1,-1,-1,850.000,825.000,-1,-1,2,0,2,0,2,0,0,0,0,2,2,2,2,0,0,2,2
6,-8147.499,5451.370,-0.013,-65.942,0.407903,0.912894,0.015477,-0.908706,0.407562,-0.090255,-0.088701,0.022751,0.995798,0,0.56000,0.36427,33.600,0.729,-1,400.000,-1,400.000,-1,325.000,325.000,300.000,300.000,-1,-1,-1,-1,850.000,825.000,-1,-1,2,0,2,0,2,0,0,0,0,2,2,2,2,0,0,2,2
7,-8131.402,5416.506,-3.398,-65.217,0.419442,0.907642,0.015971,-0.903373,0.419071,-0.091089,-0.089369,0.023779,0.995715,0,0.64000,0.36252,38.400,0.725,-1,400.000,-1,400.000,-1,325.000,325.000,300.000,300.000,-1,-1,-1,-1,850.000,825.000,-1,-1,2,0,2,0,2,0,0,0,0,2,2,2,2,0,0,2,2
8,-8112.801,5377.516,-7.231,-64.496,0.430849,0.902274,0.016428,-0.897915,0.430443,-0.092025,-0.090103,0.024898,0.995621,0,0.72000,0.36034,43.200,0.721,-1,400.000,-1,400.000,-1,325.000,325.000,300.000,300.000,-1,-1,-1,-1,850.000,825.000,-1,-1,2,0,2,0,2,0,0,0,0,2,2,2,2,0,0,2,2
9,-8093.770,5338.873,-11.110,-63.781,0.442123,0.896800,0.016639,-0.892358,0.441657,-0.092932,-0.090690,0.026239,0.995533,0,0.71792,0.35761,43.075,0.715,-1,400.000,-1,400.000,-1,325.000,325.000,300.000,300.000,-1,-1,-1,-1,875.000,825.000,-1,-1,2,0,2,0,2,0,0,0,0,2,2,2,2,0,0,2,2
10,-8074.342,5300.627,-15.007,-63.071,0.453242,0.891229,0.016798,-0.886689,0.452706,-0.094023,-0.091401,0.027721,0.995428,0,0.71495,0.35461,42.897,0.709,-1,400.000,-1,400.000,-1,325.000,325.000,300.000,300.000,-1,-1,-1,-1,875.000,825.000,-1,-1,2,0,2,0,2,0,0,0,0,2,2,2,2,0,0,2,2
11,-8054.525,5262.772,-18.927,-62.369,0.464201,0.885569,0.016901,-0.880913,0.463579,-0.095321,-0.092248,0.029360,0.995303,0,0.71214,0.35134,42.728,0.703,-1,400.000,-1,400.000,-1,325.000,325.000,300.000,300.000,-1,-1,-1,-1,875.000,825.000,-1,-1,2,0,2,0,2,0,0,0,0,2,2,2,2,0,0,2,2
12,-8034.326,5225.299,-22.842,-61.673,0.474983,0.879831,0.017008,-0.875051,0.474272,-0.096706,-0.093151,0.031051,0.995168,0,0.70950,0.34780,42.570,0.696,-1,400.000,-1,400.000,-1,325.000,325.000,300.000,300.000,-1,-1,-1,-1,875.000,800.000,-1,-1,2,0,2,0,2,0,0,0,0,2,2,2,2,0,0,2,2
13,-8013.749,5188.202,-26.753,-60.985,0.485581,0.874024,0.017121,-0.869111,0.484775,-0.098179,-0.094111,0.032794,0.995021,0,0.70703,0.34400,42.422,0.688,-1,425.000,-1,400.000,-1,325.000,325.000,300.000,300.000,-1,-1,-1,-1,875.000,800.000,-1,-1,2,0,2,0,2,0,0,0,0,2,2,2,2,0,0,2,2
14,-7992.802,5151.471,-30.721,-60.305,0.495973,0.868164,0.017355,-0.863132,0.495086,-0.099462,-0.094942,0.034351,0.994890,0,0.70474,0.33994,42.284,0.680,-1,425.000,-1,400.000,-1,325.000,325.000,300.000,300.000,-1,-1,-1,-1,875.000,800.000,-1,-1,2,0,2,0,2,0,0,0,0,2,2,2,2,0,0,2,2
15,-7971.490,5115.097,-34.805,-59.634,0.506135,0.862270,0.017814,-0.857156,0.505204,-0.100266,-0.095456,0.035478,0.994801,0,0.70262,0.33564,42.157,0.671,-1,425.000,-1,400.000,-1,325.000,325.000,300.000,300.000,-1,-1,-1,-1,875.000,800.000,-1,-1,2,0,2,0,2,0,0,0,0,2,2,2,2,0,0,2,2
16,-7949.819,5079.070,-38.897,-58.972,0.516091,0.856339,0.018281,-0.851136,0.515114,-0.101114,-0.096005,0.036624,0.994707,0,0.70070,0.33110,42.042,0.662,-1,425.000,-1,400.000,-1,325.000,325.000,300.000,300.000,-1,-1,-1,-1,875.000,800.000,-1,-1,2,0,2,0,2,0,0,0,0,2,2,2,2,0,0,2,2
17,-7927.794,5043.382,-43.016,-58.319,0.525829,0.850381,0.018858,-0.845082,0.524814,-0.102018,-0.096651,0.037707,0.994604,0,0.69896,0.32632,41.937,0.653,-1,425.000,-1,400.000,-1,325.000,325.000,300.000,300.000,-1,-1,-1,-1,875.000,800.000,-1,-1,2,0,2,0,2,0,0,0,0,2,2,2,2,0,0,2,2
18,-7905.419,5008.022,-47.203,-57.677,0.535326,0.844414,0.019751,-0.838996,0.534301,-0.102995,-0.097524,0.038565,0.994486,0,0.69741,0.32130,41.844,0.643,-1,425.000,-1,400.000,-1,325.000,325.000,300.000,300.000,-1,-1,-1,-1,850.000,800.000,-1,-1,2,0,2,0,2,0,0,0,0,2,2,2,2,0,0,2,2
19,-7882.700,4972.979,-51.400,-57.044,0.544603,0.838440,0.020651,-0.832898,0.543565,-0.104006,-0.098428,0.039442,0.994362,0,0.69605,0.31606,41.763,0.632,-1,400.000,-1,400.000,-1,325.000,325.000,300.000,300.000,-1,-1,-1,-1,850.000,800.000,-1,-1,2,0,2,0,2,0,0,0,0,2,2,2,2,0,0,2,2
20,-7859.642,4938.243,-55.607,-56.423,0.553654,0.832468,0.021559,-0.826798,0.552603,-0.105049,-0.099363,0.040336,0.994233,0,0.69488,0.31059,41.693,0.621,-1,400.000,-1,400.000,-1,325.000,325.000,300.000,300.000,-1,-1,-1,-1,850.000,800.000,-1,-1,2,0,2,0,2,0,0,0,0,2,2,2,2,0,0,2,2
21,-7833.671,4899.679,-60.332,-56.042,0.559151,0.828757,0.022609,-0.822932,0.558119,-0.106238,-0.100664,0.040797,0.994084,0,0.77488,0.19059,46.493,0.381,-1,400.000,-1,400.000,-1,325.000,325.000,300.000,300.000,-1,-1,-1,-1,850.000,800.000,-1,-1,2,0,2,0,2,0,0,0,0,2,2,2,2,0,0,2,2
22,-7805.627,4858.257,-65.461,-55.901,0.561140,0.827379,0.023784,-0.821374,0.560159,-0.107548,-0.102306,0.040814,0.993915,0,0.83370,0.07059,50.022,0.141,-1,400.000,-1,400.000,-1,325.000,325.000,300.000,300.000,-1,-1,-1,-1,850.000,800.000,-1,-1,2,0,2,0,2,0,0,0,0,2,2,2,2,0,0,2,2
23,-7777.654,4816.936,-70.629,-55.902,0.561055,0.827401,0.024976,-0.821208,0.560143,-0.108888,-0.104084,0.040581,0.993740,0,0.83164,-0.00073,49.898,-0.001,-1,400.000,-1,400.000,-1,325.000,325.000,300.000,300.000,-1,-1,-1,-1,825.000,775.000,-1,-1,2,0,2,0,2,0,0,0,0,2,2,2,2,0,0,2,2
24,-7749.756,4775.700,-75.869,-55.920,0.560741,0.827582,0.026036,-0.821201,0.559887,-0.110251,-0.105819,0.040442,0.993563,0,0.82977,-0.00898,49.786,-0.018,-1,400.000,-1,400.000,-1,325.000,325.000,300.000,300.000,-1,-1,-1,-1,825.000,775.000,-1,-1,2,0,2,0,2,0,0,0,0,2,2,2,2,0,0,2,2
25,-7721.928,4734.511,-81.204,-55.956,0.560192,0.827927,0.026869,-0.821364,0.559374,-0.111631,-0.107452,0.040465,0.993386,0,0.82847,-0.01774,49.708,-0.035,-1,400.000,-1,400.000,-1,325.000,325.000,300.000,300.000,-1,-1,-1,-1,800.000,775.000,-1,-1,2,0,2,0,2,0,0,0,0,2,2,2,2,0,0,2,2
26,-7694.163,4693.332,-86.600,-56.010,0.559376,0.828453,0.027652,-0.821703,0.558592,-0.113041,-0.109096,0.040511,0.993205,0,0.82774,-0.02700,49.665,-0.054,-1,400.000,-1,400.000,-1,325.000,325.000,300.000,300.000,-1,-1,-1,-1,800.000,775.000,-1,-1,2,0,2,0,2,0,0,0,0,2,2,2,2,0,0,2,2
27,-7666.456,4652.125,-91.955,-56.083,0.558253,0.829180,0.028539,-0.822288,0.557536,-0.114003,-0.110441,0.040175,0.993070,0,0.82760,-0.03676,49.656,-0.074,-1,400.000,-1,400.000,-1,325.000,325.000,300.000,300.000,-1,-1,-1,-1,775.000,750.000,-1,-1,2,0,2,0,2,0,0,0,0,2,2,2,2,0,0,2,2
28,-7638.801,4610.850,-97.251,-56.177,0.556800,0.830120,0.029562,-0.823139,0.556192,-0.114425,-0.111429,0.039378,0.992992,0,0.82804,-0.04701,49.682,-0.094,-1,400.000,-1,400.000,-1,325.000,325.000,300.000,300.000,-1,-1,-1,-1,775.000,750.000,-1,-1,2,0,2,0,2,0,0,0,0,2,2,2,2,0,0,2,2
29,-7611.196,4569.468,-102.639,-56.293,0.555041,0.831263,0.030516,-0.824183,0.554534,-0.114954,-0.112479,0.038653,0.992902,0,0.82907,-0.05775,49.744,-0.115,-1,400.000,-1,400.000,-1,325.000,325.000,300.000,300.000,-1,-1,-1,-1,775.000,750.000,-1,-1,2,0,2,0,2,0,0,0,0,2,2,2,2,0,0,2,2
30,-7583.636,4527.938,-108.115,-56.431,0.552961,0.832616,0.031388,-0.825424,0.552544,-0.115626,-0.113616,0.038028,0.992797,0,0.83070,-0.06896,49.842,-0.138,-1,400.000,-1,400.000,-1,325.000,325.000,300.000,300.000,-1,-1,-1,-1,775.000,750.000,-1,-1,2,0,2,0,2,0,0,0,0,2,2,2,2,0,0,2,2
31,-7556.120,4486.220,-113.727,-56.592,0.550534,0.834190,0.032250,-0.826896,0.550213,-0.116227,-0.114700,0.037320,0.992699,0,0.83293,-0.08064,49.976,-0.161,-1,400.000,-1,400.000,-1,325.000,325.000,300.000,275.000,-1,-1,-1,-1,750.000,750.000,-1,-1,2,0,2,0,2,0,0,0,0,2,2,2,2,0,0,2,2
32,-7528.646,4444.270,-119.528,-56.778,0.547728,0.835998,0.033181,-0.828634,0.547528,-0.116525,-0.115583,0.036329,0.992633,0,0.83576,-0.09280,50.146,-0.186,-1,400.000,-1,400.000,-1,325.000,325.000,300.000,275.000,-1,-1,-1,-1,750.000,725.000,-1,-1,2,0,2,0,2,0,0,0,0,2,2,2,2,0,0,2,2
33,-7501.214,4402.047,-125.366,-56.989,0.544532,0.838044,0.034161,-0.830636,0.544471,-0.116594,-0.116311,0.035114,0.992592,0,0.83920,-0.10543,50.352,-0.211,-1,400.000,-1,400.000,-1,325.000,325.000,300.000,275.000,-1,-1,-1,-1,725.000,725.000,-1,-1,2,0,2,0,2,0,0,0,0,2,2,2,2,0,0,2,2
34,-7472.020,4356.567,-131.563,-57.303,0.539826,0.841056,0.034825,-0.833652,0.539892,-0.116364,-0.116671,0.033784,0.992596,0,0.90072,-0.15709,54.043,-0.314,-1,400.000,-1,400.000,-1,325.000,325.000,300.000,275.000,-1,-1,-1,-1,725.000,725.000,-1,-1,2,0,2,0,2,0,0,0,0,2,2,2,2,0,0,2,2
35,-7442.776,4310.429,-137.890,-57.632,0.534895,0.844179,0.035330,-0.836784,0.535071,-0.116151,-0.116956,0.032565,0.992603,0,0.91041,-0.16466,54.625,-0.329,-1,400.000,-1,400.000,-1,325.000,325.000,300.000,275.000,-1,-1,-1,-1,725.000,725.000,1000.000,-1,2,0,2,0,2,0,0,0,0,2,2,2,2,0,0,1,2
36,-7413.488,4263.599,-144.388,-57.977,0.529713,0.847419,0.035852,-0.840030,0.530001,-0.115969,-0.117276,0.031313,0.992606,0,0.92058,-0.17244,55.235,-0.345,-1,400.000,1000.000,400.000,-1,325.000,325.000,300.000,275.000,-1,-1,-1,-1,725.000,725.000,925.000,-1,2,0,1,0,2,0,0,0,0,2,2,2,2,1,0,1,2
37,-7384.159,4216.042,-151.062,-58.338,0.524272,0.850773,0.036393,-0.843387,0.524675,-0.115819,-0.117631,0.030027,0.992603,0,0.93122,-0.18041,55.873,-0.361,-1,400.000,950.000,400.000,-1,325.000,325.000,300.000,275.000,-1,-1,-1,-1,675.000,725.000,850.000,-1,2,0,1,0,2,0,0,0,0,2,2,2,2,1,0,1,2
38,-7354.798,4167.723,-157.918,-58.715,0.518562,0.854241,0.036955,-0.846856,0.519085,-0.115701,-0.118019,0.028703,0.992596,0,0.94233,-0.18853,56.540,-0.377,-1,400.000,900.000,400.000,-1,325.000,325.000,300.000,275.000,-1,-1,-1,-1,625.000,700.000,775.000,-1,2,0,1,0,2,0,0,0,0,2,2,2,2,1,0,1,2
39,-7325.414,4118.609,-164.963,-59.108,0.512579,0.857819,0.037536,-0.850432,0.513224,-0.115614,-0.118440,0.027339,0.992585,0,0.95389,-0.19679,57.233,-0.394,925.000,400.000,850.000,375.000,-1,325.000,325.000,300.000,275.000,-1,-1,-1,-1,575.000,700.000,700.000,-1,1,0,1,0,2,0,0,0,0,2,2,2,2,1,0,1,2
40,-7296.017,4068.664,-171.944,-59.519,0.506189,0.861525,0.039327,-0.854084,0.507099,-0.115719,-0.119638,0.024987,0.992503,0,0.96589,-0.20515,57.953,-0.410,825.000,400.000,800.000,375.000,-1,325.000,325.000,275.000,275.000,-1,-1,-1,-1,525.000,700.000,625.000,-1,1,1,1,0,2,0,0,0,0,2,2,2,2,1,0,1,2
41,-7266.623,4017.864,-178.865,-59.945,0.499657,0.865307,0.039847,-0.857864,0.500686,-0.115685,-0.120054,0.023620,0.992486,0,0.97820,-0.21333,58.692,-0.427,725.000,375.000,750.000,375.000,-1,325.000,325.000,275.000,275.000,-1,-1,-1,-1,475.000,700.000,550.000,-1,1,1,1,0,2,0,0,0,0,2,2,2,2,1,0,1,2
42,-7237.396,3966.488,-185.452,-60.365,0.493225,0.868987,0.039877,-0.861741,0.494348,-0.114116,-0.118878,0.021921,0.992667,0,0.98511,-0.21002,59.107,-0.420,625.000,350.000,700.000,375.000,-1,325.000,325.000,275.000,275.000,-1,-1,-1,-1,450.000,700.000,500.000,-1,1,1,1,0,2,1,0,0,0,2,2,2,2,1,0,1,2
43,-7208.341,3914.547,-192.127,-60.778,0.486889,0.872557,0.039794,-0.865540,0.488094,-0.112273,-0.117388,0.020221,0.992880,0,0.99194,-0.20636,59.516,-0.413,525.000,325.000,650.000,375.000,-1,300.000,325.000,275.000,275.000,-1,-1,-1,-1,400.000,700.000,425.000,-1,1,1,1,0,2,1,0,0,0,2,2,2,2,1,0,1,2
44,-7179.459,3862.049,-198.935,-61.183,0.480675,0.876008,0.039519,-0.869231,0.481934,-0.110346,-0.115710,0.018690,0.993107,0,0.99864,-0.20230,59.919,-0.405,425.000,300.000,600.000,375.000,-1,275.000,325.000,275.000,300.000,-1,-1,-1,-1,350.000,700.000,350.000,-1,1,1,1,0,2,1,0,0,0,2,2,2,2,1,0,1,2
45,-7150.902,3809.281,-205.589,-61.578,0.474562,0.879337,0.039462,-0.872729,0.475887,-0.108978,-0.114607,0.017277,0.993261,0,1.00000,-0.19780,60.000,-0.396,350.000,275.000,550.000,400.000,-1,275.000,325.000,275.000,300.000,-1,-1,-1,-1,325.000,700.000,300.000,-1,1,1,1,0,2,1,0,0,0,2,2,2,2,1,0,1,2
46,-7122.701,3756.323,-211.555,-61.964,0.468963,0.882495,0.035727,-0.876192,0.469943,-0.106962,-0.111184,0.018858,0.993621,0,1.00000,-0.19284,60.000,-0.386,275.000,250.000,500.000,400.000,-1,250.000,325.000,275.000,300.000,-1,-1,-1,-1,275.000,700.000,225.000,-1,1,1,1,0,2,1,0,0,0,2,2,2,2,1,0,1,2
47,-7094.846,3703.185,-214.131,-62.339,0.465050,0.885172,0.014102,-0.880028,0.463963,-0.101436,-0.096331,0.034762,0.994742,0,1.00000,-0.18738,60.000,-0.375,225.000,225.000,450.000,425.000,-1,225.000,325.000,325.000,275.000,-1,525.000,500.000,-1,275.000,750.000,200.000,-1,1,1,1,0,2,1,1,0,0,2,0,0,2,1,0,1,2
48,-7067.323,3649.875,-215.724,-62.701,0.461049,0.887278,-0.013088,-0.883957,0.457930,-0.094446,-0.077806,0.055114,0.995444,0,1.00000,-0.18136,60.000,-0.363,200.000,200.000,450.000,475.000,-1,225.000,325.000,350.000,275.000,-1,350.000,225.000,975.000,250.000,800.000,175.000,-1,1,1,1,0,2,1,1,0,0,2,0,0,0,1,1,1,2
49,-7040.114,3596.403,-216.349,-63.051,0.456470,0.888559,-0.045814,-0.887997,0.451751,-0.085927,-0.055655,0.079905,0.995248,0,1.00000,-0.17470,60.000,-0.349,175.000,200.000,425.000,500.000,-1,200.000,325.000,425.000,250.000,-1,250.000,125.000,575.000,225.000,775.000,150.000,-1,1,1,1,0,2,1,1,0,0,2,0,0,0,1,1,1,2
50,-7013.202,3542.780,-216.023,-63.386,0.450724,0.888696,-0.084068,-0.892161,0.445306,-0.075839,-0.029961,0.109185,0.993570,0,1.00000,-0.16735,60.000,-0.335,150.000,200.000,425.000,500.000,-1,200.000,300.000,525.000,225.000,-1,200.000,50.000,375.000,225.000,775.000,125.000,-1,1,1,1,1,2,1,1,0,0,2,0,0,0,1,1,1,2
51,-6986.567,3489.017,-214.749,-63.704,0.443130,0.887288,-0.127891,-0.896457,0.438449,-0.064241,-0.000926,0.143116,0.989706,0,1.00000,-0.15920,60.000,-0.318,125.000,175.000,450.000,500.000,-1,200.000,300.000,625.000,225.000,-1,175.000,25.000,275.000,225.000,800.000,125.000,-1,1,1,1,1,2,1,1,0,0,2,0,0,0,1,1,1,2
52,6887.276,3607.623,214.342,108.108,-0.311055,-0.949471,-0.041840,0.950376,-0.310489,-0.019562,0.005583,-0.045849,0.998933,1,0.00000,0.00000,60.000,-0.300,-1,375.000,-1,400.000,-1,325.000,325.000,300.000,300.000,-1,-1,-1,800.000,725.000,850.000,-1,-1,2,0,2,0,2,0,0,0,0,2,2,2,1,0,0,2,2
53,6885.803,3612.192,214.375,107.868,-0.307077,-0.950766,-0.041806,0.951668,-0.306511,-0.019497,0.005723,-0.045772,0.998936,0,0.08000,-0.12000,4.800,-0.240,-1,375.000,-1,400.000,-1,325.000,325.000,300.000,300.000,-1,-1,-1,800.000,725.000,850.000,-1,-1,2,0,2,0,2,0,0,0,0,2,2,2,1,0,0,2,2
54,6882.935,3621.353,214.446,107.388,-0.299104,-0.953307,-0.041735,0.954202,-0.298537,-0.019365,0.006002,-0.045615,0.998941,0,0.16000,-0.24000,9.600,-0.480,-1,375.000,-1,400.000,-1,325.000,325.000,300.000,300.000,-1,-1,-1,825.000,725.000,875.000,-1,-1,2,0,2,0,2,0,0,0,0,2,2,2,1,0,0,2,2
55,6878.762,3635.135,214.563,106.845,-0.290059,-0.956103,-0.041636,0.956988,-0.289493,-0.019161,0.006266,-0.045403,0.998949,0,0.24000,-0.27147,14.400,-0.543,-1,375.000,-1,400.000,-1,325.000,325.000,300.000,300.000,-1,-1,-1,825.000,725.000,875.000,-1,-1,2,0,2,0,2,0,0,0,0,2,2,2,1,0,0,2,2
56,6873.372,3653.564,214.731,106.304,-0.281008,-0.958807,-0.041510,0.959684,-0.280447,-0.018882,0.006462,-0.045143,0.998960,0,0.32000,-0.27076,19.200,-0.542,-1,375.000,-1,400.000,-1,325.000,325.000,300.000,300.000,-1,-1,-1,850.000,725.000,875.000,-1,-1,2,0,2,0,2,0,0,0,0,2,2,2,1,0,0,2,2
57,6866.852,3676.661,214.956,105.764,-0.271960,-0.961420,-0.041350,0.962286,-0.271408,-0.018531,0.006594,-0.044831,0.998973,0,0.40000,-0.26981,24.000,-0.540,-1,375.000,-1,400.000,-1,325.000,325.000,300.000,300.000,-1,-1,-1,850.000,750.000,875.000,-1,-1,2,0,2,0,2,0,0,0,0,2,2,2,1,0,0,2,2
58,6859.288,3704.450,215.243,105.227,-0.262927,-0.963938,-0.041149,0.964793,-0.262387,-0.018114,0.006664,-0.044463,0.998989,0,0.48000,-0.26859,28.800,-0.537,-1,375.000,-1,400.000,-1,325.000,325.000,300.000,300.000,-1,-1,-1,875.000,750.000,875.000,-1,-1,2,0,2,0,2,0,0,0,0,2,2,2,1,0,0,2,2
59,6850.765,3736.951,215.596,104.693,-0.253919,-0.966360,-0.040900,0.967203,-0.253393,-0.017636,0.006679,-0.044037,0.999008,0,0.56000,-0.26709,33.600,-0.534,-1,375.000,-1,400.000,-1,325.000,325.000,300.000,300.000,-1,-1,-1,900.000,750.000,875.000,-1,-1,2,0,2,0,2,0,0,0,0,2,2,2,1,0,1,2,2
60,6841.370,3774.184,216.022,104.162,-0.244947,-0.968686,-0.040595,0.969514,-0.244439,-0.017102,0.006644,-0.043546,0.999029,0,0.64000,-0.26528,38.400,-0.531,-1,375.000,-1,425.000,-1,325.000,325.000,300.000,300.000,-1,-1,-1,900.000,750.000,850.000,-1,-1,2,0,2,0,2,0,0,0,0,2,2,2,1,0,1,2,2
61,6831.186,3816.167,216.525,103.636,-0.236025,-0.970914,-0.040225,0.971725,-0.235538,-0.016521,0.006566,-0.042987,0.999054,0,0.72000,-0.26312,43.200,-0.526,-1,400.000,-1,425.000,-1,325.000,325.000,300.000,300.000,-1,-1,-1,925.000,750.000,825.000,-1,-1,2,0,2,0,2,0,0,0,0,2,2,2,1,0,1,2,2
62,6821.073,3859.572,217.068,103.115,-0.227171,-0.973041,-0.039811,0.973833,-0.226703,-0.015944,0.006489,-0.042392,0.999080,0,0.74279,-0.26056,44.567,-0.521,-1,400.000,-1,425.000,-1,325.000,325.000,300.000,300.000,-1,-1,-1,950.000,750.000,800.000,-1,-1,2,0,2,0,2,0,0,0,0,2,2,2,1,0,1,2,2
63,6811.367,3903.001,217.366,102.599,-0.218401,-0.975106,-0.038322,0.975835,-0.217953,-0.015566,0.006826,-0.040795,0.999144,0,0.74167,-0.25779,44.500,-0.516,-1,400.000,-1,425.000,-1,325.000,325.000,300.000,300.000,-1,-1,-1,950.000,750.000,775.000,-1,-1,2,0,2,0,2,0,0,0,0,2,2,2,1,0,1,2,2
64,6802.060,3946.460,217.468,102.090,-0.209686,-0.977101,-0.036138,0.977746,-0.209288,-0.014500,0.006605,-0.038374,0.999242,0,0.74074,-0.25489,44.445,-0.510,-1,400.000,-1,425.000,-1,325.000,325.000,300.000,300.000,-1,-1,-1,950.000,750.000,750.000,-1,975.000,2,0,2,0,2,0,0,0,0,2,2,2,1,0,1,2,1
65,6793.143,3989.956,217.582,101.586,-0.201061,-0.978987,-0.034035,0.979557,-0.200707,-0.013554,0.006438,-0.036064,0.999329,0,0.74002,-0.25186,44.401,-0.504,-1,400.000,-1,425.000,1000.000,325.000,325.000,300.000,300.000,-1,-1,-1,975.000,750.000,725.000,-1,925.000,2,0,2,0,1,0,0,0,0,2,2,2,1,1,1,2,1
66,6784.611,4033.497,217.538,101.089,-0.192523,-0.980745,-0.032773,0.981275,-0.192211,-0.012446,0.005907,-0.034556,0.999385,0,0.73948,-0.24872,44.369,-0.497,-1,400.000,-1,425.000,950.000,325.000,325.000,300.000,300.000,-1,-1,-1,975.000,750.000,700.000,-1,875.000,2,0,2,0,1,0,0,0,0,2,2,2,1,1,1,2,1
67,6776.455,4077.089,217.490,100.598,-0.184079,-0.982401,-0.031675,0.982898,-0.183809,-0.011250,0.005230,-0.033205,0.999435,0,0.73914,-0.24545,44.348,-0.491,-1,400.000,-1,425.000,900.000,325.000,325.000,300.000,300.000,-1,-1,-1,1000.000,725.000,650.000,-1,825.000,2,0,2,0,1,0,0,0,0,2,2,2,1,1,1,2,1
68,6768.670,4120.739,217.475,100.113,-0.175739,-0.983962,-0.030563,0.984426,-0.175509,-0.010057,0.004532,-0.031854,0.999482,0,0.73898,-0.24208,44.339,-0.484,-1,400.000,-1,425.000,850.000,325.000,325.000,300.000,300.000,-1,-1,-1,1000.000,725.000,625.000,-1,775.000,2,0,2,0,1,0,0,0,0,2,2,2,1,1,1,2,1
69,6760.424,4169.181,217.497,99.661,-0.167932,-0.985363,-0.029314,0.985792,-0.167745,-0.008735,0.003690,-0.030364,0.999532,0,0.81898,-0.22611,49.139,-0.452,-1,400.000,-1,425.000,800.000,325.000,325.000,300.000,300.000,-1,-1,-1,1000.000,725.000,600.000,-1,725.000,2,0,2,0,1,0,0,0,0,2,2,2,1,1,1,2,1
70,6751.795,4222.426,217.562,99.206,-0.160055,-0.986713,-0.027929,0.987104,-0.159912,-0.007286,0.002723,-0.028735,0.999583,0,0.89898,-0.22781,53.939,-0.456,-1,375.000,-1,400.000,725.000,325.000,325.000,300.000,300.000,-1,-1,-1,-1,700.000,575.000,-1,675.000,2,0,2,1,1,0,0,0,0,2,2,2,2,1,1,2,1
71,6742.864,4280.482,217.679,98.746,-0.152098,-0.988013,-0.026407,0.988364,-0.151999,-0.005713,0.001631,-0.026968,0.999635,0,0.97898,-0.22981,58.739,-0.460,-1,375.000,-1,375.000,650.000,325.000,325.000,300.000,300.000,-1,-1,-1,-1,700.000,525.000,-1,600.000,2,0,2,1,1,0,0,0,0,2,2,2,2,1,1,2,1
72,6734.222,4339.856,217.843,98.282,-0.144053,-0.989258,-0.024837,0.989570,-0.143995,-0.004110,0.000490,-0.025170,0.999683,0,1.00000,-0.23215,60.000,-0.464,-1,375.000,-1,350.000,575.000,325.000,325.000,300.000,300.000,-1,-1,-1,-1,675.000,500.000,-1,550.000,2,1,2,1,1,1,1,0,0,2,2,2,2,1,1,2,1
73,6726.067,4399.299,218.048,97.812,-0.135913,-0.990448,-0.023250,0.990720,-0.135892,-0.002509,-0.000674,-0.023376,0.999727,0,1.00000,-0.23469,60.000,-0.469,-1,350.000,-1,325.000,525.000,300.000,300.000,300.000,300.000,-1,-1,-1,-1,675.000,450.000,-1,475.000,2,1,2,1,1,1,1,0,0,2,2,2,2,1,1,2,1
74,6718.404,4458.808,218.294,97.338,-0.127675,-0.991580,-0.021646,0.991814,-0.127686,-0.000908,-0.001863,-0.021585,0.999765,0,1.00000,-0.23738,60.000,-0.475,-1,350.000,-1,300.000,450.000,275.000,275.000,300.000,300.000,-1,-1,-1,-1,650.000,425.000,-1,400.000,2,1,2,1,1,1,1,0,0,2,2,2,2,1,1,2,1
75,6711.241,4518.379,218.576,96.857,-0.119332,-0.992652,-0.020024,0.992850,-0.119370,0.000695,-0.003080,-0.019798,0.999799,0,1.00000,-0.24025,60.000,-0.481,-1,325.000,-1,275.000,375.000,275.000,250.000,300.000,300.000,-1,-1,-1,-1,625.000,375.000,-1,350.000,2,1,2,1,1,1,1,0,0,2,2,2,2,1,1,2,1
76,6704.584,4578.009,219.345,96.370,-0.110914,-0.993632,-0.019816,0.993828,-0.110934,-0.000135,-0.002064,-0.019709,0.999804,0,1.00000,-0.24335,60.000,-0.487,-1,325.000,-1,250.000,325.000,250.000,225.000,300.000,325.000,-1,-1,-1,-1,625.000,350.000,-1,300.000,2,1,2,1,1,1,1,0,0,2,2,2,2,1,1,2,1
77,6698.438,4637.693,223.436,95.877,-0.102722,-0.994257,-0.030034,0.994652,-0.102342,-0.013927,0.010774,-0.031304,0.999452,0,1.00000,-0.24672,60.000,-0.493,-1,325.000,-1,250.000,325.000,250.000,250.000,300.000,350.000,-1,-1,-1,-1,725.000,350.000,-1,300.000,2,1,2,1,1,1,1,0,0,2,2,2,2,1,1,2,1
78,6692.813,4697.430,228.063,95.376,-0.094721,-0.994772,-0.038159,0.995162,-0.093615,-0.029801,0.026073,-0.040797,0.998827,0,1.00000,-0.25042,60.000,-0.501,-1,350.000,-1,275.000,325.000,275.000,250.000,300.000,400.000,-1,650.000,650.000,-1,875.000,375.000,-1,300.000,2,1,2,1,1,1,1,0,0,2,0,0,2,1,1,2,1
79,6687.720,4757.214,232.689,94.867,-0.086843,-0.995128,-0.046679,0.995371,-0.084737,-0.045348,0.041172,-0.050401,0.997880,0,1.00000,-0.25451,60.000,-0.509,-1,375.000,-1,275.000,350.000,275.000,250.000,300.000,425.000,-1,200.000,300.000,-1,950.000,375.000,-1,300.000,2,1,2,1,1,1,1,0,0,2,0,0,2,1,1,2,1
80,6683.166,4817.043,237.323,94.349,-0.079077,-0.995320,-0.055547,0.995289,-0.075693,-0.060588,0.056100,-0.060077,0.996616,0,1.00000,-0.25908,60.000,-0.518,-1,400.000,-1,275.000,350.000,300.000,250.000,275.000,475.000,-1,125.000,200.000,-1,1000.000,375.000,-1,300.000,2,1,2,1,1,1,1,0,0,2,0,0,2,1,1,2,1
81,6679.165,4876.912,241.975,93.820,-0.071409,-0.995345,-0.064717,0.994925,-0.066467,-0.075542,0.070889,-0.069783,0.995040,0,1.00000,-0.26426,60.000,-0.529,-1,425.000,-1,275.000,375.000,300.000,250.000,275.000,475.000,850.000,100.000,175.000,-1,-1,400.000,-1,325.000,2,1,2,1,1,1,1,0,1,0,0,0,2,2,1,2,1
82,-3607.643,4263.548,49.903,127.092,-0.603919,-0.796265,-0.035253,0.796799,-0.602042,-0.051548,0.019822,-0.059220,0.998048,1,0.00000,0.00000,60.000,-0.540,-1,425.000,-1,400.000,-1,350.000,325.000,350.000,325.000,-1,-1,-1,-1,950.000,900.000,-1,-1,2,0,2,0,2,0,0,0,0,2,2,2,2,0,0,2,2
83,-3610.554,4267.365,49.948,127.332,-0.607234,-0.793731,-0.035470,0.794290,-0.605368,-0.051325,0.019266,-0.059340,0.998052,0,0.08000,0.12000,4.800,0.240,-1,425.000,-1,400.000,-1,350.000,325.000,350.000,325.000,-1,-1,-1,-1,950.000,900.000,-1,-1,2,0,2,0,2,0,0,0,0,2,2,2,2,0,0,2,2
84,-3616.439,4274.949,50.033,127.812,-0.613831,-0.788620,-0.035915,0.789229,-0.611987,-0.050888,0.018152,-0.059582,0.998058,0,0.16000,0.24000,9.600,0.480,-1,425.000,-1,400.000,-1,350.000,325.000,350.000,325.000,-1,-1,-1,-1,950.000,900.000,-1,-1,2,0,2,0,2,0,0,0,0,2,2,2,2,0,0,2,2
85,-3625.410,4286.212,50.152,128.532,-0.623644,-0.780851,-0.036610,0.781535,-0.621835,-0.050251,0.016473,-0.059950,0.998065,0,0.24000,0.36000,14.400,0.720,-1,425.000,-1,400.000,-1,350.000,325.000,350.000,325.000,-1,-1,-1,-1,950.000,900.000,-1,-1,2,0,2,0,2,0,0,0,0,2,2,2,2,0,0,2,2
86,-3637.621,4301.029,50.294,129.492,-0.636574,-0.770299,-0.037586,0.771084,-0.634811,-0.049438,0.014222,-0.060453,0.998070,0,0.32000,0.48000,19.200,0.960,-1,425.000,-1,400.000,-1,350.000,325.000,350.000,325.000,-1,-1,-1,-1,950.000,875.000,-1,-1,2,0,2,0,2,0,0,0,0,2,2,2,2,0,0,2,2
87,-3653.269,4319.225,50.446,130.692,-0.652482,-0.756806,-0.038883,0.757719,-0.650778,-0.048483,0.011388,-0.061097,0.998067,0,0.40000,0.60000,24.000,1.200,-1,425.000,-1,400.000,-1,325.000,325.000,350.000,325.000,-1,-1,-1,-1,925.000,875.000,-1,-1,2,0,2,0,2,0,0,0,0,2,2,2,2,0,0,2,2
88,-3672.590,4340.582,50.574,132.132,-0.671191,-0.740180,-0.040460,0.741241,-0.669561,-0.047426,0.008014,-0.061823,0.998055,0,0.48000,0.72000,28.800,1.440,-1,425.000,-1,400.000,-1,325.000,325.000,325.000,325.000,-1,-1,-1,-1,925.000,850.000,-1,-1,2,0,2,0,2,0,0,0,0,2,2,2,2,0,0,2,2
89,-3695.851,4364.827,50.524,133.812,-0.692492,-0.720217,-0.041739,0.721412,-0.690959,-0.046263,0.004480,-0.062148,0.998057,0,0.56000,0.84000,33.600,1.680,-1,425.000,-1,400.000,-1,325.000,325.000,325.000,325.000,-1,-1,-1,-1,925.000,850.000,-1,-1,2,0,2,0,2,0,0,0,0,2,2,2,2,0,0,2,2
90,-3723.349,4391.629,50.395,135.732,-0.716104,-0.696647,-0.043339,0.697993,-0.714685,-0.045063,0.000419,-0.062520,0.998044,0,0.64000,0.96000,38.400,1.920,-1,425.000,-1,400.000,-1,325.000,325.000,325.000,325.000,-1,-1,-1,-1,925.000,825.000,-1,-1,2,0,2,0,2,0,0,0,0,2,2,2,2,0,0,2,2
91,-3755.317,4420.684,50.165,137.732,-0.739836,-0.671260,-0.045314,0.672776,-0.738540,-0.043947,-0.003966,-0.063000,0.998006,0,0.72000,1.00000,43.200,2.000,-1,425.000,-1,400.000,-1,325.000,325.000,325.000,300.000,-1,-1,-1,-1,925.000,825.000,-1,-1,2,0,2,0,2,0,0,0,0,2,2,2,2,0,0,2,2
92,-3791.943,4451.708,49.815,139.732,-0.762651,-0.645051,-0.047679,0.646754,-0.761486,-0.042989,-0.008577,-0.063622,0.997937,0,0.80000,1.00000,48.000,2.000,-1,425.000,-1,400.000,-1,325.000,325.000,325.000,300.000,-1,-1,-1,-1,900.000,800.000,-1,-1,2,0,2,0,2,0,0,0,0,2,2,2,2,0,0,2,2
93,-3832.125,4483.403,49.343,141.732,-0.784522,-0.618054,-0.050337,0.619957,-0.783499,-0.042222,-0.013344,-0.064331,0.997839,0,0.85298,1.00000,51.179,2.000,-1,425.000,-1,400.000,-1,325.000,325.000,325.000,300.000,-1,-1,-1,-1,900.000,800.000,-1,-1,2,0,2,0,2,0,0,0,0,2,2,2,2,0,0,2,2
94,-3873.389,4513.676,48.580,143.732,-0.805387,-0.590277,-0.054089,0.592453,-0.804513,-0.041934,-0.018763,-0.065818,0.997655,0,0.85298,1.00000,51.179,2.000,-1,425.000,-1,400.000,-1,325.000,325.000,325.000,300.000,-1,-1,-1,-1,875.000,800.000,-1,-1,2,0,2,0,2,0,0,0,0,2,2,2,2,0,0,2,2
95,-3915.685,4542.490,47.632,145.732,-0.825236,-0.561781,-0.058201,0.564257,-0.824537,-0.041858,-0.024473,-0.067383,0.997427,0,0.85298,1.00000,51.179,2.000,-1,425.000,-1,400.000,-1,325.000,325.000,325.000,300.000,-1,-1,-1,-1,850.000,775.000,-1,-1,2,0,2,0,2,0,0,0,0,2,2,2,2,0,0,2,2
96,-3958.960,4569.811,46.554,147.732,-0.844058,-0.532612,-0.062382,0.535396,-0.843560,-0.041926,-0.030293,-0.068787,0.997171,0,0.85298,1.00000,51.179,2.000,-1,400.000,-1,400.000,-1,325.000,325.000,325.000,325.000,-1,-1,-1,-1,825.000,750.000,-1,-1,2,0,2,0,2,0,0,0,0,2,2,2,2,0,0,2,2
97,-4003.163,4595.605,45.416,149.732,-0.861838,-0.502795,-0.066582,0.505904,-0.861543,-0.042473,-0.036008,-0.070289,0.996877,0,0.85298,1.00000,51.179,2.000,-1,400.000,-1,400.000,-1,325.000,325.000,325.000,325.000,-1,-1,-1,-1,800.000,750.000,-1,-1,2,0,2,0,2,0,0,0,0,2,2,2,2,0,0,2,2
98,-4048.237,4619.842,43.577,151.732,-0.878730,-0.472446,-0.068029,0.475658,-0.878612,-0.042319,-0.039778,-0.069546,0.996785,0,0.85298,1.00000,51.179,2.000,-1,400.000,-1,400.000,-1,325.000,325.000,325.000,325.000,-1,-1,-1,-1,800.000,750.000,-1,-1,2,0,2,0,2,0,0,0,0,2,2,2,2,0,0,2,2
99,-4094.130,4642.492,41.529,153.732,-0.894567,-0.441531,-0.069279,0.444816,-0.894639,-0.041959,-0.043454,-0.068352,0.996714,0,0.85298,1.00000,51.179,2.000,-1,400.000,-1,400.000,-1,325.000,325.000,325.000,325.000,-1,-1,-1,-1,800.000,725.000,-1,-1,2,0,2,0,2,0,0,0,0,2,2,2,2,0,0,2,2
100,-4140.971,4663.613,38.977,155.730,-0.909297,-0.410117,-0.070595,0.413473,-0.909562,-0.041682,-0.047116,-0.067090,0.996634,0,0.85639,0.99867,51.383,1.997,-1,400.000,-1,400.000,-1,325.000,325.000,325.000,325.000,-1,-1,-1,-1,800.000,725.000,-1,-1,2,0,2,0,2,0,0,0,0,2,2,2,2,0,0,2,2
101,-4184.003,4681.449,36.566,157.487,-0.921349,-0.382055,-0.071759,0.385483,-0.921769,-0.041770,-0.050187,-0.066147,0.996547,0,0.77639,0.87867,46.583,1.757,-1,400.000,-1,375.000,-1,325.000,325.000,325.000,325.000,-1,-1,-1,-1,775.000,700.000,-1,-1,2,0,2,0,2,0,0,0,0,2,2,2,2,0,0,2,2
102,-4223.011,4696.420,34.355,159.004,-0.931058,-0.357532,-0.072808,0.361026,-0.931611,-0.041966,-0.052824,-0.065358,0.996463,0,0.69639,0.75867,41.783,1.517,-1,400.000,-1,375.000,-1,325.000,325.000,325.000,325.000,-1,-1,-1,-1,775.000,700.000,-1,-1,2,0,2,0,2,0,0,0,0,2,2,2,2,0,0,2,2
103,-4257.832,4708.879,32.360,160.314,-0.938914,-0.336161,-0.073735,0.339716,-0.939580,-0.042223,-0.055086,-0.064693,0.996384,0,0.61639,0.65480,36.983,1.310,-1,400.000,-1,375.000,-1,325.000,325.000,325.000,325.000,-1,-1,-1,-1,775.000,700.000,-1,-1,2,0,2,0,2,0,0,0,0,2,2,2,2,0,0,2,2
104,-4288.373,4719.027,30.584,161.620,-0.946268,-0.314676,-0.074539,0.318283,-0.947042,-0.042522,-0.057211,-0.063962,0.996311,0,0.53639,0.65292,32.183,1.306,-1,400.000,-1,375.000,1000.000,325.000,325.000,325.000,325.000,-1,-1,-1,-1,775.000,675.000,-1,-1,2,0,2,0,1,0,0,0,0,2,2,2,2,0,0,2,2
105,-4314.549,4727.067,29.036,162.925,-0.953139,-0.293032,-0.075222,0.296682,-0.954015,-0.042837,-0.059210,-0.063146,0.996246,0,0.45639,0.65279,27.383,1.306,-1,400.000,-1,375.000,975.000,325.000,325.000,300.000,300.000,-1,-1,-1,-1,775.000,675.000,-1,-1,2,0,2,0,1,0,0,0,0,2,2,2,2,0,0,2,2
106,-4336.281,4733.205,27.724,164.230,-0.959522,-0.271245,-0.075785,0.274928,-0.960496,-0.043146,-0.061088,-0.062235,0.996190,0,0.37639,0.65248,22.583,1.305,-1,400.000,-1,375.000,950.000,325.000,325.000,300.000,300.000,-1,-1,-1,-1,775.000,675.000,-1,-1,2,0,2,0,1,0,0,0,0,2,2,2,2,0,0,2,2
107,-4353.500,4737.647,26.661,165.534,-0.965414,-0.249331,-0.076228,0.253036,-0.966481,-0.043434,-0.062843,-0.061220,0.996144,0,0.29639,0.65203,17.783,1.304,-1,400.000,-1,375.000,950.000,325.000,325.000,300.000,300.000,-1,-1,-1,-1,775.000,675.000,-1,-1,2,0,2,0,1,0,0,0,0,2,2,2,2,0,0,2,2
108,-4366.141,4740.604,25.858,166.837,-0.970810,-0.227305,-0.076548,0.231021,-0.971968,-0.043686,-0.064472,-0.060095,0.996108,0,0.21639,0.65149,12.983,1.303,-1,400.000,-1,375.000,950.000,325.000,325.000,300.000,300.000,-1,-1,-1,-1,775.000,675.000,-1,-1,2,0,2,0,1,0,0,0,0,2,2,2,2,0,0,2,2
109,-4374.149,4742.287,25.328,168.139,-0.975710,-0.205186,-0.076744,0.208899,-0.976952,-0.043891,-0.065969,-0.058856,0.996084,0,0.13639,0.65072,8.183,1.301,-1,400.000,-1,375.000,950.000,325.000,325.000,300.000,300.000,-1,-1,-1,-1,775.000,675.000,-1,-1,2,0,2,0,1,0,0,0,0,2,2,2,2,0,0,2,2
110,-4377.474,4742.908,25.059,169.438,-0.980116,-0.182990,-0.076724,0.186678,-0.981437,-0.043965,-0.067254,-0.057414,0.996083,0,0.05639,0.64982,3.383,1.300,-1,400.000,-1,375.000,975.000,325.000,325.000,300.000,300.000,-1,-1,-1,-1,800.000,675.000,-1,-1,2,0,2,0,1,0,0,0,0,2,2,2,2,0,0,2,2
111,-4376.075,4742.681,25.080,170.736,-0.984026,-0.160733,-0.076541,0.164378,-0.985418,-0.043944,-0.068361,-0.055824,0.996098,0,-0.02361,0.64881,-1.417,1.298,-1,400.000,-1,375.000,975.000,325.000,325.000,300.000,300.000,-1,-1,-1,-1,800.000,675.000,-1,-1,2,0,2,0,1,0,0,0,0,2,2,2,2,0,0,2,2
112,-4369.918,4741.820,25.418,172.031,-0.987435,-0.138427,-0.076230,0.142017,-0.988892,-0.043857,-0.069312,-0.054132,0.996125,0,-0.10361,0.64769,-6.217,1.295,-1,400.000,-1,375.000,1000.000,325.000,325.000,300.000,300.000,-1,-1,-1,-1,800.000,675.000,-1,-1,2,0,2,0,1,0,0,0,0,2,2,2,2,0,0,2,2
113,-4358.975,4740.541,26.083,173.324,-0.990344,-0.116090,-0.075777,0.119610,-0.991859,-0.043693,-0.070088,-0.052334,0.996167,0,-0.18361,0.64647,-11.017,1.293,-1,400.000,-1,375.000,-1,325.000,325.000,300.000,300.000,-1,-1,-1,-1,800.000,700.000,-1,-1,2,0,2,0,2,0,0,0,0,2,2,2,2,0,0,2,2
114,-4343.227,4739.057,27.088,174.615,-0.992756,-0.093735,-0.075169,0.097172,-0.994319,-0.043440,-0.070670,-0.050430,0.996224,0,-0.26361,0.64515,-15.817,1.290,-1,400.000,-1,375.000,-1,325.000,325.000,300.000,300.000,-1,-1,-1,-1,825.000,700.000,-1,-1,2,0,2,0,2,0,0,0,0,2,2,2,2,0,0,2,2
115,-4322.662,4737.586,28.442,175.902,-0.994671,-0.071378,-0.074393,0.074715,-0.996274,-0.043087,-0.071040,-0.048416,0.996298,0,-0.34361,0.64372,-20.617,1.287,-1,400.000,-1,400.000,-1,325.000,325.000,300.000,300.000,-1,-1,-1,-1,825.000,700.000,-1,-1,2,0,2,0,2,0,0,0,0,2,2,2,2,0,0,2,2
116,-4299.731,4736.460,29.986,177.186,-0.996088,-0.049033,-0.073518,0.052262,-0.997722,-0.042656,-0.071259,-0.046331,0.996381,0,-0.38265,0.64219,-22.959,1.284,-1,400.000,-1,400.000,-1,325.000,325.000,300.000,300.000,-1,-1,-1,-1,825.000,700.000,-1,-1,2,0,2,0,2,0,0,0,0,2,2,2,2,0,0,2,2
117,-4276.611,4735.843,31.567,178.468,-0.997002,-0.026714,-0.072616,0.029830,-0.998665,-0.042172,-0.071393,-0.044211,0.996468,0,-0.38545,0.64065,-23.127,1.281,-1,400.000,-1,400.000,-1,325.000,325.000,300.000,300.000,-1,-1,-1,-1,850.000,725.000,-1,-1,2,0,2,0,2,0,0,0,0,2,2,2,2,0,0,2,2
118,-4253.348,4735.742,33.184,179.749,-0.997417,-0.004378,-0.071690,0.007378,-0.999106,-0.041632,-0.071444,-0.042053,0.996558,0,-0.38771,0.64060,-23.263,1.281,-1,400.000,-1,400.000,-1,325.000,325.000,300.000,300.000,-1,-1,-1,-1,850.000,725.000,-1,-1,2,0,2,0,2,0,0,0,0,2,2,2,2,0,0,2,2
119,-4234.887,4735.998,34.481,180.790,-0.997385,0.013779,-0.070942,-0.010875,-0.999093,-0.041161,-0.071445,-0.040282,0.996631,0,-0.30771,0.52060,-18.463,1.041,-1,425.000,-1,400.000,-1,325.000,325.000,300.000,300.000,-1,-1,-1,-1,875.000,725.000,-1,-1,2,0,2,0,2,0,0,0,0,2,2,2,2,0,0,2,2
120,-4221.229,4736.378,35.449,181.591,-0.997134,0.027750,-0.070381,-0.024919,-0.998857,-0.040784,-0.071433,-0.038913,0.996686,0,-0.22771,0.40060,-13.663,0.801,-1,425.000,-1,400.000,-1,325.000,325.000,300.000,300.000,-1,-1,-1,-1,875.000,750.000,-1,-1,2,0,2,0,2,0,0,0,0,2,2,2,2,0,0,2,2
121,-4212.372,4736.712,36.079,182.153,-0.996840,0.037533,-0.070013,-0.034753,-0.998574,-0.040521,-0.071434,-0.037960,0.996723,0,-0.14771,0.28060,-8.863,0.561,-1,425.000,-1,400.000,-1,325.000,325.000,300.000,300.000,-1,-1,-1,-1,875.000,750.000,-1,-1,2,0,2,0,2,0,0,0,0,2,2,2,2,0,0,2,2
122,-4208.313,4736.888,36.367,182.474,-0.996625,0.043132,-0.069839,-0.040377,-0.998368,-0.040386,-0.071467,-0.037430,0.996740,0,-0.06771,0.16060,-4.063,0.321,-1,425.000,-1,400.000,-1,325.000,325.000,300.000,300.000,-1,-1,-1,-1,875.000,750.000,-1,-1,2,0,2,0,2,0,0,0,0,2,2,2,2,0,0,2,2
123,-4209.050,4736.855,36.310,182.555,-0.996562,0.044547,-0.069861,-0.041794,-0.998310,-0.040386,-0.071542,-0.037327,0.996739,0,0.01229,0.04060,0.737,0.081,-1,425.000,-1,400.000,-1,325.000,325.000,300.000,300.000,-1,-1,-1,-1,875.000,750.000,-1,-1,2,0,2,0,2,0,0,0,0,2,2,2,2,0,0,2,2
124,-4214.582,4736.618,35.907,182.445,-0.996631,0.042625,-0.070074,-0.039851,-0.998384,-0.040513,-0.071688,-0.037584,0.996719,0,0.09229,-0.05513,5.537,-0.110,-1,425.000,-1,400.000,-1,325.000,325.000,300.000,300.000,-1,-1,-1,-1,875.000,750.000,-1,-1,2,0,2,0,2,0,0,0,0,2,2,2,2,0,0,2,2
125,-4224.910,4736.197,35.152,182.334,-0.996684,0.040689,-0.070464,-0.037881,-0.998452,-0.040731,-0.072013,-0.037927,0.996682,0,0.17229,-0.05554,10.337,-0.111,-1,425.000,-1,400.000,-1,325.000,325.000,300.000,300.000,-1,-1,-1,-1,875.000,750.000,-1,-1,2,0,2,0,2,0,0,0,0,2,2,2,2,0,0,2,2
126,-4240.036,4735.610,34.045,182.221,-0.996722,0.038724,-0.071032,-0.035869,-0.998514,-0.041038,-0.072515,-0.038356,0.996629,0,0.25229,-0.05636,15.137,-0.113,-1,425.000,-1,400.000,-1,325.000,325.000,300.000,300.000,-1,-1,-1,-1,875.000,750.000,-1,-1,2,0,2,0,2,0,0,0,0,2,2,2,2,0,0,2,2
127,-4259.960,4734.877,32.587,182.106,-0.996745,0.036716,-0.071775,-0.033800,-0.998569,-0.041432,-0.073194,-0.038871,0.996560,0,0.33229,-0.05758,19.937,-0.115,-1,425.000,-1,400.000,-1,325.000,325.000,300.000,300.000,-1,-1,-1,-1,875.000,725.000,-1,-1,2,0,2,0,2,0,0,0,0,2,2,2,2,0,0,2,2
128,-4284.683,4734.019,30.778,181.987,-0.996752,0.034651,-0.072694,-0.031659,-0.998620,-0.041909,-0.074046,-0.039472,0.996473,0,0.41229,-0.05921,24.737,-0.118,-1,400.000,-1,400.000,-1,325.000,325.000,300.000,300.000,-1,-1,-1,-1,850.000,725.000,-1,-1,2,0,2,0,2,0,0,0,0,2,2,2,2,0,0,2,2
129,-4314.204,4733.057,28.619,181.865,-0.996744,0.032514,-0.073787,-0.029433,-0.998664,-0.042467,-0.075069,-0.040157,0.996369,0,0.49229,-0.06127,29.537,-0.123,-1,400.000,-1,400.000,-1,325.000,325.000,300.000,300.000,-1,-1,-1,-1,850.000,725.000,-1,-1,2,0,2,0,2,0,0,0,0,2,2,2,2,0,0,2,2
130,-4348.526,4732.012,26.108,181.744,-0.996716,0.030411,-0.075054,-0.027226,-0.998700,-0.043101,-0.076267,-0.040916,0.996248,0,0.57229,-0.06031,34.337,-0.121,-1,400.000,-1,400.000,-1,325.000,325.000,300.000,300.000,-1,-1,-1,-1,850.000,725.000,-1,-1,2,0,2,0,2,0,0,0,0,2,2,2,2,0,0,2,2
131,-4387.648,4730.900,23.246,181.626,-0.996667,0.028351,-0.076493,-0.025047,-0.998726,-0.043810,-0.077637,-0.041748,0.996107,0,0.65229,-0.05906,39.137,-0.118,-1,400.000,-1,400.000,-1,325.000,325.000,300.000,300.000,-1,-1,-1,-1,850.000,700.000,-1,-1,2,0,2,0,2,0,0,0,0,2,2,2,2,0,0,2,2
132,-4431.570,4729.741,20.033,181.511,-0.996597,0.026341,-0.078104,-0.022903,-0.998743,-0.044588,-0.079180,-0.042648,0.995948,0,0.73229,-0.05763,43.937,-0.115,-1,400.000,-1,375.000,-1,325.000,325.000,300.000,300.000,-1,-1,-1,-1,825.000,700.000,-1,-1,2,0,2,0,2,0,0,0,0,2,2,2,2,0,0,2,2
133,-4480.293,4728.551,16.470,181.399,-0.996506,0.024386,-0.079885,-0.020799,-0.998751,-0.045436,-0.080893,-0.043615,0.995768,0,0.81229,-0.05603,48.737,-0.112,-1,400.000,-1,375.000,-1,325.000,325.000,300.000,300.000,-1,-1,-1,-1,825.000,700.000,-1,-1,2,0,2,0,2,0,0,0,0,2,2,2,2,0,0,2,2
134,-4533.817,4727.344,12.555,181.290,-0.996392,0.022493,-0.081837,-0.018739,-0.998750,-0.046349,-0.082777,-0.044648,0.995567,0,0.89229,-0.05427,53.537,-0.109,-1,400.000,-1,375.000,-1,325.000,325.000,325.000,300.000,-1,-1,-1,-1,800.000,675.000,-1,-1,2,0,2,0,2,0,0,0,0,2,2,2,2,0,0,2,2
135,-4590.204,4726.176,8.367,181.185,-0.996278,0.020667,-0.083686,-0.016761,-0.998749,-0.047108,-0.084555,-0.045529,0.995378,0,0.93998,-0.05235,56.399,-0.105,-1,400.000,-1,375.000,-1,325.000,300.000,325.000,300.000,-1,-1,-1,-1,800.000,675.000,-1,-1,2,0,2,0,2,0,0,0,0,2,2,2,2,0,0,2,2
136,-4646.779,4725.104,3.827,181.085,-0.996373,0.018909,-0.082971,-0.014864,-0.998683,-0.049103,-0.083790,-0.047691,0.995342,0,0.94309,-0.05036,56.585,-0.101,-1,400.000,-1,375.000,-1,325.000,300.000,325.000,300.000,-1,-1,-1,-1,800.000,675.000,-1,-1,2,0,2,0,2,0,0,0,0,2,2,2,2,0,0,2,2
