timestep,x_cm,y_cm,z_cm,yaw_deg,basis_xx,basis_xy,basis_xz,basis_yx,basis_yy,basis_yz,basis_zx,basis_zy,basis_zz,teleport_flag,throttle_cmd,steering_cmd,cmd_move_cm,cmd_turn_deg,lidar_cm_0,lidar_cm_1,lidar_cm_2,lidar_cm_3,lidar_cm_4,lidar_cm_5,lidar_cm_6,lidar_cm_7,lidar_cm_8,lidar_cm_9,lidar_cm_10,lidar_cm_11,lidar_cm_12,lidar_cm_13,lidar_cm_14,lidar_cm_15,lidar_cm_16,lidar_class_0,lidar_class_1,lidar_class_2,lidar_class_3,lidar_class_4,lidar_class_5,lidar_class_6,lidar_class_7,lidar_class_8,lidar_class_9,lidar_class_10,lidar_class_11,lidar_class_12,lidar_class_13,lidar_class_14,lidar_class_15,lidar_class_16
0,-9507.121,-4260.756,-419.667,35.726,0.811716,-0.583846,-0.015531,0.583983,0.811743,0.006105,0.009043,-0.014025,0.999861,1,0.08000,-0.12000,4.800,-0.240,-1,375.000,-1,375.000,-1,300.000,300.000,300.000,300.000,-1,400.000,400.000,-1,725.000,675.000,-1,-1,2,0,2,0,2,0,0,0,0,2,0,0,2,0,0,2,2
1,-9499.280,-4255.216,-419.559,35.246,0.816571,-0.577027,-0.015868,0.577164,0.816608,0.005703,0.009667,-0.013815,0.999858,0,0.16000,-0.24000,9.600,-0.480,-1,375.000,-1,375.000,-1,300.000,300.000,300.000,300.000,-1,400.000,400.000,-1,725.000,675.000,-1,-1,2,0,2,0,2,0,0,0,0,2,0,0,2,0,0,2,2
2,-9487.417,-4247.054,-419.395,34.526,0.823746,-0.566723,-0.016390,0.566860,0.823798,0.005115,0.010603,-0.013504,0.999853,0,0.24000,-0.36000,14.400,-0.720,-1,375.000,-1,375.000,-1,300.000,300.000,300.000,300.000,-1,375.000,400.000,-1,725.000,675.000,-1,-1,2,0,2,0,2,0,0,0,0,2,0,0,2,0,0,2,2
3,-9471.428,-4236.424,-419.167,33.617,0.832611,-0.553591,-0.017163,0.553730,0.832685,0.004370,0.011873,-0.013142,0.999843,0,0.32000,-0.45427,19.200,-0.909,-1,375.000,-1,375.000,-1,300.000,300.000,300.000,300.000,-1,375.000,400.000,-1,725.000,675.000,-1,-1,2,0,2,0,2,0,0,0,0,2,0,0,2,0,0,2,2
4,-9451.233,-4223.455,-418.889,32.710,0.841246,-0.540347,-0.018197,0.540486,0.841346,0.003473,0.013434,-0.012757,0.999828,0,0.40000,-0.45341,24.000,-0.907,-1,375.000,-1,375.000,-1,325.000,300.000,300.000,300.000,-1,375.000,375.000,-1,725.000,675.000,-1,-1,2,0,2,0,2,0,0,0,0,2,0,0,2,0,0,2,2
5,-9426.758,-4208.277,-418.563,31.806,0.849643,-0.526998,-0.019477,0.527137,0.849777,0.002436,0.015267,-0.012337,0.999807,0,0.48000,-0.45235,28.800,-0.905,-1,375.000,-1,375.000,-1,325.000,300.000,300.000,300.000,-1,375.000,375.000,-1,725.000,675.000,-1,-1,2,0,2,0,2,0,0,0,0,2,0,0,2,0,0,2,2
6,-9397.928,-4191.020,-418.189,30.903,0.857799,-0.513555,-0.021005,0.513691,0.857974,0.001277,0.017366,-0.011885,0.999779,0,0.56000,-0.45109,33.600,-0.902,-1,400.000,-1,375.000,-1,325.000,325.000,300.000,300.000,-1,350.000,350.000,-1,750.000,675.000,-1,-1,2,0,2,0,2,0,0,0,0,2,0,0,2,0,0,2,2
7,-9365.410,-4172.243,-417.773,30.004,0.865710,-0.500029,-0.022742,0.500159,0.865933,0.000043,0.019672,-0.011412,0.999741,0,0.62582,-0.44963,37.549,-0.899,-1,400.000,-1,375.000,-1,325.000,325.000,300.000,300.000,-1,350.000,350.000,-1,750.000,675.000,-1,-1,2,0,2,0,2,0,0,0,0,2,0,0,2,0,0,2,2
8,-9332.585,-4153.966,-417.135,29.108,0.873383,-0.486425,-0.024336,0.486567,0.873643,-0.000102,0.021311,-0.011752,0.999704,0,0.62618,-0.44800,37.571,-0.896,-1,400.000,-1,375.000,-1,325.000,325.000,300.000,300.000,-1,350.000,350.000,-1,750.000,675.000,-1,-1,2,0,2,0,2,0,0,0,0,2,0,0,2,0,0,2,2
9,-9299.459,-4136.193,-416.383,28.215,0.880818,-0.472750,-0.025829,0.472915,0.881108,0.000333,0.022601,-0.012508,0.999666,0,0.62653,-0.44636,37.592,-0.893,-1,400.000,-1,375.000,-1,325.000,325.000,300.000,300.000,-1,375.000,375.000,-1,750.000,700.000,-1,-1,2,0,2,0,2,0,0,0,0,2,0,0,2,0,0,2,2
10,-9265.367,-4118.561,-415.610,27.347,0.887842,-0.459337,-0.027322,0.459529,0.888163,0.000852,0.023875,-0.013312,0.999626,0,0.63970,-0.43421,38.382,-0.868,-1,400.000,-1,375.000,-1,325.000,325.000,300.000,300.000,-1,375.000,375.000,-1,750.000,700.000,-1,-1,2,0,2,0,2,0,0,0,0,2,0,0,2,0,0,2,2
11,-9230.746,-4101.315,-414.728,26.480,0.894636,-0.445840,-0.029224,0.446073,0.894995,0.001643,0.025423,-0.014506,0.999572,0,0.64465,-0.43343,38.679,-0.867,-1,400.000,-1,375.000,-1,325.000,325.000,300.000,300.000,-1,400.000,400.000,-1,750.000,700.000,-1,-1,2,0,2,0,2,0,0,0,0,2,0,0,2,0,0,2,2
12,-9195.600,-4084.464,-413.799,25.615,0.901202,-0.432270,-0.031259,0.432553,0.901605,0.002594,0.027062,-0.015859,0.999508,0,0.64960,-0.43246,38.976,-0.865,-1,400.000,-1,375.000,-1,325.000,325.000,300.000,300.000,-1,400.000,400.000,-1,775.000,700.000,-1,-1,2,0,2,0,2,0,0,0,0,2,0,0,2,0,0,2,2
13,-9159.935,-4068.021,-412.858,24.753,0.907544,-0.418638,-0.033264,0.418977,0.907990,0.003634,0.028682,-0.017235,0.999440,0,0.65455,-0.43130,39.273,-0.863,-1,400.000,-1,375.000,-1,325.000,325.000,300.000,300.000,-1,400.000,425.000,-1,775.000,700.000,-1,-1,2,0,2,0,2,0,0,0,0,2,0,0,2,0,0,2,2
14,-9123.757,-4051.994,-411.907,23.893,0.913658,-0.404954,-0.035238,0.405355,0.914147,0.004761,0.030285,-0.018634,0.999368,0,0.65948,-0.42994,39.569,-0.860,-1,400.000,-1,375.000,-1,325.000,325.000,300.000,300.000,-1,425.000,425.000,-1,775.000,725.000,-1,-1,2,0,2,0,2,0,0,0,0,2,0,0,2,0,0,2,2
15,-9087.073,-4036.395,-410.739,23.036,0.919576,-0.391236,-0.036250,0.391670,0.920089,0.005471,0.031213,-0.019229,0.999328,0,0.66438,-0.42837,39.863,-0.857,-1,400.000,-1,375.000,-1,325.000,325.000,300.000,300.000,-1,425.000,450.000,-1,775.000,725.000,-1,-1,2,0,2,0,2,0,0,0,0,2,0,0,2,0,0,2,2
16,-9049.890,-4021.234,-409.425,22.183,0.925285,-0.377492,-0.036699,0.377940,0.925812,0.005865,0.031762,-0.019297,0.999309,0,0.66925,-0.42658,40.155,-0.853,-1,400.000,-1,375.000,-1,325.000,325.000,300.000,300.000,-1,475.000,500.000,-1,775.000,725.000,-1,-1,2,0,2,0,2,0,0,0,0,2,0,0,2,0,0,2,2
17,-9012.216,-4006.521,-407.995,21.334,0.930756,-0.363733,-0.037320,0.364181,0.931310,0.005769,0.032658,-0.018961,0.999287,0,0.67408,-0.42458,40.445,-0.849,-1,400.000,-1,375.000,-1,325.000,325.000,300.000,300.000,-1,500.000,525.000,-1,775.000,725.000,-1,-1,2,0,2,0,2,0,0,0,0,2,0,0,2,1,0,2,2
18,-8974.062,-3992.264,-406.556,20.489,0.935993,-0.349966,-0.037959,0.350416,0.936576,0.005729,0.033547,-0.018664,0.999263,0,0.67884,-0.42233,40.731,-0.845,-1,400.000,-1,375.000,-1,325.000,325.000,300.000,300.000,-1,525.000,550.000,-1,750.000,725.000,-1,-1,2,0,2,0,2,0,0,0,0,2,0,0,2,1,0,2,2
19,-8935.438,-3978.473,-405.110,19.649,0.940997,-0.336204,-0.038617,0.336659,0.941609,0.005743,0.034431,-0.018405,0.999238,0,0.68354,-0.41985,41.012,-0.840,-1,400.000,-1,375.000,-1,325.000,325.000,300.000,300.000,-1,525.000,575.000,-1,750.000,725.000,-1,-1,2,0,2,0,2,0,0,0,0,2,0,0,2,1,0,2,2
20,-8896.356,-3965.157,-403.655,18.815,0.945767,-0.322461,-0.039289,0.322921,0.946408,0.005814,0.035309,-0.018186,0.999211,0,0.68814,-0.41711,41.289,-0.834,-1,400.000,-1,375.000,-1,325.000,325.000,300.000,300.000,-1,550.000,600.000,-1,725.000,725.000,-1,-1,2,0,2,0,2,0,0,0,0,2,0,0,2,1,0,2,2
21,-8856.828,-3952.324,-402.193,17.987,0.950303,-0.308748,-0.039975,0.309216,0.950973,0.005942,0.036181,-0.018008,0.999183,0,0.69265,-0.41411,41.559,-0.828,-1,400.000,-1,375.000,-1,325.000,325.000,300.000,300.000,-1,575.000,625.000,-1,700.000,725.000,-1,-1,2,0,2,0,2,0,0,0,0,2,0,0,2,1,0,2,2
22,-8816.869,-3939.981,-400.722,17.165,0.954606,-0.295080,-0.040674,0.295557,0.955306,0.006122,0.037050,-0.017866,0.999154,0,0.69703,-0.41084,41.822,-0.822,-1,400.000,-1,375.000,-1,325.000,325.000,300.000,300.000,-1,600.000,650.000,-1,700.000,725.000,975.000,-1,2,0,2,0,2,0,0,0,0,2,0,0,2,1,0,1,2
23,-8776.494,-3928.136,-399.206,16.351,0.958680,-0.281469,-0.041323,0.281962,0.959404,0.006508,0.037814,-0.017891,0.999125,0,0.70127,-0.40728,42.076,-0.815,-1,400.000,-1,375.000,-1,325.000,325.000,300.000,300.000,-1,625.000,700.000,-1,675.000,750.000,950.000,-1,2,1,2,0,2,0,0,0,0,2,0,0,2,1,0,1,2
24,-8735.720,-3916.795,-397.668,15.544,0.962524,-0.267930,-0.041954,0.268443,0.963270,0.007000,0.038538,-0.018000,0.999095,0,0.70536,-0.40343,42.322,-0.807,975.000,400.000,-1,375.000,-1,325.000,325.000,300.000,300.000,-1,650.000,700.000,-1,675.000,750.000,900.000,-1,1,1,2,0,2,0,0,0,0,2,0,0,2,1,0,1,2
25,-8694.566,-3905.964,-396.125,14.745,0.966140,-0.254479,-0.042598,0.255013,0.966908,0.007519,0.039275,-0.018127,0.999064,0,0.70926,-0.39926,42.556,-0.799,900.000,400.000,-1,400.000,-1,325.000,325.000,300.000,300.000,-1,675.000,725.000,-1,675.000,750.000,875.000,-1,1,1,2,0,2,0,0,0,0,2,0,0,2,1,0,1,2
26,-8653.052,-3895.647,-394.577,13.956,0.969528,-0.241130,-0.043254,0.241687,0.970321,0.008065,0.040026,-0.018273,0.999032,0,0.71295,-0.39478,42.777,-0.790,850.000,400.000,-1,400.000,-1,325.000,325.000,300.000,300.000,-1,675.000,750.000,-1,650.000,750.000,825.000,-1,1,1,2,0,2,0,0,0,0,2,0,0,2,1,0,1,2
27,-8611.199,-3885.850,-393.025,13.176,0.972694,-0.227899,-0.043922,0.228481,0.973510,0.008637,0.040790,-0.018437,0.998998,0,0.71641,-0.38997,42.984,-0.780,800.000,400.000,-1,400.000,-1,325.000,325.000,300.000,300.000,-1,700.000,775.000,-1,650.000,750.000,800.000,-1,1,1,2,0,2,0,0,0,0,2,0,0,2,1,0,1,2
28,-8569.031,-3876.574,-391.360,12.406,0.975649,-0.214800,-0.044379,0.215422,0.976473,0.009688,0.041254,-0.019012,0.998968,0,0.71960,-0.38480,43.176,-0.770,750.000,400.000,-1,400.000,-1,325.000,325.000,300.000,300.000,-1,725.000,800.000,-1,625.000,750.000,750.000,-1,1,1,2,0,2,0,0,0,0,2,0,0,2,1,0,1,2
29,-8522.082,-3866.700,-389.491,11.876,0.977583,-0.205762,-0.044647,0.206436,0.978398,0.011004,0.041418,-0.019974,0.998942,0,0.79960,-0.26480,47.976,-0.530,675.000,375.000,-1,400.000,-1,325.000,325.000,300.000,300.000,-1,775.000,850.000,-1,625.000,750.000,725.000,-1,1,1,2,0,2,0,0,0,0,2,0,0,2,1,0,1,2
30,-8470.378,-3856.119,-387.399,11.565,0.978685,-0.200436,-0.044732,0.201161,0.979481,0.012287,0.041351,-0.021023,0.998923,0,0.87960,-0.15572,52.776,-0.311,625.000,375.000,-1,400.000,-1,325.000,325.000,300.000,300.000,-1,825.000,900.000,-1,600.000,750.000,675.000,-1,1,1,2,0,2,0,0,0,0,2,0,0,2,1,0,1,2
31,-8413.911,-3844.871,-384.660,11.266,0.979692,-0.195332,-0.045272,0.196036,0.980528,0.011626,0.042119,-0.020265,0.998907,0,0.95960,-0.14930,57.576,-0.299,575.000,375.000,-1,400.000,-1,325.000,325.000,300.000,300.000,-1,875.000,950.000,-1,600.000,775.000,625.000,-1,1,1,2,0,2,0,0,0,0,2,0,0,2,1,0,1,2
32,-8355.010,-3833.440,-381.686,10.983,0.980603,-0.190479,-0.046201,0.191141,0.981509,0.010307,0.043383,-0.018938,0.998879,0,1.00000,-0.14185,60.000,-0.284,550.000,375.000,-1,400.000,-1,325.000,325.000,300.000,300.000,-1,900.000,975.000,-1,575.000,775.000,600.000,-1,1,1,2,0,2,0,0,0,0,2,0,0,2,1,0,1,2
33,-8296.056,-3822.284,-378.640,10.716,0.981424,-0.185908,-0.047389,0.186510,0.982416,0.008580,0.044961,-0.017259,0.998840,0,1.00000,-0.13353,60.000,-0.267,500.000,375.000,-1,400.000,-1,325.000,325.000,325.000,300.000,-1,925.000,1000.000,-1,575.000,800.000,550.000,-1,1,1,2,0,2,0,0,0,0,2,0,0,2,1,0,1,2
34,-8237.054,-3811.385,-375.524,10.467,0.982152,-0.181640,-0.048834,0.182164,0.983247,0.006459,0.046843,-0.015240,0.998786,0,1.00000,-0.12457,60.000,-0.249,475.000,375.000,-1,400.000,-1,350.000,325.000,325.000,300.000,-1,925.000,1000.000,-1,575.000,800.000,525.000,-1,1,1,2,0,2,0,0,0,0,2,0,0,2,1,0,1,2
35,-8178.009,-3800.722,-372.340,10.237,0.982786,-0.177700,-0.050534,0.178123,0.984000,0.003958,0.049022,-0.012891,0.998715,0,1.00000,-0.11492,60.000,-0.230,450.000,375.000,-1,400.000,-1,350.000,350.000,325.000,300.000,-1,850.000,900.000,-1,575.000,825.000,500.000,-1,1,1,2,0,2,0,0,0,0,2,0,0,2,1,0,1,2
36,-8118.925,-3790.275,-369.088,10.028,0.983326,-0.174114,-0.052479,0.174410,0.984673,0.001080,0.051487,-0.010215,0.998621,0,1.00000,-0.10454,60.000,-0.209,425.000,375.000,-1,425.000,-1,350.000,350.000,325.000,300.000,-1,775.000,800.000,-1,600.000,850.000,525.000,-1,1,1,2,0,2,1,0,1,0,2,0,0,2,1,0,1,2
37,-8059.807,-3780.020,-365.770,9.841,0.983769,-0.170907,-0.054667,0.171046,0.985261,-0.002170,0.054232,-0.007216,0.998502,0,1.00000,-0.09340,60.000,-0.187,400.000,375.000,-1,425.000,-1,350.000,350.000,325.000,300.000,-1,725.000,700.000,-1,600.000,875.000,525.000,-1,1,1,2,0,2,1,0,1,0,2,0,0,2,1,0,1,2
38,-8000.661,-3769.933,-362.387,9.678,0.984114,-0.168109,-0.057093,0.168054,0.985761,-0.005790,0.057253,-0.003897,0.998352,0,1.00000,-0.08144,60.000,-0.163,375.000,375.000,-1,425.000,-1,350.000,350.000,300.000,275.000,-1,675.000,625.000,-1,600.000,900.000,550.000,-1,1,1,2,0,2,1,0,1,0,2,0,0,2,1,0,1,2
39,-7941.490,-3759.988,-358.937,9.541,0.984356,-0.165747,-0.059754,0.165458,0.986168,-0.009784,0.060549,-0.000256,0.998165,0,1.00000,-0.06866,60.000,-0.137,400.000,375.000,-1,450.000,-1,375.000,375.000,300.000,275.000,-1,625.000,525.000,-1,600.000,925.000,575.000,-1,1,1,2,0,2,1,0,1,0,2,0,0,2,1,0,1,2
40,-7882.301,-3750.156,-355.502,9.431,0.984502,-0.163851,-0.062512,0.163263,0.986477,-0.014440,0.064033,0.004010,0.997940,0,1.00000,-0.05503,60.000,-0.110,400.000,375.000,-1,450.000,-1,375.000,375.000,275.000,275.000,-1,525.000,400.000,-1,625.000,950.000,600.000,-1,1,1,2,0,2,1,0,1,0,2,0,0,2,1,0,1,2
41,-7823.098,-3740.407,-351.992,9.349,0.984587,-0.162448,-0.064795,0.161463,0.986672,-0.020185,0.067210,0.009412,0.997694,0,1.00000,-0.04057,60.000,-0.081,425.000,400.000,-1,475.000,-1,375.000,375.000,275.000,275.000,-1,475.000,325.000,-1,625.000,975.000,625.000,-1,1,1,2,0,2,1,0,1,0,2,0,0,2,1,0,1,2
42,-7763.886,-3730.711,-348.721,9.299,0.984762,-0.161567,-0.064344,0.160296,0.986765,-0.024490,0.067449,0.013803,0.997627,0,1.00000,-0.02533,60.000,-0.051,425.000,400.000,-1,475.000,-1,375.000,400.000,250.000,275.000,-1,525.000,350.000,-1,625.000,975.000,625.000,-1,1,1,2,0,2,1,0,1,0,2,0,0,2,1,0,1,2
43,-7704.672,-3721.033,-345.376,9.280,0.984869,-0.161232,-0.063541,0.159663,0.986743,-0.029077,0.067386,0.018492,0.997556,0,1.00000,-0.00937,60.000,-0.019,425.000,400.000,-1,475.000,-1,375.000,400.000,250.000,275.000,-1,575.000,375.000,-1,650.000,975.000,625.000,-1,1,1,2,0,2,1,0,1,0,2,0,0,2,1,0,1,2
44,-7645.495,-3711.347,-341.927,9.294,0.984899,-0.161461,-0.062480,0.159577,0.986597,-0.034096,0.067147,0.023611,0.997464,0,0.99941,0.00716,59.964,0.014,400.000,375.000,-1,475.000,-1,375.000,400.000,250.000,275.000,-1,625.000,400.000,-1,700.000,975.000,600.000,-1,1,1,2,0,2,1,0,1,0,2,0,0,2,1,0,1,2
45,-7587.035,-3701.747,-338.417,9.322,0.984905,-0.161921,-0.061180,0.159711,0.986375,-0.039459,0.066735,0.029092,0.997346,0,0.98739,0.01402,59.243,0.028,400.000,375.000,-1,475.000,-1,375.000,400.000,225.000,250.000,-1,700.000,450.000,-1,800.000,975.000,-1,-1,1,1,2,0,2,1,0,1,0,2,0,0,2,1,0,2,2
46,-7529.362,-3692.242,-334.856,9.355,0.984911,-0.162457,-0.059651,0.159920,0.986098,-0.045135,0.066154,0.034915,0.997198,0,0.97418,0.01647,58.451,0.033,400.000,375.000,-1,475.000,-1,350.000,400.000,225.000,250.000,-1,800.000,500.000,-1,-1,975.000,-1,-1,1,1,2,0,2,1,0,1,0,2,0,0,2,2,0,2,2
47,-7472.530,-3682.839,-331.251,9.392,0.984918,-0.163045,-0.057903,0.160181,0.985764,-0.051102,0.065411,0.041056,0.997013,0,0.96008,0.01819,57.605,0.036,400.000,375.000,-1,475.000,-1,375.000,400.000,225.000,250.000,-1,900.000,550.000,-1,-1,950.000,-1,-1,1,1,2,0,2,1,0,1,0,2,0,0,2,2,0,2,2
48,-7416.570,-3673.540,-327.607,9.430,0.984929,-0.163659,-0.055946,0.160475,0.985373,-0.057338,0.064511,0.047496,0.996786,0,0.94546,0.01918,56.727,0.038,400.000,400.000,-1,475.000,-1,375.000,400.000,225.000,250.000,-1,-1,650.000,975.000,-1,950.000,-1,-1,1,1,2,0,2,1,0,1,0,2,2,0,0,2,0,2,2
49,-7361.489,-3664.348,-323.930,9.469,0.984948,-0.164271,-0.053789,0.160782,0.984924,-0.063824,0.063462,0.054216,0.996511,0,0.93072,0.01945,55.843,0.039,-1,425.000,-1,475.000,-1,375.000,400.000,225.000,250.000,-1,-1,725.000,925.000,-1,950.000,-1,-1,2,1,2,0,2,1,0,1,0,2,2,0,0,2,0,2,2
50,9511.004,-7543.214,424.528,70.399,0.333192,-0.940600,-0.065220,0.942072,0.334942,-0.017717,0.038509,-0.055539,0.997714,1,0.00000,0.00000,54.975,0.038,-1,250.000,-1,325.000,-1,225.000,250.000,450.000,400.000,-1,150.000,75.000,475.000,475.000,600.000,-1,-1,2,1,2,1,2,1,1,1,0,2,0,0,1,1,1,2,2
51,6887.287,8199.151,185.878,-177.884,-0.999004,0.036926,-0.025047,-0.036620,-0.999250,-0.012553,-0.025492,-0.011623,0.999607,1,0.00000,0.00000,4.800,-0.240,-1,400.000,-1,400.000,-1,325.000,325.000,300.000,300.000,925.000,-1,-1,-1,850.000,750.000,-1,-1,2,0,2,0,2,0,0,0,0,1,2,2,2,0,0,2,2
52,6882.490,8198.981,185.757,-177.969,-0.999056,0.035439,-0.025140,-0.035130,-0.999303,-0.012627,-0.025570,-0.011732,0.999604,0,0.08000,-0.04261,4.800,-0.085,-1,400.000,-1,400.000,-1,325.000,325.000,300.000,300.000,925.000,-1,-1,-1,850.000,750.000,-1,-1,2,0,2,0,2,0,0,0,0,1,2,2,2,0,0,2,2
53,6872.896,8198.655,185.514,-178.055,-0.999103,0.033941,-0.025323,-0.033626,-0.999353,-0.012772,-0.025740,-0.011909,0.999598,0,0.16000,-0.04294,9.600,-0.086,-1,400.000,-1,400.000,-1,325.000,325.000,300.000,300.000,925.000,-1,-1,-1,850.000,750.000,-1,-1,2,0,2,0,2,0,0,0,0,1,2,2,2,0,0,2,2
54,6858.503,8198.188,185.150,-178.142,-0.999146,0.032421,-0.025596,-0.032096,-0.999400,-0.012988,-0.026002,-0.012156,0.999588,0,0.24000,-0.04359,14.400,-0.087,-1,400.000,-1,400.000,-1,325.000,325.000,300.000,300.000,925.000,-1,-1,-1,850.000,750.000,-1,-1,2,0,2,0,2,0,0,0,0,1,2,2,2,0,0,2,2
55,6839.313,8197.595,184.665,-178.231,-0.999186,0.030865,-0.025960,-0.030528,-0.999446,-0.013275,-0.026356,-0.012472,0.999575,0,0.32000,-0.04459,19.200,-0.089,-1,400.000,-1,400.000,-1,325.000,325.000,300.000,300.000,925.000,-1,-1,-1,850.000,750.000,-1,-1,2,0,2,0,2,0,0,0,0,1,2,2,2,0,0,2,2
56,6815.323,8196.893,184.058,-178.323,-0.999223,0.029261,-0.026415,-0.028909,-0.999489,-0.013631,-0.026800,-0.012857,0.999558,0,0.40000,-0.04596,24.000,-0.092,-1,400.000,-1,400.000,-1,325.000,325.000,300.000,300.000,925.000,-1,-1,-1,850.000,750.000,-1,-1,2,0,2,0,2,0,0,0,0,1,2,2,2,0,0,2,2
57,6786.534,8196.098,183.330,-178.419,-0.999256,0.027596,-0.026960,-0.027224,-0.999531,-0.014056,-0.027335,-0.013311,0.999538,0,0.48000,-0.04772,28.800,-0.095,-1,400.000,-1,400.000,-1,325.000,325.000,300.000,300.000,900.000,-1,-1,-1,850.000,750.000,-1,-1,2,0,2,0,2,0,0,0,0,1,2,2,2,0,0,2,2
58,6752.945,8195.229,182.481,-178.518,-0.999285,0.025855,-0.027596,-0.025460,-0.999570,-0.014548,-0.027960,-0.013835,0.999513,0,0.56000,-0.04990,33.600,-0.100,-1,400.000,-1,400.000,-1,325.000,325.000,300.000,300.000,900.000,-1,-1,-1,825.000,750.000,-1,-1,2,0,2,0,2,0,0,0,0,1,2,2,2,0,0,2,2
59,6714.556,8194.306,181.510,-178.623,-0.999310,0.024021,-0.028323,-0.023600,-0.999607,-0.015108,-0.028674,-0.014429,0.999485,0,0.64000,-0.05254,38.400,-0.105,-1,400.000,-1,400.000,-1,325.000,325.000,300.000,300.000,900.000,-1,-1,-1,825.000,750.000,-1,-1,2,0,2,0,2,0,0,0,0,1,2,2,2,0,0,2,2
60,6675.227,8193.437,180.517,-178.735,-0.999334,0.022078,-0.029068,-0.021629,-0.999643,-0.015677,-0.029403,-0.015038,0.999455,0,0.65564,-0.05568,39.338,-0.111,-1,400.000,-1,400.000,-1,325.000,325.000,300.000,300.000,900.000,-1,-1,-1,825.000,750.000,-1,-1,2,0,2,0,2,0,0,0,0,1,2,2,2,0,0,2,2
61,6635.912,8192.650,179.524,-178.853,-0.999355,0.020018,-0.029813,-0.019540,-0.999677,-0.016241,-0.030128,-0.015648,0.999424,0,0.65538,-0.05903,39.323,-0.118,-1,400.000,-1,400.000,-1,325.000,325.000,300.000,300.000,900.000,-1,-1,-1,825.000,750.000,-1,-1,2,0,2,0,2,0,0,0,0,1,2,2,2,0,0,2,2
62,6596.597,8191.948,178.533,-178.978,-0.999374,0.017837,-0.030557,-0.017329,-0.999709,-0.016801,-0.030848,-0.016261,0.999392,0,0.65535,-0.06249,39.321,-0.125,-1,400.000,-1,400.000,-1,325.000,325.000,300.000,300.000,900.000,-1,-1,-1,825.000,725.000,-1,-1,2,0,2,0,2,0,0,0,0,1,2,2,2,0,0,2,2
63,6557.270,8191.337,177.488,-179.110,-0.999394,0.015531,-0.031149,-0.014996,-0.999737,-0.017322,-0.031410,-0.016845,0.999365,0,0.65553,-0.06608,39.332,-0.132,-1,400.000,-1,375.000,-1,325.000,325.000,300.000,300.000,925.000,-1,-1,-1,825.000,725.000,-1,-1,2,0,2,0,2,0,0,0,0,1,2,2,2,0,0,2,2
64,6513.142,8190.794,176.044,-179.296,-0.999432,0.012292,-0.031391,-0.011721,-0.999763,-0.018320,-0.031609,-0.017941,0.999339,0,0.73553,-0.09280,44.132,-0.186,-1,400.000,-1,375.000,-1,325.000,325.000,300.000,300.000,925.000,-1,-1,-1,825.000,725.000,-1,-1,2,0,2,0,2,0,0,0,0,1,2,2,2,0,0,2,2
65,6468.377,8190.380,174.575,-179.471,-0.999456,0.009233,-0.031652,-0.008624,-0.999776,-0.019351,-0.031824,-0.019067,0.999312,0,0.74610,-0.08764,44.766,-0.175,-1,400.000,-1,375.000,-1,325.000,325.000,300.000,300.000,950.000,-1,-1,-1,825.000,725.000,-1,-1,2,0,2,0,2,0,0,0,0,1,2,2,2,0,0,2,2
66,6423.593,8190.095,173.106,-179.635,-0.999470,0.006362,-0.031911,-0.005713,-0.999776,-0.020379,-0.032033,-0.020185,0.999283,0,0.74642,-0.08229,44.785,-0.165,-1,400.000,-1,375.000,-1,325.000,325.000,300.000,300.000,950.000,-1,-1,-1,825.000,725.000,-1,-1,2,0,2,0,2,0,0,0,0,1,2,2,2,0,0,2,2
67,6378.806,8189.930,171.640,-179.789,-0.999476,0.003680,-0.032167,-0.002993,-0.999766,-0.021403,-0.032238,-0.021296,0.999253,0,0.74645,-0.07683,44.787,-0.154,-1,400.000,-1,375.000,-1,325.000,325.000,300.000,300.000,975.000,-1,-1,-1,825.000,725.000,-1,-1,2,0,2,0,2,0,0,0,0,1,2,2,2,0,0,2,2
68,6334.035,8189.876,170.177,-179.932,-0.999474,0.001193,-0.032420,-0.000466,-0.999748,-0.022425,-0.032439,-0.022398,0.999223,0,0.74619,-0.07127,44.771,-0.143,-1,400.000,-1,375.000,-1,325.000,325.000,300.000,300.000,1000.000,-1,-1,-1,825.000,725.000,-1,-1,2,0,2,0,2,0,0,0,0,1,2,2,2,0,0,2,2
69,6289.297,8189.925,168.716,-180.063,-0.999466,-0.001098,-0.032671,0.001864,-0.999723,-0.023444,-0.032636,-0.023492,0.999191,0,0.74563,-0.06564,44.738,-0.131,-1,400.000,-1,375.000,-1,325.000,325.000,300.000,300.000,-1,-1,-1,-1,825.000,725.000,-1,-1,2,0,2,0,2,0,0,0,0,2,2,2,2,0,0,2,2
70,6244.611,8190.067,167.260,-180.183,-0.999453,-0.003189,-0.032919,0.003995,-0.999693,-0.024459,-0.032830,-0.024577,0.999159,0,0.74477,-0.05993,44.686,-0.120,-1,400.000,-1,375.000,-1,325.000,325.000,300.000,300.000,-1,-1,-1,-1,800.000,725.000,-1,-1,2,0,2,0,2,0,0,0,0,2,2,2,2,0,0,2,2
71,6199.995,8190.293,165.808,-180.291,-0.999437,-0.005079,-0.033164,0.005925,-0.999658,-0.025471,-0.033023,-0.025653,0.999125,0,0.74361,-0.05417,44.617,-0.108,-1,400.000,-1,375.000,-1,325.000,325.000,300.000,300.000,-1,-1,-1,-1,800.000,725.000,-1,-1,2,0,2,0,2,0,0,0,0,2,2,2,2,0,0,2,2
72,6155.467,8190.594,164.362,-180.388,-0.999419,-0.006767,-0.033407,0.007653,-0.999620,-0.026479,-0.033215,-0.026719,0.999091,0,0.74216,-0.04837,44.530,-0.097,-1,400.000,-1,375.000,-1,325.000,325.000,300.000,300.000,-1,-1,-1,-1,800.000,725.000,-1,-1,2,0,2,0,2,0,0,0,0,2,2,2,2,0,0,2,2
73,6111.043,8190.960,162.921,-180.473,-0.999400,-0.008251,-0.033647,0.009178,-0.999580,-0.027484,-0.033406,-0.027776,0.999056,0,0.74043,-0.04256,44.426,-0.085,-1,400.000,-1,375.000,-1,325.000,325.000,300.000,300.000,-1,-1,-1,-1,800.000,725.000,-1,-1,2,0,2,0,2,0,0,0,0,2,2,2,2,0,0,2,2
74,6071.421,8191.512,161.647,-180.798,-0.999330,-0.013923,-0.033858,0.014887,-0.999486,-0.028381,-0.033446,-0.028866,0.999024,0,0.66043,-0.16256,39.626,-0.325,-1,400.000,-1,375.000,-1,325.000,325.000,300.000,300.000,-1,-1,-1,-1,800.000,725.000,-1,-1,2,0,2,0,2,0,0,0,0,2,2,2,2,0,0,2,2
75,6032.134,8192.446,160.402,-181.363,-0.999137,-0.023779,-0.034060,0.024780,-0.999264,-0.029268,-0.033339,-0.030087,0.998991,0,0.65497,-0.28256,39.298,-0.565,-1,400.000,-1,375.000,-1,325.000,325.000,300.000,300.000,-1,-1,-1,-1,800.000,725.000,-1,-1,2,0,2,0,2,0,0,0,0,2,2,2,2,0,0,2,2
76,5993.053,8193.925,159.185,-182.168,-0.998698,-0.037817,-0.034249,0.038854,-0.998790,-0.030145,-0.033068,-0.031436,0.998959,0,0.65181,-0.40256,39.109,-0.805,-1,400.000,-1,375.000,-1,325.000,325.000,300.000,300.000,-1,-1,-1,-1,800.000,725.000,-1,-1,2,0,2,0,2,0,0,0,0,2,2,2,2,0,0,2,2
77,5954.236,8196.104,158.008,-183.213,-0.997836,-0.056026,-0.034422,0.057098,-0.997887,-0.031007,-0.032612,-0.032906,0.998926,0,0.64796,-0.52256,38.877,-1.045,-1,400.000,-1,375.000,-1,325.000,325.000,300.000,300.000,-1,-1,-1,-1,800.000,700.000,-1,-1,2,0,2,0,2,0,0,0,0,2,2,2,2,0,0,2,2
78,5915.751,8199.131,156.859,-184.499,-0.996326,-0.078387,-0.034508,0.079493,-0.996324,-0.031928,-0.031879,-0.034554,0.998894,0,0.64339,-0.64256,38.604,-1.285,-1,400.000,-1,375.000,-1,325.000,325.000,300.000,300.000,-1,-1,-1,-1,800.000,700.000,-1,-1,2,0,2,0,2,0,0,0,0,2,2,2,2,0,0,2,2
79,5877.674,8203.148,155.745,-186.024,-0.993891,-0.104870,-0.034402,0.106001,-0.993822,-0.032884,-0.030741,-0.036330,0.998867,0,0.63814,-0.76256,38.288,-1.525,-1,400.000,-1,375.000,-1,325.000,325.000,300.000,300.000,-1,-1,-1,-1,775.000,700.000,-1,-1,2,0,2,0,2,0,0,0,0,2,2,2,2,0,0,2,2
80,5840.078,8208.194,154.671,-187.645,-0.990533,-0.132940,-0.034226,0.134088,-0.990394,-0.033776,-0.029407,-0.038046,0.998843,0,0.63222,-0.81069,37.933,-1.621,-1,400.000,-1,375.000,-1,325.000,325.000,300.000,300.000,-1,-1,-1,-1,775.000,700.000,-1,-1,2,0,2,0,2,0,0,0,0,2,2,2,2,0,0,2,2
81,5803.008,8214.241,153.656,-189.265,-0.986387,-0.160882,-0.034031,0.162043,-0.986175,-0.034660,-0.027984,-0.039703,0.998820,0,0.62599,-0.81021,37.559,-1.620,-1,400.000,-1,375.000,-1,325.000,325.000,300.000,300.000,-1,-1,-1,-1,775.000,700.000,-1,-1,2,0,2,0,2,0,0,0,0,2,2,2,2,0,0,2,2
82,5766.494,8221.262,152.703,-190.886,-0.981455,-0.188688,-0.033819,0.189857,-0.981168,-0.035536,-0.026477,-0.041298,0.998796,0,0.61970,-0.81007,37.182,-1.620,-1,400.000,-1,375.000,-1,325.000,325.000,300.000,300.000,-1,-1,-1,-1,775.000,700.000,-1,-1,2,0,2,0,2,0,0,0,0,2,2,2,2,0,0,2,2
83,5730.560,8229.232,151.812,-192.506,-0.975739,-0.216346,-0.033592,0.217519,-0.975377,-0.036404,-0.024889,-0.042828,0.998772,0,0.61345,-0.81028,36.807,-1.621,-1,400.000,-1,375.000,-1,325.000,325.000,300.000,300.000,-1,-1,-1,-1,775.000,700.000,-1,-1,2,0,2,0,2,0,0,0,0,2,2,2,2,0,0,2,2
84,5695.224,8238.125,150.986,-194.128,-0.969240,-0.243846,-0.033351,0.245018,-0.968802,-0.037265,-0.023224,-0.044290,0.998749,0,0.60731,-0.81081,36.438,-1.622,-1,400.000,-1,375.000,-1,325.000,325.000,300.000,300.000,-1,-1,-1,-1,775.000,700.000,-1,-1,2,0,2,0,2,0,0,0,0,2,2,2,2,0,0,2,2
85,5660.497,8247.919,150.226,-195.751,-0.961961,-0.271176,-0.033098,0.272342,-0.961445,-0.038117,-0.021485,-0.045681,0.998725,0,0.60134,-0.81166,36.081,-1.623,-1,400.000,-1,375.000,-1,325.000,325.000,300.000,300.000,-1,-1,-1,-1,750.000,700.000,-1,-1,2,0,2,0,2,0,0,0,0,2,2,2,2,0,0,2,2
86,5626.391,8258.592,149.534,-197.377,-0.953900,-0.298323,-0.032834,0.299479,-0.953307,-0.038962,-0.019678,-0.046999,0.998701,0,0.59562,-0.81281,35.737,-1.626,-1,400.000,-1,375.000,-1,325.000,325.000,300.000,300.000,-1,1000.000,-1,-1,750.000,700.000,-1,-1,2,0,2,0,2,0,0,0,0,2,0,2,2,0,0,2,2
87,5592.908,8270.123,148.910,-199.005,-0.945058,-0.325276,-0.032561,0.326416,-0.944388,-0.039798,-0.017805,-0.048240,0.998677,0,0.59020,-0.81426,35.412,-1.629,-1,400.000,-1,375.000,-1,325.000,325.000,300.000,300.000,-1,925.000,-1,-1,750.000,700.000,-1,-1,2,0,2,0,2,0,0,0,0,2,0,2,2,0,0,2,2
88,5560.052,8282.497,148.354,-200.637,-0.935436,-0.352020,-0.032281,0.353140,-0.934688,-0.040625,-0.015871,-0.049402,0.998653,0,0.58514,-0.81599,35.108,-1.632,-1,400.000,-1,375.000,-1,325.000,300.000,300.000,300.000,-1,850.000,-1,-1,750.000,700.000,-1,-1,2,0,2,0,2,0,0,0,0,2,0,2,2,0,0,2,2
89,5527.823,8295.697,147.868,-202.273,-0.925032,-0.378540,-0.031993,0.379636,-0.924207,-0.041443,-0.013880,-0.050482,0.998628,0,0.58046,-0.81799,34.828,-1.636,-1,400.000,-1,375.000,-1,325.000,300.000,300.000,300.000,-1,800.000,975.000,-1,750.000,700.000,-1,-1,2,0,2,0,2,0,0,0,0,2,0,0,2,0,0,2,2
90,5491.528,8311.606,147.381,-203.669,-0.915565,-0.400922,-0.031651,0.401992,-0.914663,-0.042361,-0.011966,-0.051508,0.998601,0,0.66046,-0.69799,39.628,-1.396,-1,400.000,-1,375.000,-1,325.000,300.000,300.000,325.000,-1,775.000,925.000,-1,750.000,700.000,-1,-1,2,0,2,0,2,0,0,0,0,2,0,0,2,0,0,2,2
91,5451.205,8330.258,146.922,-204.825,-0.907324,-0.419273,-0.031186,0.420310,-0.906345,-0.043347,-0.010091,-0.052437,0.998573,0,0.74046,-0.57799,44.428,-1.156,-1,400.000,-1,375.000,-1,325.000,300.000,300.000,325.000,-1,725.000,875.000,-1,750.000,700.000,-1,-1,2,0,2,0,2,0,0,0,0,2,0,0,2,0,0,2,2
92,5406.895,8351.705,146.500,-205.828,-0.899885,-0.435049,-0.030643,0.436049,-0.898826,-0.044426,-0.008215,-0.053340,0.998543,0,0.82046,-0.50135,49.228,-1.003,-1,400.000,-1,375.000,-1,325.000,300.000,300.000,325.000,-1,700.000,825.000,-1,750.000,725.000,-1,-1,2,0,2,0,2,0,0,0,0,2,0,0,2,0,0,2,2
93,5358.856,8376.012,146.161,-206.839,-0.892108,-0.450820,-0.030057,0.451778,-0.890969,-0.045500,-0.006268,-0.054170,0.998512,0,0.89729,-0.50552,53.837,-1.011,-1,400.000,-1,375.000,-1,325.000,300.000,325.000,325.000,-1,675.000,800.000,-1,750.000,725.000,-1,-1,2,0,2,0,2,0,0,0,0,2,0,0,2,0,0,2,2
94,5311.337,8401.129,145.941,-207.860,-0.883978,-0.466604,-0.029400,0.467510,-0.882761,-0.046551,-0.004232,-0.054895,0.998483,0,0.89581,-0.51041,53.749,-1.021,-1,400.000,-1,375.000,-1,325.000,300.000,325.000,325.000,950.000,675.000,750.000,-1,750.000,725.000,-1,-1,2,0,2,0,2,0,0,0,0,1,0,0,2,0,0,2,2
95,5264.319,8427.074,145.838,-208.891,-0.875482,-0.482399,-0.028689,0.483247,-0.874189,-0.047595,-0.002120,-0.055533,0.998455,0,0.89503,-0.51564,53.702,-1.031,-1,400.000,-1,375.000,-1,325.000,325.000,325.000,325.000,925.000,650.000,725.000,-1,750.000,725.000,-1,-1,2,0,2,0,2,0,0,0,0,1,0,0,2,0,0,2,2
96,5217.786,8453.868,145.836,-209.933,-0.866607,-0.498204,-0.028010,0.498991,-0.865239,-0.048670,0.000012,-0.056154,0.998422,0,0.89491,-0.52116,53.695,-1.042,-1,400.000,-1,375.000,-1,325.000,325.000,325.000,325.000,900.000,650.000,725.000,-1,750.000,725.000,-1,-1,2,0,2,0,2,0,0,0,0,1,0,0,2,0,0,2,2
97,5170.345,8482.355,145.929,-210.983,-0.857378,-0.513960,-0.027352,0.514682,-0.855936,-0.049755,0.002161,-0.056736,0.998387,0,0.92228,-0.52501,55.337,-1.050,-1,400.000,-1,375.000,-1,325.000,325.000,325.000,325.000,925.000,650.000,700.000,-1,750.000,750.000,-1,-1,2,0,2,0,2,0,0,0,0,1,0,0,2,0,0,2,2
98,5123.577,8511.623,146.058,-212.040,-0.847797,-0.529645,-0.026749,0.530304,-0.846300,-0.050537,0.004129,-0.057030,0.998364,0,0.91951,-0.52824,55.170,-1.056,-1,400.000,-1,375.000,-1,325.000,325.000,325.000,325.000,950.000,650.000,700.000,-1,750.000,750.000,-1,-1,2,0,2,0,2,0,0,0,0,1,0,0,2,0,0,2,2
99,5077.475,8541.681,146.289,-213.104,-0.837860,-0.545257,-0.026170,0.545851,-0.836310,-0.051307,0.006089,-0.057273,0.998340,0,0.91726,-0.53186,55.036,-1.064,-1,400.000,-1,400.000,-1,325.000,325.000,325.000,325.000,975.000,650.000,700.000,-1,750.000,750.000,-1,-1,2,0,2,0,2,0,0,0,0,1,0,0,2,0,0,2,2
100,5032.026,8572.540,146.597,-214.175,-0.827554,-0.560802,-0.025626,0.561330,-0.825960,-0.051941,0.007963,-0.057368,0.998321,0,0.91557,-0.53587,54.934,-1.072,-1,375.000,-1,400.000,-1,325.000,325.000,325.000,325.000,975.000,675.000,700.000,-1,750.000,750.000,-1,-1,2,0,2,0,2,0,0,0,0,1,0,0,2,0,0,2,2
101,4987.223,8604.211,146.979,-215.256,-0.816867,-0.576280,-0.025111,0.576744,-0.815242,-0.052413,0.009733,-0.057297,0.998310,0,0.91445,-0.54025,54.867,-1.081,-1,375.000,-1,400.000,-1,325.000,325.000,325.000,325.000,1000.000,675.000,725.000,-1,750.000,750.000,-1,-1,2,0,2,0,2,0,0,0,0,1,0,0,2,0,0,2,2
102,4943.056,8636.709,147.481,-216.346,-0.805789,-0.591691,-0.024617,0.592093,-0.804143,-0.052736,0.011408,-0.057069,0.998305,0,0.91391,-0.54498,54.834,-1.090,-1,375.000,-1,400.000,-1,325.000,325.000,325.000,325.000,-1,700.000,725.000,-1,750.000,750.000,-1,-1,2,0,2,0,2,0,0,0,0,2,0,0,2,0,0,2,2
103,4899.520,8670.051,148.089,-217.446,-0.794311,-0.607031,-0.024133,0.607371,-0.792649,-0.052990,0.013038,-0.056749,0.998303,0,0.91395,-0.55004,54.837,-1.100,-1,375.000,-1,400.000,-1,325.000,325.000,325.000,325.000,-1,725.000,750.000,-1,750.000,775.000,-1,-1,2,0,2,0,2,0,0,0,0,2,0,0,2,0,0,2,2
104,4856.609,8704.254,148.806,-218.557,-0.782422,-0.622299,-0.023657,0.622577,-0.780750,-0.053175,0.014620,-0.056334,0.998305,0,0.91457,-0.55542,54.874,-1.111,-1,400.000,-1,400.000,-1,325.000,325.000,325.000,325.000,-1,750.000,775.000,-1,750.000,775.000,-1,-1,2,0,2,0,2,0,0,0,0,2,0,0,2,0,0,2,2
105,4814.321,8739.337,149.648,-219.679,-0.770109,-0.637491,-0.023185,0.637709,-0.768437,-0.053205,0.016102,-0.055759,0.998314,0,0.91576,-0.56111,54.945,-1.122,-1,400.000,-1,400.000,-1,325.000,325.000,325.000,325.000,-1,800.000,800.000,-1,750.000,800.000,-1,-1,2,0,2,0,2,0,0,0,0,2,0,0,2,0,0,2,2
106,4772.656,8775.318,150.603,-220.813,-0.757361,-0.652601,-0.022709,0.652761,-0.755697,-0.053153,0.017526,-0.055079,0.998328,0,0.91750,-0.56708,55.050,-1.134,-1,400.000,-1,400.000,-1,325.000,325.000,325.000,325.000,-1,825.000,825.000,-1,775.000,800.000,-1,-1,2,0,2,0,2,0,0,0,0,2,0,0,2,0,0,2,2
107,4731.618,8812.217,151.662,-221.960,-0.744170,-0.667620,-0.022230,0.667722,-0.742516,-0.053077,0.018929,-0.054342,0.998343,0,0.91979,-0.57334,55.187,-1.147,-1,400.000,-1,400.000,-1,325.000,325.000,325.000,325.000,-1,875.000,875.000,-1,775.000,825.000,-1,-1,2,0,2,0,2,0,0,0,0,2,0,0,2,0,0,2,2
108,4691.213,8850.055,152.767,-223.119,-0.730523,-0.682532,-0.022056,0.682592,-0.728874,-0.053022,0.020113,-0.053789,0.998350,0,0.92260,-0.57986,55.356,-1.160,-1,400.000,-1,400.000,-1,325.000,325.000,325.000,300.000,-1,925.000,925.000,-1,775.000,850.000,-1,-1,2,0,2,0,2,0,0,0,0,2,0,0,2,0,0,2,2
109,4651.448,8888.850,153.874,-224.293,-0.716409,-0.697320,-0.022427,0.697367,-0.714752,-0.052996,0.020926,-0.053607,0.998343,0,0.92590,-0.58663,55.554,-1.173,-1,400.000,-1,400.000,-1,325.000,325.000,300.000,300.000,-1,1000.000,975.000,-1,775.000,850.000,-1,-1,2,0,2,0,2,0,0,0,0,2,0,0,2,0,0,2,2
110,4610.583,8930.544,155.093,-225.574,-0.700646,-0.713148,-0.022683,0.713174,-0.698989,-0.052888,0.021862,-0.053233,0.998343,0,0.97301,-0.64088,58.381,-1.282,-1,400.000,-1,400.000,-1,325.000,325.000,300.000,300.000,-1,-1,-1,-1,775.000,850.000,-1,-1,2,0,2,0,2,0,0,0,0,2,2,2,2,0,0,2,2
111,4570.444,8973.382,156.385,-226.864,-0.684439,-0.728714,-0.022800,0.728713,-0.682789,-0.052704,0.022839,-0.052687,0.998350,0,0.97840,-0.64453,58.704,-1.289,-1,400.000,-1,400.000,-1,325.000,325.000,300.000,300.000,-1,-1,-1,-1,775.000,875.000,-1,-1,2,0,2,0,2,0,0,0,0,2,2,2,2,0,0,2,2
112,4531.066,9017.363,157.784,-228.160,-0.667789,-0.743997,-0.022930,0.743971,-0.666149,-0.052458,0.023754,-0.052090,0.998360,0,0.98388,-0.64815,59.033,-1.296,-1,400.000,-1,400.000,-1,325.000,325.000,300.000,300.000,-1,-1,-1,-1,775.000,875.000,-1,-1,2,0,2,0,2,0,0,0,0,2,2,2,2,0,0,2,2
113,4492.483,9062.481,159.243,-229.463,-0.650700,-0.758991,-0.022848,0.758931,-0.649080,-0.052141,0.024745,-0.051268,0.998378,0,0.98943,-0.65174,59.366,-1.303,-1,400.000,-1,425.000,-1,325.000,325.000,300.000,300.000,-1,-1,-1,-1,800.000,900.000,-1,-1,2,0,2,0,2,0,0,0,0,2,2,2,2,0,1,2,2
114,4454.727,9108.732,160.757,-230.774,-0.633170,-0.773681,-0.022656,0.773589,-0.631584,-0.051596,0.025609,-0.050196,0.998411,0,0.99507,-0.65532,59.704,-1.311,-1,400.000,-1,425.000,-1,325.000,325.000,300.000,300.000,-1,-1,-1,-1,800.000,850.000,-1,-1,2,0,2,0,2,0,0,0,0,2,2,2,2,0,1,2,2
115,4417.864,9156.073,162.008,-232.092,-0.615156,-0.788098,-0.022027,0.787998,-0.613700,-0.049313,0.025346,-0.047693,0.998540,0,1.00000,-0.65889,60.000,-1.318,-1,400.000,-1,425.000,950.000,325.000,325.000,300.000,300.000,-1,-1,-1,-1,825.000,800.000,-1,1000.000,2,0,2,0,1,0,0,0,0,2,2,2,2,0,1,2,1
116,4382.106,9204.253,163.341,-233.417,-0.596710,-0.802175,-0.021267,0.802067,-0.595386,-0.046943,0.024994,-0.045069,0.998671,0,1.00000,-0.66245,60.000,-1.325,-1,400.000,-1,425.000,900.000,325.000,325.000,300.000,300.000,-1,-1,-1,-1,825.000,775.000,-1,925.000,2,0,2,0,1,0,0,0,0,2,2,2,2,0,1,2,1
117,4347.477,9253.252,164.755,-234.749,-0.577840,-0.815896,-0.020368,0.815781,-0.576647,-0.044492,0.024555,-0.042325,0.998802,0,1.00000,-0.66599,60.000,-1.332,-1,400.000,-1,425.000,825.000,325.000,325.000,300.000,300.000,-1,-1,-1,-1,825.000,725.000,-1,850.000,2,0,2,0,1,0,0,0,0,2,2,2,2,0,1,2,1
118,4314.002,9303.046,166.152,-236.088,-0.558564,-0.829233,-0.019473,0.829105,-0.557480,-0.042441,0.024337,-0.039851,0.998909,0,1.00000,-0.66952,60.000,-1.339,-1,400.000,-1,425.000,775.000,325.000,325.000,300.000,300.000,-1,-1,-1,-1,850.000,675.000,-1,800.000,2,0,2,0,1,0,0,0,0,2,2,2,2,0,1,2,1
119,4281.489,9353.473,167.530,-237.187,-0.542511,-0.839842,-0.018638,0.839702,-0.541517,-0.040739,0.024122,-0.037752,0.998996,0,1.00000,-0.54952,60.000,-1.099,-1,400.000,-1,425.000,725.000,325.000,325.000,325.000,300.000,-1,-1,-1,-1,850.000,650.000,-1,725.000,2,0,2,0,1,0,0,0,0,2,2,2,2,0,1,2,1
120,4249.734,9404.382,168.725,-238.046,-0.529817,-0.847900,-0.018954,0.847802,-0.528886,-0.038878,0.022940,-0.036668,0.999064,0,1.00000,-0.42952,60.000,-0.859,-1,400.000,-1,425.000,650.000,325.000,325.000,300.000,300.000,-1,-1,-1,-1,850.000,600.000,-1,675.000,2,0,2,0,1,0,0,0,0,2,2,2,2,0,1,2,1
121,4218.532,9455.630,169.691,-238.665,-0.520581,-0.853564,-0.020582,0.853562,-0.519694,-0.036750,0.020672,-0.036700,0.999113,0,1.00000,-0.30952,60.000,-0.619,-1,400.000,-1,425.000,575.000,325.000,325.000,300.000,300.000,-1,-1,-1,-1,800.000,575.000,-1,600.000,2,0,2,0,1,0,0,0,0,2,2,2,2,1,1,2,1
122,4187.669,9507.083,170.657,-239.044,-0.514868,-0.856984,-0.022132,0.857078,-0.514036,-0.034409,0.018111,-0.036685,0.999163,0,1.00000,-0.18952,60.000,-0.379,-1,400.000,950.000,400.000,525.000,325.000,325.000,300.000,300.000,-1,-1,-1,-1,750.000,525.000,-1,550.000,2,0,1,1,1,0,0,0,0,2,2,2,2,1,1,2,1
123,4156.930,9558.612,171.641,-239.183,-0.512724,-0.858227,-0.023679,0.858416,-0.511954,-0.032017,0.015355,-0.036742,0.999207,0,1.00000,-0.06952,60.000,-0.139,-1,400.000,875.000,375.000,450.000,325.000,325.000,300.000,300.000,-1,-1,-1,-1,700.000,475.000,-1,475.000,2,0,1,1,1,0,0,0,0,2,2,2,2,1,1,2,1
124,4126.101,9610.085,172.634,-239.082,-0.514166,-0.857319,-0.025249,0.857601,-0.513463,-0.029598,0.012411,-0.036872,0.999243,0,1.00000,0.05048,60.000,0.101,-1,400.000,800.000,350.000,400.000,325.000,325.000,300.000,300.000,-1,-1,-1,-1,650.000,450.000,950.000,425.000,2,0,1,1,1,0,1,0,0,2,2,2,2,1,1,1,1
125,4094.967,9661.375,173.593,-238.741,-0.519182,-0.854246,-0.026717,0.854612,-0.518554,-0.027198,0.009380,-0.036954,0.999273,0,1.00000,0.17048,60.000,0.341,-1,400.000,750.000,325.000,350.000,325.000,300.000,300.000,325.000,-1,-1,-1,-1,600.000,400.000,875.000,350.000,2,0,1,1,1,0,1,0,0,2,2,2,2,1,1,1,1
126,4063.314,9712.347,174.113,-238.160,-0.527759,-0.848988,-0.026255,0.849361,-0.527217,-0.025059,0.007433,-0.035525,0.999341,0,1.00000,0.29048,60.000,0.581,-1,400.000,675.000,300.000,300.000,325.000,275.000,300.000,300.000,-1,-1,-1,-1,550.000,375.000,800.000,300.000,2,1,1,1,1,1,1,0,0,2,2,2,2,1,1,1,1
127,4030.934,9762.859,174.744,-237.339,-0.539828,-0.841373,-0.026035,0.841755,-0.539343,-0.023597,0.005811,-0.034654,0.999382,0,1.00000,0.41048,60.000,0.821,-1,375.000,625.000,275.000,225.000,300.000,250.000,300.000,300.000,-1,-1,-1,-1,525.000,350.000,750.000,250.000,2,1,1,1,1,1,1,0,0,2,2,2,2,1,1,1,1
128,3997.726,9812.832,179.549,-236.401,-0.553992,-0.831906,-0.032011,0.832355,-0.552703,-0.041272,0.016642,-0.049509,0.998635,0,1.00000,0.46918,60.000,0.938,-1,350.000,625.000,250.000,225.000,275.000,250.000,275.000,350.000,-1,-1,-1,-1,500.000,350.000,725.000,250.000,2,1,1,1,1,1,1,0,0,2,2,2,2,1,1,1,1
129,3963.725,9862.268,184.307,-235.488,-0.567817,-0.822301,-0.037476,0.822698,-0.565397,-0.059112,0.027419,-0.064396,0.997548,0,1.00000,0.45611,60.000,0.912,-1,350.000,650.000,250.000,225.000,275.000,250.000,275.000,350.000,-1,-1,-1,-1,500.000,325.000,725.000,225.000,2,1,1,1,1,1,1,0,1,2,2,2,2,1,1,1,1
130,3928.963,9911.173,189.029,-234.604,-0.581275,-0.812601,-0.042418,0.812812,-0.577400,-0.077113,0.038170,-0.079302,0.996120,0,1.00000,0.44221,60.000,0.884,-1,325.000,650.000,250.000,225.000,275.000,225.000,275.000,350.000,-1,300.000,750.000,-1,500.000,325.000,700.000,225.000,2,1,1,1,1,1,1,0,1,2,0,0,2,1,1,1,1
131,3893.283,9959.412,193.436,-233.525,-0.597554,-0.800456,-0.046895,0.800293,-0.591770,-0.096641,0.049606,-0.095278,0.994214,0,1.00000,0.53959,60.000,1.079,-1,325.000,675.000,250.000,225.000,250.000,225.000,275.000,325.000,-1,125.000,300.000,-1,475.000,325.000,700.000,225.000,2,1,1,1,1,1,1,0,1,2,0,0,2,1,1,1,1
132,3856.713,10006.981,197.618,-232.463,-0.613589,-0.787994,-0.050737,0.787229,-0.605460,-0.116998,0.061474,-0.111730,0.991835,0,1.00000,0.53096,60.000,1.062,-1,325.000,700.000,250.000,200.000,250.000,225.000,250.000,325.000,750.000,75.000,250.000,-1,475.000,325.000,675.000,225.000,2,1,1,1,1,1,1,0,1,0,0,0,2,1,1,1,1
133,4919.480,4919.457,15.540,165.293,-0.965553,-0.253286,-0.059606,0.256506,-0.965005,-0.054505,-0.043715,-0.067917,0.996733,1,0.00000,0.00000,60.000,1.042,-1,375.000,-1,400.000,-1,300.000,325.000,275.000,300.000,-1,825.000,600.000,400.000,700.000,800.000,-1,-1,2,0,2,0,2,0,0,0,1,2,1,1,1,0,0,2,2
