timestep,x_cm,y_cm,z_cm,yaw_deg,basis_xx,basis_xy,basis_xz,basis_yx,basis_yy,basis_yz,basis_zx,basis_zy,basis_zz,teleport_flag,throttle_cmd,steering_cmd,cmd_move_cm,cmd_turn_deg,lidar_cm_0,lidar_cm_1,lidar_cm_2,lidar_cm_3,lidar_cm_4,lidar_cm_5,lidar_cm_6,lidar_cm_7,lidar_cm_8,lidar_cm_9,lidar_cm_10,lidar_cm_11,lidar_cm_12,lidar_cm_13,lidar_cm_14,lidar_cm_15,lidar_cm_16,lidar_class_0,lidar_class_1,lidar_class_2,lidar_class_3,lidar_class_4,lidar_class_5,lidar_class_6,lidar_class_7,lidar_class_8,lidar_class_9,lidar_class_10,lidar_class_11,lidar_class_12,lidar_class_13,lidar_class_14,lidar_class_15,lidar_class_16
0,-5572.121,-6883.787,193.742,45.550,0.704234,-0.709945,0.005678,0.703254,0.696455,-0.142776,0.097408,0.104541,0.989739,1,0.08000,-0.12000,4.800,-0.240,475.000,400.000,-1,400.000,-1,325.000,325.000,325.000,300.000,-1,700.000,750.000,-1,675.000,-1,650.000,-1,1,0,2,0,2,0,0,0,0,2,0,0,2,1,2,1,2
1,-5565.346,-6876.985,194.712,45.107,0.709693,-0.704487,0.005777,0.697880,0.701867,-0.142641,0.096434,0.105264,0.989758,0,0.16000,-0.22142,9.600,-0.443,475.000,400.000,-1,400.000,-1,325.000,325.000,325.000,300.000,-1,700.000,750.000,-1,675.000,-1,650.000,-1,1,0,2,0,2,0,0,0,0,2,1,0,2,1,2,1,2
2,-5555.105,-6866.861,196.138,44.668,0.715054,-0.699043,0.005939,0.692531,0.707183,-0.142454,0.095381,0.105975,0.989784,0,0.24000,-0.21918,14.400,-0.438,475.000,400.000,-1,400.000,-1,325.000,325.000,325.000,300.000,-1,725.000,775.000,-1,675.000,-1,725.000,-1,1,0,2,0,2,0,0,0,0,2,1,0,2,1,2,1,2
3,-5541.349,-6853.466,197.981,44.236,0.720294,-0.693643,0.006000,0.687221,0.712396,-0.142193,0.094357,0.106544,0.989821,0,0.32000,-0.21626,19.200,-0.433,450.000,400.000,-1,400.000,-1,325.000,325.000,325.000,300.000,-1,725.000,800.000,-1,700.000,-1,-1,-1,1,0,2,0,2,0,0,0,0,2,1,0,2,1,2,2,2
4,-5524.029,-6836.852,200.138,43.811,0.725373,-0.688334,0.005470,0.681952,0.717521,-0.141792,0.093675,0.106583,0.989881,0,0.40000,-0.21261,24.000,-0.425,450.000,400.000,-1,400.000,-1,325.000,325.000,325.000,300.000,-1,750.000,800.000,-1,750.000,-1,-1,-1,1,1,2,0,2,0,0,0,0,2,1,0,2,1,2,2,2
5,-5503.101,-6817.066,202.763,43.394,0.730289,-0.683121,0.004870,0.676799,0.722525,-0.141069,0.092849,0.106317,0.989988,0,0.48000,-0.20819,28.800,-0.416,450.000,400.000,-1,400.000,-1,325.000,325.000,325.000,300.000,-1,775.000,825.000,-1,975.000,-1,-1,-1,1,1,2,0,2,0,0,0,0,2,1,0,2,0,2,2,2
6,-5478.521,-6794.156,205.879,42.988,0.735019,-0.678033,0.004203,0.671803,0.727399,-0.139899,0.091799,0.105652,0.990157,0,0.56000,-0.20297,33.600,-0.406,425.000,400.000,-1,400.000,-1,325.000,325.000,325.000,300.000,-1,800.000,875.000,-1,-1,-1,-1,-1,1,1,2,0,2,0,0,0,0,2,1,0,2,2,2,2,2
7,-5450.251,-6768.168,209.413,42.595,0.739565,-0.673076,0.003514,0.666944,0.732104,-0.138600,0.090716,0.104848,0.990342,0,0.64000,-0.19687,38.400,-0.394,400.000,400.000,-1,425.000,-1,325.000,325.000,325.000,300.000,-1,825.000,900.000,-1,-1,-1,-1,-1,1,1,2,0,2,0,0,0,0,2,1,0,2,2,2,2,2
8,-5418.255,-6739.142,213.360,42.215,0.743910,-0.668274,0.002817,0.662245,0.736620,-0.137196,0.089610,0.103927,0.990540,0,0.72000,-0.18986,43.200,-0.380,400.000,375.000,-1,425.000,-1,325.000,325.000,325.000,300.000,-1,875.000,950.000,-1,-1,-1,-1,-1,1,1,2,0,2,0,0,0,0,2,1,0,2,2,2,2,2
9,-5382.499,-6707.118,217.712,41.851,0.748036,-0.663655,0.002127,0.657733,0.740925,-0.135711,0.088490,0.102916,0.990746,0,0.80000,-0.18185,48.000,-0.364,400.000,400.000,-1,450.000,-1,325.000,325.000,325.000,300.000,-1,925.000,1000.000,-1,-1,-1,-1,-1,1,1,2,0,2,0,0,0,0,2,1,0,2,2,2,2,2
10,-5342.956,-6672.129,222.464,41.506,0.751925,-0.659248,0.001461,0.653435,0.744997,-0.134174,0.087366,0.101843,0.990957,0,0.88000,-0.17278,52.800,-0.346,400.000,400.000,-1,475.000,-1,325.000,350.000,325.000,300.000,-1,975.000,-1,-1,-1,-1,-1,-1,1,1,2,0,2,1,0,1,0,2,1,2,2,2,2,2,2
11,-5299.607,-6634.199,227.727,41.180,0.755847,-0.654737,0.003760,0.648981,0.748417,-0.136731,0.086709,0.105788,0.990601,0,0.96000,-0.16261,57.600,-0.325,1000.000,425.000,-1,475.000,-1,350.000,350.000,300.000,300.000,-1,-1,-1,-1,-1,-1,-1,-1,1,0,2,0,2,0,0,1,0,2,2,2,2,2,2,2,2
12,-5256.170,-6596.584,233.192,40.878,0.759749,-0.650164,0.008273,0.644374,0.751159,-0.143327,0.086972,0.114223,0.989641,0,0.95766,-0.15130,57.459,-0.303,-1,475.000,-1,500.000,-1,375.000,375.000,275.000,275.000,-1,-1,-1,-1,-1,-1,-1,-1,2,0,2,0,2,0,0,1,1,2,2,2,2,2,2,2,2
13,-5212.811,-6559.410,237.893,40.598,0.763202,-0.646032,0.012834,0.640528,0.753785,-0.146737,0.085123,0.120210,0.989092,0,0.95189,-0.13976,57.114,-0.280,-1,500.000,-1,525.000,-1,375.000,400.000,250.000,275.000,-1,-1,-1,-1,-1,-1,-1,-1,2,0,2,0,2,0,0,1,1,2,2,2,2,2,2,2,2
14,-5169.584,-6522.690,241.846,40.342,0.766197,-0.642368,0.017489,0.637452,0.756330,-0.147039,0.081225,0.123809,0.988976,0,0.94530,-0.12814,56.718,-0.256,-1,525.000,-1,525.000,-1,400.000,400.000,225.000,275.000,-1,-1,-1,-1,-1,-1,-1,-1,2,0,2,0,2,0,0,1,0,2,2,2,2,2,2,2,2
15,-5126.533,-6486.445,245.046,40.094,0.768915,-0.638958,0.022392,0.634895,0.758962,-0.144516,0.075345,0.125337,0.989249,0,0.93796,-0.12424,56.278,-0.248,-1,525.000,-1,525.000,-1,400.000,400.000,225.000,300.000,-1,-1,-1,-1,-1,-1,-1,-1,2,0,2,0,2,0,0,1,0,2,2,2,2,2,2,2,2
16,-5083.695,-6450.694,247.369,39.850,0.771416,-0.635738,0.027458,0.632694,0.761687,-0.139751,0.067931,0.125178,0.989806,0,0.92995,-0.12182,55.797,-0.244,-1,525.000,-1,525.000,-1,400.000,400.000,200.000,300.000,-1,-1,-1,-1,-1,-1,-1,-1,2,0,2,0,2,0,0,1,0,2,2,2,2,2,2,2,2
17,-5041.102,-6415.454,249.008,39.610,0.773675,-0.632742,0.032642,0.630873,0.764582,-0.131964,0.058541,0.122690,0.990717,0,0.92137,-0.11994,55.282,-0.240,-1,500.000,-1,500.000,-1,400.000,400.000,200.000,300.000,-1,-1,-1,-1,-1,-1,-1,-1,2,0,2,0,2,0,0,1,0,2,2,2,2,2,2,2,2
18,-4998.778,-6380.737,250.001,39.373,0.775722,-0.629930,0.037980,0.629301,0.767632,-0.121332,0.047276,0.118021,0.991885,0,0.91237,-0.11858,54.742,-0.237,-1,475.000,-1,500.000,-1,375.000,375.000,175.000,300.000,-1,-1,-1,-1,-1,-1,-1,-1,2,0,2,0,2,0,0,1,0,2,2,2,2,2,2,2,2
19,-4956.745,-6346.539,251.704,39.137,0.777904,-0.626872,0.043544,0.627206,0.770341,-0.114842,0.038447,0.116647,0.992429,0,0.90313,-0.11776,54.188,-0.236,-1,475.000,-1,500.000,-1,375.000,375.000,175.000,300.000,-1,-1,-1,-1,-1,-1,-1,-1,2,0,2,0,2,0,0,1,0,2,2,2,2,2,2,2,2
20,-4915.009,-6312.865,253.319,38.902,0.780026,-0.623805,0.049263,0.625050,0.773024,-0.108378,0.029525,0.115330,0.992888,0,0.89379,-0.11746,53.628,-0.235,-1,475.000,-1,500.000,-1,375.000,375.000,175.000,325.000,-1,-1,-1,-1,-1,-1,-1,-1,2,0,2,0,2,0,0,1,0,2,2,2,2,2,2,2,2
21,-4873.568,-6279.710,254.846,38.667,0.782095,-0.620716,0.055131,0.622822,0.775693,-0.101946,0.020515,0.114068,0.993261,0,0.88453,-0.11767,53.072,-0.235,-1,450.000,-1,500.000,-1,375.000,375.000,175.000,325.000,-1,-1,-1,-1,-1,-1,-1,-1,2,0,2,0,2,0,0,1,0,2,2,2,2,2,2,2,2
22,-4832.415,-6247.062,256.289,38.430,0.784119,-0.617591,0.061142,0.620505,0.778360,-0.095548,0.011419,0.112860,0.993545,0,0.87550,-0.11837,52.530,-0.237,-1,450.000,-1,500.000,-1,350.000,375.000,175.000,325.000,-1,-1,-1,-1,-1,-1,-1,-1,2,0,2,0,2,0,0,1,0,2,2,2,2,2,2,2,2
23,-4791.542,-6214.899,258.175,38.191,0.785870,-0.613782,0.075371,0.618391,0.780223,-0.094045,-0.001083,0.120516,0.992711,0,0.86684,-0.11955,52.010,-0.239,-1,450.000,-1,475.000,-1,350.000,350.000,200.000,325.000,-1,-1,-1,-1,950.000,-1,-1,-1,2,0,2,0,2,0,0,1,0,2,2,2,2,1,2,2,2
24,-4750.921,-6183.210,259.272,37.949,0.787579,-0.609913,0.087900,0.616103,0.782090,-0.093553,-0.011686,0.127836,0.991726,0,0.85865,-0.12117,51.519,-0.242,-1,425.000,-1,475.000,-1,350.000,350.000,225.000,300.000,-1,-1,-1,-1,900.000,-1,-1,-1,2,0,2,0,2,0,0,1,0,2,2,2,2,1,2,2,2
25,-4710.523,-6151.978,259.739,37.702,0.789345,-0.606121,0.097738,0.613608,0.784160,-0.092618,-0.020504,0.133080,0.990893,0,0.85104,-0.12322,51.062,-0.246,-1,425.000,-1,450.000,-1,350.000,350.000,250.000,300.000,-1,-1,-1,-1,850.000,-1,-1,-1,2,1,2,0,2,0,0,1,0,2,2,2,2,1,2,2,2
26,-4670.319,-6121.179,259.588,37.451,0.791253,-0.602407,0.104998,0.610865,0.786462,-0.091226,-0.027622,0.136322,0.990279,0,0.84407,-0.12567,50.644,-0.251,-1,425.000,-1,450.000,-1,350.000,350.000,275.000,300.000,-1,-1,-1,-1,825.000,-1,-1,-1,2,1,2,0,2,0,0,1,0,2,2,2,2,1,2,2,2
27,-4633.921,-6093.306,258.368,37.440,0.790652,-0.601978,0.111761,0.611340,0.786225,-0.090079,-0.033644,0.139545,0.989644,0,0.76407,-0.00567,45.844,-0.011,-1,425.000,-1,450.000,-1,350.000,350.000,300.000,300.000,-1,-1,-1,-1,775.000,-1,-1,-1,2,1,2,0,2,0,0,1,0,2,2,2,2,1,2,2,2
28,-4598.921,-6066.284,256.761,37.668,0.787704,-0.604960,0.116387,0.614902,0.783620,-0.088514,-0.037656,0.141290,0.989252,0,0.73696,0.11433,44.217,0.229,-1,425.000,-1,450.000,-1,350.000,350.000,325.000,275.000,-1,-1,-1,-1,750.000,1000.000,-1,-1,2,1,2,0,2,0,0,0,0,2,2,2,2,1,0,2,2
29,-4564.304,-6039.104,254.806,38.137,0.782353,-0.611300,0.119314,0.621549,0.778582,-0.086523,-0.040004,0.141851,0.989079,0,0.73356,0.23433,44.013,0.469,-1,425.000,-1,450.000,-1,350.000,350.000,325.000,275.000,-1,-1,-1,-1,725.000,975.000,-1,-1,2,1,2,0,2,0,0,1,0,2,2,2,2,1,0,2,2
30,-4530.138,-6011.591,252.567,38.846,0.774519,-0.620925,0.120713,0.631232,0.771015,-0.084154,-0.040818,0.141377,0.989114,0,0.73113,0.35433,43.868,0.709,-1,425.000,-1,450.000,-1,350.000,350.000,300.000,275.000,700.000,-1,-1,-1,700.000,950.000,-1,-1,2,1,2,0,2,1,0,1,0,1,2,2,2,1,1,2,2
31,-4496.499,-5983.583,250.305,39.782,0.764194,-0.633495,0.121208,0.643733,0.760831,-0.082128,-0.040191,0.140787,0.989224,0,0.72958,0.46814,43.775,0.936,-1,400.000,-1,450.000,-1,350.000,350.000,300.000,300.000,675.000,-1,-1,-1,675.000,925.000,-1,-1,2,1,2,0,2,1,0,1,0,1,2,2,2,1,1,2,2
32,-4459.684,-5951.896,248.637,40.714,0.753463,-0.645566,0.124652,0.656216,0.750162,-0.081467,-0.040917,0.143181,0.988850,0,0.80958,0.46613,48.575,0.932,-1,400.000,-1,450.000,-1,325.000,350.000,275.000,300.000,700.000,-1,-1,-1,650.000,875.000,-1,-1,2,1,2,0,2,1,0,1,0,1,2,2,2,1,1,2,2
33,-4422.169,-5918.526,246.674,41.651,0.742374,-0.657621,0.128122,0.668629,0.739361,-0.079249,-0.042613,0.144499,0.988587,0,0.83684,0.46854,50.210,0.937,-1,375.000,-1,450.000,-1,325.000,350.000,275.000,300.000,700.000,-1,-1,-1,600.000,825.000,-1,-1,2,1,2,0,2,1,1,1,0,1,2,2,2,1,1,2,2
34,-4385.343,-5884.672,244.478,42.593,0.730943,-0.669665,0.131417,0.680942,0.728435,-0.075502,-0.045168,0.144675,0.988448,0,0.83374,0.47083,50.025,0.942,-1,375.000,-1,450.000,-1,300.000,325.000,250.000,300.000,725.000,-1,-1,-1,575.000,750.000,925.000,-1,2,1,2,1,2,1,1,1,0,1,2,2,2,1,1,1,2
35,-4349.224,-5850.354,242.056,43.539,0.719177,-0.681693,0.134460,0.693128,0.717381,-0.070267,-0.048558,0.143733,0.988425,0,0.83040,0.47291,49.824,0.946,-1,350.000,-1,400.000,-1,300.000,325.000,250.000,300.000,725.000,-1,-1,-1,525.000,700.000,775.000,-1,2,1,2,1,2,1,1,1,0,1,2,2,2,1,1,1,2
36,-4313.832,-5815.593,239.256,44.488,0.707131,-0.693635,0.137245,0.705147,0.706136,-0.064336,-0.052288,0.142272,0.988446,0,0.82683,0.47476,49.610,0.950,-1,325.000,-1,375.000,-1,275.000,300.000,225.000,300.000,750.000,-1,-1,-1,500.000,625.000,625.000,-1,2,1,2,1,2,1,1,1,0,1,2,2,2,1,1,1,2
37,-4279.185,-5780.406,236.895,45.441,0.695059,-0.705148,0.140208,0.716945,0.694374,-0.061925,-0.053691,0.143563,0.988184,0,0.82305,0.47639,49.383,0.953,-1,300.000,-1,350.000,-1,275.000,275.000,225.000,300.000,775.000,-1,-1,-1,450.000,575.000,575.000,-1,2,1,2,1,2,1,1,1,0,1,2,2,2,1,1,1,2
38,-4245.296,-5744.816,235.039,46.397,0.682897,-0.716310,0.143359,0.728546,0.682213,-0.061701,-0.053604,0.146579,0.987746,0,0.81910,0.47779,49.146,0.956,-1,300.000,-1,325.000,-1,250.000,275.000,225.000,300.000,800.000,-1,-1,-1,425.000,525.000,525.000,-1,2,1,2,1,2,1,1,1,0,1,2,2,2,1,1,1,2
39,-4208.590,-5705.285,233.041,47.112,0.673687,-0.724206,0.147213,0.737144,0.672686,-0.064132,-0.052583,0.151722,0.987024,0,0.89910,0.35779,53.946,0.716,-1,275.000,-1,300.000,-1,250.000,250.000,225.000,300.000,825.000,-1,-1,-1,400.000,475.000,475.000,-1,2,1,2,1,2,1,1,1,0,1,2,2,2,1,1,1,2
40,-4170.076,-5662.884,230.851,47.734,0.665774,-0.730538,0.151855,0.744499,0.663941,-0.070027,-0.049666,0.159678,0.985919,0,0.95472,0.31099,57.283,0.622,-1,275.000,-1,275.000,-1,225.000,225.000,225.000,300.000,850.000,-1,-1,-1,375.000,450.000,475.000,-1,2,1,2,1,2,1,1,1,0,1,2,2,2,1,1,1,2
41,-4131.718,-5619.736,230.896,48.356,0.659016,-0.737430,0.147970,0.751051,0.655740,-0.076987,-0.040257,0.161869,0.985991,0,0.96226,0.31077,57.736,0.622,-1,250.000,-1,275.000,-1,225.000,225.000,250.000,325.000,850.000,-1,-1,-1,375.000,475.000,600.000,-1,2,1,2,1,2,1,1,1,0,1,2,2,2,1,1,1,2
42,-4093.528,-5575.832,232.298,48.977,0.652810,-0.744535,0.139667,0.757046,0.647746,-0.085477,-0.026828,0.161534,0.986502,0,0.96987,0.31047,58.192,0.621,-1,250.000,-1,250.000,-1,225.000,225.000,250.000,325.000,825.000,-1,-1,-1,350.000,575.000,925.000,-1,2,1,2,1,2,1,1,1,0,1,2,2,2,1,1,1,2
43,-4055.517,-5531.166,234.480,49.597,0.646755,-0.751593,0.129674,0.762618,0.639726,-0.095728,-0.011007,0.160804,0.986925,0,0.97755,0.31009,58.653,0.620,-1,250.000,-1,275.000,-1,225.000,225.000,275.000,350.000,800.000,-1,-1,-1,350.000,-1,-1,-1,2,1,2,1,2,1,1,1,0,1,2,2,2,1,2,2,2
44,-4017.695,-5485.733,237.723,50.216,0.640679,-0.758474,0.119364,0.767782,0.631574,-0.107820,0.006391,0.160724,0.986979,0,0.98529,0.30964,59.117,0.619,-1,250.000,-1,300.000,-1,200.000,200.000,300.000,375.000,800.000,275.000,125.000,-1,425.000,-1,-1,-1,2,1,2,1,2,1,1,1,0,1,0,0,2,1,2,2,2
45,-9237.957,-7402.741,334.767,90.821,-0.008763,-0.996894,0.078271,0.997423,-0.014288,-0.070311,0.071211,0.077453,0.994450,1,0.00000,0.00000,59.585,0.618,-1,375.000,-1,-1,-1,350.000,400.000,425.000,350.000,-1,-1,-1,-1,725.000,-1,-1,-1,2,1,2,2,2,1,1,0,1,2,2,2,2,0,2,2,2
46,-9238.006,-7397.942,335.198,90.581,-0.004573,-0.996888,0.078694,0.997486,-0.010112,-0.070136,0.070714,0.078175,0.994429,0,0.08000,-0.12000,4.800,-0.240,-1,375.000,-1,-1,-1,350.000,400.000,425.000,350.000,-1,-1,-1,-1,725.000,-1,-1,-1,2,1,2,2,2,1,1,0,1,2,2,2,2,0,2,2,2
47,-9238.024,-7388.341,335.955,90.101,0.003755,-0.996855,0.079160,0.997581,-0.001760,-0.069485,0.069406,0.079229,0.994437,0,0.16000,-0.24000,9.600,-0.480,-1,375.000,-1,-1,-1,350.000,400.000,425.000,350.000,-1,-1,-1,-1,700.000,-1,-1,-1,2,1,2,2,2,1,1,0,1,2,2,2,2,0,2,2,2
48,-9237.870,-7373.942,337.049,89.381,0.016232,-0.996679,0.079797,0.997596,0.010765,-0.068461,0.067374,0.080717,0.994457,0,0.24000,-0.36000,14.400,-0.720,-1,375.000,-1,-1,-1,350.000,425.000,450.000,350.000,-1,-1,-1,-1,675.000,-1,-1,-1,2,1,2,2,2,1,1,0,1,2,2,2,2,0,2,2,2
49,-9237.342,-7354.749,338.403,88.421,0.032849,-0.996219,0.080427,0.997359,0.027459,-0.067234,0.064771,0.082423,0.994490,0,0.32000,-0.48000,19.200,-0.960,-1,400.000,-1,-1,-1,350.000,425.000,450.000,350.000,-1,-1,-1,-1,675.000,-1,-1,-1,2,1,2,2,2,1,1,0,1,2,2,2,2,1,2,2,2
50,-9236.234,-7330.774,340.062,87.349,0.051365,-0.995367,0.081273,0.996787,0.046089,-0.065512,0.061462,0.084377,0.994537,0,0.40000,-0.53613,24.000,-1.072,-1,400.000,-1,-1,-1,375.000,450.000,450.000,375.000,-1,-1,-1,-1,700.000,-1,-1,-1,2,1,2,2,2,1,1,0,1,2,2,2,2,1,2,2,2
51,-9234.358,-7302.034,342.020,86.261,0.070071,-0.994134,0.082386,0.995886,0.064959,-0.063172,0.057450,0.086473,0.994596,0,0.48000,-0.54373,28.800,-1.087,-1,400.000,-1,-1,-1,375.000,475.000,450.000,400.000,-1,-1,-1,-1,700.000,-1,-1,-1,2,1,2,2,2,1,1,0,1,2,2,2,2,1,2,2,2
52,-9231.518,-7268.554,344.243,85.150,0.089100,-0.992490,0.083811,0.994630,0.084213,-0.060153,0.052643,0.088721,0.994664,0,0.56000,-0.55569,33.600,-1.111,-1,425.000,-1,-1,-1,400.000,500.000,450.000,425.000,-1,-1,-1,-1,725.000,-1,-1,-1,2,1,2,2,2,1,1,0,1,2,2,2,2,1,2,2,2
53,-9227.509,-7230.364,346.671,84.005,0.108562,-0.990401,0.085558,0.993002,0.104016,-0.055932,0.046495,0.091031,0.994762,0,0.64000,-0.57275,38.400,-1.145,-1,425.000,-1,-1,-1,425.000,550.000,450.000,475.000,-1,-1,-1,-1,775.000,-1,-1,-1,2,1,2,2,2,1,1,0,1,2,2,2,2,1,2,2,2
54,-9222.221,-7187.488,348.733,82.968,0.125925,-0.988182,0.087405,0.991283,0.121899,-0.049982,0.038737,0.092937,0.994918,0,0.72000,-0.51843,43.200,-1.037,-1,425.000,-1,-1,-1,425.000,575.000,450.000,525.000,-1,-1,-1,-1,825.000,-1,-1,-1,2,1,2,2,2,1,1,0,1,2,2,2,2,1,2,2,2
55,4919.679,-3607.654,126.536,-0.345,0.925138,0.005986,-0.379584,0.038783,0.993154,0.110186,0.377645,-0.116658,0.918572,1,0.00000,0.00000,48.000,-1.102,-1,225.000,250.000,150.000,275.000,150.000,125.000,525.000,-1,300.000,25.000,50.000,650.000,-1,200.000,-1,225.000,2,1,1,1,1,1,1,1,2,0,0,0,1,2,1,2,1
56,-4267.278,6234.387,126.620,-38.855,0.776238,0.626319,0.071966,-0.628747,0.777453,0.015616,-0.046170,-0.057370,0.997285,1,-0.08000,0.12000,-4.800,0.240,-1,450.000,-1,425.000,-1,350.000,350.000,275.000,275.000,-1,-1,-1,-1,-1,-1,-1,-1,2,0,2,0,2,0,0,0,0,2,2,2,2,2,2,2,2
57,-4274.805,6240.346,127.049,-38.375,0.781554,0.619803,0.070838,-0.622189,0.782697,0.016329,-0.045324,-0.056836,0.997354,0,-0.16000,0.24000,-9.600,0.480,-1,450.000,-1,425.000,-1,350.000,350.000,275.000,275.000,-1,-1,-1,-1,-1,-1,-1,-1,2,0,2,0,2,0,0,0,0,2,2,2,2,2,2,2,2
58,-4286.206,6249.143,127.689,-37.655,0.789421,0.609945,0.069151,-0.612270,0.790457,0.017403,-0.044045,-0.056077,0.997454,0,-0.24000,0.36000,-14.400,0.720,-1,450.000,-1,425.000,-1,350.000,350.000,275.000,275.000,-1,-1,-1,-1,-1,-1,-1,-1,2,0,2,0,2,0,0,0,0,2,2,2,2,2,2,2,2
59,-4301.602,6260.616,128.534,-36.695,0.799710,0.596647,0.066910,-0.598893,0.800607,0.018843,-0.042326,-0.055141,0.997581,0,-0.32000,0.48000,-19.200,0.960,-1,450.000,-1,425.000,-1,350.000,350.000,275.000,275.000,-1,-1,-1,-1,-1,-1,-1,-1,2,0,2,0,2,0,0,0,0,2,2,2,2,2,2,2,2
60,-4321.126,6274.574,129.579,-35.565,0.811530,0.580779,0.064144,-0.582932,0.812258,0.020652,-0.040107,-0.054151,0.997727,0,-0.40000,0.56481,-24.000,1.130,-1,450.000,-1,450.000,-1,375.000,350.000,275.000,275.000,-1,-1,-1,-1,-1,-1,-1,-1,2,0,2,0,2,0,0,0,0,2,2,2,2,2,2,2,2
61,-4342.860,6289.475,130.711,-34.437,0.823032,0.564693,0.061156,-0.566751,0.823578,0.022648,-0.037578,-0.053301,0.997871,0,-0.43917,0.56430,-26.350,1.129,-1,475.000,-1,450.000,-1,375.000,350.000,250.000,275.000,-1,-1,-1,-1,-1,-1,-1,-1,2,0,2,0,2,0,0,0,0,2,2,2,2,2,2,2,2
62,-4364.898,6303.956,131.818,-33.309,0.834190,0.548400,0.058183,-0.550364,0.834561,0.024652,-0.035038,-0.052586,0.998002,0,-0.43949,0.56371,-26.369,1.127,-1,475.000,-1,450.000,-1,375.000,375.000,250.000,275.000,-1,-1,-1,-1,-1,-1,-1,-1,2,0,2,0,2,0,0,0,0,2,2,2,2,2,2,2,2
63,-4387.233,6318.011,132.901,-32.183,0.845000,0.531907,0.055224,-0.533778,0.845204,0.026660,-0.032494,-0.052005,0.998118,0,-0.43981,0.56310,-26.389,1.126,-1,475.000,-1,450.000,-1,375.000,375.000,250.000,275.000,-1,-1,-1,-1,-1,-1,-1,-1,2,0,2,0,2,0,0,0,0,2,2,2,2,2,2,2,2
64,-4409.857,6331.635,133.963,-31.058,0.855460,0.515223,0.052279,-0.517002,0.855504,0.028672,-0.029953,-0.051556,0.998221,0,-0.44014,0.56247,-26.409,1.125,-1,475.000,-1,450.000,-1,375.000,375.000,250.000,275.000,-1,-1,-1,-1,-1,-1,-1,-1,2,0,2,0,2,0,0,0,0,2,2,2,2,2,2,2,2
65,-4434.511,6345.832,134.951,-29.937,0.865547,0.498401,0.049250,-0.500069,0.865458,0.030226,-0.027559,-0.050790,0.998329,0,-0.47414,0.56071,-28.448,1.121,-1,475.000,-1,475.000,-1,375.000,375.000,250.000,275.000,-1,-1,-1,-1,-1,-1,-1,-1,2,0,2,0,2,0,0,0,0,2,2,2,2,2,2,2,2
66,-4459.588,6359.630,135.845,-28.823,0.875218,0.481506,0.046309,-0.483062,0.875021,0.031451,-0.025377,-0.049896,0.998432,0,-0.47704,0.55687,-28.623,1.114,-1,475.000,-1,475.000,-1,375.000,375.000,250.000,275.000,-1,-1,-1,-1,-1,-1,-1,-1,2,0,2,0,2,0,0,0,0,2,2,2,2,2,2,2,2
67,-4485.084,6373.025,136.711,-27.717,0.884484,0.464545,0.043417,-0.465992,0.884186,0.032655,-0.023219,-0.049115,0.998523,0,-0.48001,0.55298,-28.800,1.106,-1,475.000,-1,475.000,-1,375.000,375.000,250.000,275.000,-1,-1,-1,-1,-1,-1,-1,-1,2,0,2,0,2,0,0,0,0,2,2,2,2,2,2,2,2
68,-4510.995,6386.010,137.551,-26.619,0.893348,0.447530,0.040578,-0.448871,0.892956,0.033840,-0.021090,-0.048445,0.998603,0,-0.48303,0.54904,-28.982,1.098,-1,475.000,-1,475.000,-1,375.000,375.000,250.000,275.000,-1,-1,-1,-1,-1,-1,-1,-1,2,0,2,0,2,0,0,0,0,2,2,2,2,2,2,2,2
69,-4537.315,6398.580,138.275,-25.529,0.901824,0.430480,0.037412,-0.431696,0.901347,0.034821,-0.018732,-0.047553,0.998693,0,-0.48612,0.54504,-29.167,1.090,-1,475.000,-1,475.000,-1,375.000,375.000,250.000,275.000,-1,-1,-1,-1,-1,-1,-1,-1,2,0,2,0,2,0,0,0,0,2,2,2,2,2,2,2,2
70,-4564.040,6410.728,138.885,-24.447,0.909915,0.413405,0.033929,-0.414480,0.909363,0.035575,-0.016147,-0.046433,0.998791,0,-0.48926,0.54100,-29.356,1.082,-1,475.000,-1,475.000,-1,375.000,375.000,250.000,275.000,-1,-1,-1,-1,-1,-1,-1,-1,2,0,2,0,2,0,0,0,0,2,2,2,2,2,2,2,2
71,-4591.164,6422.449,139.476,-23.373,0.917610,0.396308,0.030533,-0.397250,0.916993,0.036290,-0.013617,-0.045430,0.998875,0,-0.49246,0.53690,-29.548,1.074,-1,475.000,-1,475.000,-1,375.000,375.000,275.000,275.000,-1,-1,-1,-1,-1,-1,-1,-1,2,0,2,0,2,0,0,0,0,2,2,2,2,2,2,2,2
72,-4618.682,6433.739,140.050,-22.308,0.924913,0.379203,0.027224,-0.380016,0.924241,0.036967,-0.011143,-0.044537,0.998946,0,-0.49572,0.53276,-29.743,1.066,-1,475.000,-1,475.000,-1,375.000,375.000,275.000,275.000,-1,-1,-1,-1,-1,-1,-1,-1,2,0,2,0,2,0,0,0,0,2,2,2,2,2,2,2,2
73,-4646.589,6444.591,140.608,-21.251,0.931830,0.362100,0.024001,-0.362789,0.931112,0.037606,-0.008730,-0.043750,0.999004,0,-0.49904,0.52856,-29.942,1.057,-1,475.000,-1,475.000,-1,375.000,375.000,275.000,275.000,-1,-1,-1,-1,-1,-1,-1,-1,2,0,2,0,2,0,0,0,0,2,2,2,2,2,2,2,2
74,-4674.879,6455.000,140.998,-20.202,0.938355,0.345000,0.021549,-0.345603,0.937586,0.038622,-0.006880,-0.043688,0.999022,0,-0.50241,0.52432,-30.145,1.049,-1,450.000,-1,475.000,-1,375.000,375.000,275.000,275.000,-1,-1,-1,-1,-1,-1,-1,-1,2,0,2,0,2,0,0,0,0,2,2,2,2,2,2,2,2
75,-4703.548,6464.963,141.163,-19.162,0.944494,0.327911,0.020113,-0.328477,0.943655,0.040219,-0.005791,-0.044593,0.998988,0,-0.50584,0.52002,-30.350,1.040,-1,450.000,-1,475.000,-1,375.000,375.000,275.000,275.000,-1,-1,-1,-1,-1,-1,-1,-1,2,0,2,0,2,0,0,0,0,2,2,2,2,2,2,2,2
76,-4732.590,6474.473,141.493,-18.131,0.950261,0.310869,0.019077,-0.311408,0.949393,0.040972,-0.005374,-0.044875,0.998978,0,-0.50931,0.51567,-30.559,1.031,-1,450.000,-1,475.000,-1,375.000,375.000,275.000,275.000,-1,1000.000,-1,-1,-1,-1,-1,-1,2,0,2,0,2,0,0,0,0,2,0,2,2,2,2,2,2
77,-4761.999,6483.525,141.829,-17.108,0.955672,0.293873,0.018182,-0.294391,0.954776,0.041666,-0.005115,-0.045172,0.998966,0,-0.51284,0.51127,-30.771,1.023,-1,450.000,-1,475.000,-1,350.000,375.000,275.000,275.000,-1,950.000,-1,-1,-1,-1,-1,-1,2,0,2,0,2,0,0,0,0,2,0,2,2,2,2,2,2
78,-4791.770,6492.115,142.161,-16.094,0.960732,0.276932,0.017404,-0.277434,0.959810,0.042367,-0.004971,-0.045532,0.998951,0,-0.51642,0.50683,-30.985,1.014,-1,425.000,-1,475.000,-1,350.000,375.000,275.000,275.000,-1,900.000,-1,-1,1000.000,-1,-1,-1,2,0,2,0,2,0,0,0,0,2,0,2,2,0,2,2,2
79,-4817.025,6499.034,142.433,-15.321,0.964392,0.263942,0.016826,-0.264433,0.963445,0.042991,-0.004864,-0.045909,0.998934,0,-0.43642,0.38683,-26.185,0.774,-1,425.000,-1,450.000,-1,350.000,350.000,275.000,275.000,-1,850.000,-1,-1,975.000,-1,-1,-1,2,0,2,0,2,0,0,0,0,2,1,2,2,0,2,2,2
80,-4837.702,6504.492,142.647,-14.787,0.966814,0.254953,0.016398,-0.255436,0.965845,0.043538,-0.004737,-0.046282,0.998917,0,-0.35642,0.26683,-21.385,0.534,-1,425.000,-1,450.000,-1,350.000,350.000,275.000,250.000,-1,850.000,-1,-1,950.000,-1,-1,-1,2,0,2,0,2,0,0,0,0,2,1,2,2,0,2,2,2
81,-4853.760,6508.643,142.808,-14.493,0.968113,0.249995,0.016080,-0.250471,0.967123,0.044008,-0.004550,-0.046633,0.998902,0,-0.27642,0.14683,-16.585,0.294,-1,425.000,-1,450.000,-1,350.000,350.000,275.000,275.000,-1,850.000,-1,-1,950.000,-1,-1,-1,2,0,2,0,2,0,0,0,0,2,1,2,2,0,2,2,2
82,-4865.180,6511.553,142.919,-14.294,0.968981,0.246627,0.015868,-0.247097,0.967975,0.044345,-0.004423,-0.046891,0.998890,0,-0.19642,0.09965,-11.785,0.199,-1,425.000,-1,450.000,-1,325.000,350.000,275.000,275.000,-1,850.000,-1,-1,925.000,-1,-1,-1,2,0,2,0,2,0,0,0,0,2,1,2,2,0,2,2,2
83,-4871.955,6513.254,142.985,-14.098,0.969819,0.243315,0.015758,-0.243784,0.968807,0.044515,-0.004435,-0.047013,0.998884,0,-0.11642,0.09793,-6.985,0.196,-1,400.000,-1,450.000,-1,325.000,350.000,275.000,275.000,-1,850.000,-1,-1,925.000,-1,-1,-1,2,0,2,0,2,0,0,0,0,2,1,2,2,0,2,2,2
84,-4874.077,6513.780,143.006,-13.904,0.970636,0.240036,0.015742,-0.240508,0.969626,0.044516,-0.004579,-0.046995,0.998885,0,-0.03642,0.09692,-2.185,0.194,-1,400.000,-1,450.000,-1,325.000,350.000,275.000,275.000,-1,850.000,-1,-1,925.000,-1,-1,-1,2,0,2,0,2,0,0,0,0,2,1,2,2,0,2,2,2
85,-4871.537,6513.160,142.981,-13.711,0.971438,0.236767,0.015818,-0.237245,0.970437,0.044349,-0.004850,-0.046835,0.998891,0,0.04358,0.09660,2.615,0.193,-1,400.000,-1,450.000,-1,325.000,350.000,275.000,275.000,-1,875.000,-1,-1,925.000,-1,-1,-1,2,0,2,0,2,0,0,0,0,2,1,2,2,0,2,2,2
86,-4864.327,6511.427,142.909,-13.517,0.972229,0.233484,0.015986,-0.233972,0.971247,0.044011,-0.005251,-0.046529,0.998903,0,0.12358,0.09698,7.415,0.194,-1,400.000,-1,450.000,-1,325.000,350.000,275.000,275.000,-1,900.000,-1,-1,925.000,-1,-1,-1,2,0,2,0,2,0,0,0,0,2,1,2,2,0,2,2,2
87,-4852.441,6508.612,142.787,-13.321,0.973016,0.230163,0.016253,-0.230663,0.972061,0.043499,-0.005787,-0.046075,0.998921,0,0.20358,0.09807,12.215,0.196,-1,425.000,-1,450.000,-1,350.000,350.000,275.000,275.000,-1,925.000,-1,-1,925.000,-1,-1,-1,2,0,2,0,2,0,0,0,0,2,1,2,2,0,2,2,2
88,-4835.871,6504.749,142.610,-13.121,0.973804,0.226779,0.016628,-0.227296,0.972884,0.042812,-0.006468,-0.045470,0.998945,0,0.28358,0.09986,17.015,0.200,-1,425.000,-1,450.000,-1,350.000,350.000,275.000,275.000,-1,950.000,-1,-1,925.000,-1,-1,-1,2,0,2,0,2,0,0,0,0,2,1,2,2,0,2,2,2
89,-4814.608,6499.873,142.374,-12.917,0.974597,0.223309,0.017126,-0.223846,0.973722,0.041944,-0.007309,-0.044712,0.998973,0,0.36358,0.10236,21.815,0.205,-1,425.000,-1,450.000,-1,350.000,350.000,275.000,275.000,-1,1000.000,-1,-1,925.000,-1,-1,-1,2,0,2,0,2,0,0,0,0,2,1,2,2,0,2,2,2
90,-4788.646,6494.019,142.072,-12.705,0.975399,0.219728,0.017763,-0.220288,0.974577,0.040892,-0.008327,-0.043799,0.999006,0,0.44358,0.10559,26.615,0.211,-1,425.000,-1,475.000,-1,350.000,350.000,275.000,275.000,-1,-1,-1,-1,925.000,-1,-1,-1,2,0,2,0,2,0,0,0,0,2,2,2,2,0,2,2,2
91,-4757.974,6487.226,141.698,-12.486,0.976215,0.216010,0.018563,-0.216596,0.975456,0.039651,-0.009542,-0.042728,0.999041,0,0.52358,0.10954,31.415,0.219,-1,425.000,-1,475.000,-1,350.000,375.000,275.000,275.000,-1,-1,-1,-1,950.000,-1,-1,-1,2,0,2,0,2,0,0,0,0,2,2,2,2,0,2,2,2
92,-4722.585,6479.537,141.243,-12.258,0.977046,0.212130,0.019547,-0.212745,0.976360,0.038217,-0.010978,-0.041498,0.999078,0,0.60358,0.11423,36.215,0.228,-1,425.000,-1,475.000,-1,350.000,375.000,275.000,275.000,-1,-1,-1,-1,950.000,-1,-1,-1,2,0,2,0,2,0,0,0,0,2,2,2,2,0,2,2,2
93,-4684.789,6471.489,140.731,-12.019,0.977897,0.208061,0.020675,-0.208707,0.977290,0.036675,-0.012575,-0.040180,0.999113,0,0.64406,0.11966,38.644,0.239,-1,425.000,-1,500.000,-1,350.000,375.000,275.000,275.000,-1,-1,-1,-1,975.000,-1,-1,-1,2,0,2,0,2,0,0,0,0,2,2,2,2,0,2,2,2
94,-4646.722,6463.559,140.257,-11.768,0.978766,0.203791,0.022046,-0.204468,0.978254,0.034801,-0.014475,-0.038570,0.999151,0,0.64807,0.12549,38.884,0.251,-1,450.000,-1,500.000,-1,375.000,375.000,275.000,275.000,-1,-1,-1,-1,975.000,-1,-1,-1,2,0,2,0,2,0,0,0,0,2,2,2,2,0,2,2,2
95,-4608.377,6455.754,139.523,-11.505,0.979618,0.199308,0.025015,-0.200081,0.979204,0.033564,-0.017805,-0.037885,0.999123,0,0.65219,0.13138,39.131,0.263,-1,450.000,-1,500.000,-1,375.000,375.000,275.000,275.000,-1,-1,-1,-1,975.000,-1,-1,-1,2,0,2,0,2,0,0,0,0,2,2,2,2,0,2,2,2
96,-4569.746,6448.084,138.628,-11.230,0.980466,0.194612,0.028505,-0.195504,0.980155,0.032790,-0.021558,-0.037723,0.999056,0,0.65641,0.13734,39.385,0.275,-1,425.000,-1,500.000,-1,375.000,375.000,275.000,275.000,-1,-1,-1,-1,950.000,-1,-1,-1,2,0,2,0,2,0,0,0,0,2,2,2,2,0,2,2,2
97,-4530.822,6440.557,137.374,-10.943,0.981340,0.189714,0.031311,-0.190671,0.981162,0.031064,-0.024828,-0.036454,0.999027,0,0.66075,0.14336,39.645,0.287,-1,425.000,-1,500.000,-1,375.000,400.000,275.000,275.000,-1,-1,-1,-1,925.000,-1,-1,-1,2,0,2,0,2,0,0,0,0,2,2,2,2,0,2,2,2
98,-4491.597,6433.184,135.512,-10.645,0.982198,0.184614,0.034717,-0.185585,0.982252,0.027183,-0.029082,-0.033142,0.999027,0,0.66519,0.14945,39.911,0.299,-1,425.000,-1,500.000,-1,375.000,375.000,275.000,275.000,-1,-1,-1,-1,925.000,-1,-1,-1,2,0,2,0,2,0,0,0,0,2,2,2,2,0,2,2,2
99,-4452.065,6425.974,133.581,-10.333,0.983056,0.179296,0.038127,-0.180252,0.983344,0.023304,-0.033314,-0.029781,0.999001,0,0.66973,0.15560,40.184,0.311,-1,425.000,-1,500.000,-1,350.000,375.000,275.000,275.000,-1,-1,-1,-1,900.000,-1,-1,-1,2,0,2,0,2,0,0,0,0,2,2,2,2,0,2,2,2
100,-4412.219,6418.940,131.580,-10.010,0.983912,0.173755,0.041542,-0.174668,0.984436,0.019426,-0.037520,-0.026369,0.998948,0,0.67437,0.16182,40.462,0.324,-1,425.000,-1,475.000,-1,350.000,375.000,275.000,275.000,-1,-1,-1,-1,900.000,-1,-1,-1,2,0,2,0,2,0,0,0,0,2,2,2,2,0,2,2,2
101,-4372.052,6412.092,129.560,-9.674,0.984755,0.167989,0.045129,-0.168839,0.985519,0.015701,-0.041838,-0.023081,0.998858,0,0.67910,0.16810,40.746,0.336,-1,425.000,-1,475.000,-1,350.000,375.000,275.000,275.000,-1,-1,-1,-1,875.000,-1,-1,-1,2,0,2,0,2,0,0,0,0,2,2,2,2,0,2,2,2
102,-4331.559,6405.442,127.485,-9.325,0.985586,0.161996,0.048767,-0.162757,0.986593,0.012025,-0.046165,-0.019788,0.998738,0,0.68392,0.17445,41.035,0.349,-1,425.000,-1,475.000,-1,350.000,375.000,275.000,275.000,-1,-1,-1,-1,850.000,-1,-1,-1,2,0,2,0,2,0,0,0,0,2,2,2,2,0,2,2,2
103,-4290.733,6399.002,125.345,-8.963,0.986402,0.155774,0.052408,-0.156416,0.987656,0.008357,-0.050459,-0.016441,0.998591,0,0.68884,0.18087,41.330,0.362,-1,425.000,-1,475.000,-1,350.000,375.000,275.000,275.000,-1,-1,-1,-1,850.000,-1,-1,-1,2,0,2,0,2,0,0,0,0,2,2,2,2,0,2,2,2
104,-4249.569,6392.785,123.139,-8.588,0.987199,0.149319,0.056051,-0.149813,0.988703,0.004699,-0.054716,-0.013036,0.998417,0,0.69384,0.18735,41.630,0.375,-1,400.000,-1,475.000,-1,350.000,375.000,275.000,250.000,-1,-1,-1,-1,825.000,-1,-1,-1,2,0,2,0,2,0,0,0,0,2,2,2,2,0,2,2,2
105,-4204.583,6386.359,120.678,-8.128,0.988136,0.141374,0.060002,-0.141674,0.989913,0.000744,-0.059292,-0.009236,0.998198,0,0.75736,0.23024,45.442,0.460,-1,400.000,-1,450.000,-1,350.000,375.000,275.000,275.000,-1,-1,-1,-1,800.000,-1,-1,-1,2,0,2,0,2,0,0,0,0,2,2,2,2,0,2,2,2
106,-4159.192,6380.248,118.144,-7.667,0.988995,0.133412,0.063949,-0.133482,0.991046,-0.003197,-0.063803,-0.005374,0.997948,0,0.76332,0.23039,45.799,0.461,-1,400.000,-1,450.000,-1,350.000,350.000,275.000,275.000,-1,-1,-1,-1,800.000,-1,-1,-1,2,0,2,0,2,0,0,0,0,2,2,2,2,0,2,2,2
107,-4113.396,6374.457,115.539,-7.206,0.989776,0.125437,0.067893,-0.125243,0.992101,-0.007126,-0.068250,-0.001450,0.997667,0,0.76933,0.23046,46.160,0.461,-1,400.000,-1,450.000,-1,350.000,350.000,275.000,275.000,-1,-1,-1,-1,775.000,1000.000,-1,-1,2,0,2,0,2,0,0,0,0,2,2,2,2,0,1,2,2
108,-4067.194,6368.992,112.867,-6.745,0.990477,0.117452,0.071831,-0.116959,0.993075,-0.011043,-0.072631,0.002537,0.997356,0,0.77540,0.23045,46.524,0.461,-1,400.000,-1,450.000,-1,350.000,350.000,275.000,275.000,-1,-1,-1,-1,775.000,950.000,-1,-1,2,0,2,0,2,0,0,0,0,2,2,2,2,0,1,2,2
109,-4023.676,6364.383,110.322,-6.044,0.991569,0.105293,0.075530,-0.104481,0.994419,-0.014643,-0.076650,0.006628,0.997036,0,0.72934,0.35045,43.761,0.701,-1,400.000,-1,450.000,-1,325.000,350.000,275.000,275.000,-1,-1,-1,-1,750.000,900.000,-1,-1,2,0,2,0,2,0,0,0,0,2,2,2,2,0,1,2,2
110,-3979.743,6360.460,107.731,-5.103,0.992880,0.088946,0.079237,-0.087773,0.995975,-0.018174,-0.080534,0.011089,0.996690,0,0.73511,0.47045,44.106,0.941,1000.000,400.000,-1,425.000,-1,325.000,350.000,275.000,275.000,-1,-1,-1,-1,725.000,850.000,-1,-1,0,0,2,0,2,0,0,0,0,2,2,2,2,0,1,2,2
111,-3935.392,6357.419,104.719,-3.922,0.994266,0.068398,0.082198,-0.066970,0.997554,-0.020013,-0.083366,0.014393,0.996415,0,0.74092,0.59045,44.455,1.181,950.000,375.000,-1,425.000,-1,325.000,350.000,275.000,275.000,-1,-1,-1,-1,700.000,800.000,-1,1000.000,0,0,2,0,2,0,0,0,0,2,2,2,2,1,1,2,1
112,-3890.628,6355.463,100.958,-2.501,0.995567,0.043638,0.083317,-0.041884,0.998865,-0.022681,-0.084212,0.019091,0.996265,0,0.74676,0.71045,44.806,1.421,925.000,375.000,-1,425.000,-1,325.000,350.000,275.000,275.000,-1,-1,-1,-1,675.000,750.000,-1,925.000,0,0,2,0,2,0,0,0,0,2,2,2,2,1,1,2,1
113,-3845.477,6354.801,97.089,-0.841,0.996356,0.014666,0.084023,-0.012543,0.999590,-0.025744,-0.084366,0.024596,0.996131,0,0.75260,0.83045,45.156,1.661,875.000,375.000,1000.000,425.000,950.000,325.000,350.000,300.000,275.000,-1,-1,-1,-1,675.000,700.000,-1,850.000,0,0,1,0,1,0,0,0,0,2,2,2,2,1,1,2,1
114,-3799.982,6355.645,93.206,1.060,0.996236,-0.018496,0.084686,0.021015,0.999360,-0.028944,-0.084097,0.030614,0.995987,0,0.75838,0.95045,45.503,1.901,850.000,375.000,950.000,425.000,875.000,325.000,350.000,300.000,275.000,-1,-1,-1,-1,650.000,650.000,-1,800.000,0,0,1,0,1,0,0,0,0,2,2,2,2,1,1,2,1
115,-3754.205,6358.079,89.316,3.042,0.994942,-0.053029,0.085311,0.055955,0.997912,-0.032267,-0.083422,0.036878,0.995832,0,0.76404,0.99078,45.843,1.982,825.000,375.000,950.000,425.000,800.000,325.000,325.000,300.000,300.000,-1,-1,-1,-1,625.000,625.000,1000.000,725.000,0,0,1,0,1,0,0,0,0,2,2,2,2,1,1,0,1
116,-3708.210,6362.117,85.432,5.015,0.992468,-0.087329,0.085908,0.090663,0.995241,-0.035704,-0.082381,0.043224,0.995663,0,0.76953,0.98639,46.172,1.973,800.000,375.000,925.000,425.000,725.000,325.000,325.000,300.000,300.000,-1,-1,-1,-1,600.000,575.000,950.000,650.000,0,0,1,0,1,0,0,0,0,2,2,2,2,1,1,0,1
117,-3662.068,6367.767,81.572,6.977,0.988836,-0.121329,0.086499,0.125074,0.991371,-0.039251,-0.080990,0.049631,0.995478,0,0.77478,0.98141,46.487,1.963,775.000,375.000,925.000,425.000,650.000,325.000,325.000,300.000,300.000,-1,-1,-1,1000.000,600.000,550.000,900.000,600.000,0,0,1,1,1,0,0,0,0,2,2,2,0,1,1,0,1
118,-3615.851,6375.032,77.755,8.929,0.984072,-0.154967,0.087105,0.159120,0.986327,-0.042902,-0.079265,0.056079,0.995275,0,0.77975,0.97579,46.785,1.952,750.000,375.000,925.000,400.000,575.000,300.000,325.000,300.000,300.000,-1,-1,-1,950.000,575.000,500.000,850.000,550.000,0,0,1,1,1,0,0,0,0,2,2,2,0,1,1,0,1
119,-3569.635,6383.909,74.000,10.868,0.978207,-0.188179,0.087749,0.192736,0.980141,-0.046651,-0.077228,0.062547,0.995050,0,0.78436,0.96951,47.062,1.939,725.000,375.000,950.000,375.000,500.000,300.000,325.000,300.000,300.000,-1,-1,-1,925.000,575.000,475.000,800.000,475.000,0,0,1,1,1,0,1,0,0,2,2,2,0,1,1,0,1
120,-3523.500,6394.390,70.328,12.793,0.971276,-0.220904,0.088454,0.225860,0.972851,-0.050485,-0.074900,0.069013,0.994800,0,0.78853,0.96253,47.312,1.925,700.000,350.000,-1,350.000,450.000,300.000,300.000,300.000,300.000,-1,-1,-1,900.000,575.000,425.000,775.000,425.000,0,1,2,1,1,0,1,0,0,2,2,2,0,1,1,0,1
121,-3477.527,6406.458,67.044,14.703,0.963415,-0.253101,0.088155,0.258309,0.964575,-0.053579,-0.071471,0.074390,0.994665,0,0.79218,0.95481,47.531,1.910,700.000,350.000,-1,325.000,375.000,300.000,300.000,300.000,300.000,-1,-1,500.000,925.000,600.000,400.000,750.000,375.000,0,1,2,1,1,1,1,0,0,2,2,0,0,0,1,0,1
122,-3431.805,6420.090,63.965,16.595,0.954604,-0.284709,0.087585,0.290113,0.955318,-0.056578,-0.067564,0.079419,0.994549,0,0.79522,0.94631,47.713,1.893,675.000,350.000,-1,300.000,325.000,275.000,275.000,300.000,300.000,-1,-1,475.000,925.000,575.000,400.000,725.000,325.000,0,1,2,1,1,1,1,0,0,2,2,0,0,0,1,0,1
123,-3386.421,6435.253,61.053,18.469,0.944875,-0.315671,0.086964,0.321241,0.945118,-0.059638,-0.063365,0.084287,0.994425,0,0.79752,0.93700,47.851,1.874,675.000,350.000,-1,275.000,275.000,275.000,250.000,300.000,300.000,-1,-1,450.000,925.000,575.000,375.000,725.000,275.000,0,1,2,1,1,1,1,0,0,2,2,0,0,0,1,0,1
124,-3341.470,6451.907,58.373,20.323,0.934276,-0.345941,0.086332,0.351636,0.934044,-0.062564,-0.058994,0.088809,0.994300,0,0.79898,0.92684,47.939,1.854,675.000,350.000,-1,250.000,225.000,275.000,250.000,300.000,300.000,-1,650.000,425.000,950.000,575.000,350.000,700.000,250.000,0,1,2,1,1,1,1,0,0,2,0,0,0,0,1,0,1
125,-3297.043,6469.990,59.988,22.155,0.924079,-0.375960,0.068792,0.379841,0.923347,-0.056131,-0.042416,0.077999,0.996051,0,0.79948,0.91581,47.969,1.832,725.000,375.000,-1,275.000,225.000,275.000,250.000,300.000,325.000,-1,450.000,350.000,1000.000,600.000,375.000,775.000,250.000,0,0,2,1,1,1,1,0,0,2,0,0,0,0,1,0,1
126,-3253.242,6489.452,61.275,23.962,0.912713,-0.405170,0.052847,0.407702,0.911632,-0.052019,-0.027101,0.069024,0.997247,0,0.79887,0.90389,47.932,1.808,775.000,375.000,-1,275.000,225.000,300.000,275.000,275.000,375.000,-1,325.000,300.000,-1,625.000,425.000,875.000,250.000,0,0,2,1,1,1,1,0,0,2,0,0,2,0,1,0,1
127,-3210.167,6510.221,62.301,25.745,0.900314,-0.433519,0.038688,0.435050,0.898993,-0.050428,-0.012919,0.062232,0.997978,0,0.79704,0.89106,47.823,1.782,825.000,400.000,-1,300.000,225.000,325.000,275.000,275.000,375.000,-1,225.000,275.000,-1,650.000,450.000,975.000,275.000,0,0,2,1,1,1,1,0,1,2,0,0,2,0,1,0,1
128,-3167.917,6532.213,63.070,27.499,0.887040,-0.460969,0.025834,0.461691,0.885539,-0.051593,0.000906,0.057692,0.998334,0,0.79386,0.87735,47.632,1.755,925.000,400.000,-1,325.000,250.000,350.000,300.000,275.000,350.000,-1,175.000,250.000,-1,675.000,525.000,-1,300.000,0,0,2,1,1,0,1,0,1,2,0,0,2,0,1,2,1
129,-3126.592,6555.332,63.490,29.225,0.872992,-0.487499,0.015144,0.487550,0.871389,-0.054562,0.013403,0.055015,0.998396,0,0.78922,0.86277,47.353,1.726,1000.000,425.000,-1,350.000,250.000,375.000,325.000,275.000,300.000,-1,125.000,225.000,-1,700.000,650.000,-1,350.000,0,0,2,1,1,0,1,0,1,2,0,0,2,0,1,2,1
130,-3086.287,6579.474,63.635,30.920,0.858318,-0.513072,0.006893,0.512531,0.856615,-0.059348,0.024545,0.054473,0.998214,0,0.78302,0.84738,46.981,1.695,-1,425.000,-1,375.000,275.000,375.000,375.000,275.000,275.000,-1,100.000,200.000,-1,725.000,825.000,-1,-1,2,0,2,1,1,0,1,0,1,2,0,0,2,0,1,2,2
131,-3047.095,6604.525,63.611,32.582,0.843167,-0.537651,0.001140,0.536536,0.841278,-0.066190,0.034628,0.056421,0.997806,0,0.77524,0.83129,46.515,1.663,-1,425.000,-1,425.000,300.000,375.000,400.000,275.000,250.000,-1,100.000,175.000,-1,750.000,950.000,-1,-1,2,0,2,1,1,0,0,0,1,2,0,0,2,0,0,2,2
132,-3009.095,6630.365,63.492,34.211,0.827637,-0.561261,-0.001862,0.559658,0.825516,-0.072838,0.042418,0.059241,0.997342,0,0.76589,0.81461,45.953,1.629,-1,425.000,-1,500.000,350.000,375.000,400.000,275.000,225.000,-1,75.000,175.000,-1,750.000,950.000,-1,-1,2,0,2,1,1,0,0,0,1,2,0,0,2,0,0,2,2
133,-2972.358,6656.872,63.160,35.806,0.811841,-0.583874,-0.002265,0.581874,0.809370,-0.079642,0.048334,0.063339,0.996821,0,0.75502,0.79751,45.301,1.595,-1,425.000,-1,500.000,-1,375.000,400.000,275.000,200.000,-1,75.000,150.000,-1,775.000,950.000,-1,-1,2,0,2,0,2,0,0,0,1,2,0,0,2,0,0,2,2
134,-2936.941,6683.926,62.556,37.367,0.795866,-0.605472,-0.000188,0.603178,0.792878,-0.086727,0.052660,0.068910,0.996232,0,0.74280,0.78018,44.568,1.560,-1,425.000,-1,500.000,-1,375.000,400.000,300.000,175.000,-1,100.000,150.000,-1,775.000,925.000,-1,-1,2,0,2,0,2,0,0,0,1,2,0,0,2,0,0,2,2
135,-2902.890,6711.421,61.691,38.909,0.779587,-0.626279,0.004293,0.623832,0.775898,-0.093893,0.055473,0.075876,0.995573,0,0.72944,0.77128,43.767,1.543,-1,425.000,-1,475.000,-1,350.000,375.000,300.000,150.000,-1,100.000,150.000,-1,750.000,875.000,-1,-1,2,0,2,0,2,0,0,0,1,2,0,0,2,0,0,2,2
136,-2870.243,6739.266,60.579,40.448,0.762866,-0.646461,0.011086,0.644052,0.758292,-0.100951,0.056854,0.084152,0.994830,0,0.71517,0.76953,42.910,1.539,-1,400.000,-1,450.000,-1,350.000,375.000,300.000,150.000,-1,100.000,150.000,-1,750.000,825.000,-1,-1,2,0,2,0,2,0,0,0,1,2,0,0,2,0,0,2,2
137,-2839.011,6767.366,62.574,41.985,0.745067,-0.666714,0.019150,0.665310,0.740848,-0.092230,0.047303,0.081459,0.995554,0,0.70024,0.76836,42.014,1.537,-1,375.000,-1,425.000,-1,325.000,350.000,300.000,150.000,-1,225.000,300.000,-1,675.000,750.000,-1,-1,2,0,2,0,2,0,0,0,1,2,0,0,2,0,0,2,2
138,-2804.931,6799.457,64.395,43.282,0.729519,-0.683353,0.028825,0.683001,0.725617,-0.083599,0.036212,0.080674,0.996082,0,0.78024,0.64836,46.814,1.297,1000.000,350.000,-1,400.000,-1,300.000,325.000,300.000,150.000,-1,425.000,475.000,-1,600.000,675.000,1000.000,-1,0,0,2,0,2,0,0,0,1,2,0,0,2,0,0,0,2
139,-2768.016,6835.530,65.617,44.339,0.716439,-0.696456,0.040788,0.697221,0.712725,-0.076846,0.024449,0.083494,0.996208,0,0.86024,0.52836,51.614,1.057,750.000,325.000,-1,350.000,-1,275.000,300.000,300.000,150.000,-1,675.000,675.000,-1,550.000,600.000,750.000,-1,0,0,2,0,2,0,0,0,1,2,0,0,2,0,0,0,2
