timestep,x_cm,y_cm,z_cm,yaw_deg,basis_xx,basis_xy,basis_xz,basis_yx,basis_yy,basis_yz,basis_zx,basis_zy,basis_zz,teleport_flag,throttle_cmd,steering_cmd,cmd_move_cm,cmd_turn_deg,lidar_cm_0,lidar_cm_1,lidar_cm_2,lidar_cm_3,lidar_cm_4,lidar_cm_5,lidar_cm_6,lidar_cm_7,lidar_cm_8,lidar_cm_9,lidar_cm_10,lidar_cm_11,lidar_cm_12,lidar_cm_13,lidar_cm_14,lidar_cm_15,lidar_cm_16,lidar_class_0,lidar_class_1,lidar_class_2,lidar_class_3,lidar_class_4,lidar_class_5,lidar_class_6,lidar_class_7,lidar_class_8,lidar_class_9,lidar_class_10,lidar_class_11,lidar_class_12,lidar_class_13,lidar_class_14,lidar_class_15,lidar_class_16
0,6891.963,4264.662,2.689,12.216,0.977427,-0.210305,-0.020187,0.206585,0.971387,-0.117175,0.044252,0.110359,0.992906,1,0.08000,-0.12000,4.800,-0.240,150.000,225.000,-1,575.000,-1,250.000,350.000,675.000,250.000,-1,200.000,50.000,400.000,275.000,-1,150.000,-1,1,1,2,0,2,1,1,0,0,2,0,0,0,1,2,1,2
1,6901.362,4266.623,3.424,11.736,0.979083,-0.202060,-0.023834,0.197760,0.972634,-0.121962,0.047825,0.114698,0.992249,0,0.16000,-0.24000,9.600,-0.480,150.000,225.000,-1,575.000,-1,250.000,375.000,700.000,250.000,-1,200.000,25.000,400.000,275.000,-1,150.000,-1,1,1,2,0,2,1,1,0,0,2,0,0,0,1,2,1,2
2,6915.496,4269.386,4.507,11.016,0.981407,-0.189675,-0.029397,0.184448,0.974345,-0.128958,0.053104,0.121138,0.991214,0,0.24000,-0.36000,14.400,-0.720,150.000,225.000,-1,575.000,-1,250.000,400.000,750.000,250.000,-1,175.000,25.000,350.000,300.000,-1,150.000,-1,1,1,2,0,2,1,1,0,0,2,0,0,0,1,2,1,2
3,6934.401,4272.756,5.906,10.056,0.984204,-0.173138,-0.036967,0.166574,0.976337,-0.137912,0.059970,0.129576,0.989754,0,0.32000,-0.48000,19.200,-0.960,125.000,250.000,-1,600.000,-1,250.000,400.000,800.000,250.000,-1,175.000,25.000,325.000,300.000,-1,150.000,-1,1,1,2,0,2,1,1,0,0,2,0,0,0,1,2,1,2
4,6958.116,4276.473,7.570,8.856,0.987213,-0.152439,-0.046618,0.144064,0.978372,-0.148441,0.068238,0.139826,0.987822,0,0.40000,-0.60000,24.000,-1.200,125.000,250.000,-1,625.000,-1,275.000,450.000,875.000,250.000,-1,175.000,25.000,300.000,325.000,-1,125.000,-1,1,1,2,0,2,1,1,0,0,2,0,0,0,1,2,1,2
5,6986.677,4280.218,9.420,7.416,0.990109,-0.127580,-0.058368,0.116868,0.980175,-0.159997,0.077623,0.151593,0.985390,0,0.48000,-0.72000,28.800,-1.440,125.000,250.000,-1,650.000,-1,300.000,500.000,975.000,250.000,-1,175.000,0.000,250.000,350.000,-1,125.000,-1,1,1,2,0,2,1,1,1,0,2,0,0,0,1,2,1,2
6,7020.110,4283.636,11.349,5.782,0.992441,-0.099373,-0.072012,0.085787,0.981362,-0.171959,0.087758,0.164482,0.982468,0,0.56000,-0.81693,33.600,-1.634,125.000,275.000,-1,700.000,-1,350.000,550.000,675.000,225.000,-1,175.000,0.000,225.000,425.000,-1,125.000,-1,1,1,2,0,2,1,1,1,0,2,0,0,0,1,2,1,2
7,-3607.625,9511.003,-240.409,-169.103,-0.981872,0.188816,-0.016614,-0.189396,-0.980808,0.046313,-0.007551,0.048620,0.998789,1,0.00000,0.00000,38.400,-1.620,-1,375.000,-1,400.000,-1,325.000,325.000,300.000,300.000,-1,-1,-1,-1,700.000,725.000,-1,-1,2,0,2,0,2,0,0,0,0,2,2,2,2,0,0,2,2
8,-3612.342,9510.116,-240.445,-169.343,-0.982654,0.184706,-0.016604,-0.185290,-0.981587,0.046421,-0.007724,0.048692,0.998784,0,0.08000,-0.12000,4.800,-0.240,-1,375.000,-1,400.000,-1,325.000,325.000,300.000,300.000,-1,-1,-1,-1,700.000,725.000,-1,-1,2,0,2,0,2,0,0,0,0,2,2,2,2,0,0,2,2
9,-3621.791,9508.419,-240.521,-169.823,-0.984165,0.176475,-0.016581,-0.177068,-0.983093,0.046630,-0.008071,0.048828,0.998775,0,0.16000,-0.24000,9.600,-0.480,-1,375.000,-1,400.000,-1,325.000,325.000,300.000,300.000,-1,-1,-1,-1,700.000,725.000,-1,-1,2,0,2,0,2,0,0,0,0,2,2,2,2,0,0,2,2
10,-3635.995,9506.053,-240.644,-170.542,-0.986301,0.164127,-0.016540,-0.164734,-0.985221,0.046930,-0.008593,0.049012,0.998761,0,0.24000,-0.35939,14.400,-0.719,-1,375.000,-1,400.000,-1,325.000,325.000,300.000,300.000,-1,-1,-1,-1,700.000,725.000,-1,-1,2,0,2,0,2,0,0,0,0,2,2,2,2,0,0,2,2
11,-3654.972,9503.135,-240.822,-171.258,-0.988275,0.151796,-0.016473,-0.152417,-0.987184,0.047298,-0.009082,0.049255,0.998745,0,0.32000,-0.35813,19.200,-0.716,-1,375.000,-1,400.000,-1,325.000,325.000,300.000,300.000,-1,-1,-1,-1,700.000,725.000,-1,-1,2,0,2,0,2,0,0,0,0,2,2,2,2,0,0,2,2
12,-3678.737,9499.783,-241.061,-171.971,-0.990087,0.139500,-0.016378,-0.140134,-0.988982,0.047725,-0.009540,0.049547,0.998726,0,0.40000,-0.35644,24.000,-0.713,-1,375.000,-1,400.000,-1,325.000,325.000,300.000,300.000,-1,-1,-1,-1,700.000,725.000,-1,-1,2,0,2,0,2,0,0,0,0,2,2,2,2,0,0,2,2
13,-3707.303,9496.113,-241.365,-172.680,-0.991737,0.127255,-0.016255,-0.127901,-0.990615,0.048198,-0.009969,0.049879,0.998706,0,0.48000,-0.35435,28.800,-0.709,-1,375.000,-1,400.000,-1,325.000,325.000,300.000,300.000,-1,-1,-1,-1,700.000,725.000,-1,-1,2,0,2,0,2,0,0,0,0,2,2,2,2,0,0,2,2
14,-3740.679,9492.241,-241.740,-173.384,-0.993226,0.115077,-0.016101,-0.115735,-0.992085,0.048706,-0.010369,0.050240,0.998683,0,0.56000,-0.35183,33.600,-0.704,-1,375.000,-1,400.000,-1,325.000,325.000,300.000,300.000,-1,-1,-1,-1,700.000,725.000,-1,-1,2,0,2,0,2,0,0,0,0,2,2,2,2,0,0,2,2
15,-3778.875,9488.282,-242.190,-174.082,-0.994558,0.102965,-0.015918,-0.103632,-0.993396,0.049239,-0.010743,0.050621,0.998660,0,0.64000,-0.34948,38.400,-0.699,-1,375.000,-1,400.000,-1,325.000,325.000,300.000,300.000,-1,-1,-1,-1,700.000,725.000,-1,-1,2,0,2,0,2,0,0,0,0,2,2,2,2,0,0,2,2
16,-3821.896,9484.353,-242.721,-174.781,-0.995742,0.090837,-0.015705,-0.091514,-0.994558,0.049786,-0.011097,0.051011,0.998636,0,0.72000,-0.34948,43.200,-0.699,-1,375.000,-1,375.000,-1,325.000,325.000,300.000,300.000,-1,-1,-1,-1,700.000,700.000,-1,-1,2,0,2,0,2,0,0,0,0,2,2,2,2,0,0,2,2
17,-3867.266,9480.766,-243.305,-175.480,-0.996779,0.078696,-0.015474,-0.079382,-0.995574,0.050310,-0.011446,0.051376,0.998614,0,0.75853,-0.34948,45.512,-0.699,-1,375.000,-1,375.000,-1,325.000,325.000,300.000,300.000,-1,-1,-1,-1,700.000,700.000,-1,-1,2,0,2,0,2,0,0,0,0,2,2,2,2,0,0,2,2
18,-3912.677,9477.733,-243.913,-176.179,-0.997667,0.066544,-0.015243,-0.067238,-0.996444,0.050777,-0.011810,0.051684,0.998594,0,0.75853,-0.34948,45.512,-0.699,-1,375.000,-1,375.000,-1,325.000,325.000,300.000,300.000,-1,-1,-1,-1,700.000,700.000,-1,-1,2,0,2,0,2,0,0,0,0,2,2,2,2,0,0,2,2
19,-3958.122,9475.255,-244.340,-176.878,-0.998413,0.054385,-0.014636,-0.055061,-0.997198,0.050645,-0.011840,0.051371,0.998609,0,0.75853,-0.34948,45.512,-0.699,-1,375.000,-1,375.000,-1,325.000,325.000,300.000,300.000,-1,-1,-1,-1,700.000,700.000,-1,-1,2,0,2,0,2,0,0,0,0,2,2,2,2,0,0,2,2
20,-4003.593,9473.331,-244.577,-177.577,-0.999018,0.042216,-0.013485,-0.042852,-0.997778,0.051014,-0.011301,0.051541,0.998607,0,0.75853,-0.34948,45.512,-0.699,-1,375.000,-1,375.000,-1,325.000,325.000,300.000,300.000,-1,-1,-1,-1,700.000,700.000,-1,-1,2,0,2,0,2,0,0,0,0,2,2,2,2,0,0,2,2
21,-4049.085,9471.962,-244.839,-178.276,-0.999473,0.030040,-0.012332,-0.030636,-0.998212,0.051316,-0.010768,0.051667,0.998606,0,0.75853,-0.34948,45.512,-0.699,-1,375.000,-1,375.000,-1,325.000,325.000,300.000,300.000,-1,-1,-1,-1,700.000,700.000,-1,-1,2,0,2,0,2,0,0,0,0,2,2,2,2,0,0,2,2
22,-4094.589,9471.148,-245.129,-178.975,-0.999778,0.017861,-0.011177,-0.018415,-0.998500,0.051555,-0.010240,0.051749,0.998608,0,0.75853,-0.34948,45.512,-0.699,-1,375.000,-1,375.000,-1,325.000,325.000,300.000,300.000,-1,-1,-1,-1,700.000,700.000,-1,-1,2,0,2,0,2,0,0,0,0,2,2,2,2,0,0,2,2
23,-4140.101,9470.889,-245.445,-179.674,-0.999934,0.005679,-0.010023,-0.006190,-0.998642,0.051733,-0.009716,0.051791,0.998611,0,0.75853,-0.34948,45.512,-0.699,-1,375.000,-1,375.000,-1,325.000,325.000,300.000,300.000,-1,-1,-1,-1,700.000,700.000,-1,-1,2,0,2,0,2,0,0,0,0,2,2,2,2,0,0,2,2
24,-4185.612,9471.185,-245.787,-180.373,-0.999940,-0.006504,-0.008871,0.006035,-0.998637,0.051852,-0.009196,0.051796,0.998615,0,0.75853,-0.34948,45.512,-0.699,-1,375.000,-1,375.000,-1,325.000,325.000,300.000,300.000,-1,-1,-1,-1,700.000,675.000,-1,-1,2,0,2,0,2,0,0,0,0,2,2,2,2,0,0,2,2
25,-4231.116,9472.037,-246.157,-181.072,-0.999796,-0.018686,-0.007721,0.018260,-0.998484,0.051916,-0.008680,0.051765,0.998622,0,0.75853,-0.34948,45.512,-0.699,-1,375.000,-1,375.000,-1,325.000,325.000,300.000,300.000,-1,-1,-1,-1,700.000,675.000,-1,-1,2,0,2,0,2,0,0,0,0,2,2,2,2,0,0,2,2
26,-4276.606,9473.443,-246.554,-181.771,-0.999502,-0.030865,-0.006575,0.030482,-0.998186,0.051927,-0.008166,0.051701,0.998629,0,0.75853,-0.34948,45.512,-0.699,-1,375.000,-1,375.000,-1,325.000,325.000,300.000,300.000,-1,-1,-1,-1,675.000,675.000,-1,-1,2,0,2,0,2,0,0,0,0,2,2,2,2,0,0,2,2
27,-4322.076,9475.405,-246.978,-182.470,-0.999059,-0.043039,-0.005434,0.042700,-0.997740,0.051887,-0.007655,0.051606,0.998638,0,0.75853,-0.34948,45.512,-0.699,-1,375.000,-1,375.000,-1,325.000,325.000,300.000,300.000,-1,-1,-1,-1,675.000,675.000,-1,-1,2,0,2,0,2,0,0,0,0,2,2,2,2,0,0,2,2
28,-4367.518,9477.921,-247.429,-183.169,-0.998466,-0.055208,-0.004298,0.054912,-0.997147,0.051799,-0.007145,0.051483,0.998648,0,0.75853,-0.34948,45.512,-0.699,-1,375.000,-1,375.000,-1,325.000,325.000,300.000,300.000,-1,-1,-1,-1,675.000,675.000,-1,-1,2,0,2,0,2,0,0,0,0,2,2,2,2,0,0,2,2
29,-4412.927,9480.991,-247.908,-183.868,-0.997723,-0.067368,-0.003168,0.067115,-0.996407,0.051665,-0.006637,0.051335,0.998659,0,0.75853,-0.34948,45.512,-0.699,-1,375.000,-1,375.000,-1,325.000,325.000,300.000,300.000,-1,975.000,-1,-1,675.000,675.000,-1,-1,2,0,2,0,2,0,0,0,0,2,0,2,2,0,0,2,2
30,-4458.294,9484.615,-248.414,-184.567,-0.996831,-0.079519,-0.002045,0.079309,-0.995519,0.051489,-0.006130,0.051164,0.998671,0,0.75853,-0.34948,45.512,-0.699,-1,375.000,-1,375.000,-1,300.000,300.000,300.000,300.000,-1,900.000,1000.000,-1,675.000,675.000,-1,-1,2,0,2,0,2,0,0,0,0,2,0,0,2,0,0,2,2
31,-4503.614,9488.792,-248.948,-185.266,-0.995790,-0.091658,-0.000929,0.091490,-0.994485,0.051273,-0.005623,0.050972,0.998684,0,0.75853,-0.34948,45.512,-0.699,-1,375.000,-1,375.000,-1,300.000,300.000,300.000,300.000,-1,825.000,925.000,-1,675.000,650.000,-1,-1,2,0,2,0,2,0,0,0,0,2,0,0,2,0,0,2,2
32,-4548.880,9493.521,-249.510,-185.965,-0.994600,-0.103784,0.000180,0.103658,-0.993304,0.051018,-0.005116,0.050762,0.998698,0,0.75853,-0.34948,45.512,-0.699,-1,375.000,-1,375.000,-1,300.000,300.000,300.000,300.000,-1,775.000,875.000,-1,675.000,650.000,-1,-1,2,0,2,0,2,0,0,0,0,2,0,0,2,0,0,2,2
33,-4594.085,9498.802,-249.756,-186.664,-0.993261,-0.115887,0.001571,0.115811,-0.991904,0.052101,-0.004480,0.051932,0.998641,0,0.75853,-0.34948,45.512,-0.699,-1,375.000,-1,375.000,-1,300.000,300.000,300.000,300.000,-1,750.000,825.000,-1,675.000,650.000,-1,-1,2,0,2,0,2,0,0,0,0,2,0,0,2,0,0,2,2
34,-4639.222,9504.634,-249.672,-187.363,-0.991773,-0.127972,0.003238,0.127963,-0.990366,0.052926,-0.003566,0.052905,0.998593,0,0.75853,-0.34948,45.512,-0.699,-1,375.000,-1,375.000,-1,300.000,300.000,300.000,300.000,-1,725.000,800.000,-1,675.000,650.000,-1,-1,2,0,2,0,2,0,0,0,0,2,0,0,2,0,0,2,2
35,-4684.319,9511.023,-249.280,-188.064,-0.990125,-0.140083,0.005328,0.140169,-0.988739,0.052410,-0.002074,0.052639,0.998611,0,0.75912,-0.35058,45.547,-0.701,-1,375.000,-1,375.000,-1,300.000,300.000,300.000,300.000,-1,675.000,750.000,-1,675.000,650.000,-1,-1,2,0,2,0,2,0,0,0,0,2,0,0,2,0,0,2,2
36,-4734.110,9518.487,-248.857,-188.525,-0.988952,-0.148040,0.007616,0.148235,-0.987598,0.051728,-0.000136,0.052285,0.998632,0,0.83912,-0.23058,50.347,-0.461,-1,375.000,-1,375.000,-1,300.000,300.000,300.000,300.000,-1,650.000,700.000,-1,675.000,675.000,-1,-1,2,0,2,0,2,0,0,0,0,2,0,0,2,0,0,2,2
37,-4786.167,9526.495,-248.415,-188.746,-0.988352,-0.151854,0.010001,0.152168,-0.987040,0.050955,0.002134,0.051884,0.998651,0,0.87783,-0.11058,52.670,-0.221,-1,375.000,-1,375.000,-1,300.000,300.000,300.000,300.000,-1,625.000,675.000,-1,675.000,675.000,-1,-1,2,0,2,0,2,0,0,0,0,2,0,0,2,0,0,2,2
38,-4838.281,9534.505,-247.964,-188.737,-0.988348,-0.151704,0.012392,0.152139,-0.987085,0.050165,0.004621,0.051466,0.998664,0,0.87877,0.00446,52.726,0.009,-1,375.000,-1,375.000,-1,300.000,300.000,300.000,300.000,-1,600.000,650.000,-1,675.000,675.000,-1,-1,2,0,2,0,2,0,0,0,0,2,0,0,2,0,0,2,2
39,-4890.445,9542.517,-247.511,-188.733,-0.988327,-0.151628,0.014801,0.152182,-0.987117,0.049408,0.007119,0.051083,0.998669,0,0.87958,0.00227,52.775,0.005,-1,375.000,-1,375.000,-1,300.000,300.000,300.000,300.000,-1,575.000,625.000,-1,675.000,675.000,-1,-1,2,0,2,0,2,0,0,0,0,2,0,0,2,0,0,2,2
40,-4942.649,9550.536,-247.055,-188.733,-0.988287,-0.151628,0.017229,0.152300,-0.987135,0.048682,0.009626,0.050736,0.998666,0,0.88028,0.00008,52.817,0.000,-1,375.000,-1,375.000,-1,300.000,300.000,300.000,325.000,-1,550.000,600.000,-1,675.000,675.000,-1,-1,2,0,2,0,2,0,0,0,0,2,0,0,2,0,0,2,2
41,-4994.888,9558.564,-246.596,-188.737,-0.988230,-0.151704,0.019676,0.152492,-0.987139,0.047989,0.012143,0.050424,0.998654,0,0.88086,-0.00213,52.852,-0.004,-1,375.000,-1,375.000,-1,300.000,300.000,300.000,325.000,-1,550.000,575.000,-1,700.000,700.000,-1,-1,2,0,2,0,2,0,0,0,0,2,0,0,2,0,0,2,2
42,-5047.153,9566.604,-246.135,-188.746,-0.988155,-0.151855,0.022140,0.152758,-0.987130,0.047327,0.014668,0.050148,0.998634,0,0.88133,-0.00433,52.880,-0.009,-1,375.000,-1,375.000,-1,300.000,300.000,300.000,300.000,-1,525.000,575.000,-1,700.000,700.000,-1,-1,2,0,2,0,2,0,0,0,0,2,0,0,2,0,0,2,2
43,-5099.438,9574.659,-245.671,-188.759,-0.988061,-0.152082,0.024621,0.153098,-0.987107,0.046696,0.017202,0.049908,0.998606,0,0.88169,-0.00652,52.901,-0.013,-1,375.000,-1,375.000,-1,300.000,300.000,300.000,300.000,-1,500.000,550.000,-1,700.000,700.000,-1,-1,2,0,2,0,2,0,0,0,0,2,0,0,2,0,0,2,2
44,-5151.734,9582.733,-245.206,-188.776,-0.987949,-0.152383,0.027120,0.153513,-0.987071,0.046095,0.019745,0.049703,0.998569,0,0.88193,-0.00871,52.916,-0.017,-1,375.000,-1,375.000,-1,300.000,300.000,300.000,300.000,-1,450.000,525.000,-1,700.000,700.000,-1,-1,2,0,2,0,2,0,0,0,0,2,0,0,2,0,0,2,2
45,-5204.035,9590.827,-244.674,-188.798,-0.987824,-0.152757,0.029468,0.153998,-0.987008,0.045814,0.022087,0.049795,0.998515,0,0.88206,-0.01087,52.924,-0.022,-1,375.000,-1,375.000,-1,300.000,300.000,300.000,300.000,-1,425.000,475.000,-1,700.000,700.000,-1,-1,2,0,2,0,2,0,0,0,0,2,0,0,2,0,0,2,2
46,-5256.334,9598.944,-243.730,-188.824,-0.987693,-0.153190,0.031557,0.154570,-0.986849,0.047294,0.023897,0.051590,0.998382,0,0.88208,-0.01298,52.925,-0.026,-1,375.000,-1,375.000,-1,300.000,300.000,300.000,300.000,-1,425.000,450.000,-1,700.000,700.000,-1,-1,2,0,2,0,2,0,0,0,0,2,0,0,2,0,0,2,2
47,-5308.623,9607.087,-242.394,-188.853,-0.987574,-0.153686,0.032849,0.155143,-0.986740,0.047704,0.025082,0.052207,0.998321,0,0.88200,-0.01453,52.920,-0.029,-1,375.000,-1,375.000,-1,300.000,300.000,300.000,300.000,-1,450.000,475.000,-1,725.000,700.000,-1,-1,2,0,2,0,2,0,0,0,0,2,0,0,2,0,0,2,2
48,-5356.158,9614.570,-240.930,-188.946,-0.987289,-0.155289,0.033848,0.156785,-0.986503,0.047231,0.026057,0.051937,0.998310,0,0.80200,-0.04650,48.120,-0.093,-1,375.000,-1,375.000,-1,300.000,300.000,300.000,300.000,-1,475.000,500.000,-1,725.000,725.000,-1,-1,2,0,2,0,2,0,0,0,0,2,0,0,2,0,0,2,2
49,-5398.939,9621.377,-239.610,-189.041,-0.986997,-0.156933,0.034756,0.158464,-0.986253,0.046832,0.026929,0.051731,0.998298,0,0.72200,-0.04770,43.320,-0.095,-1,375.000,-1,375.000,-1,300.000,300.000,300.000,300.000,-1,500.000,525.000,-1,725.000,725.000,-1,-1,2,0,2,0,2,0,0,0,0,2,0,0,2,0,0,2,2
50,-5441.511,9628.226,-238.294,-189.139,-0.986697,-0.158611,0.035668,0.160178,-0.985994,0.046459,0.027800,0.051554,0.998283,0,0.71864,-0.04871,43.119,-0.097,-1,375.000,-1,375.000,-1,325.000,325.000,300.000,300.000,-1,525.000,550.000,-1,725.000,725.000,-1,-1,2,0,2,0,2,0,0,0,0,2,0,0,2,0,0,2,2
51,-5484.052,9635.144,-236.978,-189.238,-0.986387,-0.160320,0.036588,0.161923,-0.985725,0.046111,0.028673,0.051407,0.998266,0,0.71833,-0.04963,43.100,-0.099,-1,375.000,-1,375.000,-1,325.000,325.000,300.000,300.000,-1,550.000,575.000,-1,725.000,725.000,-1,-1,2,0,2,0,2,0,0,0,0,2,0,0,2,0,0,2,2
52,-5526.558,9642.135,-235.660,-189.339,-0.986068,-0.162058,0.037516,0.163698,-0.985447,0.045787,0.029550,0.051290,0.998247,0,0.71796,-0.05047,43.078,-0.101,-1,375.000,-1,375.000,-1,325.000,325.000,300.000,300.000,-1,575.000,575.000,-1,725.000,725.000,-1,-1,2,0,2,0,2,0,0,0,0,2,0,0,2,0,0,2,2
53,-5569.028,9649.197,-234.340,-189.441,-0.985740,-0.163821,0.038452,0.165499,-0.985160,0.045488,0.030430,0.051203,0.998225,0,0.71755,-0.05124,43.053,-0.102,-1,375.000,-1,375.000,-1,325.000,325.000,300.000,300.000,-1,600.000,600.000,-1,725.000,725.000,-1,-1,2,0,2,0,2,0,0,0,0,2,0,0,2,0,0,2,2
54,-5611.458,9656.332,-233.020,-189.545,-0.985405,-0.165606,0.039397,0.167323,-0.984865,0.045215,0.031313,0.051147,0.998200,0,0.71709,-0.05192,43.026,-0.104,-1,375.000,-1,375.000,-1,325.000,325.000,300.000,300.000,-1,625.000,625.000,-1,725.000,725.000,-1,-1,2,0,2,0,2,0,0,0,0,2,0,0,2,0,0,2,2
55,-5653.846,9663.539,-231.699,-189.650,-0.985061,-0.167412,0.040351,0.169169,-0.984561,0.044967,0.032200,0.051121,0.998173,0,0.71660,-0.05252,42.996,-0.105,-1,375.000,-1,375.000,-1,325.000,325.000,325.000,300.000,-1,625.000,650.000,-1,725.000,750.000,-1,-1,2,0,2,0,2,0,0,0,0,2,0,0,2,0,0,2,2
56,-5696.189,9670.819,-230.377,-189.756,-0.984710,-0.169235,0.041313,0.171033,-0.984249,0.044745,0.033090,0.051127,0.998144,0,0.71607,-0.05305,42.964,-0.106,-1,375.000,-1,400.000,-1,325.000,325.000,325.000,300.000,-1,650.000,650.000,-1,725.000,750.000,-1,-1,2,0,2,0,2,0,0,0,0,2,0,0,2,0,0,2,2
57,-5738.485,9678.173,-229.053,-189.863,-0.984351,-0.171072,0.042284,0.172912,-0.983929,0.044549,0.033984,0.051164,0.998112,0,0.71551,-0.05349,42.931,-0.107,-1,375.000,-1,400.000,-1,325.000,325.000,325.000,300.000,-1,675.000,675.000,-1,750.000,750.000,-1,-1,2,0,2,0,2,0,0,0,0,2,0,0,2,0,0,2,2
58,-5780.733,9685.600,-227.729,-189.971,-0.983985,-0.172920,0.043265,0.174804,-0.983603,0.044380,0.034881,0.051232,0.998077,0,0.71493,-0.05384,42.896,-0.108,-1,400.000,-1,400.000,-1,325.000,325.000,325.000,300.000,-1,675.000,675.000,-1,750.000,750.000,-1,-1,2,0,2,0,2,0,0,0,0,2,0,0,2,0,0,2,2
59,-5822.931,9693.101,-226.404,-190.079,-0.983613,-0.174777,0.044255,0.176706,-0.983269,0.044237,0.035783,0.051333,0.998040,0,0.71432,-0.05412,42.859,-0.108,-1,400.000,-1,400.000,-1,325.000,325.000,325.000,300.000,-1,700.000,700.000,-1,750.000,750.000,-1,-1,2,0,2,0,2,0,0,0,0,2,0,0,2,0,0,2,2
60,-5865.078,9700.675,-225.013,-190.188,-0.983242,-0.176637,0.045098,0.178616,-0.982916,0.044412,0.036483,0.051723,0.997995,0,0.71371,-0.05431,42.822,-0.109,-1,400.000,-1,400.000,-1,325.000,325.000,325.000,300.000,-1,725.000,725.000,-1,750.000,775.000,-1,-1,2,0,2,0,2,0,0,0,0,2,0,0,2,0,0,2,2
61,-5907.174,9708.322,-223.563,-190.297,-0.982873,-0.178498,0.045812,0.180530,-0.982545,0.044880,0.037001,0.052382,0.997941,0,0.71308,-0.05441,42.785,-0.109,-1,400.000,-1,400.000,-1,325.000,325.000,325.000,300.000,-1,750.000,750.000,-1,750.000,775.000,-1,-1,2,0,2,0,2,0,0,0,0,2,0,0,2,0,0,2,2
62,-5949.219,9716.042,-222.059,-190.405,-0.982508,-0.180360,0.046349,0.182432,-0.982178,0.045217,0.037368,0.052881,0.997901,0,0.71245,-0.05444,42.747,-0.109,-1,400.000,-1,400.000,-1,325.000,325.000,325.000,300.000,-1,775.000,775.000,-1,775.000,775.000,-1,-1,2,0,2,0,2,0,0,0,0,2,0,0,2,0,0,2,2
63,-5991.211,9723.835,-220.481,-190.514,-0.982159,-0.182223,0.046447,0.184298,-0.981832,0.045157,0.037375,0.052912,0.997900,0,0.71183,-0.05438,42.710,-0.109,-1,400.000,-1,400.000,-1,325.000,325.000,325.000,300.000,-1,825.000,800.000,-1,775.000,775.000,-1,-1,2,0,2,0,2,0,0,0,0,2,0,0,2,0,0,2,2
64,-6033.152,9731.702,-218.913,-190.623,-0.981810,-0.184082,0.046508,0.186157,-0.981485,0.045082,0.037348,0.052920,0.997900,0,0.71121,-0.05424,42.672,-0.108,-1,400.000,-1,400.000,-1,325.000,325.000,325.000,300.000,-1,850.000,850.000,-1,775.000,775.000,-1,-1,2,0,2,0,2,0,0,0,0,2,0,0,2,0,0,2,2
65,-6075.043,9739.640,-217.346,-190.731,-0.981459,-0.185932,0.046560,0.188007,-0.981135,0.045024,0.037310,0.052943,0.997900,0,0.71060,-0.05401,42.636,-0.108,-1,400.000,-1,400.000,-1,325.000,325.000,325.000,300.000,-1,900.000,900.000,-1,775.000,775.000,-1,-1,2,0,2,0,2,0,0,0,0,2,0,0,2,0,0,2,2
66,-6116.883,9747.651,-215.782,-190.838,-0.981107,-0.187771,0.046603,0.189846,-0.980783,0.044985,0.037261,0.052982,0.997900,0,0.71001,-0.05371,42.600,-0.107,-1,400.000,-1,400.000,-1,325.000,325.000,325.000,300.000,-1,925.000,925.000,-1,775.000,775.000,-1,-1,2,0,2,0,2,0,0,0,0,2,0,0,2,0,0,2,2
67,-6158.676,9755.732,-214.219,-190.945,-0.980754,-0.189595,0.046637,0.191671,-0.980429,0.044964,0.037200,0.053037,0.997899,0,0.70944,-0.05332,42.566,-0.107,-1,400.000,-1,400.000,-1,325.000,325.000,325.000,300.000,-1,975.000,975.000,-1,775.000,775.000,-1,-1,2,0,2,0,2,0,0,0,0,2,0,0,2,0,0,2,2
68,-6200.421,9763.885,-212.657,-191.050,-0.980402,-0.191403,0.046663,0.193479,-0.980074,0.044961,0.037127,0.053108,0.997898,0,0.70890,-0.05286,42.534,-0.106,-1,400.000,-1,400.000,-1,325.000,325.000,325.000,300.000,-1,-1,-1,-1,775.000,775.000,-1,-1,2,0,2,0,2,0,0,0,0,2,2,2,2,0,0,2,2
69,-6246.898,9772.849,-210.906,-190.916,-0.980847,-0.189106,0.046678,0.191185,-0.980522,0.044994,0.037260,0.053056,0.997896,0,0.78890,0.06714,47.334,0.134,-1,400.000,-1,400.000,-1,325.000,325.000,325.000,300.000,-1,-1,-1,-1,775.000,775.000,-1,-1,2,0,2,0,2,0,0,0,0,2,2,2,2,0,0,2,2
70,-6298.120,9782.557,-208.962,-190.732,-0.981448,-0.185960,0.046681,0.188042,-0.981127,0.045060,0.037421,0.053002,0.997893,0,0.86890,0.09192,52.134,0.184,-1,400.000,-1,400.000,-1,325.000,325.000,325.000,300.000,-1,-1,-1,-1,775.000,800.000,-1,-1,2,0,2,0,2,0,0,0,0,2,2,2,2,0,0,2,2
71,-6350.974,9792.398,-206.943,-190.547,-0.982046,-0.182779,0.046671,0.184866,-0.981726,0.045155,0.037565,0.052972,0.997889,0,0.89603,0.09285,53.762,0.186,-1,400.000,-1,400.000,-1,325.000,325.000,325.000,300.000,-1,-1,-1,-1,775.000,800.000,-1,-1,2,0,2,0,2,0,0,0,0,2,2,2,2,0,0,2,2
72,-6403.826,9802.058,-204.910,-190.359,-0.982641,-0.179559,0.046648,0.181650,-0.982320,0.045278,0.037693,0.052966,0.997885,0,0.89546,0.09395,53.728,0.188,-1,400.000,-1,400.000,-1,325.000,325.000,325.000,300.000,-1,-1,-1,-1,775.000,800.000,-1,-1,2,0,2,0,2,0,0,0,0,2,2,2,2,0,0,2,2
73,-6456.682,9811.538,-202.863,-190.168,-0.983233,-0.176293,0.046611,0.178389,-0.982911,0.045428,0.037806,0.052981,0.997880,0,0.89499,0.09520,53.700,0.190,-1,400.000,-1,400.000,-1,325.000,325.000,325.000,300.000,-1,-1,-1,-1,775.000,800.000,-1,-1,2,0,2,0,2,0,0,0,0,2,2,2,2,0,0,2,2
74,-6509.549,9820.837,-200.801,-189.975,-0.983825,-0.172978,0.046561,0.175079,-0.983498,0.045605,0.037903,0.053019,0.997874,0,0.89464,0.09659,53.678,0.193,-1,400.000,-1,400.000,-1,325.000,325.000,325.000,325.000,-1,-1,-1,-1,775.000,800.000,-1,-1,2,0,2,0,2,0,0,0,0,2,2,2,2,0,0,2,2
75,-6562.433,9829.951,-198.771,-189.779,-0.984422,-0.169610,0.046315,0.171701,-0.984091,0.045649,0.037835,0.052890,0.997883,0,0.89440,0.09811,53.664,0.196,-1,400.000,-1,400.000,-1,325.000,325.000,325.000,325.000,-1,-1,-1,-1,775.000,800.000,-1,-1,2,0,2,0,2,0,0,0,0,2,2,2,2,0,0,2,2
76,-6615.342,9838.881,-196.778,-189.579,-0.985018,-0.166185,0.046078,0.168258,-0.984692,0.045506,0.037811,0.052577,0.997901,0,0.89429,0.09977,53.657,0.200,-1,400.000,-1,400.000,-1,325.000,325.000,325.000,325.000,-1,-1,-1,-1,775.000,800.000,-1,-1,2,0,2,0,2,0,0,0,0,2,2,2,2,0,0,2,2
77,-6668.283,9847.623,-194.811,-189.376,-0.985615,-0.162694,0.045764,0.164751,-0.985287,0.045464,0.037694,0.052350,0.997917,0,0.89431,0.10156,53.658,0.203,-1,400.000,-1,400.000,-1,325.000,325.000,325.000,325.000,-1,-1,-1,-1,775.000,800.000,-1,-1,2,0,2,0,2,0,0,0,0,2,2,2,2,0,0,2,2
78,-6721.265,9856.175,-192.831,-189.169,-0.986210,-0.159136,0.045454,0.161176,-0.985880,0.045419,0.037584,0.052119,0.997933,0,0.89446,0.10348,53.668,0.207,-1,400.000,-1,400.000,-1,325.000,325.000,325.000,325.000,-1,-1,-1,-1,775.000,800.000,-1,-1,2,0,2,0,2,0,0,0,0,2,2,2,2,0,0,2,2
79,-6774.296,9864.535,-190.839,-188.958,-0.986803,-0.155506,0.045148,0.157529,-0.986472,0.045371,0.037481,0.051884,0.997949,0,0.89476,0.10553,53.685,0.211,-1,400.000,-1,400.000,-1,325.000,325.000,325.000,325.000,-1,-1,-1,-1,775.000,800.000,-1,-1,2,0,2,0,2,0,0,0,0,2,2,2,2,0,0,2,2
80,-6827.383,9872.700,-188.834,-188.743,-0.987394,-0.151798,0.044845,0.153805,-0.987061,0.045320,0.037385,0.051646,0.997965,0,0.89519,0.10769,53.711,0.215,-1,400.000,-1,400.000,-1,325.000,325.000,325.000,325.000,-1,-1,-1,-1,775.000,800.000,-1,-1,2,0,2,0,2,0,0,0,0,2,2,2,2,0,0,2,2
81,-6880.535,9880.665,-186.841,-188.523,-0.987985,-0.148009,0.044485,0.150001,-0.987644,0.045370,0.037220,0.051498,0.997979,0,0.89577,0.10997,53.746,0.220,-1,400.000,-1,400.000,-1,325.000,325.000,325.000,325.000,-1,-1,-1,-1,775.000,800.000,-1,-1,2,0,2,0,2,0,0,0,0,2,2,2,2,0,0,2,2
82,-6933.761,9888.428,-184.850,-188.298,-0.988575,-0.144135,0.044089,0.146112,-0.988222,0.045484,0.037014,0.051406,0.997992,0,0.89649,0.11236,53.789,0.225,-1,400.000,-1,400.000,-1,325.000,325.000,325.000,325.000,-1,-1,-1,-1,775.000,800.000,-1,-1,2,0,2,0,2,0,0,0,0,2,2,2,2,0,0,2,2
83,-6987.070,9895.985,-182.846,-188.069,-0.989163,-0.140172,0.043694,0.142134,-0.988797,0.045593,0.036813,0.051310,0.998004,0,0.89736,0.11487,53.841,0.230,-1,400.000,-1,400.000,-1,325.000,325.000,325.000,325.000,-1,-1,-1,-1,775.000,800.000,-1,-1,2,0,2,0,2,0,0,0,0,2,2,2,2,0,0,2,2
84,-7040.468,9903.332,-180.826,-187.834,-0.989746,-0.136117,0.043300,0.138064,-0.989368,0.045699,0.036619,0.051209,0.998016,0,0.89836,0.11748,53.902,0.235,-1,400.000,-1,400.000,-1,325.000,325.000,325.000,325.000,-1,-1,-1,-1,775.000,800.000,-1,-1,2,0,2,0,2,0,0,0,0,2,2,2,2,0,0,2,2
85,-7093.966,9910.464,-178.791,-187.593,-0.990325,-0.131966,0.042908,0.133898,-0.989936,0.045800,0.036432,0.051103,0.998029,0,0.89951,0.12019,53.971,0.240,-1,400.000,-1,400.000,-1,325.000,325.000,325.000,325.000,-1,-1,-1,-1,775.000,800.000,-1,-1,2,0,2,0,2,0,0,0,0,2,2,2,2,0,0,2,2
86,-7147.570,9917.376,-176.740,-187.347,-0.990899,-0.127715,0.042517,0.129633,-0.990499,0.045897,0.036252,0.050991,0.998041,0,0.90080,0.12300,54.048,0.246,-1,400.000,-1,400.000,-1,325.000,325.000,325.000,325.000,-1,-1,-1,-1,775.000,775.000,-1,-1,2,0,2,0,2,0,0,0,0,2,2,2,2,0,0,2,2
87,-7201.248,9924.060,-174.724,-187.098,-0.991460,-0.123411,0.042159,0.125308,-0.991061,0.045778,0.036132,0.050670,0.998062,0,0.90153,0.12451,54.092,0.249,-1,400.000,-1,400.000,-1,325.000,325.000,325.000,325.000,-1,-1,-1,-1,775.000,775.000,-1,-1,2,0,2,0,2,0,0,0,0,2,2,2,2,0,0,2,2
88,-7254.953,9930.511,-172.786,-186.849,-0.992004,-0.119105,0.041746,0.120971,-0.991615,0.045442,0.035983,0.050129,0.998094,0,0.90153,0.12451,54.092,0.249,-1,400.000,-1,400.000,-1,325.000,325.000,325.000,325.000,-1,-1,-1,-1,775.000,775.000,-1,-1,2,0,2,0,2,0,0,0,0,2,2,2,2,0,0,2,2
89,-7308.687,9936.729,-170.893,-186.600,-0.992529,-0.114796,0.041339,0.116639,-0.992140,0.045326,0.035810,0.049809,0.998117,0,0.90153,0.12451,54.092,0.249,-1,400.000,-1,400.000,-1,325.000,325.000,325.000,325.000,-1,-1,-1,-1,775.000,775.000,-1,-1,2,0,2,0,2,0,0,0,0,2,2,2,2,0,0,2,2
90,-7362.446,9942.713,-168.983,-186.351,-0.993034,-0.110485,0.040936,0.112305,-0.992645,0.045199,0.035642,0.049481,0.998139,0,0.90153,0.12451,54.092,0.249,-1,400.000,-1,400.000,-1,325.000,325.000,325.000,325.000,-1,-1,-1,-1,775.000,775.000,-1,-1,2,0,2,0,2,0,0,0,0,2,2,2,2,0,0,2,2
91,-7416.232,9948.463,-167.058,-186.102,-0.993521,-0.106171,0.040539,0.107968,-0.993133,0.045062,0.035476,0.049147,0.998161,0,0.90153,0.12451,54.092,0.249,-1,400.000,-1,400.000,-1,325.000,325.000,325.000,325.000,-1,-1,-1,-1,775.000,775.000,-1,-1,2,0,2,0,2,0,0,0,0,2,2,2,2,0,0,2,2
92,-7470.042,9953.979,-165.116,-185.853,-0.993989,-0.101856,0.040147,0.103630,-0.993601,0.044914,0.035315,0.048805,0.998184,0,0.90153,0.12451,54.092,0.249,-1,400.000,-1,400.000,-1,325.000,325.000,325.000,325.000,-1,-1,-1,-1,775.000,775.000,-1,-1,2,0,2,0,2,0,0,0,0,2,2,2,2,0,0,2,2
93,-7523.875,9959.262,-163.190,-185.604,-0.994433,-0.097537,0.039858,0.099297,-0.994046,0.044859,0.035245,0.048567,0.998198,0,0.90153,0.12451,54.092,0.249,-1,400.000,-1,400.000,-1,325.000,325.000,325.000,325.000,-1,-1,-1,-1,775.000,775.000,-1,-1,2,0,2,0,2,0,0,0,0,2,2,2,2,0,0,2,2
94,-7577.731,9964.310,-161.260,-185.355,-0.994858,-0.093217,0.039610,0.094966,-0.994470,0.044834,0.035212,0.048365,0.998209,0,0.90153,0.12451,54.092,0.249,-1,400.000,-1,400.000,-1,325.000,325.000,325.000,325.000,-1,-1,-1,-1,775.000,775.000,-1,-1,2,0,2,0,2,0,0,0,0,2,2,2,2,0,0,2,2
95,-7631.608,9969.124,-159.314,-185.106,-0.995263,-0.088895,0.039366,0.090632,-0.994876,0.044799,0.035182,0.048155,0.998220,0,0.90153,0.12451,54.092,0.249,-1,400.000,-1,400.000,-1,325.000,325.000,325.000,325.000,-1,-1,-1,-1,775.000,775.000,-1,-1,2,0,2,0,2,0,0,0,0,2,2,2,2,0,0,2,2
96,-7685.506,9973.704,-157.354,-184.857,-0.995649,-0.084571,0.039126,0.086297,-0.995264,0.044757,0.035155,0.047938,0.998231,0,0.90153,0.12451,54.092,0.249,-1,400.000,-1,400.000,-1,325.000,325.000,325.000,325.000,-1,-1,-1,-1,775.000,775.000,-1,-1,2,0,2,0,2,0,0,0,0,2,2,2,2,0,0,2,2
97,-7739.423,9978.050,-155.379,-184.608,-0.996016,-0.080245,0.038888,0.081960,-0.995633,0.044705,0.035131,0.047714,0.998243,0,0.90153,0.12451,54.092,0.249,-1,400.000,-1,400.000,-1,325.000,325.000,325.000,325.000,-1,-1,-1,-1,775.000,775.000,-1,-1,2,0,2,0,2,0,0,0,0,2,2,2,2,0,0,2,2
98,-7788.556,9982.002,-153.576,-184.599,-0.996039,-0.080089,0.038636,0.081790,-0.995648,0.044672,0.034890,0.047655,0.998254,0,0.82153,0.00451,49.292,0.009,-1,400.000,-1,400.000,-1,325.000,325.000,325.000,325.000,-1,-1,-1,-1,775.000,775.000,-1,-1,2,0,2,0,2,0,0,0,0,2,2,2,2,0,0,2,2
99,-7832.890,9985.748,-151.956,-184.830,-0.995718,-0.084101,0.038372,0.085788,-0.995312,0.044668,0.034435,0.047769,0.998265,0,0.74153,-0.11549,44.492,-0.231,-1,400.000,-1,400.000,-1,325.000,325.000,325.000,325.000,-1,-1,-1,-1,775.000,775.000,-1,-1,2,0,2,0,2,0,0,0,0,2,2,2,2,0,0,2,2
100,-7872.412,9989.415,-150.577,-185.301,-0.995001,-0.092279,0.038185,0.093948,-0.994583,0.044479,0.033873,0.047844,0.998280,0,0.66153,-0.23549,39.692,-0.471,-1,400.000,-1,400.000,-1,325.000,325.000,325.000,325.000,-1,-1,-1,-1,775.000,775.000,-1,-1,2,0,2,0,2,0,0,0,0,2,2,2,2,0,0,2,2
101,-7909.736,9993.346,-149.332,-186.012,-0.993787,-0.104612,0.038008,0.106262,-0.993349,0.044340,0.033117,0.048103,0.998293,0,0.62550,-0.35549,37.530,-0.711,-1,400.000,-1,400.000,-1,325.000,325.000,325.000,325.000,-1,-1,-1,-1,775.000,775.000,-1,-1,2,0,2,0,2,0,0,0,0,2,2,2,2,0,0,2,2
102,-7946.990,9997.895,-148.136,-186.963,-0.991922,-0.121082,0.037811,0.122713,-0.991453,0.044306,0.032123,0.048588,0.998302,0,0.62550,-0.47549,37.530,-0.951,-1,400.000,-1,400.000,-1,325.000,325.000,325.000,325.000,-1,-1,-1,-1,775.000,775.000,-1,-1,2,0,2,0,2,0,0,0,0,2,2,2,2,0,0,2,2
103,-7984.141,10003.218,-146.978,-188.154,-0.989201,-0.141658,0.037597,0.143270,-0.988691,0.044322,0.030893,0.049230,0.998310,0,0.62550,-0.59549,37.530,-1.191,-1,400.000,-1,400.000,-1,325.000,325.000,325.000,325.000,-1,-1,-1,-1,775.000,775.000,-1,-1,2,0,2,0,2,0,0,0,0,2,2,2,2,0,0,2,2
104,-8021.220,10009.323,-145.860,-189.350,-0.986039,-0.162258,0.037408,0.163851,-0.985486,0.044386,0.029663,0.049896,0.998314,0,0.62630,-0.59799,37.578,-1.196,-1,400.000,-1,400.000,-1,325.000,325.000,325.000,325.000,-1,-1,-1,-1,775.000,775.000,-1,-1,2,0,2,0,2,0,0,0,0,2,2,2,2,0,0,2,2
105,-8058.322,10016.229,-144.779,-190.545,-0.982449,-0.182777,0.037248,0.184353,-0.981852,0.044497,0.028439,0.050583,0.998315,0,0.62899,-0.59773,37.739,-1.195,-1,400.000,-1,400.000,-1,325.000,325.000,325.000,325.000,-1,-1,-1,-1,775.000,775.000,-1,-1,2,0,2,0,2,0,0,0,0,2,2,2,2,0,0,2,2
106,-8095.430,10023.940,-143.735,-191.740,-0.978433,-0.203201,0.037120,0.204763,-0.977793,0.044653,0.027222,0.051291,0.998313,0,0.63167,-0.59734,37.900,-1.195,-1,400.000,-1,400.000,-1,325.000,325.000,300.000,325.000,-1,-1,-1,-1,775.000,775.000,-1,-1,2,0,2,0,2,0,0,0,0,2,2,2,2,0,0,2,2
107,-8132.526,10032.459,-142.728,-192.934,-0.973996,-0.223518,0.037027,0.225066,-0.973311,0.044855,0.026013,0.052022,0.998307,0,0.63434,-0.59683,38.061,-1.194,-1,375.000,-1,400.000,-1,325.000,325.000,300.000,325.000,-1,-1,-1,-1,775.000,775.000,-1,-1,2,0,2,0,2,0,0,0,0,2,2,2,2,0,0,2,2
108,-8169.590,10041.786,-141.758,-194.126,-0.969142,-0.243713,0.036973,0.245250,-0.968410,0.045100,0.024813,0.052776,0.998298,0,0.63699,-0.59617,38.220,-1.192,-1,375.000,-1,400.000,-1,300.000,325.000,300.000,325.000,-1,-1,-1,-1,750.000,775.000,-1,-1,2,0,2,0,2,0,0,0,0,2,2,2,2,0,0,2,2
109,-8206.604,10051.923,-140.825,-195.317,-0.963876,-0.263775,0.036960,0.265302,-0.963096,0.045389,0.023623,0.053554,0.998285,0,0.63961,-0.59539,38.377,-1.191,-1,375.000,-1,400.000,-1,300.000,325.000,300.000,325.000,-1,-1,-1,-1,750.000,775.000,-1,-1,2,0,2,0,2,0,0,0,0,2,2,2,2,0,0,2,2
110,-8243.548,10062.870,-139.930,-196.506,-0.958203,-0.283689,0.036990,0.285209,-0.957374,0.045718,0.022444,0.054357,0.998269,0,0.64220,-0.59446,38.532,-1.189,-1,375.000,-1,400.000,-1,300.000,325.000,300.000,325.000,-1,-1,-1,-1,750.000,775.000,-1,-1,2,0,2,0,2,0,0,0,0,2,2,2,2,0,0,2,2
111,-8280.403,10074.626,-139.072,-197.692,-0.952128,-0.303443,0.037067,0.304957,-0.951250,0.046088,0.021275,0.055186,0.998249,0,0.64474,-0.59339,38.684,-1.187,-1,375.000,-1,400.000,-1,300.000,325.000,325.000,325.000,-1,-1,-1,-1,750.000,775.000,-1,-1,2,0,2,0,2,0,0,0,0,2,2,2,2,0,0,2,2
112,-8317.149,10087.190,-138.251,-198.877,-0.945660,-0.323024,0.037194,0.324535,-0.944730,0.046496,0.020119,0.056040,0.998226,0,0.64722,-0.59216,38.833,-1.184,-1,375.000,-1,400.000,-1,325.000,325.000,325.000,325.000,-1,-1,-1,-1,750.000,775.000,-1,-1,2,0,2,0,2,0,0,0,0,2,2,2,2,0,0,2,2
113,-8353.764,10100.558,-137.468,-200.058,-0.938804,-0.342420,0.037371,0.343930,-0.937821,0.046940,0.018975,0.056921,0.998198,0,0.64965,-0.59079,38.979,-1.182,-1,375.000,-1,400.000,-1,325.000,325.000,325.000,325.000,-1,-1,-1,-1,750.000,775.000,975.000,-1,2,0,2,0,2,0,0,0,0,2,2,2,2,0,0,1,2
114,-8390.227,10114.728,-136.723,-201.237,-0.931568,-0.361617,0.037603,0.363128,-0.930532,0.047419,0.017844,0.057829,0.998167,0,0.65199,-0.58925,39.120,-1.179,-1,375.000,-1,400.000,-1,325.000,325.000,325.000,325.000,-1,-1,-1,-1,750.000,800.000,925.000,-1,2,0,2,0,2,0,0,0,0,2,2,2,2,0,0,1,2
115,-8426.518,10129.694,-136.031,-202.412,-0.923960,-0.380605,0.037914,0.382120,-0.922873,0.047852,0.016777,0.058701,0.998135,0,0.65426,-0.58756,39.255,-1.175,975.000,375.000,-1,400.000,-1,325.000,325.000,325.000,325.000,-1,-1,-1,-1,750.000,800.000,875.000,-1,1,0,2,0,2,0,0,0,0,2,2,2,2,0,0,1,2
116,-8462.615,10145.451,-135.397,-203.583,-0.915992,-0.399372,0.038212,0.400889,-0.914855,0.048256,0.015686,0.059521,0.998104,0,0.65642,-0.58569,39.385,-1.171,900.000,400.000,-1,400.000,-1,325.000,325.000,325.000,325.000,-1,-1,-1,-1,750.000,800.000,825.000,-1,1,0,2,0,2,0,0,0,0,2,2,2,2,1,0,1,2
117,-8502.818,10163.785,-134.762,-204.515,-0.909386,-0.414173,0.038449,0.415692,-0.908204,0.048649,0.014770,0.060224,0.998076,0,0.73642,-0.46569,44.185,-0.931,825.000,400.000,-1,400.000,-1,325.000,325.000,325.000,325.000,-1,-1,-1,-1,725.000,800.000,775.000,-1,1,0,2,0,2,0,0,0,0,2,2,2,2,1,0,1,2
118,-8547.139,10184.646,-134.090,-205.206,-0.904324,-0.425084,0.038753,0.426613,-0.903101,0.049102,0.014125,0.060937,0.998042,0,0.81642,-0.34569,48.985,-0.691,775.000,400.000,-1,400.000,-1,325.000,325.000,325.000,325.000,-1,-1,-1,-1,700.000,800.000,750.000,-1,1,0,2,0,2,0,0,0,0,2,2,2,2,1,0,1,2
119,-8595.622,10207.934,-133.372,-205.657,-0.900945,-0.432166,0.039116,0.433714,-0.899684,0.049611,0.013752,0.061661,0.998002,0,0.89642,-0.22569,53.785,-0.451,725.000,400.000,-1,400.000,-1,325.000,325.000,325.000,325.000,-1,-1,-1,-1,650.000,800.000,700.000,-1,1,0,2,0,2,0,0,0,0,2,2,2,2,1,0,1,2
120,-8647.726,10233.199,-132.617,-205.869,-0.899337,-0.435461,0.039580,0.437042,-0.898040,0.050190,0.013689,0.062436,0.997955,0,0.96510,-0.10569,57.906,-0.211,650.000,400.000,-1,400.000,-1,325.000,325.000,325.000,325.000,-1,-1,-1,-1,625.000,800.000,650.000,-1,1,0,2,0,2,0,0,0,0,2,2,2,2,1,0,1,2
121,-8699.994,10258.511,-131.905,-205.840,-0.899549,-0.434987,0.039964,0.436604,-0.898204,0.051043,0.013693,0.063364,0.997897,0,0.96791,0.01431,58.074,0.029,600.000,400.000,950.000,400.000,-1,325.000,325.000,325.000,325.000,-1,-1,-1,-1,575.000,800.000,600.000,-1,1,0,1,0,2,0,0,0,0,2,2,2,2,1,0,1,2
122,-8752.493,10283.725,-131.300,-205.655,-0.900964,-0.432060,0.039843,0.433686,-0.899568,0.051901,0.013417,0.064041,0.997857,0,0.97067,0.09269,58.240,0.185,525.000,400.000,900.000,400.000,-1,325.000,325.000,325.000,325.000,-1,-1,-1,-1,550.000,775.000,525.000,-1,1,0,1,0,2,0,0,0,0,2,2,2,2,1,1,1,2
123,-8805.222,10308.835,-130.726,-205.464,-0.902423,-0.429046,0.039405,0.430658,-0.900980,0.052619,0.012927,0.064454,0.997837,0,0.97338,0.09554,58.403,0.191,475.000,400.000,825.000,400.000,-1,325.000,325.000,325.000,325.000,-1,-1,-1,-1,500.000,725.000,475.000,-1,1,0,1,0,2,0,0,0,0,2,2,2,2,1,1,1,2
124,-8858.177,10333.828,-130.118,-205.267,-0.903917,-0.425933,0.038941,0.427528,-0.902427,0.053334,0.012425,0.064858,0.997817,0,0.97595,0.09857,58.557,0.197,425.000,375.000,775.000,400.000,-1,325.000,325.000,325.000,300.000,-1,-1,-1,-1,450.000,675.000,425.000,-1,1,1,1,0,2,0,0,0,0,2,2,2,2,1,1,1,2
125,-8911.351,10358.695,-129.478,-205.063,-0.905448,-0.422712,0.038453,0.424290,-0.903912,0.054046,0.011913,0.065251,0.997798,0,0.97835,0.10180,58.701,0.204,375.000,350.000,700.000,400.000,-1,325.000,325.000,325.000,300.000,-1,-1,-1,-1,425.000,625.000,375.000,-1,1,1,1,0,2,0,0,0,0,2,2,2,2,1,1,1,2
126,-8964.737,10383.422,-128.803,-204.852,-0.907019,-0.419377,0.037940,0.420936,-0.905436,0.054754,0.011390,0.065633,0.997779,0,0.98057,0.10527,58.834,0.211,325.000,300.000,650.000,400.000,-1,300.000,325.000,325.000,300.000,-1,-1,-1,-1,375.000,575.000,325.000,-1,1,1,1,0,2,1,0,0,0,2,2,2,2,1,1,1,2
127,-9018.326,10407.995,-128.096,-204.635,-0.908632,-0.415919,0.037402,0.417457,-0.907003,0.055457,0.010858,0.066004,0.997760,0,0.98258,0.10898,58.955,0.218,250.000,275.000,575.000,375.000,-1,275.000,300.000,325.000,300.000,-1,-1,-1,-1,350.000,525.000,275.000,-1,1,1,1,1,2,1,1,0,0,2,2,2,2,1,1,1,2
128,-9072.107,10432.401,-127.399,-204.409,-0.910285,-0.412335,0.036896,0.413850,-0.908626,0.055927,0.010464,0.066179,0.997753,0,0.98433,0.11298,59.060,0.226,200.000,250.000,525.000,350.000,-1,250.000,275.000,325.000,300.000,-1,-1,-1,-1,300.000,475.000,225.000,-1,1,1,1,1,2,1,1,0,0,2,2,2,2,1,1,1,2
129,-9126.073,10456.612,-123.970,-204.174,-0.911537,-0.408282,0.049053,0.410779,-0.909572,0.062768,0.018990,0.077365,0.996822,0,0.98579,0.11727,59.148,0.235,175.000,225.000,475.000,325.000,-1,225.000,250.000,350.000,300.000,-1,-1,-1,-1,275.000,450.000,175.000,-1,1,1,1,1,2,1,1,0,0,2,2,2,2,1,1,1,2
130,-9180.214,10480.598,-116.735,-203.930,-0.911629,-0.403422,0.078635,0.409095,-0.909078,0.078855,0.039674,0.104056,0.993780,0,0.98692,0.12190,59.215,0.244,175.000,225.000,500.000,300.000,-1,225.000,250.000,425.000,275.000,-1,450.000,250.000,-1,275.000,475.000,175.000,-1,1,1,1,1,2,1,1,0,0,2,0,0,2,1,1,1,2
131,-9234.507,10504.351,-109.588,-203.676,-0.911012,-0.398146,0.107409,0.408032,-0.908016,0.094958,0.059722,0.130334,0.989670,0,0.98766,0.12689,59.260,0.254,175.000,225.000,550.000,300.000,-1,200.000,225.000,475.000,275.000,-1,275.000,125.000,850.000,275.000,475.000,175.000,-1,1,1,1,1,2,1,1,1,0,2,0,0,0,1,1,1,2
132,-9289.545,10528.252,-102.519,-203.531,-0.908829,-0.394296,0.136239,0.409524,-0.905493,0.111236,0.079503,0.156887,0.984411,0,1.00000,0.07286,60.000,0.146,175.000,225.000,-1,300.000,-1,200.000,225.000,500.000,250.000,-1,225.000,75.000,525.000,275.000,550.000,175.000,-1,1,1,2,1,2,1,1,1,0,2,0,0,0,1,1,1,2
133,-983.897,8855.085,-180.546,-47.264,0.678758,0.734360,-0.001790,-0.733992,0.678491,0.030103,0.023320,-0.019119,0.999545,1,0.00000,0.00000,60.000,0.147,-1,400.000,-1,400.000,-1,325.000,325.000,300.000,275.000,400.000,525.000,675.000,-1,800.000,800.000,-1,-1,2,0,2,0,2,0,0,0,0,1,1,1,2,0,0,2,2
134,-987.140,8858.624,-180.654,-47.504,0.675675,0.737197,-0.001841,-0.736826,0.675410,0.030141,0.023464,-0.019010,0.999544,0,-0.08000,-0.12000,-4.800,-0.240,-1,400.000,-1,400.000,-1,325.000,325.000,300.000,275.000,400.000,525.000,650.000,-1,800.000,800.000,-1,-1,2,0,2,0,2,0,0,0,0,1,1,1,2,0,0,2,2
135,-993.565,8865.757,-180.873,-47.984,0.669474,0.742832,-0.001946,-0.742455,0.669214,0.030215,0.023747,-0.018784,0.999542,0,-0.16000,-0.24000,-9.600,-0.480,-1,400.000,-1,400.000,-1,325.000,325.000,300.000,275.000,400.000,525.000,625.000,-1,800.000,800.000,-1,-1,2,0,2,0,2,0,0,0,0,1,1,1,2,0,0,2,2
