timestep,x_cm,y_cm,z_cm,yaw_deg,basis_xx,basis_xy,basis_xz,basis_yx,basis_yy,basis_yz,basis_zx,basis_zy,basis_zz,teleport_flag,throttle_cmd,steering_cmd,cmd_move_cm,cmd_turn_deg,lidar_cm_0,lidar_cm_1,lidar_cm_2,lidar_cm_3,lidar_cm_4,lidar_cm_5,lidar_cm_6,lidar_cm_7,lidar_cm_8,lidar_cm_9,lidar_cm_10,lidar_cm_11,lidar_cm_12,lidar_cm_13,lidar_cm_14,lidar_cm_15,lidar_cm_16,lidar_class_0,lidar_class_1,lidar_class_2,lidar_class_3,lidar_class_4,lidar_class_5,lidar_class_6,lidar_class_7,lidar_class_8,lidar_class_9,lidar_class_10,lidar_class_11,lidar_class_12,lidar_class_13,lidar_class_14,lidar_class_15,lidar_class_16
0,-4265.512,-6235.741,393.208,-114.034,-0.407126,0.913083,0.022971,-0.913343,-0.407185,-0.002268,0.007282,-0.021904,0.999734,1,0.08000,-0.12000,4.800,-0.240,-1,425.000,-1,425.000,-1,350.000,350.000,300.000,300.000,675.000,-1,-1,-1,825.000,850.000,-1,-1,2,0,2,0,2,0,0,0,0,1,2,2,2,0,0,2,2
1,-4269.495,-6244.476,393.275,-114.514,-0.414777,0.909643,0.022594,-0.909898,-0.414822,-0.002875,0.006758,-0.021751,0.999741,0,0.16000,-0.24000,9.600,-0.480,-1,425.000,-1,425.000,-1,350.000,350.000,300.000,300.000,700.000,-1,-1,-1,825.000,825.000,-1,-1,2,0,2,0,2,0,0,0,0,1,2,2,2,0,0,2,2
2,-4275.634,-6257.501,393.376,-115.234,-0.426197,0.904363,0.022018,-0.904611,-0.426221,-0.003786,0.005961,-0.021531,0.999750,0,0.24000,-0.36000,14.400,-0.720,-1,425.000,-1,425.000,-1,350.000,350.000,300.000,300.000,725.000,-1,-1,-1,825.000,825.000,-1,-1,2,0,2,0,2,0,0,0,0,1,2,2,2,0,0,2,2
3,-4284.109,-6274.730,393.510,-116.194,-0.441318,0.897100,0.021228,-0.897338,-0.441316,-0.005005,0.004878,-0.021258,0.999762,0,0.32000,-0.48000,19.200,-0.960,-1,425.000,-1,425.000,-1,350.000,350.000,300.000,300.000,750.000,-1,-1,-1,800.000,800.000,-1,-1,2,0,2,0,2,0,0,0,0,1,2,2,2,0,0,2,2
4,-4295.152,-6296.038,393.678,-117.394,-0.460043,0.887667,0.020207,-0.887890,-0.460010,-0.006534,0.003495,-0.020947,0.999774,0,0.40000,-0.60000,24.000,-1.200,-1,425.000,-1,425.000,-1,350.000,350.000,300.000,300.000,800.000,-1,-1,-1,800.000,800.000,-1,-1,2,0,2,0,2,0,0,0,0,1,2,2,2,0,0,2,2
5,-4309.042,-6321.268,393.878,-118.834,-0.482245,0.875832,0.018930,-0.876035,-0.482175,-0.008378,0.001790,-0.020624,0.999786,0,0.48000,-0.72000,28.800,-1.440,-1,400.000,-1,425.000,-1,325.000,325.000,300.000,300.000,850.000,-1,-1,-1,800.000,775.000,-1,-1,2,0,2,0,2,0,0,0,0,1,2,2,2,0,0,2,2
6,-4325.050,-6348.430,394.098,-120.514,-0.507755,0.861325,0.017469,-0.861502,-0.507648,-0.010413,-0.000101,-0.020337,0.999793,0,0.52547,-0.84000,31.528,-1.680,-1,400.000,-1,425.000,-1,325.000,325.000,300.000,300.000,950.000,-1,-1,-1,775.000,750.000,-1,-1,2,0,2,0,2,0,0,0,0,1,2,2,2,0,0,2,2
7,-4341.946,-6375.143,394.241,-122.313,-0.534563,0.844968,0.016485,-0.845127,-0.534426,-0.012199,-0.001498,-0.020453,0.999790,0,0.52681,-0.89914,31.608,-1.798,-1,400.000,-1,425.000,-1,325.000,325.000,300.000,300.000,-1,-1,-1,-1,775.000,750.000,-1,-1,2,0,2,0,2,0,0,0,0,2,2,2,2,0,0,2,2
8,-4359.731,-6401.392,394.250,-124.120,-0.560966,0.827680,0.016189,-0.827835,-0.560800,-0.013854,-0.002388,-0.021173,0.999773,0,0.52843,-0.90365,31.706,-1.807,-1,400.000,-1,400.000,-1,325.000,325.000,300.000,300.000,-1,-1,-1,-1,775.000,725.000,-1,-1,2,0,2,0,2,0,0,0,0,2,2,2,2,0,0,2,2
9,-4378.408,-6427.160,394.262,-125.936,-0.586942,0.809474,0.015855,-0.809623,-0.586745,-0.015528,-0.003267,-0.021950,0.999754,0,0.53041,-0.90827,31.825,-1.817,-1,400.000,-1,400.000,-1,325.000,325.000,300.000,300.000,-1,-1,-1,-1,750.000,700.000,-1,-1,2,0,2,0,2,0,0,0,0,2,2,2,2,0,0,2,2
10,-4397.982,-6452.429,394.276,-127.762,-0.612457,0.790352,0.015487,-0.790493,-0.612229,-0.017222,-0.004130,-0.022790,0.999732,0,0.53273,-0.91299,31.964,-1.826,-1,400.000,-1,400.000,-1,325.000,325.000,300.000,300.000,-1,-1,-1,-1,750.000,700.000,-1,-1,2,0,2,0,2,0,0,0,0,2,2,2,2,0,0,2,2
11,-4418.456,-6477.179,394.353,-129.598,-0.637476,0.770324,0.015025,-0.770456,-0.637222,-0.018614,-0.004765,-0.023442,0.999714,0,0.53535,-0.91780,32.121,-1.836,-1,400.000,-1,400.000,-1,325.000,325.000,300.000,300.000,-1,-1,-1,-1,750.000,675.000,-1,-1,2,0,2,0,2,0,0,0,0,2,2,2,2,0,0,2,2
12,-4439.831,-6501.389,394.496,-131.443,-0.661964,0.749396,0.014500,-0.749518,-0.661691,-0.019686,-0.005158,-0.023900,0.999701,0,0.53825,-0.92271,32.295,-1.845,-1,400.000,-1,400.000,-1,325.000,325.000,300.000,300.000,-1,1000.000,-1,-1,750.000,675.000,-1,-1,2,0,2,0,2,0,0,0,0,2,1,2,2,0,0,2,2
13,-4462.110,-6525.031,394.642,-133.299,-0.685891,0.727570,0.013997,-0.727683,-0.685599,-0.020759,-0.005507,-0.024424,0.999687,0,0.54142,-0.92771,32.485,-1.855,-1,400.000,-1,375.000,-1,325.000,325.000,300.000,300.000,-1,1000.000,-1,-1,750.000,650.000,-1,-1,2,0,2,0,2,0,0,0,0,2,1,2,2,0,0,2,2
14,-4485.291,-6548.080,394.790,-135.164,-0.709223,0.704854,0.013522,-0.704960,-0.708911,-0.021838,-0.005807,-0.025021,0.999670,0,0.54483,-0.93279,32.690,-1.866,-1,400.000,-1,375.000,-1,325.000,325.000,300.000,300.000,-1,1000.000,-1,-1,725.000,650.000,-1,-1,2,0,2,0,2,0,0,0,0,2,1,2,2,0,0,2,2
15,-4509.374,-6570.507,394.940,-137.040,-0.731926,0.681259,0.013081,-0.681357,-0.731592,-0.022931,-0.006052,-0.025696,0.999651,0,0.54846,-0.93795,32.908,-1.876,-1,400.000,-1,375.000,-1,325.000,325.000,300.000,300.000,-1,-1,-1,-1,700.000,650.000,-1,-1,2,0,2,0,2,0,0,0,0,2,2,2,2,0,0,2,2
16,-4534.355,-6592.279,395.291,-138.927,-0.753958,0.656781,0.013623,-0.656899,-0.753590,-0.024215,-0.005638,-0.027206,0.999614,0,0.55228,-0.94317,33.137,-1.886,-1,400.000,-1,375.000,-1,325.000,325.000,300.000,300.000,-1,-1,-1,-1,675.000,625.000,-1,-1,2,0,2,0,2,0,0,0,0,2,2,2,2,0,0,2,2
17,-4560.228,-6613.363,395.705,-140.824,-0.775286,0.631444,0.014488,-0.631590,-0.774878,-0.025654,-0.004973,-0.029040,0.999566,0,0.55627,-0.94847,33.376,-1.897,-1,375.000,-1,375.000,-1,325.000,300.000,300.000,300.000,-1,-1,-1,-1,675.000,625.000,-1,-1,2,0,2,0,2,0,0,0,0,2,2,2,2,0,0,2,2
18,-4586.986,-6633.725,395.966,-142.731,-0.795867,0.605274,0.015448,-0.605460,-0.795436,-0.026453,-0.003723,-0.030406,0.999531,0,0.56041,-0.95383,33.625,-1.908,-1,375.000,-1,375.000,-1,325.000,300.000,300.000,300.000,-1,-1,-1,-1,650.000,625.000,-1,-1,2,0,2,0,2,0,0,0,0,2,2,2,2,0,0,2,2
19,-4610.424,-6650.506,396.090,-144.399,-0.813129,0.581853,0.016382,-0.582079,-0.812691,-0.026764,-0.002259,-0.031298,0.999508,0,0.48041,-0.83383,28.825,-1.668,-1,375.000,-1,375.000,-1,300.000,300.000,300.000,300.000,-1,-1,-1,-1,650.000,625.000,-1,-1,2,0,2,0,2,0,0,0,0,2,2,2,2,0,0,2,2
20,-4630.300,-6664.001,396.195,-145.827,-0.827358,0.561410,0.017234,-0.561673,-0.826915,-0.027112,-0.000970,-0.032111,0.999484,0,0.40041,-0.71383,24.025,-1.428,-1,375.000,-1,375.000,-1,300.000,300.000,300.000,300.000,-1,-1,-1,-1,625.000,625.000,-1,-1,2,0,2,0,2,0,0,0,0,2,2,2,2,0,0,2,2
21,-4646.426,-6674.467,396.278,-147.014,-0.838804,0.544137,0.017959,-0.544434,-0.838355,-0.027456,0.000116,-0.032807,0.999462,0,0.32041,-0.59383,19.225,-1.188,-1,375.000,-1,350.000,-1,300.000,300.000,300.000,300.000,-1,-1,-1,-1,625.000,625.000,-1,-1,2,0,2,0,2,0,0,0,0,2,2,2,2,0,0,2,2
22,-4658.654,-6682.120,396.339,-147.962,-0.847678,0.530188,0.018522,-0.530510,-0.847224,-0.027760,0.000975,-0.033358,0.999443,0,0.24041,-0.47383,14.425,-0.948,-1,375.000,-1,350.000,-1,300.000,300.000,300.000,300.000,-1,-1,-1,-1,625.000,625.000,-1,-1,2,0,2,0,2,0,0,0,0,2,2,2,2,0,0,2,2
23,-4666.898,-6687.087,396.370,-148.931,-0.856519,0.515769,0.018892,-0.516112,-0.856062,-0.028033,0.001714,-0.033762,0.999428,0,0.16041,-0.48475,9.625,-0.970,-1,375.000,-1,350.000,-1,300.000,300.000,300.000,300.000,-1,-1,-1,-1,625.000,625.000,1000.000,-1,2,0,2,0,2,0,0,0,0,2,2,2,2,0,0,0,2
24,-4671.072,-6689.507,396.368,-149.898,-0.865091,0.501254,0.019052,-0.501610,-0.864632,-0.028253,0.002311,-0.033998,0.999419,0,0.08041,-0.48320,4.825,-0.966,1000.000,375.000,-1,350.000,-1,300.000,300.000,300.000,300.000,-1,-1,-1,-1,625.000,625.000,1000.000,-1,0,0,2,0,2,0,0,0,0,2,2,2,2,0,0,0,2
25,-4671.094,-6689.519,396.333,-150.863,-0.873406,0.486622,0.018993,-0.486985,-0.872949,-0.028400,0.002760,-0.034054,0.999416,0,0.00041,-0.48242,0.025,-0.965,1000.000,350.000,-1,350.000,-1,300.000,300.000,300.000,300.000,-1,-1,-1,-1,625.000,625.000,1000.000,-1,0,0,2,0,2,0,0,0,0,2,2,2,2,0,0,0,2
26,-4666.884,-6687.264,396.260,-151.827,-0.881477,0.471856,0.018716,-0.472217,-0.881023,-0.028456,0.003062,-0.033922,0.999420,0,-0.07959,-0.48242,-4.775,-0.965,1000.000,350.000,-1,350.000,-1,300.000,300.000,300.000,300.000,-1,-1,-1,-1,625.000,625.000,1000.000,-1,0,0,2,0,2,0,0,0,0,2,2,2,2,0,0,0,2
27,-4658.368,-6682.886,396.148,-152.794,-0.889313,0.456935,0.018228,-0.457287,-0.888865,-0.028406,0.003223,-0.033597,0.999430,0,-0.15959,-0.48319,-9.575,-0.966,1000.000,350.000,-1,350.000,-1,300.000,300.000,300.000,300.000,-1,-1,-1,-1,625.000,625.000,1000.000,-1,0,0,2,0,2,0,0,0,0,2,2,2,2,0,0,0,2
28,-4645.817,-6676.700,395.997,-153.763,-0.896923,0.441838,0.017563,-0.442175,-0.896484,-0.028242,0.003267,-0.033097,0.999447,0,-0.23322,-0.48473,-13.993,-0.969,1000.000,375.000,-1,350.000,-1,300.000,300.000,300.000,300.000,-1,-1,-1,-1,625.000,625.000,1000.000,-1,0,0,2,0,2,0,0,0,0,2,2,2,2,0,0,0,2
29,-4633.066,-6670.683,395.840,-154.737,-0.904309,0.426543,0.016913,-0.426865,-0.903880,-0.028052,0.003322,-0.032588,0.999463,0,-0.23499,-0.48697,-14.099,-0.974,1000.000,375.000,-1,350.000,-1,300.000,300.000,300.000,300.000,-1,-1,-1,-1,625.000,625.000,1000.000,-1,0,0,2,0,2,0,0,0,0,2,2,2,2,0,0,0,2
30,-4620.118,-6664.841,395.679,-155.716,-0.911466,0.411053,0.016280,-0.411361,-0.911047,-0.027837,0.003389,-0.032069,0.999480,0,-0.23675,-0.48923,-14.205,-0.978,-1,375.000,-1,350.000,-1,300.000,300.000,300.000,300.000,-1,-1,-1,-1,625.000,625.000,1000.000,-1,2,0,2,0,2,0,0,0,0,2,2,2,2,0,0,0,2
31,-4606.975,-6659.180,395.514,-156.699,-0.918389,0.395369,0.015663,-0.395664,-0.917980,-0.027598,0.003467,-0.031543,0.999496,0,-0.23851,-0.49150,-14.310,-0.983,-1,375.000,-1,350.000,-1,300.000,300.000,300.000,300.000,-1,-1,-1,-1,625.000,625.000,-1,-1,2,0,2,0,2,0,0,0,0,2,2,2,2,0,0,2,2
32,-4593.640,-6653.707,395.343,-157.686,-0.925071,0.379495,0.015063,-0.379778,-0.924674,-0.027334,0.003556,-0.031007,0.999513,0,-0.24025,-0.49378,-14.415,-0.988,-1,375.000,-1,350.000,-1,300.000,300.000,300.000,300.000,-1,-1,-1,-1,625.000,625.000,-1,-1,2,0,2,0,2,0,0,0,0,2,2,2,2,0,0,2,2
33,-4580.115,-6648.427,395.168,-158.678,-0.931507,0.363434,0.014482,-0.363704,-0.931122,-0.027048,0.003655,-0.030462,0.999529,0,-0.24197,-0.49606,-14.518,-0.992,-1,375.000,-1,375.000,-1,300.000,300.000,300.000,300.000,-1,-1,-1,-1,625.000,625.000,-1,-1,2,0,2,0,2,0,0,0,0,2,2,2,2,0,0,2,2
34,-4566.405,-6643.349,394.988,-159.675,-0.937692,0.347188,0.013919,-0.347446,-0.937319,-0.026739,0.003763,-0.029909,0.999546,0,-0.24368,-0.49836,-14.621,-0.997,-1,375.000,-1,375.000,-1,300.000,300.000,300.000,300.000,-1,-1,-1,-1,625.000,625.000,-1,-1,2,0,2,0,2,0,0,0,0,2,2,2,2,0,0,2,2
35,-4552.513,-6638.477,394.805,-160.676,-0.943620,0.330760,0.013375,-0.331008,-0.943258,-0.026409,0.003881,-0.029348,0.999562,0,-0.24537,-0.50066,-14.722,-1.001,-1,375.000,-1,375.000,-1,300.000,300.000,300.000,300.000,-1,-1,-1,-1,625.000,650.000,-1,-1,2,0,2,0,2,0,0,0,0,2,2,2,2,0,0,2,2
36,-4543.081,-6635.397,394.661,-161.918,-0.950566,0.310252,0.012993,-0.310495,-0.950213,-0.026222,0.004211,-0.028960,0.999572,0,-0.16537,-0.62066,-9.922,-1.241,-1,375.000,-1,375.000,-1,300.000,300.000,300.000,300.000,-1,-1,-1,-1,625.000,650.000,-1,-1,2,0,2,0,2,0,0,0,0,2,2,2,2,0,0,2,2
37,-4538.173,-6633.934,394.558,-163.399,-0.958268,0.285586,0.012758,-0.285832,-0.957922,-0.026191,0.004742,-0.028745,0.999576,0,-0.08537,-0.74066,-5.122,-1.481,-1,375.000,-1,375.000,-1,300.000,300.000,300.000,300.000,-1,-1,-1,-1,625.000,650.000,-1,-1,2,0,2,0,2,0,0,0,0,2,2,2,2,0,0,2,2
38,-4537.862,-6633.851,394.531,-165.120,-0.966411,0.256682,0.012779,-0.256940,-0.966066,-0.026427,0.005562,-0.028823,0.999569,0,-0.00537,-0.86066,-0.322,-1.721,-1,375.000,-1,375.000,-1,300.000,300.000,300.000,300.000,-1,-1,-1,-1,625.000,650.000,-1,-1,2,0,2,0,2,0,0,0,0,2,2,2,2,0,0,2,2
39,-4542.223,-6634.867,394.527,-166.888,-0.973865,0.226764,0.012820,-0.227036,-0.973518,-0.026771,0.006409,-0.028982,0.999559,0,0.07463,-0.88369,4.478,-1.767,-1,375.000,-1,375.000,-1,300.000,300.000,300.000,300.000,-1,-1,-1,-1,625.000,650.000,-1,-1,2,0,2,0,2,0,0,0,0,2,2,2,2,0,0,2,2
40,-4551.320,-6636.693,394.551,-168.654,-0.980389,0.196653,0.012884,-0.196940,-0.980037,-0.027237,0.007270,-0.029240,0.999546,0,0.15463,-0.88302,9.278,-1.766,1000.000,375.000,-1,375.000,-1,300.000,300.000,300.000,325.000,-1,-1,-1,-1,625.000,650.000,1000.000,-1,0,0,2,0,2,0,0,0,0,2,2,2,2,0,0,0,2
41,-4565.202,-6639.036,394.651,-170.417,-0.985971,0.166401,0.013131,-0.166713,-0.985608,-0.027983,0.008285,-0.029779,0.999522,0,0.23463,-0.88163,14.078,-1.763,975.000,375.000,-1,375.000,-1,300.000,300.000,300.000,325.000,-1,-1,-1,-1,600.000,650.000,975.000,-1,0,0,2,0,2,0,0,0,0,2,2,2,2,0,0,0,2
42,-4583.904,-6641.606,394.820,-172.176,-0.990608,0.136064,0.013513,-0.136408,-0.990228,-0.029010,0.009434,-0.030580,0.999488,0,0.31463,-0.87955,18.878,-1.759,950.000,350.000,-1,375.000,-1,300.000,300.000,300.000,325.000,-1,-1,-1,-1,600.000,650.000,950.000,-1,0,0,2,0,2,0,0,0,0,2,2,2,2,0,0,0,2
43,-4607.449,-6644.111,395.052,-173.930,-0.994300,0.105695,0.013986,-0.106079,-0.993896,-0.030312,0.010696,-0.031623,0.999443,0,0.39463,-0.87679,23.678,-1.754,925.000,350.000,-1,375.000,-1,300.000,300.000,275.000,325.000,-1,-1,-1,-1,600.000,650.000,925.000,-1,0,0,2,0,2,0,0,0,0,2,2,2,2,0,0,0,2
44,-4635.847,-6646.257,395.723,-175.676,-0.997044,0.075351,0.015020,-0.075779,-0.996663,-0.030335,0.012684,-0.031384,0.999427,0,0.47463,-0.87338,28.478,-1.747,900.000,350.000,-1,375.000,-1,300.000,300.000,300.000,325.000,-1,-1,-1,-1,600.000,675.000,925.000,-1,0,0,2,0,2,0,0,0,0,2,2,2,2,0,0,0,2
45,-4669.091,-6647.757,396.828,-177.415,-0.998840,0.045079,0.016920,-0.045559,-0.998536,-0.029166,0.015581,-0.029903,0.999431,0,0.55463,-0.86933,33.278,-1.739,925.000,350.000,-1,375.000,-1,300.000,300.000,300.000,325.000,-1,-1,-1,-1,600.000,675.000,950.000,-1,0,0,2,0,2,0,0,0,0,2,2,2,2,0,0,0,2
46,-4707.165,-6648.325,398.081,-179.144,-0.999705,0.014925,0.019150,-0.015460,-0.999486,-0.028073,0.018721,-0.028361,0.999422,0,0.63463,-0.86465,38.078,-1.729,950.000,350.000,-1,375.000,-1,300.000,300.000,300.000,325.000,-1,-1,-1,-1,625.000,700.000,975.000,-1,0,0,2,0,2,0,0,0,0,2,2,2,2,0,0,0,2
47,-4748.502,-6647.702,399.433,-180.863,-0.999653,-0.015060,0.021599,0.014472,-0.999528,-0.027112,0.021997,-0.026790,0.999399,0,0.68903,-0.85937,41.342,-1.719,975.000,350.000,-1,375.000,-1,300.000,300.000,300.000,325.000,-1,675.000,-1,-1,625.000,700.000,-1,-1,0,0,2,0,2,0,0,0,0,2,0,2,2,0,0,2,2
48,-4790.049,-6645.836,400.785,-182.571,-0.998704,-0.044836,0.024065,0.044200,-0.998675,-0.026342,0.025214,-0.025244,0.999363,0,0.69313,-0.85370,41.588,-1.707,1000.000,350.000,-1,375.000,-1,300.000,300.000,300.000,325.000,-1,600.000,750.000,-1,625.000,725.000,-1,-1,0,0,2,0,2,0,0,0,0,2,0,0,2,0,0,2,2
49,-4831.760,-6642.723,402.135,-184.267,-0.996877,-0.074379,0.026525,0.073699,-0.996948,-0.025759,0.028360,-0.023724,0.999316,0,0.69712,-0.84807,41.827,-1.696,-1,375.000,-1,375.000,-1,300.000,300.000,325.000,325.000,-1,550.000,625.000,-1,625.000,750.000,-1,-1,2,0,2,0,2,0,0,0,0,2,0,0,2,0,0,2,2
50,-4873.593,-6638.362,403.548,-185.952,-0.994183,-0.103665,0.029206,0.102947,-0.994370,-0.025108,0.031644,-0.021955,0.999258,0,0.70099,-0.84248,42.060,-1.685,-1,375.000,-1,400.000,-1,300.000,325.000,300.000,325.000,-1,500.000,550.000,-1,650.000,775.000,-1,-1,2,0,2,0,2,0,0,0,0,2,0,0,2,0,0,2,2
51,-4915.504,-6632.750,404.949,-187.626,-0.990649,-0.132671,0.031837,0.131920,-0.990954,-0.024664,0.034821,-0.020234,0.999189,0,0.70475,-0.83693,42.285,-1.674,-1,375.000,-1,400.000,-1,300.000,325.000,300.000,325.000,-1,475.000,500.000,-1,650.000,800.000,-1,-1,2,0,2,0,2,0,0,0,0,2,0,0,2,0,0,2,2
52,-4957.258,-6625.913,406.326,-189.298,-0.986267,-0.161545,0.034367,0.160763,-0.986691,-0.024437,0.037857,-0.018576,0.999110,0,0.70515,-0.83632,42.309,-1.673,-1,375.000,-1,400.000,-1,300.000,325.000,300.000,325.000,-1,450.000,450.000,-1,650.000,825.000,-1,-1,2,0,2,0,2,0,0,0,0,2,0,0,2,0,0,2,2
53,-4998.794,-6617.861,407.673,-190.971,-0.981041,-0.190282,0.036767,0.189472,-0.981582,-0.024421,0.040737,-0.016992,0.999025,0,0.70515,-0.83632,42.309,-1.673,-1,375.000,-1,400.000,-1,325.000,325.000,300.000,325.000,-1,450.000,425.000,-1,675.000,875.000,-1,-1,2,0,2,0,2,0,0,0,0,2,0,0,2,0,0,2,2
54,-5040.077,-6608.600,408.986,-192.643,-0.974977,-0.218858,0.039009,0.218020,-0.975634,-0.024610,0.043445,-0.015489,0.998936,0,0.70515,-0.83632,42.309,-1.673,-1,375.000,-1,400.000,-1,325.000,325.000,300.000,325.000,-1,425.000,375.000,-1,675.000,900.000,-1,-1,2,0,2,0,2,0,0,0,0,2,0,0,2,0,0,2,2
55,-5081.072,-6598.138,410.263,-194.316,-0.968082,-0.247247,0.041066,0.246383,-0.968850,-0.024993,0.045967,-0.014077,0.998844,0,0.70515,-0.83632,42.309,-1.673,-1,375.000,-1,425.000,-1,325.000,325.000,300.000,325.000,-1,400.000,350.000,-1,700.000,950.000,-1,-1,2,0,2,0,2,0,0,0,0,2,0,0,2,0,0,2,2
56,-5121.745,-6586.484,411.500,-195.989,-0.960364,-0.275426,0.042914,0.274535,-0.961237,-0.025558,0.048290,-0.012764,0.998752,0,0.70515,-0.83632,42.309,-1.673,-1,375.000,-1,425.000,-1,325.000,325.000,275.000,325.000,-1,400.000,350.000,-1,700.000,1000.000,-1,-1,2,0,2,0,2,0,0,0,0,2,0,0,2,0,0,2,2
57,-5162.060,-6573.647,412.969,-197.661,-0.951854,-0.303375,0.044020,0.302526,-0.952814,-0.024961,0.049515,-0.010442,0.998719,0,0.70515,-0.83632,42.309,-1.673,-1,375.000,-1,425.000,-1,325.000,325.000,275.000,325.000,-1,400.000,350.000,-1,725.000,-1,-1,-1,2,0,2,0,2,0,0,0,0,2,0,0,2,0,2,2,2
58,-5201.982,-6559.640,414.734,-199.334,-0.942572,-0.331069,0.044176,0.330408,-0.943588,-0.021732,0.048879,-0.005888,0.998787,0,0.70515,-0.83632,42.309,-1.673,-1,375.000,-1,425.000,-1,325.000,325.000,275.000,325.000,-1,475.000,400.000,-1,725.000,-1,-1,-1,2,0,2,0,2,0,0,0,0,2,0,0,2,0,2,2,2
59,-5241.480,-6544.473,416.356,-201.007,-0.932487,-0.358477,0.044294,0.358028,-0.933538,-0.017942,0.047782,-0.000872,0.998857,0,0.70515,-0.83632,42.309,-1.673,-1,375.000,-1,425.000,-1,325.000,325.000,275.000,325.000,-1,550.000,475.000,-1,750.000,-1,-1,-1,2,0,2,0,2,0,0,0,0,2,0,0,2,0,2,2,2
60,-5280.517,-6528.161,417.920,-202.679,-0.921608,-0.385570,0.044427,0.385328,-0.922670,-0.014230,0.046478,0.004004,0.998911,0,0.70515,-0.83632,42.309,-1.673,-1,375.000,-1,425.000,-1,325.000,325.000,275.000,325.000,-1,625.000,550.000,-1,750.000,-1,-1,-1,2,0,2,0,2,0,0,0,0,2,0,0,2,0,2,2,2
61,-5314.754,-6512.838,419.277,-204.112,-0.911670,-0.408508,0.044481,0.408438,-0.912719,-0.011058,0.045116,0.008086,0.998949,0,0.62515,-0.71632,37.509,-1.433,-1,375.000,-1,425.000,-1,325.000,325.000,275.000,300.000,-1,700.000,625.000,-1,750.000,-1,-1,-1,2,0,2,0,2,0,0,0,0,2,0,0,2,0,2,2,2
62,-5344.324,-6498.858,420.603,-205.305,-0.902995,-0.427404,0.043895,0.427466,-0.903992,-0.008434,0.043285,0.011148,0.999001,0,0.54515,-0.59632,32.709,-1.193,-1,375.000,-1,425.000,-1,325.000,325.000,300.000,300.000,-1,775.000,725.000,-1,750.000,-1,-1,-1,2,0,2,0,2,0,0,0,0,2,0,0,2,0,2,2,2
63,-5369.354,-6486.512,421.715,-206.257,-0.895787,-0.442361,0.043392,0.442529,-0.896733,-0.006155,0.041633,0.013689,0.999039,0,0.46515,-0.47632,27.909,-0.953,-1,375.000,-1,425.000,-1,325.000,325.000,300.000,300.000,-1,875.000,800.000,-1,775.000,-1,-1,-1,2,0,2,0,2,0,0,0,0,2,0,0,2,0,2,2,2
64,-5389.949,-6476.032,422.613,-206.970,-0.890236,-0.453466,0.042982,0.453717,-0.891136,-0.004292,0.040249,0.015681,0.999067,0,0.38515,-0.35632,23.109,-0.713,-1,375.000,-1,425.000,-1,325.000,325.000,300.000,300.000,-1,950.000,875.000,-1,775.000,-1,-1,-1,2,0,2,0,2,0,0,0,0,2,0,0,2,0,2,2,2
65,-5406.198,-6467.594,423.333,-207.443,-0.886482,-0.460791,0.042673,0.461098,-0.887344,-0.002931,0.039216,0.017078,0.999085,0,0.30515,-0.23632,18.309,-0.473,-1,375.000,-1,425.000,-1,325.000,325.000,300.000,300.000,-1,-1,925.000,-1,775.000,-1,-1,-1,2,0,2,0,2,0,0,0,0,2,2,0,2,0,2,2,2
66,-5418.162,-6461.320,423.879,-207.675,-0.884616,-0.464383,0.042452,0.464725,-0.885453,-0.002038,0.038535,0.017926,0.999096,0,0.22515,-0.11632,13.509,-0.233,-1,375.000,-1,425.000,-1,325.000,325.000,300.000,300.000,-1,-1,975.000,-1,775.000,-1,-1,-1,2,0,2,0,2,0,0,0,0,2,2,0,2,0,2,2,2
67,-5425.875,-6457.276,424.238,-207.668,-0.884685,-0.464266,0.042294,0.464625,-0.885506,-0.001508,0.038151,0.018317,0.999104,0,0.14515,0.00368,8.709,0.007,-1,375.000,-1,425.000,-1,325.000,325.000,300.000,300.000,-1,-1,1000.000,-1,775.000,-1,-1,-1,2,0,2,0,2,0,0,0,0,2,2,0,2,0,2,2,2
68,-5429.345,-6455.476,424.416,-207.420,-0.886688,-0.460440,0.042197,0.460800,-0.887503,-0.001338,0.038066,0.018258,0.999108,0,0.06515,0.12368,3.909,0.247,-1,375.000,-1,425.000,-1,325.000,325.000,300.000,300.000,-1,-1,1000.000,-1,775.000,-1,-1,-1,2,0,2,0,2,0,0,0,0,2,2,0,2,0,2,2,2
69,-5428.550,-6455.880,424.415,-206.933,-0.890575,-0.452878,0.042160,0.453223,-0.891396,-0.001528,0.038273,0.017747,0.999110,0,-0.01485,0.24368,-0.891,0.487,-1,375.000,-1,425.000,-1,325.000,325.000,300.000,300.000,-1,-1,1000.000,-1,750.000,-1,-1,-1,2,0,2,0,2,0,0,0,0,2,2,0,2,0,2,2,2
70,-5423.444,-6458.392,424.232,-206.206,-0.896253,-0.441533,0.042181,0.441847,-0.897088,-0.002076,0.038757,0.016777,0.999108,0,-0.09485,0.36368,-5.691,0.727,-1,375.000,-1,425.000,-1,325.000,325.000,300.000,300.000,-1,-1,975.000,-1,750.000,-1,-1,-1,2,0,2,0,2,0,0,0,0,2,2,0,2,0,2,2,2
71,-5413.954,-6462.865,423.861,-205.238,-0.903578,-0.426335,0.042260,0.426600,-0.904436,-0.002986,0.039494,0.015330,0.999102,0,-0.17485,0.48368,-10.491,0.967,-1,375.000,-1,425.000,-1,325.000,325.000,300.000,300.000,-1,1000.000,925.000,-1,750.000,-1,-1,-1,2,0,2,0,2,0,0,0,0,2,0,0,2,0,2,2,2
72,-5401.019,-6468.654,423.338,-204.111,-0.911787,-0.408470,0.042386,0.408673,-0.912671,-0.004167,0.040386,0.013522,0.999093,0,-0.23620,0.56361,-14.172,1.127,-1,375.000,-1,425.000,-1,325.000,325.000,300.000,325.000,-1,950.000,875.000,-1,750.000,1000.000,-1,-1,2,0,2,0,2,0,0,0,0,2,0,0,2,0,0,2,2
73,-5387.882,-6474.226,422.801,-202.985,-0.919634,-0.390469,0.042517,0.390607,-0.920542,-0.005359,0.041231,0.011679,0.999081,0,-0.23783,0.56289,-14.270,1.126,-1,375.000,-1,425.000,-1,325.000,325.000,300.000,325.000,-1,900.000,825.000,-1,750.000,1000.000,-1,-1,2,0,2,0,2,0,0,0,0,2,0,0,2,0,0,2,2
74,-5374.544,-6479.577,422.251,-201.861,-0.927117,-0.372336,0.042654,0.372407,-0.928046,-0.006560,0.042027,0.009803,0.999068,0,-0.23952,0.56224,-14.371,1.124,-1,375.000,-1,425.000,-1,325.000,325.000,300.000,325.000,-1,850.000,775.000,-1,750.000,1000.000,-1,-1,2,0,2,0,2,0,0,0,0,2,0,0,2,0,0,2,2
75,-5361.007,-6484.702,421.688,-200.738,-0.934237,-0.354076,0.042796,0.354079,-0.935183,-0.007771,0.042773,0.007894,0.999054,0,-0.24125,0.56166,-14.475,1.123,-1,375.000,-1,425.000,-1,325.000,325.000,300.000,325.000,-1,800.000,725.000,-1,750.000,1000.000,-1,-1,2,0,2,0,2,0,0,0,0,2,0,0,2,0,0,2,2
76,-5347.272,-6489.597,421.125,-199.615,-0.940990,-0.335696,0.042961,0.335626,-0.941952,-0.009047,0.043504,0.005906,0.999036,0,-0.24302,0.56116,-14.581,1.122,-1,375.000,-1,425.000,-1,325.000,325.000,300.000,325.000,-1,775.000,650.000,-1,750.000,1000.000,-1,-1,2,0,2,0,2,0,0,0,0,2,0,0,2,0,0,2,2
77,-5333.421,-6494.229,420.563,-198.493,-0.947381,-0.317188,0.043146,0.317042,-0.948355,-0.010364,0.044205,0.003860,0.999015,0,-0.24342,0.56106,-14.605,1.122,-1,375.000,-1,425.000,-1,325.000,325.000,300.000,325.000,-1,725.000,600.000,-1,725.000,1000.000,-1,-1,2,0,2,0,2,0,0,0,0,2,0,0,2,0,0,2,2
78,-5319.482,-6498.589,419.995,-197.371,-0.953407,-0.298557,0.043337,0.298334,-0.954390,-0.011682,0.044849,0.001791,0.998992,0,-0.24342,0.56106,-14.605,1.122,-1,375.000,-1,425.000,-1,325.000,325.000,300.000,325.000,-1,675.000,550.000,-1,725.000,1000.000,-1,-1,2,0,2,0,2,0,0,0,0,2,0,0,2,0,0,2,2
79,-5310.080,-6501.372,419.620,-196.489,-0.957889,-0.283829,0.043470,0.283549,-0.958875,-0.012599,0.045258,0.000258,0.998975,0,-0.16342,0.44106,-9.805,0.882,-1,375.000,-1,425.000,-1,325.000,325.000,300.000,325.000,-1,650.000,525.000,-1,725.000,1000.000,-1,-1,2,0,2,0,2,0,0,0,0,2,0,0,2,0,0,2,2
80,-5305.265,-6502.739,419.442,-195.847,-0.961010,-0.273065,0.043542,0.272751,-0.961995,-0.013115,0.045468,-0.000727,0.998966,0,-0.08342,0.32106,-5.005,0.642,-1,375.000,-1,425.000,-1,325.000,325.000,300.000,325.000,-1,625.000,525.000,-1,725.000,975.000,-1,-1,2,0,2,0,2,0,0,0,0,2,0,0,2,0,0,2,2
81,-5305.067,-6502.793,419.463,-195.445,-0.962904,-0.266307,0.043551,0.265980,-0.963888,-0.013231,0.045501,-0.001156,0.998964,0,-0.00342,0.20106,-0.205,0.402,-1,375.000,-1,425.000,-1,325.000,325.000,300.000,325.000,-1,625.000,500.000,-1,725.000,975.000,-1,-1,2,0,2,0,2,0,0,0,0,2,0,0,2,0,0,2,2
82,-5309.499,-6501.582,419.682,-195.283,-0.963657,-0.263579,0.043495,0.263262,-0.964637,-0.012947,0.045369,-0.001026,0.998970,0,0.07658,0.08106,4.595,0.162,-1,375.000,-1,425.000,-1,325.000,325.000,300.000,325.000,-1,625.000,525.000,-1,725.000,975.000,-1,-1,2,0,2,0,2,0,0,0,0,2,0,0,2,0,0,2,2
83,-5318.558,-6499.094,420.097,-195.360,-0.963303,-0.264890,0.043373,0.264606,-0.964279,-0.012263,0.045072,-0.000336,0.998984,0,0.15658,-0.03894,9.395,-0.078,-1,375.000,-1,425.000,-1,325.000,325.000,300.000,325.000,-1,650.000,525.000,-1,725.000,975.000,-1,-1,2,0,2,0,2,0,0,0,0,2,0,0,2,0,0,2,2
84,-5332.225,-6495.258,420.716,-195.678,-0.961824,-0.270235,0.043205,0.270004,-0.962794,-0.011225,0.044631,0.000869,0.999003,0,0.23658,-0.15894,14.195,-0.318,-1,375.000,-1,425.000,-1,325.000,325.000,300.000,325.000,-1,675.000,575.000,-1,725.000,975.000,-1,-1,2,0,2,0,2,0,0,0,0,2,0,0,2,0,0,2,2
85,-5350.462,-6489.947,421.557,-196.236,-0.959153,-0.279596,0.043033,0.279431,-0.960114,-0.009939,0.044096,0.002492,0.999024,0,0.31658,-0.27894,18.995,-0.558,-1,375.000,-1,425.000,-1,325.000,325.000,300.000,325.000,-1,725.000,600.000,-1,725.000,975.000,-1,-1,2,0,2,0,2,0,0,0,0,2,0,0,2,0,0,2,2
86,-5373.213,-6482.977,422.587,-197.034,-0.955173,-0.292937,0.042808,0.292856,-0.956121,-0.008298,0.043360,0.004611,0.999049,0,0.39658,-0.39894,23.795,-0.798,-1,375.000,-1,425.000,-1,325.000,325.000,300.000,325.000,-1,800.000,675.000,-1,725.000,975.000,-1,-1,2,0,2,0,2,0,0,0,0,2,0,0,2,0,0,2,2
87,-5400.471,-6474.335,423.838,-197.592,-0.952285,-0.302229,0.042545,0.302234,-0.953212,-0.006460,0.042507,0.006706,0.999074,0,0.47658,-0.27894,28.595,-0.558,-1,375.000,-1,425.000,-1,325.000,325.000,300.000,325.000,-1,875.000,725.000,-1,725.000,975.000,-1,-1,2,0,2,0,2,0,0,0,0,2,0,0,2,0,0,2,2
88,-5432.205,-6463.935,425.277,-198.147,-0.949328,-0.311437,0.042237,0.311537,-0.950224,-0.004356,0.041492,0.009023,0.999098,0,0.55658,-0.27733,33.395,-0.555,-1,375.000,-1,425.000,-1,325.000,325.000,300.000,325.000,-1,950.000,825.000,-1,750.000,975.000,-1,-1,2,0,2,0,2,0,0,0,0,2,0,0,2,0,0,2,2
89,-5468.383,-6451.690,426.887,-198.699,-0.946295,-0.320580,0.041887,0.320782,-0.947151,-0.001992,0.040312,0.011552,0.999120,0,0.63658,-0.27636,38.195,-0.553,-1,375.000,-1,425.000,-1,325.000,325.000,300.000,325.000,-1,-1,925.000,-1,750.000,975.000,-1,-1,2,0,2,0,2,0,0,0,0,2,2,0,2,0,0,2,2
90,-5508.975,-6437.516,428.649,-199.250,-0.943191,-0.329650,0.041497,0.329959,-0.943995,0.000624,0.038968,0.014281,0.999138,0,0.71658,-0.27513,42.995,-0.550,-1,375.000,-1,425.000,-1,325.000,325.000,300.000,325.000,-1,-1,-1,-1,750.000,975.000,-1,-1,2,0,2,0,2,0,0,0,0,2,2,2,2,0,0,2,2
91,-5552.111,-6421.989,430.466,-199.797,-0.940020,-0.338636,0.041089,0.339051,-0.940762,0.003372,0.037513,0.017101,0.999150,0,0.76410,-0.27362,45.846,-0.547,-1,375.000,-1,425.000,-1,325.000,325.000,300.000,325.000,-1,-1,-1,-1,750.000,950.000,-1,-1,2,0,2,0,2,0,0,0,0,2,2,2,2,0,0,2,2
92,-5595.412,-6405.938,432.224,-200.340,-0.936786,-0.347530,0.040687,0.348044,-0.937458,0.006104,0.036021,0.019879,0.999153,0,0.76968,-0.27184,46.181,-0.544,-1,375.000,-1,425.000,-1,325.000,325.000,300.000,325.000,-1,-1,-1,-1,750.000,950.000,-1,-1,2,0,2,0,2,0,0,0,0,2,2,2,2,0,0,2,2
93,-5638.872,-6389.360,433.922,-200.880,-0.933493,-0.356324,0.040292,0.356932,-0.934089,0.008817,0.034494,0.022612,0.999149,0,0.77523,-0.26986,46.514,-0.540,-1,375.000,-1,425.000,-1,325.000,325.000,300.000,325.000,-1,-1,-1,-1,750.000,950.000,-1,-1,2,0,2,0,2,0,0,0,0,2,2,2,2,0,0,2,2
94,-5682.481,-6372.257,435.553,-201.416,-0.930147,-0.365013,0.039905,0.365707,-0.930659,0.011508,0.032937,0.025298,0.999137,0,0.78073,-0.26767,46.844,-0.535,-1,375.000,-1,425.000,-1,325.000,325.000,300.000,325.000,-1,-1,-1,-1,750.000,950.000,-1,-1,2,0,2,0,2,0,0,0,0,2,2,2,2,0,0,2,2
95,-5726.234,-6354.629,437.115,-201.946,-0.926752,-0.373588,0.039526,0.374363,-0.927174,0.014174,0.031353,0.027933,0.999118,0,0.78618,-0.26527,47.171,-0.531,-1,375.000,-1,425.000,-1,325.000,325.000,300.000,325.000,-1,-1,-1,-1,750.000,925.000,-1,-1,2,0,2,0,2,0,0,0,0,2,2,2,2,0,0,2,2
96,-5765.454,-6338.595,438.465,-202.237,-0.924869,-0.378261,0.039188,0.379099,-0.925209,0.016485,0.030021,0.030102,0.999096,0,0.70618,-0.14527,42.371,-0.291,-1,375.000,-1,425.000,-1,325.000,325.000,300.000,325.000,-1,-1,-1,-1,750.000,925.000,-1,-1,2,0,2,0,2,0,0,0,0,2,2,2,2,0,0,2,2
97,-5802.726,-6323.320,439.601,-202.287,-0.924537,-0.379046,0.039446,0.379973,-0.924798,0.019227,0.029192,0.032764,0.999037,0,0.67135,-0.02527,40.281,-0.051,-1,375.000,-1,425.000,-1,325.000,325.000,300.000,325.000,-1,-1,-1,-1,750.000,925.000,-1,-1,2,0,2,0,2,0,0,0,0,2,2,2,2,0,0,2,2
98,-5840.635,-6307.929,440.663,-202.098,-0.925789,-0.375954,0.039663,0.376966,-0.925967,0.021941,0.028478,0.035265,0.998972,0,0.68190,0.09473,40.914,0.189,-1,375.000,-1,425.000,-1,325.000,325.000,300.000,325.000,-1,-1,-1,-1,-1,900.000,-1,-1,2,0,2,0,2,0,0,0,0,2,2,2,2,2,0,2,2
99,-5879.262,-6292.584,441.639,-201.668,-0.928595,-0.368974,0.039612,0.370055,-0.928687,0.024472,0.027758,0.037383,0.998915,0,0.69272,0.21473,41.563,0.429,-1,375.000,-1,425.000,-1,325.000,325.000,300.000,325.000,-1,-1,-1,-1,-1,900.000,-1,-1,2,0,2,0,2,0,0,0,0,2,2,2,2,2,0,2,2
100,-5918.691,-6277.451,442.614,-200.999,-0.932853,-0.358070,0.039633,0.359221,-0.932861,0.027015,0.027299,0.039438,0.998849,0,0.70389,0.33473,42.233,0.669,-1,375.000,-1,425.000,-1,325.000,325.000,300.000,325.000,-1,-1,-1,-1,-1,875.000,-1,-1,2,0,2,0,2,0,0,0,0,2,2,2,2,2,0,2,2
101,-5959.007,-6262.707,443.596,-200.089,-0.938426,-0.343191,0.039705,0.344415,-0.938352,0.029566,0.027111,0.041421,0.998774,0,0.71547,0.45473,42.928,0.909,-1,375.000,-1,425.000,-1,325.000,325.000,300.000,325.000,-1,-1,-1,-1,-1,-1,-1,-1,2,0,2,0,2,0,0,0,0,2,2,2,2,2,2,2,2
102,-6000.296,-6248.539,444.725,-198.940,-0.945145,-0.324279,0.039288,0.325547,-0.944991,0.031790,0.026818,0.042836,0.998722,0,0.72754,0.57473,43.652,1.149,-1,375.000,-1,425.000,-1,325.000,325.000,300.000,325.000,-1,-1,-1,-1,-1,-1,-1,-1,2,0,2,0,2,0,0,0,0,2,2,2,2,2,2,2,2
103,-6042.592,-6235.002,445.966,-197.748,-0.951703,-0.304537,0.038975,0.305845,-0.951488,0.033619,0.026846,0.043915,0.998674,0,0.74016,0.59597,44.410,1.192,-1,375.000,-1,400.000,-1,325.000,325.000,300.000,325.000,-1,-1,-1,-1,-1,-1,-1,-1,2,0,2,0,2,0,0,0,0,2,2,2,2,2,2,2,2
104,-6085.908,-6222.129,447.252,-196.553,-0.957864,-0.284606,0.038678,0.285953,-0.957591,0.035367,0.026972,0.044936,0.998626,0,0.75315,0.59774,45.189,1.195,-1,375.000,-1,400.000,-1,325.000,325.000,300.000,325.000,-1,-1,-1,-1,-1,-1,-1,-1,2,0,2,0,2,0,0,0,0,2,2,2,2,2,2,2,2
105,-6130.254,-6209.953,448.578,-195.354,-0.963620,-0.264503,0.038391,0.265889,-0.963291,0.037057,0.027180,0.045917,0.998575,0,0.76646,0.59924,45.987,1.198,-1,375.000,-1,400.000,-1,325.000,325.000,300.000,325.000,-1,-1,-1,-1,-1,-1,-1,-1,2,0,2,0,2,0,0,0,0,2,2,2,2,2,2,2,2
106,-6175.639,-6198.509,449.947,-194.153,-0.968964,-0.244245,0.038115,0.245671,-0.968581,0.038690,0.027468,0.046853,0.998524,0,0.78010,0.60046,46.806,1.201,-1,375.000,-1,400.000,-1,325.000,325.000,300.000,325.000,-1,-1,-1,-1,-1,-1,-1,-1,2,0,2,0,2,0,0,0,0,2,2,2,2,2,2,2,2
107,-6222.071,-6187.833,451.361,-192.950,-0.973888,-0.223850,0.037851,0.225315,-0.973454,0.040264,0.027833,0.047741,0.998472,0,0.79407,0.60141,47.644,1.203,-1,-1,-1,400.000,-1,325.000,325.000,300.000,325.000,-1,-1,-1,-1,-1,-1,-1,-1,2,2,2,0,2,0,0,0,0,2,2,2,2,2,2,2,2
108,-6269.558,-6177.959,452.822,-191.746,-0.978387,-0.203336,0.037601,0.204841,-0.977903,0.041780,0.028275,0.048579,0.998419,0,0.80837,0.60207,48.502,1.204,-1,-1,-1,-1,-1,325.000,325.000,300.000,325.000,-1,-1,-1,-1,-1,-1,-1,-1,2,2,2,2,2,1,0,0,0,2,2,2,2,2,2,2,2
109,-6318.105,-6168.926,454.333,-190.541,-0.982454,-0.182721,0.037365,0.184267,-0.981925,0.043237,0.028789,0.049364,0.998366,0,0.82301,0.60243,49.381,1.205,-1,-1,-1,-1,-1,-1,-1,325.000,325.000,-1,-1,-1,-1,-1,-1,-1,-1,2,2,2,2,2,2,2,0,0,2,2,2,2,2,2,2,2
110,-6367.718,-6160.770,455.896,-189.336,-0.986087,-0.162026,0.037141,0.163613,-0.985514,0.044635,0.029371,0.050091,0.998313,0,0.83798,0.60249,50.279,1.205,-1,-1,-1,-1,-1,-1,-1,325.000,325.000,-1,-1,-1,-1,-1,-1,-1,-1,2,2,2,2,2,2,2,0,0,2,2,2,2,2,2,2,2
111,-6418.400,-6153.529,457.515,-188.132,-0.989282,-0.141269,0.036931,0.142897,-0.988669,0.045972,0.030018,0.050757,0.998260,0,0.85329,0.60225,51.197,1.204,-1,-1,-1,-1,-1,-1,-1,325.000,325.000,-1,-1,-1,-1,-1,-1,-1,-1,2,2,2,2,2,2,2,0,0,2,2,2,2,2,2,2,2
112,-6470.155,-6147.240,459.192,-186.928,-0.992037,-0.120471,0.036732,0.122141,-0.991387,0.047249,0.030723,0.051359,0.998208,0,0.86893,0.60169,52.136,1.203,-1,-1,-1,-1,-1,-1,-1,325.000,325.000,-1,-1,-1,-1,-1,-1,-1,-1,2,2,2,2,2,2,2,0,0,2,2,2,2,2,2,2,2
113,-6522.984,-6141.943,460.931,-185.727,-0.994351,-0.099651,0.036543,0.101364,-0.993668,0.048462,0.031482,0.051892,0.998156,0,0.88491,0.60081,53.095,1.202,-1,-1,-1,-1,-1,-1,-1,325.000,325.000,-1,-1,-1,-1,-1,-1,-1,-1,2,2,2,2,2,2,2,0,0,2,2,2,2,2,2,2,2
114,-6576.887,-6137.661,457.693,-184.528,-0.996700,-0.078900,0.019088,0.079453,-0.996382,0.030173,0.016639,0.031590,0.999362,0,0.90123,0.59961,54.074,1.199,-1,-1,-1,-1,-1,-1,-1,275.000,325.000,-1,-1,-1,-1,-1,-1,-1,-1,2,2,2,2,2,2,2,0,0,2,2,2,2,2,2,2,2
115,-6631.868,-6134.460,441.710,-183.331,-0.997700,-0.058058,-0.034998,0.056451,-0.997379,0.045269,-0.037535,0.043189,0.998362,0,0.91788,0.59808,55.073,1.196,-1,-1,-1,-1,-1,-1,-1,225.000,250.000,-1,-1,-1,-1,-1,-1,-1,-1,2,2,2,2,2,2,2,0,0,2,2,2,2,2,2,2,2
116,983.886,-2295.759,443.315,86.135,0.069040,-0.997033,0.034026,0.996551,0.067352,-0.048484,0.046048,0.037256,0.998244,1,0.00000,0.00000,59.873,0.956,650.000,375.000,-1,400.000,-1,300.000,325.000,325.000,325.000,-1,-1,-1,650.000,600.000,800.000,650.000,-1,1,1,2,0,2,0,0,0,0,2,2,2,1,1,0,1,2
117,984.216,-2290.971,443.536,86.050,0.070536,-0.996926,0.034118,0.996449,0.068843,-0.048474,0.045976,0.037416,0.998242,0,0.08000,-0.04285,4.800,-0.086,650.000,375.000,-1,400.000,-1,300.000,325.000,325.000,325.000,-1,-1,-1,650.000,600.000,800.000,650.000,-1,1,1,2,0,2,0,0,0,0,2,2,2,1,1,0,1,2
118,984.891,-2281.394,443.977,85.965,0.072014,-0.996814,0.034300,0.996347,0.070313,-0.048457,0.045891,0.037665,0.998236,0,0.16000,-0.04225,9.600,-0.085,625.000,375.000,-1,400.000,-1,300.000,325.000,325.000,325.000,-1,-1,-1,650.000,600.000,800.000,650.000,-1,1,1,2,0,2,0,0,0,0,2,2,2,1,1,0,1,2
119,985.925,-2267.031,444.639,85.883,0.073458,-0.996699,0.034575,0.996246,0.071745,-0.048434,0.045793,0.038003,0.998228,0,0.24000,-0.04119,14.400,-0.082,625.000,375.000,-1,400.000,-1,300.000,325.000,325.000,325.000,-1,-1,-1,675.000,600.000,800.000,625.000,-1,1,1,2,0,2,0,0,0,0,2,2,2,1,1,0,1,2
120,987.330,-2247.883,445.519,85.803,0.074853,-0.996582,0.034944,0.996148,0.073123,-0.048405,0.045684,0.038433,0.998216,0,0.32000,-0.03965,19.200,-0.079,600.000,375.000,-1,400.000,-1,300.000,325.000,325.000,325.000,-1,-1,-1,700.000,575.000,800.000,625.000,-1,1,1,2,0,2,0,0,0,0,2,2,2,1,1,0,1,2
121,989.117,-2223.950,446.617,85.728,0.076180,-0.996465,0.035408,0.996052,0.074430,-0.048371,0.045565,0.038953,0.998202,0,0.40000,-0.03761,24.000,-0.075,575.000,375.000,-1,400.000,-1,300.000,325.000,325.000,325.000,-1,-1,-1,725.000,575.000,800.000,600.000,-1,1,1,2,0,2,1,0,0,0,2,2,2,1,1,0,1,2
122,991.297,-2195.232,447.932,85.658,0.077422,-0.996349,0.035968,0.995963,0.075647,-0.048333,0.045436,0.039564,0.998183,0,0.48000,-0.03504,28.800,-0.070,550.000,375.000,-1,400.000,-1,300.000,325.000,325.000,325.000,-1,-1,-1,750.000,575.000,800.000,575.000,-1,1,1,2,0,2,1,0,0,0,2,2,2,1,1,0,1,2
123,993.878,-2161.731,449.462,85.594,0.078557,-0.996237,0.036624,0.995880,0.076754,-0.048293,0.045300,0.040267,0.998162,0,0.56000,-0.03188,33.600,-0.064,525.000,350.000,-1,400.000,-1,300.000,325.000,325.000,325.000,-1,-1,-1,800.000,550.000,800.000,550.000,-1,1,1,2,0,2,1,0,0,0,2,2,2,1,1,0,1,2
124,996.865,-2123.448,451.207,85.538,0.079565,-0.996129,0.037379,0.995806,0.077728,-0.048250,0.045158,0.041061,0.998136,0,0.64000,-0.02810,38.400,-0.056,500.000,350.000,-1,400.000,-1,300.000,325.000,325.000,325.000,-1,-1,-1,850.000,550.000,800.000,525.000,-1,1,1,2,0,2,1,0,0,0,2,2,2,1,1,0,1,2
125,1000.260,-2080.381,453.166,85.491,0.080420,-0.996028,0.038231,0.995744,0.078547,-0.048208,0.045013,0.041945,0.998105,0,0.72000,-0.02362,43.200,-0.047,450.000,350.000,-1,400.000,-1,300.000,325.000,325.000,325.000,-1,-1,-1,925.000,550.000,800.000,475.000,-1,1,1,2,0,2,1,0,0,0,2,2,2,1,1,0,1,2
126,1004.064,-2032.532,455.337,85.454,0.081097,-0.995936,0.039181,0.995696,0.079182,-0.048166,0.044868,0.042919,0.998071,0,0.80000,-0.01837,48.000,-0.037,400.000,350.000,-1,400.000,-1,300.000,325.000,325.000,325.000,-1,-1,-1,975.000,525.000,800.000,450.000,-1,1,1,2,0,2,1,0,0,0,2,2,2,1,1,0,1,2
127,1007.875,-1982.337,457.659,85.658,0.077619,-0.996168,0.040317,0.995961,0.075645,-0.048362,0.045127,0.043908,0.998016,0,0.83900,0.10163,50.340,0.203,375.000,325.000,-1,400.000,-1,300.000,325.000,325.000,325.000,-1,-1,-1,-1,525.000,775.000,400.000,-1,1,1,2,0,2,1,0,0,0,2,2,2,2,1,1,1,2
128,1011.303,-1931.968,461.286,86.101,0.070400,-0.996444,0.046296,0.996273,0.067917,-0.053178,0.049844,0.049868,0.997511,0,0.84142,0.22163,50.485,0.443,350.000,350.000,-1,400.000,-1,325.000,325.000,350.000,325.000,-1,-1,-1,-1,525.000,775.000,400.000,-1,1,1,2,0,2,1,0,0,0,2,2,2,2,1,1,1,2
129,1014.139,-1881.417,464.938,86.784,0.059050,-0.996885,0.052286,0.996758,0.056013,-0.057760,0.054651,0.055527,0.996960,0,0.84383,0.34163,50.630,0.683,350.000,350.000,-1,425.000,-1,325.000,325.000,350.000,325.000,-1,-1,425.000,-1,525.000,750.000,375.000,-1,1,1,2,0,2,1,0,0,0,2,2,0,2,1,1,1,2
130,1016.164,-1830.680,468.661,87.707,0.043583,-0.997336,0.058500,0.997263,0.039930,-0.062230,0.059728,0.061052,0.996346,0,0.84628,0.46163,50.777,0.923,325.000,350.000,-1,425.000,-1,325.000,350.000,375.000,300.000,-1,650.000,300.000,-1,525.000,750.000,375.000,-1,1,1,2,0,2,1,0,0,0,2,0,0,2,1,1,1,2
131,1017.209,-1779.761,472.503,88.818,0.024939,-0.997565,0.065136,0.997563,0.020586,-0.066661,0.065158,0.066639,0.995647,0,0.84883,0.55524,50.930,1.110,325.000,350.000,-1,425.000,-1,350.000,350.000,400.000,300.000,-1,425.000,225.000,-1,525.000,725.000,350.000,-1,1,1,2,0,2,1,0,0,0,2,0,0,2,1,1,1,2
132,1017.256,-1728.676,476.489,89.939,0.006214,-0.997365,0.072280,0.997465,0.001058,-0.071149,0.070885,0.072538,0.994843,0,0.85141,0.56071,51.085,1.121,300.000,350.000,975.000,450.000,-1,350.000,375.000,425.000,300.000,-1,350.000,175.000,-1,500.000,700.000,350.000,-1,1,1,1,0,2,1,0,0,0,2,0,0,2,1,1,1,2
133,1016.289,-1677.463,480.635,91.072,-0.012573,-0.996714,0.080019,0.996955,-0.018655,-0.075716,0.076960,0.078823,0.993914,0,0.85371,0.56651,51.222,1.133,275.000,350.000,925.000,450.000,-1,350.000,375.000,450.000,300.000,-1,275.000,125.000,-1,475.000,675.000,325.000,-1,1,1,1,1,2,1,0,0,0,2,0,0,2,1,1,1,2
134,1014.292,-1626.161,484.958,92.218,-0.031399,-0.995586,0.088442,0.996019,-0.038552,-0.080372,0.083427,0.085566,0.992833,0,0.85567,0.57268,51.340,1.145,275.000,350.000,875.000,425.000,-1,350.000,375.000,425.000,300.000,-1,250.000,100.000,-1,475.000,625.000,300.000,-1,1,1,1,1,2,1,1,1,0,2,0,0,2,1,1,1,2
135,1011.252,-1574.816,489.472,93.376,-0.050239,-0.993953,0.097642,0.994644,-0.058635,-0.085121,0.090331,0.092843,0.991575,0,0.85724,0.57926,51.434,1.159,250.000,325.000,825.000,400.000,-1,325.000,350.000,400.000,275.000,-1,225.000,75.000,-1,450.000,600.000,300.000,-1,1,1,1,1,2,1,1,1,0,2,0,0,2,1,1,1,2
136,1007.154,-1523.478,494.192,94.549,-0.069061,-0.991781,0.107712,0.992815,-0.078903,-0.089955,0.097715,0.100726,0.990104,0,0.85836,0.58629,51.502,1.173,250.000,325.000,825.000,400.000,-1,325.000,350.000,375.000,275.000,-1,200.000,50.000,925.000,450.000,575.000,275.000,-1,1,1,1,1,2,1,1,1,0,2,0,0,0,1,1,1,2
