timestep,x_cm,y_cm,z_cm,yaw_deg,basis_xx,basis_xy,basis_xz,basis_yx,basis_yy,basis_yz,basis_zx,basis_zy,basis_zz,teleport_flag,throttle_cmd,steering_cmd,cmd_move_cm,cmd_turn_deg,lidar_cm_0,lidar_cm_1,lidar_cm_2,lidar_cm_3,lidar_cm_4,lidar_cm_5,lidar_cm_6,lidar_cm_7,lidar_cm_8,lidar_cm_9,lidar_cm_10,lidar_cm_11,lidar_cm_12,lidar_cm_13,lidar_cm_14,lidar_cm_15,lidar_cm_16,lidar_class_0,lidar_class_1,lidar_class_2,lidar_class_3,lidar_class_4,lidar_class_5,lidar_class_6,lidar_class_7,lidar_class_8,lidar_class_9,lidar_class_10,lidar_class_11,lidar_class_12,lidar_class_13,lidar_class_14,lidar_class_15,lidar_class_16
0,-1643.331,-7546.482,7.267,43.064,0.727411,-0.682693,-0.069313,0.676986,0.730470,-0.090021,0.112088,0.018558,0.993525,1,-0.08000,0.12000,-4.800,0.240,-1,375.000,-1,375.000,-1,300.000,300.000,325.000,300.000,-1,200.000,225.000,-1,725.000,675.000,-1,-1,2,0,2,0,2,0,0,0,0,2,0,0,2,0,0,2,2
1,-1650.289,-7553.096,6.238,43.544,0.721704,-0.688798,-0.068553,0.683192,0.724736,-0.089483,0.111319,0.017746,0.993626,0,-0.16000,0.24000,-9.600,0.480,-1,375.000,-1,375.000,-1,300.000,300.000,325.000,300.000,-1,200.000,225.000,-1,725.000,675.000,-1,-1,2,0,2,0,2,0,0,0,0,2,0,0,2,0,0,2,2
2,-1660.602,-7563.147,4.695,44.264,0.713049,-0.697865,-0.067415,0.692409,0.716038,-0.088650,0.110137,0.016533,0.993779,0,-0.24000,0.36000,-14.400,0.720,-1,375.000,-1,375.000,-1,300.000,300.000,325.000,300.000,-1,200.000,225.000,-1,725.000,675.000,-1,-1,2,0,2,0,2,0,0,0,0,2,0,0,2,0,0,2,2
3,-1671.319,-7573.944,3.055,45.212,0.701453,-0.709636,-0.066182,0.704346,0.704410,-0.087765,0.108900,0.014948,0.993940,0,-0.25354,0.47406,-15.212,0.948,-1,375.000,-1,375.000,-1,300.000,300.000,325.000,300.000,-1,200.000,225.000,-1,725.000,675.000,-1,-1,2,0,2,0,2,0,0,0,0,2,0,0,2,0,0,2,2
4,-1681.830,-7584.890,1.474,46.160,0.689670,-0.721208,-0.064919,0.716054,0.692585,-0.087134,0.107804,0.013608,0.994079,0,-0.25293,0.47403,-15.176,0.948,-1,375.000,-1,375.000,-1,300.000,300.000,325.000,300.000,-1,225.000,225.000,-1,725.000,675.000,-1,-1,2,0,2,0,2,0,0,0,0,2,0,0,2,0,0,2,2
5,-1692.134,-7595.982,-0.073,47.108,0.677702,-0.732578,-0.063635,0.727544,0.680570,-0.086629,0.106771,0.012411,0.994206,0,-0.25231,0.47396,-15.139,0.948,-1,375.000,-1,375.000,-1,300.000,300.000,325.000,300.000,-1,225.000,250.000,-1,700.000,650.000,-1,-1,2,0,2,0,2,0,0,0,0,2,0,0,2,0,0,2,2
6,-1702.228,-7607.216,-1.613,48.055,0.665549,-0.743745,-0.062348,0.738829,0.668369,-0.086108,0.105714,0.011245,0.994333,0,-0.25171,0.47386,-15.102,0.948,-1,375.000,-1,350.000,-1,300.000,300.000,325.000,300.000,-1,225.000,250.000,-1,700.000,650.000,-1,-1,2,0,2,0,2,0,0,0,0,2,0,0,2,0,0,2,2
7,-1712.113,-7618.587,-3.145,49.003,0.653218,-0.754704,-0.061057,0.749906,0.655987,-0.085571,0.104634,0.010110,0.994459,0,-0.25111,0.47373,-15.067,0.947,-1,375.000,-1,350.000,-1,300.000,300.000,325.000,300.000,-1,225.000,250.000,-1,700.000,650.000,-1,-1,2,0,2,0,2,0,0,0,0,2,0,0,2,0,0,2,2
8,-1721.785,-7630.094,-4.670,49.950,0.640711,-0.765453,-0.059764,0.760770,0.643429,-0.085019,0.103532,0.009006,0.994585,0,-0.25053,0.47357,-15.032,0.947,-1,375.000,-1,350.000,-1,300.000,300.000,325.000,300.000,-1,225.000,250.000,-1,700.000,650.000,-1,-1,2,0,2,0,2,0,0,0,0,2,0,0,2,0,0,2,2
9,-1734.357,-7645.432,-6.637,50.657,0.631306,-0.773340,-0.058285,0.768795,0.633937,-0.084135,0.102014,0.008306,0.994748,0,-0.33053,0.35357,-19.832,0.707,-1,375.000,-1,350.000,-1,300.000,300.000,325.000,300.000,-1,225.000,250.000,-1,700.000,650.000,-1,-1,2,0,2,0,2,0,0,0,0,2,0,0,2,0,0,2,2
10,-1749.817,-7664.608,-9.018,51.124,0.625098,-0.778485,-0.056685,0.774097,0.627612,-0.082928,0.100135,0.007959,0.994942,0,-0.41053,0.23357,-24.632,0.467,-1,375.000,-1,350.000,-1,300.000,300.000,325.000,300.000,-1,225.000,275.000,-1,675.000,625.000,-1,-1,2,0,2,0,2,0,0,0,0,2,0,0,2,0,0,2,2
11,-1767.894,-7687.213,-11.769,51.351,0.622156,-0.780967,-0.054891,0.776751,0.624521,-0.081438,0.097881,0.008030,0.995166,0,-0.48240,0.11357,-28.944,0.227,-1,375.000,-1,350.000,-1,300.000,300.000,325.000,300.000,-1,225.000,275.000,-1,675.000,625.000,-1,-1,2,0,2,0,2,0,0,0,0,2,0,0,2,0,0,2,2
12,-1785.963,-7709.798,-14.472,51.339,0.622487,-0.780824,-0.053142,0.776771,0.624694,-0.079902,0.095586,0.008459,0.995385,0,-0.48204,-0.00643,-28.923,-0.013,-1,375.000,-1,350.000,-1,300.000,300.000,325.000,300.000,-1,250.000,275.000,-1,675.000,625.000,-1,-1,2,0,2,0,2,0,0,0,0,2,0,0,2,0,0,2,2
13,-1804.123,-7732.292,-17.127,51.086,0.626089,-0.778054,-0.051423,0.774157,0.628130,-0.078323,0.093240,0.009228,0.995601,0,-0.48181,-0.12643,-28.909,-0.253,-1,375.000,-1,350.000,-1,300.000,300.000,325.000,300.000,-1,250.000,275.000,-1,675.000,625.000,-1,-1,2,0,2,0,2,0,0,0,0,2,0,0,2,0,0,2,2
14,-1822.470,-7754.623,-19.737,50.593,0.632927,-0.772614,-0.049718,0.768866,0.634792,-0.076706,0.090825,0.010323,0.995813,0,-0.48169,-0.24643,-28.901,-0.493,-1,375.000,-1,350.000,-1,300.000,300.000,325.000,300.000,-1,250.000,275.000,-1,650.000,625.000,-1,-1,2,0,2,0,2,0,0,0,0,2,0,0,2,0,0,2,2
15,-1841.102,-7776.717,-22.301,49.860,0.642929,-0.764419,-0.048011,0.760816,0.644613,-0.075056,0.088323,0.011728,0.996023,0,-0.48167,-0.36643,-28.900,-0.733,-1,375.000,-1,350.000,-1,300.000,300.000,325.000,300.000,-1,250.000,275.000,-1,650.000,600.000,-1,-1,2,0,2,0,2,0,0,0,0,2,0,0,2,0,0,2,2
16,-1860.109,-7798.494,-24.811,48.887,0.655990,-0.753349,-0.046292,0.749891,0.657485,-0.073331,0.085680,0.013390,0.996233,0,-0.48175,-0.48643,-28.905,-0.973,-1,375.000,-1,350.000,-1,300.000,300.000,325.000,300.000,-1,275.000,300.000,-1,650.000,600.000,-1,-1,2,0,2,0,2,0,0,0,0,2,0,0,2,0,0,2,2
17,-1879.579,-7819.872,-27.165,47.674,0.671955,-0.739247,-0.044617,0.735975,0.673269,-0.071063,0.082572,0.014914,0.996474,0,-0.48192,-0.60643,-28.915,-1.213,-1,375.000,-1,350.000,1000.000,300.000,300.000,325.000,300.000,-1,275.000,300.000,-1,625.000,600.000,-1,-1,2,0,2,0,0,0,0,0,0,2,0,0,2,0,0,2,2
18,-1899.596,-7840.760,-29.482,46.221,0.690659,-0.721917,-0.042735,0.718819,0.691774,-0.068905,0.079306,0.016871,0.996708,0,-0.48216,-0.72643,-28.930,-1.453,-1,375.000,-1,350.000,975.000,300.000,300.000,325.000,325.000,-1,300.000,325.000,-1,625.000,600.000,-1,1000.000,2,0,2,0,0,0,0,0,0,2,0,0,2,0,0,2,0
19,-1920.234,-7861.061,-31.785,44.529,0.711863,-0.701136,-0.040729,0.698203,0.712769,-0.066879,0.075922,0.019171,0.996929,0,-0.48248,-0.84643,-28.949,-1.693,-1,375.000,-1,350.000,975.000,300.000,300.000,325.000,325.000,-1,325.000,350.000,-1,625.000,600.000,-1,975.000,2,0,2,0,0,0,0,0,0,2,0,0,2,0,0,2,0
20,-1941.562,-7880.669,-34.079,42.596,0.735283,-0.676661,-0.038590,0.673883,0.735972,-0.065014,0.072394,0.021799,0.997138,0,-0.48286,-0.96643,-28.971,-1.933,-1,350.000,-1,350.000,950.000,300.000,300.000,325.000,325.000,-1,350.000,350.000,-1,625.000,600.000,-1,925.000,2,0,2,0,0,0,0,0,0,2,0,0,2,0,0,2,0
21,-1963.566,-7899.556,-36.363,40.643,0.758081,-0.651149,-0.036302,0.648522,0.758555,-0.063352,0.068788,0.024483,0.997331,0,-0.48330,-0.97636,-28.998,-1.953,-1,350.000,-1,350.000,950.000,300.000,300.000,325.000,325.000,-1,375.000,375.000,-1,600.000,600.000,-1,925.000,2,0,2,0,0,0,0,0,0,2,0,0,2,0,0,2,0
22,-1986.221,-7917.698,-38.634,38.689,0.779995,-0.624868,-0.033881,0.622388,0.780257,-0.061904,0.065117,0.027197,0.997507,0,-0.48372,-0.97679,-29.023,-1.954,-1,350.000,-1,350.000,950.000,300.000,300.000,325.000,325.000,-1,400.000,375.000,-1,600.000,575.000,-1,900.000,2,0,2,0,0,0,0,0,0,2,0,0,2,0,0,2,0
23,-2009.501,-7935.071,-40.889,36.735,0.800996,-0.597848,-0.031348,0.595514,0.801050,-0.060680,0.061389,0.029936,0.997665,0,-0.48413,-0.97717,-29.048,-1.954,-1,350.000,-1,350.000,925.000,300.000,300.000,325.000,325.000,-1,425.000,400.000,-1,600.000,575.000,1000.000,875.000,2,0,2,0,0,0,0,0,0,2,0,0,2,0,0,0,0
24,-2033.379,-7951.654,-43.117,34.780,0.821057,-0.570123,-0.028726,0.567929,0.820908,-0.059724,0.057632,0.032723,0.997802,0,-0.48452,-0.97750,-29.071,-1.955,-1,350.000,-1,350.000,925.000,300.000,300.000,325.000,325.000,-1,475.000,425.000,-1,600.000,575.000,925.000,875.000,2,0,2,0,0,0,0,0,0,2,0,0,2,0,0,0,0
25,-2057.828,-7967.424,-45.033,32.825,0.840119,-0.541732,-0.026949,0.539635,0.839813,-0.059229,0.054719,0.035217,0.997881,0,-0.48490,-0.97778,-29.094,-1.956,-1,350.000,-1,350.000,950.000,300.000,300.000,325.000,300.000,-1,500.000,425.000,-1,600.000,575.000,900.000,875.000,2,0,2,0,0,0,0,0,0,2,0,0,2,0,0,0,0
26,-2082.819,-7982.361,-46.691,30.868,0.858156,-0.512721,-0.026179,0.510702,0.857765,-0.058508,0.052454,0.036839,0.997944,0,-0.48526,-0.97802,-29.116,-1.956,-1,350.000,-1,350.000,975.000,300.000,300.000,325.000,300.000,-1,500.000,425.000,-1,600.000,575.000,900.000,900.000,2,0,2,0,0,0,0,0,0,2,0,0,2,0,0,0,0
27,-2108.325,-7996.448,-48.294,28.912,0.875188,-0.483112,-0.025488,0.481169,0.874719,-0.057828,0.050232,0.038347,0.998001,0,-0.48561,-0.97820,-29.137,-1.956,1000.000,375.000,-1,350.000,-1,300.000,300.000,325.000,300.000,-1,525.000,425.000,-1,600.000,600.000,900.000,925.000,0,0,2,0,2,0,0,0,0,2,0,0,2,0,0,0,0
28,-2134.315,-8009.664,-49.806,26.955,0.891194,-0.452941,-0.024849,0.451080,0.890660,-0.057033,0.047964,0.039618,0.998063,0,-0.48596,-0.97833,-29.158,-1.957,975.000,375.000,-1,350.000,-1,300.000,300.000,325.000,300.000,-1,550.000,425.000,-1,600.000,600.000,900.000,975.000,0,0,2,0,2,0,0,0,0,2,0,0,2,0,0,0,0
29,-2160.759,-8021.994,-51.188,24.999,0.906156,-0.422249,-0.024207,0.420484,0.905574,-0.055934,0.045540,0.040507,0.998141,0,-0.48630,-0.97842,-29.178,-1.957,950.000,375.000,-1,375.000,-1,300.000,300.000,325.000,300.000,-1,625.000,450.000,-1,600.000,600.000,900.000,1000.000,0,0,2,0,2,0,0,0,0,2,0,0,2,0,0,0,0
30,-2187.628,-8033.423,-52.501,23.042,0.920059,-0.391068,-0.023611,0.389397,0.919437,-0.054820,0.043147,0.041244,0.998217,0,-0.48664,-0.97845,-29.198,-1.957,950.000,375.000,-1,375.000,-1,300.000,300.000,325.000,300.000,-1,750.000,475.000,-1,600.000,625.000,900.000,-1,0,0,2,0,2,0,0,0,0,2,0,0,2,0,0,0,2
31,-2214.890,-8043.934,-53.747,21.085,0.932885,-0.359435,-0.023060,0.357856,0.932232,-0.053692,0.040796,0.041836,0.998291,0,-0.48698,-0.97843,-29.219,-1.957,925.000,375.000,-1,375.000,-1,300.000,300.000,325.000,300.000,-1,900.000,500.000,-1,600.000,625.000,900.000,-1,0,0,2,0,2,0,0,0,0,2,0,0,2,0,0,0,2
32,-2242.515,-8053.515,-54.925,19.128,0.944621,-0.327388,-0.022555,0.325898,0.943943,-0.052554,0.038496,0.042293,0.998363,0,-0.48732,-0.97837,-29.239,-1.957,925.000,375.000,-1,375.000,-1,300.000,325.000,325.000,300.000,-1,-1,625.000,-1,625.000,625.000,900.000,-1,0,0,2,0,2,0,0,0,0,2,2,0,2,0,0,0,2
33,-2270.470,-8062.153,-56.032,17.172,0.955251,-0.294967,-0.022125,0.293562,0.954558,-0.051388,0.036277,0.042594,0.998434,0,-0.48766,-0.97825,-29.259,-1.957,925.000,375.000,-1,375.000,-1,300.000,325.000,325.000,300.000,-1,-1,775.000,-1,625.000,650.000,925.000,-1,0,0,2,0,2,0,0,0,0,2,2,0,2,0,0,0,2
34,-2298.723,-8069.838,-56.964,15.215,0.964755,-0.262214,-0.022168,0.260883,0.964080,-0.049903,0.034457,0.042361,0.998508,0,-0.48800,-0.97808,-29.280,-1.956,925.000,375.000,-1,400.000,-1,300.000,325.000,325.000,300.000,-1,-1,925.000,-1,625.000,650.000,925.000,-1,0,0,2,0,2,0,0,0,0,2,2,0,2,0,0,0,2
35,-2327.243,-8076.559,-57.865,13.260,0.973137,-0.229162,-0.022127,0.227904,0.972476,-0.048470,0.032626,0.042125,0.998580,0,-0.48836,-0.97787,-29.301,-1.956,925.000,375.000,-1,400.000,-1,300.000,325.000,300.000,300.000,-1,-1,-1,-1,625.000,675.000,950.000,-1,0,0,2,0,2,0,0,0,0,2,2,2,2,0,0,0,2
36,-2355.997,-8082.307,-58.734,11.304,0.980387,-0.195851,-0.022015,0.194664,0.979738,-0.047101,0.030794,0.041892,0.998648,0,-0.48872,-0.97760,-29.323,-1.955,925.000,375.000,-1,400.000,-1,300.000,325.000,300.000,300.000,-1,-1,-1,-1,625.000,700.000,950.000,-1,0,0,2,0,2,0,0,0,0,2,2,2,2,0,0,0,2
37,-2384.952,-8087.075,-59.573,9.350,0.986496,-0.162323,-0.021845,0.161203,0.985858,-0.045806,0.028971,0.041666,0.998711,0,-0.48910,-0.97729,-29.346,-1.955,950.000,375.000,-1,400.000,-1,300.000,325.000,300.000,325.000,-1,-1,-1,-1,650.000,700.000,975.000,-1,0,0,2,0,2,0,0,0,0,2,2,2,2,0,0,0,2
38,-2414.077,-8090.856,-60.384,7.396,0.991458,-0.128617,-0.021631,0.127562,0.990828,-0.044593,0.027168,0.041453,0.998771,0,-0.48949,-0.97692,-29.369,-1.954,950.000,375.000,-1,400.000,-1,325.000,325.000,300.000,325.000,-1,-1,-1,-1,650.000,700.000,1000.000,-1,0,0,2,0,2,0,0,0,0,2,2,2,2,0,0,0,2
39,-2443.338,-8093.645,-61.167,5.443,0.995269,-0.094776,-0.021389,0.093782,0.994643,-0.043469,0.025395,0.041257,0.998826,0,-0.48989,-0.97650,-29.394,-1.953,950.000,375.000,-1,400.000,-1,325.000,325.000,300.000,325.000,-1,-1,-1,-1,650.000,725.000,1000.000,-1,0,0,2,0,2,0,0,0,0,2,2,2,2,0,0,0,2
40,-2467.879,-8095.245,-61.804,3.730,0.997660,-0.065001,-0.021178,0.064056,0.997037,-0.042601,0.023885,0.041145,0.998868,0,-0.40989,-0.85650,-24.594,-1.713,975.000,375.000,-1,400.000,-1,325.000,325.000,300.000,300.000,-1,-1,-1,-1,650.000,725.000,-1,-1,0,0,2,0,2,0,0,0,0,2,2,2,2,0,0,2,2
41,-2487.657,-8096.025,-62.306,2.257,0.999005,-0.039350,-0.021010,0.038443,0.998380,-0.041959,0.022627,0.041109,0.998898,0,-0.32989,-0.73650,-19.794,-1.473,975.000,375.000,-1,400.000,-1,325.000,325.000,300.000,300.000,-1,-1,-1,-1,675.000,725.000,-1,-1,0,0,2,0,2,0,0,0,0,2,2,2,2,0,0,2,2
42,-2502.648,-8096.293,-62.682,1.024,0.999622,-0.017857,-0.020889,0.016978,0.998994,-0.041511,0.021609,0.041141,0.998920,0,-0.24989,-0.61650,-14.994,-1.233,975.000,375.000,-1,400.000,-1,325.000,325.000,300.000,300.000,-1,-1,-1,-1,675.000,750.000,-1,-1,0,0,2,0,2,0,0,0,0,2,2,2,2,0,0,2,2
43,-2512.842,-8096.298,-62.938,0.031,0.999783,-0.000541,-0.020813,-0.000317,0.999149,-0.041236,0.020818,0.041234,0.998933,0,-0.16989,-0.49650,-10.194,-0.993,1000.000,375.000,-1,400.000,-1,325.000,325.000,300.000,300.000,-1,-1,-1,-1,675.000,750.000,-1,-1,0,0,2,0,2,0,0,0,0,2,2,2,2,0,0,2,2
44,-2518.235,-8096.230,-63.078,-0.722,0.999705,0.012590,-0.020780,-0.013436,0.999064,-0.041114,0.020243,0.041381,0.998938,0,-0.08989,-0.37650,-5.394,-0.753,1000.000,375.000,-1,400.000,-1,325.000,325.000,300.000,300.000,-1,-1,-1,-1,675.000,750.000,-1,-1,0,0,2,0,2,0,0,0,0,2,2,2,2,0,0,2,2
45,-2518.828,-8096.217,-63.107,-1.235,0.999552,0.021534,-0.020787,-0.022375,0.998903,-0.041134,0.019878,0.041581,0.998937,0,-0.00989,-0.25650,-0.594,-0.513,1000.000,375.000,-1,400.000,-1,325.000,325.000,300.000,300.000,-1,-1,-1,-1,675.000,750.000,-1,-1,0,0,2,0,2,0,0,0,0,2,2,2,2,0,0,2,2
46,-2514.623,-8096.328,-63.024,-1.508,0.999437,0.026293,-0.020831,-0.027136,0.998779,-0.041289,0.019720,0.041831,0.998930,0,0.07011,-0.13650,4.206,-0.273,1000.000,375.000,-1,400.000,-1,325.000,325.000,300.000,300.000,-1,-1,-1,-1,675.000,750.000,-1,-1,0,0,2,0,2,0,0,0,0,2,2,2,2,0,0,2,2
47,-2505.620,-8096.570,-62.831,-1.541,0.999420,0.026868,-0.020911,-0.027720,0.998751,-0.041577,0.019768,0.042133,0.998916,0,0.15011,-0.01650,9.006,-0.033,1000.000,375.000,-1,400.000,-1,325.000,325.000,300.000,300.000,-1,-1,-1,-1,675.000,750.000,-1,-1,0,0,2,0,2,0,0,0,0,2,2,2,2,0,0,2,2
48,-2491.818,-8096.915,-62.530,-1.432,0.999467,0.024976,-0.021032,-0.025842,0.998783,-0.042009,0.019957,0.042530,0.998896,0,0.23011,0.05427,13.806,0.109,1000.000,375.000,-1,400.000,-1,325.000,325.000,300.000,300.000,-1,-1,-1,-1,675.000,750.000,-1,-1,0,0,2,0,2,0,0,0,0,2,2,2,2,0,0,2,2
49,-2473.217,-8097.345,-62.124,-1.325,0.999509,0.023094,-0.021197,-0.023981,0.998805,-0.042596,0.020188,0.043083,0.998867,0,0.31011,0.05395,18.606,0.108,975.000,375.000,-1,400.000,-1,325.000,325.000,300.000,300.000,-1,-1,-1,-1,675.000,750.000,-1,-1,0,0,2,0,2,0,0,0,0,2,2,2,2,0,0,2,2
50,-2449.816,-8097.841,-61.614,-1.218,0.999545,0.021227,-0.021408,-0.022140,0.998815,-0.043338,0.020463,0.043793,0.998831,0,0.39011,0.05351,23.406,0.107,975.000,375.000,-1,400.000,-1,325.000,325.000,300.000,300.000,-1,-1,-1,-1,650.000,725.000,-1,-1,0,0,2,0,2,0,0,0,0,2,2,2,2,0,0,2,2
51,-2421.615,-8098.388,-60.999,-1.112,0.999577,0.019381,-0.021665,-0.020325,0.998814,-0.044237,0.020782,0.044659,0.998786,0,0.47011,0.05294,28.206,0.106,950.000,375.000,-1,400.000,-1,325.000,325.000,300.000,300.000,-1,-1,-1,-1,650.000,725.000,-1,-1,0,0,2,0,2,0,0,0,0,2,2,2,2,0,0,2,2
52,-2388.616,-8099.105,-60.290,-1.246,0.999523,0.021718,-0.021972,-0.022696,0.998716,-0.045289,0.020960,0.045766,0.998732,0,0.55011,-0.06706,33.006,-0.134,950.000,375.000,-1,400.000,-1,325.000,325.000,300.000,300.000,-1,-1,-1,-1,650.000,725.000,-1,-1,0,0,2,0,2,0,0,0,0,2,2,2,2,0,0,2,2
53,-2350.825,-8100.173,-59.493,-1.620,0.999352,0.028236,-0.022324,-0.029250,0.998491,-0.046473,0.020978,0.047096,0.998670,0,0.63011,-0.18706,37.806,-0.374,925.000,375.000,-1,400.000,-1,325.000,325.000,300.000,300.000,-1,-1,-1,-1,650.000,700.000,1000.000,-1,0,0,2,0,2,0,0,0,0,2,2,2,2,0,0,0,2
54,-2308.250,-8101.804,-58.619,-2.195,0.999010,0.038251,-0.022715,-0.039301,0.998085,-0.047762,0.020845,0.048608,0.998600,0,0.71011,-0.28745,42.606,-0.575,925.000,375.000,-1,400.000,-1,325.000,325.000,300.000,300.000,-1,-1,-1,-1,625.000,700.000,975.000,-1,0,0,2,0,2,0,0,0,0,2,2,2,2,0,0,0,2
55,-2260.899,-8104.095,-57.669,-2.772,0.998565,0.048306,-0.023139,-0.049396,0.997569,-0.049147,0.020708,0.050219,0.998524,0,0.79011,-0.28878,47.406,-0.578,900.000,375.000,-1,400.000,-1,325.000,325.000,300.000,300.000,-1,-1,-1,-1,625.000,700.000,950.000,-1,0,0,2,0,2,0,0,0,0,2,2,2,2,0,0,0,2
56,-2208.781,-8107.148,-56.651,-3.353,0.998014,0.058410,-0.023593,-0.059543,0.996942,-0.050612,0.020565,0.051917,0.998440,0,0.87011,-0.29038,52.206,-0.581,875.000,375.000,-1,400.000,-1,325.000,325.000,300.000,300.000,-1,-1,-1,-1,625.000,675.000,925.000,-1,0,0,2,0,2,0,0,0,0,2,2,2,2,0,0,0,2
57,-2151.909,-8111.061,-55.576,-3.938,0.997356,0.068572,-0.024080,-0.069751,0.996201,-0.052143,0.020413,0.053685,0.998349,0,0.95011,-0.29229,57.006,-0.585,850.000,375.000,-1,375.000,-1,325.000,325.000,300.000,300.000,-1,-1,-1,-1,600.000,675.000,900.000,-1,0,0,2,0,2,0,0,0,0,2,2,2,2,0,0,0,2
58,-2093.793,-8115.661,-54.517,-4.527,0.996587,0.078802,-0.024569,-0.080027,0.995349,-0.053627,0.020228,0.055410,0.998259,0,0.97163,-0.29453,58.298,-0.589,825.000,350.000,-1,375.000,-1,300.000,325.000,300.000,300.000,-1,-1,-1,-1,600.000,650.000,850.000,-1,0,0,2,0,2,0,0,0,0,2,2,2,2,0,0,0,2
59,-2035.691,-8120.866,-53.502,-5.121,0.995707,0.089108,-0.025050,-0.090375,0.994387,-0.055023,0.020006,0.057050,0.998171,0,0.97225,-0.29699,58.335,-0.594,775.000,350.000,-1,375.000,-1,300.000,300.000,300.000,300.000,-1,-1,-1,-1,575.000,650.000,825.000,-1,0,0,2,0,2,0,0,0,0,2,2,2,2,0,0,0,2
60,-1982.400,-8125.972,-52.484,-5.475,0.995121,0.095240,-0.025753,-0.096573,0.993708,-0.056729,0.020188,0.058939,0.998057,0,0.89225,-0.17699,53.535,-0.354,750.000,350.000,-1,350.000,-1,300.000,300.000,300.000,300.000,-1,-1,-1,-1,575.000,625.000,800.000,-1,0,0,2,0,2,0,0,0,0,2,2,2,2,0,0,0,2
61,-1933.896,-8130.715,-50.837,-5.589,0.994857,0.097194,-0.028513,-0.098766,0.993289,-0.060182,0.022472,0.062689,0.997780,0,0.81225,-0.05699,48.735,-0.114,775.000,350.000,-1,350.000,-1,300.000,300.000,300.000,300.000,-1,-1,-1,-1,575.000,625.000,825.000,-1,0,0,2,0,2,0,0,0,0,2,2,2,2,0,0,0,2
62,-1890.161,-8134.896,-48.744,-5.463,0.994953,0.095003,-0.032279,-0.096832,0.993440,-0.060836,0.026287,0.063654,0.997626,0,0.73225,0.06301,43.935,0.126,825.000,350.000,-1,350.000,-1,300.000,300.000,300.000,300.000,-1,-1,-1,-1,575.000,650.000,850.000,-1,0,0,2,0,2,0,0,0,0,2,2,2,2,0,0,0,2
63,-1850.648,-8138.450,-46.843,-5.142,0.995354,0.089434,-0.035667,-0.091505,0.993910,-0.061404,0.029958,0.064382,0.997476,0,0.66120,0.16044,39.672,0.321,850.000,350.000,-1,375.000,-1,300.000,300.000,300.000,300.000,-1,-1,750.000,-1,600.000,650.000,900.000,-1,0,0,2,0,2,0,0,0,0,2,2,0,2,0,0,0,2
64,-1810.978,-8141.797,-44.927,-4.824,0.995706,0.083923,-0.039067,-0.086240,0.994343,-0.062001,0.033643,0.065104,0.997311,0,0.66352,0.15871,39.811,0.317,875.000,350.000,-1,375.000,-1,300.000,300.000,300.000,300.000,-1,-1,575.000,-1,600.000,650.000,925.000,-1,0,0,2,0,2,0,0,0,0,2,2,0,2,0,0,0,2
65,-1771.118,-8144.938,-42.993,-4.507,0.996016,0.078403,-0.042481,-0.080975,0.994747,-0.062627,0.037347,0.065818,0.997132,0,0.66639,0.15887,39.983,0.318,925.000,350.000,-1,375.000,-1,300.000,300.000,300.000,300.000,-1,675.000,500.000,-1,600.000,675.000,975.000,-1,0,0,2,0,2,0,0,0,0,2,0,0,2,0,0,0,2
66,-1731.069,-8147.869,-41.042,-4.189,0.996284,0.072878,-0.045909,-0.075709,0.995120,-0.063285,0.041073,0.066525,0.996939,0,0.66927,0.15900,40.156,0.318,975.000,350.000,-1,375.000,-1,300.000,300.000,325.000,300.000,-1,550.000,425.000,-1,625.000,700.000,-1,-1,0,0,2,0,2,0,0,0,0,2,0,0,2,0,0,2,2
67,-1690.831,-8150.590,-39.073,-3.870,0.996508,0.067347,-0.049352,-0.070444,0.995462,-0.063974,0.044820,0.067227,0.996731,0,0.67216,0.15911,40.330,0.318,-1,350.000,-1,375.000,-1,300.000,300.000,325.000,300.000,-1,475.000,375.000,-1,625.000,700.000,-1,-1,2,0,2,0,2,0,0,0,0,2,0,0,2,0,0,2,2
68,-1650.404,-8153.098,-37.084,-3.552,0.996690,0.061811,-0.052810,-0.065182,0.995774,-0.064695,0.048588,0.067923,0.996507,0,0.67507,0.15919,40.504,0.318,-1,375.000,-1,375.000,-1,300.000,300.000,300.000,300.000,-1,425.000,350.000,-1,625.000,725.000,-1,-1,2,0,2,0,2,0,0,0,0,2,0,0,2,0,0,2,2
69,-1609.789,-8155.392,-35.076,-3.234,0.996828,0.056272,-0.056284,-0.059924,0.996055,-0.065450,0.052379,0.068615,0.996267,0,0.67799,0.15924,40.680,0.318,-1,375.000,-1,375.000,-1,300.000,325.000,300.000,300.000,-1,400.000,325.000,-1,650.000,725.000,-1,-1,2,0,2,0,2,0,0,0,0,2,0,0,2,0,0,2,2
70,-1568.986,-8157.468,-33.047,-2.915,0.996922,0.050732,-0.059773,-0.054672,0.996305,-0.066239,0.056191,0.069303,0.996012,0,0.68093,0.15926,40.856,0.319,-1,375.000,-1,375.000,-1,300.000,325.000,300.000,300.000,-1,350.000,300.000,-1,650.000,750.000,-1,-1,2,0,2,0,2,0,0,0,0,2,0,0,2,0,0,2,2
71,-1527.995,-8159.325,-30.997,-2.596,0.996972,0.045190,-0.063278,-0.049427,0.996524,-0.067064,0.060027,0.069988,0.995740,0,0.68388,0.15925,41.033,0.319,-1,375.000,-1,400.000,-1,300.000,325.000,300.000,300.000,-1,325.000,275.000,-1,650.000,775.000,1000.000,-1,2,0,2,0,2,0,0,0,0,2,0,0,2,0,0,1,2
72,-1486.816,-8160.962,-28.926,-2.278,0.996978,0.039649,-0.066799,-0.044190,0.996711,-0.067925,0.063886,0.070672,0.995452,0,0.68685,0.15921,41.211,0.318,-1,375.000,-1,400.000,-1,325.000,325.000,300.000,300.000,-1,300.000,275.000,-1,675.000,775.000,975.000,-1,2,0,2,0,2,0,0,0,0,2,0,0,2,0,0,1,2
73,-1445.450,-8162.376,-26.832,-1.960,0.996940,0.034110,-0.070336,-0.038963,0.996868,-0.068824,0.067768,0.071353,0.995146,0,0.68983,0.15914,41.390,0.318,-1,375.000,-1,400.000,-1,325.000,325.000,300.000,300.000,-1,275.000,250.000,-1,675.000,800.000,950.000,-1,2,0,2,0,2,0,0,0,0,2,0,0,2,0,0,1,2
74,-1403.898,-8163.566,-24.715,-1.642,0.996857,0.028574,-0.073889,-0.033749,0.996993,-0.069761,0.071674,0.072035,0.994824,0,0.69282,0.15904,41.569,0.318,1000.000,375.000,1000.000,400.000,-1,325.000,325.000,300.000,300.000,-1,275.000,250.000,-1,675.000,825.000,925.000,-1,1,0,1,0,2,0,0,0,0,2,0,0,2,0,1,1,2
75,-1362.159,-8164.529,-22.574,-1.324,0.996729,0.023043,-0.077459,-0.028549,0.997086,-0.070737,0.075604,0.072717,0.994483,0,0.69582,0.15889,41.749,0.318,975.000,375.000,975.000,400.000,-1,325.000,325.000,300.000,300.000,-1,250.000,250.000,-1,700.000,800.000,875.000,-1,1,0,1,0,2,0,0,0,0,2,0,0,2,0,1,1,2
76,-1320.235,-8165.263,-20.348,-1.006,0.996572,0.017517,-0.080856,-0.023369,0.997131,-0.071999,0.079363,0.073642,0.994122,0,0.69884,0.15872,41.930,0.317,950.000,375.000,925.000,400.000,-1,325.000,325.000,300.000,300.000,-1,250.000,225.000,-1,700.000,775.000,850.000,-1,1,0,1,0,2,0,0,0,0,2,0,0,2,0,1,1,2
77,-1278.126,-8165.769,-17.018,-0.689,0.996637,0.011999,-0.081062,-0.017985,0.997131,-0.073523,0.079947,0.074733,0.993994,0,0.70186,0.15850,42.112,0.317,900.000,375.000,875.000,400.000,-1,325.000,325.000,300.000,300.000,-1,275.000,275.000,-1,700.000,750.000,800.000,-1,1,0,1,0,2,0,0,0,0,2,0,0,2,1,1,1,2
78,-1235.833,-8166.043,-13.595,-0.373,0.996689,0.006491,-0.081052,-0.012585,0.997111,-0.074903,0.080332,0.075675,0.993891,0,0.70490,0.15824,42.294,0.316,850.000,375.000,850.000,400.000,-1,325.000,325.000,300.000,300.000,-1,325.000,325.000,-1,650.000,725.000,775.000,-1,1,0,1,0,2,0,0,0,0,2,0,0,2,1,1,1,2
79,-1193.356,-8166.084,-10.140,-0.057,0.996709,0.000994,-0.081052,-0.007199,0.997059,-0.076298,0.080738,0.076630,0.993785,0,0.70796,0.15794,42.477,0.316,800.000,375.000,800.000,400.000,-1,325.000,325.000,300.000,300.000,-1,375.000,350.000,-1,625.000,700.000,725.000,-1,1,0,1,0,2,0,0,0,0,2,0,0,2,1,1,1,2
80,-1150.695,-8165.891,-6.651,0.258,0.996699,-0.004491,-0.081062,-0.001828,0.996975,-0.077704,0.081166,0.077596,0.993676,0,0.71102,0.15760,42.661,0.315,750.000,375.000,750.000,400.000,-1,325.000,325.000,300.000,300.000,-1,425.000,400.000,-1,600.000,650.000,675.000,-1,1,0,1,0,2,0,0,0,0,2,0,0,2,1,1,1,2
81,-1107.853,-8165.461,-3.127,0.572,0.996658,-0.009961,-0.081083,0.003526,0.996859,-0.079120,0.081616,0.078570,0.993562,0,0.71409,0.15720,42.845,0.314,725.000,375.000,725.000,400.000,-1,325.000,325.000,300.000,300.000,-1,450.000,425.000,-1,575.000,625.000,650.000,-1,1,0,1,0,2,0,0,0,0,2,0,0,2,1,1,1,2
82,-1064.828,-8164.794,0.433,0.886,0.996586,-0.015414,-0.081115,0.008861,0.996712,-0.080542,0.082090,0.079549,0.993445,0,0.71717,0.15676,43.030,0.314,675.000,375.000,675.000,400.000,-1,325.000,325.000,300.000,300.000,-1,500.000,475.000,-1,525.000,575.000,600.000,-1,1,0,1,0,2,0,0,0,0,2,0,0,2,1,1,1,2
83,-1021.622,-8163.889,4.032,1.199,0.996483,-0.020849,-0.081161,0.014174,0.996534,-0.081969,0.082589,0.080531,0.993325,0,0.72026,0.15626,43.216,0.313,625.000,375.000,625.000,400.000,-1,325.000,325.000,300.000,300.000,-1,550.000,525.000,-1,500.000,550.000,575.000,-1,1,0,1,0,2,0,0,0,0,2,0,0,2,1,1,1,2
84,-978.236,-8162.744,7.669,1.510,0.996350,-0.026263,-0.081221,0.019464,0.996326,-0.083398,0.083113,0.081513,0.993201,0,0.72336,0.15571,43.401,0.311,575.000,375.000,575.000,400.000,-1,325.000,325.000,300.000,300.000,-1,600.000,550.000,-1,475.000,500.000,525.000,850.000,1,0,1,1,2,0,0,0,0,2,0,0,2,1,1,1,1
85,-934.671,-8161.358,11.346,1.820,0.996187,-0.031654,-0.081296,0.024729,0.996089,-0.084826,0.083663,0.082492,0.993074,0,0.72646,0.15510,43.588,0.310,525.000,350.000,550.000,375.000,-1,325.000,325.000,300.000,300.000,-1,625.000,600.000,-1,425.000,475.000,475.000,700.000,1,1,1,1,2,1,1,0,0,2,0,0,2,1,1,1,1
86,-890.927,-8159.731,15.065,2.129,0.995995,-0.037020,-0.081388,0.029966,0.995823,-0.086250,0.084241,0.083466,0.992944,0,0.72957,0.15442,43.774,0.309,500.000,325.000,500.000,325.000,-1,300.000,300.000,300.000,300.000,-1,675.000,625.000,-1,400.000,425.000,450.000,600.000,1,1,1,1,2,1,1,0,0,2,0,0,2,1,1,1,1
87,-842.389,-8157.866,19.194,2.198,0.995940,-0.038211,-0.081505,0.031010,0.995650,-0.087864,0.084508,0.084980,0.992792,0,0.80957,0.03442,48.574,0.069,425.000,300.000,450.000,300.000,-1,275.000,275.000,300.000,300.000,-1,725.000,675.000,-1,375.000,400.000,400.000,525.000,1,1,1,1,2,1,1,0,0,2,0,0,2,1,1,1,1
88,-793.539,-8156.092,23.340,2.077,0.996008,-0.036111,-0.081629,0.028760,0.995571,-0.089507,0.084499,0.086802,0.992636,0,0.81469,-0.06027,48.882,-0.121,375.000,275.000,400.000,275.000,-1,250.000,250.000,300.000,300.000,-1,775.000,725.000,-1,325.000,350.000,350.000,450.000,1,1,1,1,2,1,1,0,0,2,0,0,2,1,1,1,1
89,-744.476,-8154.414,27.501,1.956,0.996073,-0.033999,-0.081753,0.026499,0.995485,-0.091142,0.084482,0.088618,0.992477,0,0.81820,-0.06060,49.092,-0.121,325.000,225.000,350.000,250.000,-1,200.000,200.000,300.000,300.000,-1,825.000,775.000,-1,275.000,325.000,300.000,400.000,1,1,1,1,2,1,1,0,0,2,0,0,2,1,1,1,1
90,-695.198,-8152.833,31.675,1.834,0.996133,-0.031875,-0.081876,0.024226,0.995393,-0.092771,0.084456,0.090429,0.992315,0,0.82172,-0.06097,49.303,-0.122,275.000,200.000,300.000,225.000,-1,175.000,175.000,300.000,300.000,-1,875.000,825.000,-1,250.000,275.000,250.000,325.000,1,1,1,1,2,1,1,0,0,2,0,0,2,1,1,1,1
91,-645.704,-8151.358,37.279,1.711,0.995816,-0.029752,-0.086403,0.021996,0.995756,-0.089367,0.088696,0.087093,0.992244,0,0.82525,-0.06136,49.515,-0.123,200.000,175.000,250.000,200.000,-1,150.000,150.000,300.000,325.000,-1,850.000,825.000,-1,200.000,250.000,200.000,300.000,1,1,1,1,2,1,1,0,0,2,0,0,2,1,1,1,1
92,-595.987,-8149.958,52.625,1.588,0.992329,-0.027580,-0.120509,0.015586,0.994930,-0.099358,0.122638,0.096717,0.987728,0,0.82879,-0.06179,49.727,-0.124,225.000,175.000,275.000,200.000,-1,150.000,150.000,350.000,350.000,-1,375.000,300.000,1000.000,225.000,250.000,200.000,375.000,1,1,1,1,2,1,1,0,0,2,0,0,0,1,1,1,1
93,-4263.509,3607.579,381.717,-133.918,-0.694032,0.716409,0.071256,-0.719922,-0.689838,-0.076390,-0.005571,-0.104317,0.994529,1,0.00000,0.00000,49.941,-0.125,400.000,375.000,850.000,375.000,-1,300.000,300.000,325.000,325.000,-1,550.000,575.000,-1,475.000,700.000,425.000,-1,1,0,1,0,2,0,0,0,0,2,1,1,2,1,0,1,2
94,-4266.853,3604.135,381.697,-134.158,-0.697002,0.713512,0.071335,-0.717051,-0.692832,-0.076298,-0.005016,-0.104331,0.994530,0,0.08000,-0.12000,4.800,-0.240,375.000,375.000,875.000,375.000,-1,300.000,300.000,325.000,325.000,-1,550.000,575.000,-1,475.000,700.000,425.000,-1,1,0,1,0,2,0,0,0,0,2,1,1,2,1,0,1,2
95,-4273.599,3597.304,381.667,-134.638,-0.702906,0.707681,0.071491,-0.711273,-0.698784,-0.076110,-0.003905,-0.104348,0.994533,0,0.16000,-0.24000,9.600,-0.480,375.000,375.000,875.000,375.000,-1,300.000,300.000,325.000,325.000,-1,575.000,575.000,-1,475.000,700.000,400.000,-1,1,0,1,0,2,0,0,0,0,2,1,1,2,1,0,1,2
96,-4283.846,3587.185,381.647,-135.358,-0.711668,0.698845,0.071722,-0.702512,-0.707621,-0.075821,-0.002235,-0.104345,0.994539,0,0.24000,-0.36000,14.400,-0.720,375.000,375.000,925.000,375.000,-1,300.000,300.000,325.000,325.000,-1,575.000,600.000,-1,475.000,700.000,400.000,-1,1,0,1,0,2,0,0,0,0,2,1,1,2,1,0,1,2
97,-4297.732,3573.924,381.652,-136.318,-0.723177,0.686892,0.072078,-0.690663,-0.719232,-0.075429,0.000029,-0.104330,0.994543,0,0.32000,-0.48000,19.200,-0.960,350.000,375.000,-1,375.000,-1,300.000,300.000,325.000,325.000,-1,575.000,625.000,-1,475.000,700.000,400.000,-1,1,0,2,0,2,0,0,0,0,2,1,0,2,1,0,1,2
98,-4315.433,3557.715,381.708,-137.518,-0.737274,0.671681,0.072607,-0.675587,-0.733462,-0.074937,0.002921,-0.104301,0.994541,0,0.40000,-0.60000,24.000,-1.200,350.000,375.000,-1,375.000,-1,300.000,300.000,325.000,325.000,-1,575.000,625.000,-1,450.000,725.000,375.000,-1,1,0,2,0,2,0,0,0,0,2,1,0,2,1,0,1,2
99,-4337.157,3538.804,381.877,-138.958,-0.753769,0.653049,0.073209,-0.657108,-0.750123,-0.074323,0.006379,-0.104128,0.994543,0,0.48000,-0.72000,28.800,-1.440,325.000,375.000,-1,375.000,-1,300.000,300.000,325.000,325.000,-1,600.000,625.000,-1,450.000,725.000,350.000,-1,1,0,2,0,2,0,0,0,0,2,1,0,2,1,0,1,2
100,-4363.137,3517.494,382.203,-140.638,-0.772418,0.630804,0.073864,-0.635029,-0.768980,-0.073535,0.010414,-0.103706,0.994553,0,0.56000,-0.84000,33.600,-1.680,300.000,375.000,-1,375.000,-1,300.000,300.000,325.000,325.000,-1,600.000,600.000,-1,450.000,725.000,325.000,-1,1,1,2,0,2,0,0,0,0,2,1,0,2,1,0,1,2
101,-4393.605,3494.118,382.743,-142.501,-0.792332,0.605516,0.074559,-0.609907,-0.789145,-0.072547,0.014910,-0.102956,0.994574,0,0.64000,-0.93159,38.400,-1.863,275.000,375.000,-1,375.000,-1,300.000,300.000,325.000,325.000,-1,625.000,600.000,-1,425.000,725.000,325.000,-1,1,1,2,0,2,0,0,0,0,2,1,0,2,1,0,1,2
102,-4428.714,3468.942,383.553,-144.352,-0.811299,0.579764,0.075281,-0.584307,-0.808388,-0.071378,0.019474,-0.101896,0.994604,0,0.72000,-0.92587,43.200,-1.852,250.000,350.000,-1,375.000,-1,300.000,300.000,325.000,325.000,-1,650.000,600.000,-1,425.000,750.000,300.000,-1,1,1,2,0,2,0,0,0,0,2,1,0,2,1,0,1,2
103,-4468.600,3442.235,384.681,-146.192,-0.829306,0.553599,0.076020,-0.558275,-0.826697,-0.070012,0.024087,-0.100502,0.994645,0,0.80000,-0.91960,48.000,-1.839,225.000,350.000,-1,375.000,-1,300.000,325.000,325.000,325.000,-1,650.000,600.000,-1,400.000,750.000,275.000,-1,1,1,2,0,2,0,0,1,0,2,0,0,2,1,0,1,2
104,-4510.129,3416.306,386.060,-148.017,-0.846352,0.527071,0.076711,-0.531855,-0.844056,-0.068549,0.028619,-0.098816,0.994694,0,0.81595,-0.91280,48.957,-1.826,200.000,350.000,-1,400.000,-1,300.000,325.000,300.000,325.000,-1,675.000,600.000,-1,400.000,750.000,250.000,-1,1,1,2,0,2,0,0,1,0,2,0,0,2,1,0,1,2
105,-4552.222,3391.841,387.648,-149.830,-0.862450,0.500203,0.077311,-0.505065,-0.860476,-0.067012,0.033005,-0.096841,0.994752,0,0.81140,-0.90644,48.684,-1.813,175.000,325.000,-1,400.000,-1,300.000,325.000,275.000,325.000,-1,675.000,600.000,-1,400.000,775.000,225.000,-1,1,1,2,0,2,0,0,1,0,2,0,0,2,1,0,1,2
106,-4594.803,3368.861,389.432,-151.641,-0.877688,0.472873,0.077815,-0.477783,-0.876040,-0.065397,0.037244,-0.094577,0.994821,0,0.80641,-0.90520,48.384,-1.810,150.000,325.000,-1,400.000,-1,325.000,325.000,250.000,325.000,-1,700.000,600.000,-1,425.000,800.000,200.000,-1,1,1,2,0,2,0,0,1,0,2,0,0,2,1,0,1,2
107,-4639.983,3346.356,391.509,-153.518,-0.892587,0.444032,0.078254,-0.448962,-0.891283,-0.063623,0.041496,-0.091922,0.994901,0,0.84121,-0.93862,50.473,-1.877,150.000,325.000,-1,400.000,-1,325.000,325.000,225.000,325.000,-1,725.000,625.000,-1,425.000,850.000,175.000,-1,1,1,2,0,2,0,0,1,0,2,0,0,2,1,0,1,2
108,-4685.756,3325.391,395.005,-155.380,-0.906216,0.415118,0.080311,-0.419885,-0.905875,-0.055560,0.049688,-0.084070,0.995220,0,0.83906,-0.93129,50.344,-1.863,125.000,350.000,-1,400.000,-1,325.000,325.000,200.000,300.000,-1,650.000,500.000,-1,500.000,900.000,150.000,-1,1,1,2,0,2,0,0,1,0,2,0,0,2,1,0,1,2
109,-4732.021,3305.983,399.699,-157.228,-0.918600,0.386072,0.084391,-0.390411,-0.919665,-0.042366,0.061255,-0.071865,0.995532,0,0.83613,-0.92359,50.168,-1.847,125.000,350.000,-1,425.000,-1,350.000,350.000,200.000,300.000,-1,525.000,350.000,-1,-1,1000.000,175.000,-1,1,1,2,0,2,0,0,1,0,2,0,0,2,2,0,1,2
110,-4778.670,3288.138,403.465,-159.059,-0.930133,0.356681,0.087356,-0.360685,-0.932036,-0.034858,0.068986,-0.063931,0.995567,0,0.83241,-0.91556,49.944,-1.831,125.000,375.000,-1,425.000,-1,350.000,350.000,175.000,300.000,-1,475.000,275.000,-1,-1,-1,200.000,-1,1,1,2,0,2,0,0,1,0,2,0,0,2,2,2,1,2
111,-4825.604,3271.866,406.744,-160.873,-0.940744,0.327100,0.089477,-0.330865,-0.943180,-0.030675,0.074359,-0.058462,0.995516,0,0.82789,-0.90726,49.673,-1.815,150.000,425.000,-1,450.000,-1,375.000,375.000,175.000,300.000,-1,475.000,275.000,-1,-1,-1,300.000,-1,1,1,2,0,2,0,0,1,0,2,0,0,2,2,2,1,2
112,-4872.723,3257.166,409.641,-162.671,-0.950440,0.297410,0.090617,-0.301055,-0.953156,-0.029313,0.077654,-0.055141,0.995454,0,0.82262,-0.89877,49.357,-1.798,175.000,450.000,-1,450.000,-1,375.000,375.000,150.000,300.000,-1,475.000,275.000,-1,-1,-1,-1,-1,1,1,2,0,2,0,0,1,0,2,0,0,2,2,2,2,2
113,-4919.930,3244.032,412.231,-164.451,-0.959225,0.267677,0.090759,-0.271309,-0.962020,-0.030140,0.079244,-0.053535,0.995417,0,0.81667,-0.89018,49.000,-1.780,250.000,475.000,-1,450.000,-1,375.000,375.000,150.000,300.000,-1,525.000,300.000,-1,-1,-1,-1,-1,1,0,2,0,2,0,0,1,0,2,0,0,2,2,2,2,2
114,-4967.141,3232.462,414.591,-166.229,-0.967165,0.237712,0.089920,-0.241412,-0.969874,-0.032641,0.079452,-0.053277,0.995414,0,0.81012,-0.88874,48.607,-1.777,-1,500.000,-1,450.000,-1,375.000,375.000,125.000,300.000,500.000,625.000,375.000,-1,-1,-1,-1,-1,2,0,2,0,2,0,0,1,0,1,0,0,2,2,2,2,2
115,-5014.275,3222.446,416.808,-168.004,-0.974244,0.207538,0.088189,-0.211352,-0.976736,-0.036278,0.078608,-0.053983,0.995443,0,0.80310,-0.88781,48.186,-1.776,-1,500.000,-1,450.000,-1,375.000,375.000,125.000,300.000,400.000,775.000,450.000,-1,-1,-1,-1,-1,2,0,2,0,2,0,0,1,0,1,0,0,2,2,2,2,2
116,-5063.665,3213.327,419.202,-169.540,-0.979679,0.181276,0.085836,-0.185195,-0.981885,-0.040069,0.077018,-0.055151,0.995503,0,0.83709,-0.76781,50.225,-1.536,-1,475.000,-1,450.000,-1,375.000,375.000,125.000,300.000,325.000,-1,625.000,-1,-1,-1,-1,-1,2,0,2,0,2,0,0,1,0,1,2,0,2,2,2,2,2
117,-5112.813,3205.397,421.630,-170.835,-0.983778,0.159015,0.083041,-0.163020,-0.985647,-0.043873,0.074873,-0.056699,0.995580,0,0.82972,-0.64781,49.783,-1.296,-1,475.000,-1,450.000,-1,375.000,375.000,125.000,300.000,275.000,-1,950.000,-1,-1,-1,-1,-1,2,0,2,0,2,0,0,1,0,1,2,0,2,2,2,2,2
118,-5161.694,3198.517,424.075,-171.990,-0.987051,0.139115,0.079864,-0.143188,-0.988544,-0.047736,0.072309,-0.058553,0.995662,0,0.82273,-0.57706,49.364,-1.154,-1,475.000,-1,450.000,-1,375.000,350.000,125.000,300.000,225.000,-1,-1,-1,-1,-1,-1,-1,2,0,2,0,2,0,0,1,0,1,2,2,2,2,2,2,2
119,-5210.311,3192.671,426.536,-173.144,-0.989937,0.119147,0.076346,-0.123262,-0.991029,-0.051657,0.069507,-0.060548,0.995742,0,0.81612,-0.57748,48.967,-1.155,-1,475.000,-1,450.000,-1,350.000,350.000,125.000,300.000,200.000,-1,-1,-1,-1,-1,-1,-1,2,0,2,0,2,0,0,1,0,1,2,2,2,2,2,2,2
120,-5258.656,3187.845,428.800,-174.301,-0.992548,0.099122,0.070882,-0.103017,-0.993235,-0.053579,0.065091,-0.060482,0.996045,0,0.80977,-0.57821,48.586,-1.156,-1,450.000,-1,450.000,-1,350.000,350.000,150.000,300.000,150.000,-1,-1,-1,-1,-1,-1,-1,2,0,2,0,2,0,0,1,0,1,2,2,2,2,2,2,2
121,-5306.732,3184.030,432.553,-175.459,-0.995040,0.079054,0.060387,-0.082033,-0.995446,-0.048557,0.056273,-0.053270,0.996993,0,0.80380,-0.57923,48.228,-1.158,-1,450.000,-1,425.000,-1,350.000,350.000,175.000,300.000,150.000,-1,-1,-1,-1,-1,-1,-1,2,0,2,0,2,0,0,1,0,1,2,2,2,2,2,2,2
122,-5354.546,3181.209,435.936,-176.620,-0.996898,0.058884,0.052214,-0.061235,-0.997124,-0.044644,0.049436,-0.047703,0.997637,0,0.79830,-0.58053,47.898,-1.161,-1,450.000,-1,400.000,-1,350.000,325.000,200.000,275.000,175.000,-1,-1,-1,-1,1000.000,-1,-1,2,0,2,0,2,0,0,1,0,1,2,2,2,2,0,2,2
123,-5402.110,3179.370,438.944,-177.785,-0.998206,0.038619,0.045753,-0.040549,-0.998293,-0.042032,0.044051,-0.043812,0.998068,0,0.79332,-0.58209,47.599,-1.164,-1,425.000,-1,400.000,-1,350.000,325.000,225.000,275.000,175.000,-1,-1,-1,-1,950.000,-1,-1,2,0,2,0,2,0,0,1,0,1,2,2,2,2,0,2,2
124,-5449.436,3178.505,441.630,-178.952,-0.999002,0.018268,0.040758,-0.019925,-0.998976,-0.040621,0.039974,-0.041393,0.998343,0,0.78891,-0.58389,47.335,-1.168,-1,425.000,-1,400.000,-1,325.000,325.000,250.000,275.000,200.000,-1,-1,-1,-1,900.000,-1,-1,2,0,2,0,2,0,0,1,0,1,2,2,2,2,0,2,2
125,-5496.541,3178.607,444.045,-180.124,-0.999313,-0.002166,0.036999,0.000674,-0.999188,-0.040297,0.037056,-0.040244,0.998503,0,0.78509,-0.58591,47.105,-1.172,-1,425.000,-1,400.000,-1,325.000,325.000,325.000,275.000,225.000,-1,-1,-1,-1,900.000,-1,-1,2,0,2,0,2,0,0,1,0,1,2,2,2,2,0,2,2
126,-5543.441,3179.672,446.241,-181.300,-0.999156,-0.022678,0.034258,0.021269,-0.998936,-0.040930,0.035150,-0.040166,0.998575,0,0.78186,-0.58815,46.912,-1.176,-1,425.000,-1,375.000,-1,325.000,325.000,375.000,275.000,225.000,-1,-1,-1,-1,900.000,-1,-1,2,0,2,0,2,0,0,0,0,1,2,2,2,2,0,2,2
127,-5590.150,3181.696,448.268,-182.482,-0.998540,-0.043263,0.032331,0.041877,-0.998224,-0.042380,0.034107,-0.040964,0.998578,0,0.77921,-0.59057,46.753,-1.181,-1,425.000,-1,375.000,-1,325.000,325.000,375.000,275.000,250.000,-1,-1,-1,-1,900.000,-1,-1,2,0,2,0,2,0,0,0,0,1,2,2,2,2,0,2,2
128,-5636.682,3184.678,450.176,-183.668,-0.997473,-0.063916,0.031027,0.062506,-0.997052,-0.044492,0.033779,-0.042440,0.998528,0,0.77713,-0.59316,46.628,-1.186,-1,425.000,-1,400.000,-1,325.000,325.000,375.000,275.000,275.000,-1,-1,-1,-1,900.000,-1,-1,2,0,2,0,2,0,0,0,0,1,2,2,2,2,0,2,2
129,-5683.051,3188.620,452.015,-184.860,-0.995955,-0.084634,0.030171,0.083162,-0.995422,-0.047100,0.034020,-0.044400,0.998434,0,0.77559,-0.59592,46.535,-1.192,-1,450.000,-1,400.000,-1,350.000,325.000,375.000,275.000,300.000,-1,-1,-1,-1,925.000,-1,-1,2,0,2,0,2,0,0,0,0,1,2,2,2,2,0,2,2
130,-5725.095,3192.898,453.575,-185.812,-0.994439,-0.101147,0.029348,0.099599,-0.993765,-0.050113,0.034233,-0.046911,0.998312,0,0.70436,-0.47592,42.261,-0.952,-1,450.000,-1,400.000,-1,350.000,325.000,375.000,300.000,350.000,-1,-1,-1,-1,950.000,-1,-1,2,0,2,0,2,0,0,0,0,1,2,2,2,2,0,2,2
131,-5767.058,3197.695,455.083,-186.523,-0.993138,-0.113468,0.028307,0.111846,-0.992285,-0.053486,0.034157,-0.049953,0.998167,0,0.70393,-0.35592,42.236,-0.712,-1,450.000,-1,425.000,-1,350.000,350.000,350.000,300.000,375.000,-1,-1,-1,-1,1000.000,-1,-1,2,0,2,0,2,0,0,0,0,1,2,2,2,2,0,2,2
132,-5808.985,3202.838,456.657,-186.995,-0.992208,-0.121617,0.027084,0.119940,-0.991160,-0.056715,0.033742,-0.053025,0.998023,0,0.70403,-0.23592,42.242,-0.472,-1,475.000,-1,425.000,-1,350.000,350.000,350.000,300.000,425.000,-1,-1,-1,-1,-1,-1,-1,2,0,2,0,2,0,0,0,0,1,2,2,2,2,2,2,2
