timestep,x_cm,y_cm,z_cm,yaw_deg,basis_xx,basis_xy,basis_xz,basis_yx,basis_yy,basis_yz,basis_zx,basis_zy,basis_zz,teleport_flag,throttle_cmd,steering_cmd,cmd_move_cm,cmd_turn_deg,lidar_cm_0,lidar_cm_1,lidar_cm_2,lidar_cm_3,lidar_cm_4,lidar_cm_5,lidar_cm_6,lidar_cm_7,lidar_cm_8,lidar_cm_9,lidar_cm_10,lidar_cm_11,lidar_cm_12,lidar_cm_13,lidar_cm_14,lidar_cm_15,lidar_cm_16,lidar_class_0,lidar_class_1,lidar_class_2,lidar_class_3,lidar_class_4,lidar_class_5,lidar_class_6,lidar_class_7,lidar_class_8,lidar_class_9,lidar_class_10,lidar_class_11,lidar_class_12,lidar_class_13,lidar_class_14,lidar_class_15,lidar_class_16
0,-1642.194,9515.195,399.158,119.423,-0.491038,-0.870623,0.029949,0.871104,-0.491032,0.008045,0.007702,0.030039,0.999519,1,0.08000,0.12000,4.800,0.240,475.000,375.000,-1,400.000,-1,325.000,325.000,300.000,300.000,-1,-1,-1,-1,625.000,800.000,575.000,-1,1,0,2,0,2,0,0,0,0,2,2,2,2,1,0,1,2
1,-1646.980,9523.517,399.211,119.903,-0.498308,-0.866473,0.030232,0.866963,-0.498305,0.008164,0.007991,0.030279,0.999510,0,0.16000,0.24000,9.600,0.480,450.000,375.000,-1,400.000,-1,325.000,325.000,300.000,300.000,-1,-1,-1,-1,625.000,800.000,550.000,-1,1,0,2,0,2,0,0,0,0,2,2,2,2,1,0,1,2
2,-1654.315,9535.908,399.297,120.623,-0.509147,-0.860133,0.030653,0.860638,-0.509149,0.008347,0.008428,0.030630,0.999495,0,0.24000,0.36000,14.400,0.720,450.000,375.000,-1,400.000,-1,325.000,325.000,300.000,300.000,-1,-1,-1,-1,600.000,800.000,525.000,-1,1,0,2,0,2,0,0,0,0,2,2,2,2,1,0,1,2
3,-1664.371,9552.264,399.428,121.583,-0.523474,-0.851470,0.031202,0.851994,-0.523481,0.008597,0.009013,0.031085,0.999476,0,0.32000,0.48000,19.200,0.960,425.000,375.000,-1,400.000,-1,325.000,325.000,300.000,300.000,-1,-1,-1,-1,600.000,800.000,500.000,-1,1,0,2,0,2,0,0,0,0,2,2,2,2,1,0,1,2
4,-1677.329,9572.466,399.642,122.676,-0.539604,-0.841317,0.031817,0.841862,-0.539621,0.008786,0.009777,0.031526,0.999455,0,0.40000,0.54655,24.000,1.093,400.000,375.000,-1,400.000,-1,325.000,325.000,300.000,300.000,-1,-1,575.000,-1,575.000,800.000,475.000,-1,1,0,2,0,2,0,0,0,0,2,2,0,2,1,0,1,2
5,-1693.340,9596.404,399.992,123.776,-0.555634,-0.830795,0.032421,0.831357,-0.555670,0.008719,0.010771,0.031799,0.999436,0,0.48000,0.55004,28.800,1.100,375.000,375.000,-1,400.000,-1,325.000,325.000,300.000,300.000,-1,-1,575.000,-1,550.000,800.000,450.000,-1,1,0,2,0,2,0,0,0,0,2,2,0,2,1,0,1,2
6,-1712.558,9623.966,400.431,124.887,-0.571611,-0.819856,0.033107,0.820440,-0.571667,0.008689,0.011803,0.032129,0.999414,0,0.56000,0.55548,33.600,1.111,350.000,375.000,-1,400.000,-1,325.000,325.000,300.000,300.000,-1,-1,575.000,-1,525.000,800.000,425.000,-1,1,0,2,0,2,0,0,0,0,2,2,0,2,1,0,1,2
7,-1735.136,9655.026,400.922,126.013,-0.587575,-0.808451,0.034109,0.809065,-0.587654,0.008701,0.013010,0.032709,0.999380,0,0.64000,0.56291,38.400,1.126,325.000,375.000,-1,400.000,-1,325.000,325.000,300.000,300.000,-1,925.000,575.000,-1,500.000,800.000,400.000,-1,1,0,2,0,2,0,0,0,0,2,0,0,2,1,0,1,2
8,-1761.074,9689.573,401.494,126.899,-0.599965,-0.799248,0.035279,0.799901,-0.600067,0.008817,0.014123,0.033509,0.999339,0,0.72000,0.44291,43.200,0.886,300.000,375.000,-1,400.000,-1,325.000,325.000,300.000,300.000,-1,750.000,575.000,-1,475.000,800.000,350.000,-1,1,1,2,0,2,0,0,0,0,2,0,0,2,1,0,1,2
9,-1790.370,9727.596,402.178,127.613,-0.609843,-0.791679,0.036540,0.792378,-0.609963,0.009062,0.015114,0.034480,0.999291,0,0.80000,0.35713,48.000,0.714,275.000,350.000,-1,400.000,-1,325.000,325.000,300.000,300.000,-1,700.000,600.000,-1,450.000,800.000,325.000,-1,1,1,2,0,2,0,0,0,0,2,0,0,2,1,0,1,2
10,-1821.807,9767.314,402.951,128.361,-0.620080,-0.783625,0.037857,0.784374,-0.620215,0.009475,0.016055,0.035569,0.999238,0,0.84423,0.37372,50.654,0.747,250.000,325.000,-1,400.000,-1,325.000,325.000,300.000,300.000,-1,725.000,625.000,-1,425.000,800.000,275.000,-1,1,1,2,0,2,0,0,0,0,2,0,0,2,1,0,1,2
11,-1853.628,9806.407,403.735,129.144,-0.630701,-0.775036,0.039187,0.775844,-0.630841,0.010222,0.016798,0.036850,0.999180,0,0.84011,0.39168,50.407,0.783,200.000,300.000,-1,400.000,-1,325.000,325.000,300.000,300.000,-1,750.000,650.000,-1,375.000,800.000,225.000,-1,1,1,2,0,2,1,0,1,0,2,0,0,2,1,0,1,2
12,-1885.820,9844.819,405.204,129.963,-0.641562,-0.765818,0.043836,0.766823,-0.641761,0.011221,0.019539,0.040813,0.998976,0,0.83531,0.40968,50.119,0.819,175.000,275.000,-1,400.000,-1,300.000,325.000,275.000,300.000,-1,750.000,600.000,-1,375.000,800.000,200.000,-1,1,1,2,0,2,1,0,1,0,2,0,0,2,1,0,1,2
13,-1920.797,9885.536,410.165,130.648,-0.649571,-0.757407,0.066280,0.759580,-0.650279,0.013202,0.033101,0.058921,0.997714,0,0.89460,0.34241,53.676,0.685,175.000,275.000,-1,425.000,-1,300.000,350.000,275.000,300.000,-1,550.000,375.000,-1,375.000,850.000,200.000,-1,1,1,2,0,2,1,0,1,0,2,0,0,2,1,0,1,2
14,-1956.257,9925.769,415.292,131.370,-0.657456,-0.748195,0.089194,0.752036,-0.658929,0.015955,0.046835,0.077567,0.995886,0,0.89380,0.36102,53.628,0.722,175.000,275.000,-1,475.000,-1,300.000,375.000,275.000,275.000,-1,425.000,250.000,975.000,400.000,900.000,200.000,-1,1,1,2,0,2,1,1,1,0,2,0,0,0,1,0,1,2
15,-1992.180,9965.461,420.376,132.119,-0.665018,-0.738327,0.112358,0.744303,-0.667585,0.018505,0.061346,0.095935,0.993495,0,0.89221,0.37469,53.533,0.749,175.000,300.000,-1,500.000,-1,300.000,375.000,275.000,275.000,-1,350.000,175.000,725.000,425.000,975.000,175.000,-1,1,1,2,1,2,1,1,1,0,2,0,0,0,1,0,1,2
16,-2028.540,10004.555,425.573,132.890,-0.672168,-0.727825,0.135870,0.736481,-0.676109,0.021718,0.076056,0.114664,0.990489,0,0.88978,0.38545,53.387,0.771,175.000,300.000,-1,525.000,-1,300.000,375.000,300.000,250.000,-1,275.000,100.000,550.000,475.000,-1,175.000,-1,1,1,2,1,2,1,1,1,0,2,0,0,0,1,2,1,2
17,-2065.304,10042.994,431.015,133.683,-0.678966,-0.716711,0.159155,0.728568,-0.684491,0.025699,0.090521,0.133404,0.986919,0,0.88647,0.39618,53.188,0.792,150.000,325.000,-1,550.000,-1,325.000,400.000,300.000,250.000,-1,250.000,75.000,450.000,550.000,-1,175.000,-1,1,1,2,1,2,1,1,1,0,2,0,0,0,1,2,1,2
18,-2102.438,10080.723,436.606,134.497,-0.685356,-0.704953,0.182562,0.720607,-0.692672,0.030514,0.104945,0.152468,0.982721,0,0.88227,0.40691,52.936,0.814,150.000,350.000,-1,600.000,-1,350.000,425.000,300.000,250.000,-1,225.000,50.000,350.000,-1,-1,175.000,-1,1,1,2,0,2,1,1,1,0,2,0,0,0,2,2,1,2
19,-2139.905,10117.686,442.300,135.332,-0.691299,-0.692524,0.206193,0.712639,-0.700595,0.036218,0.119376,0.171979,0.977841,0,0.87717,0.41769,52.630,0.835,150.000,375.000,-1,625.000,-1,375.000,475.000,300.000,225.000,-1,200.000,25.000,300.000,-1,-1,175.000,-1,1,1,2,0,2,1,1,1,0,2,0,0,0,2,2,1,2
20,-2177.656,10153.838,447.007,136.189,-0.697995,-0.680017,0.224456,0.704110,-0.708845,0.042051,0.130509,0.187393,0.973577,0,0.87116,0.42856,52.269,0.857,125.000,425.000,-1,650.000,-1,425.000,550.000,275.000,225.000,-1,200.000,25.000,250.000,-1,-1,225.000,-1,1,1,2,0,2,1,1,1,0,2,0,0,0,2,2,1,2
21,-2215.645,10189.130,450.724,137.068,-0.705710,-0.667552,0.237377,0.694842,-0.717574,0.047767,0.138449,0.198649,0.970242,0,0.86422,0.43961,51.853,0.879,125.000,475.000,-1,650.000,-1,475.000,600.000,275.000,225.000,-1,200.000,25.000,225.000,-1,-1,-1,-1,1,1,2,0,2,1,0,1,0,2,0,0,0,2,2,2,2
22,-2253.823,10223.516,455.708,137.970,-0.713201,-0.655606,0.248042,0.684698,-0.727359,0.046227,0.150109,0.202803,0.967646,0,0.85635,0.45088,51.381,0.902,125.000,-1,-1,700.000,-1,-1,650.000,250.000,225.000,-1,175.000,25.000,225.000,-1,-1,-1,-1,1,2,2,0,2,2,0,1,0,2,0,0,0,2,2,2,2
23,-9511.386,-6230.491,-114.318,27.401,0.899479,-0.433054,-0.058322,0.376224,0.835404,-0.400693,0.222244,0.338473,0.914354,1,0.00000,0.00000,50.851,0.925,-1,400.000,-1,300.000,0.000,300.000,250.000,-1,125.000,-1,0.000,0.000,-1,-1,-1,-1,0.000,2,1,2,1,1,1,1,2,1,2,1,1,2,2,2,2,1
24,-2300.332,326.495,39.033,-162.261,-0.952249,0.304433,0.023280,-0.305102,-0.951685,-0.034754,0.011576,-0.040197,0.999125,1,0.08000,-0.12000,4.800,-0.240,750.000,350.000,-1,400.000,-1,300.000,325.000,300.000,300.000,-1,-1,-1,-1,600.000,800.000,900.000,-1,0,0,2,0,2,0,0,0,0,2,2,2,2,0,0,0,2
25,-2309.500,323.647,39.163,-162.741,-0.954764,0.296459,0.023173,-0.297120,-0.954234,-0.034010,0.012030,-0.039356,0.999153,0,0.16000,-0.24000,9.600,-0.480,750.000,350.000,-1,400.000,-1,300.000,325.000,300.000,300.000,-1,-1,-1,-1,600.000,800.000,900.000,-1,0,0,2,0,2,0,0,0,0,2,2,2,2,0,0,0,2
26,-2323.304,319.549,39.366,-163.461,-0.958412,0.284459,0.023019,-0.285106,-0.957931,-0.032900,0.012692,-0.038094,0.999194,0,0.24000,-0.36000,14.400,-0.720,775.000,350.000,-1,400.000,-1,300.000,325.000,300.000,300.000,-1,-1,-1,-1,600.000,825.000,925.000,-1,0,0,2,0,2,0,0,0,0,2,2,2,2,0,0,0,2
27,-2341.799,314.393,39.655,-164.421,-0.963041,0.268386,0.022829,-0.269015,-0.962623,-0.031430,0.013541,-0.036410,0.999245,0,0.32000,-0.48000,19.200,-0.960,775.000,350.000,-1,400.000,-1,300.000,325.000,300.000,300.000,-1,-1,-1,-1,625.000,825.000,925.000,-1,0,0,2,0,2,0,0,0,0,2,2,2,2,0,0,0,2
28,-2365.048,308.434,40.040,-165.621,-0.968448,0.248186,0.022613,-0.248790,-0.968105,-0.029613,0.014542,-0.034304,0.999306,0,0.40000,-0.60000,24.000,-1.200,800.000,350.000,-1,400.000,-1,300.000,325.000,300.000,300.000,-1,-1,-1,-1,625.000,825.000,950.000,-1,0,0,2,0,2,0,0,0,0,2,2,2,2,0,0,0,2
29,-2393.093,301.883,40.539,-166.851,-0.973550,0.227376,0.022378,-0.227947,-0.973285,-0.027499,0.015527,-0.031873,0.999371,0,0.48000,-0.61469,28.800,-1.229,825.000,350.000,-1,425.000,-1,300.000,325.000,300.000,300.000,-1,-1,-1,-1,625.000,825.000,975.000,-1,0,0,2,0,2,0,0,0,0,2,2,2,2,0,0,0,2
30,-2425.969,294.944,41.165,-168.080,-0.978205,0.206459,0.022125,-0.206988,-0.978021,-0.025109,0.016455,-0.029141,0.999440,0,0.56000,-0.61469,33.600,-1.229,850.000,350.000,-1,425.000,-1,300.000,325.000,300.000,300.000,-1,-1,-1,-1,625.000,825.000,1000.000,-1,0,0,2,0,2,0,0,0,0,2,2,2,2,0,0,0,2
31,-2463.703,287.821,41.929,-169.309,-0.982412,0.185444,0.021852,-0.185923,-0.982308,-0.022456,0.017302,-0.026124,0.999509,0,0.64000,-0.61469,38.400,-1.229,875.000,350.000,-1,425.000,-1,300.000,325.000,300.000,300.000,-1,-1,-1,-1,625.000,850.000,-1,-1,0,0,2,0,2,0,0,0,0,2,2,2,2,0,0,2,2
32,-2506.316,280.721,42.841,-170.539,-0.986168,0.164338,0.021556,-0.164761,-0.986140,-0.019555,0.018044,-0.022836,0.999576,0,0.72000,-0.61469,43.200,-1.229,900.000,350.000,-1,425.000,-1,300.000,325.000,300.000,300.000,-1,-1,-1,-1,625.000,850.000,-1,-1,0,0,2,0,2,0,0,0,0,2,2,2,2,0,0,2,2
33,-2552.851,273.990,43.886,-171.768,-0.989473,0.143153,0.021237,-0.143512,-0.989511,-0.016478,0.018655,-0.019352,0.999639,0,0.78365,-0.61469,47.019,-1.229,925.000,350.000,-1,425.000,-1,300.000,325.000,300.000,300.000,-1,-1,-1,-1,625.000,825.000,-1,-1,0,0,2,0,2,0,0,0,0,2,2,2,2,0,0,2,2
34,-2599.519,268.258,44.873,-172.997,-0.992317,0.121898,0.021156,-0.122189,-0.992421,-0.013069,0.019403,-0.015553,0.999691,0,0.78365,-0.61469,47.019,-1.229,975.000,375.000,-1,425.000,-1,300.000,325.000,300.000,300.000,-1,-1,-1,-1,650.000,825.000,-1,-1,0,0,2,0,2,0,0,0,0,2,2,2,2,0,0,2,2
35,-2646.300,263.529,45.784,-174.227,-0.994695,0.100583,0.021583,-0.100802,-0.994863,-0.009299,0.020537,-0.011425,0.999724,0,0.78365,-0.61469,47.019,-1.229,-1,375.000,-1,425.000,-1,300.000,325.000,300.000,300.000,-1,-1,-1,-1,650.000,825.000,-1,-1,2,0,2,0,2,0,0,0,0,2,2,2,2,0,0,2,2
36,-2693.172,259.804,46.653,-175.456,-0.996617,0.079218,0.021891,-0.079366,-0.996828,-0.005970,0.021349,-0.007687,0.999743,0,0.78365,-0.61469,47.019,-1.229,-1,375.000,-1,425.000,-1,325.000,325.000,300.000,300.000,-1,-1,-1,-1,650.000,825.000,-1,-1,2,0,2,0,2,0,0,0,0,2,2,2,2,0,0,2,2
37,-2740.112,257.086,47.545,-176.686,-0.998083,0.057813,0.022096,-0.057888,-0.998319,-0.002762,0.021899,-0.004036,0.999752,0,0.78365,-0.61469,47.019,-1.229,-1,375.000,-1,425.000,-1,325.000,325.000,300.000,300.000,-1,-1,-1,-1,675.000,825.000,-1,-1,2,0,2,0,2,0,0,0,0,2,2,2,2,0,0,2,2
38,-2787.101,255.375,48.463,-177.915,-0.999091,0.036381,0.022231,-0.036382,-0.999338,0.000385,0.022230,-0.000425,0.999753,0,0.78365,-0.61469,47.019,-1.229,-1,375.000,-1,425.000,-1,325.000,325.000,300.000,300.000,-1,-1,-1,-1,675.000,825.000,-1,-1,2,0,2,0,2,0,0,0,0,2,2,2,2,0,0,2,2
39,-2834.115,254.673,49.398,-179.144,-0.999640,0.014932,0.022296,-0.014858,-0.999884,0.003475,0.022345,0.003142,0.999745,0,0.78365,-0.61469,47.019,-1.229,-1,375.000,-1,425.000,-1,325.000,325.000,300.000,300.000,-1,-1,-1,-1,700.000,825.000,-1,-1,2,0,2,0,2,0,0,0,0,2,2,2,2,0,0,2,2
40,-2881.398,254.979,50.346,-180.371,-0.999731,-0.006483,0.022291,0.006630,-0.999957,0.006531,0.022248,0.006677,0.999730,0,0.78807,-0.61351,47.284,-1.227,-1,375.000,-1,425.000,-1,325.000,325.000,300.000,300.000,-1,-1,-1,-1,700.000,800.000,-1,-1,2,0,2,0,2,0,0,0,0,2,2,2,2,0,0,2,2
41,-2929.005,256.304,51.299,-181.595,-0.999366,-0.027829,0.022216,0.028047,-0.999561,0.009561,0.021940,0.010178,0.999707,0,0.79376,-0.61167,47.625,-1.223,-1,375.000,-1,425.000,-1,325.000,325.000,300.000,300.000,-1,-1,-1,-1,725.000,800.000,-1,-1,2,0,2,0,2,0,0,0,0,2,2,2,2,0,0,2,2
42,-2976.907,258.658,52.247,-182.814,-0.998551,-0.049085,0.022070,0.049371,-0.998701,0.012569,0.021425,0.013640,0.999677,0,0.79934,-0.60949,47.960,-1.219,-1,375.000,-1,425.000,-1,325.000,325.000,300.000,300.000,-1,-1,-1,-1,725.000,800.000,-1,-1,2,0,2,0,2,0,0,0,0,2,2,2,2,0,0,2,2
43,-3025.075,262.049,53.180,-184.028,-0.997291,-0.070229,0.021856,0.070576,-0.997385,0.015559,0.020707,0.017059,0.999640,0,0.80478,-0.60696,48.287,-1.214,-1,375.000,-1,425.000,-1,325.000,325.000,300.000,300.000,-1,-1,-1,-1,725.000,775.000,-1,-1,2,0,2,0,2,0,0,0,0,2,2,2,2,0,0,2,2
44,-3073.475,266.483,54.087,-185.236,-0.995595,-0.091236,0.021576,0.091640,-0.995620,0.018534,0.019791,0.020430,0.999595,0,0.81005,-0.60407,48.603,-1.208,-1,375.000,-1,400.000,-1,325.000,325.000,300.000,300.000,-1,-1,-1,-1,725.000,775.000,-1,-1,2,0,2,0,2,0,0,0,0,2,2,2,2,0,0,2,2
45,-3122.075,271.966,54.958,-186.437,-0.993472,-0.112087,0.021232,0.112540,-0.993415,0.021498,0.018683,0.023747,0.999543,0,0.81514,-0.60080,48.908,-1.202,-1,375.000,-1,400.000,-1,325.000,325.000,300.000,300.000,-1,-1,-1,-1,725.000,750.000,-1,-1,2,0,2,0,2,0,0,0,0,2,2,2,2,0,0,2,2
46,-3170.839,278.498,55.783,-187.632,-0.990930,-0.132757,0.020827,0.133251,-0.990781,0.024454,0.017389,0.027008,0.999484,0,0.82000,-0.59716,49.200,-1.194,1000.000,375.000,-1,400.000,-1,325.000,325.000,300.000,300.000,-1,-1,-1,-1,725.000,750.000,975.000,-1,1,0,2,0,2,0,0,0,0,2,2,2,2,0,0,1,2
47,-3219.731,286.082,56.549,-188.818,-0.987981,-0.153226,0.020366,0.153752,-0.987729,0.027404,0.015918,0.030206,0.999417,0,0.82459,-0.59312,49.476,-1.186,950.000,375.000,-1,400.000,-1,325.000,325.000,300.000,300.000,-1,-1,-1,-1,725.000,725.000,950.000,-1,1,0,2,0,2,0,0,0,0,2,2,2,2,0,0,1,2
48,-3268.710,294.713,57.115,-189.995,-0.984640,-0.173475,0.019743,0.174012,-0.984292,0.029829,0.014258,0.032807,0.999360,0,0.82890,-0.58869,49.734,-1.177,900.000,375.000,-1,400.000,-1,325.000,325.000,300.000,300.000,-1,-1,-1,-1,725.000,725.000,900.000,-1,1,0,2,0,2,0,0,0,0,2,2,2,2,1,0,1,2
49,-3322.254,305.055,57.638,-190.933,-0.981692,-0.189539,0.018843,0.190071,-0.981239,0.032299,0.012367,0.035289,0.999301,0,0.90890,-0.46869,54.534,-0.937,825.000,375.000,-1,375.000,-1,300.000,325.000,300.000,300.000,-1,-1,-1,-1,700.000,700.000,850.000,-1,1,0,2,0,2,0,0,0,0,2,2,2,2,1,0,1,2
50,-3378.673,316.666,58.637,-191.630,-0.979316,-0.201461,0.018811,0.201996,-0.978827,0.033083,0.011748,0.036199,0.999276,0,0.96002,-0.34869,57.601,-0.697,775.000,375.000,-1,375.000,-1,300.000,300.000,275.000,300.000,-1,-1,-1,-1,675.000,700.000,825.000,-1,1,0,2,0,2,0,0,0,0,2,2,2,2,1,0,1,2
51,-3435.238,328.780,59.785,-192.088,-0.977669,-0.209266,0.019274,0.209816,-0.977176,0.033228,0.011880,0.036530,0.999262,0,0.96412,-0.22869,57.847,-0.457,725.000,375.000,-1,375.000,-1,300.000,300.000,275.000,300.000,-1,-1,-1,-1,650.000,675.000,775.000,-1,1,0,2,0,2,0,0,0,0,2,2,2,2,1,0,1,2
52,-3491.984,341.157,60.944,-192.305,-0.976855,-0.212970,0.019954,0.213543,-0.976366,0.033309,0.012389,0.036799,0.999246,0,0.96800,-0.10869,58.080,-0.217,675.000,375.000,-1,375.000,-1,300.000,300.000,275.000,300.000,-1,-1,-1,-1,650.000,675.000,750.000,-1,1,0,2,0,2,0,0,0,0,2,2,2,2,1,0,1,2
53,-3548.951,353.560,62.108,-192.282,-0.976920,-0.212582,0.020869,0.213191,-0.976442,0.033338,0.013290,0.037017,0.999226,0,0.97170,0.01131,58.302,0.023,650.000,375.000,-1,375.000,-1,300.000,300.000,300.000,300.000,-1,-1,-1,-1,650.000,675.000,700.000,-1,1,0,2,0,2,0,0,0,0,2,2,2,2,1,0,1,2
54,-3606.183,365.745,63.275,-192.020,-0.977859,-0.208103,0.022029,0.208756,-0.977400,0.033331,0.014595,0.037192,0.999202,0,0.97525,0.13131,58.515,0.263,600.000,375.000,-1,375.000,-1,300.000,300.000,300.000,325.000,-1,-1,-1,-1,650.000,675.000,675.000,-1,1,1,2,0,2,0,0,0,0,2,2,2,2,1,0,1,2
55,-3663.703,377.572,64.438,-191.619,-0.979258,-0.201260,0.023433,0.201969,-0.978824,0.033340,0.016227,0.037381,0.999169,0,0.97872,0.20039,58.723,0.401,550.000,375.000,-1,375.000,-1,300.000,300.000,300.000,325.000,-1,-1,-1,-1,650.000,675.000,650.000,-1,1,1,2,0,2,0,0,0,0,2,2,2,2,1,0,1,2
56,-3721.501,389.022,65.592,-191.206,-0.980642,-0.194200,0.025067,0.194974,-0.980239,0.033412,0.018083,0.037652,0.999127,0,0.98202,0.20642,58.921,0.413,500.000,375.000,-1,375.000,-1,300.000,300.000,300.000,325.000,-1,-1,-1,-1,650.000,650.000,600.000,-1,1,1,2,0,2,0,0,0,0,2,2,2,2,1,0,1,2
57,-3779.557,400.076,66.739,-190.781,-0.982008,-0.186913,0.026921,0.187763,-0.981641,0.033551,0.020155,0.038002,0.999074,0,0.98499,0.21275,59.099,0.426,475.000,375.000,-1,375.000,-1,300.000,300.000,300.000,325.000,-1,-1,-1,-1,650.000,650.000,575.000,-1,1,0,2,0,2,0,0,0,0,2,2,2,2,1,0,1,2
58,-3837.851,410.713,67.876,-190.342,-0.983352,-0.179386,0.028983,0.180322,-0.983028,0.033762,0.022434,0.038426,0.999010,0,0.98760,0.21941,59.256,0.439,425.000,375.000,-1,375.000,-1,300.000,300.000,300.000,325.000,-1,-1,-1,-1,650.000,650.000,550.000,-1,1,0,2,0,2,0,0,0,0,2,2,2,2,1,0,1,2
59,-3896.357,420.912,68.964,-189.889,-0.984666,-0.171609,0.031343,0.172641,-0.984403,0.033860,0.025044,0.038752,0.998935,0,0.98981,0.22642,59.388,0.453,400.000,375.000,-1,375.000,-1,300.000,300.000,325.000,300.000,-1,-1,-1,-1,650.000,650.000,500.000,-1,1,0,2,0,2,0,0,0,0,2,2,2,2,1,0,1,2
60,-3955.049,430.647,71.155,-189.421,-0.985783,-0.163536,0.038568,0.164983,-0.985569,0.037882,0.031816,0.043706,0.998538,0,0.99156,0.23379,59.494,0.468,400.000,400.000,-1,375.000,-1,325.000,325.000,325.000,300.000,-1,850.000,625.000,-1,675.000,675.000,525.000,-1,1,0,2,0,2,0,0,0,0,2,0,0,2,1,0,1,2
61,-4013.895,439.900,73.949,-188.938,-0.986921,-0.155205,0.043560,0.156934,-0.986817,0.039539,0.036849,0.045858,0.998268,0,0.99281,0.24155,59.569,0.483,375.000,425.000,-1,375.000,-1,325.000,325.000,350.000,300.000,-1,575.000,475.000,-1,725.000,675.000,525.000,-1,1,0,2,0,2,0,0,0,0,2,0,0,2,1,0,1,2
62,-4072.860,448.647,76.873,-188.439,-0.988035,-0.146590,0.047940,0.148553,-0.988082,0.040311,0.041460,0.046950,0.998036,0,0.99351,0.24972,59.611,0.499,350.000,425.000,-1,375.000,-1,325.000,325.000,350.000,300.000,-1,475.000,425.000,-1,750.000,700.000,500.000,-1,1,0,2,0,2,0,0,0,0,2,0,0,2,1,0,1,2
63,-4131.908,456.863,79.765,-187.922,-0.989116,-0.137671,0.051918,0.139846,-0.989329,0.040879,0.045736,0.047695,0.997814,0,0.99360,0.25830,59.616,0.517,325.000,425.000,-1,400.000,-1,350.000,325.000,350.000,300.000,-1,450.000,400.000,-1,775.000,750.000,500.000,-1,1,0,2,0,2,0,0,0,0,2,0,0,2,1,0,1,2
64,-4190.995,464.523,82.642,-187.388,-0.990160,-0.128430,0.055568,0.130799,-0.990548,0.041307,0.049738,0.048169,0.997600,0,0.99302,0.26731,59.581,0.535,325.000,450.000,-1,400.000,-1,350.000,325.000,325.000,300.000,-1,425.000,400.000,-1,800.000,775.000,-1,-1,1,0,2,0,2,0,0,1,0,2,0,0,2,1,0,2,2
65,-4250.076,471.603,85.517,-186.834,-0.991159,-0.118854,0.058967,0.121401,-0.991729,0.041665,0.053527,0.048455,0.997390,0,0.99173,0.27675,59.504,0.554,300.000,450.000,-1,400.000,-1,350.000,350.000,300.000,300.000,-1,400.000,400.000,-1,825.000,800.000,-1,-1,1,0,2,0,2,0,0,1,0,2,0,0,2,1,0,2,2
66,-4309.102,478.078,88.408,-186.261,-0.992103,-0.108925,0.062192,0.111642,-0.992859,0.042028,0.057170,0.048640,0.997179,0,0.98967,0.28662,59.380,0.573,275.000,475.000,-1,400.000,-1,375.000,350.000,275.000,300.000,-1,400.000,400.000,-1,825.000,825.000,-1,-1,1,0,2,0,2,0,0,1,0,2,0,0,2,1,0,2,2
67,-4368.021,483.924,91.330,-185.667,-0.992978,-0.098628,0.065321,0.101517,-0.993926,0.042481,0.060734,0.048814,0.996960,0,0.98679,0.29690,59.207,0.594,250.000,500.000,-1,425.000,-1,375.000,350.000,250.000,300.000,-1,375.000,350.000,-1,850.000,850.000,975.000,-1,1,1,2,0,2,0,0,1,0,2,0,0,2,1,0,1,2
68,-4422.215,488.739,94.078,-185.078,-0.993746,-0.088404,0.068215,0.091463,-0.994875,0.043104,0.064055,0.049074,0.996739,0,0.90679,0.29452,54.407,0.589,250.000,500.000,-1,425.000,-1,375.000,375.000,225.000,300.000,-1,350.000,300.000,-1,875.000,875.000,925.000,-1,1,1,2,0,2,0,0,1,0,2,0,0,2,1,0,1,2
69,-4471.672,492.603,96.673,-184.469,-0.994437,-0.077819,0.070988,0.081064,-0.995736,0.044032,0.067259,0.049541,0.996505,0,0.82679,0.30460,49.607,0.609,250.000,500.000,-1,450.000,-1,400.000,375.000,200.000,300.000,-1,325.000,275.000,-1,850.000,900.000,900.000,-1,1,1,2,0,2,0,0,1,0,2,0,0,2,1,1,1,2
70,-4516.379,495.604,99.124,-183.841,-0.995034,-0.066902,0.073693,0.070357,-0.996492,0.045318,0.070403,0.050278,0.996251,0,0.74679,0.31389,44.807,0.628,275.000,500.000,-1,450.000,-1,400.000,375.000,200.000,275.000,-1,300.000,250.000,-1,800.000,925.000,850.000,-1,1,1,2,0,2,0,0,1,0,2,0,0,2,1,1,1,2
71,-4556.325,497.833,101.429,-183.196,-0.995525,-0.055685,0.076352,0.059379,-0.997129,0.046989,0.073517,0.051312,0.995973,0,0.66679,0.32228,40.007,0.645,300.000,500.000,1000.000,475.000,-1,400.000,400.000,200.000,275.000,-1,300.000,225.000,-1,775.000,950.000,825.000,-1,1,1,1,0,2,0,0,1,0,2,0,0,2,1,1,1,2
72,-4591.498,499.389,103.847,-182.537,-0.996046,-0.044201,0.077066,0.048152,-0.997579,0.050178,0.074662,0.053690,0.995763,0,0.58679,0.32968,35.207,0.659,325.000,500.000,950.000,475.000,-1,425.000,400.000,175.000,275.000,-1,325.000,250.000,-1,750.000,900.000,800.000,-1,1,1,1,0,2,0,0,1,0,2,0,0,2,1,1,1,2
73,-4621.889,500.381,105.772,-181.871,-0.996623,-0.032591,0.075368,0.036624,-0.997935,0.052767,0.073493,0.055349,0.995759,0,0.50679,0.33327,30.407,0.667,325.000,500.000,925.000,475.000,-1,425.000,400.000,175.000,275.000,-1,375.000,300.000,-1,725.000,850.000,775.000,-1,1,1,1,0,2,0,0,1,0,2,0,0,2,1,1,1,2
74,-4647.490,500.916,107.370,-181.201,-0.997040,-0.020922,0.073987,0.025063,-0.998145,0.055487,0.072688,0.057178,0.995714,0,0.42679,0.33485,25.607,0.670,325.000,500.000,875.000,475.000,-1,425.000,400.000,175.000,275.000,-1,400.000,325.000,-1,700.000,825.000,750.000,-1,1,1,1,0,2,0,0,1,0,2,0,0,2,1,1,1,2
75,-4668.296,501.106,108.730,-180.529,-0.997278,-0.009209,0.073158,0.013473,-0.998225,0.058009,0.072494,0.058837,0.995632,0,0.34679,0.33611,20.807,0.672,325.000,500.000,850.000,475.000,-1,425.000,400.000,175.000,275.000,-1,450.000,350.000,-1,675.000,800.000,725.000,-1,1,1,1,0,2,0,0,1,0,2,0,0,2,1,1,1,2
76,-4684.303,501.064,109.850,-179.854,-0.997341,0.002537,0.072826,0.001868,-0.998176,0.060349,0.072846,0.060324,0.995517,0,0.26679,0.33710,16.007,0.674,300.000,500.000,825.000,475.000,-1,425.000,400.000,175.000,275.000,-1,475.000,350.000,-1,675.000,775.000,700.000,-1,1,1,1,0,2,0,0,1,0,2,0,0,2,1,1,1,2
77,-4695.510,500.902,110.725,-179.179,-0.997234,0.014306,0.072939,-0.009745,-0.997997,0.062514,0.073687,0.061630,0.995375,0,0.18679,0.33783,11.207,0.676,300.000,475.000,800.000,475.000,-1,425.000,400.000,175.000,275.000,-1,475.000,350.000,-1,650.000,750.000,700.000,-1,1,1,1,0,2,0,0,1,0,2,0,0,2,1,1,1,2
78,-4701.915,500.733,111.350,-178.502,-0.996957,0.026090,0.073452,-0.021356,-0.997689,0.064506,0.074965,0.062741,0.995210,0,0.10679,0.33834,6.407,0.677,300.000,475.000,800.000,475.000,-1,425.000,400.000,175.000,275.000,-1,475.000,350.000,-1,650.000,725.000,700.000,-1,1,1,1,0,2,0,0,1,0,2,0,0,2,1,1,1,2
79,-4703.521,500.671,111.718,-177.825,-0.996515,0.037879,0.074320,-0.032960,-0.997254,0.066323,0.076628,0.063643,0.995027,0,0.02679,0.33863,1.607,0.677,300.000,475.000,800.000,475.000,-1,425.000,400.000,175.000,250.000,-1,450.000,325.000,-1,650.000,725.000,700.000,-1,1,1,1,0,2,0,0,1,0,2,0,0,2,1,1,1,2
80,-4700.333,500.841,111.925,-176.908,-0.995668,0.053835,0.075806,-0.048655,-0.996457,0.068596,0.079230,0.064611,0.994760,0,-0.05321,0.45863,-3.193,0.917,275.000,475.000,800.000,475.000,-1,450.000,425.000,175.000,250.000,-1,425.000,300.000,-1,675.000,725.000,700.000,-1,1,1,1,0,2,0,0,1,0,2,0,0,2,1,1,1,2
81,-4692.361,501.423,111.938,-175.815,-0.994317,0.072812,0.077667,-0.067316,-0.995189,0.071184,0.082476,0.065551,0.994435,0,-0.13321,0.54603,-7.993,1.092,275.000,475.000,800.000,500.000,-1,450.000,425.000,200.000,250.000,-1,375.000,275.000,975.000,675.000,725.000,725.000,-1,1,1,1,0,2,0,0,1,0,2,0,0,0,1,1,1,2
82,-4679.623,502.598,111.682,-174.724,-0.992600,0.091748,0.079551,-0.085937,-0.993576,0.073629,0.085795,0.066247,0.994108,0,-0.21321,0.54561,-12.793,1.091,250.000,450.000,825.000,500.000,-1,450.000,425.000,200.000,250.000,-1,350.000,225.000,925.000,700.000,725.000,750.000,-1,1,1,1,0,2,0,0,1,0,2,0,0,0,1,1,1,2
83,-4662.138,504.544,111.155,-173.643,-0.990545,0.110476,0.081334,-0.104365,-0.991638,0.075908,0.089040,0.066702,0.993792,0,-0.29321,0.54060,-17.593,1.081,250.000,450.000,825.000,500.000,-1,475.000,425.000,200.000,250.000,-1,325.000,200.000,875.000,700.000,750.000,775.000,-1,1,1,1,0,2,0,0,1,0,2,0,0,0,1,1,1,2
84,-4643.455,506.977,110.564,-172.577,-0.988199,0.128899,0.082750,-0.122505,-0.989382,0.078199,0.091951,0.067138,0.993498,0,-0.31402,0.53292,-18.841,1.066,225.000,450.000,850.000,525.000,-1,475.000,450.000,225.000,250.000,-1,300.000,175.000,850.000,725.000,750.000,800.000,-1,1,1,1,0,2,0,0,1,0,2,0,0,0,1,1,1,2
85,-4625.151,509.705,109.637,-171.527,-0.985666,0.147018,0.082752,-0.140581,-0.986920,0.078907,0.093271,0.066142,0.993441,0,-0.30843,0.52503,-18.506,1.050,225.000,450.000,875.000,525.000,-1,475.000,450.000,225.000,250.000,-1,275.000,175.000,825.000,725.000,775.000,575.000,-1,1,1,1,0,2,1,0,1,0,2,0,0,0,1,1,1,2
86,-4607.206,512.712,108.512,-170.492,-0.982979,0.164837,0.081121,-0.158570,-0.984225,0.078470,0.092776,0.064271,0.993611,0,-0.30324,0.51736,-18.194,1.035,200.000,425.000,875.000,525.000,-1,450.000,450.000,250.000,250.000,-1,275.000,175.000,825.000,675.000,775.000,450.000,-1,1,1,1,0,2,1,0,1,0,2,0,0,0,1,1,1,2
87,-4589.602,515.985,107.380,-169.473,-0.980033,0.182350,0.079274,-0.176279,-0.981256,0.077866,0.091987,0.062337,0.993807,0,-0.29841,0.50991,-17.905,1.020,175.000,425.000,900.000,500.000,-1,450.000,425.000,250.000,250.000,-1,300.000,175.000,850.000,650.000,775.000,350.000,-1,1,1,1,0,2,1,0,1,0,2,0,0,0,1,1,1,2
88,-4572.320,519.514,106.206,-168.467,-0.976823,0.199565,0.077402,-0.193713,-0.978034,0.076976,0.091064,0.060198,0.994024,0,-0.29396,0.50266,-17.637,1.005,200.000,400.000,925.000,500.000,-1,425.000,425.000,275.000,250.000,-1,300.000,200.000,875.000,625.000,775.000,300.000,-1,1,1,1,0,2,1,0,1,0,2,0,0,0,1,1,1,2
89,-4555.342,523.287,104.992,-167.476,-0.973359,0.216485,0.075538,-0.210870,-0.974569,0.075820,0.090031,0.057872,0.994256,0,-0.28985,0.49563,-17.391,0.991,200.000,400.000,925.000,500.000,-1,425.000,425.000,275.000,275.000,-1,300.000,200.000,875.000,600.000,800.000,250.000,-1,1,1,1,0,2,1,0,1,0,2,0,0,0,1,1,1,2
90,-4538.651,527.297,103.682,-166.498,-0.969663,0.233113,0.073571,-0.227747,-0.970864,0.074532,0.088801,0.055515,0.994501,0,-0.28609,0.48882,-17.165,0.978,200.000,375.000,950.000,500.000,-1,400.000,425.000,300.000,275.000,-1,325.000,200.000,900.000,575.000,800.000,225.000,1000.000,1,1,1,0,2,1,0,1,0,2,0,0,0,1,1,1,1
91,-4522.230,531.536,102.308,-165.534,-0.965745,0.249453,0.071480,-0.244343,-0.966926,0.073155,0.087365,0.053183,0.994756,0,-0.28265,0.48221,-16.959,0.964,200.000,375.000,950.000,500.000,-1,400.000,425.000,300.000,275.000,-1,325.000,225.000,925.000,550.000,800.000,250.000,1000.000,1,1,1,0,2,1,0,1,0,2,0,0,0,1,1,1,1
92,-4506.062,535.997,100.918,-164.582,-0.961605,0.265511,0.069428,-0.260665,-0.962772,0.071578,0.085848,0.050733,0.995016,0,-0.27952,0.47580,-16.771,0.952,200.000,350.000,975.000,500.000,-1,400.000,425.000,325.000,275.000,-1,350.000,250.000,950.000,525.000,825.000,250.000,975.000,1,1,1,0,2,1,0,1,0,2,0,0,0,1,1,1,1
93,-4490.132,540.675,99.547,-163.643,-0.957254,0.281293,0.067373,-0.276730,-0.958417,0.069691,0.084175,0.048068,0.995291,0,-0.27669,0.46960,-16.601,0.939,225.000,350.000,1000.000,475.000,-1,375.000,400.000,350.000,275.000,-1,375.000,250.000,975.000,525.000,825.000,250.000,975.000,1,1,1,0,2,1,0,1,0,2,0,0,0,1,1,1,1
94,-4474.427,545.564,98.164,-162.716,-0.952697,0.296803,0.065391,-0.292522,-0.953862,0.067663,0.082457,0.045334,0.995563,0,-0.27414,0.46359,-16.448,0.927,225.000,350.000,1000.000,475.000,-1,375.000,400.000,350.000,275.000,-1,400.000,275.000,1000.000,500.000,850.000,250.000,975.000,1,1,1,0,2,1,0,1,0,2,0,0,0,1,1,1,1
95,-4458.931,550.661,96.772,-161.800,-0.947943,0.312045,0.063494,-0.308042,-0.949114,0.065515,0.080707,0.042546,0.995829,0,-0.27186,0.45777,-16.312,0.916,225.000,325.000,-1,475.000,-1,350.000,400.000,375.000,275.000,-1,425.000,325.000,-1,475.000,850.000,250.000,975.000,1,1,2,0,2,1,0,1,0,2,0,0,2,1,1,1,1
96,-4443.632,555.962,95.375,-160.896,-0.943001,0.327023,0.061688,-0.323293,-0.944181,0.063271,0.078936,0.039721,0.996088,0,-0.26984,0.45214,-16.190,0.904,225.000,325.000,-1,475.000,-1,350.000,400.000,400.000,275.000,-1,450.000,350.000,-1,475.000,850.000,250.000,1000.000,1,1,2,0,2,1,0,1,0,2,0,0,2,1,1,1,1
97,-4428.518,561.464,93.975,-160.003,-0.937878,0.341742,0.059981,-0.338278,-0.939070,0.060951,0.077155,0.036874,0.996337,0,-0.26806,0.44668,-16.084,0.893,250.000,325.000,-1,475.000,-1,350.000,400.000,400.000,275.000,-1,500.000,400.000,-1,450.000,875.000,250.000,1000.000,1,1,2,0,2,1,0,0,0,2,0,0,2,1,1,1,1
98,-4413.577,567.166,92.575,-159.120,-0.932582,0.356206,0.058377,-0.353000,-0.933788,0.058576,0.075377,0.034019,0.996575,0,-0.26652,0.44140,-15.991,0.883,250.000,325.000,-1,450.000,-1,350.000,375.000,375.000,275.000,-1,525.000,450.000,-1,425.000,875.000,275.000,1000.000,1,1,2,0,2,1,0,0,0,2,0,0,2,1,1,1,1
99,-4398.799,573.064,91.178,-158.247,-0.927121,0.370419,0.056881,-0.367461,-0.928341,0.056165,0.073610,0.031171,0.996800,0,-0.26520,0.43630,-15.912,0.873,250.000,325.000,-1,450.000,-1,325.000,375.000,375.000,275.000,-1,550.000,550.000,-1,425.000,900.000,275.000,1000.000,1,1,2,0,2,1,0,0,0,2,0,0,2,1,1,1,1
100,-4384.172,579.159,89.786,-157.385,-0.921502,0.384387,0.055495,-0.381666,-0.922737,0.053740,0.071864,0.028341,0.997012,0,-0.26408,0.43135,-15.845,0.863,275.000,325.000,-1,450.000,-1,325.000,375.000,375.000,275.000,-1,550.000,575.000,-1,400.000,900.000,275.000,-1,1,1,2,0,2,1,0,0,0,2,0,0,2,1,1,1,2
101,-4369.688,585.449,88.403,-156.532,-0.915732,0.398114,0.054222,-0.395618,-0.916980,0.051318,0.070150,0.025542,0.997209,0,-0.26317,0.42657,-15.790,0.853,275.000,325.000,-1,450.000,-1,325.000,375.000,350.000,275.000,-1,550.000,575.000,-1,400.000,925.000,275.000,-1,1,1,2,0,2,1,0,0,0,2,0,0,2,1,1,1,2
102,-4355.338,591.933,87.029,-155.688,-0.909817,0.411603,0.053061,-0.409321,-0.911078,0.048918,0.068477,0.022788,0.997392,0,-0.26244,0.42194,-15.747,0.844,275.000,300.000,-1,450.000,-1,325.000,375.000,350.000,275.000,-1,550.000,575.000,-1,400.000,925.000,300.000,-1,1,1,2,0,2,1,0,0,0,2,0,0,2,1,1,1,2
103,-4341.114,598.612,85.668,-154.853,-0.903764,0.424860,0.052012,-0.422779,-0.905036,0.046559,0.066854,0.020089,0.997561,0,-0.26190,0.41746,-15.714,0.835,300.000,300.000,-1,425.000,-1,325.000,350.000,350.000,275.000,-1,550.000,575.000,-1,400.000,925.000,300.000,-1,1,1,2,0,2,1,0,0,0,2,0,0,2,1,0,1,2
104,-4327.008,605.485,84.322,-154.027,-0.897577,0.437888,0.051075,-0.435996,-0.898860,0.044258,0.065289,0.017456,0.997714,0,-0.26152,0.41313,-15.691,0.826,300.000,300.000,-1,425.000,-1,325.000,350.000,350.000,275.000,-1,575.000,575.000,-1,400.000,925.000,300.000,-1,1,1,2,0,2,1,0,0,0,2,0,0,2,1,0,1,2
105,-4313.013,612.553,82.993,-153.209,-0.891264,0.450693,0.050247,-0.448976,-0.892555,0.042033,0.063792,0.014902,0.997852,0,-0.26131,0.40894,-15.678,0.818,325.000,300.000,-1,425.000,-1,325.000,350.000,325.000,275.000,-1,575.000,575.000,-1,400.000,900.000,325.000,-1,1,1,2,0,2,1,0,0,0,2,0,0,2,1,0,1,2
106,-4299.122,619.816,81.693,-152.399,-0.884829,0.463278,0.049516,-0.461727,-0.886126,0.039853,0.062341,0.012400,0.997978,0,-0.26125,0.40489,-15.675,0.810,325.000,300.000,-1,425.000,-1,300.000,350.000,325.000,275.000,-1,575.000,575.000,-1,400.000,900.000,325.000,-1,1,1,2,0,2,1,0,0,0,2,0,0,2,1,0,1,2
107,-4289.578,625.031,80.832,-151.349,-0.876208,0.479448,0.048875,-0.478036,-0.877513,0.038110,0.061161,0.010028,0.998078,0,-0.18125,0.52489,-10.875,1.050,350.000,300.000,-1,425.000,-1,300.000,350.000,325.000,275.000,-1,575.000,575.000,-1,400.000,900.000,325.000,-1,1,1,2,0,2,1,0,0,0,2,0,0,2,1,0,1,2
108,-4284.314,628.064,80.320,-150.059,-0.865202,0.499087,0.048343,-0.497778,-0.866515,0.036986,0.060349,0.007936,0.998146,0,-0.10125,0.64489,-6.075,1.290,350.000,300.000,-1,425.000,-1,300.000,350.000,325.000,275.000,-1,575.000,575.000,-1,400.000,900.000,350.000,-1,1,1,2,0,2,1,0,0,0,2,0,0,2,1,0,1,2
109,-4283.225,628.727,80.144,-148.681,-0.852946,0.519796,0.047913,-0.518554,-0.854268,0.036447,0.059875,0.006242,0.998186,0,-0.02125,0.68929,-1.275,1.379,375.000,300.000,-1,425.000,-1,300.000,350.000,325.000,275.000,-1,575.000,575.000,-1,400.000,900.000,350.000,-1,1,1,2,0,2,1,0,0,0,2,0,0,2,1,0,1,2
110,-4286.192,626.823,80.303,-147.309,-0.840257,0.540099,0.047552,-0.538887,-0.841586,0.036513,0.059740,0.005055,0.998201,0,0.05875,0.68581,3.525,1.372,375.000,300.000,1000.000,425.000,-1,300.000,350.000,325.000,275.000,-1,575.000,600.000,-1,400.000,900.000,350.000,-1,1,1,1,0,2,1,0,0,0,2,0,0,2,1,1,1,2
111,-4293.089,622.161,80.799,-145.943,-0.827144,0.560005,0.047202,-0.558784,-0.828478,0.037223,0.059951,0.004413,0.998192,0,0.13875,0.68283,8.325,1.366,375.000,300.000,925.000,425.000,-1,275.000,350.000,325.000,275.000,-1,600.000,600.000,-1,400.000,850.000,350.000,-1,1,1,1,0,2,1,1,0,0,2,0,0,2,1,1,1,2
112,-4303.786,614.554,81.640,-144.583,-0.813614,0.579519,0.046800,-0.578245,-0.814947,0.038655,0.060541,0.004389,0.998156,0,0.21875,0.68029,13.125,1.361,375.000,300.000,850.000,425.000,-1,275.000,350.000,325.000,275.000,-1,600.000,600.000,-1,375.000,800.000,350.000,-1,1,1,1,0,2,1,1,0,0,2,0,0,2,1,1,1,2
113,-4318.144,603.823,82.840,-143.227,-0.799677,0.598644,0.046280,-0.597265,-0.800999,0.040930,0.061573,0.005089,0.998090,0,0.29875,0.67815,17.925,1.356,375.000,275.000,775.000,425.000,-1,275.000,325.000,325.000,275.000,-1,625.000,625.000,-1,375.000,750.000,325.000,-1,1,1,1,0,2,1,1,0,0,2,0,0,2,1,1,1,2
114,-4336.020,589.792,84.452,-141.874,-0.785343,0.617382,0.045562,-0.615840,-0.786636,0.044088,0.063060,0.006565,0.997988,0,0.37875,0.67637,22.725,1.353,375.000,275.000,725.000,425.000,1000.000,250.000,300.000,325.000,275.000,-1,625.000,575.000,-1,350.000,700.000,325.000,-1,1,1,1,1,1,1,1,0,0,2,0,0,2,1,1,1,2
115,-4357.266,572.292,86.564,-140.524,-0.770624,0.635730,0.044564,-0.633971,-0.771862,0.048072,0.064958,0.008793,0.997849,0,0.45875,0.67491,27.525,1.350,375.000,275.000,675.000,400.000,975.000,250.000,300.000,350.000,275.000,-1,650.000,525.000,-1,350.000,650.000,325.000,1000.000,1,1,1,1,1,1,1,0,0,2,0,0,2,1,1,1,1
116,-4381.727,551.159,89.270,-139.177,-0.755533,0.653685,0.043205,-0.651648,-0.756675,0.052891,0.067266,0.011806,0.997665,0,0.53875,0.67374,32.325,1.347,375.000,250.000,600.000,375.000,950.000,225.000,275.000,350.000,275.000,-1,650.000,500.000,-1,325.000,600.000,300.000,975.000,1,1,1,1,1,1,1,0,0,2,0,0,2,1,1,1,1
117,-4409.242,526.235,92.498,-137.831,-0.740093,0.671232,0.041346,-0.668797,-0.741067,0.059405,0.070515,0.016313,0.997377,0,0.61875,0.67286,37.125,1.346,350.000,250.000,550.000,350.000,925.000,225.000,250.000,375.000,275.000,-1,650.000,450.000,-1,300.000,525.000,300.000,950.000,1,1,1,1,1,1,1,0,0,2,0,0,2,1,1,1,1
118,-4439.645,497.366,96.298,-136.486,-0.724339,0.688351,0.038809,-0.685359,-0.725024,0.067993,0.074940,0.022652,0.996931,0,0.69875,0.67225,41.925,1.344,350.000,225.000,500.000,325.000,900.000,200.000,250.000,400.000,275.000,-1,600.000,400.000,1000.000,300.000,475.000,275.000,875.000,1,1,1,1,1,1,1,0,0,2,0,0,0,1,1,1,1
119,-4472.764,464.404,100.726,-135.143,-0.708323,0.705002,0.035370,-0.701249,-0.708518,0.079069,0.080804,0.031204,0.996241,0,0.77875,0.67191,46.725,1.344,325.000,200.000,450.000,275.000,850.000,200.000,225.000,425.000,250.000,-1,550.000,350.000,875.000,275.000,450.000,250.000,750.000,1,1,1,1,1,1,1,0,0,2,0,0,0,1,1,1,1
120,-4508.322,427.113,105.780,-133.646,-0.690200,0.722972,0.030589,-0.718230,-0.689597,0.092745,0.088146,0.042042,0.995220,0,0.85875,0.74802,51.525,1.496,325.000,200.000,400.000,250.000,800.000,175.000,200.000,450.000,250.000,-1,450.000,250.000,725.000,250.000,375.000,250.000,625.000,1,1,1,1,1,1,1,0,0,2,0,0,0,1,1,1,1
121,-6231.354,-2951.724,69.550,-164.724,-0.963323,0.263070,0.052936,-0.259151,-0.963233,0.070870,0.069633,0.054553,0.996080,1,0.00000,0.00000,56.325,1.495,300.000,300.000,-1,475.000,-1,275.000,325.000,375.000,275.000,-1,500.000,425.000,925.000,400.000,-1,300.000,-1,1,1,2,0,2,1,1,0,0,2,0,0,0,1,2,1,2
122,-6235.979,-2953.008,69.922,-164.484,-0.962207,0.267095,0.053077,-0.263107,-0.962096,0.071742,0.070227,0.055066,0.996010,0,0.08000,0.12000,4.800,0.240,300.000,275.000,-1,475.000,-1,275.000,325.000,375.000,275.000,-1,500.000,425.000,925.000,400.000,-1,300.000,-1,1,1,2,0,2,1,1,0,0,2,0,0,0,1,2,1,2
123,-6245.207,-2955.655,70.673,-164.004,-0.959926,0.275130,0.053345,-0.270999,-0.959768,0.073521,0.071427,0.056118,0.995866,0,0.16000,0.24000,9.600,0.480,300.000,275.000,-1,475.000,-1,275.000,325.000,400.000,275.000,-1,475.000,425.000,900.000,400.000,-1,300.000,-1,1,1,2,0,2,1,1,0,0,2,0,0,0,1,2,1,2
124,-6258.998,-2959.798,71.814,-163.284,-0.956381,0.287142,0.053707,-0.282788,-0.956145,0.076272,0.073253,0.057757,0.995640,0,0.24000,0.36000,14.400,0.720,300.000,275.000,-1,475.000,-1,275.000,325.000,400.000,275.000,-1,475.000,400.000,850.000,400.000,1000.000,300.000,-1,1,1,2,1,2,1,1,0,0,2,0,0,0,1,1,1,2
125,-6277.291,-2965.630,73.359,-162.324,-0.951428,0.303080,0.054111,-0.298411,-0.951071,0.080094,0.075739,0.060056,0.995317,0,0.32000,0.48000,19.200,0.960,300.000,275.000,-1,475.000,-1,250.000,300.000,400.000,275.000,-1,475.000,350.000,825.000,375.000,1000.000,275.000,-1,1,1,2,1,2,1,1,0,0,2,0,0,0,1,1,1,2
126,-6299.999,-2973.398,75.330,-161.124,-0.944874,0.322870,0.054481,-0.317778,-0.944337,0.085118,0.078930,0.063113,0.994880,0,0.40000,0.60000,24.000,1.200,300.000,275.000,-1,450.000,-1,250.000,300.000,425.000,250.000,-1,475.000,300.000,775.000,375.000,975.000,275.000,-1,1,1,2,1,2,1,1,0,0,2,0,0,0,1,1,1,2
127,-6327.012,-2983.385,77.754,-159.720,-0.936701,0.345823,0.054755,-0.340176,-0.935898,0.091518,0.082894,0.067099,0.994297,0,0.48000,0.70205,28.800,1.404,275.000,275.000,-1,425.000,-1,250.000,300.000,425.000,250.000,-1,475.000,250.000,725.000,350.000,925.000,275.000,-1,1,1,2,1,2,1,1,0,0,2,0,0,0,1,1,1,2
128,-6358.232,-2995.806,80.697,-158.316,-0.927987,0.368515,0.055111,-0.362128,-0.926794,0.099579,0.087773,0.072451,0.993502,0,0.56000,0.70211,33.600,1.404,275.000,250.000,-1,425.000,-1,225.000,275.000,450.000,250.000,-1,425.000,225.000,650.000,350.000,900.000,250.000,-1,1,1,2,1,2,1,1,0,0,2,0,0,0,1,1,1,2
129,-6393.552,-3010.874,84.193,-156.910,-0.918744,0.390936,0.055479,-0.383575,-0.916990,0.109541,0.093697,0.079360,0.992433,0,0.64000,0.70292,38.400,1.406,275.000,250.000,-1,400.000,-1,225.000,275.000,475.000,250.000,-1,400.000,175.000,600.000,325.000,850.000,250.000,-1,1,1,2,1,2,1,1,0,0,2,0,0,0,1,1,1,2
130,-6432.858,-3028.800,88.263,-155.501,-0.908991,0.413063,0.055796,-0.404425,-0.906430,0.121760,0.100870,0.088114,0.990990,0,0.72000,0.70458,43.200,1.409,250.000,225.000,-1,400.000,1000.000,225.000,275.000,525.000,250.000,-1,350.000,150.000,525.000,325.000,800.000,225.000,-1,1,1,2,1,1,1,1,0,0,2,0,0,0,1,1,1,2
131,-6476.029,-3049.787,94.517,-154.087,-0.898179,0.435115,0.062838,-0.424516,-0.895553,0.133309,0.114279,0.093059,0.989080,0,0.80000,0.70722,48.000,1.414,250.000,225.000,-1,400.000,975.000,225.000,275.000,550.000,250.000,-1,300.000,125.000,475.000,350.000,775.000,225.000,1000.000,1,1,2,1,1,1,1,0,0,2,0,0,0,1,1,1,1
