timestep,x_cm,y_cm,z_cm,yaw_deg,basis_xx,basis_xy,basis_xz,basis_yx,basis_yy,basis_yz,basis_zx,basis_zy,basis_zz,teleport_flag,throttle_cmd,steering_cmd,cmd_move_cm,cmd_turn_deg,lidar_cm_0,lidar_cm_1,lidar_cm_2,lidar_cm_3,lidar_cm_4,lidar_cm_5,lidar_cm_6,lidar_cm_7,lidar_cm_8,lidar_cm_9,lidar_cm_10,lidar_cm_11,lidar_cm_12,lidar_cm_13,lidar_cm_14,lidar_cm_15,lidar_cm_16,lidar_class_0,lidar_class_1,lidar_class_2,lidar_class_3,lidar_class_4,lidar_class_5,lidar_class_6,lidar_class_7,lidar_class_8,lidar_class_9,lidar_class_10,lidar_class_11,lidar_class_12,lidar_class_13,lidar_class_14,lidar_class_15,lidar_class_16
0,5571.439,7540.541,221.954,-146.116,-0.829957,0.557436,0.020866,-0.556628,-0.830045,0.034509,0.036556,0.017027,0.999187,1,0.08000,0.12000,4.800,0.240,-1,450.000,-1,450.000,-1,350.000,350.000,300.000,300.000,-1,-1,-1,-1,-1,950.000,-1,-1,2,0,2,0,2,0,0,0,0,2,2,2,2,2,0,2,2
1,5563.515,7535.122,222.340,-145.636,-0.825269,0.564377,0.020246,-0.563610,-0.825355,0.033654,0.035704,0.016363,0.999228,0,0.16000,0.24000,9.600,0.480,-1,450.000,-1,450.000,-1,350.000,350.000,300.000,300.000,-1,-1,-1,-1,-1,950.000,-1,-1,2,0,2,0,2,0,0,0,0,2,2,2,2,2,0,2,2
2,5551.731,7526.846,222.897,-144.916,-0.818130,0.574712,0.019241,-0.574007,-0.818210,0.032383,0.034354,0.015449,0.999290,0,0.24000,0.36000,14.400,0.720,-1,450.000,-1,450.000,-1,350.000,350.000,300.000,300.000,-1,-1,-1,-1,-1,950.000,-1,-1,2,0,2,0,2,0,0,0,0,2,2,2,2,2,0,2,2
3,5536.171,7515.597,223.518,-144.136,-0.810269,0.585797,0.017479,-0.585173,-0.810324,0.030766,0.032186,0.014701,0.999374,0,0.32000,0.38977,19.200,0.780,-1,450.000,-1,450.000,-1,350.000,350.000,300.000,300.000,-1,-1,-1,-1,-1,950.000,-1,-1,2,0,2,0,2,0,0,0,0,2,2,2,2,2,0,2,2
4,5516.915,7501.274,224.273,-143.357,-0.802262,0.596775,0.015358,-0.596247,-0.802289,0.028661,0.029426,0.013836,0.999471,0,0.40000,0.38977,24.000,0.780,-1,450.000,-1,450.000,-1,350.000,350.000,300.000,300.000,-1,-1,-1,-1,-1,925.000,-1,-1,2,0,2,0,2,0,0,0,0,2,2,2,2,2,0,2,2
5,5494.042,7483.773,225.155,-142.577,-0.794106,0.607643,0.012894,-0.607221,-0.794106,0.026050,0.026068,0.012857,0.999577,0,0.48000,0.38977,28.800,0.780,-1,450.000,-1,425.000,-1,350.000,350.000,300.000,300.000,-1,-1,-1,-1,-1,925.000,-1,-1,2,0,2,0,2,0,0,0,0,2,2,2,2,2,0,2,2
6,5467.639,7462.993,226.053,-141.798,-0.785801,0.618396,0.010105,-0.618073,-0.785773,0.023373,0.022394,0.012121,0.999676,0,0.56000,0.38977,33.600,0.780,-1,450.000,-1,425.000,-1,350.000,350.000,300.000,300.000,-1,-1,-1,-1,-1,900.000,-1,-1,2,0,2,0,2,0,0,0,0,2,2,2,2,2,0,2,2
7,5437.789,7438.837,226.702,-141.018,-0.777353,0.629026,0.006982,-0.628774,-0.777282,0.021802,0.019141,0.012557,0.999738,0,0.64000,0.38977,38.400,0.780,-1,450.000,-1,425.000,-1,350.000,350.000,300.000,300.000,-1,-1,-1,-1,-1,875.000,-1,-1,2,0,2,0,2,0,0,0,0,2,2,2,2,2,0,2,2
8,5404.580,7411.207,227.373,-140.239,-0.768756,0.639532,0.003504,-0.639355,-0.768653,0.019960,0.015458,0.013105,0.999795,0,0.72000,0.38952,43.200,0.779,-1,450.000,-1,425.000,-1,350.000,350.000,300.000,300.000,-1,-1,-1,-1,-1,850.000,-1,-1,2,0,2,0,2,0,0,0,0,2,2,2,2,2,0,2,2
9,5368.101,7380.010,228.043,-139.463,-0.760043,0.649872,-0.000324,-0.649773,-0.759918,0.017852,0.011355,0.013779,0.999841,0,0.80000,0.38780,48.000,0.776,-1,450.000,-1,425.000,-1,350.000,350.000,300.000,300.000,-1,-1,-1,-1,-1,850.000,-1,-1,2,0,2,0,2,0,0,0,0,2,2,2,2,2,0,2,2
10,5328.439,7345.157,228.685,-138.693,-0.751227,0.660028,-0.004496,-0.660008,-0.751099,0.015482,0.006842,0.014598,0.999870,0,0.88000,0.38537,52.800,0.771,-1,450.000,-1,400.000,-1,350.000,325.000,275.000,300.000,-1,-1,-1,-1,-1,825.000,-1,-1,2,0,2,0,2,0,0,0,0,2,2,2,2,2,0,2,2
11,5285.682,7306.562,229.463,-137.928,-0.742330,0.669985,-0.008084,-0.670029,-0.742226,0.012711,0.002516,0.014852,0.999887,0,0.96000,0.38213,57.600,0.764,-1,450.000,-1,400.000,-1,350.000,325.000,275.000,300.000,-1,-1,-1,-1,-1,800.000,-1,-1,2,0,2,0,2,0,0,0,0,2,2,2,2,2,0,2,2
12,5241.677,7265.774,229.746,-137.172,-0.733370,0.679734,-0.011439,-0.679822,-0.733338,0.007532,-0.003269,0.013300,0.999906,0,1.00000,0.37795,60.000,0.756,-1,450.000,-1,400.000,-1,350.000,325.000,275.000,300.000,-1,-1,-1,-1,-1,775.000,-1,-1,2,0,2,0,2,0,0,0,0,2,2,2,2,2,1,2,2
13,5198.207,7224.418,229.906,-136.427,-0.724392,0.689234,-0.014589,-0.689330,-0.724444,0.002319,-0.008970,0.011736,0.999891,0,1.00000,0.37285,60.000,0.746,-1,450.000,-1,400.000,-1,350.000,325.000,275.000,300.000,-1,-1,-1,-1,-1,750.000,-1,-1,2,0,2,0,2,0,0,0,0,2,2,2,2,2,1,2,2
14,5155.271,7182.508,229.917,-135.693,-0.715430,0.698469,-0.017351,-0.698536,-0.715569,-0.002881,-0.014428,0.010059,0.999845,0,1.00000,0.36694,60.000,0.734,-1,425.000,-1,375.000,-1,350.000,325.000,300.000,300.000,-1,-1,-1,-1,-1,725.000,-1,-1,2,0,2,0,2,0,0,0,0,2,2,2,2,2,1,2,2
15,5112.864,7140.061,229.208,-134.972,-0.706577,0.707433,-0.016950,-0.707412,-0.706754,-0.008233,-0.017803,0.006173,0.999822,0,1.00000,0.36018,60.000,0.720,-1,425.000,-1,375.000,-1,325.000,325.000,300.000,300.000,-1,-1,-1,-1,-1,725.000,-1,975.000,2,0,2,0,2,0,0,0,0,2,2,2,2,2,1,2,1
16,5070.984,7097.096,228.100,-134.267,-0.697816,0.716086,-0.016552,-0.715992,-0.698004,-0.012094,-0.020214,0.003411,0.999790,0,1.00000,0.35254,60.000,0.705,-1,425.000,-1,400.000,-1,325.000,325.000,300.000,300.000,-1,-1,-1,-1,-1,700.000,-1,925.000,2,0,2,0,2,0,0,0,0,2,2,2,2,2,1,2,1
17,5029.622,7053.630,226.899,-133.579,-0.689174,0.724419,-0.016018,-0.724245,-0.689360,-0.015888,-0.022552,0.000651,0.999745,0,1.00000,0.34397,60.000,0.688,-1,425.000,-1,400.000,950.000,325.000,325.000,300.000,300.000,-1,-1,-1,-1,-1,675.000,-1,850.000,2,0,2,0,1,0,0,0,0,2,2,2,2,2,1,2,1
18,4988.771,7009.685,225.604,-132.911,-0.680685,0.732415,-0.015353,-0.732156,-0.680855,-0.019612,-0.024817,-0.002109,0.999690,0,1.00000,0.33443,60.000,0.669,-1,425.000,-1,400.000,850.000,325.000,325.000,300.000,300.000,-1,-1,-1,-1,-1,650.000,-1,775.000,2,0,2,0,1,0,0,0,0,2,2,2,2,2,1,2,1
19,4948.419,6965.281,224.216,-132.263,-0.672385,0.740059,-0.014560,-0.739709,-0.672525,-0.023262,-0.027008,-0.004871,0.999623,0,1.00000,0.32389,60.000,0.648,-1,425.000,-1,400.000,775.000,325.000,325.000,300.000,300.000,-1,-1,-1,-1,-1,625.000,-1,725.000,2,0,2,0,1,0,0,0,0,2,2,2,2,2,1,2,1
20,4908.553,6920.439,222.437,-131.638,-0.664237,0.747346,-0.016237,-0.746922,-0.664418,-0.025630,-0.029942,-0.004897,0.999540,0,1.00000,0.31228,60.000,0.625,-1,425.000,-1,400.000,675.000,325.000,325.000,300.000,300.000,-1,-1,-1,-1,-1,600.000,-1,650.000,2,0,2,0,1,0,0,0,0,2,2,2,2,2,1,2,1
21,4869.159,6875.183,220.760,-131.039,-0.656341,0.754252,-0.017912,-0.753746,-0.656567,-0.028069,-0.032931,-0.004922,0.999445,0,1.00000,0.29956,60.000,0.599,-1,425.000,-1,400.000,600.000,325.000,325.000,300.000,300.000,-1,-1,-1,-1,-1,550.000,-1,600.000,2,0,2,0,1,0,0,0,0,2,2,2,2,2,1,2,1
22,4830.217,6829.537,219.112,-130.468,-0.648744,0.760759,-0.019402,-0.760149,-0.649012,-0.030933,-0.036124,-0.005319,0.999333,0,1.00000,0.28565,60.000,0.571,-1,425.000,-1,375.000,525.000,325.000,325.000,300.000,300.000,-1,-1,-1,-1,-1,525.000,-1,525.000,2,0,2,1,1,0,0,0,0,2,2,2,2,2,1,2,1
23,4791.926,6783.343,217.051,-129.657,-0.637923,0.769865,-0.019046,-0.769149,-0.638169,-0.033918,-0.038267,-0.006988,0.999243,0,1.00000,0.40565,60.000,0.811,-1,425.000,-1,375.000,475.000,325.000,325.000,300.000,300.000,-1,-1,-1,-1,-1,500.000,-1,475.000,2,0,2,1,1,0,0,0,0,2,2,2,2,2,1,2,1
24,4754.490,6736.455,214.807,-128.605,-0.623731,0.781432,-0.018019,-0.780610,-0.623926,-0.036941,-0.040110,-0.008975,0.999155,0,1.00000,0.52565,60.000,1.051,-1,450.000,-1,350.000,400.000,325.000,325.000,300.000,300.000,-1,-1,-1,-1,-1,475.000,-1,425.000,2,0,2,1,1,0,0,0,0,2,2,2,2,2,1,2,1
25,4718.119,6688.735,212.493,-127.314,-0.606008,0.795279,-0.016892,-0.794348,-0.606147,-0.039969,-0.042026,-0.010804,0.999058,0,1.00000,0.64565,60.000,1.291,-1,450.000,-1,350.000,350.000,350.000,325.000,300.000,275.000,-1,-1,-1,-1,-1,450.000,-1,375.000,2,0,2,1,1,0,0,0,0,2,2,2,2,2,1,2,1
26,4683.037,6640.060,209.907,-125.783,-0.584610,0.811169,-0.015348,-0.810083,-0.584661,-0.044013,-0.044675,-0.013298,0.998913,0,1.00000,0.76565,60.000,1.531,-1,450.000,-1,325.000,300.000,350.000,325.000,300.000,275.000,-1,-1,-1,-1,-1,450.000,-1,325.000,2,0,2,1,1,0,1,0,0,2,2,2,2,2,1,2,1
27,4649.306,6590.439,206.693,-124.208,-0.562249,0.826870,-0.012711,-0.825506,-0.562102,-0.050805,-0.049154,-0.018072,0.998628,0,1.00000,0.78750,60.000,1.575,-1,450.000,-1,300.000,250.000,350.000,325.000,275.000,275.000,-1,-1,-1,-1,-1,450.000,-1,275.000,2,0,2,1,1,0,1,0,1,2,2,2,2,2,1,2,1
28,4616.899,6539.944,205.358,-122.697,-0.540793,0.841156,-0.000512,-0.839796,-0.539953,-0.056506,-0.047807,-0.030128,0.998402,0,1.00000,0.75526,60.000,1.511,-1,475.000,-1,325.000,250.000,350.000,325.000,275.000,300.000,-1,-1,-1,-1,-1,500.000,-1,250.000,2,0,2,1,1,0,1,0,1,2,2,2,2,2,1,2,1
29,4585.773,6488.649,204.320,-121.256,-0.520022,0.854044,0.013645,-0.852948,-0.518375,-0.061372,-0.045341,-0.043553,0.998022,0,1.00000,0.72043,60.000,1.441,-1,475.000,-1,350.000,225.000,375.000,325.000,275.000,300.000,-1,-1,-1,-1,-1,575.000,-1,250.000,2,0,2,1,1,0,1,0,1,2,2,2,2,2,1,2,1
30,4555.881,6436.627,202.980,-119.890,-0.499899,0.865613,0.028536,-0.865147,-0.497555,-0.062932,-0.040277,-0.056147,0.997610,0,1.00000,0.68300,60.000,1.366,-1,500.000,-1,375.000,200.000,400.000,350.000,275.000,300.000,-1,-1,-1,-1,-1,1000.000,-1,400.000,2,0,2,1,1,0,1,0,1,2,2,2,2,2,1,2,1
31,4527.164,6383.946,201.226,-118.604,-0.480585,0.875956,0.041702,-0.876201,-0.477671,-0.064047,-0.036183,-0.067320,0.997075,0,1.00000,0.64303,60.000,1.286,-1,525.000,-1,400.000,275.000,425.000,375.000,275.000,300.000,-1,-1,-1,-1,-1,-1,-1,-1,2,0,2,1,1,1,1,0,1,2,2,2,2,2,2,2,2
32,4499.552,6330.678,197.591,-117.403,-0.462317,0.885625,0.043961,-0.885858,-0.459123,-0.066797,-0.038974,-0.069824,0.996798,0,1.00000,0.60063,60.000,1.201,-1,525.000,-1,425.000,375.000,425.000,375.000,275.000,275.000,-1,-1,-1,-1,-1,-1,-1,-1,2,0,2,1,1,1,1,0,1,2,2,2,2,2,2,2,2
33,4472.978,6276.884,193.500,-116.291,-0.445253,0.894304,0.044391,-0.894375,-0.441817,-0.069933,-0.042928,-0.070840,0.996564,0,1.00000,0.55600,60.000,1.112,-1,525.000,-1,450.000,-1,425.000,400.000,275.000,225.000,-1,-1,-1,-1,-1,-1,-1,-1,2,0,2,1,2,1,1,0,1,2,2,2,2,2,2,2,2
34,4447.363,6222.626,188.987,-115.272,-0.429488,0.902041,0.043147,-0.901799,-0.425855,-0.073533,-0.047955,-0.070491,0.996359,0,1.00000,0.50947,60.000,1.019,-1,525.000,-1,475.000,-1,425.000,400.000,275.000,200.000,-1,-1,-1,-1,-1,1000.000,-1,-1,2,0,2,1,2,0,1,0,1,2,2,2,2,2,1,2,2
35,4422.625,6167.963,184.085,-114.349,-0.415086,0.908886,0.040364,-0.908180,-0.411315,-0.077650,-0.053973,-0.068890,0.996163,0,1.00000,0.46149,60.000,0.923,-1,500.000,-1,500.000,1000.000,400.000,400.000,275.000,175.000,-1,-1,-1,-1,-1,975.000,-1,-1,2,0,2,0,1,0,1,0,1,2,2,2,2,2,1,2,2
36,4398.840,6113.323,178.854,-113.522,-0.402060,0.914898,0.036180,-0.913588,-0.398230,-0.082280,-0.060869,-0.066135,0.995952,0,0.99320,0.41345,59.592,0.827,-1,500.000,-1,500.000,950.000,400.000,400.000,275.000,150.000,-1,-1,-1,-1,1000.000,950.000,-1,-1,2,0,2,0,1,0,0,0,1,2,2,2,2,0,1,2,2
37,4376.585,6060.152,173.429,-112.710,-0.389095,0.920686,0.030714,-0.918647,-0.385322,-0.087265,-0.068509,-0.062170,0.995712,0,0.96066,0.40603,57.640,0.812,-1,475.000,-1,475.000,900.000,375.000,375.000,300.000,150.000,-1,-1,-1,-1,950.000,925.000,-1,-1,2,0,2,0,1,0,0,0,1,2,2,2,2,0,1,2,2
38,4355.854,6008.599,168.525,-111.908,-0.376553,0.925947,0.028816,-0.923068,-0.372385,-0.096305,-0.078443,-0.062863,0.994935,0,0.92606,0.40086,55.564,0.802,-1,450.000,-1,450.000,850.000,375.000,375.000,300.000,150.000,-1,-1,-1,-1,900.000,900.000,-1,-1,2,0,2,0,1,0,0,0,1,2,2,2,2,0,1,2,2
39,4336.613,5958.750,164.150,-111.113,-0.364385,0.930776,0.029653,-0.926856,-0.359393,-0.108511,-0.090343,-0.067024,0.993653,0,0.89054,0.39785,53.432,0.796,-1,425.000,-1,450.000,825.000,350.000,350.000,275.000,150.000,-1,-1,-1,-1,825.000,850.000,-1,-1,2,0,2,0,1,0,0,0,1,2,2,2,2,0,1,2,2
40,4319.542,5913.210,160.162,-110.557,-0.356087,0.933963,0.030266,-0.928891,-0.350253,-0.120348,-0.101800,-0.070968,0.992270,0,0.81054,0.27785,48.632,0.556,-1,425.000,-1,425.000,775.000,350.000,350.000,275.000,175.000,-1,-1,-1,-1,750.000,825.000,-1,1000.000,2,0,2,0,1,0,0,0,1,2,2,2,2,1,1,2,1
41,4304.382,5872.080,156.525,-110.241,-0.351677,0.935619,0.030654,-0.929337,-0.345006,-0.131541,-0.112496,-0.074748,0.990837,0,0.73054,0.15785,43.832,0.316,950.000,400.000,-1,400.000,725.000,325.000,325.000,275.000,175.000,-1,-1,-1,-1,700.000,775.000,-1,950.000,0,0,2,0,1,0,0,0,1,2,2,2,2,1,0,2,1
42,4290.929,5835.436,152.800,-110.166,-0.350926,0.935932,0.029704,-0.928565,-0.343717,-0.140093,-0.120908,-0.076744,0.989693,0,0.65054,0.03785,39.032,0.076,850.000,375.000,-1,400.000,700.000,325.000,325.000,275.000,175.000,-1,-1,-1,-1,675.000,725.000,900.000,875.000,0,0,2,0,1,0,0,0,1,2,2,2,2,1,0,0,1
43,4279.034,5803.336,148.488,-110.330,-0.353523,0.935059,0.026178,-0.926982,-0.346443,-0.143808,-0.125400,-0.075106,0.989259,0,0.57054,-0.08215,34.232,-0.164,800.000,375.000,-1,375.000,650.000,300.000,300.000,275.000,175.000,-1,-1,-1,-1,650.000,700.000,850.000,825.000,0,0,2,0,1,0,0,0,1,2,2,2,2,1,0,0,1
44,4268.615,5775.809,145.301,-110.734,-0.360201,0.932521,0.025676,-0.924258,-0.353006,-0.145374,-0.126501,-0.076095,0.989044,0,0.49054,-0.20215,29.432,-0.404,750.000,375.000,-1,375.000,625.000,300.000,300.000,275.000,200.000,-1,-1,-1,-1,625.000,700.000,800.000,800.000,0,0,2,0,1,0,0,0,1,2,2,2,2,1,0,0,1
45,4259.674,5752.856,142.801,-111.288,-0.369319,0.928936,0.026113,-0.920712,-0.361949,-0.145888,-0.126069,-0.077922,0.988956,0,0.41054,-0.27681,24.632,-0.554,750.000,375.000,-1,375.000,625.000,300.000,300.000,275.000,200.000,-1,-1,-1,-1,625.000,700.000,775.000,775.000,0,0,2,0,1,0,0,0,1,2,2,2,2,1,0,0,1
46,4252.299,5734.446,140.742,-111.836,-0.378274,0.925320,0.026288,-0.917150,-0.370782,-0.146137,-0.125477,-0.079390,0.988915,0,0.33054,-0.27426,19.832,-0.549,725.000,375.000,-1,375.000,600.000,300.000,300.000,275.000,200.000,-1,-1,-1,-1,625.000,700.000,775.000,750.000,0,0,2,0,1,0,0,0,1,2,2,2,2,1,1,0,1
47,4246.576,5720.545,139.129,-112.380,-0.387081,0.921673,0.026226,-0.913568,-0.379518,-0.146151,-0.124750,-0.080532,0.988915,0,0.25054,-0.27206,15.032,-0.544,725.000,350.000,-1,375.000,600.000,300.000,300.000,275.000,200.000,-1,-1,-1,-1,625.000,675.000,750.000,725.000,0,0,2,0,1,0,0,0,1,2,2,2,2,1,1,0,1
48,4242.592,5711.120,137.962,-112.921,-0.395758,0.917988,0.025941,-0.909958,-0.388172,-0.145939,-0.123901,-0.081362,0.988953,0,0.17054,-0.27033,10.232,-0.541,700.000,350.000,-1,375.000,575.000,300.000,300.000,275.000,200.000,-1,-1,-1,-1,650.000,675.000,750.000,725.000,0,0,2,0,1,0,0,0,1,2,2,2,2,1,1,0,1
49,4240.430,5706.137,137.236,-113.459,-0.404323,0.914263,0.025434,-0.906318,-0.396762,-0.145492,-0.122926,-0.081877,0.989032,0,0.09054,-0.26913,5.432,-0.538,700.000,375.000,-1,375.000,575.000,300.000,300.000,275.000,200.000,-1,-1,-1,-1,650.000,675.000,750.000,700.000,0,0,2,0,1,0,0,0,1,2,2,2,2,1,1,0,1
50,4240.172,5705.559,136.939,-113.996,-0.412791,0.910491,0.024694,-0.902644,-0.405307,-0.144776,-0.121808,-0.082052,0.989156,0,0.01054,-0.26849,0.632,-0.537,725.000,375.000,-1,375.000,575.000,300.000,300.000,275.000,200.000,-1,-1,-1,-1,650.000,650.000,775.000,700.000,0,0,2,0,1,0,0,0,1,2,2,2,2,1,1,1,1
51,4241.902,5709.350,137.056,-114.533,-0.421176,0.906669,0.023698,-0.898937,-0.413828,-0.143734,-0.120512,-0.081840,0.989333,0,-0.06946,-0.26842,-4.168,-0.537,725.000,375.000,-1,375.000,575.000,300.000,300.000,275.000,200.000,-1,-1,-1,-1,675.000,650.000,825.000,700.000,0,0,2,0,1,0,0,0,1,2,2,2,2,1,1,1,1
52,4245.701,5717.474,137.562,-115.071,-0.429487,0.902795,0.022411,-0.895200,-0.422342,-0.142281,-0.118985,-0.081170,0.989573,0,-0.14946,-0.26888,-8.968,-0.538,750.000,375.000,-1,375.000,575.000,300.000,300.000,275.000,200.000,-1,-1,-1,-1,675.000,650.000,900.000,675.000,0,0,2,0,1,0,0,0,1,2,2,2,2,1,1,1,1
53,4251.650,5729.890,138.426,-115.611,-0.437729,0.898866,0.020789,-0.891441,-0.430869,-0.140302,-0.117155,-0.079946,0.989891,0,-0.22946,-0.26981,-13.768,-0.540,775.000,375.000,-1,375.000,575.000,300.000,300.000,275.000,175.000,-1,-1,-1,-1,675.000,650.000,-1,675.000,0,0,2,0,1,0,0,0,1,2,2,2,2,1,1,2,1
54,4259.831,5746.558,139.613,-116.153,-0.445904,0.894884,0.018775,-0.887672,-0.439422,-0.137651,-0.114931,-0.078045,0.990303,0,-0.30946,-0.27110,-18.568,-0.542,800.000,375.000,-1,375.000,575.000,300.000,300.000,275.000,175.000,-1,-1,-1,-1,700.000,650.000,-1,675.000,0,0,2,0,1,0,0,0,1,2,2,2,2,1,1,2,1
55,4269.537,5765.861,141.396,-116.698,-0.454172,0.890721,0.018523,-0.883975,-0.447947,-0.133907,-0.110976,-0.077191,0.990821,0,-0.36009,-0.27262,-21.605,-0.545,850.000,375.000,-1,375.000,575.000,300.000,325.000,275.000,175.000,-1,-1,-1,-1,700.000,675.000,-1,700.000,0,0,2,0,1,0,0,0,1,2,2,2,2,1,1,2,1
56,4277.292,5780.771,143.019,-117.483,-0.466227,0.884435,0.020164,-0.878375,-0.460079,-0.129555,-0.105306,-0.078114,0.991367,0,-0.28009,-0.39262,-16.805,-0.785,925.000,375.000,-1,400.000,600.000,325.000,325.000,275.000,175.000,-1,-1,-1,-1,750.000,675.000,-1,725.000,0,0,2,0,1,0,0,0,1,2,2,2,2,1,1,2,1
57,4283.022,5791.321,143.975,-118.508,-0.481829,0.876006,0.021326,-0.870589,-0.475800,-0.125256,-0.099578,-0.078918,0.991895,0,-0.20009,-0.51262,-12.005,-1.025,975.000,400.000,-1,400.000,600.000,325.000,325.000,275.000,175.000,-1,-1,-1,-1,800.000,675.000,-1,725.000,0,0,2,0,1,0,0,0,1,2,2,2,2,1,1,2,1
58,4286.600,5797.576,144.324,-119.774,-0.500889,0.865226,0.022235,-0.860416,-0.494992,-0.121111,-0.093782,-0.079795,0.992390,0,-0.12009,-0.63262,-7.205,-1.265,-1,400.000,-1,400.000,600.000,325.000,325.000,275.000,175.000,-1,-1,-1,-1,875.000,675.000,-1,725.000,2,0,2,0,1,0,0,0,1,2,2,2,2,1,1,2,1
59,4287.849,5799.631,144.132,-121.279,-0.523283,0.851846,0.023102,-0.847611,-0.517502,-0.117250,-0.087923,-0.080936,0.992834,0,-0.04009,-0.75262,-2.405,-1.505,-1,400.000,-1,400.000,600.000,325.000,325.000,275.000,150.000,-1,-1,-1,-1,-1,675.000,-1,725.000,2,0,2,0,1,0,0,0,1,2,2,2,2,2,1,2,1
60,4286.544,5797.623,143.470,-123.024,-0.548839,0.835580,0.024110,-0.831895,-0.543133,-0.113830,-0.082019,-0.082531,0.993208,0,0.03991,-0.87262,2.395,-1.745,-1,425.000,-1,425.000,600.000,350.000,350.000,300.000,150.000,-1,-1,-1,-1,-1,675.000,-1,700.000,2,0,2,0,1,0,0,0,1,2,2,2,2,2,1,2,1
61,4282.417,5791.728,142.561,-125.009,-0.577382,0.816073,0.025601,-0.812881,-0.571620,-0.111690,-0.076513,-0.085299,0.993413,0,0.11991,-0.99262,7.195,-1.985,-1,425.000,-1,425.000,575.000,350.000,350.000,300.000,150.000,-1,-1,-1,-1,-1,650.000,-1,675.000,2,0,2,0,1,0,0,0,1,2,2,2,2,2,1,2,1
62,4275.200,5782.145,141.808,-127.009,-0.605610,0.795281,0.027665,-0.792398,-0.599492,-0.112760,-0.073091,-0.090210,0.993237,0,0.19991,-1.00000,11.995,-2.000,-1,425.000,-1,425.000,575.000,350.000,350.000,300.000,150.000,975.000,-1,-1,-1,-1,625.000,-1,650.000,2,0,2,0,1,0,0,0,1,0,2,2,2,2,1,2,1
63,4264.632,5769.090,140.537,-129.009,-0.633058,0.773551,0.029270,-0.770951,-0.626619,-0.113945,-0.069801,-0.094699,0.993056,0,0.27991,-1.00000,16.795,-2.000,-1,425.000,-1,425.000,550.000,350.000,350.000,275.000,150.000,950.000,300.000,-1,-1,-1,625.000,-1,625.000,2,0,2,0,1,0,0,0,1,0,0,2,2,2,1,2,1
64,4250.463,5752.791,138.938,-131.009,-0.659650,0.750964,0.030246,-0.748658,-0.653019,-0.114353,-0.066124,-0.098077,0.992980,0,0.35991,-1.00000,21.595,-2.000,-1,425.000,-1,425.000,525.000,350.000,350.000,300.000,150.000,925.000,300.000,-1,-1,-1,600.000,-1,600.000,2,0,2,0,1,0,0,0,1,0,0,2,2,2,1,2,1
65,4232.460,5733.487,136.938,-133.009,-0.685393,0.727525,0.030718,-0.725497,-0.678652,-0.114396,-0.062379,-0.100692,0.992960,0,0.43991,-1.00000,26.395,-2.000,-1,425.000,-1,425.000,500.000,350.000,350.000,300.000,150.000,925.000,275.000,-1,-1,-1,575.000,-1,575.000,2,0,2,1,1,0,0,0,1,0,0,2,2,2,1,2,1
66,4210.398,5711.430,134.518,-135.009,-0.710278,0.703252,0.030699,-0.701463,-0.703483,-0.114286,-0.058776,-0.102710,0.992973,0,0.51991,-1.00000,31.195,-2.000,-1,425.000,-1,400.000,475.000,350.000,350.000,300.000,150.000,925.000,275.000,-1,-1,-1,550.000,-1,525.000,2,0,2,1,1,0,0,0,1,0,0,2,2,2,1,2,1
67,4184.071,5686.879,132.568,-137.009,-0.734480,0.677948,0.030420,-0.676160,-0.727250,-0.117961,-0.057849,-0.107209,0.992552,0,0.59991,-1.00000,35.995,-2.000,-1,400.000,-1,375.000,425.000,350.000,350.000,300.000,150.000,950.000,350.000,-1,-1,-1,525.000,-1,475.000,2,0,2,1,1,0,0,0,1,0,0,2,2,2,1,2,1
68,4153.281,5660.114,130.437,-139.009,-0.757801,0.651829,0.029267,-0.649923,-0.750092,-0.122317,-0.057777,-0.111713,0.992060,0,0.67991,-1.00000,40.795,-2.000,-1,400.000,-1,375.000,375.000,325.000,325.000,300.000,150.000,975.000,475.000,-1,-1,-1,475.000,-1,450.000,2,0,2,1,1,0,0,0,1,0,0,2,2,2,1,2,1
69,4117.844,5631.418,128.083,-141.009,-0.780196,0.624949,0.027058,-0.622795,-0.772007,-0.127009,-0.058485,-0.115944,0.991532,0,0.75991,-1.00000,45.595,-2.000,-1,400.000,-1,325.000,350.000,325.000,325.000,300.000,150.000,-1,650.000,-1,-1,-1,450.000,-1,400.000,2,0,2,1,1,0,1,0,1,2,0,2,2,2,1,2,1
70,4078.541,5601.803,125.529,-143.009,-0.801614,0.597366,0.023840,-0.594859,-0.793002,-0.131490,-0.059642,-0.119586,0.991031,0,0.82013,-1.00000,49.208,-2.000,-1,375.000,750.000,300.000,300.000,325.000,300.000,300.000,150.000,-1,775.000,-1,-1,-1,400.000,-1,325.000,2,0,1,1,1,0,1,0,1,2,0,2,2,2,1,2,1
71,4038.808,5573.986,123.043,-145.009,-0.821998,0.569133,0.020177,-0.566278,-0.813090,-0.134959,-0.060404,-0.122362,0.990646,0,0.80831,-1.00000,48.499,-2.000,-1,375.000,675.000,275.000,250.000,300.000,275.000,300.000,150.000,-1,900.000,-1,-1,-1,375.000,-1,275.000,2,0,1,1,1,1,1,0,1,2,0,2,2,2,1,2,1
72,3998.710,5547.943,121.868,-147.009,-0.841410,0.539947,0.022063,-0.537397,-0.831744,-0.139304,-0.056866,-0.129069,0.990004,0,0.79683,-1.00000,47.810,-2.000,-1,350.000,600.000,250.000,225.000,275.000,250.000,300.000,175.000,-1,950.000,-1,-1,475.000,350.000,-1,250.000,2,1,1,1,1,1,1,0,1,2,0,2,2,1,1,2,1
73,3953.738,5520.639,123.922,-148.769,-0.857647,0.512809,0.038317,-0.512347,-0.845729,-0.149141,-0.044075,-0.147542,0.988073,0,0.87683,-0.88000,52.610,-1.760,-1,325.000,575.000,250.000,250.000,275.000,225.000,275.000,175.000,-1,825.000,1000.000,-1,450.000,325.000,-1,250.000,2,1,1,1,1,1,1,0,1,2,0,0,2,1,1,2,1
74,3908.213,5494.624,126.115,-150.289,-0.870692,0.488774,0.054735,-0.490851,-0.856544,-0.159369,-0.031012,-0.165628,0.985701,0,0.87384,-0.76000,52.431,-1.520,-1,300.000,575.000,250.000,250.000,250.000,225.000,275.000,200.000,900.000,675.000,900.000,-1,425.000,325.000,-1,250.000,2,1,1,1,1,1,1,0,1,0,0,0,2,1,1,2,1
75,3862.936,5470.197,128.253,-151.690,-0.881822,0.466260,0.070655,-0.471247,-0.865584,-0.169383,-0.017819,-0.182662,0.983014,0,0.85737,-0.70040,51.442,-1.401,-1,275.000,550.000,250.000,250.000,250.000,225.000,250.000,225.000,800.000,525.000,775.000,-1,400.000,325.000,-1,250.000,2,1,1,1,1,1,1,0,1,0,0,0,2,1,1,2,1
76,3817.941,5447.321,130.591,-153.085,-0.892138,0.443746,0.084733,-0.451734,-0.874102,-0.178557,-0.005169,-0.197574,0.980274,0,0.84119,-0.69738,50.472,-1.395,-1,275.000,525.000,225.000,250.000,225.000,225.000,250.000,250.000,675.000,450.000,675.000,-1,375.000,325.000,-1,250.000,2,1,1,1,1,1,1,0,1,0,0,0,2,1,1,2,1
77,3773.207,5425.937,133.809,-154.472,-0.901376,0.421538,0.099132,-0.432913,-0.882669,-0.182978,0.010369,-0.207848,0.978106,0,0.82627,-0.69361,49.576,-1.387,-1,250.000,525.000,225.000,275.000,225.000,200.000,250.000,250.000,575.000,375.000,575.000,-1,350.000,325.000,-1,250.000,2,1,1,1,1,1,1,0,1,0,0,0,2,1,1,2,1
78,3728.700,5406.006,140.241,-155.850,-0.908718,0.400472,0.117705,-0.415806,-0.893194,-0.171199,0.036574,-0.204514,0.978180,0,0.81263,-0.68916,48.758,-1.378,-1,250.000,-1,250.000,275.000,225.000,225.000,275.000,275.000,550.000,300.000,450.000,-1,375.000,325.000,-1,275.000,2,1,2,1,1,1,1,1,1,0,0,0,2,1,1,2,1
79,3679.379,5385.109,147.245,-157.013,-0.913398,0.382533,0.139182,-0.401892,-0.901781,-0.158975,0.064698,-0.201144,0.977423,0,0.89263,-0.58149,53.558,-1.163,-1,275.000,-1,250.000,325.000,225.000,225.000,325.000,275.000,525.000,225.000,350.000,-1,400.000,350.000,-1,300.000,2,1,2,1,1,1,1,1,1,0,0,0,2,1,1,2,1
80,-4263.563,-8855.086,-104.529,110.310,-0.346905,-0.937592,0.024037,0.937858,-0.347018,-0.000601,0.008905,0.022334,0.999711,1,0.00000,0.00000,58.358,-1.170,-1,375.000,-1,375.000,-1,325.000,325.000,300.000,300.000,-1,400.000,450.000,-1,700.000,675.000,-1,-1,2,0,2,0,2,0,0,0,0,2,1,1,2,0,0,2,2
81,-4265.248,-8850.591,-104.474,110.550,-0.350826,-0.936132,0.024037,0.936397,-0.350943,-0.000682,0.009074,0.022269,0.999711,0,0.08000,0.12000,4.800,0.240,-1,375.000,-1,375.000,-1,325.000,325.000,300.000,300.000,-1,400.000,450.000,-1,700.000,675.000,-1,-1,2,0,2,0,2,0,0,0,0,2,1,1,2,0,0,2,2
82,-4268.693,-8841.631,-104.362,111.030,-0.358652,-0.933162,0.024039,0.933424,-0.358774,-0.000846,0.009414,0.022135,0.999711,0,0.16000,0.24000,9.600,0.480,-1,375.000,-1,375.000,-1,325.000,325.000,300.000,300.000,-1,425.000,475.000,-1,700.000,675.000,-1,-1,2,0,2,0,2,0,0,0,0,2,1,1,2,0,0,2,2
83,-4274.029,-8828.256,-104.188,111.750,-0.370342,-0.928584,0.024043,0.928842,-0.370474,-0.001101,0.009929,0.021924,0.999710,0,0.24000,0.36000,14.400,0.720,-1,375.000,-1,375.000,-1,325.000,325.000,300.000,300.000,-1,450.000,500.000,-1,700.000,675.000,-1,-1,2,0,2,0,2,0,0,0,0,2,1,1,2,0,0,2,2
84,-4281.441,-8810.545,-103.946,112.710,-0.385839,-0.922253,0.024054,0.922505,-0.385982,-0.001455,0.010626,0.021628,0.999710,0,0.32000,0.48000,19.200,0.960,-1,375.000,-1,375.000,-1,325.000,325.000,300.000,300.000,-1,450.000,525.000,-1,700.000,675.000,-1,-1,2,0,2,0,2,0,0,0,0,2,1,1,2,0,0,2,2
85,-4291.130,-8788.587,-103.629,113.809,-0.403434,-0.914692,0.024087,0.914937,-0.403593,-0.001919,0.011477,0.021264,0.999708,0,0.40000,0.54917,24.000,1.098,-1,375.000,-1,375.000,-1,325.000,325.000,325.000,300.000,-1,500.000,550.000,-1,700.000,650.000,-1,-1,2,0,2,0,2,0,0,0,0,2,1,1,2,0,0,2,2
86,-4303.255,-8762.464,-103.232,114.900,-0.420766,-0.906847,0.024166,0.907084,-0.420942,-0.002505,0.012444,0.020866,0.999705,0,0.48000,0.54560,28.800,1.091,-1,375.000,-1,375.000,-1,325.000,325.000,325.000,300.000,-1,525.000,575.000,-1,700.000,650.000,-1,-1,2,0,2,0,2,0,0,0,0,2,1,1,2,0,0,2,2
87,-4317.975,-8732.260,-102.748,115.983,-0.437808,-0.898740,0.024298,0.898966,-0.438006,-0.003225,0.013542,0.020431,0.999700,0,0.56000,0.54133,33.600,1.083,-1,375.000,-1,375.000,-1,325.000,300.000,325.000,325.000,-1,550.000,625.000,-1,700.000,650.000,-1,-1,2,0,2,0,2,0,0,0,0,2,1,1,2,0,0,2,2
88,-4335.442,-8698.062,-102.174,117.055,-0.454537,-0.890391,0.024503,0.890605,-0.454759,-0.004085,0.014780,0.019966,0.999691,0,0.64000,0.53637,38.400,1.073,-1,375.000,-1,375.000,-1,325.000,300.000,325.000,325.000,-1,600.000,675.000,-1,700.000,650.000,-1,-1,2,0,2,0,2,0,0,0,0,2,1,1,2,0,0,2,2
89,-4355.800,-8659.960,-101.544,118.117,-0.470932,-0.881820,0.024842,0.882024,-0.471179,-0.004874,0.016003,0.019616,0.999680,0,0.72000,0.53073,43.200,1.061,-1,375.000,-1,375.000,-1,300.000,300.000,325.000,325.000,-1,650.000,725.000,-1,700.000,650.000,-1,-1,2,0,2,0,2,0,0,0,0,2,1,1,2,0,0,2,2
90,-4379.274,-8618.092,-100.797,119.277,-0.488671,-0.872104,0.025188,0.872295,-0.488946,-0.005787,0.017363,0.019143,0.999666,0,0.80000,0.58022,48.000,1.160,-1,375.000,-1,375.000,-1,300.000,300.000,325.000,325.000,-1,700.000,775.000,-1,700.000,650.000,-1,-1,2,0,2,0,2,0,0,0,0,2,1,1,2,0,0,2,2
91,-4405.464,-8573.493,-99.681,120.424,-0.505995,-0.862171,0.025099,0.862314,-0.506311,-0.007983,0.019591,0.017604,0.999653,0,0.86200,0.57322,51.720,1.146,-1,375.000,-1,375.000,-1,300.000,300.000,325.000,325.000,-1,750.000,825.000,-1,700.000,650.000,-1,-1,2,0,2,0,2,0,0,0,0,2,1,1,2,0,0,2,2
92,-4432.710,-8529.127,-98.395,121.555,-0.522894,-0.852035,0.024853,0.852109,-0.523253,-0.010769,0.022180,0.015546,0.999633,0,0.86773,0.56569,52.064,1.131,-1,375.000,-1,375.000,-1,300.000,300.000,325.000,325.000,-1,800.000,875.000,-1,700.000,675.000,-1,-1,2,0,2,0,2,0,0,0,0,2,1,1,2,0,0,2,2
93,-4461.000,-8485.011,-97.076,122.671,-0.539372,-0.841705,0.024692,0.841705,-0.539769,-0.013525,0.024713,0.013488,0.999604,0,0.87346,0.55813,52.408,1.116,-1,375.000,-1,375.000,-1,300.000,300.000,300.000,325.000,-1,750.000,925.000,-1,700.000,675.000,-1,-1,2,0,2,0,2,0,0,0,0,2,0,0,2,0,0,2,2
94,-4490.324,-8441.162,-95.725,123.772,-0.555430,-0.831199,0.024610,0.831119,-0.555858,-0.016249,0.027186,0.011428,0.999565,0,0.87918,0.55054,52.751,1.101,1000.000,375.000,-1,375.000,-1,325.000,300.000,300.000,325.000,-1,625.000,750.000,-1,725.000,675.000,-1,-1,1,0,2,0,2,0,0,0,0,2,0,0,2,0,0,2,2
95,-4520.669,-8397.595,-94.130,124.858,-0.571058,-0.820527,0.025073,0.820390,-0.571517,-0.018120,0.029197,0.010222,0.999521,0,0.88489,0.54292,53.093,1.086,975.000,375.000,-1,375.000,-1,325.000,300.000,300.000,325.000,-1,575.000,675.000,-1,725.000,700.000,-1,-1,1,0,2,0,2,0,0,0,0,2,0,0,2,0,0,2,2
96,-4554.618,-8350.700,-92.217,125.903,-0.585871,-0.809978,0.026285,0.809787,-0.586382,-0.020014,0.031624,0.009559,0.999454,0,0.96489,0.52221,57.893,1.044,950.000,375.000,-1,375.000,-1,325.000,300.000,300.000,300.000,-1,550.000,625.000,-1,750.000,700.000,-1,-1,1,0,2,0,2,0,0,0,0,2,0,0,2,0,0,2,2
97,-4590.096,-8303.544,-90.240,126.957,-0.600623,-0.799059,0.027490,0.798812,-0.601187,-0.021777,0.033928,0.008879,0.999385,0,0.98352,0.52702,59.011,1.054,925.000,375.000,-1,375.000,-1,325.000,325.000,300.000,300.000,-1,525.000,600.000,-1,750.000,725.000,-1,-1,1,0,2,0,2,0,0,0,0,2,0,0,2,0,0,2,2
98,-4626.552,-8256.918,-88.129,128.021,-0.615291,-0.787759,0.029193,0.787459,-0.615923,-0.023379,0.036398,0.008604,0.999300,0,0.98643,0.53203,59.186,1.064,925.000,400.000,-1,375.000,-1,325.000,325.000,300.000,300.000,-1,500.000,575.000,-1,775.000,725.000,-1,-1,1,0,2,0,2,0,0,0,0,2,0,0,2,0,0,2,2
99,-4663.980,-8210.855,-86.008,129.095,-0.629884,-0.776074,0.030895,0.775723,-0.630586,-0.024795,0.038725,0.008348,0.999215,0,0.98921,0.53715,59.353,1.074,900.000,400.000,-1,375.000,-1,325.000,325.000,300.000,300.000,-1,500.000,550.000,-1,800.000,750.000,-1,-1,1,0,2,0,2,0,0,0,0,2,0,0,2,1,0,2,2
100,-4702.376,-8165.387,-83.946,130.180,-0.644392,-0.763998,0.032655,0.763598,-0.645167,-0.026021,0.040948,0.008168,0.999128,0,0.99183,0.54240,59.510,1.085,900.000,400.000,-1,400.000,-1,325.000,325.000,300.000,300.000,-1,475.000,525.000,-1,825.000,775.000,-1,-1,1,0,2,0,2,0,0,0,0,2,0,0,2,1,0,2,2
101,-4738.287,-8124.112,-82.059,131.025,-0.655526,-0.754404,0.034063,0.753962,-0.656362,-0.027017,0.042740,0.007972,0.999054,0,0.91183,0.42240,54.710,0.845,900.000,400.000,-1,400.000,-1,325.000,325.000,300.000,300.000,-1,450.000,500.000,-1,850.000,800.000,-1,-1,1,0,2,0,2,0,0,0,0,2,0,0,2,0,0,2,2
102,-4772.188,-8085.967,-79.988,131.629,-0.663474,-0.747441,0.033671,0.746948,-0.664295,-0.027945,0.043255,0.006610,0.999042,0,0.85055,0.30240,51.033,0.605,925.000,400.000,-1,400.000,-1,325.000,325.000,300.000,300.000,-1,500.000,525.000,-1,850.000,825.000,-1,-1,1,0,2,0,2,0,0,0,0,2,0,0,2,0,0,2,2
103,-4806.383,-8047.982,-77.908,131.994,-0.668253,-0.743202,0.032979,0.742660,-0.669046,-0.028853,0.043508,0.005212,0.999039,0,0.85182,0.18240,51.109,0.365,-1,400.000,-1,400.000,-1,325.000,325.000,300.000,300.000,-1,525.000,575.000,-1,875.000,825.000,-1,-1,2,0,2,0,2,0,0,0,0,2,0,0,2,0,0,2,2
104,-4840.687,-8010.042,-75.871,132.119,-0.669906,-0.741748,0.032191,0.741162,-0.670668,-0.029726,0.043639,0.003945,0.999040,0,0.85248,0.06240,51.149,0.125,-1,400.000,-1,400.000,-1,325.000,325.000,300.000,300.000,-1,550.000,625.000,-1,875.000,850.000,-1,-1,2,0,2,0,2,0,0,0,0,2,0,0,2,0,0,2,2
105,-4874.912,-7972.036,-73.880,132.004,-0.668452,-0.743097,0.031278,0.742474,-0.669177,-0.030558,0.043638,0.002796,0.999043,0,0.85242,-0.05760,51.145,-0.115,-1,425.000,-1,400.000,-1,325.000,325.000,300.000,300.000,-1,600.000,650.000,-1,875.000,875.000,-1,-1,2,0,2,0,2,0,0,0,0,2,0,0,2,0,0,2,2
106,-4908.866,-7933.858,-71.988,131.649,-0.663873,-0.747233,0.030255,0.746588,-0.664559,-0.031102,0.043346,0.001940,0.999058,0,0.85154,-0.17760,51.093,-0.355,-1,425.000,-1,425.000,-1,325.000,325.000,275.000,300.000,-1,650.000,700.000,-1,900.000,875.000,-1,-1,2,0,2,0,2,0,0,0,0,2,0,0,2,0,0,2,2
107,-4942.351,-7895.410,-70.107,131.053,-0.656115,-0.754097,0.029186,0.753465,-0.656761,-0.030913,0.042479,0.001708,0.999096,0,0.84976,-0.29760,50.986,-0.595,-1,425.000,-1,425.000,-1,325.000,325.000,275.000,300.000,-1,700.000,775.000,-1,900.000,875.000,-1,-1,2,0,2,0,2,0,0,0,0,2,0,0,2,0,0,2,2
108,-4975.165,-7856.605,-68.186,130.218,-0.645092,-0.763589,0.028074,0.763001,-0.645699,-0.030027,0.041056,0.002050,0.999155,0,0.84698,-0.41760,50.819,-0.835,-1,425.000,-1,425.000,-1,350.000,325.000,275.000,300.000,-1,800.000,875.000,-1,900.000,875.000,-1,-1,2,0,2,0,2,0,0,0,0,2,0,0,2,0,0,2,2
109,-5007.098,-7817.371,-66.347,129.143,-0.630691,-0.775570,0.026815,0.775029,-0.631256,-0.029068,0.039471,0.002450,0.999218,0,0.84313,-0.53760,50.588,-1.075,-1,425.000,-1,425.000,-1,350.000,325.000,275.000,300.000,-1,925.000,1000.000,-1,875.000,850.000,-1,-1,2,0,2,0,2,0,0,0,0,2,0,0,2,0,0,2,2
110,-5039.963,-7775.769,-64.492,128.308,-0.619369,-0.784689,0.025407,0.784197,-0.619884,-0.027910,0.037650,0.002638,0.999288,0,0.88363,-0.41760,53.018,-0.835,-1,425.000,-1,425.000,-1,350.000,325.000,275.000,300.000,-1,-1,-1,-1,875.000,850.000,-1,-1,2,0,2,0,2,0,0,0,0,2,2,2,2,0,0,2,2
111,-5072.199,-7734.079,-62.637,127.713,-0.611234,-0.791085,0.024029,0.790658,-0.611698,-0.026180,0.035409,0.002996,0.999368,0,0.87832,-0.29760,52.699,-0.595,-1,425.000,-1,425.000,-1,350.000,325.000,275.000,300.000,-1,-1,-1,-1,875.000,850.000,-1,-1,2,0,2,0,2,0,0,0,0,2,2,2,2,0,0,2,2
112,-5103.980,-7692.447,-60.905,127.357,-0.606371,-0.794862,0.022540,0.794490,-0.606782,-0.024505,0.033155,0.003049,0.999446,0,0.87295,-0.17760,52.377,-0.355,-1,425.000,-1,425.000,-1,350.000,325.000,275.000,300.000,-1,-1,-1,-1,850.000,825.000,-1,-1,2,0,2,0,2,0,0,0,0,2,2,2,2,0,0,2,2
113,-5135.485,-7651.004,-59.293,127.242,-0.604828,-0.796081,0.020942,0.795758,-0.605183,-0.022865,0.030876,0.002835,0.999519,0,0.86765,-0.05760,52.059,-0.115,-1,425.000,-1,425.000,-1,350.000,325.000,275.000,300.000,-1,-1,-1,-1,850.000,825.000,-1,-1,2,0,2,0,2,0,0,1,0,2,2,2,2,0,0,2,2
114,-5166.894,-7609.874,-57.799,127.367,-0.606617,-0.794762,0.019222,0.794481,-0.606917,-0.021246,0.028551,0.002383,0.999589,0,0.86253,0.06240,51.752,0.125,-1,425.000,-1,425.000,-1,350.000,325.000,275.000,300.000,-1,-1,-1,-1,850.000,800.000,-1,-1,2,0,2,0,2,0,0,1,0,2,2,2,2,0,0,2,2
115,-5198.387,-7569.174,-56.422,127.732,-0.611721,-0.790883,0.017362,0.790641,-0.611965,-0.019636,0.026154,0.001716,0.999656,0,0.85769,0.18240,51.462,0.365,-1,425.000,-1,425.000,-1,325.000,325.000,275.000,275.000,-1,-1,-1,-1,825.000,800.000,-1,-1,2,0,2,0,2,0,0,1,0,2,2,2,2,0,1,2,2
116,-5230.141,-7529.019,-55.119,128.337,-0.620085,-0.784380,0.015574,0.784173,-0.620280,-0.018029,0.023801,0.001033,0.999716,0,0.85322,0.30240,51.193,0.605,-1,400.000,-1,400.000,-1,325.000,325.000,250.000,275.000,-1,-1,-1,-1,800.000,750.000,-1,-1,2,0,2,0,2,0,0,1,0,2,2,2,2,0,1,2,2
117,-5262.331,-7489.524,-53.890,129.181,-0.631626,-0.775149,0.013845,0.774976,-0.631778,-0.016413,0.021470,0.000363,0.999769,0,0.84918,0.42240,50.951,0.845,-1,400.000,975.000,400.000,-1,325.000,325.000,250.000,275.000,-1,-1,-1,-1,800.000,700.000,-1,-1,2,0,1,0,2,0,0,1,0,2,2,2,2,1,1,2,2
118,-5295.124,-7450.809,-52.738,130.266,-0.646225,-0.763050,0.012183,0.762906,-0.646340,-0.014778,0.019150,-0.000255,0.999817,0,0.84562,0.54240,50.737,1.085,-1,400.000,925.000,400.000,-1,325.000,325.000,250.000,275.000,-1,-1,-1,-1,775.000,650.000,-1,975.000,2,0,1,1,2,0,0,1,0,2,2,2,2,1,1,2,1
119,-5328.683,-7412.999,-51.719,131.591,-0.663721,-0.747902,0.010833,0.747788,-0.663809,-0.013098,0.016987,-0.000593,0.999856,0,0.84258,0.66240,50.555,1.325,-1,400.000,875.000,400.000,975.000,325.000,325.000,250.000,275.000,-1,-1,-1,-1,750.000,600.000,-1,850.000,2,0,1,1,1,0,0,1,0,2,2,2,2,1,1,2,1
120,-5363.158,-7376.229,-50.835,133.156,-0.683915,-0.729496,0.009779,0.729408,-0.683985,-0.011345,0.014965,-0.000626,0.999888,0,0.84007,0.78240,50.404,1.565,-1,400.000,825.000,375.000,925.000,325.000,325.000,250.000,275.000,-1,-1,-1,-1,725.000,550.000,-1,750.000,2,0,1,1,1,0,1,1,0,2,2,2,2,1,1,2,1
121,-5401.914,-7336.916,-49.972,134.591,-0.701984,-0.712138,0.008828,0.712077,-0.702040,-0.009339,0.012848,-0.000269,0.999917,0,0.92007,0.71753,55.204,1.435,-1,400.000,775.000,350.000,850.000,325.000,325.000,250.000,275.000,-1,-1,-1,-1,700.000,500.000,-1,650.000,2,0,1,1,1,0,1,1,0,2,2,2,2,1,1,2,1
122,-5441.770,-7298.463,-49.223,136.026,-0.719608,-0.694333,0.008061,0.694296,-0.719653,-0.007230,0.010821,0.000393,0.999941,0,0.92302,0.71750,55.381,1.435,-1,400.000,700.000,325.000,750.000,325.000,300.000,250.000,275.000,-1,-1,-1,-1,675.000,475.000,-1,550.000,2,0,1,1,1,0,1,1,0,2,2,2,2,1,1,2,1
123,-5482.452,-7261.133,-48.389,137.460,-0.736774,-0.676099,0.007406,0.676073,-0.736811,-0.005997,0.009512,0.000589,0.999955,0,0.92024,0.71728,55.214,1.435,-1,375.000,675.000,325.000,600.000,325.000,275.000,275.000,275.000,-1,-1,-1,-1,650.000,425.000,-1,475.000,2,0,1,1,1,0,1,1,0,2,2,2,2,1,1,2,1
124,-5523.932,-7224.940,-46.970,138.894,-0.753467,-0.657451,0.006825,0.657404,-0.753496,-0.008029,0.010421,-0.001563,0.999944,0,0.91751,0.71687,55.050,1.434,-1,375.000,625.000,300.000,500.000,325.000,275.000,275.000,300.000,-1,-1,-1,-1,625.000,400.000,-1,400.000,2,0,1,1,1,1,1,1,0,2,2,2,2,1,1,2,1
125,-5566.182,-7189.897,-44.786,140.327,-0.769682,-0.638394,0.006543,0.638272,-0.769680,-0.014170,0.014082,-0.006730,0.999878,0,0.91485,0.71628,54.891,1.433,-1,400.000,625.000,275.000,425.000,300.000,250.000,275.000,300.000,-1,-1,-1,-1,625.000,375.000,-1,350.000,2,0,1,1,1,1,1,1,0,2,2,2,2,1,1,2,1
126,-5612.909,-7152.755,-41.886,141.519,-0.782839,-0.622186,0.006841,0.621897,-0.782737,-0.023807,0.020167,-0.014383,0.999693,0,0.99485,0.59628,59.691,1.193,-1,400.000,600.000,275.000,350.000,300.000,250.000,300.000,325.000,-1,-1,-1,-1,600.000,350.000,-1,325.000,2,0,1,1,1,1,1,1,0,2,2,2,2,1,1,2,1
127,-5660.538,-7116.264,-38.432,142.541,-0.793888,-0.608014,0.007838,0.607398,-0.793556,-0.036551,0.028443,-0.024257,0.999301,0,1.00000,0.51088,60.000,1.022,-1,400.000,600.000,250.000,325.000,300.000,250.000,300.000,350.000,-1,-1,-1,-1,600.000,325.000,-1,275.000,2,1,1,1,1,1,1,0,0,2,2,2,2,1,1,2,1
128,-5708.801,-7080.616,-34.455,143.547,-0.804581,-0.593765,0.009685,0.592567,-0.803813,-0.052437,0.038920,-0.036450,0.998577,0,1.00000,0.50310,60.000,1.006,-1,400.000,625.000,250.000,275.000,275.000,225.000,275.000,375.000,-1,450.000,-1,-1,600.000,300.000,-1,250.000,2,1,1,1,1,1,1,0,0,2,0,2,2,1,1,2,1
129,-5757.674,-7045.808,-29.916,144.536,-0.814915,-0.579446,0.012504,0.577303,-0.813434,-0.071039,0.051334,-0.050672,0.997395,0,1.00000,0.49437,60.000,0.989,-1,375.000,650.000,225.000,250.000,275.000,225.000,275.000,425.000,1000.000,200.000,375.000,-1,600.000,300.000,-1,225.000,2,1,1,1,1,1,1,0,0,0,0,0,2,1,1,2,1
130,-5807.130,-7011.833,-24.829,145.505,-0.824884,-0.565065,0.016391,0.561485,-0.822333,-0.092206,0.065582,-0.066856,0.995605,0,1.00000,0.48458,60.000,0.969,-1,375.000,725.000,225.000,225.000,275.000,225.000,275.000,475.000,550.000,125.000,275.000,-1,625.000,275.000,-1,200.000,2,1,1,1,1,1,1,0,0,1,0,0,2,1,1,2,1
131,-5857.144,-6978.682,-19.074,146.452,-0.834437,-0.550659,0.022121,0.544966,-0.830454,-0.115580,0.082015,-0.084389,0.993052,0,1.00000,0.47361,60.000,0.947,-1,400.000,800.000,225.000,200.000,275.000,200.000,250.000,525.000,400.000,100.000,225.000,-1,650.000,275.000,-1,200.000,2,1,1,1,1,1,1,0,0,1,0,0,2,1,1,2,1
132,-5907.688,-6946.344,-12.792,147.375,-0.843570,-0.536229,0.029121,0.527605,-0.837671,-0.141208,0.100113,-0.103754,0.989552,0,1.00000,0.46128,60.000,0.923,-1,400.000,-1,225.000,175.000,275.000,225.000,250.000,600.000,350.000,50.000,200.000,-1,675.000,300.000,-1,175.000,2,1,2,1,1,1,1,0,0,1,0,0,2,1,1,2,1
133,-5958.734,-6914.803,-5.912,148.270,-0.852285,-0.521773,0.036923,0.509268,-0.843827,-0.169123,0.119400,-0.125337,0.984903,0,1.00000,0.44743,60.000,0.895,-1,425.000,-1,225.000,175.000,300.000,225.000,250.000,625.000,300.000,25.000,175.000,-1,-1,325.000,-1,150.000,2,1,2,1,1,1,1,0,1,1,0,0,2,2,1,2,1
134,-6010.257,-6884.045,2.258,149.134,-0.860838,-0.507110,0.042401,0.489946,-0.848445,-0.200236,0.137517,-0.151597,0.978830,0,1.00000,0.43185,60.000,0.864,-1,425.000,-1,250.000,150.000,300.000,250.000,225.000,600.000,225.000,25.000,175.000,-1,-1,375.000,-1,150.000,2,1,2,1,1,1,1,0,1,0,0,0,2,2,1,2,1
