timestep,x_cm,y_cm,z_cm,yaw_deg,basis_xx,basis_xy,basis_xz,basis_yx,basis_yy,basis_yz,basis_zx,basis_zy,basis_zz,teleport_flag,throttle_cmd,steering_cmd,cmd_move_cm,cmd_turn_deg,lidar_cm_0,lidar_cm_1,lidar_cm_2,lidar_cm_3,lidar_cm_4,lidar_cm_5,lidar_cm_6,lidar_cm_7,lidar_cm_8,lidar_cm_9,lidar_cm_10,lidar_cm_11,lidar_cm_12,lidar_cm_13,lidar_cm_14,lidar_cm_15,lidar_cm_16,lidar_class_0,lidar_class_1,lidar_class_2,lidar_class_3,lidar_class_4,lidar_class_5,lidar_class_6,lidar_class_7,lidar_class_8,lidar_class_9,lidar_class_10,lidar_class_11,lidar_class_12,lidar_class_13,lidar_class_14,lidar_class_15,lidar_class_16
0,6089.296,-2878.049,307.806,-160.506,-0.942675,0.333674,0.004996,-0.333712,-0.942571,-0.014005,0.000036,-0.014869,0.999889,0,-0.07778,-0.59892,0.099,-0.004,-1,740.079,-1,862.339,9.758,592.619,607.799,611.741,812.163,-1,-1,-1,-1,-1,-1,-1,8.925,2,0,2,0,1,0,0,0,0,2,2,2,2,2,2,2,1
1,6089.303,-2877.952,309.400,-160.508,-0.942685,0.333665,0.003571,-0.333682,-0.942587,-0.013637,-0.001184,-0.014047,0.999901,0,-0.07778,-0.59892,0.097,-0.002,-1,742.117,-1,862.264,-1,594.216,609.064,619.366,814.887,-1,-1,-1,-1,-1,-1,-1,-1,2,0,2,0,2,0,0,0,0,2,2,2,2,2,2,2,2
2,6089.397,-2877.850,309.795,-160.505,-0.942670,0.333718,0.002475,-0.333720,-0.942574,-0.013648,-0.002222,-0.013692,0.999904,0,-0.07778,-0.59892,0.139,0.002,-1,740.502,-1,859.567,-1,592.899,607.483,621.633,814.888,-1,-1,-1,-1,-1,-1,-1,-1,2,0,2,0,2,0,0,0,0,2,2,2,2,2,2,2,2
3,6089.562,-2877.769,309.053,-160.499,-0.942635,0.333819,0.002132,-0.333815,-0.942532,-0.014159,-0.002717,-0.014058,0.999897,0,-0.07778,-0.59892,0.184,0.006,-1,736.307,-1,855.964,-1,589.649,604.135,618.043,813.428,-1,-1,-1,-1,-1,-1,-1,-1,2,0,2,0,2,0,0,0,0,2,2,2,2,2,2,2,2
4,6089.804,-2877.717,307.370,-160.492,-0.942589,0.333947,0.002483,-0.333945,-0.942471,-0.015168,-0.002725,-0.015126,0.999882,0,-0.07778,-0.59892,0.247,0.008,-1,729.996,-1,851.837,13.271,584.859,599.224,609.361,811.141,-1,-1,-1,-1,-1,-1,-1,25.181,2,0,2,0,1,0,0,0,0,2,2,2,2,2,2,2,1
5,6090.139,-2877.688,305.036,-160.482,-0.942532,0.334101,0.003204,-0.334106,-0.942388,-0.016654,-0.002544,-0.016767,0.999856,0,-0.07778,-0.59892,0.336,0.010,-1,721.693,-1,846.925,13.322,578.631,592.962,597.004,808.576,-1,-1,-1,-1,-1,-1,-1,31.566,2,0,2,0,1,0,0,0,0,2,2,2,2,2,2,2,1
6,6090.548,-2877.669,302.451,-160.472,-0.942474,0.334251,0.004323,-0.334273,-0.942306,-0.017903,-0.001910,-0.018318,0.999830,0,-0.07778,-0.59892,0.410,0.010,15.115,714.064,-1,842.619,13.365,572.770,587.078,584.241,804.732,-1,-1,-1,-1,-1,-1,12.337,36.604,1,0,2,0,1,0,0,0,0,2,2,2,2,2,2,1,1
7,6090.963,-2877.573,300.124,-160.463,-0.942427,0.334355,0.006163,-0.334412,-0.942267,-0.017380,-0.000004,-0.018440,0.999830,0,-0.07778,-0.59892,0.426,0.008,15.866,712.361,-1,841.803,13.360,570.776,584.931,576.181,796.556,-1,-1,-1,-1,-1,-1,22.449,40.276,1,0,2,0,1,0,0,0,0,2,2,2,2,2,2,1,1
8,6091.429,-2877.364,298.459,-160.455,-0.942378,0.334456,0.007987,-0.334543,-0.942252,-0.015579,0.002315,-0.017353,0.999847,0,-0.07778,-0.59892,0.511,0.008,15.876,715.111,-1,843.137,13.365,571.743,585.554,573.737,786.423,-1,-1,-1,-1,-1,-1,22.443,42.564,1,0,2,0,1,0,0,0,0,2,2,2,2,2,2,1,1
9,6092.015,-2877.086,297.700,-160.442,-0.942296,0.334659,0.009031,-0.334757,-0.942209,-0.013443,0.004011,-0.015691,0.999869,0,-0.07778,-0.59892,0.648,0.013,15.900,719.421,-1,844.575,13.376,573.843,587.116,575.978,777.595,-1,-1,-1,-1,-1,-1,22.430,43.643,1,0,2,0,1,0,0,0,0,2,2,2,2,2,2,1,1
10,6092.733,-2876.777,297.826,-160.422,-0.942178,0.334988,0.009178,-0.335080,-0.942119,-0.011555,0.004776,-0.013962,0.999891,0,-0.07778,-0.59892,0.782,0.020,15.939,723.803,-1,845.564,13.396,576.207,588.860,581.487,771.832,-1,-1,-1,-1,-1,-1,22.409,43.657,1,0,2,0,1,0,0,0,0,2,2,2,2,2,2,1,1
11,6093.580,-2876.474,298.638,-160.397,-0.942032,0.335413,0.008642,-0.335491,-0.941987,-0.010264,0.004698,-0.012569,0.999910,0,-0.07778,-0.59892,0.899,0.025,16.003,727.461,-1,846.209,13.435,578.397,590.492,588.416,769.821,-1,-1,-1,-1,-1,-1,22.378,42.749,1,0,2,0,1,0,0,0,0,2,2,2,2,2,2,1,1
12,6094.537,-2876.195,299.825,-160.368,-0.941861,0.335911,0.007822,-0.335977,-0.941821,-0.009635,0.004131,-0.011703,0.999923,0,-0.07778,-0.59892,0.997,0.029,-1,730.280,-1,846.946,13.503,580.342,592.050,595.153,771.010,-1,-1,-1,-1,-1,-1,14.689,41.137,2,0,2,0,1,0,0,0,0,2,2,2,2,2,2,1,1
13,6095.583,-2875.948,301.063,-160.334,-0.941666,0.336473,0.007085,-0.336530,-0.941624,-0.009570,0.003451,-0.011396,0.999929,0,-0.07778,-0.59892,1.075,0.034,-1,732.357,-1,848.070,13.612,582.035,593.563,600.574,774.396,-1,-1,-1,-1,-1,-1,-1,39.110,2,0,2,0,1,0,0,0,0,2,2,2,2,2,2,2,1
14,6096.484,-2875.806,302.088,-160.312,-0.941533,0.336843,0.007241,-0.336902,-0.941490,-0.009690,0.003554,-0.011563,0.999927,0,0.27389,-0.84270,0.912,0.023,-1,735.721,-1,851.753,13.686,584.909,596.694,603.970,778.824,-1,-1,-1,-1,-1,-1,-1,36.817,2,0,2,0,1,0,0,0,0,2,2,2,2,2,2,2,1
15,6096.926,-2875.800,302.755,-160.311,-0.941523,0.336834,0.008800,-0.336912,-0.941486,-0.009704,0.005017,-0.012101,0.999914,0,0.27389,-0.84270,0.442,0.001,-1,741.854,-1,859.500,13.653,590.020,602.681,605.064,783.492,-1,-1,-1,-1,-1,-1,-1,34.178,2,0,2,0,1,0,0,0,0,2,2,2,2,2,2,2,1
16,6096.964,-2875.873,303.033,-160.325,-0.941594,0.336576,0.010840,-0.336677,-0.941572,-0.009511,0.007005,-0.012605,0.999896,0,0.27389,-0.84270,0.082,-0.014,-1,748.501,-1,867.935,13.602,595.422,609.101,604.819,786.679,-1,-1,-1,-1,-1,-1,-1,31.845,2,0,2,0,1,0,0,0,0,2,2,2,2,2,2,2,1
17,6096.654,-2875.995,302.958,-160.349,-0.941726,0.336149,0.012523,-0.336269,-0.941721,-0.009150,0.008717,-0.012828,0.999880,0,0.27389,-0.84270,0.334,-0.025,-1,753.506,-1,874.081,13.566,599.348,613.720,603.995,787.486,-1,-1,-1,-1,-1,-1,-1,30.641,2,0,2,0,1,0,0,0,0,2,2,2,2,2,2,2,1
18,6096.034,-2876.160,302.615,-160.382,-0.941908,0.335607,0.013355,-0.335734,-0.941915,-0.008818,0.009620,-0.012790,0.999872,0,0.27389,-0.84270,0.642,-0.032,-1,755.366,-1,876.262,13.546,600.689,615.224,602.777,786.210,-1,-1,-1,-1,-1,-1,-1,30.981,2,0,2,0,1,0,0,0,0,2,2,2,2,2,2,2,1
19,6095.123,-2876.380,302.106,-160.421,-0.942137,0.334967,0.013230,-0.335093,-0.942144,-0.008783,0.009523,-0.012708,0.999874,0,0.27389,-0.84270,0.937,-0.039,-1,753.536,-1,874.331,13.543,599.192,613.716,600.894,784.004,-1,-1,-1,-1,-1,-1,-1,32.526,2,0,2,0,1,0,0,0,0,2,2,2,2,2,2,2,1
20,6093.922,-2876.675,301.528,-160.467,-0.942414,0.334221,0.012339,-0.334340,-0.942407,-0.009288,0.008524,-0.012879,0.999881,0,0.27389,-0.84270,1.236,-0.046,-1,748.369,-1,869.320,13.556,595.323,609.821,597.883,782.338,-1,-1,-1,-1,-1,-1,-1,34.557,2,0,2,0,1,0,0,0,0,2,2,2,2,2,2,2,1
21,6092.415,-2877.063,300.988,-160.521,-0.942742,0.333337,0.011135,-0.333448,-0.942712,-0.010280,0.007071,-0.013404,0.999885,0,0.27389,-0.84270,1.557,-0.054,-1,741.576,-1,863.307,13.548,590.462,604.898,593.876,782.051,-1,-1,-1,-1,-1,-1,-1,36.466,2,0,2,0,1,0,0,0,0,2,2,2,2,2,2,2,1
22,6090.566,-2877.534,300.599,-160.587,-0.943132,0.332263,0.010184,-0.332368,-0.943081,-0.011387,0.005821,-0.014124,0.999883,0,0.27389,-0.84270,1.908,-0.066,-1,735.794,-1,858.806,13.549,586.549,601.154,589.781,783.098,-1,-1,-1,-1,-1,-1,-1,37.687,2,0,2,0,1,0,0,0,0,2,2,2,2,2,2,2,1
23,6088.364,-2878.060,300.410,-160.668,-0.943602,0.330940,0.009690,-0.331044,-0.943533,-0.012444,0.005025,-0.014950,0.999876,0,0.27389,-0.84270,2.265,-0.081,-1,732.011,-1,856.725,13.604,584.305,599.435,586.020,785.382,-1,-1,-1,-1,-1,-1,-1,38.003,2,0,2,0,1,0,0,0,0,2,2,2,2,2,2,2,1
24,6085.830,-2878.612,300.418,-160.762,-0.944147,0.329389,0.009500,-0.329494,-0.944064,-0.013316,0.004582,-0.015703,0.999866,0,0.27389,-0.84270,2.593,-0.094,-1,730.052,-1,856.483,13.711,583.500,599.343,583.067,788.229,-1,-1,-1,-1,-1,-1,-1,37.565,2,0,2,0,1,0,0,0,0,2,2,2,2,2,2,2,1
25,6083.019,-2879.178,300.589,-160.866,-0.944747,0.327670,0.009262,-0.327774,-0.944655,-0.013838,0.004216,-0.016109,0.999861,0,0.27389,-0.84270,2.867,-0.104,-1,729.199,-1,856.676,13.810,583.427,599.726,581.511,790.435,-1,-1,-1,-1,-1,-1,-1,36.775,2,0,2,0,1,0,0,0,0,2,2,2,2,2,2,2,1
26,6079.947,-2879.752,300.853,-160.981,-0.945403,0.325785,0.008829,-0.325882,-0.945307,-0.013969,0.003795,-0.016083,0.999863,0,0.27389,-0.84270,3.125,-0.115,-1,729.041,-1,856.529,13.869,583.617,600.205,581.325,791.380,-1,-1,-1,-1,-1,-1,-1,35.898,2,0,2,0,1,0,0,0,0,2,2,2,2,2,2,2,1
27,6076.622,-2880.334,301.132,-161.107,-0.946119,0.323718,0.008130,-0.323804,-0.946024,-0.013735,0.003245,-0.015628,0.999873,0,0.27389,-0.84270,3.376,-0.126,-1,729.021,-1,855.539,13.892,584.056,600.369,582.228,790.763,-1,-1,-1,-1,-1,-1,-1,35.099,2,0,2,0,1,0,0,0,0,2,2,2,2,2,2,2,1
28,6073.035,-2880.924,301.357,-161.242,-0.946881,0.321502,0.007246,-0.321573,-0.946792,-0.013274,0.002593,-0.014899,0.999886,0,0.27389,-0.84270,3.635,-0.135,-1,728.807,-1,853.763,13.869,584.213,600.126,583.572,788.919,-1,-1,-1,-1,-1,-1,-1,34.672,2,0,2,0,1,0,0,0,0,2,2,2,2,2,2,2,1
29,6069.166,-2881.542,301.488,-161.386,-0.947688,0.319134,0.006437,-0.319192,-0.947604,-0.012793,0.002018,-0.014178,0.999897,0,0.27389,-0.84270,3.919,-0.144,-1,728.555,-1,852.377,13.802,584.365,599.882,584.487,786.787,-1,-1,-1,-1,-1,-1,-1,34.873,2,0,2,0,1,0,0,0,0,2,2,2,2,2,2,2,1
30,6065.001,-2882.207,301.519,-161.538,-0.948535,0.316618,0.005900,-0.316669,-0.948453,-0.012559,0.001620,-0.013781,0.999904,0,0.27389,-0.84270,4.217,-0.152,-1,728.244,-1,851.840,13.766,584.677,599.941,584.363,785.525,-1,-1,-1,-1,-1,-1,-1,35.127,2,0,2,0,1,0,0,0,0,2,2,2,2,2,2,2,1
31,6060.541,-2882.938,301.444,-161.700,-0.949423,0.313948,0.005761,-0.313997,-0.949339,-0.012694,0.001484,-0.013861,0.999903,0,0.27389,-0.84270,4.519,-0.161,-1,727.872,-1,852.598,13.743,585.307,600.531,582.930,785.677,-1,-1,-1,-1,-1,-1,-1,35.250,2,0,2,0,1,0,0,0,0,2,2,2,2,2,2,2,1
32,6055.806,-2883.737,301.269,-161.870,-0.950349,0.311128,0.005988,-0.311181,-0.950259,-0.013184,0.001588,-0.014392,0.999895,0,0.27389,-0.84270,4.802,-0.170,-1,727.396,-1,854.560,13.713,586.225,602.204,580.117,787.170,-1,-1,-1,-1,-1,-1,-1,35.249,2,0,2,0,1,0,0,0,0,2,2,2,2,2,2,2,1
33,6050.823,-2884.602,301.032,-162.048,-0.951313,0.308160,0.006320,-0.308220,-0.951213,-0.013910,0.001725,-0.015181,0.999883,0,0.27389,-0.84270,5.057,-0.178,-1,726.595,-1,856.833,13.678,587.060,604.016,576.423,789.408,-1,-1,-1,-1,-1,-1,-1,35.238,2,0,2,0,1,0,0,0,0,2,2,2,2,2,2,2,1
34,6045.553,-2885.532,300.784,-162.237,-0.952323,0.305018,0.006668,-0.305085,-0.952211,-0.014710,0.001863,-0.016043,0.999870,0,0.36425,-1.00000,5.352,-0.189,-1,725.712,-1,859.265,13.612,587.930,605.931,572.479,791.899,-1,-1,-1,-1,-1,-1,-1,35.268,2,0,2,0,1,0,0,0,0,2,2,2,2,2,2,2,1
35,6039.926,-2886.533,300.572,-162.437,-0.953382,0.301684,0.007016,-0.301759,-0.953259,-0.015461,0.002024,-0.016857,0.999856,0,0.36425,-1.00000,5.715,-0.200,-1,725.074,-1,861.958,13.539,589.060,608.139,568.730,794.367,-1,-1,-1,-1,-1,-1,-1,35.420,2,0,2,0,1,0,0,0,0,2,2,2,2,2,2,2,1
36,6033.979,-2887.617,300.457,-162.642,-0.954455,0.298265,0.007310,-0.298346,-0.954321,-0.016164,0.002155,-0.017609,0.999843,0,0.36425,-1.00000,6.046,-0.205,-1,724.723,-1,-1,13.391,590.018,610.653,565.416,796.971,-1,-1,-1,-1,-1,-1,-1,36.710,2,0,2,2,1,0,0,0,0,2,2,2,2,2,2,2,1
37,6027.745,-2888.813,300.478,-162.837,-0.955465,0.295013,0.007284,-0.295096,-0.955323,-0.016608,0.002059,-0.018018,0.999836,0,0.36425,-1.00000,6.347,-0.195,-1,724.461,-1,-1,13.303,590.764,612.946,563.359,798.719,-1,-1,-1,-1,-1,-1,-1,37.513,2,0,2,2,1,0,0,0,0,2,2,2,2,2,2,2,1
38,6021.229,-2890.080,300.639,-163.015,-0.956380,0.292047,0.006720,-0.292121,-0.956234,-0.016794,0.001521,-0.018025,0.999836,0,0.36425,-1.00000,6.638,-0.178,-1,723.716,-1,-1,13.289,590.966,614.416,562.683,799.379,-1,-1,-1,-1,-1,-1,-1,37.692,2,0,2,2,1,0,0,0,0,2,2,2,2,2,2,2,1
39,6014.389,-2891.340,300.868,-163.206,-0.957348,0.288877,0.005853,-0.288936,-0.957195,-0.017125,0.000655,-0.018086,0.999836,0,0.36425,-1.00000,6.956,-0.191,-1,722.171,-1,-1,13.347,590.633,615.352,561.985,800.480,-1,-1,-1,-1,-1,-1,-1,36.659,2,0,2,2,1,0,0,0,0,2,2,2,2,2,2,2,1
40,6007.225,-2892.560,301.076,-163.419,-0.958419,0.285327,0.004630,-0.285364,-0.958259,-0.017514,-0.000560,-0.018107,0.999836,0,0.36425,-1.00000,7.267,-0.214,-1,719.821,-1,-1,13.391,589.508,615.431,561.185,801.337,-1,-1,-1,-1,-1,-1,-1,35.421,2,0,2,2,1,0,0,0,0,2,2,2,2,2,2,2,1
41,5999.743,-2893.772,301.229,-163.642,-0.959517,0.281631,0.003305,-0.281644,-0.959354,-0.017808,-0.001845,-0.018018,0.999836,0,0.36425,-1.00000,7.579,-0.222,-1,717.360,-1,-1,13.350,588.620,615.249,560.406,801.567,-1,-1,-1,-1,-1,-1,-1,35.740,2,0,2,2,1,0,0,0,0,2,2,2,2,2,2,2,1
42,5991.991,-2895.007,301.335,-163.857,-0.960565,0.278050,0.001873,-0.278038,-0.960403,-0.017931,-0.003186,-0.017745,0.999837,0,0.36425,-1.00000,7.850,-0.215,-1,714.796,-1,-1,13.308,587.840,614.629,559.896,800.903,-1,-1,-1,-1,-1,-1,-1,36.491,2,0,2,2,1,0,0,0,0,2,2,2,2,2,2,2,1
43,5983.978,-2896.323,301.398,-164.067,-0.961572,0.274552,0.000433,-0.274516,-0.961418,-0.017790,-0.004468,-0.017225,0.999842,0,0.36425,-1.00000,8.121,-0.210,-1,712.539,-1,-1,13.286,587.174,613.577,561.015,799.131,-1,-1,-1,-1,-1,-1,-1,37.403,2,0,2,2,1,0,0,0,0,2,2,2,2,2,2,2,1
44,5975.636,-2897.708,301.407,-164.277,-0.962568,0.271039,-0.000574,-0.270987,-0.962420,-0.017699,-0.005349,-0.016881,0.999843,0,0.36425,-1.00000,8.457,-0.210,-1,711.163,-1,-1,13.278,587.349,614.188,562.088,797.880,-1,-1,-1,-1,-1,-1,-1,38.065,2,0,2,2,1,0,0,0,0,2,2,2,2,2,2,2,1
45,5967.002,-2899.145,301.386,-164.487,-0.963554,0.267510,-0.001313,-0.267445,-0.963409,-0.017789,-0.006024,-0.016790,0.999841,0,0.36425,-1.00000,8.752,-0.211,-1,710.093,-1,-1,13.275,587.944,615.547,562.547,797.506,-1,-1,-1,-1,-1,-1,-1,38.433,2,0,2,2,1,0,0,0,0,2,2,2,2,2,2,2,1
46,5958.090,-2900.576,301.355,-164.712,-0.964589,0.263749,-0.001989,-0.263671,-0.964442,-0.018164,-0.006709,-0.016996,0.999833,0,0.36425,-1.00000,9.026,-0.224,-1,708.587,-1,-1,13.306,588.518,617.050,562.288,798.241,-1,-1,-1,-1,-1,-1,-1,37.919,2,0,2,2,1,0,0,0,0,2,2,2,2,2,2,2,1
47,5948.869,-2901.948,301.243,-164.962,-0.965729,0.259539,-0.002614,-0.259446,-0.965575,-0.018790,-0.007400,-0.017468,0.999820,0,0.36425,-1.00000,9.322,-0.251,-1,706.460,-1,-1,13.315,588.926,618.554,561.176,799.718,-1,-1,-1,-1,-1,-1,-1,36.559,2,0,2,2,1,0,0,0,0,2,2,2,2,2,2,2,1
48,5939.360,-2903.287,301.036,-165.230,-0.966926,0.255034,-0.003342,-0.254925,-0.966766,-0.019397,-0.008178,-0.017904,0.999806,0,0.36425,-1.00000,9.603,-0.268,-1,703.873,-1,-1,13.355,588.975,619.698,559.859,800.717,-1,-1,-1,-1,-1,-1,-1,36.044,2,0,2,2,1,0,0,0,0,2,2,2,2,2,2,2,1
49,5929.570,-2904.566,300.782,-165.516,-0.968179,0.250224,-0.004140,-0.250095,-0.968013,-0.020064,-0.009028,-0.018390,0.999790,0,0.36425,-1.00000,9.874,-0.286,-1,701.031,-1,-1,13.394,588.232,620.587,558.280,801.813,-1,-1,-1,-1,-1,-1,-1,36.115,2,0,2,2,1,0,0,0,0,2,2,2,2,2,2,2,1
50,5919.495,-2905.799,300.530,-165.815,-0.969462,0.245192,-0.004971,-0.245042,-0.969290,-0.020765,-0.009909,-0.018913,0.999772,0,0.38454,-0.76255,10.150,-0.299,-1,698.495,-1,-1,13.383,587.281,621.365,556.632,803.141,-1,-1,-1,-1,-1,-1,-1,36.442,2,0,2,2,1,0,0,0,0,2,2,2,2,2,2,2,1
51,5909.125,-2907.035,300.320,-166.122,-0.970753,0.240016,-0.005599,-0.239849,-0.970577,-0.021288,-0.010544,-0.019322,0.999758,0,0.38454,-0.76255,10.443,-0.307,-1,696.908,-1,-1,13.312,588.143,622.982,555.408,804.235,-1,-1,-1,-1,-1,-1,-1,38.140,2,0,2,2,1,0,0,0,0,2,2,2,2,2,2,2,1
52,5898.468,-2908.426,300.168,-166.417,-0.971979,0.235007,-0.005313,-0.234844,-0.971793,-0.021588,-0.010236,-0.019736,0.999753,0,0.38454,-0.76255,10.747,-0.295,-1,698.127,-1,-1,13.268,591.379,627.953,554.980,805.687,-1,-1,-1,-1,-1,-1,-1,39.373,2,0,2,2,1,0,0,0,0,2,2,2,2,2,2,2,1
53,5887.559,-2909.891,300.004,-166.700,-0.973135,0.230191,-0.004493,-0.230039,-0.972927,-0.022244,-0.009492,-0.020613,0.999743,0,0.38454,-0.76255,11.007,-0.283,-1,700.131,-1,-1,13.303,595.539,630.741,553.817,808.987,-1,-1,-1,-1,-1,-1,-1,37.081,2,0,2,2,1,0,0,0,0,2,2,2,2,2,2,2,1
54,5876.416,-2911.173,299.817,-167.017,-0.974389,0.224822,-0.004651,-0.224657,-0.974157,-0.023402,-0.009792,-0.021758,0.999715,0,0.38454,-0.76255,11.217,-0.317,-1,698.968,-1,-1,13.343,597.326,630.876,552.033,813.206,-1,-1,-1,-1,-1,-1,-1,33.898,2,0,2,2,1,0,0,0,0,2,2,2,2,2,2,2,1
55,5865.119,-2912.407,299.634,-167.323,-0.975556,0.219656,-0.006367,-0.219449,-0.975329,-0.023994,-0.011481,-0.022010,0.999692,0,0.38454,-0.76255,11.365,-0.306,-1,694.744,-1,-1,13.316,596.016,627.918,552.068,813.675,-1,-1,-1,-1,-1,-1,-1,33.978,2,0,2,2,1,0,0,0,0,2,2,2,2,2,2,2,1
56,5853.664,-2913.571,299.522,-167.622,-0.976655,0.214612,-0.009310,-0.214343,-0.976465,-0.023934,-0.014227,-0.021380,0.999670,0,0.38454,-0.76255,11.514,-0.299,-1,688.655,-1,-1,13.307,592.613,622.773,554.144,810.745,-1,-1,-1,-1,-1,-1,-1,35.229,2,0,2,2,1,0,0,0,0,2,2,2,2,2,2,2,1
57,5841.916,-2914.640,299.427,-167.928,-0.977747,0.209438,-0.012089,-0.209114,-0.977604,-0.023715,-0.016785,-0.020660,0.999646,0,0.38454,-0.76255,11.797,-0.306,-1,683.974,-1,-1,13.345,589.642,618.129,556.526,807.606,-1,-1,-1,-1,-1,-1,-1,36.037,2,0,2,2,1,0,0,0,0,2,2,2,2,2,2,2,1
58,5829.885,-2915.531,299.308,-168.277,-0.978965,0.203519,-0.014387,-0.203149,-0.978861,-0.023691,-0.018905,-0.020270,0.999616,0,0.38454,-0.76255,12.064,-0.349,-1,680.483,-1,-1,13.476,587.857,614.551,558.215,805.835,-1,-1,-1,-1,-1,-1,-1,34.801,2,0,2,2,1,0,0,0,0,2,2,2,2,2,2,2,1
59,5817.543,-2916.233,299.059,-168.667,-0.980297,0.196873,-0.016068,-0.196470,-0.980223,-0.023696,-0.020415,-0.020072,0.999590,0,0.38454,-0.76255,12.362,-0.390,-1,678.242,-1,-1,13.674,586.162,612.085,559.214,804.479,-1,-1,-1,-1,-1,-1,16.310,33.140,2,0,2,2,1,0,0,0,0,2,2,2,2,2,2,1,1
60,5804.923,-2916.668,298.675,-169.109,-0.981764,0.189326,-0.017186,-0.188896,-0.981706,-0.023917,-0.021400,-0.020234,0.999566,0,0.38454,-0.76255,12.628,-0.442,16.390,676.902,-1,-1,14.208,585.359,610.668,559.092,804.388,-1,-1,-1,-1,-1,-1,12.873,31.866,1,0,2,2,1,0,0,0,0,2,2,2,2,2,2,1,1
61,5792.142,-2916.604,298.226,-169.644,-0.983468,0.180182,-0.018023,-0.179715,-0.983404,-0.024871,-0.022205,-0.021221,0.999528,0,0.38454,-0.76255,12.781,-0.535,8.249,675.493,-1,-1,16.605,584.930,609.936,557.023,807.438,-1,-1,-1,-1,-1,-1,22.189,30.044,1,0,2,2,1,0,0,0,0,2,2,2,2,2,2,1,1
62,5779.296,-2916.084,297.735,-170.239,-0.985261,0.170012,-0.018870,-0.169502,-0.985187,-0.025976,-0.023006,-0.022395,0.999484,0,0.38454,-0.76255,12.856,-0.594,16.946,674.774,-1,-1,15.196,584.575,609.337,554.637,811.157,-1,-1,-1,-1,-1,-1,22.178,30.540,1,0,2,2,1,0,0,0,0,2,2,2,2,2,2,1,1
63,5766.201,-2915.769,297.181,-170.756,-0.986750,0.161106,-0.019211,-0.160604,-0.986694,-0.025320,-0.023035,-0.021899,0.999495,0,0.38454,-0.76255,13.099,-0.517,8.789,677.821,-1,-1,14.895,585.614,-1,555.808,808.009,-1,-1,-1,-1,-1,-1,22.180,31.589,1,0,2,2,1,0,2,0,0,2,2,2,2,2,2,1,1
64,5753.058,-2915.248,296.668,-171.296,-0.988198,0.151800,-0.020543,-0.151289,-0.988186,-0.024495,-0.024019,-0.021098,0.999489,0,0.38454,-0.76255,13.154,-0.540,17.154,677.754,-1,-1,16.175,583.880,-1,557.678,803.689,-1,-1,-1,-1,-1,-1,22.183,29.328,1,0,2,2,1,0,2,0,0,2,2,2,2,2,2,1,1
65,5739.840,-2914.380,296.238,-171.866,-0.989613,0.141971,-0.022594,-0.141437,-0.989663,-0.023741,-0.025731,-0.020299,0.999463,0,0.51278,-0.47201,13.246,-0.570,17.346,675.282,-1,-1,17.559,580.978,-1,559.663,799.679,-1,-1,-1,-1,-1,-1,22.200,27.414,1,0,2,2,1,0,2,0,0,2,2,2,2,2,2,1,1
66,5726.425,-2913.164,295.717,-172.473,-0.991008,0.131514,-0.024634,-0.130947,-0.991114,-0.023369,-0.027488,-0.019933,0.999423,0,0.51278,-0.47201,13.470,-0.607,17.558,671.941,-1,-1,20.031,577.803,-1,560.293,797.090,-1,-1,-1,-1,-1,-1,22.229,24.901,1,0,2,2,1,0,2,0,0,2,2,2,2,2,2,1,1
67,5712.989,-2911.545,295.130,-173.141,-0.992396,0.119986,-0.027449,-0.119374,-0.992585,-0.022928,-0.029996,-0.019477,0.999360,0,0.51278,-0.47201,13.534,-0.668,17.921,660.971,-1,-1,21.944,572.149,-1,560.944,793.805,-1,-1,-1,-1,-1,-1,22.302,22.499,1,0,2,2,1,0,2,0,0,2,2,2,2,2,2,1,1
68,5699.740,-2909.201,294.531,-173.917,-0.993819,0.106604,-0.030969,-0.105912,-0.994105,-0.023184,-0.033258,-0.019761,0.999251,0,0.51278,-0.47201,13.454,-0.776,18.627,647.795,-1,-1,19.581,564.953,-1,559.997,793.291,-1,-1,-1,-1,-1,-1,22.509,20.454,1,0,2,2,1,0,2,0,0,2,2,2,2,2,2,1,1
69,5686.654,-2906.509,293.858,-174.730,-0.995110,0.092521,-0.034592,-0.091782,-0.995527,-0.022393,-0.036510,-0.019109,0.999151,0,0.51278,-0.47201,13.360,-0.813,18.749,638.177,-1,-1,19.597,961.889,-1,560.933,788.820,-1,-1,-1,-1,-1,-1,22.552,20.535,1,0,2,2,1,0,2,0,0,2,2,2,2,2,2,1,1
70,5673.459,-2903.669,293.046,-175.517,-0.996187,0.078839,-0.037363,-0.078110,-0.996732,-0.020581,-0.038863,-0.017584,0.999090,0,0.51278,-0.47201,13.497,-0.786,18.673,630.707,-1,-1,20.422,969.551,-1,563.461,780.637,-1,-1,-1,-1,-1,-1,22.525,21.356,1,0,2,2,1,0,2,0,0,2,2,2,2,2,2,1,1
71,5660.266,-2900.528,292.125,-176.310,-0.997100,0.065001,-0.039567,-0.064307,-0.997758,-0.018545,-0.040683,-0.015947,0.999045,0,0.51278,-0.47201,13.562,-0.793,18.656,626.561,-1,-1,19.341,979.208,-1,565.782,771.818,-1,-1,-1,-1,-1,-1,22.519,20.217,1,0,2,2,1,0,2,0,0,2,2,2,2,2,2,1,1
72,5646.968,-2897.222,291.148,-177.123,-0.997848,0.050763,-0.041493,-0.050148,-0.998618,-0.015737,-0.042234,-0.013622,0.999015,0,0.51278,-0.47201,13.703,-0.813,18.655,623.779,-1,-1,18.962,988.546,-1,569.697,760.381,-1,-1,-1,-1,-1,-1,22.519,19.819,1,0,2,2,1,0,2,0,0,2,2,2,2,2,2,1,1
73,5633.677,-2893.584,290.213,-177.931,-0.998403,0.036606,-0.043032,-0.036065,-0.999261,-0.013281,-0.043486,-0.011707,0.998985,0,0.51278,-0.47201,13.779,-0.808,18.652,-1,-1,-1,17.715,996.837,-1,572.927,750.897,-1,-1,-1,-1,-1,-1,22.518,18.515,1,2,2,2,1,0,2,0,0,2,2,2,2,2,2,1,1
74,5620.230,-2889.934,289.244,-178.709,-0.998750,0.022969,-0.044403,-0.022512,-0.999689,-0.010751,-0.044637,-0.009738,0.998956,0,0.51278,-0.47201,13.934,-0.778,18.582,-1,-1,-1,17.865,1004.784,-1,576.208,741.274,-1,-1,-1,-1,-1,-1,22.494,18.639,1,2,2,2,1,0,2,0,0,2,2,2,2,2,2,1,1
75,5606.840,-2886.051,288.287,-179.530,-0.998858,0.008602,-0.047001,-0.008188,-0.999926,-0.008991,-0.047075,-0.008596,0.998854,0,0.51278,-0.47201,13.942,-0.822,18.672,-1,-1,-1,12.686,1005.951,-1,577.355,734.524,-1,-1,-1,-1,-1,-1,22.525,13.266,1,2,2,2,1,0,2,0,0,2,2,2,2,2,2,1,1
76,5593.625,-2882.059,287.364,179.657,-0.998689,-0.005592,-0.050881,0.005983,-0.999954,-0.007530,-0.050837,-0.007824,0.998676,0,0.33555,-0.37722,13.805,-0.813,18.649,-1,-1,-1,8.203,1000.205,-1,577.320,729.056,-1,-1,-1,-1,-1,-1,22.517,8.572,1,2,2,2,1,0,2,0,0,2,2,2,2,2,2,1,1
77,5580.543,-2877.994,286.428,178.857,-0.998272,-0.019540,-0.055427,0.019918,-0.999782,-0.006276,-0.055292,-0.007369,0.998443,0,0.33555,-0.37722,13.700,-0.800,18.657,-1,-1,-1,-1,990.403,998.352,576.479,724.566,-1,-1,-1,-1,-1,-1,22.520,-1,1,2,2,2,2,0,0,0,0,2,2,2,2,2,2,1,2
78,5567.729,-2873.564,285.512,178.030,-0.997638,-0.033932,-0.059732,0.034314,-0.999397,-0.005367,-0.059514,-0.007404,0.998200,0,0.33555,-0.37722,13.558,-0.827,18.600,-1,-1,-1,-1,980.784,983.005,574.535,721.872,-1,-1,-1,-1,-1,-1,22.500,-1,1,2,2,2,2,0,0,0,0,2,2,2,2,2,2,1,2
79,5554.902,-2869.190,284.509,177.263,-0.996876,-0.047351,-0.063216,0.047660,-0.998858,-0.003390,-0.062984,-0.006393,0.997994,0,0.33555,-0.37722,13.552,-0.767,18.569,-1,-1,-1,12.183,973.821,970.208,574.832,715.432,-1,-1,-1,-1,-1,-1,22.490,12.707,1,2,2,2,1,0,0,0,0,2,2,2,2,2,2,1,1
80,5542.098,-2864.737,283.446,176.482,-0.995928,-0.060978,-0.066401,0.061235,-0.998122,-0.001833,-0.066164,-0.005892,0.997791,0,0.33555,-0.37722,13.556,-0.781,18.572,-1,-1,-1,9.933,966.714,958.508,573.624,710.547,-1,-1,-1,-1,-1,-1,22.490,10.361,1,2,2,2,1,0,0,0,0,2,2,2,2,2,2,1,1
81,5529.366,-2860.047,282.368,175.675,-0.994763,-0.074960,-0.069484,0.075230,-0.997165,-0.001266,-0.069192,-0.006486,0.997582,0,0.33555,-0.37722,13.569,-0.806,18.624,-1,-1,-1,-1,959.911,946.074,569.470,709.302,-1,-1,-1,-1,-1,-1,22.508,-1,1,2,2,2,2,0,0,0,0,2,2,2,2,2,2,1,2
82,5516.941,-2855.082,281.379,174.870,-0.993413,-0.088918,-0.072280,0.089190,-0.996014,-0.000539,-0.071944,-0.006982,0.997384,0,0.33555,-0.37722,13.380,-0.806,18.667,-1,-1,-1,-1,954.271,933.588,565.782,708.089,-1,-1,-1,-1,-1,-1,22.523,-1,1,2,2,2,2,0,0,0,0,2,2,2,2,2,2,1,2
83,5505.165,-2849.662,280.505,174.059,-0.991837,-0.102935,-0.075261,0.103209,-0.994660,0.000250,-0.074885,-0.007520,0.997164,0,0.33555,-0.37722,12.964,-0.810,18.595,-1,-1,978.906,-1,945.619,920.548,562.256,707.420,-1,-1,-1,-1,-1,-1,22.498,-1,1,2,2,0,2,0,0,0,0,2,2,2,2,2,2,1,2
84,5493.507,-2844.343,279.580,173.302,-0.990218,-0.116168,-0.077281,0.116284,-0.993211,0.003008,-0.077106,-0.006008,0.997005,0,0.33555,-0.37722,12.813,-0.757,18.602,-1,-1,949.954,-1,939.013,909.768,563.496,699.818,-1,-1,-1,-1,-1,-1,22.501,-1,1,2,2,0,2,0,0,0,0,2,2,2,2,2,2,1,2
85,5481.890,-2838.972,278.592,172.563,-0.988494,-0.129104,-0.078817,0.129034,-0.991622,0.006009,-0.078932,-0.004230,0.996871,0,0.33555,-0.37722,12.799,-0.739,18.624,-1,-1,923.050,-1,933.395,899.910,565.200,691.275,-1,-1,-1,-1,-1,-1,22.508,-1,1,2,2,0,2,0,0,0,0,2,2,2,2,2,2,1,2
86,5470.377,-2833.584,277.575,171.827,-0.986578,-0.141943,-0.080721,0.141698,-0.989871,0.008788,-0.081151,-0.002768,0.996698,0,0.33555,-0.37722,12.711,-0.736,18.556,-1,-1,896.281,-1,926.269,888.880,565.861,683.699,-1,-1,-1,-1,-1,-1,22.485,-1,1,2,2,0,2,0,0,0,0,2,2,2,2,2,2,1,2
87,5458.918,-2828.238,276.619,171.098,-0.984471,-0.154573,-0.083212,0.154196,-0.987979,0.010975,-0.083908,-0.002026,0.996471,0,0.33555,-0.37722,12.645,-0.729,18.675,-1,-1,844.200,-1,917.393,875.910,564.912,678.620,-1,-1,-1,-1,-1,-1,22.526,-1,1,2,2,0,2,0,0,0,0,2,2,2,2,2,2,1,2
88,5447.598,-2822.766,275.745,170.374,-0.982199,-0.167036,-0.085929,0.166587,-0.985949,0.012416,-0.086796,-0.002119,0.996224,0,0.33555,-0.37722,12.574,-0.724,18.323,-1,-1,808.672,-1,908.141,862.094,562.195,676.497,-1,-1,-1,-1,-1,-1,22.411,-1,1,2,2,0,2,0,0,0,0,2,2,2,2,2,2,1,2
89,5436.105,-2817.390,274.754,169.709,-0.979968,-0.178489,-0.088345,0.177937,-0.983940,0.014149,-0.089452,-0.001854,0.995989,0,0.33555,-0.37722,12.688,-0.665,17.994,-1,-1,777.990,-1,897.772,849.419,560.016,672.937,-1,-1,-1,-1,-1,-1,22.320,-1,1,2,2,0,2,0,0,0,0,2,2,2,2,2,2,1,2
90,5424.599,-2811.910,273.643,169.051,-0.977617,-0.189744,-0.090899,0.189128,-0.981831,0.015424,-0.092174,-0.002113,0.995741,0,0.26534,-1.00000,12.745,-0.658,17.956,-1,-1,748.797,-1,886.416,836.568,556.183,670.617,-1,-1,-1,-1,-1,-1,22.310,-1,1,2,2,0,2,0,0,0,0,2,2,2,2,2,2,1,2
91,5413.243,-2806.227,272.461,168.353,-0.974945,-0.201590,-0.094045,0.200963,-0.979465,0.016188,-0.095377,-0.003117,0.995436,0,0.26534,-1.00000,12.699,-0.698,18.041,-1,-1,718.896,-1,873.143,822.116,550.274,670.257,-1,-1,-1,-1,-1,-1,22.332,-1,1,2,2,0,2,0,0,0,0,2,2,2,2,2,2,1,2
92,5402.018,-2800.407,271.268,167.627,-0.971969,-0.213836,-0.097725,0.213216,-0.976860,0.016860,-0.099069,-0.004449,0.995071,0,0.26534,-1.00000,12.644,-0.726,18.037,-1,-1,699.625,-1,858.394,806.387,543.556,670.771,-1,-1,-1,-1,-1,991.713,22.331,-1,1,2,2,0,2,0,0,0,0,2,2,2,2,2,0,1,2
93,5390.830,-2794.577,270.177,166.942,-0.968994,-0.225420,-0.101173,0.224748,-0.974248,0.018148,-0.102658,-0.005153,0.994703,0,0.26534,-1.00000,12.616,-0.686,18.257,-1,-1,681.318,-1,844.835,791.736,538.730,669.737,-1,-1,-1,-1,-1,957.915,22.391,-1,1,2,2,0,2,0,0,0,0,2,2,2,2,2,0,1,2
94,5379.690,-2788.599,269.118,166.258,-0.965895,-0.236982,-0.104339,0.236215,-0.971498,0.019830,-0.106065,-0.005492,0.994344,0,0.26534,-1.00000,12.642,-0.684,17.659,-1,-1,663.468,-1,832.162,777.819,535.004,667.700,-1,-1,-1,-1,-1,928.143,22.247,-1,1,2,2,0,2,0,0,0,0,2,2,2,2,2,0,1,2
95,5368.486,-2782.515,268.041,165.596,-0.962813,-0.248201,-0.106710,0.247280,-0.968695,0.021992,-0.108827,-0.005213,0.994047,0,0.26534,-1.00000,12.749,-0.662,17.607,-1,-1,646.582,13.151,821.644,763.805,532.667,663.794,-1,-1,-1,-1,-1,909.507,22.237,13.369,1,2,2,0,1,0,0,0,0,2,2,2,2,2,0,1,1
96,5357.159,-2776.353,266.923,164.969,-0.959842,-0.258798,-0.108294,0.257740,-0.965919,0.023903,-0.110789,-0.004969,0.993832,0,0.26534,-1.00000,12.895,-0.627,17.494,-1,-1,630.988,16.990,812.428,752.154,530.973,660.045,-1,-1,-1,-1,-1,902.525,22.219,17.218,1,2,2,0,1,0,0,0,0,2,2,2,2,2,0,1,1
97,5345.780,-2770.178,265.813,164.354,-0.956793,-0.269110,-0.110119,0.267966,-0.963095,0.025336,-0.112873,-0.005267,0.993595,0,0.26534,-1.00000,12.947,-0.615,17.409,-1,-1,615.800,17.360,802.640,740.593,528.054,658.025,-1,-1,-1,-1,-1,898.790,22.207,17.552,1,2,2,0,1,0,0,0,0,2,2,2,2,2,0,1,1
98,5334.442,-2763.908,264.737,163.739,-0.953603,-0.279308,-0.112374,0.278147,-0.960181,0.026198,-0.115217,-0.006274,0.993321,0,0.26534,-1.00000,12.956,-0.615,17.383,-1,-1,600.791,16.793,792.162,727.534,523.315,658.282,-1,-1,-1,-1,-1,898.526,22.204,16.967,1,2,2,0,1,0,0,0,0,2,2,2,2,2,0,1,1
99,5323.044,-2757.590,263.579,163.148,-0.950447,-0.289081,-0.114377,0.287895,-0.957278,0.027114,-0.117328,-0.007158,0.993067,0,0.26534,-1.00000,13.032,-0.591,17.169,-1,-1,586.296,16.267,782.397,714.462,518.629,657.896,-1,-1,-1,-1,-1,898.597,22.184,16.388,1,2,2,0,1,0,0,0,0,2,2,2,2,2,0,1,1
100,5311.576,-2751.221,262.356,162.577,-0.947326,-0.298564,-0.115899,0.297294,-0.954361,0.028500,-0.119118,-0.007457,0.992852,0,0.26534,-1.00000,13.118,-0.571,17.593,-1,-1,572.228,14.912,773.651,703.322,515.909,655.549,-1,-1,-1,-1,-1,898.762,22.235,15.154,1,2,2,0,1,0,0,0,0,2,2,2,2,2,0,1,1
101,5300.245,-2744.606,261.206,161.964,-0.943875,-0.308684,-0.117530,0.307348,-0.951131,0.029784,-0.120980,-0.008011,0.992623,0,0.26534,-1.00000,13.120,-0.613,18.657,-1,-1,557.942,13.924,764.559,691.189,512.939,654.175,-1,-1,-1,-1,-1,900.551,22.520,14.553,1,2,2,0,1,0,0,0,0,2,2,2,2,2,0,1,1
102,5289.365,-2737.569,260.215,161.264,-0.939787,-0.320106,-0.119717,0.318757,-0.947337,0.030775,-0.123264,-0.009238,0.992331,0,0.26534,-1.00000,12.957,-0.699,18.660,-1,-1,542.926,11.165,753.991,675.586,509.052,655.249,-1,-1,-1,-1,-1,898.983,22.520,11.670,1,2,2,0,1,0,0,0,0,2,2,2,2,2,0,1,1
103,5278.945,-2730.226,259.435,160.535,-0.935435,-0.332093,-0.121140,0.330619,-0.943199,0.032665,-0.125107,-0.009495,0.992098,0,0.26534,-1.00000,12.747,-0.729,18.651,-1,-1,537.855,-1,744.821,658.112,508.234,654.060,-1,-1,-1,-1,-1,889.318,22.517,-1,1,2,2,0,2,0,0,0,0,2,2,2,2,2,0,1,2
104,5268.722,-2722.677,258.654,159.806,-0.931023,-0.344099,-0.121626,0.342433,-0.938890,0.035011,-0.126240,-0.009053,0.991958,0,0.26534,-1.00000,12.709,-0.728,18.413,-1,-1,534.242,-1,735.163,628.475,510.097,650.809,-1,-1,-1,-1,-1,882.259,22.439,-1,1,2,2,0,2,0,0,0,0,2,2,2,2,2,0,1,2
105,5258.466,-2715.119,257.804,159.094,-0.926599,-0.355838,-0.121629,0.353938,-0.934512,0.037625,-0.127052,-0.008186,0.991862,0,0.26534,-1.00000,12.740,-0.712,18.664,-1,-1,530.744,-1,726.774,601.156,512.490,646.095,-1,-1,-1,-1,-1,875.802,22.522,-1,1,2,2,0,2,0,0,0,0,2,2,2,2,2,0,1,2
106,5248.346,-2707.360,256.861,158.351,-0.921815,-0.367904,-0.122084,0.365880,-0.929826,0.039430,-0.128023,-0.008321,0.991736,0,0.26534,-1.00000,12.752,-0.743,18.655,1000.792,-1,527.442,-1,717.547,573.104,512.763,644.036,-1,-1,-1,-1,-1,869.761,22.519,-1,1,0,2,0,2,0,0,0,0,2,2,2,2,2,0,1,2
107,5238.451,-2699.440,255.864,157.598,-0.916813,-0.380015,-0.122644,0.377912,-0.924938,0.040896,-0.128979,-0.008855,0.991608,0,0.26534,-1.00000,12.675,-0.753,18.667,988.355,-1,525.421,-1,708.018,545.478,512.384,642.963,-1,-1,-1,-1,-1,864.154,22.523,-1,1,0,2,0,2,0,0,0,0,2,2,2,2,2,0,1,2
108,5229.099,-2691.301,254.903,156.805,-0.911384,-0.392690,-0.123178,0.390534,-0.919620,0.042207,-0.129851,-0.009638,0.991487,0,0.26534,-1.00000,12.398,-0.794,18.194,975.539,-1,528.838,-1,698.195,517.474,513.132,642.653,-1,-1,-1,-1,-1,859.375,22.373,-1,1,0,2,0,2,0,0,0,0,2,2,2,2,2,0,1,2
109,5219.521,-2683.259,253.714,156.089,-0.906461,-0.404190,-0.122305,0.401893,-0.914628,0.044012,-0.129653,-0.009258,0.991516,0,0.26534,-1.00000,12.506,-0.715,17.310,966.634,-1,532.793,-1,691.166,499.652,515.411,638.319,-1,-1,-1,-1,-1,856.819,22.196,-1,1,0,2,0,2,0,0,0,0,2,2,2,2,2,0,1,2
110,5209.383,-2675.481,252.219,155.510,-0.902429,-0.413541,-0.120856,0.411074,-0.910448,0.045860,-0.128998,-0.008295,0.991610,0,0.26534,-1.00000,12.777,-0.579,16.652,960.455,-1,533.481,-1,685.909,485.733,516.480,631.563,-1,-1,-1,-1,-1,853.301,22.196,-1,1,0,2,0,2,0,0,0,0,2,2,2,2,2,0,1,2
111,5198.820,-2667.911,250.409,155.030,-0.898978,-0.421177,-0.120205,0.418620,-0.906943,0.047036,-0.128829,-0.008036,0.991634,0,0.26534,-1.00000,12.996,-0.479,16.197,951.934,-1,529.425,13.594,671.917,472.221,513.897,626.003,-1,-1,-1,-1,-1,847.549,22.299,18.026,1,0,2,0,1,0,0,0,0,2,2,2,2,2,0,1,1
112,5188.019,-2660.555,248.201,154.603,-0.895606,-0.427678,-0.122399,0.425213,-0.903876,0.046932,-0.130706,-0.010013,0.991371,0,0.26534,-1.00000,13.068,-0.428,-1,934.136,-1,522.193,14.092,654.603,457.525,498.482,625.476,-1,-1,-1,-1,-1,834.865,-1,20.922,2,0,2,0,1,0,0,0,0,2,2,2,2,2,0,2,1
113,5177.258,-2653.429,245.672,154.162,-0.891717,-0.433942,-0.128587,0.431802,-0.900818,0.045548,-0.135599,-0.014908,0.990652,0,-0.05273,-0.78469,12.906,-0.441,-1,903.682,-1,510.689,13.749,632.300,440.699,481.487,631.988,-1,-1,-1,-1,-1,812.609,-1,26.652,2,0,2,0,1,0,0,0,0,2,2,2,2,2,0,2,1
114,5166.596,-2646.737,242.986,153.760,-0.887784,-0.439224,-0.137556,0.437608,-0.898117,0.043421,-0.142613,-0.021647,0.989542,0,-0.05273,-0.78469,12.588,-0.402,16.205,866.647,-1,496.439,13.601,608.148,423.283,461.523,643.495,-1,-1,-1,-1,-1,784.329,22.296,33.390,1,0,2,0,1,0,0,0,0,2,2,2,2,2,0,1,1
115,5156.150,-2640.496,240.844,153.450,-0.884828,-0.443331,-0.143308,0.442125,-0.895973,0.041927,-0.146987,-0.026262,0.988790,0,-0.05273,-0.78469,12.168,-0.310,16.658,842.676,-1,486.889,14.308,591.018,409.588,448.224,651.222,-1,-1,-1,-1,-1,766.356,22.196,34.297,1,0,2,0,1,0,0,0,0,2,2,2,2,2,0,1,1
116,5146.037,-2634.378,239.575,153.186,-0.882855,-0.447252,-0.143293,0.446233,-0.893977,0.040995,-0.146436,-0.027750,0.988831,0,-0.05273,-0.78469,11.820,-0.264,17.910,837.678,-1,485.754,30.384,583.003,400.668,443.394,652.961,-1,-1,-1,-1,-1,766.622,22.299,33.337,1,0,2,0,1,0,0,0,0,2,2,2,2,2,0,1,1
117,5137.001,-2627.867,239.217,152.764,-0.879982,-0.453613,-0.140953,0.452945,-0.890700,0.038659,-0.143083,-0.029825,0.989261,0,-0.05273,-0.78469,11.137,-0.422,18.831,839.455,-1,491.962,26.779,577.025,393.451,440.175,659.750,-1,-1,-1,-1,-1,781.462,22.581,28.110,1,0,2,0,1,0,0,0,0,2,2,2,2,2,0,1,1
118,5130.037,-2621.013,239.771,152.164,-0.875634,-0.462865,-0.137917,0.462373,-0.885890,0.037545,-0.139558,-0.030893,0.989732,0,-0.05273,-0.78469,9.772,-0.600,18.704,842.571,-1,499.906,16.884,573.472,388.935,440.728,666.164,-1,-1,-1,-1,-1,800.706,22.536,17.666,1,0,2,0,1,0,0,0,0,2,2,2,2,2,0,1,1
119,5124.026,-2614.290,240.675,151.591,-0.871516,-0.472347,-0.131716,0.471404,-0.880999,0.040248,-0.135053,-0.027014,0.990470,0,-0.05273,-0.78469,9.018,-0.573,18.666,854.044,-1,507.741,-1,581.550,394.770,449.329,658.042,-1,-1,-1,-1,-1,819.016,22.523,-1,1,0,2,0,2,0,0,0,0,2,2,2,2,2,0,1,2
120,5118.603,-2607.671,241.432,151.033,-0.867423,-0.481780,-0.124361,0.480166,-0.876041,0.044646,-0.130455,-0.020987,0.991232,0,-0.05273,-0.78469,8.557,-0.558,18.717,867.497,-1,514.268,-1,589.832,405.918,592.551,643.073,-1,-1,-1,-1,-1,833.588,22.541,-1,1,0,2,0,2,0,0,0,0,2,2,2,2,2,0,1,2
121,5113.495,-2601.166,241.821,150.494,-0.863299,-0.490852,-0.117388,0.488554,-0.871122,0.049612,-0.126611,-0.014521,0.991846,0,-0.05273,-0.78469,8.271,-0.539,18.668,878.682,-1,518.215,-1,594.996,415.500,629.847,626.151,-1,-1,-1,-1,-1,843.366,22.523,-1,1,0,2,0,2,0,0,0,0,2,2,2,2,2,0,1,2
122,5108.670,-2594.800,241.802,149.959,-0.858937,-0.499645,-0.112171,0.496723,-0.866186,0.054664,-0.124474,-0.008765,0.992184,0,-0.05273,-0.78469,7.988,-0.535,18.657,883.474,-1,518.390,-1,589.461,460.921,668.571,610.389,-1,-1,-1,-1,-1,844.757,22.519,-1,1,0,2,0,2,0,0,0,0,2,2,2,2,2,0,1,2
123,5103.973,-2588.681,241.401,149.468,-0.854686,-0.507616,-0.108799,0.504089,-0.861576,0.059848,-0.124119,-0.003693,0.992260,0,-0.05273,-0.78469,7.714,-0.491,18.654,880.791,-1,515.050,-1,577.976,453.627,712.385,595.660,-1,-1,-1,-1,-1,837.301,22.518,-1,1,0,2,0,2,0,0,0,0,2,2,2,2,2,0,1,2
124,5099.151,-2582.945,240.725,149.073,-0.851108,-0.513972,-0.106991,0.509927,-0.857807,0.064357,-0.124856,0.000217,0.992175,0,-0.05273,-0.78469,7.494,-0.395,18.441,874.030,-1,509.918,14.909,565.954,445.912,751.418,583.607,-1,-1,-1,-1,-1,825.784,22.447,15.496,1,0,2,0,1,0,0,0,0,2,2,2,2,2,0,1,1
125,5093.158,-2576.532,239.471,148.647,-0.847053,-0.520448,-0.107866,0.516086,-0.853892,0.067252,-0.127107,0.001298,0.991888,0,-0.05273,-0.78469,8.777,-0.426,-1,858.442,-1,502.441,23.625,548.465,435.783,788.893,577.241,-1,-1,-1,-1,-1,809.667,-1,24.334,2,0,2,0,1,0,0,0,0,2,2,2,2,2,0,2,1
126,5089.010,-2572.495,238.288,148.368,-0.844289,-0.524328,-0.110709,0.520054,-0.851516,0.066819,-0.129306,-0.001161,0.991604,0,-0.05273,-0.78469,5.788,-0.279,-1,842.619,-1,497.221,26.387,534.325,428.453,805.746,580.002,-1,-1,-1,-1,-1,799.169,-1,27.137,2,0,2,0,1,0,0,0,0,2,2,2,2,2,0,2,1
127,5083.648,-2567.696,236.371,148.018,-0.840754,-0.528744,-0.116457,0.524996,-0.848744,0.063343,-0.132335,-0.007884,0.991174,0,-0.05273,-0.78469,7.196,-0.350,-1,818.252,-1,491.206,28.105,514.865,418.993,818.540,591.726,-1,-1,-1,-1,-1,788.318,-1,28.854,2,0,2,0,1,0,0,0,0,2,2,2,2,2,0,2,1
128,5077.964,-2562.894,233.847,147.656,-0.837185,-0.532776,-0.123580,0.530146,-0.846052,0.056047,-0.134415,-0.018594,0.990751,0,0.41392,-0.49049,7.441,-0.362,-1,791.931,-1,487.561,27.237,495.385,409.860,805.572,613.286,-1,-1,-1,-1,-1,784.721,-1,27.908,2,0,2,0,1,0,0,0,0,2,2,2,2,2,0,2,1
129,5071.830,-2557.828,230.608,147.257,-0.833424,-0.536812,-0.131292,0.535935,-0.843061,0.044974,-0.134829,-0.032882,0.990323,0,0.41392,-0.49049,7.955,-0.399,-1,765.301,-1,487.028,18.705,476.419,403.990,777.978,645.117,-1,-1,-1,-1,-1,790.550,-1,26.483,2,0,2,0,1,0,0,0,0,2,2,2,2,2,0,2,1
130,5065.289,-2552.594,227.001,146.857,-0.829526,-0.540700,-0.139753,0.541646,-0.839898,0.034515,-0.136041,-0.047066,0.989585,0,0.41392,-0.49049,8.378,-0.400,-1,736.809,-1,484.234,15.511,456.223,397.940,751.499,678.546,-1,-1,-1,-1,-1,791.378,-1,27.125,2,0,2,0,1,0,0,0,0,2,2,2,2,2,0,2,1
131,5058.329,-2547.053,223.398,146.483,-0.825684,-0.544317,-0.148204,0.546852,-0.836803,0.026716,-0.138560,-0.058986,0.988596,0,0.41392,-0.49049,8.896,-0.374,-1,708.433,-1,477.987,14.345,435.804,390.092,731.178,707.390,-1,-1,-1,-1,-1,783.185,-1,30.061,2,0,2,0,1,0,0,0,0,2,2,2,2,2,0,2,1
132,5050.958,-2541.092,220.012,146.135,-0.821908,-0.547811,-0.156110,0.551575,-0.833834,0.022031,-0.142239,-0.067999,0.987494,0,0.41392,-0.49049,9.480,-0.349,-1,681.476,-1,468.720,13.729,419.529,380.925,716.353,728.607,-1,-1,-1,-1,983.606,766.631,14.191,34.239,2,0,2,0,1,0,0,0,0,2,2,2,2,0,0,1,1
133,5043.287,-2534.721,217.037,145.809,-0.818212,-0.551284,-0.163141,0.555866,-0.831023,0.020311,-0.146771,-0.074065,0.986394,0,0.41392,-0.49049,9.972,-0.326,-1,656.833,-1,457.488,13.485,405.749,371.159,706.165,741.186,-1,-1,-1,-1,941.337,744.237,13.267,39.912,2,0,2,0,1,0,0,0,0,2,2,2,2,0,0,1,1
134,5035.373,-2528.021,214.688,145.487,-0.814412,-0.554869,-0.169860,0.559997,-0.828239,0.020584,-0.152106,-0.078357,0.985253,0,0.41392,-0.49049,10.369,-0.322,-1,633.958,-1,445.589,13.377,392.291,361.418,701.818,749.734,-1,-1,-1,-1,905.687,719.683,-1,44.696,2,0,2,0,1,0,0,0,0,2,2,2,2,0,0,2,1
135,5027.094,-2521.018,212.917,145.180,-0.810677,-0.558246,-0.176537,0.563865,-0.825591,0.021358,-0.157670,-0.082229,0.984062,0,0.41392,-0.49049,10.844,-0.308,-1,612.981,-1,434.635,13.378,379.445,352.348,700.018,759.541,-1,-1,-1,-1,872.804,697.247,-1,46.905,2,0,2,0,1,0,0,0,0,2,2,2,2,0,0,2,1
136,5018.400,-2513.671,211.646,144.864,-0.806875,-0.561638,-0.183073,0.567843,-0.822852,0.021671,-0.162813,-0.086471,0.982861,0,0.41392,-0.49049,11.382,-0.316,-1,594.135,-1,425.850,13.305,367.357,344.704,699.210,773.786,-1,-1,-1,-1,839.642,679.378,-1,47.277,2,0,2,0,1,0,0,0,0,2,2,2,2,0,0,2,1
137,5009.294,-2506.096,210.810,144.555,-0.803159,-0.564880,-0.189328,0.571722,-0.820160,0.021702,-0.167539,-0.090813,0.981674,0,0.41392,-0.49049,11.845,-0.309,-1,574.721,-1,418.886,13.286,356.082,338.174,699.590,791.169,-1,-1,-1,-1,806.401,665.252,-1,47.317,2,0,2,0,1,0,0,0,0,2,2,2,2,0,0,2,1
138,4999.853,-2498.264,210.367,144.237,-0.799397,-0.568158,-0.195349,0.575761,-0.817346,0.021090,-0.171651,-0.095615,0.980507,0,0.41392,-0.49049,12.267,-0.318,-1,548.776,-1,414.057,13.285,345.558,332.966,698.793,813.526,-1,-1,-1,-1,775.676,655.572,-1,47.628,2,0,2,0,1,0,0,0,0,2,2,2,2,0,0,2,1
139,4989.978,-2490.228,210.122,143.946,-0.796077,-0.570914,-0.200793,0.579522,-0.814736,0.018925,-0.174398,-0.101298,0.979451,0,0.41392,-0.49049,12.732,-0.291,-1,525.519,-1,412.268,13.326,336.189,329.472,696.781,842.892,-1,-1,-1,-1,747.350,652.575,993.092,46.116,2,0,2,0,1,0,0,0,0,2,2,2,2,0,0,0,1
140,4979.644,-2482.096,209.939,143.691,-0.793287,-0.573121,-0.205496,0.582925,-0.812380,0.015399,-0.175766,-0.107573,0.978537,0,0.41392,-0.49049,13.149,-0.256,-1,504.991,-1,413.087,13.396,327.896,327.412,693.864,877.222,-1,-1,-1,-1,723.994,655.414,965.522,39.476,2,0,2,0,1,0,0,0,0,2,2,2,2,0,0,0,1
141,4968.973,-2473.879,209.784,143.453,-0.790809,-0.575006,-0.209733,0.586180,-0.810109,0.010781,-0.176106,-0.114416,0.977699,0,0.41392,-0.49049,13.468,-0.238,-1,486.188,-1,415.880,13.542,320.307,326.405,690.099,917.016,-1,-1,-1,-1,703.802,664.022,942.640,33.474,2,0,2,0,1,0,0,0,0,2,2,2,2,0,0,0,1
142,4957.906,-2465.702,209.486,143.286,-0.789064,-0.576101,-0.213271,0.588455,-0.808501,0.006799,-0.176347,-0.120136,0.976969,0,0.41392,-0.49049,13.760,-0.167,-1,469.785,-1,418.122,13.717,313.052,327.460,687.714,952.276,-1,-1,-1,-1,686.725,671.280,921.903,30.009,2,0,2,0,1,0,0,0,0,2,2,2,2,0,0,0,1
143,4946.594,-2457.492,208.895,143.178,-0.787820,-0.576544,-0.216649,0.589830,-0.807517,0.004103,-0.177313,-0.124553,0.976241,0,0.41392,-0.49049,13.978,-0.107,-1,454.229,-1,418.015,13.714,310.924,328.224,685.910,980.457,-1,-1,-1,-1,670.013,672.989,902.017,30.044,2,0,2,0,1,0,0,0,0,2,2,2,2,0,0,0,1
144,4935.149,-2449.090,207.960,143.083,-0.786611,-0.576820,-0.220277,0.590976,-0.806687,0.002018,-0.178859,-0.128591,0.975435,0,0.45082,-0.80330,14.198,-0.096,-1,437.942,-1,416.054,13.670,307.994,327.545,683.725,1006.326,-1,-1,-1,-1,651.814,670.854,881.493,30.733,2,0,2,0,1,0,0,0,0,2,2,2,2,0,0,0,1
145,4923.491,-2440.455,206.659,142.979,-0.785318,-0.577213,-0.223830,0.592232,-0.805767,0.000038,-0.180377,-0.132530,0.974628,0,0.45082,-0.80330,14.508,-0.104,-1,420.947,-1,413.262,13.599,298.643,325.552,681.078,-1,-1,-1,-1,-1,632.776,667.319,860.294,32.073,2,0,2,0,1,0,0,0,2,2,2,2,2,0,0,0,1
146,4911.664,-2431.607,205.059,142.865,-0.783897,-0.577711,-0.227499,0.593611,-0.804750,-0.001831,-0.182022,-0.136481,0.973777,0,0.45082,-0.80330,14.770,-0.114,-1,403.167,-1,409.601,13.367,286.996,321.785,677.957,-1,-1,-1,-1,-1,612.595,662.616,838.313,37.164,2,0,2,0,1,0,0,0,2,2,2,2,2,0,0,0,1
147,4899.863,-2422.479,203.395,142.694,-0.781845,-0.578665,-0.232090,0.595732,-0.803172,-0.004322,-0.183907,-0.141642,0.972685,0,0.45082,-0.80330,14.920,-0.171,-1,383.544,-1,405.937,13.273,274.538,317.792,672.725,-1,-1,-1,-1,-1,589.775,658.240,814.323,39.536,2,0,2,0,1,0,0,0,2,2,2,2,2,0,0,0,1
148,4888.231,-2413.082,201.841,142.440,-0.778737,-0.580354,-0.238239,0.598848,-0.800835,-0.006619,-0.186949,-0.147824,0.971184,0,0.45082,-0.80330,14.954,-0.254,-1,361.347,-1,401.472,13.423,260.915,312.914,665.534,-1,-1,-1,-1,-1,562.898,650.812,781.104,38.153,2,0,2,0,1,0,0,0,2,2,2,2,2,0,0,0,1
149,4876.923,-2403.440,200.538,142.072,-0.774056,-0.583120,-0.246594,0.603196,-0.797559,-0.007441,-0.192335,-0.154504,0.969090,0,0.45082,-0.80330,14.860,-0.368,966.479,335.840,-1,394.041,14.182,245.693,306.179,658.229,-1,-1,-1,-1,-1,530.488,635.778,738.285,37.978,0,0,2,0,1,0,0,0,2,2,2,2,2,0,0,0,1
150,4865.696,-2393.478,199.358,141.637,-0.768508,-0.586239,-0.256357,0.608296,-0.793664,-0.008596,-0.198421,-0.162547,0.966544,0,0.45082,-0.80330,15.010,-0.435,912.792,309.099,-1,386.454,24.120,233.606,299.169,648.560,-1,-1,-1,-1,-1,382.553,620.359,697.292,37.706,0,0,2,0,1,0,0,0,2,2,2,2,2,0,0,0,1
151,4854.755,-2383.125,198.303,141.065,-0.761356,-0.590224,-0.268277,0.615104,-0.788366,-0.011187,-0.204898,-0.173535,0.963277,0,0.45082,-0.80330,15.062,-0.572,855.387,280.193,-1,379.837,34.924,225.794,292.395,634.241,-1,-1,-1,-1,-1,345.432,607.191,652.583,36.665,0,0,2,0,1,0,0,0,2,2,2,2,2,0,0,0,1
152,4844.636,-2372.379,197.879,140.288,-0.751922,-0.595946,-0.281889,0.624528,-0.780857,-0.015072,-0.211133,-0.187380,0.959329,0,0.45082,-0.80330,14.761,-0.777,18.703,252.455,-1,376.112,35.020,219.549,287.300,616.602,-1,-1,-1,-1,-1,306.790,599.854,22.535,36.641,1,0,2,0,1,0,0,0,2,2,2,2,2,0,0,1,1
153,4835.190,-2361.770,198.672,139.500,-0.742668,-0.603158,-0.290937,0.634309,-0.772896,-0.016853,-0.214699,-0.197061,0.956594,0,0.45082,-0.80330,14.204,-0.788,18.682,230.921,-1,377.279,31.978,218.581,286.496,609.772,-1,-1,-1,-1,-1,302.223,601.898,22.528,33.435,1,0,2,0,1,0,0,0,2,2,2,2,2,0,0,1,1
154,4826.146,-2351.396,200.416,138.818,-0.735134,-0.611661,-0.292317,0.643155,-0.765579,-0.015496,-0.214314,-0.199396,0.956196,0,0.45082,-0.80330,13.763,-0.682,18.675,215.023,-1,383.049,23.910,223.786,290.427,618.152,-1,-1,-1,-1,-1,319.687,613.723,22.526,24.995,1,0,2,0,1,0,0,0,2,2,2,2,2,0,0,1,1
155,4816.188,-2339.222,203.425,138.148,-0.728691,-0.623539,-0.283211,0.652712,-0.757517,-0.011595,-0.207307,-0.193305,0.958987,0,0.45082,-0.80330,15.728,-0.670,18.684,232.218,-1,398.507,-1,246.549,302.463,646.178,-1,-1,-1,-1,-1,343.229,644.855,22.529,-1,1,0,2,0,2,0,0,0,2,2,2,2,2,0,0,1,2
156,4810.331,-2331.201,205.803,137.771,-0.725806,-0.632336,-0.270846,0.658802,-0.752261,-0.009160,-0.197955,-0.185082,0.962579,0,0.45082,-0.80330,9.932,-0.378,18.683,259.609,-1,415.628,-1,268.413,315.815,674.075,-1,-1,-1,-1,-1,399.658,680.732,22.529,-1,1,0,2,0,2,0,0,0,2,2,2,2,2,0,0,1,2
157,4803.583,-2320.878,208.693,137.290,-0.722564,-0.644312,-0.250526,0.667004,-0.745015,-0.007710,-0.181678,-0.172673,0.968079,0,0.45082,-0.80330,12.332,-0.481,18.667,298.780,-1,443.944,-1,292.741,337.714,715.431,-1,-1,-1,-1,-1,425.209,742.502,22.522,-1,1,0,2,0,2,0,0,0,2,2,2,2,2,0,0,1,2
158,4797.206,-2310.112,210.984,136.782,-0.719121,-0.656604,-0.227454,0.675720,-0.737110,-0.008509,-0.162072,-0.159814,0.973752,0,0.45082,-0.80330,12.513,-0.507,18.660,331.889,-1,478.039,-1,320.833,364.060,759.089,-1,-1,-1,-1,-1,506.729,815.475,22.520,-1,1,0,2,0,2,0,0,0,2,2,2,2,2,0,0,1,2
159,4791.207,-2298.870,212.415,136.227,-0.714918,-0.668844,-0.203814,0.684934,-0.728509,-0.011836,-0.140564,-0.148061,0.978938,0,0.45082,-0.80330,12.743,-0.555,18.657,369.922,-1,516.242,-1,353.238,393.404,801.157,-1,-1,-1,-1,-1,622.205,891.374,22.519,-1,1,0,2,0,2,0,0,0,2,2,2,2,2,0,0,1,2
160,4785.389,-2287.355,212.775,135.638,-0.709923,-0.680874,-0.180052,0.694285,-0.719508,-0.016630,-0.118226,-0.136813,0.983516,0,0.45082,-0.80330,12.901,-0.589,-1,413.845,-1,557.951,-1,387.529,423.886,842.786,-1,-1,-1,-1,-1,746.208,968.956,-1,-1,2,0,2,0,2,0,0,0,2,2,2,2,2,0,0,2,2
161,4779.588,-2275.919,212.165,135.051,-0.704334,-0.692491,-0.156107,0.703076,-0.710866,-0.018781,-0.097966,-0.122983,0.987562,0,0.45082,-0.80330,12.823,-0.587,-1,465.859,-1,592.696,-1,418.916,451.890,886.665,-1,-1,-1,-1,-1,899.833,-1,-1,-1,2,0,2,0,2,0,0,0,2,2,2,2,2,0,2,2,2
162,4773.911,-2264.645,210.833,134.506,-0.698632,-0.703183,-0.132087,0.710782,-0.703238,-0.015671,-0.081869,-0.104833,0.991114,0,0.45082,-0.80330,12.623,-0.545,-1,513.185,-1,614.446,-1,445.603,472.668,943.500,917.336,-1,-1,-1,-1,-1,-1,-1,-1,2,0,2,0,2,0,0,0,0,2,2,2,2,2,2,2,2
163,4768.740,-2253.422,208.963,133.956,-0.692351,-0.713222,-0.109386,0.718044,-0.695963,-0.006970,-0.071157,-0.083370,0.993975,0,0.45082,-0.80330,12.357,-0.550,-1,550.954,-1,618.680,-1,463.886,483.657,1007.072,806.751,-1,-1,-1,-1,-1,-1,-1,-1,2,0,2,0,2,0,0,0,0,2,2,2,2,2,2,2,2
164,4764.380,-2241.973,206.560,133.354,-0.685033,-0.722963,-0.089743,0.725567,-0.688133,0.005092,-0.065437,-0.061626,0.995952,0,0.45082,-0.80330,12.251,-0.602,-1,578.859,-1,608.225,-1,473.231,484.627,-1,709.398,-1,-1,-1,-1,-1,-1,-1,-1,2,0,2,0,2,0,0,2,0,2,2,2,2,2,2,2,2
165,4760.249,-2230.376,203.420,132.760,-0.677586,-0.732025,-0.070831,0.732752,-0.680200,0.020057,-0.062862,-0.038311,0.997287,0,0.45082,-0.80330,12.310,-0.594,-1,598.968,-1,587.018,-1,475.581,478.082,-1,621.908,-1,-1,-1,-1,-1,-1,-1,-1,2,0,2,0,2,0,0,2,0,2,2,2,2,2,2,2,2
166,4756.053,-2218.391,199.563,132.150,-0.669914,-0.740586,-0.052410,0.740097,-0.671737,0.032012,-0.058913,-0.017344,0.998112,0,0.50678,-0.49285,12.698,-0.610,-1,620.241,-1,569.515,30.622,478.423,472.729,-1,553.724,-1,-1,-1,-1,-1,987.051,-1,32.039,2,0,2,0,1,0,0,2,0,2,2,2,2,2,0,2,1
167,4751.791,-2206.262,196.387,131.460,-0.661191,-0.749265,-0.037800,0.748380,-0.662258,0.036643,-0.052489,-0.004061,0.998613,0,0.50678,-0.49285,12.856,-0.690,18.675,646.620,-1,565.420,38.816,486.192,474.632,-1,514.200,-1,-1,-1,-1,-1,982.117,22.526,40.582,1,0,2,0,1,0,0,2,0,2,2,2,2,2,0,1,1
168,4747.340,-2194.307,194.895,130.755,-0.652270,-0.757565,-0.025291,0.756862,-0.652757,0.032690,-0.041274,0.002181,0.999146,0,0.50678,-0.49285,12.757,-0.705,18.661,692.255,-1,582.823,40.742,507.029,490.930,-1,497.930,-1,-1,-1,-1,-1,-1,22.521,42.578,1,0,2,0,1,0,0,2,0,2,2,2,2,2,2,1,1
169,4742.761,-2182.339,194.954,130.031,-0.642973,-0.765714,-0.016386,0.765421,-0.643181,0.021195,-0.026768,0.001086,0.999641,0,0.50678,-0.49285,12.814,-0.724,18.641,753.759,-1,618.999,35.434,538.203,519.975,-1,502.660,-1,-1,-1,-1,-1,-1,22.514,37.013,1,0,2,0,1,0,0,2,0,2,2,2,2,2,2,1,1
170,4738.076,-2170.241,195.850,129.293,-0.633231,-0.773852,-0.013083,0.773852,-0.633336,0.006194,-0.013079,-0.006202,0.999895,0,0.50678,-0.49285,12.974,-0.738,18.371,813.711,-1,664.490,21.134,571.853,552.097,-1,523.539,-1,-1,-1,-1,-1,-1,22.425,21.926,1,0,2,0,1,0,0,2,0,2,2,2,2,2,2,1,1
171,4733.233,-2158.118,196.896,128.492,-0.622400,-0.782539,-0.015808,0.782695,-0.622334,-0.009444,-0.002448,-0.018251,0.999830,0,0.50678,-0.49285,13.055,-0.801,18.123,855.207,-1,706.502,-1,597.988,581.239,-1,557.672,-1,-1,-1,-1,-1,-1,22.353,-1,1,0,2,0,2,0,0,2,0,2,2,2,2,2,2,1,2
172,4728.479,-2145.888,197.747,127.603,-0.610173,-0.791919,-0.023523,0.792245,-0.609658,-0.025788,0.006081,-0.034371,0.999391,0,0.50678,-0.49285,13.121,-0.889,18.179,878.169,-1,750.823,-1,618.175,604.858,-1,605.111,-1,-1,712.610,-1,-1,-1,22.369,-1,1,0,2,0,2,0,0,2,0,2,2,0,2,2,2,1,2
173,4723.583,-2133.626,198.165,126.619,-0.596428,-0.801998,-0.032772,0.802540,-0.595110,-0.042116,0.014274,-0.051420,0.998575,0,0.50678,-0.49285,13.203,-0.984,18.063,896.273,-1,793.835,-1,636.915,626.481,-1,659.980,-1,748.087,644.265,-1,-1,-1,22.337,-1,1,0,2,0,2,0,0,2,0,2,0,0,2,2,2,1,2
174,4718.645,-2121.177,197.890,125.571,-0.581576,-0.812295,-0.044120,0.813191,-0.579030,-0.058689,0.022126,-0.070010,0.997301,0,0.50678,-0.49285,13.393,-1.047,16.828,898.779,-1,843.492,-1,649.813,645.822,-1,725.649,-1,658.099,603.456,-1,-1,-1,12.093,-1,1,0,2,0,2,0,0,2,0,2,0,0,2,2,2,1,2
175,4713.825,-2108.494,196.822,124.516,-0.566388,-0.822131,-0.057487,0.823594,-0.562099,-0.075744,0.029958,-0.090247,0.995469,0,0.50678,-0.49285,13.567,-1.055,-1,893.803,-1,893.102,-1,659.409,663.696,982.045,804.455,-1,594.086,569.396,-1,-1,-1,14.330,-1,2,0,2,0,2,0,0,0,0,2,0,0,2,2,2,1,2
176,4709.087,-2095.903,195.189,123.496,-0.551515,-0.831205,-0.070211,0.833379,-0.545387,-0.089628,0.036207,-0.107944,0.993497,0,0.50678,-0.49285,13.453,-1.021,17.870,883.243,-1,943.553,-1,664.055,675.890,907.900,879.293,-1,555.270,546.955,-1,-1,-1,22.290,-1,1,0,2,0,2,0,0,0,0,2,0,0,2,2,2,1,2
177,4704.653,-2084.127,194.038,122.608,-0.538570,-0.839013,-0.077464,0.841874,-0.532072,-0.090264,0.034517,-0.113828,0.992901,0,0.50678,-0.49285,12.583,-0.888,17.846,856.427,-1,944.970,-1,652.222,667.427,878.706,900.445,-1,572.324,568.637,-1,-1,-1,22.285,-1,1,0,2,0,2,0,0,0,0,2,0,0,2,2,2,1,2
178,4700.609,-2072.605,193.415,121.784,-0.526522,-0.846563,-0.078144,0.849711,-0.521022,-0.080794,0.027683,-0.108939,0.993663,0,0.50678,-0.49285,12.212,-0.824,17.381,826.091,-1,909.791,-1,631.448,645.706,884.060,872.088,-1,635.823,629.836,-1,-1,-1,22.204,-1,1,0,2,0,2,0,0,0,0,2,0,0,2,2,2,1,2
179,4696.954,-2060.929,192.971,121.041,-0.515572,-0.853667,-0.073746,0.856658,-0.511743,-0.065234,0.017950,-0.096808,0.995141,0,0.50678,-0.49285,12.234,-0.743,17.065,795.710,-1,858.226,-1,606.751,617.042,915.172,811.573,-1,751.343,740.145,-1,-1,-1,22.180,-1,1,0,2,0,2,0,0,0,0,2,0,0,2,2,2,1,2
180,4693.622,-2049.013,192.444,120.392,-0.505901,-0.860107,-0.065418,0.862568,-0.503869,-0.045748,0.006386,-0.079572,0.996809,0,0.50678,-0.49285,12.374,-0.649,16.910,766.406,-1,793.892,-1,580.354,586.313,964.907,737.574,-1,-1,-1,-1,-1,-1,22.179,-1,1,0,2,0,2,0,0,0,0,2,2,2,2,2,2,1,2
181,4690.481,-2036.495,191.465,119.813,-0.497172,-0.865882,-0.055396,0.867642,-0.496465,-0.026846,-0.004257,-0.061411,0.998103,0,0.50678,-0.49285,12.906,-0.579,17.472,741.783,-1,738.533,-1,557.698,558.370,-1,666.963,-1,-1,-1,-1,-1,-1,22.216,-1,1,0,2,0,2,0,0,2,0,2,2,2,2,2,2,1,2
182,4687.599,-2023.350,189.979,119.231,-0.488285,-0.871444,-0.046500,0.872588,-0.488330,-0.011166,-0.012977,-0.046028,0.998856,0,0.50678,-0.49285,13.458,-0.583,17.556,719.645,-1,691.660,19.933,538.221,534.668,-1,612.663,-1,-1,-1,-1,-1,-1,22.229,20.865,1,0,2,0,1,0,0,2,0,2,2,2,2,2,2,1,1
183,4684.503,-2009.625,188.688,118.662,-0.479565,-0.876574,-0.040442,0.877342,-0.479859,-0.002738,-0.017006,-0.036794,0.999178,0,0.50678,-0.49285,14.069,-0.569,17.307,707.734,-1,668.046,17.209,527.870,521.766,-1,582.277,-1,-1,-1,-1,-1,-1,22.195,37.387,1,0,2,0,1,0,0,2,0,2,2,2,2,2,2,1,1
184,4681.000,-1995.500,187.768,118.038,-0.469993,-0.881857,-0.037867,0.882520,-0.470272,-0.001738,-0.016276,-0.034235,0.999281,0,0.46667,-0.90758,14.554,-0.624,17.483,703.002,-1,668.294,18.944,526.328,519.660,-1,573.551,-1,-1,-1,-1,-1,-1,22.218,39.544,1,0,2,0,1,0,0,2,0,2,2,2,2,2,2,1,1
185,4677.209,-1981.035,187.130,117.371,-0.459711,-0.887199,-0.039280,0.887990,-0.459809,-0.007034,-0.011821,-0.038114,0.999203,0,0.46667,-0.90758,14.953,-0.667,16.630,703.862,-1,688.393,14.252,531.163,526.002,-1,583.488,-1,-1,-1,-1,-1,-1,22.199,37.955,1,0,2,0,1,0,0,2,0,2,2,2,2,2,2,1,1
186,4672.627,-1966.348,186.483,116.803,-0.450913,-0.891578,-0.042028,0.892556,-0.450649,-0.016106,-0.004580,-0.044775,0.998987,0,0.46667,-0.90758,15.385,-0.568,16.487,711.433,-1,717.002,13.982,540.275,538.668,1003.297,602.521,-1,-1,-1,-1,-1,-1,22.221,31.933,1,0,2,0,1,0,0,0,0,2,2,2,2,2,2,1,1
187,4667.753,-1951.887,185.908,116.267,-0.442549,-0.895556,-0.046143,0.896744,-0.441908,-0.023836,0.000956,-0.051927,0.998650,0,0.46667,-0.90758,15.260,-0.536,16.962,714.019,-1,747.234,15.245,545.767,550.715,956.458,624.263,-1,-1,-1,-1,-1,-1,22.178,22.525,1,0,2,0,1,0,0,0,0,2,2,2,2,2,2,1,1
188,4663.486,-1938.828,186.328,115.769,-0.434739,-0.899202,-0.049372,0.900549,-0.434312,-0.019632,-0.003790,-0.052997,0.998587,0,0.46667,-0.90758,13.739,-0.498,17.115,695.077,-1,737.121,15.956,535.991,542.726,938.606,630.173,-1,-1,-1,-1,-1,-1,22.181,25.089,1,0,2,0,1,0,0,0,0,2,2,2,2,2,2,1,1
189,4660.052,-1926.835,187.938,115.298,-0.427273,-0.902762,-0.049584,0.903985,-0.427523,-0.005982,-0.015798,-0.047379,0.998752,0,0.46667,-0.90758,12.475,-0.471,17.099,666.245,-1,699.259,15.865,517.610,522.104,951.979,618.309,-1,-1,-1,-1,-1,-1,22.181,34.359,1,0,2,0,1,0,0,0,0,2,2,2,2,2,2,1,1
190,4657.288,-1915.121,190.480,114.807,-0.419382,-0.906586,-0.047131,0.907340,-0.420269,0.010362,-0.029201,-0.038418,0.998835,0,0.46667,-0.90758,12.036,-0.491,17.112,640.760,-1,660.220,15.932,500.302,501.551,975.534,600.259,-1,-1,-1,-1,-1,-1,22.181,40.290,1,0,2,0,1,0,0,0,0,2,2,2,2,2,2,1,1
191,4654.725,-1903.112,193.421,114.303,-0.411246,-0.910414,-0.044982,0.910666,-0.412499,0.023044,-0.039535,-0.031487,0.998722,0,0.46667,-0.90758,12.279,-0.503,10.484,623.768,-1,636.807,16.116,489.176,488.876,984.793,590.671,-1,-1,-1,-1,-1,-1,22.183,43.401,1,0,2,0,1,0,0,0,0,2,2,2,2,2,2,1,1
192,4652.089,-1890.646,196.152,113.825,-0.403544,-0.913829,-0.045490,0.913894,-0.404975,0.028159,-0.044154,-0.030210,0.998568,0,0.46667,-0.90758,12.742,-0.479,921.084,616.551,-1,635.089,16.241,486.010,487.193,967.354,597.427,-1,-1,-1,-1,-1,-1,1006.599,42.240,1,0,2,0,1,0,0,0,0,2,2,2,2,2,2,1,1
193,4649.320,-1877.773,198.186,113.403,-0.396815,-0.916615,-0.048517,0.916836,-0.398345,0.027088,-0.044155,-0.033733,0.998455,0,0.46667,-0.90758,13.168,-0.421,914.187,614.673,-1,648.508,17.077,488.118,492.924,929.341,616.380,-1,-1,-1,-1,-1,-1,1001.157,35.594,1,0,2,0,1,0,0,0,0,2,2,2,2,2,2,1,1
194,4646.497,-1864.825,199.270,112.972,-0.389935,-0.919310,-0.053101,0.919892,-0.391503,0.022867,-0.041811,-0.039930,0.998327,0,0.46667,-0.90758,13.252,-0.432,907.289,613.607,-1,668.491,16.308,492.354,501.124,883.946,640.808,-1,-1,-1,-1,-1,-1,995.666,28.764,1,0,2,0,1,0,0,0,0,2,2,2,2,2,2,1,1
195,4643.554,-1851.783,199.239,112.526,-0.382826,-0.921995,-0.058054,0.923041,-0.384327,0.016947,-0.037937,-0.047099,0.998170,0,0.46667,-0.90758,13.369,-0.446,900.330,612.275,-1,691.202,8.411,496.600,508.552,724.147,665.303,-1,-1,-1,-1,-1,-1,990.131,8.403,1,0,2,0,1,0,0,0,0,2,2,2,2,2,2,1,1
196,4640.380,-1838.674,197.923,112.061,-0.375386,-0.924800,-0.061890,0.926272,-0.376702,0.010740,-0.033246,-0.053295,0.998025,0,0.46667,-0.90758,13.488,-0.465,893.213,610.030,-1,713.711,-1,499.641,515.350,648.875,682.972,-1,-1,-1,-1,-1,-1,984.527,-1,1,0,2,0,2,0,0,0,0,2,2,2,2,2,2,1,2
197,4637.385,-1825.381,195.423,111.564,-0.367404,-0.927730,-0.065806,0.929653,-0.368418,0.003555,-0.027542,-0.059870,0.997826,0,0.46667,-0.90758,13.626,-0.497,886.367,606.280,-1,735.460,-1,501.743,521.986,566.082,698.275,-1,-1,-1,-1,-1,-1,13.963,-1,1,0,2,0,2,0,0,0,0,2,2,2,2,2,2,1,2
198,4634.686,-1811.932,192.136,111.008,-0.358429,-0.931089,-0.067844,0.933343,-0.358956,-0.004683,-0.019993,-0.065000,0.997685,0,0.46667,-0.90758,13.718,-0.556,16.743,605.279,-1,761.059,-1,504.257,530.204,479.209,706.182,-1,-1,-1,-1,-1,-1,22.187,-1,1,0,2,0,2,0,0,0,0,2,2,2,2,2,2,1,2
199,4632.283,-1798.674,189.072,110.480,-0.349842,-0.934579,-0.064602,0.936688,-0.350071,-0.008101,-0.015044,-0.063346,0.997878,0,0.46667,-0.90758,13.474,-0.528,16.642,604.029,-1,770.823,14.289,504.267,532.893,473.713,690.556,-1,-1,-1,-1,-1,-1,22.197,23.503,1,0,2,0,1,0,0,0,0,2,2,2,2,2,2,1,1
200,4630.230,-1785.246,186.587,109.977,-0.341617,-0.938092,-0.057278,0.939767,-0.341714,-0.008402,-0.011691,-0.056698,0.998323,0,0.46667,-0.90758,13.585,-0.503,16.556,604.481,-1,770.415,14.109,504.751,532.969,489.355,660.122,-1,-1,-1,-1,-1,-1,22.209,34.196,1,0,2,0,1,0,0,0,0,2,2,2,2,2,2,1,1
201,4628.454,-1771.533,184.869,109.505,-0.333880,-0.941360,-0.048625,0.942575,-0.333899,-0.007986,-0.008718,-0.048499,0.998785,0,0.46667,-0.90758,13.827,-0.472,16.455,607.804,-1,769.422,13.927,506.541,533.854,512.566,629.383,-1,-1,-1,-1,-1,-1,22.228,41.759,1,0,2,0,1,0,0,0,0,2,2,2,2,2,2,1,1
202,4626.710,-1757.805,184.354,109.076,-0.326814,-0.944178,-0.041483,0.945054,-0.326864,-0.005774,-0.008108,-0.041091,0.999123,0,0.46667,-0.90758,13.839,-0.429,16.278,608.853,-1,765.234,13.800,506.814,533.729,538.380,606.924,-1,-1,-1,-1,-1,-1,12.950,45.392,1,0,2,0,1,0,0,0,0,2,2,2,2,2,2,1,1
203,4624.803,-1743.839,184.794,108.652,-0.319800,-0.946757,-0.037139,0.947439,-0.319924,-0.002730,-0.009297,-0.036060,0.999306,0,0.46667,-0.90758,14.095,-0.425,849.434,606.830,-1,760.924,13.450,505.697,533.093,560.869,595.524,-1,-1,-1,-1,-1,-1,-1,45.337,1,0,2,0,1,0,0,0,0,2,2,2,2,2,2,2,1
204,4622.472,-1729.504,185.693,108.231,-0.312826,-0.949125,-0.036080,0.949752,-0.313002,-0.000797,-0.010536,-0.034516,0.999349,0,0.46667,-0.90758,14.523,-0.421,842.800,603.468,-1,761.639,13.293,504.943,534.012,576.835,595.944,-1,-1,-1,-1,-1,-1,-1,44.030,1,0,2,0,1,0,0,0,0,2,2,2,2,2,2,2,1
205,4619.726,-1714.834,186.621,107.834,-0.306239,-0.951211,-0.037620,0.951891,-0.306436,-0.000577,-0.010979,-0.035987,0.999292,0,0.34471,-1.00000,14.924,-0.397,835.567,599.898,-1,767.891,13.373,505.140,536.893,585.674,606.288,-1,-1,-1,-1,-1,-1,-1,40.240,1,0,2,0,1,0,0,0,0,2,2,2,2,2,2,2,1
206,4616.861,-1699.964,187.219,107.420,-0.299349,-0.953253,-0.041215,0.954082,-0.299542,-0.001555,-0.010864,-0.039788,0.999149,0,0.34471,-1.00000,15.144,-0.414,828.283,595.772,-1,777.624,13.493,504.792,540.565,587.056,622.952,-1,-1,-1,-1,-1,-1,-1,35.140,1,0,2,0,1,0,0,0,0,2,2,2,2,2,2,2,1
207,4614.001,-1684.969,187.262,106.975,-0.291944,-0.955334,-0.045894,0.956374,-0.292131,-0.002734,-0.010795,-0.044690,0.998943,0,0.34471,-1.00000,15.265,-0.444,821.184,589.582,-1,783.935,13.665,503.663,543.235,579.483,641.315,-1,-1,-1,-1,-1,-1,-1,29.499,1,0,2,0,1,0,0,0,0,2,2,2,2,2,2,2,1
208,4611.271,-1669.945,186.780,106.509,-0.284146,-0.957454,-0.050421,0.958710,-0.284372,-0.002776,-0.011681,-0.049128,0.998724,0,0.34471,-1.00000,15.269,-0.466,814.411,580.312,-1,785.328,13.615,500.278,542.958,571.423,656.476,-1,-1,-1,-1,-1,-1,-1,26.340,1,0,2,0,1,0,0,0,0,2,2,2,2,2,2,2,1
209,4608.748,-1654.826,185.947,106.025,-0.276034,-0.959645,-0.053730,0.961059,-0.276338,-0.001834,-0.013088,-0.052144,0.998554,0,0.34471,-1.00000,15.328,-0.484,14.457,569.980,-1,783.060,13.556,495.761,541.782,565.979,665.792,-1,-1,-1,-1,-1,-1,11.633,25.788,1,0,2,0,1,0,0,0,0,2,2,2,2,2,2,1,1
210,4606.450,-1639.548,184.942,105.543,-0.267930,-0.961838,-0.055511,0.963332,-0.268310,-0.000615,-0.014303,-0.053641,0.998458,0,0.34471,-1.00000,15.450,-0.482,16.090,560.619,-1,779.414,13.500,491.445,540.388,563.927,669.559,-1,-1,-1,-1,-1,-1,22.339,28.374,1,0,2,0,1,0,0,0,0,2,2,2,2,2,2,1,1
211,4604.498,-1624.184,184.009,105.055,-0.259716,-0.964085,-0.055575,0.965560,-0.260178,0.001121,-0.015540,-0.053369,0.998454,0,0.34471,-1.00000,15.488,-0.488,16.073,552.479,-1,774.331,13.487,487.571,538.277,566.608,667.644,-1,-1,-1,-1,-1,-1,22.347,27.596,1,0,2,0,1,0,0,0,0,2,2,2,2,2,2,1,1
212,4602.794,-1608.720,183.209,104.567,-0.251474,-0.966381,-0.053564,0.967711,-0.252034,0.003865,-0.017235,-0.050863,0.998557,0,0.34471,-1.00000,15.558,-0.488,16.032,545.131,-1,765.891,13.456,483.610,535.128,575.700,658.684,-1,-1,-1,-1,-1,-1,22.365,27.873,1,0,2,0,1,0,0,0,0,2,2,2,2,2,2,1,1
213,4601.250,-1593.112,182.599,104.093,-0.243445,-0.968605,-0.050380,0.969726,-0.244094,0.007049,-0.019125,-0.047139,0.998705,0,0.34471,-1.00000,15.684,-0.474,16.000,538.607,-1,756.079,13.434,479.921,531.812,588.869,646.807,-1,-1,-1,-1,-1,-1,22.379,29.223,1,0,2,0,1,0,0,0,0,2,2,2,2,2,2,1,1
214,4599.854,-1577.379,182.244,103.625,-0.235517,-0.970727,-0.047129,0.971638,-0.236243,0.010416,-0.021245,-0.043340,0.998834,0,0.34471,-1.00000,15.795,-0.467,15.976,532.350,-1,746.409,13.419,476.766,528.677,603.426,636.051,-1,-1,-1,-1,-1,-1,22.390,30.053,1,0,2,0,1,0,0,0,0,2,2,2,2,2,2,1,1
215,4598.562,-1561.447,182.034,103.147,-0.227399,-0.972783,-0.044539,0.973535,-0.228169,0.012978,-0.022788,-0.040409,0.998923,0,0.34471,-1.00000,15.984,-0.478,16.089,528.451,-1,739.627,13.499,475.909,527.160,616.974,628.910,-1,-1,-1,-1,-1,-1,22.340,29.279,1,0,2,0,1,0,0,0,0,2,2,2,2,2,2,1,1
216,4597.410,-1545.334,181.883,102.644,-0.218825,-0.974816,-0.042997,0.975475,-0.219620,0.014682,-0.023755,-0.038730,0.998967,0,0.34471,-1.00000,16.154,-0.504,16.159,525.034,-1,735.831,13.558,476.100,527.224,627.904,625.958,-1,-1,-1,-1,-1,-1,22.313,26.638,1,0,2,0,1,0,0,0,0,2,2,2,2,2,2,1,1
217,4596.430,-1529.095,181.758,102.118,-0.209860,-0.976825,-0.042100,0.977428,-0.210673,0.015835,-0.024337,-0.037827,0.998988,0,0.34471,-1.00000,16.269,-0.526,16.185,521.940,-1,733.505,13.582,476.333,528.512,636.686,626.037,-1,-1,-1,-1,-1,-1,22.303,22.495,1,0,2,0,1,0,0,0,0,2,2,2,2,2,2,1,1
218,4595.573,-1512.765,181.606,101.588,-0.200816,-0.978759,-0.041280,0.979314,-0.201641,0.016873,-0.024839,-0.037037,0.999005,0,0.34539,-1.00000,16.352,-0.530,16.160,518.860,-1,730.326,13.559,476.440,529.964,644.393,626.616,-1,-1,-1,-1,-1,-1,22.312,16.571,1,0,2,0,1,0,0,0,0,2,2,2,2,2,2,1,1
219,4594.949,-1496.406,181.398,101.024,-0.191155,-0.980716,-0.040703,0.981220,-0.192016,0.018382,-0.025843,-0.036424,0.999002,0,0.34627,-1.00000,16.371,-0.564,16.887,516.512,-1,726.188,-1,475.793,530.631,652.205,627.259,-1,-1,-1,-1,-1,-1,22.179,-1,1,0,2,0,2,0,0,0,0,2,2,2,2,2,2,1,2
220,4594.880,-1480.130,181.113,100.359,-0.179752,-0.982860,-0.040933,0.983323,-0.180696,0.020628,-0.027671,-0.036543,0.998949,0,0.34727,-1.00000,16.277,-0.665,17.540,512.732,-1,721.118,-1,474.078,530.358,657.337,629.119,-1,-1,-1,-1,-1,-1,22.226,-1,1,0,2,0,2,0,0,0,0,2,2,2,2,2,2,1,2
221,4595.642,-1464.028,180.795,99.559,-0.165987,-0.985225,-0.042181,0.985680,-0.167049,0.023009,-0.029715,-0.037758,0.998845,0,0.34858,-1.00000,16.120,-0.801,18.989,509.477,-1,717.156,-1,473.470,530.640,658.717,633.336,-1,-1,-1,-1,-1,-1,22.641,-1,1,0,2,0,2,0,0,0,0,2,2,2,2,2,2,1,2
222,4597.612,-1448.480,180.590,98.597,-0.149413,-0.987774,-0.044470,0.988260,-0.150636,0.025521,-0.031908,-0.040135,0.998685,0,0.35034,-1.00000,15.672,-0.962,18.745,507.986,-1,715.132,-1,473.960,532.133,655.207,640.391,-1,-1,-1,-1,-1,-1,22.550,-1,1,0,2,0,2,0,0,0,0,2,2,2,2,2,2,1,2
223,4600.797,-1433.628,180.637,97.452,-0.129626,-0.990514,-0.045606,0.991017,-0.130943,0.027173,-0.032887,-0.041674,0.998590,0,0.35263,-1.00000,15.189,-1.145,18.562,510.777,-1,716.773,-1,478.209,536.008,654.867,644.722,-1,-1,-1,-1,-1,-1,22.487,-1,1,0,2,0,2,0,0,0,0,2,2,2,2,2,2,1,2
224,4604.377,-1418.794,180.685,96.277,-0.109282,-0.993061,-0.043446,0.993510,-0.110510,0.026929,-0.031543,-0.040222,0.998693,0,0.35555,-1.00000,15.260,-1.175,18.442,519.907,-1,720.084,-1,487.320,542.491,665.059,640.121,-1,-1,-1,-1,-1,-1,22.448,-1,1,0,2,0,2,0,0,0,0,2,2,2,2,2,2,1,2
225,4608.302,-1403.889,180.686,95.116,-0.089128,-0.995235,-0.039536,0.995602,-0.090171,0.025431,-0.028875,-0.037095,0.998894,0,0.35856,-1.00000,15.413,-1.161,18.176,532.615,-1,725.144,-1,499.141,550.941,681.008,630.842,-1,-1,-1,-1,-1,-1,22.368,-1,1,0,2,0,2,0,0,0,0,2,2,2,2,2,2,1,2
226,4612.440,-1388.885,180.628,93.982,-0.069424,-0.996971,-0.035046,0.997251,-0.070269,0.023493,-0.025884,-0.033319,0.999110,0,0.36152,-1.00000,15.564,-1.133,17.925,549.523,-1,730.356,-1,510.376,559.823,694.604,620.068,-1,-1,-1,-1,-1,-1,22.303,-1,1,0,2,0,2,0,0,0,0,2,2,2,2,2,2,1,2
227,4616.757,-1373.813,180.526,92.867,-0.049995,-0.998259,-0.031289,0.998472,-0.050695,0.021994,-0.023542,-0.030141,0.999268,0,0.36439,-1.00000,15.679,-1.116,18.287,565.144,-1,734.316,-1,520.237,567.764,704.194,611.210,-1,-1,-1,-1,-1,-1,22.400,-1,1,0,2,0,2,0,0,0,0,2,2,2,2,2,2,1,2
228,4621.401,-1358.846,180.492,91.729,-0.030167,-0.999119,-0.029158,0.999295,-0.030799,0.021454,-0.022333,-0.028490,0.999345,0,0.42249,-1.00000,15.670,-1.137,18.610,577.805,-1,737.556,-1,528.407,573.368,707.648,606.656,-1,-1,-1,-1,-1,-1,22.503,-1,1,0,2,0,2,0,0,0,0,2,2,2,2,2,2,1,2
229,4626.485,-1344.107,180.617,90.557,-0.009718,-0.999514,-0.029620,0.999692,-0.010388,0.022541,-0.022837,-0.029392,0.999307,0,0.42581,-1.00000,15.592,-1.172,18.701,584.747,-1,739.842,-1,533.904,574.874,699.250,609.042,-1,-1,-1,-1,-1,-1,22.535,-1,1,0,2,0,2,0,0,0,0,2,2,2,2,2,2,1,2
230,4631.963,-1329.497,180.763,89.302,0.012178,-0.999404,-0.032315,0.999622,0.011371,0.025024,-0.024641,-0.032608,0.999164,0,0.42926,-1.00000,15.603,-1.255,18.718,586.762,-1,740.679,-1,535.977,575.085,673.962,617.075,-1,-1,-1,-1,-1,-1,22.541,-1,1,0,2,0,2,0,0,0,0,2,2,2,2,2,2,1,2
231,4637.712,-1314.809,180.854,88.014,0.034651,-0.998768,-0.035524,0.999051,0.033679,0.027627,-0.026396,-0.036448,0.998987,0,0.43303,-1.00000,15.773,-1.289,18.667,588.553,-1,742.212,-1,536.454,575.568,646.259,626.546,-1,-1,-1,-1,-1,-1,22.523,-1,1,0,2,0,2,0,0,0,0,2,2,2,2,2,2,1,2
232,4643.813,-1300.057,180.923,86.712,0.057335,-0.997608,-0.038605,0.997981,0.056213,0.029549,-0.027309,-0.040221,0.998818,0,0.43691,-1.00000,15.964,-1.302,18.390,592.350,-1,746.331,-1,538.231,577.529,619.397,634.531,-1,-1,-1,-1,-1,-1,22.431,-1,1,0,2,0,2,0,0,0,0,2,2,2,2,2,2,1,2
233,4651.515,-1282.142,180.982,85.165,0.084253,-0.995598,-0.041066,0.996086,0.083046,0.030266,-0.026723,-0.043456,0.998698,0,0.44083,-1.00000,19.500,-1.547,18.156,599.108,-1,755.872,-1,543.385,580.942,589.311,640.813,-1,-1,-1,-1,-1,-1,22.363,-1,1,0,2,0,2,0,0,0,0,2,2,2,2,2,2,1,2
234,4656.894,-1270.127,181.070,84.155,0.101805,-0.993918,-0.041979,0.994472,0.100590,0.030104,-0.025698,-0.044812,0.998665,0,0.44547,-1.00000,13.164,-1.010,18.191,604.288,-1,763.413,-1,547.716,583.886,571.907,643.450,-1,-1,-1,-1,-1,-1,22.372,-1,1,0,2,0,2,0,0,0,0,2,2,2,2,2,2,1,2
235,4663.993,-1255.101,181.167,82.888,0.123775,-0.991375,-0.043084,0.992006,0.122545,0.030120,-0.024581,-0.046468,0.998617,0,0.44849,-1.00000,16.619,-1.267,18.174,609.549,-1,772.579,-1,551.420,587.396,550.303,646.567,-1,-1,-1,-1,-1,-1,22.367,-1,1,0,2,0,2,0,0,0,0,2,2,2,2,2,2,1,2
236,4671.526,-1240.087,181.082,81.610,0.145865,-0.988309,-0.044380,0.989001,0.144562,0.031276,-0.024494,-0.048454,0.998525,0,0.45227,-1.00000,16.798,-1.278,18.193,612.106,-1,779.144,-1,553.094,589.030,526.945,649.858,-1,-1,-1,-1,-1,-1,22.373,-1,1,0,2,0,2,0,0,0,0,2,2,2,2,2,2,1,2
237,4679.418,-1225.111,180.755,80.314,0.168189,-0.984712,-0.045328,0.985414,0.166744,0.033989,-0.025912,-0.050383,0.998394,0,0.45609,-1.00000,16.928,-1.296,18.119,609.921,-1,781.821,-1,551.831,587.876,504.367,652.102,-1,-1,-1,-1,-1,-1,22.352,-1,1,0,2,0,2,0,0,0,0,2,2,2,2,2,2,1,2
238,4687.634,-1210.137,180.163,79.019,0.190403,-0.980652,-0.045477,0.981283,0.188757,0.038143,-0.028821,-0.051888,0.998237,0,0.45997,-1.00000,17.079,-1.295,18.005,602.576,-1,778.892,-1,547.073,583.508,483.627,652.290,-1,-1,-1,-1,-1,-1,22.322,-1,1,0,2,0,2,0,0,0,0,2,2,2,2,2,2,1,2
239,4696.128,-1195.087,179.249,77.730,0.212409,-0.976161,-0.044641,0.976636,0.210545,0.043038,-0.032613,-0.052740,0.998076,0,0.46385,-1.00000,17.282,-1.289,17.848,593.123,-1,771.703,-1,540.119,576.965,463.474,649.808,-1,-1,-1,-1,992.675,-1,22.285,-1,1,0,2,0,2,0,0,0,0,2,2,2,2,0,2,1,2
240,4704.879,-1179.953,178.098,76.471,0.233775,-0.971376,-0.042172,0.971585,0.231734,0.048183,-0.037031,-0.052237,0.997948,0,0.46771,-1.00000,17.481,-1.259,17.723,583.063,-1,760.433,-1,531.929,568.716,445.786,643.301,-1,-1,-1,-1,957.346,-1,22.259,-1,1,0,2,0,2,0,0,0,0,2,2,2,2,0,2,1,2
241,4714.085,-1164.847,176.803,75.239,0.254552,-0.966272,-0.039017,0.966135,0.252339,0.053925,-0.042261,-0.051423,0.997782,0,0.47144,-1.00000,17.691,-1.232,18.010,572.278,-1,746.155,-1,522.394,558.919,434.579,635.689,-1,-1,-1,-1,918.290,-1,22.324,-1,1,0,2,0,2,0,0,0,0,2,2,2,2,0,2,1,2
242,4723.814,-1149.859,175.378,73.991,0.275459,-0.960642,-0.035915,0.960086,0.273029,0.060743,-0.048546,-0.051214,0.997507,0,0.47508,-1.00000,17.869,-1.248,17.899,558.198,-1,729.566,-1,511.234,548.154,424.768,629.098,-1,-1,-1,-1,877.518,-1,22.297,-1,1,0,2,0,2,0,0,0,0,2,2,2,2,0,2,1,2
243,4734.011,-1134.910,173.753,72.735,0.296330,-0.954537,-0.032368,0.953461,0.293680,0.068296,-0.055686,-0.051100,0.997140,0,0.47879,-1.00000,18.095,-1.256,18.060,542.520,-1,710.678,-1,498.726,535.166,414.149,622.118,-1,-1,-1,-1,837.050,-1,22.337,-1,1,0,2,0,2,0,0,0,0,2,2,2,2,0,2,1,2
244,4744.604,-1119.968,171.921,71.497,0.316714,-0.948105,-0.028104,0.946396,0.313884,0.076230,-0.063453,-0.050741,0.996694,0,0.48252,-1.00000,18.317,-1.238,18.093,525.881,-1,688.798,-1,485.732,521.017,403.405,614.054,-1,-1,-1,-1,797.000,-1,22.345,-1,1,0,2,0,2,0,0,0,0,2,2,2,2,0,2,1,2
245,4755.651,-1105.056,169.896,70.241,0.337205,-0.941140,-0.023434,0.938728,0.334247,0.084077,-0.071296,-0.050350,0.996184,0,0.48618,-1.00000,18.558,-1.256,17.924,510.541,-1,666.329,-1,472.015,506.778,392.132,605.409,-1,-1,-1,-1,761.080,-1,22.302,-1,1,0,2,0,2,0,0,0,0,2,2,2,2,0,2,1,2
246,4767.142,-1090.027,167.661,69.019,0.356954,-0.933950,-0.017902,0.930831,0.354024,0.090666,-0.078340,-0.049028,0.995720,0,0.48991,-1.00000,18.918,-1.222,17.578,496.691,-1,645.218,-1,459.337,493.533,389.054,594.380,-1,-1,-1,-1,734.950,-1,22.232,-1,1,0,2,0,2,0,0,0,0,2,2,2,2,0,2,1,2
247,4778.936,-1074.870,165.306,67.836,0.375918,-0.926588,-0.010949,0.922821,0.373264,0.095266,-0.084186,-0.045917,0.995392,0,0.39915,-0.74605,19.205,-1.183,17.334,485.427,-1,625.565,-1,448.489,481.593,388.893,579.484,-1,-1,-1,-1,714.962,-1,22.198,-1,1,0,2,0,2,0,0,0,0,2,2,2,2,0,2,1,2
248,4790.925,-1059.572,162.875,66.735,0.393396,-0.919365,-0.002676,0.914982,0.391233,0.098713,-0.089707,-0.041282,0.995112,0,0.40194,-0.73650,19.436,-1.101,17.285,475.203,-1,605.503,-1,438.179,469.869,390.554,561.798,-1,-1,-1,-1,697.531,1004.738,22.194,-1,1,0,2,0,2,0,0,0,0,2,2,2,2,0,0,1,2
249,4803.141,-1044.180,160.449,65.710,0.409477,-0.912300,0.006041,0.907329,0.407920,0.101757,-0.095297,-0.036186,0.994791,0,0.40447,-0.72780,19.651,-1.024,17.084,465.212,-1,584.787,-1,428.485,458.059,392.906,544.088,-1,-1,-1,-1,683.874,956.229,22.180,-1,1,0,2,0,2,0,0,0,0,2,2,2,2,0,0,1,2
250,4815.644,-1028.728,157.994,64.703,0.425135,-0.905024,0.013855,0.899487,0.424141,0.105012,-0.100915,-0.032182,0.994374,0,0.40677,-0.71990,19.876,-1.008,16.842,455.456,-1,565.340,-1,418.823,446.510,395.141,529.304,-1,-1,-1,-1,670.116,911.217,22.181,-1,1,0,2,0,2,0,0,0,0,2,2,2,2,0,0,1,2
251,4828.324,-1013.025,155.485,63.781,0.439331,-0.898071,0.021356,0.892081,0.438952,0.107296,-0.105734,-0.028087,0.993998,0,0.40902,-0.71219,20.184,-0.922,16.605,446.719,-1,548.090,-1,409.518,435.964,399.624,515.123,-1,-1,-1,-1,658.492,871.710,22.202,-1,1,0,2,0,2,0,0,0,0,2,2,2,2,0,0,1,2
252,4841.071,-996.925,153.164,62.940,0.452211,-0.891495,0.027232,0.885215,0.452341,0.108542,-0.109083,-0.024977,0.993719,0,0.41100,-0.70541,20.534,-0.841,16.389,439.908,-1,535.070,13.825,402.296,427.853,403.323,504.305,-1,-1,-1,-1,650.671,841.491,22.243,19.066,1,0,2,0,1,0,0,0,0,2,2,2,2,0,0,1,1
253,4853.775,-980.466,151.324,62.185,0.463720,-0.885456,0.030511,0.878974,0.464102,0.109604,-0.111210,-0.024007,0.993507,0,0.41272,-0.69951,20.792,-0.755,16.238,434.701,-1,526.921,13.639,397.147,422.813,405.593,499.169,-1,-1,-1,-1,646.409,820.903,22.285,25.437,1,0,2,0,1,0,0,0,0,2,2,2,2,0,0,1,1
254,4866.515,-963.658,149.946,61.500,0.474167,-0.879875,0.031412,0.873318,0.474562,0.110030,-0.111719,-0.024740,0.993432,0,0.41416,-0.69456,21.091,-0.685,16.150,431.940,-1,524.184,13.551,394.579,421.260,407.203,498.695,-1,-1,-1,-1,647.280,809.906,22.315,25.009,1,0,2,0,1,0,0,0,0,2,2,2,2,0,0,1,1
255,4879.453,-946.746,148.889,60.808,0.484752,-0.874126,0.030303,0.867636,0.484955,0.109662,-0.110554,-0.026867,0.993507,0,0.41538,-0.69039,21.293,-0.693,16.399,432.598,-1,525.952,13.842,395.311,422.931,408.075,501.683,-1,-1,-1,-1,653.187,806.734,22.240,14.762,1,0,2,0,1,0,0,0,0,2,2,2,2,0,0,1,1
256,4892.772,-930.043,147.956,60.048,0.496336,-0.867665,0.028434,0.861336,0.496277,0.108676,-0.108405,-0.029449,0.993670,0,0.41661,-0.68617,21.364,-0.760,16.237,435.031,-1,527.276,-1,397.824,426.423,409.019,505.666,-1,-1,-1,-1,662.801,806.767,22.285,-1,1,0,2,0,2,0,0,0,0,2,2,2,2,0,0,1,2
257,4906.345,-913.402,147.156,59.291,0.507832,-0.861022,0.027346,0.854968,0.507642,0.106441,-0.105530,-0.030675,0.993943,0,0.41804,-0.68127,21.474,-0.757,16.199,439.473,-1,529.149,-1,401.808,431.060,412.200,507.613,-1,-1,-1,-1,677.092,808.143,22.298,-1,1,0,2,0,2,0,0,0,0,2,2,2,2,0,0,1,2
258,4920.289,-896.865,146.400,58.524,0.519446,-0.854097,0.026355,0.848440,0.519183,0.102946,-0.101609,-0.031114,0.994338,0,0.41946,-0.67641,21.632,-0.767,16.125,446.095,-1,532.416,-1,408.179,437.248,417.162,508.284,-1,-1,-1,-1,698.704,812.225,22.325,-1,1,0,2,0,2,0,0,0,0,2,2,2,2,0,0,1,2
259,4934.549,-880.407,145.652,57.769,0.530838,-0.847091,0.025441,0.841936,0.530558,0.098246,-0.096721,-0.030733,0.994837,0,0.42091,-0.67144,21.776,-0.755,15.956,456.083,-1,537.001,-1,416.365,444.346,423.614,507.588,-1,-1,-1,-1,725.997,818.816,22.401,-1,1,0,2,0,2,0,0,0,0,2,2,2,2,0,0,1,2
260,4948.995,-864.003,144.952,57.056,0.541558,-0.840306,0.024517,0.835719,0.541302,0.092552,-0.091043,-0.029633,0.995406,0,0.42231,-0.66661,21.858,-0.713,16.016,468.983,-1,542.288,-1,426.943,452.727,429.887,505.908,-1,-1,-1,-1,758.662,828.310,22.371,-1,1,0,2,0,2,0,0,0,0,2,2,2,2,0,0,1,2
261,4963.697,-847.705,144.224,56.346,0.552166,-0.833432,0.022459,0.829391,0.551836,0.087101,-0.084986,-0.029467,0.995946,0,0.42360,-0.66222,21.950,-0.710,16.277,482.446,-1,546.984,-1,438.216,462.377,433.670,505.855,-1,-1,-1,-1,792.305,840.288,22.273,-1,1,0,2,0,2,0,0,0,0,2,2,2,2,0,0,1,2
262,4978.759,-831.679,143.404,55.573,0.563595,-0.825842,0.018600,0.822266,0.563024,0.082960,-0.078984,-0.031462,0.996379,0,0.42487,-0.65786,21.993,-0.774,16.101,495.233,-1,552.389,-1,449.437,472.697,433.828,508.891,-1,-1,-1,-1,824.284,853.957,22.335,-1,1,0,2,0,2,0,0,0,0,2,2,2,2,0,0,1,2
263,4994.067,-815.683,142.442,54.795,0.574999,-0.818034,0.014012,0.814957,0.574180,0.078499,-0.072260,-0.033718,0.996816,0,0.42633,-0.65283,22.140,-0.778,16.163,509.705,-1,558.978,-1,461.682,481.099,433.366,511.209,-1,-1,-1,-1,860.041,871.078,22.311,-1,1,0,2,0,2,0,0,0,0,2,2,2,2,0,0,1,2
264,5009.692,-799.832,141.407,54.004,0.586483,-0.809913,0.008836,0.807338,0.585426,0.074039,-0.065138,-0.036289,0.997216,0,0.42781,-0.64778,22.257,-0.791,16.371,526.460,-1,566.363,-1,474.190,489.166,431.689,513.908,-1,-1,-1,-1,894.822,891.372,22.247,-1,1,0,2,0,2,0,0,0,0,2,2,2,2,0,0,1,2
265,5025.753,-784.425,140.405,53.148,0.598729,-0.800946,0.002998,0.798831,0.597412,0.070484,-0.058246,-0.039806,0.997508,0,0.42932,-0.64261,22.257,-0.856,17.613,543.165,-1,573.247,-1,486.740,497.024,427.525,518.167,-1,-1,-1,-1,927.247,912.174,22.238,-1,1,0,2,0,2,0,0,0,0,2,2,2,2,0,0,1,2
266,5042.704,-771.287,139.649,51.932,0.615703,-0.787959,-0.005584,0.786129,0.613757,0.072834,-0.053963,-0.049234,0.997328,0,0.43103,-0.63673,21.446,-1.217,17.777,553.448,-1,577.740,-1,495.131,501.240,413.646,532.619,-1,-1,-1,-1,942.102,930.042,22.269,-1,1,0,2,0,2,0,0,0,0,2,2,2,2,0,0,1,2
267,5059.812,-759.015,138.884,50.557,0.634570,-0.772770,-0.012160,0.771354,0.632267,0.072470,-0.048314,-0.055367,0.997296,0,0.43391,-0.62686,21.054,-1.375,17.222,567.490,-1,582.358,-1,502.147,504.167,404.355,541.158,-1,-1,-1,-1,955.213,949.993,22.189,-1,1,0,2,0,2,0,0,0,0,2,2,2,2,0,0,1,2
268,5077.164,-746.534,137.864,49.297,0.651605,-0.758366,-0.017092,0.757476,0.649307,0.068051,-0.040510,-0.057289,0.997535,0,0.43728,-0.61528,21.374,-1.260,17.050,587.631,-1,588.614,-1,511.367,509.263,401.605,541.617,-1,-1,-1,-1,984.510,977.920,22.179,-1,1,0,2,0,2,0,0,0,0,2,2,2,2,0,0,1,2
269,5094.918,-734.214,136.654,48.121,0.667203,-0.744559,-0.021728,0.744164,0.665006,0.063142,-0.032564,-0.058298,0.997768,0,0.44031,-0.60491,21.611,-1.176,17.011,608.465,-1,594.396,-1,520.235,514.197,399.600,539.948,-1,-1,-1,-1,-1,-1,22.178,-1,1,0,2,0,2,0,0,0,0,2,2,2,2,2,2,1,2
270,5113.000,-722.134,135.309,46.983,0.681998,-0.730889,-0.026090,0.730908,0.679901,0.059229,-0.025551,-0.059463,0.997903,0,0.44309,-0.59537,21.746,-1.139,16.900,618.448,-1,598.309,-1,525.083,517.012,395.095,538.158,-1,-1,-1,-1,-1,-1,22.179,-1,1,0,2,0,2,0,0,0,0,2,2,2,2,2,2,1,2
271,5131.262,-710.255,133.976,45.885,0.695960,-0.717478,-0.029425,0.717806,0.693976,0.056149,-0.019865,-0.060199,0.997989,0,0.44577,-0.58619,21.786,-1.097,16.730,625.745,-1,599.499,-1,526.535,517.503,390.471,535.488,-1,-1,-1,-1,-1,-1,22.188,-1,1,0,2,0,2,0,0,0,0,2,2,2,2,2,2,1,2
272,5149.691,-698.510,132.543,44.819,0.709237,-0.704262,-0.031599,0.704779,0.707288,0.055042,-0.016414,-0.061308,0.997984,0,0.44833,-0.57741,21.854,-1.066,16.796,627.725,-1,596.300,-1,524.063,514.277,385.116,533.087,-1,-1,-1,-1,-1,-1,22.183,-1,1,0,2,0,2,0,0,0,0,2,2,2,2,2,2,1,2
273,5168.164,-686.583,130.938,43.877,0.720750,-0.692482,-0.031417,0.693035,0.718872,0.054082,-0.014866,-0.060753,0.998042,0,0.45080,-0.56895,21.989,-0.942,16.291,622.832,-1,588.289,-1,518.280,507.719,381.657,526.899,-1,-1,-1,-1,-1,-1,22.269,-1,1,0,2,0,2,0,0,0,0,2,2,2,2,2,2,1,2
274,5186.655,-674.356,129.158,43.078,0.730343,-0.682463,-0.029053,0.682924,0.728603,0.052455,-0.014631,-0.058151,0.998201,0,0.45289,-0.56178,22.168,-0.799,15.791,615.710,-1,576.535,-1,510.429,498.492,380.974,516.533,-1,-1,-1,-1,-1,-1,22.495,-1,1,0,2,0,2,0,0,0,0,2,2,2,2,2,2,1,2
275,5204.808,-662.017,127.210,42.463,0.737614,-0.674801,-0.023845,0.675016,0.736057,0.050726,-0.016679,-0.053512,0.998428,0,-0.21372,-0.52675,21.949,-0.616,15.175,604.932,-1,559.543,-1,499.368,485.788,382.241,502.310,-1,-1,-1,-1,1005.735,-1,23.091,-1,1,0,2,0,2,0,0,0,0,2,2,2,2,0,2,1,2
276,5222.085,-649.900,125.108,42.044,0.742457,-0.669724,-0.015096,0.669534,0.741131,0.049498,-0.021962,-0.046857,0.998660,0,-0.21424,-0.52298,21.103,-0.419,14.790,589.095,-1,536.140,-1,484.077,468.485,385.437,484.549,-1,-1,-1,-1,974.804,956.958,23.771,-1,1,0,2,0,2,0,0,0,0,2,2,2,2,0,0,1,2
277,5238.672,-637.941,122.900,41.726,0.746017,-0.665914,-0.004072,0.665286,0.745017,0.048417,-0.029208,-0.038829,0.998819,0,-0.21449,-0.52115,20.449,-0.317,14.820,570.574,-1,509.521,-1,466.558,448.655,390.201,464.841,-1,-1,-1,-1,937.264,880.068,23.704,-1,1,0,2,0,2,0,0,0,0,2,2,2,2,0,0,1,2
278,5254.853,-626.361,120.878,41.425,0.749315,-0.662187,0.005914,0.661182,0.748617,0.049109,-0.036947,-0.032888,0.998776,0,-0.21460,-0.52034,19.897,-0.301,14.920,550.789,-1,484.781,13.372,448.946,429.435,392.932,449.390,-1,-1,-1,-1,895.968,812.655,23.504,35.206,1,0,2,0,1,0,0,0,0,2,2,2,2,0,0,1,1
279,5270.591,-614.934,119.555,41.139,0.752473,-0.658542,0.010344,0.657327,0.751884,0.050906,-0.041302,-0.031506,0.998650,0,-0.21470,-0.51963,19.449,-0.286,14.890,536.687,-1,470.457,13.384,437.343,417.533,392.247,442.636,-1,-1,-1,-1,867.634,779.771,23.563,40.272,1,0,2,0,1,0,0,0,0,2,2,2,2,0,0,1,1
