timestep,x_cm,y_cm,z_cm,yaw_deg,basis_xx,basis_xy,basis_xz,basis_yx,basis_yy,basis_yz,basis_zx,basis_zy,basis_zz,teleport_flag,throttle_cmd,steering_cmd,cmd_move_cm,cmd_turn_deg,lidar_cm_0,lidar_cm_1,lidar_cm_2,lidar_cm_3,lidar_cm_4,lidar_cm_5,lidar_cm_6,lidar_cm_7,lidar_cm_8,lidar_cm_9,lidar_cm_10,lidar_cm_11,lidar_cm_12,lidar_cm_13,lidar_cm_14,lidar_cm_15,lidar_cm_16,lidar_class_0,lidar_class_1,lidar_class_2,lidar_class_3,lidar_class_4,lidar_class_5,lidar_class_6,lidar_class_7,lidar_class_8,lidar_class_9,lidar_class_10,lidar_class_11,lidar_class_12,lidar_class_13,lidar_class_14,lidar_class_15,lidar_class_16
0,-2295.036,6226.611,63.564,-81.365,0.149446,0.988305,0.030318,-0.988471,0.150084,-0.019979,-0.024295,-0.026983,0.999341,1,0.08000,0.12000,4.800,0.240,-1,400.000,-1,400.000,-1,325.000,325.000,300.000,300.000,725.000,-1,-1,-1,700.000,725.000,-1,-1,2,0,2,0,2,0,0,0,0,1,2,2,2,0,0,2,2
1,-2293.515,6217.132,63.317,-80.885,0.157726,0.987022,0.030186,-0.987181,0.158360,-0.019913,-0.024434,-0.026658,0.999346,0,0.16000,0.24000,9.600,0.480,-1,400.000,-1,400.000,-1,325.000,325.000,300.000,300.000,725.000,-1,-1,-1,700.000,725.000,-1,-1,2,0,2,0,2,0,0,0,0,1,2,2,2,0,0,2,2
2,-2291.056,6202.943,62.939,-80.165,0.170124,0.984967,0.029971,-0.985115,0.170753,-0.019822,-0.024641,-0.026153,0.999354,0,0.24000,0.36000,14.400,0.720,-1,400.000,-1,400.000,-1,325.000,325.000,300.000,300.000,750.000,-1,-1,-1,700.000,725.000,-1,-1,2,0,2,0,2,0,0,0,0,1,2,2,2,0,0,2,2
3,-2287.460,6184.083,62.423,-79.205,0.186614,0.981986,0.029657,-0.982117,0.187235,-0.019716,-0.024914,-0.025448,0.999366,0,0.32000,0.48000,19.200,0.960,-1,400.000,-1,400.000,-1,325.000,325.000,300.000,300.000,750.000,-1,-1,-1,700.000,725.000,-1,-1,2,0,2,0,2,0,0,0,0,1,2,2,2,0,0,2,2
4,-2282.546,6160.592,61.768,-78.185,0.204085,0.978517,0.029235,-0.978630,0.204694,-0.019602,-0.025165,-0.024610,0.999380,0,0.40000,0.51012,24.000,1.020,-1,375.000,-1,400.000,-1,325.000,325.000,300.000,300.000,775.000,-1,-1,-1,700.000,725.000,-1,-1,2,0,2,0,2,0,0,0,0,1,2,2,2,0,0,2,2
5,-2276.156,6132.510,60.970,-77.181,0.221218,0.974802,0.028694,-0.974895,0.221813,-0.019487,-0.025360,-0.023663,0.999398,0,0.48000,0.50199,28.800,1.004,-1,375.000,-1,400.000,-1,325.000,325.000,300.000,300.000,800.000,-1,-1,-1,700.000,725.000,-1,-1,2,0,2,0,2,0,0,0,0,1,2,2,2,0,0,2,2
6,-2268.140,6099.880,60.024,-76.196,0.237960,0.970871,0.028021,-0.970940,0.238536,-0.019381,-0.025500,-0.022594,0.999419,0,0.56000,0.49228,33.600,0.985,-1,375.000,-1,400.000,-1,325.000,325.000,300.000,300.000,825.000,-1,-1,-1,700.000,725.000,-1,-1,2,0,2,0,2,0,0,0,0,1,2,2,2,0,0,2,2
7,-2258.353,6062.748,58.926,-75.234,0.254255,0.966755,0.027201,-0.966799,0.254810,-0.019298,-0.025587,-0.021392,0.999444,0,0.64000,0.48100,38.400,0.962,-1,375.000,-1,400.000,-1,325.000,325.000,300.000,300.000,850.000,-1,-1,-1,700.000,725.000,-1,-1,2,0,2,0,2,0,0,0,0,1,2,2,2,0,0,2,2
8,-2246.943,6022.159,57.703,-74.298,0.270051,0.962488,0.026246,-0.962505,0.270580,-0.019254,-0.025633,-0.020062,0.999470,0,0.70270,0.46814,42.162,0.936,-1,375.000,-1,400.000,-1,325.000,325.000,300.000,275.000,875.000,-1,-1,-1,700.000,725.000,-1,-1,2,0,2,0,2,0,0,0,0,1,2,2,2,0,0,2,2
9,-2234.753,5981.294,56.474,-73.390,0.285299,0.958103,0.025349,-0.958092,0.285807,-0.019319,-0.025755,-0.018775,0.999492,0,0.71074,0.45403,42.645,0.908,-1,375.000,-1,375.000,-1,325.000,325.000,300.000,275.000,925.000,-1,-1,-1,675.000,725.000,-1,-1,2,0,2,0,2,0,0,0,0,1,2,2,2,0,0,2,2
10,-2221.791,5940.158,55.364,-72.510,0.299990,0.953617,0.024909,-0.953593,0.300485,-0.019232,-0.025825,-0.017983,0.999505,0,0.71884,0.43976,43.130,0.880,-1,375.000,-1,375.000,-1,300.000,325.000,300.000,275.000,950.000,-1,-1,-1,675.000,700.000,-1,-1,2,0,2,0,2,0,0,0,0,1,2,2,2,0,0,2,2
11,-2208.066,5898.754,54.326,-71.660,0.314132,0.949059,0.024665,-0.949035,0.314611,-0.018758,-0.025562,-0.017515,0.999520,0,0.72699,0.42532,43.620,0.851,-1,375.000,-1,375.000,-1,300.000,300.000,300.000,275.000,975.000,-1,-1,-1,675.000,700.000,-1,-1,2,0,2,0,2,0,0,0,0,1,2,2,2,0,0,2,2
12,-2193.587,5857.084,53.252,-70.838,0.327725,0.944460,0.024327,-0.944435,0.328188,-0.018315,-0.025282,-0.016973,0.999536,0,0.73522,0.41071,44.113,0.821,-1,375.000,-1,375.000,-1,300.000,300.000,300.000,275.000,1000.000,-1,-1,-1,675.000,700.000,-1,-1,2,0,2,0,2,0,0,0,0,1,2,2,2,0,0,2,2
13,-2178.363,5815.150,52.175,-70.046,0.340767,0.939846,0.023812,-0.939813,0.341213,-0.018046,-0.025085,-0.016229,0.999554,0,0.74353,0.39591,44.612,0.792,-1,375.000,-1,375.000,-1,300.000,300.000,300.000,300.000,-1,-1,-1,-1,675.000,675.000,-1,-1,2,0,2,0,2,0,0,0,0,2,2,2,2,0,0,2,2
14,-2162.404,5772.951,51.345,-69.285,0.353262,0.935230,0.023467,-0.935212,0.353681,-0.016965,-0.024166,-0.015953,0.999581,0,0.75194,0.38094,45.116,0.762,-1,375.000,-1,375.000,-1,300.000,300.000,300.000,300.000,-1,-1,1000.000,-1,675.000,675.000,-1,-1,2,0,2,0,2,0,0,0,0,2,2,0,2,0,0,2,2
15,-2144.356,5726.508,50.546,-68.763,0.361816,0.931980,0.022429,-0.931975,0.362189,-0.015534,-0.022601,-0.015283,0.999628,0,0.83044,0.26094,49.826,0.522,-1,375.000,-1,375.000,-1,300.000,300.000,300.000,300.000,-1,-1,900.000,-1,675.000,675.000,-1,-1,2,0,2,0,2,0,0,0,0,2,2,0,2,0,0,2,2
16,-2125.877,5679.643,49.726,-68.481,0.366447,0.930196,0.021256,-0.930203,0.366773,-0.014120,-0.020931,-0.014598,0.999674,0,0.83962,0.14094,50.377,0.282,-1,375.000,-1,375.000,-1,300.000,300.000,300.000,300.000,-1,1000.000,850.000,-1,675.000,675.000,-1,-1,2,0,2,0,2,0,0,0,0,2,0,0,2,0,0,2,2
17,-2107.033,5632.323,48.892,-68.286,0.369662,0.928951,0.020000,-0.928968,0.369942,-0.012701,-0.019197,-0.013884,0.999719,0,0.84890,0.09756,50.934,0.195,-1,375.000,-1,375.000,-1,300.000,300.000,300.000,300.000,-1,925.000,800.000,-1,675.000,675.000,-1,-1,2,0,2,0,2,0,0,0,0,2,0,0,2,0,0,2,2
18,-2087.841,5584.521,48.044,-68.126,0.372304,0.927923,0.018677,-0.927947,0.372541,-0.011268,-0.017414,-0.013136,0.999762,0,0.85851,0.08006,51.511,0.160,-1,375.000,-1,375.000,-1,300.000,300.000,300.000,300.000,-1,875.000,750.000,-1,675.000,675.000,-1,-1,2,0,2,0,2,0,0,0,0,2,0,0,2,0,0,2,2
19,-2068.322,5536.205,47.184,-68.001,0.374363,0.927121,0.017289,-0.927151,0.374558,-0.009821,-0.015581,-0.012353,0.999802,0,0.86850,0.06220,52.110,0.124,-1,375.000,-1,375.000,-1,300.000,325.000,300.000,300.000,-1,850.000,725.000,-1,675.000,675.000,-1,-1,2,0,2,0,2,0,0,0,0,2,0,0,2,0,0,2,2
20,-2048.494,5487.342,46.310,-67.913,0.375828,0.926554,0.015837,-0.926588,0.375984,-0.008355,-0.013696,-0.011535,0.999840,0,0.87888,0.04397,52.733,0.088,-1,375.000,-1,375.000,-1,325.000,325.000,300.000,275.000,-1,800.000,700.000,-1,675.000,650.000,-1,-1,2,0,2,0,2,0,0,0,0,2,0,0,2,0,0,2,2
21,-2028.379,5437.896,45.424,-67.863,0.376687,0.926230,0.014324,-0.926266,0.376808,-0.006869,-0.011760,-0.010680,0.999874,0,0.88967,0.02536,53.380,0.051,-1,375.000,-1,375.000,-1,325.000,300.000,300.000,275.000,-1,775.000,675.000,-1,675.000,650.000,-1,-1,2,0,2,0,2,0,0,0,0,2,0,0,2,0,0,2,2
22,-2007.999,5387.832,44.541,-67.850,0.376930,0.926155,0.012664,-0.926191,0.377018,-0.005334,-0.009715,-0.009719,0.999906,0,0.90089,0.00637,54.053,0.013,-1,375.000,-1,375.000,-1,300.000,300.000,300.000,275.000,-1,750.000,625.000,-1,675.000,650.000,-1,-1,2,0,2,0,2,0,0,0,0,2,0,0,2,0,0,2,2
23,-1989.589,5342.150,43.915,-68.050,0.373717,0.927473,0.011386,-0.927508,0.373781,-0.004001,-0.007967,-0.009065,0.999927,0,0.82089,-0.10012,49.253,-0.200,-1,375.000,-1,375.000,-1,300.000,300.000,300.000,275.000,-1,725.000,625.000,-1,675.000,650.000,-1,-1,2,0,2,0,2,0,0,0,0,2,0,0,2,0,0,2,2
24,-1973.125,5300.858,43.515,-68.262,0.370308,0.928847,0.010721,-0.928888,0.370353,-0.002475,-0.006269,-0.009042,0.999939,0,0.74089,-0.10580,44.453,-0.212,-1,375.000,-1,375.000,-1,300.000,300.000,300.000,300.000,-1,700.000,600.000,-1,675.000,650.000,-1,-1,2,0,2,0,2,0,0,0,0,2,0,0,2,0,0,2,2
25,-1957.383,5260.948,43.375,-68.473,0.366897,0.930201,0.010629,-0.930254,0.366917,0.000005,-0.003896,-0.009890,0.999944,0,0.71503,-0.10580,42.902,-0.212,-1,375.000,-1,375.000,-1,300.000,300.000,300.000,300.000,-1,625.000,575.000,-1,675.000,650.000,-1,-1,2,0,2,0,2,0,0,0,0,2,0,0,2,0,0,2,2
26,-1941.788,5220.981,43.345,-68.685,0.363478,0.931538,0.011001,-0.931601,0.363475,0.002333,-0.001825,-0.011096,0.999937,0,0.71503,-0.10580,42.902,-0.212,-1,375.000,-1,375.000,-1,300.000,300.000,300.000,300.000,-1,575.000,575.000,-1,675.000,675.000,-1,-1,2,0,2,0,2,0,0,0,0,2,0,0,2,0,0,2,2
27,-1926.341,5180.957,43.400,-68.896,0.360055,0.932858,0.011716,-0.932931,0.360026,0.004542,0.000019,-0.012565,0.999921,0,0.71503,-0.10580,42.902,-0.212,-1,375.000,-1,375.000,-1,300.000,300.000,300.000,300.000,-1,525.000,575.000,-1,675.000,675.000,-1,-1,2,0,2,0,2,0,0,0,0,2,0,0,2,0,0,2,2
28,-1911.041,5140.876,43.611,-69.108,0.356623,0.934171,0.012031,-0.934247,0.356574,0.006069,0.001380,-0.013404,0.999909,0,0.71503,-0.10580,42.902,-0.212,-1,375.000,-1,375.000,-1,300.000,300.000,300.000,300.000,-1,525.000,575.000,-1,675.000,675.000,-1,-1,2,0,2,0,2,0,0,0,0,2,0,0,2,0,0,2,2
29,-1895.891,5100.738,44.001,-69.320,0.353193,0.935480,0.011481,-0.935545,0.353122,0.007840,0.003280,-0.013510,0.999903,0,0.71503,-0.10580,42.902,-0.212,-1,375.000,-1,375.000,-1,300.000,300.000,300.000,300.000,-1,525.000,550.000,-1,675.000,675.000,-1,-1,2,0,2,0,2,0,0,0,0,2,0,0,2,0,0,2,2
30,-1880.888,5060.545,44.478,-69.531,0.349759,0.936781,0.010520,-0.936824,0.349665,0.009743,0.005449,-0.013263,0.999897,0,0.71503,-0.10580,42.902,-0.212,-1,375.000,-1,375.000,-1,300.000,300.000,300.000,300.000,-1,500.000,550.000,-1,675.000,675.000,-1,-1,2,0,2,0,2,0,0,0,0,2,0,0,2,0,0,2,2
31,-1866.034,5020.297,44.954,-69.743,0.346317,0.938069,0.009583,-0.938087,0.346205,0.011639,0.007600,-0.013020,0.999886,0,0.71503,-0.10580,42.902,-0.212,-1,375.000,-1,375.000,-1,325.000,300.000,300.000,300.000,-1,500.000,525.000,-1,700.000,675.000,-1,-1,2,0,2,0,2,0,0,0,0,2,0,0,2,0,0,2,2
32,-1851.324,4979.983,45.431,-69.953,0.342886,0.939337,0.008670,-0.939327,0.342758,0.013527,0.009735,-0.012782,0.999871,0,0.71522,-0.10523,42.913,-0.210,-1,375.000,-1,375.000,-1,325.000,325.000,300.000,300.000,-1,475.000,525.000,-1,700.000,700.000,-1,-1,2,0,2,0,2,0,0,0,0,2,0,0,2,0,0,2,2
33,-1836.743,4939.574,45.908,-70.159,0.339533,0.940562,0.007779,-0.940519,0.339390,0.015410,0.011853,-0.012549,0.999851,0,0.71599,-0.10266,42.960,-0.205,-1,375.000,-1,375.000,-1,325.000,325.000,300.000,300.000,-1,475.000,500.000,-1,700.000,700.000,-1,-1,2,0,2,0,2,0,0,0,0,2,0,0,2,0,0,2,2
34,-1822.290,4899.077,46.385,-70.359,0.336256,0.941745,0.006911,-0.941667,0.336101,0.017286,0.013956,-0.012320,0.999827,0,0.71664,-0.10014,42.998,-0.200,-1,375.000,-1,375.000,-1,325.000,325.000,300.000,300.000,-1,475.000,500.000,-1,700.000,700.000,-1,-1,2,0,2,0,2,0,0,0,0,2,0,0,2,0,0,2,2
35,-1807.965,4858.502,46.862,-70.554,0.333050,0.942890,0.006063,-0.942773,0.332886,0.019154,0.016042,-0.012096,0.999798,0,0.71716,-0.09778,43.030,-0.196,-1,375.000,-1,375.000,-1,325.000,325.000,300.000,300.000,-1,475.000,475.000,-1,725.000,700.000,-1,-1,2,0,2,0,2,0,0,0,0,2,0,0,2,0,0,2,2
36,-1792.007,4813.412,47.386,-70.510,0.333790,0.942634,0.005085,-0.942470,0.333618,0.021197,0.018284,-0.011868,0.999762,0,0.79716,0.02222,47.830,0.044,-1,375.000,-1,375.000,-1,325.000,325.000,300.000,300.000,-1,450.000,450.000,-1,725.000,725.000,-1,-1,2,0,2,0,2,0,0,0,0,2,0,0,2,0,0,2,2
37,-1775.051,4766.247,47.968,-70.226,0.338468,0.940970,0.003885,-0.940756,0.338295,0.023098,0.020421,-0.011473,0.999726,0,0.83534,0.14222,50.120,0.284,-1,400.000,-1,375.000,-1,325.000,325.000,300.000,300.000,-1,425.000,425.000,-1,725.000,725.000,-1,-1,2,0,2,0,2,0,0,0,0,2,0,0,2,0,0,2,2
38,-1757.656,4719.221,48.554,-69.701,0.347061,0.937839,0.002555,-0.937574,0.346896,0.024856,0.022425,-0.011022,0.999688,0,0.83566,0.26222,50.140,0.524,-1,400.000,-1,400.000,-1,325.000,325.000,300.000,300.000,-1,400.000,400.000,-1,750.000,725.000,-1,-1,2,0,2,0,2,0,0,0,0,2,0,0,2,0,0,2,2
39,-1739.630,4672.416,49.435,-68.937,0.359557,0.933120,0.002521,-0.932829,0.359374,0.026077,0.023427,-0.011728,0.999657,0,0.83595,0.38222,50.157,0.764,-1,400.000,-1,400.000,-1,325.000,325.000,300.000,300.000,-1,400.000,400.000,-1,750.000,725.000,-1,-1,2,0,2,0,2,0,0,0,0,2,0,0,2,0,0,2,2
40,-1720.899,4625.869,50.480,-68.080,0.373494,0.927627,0.003103,-0.927318,0.373279,0.027270,0.024138,-0.013063,0.999623,0,0.83624,0.42832,50.174,0.857,-1,400.000,-1,400.000,-1,325.000,325.000,300.000,300.000,-1,425.000,425.000,-1,750.000,750.000,-1,-1,2,0,2,0,2,0,0,0,0,2,0,0,2,0,0,2,2
41,-1701.465,4579.594,51.540,-67.219,0.387415,0.921898,0.003671,-0.921569,0.387163,0.028543,0.024892,-0.014441,0.999586,0,0.83650,0.43034,50.190,0.861,-1,400.000,-1,400.000,-1,325.000,325.000,300.000,300.000,-1,425.000,450.000,-1,750.000,750.000,-1,-1,2,0,2,0,2,0,0,0,0,2,0,0,2,0,0,2,2
42,-1681.330,4533.605,52.585,-66.355,0.401310,0.915933,0.004158,-0.915584,0.401022,0.029776,0.025606,-0.015756,0.999548,0,0.83672,0.43230,50.203,0.865,-1,400.000,-1,400.000,-1,325.000,325.000,300.000,300.000,-1,450.000,475.000,-1,750.000,775.000,-1,-1,2,0,2,0,2,0,0,0,0,2,0,0,2,0,0,2,2
43,-1660.496,4487.917,53.795,-65.486,0.415153,0.909742,0.004142,-0.909389,0.414854,0.030135,0.025697,-0.016277,0.999537,0,0.83690,0.43418,50.214,0.868,-1,400.000,-1,400.000,-1,325.000,325.000,300.000,300.000,-1,500.000,525.000,-1,750.000,775.000,-1,-1,2,0,2,0,2,0,0,0,0,2,0,0,2,0,0,2,2
44,-1638.965,4442.544,55.081,-64.614,0.428945,0.903322,0.003865,-0.902972,0.428651,0.030010,0.025452,-0.016363,0.999542,0,0.83704,0.43600,50.223,0.872,-1,400.000,-1,400.000,-1,325.000,325.000,300.000,300.000,-1,550.000,575.000,-1,750.000,775.000,-1,-1,2,0,2,0,2,0,0,0,0,2,0,0,2,0,0,2,2
45,-1619.040,4401.725,56.254,-63.982,0.438876,0.898541,0.003472,-0.898190,0.438589,0.029903,0.025347,-0.016242,0.999547,0,0.75704,0.31600,45.423,0.632,-1,400.000,-1,400.000,-1,325.000,325.000,300.000,300.000,-1,600.000,625.000,-1,750.000,775.000,-1,-1,2,0,2,0,2,0,0,0,0,2,0,0,2,0,0,2,2
46,-1599.425,4362.226,57.380,-63.590,0.445006,0.895522,0.003095,-0.895170,0.444728,0.029782,0.025294,-0.016024,0.999552,0,0.73502,0.19600,44.101,0.392,-1,400.000,-1,400.000,-1,325.000,325.000,300.000,300.000,-1,650.000,675.000,-1,775.000,775.000,-1,-1,2,0,2,0,2,0,0,0,0,2,0,0,2,0,0,2,2
47,-1579.709,4322.788,58.498,-63.438,0.447372,0.894344,0.002734,-0.893990,0.447105,0.029654,0.025298,-0.015710,0.999556,0,0.73487,0.07600,44.092,0.152,-1,400.000,-1,400.000,-1,325.000,325.000,300.000,300.000,-1,675.000,700.000,-1,775.000,800.000,-1,-1,2,0,2,0,2,0,0,0,0,2,0,0,2,0,0,2,2
48,-1560.062,4283.336,59.629,-63.526,0.445992,0.895034,0.002434,-0.894676,0.445733,0.029618,0.025424,-0.015387,0.999558,0,0.73455,-0.04400,44.073,-0.088,-1,400.000,-1,400.000,-1,325.000,325.000,300.000,300.000,-1,725.000,750.000,-1,775.000,800.000,-1,-1,2,0,2,0,2,0,0,0,0,2,0,0,2,0,0,2,2
49,-1540.633,4243.810,60.799,-63.824,0.441341,0.897337,0.002250,-0.896970,0.441086,0.029783,0.025733,-0.015162,0.999554,0,0.73405,-0.14859,44.043,-0.297,-1,400.000,-1,400.000,-1,325.000,325.000,300.000,300.000,-1,750.000,775.000,-1,775.000,800.000,-1,-1,2,0,2,0,2,0,0,0,0,2,0,0,2,0,0,2,2
50,-1521.425,4204.220,61.954,-64.119,0.436705,0.899602,0.002086,-0.899228,0.436454,0.029938,0.026022,-0.014950,0.999550,0,0.73339,-0.14773,44.004,-0.295,-1,400.000,-1,400.000,-1,325.000,325.000,300.000,300.000,-1,800.000,825.000,-1,775.000,800.000,-1,-1,2,0,2,0,2,0,0,0,0,2,0,0,2,0,0,2,2
51,-1502.439,4164.570,63.095,-64.413,0.432079,0.901834,0.001942,-0.901452,0.431832,0.030082,0.026291,-0.014749,0.999546,0,0.73268,-0.14707,43.961,-0.294,-1,400.000,-1,400.000,-1,325.000,325.000,300.000,300.000,-1,825.000,850.000,-1,800.000,800.000,-1,-1,2,0,2,0,2,0,0,0,0,2,0,0,2,0,0,2,2
52,-1483.676,4124.865,64.221,-64.706,0.427457,0.904034,0.001819,-0.903646,0.427212,0.030217,0.026540,-0.014560,0.999542,0,0.73193,-0.14660,43.916,-0.293,-1,400.000,-1,400.000,-1,325.000,325.000,300.000,300.000,-1,875.000,900.000,-1,800.000,825.000,-1,-1,2,0,2,0,2,0,0,0,0,2,0,0,2,0,0,2,2
53,-1465.136,4085.107,65.334,-64.999,0.422832,0.906207,0.001715,-0.905813,0.422591,0.030341,0.026770,-0.014382,0.999538,0,0.73114,-0.14632,43.869,-0.293,-1,400.000,-1,400.000,-1,325.000,325.000,300.000,300.000,-1,900.000,925.000,-1,800.000,825.000,-1,-1,2,0,2,0,2,0,0,0,0,2,0,0,2,0,0,2,2
54,-1446.818,4045.298,66.482,-65.291,0.418203,0.908352,0.001857,-0.907957,0.417959,0.030398,0.026836,-0.014399,0.999536,0,0.73035,-0.14623,43.821,-0.292,-1,400.000,-1,400.000,-1,325.000,325.000,300.000,300.000,-1,950.000,975.000,-1,800.000,825.000,-1,-1,2,0,2,0,2,0,0,0,0,2,0,0,2,0,0,2,2
55,-1428.724,4005.439,67.631,-65.584,0.413561,0.910474,0.002081,-0.910080,0.413313,0.030427,0.026843,-0.014478,0.999535,0,0.72956,-0.14634,43.773,-0.293,-1,400.000,-1,400.000,-1,325.000,325.000,300.000,300.000,-1,1000.000,1000.000,-1,825.000,825.000,-1,-1,2,0,2,0,2,0,0,0,0,2,0,0,2,0,0,2,2
56,-1410.854,3965.531,68.596,-65.877,0.408883,0.912585,0.001953,-0.912207,0.408650,0.029719,0.026322,-0.013933,0.999556,0,0.72878,-0.14664,43.727,-0.293,-1,400.000,-1,400.000,-1,325.000,325.000,300.000,300.000,-1,-1,-1,-1,825.000,825.000,-1,-1,2,0,2,0,2,0,0,0,0,2,2,2,2,0,0,2,2
57,-1393.206,3925.572,69.550,-66.172,0.404179,0.914678,0.001840,-0.914316,0.403961,0.029002,0.025784,-0.013404,0.999578,0,0.72803,-0.14714,43.682,-0.294,-1,400.000,-1,400.000,-1,325.000,325.000,300.000,300.000,-1,-1,-1,-1,825.000,850.000,-1,-1,2,0,2,0,2,0,0,0,0,2,2,2,2,0,0,2,2
58,-1375.782,3885.562,70.495,-66.467,0.399443,0.916756,0.001746,-0.916411,0.399239,0.028289,0.025237,-0.012899,0.999598,0,0.72732,-0.14782,43.639,-0.296,-1,400.000,-1,400.000,-1,325.000,325.000,300.000,300.000,-1,-1,-1,-1,825.000,850.000,-1,-1,2,0,2,0,2,0,0,0,0,2,2,2,2,0,0,2,2
59,-1358.582,3845.498,71.447,-66.765,0.394668,0.918822,0.001627,-0.918493,0.394478,0.027522,0.024646,-0.012356,0.999620,0,0.72667,-0.14869,43.600,-0.297,-1,400.000,-1,400.000,-1,325.000,325.000,300.000,300.000,-1,-1,-1,-1,825.000,850.000,-1,-1,2,0,2,0,2,0,0,0,0,2,2,2,2,0,0,2,2
60,-1341.604,3805.377,72.426,-67.064,0.389845,0.920879,0.001382,-0.920566,0.389673,0.026718,0.024065,-0.011688,0.999642,0,0.72609,-0.14975,43.566,-0.299,-1,400.000,-1,400.000,-1,325.000,325.000,300.000,300.000,-1,-1,-1,-1,825.000,850.000,-1,-1,2,0,2,0,2,0,0,0,0,2,2,2,2,0,0,2,2
61,-1324.850,3765.195,73.292,-67.366,0.384982,0.922923,0.001681,-0.922634,0.384815,0.025784,0.023150,-0.011478,0.999666,0,0.72559,-0.15099,43.535,-0.302,-1,400.000,-1,400.000,-1,325.000,325.000,300.000,300.000,-1,-1,-1,-1,825.000,850.000,-1,-1,2,0,2,0,2,0,0,0,0,2,2,2,2,0,0,2,2
62,-1308.319,3724.946,74.139,-67.671,0.380063,0.924958,0.002047,-0.924694,0.379899,0.024850,0.022207,-0.011337,0.999689,0,0.72518,-0.15242,43.511,-0.305,-1,400.000,-1,400.000,-1,325.000,325.000,300.000,300.000,-1,-1,-1,-1,825.000,850.000,-1,-1,2,0,2,0,2,0,0,0,0,2,2,2,2,0,0,2,2
63,-1292.012,3684.627,74.979,-67.979,0.375082,0.926989,0.002440,-0.926748,0.374921,0.023925,0.021263,-0.011235,0.999711,0,0.72487,-0.15402,43.492,-0.308,-1,400.000,-1,400.000,-1,325.000,325.000,300.000,300.000,-1,-1,-1,-1,825.000,850.000,-1,-1,2,0,2,0,2,0,0,0,0,2,2,2,2,0,0,2,2
64,-1275.929,3644.230,75.872,-68.291,0.370036,0.929012,0.003127,-0.928799,0.369874,0.022927,0.020143,-0.011388,0.999732,0,0.72468,-0.15581,43.481,-0.312,-1,400.000,-1,400.000,-1,325.000,325.000,300.000,300.000,-1,-1,-1,-1,800.000,850.000,-1,-1,2,0,2,0,2,0,0,0,0,2,2,2,2,0,0,2,2
65,-1259.500,3602.168,76.786,-68.666,0.363946,0.931412,0.003834,-0.931226,0.363783,0.021907,0.019010,-0.011543,0.999753,0,0.75261,-0.18756,45.156,-0.375,-1,400.000,-1,400.000,-1,325.000,325.000,300.000,300.000,-1,-1,-1,-1,800.000,825.000,-1,-1,2,0,2,0,2,0,0,0,0,2,2,2,2,0,0,2,2
66,-1243.229,3559.684,77.693,-69.044,0.357796,0.933789,0.004538,-0.933628,0.357633,0.020895,0.017888,-0.011713,0.999771,0,0.75823,-0.18888,45.494,-0.378,-1,400.000,-1,400.000,-1,325.000,325.000,300.000,300.000,-1,-1,-1,-1,800.000,825.000,-1,-1,2,0,2,0,2,0,0,0,0,2,2,2,2,0,0,2,2
67,-1227.121,3516.774,78.593,-69.424,0.351587,0.936140,0.005239,-0.936005,0.351425,0.019891,0.016779,-0.011897,0.999788,0,0.76390,-0.19020,45.834,-0.380,-1,400.000,-1,400.000,-1,325.000,325.000,300.000,300.000,-1,-1,-1,-1,800.000,825.000,-1,-1,2,0,2,0,2,0,0,0,0,2,2,2,2,0,0,2,2
68,-1211.181,3473.435,79.486,-69.807,0.345319,0.938467,0.005937,-0.938354,0.345158,0.018894,0.015682,-0.012096,0.999804,0,0.76962,-0.19152,46.177,-0.383,-1,400.000,-1,400.000,-1,325.000,325.000,300.000,300.000,-1,-1,-1,-1,800.000,825.000,-1,-1,2,0,2,0,2,0,0,0,0,2,2,2,2,0,0,2,2
69,-1195.416,3429.664,80.373,-70.193,0.338991,0.940766,0.006633,-0.940676,0.338832,0.017906,0.014598,-0.012310,0.999818,0,0.77539,-0.19284,46.523,-0.386,-1,400.000,-1,400.000,-1,325.000,325.000,300.000,300.000,-1,-1,-1,-1,800.000,825.000,-1,-1,2,0,2,0,2,0,0,0,0,2,2,2,2,0,1,2,2
70,-1178.553,3381.190,81.314,-70.818,0.328693,0.944409,0.007285,-0.944340,0.328539,0.016862,0.013531,-0.012421,0.999831,0,0.85539,-0.31284,51.323,-0.626,-1,400.000,-1,400.000,-1,325.000,325.000,300.000,300.000,-1,-1,-1,-1,800.000,800.000,-1,-1,2,0,2,0,2,0,0,0,0,2,2,2,2,0,1,2,2
71,-1160.969,3328.070,82.097,-71.684,0.314374,0.949273,0.007032,-0.949212,0.314236,0.015903,0.012886,-0.011674,0.999849,0,0.93258,-0.43284,55.955,-0.866,-1,400.000,-1,400.000,1000.000,325.000,325.000,300.000,300.000,-1,-1,-1,-1,800.000,750.000,-1,950.000,2,0,2,0,1,0,0,0,0,2,2,2,2,0,1,2,1
72,-1144.287,3274.212,82.720,-72.790,0.295975,0.955175,0.006329,-0.955123,0.295864,0.014296,0.011783,-0.010276,0.999878,0,0.93970,-0.55284,56.382,-1.106,-1,400.000,-1,400.000,950.000,325.000,325.000,300.000,300.000,-1,-1,-1,-1,800.000,725.000,-1,900.000,2,0,2,0,1,0,0,0,0,2,2,2,2,0,1,2,1
73,-1128.538,3219.620,83.360,-73.908,0.277259,0.960779,0.005556,-0.960736,0.277173,0.012691,0.010653,-0.008857,0.999904,0,0.94698,-0.55903,56.819,-1.118,-1,400.000,-1,400.000,875.000,325.000,325.000,300.000,300.000,-1,-1,-1,-1,775.000,675.000,-1,850.000,2,0,2,0,1,0,0,0,0,2,2,2,2,0,1,2,1
74,-1113.743,3164.302,83.807,-75.027,0.258435,0.966013,0.005449,-0.965979,0.258360,0.011634,0.009831,-0.008271,0.999917,0,0.95437,-0.55947,57.262,-1.119,-1,400.000,-1,400.000,825.000,325.000,325.000,300.000,300.000,-1,-1,-1,-1,775.000,650.000,-1,775.000,2,0,2,0,1,0,0,0,0,2,2,2,2,1,1,2,1
75,-1099.924,3108.269,84.209,-76.146,0.239505,0.970879,0.005567,-0.970855,0.239438,0.010503,0.008864,-0.007920,0.999929,0,0.96186,-0.55972,57.711,-1.119,-1,400.000,-1,400.000,775.000,325.000,325.000,300.000,300.000,-1,-1,-1,-1,725.000,600.000,-1,725.000,2,0,2,0,1,0,0,0,0,2,2,2,2,1,1,2,1
76,-1087.103,3051.534,84.616,-77.266,0.220482,0.975375,0.005656,-0.975359,0.220424,0.009401,0.007923,-0.007589,0.999940,0,0.96944,-0.55976,58.166,-1.120,-1,400.000,-1,400.000,700.000,325.000,325.000,300.000,300.000,-1,-1,-1,-1,700.000,575.000,-1,675.000,2,0,2,0,1,0,0,0,0,2,2,2,2,1,1,2,1
77,-1075.299,2994.107,85.030,-78.385,0.201382,0.979496,0.005718,-0.979488,0.201332,0.008325,0.007003,-0.007277,0.999949,0,0.97711,-0.55958,58.627,-1.119,-1,400.000,-1,400.000,650.000,325.000,325.000,300.000,300.000,-1,-1,-1,-1,650.000,550.000,-1,625.000,2,0,2,1,1,0,0,0,0,2,2,2,2,1,1,2,1
78,-1064.533,2936.004,85.449,-79.503,0.182220,0.983241,0.005755,-0.983239,0.182177,0.007271,0.006100,-0.006983,0.999957,0,0.98488,-0.55917,59.093,-1.118,-1,400.000,925.000,375.000,600.000,325.000,325.000,300.000,300.000,-1,-1,-1,-1,625.000,500.000,-1,550.000,2,0,1,1,1,0,0,0,0,2,2,2,2,1,1,2,1
79,-1054.826,2877.236,85.874,-80.620,0.163010,0.986608,0.005767,-0.986611,0.162974,0.006235,0.005212,-0.006706,0.999964,0,0.99273,-0.55852,59.564,-1.117,-1,375.000,825.000,350.000,550.000,325.000,300.000,300.000,300.000,-1,-1,-1,-1,575.000,475.000,-1,500.000,2,1,1,1,1,1,1,0,0,2,2,2,2,1,1,2,1
80,-1046.201,2817.859,86.304,-81.735,0.143770,0.989594,0.005754,-0.989602,0.143741,0.005215,0.004334,-0.006444,0.999970,0,1.00000,-0.55761,60.000,-1.115,-1,350.000,725.000,325.000,475.000,300.000,275.000,300.000,300.000,-1,-1,-1,-1,525.000,425.000,-1,450.000,2,1,1,1,1,1,1,0,0,2,2,2,2,1,1,2,1
81,-1038.731,2758.326,86.736,-82.848,0.124518,0.992201,0.005716,-0.992211,0.124495,0.004214,0.003469,-0.006196,0.999975,0,1.00000,-0.55642,60.000,-1.113,-1,325.000,650.000,300.000,425.000,275.000,250.000,300.000,300.000,-1,-1,-1,-1,475.000,375.000,-1,375.000,2,1,1,1,1,1,1,0,0,2,2,2,2,1,1,2,1
82,-1032.416,2698.660,87.169,-83.958,0.105270,0.994428,0.005652,-0.994440,0.105253,0.003227,0.002614,-0.005961,0.999979,0,1.00000,-0.55492,60.000,-1.110,-1,300.000,550.000,250.000,350.000,250.000,225.000,300.000,300.000,-1,-1,-1,-1,450.000,350.000,-1,325.000,2,1,1,1,1,1,1,0,0,2,2,2,2,1,1,2,1
83,-1027.254,2638.882,87.672,-85.064,0.086051,0.996274,0.005772,-0.996288,0.086036,0.002839,0.002332,-0.005995,0.999979,0,1.00000,-0.55308,60.000,-1.106,-1,275.000,475.000,225.000,300.000,225.000,200.000,300.000,300.000,-1,-1,-1,-1,400.000,325.000,-1,275.000,2,1,1,1,1,1,1,0,0,2,2,2,2,1,1,2,1
84,-1023.241,2579.016,92.959,-86.166,0.067149,0.997627,0.015244,-0.997582,0.066856,0.018983,0.017919,-0.016482,0.999704,0,1.00000,-0.55088,60.000,-1.102,-1,250.000,475.000,225.000,325.000,200.000,200.000,300.000,350.000,-1,-1,-1,-1,400.000,325.000,-1,275.000,2,1,1,1,1,1,1,0,0,2,2,2,2,1,1,2,1
85,-1020.376,2519.083,100.081,-87.263,0.048491,0.998671,0.017447,-0.998031,0.047750,0.040677,0.039790,-0.019385,0.999020,0,1.00000,-0.54826,60.000,-1.097,-1,275.000,500.000,225.000,350.000,225.000,200.000,325.000,375.000,-1,325.000,375.000,-1,425.000,325.000,-1,300.000,2,1,1,1,1,1,1,0,0,2,0,0,2,1,1,2,1
86,7543.840,1639.595,327.494,-107.979,-0.250109,0.889880,0.381523,-0.956255,-0.288784,0.046693,0.151729,-0.353155,0.923179,1,0.00000,0.00000,60.000,-1.090,-1,925.000,-1,350.000,125.000,550.000,375.000,175.000,175.000,100.000,100.000,350.000,-1,-1,-1,-1,175.000,2,1,2,1,1,1,1,0,1,0,0,0,2,2,2,2,1
87,2956.478,-8855.496,13.036,-4.966,0.996180,0.086523,0.011806,-0.086116,0.995789,-0.031434,-0.014476,0.030297,0.999436,1,0.08000,0.12000,4.800,0.240,-1,400.000,-1,400.000,-1,325.000,325.000,300.000,300.000,-1,-1,-1,-1,775.000,825.000,-1,-1,2,0,2,0,2,0,0,0,0,2,2,2,2,0,0,2,2
88,2966.048,-8856.246,12.906,-4.486,0.996866,0.078177,0.012082,-0.077762,0.996470,-0.031617,-0.014511,0.030578,0.999427,0,0.16000,0.24000,9.600,0.480,-1,400.000,-1,400.000,-1,325.000,325.000,300.000,300.000,-1,-1,-1,-1,775.000,825.000,-1,-1,2,0,2,0,2,0,0,0,0,2,2,2,2,0,0,2,2
89,2980.417,-8857.192,12.716,-3.766,0.997765,0.065648,0.012490,-0.065222,0.997361,-0.031888,-0.014551,0.031002,0.999413,0,0.24000,0.36000,14.400,0.720,-1,400.000,-1,400.000,-1,325.000,325.000,300.000,300.000,-1,-1,-1,-1,775.000,825.000,-1,-1,2,0,2,0,2,0,0,0,0,2,2,2,2,0,0,2,2
90,2999.594,-8858.132,12.471,-2.806,0.998717,0.048928,0.013026,-0.048487,0.998303,-0.032244,-0.014582,0.031571,0.999395,0,0.32000,0.48000,19.200,0.960,-1,400.000,-1,400.000,-1,325.000,325.000,300.000,300.000,-1,-1,-1,-1,775.000,825.000,-1,-1,2,0,2,0,2,0,0,0,0,2,2,2,2,0,0,2,2
91,3023.584,-8858.804,12.181,-1.606,0.999514,0.028009,0.013682,-0.027550,0.999086,-0.032677,-0.014585,0.032284,0.999372,0,0.40000,0.60000,24.000,1.200,-1,400.000,-1,400.000,-1,325.000,325.000,300.000,300.000,-1,-1,-1,-1,775.000,800.000,-1,-1,2,0,2,0,2,0,0,0,0,2,2,2,2,0,0,2,2
92,3052.384,-8859.001,11.849,-0.393,0.999872,0.006850,0.014451,-0.006367,0.999429,-0.033196,-0.014670,0.033099,0.999344,0,0.48000,0.60658,28.800,1.213,-1,400.000,-1,400.000,-1,325.000,325.000,300.000,300.000,-1,-1,-1,-1,750.000,800.000,-1,-1,2,0,2,0,2,0,0,0,0,2,2,2,2,0,0,2,2
93,3085.980,-8858.520,11.483,0.820,0.999780,-0.014299,0.015326,0.014811,0.999319,-0.033797,-0.014833,0.034017,0.999311,0,0.56000,0.60624,33.600,1.212,-1,400.000,-1,400.000,-1,325.000,325.000,300.000,300.000,-1,-1,-1,-1,750.000,800.000,-1,-1,2,0,2,0,2,0,0,0,0,2,2,2,2,0,0,2,2
94,3124.356,-8857.158,11.091,2.031,0.999239,-0.035426,0.016305,0.035972,0.998758,-0.034476,-0.015063,0.035036,0.999273,0,0.64000,0.60584,38.400,1.212,-1,400.000,-1,400.000,-1,325.000,325.000,300.000,300.000,-1,-1,-1,-1,750.000,800.000,-1,-1,2,0,2,0,2,0,0,0,0,2,2,2,2,0,0,2,2
95,3167.486,-8854.715,10.685,3.242,0.998250,-0.056519,0.017380,0.057103,0.997747,-0.035225,-0.015349,0.036156,0.999228,0,0.72000,0.60534,43.200,1.211,-1,400.000,-1,400.000,-1,325.000,325.000,300.000,300.000,-1,-1,-1,-1,750.000,775.000,-1,-1,2,0,2,0,2,0,0,0,0,2,2,2,2,0,0,2,2
96,3215.342,-8850.989,10.275,4.452,0.996815,-0.077562,0.018545,0.078191,0.996287,-0.036038,-0.015681,0.037373,0.999178,0,0.80000,0.60471,48.000,1.209,-1,400.000,-1,400.000,-1,325.000,325.000,300.000,300.000,-1,-1,-1,-1,750.000,775.000,-1,-1,2,0,2,0,2,0,0,0,0,2,2,2,2,0,0,2,2
97,3267.884,-8845.781,9.784,5.659,0.994942,-0.098539,0.019505,0.099213,0.994368,-0.037268,-0.015722,0.039015,0.999115,0,0.88000,0.60391,52.800,1.208,-1,375.000,-1,400.000,-1,325.000,325.000,300.000,300.000,-1,-1,-1,-1,750.000,775.000,-1,-1,2,0,2,0,2,0,0,0,0,2,2,2,2,0,0,2,2
98,3322.144,-8839.248,9.130,6.865,0.992649,-0.119433,0.019575,0.120119,0.992006,-0.038685,-0.014798,0.040752,0.999060,0,0.91088,0.60289,54.653,1.206,-1,400.000,-1,400.000,-1,325.000,325.000,300.000,300.000,-1,-1,-1,-1,750.000,750.000,-1,-1,2,0,2,0,2,0,0,0,0,2,2,2,2,0,0,2,2
99,3376.138,-8831.593,8.353,8.068,0.989928,-0.140234,0.019395,0.140909,0.989236,-0.039466,-0.013652,0.041801,0.999033,0,0.90889,0.60167,54.533,1.203,-1,400.000,-1,400.000,-1,325.000,325.000,300.000,300.000,-1,-1,-1,-1,725.000,750.000,-1,-1,2,0,2,0,2,0,0,0,0,2,2,2,2,0,0,2,2
100,3431.655,-8822.290,7.615,9.512,0.986090,-0.165099,0.019226,0.165759,0.985342,-0.040312,-0.012289,0.042938,0.999002,0,0.93820,0.72167,56.292,1.443,-1,400.000,-1,400.000,-1,325.000,325.000,300.000,300.000,-1,-1,-1,-1,725.000,750.000,-1,-1,2,0,2,0,2,0,0,0,0,2,2,2,2,0,0,2,2
101,3486.790,-8811.377,6.951,11.195,0.980823,-0.193962,0.019085,0.194604,0.980016,-0.041200,-0.010712,0.044124,0.998969,0,0.93675,0.84167,56.205,1.683,-1,400.000,-1,400.000,-1,325.000,325.000,300.000,300.000,-1,-1,-1,-1,725.000,725.000,-1,-1,2,0,2,0,2,0,0,0,0,2,2,2,2,0,0,2,2
102,3541.475,-8798.632,6.374,13.118,0.973772,-0.226732,0.018987,0.227351,0.972901,-0.042135,-0.008919,0.045347,0.998931,0,0.93585,0.96167,56.151,1.923,-1,400.000,-1,400.000,-1,325.000,325.000,300.000,300.000,-1,-1,-1,-1,725.000,725.000,-1,-1,2,0,2,0,2,0,0,0,0,2,2,2,2,0,0,2,2
103,3595.660,-8783.992,5.887,15.118,0.965279,-0.260533,0.018953,0.261127,0.964342,-0.043106,-0.007047,0.046558,0.998891,0,0.93547,1.00000,56.128,2.000,-1,400.000,-1,400.000,-1,325.000,325.000,300.000,300.000,-1,-1,-1,-1,725.000,725.000,-1,-1,2,0,2,0,2,0,0,0,0,2,2,2,2,0,0,2,2
104,3649.291,-8767.473,5.494,17.118,0.955613,-0.294013,0.018997,0.294581,0.954609,-0.044095,-0.005170,0.047734,0.998847,0,0.93529,1.00000,56.118,2.000,-1,400.000,-1,400.000,-1,325.000,325.000,300.000,300.000,-1,-1,-1,-1,725.000,725.000,-1,-1,2,0,2,0,2,0,0,0,0,2,2,2,2,0,0,2,2
105,3702.306,-8749.095,5.199,19.118,0.944785,-0.327131,0.019131,0.327674,0.943714,-0.045089,-0.003304,0.048868,0.998800,0,0.93517,1.00000,56.110,2.000,-1,400.000,-1,375.000,-1,325.000,325.000,300.000,300.000,-1,-1,-1,-1,725.000,700.000,-1,-1,2,0,2,0,2,0,0,0,0,2,2,2,2,0,0,2,2
106,3754.642,-8728.880,5.045,21.118,0.932812,-0.359851,0.019208,0.360360,0.931679,-0.045979,-0.001350,0.049811,0.998758,0,0.93510,1.00000,56.106,2.000,-1,375.000,-1,375.000,-1,325.000,325.000,300.000,300.000,-1,-1,-1,-1,725.000,700.000,-1,-1,2,0,2,0,2,0,0,0,0,2,2,2,2,0,0,2,2
107,3806.241,-8706.850,5.057,23.118,0.919709,-0.392133,0.019139,0.392599,0.918522,-0.046713,0.000738,0.050476,0.998725,0,0.93508,1.00000,56.105,2.000,-1,375.000,-1,375.000,-1,325.000,325.000,300.000,300.000,-1,-1,-1,-1,725.000,700.000,-1,-1,2,0,2,0,2,0,0,0,0,2,2,2,2,0,0,2,2
108,3857.041,-8683.033,5.263,25.118,0.905485,-0.423944,0.019193,0.424370,0.904264,-0.047079,0.002603,0.050774,0.998707,0,0.93511,1.00000,56.107,2.000,-1,375.000,-1,375.000,-1,325.000,300.000,300.000,300.000,-1,-1,-1,-1,725.000,700.000,-1,-1,2,0,2,0,2,0,0,0,0,2,2,2,2,0,0,2,2
109,3906.984,-8657.456,5.847,27.118,0.890174,-0.455262,0.018071,0.455589,0.888952,-0.046939,0.005305,0.050016,0.998734,0,0.93519,1.00000,56.112,2.000,-1,375.000,-1,375.000,-1,325.000,300.000,300.000,300.000,-1,-1,-1,-1,750.000,700.000,-1,-1,2,0,2,0,2,0,0,0,0,2,2,2,2,0,0,2,2
110,3952.473,-8632.367,6.500,28.878,0.875805,-0.482369,0.016899,0.482601,0.874586,-0.046859,0.007824,0.049195,0.998759,0,0.86583,0.88000,51.950,1.760,-1,375.000,-1,375.000,-1,325.000,300.000,300.000,300.000,-1,-1,850.000,-1,750.000,700.000,-1,-1,2,0,2,0,2,0,0,0,0,2,2,0,2,0,0,2,2
111,3997.281,-8606.080,7.209,30.398,0.862731,-0.505416,0.015818,0.505563,0.861513,-0.046909,0.010081,0.048467,0.998774,0,0.86584,0.76000,51.950,1.520,-1,400.000,-1,375.000,-1,325.000,300.000,300.000,300.000,-1,-1,850.000,-1,750.000,700.000,-1,-1,2,0,2,0,2,0,0,0,0,2,2,0,2,0,0,2,2
112,4041.375,-8578.648,7.884,31.888,0.849326,-0.527664,0.014736,0.527730,0.848128,-0.046693,0.012141,0.047435,0.998801,0,0.86552,0.74468,51.931,1.489,-1,400.000,-1,375.000,-1,325.000,300.000,300.000,300.000,-1,925.000,850.000,-1,750.000,700.000,-1,-1,2,0,2,0,2,0,0,0,0,2,0,0,2,0,0,2,2
113,4084.729,-8550.091,8.549,33.373,0.835381,-0.549504,0.013580,0.549489,0.834213,-0.046375,0.014155,0.046203,0.998832,0,0.86523,0.74271,51.914,1.485,-1,400.000,-1,375.000,-1,325.000,300.000,300.000,300.000,-1,900.000,850.000,-1,775.000,675.000,-1,-1,2,0,2,0,2,0,0,0,0,2,0,0,2,0,0,2,2
114,4127.318,-8520.431,9.264,34.855,0.820913,-0.570917,0.012479,0.570826,0.819773,-0.046155,0.016121,0.045013,0.998856,0,0.86500,0.74067,51.900,1.481,-1,400.000,-1,375.000,-1,325.000,300.000,300.000,300.000,-1,900.000,875.000,-1,775.000,675.000,-1,-1,2,0,2,0,2,0,0,0,0,2,0,0,2,0,0,2,2
115,4169.121,-8489.689,10.054,36.332,0.805940,-0.591887,0.011435,0.591720,0.804821,-0.046167,0.018122,0.043974,0.998868,0,0.86483,0.73858,51.890,1.477,-1,400.000,-1,375.000,-1,325.000,300.000,300.000,300.000,-1,875.000,875.000,-1,775.000,675.000,-1,-1,2,0,2,0,2,0,0,0,0,2,0,0,2,0,0,2,2
116,4210.114,-8457.886,10.988,37.805,0.790481,-0.612398,0.010462,0.612151,0.789367,-0.046590,0.020273,0.043233,0.998859,0,0.86473,0.73642,51.884,1.473,-1,400.000,-1,375.000,-1,325.000,325.000,300.000,300.000,-1,875.000,875.000,-1,775.000,675.000,-1,-1,2,0,2,0,2,0,0,0,0,2,0,0,2,0,0,2,2
117,4250.277,-8425.045,12.024,39.273,0.774541,-0.632451,0.009583,0.632135,0.773446,-0.046770,0.022168,0.042283,0.998860,0,0.86468,0.73422,51.881,1.468,-1,400.000,-1,375.000,-1,325.000,325.000,300.000,300.000,-1,875.000,875.000,-1,800.000,700.000,-1,-1,2,0,2,0,2,0,0,0,0,2,0,0,2,0,0,2,2
118,4289.588,-8391.189,13.107,40.737,0.758142,-0.652030,0.008786,0.651649,0.757066,-0.046948,0.023960,0.041319,0.998859,0,0.86468,0.73196,51.881,1.464,-1,400.000,-1,375.000,-1,325.000,325.000,300.000,300.000,-1,875.000,875.000,-1,800.000,700.000,-1,-1,2,0,2,0,2,0,0,0,0,2,0,0,2,0,0,2,2
119,4328.027,-8356.339,14.239,42.196,0.741300,-0.671125,0.008070,0.670684,0.740245,-0.047117,0.025647,0.040340,0.998857,0,0.86475,0.72965,51.885,1.459,-1,400.000,-1,375.000,-1,325.000,325.000,300.000,300.000,-1,875.000,900.000,-1,825.000,700.000,-1,-1,2,0,2,0,2,0,0,0,0,2,0,0,2,0,0,2,2
120,4365.574,-8320.521,15.663,43.651,0.724009,-0.689751,0.007332,0.689281,0.723025,-0.046125,0.026514,0.038449,0.998909,0,0.86486,0.72729,51.892,1.455,-1,400.000,-1,375.000,-1,325.000,325.000,300.000,300.000,-1,925.000,975.000,-1,850.000,700.000,-1,-1,2,0,2,0,2,0,0,0,0,2,0,0,2,0,0,2,2
121,4402.211,-8283.757,17.165,45.101,0.706305,-0.707877,0.006595,0.707386,0.705396,-0.044967,0.027179,0.036425,0.998967,0,0.86503,0.72488,51.902,1.450,-1,400.000,-1,375.000,-1,325.000,325.000,300.000,300.000,-1,1000.000,-1,-1,850.000,700.000,-1,-1,2,0,2,0,2,0,0,0,0,2,0,2,2,0,0,2,2
122,4439.719,-8244.161,18.715,46.553,0.688121,-0.725570,0.006126,0.725071,0.687277,-0.043852,0.027607,0.034618,0.999019,0,0.90903,0.72598,54.542,1.452,-1,400.000,-1,375.000,975.000,325.000,325.000,300.000,300.000,-1,-1,-1,-1,850.000,700.000,-1,-1,2,0,2,0,1,0,0,0,0,2,2,2,2,0,0,2,2
123,4476.206,-8203.625,20.220,48.009,0.669435,-0.742846,0.006024,0.742351,0.668642,-0.042813,0.027776,0.033132,0.999065,0,0.90898,0.72840,54.539,1.457,-1,400.000,-1,375.000,950.000,325.000,325.000,300.000,300.000,-1,-1,-1,-1,850.000,700.000,-1,-1,2,0,2,0,1,0,0,0,0,2,2,2,2,0,0,2,2
124,4511.643,-8162.178,21.754,49.471,0.650254,-0.759694,0.005944,0.759205,0.649508,-0.041809,0.027902,0.031699,0.999108,0,0.90886,0.73076,54.532,1.462,-1,400.000,-1,375.000,900.000,325.000,325.000,300.000,300.000,-1,-1,-1,-1,850.000,700.000,-1,1000.000,2,0,2,0,1,0,0,0,0,2,2,2,2,0,0,2,1
125,4546.001,-8119.845,23.494,50.937,0.630575,-0.776113,0.005008,0.775604,0.629898,-0.040832,0.028536,0.029632,0.999153,0,0.90868,0.73306,54.521,1.466,-1,400.000,-1,375.000,875.000,325.000,325.000,300.000,300.000,-1,-1,-1,-1,875.000,725.000,-1,975.000,2,0,2,0,1,0,0,0,0,2,2,2,2,0,0,2,1
126,4579.253,-8076.657,25.221,52.408,0.610407,-0.792081,0.003324,0.791534,0.609818,-0.039946,0.029613,0.027014,0.999196,0,0.90843,0.73528,54.506,1.471,-1,400.000,-1,375.000,850.000,325.000,325.000,300.000,300.000,-1,-1,-1,-1,875.000,725.000,-1,975.000,2,0,2,0,1,0,0,0,0,2,2,2,2,0,0,2,1
127,4611.370,-8032.643,26.937,53.882,0.589775,-0.807565,0.001818,0.806989,0.589266,-0.039166,0.030558,0.024566,0.999231,0,0.90812,0.73744,54.487,1.475,-1,425.000,-1,375.000,800.000,325.000,325.000,300.000,300.000,-1,-1,-1,-1,900.000,750.000,-1,950.000,2,0,2,0,1,0,0,0,0,2,2,2,2,0,0,2,1
128,4642.328,-7987.833,28.643,55.361,0.568693,-0.822550,0.000487,0.821951,0.568256,-0.038481,0.031376,0.022284,0.999259,0,0.90773,0.73951,54.464,1.479,-1,425.000,-1,400.000,775.000,325.000,325.000,300.000,300.000,-1,-1,-1,-1,900.000,775.000,-1,950.000,2,0,2,0,1,0,0,0,0,2,2,2,2,0,0,2,1
129,4672.101,-7942.260,30.232,56.844,0.547162,-0.837026,-0.000753,0.836432,0.546807,-0.037194,0.031544,0.019721,0.999308,0,0.90728,0.74151,54.437,1.483,-1,425.000,-1,400.000,750.000,325.000,325.000,300.000,275.000,-1,-1,-1,-1,900.000,800.000,-1,925.000,2,0,2,0,1,0,0,0,0,2,2,2,2,0,0,2,1
130,4700.664,-7895.956,31.739,58.331,0.525203,-0.850975,-0.001705,0.850419,0.524930,-0.035161,0.030816,0.017016,0.999380,0,0.90675,0.74343,54.405,1.487,-1,425.000,-1,400.000,750.000,325.000,325.000,300.000,275.000,-1,-1,-1,-1,900.000,800.000,-1,925.000,2,0,2,0,1,0,0,0,0,2,2,2,2,0,0,2,1
131,4727.996,-7848.956,33.230,59.822,0.502838,-0.864377,-0.002612,0.863860,0.502637,-0.033185,0.029998,0.014430,0.999446,0,0.90617,0.74527,54.370,1.491,-1,425.000,-1,400.000,725.000,325.000,325.000,300.000,300.000,-1,-1,-1,-1,900.000,800.000,-1,925.000,2,0,2,0,1,0,0,0,0,2,2,2,2,0,0,2,1
132,4753.063,-7803.600,34.637,61.072,0.483808,-0.875167,-0.003456,0.874691,0.483668,-0.031330,0.029090,0.012135,0.999503,0,0.86370,0.62527,51.822,1.251,-1,425.000,-1,400.000,725.000,325.000,325.000,300.000,300.000,-1,-1,-1,-1,900.000,800.000,-1,900.000,2,0,2,0,1,0,0,0,0,2,2,2,2,0,0,2,1
133,4777.299,-7757.860,35.911,62.083,0.468266,-0.883578,-0.004056,0.883131,0.468167,-0.029986,0.028394,0.010460,0.999542,0,0.86272,0.50527,51.763,1.011,-1,425.000,-1,400.000,700.000,350.000,325.000,300.000,300.000,-1,-1,-1,-1,900.000,800.000,-1,900.000,2,0,2,0,1,0,0,0,0,2,2,2,2,0,1,2,1
134,4800.877,-7711.877,37.116,62.854,0.456319,-0.889806,-0.004379,0.889393,0.456248,-0.028612,0.027457,0.009161,0.999581,0,0.86126,0.38527,51.676,0.771,-1,425.000,-1,400.000,675.000,350.000,325.000,300.000,300.000,-1,-1,-1,-1,900.000,800.000,-1,875.000,2,0,2,0,1,0,0,0,0,2,2,2,2,0,1,2,1
135,4825.124,-7663.490,38.144,63.384,0.448062,-0.893995,-0.003645,0.893633,0.447991,-0.026913,0.025692,0.008802,0.999631,0,0.90204,0.26527,54.123,0.531,-1,425.000,-1,400.000,650.000,325.000,325.000,300.000,275.000,-1,-1,-1,-1,900.000,775.000,-1,850.000,2,0,2,0,1,0,0,0,0,2,2,2,2,0,1,2,1
136,4849.087,-7615.060,39.233,63.675,0.443521,-0.896259,-0.003064,0.895951,0.443453,-0.024924,0.023697,0.008309,0.999685,0,0.90057,0.14527,54.034,0.291,-1,425.000,-1,400.000,625.000,325.000,325.000,300.000,275.000,-1,-1,-1,-1,900.000,750.000,-1,800.000,2,0,2,0,1,0,0,0,0,2,2,2,2,0,1,2,1
137,4872.961,-7566.700,40.452,63.725,0.442719,-0.896656,-0.002766,0.896408,0.442666,-0.022356,0.021270,0.007418,0.999746,0,0.89888,0.02527,53.933,0.051,-1,425.000,-1,400.000,600.000,325.000,325.000,300.000,275.000,-1,-1,-1,-1,875.000,750.000,-1,775.000,2,0,2,0,1,0,0,0,0,2,2,2,2,0,1,2,1
