timestep,x_cm,y_cm,z_cm,yaw_deg,basis_xx,basis_xy,basis_xz,basis_yx,basis_yy,basis_yz,basis_zx,basis_zy,basis_zz,teleport_flag,throttle_cmd,steering_cmd,cmd_move_cm,cmd_turn_deg,lidar_cm_0,lidar_cm_1,lidar_cm_2,lidar_cm_3,lidar_cm_4,lidar_cm_5,lidar_cm_6,lidar_cm_7,lidar_cm_8,lidar_cm_9,lidar_cm_10,lidar_cm_11,lidar_cm_12,lidar_cm_13,lidar_cm_14,lidar_cm_15,lidar_cm_16,lidar_class_0,lidar_class_1,lidar_class_2,lidar_class_3,lidar_class_4,lidar_class_5,lidar_class_6,lidar_class_7,lidar_class_8,lidar_class_9,lidar_class_10,lidar_class_11,lidar_class_12,lidar_class_13,lidar_class_14,lidar_class_15,lidar_class_16
0,983.717,1644.633,451.110,91.782,-0.026941,-0.997807,-0.060459,0.997194,-0.031052,0.068112,-0.069840,-0.058454,0.995844,1,0.08000,0.12000,4.800,0.240,-1,-1,-1,250.000,-1,275.000,200.000,150.000,400.000,-1,-1,-1,-1,-1,450.000,-1,875.000,2,2,2,0,2,1,0,1,0,2,2,2,2,2,0,2,0
1,983.335,1654.226,450.404,92.262,-0.034915,-0.997319,-0.064313,0.996778,-0.039402,0.069871,-0.072218,-0.061667,0.995481,0,0.16000,0.24000,9.600,0.480,-1,-1,-1,250.000,-1,275.000,200.000,175.000,400.000,-1,-1,-1,-1,-1,450.000,-1,825.000,2,2,2,0,2,1,0,1,0,2,2,2,2,2,0,2,0
2,982.580,1668.606,449.322,92.982,-0.046820,-0.996427,-0.070300,0.996018,-0.051915,0.072482,-0.075873,-0.066626,0.994889,0,0.24000,0.36000,14.400,0.720,-1,-1,-1,250.000,-1,300.000,175.000,175.000,400.000,-1,-1,-1,-1,-1,425.000,-1,725.000,2,2,2,0,2,1,0,1,0,2,2,2,2,2,0,2,0
3,981.252,1687.761,447.841,93.942,-0.062579,-0.994935,-0.078667,0.994755,-0.068569,0.075901,-0.080911,-0.073504,0.994007,0,0.32000,0.48000,19.200,0.960,-1,-1,-1,225.000,-1,300.000,175.000,175.000,425.000,-1,-1,-1,-1,-1,400.000,-1,625.000,2,2,2,0,2,1,0,1,0,2,2,2,2,2,0,2,0
4,979.088,1711.663,445.922,95.142,-0.082071,-0.992577,-0.089756,0.992780,-0.089327,0.080051,-0.087474,-0.082538,0.992742,0,0.40000,0.60000,24.000,1.200,-1,-1,-1,225.000,-1,300.000,175.000,175.000,450.000,-1,-1,-1,-1,-1,375.000,-1,525.000,2,2,2,0,2,1,0,1,0,2,2,2,2,2,0,2,0
5,975.769,1740.272,443.519,96.582,-0.105118,-0.989006,-0.104011,0.989840,-0.114125,0.084802,-0.095740,-0.094040,0.990954,0,0.48000,0.72000,28.800,1.440,-1,-1,-1,200.000,-1,325.000,150.000,175.000,475.000,-1,0.000,-1,-1,-1,350.000,-1,450.000,2,2,2,0,2,1,0,1,0,2,0,2,2,2,0,2,0
6,970.916,1773.520,440.571,98.262,-0.131459,-0.983788,-0.121982,0.985647,-0.142861,0.089951,-0.105919,-0.108406,0.988448,0,0.56000,0.84000,33.600,1.680,-1,-1,-1,175.000,-1,350.000,150.000,175.000,500.000,-1,0.000,-1,-1,-1,300.000,-1,350.000,2,2,2,0,2,1,1,1,0,2,0,2,2,2,0,2,0
7,964.220,1811.332,437.015,99.990,-0.157450,-0.976990,-0.143876,0.980416,-0.172101,0.095739,-0.118297,-0.125984,0.984954,0,0.64000,0.86397,38.400,1.728,-1,-1,-1,150.000,-1,350.000,150.000,175.000,550.000,-1,0.000,-1,-1,-1,275.000,-1,275.000,2,2,2,0,2,1,1,1,0,2,0,2,2,2,0,2,0
8,955.393,1853.621,432.759,101.724,-0.181946,-0.968456,-0.170259,0.974256,-0.200989,0.102117,-0.133116,-0.147296,0.980094,0,0.72000,0.86703,43.200,1.734,-1,-1,-1,150.000,675.000,375.000,175.000,175.000,650.000,-1,0.000,-1,-1,-1,225.000,-1,200.000,2,2,2,1,0,1,1,1,0,2,0,2,2,2,0,2,0
9,-5575.418,-8199.139,194.919,-4.545,0.994907,0.079192,-0.062360,-0.081315,0.996166,-0.032270,0.059565,0.037176,0.997532,1,0.00000,0.00000,48.000,1.743,-1,400.000,-1,375.000,-1,325.000,325.000,300.000,300.000,-1,450.000,850.000,-1,750.000,650.000,-1,-1,2,0,2,0,2,0,0,0,0,2,1,1,2,0,0,2,2
10,-5570.633,-8199.522,195.211,-4.574,0.994865,0.079689,-0.062399,-0.081800,0.996134,-0.032021,0.059606,0.036961,0.997537,0,0.08000,-0.01428,4.800,-0.029,-1,400.000,-1,375.000,-1,325.000,325.000,300.000,300.000,-1,450.000,850.000,-1,750.000,650.000,-1,-1,2,0,2,0,2,0,0,0,0,2,1,1,2,0,0,2,2
11,-5561.064,-8200.293,195.794,-4.606,0.994815,0.080253,-0.062478,-0.082337,0.996106,-0.031525,0.059705,0.036506,0.997548,0,0.16000,-0.01617,9.600,-0.032,-1,400.000,-1,375.000,-1,325.000,325.000,300.000,300.000,-1,475.000,850.000,-1,750.000,650.000,-1,-1,2,0,2,0,2,0,0,0,0,2,1,1,2,0,0,2,2
12,-5546.712,-8201.460,196.669,-4.646,0.994751,0.080949,-0.062598,-0.082993,0.996075,-0.030780,0.059861,0.035813,0.997564,0,0.24000,-0.01995,14.400,-0.040,-1,400.000,-1,375.000,-1,325.000,325.000,300.000,300.000,-1,475.000,850.000,-1,750.000,650.000,-1,-1,2,0,2,0,2,0,0,0,0,2,1,1,2,0,0,2,2
13,-5527.576,-8203.033,197.838,-4.697,0.994667,0.081842,-0.062760,-0.083834,0.996034,-0.029784,0.060073,0.034887,0.997584,0,0.32000,-0.02563,19.200,-0.051,-1,400.000,-1,375.000,-1,325.000,325.000,300.000,300.000,-1,500.000,850.000,-1,750.000,650.000,-1,-1,2,0,2,0,2,0,0,0,0,2,1,1,2,0,0,2,2
14,-5503.659,-8205.026,199.303,-4.764,0.994558,0.083001,-0.062964,-0.084926,0.995979,-0.028538,0.060342,0.033730,0.997608,0,0.40000,-0.03322,24.000,-0.066,-1,400.000,-1,375.000,-1,325.000,325.000,300.000,300.000,-1,525.000,875.000,-1,750.000,650.000,-1,-1,2,0,2,0,2,0,0,0,0,2,1,1,2,0,0,2,2
15,-5474.962,-8207.462,201.065,-4.849,0.994417,0.084490,-0.063214,-0.086335,0.995899,-0.027038,0.060670,0.032345,0.997634,0,0.48000,-0.04273,28.800,-0.085,-1,400.000,-1,375.000,-1,325.000,325.000,300.000,300.000,-1,550.000,875.000,-1,750.000,650.000,-1,-1,2,0,2,0,2,0,0,0,0,2,1,1,2,0,0,2,2
16,-5441.488,-8210.366,203.129,-4.958,0.994236,0.086377,-0.063510,-0.088127,0.995788,-0.025283,0.061059,0.030734,0.997661,0,0.56000,-0.05417,33.600,-0.108,-1,400.000,-1,375.000,-1,325.000,300.000,300.000,300.000,-1,575.000,900.000,-1,750.000,650.000,-1,-1,2,0,2,0,2,0,0,0,0,2,1,1,2,0,0,2,2
17,-5403.240,-8213.776,205.496,-5.093,0.994007,0.088730,-0.063856,-0.090370,0.995636,-0.023268,0.061513,0.028900,0.997688,0,0.64000,-0.06756,38.400,-0.135,-1,400.000,-1,375.000,-1,325.000,300.000,300.000,300.000,-1,600.000,900.000,-1,725.000,650.000,-1,-1,2,0,2,0,2,0,0,0,0,2,1,1,2,0,0,2,2
18,-5360.221,-8217.736,208.172,-5.259,0.993719,0.091617,-0.064256,-0.093132,0.995432,-0.020991,0.062040,0.026844,0.997713,0,0.72000,-0.08292,43.200,-0.166,-1,400.000,-1,375.000,-1,325.000,300.000,300.000,300.000,-1,625.000,925.000,-1,725.000,650.000,-1,-1,2,0,2,0,2,0,0,0,0,2,1,1,2,0,0,2,2
19,-5313.962,-8222.158,211.065,-5.459,0.993362,0.095106,-0.064699,-0.096485,0.995162,-0.018528,0.062624,0.024647,0.997733,0,0.77451,-0.10027,46.470,-0.201,-1,400.000,-1,375.000,-1,325.000,300.000,300.000,300.000,-1,650.000,925.000,-1,725.000,650.000,-1,-1,2,0,2,0,2,0,0,0,0,2,1,1,2,0,0,2,2
20,-5266.996,-8226.844,214.038,-5.697,0.992922,0.099244,-0.065239,-0.100489,0.994808,-0.016073,0.063305,0.022515,0.997740,0,0.78664,-0.11901,47.198,-0.238,-1,375.000,-1,375.000,-1,325.000,300.000,300.000,300.000,-1,700.000,950.000,-1,725.000,650.000,-1,-1,2,0,2,0,2,0,0,0,0,2,1,1,2,0,0,2,2
21,-5219.309,-8231.834,217.423,-5.973,0.992318,0.104041,-0.066941,-0.105244,0.994338,-0.014697,0.065033,0.021629,0.997649,0,0.79913,-0.13811,47.948,-0.276,-1,400.000,-1,375.000,-1,325.000,300.000,300.000,300.000,-1,725.000,925.000,-1,725.000,675.000,-1,-1,2,0,2,0,2,0,0,0,0,2,1,1,2,0,0,2,2
22,-5170.882,-8237.171,220.947,-6.289,0.991623,0.109512,-0.068497,-0.110649,0.993774,-0.013013,0.066645,0.020483,0.997566,0,0.81199,-0.15760,48.720,-0.315,-1,400.000,-1,375.000,-1,325.000,300.000,300.000,300.000,-1,675.000,925.000,-1,725.000,675.000,-1,-1,2,0,2,0,2,0,0,0,0,2,0,1,2,0,0,2,2
23,-5121.700,-8242.900,224.535,-6.643,0.990815,0.115669,-0.070048,-0.116734,0.993099,-0.011291,0.068258,0.019364,0.997480,0,0.82523,-0.17747,49.514,-0.355,-1,400.000,-1,375.000,-1,325.000,300.000,300.000,300.000,-1,650.000,900.000,-1,725.000,675.000,-1,-1,2,0,2,0,2,0,0,0,0,2,0,1,2,0,0,2,2
24,-5071.748,-8249.068,228.186,-7.039,0.989880,0.122524,-0.071589,-0.123512,0.992297,-0.009531,0.069869,0.018277,0.997389,0,0.83885,-0.19775,50.331,-0.395,-1,400.000,-1,375.000,-1,325.000,300.000,325.000,300.000,-1,600.000,900.000,-1,725.000,700.000,-1,-1,2,0,2,0,2,0,0,0,0,2,0,1,2,0,0,2,2
25,-5021.011,-8255.727,231.904,-7.476,0.988803,0.130088,-0.073114,-0.130996,0.991353,-0.007731,0.071476,0.017222,0.997294,0,0.85287,-0.21843,51.172,-0.437,-1,400.000,-1,375.000,-1,325.000,300.000,325.000,300.000,-1,575.000,875.000,-1,700.000,700.000,-1,-1,2,0,2,0,2,0,0,0,0,2,0,0,2,0,0,2,2
26,-4969.474,-8262.929,235.689,-7.955,0.987565,0.138375,-0.074619,-0.139196,0.990247,-0.005890,0.073076,0.016204,0.997195,0,0.86728,-0.23953,52.037,-0.479,-1,400.000,-1,375.000,-1,325.000,325.000,325.000,300.000,-1,550.000,825.000,-1,700.000,700.000,-1,-1,2,0,2,0,2,0,0,0,0,2,0,0,2,0,0,2,2
27,-4916.122,-8270.876,239.619,-8.472,0.986158,0.147305,-0.076122,-0.148032,0.988975,-0.003972,0.074697,0.015186,0.997091,0,0.89901,-0.25844,53.940,-0.517,-1,400.000,-1,375.000,-1,325.000,325.000,300.000,300.000,-1,525.000,775.000,-1,700.000,725.000,-1,-1,2,0,2,0,2,0,0,0,0,2,0,0,2,0,0,2,2
28,-4862.365,-8279.409,243.592,-9.019,0.984588,0.156742,-0.077574,-0.157371,0.987537,-0.002030,0.076289,0.014207,0.996985,0,0.90717,-0.27349,54.430,-0.547,-1,400.000,-1,375.000,-1,325.000,325.000,300.000,300.000,-1,500.000,750.000,-1,700.000,725.000,-1,-1,2,0,2,0,2,0,0,0,0,2,0,0,2,0,0,2,2
29,-4808.197,-8288.568,247.611,-9.597,0.982841,0.166699,-0.078969,-0.167226,0.985919,-0.000065,0.077846,0.013270,0.996877,0,0.91561,-0.28902,54.937,-0.578,-1,375.000,-1,375.000,-1,325.000,325.000,300.000,300.000,-1,500.000,700.000,-1,700.000,750.000,-1,-1,2,0,2,0,2,0,0,0,0,2,0,0,2,0,0,2,2
30,-4753.699,-8298.376,251.670,-10.202,0.980910,0.177111,-0.080294,-0.177533,0.984113,0.001915,0.079358,0.012376,0.996769,0,0.92289,-0.30278,55.373,-0.606,-1,375.000,-1,375.000,-1,325.000,325.000,300.000,300.000,-1,475.000,675.000,-1,700.000,750.000,-1,-1,2,0,2,0,2,0,0,0,0,2,0,0,2,0,0,2,2
31,-4699.320,-8308.762,255.741,-10.812,0.978860,0.187579,-0.081532,-0.187892,0.982182,0.003888,0.080808,0.011513,0.996663,0,0.92269,-0.30495,55.361,-0.610,-1,375.000,-1,400.000,-1,325.000,325.000,300.000,300.000,-1,475.000,650.000,-1,700.000,775.000,-1,-1,2,0,2,0,2,0,0,0,0,2,0,0,2,0,0,2,2
32,-4645.056,-8319.730,259.930,-11.427,0.976708,0.198109,-0.082432,-0.198348,0.980117,0.005370,0.081857,0.011106,0.996582,0,0.92269,-0.30744,55.362,-0.615,-1,375.000,-1,400.000,-1,325.000,325.000,300.000,300.000,-1,475.000,650.000,-1,700.000,775.000,-1,-1,2,0,2,0,2,0,0,0,0,2,0,0,2,0,0,2,2
33,-4590.899,-8331.288,264.636,-12.048,0.974424,0.208707,-0.083302,-0.209044,0.977895,0.004758,0.082453,0.012777,0.996513,0,0.92293,-0.31023,55.376,-0.620,-1,375.000,-1,400.000,-1,325.000,325.000,300.000,300.000,-1,500.000,675.000,-1,700.000,800.000,-1,-1,2,0,2,0,2,0,0,0,0,2,0,0,2,0,0,2,2
34,-4536.671,-8343.483,269.405,-12.674,0.971993,0.219384,-0.084263,-0.219829,0.975530,0.004066,0.083094,0.014571,0.996435,0,0.92638,-0.31330,55.583,-0.627,-1,375.000,-1,400.000,-1,325.000,325.000,300.000,300.000,-1,550.000,700.000,-1,700.000,800.000,-1,-1,2,0,2,0,2,0,0,0,0,2,0,0,2,0,0,2,2
35,-4482.597,-8356.267,274.209,-13.302,0.969436,0.230057,-0.085249,-0.230599,0.973042,0.003572,0.083773,0.016195,0.996353,0,0.92607,-0.31401,55.564,-0.628,-1,375.000,-1,400.000,-1,325.000,325.000,300.000,300.000,-1,575.000,725.000,-1,700.000,800.000,-1,-1,2,0,2,0,2,0,0,0,0,2,0,0,2,0,0,2,2
36,-4428.681,-8369.641,278.996,-13.932,0.966752,0.240738,-0.086230,-0.241379,0.970426,0.003061,0.084416,0.017854,0.996271,0,0.92584,-0.31506,55.550,-0.630,-1,375.000,-1,400.000,-1,325.000,325.000,300.000,300.000,-1,600.000,725.000,-1,700.000,825.000,-1,-1,2,0,2,0,2,0,0,0,0,2,0,0,2,0,0,2,2
37,-4374.922,-8383.609,283.754,-14.565,0.963940,0.251433,-0.087183,-0.252183,0.967676,0.002483,0.084989,0.019592,0.996189,0,0.92572,-0.31643,55.543,-0.633,-1,375.000,-1,400.000,-1,325.000,325.000,300.000,300.000,-1,650.000,750.000,-1,700.000,825.000,-1,-1,2,0,2,0,2,0,0,0,0,2,0,0,2,0,0,2,2
38,-4321.321,-8398.173,288.468,-15.201,0.961001,0.262154,-0.088054,-0.263016,0.964790,0.001874,0.085444,0.021359,0.996114,0,0.92574,-0.31812,55.544,-0.636,-1,375.000,-1,400.000,-1,325.000,325.000,300.000,300.000,-1,675.000,775.000,-1,700.000,850.000,-1,-1,2,0,2,0,2,0,0,0,0,2,0,0,2,0,0,2,2
39,-4267.876,-8413.337,293.131,-15.842,0.957932,0.272908,-0.088810,-0.273883,0.961762,0.001247,0.085755,0.023129,0.996048,0,0.92591,-0.32014,55.555,-0.640,-1,375.000,-1,400.000,-1,325.000,325.000,300.000,300.000,-1,700.000,800.000,-1,700.000,850.000,-1,-1,2,0,2,0,2,0,0,0,0,2,0,0,2,0,0,2,2
40,-4214.584,-8429.109,297.741,-16.487,0.954731,0.283704,-0.089449,-0.284794,0.958588,0.000596,0.085914,0.024906,0.995991,0,0.92628,-0.32246,55.577,-0.645,-1,375.000,-1,400.000,-1,325.000,325.000,300.000,300.000,-1,750.000,825.000,-1,725.000,875.000,-1,-1,2,0,2,0,2,0,0,0,0,2,0,0,2,0,0,2,2
41,-4166.123,-8444.268,301.890,-17.372,0.950177,0.298459,-0.089926,-0.299674,0.954042,-0.000007,0.085791,0.026955,0.995948,0,0.84628,-0.44246,50.777,-0.885,-1,375.000,-1,400.000,-1,325.000,325.000,300.000,300.000,-1,775.000,850.000,-1,725.000,875.000,-1,-1,2,0,2,0,2,0,0,0,0,2,0,0,2,0,0,2,2
42,-4122.520,-8458.853,305.581,-18.496,0.944084,0.317111,-0.090251,-0.318457,0.947937,-0.000538,0.085382,0.029249,0.995919,0,0.76628,-0.56246,45.977,-1.125,-1,375.000,-1,400.000,-1,325.000,325.000,300.000,300.000,-1,825.000,875.000,-1,725.000,900.000,-1,-1,2,0,2,0,2,0,0,0,0,2,0,0,2,0,0,2,2
43,-4082.083,-8473.398,308.962,-19.785,0.936676,0.338318,-0.090444,-0.339796,0.940499,-0.001012,0.084720,0.031681,0.995901,0,0.71623,-0.64413,42.974,-1.288,-1,375.000,-1,425.000,-1,325.000,325.000,300.000,300.000,-1,850.000,900.000,-1,725.000,900.000,-1,-1,2,0,2,0,2,0,0,0,0,2,0,0,2,0,0,2,2
44,-4041.983,-8488.848,312.362,-21.073,0.928817,0.359344,-0.090390,-0.360982,0.932571,-0.001901,0.083612,0.034395,0.995905,0,0.71623,-0.64413,42.974,-1.288,-1,375.000,-1,425.000,-1,325.000,325.000,300.000,300.000,-1,900.000,925.000,-1,725.000,925.000,-1,-1,2,0,2,0,2,0,0,0,0,2,0,0,2,0,0,2,2
45,-4002.240,-8505.196,315.828,-22.361,0.920508,0.380176,-0.090169,-0.382017,0.924149,-0.003443,0.082021,0.037615,0.995921,0,0.71623,-0.64413,42.974,-1.288,-1,375.000,-1,425.000,-1,325.000,325.000,300.000,300.000,-1,950.000,975.000,-1,725.000,925.000,-1,-1,2,0,2,0,2,0,0,0,0,2,0,0,2,0,0,2,2
46,-3962.874,-8522.432,319.178,-23.650,0.911722,0.400792,-0.090154,-0.402910,0.915221,-0.005859,0.080163,0.041666,0.995911,0,0.71623,-0.64413,42.974,-1.288,-1,375.000,-1,425.000,-1,325.000,325.000,300.000,300.000,-1,-1,-1,-1,725.000,925.000,-1,-1,2,0,2,0,2,0,0,0,0,2,2,2,2,0,0,2,2
47,-3923.906,-8540.549,322.446,-24.938,0.902480,0.421192,-0.090150,-0.423586,0.905817,-0.008375,0.078132,0.045744,0.995893,0,0.71623,-0.64413,42.974,-1.288,-1,375.000,-1,425.000,-1,325.000,325.000,300.000,300.000,-1,-1,-1,-1,725.000,925.000,-1,-1,2,0,2,0,2,0,0,0,0,2,2,2,2,0,0,2,2
48,-3885.354,-8559.537,325.632,-26.226,0.892787,0.441364,-0.090163,-0.444034,0.895942,-0.010994,0.075928,0.049851,0.995866,0,0.71623,-0.64413,42.974,-1.288,-1,375.000,-1,425.000,-1,325.000,325.000,300.000,300.000,-1,-1,-1,-1,725.000,950.000,-1,-1,2,0,2,0,2,0,0,0,0,2,2,2,2,0,0,2,2
49,-3847.240,-8579.387,328.753,-27.514,0.882658,0.461298,-0.090111,-0.464235,0.885606,-0.013682,0.073491,0.053909,0.995838,0,0.71623,-0.64413,42.974,-1.288,-1,375.000,-1,425.000,-1,325.000,325.000,300.000,300.000,-1,-1,-1,-1,725.000,950.000,-1,-1,2,0,2,0,2,0,0,0,0,2,2,2,2,0,0,2,2
50,-3809.581,-8600.089,331.795,-28.803,0.872095,0.480983,-0.090033,-0.484180,0.874814,-0.016439,0.070855,0.057929,0.995803,0,0.71623,-0.64413,42.974,-1.288,-1,375.000,-1,425.000,-1,300.000,325.000,300.000,300.000,-1,-1,-1,-1,725.000,950.000,-1,-1,2,0,2,0,2,0,0,0,0,2,2,2,2,0,0,2,2
51,-3772.397,-8621.632,334.724,-30.091,0.861095,0.500409,-0.090034,-0.503860,0.863571,-0.019245,0.068120,0.061936,0.995753,0,0.71623,-0.64413,42.974,-1.288,-1,375.000,-1,425.000,-1,300.000,325.000,300.000,300.000,-1,-1,-1,-1,725.000,950.000,-1,-1,2,0,2,0,2,0,0,0,0,2,2,2,2,0,0,2,2
52,-3735.707,-8644.006,337.700,-31.379,0.849642,0.519585,-0.090218,-0.523240,0.851919,-0.021313,0.065784,0.065314,0.995694,0,0.71623,-0.64413,42.974,-1.288,-1,375.000,-1,425.000,-1,325.000,325.000,300.000,300.000,-1,-1,-1,-1,725.000,950.000,-1,-1,2,0,2,0,2,0,0,0,0,2,2,2,2,0,0,2,2
53,-3699.465,-8667.245,340.613,-32.672,0.837716,0.538558,-0.090486,-0.542400,0.839801,-0.023155,0.063520,0.068477,0.995629,0,0.71753,-0.64635,43.052,-1.293,-1,375.000,-1,425.000,-1,325.000,325.000,300.000,300.000,-1,-1,-1,-1,750.000,975.000,-1,-1,2,0,2,0,2,0,0,0,0,2,2,2,2,0,0,2,2
54,-3663.664,-8691.363,343.415,-33.971,0.825307,0.557335,-0.090810,-0.561360,0.827195,-0.024988,0.061191,0.071599,0.995555,0,0.71943,-0.64950,43.166,-1.299,-1,375.000,-1,425.000,-1,325.000,325.000,300.000,300.000,-1,-1,-1,-1,775.000,1000.000,-1,-1,2,0,2,0,2,0,0,0,0,2,2,2,2,0,0,2,2
55,-3628.326,-8716.358,346.102,-35.276,0.812416,0.575904,-0.091192,-0.580106,0.814100,-0.026806,0.058802,0.074678,0.995473,0,0.72139,-0.65266,43.284,-1.305,-1,375.000,-1,425.000,-1,325.000,325.000,300.000,300.000,-1,-1,-1,-1,775.000,1000.000,-1,-1,2,0,2,0,2,0,0,0,0,2,2,2,2,0,0,2,2
56,-3593.472,-8742.227,348.668,-36.588,0.799044,0.594249,-0.091635,-0.598626,0.800518,-0.028602,0.056359,0.077709,0.995382,0,0.72341,-0.65581,43.405,-1.312,-1,400.000,-1,425.000,-1,325.000,325.000,300.000,300.000,-1,-1,-1,-1,800.000,-1,-1,-1,2,0,2,0,2,0,0,0,0,2,2,2,2,0,2,2,2
57,-3559.125,-8768.968,351.112,-37.906,0.785192,0.612358,-0.092142,-0.616905,0.786452,-0.030369,0.053869,0.080689,0.995283,0,0.72548,-0.65895,43.529,-1.318,-1,400.000,-1,425.000,-1,325.000,350.000,300.000,300.000,-1,-1,-1,-1,825.000,-1,-1,-1,2,0,2,0,2,0,0,0,0,2,2,2,2,0,2,2,2
58,-3529.109,-8793.443,353.170,-39.198,0.771213,0.629795,-0.092679,-0.634494,0.772268,-0.031931,0.051463,0.083430,0.995184,0,0.64548,-0.64608,38.729,-1.292,-1,400.000,-1,425.000,-1,325.000,350.000,300.000,300.000,-1,-1,-1,-1,825.000,-1,-1,-1,2,0,2,0,2,0,0,0,0,2,2,2,2,0,2,2,2
59,-3503.304,-8815.475,354.966,-40.495,0.756799,0.646962,-0.093253,-0.651823,0.757619,-0.033763,0.048807,0.086336,0.995070,0,0.56548,-0.64882,33.929,-1.298,-1,400.000,-1,425.000,-1,325.000,350.000,300.000,300.000,-1,-1,-1,-1,850.000,-1,-1,-1,2,0,2,0,2,0,0,0,0,2,2,2,2,0,2,2,2
60,-3481.586,-8834.888,356.432,-41.798,0.741947,0.663856,-0.093857,-0.668863,0.742545,-0.035352,0.046224,0.089007,0.994958,0,0.48548,-0.65113,29.129,-1.302,-1,400.000,-1,425.000,-1,325.000,350.000,300.000,300.000,-1,-1,-1,-1,875.000,-1,-1,-1,2,0,2,0,2,0,0,0,0,2,2,2,2,0,2,2,2
61,-3463.822,-8851.512,357.377,-43.104,0.726765,0.680514,-0.093348,-0.685538,0.727120,-0.036522,0.043022,0.090537,0.994963,0,0.40548,-0.65302,24.329,-1.306,-1,400.000,-1,425.000,-1,325.000,350.000,300.000,300.000,-1,-1,-1,-1,875.000,-1,-1,-1,2,0,2,0,2,0,0,0,0,2,2,2,2,0,2,2,2
62,-3449.870,-8865.179,358.022,-44.413,0.711179,0.696870,-0.092716,-0.701881,0.711308,-0.037463,0.039843,0.091719,0.994988,0,0.32548,-0.65447,19.529,-1.309,-1,425.000,-1,425.000,-1,350.000,350.000,300.000,300.000,-1,-1,-1,-1,875.000,-1,-1,-1,2,0,2,0,2,0,0,0,0,2,2,2,2,0,2,2,2
63,-3439.586,-8875.725,358.445,-45.724,0.695183,0.712892,-0.092223,-0.717886,0.695111,-0.038206,0.036868,0.092766,0.995005,0,0.24548,-0.65547,14.729,-1.311,-1,425.000,-1,425.000,-1,350.000,350.000,300.000,300.000,-1,-1,-1,-1,875.000,-1,-1,-1,2,0,2,0,2,0,0,0,0,2,2,2,2,0,2,2,2
64,-3432.818,-8882.992,358.672,-47.036,0.678794,0.728558,-0.091877,-0.733536,0.678546,-0.038740,0.034119,0.093692,0.995016,0,0.16548,-0.65603,9.929,-1.312,-1,425.000,-1,425.000,-1,350.000,350.000,300.000,300.000,-1,-1,-1,-1,875.000,-1,-1,-1,2,0,2,0,2,0,0,0,0,2,2,2,2,0,2,2,2
65,-3429.408,-8886.825,358.729,-48.348,0.662028,0.743849,-0.091688,-0.748812,0.661631,-0.039054,0.031613,0.094512,0.995022,0,0.08548,-0.65615,5.129,-1.312,-1,425.000,-1,425.000,-1,350.000,350.000,300.000,300.000,-1,-1,-1,-1,875.000,-1,-1,-1,2,0,2,0,2,0,0,0,0,2,2,2,2,0,2,2,2
66,-3429.194,-8887.076,358.638,-49.660,0.644905,0.758746,-0.091663,-0.763698,0.644385,-0.039143,0.029367,0.095246,0.995020,0,0.00548,-0.65583,0.329,-1.312,-1,425.000,-1,425.000,-1,350.000,350.000,300.000,275.000,-1,-1,-1,-1,900.000,-1,-1,-1,2,0,2,0,2,0,0,0,0,2,2,2,2,0,2,2,2
67,-3432.009,-8883.604,358.419,-50.970,0.627443,0.773232,-0.091808,-0.778181,0.626828,-0.039000,0.027392,0.095913,0.995013,0,-0.07452,-0.65508,-4.471,-1.310,-1,425.000,-1,425.000,-1,350.000,350.000,300.000,275.000,-1,-1,-1,-1,900.000,-1,-1,-1,2,0,2,0,2,0,0,0,0,2,2,2,2,0,2,2,2
68,-3435.691,-8878.843,358.173,-52.278,0.609680,0.787289,-0.092013,-0.792238,0.608979,-0.038778,0.025504,0.096539,0.995002,0,-0.10034,-0.65392,-6.020,-1.308,-1,425.000,-1,425.000,-1,350.000,350.000,300.000,275.000,-1,-1,-1,-1,900.000,-1,-1,-1,2,0,2,0,2,0,0,0,0,2,2,2,2,0,2,2,2
69,-3439.259,-8874.006,357.940,-53.583,0.591638,0.800911,-0.092224,-0.805858,0.590853,-0.038554,0.023613,0.097130,0.994992,0,-0.10019,-0.65265,-6.012,-1.305,-1,425.000,-1,425.000,-1,350.000,350.000,300.000,275.000,-1,-1,-1,-1,925.000,-1,-1,-1,2,0,2,0,2,0,0,0,0,2,2,2,2,0,2,2,2
70,-3442.712,-8869.095,357.723,-54.886,0.573329,0.814094,-0.092441,-0.819037,0.572459,-0.038326,0.021718,0.097686,0.994980,0,-0.10009,-0.65141,-6.006,-1.303,-1,425.000,-1,425.000,-1,350.000,350.000,300.000,275.000,-1,-1,-1,-1,925.000,-1,-1,-1,2,0,2,0,2,0,0,0,0,2,2,2,2,0,2,2,2
71,-3446.052,-8864.108,357.519,-56.186,0.554763,0.826833,-0.092663,-0.831773,0.553808,-0.038095,0.019819,0.098208,0.994969,0,-0.10004,-0.65019,-6.003,-1.300,-1,425.000,-1,425.000,-1,350.000,350.000,300.000,275.000,-1,-1,-1,-1,950.000,1000.000,-1,-1,2,0,2,0,2,0,0,0,0,2,2,2,2,0,0,2,2
72,-3449.277,-8859.048,357.330,-57.484,0.535949,0.839125,-0.092889,-0.844060,0.534910,-0.037859,0.017918,0.098694,0.994956,0,-0.10004,-0.64899,-6.002,-1.298,-1,425.000,-1,425.000,-1,350.000,350.000,300.000,275.000,-1,-1,-1,-1,950.000,1000.000,-1,-1,2,0,2,0,2,0,0,0,0,2,2,2,2,0,0,2,2
73,-3452.389,-8853.915,357.155,-58.780,0.516899,0.850967,-0.093118,-0.855897,0.515777,-0.037620,0.016015,0.099146,0.994944,0,-0.10007,-0.64782,-6.004,-1.296,-1,425.000,-1,425.000,-1,350.000,350.000,300.000,275.000,-1,-1,-1,-1,975.000,975.000,-1,-1,2,0,2,0,2,0,0,0,0,2,2,2,2,0,0,2,2
74,-3455.386,-8848.708,356.994,-60.073,0.497622,0.862356,-0.093352,-0.867279,0.496417,-0.037376,0.014110,0.099561,0.994931,0,-0.10016,-0.64668,-6.009,-1.293,-1,425.000,-1,425.000,-1,350.000,350.000,300.000,275.000,-1,-1,-1,-1,975.000,975.000,-1,-1,2,0,2,0,2,0,0,0,0,2,2,2,2,0,0,2,2
75,-3458.269,-8843.428,356.849,-61.364,0.478129,0.873289,-0.093588,-0.878205,0.476842,-0.037128,0.012203,0.099941,0.994919,0,-0.10028,-0.64556,-6.017,-1.291,-1,425.000,-1,425.000,-1,350.000,350.000,300.000,275.000,-1,-1,-1,-1,975.000,975.000,-1,-1,2,0,2,0,2,0,0,0,0,2,2,2,2,0,0,2,2
76,-3461.037,-8838.076,356.717,-62.653,0.458431,0.883764,-0.093826,-0.888671,0.457061,-0.036875,0.010295,0.100285,0.994905,0,-0.10045,-0.64447,-6.027,-1.289,-1,425.000,-1,425.000,-1,350.000,350.000,300.000,275.000,-1,-1,-1,-1,1000.000,950.000,-1,-1,2,0,2,0,2,0,0,0,0,2,2,2,2,0,0,2,2
77,-3463.690,-8832.651,356.601,-63.940,0.438536,0.893777,-0.094066,-0.898674,0.437085,-0.036618,0.008386,0.100593,0.994892,0,-0.10066,-0.64341,-6.040,-1.287,-1,425.000,-1,425.000,-1,350.000,350.000,300.000,275.000,-1,-1,-1,-1,1000.000,950.000,-1,-1,2,0,2,0,2,0,0,0,0,2,2,2,2,0,0,2,2
78,-3466.226,-8827.155,356.499,-65.225,0.418456,0.903328,-0.094307,-0.908214,0.416924,-0.036356,0.006478,0.100865,0.994879,0,-0.10091,-0.64238,-6.055,-1.285,-1,425.000,-1,425.000,-1,350.000,350.000,300.000,275.000,-1,-1,-1,-1,1000.000,925.000,-1,-1,2,0,2,0,2,0,0,0,0,2,2,2,2,0,0,2,2
79,-3468.647,-8821.587,356.412,-66.507,0.398200,0.912413,-0.094549,-0.917287,0.396587,-0.036089,0.004569,0.101099,0.994866,0,-0.10121,-0.64139,-6.073,-1.283,-1,425.000,-1,425.000,-1,350.000,350.000,300.000,275.000,-1,-1,-1,-1,-1,925.000,-1,-1,2,0,2,0,2,0,0,0,0,2,2,2,2,2,0,2,2
80,-3470.950,-8815.948,356.341,-67.788,0.377778,0.921031,-0.094791,-0.925892,0.376086,-0.035817,0.002661,0.101298,0.994853,0,-0.10154,-0.64042,-6.093,-1.281,-1,425.000,-1,425.000,-1,350.000,350.000,300.000,275.000,-1,-1,-1,-1,-1,925.000,-1,-1,2,0,2,0,2,0,0,0,0,2,2,2,2,2,0,2,2
81,-3473.134,-8810.238,356.284,-69.067,0.357200,0.929181,-0.095033,-0.934028,0.355428,-0.035540,0.000754,0.101459,0.994839,0,-0.10192,-0.63948,-6.115,-1.279,-1,425.000,-1,425.000,-1,350.000,350.000,300.000,275.000,-1,-1,-1,-1,-1,900.000,-1,-1,2,0,2,0,2,0,0,0,0,2,2,2,2,2,0,2,2
82,-3475.199,-8804.458,356.243,-70.344,0.336476,0.936860,-0.095274,-0.941691,0.334626,-0.035259,-0.001152,0.101583,0.994826,0,-0.10233,-0.63857,-6.140,-1.277,-1,425.000,-1,425.000,-1,350.000,350.000,300.000,275.000,-1,-1,-1,-1,-1,900.000,-1,-1,2,0,2,0,2,0,0,0,0,2,2,2,2,2,0,2,2
83,-3475.620,-8803.188,356.190,-71.676,0.314722,0.944385,-0.095323,-0.949178,0.312763,-0.035231,-0.003458,0.101567,0.994823,0,-0.02233,-0.66585,-1.340,-1.332,-1,425.000,-1,425.000,-1,350.000,350.000,300.000,275.000,-1,-1,-1,-1,-1,900.000,-1,-1,2,0,2,0,2,0,0,0,0,2,2,2,2,2,0,2,2
84,-3474.609,-8806.499,356.164,-73.007,0.292830,0.951429,-0.095040,-0.956146,0.290762,-0.035238,-0.005892,0.101190,0.994850,0,0.05767,-0.66523,3.460,-1.330,-1,425.000,-1,425.000,-1,350.000,350.000,300.000,275.000,-1,-1,-1,-1,-1,875.000,-1,-1,2,0,2,0,2,0,0,0,0,2,2,2,2,2,0,2,2
85,-3472.380,-8814.454,356.089,-74.336,0.270819,0.957974,-0.094565,-0.962592,0.268620,-0.035502,-0.008608,0.100642,0.994885,0,0.13767,-0.66486,8.260,-1.330,-1,425.000,-1,425.000,-1,350.000,350.000,275.000,275.000,-1,-1,-1,-1,-1,875.000,-1,-1,2,0,2,0,2,0,0,0,0,2,2,2,2,2,0,2,2
86,-3469.148,-8827.110,355.929,-75.666,0.248695,0.964015,-0.093944,-0.968512,0.246340,-0.036070,-0.011630,0.099956,0.994924,0,0.21767,-0.66469,13.060,-1.329,-1,425.000,-1,425.000,-1,350.000,325.000,275.000,275.000,-1,-1,-1,-1,-1,875.000,-1,-1,2,0,2,0,2,0,0,0,0,2,2,2,2,2,0,2,2
87,-3465.130,-8844.514,355.663,-76.995,0.226460,0.969553,-0.093184,-0.973906,0.223927,-0.036935,-0.014944,0.099117,0.994964,0,0.29767,-0.66469,17.860,-1.329,-1,425.000,-1,400.000,-1,350.000,325.000,275.000,275.000,-1,-1,-1,-1,-1,850.000,-1,-1,2,0,2,0,2,0,0,0,0,2,2,2,2,2,0,2,2
88,-3460.546,-8866.708,355.270,-78.325,0.204120,0.974585,-0.092298,-0.978770,0.201389,-0.038091,-0.018535,0.098114,0.995003,0,0.37767,-0.66483,22.660,-1.330,-1,425.000,-1,400.000,-1,350.000,325.000,275.000,275.000,-1,-1,-1,-1,-1,850.000,-1,-1,2,0,2,0,2,0,0,0,0,2,2,2,2,2,0,2,2
89,-3455.617,-8893.723,354.728,-79.655,0.181678,0.979111,-0.091296,-0.983103,0.178733,-0.039530,-0.022386,0.096935,0.995039,0,0.45767,-0.66505,27.460,-1.330,-1,425.000,-1,400.000,-1,350.000,325.000,275.000,275.000,-1,-1,-1,-1,-1,825.000,-1,-1,2,0,2,0,2,0,0,0,0,2,2,2,2,2,0,2,2
90,-3450.564,-8925.587,354.014,-80.985,0.159140,0.983128,-0.090190,-0.986901,0.155967,-0.041241,-0.026479,0.095571,0.995070,0,0.53767,-0.66535,32.260,-1.331,-1,425.000,-1,400.000,-1,325.000,325.000,275.000,275.000,-1,-1,-1,-1,-1,825.000,-1,-1,2,0,2,0,2,0,0,0,0,2,2,2,2,2,0,2,2
91,-3445.612,-8962.317,353.110,-82.317,0.136513,0.986633,-0.088989,-0.990160,0.133103,-0.043216,-0.030793,0.094013,0.995095,0,0.61767,-0.66567,37.060,-1.331,-1,425.000,-1,400.000,-1,325.000,325.000,275.000,275.000,-1,-1,-1,-1,-1,800.000,-1,1000.000,2,0,2,0,2,0,0,0,0,2,2,2,2,2,0,2,1
92,-3440.984,-9003.922,351.996,-83.649,0.113804,0.989625,-0.087703,-0.992876,0.110151,-0.045439,-0.035307,0.092249,0.995110,0,0.69767,-0.66598,41.860,-1.332,-1,425.000,-1,400.000,1000.000,325.000,325.000,300.000,275.000,-1,-1,-1,-1,-1,775.000,-1,975.000,2,0,2,0,1,0,0,0,0,2,2,2,2,2,0,2,1
93,-3436.905,-9050.405,350.655,-84.981,0.091022,0.992099,-0.086339,-0.995045,0.087124,-0.047896,-0.039996,0.090271,0.995114,0,0.77767,-0.66625,46.660,-1.333,-1,425.000,-1,400.000,975.000,325.000,325.000,300.000,275.000,-1,-1,-1,-1,1000.000,775.000,-1,925.000,2,0,2,0,1,0,0,0,0,2,2,2,2,0,0,2,1
94,-3433.601,-9101.761,349.073,-86.314,0.068175,0.994054,-0.084901,-0.996666,0.064035,-0.050568,-0.044831,0.088065,0.995105,0,0.85767,-0.66645,51.460,-1.333,-1,425.000,-1,400.000,925.000,325.000,325.000,300.000,275.000,-1,-1,-1,-1,1000.000,750.000,-1,875.000,2,0,2,0,1,0,0,0,0,2,2,2,2,0,0,2,1
95,-3431.294,-9157.975,347.238,-87.647,0.045275,0.995488,-0.083389,-0.997733,0.040901,-0.053434,-0.049783,0.085619,0.995083,0,0.93767,-0.66653,56.260,-1.333,-1,425.000,-1,400.000,875.000,325.000,325.000,300.000,275.000,-1,-1,-1,-1,925.000,725.000,-1,825.000,2,0,2,0,1,0,0,0,0,2,2,2,2,1,0,2,1
96,-3430.230,-9217.967,344.244,-88.980,0.022196,0.996418,-0.081601,-0.998331,0.017738,-0.054966,-0.053322,0.082685,0.995148,0,1.00000,-0.66646,60.000,-1.333,-1,425.000,975.000,400.000,825.000,325.000,325.000,300.000,275.000,-1,-1,-1,-1,850.000,700.000,-1,775.000,2,0,1,0,1,0,0,0,0,2,2,2,2,1,1,2,1
97,-3430.562,-9277.968,340.610,-90.312,-0.001020,0.996915,-0.078486,-0.998411,-0.005437,-0.056086,-0.056340,0.078304,0.995336,0,1.00000,-0.66617,60.000,-1.332,-1,425.000,875.000,400.000,775.000,325.000,325.000,300.000,275.000,-1,-1,-1,-1,800.000,650.000,-1,725.000,2,0,1,0,1,0,0,0,0,2,2,2,2,1,1,2,1
98,-3432.287,-9337.944,336.889,-91.644,-0.024257,0.996860,-0.075372,-0.997956,-0.028603,-0.057139,-0.059116,0.073832,0.995517,0,1.00000,-0.66553,60.000,-1.331,-1,425.000,800.000,375.000,725.000,325.000,325.000,300.000,275.000,-1,-1,-1,-1,725.000,600.000,-1,675.000,2,0,1,0,1,0,0,0,0,2,2,2,2,1,1,2,1
99,-3435.402,-9397.864,333.095,-92.973,-0.047485,0.996255,-0.072255,-0.996968,-0.051735,-0.058127,-0.061647,0.069275,0.995691,0,1.00000,-0.66455,60.000,-1.329,-1,425.000,725.000,375.000,675.000,325.000,325.000,300.000,275.000,-1,-1,-1,-1,650.000,550.000,-1,625.000,2,0,1,0,1,0,0,0,0,2,2,2,2,1,1,2,1
100,-3439.904,-9457.695,329.242,-94.299,-0.070678,0.995101,-0.069133,-0.995448,-0.074805,-0.059053,-0.063935,0.064645,0.995858,0,1.00000,-0.66318,60.000,-1.326,-1,425.000,650.000,375.000,625.000,325.000,325.000,300.000,275.000,-1,-1,-1,-1,600.000,500.000,-1,575.000,2,1,1,0,1,0,0,0,0,2,2,2,2,1,1,2,1
101,-3445.785,-9517.407,325.345,-95.622,-0.093805,0.993400,-0.066005,-0.993402,-0.097786,-0.059920,-0.065979,0.059948,0.996019,0,1.00000,-0.66141,60.000,-1.323,-1,400.000,575.000,375.000,575.000,325.000,325.000,300.000,275.000,-1,-1,-1,-1,525.000,450.000,-1,500.000,2,1,1,0,1,0,0,0,0,2,2,2,2,1,1,2,1
102,-3453.038,-9576.968,321.419,-96.940,-0.116837,0.991159,-0.062867,-0.990835,-0.120651,-0.060734,-0.067782,0.055195,0.996172,0,1.00000,-0.65922,60.000,-1.318,-1,350.000,500.000,350.000,525.000,325.000,325.000,300.000,275.000,-1,-1,-1,-1,475.000,425.000,-1,450.000,2,1,1,1,1,1,1,0,0,2,2,2,2,1,1,2,1
103,-3461.654,-9636.346,317.478,-98.253,-0.139742,0.988386,-0.059718,-0.987757,-0.143369,-0.061498,-0.069345,0.050393,0.996319,0,1.00000,-0.65655,60.000,-1.313,-1,325.000,450.000,325.000,450.000,275.000,275.000,300.000,275.000,-1,-1,-1,-1,400.000,375.000,600.000,400.000,2,1,1,1,1,1,1,0,0,2,2,2,2,1,1,1,1
104,-3471.621,-9695.513,313.535,-99.560,-0.162489,0.985088,-0.056557,-0.984176,-0.165911,-0.062217,-0.070673,0.045552,0.996459,0,1.00000,-0.65339,60.000,-1.307,-1,275.000,375.000,275.000,400.000,250.000,250.000,300.000,275.000,-1,-1,-1,-1,350.000,325.000,450.000,350.000,2,1,1,1,1,1,1,0,0,2,2,2,2,1,1,1,1
105,-3482.927,-9754.439,309.605,-100.860,-0.185045,0.981279,-0.053381,-0.980106,-0.188246,-0.062897,-0.071769,0.040680,0.996591,0,1.00000,-0.64968,60.000,-1.299,-1,225.000,325.000,225.000,350.000,200.000,200.000,300.000,275.000,-1,-1,-1,-1,300.000,275.000,350.000,300.000,2,1,1,1,1,1,1,0,0,2,2,2,2,1,1,1,1
106,-3495.555,-9813.094,307.109,-102.150,-0.207289,0.976754,-0.054615,-0.975998,-0.210294,-0.056601,-0.066771,0.041571,0.996902,0,1.00000,-0.64536,60.000,-1.291,-1,200.000,275.000,200.000,300.000,175.000,175.000,325.000,275.000,-1,-1,-1,-1,250.000,225.000,275.000,250.000,2,1,1,1,1,1,1,0,0,2,2,2,2,1,1,1,1
107,-3509.482,-9871.453,308.231,-103.431,-0.229247,0.971062,-0.066964,-0.972119,-0.231894,-0.034773,-0.049295,0.057125,0.997149,0,1.00000,-0.64036,60.000,-1.281,-1,175.000,225.000,175.000,250.000,150.000,150.000,375.000,275.000,-1,375.000,450.000,-1,225.000,200.000,250.000,200.000,2,1,1,1,1,1,1,0,0,2,0,0,2,1,1,1,1
108,-3524.697,-9929.489,312.627,-104.700,-0.252370,0.965187,-0.068730,-0.967403,-0.253215,-0.003727,-0.021001,0.065549,0.997628,0,1.00000,-0.63461,60.000,-1.269,-1,150.000,200.000,150.000,200.000,150.000,125.000,450.000,275.000,-1,200.000,175.000,-1,200.000,175.000,250.000,175.000,2,1,1,1,1,1,1,0,0,2,0,0,2,1,1,1,1
109,4919.489,5575.426,12.199,65.762,0.410814,-0.911717,-0.002126,0.911146,0.410472,0.036404,-0.032317,-0.016892,0.999335,1,0.00000,0.00000,60.000,-1.256,-1,400.000,-1,225.000,225.000,275.000,225.000,250.000,350.000,575.000,200.000,450.000,-1,875.000,300.000,-1,200.000,2,1,2,1,1,1,1,0,0,0,0,0,2,1,1,2,1
110,4921.478,5579.795,12.117,65.522,0.414670,-0.909965,-0.003615,0.909418,0.414276,0.036541,-0.031753,-0.018440,0.999326,0,0.08000,-0.12000,4.800,-0.240,-1,375.000,-1,225.000,225.000,275.000,225.000,250.000,350.000,550.000,200.000,450.000,-1,875.000,300.000,-1,200.000,2,1,2,1,1,1,1,0,0,0,0,0,2,1,1,2,1
111,4925.528,5588.499,11.958,65.042,0.422357,-0.906405,-0.006640,0.905913,0.421858,0.036851,-0.030601,-0.021580,0.999299,0,0.16000,-0.24000,9.600,-0.480,-1,375.000,-1,225.000,225.000,275.000,225.000,250.000,375.000,550.000,200.000,425.000,-1,875.000,300.000,-1,200.000,2,1,2,1,1,1,1,0,0,0,0,0,2,1,1,2,1
112,4931.766,5601.477,11.729,64.322,0.433821,-0.900928,-0.011289,0.900538,0.433165,0.037407,-0.028811,-0.026395,0.999236,0,0.24000,-0.36000,14.400,-0.720,-1,350.000,-1,225.000,225.000,250.000,200.000,250.000,375.000,525.000,175.000,400.000,-1,850.000,275.000,-1,200.000,2,1,2,1,1,1,1,0,0,0,0,0,2,1,1,2,1
113,4940.331,5618.661,11.490,63.498,0.446846,-0.894434,-0.017815,0.894229,0.445984,0.038121,-0.026152,-0.032965,0.999114,0,0.32000,-0.41184,19.200,-0.824,-1,350.000,-1,225.000,225.000,250.000,200.000,250.000,400.000,475.000,175.000,400.000,-1,850.000,275.000,-1,200.000,2,1,2,1,1,1,1,0,0,0,0,0,2,1,1,2,1
114,4951.343,5639.985,11.306,62.677,0.459720,-0.887668,-0.026510,0.887782,0.458616,0.038924,-0.022394,-0.041429,0.998890,0,0.40000,-0.41071,24.000,-0.821,-1,325.000,-1,200.000,200.000,250.000,200.000,250.000,400.000,450.000,150.000,375.000,-1,900.000,275.000,-1,200.000,2,1,2,1,1,1,1,0,0,0,0,0,2,1,1,2,1
115,4964.923,5665.382,11.214,61.855,0.472433,-0.880563,-0.037620,0.881195,0.471067,0.039896,-0.017410,-0.051999,0.998495,0,0.48000,-0.41089,28.800,-0.822,-1,325.000,-1,200.000,200.000,225.000,200.000,250.000,425.000,425.000,125.000,350.000,-1,950.000,250.000,-1,175.000,2,1,2,1,1,1,1,0,0,0,0,0,2,1,1,2,1
116,4981.189,5694.783,11.265,61.030,0.484950,-0.873028,-0.051441,0.874472,0.483329,0.041131,-0.011045,-0.064930,0.997829,0,0.56000,-0.41244,33.600,-0.825,-1,300.000,-1,200.000,200.000,225.000,175.000,225.000,450.000,375.000,125.000,325.000,-1,950.000,250.000,-1,175.000,2,1,2,1,1,1,1,0,1,0,0,0,2,1,1,2,1
117,5000.266,5728.109,12.334,60.199,0.497010,-0.865176,-0.066723,0.867745,0.495509,0.038590,-0.000326,-0.077078,0.997025,0,0.64000,-0.41549,38.400,-0.831,-1,300.000,-1,200.000,200.000,200.000,175.000,225.000,475.000,325.000,100.000,300.000,-1,950.000,250.000,-1,175.000,2,1,2,1,1,1,1,0,1,0,0,0,2,1,1,2,1
118,5022.283,5765.279,15.896,59.359,0.508147,-0.857418,-0.081372,0.861043,0.507911,0.025122,0.019789,-0.082831,0.996367,0,0.72000,-0.42023,43.200,-0.840,-1,350.000,-1,175.000,200.000,200.000,175.000,250.000,475.000,300.000,100.000,250.000,-1,1000.000,250.000,-1,175.000,2,1,2,1,1,1,1,0,1,0,0,0,2,1,1,2,1
119,327.970,-3607.636,526.678,-145.697,-0.824522,0.562945,0.057061,-0.564616,-0.825161,-0.017827,0.037049,-0.046916,0.998212,1,0.00000,0.00000,48.000,-0.854,-1,400.000,-1,425.000,-1,325.000,325.000,325.000,325.000,-1,-1,-1,-1,850.000,-1,-1,-1,2,0,2,0,2,0,0,0,0,2,2,2,2,0,2,2,2
120,331.626,-3605.164,526.490,-145.937,-0.826861,0.559489,0.057211,-0.561158,-0.827520,-0.017677,0.037453,-0.046721,0.998206,0,-0.07356,-0.12000,-4.414,-0.240,-1,400.000,-1,425.000,-1,325.000,325.000,325.000,325.000,-1,-1,-1,-1,850.000,-1,-1,-1,2,0,2,0,2,0,0,0,0,2,2,2,2,0,2,2,2
121,335.323,-3602.709,526.273,-146.417,-0.831506,0.552546,0.057370,-0.554211,-0.832191,-0.017540,0.038051,-0.046380,0.998199,0,-0.07396,-0.24000,-4.438,-0.480,-1,400.000,-1,425.000,-1,325.000,325.000,325.000,325.000,-1,-1,-1,-1,850.000,-1,-1,-1,2,0,2,0,2,0,0,0,0,2,2,2,2,0,2,2,2
122,339.072,-3600.287,526.026,-147.137,-0.838369,0.542057,0.057543,-0.543717,-0.839088,-0.017419,0.038841,-0.045891,0.998191,0,-0.07439,-0.36000,-4.464,-0.720,-1,400.000,-1,425.000,-1,325.000,325.000,325.000,325.000,-1,-1,-1,-1,850.000,-1,-1,-1,2,0,2,0,2,0,0,0,0,2,2,2,2,0,2,2,2
123,342.883,-3597.910,525.755,-148.057,-0.846948,0.528532,0.057732,-0.530185,-0.847705,-0.017314,0.039788,-0.045273,0.998182,0,-0.07486,-0.45991,-4.492,-0.920,-1,400.000,-1,425.000,-1,325.000,325.000,325.000,325.000,-1,-1,-1,-1,875.000,-1,-1,-1,2,0,2,0,2,0,0,0,0,2,2,2,2,0,2,2,2
124,346.757,-3595.580,525.482,-148.977,-0.855310,0.514867,0.057932,-0.516513,-0.856106,-0.017216,0.040732,-0.044648,0.998172,0,-0.07535,-0.46001,-4.521,-0.920,-1,400.000,-1,425.000,-1,325.000,325.000,325.000,325.000,-1,-1,-1,-1,875.000,-1,-1,-1,2,0,2,0,2,0,0,0,0,2,2,2,2,0,2,2,2
125,350.693,-3593.297,525.206,-149.897,-0.863454,0.501066,0.058145,-0.502704,-0.864289,-0.017126,0.041673,-0.044017,0.998161,0,-0.07584,-0.46011,-4.550,-0.920,-1,400.000,-1,425.000,-1,325.000,325.000,325.000,325.000,-1,-1,-1,-1,875.000,-1,-1,-1,2,0,2,0,2,0,0,0,0,2,2,2,2,0,2,2,2
126,354.690,-3591.065,524.929,-150.818,-0.871376,0.487131,0.058370,-0.488761,-0.872251,-0.017043,0.042611,-0.043380,0.998150,0,-0.07631,-0.46022,-4.579,-0.920,-1,400.000,-1,425.000,-1,325.000,325.000,325.000,325.000,-1,-1,-1,-1,875.000,-1,-1,-1,2,0,2,0,2,0,0,0,0,2,2,2,2,0,2,2,2
127,358.747,-3588.883,524.649,-151.738,-0.879076,0.473065,0.058606,-0.474688,-0.879990,-0.016968,0.043546,-0.042736,0.998137,0,-0.07678,-0.46035,-4.607,-0.921,-1,400.000,-1,425.000,-1,325.000,325.000,325.000,325.000,-1,-1,-1,-1,900.000,-1,-1,-1,2,0,2,0,2,0,0,0,0,2,2,2,2,0,2,2,2
128,362.863,-3586.754,524.368,-152.659,-0.886551,0.458872,0.058854,-0.460488,-0.887505,-0.016902,0.044477,-0.042086,0.998123,0,-0.07724,-0.46049,-4.634,-0.921,-1,400.000,-1,425.000,-1,325.000,325.000,325.000,325.000,-1,-1,-1,-1,900.000,-1,-1,-1,2,0,2,0,2,0,0,0,0,2,2,2,2,0,2,2,2
129,367.037,-3584.680,524.084,-153.581,-0.893799,0.444555,0.059114,-0.446164,-0.894793,-0.016845,0.045406,-0.041431,0.998109,0,-0.07768,-0.46064,-4.661,-0.921,-1,400.000,-1,425.000,-1,325.000,325.000,325.000,325.000,-1,-1,-1,-1,900.000,-1,-1,-1,2,0,2,0,2,0,0,0,0,2,2,2,2,0,2,2,2
130,371.267,-3582.662,523.799,-154.502,-0.900818,0.430117,0.059384,-0.431719,-0.901852,-0.016798,0.046331,-0.040769,0.998094,0,-0.07812,-0.46080,-4.687,-0.922,-1,400.000,-1,425.000,-1,325.000,325.000,325.000,300.000,-1,-1,-1,-1,925.000,-1,-1,-1,2,0,2,0,2,0,0,0,0,2,2,2,2,0,2,2,2
131,375.553,-3580.702,523.512,-155.424,-0.907606,0.415562,0.059666,-0.417156,-0.908680,-0.016761,0.047252,-0.040102,0.998078,0,-0.07855,-0.46096,-4.713,-0.922,-1,400.000,-1,425.000,-1,325.000,325.000,325.000,300.000,-1,-1,-1,-1,925.000,-1,-1,-1,2,0,2,0,2,0,0,0,0,2,2,2,2,0,2,2,2
132,379.893,-3578.801,523.223,-156.346,-0.914161,0.400893,0.059958,-0.402479,-0.915276,-0.016734,0.048170,-0.039430,0.998061,0,-0.07897,-0.46114,-4.738,-0.922,-1,400.000,-1,425.000,-1,325.000,325.000,325.000,300.000,-1,-1,-1,-1,925.000,-1,-1,-1,2,0,2,0,2,0,0,0,0,2,2,2,2,0,2,2,2
133,384.285,-3576.960,522.933,-157.269,-0.920481,0.386113,0.060261,-0.387692,-0.921637,-0.016719,0.049083,-0.038752,0.998043,0,-0.07938,-0.46133,-4.763,-0.923,-1,400.000,-1,425.000,-1,325.000,325.000,325.000,300.000,-1,-1,-1,-1,925.000,-1,-1,-1,2,0,2,0,2,0,0,0,0,2,2,2,2,0,2,2,2
134,388.729,-3575.182,522.642,-158.192,-0.926565,0.371225,0.060574,-0.372797,-0.927762,-0.016714,0.049993,-0.038068,0.998024,0,-0.07977,-0.46153,-4.786,-0.923,-1,400.000,-1,425.000,-1,325.000,350.000,325.000,300.000,-1,-1,-1,-1,950.000,-1,-1,-1,2,0,2,0,2,0,0,0,0,2,2,2,2,0,2,2,2
135,393.222,-3573.467,522.348,-159.116,-0.932411,0.356233,0.060896,-0.357799,-0.933649,-0.016722,0.050899,-0.037380,0.998004,0,-0.08016,-0.46173,-4.810,-0.923,-1,400.000,-1,425.000,-1,325.000,350.000,300.000,300.000,-1,-1,-1,-1,950.000,-1,-1,-1,2,0,2,0,2,0,0,0,0,2,2,2,2,0,2,2,2
136,397.763,-3571.817,522.054,-160.040,-0.938016,0.341142,0.061228,-0.342700,-0.939296,-0.016741,0.051800,-0.036687,0.997983,0,-0.08053,-0.46195,-4.832,-0.924,-1,400.000,-1,425.000,-1,325.000,350.000,300.000,300.000,-1,-1,-1,-1,950.000,-1,-1,-1,2,0,2,0,2,0,0,0,0,2,2,2,2,0,2,2,2
