timestep,x_cm,y_cm,z_cm,yaw_deg,basis_xx,basis_xy,basis_xz,basis_yx,basis_yy,basis_yz,basis_zx,basis_zy,basis_zz,teleport_flag,throttle_cmd,steering_cmd,cmd_move_cm,cmd_turn_deg,lidar_cm_0,lidar_cm_1,lidar_cm_2,lidar_cm_3,lidar_cm_4,lidar_cm_5,lidar_cm_6,lidar_cm_7,lidar_cm_8,lidar_cm_9,lidar_cm_10,lidar_cm_11,lidar_cm_12,lidar_cm_13,lidar_cm_14,lidar_cm_15,lidar_cm_16,lidar_class_0,lidar_class_1,lidar_class_2,lidar_class_3,lidar_class_4,lidar_class_5,lidar_class_6,lidar_class_7,lidar_class_8,lidar_class_9,lidar_class_10,lidar_class_11,lidar_class_12,lidar_class_13,lidar_class_14,lidar_class_15,lidar_class_16
0,-3605.690,4267.957,-91.791,66.238,0.400908,-0.915100,-0.043194,0.913490,0.402882,-0.056767,0.069350,-0.016699,0.997453,1,0.08000,-0.12000,4.800,-0.240,-1,375.000,-1,400.000,-1,300.000,325.000,325.000,325.000,-1,750.000,625.000,-1,675.000,725.000,-1,-1,2,0,2,0,2,0,0,0,0,2,0,0,2,0,0,2,2
1,-3601.748,4276.711,-91.114,65.758,0.408577,-0.911704,-0.043139,0.910053,0.410539,-0.057098,0.069767,-0.015930,0.997436,0,0.16000,-0.24000,9.600,-0.480,-1,375.000,-1,400.000,-1,300.000,325.000,325.000,325.000,-1,750.000,625.000,-1,675.000,750.000,-1,-1,2,0,2,0,2,0,0,0,0,2,0,0,2,0,0,2,2
2,-3595.671,4289.766,-90.096,65.038,0.420028,-0.906489,-0.043059,0.904777,0.421971,-0.057603,0.070386,-0.014764,0.997411,0,0.24000,-0.36000,14.400,-0.720,-1,375.000,-1,400.000,-1,300.000,325.000,325.000,325.000,-1,775.000,650.000,-1,675.000,750.000,-1,-1,2,0,2,0,2,0,0,0,0,2,0,0,2,0,0,2,2
3,-3587.277,4307.034,-88.732,64.078,0.435193,-0.899312,-0.042956,0.897517,0.437109,-0.058292,0.071199,-0.013186,0.997375,0,0.32000,-0.48000,19.200,-0.960,-1,375.000,-1,400.000,-1,325.000,325.000,325.000,325.000,-1,775.000,650.000,-1,675.000,750.000,-1,-1,2,0,2,0,2,0,0,0,0,2,0,0,2,0,0,2,2
4,-3576.336,4328.395,-87.017,62.878,0.453979,-0.889982,-0.042837,0.888083,0.455858,-0.059178,0.072195,-0.011177,0.997328,0,0.40000,-0.60000,24.000,-1.200,-1,375.000,-1,400.000,-1,325.000,325.000,325.000,325.000,975.000,800.000,675.000,-1,675.000,775.000,-1,-1,2,0,2,0,2,0,0,0,0,1,0,0,2,0,0,2,2
5,-3562.639,4353.730,-84.948,61.604,0.473711,-0.879644,-0.042712,0.877623,0.475548,-0.060267,0.073325,-0.008936,0.997268,0,0.48000,-0.63715,28.800,-1.274,-1,375.000,-1,400.000,-1,325.000,325.000,325.000,325.000,825.000,825.000,675.000,-1,675.000,775.000,-1,-1,2,0,2,0,2,0,0,0,0,1,0,0,2,0,0,2,2
6,-3546.000,4382.921,-82.523,60.317,0.493406,-0.868756,-0.042588,0.866596,0.495197,-0.061571,0.074580,-0.006527,0.997194,0,0.56000,-0.64357,33.600,-1.287,-1,375.000,-1,400.000,-1,325.000,325.000,325.000,325.000,775.000,850.000,700.000,-1,675.000,800.000,-1,-1,2,0,2,0,2,0,0,0,0,1,0,0,2,0,0,2,2
7,-3526.230,4415.841,-79.789,59.013,0.513102,-0.857281,-0.042377,0.855007,0.514832,-0.062539,0.075430,-0.004144,0.997142,0,0.64000,-0.65155,38.400,-1.303,-1,375.000,-1,400.000,-1,325.000,325.000,325.000,325.000,750.000,875.000,725.000,-1,675.000,800.000,-1,-1,2,0,2,0,2,0,0,0,0,1,0,0,2,0,0,2,2
8,-3504.528,4450.159,-76.881,57.691,0.532848,-0.845176,-0.041841,0.842815,0.534486,-0.063144,0.075732,-0.001618,0.997127,0,0.67673,-0.66127,40.604,-1.323,-1,375.000,-1,400.000,-1,325.000,325.000,325.000,325.000,725.000,925.000,775.000,-1,675.000,800.000,-1,-1,2,0,2,0,2,0,0,0,0,1,0,0,2,0,0,2,2
9,-3482.147,4483.778,-73.982,56.347,0.552628,-0.832405,-0.041286,0.829959,0.554167,-0.063766,0.075959,0.000973,0.997110,0,0.67313,-0.67215,40.388,-1.344,-1,375.000,-1,400.000,-1,325.000,325.000,325.000,325.000,725.000,-1,825.000,-1,675.000,825.000,-1,-1,2,0,2,0,2,0,0,0,0,1,2,0,2,0,0,2,2
10,-3457.231,4519.685,-70.726,55.242,0.568675,-0.821565,-0.040496,0.818994,0.570103,-0.065051,0.076530,0.003827,0.997060,0,0.72841,-0.55215,43.705,-1.104,-1,375.000,-1,400.000,-1,300.000,325.000,325.000,325.000,750.000,-1,875.000,-1,675.000,825.000,-1,-1,2,0,2,0,2,0,0,0,0,1,2,0,2,0,0,2,2
11,-3431.783,4555.203,-67.380,54.378,0.581115,-0.812859,-0.039576,0.810137,0.582421,-0.066808,0.077355,0.006761,0.996981,0,0.72823,-0.43215,43.694,-0.864,-1,375.000,-1,400.000,-1,300.000,325.000,325.000,325.000,775.000,-1,900.000,-1,675.000,825.000,-1,-1,2,0,2,0,2,0,0,0,0,1,2,0,2,0,0,2,2
12,-3405.802,4590.454,-64.013,53.608,0.592096,-0.804940,-0.038643,0.802066,0.593278,-0.068640,0.078177,0.009647,0.996893,0,0.72984,-0.38497,43.790,-0.770,-1,375.000,-1,400.000,-1,300.000,325.000,325.000,325.000,775.000,-1,925.000,-1,675.000,850.000,-1,-1,2,0,2,0,2,0,0,0,0,1,2,0,2,0,0,2,2
13,-3379.230,4625.477,-60.622,52.811,0.603360,-0.796577,-0.037700,0.793549,0.604404,-0.070539,0.078976,0.012644,0.996796,0,0.73269,-0.39878,43.962,-0.798,-1,375.000,-1,400.000,-1,300.000,325.000,325.000,300.000,800.000,-1,950.000,-1,675.000,850.000,-1,-1,2,0,2,0,2,0,0,0,0,1,2,0,2,0,0,2,2
14,-3351.072,4661.504,-57.082,51.989,0.614844,-0.787794,-0.036713,0.784603,0.615736,-0.072583,0.079786,0.015822,0.996686,0,0.76209,-0.41076,45.725,-0.822,-1,375.000,-1,400.000,-1,300.000,325.000,325.000,300.000,825.000,-1,875.000,-1,675.000,850.000,-1,-1,2,0,2,0,2,0,0,0,0,1,2,0,2,1,0,2,2
15,-3322.342,4697.166,-53.575,51.142,0.626609,-0.778555,-0.034834,0.775279,0.627280,-0.073909,0.079393,0.019306,0.996656,0,0.76325,-0.42365,45.795,-0.847,-1,375.000,-1,400.000,-1,300.000,325.000,325.000,300.000,875.000,-1,975.000,-1,675.000,850.000,-1,-1,2,0,2,0,2,0,0,0,0,1,2,0,2,1,0,2,2
16,-3289.973,4736.051,-49.729,50.224,0.639226,-0.768336,-0.032401,0.764990,0.639619,-0.075346,0.078615,0.023377,0.996631,0,0.84325,-0.45907,50.595,-0.918,-1,375.000,-1,400.000,-1,300.000,325.000,325.000,300.000,900.000,-1,-1,-1,675.000,850.000,-1,-1,2,0,2,0,2,0,0,0,0,1,2,2,2,0,0,2,2
17,-3256.182,4775.338,-45.789,49.298,0.651779,-0.757823,-0.029816,0.754413,0.651874,-0.076950,0.077751,0.027661,0.996589,0,0.86365,-0.46270,51.819,-0.925,-1,375.000,-1,400.000,-1,300.000,325.000,300.000,300.000,950.000,-1,-1,-1,700.000,875.000,-1,-1,2,0,2,0,2,0,0,0,0,1,2,2,2,0,0,2,2
18,-3221.592,4814.252,-41.828,48.365,0.664258,-0.747011,-0.027131,0.743547,0.664037,-0.078702,0.076807,0.032105,0.996529,0,0.86775,-0.46642,52.065,-0.933,-1,375.000,-1,400.000,-1,300.000,325.000,300.000,300.000,975.000,-1,-1,-1,700.000,875.000,-1,-1,2,0,2,0,2,0,0,0,0,1,2,2,2,0,0,2,2
19,-3186.208,4852.770,-37.835,47.425,0.676630,-0.735906,-0.024791,0.732385,0.676107,-0.080576,0.076058,0.036364,0.996440,0,0.87172,-0.47013,52.303,-0.940,-1,375.000,-1,400.000,-1,300.000,325.000,325.000,300.000,-1,-1,-1,-1,725.000,875.000,-1,-1,2,0,2,0,2,0,0,0,0,2,2,2,2,0,0,2,2
20,-3150.035,4890.861,-33.828,46.477,0.688806,-0.724541,-0.024199,0.720910,0.688108,-0.082437,0.076381,0.039338,0.996302,0,0.87550,-0.47384,52.530,-0.948,-1,375.000,-1,425.000,-1,325.000,325.000,325.000,300.000,-1,-1,-1,-1,750.000,900.000,-1,-1,2,0,2,0,2,0,0,0,0,2,2,2,2,0,0,2,2
21,-3113.083,4928.496,-29.827,45.522,0.700891,-0.712880,-0.023564,0.709138,0.700002,-0.084384,0.076651,0.042434,0.996155,0,0.87905,-0.47758,52.743,-0.955,-1,375.000,-1,425.000,-1,325.000,325.000,325.000,300.000,-1,-1,-1,-1,775.000,925.000,-1,-1,2,0,2,0,2,0,0,0,0,2,2,2,2,0,0,2,2
22,-3075.364,4965.643,-25.763,44.559,0.712896,-0.700908,-0.022521,0.697070,0.711770,-0.086466,0.076635,0.045942,0.996000,0,0.88232,-0.48138,52.939,-0.963,-1,375.000,-1,425.000,-1,325.000,325.000,325.000,300.000,-1,-1,-1,-1,800.000,950.000,-1,-1,2,0,2,0,2,0,0,0,0,2,2,2,2,0,0,2,2
23,-3036.892,5002.269,-21.551,43.589,0.724839,-0.688609,-0.020628,0.684708,0.723392,-0.088762,0.076045,0.050214,0.995839,0,0.88531,-0.48529,53.118,-0.971,-1,400.000,-1,425.000,-1,325.000,325.000,325.000,300.000,-1,-1,-1,-1,800.000,975.000,-1,-1,2,0,2,0,2,0,0,0,0,2,2,2,2,0,0,2,2
24,-2997.678,5038.339,-17.476,42.605,0.736711,-0.675948,-0.018710,0.672043,0.734960,-0.090509,0.074931,0.054105,0.995720,0,0.88800,-0.49194,53.280,-0.984,-1,400.000,-1,425.000,-1,325.000,325.000,325.000,300.000,-1,-1,-1,-1,825.000,975.000,-1,-1,2,0,2,0,2,0,0,0,0,2,2,2,2,0,0,2,2
25,-2957.728,5073.809,-13.892,41.600,0.748540,-0.662876,-0.016838,0.659151,0.746618,-0.089893,0.072159,0.056190,0.995809,0,0.89040,-0.50255,53.424,-1.005,-1,400.000,-1,425.000,-1,325.000,325.000,300.000,300.000,-1,-1,-1,-1,825.000,975.000,-1,-1,2,0,2,0,2,0,0,0,0,2,2,2,2,0,0,2,2
26,-2917.052,5108.641,-10.355,40.572,0.760388,-0.649300,-0.014797,0.645775,0.758293,-0.089252,0.069172,0.058311,0.995899,0,0.89253,-0.51379,53.552,-1.028,-1,400.000,-1,425.000,-1,325.000,325.000,300.000,300.000,-1,-1,-1,-1,825.000,975.000,-1,-1,2,0,2,0,2,0,0,0,0,2,2,2,2,0,0,2,2
27,-2875.655,5142.793,-6.867,39.521,0.772248,-0.635197,-0.012584,0.631887,0.769980,-0.088597,0.065966,0.060467,0.995988,0,0.89444,-0.52565,53.667,-1.051,-1,400.000,-1,425.000,-1,325.000,325.000,300.000,300.000,-1,-1,-1,-1,825.000,975.000,-1,-1,2,0,2,0,2,0,0,1,0,2,2,2,2,0,0,2,2
28,-2833.741,5176.085,-3.672,38.458,0.783985,-0.620696,-0.010209,0.617578,0.781503,-0.088607,0.062977,0.063162,0.996014,0,0.89210,-0.53159,53.526,-1.063,-1,400.000,-1,425.000,-1,325.000,325.000,325.000,300.000,-1,-1,-1,-1,850.000,975.000,-1,-1,2,0,2,0,2,0,0,1,0,2,2,2,2,0,0,2,2
29,-2794.907,5205.516,-1.014,37.155,0.797974,-0.602640,-0.007894,0.599707,0.795256,-0.088995,0.059909,0.066281,0.996001,0,0.81210,-0.65159,48.726,-1.303,-1,400.000,-1,425.000,-1,325.000,325.000,325.000,300.000,-1,-1,-1,-1,875.000,975.000,-1,-1,2,0,2,0,2,0,0,1,0,2,2,2,2,0,0,2,2
30,-2759.197,5231.096,1.301,35.611,0.813971,-0.580878,-0.005670,0.578149,0.811020,-0.089393,0.056525,0.069485,0.995980,0,0.73210,-0.77159,43.926,-1.543,-1,400.000,-1,425.000,-1,325.000,325.000,325.000,300.000,-1,-1,-1,-1,875.000,975.000,-1,-1,2,0,2,0,2,0,0,1,0,2,2,2,2,0,0,2,2
31,-2726.740,5252.947,3.287,33.946,0.830546,-0.556939,-0.003579,0.554424,0.827372,-0.089834,0.052993,0.072627,0.995950,0,0.65210,-0.83263,39.126,-1.665,-1,400.000,-1,425.000,-1,325.000,325.000,300.000,300.000,-1,-1,-1,-1,900.000,975.000,-1,-1,2,0,2,0,2,0,0,1,0,2,2,2,2,0,0,2,2
32,-2697.719,5271.282,4.943,32.279,0.846418,-0.532517,-0.001566,0.530219,0.843032,-0.090361,0.049439,0.075653,0.995908,0,0.57210,-0.83342,34.326,-1.667,-1,400.000,-1,425.000,1000.000,325.000,350.000,275.000,300.000,-1,-1,-1,-1,925.000,975.000,-1,-1,2,0,2,0,1,0,0,0,0,2,2,2,2,0,0,2,2
33,-2672.308,5286.319,6.189,30.610,0.861586,-0.507611,0.000778,0.505560,0.857965,-0.091131,0.045591,0.078910,0.995839,0,0.49210,-0.83443,29.526,-1.669,-1,425.000,-1,425.000,950.000,325.000,325.000,300.000,300.000,-1,-1,-1,-1,925.000,925.000,-1,-1,2,0,2,0,1,0,0,0,0,2,2,2,2,0,1,2,2
34,-2650.670,5298.286,7.260,28.939,0.876017,-0.482271,0.002835,0.480474,0.872215,-0.091578,0.041693,0.081586,0.995794,0,0.41210,-0.83554,24.726,-1.671,-1,425.000,-1,425.000,900.000,325.000,325.000,300.000,300.000,-1,-1,-1,-1,925.000,875.000,-1,-1,2,0,2,0,1,0,0,0,0,2,2,2,2,0,1,2,2
35,-2632.957,5307.417,8.138,27.266,0.889706,-0.456512,0.004578,0.454961,0.885762,-0.091852,0.037877,0.083804,0.995762,0,0.33210,-0.83666,19.926,-1.673,-1,425.000,-1,425.000,875.000,325.000,325.000,300.000,300.000,-1,-1,-1,-1,925.000,850.000,-1,-1,2,0,2,0,1,0,0,0,0,2,2,2,2,0,1,2,2
36,-2619.314,5313.952,8.793,25.591,0.902643,-0.430348,0.005950,0.429019,0.898582,-0.092158,0.034314,0.085739,0.995727,0,0.25210,-0.83770,15.126,-1.675,-1,425.000,-1,425.000,825.000,325.000,325.000,300.000,300.000,-1,-1,-1,-1,950.000,825.000,-1,-1,2,0,2,0,1,0,0,0,0,2,2,2,2,0,1,2,2
37,-2609.874,5318.140,9.246,23.913,0.914818,-0.403807,0.006939,0.402674,0.910662,-0.092455,0.031015,0.087374,0.995693,0,0.17210,-0.83859,10.326,-1.677,-1,425.000,-1,425.000,825.000,325.000,325.000,300.000,300.000,-1,-1,-1,-1,950.000,800.000,-1,-1,2,0,2,0,1,0,0,0,0,2,2,2,2,0,1,2,2
38,-2604.757,5320.232,9.520,22.235,0.926217,-0.376915,0.007538,0.375950,0.921992,-0.092700,0.027990,0.088695,0.995666,0,0.09210,-0.83925,5.526,-1.679,-1,425.000,-1,425.000,800.000,325.000,325.000,300.000,300.000,-1,-1,-1,-1,950.000,775.000,-1,975.000,2,0,2,0,1,0,0,0,0,2,2,2,2,0,1,2,1
39,-2604.076,5320.488,9.636,20.556,0.936828,-0.349703,0.007751,0.348877,0.932557,-0.092852,0.025243,0.089691,0.995650,0,0.01210,-0.83963,0.726,-1.679,-1,425.000,-1,425.000,800.000,325.000,325.000,300.000,300.000,-1,-1,-1,-1,950.000,750.000,-1,925.000,2,0,2,0,1,0,0,0,0,2,2,2,2,0,1,2,1
40,-2607.929,5319.171,9.619,18.876,0.946640,-0.322204,0.007583,0.321487,0.942349,-0.092871,0.022778,0.090353,0.995649,0,-0.06790,-0.83969,-4.074,-1.679,-1,425.000,-1,425.000,800.000,325.000,325.000,300.000,300.000,-1,-1,-1,-1,950.000,750.000,-1,900.000,2,0,2,0,1,0,0,0,0,2,2,2,2,0,1,2,1
41,-2616.405,5316.548,9.490,17.198,0.955641,-0.294450,0.007049,0.293814,0.951355,-0.092718,0.020595,0.090676,0.995667,0,-0.14790,-0.83937,-8.874,-1.679,-1,425.000,-1,425.000,825.000,325.000,325.000,300.000,300.000,-1,-1,-1,-1,950.000,750.000,-1,875.000,2,0,2,0,1,0,0,0,0,2,2,2,2,0,1,2,1
42,-2620.324,5315.442,9.487,15.759,0.962707,-0.270460,0.006886,0.269916,0.958411,-0.092702,0.018472,0.091104,0.995670,0,-0.06790,-0.71937,-4.074,-1.439,-1,425.000,-1,425.000,825.000,325.000,325.000,300.000,300.000,-1,-1,-1,-1,975.000,750.000,-1,875.000,2,0,2,0,1,0,0,0,0,2,2,2,2,0,1,2,1
43,-2619.620,5315.625,9.590,14.560,0.968133,-0.250338,0.007078,0.249899,0.963809,-0.092855,0.016423,0.091665,0.995654,0,0.01210,-0.59937,0.726,-1.199,-1,425.000,-1,425.000,825.000,325.000,325.000,300.000,300.000,-1,-1,-1,-1,975.000,750.000,-1,850.000,2,0,2,0,1,0,0,0,0,2,2,2,2,0,1,2,1
44,-2614.248,5316.925,9.782,13.601,0.972168,-0.234160,0.007610,0.233837,0.967799,-0.093196,0.014458,0.092382,0.995619,0,0.09210,-0.47937,5.526,-0.959,-1,425.000,-1,425.000,800.000,325.000,325.000,300.000,300.000,-1,-1,-1,-1,975.000,725.000,-1,850.000,2,0,2,0,1,0,0,0,0,2,2,2,2,0,1,2,1
45,-2604.181,5319.228,10.049,12.883,0.975014,-0.221983,0.008475,0.221788,0.970579,-0.093736,0.012582,0.093274,0.995561,0,0.17210,-0.35937,10.326,-0.719,-1,425.000,-1,425.000,800.000,325.000,325.000,300.000,300.000,-1,-1,-1,-1,975.000,725.000,-1,825.000,2,0,2,0,1,0,0,0,0,2,2,2,2,0,1,2,1
46,-2589.408,5322.478,10.386,12.404,0.976820,-0.213844,0.009673,0.213790,0.972300,-0.094479,0.010799,0.094357,0.995480,0,0.25210,-0.23937,15.126,-0.479,-1,425.000,-1,425.000,775.000,325.000,325.000,300.000,300.000,-1,-1,-1,-1,975.000,725.000,-1,825.000,2,0,2,0,1,0,0,0,0,2,2,2,2,0,1,2,1
47,-2569.929,5326.678,10.629,12.165,0.977692,-0.209778,0.010562,0.209823,0.973123,-0.094896,0.009629,0.094996,0.995431,0,0.33210,-0.11937,19.926,-0.239,-1,425.000,-1,400.000,775.000,350.000,325.000,300.000,300.000,-1,-1,-1,-1,975.000,700.000,-1,800.000,2,0,2,0,1,0,0,0,0,2,2,2,2,0,1,2,1
48,-2545.758,5331.889,10.709,12.166,0.977679,-0.209801,0.011316,0.209920,0.973127,-0.094641,0.008844,0.094904,0.995447,0,0.41210,0.00063,24.726,0.001,-1,425.000,-1,400.000,750.000,350.000,325.000,300.000,300.000,-1,-1,-1,-1,975.000,675.000,-1,775.000,2,0,2,0,1,0,0,0,0,2,2,2,2,0,1,2,1
49,-2516.922,5338.232,10.707,12.408,0.976774,-0.213908,0.012468,0.214123,0.972285,-0.093881,0.007959,0.094370,0.995505,0,0.49210,0.12063,29.526,0.241,-1,425.000,-1,400.000,725.000,325.000,325.000,300.000,300.000,-1,-1,-1,-1,975.000,675.000,-1,750.000,2,0,2,0,1,0,0,0,0,2,2,2,2,0,1,2,1
50,-2483.460,5345.888,10.722,12.889,0.974931,-0.222080,0.013818,0.222392,0.970511,-0.093003,0.007244,0.093745,0.995570,0,0.57210,0.24063,34.326,0.481,-1,425.000,-1,400.000,675.000,325.000,325.000,300.000,300.000,-1,-1,-1,-1,975.000,650.000,-1,700.000,2,0,2,0,1,0,0,0,0,2,2,2,2,0,1,2,1
51,-2445.433,5355.094,10.775,13.610,0.972044,-0.234295,0.015367,0.234703,0.967705,-0.091990,0.006682,0.093025,0.995641,0,0.65210,0.36063,39.126,0.721,-1,425.000,-1,400.000,650.000,325.000,325.000,300.000,300.000,-1,-1,-1,-1,975.000,625.000,-1,675.000,2,0,2,0,1,0,0,0,1,2,2,2,2,0,1,2,1
52,-2402.901,5366.070,10.878,14.471,0.968396,-0.248830,0.017114,0.249344,0.964148,-0.090813,0.006096,0.092210,0.995721,0,0.73210,0.43054,43.926,0.861,-1,425.000,-1,400.000,600.000,325.000,325.000,300.000,275.000,-1,-1,-1,-1,975.000,600.000,-1,625.000,2,0,2,0,1,0,0,0,1,2,2,2,2,0,1,2,1
53,-2355.906,5378.940,11.039,15.317,0.964592,-0.263058,0.019064,0.263696,0.960449,-0.089451,0.005221,0.091311,0.995809,0,0.81210,0.42292,48.726,0.846,-1,425.000,-1,400.000,550.000,325.000,325.000,300.000,300.000,-1,-1,-1,-1,975.000,600.000,-1,600.000,2,0,2,0,1,0,0,0,1,2,2,2,2,0,1,2,1
54,-2308.555,5392.657,11.244,16.157,0.960601,-0.277134,0.021048,0.277899,0.956569,-0.088022,0.004260,0.090403,0.995896,0,0.82165,0.42001,49.299,0.840,-1,425.000,-1,400.000,500.000,325.000,325.000,300.000,300.000,-1,-1,-1,-1,975.000,575.000,-1,550.000,2,0,2,1,1,0,0,0,1,2,2,2,2,0,1,2,1
55,-2261.705,5406.973,11.489,16.993,0.956421,-0.291081,0.023030,0.291972,0.952503,-0.086551,0.003257,0.089503,0.995981,0,0.81648,0.41788,48.989,0.836,-1,425.000,-1,375.000,475.000,325.000,325.000,300.000,300.000,-1,-1,-1,-1,975.000,575.000,-1,525.000,2,0,2,1,1,0,0,0,1,2,2,2,2,0,1,2,1
56,-2215.384,5421.866,11.757,17.825,0.952054,-0.304912,0.024947,0.305922,0.948255,-0.084998,0.002261,0.088554,0.996069,0,0.81095,0.41615,48.657,0.832,-1,425.000,-1,375.000,425.000,325.000,325.000,300.000,300.000,-1,-1,-1,-1,975.000,575.000,-1,475.000,2,0,2,1,1,0,1,0,0,2,2,2,2,0,1,2,1
57,-2169.615,5437.316,12.049,18.655,0.947497,-0.318638,0.026809,0.319762,0.943823,-0.083375,0.001263,0.087571,0.996158,0,0.80513,0.41483,48.308,0.830,-1,425.000,-1,375.000,400.000,325.000,325.000,300.000,300.000,-1,-1,-1,-1,975.000,600.000,-1,450.000,2,0,2,1,1,0,1,0,0,2,2,2,2,0,1,2,1
58,-2124.414,5453.306,12.373,19.483,0.942749,-0.332270,0.028662,0.333504,0.939201,-0.081716,0.000232,0.086596,0.996243,0,0.79910,0.41392,47.946,0.828,-1,425.000,-1,375.000,350.000,325.000,325.000,300.000,300.000,-1,-1,-1,-1,975.000,625.000,-1,425.000,2,0,2,1,1,0,0,0,0,2,2,2,2,0,1,2,1
59,-2075.192,5471.622,12.737,20.412,0.937185,-0.347484,0.030644,0.348832,0.933765,-0.079990,-0.000819,0.085655,0.996325,0,0.87535,0.46456,52.521,0.929,-1,425.000,-1,375.000,325.000,325.000,325.000,300.000,300.000,-1,-1,-1,-1,950.000,675.000,-1,425.000,2,0,2,1,1,0,0,0,0,2,2,2,2,0,1,2,1
60,-2026.317,5490.698,13.089,21.321,0.931539,-0.362287,0.031346,0.363640,0.928192,-0.078896,-0.000512,0.084894,0.996390,0,0.87442,0.45478,52.465,0.910,-1,425.000,-1,400.000,300.000,350.000,325.000,300.000,300.000,-1,-1,-1,-1,975.000,800.000,-1,425.000,2,0,2,1,1,0,0,0,0,2,2,2,2,0,1,2,1
61,-1977.843,5510.484,14.980,22.210,0.925918,-0.376840,0.025822,0.377700,0.922938,-0.074350,0.004186,0.078595,0.996898,0,0.87263,0.44451,52.358,0.889,-1,450.000,-1,425.000,300.000,350.000,350.000,300.000,325.000,-1,-1,-1,-1,-1,925.000,-1,-1,2,0,2,0,1,0,0,0,0,2,2,2,2,2,0,2,2
62,-1929.825,5530.940,16.265,23.078,0.920154,-0.390890,0.022856,0.391496,0.917405,-0.071411,0.006946,0.074657,0.997185,0,0.86991,0.43378,52.195,0.868,-1,450.000,-1,450.000,325.000,350.000,350.000,300.000,325.000,-1,-1,-1,-1,-1,975.000,-1,-1,2,0,2,0,1,0,0,0,0,2,2,2,2,2,0,2,2
63,-1882.314,5552.015,16.858,23.923,0.914296,-0.404437,0.022203,0.404967,0.911663,-0.069794,0.007985,0.072804,0.997314,0,0.86626,0.42265,51.976,0.845,-1,450.000,-1,450.000,350.000,375.000,375.000,300.000,325.000,-1,-1,-1,-1,-1,1000.000,-1,-1,2,0,2,0,1,0,0,0,1,2,2,2,2,2,0,2,2
64,-1835.362,5573.656,16.602,24.746,0.908384,-0.417490,0.023236,0.418064,0.905789,-0.069055,0.007783,0.072443,0.997342,0,0.86166,0.41116,51.700,0.822,-1,450.000,-1,450.000,375.000,375.000,375.000,300.000,275.000,-1,-1,-1,-1,-1,-1,-1,-1,2,0,2,0,1,0,0,0,1,2,2,2,2,2,2,2,2
65,-1789.016,5595.807,15.576,25.544,0.902403,-0.430032,0.027205,0.430861,0.899785,-0.068884,0.005144,0.073883,0.997254,0,0.85613,0.39941,51.368,0.799,-1,450.000,-1,450.000,425.000,375.000,375.000,300.000,250.000,-1,-1,-1,-1,-1,1000.000,-1,-1,2,0,2,0,1,0,0,0,1,2,2,2,2,2,0,2,2
66,-1738.788,5620.944,13.563,26.583,0.894275,-0.446123,0.035309,0.447518,0.891539,-0.069898,-0.000296,0.078310,0.996929,0,0.93613,0.51941,56.168,1.039,-1,450.000,-1,425.000,-1,350.000,350.000,300.000,200.000,-1,-1,-1,-1,975.000,925.000,-1,-1,2,0,2,0,2,0,0,0,1,2,2,2,2,0,0,2,2
67,-1687.831,5647.611,11.111,27.619,0.885744,-0.461940,0.045485,0.464119,0.882890,-0.071401,-0.007175,0.084354,0.996410,0,0.95855,0.51796,57.513,1.036,-1,425.000,-1,425.000,-1,350.000,325.000,300.000,175.000,-1,-1,-1,725.000,925.000,850.000,-1,-1,2,0,2,0,2,0,0,0,1,2,2,2,1,0,0,2,2
68,-1637.873,5674.900,10.559,28.647,0.877218,-0.477732,0.047549,0.480016,0.874530,-0.069151,-0.008547,0.083485,0.996472,0,0.94878,0.51370,56.927,1.027,-1,425.000,-1,400.000,-1,350.000,325.000,300.000,175.000,-1,-1,-1,675.000,900.000,850.000,-1,-1,2,0,2,0,2,0,0,0,1,2,2,2,1,0,0,2,2
69,-1588.964,5702.762,10.016,29.670,0.868441,-0.493302,0.049632,0.495692,0.865920,-0.066875,-0.009987,0.082679,0.996526,0,0.93815,0.51150,56.289,1.023,-1,425.000,-1,400.000,-1,350.000,325.000,300.000,150.000,-1,-1,-1,675.000,900.000,850.000,-1,-1,2,0,2,0,2,0,0,0,1,2,2,2,1,0,0,2,2
70,-1541.140,5731.145,9.480,30.690,0.859406,-0.508670,0.051728,0.511164,0.857054,-0.064574,-0.011487,0.081937,0.996571,0,0.92689,0.50998,55.613,1.020,-1,425.000,-1,400.000,-1,350.000,325.000,300.000,175.000,-1,-1,-1,675.000,875.000,850.000,-1,-1,2,0,2,0,2,0,0,0,1,2,2,2,1,0,0,2,2
71,-1494.421,5760.006,9.033,31.708,0.850097,-0.523862,0.053881,0.526458,0.847947,-0.061876,-0.013274,0.080966,0.996628,0,0.91525,0.50913,54.915,1.018,-1,425.000,-1,400.000,-1,325.000,325.000,300.000,175.000,-1,-1,-1,700.000,850.000,850.000,-1,-1,2,0,2,0,2,0,0,0,1,2,2,2,1,0,0,2,2
72,-1448.811,5789.307,10.317,32.726,0.840290,-0.539145,0.056880,0.541762,0.838976,-0.051122,-0.020159,0.073773,0.997071,0,0.90351,0.50895,54.211,1.018,-1,400.000,-1,400.000,-1,325.000,325.000,275.000,175.000,-1,-1,-1,725.000,800.000,850.000,-1,-1,2,0,2,0,2,0,0,0,1,2,2,2,1,0,0,2,2
73,-1404.309,5819.030,10.904,33.745,0.830296,-0.554159,0.059294,0.556760,0.829529,-0.043594,-0.025028,0.069208,0.997288,0,0.89194,0.50942,53.516,1.019,-1,400.000,-1,400.000,-1,325.000,325.000,275.000,200.000,-1,-1,-1,750.000,775.000,825.000,-1,-1,2,0,2,0,2,0,0,0,1,2,2,2,1,0,0,2,2
74,-1360.895,5849.162,10.744,34.766,0.820094,-0.568936,0.061300,0.571542,0.819644,-0.039033,-0.028037,0.067046,0.997356,0,0.88076,0.51049,52.846,1.021,-1,400.000,-1,400.000,-1,325.000,325.000,275.000,225.000,-1,-1,-1,750.000,750.000,825.000,-1,-1,2,0,2,0,2,0,0,0,1,2,2,2,1,0,0,2,2
75,-1318.544,5879.696,9.903,35.790,0.809677,-0.583477,0.063063,0.586159,0.809314,-0.037802,-0.028981,0.067572,0.997293,0,0.87019,0.51215,52.212,1.024,-1,400.000,-1,400.000,-1,325.000,325.000,275.000,250.000,-1,-1,-1,725.000,725.000,825.000,-1,-1,2,0,2,0,2,0,0,0,1,2,2,2,1,0,0,2,2
76,-1277.219,5910.635,8.399,36.819,0.799042,-0.597777,0.064764,0.600631,0.798525,-0.039994,-0.027808,0.070857,0.997099,0,0.86040,0.51436,51.624,1.029,-1,400.000,-1,400.000,-1,325.000,325.000,300.000,275.000,-1,-1,-1,450.000,725.000,800.000,-1,-1,2,0,2,0,2,0,0,0,1,2,2,2,1,0,0,2,2
77,-1236.883,5941.990,6.232,37.853,0.788191,-0.611817,0.066589,0.614941,0.787254,-0.045596,-0.024527,0.076887,0.996738,0,0.85150,0.51707,51.090,1.034,-1,400.000,-1,400.000,-1,325.000,325.000,300.000,300.000,-1,-1,-1,350.000,750.000,800.000,-1,-1,2,0,2,0,2,0,0,0,1,2,2,2,1,0,0,2,2
78,-1197.493,5973.775,3.800,38.893,0.777093,-0.625693,0.068078,0.629059,0.775618,-0.051977,-0.020280,0.083216,0.996325,0,0.84358,0.52026,50.615,1.041,-1,400.000,-1,400.000,-1,325.000,325.000,300.000,300.000,-1,-1,-1,300.000,750.000,775.000,-1,-1,2,0,2,0,2,0,0,0,0,2,2,2,1,0,0,2,2
79,-1159.004,6006.004,2.887,39.941,0.765453,-0.639746,0.069330,0.643172,0.764018,-0.051064,-0.020301,0.083678,0.996286,0,0.83669,0.52387,50.201,1.048,-1,400.000,-1,400.000,-1,325.000,325.000,300.000,300.000,-1,-1,-1,300.000,750.000,775.000,-1,-1,2,0,2,0,2,0,0,0,0,2,2,2,1,0,0,2,2
80,-1121.382,6038.706,1.994,40.997,0.753469,-0.653678,0.070640,0.657173,0.752058,-0.050333,-0.020224,0.084347,0.996231,0,0.83082,0.52788,49.849,1.056,-1,400.000,-1,400.000,-1,325.000,325.000,300.000,275.000,-1,-1,-1,325.000,725.000,750.000,-1,-1,2,0,2,0,2,0,0,0,0,2,2,2,1,0,0,2,2
81,-1084.589,6071.907,1.119,42.061,0.741130,-0.667488,0.072018,0.671062,0.739728,-0.049777,-0.020049,0.085220,0.996160,0,0.82599,0.53226,49.559,1.065,-1,400.000,-1,400.000,-1,325.000,325.000,300.000,275.000,-1,-1,-1,350.000,725.000,725.000,-1,-1,2,0,2,0,2,0,0,0,0,2,2,2,1,0,0,2,2
82,-1048.592,6105.634,0.261,43.135,0.728428,-0.681172,0.073472,0.684837,0.727020,-0.049388,-0.019774,0.086292,0.996074,0,0.82215,0.53698,49.329,1.074,-1,375.000,-1,400.000,-1,325.000,325.000,300.000,275.000,-1,-1,-1,350.000,700.000,725.000,-1,-1,2,0,2,0,2,0,0,0,0,2,2,2,1,0,0,2,2
83,-1013.365,6139.917,-0.590,44.219,0.715350,-0.694729,0.075007,0.698496,0.713927,-0.049104,-0.019435,0.087519,0.995973,0,0.81927,0.54200,49.156,1.084,-1,375.000,-1,400.000,-1,325.000,325.000,300.000,275.000,-1,-1,-1,375.000,700.000,700.000,-1,-1,2,0,2,0,2,0,0,0,0,2,2,2,1,0,0,2,2
84,-978.882,6174.781,-1.413,45.314,0.701893,-0.708159,0.076534,0.712030,0.700443,-0.048916,-0.018967,0.088828,0.995866,0,0.81729,0.54732,49.038,1.095,-1,375.000,-1,375.000,-1,300.000,300.000,325.000,275.000,-1,-1,-1,400.000,675.000,700.000,-1,-1,2,0,2,0,2,0,0,0,0,2,2,2,1,0,0,2,2
85,-945.124,6210.255,-1.818,46.420,0.688156,-0.721544,0.076260,0.725359,0.686646,-0.048712,-0.017216,0.088837,0.995897,0,0.81617,0.55290,48.970,1.106,-1,375.000,-1,375.000,-1,300.000,300.000,325.000,300.000,-1,-1,-1,450.000,675.000,675.000,-1,-1,2,0,2,0,2,0,0,0,0,2,2,2,1,0,0,2,2
86,-912.078,6246.367,-2.151,47.537,0.674033,-0.734799,0.075828,0.738544,0.672445,-0.048689,-0.015214,0.088821,0.995931,0,0.81585,0.55872,48.951,1.117,-1,375.000,-1,375.000,-1,300.000,300.000,325.000,300.000,-1,-1,-1,500.000,650.000,675.000,-1,-1,2,0,2,0,2,0,0,0,0,2,2,2,1,0,0,2,2
87,-879.733,6283.142,-2.418,48.667,0.659517,-0.747913,0.075254,0.751578,0.657830,-0.048886,-0.012942,0.088800,0.995965,0,0.81627,0.56478,48.976,1.130,-1,375.000,-1,375.000,-1,300.000,300.000,325.000,300.000,-1,-1,-1,525.000,650.000,675.000,-1,-1,2,0,2,0,2,0,0,0,0,2,2,2,1,0,0,2,2
88,-848.084,6320.605,-2.663,49.809,0.644610,-0.760890,0.074323,0.764443,0.642803,-0.049307,-0.010258,0.088599,0.996015,0,0.81739,0.57105,49.043,1.142,-1,375.000,-1,375.000,-1,300.000,300.000,325.000,300.000,-1,-1,-1,575.000,650.000,675.000,-1,-1,2,0,2,0,2,0,0,0,0,2,2,2,1,0,0,2,2
89,-817.131,6358.780,-2.844,50.964,0.629291,-0.773708,0.073273,0.777135,0.627346,-0.049977,-0.007300,0.088393,0.996059,0,0.81913,0.57752,49.148,1.155,-1,375.000,-1,375.000,-1,300.000,300.000,325.000,300.000,-1,-1,-1,650.000,650.000,675.000,-1,-1,2,0,2,0,2,0,0,0,0,2,2,2,1,0,0,2,2
90,-786.877,6397.690,-2.931,52.132,0.613545,-0.786345,0.072271,0.789649,0.611444,-0.050901,-0.004164,0.088299,0.996085,0,0.82147,0.58419,49.288,1.168,-1,375.000,-1,375.000,-1,300.000,300.000,325.000,300.000,-1,-1,825.000,700.000,650.000,675.000,-1,-1,2,0,2,0,2,0,0,0,0,2,2,1,1,0,0,2,2
91,-757.329,6437.353,-2.924,53.314,0.597365,-0.798791,0.071332,0.801969,0.595091,-0.052079,-0.000849,0.088316,0.996092,0,0.82435,0.59103,49.461,1.182,-1,375.000,-1,375.000,-1,300.000,300.000,325.000,325.000,-1,-1,800.000,750.000,625.000,650.000,-1,-1,2,0,2,0,2,0,0,0,0,2,2,1,1,0,0,2,2
92,-728.498,6477.790,-2.786,54.510,0.580753,-0.811019,0.070525,0.814075,0.578273,-0.053682,0.002755,0.088588,0.996065,0,0.82772,0.59805,49.663,1.196,-1,375.000,-1,375.000,-1,300.000,300.000,325.000,325.000,-1,-1,825.000,825.000,625.000,650.000,-1,-1,2,0,2,0,2,0,0,0,0,2,2,1,1,0,0,2,2
93,-700.399,6519.017,-2.401,55.721,0.563730,-0.823012,0.069713,0.825929,0.560983,-0.056030,0.007005,0.089164,0.995992,0,0.83155,0.60523,49.893,1.210,-1,375.000,-1,375.000,-1,300.000,300.000,325.000,325.000,-1,-1,825.000,925.000,625.000,650.000,-1,-1,2,0,2,0,2,0,0,0,0,2,2,1,1,0,0,2,2
94,-674.390,6559.334,-1.880,57.171,0.542986,-0.836906,0.068957,0.839659,0.539944,-0.058597,0.011807,0.089717,0.995897,0,0.79967,0.72523,47.980,1.450,-1,375.000,-1,375.000,-1,300.000,300.000,325.000,300.000,-1,950.000,850.000,-1,625.000,625.000,-1,-1,2,0,2,0,2,0,0,0,0,2,1,1,2,0,0,2,2
95,-649.447,6600.623,-1.251,58.862,0.518358,-0.852415,0.068518,0.854993,0.514987,-0.061444,0.017090,0.090433,0.995756,0,0.80398,0.84523,48.239,1.690,-1,375.000,-1,375.000,-1,300.000,300.000,325.000,300.000,-1,950.000,700.000,-1,650.000,625.000,-1,-1,2,0,2,0,2,0,0,0,0,2,1,0,2,0,0,2,2
96,-625.711,6642.933,-0.390,60.705,0.490968,-0.868501,0.068235,0.870891,0.487288,-0.064032,0.022361,0.090863,0.995612,0,0.80859,0.92146,48.515,1.843,-1,375.000,-1,350.000,-1,300.000,300.000,325.000,300.000,-1,600.000,500.000,-1,650.000,625.000,-1,-1,2,0,2,0,2,0,0,0,0,2,0,0,2,0,0,2,2
97,-603.220,6686.254,0.933,62.562,0.462765,-0.883896,0.067651,0.886078,0.458903,-0.065383,0.026747,0.090201,0.995564,0,0.81354,0.92893,48.812,1.858,-1,375.000,-1,350.000,-1,300.000,300.000,325.000,300.000,-1,550.000,475.000,-1,650.000,625.000,-1,-1,2,0,2,0,2,0,0,0,0,2,0,0,2,0,0,2,2
98,-582.018,6730.573,2.722,64.436,0.433859,-0.898577,0.065765,0.900414,0.429841,-0.067025,0.031958,0.088295,0.995582,0,0.81885,0.93653,49.131,1.873,-1,375.000,-1,350.000,-1,300.000,300.000,325.000,300.000,-1,500.000,450.000,-1,675.000,600.000,-1,-1,2,0,2,0,2,0,0,0,0,2,0,0,2,0,0,2,2
99,-562.152,6775.876,4.950,66.324,0.404241,-0.912494,0.062799,0.913869,0.400100,-0.069021,0.037856,0.085291,0.995637,0,0.82448,0.94426,49.469,1.889,-1,375.000,-1,350.000,-1,300.000,300.000,325.000,300.000,-1,450.000,450.000,-1,675.000,625.000,-1,-1,2,0,2,0,2,0,0,0,0,2,0,0,2,0,0,2,2
100,-543.670,6822.143,7.377,68.228,0.373894,-0.925535,0.059906,0.926442,0.369657,-0.071127,0.043686,0.082094,0.995667,0,0.83038,0.95211,49.823,1.904,-1,375.000,-1,350.000,-1,300.000,300.000,325.000,300.000,-1,425.000,425.000,-1,700.000,625.000,-1,-1,2,0,2,0,2,0,0,0,0,2,0,0,2,0,0,2,2
101,-526.624,6869.350,9.997,70.148,0.342837,-0.937658,0.057094,0.938094,0.338531,-0.073326,0.049426,0.078699,0.995672,0,0.83653,0.96007,50.192,1.920,-1,375.000,-1,350.000,-1,300.000,300.000,325.000,325.000,-1,425.000,450.000,-1,725.000,625.000,-1,-1,2,0,2,0,2,0,0,0,0,2,0,0,2,0,0,2,2
102,-511.065,6917.468,12.807,72.085,0.311087,-0.948825,0.054367,0.948785,0.306742,-0.075603,0.055057,0.075101,0.995655,0,0.84287,0.96812,50.572,1.936,-1,375.000,-1,350.000,-1,300.000,300.000,325.000,325.000,-1,400.000,450.000,-1,750.000,650.000,-1,-1,2,0,2,0,2,0,0,0,0,2,0,0,2,0,0,2,2
103,-497.047,6966.464,15.799,74.037,0.278667,-0.958994,0.051727,0.958477,0.274313,-0.077940,0.060555,0.071298,0.995615,0,0.84938,0.97627,50.963,1.953,-1,375.000,-1,350.000,-1,300.000,300.000,325.000,325.000,-1,375.000,475.000,-1,775.000,650.000,-1,-1,2,0,2,0,2,0,0,0,0,2,0,0,2,0,0,2,2
104,-484.624,7016.299,18.982,76.006,0.245595,-0.968127,0.049130,0.967133,0.241270,-0.080265,0.065853,0.067228,0.995562,0,0.85601,0.98450,51.361,1.969,-1,400.000,-1,350.000,-1,300.000,300.000,325.000,325.000,-1,350.000,475.000,-1,825.000,675.000,-1,-1,2,0,2,0,2,0,0,0,0,2,0,0,2,0,0,2,2
105,-473.851,7066.930,22.406,77.992,0.211875,-0.976194,0.046403,0.974731,0.207643,-0.082360,0.070764,0.062681,0.995522,0,0.86274,0.99280,51.765,1.986,-1,400.000,-1,375.000,-1,325.000,300.000,325.000,325.000,-1,350.000,450.000,-1,875.000,675.000,-1,-1,2,0,2,0,2,0,0,0,0,2,0,0,2,0,0,2,2
106,-464.791,7118.252,25.958,79.992,0.177614,-0.983124,0.043820,0.981197,0.173497,-0.084571,0.075541,0.058017,0.995453,0,0.86860,1.00000,52.116,2.000,-1,400.000,-1,375.000,-1,325.000,300.000,325.000,325.000,-1,350.000,450.000,-1,975.000,700.000,-1,-1,2,0,2,0,2,0,0,0,0,2,0,0,2,0,0,2,2
107,-457.527,7169.859,29.615,81.992,0.143100,-0.988840,0.041440,0.986462,0.139117,-0.086831,0.080097,0.053304,0.995361,0,0.86860,1.00000,52.116,2.000,-1,425.000,-1,375.000,-1,325.000,300.000,325.000,325.000,-1,325.000,450.000,-1,-1,725.000,-1,-1,2,0,2,0,2,0,0,0,0,2,0,0,2,2,0,2,2
108,-452.069,7221.688,33.303,83.992,0.108319,-0.993347,0.039093,0.990601,0.104549,-0.088199,0.083525,0.048280,0.995335,0,0.86860,1.00000,52.116,2.000,-1,425.000,-1,375.000,-1,325.000,300.000,325.000,300.000,-1,325.000,475.000,-1,-1,725.000,-1,-1,2,0,2,0,2,0,0,0,0,2,0,0,2,2,0,2,2
109,-448.421,7273.675,37.283,85.992,0.073179,-0.996679,0.035719,0.993740,0.069838,-0.087194,0.084409,0.041876,0.995551,0,0.86860,1.00000,52.116,2.000,-1,425.000,-1,375.000,-1,325.000,300.000,325.000,300.000,-1,400.000,575.000,-1,-1,750.000,-1,-1,2,0,2,0,2,0,0,0,0,2,0,0,2,2,0,2,2
110,-446.591,7325.758,41.316,87.992,0.037912,-0.998755,0.032409,0.995719,0.035021,-0.085540,0.084299,0.035513,0.995807,0,0.86860,1.00000,52.116,2.000,-1,425.000,-1,375.000,-1,325.000,300.000,300.000,300.000,-1,500.000,725.000,-1,-1,775.000,-1,-1,2,0,2,0,2,0,0,0,0,2,0,0,2,2,0,2,2
111,-446.580,7377.873,45.425,89.992,0.002579,-0.999578,0.028926,0.996476,0.000143,-0.083880,0.083840,0.029040,0.996056,0,0.86860,1.00000,52.116,2.000,-1,425.000,-1,375.000,-1,325.000,325.000,300.000,300.000,-1,625.000,875.000,-1,-1,800.000,-1,-1,2,0,2,0,2,0,0,0,0,2,0,0,2,2,0,2,2
112,-448.388,7429.957,49.593,91.992,-0.032772,-0.999144,0.025252,0.996008,-0.034748,-0.082226,0.083033,0.022456,0.996294,0,0.86860,1.00000,52.116,2.000,-1,425.000,-1,375.000,-1,325.000,325.000,300.000,300.000,-1,850.000,1000.000,-1,-1,825.000,-1,-1,2,0,2,0,2,0,0,0,0,2,0,0,2,2,0,2,2
113,-452.013,7481.946,53.804,93.992,-0.068092,-0.997450,0.021369,0.994314,-0.069605,-0.080594,0.081876,0.015759,0.996518,0,0.86860,1.00000,52.116,2.000,-1,450.000,-1,375.000,-1,325.000,325.000,300.000,300.000,-1,1000.000,-1,-1,-1,825.000,-1,-1,2,0,2,0,2,0,0,0,0,2,0,2,2,2,0,2,2
114,-457.451,7533.777,58.042,95.992,-0.103333,-0.994497,0.017262,0.991394,-0.104382,-0.079004,0.080371,0.008949,0.996725,0,0.86860,1.00000,52.116,2.000,-1,450.000,-1,375.000,-1,325.000,325.000,300.000,300.000,-1,-1,-1,-1,-1,850.000,-1,-1,2,0,2,0,2,0,0,0,0,2,2,2,2,2,0,2,2
115,-464.695,7585.386,62.291,97.992,-0.138444,-0.990286,0.012917,0.987252,-0.139031,-0.077479,0.078522,0.002026,0.996910,0,0.86860,1.00000,52.116,2.000,-1,450.000,-1,375.000,-1,350.000,325.000,300.000,300.000,-1,-1,-1,-1,-1,875.000,-1,-1,2,0,2,0,2,0,0,0,0,2,2,2,2,2,0,2,2
116,-473.737,7636.711,66.534,99.992,-0.173378,-0.984820,0.008323,0.981893,-0.173505,-0.076044,0.076334,-0.005012,0.997070,0,0.86860,1.00000,52.116,2.000,-1,475.000,-1,400.000,-1,350.000,325.000,300.000,325.000,-1,-1,-1,-1,-1,900.000,-1,-1,2,0,2,0,2,0,0,0,0,2,2,2,2,2,0,2,2
117,-484.564,7687.689,70.755,101.992,-0.208083,-0.978105,0.003473,0.975322,-0.207756,-0.074727,0.073813,-0.012162,0.997198,0,0.86860,1.00000,52.116,2.000,-1,475.000,-1,425.000,-1,350.000,350.000,300.000,325.000,-1,-1,-1,-1,-1,950.000,-1,-1,2,0,2,0,2,0,0,0,0,2,2,2,2,2,0,2,2
118,-497.165,7738.258,74.790,103.992,-0.242472,-0.970158,-0.001203,0.967592,-0.241740,-0.072992,0.070523,-0.018862,0.997332,0,0.86860,1.00000,52.116,2.000,-1,500.000,-1,425.000,-1,375.000,350.000,275.000,325.000,-1,-1,-1,-1,-1,-1,-1,-1,2,0,2,0,2,0,0,0,0,2,2,2,2,2,2,2,2
119,-511.524,7788.356,78.451,105.992,-0.276453,-0.961013,-0.005251,0.958749,-0.275417,-0.070323,0.066135,-0.024475,0.997510,0,0.86860,1.00000,52.116,2.000,-1,500.000,-1,450.000,-1,375.000,350.000,275.000,325.000,-1,-1,-1,-1,-1,-1,-1,-1,2,0,2,0,2,0,0,0,0,2,2,2,2,2,2,2,2
120,-527.622,7837.922,81.336,107.992,-0.309906,-0.950739,-0.007266,0.948797,-0.308763,-0.066706,0.061176,-0.027567,0.997746,0,0.86860,1.00000,52.116,2.000,-1,500.000,-1,450.000,-1,375.000,375.000,275.000,325.000,-1,-1,-1,-1,-1,-1,-1,-1,2,0,2,0,2,0,0,0,0,2,2,2,2,2,2,2,2
121,-545.441,7886.897,83.661,109.992,-0.342862,-0.939347,-0.008546,0.937803,-0.341742,-0.061134,0.054505,-0.028975,0.998093,0,0.86860,1.00000,52.116,2.000,-1,500.000,-1,450.000,-1,375.000,375.000,300.000,300.000,-1,-1,-1,-1,-1,-1,-1,-1,2,0,2,0,2,0,0,0,0,2,2,2,2,2,2,2,2
122,-564.017,7933.452,85.782,111.752,-0.371501,-0.928376,-0.010239,0.927203,-0.370418,-0.055550,0.047779,-0.030130,0.998403,0,0.83542,0.88000,50.125,1.760,-1,500.000,-1,450.000,-1,375.000,375.000,300.000,300.000,-1,-1,-1,-1,-1,-1,-1,-1,2,0,2,0,2,0,0,0,0,2,2,2,2,2,2,2,2
123,-583.822,7979.498,87.587,113.272,-0.395969,-0.918174,-0.012868,0.917325,-0.394892,-0.050746,0.041512,-0.031898,0.998629,0,0.83542,0.76000,50.125,1.520,-1,500.000,-1,450.000,-1,375.000,375.000,300.000,275.000,-1,-1,-1,-1,-1,-1,-1,-1,2,0,2,0,2,0,0,0,0,2,2,2,2,2,2,2,2
124,-604.651,8025.090,89.127,114.552,-0.416345,-0.909057,-0.016473,0.908536,-0.415274,-0.045933,0.034915,-0.034090,0.998809,0,0.83542,0.64000,50.125,1.280,-1,500.000,-1,450.000,-1,375.000,375.000,300.000,275.000,-1,-1,-1,-1,-1,-1,-1,-1,2,0,2,0,2,0,0,0,0,2,2,2,2,2,2,2,2
125,-626.304,8070.296,90.206,115.592,-0.432717,-0.901258,-0.022120,0.901121,-0.431652,-0.040715,0.027147,-0.037551,0.998926,0,0.83542,0.52000,50.125,1.040,-1,500.000,-1,450.000,-1,375.000,375.000,275.000,275.000,-1,-1,-1,-1,-1,-1,-1,-1,2,0,2,0,2,0,0,0,0,2,2,2,2,2,2,2,2
126,-648.587,8115.196,91.153,116.392,-0.445134,-0.895024,-0.028078,0.895255,-0.444134,-0.035552,0.019349,-0.040962,0.998973,0,0.83542,0.40000,50.125,0.800,-1,475.000,-1,450.000,-1,375.000,375.000,275.000,275.000,-1,-1,-1,-1,-1,-1,-1,-1,2,0,2,0,2,0,0,0,0,2,2,2,2,2,2,2,2
127,-671.308,8159.876,91.970,116.952,-0.453668,-0.890510,-0.034302,0.891096,-0.452794,-0.030433,0.011569,-0.044372,0.998948,0,0.83542,0.28000,50.125,0.560,-1,475.000,-1,450.000,-1,375.000,350.000,275.000,300.000,-1,-1,-1,-1,-1,-1,-1,-1,2,0,2,0,2,0,0,0,0,2,2,2,2,2,2,2,2
128,-694.278,8204.428,92.632,117.272,-0.458375,-0.887830,-0.040622,0.888750,-0.457690,-0.025366,0.003928,-0.047730,0.998853,0,0.83542,0.16000,50.125,0.320,-1,475.000,-1,450.000,-1,375.000,350.000,275.000,300.000,-1,-1,-1,-1,-1,-1,-1,-1,2,0,2,0,2,0,0,0,0,2,2,2,2,2,2,2,2
129,-717.310,8248.948,92.861,117.352,-0.459331,-0.887089,-0.045694,0.888261,-0.458877,-0.020587,-0.002705,-0.050045,0.998743,0,0.83542,0.04000,50.125,0.080,-1,475.000,-1,450.000,-1,350.000,350.000,275.000,275.000,-1,-1,-1,-1,-1,-1,-1,-1,2,0,2,0,2,0,0,0,0,2,2,2,2,2,2,2,2
130,-740.218,8293.533,92.934,117.192,-0.456528,-0.888262,-0.050715,0.889663,-0.456344,-0.015832,-0.009081,-0.052347,0.998588,0,0.83542,-0.08000,50.125,-0.160,-1,450.000,-1,450.000,-1,350.000,350.000,275.000,275.000,-1,-1,-1,-1,-1,-1,-1,-1,2,0,2,0,2,0,0,0,0,2,2,2,2,2,2,2,2
131,-762.815,8338.277,92.863,116.792,-0.449956,-0.891315,-0.055655,0.892922,-0.450075,-0.011087,-0.015167,-0.054685,0.998388,0,0.83542,-0.20000,50.125,-0.400,-1,450.000,-1,450.000,-1,350.000,350.000,275.000,275.000,-1,-1,-1,-1,-1,-1,-1,-1,2,0,2,0,2,0,0,0,0,2,2,2,2,2,2,2,2
132,-784.910,8383.270,92.596,116.152,-0.439596,-0.896177,-0.060180,0.897956,-0.440038,-0.006413,-0.020734,-0.056858,0.998167,0,0.83542,-0.32000,50.125,-0.640,-1,450.000,-1,425.000,-1,350.000,350.000,275.000,275.000,-1,-1,-1,-1,-1,-1,-1,-1,2,0,2,0,2,0,0,0,0,2,2,2,2,2,2,2,2
133,-806.310,8428.598,91.738,115.272,-0.425507,-0.902802,-0.062388,0.904622,-0.426209,-0.002265,-0.024546,-0.057401,0.998049,0,0.83542,-0.44000,50.125,-0.880,-1,450.000,-1,425.000,-1,350.000,350.000,275.000,275.000,-1,-1,-1,-1,-1,1000.000,-1,-1,2,0,2,0,2,0,0,0,0,2,2,2,2,2,0,2,2
134,-826.820,8474.336,90.690,114.152,-0.407493,-0.910943,-0.064289,0.912767,-0.408473,0.002321,-0.028375,-0.057735,0.997929,0,0.83542,-0.56000,50.125,-1.120,-1,450.000,-1,425.000,-1,350.000,350.000,275.000,275.000,-1,-1,-1,-1,-1,975.000,-1,-1,2,0,2,0,2,0,0,0,0,2,2,2,2,2,0,2,2
135,-846.239,8520.548,89.390,112.792,-0.385456,-0.920390,-0.065627,0.922157,-0.386741,0.007646,-0.032418,-0.057572,0.997815,0,0.83542,-0.68000,50.125,-1.360,-1,450.000,-1,425.000,-1,350.000,350.000,275.000,275.000,-1,-1,-1,-1,-1,925.000,-1,-1,2,0,2,0,2,0,0,0,0,2,2,2,2,2,0,2,2
136,-864.360,8567.285,88.050,111.192,-0.359318,-0.930818,-0.066847,0.932523,-0.360887,0.012683,-0.035930,-0.057779,0.997683,0,0.83542,-0.80000,50.125,-1.600,-1,450.000,-1,425.000,-1,350.000,350.000,300.000,275.000,-1,-1,-1,-1,-1,900.000,-1,-1,2,0,2,0,2,0,0,0,0,2,2,2,2,2,0,2,2
137,-881.082,8614.540,86.427,109.485,-0.331184,-0.941069,-0.068607,0.942793,-0.332980,0.016303,-0.038187,-0.059283,0.997511,0,0.83542,-0.85321,50.125,-1.706,-1,450.000,-1,400.000,-1,350.000,350.000,300.000,275.000,-1,-1,-1,-1,-1,875.000,-1,-1,2,0,2,0,2,0,0,0,0,2,2,2,2,2,0,2,2
138,-896.390,8662.271,84.390,107.779,-0.302746,-0.950376,-0.071621,0.952251,-0.304747,0.018628,-0.039530,-0.062562,0.997258,0,0.83542,-0.85321,50.125,-1.706,-1,450.000,-1,400.000,-1,350.000,325.000,300.000,275.000,-1,-1,-1,-1,1000.000,850.000,-1,-1,2,0,2,0,2,0,0,0,0,2,2,2,2,0,0,2,2
139,-910.348,8710.713,82.279,106.070,-0.273972,-0.958814,-0.074932,0.960870,-0.276201,0.021004,-0.040835,-0.066245,0.996967,0,0.84019,-0.85455,50.411,-1.709,-1,450.000,-1,400.000,-1,350.000,325.000,300.000,275.000,-1,-1,-1,-1,975.000,850.000,-1,-1,2,0,2,0,2,0,0,0,0,2,2,2,2,0,0,2,2
