timestep,x_cm,y_cm,z_cm,yaw_deg,basis_xx,basis_xy,basis_xz,basis_yx,basis_yy,basis_yz,basis_zx,basis_zy,basis_zz,teleport_flag,throttle_cmd,steering_cmd,cmd_move_cm,cmd_turn_deg,lidar_cm_0,lidar_cm_1,lidar_cm_2,lidar_cm_3,lidar_cm_4,lidar_cm_5,lidar_cm_6,lidar_cm_7,lidar_cm_8,lidar_cm_9,lidar_cm_10,lidar_cm_11,lidar_cm_12,lidar_cm_13,lidar_cm_14,lidar_cm_15,lidar_cm_16,lidar_class_0,lidar_class_1,lidar_class_2,lidar_class_3,lidar_class_4,lidar_class_5,lidar_class_6,lidar_class_7,lidar_class_8,lidar_class_9,lidar_class_10,lidar_class_11,lidar_class_12,lidar_class_13,lidar_class_14,lidar_class_15,lidar_class_16
0,2109.926,7711.154,318.301,-177.578,-0.995374,0.042232,-0.086291,-0.044652,-0.998656,0.026314,-0.085063,0.030045,0.995922,1,0.08000,-0.12000,4.800,-0.240,-1,-1,-1,1000.000,-1,-1,-1,275.000,300.000,-1,-1,-1,-1,-1,-1,-1,-1,2,2,2,1,2,2,2,1,0,2,2,2,2,2,2,2,2
1,2100.331,7710.829,317.645,-178.058,-0.995601,0.033865,-0.087355,-0.036245,-0.999010,0.025800,-0.086395,0.028853,0.995843,0,0.16000,-0.24000,9.600,-0.480,-1,-1,-1,1000.000,-1,-1,1000.000,275.000,300.000,-1,-1,-1,-1,-1,-1,-1,-1,2,2,2,1,2,2,1,1,0,2,2,2,2,2,2,2,2
2,2085.934,7710.523,316.654,-178.778,-0.995806,0.021310,-0.088973,-0.023624,-0.999408,0.025027,-0.088387,0.027024,0.995720,0,0.24000,-0.36000,14.400,-0.720,-1,-1,-1,975.000,-1,-1,1000.000,275.000,300.000,-1,-1,-1,-1,-1,-1,-1,-1,2,2,2,1,2,2,1,1,0,2,2,2,2,2,2,2,2
3,2066.734,7710.436,315.319,-179.738,-0.995824,0.004563,-0.091174,-0.006777,-0.999689,0.023992,-0.091037,0.024510,0.995546,0,0.32000,-0.48000,19.200,-0.960,-1,-1,-1,975.000,-1,-1,975.000,275.000,300.000,-1,-1,-1,-1,-1,-1,-1,-1,2,2,2,1,2,2,1,1,0,2,2,2,2,2,2,2,2
4,2042.736,7710.829,313.629,-180.938,-0.995437,-0.016375,-0.094001,0.014302,-0.999640,0.022687,-0.094338,0.021239,0.995314,0,0.40000,-0.60000,24.000,-1.200,-1,-1,-1,950.000,-1,-1,950.000,275.000,300.000,-1,-1,-1,-1,-1,-1,-1,-1,2,2,2,1,2,2,1,1,0,2,2,2,2,2,2,2,2
5,2013.960,7712.025,311.570,-182.378,-0.994369,-0.041494,-0.097510,0.039618,-0.998992,0.021103,-0.098287,0.017121,0.995011,0,0.48000,-0.72000,28.800,-1.440,-1,-1,-1,925.000,1000.000,1000.000,925.000,275.000,300.000,-1,-1,-1,-1,-1,-1,-1,-1,2,2,2,1,1,1,1,1,0,2,2,2,2,2,2,2,2
6,1980.443,7714.403,308.550,-184.058,-0.992261,-0.070771,-0.102030,0.069405,-0.997446,0.016884,-0.102965,0.009672,0.994638,0,0.56000,-0.84000,33.600,-1.680,-1,-1,-1,900.000,950.000,950.000,900.000,275.000,300.000,-1,-1,-1,-1,-1,-1,-1,-1,2,2,2,1,1,1,1,1,0,2,2,2,2,2,2,2,2
7,1942.234,7718.274,299.599,-185.800,-0.987259,-0.101041,-0.122928,0.102756,-0.994677,-0.007676,-0.121498,-0.020210,0.992386,0,0.64000,-0.87092,38.400,-1.742,-1,-1,-1,850.000,875.000,875.000,825.000,225.000,325.000,-1,-1,-1,-1,-1,-1,-1,-1,2,2,2,1,1,1,1,1,0,2,2,2,2,2,2,2,2
8,1899.391,7723.894,286.238,-187.494,-0.979523,-0.130313,-0.153468,0.134930,-0.990653,-0.020018,-0.149425,-0.040316,0.987951,0,0.72000,-0.84676,43.200,-1.694,-1,975.000,-1,775.000,775.000,800.000,750.000,175.000,325.000,-1,-1,-1,-1,-1,925.000,-1,-1,2,1,2,1,1,1,1,1,0,2,2,2,2,2,1,2,2
9,5575.427,6231.358,466.096,-51.837,0.618036,0.785991,0.015780,-0.786111,0.617683,0.022305,0.007784,-0.026190,0.999627,1,0.00000,0.00000,48.000,-1.632,-1,400.000,-1,400.000,-1,325.000,325.000,300.000,300.000,-1,-1,-1,-1,825.000,850.000,-1,-1,2,0,2,0,2,0,0,0,0,2,2,2,2,0,0,2,2
10,5578.377,6227.572,466.126,-52.077,0.614738,0.788571,0.015883,-0.788693,0.614384,0.022262,0.007796,-0.026212,0.999626,0,0.08000,-0.12000,4.800,-0.240,-1,400.000,-1,400.000,-1,325.000,325.000,300.000,300.000,-1,-1,-1,-1,825.000,850.000,-1,-1,2,0,2,0,2,0,0,0,0,2,2,2,2,0,0,2,2
11,5584.213,6219.950,466.190,-52.557,0.608110,0.793690,0.016089,-0.793814,0.607756,0.022175,0.007822,-0.026257,0.999625,0,0.16000,-0.24000,9.600,-0.480,-1,400.000,-1,400.000,-1,325.000,325.000,300.000,300.000,-1,-1,-1,-1,825.000,850.000,-1,-1,2,0,2,0,2,0,0,0,0,2,2,2,2,1,0,2,2
12,5592.824,6208.407,466.288,-53.277,0.598088,0.801263,0.016397,-0.801392,0.597733,0.022042,0.007860,-0.026324,0.999623,0,0.24000,-0.36000,14.400,-0.720,-1,400.000,-1,400.000,-1,325.000,325.000,300.000,300.000,-1,-1,-1,-1,800.000,850.000,-1,-1,2,0,2,0,2,0,0,0,0,2,2,2,2,1,0,2,2
13,5604.045,6192.828,466.426,-54.237,0.584579,0.811163,0.016805,-0.811298,0.584223,0.021861,0.007915,-0.026413,0.999620,0,0.32000,-0.48000,19.200,-0.960,-1,400.000,-1,400.000,-1,325.000,325.000,300.000,300.000,-1,-1,-1,-1,800.000,850.000,-1,-1,2,0,2,0,2,0,0,0,0,2,2,2,2,1,0,2,2
14,5617.660,6173.063,466.608,-55.437,0.567462,0.823218,0.017311,-0.823361,0.567106,0.021628,0.007987,-0.026526,0.999616,0,0.40000,-0.60000,24.000,-1.200,-1,400.000,-1,400.000,-1,325.000,325.000,300.000,300.000,-1,-1,-1,-1,775.000,850.000,-1,-1,2,0,2,0,2,0,0,0,0,2,2,2,2,1,0,2,2
15,5633.397,6148.943,466.841,-56.877,0.546594,0.837206,0.017911,-0.837359,0.546237,0.021339,0.008081,-0.026662,0.999612,0,0.48000,-0.72000,28.800,-1.440,-1,400.000,-1,400.000,-1,325.000,325.000,300.000,300.000,-1,-1,-1,-1,750.000,850.000,-1,-1,2,0,2,0,2,0,0,0,0,2,2,2,2,1,0,2,2
16,5651.050,6120.354,467.128,-58.307,0.525528,0.850573,0.018595,-0.850738,0.525171,0.020976,0.008076,-0.026844,0.999607,0,0.56000,-0.71501,33.600,-1.430,-1,400.000,-1,400.000,-1,325.000,325.000,300.000,300.000,-1,-1,-1,-1,750.000,850.000,-1,-1,2,0,2,0,2,0,0,0,0,2,2,2,2,1,0,2,2
17,5670.410,6087.192,467.472,-59.723,0.504355,0.863280,0.019360,-0.863460,0.503999,0.020542,0.007976,-0.027077,0.999602,0,0.64000,-0.70765,38.400,-1.415,-1,400.000,-1,400.000,-1,325.000,325.000,300.000,300.000,-1,-1,-1,-1,725.000,850.000,-1,-1,2,0,2,0,2,0,0,0,0,2,2,2,2,1,0,2,2
18,5691.275,6049.364,467.833,-61.121,0.483138,0.875315,0.020017,-0.875508,0.482786,0.020067,0.007901,-0.027220,0.999598,0,0.72000,-0.69899,43.200,-1.398,-1,400.000,-1,400.000,-1,325.000,325.000,300.000,300.000,-1,-1,-1,-1,700.000,850.000,950.000,-1,2,0,2,0,2,0,0,0,0,2,2,2,2,1,0,1,2
19,5713.440,6006.788,468.228,-62.498,0.461949,0.886667,0.020630,-0.886872,0.461601,0.019555,0.007816,-0.027330,0.999596,0,0.80000,-0.68882,48.000,-1.378,-1,400.000,-1,400.000,-1,325.000,325.000,300.000,300.000,-1,-1,-1,-1,675.000,850.000,900.000,-1,2,0,2,0,2,0,0,0,0,2,2,2,2,1,0,1,2
20,5736.708,5959.391,468.601,-63.852,0.440858,0.897328,0.021130,-0.897546,0.440525,0.018683,0.007457,-0.027202,0.999602,0,0.88000,-0.67689,52.800,-1.354,900.000,400.000,-1,400.000,-1,325.000,325.000,300.000,300.000,-1,-1,-1,-1,675.000,875.000,825.000,-1,1,0,2,0,2,0,0,0,0,2,2,2,2,1,0,1,2
21,5760.889,5907.112,468.868,-65.178,0.419949,0.907298,0.021312,-0.907524,0.419652,0.017102,0.006573,-0.026523,0.999627,0,0.96000,-0.66294,57.600,-1.326,825.000,400.000,-1,400.000,-1,325.000,325.000,300.000,300.000,-1,-1,-1,-1,650.000,875.000,775.000,-1,1,0,2,0,2,0,0,0,0,2,2,2,2,1,0,1,2
22,5784.841,5852.101,469.159,-66.471,0.399334,0.916555,0.021438,-0.916788,0.399074,0.015494,0.005646,-0.025842,0.999650,0,1.00000,-0.64667,60.000,-1.293,725.000,400.000,-1,400.000,-1,325.000,325.000,300.000,300.000,-1,-1,-1,-1,625.000,900.000,700.000,-1,1,1,2,0,2,0,0,0,0,2,2,2,2,1,0,1,2
23,5807.581,5796.577,469.418,-67.728,0.379116,0.925097,0.021625,-0.925336,0.378884,0.014137,0.004885,-0.025370,0.999666,0,1.00000,-0.62825,60.000,-1.257,650.000,400.000,-1,400.000,-1,325.000,325.000,300.000,300.000,-1,-1,-1,-1,600.000,900.000,650.000,-1,1,1,2,0,2,0,0,0,0,2,2,2,2,1,0,1,2
24,5829.138,5740.583,469.530,-68.944,0.359367,0.932925,0.022513,-0.933189,0.359162,0.012717,0.003778,-0.025579,0.999666,0,1.00000,-0.60808,60.000,-1.216,575.000,400.000,-1,400.000,-1,325.000,325.000,300.000,300.000,-1,-1,-1,-1,575.000,925.000,600.000,-1,1,1,2,0,2,0,0,0,0,2,2,2,2,1,0,1,2
25,5849.545,5684.160,469.586,-70.116,0.340172,0.940064,0.023707,-0.940360,0.339997,0.011169,0.002439,-0.026093,0.999657,0,1.00000,-0.58609,60.000,-1.172,500.000,400.000,-1,400.000,-1,325.000,325.000,300.000,300.000,-1,-1,-1,-1,575.000,925.000,550.000,-1,1,1,2,0,2,0,0,0,0,2,2,2,2,1,0,1,2
26,5868.841,5627.347,469.661,-71.241,0.321620,0.946543,0.024831,-0.946868,0.321479,0.009610,0.001114,-0.026602,0.999645,0,1.00000,-0.56226,60.000,-1.125,450.000,375.000,-1,400.000,-1,325.000,325.000,300.000,300.000,-1,-1,-1,-1,550.000,925.000,500.000,-1,1,1,2,0,2,0,0,0,0,2,2,2,2,1,0,1,2
27,5887.069,5570.183,470.046,-72.314,0.303822,0.952415,0.024449,-0.952728,0.303701,0.008593,0.000759,-0.025904,0.999664,0,1.00000,-0.53653,60.000,-1.073,400.000,375.000,-1,400.000,-1,325.000,325.000,300.000,300.000,-1,-1,-1,-1,550.000,950.000,450.000,-1,1,1,2,0,2,0,0,0,0,2,2,2,2,1,0,1,2
28,5904.278,5512.704,470.639,-73.332,0.286858,0.957697,0.023011,-0.957973,0.286747,0.008030,0.001093,-0.024347,0.999703,0,1.00000,-0.50889,60.000,-1.018,375.000,375.000,-1,425.000,-1,325.000,325.000,300.000,300.000,-1,-1,-1,-1,550.000,950.000,425.000,-1,1,1,2,0,2,0,0,0,0,2,2,2,2,1,0,1,2
29,5920.524,5454.945,471.325,-74.290,0.270808,0.962413,0.020581,-0.962631,0.270699,0.007954,0.002084,-0.021966,0.999757,0,1.00000,-0.47932,60.000,-0.959,325.000,375.000,-1,425.000,-1,350.000,350.000,300.000,300.000,-1,-1,-1,-1,575.000,1000.000,400.000,-1,1,1,2,0,2,0,0,1,0,2,2,2,2,1,0,1,2
30,5935.864,5396.939,472.156,-75.186,0.255746,0.966585,0.017532,-0.966738,0.255637,0.008249,0.003492,-0.019058,0.999812,0,1.00000,-0.44783,60.000,-0.896,300.000,375.000,-1,450.000,-1,350.000,350.000,300.000,300.000,-1,-1,-1,-1,575.000,-1,375.000,-1,1,1,2,0,2,0,0,1,0,2,2,2,2,1,2,1,2
31,5950.363,5338.717,473.121,-76.015,0.241748,0.970239,0.013927,-0.970325,0.241641,0.008909,0.005279,-0.015667,0.999863,0,1.00000,-0.41446,60.000,-0.829,275.000,400.000,-1,450.000,-1,350.000,350.000,275.000,300.000,-1,-1,-1,-1,600.000,-1,400.000,-1,1,1,2,0,2,0,0,1,0,2,2,2,2,1,2,1,2
32,5964.091,5280.309,473.903,-76.773,0.228875,0.973417,0.008663,-0.973426,0.228790,0.009851,0.007607,-0.010687,0.999914,0,1.00000,-0.37929,60.000,-0.759,275.000,400.000,-1,475.000,-1,375.000,375.000,275.000,300.000,-1,-1,-1,-1,625.000,-1,475.000,-1,1,1,2,0,2,0,0,1,0,2,2,2,2,1,2,1,2
33,5977.289,5221.778,474.311,-77.292,0.220001,0.975499,0.000967,-0.975457,0.219982,0.009622,0.009174,-0.003060,0.999953,0,1.00000,-0.25929,60.000,-0.519,300.000,400.000,-1,475.000,-1,375.000,375.000,250.000,300.000,-1,-1,-1,-1,650.000,-1,525.000,-1,1,1,2,0,2,0,0,1,0,2,2,2,2,1,2,1,2
34,5990.204,5163.185,474.482,-77.571,0.215187,0.976555,-0.005859,-0.976513,0.215236,0.009749,0.010781,0.003623,0.999935,0,1.00000,-0.13929,60.000,-0.279,325.000,400.000,-1,475.000,-1,400.000,400.000,250.000,275.000,-1,-1,-1,-1,650.000,-1,600.000,-1,1,1,2,0,2,0,0,1,0,2,2,2,2,1,2,1,2
35,6002.890,5105.440,473.939,-77.609,0.214495,0.976680,-0.009356,-0.976671,0.214574,0.008498,0.010307,0.007315,0.999920,0,0.98536,-0.01929,59.122,-0.039,325.000,400.000,-1,475.000,-1,400.000,400.000,225.000,275.000,-1,-1,-1,-1,650.000,-1,600.000,-1,1,1,2,0,2,0,0,1,0,2,2,2,2,1,2,1,2
36,6015.556,5048.742,473.491,-77.408,0.217890,0.975883,-0.013258,-0.975922,0.217998,0.007320,0.010034,0.011344,0.999885,0,0.96827,0.10071,58.096,0.201,325.000,400.000,-1,475.000,-1,400.000,400.000,225.000,275.000,-1,-1,-1,-1,675.000,-1,575.000,-1,1,1,2,0,2,1,0,1,0,2,2,2,2,1,2,1,2
37,6028.415,4993.198,473.149,-76.966,0.225360,0.974116,-0.017613,-0.974224,0.225497,0.006205,0.010016,0.015761,0.999826,0,0.95022,0.22071,57.013,0.441,325.000,400.000,-1,500.000,-1,400.000,400.000,200.000,275.000,-1,-1,-1,-1,725.000,-1,575.000,-1,1,1,2,0,2,1,0,1,0,2,2,2,2,1,2,1,2
38,6041.671,4938.889,472.923,-76.285,0.236876,0.971280,-0.022463,-0.971485,0.237045,0.005122,0.010299,0.020610,0.999735,0,0.93172,0.34071,55.903,0.681,300.000,400.000,-1,500.000,-1,375.000,400.000,200.000,275.000,-1,-1,-1,-1,800.000,-1,550.000,-1,1,1,2,0,2,1,0,1,0,2,2,2,2,1,2,1,2
39,6055.519,4885.872,472.972,-75.363,0.252406,0.967207,-0.028321,-0.967565,0.252598,0.003388,0.010430,0.026547,0.999593,0,0.91325,0.46071,54.795,0.921,300.000,375.000,-1,500.000,-1,375.000,400.000,175.000,275.000,-1,-1,475.000,-1,-1,-1,-1,-1,1,1,2,0,2,1,0,1,0,2,2,0,2,2,2,2,2
40,6070.146,4834.185,473.288,-74.202,0.271893,0.961686,-0.035133,-0.962270,0.272094,0.000968,0.010491,0.033544,0.999382,0,0.89528,0.58071,53.717,1.161,300.000,375.000,-1,525.000,-1,375.000,425.000,175.000,275.000,-1,-1,425.000,-1,-1,-1,-1,-1,1,1,2,0,2,1,0,1,0,2,2,0,2,2,2,2,2
41,6085.730,4783.850,473.773,-72.801,0.295254,0.954470,-0.042567,-0.955357,0.295448,-0.001810,0.010849,0.041201,0.999092,0,0.87821,0.70071,52.693,1.401,300.000,375.000,-1,525.000,-1,375.000,425.000,175.000,275.000,-1,-1,400.000,-1,-1,-1,-1,-1,1,1,2,0,2,1,0,1,0,2,2,0,2,2,2,2,2
42,6102.445,4734.881,474.420,-71.159,0.322377,0.945259,-0.050583,-0.946541,0.322545,-0.005034,0.011557,0.049502,0.998707,0,0.86239,0.82071,51.744,1.641,300.000,375.000,-1,525.000,-1,375.000,425.000,175.000,275.000,-1,-1,400.000,1000.000,-1,-1,-1,-1,1,1,2,0,2,1,1,1,0,2,2,0,0,2,2,2,2
43,6120.457,4687.291,475.019,-69.278,0.353072,0.933666,-0.060060,-0.935502,0.353218,-0.008517,0.013262,0.059193,0.998158,0,0.84809,0.94071,50.885,1.881,300.000,400.000,-1,525.000,-1,375.000,425.000,200.000,275.000,-1,-1,325.000,850.000,-1,-1,-1,-1,1,1,2,0,2,1,1,1,0,2,2,0,0,2,2,2,2
44,6139.825,4641.055,475.290,-67.284,0.385062,0.920080,-0.071969,-0.922751,0.385189,-0.012665,0.016068,0.071286,0.997326,0,0.83549,0.99709,50.130,1.994,300.000,400.000,-1,550.000,-1,375.000,425.000,200.000,250.000,-1,825.000,250.000,675.000,-1,-1,-1,-1,1,1,2,0,2,1,1,1,0,2,0,0,0,2,2,2,2
45,6160.502,4596.161,475.600,-65.286,0.416604,0.905160,-0.084419,-0.908904,0.416589,-0.018636,0.018299,0.084492,0.996256,0,0.82379,0.99860,49.427,1.997,300.000,400.000,-1,550.000,-1,375.000,400.000,200.000,250.000,-1,675.000,200.000,550.000,-1,-1,-1,-1,1,1,2,1,2,1,1,1,0,2,0,0,0,2,2,2,2
46,6182.424,4552.636,476.129,-63.287,0.447624,0.888957,-0.096894,-0.893989,0.447346,-0.025803,0.020407,0.098172,0.994960,0,0.81227,0.99952,48.736,1.999,300.000,425.000,-1,525.000,-1,375.000,400.000,225.000,250.000,-1,650.000,175.000,500.000,-1,-1,-1,-1,1,1,2,1,2,1,1,1,0,2,0,0,0,2,2,2,2
47,6208.013,4505.613,477.035,-61.470,0.475316,0.872849,-0.110498,-0.879545,0.474518,-0.035105,0.021792,0.113874,0.993256,0,0.89227,0.90885,53.536,1.818,-1,450.000,-1,550.000,-1,375.000,425.000,225.000,250.000,-1,675.000,175.000,450.000,-1,-1,-1,-1,2,1,2,1,2,1,1,1,0,2,0,0,0,2,2,2,2
48,6236.528,4456.984,477.656,-59.639,0.502509,0.855684,-0.123652,-0.864214,0.501251,-0.043376,0.024864,0.128659,0.991377,0,0.93959,0.91546,56.375,1.831,-1,500.000,-1,550.000,-1,400.000,425.000,225.000,225.000,-1,650.000,200.000,400.000,-1,-1,-1,-1,2,1,2,1,2,1,1,1,0,2,0,0,0,2,2,2,2
49,6266.340,4409.709,478.497,-57.793,0.529329,0.837360,-0.136525,-0.847953,0.527466,-0.052494,0.028055,0.143553,0.989245,0,0.93155,0.92308,55.893,1.846,-1,550.000,-1,575.000,-1,425.000,450.000,250.000,225.000,-1,625.000,200.000,375.000,-1,-1,-1,-1,2,1,2,0,2,1,1,1,0,2,0,0,0,2,2,2,2
50,-5575.417,-3607.626,304.073,-73.942,0.277444,0.960297,0.029225,-0.960410,0.276420,0.034722,0.025265,-0.037701,0.998970,1,0.00000,0.00000,55.382,1.862,-1,400.000,-1,400.000,-1,325.000,325.000,300.000,300.000,-1,-1,-1,-1,775.000,775.000,-1,-1,2,0,2,0,2,0,0,0,0,2,2,2,2,0,0,2,2
51,-5574.109,-3612.244,304.199,-74.182,0.273420,0.961449,0.029263,-0.961559,0.272396,0.034699,0.025391,-0.037625,0.998969,0,0.08000,-0.12000,4.800,-0.240,-1,400.000,-1,400.000,-1,325.000,325.000,300.000,300.000,-1,-1,-1,-1,775.000,775.000,-1,-1,2,0,2,0,2,0,0,0,0,2,2,2,2,0,0,2,2
52,-5571.570,-3621.503,304.455,-74.662,0.265359,0.963703,0.029339,-0.963809,0.264333,0.034656,0.025642,-0.037474,0.998969,0,0.16000,-0.24000,9.600,-0.480,-1,400.000,-1,400.000,-1,325.000,325.000,300.000,300.000,-1,-1,-1,-1,775.000,775.000,-1,-1,2,0,2,0,2,0,0,0,0,2,2,2,2,0,0,2,2
53,-5567.935,-3635.436,304.845,-75.382,0.253232,0.966957,0.029456,-0.967055,0.252204,0.034594,0.026022,-0.037246,0.998967,0,0.24000,-0.36000,14.400,-0.720,-1,400.000,-1,400.000,-1,325.000,325.000,300.000,300.000,-1,-1,-1,-1,775.000,775.000,-1,-1,2,0,2,0,2,0,0,0,0,2,2,2,2,0,0,2,2
54,-5563.402,-3654.094,305.375,-76.342,0.237002,0.971058,0.029617,-0.971147,0.235971,0.034518,0.026530,-0.036943,0.998965,0,0.32000,-0.48000,19.200,-0.960,-1,400.000,-1,400.000,-1,325.000,325.000,300.000,300.000,-1,-1,-1,-1,775.000,775.000,-1,-1,2,0,2,0,2,0,0,0,0,2,2,2,2,0,0,2,2
55,-5558.224,-3677.529,306.054,-77.542,0.216621,0.975800,0.029824,-0.975878,0.215586,0.034434,0.027171,-0.036564,0.998962,0,0.40000,-0.60000,24.000,-1.200,-1,400.000,-1,400.000,-1,325.000,325.000,300.000,300.000,-1,-1,-1,-1,775.000,775.000,-1,-1,2,0,2,0,2,0,0,0,0,2,2,2,2,0,0,2,2
56,-5552.720,-3705.798,306.892,-78.982,0.192040,0.980926,0.030084,-0.980989,0.190999,0.034347,0.027946,-0.036108,0.998957,0,0.48000,-0.72000,28.800,-1.440,-1,400.000,-1,400.000,-1,325.000,325.000,300.000,300.000,-1,-1,-1,-1,775.000,775.000,-1,-1,2,0,2,0,2,0,0,0,0,2,2,2,2,0,0,2,2
57,-5547.269,-3738.953,307.901,-80.662,0.163211,0.986123,0.030404,-0.986169,0.162162,0.034264,0.028859,-0.035576,0.998950,0,0.56000,-0.84000,33.600,-1.680,-1,400.000,-1,400.000,-1,325.000,325.000,300.000,300.000,-1,-1,-1,-1,775.000,775.000,-1,-1,2,0,2,0,2,0,0,0,0,2,2,2,2,0,0,2,2
58,-5542.311,-3777.032,309.096,-82.582,0.130093,0.991023,0.030795,-0.991050,0.129034,0.034193,0.029913,-0.034968,0.998941,0,0.64000,-0.96000,38.400,-1.920,-1,400.000,-1,400.000,-1,325.000,325.000,300.000,300.000,-1,-1,-1,-1,775.000,750.000,-1,-1,2,0,2,0,2,0,0,0,0,2,2,2,2,0,0,2,2
59,-5537.992,-3820.016,310.475,-84.262,0.100997,0.994396,0.031245,-0.994410,0.099926,0.034115,0.030802,-0.034516,0.998929,0,0.72000,-0.84000,43.200,-1.680,-1,400.000,-1,400.000,-1,325.000,325.000,300.000,300.000,-1,-1,-1,-1,775.000,750.000,-1,-1,2,0,2,0,2,0,0,0,0,2,2,2,2,0,0,2,2
60,-5534.394,-3867.881,312.040,-85.702,0.075990,0.996603,0.031757,-0.996610,0.074906,0.034032,0.031537,-0.034235,0.998916,0,0.80000,-0.72000,48.000,-1.440,-1,400.000,-1,400.000,-1,325.000,325.000,300.000,300.000,-1,-1,-1,-1,775.000,750.000,-1,-1,2,0,2,0,2,0,0,0,0,2,2,2,2,0,0,2,2
61,-5531.541,-3920.604,313.788,-86.902,0.055118,0.997957,0.032318,-0.997963,0.054019,0.033951,0.032136,-0.034124,0.998901,0,0.88000,-0.60000,52.800,-1.200,-1,400.000,-1,400.000,-1,325.000,325.000,300.000,300.000,-1,-1,-1,-1,775.000,750.000,-1,-1,2,0,2,0,2,0,0,0,0,2,2,2,2,0,0,2,2
62,-5529.489,-3975.543,315.577,-87.862,0.038398,0.998728,0.032668,-0.998731,0.037291,0.033845,0.032584,-0.033926,0.998893,0,0.91629,-0.48000,54.977,-0.960,-1,400.000,-1,400.000,-1,325.000,325.000,300.000,300.000,-1,-1,-1,-1,775.000,750.000,-1,-1,2,0,2,0,2,0,0,0,0,2,2,2,2,0,0,2,2
63,-5528.129,-4030.504,317.388,-88.582,0.025853,0.999122,0.032962,-0.999123,0.024738,0.033774,0.032929,-0.033806,0.998886,0,0.91629,-0.36000,54.977,-0.720,-1,400.000,-1,400.000,-1,325.000,325.000,300.000,300.000,-1,-1,-1,-1,775.000,750.000,-1,-1,2,0,2,0,2,0,0,0,0,2,2,2,2,0,0,2,2
64,-5527.260,-4085.474,319.211,-89.094,0.016921,0.999304,0.033257,-0.999307,0.015799,0.033700,0.033151,-0.033804,0.998879,0,0.91629,-0.25629,54.977,-0.513,-1,400.000,-1,400.000,-1,325.000,325.000,300.000,300.000,-1,-1,-1,-1,750.000,775.000,-1,-1,2,0,2,0,2,0,0,0,0,2,2,2,2,0,0,2,2
65,-5526.882,-4140.450,321.049,-89.607,0.007988,0.999405,0.033563,-0.999411,0.006859,0.033632,0.033382,-0.033812,0.998871,0,0.91629,-0.25629,54.977,-0.513,-1,400.000,-1,400.000,-1,325.000,325.000,300.000,300.000,-1,-1,-1,-1,750.000,775.000,-1,-1,2,0,2,0,2,0,0,0,0,2,2,2,2,0,0,2,2
66,-5526.997,-4195.428,322.903,-90.119,-0.000944,0.999425,0.033881,-0.999434,-0.002082,0.033569,0.033620,-0.033830,0.998862,0,0.91629,-0.25629,54.977,-0.513,-1,400.000,-1,400.000,-1,325.000,325.000,300.000,300.000,-1,-1,-1,-1,750.000,775.000,-1,-1,2,0,2,0,2,0,0,0,0,2,2,2,2,0,0,2,2
67,-5527.603,-4250.402,324.773,-90.632,-0.009876,0.999366,0.034212,-0.999378,-0.011023,0.033509,0.033865,-0.033860,0.998853,0,0.91629,-0.25629,54.977,-0.513,-1,400.000,-1,400.000,-1,325.000,325.000,300.000,300.000,-1,-1,-1,-1,750.000,775.000,-1,-1,2,0,2,0,2,0,0,0,0,2,2,2,2,0,0,2,2
68,-5528.701,-4305.368,326.660,-91.145,-0.018806,0.999226,0.034558,-0.999241,-0.019963,0.033450,0.034114,-0.033903,0.998843,0,0.91629,-0.25629,54.977,-0.513,-1,400.000,-1,400.000,-1,325.000,325.000,300.000,300.000,-1,-1,-1,-1,750.000,775.000,-1,-1,2,0,2,0,2,0,0,0,0,2,2,2,2,0,0,2,2
69,-5530.291,-4360.323,328.563,-91.657,-0.027733,0.999005,0.034919,-0.999024,-0.028901,0.033391,0.034367,-0.033959,0.998832,0,0.91629,-0.25629,54.977,-0.513,-1,400.000,-1,400.000,-1,325.000,325.000,300.000,300.000,-1,-1,-1,-1,750.000,775.000,-1,-1,2,0,2,0,2,0,0,0,0,2,2,2,2,0,0,2,2
70,-5532.373,-4415.261,330.483,-92.170,-0.036658,0.998704,0.035297,-0.998728,-0.037837,0.033330,0.034622,-0.034030,0.998821,0,0.91629,-0.25629,54.977,-0.513,-1,400.000,-1,400.000,-1,325.000,325.000,300.000,300.000,-1,-1,-1,-1,750.000,775.000,-1,-1,2,0,2,0,2,0,0,0,0,2,2,2,2,0,0,2,2
71,-5534.945,-4470.178,332.421,-92.682,-0.045579,0.998323,0.035692,-0.998352,-0.046769,0.033265,0.034878,-0.034117,0.998809,0,0.91629,-0.25629,54.977,-0.513,-1,400.000,-1,400.000,-1,325.000,325.000,300.000,300.000,-1,-1,-1,-1,750.000,775.000,-1,-1,2,0,2,0,2,0,0,0,0,2,2,2,2,0,0,2,2
72,-5537.532,-4520.288,334.199,-92.955,-0.050317,0.998082,0.036058,-0.998120,-0.051518,0.033191,0.034985,-0.034320,0.998798,0,0.83629,-0.13629,50.177,-0.273,-1,400.000,-1,400.000,-1,325.000,325.000,300.000,300.000,-1,-1,-1,-1,750.000,775.000,-1,-1,2,0,2,0,2,0,0,0,0,2,2,2,2,0,0,2,2
73,-5539.897,-4565.604,335.810,-92.987,-0.050875,0.998042,0.036388,-0.998094,-0.052085,0.033110,0.034940,-0.034634,0.998789,0,0.75629,-0.01629,45.377,-0.033,-1,400.000,-1,400.000,-1,325.000,325.000,300.000,300.000,-1,-1,-1,-1,750.000,800.000,-1,-1,2,0,2,0,2,0,0,0,0,2,2,2,2,0,0,2,2
74,-5542.067,-4610.299,337.413,-92.780,-0.047259,0.998217,0.036474,-0.998277,-0.048471,0.033081,0.034790,-0.034848,0.998787,0,0.74579,0.10371,44.747,0.207,-1,400.000,-1,400.000,-1,325.000,325.000,300.000,300.000,-1,-1,-1,-1,750.000,800.000,-1,-1,2,0,2,0,2,0,0,0,0,2,2,2,2,0,0,2,2
75,-5543.888,-4655.009,338.906,-92.333,-0.039482,0.998569,0.036078,-0.998629,-0.040674,0.032942,0.034362,-0.034727,0.998806,0,0.74579,0.22371,44.747,0.447,-1,400.000,-1,400.000,-1,325.000,325.000,300.000,300.000,-1,-1,-1,-1,750.000,800.000,-1,-1,2,0,2,0,2,0,0,0,0,2,2,2,2,0,0,2,2
76,-5545.172,-4699.738,340.379,-91.645,-0.027519,0.998985,0.035658,-0.999051,-0.028691,0.032785,0.033775,-0.034722,0.998826,0,0.74579,0.34371,44.747,0.687,-1,400.000,-1,400.000,-1,325.000,325.000,300.000,300.000,-1,-1,-1,-1,750.000,800.000,-1,-1,2,0,2,0,2,0,0,0,0,2,2,2,2,0,0,2,2
77,-5545.734,-4744.578,341.830,-90.718,-0.011368,0.999315,0.035215,-0.999390,-0.012518,0.032613,0.033031,-0.034823,0.998847,0,0.74740,0.46371,44.844,0.927,-1,400.000,-1,400.000,-1,325.000,325.000,300.000,300.000,-1,-1,-1,-1,750.000,800.000,-1,-1,2,0,2,0,2,0,0,0,0,2,2,2,2,0,0,2,2
78,-5545.379,-4789.774,343.263,-89.550,0.008971,0.999356,0.034745,-0.999443,0.007845,0.032428,0.032135,-0.035016,0.998870,0,0.75329,0.58371,45.197,1.167,-1,400.000,-1,400.000,-1,325.000,325.000,300.000,300.000,-1,-1,-1,-1,725.000,800.000,-1,-1,2,0,2,0,2,0,0,0,0,2,2,2,2,0,0,2,2
79,-5543.903,-4835.303,344.672,-88.143,0.033490,0.998852,0.034249,-0.998955,0.032388,0.032235,0.031088,-0.035292,0.998893,0,0.75922,0.70371,45.553,1.407,-1,400.000,-1,400.000,-1,325.000,325.000,300.000,300.000,-1,-1,-1,-1,725.000,800.000,-1,-1,2,0,2,0,2,0,0,0,0,2,2,2,2,0,0,2,2
80,-5541.096,-4881.127,346.051,-86.495,0.062166,0.997496,0.033728,-0.997618,0.061090,0.032037,0.029897,-0.035639,0.998917,0,0.76517,0.82371,45.910,1.647,-1,400.000,-1,400.000,-1,325.000,325.000,300.000,300.000,-1,-1,-1,-1,725.000,800.000,-1,-1,2,0,2,0,2,0,0,0,0,2,2,2,2,0,0,2,2
81,-5536.805,-4927.195,347.396,-84.679,0.093730,0.995045,0.033183,-0.995186,0.092681,0.031846,0.028613,-0.036008,0.998942,0,0.77113,0.90836,46.268,1.817,-1,375.000,-1,400.000,-1,325.000,325.000,300.000,300.000,-1,-1,-1,-1,725.000,800.000,-1,-1,2,0,2,0,2,0,0,0,0,2,2,2,2,0,0,2,2
82,-5531.014,-4973.457,348.708,-82.865,0.125146,0.991602,0.032614,-0.991761,0.124124,0.031677,0.027363,-0.036309,0.998966,0,0.77705,0.90679,46.623,1.814,-1,375.000,-1,400.000,-1,325.000,325.000,300.000,300.000,-1,-1,-1,-1,725.000,800.000,-1,-1,2,0,2,0,2,0,0,0,0,2,2,2,2,0,0,2,2
83,-5523.710,-5019.859,349.985,-81.056,0.156368,0.987180,0.032016,-0.987352,0.155373,0.031534,0.026155,-0.036542,0.998990,0,0.78289,0.90478,46.974,1.810,-1,375.000,-1,400.000,-1,325.000,325.000,300.000,300.000,-1,-1,-1,-1,700.000,775.000,-1,-1,2,0,2,0,2,0,0,0,0,2,2,2,2,0,0,2,2
84,-5514.885,-5066.346,351.227,-79.251,0.187351,0.981791,0.031389,-0.981975,0.186382,0.031422,0.025000,-0.036710,0.999013,0,0.78863,0.90229,47.318,1.805,-1,375.000,-1,400.000,-1,325.000,325.000,300.000,300.000,-1,-1,-1,-1,700.000,775.000,-1,-1,2,0,2,0,2,0,0,0,0,2,2,2,2,0,0,2,2
85,-5504.532,-5112.862,352.435,-77.452,0.218049,0.975454,0.030727,-0.975645,0.217105,0.031346,0.023905,-0.036814,0.999036,0,0.79423,0.89932,47.654,1.799,-1,375.000,-1,400.000,-1,325.000,325.000,300.000,300.000,-1,-1,-1,-1,700.000,775.000,-1,1000.000,2,0,2,0,2,0,0,0,0,2,2,2,2,0,0,2,1
86,-5492.649,-5159.344,353.607,-75.661,0.248417,0.968188,0.030027,-0.968383,0.247496,0.031307,0.022880,-0.036855,0.999059,0,0.79963,0.89583,47.978,1.792,-1,375.000,-1,400.000,-1,325.000,325.000,300.000,300.000,-1,-1,-1,-1,700.000,775.000,-1,925.000,2,0,2,0,2,0,0,0,0,2,2,2,2,0,1,2,1
87,-5479.240,-5205.733,354.652,-73.877,0.278410,0.960028,0.028889,-0.960206,0.277515,0.031469,0.022194,-0.036500,0.999087,0,0.80480,0.89182,48.288,1.784,-1,375.000,-1,400.000,1000.000,325.000,325.000,300.000,300.000,-1,-1,-1,-1,700.000,725.000,-1,850.000,2,0,2,0,1,0,0,0,0,2,2,2,2,0,1,2,1
88,-5464.311,-5251.962,355.648,-72.102,0.307986,0.950990,0.027636,-0.951145,0.307116,0.031669,0.021629,-0.036039,0.999116,0,0.80967,0.88727,48.580,1.775,-1,375.000,-1,400.000,875.000,300.000,325.000,300.000,300.000,-1,-1,-1,-1,675.000,700.000,-1,800.000,2,0,2,0,1,0,0,0,0,2,2,2,2,0,1,2,1
89,-5447.874,-5297.964,356.649,-70.338,0.337105,0.941096,0.026438,-0.941228,0.336254,0.032005,0.021230,-0.035673,0.999138,0,0.81419,0.88215,48.851,1.764,-1,375.000,1000.000,400.000,800.000,300.000,325.000,300.000,300.000,-1,-1,-1,-1,675.000,650.000,-1,750.000,2,0,1,0,1,0,0,0,0,2,2,2,2,0,1,2,1
90,-5429.948,-5343.672,357.744,-68.585,0.365734,0.930373,0.025387,-0.930480,0.364885,0.032655,0.021118,-0.035565,0.999144,0,0.81829,0.87646,49.098,1.753,-1,375.000,975.000,400.000,725.000,300.000,325.000,300.000,300.000,-1,-1,-1,-1,675.000,625.000,-1,700.000,2,0,1,0,1,0,0,0,0,2,2,2,2,0,1,2,1
91,-5410.556,-5389.015,358.837,-66.845,0.393820,0.918868,0.024257,-0.918946,0.392974,0.033295,0.021062,-0.035403,0.999151,0,0.82192,0.87017,49.315,1.740,-1,375.000,925.000,400.000,650.000,300.000,325.000,300.000,300.000,-1,-1,-1,-1,675.000,600.000,-1,650.000,2,0,1,0,1,0,0,0,0,2,2,2,2,0,1,2,1
92,-5389.729,-5433.921,359.934,-65.118,0.421326,0.906617,0.023004,-0.906663,0.420485,0.033987,0.021140,-0.035177,0.999157,0,0.82501,0.86329,49.501,1.727,-1,375.000,925.000,400.000,600.000,300.000,325.000,300.000,300.000,-1,-1,975.000,-1,650.000,575.000,-1,600.000,2,0,1,0,1,0,0,0,0,2,2,0,2,0,1,2,1
93,-5367.504,-5478.316,361.020,-63.407,0.448218,0.893660,0.021718,-0.893671,0.447380,0.034699,0.021293,-0.034962,0.999162,0,0.82748,0.85579,49.649,1.712,-1,375.000,925.000,375.000,550.000,300.000,325.000,300.000,300.000,-1,-1,825.000,-1,650.000,550.000,-1,550.000,2,0,1,0,1,0,0,0,0,2,2,0,2,0,1,2,1
94,-5343.925,-5522.129,362.096,-61.711,0.474462,0.880039,0.020402,-0.880013,0.473627,0.035429,0.021516,-0.034764,0.999164,0,0.82925,0.84769,49.755,1.695,-1,375.000,950.000,375.000,500.000,300.000,325.000,300.000,300.000,-1,925.000,725.000,-1,650.000,500.000,-1,525.000,2,0,1,0,1,0,0,0,0,2,0,0,2,0,1,2,1
95,-5319.042,-5565.285,363.164,-60.033,0.500030,0.865798,0.019060,-0.865734,0.499196,0.036173,0.021804,-0.034589,0.999164,0,0.83026,0.83899,49.816,1.678,-1,375.000,1000.000,375.000,450.000,300.000,325.000,300.000,300.000,-1,825.000,650.000,-1,650.000,475.000,-1,475.000,2,0,1,0,1,0,0,0,0,2,0,0,2,0,1,2,1
96,-5292.915,-5607.712,364.465,-58.374,0.524888,0.851013,0.016444,-0.850862,0.524079,0.037081,0.022939,-0.033455,0.999177,0,0.83044,0.82969,49.826,1.659,-1,375.000,-1,375.000,425.000,300.000,325.000,300.000,300.000,-1,725.000,575.000,-1,650.000,450.000,-1,425.000,2,0,2,1,1,0,0,0,0,2,0,0,2,1,1,2,1
97,-5265.608,-5649.337,365.785,-56.734,0.549014,0.835701,0.013672,-0.835463,0.548236,0.037937,0.024208,-0.032250,0.999187,0,0.82972,0.81983,49.783,1.640,-1,375.000,-1,350.000,375.000,300.000,325.000,300.000,300.000,-1,650.000,525.000,-1,650.000,425.000,-1,400.000,2,0,2,1,1,0,0,0,0,2,0,0,2,1,1,2,1
98,-5234.626,-5694.141,367.214,-55.335,0.569248,0.822097,0.010679,-0.821760,0.568511,0.038799,0.025825,-0.030862,0.999190,0,0.90788,0.69983,54.473,1.400,-1,375.000,-1,325.000,325.000,300.000,325.000,300.000,300.000,-1,600.000,500.000,-1,650.000,400.000,-1,350.000,2,0,2,1,1,0,1,0,0,2,0,0,2,1,1,2,1
99,-5201.442,-5740.110,368.701,-54.175,0.585747,0.810458,0.007623,-0.810022,0.585058,0.039645,0.027671,-0.029397,0.999185,0,0.94492,0.57983,56.695,1.160,-1,375.000,-1,300.000,275.000,300.000,300.000,300.000,300.000,-1,575.000,475.000,-1,625.000,375.000,-1,300.000,2,0,2,1,1,0,1,0,0,2,0,0,2,1,1,2,1
100,-5167.355,-5785.768,370.299,-53.255,0.598657,0.800990,0.005067,-0.800467,0.598010,0.040456,0.029375,-0.028275,0.999168,0,0.94964,0.45983,56.979,0.920,-1,375.000,-1,275.000,250.000,300.000,275.000,300.000,300.000,-1,575.000,475.000,-1,625.000,350.000,-1,250.000,2,0,2,1,1,0,1,0,0,2,0,0,2,1,1,2,1
101,-5132.568,-5831.228,372.717,-52.576,0.608172,0.793797,0.003705,-0.793110,0.607437,0.044683,0.033219,-0.030113,0.998994,0,0.95404,0.33983,57.242,0.680,-1,375.000,-1,250.000,200.000,300.000,250.000,300.000,325.000,-1,525.000,450.000,-1,650.000,350.000,-1,225.000,2,1,2,1,1,1,1,0,0,2,0,0,2,1,1,2,1
102,-5097.278,-5876.610,379.239,-52.136,0.614875,0.788594,0.006940,-0.787090,0.613107,0.067741,0.049165,-0.047115,0.997679,0,0.95811,0.21983,57.487,0.440,-1,400.000,-1,275.000,200.000,300.000,275.000,275.000,350.000,-1,275.000,325.000,-1,775.000,350.000,-1,225.000,2,1,2,1,1,1,1,0,1,2,0,0,2,0,1,2,1
103,-5061.689,-5922.046,385.692,-51.936,0.618492,0.785727,0.010043,-0.783117,0.615283,0.090299,0.064772,-0.063714,0.995864,0,0.96187,0.09983,57.712,0.200,-1,400.000,-1,275.000,200.000,325.000,275.000,275.000,325.000,-1,175.000,250.000,-1,850.000,375.000,-1,225.000,2,1,2,1,1,1,1,0,1,2,0,0,2,0,1,2,1
104,-5026.004,-5967.668,392.104,-51.977,0.619054,0.785236,0.013335,-0.781256,0.614007,0.112405,0.080077,-0.080003,0.993573,0,0.96531,-0.02017,57.919,-0.040,-1,425.000,-1,275.000,200.000,325.000,275.000,275.000,325.000,900.000,125.000,225.000,-1,925.000,425.000,-1,225.000,2,1,2,1,1,1,1,0,1,0,0,0,2,0,1,2,1
105,-4990.426,-6013.613,398.517,-52.257,0.616573,0.787112,0.017107,-0.781537,0.609292,0.134027,0.095071,-0.096007,0.990830,0,0.96843,-0.14017,58.106,-0.280,-1,475.000,-1,300.000,200.000,350.000,300.000,250.000,300.000,675.000,75.000,200.000,-1,-1,450.000,-1,225.000,2,1,2,1,1,1,1,0,1,0,0,0,2,2,1,2,1
106,-4955.163,-6060.011,404.963,-52.777,0.611043,0.791302,0.021646,-0.783951,0.601123,0.155150,0.109759,-0.111773,0.987654,0,0.97122,-0.26017,58.273,-0.520,-1,525.000,-1,325.000,200.000,375.000,300.000,250.000,300.000,500.000,75.000,175.000,-1,-1,525.000,-1,225.000,2,1,2,1,1,1,1,0,1,0,0,0,2,2,1,2,1
107,-4920.431,-6106.990,411.694,-53.538,0.602334,0.797789,0.026947,-0.788634,0.589520,0.174708,0.123494,-0.126484,0.984252,0,0.97366,-0.38017,58.419,-0.760,-1,575.000,-1,350.000,200.000,400.000,325.000,250.000,300.000,400.000,50.000,175.000,-1,-1,-1,-1,250.000,2,0,2,1,1,1,1,0,1,0,0,0,2,2,2,2,1
108,-4886.460,-6154.675,418.795,-54.538,0.589687,0.807166,0.027423,-0.795815,0.574937,0.190069,0.137651,-0.133905,0.981388,0,0.97571,-0.50017,58.542,-1.000,-1,625.000,-1,375.000,175.000,450.000,350.000,250.000,275.000,350.000,50.000,175.000,-1,-1,-1,-1,300.000,2,0,2,1,1,1,1,0,1,0,0,0,2,2,2,2,1
109,-4853.344,-6203.076,425.894,-55.621,0.575500,0.817378,0.026329,-0.803600,0.559239,0.203663,0.151745,-0.138366,0.978687,0,0.97732,-0.54124,58.639,-1.082,-1,675.000,-1,400.000,200.000,525.000,400.000,250.000,275.000,325.000,50.000,175.000,-1,-1,-1,-1,-1,2,0,2,1,1,1,1,0,1,0,0,0,2,2,2,2,2
110,-4821.141,-6252.139,432.315,-56.724,0.560995,0.827349,0.027895,-0.811503,0.542969,0.215979,0.163544,-0.143800,0.975999,0,0.97802,-0.55176,58.681,-1.104,-1,725.000,-1,475.000,200.000,650.000,450.000,250.000,250.000,300.000,50.000,150.000,-1,-1,-1,-1,-1,2,1,2,1,1,1,1,0,1,0,0,0,2,2,2,2,2
111,-4263.588,-6887.300,483.894,-146.561,-0.820849,0.550662,0.151586,-0.549165,-0.833874,0.055423,0.156923,-0.037752,0.986889,1,0.00000,0.00000,58.646,-1.127,-1,300.000,-1,225.000,275.000,250.000,225.000,225.000,725.000,225.000,75.000,150.000,-1,450.000,325.000,-1,200.000,2,1,2,1,1,1,1,1,0,1,0,0,2,1,1,2,1
112,-9514.209,-8195.537,396.098,130.837,-0.641181,-0.754853,-0.138144,0.755670,-0.652415,0.057595,-0.133603,-0.067462,0.988736,1,0.08000,-0.12000,4.800,-0.240,150.000,250.000,950.000,375.000,-1,250.000,275.000,225.000,225.000,700.000,-1,-1,225.000,375.000,575.000,175.000,925.000,0,0,0,0,2,0,0,0,1,1,2,2,1,0,0,0,0
113,-9520.424,-8188.221,395.338,130.357,-0.635114,-0.760350,-0.136010,0.760990,-0.646118,0.058526,-0.132379,-0.066332,0.988977,0,0.16000,-0.24000,9.600,-0.480,150.000,250.000,975.000,375.000,-1,250.000,275.000,225.000,225.000,700.000,-1,-1,225.000,375.000,575.000,175.000,925.000,0,0,0,0,2,0,0,0,1,1,2,2,1,0,0,0,0
114,-9529.608,-8177.129,394.308,129.637,-0.625923,-0.768519,-0.132658,0.768817,-0.636604,0.060468,-0.130921,-0.064141,0.989316,0,0.24000,-0.36000,14.400,-0.720,175.000,275.000,975.000,375.000,-1,250.000,275.000,225.000,225.000,725.000,-1,-1,225.000,400.000,575.000,175.000,925.000,0,0,0,0,2,0,0,0,1,1,2,2,1,0,0,0,0
115,-9541.659,-8162.182,393.013,128.889,-0.616357,-0.776893,-0.128611,0.776828,-0.626622,0.062319,-0.129006,-0.061498,0.989735,0,0.32000,-0.37396,19.200,-0.748,175.000,275.000,975.000,375.000,-1,250.000,275.000,225.000,225.000,775.000,-1,-1,225.000,400.000,575.000,200.000,925.000,0,0,0,0,2,0,0,0,1,1,2,2,1,0,0,0,0
116,-9556.482,-8143.307,391.447,128.152,-0.606937,-0.785038,-0.123869,0.784604,-0.616691,0.063943,-0.126586,-0.058379,0.990236,0,0.40000,-0.36858,24.000,-0.737,175.000,275.000,1000.000,375.000,-1,250.000,275.000,225.000,225.000,800.000,-1,-1,225.000,400.000,575.000,200.000,925.000,0,0,0,0,2,0,0,0,1,1,2,2,1,0,0,0,0
117,-9573.982,-8120.434,389.576,127.428,-0.597719,-0.792929,-0.118301,0.792124,-0.606856,0.065308,-0.123576,-0.054673,0.990828,0,0.48000,-0.36177,28.800,-0.724,200.000,275.000,-1,375.000,-1,250.000,275.000,225.000,225.000,850.000,-1,-1,250.000,400.000,575.000,225.000,925.000,0,0,2,0,2,0,0,0,1,1,2,2,1,0,0,0,0
118,-9593.622,-8094.097,387.401,126.721,-0.588749,-0.800540,-0.111851,0.799367,-0.597164,0.066396,-0.119946,-0.050319,0.991504,0,0.54757,-0.35346,32.854,-0.707,200.000,275.000,-1,350.000,-1,250.000,275.000,225.000,225.000,925.000,-1,-1,250.000,425.000,575.000,225.000,925.000,0,0,2,0,2,0,0,0,1,1,2,2,1,1,0,0,0
119,-9612.889,-8067.599,384.579,126.034,-0.580347,-0.807904,-0.102411,0.806286,-0.587700,0.067168,-0.114452,-0.043592,0.992472,0,0.54606,-0.34380,32.764,-0.688,650.000,275.000,-1,350.000,-1,250.000,275.000,225.000,250.000,975.000,-1,-1,250.000,425.000,575.000,425.000,925.000,1,0,2,0,2,0,0,0,1,1,2,2,1,1,0,1,0
120,-9631.822,-8040.913,381.595,125.366,-0.572155,-0.814937,-0.092278,0.812937,-0.578410,0.067639,-0.108496,-0.036317,0.993433,0,0.54535,-0.33397,32.721,-0.668,625.000,275.000,-1,350.000,-1,250.000,275.000,250.000,250.000,-1,-1,-1,250.000,425.000,575.000,450.000,925.000,1,0,2,0,2,0,0,0,1,2,2,2,1,1,0,1,0
121,-9650.452,-8014.015,378.621,124.718,-0.564068,-0.821619,-0.082277,0.819332,-0.569291,0.067847,-0.102584,-0.029142,0.994297,0,0.54535,-0.32397,32.721,-0.648,600.000,300.000,-1,350.000,-1,250.000,275.000,250.000,250.000,-1,-1,-1,250.000,450.000,575.000,450.000,925.000,1,0,2,0,2,0,0,0,1,2,2,2,1,0,0,1,0
122,-9668.809,-7986.884,375.654,124.090,-0.556100,-0.827956,-0.072399,0.825470,-0.560359,0.067806,-0.096709,-0.022056,0.995068,0,0.54598,-0.31381,32.759,-0.628,575.000,300.000,-1,350.000,-1,275.000,275.000,250.000,250.000,-1,-1,-1,250.000,450.000,575.000,450.000,925.000,1,0,2,0,2,0,0,0,1,2,2,2,1,0,0,1,0
123,-9686.918,-7959.500,372.693,123.483,-0.548267,-0.833954,-0.062637,0.831352,-0.551628,0.067528,-0.090867,-0.015050,0.995749,0,0.54719,-0.30349,32.832,-0.607,575.000,300.000,-1,350.000,-1,275.000,275.000,250.000,250.000,-1,-1,-1,250.000,450.000,575.000,450.000,925.000,1,0,2,0,2,0,0,0,1,2,2,2,1,0,0,1,0
124,-9704.803,-7931.846,369.926,122.897,-0.540563,-0.839615,-0.053274,0.837051,-0.543110,0.066159,-0.084482,-0.008830,0.996386,0,0.54892,-0.29301,32.935,-0.586,550.000,300.000,-1,350.000,-1,275.000,275.000,250.000,250.000,-1,-1,-1,250.000,475.000,600.000,450.000,925.000,1,0,2,0,2,0,0,0,1,2,2,2,1,0,0,1,0
125,-9722.486,-7903.905,367.270,122.332,-0.533006,-0.844956,-0.044205,0.842528,-0.534827,0.064086,-0.077792,-0.003086,0.996965,0,0.55113,-0.28236,33.068,-0.565,525.000,325.000,-1,350.000,-1,275.000,300.000,-1,250.000,-1,1000.000,-1,250.000,475.000,600.000,425.000,925.000,1,0,2,0,2,0,0,2,1,2,1,2,1,0,0,1,0
126,-9739.988,-7875.664,364.614,121.789,-0.525620,-0.849988,-0.035258,0.847741,-0.526795,0.061827,-0.071126,0.002608,0.997464,0,0.55377,-0.27154,33.226,-0.543,500.000,325.000,-1,350.000,-1,275.000,300.000,-1,250.000,-1,975.000,-1,250.000,500.000,600.000,450.000,950.000,1,0,2,0,2,0,0,2,1,2,1,2,1,0,0,0,0
127,-9757.328,-7847.108,361.954,121.268,-0.518419,-0.854718,-0.026425,0.852692,-0.519027,0.059393,-0.064480,0.008258,0.997885,0,0.55682,-0.26055,33.409,-0.521,475.000,325.000,-1,350.000,-1,275.000,300.000,-1,250.000,-1,975.000,-1,250.000,500.000,600.000,475.000,975.000,1,0,2,0,2,0,0,2,1,2,1,2,1,0,0,0,0
128,-9776.871,-7814.277,358.808,120.764,-0.511354,-0.859196,-0.017303,0.857453,-0.511454,0.056476,-0.057373,0.014043,0.998254,0,0.63682,-0.25204,38.209,-0.504,475.000,325.000,-1,350.000,-1,275.000,300.000,-1,250.000,-1,975.000,425.000,250.000,525.000,625.000,525.000,1000.000,0,0,2,0,2,0,0,2,1,2,1,1,1,0,0,0,0
129,-9796.554,-7780.568,355.660,120.279,-0.504445,-0.863407,-0.007949,0.861988,-0.504107,0.053421,-0.050131,0.020096,0.998540,0,0.65060,-0.24263,39.036,-0.485,525.000,325.000,-1,350.000,-1,275.000,300.000,-1,275.000,-1,950.000,400.000,250.000,525.000,625.000,575.000,1000.000,0,0,2,0,2,0,0,2,1,2,1,1,1,0,0,0,0
130,-9815.909,-7746.794,352.898,119.813,-0.497743,-0.867320,0.002848,0.866291,-0.496987,0.050434,-0.042327,0.027571,0.998723,0,0.64880,-0.23275,38.928,-0.465,625.000,325.000,-1,350.000,-1,300.000,300.000,-1,275.000,-1,950.000,375.000,250.000,550.000,625.000,675.000,-1,0,0,2,0,2,0,0,2,1,2,1,1,1,0,0,0,2
131,-9834.964,-7712.939,350.424,119.368,-0.491201,-0.870919,0.014901,0.870394,-0.490099,0.047078,-0.033698,0.036095,0.998780,0,0.64749,-0.22262,38.850,-0.445,-1,350.000,-1,375.000,-1,300.000,300.000,-1,275.000,-1,625.000,375.000,250.000,575.000,625.000,850.000,-1,2,0,2,0,2,0,0,2,1,2,1,1,1,0,0,0,2
132,-9853.745,-7678.988,348.064,118.944,-0.484776,-0.874212,0.027318,0.874286,-0.483459,0.043481,-0.024805,0.044962,0.998681,0,0.64667,-0.21225,38.800,-0.425,-1,350.000,-1,375.000,-1,300.000,300.000,-1,275.000,-1,600.000,375.000,250.000,625.000,650.000,-1,-1,2,0,2,0,2,0,0,2,1,2,1,1,1,0,0,2,2
133,-9872.277,-7644.925,345.601,118.540,-0.478479,-0.877233,0.038988,0.877947,-0.477098,0.039845,-0.016352,0.053295,0.998445,0,0.64631,-0.20165,38.779,-0.403,-1,375.000,-1,375.000,-1,300.000,300.000,-1,275.000,-1,525.000,375.000,250.000,650.000,650.000,-1,-1,2,0,2,0,2,0,0,2,1,2,0,1,1,0,0,2,2
134,-9890.583,-7610.732,344.502,118.159,-0.472479,-0.880234,0.044171,0.881260,-0.471160,0.037267,-0.011992,0.056533,0.998329,0,0.64641,-0.19082,38.785,-0.382,-1,375.000,-1,375.000,-1,325.000,325.000,-1,275.000,-1,425.000,400.000,250.000,675.000,650.000,-1,-1,2,0,2,0,2,0,0,2,1,2,0,1,1,0,0,2,2
135,-9908.687,-7576.394,344.129,117.799,-0.466848,-0.883149,0.045842,0.884283,-0.465614,0.035314,-0.009843,0.057024,0.998324,0,0.64696,-0.17976,38.817,-0.360,-1,375.000,-1,375.000,-1,325.000,325.000,-1,275.000,-1,425.000,450.000,275.000,675.000,675.000,-1,-1,2,0,2,0,2,0,0,2,1,2,0,1,1,0,0,2,2
