timestep,x_cm,y_cm,z_cm,yaw_deg,basis_xx,basis_xy,basis_xz,basis_yx,basis_yy,basis_yz,basis_zx,basis_zy,basis_zz,teleport_flag,throttle_cmd,steering_cmd,cmd_move_cm,cmd_turn_deg,lidar_cm_0,lidar_cm_1,lidar_cm_2,lidar_cm_3,lidar_cm_4,lidar_cm_5,lidar_cm_6,lidar_cm_7,lidar_cm_8,lidar_cm_9,lidar_cm_10,lidar_cm_11,lidar_cm_12,lidar_cm_13,lidar_cm_14,lidar_cm_15,lidar_cm_16,lidar_class_0,lidar_class_1,lidar_class_2,lidar_class_3,lidar_class_4,lidar_class_5,lidar_class_6,lidar_class_7,lidar_class_8,lidar_class_9,lidar_class_10,lidar_class_11,lidar_class_12,lidar_class_13,lidar_class_14,lidar_class_15,lidar_class_16
0,-1643.395,2948.447,-205.290,-143.131,-0.802263,0.578400,-0.147742,-0.596804,-0.771237,0.221403,0.014115,0.265796,0.963926,1,0.08000,0.12000,4.800,0.240,-1,375.000,-1,425.000,-1,325.000,325.000,300.000,275.000,475.000,325.000,175.000,600.000,825.000,-1,-1,-1,2,0,2,0,2,0,0,0,0,1,0,0,0,0,2,2,2
1,-1651.022,2942.623,-205.087,-142.651,-0.797635,0.584789,-0.147646,-0.602909,-0.766298,0.222010,0.016689,0.266100,0.963801,0,0.16000,0.24000,9.600,0.480,-1,375.000,-1,425.000,-1,325.000,325.000,300.000,275.000,475.000,325.000,175.000,625.000,850.000,-1,-1,-1,2,0,2,0,2,0,0,0,0,1,0,0,0,0,2,2,2
2,-1662.352,2933.744,-204.734,-141.931,-0.790596,0.594297,-0.147544,-0.611994,-0.758792,0.222928,0.020530,0.266542,0.963605,0,0.24000,0.36000,14.400,0.720,-1,375.000,-1,425.000,-1,325.000,325.000,300.000,275.000,500.000,325.000,175.000,625.000,850.000,-1,-1,-1,2,0,2,0,2,0,0,0,0,1,0,0,0,0,2,2,2
3,-1677.258,2921.654,-204.177,-140.971,-0.781029,0.606829,-0.147490,-0.623970,-0.748607,0.224162,0.025616,0.267107,0.963326,0,0.32000,0.48000,19.200,0.960,-1,375.000,-1,425.000,-1,325.000,325.000,300.000,275.000,500.000,325.000,175.000,625.000,875.000,-1,-1,-1,2,0,2,0,2,0,0,0,0,1,0,0,0,0,2,2,2
4,-1695.569,2906.155,-203.344,-139.771,-0.768783,0.622254,-0.147557,-0.638714,-0.735594,0.225711,0.031908,0.267769,0.962955,0,0.40000,0.60000,24.000,1.200,-1,400.000,-1,425.000,-1,325.000,350.000,300.000,275.000,525.000,325.000,200.000,625.000,875.000,-1,-1,-1,2,0,2,0,2,0,0,0,0,1,0,0,0,0,2,2,2
5,-1717.069,2887.010,-202.141,-138.331,-0.753670,0.640411,-0.147833,-0.656074,-0.719576,0.227546,0.039346,0.268484,0.962480,0,0.48000,0.72000,28.800,1.440,-1,400.000,-1,450.000,-1,325.000,350.000,300.000,275.000,550.000,325.000,200.000,650.000,900.000,-1,-1,-1,2,0,2,0,2,0,0,0,0,1,0,0,0,0,2,2,2
6,-1741.488,2863.949,-200.368,-136.651,-0.735427,0.661151,-0.148410,-0.675929,-0.700407,0.229241,0.047616,0.268904,0.961989,0,0.56000,0.84000,33.600,1.680,-1,400.000,-1,450.000,-1,325.000,350.000,300.000,275.000,575.000,325.000,200.000,650.000,925.000,-1,-1,-1,2,0,2,0,2,0,0,0,0,1,0,0,0,0,2,2,2
7,-1768.497,2836.674,-198.037,-134.731,-0.713880,0.684143,-0.149408,-0.697943,-0.677759,0.231338,0.057005,0.269426,0.961332,0,0.64000,0.96000,38.400,1.920,-1,400.000,-1,450.000,-1,325.000,350.000,300.000,300.000,600.000,350.000,225.000,650.000,950.000,-1,-1,-1,2,0,2,0,2,0,0,0,0,1,0,0,0,0,2,2,2
8,-1797.792,2804.947,-195.078,-132.731,-0.690683,0.707213,-0.151023,-0.720076,-0.653316,0.233813,0.066690,0.270239,0.960481,0,0.72000,1.00000,43.200,2.000,-1,400.000,-1,450.000,-1,325.000,350.000,300.000,300.000,625.000,350.000,250.000,675.000,975.000,-1,-1,-1,2,0,2,0,2,0,0,0,0,1,0,0,0,0,2,2,2
9,-1829.093,2768.578,-191.423,-130.731,-0.666761,0.729310,-0.153418,-0.741362,-0.628002,0.236634,0.076232,0.271517,0.959410,0,0.80000,1.00000,48.000,2.000,-1,425.000,-1,450.000,-1,350.000,350.000,300.000,300.000,650.000,375.000,275.000,675.000,1000.000,-1,-1,-1,2,0,2,0,2,0,0,0,0,1,0,0,0,0,2,2,2
10,-1859.446,2730.713,-187.340,-128.731,-0.642142,0.750454,-0.156437,-0.761789,-0.601903,0.239561,0.085619,0.273004,0.958195,0,0.80907,1.00000,48.544,2.000,-1,425.000,-1,475.000,-1,350.000,350.000,300.000,300.000,700.000,400.000,275.000,700.000,1000.000,-1,-1,-1,2,0,2,0,2,0,0,0,0,1,0,0,0,0,2,2,2
11,-1888.616,2691.619,-183.101,-126.739,-0.616771,0.770750,-0.159807,-0.781496,-0.575321,0.241392,0.094113,0.273772,0.957179,0,0.81324,0.99610,48.794,1.992,-1,425.000,-1,475.000,-1,350.000,350.000,300.000,300.000,750.000,425.000,300.000,725.000,1000.000,-1,-1,-1,2,0,2,0,2,0,0,0,0,1,0,0,0,0,2,2,2
12,-1916.556,2651.340,-178.635,-124.758,-0.590801,0.790012,-0.163816,-0.800357,-0.548220,0.242658,0.101896,0.274474,0.956181,0,0.81730,0.99047,49.038,1.981,-1,425.000,-1,475.000,-1,350.000,350.000,300.000,300.000,775.000,450.000,325.000,750.000,1000.000,-1,-1,-1,2,0,2,0,2,0,0,0,0,1,0,0,0,0,2,2,2
13,-1943.222,2609.923,-173.872,-122.789,-0.564363,0.808077,-0.168835,-0.818278,-0.520541,0.243839,0.109155,0.275768,0.955006,0,0.82126,0.98488,49.276,1.970,-1,450.000,-1,475.000,-1,350.000,350.000,300.000,300.000,825.000,500.000,350.000,750.000,1000.000,-1,-1,-1,2,0,2,0,2,0,0,0,0,1,0,0,0,0,2,2,2
14,-1969.302,2566.198,-168.559,-120.828,-0.537506,0.824999,-0.174540,-0.835223,-0.492347,0.244941,0.116142,0.277437,0.953698,0,0.84882,0.98021,50.929,1.960,-1,450.000,-1,475.000,-1,350.000,350.000,300.000,300.000,875.000,525.000,375.000,775.000,1000.000,-1,-1,-1,2,0,2,0,2,0,0,0,0,1,0,0,0,0,2,2,2
15,-1993.921,2521.550,-162.036,-118.874,-0.509543,0.841502,-0.179555,-0.851894,-0.464027,0.242808,0.121005,0.276684,0.953312,0,0.85005,0.97730,51.003,1.955,-1,450.000,-1,450.000,-1,350.000,350.000,300.000,300.000,925.000,625.000,475.000,825.000,975.000,-1,-1,-1,2,0,2,0,2,0,0,0,0,1,0,0,0,0,2,2,2
16,-2017.043,2476.030,-154.699,-116.925,-0.480780,0.857282,-0.184172,-0.867921,-0.435387,0.239064,0.124759,0.274784,0.953378,0,0.85125,0.97444,51.075,1.949,-1,425.000,-1,450.000,-1,350.000,350.000,300.000,300.000,975.000,750.000,600.000,875.000,925.000,-1,-1,-1,2,0,2,0,2,0,0,0,0,1,0,0,0,0,2,2,2
17,-2038.639,2429.687,-147.586,-114.981,-0.451577,0.872032,-0.188780,-0.882936,-0.406291,0.235271,0.128464,0.272924,0.953420,0,0.85243,0.97162,51.146,1.943,-1,425.000,-1,450.000,-1,350.000,350.000,300.000,300.000,-1,875.000,725.000,900.000,900.000,975.000,-1,-1,2,0,2,0,2,0,0,0,0,2,0,0,0,0,0,2,2
18,-2056.953,2387.130,-140.939,-113.278,-0.425583,0.884272,-0.192201,-0.895233,-0.380429,0.232016,0.132046,0.270807,0.953534,0,0.77243,0.85162,46.346,1.703,-1,425.000,-1,450.000,-1,350.000,350.000,300.000,300.000,-1,975.000,850.000,950.000,875.000,925.000,-1,-1,2,0,2,0,2,0,0,0,0,2,0,0,0,0,0,2,2
19,-2072.391,2348.574,-134.737,-111.815,-0.402954,0.894190,-0.195069,-0.905195,-0.357921,0.229160,0.135093,0.268917,0.953642,0,0.69243,0.73162,41.546,1.463,-1,425.000,-1,450.000,-1,350.000,350.000,300.000,300.000,-1,-1,950.000,975.000,850.000,875.000,-1,-1,2,0,2,0,2,0,0,0,0,2,2,0,0,0,0,2,2
20,-2085.314,2314.187,-129.076,-110.592,-0.383827,0.902044,-0.197469,-0.913102,-0.338907,0.226687,0.137558,0.267318,0.953739,0,0.61243,0.61162,36.746,1.223,-1,425.000,-1,425.000,-1,350.000,350.000,275.000,300.000,-1,-1,-1,-1,850.000,850.000,-1,-1,2,0,2,0,2,0,0,0,0,2,2,2,2,0,0,2,2
21,-2096.035,2284.104,-124.037,-109.608,-0.368309,0.908054,-0.199466,-0.919193,-0.323495,0.224579,0.139404,0.266062,0.953822,0,0.53243,0.49162,31.946,0.983,-1,400.000,-1,425.000,-1,350.000,350.000,275.000,300.000,-1,-1,-1,-1,825.000,825.000,-1,-1,2,0,2,0,2,0,0,0,0,2,2,2,2,0,0,2,2
22,-2104.812,2258.423,-119.682,-108.865,-0.356480,0.912401,-0.201114,-0.923663,-0.311767,0.222817,0.140598,0.265192,0.953890,0,0.45243,0.37162,27.146,0.743,-1,400.000,-1,425.000,-1,325.000,350.000,275.000,300.000,-1,-1,-1,-1,825.000,825.000,-1,-1,2,0,2,0,2,0,0,0,0,2,2,2,2,0,0,2,2
23,-2111.851,2237.220,-116.062,-108.362,-0.348397,0.915222,-0.202454,-0.926664,-0.303780,0.221385,0.141115,0.264736,0.953940,0,0.37243,0.25162,22.346,0.503,-1,400.000,-1,425.000,-1,325.000,350.000,275.000,300.000,-1,-1,-1,-1,825.000,800.000,-1,-1,2,0,2,0,2,0,0,0,0,2,2,2,2,0,0,2,2
24,-2117.301,2220.545,-113.209,-108.099,-0.344094,0.916614,-0.203514,-0.928298,-0.299574,0.220270,0.140935,0.264715,0.953972,0,0.29243,0.13162,17.546,0.263,-1,400.000,-1,425.000,-1,325.000,350.000,275.000,300.000,-1,-1,-1,-1,800.000,800.000,-1,-1,2,0,2,0,2,0,0,0,0,2,2,2,2,0,0,2,2
25,-2121.254,2208.429,-111.145,-108.076,-0.343588,0.916625,-0.204317,-0.928621,-0.299167,0.219461,0.140038,0.265137,0.953987,0,0.21243,0.01162,12.746,0.023,-1,400.000,-1,425.000,-1,325.000,350.000,300.000,300.000,-1,-1,-1,-1,800.000,775.000,-1,-1,2,0,2,0,2,0,0,0,0,2,2,2,2,0,0,2,2
26,-2123.747,2200.883,-109.873,-108.292,-0.346877,0.915260,-0.204877,-0.927641,-0.302558,0.218953,0.138412,0.266003,0.953984,0,0.13243,-0.10838,7.946,-0.217,-1,400.000,-1,425.000,-1,325.000,350.000,300.000,300.000,-1,-1,-1,-1,800.000,775.000,-1,-1,2,0,2,0,2,0,0,0,0,2,2,2,2,0,0,2,2
27,-2124.756,2197.900,-109.385,-108.749,-0.353941,0.912479,-0.205204,-0.925321,-0.309729,0.218746,0.136044,0.267303,0.953961,0,0.05243,-0.22838,3.146,-0.457,-1,400.000,-1,425.000,-1,325.000,350.000,300.000,300.000,-1,-1,-1,-1,800.000,775.000,-1,-1,2,0,2,0,2,0,0,0,0,2,2,2,2,0,0,2,2
28,-2124.203,2199.453,-109.654,-109.446,-0.364740,0.908194,-0.205299,-0.921572,-0.320643,0.218843,0.132924,0.269019,0.953918,0,-0.02757,-0.34838,-1.654,-0.697,-1,400.000,-1,425.000,-1,325.000,350.000,300.000,300.000,-1,-1,-1,-1,800.000,775.000,-1,-1,2,0,2,0,2,0,0,0,0,2,2,2,2,0,0,2,2
29,-2121.953,2205.494,-110.643,-110.383,-0.379217,0.902277,-0.205158,-0.916265,-0.335243,0.219251,0.129048,0.271123,0.953855,0,-0.10757,-0.46838,-6.454,-0.937,-1,400.000,-1,425.000,-1,325.000,350.000,300.000,300.000,-1,-1,-1,-1,800.000,775.000,-1,-1,2,0,2,0,2,0,0,0,0,2,2,2,2,0,0,2,2
30,-2117.815,2215.950,-112.294,-111.559,-0.397290,0.894556,-0.204768,-0.909221,-0.353447,0.219984,0.124413,0.273577,0.953770,0,-0.18757,-0.58838,-11.254,-1.177,-1,400.000,-1,425.000,-1,325.000,350.000,300.000,300.000,-1,-1,-1,-1,800.000,775.000,-1,-1,2,0,2,0,2,0,0,0,0,2,2,2,2,0,0,2,2
31,-2111.547,2230.717,-114.536,-112.976,-0.418851,0.884818,-0.204109,-0.900221,-0.375149,0.221056,0.119023,0.276333,0.953663,0,-0.26757,-0.70838,-16.054,-1.417,-1,400.000,-1,425.000,-1,325.000,350.000,300.000,300.000,-1,-1,-1,-1,800.000,800.000,-1,-1,2,0,2,0,2,0,0,0,0,2,2,2,2,0,0,2,2
32,-2102.855,2249.657,-117.279,-114.633,-0.443765,0.872813,-0.203149,-0.889005,-0.400213,0.222487,0.112887,0.279333,0.953535,0,-0.34757,-0.82838,-20.854,-1.657,-1,400.000,-1,425.000,-1,350.000,350.000,275.000,300.000,-1,-1,-1,-1,825.000,825.000,-1,-1,2,0,2,0,2,0,0,0,0,2,2,2,2,0,0,2,2
33,-2091.397,2272.592,-120.418,-116.530,-0.471861,0.858258,-0.201843,-0.875275,-0.428468,0.224296,0.106021,0.282505,0.953389,0,-0.42757,-0.94838,-25.654,-1.897,-1,425.000,-1,425.000,-1,350.000,350.000,275.000,300.000,-1,-1,-1,-1,825.000,825.000,-1,-1,2,0,2,0,2,0,0,0,0,2,2,2,2,0,0,2,2
34,-2078.288,2296.692,-123.510,-118.530,-0.500945,0.841976,-0.200325,-0.859818,-0.457722,0.226283,0.098831,0.285598,0.953240,0,-0.45755,-1.00000,-27.453,-2.000,-1,425.000,-1,425.000,-1,350.000,350.000,275.000,300.000,-1,-1,-1,-1,825.000,850.000,-1,-1,2,0,2,0,2,0,0,0,0,2,2,2,2,0,0,2,2
35,-2064.343,2320.325,-126.331,-120.530,-0.529437,0.824756,-0.198680,-0.843382,-0.486395,0.228312,0.091664,0.288440,0.953100,0,-0.45766,-1.00000,-27.459,-2.000,-1,425.000,-1,425.000,-1,350.000,350.000,275.000,300.000,-1,-1,-1,-1,850.000,-1,-1,-1,2,0,2,0,2,0,0,0,0,2,2,2,2,0,2,2,2
36,-2049.568,2343.482,-128.881,-122.530,-0.557313,0.806619,-0.196898,-0.825989,-0.514461,0.230374,0.084527,0.291026,0.952974,0,-0.45815,-1.00000,-27.489,-2.000,-1,425.000,-1,425.000,-1,350.000,350.000,275.000,300.000,1000.000,-1,-1,-1,875.000,-1,-1,-1,2,0,2,0,2,0,0,0,0,1,2,2,2,0,2,2,2
37,-2033.967,2366.153,-131.351,-124.530,-0.584618,0.787761,-0.194048,-0.807548,-0.542015,0.232564,0.078028,0.292664,0.953026,0,-0.45900,-1.00000,-27.540,-2.000,-1,425.000,-1,450.000,-1,350.000,350.000,275.000,300.000,975.000,-1,-1,-1,875.000,-1,-1,-1,2,0,2,0,2,0,0,0,0,1,2,2,2,0,2,2,2
38,-2014.803,2392.180,-134.193,-126.371,-0.609411,0.769920,-0.189319,-0.789422,-0.567026,0.235149,0.073697,0.292755,0.953343,0,-0.53900,-0.92048,-32.340,-1.841,-1,450.000,-1,450.000,-1,350.000,350.000,275.000,300.000,925.000,-1,-1,1000.000,900.000,-1,-1,-1,2,0,2,0,2,0,0,0,0,1,2,2,0,0,2,2,2
39,-1994.424,2418.075,-136.887,-128.206,-0.633528,0.751312,-0.184858,-0.770619,-0.591349,0.237597,0.069194,0.292979,0.953612,0,-0.54951,-0.91759,-32.970,-1.835,-1,450.000,-1,450.000,-1,350.000,350.000,275.000,300.000,900.000,-1,975.000,975.000,925.000,-1,-1,-1,2,0,2,0,2,0,0,0,0,1,2,0,0,0,2,2,2
40,-1973.142,2443.409,-139.421,-130.035,-0.656924,0.731938,-0.180879,-0.751204,-0.614932,0.239899,0.064363,0.293472,0.953798,0,-0.55176,-0.91458,-33.106,-1.829,-1,450.000,-1,450.000,-1,350.000,350.000,275.000,300.000,875.000,-1,900.000,950.000,950.000,-1,-1,-1,2,0,2,0,2,0,0,0,0,1,2,0,0,0,2,2,2
41,-1950.971,2468.158,-141.687,-131.858,-0.679619,0.711911,-0.176922,-0.731148,-0.637819,0.242094,0.059505,0.293888,0.953986,0,-0.55410,-0.91148,-33.246,-1.823,-1,450.000,-1,450.000,-1,350.000,350.000,275.000,300.000,825.000,1000.000,800.000,925.000,975.000,-1,-1,-1,2,0,2,0,2,0,0,0,0,1,0,0,0,0,2,2,2
42,-1931.424,2488.802,-143.423,-133.441,-0.698790,0.693947,-0.173580,-0.713196,-0.657173,0.243875,0.055164,0.294215,0.954146,0,-0.47410,-0.79148,-28.446,-1.583,-1,450.000,-1,475.000,-1,350.000,350.000,275.000,300.000,800.000,925.000,750.000,900.000,1000.000,-1,-1,-1,2,0,2,0,2,0,0,0,0,1,0,0,0,0,2,2,2
43,-1914.778,2505.577,-144.724,-134.784,-0.714651,0.678299,-0.170835,-0.697592,-0.673201,0.245285,0.051370,0.294466,0.954280,0,-0.39410,-0.67148,-23.646,-1.343,-1,450.000,-1,475.000,-1,350.000,375.000,275.000,300.000,775.000,900.000,700.000,875.000,-1,-1,-1,-1,2,0,2,0,2,0,0,0,0,1,0,0,0,2,2,2,2
44,-1901.256,2518.689,-145.668,-135.887,-0.727389,0.665174,-0.168669,-0.684534,-0.686091,0.246359,0.048149,0.294658,0.954389,0,-0.31410,-0.55148,-18.846,-1.103,-1,450.000,-1,475.000,-1,350.000,375.000,275.000,300.000,775.000,850.000,675.000,875.000,-1,-1,-1,-1,2,0,2,0,2,0,0,0,0,1,0,0,0,2,2,2,2
45,-1891.033,2528.308,-146.318,-136.750,-0.737164,0.654734,-0.167068,-0.674178,-0.695998,0.247123,0.045521,0.294804,0.954473,0,-0.23410,-0.43148,-14.046,-0.863,-1,450.000,-1,475.000,-1,350.000,375.000,275.000,300.000,750.000,825.000,650.000,875.000,-1,-1,-1,-1,2,0,2,0,2,0,0,0,0,1,0,0,0,2,2,2,2
46,-1884.221,2534.548,-146.763,-137.512,-0.745588,0.645348,-0.166207,-0.665039,-0.704573,0.247587,0.042675,0.295132,0.954503,0,-0.15410,-0.38117,-9.246,-0.762,-1,450.000,-1,475.000,-1,350.000,375.000,275.000,300.000,750.000,825.000,625.000,850.000,-1,-1,-1,-1,2,0,2,0,2,0,0,0,0,1,1,0,0,2,2,2,2
47,-1880.909,2537.503,-146.973,-138.273,-0.753779,0.635871,-0.165786,-0.655951,-0.712999,0.247710,0.039307,0.295466,0.954544,0,-0.07410,-0.38023,-4.446,-0.760,-1,450.000,-1,475.000,-1,350.000,375.000,275.000,300.000,750.000,825.000,650.000,850.000,-1,-1,-1,-1,2,0,2,0,2,0,0,0,0,1,1,0,0,2,2,2,2
48,-1881.183,2537.268,-146.980,-139.032,-0.761748,0.626298,-0.165803,-0.646904,-0.721290,0.247499,0.035416,0.295791,0.954596,0,0.00590,-0.37977,0.354,-0.760,-1,450.000,-1,475.000,-1,350.000,375.000,275.000,300.000,750.000,825.000,675.000,875.000,-1,-1,-1,-1,2,0,2,0,2,0,0,0,0,1,1,0,0,2,2,2,2
49,-1885.127,2533.937,-146.820,-139.792,-0.769503,0.616617,-0.166279,-0.637890,-0.729454,0.246966,0.030990,0.296108,0.954651,0,0.08590,-0.37981,5.154,-0.760,-1,450.000,-1,475.000,-1,350.000,350.000,275.000,300.000,750.000,825.000,700.000,875.000,-1,-1,-1,-1,2,0,2,0,2,0,0,0,0,1,1,0,0,2,2,2,2
50,-1892.820,2527.610,-146.562,-140.552,-0.777038,0.606796,-0.167364,-0.628919,-0.737477,0.246146,0.025933,0.296524,0.954673,0,0.16590,-0.38036,9.954,-0.761,-1,450.000,-1,475.000,-1,350.000,350.000,275.000,300.000,750.000,825.000,750.000,900.000,-1,-1,-1,-1,2,0,2,0,2,0,0,0,0,1,1,0,0,2,2,2,2
51,-1904.344,2518.385,-146.272,-141.315,-0.784343,0.596803,-0.169209,-0.619999,-0.745341,0.245088,0.020151,0.297142,0.954621,0,0.24590,-0.38143,14.754,-0.763,-1,450.000,-1,450.000,-1,350.000,350.000,275.000,300.000,775.000,850.000,850.000,925.000,-1,-1,-1,-1,2,0,2,0,2,0,0,0,0,1,1,0,0,2,2,2,2
52,-1919.778,2506.365,-145.968,-142.081,-0.791429,0.586637,-0.171745,-0.611107,-0.753066,0.243803,0.013689,0.297908,0.954496,0,0.32590,-0.38306,19.554,-0.766,-1,450.000,-1,450.000,-1,350.000,350.000,275.000,300.000,800.000,850.000,925.000,950.000,-1,-1,-1,-1,2,0,2,0,2,0,0,0,0,1,1,1,0,2,2,2,2
53,-1939.197,2491.655,-145.695,-142.852,-0.798291,0.576276,-0.175036,-0.602237,-0.760648,0.242334,0.006511,0.298866,0.954273,0,0.40590,-0.38527,24.354,-0.771,-1,450.000,-1,450.000,-1,350.000,350.000,275.000,275.000,825.000,900.000,950.000,975.000,-1,-1,-1,-1,2,0,2,0,2,0,0,0,0,1,1,1,0,2,2,2,2
54,-1962.678,2474.362,-145.505,-143.628,-0.804919,0.565695,-0.179152,-0.593383,-0.768079,0.240729,-0.001424,0.300073,0.953915,0,0.48590,-0.38808,29.154,-0.776,-1,450.000,-1,450.000,-1,350.000,350.000,275.000,275.000,875.000,925.000,1000.000,1000.000,1000.000,-1,-1,-1,2,0,2,0,2,0,0,0,0,1,1,1,0,0,2,2,2
55,-1990.297,2454.598,-145.449,-144.411,-0.811298,0.554866,-0.184170,-0.584544,-0.775349,0.239044,-0.010159,0.301592,0.953383,0,0.56590,-0.39153,33.954,-0.783,-1,450.000,-1,450.000,-1,350.000,350.000,275.000,275.000,900.000,975.000,-1,-1,975.000,-1,-1,-1,2,0,2,0,2,0,0,0,0,1,1,2,2,0,2,2,2
56,-2022.128,2432.477,-145.583,-145.202,-0.817409,0.543761,-0.190175,-0.575719,-0.782441,0.237347,-0.019741,0.303497,0.952628,0,0.64590,-0.39564,38.754,-0.791,-1,450.000,-1,425.000,-1,350.000,350.000,300.000,275.000,950.000,-1,-1,-1,950.000,-1,-1,-1,2,0,2,0,2,0,0,0,0,1,2,2,2,0,2,2,2
57,-2058.245,2408.119,-146.028,-146.003,-0.823266,0.532385,-0.196974,-0.566860,-0.789394,0.235641,-0.030038,0.305652,0.951669,0,0.72590,-0.40045,43.554,-0.801,-1,450.000,-1,425.000,-1,350.000,350.000,300.000,275.000,-1,-1,-1,-1,900.000,-1,-1,-1,2,0,2,0,2,0,0,0,0,2,2,2,2,0,2,2,2
58,-2098.805,2381.774,-147.840,-146.982,-0.830954,0.518985,-0.200424,-0.554957,-0.798630,0.232837,-0.039225,0.304704,0.951639,0,0.80590,-0.48951,48.354,-0.979,-1,425.000,-1,425.000,-1,350.000,350.000,300.000,275.000,-1,-1,-1,-1,875.000,-1,-1,-1,2,0,2,0,2,0,0,0,0,2,2,2,2,0,2,2,2
59,-2143.879,2353.581,-150.306,-147.961,-0.838346,0.505463,-0.204166,-0.542957,-0.807692,0.229850,-0.048722,0.303547,0.951570,0,0.88590,-0.48941,53.154,-0.979,-1,425.000,-1,425.000,975.000,350.000,350.000,300.000,275.000,-1,-1,-1,-1,850.000,-1,-1,-1,2,0,2,0,0,0,0,0,0,2,2,2,2,0,2,2,2
60,-2185.210,2328.468,-153.264,-148.700,-0.843826,0.495385,-0.206281,-0.533703,-0.814766,0.226532,-0.055850,0.301246,0.951909,0,0.80590,-0.36941,48.354,-0.739,-1,425.000,-1,425.000,925.000,350.000,325.000,300.000,275.000,-1,-1,-1,-1,825.000,-1,-1,-1,2,0,2,0,0,0,0,0,0,2,2,2,2,0,2,2,2
61,-2224.285,2305.188,-156.297,-149.199,-0.847255,0.488594,-0.208409,-0.527597,-0.819587,0.223423,-0.061646,0.299252,0.952181,0,0.75797,-0.24941,45.478,-0.499,-1,425.000,-1,425.000,875.000,325.000,325.000,300.000,275.000,-1,-1,-1,-1,850.000,-1,-1,-1,2,0,2,0,0,0,0,0,0,2,2,2,2,1,2,2,2
62,-2263.769,2281.902,-159.506,-149.458,-0.848681,0.485140,-0.210663,-0.524739,-0.822215,0.220479,-0.066247,0.297660,0.952371,0,0.76395,-0.12941,45.837,-0.259,-1,425.000,-1,400.000,825.000,325.000,325.000,300.000,275.000,-1,-1,-1,-1,-1,-1,-1,-1,2,0,2,0,0,0,0,0,0,2,2,2,2,2,2,2,2
63,-2303.568,2258.444,-162.837,-149.476,-0.848139,0.485050,-0.213041,-0.525172,-0.822680,0.217695,-0.069671,0.296519,0.952482,0,0.76994,-0.00941,46.196,-0.019,-1,400.000,-1,400.000,775.000,325.000,325.000,300.000,275.000,-1,-1,-1,-1,-1,-1,-1,-1,2,0,2,1,0,0,0,0,0,2,2,2,2,2,2,2,2
64,-2343.642,2234.748,-166.199,-149.396,-0.846829,0.486373,-0.215225,-0.526913,-0.822279,0.214989,-0.072410,0.295464,0.952606,0,0.77593,0.04028,46.556,0.081,-1,400.000,-1,425.000,750.000,325.000,325.000,300.000,275.000,-1,-1,-1,-1,-1,-1,-1,-1,2,0,2,1,1,0,0,0,0,2,2,2,2,2,2,2,2
65,-2383.994,2210.812,-169.577,-149.317,-0.845595,0.487680,-0.217114,-0.528547,-0.821916,0.212352,-0.074890,0.294319,0.952769,0,0.78195,0.03926,46.917,0.079,-1,400.000,-1,425.000,825.000,325.000,325.000,300.000,275.000,-1,-1,-1,-1,-1,-1,-1,-1,2,0,2,1,1,0,0,0,0,2,2,2,2,2,2,2,2
66,-2424.626,2186.637,-173.005,-149.241,-0.844416,0.488951,-0.218836,-0.530098,-0.821563,0.209834,-0.077189,0.293191,0.952933,0,0.78801,0.03815,47.281,0.076,-1,400.000,-1,475.000,900.000,325.000,325.000,300.000,275.000,-1,-1,-1,-1,-1,-1,-1,-1,2,0,2,1,1,0,1,0,0,2,2,2,2,2,2,2,2
67,-2465.540,2162.220,-176.629,-149.167,-0.843369,0.490110,-0.220273,-0.531511,-0.821100,0.208065,-0.078891,0.292553,0.952990,0,0.79410,0.03695,47.646,0.074,-1,400.000,-1,525.000,900.000,325.000,375.000,300.000,275.000,-1,-1,-1,-1,-1,-1,-1,-1,2,0,2,1,1,0,1,0,0,2,2,2,2,2,2,2,2
68,-2506.736,2137.562,-180.464,-149.096,-0.842466,0.491149,-0.221413,-0.532784,-0.820519,0.207101,-0.079956,0.292441,0.952935,0,0.80022,0.03565,48.013,0.071,-1,425.000,-1,650.000,900.000,350.000,425.000,300.000,300.000,-1,-1,-1,-1,-1,-1,-1,-1,2,1,2,1,1,1,1,0,0,2,2,2,2,2,2,2,2
69,-2548.220,2112.664,-184.361,-149.027,-0.841646,0.492140,-0.222329,-0.533957,-0.819949,0.206334,-0.080753,0.292374,0.952888,0,0.80636,0.03422,48.382,0.068,-1,475.000,-1,925.000,925.000,475.000,550.000,300.000,300.000,-1,-1,-1,-1,-1,-1,-1,-1,2,1,2,1,1,1,1,0,0,2,2,2,2,2,2,2,2
70,-2589.991,2087.528,-188.335,-148.962,-0.840906,0.493071,-0.223063,-0.535038,-0.819382,0.205785,-0.081307,0.292393,0.952835,0,0.81253,0.03267,48.752,0.065,-1,525.000,-1,925.000,925.000,525.000,725.000,300.000,300.000,-1,-1,-1,-1,-1,-1,-1,-1,2,1,2,1,1,1,1,0,0,2,2,2,2,2,2,2,2
71,-2632.052,2062.150,-192.871,-148.900,-0.839883,0.493690,-0.225538,-0.536410,-0.818406,0.206099,-0.082832,0.294080,0.952185,0,0.81873,0.03097,49.124,0.062,-1,575.000,-1,925.000,900.000,575.000,750.000,300.000,300.000,-1,-1,-1,-1,-1,-1,-1,-1,2,1,2,1,1,1,1,0,0,2,2,2,2,2,2,2,2
72,-2674.402,2036.531,-197.955,-148.842,-0.838575,0.493964,-0.229765,-0.538073,-0.816982,0.207408,-0.085262,0.297558,0.950889,0,0.82494,0.02910,49.496,0.058,-1,600.000,-1,900.000,900.000,600.000,775.000,300.000,275.000,-1,-1,-1,-1,-1,-1,-1,-1,2,1,2,1,1,1,1,0,0,2,2,2,2,2,2,2,2
73,-2717.042,2010.671,-203.337,-148.788,-0.837139,0.493715,-0.235465,-0.539918,-0.814832,0.211040,-0.087670,0.303802,0.948693,0,0.83115,0.02705,49.869,0.054,-1,625.000,-1,900.000,875.000,625.000,775.000,300.000,250.000,-1,-1,-1,-1,-1,-1,-1,-1,2,1,2,1,1,1,1,0,0,2,2,2,2,2,2,2,2
74,-2759.976,1984.574,-209.343,-148.738,-0.835431,0.493089,-0.242729,-0.542039,-0.812213,0.215644,-0.090816,0.311725,0.945822,0,0.83737,0.02477,50.242,0.050,-1,625.000,-1,875.000,850.000,650.000,775.000,325.000,225.000,-1,-1,-1,-1,-1,-1,-1,-1,2,1,2,1,1,1,1,0,0,2,2,2,2,2,2,2,2
75,-2803.204,1958.243,-215.893,-148.694,-0.833341,0.491994,-0.251961,-0.544547,-0.808994,0.221355,-0.094929,0.321669,0.942082,0,0.84358,0.02224,50.615,0.044,-1,650.000,-1,850.000,800.000,650.000,750.000,325.000,200.000,-1,-1,-1,-1,-1,-1,-1,-1,2,1,2,1,1,1,1,0,1,2,2,2,2,2,2,2,2
76,-2951.692,-4263.561,465.928,-41.472,0.749220,0.662036,-0.019425,-0.660566,0.749046,0.050819,0.048194,-0.025243,0.998519,1,0.00000,0.00000,50.986,0.039,-1,350.000,-1,400.000,-1,300.000,300.000,275.000,325.000,-1,-1,-1,-1,875.000,675.000,-1,-1,2,0,2,0,2,0,0,0,0,2,2,2,2,1,0,2,2
77,-2955.275,-4260.367,465.624,-41.712,0.746439,0.665173,-0.019346,-0.663710,0.746272,0.050666,0.048139,-0.024979,0.998528,0,-0.08000,-0.12000,-4.800,-0.240,-1,350.000,-1,400.000,-1,300.000,300.000,275.000,325.000,-1,-1,-1,-1,875.000,675.000,-1,-1,2,0,2,0,2,0,0,0,0,2,2,2,2,1,0,2,2
78,-2959.946,-4256.133,465.194,-42.192,0.740835,0.671410,-0.019282,-0.669959,0.740683,0.050433,0.048144,-0.024444,0.998541,0,-0.10506,-0.24000,-6.303,-0.480,-1,350.000,-1,400.000,-1,300.000,300.000,275.000,300.000,-1,-1,-1,-1,850.000,700.000,-1,-1,2,0,2,0,2,0,0,0,0,2,2,2,2,1,0,2,2
79,-2964.650,-4251.761,464.714,-42.912,0.732329,0.680678,-0.019275,-0.679239,0.732202,0.050151,0.048250,-0.023634,0.998556,0,-0.10704,-0.36000,-6.422,-0.720,-1,350.000,-1,400.000,-1,300.000,300.000,275.000,300.000,-1,-1,-1,-1,825.000,700.000,-1,-1,2,0,2,0,2,0,0,0,0,2,2,2,2,1,0,2,2
80,-2969.397,-4247.197,464.179,-43.872,0.720806,0.692867,-0.019332,-0.691441,0.720713,0.049820,0.048452,-0.022544,0.998571,0,-0.10976,-0.48000,-6.586,-0.960,-1,350.000,-1,400.000,-1,300.000,325.000,275.000,300.000,-1,-1,-1,-1,825.000,700.000,-1,-1,2,0,2,0,2,0,0,0,0,2,2,2,2,1,0,2,2
81,-2974.195,-4242.387,463.586,-45.072,0.706115,0.707830,-0.019460,-0.706418,0.706066,0.049446,0.048740,-0.021167,0.998587,0,-0.11323,-0.60000,-6.794,-1.200,-1,350.000,-1,400.000,-1,300.000,325.000,275.000,300.000,-1,-1,-1,-1,800.000,700.000,-1,-1,2,0,2,0,2,0,0,0,0,2,2,2,2,1,0,2,2
82,-2979.045,-4237.275,462.931,-46.512,0.688073,0.725375,-0.019669,-0.723978,0.688078,0.049033,0.049102,-0.019498,0.998603,0,-0.11745,-0.72000,-7.047,-1.440,-1,350.000,-1,400.000,-1,300.000,325.000,275.000,300.000,-1,-1,-1,-1,775.000,700.000,-1,-1,2,0,2,0,2,0,0,0,0,2,2,2,2,1,0,2,2
83,-2983.958,-4231.812,462.238,-48.038,0.668469,0.743473,-0.019931,-0.742093,0.668532,0.048621,0.049473,-0.017711,0.998618,0,-0.12245,-0.76329,-7.347,-1.527,-1,350.000,-1,400.000,-1,300.000,325.000,275.000,300.000,-1,-1,-1,-1,750.000,700.000,-1,-1,2,0,2,0,2,0,0,0,0,2,2,2,2,1,0,2,2
84,-2988.930,-4225.979,461.733,-49.554,0.648547,0.760911,-0.020030,-0.759502,0.648641,0.049214,0.050439,-0.016705,0.998587,0,-0.12775,-0.75795,-7.665,-1.516,-1,350.000,-1,400.000,-1,300.000,325.000,275.000,300.000,-1,-1,-1,-1,725.000,700.000,-1,-1,2,0,2,0,2,0,0,0,0,2,2,2,2,1,0,2,2
85,-2993.947,-4219.772,461.254,-51.060,0.628312,0.777703,-0.020058,-0.776254,0.628432,0.050039,0.051521,-0.015870,0.998546,0,-0.13302,-0.75283,-7.981,-1.506,-1,375.000,-1,400.000,-1,300.000,325.000,275.000,300.000,-1,-1,-1,-1,700.000,725.000,-1,-1,2,0,2,0,2,0,0,0,0,2,2,2,2,1,0,2,2
86,-2998.990,-4213.186,460.754,-52.556,0.607778,0.793853,-0.020054,-0.792364,0.607923,0.050876,0.052579,-0.015032,0.998504,0,-0.13826,-0.74795,-8.296,-1.496,-1,375.000,-1,400.000,-1,300.000,325.000,275.000,300.000,975.000,-1,-1,-1,700.000,725.000,-1,-1,2,0,2,0,2,0,0,0,0,1,2,2,2,1,0,2,2
87,-3004.045,-4206.218,460.233,-54.042,0.586962,0.809367,-0.020016,-0.807837,0.587132,0.051724,0.053616,-0.014190,0.998461,0,-0.14346,-0.74328,-8.608,-1.487,-1,375.000,-1,400.000,-1,300.000,325.000,275.000,300.000,950.000,-1,-1,-1,700.000,750.000,-1,-1,2,0,2,0,2,0,0,0,0,1,2,2,2,1,0,2,2
88,-3009.093,-4198.868,459.691,-55.520,0.565878,0.824248,-0.019946,-0.822677,0.566072,0.052582,0.054632,-0.013346,0.998417,0,-0.14862,-0.73883,-8.917,-1.478,-1,375.000,-1,425.000,-1,325.000,325.000,275.000,300.000,850.000,-1,-1,-1,700.000,750.000,-1,-1,2,0,2,0,2,0,0,0,0,1,2,2,2,1,0,2,2
89,-3014.118,-4191.134,459.129,-56.989,0.544541,0.838500,-0.019844,-0.836888,0.544759,0.053450,0.055629,-0.012498,0.998373,0,-0.15372,-0.73458,-9.223,-1.469,-1,375.000,-1,425.000,-1,325.000,325.000,275.000,275.000,775.000,-1,-1,-1,700.000,775.000,-1,-1,2,0,2,0,2,0,0,0,0,1,2,2,2,1,0,2,2
90,-3019.102,-4183.017,458.548,-58.450,0.522966,0.852126,-0.019711,-0.850472,0.523207,0.054328,0.056607,-0.011648,0.998329,0,-0.15876,-0.73053,-9.525,-1.461,-1,375.000,-1,425.000,-1,325.000,325.000,275.000,275.000,700.000,-1,-1,-1,700.000,775.000,-1,-1,2,0,2,0,2,0,0,0,0,1,2,2,2,1,0,2,2
91,-3024.028,-4174.518,457.961,-59.903,0.501165,0.865131,-0.019571,-0.863438,0.501432,0.055150,0.057525,-0.010741,0.998286,0,-0.16373,-0.72667,-9.824,-1.453,-1,375.000,-1,425.000,-1,325.000,325.000,275.000,275.000,650.000,-1,-1,-1,700.000,800.000,-1,-1,2,0,2,0,2,0,0,0,0,1,2,2,2,1,0,2,2
92,-3028.879,-4165.639,457.434,-61.349,0.479142,0.877519,-0.019559,-0.875807,0.479447,0.055607,0.058174,-0.009513,0.998261,0,-0.16863,-0.72300,-10.118,-1.446,-1,375.000,-1,425.000,-1,325.000,325.000,275.000,275.000,625.000,-1,-1,-1,700.000,800.000,-1,-1,2,0,2,0,2,0,0,0,0,1,2,2,2,1,0,2,2
93,-3033.638,-4156.384,456.890,-62.788,0.456921,0.889293,-0.019539,-0.887561,0.457264,0.056080,0.058806,-0.008282,0.998235,0,-0.17345,-0.71949,-10.407,-1.439,-1,375.000,-1,425.000,-1,325.000,350.000,275.000,275.000,575.000,-1,-1,-1,700.000,825.000,-1,-1,2,0,2,0,2,0,0,0,0,1,2,2,2,0,0,2,2
94,-3038.288,-4146.756,456.329,-64.221,0.434516,0.900453,-0.019509,-0.898702,0.434896,0.056568,0.059421,-0.007046,0.998208,0,-0.17820,-0.71616,-10.692,-1.432,-1,375.000,-1,425.000,-1,325.000,350.000,275.000,275.000,550.000,-1,-1,-1,700.000,850.000,-1,-1,2,0,2,0,2,0,0,0,0,1,2,2,2,0,0,2,2
95,-3042.813,-4136.761,455.753,-65.647,0.411938,0.911004,-0.019471,-0.909233,0.412357,0.057069,0.060019,-0.005805,0.998180,0,-0.18286,-0.71298,-10.972,-1.426,-1,400.000,-1,450.000,-1,325.000,350.000,275.000,275.000,525.000,-1,-1,-1,725.000,850.000,-1,-1,2,0,2,0,2,0,0,0,0,1,2,2,2,0,0,2,2
96,-3048.968,-4122.240,454.890,-67.029,0.389808,0.920693,-0.019349,-0.918882,0.390258,0.057911,0.060870,-0.004795,0.998134,0,-0.26286,-0.69129,-15.772,-1.383,-1,400.000,-1,450.000,-1,325.000,350.000,275.000,275.000,525.000,-1,-1,-1,725.000,875.000,-1,-1,2,0,2,0,2,0,0,0,0,1,2,2,2,0,0,2,2
97,-3055.608,-4105.464,453.895,-68.407,0.367521,0.929817,-0.019193,-0.927958,0.368001,0.058900,0.061829,-0.003837,0.998079,0,-0.30071,-0.68914,-18.042,-1.378,-1,400.000,-1,450.000,-1,325.000,350.000,275.000,275.000,500.000,-1,-1,-1,725.000,875.000,-1,-1,2,0,2,0,2,0,0,0,0,1,2,2,2,0,0,2,2
98,-3061.929,-4088.299,452.891,-69.782,0.345081,0.938380,-0.019031,-0.936471,0.345593,0.059890,0.062776,-0.002845,0.998024,0,-0.30486,-0.68724,-18.291,-1.374,-1,400.000,-1,450.000,-1,325.000,350.000,275.000,275.000,475.000,-1,-1,-1,750.000,875.000,-1,-1,2,0,2,0,2,0,0,0,0,1,2,2,2,0,0,2,2
99,-3067.918,-4070.755,451.879,-71.153,0.322502,0.946381,-0.018863,-0.944422,0.323048,0.060881,0.063710,-0.001820,0.997967,0,-0.30898,-0.68535,-18.539,-1.371,-1,400.000,-1,450.000,-1,350.000,350.000,275.000,275.000,450.000,-1,-1,-1,750.000,900.000,-1,-1,2,0,2,0,2,0,0,0,0,1,2,2,2,0,0,2,2
100,-3073.560,-4052.838,450.861,-72.520,0.299799,0.953819,-0.018690,-0.951811,0.300380,0.061872,0.064629,-0.000760,0.997909,0,-0.31308,-0.68347,-18.785,-1.367,-1,400.000,-1,450.000,-1,350.000,350.000,275.000,275.000,425.000,-1,-1,-1,775.000,900.000,-1,-1,2,0,2,0,2,0,0,0,0,1,2,2,2,0,0,2,2
101,-3078.843,-4034.557,449.838,-73.883,0.276987,0.960695,-0.018513,-0.958637,0.277604,0.062861,0.065529,0.000335,0.997851,0,-0.31715,-0.68159,-19.029,-1.363,-1,400.000,-1,450.000,-1,350.000,350.000,275.000,275.000,425.000,950.000,-1,-1,775.000,900.000,-1,-1,2,0,2,0,2,0,0,0,0,1,1,2,2,0,0,2,2
102,-3083.752,-4015.921,448.806,-75.242,0.254080,0.967010,-0.018303,-0.964902,0.254735,0.063835,0.066392,0.001442,0.997793,0,-0.32119,-0.67970,-19.271,-1.359,-1,425.000,-1,450.000,-1,350.000,350.000,275.000,275.000,400.000,900.000,-1,-1,800.000,900.000,-1,-1,2,0,2,0,2,0,0,0,0,1,1,2,2,0,0,2,2
103,-3088.274,-3996.940,447.746,-76.598,0.231101,0.972764,-0.017968,-0.970610,0.231786,0.064747,0.067148,0.002477,0.997740,0,-0.32521,-0.67781,-19.513,-1.356,-1,425.000,-1,450.000,-1,350.000,350.000,275.000,275.000,375.000,850.000,-1,-1,800.000,925.000,-1,-1,2,0,2,0,2,0,0,0,0,1,1,2,2,0,0,2,2
104,-3091.405,-3982.564,446.960,-77.713,0.212092,0.977090,-0.017695,-0.974905,0.212802,0.065393,0.067660,0.003382,0.997703,0,-0.24521,-0.55781,-14.713,-1.116,-1,425.000,-1,450.000,-1,350.000,350.000,275.000,275.000,375.000,825.000,975.000,-1,800.000,925.000,-1,-1,2,0,2,0,2,0,0,0,0,1,1,1,2,0,0,2,2
105,-3093.366,-3972.848,446.471,-78.589,0.197107,0.980224,-0.017583,-0.978030,0.197844,0.065692,0.067871,0.004248,0.997685,0,-0.16521,-0.43781,-9.913,-0.876,-1,425.000,-1,425.000,-1,350.000,350.000,275.000,275.000,350.000,800.000,925.000,-1,800.000,925.000,-1,-1,2,0,2,0,2,0,0,0,0,1,1,1,2,0,0,2,2
106,-3094.322,-3967.825,446.265,-79.225,0.186194,0.982355,-0.017608,-0.980169,0.186958,0.065700,0.067833,0.005025,0.997684,0,-0.08521,-0.31781,-5.113,-0.636,-1,425.000,-1,425.000,-1,350.000,350.000,275.000,275.000,350.000,775.000,900.000,-1,825.000,925.000,-1,-1,2,0,2,0,2,0,0,0,0,1,1,1,2,0,0,2,2
107,-3094.377,-3967.517,446.275,-79.780,0.176645,0.984119,-0.017496,-0.981939,0.177422,0.065712,0.067772,0.005573,0.997685,0,-0.00521,-0.27780,-0.313,-0.556,-1,425.000,-1,425.000,-1,350.000,350.000,275.000,275.000,350.000,775.000,875.000,-1,825.000,925.000,-1,-1,2,0,2,0,2,0,0,0,0,1,1,1,2,0,0,2,2
108,-3093.624,-3971.941,446.545,-80.333,0.167132,0.985781,-0.017374,-0.983618,0.167921,0.065562,0.067547,0.006132,0.997697,0,0.07479,-0.27634,4.487,-0.553,-1,425.000,-1,425.000,-1,350.000,350.000,275.000,275.000,350.000,775.000,875.000,-1,825.000,925.000,-1,-1,2,0,2,0,2,0,0,0,0,1,1,1,2,0,0,2,2
109,-3092.152,-3981.110,447.140,-80.882,0.157655,0.987340,-0.017473,-0.985222,0.158467,0.065001,0.066947,0.006967,0.997732,0,0.15479,-0.27449,9.287,-0.549,-1,425.000,-1,425.000,-1,350.000,350.000,275.000,275.000,375.000,775.000,875.000,-1,825.000,925.000,-1,-1,2,0,2,0,2,0,0,0,0,1,1,1,2,0,0,2,2
110,-3090.052,-3995.040,447.969,-81.426,0.148251,0.988796,-0.017444,-0.986746,0.149075,0.064107,0.065989,0.007709,0.997791,0,0.23479,-0.27229,14.087,-0.545,-1,425.000,-1,425.000,-1,350.000,350.000,275.000,275.000,375.000,800.000,875.000,-1,800.000,900.000,-1,-1,2,0,2,0,2,0,0,0,0,1,1,1,2,0,0,2,2
111,-3087.414,-4013.742,449.040,-81.971,0.138843,0.990163,-0.017335,-0.988197,0.139669,0.062919,0.064722,0.008395,0.997868,0,0.31479,-0.27231,18.887,-0.545,-1,425.000,-1,425.000,-1,350.000,350.000,275.000,275.000,375.000,825.000,900.000,-1,800.000,900.000,-1,-1,2,0,2,0,2,0,0,0,0,1,1,1,2,0,0,2,2
112,-3084.329,-4037.227,450.362,-82.517,0.129405,0.991442,-0.017207,-0.989576,0.130229,0.061486,0.063201,0.009071,0.997960,0,0.39479,-0.27292,23.687,-0.546,-1,425.000,-1,425.000,-1,350.000,350.000,275.000,275.000,400.000,850.000,900.000,-1,800.000,900.000,-1,-1,2,0,2,0,2,0,0,0,0,1,1,1,2,0,0,2,2
113,-3080.889,-4065.506,451.930,-83.065,0.119929,0.992636,-0.017053,-0.990880,0.120744,0.059820,0.061438,0.009724,0.998064,0,0.47479,-0.27388,28.487,-0.548,-1,425.000,-1,425.000,-1,350.000,350.000,275.000,275.000,425.000,875.000,925.000,-1,775.000,875.000,-1,-1,2,0,2,0,2,0,0,0,0,1,1,1,2,0,0,2,2
114,-3077.187,-4098.586,453.740,-83.615,0.110397,0.993744,-0.016869,-0.992108,0.111199,0.057933,0.059446,0.010340,0.998178,0,0.55479,-0.27530,33.287,-0.551,-1,425.000,-1,425.000,-1,350.000,350.000,275.000,275.000,450.000,900.000,975.000,-1,775.000,875.000,-1,-1,2,0,2,0,2,0,0,0,0,1,1,1,2,0,0,2,2
115,-3073.318,-4136.476,455.786,-84.170,0.100793,0.994768,-0.016646,-0.993260,0.101574,0.055838,0.057237,0.010906,0.998301,0,0.63479,-0.27730,38.087,-0.555,-1,425.000,-1,425.000,-1,350.000,350.000,275.000,275.000,500.000,950.000,1000.000,-1,750.000,850.000,-1,-1,2,0,2,0,2,0,0,0,0,1,1,1,2,0,0,2,2
116,-3069.379,-4179.182,458.065,-84.730,0.091091,0.995708,-0.016380,-0.994333,0.091846,0.053546,0.054820,0.011409,0.998431,0,0.71479,-0.28002,42.887,-0.560,-1,425.000,-1,425.000,-1,350.000,350.000,275.000,275.000,550.000,975.000,-1,-1,750.000,850.000,-1,-1,2,0,2,0,2,0,0,0,0,1,1,2,2,0,0,2,2
117,-3065.464,-4226.708,460.569,-85.291,0.081367,0.996555,-0.016061,-0.995316,0.082089,0.051066,0.052208,0.011831,0.998566,0,0.79479,-0.28057,47.687,-0.561,-1,400.000,-1,425.000,-1,350.000,350.000,275.000,275.000,600.000,-1,-1,-1,725.000,825.000,-1,-1,2,0,2,0,2,0,0,0,0,1,2,2,2,0,0,2,2
118,-3061.663,-4279.057,463.296,-85.847,0.071730,0.997301,-0.015685,-0.996199,0.072413,0.048406,0.049411,0.012153,0.998705,0,0.87479,-0.27806,52.487,-0.556,-1,400.000,-1,425.000,-1,350.000,350.000,275.000,275.000,650.000,-1,-1,-1,725.000,825.000,-1,-1,2,0,2,0,2,0,0,0,0,1,2,2,2,0,0,2,2
119,-3058.066,-4336.231,466.241,-86.400,0.062155,0.997950,-0.015243,-0.996986,0.062791,0.045571,0.046435,0.012365,0.998845,0,0.95479,-0.27628,57.287,-0.553,-1,400.000,-1,400.000,-1,350.000,350.000,275.000,275.000,725.000,-1,-1,-1,700.000,800.000,-1,-1,2,0,2,0,2,0,0,0,0,1,2,2,2,0,0,2,2
120,-3055.047,-4392.897,469.128,-86.951,0.052602,0.998506,-0.014777,-0.997666,0.053191,0.042814,0.043536,0.012491,0.998974,0,0.94579,-0.27551,56.747,-0.551,975.000,400.000,-1,400.000,-1,350.000,325.000,275.000,275.000,775.000,-1,-1,-1,675.000,800.000,-1,-1,0,0,2,0,2,0,0,0,0,1,2,2,2,0,0,2,2
121,-3052.605,-4448.890,471.952,-87.503,0.043028,0.998972,-0.014289,-0.998244,0.043571,0.040129,0.040711,0.012538,0.999092,0,0.93409,-0.27594,56.046,-0.552,900.000,400.000,-1,400.000,-1,325.000,325.000,275.000,275.000,925.000,-1,-1,-1,675.000,775.000,-1,-1,0,0,2,0,2,0,0,0,0,1,2,2,2,0,0,2,2
122,-3050.729,-4504.217,474.714,-88.058,0.033395,0.999347,-0.013780,-0.998722,0.033891,0.037506,0.037948,0.012510,0.999201,0,0.92267,-0.27754,55.360,-0.555,850.000,375.000,-1,400.000,-1,325.000,325.000,275.000,275.000,-1,-1,-1,-1,650.000,775.000,-1,-1,0,0,2,0,2,0,0,0,0,2,2,2,2,0,0,2,2
123,-3049.410,-4558.902,477.417,-88.618,0.023663,0.999632,-0.013250,-0.999099,0.024114,0.034930,0.035237,0.012412,0.999302,0,0.91168,-0.28025,54.701,-0.561,800.000,375.000,-1,400.000,-1,325.000,325.000,275.000,300.000,-1,-1,-1,-1,650.000,775.000,-1,-1,0,0,2,0,2,0,0,0,0,2,2,2,2,0,0,2,2
124,-3048.641,-4612.973,479.722,-89.186,0.013727,0.999807,-0.014034,-0.999311,0.014202,0.034289,0.034481,0.013554,0.999313,0,0.90127,-0.28403,54.076,-0.568,750.000,375.000,-1,400.000,-1,325.000,325.000,275.000,300.000,-1,-1,-1,-1,625.000,750.000,1000.000,-1,0,0,2,0,2,0,0,0,0,2,2,2,2,0,0,0,2
125,-3048.420,-4666.467,481.993,-89.764,0.003550,0.999865,-0.016018,-0.999353,0.004121,0.035725,0.035787,0.015881,0.999233,0,0.89157,-0.28883,53.494,-0.578,775.000,375.000,-1,400.000,-1,325.000,325.000,275.000,300.000,-1,-1,-1,-1,650.000,750.000,-1,-1,0,0,2,0,2,0,0,0,0,2,2,2,2,0,0,2,2
126,-3048.746,-4719.426,484.220,-90.353,-0.006829,0.999817,-0.017885,-0.999291,-0.006161,0.037133,0.037016,0.018126,0.999150,0,0.88268,-0.29459,52.961,-0.589,800.000,375.000,-1,400.000,-1,325.000,325.000,275.000,300.000,-1,-1,-1,-1,650.000,750.000,-1,-1,0,0,2,0,2,0,0,0,0,2,2,2,2,0,0,2,2
127,-3049.620,-4771.900,486.402,-90.956,-0.017440,0.999655,-0.019636,-0.999119,-0.016674,0.038505,0.038165,0.020290,0.999065,0,0.87467,-0.30127,52.480,-0.603,850.000,375.000,-1,400.000,-1,325.000,325.000,275.000,300.000,-1,-1,-1,-1,650.000,750.000,-1,-1,0,0,2,0,2,0,0,0,0,2,2,2,2,0,0,2,2
128,-3051.049,-4823.938,488.537,-91.573,-0.028311,0.999373,-0.021271,-0.998829,-0.027448,0.039835,0.039227,0.022374,0.998980,0,0.86762,-0.30883,52.057,-0.618,925.000,375.000,-1,400.000,-1,325.000,325.000,275.000,300.000,-1,-1,-1,-1,650.000,750.000,-1,-1,0,0,2,0,2,0,0,0,0,2,2,2,2,0,0,2,2
129,-3053.039,-4875.594,490.625,-92.208,-0.039470,0.998961,-0.022788,-0.998412,-0.038510,0.041116,0.040196,0.024375,0.998894,0,0.86157,-0.31722,51.694,-0.634,975.000,375.000,-1,400.000,-1,325.000,325.000,275.000,300.000,-1,-1,-1,-1,675.000,750.000,-1,-1,0,0,2,0,2,0,0,0,0,2,2,2,2,0,0,2,2
130,-3055.603,-4926.923,492.664,-92.860,-0.050941,0.998409,-0.024189,-0.997857,-0.049887,0.042341,0.041067,0.026294,0.998810,0,0.85655,-0.32640,51.393,-0.653,-1,375.000,-1,400.000,-1,325.000,325.000,275.000,300.000,-1,-1,-1,-1,675.000,750.000,-1,-1,2,0,2,0,2,0,0,0,0,2,2,2,2,0,0,2,2
131,-3058.755,-4977.981,494.651,-93.533,-0.062747,0.997704,-0.025471,-0.997152,-0.061602,0.043502,0.041833,0.028128,0.998729,0,0.85259,-0.33634,51.155,-0.673,-1,375.000,-1,400.000,-1,325.000,325.000,275.000,300.000,-1,-1,-1,-1,675.000,750.000,-1,-1,2,0,2,0,2,0,0,0,0,2,2,2,2,0,0,2,2
132,-3062.512,-5028.824,496.586,-94.227,-0.074911,0.996835,-0.026633,-0.996285,-0.073678,0.044591,0.042487,0.029874,0.998650,0,0.84969,-0.34701,50.981,-0.694,-1,375.000,-1,400.000,-1,325.000,325.000,275.000,300.000,-1,-1,-1,-1,675.000,750.000,-1,-1,2,0,2,0,2,0,0,0,0,2,2,2,2,0,0,2,2
133,-3066.895,-5079.506,498.466,-94.944,-0.087453,0.995784,-0.027674,-0.995239,-0.086138,0.045598,0.043021,0.031530,0.998576,0,0.84786,-0.35838,50.871,-0.717,-1,375.000,-1,400.000,-1,325.000,325.000,275.000,300.000,-1,-1,-1,-1,675.000,750.000,-1,-1,2,0,2,0,2,0,0,0,0,2,2,2,2,0,0,2,2
134,-3071.317,-5125.365,500.132,-95.509,-0.097332,0.994843,-0.028541,-0.994302,-0.095946,0.046458,0.043480,0.032900,0.998512,0,0.76786,-0.28241,46.071,-0.565,-1,375.000,-1,400.000,-1,325.000,325.000,275.000,300.000,-1,-1,-1,-1,675.000,750.000,-1,-1,2,0,2,0,2,0,0,0,0,2,2,2,2,0,0,2,2
135,-3075.700,-5166.403,501.581,-96.097,-0.107586,0.993766,-0.029230,-0.993232,-0.106142,0.047152,0.043755,0.034105,0.998460,0,0.68786,-0.29387,41.271,-0.588,-1,375.000,-1,400.000,-1,325.000,325.000,275.000,300.000,-1,-1,-1,-1,675.000,750.000,-1,-1,2,0,2,0,2,0,0,0,0,2,2,2,2,0,0,2,2
