timestep,x_cm,y_cm,z_cm,yaw_deg,basis_xx,basis_xy,basis_xz,basis_yx,basis_yy,basis_yz,basis_zx,basis_zy,basis_zz,teleport_flag,throttle_cmd,steering_cmd,cmd_move_cm,cmd_turn_deg,lidar_cm_0,lidar_cm_1,lidar_cm_2,lidar_cm_3,lidar_cm_4,lidar_cm_5,lidar_cm_6,lidar_cm_7,lidar_cm_8,lidar_cm_9,lidar_cm_10,lidar_cm_11,lidar_cm_12,lidar_cm_13,lidar_cm_14,lidar_cm_15,lidar_cm_16,lidar_class_0,lidar_class_1,lidar_class_2,lidar_class_3,lidar_class_4,lidar_class_5,lidar_class_6,lidar_class_7,lidar_class_8,lidar_class_9,lidar_class_10,lidar_class_11,lidar_class_12,lidar_class_13,lidar_class_14,lidar_class_15,lidar_class_16
0,-1320.839,7010.910,-40.544,85.893,0.071611,-0.997393,0.008881,0.997244,0.071422,-0.020087,0.019401,0.010295,0.999759,0,0.31061,-0.40404,0.623,0.006,-1,686.864,-1,752.761,-1,542.802,555.982,609.496,613.092,-1,-1,-1,-1,-1,-1,-1,-1,2,0,2,0,2,0,0,0,0,2,2,2,2,2,2,2,2
1,-1320.732,7010.687,-39.540,85.897,0.071541,-0.997383,0.010472,0.997200,0.071291,-0.022581,0.021775,0.012058,0.999690,0,0.31063,-0.40393,0.248,0.004,-1,699.027,-1,763.545,-1,551.286,563.949,616.931,612.008,-1,-1,-1,-1,-1,-1,-1,-1,2,0,2,0,2,0,0,0,0,2,2,2,2,2,2,2,2
2,-1320.569,7010.930,-39.787,85.892,0.071614,-0.997364,0.011724,0.997104,0.071283,-0.026500,0.025594,0.013588,0.999580,0,0.31064,-0.40390,0.293,-0.005,-1,711.767,-1,775.750,-1,559.778,572.093,620.134,607.662,-1,-1,-1,-1,-1,-1,-1,-1,2,0,2,0,2,0,0,0,0,2,2,2,2,2,2,2,2
3,-1320.372,7011.571,-41.075,85.876,0.071875,-0.997345,0.011724,0.996976,0.071491,-0.030457,0.029538,0.013877,0.999467,0,0.31064,-0.40391,0.671,-0.015,-1,720.563,-1,786.367,-1,565.608,578.098,617.730,603.249,-1,-1,-1,-1,-1,-1,-1,-1,2,0,2,0,2,0,0,0,0,2,2,2,2,2,2,2,2
4,-1320.227,7012.447,-43.050,85.855,0.072252,-0.997327,0.010891,0.996901,0.071872,-0.031981,0.031113,0.013168,0.999429,0,0.31064,-0.40391,0.888,-0.022,-1,718.315,-1,786.169,-1,563.762,576.650,610.448,598.896,-1,-1,-1,-1,-1,-1,-1,-1,2,0,2,0,2,0,0,0,0,2,2,2,2,2,2,2,2
5,-1320.148,7013.507,-45.290,85.835,0.072604,-0.997310,0.010079,0.996920,0.072268,-0.030452,0.029642,0.012259,0.999485,0,0.31064,-0.40392,1.063,-0.020,-1,705.136,-1,772.818,-1,553.932,567.037,601.435,593.743,-1,-1,-1,-1,-1,-1,-1,-1,2,0,2,0,2,0,0,0,0,2,2,2,2,2,2,2,2
6,-1320.079,7014.832,-47.258,85.816,0.072934,-0.997297,0.008961,0.996979,0.072665,-0.027427,0.026701,0.010935,0.999584,0,0.31062,-0.40400,1.327,-0.019,-1,688.216,-1,755.384,-1,541.501,554.899,592.114,590.319,-1,-1,-1,-1,-1,-1,-1,-1,2,0,2,0,2,0,0,0,0,2,2,2,2,2,2,2,2
7,-1320.000,7016.501,-48.613,85.796,0.073279,-0.997282,0.007656,0.997030,0.073074,-0.024324,0.023698,0.009416,0.999675,0,0.31058,-0.40416,1.671,-0.019,-1,673.283,-1,740.715,-1,530.818,544.622,584.211,589.388,-1,-1,-1,-1,-1,-1,-1,-1,2,0,2,0,2,0,0,0,0,2,2,2,2,2,2,2,2
8,-1319.884,7018.558,-49.203,85.777,0.073613,-0.997265,0.006551,0.997052,0.073451,-0.022171,0.021629,0.008164,0.999733,0,0.31052,-0.40441,2.060,-0.019,-1,664.156,-1,732.545,-1,524.571,538.786,579.344,590.415,-1,-1,-1,-1,-1,-1,-1,-1,2,0,2,0,2,0,0,0,0,2,2,2,2,2,2,2,2
9,-1319.687,7020.995,-49.036,85.757,0.073972,-0.997242,0.005981,0.997041,0.073829,-0.021439,0.020938,0.007549,0.999752,0,0.31043,-0.40476,2.445,-0.021,-1,662.249,-1,731.901,-1,523.675,538.194,578.346,592.478,-1,-1,-1,-1,-1,-1,-1,-1,2,0,2,0,2,0,0,0,0,2,2,2,2,2,2,2,2
10,-1319.370,7023.781,-48.279,85.728,0.074469,-0.997205,0.006019,0.996993,0.074321,-0.021929,0.021421,0.007634,0.999741,0,0.31033,-0.40520,2.804,-0.029,-1,666.402,-1,737.257,-1,527.199,541.878,580.818,594.832,-1,-1,-1,-1,-1,-1,-1,-1,2,0,2,0,2,0,0,0,0,2,2,2,2,2,2,2,2
11,-1318.916,7026.868,-47.179,85.685,0.075229,-0.997144,0.006603,0.996911,0.075058,-0.023104,0.022542,0.008321,0.999711,0,0.31022,-0.40564,3.121,-0.044,-1,674.198,-1,745.801,-1,533.280,547.975,585.759,596.829,-1,-1,-1,-1,-1,-1,-1,-1,2,0,2,0,2,0,0,0,0,2,2,2,2,2,2,2,2
12,-1318.309,7030.277,-46.001,85.620,0.076348,-0.997052,0.007565,0.996795,0.076143,-0.024534,0.023886,0.009413,0.999670,0,0.40408,-0.47709,3.463,-0.065,-1,683.426,-1,755.215,-1,540.258,554.873,591.925,598.058,-1,-1,-1,-1,-1,-1,-1,-1,2,0,2,0,2,0,0,0,0,2,2,2,2,2,2,2,2
13,-1317.563,7034.078,-44.967,85.535,0.077830,-0.996928,0.008735,0.996651,0.077582,-0.025858,0.025101,0.010719,0.999627,0,0.40401,-0.47732,3.873,-0.085,-1,692.139,-1,763.489,-1,546.696,561.174,598.190,598.245,-1,-1,-1,-1,-1,-1,-1,-1,2,0,2,0,2,0,0,0,0,2,2,2,2,2,2,2,2
14,-1316.725,7038.251,-44.223,85.439,0.079493,-0.996785,0.010036,0.996505,0.079204,-0.026527,0.025647,0.012109,0.999598,0,0.40397,-0.47744,4.256,-0.096,-1,698.022,-1,767.997,-1,550.890,565.155,603.761,597.170,-1,-1,-1,-1,-1,-1,-1,-1,2,0,2,0,2,0,0,0,0,2,2,2,2,2,2,2,2
15,-1315.842,7042.774,-43.830,85.339,0.081240,-0.996630,0.011344,0.996375,0.080920,-0.026243,0.025237,0.013435,0.999591,0,0.40393,-0.47755,4.609,-0.100,-1,699.947,-1,767.563,-1,551.939,565.937,608.057,595.002,-1,-1,-1,-1,-1,-1,-1,-1,2,0,2,0,2,0,0,0,0,2,2,2,2,2,2,2,2
16,-1314.931,7047.658,-43.772,85.232,0.083101,-0.996464,0.012423,0.996250,0.082769,-0.025213,0.024095,0.014471,0.999605,0,0.40389,-0.47771,4.968,-0.107,-1,698.208,-1,763.445,-1,550.564,564.153,610.593,592.410,-1,-1,-1,-1,-1,-1,-1,-1,2,0,2,0,2,0,0,0,0,2,2,2,2,2,2,2,2
17,-1313.978,7052.934,-43.962,85.120,0.085041,-0.996292,0.013070,0.996119,0.084712,-0.023899,0.022703,0.015052,0.999629,0,0.40383,-0.47790,5.361,-0.111,-1,694.411,-1,758.114,-1,547.910,561.255,611.264,590.167,-1,-1,-1,-1,-1,-1,-1,-1,2,0,2,0,2,0,0,0,0,2,2,2,2,2,2,2,2
18,-1312.951,7058.622,-44.272,85.004,0.087060,-0.996116,0.013191,0.995970,0.086745,-0.022798,0.021565,0.015123,0.999653,0,0.40375,-0.47815,5.780,-0.116,-1,690.585,-1,754.082,-1,545.490,558.827,610.378,588.890,-1,-1,-1,-1,-1,-1,-1,-1,2,0,2,0,2,0,0,0,0,2,2,2,2,2,2,2,2
19,-1311.859,7064.716,-44.550,84.878,0.089256,-0.995925,0.012903,0.995788,0.088956,-0.022214,0.020976,0.014831,0.999670,0,0.40365,-0.47847,6.191,-0.126,-1,688.326,-1,752.847,-1,544.427,557.953,608.781,588.729,-1,-1,-1,-1,-1,-1,-1,-1,2,0,2,0,2,0,0,0,0,2,2,2,2,2,2,2,2
20,-1310.676,7071.191,-44.707,84.738,0.091696,-0.995709,0.012462,0.995570,0.091408,-0.022002,0.020769,0.014424,0.999680,0,0.40355,-0.47880,6.582,-0.140,-1,687.639,-1,753.793,-1,544.696,558.459,607.321,589.317,-1,-1,-1,-1,-1,-1,-1,-1,2,0,2,0,2,0,0,0,0,2,2,2,2,2,2,2,2
21,-1309.371,7078.003,-44.709,84.581,0.094426,-0.995457,0.012234,0.995320,0.094145,-0.021806,0.020555,0.014235,0.999687,0,0.40346,-0.47908,6.936,-0.157,-1,687.736,-1,755.166,-1,545.538,559.452,606.849,589.860,-1,-1,-1,-1,-1,-1,-1,-1,2,0,2,0,2,0,0,0,0,2,2,2,2,2,2,2,2
22,-1307.938,7085.120,-44.542,84.413,0.097332,-0.995174,0.012492,0.995049,0.097051,-0.021428,0.020112,0.014515,0.999692,0,0.40339,-0.47929,7.259,-0.167,-1,688.203,-1,755.846,-1,546.496,560.360,608.001,589.730,-1,-1,-1,-1,-1,-1,-1,-1,2,0,2,0,2,0,0,0,0,2,2,2,2,2,2,2,2
23,-1306.380,7092.512,-44.215,84.241,0.100322,-0.994866,0.013274,0.994768,0.100036,-0.020705,0.019270,0.015281,0.999698,0,0.40333,-0.47947,7.555,-0.172,-1,688.418,-1,755.107,-1,547.090,560.730,610.770,588.828,-1,-1,-1,-1,-1,-1,-1,-1,2,0,2,0,2,0,0,0,0,2,2,2,2,2,2,2,2
24,-1304.729,7100.230,-43.811,84.065,0.103375,-0.994544,0.014001,0.994473,0.103086,-0.019935,0.018383,0.015984,0.999703,0,0.40327,-0.47968,7.892,-0.176,-1,688.585,-1,754.660,-1,547.840,561.290,613.617,588.346,-1,-1,-1,-1,-1,-1,-1,-1,2,0,2,0,2,0,0,0,0,2,2,2,2,2,2,2,2
25,-1303.021,7108.311,-43.409,83.885,0.106503,-0.994208,0.014440,0.994152,0.106214,-0.019492,0.017845,0.016431,0.999706,0,0.40319,-0.47994,8.259,-0.180,-1,689.573,-1,755.920,-1,549.385,562.786,615.878,588.567,-1,-1,-1,-1,-1,-1,-1,-1,2,0,2,0,2,0,0,0,0,2,2,2,2,2,2,2,2
26,-1301.252,7116.720,-43.053,83.701,0.109699,-0.993858,0.014581,0.993812,0.109413,-0.019126,0.017413,0.016589,0.999711,0,0.40308,-0.48027,8.594,-0.184,-1,690.490,-1,757.840,-1,551.043,564.529,617.316,589.405,-1,-1,-1,-1,-1,-1,-1,-1,2,0,2,0,2,0,0,0,0,2,2,2,2,2,2,2,2
27,-1299.429,7125.467,-42.777,83.516,0.112907,-0.993498,0.014629,0.993459,0.112625,-0.018832,0.017062,0.016660,0.999716,0,0.40297,-0.48064,8.935,-0.185,-1,691.334,-1,759.938,-1,552.694,566.311,618.312,590.216,-1,-1,-1,-1,-1,-1,-1,-1,2,0,2,0,2,0,0,0,0,2,2,2,2,2,2,2,2
28,-1297.162,7136.369,-42.536,83.294,0.116760,-0.993050,0.014794,0.993020,0.116480,-0.018559,0.016707,0.016858,0.999718,0,0.40282,-0.48111,11.135,-0.222,-1,692.390,-1,762.315,-1,554.658,568.394,619.526,590.629,-1,-1,-1,-1,-1,-1,-1,-1,2,0,2,0,2,0,0,0,0,2,2,2,2,2,2,2,2
29,-1295.571,7143.847,-42.383,83.142,0.119396,-0.992734,0.014981,0.992710,0.119115,-0.018419,0.016501,0.017071,0.999718,0,0.40261,-0.48179,7.645,-0.152,-1,693.259,-1,763.903,-1,556.072,569.861,620.517,590.696,-1,-1,-1,-1,-1,-1,-1,-1,2,0,2,0,2,0,0,0,0,2,2,2,2,2,2,2,2
30,-1293.500,7153.472,-42.250,82.950,0.122726,-0.992323,0.015285,0.992308,0.122444,-0.018224,0.016213,0.017404,0.999717,0,0.40246,-0.48226,9.846,-0.192,-1,694.115,-1,765.538,-1,557.674,571.496,621.746,590.420,-1,-1,-1,-1,-1,-1,-1,-1,2,0,2,0,2,0,0,0,0,2,2,2,2,2,2,2,2
31,-1291.353,7163.397,-42.204,82.755,0.126098,-0.991894,0.015670,0.991892,0.125815,-0.017913,0.015797,0.017802,0.999717,0,0.40226,-0.48292,10.154,-0.195,-1,694.224,-1,766.355,-1,558.803,572.597,622.862,589.668,-1,-1,-1,-1,-1,-1,-1,-1,2,0,2,0,2,0,0,0,0,2,2,2,2,2,2,2,2
32,-1289.119,7173.612,-42.209,82.557,0.129533,-0.991444,0.016095,0.991457,0.129250,-0.017515,0.015285,0.018226,0.999717,0,0.40203,-0.48363,10.457,-0.198,-1,693.939,-1,765.828,-1,559.641,573.378,623.870,588.681,-1,-1,-1,-1,-1,-1,-1,-1,2,0,2,0,2,0,0,0,0,2,2,2,2,2,2,2,2
33,-1286.787,7184.108,-42.221,82.351,0.133090,-0.990967,0.016498,0.990995,0.132809,-0.017066,0.014721,0.018621,0.999718,0,0.40179,-0.48440,10.752,-0.206,-1,693.484,-1,765.018,-1,560.410,574.055,624.775,587.751,-1,-1,-1,-1,-1,-1,-1,-1,2,0,2,0,2,0,0,0,0,2,2,2,2,2,2,2,2
34,-1284.367,7194.867,-42.159,82.142,0.136711,-0.990468,0.016844,0.990509,0.136433,-0.016697,0.014240,0.018967,0.999719,0,0.40154,-0.48519,11.028,-0.209,-1,693.478,-1,764.833,-1,561.614,575.191,625.796,587.208,-1,-1,-1,-1,-1,-1,-1,-1,2,0,2,0,2,0,0,0,0,2,2,2,2,2,2,2,2
35,-1281.829,7205.861,-42.001,81.925,0.140450,-0.989934,0.017421,0.989993,0.140172,-0.016268,0.013663,0.019531,0.999716,0,0.40128,-0.48602,11.283,-0.216,-1,693.723,-1,764.463,-1,562.961,576.404,627.621,586.421,-1,-1,-1,-1,-1,-1,-1,-1,2,0,2,0,2,0,0,0,0,2,2,2,2,2,2,2,2
36,-1279.137,7217.096,-41.797,81.695,0.144423,-0.989350,0.018151,0.989429,0.144143,-0.015878,0.013092,0.020252,0.999709,0,0.40102,-0.48685,11.552,-0.230,-1,694.320,-1,764.177,-1,564.555,577.820,629.985,585.408,-1,-1,-1,-1,-1,-1,-1,-1,2,0,2,0,2,0,0,0,0,2,2,2,2,2,2,2,2
37,-1276.284,7228.470,-41.571,81.445,0.148750,-0.988695,0.018877,0.988797,0.148472,-0.015371,0.012394,0.020952,0.999704,0,0.25760,-1.00000,11.727,-0.251,-1,694.993,-1,763.651,-1,565.985,579.079,632.360,584.528,-1,-1,-1,-1,-1,-1,-1,-1,2,0,2,0,2,0,0,0,0,2,2,2,2,2,2,2,2
38,-1273.226,7239.833,-41.368,81.156,0.153734,-0.987925,0.019237,0.988045,0.153467,-0.014652,0.011523,0.021260,0.999708,0,0.25748,-1.00000,11.767,-0.289,-1,694.921,-1,763.041,-1,566.977,580.061,633.671,584.586,-1,-1,-1,-1,-1,-1,-1,-1,2,0,2,0,2,0,0,0,0,2,2,2,2,2,2,2,2
39,-1269.985,7251.051,-41.205,80.825,0.159440,-0.987012,0.019667,0.987152,0.159187,-0.013789,0.010479,0.021612,0.999712,0,0.25743,-1.00000,11.677,-0.331,-1,694.405,-1,761.809,-1,567.556,580.603,634.961,584.412,-1,-1,-1,-1,-1,-1,-1,-1,2,0,2,0,2,0,0,0,0,2,2,2,2,2,2,2,2
40,-1266.589,7262.231,-41.054,80.482,0.165342,-0.986033,0.020037,0.986191,0.165104,-0.012985,0.009496,0.021907,0.999715,0,0.25748,-1.00000,11.684,-0.343,-1,693.729,-1,760.866,-1,568.401,581.312,635.801,584.380,-1,-1,-1,-1,-1,-1,-1,-1,2,0,2,0,2,0,0,0,0,2,2,2,2,2,2,2,2
41,-1263.103,7273.458,-40.928,80.146,0.171127,-0.985037,0.020462,0.985211,0.170900,-0.012383,0.008701,0.022278,0.999714,0,0.25755,-1.00000,11.756,-0.336,-1,692.148,-1,760.382,-1,569.693,582.377,636.661,584.109,-1,-1,-1,-1,-1,-1,-1,-1,2,0,2,0,2,0,0,0,0,2,2,2,2,2,2,2,2
42,-1259.536,7284.782,-40.906,79.813,0.176854,-0.984013,0.020998,0.984203,0.176631,-0.012065,0.008163,0.022800,0.999707,0,0.25760,-1.00000,11.872,-0.333,-1,691.045,-1,760.255,-1,570.751,583.746,637.624,583.166,-1,-1,-1,-1,-1,-1,-1,-1,2,0,2,0,2,0,0,0,0,2,2,2,2,2,2,2,2
43,-1255.871,7296.190,-40.999,79.489,0.182419,-0.982985,0.021546,0.983190,0.182195,-0.011944,0.007815,0.023363,0.999696,0,0.25764,-1.00000,11.982,-0.324,-1,690.126,-1,760.323,-1,571.655,584.900,638.370,581.791,-1,-1,-1,-1,-1,-1,-1,-1,2,0,2,0,2,0,0,0,0,2,2,2,2,2,2,2,2
44,-1252.143,7307.643,-41.157,79.164,0.187994,-0.981916,0.022351,0.982143,0.187771,-0.011672,0.007264,0.024146,0.999682,0,0.25765,-1.00000,12.045,-0.325,-1,688.716,-1,759.284,-1,572.005,584.889,639.407,579.650,-1,-1,-1,-1,-1,-1,-1,-1,2,0,2,0,2,0,0,0,0,2,2,2,2,2,2,2,2
45,-1248.349,7319.170,-41.357,78.841,0.193526,-0.980828,0.022893,0.981072,0.193307,-0.011433,0.006789,0.024672,0.999673,0,0.25766,-1.00000,12.136,-0.323,-1,687.180,-1,758.507,-1,572.373,584.996,639.678,578.062,-1,-1,-1,-1,-1,-1,-1,-1,2,0,2,0,2,0,0,0,0,2,2,2,2,2,2,2,2
46,-1244.516,7330.771,-41.567,78.525,0.198943,-0.979732,0.023383,0.979991,0.198728,-0.011191,0.006317,0.025141,0.999664,0,0.25765,-1.00000,12.218,-0.316,-1,685.574,-1,755.838,-1,572.708,585.094,639.779,576.594,-1,-1,-1,-1,-1,-1,-1,-1,2,0,2,0,2,0,0,0,0,2,2,2,2,2,2,2,2
47,-1240.596,7342.394,-41.780,78.204,0.204417,-0.978590,0.023987,0.978869,0.204218,-0.010497,0.005374,0.025626,0.999657,0,0.25763,-1.00000,12.265,-0.320,-1,682.837,-1,751.811,-1,572.036,584.165,639.273,575.026,-1,-1,-1,-1,-1,-1,-1,-1,2,0,2,0,2,0,0,0,0,2,2,2,2,2,2,2,2
48,-1236.583,7354.041,-41.983,77.878,0.209993,-0.977387,0.024850,0.977694,0.209814,-0.009644,0.004212,0.026320,0.999645,0,0.25542,-1.00000,12.319,-0.327,-1,679.790,-1,747.120,-1,570.990,582.774,638.845,572.964,-1,-1,-1,-1,-1,-1,-1,-1,2,0,2,0,2,0,0,0,0,2,2,2,2,2,2,2,2
49,-1232.427,7365.714,-42.171,77.537,0.215816,-0.976099,0.025573,0.976429,0.215657,-0.008846,0.003119,0.026880,0.999634,0,0.25541,-1.00000,12.391,-0.341,-1,676.942,-1,742.839,-1,570.164,581.653,638.110,571.315,-1,-1,-1,-1,-1,-1,-1,1004.739,2,0,2,0,2,0,0,0,0,2,2,2,2,2,2,2,1
50,-1228.166,7377.425,-42.384,77.189,0.221731,-0.974759,0.026092,0.975106,0.221603,-0.007739,0.001762,0.027158,0.999630,0,0.25542,-1.00000,12.462,-0.347,-1,673.303,-1,738.100,-1,568.687,579.969,636.558,570.254,-1,-1,-1,-1,-1,-1,-1,984.797,2,0,2,0,2,0,0,0,0,2,2,2,2,2,2,2,1
51,-1223.841,7389.139,-42.561,76.839,0.227693,-0.973375,0.026411,0.973733,0.227612,-0.006073,-0.000100,0.027100,0.999633,0,0.25544,-1.00000,12.487,-0.351,-1,668.339,-1,732.507,-1,566.192,577.382,634.214,570.061,-1,-1,-1,-1,-1,-1,-1,964.962,2,0,2,0,2,0,0,0,0,2,2,2,2,2,2,2,1
52,-1219.447,7400.892,-42.701,76.492,0.233582,-0.971966,0.026857,0.972335,0.233553,-0.004247,-0.002144,0.027106,0.999630,0,0.25546,-1.00000,12.548,-0.347,-1,662.828,-1,726.533,-1,563.437,574.505,632.129,569.811,-1,-1,-1,-1,-1,-1,-1,945.422,2,0,2,0,2,0,0,0,0,2,2,2,2,2,2,2,1
53,-1214.941,7412.688,-42.835,76.146,0.239444,-0.970517,0.027630,0.970902,0.239462,-0.002685,-0.004011,0.027469,0.999615,0,0.25547,-1.00000,12.627,-0.346,-1,657.627,-1,720.770,-1,560.426,571.986,630.554,568.738,-1,-1,-1,-1,-1,-1,-1,926.083,2,0,2,0,2,0,0,0,0,2,2,2,2,2,2,2,1
54,-1210.328,7424.534,-42.970,75.799,0.245313,-0.969032,0.028253,0.969428,0.245373,-0.001391,-0.005585,0.027730,0.999600,0,0.25547,-1.00000,12.712,-0.347,-1,653.019,-1,715.852,-1,557.254,570.139,628.334,567.966,-1,-1,-1,-1,-1,1000.448,-1,907.000,2,0,2,0,2,0,0,0,0,2,2,2,2,2,1,2,1
55,-1205.625,7436.461,-43.134,75.453,0.251175,-0.967510,0.028920,0.967918,0.251265,-0.000516,-0.006767,0.028122,0.999582,0,0.25546,-1.00000,12.822,-0.347,-1,649.277,-1,711.733,-1,554.753,569.043,626.303,566.845,-1,-1,-1,-1,-1,982.499,-1,888.181,2,0,2,0,2,0,0,0,0,2,2,2,2,2,1,2,1
56,-1200.832,7448.453,-43.349,75.108,0.256997,-0.965954,0.029749,0.966381,0.257116,0.000173,-0.007816,0.028705,0.999557,0,0.25545,-1.00000,12.914,-0.345,-1,645.833,-1,707.669,-1,552.419,567.203,624.385,565.133,-1,-1,-1,-1,-1,964.730,-1,869.578,2,0,2,0,2,0,0,0,0,2,2,2,2,2,1,2,1
57,-1195.927,7460.455,-43.591,74.759,0.262868,-0.964344,0.030681,0.964790,0.263020,0.000964,-0.009000,0.029347,0.999529,0,0.25543,-1.00000,12.965,-0.349,-1,642.118,-1,703.203,-1,549.830,564.382,622.504,563.194,-1,-1,-1,-1,-1,946.946,-1,851.005,2,0,2,0,2,0,0,0,0,2,2,2,2,2,1,2,1
58,-1190.833,7472.416,-43.806,74.388,0.269109,-0.962595,0.031495,0.963054,0.269301,0.001938,-0.010348,0.029810,0.999502,0,0.25541,-1.00000,13.001,-0.371,-1,638.103,-1,698.674,-1,547.075,561.456,620.167,561.779,-1,-1,-1,-1,-1,928.650,-1,832.014,2,0,2,0,2,0,0,0,0,2,2,2,2,2,1,2,1
59,-1185.585,7484.350,-44.048,74.000,0.275611,-0.960729,0.032220,0.961194,0.275855,0.003301,-0.012060,0.030060,0.999475,0,0.25543,-1.00000,13.037,-0.387,-1,633.220,-1,693.477,-1,543.675,557.954,617.114,560.769,-1,-1,-1,-1,-1,910.010,-1,812.772,2,0,2,0,2,0,0,0,0,2,2,2,2,2,1,2,1
60,-1180.114,7496.214,-44.345,73.576,0.282714,-0.958645,0.032747,0.959105,0.283011,0.004709,-0.013782,0.030077,0.999453,0,0.25548,-1.00000,13.065,-0.424,-1,628.075,-1,688.478,-1,540.240,554.502,613.201,560.201,-1,-1,-1,-1,-1,890.618,-1,792.915,2,0,2,0,2,0,0,0,0,2,2,2,2,2,1,2,1
61,-1174.509,7508.023,-44.680,73.143,0.289953,-0.956444,0.033792,0.956909,0.290318,0.006345,-0.015879,0.030496,0.999409,0,0.25561,-1.00000,13.072,-0.433,-1,622.392,-1,682.059,-1,536.211,550.326,610.348,558.532,-1,-1,-1,-1,999.683,871.120,-1,772.971,2,0,2,0,2,0,0,0,0,2,2,2,2,0,1,2,1
62,-1168.810,7519.854,-45.032,72.719,0.297009,-0.954240,0.034820,0.954703,0.297449,0.008108,-0.018094,0.030834,0.999361,0,0.25575,-1.00000,13.131,-0.424,-1,616.420,-1,675.338,-1,531.952,545.820,607.619,557.010,-1,-1,-1,-1,985.914,851.999,-1,753.462,2,0,2,0,2,0,0,0,0,2,2,2,2,0,1,2,1
63,-1162.996,7531.739,-45.452,72.300,0.303977,-0.952003,0.035883,0.952467,0.304488,0.009634,-0.020098,0.031249,0.999310,0,0.25587,-1.00000,13.231,-0.419,-1,610.801,-1,668.910,-1,527.944,541.478,604.887,555.138,-1,-1,-1,-1,973.428,833.140,-1,734.267,2,0,2,0,2,0,0,0,0,2,2,2,2,0,1,2,1
64,-1157.070,7543.670,-45.956,71.884,0.310871,-0.949733,0.036981,0.950199,0.311451,0.010979,-0.021945,0.031726,0.999256,0,0.25597,-1.00000,13.322,-0.416,-1,605.375,-1,662.620,-1,524.058,537.238,602.060,552.893,-1,-1,-1,-1,961.583,814.504,-1,715.347,2,0,2,0,2,0,0,0,0,2,2,2,2,0,1,2,1
65,-1151.081,7555.658,-46.511,71.476,0.317609,-0.947450,0.038245,0.947925,0.318260,0.012200,-0.023731,0.032379,0.999194,0,0.25606,-1.00000,13.401,-0.408,-1,600.080,-1,656.237,-1,520.132,532.974,599.565,550.106,-1,-1,-1,-1,950.190,796.213,-1,706.156,2,0,2,0,2,0,0,0,0,2,2,2,2,0,1,2,1
66,-1144.986,7567.596,-47.007,71.063,0.324414,-0.945070,0.039983,0.945562,0.325158,0.013602,-0.025856,0.033393,0.999108,0,0.25612,-1.00000,13.403,-0.413,-1,594.545,-1,649.085,-1,515.834,528.267,598.298,546.636,-1,-1,-1,-1,938.209,777.922,-1,707.524,2,0,2,0,2,0,0,0,0,2,2,2,2,0,1,2,1
67,-1138.716,7579.508,-47.457,70.638,0.331399,-0.942576,0.041543,0.943069,0.332246,0.015271,-0.028197,0.034117,0.999020,0,0.25619,-1.00000,13.462,-0.425,-1,588.617,-1,641.894,-1,511.318,523.432,596.398,543.996,-1,-1,-1,-1,925.255,759.472,-1,709.566,2,0,2,0,2,0,0,0,0,2,2,2,2,0,1,2,1
68,-1131.039,7593.835,-47.974,70.124,0.339813,-0.939514,0.042895,0.939977,0.340784,0.017597,-0.031150,0.034341,0.998925,0,0.25628,-1.00000,16.254,-0.514,-1,580.865,-1,633.553,-1,505.370,517.611,593.035,542.397,-1,-1,-1,-1,908.537,737.461,-1,711.980,2,0,2,0,2,0,0,0,0,2,2,2,2,0,1,2,1
69,-1125.909,7603.413,-48.237,69.794,0.345198,-0.937512,0.043695,0.937941,0.346256,0.019314,-0.033236,0.034316,0.998858,0,0.25639,-1.00000,10.865,-0.330,-1,575.400,-1,628.078,-1,501.116,513.742,590.978,541.976,-1,-1,-1,-1,896.980,723.197,-1,713.140,2,0,2,0,2,0,0,0,0,2,2,2,2,0,1,2,1
70,-1119.368,7615.409,-48.521,69.377,0.351990,-0.934953,0.044344,0.935337,0.353132,0.021038,-0.035329,0.034072,0.998795,0,0.25643,-1.00000,13.664,-0.417,-1,569.606,-1,622.622,-1,496.657,509.902,588.060,542.153,-1,-1,-1,-1,884.930,705.475,-1,713.601,2,0,2,0,2,0,0,0,0,2,2,2,2,0,1,2,1
71,-1112.703,7627.455,-48.826,68.956,0.358844,-0.932331,0.044604,0.932665,0.360046,0.022445,-0.036986,0.033546,0.998753,0,0.25649,-1.00000,13.766,-0.422,-1,564.436,-1,618.243,-1,492.787,506.824,584.407,542.979,-1,-1,-1,-1,874.328,687.860,-1,713.215,2,0,2,0,2,0,0,0,0,2,2,2,2,0,1,2,1
72,-1105.939,7639.537,-49.228,68.528,0.365770,-0.929632,0.044694,0.929912,0.367018,0.023670,-0.038408,0.032903,0.998720,0,0.25654,-1.00000,13.847,-0.427,-1,559.453,-1,614.227,-1,489.091,503.969,580.182,543.818,-1,-1,-1,-1,864.295,670.317,-1,712.682,2,0,2,0,2,0,0,0,0,2,2,2,2,0,1,2,1
73,-1099.016,7651.579,-49.741,68.089,0.372873,-0.926799,0.044815,0.927022,0.374172,0.025011,-0.039949,0.032219,0.998682,0,0.25660,-1.00000,13.890,-0.440,-1,554.089,-1,609.794,-1,485.078,500.575,575.496,544.429,-1,-1,-1,-1,853.542,652.639,-1,713.239,2,0,2,0,2,0,0,0,0,2,2,2,2,0,1,2,1
74,-1091.931,7663.583,-50.349,67.638,0.380133,-0.923826,0.045217,0.923999,0.381490,0.026282,-0.041530,0.031790,0.998631,0,0.25668,-1.00000,13.939,-0.451,-1,548.673,-1,604.773,-1,480.929,496.767,571.148,544.159,-1,-1,-1,-1,842.807,634.846,-1,719.001,2,0,2,0,2,0,0,0,0,2,2,2,2,0,1,2,1
75,-1084.674,7675.538,-51.017,67.179,0.387494,-0.920721,0.046061,0.920860,0.388926,0.027455,-0.043193,0.031777,0.998561,0,0.25678,-1.00000,13.985,-0.459,-1,543.288,-1,599.044,-1,476.667,492.367,568.022,542.742,-1,-1,-1,-1,832.232,616.971,-1,727.494,2,0,2,0,2,0,0,0,0,2,2,2,2,0,1,2,1
76,-1077.286,7687.583,-51.688,66.731,0.394658,-0.917612,0.047258,0.917742,0.396170,0.028276,-0.044669,0.032212,0.998482,0,0.39038,-0.75437,14.131,-0.448,-1,538.456,-1,593.340,-1,472.500,488.005,566.774,540.321,-1,-1,-1,-1,822.775,599.326,-1,735.950,2,0,2,0,2,0,0,0,0,2,2,2,2,0,1,2,1
77,-1069.785,7699.841,-52.298,66.308,0.401390,-0.914600,0.048922,0.914740,0.403002,0.028976,-0.046217,0.033120,0.998382,0,0.39050,-0.75398,14.371,-0.423,-1,533.802,-1,587.264,-1,468.348,483.513,566.742,537.181,-1,-1,-1,-1,813.754,582.031,-1,743.774,2,0,2,0,2,0,0,0,0,2,2,2,2,0,1,2,1
78,-1062.118,7712.312,-52.899,65.898,0.407901,-0.911637,0.050350,0.911774,0.409609,0.029808,-0.047798,0.033749,0.998287,0,0.39051,-0.75396,14.639,-0.410,-1,528.733,-1,581.264,-1,464.097,478.992,566.113,534.795,-1,-1,-1,-1,804.448,564.882,-1,750.725,2,0,2,0,2,0,0,0,0,2,2,2,2,0,1,2,1
79,-1054.267,7725.010,-53.581,65.491,0.414334,-0.908688,0.051117,0.908803,0.416105,0.030552,-0.049032,0.033796,0.998225,0,0.39045,-0.75416,14.929,-0.406,-1,523.754,-1,576.026,-1,460.076,474.857,563.980,533.563,-1,-1,-1,-1,795.441,547.796,-1,756.002,2,0,2,0,2,0,0,0,0,2,2,2,2,0,1,2,1
80,-1046.272,7737.914,-54.327,65.080,0.420812,-0.905681,0.051575,0.905752,0.422638,0.031485,-0.050313,0.033465,0.998173,0,0.39034,-0.75451,15.180,-0.411,-1,518.367,-1,570.764,-1,455.814,470.585,560.806,532.997,-1,-1,-1,-1,785.663,530.666,-1,765.373,2,0,2,0,2,0,0,0,0,2,2,2,2,0,1,2,1
81,-1038.131,7751.001,-55.090,64.671,0.427239,-0.902648,0.051887,0.902658,0.429120,0.032641,-0.051729,0.032891,0.998119,0,0.39021,-0.75493,15.414,-0.409,-1,512.600,-1,565.336,-1,451.295,466.119,557.045,532.939,-1,-1,-1,-1,775.137,513.546,-1,769.742,2,0,2,0,2,0,0,0,0,2,2,2,2,0,1,2,1
82,-1029.854,7764.232,-55.798,64.266,0.433568,-0.899614,0.052084,0.899521,0.435517,0.034443,-0.053669,0.031917,0.998049,0,0.39005,-0.75547,15.606,-0.405,-1,505.912,-1,559.300,-1,446.115,461.097,552.589,533.915,-1,-1,-1,-1,762.663,496.453,-1,774.194,2,0,2,0,2,0,0,0,0,2,2,2,2,0,1,2,1
83,-1021.408,7777.618,-56.464,63.866,0.439792,-0.896573,0.052347,0.896367,0.441816,0.036390,-0.055754,0.030918,0.997966,0,0.38985,-0.75613,15.827,-0.400,-1,499.096,-1,553.098,-1,440.821,455.943,548.360,535.095,-1,-1,-1,-1,749.940,479.372,-1,778.528,2,0,2,0,2,0,0,0,0,2,2,2,2,0,1,2,1
84,-1012.735,7791.122,-57.159,63.459,0.446084,-0.893418,0.053040,0.893122,0.448198,0.038108,-0.057819,0.030372,0.997865,0,0.38960,-0.75694,16.049,-0.406,-1,492.533,-1,546.648,-1,435.599,450.522,545.189,535.193,-1,-1,-1,-1,737.625,462.106,-1,783.913,2,0,2,0,2,0,0,0,0,2,2,2,2,0,1,2,1
85,-1003.854,7804.733,-57.855,63.057,0.452292,-0.890205,0.054474,0.889861,0.454528,0.039397,-0.059832,0.030656,0.997738,0,0.38935,-0.75777,16.253,-0.402,-1,486.481,-1,539.834,-1,430.377,445.058,544.183,533.441,-1,-1,-1,-1,726.400,444.756,-1,789.936,2,0,2,0,2,0,0,0,0,2,2,2,2,0,1,2,1
86,-994.735,7818.520,-58.596,62.658,0.458448,-0.886979,0.055624,0.886621,0.460769,0.039951,-0.061066,0.031002,0.997652,0,0.38906,-0.75873,16.529,-0.399,-1,481.360,-1,534.224,-1,425.849,440.502,543.285,531.548,-1,-1,-1,-1,717.829,427.401,-1,-1,2,0,2,0,2,0,0,0,0,2,2,2,2,0,1,2,2
87,-985.283,7832.370,-59.383,62.223,0.465150,-0.883476,0.055733,0.883077,0.467487,0.040378,-0.061727,0.030435,0.997629,0,0.38872,-0.75984,16.768,-0.435,-1,476.622,-1,530.105,-1,421.892,436.808,540.429,531.663,-1,-1,-1,-1,710.126,409.653,-1,-1,2,0,2,0,2,0,0,0,0,2,2,2,2,0,1,2,2
88,-975.475,7846.199,-60.260,61.728,0.472740,-0.879490,0.054896,0.879006,0.475042,0.041036,-0.062168,0.028854,0.997648,0,0.38847,-0.76066,16.954,-0.494,-1,471.722,-1,526.987,-1,418.070,433.518,535.293,533.819,-1,-1,-1,-1,702.062,391.300,-1,-1,2,0,2,0,2,0,0,0,0,2,2,2,2,0,1,2,2
89,-965.265,7859.904,-61.195,61.164,0.481358,-0.874912,0.053133,0.874294,0.483571,0.042049,-0.062483,0.026213,0.997702,0,0.38839,-0.76095,17.090,-0.564,-1,466.622,-1,524.787,-1,414.350,430.621,527.187,538.250,-1,-1,-1,-1,693.499,372.289,-1,-1,2,0,2,0,2,0,0,0,0,2,2,2,2,0,1,2,2
90,-954.654,7873.417,-62.217,60.532,0.490965,-0.869673,0.051211,0.868910,0.493080,0.043219,-0.062837,0.023279,0.997752,0,0.38850,-0.76058,17.181,-0.632,-1,461.389,-1,522.759,-1,410.588,427.763,517.870,543.142,-1,-1,-1,-1,684.626,352.632,-1,-1,2,0,2,0,2,0,0,0,0,2,2,2,2,0,1,2,2
91,-943.700,7886.612,-63.162,59.866,0.501014,-0.863959,0.050605,0.863106,0.503099,0.044049,-0.063515,0.021608,0.997747,0,0.38882,-0.75953,17.150,-0.666,-1,456.598,-1,519.855,-1,406.890,424.614,511.406,545.294,-1,-1,-1,-1,676.499,332.604,993.268,-1,2,0,2,0,2,0,0,0,0,2,2,2,2,0,1,0,2
92,-932.425,7899.644,-64.038,59.195,0.511062,-0.858022,0.051121,0.857160,0.513169,0.043977,-0.063967,0.021344,0.997724,0,0.38925,-0.75810,17.232,-0.670,-1,453.001,-1,516.805,-1,403.854,421.690,507.993,544.508,-1,-1,-1,-1,670.718,312.489,974.894,-1,2,0,2,0,2,0,0,0,0,2,2,2,2,0,1,0,2
93,-920.881,7912.681,-64.876,58.537,0.520903,-0.852026,0.052079,0.851256,0.523028,0.042473,-0.063427,0.022208,0.997739,0,0.38969,-0.75666,17.414,-0.659,-1,451.213,473.376,514.907,-1,402.175,403.718,506.947,541.543,-1,-1,-1,-1,669.038,292.522,970.803,-1,2,0,1,0,2,0,1,0,0,2,2,2,2,0,1,0,2
94,-908.936,7925.390,-65.583,57.830,0.531398,-0.845475,0.052804,0.844835,0.533510,0.040254,-0.062205,0.023220,0.997793,0,0.39007,-0.75540,17.441,-0.706,-1,450.900,441.873,514.596,-1,401.618,373.481,506.672,538.712,-1,-1,-1,-1,670.364,272.293,977.313,-1,2,0,1,0,2,0,1,0,0,2,2,2,2,0,1,0,2
95,-896.451,7936.961,-66.194,56.973,0.543968,-0.837447,0.052737,0.836778,0.546065,0.040191,-0.062455,0.022267,0.997799,0,0.39060,-0.75365,17.023,-0.857,-1,448.383,408.684,513.818,-1,399.746,341.813,502.743,540.241,-1,-1,-1,-1,666.845,251.136,963.073,-1,2,0,1,0,2,0,1,0,0,2,2,2,2,0,1,0,2
96,-883.731,7947.923,-66.879,56.061,0.557200,-0.828672,0.053197,0.827998,0.559309,0.039909,-0.062825,0.021810,0.997786,0,0.39168,-0.75010,16.792,-0.912,-1,446.059,375.708,512.774,-1,397.926,310.480,498.544,540.301,-1,-1,-1,-1,663.890,229.903,949.857,-1,2,0,1,0,2,0,1,0,0,2,2,2,2,0,1,0,2
97,-870.734,7957.748,-67.592,55.082,0.571245,-0.819008,0.053896,0.818307,0.573388,0.039989,-0.063655,0.021260,0.997746,0,0.39296,-0.74587,16.292,-0.980,999.971,443.515,342.966,511.429,-1,395.899,279.479,494.284,540.288,-1,-1,-1,-1,660.159,208.632,930.525,-1,0,0,1,0,2,0,1,0,0,2,2,2,2,0,1,0,2
98,-857.831,7967.269,-68.336,54.184,0.584027,-0.809821,0.055706,0.809291,0.586217,0.037386,-0.062932,0.023248,0.997747,0,0.39454,-0.74065,16.036,-0.898,-1,444.126,312.612,511.156,-1,395.911,250.596,494.748,534.732,-1,-1,-1,-1,663.097,188.356,938.065,-1,2,0,1,0,2,0,1,0,0,2,2,2,2,0,1,0,2
99,-845.000,7976.331,-69.093,53.300,0.596509,-0.800548,0.057439,0.800265,0.598706,0.033571,-0.061264,0.025941,0.997784,0,0.41726,-0.25229,15.708,-0.884,-1,446.491,283.781,512.198,-1,370.885,223.031,496.650,527.755,-1,-1,-1,-1,669.727,168.759,957.619,-1,2,0,1,0,2,1,1,0,0,2,2,2,2,0,1,0,2
100,-832.110,7984.560,-69.760,52.459,0.608261,-0.791658,0.057410,0.791529,0.610372,0.030474,-0.059166,0.026905,0.997886,0,0.41868,-0.24786,15.294,-0.841,-1,449.101,256.751,515.116,-1,340.622,196.907,495.964,525.000,-1,-1,-1,-1,676.727,150.024,974.137,-1,2,0,1,0,2,1,1,0,0,2,2,2,2,0,1,0,2
101,-819.514,7992.056,-70.373,51.677,0.619077,-0.783229,0.057405,0.783242,0.621106,0.027542,-0.057226,0.027912,0.997971,0,0.42003,-0.24363,14.658,-0.782,-1,451.722,231.585,517.696,-1,312.476,172.515,495.666,522.323,-1,-1,-1,-1,683.806,132.272,988.867,-1,2,0,1,0,2,1,1,0,0,2,2,2,2,0,1,0,2
102,-807.451,8000.223,-71.061,50.988,0.628565,-0.775579,0.058165,0.775874,0.630488,0.022450,-0.054084,0.031018,0.998055,0,0.42127,-0.23975,14.567,-0.689,-1,456.671,208.405,520.654,-1,286.728,149.907,498.754,515.215,-1,-1,-1,-1,696.290,115.540,-1,-1,2,0,1,0,2,1,1,0,0,2,2,2,2,0,1,2,2
103,-795.550,8008.841,-71.721,50.327,0.637586,-0.768217,0.057675,0.768707,0.639347,0.018041,-0.050734,0.032832,0.998172,0,0.42214,-0.23704,14.694,-0.661,-1,461.453,186.291,524.637,-1,261.987,128.219,499.257,511.082,-1,-1,-1,-1,708.315,99.360,-1,-1,2,0,1,0,2,1,1,0,0,2,2,2,2,0,1,2,2
104,-783.588,8017.535,-72.348,49.638,0.646858,-0.760597,0.055384,0.761088,0.648448,0.016105,-0.048163,0.031735,0.998335,0,0.42286,-0.23479,14.788,-0.688,-1,463.791,164.547,529.098,-1,237.396,106.919,494.532,513.027,-1,-1,-1,-1,714.541,83.369,-1,-1,2,0,1,0,2,1,1,0,0,2,2,2,2,0,1,2,2
105,-771.527,8026.046,-72.956,48.886,0.656831,-0.752236,0.052093,0.752578,0.658290,0.016749,-0.046892,0.028203,0.998502,0,0.42363,-0.23236,14.762,-0.752,-1,306.502,142.789,532.964,-1,212.638,85.779,485.754,519.928,-1,-1,-1,-1,302.079,67.349,-1,-1,2,1,1,0,2,1,1,0,0,2,2,2,2,1,1,2,2
106,-759.377,8034.119,-73.570,48.076,0.667406,-0.743091,0.048831,0.743215,0.668778,0.019167,-0.046900,0.023500,0.998623,0,0.42461,-0.22929,14.587,-0.810,-1,267.736,121.050,534.928,-1,187.890,64.844,475.238,529.197,-1,-1,-1,-1,263.925,51.280,-1,-1,2,1,1,0,2,1,1,0,0,2,2,2,2,1,1,2,2
107,-747.204,8041.138,-74.059,47.138,0.679467,-0.732255,0.046117,0.732155,0.680775,0.022243,-0.047683,0.018652,0.998688,0,0.42581,-0.22554,14.051,-0.939,-1,229.224,99.219,36.168,-1,162.928,44.121,465.132,538.990,-1,-1,-1,-1,225.932,35.165,998.348,-1,2,1,1,1,2,1,1,0,0,2,2,2,2,1,1,0,2
108,-734.819,8047.625,-74.526,46.113,0.692462,-0.720115,0.043954,0.719913,0.693679,0.023125,-0.047143,0.015630,0.998766,0,0.42752,-0.22018,13.981,-1.024,996.600,191.664,77.503,19.532,-1,138.033,23.642,458.151,544.903,-1,-1,-1,-1,188.870,18.996,989.664,-1,0,1,1,1,2,1,1,0,0,2,2,2,2,1,1,0,2
109,-722.189,8054.370,-75.055,45.171,0.704306,-0.708628,0.042424,0.708527,0.705401,0.019969,-0.044076,0.015994,0.998900,0,0.42955,-0.21386,14.318,-0.942,-1,156.922,56.636,11.966,-1,114.303,37.577,456.696,543.345,-1,-1,-1,-1,154.620,25.257,-1,-1,2,1,1,1,2,1,1,0,0,2,2,2,2,1,1,2,2
110,-709.325,8061.371,-75.570,44.325,0.714836,-0.698081,0.041130,0.698183,0.715778,0.014223,-0.039368,0.018549,0.999053,0,0.43125,-0.20852,14.647,-0.846,-1,124.602,36.531,551.497,-1,91.642,11.304,458.991,537.444,-1,-1,-1,-1,122.782,863.560,-1,-1,2,1,1,0,2,1,1,0,0,2,2,2,2,1,0,2,2
111,-696.330,8068.685,-76.032,43.594,0.723817,-0.688821,0.040178,0.689145,0.724586,0.007362,-0.034184,0.022360,0.999165,0,0.43259,-0.20433,14.912,-0.730,-1,94.461,17.136,558.009,-1,70.029,449.341,463.568,529.395,-1,-1,-1,-1,93.092,877.069,-1,-1,2,1,1,0,2,1,0,0,0,2,2,2,2,1,0,2,2
112,-683.125,8075.804,-76.436,42.833,0.733008,-0.679132,0.038459,0.679561,0.733615,0.002538,-0.029938,0.024275,0.999257,0,0.43350,-0.20148,15.002,-0.761,-1,64.814,93.734,563.657,-1,48.448,455.146,464.979,525.497,-1,-1,-1,-1,63.887,890.302,-1,-1,2,1,1,0,2,1,0,0,0,2,2,2,2,1,0,2,2
113,-669.701,8082.273,-76.788,41.943,0.743532,-0.667753,0.035570,0.668138,0.744036,0.001405,-0.027403,0.022721,0.999366,0,0.43451,-0.19834,14.901,-0.890,-1,35.041,66.375,568.910,-1,26.449,459.675,460.810,528.615,-1,-1,-1,-1,34.548,903.143,-1,-1,2,1,1,0,2,1,0,0,0,2,2,2,2,1,0,2,2
114,-656.257,8089.031,-77.150,41.106,0.753265,-0.656886,0.033060,0.657247,0.753675,-0.000102,-0.024849,0.021806,0.999453,0,0.43597,-0.19376,15.047,-0.837,-1,295.625,40.545,573.687,-1,394.542,463.583,457.375,530.540,-1,-1,-1,-1,295.735,915.101,-1,-1,2,1,1,0,2,1,0,0,0,2,2,2,2,1,0,2,2
115,-642.726,8096.133,-77.561,40.352,0.761894,-0.646976,0.030646,0.647319,0.762217,-0.001693,-0.022264,0.021128,0.999529,0,0.43721,-0.18989,15.281,-0.754,-1,292.036,16.255,578.234,-1,391.417,466.682,454.381,531.979,-1,-1,-1,-1,292.850,926.384,183.900,-1,2,1,1,0,2,1,0,0,0,2,2,2,2,1,0,1,2
116,-629.060,8103.311,-77.928,39.644,0.769880,-0.637577,0.027941,0.637891,0.770121,-0.003124,-0.019526,0.020228,0.999605,0,0.43811,-0.18705,15.436,-0.708,-1,290.418,-1,583.070,-1,377.694,470.065,451.340,534.124,-1,-1,-1,-1,289.571,938.867,155.432,-1,2,1,2,0,2,1,0,0,0,2,2,2,2,1,0,1,2
117,-615.620,8110.273,-78.200,38.999,0.777031,-0.628938,0.025703,0.629207,0.777231,-0.003263,-0.017925,0.018708,0.999664,0,0.43884,-0.18479,15.136,-0.645,-1,288.345,-1,585.906,-1,369.073,472.048,447.607,537.808,-1,-1,-1,-1,286.087,947.325,128.544,-1,2,1,2,0,2,1,0,0,0,2,2,2,2,1,0,1,2
118,-608.208,8116.955,-78.028,39.605,0.770248,-0.636709,0.036329,0.637307,0.770580,-0.006835,-0.023643,0.028418,0.999317,0,0.43937,-0.18311,9.979,0.605,-1,276.663,-1,565.233,-1,356.025,459.662,462.103,519.231,-1,-1,-1,-1,274.176,901.219,122.367,-1,2,1,2,0,2,1,0,0,0,2,2,2,2,1,0,1,2
119,-605.234,8121.278,-77.683,40.519,0.759605,-0.647942,0.056306,0.649208,0.760590,-0.005741,-0.039106,0.040915,0.998397,0,0.43625,-0.19288,5.247,0.915,-1,263.678,-1,526.424,-1,346.312,433.937,482.350,495.496,-1,-1,-1,-1,263.374,818.332,124.787,-1,2,1,2,0,2,1,0,0,0,2,2,2,2,1,0,1,2
120,1891.583,3812.275,25.054,171.562,-0.988906,-0.147053,-0.020987,0.146699,-0.989026,0.017509,-0.023331,0.014236,0.999626,1,0.46060,-0.27681,0.000,0.000,-1,572.631,-1,599.138,-1,479.662,488.666,491.126,489.572,-1,-1,-1,-1,-1,-1,-1,-1,2,0,2,0,2,0,0,0,0,2,2,2,2,2,2,2,2
121,1890.511,3812.338,27.792,171.559,-0.988950,-0.147035,-0.018956,0.146762,-0.989057,0.015069,-0.020964,0.012120,0.999707,0,0.20817,0.52818,1.074,-0.003,-1,583.599,-1,612.746,-1,488.948,498.461,494.513,500.218,-1,-1,-1,-1,-1,-1,-1,-1,2,0,2,0,2,0,0,0,0,2,2,2,2,2,2,2,2
122,1889.226,3812.386,29.497,171.552,-0.988979,-0.147087,-0.016931,0.146895,-0.989079,0.012064,-0.018521,0.009443,0.999784,0,0.20817,0.52818,1.287,-0.007,-1,591.540,-1,624.343,-1,496.129,506.371,494.301,509.441,-1,-1,-1,-1,-1,-1,-1,-1,2,0,2,0,2,0,0,0,0,2,2,2,2,2,2,2,2
123,1887.717,3812.392,30.092,171.551,-0.989023,-0.147020,-0.014762,0.146903,-0.989112,0.008766,-0.015890,0.006501,0.999853,0,0.20817,0.52818,1.509,-0.000,-1,596.822,-1,633.814,-1,501.225,512.290,490.877,516.560,-1,-1,-1,-1,-1,-1,-1,-1,2,0,2,0,2,0,0,0,0,2,2,2,2,2,2,2,2
124,1885.979,3812.379,29.618,171.557,-0.989078,-0.146874,-0.012336,0.146820,-0.989150,0.005164,-0.012961,0.003297,0.999911,0,0.20817,0.52818,1.738,0.005,-1,599.789,-1,641.498,-1,504.496,516.466,484.426,521.656,-1,-1,-1,-1,-1,-1,-1,-1,2,0,2,0,2,0,0,0,0,2,2,2,2,2,2,2,2
125,1883.999,3812.365,28.226,171.566,-0.989139,-0.146670,-0.009575,0.146665,-0.989185,0.001213,-0.009650,-0.000205,0.999953,0,0.20817,0.52818,1.980,0.009,-1,600.982,-1,647.990,-1,506.382,519.405,475.352,525.141,-1,-1,-1,-1,-1,-1,-1,-1,2,0,2,0,2,0,0,0,0,2,2,2,2,2,2,2,2
126,1881.832,3812.401,26.303,171.573,-0.989178,-0.146531,-0.007481,0.146552,-0.989200,-0.002241,-0.007072,-0.003313,0.999969,0,0.20817,0.52818,2.168,0.007,-1,599.381,-1,651.124,-1,505.925,519.937,465.706,526.550,-1,-1,-1,-1,-1,-1,-1,-1,2,0,2,0,2,0,0,0,0,2,2,2,2,2,2,2,2
127,1879.556,3812.595,24.293,171.571,-0.989177,-0.146556,-0.007148,0.146587,-0.989190,-0.004008,-0.006484,-0.005012,0.999966,0,0.20817,0.52818,2.284,-0.002,-1,594.025,-1,648.195,-1,502.087,516.699,458.063,524.911,-1,-1,-1,-1,-1,-1,-1,-1,2,0,2,0,2,0,0,0,0,2,2,2,2,2,2,2,2
128,1877.162,3812.987,22.492,171.563,-0.989147,-0.146679,-0.008555,0.146712,-0.989173,-0.003415,-0.007961,-0.004633,0.999958,0,0.20817,0.52818,2.425,-0.007,-1,586.059,-1,639.306,-1,495.532,510.107,454.115,519.728,-1,-1,-1,-1,-1,-1,-1,-1,2,0,2,0,2,0,0,0,0,2,2,2,2,2,2,2,2
129,1874.612,3813.590,21.066,171.555,-0.989095,-0.146846,-0.011281,0.146859,-0.989157,-0.000363,-0.011106,-0.002016,0.999936,0,0.20817,0.52818,2.621,-0.009,-1,576.996,-1,625.934,-1,487.407,501.236,454.516,511.269,-1,-1,-1,-1,-1,-1,-1,-1,2,0,2,0,2,0,0,0,0,2,2,2,2,2,2,2,2
130,1871.842,3814.387,20.057,171.548,-0.989024,-0.147026,-0.014666,0.146972,-0.989129,0.004717,-0.015200,0.002509,0.999881,0,0.20817,0.52818,2.882,-0.007,-1,568.347,-1,610.383,-1,479.028,491.495,458.981,500.506,-1,-1,-1,-1,-1,-1,-1,-1,2,0,2,0,2,0,0,0,0,2,2,2,2,2,2,2,2
131,1869.014,3815.299,19.420,171.539,-0.988918,-0.147290,-0.018603,0.147100,-0.989058,0.011211,-0.020051,0.008351,0.999764,0,-0.12013,0.75409,2.972,-0.008,-1,560.035,-1,593.592,-1,470.583,481.201,466.613,488.559,-1,-1,-1,-1,-1,-1,-1,-1,2,0,2,0,2,0,0,0,0,2,2,2,2,2,2,2,2
132,1866.398,3816.231,19.069,171.535,-0.988785,-0.147561,-0.023030,0.147154,-0.988941,0.018459,-0.025499,0.014863,0.999564,0,-0.12013,0.75409,2.776,-0.004,-1,551.773,-1,576.225,-1,462.090,470.678,476.303,476.437,-1,-1,-1,-1,991.371,-1,-1,-1,2,0,2,0,2,0,0,0,0,2,2,2,2,0,2,2,2
133,1863.880,3817.123,19.067,171.538,-0.988670,-0.147743,-0.026527,0.147093,-0.988808,0.024960,-0.029918,0.020775,0.999336,0,-0.12013,0.75409,2.671,0.002,-1,546.282,-1,563.055,-1,456.008,462.760,486.245,466.577,-1,-1,-1,-1,976.605,-1,-1,-1,2,0,2,0,2,0,0,0,0,2,2,2,2,0,2,2,2
134,1861.386,3817.904,19.491,171.542,-0.988604,-0.147843,-0.028358,0.147003,-0.988690,0.029706,-0.032429,0.025198,0.999156,0,-0.12013,0.75409,2.614,0.005,-1,544.917,-1,556.030,-1,453.594,458.948,495.048,460.527,-1,-1,-1,-1,972.305,987.825,-1,-1,2,0,2,0,2,0,0,0,0,2,2,2,2,0,0,2,2
135,1858.927,3818.552,20.226,171.546,-0.988587,-0.147873,-0.028795,0.146927,-0.988610,0.032608,-0.033289,0.028005,0.999053,0,-0.12013,0.75409,2.543,0.004,-1,546.730,-1,554.116,-1,454.119,458.540,502.012,458.016,-1,-1,-1,-1,975.989,980.067,-1,-1,2,0,2,0,2,0,0,0,0,2,2,2,2,0,0,2,2
136,1856.545,3819.063,21.090,171.550,-0.988603,-0.147851,-0.028373,0.146872,-0.988573,0.033946,-0.033067,0.029392,0.999021,0,-0.12013,0.75409,2.435,0.003,-1,550.206,-1,555.535,-1,456.347,460.253,506.844,458.155,-1,-1,-1,-1,983.892,983.004,-1,-1,2,0,2,0,2,0,0,0,0,2,2,2,2,0,0,2,2
137,1854.284,3819.449,21.884,171.552,-0.988633,-0.147791,-0.027633,0.146827,-0.988572,0.034167,-0.032367,0.029721,0.999034,0,-0.12013,0.75409,2.294,0.003,-1,553.823,-1,558.392,-1,459.003,462.716,509.570,459.819,-1,-1,-1,-1,992.283,990.893,-1,-1,2,0,2,0,2,0,0,0,0,2,2,2,2,0,0,2,2
138,1852.169,3819.734,22.446,171.555,-0.988665,-0.147708,-0.026921,0.146779,-0.988595,0.033709,-0.031593,0.029375,0.999069,0,-0.12013,0.75409,2.133,0.003,-1,556.566,-1,561.276,-1,461.192,464.932,510.421,461.992,-1,-1,-1,-1,998.741,999.532,-1,-1,2,0,2,0,2,0,0,0,0,2,2,2,2,0,0,2,2
139,1850.213,3819.941,22.682,171.559,-0.988695,-0.147611,-0.026335,0.146725,-0.988630,0.032910,-0.030893,0.028674,0.999111,0,-0.12013,0.75409,1.968,0.003,-1,558.084,-1,563.546,-1,462.537,466.431,509.737,463.941,-1,-1,-1,-1,1002.527,1006.796,-1,-1,2,0,2,0,2,0,0,0,0,2,2,2,2,0,0,2,2
140,1848.408,3820.094,22.567,171.563,-0.988725,-0.147502,-0.025801,0.146660,-0.988670,0.031971,-0.030224,0.027827,0.999156,0,-0.12013,0.75409,1.811,0.004,-1,558.538,-1,564.985,-1,463.082,467.182,507.860,465.280,-1,-1,-1,-1,1004.172,-1,-1,-1,2,0,2,0,2,0,0,0,0,2,2,2,2,0,2,2,2
141,1846.744,3820.207,22.138,171.567,-0.988760,-0.147381,-0.025166,0.146587,-0.988713,0.030955,-0.029444,0.026918,0.999204,0,-0.12013,0.75409,1.668,0.004,-1,558.376,-1,565.919,-1,463.137,467.462,505.067,465.976,-1,-1,-1,-1,1004.868,-1,-1,-1,2,0,2,0,2,0,0,0,0,2,2,2,2,0,2,2,2
142,1845.204,3820.288,21.474,171.572,-0.988802,-0.147246,-0.024286,0.146507,-0.988760,0.029828,-0.028405,0.025935,0.999260,0,-0.12013,0.75409,1.542,0.005,-1,558.107,-1,566.859,-1,463.096,467.677,501.566,466.249,-1,-1,-1,-1,1005.860,-1,-1,-1,2,0,2,0,2,0,0,0,0,2,2,2,2,0,2,2,2
143,1843.779,3820.338,20.676,171.577,-0.988853,-0.147095,-0.023091,0.146423,-0.988811,0.028515,-0.027027,0.024816,0.999327,0,-0.12013,0.75409,1.426,0.005,-1,558.123,-1,568.271,-1,463.286,468.167,497.518,466.446,-1,-1,-1,-1,-1,-1,-1,-1,2,0,2,0,2,0,0,0,0,2,2,2,2,2,2,2,2
144,1842.463,3820.358,19.842,171.583,-0.988911,-0.146933,-0.021593,0.146338,-0.988867,0.026958,-0.025313,0.023499,0.999403,0,-0.12013,0.75409,1.317,0.005,-1,558.637,-1,570.449,-1,463.907,469.141,493.079,466.899,-1,-1,-1,-1,-1,-1,-1,-1,2,0,2,0,2,0,0,0,0,2,2,2,2,2,2,2,2
145,1841.255,3820.348,19.059,171.588,-0.988972,-0.146760,-0.019879,0.146248,-0.988928,0.025163,-0.023352,0.021978,0.999486,0,-0.12013,0.75409,1.208,0.006,-1,559.683,-1,573.445,-1,465.023,470.648,488.457,467.817,-1,-1,-1,-1,-1,-1,-1,-1,2,0,2,0,2,0,0,0,0,2,2,2,2,2,2,2,2
146,1840.191,3820.311,18.413,171.594,-0.989028,-0.146590,-0.018302,0.146153,-0.988988,0.023286,-0.021514,0.020355,0.999561,0,-0.12013,0.75409,1.065,0.006,-1,560.771,-1,576.647,-1,466.270,472.289,484.035,469.209,-1,-1,-1,-1,-1,-1,-1,-1,2,0,2,0,2,0,0,0,0,2,2,2,2,2,2,2,2
147,1839.332,3820.285,18.029,171.599,-0.989060,-0.146470,-0.017520,0.146078,-0.989030,0.021919,-0.020538,0.019120,0.999606,0,-0.12013,0.75409,0.860,0.005,-1,560.975,-1,578.475,-1,466.770,473.108,480.926,470.486,-1,-1,-1,-1,-1,-1,-1,-1,2,0,2,0,2,0,0,0,0,2,2,2,2,2,2,2,2
148,1838.686,3820.297,17.934,171.601,-0.989067,-0.146421,-0.017539,0.146041,-0.989049,0.021306,-0.020467,0.018511,0.999619,0,-0.12013,0.75409,0.645,0.002,-1,560.431,-1,578.720,-1,466.540,473.051,479.596,471.320,-1,-1,-1,-1,-1,-1,-1,-1,2,0,2,0,2,0,0,0,0,2,2,2,2,2,2,2,2
149,1838.235,3820.347,18.083,171.601,-0.989058,-0.146419,-0.018035,0.146027,-0.989048,0.021430,-0.020975,0.018562,0.999608,0,-0.12013,0.75409,0.454,0.001,-1,559.739,-1,577.932,-1,466.029,472.518,480.002,471.587,-1,-1,-1,-1,-1,-1,-1,-1,2,0,2,0,2,0,0,0,0,2,2,2,2,2,2,2,2
150,1837.949,3820.426,18.392,171.600,-0.989040,-0.146467,-0.018637,0.146050,-0.989031,0.022078,-0.021667,0.019114,0.999583,0,-0.12013,0.75409,0.297,-0.001,-1,559.424,-1,576.853,-1,465.663,471.976,481.692,471.383,-1,-1,-1,-1,-1,-1,-1,-1,2,0,2,0,2,0,0,0,0,2,2,2,2,2,2,2,2
151,1837.428,3820.584,18.755,171.605,-0.989062,-0.146391,-0.018065,0.145970,-0.989027,0.022771,-0.021200,0.019885,0.999577,0,0.44952,0.90807,0.544,0.005,-1,561.872,-1,578.213,-1,467.264,473.282,484.029,471.090,-1,-1,-1,-1,-1,-1,-1,-1,2,0,2,0,2,0,0,0,0,2,2,2,2,2,2,2,2
152,1836.214,3820.779,19.099,171.628,-0.989167,-0.145953,-0.015698,0.145569,-0.989074,0.023291,-0.018926,0.020754,0.999605,0,0.44952,0.90807,1.229,0.024,-1,568.215,-1,583.240,-1,471.664,477.267,486.650,470.856,-1,-1,-1,-1,-1,-1,-1,-1,2,0,2,0,2,0,0,0,0,2,2,2,2,2,2,2,2
153,1834.399,3820.939,19.409,171.672,-0.989328,-0.145144,-0.012780,0.144821,-0.989183,0.023327,-0.016028,0.021227,0.999646,0,0.44952,0.90807,1.822,0.044,-1,575.777,-1,589.752,-1,476.918,482.197,488.522,471.331,-1,-1,-1,-1,-1,-1,-1,-1,2,0,2,0,2,0,0,0,0,2,2,2,2,2,2,2,2
154,1832.002,3821.019,19.679,171.740,-0.989538,-0.143918,-0.010106,0.143661,-0.989366,0.022740,-0.013271,0.021051,0.999690,0,0.44952,0.90807,2.398,0.068,-1,582.581,-1,596.223,-1,481.743,486.929,489.081,472.841,-1,-1,-1,-1,-1,-1,-1,-1,2,0,2,0,2,0,0,0,0,2,2,2,2,2,2,2,2
155,1829.047,3820.996,19.895,171.833,-0.989797,-0.142255,-0.008117,0.142053,-0.989623,0.021624,-0.011109,0.020251,0.999733,0,0.44952,0.90807,2.955,0.093,-1,587.432,-1,601.624,-1,485.354,490.635,488.295,475.277,-1,-1,-1,-1,-1,-1,-1,-1,2,0,2,0,2,0,0,0,0,2,2,2,2,2,2,2,2
156,1825.537,3820.882,20.040,171.953,-0.990107,-0.140147,-0.006845,0.139984,-0.989946,0.020261,-0.009616,0.019102,0.999771,0,0.44952,0.90807,3.512,0.120,-1,590.251,-1,605.537,-1,487.605,493.086,486.607,478.149,-1,-1,-1,-1,-1,-1,-1,-1,2,0,2,0,2,0,0,0,0,2,2,2,2,2,2,2,2
157,1821.463,3820.694,20.089,172.100,-0.990472,-0.137581,-0.006101,0.137444,-0.990327,0.019001,-0.008656,0.017981,0.999801,0,0.44952,0.90807,4.078,0.147,-1,591.536,-1,607.903,-1,488.710,494.372,484.646,480.801,-1,-1,-1,-1,-1,-1,-1,-1,2,0,2,0,2,0,0,0,0,2,2,2,2,2,2,2,2
158,1816.889,3820.500,20.013,172.261,-0.990858,-0.134784,-0.005770,0.134661,-0.990728,0.018011,-0.008144,0.017069,0.999821,0,0.44952,0.90807,4.578,0.161,-1,591.545,-1,608.691,-1,488.783,494.554,482.675,482.834,-1,-1,-1,-1,-1,-1,-1,-1,2,0,2,0,2,0,0,0,0,2,2,2,2,2,2,2,2
159,1811.883,3820.326,19.778,172.432,-0.991259,-0.131811,-0.005697,0.131693,-0.991134,0.017610,-0.007967,0.016705,0.999829,0,0.44952,0.90807,5.009,0.172,-1,590.705,-1,607.790,-1,488.001,493.703,481.215,483.594,-1,-1,-1,-1,-1,-1,-1,-1,2,0,2,0,2,0,0,0,0,2,2,2,2,2,2,2,2
160,1806.477,3820.197,19.401,172.618,-0.991680,-0.128597,-0.005815,0.128476,-0.991552,0.017874,-0.008064,0.016978,0.999823,0,0.44952,0.90807,5.407,0.186,-1,589.269,-1,605.354,-1,486.516,491.937,480.467,482.995,-1,-1,-1,-1,-1,-1,-1,-1,2,0,2,0,2,0,0,0,0,2,2,2,2,2,2,2,2
161,1800.674,3820.014,18.908,172.835,-0.992156,-0.124857,-0.006043,0.124720,-0.992004,0.019335,-0.008409,0.018430,0.999795,0,0.44952,0.90807,5.806,0.217,-1,587.755,-1,601.102,-1,484.510,489.252,481.438,480.264,-1,-1,-1,-1,-1,-1,-1,-1,2,0,2,0,2,0,0,0,0,2,2,2,2,2,2,2,2
162,1794.478,3819.919,18.353,173.053,-0.992619,-0.121109,-0.006403,0.120952,-0.992438,0.020932,-0.008889,0.020003,0.999760,0,0.44952,0.90807,6.197,0.218,-1,585.828,-1,596.277,-1,482.139,486.164,482.453,477.217,-1,-1,-1,-1,-1,-1,-1,-1,2,0,2,0,2,0,0,0,0,2,2,2,2,2,2,2,2
163,1788.001,3819.799,17.821,173.278,-0.993076,-0.117244,-0.007335,0.117053,-0.992869,0.022559,-0.009927,0.021545,0.999719,0,0.44952,0.90807,6.478,0.225,-1,582.627,-1,590.280,-1,478.878,482.202,483.417,474.285,-1,-1,-1,-1,-1,-1,-1,-1,2,0,2,0,2,0,0,0,0,2,2,2,2,2,2,2,2
164,1781.200,3819.636,17.332,173.513,-0.993535,-0.113210,-0.008444,0.112977,-0.993300,0.024307,-0.011139,0.023196,0.999669,0,0.44952,0.90807,6.803,0.235,-1,579.211,-1,583.882,-1,475.427,478.009,484.665,471.336,-1,-1,-1,-1,-1,-1,-1,-1,2,0,2,0,2,0,0,0,0,2,2,2,2,2,2,2,2
165,1772.507,3819.427,16.787,173.808,-0.994094,-0.108131,-0.009257,0.107853,-0.993810,0.026619,-0.012078,0.025463,0.999603,0,0.44952,0.90807,8.696,0.295,-1,576.608,-1,577.197,-1,472.235,473.810,486.830,467.591,-1,-1,-1,-1,-1,-1,-1,-1,2,0,2,0,2,0,0,0,0,2,2,2,2,2,2,2,2
166,1766.387,3819.242,16.437,174.020,-0.994483,-0.104479,-0.009374,0.104176,-0.994153,0.028427,-0.012290,0.027293,0.999552,0,0.44952,0.90807,6.122,0.212,-1,576.069,-1,573.400,-1,470.828,471.660,488.920,464.737,-1,-1,-1,-1,-1,-1,-1,-1,2,0,2,0,2,0,0,0,0,2,2,2,2,2,2,2,2
167,1758.371,3818.869,16.040,174.318,-0.995014,-0.099325,-0.009035,0.099004,-0.994609,0.030837,-0.012049,0.029789,0.999484,0,0.44952,0.90807,8.025,0.298,-1,576.776,-1,569.585,-1,469.955,469.756,492.069,461.116,-1,-1,-1,-1,-1,-1,-1,-1,2,0,2,0,2,0,0,0,0,2,2,2,2,2,2,2,2
168,1749.907,3818.342,15.711,174.645,-0.995574,-0.093628,-0.008089,0.093317,-0.995097,0.032781,-0.011118,0.031881,0.999430,0,0.44952,0.90807,8.480,0.327,-1,578.941,-1,567.548,-1,470.223,469.079,494.724,458.325,-1,-1,-1,-1,-1,-1,-1,-1,2,0,2,0,2,0,0,0,0,2,2,2,2,2,2,2,2
169,1740.971,3817.745,15.446,174.978,-0.996116,-0.087806,-0.006498,0.087538,-0.995583,0.033929,-0.009449,0.033229,0.999403,0,0.44952,0.90807,8.956,0.333,-1,582.471,-1,567.643,-1,471.670,469.775,496.240,457.012,-1,-1,-1,-1,-1,-1,-1,-1,2,0,2,0,2,0,0,0,0,2,2,2,2,2,2,2,2
170,1731.703,3817.135,15.351,175.291,-0.996594,-0.082314,-0.005022,0.082097,-0.996044,0.034013,-0.007802,0.033484,0.999409,0,0.44952,0.90807,9.288,0.313,-1,585.742,-1,568.848,-1,473.383,470.964,496.162,457.838,-1,-1,-1,-1,-1,-1,-1,-1,2,0,2,0,2,0,0,0,0,2,2,2,2,2,2,2,2
171,1722.068,3816.515,15.416,175.594,-0.997025,-0.076995,-0.003716,0.076828,-0.996476,0.033649,-0.006294,0.033264,0.999427,0,0.44952,0.90807,9.655,0.303,-1,588.901,-1,570.469,-1,475.296,472.374,495.589,459.810,-1,-1,-1,-1,-1,-1,-1,-1,2,0,2,0,2,0,0,0,0,2,2,2,2,2,2,2,2
172,1712.029,3816.181,15.563,175.818,-0.997325,-0.073047,-0.002433,0.072929,-0.996800,0.032717,-0.004815,0.032452,0.999462,0,0.44952,0.90807,10.045,0.224,-1,592.030,-1,572.867,-1,477.298,474.303,494.146,462.837,-1,-1,-1,-1,-1,-1,-1,-1,2,0,2,0,2,0,0,0,0,2,2,2,2,2,2,2,2
173,1701.676,3815.990,15.717,176.013,-0.997572,-0.069622,-0.001515,0.069538,-0.997066,0.032006,-0.003739,0.031823,0.999487,0,0.44952,0.90807,10.356,0.195,-1,594.178,-1,574.444,-1,478.685,475.571,493.011,465.727,-1,-1,-1,-1,-1,-1,-1,-1,2,0,2,0,2,0,0,0,0,2,2,2,2,2,2,2,2
174,1691.101,3815.800,15.913,176.211,-0.997808,-0.066162,-0.001493,0.066081,-0.997310,0.031703,-0.003587,0.031535,0.999496,0,0.44952,0.90807,10.576,0.198,-1,594.445,-1,573.839,-1,478.645,475.299,492.516,468.118,-1,-1,-1,-1,-1,-1,-1,-1,2,0,2,0,2,0,0,0,0,2,2,2,2,2,2,2,2
175,1680.212,3815.640,16.075,176.407,-0.998028,-0.062753,-0.001637,0.062669,-0.997521,0.031995,-0.003641,0.031829,0.999487,0,0.44952,0.90807,10.890,0.196,-1,594.551,-1,572.264,-1,478.265,474.354,492.976,469.490,-1,-1,-1,-1,-1,-1,-1,-1,2,0,2,0,2,0,0,0,0,2,2,2,2,2,2,2,2
176,1668.959,3815.566,16.125,176.590,-0.998224,-0.059551,-0.001408,0.059473,-0.997692,0.032770,-0.003356,0.032629,0.999462,0,0.44952,0.90807,11.253,0.183,-1,595.540,-1,570.717,-1,478.288,473.608,494.106,469.808,-1,-1,-1,-1,-1,-1,-1,-1,2,0,2,0,2,0,0,0,0,2,2,2,2,2,2,2,2
177,1657.353,3815.547,16.026,176.767,-0.998405,-0.056455,-0.000839,0.056394,-0.997827,0.034078,-0.002762,0.033977,0.999419,0,0.44952,0.90807,11.607,0.177,-1,597.277,-1,569.019,-1,478.444,472.927,495.890,468.753,-1,-1,-1,-1,-1,-1,-1,-1,2,0,2,0,2,0,0,0,0,2,2,2,2,2,2,2,2
178,1645.435,3815.513,15.736,176.954,-0.998585,-0.053185,-0.000461,0.053134,-0.997941,0.035931,-0.002371,0.035856,0.999354,0,0.44952,0.90807,11.918,0.187,-1,598.367,-1,565.959,-1,477.818,471.383,498.137,466.410,-1,-1,-1,-1,-1,-1,-1,-1,2,0,2,0,2,0,0,0,0,2,2,2,2,2,2,2,2
179,1633.167,3815.449,15.326,177.148,-0.998760,-0.049792,-0.000045,0.049755,-0.998051,0.037658,-0.001920,0.037609,0.999291,0,0.51904,1.00000,12.268,0.194,-1,599.159,-1,562.751,-1,476.982,469.663,499.837,464.052,-1,-1,-1,-1,-1,-1,-1,-1,2,0,2,0,2,0,0,0,0,2,2,2,2,2,2,2,2
180,1620.535,3815.638,14.978,177.254,-0.998850,-0.047934,0.000256,0.047910,-0.998153,0.037358,-0.001535,0.037327,0.999302,0,0.51904,1.00000,12.633,0.106,-1,598.392,-1,561.101,-1,475.892,468.307,497.901,465.003,-1,-1,-1,-1,-1,-1,-1,-1,2,0,2,0,2,0,0,0,0,2,2,2,2,2,2,2,2
181,1607.547,3816.198,14.761,177.255,-0.998852,-0.047896,0.000864,0.047896,-0.998206,0.035917,-0.000858,0.035917,0.999354,0,0.51904,1.00000,13.000,0.001,-1,597.939,-1,561.398,-1,475.668,467.941,494.275,468.123,-1,-1,-1,-1,-1,-1,-1,-1,2,0,2,0,2,0,0,0,0,2,2,2,2,2,2,2,2
182,1594.250,3817.077,14.737,177.196,-0.998802,-0.048898,0.001648,0.048925,-0.998191,0.034932,-0.000063,0.034971,0.999388,0,0.51904,1.00000,13.326,-0.059,-1,598.805,-1,562.269,-1,476.171,468.462,492.093,470.998,-1,-1,-1,-1,-1,-1,-1,-1,2,0,2,0,2,0,0,0,0,2,2,2,2,2,2,2,2
183,1580.666,3818.215,14.889,177.089,-0.998710,-0.050741,0.001936,0.050778,-0.998126,0.034161,0.000199,0.034216,0.999414,0,0.51904,1.00000,13.631,-0.106,-1,599.026,-1,562.426,-1,476.208,468.474,490.706,473.890,-1,-1,-1,-1,-1,-1,-1,-1,2,0,2,0,2,0,0,0,0,2,2,2,2,2,2,2,2
184,1566.694,3819.502,15.134,176.979,-0.998610,-0.052647,0.002408,0.052698,-0.998015,0.034488,0.000587,0.034567,0.999402,0,0.51904,1.00000,14.031,-0.110,-1,600.430,-1,562.586,-1,476.847,468.698,491.636,475.227,-1,-1,-1,-1,-1,-1,-1,-1,2,0,2,0,2,0,0,0,0,2,2,2,2,2,2,2,2
185,1552.328,3820.988,15.377,176.853,-0.998491,-0.054820,0.003280,0.054902,-0.997863,0.035416,0.001331,0.035542,0.999367,0,0.51904,1.00000,14.443,-0.126,-1,603.167,-1,563.172,-1,478.191,469.033,493.780,475.428,-1,-1,-1,-1,-1,-1,-1,-1,2,0,2,0,2,0,0,0,0,2,2,2,2,2,2,2,2
186,1537.585,3822.577,15.544,176.725,-0.998364,-0.057008,0.004311,0.057129,-0.997689,0.036792,0.002204,0.036978,0.999314,0,0.51904,1.00000,14.829,-0.128,-1,606.374,-1,563.668,-1,479.237,469.304,496.614,474.527,-1,-1,-1,-1,-1,-1,-1,-1,2,0,2,0,2,0,0,0,0,2,2,2,2,2,2,2,2
187,1522.512,3824.305,15.611,176.578,-0.998212,-0.059542,0.005166,0.059695,-0.997495,0.037950,0.002893,0.038190,0.999266,0,0.51904,1.00000,15.171,-0.147,-1,608.658,-1,563.669,-1,479.690,469.072,498.761,473.737,-1,-1,-1,-1,-1,-1,-1,-1,2,0,2,0,2,0,0,0,0,2,2,2,2,2,2,2,2
188,1507.141,3826.149,15.637,176.399,-0.998019,-0.062640,0.005814,0.062816,-0.997302,0.037996,0.003418,0.038286,0.999261,0,0.51904,1.00000,15.481,-0.179,-1,609.515,-1,564.035,-1,479.691,468.640,498.990,474.660,-1,-1,-1,-1,-1,-1,-1,-1,2,0,2,0,2,0,0,0,0,2,2,2,2,2,2,2,2
189,1491.502,3827.936,15.754,176.239,-0.997839,-0.065403,0.006339,0.065597,-0.997123,0.037982,0.003836,0.038316,0.999258,0,0.51904,1.00000,15.740,-0.160,-1,610.289,-1,564.379,-1,479.980,468.228,499.321,476.213,-1,-1,-1,-1,-1,-1,-1,-1,2,0,2,0,2,0,0,0,0,2,2,2,2,2,2,2,2
190,1475.979,3829.548,16.515,176.062,-0.997613,-0.068379,0.009593,0.068674,-0.997035,0.034708,0.007192,0.035284,0.999351,0,0.51904,1.00000,15.607,-0.177,-1,617.869,-1,575.612,-1,486.354,475.286,495.906,484.803,-1,-1,-1,-1,-1,-1,-1,-1,2,0,2,0,2,0,0,0,0,2,2,2,2,2,2,2,2
191,1460.499,3830.812,18.161,175.907,-0.997346,-0.070940,0.016371,0.071371,-0.997071,0.027498,0.014372,0.028593,0.999488,0,0.51904,1.00000,15.532,-0.155,-1,635.164,-1,601.916,-1,500.826,491.416,488.519,502.588,-1,-1,-1,-1,-1,-1,-1,-1,2,0,2,0,2,0,0,0,0,2,2,2,2,2,2,2,2
192,1444.858,3831.841,20.361,175.784,-0.997001,-0.073029,0.025618,0.073498,-0.997136,0.017840,0.024241,0.019669,0.999513,0,0.51904,1.00000,15.674,-0.123,-1,660.023,-1,641.041,-1,521.515,514.617,479.114,526.726,-1,-1,-1,-1,-1,-1,-1,-1,2,0,2,0,2,0,0,0,0,2,2,2,2,2,2,2,2
193,1429.122,3832.794,22.808,175.688,-0.996595,-0.074800,0.034692,0.075153,-0.997132,0.008989,0.033921,0.011565,0.999358,0,0.51904,1.00000,15.765,-0.096,-1,686.793,-1,682.256,-1,544.059,539.255,472.125,551.448,-1,-1,902.442,-1,-1,-1,-1,-1,2,0,2,0,2,0,0,0,0,2,2,0,2,2,2,2,2
194,1413.335,3833.577,25.344,175.713,-0.996321,-0.074390,0.042543,0.074694,-0.997191,0.005591,0.042007,0.008748,0.999079,0,0.51904,1.00000,15.807,0.025,-1,715.142,-1,716.961,-1,565.597,561.576,474.422,566.128,-1,911.844,849.579,-1,-1,-1,-1,-1,2,0,2,0,2,0,0,0,0,2,0,0,2,2,2,2,2
195,1397.536,3834.523,27.864,175.817,-0.996083,-0.072276,0.050934,0.072851,-0.997297,0.009511,0.050109,0.013185,0.998657,0,0.51904,1.00000,15.827,0.104,-1,752.175,-1,746.112,-1,589.334,583.394,489.431,566.167,-1,860.440,808.992,-1,-1,-1,-1,-1,2,0,2,0,2,0,0,0,0,2,0,0,2,2,2,2,2
196,1381.780,3835.693,30.013,175.973,-0.995913,-0.068893,0.058405,0.070121,-0.997353,0.019239,0.056925,0.023256,0.998108,0,0.51904,1.00000,15.800,0.156,-1,792.048,-1,763.665,-1,611.423,601.233,514.084,554.156,-1,831.176,780.752,-1,-1,-1,-1,-1,2,0,2,0,2,0,0,0,0,2,0,0,2,2,2,2,2
197,1366.334,3837.914,31.551,175.899,-0.995599,-0.069558,0.062804,0.071391,-0.997072,0.027417,0.060713,0.031780,0.997649,0,0.51904,1.00000,15.605,-0.074,-1,819.457,-1,772.216,-1,625.231,611.604,535.225,543.379,-1,826.639,770.900,-1,-1,-1,-1,-1,2,0,2,0,2,0,0,0,0,2,0,0,2,2,2,2,2
198,1351.012,3840.495,32.304,175.727,-0.995333,-0.072038,0.064215,0.074373,-0.996625,0.034733,0.061496,0.039347,0.997331,0,0.51904,1.00000,15.537,-0.172,-1,833.176,-1,769.273,-1,629.873,613.361,552.927,532.333,-1,839.450,777.494,-1,-1,-1,-1,-1,2,0,2,0,2,0,0,0,0,2,0,0,2,2,2,2,2
199,1335.627,3843.041,32.174,175.563,-0.995197,-0.074500,0.063509,0.077216,-0.996153,0.041425,0.060179,0.046129,0.997121,0,0.51904,1.00000,15.595,-0.163,-1,835.248,-1,757.040,-1,627.109,608.159,566.965,520.669,-1,862.132,793.570,-1,-1,-1,-1,-1,2,0,2,0,2,0,0,0,0,2,0,0,2,2,2,2,2
200,1320.169,3845.545,31.152,175.394,-0.995157,-0.077284,0.060750,0.080172,-0.995689,0.046636,0.056884,0.051281,0.997063,0,0.51904,1.00000,15.659,-0.169,-1,824.842,-1,737.338,-1,617.119,596.482,575.236,509.771,-1,895.011,819.429,-1,-1,-1,-1,-1,2,0,2,0,2,0,0,0,0,2,0,0,2,2,2,2,2
201,1304.759,3847.221,29.274,175.412,-0.995504,-0.076936,0.055247,0.079894,-0.995367,0.053485,0.050876,0.057658,0.997039,0,0.51904,1.00000,15.501,0.018,-1,803.331,-1,704.740,-1,599.312,576.499,583.507,494.243,-1,949.642,860.757,-1,-1,-1,-1,-1,2,0,2,0,2,0,0,0,0,2,0,0,2,2,2,2,2
202,1286.364,3848.557,25.976,175.550,-0.996196,-0.074893,0.044549,0.077526,-0.995145,0.060636,0.039792,0.063859,0.997165,0,0.53909,1.00000,18.444,0.139,-1,759.938,-1,654.624,-1,567.515,542.830,586.844,474.934,-1,-1,940.856,-1,-1,-1,-1,-1,2,0,2,0,2,0,0,0,0,2,2,0,2,2,2,2,2
203,1274.427,3848.358,23.347,175.886,-0.997002,-0.069588,0.033846,0.071719,-0.995207,0.066479,0.029058,0.068707,0.997214,0,0.53909,1.00000,11.938,0.335,-1,721.060,-1,612.750,-1,539.687,513.533,588.826,459.898,-1,-1,-1,-1,-1,-1,-1,-1,2,0,2,0,2,0,0,0,0,2,2,2,2,2,2,2,2
204,1259.712,3846.790,20.392,176.502,-0.998003,-0.059701,0.020649,0.060998,-0.995732,0.069260,0.016426,0.070381,0.997385,0,0.53909,1.00000,14.799,0.617,-1,674.711,-1,569.606,-1,508.191,482.050,581.957,449.533,-1,-1,-1,-1,-1,-1,-1,-1,2,0,2,0,2,0,0,0,0,2,2,2,2,2,2,2,2
205,1244.993,3843.960,18.065,177.211,-0.998779,-0.048007,0.011650,0.048654,-0.996781,0.063725,0.008553,0.064214,0.997900,0,0.53909,1.00000,14.988,0.709,-1,639.348,-1,546.621,-1,486.809,463.149,559.586,453.961,-1,-1,-1,-1,-1,-1,-1,-1,2,0,2,0,2,0,0,0,0,2,2,2,2,2,2,2,2
206,1230.403,3839.742,16.427,178.003,-0.999370,-0.034451,0.008577,0.034851,-0.998041,0.051965,0.006770,0.052231,0.998612,0,0.53909,1.00000,15.187,0.792,-1,618.913,-1,543.428,-1,477.265,457.739,528.288,470.868,-1,-1,-1,-1,-1,-1,-1,-1,2,0,2,0,2,0,0,0,0,2,2,2,2,2,2,2,2
207,1215.797,3834.931,15.728,178.792,-0.999719,-0.020639,0.011662,0.021073,-0.999039,0.038422,0.010858,0.038657,0.999194,0,0.53909,1.00000,15.378,0.790,-1,615.701,-1,557.504,-1,480.012,464.943,499.077,493.680,-1,-1,-1,-1,-1,-1,-1,-1,2,0,2,0,2,0,0,0,0,2,2,2,2,2,2,2,2
208,1201.177,3829.864,15.843,179.614,-0.999821,-0.006234,0.017853,0.006733,-0.999584,0.028048,0.017671,0.028163,0.999447,0,0.53909,1.00000,15.473,0.822,-1,624.685,-1,579.145,-1,490.276,478.565,479.771,516.473,-1,-1,-1,-1,-1,-1,-1,-1,2,0,2,0,2,0,0,0,0,2,2,2,2,2,2,2,2
209,1186.393,3825.187,16.641,-179.573,-0.999664,0.007990,0.024643,-0.007456,-0.999737,0.021685,0.024810,0.021494,0.999461,0,0.53909,1.00000,15.506,0.813,-1,640.085,-1,602.185,-1,503.825,494.179,469.911,533.863,-1,-1,-1,-1,-1,-1,-1,-1,2,0,2,0,2,0,0,0,0,2,2,2,2,2,2,2,2
210,1168.675,3819.834,18.269,-178.523,-0.999221,0.026404,0.029335,-0.025760,-0.999423,0.022146,0.029903,0.021373,0.999324,0,0.53909,1.00000,18.510,1.049,-1,658.546,-1,618.421,-1,517.057,507.174,473.396,540.403,-1,-1,-1,-1,-1,-1,-1,-1,2,0,2,0,2,0,0,0,0,2,2,2,2,2,2,2,2
211,1156.937,3816.238,19.511,-177.800,-0.998784,0.039136,0.029978,-0.038363,-0.998927,0.025940,0.030961,0.024759,0.999214,0,0.53909,1.00000,12.276,0.723,-1,667.772,-1,621.054,-1,522.524,511.261,482.006,537.922,-1,-1,-1,-1,-1,-1,-1,-1,2,0,2,0,2,0,0,0,0,2,2,2,2,2,2,2,2
212,1142.607,3811.479,21.096,-176.824,-0.998005,0.056296,0.028567,-0.055372,-0.997947,0.032172,0.030319,0.030526,0.999074,0,0.53909,1.00000,15.099,0.976,-1,675.321,-1,618.056,-1,525.948,512.500,495.627,530.171,-1,-1,-1,-1,-1,-1,-1,-1,2,0,2,0,2,0,0,0,0,2,2,2,2,2,2,2,2
213,1128.535,3806.110,22.549,-175.730,-0.996795,0.075496,0.026451,-0.074425,-0.996449,0.039380,0.029331,0.037286,0.998874,0,0.53909,1.00000,15.061,1.094,-1,682.316,-1,612.995,-1,528.622,512.632,511.122,519.879,-1,-1,-1,-1,-1,-1,-1,-1,2,0,2,0,2,0,0,0,0,2,2,2,2,2,2,2,2
214,1114.421,3800.200,23.774,-174.577,-0.995077,0.095705,0.025736,-0.094462,-0.994475,0.045790,0.029976,0.043133,0.998619,0,0.53909,1.00000,15.302,1.153,-1,692.565,-1,612.182,-1,533.821,515.561,524.920,511.325,-1,-1,-1,-1,-1,-1,-1,-1,2,0,2,0,2,0,0,0,0,2,2,2,2,2,2,2,2
215,1100.306,3793.639,24.782,-173.378,-0.992807,0.116709,0.026702,-0.115255,-0.992041,0.050712,0.032408,0.047270,0.998356,0,0.53909,1.00000,15.565,1.199,-1,705.615,-1,617.091,-1,541.716,521.796,535.197,505.830,-1,-1,-1,-1,-1,1006.653,-1,-1,2,0,2,0,2,0,0,0,0,2,2,2,2,2,1,2,2
216,1086.328,3786.445,25.718,-172.164,-0.990019,0.137912,0.029028,-0.136245,-0.989247,0.053172,0.036049,0.048686,0.998163,0,0.53909,1.00000,15.720,1.214,-1,719.440,-1,627.527,-1,551.396,530.880,539.939,504.311,-1,-1,-1,-1,-1,986.932,-1,-1,2,0,2,0,2,0,0,0,0,2,2,2,2,2,1,2,2
217,1072.470,3778.706,26.611,-170.941,-0.986742,0.159137,0.031865,-0.157323,-0.986120,0.053082,0.039870,0.047365,0.998082,0,0.53909,1.00000,15.873,1.223,-1,732.069,-1,641.454,-1,561.034,540.904,538.940,508.146,-1,-1,-1,-1,-1,-1,-1,-1,2,0,2,0,2,0,0,0,0,2,2,2,2,2,2,2,2
218,1058.890,3770.266,27.409,-169.663,-0.982862,0.181151,0.034142,-0.179273,-0.982435,0.051794,0.042925,0.044786,0.998074,0,0.53909,1.00000,15.989,1.278,-1,740.632,-1,654.484,-1,568.756,549.550,534.987,514.517,-1,-1,-1,-1,-1,-1,-1,-1,2,0,2,0,2,0,0,0,0,2,2,2,2,2,2,2,2
219,1045.440,3761.339,27.993,-168.358,-0.978453,0.203434,0.035272,-0.201600,-0.978216,0.049502,0.044574,0.041324,0.998151,0,0.53909,1.00000,16.143,1.305,-1,743.060,-1,663.975,-1,572.839,554.994,528.555,522.411,-1,-1,-1,-1,-1,-1,-1,-1,2,0,2,0,2,0,0,0,0,2,2,2,2,2,2,2,2
220,1031.908,3752.196,28.289,-167.103,-0.973797,0.224671,0.035246,-0.222982,-0.973726,0.046219,0.044704,0.037149,0.998309,0,0.53909,1.00000,16.332,1.255,-1,737.763,-1,669.214,-1,572.283,556.664,519.896,529.338,-1,-1,-1,-1,-1,-1,-1,-1,2,0,2,0,2,0,0,0,0,2,2,2,2,2,2,2,2
221,1018.537,3742.620,28.325,-165.784,-0.968503,0.246834,0.032787,-0.245357,-0.968464,0.043322,0.042446,0.033913,0.998523,0,0.53909,1.00000,16.446,1.319,-1,724.416,-1,666.066,989.325,566.192,552.403,512.246,532.924,-1,-1,-1,-1,-1,-1,-1,-1,2,0,2,0,1,0,0,0,0,2,2,2,2,2,2,2,2
222,1005.170,3732.803,28.156,-164.501,-0.962925,0.268231,0.028758,-0.267026,-0.962867,0.039790,0.038363,0.030636,0.998794,0,0.53395,0.68538,16.584,1.283,-1,704.789,-1,657.589,961.549,555.696,543.891,503.895,535.472,-1,-1,-1,-1,-1,-1,-1,-1,2,0,2,0,1,0,0,0,0,2,2,2,2,2,2,2,2
223,991.739,3723.034,27.771,-163.332,-0.957454,0.287575,0.024113,-0.286665,-0.957381,0.035273,0.033229,0.026860,0.999087,0,0.53905,0.68538,16.609,1.169,-1,682.148,-1,646.074,930.014,542.527,532.976,494.080,537.610,-1,-1,-1,-1,-1,-1,-1,-1,2,0,2,0,1,0,0,0,0,2,2,2,2,2,2,2,2
224,978.234,3713.294,27.266,-162.269,-0.952114,0.305071,0.020282,-0.304429,-0.952075,0.029591,0.028338,0.021999,0.999356,0,0.54437,0.68538,16.651,1.063,-1,659.651,-1,636.014,906.708,529.641,522.680,482.210,541.567,-1,-1,-1,-1,-1,-1,-1,-1,2,0,2,0,1,0,0,0,0,2,2,2,2,2,2,2,2
225,964.672,3703.779,27.020,-161.397,-0.947432,0.319367,0.019411,-0.318907,-0.947496,0.023453,0.025882,0.016030,0.999536,0,0.54916,0.68538,16.567,0.872,-1,645.127,-1,635.127,-1,522.014,518.059,469.577,550.354,-1,-1,-1,-1,-1,-1,-1,-1,2,0,2,0,2,0,0,0,0,2,2,2,2,2,2,2,2
226,950.769,3694.392,27.132,-160.569,-0.942726,0.332939,0.020483,-0.332567,-0.942877,0.019569,0.025828,0.011637,0.999599,0,0.55303,0.68538,16.775,0.828,-1,640.194,-1,641.158,-1,520.274,518.407,461.132,556.867,-1,-1,-1,-1,-1,-1,-1,-1,2,0,2,0,2,0,0,0,0,2,2,2,2,2,2,2,2
227,936.529,3684.913,27.600,-159.729,-0.937716,0.346718,0.021822,-0.346341,-0.937910,0.019287,0.027154,0.010528,0.999576,0,0.55668,0.68538,17.106,0.840,-1,643.091,-1,649.537,-1,522.650,522.064,459.400,555.955,-1,-1,-1,-1,-1,-1,-1,-1,2,0,2,0,2,0,0,0,0,2,2,2,2,2,2,2,2
228,921.872,3675.473,28.401,-158.928,-0.932737,0.359827,0.022922,-0.359392,-0.932950,0.021039,0.028956,0.011386,0.999516,0,0.56038,0.68538,17.434,0.801,859.259,650.192,-1,658.842,-1,527.155,527.267,461.901,550.502,-1,-1,-1,-1,-1,-1,-1,-1,1,0,2,0,2,0,0,0,0,2,2,2,2,2,2,2,2
229,906.847,3666.091,29.451,-158.201,-0.928063,0.371697,0.023250,-0.371175,-0.928255,0.023897,0.030465,0.013548,0.999444,0,0.56388,0.68538,17.714,0.727,833.440,658.782,-1,666.970,-1,531.995,532.319,467.247,542.675,-1,-1,-1,-1,-1,-1,-1,-1,1,0,2,0,2,0,0,0,0,2,2,2,2,2,2,2,2
230,891.560,3656.684,30.632,-157.519,-0.923560,0.382795,0.022494,-0.382193,-0.923690,0.026919,0.031082,0.016265,0.999384,0,0.56701,0.68538,17.950,0.682,809.386,666.961,-1,674.186,-1,535.682,535.805,473.855,533.985,-1,-1,-1,-1,-1,-1,-1,-1,1,0,2,0,2,0,0,0,0,2,2,2,2,2,2,2,2
231,876.086,3647.160,31.804,-156.866,-0.919165,0.393331,0.020641,-0.392694,-0.919207,0.029164,0.030445,0.018701,0.999362,0,0.56992,0.68538,18.170,0.653,787.250,671.077,-1,678.110,-1,537.359,536.719,479.880,526.623,-1,-1,-1,-1,-1,-1,-1,-1,1,0,2,0,2,0,0,0,0,2,2,2,2,2,2,2,2
232,857.426,3635.336,33.096,-156.079,-0.913731,0.405939,0.017571,-0.405317,-0.913661,0.030692,0.028513,0.020922,0.999374,0,0.57268,0.68538,22.091,0.788,761.958,671.205,-1,678.927,-1,536.455,535.108,485.482,518.994,-1,-1,-1,-1,-1,-1,-1,-1,1,0,2,0,2,0,0,0,0,2,2,2,2,2,2,2,2
233,844.842,3627.210,33.789,-155.578,-0.910184,0.413889,0.016143,-0.413294,-0.910077,0.030772,0.027428,0.021336,0.999396,0,0.57601,0.68538,14.980,0.500,745.923,670.378,-1,680.720,-1,535.666,534.233,486.849,516.075,-1,-1,-1,-1,-1,-1,-1,-1,1,0,2,0,2,0,0,0,0,2,2,2,2,2,2,2,2
234,828.839,3616.891,34.455,-155.004,-0.906019,0.422954,0.015463,-0.422399,-0.905921,0.029779,0.026603,0.020448,0.999437,0,0.57810,0.68538,19.041,0.574,727.071,669.117,-1,685.596,-1,535.073,534.000,485.458,515.356,-1,-1,-1,-1,-1,-1,-1,-1,1,0,2,0,2,0,0,0,0,2,2,2,2,2,2,2,2
235,812.567,3606.333,34.870,-154.463,-0.902002,0.431457,0.015395,-0.430939,-0.901934,0.028406,0.026142,0.018988,0.999478,0,0.58046,0.68538,19.397,0.541,708.873,667.690,-1,691.505,-1,534.524,534.891,482.366,515.195,-1,-1,-1,-1,-1,-1,-1,-1,1,0,2,0,2,0,0,0,0,2,2,2,2,2,2,2,2
