timestep,x_cm,y_cm,z_cm,yaw_deg,basis_xx,basis_xy,basis_xz,basis_yx,basis_yy,basis_yz,basis_zx,basis_zy,basis_zz,teleport_flag,throttle_cmd,steering_cmd,cmd_move_cm,cmd_turn_deg,lidar_cm_0,lidar_cm_1,lidar_cm_2,lidar_cm_3,lidar_cm_4,lidar_cm_5,lidar_cm_6,lidar_cm_7,lidar_cm_8,lidar_cm_9,lidar_cm_10,lidar_cm_11,lidar_cm_12,lidar_cm_13,lidar_cm_14,lidar_cm_15,lidar_cm_16,lidar_class_0,lidar_class_1,lidar_class_2,lidar_class_3,lidar_class_4,lidar_class_5,lidar_class_6,lidar_class_7,lidar_class_8,lidar_class_9,lidar_class_10,lidar_class_11,lidar_class_12,lidar_class_13,lidar_class_14,lidar_class_15,lidar_class_16
0,-4918.600,-1635.113,192.178,79.285,0.185103,-0.982334,0.027505,0.982136,0.185885,0.029240,-0.033836,0.021601,0.999194,1,0.08000,-0.12000,4.800,-0.240,675.000,375.000,-1,375.000,-1,300.000,300.000,325.000,325.000,-1,400.000,375.000,-1,650.000,725.000,775.000,-1,1,1,2,0,2,0,0,0,0,2,1,1,2,1,0,1,2
1,-4916.736,-1625.695,191.867,78.805,0.193336,-0.980750,0.027410,0.980549,0.194109,0.029088,-0.033848,0.021253,0.999201,0,0.16000,-0.24000,9.600,-0.480,675.000,375.000,-1,375.000,-1,300.000,300.000,325.000,325.000,-1,400.000,375.000,-1,650.000,725.000,775.000,-1,1,1,2,0,2,0,0,0,0,2,1,1,2,1,0,1,2
2,-4913.763,-1611.606,191.400,78.085,0.205659,-0.978243,0.027277,0.978038,0.206420,0.028848,-0.033851,0.020745,0.999212,0,0.24000,-0.36000,14.400,-0.720,675.000,375.000,-1,375.000,-1,300.000,300.000,325.000,325.000,-1,425.000,400.000,-1,650.000,725.000,775.000,-1,1,1,2,0,2,0,0,0,0,2,1,1,2,1,0,1,2
3,-4909.484,-1592.888,190.773,77.125,0.222039,-0.974661,0.027120,0.974451,0.222784,0.028506,-0.033826,0.020098,0.999226,0,0.32000,-0.48000,19.200,-0.960,650.000,375.000,-1,375.000,-1,300.000,300.000,325.000,325.000,-1,450.000,425.000,-1,675.000,725.000,800.000,-1,1,1,2,0,2,0,0,0,0,2,1,1,2,1,0,1,2
4,-4903.647,-1569.609,189.988,75.925,0.242425,-0.969796,0.026953,0.969583,0.243151,0.028041,-0.033748,0.019335,0.999243,0,0.40000,-0.60000,24.000,-1.200,650.000,375.000,-1,375.000,-1,300.000,300.000,325.000,325.000,-1,475.000,450.000,-1,675.000,725.000,825.000,-1,1,1,2,0,2,0,0,0,0,2,1,1,2,1,0,1,2
5,-4896.997,-1545.653,189.178,74.485,0.266743,-0.963395,0.026816,0.963179,0.267449,0.027509,-0.033674,0.018491,0.999262,0,0.41437,-0.72000,24.862,-1.440,625.000,375.000,-1,375.000,-1,300.000,300.000,325.000,325.000,-1,500.000,475.000,-1,725.000,725.000,900.000,-1,1,0,2,0,2,0,0,0,0,2,1,1,2,1,0,1,2
6,-4888.228,-1517.317,188.210,72.805,0.294900,-0.955155,0.026699,0.954941,0.295583,0.026802,-0.033492,0.017592,0.999284,0,0.49437,-0.84000,29.662,-1.680,625.000,375.000,-1,375.000,-1,300.000,300.000,325.000,325.000,-1,550.000,500.000,-1,725.000,725.000,-1,-1,1,0,2,0,2,0,0,0,0,2,1,1,2,0,0,2,2
7,-4876.951,-1484.752,187.085,70.899,0.326525,-0.944814,0.026617,0.944607,0.327183,0.025880,-0.033160,0.016692,0.999311,0,0.57437,-0.95269,34.462,-1.905,650.000,375.000,-1,375.000,-1,300.000,325.000,325.000,325.000,-1,575.000,550.000,-1,750.000,725.000,-1,-1,1,0,2,0,2,0,0,0,0,2,1,1,2,0,0,2,2
8,-4863.921,-1450.760,185.899,69.028,0.357236,-0.933636,0.026582,0.933443,0.357868,0.024796,-0.032663,0.015955,0.999339,0,0.60674,-0.93573,36.404,-1.871,700.000,375.000,-1,400.000,-1,325.000,325.000,325.000,325.000,-1,625.000,575.000,-1,750.000,750.000,-1,-1,1,0,2,0,2,0,0,0,0,2,1,1,2,0,0,2,2
9,-4849.727,-1417.007,184.748,67.192,0.386982,-0.921699,0.026753,0.921526,0.387596,0.023634,-0.032153,0.015507,0.999363,0,0.61027,-0.91789,36.616,-1.836,775.000,375.000,-1,400.000,-1,325.000,325.000,325.000,325.000,-1,675.000,625.000,-1,750.000,750.000,-1,-1,1,0,2,0,2,0,0,0,0,2,1,1,2,0,0,2,2
10,-4834.409,-1383.562,183.641,65.392,0.415755,-0.909074,0.027082,0.908931,0.416352,0.022258,-0.031510,0.015362,0.999385,0,0.61309,-0.89986,36.785,-1.800,-1,400.000,-1,400.000,-1,325.000,325.000,325.000,325.000,-1,725.000,675.000,-1,750.000,750.000,-1,-1,2,0,2,0,2,0,0,0,0,2,1,1,2,0,0,2,2
11,-4818.014,-1350.492,182.442,63.629,0.443550,-0.895836,0.027210,0.895709,0.444133,0.021240,-0.031112,0.014951,0.999404,0,0.61519,-0.88171,36.912,-1.763,-1,400.000,-1,400.000,-1,325.000,325.000,325.000,325.000,-1,775.000,675.000,-1,775.000,775.000,-1,-1,2,0,2,0,2,0,0,0,0,2,0,0,2,0,0,2,2
12,-4800.590,-1317.856,181.037,61.902,0.470369,-0.882059,0.026930,0.881913,0.470937,0.021173,-0.031358,0.013791,0.999413,0,0.61659,-0.86351,36.995,-1.727,-1,400.000,-1,400.000,-1,325.000,325.000,325.000,325.000,-1,800.000,700.000,-1,775.000,775.000,-1,-1,2,0,2,0,2,0,0,0,0,2,0,0,2,0,0,2,2
13,-4782.189,-1285.712,179.646,60.211,0.496206,-0.867793,0.026746,0.867631,0.496763,0.021051,-0.031554,0.012760,0.999421,0,0.61731,-0.84533,37.039,-1.691,-1,400.000,-1,400.000,-1,325.000,325.000,325.000,325.000,-1,825.000,725.000,-1,775.000,775.000,-1,-1,2,0,2,0,2,0,0,1,0,2,0,0,2,0,0,2,2
14,-4762.864,-1254.108,178.272,58.557,0.521070,-0.853097,0.026655,0.852925,0.521617,0.020869,-0.031707,0.011861,0.999427,0,0.61739,-0.82726,37.044,-1.655,-1,400.000,-1,400.000,-1,325.000,325.000,300.000,325.000,-1,875.000,775.000,-1,750.000,775.000,-1,-1,2,0,2,0,2,0,0,1,0,2,0,0,2,0,0,2,2
15,-4742.665,-1223.092,176.947,56.926,0.545151,-0.837915,0.026612,0.837730,0.545690,0.020751,-0.031910,0.010981,0.999430,0,0.61689,-0.81541,37.014,-1.631,-1,400.000,-1,400.000,-1,325.000,325.000,300.000,325.000,-1,925.000,800.000,-1,750.000,775.000,-1,-1,2,0,2,0,2,0,0,1,0,2,0,0,2,0,0,2,2
16,-4721.637,-1192.706,175.675,55.315,0.568496,-0.822255,0.026624,0.822057,0.569029,0.020700,-0.032171,0.010119,0.999431,0,0.61586,-0.80526,36.952,-1.611,-1,400.000,-1,400.000,-1,325.000,325.000,275.000,325.000,-1,1000.000,875.000,-1,750.000,775.000,-1,-1,2,0,2,0,2,0,0,1,0,2,0,0,2,0,0,2,2
17,-4699.827,-1162.989,174.430,53.724,0.591115,-0.806144,0.026733,0.805936,0.591645,0.020584,-0.032410,0.009377,0.999431,0,0.61437,-0.79554,36.862,-1.591,-1,375.000,-1,400.000,-1,325.000,325.000,275.000,325.000,-1,-1,925.000,-1,750.000,775.000,-1,-1,2,0,2,0,2,0,0,1,0,2,2,0,2,0,0,2,2
18,-4677.278,-1133.969,173.216,52.152,0.613019,-0.789609,0.026936,0.789394,0.613548,0.020401,-0.032635,0.008757,0.999429,0,0.61250,-0.78627,36.750,-1.573,-1,375.000,-1,400.000,-1,325.000,325.000,275.000,325.000,-1,-1,1000.000,-1,750.000,775.000,-1,-1,2,0,2,0,2,0,0,1,0,2,2,0,2,0,0,2,2
19,-4654.033,-1105.673,172.009,50.597,0.634216,-0.772673,0.027342,0.772455,0.634750,0.020144,-0.032920,0.008345,0.999423,0,0.61034,-0.77744,36.620,-1.555,-1,375.000,-1,400.000,-1,325.000,325.000,275.000,325.000,-1,-1,-1,-1,750.000,775.000,-1,-1,2,0,2,0,2,0,0,1,0,2,2,2,2,0,0,2,2
20,-4630.129,-1078.118,170.736,49.059,0.654704,-0.755355,0.028307,0.755143,0.655261,0.019787,-0.033494,0.008421,0.999403,0,0.60797,-0.76908,36.478,-1.538,-1,375.000,-1,400.000,-1,325.000,325.000,275.000,325.000,-1,-1,-1,-1,750.000,775.000,-1,-1,2,0,2,0,2,0,0,1,0,2,2,2,2,0,0,2,2
21,-4605.602,-1051.317,169.489,47.536,0.674511,-0.737679,0.029392,0.737477,0.675096,0.019318,-0.034093,0.008645,0.999381,0,0.60550,-0.76116,36.330,-1.522,-1,375.000,-1,400.000,-1,325.000,325.000,300.000,325.000,-1,-1,-1,-1,750.000,775.000,-1,-1,2,0,2,0,2,0,0,1,0,2,2,2,2,0,0,2,2
22,-4580.482,-1025.278,168.268,46.029,0.693649,-0.719663,0.030598,0.719475,0.694265,0.018732,-0.034724,0.009021,0.999356,0,0.60301,-0.75370,36.180,-1.507,-1,375.000,-1,400.000,-1,325.000,325.000,300.000,325.000,-1,-1,-1,-1,775.000,775.000,-1,-1,2,0,2,0,2,0,0,1,0,2,2,2,2,0,0,2,2
23,-4554.796,-1000.005,167.080,44.536,0.712131,-0.701322,0.031879,0.701155,0.712781,0.018027,-0.035366,0.009515,0.999329,0,0.60058,-0.74667,36.035,-1.493,-1,375.000,-1,400.000,-1,325.000,325.000,325.000,325.000,-1,-1,-1,-1,775.000,775.000,-1,-1,2,0,2,0,2,0,0,1,0,2,2,2,2,0,0,2,2
24,-4528.566,-975.498,165.928,43.056,0.729969,-0.682672,0.033230,0.682531,0.730654,0.017201,-0.036022,0.010124,0.999300,0,0.59828,-0.74007,35.897,-1.480,-1,375.000,-1,400.000,-1,325.000,325.000,325.000,325.000,-1,-1,-1,-1,775.000,775.000,-1,-1,2,0,2,0,2,0,0,0,0,2,2,2,2,0,0,2,2
25,-4501.811,-951.754,164.798,41.588,0.747174,-0.663728,0.034588,0.663617,0.747896,0.016262,-0.036662,0.010802,0.999269,0,0.59620,-0.73389,35.772,-1.468,-1,375.000,-1,400.000,-1,325.000,325.000,325.000,325.000,-1,-1,-1,-1,775.000,775.000,-1,-1,2,0,2,0,2,0,0,0,0,2,2,2,2,0,0,2,2
26,-4474.544,-928.768,163.435,40.132,0.763811,-0.644509,0.034646,0.644409,0.764524,0.015472,-0.036460,0.010508,0.999280,0,0.59438,-0.72812,35.663,-1.456,-1,375.000,-1,400.000,-1,325.000,325.000,325.000,325.000,-1,-1,-1,-1,775.000,775.000,-1,-1,2,0,2,0,2,0,0,0,0,2,2,2,2,0,0,2,2
27,-4446.777,-906.533,162.090,38.686,0.779837,-0.625020,0.034694,0.624933,0.780541,0.014644,-0.036233,0.010261,0.999291,0,0.59288,-0.72273,35.573,-1.445,-1,375.000,-1,400.000,-1,325.000,325.000,325.000,325.000,-1,-1,-1,-1,775.000,775.000,-1,-1,2,0,2,0,2,0,0,0,0,2,2,2,2,0,0,2,2
28,-4418.516,-885.043,160.769,37.251,0.795259,-0.605272,0.034760,0.605200,0.795954,0.013773,-0.036003,0.010084,0.999301,0,0.59173,-0.71772,35.504,-1.435,-1,375.000,-1,400.000,-1,325.000,325.000,325.000,325.000,-1,-1,-1,-1,775.000,775.000,-1,-1,2,0,2,0,2,0,0,0,0,2,2,2,2,0,0,2,2
29,-4385.735,-861.595,159.295,35.575,0.812626,-0.581743,0.034856,0.581689,0.813312,0.012722,-0.035749,0.009937,0.999311,0,0.67173,-0.83772,40.304,-1.675,-1,400.000,-1,400.000,-1,325.000,325.000,325.000,325.000,-1,-1,-1,-1,800.000,775.000,-1,-1,2,0,2,0,2,0,0,0,0,2,2,2,2,0,0,2,2
30,-4348.273,-836.476,157.519,33.842,0.829848,-0.556886,0.035065,0.556827,0.830537,0.012328,-0.035987,0.009295,0.999309,0,0.75173,-0.86642,45.104,-1.733,-1,400.000,-1,400.000,-1,325.000,325.000,325.000,325.000,875.000,-1,-1,-1,800.000,775.000,-1,-1,2,0,2,0,2,0,0,0,0,1,2,2,2,0,0,2,2
31,-4306.008,-809.944,155.521,32.119,0.846212,-0.531666,0.035430,0.531594,0.846911,0.012217,-0.036501,0.008496,0.999298,0,0.83173,-0.86149,49.904,-1.723,-1,400.000,-1,400.000,-1,325.000,325.000,325.000,325.000,825.000,-1,-1,-1,775.000,775.000,-1,-1,2,0,2,0,2,0,0,0,0,1,2,2,2,0,0,2,2
32,-4261.974,-784.118,153.520,30.392,0.861849,-0.505892,0.035910,0.505809,0.862561,0.012037,-0.037064,0.007790,0.999283,0,0.85079,-0.86389,51.048,-1.728,-1,400.000,-1,400.000,-1,325.000,325.000,325.000,325.000,800.000,-1,-1,-1,775.000,750.000,-1,-1,2,0,2,0,2,0,0,0,0,1,2,2,2,0,0,2,2
33,-4217.299,-759.706,151.564,28.653,0.876785,-0.479496,0.036492,0.479405,0.877515,0.011788,-0.037675,0.007159,0.999264,0,0.84850,-0.86916,50.910,-1.738,-1,400.000,-1,400.000,-1,325.000,325.000,325.000,325.000,800.000,-1,-1,-1,775.000,750.000,-1,-1,2,0,2,0,2,0,0,0,0,1,2,2,2,0,0,2,2
34,-4171.970,-736.706,149.650,26.904,0.890997,-0.452484,0.037175,0.452387,0.891748,0.011465,-0.038339,0.006602,0.999243,0,0.84717,-0.87476,50.830,-1.750,-1,400.000,-1,400.000,-1,325.000,325.000,325.000,325.000,800.000,-1,-1,-1,775.000,750.000,-1,-1,2,0,2,0,2,0,0,0,0,1,2,2,2,0,0,2,2
35,-4125.978,-715.120,147.775,25.142,0.904462,-0.424862,0.037957,0.424762,0.905238,0.011063,-0.039060,0.006117,0.999218,0,0.84675,-0.88069,50.805,-1.761,-1,400.000,-1,400.000,-1,325.000,325.000,325.000,325.000,850.000,-1,-1,-1,750.000,750.000,-1,-1,2,0,2,0,2,0,0,0,0,1,2,2,2,0,0,2,2
36,-4079.316,-694.958,145.870,23.369,0.917149,-0.396639,0.038923,0.396526,0.917959,0.010902,-0.040054,0.005435,0.999183,0,0.84720,-0.88691,50.832,-1.774,-1,375.000,-1,400.000,-1,325.000,325.000,325.000,325.000,900.000,-1,-1,-1,750.000,750.000,-1,-1,2,0,2,0,2,0,0,0,0,1,2,2,2,0,0,2,2
37,-4031.977,-676.233,143.863,21.582,0.929040,-0.367824,0.039878,0.367717,0.929881,0.010239,-0.040848,0.005151,0.999152,0,0.84846,-0.89341,50.907,-1.787,-1,375.000,-1,400.000,-1,300.000,325.000,325.000,325.000,975.000,-1,-1,-1,750.000,750.000,-1,-1,2,0,2,0,2,0,0,0,0,1,2,2,2,0,0,2,2
38,-3983.960,-658.963,141.856,19.781,0.940111,-0.338429,0.040702,0.338342,0.940978,0.009212,-0.041417,0.005111,0.999129,0,0.85047,-0.90016,51.028,-1.800,-1,375.000,-1,375.000,-1,300.000,325.000,325.000,325.000,-1,-1,-1,-1,725.000,725.000,-1,-1,2,0,2,0,2,0,0,0,0,2,2,2,2,0,0,2,2
39,-3935.265,-643.172,139.937,17.967,0.950338,-0.308468,0.041285,0.308400,0.951222,0.008159,-0.041787,0.004978,0.999114,0,0.85319,-0.90715,51.191,-1.814,-1,375.000,-1,375.000,-1,300.000,325.000,325.000,325.000,-1,-1,-1,-1,725.000,725.000,-1,-1,2,0,2,0,2,0,0,0,0,2,2,2,2,0,0,2,2
40,-3885.898,-628.887,138.034,16.138,0.959681,-0.277955,0.041877,0.277914,0.960581,0.006905,-0.042146,0.005011,0.999099,0,0.85654,-0.91437,51.393,-1.829,-1,375.000,-1,375.000,-1,300.000,300.000,325.000,325.000,-1,-1,-1,-1,725.000,725.000,-1,-1,2,0,2,0,2,0,0,0,0,2,2,2,2,0,0,2,2
41,-3835.867,-616.140,135.951,14.295,0.968152,-0.246909,0.041442,0.246872,0.969029,0.006092,-0.041663,0.004333,0.999122,0,0.86049,-0.92180,51.630,-1.844,-1,375.000,-1,375.000,-1,300.000,300.000,325.000,325.000,-1,-1,-1,-1,725.000,725.000,-1,-1,2,0,2,0,2,0,0,0,0,2,2,2,2,0,0,2,2
42,-3785.186,-604.963,133.929,12.436,0.975686,-0.215347,0.040782,0.215325,0.976530,0.004977,-0.040897,0.003925,0.999156,0,0.86497,-0.92942,51.898,-1.859,-1,375.000,-1,375.000,-1,300.000,325.000,325.000,325.000,-1,-1,-1,-1,725.000,725.000,-1,-1,2,0,2,0,2,0,0,0,0,2,2,2,2,0,0,2,2
43,-3733.874,-595.396,131.922,10.562,0.982240,-0.183290,0.040114,0.183286,0.983052,0.003813,-0.040133,0.003607,0.999188,0,0.86994,-0.93722,52.196,-1.874,-1,375.000,-1,400.000,-1,300.000,325.000,325.000,325.000,-1,-1,-1,-1,725.000,725.000,-1,-1,2,0,2,0,2,0,0,0,0,2,2,2,2,0,0,2,2
44,-3681.955,-587.478,129.926,8.671,0.987783,-0.150762,0.039431,0.150778,0.988564,0.002601,-0.039373,0.003376,0.999219,0,0.87533,-0.94519,52.520,-1.890,-1,375.000,-1,400.000,-1,300.000,325.000,325.000,325.000,-1,-1,-1,-1,725.000,725.000,-1,-1,2,0,2,0,2,0,0,0,0,2,2,2,2,0,0,2,2
45,-3629.456,-581.251,127.938,6.765,0.992283,-0.117788,0.038728,0.117825,0.993033,0.001344,-0.038617,0.003229,0.999249,0,0.88112,-0.95332,52.867,-1.907,-1,375.000,-1,400.000,-1,300.000,325.000,325.000,325.000,-1,-1,-1,-1,700.000,725.000,-1,-1,2,0,2,0,2,0,0,0,0,2,2,2,2,0,0,2,2
46,-3576.412,-576.759,125.956,4.841,0.995707,-0.084396,0.037998,0.084455,0.996427,0.000047,-0.037866,0.003162,0.999278,0,0.88723,-0.96160,53.234,-1.923,-1,375.000,-1,400.000,-1,325.000,325.000,325.000,300.000,-1,-1,-1,-1,700.000,725.000,-1,-1,2,0,2,0,2,0,0,0,0,2,2,2,2,0,0,2,2
47,-3522.862,-574.045,123.926,2.901,0.998030,-0.050616,0.037063,0.050691,0.998714,-0.001093,-0.036960,0.002970,0.999312,0,0.89365,-0.97001,53.619,-1.940,-1,375.000,-1,400.000,-1,325.000,325.000,325.000,300.000,-1,-1,-1,-1,700.000,750.000,-1,-1,2,0,2,0,2,0,0,0,0,2,2,2,2,0,0,2,2
48,-3468.851,-573.154,121.861,0.944,0.999216,-0.016479,0.035989,0.016566,0.999861,-0.002115,-0.035949,0.002710,0.999350,0,0.90031,-0.97855,54.018,-1.957,-1,375.000,-1,400.000,-1,325.000,325.000,325.000,300.000,-1,-1,-1,-1,700.000,750.000,-1,-1,2,0,2,0,2,0,0,0,0,2,2,2,2,0,0,2,2
49,-3414.429,-574.133,119.803,-1.030,0.999228,0.017979,0.034929,-0.017878,0.999835,-0.003192,-0.034980,0.002565,0.999385,0,0.90718,-0.98720,54.431,-1.974,-1,375.000,-1,400.000,-1,325.000,325.000,325.000,300.000,-1,-1,-1,-1,700.000,750.000,-1,-1,2,0,2,0,2,0,0,0,0,2,2,2,2,0,0,2,2
50,-3359.653,-577.025,117.750,-3.022,0.998035,0.052721,0.033876,-0.052604,0.998606,-0.004324,-0.034057,0.002533,0.999417,0,0.91421,-0.99595,54.853,-1.992,-1,375.000,-1,400.000,-1,325.000,325.000,325.000,300.000,-1,-1,-1,-1,700.000,750.000,-1,-1,2,0,2,0,2,0,0,0,0,2,2,2,2,0,0,2,2
51,-3304.815,-581.844,115.621,-5.022,0.995607,0.087540,0.033220,-0.087415,0.996158,-0.005185,-0.033546,0.002258,0.999435,0,0.91749,-1.00000,55.049,-2.000,-1,375.000,-1,400.000,-1,300.000,325.000,325.000,300.000,-1,-1,-1,-1,700.000,750.000,-1,-1,2,0,2,0,2,0,0,0,0,2,2,2,2,0,0,2,2
52,-3250.179,-588.574,113.745,-7.022,0.991969,0.122251,0.032443,-0.122090,0.992495,-0.006914,-0.033044,0.002897,0.999450,0,0.91749,-1.00000,55.049,-2.000,-1,375.000,-1,400.000,-1,300.000,325.000,325.000,300.000,-1,-1,-1,-1,700.000,750.000,-1,-1,2,0,2,0,2,0,0,0,0,2,2,2,2,0,0,2,2
53,-3195.811,-597.207,112.107,-9.022,0.987124,0.156815,0.031550,-0.156643,0.987624,-0.007847,-0.032390,0.002804,0.999471,0,0.91749,-1.00000,55.049,-2.000,-1,375.000,-1,400.000,-1,325.000,325.000,325.000,300.000,-1,-1,-1,-1,700.000,750.000,-1,-1,2,0,2,0,2,0,0,0,0,2,2,2,2,0,0,2,2
54,-3141.777,-607.731,110.486,-11.022,0.981074,0.191187,0.030682,-0.191008,0.981550,-0.008686,-0.031776,0.002661,0.999491,0,0.91749,-1.00000,55.049,-2.000,-1,375.000,-1,400.000,-1,325.000,325.000,325.000,300.000,-1,-1,-1,-1,700.000,750.000,-1,-1,2,0,2,0,2,0,0,0,0,2,2,2,2,0,0,2,2
55,-3088.144,-620.135,108.856,-13.022,0.973825,0.225326,0.029890,-0.225139,0.974280,-0.009526,-0.031268,0.002548,0.999508,0,0.91749,-1.00000,55.049,-2.000,-1,375.000,-1,400.000,-1,325.000,325.000,325.000,300.000,-1,-1,-1,-1,700.000,750.000,-1,-1,2,0,2,0,2,0,0,0,0,2,2,2,2,0,0,2,2
56,-3034.976,-634.404,107.215,-15.022,0.965386,0.259191,0.029170,-0.258995,0.965823,-0.010372,-0.030862,0.002458,0.999521,0,0.91749,-1.00000,55.049,-2.000,-1,375.000,-1,400.000,-1,325.000,325.000,325.000,300.000,-1,-1,-1,-1,725.000,750.000,-1,-1,2,0,2,0,2,0,0,0,0,2,2,2,2,0,0,2,2
57,-2982.338,-650.519,105.561,-17.022,0.955767,0.292740,0.028516,-0.292534,0.956189,-0.011228,-0.030553,0.002389,0.999530,0,0.91749,-1.00000,55.049,-2.000,-1,375.000,-1,400.000,-1,325.000,325.000,325.000,300.000,-1,-1,-1,-1,725.000,750.000,-1,-1,2,0,2,0,2,0,0,0,0,2,2,2,2,0,0,2,2
58,-2926.935,-669.360,103.804,-18.782,0.946340,0.321969,0.027884,-0.321748,0.946747,-0.012178,-0.030320,0.002553,0.999537,0,0.97532,-0.88000,58.519,-1.760,-1,375.000,-1,400.000,-1,325.000,325.000,325.000,300.000,-1,-1,-1,-1,725.000,750.000,-1,-1,2,0,2,0,2,0,0,0,0,2,2,2,2,0,0,2,2
59,-2872.052,-689.665,102.040,-20.302,0.937480,0.346968,0.027291,-0.346731,0.937872,-0.013148,-0.030158,0.002863,0.999541,0,0.97532,-0.76000,58.519,-1.520,-1,375.000,-1,400.000,-1,325.000,325.000,300.000,300.000,-1,-1,-1,-1,725.000,750.000,-1,-1,2,0,2,0,2,0,0,0,0,2,2,2,2,0,0,2,2
60,-2817.719,-711.402,100.151,-21.806,0.928069,0.371460,0.026571,-0.371221,0.928445,-0.013596,-0.029721,0.002754,0.999554,0,0.97532,-0.75184,58.519,-1.504,-1,375.000,-1,400.000,-1,325.000,325.000,300.000,300.000,-1,-1,-1,-1,725.000,750.000,-1,-1,2,0,2,0,2,0,0,0,0,2,2,2,2,0,0,2,2
61,-2763.977,-734.558,98.207,-23.309,0.918018,0.395695,0.025861,-0.395460,0.918378,-0.013873,-0.029240,0.002509,0.999569,0,0.97532,-0.75184,58.519,-1.504,-1,375.000,-1,400.000,-1,325.000,325.000,300.000,300.000,-1,-1,-1,-1,725.000,750.000,-1,-1,2,0,2,0,2,0,0,0,0,2,2,2,2,0,0,2,2
62,-2710.860,-759.116,96.411,-24.813,0.907326,0.419658,0.025420,-0.419400,0.907678,-0.014995,-0.029366,0.002944,0.999564,0,0.97532,-0.75184,58.519,-1.504,-1,375.000,-1,400.000,-1,325.000,325.000,300.000,300.000,-1,-1,-1,-1,725.000,750.000,-1,-1,2,0,2,0,2,0,0,0,0,2,2,2,2,0,0,2,2
63,-2658.406,-785.060,94.667,-26.317,0.896022,0.443331,0.024543,-0.443048,0.896351,-0.016247,-0.029202,0.003684,0.999567,0,0.97532,-0.75184,58.519,-1.504,-1,375.000,-1,400.000,-1,325.000,325.000,300.000,300.000,-1,-1,-1,-1,725.000,750.000,-1,-1,2,0,2,0,2,0,0,0,0,2,2,2,2,0,0,2,2
64,-2606.650,-812.371,92.908,-27.820,0.884104,0.466698,0.023535,-0.466392,0.884406,-0.017455,-0.028961,0.004455,0.999571,0,0.97532,-0.75184,58.519,-1.504,-1,375.000,-1,400.000,-1,325.000,325.000,300.000,300.000,-1,-1,-1,-1,725.000,750.000,-1,-1,2,0,2,0,2,0,0,0,0,2,2,2,2,0,0,2,2
65,-2555.630,-841.031,91.121,-29.324,0.871578,0.489743,0.022454,-0.489418,0.871851,-0.018583,-0.028678,0.005207,0.999575,0,0.97532,-0.75184,58.519,-1.504,-1,375.000,-1,400.000,-1,325.000,325.000,300.000,300.000,-1,-1,-1,-1,725.000,750.000,-1,-1,2,0,2,0,2,0,0,0,0,2,2,2,2,0,0,2,2
66,-2505.378,-871.020,89.487,-30.828,0.858431,0.512452,0.022094,-0.512115,0.858699,-0.019329,-0.028877,0.005278,0.999569,0,0.97532,-0.75184,58.519,-1.504,-1,375.000,-1,400.000,-1,325.000,325.000,300.000,300.000,-1,-1,-1,-1,725.000,750.000,-1,-1,2,0,2,0,2,0,0,0,0,2,2,2,2,0,0,2,2
67,-2455.932,-902.317,87.835,-32.331,0.844694,0.534809,0.021729,-0.534461,0.844957,-0.020007,-0.029060,0.005286,0.999564,0,0.97532,-0.75184,58.519,-1.504,-1,375.000,-1,400.000,-1,325.000,325.000,300.000,300.000,-1,-1,-1,-1,700.000,725.000,-1,-1,2,0,2,0,2,0,0,0,0,2,2,2,2,0,0,2,2
68,-2407.323,-934.901,86.245,-33.835,0.830375,0.556798,0.021276,-0.556453,0.830633,-0.020206,-0.028923,0.004939,0.999569,0,0.97532,-0.75184,58.519,-1.504,-1,375.000,-1,375.000,-1,325.000,325.000,300.000,300.000,-1,-1,-1,-1,700.000,725.000,-1,-1,2,0,2,0,2,0,0,0,0,2,2,2,2,0,0,2,2
69,-2359.586,-968.749,84.696,-35.339,0.815485,0.578405,0.020774,-0.578075,0.815738,-0.020014,-0.028522,0.004312,0.999584,0,0.97532,-0.75184,58.519,-1.504,-1,375.000,-1,400.000,-1,325.000,325.000,300.000,300.000,-1,-1,-1,-1,700.000,725.000,-1,-1,2,0,2,0,2,0,0,0,0,2,2,2,2,0,0,2,2
70,-2312.754,-1003.838,83.125,-36.842,0.800033,0.599613,0.020271,-0.599299,0.800282,-0.019737,-0.028057,0.003642,0.999600,0,0.97532,-0.75184,58.519,-1.504,-1,375.000,-1,400.000,-1,325.000,325.000,300.000,300.000,-1,-1,-1,-1,700.000,700.000,-1,-1,2,0,2,0,2,0,0,0,0,2,2,2,2,0,0,2,2
71,-2266.859,-1040.144,81.569,-38.346,0.784035,0.620408,0.019589,-0.620112,0.784273,-0.019416,-0.027409,0.003075,0.999620,0,0.97532,-0.75184,58.519,-1.504,-1,375.000,-1,400.000,-1,325.000,325.000,300.000,300.000,-1,-1,-1,-1,700.000,700.000,-1,-1,2,0,2,0,2,0,0,0,0,2,2,2,2,0,0,2,2
72,-2221.932,-1077.642,79.997,-39.850,0.767496,0.640775,0.018904,-0.640498,0.767724,-0.019007,-0.026693,0.002480,0.999641,0,0.97532,-0.75184,58.519,-1.504,-1,375.000,-1,400.000,-1,325.000,325.000,300.000,300.000,-1,-1,-1,-1,675.000,700.000,-1,-1,2,0,2,0,2,0,0,0,0,2,2,2,2,0,0,2,2
73,-2178.005,-1116.306,78.513,-41.353,0.750429,0.660701,0.018201,-0.660430,0.750646,-0.019042,-0.026244,0.002269,0.999653,0,0.97532,-0.75184,58.519,-1.504,-1,375.000,-1,375.000,-1,325.000,325.000,300.000,300.000,-1,-1,-1,-1,675.000,700.000,-1,-1,2,0,2,0,2,0,0,0,0,2,2,2,2,0,0,2,2
74,-2135.073,-1156.140,77.023,-42.857,0.732848,0.680168,0.017477,-0.679905,0.733053,-0.019038,-0.025761,0.002069,0.999666,0,0.97610,-0.75171,58.566,-1.503,-1,375.000,-1,375.000,-1,325.000,325.000,300.000,300.000,-1,-1,-1,-1,675.000,675.000,-1,-1,2,0,2,0,2,0,0,0,0,2,2,2,2,0,0,2,2
75,-2092.880,-1197.397,75.517,-44.357,0.714797,0.699132,0.016731,-0.698876,0.714991,-0.018992,-0.025241,0.001883,0.999680,0,0.98352,-0.75028,59.011,-1.501,-1,375.000,-1,375.000,-1,325.000,325.000,300.000,300.000,-1,-1,-1,-1,675.000,675.000,-1,-1,2,0,2,0,2,0,0,0,0,2,2,2,2,0,0,2,2
76,-2051.473,-1240.058,74.073,-45.854,0.696311,0.717568,0.015730,-0.717324,0.696486,-0.018790,-0.024439,0.001800,0.999700,0,0.99086,-0.74835,59.452,-1.497,-1,375.000,-1,375.000,-1,325.000,325.000,300.000,300.000,-1,-1,-1,-1,650.000,675.000,-1,-1,2,0,2,0,2,0,0,0,0,2,2,2,2,0,0,2,2
77,-2010.897,-1284.100,73.098,-47.346,0.677427,0.735458,0.013946,-0.735258,0.677569,-0.017211,-0.022107,0.001405,0.999755,0,0.99807,-0.74590,59.884,-1.492,-1,375.000,-1,375.000,-1,325.000,325.000,300.000,300.000,-1,-1,-1,-1,650.000,675.000,-1,-1,2,0,2,0,2,0,0,0,0,2,2,2,2,0,0,2,2
78,-1971.401,-1329.267,72.139,-48.832,0.658160,0.752780,0.012152,-0.752621,0.658271,-0.015508,-0.019673,0.001061,0.999806,0,1.00000,-0.74292,60.000,-1.486,-1,375.000,-1,375.000,-1,300.000,325.000,300.000,300.000,-1,-1,-1,-1,675.000,675.000,975.000,-1,2,0,2,0,2,0,0,0,0,2,2,2,2,0,0,1,2
79,-1933.083,-1375.438,71.199,-50.311,0.638542,0.769517,0.010362,-0.769396,0.638625,-0.013682,-0.017146,0.000764,0.999853,0,1.00000,-0.73939,60.000,-1.479,-1,375.000,-1,375.000,-1,300.000,325.000,300.000,300.000,-1,-1,1000.000,-1,675.000,675.000,950.000,-1,2,0,2,0,2,0,0,0,0,2,2,0,2,0,0,1,2
80,-1895.963,-1422.577,70.331,-51.781,0.618605,0.785654,0.008747,-0.785565,0.618666,-0.011815,-0.014694,0.000438,0.999892,0,1.00000,-0.73530,60.000,-1.471,950.000,375.000,-1,375.000,-1,300.000,325.000,300.000,300.000,-1,825.000,775.000,-1,675.000,675.000,900.000,-1,1,0,2,0,2,0,0,0,0,2,0,0,2,0,0,1,2
81,-1860.057,-1470.647,69.631,-53.242,0.598381,0.801175,0.007712,-0.801113,0.598430,-0.009972,-0.012604,-0.000211,0.999921,0,1.00000,-0.73062,60.000,-1.461,875.000,375.000,-1,375.000,-1,300.000,300.000,300.000,300.000,-1,750.000,700.000,-1,675.000,675.000,850.000,-1,1,0,2,0,2,0,0,0,0,2,0,0,2,0,0,1,2
82,-1825.380,-1519.611,68.953,-54.693,0.577917,0.816068,0.006713,-0.816029,0.577955,-0.008054,-0.010453,-0.000824,0.999945,0,1.00000,-0.72536,60.000,-1.451,800.000,375.000,-1,375.000,-1,300.000,300.000,300.000,300.000,-1,675.000,650.000,-1,675.000,700.000,825.000,-1,1,0,2,0,2,0,0,0,0,2,0,0,2,0,0,1,2
83,-1791.943,-1569.431,68.515,-56.132,0.557261,0.830325,0.004621,-0.830303,0.557280,-0.005971,-0.007533,-0.000509,0.999971,0,1.00000,-0.71948,60.000,-1.439,750.000,375.000,-1,375.000,-1,300.000,325.000,300.000,300.000,-1,600.000,600.000,-1,675.000,700.000,800.000,-1,1,0,2,0,2,0,0,0,0,2,0,0,2,0,0,1,2
84,-1759.757,-1620.067,68.122,-57.558,0.536439,0.843936,0.002458,-0.843927,0.536444,-0.003749,-0.004482,-0.000063,0.999990,0,1.00000,-0.71298,60.000,-1.426,725.000,375.000,-1,375.000,-1,300.000,325.000,300.000,300.000,-1,525.000,525.000,-1,700.000,700.000,775.000,-1,1,0,2,0,2,0,0,0,0,2,0,0,2,1,0,1,2
85,-1731.116,-1667.255,67.754,-58.744,0.518862,0.854858,0.000626,-0.854856,0.518862,-0.001632,-0.001719,0.000312,0.999998,0,0.92000,-0.59298,55.200,-1.186,675.000,375.000,-1,375.000,-1,325.000,325.000,300.000,300.000,-1,475.000,475.000,-1,700.000,700.000,750.000,-1,1,0,2,0,2,0,0,0,0,2,0,0,2,1,0,1,2
86,-1705.680,-1710.766,67.447,-59.690,0.504678,0.863307,-0.000998,-0.863308,0.504678,0.000178,0.000657,0.000772,0.999999,0,0.84000,-0.47298,50.400,-0.946,650.000,375.000,-1,375.000,-1,325.000,325.000,300.000,300.000,-1,450.000,425.000,-1,675.000,725.000,725.000,-1,1,0,2,0,2,0,0,0,0,2,0,0,2,1,0,1,2
87,-1681.006,-1754.193,67.285,-60.396,0.493997,0.869459,-0.002833,-0.869460,0.494002,0.001257,0.002492,0.001842,0.999995,0,0.83245,-0.35298,49.947,-0.706,625.000,375.000,-1,375.000,-1,325.000,325.000,300.000,300.000,-1,450.000,425.000,-1,675.000,725.000,700.000,-1,1,0,2,0,2,0,0,0,0,2,0,0,2,1,0,1,2
88,-1656.622,-1797.933,67.119,-60.862,0.486900,0.873445,-0.004657,-0.873447,0.486913,0.002313,0.004288,0.002941,0.999986,0,0.83463,-0.23298,50.078,-0.466,600.000,375.000,-1,375.000,-1,325.000,325.000,300.000,300.000,-1,425.000,400.000,-1,675.000,725.000,675.000,-1,1,0,2,0,2,0,0,0,0,2,0,0,2,1,0,1,2
89,-1632.354,-1841.873,67.242,-61.088,0.483447,0.875359,-0.005128,-0.875358,0.483465,0.003090,0.005184,0.002995,0.999982,0,0.83660,-0.11298,50.196,-0.226,550.000,375.000,-1,375.000,-1,325.000,325.000,300.000,300.000,-1,450.000,425.000,-1,650.000,725.000,650.000,-1,1,0,2,0,2,0,0,0,0,2,0,0,2,1,0,1,2
90,-1608.022,-1885.903,67.390,-61.074,0.483657,0.875240,-0.005493,-0.875237,0.483679,0.003777,0.005963,0.002981,0.999978,0,0.83843,0.00702,50.306,0.014,525.000,375.000,-1,375.000,-1,325.000,325.000,300.000,300.000,-1,475.000,450.000,-1,650.000,725.000,625.000,-1,1,0,2,0,2,0,0,0,0,2,0,0,2,1,0,1,2
91,-1583.444,-1929.916,67.640,-60.820,0.487530,0.873088,-0.005667,-0.873079,0.487556,0.004802,0.006956,0.002606,0.999972,0,0.84017,0.12702,50.410,0.254,475.000,375.000,-1,375.000,-1,325.000,325.000,300.000,300.000,-1,500.000,475.000,-1,625.000,725.000,600.000,-1,1,0,2,0,2,0,0,0,0,2,0,0,2,1,0,1,2
92,-1558.519,-1973.850,68.052,-60.433,0.493408,0.869780,-0.005565,-0.869758,0.493436,0.006438,0.008345,0.001664,0.999964,0,0.84187,0.19330,50.512,0.387,450.000,375.000,-1,375.000,-1,325.000,325.000,300.000,300.000,-1,500.000,500.000,-1,600.000,725.000,550.000,-1,1,0,2,0,2,0,0,0,0,2,0,0,2,1,0,1,2
93,-1533.244,-2017.690,68.463,-60.034,0.499454,0.866323,-0.005499,-0.866287,0.499483,0.007961,0.009643,0.000787,0.999953,0,0.84340,0.19954,50.604,0.399,425.000,400.000,-1,400.000,-1,325.000,325.000,300.000,300.000,-1,525.000,500.000,-1,575.000,750.000,525.000,-1,1,0,2,0,2,0,0,0,0,2,0,0,2,1,0,1,2
94,-1507.617,-2061.407,68.915,-59.622,0.505672,0.862708,-0.005549,-0.862660,0.505702,0.009155,0.010704,0.000157,0.999943,0,0.84458,0.20607,50.675,0.412,375.000,400.000,-1,400.000,-1,325.000,325.000,300.000,300.000,-1,550.000,525.000,-1,575.000,750.000,500.000,-1,1,0,2,0,2,0,0,0,0,2,0,0,2,1,0,1,2
95,-1481.643,-2104.974,69.523,-59.196,0.512064,0.858927,-0.005917,-0.858875,0.512099,0.009464,0.011159,0.000235,0.999938,0,0.84537,0.21288,50.722,0.426,350.000,375.000,-1,400.000,-1,325.000,325.000,300.000,300.000,-1,575.000,575.000,-1,550.000,750.000,450.000,-1,1,1,2,0,2,0,0,0,0,2,0,0,2,1,0,1,2
96,-1455.322,-2148.359,70.111,-58.756,0.518641,0.854969,-0.006269,-0.854914,0.518679,0.009735,0.011575,0.000311,0.999933,0,0.84574,0.21998,50.745,0.440,325.000,375.000,-1,400.000,-1,325.000,325.000,300.000,300.000,-1,625.000,600.000,-1,525.000,750.000,425.000,-1,1,1,2,0,2,0,0,1,0,2,0,0,2,1,0,1,2
97,-1428.661,-2191.530,70.719,-58.302,0.525405,0.850825,-0.006828,-0.850766,0.525449,0.009993,0.012090,0.000558,0.999927,0,0.84566,0.22739,50.740,0.455,300.000,350.000,-1,400.000,-1,325.000,325.000,275.000,300.000,-1,650.000,650.000,-1,525.000,750.000,375.000,-1,1,1,2,0,2,0,0,1,0,2,0,0,2,1,0,1,2
98,-1401.665,-2234.452,71.316,-57.831,0.532363,0.846484,-0.007424,-0.846423,0.532414,0.010214,0.012598,0.000847,0.999920,0,0.84510,0.23511,50.706,0.470,275.000,350.000,-1,400.000,-1,325.000,325.000,275.000,300.000,-1,700.000,675.000,-1,500.000,750.000,350.000,-1,1,1,2,0,2,0,0,1,0,2,0,0,2,1,0,1,2
99,-1374.339,-2277.088,72.722,-57.345,0.539451,0.841926,-0.012360,-0.841869,0.539573,0.010842,0.015797,0.004557,0.999865,0,0.84402,0.24313,50.641,0.486,250.000,350.000,-1,400.000,-1,325.000,325.000,275.000,300.000,-1,675.000,650.000,-1,500.000,750.000,325.000,-1,1,1,2,0,2,1,0,1,0,2,0,0,2,1,0,1,2
100,-1346.693,-2319.401,75.178,-56.842,0.546571,0.837099,-0.022908,-0.837111,0.546904,0.011883,0.022475,0.012681,0.999667,0,0.84239,0.25146,50.543,0.503,275.000,350.000,-1,400.000,-1,325.000,350.000,275.000,300.000,-1,625.000,575.000,-1,500.000,800.000,325.000,-1,1,1,2,0,2,1,0,1,0,2,0,0,2,1,0,1,2
101,-1318.737,-2361.350,77.559,-56.322,0.553797,0.831990,-0.033179,-0.832149,0.554408,0.012669,0.028935,0.020593,0.999369,0,0.84019,0.26008,50.411,0.520,275.000,350.000,-1,425.000,-1,325.000,350.000,275.000,275.000,-1,600.000,475.000,-1,500.000,825.000,350.000,-1,1,1,2,0,2,1,0,1,0,2,0,0,2,1,0,1,2
102,-1290.481,-2402.896,79.864,-55.784,0.561143,0.826592,-0.043167,-0.826971,0.562089,0.013198,0.035173,0.028292,0.998981,0,0.83739,0.26898,50.243,0.538,275.000,350.000,-1,425.000,-1,325.000,375.000,275.000,275.000,-1,550.000,400.000,-1,525.000,850.000,375.000,-1,1,1,2,0,2,1,1,1,0,2,0,0,2,1,1,1,2
103,-1261.940,-2443.997,82.153,-55.228,0.568638,0.820906,-0.052581,-0.821565,0.569956,0.013448,0.041008,0.035552,0.998526,0,0.83398,0.27814,50.039,0.556,300.000,350.000,-1,450.000,-1,325.000,375.000,250.000,275.000,-1,500.000,325.000,-1,550.000,875.000,375.000,-1,1,1,2,0,2,1,1,1,0,2,0,0,2,1,1,1,2
104,-1233.126,-2484.613,84.527,-54.653,0.576332,0.814940,-0.060943,-0.815912,0.578021,0.013399,0.046146,0.042002,0.998051,0,0.82997,0.28752,49.798,0.575,300.000,350.000,-1,450.000,1000.000,325.000,350.000,250.000,275.000,-1,450.000,275.000,925.000,550.000,875.000,400.000,-1,1,1,2,0,1,1,1,1,0,2,0,0,0,1,1,1,2
105,-1204.055,-2524.704,86.843,-54.058,0.584202,0.808676,-0.068923,-0.810004,0.586278,0.013105,0.051005,0.048172,0.997536,0,0.82534,0.29709,49.521,0.594,300.000,350.000,-1,450.000,950.000,325.000,350.000,250.000,275.000,-1,400.000,225.000,850.000,600.000,875.000,425.000,1000.000,1,1,2,1,1,1,1,1,0,2,0,0,0,1,1,1,1
106,-1174.743,-2564.229,89.102,-53.445,0.592240,0.802110,-0.076628,-0.803828,0.594725,0.012729,0.055782,0.054057,0.996979,0,0.82013,0.30680,49.208,0.614,325.000,350.000,-1,450.000,900.000,325.000,350.000,225.000,275.000,-1,350.000,200.000,775.000,625.000,850.000,475.000,975.000,1,1,2,1,1,1,1,1,0,2,0,0,0,1,1,1,1
107,-1145.208,-2603.156,91.314,-52.818,0.600359,0.795303,-0.084041,-0.797438,0.603275,0.012336,0.060511,0.059612,0.996386,0,0.81437,0.31345,48.862,0.627,325.000,350.000,-1,475.000,875.000,325.000,350.000,225.000,250.000,-1,325.000,175.000,700.000,700.000,825.000,525.000,950.000,1,1,2,1,1,1,1,1,0,2,0,0,0,1,1,1,1
108,-1115.478,-2641.456,93.448,-52.186,0.608445,0.788339,-0.091195,-0.790922,0.611804,0.011802,0.065097,0.064947,0.995763,0,0.80808,0.31590,48.485,0.632,350.000,350.000,-1,475.000,825.000,325.000,350.000,225.000,250.000,-1,300.000,150.000,650.000,-1,825.000,-1,925.000,1,1,2,1,1,1,1,1,0,2,0,0,0,2,1,2,1
109,-1082.514,-2683.322,95.660,-51.791,0.613136,0.783814,-0.098483,-0.786885,0.616991,0.011559,0.069823,0.070408,0.995072,0,0.88808,0.19736,53.285,0.395,350.000,375.000,-1,475.000,775.000,325.000,375.000,225.000,250.000,-1,300.000,125.000,600.000,-1,800.000,-1,875.000,1,1,2,1,1,1,1,1,0,2,0,0,0,2,1,2,1
110,-1048.286,-2726.157,97.859,-51.380,0.617984,0.779059,-0.105649,-0.782658,0.622352,0.011160,0.074446,0.075790,0.994341,0,0.91384,0.20553,54.830,0.411,400.000,375.000,-1,500.000,725.000,350.000,375.000,200.000,250.000,-1,275.000,100.000,550.000,-1,775.000,-1,850.000,1,1,2,1,1,1,1,1,0,2,0,0,0,2,1,2,1
111,983.904,-8855.080,185.811,-14.975,0.963978,0.258334,-0.063327,-0.259197,0.965808,-0.005666,0.059698,0.021876,0.997977,1,0.00000,0.00000,54.944,0.430,-1,400.000,-1,400.000,750.000,325.000,325.000,300.000,300.000,-1,825.000,925.000,-1,1000.000,625.000,-1,775.000,2,0,2,0,1,0,0,0,0,2,0,0,2,0,1,2,1
112,988.536,-8856.340,186.102,-15.215,0.962891,0.262376,-0.063247,-0.263242,0.964713,-0.005620,0.059541,0.022061,0.997982,0,0.08000,-0.12000,4.800,-0.240,-1,400.000,-1,400.000,750.000,325.000,325.000,300.000,300.000,-1,850.000,925.000,-1,1000.000,625.000,-1,775.000,2,0,2,0,1,0,0,0,0,2,0,0,2,0,1,2,1
113,997.785,-8858.913,186.683,-15.552,0.961337,0.268051,-0.063081,-0.268919,0.963147,-0.005526,0.059275,0.022276,0.997993,0,0.16000,-0.16870,9.600,-0.337,-1,400.000,-1,400.000,725.000,325.000,325.000,300.000,300.000,-1,850.000,925.000,-1,-1,625.000,-1,775.000,2,0,2,0,1,0,0,0,0,2,0,0,2,2,1,2,1
114,1011.634,-8862.856,187.551,-15.891,0.959748,0.273744,-0.062825,-0.274608,0.961541,-0.005385,0.058935,0.022420,0.998010,0,0.24000,-0.16950,14.400,-0.339,-1,425.000,-1,400.000,725.000,325.000,325.000,300.000,300.000,-1,875.000,950.000,-1,-1,600.000,-1,750.000,2,0,2,0,1,0,0,0,0,2,0,0,2,2,1,2,1
115,1030.069,-8868.224,188.707,-16.234,0.958113,0.279493,-0.062483,-0.280349,0.959884,-0.005201,0.058522,0.022500,0.998032,0,0.32000,-0.17143,19.200,-0.343,-1,425.000,-1,400.000,700.000,325.000,325.000,300.000,300.000,-1,900.000,975.000,-1,-1,600.000,-1,725.000,2,1,2,0,1,1,0,0,0,2,0,0,2,2,1,2,1
116,1053.070,-8875.074,190.152,-16.583,0.956417,0.285335,-0.062055,-0.286179,0.958163,-0.004982,0.058037,0.022524,0.998060,0,0.40000,-0.17451,24.000,-0.349,-1,425.000,-1,400.000,675.000,325.000,325.000,300.000,300.000,-1,950.000,-1,-1,-1,600.000,-1,700.000,2,1,2,1,1,1,0,0,0,2,0,2,2,2,1,2,1
117,1080.621,-8883.466,191.887,-16.941,0.954647,0.291308,-0.061546,-0.292138,0.956365,-0.004734,0.057481,0.022499,0.998093,0,0.48000,-0.17877,28.800,-0.358,-1,425.000,-1,375.000,650.000,325.000,325.000,300.000,300.000,-1,1000.000,-1,-1,-1,575.000,-1,675.000,2,1,2,1,1,1,1,0,0,2,0,2,2,2,1,2,1
118,1112.699,-8893.463,193.914,-17.309,0.952789,0.297453,-0.060958,-0.298264,0.954473,-0.004468,0.056854,0.022438,0.998130,0,0.56000,-0.18423,33.600,-0.368,-1,425.000,-1,375.000,625.000,325.000,325.000,300.000,300.000,-1,-1,-1,-1,-1,550.000,-1,650.000,2,1,2,1,1,1,1,0,0,2,2,2,2,2,1,2,1
119,1149.283,-8905.132,196.236,-17.691,0.950823,0.303808,-0.060296,-0.304601,0.952471,-0.004193,0.056156,0.022353,0.998172,0,0.64000,-0.19094,38.400,-0.382,-1,425.000,-1,375.000,600.000,325.000,300.000,300.000,300.000,-1,-1,-1,-1,1000.000,525.000,-1,625.000,2,1,2,1,1,1,1,0,0,2,2,2,2,1,1,2,1
120,1190.348,-8918.545,198.857,-18.089,0.948732,0.310418,-0.059565,-0.311190,0.950340,-0.003923,0.055389,0.022258,0.998217,0,0.72000,-0.19899,43.200,-0.398,-1,400.000,-1,350.000,575.000,300.000,300.000,325.000,300.000,-1,-1,-1,-1,975.000,500.000,-1,575.000,2,1,2,1,1,1,1,0,0,2,2,2,2,1,1,2,1
121,1235.865,-8933.781,201.659,-18.506,0.946480,0.317328,-0.058987,-0.318052,0.948068,-0.003080,0.054946,0.021676,0.998254,0,0.80000,-0.20844,48.000,-0.417,-1,400.000,-1,350.000,525.000,300.000,300.000,325.000,300.000,-1,-1,-1,-1,950.000,475.000,-1,525.000,2,1,2,1,1,1,1,0,0,2,2,2,2,1,1,2,1
122,1285.805,-8950.924,204.180,-18.945,0.944183,0.324598,-0.056165,-0.325137,0.945667,-0.000478,0.052958,0.018713,0.998421,0,0.88000,-0.21939,52.800,-0.439,-1,375.000,-1,325.000,475.000,300.000,275.000,300.000,300.000,-1,-1,-1,-1,900.000,450.000,-1,475.000,2,1,2,1,1,1,1,0,0,2,2,2,2,1,1,2,1
123,1340.131,-8970.066,206.801,-19.409,0.941728,0.332266,-0.052423,-0.332590,0.943068,0.002668,0.050325,0.014923,0.998621,0,0.96000,-0.23197,57.600,-0.464,-1,375.000,-1,300.000,425.000,275.000,250.000,300.000,300.000,-1,-1,-1,-1,800.000,425.000,-1,425.000,2,1,2,1,1,1,1,0,0,2,2,2,2,1,1,2,1
124,1396.547,-8990.491,209.422,-19.901,0.939015,0.340378,-0.048934,-0.340525,0.940219,0.005557,0.047900,0.011445,0.998787,0,1.00000,-0.24630,60.000,-0.493,-1,350.000,-1,275.000,375.000,275.000,250.000,300.000,300.000,-1,-1,-1,-1,725.000,375.000,-1,350.000,2,1,2,1,1,1,1,0,0,2,2,2,2,1,1,2,1
125,1452.775,-9011.431,213.705,-20.425,0.935822,0.348974,-0.049551,-0.348747,0.937121,0.013438,0.051125,0.004706,0.998681,0,1.00000,-0.26178,60.000,-0.524,-1,325.000,-1,250.000,350.000,250.000,225.000,300.000,325.000,-1,-1,-1,-1,900.000,350.000,-1,325.000,2,1,2,1,1,1,1,0,1,2,2,2,2,1,1,2,1
126,1508.797,-9032.915,219.581,-20.980,0.932163,0.358041,-0.053655,-0.357176,0.933695,0.025270,0.059145,-0.004391,0.998240,0,1.00000,-0.27769,60.000,-0.555,-1,325.000,-1,250.000,325.000,250.000,225.000,300.000,325.000,-1,-1,-1,-1,-1,350.000,-1,300.000,2,1,2,1,1,1,1,0,1,2,2,2,2,2,1,2,1
127,1564.598,-9054.973,226.082,-21.568,0.928094,0.367576,-0.059413,-0.365891,0.929901,0.037519,0.069040,-0.013083,0.997528,0,1.00000,-0.29400,60.000,-0.588,-1,325.000,-1,250.000,325.000,250.000,225.000,300.000,350.000,-1,525.000,-1,-1,-1,350.000,-1,300.000,2,1,2,1,1,1,1,0,1,2,0,2,2,2,1,2,1
128,1620.156,-9077.634,233.231,-22.190,0.923558,0.377586,-0.066861,-0.374837,0.925729,0.050236,0.080863,-0.021334,0.996497,0,1.00000,-0.31069,60.000,-0.621,-1,325.000,-1,250.000,325.000,250.000,225.000,300.000,350.000,-1,250.000,525.000,-1,-1,325.000,-1,300.000,2,1,2,1,1,1,1,0,1,2,0,0,2,2,1,2,1
129,5575.404,328.005,-159.631,31.851,0.850248,-0.526316,0.008343,0.523526,0.847177,0.090612,-0.054758,-0.072675,0.995851,1,0.00000,0.00000,60.000,-0.655,500.000,325.000,-1,400.000,550.000,300.000,325.000,250.000,150.000,-1,-1,-1,-1,550.000,575.000,575.000,625.000,0,0,2,1,1,0,0,0,1,2,2,2,2,0,1,0,1
130,-7543.217,8855.085,-110.876,-84.268,0.100308,0.994653,0.024559,-0.994806,0.099833,0.019858,0.017300,-0.026424,0.999501,1,0.00000,0.00000,4.800,0.240,-1,400.000,-1,400.000,-1,325.000,325.000,300.000,300.000,750.000,600.000,600.000,-1,775.000,800.000,-1,-1,2,0,2,0,2,0,0,0,0,1,0,0,2,0,0,2,2
131,-7542.758,8850.307,-110.792,-84.508,0.096142,0.995065,0.024524,-0.995214,0.095666,0.019909,0.017465,-0.026321,0.999501,0,0.08000,-0.12000,4.800,-0.240,-1,400.000,-1,400.000,-1,325.000,325.000,300.000,300.000,750.000,625.000,600.000,-1,775.000,800.000,-1,-1,2,0,2,0,2,0,0,0,0,1,0,0,2,0,0,2,2
132,-7541.911,8840.744,-110.623,-84.941,0.088627,0.995764,0.024460,-0.995906,0.088148,0.020015,0.017774,-0.026133,0.999500,0,0.16000,-0.21636,9.600,-0.433,-1,400.000,-1,400.000,-1,325.000,325.000,300.000,300.000,775.000,625.000,600.000,-1,775.000,800.000,-1,-1,2,0,2,0,2,0,0,0,0,1,0,0,2,0,0,2,2
133,-7540.751,8826.391,-110.366,-85.379,0.081014,0.996415,0.024384,-0.996548,0.080531,0.020179,0.018143,-0.025935,0.999499,0,0.24000,-0.21909,14.400,-0.438,-1,400.000,-1,400.000,-1,325.000,325.000,300.000,300.000,775.000,625.000,625.000,-1,775.000,800.000,-1,-1,2,0,2,0,2,0,0,0,0,1,1,0,2,0,0,2,2
134,-7539.354,8807.242,-110.020,-85.826,0.073253,0.997017,0.024301,-0.997140,0.072764,0.020401,0.018572,-0.025726,0.999496,0,0.32000,-0.22324,19.200,-0.446,-1,400.000,-1,400.000,-1,325.000,325.000,300.000,300.000,800.000,600.000,625.000,-1,775.000,800.000,-1,-1,2,0,2,0,2,0,0,0,0,1,1,0,2,0,0,2,2
135,-7537.798,8783.292,-109.584,-86.284,0.065293,0.997572,0.024214,-0.997684,0.064798,0.020681,0.019062,-0.025508,0.999493,0,0.40000,-0.22886,24.000,-0.458,-1,400.000,-1,400.000,-1,325.000,325.000,300.000,300.000,800.000,600.000,650.000,-1,800.000,825.000,-1,-1,2,0,2,0,2,0,0,0,0,1,1,0,2,0,0,2,2
