timestep,x_cm,y_cm,z_cm,yaw_deg,basis_xx,basis_xy,basis_xz,basis_yx,basis_yy,basis_yz,basis_zx,basis_zy,basis_zz,teleport_flag,throttle_cmd,steering_cmd,cmd_move_cm,cmd_turn_deg,lidar_cm_0,lidar_cm_1,lidar_cm_2,lidar_cm_3,lidar_cm_4,lidar_cm_5,lidar_cm_6,lidar_cm_7,lidar_cm_8,lidar_cm_9,lidar_cm_10,lidar_cm_11,lidar_cm_12,lidar_cm_13,lidar_cm_14,lidar_cm_15,lidar_cm_16,lidar_class_0,lidar_class_1,lidar_class_2,lidar_class_3,lidar_class_4,lidar_class_5,lidar_class_6,lidar_class_7,lidar_class_8,lidar_class_9,lidar_class_10,lidar_class_11,lidar_class_12,lidar_class_13,lidar_class_14,lidar_class_15,lidar_class_16
0,-5141.473,5713.357,-427.508,-180.757,-0.991989,-0.013206,-0.125635,0.013043,-0.999913,0.002118,-0.125652,0.000463,0.992074,1,0.08000,0.12000,4.800,0.240,-1,-1,-1,-1,-1,-1,-1,250.000,275.000,-1,-1,-1,-1,-1,-1,-1,-1,2,2,2,2,2,2,2,1,1,2,2,2,2,2,2,2,2
1,-5151.074,5713.428,-428.433,-180.426,-0.991919,-0.007429,-0.126652,0.007253,-0.999972,0.001853,-0.126662,0.000919,0.991945,0,0.16000,0.16550,9.600,0.331,-1,-1,-1,-1,-1,-1,-1,250.000,275.000,-1,-1,-1,-1,-1,-1,-1,-1,2,2,2,2,2,2,2,1,1,2,2,2,2,2,2,2,2
2,-5165.474,5713.452,-429.824,-180.094,-0.991740,-0.001641,-0.128257,0.001472,-0.999998,0.001415,-0.128259,0.001215,0.991740,0,0.24000,0.16583,14.400,0.332,-1,-1,-1,-1,-1,-1,-1,250.000,275.000,-1,-1,-1,-1,-1,-1,-1,-1,2,2,2,2,2,2,2,1,1,2,2,2,2,2,2,2,2
3,-5184.675,5713.371,-431.681,-179.761,-0.991447,0.004179,-0.130446,-0.004322,-0.999990,0.000813,-0.130441,0.001370,0.991455,0,0.32000,0.16673,19.200,0.333,-1,-1,-1,-1,-1,-1,-1,250.000,275.000,-1,-1,-1,-1,-1,-1,-1,-1,2,2,2,2,2,2,2,1,1,2,2,2,2,2,2,2,2
4,-5208.674,5713.130,-434.001,-179.424,-0.991036,0.010054,-0.133214,-0.010151,-0.999948,0.000054,-0.133206,0.001406,0.991087,0,0.40000,0.16830,24.000,0.337,-1,-1,-1,-1,-1,-1,-1,250.000,275.000,-1,-1,-1,-1,-1,-1,-1,-1,2,2,2,2,2,2,2,1,1,2,2,2,2,2,2,2,2
5,-5237.472,5712.669,-436.818,-179.083,-0.990516,0.016011,-0.136462,-0.016063,-0.999871,-0.000724,-0.136456,0.001475,0.990645,0,0.48000,0.17069,28.800,0.341,-1,-1,-1,-1,-1,-1,-1,250.000,275.000,-1,-1,-1,-1,-1,-1,-1,-1,2,2,2,2,2,2,2,1,1,2,2,2,2,2,2,2,2
6,7406.768,-619.584,-178.558,89.654,0.005876,-0.999981,0.001979,0.995555,0.006036,0.093991,-0.094001,0.001418,0.995571,1,0.00000,0.00000,33.600,0.348,500.000,400.000,-1,825.000,-1,375.000,475.000,350.000,725.000,-1,-1,-1,-1,700.000,-1,650.000,-1,1,1,2,1,2,1,1,1,1,2,2,2,2,1,2,1,2
7,7406.777,-614.783,-179.216,89.894,0.001563,-0.999994,0.003083,0.995500,0.001848,0.094745,-0.094750,0.002921,0.995497,0,0.08000,0.12000,4.800,0.240,500.000,400.000,-1,825.000,-1,375.000,475.000,350.000,725.000,-1,-1,-1,-1,675.000,1000.000,625.000,-1,1,1,2,1,2,1,1,1,1,2,2,2,2,1,1,1,2
8,7406.730,-605.183,-180.577,90.283,-0.005498,-0.999970,0.005449,0.995337,-0.004947,0.096334,-0.096304,0.005953,0.995334,0,0.16000,0.19466,9.600,0.389,475.000,400.000,-1,800.000,-1,375.000,475.000,350.000,750.000,-1,-1,0.000,-1,675.000,975.000,600.000,-1,1,1,2,1,2,1,1,1,1,2,2,1,2,1,1,1,2
9,7406.565,-590.783,-182.720,90.662,-0.012533,-0.999878,0.009356,0.995026,-0.011546,0.098943,-0.098823,0.010550,0.995049,0,0.24000,0.18906,14.400,0.378,475.000,400.000,1000.000,775.000,-1,375.000,475.000,350.000,750.000,-1,-1,0.000,-1,650.000,950.000,575.000,-1,1,1,1,1,2,1,1,1,1,2,2,1,2,1,1,1,2
10,7406.222,-571.586,-185.642,91.025,-0.019507,-0.999700,0.014806,0.994566,-0.017888,0.102560,-0.102265,0.016726,0.994617,0,0.32000,0.18175,19.200,0.364,450.000,375.000,975.000,750.000,-1,350.000,475.000,350.000,775.000,-1,-1,0.000,-1,650.000,925.000,550.000,-1,1,1,1,1,2,1,1,1,1,2,2,1,2,1,1,1,2
11,-3607.622,7543.222,-309.068,-61.366,0.479876,0.877117,-0.019618,-0.876961,0.478896,-0.039991,-0.025682,0.036394,0.999007,1,0.00000,0.00000,24.000,0.345,-1,400.000,-1,400.000,-1,325.000,325.000,300.000,300.000,-1,-1,-1,-1,800.000,725.000,-1,-1,2,0,2,0,2,0,0,0,0,2,2,2,2,1,0,2,2
12,-3605.339,7539.000,-309.193,-61.606,0.476202,0.879116,-0.019651,-0.878954,0.475218,-0.040099,-0.025913,0.036367,0.999002,0,0.08000,-0.12000,4.800,-0.240,-1,400.000,-1,400.000,-1,325.000,325.000,300.000,300.000,-1,-1,-1,-1,825.000,725.000,-1,-1,2,0,2,0,2,0,0,0,0,2,2,2,2,1,0,2,2
13,-3600.845,7530.517,-309.445,-62.086,0.468830,0.883068,-0.019717,-0.882895,0.467837,-0.040313,-0.026375,0.036308,0.998993,0,0.16000,-0.24000,9.600,-0.480,-1,400.000,-1,400.000,-1,325.000,325.000,300.000,300.000,-1,-1,-1,-1,-1,725.000,-1,-1,2,0,2,0,2,0,0,0,0,2,2,2,2,2,0,2,2
14,-3594.264,7517.708,-309.829,-62.806,0.457710,0.888881,-0.019816,-0.888690,0.456705,-0.040631,-0.027066,0.036207,0.998978,0,0.24000,-0.36000,14.400,-0.720,-1,400.000,-1,400.000,-1,325.000,325.000,300.000,300.000,-1,-1,-1,-1,-1,725.000,-1,-1,2,0,2,0,2,0,0,0,0,2,2,2,2,2,0,2,2
15,-3585.736,7500.506,-310.352,-63.629,0.444916,0.895350,-0.019945,-0.895138,0.443896,-0.041036,-0.027888,0.036111,0.998959,0,0.32000,-0.41137,19.200,-0.823,-1,400.000,-1,400.000,-1,325.000,325.000,300.000,300.000,-1,-1,-1,-1,-1,700.000,-1,-1,2,0,2,0,2,0,0,0,0,2,2,2,2,2,0,2,2
16,-3575.384,7478.853,-311.017,-64.450,0.432062,0.901620,-0.020096,-0.901385,0.431024,-0.041517,-0.028771,0.036052,0.998936,0,0.40000,-0.41045,24.000,-0.821,-1,400.000,-1,400.000,-1,325.000,325.000,300.000,300.000,-1,-1,-1,-1,-1,700.000,-1,-1,2,0,2,0,2,0,0,0,0,2,2,2,2,2,0,2,2
17,-3563.335,7452.694,-311.828,-65.268,0.419157,0.907687,-0.020264,-0.907427,0.418098,-0.042070,-0.029714,0.036022,0.998909,0,0.48000,-0.40934,28.800,-0.819,-1,400.000,-1,400.000,-1,325.000,325.000,300.000,300.000,-1,-1,-1,-1,-1,700.000,-1,-1,2,0,2,0,2,0,0,0,0,2,2,2,2,2,0,2,2
18,-3549.714,7421.979,-312.789,-66.084,0.406212,0.913550,-0.020440,-0.913262,0.405129,-0.042689,-0.030718,0.036008,0.998879,0,0.56000,-0.40801,33.600,-0.816,-1,400.000,-1,375.000,-1,325.000,325.000,300.000,300.000,-1,-1,-1,-1,-1,700.000,-1,-1,2,0,2,0,2,0,0,0,0,2,2,2,2,2,0,2,2
19,-3534.647,7386.658,-313.905,-66.897,0.393237,0.919206,-0.020617,-0.918888,0.392128,-0.043371,-0.031782,0.035999,0.998846,0,0.64000,-0.40642,38.400,-0.813,-1,400.000,-1,375.000,-1,325.000,325.000,300.000,300.000,-1,-1,-1,-1,-1,675.000,-1,-1,2,0,2,0,2,0,0,0,0,2,2,2,2,2,0,2,2
20,-3518.259,7346.687,-315.177,-67.706,0.380245,0.924652,-0.020783,-0.924300,0.379109,-0.044109,-0.032907,0.035982,0.998811,0,0.72000,-0.40456,43.200,-0.809,-1,375.000,-1,375.000,-1,325.000,300.000,300.000,300.000,-1,-1,-1,-1,-1,675.000,-1,-1,2,0,2,0,2,0,0,0,0,2,2,2,2,2,0,2,2
21,-3500.675,7302.024,-316.719,-68.511,0.367255,0.929874,-0.021422,-0.929507,0.366080,-0.044749,-0.033768,0.036346,0.998769,0,0.80000,-0.40238,48.000,-0.805,-1,375.000,-1,375.000,-1,300.000,300.000,300.000,300.000,-1,-1,-1,-1,-1,675.000,-1,-1,2,0,2,0,2,0,0,0,0,2,2,2,2,2,0,2,2
22,-3482.021,7252.629,-318.248,-69.311,0.354240,0.934903,-0.021670,-0.934538,0.353070,-0.044489,-0.033942,0.036011,0.998775,0,0.88000,-0.39984,52.800,-0.800,-1,375.000,-1,375.000,-1,300.000,300.000,300.000,300.000,-1,-1,-1,-1,-1,650.000,-1,-1,2,0,2,0,2,0,0,0,0,2,2,2,2,2,0,2,2
23,-3462.680,7199.186,-319.717,-70.104,0.341213,0.939743,-0.021370,-0.939389,0.340099,-0.043368,-0.033487,0.034872,0.998831,0,0.94725,-0.39688,56.835,-0.794,-1,375.000,-1,375.000,-1,300.000,300.000,300.000,300.000,-1,-1,-1,-1,-1,650.000,-1,-1,2,0,2,0,2,0,0,0,0,2,2,2,2,2,0,2,2
24,-3444.029,7145.350,-321.234,-70.891,0.328227,0.944367,-0.020929,-0.944023,0.327174,-0.042160,-0.032967,0.033595,0.998892,0,0.94959,-0.39349,56.975,-0.787,-1,375.000,-1,375.000,-1,300.000,300.000,300.000,325.000,-1,-1,-1,-1,-1,650.000,-1,-1,2,0,2,0,2,0,0,0,0,2,2,2,2,2,0,2,2
25,-3426.073,7091.146,-322.752,-71.671,0.315284,0.948769,-0.020796,-0.948473,0.314307,-0.040122,-0.031530,0.032374,0.998978,0,0.95167,-0.38981,57.100,-0.780,-1,375.000,-1,375.000,-1,300.000,300.000,300.000,325.000,-1,-1,-1,-1,-1,650.000,-1,-1,2,0,2,0,2,0,0,0,0,2,2,2,2,2,0,2,2
26,-3408.816,7036.604,-323.985,-72.443,0.302428,0.952916,-0.022073,-0.952728,0.301500,-0.037501,-0.029080,0.032371,0.999053,0,0.95346,-0.38584,57.208,-0.772,-1,375.000,-1,375.000,-1,300.000,300.000,300.000,325.000,-1,-1,-1,-1,-1,625.000,-1,-1,2,0,2,0,2,0,0,0,0,2,2,2,2,2,0,2,2
27,-3392.261,6981.752,-325.240,-73.206,0.289655,0.956849,-0.023246,-0.956761,0.288782,-0.034839,-0.026622,0.032332,0.999123,0,0.95493,-0.38156,57.296,-0.763,-1,375.000,-1,375.000,-1,300.000,300.000,300.000,325.000,-1,-1,-1,-1,-1,625.000,-1,-1,2,0,2,0,2,0,0,0,0,2,2,2,2,2,0,2,2
28,-3376.411,6926.624,-326.514,-73.960,0.276980,0.960568,-0.024317,-0.960572,0.276167,-0.032140,-0.024157,0.032261,0.999188,0,0.95603,-0.37697,57.362,-0.754,-1,375.000,-1,375.000,-1,300.000,300.000,300.000,300.000,-1,-1,-1,-1,-1,625.000,-1,-1,2,0,2,0,2,0,0,0,0,2,2,2,2,2,0,2,2
29,-3361.268,6871.254,-327.807,-74.704,0.264418,0.964077,-0.025287,-0.964164,0.263671,-0.029409,-0.021686,0.032157,0.999248,0,0.95672,-0.37204,57.403,-0.744,-1,375.000,-1,375.000,-1,300.000,300.000,300.000,300.000,-1,-1,1000.000,-1,-1,625.000,-1,-1,2,0,2,0,2,0,0,0,0,2,2,0,2,2,0,2,2
30,-3347.838,6820.395,-329.006,-75.208,0.255863,0.966361,-0.026091,-0.966520,0.255179,-0.026891,-0.019328,0.032098,0.999298,0,0.87672,-0.25204,52.603,-0.504,-1,375.000,-1,375.000,-1,300.000,300.000,325.000,300.000,-1,825.000,725.000,-1,-1,625.000,-1,-1,2,0,2,0,2,0,0,0,0,2,0,0,2,2,0,2,2
31,-3335.279,6771.931,-330.153,-75.472,0.251343,0.967527,-0.026807,-0.967749,0.250722,-0.024491,-0.016975,0.032099,0.999341,0,0.83442,-0.13204,50.065,-0.264,-1,375.000,-1,375.000,-1,300.000,300.000,325.000,300.000,-1,500.000,550.000,-1,-1,625.000,-1,-1,2,0,2,0,2,0,0,1,0,2,0,0,2,2,0,2,2
32,-3322.743,6723.474,-331.300,-75.496,0.250870,0.967630,-0.027508,-0.967912,0.250315,-0.022102,-0.014501,0.032170,0.999377,0,0.83420,-0.01204,50.052,-0.024,-1,375.000,-1,350.000,-1,300.000,300.000,350.000,300.000,-1,425.000,450.000,-1,-1,625.000,-1,-1,2,0,2,0,2,0,0,1,0,2,0,0,2,2,0,2,2
33,-3310.030,6675.083,-332.441,-75.280,0.254445,0.966675,-0.028225,-0.967014,0.253958,-0.019734,-0.011908,0.032315,0.999407,0,0.83388,0.10796,50.033,0.216,-1,375.000,-1,350.000,-1,300.000,300.000,375.000,300.000,-1,400.000,425.000,-1,-1,600.000,-1,-1,2,0,2,0,2,0,0,1,0,2,0,0,2,2,0,2,2
34,-3296.939,6626.819,-333.478,-74.824,0.262066,0.964637,-0.028239,-0.965001,0.261646,-0.017722,-0.009707,0.031895,0.999444,0,0.83348,0.22796,50.009,0.456,-1,-1,-1,350.000,-1,300.000,300.000,400.000,300.000,-1,375.000,400.000,-1,-1,600.000,-1,1000.000,2,2,2,0,2,0,0,1,0,2,0,0,2,2,0,2,0
35,-3283.273,6578.741,-335.471,-74.128,0.273727,0.961643,-0.017788,-0.961725,0.273415,-0.018145,-0.012585,0.022074,0.999677,0,0.83303,0.34796,49.982,0.696,-1,-1,-1,350.000,-1,275.000,275.000,400.000,325.000,-1,425.000,500.000,-1,-1,575.000,-1,925.000,2,2,2,0,2,0,0,1,0,2,0,0,2,2,0,2,0
36,-3268.830,6530.920,-337.660,-73.193,0.289267,0.957238,-0.004438,-0.957111,0.289143,-0.018297,-0.016232,0.009541,0.999823,0,0.83257,0.46796,49.954,0.936,-1,-1,-1,325.000,-1,275.000,275.000,400.000,325.000,-1,500.000,700.000,-1,-1,575.000,-1,875.000,2,2,2,0,2,0,0,1,0,2,0,0,2,2,0,2,0
37,-3253.415,6483.431,-340.175,-72.017,0.308574,0.951136,0.011014,-0.950950,0.308738,-0.019347,-0.021802,-0.004504,0.999752,0,0.83213,0.58796,49.928,1.176,-1,-1,-1,325.000,975.000,250.000,250.000,400.000,350.000,-1,750.000,-1,-1,-1,525.000,-1,800.000,2,2,2,0,0,0,0,1,0,2,0,2,2,2,0,2,0
38,-3236.836,6436.361,-342.757,-70.601,0.331488,0.943056,0.027585,-0.943013,0.332089,-0.021068,-0.029029,-0.019029,0.999397,0,0.83174,0.70796,49.905,1.416,-1,-1,-1,300.000,900.000,225.000,250.000,400.000,350.000,-1,-1,-1,-1,-1,500.000,-1,700.000,2,2,2,0,0,0,0,1,0,2,2,2,2,2,0,2,0
39,-3219.096,6389.735,-345.243,-69.176,0.354138,0.934160,0.043950,-0.934498,0.355296,-0.021875,-0.036050,-0.033324,0.998794,0,0.83143,0.71218,49.886,1.424,-1,-1,-1,275.000,825.000,225.000,225.000,400.000,375.000,-1,-1,-1,-1,-1,475.000,-1,625.000,2,2,2,0,0,0,0,1,0,2,2,2,2,2,0,2,0
40,-3200.205,6343.600,-348.038,-67.744,0.376357,0.924388,0.062141,-0.925420,0.378282,-0.022382,-0.044197,-0.049083,0.997816,0,0.83088,0.71595,49.853,1.432,-1,-1,-1,250.000,750.000,200.000,200.000,400.000,375.000,1000.000,-1,-1,-1,-1,450.000,-1,525.000,2,2,2,0,0,1,0,1,0,0,2,2,2,2,0,2,0
41,-3180.174,6297.999,-351.147,-66.305,0.398040,0.913678,0.082203,-0.915808,0.400987,-0.022448,-0.053472,-0.066347,0.996363,0,0.83009,0.71988,49.805,1.440,-1,-1,-1,250.000,675.000,250.000,200.000,400.000,400.000,875.000,-1,-1,-1,-1,400.000,-1,450.000,2,2,2,0,0,1,0,1,0,0,2,2,2,2,0,2,0
42,-3159.019,6252.979,-354.572,-64.857,0.419068,0.901960,0.104168,-0.905706,0.423340,-0.021918,-0.063868,-0.085160,0.994318,0,0.82903,0.72397,49.742,1.448,-1,-1,-1,225.000,575.000,325.000,175.000,375.000,425.000,750.000,-1,-1,-1,-1,350.000,-1,375.000,2,2,2,0,0,1,0,1,0,0,2,2,2,2,0,2,0
43,-3136.755,6208.588,-358.314,-63.400,0.439314,0.889160,0.128051,-0.895167,0.445253,-0.020630,-0.075359,-0.105564,0.991553,0,0.82769,0.72823,49.661,1.456,-1,-1,-1,200.000,500.000,400.000,150.000,375.000,450.000,625.000,-1,-1,-1,-1,325.000,-1,300.000,2,2,2,0,0,1,0,1,0,0,2,2,2,2,0,2,0
44,-3113.401,6164.872,-362.370,-61.935,0.458644,0.875201,0.153847,-0.884262,0.466628,-0.018409,-0.087901,-0.127598,0.987923,0,0.82604,0.73266,49.563,1.465,-1,-1,-1,175.000,400.000,475.000,125.000,375.000,475.000,500.000,0.000,-1,-1,-1,275.000,-1,225.000,2,2,2,0,0,1,0,1,0,0,0,2,2,2,0,2,0
45,-3088.978,6121.880,-366.739,-60.460,0.476915,0.860000,0.181526,-0.873078,0.487348,-0.015069,-0.101425,-0.151300,0.983271,0,0.82409,0.73725,49.446,1.474,-1,-1,-1,150.000,300.000,500.000,150.000,350.000,525.000,400.000,0.000,-1,-1,-1,250.000,-1,175.000,2,2,2,0,0,1,1,1,0,1,0,2,2,2,1,2,0
46,5575.427,-7543.231,-366.831,-97.861,-0.131760,0.989319,0.062354,-0.987332,-0.136585,0.080750,0.088404,-0.050924,0.994782,1,0.00000,0.00000,49.310,1.484,375.000,325.000,-1,450.000,-1,275.000,325.000,-1,400.000,-1,0.000,0.000,-1,600.000,-1,-1,-1,1,1,2,0,2,0,0,2,0,2,1,0,2,0,2,2,2
47,-7547.986,9511.592,-190.646,172.456,-0.991289,-0.130707,-0.016207,0.131648,-0.987006,-0.092129,-0.003954,-0.093460,0.995615,1,0.08000,-0.12000,4.800,-0.240,-1,400.000,-1,450.000,-1,325.000,350.000,300.000,300.000,-1,-1,-1,-1,925.000,-1,-1,-1,2,0,2,0,2,0,0,0,0,2,2,2,2,0,2,2,2
48,-7557.493,9512.933,-190.687,171.976,-0.990153,-0.138976,-0.016820,0.139937,-0.985916,-0.091578,-0.003856,-0.093030,0.995656,0,0.16000,-0.24000,9.600,-0.480,-1,400.000,-1,450.000,-1,325.000,350.000,300.000,300.000,-1,-1,-1,-1,950.000,-1,-1,-1,2,0,2,0,2,0,0,0,0,2,2,2,2,0,2,2,2
49,-7571.731,9515.089,-190.735,171.390,-0.988669,-0.149062,-0.017736,0.150062,-0.984505,-0.090723,-0.003938,-0.092357,0.995718,0,0.24000,-0.29302,14.400,-0.586,-1,425.000,-1,450.000,-1,325.000,350.000,300.000,300.000,-1,-1,-1,-1,950.000,-1,-1,-1,2,0,2,0,2,0,0,0,0,2,2,2,2,0,2,2,2
50,-7590.684,9518.159,-190.784,170.804,-0.987074,-0.159144,-0.018949,0.160208,-0.983013,-0.089549,-0.004376,-0.091427,0.995802,0,0.32000,-0.29319,19.200,-0.586,-1,425.000,-1,450.000,-1,325.000,350.000,300.000,300.000,-1,-1,-1,-1,950.000,-1,-1,-1,2,0,2,0,2,0,0,0,0,2,2,2,2,0,2,2,2
51,-7614.336,9522.238,-190.830,170.217,-0.985366,-0.169222,-0.020463,0.170376,-0.981437,-0.088052,-0.005183,-0.090250,0.995906,0,0.40000,-0.29341,24.000,-0.587,-1,425.000,-1,450.000,-1,350.000,350.000,300.000,300.000,-1,-1,-1,-1,975.000,-1,-1,-1,2,0,2,0,2,0,0,0,0,2,2,2,2,0,2,2,2
52,-7642.666,9527.423,-190.872,169.630,-0.983543,-0.179297,-0.022284,0.180564,-0.979776,-0.086234,-0.006372,-0.088839,0.996026,0,0.48000,-0.29368,28.800,-0.587,-1,425.000,-1,450.000,-1,350.000,350.000,300.000,300.000,-1,-1,-1,-1,975.000,-1,-1,-1,2,0,2,0,2,0,0,0,0,2,2,2,2,0,2,2,2
53,-7675.653,9533.812,-190.911,169.042,-0.981602,-0.189368,-0.024417,0.190770,-0.978026,-0.084100,-0.007954,-0.087211,0.996158,0,0.56000,-0.29397,33.600,-0.588,-1,425.000,-1,450.000,-1,350.000,350.000,300.000,300.000,-1,-1,-1,-1,975.000,-1,-1,-1,2,0,2,0,2,0,0,0,0,2,2,2,2,0,2,2,2
54,-7713.276,9541.500,-190.949,168.453,-0.979542,-0.199436,-0.026870,0.200992,-0.976184,-0.081656,-0.009945,-0.085386,0.996298,0,0.64000,-0.29428,38.400,-0.589,-1,450.000,-1,450.000,-1,350.000,350.000,300.000,300.000,-1,-1,-1,-1,1000.000,-1,-1,-1,2,0,2,0,2,0,0,0,0,2,2,2,2,0,2,2,2
55,-7751.640,9549.751,-190.987,167.864,-0.977368,-0.209495,-0.029401,0.211204,-0.974231,-0.079162,-0.012059,-0.083580,0.996428,0,0.65400,-0.29457,39.240,-0.589,-1,450.000,-1,450.000,-1,350.000,350.000,300.000,300.000,-1,-1,-1,-1,1000.000,-1,-1,-1,2,0,2,0,2,0,0,0,0,2,2,2,2,0,2,2,2
56,-7789.840,9558.379,-191.027,167.275,-0.975080,-0.219541,-0.031954,0.221397,-0.972164,-0.076679,-0.014231,-0.081843,0.996544,0,0.65270,-0.29479,39.162,-0.590,-1,450.000,-1,450.000,-1,350.000,350.000,300.000,300.000,-1,-1,-1,-1,1000.000,-1,-1,-1,2,0,2,0,2,0,0,0,0,2,2,2,2,0,2,2,2
57,-7827.873,9567.381,-191.437,166.685,-0.972696,-0.229541,-0.034266,0.231544,-0.969868,-0.075790,-0.015836,-0.081655,0.996535,0,0.65139,-0.29495,39.083,-0.590,-1,450.000,-1,450.000,-1,350.000,375.000,300.000,300.000,-1,-1,-1,-1,1000.000,-1,-1,-1,2,0,2,0,2,0,0,0,0,2,2,2,2,0,2,2,2
58,-7865.735,9576.752,-192.295,166.095,-0.970150,-0.239484,-0.038160,0.241789,-0.967317,-0.076395,-0.018617,-0.083341,0.996347,0,0.65007,-0.29503,39.004,-0.590,-1,450.000,-1,450.000,-1,350.000,375.000,275.000,300.000,-1,-1,-1,-1,1000.000,-1,-1,-1,2,0,2,0,2,0,0,0,0,2,2,2,2,0,2,2,2
59,-7903.422,9586.493,-193.161,165.504,-0.967485,-0.249396,-0.042131,0.252019,-0.964655,-0.076992,-0.021440,-0.085107,0.996141,0,0.64875,-0.29505,38.925,-0.590,-1,450.000,-1,450.000,-1,350.000,350.000,275.000,300.000,-1,-1,-1,-1,975.000,-1,-1,-1,2,0,2,0,2,0,0,0,0,2,2,2,2,0,2,2,2
60,-7942.872,9597.113,-194.340,164.930,-0.964802,-0.259029,-0.045396,0.261902,-0.962026,-0.076897,-0.023753,-0.086080,0.996005,0,0.68088,-0.28709,40.853,-0.574,-1,450.000,-1,450.000,-1,350.000,350.000,275.000,300.000,-1,-1,-1,-1,975.000,-1,-1,-1,2,0,2,0,2,0,0,0,0,2,2,2,2,0,2,2,2
61,-7982.183,9608.125,-195.988,164.351,-0.961960,-0.268763,-0.048991,0.271870,-0.959404,-0.075033,-0.026836,-0.085498,0.995977,0,0.68039,-0.28987,40.824,-0.580,-1,450.000,-1,450.000,-1,350.000,350.000,275.000,300.000,-1,-1,-1,-1,950.000,975.000,-1,-1,2,0,2,0,2,0,0,0,0,2,2,2,2,0,0,2,2
62,-8021.344,9619.529,-197.718,163.765,-0.958967,-0.278568,-0.052756,0.281911,-0.956666,-0.072910,-0.030159,-0.084791,0.995942,0,0.67979,-0.29269,40.787,-0.585,-1,450.000,-1,450.000,-1,350.000,350.000,250.000,300.000,-1,-1,-1,-1,925.000,950.000,-1,-1,2,0,2,0,2,0,0,0,0,2,2,2,2,0,0,2,2
63,-8060.345,9631.323,-199.461,163.174,-0.955828,-0.288436,-0.056555,0.292012,-0.953787,-0.070845,-0.033507,-0.084231,0.995883,0,0.67907,-0.29554,40.744,-0.591,-1,425.000,-1,450.000,-1,350.000,350.000,275.000,300.000,-1,-1,-1,-1,900.000,925.000,-1,-1,2,0,2,0,2,0,0,0,0,2,2,2,2,0,0,2,2
64,-8099.172,9643.507,-201.217,162.577,-0.952539,-0.298366,-0.060390,0.302174,-0.950764,-0.068842,-0.036876,-0.083823,0.995798,0,0.67822,-0.29842,40.693,-0.597,-1,425.000,-1,425.000,-1,350.000,350.000,275.000,300.000,-1,-1,-1,-1,875.000,900.000,-1,-1,2,0,2,0,2,0,0,0,0,2,2,2,2,0,0,2,2
65,-8137.814,9656.081,-202.988,161.975,-0.949098,-0.308356,-0.064264,0.312397,-0.947593,-0.066905,-0.040266,-0.083576,0.995688,0,0.67727,-0.30133,40.636,-0.603,-1,425.000,-1,425.000,-1,350.000,350.000,275.000,300.000,-1,-1,-1,-1,850.000,850.000,-1,-1,2,0,2,0,2,0,0,0,1,2,2,2,2,0,0,2,2
66,-8176.260,9669.045,-204.721,161.366,-0.945515,-0.318410,-0.067942,0.322660,-0.944288,-0.064884,-0.043497,-0.083271,0.995577,0,0.67619,-0.30425,40.571,-0.608,-1,425.000,-1,425.000,-1,350.000,350.000,275.000,300.000,-1,-1,-1,-1,825.000,825.000,-1,-1,2,0,2,0,2,0,0,0,1,2,2,2,2,0,0,2,2
67,-8214.497,9682.396,-206.352,160.752,-0.941813,-0.328524,-0.071137,0.332925,-0.940872,-0.062612,-0.046361,-0.082652,0.995500,0,0.67500,-0.30688,40.500,-0.614,-1,425.000,-1,425.000,-1,350.000,350.000,275.000,275.000,-1,-1,-1,-1,825.000,800.000,-1,-1,2,0,2,0,2,0,0,0,1,2,2,2,2,0,0,2,2
68,-8252.515,9696.131,-207.975,160.136,-0.937983,-0.338639,-0.074245,0.343180,-0.937328,-0.060356,-0.049153,-0.082092,0.995412,0,0.67370,-0.30808,40.422,-0.616,-1,400.000,-1,425.000,-1,325.000,325.000,275.000,275.000,-1,-1,-1,-1,800.000,775.000,-1,-1,2,0,2,0,2,0,0,0,1,2,2,2,2,0,0,2,2
69,-8290.302,9710.246,-209.590,159.518,-0.934025,-0.348750,-0.077265,0.353420,-0.933657,-0.058122,-0.051869,-0.081594,0.995315,0,0.67228,-0.30920,40.337,-0.618,-1,400.000,-1,400.000,-1,325.000,325.000,275.000,275.000,-1,-1,-1,-1,775.000,750.000,-1,-1,2,0,2,0,2,0,0,0,1,2,2,2,2,0,0,2,2
70,-8327.850,9724.737,-211.198,158.897,-0.929943,-0.358853,-0.080197,0.363643,-0.929859,-0.055916,-0.054506,-0.081162,0.995209,0,0.67076,-0.31023,40.245,-0.620,-1,400.000,-1,400.000,-1,325.000,325.000,275.000,275.000,-1,-1,-1,-1,775.000,725.000,-1,-1,2,0,2,0,2,0,0,0,1,2,2,2,2,0,0,2,2
71,-8365.146,9739.598,-212.800,158.275,-0.925735,-0.368943,-0.083038,0.373843,-0.925934,-0.053744,-0.057060,-0.080796,0.995096,0,0.66913,-0.31118,40.148,-0.622,-1,400.000,-1,400.000,-1,325.000,325.000,275.000,250.000,-1,-1,-1,-1,750.000,725.000,-1,-1,2,0,2,0,2,0,0,0,1,2,2,2,2,0,0,2,2
72,-8402.184,9754.824,-214.516,157.651,-0.921427,-0.379001,-0.085617,0.384024,-0.921847,-0.052200,-0.059142,-0.080977,0.994960,0,0.66740,-0.31205,40.044,-0.624,-1,400.000,-1,400.000,-1,325.000,325.000,275.000,250.000,-1,-1,-1,-1,750.000,700.000,-1,-1,2,0,2,0,2,0,0,0,1,2,2,2,2,0,0,2,2
73,-8438.953,9770.410,-216.609,157.025,-0.917070,-0.388987,-0.087582,0.394200,-0.917518,-0.052594,-0.059900,-0.082758,0.994768,0,0.66559,-0.31283,39.935,-0.626,-1,400.000,-1,400.000,-1,325.000,325.000,275.000,250.000,-1,-1,-1,-1,725.000,675.000,-1,-1,2,0,2,0,2,0,0,0,1,2,2,2,2,0,0,2,2
74,-8475.445,9786.353,-218.575,156.398,-0.912643,-0.398960,-0.088958,0.404302,-0.913103,-0.052751,-0.060182,-0.084109,0.994637,0,0.66369,-0.31352,39.822,-0.627,-1,375.000,-1,375.000,-1,325.000,325.000,275.000,250.000,-1,-1,-1,-1,725.000,675.000,-1,-1,2,0,2,0,2,0,0,0,1,2,2,2,2,0,0,2,2
75,-8511.652,9802.646,-220.484,155.770,-0.908122,-0.408905,-0.090063,0.414354,-0.908580,-0.052861,-0.060214,-0.085322,0.994532,0,0.66173,-0.31411,39.704,-0.628,1000.000,375.000,-1,375.000,-1,325.000,325.000,275.000,250.000,-1,-1,-1,-1,725.000,675.000,-1,-1,0,0,2,0,2,0,0,0,1,2,2,2,2,0,0,2,2
76,-8547.568,9819.284,-222.136,155.141,-0.903534,-0.418777,-0.090847,0.424381,-0.903858,-0.054242,-0.059398,-0.087564,0.994386,0,0.65970,-0.31462,39.582,-0.629,950.000,375.000,-1,375.000,-1,325.000,325.000,275.000,250.000,-1,-1,-1,-1,700.000,675.000,-1,-1,0,0,2,0,2,0,0,0,1,2,2,2,2,0,0,2,2
77,-8583.187,9836.262,-223.716,154.511,-0.898847,-0.428592,-0.091557,0.434368,-0.898990,-0.056044,-0.058289,-0.090145,0.994221,0,0.65763,-0.31503,39.458,-0.630,925.000,375.000,-1,375.000,-1,325.000,325.000,275.000,250.000,-1,-1,-1,-1,700.000,675.000,1000.000,-1,0,0,2,0,2,0,0,0,1,2,2,2,2,0,0,0,2
78,-8622.844,9855.912,-225.948,153.641,-0.892309,-0.442135,-0.091110,0.447921,-0.892260,-0.056905,-0.056134,-0.091587,0.994214,0,0.73763,-0.43503,44.258,-0.870,900.000,375.000,-1,375.000,-1,325.000,325.000,275.000,250.000,-1,-1,-1,-1,675.000,675.000,975.000,-1,0,0,2,0,2,0,0,0,1,2,2,2,2,0,0,0,2
79,-8666.372,9878.541,-228.703,152.530,-0.883682,-0.459305,-0.090247,0.465015,-0.883464,-0.057033,-0.053535,-0.092365,0.994285,0,0.81763,-0.55503,49.058,-1.110,875.000,375.000,-1,375.000,-1,325.000,325.000,300.000,225.000,-1,-1,-1,-1,675.000,650.000,950.000,-1,0,0,2,0,2,0,0,0,1,2,2,2,2,0,0,0,2
80,-8711.457,9903.345,-231.328,151.180,-0.872772,-0.479906,-0.089211,0.485581,-0.872240,-0.058383,-0.049795,-0.094274,0.994300,0,0.85761,-0.67503,51.457,-1.350,850.000,400.000,-1,375.000,-1,325.000,325.000,300.000,225.000,-1,-1,-1,-1,675.000,650.000,950.000,-1,0,0,2,0,2,0,0,0,1,2,2,2,2,0,0,0,2
81,-8755.817,9929.174,-233.493,149.787,-0.861009,-0.500870,-0.088281,0.506517,-0.860139,-0.060014,-0.045875,-0.096389,0.994286,0,0.85552,-0.69660,51.331,-1.393,825.000,400.000,-1,375.000,-1,325.000,325.000,300.000,225.000,-1,-1,-1,-1,650.000,650.000,925.000,-1,0,0,2,0,2,0,0,0,1,2,2,2,2,0,0,0,2
82,-8799.433,9956.011,-235.543,148.394,-0.848742,-0.521521,-0.087487,0.527145,-0.847523,-0.061830,-0.041901,-0.098596,0.994245,0,0.85349,-0.69658,51.210,-1.393,800.000,400.000,-1,375.000,-1,325.000,325.000,300.000,225.000,-1,-1,-1,-1,650.000,650.000,925.000,-1,0,0,2,0,2,0,0,0,1,2,2,2,2,0,0,0,2
83,-8842.283,9983.834,-237.481,147.001,-0.835982,-0.541843,-0.086839,0.547448,-0.834402,-0.063824,-0.037876,-0.100896,0.994176,0,0.85149,-0.69644,51.089,-1.393,775.000,400.000,-1,375.000,-1,325.000,300.000,300.000,225.000,-1,-1,-1,-1,625.000,650.000,925.000,-1,0,0,2,0,2,0,0,0,1,2,2,2,2,0,0,0,2
84,-8884.347,10012.624,-239.304,145.609,-0.822741,-0.561819,-0.086349,0.567411,-0.820787,-0.065989,-0.033800,-0.103287,0.994077,0,0.84952,-0.69620,50.971,-1.392,775.000,400.000,-1,375.000,-1,325.000,300.000,300.000,250.000,-1,-1,-1,-1,625.000,650.000,875.000,-1,0,0,2,0,2,0,0,0,1,2,2,2,2,0,0,0,2
85,-8925.606,10042.359,-241.015,144.217,-0.809031,-0.581436,-0.086026,0.587016,-0.806688,-0.068315,-0.029675,-0.105768,0.993948,0,0.84760,-0.69585,50.856,-1.392,750.000,375.000,-1,375.000,-1,325.000,300.000,275.000,250.000,-1,-1,-1,-1,600.000,650.000,850.000,-1,0,0,2,0,2,0,0,0,1,2,2,2,2,0,0,0,2
86,-8966.043,10073.020,-242.524,142.826,-0.794847,-0.600700,-0.085895,0.606262,-0.792149,-0.070335,-0.025791,-0.107981,0.993818,0,0.84575,-0.69539,50.745,-1.391,725.000,375.000,-1,375.000,-1,325.000,300.000,275.000,250.000,-1,700.000,-1,-1,600.000,650.000,825.000,-1,0,0,2,0,2,0,0,0,1,2,0,2,2,0,0,0,2
87,-9005.640,10104.587,-243.779,141.437,-0.780187,-0.619616,-0.085934,0.625148,-0.777199,-0.071773,-0.022316,-0.109718,0.993712,0,0.84396,-0.69483,50.638,-1.390,725.000,350.000,-1,375.000,-1,300.000,300.000,275.000,250.000,-1,650.000,-1,-1,575.000,625.000,775.000,-1,0,0,2,0,2,0,0,0,1,2,0,2,2,0,0,0,2
88,-9044.382,10137.038,-244.928,140.048,-0.765096,-0.638133,-0.086111,0.643643,-0.761801,-0.073377,-0.018775,-0.111565,0.993580,0,0.84226,-0.69417,50.536,-1.388,700.000,350.000,-1,350.000,-1,300.000,300.000,275.000,275.000,-1,625.000,-1,-1,575.000,625.000,750.000,-1,0,0,2,0,2,0,0,0,1,2,0,2,2,0,0,0,2
89,-9082.254,10170.354,-245.746,138.661,-0.749660,-0.656306,-0.085278,0.661665,-0.746045,-0.074937,-0.014440,-0.112603,0.993535,0,0.84065,-0.69342,50.439,-1.387,650.000,350.000,-1,350.000,-1,300.000,300.000,275.000,275.000,-1,600.000,675.000,-1,550.000,625.000,725.000,-1,0,0,2,0,2,0,0,0,1,2,0,0,2,0,0,0,2
90,-9119.239,10204.520,-245.388,137.276,-0.734121,-0.674383,-0.079209,0.678986,-0.730217,-0.075904,-0.006651,-0.109504,0.993964,0,0.83914,-0.69257,50.348,-1.385,725.000,350.000,-1,375.000,-1,300.000,300.000,300.000,275.000,-1,475.000,500.000,-1,575.000,625.000,800.000,-1,0,0,2,0,2,0,0,0,1,2,0,0,2,0,0,0,2
91,-9155.328,10239.507,-244.305,135.893,-0.718043,-0.691928,-0.075165,0.695999,-0.713842,-0.077555,0.000006,-0.108002,0.994151,0,0.83772,-0.69163,50.263,-1.383,725.000,350.000,-1,375.000,-1,300.000,300.000,300.000,300.000,1000.000,450.000,475.000,-1,600.000,625.000,825.000,-1,0,0,2,0,2,0,0,0,1,0,0,0,2,0,0,0,2
92,-9190.509,10275.299,-243.349,134.512,-0.701584,-0.709082,-0.070585,0.712551,-0.697103,-0.079493,0.007162,-0.106066,0.994333,0,0.83642,-0.69060,50.185,-1.381,750.000,350.000,-1,375.000,-1,300.000,300.000,300.000,300.000,1000.000,425.000,425.000,-1,600.000,650.000,900.000,-1,0,0,2,0,2,0,0,0,1,0,0,0,2,0,0,0,2
93,-9224.769,10311.875,-242.527,133.133,-0.684745,-0.725837,-0.065455,0.728632,-0.680009,-0.081754,0.014830,-0.103673,0.994501,0,0.83523,-0.68950,50.114,-1.379,800.000,350.000,-1,375.000,-1,300.000,300.000,300.000,300.000,975.000,400.000,375.000,-1,625.000,650.000,-1,-1,0,0,2,0,2,0,0,0,0,0,0,0,2,0,0,2,2
94,-9258.097,10349.215,-241.717,131.756,-0.667511,-0.742150,-0.060354,0.744256,-0.662540,-0.084402,0.022652,-0.101258,0.994602,0,0.83414,-0.68831,50.049,-1.377,875.000,375.000,-1,375.000,-1,300.000,300.000,300.000,300.000,975.000,350.000,350.000,-1,650.000,650.000,-1,-1,0,0,2,0,2,0,0,0,0,0,0,0,2,0,0,2,2
95,-9290.484,10387.298,-240.421,130.382,-0.649852,-0.757874,-0.057612,0.759501,-0.644595,-0.087496,0.029175,-0.100616,0.994498,0,0.83317,-0.68705,49.990,-1.374,950.000,375.000,-1,375.000,-1,300.000,325.000,300.000,300.000,975.000,325.000,325.000,-1,650.000,675.000,-1,-1,0,0,2,0,2,0,0,0,0,0,0,0,2,0,0,2,2
96,-9321.919,10426.104,-239.010,129.011,-0.631857,-0.773102,-0.055411,0.774264,-0.626285,-0.091005,0.035653,-0.100405,0.994308,0,0.83232,-0.68572,49.939,-1.371,-1,375.000,-1,375.000,-1,300.000,325.000,300.000,300.000,975.000,300.000,325.000,-1,675.000,675.000,-1,-1,2,0,2,0,2,0,0,0,0,0,0,0,2,0,0,2,2
97,-9352.391,10465.615,-237.419,127.642,-0.613569,-0.787804,-0.053840,0.788509,-0.607613,-0.095185,0.042273,-0.100857,0.994002,0,0.83157,-0.68432,49.894,-1.369,-1,375.000,-1,375.000,-1,300.000,325.000,300.000,300.000,975.000,275.000,300.000,-1,675.000,700.000,-1,-1,2,0,2,0,2,0,0,0,0,0,0,0,2,0,0,2,2
98,-9381.890,10505.809,-235.735,126.276,-0.594987,-0.801997,-0.052830,0.802254,-0.588617,-0.099595,0.048778,-0.101641,0.993625,0,0.83093,-0.68285,49.856,-1.366,-1,375.000,-1,375.000,-1,325.000,325.000,275.000,300.000,950.000,275.000,300.000,-1,675.000,725.000,-1,-1,2,0,2,0,2,0,0,0,0,0,0,0,2,0,0,2,2
99,-9410.407,10546.668,-233.959,124.914,-0.576134,-0.815675,-0.052384,0.815491,-0.569314,-0.104192,0.055164,-0.102747,0.993177,0,0.83040,-0.68132,49.824,-1.363,-1,375.000,-1,400.000,-1,325.000,325.000,275.000,300.000,925.000,275.000,275.000,-1,700.000,725.000,-1,-1,2,0,2,0,2,0,0,0,0,0,0,0,2,0,0,2,2
100,-9437.933,10588.170,-232.012,123.554,-0.557004,-0.828857,-0.052379,0.828253,-0.549738,-0.108556,0.061183,-0.103849,0.992709,0,0.82997,-0.67974,49.798,-1.359,-1,375.000,-1,400.000,-1,325.000,325.000,275.000,300.000,900.000,250.000,275.000,900.000,700.000,750.000,-1,-1,2,0,2,0,2,0,0,0,0,0,0,0,1,0,0,2,2
101,-9464.456,10630.296,-229.159,122.198,-0.537324,-0.841798,-0.051559,0.840903,-0.530069,-0.109124,0.064531,-0.101991,0.992690,0,0.82964,-0.67809,49.779,-1.356,-1,375.000,-1,400.000,-1,325.000,325.000,275.000,300.000,900.000,300.000,300.000,850.000,725.000,750.000,-1,-1,2,0,2,0,2,0,0,0,0,0,0,0,1,0,0,2,2
102,-9489.968,10673.025,-225.709,120.845,-0.517205,-0.854388,-0.050194,0.853298,-0.510233,-0.107442,0.066187,-0.098400,0.992944,0,0.82941,-0.67640,49.765,-1.353,-1,375.000,-1,400.000,-1,325.000,325.000,275.000,300.000,925.000,350.000,375.000,850.000,725.000,750.000,-1,-1,2,0,2,0,2,0,0,0,0,0,0,0,1,0,0,2,2
103,-9514.463,10716.336,-221.978,119.496,-0.496848,-0.866510,-0.047973,0.865123,-0.490168,-0.106293,0.068589,-0.094314,0.993177,0,0.82927,-0.67466,49.756,-1.349,-1,375.000,-1,400.000,-1,325.000,325.000,275.000,300.000,975.000,425.000,425.000,825.000,725.000,725.000,-1,-1,2,0,2,0,2,0,0,0,0,0,0,0,1,0,0,2,2
104,-9537.932,10760.208,-218.135,118.150,-0.476276,-0.878104,-0.045773,0.876409,-0.469854,-0.105565,0.071190,-0.090394,0.993358,0,0.82922,-0.67287,49.753,-1.346,-1,375.000,-1,375.000,-1,325.000,325.000,275.000,300.000,1000.000,475.000,475.000,825.000,750.000,725.000,-1,-1,2,0,2,0,2,0,0,0,0,0,0,0,1,0,0,2,2
105,-9558.369,10800.248,-214.626,117.045,-0.459177,-0.887253,-0.044029,0.885305,-0.452947,-0.105236,0.073428,-0.087301,0.993472,0,0.74922,-0.55287,44.953,-1.106,-1,375.000,-1,375.000,-1,325.000,325.000,275.000,300.000,-1,525.000,500.000,825.000,750.000,725.000,-1,-1,2,0,2,0,2,0,0,0,0,2,0,0,1,0,0,2,2
106,-9576.082,10836.284,-211.468,116.179,-0.445673,-0.894178,-0.042673,0.892024,-0.439579,-0.105185,0.075296,-0.084943,0.993537,0,0.66922,-0.43287,40.153,-0.866,-1,400.000,-1,375.000,-1,325.000,325.000,275.000,300.000,-1,550.000,550.000,825.000,750.000,725.000,-1,-1,2,0,2,0,2,0,0,0,0,2,0,0,1,0,0,2,2
107,-9591.330,10868.181,-208.676,115.553,-0.435851,-0.899055,-0.041641,0.896738,-0.429850,-0.105313,0.076783,-0.083242,0.993567,0,0.58922,-0.31287,35.353,-0.626,-1,400.000,-1,375.000,-1,325.000,325.000,275.000,300.000,-1,575.000,575.000,825.000,750.000,725.000,-1,-1,2,0,2,0,2,0,0,0,0,2,0,0,1,0,0,2,2
108,-9604.322,10895.834,-206.236,115.167,-0.429782,-0.902005,-0.040930,0.899561,-0.423823,-0.105660,0.077959,-0.082230,0.993560,0,0.50922,-0.19287,30.553,-0.386,-1,400.000,-1,375.000,-1,325.000,325.000,275.000,300.000,-1,600.000,600.000,825.000,775.000,725.000,-1,-1,2,0,2,0,2,0,0,0,0,2,0,0,1,0,0,2,2
109,-9615.153,10919.200,-204.181,114.872,-0.425119,-0.904235,-0.040396,0.901691,-0.419188,-0.105992,0.078908,-0.081484,0.993546,0,0.42922,-0.14784,25.753,-0.296,-1,400.000,-1,375.000,-1,325.000,325.000,300.000,300.000,-1,625.000,600.000,825.000,775.000,725.000,-1,-1,2,0,2,0,2,0,0,0,0,2,0,0,1,0,0,2,2
110,-9623.867,10938.255,-202.508,114.578,-0.420481,-0.906419,-0.039994,0.903790,-0.414573,-0.106267,0.079742,-0.080829,0.993533,0,0.34922,-0.14676,20.953,-0.294,-1,400.000,-1,375.000,-1,325.000,325.000,300.000,300.000,-1,650.000,625.000,825.000,775.000,725.000,-1,-1,2,0,2,0,2,0,0,0,0,2,0,0,1,0,0,2,2
111,-9630.511,10952.979,-201.217,114.286,-0.415860,-0.908561,-0.039701,0.905862,-0.409972,-0.106478,0.080466,-0.080244,0.993522,0,0.26922,-0.14586,16.153,-0.292,-1,400.000,-1,375.000,-1,325.000,325.000,300.000,300.000,-1,650.000,650.000,825.000,775.000,725.000,-1,-1,2,0,2,0,2,0,0,0,0,2,0,0,1,0,0,2,2
112,-9635.127,10963.352,-200.306,113.996,-0.411250,-0.910666,-0.039499,0.907909,-0.405381,-0.106619,0.081082,-0.079708,0.993515,0,0.18922,-0.14516,11.353,-0.290,-1,400.000,-1,375.000,-1,325.000,325.000,300.000,300.000,-1,675.000,650.000,825.000,775.000,725.000,-1,-1,2,0,2,0,2,0,0,0,0,2,0,0,1,0,0,2,2
113,-9637.762,10969.352,-199.776,113.707,-0.406643,-0.912738,-0.039373,0.909936,-0.400793,-0.106682,0.081593,-0.079208,0.993513,0,0.10922,-0.14466,6.553,-0.289,-1,400.000,-1,375.000,-1,325.000,325.000,300.000,300.000,-1,675.000,650.000,825.000,775.000,725.000,-1,-1,2,0,2,0,2,0,0,0,0,2,0,0,1,0,0,2,2
114,-9642.229,10979.790,-198.853,113.177,-0.398188,-0.916467,-0.039165,0.913585,-0.392372,-0.106800,0.082512,-0.078308,0.993509,0,0.18922,-0.26466,11.353,-0.529,-1,400.000,-1,375.000,-1,325.000,325.000,300.000,300.000,-1,700.000,675.000,850.000,775.000,725.000,-1,-1,2,0,2,0,2,0,0,0,0,2,0,0,1,0,0,2,2
115,-9648.386,10994.725,-197.528,112.408,-0.385839,-0.921746,-0.038901,0.918749,-0.380069,-0.106995,0.083837,-0.077023,0.993498,0,0.26922,-0.38466,16.153,-0.769,-1,400.000,-1,375.000,-1,325.000,325.000,300.000,300.000,-1,700.000,675.000,850.000,775.000,725.000,-1,-1,2,0,2,0,2,0,0,0,0,2,0,0,1,0,0,2,2
116,-9656.030,11014.235,-195.789,111.399,-0.369534,-0.928415,-0.038615,0.925269,-0.363819,-0.107294,0.085564,-0.075378,0.993477,0,0.34922,-0.50466,20.953,-1.009,-1,400.000,-1,375.000,-1,325.000,325.000,300.000,300.000,-1,725.000,700.000,875.000,775.000,725.000,-1,-1,2,0,2,0,2,0,0,0,0,2,0,0,1,0,0,2,2
117,-9664.973,11038.386,-193.628,110.324,-0.352054,-0.935193,-0.038374,0.931884,-0.346387,-0.107743,0.087468,-0.073692,0.993438,0,0.42922,-0.53732,25.753,-1.075,-1,400.000,-1,375.000,-1,325.000,325.000,300.000,300.000,-1,750.000,725.000,900.000,775.000,725.000,-1,-1,2,0,2,0,2,0,0,0,0,2,0,0,1,0,0,2,2
118,-9675.046,11067.232,-190.970,109.252,-0.334509,-0.941605,-0.038526,0.938155,-0.328855,-0.108257,0.089266,-0.072356,0.993376,0,0.50922,-0.53623,30.553,-1.072,-1,400.000,-1,375.000,-1,325.000,325.000,300.000,300.000,-1,775.000,750.000,925.000,775.000,725.000,-1,-1,2,0,2,0,2,0,0,0,0,2,0,0,1,0,0,2,2
119,-9686.077,11100.821,-187.866,108.182,-0.316906,-0.947660,-0.038866,0.944073,-0.311241,-0.108883,0.091087,-0.071198,0.993295,0,0.58922,-0.53495,35.353,-1.070,-1,400.000,-1,375.000,-1,325.000,325.000,300.000,300.000,-1,800.000,775.000,950.000,775.000,750.000,-1,-1,2,0,2,0,2,0,0,0,0,2,0,0,1,0,0,2,2
120,-9697.892,11139.197,-184.325,107.115,-0.299255,-0.953360,-0.039390,0.949643,-0.293562,-0.109545,0.092873,-0.070188,0.993201,0,0.66922,-0.53347,40.153,-1.067,-1,400.000,-1,375.000,-1,325.000,325.000,300.000,300.000,-1,850.000,800.000,975.000,775.000,750.000,-1,-1,2,0,2,0,2,0,0,0,0,2,0,0,1,0,0,2,2
121,-9710.321,11182.399,-180.316,106.051,-0.281586,-0.958693,-0.040206,0.954852,-0.275830,-0.110339,0.094691,-0.069461,0.993080,0,0.74922,-0.53177,44.953,-1.064,-1,400.000,-1,400.000,-1,325.000,325.000,300.000,300.000,-1,875.000,850.000,1000.000,775.000,775.000,-1,-1,2,0,2,0,2,0,0,0,0,2,0,0,1,0,0,2,2
122,-9723.056,11229.966,-175.728,104.989,-0.263803,-0.963709,-0.040904,0.959780,-0.258031,-0.110649,0.096079,-0.068448,0.993017,0,0.82070,-0.53104,49.242,-1.062,-1,400.000,-1,375.000,-1,325.000,325.000,300.000,300.000,-1,925.000,900.000,-1,800.000,775.000,-1,-1,2,0,2,0,2,0,0,0,0,2,0,0,2,0,0,2,2
123,-9734.898,11277.727,-170.835,103.928,-0.245861,-0.968447,-0.040776,0.964389,-0.240166,-0.110787,0.097498,-0.066563,0.993007,0,0.82010,-0.53068,49.206,-1.061,-1,400.000,-1,375.000,-1,325.000,325.000,300.000,300.000,-1,1000.000,950.000,-1,800.000,800.000,-1,-1,2,0,2,0,2,0,0,0,0,2,0,0,2,0,0,2,2
124,-9745.847,11325.664,-165.872,102.867,-0.227855,-0.972843,-0.040726,0.968656,-0.222228,-0.110998,0.098933,-0.064741,0.992986,0,0.81952,-0.53025,49.171,-1.061,-1,400.000,-1,375.000,-1,325.000,325.000,300.000,300.000,-1,-1,1000.000,-1,825.000,825.000,-1,-1,2,0,2,0,2,0,0,0,0,2,2,0,2,0,0,2,2
125,-9755.901,11373.763,-160.852,101.808,-0.209796,-0.976893,-0.040810,0.972583,-0.204223,-0.111247,0.100342,-0.063030,0.992955,0,0.81896,-0.52977,49.138,-1.060,-1,400.000,-1,375.000,-1,325.000,325.000,300.000,300.000,-1,-1,-1,-1,850.000,825.000,-1,-1,2,0,2,0,2,0,0,0,0,2,2,2,2,0,0,2,2
126,-9765.059,11422.008,-155.778,100.749,-0.191692,-0.980598,-0.041021,0.976169,-0.186161,-0.111524,0.101724,-0.061422,0.992915,0,0.81843,-0.52924,49.106,-1.058,-1,400.000,-1,400.000,-1,325.000,325.000,300.000,300.000,-1,-1,-1,-1,850.000,850.000,-1,-1,2,0,2,0,2,0,0,0,0,2,2,2,2,0,0,2,2
127,-9773.320,11470.384,-150.650,99.692,-0.173551,-0.983956,-0.041354,0.979416,-0.168050,-0.111822,0.103079,-0.059910,0.992867,0,0.81792,-0.52865,49.075,-1.057,-1,400.000,-1,400.000,-1,325.000,325.000,300.000,300.000,-1,-1,-1,-1,875.000,850.000,-1,-1,2,0,2,0,2,0,0,0,0,2,2,2,2,0,0,2,2
128,-9780.683,11518.875,-145.469,98.636,-0.155381,-0.986970,-0.041802,0.982322,-0.149900,-0.112133,0.104405,-0.058487,0.992814,0,0.81745,-0.52800,49.047,-1.056,-1,400.000,-1,400.000,-1,325.000,325.000,300.000,300.000,-1,-1,-1,-1,900.000,875.000,-1,-1,2,0,2,0,2,0,0,0,0,2,2,2,2,0,0,2,2
129,-9787.501,11569.842,-139.982,97.620,-0.137866,-0.989543,-0.042395,0.984798,-0.132387,-0.112456,0.105668,-0.057255,0.992752,0,0.85702,-0.50795,51.421,-1.016,-1,400.000,-1,400.000,-1,325.000,325.000,300.000,300.000,-1,-1,-1,-1,925.000,900.000,-1,-1,2,0,2,0,2,0,0,0,0,2,2,2,2,0,0,2,2
130,-9793.422,11621.025,-134.427,96.600,-0.120236,-0.991809,-0.043114,0.986973,-0.114748,-0.112767,0.106896,-0.056111,0.992686,0,0.85872,-0.51030,51.523,-1.021,-1,400.000,-1,400.000,-1,325.000,325.000,300.000,300.000,-1,-1,-1,-1,925.000,1000.000,-1,-1,2,0,2,0,2,0,0,0,0,2,2,2,2,0,0,2,2
131,-9798.435,11672.404,-128.802,95.574,-0.102494,-0.993762,-0.043954,0.988844,-0.096987,-0.113055,0.108087,-0.055051,0.992616,0,0.86038,-0.51270,51.623,-1.025,-1,425.000,-1,425.000,-1,325.000,325.000,300.000,325.000,-1,-1,-1,-1,-1,-1,-1,-1,2,0,2,0,2,0,0,0,0,2,2,2,2,2,2,2,2
132,-9802.532,11723.961,-123.133,94.544,-0.084636,-0.995404,-0.044813,0.990398,-0.079106,-0.113375,0.109309,-0.053978,0.992541,0,0.86198,-0.51516,51.719,-1.030,-1,425.000,-1,425.000,-1,350.000,350.000,300.000,325.000,-1,-1,-1,-1,-1,-1,-1,-1,2,0,2,0,2,0,0,0,0,2,2,2,2,2,2,2,2
133,-9805.701,11775.674,-117.421,93.508,-0.066664,-0.996729,-0.045694,0.991632,-0.061110,-0.113721,0.110556,-0.052892,0.992461,0,0.86350,-0.51769,51.810,-1.035,-1,425.000,-1,425.000,-1,350.000,350.000,300.000,325.000,-1,1000.000,-1,-1,-1,-1,-1,-1,2,0,2,0,2,0,0,0,0,2,0,2,2,2,2,2,2
134,-9807.935,11827.524,-112.025,92.468,-0.048387,-0.997797,-0.045375,0.992673,-0.043004,-0.112917,0.110717,-0.050506,0.992568,0,0.86496,-0.52030,51.897,-1.041,-1,425.000,-1,425.000,-1,350.000,350.000,300.000,325.000,-1,-1,-1,-1,-1,-1,-1,-1,2,0,2,0,2,0,0,0,0,2,2,2,2,2,2,2,2
135,-9809.224,11879.486,-107.169,91.422,-0.029956,-0.998503,-0.045758,0.993658,-0.024784,-0.109681,0.108383,-0.048753,0.992913,0,0.86632,-0.52298,51.979,-1.046,-1,425.000,-1,425.000,-1,350.000,350.000,300.000,325.000,-1,-1,-1,-1,-1,-1,-1,-1,2,0,2,0,2,0,0,0,0,2,2,2,2,2,2,2,2
136,-9809.560,11931.540,-102.261,90.370,-0.011413,-0.998875,-0.046023,0.994299,-0.006457,-0.106431,0.106014,-0.046976,0.993254,0,0.86759,-0.52576,52.055,-1.052,-1,425.000,-1,425.000,-1,350.000,350.000,300.000,325.000,-1,-1,-1,-1,-1,-1,-1,-1,2,0,2,0,2,0,0,0,0,2,2,2,2,2,2,2,2
