timestep,x_cm,y_cm,z_cm,yaw_deg,basis_xx,basis_xy,basis_xz,basis_yx,basis_yy,basis_yz,basis_zx,basis_zy,basis_zz,teleport_flag,throttle_cmd,steering_cmd,cmd_move_cm,cmd_turn_deg,lidar_cm_0,lidar_cm_1,lidar_cm_2,lidar_cm_3,lidar_cm_4,lidar_cm_5,lidar_cm_6,lidar_cm_7,lidar_cm_8,lidar_cm_9,lidar_cm_10,lidar_cm_11,lidar_cm_12,lidar_cm_13,lidar_cm_14,lidar_cm_15,lidar_cm_16,lidar_class_0,lidar_class_1,lidar_class_2,lidar_class_3,lidar_class_4,lidar_class_5,lidar_class_6,lidar_class_7,lidar_class_8,lidar_class_9,lidar_class_10,lidar_class_11,lidar_class_12,lidar_class_13,lidar_class_14,lidar_class_15,lidar_class_16
0,-1643.177,-4922.933,-40.134,-134.414,-0.699335,0.713155,0.048376,-0.714707,-0.698704,-0.031736,0.011168,-0.056769,0.998325,1,0.08000,-0.12000,4.800,-0.240,-1,400.000,-1,375.000,450.000,325.000,325.000,325.000,325.000,-1,675.000,775.000,-1,775.000,525.000,-1,500.000,2,0,2,0,1,0,0,0,0,2,0,0,2,0,1,2,1
1,-1649.952,-4929.734,-40.000,-134.894,-0.705278,0.707279,0.048365,-0.708836,-0.704656,-0.031791,0.011596,-0.056704,0.998324,0,0.16000,-0.24000,9.600,-0.480,-1,400.000,-1,375.000,450.000,325.000,325.000,325.000,325.000,-1,700.000,775.000,-1,775.000,525.000,-1,500.000,2,0,2,0,1,0,0,0,0,2,0,0,2,0,1,2,1
2,-1660.209,-4939.842,-39.800,-135.419,-0.711724,0.700794,0.048332,-0.702356,-0.711113,-0.031856,0.012045,-0.056619,0.998323,0,0.24000,-0.26258,14.400,-0.525,-1,400.000,-1,375.000,450.000,325.000,325.000,325.000,325.000,-1,700.000,800.000,-1,775.000,525.000,-1,475.000,2,0,2,0,1,0,0,0,0,2,0,0,2,0,1,2,1
3,-1674.008,-4953.192,-39.545,-135.946,-0.718131,0.694225,0.048374,-0.695795,-0.717530,-0.031939,0.012537,-0.056595,0.998319,0,0.32000,-0.26350,19.200,-0.527,-1,400.000,-1,375.000,425.000,325.000,325.000,325.000,325.000,-1,725.000,800.000,-1,775.000,500.000,-1,475.000,2,0,2,0,1,0,0,0,0,2,0,0,2,0,1,2,1
4,-1691.410,-4969.720,-39.268,-136.476,-0.724504,0.687548,0.048709,-0.689144,-0.723914,-0.032071,0.013211,-0.056803,0.998298,0,0.40000,-0.26509,24.000,-0.530,-1,400.000,-1,375.000,400.000,325.000,325.000,325.000,325.000,-1,750.000,825.000,-1,775.000,475.000,-1,450.000,2,0,2,1,1,0,0,0,0,2,0,0,2,0,1,2,1
5,-1712.477,-4989.358,-38.902,-137.011,-0.730867,0.680750,0.049113,-0.682378,-0.730288,-0.032255,0.013909,-0.057087,0.998272,0,0.48000,-0.26738,28.800,-0.535,-1,400.000,-1,375.000,375.000,325.000,325.000,325.000,325.000,-1,750.000,825.000,-1,750.000,475.000,-1,425.000,2,0,2,1,1,0,0,0,0,2,0,0,2,0,1,2,1
6,-1737.270,-5012.036,-38.426,-137.552,-0.737237,0.673811,0.049599,-0.675476,-0.736664,-0.032539,0.014612,-0.057492,0.998239,0,0.56000,-0.27042,33.600,-0.541,-1,400.000,-1,350.000,350.000,325.000,325.000,325.000,325.000,-1,775.000,850.000,-1,750.000,450.000,-1,375.000,2,0,2,1,1,0,0,0,0,2,0,0,2,0,1,2,1
7,-1765.851,-5037.681,-37.840,-138.100,-0.743627,0.666710,0.050175,-0.668418,-0.743059,-0.032863,0.015372,-0.057976,0.998200,0,0.64000,-0.27423,38.400,-0.548,-1,400.000,-1,325.000,325.000,325.000,325.000,325.000,325.000,-1,800.000,875.000,-1,750.000,425.000,-1,350.000,2,0,2,1,1,0,0,0,0,2,0,0,2,1,1,2,1
8,-1798.285,-5066.218,-37.129,-138.658,-0.750051,0.659422,0.050856,-0.661182,-0.749489,-0.033230,0.016203,-0.058549,0.998153,0,0.72000,-0.27890,43.200,-0.558,-1,400.000,-1,325.000,300.000,325.000,325.000,325.000,325.000,-1,825.000,875.000,-1,725.000,400.000,-1,325.000,2,0,2,1,1,0,1,0,0,2,0,0,2,1,1,2,1
9,-1834.635,-5097.565,-36.276,-139.227,-0.756525,0.651921,0.051658,-0.653741,-0.755970,-0.033645,0.017118,-0.059224,0.998098,0,0.80000,-0.28448,48.000,-0.569,-1,400.000,-1,300.000,250.000,325.000,300.000,325.000,325.000,-1,850.000,900.000,-1,675.000,375.000,-1,275.000,2,0,2,1,1,0,1,0,0,2,0,0,2,1,1,2,1
10,-1871.730,-5128.903,-35.345,-139.809,-0.763069,0.644179,0.052526,-0.646064,-0.762523,-0.034076,0.018102,-0.059937,0.998038,0,0.80933,-0.29108,48.560,-0.582,-1,400.000,-1,275.000,225.000,325.000,275.000,325.000,325.000,-1,875.000,925.000,-1,650.000,325.000,-1,225.000,2,0,2,1,1,1,1,0,0,2,0,0,2,1,1,2,1
11,-1909.148,-5159.859,-32.342,-140.405,-0.769233,0.635877,0.062775,-0.638475,-0.768778,-0.036457,0.025078,-0.068124,0.997362,0,0.80937,-0.29804,48.562,-0.596,-1,400.000,-1,250.000,200.000,300.000,250.000,325.000,350.000,-1,650.000,775.000,-1,625.000,325.000,-1,225.000,2,1,2,1,1,1,1,0,1,2,0,0,2,1,1,2,1
12,-1946.872,-5190.404,-27.409,-141.016,-0.774788,0.626921,0.081692,-0.631104,-0.774613,-0.041016,0.037566,-0.083334,0.995813,0,0.80898,-0.30529,48.539,-0.611,-1,400.000,-1,250.000,200.000,300.000,250.000,300.000,350.000,-1,250.000,525.000,-1,650.000,300.000,-1,200.000,2,1,2,1,1,1,1,0,1,2,0,0,2,1,1,2,1
13,-1984.886,-5220.507,-22.294,-141.641,-0.780024,0.617532,0.101078,-0.623719,-0.780285,-0.046151,0.050370,-0.099044,0.993807,0,0.80812,-0.31284,48.487,-0.626,-1,375.000,-1,250.000,200.000,275.000,225.000,300.000,350.000,-1,150.000,350.000,-1,750.000,300.000,-1,200.000,2,1,2,1,1,1,1,0,1,2,0,0,2,1,1,2,1
14,-2023.170,-5250.134,-17.002,-142.283,-0.784919,0.607692,0.120880,-0.616341,-0.785768,-0.051891,0.063450,-0.115233,0.991310,0,0.80678,-0.32068,48.407,-0.641,-1,375.000,-1,225.000,200.000,275.000,225.000,275.000,375.000,825.000,125.000,275.000,-1,950.000,300.000,-1,200.000,2,1,2,1,1,1,1,0,1,0,0,0,2,0,1,2,1
15,-2064.711,-5281.781,-11.081,-142.722,-0.786956,0.600275,0.142723,-0.612121,-0.788607,-0.058373,0.077512,-0.133301,0.988040,0,0.87033,-0.21979,52.220,-0.440,-1,375.000,-1,225.000,200.000,275.000,225.000,275.000,375.000,625.000,75.000,225.000,-1,-1,300.000,-1,200.000,2,1,2,1,1,1,1,0,1,0,0,0,2,2,1,2,1
16,-2106.769,-5313.309,-4.868,-143.169,-0.788524,0.592535,0.164716,-0.608122,-0.791170,-0.065099,0.091745,-0.151499,0.984190,0,0.87599,-0.22350,52.559,-0.447,-1,375.000,-1,225.000,200.000,275.000,200.000,250.000,375.000,500.000,75.000,200.000,-1,-1,275.000,-1,175.000,2,1,2,1,1,1,1,0,1,0,0,0,2,2,1,2,1
17,4919.477,6887.305,-66.530,40.843,0.755881,-0.652714,0.051072,0.654570,0.755026,-0.038393,-0.013501,0.062450,0.997957,1,0.00000,0.00000,52.892,-0.455,-1,400.000,-1,400.000,-1,325.000,325.000,300.000,300.000,-1,650.000,650.000,-1,800.000,750.000,-1,-1,2,0,2,0,2,0,0,0,0,2,0,0,2,0,0,2,2
18,4923.122,6890.429,-66.609,40.603,0.758606,-0.649549,0.051019,0.651405,0.757757,-0.038410,-0.013711,0.062372,0.997959,0,0.08000,-0.12000,4.800,-0.240,-1,400.000,-1,400.000,-1,325.000,325.000,300.000,300.000,-1,650.000,650.000,-1,800.000,750.000,-1,-1,2,0,2,0,2,0,0,0,0,2,0,0,2,0,0,2,2
19,4930.463,6896.616,-66.761,40.123,0.764015,-0.643183,0.050958,0.645043,0.763178,-0.038450,-0.014159,0.062246,0.997960,0,0.16000,-0.24000,9.600,-0.480,-1,400.000,-1,400.000,-1,325.000,325.000,300.000,300.000,-1,650.000,675.000,-1,800.000,750.000,-1,-1,2,0,2,0,2,0,0,0,0,2,0,0,2,0,0,2,2
20,4941.590,6905.756,-67.001,39.403,0.772028,-0.633550,0.050866,0.635415,0.771210,-0.038508,-0.014832,0.062051,0.997963,0,0.24000,-0.36000,14.400,-0.720,-1,400.000,-1,400.000,-1,325.000,325.000,300.000,300.000,-1,650.000,675.000,-1,800.000,750.000,-1,-1,2,0,2,0,2,0,0,0,0,2,0,0,2,0,0,2,2
21,4956.628,6917.694,-67.339,38.443,0.782523,-0.620550,0.050746,0.622423,0.781730,-0.038579,-0.015730,0.061775,0.997966,0,0.32000,-0.48000,19.200,-0.960,-1,400.000,-1,400.000,-1,325.000,325.000,300.000,300.000,-1,675.000,700.000,-1,800.000,750.000,-1,-1,2,0,2,0,2,0,0,0,0,2,0,0,2,0,0,2,2
22,4975.735,6932.218,-67.791,37.243,0.795334,-0.604056,0.050599,0.605938,0.794572,-0.038659,-0.016852,0.061407,0.997971,0,0.40000,-0.60000,24.000,-1.200,-1,400.000,-1,400.000,-1,325.000,325.000,300.000,300.000,-1,700.000,700.000,-1,800.000,725.000,-1,-1,2,0,2,0,2,0,0,0,0,2,0,0,2,0,0,2,2
23,4999.093,6949.066,-68.374,35.803,0.810247,-0.583915,0.050427,0.585806,0.809525,-0.038742,-0.018200,0.060931,0.997976,0,0.48000,-0.72000,28.800,-1.440,-1,400.000,-1,400.000,-1,325.000,325.000,300.000,300.000,-1,725.000,725.000,-1,800.000,725.000,-1,-1,2,0,2,0,2,0,0,0,0,2,0,0,2,0,0,2,2
24,5026.909,6967.915,-69.109,34.123,0.827001,-0.559951,0.050235,0.561852,0.826326,-0.038819,-0.019774,0.060328,0.997983,0,0.56000,-0.84000,33.600,-1.680,-1,400.000,-1,400.000,-1,325.000,325.000,300.000,300.000,-1,750.000,725.000,-1,800.000,725.000,-1,-1,2,0,2,0,2,0,0,0,0,2,0,0,2,0,0,2,2
25,5059.403,6988.379,-70.019,32.203,0.845280,-0.531976,0.050027,0.533887,0.844661,-0.038884,-0.021570,0.059576,0.997991,0,0.64000,-0.96000,38.400,-1.920,-1,400.000,-1,400.000,-1,325.000,325.000,300.000,300.000,-1,775.000,750.000,-1,800.000,725.000,-1,-1,2,0,2,0,2,0,0,0,0,2,0,0,2,0,0,2,2
26,5094.777,7008.968,-71.026,30.203,0.863311,-0.502203,0.049851,0.504122,0.862763,-0.038740,-0.023554,0.058575,0.998005,0,0.68214,-1.00000,40.929,-2.000,-1,400.000,-1,375.000,-1,325.000,325.000,300.000,300.000,-1,825.000,800.000,-1,800.000,725.000,-1,-1,2,0,2,0,2,0,0,0,0,2,0,0,2,0,0,2,2
27,5130.847,7028.311,-72.110,28.203,0.880294,-0.471817,0.049705,0.473740,0.879819,-0.038580,-0.025529,0.057509,0.998019,0,0.68214,-1.00000,40.929,-2.000,-1,400.000,-1,375.000,-1,325.000,325.000,300.000,300.000,-1,875.000,850.000,-1,800.000,725.000,-1,-1,2,0,2,0,2,0,0,0,0,2,0,0,2,0,0,2,2
28,5167.571,7046.382,-73.269,26.203,0.896209,-0.440853,0.049588,0.442780,0.895807,-0.038410,-0.027489,0.056380,0.998031,0,0.68214,-1.00000,40.929,-2.000,-1,400.000,-1,375.000,-1,325.000,325.000,300.000,300.000,-1,925.000,875.000,-1,800.000,725.000,-1,-1,2,0,2,0,2,0,0,0,0,2,0,0,2,0,0,2,2
29,5204.903,7063.161,-74.417,24.203,0.911051,-0.409355,0.049141,0.411260,0.910723,-0.038049,-0.029179,0.054874,0.998067,0,0.68214,-1.00000,40.929,-2.000,-1,400.000,-1,375.000,-1,325.000,325.000,300.000,300.000,-1,975.000,925.000,-1,775.000,725.000,-1,-1,2,0,2,0,2,0,0,0,0,2,0,0,2,0,0,2,2
30,5242.798,7078.627,-75.612,22.203,0.924791,-0.377356,0.048628,0.379230,0.924538,-0.037598,-0.030771,0.053211,0.998109,0,0.68214,-1.00000,40.929,-2.000,-1,400.000,-1,375.000,-1,325.000,325.000,300.000,300.000,-1,-1,975.000,-1,775.000,725.000,-1,-1,2,0,2,0,2,0,0,0,0,2,2,0,2,0,0,2,2
31,5281.209,7092.760,-76.877,20.203,0.937406,-0.344891,0.048161,0.346733,0.937229,-0.037114,-0.032338,0.051490,0.998150,0,0.68214,-1.00000,40.929,-2.000,-1,400.000,-1,375.000,-1,325.000,325.000,300.000,325.000,-1,-1,-1,-1,775.000,700.000,-1,-1,2,0,2,0,2,0,0,0,0,2,2,2,2,0,0,2,2
32,5320.091,7105.545,-78.211,18.203,0.948881,-0.312001,0.047747,0.313809,0.948780,-0.036604,-0.033881,0.049717,0.998189,0,0.68214,-1.00000,40.929,-2.000,-1,400.000,-1,375.000,-1,325.000,325.000,300.000,325.000,-1,-1,-1,-1,775.000,700.000,-1,-1,2,0,2,0,2,0,0,0,0,2,2,2,2,0,0,2,2
33,5355.590,7116.021,-79.434,16.443,0.958029,-0.282734,0.047348,0.284515,0.957984,-0.036298,-0.035096,0.048245,0.998219,0,0.61687,-0.88000,37.012,-1.760,-1,400.000,-1,375.000,-1,325.000,325.000,300.000,325.000,-1,-1,-1,-1,775.000,700.000,-1,-1,2,0,2,0,2,0,0,0,0,2,2,2,2,0,0,2,2
34,5391.354,7125.552,-80.639,14.923,0.965214,-0.257236,0.046807,0.258992,0.965197,-0.036291,-0.035843,0.047152,0.998244,0,0.61687,-0.76000,37.012,-1.520,-1,400.000,-1,375.000,-1,325.000,325.000,325.000,325.000,-1,-1,-1,-1,750.000,700.000,-1,-1,2,0,2,0,2,0,0,0,0,2,2,2,2,0,0,2,2
35,5427.383,7134.296,-81.890,13.643,0.970743,-0.235622,0.046258,0.237351,0.970748,-0.036249,-0.036364,0.046168,0.998272,0,0.61791,-0.64000,37.075,-1.280,-1,400.000,-1,375.000,-1,325.000,325.000,325.000,325.000,-1,-1,-1,-1,750.000,700.000,-1,-1,2,0,2,0,2,0,0,0,0,2,2,2,2,0,0,2,2
36,5463.850,7142.449,-83.186,12.603,0.974884,-0.217973,0.045698,0.219672,0.974903,-0.036177,-0.036665,0.045307,0.998300,0,0.62277,-0.52000,37.366,-1.040,-1,400.000,-1,375.000,-1,325.000,325.000,325.000,325.000,-1,-1,-1,-1,750.000,700.000,-1,-1,2,0,2,0,2,0,0,0,0,2,2,2,2,0,0,2,2
37,5500.714,7150.152,-84.521,11.803,0.977858,-0.204346,0.045130,0.206017,0.977883,-0.036083,-0.036758,0.044581,0.998329,0,0.62768,-0.40000,37.661,-0.800,-1,400.000,-1,375.000,-1,325.000,325.000,325.000,325.000,-1,-1,-1,-1,750.000,675.000,-1,-1,2,0,2,0,2,0,0,0,0,2,2,2,2,0,0,2,2
38,5537.944,7157.553,-85.889,11.243,0.979834,-0.194784,0.044556,0.196425,0.979859,-0.035974,-0.036651,0.044000,0.998359,0,0.63263,-0.28000,37.958,-0.560,-1,400.000,-1,375.000,-1,325.000,325.000,325.000,325.000,-1,-1,-1,-1,750.000,675.000,-1,-1,2,0,2,0,2,0,0,0,0,2,2,2,2,0,0,2,2
39,5575.507,7164.802,-87.281,10.923,0.980932,-0.189312,0.043977,0.190923,0.980950,-0.035857,-0.036351,0.043570,0.998389,0,0.63761,-0.16000,38.257,-0.320,-1,400.000,-1,375.000,-1,325.000,325.000,325.000,325.000,-1,-1,-1,-1,725.000,675.000,-1,-1,2,0,2,0,2,0,0,0,0,2,2,2,2,0,0,2,2
40,5613.377,7172.055,-88.692,10.843,0.981220,-0.187944,0.043397,0.189526,0.981225,-0.035741,-0.035864,0.043295,0.998418,0,0.64264,-0.04000,38.558,-0.080,-1,400.000,-1,375.000,-1,325.000,325.000,325.000,325.000,-1,-1,-1,-1,725.000,675.000,-1,-1,2,0,2,0,2,0,0,0,0,2,2,2,2,0,0,2,2
41,5651.525,7179.473,-90.115,11.003,0.980717,-0.190685,0.042816,0.192237,0.980701,-0.035632,-0.035196,0.043176,0.998447,0,0.64770,0.08000,38.862,0.160,-1,400.000,-1,375.000,-1,325.000,325.000,325.000,325.000,-1,-1,-1,-1,725.000,675.000,-1,-1,2,0,2,0,2,0,0,0,0,2,2,2,2,0,0,2,2
42,5689.919,7187.217,-91.544,11.403,0.979387,-0.197526,0.042239,0.199050,0.979345,-0.035538,-0.034347,0.043213,0.998475,0,0.65280,0.20000,39.168,0.400,-1,400.000,-1,375.000,-1,325.000,325.000,325.000,300.000,-1,-1,-1,-1,725.000,675.000,-1,-1,2,0,2,0,2,0,0,0,0,2,2,2,2,0,0,2,2
43,5728.527,7195.454,-92.976,12.043,0.977145,-0.208451,0.041662,0.209948,0.977069,-0.035482,-0.033310,0.043418,0.998502,0,0.65794,0.32000,39.477,0.640,-1,375.000,1000.000,375.000,-1,325.000,300.000,325.000,300.000,-1,-1,-1,-1,725.000,675.000,-1,-1,2,0,1,0,2,0,0,0,0,2,2,2,2,0,0,2,2
44,5767.306,7204.352,-94.406,12.923,0.973854,-0.223429,0.041080,0.224899,0.973736,-0.035487,-0.032072,0.043799,0.998525,0,0.66312,0.44000,39.787,0.880,-1,375.000,950.000,375.000,-1,325.000,300.000,325.000,300.000,-1,-1,-1,-1,725.000,650.000,-1,950.000,2,0,1,0,2,0,0,0,0,2,2,2,2,0,0,2,1
45,5806.206,7214.082,-95.880,14.043,0.969321,-0.242416,0.040645,0.243857,0.969170,-0.035253,-0.030846,0.044083,0.998552,0,0.66831,0.56000,40.099,1.120,-1,375.000,900.000,375.000,-1,300.000,300.000,325.000,300.000,-1,-1,-1,-1,725.000,650.000,-1,900.000,2,0,1,0,2,0,0,0,0,2,2,2,2,0,0,2,1
46,5845.165,7224.816,-97.265,15.403,0.963304,-0.265351,0.040435,0.266757,0.963144,-0.034562,-0.029774,0.044080,0.998584,0,0.67351,0.68000,40.411,1.360,-1,375.000,875.000,375.000,-1,300.000,300.000,325.000,300.000,-1,-1,-1,-1,725.000,650.000,-1,825.000,2,0,1,0,2,0,0,0,0,2,2,2,2,0,0,2,1
47,5884.106,7236.723,-98.278,17.003,0.955564,-0.292155,0.039271,0.293456,0.955410,-0.032805,-0.027935,0.042871,0.998690,0,0.67868,0.80000,40.721,1.600,-1,375.000,850.000,375.000,-1,300.000,300.000,325.000,300.000,-1,-1,-1,-1,725.000,650.000,-1,775.000,2,0,1,0,2,0,0,0,0,2,2,2,2,0,0,2,1
48,5922.933,7249.973,-99.197,18.843,0.945746,-0.322700,0.037812,0.323884,0.945591,-0.030941,-0.025770,0.041509,0.998806,0,0.68377,0.92000,41.026,1.840,-1,375.000,825.000,375.000,950.000,300.000,300.000,325.000,325.000,-1,-1,-1,-1,725.000,650.000,-1,725.000,2,0,1,0,1,0,0,0,0,2,2,2,2,0,1,2,1
49,5961.557,7264.661,-100.081,20.821,0.934098,-0.355166,0.036297,0.356239,0.933939,-0.029180,-0.023535,0.040187,0.998915,0,0.68872,0.98903,41.323,1.978,-1,375.000,800.000,375.000,750.000,300.000,300.000,325.000,325.000,-1,-1,-1,-1,750.000,625.000,-1,675.000,2,0,1,0,1,0,0,0,0,2,2,2,2,0,1,2,1
50,5999.917,7280.779,-100.871,22.791,0.921380,-0.387082,0.035010,0.388065,0.921216,-0.027689,-0.021534,0.039098,0.999003,0,0.69348,0.98514,41.609,1.970,-1,375.000,775.000,375.000,675.000,300.000,300.000,300.000,325.000,-1,-1,-1,-1,750.000,600.000,-1,650.000,2,0,1,0,1,0,0,0,0,2,2,2,2,0,1,2,1
51,6037.949,7298.315,-101.603,24.753,0.907632,-0.418403,0.033803,0.419306,0.907462,-0.026356,-0.019648,0.038095,0.999081,0,0.69801,0.98075,41.881,1.961,-1,375.000,750.000,375.000,625.000,300.000,300.000,300.000,325.000,-1,-1,-1,-1,750.000,575.000,-1,600.000,2,0,1,0,1,0,0,0,0,2,2,2,2,0,1,2,1
52,6079.735,7319.125,-102.262,26.474,0.894702,-0.445488,0.032387,0.446318,0.894509,-0.025577,-0.017576,0.037339,0.999148,0,0.77801,0.86075,46.681,1.721,-1,400.000,725.000,375.000,550.000,300.000,300.000,300.000,300.000,-1,-1,-1,-1,750.000,525.000,-1,550.000,2,0,1,0,1,0,0,0,0,2,2,2,2,0,1,2,1
53,6125.208,7343.258,-102.865,27.956,0.882938,-0.468476,0.030837,0.469238,0.882710,-0.025268,-0.015382,0.036780,0.999205,0,0.85801,0.74075,51.481,1.481,-1,400.000,675.000,375.000,500.000,325.000,300.000,300.000,300.000,-1,-1,-1,-1,775.000,500.000,-1,500.000,2,0,1,0,1,0,0,0,0,2,2,2,2,1,1,2,1
54,6174.337,7370.713,-103.486,29.197,0.872632,-0.487502,0.029252,0.488198,0.872373,-0.025063,-0.013300,0.036152,0.999258,0,0.93801,0.62075,56.281,1.241,-1,400.000,625.000,375.000,450.000,325.000,300.000,300.000,300.000,-1,-1,-1,-1,750.000,450.000,1000.000,450.000,2,0,1,0,1,0,0,0,0,2,2,2,2,1,1,1,1
55,6226.194,7400.893,-104.123,30.199,0.864025,-0.502688,0.027666,0.503320,0.863740,-0.024948,-0.011355,0.035481,0.999306,0,1.00000,0.50075,60.000,1.001,-1,400.000,600.000,375.000,400.000,325.000,300.000,325.000,300.000,-1,-1,-1,-1,700.000,425.000,975.000,400.000,2,0,1,1,1,0,0,0,0,2,2,2,2,1,1,1,1
56,6277.646,7431.760,-104.749,30.960,0.857310,-0.514135,0.026167,0.514710,0.857002,-0.024908,-0.009619,0.034822,0.999347,0,1.00000,0.38075,60.000,0.761,-1,400.000,550.000,350.000,325.000,325.000,325.000,325.000,300.000,-1,975.000,-1,-1,650.000,375.000,925.000,350.000,2,0,1,1,1,0,0,0,0,2,0,2,2,1,1,1,1
57,6328.814,7463.093,-105.372,31.482,0.852632,-0.521925,0.024742,0.522449,0.852306,-0.024921,-0.008081,0.034175,0.999383,0,1.00000,0.26075,60.000,0.521,-1,400.000,475.000,300.000,275.000,325.000,325.000,325.000,300.000,-1,900.000,-1,-1,600.000,325.000,850.000,300.000,2,0,1,1,1,0,1,0,0,2,0,2,2,1,1,1,1
58,6379.828,7494.678,-106.025,31.763,0.850094,-0.526125,0.023080,0.526589,0.849762,-0.024659,-0.006639,0.033116,0.999429,0,1.00000,0.14075,60.000,0.281,-1,400.000,425.000,275.000,225.000,325.000,275.000,325.000,300.000,-1,850.000,-1,-1,525.000,275.000,775.000,225.000,2,0,1,1,1,0,1,0,0,2,0,2,2,1,1,1,1
59,6430.819,7526.299,-106.425,31.805,0.849733,-0.526787,0.021204,0.527178,0.849455,-0.022572,-0.006121,0.030358,0.999520,0,1.00000,0.02075,60.000,0.041,-1,400.000,375.000,225.000,175.000,300.000,225.000,325.000,300.000,-1,875.000,-1,-1,450.000,250.000,700.000,175.000,2,1,1,1,1,1,1,0,0,2,0,2,2,1,1,1,1
60,6481.920,7557.743,-106.868,31.606,0.851571,-0.523881,0.019352,0.524208,0.851342,-0.020571,-0.005699,0.027662,0.999601,0,1.00000,-0.09925,60.000,-0.199,-1,325.000,300.000,175.000,125.000,250.000,200.000,325.000,300.000,-1,875.000,-1,-1,400.000,200.000,600.000,125.000,2,1,1,1,1,1,1,0,0,2,0,2,2,1,1,1,1
61,6533.261,7588.795,-93.406,31.168,0.854583,-0.517358,-0.045046,0.518050,0.855339,0.004434,0.036235,-0.027125,0.998975,0,1.00000,-0.21925,60.000,-0.439,-1,300.000,300.000,175.000,125.000,250.000,175.000,275.000,425.000,700.000,125.000,300.000,-1,375.000,200.000,575.000,125.000,2,1,1,1,1,1,1,0,1,0,0,0,2,1,1,1,1
62,6584.958,7619.262,-79.982,30.489,0.855818,-0.505652,-0.109047,0.511380,0.858789,0.031181,0.077882,-0.082449,0.993547,0,1.00000,-0.33925,60.000,-0.679,-1,275.000,300.000,175.000,100.000,225.000,175.000,250.000,575.000,350.000,50.000,225.000,-1,325.000,200.000,525.000,125.000,2,1,1,1,1,1,1,0,1,0,0,0,2,1,1,1,1
63,6637.112,7648.947,-66.544,29.598,0.855023,-0.489125,-0.172317,0.504811,0.861102,0.060575,0.118754,-0.138781,0.983177,0,1.00000,-0.44596,60.000,-0.892,-1,250.000,275.000,150.000,100.000,200.000,150.000,225.000,950.000,200.000,0.000,175.000,-1,300.000,175.000,475.000,100.000,2,1,1,1,1,1,1,0,0,0,0,0,2,1,1,1,1
64,-3607.634,983.882,-24.411,160.316,-0.941015,-0.336427,-0.036152,0.337727,-0.940422,-0.039339,-0.020763,-0.049228,0.998572,1,0.00000,0.00000,60.000,-0.907,400.000,375.000,850.000,425.000,-1,325.000,325.000,300.000,300.000,-1,-1,-1,-1,425.000,850.000,400.000,-1,1,1,1,0,2,0,0,0,0,2,2,2,2,1,0,1,2
65,-3612.160,985.480,-24.517,160.556,-0.942409,-0.332488,-0.036274,0.333793,-0.941832,-0.039185,-0.021136,-0.049036,0.998573,0,0.08000,0.12000,4.800,0.240,400.000,375.000,800.000,425.000,-1,325.000,325.000,300.000,300.000,-1,-1,-1,-1,425.000,850.000,400.000,-1,1,1,1,0,2,0,0,0,0,2,2,2,2,1,0,1,2
66,-3621.239,988.600,-24.733,161.036,-0.945149,-0.324593,-0.036519,0.325907,-0.944602,-0.038876,-0.021877,-0.048646,0.998576,0,0.16000,0.24000,9.600,0.480,400.000,375.000,775.000,425.000,-1,325.000,325.000,300.000,300.000,-1,-1,-1,-1,425.000,850.000,400.000,-1,1,1,1,0,2,0,0,0,0,2,2,2,2,1,0,1,2
67,-3634.914,993.108,-25.068,161.756,-0.949133,-0.312706,-0.036887,0.314035,-0.948634,-0.038417,-0.022979,-0.048047,0.998581,0,0.24000,0.36000,14.400,0.720,375.000,350.000,725.000,425.000,-1,325.000,325.000,300.000,300.000,-1,-1,-1,-1,400.000,850.000,375.000,-1,1,1,1,0,2,0,0,0,0,2,2,2,2,1,0,1,2
68,-3653.247,998.813,-25.532,162.716,-0.954214,-0.296780,-0.037378,0.298126,-0.953777,-0.037811,-0.024429,-0.047224,0.998586,0,0.32000,0.48000,19.200,0.960,375.000,350.000,650.000,425.000,-1,325.000,325.000,300.000,300.000,-1,-1,-1,-1,375.000,850.000,350.000,-1,1,1,1,0,2,1,0,0,0,2,2,2,2,1,0,1,2
69,-3676.307,1005.462,-26.141,163.916,-0.960189,-0.276755,-0.037993,0.278118,-0.959831,-0.037065,-0.026209,-0.046156,0.998590,0,0.40000,0.60000,24.000,1.200,350.000,325.000,600.000,400.000,-1,325.000,325.000,300.000,300.000,-1,-1,-1,-1,375.000,700.000,350.000,-1,1,1,1,1,2,1,0,0,0,2,2,2,2,1,1,1,2
70,-3704.169,1012.753,-26.910,165.338,-0.966726,-0.252865,-0.038731,0.254246,-0.966462,-0.036188,-0.028282,-0.044831,0.998594,0,0.48000,0.71100,28.800,1.422,325.000,300.000,550.000,400.000,-1,300.000,325.000,300.000,300.000,-1,-1,-1,-1,350.000,600.000,325.000,-1,1,1,1,1,2,1,1,0,0,2,2,2,2,1,1,1,2
71,-3736.875,1020.450,-27.854,166.757,-0.972653,-0.228863,-0.039595,0.230258,-0.972493,-0.035196,-0.030451,-0.043350,0.998596,0,0.56000,0.70969,33.600,1.419,300.000,275.000,475.000,350.000,-1,275.000,300.000,300.000,300.000,-1,-1,-1,-1,300.000,525.000,300.000,-1,1,1,1,1,2,1,1,0,0,2,2,2,2,1,1,1,2
72,-3774.460,1028.321,-28.986,168.174,-0.977971,-0.204758,-0.040580,0.206163,-0.977924,-0.034093,-0.032703,-0.041708,0.998594,0,0.64000,0.70853,38.400,1.417,275.000,250.000,425.000,325.000,-1,250.000,275.000,300.000,300.000,-1,-1,-1,-1,275.000,475.000,250.000,-1,1,1,1,1,2,1,1,0,0,2,2,2,2,1,1,1,2
73,-3816.948,1036.128,-30.317,169.589,-0.982680,-0.180561,-0.041682,0.181970,-0.982754,-0.032888,-0.035025,-0.039904,0.998589,0,0.72000,0.70747,43.200,1.415,225.000,225.000,375.000,300.000,-1,200.000,250.000,300.000,300.000,-1,-1,-1,-1,250.000,400.000,225.000,-1,1,1,1,1,2,1,1,0,0,2,2,2,2,1,1,1,2
74,-3864.357,1043.636,-31.859,171.002,-0.986780,-0.156285,-0.042895,0.157690,-0.986983,-0.031586,-0.037400,-0.037933,0.998580,0,0.80000,0.70650,48.000,1.413,200.000,175.000,300.000,250.000,-1,175.000,200.000,300.000,300.000,-1,-1,-1,-1,200.000,350.000,175.000,-1,1,1,1,1,2,1,1,0,0,2,2,2,2,1,1,1,2
75,-3916.694,1050.612,-31.557,172.413,-0.990597,-0.131976,-0.036041,0.132842,-0.990876,-0.022756,-0.032709,-0.027330,0.999091,0,0.88000,0.70558,52.800,1.411,150.000,150.000,250.000,225.000,-1,150.000,175.000,325.000,300.000,-1,-1,-1,-1,175.000,300.000,150.000,-1,1,1,1,1,2,1,1,0,0,2,2,2,2,1,1,1,2
76,-3973.957,1056.816,-23.030,173.823,-0.994193,-0.107595,0.001900,0.107610,-0.994104,0.013345,0.000453,0.013472,0.999909,0,0.96000,0.70471,57.600,1.409,150.000,150.000,250.000,200.000,-1,125.000,175.000,425.000,275.000,-1,575.000,225.000,900.000,150.000,275.000,125.000,-1,1,1,1,1,2,1,1,0,0,2,0,0,0,1,1,1,2
77,9511.008,-2295.771,-163.382,-128.878,-0.623409,0.778390,0.073958,-0.775673,-0.627584,0.066853,0.098453,-0.015690,0.995018,1,0.00000,0.00000,60.000,1.408,-1,625.000,-1,700.000,-1,525.000,500.000,100.000,200.000,600.000,75.000,250.000,-1,-1,-1,-1,-1,2,0,2,1,2,0,1,1,1,0,0,0,2,2,2,2,2
78,-981.586,-8850.873,-26.929,61.231,0.480539,-0.876567,0.026689,0.875077,0.481278,0.051114,-0.057650,-0.001208,0.998336,1,0.08000,0.12000,4.800,0.240,-1,400.000,-1,400.000,-1,325.000,325.000,300.000,300.000,-1,-1,-1,-1,750.000,775.000,-1,-1,2,0,2,0,2,0,0,0,0,2,2,2,2,0,0,2,2
79,-977.037,-8842.420,-27.490,61.711,0.473156,-0.880569,0.026853,0.879085,0.473918,0.051111,-0.057733,-0.000578,0.998332,0,0.16000,0.24000,9.600,0.480,-1,400.000,-1,400.000,-1,325.000,325.000,300.000,300.000,-1,-1,-1,-1,750.000,775.000,-1,-1,2,0,2,0,2,0,0,0,0,2,2,2,2,0,0,2,2
80,-970.372,-8829.655,-28.331,62.431,0.462021,-0.886455,0.027095,0.884980,0.462815,0.051112,-0.057848,0.000364,0.998325,0,0.24000,0.36000,14.400,0.720,-1,400.000,-1,400.000,-1,325.000,325.000,300.000,300.000,-1,-1,-1,-1,750.000,775.000,-1,-1,2,0,2,0,2,0,0,0,0,2,2,2,2,0,0,2,2
81,-961.772,-8812.489,-29.453,63.391,0.447061,-0.894084,0.027412,0.892622,0.447897,0.051121,-0.057984,0.001614,0.998316,0,0.32000,0.48000,19.200,0.960,-1,400.000,-1,400.000,-1,325.000,325.000,300.000,300.000,-1,-1,-1,-1,750.000,775.000,-1,-1,2,0,2,0,2,0,0,0,0,2,2,2,2,0,0,2,2
82,-951.474,-8790.810,-30.855,64.591,0.428184,-0.903264,0.027796,0.901821,0.429073,0.051145,-0.058125,0.003168,0.998304,0,0.40000,0.60000,24.000,1.200,-1,400.000,-1,400.000,-1,325.000,325.000,300.000,300.000,-1,-1,-1,-1,750.000,775.000,-1,-1,2,0,2,0,2,0,0,0,0,2,2,2,2,0,0,2,2
83,-939.775,-8764.494,-32.536,66.031,0.405284,-0.913755,0.028242,0.912333,0.406236,0.051194,-0.058251,0.005018,0.998289,0,0.48000,0.72000,28.800,1.440,-1,400.000,-1,400.000,-1,325.000,325.000,300.000,300.000,-1,-1,-1,-1,750.000,775.000,-1,-1,2,0,2,0,2,0,0,0,0,2,2,2,2,0,0,2,2
84,-927.019,-8733.409,-34.493,67.689,0.378598,-0.925115,0.028738,0.923720,0.379620,0.051273,-0.058343,0.007134,0.998271,0,0.56000,0.82906,33.600,1.658,-1,400.000,-1,400.000,-1,325.000,325.000,300.000,300.000,-1,-1,-1,-1,750.000,775.000,-1,-1,2,0,2,0,2,0,0,0,0,2,2,2,2,0,0,2,2
85,-913.492,-8697.471,-36.721,69.374,0.351156,-0.935859,0.029277,0.934493,0.352251,0.051390,-0.058407,0.009313,0.998249,0,0.64000,0.84238,38.400,1.685,-1,400.000,-1,400.000,-1,325.000,325.000,300.000,300.000,-1,-1,-1,-1,750.000,750.000,-1,-1,2,0,2,0,2,0,0,0,0,2,2,2,2,0,0,2,2
86,-899.491,-8656.602,-39.218,71.090,0.322897,-0.945963,0.029848,0.944628,0.324068,0.051549,-0.058436,0.011551,0.998224,0,0.72000,0.85779,43.200,1.716,-1,400.000,-1,400.000,-1,325.000,325.000,300.000,300.000,-1,-1,-1,-1,750.000,750.000,-1,-1,2,0,2,0,2,0,0,0,0,2,2,2,2,0,0,2,2
87,-885.330,-8610.739,-41.995,72.840,0.293766,-0.955395,0.030365,0.954094,0.295009,0.051719,-0.058370,0.013777,0.998200,0,0.80000,0.87533,48.000,1.751,-1,375.000,-1,400.000,-1,325.000,325.000,300.000,300.000,-1,-1,-1,-1,750.000,750.000,-1,-1,2,0,2,0,2,0,0,0,0,2,2,2,2,0,0,2,2
88,-871.316,-8559.832,-45.023,74.609,0.264062,-0.964011,0.030882,0.962754,0.265376,0.051778,-0.058109,0.016059,0.998181,0,0.88000,0.88422,52.800,1.768,-1,375.000,-1,400.000,-1,325.000,325.000,300.000,300.000,-1,-1,-1,-1,750.000,750.000,-1,-1,2,0,2,0,2,0,0,0,0,2,2,2,2,0,0,2,2
89,-858.443,-8506.746,-48.113,76.369,0.234250,-0.971668,0.031448,0.970463,0.235634,0.051747,-0.057691,0.018397,0.998165,0,0.91042,0.87999,54.625,1.760,-1,375.000,-1,400.000,-1,325.000,325.000,300.000,300.000,-1,-1,-1,-1,725.000,725.000,-1,-1,2,0,2,0,2,0,0,0,0,2,2,2,2,0,0,2,2
90,-847.163,-8453.129,-51.176,78.119,0.204389,-0.978370,0.031891,0.977228,0.205831,0.051573,-0.057022,0.020624,0.998160,0,0.91317,0.87533,54.790,1.751,-1,375.000,-1,375.000,-1,325.000,325.000,300.000,300.000,-1,-1,-1,-1,725.000,725.000,-1,-1,2,0,2,0,2,0,0,0,0,2,2,2,2,0,0,2,2
91,-836.897,-8397.026,-54.220,79.630,0.178506,-0.983425,0.031799,0.982348,0.179961,0.051054,-0.055930,0.022125,0.998190,0,0.95059,0.75533,57.035,1.511,-1,375.000,-1,375.000,-1,325.000,325.000,300.000,300.000,-1,-1,-1,-1,725.000,725.000,-1,-1,2,0,2,0,2,0,0,0,0,2,2,2,2,0,0,2,2
92,-827.861,-8340.604,-57.247,80.901,0.156644,-0.987146,0.031692,0.986129,0.158105,0.050513,-0.054875,0.023340,0.998220,0,0.95235,0.63533,57.141,1.271,-1,400.000,-1,375.000,-1,325.000,325.000,300.000,300.000,-1,-1,-1,-1,725.000,725.000,-1,-1,2,0,2,0,2,0,0,0,0,2,2,2,2,0,0,2,2
93,-819.830,-8283.951,-60.260,81.931,0.138861,-0.989808,0.031571,0.988845,0.140320,0.049954,-0.053875,0.024282,0.998252,0,0.95366,0.51533,57.220,1.031,-1,400.000,-1,375.000,-1,325.000,325.000,300.000,300.000,-1,-1,-1,-1,725.000,725.000,-1,-1,2,0,2,0,2,0,0,0,0,2,2,2,2,0,0,2,2
94,-812.574,-8227.138,-63.261,82.722,0.125196,-0.991634,0.031434,0.990718,0.126646,0.049377,-0.052945,0.024960,0.998285,0,0.95456,0.39533,57.274,0.791,-1,400.000,-1,375.000,-1,325.000,325.000,300.000,300.000,-1,-1,-1,-1,725.000,725.000,-1,-1,2,0,2,0,2,0,0,0,0,2,2,2,2,0,0,2,2
95,-805.861,-8170.225,-66.253,83.273,0.115673,-0.992795,0.031279,0.991920,0.117108,0.048784,-0.052096,0.025383,0.998319,0,0.95514,0.27533,57.308,0.551,-1,400.000,-1,375.000,-1,325.000,325.000,300.000,300.000,-1,-1,-1,-1,725.000,700.000,-1,-1,2,0,2,0,2,0,0,0,0,2,2,2,2,0,0,2,2
96,-799.454,-8113.257,-69.242,83.583,0.110308,-0.993411,0.031102,0.992571,0.111723,0.048179,-0.051336,0.025556,0.998354,0,0.95545,0.15533,57.327,0.311,-1,400.000,-1,375.000,-1,325.000,325.000,300.000,300.000,-1,-1,-1,-1,725.000,700.000,-1,-1,2,0,2,0,2,0,0,0,0,2,2,2,2,0,0,2,2
97,-793.117,-8056.276,-72.230,83.654,0.109108,-0.993550,0.030899,0.992738,0.110498,0.047563,-0.050670,0.025485,0.998390,0,0.95555,0.03533,57.333,0.071,-1,375.000,-1,375.000,-1,325.000,325.000,300.000,300.000,-1,-1,-1,-1,725.000,700.000,-1,-1,2,0,2,0,2,0,0,0,0,2,2,2,2,0,0,2,2
98,-786.752,-7999.299,-75.220,83.626,0.109616,-0.993501,0.030672,0.992714,0.110978,0.046939,-0.050037,0.025303,0.998427,0,0.95552,-0.01383,57.331,-0.028,-1,375.000,-1,375.000,-1,325.000,325.000,300.000,300.000,-1,-1,-1,-1,725.000,700.000,-1,-1,2,0,2,0,2,0,0,0,0,2,2,2,2,0,0,2,2
99,-780.352,-7942.340,-78.209,83.589,0.110288,-0.993434,0.030426,0.992671,0.111622,0.046307,-0.049399,0.025096,0.998464,0,0.95529,-0.01853,57.317,-0.037,-1,375.000,-1,375.000,-1,325.000,325.000,300.000,300.000,-1,-1,-1,-1,725.000,700.000,-1,-1,2,0,2,0,2,0,0,0,0,2,2,2,2,0,0,2,2
100,-773.911,-7885.415,-81.141,83.544,0.111084,-0.993346,0.030392,0.992615,0.112398,0.045631,-0.048744,0.025099,0.998496,0,0.95481,-0.02240,57.288,-0.045,-1,375.000,-1,375.000,-1,325.000,300.000,300.000,300.000,-1,-1,-1,-1,725.000,700.000,-1,-1,2,0,2,0,2,0,0,0,0,2,2,2,2,0,0,2,2
101,-767.425,-7828.539,-83.817,83.494,0.111975,-0.993240,0.030602,0.992557,0.113275,0.044708,-0.047872,0.025368,0.998531,0,0.95408,-0.02531,57.245,-0.051,-1,375.000,-1,375.000,-1,325.000,300.000,300.000,300.000,-1,-1,-1,-1,725.000,700.000,-1,-1,2,0,2,0,2,0,0,0,0,2,2,2,2,0,0,2,2
102,-760.889,-7771.726,-86.251,83.438,0.113006,-0.993144,0.029894,0.992492,0.114246,0.043667,-0.046783,0.024735,0.998599,0,0.95313,-0.02796,57.188,-0.056,-1,375.000,-1,375.000,-1,325.000,300.000,300.000,300.000,-1,-1,-1,-1,725.000,700.000,-1,-1,2,0,2,0,2,0,0,0,0,2,2,2,2,0,0,2,2
103,-754.302,-7714.990,-88.679,83.377,0.114120,-0.993039,0.029163,0.992416,0.115300,0.042628,-0.045693,0.024077,0.998665,0,0.95196,-0.03034,57.118,-0.061,-1,375.000,-1,375.000,-1,325.000,300.000,300.000,300.000,-1,-1,-1,-1,700.000,700.000,-1,-1,2,0,2,0,2,0,0,0,0,2,2,2,2,0,0,2,2
104,-747.659,-7658.343,-91.096,83.312,0.115305,-0.992923,0.028431,0.992329,0.116427,0.041568,-0.044584,0.023420,0.998731,0,0.95060,-0.03245,57.036,-0.065,-1,375.000,-1,375.000,-1,325.000,325.000,300.000,300.000,-1,900.000,975.000,-1,700.000,700.000,-1,-1,2,0,2,0,2,0,0,0,0,2,0,0,2,0,0,2,2
105,-740.960,-7601.795,-93.502,83.244,0.116553,-0.992798,0.027691,0.992233,0.117616,0.040496,-0.043461,0.022756,0.998796,0,0.94906,-0.03427,56.943,-0.069,-1,400.000,-1,375.000,-1,325.000,325.000,300.000,300.000,-1,850.000,925.000,-1,700.000,675.000,-1,-1,2,0,2,0,2,0,0,0,0,2,0,0,2,0,0,2,2
106,-734.202,-7545.356,-95.899,83.172,0.117853,-0.992666,0.026938,0.992129,0.118859,0.039415,-0.042328,0.022081,0.998860,0,0.94737,-0.03581,56.842,-0.072,-1,400.000,-1,375.000,-1,325.000,325.000,300.000,300.000,-1,825.000,875.000,-1,700.000,675.000,-1,-1,2,0,2,0,2,0,0,0,0,2,0,0,2,0,0,2,2
107,-727.385,-7489.034,-98.285,83.098,0.119196,-0.992526,0.026173,0.992016,0.120145,0.038326,-0.041184,0.021396,0.998922,0,0.94555,-0.03706,56.733,-0.074,-1,375.000,-1,375.000,-1,325.000,325.000,300.000,300.000,-1,775.000,850.000,-1,700.000,675.000,-1,-1,2,0,2,0,2,0,0,0,0,2,0,0,2,0,0,2,2
108,-720.506,-7432.836,-100.661,83.022,0.120570,-0.992380,0.025395,0.991897,0.121464,0.037228,-0.040029,0.020701,0.998984,0,0.94363,-0.03803,56.618,-0.076,-1,375.000,-1,375.000,-1,325.000,325.000,300.000,300.000,-1,750.000,825.000,-1,675.000,675.000,-1,-1,2,0,2,0,2,0,0,0,0,2,0,0,2,0,0,2,2
109,-713.566,-7376.766,-103.026,82.944,0.121967,-0.992229,0.024604,0.991773,0.122806,0.036122,-0.038863,0.019996,0.999044,0,0.94164,-0.03870,56.498,-0.077,-1,375.000,-1,375.000,-1,300.000,300.000,300.000,300.000,-1,725.000,800.000,-1,675.000,675.000,-1,-1,2,0,2,0,2,0,0,0,0,2,0,0,2,0,0,2,2
110,-706.565,-7320.826,-105.381,82.866,0.123375,-0.992075,0.023800,0.991644,0.124162,0.035007,-0.037685,0.019282,0.999104,0,0.93960,-0.03908,56.376,-0.078,-1,375.000,-1,375.000,-1,300.000,300.000,300.000,300.000,-1,700.000,775.000,-1,675.000,675.000,-1,-1,2,0,2,0,2,0,0,0,0,2,0,0,2,0,0,2,2
111,-699.503,-7265.019,-107.724,82.788,0.124786,-0.991917,0.022983,0.991512,0.125520,0.033885,-0.036495,0.018559,0.999161,0,0.93754,-0.03918,56.252,-0.078,-1,375.000,-1,375.000,-1,300.000,300.000,300.000,300.000,-1,675.000,750.000,-1,675.000,675.000,-1,-1,2,0,2,0,2,0,0,0,0,2,0,0,2,0,0,2,2
112,-692.381,-7209.344,-109.676,82.710,0.126142,-0.991730,0.023651,0.991396,0.126868,0.032218,-0.034952,0.019384,0.999201,0,0.93549,-0.03898,56.129,-0.078,-1,375.000,-1,375.000,-1,300.000,300.000,300.000,300.000,-1,675.000,725.000,-1,675.000,675.000,-1,-1,2,0,2,0,2,0,0,0,0,2,0,0,2,0,0,2,2
113,-685.009,-7152.330,-111.219,82.632,0.127520,-0.991548,0.023888,0.991290,0.128212,0.030094,-0.032902,0.019843,0.999262,0,0.95813,-0.03887,57.488,-0.078,-1,375.000,-1,375.000,-1,300.000,300.000,300.000,300.000,-1,625.000,700.000,-1,675.000,675.000,-1,-1,2,0,2,0,2,0,0,0,0,2,0,0,2,0,0,2,2
114,-677.564,-7095.404,-112.539,82.549,0.129029,-0.991368,0.023249,0.991172,0.129654,0.027725,-0.030500,0.019467,0.999345,0,0.95685,-0.04163,57.411,-0.083,-1,375.000,-1,375.000,-1,300.000,300.000,300.000,300.000,-1,600.000,650.000,-1,675.000,675.000,-1,-1,2,0,2,0,2,0,0,0,0,2,0,0,2,0,0,2,2
115,-670.044,-7038.580,-113.852,82.461,0.130621,-0.991174,0.022613,0.991033,0.131181,0.025384,-0.028126,0.019094,0.999422,0,0.95533,-0.04412,57.320,-0.088,-1,375.000,-1,375.000,-1,300.000,300.000,325.000,300.000,-1,575.000,600.000,-1,675.000,675.000,-1,-1,2,0,2,0,2,0,0,0,0,2,0,0,2,0,0,2,2
116,-662.445,-6981.871,-115.158,82.368,0.132285,-0.990968,0.021983,0.990876,0.132785,0.023074,-0.025784,0.018730,0.999492,0,0.95359,-0.04632,57.216,-0.093,-1,375.000,-1,375.000,-1,300.000,300.000,325.000,300.000,-1,550.000,575.000,-1,650.000,675.000,-1,-1,2,0,2,0,2,0,0,0,0,2,0,0,2,0,0,2,2
117,-654.767,-6925.291,-116.459,82.272,0.134012,-0.990750,0.021349,0.990702,0.134453,0.020789,-0.023468,0.018365,0.999556,0,0.95165,-0.04822,57.099,-0.096,-1,375.000,-1,375.000,-1,300.000,300.000,300.000,325.000,-1,525.000,550.000,-1,650.000,675.000,-1,-1,2,0,2,0,2,0,0,0,0,2,0,0,2,0,0,2,2
118,-647.007,-6868.849,-117.754,82.172,0.135791,-0.990521,0.020713,0.990511,0.136178,0.018532,-0.021176,0.018000,0.999614,0,0.94954,-0.04983,56.973,-0.100,-1,375.000,-1,375.000,-1,325.000,325.000,300.000,325.000,-1,525.000,550.000,-1,650.000,700.000,-1,-1,2,0,2,0,2,0,0,0,0,2,0,0,2,0,0,2,2
119,-639.165,-6812.556,-119.043,82.070,0.137613,-0.990283,0.020072,0.990306,0.137946,0.016301,-0.018912,0.017635,0.999666,0,0.94729,-0.05114,56.837,-0.102,-1,375.000,-1,375.000,-1,325.000,325.000,300.000,325.000,-1,500.000,525.000,-1,650.000,700.000,-1,-1,2,0,2,0,2,0,0,0,0,2,0,0,2,0,0,2,2
120,-631.678,-6761.060,-120.227,81.727,0.143573,-0.989448,0.019454,0.989495,0.143861,0.014275,-0.016923,0.017200,0.999709,0,0.86729,-0.17114,52.037,-0.342,-1,375.000,-1,375.000,-1,300.000,325.000,300.000,325.000,-1,500.000,525.000,-1,650.000,700.000,-1,-1,2,0,2,0,2,0,0,0,0,2,0,0,2,0,0,2,2
121,-624.407,-6714.386,-121.311,81.145,0.153663,-0.987944,0.018834,0.988006,0.153910,0.012453,-0.015201,0.016695,0.999745,0,0.78729,-0.29114,47.237,-0.582,-1,375.000,-1,375.000,-1,300.000,300.000,300.000,325.000,-1,475.000,500.000,-1,650.000,700.000,-1,-1,2,0,2,0,2,0,0,0,0,2,0,0,2,0,0,2,2
122,-616.930,-6669.523,-122.368,80.538,0.164157,-0.986266,0.018219,0.986341,0.164368,0.010735,-0.013582,0.016208,0.999776,0,0.75803,-0.30346,45.482,-0.607,-1,375.000,-1,375.000,-1,300.000,300.000,300.000,300.000,-1,425.000,450.000,-1,650.000,700.000,-1,-1,2,0,2,0,2,0,0,0,0,2,0,0,2,0,0,2,2
123,-608.992,-6624.821,-123.433,79.931,0.174641,-0.984475,0.017588,0.984559,0.174818,0.009054,-0.011988,0.015735,0.999804,0,0.75670,-0.30379,45.402,-0.608,-1,375.000,-1,375.000,-1,300.000,300.000,300.000,300.000,-1,400.000,425.000,-1,650.000,700.000,-1,-1,2,0,2,0,2,0,0,0,0,2,0,0,2,0,0,2,2
124,-600.595,-6580.284,-124.030,79.323,0.185083,-0.982541,0.018891,0.982663,0.185250,0.007464,-0.010833,0.017182,0.999794,0,0.75536,-0.30398,45.321,-0.608,-1,375.000,-1,375.000,-1,300.000,300.000,300.000,300.000,-1,425.000,425.000,-1,650.000,700.000,-1,-1,2,0,2,0,2,0,0,0,0,2,0,0,2,0,0,2,2
125,-591.742,-6535.918,-124.384,78.715,0.195512,-0.980475,0.021043,0.980659,0.195658,0.005100,-0.009117,0.019639,0.999766,0,0.75401,-0.30405,45.241,-0.608,-1,375.000,-1,375.000,-1,300.000,300.000,300.000,300.000,-1,425.000,425.000,-1,650.000,700.000,-1,-1,2,0,2,0,2,0,0,0,0,2,0,0,2,0,0,2,2
126,-582.436,-6491.727,-124.527,78.107,0.205922,-0.978313,0.022374,0.978537,0.206044,0.003296,-0.007834,0.021215,0.999744,0,0.75267,-0.30399,45.160,-0.608,-1,375.000,-1,375.000,-1,300.000,300.000,300.000,300.000,-1,450.000,425.000,-1,650.000,700.000,-1,-1,2,0,2,0,2,0,0,0,0,2,0,0,2,0,0,2,2
127,-572.678,-6447.714,-124.419,77.499,0.216322,-0.976061,0.022566,0.976303,0.216405,0.001277,-0.006130,0.021755,0.999745,0,0.75135,-0.30380,45.081,-0.608,-1,375.000,-1,375.000,-1,300.000,300.000,300.000,300.000,-1,475.000,450.000,-1,650.000,725.000,-1,-1,2,0,2,0,2,0,0,0,0,2,0,0,2,0,0,2,2
128,-562.472,-6403.885,-124.332,76.892,0.226687,-0.973703,0.022705,0.973957,0.226730,-0.000699,-0.004467,0.022272,0.999742,0,0.75004,-0.30348,45.002,-0.607,-1,375.000,-1,375.000,-1,300.000,300.000,325.000,300.000,-1,475.000,450.000,-1,650.000,725.000,-1,-1,2,0,2,0,2,0,0,0,0,2,0,0,2,0,0,2,2
129,-551.822,-6360.240,-124.268,76.286,0.237012,-0.971239,0.022790,0.971503,0.237014,-0.002630,-0.002847,0.022763,0.999737,0,0.74876,-0.30304,44.925,-0.606,-1,375.000,-1,375.000,-1,300.000,325.000,325.000,300.000,-1,500.000,450.000,-1,675.000,725.000,-1,-1,2,0,2,0,2,0,0,0,0,2,0,0,2,0,0,2,2
130,-540.730,-6316.783,-124.227,75.681,0.247291,-0.968672,0.022822,0.968940,0.247253,-0.004513,-0.001272,0.023229,0.999729,0,0.74750,-0.30248,44.850,-0.605,-1,375.000,-1,375.000,-1,300.000,325.000,300.000,300.000,-1,500.000,475.000,-1,675.000,725.000,-1,-1,2,0,2,0,2,0,0,0,0,2,0,0,2,0,0,2,2
131,-529.199,-6273.515,-124.209,75.077,0.257519,-0.966004,0.022804,0.966273,0.257441,-0.006345,0.000259,0.023669,0.999720,0,0.74629,-0.30180,44.777,-0.604,-1,375.000,-1,400.000,-1,300.000,325.000,300.000,300.000,-1,525.000,475.000,-1,675.000,725.000,-1,-1,2,0,2,0,2,0,0,0,0,2,0,0,2,0,0,2,2
132,-517.233,-6230.439,-124.214,74.475,0.267692,-0.963236,0.022736,0.963503,0.267574,-0.008126,0.001744,0.024082,0.999708,0,0.74512,-0.30100,44.707,-0.602,-1,375.000,-1,400.000,-1,325.000,325.000,300.000,300.000,-1,525.000,475.000,-1,675.000,725.000,-1,-1,2,0,2,0,2,0,0,0,0,2,0,0,2,0,0,2,2
133,-505.988,-6192.149,-124.254,73.633,0.281848,-0.959193,0.022607,0.959455,0.281697,-0.009669,0.002906,0.024415,0.999698,0,0.66512,-0.42100,39.907,-0.842,-1,375.000,-1,400.000,-1,325.000,325.000,300.000,300.000,-1,550.000,500.000,-1,675.000,750.000,-1,-1,2,0,2,0,2,0,0,0,0,2,0,0,2,0,0,2,2
134,-494.071,-6154.232,-124.333,72.551,0.299939,-0.953695,0.022392,0.953950,0.299758,-0.011142,0.003914,0.024703,0.999687,0,0.66242,-0.54100,39.745,-1.082,-1,375.000,-1,400.000,-1,325.000,325.000,300.000,325.000,-1,550.000,500.000,-1,675.000,750.000,-1,-1,2,0,2,0,2,0,0,0,0,2,0,0,2,0,0,2,2
135,-481.286,-6116.615,-124.458,71.229,0.321888,-0.946521,0.022071,0.946766,0.321679,-0.012533,0.004763,0.024930,0.999678,0,0.66217,-0.66100,39.730,-1.322,-1,375.000,-1,400.000,-1,325.000,325.000,300.000,325.000,-1,575.000,525.000,-1,675.000,750.000,-1,-1,2,0,2,0,2,0,0,0,0,2,0,0,2,0,0,2,2
