timestep,x_cm,y_cm,z_cm,yaw_deg,basis_xx,basis_xy,basis_xz,basis_yx,basis_yy,basis_yz,basis_zx,basis_zy,basis_zz,teleport_flag,throttle_cmd,steering_cmd,cmd_move_cm,cmd_turn_deg,lidar_cm_0,lidar_cm_1,lidar_cm_2,lidar_cm_3,lidar_cm_4,lidar_cm_5,lidar_cm_6,lidar_cm_7,lidar_cm_8,lidar_cm_9,lidar_cm_10,lidar_cm_11,lidar_cm_12,lidar_cm_13,lidar_cm_14,lidar_cm_15,lidar_cm_16,lidar_class_0,lidar_class_1,lidar_class_2,lidar_class_3,lidar_class_4,lidar_class_5,lidar_class_6,lidar_class_7,lidar_class_8,lidar_class_9,lidar_class_10,lidar_class_11,lidar_class_12,lidar_class_13,lidar_class_14,lidar_class_15,lidar_class_16
0,2290.982,983.461,213.312,-174.872,-0.995806,0.089308,-0.019850,-0.090024,-0.995187,0.038698,-0.016298,0.040323,0.999054,1,0.08000,-0.12000,4.800,-0.240,-1,375.000,-1,375.000,-1,300.000,300.000,325.000,325.000,-1,450.000,525.000,-1,700.000,675.000,-1,-1,2,0,2,0,2,0,0,0,0,2,0,0,2,0,0,2,2
1,2281.414,982.683,213.152,-175.352,-0.996530,0.080968,-0.019281,-0.081667,-0.995908,0.038713,-0.016067,0.040154,0.999064,0,0.16000,-0.24000,9.600,-0.480,-1,375.000,-1,375.000,-1,300.000,300.000,325.000,325.000,-1,450.000,500.000,-1,700.000,675.000,-1,-1,2,0,2,0,2,0,0,0,0,2,0,0,2,0,0,2,2
2,2267.048,981.697,212.904,-176.072,-0.997485,0.068448,-0.018425,-0.069120,-0.996857,0.038721,-0.015716,0.039898,0.999080,0,0.24000,-0.36000,14.400,-0.720,-1,375.000,-1,375.000,-1,300.000,300.000,325.000,325.000,-1,450.000,475.000,-1,700.000,675.000,-1,-1,2,0,2,0,2,0,0,0,0,2,0,0,2,0,0,2,2
3,2247.877,980.641,212.561,-176.847,-0.998339,0.054952,-0.017283,-0.055588,-0.997703,0.038709,-0.015116,0.039605,0.999101,0,0.32000,-0.38768,19.200,-0.775,-1,375.000,-1,375.000,-1,300.000,300.000,325.000,325.000,-1,425.000,450.000,-1,725.000,675.000,-1,-1,2,0,2,0,2,0,0,0,0,2,0,0,2,0,0,2,2
4,2223.897,979.645,212.117,-177.623,-0.999015,0.041447,-0.015857,-0.042034,-0.998368,0.038666,-0.014228,0.039295,0.999126,0,0.40000,-0.38768,24.000,-0.775,-1,375.000,-1,375.000,-1,300.000,300.000,325.000,325.000,-1,400.000,425.000,-1,725.000,675.000,-1,-1,2,0,2,0,2,0,0,0,0,2,0,0,2,0,0,2,2
5,2195.108,978.840,211.566,-178.398,-0.999510,0.027933,-0.014145,-0.028461,-0.998850,0.038585,-0.013051,0.038968,0.999155,0,0.48000,-0.38768,28.800,-0.775,-1,375.000,-1,375.000,-1,300.000,300.000,325.000,325.000,-1,375.000,400.000,-1,725.000,675.000,-1,-1,2,0,2,0,2,0,0,0,0,2,0,0,2,0,0,2,2
6,2161.512,978.356,210.902,-179.173,-0.999822,0.014414,-0.012148,-0.014872,-0.999150,0.038455,-0.011583,0.038629,0.999186,0,0.56000,-0.38768,33.600,-0.775,-1,375.000,-1,375.000,-1,300.000,300.000,325.000,325.000,-1,350.000,375.000,-1,725.000,700.000,-1,-1,2,0,2,0,2,0,0,0,0,2,0,0,2,0,0,2,2
7,2123.112,978.321,210.123,-179.949,-0.999951,0.000892,-0.009866,-0.001269,-0.999267,0.038269,-0.009825,0.038280,0.999219,0,0.64000,-0.38768,38.400,-0.775,-1,375.000,-1,375.000,-1,300.000,300.000,325.000,325.000,-1,325.000,350.000,-1,725.000,700.000,-1,-1,2,0,2,0,2,0,0,0,0,2,0,0,2,0,0,2,2
8,2079.915,978.867,209.221,-180.724,-0.999894,-0.012631,-0.007302,0.012344,-0.999201,0.038018,-0.007776,0.037924,0.999250,0,0.72000,-0.38768,43.200,-0.775,-1,375.000,-1,375.000,-1,300.000,300.000,300.000,300.000,-1,325.000,325.000,-1,750.000,700.000,-1,-1,2,0,2,0,2,0,0,0,0,2,0,0,2,0,0,2,2
9,2031.931,980.123,208.193,-181.500,-0.999648,-0.026151,-0.004455,0.025965,-0.998952,0.037695,-0.005437,0.037566,0.999279,0,0.80000,-0.38768,48.000,-0.775,-1,375.000,-1,375.000,-1,300.000,300.000,300.000,300.000,-1,300.000,300.000,-1,750.000,700.000,-1,-1,2,0,2,0,2,0,0,0,0,2,0,0,2,0,0,2,2
10,1979.173,982.219,207.105,-182.275,-0.999212,-0.039667,-0.001548,0.039581,-0.998509,0.037587,-0.003036,0.037496,0.999292,0,0.88000,-0.38768,52.800,-0.775,-1,375.000,-1,375.000,-1,325.000,300.000,300.000,300.000,-1,275.000,275.000,-1,775.000,725.000,-1,-1,2,0,2,0,2,0,0,0,0,2,0,0,2,0,0,2,2
11,1924.883,985.112,206.895,-183.050,-0.998585,-0.053175,-0.000895,0.053103,-0.997874,0.037794,-0.002903,0.037693,0.999285,0,0.90611,-0.38768,54.366,-0.775,-1,400.000,-1,375.000,-1,300.000,300.000,300.000,300.000,-1,325.000,325.000,-1,775.000,725.000,-1,-1,2,0,2,0,2,0,0,0,0,2,0,0,2,0,0,2,2
12,1870.638,988.740,206.871,-183.826,-0.997775,-0.066675,-0.000397,0.066614,-0.997082,0.037276,-0.002881,0.037166,0.999305,0,0.90611,-0.38768,54.366,-0.775,-1,400.000,-1,375.000,-1,300.000,300.000,300.000,300.000,-1,375.000,375.000,-1,775.000,725.000,-1,-1,2,0,2,0,2,0,0,0,0,2,0,0,2,0,0,2,2
13,1816.422,993.103,206.830,-184.601,-0.996782,-0.080162,0.000125,0.080113,-0.996107,0.036774,-0.002823,0.036666,0.999324,0,0.90653,-0.38765,54.392,-0.775,-1,375.000,-1,375.000,-1,300.000,300.000,300.000,300.000,-1,425.000,425.000,-1,775.000,725.000,-1,-1,2,0,2,0,2,0,0,0,0,2,0,0,2,0,0,2,2
14,1761.291,998.288,206.772,-185.373,-0.995612,-0.093579,0.000687,0.093543,-0.994954,0.036284,-0.002712,0.036189,0.999341,0,0.92289,-0.38605,55.374,-0.772,-1,375.000,-1,375.000,-1,300.000,300.000,300.000,325.000,-1,475.000,450.000,-1,775.000,725.000,-1,-1,2,0,2,0,2,0,0,0,0,2,0,0,2,0,0,2,2
15,1705.246,1004.318,206.699,-186.141,-0.994269,-0.106902,0.001294,0.106880,-0.993627,0.035809,-0.002542,0.035742,0.999358,0,0.93948,-0.38381,56.369,-0.768,-1,375.000,-1,375.000,-1,300.000,300.000,300.000,325.000,-1,525.000,500.000,-1,800.000,725.000,-1,-1,2,0,2,0,2,0,0,0,0,2,0,0,2,0,0,2,2
16,1648.285,1011.214,206.613,-186.903,-0.992759,-0.120105,0.001956,0.120099,-0.992132,0.035353,-0.002305,0.035332,0.999373,0,0.95627,-0.38090,57.376,-0.762,-1,375.000,-1,375.000,-1,300.000,300.000,300.000,325.000,-1,550.000,550.000,-1,800.000,725.000,-1,-1,2,0,2,0,2,0,0,0,0,2,0,0,2,0,0,2,2
17,1590.411,1018.995,206.514,-187.657,-0.991091,-0.133161,0.002681,0.133173,-0.990477,0.034921,-0.001995,0.034967,0.999386,0,0.97324,-0.37726,58.395,-0.755,-1,400.000,-1,375.000,-1,300.000,300.000,325.000,325.000,-1,600.000,600.000,-1,800.000,700.000,-1,-1,2,0,2,0,2,0,0,0,0,2,0,0,2,0,0,2,2
18,1531.627,1027.678,206.403,-188.403,-0.989272,-0.146042,0.003477,0.146075,-0.988671,0.034517,-0.001603,0.034654,0.999398,0,0.99037,-0.37284,59.422,-0.746,-1,400.000,-1,375.000,-1,325.000,325.000,325.000,325.000,-1,650.000,650.000,-1,800.000,700.000,1000.000,-1,2,0,2,0,2,0,0,0,0,2,0,0,2,0,0,1,2
19,1477.664,1036.137,206.297,-188.908,-0.987942,-0.154763,0.004258,0.154818,-0.987352,0.034162,-0.001083,0.034409,0.999407,0,0.91037,-0.25284,54.622,-0.506,-1,400.000,975.000,375.000,-1,325.000,325.000,325.000,325.000,-1,675.000,675.000,-1,800.000,700.000,950.000,-1,2,0,1,0,2,0,0,0,0,2,0,0,2,0,0,1,2
20,1428.479,1044.080,206.201,-189.174,-0.987211,-0.159341,0.005006,0.159419,-0.986630,0.033850,-0.000454,0.034215,0.999414,0,0.83037,-0.13284,49.822,-0.266,975.000,400.000,925.000,375.000,-1,325.000,325.000,325.000,325.000,-1,725.000,700.000,-1,800.000,700.000,900.000,-1,1,0,1,0,2,0,0,0,0,2,0,0,2,1,0,1,2
21,1381.370,1051.710,206.111,-189.200,-0.987135,-0.159784,0.005747,0.159887,-0.986565,0.033559,0.000308,0.034046,0.999420,0,0.79538,-0.01284,47.723,-0.026,925.000,400.000,875.000,375.000,-1,325.000,325.000,325.000,325.000,-1,750.000,725.000,-1,775.000,700.000,850.000,975.000,1,0,1,0,2,0,0,0,0,2,0,0,2,1,0,1,1
22,1333.447,1059.473,205.993,-189.201,-0.987127,-0.159813,0.006356,0.159937,-0.986570,0.033168,0.000970,0.033757,0.999430,0,0.80912,-0.00080,48.547,-0.002,875.000,400.000,825.000,375.000,-1,325.000,325.000,325.000,300.000,-1,775.000,775.000,-1,725.000,700.000,800.000,925.000,1,0,1,0,2,0,0,0,0,2,0,0,2,1,0,1,1
23,1284.698,1067.364,205.793,-189.194,-0.987145,-0.159693,0.006622,0.159824,-0.986611,0.032491,0.001345,0.033131,0.999450,0,0.82305,0.00360,49.383,0.007,825.000,400.000,800.000,375.000,-1,325.000,325.000,325.000,300.000,-1,800.000,800.000,-1,675.000,700.000,750.000,875.000,1,0,1,0,2,0,0,0,0,2,0,0,2,1,0,1,1
24,1235.112,1075.376,205.795,-189.178,-0.987191,-0.159414,0.006405,0.159537,-0.986697,0.031245,0.001339,0.031867,0.999491,0,0.83716,0.00830,50.229,0.017,750.000,400.000,725.000,375.000,975.000,325.000,325.000,325.000,300.000,-1,850.000,850.000,-1,625.000,700.000,700.000,825.000,1,0,1,0,1,0,0,0,0,2,0,0,2,1,1,1,1
25,1184.677,1083.501,205.838,-189.151,-0.987265,-0.158961,0.006249,0.159077,-0.986812,0.029940,0.001407,0.030553,0.999532,0,0.85143,0.01334,51.086,0.027,700.000,400.000,675.000,375.000,900.000,325.000,325.000,325.000,325.000,-1,900.000,900.000,-1,600.000,650.000,650.000,775.000,1,0,1,0,1,0,0,0,0,2,0,0,2,1,1,1,1
26,1133.381,1091.730,205.911,-189.113,-0.987369,-0.158322,0.006124,0.158433,-0.986955,0.028628,0.001511,0.029237,0.999571,0,0.86586,0.01874,51.951,0.037,650.000,400.000,625.000,375.000,825.000,325.000,325.000,325.000,325.000,-1,950.000,950.000,-1,550.000,600.000,600.000,700.000,1,0,1,0,1,0,0,0,0,2,0,0,2,1,1,1,1
27,1081.214,1100.052,206.016,-189.064,-0.987504,-0.157482,0.006030,0.157588,-0.987127,0.027310,0.001652,0.027919,0.999609,0,0.88044,0.02455,52.826,0.049,575.000,400.000,575.000,375.000,775.000,325.000,300.000,325.000,325.000,-1,1000.000,1000.000,-1,500.000,550.000,550.000,650.000,1,0,1,0,1,0,0,0,0,2,0,0,2,1,1,1,1
28,1028.167,1108.457,206.155,-189.003,-0.987672,-0.156425,0.005970,0.156529,-0.987332,0.025985,0.001829,0.026599,0.999644,0,0.89515,0.03081,53.709,0.062,525.000,400.000,525.000,375.000,700.000,325.000,300.000,325.000,325.000,-1,-1,-1,-1,450.000,500.000,500.000,600.000,1,1,1,0,1,0,0,0,0,2,2,2,2,1,1,1,1
29,974.230,1116.931,206.328,-188.928,-0.987875,-0.155136,0.005942,0.155236,-0.987570,0.024654,0.002044,0.025277,0.999678,0,0.90998,0.03757,54.599,0.075,475.000,375.000,475.000,375.000,625.000,325.000,300.000,325.000,325.000,-1,-1,-1,-1,400.000,450.000,425.000,525.000,1,1,1,0,1,0,0,0,0,2,2,2,2,1,1,1,1
30,919.395,1125.457,206.536,-188.838,-0.988116,-0.153593,0.005948,0.153691,-0.987844,0.023315,0.002294,0.023952,0.999710,0,0.92490,0.04489,55.494,0.090,400.000,325.000,425.000,350.000,550.000,300.000,300.000,325.000,325.000,-1,-1,-1,-1,350.000,400.000,375.000,475.000,1,1,1,1,1,1,0,0,0,2,2,2,2,1,1,1,1
31,863.654,1134.019,206.782,-188.732,-0.988397,-0.151775,0.005986,0.151871,-0.988156,0.021969,0.002581,0.022623,0.999741,0,0.93990,0.05285,56.394,0.106,350.000,275.000,350.000,325.000,475.000,275.000,275.000,325.000,325.000,-1,-1,-1,-1,300.000,350.000,325.000,425.000,1,1,1,1,1,1,1,0,0,2,2,2,2,1,1,1,1
32,807.005,1142.596,207.066,-188.609,-0.988719,-0.149657,0.006057,0.149751,-0.988509,0.020615,0.002903,0.021290,0.999769,0,0.95492,0.06152,57.295,0.123,275.000,225.000,300.000,275.000,400.000,225.000,225.000,325.000,325.000,-1,-1,-1,-1,250.000,300.000,275.000,350.000,1,1,1,1,1,1,1,0,0,2,2,2,2,1,1,1,1
33,749.443,1151.165,207.389,-188.467,-0.989086,-0.147210,0.006160,0.147303,-0.988904,0.019253,0.003257,0.019951,0.999796,0,0.96994,0.07102,58.196,0.142,225.000,200.000,250.000,225.000,325.000,175.000,200.000,325.000,325.000,-1,-1,-1,-1,200.000,250.000,200.000,300.000,1,1,1,1,1,1,1,0,0,2,2,2,2,1,1,1,1
34,690.970,1159.700,207.707,-188.304,-0.989498,-0.144401,0.006407,0.144494,-0.989348,0.017687,0.003784,0.018427,0.999823,0,0.98488,0.08148,59.093,0.163,150.000,150.000,200.000,175.000,250.000,125.000,150.000,325.000,325.000,-1,-1,-1,-1,150.000,175.000,150.000,225.000,1,1,1,1,1,1,1,0,0,2,2,2,2,1,1,1,1
35,631.583,1168.135,220.599,-188.118,-0.988477,-0.140880,0.055377,0.144189,-0.987660,0.061141,0.046080,0.068421,0.996592,0,0.99967,0.09304,59.980,0.186,150.000,125.000,175.000,150.000,200.000,125.000,125.000,500.000,275.000,-1,250.000,150.000,-1,150.000,150.000,150.000,175.000,1,1,1,1,1,1,1,0,0,2,0,0,2,1,1,1,1
36,7543.220,9511.016,-133.782,171.749,-0.989591,-0.143479,0.011132,0.143238,-0.989485,-0.020041,0.013891,-0.018238,0.999737,1,0.00000,0.00000,60.000,0.212,-1,400.000,-1,400.000,-1,325.000,325.000,300.000,300.000,-1,850.000,800.000,800.000,750.000,775.000,-1,-1,2,0,2,0,2,0,0,0,0,2,0,0,1,0,0,2,2
37,7538.467,9511.684,-133.716,171.989,-0.990183,-0.139333,0.011152,0.139093,-0.990077,-0.020013,0.013830,-0.018266,0.999738,0,0.08000,0.12000,4.800,0.240,-1,400.000,-1,400.000,-1,325.000,325.000,300.000,300.000,-1,850.000,800.000,800.000,750.000,775.000,-1,-1,2,0,2,0,2,0,0,0,0,2,0,0,1,0,0,2,2
38,7528.950,9512.943,-133.585,172.469,-0.991315,-0.131034,0.011191,0.130794,-0.991209,-0.019957,0.013708,-0.018319,0.999738,0,0.16000,0.24000,9.600,0.480,-1,400.000,-1,400.000,-1,325.000,325.000,300.000,300.000,-1,850.000,800.000,825.000,750.000,775.000,-1,-1,2,0,2,0,2,0,0,0,0,2,0,0,1,0,0,2,2
39,7514.654,9514.673,-133.391,173.100,-0.992695,-0.120121,0.011252,0.119883,-0.992589,-0.019871,0.013555,-0.018377,0.999739,0,0.24000,0.31517,14.400,0.630,-1,400.000,-1,400.000,-1,325.000,325.000,300.000,300.000,-1,850.000,800.000,825.000,750.000,775.000,-1,-1,2,0,2,0,2,0,0,0,0,2,0,0,1,0,0,2,2
40,7495.569,9516.769,-133.140,173.732,-0.993959,-0.109166,0.011334,0.108929,-0.993853,-0.019762,0.013422,-0.018408,0.999740,0,0.32000,0.31598,19.200,0.632,-1,400.000,-1,400.000,-1,325.000,325.000,300.000,300.000,-1,850.000,825.000,850.000,750.000,775.000,-1,-1,2,0,2,0,2,0,0,0,0,2,0,0,1,0,0,2,2
41,7471.685,9519.125,-132.831,174.366,-0.995105,-0.098158,0.011439,0.097922,-0.995001,-0.019627,0.013309,-0.018411,0.999742,0,0.40000,0.31713,24.000,0.634,-1,400.000,-1,400.000,-1,325.000,325.000,300.000,300.000,-1,875.000,825.000,875.000,750.000,775.000,-1,-1,2,0,2,0,2,0,0,0,0,2,0,0,1,0,0,2,2
42,7442.994,9521.634,-132.469,175.003,-0.996134,-0.087084,0.011568,0.086850,-0.996031,-0.019463,0.013217,-0.018383,0.999744,0,0.48000,0.31865,28.800,0.637,-1,400.000,-1,400.000,-1,325.000,325.000,300.000,300.000,-1,900.000,850.000,900.000,750.000,775.000,-1,-1,2,0,2,0,2,0,0,0,0,2,0,0,1,0,0,2,2
43,7409.491,9524.185,-132.054,175.644,-0.997044,-0.075933,0.011720,0.075699,-0.996945,-0.019266,0.013147,-0.018322,0.999746,0,0.56000,0.32059,33.600,0.641,-1,400.000,-1,400.000,-1,325.000,325.000,300.000,300.000,-1,925.000,875.000,925.000,750.000,775.000,-1,-1,2,0,2,0,2,0,0,0,0,2,0,0,1,0,0,2,2
44,7371.172,9526.670,-131.588,176.290,-0.997835,-0.064688,0.011897,0.064455,-0.997739,-0.019035,0.013101,-0.018227,0.999748,0,0.64000,0.32301,38.400,0.646,-1,400.000,-1,400.000,-1,325.000,325.000,300.000,300.000,-1,925.000,900.000,950.000,750.000,775.000,-1,-1,2,0,2,0,2,0,0,0,0,2,0,0,1,0,0,2,2
45,7331.288,9528.800,-131.113,176.942,-0.998504,-0.053332,0.012084,0.053100,-0.998413,-0.018782,0.013066,-0.018113,0.999751,0,0.66567,0.32594,39.940,0.652,-1,400.000,-1,400.000,-1,325.000,325.000,300.000,300.000,-1,950.000,900.000,975.000,750.000,775.000,-1,-1,2,0,2,0,2,0,0,0,0,2,0,1,1,0,0,2,2
46,7291.454,9530.469,-130.646,177.601,-0.999048,-0.041857,0.012273,0.041626,-0.998962,-0.018514,0.013036,-0.017986,0.999753,0,0.66448,0.32918,39.869,0.658,-1,400.000,-1,400.000,-1,325.000,325.000,300.000,300.000,-1,975.000,875.000,1000.000,750.000,775.000,-1,-1,2,0,2,0,2,0,0,0,0,2,0,1,1,0,0,2,2
47,7251.656,9531.674,-130.188,178.266,-0.999464,-0.030256,0.012466,0.030026,-0.999383,-0.018230,0.013010,-0.017846,0.999756,0,0.66361,0.33260,39.817,0.665,-1,400.000,-1,400.000,-1,325.000,325.000,300.000,300.000,-1,1000.000,850.000,-1,750.000,775.000,-1,-1,2,0,2,0,2,0,0,0,0,2,0,1,2,0,0,2,2
48,7211.878,9532.411,-129.712,178.938,-0.999749,-0.018526,0.012585,0.018300,-0.999673,-0.017837,0.012911,-0.017602,0.999762,0,0.66307,0.33620,39.784,0.672,-1,400.000,-1,400.000,-1,325.000,325.000,300.000,300.000,-1,-1,875.000,-1,725.000,775.000,-1,-1,2,0,2,0,2,0,0,0,0,2,2,1,2,0,0,2,2
49,7172.108,9532.677,-129.233,179.618,-0.999900,-0.006663,0.012512,0.006446,-0.999831,-0.017228,0.012625,-0.017146,0.999773,0,0.66285,0.33996,39.771,0.680,-1,400.000,-1,400.000,-1,325.000,325.000,300.000,300.000,-1,-1,875.000,-1,725.000,775.000,-1,-1,2,0,2,0,2,0,0,0,0,2,2,1,2,0,0,2,2
50,7132.332,9532.464,-128.764,180.306,-0.999908,0.005339,0.012433,-0.005545,-0.999847,-0.016597,0.012343,-0.016665,0.999785,0,0.66295,0.34388,39.777,0.688,-1,400.000,-1,400.000,-1,325.000,325.000,300.000,300.000,-1,-1,900.000,-1,725.000,775.000,-1,-1,2,0,2,0,2,0,0,0,0,2,2,1,2,0,0,2,2
51,7092.537,9531.768,-128.302,181.002,-0.999771,0.017483,0.012358,-0.017679,-0.999716,-0.015952,0.012076,-0.016167,0.999796,0,0.66336,0.34795,39.801,0.696,-1,400.000,-1,400.000,-1,325.000,325.000,300.000,300.000,-1,-1,925.000,-1,725.000,775.000,-1,-1,2,0,2,0,2,0,0,0,0,2,2,1,2,0,0,2,2
52,7052.710,9530.582,-127.846,181.706,-0.999481,0.029771,0.012286,-0.029958,-0.999434,-0.015289,0.011824,-0.015649,0.999808,0,0.66407,0.35218,39.844,0.704,-1,400.000,-1,400.000,-1,325.000,325.000,300.000,300.000,-1,-1,950.000,-1,725.000,775.000,-1,-1,2,0,2,0,2,0,0,0,0,2,2,1,2,0,0,2,2
53,7012.840,9528.898,-127.395,182.419,-0.999034,0.042208,0.012217,-0.042385,-0.998995,-0.014605,0.011588,-0.015109,0.999819,0,0.66509,0.35656,39.905,0.713,-1,400.000,-1,400.000,-1,325.000,325.000,300.000,300.000,-1,-1,1000.000,-1,725.000,775.000,-1,-1,2,0,2,0,2,0,0,0,0,2,2,1,2,0,0,2,2
54,6972.916,9526.706,-126.949,183.142,-0.998424,0.054796,0.012150,-0.054964,-0.998392,-0.013897,0.011369,-0.014543,0.999830,0,0.66640,0.36108,39.984,0.722,-1,400.000,-1,400.000,-1,325.000,325.000,300.000,300.000,-1,-1,-1,-1,725.000,775.000,-1,-1,2,0,2,0,2,0,0,0,0,2,2,2,2,0,0,2,2
55,6932.928,9523.999,-126.506,183.873,-0.997644,0.067538,0.012085,-0.067696,-0.997619,-0.013161,0.011168,-0.013948,0.999840,0,0.66799,0.36573,40.080,0.731,-1,400.000,-1,400.000,-1,325.000,325.000,300.000,300.000,-1,-1,-1,-1,725.000,775.000,-1,-1,2,0,2,0,2,0,0,0,0,2,2,2,2,0,0,2,2
56,6892.867,9520.766,-126.066,184.614,-0.996687,0.080436,0.012022,-0.080584,-0.996671,-0.012393,0.010985,-0.013321,0.999851,0,0.66987,0.37052,40.192,0.741,-1,375.000,-1,400.000,-1,325.000,325.000,300.000,300.000,-1,-1,-1,-1,725.000,775.000,-1,-1,2,0,2,0,2,0,0,0,0,2,2,2,2,0,0,2,2
57,6852.723,9516.996,-125.629,185.365,-0.995548,0.093491,0.011958,-0.093630,-0.995540,-0.011591,0.010821,-0.012659,0.999861,0,0.67201,0.37545,40.321,0.751,-1,375.000,-1,400.000,-1,325.000,325.000,300.000,300.000,-1,-1,-1,-1,700.000,775.000,-1,-1,2,0,2,0,2,0,0,0,0,2,2,2,2,0,0,2,2
58,6812.489,9512.678,-125.193,186.126,-0.994219,0.106706,0.011893,-0.106835,-0.994219,-0.010749,0.010677,-0.011957,0.999872,0,0.67442,0.38050,40.465,0.761,-1,375.000,-1,400.000,-1,325.000,325.000,300.000,300.000,-1,-1,-1,-1,700.000,775.000,-1,-1,2,0,2,0,2,0,0,0,0,2,2,2,2,0,0,2,2
59,6767.959,9507.224,-124.713,186.983,-0.992513,0.121570,0.011817,-0.121687,-0.992520,-0.009768,0.010541,-0.011133,0.999882,0,0.74771,0.42861,44.863,0.857,-1,375.000,-1,400.000,-1,325.000,325.000,300.000,300.000,-1,-1,-1,-1,700.000,750.000,-1,-1,2,0,2,0,2,0,0,0,0,2,2,2,2,0,0,2,2
60,6723.175,9501.060,-124.232,187.837,-0.990590,0.136356,0.011737,-0.136462,-0.990607,-0.008728,0.010437,-0.010247,0.999893,0,0.75343,0.42715,45.206,0.854,-1,375.000,-1,400.000,-1,325.000,325.000,300.000,300.000,-1,-1,-1,-1,700.000,750.000,-1,-1,2,0,2,0,2,0,0,0,0,2,2,2,2,0,0,2,2
61,6678.150,9494.179,-123.749,188.688,-0.988457,0.151053,0.011650,-0.151147,-0.988482,-0.007624,0.010364,-0.009297,0.999903,0,0.75914,0.42546,45.548,0.851,-1,375.000,-1,400.000,-1,325.000,325.000,300.000,300.000,-1,-1,-1,-1,700.000,750.000,-1,-1,2,0,2,0,2,0,0,0,0,2,2,2,2,0,0,2,2
62,6632.913,9486.383,-123.265,189.779,-0.985403,0.169847,0.011528,-0.169928,-0.985436,-0.006426,0.010269,-0.008291,0.999913,0,0.76506,0.54546,45.904,1.091,-1,375.000,-1,400.000,-1,325.000,325.000,300.000,300.000,-1,-1,-1,-1,700.000,750.000,-1,1000.000,2,0,2,0,2,0,0,0,0,2,2,2,2,0,1,2,1
63,6587.540,9477.473,-122.779,191.110,-0.981192,0.192691,0.011515,-0.192759,-0.981233,-0.005103,0.010316,-0.007227,0.999921,0,0.77065,0.66546,46.239,1.331,-1,375.000,-1,400.000,-1,325.000,325.000,300.000,300.000,-1,-1,-1,-1,700.000,725.000,-1,925.000,2,0,2,0,2,0,0,0,0,2,2,2,2,0,1,2,1
64,6542.087,9467.359,-122.196,192.544,-0.976057,0.217187,0.011913,-0.217247,-0.976109,-0.003950,0.010770,-0.006443,0.999921,0,0.77609,0.71698,46.565,1.434,-1,375.000,1000.000,400.000,-1,325.000,325.000,300.000,300.000,-1,-1,-1,-1,700.000,700.000,1000.000,875.000,2,0,1,0,2,0,0,0,0,2,2,2,2,0,1,1,1
65,6496.593,9456.041,-121.607,193.971,-0.970342,0.241421,0.012297,-0.241471,-0.970404,-0.002679,0.011286,-0.005569,0.999921,0,0.78134,0.71327,46.880,1.427,-1,375.000,950.000,400.000,975.000,325.000,325.000,300.000,300.000,-1,-1,-1,-1,700.000,675.000,1000.000,800.000,2,0,1,0,1,0,0,0,0,2,2,2,2,0,1,1,1
66,6451.101,9443.520,-121.015,195.389,-0.964065,0.265366,0.012641,-0.265403,-0.964137,-0.001316,0.011838,-0.004623,0.999919,0,0.78639,0.70910,47.183,1.418,-1,375.000,925.000,400.000,850.000,325.000,325.000,300.000,300.000,-1,-1,-1,-1,700.000,625.000,975.000,750.000,2,0,1,0,1,0,0,0,0,2,2,2,2,0,1,1,1
67,6405.655,9429.801,-120.428,196.798,-0.957244,0.288992,0.012931,-0.289015,-0.957324,0.000105,0.012410,-0.003637,0.999916,0,0.79120,0.70445,47.472,1.409,-1,375.000,875.000,400.000,775.000,325.000,325.000,300.000,300.000,-1,-1,-1,-1,700.000,600.000,950.000,700.000,2,0,1,0,1,0,0,0,0,2,2,2,2,1,1,1,1
68,6360.299,9414.892,-119.841,198.196,-0.949901,0.312273,0.013168,-0.312280,-0.949989,0.001594,0.013007,-0.002598,0.999912,0,0.79572,0.69929,47.743,1.399,-1,375.000,850.000,400.000,700.000,300.000,325.000,300.000,300.000,-1,-1,1000.000,-1,675.000,575.000,950.000,625.000,2,0,1,0,1,0,0,0,0,2,2,0,2,1,1,1,1
69,6315.081,9398.805,-119.253,199.584,-0.942059,0.335181,0.013342,-0.335169,-0.942153,0.003151,0.013626,-0.001504,0.999906,0,0.79991,0.69360,47.994,1.387,-1,375.000,800.000,400.000,625.000,300.000,325.000,300.000,300.000,-1,-1,925.000,-1,650.000,525.000,950.000,575.000,2,0,1,0,1,0,0,0,0,2,2,0,2,1,1,1,1
70,6270.050,9381.557,-118.516,200.958,-0.933735,0.357688,0.014050,-0.357662,-0.933841,0.004419,0.014701,-0.000899,0.999892,0,0.80369,0.68737,48.222,1.375,-1,375.000,775.000,400.000,550.000,300.000,325.000,300.000,300.000,-1,-1,825.000,-1,625.000,500.000,950.000,525.000,2,0,1,1,1,0,0,0,0,2,2,0,2,1,1,1,1
71,6225.256,9363.168,-117.689,202.319,-0.924959,0.379770,0.015061,-0.379729,-0.925081,0.005578,0.016051,-0.000559,0.999871,0,0.80702,0.68056,48.421,1.361,-1,375.000,725.000,375.000,500.000,325.000,325.000,300.000,300.000,-1,925.000,725.000,-1,600.000,475.000,-1,475.000,2,0,1,1,1,0,0,0,0,2,0,0,2,1,1,2,1
72,6180.752,9343.664,-116.857,203.666,-0.915763,0.401400,0.016017,-0.401342,-0.915903,0.006841,0.017416,-0.000164,0.999848,0,0.80983,0.67316,48.590,1.346,-1,375.000,700.000,350.000,450.000,325.000,325.000,300.000,300.000,-1,850.000,650.000,-1,575.000,450.000,-1,425.000,2,0,1,1,1,0,0,0,0,2,0,0,2,1,1,2,1
73,6136.593,9323.076,-116.019,204.996,-0.906179,0.422556,0.016909,-0.422476,-0.906337,0.008204,0.018792,0.000291,0.999823,0,0.81204,0.66515,48.723,1.330,-1,375.000,650.000,325.000,400.000,325.000,300.000,300.000,300.000,-1,775.000,600.000,-1,575.000,425.000,-1,400.000,2,0,1,1,1,0,1,0,0,2,0,0,2,1,1,2,1
74,6092.835,9301.440,-115.175,206.309,-0.896241,0.443213,0.017725,-0.443108,-0.896416,0.009666,0.020173,0.000809,0.999796,0,0.81358,0.65651,48.815,1.313,-1,375.000,625.000,300.000,350.000,325.000,300.000,300.000,300.000,-1,725.000,575.000,-1,550.000,375.000,-1,350.000,2,0,1,1,1,1,1,0,0,2,0,0,2,1,1,2,1
75,6046.682,9277.187,-114.223,207.722,-0.885020,0.465186,0.018463,-0.465055,-0.885212,0.011125,0.021518,0.001260,0.999768,0,0.86896,0.70661,52.137,1.413,-1,375.000,575.000,275.000,300.000,300.000,275.000,300.000,300.000,-1,675.000,550.000,-1,525.000,350.000,-1,300.000,2,1,1,1,1,1,1,0,0,2,0,0,2,1,1,2,1
76,6001.139,9251.823,-113.147,209.114,-0.873446,0.486550,0.019009,-0.486400,-0.873652,0.012141,0.022514,0.001358,0.999746,0,0.86882,0.69591,52.129,1.392,-1,350.000,550.000,250.000,250.000,275.000,250.000,300.000,300.000,-1,650.000,550.000,-1,500.000,325.000,-1,250.000,2,1,1,1,1,1,1,0,0,2,0,0,2,1,1,2,1
77,5956.277,9225.416,-109.787,210.483,-0.861279,0.507271,0.029569,-0.507231,-0.861759,0.009386,0.030243,-0.006915,0.999519,0,0.86761,0.68446,52.057,1.369,-1,350.000,575.000,250.000,225.000,275.000,225.000,300.000,325.000,-1,525.000,450.000,-1,525.000,300.000,-1,225.000,2,1,1,1,1,1,1,0,0,2,0,0,2,1,1,2,1
78,5912.167,9198.036,-104.272,211.828,-0.848264,0.527224,0.049833,-0.527718,-0.849411,0.003718,0.044289,-0.023144,0.998751,0,0.86526,0.67228,51.915,1.345,-1,350.000,-1,250.000,200.000,275.000,225.000,275.000,350.000,-1,350.000,375.000,-1,575.000,300.000,-1,225.000,2,1,2,1,1,1,1,0,1,2,0,0,2,1,1,2,1
79,5868.881,9169.764,-98.765,213.146,-0.834604,0.546358,0.070206,-0.547767,-0.836630,-0.000991,0.058195,-0.039283,0.997532,0,0.86166,0.65941,51.700,1.319,-1,350.000,-1,225.000,200.000,275.000,225.000,275.000,350.000,-1,225.000,325.000,-1,725.000,300.000,-1,200.000,2,1,2,1,1,1,1,0,1,2,0,0,2,1,1,2,1
80,5823.729,9138.553,-92.899,214.647,-0.818133,0.567614,0.092041,-0.570395,-0.821356,-0.004848,0.072847,-0.056466,0.995743,0,0.91478,0.75040,54.887,1.501,-1,375.000,-1,225.000,200.000,275.000,225.000,275.000,350.000,875.000,150.000,275.000,-1,-1,300.000,-1,200.000,2,1,2,1,1,1,1,0,1,0,0,0,2,2,1,2,1
81,5779.171,9106.014,-86.847,216.130,-0.800775,0.587991,0.114129,-0.592615,-0.805442,-0.008405,0.086982,-0.074365,0.993430,0,0.91952,0.74157,55.171,1.483,-1,400.000,-1,225.000,200.000,275.000,225.000,250.000,350.000,625.000,100.000,250.000,-1,-1,300.000,-1,200.000,2,1,2,1,1,1,1,0,1,0,0,0,2,2,1,2,1
82,5735.269,9072.197,-80.676,217.594,-0.782568,0.607426,0.136462,-0.614362,-0.788942,-0.011402,0.100735,-0.092760,0.990580,0,0.92356,0.73161,55.414,1.463,-1,425.000,-1,225.000,200.000,300.000,225.000,250.000,325.000,475.000,75.000,225.000,-1,-1,300.000,-1,200.000,2,1,2,1,1,1,1,0,1,0,0,0,2,2,1,2,1
83,5692.085,9037.165,-74.488,219.034,-0.763546,0.625875,0.158987,-0.635548,-0.771945,-0.013389,0.114349,-0.111267,0.987190,0,0.92672,0.72040,55.603,1.441,-1,500.000,-1,250.000,175.000,325.000,250.000,250.000,325.000,375.000,50.000,200.000,-1,-1,375.000,-1,175.000,2,1,2,1,1,1,1,0,1,0,0,0,2,2,1,2,1
84,5649.690,9000.996,-68.292,220.450,-0.743770,0.643288,0.181624,-0.656108,-0.754530,-0.014392,0.127782,-0.129869,0.983263,0,0.92875,0.70775,55.725,1.415,-1,675.000,-1,275.000,175.000,375.000,275.000,225.000,300.000,300.000,25.000,200.000,-1,-1,500.000,-1,175.000,2,0,2,1,1,1,1,0,1,0,0,0,2,2,1,2,1
85,-1639.618,-2951.673,302.778,-9.538,0.901932,0.165532,-0.398896,-0.169426,0.985206,0.025752,0.397258,0.044357,0.916635,1,0.00000,0.00000,55.762,1.387,275.000,200.000,400.000,225.000,400.000,175.000,200.000,500.000,675.000,450.000,75.000,50.000,300.000,275.000,300.000,250.000,325.000,1,1,1,1,1,1,1,1,0,0,0,0,0,1,1,1,1
86,-7541.525,9506.526,192.020,-69.511,0.349977,0.935536,0.047850,-0.936758,0.349572,0.016860,-0.000954,-0.050724,0.998712,1,0.08000,0.12000,4.800,0.240,525.000,400.000,-1,425.000,-1,325.000,325.000,300.000,325.000,-1,-1,-1,-1,750.000,850.000,650.000,-1,1,0,2,0,2,0,0,0,0,2,2,2,2,1,0,1,2
87,-7538.090,9497.562,192.030,-69.031,0.357770,0.932576,0.047992,-0.933808,0.357397,0.016428,-0.001832,-0.050693,0.998713,0,0.16000,0.24000,9.600,0.480,500.000,400.000,-1,400.000,-1,325.000,325.000,300.000,325.000,-1,-1,-1,-1,750.000,850.000,625.000,-1,1,0,2,0,2,0,0,0,0,2,2,2,2,1,0,1,2
88,-7532.768,9484.182,192.039,-68.311,0.369413,0.928013,0.048226,-0.929260,0.369089,0.015796,-0.003141,-0.050650,0.998712,0,0.24000,0.36000,14.400,0.720,500.000,400.000,-1,400.000,-1,325.000,325.000,300.000,325.000,-1,-1,-1,-1,725.000,850.000,600.000,-1,1,0,2,0,2,0,0,0,0,2,2,2,2,1,0,1,2
89,-7525.374,9466.463,192.040,-67.351,0.384847,0.921701,0.048573,-0.922967,0.384586,0.014979,-0.004875,-0.050596,0.998707,0,0.32000,0.48000,19.200,0.960,475.000,400.000,-1,400.000,-1,325.000,325.000,300.000,325.000,-1,-1,-1,-1,700.000,850.000,575.000,-1,1,0,2,0,2,0,0,0,0,2,2,2,2,1,0,1,2
90,-7515.741,9444.481,192.015,-66.335,0.401055,0.914739,0.049058,-0.916028,0.400870,0.013994,-0.006865,-0.050551,0.998698,0,0.40000,0.50800,24.000,1.016,450.000,400.000,-1,400.000,-1,325.000,325.000,300.000,325.000,-1,-1,-1,-1,675.000,850.000,550.000,-1,1,0,2,0,2,0,0,0,0,2,2,2,2,1,0,1,2
91,-7503.712,9418.314,191.957,-65.314,0.417215,0.907448,0.049698,-0.908762,0.417116,0.012854,-0.009066,-0.050527,0.998682,0,0.48000,0.51079,28.800,1.022,425.000,400.000,-1,400.000,-1,325.000,325.000,300.000,325.000,-1,-1,-1,-1,650.000,825.000,525.000,-1,1,0,2,0,2,0,0,0,0,2,2,2,2,1,0,1,2
92,-7489.133,9388.042,191.862,-64.284,0.433365,0.899802,0.050507,-0.901145,0.433363,0.011573,-0.011475,-0.050530,0.998657,0,0.56000,0.51506,33.600,1.030,400.000,400.000,-1,400.000,-1,325.000,325.000,300.000,325.000,-1,-1,-1,-1,600.000,825.000,475.000,-1,1,0,2,0,2,0,0,0,0,2,2,2,2,1,0,1,2
93,-7471.844,9353.754,191.730,-63.242,0.449543,0.891773,0.051499,-0.893148,0.449649,0.010163,-0.014093,-0.050565,0.998621,0,0.64000,0.52085,38.400,1.042,375.000,400.000,-1,400.000,-1,325.000,325.000,300.000,325.000,-1,-1,-1,-1,575.000,825.000,450.000,-1,1,0,2,0,2,0,0,0,0,2,2,2,2,1,0,1,2
94,-7451.687,9315.546,191.199,-62.185,0.465830,0.883386,0.051295,-0.884721,0.466044,0.008443,-0.016448,-0.049314,0.998648,0,0.72000,0.52825,43.200,1.056,350.000,400.000,-1,400.000,-1,325.000,325.000,300.000,325.000,-1,-1,-1,-1,550.000,800.000,400.000,-1,1,0,2,0,2,0,0,0,0,2,2,2,2,1,0,1,2
95,-7428.498,9273.519,190.400,-61.111,0.482276,0.874576,0.050261,-0.875827,0.482579,0.006730,-0.018370,-0.047266,0.998713,0,0.80000,0.53736,48.000,1.075,300.000,400.000,-1,400.000,-1,325.000,325.000,300.000,325.000,-1,-1,-1,-1,500.000,800.000,350.000,-1,1,0,2,0,2,0,0,0,0,2,2,2,2,1,0,1,2
96,-7402.320,9227.666,189.525,-60.276,0.494929,0.867537,0.049237,-0.868699,0.495317,0.004849,-0.020182,-0.045172,0.998775,0,0.88000,0.41736,52.800,0.835,275.000,400.000,-1,400.000,-1,325.000,325.000,300.000,325.000,-1,-1,-1,-1,475.000,775.000,300.000,-1,1,0,2,0,2,0,0,0,0,2,2,2,2,1,0,1,2
97,-7374.548,9180.174,188.621,-59.681,0.503876,0.862429,0.048215,-0.863500,0.504341,0.002867,-0.021844,-0.043079,0.998833,0,0.91693,0.29736,55.016,0.595,225.000,375.000,950.000,400.000,-1,325.000,325.000,300.000,325.000,-1,-1,-1,-1,425.000,775.000,275.000,-1,1,1,1,0,2,0,0,1,0,2,2,2,2,1,0,1,2
98,-7346.161,9132.721,187.722,-59.111,0.512415,0.857441,0.047186,-0.858417,0.512951,0.000860,-0.023467,-0.040946,0.998886,0,0.92159,0.28531,55.295,0.571,200.000,350.000,850.000,400.000,-1,325.000,325.000,300.000,325.000,-1,-1,-1,-1,400.000,750.000,225.000,-1,1,1,1,0,2,0,0,1,0,2,2,2,2,1,0,1,2
99,-7317.161,9085.392,186.706,-58.502,0.521480,0.852003,0.046356,-0.852906,0.522064,-0.000590,-0.024704,-0.039230,0.998925,0,0.92513,0.30424,55.508,0.608,150.000,325.000,775.000,400.000,-1,325.000,325.000,275.000,325.000,-1,-1,-1,-1,350.000,750.000,175.000,-1,1,1,1,0,2,0,0,1,0,2,2,2,2,1,0,1,2
100,-7287.547,9038.265,185.614,-57.854,0.531163,0.846090,0.044686,-0.846932,0.531701,-0.000169,-0.023903,-0.037756,0.999001,0,0.92765,0.32413,55.659,0.648,125.000,275.000,700.000,400.000,-1,325.000,325.000,275.000,300.000,-1,-1,-1,-1,325.000,750.000,125.000,-1,1,1,1,0,2,0,0,1,0,2,2,2,2,1,0,1,2
101,-7257.331,8991.423,191.642,-57.164,0.542240,0.840204,0.005730,-0.840224,0.542225,0.003968,0.000227,-0.006966,0.999976,0,0.92905,0.34502,55.743,0.690,100.000,275.000,700.000,450.000,-1,325.000,375.000,275.000,300.000,-1,-1,225.000,-1,325.000,875.000,125.000,-1,1,1,1,0,2,1,0,1,0,2,2,0,2,1,0,1,2
102,-7226.497,8944.971,197.903,-56.430,0.552256,0.832951,-0.034734,-0.833294,0.552783,0.007181,0.025182,0.024978,0.999371,0,0.92923,0.36693,55.754,0.734,100.000,275.000,725.000,500.000,-1,325.000,425.000,300.000,275.000,-1,250.000,100.000,850.000,325.000,1000.000,125.000,-1,1,1,1,0,2,1,0,1,0,2,0,0,0,1,1,1,2
103,-7195.058,8899.009,204.075,-55.650,0.561200,0.824273,-0.075016,-0.826180,0.563331,0.009148,0.049799,0.056843,0.997140,0,0.92806,0.38988,55.684,0.780,100.000,275.000,775.000,575.000,-1,300.000,425.000,300.000,250.000,-1,200.000,50.000,500.000,325.000,975.000,125.000,-1,1,1,1,0,2,1,1,1,0,2,0,0,0,1,1,1,2
104,-7163.034,8853.642,210.301,-54.822,0.569045,0.814105,-0.115847,-0.818930,0.573809,0.009778,0.074434,0.089306,0.993219,0,0.92545,0.41386,55.527,0.828,100.000,250.000,850.000,625.000,-1,300.000,400.000,300.000,250.000,-1,175.000,25.000,325.000,300.000,975.000,100.000,-1,1,1,1,1,2,1,1,1,0,2,0,0,0,1,1,1,2
105,-7130.449,8808.983,216.474,-53.945,0.575696,0.802334,-0.157589,-0.811624,0.584112,0.008914,0.099201,0.122771,0.987465,0,0.92131,0.43885,55.278,0.878,100.000,250.000,-1,600.000,-1,275.000,400.000,300.000,225.000,-1,175.000,0.000,225.000,300.000,1000.000,100.000,-1,1,1,2,1,2,1,1,1,0,2,0,0,0,1,1,1,2
106,-7097.335,8765.146,222.684,-53.015,0.581182,0.788901,-0.199655,-0.804328,0.594152,0.006342,0.123628,0.156902,0.979846,0,0.91555,0.46481,54.933,0.930,75.000,250.000,-1,575.000,-1,275.000,375.000,300.000,225.000,-1,175.000,0.000,150.000,300.000,1000.000,100.000,-1,1,1,2,1,2,1,1,1,0,2,0,0,0,1,1,1,2
107,-7063.731,8722.248,228.933,-52.032,0.585542,0.773743,-0.241792,-0.797118,0.603821,0.001886,0.147458,0.191633,0.970326,0,0.90814,0.49165,54.488,0.983,75.000,250.000,-1,550.000,-1,275.000,375.000,275.000,200.000,-1,150.000,0.000,125.000,300.000,1000.000,100.000,-1,1,1,2,1,2,1,1,1,0,2,0,0,0,1,1,1,2
108,-6231.355,4919.453,370.347,-176.388,-0.997728,0.062827,0.024309,-0.060863,-0.995363,0.074485,0.028876,0.072837,0.996926,1,0.00000,0.00000,53.943,1.039,-1,400.000,-1,400.000,-1,325.000,325.000,325.000,325.000,-1,-1,-1,1000.000,800.000,825.000,-1,-1,2,0,2,0,2,0,0,0,0,2,2,2,1,0,0,2,2
109,-6236.146,4919.171,370.482,-176.628,-0.997985,0.058656,0.024190,-0.056711,-0.995608,0.074491,0.028453,0.072970,0.996928,0,0.08000,-0.12000,4.800,-0.240,-1,400.000,-1,400.000,-1,325.000,325.000,325.000,325.000,-1,-1,-1,1000.000,800.000,825.000,-1,-1,2,0,2,0,2,0,0,0,0,2,2,2,1,0,0,2,2
110,-6245.730,4918.606,370.758,-176.628,-0.997991,0.058656,0.023956,-0.056727,-0.995604,0.074535,0.028223,0.073026,0.996931,0,0.16000,0.00000,9.600,0.000,-1,400.000,-1,400.000,-1,325.000,325.000,325.000,325.000,-1,-1,-1,-1,800.000,825.000,-1,-1,2,0,2,0,2,0,0,0,0,2,2,2,2,0,0,2,2
111,-6260.104,4917.742,371.174,-176.559,-0.997928,0.059862,0.023606,-0.057953,-0.995528,0.074603,0.027966,0.073081,0.996934,0,0.24000,0.03469,14.400,0.069,-1,400.000,-1,400.000,-1,325.000,325.000,325.000,325.000,-1,-1,-1,-1,800.000,800.000,-1,-1,2,0,2,0,2,0,0,0,0,2,2,2,2,0,0,2,2
112,-6279.268,4916.565,371.732,-176.486,-0.997862,0.061126,0.023139,-0.059246,-0.995445,0.074692,0.027599,0.073161,0.996938,0,0.32000,0.03641,19.200,0.073,-1,400.000,-1,400.000,-1,325.000,325.000,325.000,325.000,-1,-1,-1,-1,800.000,800.000,-1,-1,2,0,2,0,2,0,0,0,0,2,2,2,2,0,0,2,2
113,-6303.220,4915.062,372.432,-176.409,-0.997792,0.062472,0.022556,-0.060629,-0.995354,0.074800,0.027124,0.073268,0.996943,0,0.40000,0.03875,24.000,0.077,-1,400.000,-1,400.000,-1,325.000,325.000,325.000,325.000,-1,-1,-1,-1,800.000,800.000,-1,-1,2,0,2,0,2,0,0,0,0,2,2,2,2,0,0,2,2
114,-6331.961,4913.216,373.275,-176.325,-0.997716,0.063921,0.021856,-0.062122,-0.995252,0.074929,0.026542,0.073400,0.996949,0,0.48000,0.04171,28.800,0.083,-1,400.000,-1,400.000,-1,325.000,325.000,325.000,325.000,-1,-1,-1,-1,800.000,800.000,-1,-1,2,0,2,0,2,0,0,0,0,2,2,2,2,0,0,2,2
115,-6365.488,4911.009,374.264,-176.235,-0.997631,0.065494,0.021041,-0.063747,-0.995138,0.075077,0.025856,0.073558,0.996956,0,0.56000,0.04532,33.600,0.091,-1,400.000,-1,400.000,-1,325.000,325.000,325.000,325.000,-1,-1,-1,-1,800.000,800.000,-1,-1,2,0,2,0,2,0,0,0,0,2,2,2,2,0,0,2,2
116,-6403.801,4908.421,375.402,-176.135,-0.997536,0.067215,0.020111,-0.065528,-0.995010,0.075245,0.025068,0.073742,0.996962,0,0.64000,0.04957,38.400,0.099,-1,400.000,-1,400.000,-1,325.000,325.000,325.000,325.000,-1,-1,-1,-1,800.000,800.000,-1,-1,2,0,2,0,2,0,0,0,0,2,2,2,2,0,0,2,2
117,-6446.897,4905.427,376.690,-176.026,-0.997427,0.069106,0.019066,-0.067486,-0.994864,0.075434,0.024181,0.073953,0.996969,0,0.72000,0.05447,43.200,0.109,-1,400.000,-1,400.000,-1,325.000,325.000,325.000,325.000,-1,-1,-1,-1,800.000,800.000,-1,-1,2,0,2,0,2,0,0,0,0,2,2,2,2,0,0,2,2
118,-6494.774,4902.001,378.132,-175.906,-0.997302,0.071189,0.017905,-0.069645,-0.994700,0.075644,0.023195,0.074193,0.996974,0,0.80000,0.06003,48.000,0.120,-1,400.000,-1,400.000,-1,325.000,325.000,325.000,325.000,-1,-1,-1,-1,800.000,775.000,-1,-1,2,0,2,0,2,0,0,0,0,2,2,2,2,0,0,2,2
119,-6547.219,4898.125,379.661,-175.774,-0.997155,0.073486,0.016804,-0.072008,-0.994495,0.076117,0.022305,0.074691,0.996957,0,0.87646,0.06625,52.587,0.132,-1,400.000,-1,400.000,-1,325.000,325.000,325.000,325.000,-1,-1,-1,-1,800.000,775.000,-1,-1,2,0,2,0,2,0,0,0,0,2,2,2,2,0,0,2,2
120,-6599.483,4894.132,380.893,-175.632,-0.996976,0.075949,0.016449,-0.074479,-0.994274,0.076632,0.022175,0.075175,0.996924,0,0.87362,0.07104,52.417,0.142,-1,400.000,-1,400.000,-1,325.000,325.000,325.000,325.000,-1,-1,-1,-1,800.000,775.000,-1,-1,2,0,2,0,2,0,0,0,0,2,2,2,2,0,0,2,2
121,-6651.548,4890.021,381.961,-175.485,-0.996782,0.078507,0.016180,-0.077054,-0.994091,0.076464,0.022087,0.074971,0.996941,0,0.87045,0.07367,52.227,0.147,-1,400.000,-1,400.000,-1,325.000,325.000,325.000,325.000,-1,-1,-1,-1,800.000,775.000,-1,-1,2,0,2,0,2,0,0,0,0,2,2,2,2,0,0,2,2
122,-6703.394,4885.788,383.036,-175.333,-0.996575,0.081145,0.015904,-0.079709,-0.993894,0.076295,0.021998,0.074766,0.996958,0,0.86696,0.07600,52.018,0.152,-1,400.000,-1,400.000,-1,325.000,325.000,325.000,325.000,-1,-1,-1,-1,800.000,775.000,-1,-1,2,0,2,0,2,0,0,0,0,2,2,2,2,0,0,2,2
123,-6755.002,4881.433,384.117,-175.176,-0.996356,0.083853,0.015620,-0.082435,-0.993685,0.076126,0.021905,0.074561,0.996976,0,0.86319,0.07803,51.791,0.156,-1,400.000,-1,400.000,-1,325.000,325.000,300.000,325.000,-1,-1,-1,-1,800.000,750.000,-1,-1,2,0,2,0,2,0,0,0,0,2,2,2,2,0,0,2,2
124,-6806.357,4876.956,385.204,-175.017,-0.996123,0.086621,0.015329,-0.085220,-0.993463,0.075957,0.021809,0.074356,0.996993,0,0.85917,0.07975,51.550,0.160,-1,400.000,-1,400.000,-1,325.000,325.000,300.000,325.000,-1,-1,-1,-1,800.000,750.000,-1,-1,2,0,2,0,2,0,0,0,0,2,2,2,2,0,0,2,2
125,-6857.446,4872.356,386.297,-174.855,-0.995879,0.089436,0.015031,-0.088055,-0.993228,0.075787,0.021707,0.074151,0.997011,0,0.85493,0.08117,51.296,0.162,-1,400.000,-1,400.000,-1,325.000,325.000,300.000,325.000,-1,-1,-1,-1,800.000,750.000,-1,-1,2,0,2,0,2,0,0,0,0,2,2,2,2,0,0,2,2
126,-6908.259,4867.633,387.396,-174.690,-0.995623,0.092290,0.014724,-0.090927,-0.992983,0.075617,0.021599,0.073948,0.997028,0,0.85054,0.08227,51.032,0.165,-1,400.000,-1,400.000,-1,325.000,325.000,300.000,325.000,-1,-1,-1,-1,800.000,750.000,-1,-1,2,0,2,0,2,0,0,0,0,2,2,2,2,0,0,2,2
127,-6958.788,4862.789,388.500,-174.524,-0.995357,0.095170,0.014408,-0.093826,-0.992726,0.075448,0.021484,0.073745,0.997046,0,0.84602,0.08306,50.761,0.166,-1,400.000,-1,400.000,-1,325.000,325.000,300.000,325.000,-1,-1,-1,-1,800.000,750.000,-1,-1,2,0,2,0,2,0,0,0,0,2,2,2,2,0,0,2,2
128,-7009.030,4857.825,389.610,-174.357,-0.995080,0.098066,0.014083,-0.096742,-0.992459,0.075278,0.021359,0.073545,0.997063,0,0.84143,0.08354,50.486,0.167,-1,400.000,-1,375.000,-1,325.000,325.000,300.000,325.000,-1,-1,-1,-1,825.000,750.000,-1,-1,2,0,2,0,2,0,0,0,0,2,2,2,2,0,0,2,2
129,-7058.981,4852.742,390.725,-174.189,-0.994795,0.100967,0.013749,-0.099664,-0.992182,0.075109,0.021225,0.073348,0.997081,0,0.83682,0.08372,50.209,0.167,-1,400.000,-1,375.000,-1,325.000,325.000,300.000,325.000,-1,-1,-1,-1,825.000,750.000,-1,-1,2,0,2,0,2,0,0,0,0,2,2,2,2,0,0,2,2
130,-7108.643,4847.542,391.845,-174.022,-0.994501,0.103863,0.013405,-0.102581,-0.991898,0.074941,0.021080,0.073154,0.997098,0,0.83224,0.08359,49.934,0.167,-1,400.000,-1,375.000,-1,325.000,325.000,300.000,325.000,-1,-1,-1,-1,825.000,725.000,-1,-1,2,0,2,0,2,0,0,0,0,2,2,2,2,0,0,2,2
131,-7158.021,4842.227,392.971,-173.856,-0.994201,0.106744,0.013051,-0.105484,-0.991606,0.074775,0.020923,0.072965,0.997115,0,0.82772,0.08317,49.663,0.166,-1,400.000,-1,375.000,-1,325.000,325.000,300.000,325.000,-1,-1,-1,-1,825.000,725.000,-1,-1,2,0,2,0,2,0,0,0,0,2,2,2,2,0,0,2,2
132,-7207.121,4836.799,394.129,-173.691,-0.993894,0.109600,0.012764,-0.108359,-0.991315,0.074516,0.020820,0.072677,0.997138,0,0.82332,0.08245,49.399,0.165,-1,400.000,-1,375.000,-1,325.000,325.000,300.000,325.000,-1,-1,-1,-1,825.000,725.000,-1,-1,2,0,2,0,2,0,0,0,0,2,2,2,2,0,0,2,2
133,-7255.952,4831.260,395.306,-173.528,-0.993577,0.112424,0.012828,-0.111185,-0.991052,0.073849,0.021015,0.071948,0.997187,0,0.81907,0.08146,49.144,0.163,-1,400.000,-1,375.000,-1,325.000,325.000,300.000,325.000,-1,-1,-1,-1,825.000,725.000,-1,-1,2,0,2,0,2,0,0,0,0,2,2,2,2,0,0,2,2
