timestep,x_cm,y_cm,z_cm,yaw_deg,basis_xx,basis_xy,basis_xz,basis_yx,basis_yy,basis_yz,basis_zx,basis_zy,basis_zz,teleport_flag,throttle_cmd,steering_cmd,cmd_move_cm,cmd_turn_deg,lidar_cm_0,lidar_cm_1,lidar_cm_2,lidar_cm_3,lidar_cm_4,lidar_cm_5,lidar_cm_6,lidar_cm_7,lidar_cm_8,lidar_cm_9,lidar_cm_10,lidar_cm_11,lidar_cm_12,lidar_cm_13,lidar_cm_14,lidar_cm_15,lidar_cm_16,lidar_class_0,lidar_class_1,lidar_class_2,lidar_class_3,lidar_class_4,lidar_class_5,lidar_class_6,lidar_class_7,lidar_class_8,lidar_class_9,lidar_class_10,lidar_class_11,lidar_class_12,lidar_class_13,lidar_class_14,lidar_class_15,lidar_class_16
0,-1636.879,-2955.504,139.075,-53.243,0.584940,0.797520,-0.147670,-0.802258,0.595685,0.039264,0.119279,0.095502,0.988257,1,0.08000,-0.12000,4.800,-0.240,-1,400.000,-1,400.000,-1,325.000,325.000,325.000,325.000,-1,600.000,625.000,-1,875.000,800.000,-1,-1,2,0,2,0,2,0,0,0,0,2,0,0,2,0,0,2,2
1,-1631.197,-2963.243,140.156,-53.723,0.578257,0.802422,-0.147434,-0.807221,0.588939,0.039316,0.118378,0.096277,0.988290,0,0.16000,-0.24000,9.600,-0.480,-1,400.000,-1,400.000,-1,325.000,325.000,325.000,325.000,-1,600.000,625.000,-1,875.000,800.000,-1,-1,2,0,2,0,2,0,0,0,0,2,0,0,2,0,0,2,2
2,-1622.779,-2974.927,141.763,-54.230,0.571163,0.807543,-0.147132,-0.812405,0.581766,0.039323,0.117352,0.097071,0.988335,0,0.24000,-0.25365,14.400,-0.507,-1,400.000,-1,400.000,-1,325.000,325.000,325.000,325.000,-1,625.000,625.000,-1,875.000,800.000,-1,-1,2,0,2,0,2,0,0,0,0,2,0,0,2,0,0,2,2
3,-1611.692,-2990.602,143.892,-54.730,0.564142,0.812529,-0.146768,-0.817454,0.574654,0.039269,0.116248,0.097823,0.988391,0,0.32000,-0.25002,19.200,-0.500,-1,400.000,-1,400.000,-1,325.000,325.000,325.000,325.000,-1,625.000,650.000,-1,875.000,800.000,-1,-1,2,0,2,0,2,0,0,0,0,2,0,0,2,0,0,2,2
4,-1598.001,-3010.315,146.540,-55.221,0.557233,0.817360,-0.146334,-0.822345,0.567640,0.039146,0.115061,0.098524,0.988460,0,0.40000,-0.24516,24.000,-0.490,-1,400.000,-1,400.000,-1,325.000,325.000,325.000,325.000,-1,675.000,675.000,-1,875.000,800.000,-1,-1,2,0,2,0,2,0,0,0,0,2,0,0,2,0,0,2,2
5,-1581.771,-3034.106,149.705,-55.699,0.550479,0.822016,-0.145819,-0.827059,0.560764,0.038946,0.113784,0.099162,0.988544,0,0.48000,-0.23905,28.800,-0.478,-1,400.000,-1,400.000,-1,325.000,325.000,325.000,325.000,-1,700.000,725.000,-1,875.000,800.000,-1,-1,2,0,2,0,2,0,0,0,0,2,0,0,2,0,0,2,2
6,-1563.060,-3062.015,153.386,-56.162,0.543922,0.826477,-0.145207,-0.831573,0.554068,0.038659,0.112405,0.099723,0.988646,0,0.56000,-0.23165,33.600,-0.463,-1,400.000,-1,400.000,-1,325.000,325.000,325.000,325.000,-1,750.000,775.000,-1,875.000,800.000,-1,-1,2,0,2,0,2,0,0,0,0,2,0,0,2,0,0,2,2
7,-1542.986,-3092.467,157.388,-56.608,0.537611,0.830726,-0.144457,-0.835866,0.547596,0.038294,0.110916,0.100160,0.988770,0,0.60789,-0.22291,36.473,-0.446,-1,400.000,-1,400.000,-1,325.000,325.000,325.000,325.000,-1,800.000,825.000,-1,875.000,800.000,-1,-1,2,0,2,0,2,0,0,0,0,2,0,0,2,0,0,2,2
8,-1523.076,-3123.167,161.413,-57.035,0.531570,0.834753,-0.143595,-0.839925,0.541379,0.037879,0.109359,0.100474,0.988911,0,0.60984,-0.21327,36.590,-0.427,-1,400.000,-1,400.000,-1,325.000,325.000,300.000,325.000,-1,875.000,875.000,-1,875.000,800.000,-1,-1,2,0,2,0,2,0,0,0,0,2,0,0,2,0,0,2,2
9,-1503.313,-3154.118,165.429,-57.441,0.525783,0.838550,-0.142782,-0.843756,0.535420,0.037429,0.107835,0.100793,0.989046,0,0.61205,-0.20345,36.723,-0.407,-1,400.000,-1,400.000,-1,325.000,325.000,300.000,325.000,-1,925.000,950.000,-1,875.000,775.000,-1,-1,2,0,2,0,2,0,0,0,0,2,0,0,2,0,0,2,2
10,-1483.681,-3185.329,169.438,-57.828,0.520258,0.842118,-0.142016,-0.847362,0.529728,0.036946,0.106343,0.101118,0.989175,0,0.61452,-0.19345,36.871,-0.387,-1,400.000,-1,400.000,-1,325.000,325.000,300.000,325.000,-1,1000.000,1000.000,-1,875.000,775.000,-1,-1,2,0,2,0,2,0,0,0,0,2,0,0,2,0,0,2,2
11,-1464.162,-3216.803,173.461,-58.195,0.515003,0.845467,-0.141267,-0.850740,0.524317,0.036519,0.104944,0.101374,0.989298,0,0.61726,-0.18325,37.035,-0.367,-1,400.000,-1,400.000,-1,325.000,325.000,300.000,325.000,-1,-1,-1,-1,875.000,775.000,-1,-1,2,0,2,0,2,0,0,0,0,2,2,2,2,0,0,2,2
12,-1444.740,-3248.548,177.501,-58.541,0.510029,0.848599,-0.140536,-0.853891,0.519195,0.036141,0.103635,0.101570,0.989416,0,0.62025,-0.17286,37.215,-0.346,-1,400.000,-1,400.000,-1,325.000,325.000,300.000,325.000,-1,-1,-1,-1,875.000,775.000,-1,-1,2,0,2,0,2,0,0,0,0,2,2,2,2,0,0,2,2
13,-1425.397,-3280.569,181.535,-58.865,0.505347,0.851507,-0.139860,-0.856826,0.514368,0.035705,0.102342,0.101792,0.989527,0,0.62350,-0.16228,37.410,-0.325,-1,400.000,-1,400.000,-1,325.000,325.000,300.000,325.000,-1,-1,-1,-1,900.000,775.000,-1,-1,2,0,2,0,2,0,0,0,0,2,2,2,2,0,0,2,2
14,-1405.189,-3314.426,185.759,-59.168,0.500970,0.854195,-0.139213,-0.859547,0.509843,0.035186,0.101033,0.102033,0.989637,0,0.65714,-0.15156,39.428,-0.303,-1,400.000,-1,400.000,-1,325.000,325.000,300.000,300.000,-1,-1,-1,-1,900.000,775.000,-1,-1,2,0,2,0,2,0,0,0,0,2,2,2,2,0,0,2,2
15,-1385.108,-3348.452,189.965,-59.453,0.496850,0.856693,-0.138628,-0.862086,0.505579,0.034610,0.099738,0.102313,0.989740,0,0.65849,-0.14232,39.509,-0.285,-1,400.000,-1,400.000,-1,325.000,325.000,325.000,300.000,-1,-1,-1,-1,900.000,775.000,-1,-1,2,0,2,0,2,0,0,0,0,2,2,2,2,0,0,2,2
16,-1365.138,-3382.655,194.016,-59.719,0.493044,0.859049,-0.137632,-0.864412,0.501614,0.034277,0.098484,0.102070,0.989890,0,0.66011,-0.13284,39.607,-0.266,-1,400.000,-1,400.000,-1,325.000,325.000,325.000,300.000,-1,-1,-1,-1,900.000,775.000,-1,-1,2,0,2,0,2,0,0,0,0,2,2,2,2,0,0,2,2
17,-1345.258,-3417.041,197.971,-59.965,0.489520,0.861245,-0.136484,-0.866535,0.497944,0.034187,0.097405,0.101533,0.990052,0,0.66199,-0.12314,39.720,-0.246,-1,400.000,-1,400.000,-1,325.000,325.000,325.000,300.000,-1,-1,-1,-1,900.000,775.000,-1,-1,2,0,2,0,2,0,0,0,0,2,2,2,2,0,0,2,2
18,-1325.450,-3451.618,201.911,-60.191,0.486282,0.863252,-0.135374,-0.868474,0.494564,0.034054,0.096348,0.101009,0.990209,0,0.66414,-0.11320,39.849,-0.226,-1,400.000,-1,400.000,-1,325.000,325.000,300.000,300.000,-1,-1,-1,-1,925.000,775.000,-1,-1,2,0,2,0,2,0,0,0,0,2,2,2,2,0,0,2,2
19,-1305.694,-3486.393,205.773,-60.397,0.483389,0.865093,-0.133977,-0.870224,0.491494,0.033828,0.095113,0.100238,0.990407,0,0.66657,-0.10303,39.994,-0.206,-1,425.000,-1,400.000,-1,325.000,325.000,300.000,300.000,-1,-1,-1,-1,925.000,775.000,-1,-1,2,0,2,0,2,0,0,0,0,2,2,2,2,0,0,2,2
20,-1283.702,-3525.053,210.018,-60.363,0.484152,0.864917,-0.132344,-0.869909,0.492073,0.033499,0.094097,0.098908,0.990638,0,0.74130,0.01697,44.478,0.034,-1,425.000,-1,400.000,-1,325.000,325.000,300.000,300.000,-1,-1,-1,-1,925.000,775.000,-1,-1,2,0,2,0,2,0,0,0,0,2,2,2,2,0,0,2,2
21,-1259.132,-3567.768,214.642,-60.089,0.488516,0.862690,-0.130834,-0.867530,0.496280,0.033124,0.093506,0.097321,0.990851,0,0.82130,0.13697,49.278,0.274,-1,425.000,-1,400.000,-1,325.000,325.000,300.000,300.000,-1,-1,-1,-1,925.000,775.000,-1,-1,2,0,2,0,2,0,0,0,0,2,2,2,2,0,0,2,2
22,-1231.795,-3614.427,219.597,-59.632,0.495578,0.858827,-0.129686,-0.863531,0.503234,0.032726,0.093369,0.095769,0.991015,0,0.90130,0.22890,54.078,0.458,-1,425.000,-1,400.000,-1,325.000,325.000,300.000,300.000,-1,-1,-1,-1,925.000,800.000,-1,-1,2,0,2,0,2,0,0,0,0,2,2,2,2,0,0,2,2
23,-1203.710,-3661.433,224.629,-59.141,0.503124,0.854618,-0.128430,-0.859180,0.510656,0.032244,0.093140,0.094121,0.991194,0,0.91263,0.24551,54.758,0.491,-1,425.000,-1,400.000,-1,325.000,325.000,300.000,300.000,-1,-1,-1,-1,950.000,800.000,-1,-1,2,0,2,0,2,0,0,0,0,2,2,2,2,0,0,2,2
24,-1175.038,-3708.439,229.705,-58.615,0.511161,0.850040,-0.127067,-0.854458,0.518554,0.031682,0.092822,0.092379,0.991388,0,0.91769,0.26263,55.061,0.525,-1,425.000,-1,400.000,-1,325.000,325.000,300.000,300.000,-1,-1,-1,-1,975.000,800.000,-1,-1,2,0,2,0,2,0,0,0,0,2,2,2,2,0,0,2,2
25,-1145.741,-3755.429,234.837,-58.055,0.519697,0.845075,-0.125553,-0.849341,0.526931,0.031035,0.092384,0.090508,0.991601,0,0.92292,0.28011,55.375,0.560,-1,425.000,-1,400.000,-1,325.000,325.000,300.000,300.000,-1,-1,-1,-1,1000.000,800.000,-1,-1,2,0,2,0,2,0,0,0,0,2,2,2,2,0,0,2,2
26,-1115.784,-3802.384,240.076,-57.459,0.528762,0.839714,-0.123658,-0.843804,0.535796,0.030284,0.091685,0.088330,0.991863,0,0.92831,0.29794,55.699,0.596,-1,425.000,-1,400.000,-1,325.000,325.000,300.000,300.000,-1,-1,-1,-1,-1,825.000,-1,-1,2,0,2,0,2,0,0,0,0,2,2,2,2,2,0,2,2
27,-1085.129,-3849.284,245.350,-56.827,0.538305,0.833913,-0.121723,-0.837830,0.545135,0.029473,0.090933,0.086118,0.992126,0,0.93385,0.31611,56.031,0.632,-1,425.000,-1,400.000,-1,325.000,325.000,300.000,300.000,-1,-1,-1,-1,-1,825.000,-1,-1,2,0,2,0,2,0,0,0,0,2,2,2,2,2,0,2,2
28,-1053.739,-3896.105,250.644,-56.158,0.548325,0.827644,-0.119769,-0.831400,0.554942,0.028531,0.090078,0.083932,0.992392,0,0.93951,0.33460,56.371,0.669,-1,425.000,-1,400.000,-1,325.000,325.000,300.000,300.000,-1,-1,-1,-1,-1,850.000,-1,-1,2,0,2,0,2,0,0,0,0,2,2,2,2,2,0,2,2
29,-1021.576,-3942.821,255.936,-55.451,0.558816,0.820884,-0.117785,-0.824489,0.565211,0.027470,0.089123,0.081761,0.992659,0,0.94530,0.35339,56.718,0.707,-1,425.000,-1,400.000,-1,350.000,325.000,300.000,300.000,-1,-1,-1,-1,-1,850.000,-1,-1,2,0,2,0,2,0,0,0,0,2,2,2,2,2,0,2,2
30,-988.605,-3989.403,261.131,-54.706,0.569763,0.813634,-0.115629,-0.817044,0.575954,0.026761,0.088371,0.079227,0.992932,0,0.95119,0.37246,57.071,0.745,-1,425.000,-1,400.000,-1,350.000,325.000,300.000,300.000,-1,-1,-1,-1,-1,875.000,-1,-1,2,0,2,0,2,0,0,0,0,2,2,2,2,2,0,2,2
31,-954.910,-4035.677,266.157,-53.937,0.580974,0.805956,-0.113598,-0.809244,0.586924,0.025402,0.087146,0.077171,0.993202,0,0.95405,0.38474,57.243,0.769,-1,425.000,-1,400.000,-1,350.000,325.000,300.000,300.000,-1,-1,-1,-1,-1,875.000,-1,-1,2,0,2,0,2,0,0,0,0,2,2,2,2,2,0,2,2
32,-920.664,-4081.395,270.961,-53.161,0.592166,0.798059,-0.111542,-0.801239,0.597867,0.023909,0.085768,0.075213,0.993472,0,0.95205,0.38771,57.123,0.775,-1,425.000,-1,400.000,-1,350.000,325.000,300.000,300.000,-1,-1,-1,-1,-1,875.000,-1,-1,2,0,2,0,2,0,0,0,0,2,2,2,2,2,0,2,2
33,-885.881,-4126.534,275.719,-52.380,0.603326,0.789952,-0.109425,-0.793024,0.608777,0.022417,0.084324,0.073252,0.993742,0,0.94978,0.39045,56.987,0.781,-1,425.000,-1,400.000,-1,350.000,325.000,300.000,300.000,-1,-1,-1,-1,-1,875.000,-1,-1,2,0,2,0,2,0,0,0,0,2,2,2,2,2,0,2,2
34,-850.576,-4171.072,280.429,-51.594,0.614441,0.781640,-0.107247,-0.784605,0.619643,0.020929,0.082814,0.071287,0.994012,0,0.94725,0.39293,56.835,0.786,-1,425.000,-1,400.000,-1,350.000,325.000,300.000,300.000,-1,-1,-1,-1,-1,900.000,-1,-1,2,0,2,0,2,0,0,0,0,2,2,2,2,2,0,2,2
35,-814.765,-4214.991,285.056,-50.804,0.625519,0.773133,-0.104840,-0.775979,0.630459,0.019451,0.081136,0.069187,0.994299,0,0.94448,0.39516,56.669,0.790,-1,425.000,-1,400.000,-1,350.000,325.000,300.000,300.000,-1,-1,-1,-1,-1,900.000,-1,-1,2,0,2,0,2,0,0,0,0,2,2,2,2,2,0,2,2
36,-781.602,-4254.873,289.242,-50.254,0.633239,0.767133,-0.102544,-0.769880,0.637931,0.018132,0.079326,0.067465,0.994563,0,0.86448,0.27516,51.869,0.550,-1,450.000,-1,400.000,-1,350.000,325.000,300.000,300.000,-1,-1,-1,-1,-1,875.000,-1,-1,2,0,2,0,2,0,0,0,0,2,2,2,2,2,0,2,2
37,-751.313,-4290.901,292.994,-49.943,0.637674,0.763734,-0.100405,-0.766405,0.642134,0.016964,0.077429,0.066134,0.994802,0,0.78448,0.15516,47.069,0.310,-1,450.000,-1,400.000,-1,350.000,325.000,300.000,300.000,-1,-1,-1,-1,-1,875.000,-1,-1,2,0,2,0,2,0,0,1,0,2,2,2,2,2,0,2,2
38,-723.953,-4323.120,296.114,-49.659,0.641825,0.760645,-0.097367,-0.763171,0.645999,0.015955,0.075035,0.064067,0.995121,0,0.70448,0.14202,42.269,0.284,-1,450.000,-1,400.000,-1,350.000,325.000,275.000,300.000,-1,-1,-1,-1,-1,875.000,-1,-1,2,0,2,0,2,0,0,1,0,2,2,2,2,2,0,2,2
39,-699.559,-4351.559,298.783,-49.374,0.645966,0.757516,-0.094324,-0.759894,0.649872,0.015085,0.072726,0.061932,0.995427,0,0.62448,0.14286,37.469,0.286,-1,425.000,-1,400.000,-1,350.000,325.000,275.000,300.000,-1,-1,-1,-1,-1,875.000,-1,-1,2,0,2,0,2,0,0,1,0,2,2,2,2,2,0,2,2
40,-678.165,-4376.248,301.082,-49.087,0.650046,0.754338,-0.091733,-0.756591,0.653731,0.014338,0.070785,0.060084,0.995680,0,0.54448,0.14345,32.669,0.287,-1,425.000,-1,400.000,-1,350.000,325.000,275.000,300.000,-1,-1,-1,-1,1000.000,875.000,-1,-1,2,0,2,0,2,0,0,1,0,2,2,2,2,0,0,2,2
41,-659.809,-4397.218,303.024,-48.799,0.654066,0.751117,-0.089561,-0.753266,0.657573,0.013713,0.069193,0.058494,0.995887,0,0.46448,0.14384,27.869,0.288,-1,425.000,-1,400.000,-1,350.000,325.000,250.000,300.000,-1,-1,-1,-1,1000.000,850.000,-1,-1,2,0,2,0,2,0,0,1,0,2,2,2,2,0,0,2,2
42,-644.528,-4414.499,304.619,-48.511,0.658028,0.747859,-0.087788,-0.749922,0.661394,0.013207,0.067939,0.057144,0.996052,0,0.38448,0.14409,23.069,0.288,-1,425.000,-1,400.000,-1,350.000,325.000,250.000,300.000,-1,-1,-1,-1,1000.000,850.000,-1,-1,2,0,2,0,2,0,0,1,0,2,2,2,2,0,0,2,2
43,-632.357,-4428.123,305.874,-48.223,0.661933,0.744567,-0.086399,-0.746561,0.665193,0.012817,0.067016,0.056018,0.996178,0,0.30448,0.14424,18.269,0.288,-1,425.000,-1,400.000,-1,350.000,325.000,250.000,300.000,-1,-1,-1,-1,975.000,850.000,-1,-1,2,0,2,0,2,0,0,1,0,2,2,2,2,0,0,2,2
44,-623.334,-4438.123,306.794,-47.934,0.665783,0.741244,-0.085383,-0.743183,0.668970,0.012542,0.066415,0.055105,0.996269,0,0.22448,0.14433,13.469,0.289,-1,425.000,-1,400.000,-1,350.000,325.000,250.000,300.000,-1,-1,-1,-1,975.000,850.000,-1,-1,2,0,2,0,2,0,0,1,0,2,2,2,2,0,0,2,2
45,-617.494,-4444.529,307.384,-47.645,0.669579,0.737892,-0.084730,-0.739790,0.672723,0.012378,0.066134,0.054394,0.996327,0,0.14448,0.14438,8.669,0.289,-1,425.000,-1,400.000,-1,350.000,325.000,250.000,300.000,-1,-1,-1,-1,975.000,850.000,-1,-1,2,0,2,0,2,0,0,1,0,2,2,2,2,0,0,2,2
46,-614.874,-4447.375,307.643,-47.356,0.673322,0.734512,-0.084437,-0.736383,0.676453,0.012324,0.066169,0.053880,0.996353,0,0.06448,0.14440,3.869,0.289,-1,425.000,-1,400.000,-1,350.000,325.000,250.000,300.000,-1,-1,-1,-1,975.000,850.000,-1,-1,2,0,2,0,2,0,0,1,0,2,2,2,2,0,0,2,2
47,-615.508,-4446.694,307.572,-47.067,0.677011,0.731106,-0.084502,-0.732960,0.680159,0.012376,0.066523,0.053558,0.996346,0,-0.01552,0.14441,-0.931,0.289,-1,425.000,-1,400.000,-1,350.000,325.000,250.000,300.000,-1,-1,-1,-1,975.000,850.000,-1,-1,2,0,2,0,2,0,0,1,0,2,2,2,2,0,0,2,2
48,-619.433,-4442.518,307.167,-46.779,0.680646,0.727673,-0.084928,-0.729524,0.683840,0.012532,0.067197,0.053427,0.996308,0,-0.09552,0.14441,-5.731,0.289,-1,425.000,-1,400.000,-1,350.000,325.000,250.000,300.000,-1,-1,-1,-1,975.000,850.000,-1,-1,2,0,2,0,2,0,0,1,0,2,2,2,2,0,0,2,2
49,-626.683,-4434.880,306.424,-46.490,0.684226,0.724215,-0.085723,-0.726075,0.687497,0.012788,0.068196,0.053491,0.996237,0,-0.17552,0.14438,-10.531,0.289,-1,425.000,-1,400.000,-1,350.000,325.000,250.000,300.000,-1,-1,-1,-1,1000.000,850.000,-1,-1,2,0,2,0,2,0,0,1,0,2,2,2,2,0,0,2,2
50,-637.293,-4423.814,305.335,-46.201,0.687746,0.720732,-0.086896,-0.722614,0.691126,0.013140,0.069527,0.053755,0.996131,0,-0.25552,0.14431,-15.331,0.289,-1,425.000,-1,400.000,-1,350.000,325.000,250.000,300.000,-1,-1,-1,-1,1000.000,850.000,-1,-1,2,0,2,0,2,0,0,1,0,2,2,2,2,0,0,2,2
51,-649.958,-4410.738,304.029,-45.913,0.691218,0.717230,-0.088311,-0.719143,0.694730,0.013543,0.071066,0.054147,0.996001,0,-0.30340,0.14417,-18.204,0.288,-1,425.000,-1,400.000,-1,350.000,325.000,250.000,300.000,-1,-1,-1,-1,-1,850.000,-1,-1,2,0,2,0,2,0,0,1,0,2,2,2,2,2,0,2,2
52,-662.589,-4397.828,302.720,-45.625,0.694665,0.713714,-0.089737,-0.715660,0.698310,0.013933,0.072608,0.054542,0.995868,0,-0.30103,0.14395,-18.062,0.288,-1,425.000,-1,400.000,-1,350.000,325.000,275.000,300.000,-1,-1,-1,-1,-1,875.000,-1,-1,2,0,2,0,2,0,0,1,0,2,2,2,2,2,0,2,2
53,-671.872,-4388.356,301.755,-45.577,0.695147,0.713110,-0.090797,-0.715091,0.698887,0.014205,0.073587,0.055053,0.995768,0,-0.22103,0.02395,-13.262,0.048,-1,425.000,-1,400.000,-1,350.000,325.000,275.000,300.000,-1,-1,-1,-1,-1,875.000,-1,-1,2,0,2,0,2,0,0,1,0,2,2,2,2,2,0,2,2
54,-677.774,-4382.292,301.141,-45.769,0.692675,0.715425,-0.091479,-0.717444,0.696468,0.014372,0.073994,0.055675,0.995703,0,-0.14103,-0.09605,-8.462,-0.192,-1,425.000,-1,400.000,-1,350.000,325.000,275.000,300.000,-1,-1,-1,-1,-1,875.000,-1,-1,2,0,2,0,2,0,0,1,0,2,2,2,2,2,0,2,2
55,-680.310,-4379.651,300.881,-46.158,0.687773,0.720101,-0.091776,-0.722158,0.691578,0.014439,0.073868,0.056346,0.995675,0,-0.06103,-0.19415,-3.662,-0.388,-1,425.000,-1,400.000,-1,350.000,325.000,275.000,300.000,-1,-1,-1,-1,-1,875.000,-1,-1,2,0,2,0,2,0,0,1,0,2,2,2,2,2,0,2,2
56,-679.527,-4380.476,300.970,-46.546,0.682880,0.724754,-0.091688,-0.726834,0.686662,0.014408,0.073401,0.056803,0.995684,0,0.01897,-0.19421,1.138,-0.388,-1,425.000,-1,400.000,-1,350.000,325.000,275.000,300.000,-1,-1,-1,-1,-1,875.000,-1,-1,2,0,2,0,2,0,0,1,0,2,2,2,2,2,0,2,2
57,-675.472,-4384.815,301.404,-46.934,0.677998,0.729382,-0.091218,-0.731470,0.681724,0.014273,0.072596,0.057046,0.995729,0,0.09897,-0.19419,5.938,-0.388,-1,425.000,-1,400.000,-1,350.000,325.000,275.000,300.000,-1,-1,-1,-1,-1,875.000,-1,-1,2,0,2,0,2,0,0,1,0,2,2,2,2,2,0,2,2
58,-668.193,-4392.709,302.178,-47.323,0.673128,0.733983,-0.090373,-0.736065,0.676765,0.014030,0.071459,0.057077,0.995809,0,0.17897,-0.19410,10.738,-0.388,-1,425.000,-1,400.000,-1,350.000,325.000,275.000,300.000,-1,-1,-1,-1,-1,875.000,-1,-1,2,0,2,0,2,0,0,1,0,2,2,2,2,2,0,2,2
59,-657.739,-4404.203,303.283,-47.710,0.668270,0.738556,-0.089166,-0.740618,0.671787,0.013674,0.069999,0.056900,0.995923,0,0.25897,-0.19396,15.538,-0.388,-1,425.000,-1,400.000,-1,350.000,325.000,250.000,300.000,-1,-1,-1,-1,1000.000,850.000,-1,-1,2,0,2,0,2,0,0,1,0,2,2,2,2,0,0,2,2
60,-644.156,-4419.341,304.709,-48.098,0.663422,0.743099,-0.087611,-0.745129,0.666790,0.013200,0.068227,0.056524,0.996067,0,0.33897,-0.19380,20.338,-0.388,-1,425.000,-1,400.000,-1,350.000,325.000,250.000,300.000,-1,-1,-1,-1,1000.000,850.000,-1,-1,2,0,2,0,2,0,0,1,0,2,2,2,2,0,0,2,2
61,-627.495,-4438.164,306.444,-48.485,0.658578,0.747613,-0.085728,-0.749599,0.661773,0.012604,0.066155,0.055961,0.996239,0,0.41897,-0.19366,25.138,-0.387,-1,425.000,-1,400.000,-1,350.000,325.000,250.000,300.000,-1,-1,-1,-1,975.000,850.000,-1,-1,2,0,2,0,2,0,0,1,0,2,2,2,2,0,0,2,2
62,-607.805,-4460.716,308.473,-48.873,0.653734,0.752099,-0.083541,-0.754030,0.656733,0.011881,0.063800,0.055225,0.996434,0,0.49897,-0.19358,29.938,-0.387,-1,425.000,-1,400.000,-1,325.000,325.000,250.000,300.000,-1,-1,-1,-1,950.000,850.000,-1,-1,2,0,2,0,2,0,0,1,0,2,2,2,2,0,0,2,2
63,-585.135,-4487.036,310.753,-49.260,0.648871,0.756553,-0.081202,-0.758429,0.651663,0.011024,0.061256,0.054433,0.996637,0,0.57897,-0.19363,34.738,-0.387,-1,425.000,-1,400.000,-1,325.000,325.000,275.000,300.000,-1,-1,-1,-1,925.000,825.000,-1,-1,2,0,2,0,2,0,0,1,0,2,2,2,2,0,0,2,2
64,-559.535,-4517.167,313.143,-49.648,0.643938,0.760961,-0.079260,-0.762814,0.646542,0.009946,0.058813,0.054056,0.996804,0,0.65897,-0.19386,39.538,-0.388,-1,425.000,-1,400.000,-1,325.000,325.000,275.000,300.000,-1,-1,-1,-1,925.000,825.000,-1,-1,2,0,2,0,2,0,0,1,0,2,2,2,2,0,0,2,2
65,-531.057,-4551.150,315.656,-50.036,0.638982,0.765333,-0.077251,-0.767190,0.641366,0.008256,0.055865,0.053991,0.996977,0,0.73897,-0.19436,44.338,-0.389,-1,425.000,-1,400.000,-1,325.000,325.000,300.000,300.000,-1,-1,-1,-1,900.000,800.000,-1,-1,2,0,2,0,2,0,0,1,0,2,2,2,2,0,0,2,2
66,-499.754,-4589.027,318.381,-50.427,0.633984,0.769691,-0.075107,-0.771546,0.636141,0.006454,0.052746,0.053857,0.997155,0,0.81897,-0.19520,49.138,-0.390,-1,425.000,-1,400.000,-1,325.000,325.000,300.000,300.000,-1,-1,-1,-1,875.000,800.000,-1,-1,2,0,2,0,2,0,0,0,0,2,2,2,2,0,0,2,2
67,-466.279,-4630.101,321.251,-50.820,0.628923,0.774043,-0.072888,-0.775888,0.630855,0.004592,0.049536,0.053665,0.997330,0,0.88313,-0.19647,52.988,-0.393,-1,425.000,-1,400.000,-1,325.000,325.000,300.000,300.000,-1,-1,-1,-1,850.000,775.000,-1,-1,2,0,2,0,2,0,0,0,0,2,2,2,2,0,0,2,2
68,-433.285,-4671.161,324.033,-51.216,0.623768,0.778398,-0.070781,-0.780227,0.625490,0.002821,0.046469,0.053465,0.997488,0,0.87790,-0.19822,52.674,-0.396,-1,400.000,-1,400.000,-1,325.000,325.000,325.000,300.000,-1,-1,-1,-1,825.000,775.000,-1,-1,2,0,2,0,2,0,0,0,0,2,2,2,2,0,0,2,2
69,-400.760,-4712.223,326.700,-51.617,0.618506,0.782767,-0.068746,-0.784567,0.620042,0.001295,0.043639,0.053135,0.997633,0,0.87306,-0.20035,52.383,-0.401,-1,400.000,-1,400.000,-1,325.000,325.000,325.000,300.000,-1,-1,-1,-1,800.000,750.000,-1,-1,2,0,2,0,2,0,0,0,0,2,2,2,2,0,0,2,2
70,-370.221,-4751.001,329.145,-51.777,0.616479,0.784528,-0.066849,-0.786285,0.617864,0.000051,0.041343,0.052531,0.997763,0,0.82265,-0.08035,49.359,-0.161,-1,400.000,-1,400.000,-1,325.000,325.000,325.000,300.000,-1,-1,-1,-1,800.000,750.000,-1,-1,2,0,2,0,2,0,0,0,0,2,2,2,2,0,0,2,2
71,-339.754,-4789.578,331.518,-51.698,0.617721,0.783711,-0.064949,-0.785407,0.618979,-0.000939,0.039466,0.051591,0.997888,0,0.81930,0.03965,49.158,0.079,-1,400.000,-1,375.000,-1,325.000,325.000,325.000,300.000,-1,-1,-1,-1,775.000,725.000,-1,-1,2,0,2,0,2,0,0,0,0,2,2,2,2,0,0,2,2
72,-309.193,-4827.886,333.449,-51.416,0.621700,0.780728,-0.062874,-0.782312,0.622886,-0.000933,0.038435,0.049767,0.998021,0,0.81675,0.14097,49.005,0.282,-1,400.000,-1,375.000,-1,325.000,325.000,325.000,300.000,850.000,-1,-1,-1,775.000,725.000,-1,-1,2,0,2,0,2,0,0,0,0,1,2,2,2,0,0,2,2
73,-278.517,-4865.960,335.462,-51.140,0.625542,0.777777,-0.061326,-0.779275,0.626681,-0.000830,0.037787,0.048309,0.998117,0,0.81490,0.13788,48.894,0.276,-1,400.000,-1,375.000,-1,325.000,325.000,325.000,300.000,775.000,-1,-1,-1,750.000,700.000,-1,-1,2,0,2,0,2,0,0,0,0,1,2,2,2,0,0,2,2
74,-247.720,-4903.817,337.520,-50.871,0.629259,0.774873,-0.060035,-0.776295,0.630369,-0.000579,0.037395,0.046969,0.998196,0,0.81337,0.13461,48.802,0.269,-1,375.000,-1,375.000,-1,325.000,300.000,325.000,300.000,725.000,-1,-1,-1,750.000,700.000,-1,-1,2,0,2,0,2,0,0,0,0,1,2,2,2,0,0,2,2
75,-216.797,-4941.477,339.609,-50.609,0.632855,0.772025,-0.058920,-0.773376,0.633948,-0.000186,0.037209,0.045685,0.998263,0,0.81214,0.13115,48.728,0.262,-1,375.000,-1,375.000,-1,300.000,300.000,325.000,325.000,725.000,-1,-1,-1,725.000,700.000,-1,-1,2,0,2,0,2,0,0,0,0,1,2,2,2,0,0,2,2
76,-185.743,-4978.955,341.728,-50.354,0.636325,0.769239,-0.057984,-0.770522,0.637413,0.000348,0.037227,0.044457,0.998317,0,0.81121,0.12751,48.673,0.255,-1,375.000,-1,375.000,-1,300.000,300.000,325.000,325.000,700.000,-1,-1,-1,725.000,700.000,-1,-1,2,0,2,0,2,0,0,0,0,1,2,2,2,0,0,2,2
77,-154.551,-5016.270,343.846,-50.107,0.639658,0.766515,-0.057381,-0.767742,0.640758,0.001015,0.037545,0.043404,0.998352,0,0.81058,0.12369,48.635,0.247,-1,375.000,-1,375.000,1000.000,300.000,300.000,325.000,325.000,700.000,-1,-1,-1,725.000,675.000,-1,-1,2,0,2,0,1,0,0,0,0,1,2,2,2,0,0,2,2
78,-123.215,-5053.439,345.889,-49.867,0.642831,0.763851,-0.057455,-0.765046,0.643973,0.001802,0.038376,0.042797,0.998346,0,0.81025,0.11972,48.615,0.239,-1,375.000,-1,375.000,975.000,300.000,300.000,325.000,325.000,700.000,-1,-1,-1,700.000,675.000,-1,-1,2,0,2,0,1,0,0,0,0,1,2,2,2,0,0,2,2
79,-91.732,-5090.479,347.984,-49.636,0.645874,0.761266,-0.057621,-0.762429,0.647066,0.002718,0.039353,0.042176,0.998335,0,0.81021,0.11558,48.612,0.231,-1,375.000,-1,375.000,950.000,300.000,300.000,325.000,325.000,725.000,-1,-1,-1,700.000,675.000,-1,975.000,2,0,2,0,1,0,0,0,0,1,2,2,2,0,0,2,1
80,-60.097,-5127.408,349.917,-49.413,0.648852,0.758794,-0.056765,-0.759874,0.650060,0.003802,0.039785,0.040667,0.998380,0,0.81044,0.11130,48.627,0.223,-1,375.000,-1,375.000,900.000,300.000,300.000,325.000,325.000,750.000,-1,-1,-1,700.000,675.000,-1,950.000,2,0,2,0,1,0,0,0,0,1,2,2,2,0,0,2,1
81,-28.303,-5164.241,351.901,-49.200,0.651696,0.756410,-0.055993,-0.757405,0.652925,0.005022,0.040358,0.039137,0.998419,0,0.81095,0.10686,48.657,0.214,-1,375.000,-1,375.000,875.000,300.000,300.000,325.000,325.000,750.000,-1,-1,-1,675.000,675.000,-1,900.000,2,0,2,0,1,0,0,0,0,1,2,2,2,0,0,2,1
82,3.651,-5200.996,353.999,-48.995,0.654394,0.754120,-0.055423,-0.755027,0.655662,0.006541,0.041271,0.037565,0.998442,0,0.81172,0.10229,48.703,0.205,-1,375.000,-1,375.000,825.000,300.000,300.000,325.000,325.000,775.000,-1,-1,-1,675.000,650.000,-1,875.000,2,0,2,0,1,0,0,0,0,1,2,2,2,0,0,2,1
83,35.772,-5237.687,356.185,-48.800,0.656944,0.751924,-0.055081,-0.752743,0.658263,0.008228,0.042445,0.036057,0.998448,0,0.81274,0.09757,48.765,0.195,-1,375.000,-1,375.000,800.000,300.000,300.000,350.000,325.000,800.000,-1,-1,-1,650.000,650.000,-1,850.000,2,0,2,0,1,0,0,0,0,1,2,2,2,0,0,2,1
84,68.061,-5274.332,358.451,-48.614,0.659345,0.749827,-0.054991,-0.750560,0.660726,0.010055,0.043873,0.034644,0.998436,0,0.81402,0.09272,48.841,0.185,-1,375.000,-1,375.000,750.000,300.000,300.000,350.000,325.000,825.000,-1,-1,-1,650.000,650.000,-1,800.000,2,0,2,0,1,0,0,0,0,1,2,2,2,0,0,2,1
85,103.486,-5314.612,360.885,-48.669,0.658534,0.750473,-0.055877,-0.751144,0.660027,0.012149,0.045998,0.033971,0.998364,0,0.89402,-0.02728,53.641,-0.055,-1,375.000,-1,375.000,725.000,300.000,300.000,350.000,325.000,850.000,-1,-1,-1,650.000,650.000,-1,775.000,2,0,2,0,1,0,0,0,0,1,2,2,2,0,0,2,1
86,140.109,-5356.376,363.585,-48.753,0.657320,0.751453,-0.057004,-0.752066,0.658934,0.014213,0.048242,0.033528,0.998273,0,0.92579,-0.04206,55.547,-0.084,-1,375.000,-1,375.000,675.000,300.000,300.000,350.000,325.000,875.000,-1,-1,-1,625.000,650.000,-1,725.000,2,0,2,0,1,0,0,0,0,1,2,2,2,0,1,2,1
87,176.829,-5398.391,366.518,-48.847,0.655955,0.752538,-0.058383,-0.753113,0.657696,0.015986,0.050428,0.033483,0.998166,0,0.92999,-0.04719,55.799,-0.094,-1,375.000,-1,350.000,650.000,300.000,300.000,350.000,325.000,900.000,525.000,-1,-1,625.000,625.000,-1,700.000,2,0,2,0,1,0,0,0,0,1,0,2,2,0,1,2,1
88,213.628,-5440.653,369.624,-48.953,0.654429,0.753742,-0.059965,-0.754281,0.656311,0.017771,0.052751,0.033601,0.998042,0,0.93395,-0.05261,56.037,-0.105,-1,350.000,-1,350.000,600.000,300.000,300.000,350.000,325.000,950.000,500.000,-1,-1,625.000,600.000,-1,650.000,2,0,2,0,1,0,0,0,0,1,0,2,2,0,1,2,1
89,247.365,-5479.215,372.607,-48.818,0.656058,0.752197,-0.061539,-0.752695,0.658083,0.019444,0.055123,0.033563,0.997915,0,0.85395,0.06739,51.237,0.135,-1,350.000,-1,350.000,575.000,300.000,300.000,350.000,325.000,975.000,475.000,475.000,-1,625.000,575.000,-1,625.000,2,0,2,0,1,0,0,0,0,1,0,0,2,0,1,2,1
90,278.073,-5514.049,375.437,-48.602,0.658743,0.749718,-0.063099,-0.750173,0.660909,0.020983,0.057434,0.033513,0.997787,0,0.77395,0.10776,46.437,0.216,-1,350.000,-1,350.000,550.000,300.000,300.000,350.000,325.000,1000.000,450.000,475.000,-1,625.000,575.000,-1,600.000,2,0,2,0,1,0,0,0,0,1,0,0,2,0,1,2,1
91,307.816,-5547.548,378.321,-48.399,0.661245,0.747359,-0.064871,-0.747777,0.663569,0.022512,0.059871,0.033624,0.997640,0,0.74662,0.10190,44.797,0.204,-1,350.000,-1,350.000,525.000,300.000,300.000,350.000,325.000,-1,450.000,450.000,-1,625.000,550.000,-1,575.000,2,0,2,0,1,0,0,0,0,2,0,0,2,0,1,2,1
92,337.739,-5581.021,381.350,-48.207,0.663572,0.745131,-0.066729,-0.745500,0.666067,0.024192,0.062472,0.033693,0.997478,0,0.74829,0.09596,44.898,0.192,-1,350.000,-1,350.000,500.000,300.000,300.000,350.000,325.000,-1,425.000,450.000,-1,625.000,550.000,-1,575.000,2,0,2,0,1,0,0,0,0,2,0,0,2,0,1,2,1
93,367.819,-5614.461,384.314,-48.027,0.665710,0.743059,-0.068506,-0.743298,0.668415,0.027023,0.065870,0.032930,0.997285,0,0.74962,0.08975,44.977,0.179,-1,350.000,-1,350.000,475.000,300.000,300.000,350.000,325.000,-1,400.000,425.000,-1,650.000,550.000,-1,550.000,2,0,2,0,1,0,0,0,0,2,0,0,2,0,1,2,1
94,398.035,-5647.855,387.419,-47.861,0.667659,0.741132,-0.070384,-0.741226,0.670588,0.029948,0.069395,0.032175,0.997070,0,0.75058,0.08324,45.035,0.166,-1,350.000,-1,350.000,450.000,300.000,300.000,350.000,325.000,-1,350.000,375.000,-1,650.000,550.000,-1,550.000,2,0,2,1,1,0,0,0,0,2,0,0,2,0,1,2,1
95,428.362,-5681.194,390.720,-47.708,0.669429,0.739359,-0.072197,-0.739293,0.672580,0.032886,0.072873,0.031360,0.996848,0,0.75114,0.07644,45.068,0.153,-1,350.000,-1,350.000,425.000,300.000,300.000,350.000,325.000,-1,325.000,350.000,-1,650.000,575.000,-1,550.000,2,0,2,1,1,0,0,0,0,2,0,0,2,0,1,2,1
96,458.775,-5714.465,394.179,-47.569,0.670998,0.737746,-0.074112,-0.737512,0.674384,0.035821,0.076406,0.030622,0.996606,0,0.75127,0.06935,45.076,0.139,-1,350.000,-1,350.000,425.000,300.000,300.000,350.000,325.000,-1,300.000,325.000,-1,650.000,575.000,-1,600.000,2,0,2,1,1,0,0,0,0,2,0,0,2,0,1,2,1
97,492.362,-5751.338,398.178,-47.670,0.669421,0.738945,-0.076390,-0.738532,0.673085,0.039063,0.080283,0.030267,0.996313,0,0.83127,-0.05065,49.876,-0.101,-1,350.000,-1,350.000,400.000,300.000,300.000,350.000,325.000,-1,275.000,300.000,-1,675.000,625.000,-1,-1,2,0,2,1,1,0,1,0,0,2,0,0,2,0,1,2,2
98,528.940,-5791.979,402.766,-48.012,0.664673,0.742939,-0.079071,-0.742340,0.668669,0.042581,0.084508,0.030395,0.995959,0,0.91127,-0.17065,54.676,-0.341,-1,375.000,-1,350.000,400.000,300.000,300.000,350.000,350.000,-1,250.000,275.000,-1,700.000,700.000,-1,-1,2,0,2,1,1,0,1,0,0,2,0,0,2,0,1,2,2
99,568.278,-5836.589,408.435,-48.593,0.656702,0.749707,-0.081741,-0.748715,0.661118,0.048469,0.090378,0.029371,0.995474,0,0.99127,-0.29065,59.476,-0.581,-1,375.000,-1,350.000,425.000,300.000,300.000,350.000,350.000,-1,225.000,250.000,-1,750.000,825.000,-1,-1,2,0,2,1,1,0,1,0,1,2,0,0,2,0,0,2,2
100,607.313,-5882.158,415.234,-49.414,0.645648,0.759224,-0.081960,-0.757239,0.650404,0.059695,0.098629,0.023522,0.994846,0,1.00000,-0.41065,60.000,-0.821,-1,375.000,-1,375.000,500.000,325.000,325.000,350.000,325.000,-1,175.000,225.000,-1,850.000,-1,-1,-1,2,0,2,1,1,0,1,0,1,2,0,0,2,0,2,2,2
101,645.497,-5928.442,421.840,-50.476,0.631234,0.771201,-0.082417,-0.768383,0.636280,0.068811,0.105507,0.019892,0.994220,0,1.00000,-0.53065,60.000,-1.061,-1,400.000,-1,425.000,-1,325.000,350.000,350.000,325.000,-1,175.000,200.000,-1,950.000,-1,-1,-1,2,0,2,1,2,0,0,0,1,2,0,0,2,0,2,2,2
102,682.621,-5975.581,428.293,-51.777,0.613288,0.785475,-0.083108,-0.782004,0.618620,0.076014,0.111120,0.018372,0.993637,0,1.00000,-0.65065,60.000,-1.301,-1,425.000,-1,450.000,-1,350.000,375.000,350.000,300.000,-1,175.000,200.000,-1,-1,-1,-1,-1,2,0,2,1,2,0,0,0,1,2,0,0,2,2,2,2,2
103,718.530,-6023.547,434.631,-53.181,0.593544,0.800389,-0.084160,-0.796477,0.599186,0.081244,0.115454,0.018809,0.993135,0,0.99862,-0.70192,59.917,-1.404,-1,450.000,-1,500.000,-1,375.000,375.000,325.000,275.000,-1,175.000,200.000,-1,-1,-1,-1,-1,2,0,2,0,2,0,0,0,1,2,0,0,2,2,2,2,2
104,753.163,-6072.284,440.868,-54.603,0.573143,0.814977,-0.085549,-0.810836,0.579118,0.084661,0.118540,0.020844,0.992730,0,0.99647,-0.71092,59.788,-1.422,-1,475.000,-1,525.000,-1,400.000,400.000,325.000,250.000,-1,175.000,200.000,-1,-1,-1,-1,-1,2,0,2,0,2,0,0,0,1,2,0,0,2,2,2,2,2
105,786.465,-6121.735,446.818,-56.043,0.552189,0.829229,-0.086411,-0.825047,0.558413,0.086444,0.119935,0.023559,0.992502,0,0.99363,-0.72029,59.618,-1.441,-1,500.000,-1,550.000,-1,400.000,425.000,325.000,250.000,-1,200.000,225.000,-1,-1,-1,-1,-1,2,0,2,0,2,0,0,0,1,2,0,0,2,2,2,2,2
106,818.379,-6171.837,451.650,-57.503,0.531250,0.843191,-0.082474,-0.839094,0.537105,0.086252,0.117024,0.023382,0.992854,0,0.99005,-0.73001,59.403,-1.460,-1,500.000,-1,575.000,-1,400.000,425.000,325.000,225.000,-1,225.000,250.000,-1,-1,-1,-1,-1,2,0,2,0,2,0,0,0,1,2,0,0,2,2,2,2,2
107,846.334,-6218.740,456.064,-59.203,0.506362,0.858741,-0.078498,-0.854853,0.511847,0.085082,0.113242,0.024021,0.993277,0,0.91005,-0.85001,54.603,-1.700,-1,500.000,-1,575.000,-1,400.000,425.000,300.000,225.000,-1,250.000,300.000,-1,-1,-1,-1,-1,2,0,2,0,2,0,0,0,1,2,0,0,2,2,2,2,2
108,870.370,-6262.358,460.150,-61.143,0.477352,0.875554,-0.074432,-0.871925,0.482470,0.083485,0.109007,0.025048,0.993725,0,0.83005,-0.97001,49.803,-1.940,-1,500.000,-1,600.000,-1,400.000,425.000,300.000,200.000,-1,325.000,375.000,-1,-1,-1,-1,-1,2,0,2,0,2,0,0,0,1,2,0,0,2,2,2,2,2
109,892.071,-6305.213,464.093,-63.143,0.446852,0.891835,-0.070382,-0.888484,0.451607,0.081525,0.104491,0.026104,0.994183,0,0.80062,-1.00000,48.037,-2.000,-1,500.000,-1,600.000,-1,400.000,425.000,300.000,200.000,-1,400.000,450.000,-1,-1,-1,-1,-1,2,0,2,0,2,0,0,0,1,2,0,0,2,2,2,2,2
110,912.195,-6348.655,467.787,-65.143,0.415837,0.907050,-0.065883,-0.903882,0.420206,0.080152,0.100386,0.026221,0.994603,0,0.79795,-1.00000,47.877,-2.000,-1,525.000,-1,625.000,-1,425.000,450.000,275.000,200.000,-1,475.000,525.000,-1,-1,-1,-1,-1,2,0,2,0,2,0,0,0,1,2,0,0,2,2,2,2,2
111,930.720,-6392.603,471.494,-67.143,0.384305,0.921160,-0.061431,-0.918202,0.388294,0.078315,0.095994,0.026310,0.995034,0,0.79489,-1.00000,47.694,-2.000,-1,550.000,-1,650.000,-1,425.000,450.000,250.000,200.000,-1,575.000,625.000,-1,-1,-1,-1,-1,2,0,2,0,2,0,0,0,1,2,0,0,2,2,2,2,2
112,947.626,-6436.978,475.229,-69.143,0.352295,0.934151,-0.057012,-0.931415,0.355910,0.076126,0.091404,0.026283,0.995467,0,0.79145,-1.00000,47.487,-2.000,-1,550.000,-1,650.000,-1,450.000,475.000,275.000,175.000,-1,725.000,725.000,-1,-1,-1,-1,-1,2,0,2,0,2,0,0,0,1,2,0,0,2,2,2,2,2
113,962.896,-6481.699,480.005,-71.143,0.320291,0.946093,-0.048189,-0.943605,0.323122,0.072120,0.083803,0.022372,0.996231,0,0.78763,-1.00000,47.258,-2.000,-1,575.000,-1,650.000,-1,450.000,475.000,275.000,175.000,-1,-1,1000.000,-1,-1,-1,-1,-1,2,0,2,0,2,0,0,0,1,2,2,0,2,2,2,2,2
114,976.526,-6526.685,483.782,-73.143,0.287672,0.956799,-0.042199,-0.954963,0.289909,0.063231,0.072733,0.022109,0.997106,0,0.78345,-1.00000,47.007,-2.000,-1,575.000,-1,650.000,-1,450.000,475.000,275.000,175.000,-1,-1,-1,-1,-1,-1,-1,-1,2,0,2,1,2,0,0,0,1,2,2,2,2,2,2,2,2
115,988.509,-6571.857,486.463,-75.143,0.254469,0.966248,-0.040137,-0.965257,0.256318,0.050801,0.059374,0.025816,0.997902,0,0.77894,-1.00000,46.736,-2.000,-1,550.000,-1,625.000,-1,450.000,450.000,275.000,175.000,-1,-1,-1,-1,-1,-1,-1,-1,2,0,2,1,2,0,0,0,1,2,2,2,2,2,2,2,2
116,1000.187,-6622.051,488.775,-76.903,0.225056,0.973577,-0.038708,-0.973264,0.226500,0.038144,0.045903,0.029088,0.998522,0,0.85894,-0.88000,51.536,-1.760,-1,550.000,-1,600.000,-1,425.000,450.000,275.000,150.000,-1,-1,-1,-1,-1,-1,-1,-1,2,0,2,1,2,0,0,0,1,2,2,2,2,2,2,2,2
117,1011.429,-6676.942,489.253,-78.423,0.199784,0.979323,-0.031820,-0.979342,0.200612,0.025359,0.031218,0.026097,0.999172,0,0.93387,-0.76000,56.032,-1.520,-1,525.000,-1,550.000,-1,425.000,425.000,275.000,150.000,-1,-1,-1,-1,-1,-1,-1,-1,2,0,2,1,2,0,0,0,1,2,2,2,2,2,2,2,2
118,1021.339,-6731.501,489.333,-79.703,0.178344,0.983637,-0.025526,-0.983826,0.178699,0.012386,0.016744,0.022904,0.999597,0,0.92420,-0.64000,55.452,-1.280,-1,500.000,-1,525.000,-1,400.000,400.000,275.000,125.000,-1,-1,-1,-1,-1,-1,-1,-1,2,0,2,0,2,0,0,0,1,2,2,2,2,2,2,2,2
119,1030.154,-6785.597,489.228,-80.743,0.160799,0.986777,-0.020366,-0.986983,0.160826,-0.000310,0.002969,0.020151,0.999793,0,0.91349,-0.52000,54.809,-1.040,-1,475.000,-1,500.000,-1,375.000,400.000,250.000,125.000,-1,-1,-1,-1,-1,-1,-1,-1,2,0,2,0,2,0,0,0,1,2,2,2,2,2,2,2,2
120,1038.111,-6839.125,488.981,-81.543,0.147234,0.988971,-0.016069,-0.989049,0.147040,-0.012671,-0.010168,0.017759,0.999791,0,0.90194,-0.40000,54.116,-0.800,-1,450.000,-1,475.000,-1,375.000,375.000,250.000,150.000,-1,-1,-1,-1,-1,-1,-1,-1,2,0,2,0,2,0,0,0,1,2,2,2,2,2,2,2,2
121,1045.446,-6892.008,488.636,-82.103,0.137705,0.990396,-0.012357,-0.990213,0.137372,-0.024653,-0.022719,0.015631,0.999620,0,0.88982,-0.28000,53.389,-0.560,-1,425.000,-1,475.000,-1,350.000,350.000,250.000,150.000,-1,-1,-1,-1,950.000,1000.000,-1,-1,2,0,2,0,2,0,0,0,1,2,2,2,2,0,0,2,2
122,1052.386,-6944.193,488.240,-82.423,0.132245,0.991177,-0.008951,-0.990609,0.131842,-0.036217,-0.034718,0.013656,0.999304,0,0.87740,-0.16000,52.644,-0.320,-1,400.000,-1,450.000,-1,350.000,350.000,250.000,175.000,-1,-1,-1,-1,875.000,925.000,-1,-1,2,0,2,0,2,0,0,0,1,2,2,2,2,0,0,2,2
123,1059.157,-6995.649,487.838,-82.503,0.130867,0.991384,-0.005577,-0.990324,0.130461,-0.047315,-0.046180,0.011715,0.998864,0,0.86496,-0.04000,51.898,-0.080,-1,400.000,-1,425.000,-1,325.000,325.000,250.000,200.000,-1,-1,-1,-1,800.000,850.000,-1,-1,2,0,2,0,2,0,0,0,1,2,2,2,2,0,0,2,2
124,1065.974,-7046.360,487.478,-82.343,0.133568,0.991038,-0.001968,-0.989394,0.133232,-0.057876,-0.057095,0.009678,0.998322,0,0.85277,0.08000,51.166,0.160,-1,375.000,-1,400.000,-1,325.000,325.000,250.000,225.000,-1,-1,-1,-1,750.000,800.000,-1,-1,2,0,2,0,2,0,0,0,1,2,2,2,2,0,0,2,2
125,1073.047,-7096.328,487.203,-81.943,0.140330,0.990103,0.002129,-0.987806,0.140150,-0.067800,-0.067427,0.007411,0.997697,0,0.84107,0.20000,50.464,0.400,-1,375.000,-1,400.000,-1,300.000,325.000,250.000,250.000,-1,-1,-1,-1,700.000,750.000,-1,-1,2,0,2,0,2,0,0,0,1,2,2,2,2,0,0,2,2
126,1079.574,-7141.525,486.890,-81.783,0.142918,0.989719,0.005459,-0.986796,0.142916,-0.076221,-0.076218,0.005506,0.997076,0,0.76107,0.08000,45.664,0.160,-1,350.000,-1,400.000,-1,300.000,300.000,250.000,275.000,-1,-1,-1,-1,675.000,725.000,-1,-1,2,0,2,0,2,0,0,0,1,2,2,2,2,0,0,2,2
127,1085.358,-7181.979,485.727,-81.863,0.141626,0.989909,0.004663,-0.986570,0.141533,-0.081532,-0.081369,0.006947,0.996660,0,0.68107,-0.04000,40.864,-0.080,-1,350.000,-1,375.000,-1,300.000,300.000,250.000,300.000,-1,-1,-1,-1,675.000,700.000,-1,-1,2,0,2,0,2,0,0,0,1,2,2,2,2,0,0,2,2
128,1090.262,-7217.708,483.495,-82.183,0.136562,0.990631,-0.001362,-0.987332,0.135995,-0.081742,-0.080790,0.012508,0.996653,0,0.60107,-0.16000,36.064,-0.320,-1,350.000,-1,375.000,-1,300.000,300.000,275.000,300.000,-1,-1,-1,-1,675.000,700.000,-1,-1,2,0,2,0,2,0,0,0,1,2,2,2,2,0,1,2,2
129,1094.211,-7248.722,481.421,-82.743,0.127211,0.991857,-0.006094,-0.988645,0.126299,-0.081417,-0.079984,0.016382,0.996662,0,0.52107,-0.28000,31.264,-0.560,-1,375.000,-1,375.000,-1,300.000,300.000,275.000,325.000,-1,-1,-1,-1,700.000,675.000,-1,-1,2,0,2,0,2,0,0,0,1,2,2,2,2,0,1,2,2
130,1097.231,-7275.013,479.243,-83.447,0.115158,0.993309,-0.008718,-0.990231,0.114098,-0.080157,-0.078626,0.017864,0.996744,0,0.44107,-0.35205,26.464,-0.704,-1,375.000,-1,375.000,-1,300.000,300.000,275.000,325.000,-1,-1,-1,-1,700.000,675.000,-1,-1,2,0,2,0,2,0,0,0,1,2,2,2,2,0,1,2,2
131,1099.440,-7296.564,477.439,-84.147,0.103130,0.994609,-0.010795,-0.991629,0.101961,-0.079219,-0.077692,0.018874,0.996799,0,0.36107,-0.34975,21.664,-0.700,-1,375.000,-1,375.000,-1,300.000,300.000,275.000,325.000,-1,-1,-1,-1,725.000,675.000,-1,-1,2,0,2,0,2,0,0,0,1,2,2,2,2,0,1,2,2
132,1100.956,-7313.360,476.014,-84.843,0.091127,0.995761,-0.012487,-0.992852,0.089876,-0.078535,-0.077080,0.019555,0.996833,0,0.28107,-0.34784,16.864,-0.696,-1,375.000,-1,375.000,-1,300.000,300.000,275.000,325.000,-1,-1,-1,-1,725.000,700.000,-1,-1,2,0,2,0,2,0,0,0,1,2,2,2,2,0,1,2,2
133,1101.895,-7325.388,474.959,-85.535,0.079146,0.996766,-0.013879,-0.993904,0.077831,-0.078080,-0.076747,0.019974,0.996850,0,0.20107,-0.34633,12.064,-0.693,-1,375.000,-1,375.000,-1,300.000,300.000,275.000,325.000,-1,-1,-1,-1,725.000,700.000,-1,-1,2,0,2,0,2,0,0,0,1,2,2,2,2,0,1,2,2
134,1103.075,-7342.211,473.610,-85.988,0.071321,0.997340,-0.015055,-0.994546,0.069953,-0.077366,-0.076107,0.020491,0.996889,0,0.28107,-0.22633,16.864,-0.453,-1,375.000,-1,375.000,-1,300.000,300.000,275.000,325.000,-1,-1,-1,-1,725.000,700.000,-1,-1,2,0,2,0,2,0,0,0,1,2,2,2,2,0,1,2,2
135,1104.511,-7363.827,471.969,-86.201,0.067660,0.997580,-0.016009,-0.994872,0.066250,-0.076428,-0.075182,0.021098,0.996947,0,0.36107,-0.10633,21.664,-0.213,-1,375.000,-1,375.000,-1,300.000,300.000,275.000,325.000,-1,-1,-1,400.000,725.000,700.000,-1,-1,2,0,2,0,2,0,0,0,1,2,2,2,1,0,1,2,2
136,1106.277,-7390.232,470.034,-86.173,0.068169,0.997533,-0.016772,-0.994927,0.066725,-0.075280,-0.073975,0.021819,0.997021,0,0.44107,0.01367,26.464,0.027,-1,375.000,-1,375.000,-1,300.000,300.000,275.000,350.000,-1,-1,-1,425.000,725.000,700.000,-1,-1,2,0,2,0,2,0,0,0,1,2,2,2,1,0,1,2,2
137,1108.510,-7421.417,467.795,-85.906,0.072849,0.997191,-0.017404,-0.994706,0.071378,-0.073924,-0.072474,0.022697,0.997112,0,0.52107,0.13367,31.264,0.267,-1,375.000,-1,375.000,-1,300.000,300.000,275.000,350.000,-1,-1,-1,425.000,750.000,700.000,-1,-1,2,0,2,0,2,0,0,0,1,2,2,2,1,0,1,2,2
138,1111.403,-7457.364,465.241,-85.398,0.081701,0.996494,-0.017990,-0.994149,0.080203,-0.072356,-0.070659,0.023797,0.997217,0,0.60107,0.25367,36.064,0.507,-1,400.000,-1,375.000,-1,325.000,300.000,275.000,375.000,-1,-1,-1,450.000,750.000,700.000,-1,-1,2,0,2,0,2,0,0,0,1,2,2,2,1,0,1,2,2
