timestep,x_cm,y_cm,z_cm,yaw_deg,basis_xx,basis_xy,basis_xz,basis_yx,basis_yy,basis_yz,basis_zx,basis_zy,basis_zz,teleport_flag,throttle_cmd,steering_cmd,cmd_move_cm,cmd_turn_deg,lidar_cm_0,lidar_cm_1,lidar_cm_2,lidar_cm_3,lidar_cm_4,lidar_cm_5,lidar_cm_6,lidar_cm_7,lidar_cm_8,lidar_cm_9,lidar_cm_10,lidar_cm_11,lidar_cm_12,lidar_cm_13,lidar_cm_14,lidar_cm_15,lidar_cm_16,lidar_class_0,lidar_class_1,lidar_class_2,lidar_class_3,lidar_class_4,lidar_class_5,lidar_class_6,lidar_class_7,lidar_class_8,lidar_class_9,lidar_class_10,lidar_class_11,lidar_class_12,lidar_class_13,lidar_class_14,lidar_class_15,lidar_class_16
0,988.693,-984.099,50.419,177.603,-0.998624,-0.041826,0.031648,0.041689,-0.999118,-0.004954,0.031827,-0.003628,0.999487,1,-0.08000,0.12000,-4.800,0.240,-1,400.000,-1,400.000,-1,325.000,325.000,300.000,300.000,-1,-1,-1,-1,800.000,800.000,-1,-1,2,0,2,0,2,0,0,0,0,2,2,2,2,0,0,2,2
1,997.934,-984.408,50.122,178.083,-0.998936,-0.033454,0.031732,0.033316,-0.999433,-0.004856,0.031876,-0.003794,0.999485,0,-0.15411,0.24000,-9.247,0.480,-1,400.000,-1,400.000,-1,325.000,325.000,300.000,300.000,-1,-1,-1,-1,800.000,800.000,-1,-1,2,0,2,0,2,0,0,0,0,2,2,2,2,0,0,2,2
2,1007.071,-984.599,49.826,178.803,-0.999275,-0.020893,0.031812,0.020752,-0.999773,-0.004755,0.031904,-0.004091,0.999483,0,-0.15231,0.36000,-9.139,0.720,-1,400.000,-1,400.000,-1,325.000,325.000,300.000,300.000,-1,-1,-1,-1,800.000,800.000,-1,-1,2,0,2,0,2,0,0,0,0,2,2,2,2,0,0,2,2
3,1016.073,-984.636,49.534,179.763,-0.999483,-0.004139,0.031888,0.003993,-0.999981,-0.004652,0.031907,-0.004522,0.999481,0,-0.15003,0.48000,-9.002,0.960,-1,400.000,-1,400.000,-1,325.000,325.000,300.000,300.000,-1,-1,-1,-1,800.000,800.000,-1,-1,2,0,2,0,2,0,0,0,0,2,2,2,2,0,0,2,2
4,1024.909,-984.488,49.245,180.963,-0.999348,0.016804,0.031960,-0.016958,-0.999846,-0.004547,0.031878,-0.005086,0.999479,0,-0.14728,0.60000,-8.837,1.200,-1,400.000,-1,400.000,-1,325.000,325.000,300.000,300.000,-1,-1,-1,-1,800.000,800.000,-1,-1,2,0,2,0,2,0,0,0,0,2,2,2,2,0,0,2,2
5,1033.544,-984.126,48.962,182.403,-0.998607,0.041925,0.032027,-0.042088,-0.999104,-0.004443,0.031812,-0.005785,0.999477,0,-0.14405,0.72000,-8.643,1.440,-1,400.000,-1,400.000,-1,325.000,325.000,300.000,300.000,-1,-1,-1,-1,800.000,800.000,-1,-1,2,0,2,0,2,0,0,0,0,2,2,2,2,0,0,2,2
6,1041.945,-983.526,48.685,184.083,-0.996946,0.071197,0.032089,-0.071372,-0.997440,-0.004340,0.031698,-0.006617,0.999476,0,-0.14037,0.84000,-8.422,1.680,-1,400.000,-1,400.000,-1,325.000,325.000,300.000,300.000,-1,-1,-1,-1,800.000,800.000,-1,-1,2,0,2,0,2,0,0,0,0,2,2,2,2,0,0,2,2
7,1050.075,-982.671,48.415,186.003,-0.993997,0.104575,0.032145,-0.104764,-0.994488,-0.004241,0.031524,-0.007583,0.999474,0,-0.13625,0.96000,-8.175,1.920,-1,400.000,-1,400.000,-1,325.000,325.000,300.000,300.000,-1,-1,-1,-1,800.000,800.000,-1,-1,2,0,2,0,2,0,0,0,0,2,2,2,2,0,0,2,2
8,1057.900,-981.571,48.154,188.003,-0.989738,0.139217,0.032199,-0.139421,-0.990225,-0.004149,0.031306,-0.008596,0.999473,0,-0.13170,1.00000,-7.902,2.000,-1,400.000,-1,400.000,-1,325.000,325.000,300.000,300.000,-1,-1,-1,-1,800.000,800.000,-1,-1,2,0,2,0,2,0,0,0,0,2,2,2,2,0,0,2,2
9,1065.408,-980.247,47.904,190.003,-0.984272,0.173689,0.032252,-0.173907,-0.984754,-0.004066,0.031054,-0.009611,0.999472,0,-0.12707,1.00000,-7.624,2.000,850.000,400.000,-1,400.000,-1,325.000,325.000,300.000,300.000,-1,-1,-1,-1,800.000,800.000,-1,-1,1,0,2,0,2,0,0,0,0,2,2,2,2,0,0,2,2
10,1072.599,-978.718,47.665,192.003,-0.977606,0.207949,0.032304,-0.208182,-0.978082,-0.003992,0.030766,-0.010628,0.999470,0,-0.12253,1.00000,-7.352,2.000,775.000,400.000,-1,400.000,-1,325.000,325.000,300.000,300.000,-1,-1,-1,-1,800.000,800.000,-1,-1,1,0,2,0,2,0,0,0,0,2,2,2,2,0,0,2,2
11,1079.474,-977.004,47.436,194.003,-0.969748,0.241954,0.032357,-0.242202,-0.970218,-0.003926,0.030444,-0.011645,0.999469,0,-0.11809,1.00000,-7.085,2.000,725.000,400.000,-1,400.000,-1,325.000,325.000,300.000,300.000,-1,-1,-1,-1,800.000,800.000,-1,-1,1,0,2,0,2,0,0,0,0,2,2,2,2,0,0,2,2
12,1086.035,-975.122,47.217,196.003,-0.960708,0.275663,0.032411,-0.275926,-0.961171,-0.003868,0.030086,-0.012659,0.999467,0,-0.11376,1.00000,-6.825,2.000,700.000,400.000,-1,400.000,-1,325.000,325.000,300.000,300.000,-1,-1,-1,-1,800.000,800.000,-1,-1,1,0,2,0,2,0,0,0,0,2,2,2,2,0,0,2,2
13,1092.286,-973.091,47.009,198.003,-0.950496,0.309035,0.032466,-0.309314,-0.950952,-0.003818,0.029694,-0.013671,0.999466,0,-0.10954,1.00000,-6.572,2.000,675.000,400.000,-1,400.000,-1,325.000,325.000,300.000,300.000,-1,-1,-1,-1,775.000,800.000,-1,-1,1,0,2,0,2,0,0,0,0,2,2,2,2,0,0,2,2
14,1098.231,-970.927,46.811,200.003,-0.939126,0.342030,0.032523,-0.342324,-0.939574,-0.003775,0.029266,-0.014679,0.999464,0,-0.10545,1.00000,-6.327,2.000,650.000,400.000,-1,400.000,-1,325.000,325.000,300.000,300.000,-1,-1,-1,-1,775.000,800.000,950.000,-1,1,0,2,0,2,0,0,0,0,2,2,2,2,1,0,1,2
15,1103.876,-968.646,46.623,202.003,-0.926611,0.374607,0.032582,-0.374916,-0.927051,-0.003739,0.028804,-0.015680,0.999462,0,-0.10148,1.00000,-6.089,2.000,625.000,400.000,-1,400.000,-1,325.000,325.000,300.000,300.000,-1,-1,-1,-1,750.000,800.000,825.000,-1,1,0,2,0,2,0,0,0,0,2,2,2,2,1,0,1,2
16,1109.229,-966.263,46.445,204.003,-0.912967,0.406726,0.032643,-0.407050,-0.913398,-0.003708,0.028308,-0.016673,0.999460,0,-0.09765,1.00000,-5.859,2.000,625.000,400.000,-1,400.000,-1,325.000,325.000,300.000,300.000,-1,-1,-1,-1,725.000,800.000,800.000,-1,1,0,2,0,2,0,0,0,0,2,2,2,2,1,0,1,2
17,1114.295,-963.792,46.277,206.003,-0.898210,0.438348,0.032706,-0.438687,-0.898632,-0.003684,0.027776,-0.017657,0.999458,0,-0.09394,1.00000,-5.637,2.000,600.000,400.000,-1,400.000,-1,325.000,325.000,300.000,300.000,-1,-1,-1,-1,725.000,800.000,750.000,-1,1,0,2,0,2,0,0,0,0,2,2,2,2,1,0,1,2
18,1119.083,-961.246,46.118,208.003,-0.882359,0.469434,0.032773,-0.469789,-0.882771,-0.003664,0.027211,-0.018629,0.999456,0,-0.09038,1.00000,-5.423,2.000,575.000,400.000,-1,400.000,-1,325.000,325.000,300.000,300.000,-1,-1,-1,-1,700.000,800.000,725.000,-1,1,0,2,0,2,0,0,0,0,2,2,2,2,1,0,1,2
19,1123.601,-958.637,45.969,210.003,-0.865433,0.499947,0.032843,-0.500317,-0.865834,-0.003648,0.026613,-0.019589,0.999454,0,-0.08696,1.00000,-5.217,2.000,575.000,400.000,-1,400.000,-1,325.000,325.000,300.000,300.000,-1,-1,-1,-1,675.000,800.000,700.000,-1,1,0,2,0,2,0,0,0,0,2,2,2,2,1,0,1,2
20,1127.859,-955.977,45.818,212.003,-0.847453,0.529849,0.032909,-0.530236,-0.847842,-0.003691,0.025946,-0.020578,0.999452,0,-0.08367,1.00000,-5.020,2.000,550.000,400.000,-1,400.000,-1,325.000,325.000,300.000,300.000,-1,-1,-1,-1,675.000,800.000,675.000,-1,1,0,2,0,2,0,0,0,0,2,2,2,2,1,0,1,2
21,1131.864,-953.275,45.671,214.003,-0.828441,0.559104,0.032980,-0.559507,-0.828817,-0.003770,0.025227,-0.021575,0.999449,0,-0.08053,1.00000,-4.832,2.000,550.000,400.000,-1,400.000,-1,325.000,325.000,300.000,300.000,-1,-1,-1,-1,650.000,800.000,650.000,-1,1,0,2,0,2,0,0,0,0,2,2,2,2,1,0,1,2
22,1135.628,-950.541,45.538,216.003,-0.808422,0.587676,0.033031,-0.588095,-0.808782,-0.003841,0.024457,-0.022531,0.999447,0,-0.07753,1.00000,-4.652,2.000,550.000,400.000,-1,400.000,-1,325.000,325.000,300.000,300.000,-1,-1,-1,-1,650.000,800.000,650.000,-1,1,0,2,0,2,0,0,0,0,2,2,2,2,1,0,1,2
23,1135.511,-950.631,45.545,217.763,-0.789995,0.612229,0.032901,-0.612657,-0.790339,-0.003884,0.023625,-0.023225,0.999451,0,0.00247,0.88000,0.148,1.760,525.000,400.000,-1,400.000,-1,325.000,325.000,300.000,300.000,-1,-1,-1,-1,625.000,800.000,625.000,-1,1,0,2,0,2,0,0,0,0,2,2,2,2,1,0,1,2
24,1131.681,-953.765,45.658,219.283,-0.773484,0.632970,0.032723,-0.633404,-0.773811,-0.003934,0.022831,-0.023770,0.999457,0,0.08247,0.76000,4.948,1.520,525.000,400.000,-1,400.000,-1,325.000,325.000,300.000,300.000,-1,-1,-1,-1,600.000,800.000,600.000,-1,1,0,2,0,2,0,0,0,0,2,2,2,2,1,0,1,2
25,1124.276,-960.104,45.873,220.563,-0.759160,0.650092,0.032512,-0.650529,-0.759471,-0.003992,0.022097,-0.024180,0.999463,0,0.16247,0.64000,9.748,1.280,525.000,400.000,-1,400.000,-1,325.000,325.000,300.000,300.000,-1,-1,-1,-1,600.000,800.000,575.000,-1,1,0,2,0,2,0,0,0,0,2,2,2,2,1,0,1,2
26,1113.397,-969.763,46.226,221.603,-0.747239,0.663762,0.032453,-0.664206,-0.747539,-0.004084,0.021549,-0.024607,0.999465,0,0.24247,0.52000,14.548,1.040,500.000,400.000,-1,400.000,-1,325.000,325.000,300.000,300.000,-1,-1,-1,-1,575.000,800.000,575.000,-1,1,0,2,0,2,0,0,0,0,2,2,2,2,1,0,1,2
27,1099.110,-982.811,46.670,222.403,-0.737903,0.674130,0.032364,-0.674577,-0.738193,-0.004170,0.021080,-0.024909,0.999467,0,0.32247,0.40000,19.348,0.800,475.000,400.000,-1,400.000,-1,325.000,325.000,300.000,300.000,-1,-1,-1,-1,575.000,800.000,550.000,-1,1,0,2,0,2,0,0,0,0,2,2,2,2,1,0,1,2
28,1081.439,-999.268,47.204,222.963,-0.731285,0.681309,0.032249,-0.681758,-0.731565,-0.004248,0.020698,-0.025093,0.999471,0,0.40247,0.28000,24.148,0.560,475.000,400.000,-1,400.000,-1,325.000,325.000,300.000,300.000,-1,-1,-1,-1,550.000,800.000,525.000,-1,1,0,2,0,2,0,0,0,0,2,2,2,2,1,0,1,2
29,1060.365,-1019.115,47.847,223.283,-0.727478,0.685385,0.031984,-0.685830,-0.727749,-0.004302,0.020328,-0.025066,0.999479,0,0.48247,0.16000,28.948,0.320,450.000,400.000,-1,400.000,-1,325.000,325.000,300.000,300.000,-1,-1,-1,-1,550.000,800.000,500.000,-1,1,0,2,0,2,0,0,0,0,2,2,2,2,1,0,1,2
30,1035.829,-1042.287,48.595,223.363,-0.726534,0.686404,0.031594,-0.686840,-0.726795,-0.004336,0.019986,-0.024851,0.999491,0,0.56247,0.04000,33.748,0.080,425.000,400.000,-1,400.000,-1,325.000,325.000,300.000,300.000,-1,-1,-1,-1,525.000,800.000,475.000,-1,1,1,2,0,2,0,0,0,0,2,2,2,2,1,0,1,2
31,1007.730,-1068.677,49.415,223.203,-0.728463,0.684377,0.031147,-0.684803,-0.728714,-0.004461,0.019644,-0.024579,0.999505,0,0.64247,-0.08000,38.548,-0.160,400.000,375.000,-1,400.000,-1,325.000,325.000,300.000,300.000,-1,-1,-1,-1,500.000,800.000,450.000,-1,1,1,2,0,2,0,0,0,0,2,2,2,2,1,0,1,2
32,975.926,-1098.131,50.325,222.803,-0.733240,0.679279,0.030640,-0.679694,-0.733481,-0.004581,0.019362,-0.024185,0.999520,0,0.72247,-0.20000,43.348,-0.400,350.000,375.000,-1,400.000,-1,325.000,325.000,300.000,300.000,-1,-1,-1,-1,500.000,775.000,400.000,-1,1,1,2,0,2,0,0,0,0,2,2,2,2,1,0,1,2
33,940.236,-1130.450,51.327,222.163,-0.740800,0.671052,0.030084,-0.671453,-0.741032,-0.004687,0.019148,-0.023672,0.999536,0,0.80247,-0.32000,48.148,-0.640,325.000,350.000,-1,400.000,-1,325.000,325.000,300.000,300.000,-1,-1,-1,-1,475.000,775.000,375.000,-1,1,1,2,0,2,0,0,0,0,2,2,2,2,1,0,1,2
34,900.448,-1165.383,52.413,221.283,-0.751036,0.659602,0.029485,-0.659986,-0.751263,-0.004726,0.019034,-0.023009,0.999554,0,0.88247,-0.44000,52.948,-0.880,300.000,325.000,-1,400.000,-1,325.000,325.000,300.000,300.000,-1,-1,-1,-1,450.000,775.000,325.000,-1,1,1,2,0,2,0,0,0,0,2,2,2,2,1,0,1,2
35,857.246,-1201.843,53.507,220.163,-0.763801,0.644806,0.028863,-0.645166,-0.764029,-0.004439,0.019190,-0.022012,0.999574,0,0.94217,-0.56000,56.530,-1.120,250.000,325.000,-1,400.000,-1,325.000,325.000,300.000,300.000,-1,-1,-1,-1,425.000,775.000,300.000,-1,1,1,2,0,2,1,0,1,0,2,2,2,2,1,0,1,2
36,813.408,-1237.092,55.427,218.803,-0.778872,0.626546,0.028271,-0.626792,-0.779187,0.000205,0.022157,-0.017560,0.999600,0,0.93752,-0.68000,56.251,-1.360,225.000,300.000,-1,400.000,-1,300.000,325.000,275.000,300.000,-1,-1,-1,-1,425.000,800.000,275.000,-1,1,1,2,0,2,1,0,1,0,2,2,2,2,1,0,1,2
37,769.019,-1271.006,58.855,217.382,-0.794122,0.607107,0.028127,-0.607011,-0.794590,0.012801,0.030120,-0.006908,0.999522,0,0.93103,-0.71059,55.862,-1.421,225.000,300.000,-1,425.000,-1,300.000,350.000,275.000,300.000,-1,-1,-1,-1,425.000,825.000,275.000,-1,1,1,2,0,2,1,0,1,0,2,2,2,2,1,1,1,2
38,724.208,-1303.552,62.182,215.989,-0.808625,0.587632,0.028538,-0.587111,-0.809121,0.024981,0.037770,0.003445,0.999281,0,0.92304,-0.69612,55.382,-1.392,225.000,300.000,-1,425.000,-1,300.000,350.000,275.000,300.000,-1,-1,775.000,-1,450.000,875.000,275.000,-1,1,1,2,0,2,1,0,1,0,2,2,0,2,1,0,1,2
39,679.090,-1334.710,65.366,214.626,-0.822389,0.568171,0.029291,-0.567144,-0.822798,0.036762,0.044988,0.013621,0.998895,0,0.91384,-0.68150,54.830,-1.363,225.000,325.000,-1,450.000,-1,325.000,375.000,250.000,275.000,-1,700.000,425.000,-1,475.000,925.000,275.000,-1,1,1,2,0,2,1,1,1,0,2,0,0,2,1,0,1,2
40,633.765,-1364.460,68.460,213.276,-0.835573,0.548526,0.030621,-0.546920,-0.835807,0.048022,0.051935,0.023379,0.998377,0,0.90360,-0.67510,54.216,-1.350,225.000,325.000,-1,475.000,-1,325.000,375.000,250.000,275.000,-1,525.000,300.000,-1,550.000,950.000,275.000,-1,1,1,2,0,2,1,1,1,0,2,0,0,2,1,0,1,2
41,583.615,-1395.510,71.846,211.758,-0.849831,0.526040,0.032683,-0.523748,-0.849810,0.059253,0.058944,0.033237,0.997708,0,0.98304,-0.75916,58.982,-1.518,225.000,350.000,-1,475.000,-1,350.000,375.000,250.000,275.000,-1,425.000,200.000,925.000,675.000,1000.000,275.000,-1,1,1,2,0,2,1,1,1,0,2,0,0,0,1,0,1,2
42,532.815,-1425.167,75.126,210.270,-0.863200,0.503617,0.035436,-0.500560,-0.862877,0.069875,0.065767,0.042579,0.996926,0,0.98037,-0.74399,58.822,-1.488,225.000,375.000,-1,500.000,-1,350.000,400.000,225.000,275.000,-1,350.000,150.000,775.000,-1,-1,-1,-1,1,1,2,0,2,1,1,1,0,2,0,0,0,2,2,2,2
43,481.518,-1453.393,78.290,208.815,-0.875679,0.481343,0.038675,-0.477462,-0.875025,0.079754,0.072231,0.051373,0.996064,0,0.97580,-0.72757,58.548,-1.455,300.000,425.000,-1,525.000,-1,375.000,400.000,225.000,275.000,-1,325.000,125.000,675.000,-1,-1,-1,-1,1,1,2,0,2,1,1,1,0,2,0,0,0,2,2,2,2
44,429.890,-1480.150,79.751,207.395,-0.887260,0.459473,0.040669,-0.455436,-0.886606,0.080668,0.073121,0.053051,0.995911,0,0.96915,-0.70994,58.149,-1.420,-1,450.000,-1,525.000,-1,400.000,425.000,200.000,275.000,-1,300.000,125.000,675.000,-1,-1,-1,-1,2,1,2,0,2,1,1,1,0,2,0,0,0,2,2,2,2
45,378.108,-1505.420,80.826,206.013,-0.898006,0.437949,0.042253,-0.433927,-0.897431,0.079531,0.072749,0.053085,0.995937,0,0.96030,-0.69119,57.618,-1.382,-1,500.000,-1,525.000,-1,400.000,425.000,200.000,275.000,-1,300.000,125.000,675.000,-1,-1,-1,-1,2,1,2,0,2,1,1,1,0,2,0,0,0,2,2,2,2
46,326.352,-1529.190,81.634,204.670,-0.907974,0.416820,0.042940,-0.412973,-0.907502,0.076767,0.070966,0.051970,0.996124,0,0.94921,-0.67149,56.953,-1.343,-1,525.000,-1,500.000,-1,425.000,425.000,175.000,275.000,-1,325.000,150.000,700.000,-1,-1,-1,-1,2,1,2,0,2,1,0,1,0,2,0,0,0,2,2,2,2
47,274.803,-1551.467,84.390,203.367,-0.917693,0.395942,0.032700,-0.392610,-0.916402,0.077881,0.060803,0.058632,0.996426,0,0.93597,-0.65110,56.158,-1.302,-1,550.000,-1,475.000,-1,425.000,400.000,150.000,250.000,-1,550.000,300.000,775.000,-1,975.000,-1,-1,2,0,2,0,2,0,0,1,0,2,0,0,0,2,0,2,2
48,223.617,-1572.256,86.764,202.102,-0.926552,0.375488,0.022561,-0.372814,-0.924633,0.077867,0.050099,0.063737,0.996708,0,0.92080,-0.63276,55.248,-1.266,-1,525.000,-1,450.000,-1,400.000,400.000,150.000,250.000,-1,-1,600.000,850.000,-1,900.000,-1,-1,2,0,2,0,2,0,0,1,0,2,2,0,0,2,0,2,2
49,172.922,-1591.557,88.792,200.841,-0.934795,0.354968,0.012448,-0.353050,-0.932440,0.076884,0.038898,0.067476,0.996962,0,0.90409,-0.63030,54.245,-1.261,-1,500.000,-1,450.000,-1,375.000,375.000,150.000,250.000,-1,-1,-1,975.000,-1,825.000,-1,-1,2,0,2,0,2,0,0,1,0,2,2,2,0,2,0,2,2
50,122.825,-1609.380,90.506,199.584,-0.942442,0.334363,0.002343,-0.333253,-0.939840,0.075116,0.027318,0.070012,0.997172,0,0.88622,-0.62870,53.173,-1.257,-1,475.000,-1,425.000,-1,375.000,350.000,150.000,250.000,-1,-1,-1,-1,950.000,775.000,-1,-1,2,0,2,0,2,0,0,1,0,2,2,2,2,0,0,2,2
51,76.970,-1624.782,91.792,198.566,-0.948204,0.317589,-0.006770,-0.317215,-0.945530,0.073126,0.016823,0.071485,0.997300,0,0.80622,-0.50870,48.373,-1.017,-1,450.000,-1,400.000,-1,350.000,350.000,175.000,250.000,-1,-1,-1,-1,875.000,725.000,-1,-1,2,0,2,0,2,0,0,1,0,2,2,2,2,0,0,2,2
52,35.479,-1638.093,92.732,197.789,-0.952325,0.304716,-0.014986,-0.304994,-0.949704,0.070998,0.007402,0.072184,0.997364,0,0.72622,-0.38870,43.573,-0.777,-1,425.000,-1,375.000,-1,350.000,325.000,175.000,250.000,-1,-1,-1,-1,825.000,675.000,-1,-1,2,0,2,0,2,0,0,1,0,2,2,2,2,0,0,2,2
53,-1.550,-1649.590,93.418,197.252,-0.954992,0.295794,-0.022281,-0.296630,-0.952517,0.068715,-0.000898,0.072231,0.997387,0,0.64622,-0.26870,38.773,-0.537,-1,425.000,-1,375.000,925.000,325.000,300.000,175.000,250.000,-1,-1,-1,-1,775.000,625.000,-1,-1,2,0,2,0,0,0,0,1,0,2,2,2,2,0,0,2,2
54,-34.047,-1659.495,93.911,196.954,-0.956341,0.290856,-0.028539,-0.292145,-0.954073,0.066302,-0.007944,0.071744,0.997391,0,0.56622,-0.14870,33.973,-0.297,-1,400.000,-1,350.000,775.000,325.000,300.000,200.000,250.000,-1,-1,-1,-1,725.000,600.000,-1,975.000,2,0,2,0,0,0,0,1,0,2,2,2,2,0,0,2,0
55,-61.961,-1667.973,94.124,196.897,-0.956473,0.289929,-0.033192,-0.291520,-0.954458,0.063459,-0.013282,0.070373,0.997432,0,0.48622,-0.02870,29.173,-0.057,-1,375.000,-1,350.000,700.000,300.000,300.000,200.000,250.000,-1,-1,-1,-1,700.000,575.000,-1,850.000,2,0,2,0,0,0,0,1,0,2,2,2,2,0,0,2,0
56,-85.260,-1675.128,93.781,197.079,-0.955464,0.293037,-0.034896,-0.294680,-0.953750,0.059364,-0.015886,0.067003,0.997626,0,0.40622,0.09130,24.373,0.183,-1,375.000,-1,325.000,675.000,300.000,300.000,200.000,250.000,-1,-1,-1,-1,675.000,575.000,-1,800.000,2,0,2,0,0,0,0,1,0,2,2,2,2,0,0,2,0
57,-103.938,-1680.979,93.670,197.398,-0.953783,0.298385,-0.035557,-0.300020,-0.952238,0.056835,-0.016900,0.064877,0.997750,0,0.32622,0.15950,19.573,0.319,-1,375.000,-1,325.000,675.000,300.000,275.000,200.000,250.000,-1,-1,-1,-1,675.000,575.000,-1,800.000,2,0,2,0,0,0,0,1,0,2,2,2,2,0,0,2,0
58,-118.011,-1685.474,93.904,197.716,-0.952128,0.303658,-0.035285,-0.305261,-0.950594,0.056455,-0.016398,0.064524,0.997781,0,0.24622,0.15858,14.773,0.317,-1,375.000,-1,325.000,675.000,300.000,275.000,200.000,250.000,-1,-1,-1,-1,675.000,575.000,-1,800.000,2,0,2,0,0,0,0,1,0,2,2,2,2,0,0,2,0
59,-127.494,-1688.560,94.025,198.031,-0.950450,0.308900,-0.035005,-0.310469,-0.948933,0.055991,-0.015922,0.064084,0.997817,0,0.16622,0.15784,9.973,0.316,-1,375.000,-1,325.000,700.000,300.000,275.000,200.000,250.000,-1,-1,-1,-1,675.000,575.000,-1,800.000,2,0,2,0,0,0,0,1,0,2,2,2,2,0,0,2,0
60,-132.404,-1690.188,94.032,198.346,-0.948749,0.314117,-0.034725,-0.315651,-0.947254,0.055445,-0.015477,0.063564,0.997858,0,0.08622,0.15733,5.173,0.315,-1,375.000,-1,325.000,700.000,300.000,275.000,200.000,250.000,-1,-1,-1,-1,675.000,575.000,-1,825.000,2,0,2,0,0,0,0,1,0,2,2,2,2,0,0,2,0
61,-132.757,-1690.307,93.921,198.660,-0.947022,0.319318,-0.034434,-0.320816,-0.945554,0.054809,-0.015058,0.062952,0.997903,0,0.00622,0.15706,0.373,0.314,-1,375.000,-1,325.000,725.000,300.000,275.000,200.000,250.000,-1,-1,-1,-1,675.000,575.000,-1,825.000,2,0,2,0,0,0,0,1,0,2,2,2,2,0,0,2,0
62,-128.571,-1688.867,93.687,198.974,-0.945267,0.324511,-0.034102,-0.325969,-0.943833,0.054060,-0.014644,0.062218,0.997955,0,-0.07378,0.15704,-4.427,0.314,-1,375.000,-1,325.000,725.000,300.000,275.000,200.000,250.000,-1,-1,-1,-1,675.000,575.000,-1,825.000,2,0,2,0,0,0,0,1,0,2,2,2,2,0,0,2,0
63,-119.862,-1685.819,93.316,199.289,-0.943483,0.329706,-0.033676,-0.331117,-0.942091,0.053165,-0.014197,0.061311,0.998018,0,-0.15378,0.15727,-9.227,0.315,-1,375.000,-1,325.000,725.000,300.000,275.000,200.000,250.000,-1,-1,-1,-1,675.000,575.000,-1,850.000,2,0,2,0,0,0,0,1,0,2,2,2,2,0,0,2,0
64,-106.647,-1681.112,93.037,199.604,-0.941691,0.334891,-0.032659,-0.336233,-0.940270,0.053284,-0.012864,0.061158,0.998045,0,-0.23378,0.15771,-14.027,0.315,-1,375.000,-1,350.000,750.000,300.000,300.000,200.000,250.000,-1,-1,-1,-1,675.000,575.000,-1,875.000,2,0,2,0,0,0,0,1,0,2,2,2,2,0,0,2,0
65,-88.946,-1674.699,93.165,199.921,-0.939918,0.340043,-0.030403,-0.341267,-0.938295,0.056026,-0.009475,0.063036,0.997966,0,-0.31378,0.15834,-18.827,0.317,-1,375.000,-1,350.000,800.000,300.000,300.000,200.000,250.000,-1,-1,-1,-1,700.000,600.000,-1,950.000,2,0,2,0,0,0,0,1,0,2,2,2,2,0,0,2,0
66,-66.777,-1666.528,93.249,200.239,-0.938124,0.345203,-0.027543,-0.346259,-0.936268,0.059225,-0.005343,0.065097,0.997865,0,-0.39378,0.15911,-23.627,0.318,-1,400.000,-1,350.000,875.000,325.000,300.000,200.000,250.000,-1,-1,-1,-1,725.000,600.000,-1,-1,2,0,2,0,0,0,0,1,0,2,2,2,2,0,0,2,2
67,-40.160,-1656.546,92.741,200.559,-0.936337,0.350425,-0.021793,-0.351100,-0.934325,0.061370,0.001144,0.065115,0.997877,0,-0.47378,0.15995,-28.427,0.320,-1,400.000,-1,375.000,-1,325.000,300.000,175.000,250.000,-1,-1,-1,-1,750.000,625.000,-1,-1,2,0,2,0,2,0,0,1,0,2,2,2,2,0,0,2,2
68,-13.913,-1646.535,92.159,200.880,-0.934473,0.355671,-0.016095,-0.355956,-0.932364,0.063191,0.007469,0.064780,0.997872,0,-0.46818,0.16079,-28.091,0.322,-1,425.000,-1,375.000,-1,325.000,325.000,175.000,250.000,-1,-1,-1,-1,800.000,650.000,-1,-1,2,0,2,0,2,0,0,1,0,2,2,2,2,0,0,2,2
69,7.766,-1638.021,91.560,201.442,-0.931017,0.364813,-0.010883,-0.364730,-0.928885,0.064375,0.013376,0.063903,0.997866,0,-0.38818,0.28079,-23.291,0.562,-1,425.000,-1,375.000,-1,350.000,325.000,175.000,250.000,-1,-1,-1,-1,825.000,700.000,-1,-1,2,0,2,0,2,0,0,1,0,2,2,2,2,0,0,2,2
70,24.881,-1631.021,90.965,202.244,-0.925866,0.377803,-0.006115,-0.377377,-0.923768,0.065108,0.018949,0.062589,0.997859,0,-0.30818,0.40079,-18.491,0.802,-1,450.000,-1,400.000,-1,350.000,325.000,175.000,250.000,-1,-1,-1,-1,850.000,725.000,-1,-1,2,0,2,0,2,0,0,1,0,2,2,2,2,0,0,2,2
71,37.457,-1625.608,90.400,203.285,-0.918863,0.394573,-0.001769,-0.393831,-0.916841,0.065569,0.024250,0.060946,0.997846,0,-0.22818,0.52079,-13.691,1.042,-1,450.000,-1,400.000,-1,350.000,350.000,175.000,250.000,-1,-1,-1,-1,875.000,750.000,-1,-1,2,0,2,0,2,0,0,1,0,2,2,2,2,0,0,2,2
72,45.543,-1621.911,89.887,204.567,-0.909807,0.415027,0.002161,-0.413995,-0.907889,0.065926,0.029323,0.059086,0.997822,0,-0.14818,0.64079,-8.891,1.282,-1,450.000,-1,425.000,-1,350.000,350.000,150.000,250.000,-1,-1,-1,-1,900.000,775.000,-1,-1,2,0,2,0,2,0,0,1,0,2,2,2,2,0,0,2,2
73,49.217,-1620.111,89.455,206.088,-0.898451,0.439038,0.005651,-0.437741,-0.896650,0.066340,0.034193,0.057130,0.997781,0,-0.06818,0.76079,-4.091,1.522,-1,475.000,-1,425.000,-1,375.000,350.000,150.000,250.000,-1,-1,-1,-1,950.000,800.000,-1,-1,2,0,2,0,2,0,0,1,0,2,2,2,2,0,0,2,2
74,48.590,-1620.441,89.133,207.850,-0.884508,0.466445,0.008648,-0.464903,-0.882826,0.066961,0.038868,0.055207,0.997718,0,0.01182,0.88079,0.709,1.762,-1,475.000,-1,425.000,-1,375.000,350.000,150.000,275.000,-1,-1,-1,1000.000,975.000,800.000,-1,-1,2,0,2,0,2,0,0,1,0,2,2,2,0,0,0,2,2
75,43.812,-1623.182,88.953,209.850,-0.867670,0.497018,0.011060,-0.495248,-0.866092,0.067926,0.043339,0.053460,0.997629,0,0.09182,1.00000,5.509,2.000,-1,475.000,-1,425.000,-1,375.000,375.000,150.000,275.000,-1,-1,700.000,925.000,1000.000,825.000,-1,-1,2,0,2,0,2,0,0,1,0,2,2,0,0,0,0,2,2
76,35.056,-1628.622,88.993,211.850,-0.849791,0.526974,0.012358,-0.525026,-0.848272,0.069154,0.046925,0.052278,0.997529,0,0.17182,1.00000,10.309,2.000,-1,500.000,-1,450.000,-1,375.000,375.000,150.000,275.000,-1,925.000,525.000,875.000,-1,850.000,-1,-1,2,0,2,0,2,0,0,1,0,2,0,0,0,2,0,2,2
77,22.508,-1637.037,89.279,213.850,-0.830907,0.556272,0.012431,-0.554198,-0.829386,0.070598,0.049582,0.051771,0.997427,0,0.25182,1.00000,15.109,2.000,-1,500.000,-1,450.000,-1,375.000,375.000,150.000,275.000,-1,750.000,425.000,850.000,-1,850.000,-1,-1,2,0,2,0,2,0,0,1,0,2,0,0,0,2,0,2,2
78,6.372,-1648.697,89.840,215.850,-0.811049,0.584871,0.011190,-0.582728,-0.809457,0.072166,0.051265,0.052009,0.997330,0,0.33182,1.00000,19.909,2.000,-1,500.000,-1,450.000,-1,375.000,375.000,150.000,275.000,-1,675.000,375.000,825.000,-1,850.000,-1,-1,2,0,2,0,2,0,0,1,0,2,0,0,0,2,0,2,2
79,-13.138,-1663.859,90.898,217.850,-0.790216,0.612756,0.009481,-0.610575,-0.788540,0.073501,0.052514,0.052292,0.997250,0,0.41182,1.00000,24.709,2.000,-1,500.000,-1,450.000,-1,400.000,375.000,150.000,275.000,-1,625.000,350.000,800.000,-1,850.000,-1,-1,2,0,2,0,2,0,0,1,0,2,0,0,0,2,0,2,2
80,-35.792,-1682.768,92.282,219.850,-0.768461,0.639865,0.006350,-0.637725,-0.766631,0.074723,0.052681,0.053372,0.997184,0,0.49182,1.00000,29.509,2.000,-1,500.000,-1,450.000,-1,400.000,375.000,150.000,275.000,-1,625.000,350.000,800.000,-1,850.000,-1,-1,2,0,2,0,2,0,0,1,0,2,0,0,0,2,0,2,2
81,-61.346,-1705.658,94.000,221.850,-0.745805,0.666162,0.001714,-0.664157,-0.743756,0.075639,0.051663,0.055274,0.997134,0,0.57182,1.00000,34.309,2.000,-1,500.000,-1,450.000,-1,400.000,375.000,150.000,275.000,-1,675.000,400.000,800.000,-1,850.000,-1,-1,2,0,2,0,2,0,0,1,0,2,0,0,0,2,0,2,2
82,-89.548,-1732.753,96.056,223.850,-0.722262,0.691605,-0.004493,-0.689857,-0.719943,0.076023,0.049343,0.058008,0.997096,0,0.65182,1.00000,39.109,2.000,-1,500.000,-1,425.000,-1,375.000,375.000,150.000,275.000,-1,800.000,475.000,825.000,-1,825.000,-1,-1,2,0,2,0,2,0,0,1,0,2,0,0,0,2,0,2,2
83,-120.130,-1764.258,98.134,225.850,-0.697800,0.716213,-0.010672,-0.714773,-0.695274,0.075459,0.046624,0.060284,0.997092,0,0.73182,1.00000,43.909,2.000,-1,500.000,-1,425.000,-1,375.000,375.000,150.000,275.000,-1,900.000,550.000,850.000,-1,800.000,-1,-1,2,0,2,0,2,0,0,1,0,2,0,0,0,2,0,2,2
84,-152.815,-1800.371,100.353,227.850,-0.672450,0.739936,-0.017464,-0.738894,-0.669760,0.073871,0.042963,0.062579,0.997115,0,0.81182,1.00000,48.709,2.000,-1,500.000,-1,425.000,-1,375.000,350.000,150.000,275.000,-1,-1,700.000,875.000,-1,775.000,-1,-1,2,0,2,0,2,0,0,1,0,2,2,0,0,2,0,2,2
85,-187.315,-1841.270,102.637,229.850,-0.646215,0.762763,-0.024485,-0.762187,-0.643446,0.071050,0.038439,0.064576,0.997172,0,0.89182,1.00000,53.509,2.000,-1,475.000,-1,400.000,-1,375.000,350.000,150.000,275.000,-1,-1,875.000,925.000,-1,750.000,-1,-1,2,0,2,0,2,0,0,1,0,2,2,0,0,2,0,2,2
86,-221.307,-1884.543,104.656,231.850,-0.619095,0.784717,-0.030676,-0.784607,-0.616405,0.066604,0.033356,0.065302,0.997308,0,0.91715,1.00000,55.029,2.000,-1,475.000,-1,400.000,-1,375.000,350.000,150.000,275.000,-1,-1,-1,1000.000,975.000,700.000,-1,-1,2,0,2,0,2,0,0,1,0,2,2,2,0,0,0,2,2
87,-253.451,-1928.540,106.177,233.850,-0.591110,0.805816,-0.035335,-0.806115,-0.588691,0.060171,0.027685,0.064052,0.997562,0,0.90816,1.00000,54.489,2.000,-1,450.000,-1,375.000,-1,350.000,325.000,150.000,275.000,-1,-1,-1,-1,950.000,675.000,-1,-1,2,0,2,0,2,0,0,1,0,2,2,2,2,0,0,2,2
88,-283.744,-1973.194,107.655,235.850,-0.562405,0.825942,-0.038990,-0.826545,-0.560258,0.054173,0.022899,0.062694,0.997770,0,0.89935,1.00000,53.961,2.000,-1,450.000,-1,375.000,975.000,350.000,325.000,150.000,275.000,-1,-1,-1,-1,900.000,650.000,-1,-1,2,0,2,0,0,0,0,1,0,2,2,2,2,0,0,2,2
89,-312.189,-2018.448,109.077,237.850,-0.533031,0.845066,-0.041735,-0.845882,-0.531139,0.048733,0.019016,0.061279,0.997940,0,0.89087,1.00000,53.452,2.000,-1,425.000,-1,375.000,875.000,350.000,325.000,150.000,250.000,-1,-1,-1,-1,875.000,625.000,-1,-1,2,0,2,0,0,0,0,1,0,2,2,2,2,0,0,2,2
90,-338.795,-2064.250,110.638,239.850,-0.502997,0.863202,-0.043323,-0.864150,-0.501389,0.043048,0.015438,0.059091,0.998133,0,0.88283,1.00000,52.970,2.000,-1,425.000,-1,350.000,825.000,325.000,300.000,150.000,250.000,-1,-1,-1,-1,850.000,625.000,-1,-1,2,0,2,0,0,0,0,1,0,2,2,2,2,0,0,2,2
91,-363.575,-2110.555,112.336,241.850,-0.472350,0.880324,-0.043767,-0.881327,-0.471039,0.037213,0.012144,0.056150,0.998348,0,0.87533,1.00000,52.520,2.000,-1,425.000,-1,350.000,775.000,325.000,300.000,150.000,250.000,-1,-1,-1,-1,850.000,600.000,-1,975.000,2,0,2,0,0,0,0,1,0,2,2,2,2,0,0,2,0
92,-386.541,-2157.325,113.997,243.850,-0.441163,0.896375,-0.043445,-0.897376,-0.440102,0.032050,0.009609,0.053126,0.998542,0,0.86841,1.00000,52.105,2.000,-1,400.000,-1,350.000,750.000,325.000,300.000,175.000,250.000,-1,-1,-1,-1,825.000,600.000,-1,925.000,2,0,2,0,0,0,0,1,0,2,2,2,2,0,0,2,0
93,-407.706,-2204.524,115.622,245.850,-0.409472,0.911334,-0.042467,-0.912289,-0.408616,0.027597,0.007798,0.050042,0.998717,0,0.86213,1.00000,51.728,2.000,-1,400.000,-1,350.000,725.000,325.000,300.000,175.000,250.000,-1,-1,-1,-1,825.000,600.000,-1,950.000,2,0,2,0,0,0,0,1,0,2,2,2,2,0,0,2,0
94,-427.084,-2252.121,117.217,247.850,-0.377316,0.925179,-0.040940,-0.926060,-0.376619,0.023883,0.006678,0.046924,0.998876,0,0.85651,1.00000,51.391,2.000,-1,400.000,-1,350.000,725.000,325.000,300.000,175.000,275.000,-1,-1,-1,-1,825.000,575.000,-1,1000.000,2,0,2,0,0,0,0,1,0,2,2,2,2,0,0,2,0
95,-443.689,-2296.789,118.653,249.610,-0.348650,0.936436,-0.039121,-0.937234,-0.348073,0.020908,0.005962,0.043955,0.999016,0,0.79426,0.88000,47.656,1.760,-1,400.000,-1,350.000,725.000,325.000,300.000,175.000,275.000,-1,-1,-1,-1,825.000,600.000,-1,-1,2,0,2,0,0,0,0,1,0,2,2,2,2,0,0,2,2
96,-457.551,-2337.341,119.907,251.130,-0.323637,0.945450,-0.037181,-0.946165,-0.323149,0.018645,0.005612,0.041214,0.999135,0,0.71426,0.76000,42.856,1.520,-1,400.000,-1,350.000,750.000,325.000,300.000,175.000,275.000,-1,-1,-1,-1,825.000,600.000,-1,-1,2,0,2,0,0,0,0,1,0,2,2,2,2,0,0,2,2
97,-470.168,-2377.133,121.074,252.410,-0.302391,0.952537,-0.035117,-0.953170,-0.301981,0.016569,0.005178,0.038482,0.999246,0,0.69574,0.64000,41.745,1.280,-1,400.000,-1,350.000,800.000,325.000,300.000,175.000,275.000,-1,-1,-1,-1,825.000,600.000,-1,-1,2,0,2,0,0,0,0,1,0,2,2,2,2,0,0,2,2
98,-481.914,-2416.656,122.163,253.450,-0.285007,0.957960,-0.032916,-0.958514,-0.284672,0.014558,0.004575,0.035700,0.999352,0,0.68720,0.52000,41.232,1.040,-1,400.000,-1,350.000,850.000,325.000,300.000,200.000,275.000,-1,-1,-1,-1,800.000,600.000,-1,-1,2,0,2,0,0,0,0,1,0,2,2,2,2,0,0,2,2
99,-492.942,-2455.835,123.175,254.281,-0.271034,0.962084,-0.030568,-0.962562,-0.270768,0.012607,0.003852,0.032841,0.999453,0,0.67835,0.41571,40.701,0.831,-1,400.000,-1,350.000,900.000,325.000,300.000,200.000,275.000,-1,-1,-1,-1,800.000,625.000,-1,-1,2,0,2,0,0,0,0,1,0,2,2,2,2,0,0,2,2
100,-503.273,-2494.652,124.135,255.098,-0.257267,0.965935,-0.027995,-0.966334,-0.257053,0.011022,0.003450,0.029888,0.999547,0,0.66948,0.40828,40.169,0.817,-1,400.000,-1,350.000,975.000,325.000,300.000,200.000,275.000,-1,-1,-1,-1,800.000,625.000,-1,-1,2,0,2,0,0,0,0,1,0,2,2,2,2,0,0,2,2
101,-512.949,-2533.167,125.206,255.899,-0.243734,0.969501,-0.025729,-0.969834,-0.243542,0.010431,0.003846,0.027496,0.999615,0,0.66186,0.40050,39.711,0.801,-1,400.000,-1,350.000,-1,325.000,300.000,200.000,275.000,-1,-1,-1,-1,800.000,625.000,-1,-1,2,0,2,0,2,0,0,1,0,2,2,2,2,0,0,2,2
102,-522.007,-2571.431,125.942,256.684,-0.230464,0.972837,-0.021791,-0.973061,-0.230261,0.011464,0.006135,0.023846,0.999697,0,0.65536,0.39241,39.322,0.785,-1,400.000,-1,350.000,-1,325.000,300.000,200.000,275.000,-1,-1,-1,-1,825.000,650.000,-1,-1,2,0,2,0,2,0,0,1,0,2,2,2,2,0,0,2,2
103,-530.480,-2609.493,126.366,257.452,-0.217402,0.975937,-0.016830,-0.976050,-0.217222,0.011878,0.007936,0.019010,0.999788,0,0.64990,0.38402,38.994,0.768,-1,400.000,-1,350.000,-1,325.000,300.000,200.000,275.000,-1,-1,-1,-1,850.000,675.000,-1,-1,2,0,2,0,2,0,0,1,0,2,2,2,2,0,0,2,2
104,-538.398,-2647.399,126.804,258.202,-0.204578,0.978776,-0.012054,-0.978804,-0.204433,0.012282,0.009557,0.014311,0.999852,0,0.64539,0.37536,38.724,0.751,-1,400.000,-1,375.000,-1,325.000,300.000,200.000,275.000,375.000,-1,-1,-1,850.000,675.000,-1,-1,2,0,2,0,2,0,0,1,0,1,2,2,2,0,0,2,2
105,-546.748,-2690.114,127.284,258.941,-0.191916,0.981384,-0.007365,-0.981350,-0.191815,0.012595,0.010948,0.009645,0.999894,0,0.72539,0.36914,43.524,0.738,-1,400.000,-1,375.000,-1,325.000,325.000,200.000,275.000,350.000,-1,-1,-1,850.000,700.000,-1,-1,2,0,2,0,2,0,0,1,0,1,2,2,2,0,0,2,2
106,-554.806,-2734.312,127.554,259.668,-0.179410,0.983767,-0.003878,-0.983708,-0.179351,0.012339,0.011443,0.006028,0.999916,0,0.74878,0.36356,44.927,0.727,-1,400.000,-1,375.000,-1,325.000,325.000,175.000,275.000,350.000,-1,-1,-1,850.000,700.000,-1,-1,2,0,2,0,2,0,0,1,0,1,2,2,2,0,0,2,2
107,-562.235,-2778.152,127.851,260.382,-0.167089,0.985942,-0.000605,-0.985871,-0.167070,0.012072,0.011802,0.002614,0.999927,0,0.74108,0.35730,44.465,0.715,-1,400.000,-1,375.000,-1,325.000,325.000,175.000,275.000,350.000,-1,-1,-1,850.000,725.000,-1,-1,2,0,2,0,2,0,0,1,0,1,2,2,2,0,0,2,2
108,-569.060,-2821.656,128.172,261.084,-0.154973,0.987916,0.002463,-0.987846,-0.154991,0.011788,0.012027,-0.000606,0.999927,0,0.73394,0.35062,44.036,0.701,-1,400.000,-1,375.000,-1,325.000,325.000,175.000,275.000,375.000,-1,-1,-1,875.000,750.000,-1,-1,2,0,2,0,2,0,0,1,0,1,2,2,2,0,0,2,2
109,-575.307,-2864.846,128.517,261.771,-0.143079,0.989697,0.005334,-0.989637,-0.143133,0.011480,0.012125,-0.003636,0.999920,0,0.72733,0.34353,43.640,0.687,-1,400.000,-1,375.000,-1,325.000,325.000,175.000,275.000,375.000,-1,-1,-1,875.000,750.000,-1,-1,2,0,2,0,2,0,0,1,0,1,2,2,2,0,0,2,2
110,-580.998,-2907.745,128.886,262.443,-0.131426,0.991294,0.008017,-0.991252,-0.131511,0.011141,0.012099,-0.006483,0.999906,0,0.72125,0.33607,43.275,0.672,-1,400.000,-1,375.000,-1,325.000,325.000,200.000,275.000,375.000,-1,-1,-1,875.000,775.000,-1,-1,2,0,2,0,2,0,0,1,0,1,2,2,2,0,0,2,2
111,-586.157,-2950.375,129.279,263.099,-0.120030,0.992715,0.010521,-0.992698,-0.120142,0.010767,0.011952,-0.009152,0.999887,0,0.71568,0.32825,42.941,0.657,-1,400.000,-1,375.000,-1,325.000,325.000,200.000,275.000,375.000,-1,-1,-1,875.000,775.000,-1,-1,2,0,2,0,2,0,0,1,0,1,2,2,2,0,0,2,2
112,-590.806,-2992.759,129.695,263.740,-0.108904,0.993969,0.012853,-0.993983,-0.109040,0.010351,0.011690,-0.011648,0.999864,0,0.71064,0.32009,42.638,0.640,-1,400.000,-1,400.000,-1,325.000,325.000,200.000,275.000,375.000,-1,-1,-1,875.000,800.000,-1,-1,2,0,2,0,2,0,0,1,0,1,2,2,2,0,0,2,2
113,-594.968,-3034.921,130.133,264.363,-0.098065,0.995067,0.015020,-0.995116,-0.098219,0.009888,0.011314,-0.013977,0.999838,0,0.70611,0.31160,42.366,0.623,-1,400.000,-1,400.000,-1,325.000,325.000,200.000,275.000,375.000,-1,-1,-1,875.000,800.000,-1,-1,2,0,2,0,2,0,0,1,0,1,2,2,2,0,0,2,2
114,-598.662,-3076.884,130.595,264.968,-0.087526,0.996017,0.017030,-0.996103,-0.087694,0.009374,0.010830,-0.016143,0.999811,0,0.70209,0.30280,42.125,0.606,-1,400.000,-1,400.000,-1,325.000,325.000,200.000,300.000,375.000,-1,-1,-1,875.000,800.000,-1,-1,2,0,2,0,2,0,0,1,0,1,2,2,2,0,0,2,2
115,-601.449,-3114.105,130.948,265.718,-0.074478,0.997041,0.019043,-0.997168,-0.074660,0.009054,0.010449,-0.018315,0.999778,0,0.62209,0.37459,37.325,0.749,-1,400.000,-1,400.000,-1,325.000,325.000,225.000,300.000,400.000,-1,-1,-1,875.000,825.000,-1,-1,2,0,2,0,2,0,0,1,0,1,2,2,2,0,0,2,2
116,-603.462,-3146.568,131.244,266.450,-0.061710,0.997877,0.020828,-0.998043,-0.061904,0.008816,0.010087,-0.020243,0.999744,0,0.54209,0.36629,32.525,0.733,-1,400.000,-1,400.000,-1,325.000,325.000,225.000,300.000,400.000,-1,-1,-1,875.000,825.000,-1,-1,2,0,2,0,2,0,0,1,0,1,2,2,2,0,0,2,2
117,-604.831,-3174.260,131.476,267.168,-0.049192,0.998538,0.022421,-0.998742,-0.049396,0.008680,0.009774,-0.021966,0.999711,0,0.46209,0.35889,27.725,0.718,-1,425.000,-1,400.000,-1,325.000,325.000,225.000,300.000,400.000,-1,-1,-1,875.000,825.000,-1,-1,2,0,2,0,2,0,0,1,0,1,2,2,2,0,0,2,2
118,-605.693,-3197.464,131.643,267.873,-0.036890,0.999034,0.023864,-0.999274,-0.037105,0.008655,0.009532,-0.023528,0.999678,0,0.38700,0.35249,23.220,0.705,-1,425.000,-1,400.000,-1,325.000,325.000,225.000,300.000,400.000,-1,-1,-1,875.000,850.000,-1,-1,2,0,2,0,2,0,0,1,0,1,2,2,2,0,0,2,2
119,-606.274,-3220.712,131.851,268.567,-0.024778,0.999378,0.025108,-0.999651,-0.024999,0.008512,0.009135,-0.024888,0.999649,0,0.38758,0.34707,23.255,0.694,-1,425.000,-1,400.000,-1,325.000,325.000,225.000,300.000,400.000,-1,-1,-1,875.000,850.000,-1,-1,2,0,2,0,2,0,0,1,0,1,2,2,2,0,0,2,2
120,-606.579,-3244.002,132.326,269.250,-0.012886,0.999598,0.025245,-0.999886,-0.013080,0.007534,0.007862,-0.025145,0.999653,0,0.38820,0.34161,23.292,0.683,-1,425.000,-1,400.000,-1,325.000,325.000,225.000,300.000,425.000,-1,-1,-1,850.000,850.000,-1,-1,2,0,2,0,2,0,0,1,0,1,2,2,2,0,0,2,2
121,-606.610,-3267.333,132.794,269.922,-0.001186,0.999677,0.025403,-0.999978,-0.001353,0.006556,0.006588,-0.025395,0.999656,0,0.38885,0.33609,23.331,0.672,-1,425.000,-1,425.000,-1,325.000,325.000,225.000,300.000,425.000,-1,-1,-1,850.000,850.000,-1,-1,2,0,2,0,2,0,0,1,0,1,2,2,2,0,0,2,2
122,-606.372,-3290.704,132.912,270.584,0.010333,0.999625,0.025345,-0.999930,0.010181,0.006109,0.005849,-0.025406,0.999660,0,0.38954,0.33052,23.373,0.661,-1,425.000,-1,425.000,-1,325.000,325.000,225.000,300.000,450.000,-1,-1,-1,850.000,850.000,-1,-1,2,0,2,0,2,0,0,1,0,1,2,2,2,0,0,2,2
123,-605.868,-3314.115,132.800,271.233,0.021645,0.999446,0.025292,-0.999754,0.021517,0.005334,0.004787,-0.025401,0.999666,0,0.39027,0.32490,23.416,0.650,-1,425.000,-1,425.000,-1,325.000,325.000,250.000,300.000,450.000,-1,-1,-1,850.000,825.000,-1,-1,2,0,2,0,2,0,0,1,0,1,2,2,2,0,0,2,2
124,-605.101,-3337.565,132.675,271.872,0.032757,0.999144,0.025282,-0.999456,0.032653,0.004538,0.003709,-0.025417,0.999670,0,0.39105,0.31923,23.463,0.638,-1,425.000,-1,400.000,-1,325.000,325.000,250.000,300.000,450.000,-1,-1,-1,850.000,825.000,-1,-1,2,0,2,0,2,0,0,1,0,1,2,2,2,0,0,2,2
125,-604.076,-3361.055,132.543,272.499,0.043666,0.998726,0.025299,-0.999043,0.043585,0.003736,0.002628,-0.025438,0.999673,0,0.39186,0.31351,23.512,0.627,-1,425.000,-1,400.000,-1,325.000,325.000,250.000,300.000,475.000,-1,-1,-1,850.000,825.000,-1,-1,2,0,2,0,2,0,0,1,0,1,2,2,2,0,0,2,2
126,-602.796,-3384.583,132.403,273.114,0.054367,0.998200,0.025335,-0.998520,0.054310,0.002931,0.001550,-0.025456,0.999675,0,0.39272,0.30773,23.563,0.615,-1,400.000,-1,400.000,-1,325.000,325.000,250.000,300.000,475.000,-1,-1,-1,850.000,825.000,-1,-1,2,0,2,0,2,0,0,1,0,1,2,2,2,0,0,2,2
127,-601.264,-3408.150,132.257,273.718,0.064860,0.997571,0.025390,-0.997894,0.064826,0.002125,0.000474,-0.025474,0.999675,0,0.39362,0.30190,23.617,0.604,-1,400.000,-1,400.000,-1,325.000,325.000,250.000,300.000,475.000,-1,-1,-1,825.000,825.000,-1,-1,2,0,2,0,2,0,0,1,0,1,2,2,2,0,0,2,2
128,-599.485,-3431.757,132.105,274.310,0.075140,0.996848,0.025463,-0.997173,0.075131,0.001318,-0.000599,-0.025490,0.999675,0,0.39457,0.29601,23.674,0.592,-1,400.000,-1,400.000,-1,325.000,325.000,250.000,300.000,500.000,-1,-1,-1,825.000,800.000,-1,-1,2,0,2,0,2,0,0,1,0,1,2,2,2,0,0,2,2
129,-597.462,-3455.405,131.945,274.890,0.085205,0.996036,0.025554,-0.996362,0.085220,0.000510,-0.001670,-0.025505,0.999673,0,0.39557,0.29007,23.734,0.580,-1,400.000,-1,400.000,-1,325.000,325.000,250.000,300.000,500.000,-1,-1,-1,825.000,800.000,-1,-1,2,0,2,0,2,0,0,1,0,1,2,2,2,0,0,2,2
130,-595.198,-3479.094,131.780,275.458,0.095053,0.995141,0.025663,-0.995468,0.095092,-0.000299,-0.002738,-0.025518,0.999671,0,0.39661,0.28407,23.797,0.568,-1,400.000,-1,400.000,-1,325.000,325.000,250.000,300.000,500.000,-1,-1,-1,825.000,800.000,-1,-1,2,0,2,0,2,0,0,1,0,1,2,2,2,0,0,2,2
131,-592.077,-3507.520,131.570,276.267,0.109049,0.993701,0.025813,-0.994028,0.109118,-0.001272,-0.004080,-0.025520,0.999666,0,0.47661,0.40407,28.597,0.808,-1,400.000,-1,400.000,-1,325.000,325.000,275.000,300.000,525.000,-1,-1,-1,825.000,800.000,-1,-1,2,0,2,0,2,0,0,1,0,1,2,2,2,0,0,2,2
132,-587.824,-3540.645,131.308,277.315,0.127172,0.991539,0.026023,-0.991864,0.127277,-0.002405,-0.005696,-0.025506,0.999658,0,0.55661,0.52407,33.397,1.048,-1,400.000,-1,400.000,-1,325.000,325.000,275.000,300.000,525.000,-1,-1,-1,800.000,800.000,-1,-1,2,0,2,0,2,0,0,1,0,1,2,2,2,0,0,2,2
133,-582.111,-3578.412,130.988,278.603,0.149388,0.988428,0.026317,-0.988749,0.149535,-0.003693,-0.007585,-0.025469,0.999647,0,0.63661,0.64407,38.197,1.288,-1,400.000,-1,400.000,-1,325.000,325.000,275.000,300.000,550.000,-1,-1,-1,800.000,775.000,-1,-1,2,0,2,0,2,0,0,1,0,1,2,2,2,0,0,2,2
134,-574.633,-3620.257,130.602,280.131,0.175647,0.984091,0.026716,-0.984405,0.175842,-0.005112,-0.009729,-0.025401,0.999630,0,0.70847,0.76407,42.508,1.528,-1,400.000,-1,400.000,-1,325.000,325.000,275.000,300.000,575.000,-1,-1,-1,800.000,775.000,-1,-1,2,0,2,0,2,0,0,1,0,1,2,2,2,0,0,2,2
135,-565.815,-3662.106,130.182,281.899,0.205877,0.978200,0.027208,-0.978504,0.206123,-0.006518,-0.011984,-0.025281,0.999609,0,0.71281,0.88407,42.768,1.768,-1,400.000,-1,400.000,-1,325.000,325.000,300.000,300.000,625.000,-1,-1,-1,775.000,775.000,-1,-1,2,0,2,0,2,0,0,1,0,1,2,2,2,0,0,2,2
136,-555.467,-3703.924,129.723,283.899,0.239838,0.970415,0.027808,-0.970707,0.240137,-0.007901,-0.014345,-0.025098,0.999582,0,0.71798,1.00000,43.079,2.000,-1,400.000,-1,400.000,-1,325.000,325.000,300.000,300.000,675.000,-1,-1,-1,775.000,750.000,-1,-1,2,0,2,0,2,0,0,0,0,1,2,2,2,0,0,2,2
137,-543.569,-3745.693,129.224,285.899,0.273506,0.961448,0.028506,-0.961725,0.273859,-0.009255,-0.016705,-0.024884,0.999551,0,0.72385,1.00000,43.431,2.000,-1,400.000,-1,400.000,-1,325.000,325.000,300.000,300.000,750.000,-1,-1,-1,775.000,750.000,-1,-1,2,0,2,0,2,0,0,0,0,1,2,2,2,0,0,2,2
