timestep,x_cm,y_cm,z_cm,yaw_deg,basis_xx,basis_xy,basis_xz,basis_yx,basis_yy,basis_yz,basis_zx,basis_zy,basis_zz,teleport_flag,throttle_cmd,steering_cmd,cmd_move_cm,cmd_turn_deg,lidar_cm_0,lidar_cm_1,lidar_cm_2,lidar_cm_3,lidar_cm_4,lidar_cm_5,lidar_cm_6,lidar_cm_7,lidar_cm_8,lidar_cm_9,lidar_cm_10,lidar_cm_11,lidar_cm_12,lidar_cm_13,lidar_cm_14,lidar_cm_15,lidar_cm_16,lidar_class_0,lidar_class_1,lidar_class_2,lidar_class_3,lidar_class_4,lidar_class_5,lidar_class_6,lidar_class_7,lidar_class_8,lidar_class_9,lidar_class_10,lidar_class_11,lidar_class_12,lidar_class_13,lidar_class_14,lidar_class_15,lidar_class_16
0,4123.711,2025.075,-533.736,-91.053,-0.018369,0.999214,-0.035134,-0.999831,-0.018339,0.001161,0.000516,0.035149,0.999382,0,-0.01767,0.39505,0.362,-0.029,-1,493.289,-1,547.550,978.216,460.999,475.964,474.246,412.601,-1,-1,-1,-1,-1,758.167,-1,962.718,2,0,2,0,0,0,0,0,0,2,2,2,2,2,0,2,0
1,4123.600,2025.362,-528.730,-91.075,-0.018756,0.999246,-0.033984,-0.999821,-0.018661,0.003116,0.002480,0.034037,0.999417,0,-0.01766,0.39505,0.307,-0.022,-1,505.992,-1,560.845,1007.386,472.763,487.597,484.547,426.780,-1,-1,-1,-1,-1,776.307,-1,992.620,2,0,2,0,0,0,0,0,0,2,2,2,2,2,0,2,0
2,4123.495,2025.647,-524.914,-91.091,-0.019034,0.999260,-0.033411,-0.999807,-0.018861,0.005497,0.004863,0.033509,0.999427,0,-0.01766,0.39505,0.304,-0.016,-1,517.405,-1,571.433,-1,483.061,497.680,492.991,437.356,-1,-1,-1,-1,-1,792.154,-1,-1,2,0,2,0,2,0,0,0,0,2,2,2,2,2,0,2,2
3,4123.408,2025.962,-522.384,-91.103,-0.019249,0.999272,-0.032930,-0.999789,-0.019002,0.007788,0.007157,0.033073,0.999427,0,-0.01766,0.39505,0.327,-0.012,-1,526.690,-1,579.680,-1,490.959,505.429,498.532,444.585,-1,-1,-1,-1,-1,804.523,-1,-1,2,0,2,0,2,0,0,0,0,2,2,2,2,2,0,2,2
4,4123.350,2026.307,-521.144,-91.114,-0.019436,0.999280,-0.032577,-0.999767,-0.019120,0.009980,0.009350,0.032763,0.999419,0,-0.01766,0.39505,0.350,-0.011,-1,533.127,-1,585.466,-1,496.412,510.793,501.223,448.394,-1,-1,-1,-1,-1,813.585,-1,-1,2,0,2,0,2,0,0,0,0,2,2,2,2,2,0,2,2
5,4123.320,2026.682,-521.191,-91.124,-0.019616,0.999284,-0.032345,-0.999742,-0.019234,0.012075,0.011445,0.032574,0.999404,0,-0.01766,0.39505,0.376,-0.010,-1,536.688,-1,588.769,-1,499.397,513.751,501.062,448.776,-1,-1,-1,-1,-1,819.294,-1,-1,2,0,2,0,2,0,0,0,0,2,2,2,2,2,0,2,2
6,4123.316,2027.084,-522.528,-91.135,-0.019805,0.999284,-0.032231,-0.999713,-0.019360,0.014079,0.013445,0.032500,0.999381,0,-0.01766,0.39505,0.402,-0.011,-1,537.346,-1,589.572,-1,499.896,514.285,498.042,445.734,-1,-1,-1,-1,-1,821.615,-1,-1,2,0,2,0,2,0,0,0,0,2,2,2,2,2,0,2,2
7,4123.322,2027.539,-525.092,-91.147,-0.020019,0.999294,-0.031780,-0.999688,-0.019531,0.015590,0.014958,0.032082,0.999373,0,-0.01766,0.39505,0.455,-0.012,-1,534.287,-1,587.595,-1,497.387,512.003,491.528,440.120,-1,-1,-1,-1,-1,820.018,-1,-1,2,0,2,0,2,0,0,0,0,2,2,2,2,2,0,2,2
8,4123.343,2028.135,-528.514,-91.165,-0.020335,0.999345,-0.029943,-0.999684,-0.019882,0.015371,0.014766,0.030246,0.999433,0,-0.01766,0.39505,0.597,-0.018,-1,525.671,-1,582.212,-1,490.709,506.040,480.602,434.428,-1,-1,-1,-1,-1,813.149,-1,-1,2,0,2,0,2,0,0,0,0,2,2,2,2,2,0,2,2
9,4123.433,2028.867,-532.215,-91.186,-0.020697,0.999378,-0.028545,-0.999701,-0.020314,0.013625,0.013037,0.028818,0.999500,0,-0.01766,0.39505,0.737,-0.021,-1,514.415,-1,573.946,-1,481.441,497.459,469.653,427.164,-1,-1,-1,-1,-1,801.349,-1,-1,2,0,2,0,2,0,0,0,0,2,2,2,2,2,0,2,2
10,4123.494,2029.778,-535.583,-91.204,-0.021016,0.999349,-0.029328,-0.999740,-0.020746,0.009505,0.008891,0.029520,0.999525,0,-0.01766,0.39505,0.913,-0.018,-1,501.728,-1,561.601,-1,469.835,486.032,462.760,417.069,-1,-1,-1,-1,-1,782.356,-1,-1,2,0,2,0,2,0,0,0,0,2,2,2,2,2,0,2,2
11,4123.391,2030.726,-538.003,-91.226,-0.021396,0.999298,-0.030742,-0.999761,-0.021250,0.005075,0.004419,0.030843,0.999514,0,-0.01766,0.39505,0.954,-0.022,-1,491.002,-1,549.691,996.796,459.812,476.075,459.060,408.481,-1,-1,-1,-1,-1,764.462,-1,978.260,2,0,2,0,0,0,0,0,0,2,2,2,2,2,0,2,0
12,4123.183,2031.587,-539.119,-91.254,-0.021880,0.999253,-0.031857,-0.999759,-0.021821,0.002220,0.001523,0.031898,0.999490,0,-0.01766,0.39505,0.886,-0.028,-1,485.313,-1,542.956,978.916,454.370,470.628,458.101,403.751,-1,-1,-1,-1,-1,754.409,-1,960.125,2,0,2,0,0,0,0,0,0,2,2,2,2,2,0,2,0
13,4122.951,2032.317,-538.947,-91.282,-0.022371,0.999217,-0.032632,-0.999749,-0.022333,0.001516,0.000786,0.032657,0.999466,0,-0.01766,0.39505,0.766,-0.028,-1,485.301,-1,542.100,975.277,454.100,470.161,459.854,402.863,-1,-1,-1,-1,-1,752.909,-1,956.923,2,0,2,0,0,0,0,0,0,2,2,2,2,2,0,2,0
14,4122.745,2032.756,-537.785,-91.299,-0.022672,0.999194,-0.033135,-0.999740,-0.022585,0.002994,0.002243,0.033195,0.999446,0,0.29871,0.63885,0.485,-0.017,-1,490.333,-1,546.462,984.451,458.419,474.111,463.717,404.986,-1,-1,-1,-1,-1,759.089,-1,967.050,2,0,2,0,0,0,0,0,0,2,2,2,2,2,0,2,0
15,4122.594,2032.707,-536.072,-91.302,-0.022715,0.999179,-0.033537,-0.999728,-0.022524,0.006074,0.005313,0.033666,0.999419,0,0.29869,0.63885,0.159,-0.002,-1,498.727,-1,554.227,1002.088,465.767,480.948,468.789,408.768,-1,-1,-1,-1,-1,770.352,-1,986.285,2,0,2,0,0,0,0,0,0,2,2,2,2,2,0,2,0
16,4122.490,2032.278,-534.246,-91.293,-0.022562,0.999171,-0.033897,-0.999709,-0.022260,0.009253,0.008491,0.034096,0.999382,0,0.29868,0.63885,0.442,0.009,-1,507.425,-1,562.321,-1,473.402,488.113,473.973,412.995,-1,-1,-1,-1,-1,782.269,-1,1006.603,2,0,2,0,2,0,0,0,0,2,2,2,2,2,0,2,0
17,4122.438,2031.524,-532.637,-91.271,-0.022180,0.999177,-0.033960,-0.999693,-0.021792,0.011752,0.011003,0.034210,0.999354,0,0.29867,0.63885,0.755,0.022,-1,514.412,-1,569.014,-1,479.619,494.111,478.004,417.136,-1,-1,-1,-1,-1,792.201,-1,-1,2,0,2,0,2,0,0,0,0,2,2,2,2,2,0,2,2
18,4122.465,2030.456,-531.426,-91.236,-0.021563,0.999211,-0.033355,-0.999685,-0.021121,0.013541,0.012826,0.033637,0.999352,0,0.29868,0.63885,1.069,0.035,-1,519.046,-1,573.574,-1,483.963,498.488,479.844,421.320,-1,-1,-1,-1,-1,799.627,-1,-1,2,0,2,0,2,0,0,0,0,2,2,2,2,2,0,2,2
19,4122.598,2029.076,-530.702,-91.186,-0.020704,0.999269,-0.032139,-0.999687,-0.020240,0.014701,0.014040,0.032433,0.999375,0,0.29869,0.63885,1.386,0.049,-1,521.354,-1,576.528,-1,486.349,501.152,479.372,425.259,-1,-1,-1,-1,-1,804.621,-1,-1,2,0,2,0,2,0,0,0,0,2,2,2,2,2,0,2,2
20,4122.845,2027.384,-530.474,-91.123,-0.019601,0.999339,-0.030629,-0.999700,-0.019138,0.015315,0.014719,0.030920,0.999413,0,0.29872,0.63885,1.710,0.063,-1,521.495,-1,577.867,-1,486.885,502.132,477.106,428.445,-1,-1,-1,-1,-1,807.113,-1,-1,2,0,2,0,2,0,0,0,0,2,2,2,2,2,0,2,2
21,4123.195,2025.379,-530.682,-91.046,-0.018246,0.999405,-0.029260,-0.999723,-0.017801,0.015423,0.014893,0.029533,0.999453,0,0.29877,0.63885,2.035,0.078,-1,519.705,-1,577.494,-1,485.779,501.510,473.907,430.331,-1,-1,-1,-1,-1,806.933,-1,-1,2,0,2,0,2,0,0,0,0,2,2,2,2,2,0,2,2
22,4123.623,2023.066,-531.218,-90.954,-0.016639,0.999456,-0.028460,-0.999756,-0.016217,0.015001,0.014531,0.028703,0.999482,0,0.29883,0.63885,2.353,0.092,-1,516.406,-1,575.318,-1,483.247,499.379,470.719,430.478,-1,-1,-1,-1,-1,803.885,-1,-1,2,0,2,0,2,0,0,0,0,2,2,2,2,2,0,2,2
23,4124.093,2020.450,-531.951,-90.847,-0.014774,0.999483,-0.028556,-0.999799,-0.014380,0.013972,0.013554,0.028757,0.999495,0,0.29890,0.63885,2.657,0.107,-1,511.952,-1,571.320,-1,479.488,495.838,468.364,428.695,-1,-1,-1,-1,-1,797.834,-1,-1,2,0,2,0,2,0,0,0,0,2,2,2,2,2,0,2,2
24,4124.572,2017.538,-532.760,-90.725,-0.012656,0.999480,-0.029656,-0.999848,-0.012294,0.012340,0.011969,0.029808,0.999484,0,0.29900,0.63885,2.951,0.121,-1,506.709,-1,565.682,-1,474.777,491.114,467.303,425.254,-1,-1,-1,-1,-1,789.055,-1,-1,2,0,2,0,2,0,0,0,0,2,2,2,2,2,0,2,2
25,4125.043,2014.332,-533.547,-90.591,-0.010306,0.999445,-0.031689,-0.999898,-0.009987,0.010190,0.009868,0.031790,0.999446,0,0.29910,0.63885,3.240,0.135,-1,501.040,-1,558.679,-1,469.442,485.541,467.677,420.426,-1,-1,-1,-1,-1,778.161,-1,1001.673,2,0,2,0,2,0,0,0,0,2,2,2,2,2,0,2,0
26,4125.485,2010.823,-534.221,-90.446,-0.007787,0.999374,-0.034511,-0.999941,-0.007519,0.007899,0.007635,0.034570,0.999373,0,0.32992,0.63322,3.537,0.144,-1,495.797,-1,551.255,988.278,464.188,479.831,469.530,414.721,-1,-1,-1,-1,-1,766.528,-1,979.267,2,0,2,0,0,0,0,0,0,2,2,2,2,2,0,2,0
27,4125.908,2006.976,-534.640,-90.293,-0.005118,0.999293,-0.037246,-0.999968,-0.004887,0.006309,0.006122,0.037277,0.999286,0,0.33005,0.63322,3.870,0.153,-1,492.085,-1,545.286,968.639,460.301,475.469,471.883,409.917,-1,-1,-1,-1,-1,757.142,-1,961.421,2,0,2,0,0,0,0,0,0,2,2,2,2,2,0,2,0
28,4126.392,2002.813,-534.729,-90.128,-0.002239,0.999230,-0.039169,-0.999982,-0.002017,0.005703,0.005620,0.039181,0.999216,0,0.33019,0.63322,4.192,0.165,-1,490.263,-1,541.611,956.193,458.168,473.037,473.751,407.296,-1,-1,-1,-1,-1,751.620,-1,950.764,2,0,2,0,0,0,0,0,0,2,2,2,2,2,0,2,0
29,4126.990,1998.364,-534.516,-89.945,0.000958,0.999190,-0.040223,-0.999982,0.001194,0.005835,0.005879,0.040217,0.999174,0,0.33033,0.63322,4.489,0.183,-1,489.722,-1,539.821,949.705,457.194,472.152,474.947,406.826,-1,-1,-1,-1,-1,749.262,-1,945.993,2,0,2,0,0,0,0,0,0,2,2,2,2,2,0,2,0
30,4127.740,1993.662,-534.088,-89.751,0.004348,0.999165,-0.040629,-0.999970,0.004607,0.006295,0.006477,0.040600,0.999154,0,0.33050,0.63322,4.761,0.194,-1,489.719,-1,539.080,946.735,456.483,472.093,475.537,407.919,-1,-1,-1,-1,-1,748.510,-1,944.612,2,0,2,0,0,0,0,0,0,2,2,2,2,2,0,2,0
31,4128.617,1988.760,-533.544,-89.553,0.007799,0.999149,-0.040492,-0.999944,0.008079,0.006769,0.007091,0.040437,0.999157,0,0.33069,0.63322,4.980,0.198,-1,489.619,-1,538.731,945.482,455.828,472.267,475.414,410.131,-1,-1,-1,-1,-1,748.373,-1,944.633,2,0,2,0,0,0,0,0,0,2,2,2,2,2,0,2,0
32,4129.583,1983.625,-532.960,-89.343,0.011461,0.999144,-0.039750,-0.999904,0.011763,0.007382,0.007843,0.039662,0.999182,0,0.33087,0.63322,5.225,0.210,-1,489.394,-1,538.815,946.219,455.214,472.696,474.328,413.407,-1,-1,-1,-1,-1,749.005,-1,946.394,2,0,2,0,0,0,0,0,0,2,2,2,2,2,0,2,0
33,4130.641,1978.237,-532.402,-89.118,0.015385,0.999139,-0.038531,-0.999843,0.015714,0.008249,0.008847,0.038398,0.999223,0,0.33107,0.63322,5.491,0.225,-1,489.129,-1,539.309,948.804,454.666,473.389,472.343,417.433,-1,-1,-1,-1,-1,750.416,-1,949.911,2,0,2,0,0,0,0,0,0,2,2,2,2,2,0,2,0
34,4131.821,1972.593,-531.930,-88.883,0.019500,0.999112,-0.037340,-0.999756,0.019872,0.009608,0.010342,0.037143,0.999256,0,0.33129,0.63322,5.766,0.236,-1,489.342,-1,540.237,952.649,454.463,474.497,470.137,421.355,-1,-1,-1,-1,-1,752.680,-1,955.164,2,0,2,0,0,0,0,0,0,2,2,2,2,2,0,2,0
35,4133.088,1966.710,-531.542,-88.639,0.023746,0.999058,-0.036328,-0.999642,0.024177,0.011453,0.012320,0.036043,0.999274,0,0.33152,0.63322,6.018,0.243,-1,490.129,-1,541.543,957.471,454.751,475.886,467.949,424.942,-1,-1,-1,-1,-1,756.177,-1,962.410,2,0,2,0,0,0,0,0,0,2,2,2,2,2,0,2,0
36,4134.401,1960.601,-531.187,-88.387,0.028150,0.998978,-0.035359,-0.999499,0.028641,0.013463,0.014462,0.034962,0.999284,0,0.33175,0.63322,6.248,0.252,-1,490.922,-1,542.929,962.925,455.540,476.936,465.676,428.487,-1,-1,-1,-1,-1,759.943,-1,970.731,2,0,2,0,0,0,0,0,0,2,2,2,2,2,0,2,0
37,4135.772,1954.294,-530.821,-88.126,0.032695,0.998870,-0.034498,-0.999330,0.033240,0.015350,0.016479,0.033973,0.999287,0,0.33199,0.63322,6.455,0.261,-1,490.898,-1,544.301,967.867,456.098,478.059,463.522,432.509,-1,-1,-1,-1,-1,763.290,-1,978.750,2,0,2,0,0,0,0,0,0,2,2,2,2,2,0,2,0
38,4137.195,1947.818,-530.405,-87.861,0.037324,0.998733,-0.033765,-0.999139,0.037909,0.016877,0.018136,0.033106,0.999287,0,0.33224,0.63322,6.630,0.265,-1,490.418,-1,545.211,971.016,456.192,478.016,461.605,436.581,-1,-1,-1,-1,-1,765.690,-1,985.959,2,0,2,0,0,0,0,0,0,2,2,2,2,2,0,2,0
39,4138.623,1941.307,-529.868,-87.601,0.041851,0.998576,-0.033093,-0.998945,0.042446,0.017504,0.018883,0.032326,0.999299,0,0.33248,0.63322,6.665,0.260,-1,488.891,-1,544.957,970.542,455.003,476.865,460.004,440.853,-1,-1,-1,-1,-1,765.991,-1,988.428,2,0,2,0,0,0,0,0,0,2,2,2,2,2,0,2,0
40,4140.005,1934.640,-529.179,-87.352,0.046182,0.998402,-0.032565,-0.998741,0.046788,0.018078,0.019572,0.031689,0.999306,0,0.52038,0.73380,6.809,0.249,-1,487.655,-1,544.782,969.927,453.821,475.868,458.866,445.280,-1,-1,-1,-1,-1,766.319,-1,990.817,2,0,2,0,0,0,0,0,0,2,2,2,2,2,0,2,0
41,4141.465,1927.550,-528.360,-87.088,0.050782,0.998172,-0.032767,-0.998484,0.051441,0.019583,0.021232,0.031723,0.999271,0,0.52067,0.73380,7.240,0.264,-1,488.068,-1,545.822,971.556,454.008,476.041,459.076,449.194,-1,-1,-1,-1,-1,768.613,-1,998.045,2,0,2,0,0,0,0,0,0,2,2,2,2,2,0,2,0
42,4143.052,1920.018,-527.455,-86.801,0.055789,0.997890,-0.033205,-0.998162,0.056531,0.021838,0.023669,0.031926,0.999210,0,0.52097,0.73380,7.697,0.288,-1,489.275,-1,547.942,975.892,455.137,477.104,459.738,453.276,-1,-1,-1,-1,-1,772.537,-1,-1,2,0,2,0,0,0,0,0,0,2,2,2,2,2,0,2,2
43,4144.811,1912.068,-526.510,-86.487,0.061259,0.997572,-0.033124,-0.997774,0.062080,0.024361,0.026358,0.031557,0.999154,0,0.52132,0.73380,8.142,0.314,-1,490.391,-1,550.336,982.720,456.344,478.407,459.518,458.544,-1,-1,-1,-1,-1,777.885,-1,-1,2,0,2,0,0,0,0,0,0,2,2,2,2,2,0,2,2
44,4147.133,1902.046,-525.380,-86.088,0.068200,0.997170,-0.031630,-0.997236,0.069074,0.027388,0.029495,0.029675,0.999124,0,0.52174,0.73380,10.287,0.399,-1,490.688,-1,553.478,995.281,457.234,479.814,456.794,467.376,-1,-1,-1,-1,-1,785.179,-1,-1,2,0,2,0,0,0,0,0,0,2,2,2,2,2,0,2,2
45,4148.824,1895.150,-524.675,-85.826,0.072743,0.996899,-0.030023,-0.996855,0.073622,0.029310,0.031430,0.027796,0.999119,0,0.52227,0.73380,7.100,0.261,-1,490.286,-1,555.869,1007.211,457.633,480.874,453.729,474.263,-1,-1,-1,-1,-1,790.024,-1,-1,2,0,2,0,0,0,0,0,0,2,2,2,2,2,0,2,2
46,4151.013,1886.339,-523.865,-85.523,0.078021,0.996579,-0.027247,-0.996386,0.078868,0.031544,0.033585,0.024688,0.999131,0,0.52258,0.73380,9.079,0.304,-1,489.029,-1,558.653,-1,457.705,482.170,448.240,484.049,-1,-1,-1,-1,-1,795.860,-1,-1,2,0,2,0,2,0,0,0,0,2,2,2,2,2,0,2,2
47,4153.340,1877.229,-523.162,-85.207,0.083507,0.996196,-0.024888,-0.995857,0.084329,0.034018,0.035987,0.021945,0.999111,0,0.52284,0.73380,9.403,0.316,-1,487.906,-1,561.366,-1,457.808,483.439,442.989,493.134,-1,-1,-1,-1,-1,800.681,-1,-1,2,0,2,0,2,0,0,0,0,2,2,2,2,2,0,2,2
48,4155.730,1867.692,-522.529,-84.881,0.089159,0.995728,-0.023994,-0.995227,0.090022,0.037686,0.039685,0.020520,0.999002,0,0.52312,0.73380,9.831,0.326,-1,488.919,-1,565.088,-1,459.573,486.052,439.611,500.069,-1,-1,-1,-1,-1,801.656,-1,-1,2,0,2,0,2,0,0,0,0,2,2,2,2,2,0,2,2
49,4157.979,1857.659,-521.886,-84.581,0.094343,0.995260,-0.023590,-0.994548,0.095280,0.042379,0.044426,0.019464,0.998823,0,0.52338,0.73380,10.282,0.300,-1,491.640,-1,569.807,-1,462.871,489.235,436.643,506.575,-1,-1,-1,-1,-1,804.747,-1,-1,2,0,2,0,2,0,0,0,0,2,2,2,2,2,0,2,2
50,4160.069,1847.182,-521.180,-84.333,0.098626,0.994852,-0.023279,-0.993919,0.099631,0.046887,0.048965,0.018513,0.998629,0,0.52347,0.73380,10.684,0.248,-1,494.476,-1,574.241,-1,466.153,492.121,433.604,513.019,-1,-1,-1,-1,-1,807.979,-1,-1,2,0,2,0,2,0,0,0,0,2,2,2,2,2,0,2,2
51,4162.150,1836.398,-520.363,-84.108,0.102521,0.994460,-0.023219,-0.993364,0.103575,0.050005,0.052133,0.017938,0.998479,0,0.52327,0.73380,10.983,0.225,-1,495.667,-1,576.717,-1,467.784,493.182,431.064,519.000,-1,-1,-1,-1,-1,809.349,-1,-1,2,0,2,0,2,0,0,0,0,2,2,2,2,2,0,2,2
52,4164.320,1825.325,-519.515,-83.876,0.106531,0.994033,-0.023445,-0.992842,0.107624,0.051792,0.054006,0.017760,0.998383,0,0.52294,0.73380,11.283,0.232,-1,524.795,-1,576.145,-1,465.659,490.485,428.980,524.430,-1,-1,-1,-1,-1,806.485,-1,-1,2,0,2,0,2,0,0,0,0,2,2,2,2,2,0,2,2
53,4166.583,1814.011,-518.675,-83.626,0.110854,0.993546,-0.024026,-0.992316,0.111989,0.052598,0.054949,0.018011,0.998327,0,0.52259,0.73380,11.538,0.250,-1,1004.188,-1,573.740,-1,461.415,486.453,427.406,529.052,-1,-1,-1,-1,-1,800.215,-1,-1,2,0,2,0,2,0,0,0,0,2,2,2,2,2,0,2,2
54,4168.909,1802.347,-517.856,-83.367,0.115321,0.993012,-0.025051,-0.991748,0.116523,0.053467,0.056012,0.018678,0.998255,0,0.52229,0.73380,11.894,0.258,-1,-1,-1,571.116,-1,457.118,482.281,426.304,532.972,-1,-1,-1,-1,-1,886.515,-1,-1,2,2,2,0,2,0,0,0,0,2,2,2,2,2,0,2,2
55,4171.219,1790.276,-517.104,-83.139,0.119267,0.992500,-0.026803,-0.991171,0.120595,0.055109,0.057928,0.019994,0.998121,0,0.52198,0.73380,12.290,0.229,-1,-1,-1,569.241,-1,453.609,478.824,425.805,535.283,-1,-1,-1,-1,-1,890.618,-1,-1,2,2,2,0,2,0,0,0,0,2,2,2,2,2,0,2,2
56,4173.437,1777.821,-516.403,-82.949,0.122527,0.992070,-0.028011,-0.990650,0.123961,0.056984,0.060004,0.020767,0.997982,0,0.52149,0.73380,12.651,0.189,-1,-1,-1,567.652,-1,450.098,475.519,424.051,538.362,-1,-1,-1,-1,-1,1000.447,-1,-1,2,2,2,0,2,0,0,0,0,2,2,2,2,2,0,2,2
57,4175.652,1764.939,-515.864,-82.783,0.125387,0.991673,-0.029372,-0.990145,0.126945,0.059144,0.062380,0.021666,0.997817,0,0.52077,0.73380,13.072,0.166,-1,-1,-1,565.087,-1,446.541,472.167,421.848,540.851,-1,-1,-1,-1,-1,-1,-1,-1,2,2,2,0,2,0,0,0,0,2,2,2,2,2,2,2,2
58,4177.833,1751.631,-515.505,-82.632,0.127965,0.991288,-0.031187,-0.989639,0.129691,0.061601,0.065109,0.022981,0.997613,0,0.51990,0.73380,13.485,0.151,-1,-1,-1,559.708,-1,442.988,468.752,419.633,542.202,-1,-1,-1,-1,-1,-1,-1,-1,2,2,2,0,2,0,0,0,0,2,2,2,2,2,2,2,2
59,4179.960,1737.948,-515.255,-82.502,0.130190,0.990928,-0.033350,-0.989178,0.132108,0.063830,0.067657,0.024679,0.997403,0,0.51890,0.73380,13.847,0.130,-1,-1,-1,553.602,-1,439.000,464.817,417.445,542.780,-1,-1,-1,-1,-1,-1,-1,-1,2,2,2,0,2,0,0,0,0,2,2,2,2,2,2,2,2
60,4182.042,1723.985,-515.010,-82.400,0.131939,0.990611,-0.035800,-0.988832,0.134055,0.065119,0.069306,0.026809,0.997235,0,0.51776,0.73380,14.118,0.102,-1,-1,-1,546.056,-1,434.026,775.264,415.548,542.527,-1,-1,-1,-1,-1,-1,-1,-1,2,2,2,0,2,0,0,0,0,2,2,2,2,2,2,2,2
61,4184.055,1710.152,-514.712,-82.314,0.133428,0.990291,-0.038997,-0.988632,0.135750,0.064642,0.069309,0.029928,0.997146,0,-0.03100,0.85691,13.978,0.086,-1,-1,-1,536.169,-1,830.111,777.947,415.141,540.375,-1,-1,-1,-1,-1,-1,-1,-1,2,2,2,0,2,0,0,0,0,2,2,2,2,2,2,2,2
62,4186.418,1696.867,-514.504,-82.118,0.136827,0.989600,-0.044391,-0.988290,0.139427,0.061992,0.067537,0.035389,0.997089,0,-0.03091,0.85691,13.494,0.196,-1,-1,-1,522.736,-1,827.886,774.982,418.691,533.406,-1,-1,-1,-1,-1,-1,-1,-1,2,2,2,0,2,0,0,0,0,2,2,2,2,2,2,2,2
63,4189.336,1684.227,-514.489,-81.749,0.143208,0.988306,-0.052373,-0.987602,0.146143,0.057318,0.064301,0.043515,0.996981,0,-0.03087,0.85691,12.972,0.368,-1,-1,-1,505.881,985.756,821.360,767.832,427.056,520.852,-1,-1,-1,-1,-1,-1,-1,-1,2,2,2,0,0,0,0,0,0,2,2,2,2,2,2,2,2
64,4192.402,1672.176,-514.473,-81.312,0.150784,0.986695,-0.060807,-0.986769,0.153933,0.050917,0.059599,0.052325,0.996850,0,-0.03086,0.85691,12.435,0.437,-1,-1,-1,487.438,900.491,811.086,756.656,437.420,507.850,-1,-1,-1,-1,-1,-1,-1,-1,2,2,2,0,0,0,0,0,0,2,2,2,2,2,2,2,2
65,4195.945,1660.849,-514.370,-80.724,0.160960,0.984332,-0.071989,-0.985493,0.164269,0.042651,0.053808,0.064080,0.996493,0,-0.03089,0.85691,11.868,0.588,-1,-1,-1,466.679,809.714,798.930,743.436,454.857,490.280,-1,-1,-1,-1,-1,-1,-1,-1,2,2,2,0,0,0,0,0,0,2,2,2,2,2,2,2,2
66,4199.756,1650.208,-514.197,-80.114,0.171506,0.981461,-0.085557,-0.984078,0.174778,0.032290,0.046645,0.078657,0.995810,0,-0.03095,0.85691,11.303,0.610,-1,-1,-1,443.898,722.741,783.773,726.621,479.558,467.696,-1,-1,-1,-1,-1,-1,-1,-1,2,2,2,0,0,0,0,0,0,2,2,2,2,2,2,2,2
67,4203.303,1639.995,-513.952,-79.564,0.181006,0.978556,-0.098312,-0.982747,0.183828,0.020367,0.038002,0.092929,0.994947,0,-0.03103,0.85691,10.811,0.550,-1,1000.795,-1,421.274,643.201,764.115,705.644,505.743,446.798,-1,-1,-1,-1,-1,-1,-1,-1,2,0,2,0,0,0,0,0,0,2,2,2,2,2,2,2,2
68,4206.622,1630.393,-513.570,-79.036,0.190121,0.975556,-0.110205,-0.981383,0.191961,0.006238,0.027240,0.106967,0.993889,0,-0.03109,0.85691,10.159,0.528,-1,978.409,-1,398.259,572.263,739.638,352.598,534.235,427.439,-1,-1,-1,-1,-1,-1,-1,583.806,2,0,2,0,0,0,0,0,0,2,2,2,2,2,2,2,0
69,4209.786,1621.424,-512.988,-78.508,0.199211,0.972229,-0.122823,-0.979837,0.199572,-0.009484,0.015292,0.122236,0.992383,0,-0.03115,0.85691,9.511,0.528,-1,955.191,-1,375.502,506.201,714.150,335.294,570.791,407.806,-1,-1,-1,-1,-1,988.806,-1,526.745,2,0,2,0,0,0,0,0,0,2,2,2,2,2,0,2,0
70,4212.763,1612.872,-511.944,-78.008,0.207775,0.968877,-0.134562,-0.978162,0.206560,-0.023081,0.005433,0.136419,0.990636,0,-0.03122,0.85691,9.055,0.500,-1,939.301,-1,357.048,454.552,696.344,321.326,610.995,391.457,-1,-1,-1,-1,-1,952.908,-1,481.673,2,0,2,0,0,0,0,0,0,2,2,2,2,2,0,2,0
71,4215.774,1604.941,-510.094,-77.545,0.215679,0.965884,-0.143357,-0.976464,0.213391,-0.031334,0.000326,0.146741,0.989175,0,-0.03128,0.85691,8.484,0.463,-1,936.078,-1,346.074,426.892,692.225,313.444,645.080,382.487,-1,-1,-1,-1,-1,935.536,-1,455.065,2,0,2,0,0,0,0,0,0,2,2,2,2,2,0,2,0
72,4218.911,1597.622,-507.649,-77.115,0.222995,0.963419,-0.148651,-0.974820,0.220340,-0.034307,-0.000299,0.152558,0.988294,0,-0.03134,0.85691,7.963,0.430,-1,943.185,-1,607.891,418.416,699.752,310.908,670.326,378.576,-1,-1,-1,-1,-1,938.110,-1,443.938,2,0,2,0,0,0,0,0,0,2,2,2,2,2,0,2,0
73,4222.127,1590.877,-505.062,-76.714,0.229807,0.961487,-0.150772,-0.973234,0.227380,-0.033380,0.002188,0.154408,0.988005,0,-0.19045,1.00000,7.472,0.401,-1,956.060,-1,626.203,422.920,714.503,311.836,684.728,379.909,-1,-1,-1,-1,-1,955.665,-1,443.241,2,0,2,0,0,0,0,0,0,2,2,2,2,2,0,2,0
74,4225.189,1584.656,-502.768,-76.375,0.235564,0.960234,-0.149867,-0.971838,0.233746,-0.029883,0.006337,0.152686,0.988254,0,-0.19076,1.00000,6.934,0.339,-1,968.795,-1,649.726,435.783,730.957,661.497,686.978,385.109,-1,-1,-1,-1,-1,980.824,-1,449.165,2,0,2,0,0,0,0,0,0,2,2,2,2,2,0,2,0
75,4228.065,1578.873,-501.103,-76.127,0.239753,0.959599,-0.147267,-0.970765,0.238767,-0.024602,0.011554,0.148860,0.988791,0,-0.19099,1.00000,6.460,0.248,-1,981.654,-1,673.701,454.347,747.204,681.049,679.211,391.875,-1,-1,-1,-1,-1,1007.417,-1,458.744,2,0,2,0,0,0,0,0,0,2,2,2,2,2,0,2,0
76,4230.759,1573.502,-500.280,-75.970,0.242396,0.959349,-0.144549,-0.970021,0.242329,-0.018339,0.017435,0.144661,0.989328,0,-0.19110,1.00000,6.008,0.157,-1,992.712,-1,693.696,473.595,760.374,699.278,666.892,397.749,-1,-1,-1,-1,-1,-1,-1,-1,2,0,2,0,0,0,0,0,0,2,2,2,2,2,2,2,2
77,4233.375,1568.626,-500.345,-75.851,0.244381,0.959136,-0.142604,-0.969398,0.245195,-0.012111,0.023350,0.141200,0.989706,0,-0.19109,1.00000,5.534,0.119,-1,1002.669,-1,711.010,483.859,772.177,712.919,654.272,401.157,-1,-1,-1,-1,-1,-1,-1,-1,2,0,2,0,0,0,0,0,0,2,2,2,2,2,2,2,2
78,4235.982,1564.283,-501.185,-75.734,0.246320,0.958789,-0.141596,-0.968754,0.247940,-0.006363,0.029007,0.138739,0.989904,0,-0.19104,1.00000,5.066,0.117,-1,-1,-1,725.737,489.525,782.213,724.398,642.449,401.873,-1,-1,-1,-1,-1,-1,-1,-1,2,2,2,0,0,0,0,0,0,2,2,2,2,2,2,2,2
79,4238.521,1560.491,-502.570,-75.605,0.248463,0.958353,-0.140806,-0.968036,0.250810,-0.001114,0.034248,0.136582,0.990037,0,-0.19102,1.00000,4.564,0.129,-1,-1,-1,738.455,493.071,790.399,733.621,630.177,401.160,-1,-1,-1,-1,-1,-1,-1,-1,2,2,2,0,0,0,0,0,0,2,2,2,2,2,2,2,2
80,4240.872,1557.254,-504.202,-75.466,0.250760,0.957982,-0.139249,-0.967265,0.253740,0.003786,0.038960,0.133741,0.990250,0,-0.19104,1.00000,4.001,0.139,-1,-1,-1,750.088,496.529,796.783,741.021,615.630,400.861,-1,-1,-1,-1,-1,-1,-1,-1,2,2,2,0,0,0,0,0,0,2,2,2,2,2,2,2,2
81,4243.014,1554.574,-505.807,-75.344,0.252777,0.957791,-0.136896,-0.966552,0.256325,0.008646,0.043371,0.130132,0.990548,0,-0.19110,1.00000,3.430,0.122,-1,-1,-1,759.943,501.522,802.500,748.039,599.476,401.710,-1,-1,-1,-1,-1,-1,-1,-1,2,2,2,0,0,0,0,0,0,2,2,2,2,2,2,2,2
82,4244.944,1552.433,-507.189,-75.242,0.254442,0.957751,-0.134060,-0.965909,0.258521,0.013660,0.047741,0.126014,0.990879,0,-0.19116,1.00000,2.883,0.102,-1,-1,-1,770.230,508.874,808.711,755.719,583.245,403.800,-1,-1,-1,-1,-1,-1,-1,-1,2,2,2,0,0,0,0,0,0,2,2,2,2,2,2,2,2
83,4246.762,1550.417,-508.227,-75.141,0.256085,0.957677,-0.131434,-0.965185,0.260815,0.019833,0.053274,0.121779,0.991126,0,0.37970,1.00000,2.714,0.102,-1,-1,-1,784.513,521.733,818.790,767.328,568.203,406.896,-1,-1,-1,-1,-1,-1,-1,-1,2,2,2,0,0,0,0,0,0,2,2,2,2,2,2,2,2
84,4248.712,1548.043,-508.880,-75.007,0.258224,0.957314,-0.129885,-0.964175,0.263824,0.027630,0.060718,0.118097,0.991144,0,0.37982,1.00000,3.072,0.134,-1,-1,-1,804.728,542.356,835.102,785.146,556.134,410.162,-1,-1,-1,-1,-1,-1,-1,-1,2,2,2,0,0,0,0,0,0,2,2,2,2,2,2,2,2
85,4250.777,1545.375,-509.124,-74.853,0.260664,0.956784,-0.128913,-0.962953,0.267226,0.036229,0.069112,0.114693,0.990994,0,0.38001,1.00000,3.374,0.154,-1,-1,-1,829.148,666.211,853.731,805.306,546.600,413.963,-1,-1,-1,-1,-1,-1,-1,-1,2,2,2,0,0,0,0,0,0,2,2,2,2,2,2,2,2
86,4252.911,1542.441,-508.958,-74.688,0.263279,0.956243,-0.127603,-0.961576,0.270786,0.045250,0.077823,0.110786,0.990793,0,0.38022,1.00000,3.627,0.166,-1,-1,-1,856.360,766.155,874.261,827.493,537.345,419.316,-1,-1,-1,-1,-1,-1,-1,-1,2,2,2,0,0,0,0,0,0,2,2,2,2,2,2,2,2
87,4255.114,1539.287,-508.405,-74.502,0.266207,0.955730,-0.125357,-0.960044,0.274531,0.054302,0.086313,0.105893,0.990624,0,0.38045,1.00000,3.847,0.186,-1,-1,-1,883.573,806.492,895.524,851.170,527.099,426.619,-1,-1,-1,-1,-1,-1,-1,-1,2,2,2,0,0,0,0,0,0,2,2,2,2,2,2,2,2
88,4257.442,1535.951,-507.518,-74.289,0.269572,0.955200,-0.122166,-0.958350,0.278533,0.063118,0.094317,0.100063,0.990501,0,0.38071,1.00000,4.068,0.213,-1,-1,-1,912.360,859.980,916.160,875.553,515.936,433.896,-1,-1,-1,969.744,-1,-1,-1,-1,2,2,2,0,0,0,0,0,0,2,2,2,0,2,2,2,2
89,4259.953,1532.433,-506.389,-74.055,0.273280,0.954625,-0.118358,-0.956520,0.282714,0.071715,0.101922,0.093614,0.990378,0,0.38105,1.00000,4.322,0.234,-1,-1,-1,942.238,913.891,935.970,900.293,504.403,442.451,-1,892.468,-1,941.428,-1,-1,-1,-1,2,2,2,0,0,0,0,0,0,2,0,2,0,2,2,2,2
90,4262.673,1528.717,-505.132,-73.803,0.277269,0.953973,-0.114265,-0.954551,0.287047,0.080229,0.109336,0.086827,0.990205,0,0.38142,1.00000,4.605,0.252,-1,-1,-1,971.898,973.626,954.982,923.733,492.842,451.753,-1,752.319,962.042,920.556,-1,-1,-1,-1,2,2,2,0,0,0,0,0,0,2,0,0,0,2,2,2,2
91,4265.589,1524.824,-503.774,-73.535,0.281526,0.953137,-0.110779,-0.952526,0.291543,0.087737,0.115922,0.080820,0.989965,0,0.38184,1.00000,4.865,0.268,-1,-1,-1,998.817,-1,972.573,945.277,483.582,460.225,-1,681.257,708.920,901.567,-1,-1,-1,-1,2,2,2,0,2,0,0,0,0,2,0,0,0,2,2,2,2
92,4268.484,1520.697,-502.335,-73.268,0.285776,0.952191,-0.108000,-0.950619,0.295918,0.093570,0.121056,0.075927,0.989738,0,0.38228,1.00000,5.041,0.266,-1,-1,-1,-1,-1,986.962,962.315,476.939,467.303,-1,637.654,638.617,889.895,-1,-1,-1,-1,2,2,2,2,2,0,0,0,0,2,0,0,0,2,2,2,2
93,4271.359,1516.423,-500.911,-72.997,0.290145,0.951014,-0.106715,-0.948827,0.300406,0.097384,0.124672,0.072999,0.989509,0,0.38270,1.00000,5.151,0.271,-1,-1,-1,-1,-1,996.944,975.057,474.358,471.486,-1,619.269,614.928,876.108,-1,-1,-1,-1,2,2,2,2,2,0,0,0,0,2,0,0,0,2,2,2,2
94,4274.253,1511.977,-499.619,-72.708,0.294835,0.949495,-0.107385,-0.947055,0.305313,0.099346,0.127115,0.072408,0.989242,0,0.38312,1.00000,5.305,0.289,-1,-1,-1,-1,-1,1002.922,984.146,476.269,471.856,-1,611.666,603.056,865.006,-1,-1,-1,-1,2,2,2,2,2,0,0,0,0,2,0,0,0,2,2,2,2
95,4277.108,1507.288,-498.561,-72.413,0.299643,0.947750,-0.109469,-0.945316,0.310430,0.100057,0.128811,0.073502,0.988941,0,0.38357,1.00000,5.489,0.295,-1,-1,-1,-1,-1,1006.731,990.294,480.955,469.174,-1,609.365,594.052,847.338,-1,-1,-1,-1,2,2,2,2,2,0,0,0,0,2,0,0,0,2,2,2,2
96,4279.952,1502.384,-497.801,-72.115,0.304504,0.945833,-0.112592,-0.943622,0.315659,0.099682,0.129824,0.075891,0.988629,0,0.38401,1.00000,5.669,0.297,-1,-1,-1,-1,-1,-1,993.516,487.467,463.943,-1,610.819,584.320,823.914,-1,-1,-1,-1,2,2,2,2,2,2,0,0,0,2,0,0,0,2,2,2,2
97,4282.802,1497.336,-497.352,-71.820,0.309363,0.943819,-0.116194,-0.942016,0.320866,0.098235,0.129999,0.079066,0.988357,0,0.38445,1.00000,5.797,0.296,-1,-1,-1,-1,-1,1007.193,993.368,494.718,457.299,-1,616.692,584.701,800.815,-1,-1,-1,-1,2,2,2,2,2,0,0,0,0,2,0,0,0,2,2,2,2
98,4285.763,1492.123,-497.206,-71.509,0.314474,0.941618,-0.120255,-0.940377,0.326315,0.095962,0.129601,0.082907,0.988094,0,0.38486,1.00000,5.995,0.310,-1,-1,-1,-1,-1,1003.974,990.665,502.636,449.152,-1,625.084,586.919,777.964,-1,-1,-1,-1,2,2,2,2,2,0,0,0,0,2,0,0,0,2,2,2,2
99,4288.910,1486.708,-497.356,-71.177,0.319944,0.939195,-0.124692,-0.938620,0.332122,0.093207,0.128952,0.087217,0.987808,0,0.38530,1.00000,6.264,0.332,-1,-1,-1,-1,-1,999.694,986.426,510.920,439.785,-1,633.525,588.198,757.974,-1,-1,-1,-1,2,2,2,2,2,0,0,0,0,2,0,0,0,2,2,2,2
100,4292.256,1481.128,-497.761,-70.820,0.325836,0.936564,-0.129143,-0.936729,0.338298,0.089959,0.127942,0.091660,0.987537,0,0.38784,1.00000,6.506,0.357,-1,-1,-1,-1,-1,993.877,980.481,518.959,429.759,-1,643.130,590.198,744.439,-1,-1,-1,-1,2,2,2,2,2,0,0,0,0,2,0,0,0,2,2,2,2
101,4295.804,1475.377,-498.362,-70.450,0.331939,0.933820,-0.133403,-0.934766,0.344611,0.086351,0.126609,0.096037,0.987293,0,0.38839,1.00000,6.757,0.370,-1,-1,-1,-1,-1,986.760,973.123,526.359,419.515,-1,653.967,593.258,733.546,-1,-1,-1,-1,2,2,2,2,2,0,0,0,0,2,0,0,0,2,2,2,2
102,4299.602,1469.498,-499.092,-70.066,0.338244,0.930877,-0.138056,-0.932686,0.351134,0.082478,0.125253,0.100865,0.986984,0,0.38895,1.00000,6.998,0.383,-1,-1,-1,-1,-1,979.370,964.092,534.686,408.601,-1,664.510,594.934,720.862,-1,-1,-1,-1,2,2,2,2,2,0,0,0,0,2,0,0,0,2,2,2,2
103,4303.492,1463.451,-499.788,-69.669,0.344753,0.927741,-0.142977,-0.930433,0.357894,0.078776,0.124254,0.105872,0.986586,0,0.38954,1.00000,7.191,0.398,-1,-1,-1,1006.715,-1,972.973,955.925,543.311,397.356,-1,672.741,593.334,705.326,-1,-1,-1,-1,2,2,2,0,2,0,0,0,0,2,0,0,0,2,2,2,2
104,4307.456,1457.222,-500.303,-69.264,0.351344,0.924481,-0.147958,-0.928033,0.364772,0.075468,0.123739,0.110795,0.986110,0,0.39016,1.00000,7.382,0.405,-1,-1,-1,999.212,-1,968.121,948.871,553.012,386.539,-1,678.422,588.805,690.337,-1,-1,-1,-1,2,2,2,0,2,0,0,0,0,2,0,0,0,2,2,2,2
105,4311.559,1450.865,-500.403,-68.849,0.358027,0.921221,-0.152209,-0.925383,0.371811,0.073637,0.124429,0.114488,0.985601,0,0.39078,1.00000,7.567,0.415,-1,-1,-1,996.973,-1,966.642,945.708,561.833,378.003,-1,676.213,577.449,678.859,-1,-1,-1,-1,2,2,2,0,2,0,0,0,0,2,0,0,0,2,2,2,2
106,4316.021,1444.823,-499.900,-68.410,0.365029,0.917932,-0.155417,-0.922434,0.379185,0.073040,0.125977,0.116701,0.985145,0,0.39141,1.00000,7.511,0.439,-1,-1,-1,999.424,-1,968.229,946.043,569.224,372.382,-1,670.724,564.137,673.168,-1,-1,-1,-1,2,2,2,0,2,0,0,0,0,2,0,0,0,2,2,2,2
107,4320.627,1439.188,-498.774,-67.982,0.371821,0.915121,-0.155894,-0.919454,0.386180,0.073953,0.127879,0.115840,0.985002,0,0.39214,1.00000,7.278,0.428,-1,-1,-1,1005.632,-1,971.506,949.061,570.185,371.449,-1,665.377,551.338,677.655,-1,-1,-1,-1,2,2,2,0,2,0,0,0,0,2,0,0,0,2,2,2,2
108,4325.200,1433.672,-497.181,-67.582,0.378085,0.912814,-0.154346,-0.916502,0.392594,0.076772,0.130674,0.112432,0.985030,0,0.39287,1.00000,7.165,0.400,-1,-1,-1,-1,-1,977.588,955.737,565.506,374.289,-1,653.910,544.587,688.402,-1,-1,-1,-1,2,2,2,2,2,0,0,0,0,2,0,0,0,2,2,2,2
109,4329.843,1428.061,-495.308,-67.193,0.384080,0.910572,-0.152780,-0.913363,0.398920,0.081431,0.135096,0.108267,0.984900,0,0.39353,1.00000,7.283,0.390,-1,-1,-1,-1,-1,987.913,965.989,559.942,378.785,-1,623.072,529.339,697.284,-1,-1,-1,-1,2,2,2,2,2,0,0,0,0,2,0,0,0,2,2,2,2
110,4334.691,1422.360,-493.402,-66.794,0.390119,0.908049,-0.152491,-0.909943,0.405527,0.086905,0.140754,0.104855,0.984476,0,0.39414,1.00000,7.484,0.399,-1,-1,-1,-1,-1,1001.996,979.010,556.902,382.702,-1,594.652,507.004,700.186,-1,-1,-1,-1,2,2,2,2,2,0,0,0,0,2,0,0,0,2,2,2,2
111,4339.640,1416.609,-491.617,-66.382,0.396330,0.905332,-0.152632,-0.906389,0.412304,0.092005,0.146225,0.101879,0.983991,0,0.39477,1.00000,7.587,0.412,-1,-1,-1,-1,-1,-1,991.547,554.693,385.895,-1,571.322,486.942,701.950,-1,-1,-1,-1,2,2,2,2,2,2,0,0,0,2,0,0,0,2,2,2,2
112,4344.709,1410.799,-490.073,-65.951,0.402835,0.902326,-0.153402,-0.902722,0.419351,0.096114,0.151055,0.099762,0.983478,0,0.39542,1.00000,7.710,0.431,-1,-1,-1,-1,-1,-1,1002.205,553.974,387.626,-1,549.783,473.389,702.396,-1,-1,-1,-1,2,2,2,2,2,2,0,0,0,2,0,0,0,2,2,2,2
113,4349.913,1404.926,-488.819,-65.500,0.409665,0.898973,-0.154992,-0.898918,0.426741,0.099190,0.155311,0.098690,0.982924,0,0.39613,1.00000,7.847,0.452,-1,-1,-1,-1,-1,-1,-1,555.097,387.582,-1,533.782,461.189,701.130,-1,-1,-1,-1,2,2,2,2,2,2,2,0,0,2,0,0,0,2,2,2,2
114,4355.273,1399.138,-487.782,-65.031,0.416757,0.895343,-0.157079,-0.895020,0.434375,0.101278,0.158909,0.098381,0.982379,0,0.39689,1.00000,7.889,0.468,-1,-1,-1,-1,-1,-1,-1,557.554,386.277,-1,522.224,451.106,699.083,-1,-1,-1,-1,2,2,2,2,2,2,2,0,0,2,0,0,0,2,2,2,2
115,4360.729,1393.440,-486.875,-64.558,0.423920,0.891633,-0.159003,-0.891089,0.442010,0.102896,0.162027,0.098066,0.981901,0,0.39770,1.00000,7.889,0.473,-1,-1,-1,-1,-1,-1,-1,559.518,384.652,-1,512.707,442.847,697.894,-1,-1,-1,-1,2,2,2,2,2,2,2,0,0,2,0,0,0,2,2,2,2
116,4366.139,1387.662,-485.991,-64.099,0.430815,0.888124,-0.160106,-0.887203,0.449286,0.104942,0.165135,0.096836,0.981506,0,0.39854,1.00000,7.915,0.459,-1,-1,-1,-1,-1,-1,-1,558.723,384.125,-1,503.014,435.087,698.972,-1,-1,-1,-1,2,2,2,2,2,2,2,0,0,2,0,0,0,2,2,2,2
117,4371.463,1381.845,-484.966,-63.667,0.437275,0.884847,-0.160735,-0.883461,0.456068,0.107228,0.168187,0.095115,0.981156,0,0.39932,1.00000,7.886,0.433,-1,-1,-1,-1,-1,-1,-1,556.883,384.332,-1,494.480,429.856,701.979,-1,-1,-1,-1,2,2,2,2,2,2,2,0,0,2,0,0,0,2,2,2,2
118,4376.809,1376.071,-483.778,-63.236,0.443653,0.881482,-0.161745,-0.879665,0.462824,0.109465,0.171351,0.093717,0.980743,0,0.40001,1.00000,7.868,0.430,-1,-1,-1,-1,-1,-1,-1,556.548,384.530,-1,487.010,425.578,704.433,-1,-1,-1,-1,2,2,2,2,2,2,2,0,0,2,0,0,0,2,2,2,2
119,4382.172,1370.357,-482.465,-62.803,0.450038,0.878034,-0.162857,-0.875785,0.469602,0.111690,0.174545,0.092363,0.980308,0,0.40069,1.00000,7.836,0.433,-1,-1,-1,-1,-1,-1,-1,556.831,384.931,-1,480.805,422.389,707.146,-1,-1,-1,-1,2,2,2,2,2,2,2,0,0,2,0,0,0,2,2,2,2
120,4387.606,1364.916,-481.041,-62.350,0.456687,0.874383,-0.163984,-0.871716,0.476627,0.113745,0.177616,0.091001,0.979883,0,0.40139,1.00000,7.690,0.453,-1,-1,-1,-1,-1,-1,-1,557.697,385.600,-1,475.754,420.218,710.666,-1,-1,-1,-1,2,2,2,2,2,2,2,0,0,2,0,0,0,2,2,2,2
121,4393.061,1359.842,-479.506,-61.893,0.463337,0.870737,-0.164730,-0.867513,0.483625,0.116306,0.180940,0.089017,0.979457,0,0.40217,1.00000,7.450,0.457,-1,-1,-1,-1,-1,-1,-1,557.461,387.318,-1,470.117,417.856,715.636,-1,-1,-1,-1,2,2,2,2,2,2,2,0,0,2,0,0,0,2,2,2,2
122,4398.520,1355.100,-477.904,-61.436,0.469906,0.867116,-0.165220,-0.863172,0.490550,0.119561,0.184722,0.086431,0.978983,0,0.40300,1.00000,7.231,0.457,-1,-1,-1,-1,-1,-1,-1,556.036,390.002,-1,462.926,414.437,720.960,-1,-1,-1,-1,2,2,2,2,2,2,2,0,0,2,0,0,0,2,2,2,2
123,4403.900,1350.582,-476.254,-60.972,0.476562,0.863386,-0.165689,-0.858757,0.497520,0.122521,0.188216,0.083898,0.978538,0,0.40386,1.00000,7.026,0.464,-1,-1,-1,-1,-1,-1,-1,555.061,393.207,-1,457.342,412.243,727.089,-1,-1,-1,-1,2,2,2,2,2,2,2,0,0,2,0,0,0,2,2,2,2
124,4409.163,1345.988,-474.613,-60.518,0.483099,0.859611,-0.166387,-0.854514,0.504312,0.124396,0.190843,0.082084,0.978183,0,0.40476,1.00000,6.986,0.454,-1,-1,-1,-1,-1,-1,-1,555.802,395.569,-1,455.432,412.701,733.813,-1,-1,-1,-1,2,2,2,2,2,2,2,0,0,2,0,0,0,2,2,2,2
125,4414.327,1341.106,-473.135,-60.085,0.489436,0.855748,-0.167776,-0.850644,0.510864,0.124186,0.191983,0.081936,0.977972,0,0.40562,1.00000,7.107,0.433,-1,-1,-1,-1,-1,-1,-1,560.041,395.665,-1,458.998,416.862,739.667,-1,-1,-1,-1,2,2,2,2,2,2,2,0,0,2,0,0,0,2,2,2,2
126,4419.424,1335.864,-472.043,-59.669,0.495684,0.851646,-0.170282,-0.847222,0.517289,0.120937,0.191081,0.084321,0.977946,0,0.40638,1.00000,7.311,0.416,-1,-1,-1,-1,-1,-1,-1,569.428,392.096,-1,469.425,425.413,743.488,-1,-1,-1,-1,2,2,2,2,2,2,2,0,0,2,0,0,0,2,2,2,2
127,4424.513,1330.025,-471.519,-59.278,0.501695,0.847331,-0.174161,-0.844224,0.523500,0.115035,0.188645,0.089318,0.977975,0,0.63810,0.50827,7.745,0.391,-1,-1,-1,-1,-1,-1,-1,583.874,384.526,-1,484.107,436.135,743.037,-1,-1,-1,-1,2,2,2,2,2,2,2,0,0,2,0,0,0,2,2,2,2
128,4429.756,1323.356,-471.653,-58.913,0.507354,0.842762,-0.179845,-0.841468,0.529510,0.107475,0.185806,0.096806,0.977806,0,0.63894,0.50655,8.484,0.366,-1,-1,-1,-1,-1,-1,-1,601.808,373.069,-1,498.145,445.081,735.146,-1,-1,-1,-1,2,2,2,2,2,2,2,0,0,2,0,0,0,2,2,2,2
129,4435.245,1316.004,-472.429,-58.549,0.513032,0.837873,-0.186459,-0.838796,0.535487,0.098360,0.182260,0.105939,0.977527,0,0.63951,0.50538,9.175,0.364,-1,-1,-1,-1,-1,-1,-1,622.991,358.459,-1,513.019,453.560,723.419,-1,-1,-1,-1,2,2,2,2,2,2,2,0,0,2,0,0,0,2,2,2,2
130,4441.001,1308.218,-473.672,-58.171,0.519106,0.833004,-0.191400,-0.836277,0.541268,0.087574,0.176548,0.114603,0.977598,0,0.63994,0.50448,9.683,0.378,-1,-1,-1,-1,-1,-1,-1,642.807,343.007,-1,535.148,468.285,717.907,-1,-1,-1,-1,2,2,2,2,2,2,2,0,0,2,0,0,0,2,2,2,2
131,4447.036,1300.111,-475.293,-57.766,0.525792,0.828379,-0.193213,-0.833838,0.546838,0.075381,0.168100,0.121474,0.978257,0,0.64037,0.50361,10.106,0.405,-1,-1,-1,-1,-1,-1,996.652,655.810,328.750,-1,568.487,493.278,722.940,-1,-1,-1,-1,2,2,2,2,2,2,0,0,0,2,0,0,0,2,2,2,2
132,4453.449,1291.729,-476.943,-57.366,0.532479,0.824026,-0.193512,-0.831543,0.551959,0.062267,0.158120,0.127758,0.979120,0,0.64085,0.50261,10.554,0.399,-1,908.710,-1,-1,-1,983.021,961.836,666.700,315.188,-1,615.906,526.426,733.758,-1,-1,-1,-1,2,0,2,2,2,0,0,0,0,2,0,0,0,2,2,2,2
133,4460.168,1283.083,-478.260,-56.985,0.538897,0.820064,-0.192576,-0.829344,0.556563,0.049261,0.147578,0.133165,0.980045,0,0.64125,0.50179,10.950,0.382,-1,848.479,-1,986.917,-1,948.146,928.281,675.804,303.198,-1,676.078,567.707,749.720,-1,-1,-1,-1,2,0,2,0,2,0,0,0,0,2,0,0,0,2,2,2,2
134,4467.250,1274.024,-479.061,-56.600,0.545209,0.816112,-0.191594,-0.826843,0.561181,0.037501,0.138124,0.137973,0.980758,0,0.64149,0.50128,11.499,0.385,-1,828.324,-1,953.626,-1,918.075,899.409,685.258,290.906,-1,749.043,611.704,765.200,-1,-1,-1,-1,2,0,2,0,2,0,0,0,0,2,0,0,0,2,2,2,2
135,4474.767,1264.561,-479.273,-56.219,0.551237,0.811925,-0.192134,-0.824006,0.565919,0.027386,0.130967,0.143223,0.980987,0,0.64167,0.50092,12.086,0.381,-1,810.743,-1,927.378,-1,895.387,876.686,699.089,275.703,-1,836.059,654.296,775.005,-1,-1,-1,-1,2,0,2,0,2,0,0,0,0,2,0,0,0,2,2,2,2
136,4482.439,1254.853,-478.732,-55.846,0.556990,0.807856,-0.192693,-0.821008,0.570599,0.019039,0.125332,0.147598,0.981074,0,0.64174,0.50078,12.374,0.372,-1,795.072,-1,907.140,-1,877.984,858.664,712.646,261.693,-1,1007.964,700.730,785.583,-1,-1,-1,-1,2,0,2,0,2,0,0,0,0,2,0,0,0,2,2,2,2
137,4490.229,1244.966,-477.286,-55.470,0.562622,0.803645,-0.193937,-0.817708,0.575497,0.012555,0.121700,0.151520,0.980934,0,0.64170,0.50085,12.586,0.376,-1,781.752,-1,893.558,-1,866.934,847.242,729.209,249.860,-1,-1,741.796,794.669,-1,-1,-1,-1,2,0,2,0,2,0,0,0,0,2,2,0,0,2,2,2,2
138,4498.101,1234.920,-474.977,-55.121,0.567743,0.799689,-0.195360,-0.814473,0.580149,0.007822,0.119594,0.154675,0.980700,0,0.64164,0.50097,12.763,0.349,-1,770.516,-1,885.442,-1,860.899,841.112,746.951,240.487,-1,-1,776.787,804.423,-1,-1,-1,-1,2,0,2,0,2,0,0,0,0,2,2,0,0,2,2,2,2
139,4505.984,1224.841,-471.883,-54.793,0.572567,0.796480,-0.194389,-0.811462,0.584389,0.004305,0.117028,0.155274,0.980915,0,0.64141,0.50145,12.796,0.328,-1,759.240,-1,879.523,-1,855.070,835.898,757.362,248.302,-1,-1,834.792,826.353,-1,-1,-1,-1,2,0,2,0,2,0,0,0,0,2,2,0,0,2,2,2,2
140,4514.064,1214.729,-468.383,-54.473,0.577333,0.793806,-0.191203,-0.808572,0.588396,0.001344,0.113570,0.153825,0.981550,0,0.58281,0.17340,12.944,0.321,-1,752.944,-1,873.759,-1,843.863,829.792,761.584,272.422,-1,-1,-1,857.266,-1,-1,-1,-1,2,0,2,0,2,0,0,0,0,2,2,2,0,2,2,2,2
141,4522.398,1204.676,-464.864,-54.170,0.581859,0.791441,-0.187246,-0.805865,0.592097,-0.001551,0.109640,0.151798,0.982312,0,0.58243,0.17426,13.059,0.303,-1,749.423,-1,867.202,-1,831.974,822.683,763.207,297.166,-1,-1,-1,888.583,-1,-1,-1,-1,2,0,2,0,2,0,0,0,0,2,2,2,0,2,2,2,2
142,4530.917,1194.610,-461.564,-53.840,0.586734,0.788860,-0.182875,-0.802846,0.596172,-0.004159,0.105744,0.149260,0.983127,0,0.58197,0.17532,13.187,0.330,-1,744.454,-1,860.649,-1,819.630,814.215,761.826,329.028,-1,-1,-1,921.356,-1,-1,-1,-1,2,0,2,0,2,0,0,0,0,2,2,2,0,2,2,2,2
143,4539.673,1184.558,-458.609,-53.499,0.591738,0.786121,-0.178493,-0.799657,0.600421,-0.006629,0.101960,0.146655,0.983919,0,0.58159,0.17616,13.331,0.341,-1,738.548,-1,853.767,-1,806.902,805.694,758.751,362.544,-1,-1,-1,953.912,-1,-1,-1,-1,2,0,2,0,2,0,0,0,0,2,2,2,0,2,2,2,2
144,4548.674,1174.540,-456.054,-53.143,0.596899,0.783080,-0.174638,-0.796234,0.604922,-0.008983,0.098608,0.144414,0.984592,0,0.58125,0.17694,13.468,0.356,-1,734.176,-1,846.835,-1,794.130,797.259,755.707,396.269,-1,-1,-1,980.679,-1,-1,-1,-1,2,0,2,0,2,0,0,0,0,2,2,2,0,2,2,2,2
145,4557.857,1164.576,-453.844,-52.780,0.602095,0.779813,-0.171389,-0.792658,0.609564,-0.011143,0.095783,0.142562,0.985141,0,0.58096,0.17760,13.550,0.363,-1,731.939,-1,840.401,-1,781.617,789.201,752.991,426.021,-1,-1,-1,1002.228,-1,-1,-1,-1,2,0,2,0,2,0,0,0,0,2,2,2,0,2,2,2,2
146,4567.207,1154.578,-452.053,-52.418,0.607251,0.776564,-0.167913,-0.789033,0.614216,-0.012886,0.093127,0.140314,0.985718,0,0.58068,0.17823,13.689,0.363,-1,727.667,-1,833.892,-1,768.808,780.780,746.871,444.086,-1,-1,-1,-1,-1,-1,-1,-1,2,0,2,0,2,0,0,0,0,2,2,2,2,2,2,2,2
147,4576.740,1144.573,-450.688,-52.052,0.612411,0.773281,-0.164282,-0.785331,0.618910,-0.014327,0.090597,0.137790,0.986309,0,0.58037,0.17893,13.820,0.365,-1,720.664,-1,827.023,-1,755.609,771.878,737.914,462.148,-1,-1,-1,-1,-1,-1,-1,-1,2,0,2,0,2,0,0,0,0,2,2,2,2,2,2,2,2
148,4586.450,1134.582,-449.643,-51.669,0.617788,0.769805,-0.160430,-0.781387,0.623855,-0.015484,0.088165,0.134924,0.986926,0,0.58006,0.17965,13.932,0.383,-1,711.632,-1,819.986,-1,737.677,762.607,726.521,480.594,-1,-1,-1,-1,-1,-1,-1,-1,2,0,2,0,2,0,0,0,0,2,2,2,2,2,2,2,2
149,4596.327,1124.653,-448.777,-51.268,0.623383,0.766148,-0.156239,-0.777206,0.629032,-0.016421,0.085698,0.131666,0.987583,0,0.57980,0.18024,14.005,0.402,-1,701.695,-1,812.730,-1,712.180,753.001,712.655,499.700,-1,-1,-1,-1,-1,-1,-1,-1,2,0,2,0,2,0,0,0,0,2,2,2,2,2,2,2,2
150,4606.294,1114.927,-447.856,-50.867,0.628971,0.762601,-0.151111,-0.773027,0.634136,-0.017334,0.082605,0.127715,0.988365,0,0.57960,0.18068,13.926,0.401,-1,689.104,-1,804.058,-1,685.549,742.595,695.645,516.100,-1,-1,-1,-1,-1,-1,-1,-1,2,0,2,0,2,0,0,0,0,2,2,2,2,2,2,2,2
151,4616.362,1105.424,-446.689,-50.453,0.634686,0.758785,-0.146350,-0.768645,0.639416,-0.018237,0.079740,0.124066,0.989065,0,0.38267,0.86284,13.844,0.414,-1,679.323,-1,796.211,-1,661.940,733.113,681.841,526.701,-1,-1,-1,-1,-1,-1,-1,-1,2,0,2,0,2,0,0,0,0,2,2,2,2,2,2,2,2
152,4626.542,1096.152,-445.319,-50.015,0.640653,0.754457,-0.142684,-0.763909,0.645036,-0.019262,0.077503,0.121338,0.989581,0,0.38259,0.86310,13.770,0.438,-1,674.363,-1,789.467,-1,645.245,725.032,673.766,536.940,-1,-1,-1,-1,-1,-1,-1,-1,2,0,2,0,2,0,0,0,0,2,2,2,2,2,2,2,2
153,4636.719,1087.030,-443.743,-49.561,0.646772,0.749846,-0.139342,-0.758920,0.650875,-0.020041,0.075666,0.118711,0.990042,0,0.38260,0.86309,13.667,0.454,-1,672.098,-1,784.026,-1,629.075,718.074,667.341,547.622,-1,-1,-1,-1,-1,-1,-1,-1,2,0,2,0,2,0,0,0,0,2,2,2,2,2,2,2,2
154,4646.937,1078.241,-441.883,-49.062,0.653456,0.744567,-0.136436,-0.753351,0.657276,-0.021224,0.073873,0.116653,0.990422,0,0.38265,0.86291,13.478,0.500,-1,669.568,-1,779.092,-1,612.873,708.117,664.750,558.417,-1,-1,-1,-1,-1,-1,-1,-1,2,0,2,0,2,0,0,0,0,2,2,2,2,2,2,2,2
155,4656.928,1069.987,-439.528,-48.533,0.660505,0.738945,-0.133020,-0.747424,0.663951,-0.022959,0.071353,0.114587,0.990847,0,0.38286,0.86220,12.960,0.529,-1,663.328,-1,774.051,-1,596.796,695.692,664.525,568.660,-1,-1,-1,-1,-1,-1,-1,-1,2,0,2,0,2,0,0,0,0,2,2,2,2,2,2,2,2
156,4666.657,1062.119,-436.646,-48.020,0.667320,0.733607,-0.128471,-0.741654,0.670331,-0.024610,0.068064,0.111704,0.991408,0,0.38320,0.86101,12.512,0.513,-1,656.399,-1,769.331,-1,581.370,683.743,663.451,580.281,-1,-1,-1,-1,-1,997.765,-1,-1,2,0,2,0,2,0,0,0,0,2,2,2,2,2,0,2,2
157,4676.296,1054.632,-433.407,-47.504,0.674137,0.728187,-0.123622,-0.735793,0.676690,-0.026441,0.064400,0.108785,0.991977,0,0.38354,0.85986,12.206,0.516,-1,649.811,-1,763.949,-1,566.334,672.110,663.859,592.006,-1,-1,-1,-1,-1,983.963,-1,-1,2,0,2,0,2,0,0,0,0,2,2,2,2,2,0,2,2
158,4685.709,1047.318,-429.896,-47.011,0.680594,0.723052,-0.118270,-0.730140,0.682737,-0.027685,0.060730,0.105196,0.992595,0,0.38392,0.85856,11.920,0.493,-1,643.597,-1,758.719,-1,552.233,661.486,662.941,605.025,-1,-1,-1,-1,-1,971.371,-1,-1,2,0,2,0,2,0,0,0,0,2,2,2,2,2,0,2,2
159,4695.044,1040.292,-426.246,-46.500,0.687251,0.717716,-0.112119,-0.724220,0.688962,-0.028912,0.056495,0.101068,0.993274,0,0.38424,0.85744,11.684,0.511,-1,636.532,-1,753.256,-1,538.046,651.052,660.831,618.814,-1,-1,-1,-1,993.528,955.434,-1,-1,2,0,2,0,2,0,0,0,0,2,2,2,2,0,0,2,2
160,4704.256,1033.536,-422.661,-45.997,0.693796,0.712649,-0.103819,-0.718379,0.695005,-0.029989,0.050783,0.095388,0.994144,0,0.38465,0.85605,11.424,0.503,-1,625.700,-1,746.342,-1,523.343,639.268,652.950,634.168,-1,-1,-1,-1,967.412,934.524,-1,-1,2,0,2,0,2,0,0,0,0,2,2,2,2,0,0,2,2
161,4713.317,1027.086,-419.266,-45.513,0.700083,0.707948,-0.093235,-0.712741,0.700742,-0.030988,0.043395,0.088146,0.995162,0,0.38505,0.85466,11.122,0.484,-1,610.740,-1,737.548,-1,508.251,625.927,639.205,651.374,-1,-1,-1,-1,934.219,913.367,-1,-1,2,0,2,0,2,0,0,0,0,2,2,2,2,0,0,2,2
162,4722.554,1020.837,-416.285,-45.015,0.706461,0.702837,-0.083266,-0.706825,0.706654,-0.032208,0.036204,0.081608,0.996007,0,0.38543,0.85336,11.152,0.499,-1,596.324,-1,728.184,-1,493.170,612.356,626.977,666.659,-1,-1,-1,-1,903.121,892.078,-1,-1,2,0,2,0,2,0,0,0,0,2,2,2,2,0,0,2,2
163,4732.192,1014.643,-414.042,-44.485,0.713084,0.696856,-0.076829,-0.700382,0.712968,-0.033784,0.031234,0.077901,0.996472,0,0.38586,0.85190,11.457,0.530,-1,586.459,-1,719.650,-1,478.472,599.745,621.746,677.322,-1,-1,-1,-1,881.720,873.852,-1,1007.816,2,0,2,0,2,0,0,0,0,2,2,2,2,0,0,2,0
164,4742.206,1008.431,-412.774,-43.931,0.719877,0.690088,-0.074537,-0.693496,0.719576,-0.035687,0.029008,0.077381,0.996580,0,0.38635,0.85019,11.784,0.554,-1,581.395,-1,712.110,-1,464.306,588.012,623.345,682.288,-1,-1,-1,-1,870.399,855.941,-1,992.356,2,0,2,0,2,0,0,0,0,2,2,2,2,0,0,2,0
165,4752.449,1002.124,-412.528,-43.394,0.726334,0.683167,-0.075645,-0.686720,0.725951,-0.037569,0.029249,0.079235,0.996427,0,0.38689,0.84834,12.029,0.537,-1,579.808,-1,704.568,-1,450.857,577.667,628.802,682.526,-1,-1,-1,-1,866.662,838.767,-1,977.680,2,0,2,0,2,0,0,0,0,2,2,2,2,0,0,2,0
166,4762.892,995.823,-413.392,-42.839,0.732907,0.675708,-0.079154,-0.679618,0.732486,-0.039797,0.031088,0.082962,0.996068,0,0.38735,0.84676,12.197,0.555,-1,579.803,-1,691.471,-1,437.359,567.160,636.696,677.561,-1,-1,-1,-1,866.894,821.458,-1,958.307,2,0,2,0,2,0,0,0,0,2,2,2,2,0,0,2,0
167,4773.566,989.536,-415.429,-42.274,0.739504,0.667821,-0.084549,-0.672285,0.739077,-0.042413,0.034164,0.088205,0.995516,0,0.38785,0.84507,12.388,0.565,-1,580.405,-1,677.574,994.554,423.598,556.058,645.642,667.155,-1,-1,-1,-1,869.463,803.844,-1,922.920,2,0,2,0,0,0,0,0,0,2,2,2,2,0,0,2,0
168,4784.497,983.223,-418.584,-41.696,0.746112,0.659376,-0.092408,-0.664677,0.745751,-0.045384,0.038988,0.095283,0.994686,0,0.38835,0.84333,12.623,0.578,-1,583.518,-1,663.375,977.955,415.521,544.898,657.316,652.361,-1,-1,-1,-1,876.787,786.195,-1,892.216,2,0,2,0,0,0,0,0,0,2,2,2,2,0,0,2,0
169,4795.750,976.845,-422.822,-41.108,0.752682,0.650269,-0.103051,-0.656790,0.752489,-0.048849,0.045779,0.104450,0.993476,0,0.56335,0.41986,12.935,0.588,-1,586.693,-1,648.639,957.168,423.318,531.042,673.481,633.336,-1,-1,-1,-1,890.539,770.113,-1,867.267,2,0,2,0,0,0,0,0,0,2,2,2,2,0,0,2,0
170,4807.168,970.384,-427.730,-40.466,0.759767,0.639744,-0.116116,-0.648112,0.759445,-0.056524,0.052023,0.118201,0.991626,0,0.56409,0.41811,13.119,0.642,-1,590.347,-1,629.639,924.410,429.976,515.166,707.597,606.997,-1,-1,-1,-1,906.930,756.631,-1,838.372,2,0,2,0,0,0,0,0,0,2,2,2,2,0,0,2,0
171,4818.675,963.950,-433.019,-39.786,0.767252,0.627763,-0.131292,-0.638942,0.765895,-0.071815,0.055473,0.138988,0.988739,0,0.56501,0.41591,13.183,0.679,-1,592.497,-1,604.029,880.140,430.143,497.481,780.647,571.102,-1,-1,-1,879.322,921.877,721.980,-1,806.030,2,0,2,0,0,0,0,0,0,2,2,2,0,0,0,2,0
172,4832.514,956.175,-439.895,-38.954,0.776451,0.611811,-0.151031,-0.627731,0.771991,-0.099913,0.055467,0.172385,0.983467,0,0.56607,0.41340,15.873,0.832,-1,591.345,-1,565.630,815.714,423.695,432.729,-1,520.415,-1,-1,-1,694.234,934.088,679.520,-1,763.753,2,0,2,0,0,0,0,2,0,2,2,2,0,0,0,2,0
173,4841.780,950.911,-444.849,-38.382,0.782776,0.600125,-0.164657,-0.620024,0.774739,-0.123892,0.053216,0.199071,0.978539,0,0.56738,0.41030,10.657,0.572,-1,588.074,-1,536.456,759.458,415.539,397.291,-1,482.307,-1,-1,-1,581.005,938.267,648.059,-1,732.556,2,0,2,0,0,0,0,2,0,2,2,2,0,0,0,2,0
174,4853.519,944.303,-451.576,-37.649,0.790832,0.584347,-0.181999,-0.610108,0.776251,-0.158754,0.048510,0.236587,0.970399,0,0.56830,0.40813,13.471,0.733,-1,581.596,-1,493.593,665.245,401.642,357.316,-1,431.873,-1,-1,-1,424.363,939.844,603.162,-1,672.673,2,0,2,0,0,0,0,2,0,2,2,2,0,0,0,2,0
175,4859.017,940.742,-455.193,-36.609,0.802317,0.564969,-0.192607,-0.596057,0.775449,-0.208312,0.031667,0.281938,0.958910,0,0.56948,0.40532,6.551,1.040,-1,566.599,-1,440.443,549.253,378.257,332.136,-1,382.784,-1,-1,-1,418.450,916.967,547.992,-1,601.780,2,0,2,0,0,0,0,2,0,2,2,2,0,0,0,2,0
176,4860.283,939.307,-456.894,-35.386,0.815251,0.544538,-0.197088,-0.579064,0.770684,-0.265952,0.007072,0.330944,0.943624,0,0.57290,0.39722,1.913,1.224,-1,545.692,927.600,396.607,435.887,344.835,309.347,-1,337.159,-1,-1,-1,414.120,877.020,496.383,-1,509.974,2,0,0,0,0,0,0,2,0,2,2,2,0,0,0,2,0
177,4861.785,937.771,-459.273,-34.143,0.827500,0.525344,-0.198134,-0.561170,0.762411,-0.322207,-0.018210,0.377813,0.925703,0,0.57774,0.38573,2.148,1.243,-1,520.505,775.182,330.070,338.853,306.152,287.305,-1,296.924,-1,-1,-1,410.926,828.451,429.355,-1,406.754,2,0,0,0,0,0,0,2,0,2,2,2,0,0,0,2,0
178,4863.282,935.353,-461.676,-33.103,0.836945,0.511653,-0.194256,-0.545663,0.752793,-0.368177,-0.042144,0.414142,0.909236,0,0.58263,0.37414,2.845,1.040,-1,489.303,655.259,302.842,266.200,274.674,268.461,-1,266.557,-1,-1,-1,410.924,771.967,381.187,-1,321.592,2,0,0,0,0,0,0,2,0,2,2,2,0,0,0,2,0
179,4864.713,931.623,-462.952,-32.534,0.841669,0.505985,-0.188606,-0.536898,0.746792,-0.392482,-0.057741,0.431602,0.900214,0,0.34643,0.88081,3.995,0.569,-1,465.543,588.261,287.644,231.405,256.679,257.178,-1,252.212,-1,-1,-1,415.679,728.310,348.760,-1,280.849,2,0,0,0,0,0,0,2,0,2,2,2,0,0,0,2,0
180,4866.643,928.018,-462.576,-32.184,0.844696,0.501914,-0.185930,-0.531601,0.746230,-0.400676,-0.062358,0.437290,0.897156,0,0.34745,0.87672,4.088,0.350,-1,459.973,570.227,280.986,220.521,252.623,252.098,-1,248.461,-1,-1,-1,422.656,717.787,329.345,-1,268.639,2,0,0,0,0,0,0,2,0,2,2,2,0,0,0,2,0
181,4869.333,925.067,-460.752,-31.973,0.846955,0.497199,-0.188309,-0.528689,0.750200,-0.397099,-0.056168,0.435882,0.898250,0,0.34791,0.87487,3.994,0.210,-1,474.413,594.344,280.706,229.173,262.596,251.999,-1,251.650,-1,-1,-1,429.404,743.372,342.082,-1,277.840,2,0,0,0,0,0,0,2,0,2,2,2,0,0,0,2,0
182,4872.711,922.887,-458.142,-31.895,0.848277,0.492097,-0.195620,-0.527894,0.756585,-0.385885,-0.041890,0.430604,0.901568,0,0.34804,0.87434,4.020,0.079,-1,505.138,653.201,284.916,249.955,286.756,255.463,-1,258.744,-1,-1,-1,434.179,800.281,365.255,-1,302.554,2,0,0,0,0,0,0,2,0,2,2,2,0,0,0,2,0
183,4876.592,921.354,-455.537,-31.896,0.848783,0.486755,-0.206485,-0.528246,0.763763,-0.370976,-0.022869,0.423953,0.905396,0,0.34789,0.87497,4.172,-0.002,-1,545.042,737.480,291.440,279.275,327.606,260.776,-1,267.060,-1,-1,-1,433.916,882.195,383.491,-1,337.837,2,0,0,0,0,0,0,2,0,2,2,2,0,0,0,2,0
184,4880.882,920.167,-453.653,-31.933,0.848663,0.481420,-0.219101,-0.528928,0.770595,-0.355554,-0.002332,0.417634,0.908612,0,0.34756,0.87629,4.451,-0.037,-1,590.082,838.651,298.153,312.093,366.826,266.212,-1,274.151,-1,-1,-1,430.945,987.991,406.198,-1,380.780,2,0,0,0,0,0,0,2,0,2,2,2,0,0,0,2,0
185,4885.540,919.266,-452.661,-31.972,0.848173,0.476246,-0.231931,-0.529423,0.776768,-0.341091,0.017713,0.412094,0.910969,0,0.34715,0.87792,4.744,-0.039,-1,634.489,952.479,304.842,342.360,391.758,270.805,-1,279.184,-1,-1,-1,426.509,-1,422.838,-1,411.701,2,0,0,0,0,0,0,2,0,2,2,2,0,2,0,2,0
186,4890.468,918.777,-452.355,-31.961,0.847862,0.471098,-0.243303,-0.528996,0.782715,-0.327905,0.035962,0.406724,0.912843,0,0.34675,0.87955,4.952,0.011,-1,675.619,-1,326.278,367.976,413.770,274.035,-1,283.155,-1,-1,-1,422.639,-1,437.054,-1,432.704,2,0,2,0,0,0,0,2,0,2,2,2,0,2,0,2,0
187,4895.545,918.713,-452.614,-31.853,0.848279,0.465856,-0.251796,-0.527045,0.788917,-0.315965,0.051451,0.400734,0.914749,0,0.34649,0.88058,5.078,0.108,-1,711.826,-1,341.571,391.014,432.320,275.464,-1,286.691,-1,-1,-1,421.003,-1,447.390,-1,450.489,2,0,2,0,0,0,0,2,0,2,2,2,0,2,0,2,0
188,4900.714,919.077,-453.329,-31.658,0.849494,0.461061,-0.256483,-0.523791,0.795304,-0.305179,0.063276,0.393591,0.917105,0,0.34650,0.88054,5.182,0.195,-1,734.605,-1,349.195,411.170,445.852,274.839,-1,290.297,-1,-1,-1,422.538,-1,451.361,-1,463.951,2,0,2,0,0,0,0,2,0,2,2,2,0,2,0,2,0
189,4905.953,919.726,-454.484,-31.370,0.851651,0.456865,-0.256836,-0.519239,0.802133,-0.294913,0.071282,0.384522,0.920359,0,0.34676,0.87949,5.279,0.288,-1,743.779,-1,376.221,428.511,454.282,272.073,-1,294.528,-1,-1,-1,428.050,-1,451.838,-1,472.706,2,0,2,0,0,0,0,2,0,2,2,2,0,2,0,2,0
190,4907.416,919.905,-454.016,-30.914,0.855952,0.454060,-0.247335,-0.512564,0.808048,-0.290407,0.067996,0.375350,0.924386,0,0.34727,0.87743,1.474,0.456,-1,726.780,-1,337.171,433.948,448.341,268.255,-1,300.952,-1,-1,-1,443.085,-1,447.357,-1,471.407,2,0,2,0,0,0,0,2,0,2,2,2,0,2,0,2,0
191,4908.112,920.208,-453.638,-30.596,0.859185,0.453405,-0.237118,-0.508030,0.811085,-0.289907,0.060877,0.369547,0.927216,0,0.34835,0.87310,0.759,0.319,-1,701.593,-1,322.179,429.610,437.641,263.974,-1,305.061,-1,-1,-1,456.652,-1,440.740,-1,463.928,2,0,2,0,0,0,0,2,0,2,2,2,0,2,0,2,0
192,4908.696,920.390,-453.851,-30.324,0.861968,0.453116,-0.227370,-0.504179,0.813125,-0.290916,0.053062,0.365395,0.929339,0,0.34914,0.86995,0.612,0.271,-1,674.630,-1,305.804,420.803,425.194,259.279,-1,307.200,-1,-1,-1,468.484,-1,431.943,-1,453.667,2,0,2,0,0,0,0,2,0,2,2,2,0,2,0,2,0
193,4908.970,920.426,-454.107,-30.070,0.864587,0.452883,-0.217683,-0.500572,0.814022,-0.294613,0.043773,0.363684,0.930493,0,0.34980,0.86729,0.276,0.254,-1,647.342,-1,287.770,407.092,410.891,254.231,-1,307.495,-1,-1,-1,479.401,-1,420.527,-1,440.206,2,0,2,0,0,0,0,2,0,2,2,2,0,2,0,2,0
194,4909.256,920.462,-454.564,-29.817,0.867119,0.452352,-0.208525,-0.496949,0.814118,-0.300422,0.033868,0.364128,0.930733,0,0.35042,0.86479,0.288,0.252,-1,621.717,-1,278.817,390.012,396.229,248.766,-1,305.917,-1,-1,-1,488.927,-1,407.889,-1,424.288,2,0,2,0,0,0,0,2,0,2,2,2,0,2,0,2,0
195,4909.572,920.506,-455.080,-29.522,0.869926,0.450924,-0.199738,-0.492624,0.813750,-0.308436,0.023455,0.366713,0.930038,0,0.35104,0.86231,0.319,0.295,-1,597.275,967.762,271.327,371.134,381.672,242.831,-1,302.648,-1,-1,-1,497.581,-1,394.032,-1,400.644,2,0,0,0,0,0,0,2,0,2,2,2,0,2,0,2,0
196,4909.941,920.559,-455.758,-29.179,0.873032,0.448578,-0.191295,-0.487499,0.812985,-0.318434,0.012677,0.371259,0.928443,0,0.35177,0.85940,0.373,0.343,-1,573.881,896.655,263.088,349.399,367.165,236.401,-1,297.707,-1,-1,-1,505.230,987.530,379.647,-1,375.177,2,0,0,0,0,0,0,2,0,2,2,2,0,0,0,2,0
197,4910.333,920.562,-456.457,-28.822,0.876119,0.445867,-0.183350,-0.482089,0.812060,-0.328861,0.002263,0.376513,0.926409,0,0.35261,0.85603,0.392,0.357,-1,552.893,834.775,254.977,326.200,353.626,230.089,-1,292.285,-1,-1,-1,512.143,935.049,367.765,-1,357.459,2,0,0,0,0,0,0,2,0,2,2,2,0,0,0,2,0
198,4910.649,920.479,-456.914,-28.555,0.878345,0.444143,-0.176771,-0.477999,0.811947,-0.335053,-0.005283,0.378788,0.925469,0,0.35348,0.85254,0.327,0.267,-1,537.187,794.161,249.413,311.922,343.658,225.641,-1,289.505,-1,-1,-1,518.001,899.561,359.729,-1,346.124,2,0,0,0,0,0,0,2,0,2,2,2,0,0,0,2,0
199,4910.866,920.470,-457.100,-28.378,0.879788,0.443134,-0.172064,-0.475270,0.812630,-0.337271,-0.009632,0.378503,0.925550,0,0.35412,0.84996,0.217,0.177,-1,527.471,772.799,246.460,305.682,337.924,223.123,-1,289.098,-1,-1,-1,523.208,876.465,305.617,-1,340.605,2,0,0,0,0,0,0,2,0,2,2,2,0,0,0,2,0
200,4910.965,920.493,-457.050,-28.283,0.880564,0.442620,-0.169393,-0.473799,0.813884,-0.336313,-0.010993,0.376404,0.926391,0,0.35455,0.84824,0.101,0.095,-1,523.452,767.174,245.623,305.916,336.049,222.335,-1,290.475,-1,-1,-1,527.224,866.894,301.338,-1,339.896,2,0,0,0,0,0,0,2,0,2,2,2,0,0,0,2,0
201,4911.030,920.500,-456.879,-28.249,0.880857,0.442240,-0.168865,-0.473282,0.815385,-0.333394,-0.009750,0.373593,0.927541,0,0.35478,0.84730,0.065,0.034,-1,524.632,774.201,246.318,310.576,337.434,222.838,-1,292.670,-1,-1,-1,529.351,869.880,304.993,-1,342.532,2,0,0,0,0,0,0,2,0,2,2,2,0,0,0,2,0
202,4911.033,920.497,-456.621,-28.245,0.880911,0.441610,-0.170225,-0.473235,0.816826,-0.329915,-0.006650,0.371182,0.928536,0,0.35486,0.84697,0.004,0.004,-1,530.226,790.394,247.956,317.547,341.319,224.193,-1,294.812,-1,-1,-1,529.334,883.650,359.003,-1,346.997,2,0,0,0,0,0,0,2,0,2,2,2,0,0,0,2,0
203,4911.047,920.502,-456.402,-28.258,0.880821,0.440565,-0.173369,-0.473444,0.817952,-0.326811,-0.002174,0.369943,0.929052,0,0.35487,0.84693,0.015,-0.013,-1,539.545,813.507,250.033,325.115,347.041,226.004,-1,296.140,-1,-1,-1,526.831,906.692,362.719,-1,352.098,2,0,0,0,0,0,0,2,0,2,2,2,0,0,0,2,0
204,4911.035,920.493,-456.172,-28.263,0.880777,0.438796,-0.178019,-0.473521,0.818704,-0.324811,0.003219,0.370382,0.928874,0,0.48361,0.80200,0.016,-0.005,-1,552.399,842.054,252.242,332.221,354.302,228.050,-1,296.315,-1,-1,-1,522.084,937.452,366.701,-1,357.064,2,0,0,0,0,0,0,2,0,2,2,2,0,0,0,2,0
205,4911.072,920.488,-456.044,-28.258,0.880782,0.436190,-0.184284,-0.473424,0.819065,-0.324040,0.009598,0.372653,0.927921,0,0.48359,0.80206,0.037,0.005,-1,569.051,876.660,254.443,338.420,362.913,230.210,-1,295.066,-1,-1,-1,514.875,983.008,370.774,-1,361.585,2,0,0,0,0,0,0,2,0,2,2,2,0,0,0,2,0
206,4911.085,920.482,-455.922,-28.235,0.880894,0.432724,-0.191768,-0.473024,0.819019,-0.324741,0.016538,0.376773,0.926158,0,0.48360,0.80201,0.015,0.023,-1,589.295,916.926,256.562,343.331,372.681,232.424,-1,292.520,-1,-1,-1,505.845,-1,374.746,-1,365.407,2,0,0,0,0,0,0,2,0,2,2,2,0,2,0,2,0
207,4911.143,920.470,-455.904,-28.206,0.881001,0.428552,-0.200450,-0.472498,0.818587,-0.326590,0.024125,0.382438,0.923666,0,0.48368,0.80179,0.059,0.029,-1,613.231,963.134,258.576,347.107,383.635,234.673,-1,288.792,-1,-1,-1,495.134,-1,378.649,-1,368.642,2,0,0,0,0,0,0,2,0,2,2,2,0,2,0,2,0
208,4911.183,920.469,-455.907,-28.164,0.881154,0.423653,-0.209965,-0.471749,0.817703,-0.329871,0.031938,0.389718,0.920380,0,0.48377,0.80151,0.040,0.042,-1,641.940,-1,260.376,349.261,395.515,236.883,-1,283.978,-1,-1,-1,483.273,-1,382.256,-1,371.309,2,0,2,0,0,0,0,2,0,2,2,2,0,2,0,2,0
209,4911.244,920.462,-456.000,-28.119,0.881260,0.418182,-0.220236,-0.470932,0.816411,-0.334210,0.040042,0.398242,0.916406,0,0.48391,0.80110,0.062,0.044,-1,673.023,-1,262.008,350.089,408.274,239.059,-1,278.287,-1,-1,-1,470.489,-1,385.641,-1,373.783,2,0,2,0,0,0,0,2,0,2,2,2,0,2,0,2,0
210,4911.322,920.436,-456.092,-28.077,0.881317,0.412843,-0.229870,-0.470117,0.815133,-0.338451,0.047648,0.406349,0.912475,0,0.48406,0.80067,0.082,0.043,-1,704.430,-1,263.490,350.679,420.700,241.090,-1,272.955,-1,-1,-1,458.838,-1,388.770,-1,375.961,2,0,2,0,0,0,0,2,0,2,2,2,0,2,0,2,0
211,4911.409,920.416,-456.147,-28.015,0.881554,0.408219,-0.237107,-0.469028,0.814415,-0.341673,0.053627,0.412413,0.909417,0,0.48420,0.80027,0.090,0.062,-1,730.601,-1,264.510,351.407,430.765,242.593,-1,269.018,-1,-1,-1,450.401,-1,391.167,-1,377.652,2,0,2,0,0,0,0,2,0,2,2,2,0,2,0,2,0
212,4911.529,920.409,-456.172,-27.930,0.882059,0.404644,-0.241319,-0.467623,0.814371,-0.343697,0.057448,0.416008,0.907545,0,0.48440,0.79968,0.120,0.085,-1,749.171,-1,264.863,352.009,437.063,243.340,-1,266.672,-1,-1,-1,445.673,-1,392.490,-1,378.420,2,0,2,0,0,0,0,2,0,2,2,2,0,2,0,2,0
213,4911.651,920.418,-456.179,-27.838,0.882739,0.402515,-0.242391,-0.466167,0.814843,-0.344557,0.058821,0.417148,0.906933,0,0.48467,0.79886,0.122,0.092,-1,756.443,-1,264.554,352.114,439.290,245.296,-1,265.867,-1,-1,-1,444.546,-1,392.608,-1,378.023,2,0,2,0,0,0,0,2,0,2,2,2,0,2,0,2,0
214,4911.760,920.444,-456.163,-27.728,0.883675,0.401480,-0.240691,-0.464495,0.815774,-0.344613,0.057994,0.416326,0.907364,0,0.48498,0.79796,0.112,0.110,-1,753.417,-1,263.556,351.458,437.921,244.598,-1,266.280,-1,-1,-1,446.475,-1,391.531,-1,376.246,2,0,2,0,0,0,0,2,0,2,2,2,0,2,0,2,0
215,4911.906,920.470,-456.168,-27.606,0.884782,0.401161,-0.237130,-0.462672,0.816970,-0.344231,0.055636,0.414283,0.908446,0,0.48535,0.79687,0.148,0.122,-1,742.304,-1,262.027,349.974,434.014,241.222,-1,267.393,-1,-1,-1,450.525,-1,389.510,-1,373.251,2,0,2,0,0,0,0,2,0,2,2,2,0,2,0,2,0
216,4912.031,920.501,-456.170,-27.477,0.885974,0.401153,-0.232652,-0.460763,0.818211,-0.343842,0.052426,0.411833,0.909750,0,0.48576,0.79567,0.129,0.129,-1,729.226,-1,260.247,347.778,428.850,239.410,-1,268.751,-1,-1,-1,455.528,-1,386.953,-1,369.438,2,0,2,0,0,0,0,2,0,2,2,2,0,2,0,2,0
217,4912.186,920.530,-456.204,-27.351,0.887136,0.401104,-0.228267,-0.458877,0.819366,-0.343614,0.049209,0.409579,0.910946,0,0.48619,0.79440,0.157,0.127,-1,716.901,-1,258.404,345.263,423.512,237.674,-1,269.941,-1,-1,-1,460.415,-1,384.305,-1,365.777,2,0,2,0,0,0,0,2,0,2,2,2,0,2,0,2,0
218,4912.311,920.561,-456.221,-27.223,0.888266,0.400686,-0.224575,-0.456966,0.820403,-0.343688,0.046531,0.407910,0.911836,0,0.48661,0.79315,0.129,0.127,-1,707.291,-1,256.736,342.891,419.204,236.147,-1,270.797,-1,-1,-1,464.535,-1,381.962,-1,363.064,2,0,2,0,0,0,0,2,0,2,2,2,0,2,0,2,0
219,4912.467,920.589,-456.263,-27.101,0.889306,0.399747,-0.222122,-0.455094,0.821381,-0.343836,0.044999,0.406861,0.912381,0,0.48704,0.79189,0.159,0.123,-1,701.952,-1,255.416,341.321,416.677,234.988,-1,271.248,-1,-1,-1,467.334,-1,380.286,-1,361.014,2,0,2,0,0,0,0,2,0,2,2,2,0,2,0,2,0
220,4912.530,920.600,-456.256,-27.034,0.889886,0.399435,-0.220350,-0.454083,0.821896,-0.343942,0.043722,0.406126,0.912770,0,-0.19348,0.63035,0.064,0.067,-1,697.637,-1,254.590,340.142,414.699,234.243,-1,271.630,-1,-1,-1,469.352,-1,379.143,-1,359.666,2,0,2,0,0,0,0,2,0,2,2,2,0,2,0,2,0
221,4912.521,920.594,-456.280,-27.040,0.889898,0.400333,-0.218669,-0.454218,0.821852,-0.343868,0.042052,0.405331,0.913202,0,-0.19356,0.62970,0.011,-0.007,-1,691.576,-1,254.075,338.749,412.072,233.693,-1,272.078,-1,-1,-1,471.120,-1,378.135,-1,358.641,2,0,2,0,0,0,0,2,0,2,2,2,0,2,0,2,0
222,4912.495,920.586,-456.318,-27.065,0.889764,0.401398,-0.217257,-0.454626,0.821599,-0.343934,0.040443,0.404791,0.913515,0,-0.19356,0.62976,0.027,-0.024,-1,685.899,-1,253.654,337.193,409.567,233.226,-1,272.360,-1,-1,-1,472.493,-1,377.197,-1,357.656,2,0,2,0,0,0,0,2,0,2,2,2,0,2,0,2,0
223,4912.459,920.582,-456.378,-27.087,0.889633,0.402194,-0.216317,-0.454988,0.821295,-0.344180,0.039233,0.404616,0.913645,0,-0.19352,0.63000,0.035,-0.022,-1,681.809,-1,253.318,335.705,407.679,232.869,-1,272.385,-1,-1,-1,473.261,-1,376.431,-1,356.763,2,0,2,0,0,0,0,2,0,2,2,2,0,2,0,2,0
224,4912.436,920.571,-456.405,-27.108,0.889487,0.402729,-0.215924,-0.455335,0.820958,-0.344525,0.038515,0.404768,0.913608,0,-0.19349,0.63022,0.026,-0.022,-1,679.640,-1,253.139,334.586,406.624,232.684,-1,272.251,-1,-1,-1,473.465,-1,375.964,-1,356.157,2,0,2,0,0,0,0,2,0,2,2,2,0,2,0,2,0
225,4912.410,920.563,-456.428,-27.134,0.889289,0.403084,-0.216074,-0.455737,0.820609,-0.344825,0.038319,0.405122,0.913459,0,-0.19347,0.63043,0.027,-0.026,-1,679.221,-1,253.164,333.972,406.361,232.699,-1,272.010,-1,-1,-1,473.096,-1,375.856,-1,355.952,2,0,2,0,0,0,0,2,0,2,2,2,0,2,0,2,0
226,4912.378,920.553,-456.440,-27.165,0.889034,0.403288,-0.216743,-0.456209,0.820253,-0.345048,0.038631,0.405639,0.913216,0,-0.19343,0.63069,0.033,-0.031,-1,680.479,-1,253.405,333.907,406.875,232.924,-1,271.697,-1,-1,-1,472.201,-1,376.120,-1,356.180,2,0,2,0,0,0,0,2,0,2,2,2,0,2,0,2,0
227,4912.351,920.545,-456.444,-27.192,0.888788,0.403231,-0.217854,-0.456623,0.819919,-0.345294,0.039390,0.406371,0.912859,0,-0.19339,0.63099,0.028,-0.028,-1,683.340,-1,253.775,334.202,408.086,233.288,-1,271.265,-1,-1,-1,470.845,-1,376.644,-1,356.665,2,0,2,0,0,0,0,2,0,2,2,2,0,2,0,2,0
228,4912.313,920.534,-456.437,-27.230,0.888462,0.403341,-0.218979,-0.457187,0.819595,-0.345316,0.040194,0.406915,0.912582,0,-0.19335,0.63126,0.039,-0.037,-1,686.127,-1,254.262,334.844,409.348,233.737,-1,270.981,-1,-1,-1,469.554,-1,377.324,-1,357.427,2,0,2,0,0,0,0,2,0,2,2,2,0,2,0,2,0
229,4912.260,920.527,-456.448,-27.266,0.888144,0.403549,-0.219881,-0.457745,0.819336,-0.345193,0.040854,0.407230,0.912411,0,-0.19330,0.63163,0.054,-0.037,-1,688.209,-1,254.724,335.516,410.333,234.147,-1,270.819,-1,-1,-1,468.519,-1,377.949,-1,358.187,2,0,2,0,0,0,0,2,0,2,2,2,0,2,0,2,0
230,4912.223,920.513,-456.427,-27.300,0.887863,0.403831,-0.220502,-0.458254,0.819111,-0.345052,0.041273,0.407405,0.912315,0,-0.19326,0.63199,0.040,-0.033,-1,689.527,-1,255.100,336.085,411.006,234.470,-1,270.780,-1,-1,-1,467.860,-1,378.437,-1,358.821,2,0,2,0,0,0,0,2,0,2,2,2,0,2,0,2,0
231,4912.199,920.505,-456.420,-27.322,0.887678,0.404083,-0.220784,-0.458598,0.818961,-0.344949,0.041426,0.407455,0.912285,0,-0.19321,0.63232,0.025,-0.022,-1,689.934,-1,255.307,336.353,411.247,234.639,-1,270.785,-1,-1,-1,467.553,-1,378.681,-1,359.159,2,0,2,0,0,0,0,2,0,2,2,2,0,2,0,2,0
232,4912.185,920.501,-456.423,-27.335,0.887578,0.404328,-0.220737,-0.458803,0.818864,-0.344907,0.041298,0.407407,0.912313,0,-0.19318,0.63254,0.014,-0.013,-1,689.413,-1,255.347,336.287,411.045,234.657,-1,270.823,-1,-1,-1,467.584,-1,378.676,-1,359.191,2,0,2,0,0,0,0,2,0,2,2,2,0,2,0,2,0
233,4912.179,920.499,-456.431,-27.341,0.887542,0.404574,-0.220427,-0.458903,0.818801,-0.344924,0.040938,0.407290,0.912381,0,-0.19316,0.63267,0.007,-0.006,-1,688.143,-1,255.257,335.939,410.486,234.555,-1,270.883,-1,-1,-1,467.880,-1,378.468,-1,358.974,2,0,2,0,0,0,0,2,0,2,2,2,0,2,0,2,0
234,4912.177,920.498,-456.445,-27.343,0.887549,0.404818,-0.219952,-0.458935,0.818758,-0.344984,0.040431,0.407134,0.912473,0,-0.19316,0.63273,0.002,-0.001,-1,686.405,-1,255.081,335.405,409.699,234.376,-1,270.955,-1,-1,-1,468.341,-1,378.131,-1,358.593,2,0,2,0,0,0,0,2,0,2,2,2,0,2,0,2,0
235,4912.177,920.498,-456.460,-27.342,0.887576,0.405051,-0.219412,-0.458932,0.818726,-0.345064,0.039870,0.406966,0.912573,0,-0.19315,0.63275,0.000,0.001,-1,684.507,-1,254.869,334.798,408.831,234.166,-1,271.027,-1,-1,-1,468.868,-1,377.741,-1,358.144,2,0,2,0,0,0,0,2,0,2,2,2,0,2,0,2,0
236,4912.178,920.498,-456.474,-27.341,0.887603,0.405267,-0.218903,-0.458925,0.818698,-0.345140,0.039341,0.406808,0.912666,0,-0.19315,0.63274,0.001,0.001,-1,682.726,-1,254.667,334.226,408.015,233.966,-1,271.096,-1,-1,-1,469.367,-1,377.372,-1,357.720,2,0,2,0,0,0,0,2,0,2,2,2,0,2,0,2,0
237,4912.177,920.498,-456.485,-27.341,0.887614,0.405463,-0.218495,-0.458940,0.818668,-0.345191,0.038913,0.406673,0.912745,0,-0.19316,0.63273,0.001,-0.000,-1,681.275,-1,254.514,333.778,407.355,233.812,-1,271.157,-1,-1,-1,469.766,-1,377.084,-1,357.395,2,0,2,0,0,0,0,2,0,2,2,2,0,2,0,2,0
238,4912.174,920.497,-456.492,-27.344,0.887599,0.405637,-0.218235,-0.458995,0.818632,-0.345203,0.038627,0.406571,0.912802,0,-0.19316,0.63273,0.004,-0.003,-1,680.281,-1,254.433,333.508,406.913,233.724,-1,271.210,-1,-1,-1,470.022,-1,376.912,-1,357.214,2,0,2,0,0,0,0,2,0,2,2,2,0,2,0,2,0
239,4912.167,920.495,-456.494,-27.351,0.887553,0.405792,-0.218134,-0.459094,0.818589,-0.345173,0.038494,0.406503,0.912838,0,-0.19315,0.63277,0.007,-0.006,-1,679.772,-1,254.430,333.428,406.704,233.709,-1,271.254,-1,-1,-1,470.124,-1,376.868,-1,357.190,2,0,2,0,0,0,0,2,0,2,2,2,0,2,0,2,0
240,4912.158,920.493,-456.492,-27.360,0.887479,0.405931,-0.218177,-0.459238,0.818538,-0.345104,0.038498,0.406467,0.912854,0,-0.19314,0.63283,0.010,-0.009,-1,679.700,-1,254.499,333.520,406.705,233.759,-1,271.290,-1,-1,-1,470.084,-1,376.938,-1,357.309,2,0,2,0,0,0,0,2,0,2,2,2,0,2,0,2,0
241,4912.146,920.489,-456.487,-27.371,0.887383,0.406058,-0.218332,-0.459414,0.818479,-0.345008,0.038607,0.406459,0.912853,0,-0.19313,0.63292,0.013,-0.012,-1,679.962,-1,254.623,333.740,406.866,233.860,-1,271.317,-1,-1,-1,469.932,-1,377.096,-1,357.534,2,0,2,0,0,0,0,2,0,2,2,2,0,2,0,2,0
242,4912.132,920.485,-456.481,-27.384,0.887273,0.406177,-0.218556,-0.459611,0.818414,-0.344899,0.038779,0.406470,0.912841,0,-0.19311,0.63303,0.014,-0.013,-1,680.430,-1,254.778,334.033,407.125,233.990,-1,271.337,-1,-1,-1,469.711,-1,377.305,-1,357.822,2,0,2,0,0,0,0,2,0,2,2,2,0,2,0,2,0
243,4912.119,920.482,-456.474,-27.398,0.887159,0.406292,-0.218804,-0.459815,0.818346,-0.344790,0.038972,0.406493,0.912822,0,-0.19310,0.63316,0.014,-0.013,-1,680.968,-1,254.944,334.343,407.416,234.130,-1,271.351,-1,-1,-1,469.463,-1,377.529,-1,358.125,2,0,2,0,0,0,0,2,0,2,2,2,0,2,0,2,0
244,4912.105,920.478,-456.468,-27.411,0.887049,0.406407,-0.219036,-0.460012,0.818276,-0.344693,0.039146,0.406519,0.912803,0,-0.19308,0.63329,0.014,-0.013,-1,681.456,-1,255.098,334.621,407.679,234.260,-1,271.361,-1,-1,-1,469.228,-1,377.735,-1,358.405,2,0,2,0,0,0,0,2,0,2,2,2,0,2,0,2,0
245,4912.100,920.476,-456.423,-27.414,0.886992,0.406185,-0.219682,-0.460049,0.818476,-0.344168,0.040009,0.406338,0.912846,0,0.38944,0.83276,0.005,-0.003,-1,683.943,-1,255.518,336.124,408.970,234.637,-1,271.567,-1,-1,-1,468.785,-1,378.489,-1,359.438,2,0,2,0,0,0,0,2,0,2,2,2,0,2,0,2,0
246,4912.128,920.457,-456.333,-27.405,0.886977,0.405306,-0.221355,-0.459873,0.819072,-0.342985,0.042292,0.406015,0.912887,0,0.38943,0.83280,0.034,0.009,-1,690.738,-1,256.450,339.781,412.370,235.501,-1,271.950,-1,-1,-1,467.602,-1,380.289,-1,361.842,2,0,2,0,0,0,0,2,0,2,2,2,0,2,0,2,0
247,4912.144,920.458,-456.197,-27.386,0.887014,0.403913,-0.223744,-0.459511,0.819758,-0.341829,0.045347,0.406020,0.912738,0,0.38945,0.83272,0.016,0.019,-1,700.575,-1,257.628,344.254,417.099,236.634,-1,272.195,-1,-1,-1,465.736,-1,382.593,-1,364.787,2,0,2,0,0,0,0,2,0,2,2,2,0,2,0,2,0
248,4912.210,920.460,-456.104,-27.346,0.887194,0.401925,-0.226592,-0.458808,0.820453,-0.341103,0.048810,0.406587,0.912307,0,0.38950,0.83253,0.066,0.041,-1,712.488,-1,258.695,348.464,422.507,237.734,-1,271.999,-1,-1,-1,463.261,-1,384.866,-1,367.826,2,0,2,0,0,0,0,2,0,2,2,2,0,2,0,2,0
249,4912.275,920.473,-456.024,-27.280,0.887577,0.399500,-0.229363,-0.457724,0.820956,-0.341350,0.051928,0.407959,0.911522,0,0.38961,0.83214,0.066,0.065,-1,724.654,-1,259.362,351.139,427.623,238.550,-1,271.227,-1,-1,-1,460.568,-1,386.529,-1,370.234,2,0,2,0,0,0,0,2,0,2,2,2,0,2,0,2,0
250,4912.392,920.486,-456.033,-27.199,0.888112,0.396994,-0.231632,-0.456403,0.821299,-0.342291,0.054352,0.409711,0.910595,0,0.38979,0.83149,0.118,0.081,-1,735.085,-1,259.496,352.052,431.433,242.999,-1,270.052,-1,-1,-1,458.106,-1,387.342,-1,370.860,2,0,2,0,0,0,0,2,0,2,2,2,0,2,0,2,0
251,4912.474,920.502,-456.021,-27.117,0.888703,0.395053,-0.232682,-0.455102,0.821635,-0.343217,0.055590,0.410912,0.909979,0,0.39000,0.83070,0.083,0.082,-1,741.750,-1,259.284,352.022,433.495,245.625,-1,269.237,-1,-1,-1,456.123,-1,387.461,-1,370.438,2,0,2,0,0,0,0,2,0,2,2,2,0,2,0,2,0
252,4912.564,920.526,-456.026,-27.029,0.889388,0.393613,-0.232504,-0.453734,0.822131,-0.343840,0.055809,0.411302,0.909789,0,0.39022,0.82989,0.093,0.088,-1,743.834,-1,258.731,351.443,433.877,246.446,-1,268.892,-1,-1,-1,455.733,-1,386.976,-1,369.239,2,0,2,0,0,0,0,2,0,2,2,2,0,2,0,2,0
253,4912.678,920.543,-456.055,-26.936,0.890156,0.392560,-0.231342,-0.452298,0.822765,-0.344215,0.055215,0.411040,0.909944,0,0.39046,0.82902,0.115,0.093,-1,741.828,-1,257.880,350.395,432.891,245.786,-1,268.907,-1,-1,-1,456.799,-1,385.980,-1,367.384,2,0,2,0,0,0,0,2,0,2,2,2,0,2,0,2,0
254,4912.774,920.567,-456.061,-26.837,0.890988,0.391754,-0.229497,-0.450801,0.823467,-0.344500,0.054024,0.410403,0.910303,0,0.39071,0.82810,0.100,0.098,-1,737.170,-1,256.855,349.008,431.017,244.152,-1,269.176,-1,-1,-1,458.903,-1,384.655,-1,365.087,2,0,2,0,0,0,0,2,0,2,2,2,0,2,0,2,0
255,4912.874,920.595,-456.076,-26.738,0.891831,0.391046,-0.227421,-0.449295,0.824198,-0.344720,0.052638,0.409611,0.910740,0,0.39097,0.82713,0.103,0.099,-1,732.180,-1,255.764,347.510,428.825,242.168,-1,269.527,-1,-1,-1,461.358,-1,383.216,-1,363.246,2,0,2,0,0,0,0,2,0,2,2,2,0,2,0,2,0
256,4912.990,920.614,-456.106,-26.644,0.892631,0.390331,-0.225504,-0.447850,0.824900,-0.344921,0.051385,0.408879,0.911141,0,0.39124,0.82615,0.117,0.095,-1,727.726,-1,254.719,346.102,426.810,240.370,-1,269.826,-1,-1,-1,463.603,-1,381.857,-1,361.553,2,0,2,0,0,0,0,2,0,2,2,2,0,2,0,2,0
257,4913.080,920.637,-456.111,-26.553,0.893380,0.389502,-0.223965,-0.446461,0.825541,-0.345188,0.050441,0.408375,0.911419,0,0.39149,0.82522,0.093,0.090,-1,724.648,-1,253.832,344.961,425.350,239.182,-1,270.026,-1,-1,-1,465.334,-1,380.744,-1,360.117,2,0,2,0,0,0,0,2,0,2,2,2,0,2,0,2,0
258,4913.164,920.661,-456.113,-26.470,0.894045,0.388527,-0.223004,-0.445177,0.826128,-0.345442,0.050016,0.408117,0.911558,0,0.39173,0.82433,0.087,0.083,-1,723.503,-1,253.166,344.297,424.689,238.903,-1,270.093,-1,-1,-1,466.263,-1,380.001,-1,359.091,2,0,2,0,0,0,0,2,0,2,2,2,0,2,0,2,0
259,4913.270,920.676,-456.115,-26.386,0.894692,0.387244,-0.222640,-0.443849,0.826775,-0.345601,0.050242,0.408025,0.911587,0,0.39196,0.82351,0.107,0.085,-1,724.645,-1,252.703,344.323,424.981,239.863,-1,270.062,-1,-1,-1,466.363,-1,379.672,-1,358.536,2,0,2,0,0,0,0,2,0,2,2,2,0,2,0,2,0
260,4913.359,920.700,-456.077,-26.296,0.895355,0.385649,-0.222742,-0.442425,0.827481,-0.345740,0.050980,0.408106,0.911510,0,0.39218,0.82268,0.092,0.090,-1,727.834,-1,252.433,344.955,426.128,241.951,-1,269.958,-1,-1,-1,465.832,-1,379.709,-1,358.392,2,0,2,0,0,0,0,2,0,2,2,2,0,2,0,2,0
261,4913.472,920.722,-456.067,-26.207,0.895981,0.383889,-0.223266,-0.441018,0.828208,-0.345796,0.052163,0.408291,0.911360,0,0.39243,0.82179,0.115,0.088,-1,732.503,-1,252.294,346.010,427.876,244.805,-1,269.761,-1,-1,-1,464.690,-1,380.011,-1,358.548,2,0,2,0,0,0,0,2,0,2,2,2,0,2,0,2,0
262,4913.557,920.741,-456.008,-26.119,0.896597,0.382057,-0.223934,-0.439611,0.828892,-0.345949,0.053445,0.408621,0.911138,0,0.39266,0.82092,0.087,0.088,-1,738.487,-1,252.236,347.183,429.910,248.009,-1,269.542,-1,-1,-1,463.385,-1,380.427,-1,358.817,2,0,2,0,0,0,0,2,0,2,2,2,0,2,0,2,0
263,4913.646,920.766,-455.963,-26.031,0.897209,0.380208,-0.224627,-0.438197,0.829584,-0.346084,0.054763,0.408941,0.910916,0,0.39290,0.82005,0.092,0.088,-1,744.877,-1,252.181,348.386,431.978,251.278,-1,269.311,-1,-1,-1,462.032,-1,380.855,-1,359.099,2,0,2,0,0,0,0,2,0,2,2,2,0,2,0,2,0
264,4913.750,920.783,-455.942,-25.946,0.897798,0.378466,-0.225217,-0.436839,0.830242,-0.346222,0.055951,0.409221,0.910718,0,0.39314,0.81917,0.106,0.085,-1,750.643,-1,252.068,349.395,433.803,254.221,-1,269.072,-1,-1,-1,460.814,-1,381.177,-1,359.257,2,0,2,0,0,0,0,2,0,2,2,2,0,2,0,2,0
265,4913.828,920.804,-455.917,-25.869,0.898347,0.376951,-0.225566,-0.435604,0.830751,-0.346557,0.056754,0.409586,0.910504,0,0.39336,0.81834,0.080,0.078,-1,755.058,-1,251.861,349.708,435.105,256.333,-1,268.790,-1,-1,-1,459.886,-1,381.253,-1,359.091,2,0,2,0,0,0,0,2,0,2,2,2,0,2,0,2,0
266,4913.926,920.825,-455.940,-25.796,0.898868,0.375641,-0.225678,-0.434460,0.831212,-0.346886,0.057281,0.409853,0.910351,0,0.39357,0.81757,0.101,0.072,-1,758.036,-1,251.536,349.124,435.882,257.713,-1,268.506,-1,-1,-1,459.247,-1,381.109,-1,358.672,2,0,2,0,0,0,0,2,0,2,2,2,0,2,0,2,0
267,4913.998,920.838,-455.919,-25.723,0.899418,0.374469,-0.225433,-0.433299,0.831654,-0.347280,0.057437,0.410030,0.910262,0,0.39376,0.81686,0.073,0.074,-1,759.628,-1,251.125,348.391,436.193,258.511,-1,268.329,-1,-1,-1,459.155,-1,380.772,-1,358.046,2,0,2,0,0,0,0,2,0,2,2,2,0,2,0,2,0
268,4914.075,920.860,-455.914,-25.645,0.900007,0.373359,-0.224926,-0.432082,0.832148,-0.347613,0.057387,0.410040,0.910260,0,0.39396,0.81614,0.081,0.078,-1,760.138,-1,250.620,347.559,436.137,258.897,-1,268.229,-1,-1,-1,459.420,-1,380.287,-1,357.272,2,0,2,0,0,0,0,2,0,2,2,2,0,2,0,2,0
269,4914.173,920.885,-455.943,-25.570,0.900577,0.372361,-0.224297,-0.430910,0.832674,-0.347808,0.057256,0.409879,0.910341,0,0.39417,0.81537,0.101,0.075,-1,759.911,-1,250.082,346.747,435.852,259.032,-1,268.192,-1,-1,-1,459.879,-1,379.750,-1,356.482,2,0,2,0,0,0,0,2,0,2,2,2,0,2,0,2,0
270,4914.242,920.898,-455.927,-25.498,0.901141,0.371502,-0.223455,-0.429781,0.833150,-0.348065,0.056865,0.409692,0.910450,0,0.29815,0.83863,0.071,0.072,-1,758.780,-1,249.516,345.870,435.278,258.769,-1,268.231,-1,-1,-1,460.700,-1,379.109,-1,355.588,2,0,2,0,0,0,0,2,0,2,2,2,0,2,0,2,0
271,4914.304,920.916,-455.927,-25.435,0.901643,0.370874,-0.222471,-0.428801,0.833593,-0.348214,0.056306,0.409360,0.910634,0,0.29830,0.83792,0.064,0.063,-1,756.647,-1,248.951,345.040,434.400,258.093,-1,268.351,-1,-1,-1,461.786,-1,378.421,-1,354.694,2,0,2,0,0,0,0,2,0,2,2,2,0,2,0,2,0
272,4914.364,920.935,-455.928,-25.375,0.902118,0.370313,-0.221477,-0.427874,0.834041,-0.348281,0.055748,0.408955,0.910850,0,0.29842,0.83729,0.062,0.060,-1,754.379,-1,248.417,344.303,433.505,257.414,-1,268.520,-1,-1,-1,462.937,-1,377.771,-1,353.879,2,0,2,0,0,0,0,2,0,2,2,2,0,2,0,2,0
273,4914.438,920.952,-455.955,-25.319,0.902555,0.369751,-0.220632,-0.427003,0.834494,-0.348264,0.055345,0.408538,0.911062,0,0.29855,0.83670,0.076,0.056,-1,752.570,-1,247.936,343.679,432.779,256.952,-1,268.667,-1,-1,-1,463.890,-1,377.220,-1,353.192,2,0,2,0,0,0,0,2,0,2,2,2,0,2,0,2,0
274,4914.488,920.962,-455.933,-25.263,0.902986,0.369110,-0.219943,-0.426129,0.834907,-0.348344,0.055055,0.408274,0.911198,0,0.29866,0.83615,0.052,0.056,-1,751.623,-1,247.534,343.131,432.354,256.849,-1,268.788,-1,-1,-1,464.660,-1,376.784,-1,352.619,2,0,2,0,0,0,0,2,0,2,2,2,0,2,0,2,0
275,4914.541,920.978,-455.921,-25.210,0.903384,0.368390,-0.219515,-0.425290,0.835308,-0.348409,0.055012,0.408105,0.911276,0,0.29877,0.83559,0.055,0.053,-1,751.721,-1,247.221,342.715,432.289,257.183,-1,268.843,-1,-1,-1,465.051,-1,376.508,-1,352.220,2,0,2,0,0,0,0,2,0,2,2,2,0,2,0,2,0
276,4914.592,920.994,-455.909,-25.159,0.903750,0.367593,-0.219342,-0.424486,0.835687,-0.348480,0.055203,0.408047,0.911291,0,0.29888,0.83507,0.053,0.051,-1,752.863,-1,246.999,342.425,432.584,257.951,-1,268.837,-1,-1,-1,465.083,-1,376.390,-1,351.990,2,0,2,0,0,0,0,2,0,2,2,2,0,2,0,2,0
277,4914.655,921.006,-455.917,-25.112,0.904078,0.366749,-0.219406,-0.423734,0.836051,-0.348522,0.055615,0.408060,0.911259,0,0.29898,0.83456,0.065,0.047,-1,754.862,-1,246.848,342.245,433.171,259.069,-1,268.764,-1,-1,-1,464.768,-1,376.403,-1,351.904,2,0,2,0,0,0,0,2,0,2,2,2,0,2,0,2,0
278,4914.700,921.016,-455.886,-25.064,0.904406,0.365841,-0.219567,-0.422969,0.836388,-0.348644,0.056095,0.408186,0.911174,0,0.29908,0.83410,0.045,0.048,-1,757.461,-1,246.749,342.108,433.964,260.438,-1,268.674,-1,-1,-1,464.339,-1,376.491,-1,351.886,2,0,2,0,0,0,0,2,0,2,2,2,0,2,0,2,0
279,4914.746,921.030,-455.865,-25.017,0.904724,0.364912,-0.219802,-0.422214,0.836728,-0.348743,0.056654,0.408320,0.911079,0,0.29918,0.83363,0.048,0.047,-1,760.356,-1,246.676,342.018,434.857,261.941,-1,268.569,-1,-1,-1,463.801,-1,376.627,-1,351.926,2,0,2,0,0,0,0,2,0,2,2,2,0,2,0,2,0
280,4914.794,921.046,-455.847,-24.970,0.905041,0.363985,-0.220033,-0.421458,0.837072,-0.348832,0.057214,0.408442,0.910989,0,0.29927,0.83316,0.050,0.047,-1,763.245,-1,246.602,341.933,435.746,263.447,-1,268.468,-1,-1,-1,463.270,-1,376.764,-1,351.970,2,0,2,0,0,0,0,2,0,2,2,2,0,2,0,2,0
281,4914.854,921.055,-455.845,-24.924,0.905357,0.363091,-0.220214,-0.420710,0.837420,-0.348901,0.057729,0.408526,0.910919,0,0.29937,0.83270,0.060,0.047,-1,765.831,-1,246.496,341.806,436.525,264.815,-1,268.368,-1,-1,-1,462.800,-1,376.852,-1,351.960,2,0,2,0,0,0,0,2,0,2,2,2,0,2,0,2,0
282,4914.901,921.068,-455.823,-24.875,0.905697,0.362215,-0.220259,-0.419924,0.837770,-0.349005,0.058112,0.408585,0.910869,0,0.29946,0.83224,0.049,0.049,-1,767.979,-1,246.355,341.616,437.152,266.003,-1,268.306,-1,-1,-1,462.530,-1,376.870,-1,351.869,2,0,2,0,0,0,0,2,0,2,2,2,0,2,0,2,0
