timestep,x_cm,y_cm,z_cm,yaw_deg,basis_xx,basis_xy,basis_xz,basis_yx,basis_yy,basis_yz,basis_zx,basis_zy,basis_zz,teleport_flag,throttle_cmd,steering_cmd,cmd_move_cm,cmd_turn_deg,lidar_cm_0,lidar_cm_1,lidar_cm_2,lidar_cm_3,lidar_cm_4,lidar_cm_5,lidar_cm_6,lidar_cm_7,lidar_cm_8,lidar_cm_9,lidar_cm_10,lidar_cm_11,lidar_cm_12,lidar_cm_13,lidar_cm_14,lidar_cm_15,lidar_cm_16,lidar_class_0,lidar_class_1,lidar_class_2,lidar_class_3,lidar_class_4,lidar_class_5,lidar_class_6,lidar_class_7,lidar_class_8,lidar_class_9,lidar_class_10,lidar_class_11,lidar_class_12,lidar_class_13,lidar_class_14,lidar_class_15,lidar_class_16
0,3609.663,6891.646,-15.084,64.570,0.432257,-0.901665,-0.012421,0.897303,0.428717,0.105118,-0.089456,-0.056584,0.994382,1,0.08000,-0.12000,4.800,-0.240,-1,375.000,-1,375.000,-1,300.000,300.000,300.000,300.000,-1,-1,-1,-1,625.000,675.000,-1,-1,2,0,2,0,2,0,0,0,0,2,2,2,2,0,0,2,2
1,3613.826,6900.297,-15.937,64.300,0.436502,-0.899616,-0.012556,0.895305,0.432947,0.104816,-0.088858,-0.056993,0.994412,0,0.16000,-0.13487,9.600,-0.270,-1,375.000,-1,375.000,-1,300.000,300.000,300.000,300.000,-1,-1,-1,-1,625.000,675.000,-1,-1,2,0,2,0,2,0,0,0,0,2,2,2,2,0,0,2,2
2,3620.131,6913.243,-17.205,64.032,0.440723,-0.897552,-0.012779,0.893311,0.437154,0.104365,-0.088086,-0.057412,0.994457,0,0.24000,-0.13447,14.400,-0.269,-1,375.000,-1,375.000,-1,300.000,300.000,300.000,300.000,-1,-1,-1,-1,625.000,675.000,-1,-1,2,0,2,0,2,0,0,0,0,2,2,2,2,0,0,2,2
3,3628.619,6930.465,-18.889,63.764,0.444915,-0.895477,-0.013099,0.891324,0.441334,0.103760,-0.087134,-0.057840,0.994516,0,0.32000,-0.13389,19.200,-0.268,-1,375.000,-1,375.000,-1,300.000,300.000,300.000,300.000,-1,-1,-1,-1,625.000,675.000,-1,-1,2,0,2,0,2,0,0,0,0,2,2,2,2,0,0,2,2
4,3639.328,6951.943,-20.988,63.497,0.449071,-0.893393,-0.013524,0.889348,0.445479,0.102997,-0.085992,-0.058281,0.994590,0,0.40000,-0.13314,24.000,-0.266,-1,375.000,-1,375.000,-1,300.000,300.000,300.000,300.000,-1,-1,-1,-1,600.000,675.000,-1,-1,2,0,2,0,2,0,0,0,0,2,2,2,2,0,0,2,2
5,3652.298,6977.657,-23.502,63.233,0.453187,-0.891305,-0.014063,0.887387,0.449584,0.102067,-0.084650,-0.058735,0.994678,0,0.48000,-0.13218,28.800,-0.264,-1,375.000,-1,375.000,-1,300.000,300.000,300.000,300.000,-1,-1,-1,-1,600.000,650.000,-1,-1,2,0,2,0,2,0,0,0,0,2,2,2,2,0,0,2,2
6,3667.567,7007.587,-26.430,62.971,0.457253,-0.889215,-0.014728,0.885446,0.453643,0.100960,-0.083094,-0.059205,0.994781,0,0.56000,-0.13102,33.600,-0.262,-1,350.000,-1,375.000,-1,300.000,325.000,300.000,300.000,-1,-1,-1,-1,600.000,650.000,-1,-1,2,0,2,0,2,0,0,0,0,2,2,2,2,0,0,2,2
7,3685.172,7041.713,-29.775,62.712,0.461264,-0.887127,-0.015532,0.883530,0.457649,0.099663,-0.081306,-0.059694,0.994900,0,0.64000,-0.12963,38.400,-0.259,-1,350.000,-1,375.000,-1,300.000,325.000,300.000,325.000,-1,-1,-1,-1,600.000,650.000,-1,-1,2,0,2,0,2,0,0,0,0,2,2,2,2,0,0,2,2
8,3705.150,7080.016,-33.342,62.456,0.465163,-0.885088,-0.015556,0.881623,0.461615,0.098241,-0.079771,-0.059412,0.995041,0,0.72000,-0.12799,43.200,-0.256,-1,350.000,-1,375.000,-1,300.000,300.000,300.000,325.000,-1,-1,-1,-1,600.000,650.000,-1,-1,2,0,2,0,2,0,0,0,0,2,2,2,2,0,0,2,2
9,3727.534,7122.477,-37.224,62.204,0.468964,-0.883084,-0.015331,0.879761,0.465525,0.096477,-0.078060,-0.058732,0.995217,0,0.80000,-0.12607,48.000,-0.252,-1,350.000,-1,375.000,-1,300.000,300.000,300.000,325.000,-1,-1,675.000,-1,575.000,625.000,-1,-1,2,0,2,0,2,0,0,0,0,2,2,0,2,0,0,2,2
10,3751.554,7167.102,-40.828,61.712,0.476291,-0.879175,-0.014104,0.876126,0.473158,0.092326,-0.074498,-0.056331,0.995629,0,0.84465,-0.24607,50.679,-0.492,-1,350.000,-1,375.000,-1,300.000,300.000,300.000,325.000,-1,650.000,550.000,-1,575.000,625.000,-1,-1,2,0,2,0,2,0,0,0,0,2,0,0,2,0,0,2,2
11,3776.204,7211.529,-44.298,60.979,0.487229,-0.873181,-0.012722,0.870439,0.484423,0.087585,-0.070315,-0.053748,0.996076,0,0.84679,-0.36607,50.807,-0.732,-1,350.000,-1,375.000,-1,300.000,300.000,300.000,300.000,-1,550.000,475.000,-1,600.000,625.000,-1,-1,2,0,2,0,2,0,0,0,0,2,0,0,2,0,0,2,2
12,3801.660,7255.628,-47.706,60.007,0.501734,-0.864946,-0.011440,0.862516,0.499231,0.082669,-0.065793,-0.051345,0.996511,0,0.84866,-0.48607,50.920,-0.972,-1,350.000,-1,375.000,-1,300.000,300.000,325.000,300.000,-1,500.000,425.000,-1,600.000,625.000,-1,-1,2,0,2,0,2,0,0,0,0,2,0,0,2,0,0,2,2
13,3828.092,7299.259,-50.922,58.795,0.519723,-0.854270,-0.010521,0.852136,0.517463,0.078074,-0.061252,-0.049542,0.996892,0,0.85021,-0.60607,51.012,-1.212,-1,350.000,-1,350.000,-1,300.000,300.000,325.000,300.000,-1,475.000,400.000,-1,600.000,600.000,-1,-1,2,0,2,0,2,0,0,0,0,2,0,0,2,0,0,2,2
14,3855.656,7342.264,-53.727,57.343,0.541090,-0.840901,-0.010309,0.839012,0.538958,0.074717,-0.057273,-0.049078,0.997152,0,0.85135,-0.72607,51.081,-1.452,-1,350.000,-1,350.000,-1,300.000,300.000,325.000,300.000,-1,475.000,400.000,-1,650.000,600.000,-1,-1,2,0,2,0,2,0,0,0,0,2,0,0,2,1,0,2,2
15,3884.501,7384.470,-56.388,55.651,0.565580,-0.824627,-0.010469,0.822999,0.563559,0.071234,-0.052841,-0.048904,0.997405,0,0.85202,-0.84607,51.121,-1.692,-1,350.000,-1,350.000,-1,300.000,300.000,325.000,300.000,-1,500.000,425.000,-1,650.000,600.000,-1,-1,2,0,2,0,2,0,0,0,0,2,0,0,2,1,0,2,2
16,3914.747,7425.692,-58.787,53.731,0.592799,-0.805268,-0.011539,0.803940,0.590852,0.067641,-0.047651,-0.049374,0.997643,0,0.85213,-0.95979,51.128,-1.920,-1,350.000,-1,350.000,-1,300.000,300.000,325.000,300.000,-1,500.000,425.000,-1,625.000,600.000,-1,-1,2,0,2,0,2,0,0,0,0,2,0,0,2,1,0,2,2
17,3946.329,7465.858,-60.601,51.822,0.619246,-0.785053,-0.015025,0.784125,0.617288,0.064056,-0.041012,-0.051448,0.997833,0,0.85159,-0.95465,51.096,-1.909,-1,350.000,-1,350.000,-1,300.000,300.000,300.000,300.000,-1,475.000,425.000,-1,625.000,625.000,-1,-1,2,0,2,0,2,0,0,0,0,2,0,0,2,1,0,2,2
18,3979.184,7504.907,-62.291,49.923,0.644835,-0.764093,-0.018709,0.763551,0.642892,0.060661,-0.034323,-0.053401,0.997983,0,0.85054,-0.94927,51.032,-1.899,-1,350.000,-1,375.000,-1,300.000,300.000,300.000,300.000,-1,400.000,375.000,-1,-1,625.000,-1,-1,2,0,2,0,2,0,0,0,0,2,0,0,2,2,0,2,2
19,4013.243,7542.783,-63.863,48.036,0.669542,-0.742432,-0.022537,0.742260,0.667643,0.057470,-0.027621,-0.055206,0.998093,0,0.84894,-0.94368,50.937,-1.887,-1,350.000,-1,375.000,-1,300.000,300.000,300.000,300.000,-1,375.000,325.000,-1,-1,650.000,-1,-1,2,0,2,0,2,0,0,0,0,2,0,0,2,2,0,2,2
20,4048.436,7579.431,-65.257,46.160,0.693353,-0.720122,-0.026189,0.720289,0.691533,0.054464,-0.021110,-0.056627,0.998172,0,0.84682,-0.93794,50.809,-1.876,-1,350.000,-1,375.000,-1,300.000,300.000,300.000,300.000,-1,325.000,300.000,-1,-1,675.000,-1,-1,2,0,2,0,2,0,0,0,0,2,0,0,2,2,0,2,2
21,4084.690,7614.803,-65.988,44.296,0.716282,-0.697281,-0.027171,0.697619,0.714629,0.051317,-0.016365,-0.055712,0.998313,0,0.84418,-0.93208,50.651,-1.864,-1,350.000,-1,375.000,-1,300.000,300.000,300.000,300.000,-1,350.000,300.000,-1,-1,675.000,-1,-1,2,0,2,0,2,0,0,0,0,2,0,0,2,2,0,2,2
22,4121.930,7648.857,-66.503,42.444,0.738327,-0.673871,-0.027772,0.674337,0.736854,0.048125,-0.011966,-0.054260,0.998455,0,0.84105,-0.92617,50.463,-1.852,-1,375.000,-1,375.000,-1,300.000,300.000,300.000,300.000,-1,375.000,325.000,-1,-1,675.000,-1,-1,2,1,2,0,2,0,0,0,0,2,0,0,2,2,0,2,2
23,4160.083,7681.558,-66.895,40.602,0.759491,-0.649894,-0.028472,0.650473,0.758199,0.044942,-0.007620,-0.052654,0.998584,0,0.83747,-0.92101,50.248,-1.842,-1,-1,-1,375.000,-1,300.000,300.000,300.000,300.000,-1,400.000,325.000,-1,-1,675.000,-1,-1,2,2,2,0,2,0,0,0,0,2,0,0,2,2,0,2,2
24,4199.081,7712.868,-67.128,38.762,0.779849,-0.625283,-0.029265,0.625959,0.778746,0.041581,-0.003210,-0.050745,0.998706,0,0.83351,-0.91974,50.011,-1.839,-1,-1,-1,375.000,-1,300.000,300.000,300.000,300.000,-1,425.000,350.000,-1,-1,675.000,-1,-1,2,2,2,0,2,0,0,0,0,2,0,0,2,2,0,2,2
25,4238.857,7742.757,-67.189,36.925,0.799387,-0.600058,-0.030167,0.600815,0.798487,0.037962,0.001309,-0.048471,0.998824,0,0.82923,-0.91878,49.754,-1.838,-1,-1,-1,375.000,-1,300.000,300.000,300.000,300.000,-1,450.000,350.000,-1,-1,700.000,-1,-1,2,2,2,0,2,0,0,1,0,2,0,0,2,2,0,2,2
26,4279.348,7771.201,-67.144,35.088,0.818101,-0.574228,-0.031183,0.575046,0.817396,0.034435,0.005715,-0.046103,0.998920,0,0.82471,-0.91813,49.483,-1.836,-1,-1,-1,375.000,-1,300.000,300.000,-1,300.000,-1,475.000,375.000,-1,-1,700.000,-1,-1,2,2,2,0,2,0,0,2,0,2,0,0,2,2,0,2,2
27,4324.619,7801.155,-67.312,33.492,0.833703,-0.551266,-0.032314,0.552139,0.833121,0.032431,0.009044,-0.044880,0.998951,0,0.90471,-0.79813,54.283,-1.596,-1,-1,-1,375.000,-1,300.000,300.000,-1,300.000,-1,500.000,400.000,-1,-1,700.000,-1,-1,2,2,2,0,2,0,0,2,0,2,0,0,2,2,0,2,2
28,4370.773,7830.151,-68.846,32.136,0.846574,-0.531272,-0.032593,0.532221,0.845744,0.038184,0.007279,-0.049672,0.998739,0,0.90844,-0.67813,54.507,-1.356,-1,-1,-1,375.000,-1,325.000,300.000,400.000,300.000,-1,575.000,475.000,-1,-1,675.000,-1,-1,2,2,2,0,2,1,0,1,0,2,0,0,2,2,0,2,2
29,4417.556,7858.289,-70.968,31.020,0.856903,-0.514479,-0.032072,0.515470,0.855574,0.047798,0.002849,-0.057491,0.998342,0,0.90987,-0.55813,54.592,-1.116,-1,-1,-1,350.000,-1,400.000,275.000,300.000,300.000,-1,675.000,600.000,-1,-1,650.000,-1,-1,2,2,2,0,2,1,0,1,0,2,0,0,2,2,0,2,2
30,4464.879,7885.643,-73.507,30.018,0.866008,-0.499098,-0.030512,0.500010,0.863822,0.061656,-0.004415,-0.068651,0.997631,0,0.91100,-0.50060,54.660,-1.001,-1,-1,-1,325.000,-1,425.000,275.000,250.000,325.000,-1,900.000,850.000,-1,-1,600.000,-1,-1,2,2,2,0,2,1,0,1,0,2,0,0,2,2,0,2,2
31,4512.703,7912.201,-76.585,29.028,0.874850,-0.483593,-0.027842,0.484197,0.871407,0.078763,-0.013827,-0.082387,0.996504,0,0.91171,-0.49501,54.703,-0.990,-1,-1,-1,300.000,-1,425.000,250.000,225.000,325.000,-1,-1,-1,-1,-1,550.000,-1,-1,2,2,2,0,2,1,0,1,0,2,2,2,2,2,0,2,2
32,4560.979,7937.952,-79.563,28.051,0.883476,-0.467855,-0.024099,0.467740,0.878040,0.101321,-0.026244,-0.100786,0.994562,0,0.91188,-0.48893,54.713,-0.978,-1,-1,-1,275.000,-1,400.000,225.000,225.000,350.000,-1,-1,-1,-1,-1,500.000,-1,-1,2,2,2,0,2,1,0,1,0,2,2,2,2,2,0,2,2
33,4609.653,7962.884,-83.021,27.086,0.891841,-0.451952,-0.018958,0.450535,0.883731,0.126639,-0.040481,-0.121483,0.991768,0,0.91143,-0.48234,54.686,-0.965,-1,-1,-1,250.000,-1,375.000,200.000,225.000,375.000,-1,-1,-1,-1,-1,450.000,-1,675.000,2,2,2,0,2,1,0,1,0,2,2,2,2,2,0,2,0
34,4658.668,7986.985,-86.945,26.135,0.899918,-0.435885,-0.012327,0.432402,0.888361,0.154410,-0.056354,-0.144287,0.987930,0,0.91027,-0.47522,54.616,-0.950,-1,-1,-1,225.000,-1,350.000,175.000,250.000,400.000,-1,-1,-1,-1,-1,400.000,-1,475.000,2,2,2,0,2,1,0,1,0,2,2,2,2,2,0,2,0
35,4707.960,8010.246,-91.218,25.200,0.907666,-0.419675,-0.003825,0.413135,0.891843,0.184216,-0.073899,-0.168787,0.982878,0,0.90832,-0.46756,54.499,-0.935,-1,-1,-1,200.000,-1,300.000,150.000,250.000,450.000,-1,-1,-1,-1,-1,325.000,-1,350.000,2,2,2,0,2,1,0,1,0,2,2,2,2,2,0,2,0
36,4757.465,8032.647,-94.774,24.282,0.914884,-0.403688,0.004861,0.393726,0.894838,0.210346,-0.089264,-0.190528,0.977615,0,0.90551,-0.45935,54.331,-0.919,-1,-1,-1,175.000,650.000,275.000,125.000,275.000,475.000,-1,0.000,-1,-1,-1,275.000,-1,250.000,2,2,2,0,0,1,0,1,0,2,0,2,2,2,0,2,0
37,4807.116,8054.166,-96.852,23.380,0.921449,-0.388302,0.012417,0.375403,0.898159,0.228875,-0.100025,-0.206235,0.973377,0,0.90177,-0.45063,54.106,-0.901,-1,900.000,-1,150.000,475.000,275.000,125.000,350.000,525.000,-1,0.000,-1,-1,-1,250.000,-1,200.000,2,1,2,0,0,1,0,1,0,2,0,2,2,2,0,2,0
38,3607.550,-4919.487,241.377,92.010,-0.027802,-0.994635,0.099639,0.996919,-0.034903,-0.070243,0.073343,0.097379,0.992541,1,0.00000,0.00000,53.824,-0.883,100.000,275.000,-1,575.000,-1,350.000,500.000,575.000,300.000,-1,475.000,125.000,200.000,350.000,-1,125.000,-1,1,1,2,0,2,1,0,1,0,2,0,1,1,1,2,1,2
39,3607.398,-4914.689,241.667,91.770,-0.023279,-0.994547,0.101654,0.996906,-0.030729,-0.072346,0.075076,0.099655,0.992186,0,0.08000,-0.12000,4.800,-0.240,100.000,275.000,-1,575.000,-1,350.000,500.000,575.000,300.000,-1,450.000,125.000,200.000,350.000,-1,125.000,-1,1,1,2,0,2,1,0,1,0,2,0,1,1,1,2,1,2
40,3607.172,-4905.091,242.229,91.302,-0.014451,-0.994311,0.105534,0.996813,-0.022607,-0.076499,0.078449,0.104092,0.991469,0,0.16000,-0.23363,9.600,-0.467,100.000,300.000,-1,575.000,-1,350.000,500.000,525.000,300.000,-1,425.000,125.000,200.000,375.000,-1,125.000,-1,1,1,2,0,2,1,0,1,0,2,0,1,1,1,2,1,2
41,3606.950,-4890.690,243.091,90.839,-0.005297,-0.993756,0.111447,0.996494,-0.014551,-0.082385,0.083492,0.110620,0.990350,0,0.24000,-0.23181,14.400,-0.464,100.000,300.000,-1,575.000,-1,375.000,525.000,475.000,300.000,-1,400.000,125.000,175.000,400.000,-1,125.000,-1,1,1,2,0,2,1,0,1,0,2,0,1,1,1,2,1,2
42,3606.806,-4871.489,244.239,90.380,0.004206,-0.992856,0.119241,0.995924,-0.006585,-0.089960,0.090103,0.119133,0.988781,0,0.32000,-0.22942,19.200,-0.459,100.000,300.000,-1,600.000,-1,400.000,525.000,400.000,300.000,-1,350.000,100.000,175.000,425.000,-1,125.000,-1,1,1,2,0,2,1,0,1,0,2,0,1,1,1,2,1,2
43,3606.816,-4847.486,245.659,89.927,0.014087,-0.991577,0.128754,0.995070,0.001261,-0.099164,0.098166,0.129516,0.986706,0,0.40000,-0.22643,24.000,-0.453,100.000,325.000,-1,600.000,-1,425.000,550.000,375.000,275.000,-1,325.000,100.000,175.000,475.000,-1,125.000,-1,1,1,2,0,2,1,0,1,0,2,0,1,1,1,2,1,2
44,3607.049,-4818.683,247.330,89.482,0.024383,-0.989877,0.139816,0.993900,0.008957,-0.109919,0.107554,0.141643,0.984058,0,0.48000,-0.22278,28.800,-0.446,100.000,350.000,-1,625.000,-1,475.000,575.000,325.000,275.000,-1,300.000,75.000,175.000,525.000,-1,125.000,-1,1,1,2,0,2,1,0,1,0,2,0,1,1,1,2,1,2
45,3607.576,-4785.083,249.229,89.045,0.035127,-0.987719,0.152243,0.992378,0.016469,-0.122126,0.118119,0.155373,0.980769,0,0.56000,-0.21841,33.600,-0.437,100.000,375.000,-1,650.000,-1,525.000,600.000,300.000,250.000,-1,250.000,50.000,175.000,600.000,-1,125.000,-1,1,1,2,0,2,1,0,1,0,2,0,1,1,1,2,1,2
46,-7543.395,-3607.749,289.118,166.635,-0.909431,-0.229851,0.346559,0.252383,-0.967407,0.020676,0.330511,0.106269,0.937800,1,0.00000,0.00000,38.400,-0.427,150.000,150.000,-1,-1,-1,150.000,275.000,-1,350.000,925.000,100.000,25.000,150.000,175.000,-1,150.000,-1,1,1,2,2,2,1,1,2,0,0,0,0,0,1,2,1,2
47,2300.026,6233.564,28.534,26.761,0.893495,-0.448543,-0.021806,0.448646,0.889478,0.086869,-0.019569,-0.087400,0.995981,1,0.08000,0.12000,4.800,0.240,-1,400.000,-1,400.000,-1,325.000,325.000,325.000,325.000,-1,975.000,925.000,-1,825.000,775.000,-1,-1,2,0,2,0,2,0,0,0,0,2,0,0,2,0,0,2,2
48,2308.560,6237.958,28.329,27.241,0.889720,-0.455979,-0.021931,0.456057,0.885689,0.086983,-0.020238,-0.087392,0.995968,0,0.16000,0.24000,9.600,0.480,-1,400.000,-1,400.000,-1,325.000,325.000,325.000,325.000,-1,975.000,950.000,-1,825.000,775.000,-1,-1,2,0,2,0,2,0,0,0,0,2,0,0,2,0,0,2,2
49,2321.279,6244.710,28.007,27.961,0.883942,-0.467073,-0.022126,0.467114,0.879890,0.087164,-0.021243,-0.087383,0.995948,0,0.24000,0.36000,14.400,0.720,-1,400.000,-1,400.000,-1,325.000,325.000,325.000,325.000,-1,975.000,950.000,-1,825.000,775.000,-1,-1,2,0,2,0,2,0,0,0,0,2,0,0,2,0,0,2,2
50,2338.084,6253.995,27.552,28.921,0.876022,-0.481750,-0.022401,0.481741,0.871942,0.087421,-0.022583,-0.087374,0.995920,0,0.32000,0.48000,19.200,0.960,-1,400.000,-1,400.000,-1,325.000,325.000,325.000,325.000,-1,975.000,975.000,-1,825.000,800.000,-1,-1,2,0,2,0,2,0,0,0,0,2,0,0,2,0,0,2,2
51,2358.842,6266.038,26.946,30.121,0.865781,-0.499905,-0.022766,0.499835,0.861662,0.087769,-0.024259,-0.087368,0.995881,0,0.40000,0.60000,24.000,1.200,-1,400.000,-1,400.000,-1,325.000,325.000,325.000,325.000,-1,975.000,975.000,-1,825.000,800.000,-1,-1,2,0,2,0,2,0,0,0,0,2,0,0,2,0,0,2,2
52,2383.381,6281.112,26.068,31.561,0.852997,-0.521417,-0.022807,0.521240,0.848854,0.088069,-0.026561,-0.087010,0.995853,0,0.48000,0.72000,28.800,1.440,-1,400.000,-1,400.000,-1,325.000,325.000,325.000,325.000,-1,1000.000,-1,-1,825.000,800.000,-1,-1,2,0,2,0,2,0,0,0,0,2,0,2,2,0,0,2,2
53,2411.482,6299.529,24.819,33.241,0.837409,-0.546126,-0.022200,0.545769,0.833274,0.088271,-0.029708,-0.086034,0.995849,0,0.56000,0.84000,33.600,1.680,-1,400.000,-1,400.000,-1,325.000,325.000,325.000,325.000,-1,-1,-1,-1,825.000,800.000,-1,-1,2,0,2,0,2,0,0,0,0,2,2,2,2,0,0,2,2
54,2442.875,6321.641,23.329,35.161,0.818723,-0.573787,-0.021480,0.573213,0.814579,0.088820,-0.033467,-0.085031,0.995816,0,0.64000,0.96000,38.400,1.920,-1,400.000,-1,400.000,-1,325.000,325.000,325.000,325.000,-1,-1,-1,-1,825.000,825.000,-1,-1,2,0,2,0,2,0,0,0,0,2,2,2,2,0,0,2,2
55,2474.487,6345.575,21.700,37.129,0.798617,-0.601482,-0.020744,0.600675,0.794455,0.089614,-0.037421,-0.084028,0.995760,0,0.66087,0.98431,39.652,1.969,-1,400.000,-1,400.000,-1,325.000,325.000,325.000,300.000,-1,-1,-1,-1,825.000,825.000,-1,-1,2,0,2,0,2,0,0,0,0,2,2,2,2,0,0,2,2
56,2505.385,6370.689,19.948,39.105,0.777494,-0.628571,-0.020030,0.627526,0.773318,0.090500,-0.041396,-0.082932,0.995695,0,0.66363,0.98781,39.818,1.976,-1,400.000,-1,400.000,-1,325.000,325.000,300.000,300.000,-1,-1,-1,-1,800.000,825.000,-1,-1,2,0,2,0,2,0,0,0,0,2,2,2,2,0,0,2,2
57,2535.523,6396.968,18.074,41.088,0.755369,-0.655014,-0.019341,0.653726,0.751183,0.091475,-0.045389,-0.081741,0.995620,0,0.66646,0.99134,39.987,1.983,-1,400.000,-1,400.000,-1,325.000,325.000,300.000,300.000,-1,-1,-1,-1,800.000,825.000,-1,-1,2,0,2,0,2,0,0,0,0,2,2,2,2,0,0,2,2
58,2564.856,6424.395,16.067,43.077,0.732256,-0.680775,-0.018633,0.679234,0.728066,0.092531,-0.049426,-0.080412,0.995535,0,0.66932,0.99489,40.159,1.990,-1,400.000,-1,400.000,-1,325.000,325.000,300.000,300.000,-1,-1,-1,-1,800.000,825.000,-1,-1,2,0,2,0,2,0,0,0,0,2,2,2,2,0,0,2,2
59,2593.339,6452.950,13.926,45.073,0.708181,-0.705804,-0.017892,0.704000,0.703996,0.093669,-0.053516,-0.078931,0.995443,0,0.67222,0.99800,40.333,1.996,-1,400.000,-1,400.000,-1,325.000,325.000,300.000,300.000,-1,-1,-1,-1,775.000,825.000,-1,-1,2,0,2,0,2,0,0,0,0,2,2,2,2,0,0,2,2
60,2620.859,6482.537,11.671,47.073,0.683192,-0.730038,-0.017140,0.727963,0.679023,0.094850,-0.057606,-0.077278,0.995344,0,0.67347,1.00000,40.408,2.000,-1,400.000,-1,400.000,-1,325.000,325.000,300.000,300.000,-1,-1,-1,-1,775.000,825.000,-1,-1,2,0,2,0,2,0,0,0,0,2,2,2,2,0,0,2,2
61,2647.331,6513.066,9.313,49.073,0.657363,-0.753396,-0.016381,0.751047,0.653223,0.096064,-0.061674,-0.075452,0.995240,0,0.67347,1.00000,40.408,2.000,-1,400.000,-1,400.000,-1,325.000,325.000,300.000,300.000,-1,-1,-1,-1,775.000,800.000,-1,-1,2,0,2,0,2,0,0,0,0,2,2,2,2,0,0,2,2
62,2672.720,6544.500,6.849,51.073,0.630725,-0.775849,-0.015627,0.773217,0.626625,0.097347,-0.065734,-0.073482,0.995128,0,0.67347,1.00000,40.408,2.000,-1,400.000,-1,400.000,-1,325.000,325.000,300.000,300.000,-1,-1,-1,-1,750.000,800.000,-1,-1,2,0,2,0,2,0,0,0,0,2,2,2,2,0,0,2,2
63,2696.998,6576.801,4.283,53.073,0.603310,-0.797368,-0.014888,0.794448,0.599258,0.098703,-0.069780,-0.071376,0.995006,0,0.67347,1.00000,40.408,2.000,-1,400.000,-1,400.000,-1,325.000,325.000,300.000,300.000,-1,-1,-1,-1,750.000,775.000,-1,-1,2,0,2,0,2,0,0,0,0,2,2,2,2,0,0,2,2
64,2720.133,6609.930,1.562,55.073,0.575162,-0.817912,-0.014470,0.814720,0.571146,0.100114,-0.073620,-0.069371,0.994871,0,0.67347,1.00000,40.408,2.000,-1,375.000,-1,400.000,-1,325.000,325.000,300.000,300.000,-1,-1,-1,-1,725.000,775.000,-1,-1,2,0,2,0,2,0,0,0,0,2,2,2,2,0,0,2,2
65,2742.098,6643.846,-1.371,57.073,0.546283,-0.837482,-0.014079,0.834046,0.542342,0.101154,-0.077079,-0.067001,0.994771,0,0.67347,1.00000,40.408,2.000,-1,375.000,-1,400.000,-1,325.000,325.000,300.000,300.000,-1,-1,-1,-1,725.000,775.000,-1,-1,2,0,2,0,2,0,0,0,0,2,2,2,2,0,0,2,2
66,2762.867,6678.507,-4.626,59.073,0.516664,-0.856084,-0.013371,0.852458,0.512894,0.101268,-0.079836,-0.063719,0.994769,0,0.67347,1.00000,40.408,2.000,-1,375.000,-1,400.000,-1,325.000,325.000,300.000,300.000,-1,-1,-1,-1,700.000,750.000,-1,-1,2,0,2,0,2,0,0,0,0,2,2,2,2,0,0,2,2
67,2782.443,6713.924,-7.990,61.073,0.486396,-0.873647,-0.012633,0.869836,0.482807,0.101401,-0.082490,-0.060310,0.994765,0,0.67446,1.00000,40.468,2.000,-1,375.000,-1,400.000,-1,300.000,325.000,300.000,300.000,-1,-1,-1,-1,700.000,750.000,-1,-1,2,0,2,0,2,0,0,0,0,2,2,2,2,0,0,2,2
68,2800.837,6750.133,-11.285,63.073,0.455558,-0.890115,-0.012715,0.886187,0.452100,0.101385,-0.084496,-0.057454,0.994766,0,0.67690,1.00000,40.614,2.000,-1,375.000,-1,400.000,-1,300.000,325.000,300.000,300.000,-1,-1,-1,-1,700.000,750.000,-1,-1,2,0,2,0,2,0,0,0,0,2,2,2,2,0,0,2,2
69,2818.019,6787.100,-14.644,65.073,0.424162,-0.905493,-0.012969,0.901469,0.420826,0.101290,-0.086260,-0.054654,0.994772,0,0.67944,1.00000,40.766,2.000,-1,375.000,-1,400.000,-1,300.000,325.000,300.000,300.000,-1,-1,-1,-1,675.000,750.000,-1,-1,2,0,2,0,2,0,0,0,0,2,2,2,2,0,0,2,2
70,2833.963,6824.790,-18.097,67.073,0.392237,-0.919769,-0.013242,0.915657,0.389028,0.101141,-0.087875,-0.051797,0.994784,0,0.68207,1.00000,40.924,2.000,-1,375.000,-1,400.000,-1,300.000,325.000,300.000,300.000,-1,-1,-1,-1,675.000,725.000,-1,-1,2,0,2,0,2,0,0,0,0,2,2,2,2,0,0,2,2
71,2848.639,6863.166,-21.649,69.073,0.359821,-0.932924,-0.013512,0.928736,0.356744,0.100909,-0.089320,-0.048858,0.994804,0,0.68478,1.00000,41.087,2.000,-1,375.000,-1,400.000,-1,300.000,325.000,300.000,300.000,-1,-1,-1,-1,675.000,725.000,-1,-1,2,0,2,0,2,0,0,0,0,2,2,2,2,0,0,2,2
72,2862.022,6902.189,-25.307,71.073,0.326948,-0.944942,-0.013742,0.940693,0.324015,0.100554,-0.090565,-0.045803,0.994837,0,0.68758,1.00000,41.255,2.000,-1,375.000,-1,400.000,-1,300.000,325.000,300.000,325.000,-1,-1,-1,-1,675.000,700.000,-1,-1,2,0,2,0,2,0,0,0,0,2,2,2,2,0,0,2,2
73,2874.085,6941.820,-29.062,73.073,0.293662,-0.955808,-0.013942,0.951507,0.290880,0.100114,-0.091635,-0.042666,0.994878,0,0.69046,1.00000,41.427,2.000,-1,375.000,-1,400.000,-1,300.000,325.000,300.000,325.000,-1,-1,-1,-1,675.000,700.000,-1,-1,2,0,2,0,2,0,0,0,0,2,2,2,2,0,0,2,2
74,2884.803,6982.020,-32.909,75.073,0.260004,-0.965505,-0.014105,0.961164,0.257380,0.099598,-0.092532,-0.039453,0.994928,0,0.69340,1.00000,41.604,2.000,-1,375.000,-1,375.000,-1,300.000,325.000,300.000,325.000,-1,-1,-1,-1,675.000,675.000,-1,-1,2,0,2,0,2,0,0,0,0,2,2,2,2,0,0,2,2
75,2895.186,7027.247,-37.280,77.073,0.226013,-0.974021,-0.014218,0.969655,0.223555,0.098951,-0.093202,-0.036151,0.994991,0,0.77340,1.00000,46.404,2.000,-1,375.000,-1,375.000,-1,300.000,300.000,300.000,325.000,-1,-1,-1,-1,675.000,675.000,-1,-1,2,0,2,0,2,0,0,0,0,2,2,2,2,0,0,2,2
76,2904.893,7077.521,-42.184,79.073,0.191730,-0.981344,-0.014271,0.976971,0.189448,0.098172,-0.093637,-0.032765,0.995067,0,0.85340,1.00000,51.204,2.000,-1,375.000,-1,375.000,-1,300.000,300.000,300.000,325.000,-1,-1,-1,-1,675.000,650.000,-1,-1,2,0,2,0,2,0,0,0,0,2,2,2,2,0,0,2,2
77,2912.962,7128.878,-47.239,81.073,0.157203,-0.987463,-0.014264,0.983093,0.155101,0.097327,-0.093894,-0.029323,0.995150,0,0.86645,1.00000,51.987,2.000,-1,375.000,-1,375.000,-1,300.000,300.000,300.000,325.000,-1,-1,-1,-1,675.000,650.000,-1,-1,2,0,2,0,2,0,0,0,0,2,2,2,2,0,0,2,2
78,2919.260,7180.713,-52.383,83.073,0.122473,-0.992370,-0.014186,0.988010,0.120556,0.096445,-0.093999,-0.025828,0.995237,0,0.87028,1.00000,52.217,2.000,-1,375.000,-1,350.000,-1,300.000,300.000,300.000,325.000,-1,-1,-1,-1,675.000,625.000,-1,-1,2,0,2,0,2,0,0,0,0,2,2,2,2,0,0,2,2
79,2923.766,7232.967,-57.366,85.073,0.087502,-0.996076,-0.013281,0.991776,0.085859,0.094917,-0.093404,-0.021478,0.995397,0,0.87414,1.00000,52.448,2.000,-1,375.000,-1,350.000,-1,300.000,300.000,325.000,300.000,-1,-1,-1,-1,-1,625.000,-1,-1,2,0,2,0,2,0,0,0,0,2,2,2,2,2,0,2,2
80,2926.457,7285.578,-61.615,87.073,0.052652,-0.998500,-0.014991,0.994395,0.051045,0.092591,-0.091687,-0.019782,0.995591,0,0.87801,1.00000,52.681,2.000,-1,375.000,-1,350.000,-1,300.000,300.000,325.000,325.000,-1,-1,-1,-1,-1,625.000,-1,-1,2,0,2,0,2,0,0,0,0,2,2,2,2,2,0,2,2
81,2927.313,7338.484,-65.857,89.073,0.017754,-0.999700,-0.016850,0.995807,0.016168,0.090044,-0.089744,-0.018378,0.995795,0,0.88189,1.00000,52.913,2.000,-1,375.000,-1,350.000,-1,300.000,300.000,325.000,325.000,-1,800.000,775.000,-1,-1,-1,-1,-1,2,0,2,0,2,0,0,0,0,2,0,0,2,2,2,2,2
82,2926.317,7391.618,-70.167,91.073,-0.017170,-0.999680,-0.018563,0.995989,-0.018732,0.087492,-0.087812,-0.016986,0.995992,0,0.88574,1.00000,53.144,2.000,-1,375.000,-1,350.000,-1,300.000,300.000,325.000,325.000,-1,675.000,675.000,-1,-1,-1,-1,-1,2,0,2,0,2,0,0,0,0,2,0,0,2,2,2,2,2
83,2923.460,7444.913,-74.546,93.070,-0.052012,-0.998444,-0.020128,0.994945,-0.053542,0.084958,-0.085903,-0.015607,0.996181,0,0.88954,0.99807,53.372,1.996,-1,375.000,-1,375.000,-1,300.000,300.000,325.000,325.000,-1,600.000,625.000,-1,-1,-1,-1,-1,2,0,2,0,2,0,0,0,0,2,0,0,2,2,2,2,2
84,2918.732,7498.300,-78.997,95.061,-0.086715,-0.996000,-0.021547,0.992683,-0.088210,0.082464,-0.084035,-0.014239,0.996361,0,0.89326,0.99577,53.596,1.992,-1,400.000,-1,375.000,-1,300.000,300.000,325.000,325.000,-1,550.000,600.000,-1,1000.000,-1,-1,-1,2,0,2,0,2,0,0,0,0,2,0,0,2,1,2,2,2
85,2912.130,7551.705,-83.521,97.047,-0.121223,-0.992363,-0.022826,0.989214,-0.122679,0.080032,-0.082221,-0.012878,0.996531,0,0.89688,0.99309,53.813,1.986,-1,400.000,-1,-1,-1,325.000,300.000,325.000,325.000,-1,500.000,600.000,-1,950.000,-1,-1,-1,2,0,2,2,2,0,0,0,0,2,0,0,2,1,2,2,2
86,2903.654,7605.057,-88.117,99.027,-0.155481,-0.987548,-0.023970,0.984555,-0.156895,0.077683,-0.080477,-0.011521,0.996690,0,0.90035,0.99000,54.021,1.980,-1,450.000,-1,-1,-1,325.000,500.000,325.000,325.000,-1,475.000,600.000,-1,900.000,-1,-1,-1,2,1,2,2,2,1,1,0,0,2,0,0,2,1,2,2,2
87,2893.309,7658.278,-92.786,101.000,-0.189433,-0.981576,-0.024989,0.978725,-0.190804,0.075438,-0.078816,-0.010167,0.996837,0,0.90363,0.98647,54.218,1.973,-1,500.000,-1,-1,-1,425.000,725.000,325.000,300.000,-1,475.000,600.000,-1,875.000,-1,-1,-1,2,1,2,2,2,1,1,0,0,2,0,0,2,1,2,2,2
88,2881.104,7711.290,-97.527,102.965,-0.223025,-0.974469,-0.025895,0.971747,-0.224350,0.073313,-0.077251,-0.008813,0.996973,0,0.90666,0.98245,54.400,1.965,-1,500.000,-1,-1,-1,475.000,750.000,300.000,300.000,-1,425.000,600.000,-1,825.000,-1,-1,-1,2,1,2,2,2,1,1,0,0,2,0,0,2,0,2,2,2
89,2867.055,7764.013,-102.340,104.921,-0.256201,-0.966255,-0.026702,0.963648,-0.257480,0.071325,-0.075793,-0.007458,0.997096,0,0.90939,0.97792,54.563,1.956,-1,500.000,-1,-1,-1,500.000,750.000,300.000,300.000,-1,400.000,625.000,-1,800.000,-1,-1,-1,2,1,2,2,2,1,1,0,0,2,0,0,2,0,2,2,2
90,2851.183,7816.364,-106.848,106.867,-0.288776,-0.956956,-0.029050,0.954412,-0.290138,0.070129,-0.075539,-0.007474,0.997115,0,0.91173,0.97282,54.704,1.946,-1,500.000,-1,-1,-1,500.000,725.000,300.000,300.000,-1,425.000,700.000,-1,825.000,-1,-1,-1,2,1,2,2,2,1,1,0,0,2,0,0,2,0,2,2,2
91,2833.518,7868.263,-119.563,108.801,-0.322825,-0.946396,-0.010903,0.941083,-0.322196,0.102724,-0.100730,0.022901,0.994650,0,0.91362,0.96712,54.817,1.934,-1,425.000,-1,-1,-1,425.000,575.000,325.000,225.000,-1,-1,-1,-1,675.000,-1,-1,-1,2,1,2,2,2,1,1,0,0,2,2,2,2,0,2,2,2
92,2814.088,7919.612,-131.754,110.722,-0.357039,-0.934083,0.003521,0.925825,-0.353378,0.134060,-0.123979,0.051125,0.990967,0,0.91493,0.96075,54.896,1.921,-1,375.000,-1,925.000,-1,350.000,475.000,350.000,175.000,-1,-1,-1,-1,550.000,-1,-1,-1,2,1,2,1,2,1,1,0,0,2,2,2,2,0,2,2,2
93,2792.940,7970.320,-142.737,112.630,-0.390865,-0.920346,0.013685,0.909076,-0.383663,0.162428,-0.144239,0.075928,0.986626,0,0.91557,0.95366,54.934,1.907,-1,325.000,-1,750.000,-1,300.000,400.000,375.000,125.000,-1,-1,-1,-1,475.000,-1,-1,-1,2,1,2,1,2,1,1,0,0,2,2,2,2,0,2,2,2
94,2770.132,8020.290,-152.640,114.521,-0.423829,-0.905531,0.019544,0.891209,-0.413082,0.187378,-0.161603,0.096834,0.982094,0,0.91538,0.94581,54.923,1.892,-1,275.000,850.000,600.000,-1,275.000,350.000,400.000,125.000,-1,-1,-1,-1,400.000,925.000,-1,-1,2,1,0,1,2,1,1,0,1,2,2,2,2,0,1,2,2
95,2745.733,8069.425,-161.627,116.396,-0.455440,-0.890026,0.020704,0.872687,-0.441728,0.208071,-0.176043,0.112832,0.977895,0,0.91423,0.93713,54.854,1.874,-1,250.000,675.000,500.000,-1,225.000,300.000,425.000,225.000,-1,-1,-1,-1,350.000,750.000,725.000,-1,2,1,0,1,2,1,1,0,1,2,2,2,2,0,1,0,2
96,2719.821,8117.621,-169.005,118.251,-0.485829,-0.873801,0.021009,0.854146,-0.469526,0.223560,-0.185483,0.126556,0.974464,0,0.91195,0.92760,54.717,1.855,-1,225.000,550.000,400.000,-1,200.000,275.000,450.000,350.000,-1,-1,-1,-1,325.000,600.000,600.000,975.000,2,1,1,1,2,1,1,0,1,2,2,2,2,0,1,0,1
97,2692.488,8164.775,-174.752,120.085,-0.514874,-0.857009,0.020990,0.835949,-0.496495,0.233843,-0.189984,0.137946,0.972048,0,0.90837,0.91719,54.502,1.834,-1,200.000,500.000,350.000,-1,200.000,250.000,475.000,500.000,-1,-1,-1,-1,325.000,500.000,600.000,775.000,2,1,0,1,2,1,1,0,1,2,2,2,2,0,1,0,1
98,1639.825,2295.750,466.941,-106.935,-0.288782,0.956592,0.039188,-0.951722,-0.291280,0.096854,0.104065,-0.009327,0.994527,1,0.00000,0.00000,54.202,1.812,-1,400.000,-1,400.000,825.000,325.000,325.000,300.000,300.000,-1,925.000,-1,-1,875.000,850.000,-1,-1,2,0,2,0,1,0,0,0,0,2,1,2,2,0,1,2,2
99,1638.438,2291.155,467.436,-106.796,-0.286451,0.957296,0.039114,-0.952454,-0.288951,0.096638,0.103813,-0.009572,0.994551,0,0.08000,0.06970,4.800,0.139,-1,400.000,-1,400.000,825.000,325.000,325.000,300.000,300.000,-1,925.000,-1,-1,875.000,850.000,-1,-1,2,0,2,0,1,0,0,0,0,2,1,2,2,0,1,2,2
100,1635.686,2281.958,468.433,-106.656,-0.284115,0.957998,0.038968,-0.953206,-0.286607,0.096202,0.103330,-0.009812,0.994599,0,0.16000,0.07011,9.600,0.140,-1,400.000,-1,400.000,825.000,325.000,325.000,300.000,300.000,-1,950.000,-1,-1,875.000,850.000,-1,-1,2,0,2,0,1,0,0,0,0,2,1,2,2,0,1,2,2
101,1631.593,2268.152,469.930,-106.514,-0.281758,0.958702,0.038753,-0.953982,-0.284233,0.095545,0.102614,-0.010049,0.994670,0,0.24000,0.07092,14.400,0.142,-1,400.000,-1,400.000,825.000,325.000,325.000,300.000,300.000,-1,975.000,-1,-1,875.000,850.000,-1,-1,2,0,2,0,1,0,0,0,0,2,1,2,2,0,1,2,2
102,1626.182,2249.731,471.930,-106.370,-0.279368,0.959413,0.038471,-0.954787,-0.281817,0.094664,0.101664,-0.010285,0.994766,0,0.32000,0.07215,19.200,0.144,-1,400.000,-1,400.000,825.000,325.000,325.000,300.000,300.000,-1,-1,-1,-1,875.000,850.000,-1,-1,2,0,2,0,1,0,0,0,0,2,2,2,2,0,1,2,2
103,1619.478,2226.686,474.431,-106.222,-0.276931,0.960133,0.038122,-0.955622,-0.279344,0.093555,0.100475,-0.010522,0.994884,0,0.40000,0.07379,24.000,0.148,-1,400.000,-1,400.000,800.000,325.000,325.000,300.000,300.000,-1,-1,-1,-1,850.000,850.000,-1,-1,2,0,2,0,1,0,0,0,0,2,2,2,2,0,1,2,2
104,1611.505,2199.012,477.436,-106.070,-0.274431,0.960867,0.037709,-0.956493,-0.276800,0.092214,0.099044,-0.010762,0.995025,0,0.48000,0.07585,28.800,0.152,-1,400.000,-1,400.000,800.000,325.000,325.000,300.000,300.000,-1,-1,-1,-1,850.000,825.000,-1,-1,2,0,2,0,1,0,0,0,0,2,2,2,2,0,1,2,2
105,1602.314,2166.694,480.943,-105.875,-0.271209,0.961800,0.037237,-0.957584,-0.273529,0.090634,0.097357,-0.011076,0.995188,0,0.56000,0.09746,33.600,0.195,-1,400.000,-1,400.000,775.000,325.000,325.000,300.000,300.000,-1,-1,-1,-1,850.000,825.000,-1,-1,2,0,2,0,1,0,0,0,0,2,2,2,2,0,1,2,2
106,1591.933,2129.725,484.956,-105.686,-0.268083,0.962696,0.036704,-0.958659,-0.270344,0.088811,0.095421,-0.011378,0.995372,0,0.64000,0.09478,38.400,0.190,-1,400.000,-1,400.000,775.000,325.000,325.000,325.000,300.000,-1,-1,-1,-1,850.000,825.000,-1,-1,2,0,2,0,1,0,0,0,0,2,2,2,2,0,1,2,2
107,1580.386,2088.097,489.476,-105.502,-0.265067,0.963553,0.036112,-0.959712,-0.267261,0.086740,0.093230,-0.011666,0.995576,0,0.72000,0.09168,43.200,0.183,-1,400.000,-1,400.000,750.000,325.000,325.000,325.000,300.000,-1,-1,-1,-1,850.000,800.000,-1,-1,2,0,2,0,1,0,0,0,0,2,2,2,2,0,1,2,2
108,1567.699,2041.804,494.375,-105.326,-0.262117,0.964362,0.036072,-0.960718,-0.264294,0.084675,0.091190,-0.012460,0.995756,0,0.80000,0.08811,48.000,0.176,-1,400.000,-1,400.000,750.000,325.000,325.000,325.000,300.000,-1,-1,-1,-1,850.000,800.000,-1,-1,2,0,2,0,1,0,0,0,0,2,2,2,2,0,1,2,2
109,1553.893,1990.842,499.442,-105.158,-0.259172,0.965105,0.037449,-0.961680,-0.261455,0.082538,0.089449,-0.014623,0.995884,0,0.88000,0.08407,52.800,0.168,-1,400.000,-1,400.000,725.000,325.000,325.000,325.000,300.000,-1,-1,-1,-1,850.000,800.000,-1,-1,2,0,2,0,1,0,0,0,0,2,2,2,2,0,1,2,2
110,1539.675,1937.774,504.669,-104.999,-0.256368,0.965789,0.039065,-0.962613,-0.258765,0.080103,0.087471,-0.017069,0.996021,0,0.91566,0.07952,54.940,0.159,-1,400.000,-1,400.000,725.000,325.000,325.000,300.000,300.000,-1,-1,-1,-1,850.000,775.000,-1,-1,2,0,2,0,1,0,0,0,0,2,2,2,2,0,1,2,2
111,1525.616,1884.750,509.471,-104.850,-0.253817,0.966444,0.039527,-0.963377,-0.256243,0.079024,0.086501,-0.018022,0.996089,0,0.91427,0.07466,54.856,0.149,-1,400.000,-1,400.000,700.000,325.000,325.000,300.000,300.000,-1,-1,-1,-1,850.000,775.000,-1,-1,2,0,2,0,1,0,0,0,0,2,2,2,2,0,1,2,2
112,1511.713,1831.794,513.899,-104.710,-0.251549,0.967071,0.038687,-0.964079,-0.253893,0.078046,0.085298,-0.017665,0.996199,0,0.91252,0.06970,54.751,0.139,-1,400.000,-1,400.000,675.000,325.000,325.000,300.000,300.000,-1,-1,-1,-1,850.000,775.000,-1,-1,2,0,2,0,1,0,0,0,0,2,2,2,2,0,1,2,2
113,1497.961,1778.928,518.306,-104.581,-0.249448,0.967648,0.037860,-0.964732,-0.251710,0.077029,0.084067,-0.017309,0.996310,0,0.91043,0.06467,54.626,0.129,-1,400.000,-1,400.000,650.000,325.000,325.000,300.000,300.000,-1,-1,-1,-1,850.000,775.000,-1,-1,2,0,2,0,1,0,0,0,1,2,2,2,2,0,1,2,2
114,1484.356,1726.174,522.691,-104.462,-0.247517,0.968175,0.037046,-0.965338,-0.249699,0.075976,0.082809,-0.016956,0.996421,0,0.90800,0.05959,54.480,0.119,-1,400.000,-1,400.000,625.000,325.000,325.000,300.000,300.000,-1,-1,-1,-1,850.000,775.000,-1,-1,2,0,2,0,1,0,0,0,1,2,2,2,2,0,1,2,2
115,1470.895,1673.553,527.052,-104.349,-0.245699,0.968668,0.036245,-0.965912,-0.247802,0.074888,0.081523,-0.016610,0.996533,0,0.90525,0.05616,54.315,0.112,-1,400.000,-1,400.000,625.000,325.000,325.000,300.000,300.000,-1,-1,-1,-1,875.000,775.000,-1,-1,2,0,2,0,1,0,0,0,1,2,2,2,2,0,1,2,2
116,1457.579,1621.084,531.387,-104.240,-0.243926,0.969145,0.035460,-0.966471,-0.245952,0.073761,0.080206,-0.016279,0.996645,0,0.90221,0.05473,54.132,0.109,-1,400.000,-1,400.000,600.000,325.000,325.000,300.000,275.000,-1,-1,-1,-1,875.000,775.000,-1,-1,2,0,2,0,1,0,0,0,1,2,2,2,2,0,1,2,2
117,1444.410,1568.784,535.672,-104.133,-0.242188,0.969606,0.034763,-0.967025,-0.244142,0.072503,0.078786,-0.016057,0.996762,0,0.89889,0.05351,53.933,0.107,-1,400.000,-1,400.000,575.000,325.000,325.000,300.000,275.000,-1,-1,-1,-1,875.000,800.000,-1,-1,2,0,2,0,1,0,0,0,1,2,2,2,2,0,1,2,2
118,1431.389,1516.665,539.933,-104.028,-0.240480,0.970056,0.034069,-0.967567,-0.242365,0.071224,0.077349,-0.015836,0.996878,0,0.89534,0.05253,53.721,0.105,-1,400.000,-1,400.000,625.000,325.000,325.000,300.000,275.000,-1,-1,-1,-1,875.000,800.000,-1,-1,2,0,2,0,1,0,0,0,1,2,2,2,2,0,1,2,2
119,1419.419,1469.232,543.808,-104.163,-0.242839,0.969490,0.033445,-0.967078,-0.244651,0.070042,0.076087,-0.015335,0.996983,0,0.81534,-0.06747,48.921,-0.135,-1,425.000,-1,400.000,-1,325.000,325.000,300.000,275.000,-1,-1,-1,-1,925.000,825.000,-1,-1,2,0,2,0,2,0,0,0,1,2,2,2,2,0,1,2,2
120,1408.344,1426.524,547.301,-104.538,-0.249256,0.967880,0.032875,-0.965529,-0.250993,0.068965,0.075001,-0.014552,0.997077,0,0.73534,-0.18747,44.121,-0.375,-1,425.000,-1,425.000,-1,325.000,325.000,300.000,275.000,-1,-1,-1,-1,975.000,850.000,-1,-1,2,0,2,0,2,0,0,0,1,2,2,2,2,0,1,2,2
121,1398.066,1388.571,550.381,-105.153,-0.259699,0.965143,0.032496,-0.962836,-0.261370,0.068064,0.074185,-0.013613,0.997152,0,0.65534,-0.30747,39.321,-0.615,-1,425.000,-1,425.000,-1,325.000,325.000,300.000,250.000,-1,-1,-1,-1,-1,875.000,-1,-1,2,0,2,0,2,0,0,0,1,2,2,2,2,2,1,2,2
122,1388.514,1355.279,552.938,-106.008,-0.274104,0.961143,0.032726,-0.958892,-0.275744,0.067017,0.073437,-0.013012,0.997215,0,0.57724,-0.42747,34.635,-0.855,-1,425.000,-1,425.000,-1,325.000,325.000,300.000,250.000,-1,-1,-1,-1,-1,925.000,-1,-1,2,0,2,0,2,0,0,0,1,2,2,2,2,2,0,2,2
123,1378.352,1322.252,555.364,-107.103,-0.292443,0.955703,0.033293,-0.953544,-0.294061,0.065431,0.072323,-0.012612,0.997302,0,0.57593,-0.54747,34.556,-1.095,-1,425.000,-1,425.000,-1,325.000,325.000,300.000,250.000,-1,-1,-1,-1,-1,950.000,-1,-1,2,0,2,1,2,0,0,0,1,2,2,2,2,2,0,2,2
124,1367.442,1289.526,557.780,-108.438,-0.314663,0.948601,0.033807,-0.946529,-0.316249,0.063792,0.071204,-0.011926,0.997390,0,0.57494,-0.66747,34.497,-1.335,-1,425.000,-1,400.000,-1,325.000,350.000,300.000,250.000,-1,-1,-1,-1,-1,950.000,-1,-1,2,0,2,1,2,0,0,0,1,2,2,2,2,2,0,2,2
125,1354.699,1254.539,560.383,-110.013,-0.340664,0.939561,0.034265,-0.937579,-0.342205,0.061975,0.069955,-0.011014,0.997489,0,0.62060,-0.78747,37.236,-1.575,-1,425.000,-1,400.000,-1,325.000,350.000,300.000,250.000,-1,-1,-1,-1,-1,950.000,-1,-1,2,0,2,1,2,0,0,0,1,2,2,2,2,2,0,2,2
126,1340.835,1219.926,562.847,-111.827,-0.370329,0.928267,0.034301,-0.926332,-0.371797,0.060634,0.069037,-0.009320,0.997571,0,0.62144,-0.90747,37.287,-1.815,-1,425.000,-1,400.000,475.000,350.000,350.000,300.000,250.000,-1,-1,-1,-1,-1,950.000,-1,-1,2,0,2,1,1,0,0,0,1,2,2,2,2,2,0,2,2
127,1325.745,1185.757,566.194,-113.827,-0.402283,0.914713,0.038311,-0.912787,-0.403961,0.060300,0.070633,-0.010712,0.997445,0,0.62254,-1.00000,37.352,-2.000,-1,425.000,-1,400.000,500.000,350.000,350.000,300.000,250.000,-1,-1,-1,-1,-1,-1,-1,-1,2,0,2,1,1,0,0,0,1,2,2,2,2,2,2,2,2
128,1309.437,1152.065,569.964,-115.827,-0.433585,0.900025,0.044252,-0.898121,-0.435622,0.060093,0.073362,-0.013688,0.997211,0,0.62384,-1.00000,37.430,-2.000,-1,425.000,-1,400.000,-1,350.000,350.000,300.000,250.000,-1,-1,-1,-1,-1,-1,-1,-1,2,0,2,1,2,0,1,0,1,2,2,2,2,2,2,2,2
129,1291.928,1118.895,573.656,-117.827,-0.464370,0.884238,0.049837,-0.882395,-0.466748,0.059376,0.075764,-0.016403,0.996991,0,0.62512,-1.00000,37.507,-2.000,-1,450.000,-1,400.000,-1,350.000,350.000,275.000,250.000,-1,-1,-1,-1,-1,-1,-1,-1,2,0,2,1,2,0,1,0,1,2,2,2,2,2,2,2,2
130,1273.234,1086.291,577.295,-119.827,-0.494594,0.867371,0.055183,-0.865623,-0.497301,0.058212,0.077934,-0.018976,0.996778,0,0.62637,-1.00000,37.582,-2.000,-1,450.000,-1,400.000,-1,375.000,350.000,275.000,250.000,-1,-1,-1,-1,-1,-1,-1,-1,2,0,2,1,2,0,1,0,1,2,2,2,2,2,2,2,2
131,1253.376,1054.297,580.878,-121.827,-0.524224,0.849445,0.060271,-0.847826,-0.527243,0.056626,0.079878,-0.021415,0.996575,0,0.62760,-1.00000,37.656,-2.000,-1,450.000,-1,400.000,-1,375.000,350.000,275.000,250.000,-1,-1,-1,-1,-1,-1,-1,-1,2,0,2,1,2,1,1,0,1,2,2,2,2,2,2,2,2
132,1232.373,1022.957,584.393,-123.827,-0.553223,0.830483,0.065138,-0.829024,-0.556537,0.054649,0.081636,-0.023768,0.996379,0,0.62878,-1.00000,37.727,-2.000,-1,475.000,-1,425.000,-1,375.000,350.000,275.000,250.000,-1,-1,-1,-1,-1,-1,-1,-1,2,0,2,1,2,1,1,0,1,2,2,2,2,2,2,2,2
133,1210.250,992.313,587.822,-125.827,-0.581550,0.810507,0.069844,-0.809238,-0.585147,0.052306,0.083264,-0.026102,0.996186,0,0.62991,-1.00000,37.795,-2.000,-1,500.000,-1,425.000,-1,375.000,375.000,275.000,250.000,-1,-1,-1,-1,-1,-1,-1,-1,2,0,2,1,2,1,1,0,1,2,2,2,2,2,2,2,2
134,1184.127,958.669,591.534,-127.827,-0.609164,0.789537,0.074497,-0.788506,-0.613035,0.049456,0.084717,-0.028615,0.995994,0,0.70991,-1.00000,42.595,-2.000,-1,525.000,-1,425.000,-1,400.000,375.000,275.000,250.000,-1,-1,-1,-1,-1,-1,-1,-1,2,0,2,1,2,1,1,0,1,2,2,2,2,2,2,2,2
135,1153.771,922.271,595.481,-129.827,-0.636048,0.767602,0.078926,-0.766852,-0.640166,0.046098,0.085911,-0.031204,0.995814,0,0.78991,-1.00000,47.395,-2.000,-1,525.000,-1,450.000,-1,400.000,375.000,275.000,250.000,-1,-1,-1,-1,-1,-1,-1,-1,2,0,2,1,2,1,1,0,1,2,2,2,2,2,2,2,2
136,1118.963,883.377,599.364,-131.827,-0.662059,0.744706,0.084206,-0.744322,-0.666487,0.042176,0.087531,-0.034753,0.995555,0,0.86991,-1.00000,52.195,-2.000,-1,550.000,-1,475.000,-1,425.000,400.000,275.000,225.000,-1,350.000,-1,-1,-1,-1,-1,-1,2,0,2,1,2,0,1,0,1,2,0,2,2,2,2,2,2
137,1079.495,842.259,603.287,-133.827,-0.687271,0.720894,0.089276,-0.720935,-0.691977,0.037688,0.088946,-0.038460,0.995294,0,0.94991,-1.00000,56.995,-2.000,-1,575.000,-1,475.000,-1,425.000,425.000,275.000,225.000,-1,250.000,-1,-1,-1,-1,-1,-1,2,0,2,1,2,0,1,0,1,2,0,2,2,2,2,2,2
138,1036.884,800.861,607.130,-135.827,-0.711717,0.696211,0.093533,-0.696694,-0.716618,0.032803,0.089865,-0.041818,0.995076,0,0.99014,-1.00000,59.409,-2.000,-1,575.000,-1,525.000,-1,450.000,450.000,275.000,225.000,-1,175.000,600.000,-1,-1,-1,-1,-1,2,0,2,1,2,0,1,0,1,2,0,0,2,2,2,2,2
139,992.924,761.038,610.748,-137.827,-0.735378,0.670694,0.096893,-0.671611,-0.740386,0.027703,0.090318,-0.044702,0.994909,0,0.98861,-1.00000,59.316,-2.000,-1,600.000,-1,600.000,-1,450.000,475.000,275.000,200.000,850.000,125.000,525.000,-1,-1,-1,-1,-1,2,0,2,1,2,0,0,0,1,0,0,0,2,2,2,2,2
