timestep,x_cm,y_cm,z_cm,yaw_deg,basis_xx,basis_xy,basis_xz,basis_yx,basis_yy,basis_yz,basis_zx,basis_zy,basis_zz,teleport_flag,throttle_cmd,steering_cmd,cmd_move_cm,cmd_turn_deg,lidar_cm_0,lidar_cm_1,lidar_cm_2,lidar_cm_3,lidar_cm_4,lidar_cm_5,lidar_cm_6,lidar_cm_7,lidar_cm_8,lidar_cm_9,lidar_cm_10,lidar_cm_11,lidar_cm_12,lidar_cm_13,lidar_cm_14,lidar_cm_15,lidar_cm_16,lidar_class_0,lidar_class_1,lidar_class_2,lidar_class_3,lidar_class_4,lidar_class_5,lidar_class_6,lidar_class_7,lidar_class_8,lidar_class_9,lidar_class_10,lidar_class_11,lidar_class_12,lidar_class_13,lidar_class_14,lidar_class_15,lidar_class_16
0,-2291.137,6888.568,246.425,-164.404,-0.962476,0.268550,-0.039000,-0.270012,-0.962072,0.038861,-0.027084,0.047933,0.998483,1,-0.08000,0.12000,-4.800,0.240,-1,375.000,-1,400.000,-1,325.000,325.000,300.000,300.000,-1,-1,-1,-1,700.000,700.000,-1,-1,2,0,2,0,2,0,0,0,0,2,2,2,2,0,0,2,2
1,-2281.913,6891.226,246.690,-163.924,-0.960189,0.276599,-0.039121,-0.278060,-0.959782,0.038736,-0.026834,0.048072,0.998483,0,-0.16000,0.24000,-9.600,0.480,-1,375.000,-1,400.000,-1,325.000,325.000,300.000,300.000,-1,-1,-1,-1,700.000,700.000,-1,-1,2,0,2,0,2,0,0,0,0,2,2,2,2,0,0,2,2
2,-2268.127,6895.387,247.080,-163.204,-0.956632,0.288635,-0.039308,-0.290095,-0.956221,0.038548,-0.026461,0.048279,0.998483,0,-0.24000,0.36000,-14.400,0.720,-1,375.000,-1,400.000,-1,325.000,325.000,300.000,300.000,-1,-1,-1,-1,700.000,700.000,-1,-1,2,0,2,0,2,0,0,0,0,2,2,2,2,0,0,2,2
3,-2249.841,6901.242,247.588,-162.244,-0.951655,0.304611,-0.039564,-0.306070,-0.951238,0.038297,-0.025969,0.048555,0.998483,0,-0.32000,0.48000,-19.200,0.960,-1,375.000,-1,400.000,-1,325.000,325.000,300.000,300.000,-1,-1,-1,-1,700.000,700.000,-1,-1,2,0,2,0,2,0,0,0,0,2,2,2,2,0,0,2,2
4,-2227.142,6909.039,248.204,-161.044,-0.945058,0.324460,-0.039896,-0.325918,-0.944635,0.037984,-0.025363,0.048900,0.998482,0,-0.40000,0.60000,-24.000,1.200,-1,375.000,-1,400.000,-1,325.000,325.000,300.000,300.000,-1,-1,-1,-1,700.000,700.000,-1,-1,2,0,2,0,2,0,0,0,0,2,2,2,2,0,0,2,2
5,-2202.808,6918.027,248.849,-159.726,-0.937335,0.346096,-0.040271,-0.347554,-0.936904,0.037647,-0.024700,0.049284,0.998479,0,-0.43235,0.65901,-25.941,1.318,-1,375.000,-1,400.000,-1,325.000,325.000,300.000,300.000,-1,-1,-1,-1,700.000,700.000,-1,-1,2,0,2,0,2,0,0,0,0,2,2,2,2,0,0,2,2
6,-2178.511,6927.644,249.476,-158.406,-0.929106,0.367570,-0.040665,-0.369029,-0.928669,0.037307,-0.024051,0.049669,0.998476,0,-0.43551,0.65970,-26.131,1.319,-1,375.000,-1,400.000,-1,325.000,325.000,300.000,300.000,-1,-1,-1,-1,700.000,700.000,-1,-1,2,0,2,0,2,0,0,0,0,2,2,2,2,0,0,2,2
7,-2154.269,6937.891,250.086,-157.085,-0.920375,0.388874,-0.041078,-0.390336,-0.919930,0.036966,-0.023414,0.050056,0.998472,0,-0.43864,0.66051,-26.318,1.321,-1,375.000,-1,400.000,-1,325.000,325.000,300.000,300.000,-1,-1,-1,-1,700.000,700.000,-1,-1,2,0,2,0,2,0,0,0,0,2,2,2,2,0,0,2,2
8,-2130.102,6948.771,250.678,-155.762,-0.911140,0.410001,-0.041511,-0.411467,-0.910689,0.036622,-0.022788,0.050448,0.998467,0,-0.44172,0.66145,-26.503,1.323,-1,375.000,-1,400.000,-1,325.000,325.000,325.000,300.000,-1,-1,-1,-1,700.000,700.000,-1,-1,2,0,2,0,2,0,0,0,0,2,2,2,2,0,0,2,2
9,-2106.027,6960.286,251.262,-154.437,-0.901405,0.430941,-0.041954,-0.432411,-0.900945,0.036325,-0.022144,0.050885,0.998459,0,-0.44477,0.66251,-26.686,1.325,-1,375.000,-1,375.000,-1,325.000,325.000,325.000,300.000,-1,-1,-1,-1,700.000,700.000,-1,-1,2,0,2,0,2,0,0,0,0,2,2,2,2,0,0,2,2
10,-2082.066,6972.437,251.843,-153.110,-0.891170,0.451683,-0.042405,-0.453162,-0.890697,0.036103,-0.021463,0.051390,0.998448,0,-0.44777,0.66368,-26.866,1.327,-1,375.000,-1,375.000,-1,325.000,325.000,325.000,300.000,-1,-1,-1,-1,700.000,725.000,-1,-1,2,0,2,0,2,0,0,0,0,2,2,2,2,0,0,2,2
11,-2058.237,6985.224,252.387,-151.780,-0.880439,0.472224,-0.042790,-0.473705,-0.879954,0.035844,-0.020727,0.051829,0.998441,0,-0.45072,0.66497,-27.043,1.330,-1,375.000,-1,375.000,-1,325.000,325.000,325.000,300.000,-1,-1,-1,-1,700.000,725.000,-1,-1,2,0,2,0,2,0,0,0,0,2,2,2,2,0,0,2,2
12,-2034.606,6998.622,252.836,-150.448,-0.869232,0.492546,-0.042836,-0.494010,-0.868733,0.035447,-0.019753,0.051973,0.998453,0,-0.45273,0.66593,-27.164,1.332,-1,375.000,-1,375.000,-1,325.000,325.000,325.000,300.000,-1,-1,-1,-1,700.000,725.000,-1,-1,2,0,2,0,2,0,0,0,0,2,2,2,2,0,0,2,2
13,-2011.294,7012.565,253.237,-149.116,-0.857559,0.512604,-0.042771,-0.514045,-0.857048,0.035028,-0.018701,0.052025,0.998471,0,-0.45273,0.66593,-27.164,1.332,-1,375.000,-1,375.000,-1,325.000,325.000,325.000,325.000,-1,-1,1000.000,-1,725.000,725.000,-1,-1,2,0,2,0,2,0,0,0,0,2,2,0,2,0,0,2,2
14,-1988.311,7027.046,253.619,-147.784,-0.845424,0.532384,-0.042737,-0.533804,-0.844898,0.034646,-0.017663,0.052103,0.998485,0,-0.45273,0.66593,-27.164,1.332,-1,375.000,-1,375.000,-1,325.000,325.000,325.000,325.000,-1,-1,925.000,-1,725.000,725.000,-1,-1,2,0,2,0,2,0,0,0,0,2,2,0,2,0,0,2,2
15,-1965.672,7042.058,253.984,-146.452,-0.832831,0.551875,-0.042735,-0.553277,-0.832291,0.034299,-0.016640,0.052209,0.998498,0,-0.45273,0.66593,-27.164,1.332,-1,375.000,-1,375.000,-1,325.000,325.000,300.000,325.000,-1,-1,875.000,-1,725.000,725.000,-1,-1,2,0,2,0,2,0,0,0,0,2,2,0,2,0,0,2,2
16,-1943.387,7057.591,254.330,-145.121,-0.819789,0.571067,-0.042769,-0.572453,-0.819233,0.033987,-0.015629,0.052345,0.998507,0,-0.45273,0.66593,-27.164,1.332,-1,375.000,-1,375.000,-1,325.000,325.000,300.000,325.000,-1,-1,825.000,-1,725.000,725.000,-1,-1,2,0,2,0,2,0,0,0,0,2,2,0,2,0,0,2,2
17,-1921.470,7073.639,254.658,-143.789,-0.806303,0.589949,-0.042839,-0.591322,-0.805731,0.033708,-0.014631,0.052510,0.998513,0,-0.45273,0.66593,-27.164,1.332,-1,375.000,-1,375.000,-1,325.000,325.000,300.000,325.000,-1,975.000,800.000,-1,725.000,725.000,-1,-1,2,0,2,0,2,0,0,0,0,2,0,0,2,0,0,2,2
18,-1899.932,7090.191,254.968,-142.457,-0.792382,0.608512,-0.042948,-0.609873,-0.791793,0.033461,-0.013644,0.052707,0.998517,0,-0.45273,0.66593,-27.164,1.332,-1,375.000,-1,375.000,-1,325.000,325.000,300.000,325.000,-1,900.000,750.000,-1,725.000,725.000,-1,-1,2,0,2,0,2,0,0,0,0,2,0,0,2,0,0,2,2
19,-1878.784,7107.240,255.278,-141.125,-0.778036,0.626746,-0.043016,-0.628093,-0.777428,0.033227,-0.012617,0.052870,0.998522,0,-0.45273,0.66593,-27.164,1.332,-1,375.000,-1,375.000,-1,325.000,325.000,325.000,325.000,-1,850.000,725.000,-1,725.000,725.000,-1,-1,2,0,2,0,2,0,0,0,0,2,0,0,2,0,0,2,2
20,-1858.038,7124.775,255.589,-139.793,-0.763272,0.644642,-0.043034,-0.645974,-0.762646,0.033008,-0.011541,0.052993,0.998528,0,-0.45273,0.66593,-27.164,1.332,-1,375.000,-1,375.000,-1,325.000,325.000,325.000,325.000,-1,775.000,700.000,-1,725.000,725.000,-1,-1,2,0,2,0,2,0,0,0,0,2,0,0,2,0,0,2,2
21,-1837.705,7142.788,255.883,-138.461,-0.748097,0.662189,-0.043090,-0.663507,-0.747450,0.032823,-0.010473,0.053146,0.998532,0,-0.45273,0.66593,-27.164,1.332,-1,375.000,-1,375.000,-1,325.000,325.000,325.000,325.000,-1,750.000,650.000,-1,725.000,725.000,-1,-1,2,0,2,0,2,0,0,0,0,2,0,0,2,0,0,2,2
22,-1817.797,7161.269,256.226,-137.129,-0.732511,0.679386,-0.043165,-0.680688,-0.731859,0.032357,-0.009608,0.053083,0.998544,0,-0.45273,0.66593,-27.164,1.332,-1,375.000,-1,375.000,-1,325.000,325.000,325.000,325.000,-1,725.000,650.000,-1,725.000,725.000,-1,-1,2,0,2,0,2,0,0,0,0,2,0,0,2,0,0,2,2
23,-1798.323,7180.208,256.572,-135.798,-0.716527,0.696217,-0.043256,-0.697504,-0.715874,0.031823,-0.008810,0.052973,0.998557,0,-0.45273,0.66593,-27.164,1.332,-1,375.000,-1,375.000,-1,325.000,325.000,325.000,325.000,-1,700.000,625.000,-1,725.000,725.000,-1,-1,2,0,2,0,2,0,0,0,0,2,0,0,2,0,0,2,2
24,-1779.295,7199.594,256.900,-134.466,-0.700156,0.712671,-0.043370,-0.713945,-0.699501,0.031322,-0.008015,0.052894,0.998568,0,-0.45273,0.66593,-27.164,1.332,-1,375.000,-1,375.000,-1,325.000,325.000,325.000,325.000,-1,675.000,625.000,-1,725.000,725.000,-1,-1,2,0,2,0,2,0,0,0,0,2,0,0,2,0,0,2,2
25,-1760.723,7219.417,257.211,-133.134,-0.683408,0.728739,-0.043508,-0.730001,-0.682749,0.030850,-0.007223,0.052844,0.998577,0,-0.45273,0.66593,-27.164,1.332,-1,375.000,-1,375.000,-1,325.000,325.000,325.000,325.000,-1,650.000,600.000,-1,725.000,725.000,-1,-1,2,0,2,0,2,0,0,0,0,2,0,0,2,0,0,2,2
26,-1742.616,7239.667,257.502,-131.802,-0.666290,0.744413,-0.043671,-0.745665,-0.665627,0.030407,-0.006433,0.052824,0.998583,0,-0.45273,0.66593,-27.164,1.332,-1,375.000,-1,375.000,-1,325.000,325.000,325.000,325.000,-1,650.000,600.000,-1,725.000,725.000,-1,-1,2,0,2,0,2,0,0,0,0,2,0,0,2,0,0,2,2
27,-1724.985,7260.332,257.775,-130.470,-0.648813,0.759683,-0.043858,-0.760927,-0.648144,0.029992,-0.005642,0.052832,0.998587,0,-0.45273,0.66593,-27.164,1.332,-1,375.000,-1,400.000,-1,325.000,325.000,325.000,325.000,-1,625.000,600.000,-1,725.000,725.000,-1,-1,2,0,2,0,2,0,0,0,0,2,0,0,2,0,0,2,2
28,-1707.840,7281.401,258.029,-129.138,-0.630987,0.774541,-0.044071,-0.775779,-0.630310,0.029603,-0.004850,0.052868,0.998590,0,-0.45273,0.66593,-27.164,1.332,-1,375.000,-1,400.000,-1,325.000,325.000,325.000,325.000,-1,625.000,575.000,-1,725.000,725.000,-1,-1,2,0,2,0,2,0,0,0,0,2,0,0,2,0,0,2,2
29,-1691.188,7302.863,258.264,-127.806,-0.612820,0.788980,-0.044309,-0.790212,-0.612135,0.029237,-0.004056,0.052931,0.998590,0,-0.45273,0.66593,-27.164,1.332,-1,375.000,-1,400.000,-1,325.000,325.000,325.000,325.000,-1,600.000,575.000,-1,750.000,725.000,-1,-1,2,0,2,0,2,0,0,0,0,2,0,0,2,0,0,2,2
30,-1675.040,7324.706,258.452,-126.474,-0.594319,0.802995,-0.044537,-0.804223,-0.593632,0.028760,-0.003345,0.052910,0.998594,0,-0.45273,0.66593,-27.164,1.332,-1,375.000,-1,375.000,-1,325.000,325.000,325.000,325.000,-1,600.000,575.000,-1,750.000,725.000,-1,-1,2,0,2,0,2,0,0,0,0,2,0,0,2,0,0,2,2
31,-1662.243,7343.048,258.537,-124.903,-0.572074,0.818985,-0.044661,-0.820198,-0.571387,0.028137,-0.002475,0.052727,0.998606,0,-0.37273,0.78593,-22.364,1.572,-1,375.000,-1,375.000,-1,325.000,325.000,325.000,325.000,-1,600.000,575.000,-1,750.000,725.000,-1,-1,2,0,2,0,2,0,0,0,0,2,0,0,2,0,0,2,2
32,-1652.654,7357.763,258.547,-123.091,-0.545906,0.836654,-0.044687,-0.837845,-0.545215,0.027492,-0.001362,0.052449,0.998623,0,-0.29273,0.90593,-17.564,1.812,-1,375.000,-1,375.000,-1,325.000,325.000,325.000,325.000,-1,600.000,575.000,-1,750.000,725.000,-1,-1,2,0,2,0,2,0,0,0,0,2,0,0,2,0,0,2,2
33,-1646.028,7368.673,258.530,-121.273,-0.519109,0.853540,-0.044670,-0.854708,-0.518405,0.027019,-0.000096,0.052205,0.998636,0,-0.21273,0.90899,-12.764,1.818,-1,375.000,-1,375.000,-1,325.000,325.000,325.000,325.000,-1,600.000,600.000,-1,750.000,725.000,-1,-1,2,0,2,0,2,0,0,0,0,2,0,0,2,0,0,2,2
34,-1642.111,7375.607,258.498,-119.455,-0.491796,0.869567,-0.044610,-0.870710,-0.491072,0.026706,0.001316,0.051976,0.998647,0,-0.13273,0.90899,-7.964,1.818,-1,375.000,-1,375.000,-1,325.000,325.000,325.000,325.000,-1,600.000,600.000,-1,750.000,725.000,-1,-1,2,0,2,0,2,0,0,0,0,2,0,0,2,0,0,2,2
35,-1640.644,7378.411,258.465,-117.637,-0.463995,0.884719,-0.044508,-0.885833,-0.463244,0.026547,0.002868,0.051744,0.998656,0,-0.05273,0.90899,-3.164,1.818,-1,375.000,-1,375.000,-1,325.000,325.000,325.000,325.000,-1,575.000,600.000,-1,750.000,725.000,-1,-1,2,0,2,0,2,0,0,0,0,2,0,0,2,0,0,2,2
36,-1641.356,7376.938,258.453,-115.819,-0.435733,0.898979,-0.044422,-0.900065,-0.434948,0.026521,0.004520,0.051539,0.998661,0,0.02727,0.90899,1.636,1.818,-1,375.000,-1,375.000,-1,325.000,325.000,325.000,325.000,-1,600.000,600.000,-1,750.000,725.000,-1,-1,2,0,2,0,2,0,0,0,0,2,0,0,2,0,0,2,2
37,-1643.974,7371.059,258.474,-114.001,-0.407037,0.912335,-0.044330,-0.913390,-0.406214,0.026624,0.006283,0.051328,0.998662,0,0.10727,0.90899,6.436,1.818,-1,375.000,-1,375.000,-1,325.000,325.000,325.000,325.000,-1,600.000,600.000,-1,750.000,725.000,-1,-1,2,0,2,0,2,0,0,0,0,2,0,0,2,0,0,2,2
38,-1648.216,7360.655,258.524,-112.183,-0.377940,0.924777,-0.044157,-0.925794,-0.377072,0.026872,0.008200,0.051036,0.998663,0,0.18727,0.90899,11.236,1.818,-1,375.000,-1,375.000,-1,325.000,325.000,325.000,325.000,-1,600.000,600.000,-1,750.000,725.000,-1,-1,2,0,2,0,2,0,0,0,0,2,0,0,2,0,0,2,2
39,-1653.796,7345.621,258.621,-110.365,-0.348468,0.936292,-0.043911,-0.937265,-0.347551,0.027264,0.010266,0.050657,0.998663,0,0.26727,0.90899,16.036,1.818,-1,400.000,-1,375.000,-1,325.000,325.000,325.000,325.000,-1,575.000,600.000,-1,750.000,725.000,-1,-1,2,0,2,0,2,0,0,0,0,2,0,0,2,0,0,2,2
40,-1660.424,7325.868,258.780,-108.547,-0.318651,0.946869,-0.043599,-0.947790,-0.317681,0.027801,0.012473,0.050181,0.998662,0,0.34727,0.90899,20.836,1.818,-1,400.000,-1,375.000,-1,325.000,325.000,325.000,325.000,-1,575.000,600.000,-1,750.000,725.000,-1,-1,2,0,2,0,2,0,0,0,0,2,0,0,2,0,0,2,2
41,-1667.803,7301.317,259.052,-106.729,-0.288515,0.956491,-0.043399,-0.957363,-0.287488,0.028414,0.014700,0.049747,0.998654,0,0.42727,0.90899,25.636,1.818,-1,400.000,-1,375.000,-1,325.000,325.000,325.000,325.000,-1,575.000,625.000,-1,775.000,725.000,-1,-1,2,0,2,0,2,0,0,0,0,2,0,0,2,0,0,2,2
42,-1675.635,7271.906,259.432,-104.911,-0.258091,0.965153,-0.043223,-0.965971,-0.257006,0.029125,0.017001,0.049269,0.998641,0,0.50727,0.90899,30.436,1.818,-1,400.000,-1,375.000,-1,325.000,325.000,325.000,325.000,-1,575.000,625.000,-1,775.000,725.000,-1,-1,2,0,2,0,2,0,0,0,0,2,0,0,2,0,0,2,2
43,-1683.617,7237.586,259.898,-103.093,-0.227402,0.972853,-0.042955,-0.973611,-0.226265,0.029765,0.019238,0.048590,0.998634,0,0.58727,0.90899,35.236,1.818,-1,400.000,-1,375.000,-1,325.000,325.000,325.000,300.000,-1,575.000,625.000,-1,800.000,725.000,-1,-1,2,0,2,0,2,0,0,0,0,2,0,0,2,0,0,2,2
44,-1691.445,7198.323,260.498,-101.275,-0.196483,0.979577,-0.042695,-0.980271,-0.195295,0.030458,0.021498,0.047837,0.998624,0,0.66727,0.90899,40.036,1.818,-1,400.000,-1,375.000,-1,325.000,325.000,325.000,300.000,-1,575.000,650.000,-1,800.000,725.000,-1,-1,2,0,2,0,2,0,0,0,0,2,0,0,2,0,0,2,2
45,-1698.812,7154.096,261.389,-99.457,-0.165332,0.985342,-0.042023,-0.985964,-0.164131,0.030610,0.023264,0.046494,0.998648,0,0.74727,0.90899,44.836,1.818,-1,400.000,-1,375.000,-1,325.000,325.000,325.000,300.000,-1,600.000,675.000,-1,825.000,725.000,-1,-1,2,0,2,0,2,0,0,0,0,2,0,0,2,0,0,2,2
46,-1705.411,7104.901,262.502,-97.639,-0.133985,0.990127,-0.041191,-0.990679,-0.132799,0.030323,0.024554,0.044869,0.998691,0,0.82727,0.90899,49.636,1.818,-1,400.000,-1,375.000,-1,325.000,325.000,325.000,300.000,-1,675.000,750.000,-1,825.000,725.000,-1,-1,2,0,2,0,2,0,0,0,0,2,0,0,2,0,0,2,2
47,-1710.496,7055.034,263.708,-95.821,-0.102495,0.993916,-0.040313,-0.994401,-0.101328,0.029999,0.025731,0.043162,0.998737,0,0.83544,0.90899,50.126,1.818,-1,400.000,-1,375.000,-1,325.000,325.000,325.000,300.000,-1,750.000,850.000,-1,825.000,750.000,-1,-1,2,0,2,0,2,0,0,0,0,2,0,0,2,0,0,2,2
48,-1713.996,7005.030,264.989,-94.003,-0.070893,0.996706,-0.039398,-0.997124,-0.069751,0.029641,0.026795,0.041386,0.998784,0,0.83544,0.90899,50.126,1.818,-1,400.000,-1,375.000,-1,325.000,325.000,300.000,300.000,-1,825.000,900.000,-1,825.000,750.000,-1,-1,2,0,2,0,2,0,0,0,0,2,0,0,2,0,0,2,2
49,-1715.909,6954.941,266.340,-92.185,-0.039211,0.998491,-0.038443,-0.998846,-0.038099,0.029250,0.027741,0.039546,0.998833,0,0.83544,0.90899,50.126,1.818,-1,400.000,-1,375.000,-1,325.000,325.000,300.000,300.000,-1,925.000,975.000,-1,850.000,750.000,-1,-1,2,0,2,0,2,0,0,0,0,2,0,0,2,0,0,2,2
50,-1716.231,6904.816,267.755,-90.367,-0.007482,0.999271,-0.037448,-0.999564,-0.006404,0.028828,0.028567,0.037648,0.998883,0,0.83544,0.90899,50.126,1.818,-1,400.000,-1,375.000,-1,325.000,325.000,300.000,300.000,-1,-1,-1,-1,850.000,750.000,-1,-1,2,0,2,0,2,0,0,0,0,2,2,2,2,0,0,2,2
51,-1715.182,6855.144,269.211,-88.789,0.020077,0.999135,-0.036429,-0.999374,0.021117,0.028390,0.029135,0.035836,0.998933,0,0.82805,0.78899,49.683,1.578,-1,400.000,-1,400.000,-1,325.000,325.000,300.000,300.000,-1,-1,-1,-1,850.000,750.000,-1,-1,2,0,2,0,2,0,0,0,0,2,2,2,2,0,0,2,2
52,-1712.942,6805.512,270.708,-87.415,0.044075,0.998402,-0.035381,-0.998593,0.045073,0.027936,0.029486,0.034099,0.998983,0,0.82805,0.68705,49.683,1.374,-1,400.000,-1,400.000,-1,325.000,325.000,300.000,300.000,-1,-1,-1,-1,850.000,775.000,-1,-1,2,0,2,0,2,0,0,0,0,2,2,2,2,0,0,2,2
53,-1709.513,6755.948,272.240,-86.041,0.068052,0.997092,-0.034298,-0.997238,0.069006,0.027462,0.029749,0.032334,0.999034,0,0.82805,0.68705,49.683,1.374,-1,400.000,-1,400.000,-1,325.000,325.000,300.000,300.000,-1,-1,-1,-1,850.000,775.000,-1,-1,2,0,2,0,2,0,0,0,0,2,2,2,2,0,0,2,2
54,-1704.896,6706.481,273.803,-84.667,0.091993,0.995207,-0.033179,-0.995310,0.092902,0.026970,0.029923,0.030543,0.999085,0,0.82805,0.68705,49.683,1.374,-1,400.000,-1,400.000,-1,325.000,325.000,300.000,300.000,-1,-1,-1,-1,850.000,775.000,-1,-1,2,0,2,0,2,0,0,0,0,2,2,2,2,0,0,2,2
55,-1699.094,6657.138,275.392,-83.293,0.115886,0.992746,-0.032024,-0.992809,0.116747,0.026464,0.030010,0.028727,0.999137,0,0.82805,0.68705,49.683,1.374,-1,400.000,-1,400.000,-1,325.000,325.000,300.000,300.000,-1,-1,-1,-1,850.000,775.000,-1,-1,2,0,2,0,2,0,0,0,0,2,2,2,2,0,0,2,2
56,-1692.110,6607.949,277.002,-81.919,0.139715,0.989712,-0.030831,-0.989737,0.140527,0.025944,0.030010,0.026890,0.999188,0,0.82805,0.68705,49.683,1.374,-1,400.000,-1,400.000,-1,325.000,325.000,300.000,300.000,-1,-1,-1,-1,850.000,775.000,-1,-1,2,0,2,0,2,0,0,0,0,2,2,2,2,0,0,2,2
57,-1683.949,6558.941,278.457,-80.545,0.163452,0.986089,-0.030210,-0.986102,0.164225,0.025162,0.029773,0.025678,0.999227,0,0.82805,0.68705,49.683,1.374,-1,400.000,-1,400.000,-1,325.000,325.000,300.000,300.000,-1,-1,-1,-1,850.000,800.000,-1,-1,2,0,2,0,2,0,0,0,0,2,2,2,2,0,0,2,2
58,-1674.615,6510.143,279.834,-79.171,0.187095,0.981892,-0.029717,-0.981905,0.187829,0.024161,0.029306,0.024659,0.999266,0,0.82805,0.68705,49.683,1.374,-1,425.000,-1,400.000,-1,325.000,325.000,300.000,300.000,-1,-1,-1,-1,850.000,800.000,-1,-1,2,0,2,0,2,0,0,0,0,2,2,2,2,0,0,2,2
59,-1664.113,6461.583,281.106,-77.796,0.210648,0.977140,-0.028720,-0.977142,0.211328,0.023124,0.028665,0.023192,0.999320,0,0.82805,0.68705,49.683,1.374,-1,400.000,-1,400.000,-1,325.000,325.000,300.000,300.000,-1,-1,-1,-1,850.000,800.000,-1,-1,2,0,2,0,2,0,0,0,0,2,2,2,2,0,0,2,2
60,-1652.450,6413.289,282.363,-76.422,0.234084,0.971825,-0.027597,-0.971817,0.234707,0.022020,0.027877,0.021665,0.999377,0,0.82805,0.68705,49.683,1.374,-1,400.000,-1,400.000,-1,325.000,325.000,300.000,300.000,-1,-1,-1,-1,850.000,800.000,-1,-1,2,0,2,0,2,0,0,0,0,2,2,2,2,0,0,2,2
61,-1639.632,6365.289,283.624,-75.048,0.257384,0.965947,-0.026465,-0.965931,0.257952,0.020906,0.027021,0.020182,0.999431,0,0.82805,0.68705,49.683,1.374,-1,400.000,-1,400.000,-1,325.000,325.000,300.000,300.000,-1,-1,-1,-1,825.000,800.000,-1,-1,2,0,2,0,2,0,0,0,0,2,2,2,2,0,0,2,2
62,-1625.667,6317.609,284.885,-73.674,0.280534,0.959510,-0.025327,-0.959489,0.281050,0.019783,0.026100,0.018752,0.999483,0,0.82805,0.68705,49.683,1.374,-1,400.000,-1,400.000,-1,325.000,325.000,300.000,300.000,-1,-1,-1,-1,825.000,800.000,-1,-1,2,0,2,0,2,0,0,0,0,2,2,2,2,0,0,2,2
63,-1610.489,6270.032,286.149,-72.306,0.303416,0.952551,-0.024183,-0.952527,0.303882,0.018643,0.025107,0.017379,0.999534,0,0.83232,0.68392,49.939,1.368,-1,400.000,-1,400.000,-1,325.000,325.000,300.000,300.000,-1,-1,-1,-1,825.000,800.000,-1,-1,2,0,2,0,2,0,0,0,0,2,2,2,2,0,0,2,2
64,-1594.105,6222.595,287.412,-70.946,0.326004,0.945088,-0.023038,-0.945063,0.326422,0.017486,0.024046,0.016072,0.999582,0,0.83646,0.68032,50.187,1.361,-1,400.000,-1,400.000,-1,325.000,325.000,300.000,300.000,-1,-1,-1,-1,800.000,800.000,-1,-1,2,0,2,0,2,0,0,0,0,2,2,2,2,0,0,2,2
65,-1576.527,6175.344,288.669,-69.593,0.348277,0.937136,-0.021897,-0.937111,0.348649,0.016310,0.022919,0.014839,0.999627,0,0.84024,0.67639,50.414,1.353,-1,400.000,-1,400.000,-1,325.000,325.000,300.000,300.000,-1,-1,-1,-1,800.000,775.000,-1,-1,2,0,2,0,2,0,0,0,0,2,2,2,2,0,0,2,2
66,-1557.769,6128.330,289.916,-68.249,0.370215,0.928714,-0.020765,-0.928692,0.370544,0.015114,0.021731,0.013688,0.999670,0,0.84364,0.67214,50.618,1.344,-1,400.000,-1,400.000,-1,325.000,325.000,300.000,300.000,-1,-1,-1,-1,775.000,775.000,-1,-1,2,0,2,0,2,0,0,0,0,2,2,2,2,0,0,2,2
67,-1539.595,6085.212,291.051,-67.144,0.388086,0.921412,-0.019737,-0.921393,0.388379,0.014004,0.020569,0.012751,0.999707,0,0.77986,0.55214,46.792,1.104,-1,400.000,-1,400.000,-1,325.000,325.000,300.000,300.000,-1,-1,-1,-1,775.000,775.000,-1,-1,2,0,2,0,2,0,0,0,0,2,2,2,2,0,0,2,2
68,-1520.714,6042.241,292.201,-66.280,0.401979,0.915459,-0.018666,-0.915443,0.402237,0.013026,0.019433,0.011851,0.999741,0,0.78228,0.43214,46.937,0.864,-1,400.000,-1,400.000,-1,325.000,325.000,300.000,300.000,-1,-1,-1,-1,775.000,775.000,-1,-1,2,0,2,0,2,0,0,0,0,2,2,2,2,0,0,2,2
69,-1501.143,5999.437,293.202,-65.429,0.415553,0.909386,-0.018259,-0.909376,0.415794,0.012275,0.018755,0.011503,0.999758,0,0.78444,0.42560,47.066,0.851,-1,400.000,-1,400.000,-1,325.000,325.000,300.000,300.000,-1,-1,-1,-1,750.000,775.000,-1,-1,2,0,2,0,2,0,0,0,0,2,2,2,2,0,0,2,2
70,-1480.898,5956.826,294.185,-64.587,0.428884,0.903182,-0.017936,-0.903176,0.429112,0.011620,0.018191,0.011216,0.999772,0,0.78626,0.42093,47.176,0.842,-1,400.000,-1,400.000,-1,325.000,325.000,300.000,300.000,-1,-1,-1,-1,750.000,750.000,-1,-1,2,0,2,0,2,0,0,0,0,2,2,2,2,0,0,2,2
71,-1459.998,5914.434,295.169,-63.755,0.441970,0.896857,-0.017616,-0.896855,0.442186,0.011056,0.017705,0.010913,0.999784,0,0.78774,0.41608,47.264,0.832,-1,400.000,-1,400.000,-1,325.000,325.000,300.000,300.000,-1,-1,-1,-1,750.000,750.000,-1,-1,2,0,2,0,2,0,0,0,0,2,2,2,2,0,0,2,2
72,-1438.460,5872.287,296.143,-62.933,0.454805,0.890422,-0.017326,-0.890424,0.455011,0.010540,0.017269,0.010634,0.999794,0,0.78885,0.41109,47.331,0.822,-1,400.000,-1,400.000,-1,325.000,325.000,300.000,300.000,-1,-1,-1,-1,750.000,750.000,-1,-1,2,0,2,0,2,0,0,0,0,2,2,2,2,0,0,2,2
73,-1416.307,5830.409,297.104,-62.121,0.467387,0.883888,-0.017072,-0.883891,0.467584,0.010071,0.016884,0.010382,0.999804,0,0.78960,0.40596,47.376,0.812,-1,400.000,-1,400.000,-1,325.000,325.000,300.000,300.000,-1,-1,-1,-1,750.000,750.000,-1,-1,2,0,2,0,2,0,0,0,0,2,2,2,2,0,0,2,2
74,-1393.559,5788.826,297.981,-61.319,0.479714,0.877266,-0.016718,-0.877264,0.479904,0.009983,0.016781,0.009877,0.999810,0,0.78998,0.40071,47.399,0.801,-1,400.000,-1,400.000,-1,325.000,325.000,300.000,300.000,-1,-1,-1,-1,725.000,750.000,-1,-1,2,0,2,0,2,0,0,0,0,2,2,2,2,0,0,2,2
75,-1370.239,5747.560,298.845,-60.529,0.491782,0.870563,-0.016468,-0.870556,0.491967,0.010015,0.016820,0.009411,0.999814,0,0.78998,0.39538,47.399,0.791,-1,400.000,-1,400.000,-1,325.000,325.000,300.000,300.000,-1,-1,-1,-1,725.000,750.000,-1,-1,2,0,2,0,2,0,0,0,0,2,2,2,2,0,0,2,2
76,-1346.371,5706.635,299.735,-59.749,0.503587,0.863787,-0.016486,-0.863777,0.503773,0.010092,0.017023,0.009158,0.999813,0,0.78962,0.38999,47.377,0.780,-1,400.000,-1,400.000,-1,325.000,325.000,300.000,300.000,-1,-1,-1,-1,725.000,750.000,-1,-1,2,0,2,0,2,0,0,0,0,2,2,2,2,0,0,2,2
77,-1321.978,5666.071,300.628,-58.980,0.515133,0.856948,-0.016656,-0.856935,0.515323,0.010189,0.017314,0.009025,0.999809,0,0.78889,0.38456,47.333,0.769,-1,400.000,-1,400.000,-1,325.000,325.000,300.000,300.000,-1,-1,-1,-1,725.000,750.000,-1,-1,2,0,2,0,2,0,0,0,0,2,2,2,2,0,0,2,2
78,-1297.084,5625.888,301.514,-58.221,0.526423,0.850054,-0.016931,-0.850039,0.526619,0.010293,0.017666,0.008974,0.999804,0,0.78781,0.37912,47.268,0.758,-1,400.000,-1,400.000,-1,325.000,325.000,300.000,300.000,-1,-1,-1,-1,725.000,750.000,-1,-1,2,0,2,0,2,0,0,0,0,2,2,2,2,0,0,2,2
79,-1271.715,5586.106,302.390,-57.474,0.537460,0.843112,-0.017313,-0.843096,0.537663,0.010401,0.018078,0.009007,0.999796,0,0.78639,0.37372,47.183,0.747,-1,375.000,-1,400.000,-1,325.000,325.000,300.000,300.000,-1,-1,-1,-1,725.000,750.000,-1,-1,2,0,2,0,2,0,0,0,0,2,2,2,2,0,0,2,2
80,-1245.892,5546.740,303.272,-56.736,0.548258,0.836121,-0.017734,-0.836105,0.548469,0.010502,0.018507,0.009070,0.999788,0,0.78466,0.36872,47.079,0.737,-1,375.000,-1,400.000,-1,325.000,325.000,300.000,300.000,-1,-1,-1,-1,725.000,750.000,-1,-1,2,0,2,0,2,0,0,0,0,2,2,2,2,0,0,2,2
81,-1219.636,5507.809,304.169,-56.004,0.558896,0.829039,-0.018147,-0.829022,0.559116,0.010591,0.018927,0.009125,0.999779,0,0.78263,0.36634,46.958,0.733,-1,375.000,-1,400.000,-1,325.000,325.000,300.000,300.000,-1,-1,-1,-1,725.000,750.000,-1,-1,2,0,2,0,2,0,0,0,0,2,2,2,2,0,0,2,2
82,-1192.966,5469.328,305.071,-55.275,0.569383,0.821863,-0.018589,-0.821845,0.569612,0.010672,0.019359,0.009201,0.999770,0,0.78033,0.36426,46.820,0.729,-1,375.000,-1,400.000,-1,325.000,325.000,300.000,300.000,-1,-1,-1,-1,725.000,750.000,-1,-1,2,0,2,0,2,0,0,0,0,2,2,2,2,0,0,2,2
83,-1165.899,5431.312,305.990,-54.550,0.579727,0.814589,-0.019008,-0.814571,0.579964,0.010740,0.019772,0.009257,0.999762,0,0.77779,0.36248,46.667,0.725,-1,375.000,-1,400.000,-1,325.000,325.000,300.000,300.000,-1,-1,-1,-1,725.000,750.000,-1,-1,2,0,2,0,2,0,0,0,0,2,2,2,2,0,0,2,2
84,-1138.453,5393.773,306.922,-53.828,0.589936,0.807216,-0.019419,-0.807198,0.590183,0.010797,0.020176,0.009306,0.999753,0,0.77504,0.36100,46.503,0.722,-1,375.000,-1,400.000,-1,325.000,325.000,300.000,300.000,-1,-1,-1,-1,725.000,750.000,-1,-1,2,0,2,0,2,0,0,0,0,2,2,2,2,0,0,2,2
85,-1110.643,5356.721,307.858,-53.109,0.600019,0.799739,-0.019858,-0.799721,0.600274,0.010844,0.020592,0.009374,0.999744,0,0.77213,0.35983,46.328,0.720,-1,375.000,-1,400.000,-1,325.000,325.000,300.000,300.000,-1,-1,-1,-1,725.000,750.000,-1,-1,2,0,2,0,2,0,0,0,0,2,2,2,2,0,0,2,2
86,-1082.481,5320.165,308.814,-52.391,0.609982,0.792155,-0.020305,-0.792135,0.610248,0.010950,0.021065,0.009405,0.999734,0,0.76908,0.35897,46.145,0.718,-1,375.000,-1,400.000,-1,325.000,325.000,300.000,300.000,-1,-1,-1,-1,725.000,750.000,-1,-1,2,0,2,0,2,0,0,0,0,2,2,2,2,0,0,2,2
87,-1053.982,5284.113,309.838,-51.674,0.619834,0.784460,-0.020709,-0.784432,0.620111,0.011345,0.021742,0.009213,0.999721,0,0.76595,0.35841,45.957,0.717,-1,375.000,-1,400.000,-1,325.000,325.000,300.000,300.000,-1,-1,-1,-1,725.000,750.000,-1,-1,2,0,2,0,2,0,0,0,0,2,2,2,2,0,0,2,2
88,-1025.154,5248.567,310.855,-50.957,0.629581,0.776647,-0.021159,-0.776612,0.629871,0.011677,0.022396,0.009081,0.999708,0,0.76276,0.35817,45.766,0.716,-1,375.000,-1,400.000,-1,325.000,325.000,300.000,300.000,-1,-1,-1,-1,725.000,750.000,-1,-1,2,0,2,0,2,0,0,0,0,2,2,2,2,0,0,2,2
89,-996.006,5213.532,311.890,-50.241,0.639230,0.768711,-0.021627,-0.768668,0.639534,0.012064,0.023105,0.008912,0.999693,0,0.75958,0.35822,45.575,0.716,-1,375.000,-1,400.000,-1,325.000,325.000,300.000,300.000,-1,-1,-1,-1,725.000,750.000,-1,-1,2,0,2,0,2,0,0,0,0,2,2,2,2,0,0,2,2
90,-966.545,5179.008,313.035,-49.524,0.648788,0.760649,-0.022079,-0.760591,0.649107,0.012696,0.023988,0.008556,0.999676,0,0.75643,0.35858,45.386,0.717,-1,375.000,-1,400.000,-1,325.000,325.000,300.000,300.000,-1,-1,-1,-1,725.000,775.000,-1,-1,2,0,2,0,2,0,0,0,0,2,2,2,2,0,0,2,2
91,-936.775,5144.996,314.196,-48.805,0.658261,0.752451,-0.022602,-0.752382,0.658596,0.013133,0.024767,0.008360,0.999658,0,0.75335,0.35923,45.201,0.718,-1,400.000,-1,400.000,-1,325.000,325.000,300.000,300.000,-1,-1,-1,-1,725.000,775.000,-1,-1,2,0,2,0,2,0,0,0,0,2,2,2,2,0,0,2,2
92,-906.698,5111.492,315.364,-48.085,0.667653,0.744112,-0.023179,-0.744036,0.668004,0.013431,0.025478,0.008279,0.999641,0,0.75038,0.36018,45.023,0.720,-1,400.000,-1,400.000,-1,325.000,325.000,300.000,300.000,-1,-1,-1,-1,750.000,775.000,-1,-1,2,0,2,0,2,0,0,0,0,2,2,2,2,0,0,2,2
93,-879.578,5081.787,316.408,-47.605,0.673852,0.738485,-0.023733,-0.738406,0.674219,0.013619,0.026059,0.008347,0.999626,0,0.67038,0.24018,40.223,0.480,-1,400.000,-1,400.000,-1,325.000,325.000,300.000,300.000,-1,-1,-1,-1,750.000,775.000,-1,-1,2,0,2,0,2,0,0,0,0,2,2,2,2,0,0,2,2
94,-855.585,5055.727,317.327,-47.364,0.676929,0.735649,-0.024248,-0.735570,0.677310,0.013727,0.026522,0.008543,0.999612,0,0.59038,0.12018,35.423,0.240,-1,400.000,-1,400.000,-1,325.000,325.000,300.000,300.000,-1,-1,-1,-1,750.000,800.000,-1,-1,2,0,2,0,2,0,0,0,0,2,2,2,2,0,0,2,2
95,-834.843,5033.199,318.122,-47.364,0.676919,0.735642,-0.024712,-0.735566,0.677312,0.013783,0.026877,0.008848,0.999600,0,0.51038,0.00018,30.623,0.000,-1,400.000,-1,400.000,-1,325.000,325.000,300.000,300.000,-1,-1,-1,-1,750.000,800.000,-1,-1,2,0,2,0,2,0,0,0,0,2,2,2,2,0,0,2,2
96,-817.431,5014.129,318.793,-47.604,0.673823,0.738466,-0.025118,-0.738395,0.674227,0.013807,0.027131,0.009243,0.999589,0,0.43038,-0.11982,25.823,-0.240,-1,400.000,-1,400.000,-1,325.000,325.000,300.000,300.000,-1,-1,-1,-1,750.000,800.000,-1,-1,2,0,2,0,2,0,0,0,0,2,2,2,2,0,0,2,2
97,-803.387,4998.485,319.341,-48.083,0.667604,0.744081,-0.025459,-0.744016,0.668019,0.013820,0.027290,0.009716,0.999580,0,0.35038,-0.23982,21.023,-0.480,-1,400.000,-1,400.000,-1,325.000,325.000,300.000,300.000,-1,-1,-1,-1,750.000,800.000,-1,-1,2,0,2,0,2,0,0,0,0,2,2,2,2,0,0,2,2
98,-792.701,4986.278,319.765,-48.803,0.658194,0.752408,-0.025730,-0.752351,0.658617,0.013834,0.027355,0.010253,0.999573,0,0.27038,-0.35982,16.223,-0.720,-1,400.000,-1,400.000,-1,325.000,325.000,300.000,300.000,-1,-1,-1,-1,750.000,800.000,-1,-1,2,0,2,0,2,0,0,0,0,2,2,2,2,0,0,2,2
99,-785.323,4977.558,320.032,-49.763,0.645496,0.763330,-0.025743,-0.763279,0.645920,0.013863,0.027210,0.010701,0.999572,0,0.19038,-0.47982,11.423,-0.960,-1,400.000,-1,400.000,-1,325.000,325.000,300.000,300.000,-1,-1,-1,-1,750.000,800.000,-1,-1,2,0,2,0,2,0,0,0,0,2,2,2,2,0,0,2,2
100,-781.151,4972.414,320.180,-50.962,0.629369,0.776681,-0.025698,-0.776638,0.629794,0.013898,0.026979,0.011211,0.999573,0,0.11038,-0.59982,6.623,-1.200,-1,400.000,-1,400.000,-1,325.000,325.000,300.000,300.000,-1,-1,-1,-1,775.000,800.000,-1,-1,2,0,2,0,2,0,0,0,0,2,2,2,2,0,0,2,2
101,-780.039,4970.970,320.211,-52.402,0.609654,0.792254,-0.025603,-0.792219,0.610078,0.013938,0.026662,0.011786,0.999575,0,0.03038,-0.71982,1.823,-1.440,-1,400.000,-1,400.000,-1,325.000,325.000,300.000,300.000,-1,-1,-1,-1,775.000,800.000,-1,-1,2,0,2,0,2,0,0,0,0,2,2,2,2,0,0,2,2
102,-781.791,4973.376,320.129,-53.931,0.588288,0.808250,-0.025477,-0.808224,0.588709,0.013972,0.026291,0.012372,0.999578,0,-0.04962,-0.76477,-2.977,-1.530,-1,400.000,-1,400.000,-1,325.000,325.000,300.000,300.000,-1,-1,-1,-1,775.000,800.000,-1,-1,2,0,2,0,2,0,0,0,0,2,2,2,2,0,0,2,2
103,-786.201,4979.782,319.937,-55.461,0.566496,0.823675,-0.025331,-0.823658,0.566914,0.013993,0.025886,0.012937,0.999581,0,-0.12962,-0.76501,-7.777,-1.530,-1,400.000,-1,400.000,-1,325.000,325.000,300.000,300.000,-1,-1,-1,-1,775.000,800.000,-1,-1,2,0,2,0,2,0,0,0,0,2,2,2,2,0,0,2,2
104,-793.052,4990.329,319.637,-56.992,0.544285,0.838523,-0.025173,-0.838514,0.544700,0.013994,0.025446,0.013491,0.999585,0,-0.20962,-0.76555,-12.577,-1.531,-1,400.000,-1,400.000,-1,325.000,325.000,300.000,300.000,-1,-1,-1,-1,775.000,800.000,-1,-1,2,0,2,0,2,0,0,0,0,2,2,2,2,0,0,2,2
105,-802.125,5005.150,319.229,-58.525,0.521666,0.852783,-0.025006,-0.852785,0.522076,0.013967,0.024966,0.014038,0.999590,0,-0.28962,-0.76623,-17.377,-1.532,-1,400.000,-1,400.000,-1,325.000,325.000,300.000,300.000,-1,-1,-1,-1,775.000,775.000,-1,-1,2,0,2,0,2,0,0,0,0,2,2,2,2,0,0,2,2
106,-813.193,5024.367,318.716,-60.059,0.498653,0.866446,-0.024836,-0.866457,0.499058,0.013901,0.024439,0.014588,0.999595,0,-0.36962,-0.76692,-22.177,-1.534,-1,400.000,-1,400.000,-1,325.000,325.000,300.000,300.000,-1,-1,-1,-1,775.000,775.000,-1,-1,2,0,2,0,2,0,0,0,0,2,2,2,2,0,0,2,2
107,-824.213,5044.742,318.183,-61.594,0.475268,0.879495,-0.024681,-0.879517,0.475667,0.013802,0.023878,0.015148,0.999600,0,-0.38607,-0.76744,-23.164,-1.535,-1,400.000,-1,400.000,-1,325.000,325.000,300.000,300.000,-1,-1,-1,-1,775.000,775.000,-1,-1,2,0,2,0,2,0,0,0,0,2,2,2,2,0,0,2,2
108,-834.504,5065.053,317.660,-63.129,0.451537,0.891915,-0.024549,-0.891949,0.451930,0.013675,0.023292,0.015721,0.999605,0,-0.37949,-0.76759,-22.769,-1.535,-1,400.000,-1,400.000,-1,325.000,325.000,300.000,300.000,-1,-1,-1,-1,775.000,775.000,-1,-1,2,0,2,0,2,0,0,0,0,2,2,2,2,0,0,2,2
109,-844.080,5085.277,317.149,-64.664,0.427489,0.903690,-0.024439,-0.903736,0.427877,0.013525,0.022679,0.016304,0.999610,0,-0.37295,-0.76734,-22.377,-1.535,-1,400.000,-1,400.000,-1,325.000,325.000,300.000,300.000,-1,-1,-1,-1,775.000,775.000,-1,-1,2,0,2,0,2,0,0,0,0,2,2,2,2,0,0,2,2
110,-852.955,5105.397,316.649,-66.197,0.403156,0.914807,-0.024353,-0.914866,0.403537,0.013354,0.022044,0.016896,0.999614,0,-0.36650,-0.76671,-21.990,-1.533,-1,400.000,-1,400.000,-1,325.000,325.000,300.000,300.000,-1,-1,-1,-1,775.000,750.000,-1,-1,2,0,2,0,2,0,0,0,0,2,2,2,2,0,0,2,2
111,-859.536,5121.277,316.250,-67.490,0.382406,0.923676,-0.024264,-0.923745,0.382782,0.013191,0.021472,0.017369,0.999619,0,-0.28650,-0.64671,-17.190,-1.293,-1,400.000,-1,400.000,-1,325.000,325.000,300.000,300.000,-1,-1,-1,-1,775.000,750.000,-1,-1,2,0,2,0,2,0,0,0,0,2,2,2,2,0,0,2,2
112,-864.068,5132.808,315.960,-68.544,0.365363,0.930550,-0.024203,-0.930628,0.365733,0.013060,0.021004,0.017753,0.999622,0,-0.20650,-0.52671,-12.390,-1.053,-1,400.000,-1,400.000,-1,325.000,325.000,300.000,300.000,-1,-1,-1,-1,775.000,750.000,-1,-1,2,0,2,0,2,0,0,0,0,2,2,2,2,0,0,2,2
113,-866.744,5139.911,315.781,-69.357,0.352117,0.935644,-0.024178,-0.935728,0.352484,0.012972,0.020659,0.018057,0.999624,0,-0.12650,-0.40671,-7.590,-0.813,-1,400.000,-1,400.000,-1,325.000,325.000,300.000,300.000,-1,-1,-1,-1,775.000,750.000,-1,-1,2,0,2,0,2,0,0,0,0,2,2,2,2,0,0,2,2
114,-867.692,5142.535,315.722,-70.132,0.339436,0.940319,-0.024157,-0.940408,0.339802,0.012981,0.020415,0.018311,0.999624,0,-0.04650,-0.38729,-2.790,-0.775,-1,400.000,-1,400.000,-1,325.000,325.000,300.000,300.000,-1,-1,-1,-1,775.000,750.000,-1,-1,2,0,2,0,2,0,0,0,0,2,2,2,2,0,0,2,2
115,-867.034,5140.635,315.771,-70.906,0.326700,0.944819,-0.024160,-0.944912,0.327065,0.013047,0.020229,0.018567,0.999623,0,0.03350,-0.38705,2.010,-0.774,-1,400.000,-1,400.000,-1,325.000,325.000,300.000,300.000,-1,-1,-1,-1,775.000,750.000,-1,-1,2,0,2,0,2,0,0,0,0,2,2,2,2,0,0,2,2
116,-864.894,5134.171,315.906,-71.680,0.313898,0.949150,-0.024143,-0.949245,0.314264,0.013115,0.020036,0.018801,0.999622,0,0.11350,-0.38723,6.810,-0.774,-1,400.000,-1,400.000,-1,325.000,325.000,300.000,300.000,-1,-1,-1,-1,775.000,750.000,-1,-1,2,0,2,0,2,0,0,0,0,2,2,2,2,0,0,2,2
117,-861.394,5123.101,316.128,-72.456,0.301018,0.953313,-0.024119,-0.953412,0.301383,0.013191,0.019844,0.019025,0.999622,0,0.19350,-0.38788,11.610,-0.776,-1,400.000,-1,400.000,-1,325.000,325.000,300.000,300.000,-1,-1,-1,-1,775.000,750.000,-1,-1,2,0,2,0,2,0,0,0,0,2,2,2,2,0,0,2,2
118,-856.660,5107.388,316.438,-73.234,0.288043,0.957314,-0.024099,-0.957416,0.288408,0.013278,0.019662,0.019248,0.999621,0,0.27350,-0.38904,16.410,-0.778,-1,400.000,-1,400.000,-1,325.000,325.000,300.000,300.000,-1,-1,-1,-1,775.000,750.000,-1,-1,2,0,2,0,2,0,0,0,0,2,2,2,2,0,0,2,2
119,-850.819,5086.998,316.835,-74.016,0.274959,0.961154,-0.024079,-0.961258,0.275324,0.013375,0.019485,0.019469,0.999621,0,0.35350,-0.39071,21.210,-0.781,-1,400.000,-1,400.000,-1,325.000,325.000,300.000,300.000,-1,-1,-1,-1,775.000,750.000,-1,-1,2,0,2,0,2,0,0,0,0,2,2,2,2,0,0,2,2
120,-844.000,5061.898,317.315,-74.801,0.261750,0.964836,-0.024057,-0.964942,0.262115,0.013478,0.019310,0.019686,0.999620,0,0.43350,-0.39290,26.010,-0.786,-1,400.000,-1,400.000,-1,325.000,325.000,300.000,300.000,-1,-1,-1,-1,775.000,750.000,-1,-1,2,0,2,0,2,0,0,0,0,2,2,2,2,0,0,2,2
121,-836.334,5032.057,317.877,-75.593,0.248402,0.968359,-0.024030,-0.968468,0.248767,0.013582,0.019130,0.019898,0.999619,0,0.51350,-0.39558,30.810,-0.791,-1,400.000,-1,400.000,-1,325.000,325.000,300.000,300.000,-1,-1,-1,-1,775.000,750.000,-1,-1,2,0,2,0,2,0,0,0,0,2,2,2,2,0,0,2,2
122,-827.955,4997.447,318.517,-76.390,0.234900,0.971723,-0.023993,-0.971835,0.235265,0.013684,0.018942,0.020103,0.999618,0,0.59350,-0.39871,35.610,-0.797,-1,400.000,-1,400.000,-1,325.000,325.000,300.000,300.000,-1,-1,-1,-1,800.000,750.000,-1,-1,2,0,2,0,2,0,0,0,0,2,2,2,2,0,0,2,2
123,-818.998,4958.042,319.233,-77.194,0.221233,0.974927,-0.023945,-0.975041,0.221597,0.013779,0.018740,0.020299,0.999618,0,0.67350,-0.40225,40.410,-0.805,-1,400.000,-1,400.000,-1,325.000,325.000,300.000,300.000,-1,-1,-1,-1,800.000,750.000,-1,-1,2,0,2,0,2,0,0,0,0,2,2,2,2,0,0,2,2
124,-809.603,4913.818,320.029,-78.007,0.207390,0.977967,-0.023863,-0.978083,0.207754,0.013889,0.018540,0.020459,0.999619,0,0.75350,-0.40613,45.210,-0.812,-1,400.000,-1,400.000,-1,325.000,325.000,300.000,300.000,-1,-1,-1,-1,800.000,750.000,-1,-1,2,0,2,0,2,0,0,0,0,2,2,2,2,0,0,2,2
125,-799.913,4864.756,320.903,-78.827,0.193366,0.980839,-0.023742,-0.980955,0.193727,0.014007,0.018338,0.020581,0.999620,0,0.83350,-0.41025,50.010,-0.821,-1,400.000,-1,400.000,-1,325.000,325.000,300.000,300.000,-1,-1,-1,-1,800.000,750.000,-1,-1,2,0,2,0,2,0,0,0,0,2,2,2,2,0,0,2,2
126,-790.142,4811.224,321.838,-79.656,0.179155,0.983538,-0.023603,-0.983654,0.179515,0.014104,0.018109,0.020691,0.999622,0,0.90693,-0.41452,54.416,-0.829,-1,400.000,-1,400.000,-1,325.000,325.000,300.000,300.000,-1,-1,-1,-1,800.000,750.000,-1,-1,2,0,2,0,2,0,0,0,0,2,2,2,2,0,0,2,2
127,-781.183,4757.721,322.753,-80.494,0.164762,0.986054,-0.023461,-0.986172,0.165119,0.014170,0.017846,0.020802,0.999624,0,0.90414,-0.41876,54.249,-0.838,-1,400.000,-1,400.000,-1,325.000,325.000,300.000,300.000,-1,-1,-1,-1,825.000,750.000,-1,-1,2,0,2,0,2,0,0,0,0,2,2,2,2,0,0,2,2
128,-773.041,4704.267,323.651,-81.339,0.150203,0.988380,-0.023316,-0.988499,0.150557,0.014210,0.017555,0.020913,0.999627,0,0.90117,-0.42257,54.070,-0.845,-1,400.000,-1,400.000,-1,325.000,325.000,300.000,300.000,-1,-1,-1,-1,825.000,750.000,-1,-1,2,0,2,0,2,0,0,0,0,2,2,2,2,0,0,2,2
129,-765.719,4650.884,324.530,-82.191,0.135495,0.990507,-0.023169,-0.990628,0.135845,0.014228,0.017240,0.021024,0.999630,0,0.89804,-0.42594,53.883,-0.852,-1,400.000,-1,400.000,-1,325.000,325.000,300.000,300.000,-1,-1,-1,-1,825.000,750.000,-1,-1,2,0,2,0,2,0,0,0,0,2,2,2,2,0,1,2,2
130,-759.222,4597.592,325.468,-83.049,0.120666,0.992433,-0.022718,-0.992553,0.121002,0.014041,0.016683,0.020854,0.999643,0,0.89478,-0.42887,53.687,-0.858,-1,400.000,-1,400.000,-1,325.000,325.000,300.000,300.000,-1,-1,-1,-1,800.000,725.000,-1,-1,2,0,2,0,2,0,0,0,0,2,2,2,2,1,1,2,2
131,-753.549,4544.410,326.371,-83.911,0.105728,0.994152,-0.021966,-0.994265,0.106047,0.013853,0.016101,0.020376,0.999663,0,0.89140,-0.43137,53.484,-0.863,-1,400.000,-1,400.000,-1,325.000,325.000,300.000,300.000,-1,-1,-1,-1,750.000,725.000,950.000,-1,2,0,2,0,2,0,0,0,0,2,2,2,2,1,1,1,2
132,-748.700,4491.355,327.173,-84.778,0.090699,0.995659,-0.020908,-0.995757,0.090996,0.013692,0.015535,0.019577,0.999688,0,0.88793,-0.43342,53.276,-0.867,-1,400.000,1000.000,375.000,-1,325.000,325.000,300.000,300.000,-1,-1,-1,-1,700.000,725.000,850.000,-1,2,0,1,0,2,0,0,0,0,2,2,2,2,1,1,1,2
133,-744.674,4438.444,327.950,-85.648,0.075591,0.996942,-0.019841,-0.997026,0.075867,0.013538,0.015002,0.018759,0.999711,0,0.88440,-0.43505,53.064,-0.870,-1,400.000,950.000,375.000,-1,325.000,325.000,300.000,300.000,-1,-1,-1,-1,650.000,750.000,775.000,-1,2,0,1,0,2,0,0,0,0,2,2,2,2,1,0,1,2
134,-740.928,4380.831,328.781,-86.280,0.064618,0.997736,-0.018655,-0.997804,0.064872,0.013364,0.014544,0.017750,0.999737,0,0.96224,-0.31584,57.734,-0.632,-1,400.000,900.000,375.000,-1,325.000,325.000,300.000,300.000,-1,-1,-1,-1,600.000,750.000,700.000,-1,2,0,1,0,2,0,0,0,0,2,2,2,2,1,0,1,2
135,-737.569,4321.234,329.626,-86.773,0.056044,0.998276,-0.017412,-0.998328,0.056277,0.013181,0.014138,0.016644,0.999762,0,0.99486,-0.24675,59.692,-0.494,800.000,400.000,875.000,375.000,-1,325.000,325.000,300.000,300.000,-1,-1,-1,-1,550.000,750.000,625.000,-1,1,0,1,0,2,0,0,0,0,2,2,2,2,1,0,1,2
136,-734.705,4261.384,330.460,-87.260,0.047587,0.998736,-0.016157,-0.998772,0.047799,0.012999,0.013755,0.015519,0.999785,0,0.99865,-0.24326,59.919,-0.487,675.000,400.000,825.000,375.000,-1,325.000,325.000,300.000,300.000,-1,-1,-1,-1,500.000,750.000,550.000,-1,1,1,1,1,2,0,0,0,0,2,2,2,2,1,0,1,2
137,-732.337,4201.430,331.284,-87.738,0.039278,0.999117,-0.014894,-0.999139,0.039470,0.012819,0.013396,0.014378,0.999807,0,1.00000,-0.23890,60.000,-0.478,575.000,350.000,775.000,375.000,-1,325.000,325.000,300.000,300.000,-1,-1,-1,-1,450.000,750.000,475.000,-1,1,1,1,1,2,1,1,0,0,2,2,2,2,1,0,1,2
138,-730.458,4141.460,332.099,-88.205,0.031147,0.999422,-0.013625,-0.999429,0.031320,0.012643,0.013063,0.013223,0.999827,0,1.00000,-0.23366,60.000,-0.467,500.000,325.000,725.000,375.000,-1,300.000,300.000,300.000,300.000,-1,-1,-1,-1,400.000,750.000,425.000,-1,1,1,1,1,2,1,1,0,0,2,2,2,2,1,0,1,2
