timestep,x_cm,y_cm,z_cm,yaw_deg,basis_xx,basis_xy,basis_xz,basis_yx,basis_yy,basis_yz,basis_zx,basis_zy,basis_zz,teleport_flag,throttle_cmd,steering_cmd,cmd_move_cm,cmd_turn_deg,lidar_cm_0,lidar_cm_1,lidar_cm_2,lidar_cm_3,lidar_cm_4,lidar_cm_5,lidar_cm_6,lidar_cm_7,lidar_cm_8,lidar_cm_9,lidar_cm_10,lidar_cm_11,lidar_cm_12,lidar_cm_13,lidar_cm_14,lidar_cm_15,lidar_cm_16,lidar_class_0,lidar_class_1,lidar_class_2,lidar_class_3,lidar_class_4,lidar_class_5,lidar_class_6,lidar_class_7,lidar_class_8,lidar_class_9,lidar_class_10,lidar_class_11,lidar_class_12,lidar_class_13,lidar_class_14,lidar_class_15,lidar_class_16
0,-8200.687,-6226.803,460.465,108.608,-0.318219,-0.947702,-0.024440,0.946296,-0.319088,0.052019,-0.057098,-0.006574,0.998347,1,0.08000,-0.12000,4.800,-0.240,-1,425.000,-1,475.000,-1,350.000,350.000,275.000,275.000,-1,-1,-1,-1,925.000,-1,-1,-1,2,0,2,0,2,0,0,0,0,2,2,2,2,0,2,2,2
1,-8203.674,-6217.680,459.909,108.128,-0.310229,-0.950340,-0.024731,0.948859,-0.311137,0.053482,-0.058521,-0.006875,0.998263,0,0.16000,-0.24000,9.600,-0.480,-1,425.000,-1,475.000,-1,350.000,350.000,275.000,275.000,-1,-1,-1,-1,925.000,-1,-1,-1,2,0,2,0,2,0,0,0,0,2,2,2,2,0,2,2,2
2,-8207.982,-6203.939,459.077,107.408,-0.298202,-0.954172,-0.025131,0.952574,-0.299169,0.055685,-0.060652,-0.007334,0.998132,0,0.24000,-0.36000,14.400,-0.720,-1,425.000,-1,475.000,-1,350.000,350.000,275.000,275.000,-1,-1,-1,-1,900.000,-1,-1,-1,2,0,2,0,2,0,0,0,0,2,2,2,2,0,2,2,2
3,-8213.419,-6185.524,457.971,106.448,-0.282093,-0.959046,-0.025594,0.957284,-0.283139,0.058640,-0.063485,-0.007958,0.997951,0,0.32000,-0.48000,19.200,-0.960,-1,425.000,-1,475.000,-1,350.000,350.000,275.000,275.000,-1,-1,-1,-1,900.000,-1,-1,-1,2,0,2,0,2,0,0,0,0,2,2,2,2,0,2,2,2
4,-8219.731,-6162.369,456.596,105.248,-0.261843,-0.964759,-0.026059,0.962781,-0.262991,0.062358,-0.067014,-0.008760,0.997714,0,0.40000,-0.60000,24.000,-1.200,-1,425.000,-1,475.000,-1,350.000,350.000,250.000,275.000,-1,-1,-1,-1,900.000,-1,-1,-1,2,0,2,0,2,0,0,0,0,2,2,2,2,0,2,2,2
5,-8226.605,-6134.400,454.956,103.808,-0.237392,-0.971054,-0.026448,0.968799,-0.238661,0.066850,-0.071228,-0.009753,0.997412,0,0.48000,-0.72000,28.800,-1.440,-1,425.000,-1,475.000,-1,350.000,350.000,250.000,275.000,-1,-1,-1,-1,875.000,-1,-1,-1,2,0,2,0,2,0,0,0,0,2,2,2,2,0,2,2,2
6,-8233.665,-6101.549,453.059,102.128,-0.208675,-0.977621,-0.026670,0.975019,-0.210087,0.072125,-0.076114,-0.010953,0.997039,0,0.56000,-0.84000,33.600,-1.680,-1,425.000,-1,450.000,-1,350.000,350.000,275.000,300.000,-1,-1,-1,-1,875.000,-1,-1,-1,2,0,2,0,2,0,0,0,0,2,2,2,2,0,2,2,2
7,-8239.760,-6067.707,451.124,100.208,-0.175653,-0.984094,-0.026534,0.981112,-0.177212,0.077561,-0.081029,-0.012409,0.996634,0,0.57310,-0.96000,34.386,-1.920,-1,400.000,-1,450.000,-1,350.000,350.000,275.000,300.000,-1,-1,-1,-1,850.000,-1,-1,-1,2,0,2,0,2,0,0,0,0,2,2,2,2,0,2,2,2
8,-8244.670,-6033.672,449.210,98.208,-0.141054,-0.989659,-0.026054,0.986270,-0.142757,0.083017,-0.085878,-0.013986,0.996208,0,0.57310,-1.00000,34.386,-2.000,-1,400.000,-1,450.000,-1,350.000,350.000,275.000,300.000,-1,-1,-1,-1,850.000,1000.000,-1,-1,2,0,2,0,2,0,0,0,0,2,2,2,2,0,0,2,2
9,-8248.389,-5999.486,447.322,96.208,-0.106289,-0.994014,-0.025263,0.990192,-0.108128,0.088477,-0.090679,-0.015611,0.995758,0,0.57310,-1.00000,34.386,-2.000,-1,400.000,-1,450.000,-1,350.000,350.000,275.000,300.000,-1,-1,-1,-1,825.000,975.000,-1,-1,2,0,2,0,2,0,0,0,0,2,2,2,2,0,0,2,2
10,-8250.913,-5965.192,445.462,94.208,-0.071401,-0.997155,-0.024162,0.992872,-0.073370,0.093927,-0.095433,-0.017283,0.995286,0,0.57310,-1.00000,34.386,-2.000,-1,400.000,-1,450.000,-1,350.000,350.000,300.000,300.000,-1,-1,-1,-1,825.000,950.000,-1,-1,2,0,2,0,2,0,0,0,0,2,2,2,2,0,0,2,2
11,-8252.239,-5930.830,443.633,92.208,-0.036435,-0.999077,-0.022750,0.994306,-0.038524,0.099354,-0.100139,-0.019001,0.994792,0,0.57310,-1.00000,34.386,-2.000,-1,400.000,-1,425.000,-1,350.000,350.000,300.000,300.000,-1,-1,-1,-1,825.000,925.000,-1,-1,2,0,2,0,2,0,0,0,0,2,2,2,2,0,0,2,2
12,-8252.364,-5896.443,440.992,90.208,-0.001535,-0.999788,-0.020532,0.994723,-0.003633,0.102529,-0.102582,-0.020266,0.994518,0,0.57310,-1.00000,34.386,-2.000,-1,425.000,-1,425.000,-1,350.000,350.000,300.000,300.000,-1,-1,-1,-1,800.000,900.000,-1,-1,2,0,2,0,2,0,0,0,0,2,2,2,2,0,0,2,2
13,-8251.290,-5862.074,437.007,88.208,0.033537,-0.999232,-0.020263,0.994102,0.031259,0.103846,-0.103133,-0.023626,0.994387,0,0.57310,-1.00000,34.386,-2.000,-1,425.000,-1,425.000,-1,350.000,350.000,300.000,300.000,-1,-1,-1,-1,800.000,900.000,-1,-1,2,0,2,0,2,0,0,0,0,2,2,2,2,0,0,2,2
14,-8249.018,-5827.762,433.053,86.208,0.068568,-0.997447,-0.019949,0.992251,0.066107,0.105201,-0.103614,-0.027007,0.994251,0,0.57310,-1.00000,34.386,-2.000,-1,425.000,-1,425.000,-1,350.000,350.000,300.000,300.000,-1,-1,-1,-1,800.000,900.000,-1,-1,2,0,2,0,2,0,0,0,0,2,2,2,2,0,0,2,2
15,-8245.549,-5793.551,429.132,84.208,0.103515,-0.994435,-0.019589,0.989173,0.100867,0.106595,-0.104026,-0.030411,0.994110,0,0.57310,-1.00000,34.386,-2.000,-1,425.000,-1,425.000,-1,350.000,350.000,300.000,300.000,-1,-1,-1,-1,800.000,875.000,-1,-1,2,0,2,0,2,0,0,0,0,2,2,2,2,0,0,2,2
16,-8240.889,-5759.482,425.246,82.208,0.138334,-0.990200,-0.019185,0.984871,0.135496,0.108026,-0.104368,-0.033838,0.993963,0,0.57310,-1.00000,34.386,-2.000,-1,425.000,-1,425.000,-1,350.000,350.000,300.000,300.000,-1,-1,-1,-1,800.000,875.000,-1,-1,2,0,2,0,2,0,0,0,0,2,2,2,2,0,0,2,2
17,-8235.043,-5725.596,421.398,80.208,0.172981,-0.984747,-0.018736,0.979351,0.169950,0.109495,-0.104640,-0.037290,0.993811,0,0.57310,-1.00000,34.386,-2.000,-1,425.000,-1,425.000,-1,350.000,350.000,275.000,300.000,-1,-1,-1,-1,775.000,875.000,-1,-1,2,0,2,0,2,0,0,0,0,2,2,2,2,0,0,2,2
18,-8228.018,-5691.934,417.590,78.208,0.207415,-0.978083,-0.018244,0.972619,0.204186,0.111000,-0.104842,-0.040768,0.993653,0,0.57310,-1.00000,34.386,-2.000,-1,425.000,-1,425.000,-1,350.000,350.000,275.000,300.000,-1,-1,-1,-1,775.000,850.000,-1,-1,2,0,2,0,2,0,0,0,0,2,2,2,2,0,0,2,2
19,-8219.823,-5658.538,413.825,76.208,0.241593,-0.970216,-0.017708,0.964683,0.238161,0.112541,-0.104972,-0.044272,0.993489,0,0.57310,-1.00000,34.386,-2.000,-1,425.000,-1,425.000,-1,350.000,350.000,275.000,275.000,-1,-1,-1,-1,775.000,850.000,-1,-1,2,0,2,0,2,0,0,0,0,2,2,2,2,0,0,2,2
20,-8210.467,-5625.449,410.104,74.208,0.275471,-0.961157,-0.017128,0.955555,0.271831,0.114118,-0.105029,-0.047803,0.993320,0,0.57310,-1.00000,34.386,-2.000,-1,425.000,-1,425.000,-1,350.000,325.000,275.000,275.000,-1,-1,-1,-1,775.000,850.000,-1,-1,2,0,2,0,2,0,0,0,0,2,2,2,2,0,0,2,2
21,-8201.547,-5597.239,406.938,72.448,0.305002,-0.952207,-0.016593,0.946547,0.301176,0.115501,-0.104984,-0.050935,0.993169,0,0.49310,-0.88000,29.586,-1.760,-1,425.000,-1,425.000,-1,325.000,325.000,300.000,275.000,-1,-1,-1,-1,775.000,825.000,-1,-1,2,0,2,0,2,0,0,0,0,2,2,2,2,0,0,2,2
22,-8193.449,-5573.812,404.313,70.928,0.330271,-0.943748,-0.016119,0.938044,0.326282,0.116679,-0.104856,-0.053656,0.993039,0,0.41310,-0.76000,24.786,-1.520,-1,400.000,-1,425.000,-1,325.000,325.000,300.000,275.000,-1,-1,-1,-1,750.000,825.000,-1,-1,2,0,2,0,2,0,0,0,0,2,2,2,2,0,0,2,2
23,-8186.431,-5555.098,402.219,69.437,0.354830,-0.934799,-0.015724,0.929077,0.350679,0.117644,-0.104459,-0.056353,0.992931,0,0.33310,-0.74560,19.986,-1.491,-1,400.000,-1,400.000,-1,325.000,325.000,300.000,275.000,-1,-1,-1,-1,750.000,825.000,-1,-1,2,0,2,0,2,0,0,0,0,2,2,2,2,0,0,2,2
24,-8180.731,-5541.021,400.649,67.946,0.379139,-0.925211,-0.015416,0.919504,0.374828,0.118390,-0.103758,-0.059061,0.992847,0,0.25310,-0.74560,15.186,-1.491,-1,400.000,-1,400.000,-1,325.000,325.000,300.000,275.000,-1,-1,-1,-1,750.000,825.000,-1,-1,2,0,2,0,2,0,0,0,0,2,2,2,2,0,0,2,2
25,-8176.584,-5531.499,399.592,66.455,0.403182,-0.914994,-0.015197,0.909334,0.398713,0.118911,-0.102744,-0.061762,0.992789,0,0.17310,-0.74560,10.386,-1.491,-1,400.000,-1,400.000,-1,325.000,325.000,300.000,275.000,-1,-1,-1,-1,750.000,825.000,-1,-1,2,0,2,0,2,0,0,0,0,2,2,2,2,0,0,2,2
26,-8174.222,-5526.436,399.035,64.963,0.426939,-0.904155,-0.015074,0.898576,0.422318,0.119202,-0.101411,-0.064437,0.992756,0,0.09310,-0.74560,5.586,-1.491,-1,400.000,-1,400.000,-1,325.000,325.000,300.000,275.000,-1,-1,-1,-1,750.000,825.000,-1,-1,2,0,2,0,2,0,0,0,0,2,2,2,2,0,0,2,2
27,-8173.872,-5525.731,398.966,63.472,0.450394,-0.892703,-0.015049,0.887240,0.445627,0.119258,-0.099756,-0.067065,0.992749,0,0.01310,-0.74560,0.786,-1.491,-1,400.000,-1,400.000,-1,325.000,325.000,300.000,275.000,-1,-1,-1,-1,750.000,825.000,-1,-1,2,0,2,0,2,0,0,0,0,2,2,2,2,0,0,2,2
28,-8175.760,-5529.273,399.367,61.981,0.473527,-0.880649,-0.015126,0.875335,0.468625,0.119076,-0.097776,-0.069627,0.992770,0,-0.06690,-0.74560,-4.014,-1.491,-1,400.000,-1,400.000,-1,325.000,325.000,300.000,275.000,-1,-1,-1,-1,750.000,825.000,-1,-1,2,0,2,0,2,0,0,0,0,2,2,2,2,0,0,2,2
29,-8180.103,-5536.942,400.220,60.490,0.496323,-0.868003,-0.015308,0.862872,0.491297,0.118654,-0.095471,-0.072100,0.992818,0,-0.14690,-0.74560,-8.814,-1.491,-1,400.000,-1,400.000,-1,325.000,325.000,300.000,275.000,-1,-1,-1,-1,775.000,825.000,-1,-1,2,0,2,0,2,0,0,0,0,2,2,2,2,0,0,2,2
30,-8187.116,-5548.609,401.505,58.999,0.518765,-0.854775,-0.015597,0.849861,0.513630,0.117990,-0.092844,-0.074464,0.992892,0,-0.22690,-0.74560,-13.614,-1.491,-1,400.000,-1,400.000,-1,325.000,325.000,300.000,275.000,-1,-1,-1,-1,775.000,825.000,-1,-1,2,0,2,0,2,0,0,0,0,2,2,2,2,0,0,2,2
31,-8197.009,-5564.139,403.198,57.507,0.540836,-0.840976,-0.015992,0.836310,0.535609,0.117084,-0.089899,-0.076698,0.992993,0,-0.30690,-0.74560,-18.414,-1.491,-1,425.000,-1,400.000,-1,325.000,325.000,300.000,300.000,-1,-1,-1,-1,775.000,825.000,-1,-1,2,0,2,0,2,0,0,0,0,2,2,2,2,0,0,2,2
32,-8209.986,-5583.387,405.273,56.016,0.562521,-0.826618,-0.016495,0.822230,0.557222,0.115936,-0.086644,-0.078779,0.993120,0,-0.38690,-0.74560,-23.214,-1.491,-1,425.000,-1,400.000,-1,325.000,325.000,300.000,300.000,-1,-1,-1,-1,800.000,825.000,-1,-1,2,0,2,0,2,0,0,0,0,2,2,2,2,0,0,2,2
33,-8220.690,-5598.369,406.920,54.460,0.584753,-0.811034,-0.016971,0.806891,0.579355,0.115217,-0.083613,-0.081068,0.993195,0,-0.30690,-0.77799,-18.414,-1.556,-1,425.000,-1,400.000,-1,325.000,325.000,300.000,300.000,-1,-1,-1,-1,800.000,825.000,-1,-1,2,0,2,0,2,0,0,0,0,2,2,2,2,0,0,2,2
34,-8228.903,-5609.225,408.176,52.904,0.606568,-0.794841,-0.017420,0.790902,0.601042,0.114994,-0.080932,-0.083529,0.993213,0,-0.22690,-0.77799,-13.614,-1.556,-1,425.000,-1,400.000,-1,325.000,325.000,300.000,300.000,-1,-1,-1,-1,800.000,825.000,-1,-1,2,0,2,0,2,0,0,0,0,2,2,2,2,0,0,2,2
35,-8234.409,-5616.106,408.998,51.348,0.627930,-0.778068,-0.017749,0.774311,0.622275,0.114964,-0.078405,-0.085933,0.993211,0,-0.14690,-0.77799,-8.814,-1.556,-1,425.000,-1,400.000,-1,325.000,325.000,300.000,300.000,-1,-1,-1,-1,825.000,825.000,-1,-1,2,0,2,0,2,0,0,0,0,2,2,2,2,0,0,2,2
36,-8237.001,-5619.170,409.410,49.792,0.648824,-0.760726,-0.017963,0.757131,0.643040,0.115123,-0.076027,-0.088295,0.993189,0,-0.06690,-0.77799,-4.014,-1.556,-1,425.000,-1,400.000,-1,325.000,325.000,300.000,300.000,-1,-1,-1,-1,825.000,825.000,-1,-1,2,0,2,0,2,0,0,0,0,2,2,2,2,0,0,2,2
37,-8236.478,-5618.581,409.434,48.236,0.669238,-0.742828,-0.018064,0.739375,0.663319,0.115467,-0.073790,-0.090631,0.993147,0,0.01310,-0.77799,0.786,-1.556,-1,425.000,-1,400.000,-1,325.000,325.000,300.000,300.000,-1,-1,-1,-1,825.000,800.000,-1,-1,2,0,2,0,2,0,0,0,0,2,2,2,2,0,0,2,2
38,-8232.647,-5614.514,409.095,46.680,0.689157,-0.724387,-0.018057,0.721057,0.683098,0.115993,-0.071689,-0.092958,0.993086,0,0.09310,-0.77799,5.586,-1.556,-1,425.000,-1,400.000,-1,325.000,325.000,300.000,300.000,-1,-1,-1,-1,825.000,800.000,-1,-1,2,0,2,0,2,0,0,0,0,2,2,2,2,0,0,2,2
39,-8225.319,-5607.151,408.468,45.124,0.708553,-0.705430,-0.017914,0.702222,0.702375,0.116417,-0.069542,-0.095067,0.993039,0,0.17310,-0.77799,10.386,-1.556,-1,425.000,-1,400.000,-1,325.000,325.000,300.000,300.000,-1,-1,-1,-1,825.000,800.000,-1,-1,2,0,2,0,2,0,0,0,0,2,2,2,2,0,0,2,2
40,-8214.316,-5596.682,407.569,43.568,0.727416,-0.685969,-0.017665,0.682883,0.721136,0.116767,-0.067360,-0.097001,0.993002,0,0.25310,-0.77799,15.186,-1.556,-1,425.000,-1,400.000,-1,325.000,325.000,300.000,300.000,-1,-1,-1,-1,825.000,800.000,-1,-1,2,0,2,0,2,0,0,0,0,2,2,2,2,0,0,2,2
41,-8199.467,-5583.303,406.386,42.012,0.745741,-0.666010,-0.017345,0.663034,0.739357,0.117202,-0.065233,-0.098903,0.992957,0,0.33310,-0.77799,19.986,-1.556,-1,425.000,-1,400.000,-1,325.000,325.000,300.000,300.000,-1,-1,-1,-1,825.000,775.000,-1,-1,2,0,2,0,2,0,0,0,0,2,2,2,2,0,0,2,2
42,-8180.607,-5567.217,404.908,40.456,0.763520,-0.645557,-0.017137,0.642700,0.757015,0.117750,-0.063042,-0.100918,0.992895,0,0.41310,-0.77799,24.786,-1.556,-1,425.000,-1,400.000,-1,325.000,325.000,300.000,300.000,-1,-1,-1,-1,825.000,775.000,-1,-1,2,0,2,0,2,0,0,0,0,2,2,2,2,0,0,2,2
43,-8157.661,-5548.539,403.023,39.140,0.778133,-0.627855,-0.017510,0.625140,0.771462,0.118516,-0.060903,-0.103167,0.992798,0,0.49310,-0.65799,29.586,-1.316,-1,425.000,-1,400.000,-1,325.000,325.000,300.000,300.000,-1,-1,-1,-1,825.000,775.000,-1,-1,2,0,2,0,2,0,0,0,0,2,2,2,2,0,0,2,2
44,-8130.589,-5527.336,400.851,38.064,0.789783,-0.613127,-0.017854,0.610521,0.782949,0.119396,-0.059226,-0.105197,0.992686,0,0.57310,-0.53799,34.386,-1.076,-1,425.000,-1,400.000,-1,325.000,325.000,300.000,300.000,-1,-1,-1,-1,825.000,775.000,-1,-1,2,0,2,0,2,0,0,0,0,2,2,2,2,0,0,2,2
45,-8099.388,-5503.626,398.383,37.228,0.798651,-0.601520,-0.018170,0.598990,0.791655,0.120386,-0.058030,-0.107030,0.992561,0,0.65310,-0.41799,39.186,-0.836,-1,425.000,-1,400.000,-1,325.000,325.000,300.000,300.000,-1,-1,-1,-1,825.000,775.000,-1,-1,2,0,2,0,2,0,0,0,0,2,2,2,2,0,0,2,2
46,-8064.091,-5477.377,395.727,36.633,0.804906,-0.593116,-0.018437,0.590592,0.797686,0.122058,-0.057687,-0.109134,0.992352,0,0.73310,-0.29799,43.986,-0.596,-1,425.000,-1,400.000,-1,325.000,325.000,300.000,300.000,-1,-1,-1,-1,825.000,775.000,-1,-1,2,0,2,0,2,0,0,0,0,2,2,2,2,0,0,2,2
47,-8028.292,-5451.099,393.062,36.277,0.808633,-0.588018,-0.018640,0.585452,0.801176,0.123945,-0.057948,-0.111139,0.992114,0,0.74014,-0.17799,44.408,-0.356,-1,425.000,-1,400.000,-1,325.000,325.000,300.000,300.000,-1,-1,-1,-1,825.000,775.000,-1,-1,2,0,2,0,2,0,0,0,0,2,2,2,2,0,0,2,2
48,-7992.440,-5424.893,390.358,36.161,0.809892,-0.586278,-0.018786,0.583632,0.802205,0.125862,-0.058719,-0.112899,0.991870,0,0.74014,-0.05799,44.408,-0.116,-1,425.000,-1,400.000,-1,325.000,325.000,300.000,300.000,-1,-1,-1,-1,800.000,775.000,-1,-1,2,0,2,0,2,0,0,0,0,2,2,2,2,0,0,2,2
49,-7956.644,-5398.610,387.594,36.285,0.808705,-0.587911,-0.018882,0.585145,0.800795,0.127800,-0.060014,-0.114402,0.991620,0,0.74014,0.06201,44.408,0.124,-1,400.000,-1,400.000,-1,325.000,325.000,300.000,300.000,-1,-1,-1,-1,800.000,775.000,-1,-1,2,0,2,0,2,0,0,0,0,2,2,2,2,0,0,2,2
50,-7921.017,-5372.101,384.765,36.649,0.805053,-0.592898,-0.019015,0.589976,0.796924,0.129775,-0.061790,-0.115694,0.991361,0,0.74014,0.18201,44.408,0.364,-1,400.000,-1,400.000,-1,325.000,325.000,300.000,300.000,-1,-1,-1,-1,800.000,775.000,-1,-1,2,0,2,0,2,0,0,0,0,2,2,2,2,0,0,2,2
51,-7885.671,-5345.217,381.841,37.253,0.798874,-0.601194,-0.019147,0.598075,0.790534,0.131766,-0.064081,-0.116716,0.991096,0,0.74014,0.30201,44.408,0.604,-1,400.000,-1,400.000,-1,325.000,325.000,300.000,300.000,-1,-1,-1,-1,800.000,800.000,-1,-1,2,0,2,0,2,0,0,0,0,2,2,2,2,0,0,2,2
52,-7850.724,-5317.817,378.903,38.097,0.790040,-0.612752,-0.019279,0.609431,0.781565,0.133228,-0.066568,-0.117005,0.990898,0,0.74014,0.42201,44.408,0.844,-1,400.000,-1,400.000,-1,325.000,325.000,300.000,300.000,-1,-1,-1,-1,775.000,800.000,-1,-1,2,0,2,0,2,0,0,0,0,2,2,2,2,0,0,2,2
53,-7816.302,-5289.762,375.933,39.181,0.778404,-0.627465,-0.019393,0.623934,0.769877,0.134150,-0.069244,-0.116523,0.990771,0,0.74014,0.54201,44.408,1.084,-1,400.000,-1,400.000,-1,325.000,325.000,300.000,300.000,-1,-1,-1,-1,775.000,825.000,-1,-1,2,0,2,0,2,0,0,0,0,2,2,2,2,0,0,2,2
54,-7782.421,-5261.056,372.829,40.274,0.766387,-0.642083,-0.019500,0.638337,0.757812,0.135081,-0.071956,-0.115972,0.990643,0,0.74014,0.54671,44.408,1.093,-1,400.000,-1,400.000,-1,325.000,325.000,300.000,300.000,-1,-1,-1,-1,775.000,825.000,-1,-1,2,0,2,0,2,0,0,0,0,2,2,2,2,0,0,2,2
55,-7750.548,-5232.850,369.858,41.509,0.752458,-0.658370,-0.018860,0.654310,0.743927,0.135836,-0.075400,-0.114551,0.990552,0,0.70938,0.61724,42.563,1.234,-1,400.000,-1,400.000,-1,325.000,325.000,300.000,300.000,-1,-1,-1,-1,775.000,825.000,-1,-1,2,0,2,0,2,0,0,0,0,2,2,2,2,0,0,2,2
56,-7719.290,-5203.964,366.760,42.743,0.738176,-0.674363,-0.018177,0.669982,0.729698,0.136621,-0.078868,-0.113029,0.990457,0,0.70938,0.61724,42.563,1.234,-1,400.000,-1,400.000,-1,325.000,325.000,300.000,300.000,-1,-1,-1,-1,775.000,825.000,-1,-1,2,0,2,0,2,0,0,0,0,2,2,2,2,0,0,2,2
57,-7688.662,-5174.412,363.505,43.978,0.723543,-0.690057,-0.017491,0.685359,0.715135,0.137351,-0.082271,-0.111367,0.990368,0,0.70938,0.61724,42.563,1.234,-1,400.000,-1,400.000,-1,325.000,325.000,300.000,300.000,-1,-1,-1,-1,775.000,825.000,-1,-1,2,0,2,0,2,0,0,0,0,2,2,2,2,0,0,2,2
58,-7658.676,-5144.208,359.889,45.212,0.708509,-0.705505,-0.016691,0.700561,0.700301,0.137083,-0.085023,-0.108818,0.990419,0,0.70938,0.61724,42.563,1.234,-1,400.000,-1,400.000,-1,325.000,325.000,300.000,300.000,-1,-1,-1,-1,750.000,825.000,-1,-1,2,0,2,0,2,0,0,0,0,2,2,2,2,0,0,2,2
59,-7629.338,-5113.354,356.124,46.447,0.693125,-0.720643,-0.015846,0.715460,0.685132,0.136790,-0.087721,-0.106150,0.990473,0,0.70961,0.61748,42.577,1.235,-1,400.000,-1,400.000,-1,325.000,325.000,300.000,300.000,-1,-1,-1,-1,750.000,825.000,-1,-1,2,0,2,0,2,0,0,0,0,2,2,2,2,0,0,2,2
60,-7600.603,-5081.796,352.204,47.685,0.677361,-0.735498,-0.014951,0.730079,0.669596,0.136473,-0.090364,-0.103357,0.990531,0,0.71136,0.61916,42.682,1.238,-1,400.000,-1,400.000,-1,325.000,325.000,300.000,300.000,-1,-1,-1,-1,750.000,825.000,-1,-1,2,0,2,0,2,0,0,0,0,2,2,2,2,0,0,2,2
61,-7572.488,-5049.541,348.130,48.927,0.661221,-0.750061,-0.014008,0.744411,0.653698,0.136131,-0.092950,-0.100440,0.990592,0,0.71316,0.62082,42.789,1.242,-1,400.000,-1,400.000,-1,325.000,325.000,300.000,300.000,-1,-1,-1,-1,750.000,825.000,-1,-1,2,0,2,0,2,0,0,0,0,2,2,2,2,0,0,2,2
62,-7545.009,-5016.599,343.903,50.172,0.644708,-0.764318,-0.013013,0.758443,0.637442,0.135764,-0.095472,-0.097398,0.990656,0,0.71499,0.62245,42.900,1.245,-1,400.000,-1,400.000,-1,325.000,325.000,300.000,300.000,-1,-1,-1,-1,750.000,825.000,-1,-1,2,0,2,0,2,0,0,0,0,2,2,2,2,0,0,2,2
63,-7518.185,-4982.977,339.750,51.420,0.627875,-0.778207,-0.012907,0.772207,0.620790,0.135335,-0.097307,-0.094940,0.990716,0,0.71687,0.62406,43.012,1.248,-1,400.000,-1,400.000,-1,325.000,325.000,275.000,300.000,-1,-1,-1,-1,725.000,825.000,-1,-1,2,0,2,0,2,0,0,0,0,2,2,2,2,0,0,2,2
64,-7492.032,-4948.686,335.475,52.671,0.610694,-0.791762,-0.012844,0.785646,0.603788,0.134909,-0.099060,-0.092479,0.990775,0,0.71880,0.62565,43.128,1.251,-1,400.000,-1,400.000,-1,325.000,325.000,275.000,300.000,-1,-1,-1,-1,725.000,850.000,-1,-1,2,0,2,0,2,0,0,0,0,2,2,2,2,0,0,2,2
65,-7466.565,-4913.735,331.048,53.926,0.593163,-0.804982,-0.012702,0.798750,0.586450,0.134445,-0.100777,-0.089894,0.990840,0,0.72077,0.62721,43.246,1.254,-1,400.000,-1,400.000,-1,325.000,325.000,275.000,300.000,-1,-1,-1,-1,725.000,850.000,-1,-1,2,0,2,0,2,0,0,0,0,2,2,2,2,0,0,2,2
66,-7441.803,-4878.135,326.468,55.183,0.575288,-0.817856,-0.012482,0.811510,0.568780,0.133946,-0.102449,-0.087187,0.990910,0,0.72278,0.62874,43.367,1.257,1000.000,400.000,-1,400.000,-1,325.000,325.000,275.000,300.000,-1,-1,-1,-1,725.000,850.000,-1,-1,1,0,2,0,2,0,0,0,0,2,2,2,2,0,0,2,2
67,-7417.762,-4841.896,321.740,56.444,0.557075,-0.830373,-0.012184,0.823915,0.550785,0.133413,-0.104072,-0.084360,0.990986,0,0.72483,0.63025,43.490,1.261,950.000,400.000,-1,425.000,-1,325.000,325.000,275.000,300.000,-1,-1,-1,-1,725.000,850.000,-1,-1,1,0,2,0,2,0,0,0,0,2,2,2,2,0,0,2,2
68,-7394.458,-4805.029,316.865,57.707,0.538531,-0.842523,-0.011809,0.835957,0.532473,0.132847,-0.105639,-0.081414,0.991066,0,0.72692,0.63174,43.615,1.263,925.000,400.000,-1,425.000,-1,325.000,325.000,275.000,300.000,-1,-1,-1,-1,725.000,850.000,-1,-1,1,0,2,0,2,0,0,0,0,2,2,2,2,0,0,2,2
69,-7371.909,-4767.547,311.970,58.974,0.519622,-0.854329,-0.010733,0.847601,0.513868,0.132331,-0.107539,-0.077859,0.991148,0,0.72906,0.63320,43.743,1.266,875.000,375.000,-1,425.000,-1,325.000,325.000,275.000,300.000,-1,-1,-1,-1,725.000,850.000,1000.000,-1,1,0,2,0,2,0,0,0,0,2,2,2,2,0,0,1,2
70,-7350.130,-4729.461,307.024,60.243,0.500363,-0.865768,-0.009132,0.858844,0.494970,0.131879,-0.109656,-0.073831,0.991224,0,0.73123,0.63463,43.874,1.269,850.000,375.000,-1,425.000,-1,325.000,325.000,275.000,300.000,-1,-1,-1,-1,725.000,825.000,950.000,-1,1,0,2,0,2,0,0,0,0,2,2,2,2,0,0,1,2
71,-7329.138,-4690.784,301.944,61.515,0.480788,-0.876805,-0.007455,0.869692,0.475770,0.131445,-0.111705,-0.069681,0.991295,0,0.73345,0.63604,44.007,1.272,800.000,375.000,-1,400.000,-1,325.000,325.000,275.000,300.000,-1,-1,-1,-1,700.000,825.000,900.000,-1,1,0,2,0,2,0,0,0,0,2,2,2,2,0,0,1,2
72,-7308.950,-4651.529,296.873,62.790,0.460846,-0.887464,-0.005405,0.880226,0.456294,0.130375,-0.113237,-0.064841,0.991450,0,0.73570,0.63743,44.142,1.275,775.000,375.000,-1,400.000,-1,325.000,325.000,300.000,300.000,-1,-1,-1,-1,700.000,825.000,850.000,-1,1,0,2,0,2,0,0,0,0,2,2,2,2,0,0,1,2
73,-7289.582,-4611.711,291.750,64.067,0.440573,-0.897711,-0.003087,0.890391,0.436537,0.128992,-0.114450,-0.059580,0.991641,0,0.73800,0.63879,44.280,1.278,750.000,375.000,-1,400.000,-1,325.000,325.000,300.000,300.000,-1,-1,-1,-1,700.000,825.000,800.000,-1,1,0,2,0,2,0,0,0,0,2,2,2,2,0,0,1,2
74,-7271.050,-4571.342,286.506,65.348,0.420009,-0.907520,-0.000654,0.900131,0.416498,0.127644,-0.115567,-0.054200,0.991820,0,0.74033,0.64013,44.420,1.280,700.000,375.000,-1,400.000,-1,325.000,325.000,300.000,300.000,-1,-1,-1,-1,700.000,800.000,775.000,-1,1,0,2,0,2,0,0,0,0,2,2,2,2,1,0,1,2
75,-7253.370,-4530.439,281.145,66.631,0.399166,-0.916877,0.001893,0.909437,0.396187,0.126333,-0.116581,-0.048706,0.991986,0,0.74269,0.64145,44.561,1.283,675.000,375.000,-1,400.000,-1,325.000,325.000,300.000,300.000,-1,-1,-1,-1,675.000,800.000,725.000,-1,1,0,2,0,2,0,0,0,0,2,2,2,2,1,0,1,2
76,-7236.559,-4489.015,275.898,67.916,0.378141,-0.925739,0.004030,0.918180,0.375601,0.125970,-0.118129,-0.043934,0.992026,0,0.74509,0.64275,44.705,1.286,650.000,375.000,-1,400.000,-1,325.000,325.000,300.000,300.000,-1,-1,-1,-1,650.000,800.000,675.000,-1,1,0,2,0,2,0,0,0,0,2,2,2,2,1,0,1,2
77,-7218.784,-4442.811,270.215,68.962,0.360905,-0.932587,0.005447,0.925008,0.358704,0.125264,-0.118773,-0.040170,0.992108,0,0.82509,0.52275,49.505,1.046,600.000,375.000,-1,400.000,-1,325.000,325.000,300.000,300.000,-1,-1,-1,-1,625.000,800.000,625.000,-1,1,0,2,0,2,0,0,0,0,2,2,2,2,1,0,1,2
78,-7200.002,-4391.857,263.978,69.767,0.347517,-0.937650,0.006603,0.930117,0.345600,0.124273,-0.118807,-0.037045,0.992226,0,0.90509,0.40275,54.305,0.806,550.000,375.000,-1,400.000,-1,325.000,325.000,300.000,300.000,-1,-1,-1,-1,600.000,775.000,600.000,-1,1,0,2,0,2,0,0,0,0,2,2,2,2,1,0,1,2
79,-7181.334,-4339.070,257.452,70.526,0.334814,-0.942252,0.007828,0.934780,0.333182,0.123189,-0.118683,-0.033928,0.992352,0,0.93318,0.37960,55.991,0.759,525.000,375.000,-1,400.000,-1,325.000,325.000,300.000,300.000,-1,-1,-1,-1,575.000,775.000,550.000,-1,1,0,2,0,2,0,0,0,0,2,2,2,2,1,0,1,2
80,-7163.322,-4285.893,250.834,71.290,0.321956,-0.946710,0.009168,0.939309,0.320621,0.122071,-0.118505,-0.030690,0.992479,0,0.93575,0.38204,56.145,0.764,475.000,375.000,-1,400.000,-1,325.000,325.000,300.000,300.000,-1,-1,950.000,-1,550.000,775.000,500.000,-1,1,1,2,0,2,0,0,0,0,2,2,0,2,1,0,1,2
81,-7145.980,-4232.337,244.109,72.060,0.308951,-0.951020,0.010528,0.943704,0.307913,0.120885,-0.118206,-0.027413,0.992611,0,0.93824,0.38458,56.294,0.769,425.000,375.000,-1,400.000,-1,325.000,325.000,300.000,300.000,-1,-1,875.000,-1,525.000,750.000,450.000,-1,1,1,2,0,2,0,0,0,0,2,2,0,2,1,0,1,2
82,-7129.321,-4178.414,237.280,72.834,0.295797,-0.955176,0.011911,0.947961,0.295055,0.119632,-0.117784,-0.024095,0.992747,0,0.94064,0.38725,56.438,0.774,375.000,350.000,-1,400.000,-1,325.000,325.000,300.000,300.000,-1,-1,850.000,-1,500.000,750.000,400.000,-1,1,1,2,0,2,1,0,0,0,2,2,0,2,1,0,1,2
83,-7113.359,-4124.136,230.353,73.614,0.282491,-0.959177,0.013324,0.952079,0.282044,0.118311,-0.117239,-0.020736,0.992887,0,0.94294,0.39004,56.577,0.780,325.000,325.000,-1,400.000,-1,300.000,325.000,300.000,300.000,-1,-1,800.000,-1,475.000,750.000,350.000,-1,1,1,2,0,2,1,0,0,0,2,2,0,2,1,0,1,2
84,-7098.108,-4069.518,223.333,74.400,0.269031,-0.963018,0.014772,0.956051,0.268878,0.116922,-0.116570,-0.017333,0.993031,0,0.94513,0.39299,56.708,0.786,300.000,325.000,-1,400.000,-1,300.000,325.000,300.000,300.000,-1,-1,775.000,-1,450.000,725.000,300.000,-1,1,1,2,0,2,1,0,0,0,2,2,0,2,1,0,1,2
85,-7083.582,-4014.575,216.275,75.192,0.255386,-0.966699,0.016496,0.959863,0.255552,0.115567,-0.115934,-0.013680,0.993163,0,0.94718,0.39610,56.831,0.792,250.000,300.000,-1,400.000,-1,275.000,325.000,300.000,300.000,-1,975.000,750.000,-1,425.000,725.000,250.000,-1,1,1,2,0,2,1,0,0,0,2,0,0,2,1,0,1,2
86,-7069.794,-3959.328,211.234,75.991,0.240749,-0.970257,0.025316,0.964335,0.242072,0.107045,-0.109989,-0.001358,0.993932,0,0.94906,0.39941,56.944,0.799,225.000,300.000,-1,400.000,-1,275.000,325.000,300.000,300.000,-1,825.000,525.000,-1,425.000,725.000,250.000,-1,1,1,2,0,2,1,0,0,0,2,0,0,2,1,0,1,2
87,-7056.762,-3903.793,207.556,76.797,0.225638,-0.973427,0.039083,0.969145,0.228370,0.092768,-0.099228,0.016945,0.994920,0,0.95076,0.40293,57.046,0.806,225.000,300.000,-1,400.000,-1,300.000,350.000,350.000,275.000,-1,525.000,300.000,-1,425.000,775.000,225.000,-1,1,1,2,0,2,1,0,0,0,2,0,0,2,1,0,1,2
88,-7044.506,-3847.991,204.262,77.610,0.210860,-0.976183,0.051039,0.973479,0.214443,0.079704,-0.088751,0.032879,0.995511,0,0.95224,0.40669,57.134,0.813,200.000,300.000,-1,425.000,-1,300.000,350.000,375.000,275.000,-1,400.000,225.000,825.000,450.000,800.000,225.000,-1,1,1,2,0,2,1,0,0,0,2,0,0,0,1,0,1,2
89,-7033.040,-3791.947,201.250,78.432,0.196361,-0.978605,0.061436,0.977466,0.200313,0.066590,-0.077472,0.046976,0.995887,0,0.95346,0.41073,57.207,0.821,200.000,325.000,-1,450.000,-1,325.000,375.000,425.000,275.000,-1,350.000,200.000,700.000,450.000,850.000,225.000,-1,1,1,2,0,2,1,0,0,0,2,0,0,0,1,0,1,2
90,-7022.380,-3735.688,198.138,79.262,0.181941,-0.980670,0.072000,0.981075,0.185974,0.053911,-0.066259,0.060828,0.995947,0,0.95438,0.41507,57.263,0.830,200.000,325.000,-1,475.000,-1,325.000,400.000,400.000,275.000,-1,325.000,150.000,600.000,475.000,875.000,225.000,-1,1,1,2,0,2,1,0,1,0,2,0,0,0,1,0,1,2
91,-7012.542,-3679.244,194.951,80.101,0.167589,-0.982375,0.082791,0.984318,0.171427,0.041606,-0.055065,0.074520,0.995698,0,0.95494,0.41974,57.297,0.839,175.000,325.000,-1,500.000,-1,350.000,425.000,375.000,275.000,-1,275.000,100.000,525.000,500.000,900.000,225.000,-1,1,1,2,0,2,1,0,1,0,2,0,0,0,1,0,1,2
92,-7003.543,-3622.650,191.716,80.951,0.153296,-0.983711,0.093876,0.987207,0.156667,0.029615,-0.043840,0.088135,0.995143,0,0.95511,0.42479,57.306,0.850,175.000,350.000,-1,525.000,-1,375.000,450.000,350.000,275.000,-1,250.000,75.000,450.000,550.000,950.000,200.000,-1,1,1,2,0,2,1,0,1,0,2,0,0,0,1,0,1,2
93,-6995.401,-3565.946,188.459,81.811,0.139061,-0.984667,0.105328,0.989749,0.141691,0.017881,-0.032531,0.101762,0.994277,0,0.95480,0.43025,57.288,0.860,175.000,350.000,-1,525.000,-1,375.000,450.000,300.000,250.000,-1,225.000,75.000,400.000,600.000,1000.000,200.000,-1,1,1,2,0,2,1,0,1,0,2,0,0,0,1,0,1,2
94,-6988.133,-3509.174,185.211,82.684,0.124885,-0.985221,0.117229,0.991947,0.126493,0.006353,-0.021087,0.115491,0.993085,0,0.95395,0.43615,57.237,0.872,150.000,375.000,-1,550.000,-1,400.000,475.000,275.000,250.000,-1,200.000,50.000,350.000,625.000,-1,200.000,-1,1,1,2,0,2,1,0,1,0,2,0,0,0,1,2,1,2
95,1640.606,6232.019,317.204,-43.856,0.625200,0.649967,0.432051,-0.735051,0.676448,0.046024,-0.262345,-0.346353,0.900674,1,0.00000,0.00000,57.149,0.885,0.000,175.000,500.000,400.000,-1,175.000,275.000,125.000,250.000,-1,-1,-1,125.000,200.000,600.000,0.000,-1,0,0,0,0,2,0,0,0,1,2,2,2,1,0,0,0,2
96,5571.604,-980.990,108.856,142.438,-0.793220,-0.608359,0.026479,0.608727,-0.791062,0.060592,-0.015915,0.064181,0.997811,1,0.08000,0.12000,4.800,0.240,375.000,400.000,700.000,400.000,-1,325.000,325.000,300.000,300.000,-1,600.000,525.000,-1,450.000,725.000,400.000,-1,1,1,1,0,2,0,0,0,0,2,1,1,2,1,0,1,2
97,5563.946,-975.202,108.718,142.918,-0.798282,-0.601708,0.026336,0.602084,-0.796127,0.060636,-0.015518,0.064261,0.997812,0,0.16000,0.24000,9.600,0.480,375.000,400.000,675.000,400.000,-1,325.000,325.000,300.000,300.000,-1,625.000,525.000,-1,450.000,725.000,400.000,-1,1,1,1,0,2,0,0,0,0,2,1,1,2,1,0,1,2
98,5552.368,-966.640,108.517,143.515,-0.804496,-0.593383,0.026133,0.593767,-0.802344,0.060705,-0.015053,0.064354,0.997814,0,0.24000,0.29827,14.400,0.597,350.000,375.000,675.000,400.000,-1,325.000,325.000,300.000,300.000,-1,625.000,525.000,-1,425.000,725.000,375.000,-1,1,1,1,0,2,0,0,0,0,2,1,1,2,1,0,1,2
99,5536.813,-955.385,108.253,144.112,-0.810631,-0.584986,0.025882,0.585375,-0.808480,0.060800,-0.014643,0.064437,0.997814,0,0.32000,0.29857,19.200,0.597,325.000,375.000,650.000,400.000,-1,325.000,325.000,300.000,300.000,-1,625.000,550.000,-1,425.000,725.000,350.000,-1,1,1,1,0,2,0,0,0,0,2,1,1,2,1,1,1,2
100,5517.224,-941.520,107.937,144.710,-0.816691,-0.576506,0.025630,0.576899,-0.814539,0.060939,-0.014255,0.064554,0.997812,0,0.40000,0.29920,24.000,0.598,325.000,350.000,600.000,400.000,-1,325.000,325.000,300.000,300.000,-1,650.000,575.000,-1,400.000,700.000,325.000,-1,1,1,1,0,2,0,0,0,0,2,1,1,2,1,1,1,2
101,5493.543,-925.130,107.564,145.311,-0.822683,-0.567935,0.025348,0.568330,-0.820528,0.061116,-0.013911,0.064685,0.997809,0,0.48000,0.30017,28.800,0.600,300.000,325.000,575.000,400.000,-1,325.000,325.000,300.000,300.000,-1,675.000,600.000,-1,375.000,650.000,300.000,-1,1,1,1,0,2,0,0,0,0,2,1,1,2,1,1,1,2
102,5465.716,-906.299,107.133,145.914,-0.828612,-0.559263,0.025039,0.559657,-0.826451,0.061334,-0.013608,0.064836,0.997803,0,0.56000,0.30150,33.600,0.603,275.000,300.000,525.000,400.000,-1,325.000,325.000,300.000,300.000,-1,700.000,625.000,-1,350.000,625.000,275.000,900.000,1,1,1,0,2,1,0,0,0,2,1,1,2,1,1,1,1
103,5433.687,-885.116,106.645,146.520,-0.834484,-0.550477,0.024707,0.550870,-0.832314,0.061609,-0.013350,0.065022,0.997795,0,0.64000,0.30322,38.400,0.606,225.000,275.000,475.000,400.000,-1,300.000,325.000,300.000,300.000,-1,725.000,650.000,-1,325.000,575.000,250.000,825.000,1,1,1,0,2,1,0,0,0,2,1,1,2,1,1,1,1
104,5397.403,-861.671,106.098,147.131,-0.840305,-0.541566,0.024354,0.541955,-0.838122,0.061944,-0.013135,0.065251,0.997782,0,0.72000,0.30536,43.200,0.611,200.000,250.000,450.000,400.000,-1,275.000,325.000,300.000,300.000,-1,775.000,700.000,-1,300.000,525.000,200.000,725.000,1,1,1,0,2,1,1,0,0,2,1,1,2,1,1,1,1
105,5356.810,-836.056,105.490,147.747,-0.846080,-0.532515,0.023985,0.532898,-0.843880,0.062349,-0.012961,0.065534,0.997766,0,0.80000,0.30797,48.000,0.616,150.000,225.000,375.000,375.000,-1,225.000,300.000,300.000,300.000,-1,800.000,750.000,-1,250.000,450.000,175.000,650.000,1,1,1,1,2,1,1,0,0,2,1,1,2,1,1,1,1
106,5311.842,-808.384,109.743,148.369,-0.851290,-0.522504,0.047901,0.524685,-0.848288,0.071507,0.003271,0.086006,0.996289,0,0.88000,0.31112,52.800,0.622,125.000,200.000,350.000,350.000,-1,200.000,275.000,350.000,275.000,-1,825.000,750.000,-1,225.000,425.000,150.000,600.000,1,1,1,1,2,1,1,0,0,2,1,1,2,1,1,1,1
107,5262.438,-778.769,118.346,148.999,-0.854491,-0.511043,0.093170,0.518379,-0.850475,0.089305,0.033600,0.124607,0.991637,0,0.96000,0.31487,57.600,0.630,125.000,200.000,325.000,300.000,-1,200.000,250.000,425.000,275.000,-1,375.000,200.000,725.000,225.000,375.000,125.000,575.000,1,1,1,1,2,1,1,1,0,2,0,0,0,1,1,1,1
108,5210.802,-748.626,127.455,149.637,-0.855439,-0.498489,0.140473,0.513799,-0.850924,0.109260,0.065067,0.165640,0.984037,0,0.99644,0.31933,59.787,0.639,125.000,175.000,325.000,275.000,-1,175.000,225.000,475.000,250.000,-1,250.000,75.000,400.000,200.000,350.000,125.000,550.000,1,1,1,1,2,1,1,1,0,2,0,0,0,1,1,1,1
109,5158.785,-719.082,136.754,150.286,-0.854176,-0.484858,0.187873,0.511009,-0.849567,0.130789,0.096196,0.207722,0.973446,0,0.99695,0.32434,59.817,0.649,125.000,175.000,300.000,250.000,-1,175.000,200.000,575.000,225.000,-1,225.000,25.000,250.000,200.000,325.000,125.000,525.000,1,1,1,1,2,1,1,1,0,2,0,0,0,1,1,1,1
110,2951.669,-8855.119,244.765,143.573,-0.803552,-0.591944,-0.062499,0.594917,-0.802110,-0.051895,-0.019413,-0.078882,0.996695,1,0.00000,0.00000,59.820,0.660,-1,400.000,-1,400.000,-1,325.000,325.000,325.000,300.000,-1,-1,-1,-1,850.000,800.000,-1,-1,2,0,2,0,2,0,0,0,0,2,2,2,2,0,0,2,2
111,2947.819,-8852.252,244.698,143.333,-0.801063,-0.595298,-0.062605,0.598271,-0.799623,-0.051729,-0.019266,-0.078893,0.996697,0,0.08000,-0.12000,4.800,-0.240,-1,400.000,-1,400.000,-1,325.000,325.000,325.000,300.000,-1,-1,-1,-1,850.000,800.000,-1,-1,2,0,2,0,2,0,0,0,0,2,2,2,2,0,0,2,2
112,2940.166,-8846.455,244.569,142.853,-0.796041,-0.601975,-0.062808,0.604945,-0.794607,-0.051396,-0.018968,-0.078909,0.996701,0,0.16000,-0.24000,9.600,-0.480,-1,400.000,-1,400.000,-1,325.000,325.000,325.000,300.000,-1,-1,-1,-1,850.000,800.000,-1,-1,2,0,2,0,2,0,0,0,0,2,2,2,2,0,0,2,2
113,2928.773,-8837.649,244.371,142.298,-0.790156,-0.609645,-0.063136,0.612618,-0.788738,-0.050910,-0.018760,-0.078905,0.996706,0,0.24000,-0.27754,14.400,-0.555,-1,400.000,-1,400.000,-1,325.000,325.000,325.000,300.000,-1,-1,-1,-1,825.000,800.000,-1,-1,2,0,2,0,2,0,0,0,0,2,2,2,2,0,0,2,2
114,2913.696,-8825.760,244.077,141.743,-0.784179,-0.617254,-0.063724,0.620249,-0.782790,-0.050309,-0.018829,-0.078976,0.996699,0,0.32000,-0.27754,19.200,-0.555,-1,400.000,-1,400.000,-1,325.000,325.000,325.000,300.000,-1,-1,-1,-1,825.000,800.000,-1,-1,2,0,2,0,2,0,0,0,0,2,2,2,2,0,0,2,2
115,2894.994,-8810.717,243.725,141.188,-0.778117,-0.624807,-0.064419,0.627829,-0.776772,-0.049554,-0.019078,-0.079003,0.996692,0,0.40000,-0.27754,24.000,-0.555,-1,400.000,-1,400.000,-1,325.000,325.000,325.000,300.000,-1,-1,-1,-1,825.000,800.000,-1,-1,2,0,2,0,2,0,0,0,0,2,2,2,2,0,0,2,2
116,2872.729,-8792.450,243.300,140.633,-0.771975,-0.632299,-0.065207,0.635356,-0.770678,-0.048766,-0.019419,-0.079076,0.996679,0,0.48000,-0.27754,28.800,-0.555,-1,400.000,-1,400.000,-1,325.000,325.000,325.000,300.000,-1,-1,-1,-1,825.000,775.000,-1,-1,2,0,2,0,2,0,0,0,0,2,2,2,2,0,0,2,2
117,2846.959,-8770.888,242.609,140.078,-0.765788,-0.639688,-0.066096,0.642807,-0.764460,-0.048989,-0.019190,-0.080002,0.996610,0,0.56000,-0.27754,33.600,-0.555,-1,400.000,-1,400.000,-1,325.000,325.000,325.000,300.000,-1,-1,-1,-1,800.000,775.000,-1,-1,2,0,2,0,2,0,0,0,0,2,2,2,2,0,0,2,2
118,2817.749,-8745.961,241.861,139.523,-0.759524,-0.647012,-0.067070,0.650202,-0.758167,-0.049203,-0.019016,-0.080980,0.996534,0,0.64000,-0.27754,38.400,-0.555,-1,400.000,-1,400.000,-1,325.000,325.000,325.000,300.000,-1,-1,-1,-1,800.000,775.000,-1,-1,2,0,2,0,2,0,0,0,0,2,2,2,2,0,0,2,2
119,2785.160,-8717.601,241.067,138.968,-0.753185,-0.654272,-0.068116,0.657537,-0.751800,-0.049404,-0.018886,-0.082000,0.996453,0,0.72000,-0.27754,43.200,-0.555,-1,400.000,-1,400.000,-1,325.000,325.000,325.000,300.000,-1,-1,-1,-1,800.000,775.000,-1,-1,2,0,2,0,2,0,0,0,0,2,2,2,2,0,0,2,2
120,2751.868,-8688.058,240.299,138.413,-0.746778,-0.661470,-0.069140,0.664810,-0.745365,-0.049585,-0.018736,-0.082994,0.996374,0,0.74184,-0.27754,44.511,-0.555,-1,400.000,-1,400.000,-1,325.000,325.000,325.000,300.000,-1,-1,-1,-1,800.000,775.000,-1,-1,2,0,2,0,2,0,0,0,0,2,2,2,2,0,0,2,2
121,2718.863,-8658.193,239.582,137.858,-0.740304,-0.668607,-0.070108,0.672017,-0.738863,-0.049742,-0.018543,-0.083938,0.996298,0,0.74184,-0.27754,44.511,-0.555,-1,400.000,-1,400.000,-1,325.000,325.000,325.000,300.000,-1,-1,-1,-1,775.000,775.000,-1,-1,2,0,2,0,2,0,0,0,0,2,2,2,2,0,0,2,2
122,2686.149,-8628.009,238.833,137.303,-0.733741,-0.675663,-0.071439,0.679175,-0.732275,-0.049940,-0.018570,-0.085163,0.996194,0,0.74184,-0.27754,44.511,-0.555,-1,400.000,-1,400.000,-1,325.000,325.000,325.000,300.000,-1,-1,-1,-1,775.000,775.000,-1,-1,2,0,2,0,2,0,0,0,0,2,2,2,2,0,0,2,2
123,2653.729,-8597.511,238.123,136.748,-0.727111,-0.682659,-0.072703,0.686268,-0.725625,-0.050046,-0.018591,-0.086283,0.996097,0,0.74184,-0.27754,44.511,-0.555,-1,400.000,-1,400.000,-1,325.000,325.000,325.000,300.000,-1,-1,-1,-1,775.000,775.000,-1,-1,2,0,2,0,2,0,0,0,0,2,2,2,2,0,0,2,2
124,2621.606,-8566.699,237.337,136.192,-0.720395,-0.689622,-0.073838,0.693305,-0.718941,-0.049510,-0.018942,-0.086858,0.996041,0,0.74184,-0.27754,44.511,-0.555,-1,400.000,-1,400.000,-1,325.000,325.000,325.000,300.000,-1,-1,-1,-1,750.000,750.000,-1,-1,2,0,2,0,2,0,0,0,0,2,2,2,2,0,0,2,2
125,2589.784,-8535.578,236.614,135.637,-0.713617,-0.696521,-0.074888,0.700272,-0.712193,-0.048989,-0.019212,-0.087401,0.995988,0,0.74184,-0.27754,44.511,-0.555,-1,400.000,-1,400.000,-1,325.000,325.000,325.000,325.000,-1,-1,-1,-1,750.000,750.000,-1,-1,2,0,2,0,2,0,0,0,0,2,2,2,2,0,0,2,2
126,2558.264,-8504.149,235.954,135.082,-0.706778,-0.703357,-0.075854,0.707169,-0.705380,-0.048488,-0.019402,-0.087912,0.995939,0,0.74184,-0.27754,44.511,-0.555,-1,400.000,-1,400.000,-1,325.000,325.000,325.000,325.000,-1,-1,-1,-1,750.000,750.000,-1,-1,2,0,2,0,2,0,0,0,0,2,2,2,2,0,0,2,2
127,2527.051,-8472.416,235.168,134.527,-0.699931,-0.710170,-0.075861,0.713959,-0.698546,-0.047918,-0.018962,-0.087701,0.995966,0,0.74184,-0.27754,44.511,-0.555,-1,375.000,-1,400.000,-1,325.000,325.000,325.000,325.000,-1,-1,-1,-1,725.000,750.000,-1,-1,2,0,2,0,2,0,0,0,0,2,2,2,2,0,0,2,2
128,2496.147,-8440.382,234.409,133.972,-0.693034,-0.716928,-0.075616,0.720671,-0.691656,-0.047373,-0.018337,-0.087325,0.996011,0,0.74184,-0.27754,44.511,-0.555,-1,375.000,-1,400.000,-1,325.000,325.000,325.000,325.000,-1,-1,-1,-1,725.000,750.000,-1,-1,2,0,2,0,2,0,0,0,0,2,2,2,2,0,0,2,2
129,2462.406,-8404.422,233.581,133.177,-0.683067,-0.726459,-0.075346,0.730157,-0.681644,-0.047247,-0.017036,-0.087287,0.996037,0,0.82184,-0.39754,49.311,-0.795,-1,375.000,-1,375.000,-1,325.000,325.000,325.000,325.000,-1,-1,-1,-1,725.000,725.000,-1,-1,2,0,2,0,2,0,0,0,0,2,2,2,2,0,0,2,2
130,2426.099,-8364.299,232.801,132.142,-0.669899,-0.738656,-0.074989,0.742295,-0.668411,-0.047170,-0.015282,-0.087263,0.996068,0,0.90184,-0.51754,54.111,-1.035,-1,375.000,-1,375.000,-1,325.000,325.000,325.000,325.000,-1,-1,-1,-1,725.000,725.000,-1,-1,2,0,2,0,2,0,0,0,0,2,2,2,2,0,0,2,2
131,2387.504,-8319.791,232.124,130.931,-0.654217,-0.752626,-0.074528,0.756192,-0.652652,-0.047109,-0.013185,-0.087177,0.996106,0,0.98184,-0.60564,58.911,-1.211,-1,375.000,-1,375.000,-1,325.000,325.000,325.000,325.000,-1,-1,-1,-1,725.000,750.000,-1,-1,2,0,2,0,2,0,0,0,0,2,2,2,2,0,0,2,2
132,2349.798,-8274.404,231.618,129.719,-0.638248,-0.766265,-0.074013,0.769752,-0.636605,-0.047084,-0.011038,-0.087023,0.996145,0,0.98342,-0.60564,59.005,-1.211,-1,375.000,-1,375.000,-1,300.000,325.000,325.000,325.000,-1,-1,-1,-1,700.000,750.000,-1,-1,2,0,2,0,2,0,0,0,0,2,2,2,2,0,0,2,2
133,2312.940,-8228.087,231.243,128.512,-0.622040,-0.779513,-0.073659,0.782934,-0.620320,-0.047094,-0.008982,-0.086965,0.996171,0,0.98653,-0.60371,59.192,-1.207,-1,375.000,-1,375.000,-1,300.000,325.000,325.000,325.000,-1,-1,-1,-1,700.000,750.000,-1,-1,2,0,2,0,2,0,0,0,0,2,2,2,2,0,0,2,2
134,2276.954,-8180.863,230.918,127.309,-0.605641,-0.792360,-0.073239,0.795710,-0.603814,-0.047479,-0.006603,-0.087032,0.996184,0,0.98952,-0.60151,59.371,-1.203,-1,375.000,-1,375.000,-1,300.000,300.000,325.000,325.000,-1,-1,-1,-1,700.000,750.000,-1,-1,2,0,2,0,2,0,0,0,0,2,2,2,2,0,0,2,2
135,2241.865,-8132.762,230.769,126.111,-0.589053,-0.804819,-0.072688,0.808084,-0.587117,-0.047890,-0.004134,-0.086947,0.996204,0,0.99230,-0.59908,59.538,-1.198,-1,375.000,-1,375.000,-1,300.000,300.000,325.000,325.000,-1,-1,-1,-1,700.000,750.000,-1,-1,2,0,2,0,2,0,0,0,0,2,2,2,2,0,0,2,2
136,2207.698,-8083.817,230.821,124.918,-0.572289,-0.816884,-0.072006,0.820050,-0.570248,-0.048318,-0.001591,-0.086700,0.996233,0,0.99484,-0.59642,59.690,-1.193,-1,375.000,-1,375.000,-1,300.000,300.000,325.000,325.000,-1,-1,-1,-1,700.000,750.000,-1,-1,2,0,2,0,2,0,0,0,0,2,2,2,2,0,0,2,2
