timestep,x_cm,y_cm,z_cm,yaw_deg,basis_xx,basis_xy,basis_xz,basis_yx,basis_yy,basis_yz,basis_zx,basis_zy,basis_zz,teleport_flag,throttle_cmd,steering_cmd,cmd_move_cm,cmd_turn_deg,lidar_cm_0,lidar_cm_1,lidar_cm_2,lidar_cm_3,lidar_cm_4,lidar_cm_5,lidar_cm_6,lidar_cm_7,lidar_cm_8,lidar_cm_9,lidar_cm_10,lidar_cm_11,lidar_cm_12,lidar_cm_13,lidar_cm_14,lidar_cm_15,lidar_cm_16,lidar_class_0,lidar_class_1,lidar_class_2,lidar_class_3,lidar_class_4,lidar_class_5,lidar_class_6,lidar_class_7,lidar_class_8,lidar_class_9,lidar_class_10,lidar_class_11,lidar_class_12,lidar_class_13,lidar_class_14,lidar_class_15,lidar_class_16
0,-4258.773,-2295.401,30.667,-175.132,-0.996165,0.084524,-0.022593,-0.086181,-0.992495,0.086754,-0.015091,0.088368,0.995974,1,-0.08000,-0.12000,-4.800,-0.240,-1,400.000,-1,300.000,300.000,300.000,275.000,475.000,250.000,225.000,-1,-1,-1,750.000,450.000,-1,350.000,2,0,2,0,0,0,0,1,0,1,2,2,2,0,0,2,0
1,-4249.201,-2294.669,30.820,-175.612,-0.996803,0.076186,-0.024087,-0.078057,-0.992895,0.089819,-0.017073,0.091412,0.995667,0,-0.16000,-0.24000,-9.600,-0.480,-1,400.000,-1,300.000,300.000,300.000,275.000,475.000,250.000,225.000,-1,-1,-1,750.000,450.000,-1,350.000,2,0,2,0,0,0,0,1,0,1,2,2,2,0,0,2,0
2,-4234.831,-2293.753,31.072,-176.332,-0.997623,0.063675,-0.026339,-0.065898,-0.993336,0.094556,-0.020143,0.096067,0.995171,0,-0.24000,-0.36000,-14.400,-0.720,-1,400.000,-1,300.000,275.000,300.000,250.000,475.000,250.000,225.000,-1,-1,-1,725.000,450.000,-1,325.000,2,0,2,0,0,0,0,1,0,1,2,2,2,0,0,2,0
3,-4215.654,-2292.834,31.437,-177.237,-0.998417,0.047954,-0.029382,-0.050695,-0.993593,0.101011,-0.024350,0.102341,0.994451,0,-0.32000,-0.45232,-19.200,-0.905,-1,400.000,-1,275.000,275.000,300.000,250.000,475.000,250.000,225.000,-1,-1,-1,725.000,450.000,-1,300.000,2,0,2,0,0,0,0,1,0,1,2,2,2,0,0,2,0
4,-4191.668,-2292.059,31.893,-178.131,-0.998919,0.032417,-0.033330,-0.035873,-0.993401,0.108939,-0.029579,0.110016,0.993490,0,-0.40000,-0.44704,-24.000,-0.894,-1,375.000,-1,275.000,250.000,300.000,250.000,450.000,250.000,200.000,-1,-1,-1,700.000,425.000,-1,275.000,2,0,2,0,0,0,0,1,0,1,2,2,2,0,0,2,0
5,-4162.874,-2291.573,32.467,-179.012,-0.999123,0.017122,-0.038224,-0.021545,-0.992723,0.118474,-0.035917,0.119194,0.992221,0,-0.48000,-0.44046,-28.800,-0.881,-1,375.000,-1,275.000,225.000,275.000,250.000,450.000,250.000,200.000,-1,-1,-1,700.000,425.000,-1,250.000,2,0,2,0,0,0,0,1,0,1,2,2,2,0,0,2,0
6,-4130.394,-2291.517,33.176,-179.877,-0.999034,0.002126,-0.043886,-0.007797,-0.991554,0.129460,-0.043240,0.129678,0.990613,0,-0.54137,-0.43264,-32.482,-0.865,-1,375.000,-1,275.000,200.000,275.000,250.000,425.000,250.000,200.000,-1,-1,-1,675.000,400.000,-1,225.000,2,0,2,0,0,0,0,1,0,1,2,2,2,0,0,2,0
7,-4097.961,-2291.941,33.987,-180.725,-0.998690,-0.012529,-0.049602,0.005419,-0.990002,0.140951,-0.050872,0.140497,0.988773,0,-0.54063,-0.42395,-32.438,-0.848,-1,375.000,-1,250.000,175.000,275.000,250.000,400.000,225.000,200.000,-1,-1,-1,675.000,375.000,-1,200.000,2,0,2,0,0,0,0,1,0,1,2,2,2,0,0,2,0
8,-4065.626,-2292.836,34.904,-181.556,-0.998106,-0.026838,-0.055360,0.018085,-0.988068,0.152950,-0.058805,0.151659,0.986682,0,-0.53917,-0.41543,-32.350,-0.831,-1,375.000,-1,250.000,150.000,275.000,225.000,375.000,225.000,200.000,-1,-1,-1,675.000,375.000,-1,175.000,2,0,2,0,0,0,0,1,0,1,2,2,2,0,0,2,0
9,-4038.098,-2293.882,35.729,-182.147,-0.997488,-0.036970,-0.060417,0.026664,-0.986224,0.163254,-0.065620,0.161233,0.984732,0,-0.45917,-0.29543,-27.550,-0.591,-1,375.000,-1,250.000,150.000,275.000,225.000,375.000,225.000,175.000,-1,-1,-1,650.000,350.000,-1,150.000,2,0,2,0,0,0,0,1,0,1,2,2,2,0,0,2,0
10,-4015.372,-2294.886,36.413,-182.498,-0.996975,-0.042951,-0.064784,0.031271,-0.984672,0.171590,-0.071161,0.169045,0.983036,0,-0.37917,-0.17543,-22.750,-0.351,-1,375.000,1000.000,250.000,125.000,275.000,225.000,350.000,225.000,175.000,-1,-1,-1,650.000,350.000,-1,150.000,2,0,0,0,0,0,0,1,0,1,2,2,2,0,0,2,0
11,-3997.442,-2295.713,36.913,-182.609,-0.996647,-0.044810,-0.068467,0.032011,-0.983557,0.177737,-0.075306,0.174949,0.981693,0,-0.29917,-0.05543,-17.950,-0.111,-1,375.000,975.000,250.000,125.000,275.000,225.000,350.000,225.000,175.000,-1,-1,-1,650.000,350.000,-1,125.000,2,0,0,0,0,0,0,1,0,1,2,2,2,0,0,2,0
12,8199.151,-8199.153,30.063,92.726,-0.047562,-0.998708,0.017889,0.998868,-0.047548,0.001192,-0.000340,0.017926,0.999839,1,0.00000,0.00000,-13.150,0.129,-1,375.000,-1,375.000,1000.000,300.000,300.000,325.000,325.000,-1,525.000,450.000,-1,650.000,625.000,-1,-1,2,0,2,0,1,0,0,0,0,2,0,0,2,0,0,2,2
13,8198.938,-8194.357,30.059,92.533,-0.044186,-0.998862,0.017944,0.999023,-0.044180,0.000741,0.000053,0.017959,0.999839,0,0.08000,-0.09659,4.800,-0.193,-1,375.000,-1,375.000,1000.000,300.000,300.000,325.000,325.000,-1,500.000,450.000,-1,650.000,625.000,-1,-1,2,0,2,0,1,0,0,0,0,2,0,0,2,0,0,2,2
14,8198.547,-8184.765,30.049,92.339,-0.040792,-0.999005,0.018023,0.999167,-0.040802,-0.000168,0.000904,0.018001,0.999838,0,0.16000,-0.09688,9.600,-0.194,-1,375.000,-1,375.000,1000.000,300.000,300.000,325.000,325.000,-1,500.000,450.000,-1,650.000,625.000,-1,-1,2,0,2,0,1,0,0,0,0,2,0,0,2,0,0,2,2
15,8198.008,-8170.375,30.033,92.144,-0.037364,-0.999137,0.018118,0.999299,-0.037398,-0.001535,0.002212,0.018048,0.999835,0,0.24000,-0.09761,14.400,-0.195,-1,375.000,-1,375.000,1000.000,300.000,300.000,325.000,325.000,-1,475.000,425.000,-1,650.000,625.000,-1,-1,2,0,2,0,1,0,0,0,0,2,0,0,2,0,0,2,2
16,8197.356,-8151.186,30.011,91.946,-0.033885,-0.999260,0.018223,0.999418,-0.033952,-0.003360,0.003977,0.018099,0.999828,0,0.32000,-0.09880,19.200,-0.198,-1,375.000,-1,375.000,1000.000,300.000,300.000,325.000,325.000,-1,450.000,425.000,-1,650.000,625.000,-1,-1,2,0,2,0,1,0,0,0,0,2,0,0,2,0,0,2,2
17,8196.625,-8127.198,29.981,91.745,-0.030340,-0.999372,0.018330,0.999520,-0.030448,-0.005643,0.006197,0.018150,0.999816,0,0.40000,-0.10044,24.000,-0.201,-1,375.000,-1,375.000,1000.000,300.000,300.000,300.000,325.000,-1,425.000,400.000,-1,650.000,625.000,-1,-1,2,0,2,0,1,0,0,0,0,2,0,0,2,0,0,2,2
18,8195.851,-8098.408,29.943,91.540,-0.026713,-0.999473,0.018429,0.999604,-0.026871,-0.008382,0.008873,0.018198,0.999795,0,0.48000,-0.10254,28.800,-0.205,-1,375.000,-1,375.000,1000.000,300.000,300.000,300.000,325.000,-1,400.000,375.000,-1,650.000,625.000,-1,-1,2,0,2,0,1,0,0,0,0,2,0,0,2,0,0,2,2
19,8195.071,-8064.817,29.898,91.330,-0.022986,-0.999564,0.018513,0.999664,-0.023203,-0.011579,0.012003,0.018241,0.999762,0,0.56000,-0.10513,33.600,-0.210,-1,375.000,-1,375.000,1000.000,300.000,300.000,300.000,300.000,-1,350.000,350.000,-1,675.000,625.000,-1,-1,2,0,2,0,1,0,0,0,0,2,0,0,2,0,0,2,2
20,8194.325,-8026.424,29.845,91.113,-0.019143,-0.999644,0.018573,0.999695,-0.019427,-0.015232,0.015587,0.018276,0.999711,0,0.64000,-0.10823,38.400,-0.216,-1,375.000,-1,375.000,1000.000,300.000,300.000,300.000,300.000,-1,325.000,325.000,-1,675.000,625.000,-1,-1,2,0,2,0,1,0,0,0,0,2,0,0,2,0,0,2,2
21,8193.654,-7983.229,29.783,90.890,-0.015164,-0.999712,0.018600,0.999692,-0.015524,-0.019341,0.019624,0.018301,0.999640,0,0.72000,-0.11185,43.200,-0.224,-1,375.000,-1,375.000,1000.000,300.000,300.000,300.000,300.000,-1,275.000,300.000,-1,675.000,650.000,-1,-1,2,0,2,0,1,0,0,0,0,2,0,0,2,0,0,2,2
22,8193.102,-7935.232,29.711,90.658,-0.011032,-0.999766,0.018584,0.999648,-0.011475,-0.023906,0.024113,0.018314,0.999541,0,0.80000,-0.11602,48.000,-0.232,-1,375.000,-1,375.000,-1,300.000,300.000,300.000,300.000,-1,250.000,275.000,-1,700.000,650.000,-1,-1,2,0,2,0,2,0,0,0,0,2,0,0,2,0,0,2,2
23,8192.719,-7882.433,29.630,90.416,-0.006726,-0.999806,0.018518,0.999555,-0.007260,-0.028926,0.029055,0.018315,0.999410,0,0.88000,-0.12078,52.800,-0.242,-1,375.000,-1,375.000,-1,300.000,300.000,300.000,300.000,-1,225.000,250.000,-1,700.000,650.000,-1,-1,2,0,2,0,2,0,0,0,0,2,0,0,2,0,0,2,2
24,8192.565,-7828.543,31.599,90.164,-0.002319,-0.999844,0.017530,0.999524,-0.002857,-0.030716,0.030761,0.017450,0.999374,0,0.89817,-0.12616,53.890,-0.252,-1,375.000,-1,375.000,-1,300.000,300.000,300.000,300.000,-1,275.000,275.000,-1,725.000,650.000,-1,-1,2,0,2,0,2,0,0,0,0,2,0,0,2,0,0,2,2
25,8192.659,-7774.585,33.834,89.900,0.002291,-0.999857,0.016735,0.999463,0.001742,-0.032735,0.032702,0.016801,0.999324,0,0.89929,-0.13178,53.958,-0.264,-1,375.000,-1,375.000,-1,300.000,300.000,300.000,300.000,-1,300.000,325.000,-1,750.000,675.000,-1,-1,2,0,2,0,2,0,0,0,0,2,0,0,2,0,0,2,2
26,8193.013,-7720.579,36.067,89.625,0.007099,-0.999848,0.015918,0.999374,0.006542,-0.034759,0.034650,0.016154,0.999269,0,0.90012,-0.13753,54.007,-0.275,-1,375.000,-1,375.000,-1,300.000,300.000,300.000,300.000,-1,350.000,375.000,-1,775.000,700.000,-1,-1,2,0,2,0,2,0,0,0,0,2,0,0,2,0,0,2,2
27,8193.637,-7666.544,38.298,89.338,0.012109,-0.999813,0.015080,0.999256,0.011547,-0.036788,0.036607,0.015514,0.999209,0,0.90064,-0.14339,54.038,-0.287,-1,375.000,-1,375.000,-1,300.000,300.000,300.000,300.000,-1,375.000,400.000,-1,800.000,725.000,-1,-1,2,0,2,0,2,0,0,0,0,2,0,0,2,0,0,2,2
28,8194.543,-7612.501,40.528,89.040,0.017324,-0.999749,0.014225,0.999106,0.016760,-0.038822,0.038574,0.014884,0.999145,0,0.90084,-0.14938,54.050,-0.299,-1,375.000,-1,375.000,-1,300.000,300.000,325.000,325.000,-1,425.000,450.000,-1,825.000,775.000,-1,-1,2,0,2,0,2,0,0,0,0,2,0,0,2,0,0,2,2
29,8195.742,-7558.471,42.755,88.729,0.022748,-0.999652,0.013353,0.998919,0.022186,-0.040860,0.040549,0.014268,0.999076,0,0.90071,-0.15546,54.043,-0.311,-1,375.000,-1,375.000,-1,300.000,300.000,325.000,325.000,-1,450.000,475.000,-1,850.000,800.000,-1,-1,2,0,2,0,2,0,0,0,0,2,0,0,2,0,0,2,2
30,8197.246,-7504.476,44.980,88.405,0.028384,-0.999519,0.012467,0.998692,0.027826,-0.042902,0.042534,0.013669,0.999002,0,0.90026,-0.16164,54.015,-0.323,-1,400.000,-1,375.000,-1,300.000,300.000,325.000,325.000,-1,475.000,500.000,-1,900.000,825.000,-1,-1,2,0,2,0,2,0,0,0,0,2,0,0,2,0,0,2,2
31,8199.064,-7450.539,47.203,88.070,0.034235,-0.999347,0.011570,0.998421,0.033683,-0.044948,0.044529,0.013091,0.998922,0,0.89947,-0.16789,53.968,-0.336,-1,400.000,-1,400.000,-1,325.000,300.000,325.000,325.000,-1,500.000,525.000,-1,925.000,850.000,-1,-1,2,0,2,0,2,0,0,0,0,2,0,0,2,0,0,2,2
32,8201.207,-7396.681,49.422,87.721,0.040303,-0.999131,0.010664,0.998103,0.039760,-0.046999,0.046534,0.012538,0.998838,0,0.89834,-0.17420,53.900,-0.348,-1,425.000,-1,400.000,-1,325.000,325.000,300.000,300.000,-1,525.000,575.000,-1,1000.000,900.000,-1,-1,2,0,2,0,2,0,0,0,0,2,0,0,2,0,0,2,2
33,8203.686,-7342.925,51.638,87.360,0.046588,-0.998867,0.009752,0.997734,0.046056,-0.049054,0.048550,0.012015,0.998749,0,0.89687,-0.18055,53.812,-0.361,-1,425.000,-1,400.000,-1,325.000,325.000,300.000,300.000,-1,550.000,600.000,-1,-1,1000.000,-1,-1,2,0,2,0,2,0,0,0,0,2,0,0,2,2,0,2,2
34,8206.509,-7289.295,53.850,86.986,0.053091,-0.998551,0.008836,0.997308,0.052573,-0.051114,0.050576,0.011526,0.998654,0,0.89508,-0.18692,53.705,-0.374,-1,425.000,-1,425.000,-1,350.000,350.000,300.000,300.000,-1,500.000,625.000,-1,-1,-1,-1,-1,2,0,2,0,2,0,0,0,0,2,0,0,2,2,2,2,2
35,8209.687,-7235.810,56.081,86.600,0.059815,-0.998177,0.008008,0.996826,0.059308,-0.053117,0.052545,0.011160,0.998556,0,0.89297,-0.19327,53.578,-0.387,-1,450.000,-1,425.000,-1,350.000,350.000,300.000,300.000,-1,450.000,575.000,-1,-1,-1,-1,-1,2,0,2,0,2,0,0,0,0,2,0,0,2,2,2,2,2
36,8213.222,-7182.495,58.061,86.207,0.066571,-0.997761,0.006467,0.996481,0.066152,-0.051478,0.050935,0.009872,0.998653,0,0.89055,-0.19643,53.433,-0.393,-1,450.000,-1,450.000,-1,350.000,350.000,300.000,300.000,-1,525.000,675.000,-1,-1,-1,-1,-1,2,0,2,0,2,0,0,0,0,2,0,0,2,2,2,2,2
37,8216.569,-7133.977,59.449,86.054,0.069188,-0.997584,0.006216,0.996483,0.068814,-0.047810,0.047267,0.009502,0.998837,0,0.81055,-0.07643,48.633,-0.153,-1,450.000,-1,425.000,-1,350.000,350.000,300.000,300.000,-1,675.000,775.000,-1,-1,-1,-1,-1,2,0,2,0,2,0,0,0,0,2,0,0,2,2,2,2,2
38,8219.520,-7090.244,60.697,86.141,0.067632,-0.997692,0.006057,0.996741,0.067297,-0.044490,0.043980,0.009046,0.998991,0,0.73055,0.04357,43.833,0.087,-1,450.000,-1,425.000,-1,350.000,350.000,300.000,300.000,-1,825.000,875.000,-1,-1,-1,-1,-1,2,0,2,0,2,0,0,0,0,2,0,0,2,2,2,2,2
39,8221.924,-7051.285,61.807,86.468,0.061899,-0.998065,0.005946,0.997237,0.061600,-0.041516,0.041069,0.008500,0.999120,0,0.65055,0.16357,39.033,0.327,-1,425.000,-1,425.000,-1,350.000,350.000,300.000,300.000,-1,900.000,950.000,-1,-1,-1,-1,-1,2,0,2,0,2,0,0,0,0,2,0,0,2,2,2,2,2
40,8223.978,-7013.630,62.883,86.879,0.054710,-0.998485,0.005820,0.997769,0.054446,-0.038628,0.038252,0.007920,0.999237,0,0.62853,0.20531,37.712,0.411,-1,425.000,-1,425.000,-1,350.000,350.000,300.000,300.000,-1,1000.000,-1,-1,-1,-1,-1,-1,2,0,2,0,2,0,0,0,0,2,0,2,2,2,2,2,2
41,8225.751,-6976.203,63.956,87.287,0.047555,-0.998853,0.005656,0.998240,0.047324,-0.035747,0.035438,0.007346,0.999345,0,0.62448,0.20430,37.469,0.409,-1,425.000,-1,425.000,-1,325.000,350.000,300.000,300.000,-1,-1,-1,-1,-1,-1,-1,-1,2,0,2,0,2,0,0,0,0,2,2,2,2,2,2,2,2
42,8227.248,-6939.015,65.027,87.694,0.040427,-0.999168,0.005454,0.998650,0.040227,-0.032875,0.032628,0.006775,0.999445,0,0.62032,0.20351,37.219,0.407,-1,425.000,-1,425.000,-1,325.000,325.000,300.000,275.000,-1,-1,-1,-1,-1,-1,-1,-1,2,0,2,0,2,0,0,0,0,2,2,2,2,2,2,2,2
43,8228.474,-6902.071,66.096,88.100,0.033319,-0.999431,0.005213,0.999000,0.033148,-0.030014,0.029824,0.006208,0.999536,0,0.61608,0.20294,36.965,0.406,-1,425.000,-1,425.000,-1,325.000,325.000,300.000,275.000,-1,-1,-1,-1,-1,-1,-1,-1,2,0,2,0,2,0,0,0,0,2,2,2,2,2,2,2,2
44,8229.431,-6865.376,67.161,88.506,0.026223,-0.999644,0.004934,0.999291,0.026080,-0.027166,0.027028,0.005643,0.999619,0,0.61179,0.20259,36.707,0.405,-1,425.000,-1,425.000,-1,325.000,325.000,300.000,275.000,-1,-1,-1,-1,-1,-1,-1,-1,2,0,2,0,2,0,0,0,0,2,2,2,2,2,2,2,2
45,8230.124,-6828.933,68.222,88.910,0.019132,-0.999806,0.004615,0.999523,0.019015,-0.024332,0.024240,0.005078,0.999693,0,0.60749,0.20245,36.450,0.405,-1,425.000,-1,425.000,-1,325.000,325.000,300.000,300.000,-1,-1,-1,-1,-1,-1,-1,-1,2,0,2,0,2,0,0,0,0,2,2,2,2,2,2,2,2
46,8230.557,-6792.743,69.279,89.316,0.012040,-0.999918,0.004255,0.999697,0.011946,-0.021514,0.021461,0.004513,0.999759,0,0.60322,0.20253,36.193,0.405,-1,450.000,-1,450.000,-1,350.000,350.000,300.000,300.000,-1,-1,-1,-1,-1,-1,-1,-1,2,0,2,0,2,0,0,0,0,2,2,2,2,2,2,2,2
47,8230.732,-6756.804,70.331,89.721,0.004940,-0.999980,0.003854,0.999813,0.004867,-0.018712,0.018693,0.003946,0.999817,0,0.59899,0.20280,35.939,0.406,-1,450.000,-1,450.000,-1,350.000,350.000,300.000,300.000,-1,-1,-1,-1,-1,-1,-1,-1,2,0,2,0,2,0,0,0,0,2,2,2,2,2,2,2,2
48,8230.652,-6721.114,71.380,90.128,-0.002175,-0.999992,0.003412,0.999871,-0.002229,-0.015928,0.015935,0.003376,0.999867,0,0.59483,0.20328,35.690,0.407,-1,450.000,-1,450.000,-1,350.000,350.000,300.000,300.000,-1,-1,-1,-1,-1,-1,-1,-1,2,0,2,0,2,0,0,0,0,2,2,2,2,2,2,2,2
49,8230.321,-6685.669,72.423,90.536,-0.009310,-0.999952,0.002926,0.999870,-0.009348,-0.013162,0.013189,0.002803,0.999909,0,0.59079,0.20396,35.447,0.408,-1,450.000,-1,475.000,-1,350.000,350.000,300.000,300.000,-1,-1,-1,-1,-1,-1,-1,-1,2,0,2,0,2,0,0,0,0,2,2,2,2,2,2,2,2
50,8229.740,-6650.462,73.462,90.945,-0.016473,-0.999861,0.002397,0.999810,-0.016497,-0.010416,0.010454,0.002225,0.999943,0,0.58686,0.20483,35.212,0.410,-1,450.000,-1,475.000,-1,350.000,350.000,300.000,300.000,-1,-1,-1,-1,-1,-1,-1,-1,2,0,2,0,2,0,0,0,0,2,2,2,2,2,2,2,2
51,8228.912,-6615.486,74.496,91.357,-0.023669,-0.999718,0.001823,0.999690,-0.023682,-0.007691,0.007732,0.001640,0.999969,0,0.58309,0.20588,34.986,0.412,-1,475.000,-1,475.000,-1,375.000,375.000,300.000,300.000,-1,-1,-1,-1,-1,-1,-1,-1,2,0,2,0,2,0,0,0,0,2,2,2,2,2,2,2,2
52,8227.837,-6580.733,75.525,91.771,-0.030904,-0.999522,0.001204,0.999510,-0.030909,-0.004986,0.005021,0.001049,0.999987,0,0.57949,0.20711,34.769,0.414,-1,475.000,-1,475.000,-1,375.000,375.000,300.000,325.000,-1,-1,-1,-1,-1,-1,-1,-1,2,0,2,0,2,0,0,0,0,2,2,2,2,2,2,2,2
53,8226.517,-6546.194,75.583,92.188,-0.038175,-0.999266,0.003189,0.999267,-0.038183,-0.002687,0.002807,0.003084,0.999991,0,0.57607,0.20852,34.564,0.417,-1,475.000,-1,500.000,-1,375.000,375.000,325.000,300.000,-1,-1,-1,-1,-1,-1,-1,-1,2,0,2,0,2,0,0,0,0,2,2,2,2,2,2,2,2
54,8224.800,-6508.460,74.352,92.606,-0.045479,-0.998959,0.003630,0.998964,-0.045474,0.001653,-0.001486,0.003702,0.999992,0,0.62955,0.20904,37.773,0.418,-1,475.000,-1,475.000,-1,375.000,375.000,300.000,300.000,-1,-1,-1,-1,-1,-1,-1,-1,2,0,2,0,2,0,0,0,0,2,2,2,2,2,2,2,2
55,8222.820,-6470.972,73.128,93.022,-0.052747,-0.998600,0.003977,0.998591,-0.052723,0.005976,-0.005758,0.004287,0.999974,0,0.62568,0.20794,37.541,0.416,-1,450.000,-1,475.000,-1,375.000,375.000,300.000,300.000,-1,-1,-1,-1,-1,-1,-1,-1,2,0,2,0,2,0,0,0,0,2,2,2,2,2,2,2,2
56,8220.585,-6433.737,71.918,93.436,-0.059985,-0.998190,0.004258,0.998149,-0.059939,0.010260,-0.009986,0.004866,0.999938,0,0.62169,0.20706,37.301,0.414,-1,450.000,-1,475.000,-1,350.000,375.000,300.000,300.000,-1,-1,-1,-1,1000.000,-1,-1,-1,2,0,2,0,2,0,0,0,0,2,2,2,2,0,2,2,2
57,8218.097,-6396.764,70.721,93.849,-0.067200,-0.997729,0.004474,0.997639,-0.067129,0.014503,-0.014170,0.005438,0.999885,0,0.61761,0.20640,37.057,0.413,-1,450.000,-1,475.000,-1,350.000,350.000,300.000,275.000,-1,-1,-1,-1,975.000,-1,-1,-1,2,0,2,0,2,0,0,0,0,2,2,2,2,0,2,2,2
58,8215.362,-6360.057,69.539,94.261,-0.074399,-0.997218,0.004628,0.997061,-0.074300,0.018702,-0.018306,0.006006,0.999814,0,0.61348,0.20596,36.809,0.412,-1,450.000,-1,450.000,-1,350.000,350.000,300.000,275.000,-1,-1,-1,-1,950.000,-1,-1,-1,2,0,2,0,2,0,0,0,0,2,2,2,2,0,2,2,2
59,8212.384,-6323.620,68.372,94.673,-0.081587,-0.996655,0.004720,0.996415,-0.081459,0.022856,-0.022395,0.006568,0.999728,0,0.60932,0.20573,36.559,0.411,-1,425.000,-1,450.000,-1,350.000,350.000,300.000,275.000,-1,-1,-1,-1,900.000,-1,-1,-1,2,0,2,0,2,0,0,0,0,2,2,2,2,0,2,2,2
60,8209.166,-6287.453,67.219,95.084,-0.088772,-0.996041,0.004754,0.995701,-0.088613,0.026962,-0.026434,0.007127,0.999625,0,0.60516,0.20571,36.309,0.411,-1,425.000,-1,450.000,-1,350.000,350.000,300.000,275.000,-1,-1,-1,-1,875.000,-1,-1,-1,2,0,2,0,2,0,0,0,0,2,2,2,2,0,2,2,2
61,8205.401,-6246.516,65.913,95.255,-0.091785,-0.995768,0.004719,0.995296,-0.091592,0.031581,-0.031015,0.007596,0.999490,0,0.68516,0.08571,41.109,0.171,-1,425.000,-1,450.000,-1,350.000,350.000,300.000,275.000,-1,-1,-1,-1,850.000,1000.000,-1,-1,2,0,2,0,2,0,0,0,0,2,2,2,2,0,0,2,2
62,8201.251,-6200.794,64.452,95.187,-0.090631,-0.995874,0.004674,0.995228,-0.090400,0.036717,-0.036143,0.007980,0.999315,0,0.76516,-0.03429,45.909,-0.069,-1,425.000,-1,425.000,-1,350.000,350.000,275.000,275.000,-1,-1,-1,-1,825.000,975.000,-1,-1,2,0,2,0,2,0,0,0,0,2,2,2,2,0,0,2,2
63,8196.939,-6150.267,62.832,94.878,-0.085308,-0.996344,0.004690,0.995476,-0.085035,0.042375,-0.041822,0.008284,0.999091,0,0.84516,-0.15429,50.709,-0.309,-1,400.000,-1,425.000,-1,325.000,350.000,300.000,300.000,-1,-1,-1,-1,800.000,925.000,-1,-1,2,0,2,0,2,0,0,0,0,2,2,2,2,0,0,2,2
64,8193.020,-6098.514,61.166,94.330,-0.075811,-0.997110,0.004842,0.995983,-0.075491,0.048163,-0.047658,0.008474,0.998828,0,0.86501,-0.27429,51.901,-0.549,-1,400.000,-1,425.000,-1,325.000,325.000,300.000,300.000,-1,-1,-1,-1,775.000,900.000,-1,-1,2,0,2,0,2,0,0,0,0,2,2,2,2,0,0,2,2
65,8189.827,-6046.901,59.492,93.541,-0.062130,-0.998054,0.005201,0.996633,-0.061761,0.053936,-0.053510,0.008535,0.998531,0,0.86185,-0.39429,51.711,-0.789,-1,400.000,-1,425.000,-1,325.000,325.000,300.000,300.000,-1,-1,-1,-1,750.000,850.000,-1,-1,2,0,2,0,2,0,0,0,0,2,2,2,2,0,0,2,2
66,8187.567,-5995.390,57.807,92.512,-0.044261,-0.999003,0.005834,0.997253,-0.043835,0.059706,-0.059391,0.008460,0.998199,0,0.85933,-0.51429,51.560,-1.029,-1,400.000,-1,400.000,-1,325.000,325.000,300.000,300.000,-1,-1,-1,-1,725.000,825.000,-1,-1,2,0,2,0,2,0,0,0,0,2,2,2,2,0,0,2,2
67,8186.450,-5943.955,56.107,91.244,-0.022199,-0.999730,0.006804,0.997618,-0.021707,0.065481,-0.065316,0.008241,0.997831,0,0.85743,-0.63429,51.446,-1.269,-1,375.000,-1,400.000,-1,325.000,325.000,300.000,300.000,-1,-1,-1,-1,700.000,800.000,-1,-1,2,0,2,0,2,0,0,0,0,2,2,2,2,0,0,2,2
68,8186.621,-5892.588,53.717,89.810,0.002752,-0.999962,0.008272,0.997605,0.003317,0.069093,-0.069118,0.008062,0.997576,0,0.85612,-0.71695,51.367,-1.434,-1,375.000,-1,400.000,-1,325.000,325.000,300.000,300.000,-1,-1,-1,-1,700.000,775.000,-1,-1,2,0,2,0,2,0,0,0,0,2,2,2,2,0,0,2,2
69,8188.163,-5838.132,50.023,88.378,0.027704,-0.999570,0.009642,0.997234,0.028303,0.068733,-0.068977,0.007711,0.997588,0,0.90797,-0.71591,54.478,-1.432,-1,375.000,-1,400.000,-1,325.000,325.000,300.000,300.000,-1,-1,-1,-1,700.000,750.000,-1,-1,2,0,2,0,2,0,0,0,0,2,2,2,2,0,0,2,2
70,8191.066,-5783.799,46.317,86.942,0.052712,-0.998549,0.011022,0.996230,0.053345,0.068413,-0.068901,0.007374,0.997596,0,0.90685,-0.71804,54.411,-1.436,-1,375.000,-1,400.000,-1,325.000,325.000,300.000,300.000,-1,-1,-1,-1,675.000,750.000,-1,-1,2,0,2,0,2,0,0,0,0,2,2,2,2,0,0,2,2
71,8195.327,-5729.629,42.595,85.502,0.077755,-0.996895,0.012400,0.994589,0.078423,0.068129,-0.068890,0.007036,0.997599,0,0.90562,-0.72004,54.337,-1.440,-1,375.000,-1,400.000,-1,325.000,325.000,300.000,300.000,-1,-1,-1,-1,650.000,725.000,-1,-1,2,0,2,0,2,0,0,0,0,2,2,2,2,0,0,2,2
72,8200.944,-5675.664,38.855,84.058,0.102815,-0.994605,0.013769,0.992308,0.103517,0.067884,-0.068943,0.006684,0.997598,0,0.90427,-0.72191,54.256,-1.444,-1,375.000,-1,400.000,-1,325.000,325.000,300.000,300.000,-1,-1,-1,-1,650.000,725.000,1000.000,-1,2,0,2,0,2,0,0,0,0,2,2,2,2,0,0,0,2
73,8207.910,-5621.945,35.093,82.611,0.127870,-0.991676,0.015119,0.989384,0.128606,0.067677,-0.069058,0.006305,0.997593,0,0.90282,-0.72366,54.169,-1.447,975.000,375.000,-1,400.000,-1,325.000,325.000,300.000,300.000,-1,-1,-1,-1,625.000,700.000,950.000,-1,0,0,2,0,2,0,0,0,0,2,2,2,2,0,0,0,2
74,8215.290,-5573.130,31.641,81.403,0.148701,-0.988747,0.016332,0.986458,0.149472,0.067515,-0.069196,0.006071,0.997585,0,0.82282,-0.60366,49.369,-1.207,925.000,375.000,-1,400.000,-1,325.000,325.000,300.000,300.000,-1,-1,-1,-1,625.000,700.000,900.000,-1,0,0,2,0,2,0,0,0,0,2,2,2,2,0,0,0,2
75,8222.695,-5529.181,28.504,80.436,0.165337,-0.986083,0.017410,0.983796,0.166143,0.067388,-0.069342,0.005986,0.997575,0,0.74282,-0.48366,44.569,-0.967,900.000,375.000,-1,400.000,-1,325.000,325.000,300.000,300.000,-1,-1,-1,-1,600.000,675.000,850.000,-1,0,0,2,0,2,0,0,0,0,2,2,2,2,0,0,0,2
76,8229.800,-5490.051,25.689,79.709,0.177804,-0.983895,0.018357,0.981610,0.178647,0.067286,-0.069481,0.006056,0.997565,0,0.66282,-0.36366,39.769,-0.727,850.000,375.000,-1,400.000,-1,325.000,325.000,300.000,300.000,-1,-1,-1,-1,575.000,675.000,825.000,-1,0,0,2,0,2,0,0,0,0,2,2,2,2,0,0,0,2
77,8236.788,-5453.346,23.031,79.222,0.186124,-0.982338,0.019239,0.980058,0.187008,0.067194,-0.069605,0.006349,0.997554,0,0.62274,-0.24366,37.365,-0.487,825.000,350.000,1000.000,375.000,-1,300.000,325.000,300.000,300.000,-1,-1,-1,-1,575.000,650.000,775.000,-1,0,0,1,0,2,0,0,0,0,2,2,2,2,0,0,0,2
78,8243.906,-5416.813,20.372,78.974,0.190312,-0.981518,0.020111,0.979246,0.191246,0.067101,-0.069707,0.006924,0.997543,0,0.62034,-0.12366,37.220,-0.247,775.000,350.000,975.000,375.000,-1,300.000,300.000,300.000,300.000,-1,-1,-1,-1,575.000,650.000,750.000,-1,0,0,1,0,2,0,0,0,0,2,2,2,2,0,0,0,2
79,8250.995,-5380.454,17.718,78.967,0.190376,-0.981487,0.020976,0.979228,0.191370,0.067003,-0.069776,0.007784,0.997532,0,0.61739,-0.00366,37.044,-0.007,750.000,350.000,950.000,375.000,-1,300.000,300.000,300.000,300.000,-1,-1,-1,-1,550.000,625.000,725.000,-1,0,0,1,0,2,0,0,0,0,2,2,2,2,0,0,0,2
80,8257.898,-5344.271,15.071,79.200,0.186319,-0.982247,0.021833,0.980007,0.187381,0.066896,-0.069800,0.008933,0.997521,0,0.61391,0.11634,36.835,0.233,725.000,325.000,900.000,375.000,-1,300.000,300.000,300.000,300.000,-1,-1,-1,-1,550.000,625.000,675.000,-1,0,0,1,0,2,0,0,0,0,2,2,2,2,0,0,0,2
81,8264.603,-5308.296,12.435,79.442,0.182087,-0.983021,0.022680,0.980801,0.183217,0.066797,-0.069818,0.010082,0.997509,0,0.60991,0.12133,36.595,0.243,700.000,325.000,850.000,350.000,-1,275.000,300.000,300.000,300.000,-1,-1,-1,-1,525.000,600.000,650.000,975.000,0,0,1,0,2,0,0,0,0,2,2,2,2,0,0,0,1
82,8271.113,-5272.529,10.142,79.685,0.177778,-0.983760,0.024711,0.981649,0.179045,0.065635,-0.068993,0.012589,0.997538,0,0.60591,0.12140,36.354,0.243,675.000,325.000,825.000,350.000,-1,275.000,275.000,300.000,300.000,-1,-1,-1,-1,525.000,600.000,650.000,925.000,0,0,1,0,2,0,0,0,0,2,2,2,2,0,0,0,1
83,8277.429,-5236.969,8.246,79.928,0.173389,-0.984453,0.028077,0.982579,0.174855,0.062960,-0.066891,0.016672,0.997621,0,0.60195,0.12167,36.117,0.243,700.000,325.000,800.000,350.000,-1,275.000,275.000,300.000,300.000,-1,-1,-1,-1,525.000,600.000,650.000,875.000,0,0,1,0,2,0,0,0,0,2,2,2,2,0,0,0,1
84,8283.553,-5201.612,6.378,80.173,0.169001,-0.985116,0.031386,0.983481,0.170644,0.060377,-0.064834,0.020664,0.997682,0,0.59806,0.12212,35.884,0.244,700.000,325.000,750.000,350.000,-1,275.000,275.000,325.000,300.000,-1,-1,-1,-1,525.000,575.000,650.000,850.000,1,0,1,0,2,0,0,0,0,2,2,2,2,0,0,1,1
85,8289.488,-5166.454,5.261,80.418,0.164840,-0.985813,0.031631,0.984451,0.166417,0.056236,-0.060702,0.021870,0.997916,0,0.59427,0.12276,35.656,0.246,675.000,325.000,725.000,350.000,1000.000,275.000,275.000,325.000,300.000,-1,-1,725.000,975.000,525.000,600.000,625.000,825.000,1,0,1,0,1,0,0,0,0,2,2,0,1,0,0,1,1
86,8295.235,-5131.489,4.227,80.665,0.160678,-0.986502,0.031579,0.985398,0.162160,0.051909,-0.056329,0.022777,0.998152,0,0.59059,0.12357,35.435,0.247,675.000,325.000,700.000,350.000,950.000,275.000,275.000,325.000,300.000,-1,-1,525.000,925.000,525.000,600.000,600.000,775.000,1,0,1,0,1,0,0,0,0,2,2,0,1,0,0,1,1
87,8301.614,-5091.763,3.045,80.876,0.157156,-0.987068,0.031601,0.986237,0.158528,0.046959,-0.051361,0.023786,0.998397,0,0.67059,0.10534,40.235,0.211,625.000,325.000,675.000,350.000,925.000,275.000,300.000,325.000,325.000,-1,625.000,425.000,900.000,525.000,625.000,575.000,750.000,1,0,1,0,1,0,0,0,0,2,0,0,1,1,1,1,1
88,8308.183,-5049.864,1.791,81.089,0.153597,-0.987626,0.031678,0.987058,0.154847,0.041710,-0.046099,0.024861,0.998627,0,0.70686,0.10667,42.411,0.213,600.000,325.000,650.000,350.000,875.000,275.000,300.000,325.000,325.000,-1,475.000,350.000,875.000,500.000,575.000,550.000,700.000,1,0,1,0,1,0,0,0,1,2,0,0,1,1,1,1,1
89,8314.560,-5008.160,0.538,81.306,0.149985,-0.988177,0.031803,0.987845,0.151108,0.036458,-0.040833,0.025948,0.998829,0,0.70316,0.10831,42.190,0.217,575.000,325.000,600.000,350.000,825.000,275.000,300.000,325.000,325.000,-1,400.000,300.000,850.000,475.000,550.000,525.000,675.000,1,0,1,0,1,0,0,0,1,2,0,0,1,1,1,1,1
90,8320.745,-4966.636,-0.714,81.526,0.146312,-0.988722,0.031976,0.988599,0.147303,0.031205,-0.035563,0.027046,0.999001,0,0.69971,0.11016,41.983,0.220,550.000,350.000,575.000,375.000,775.000,300.000,300.000,325.000,325.000,-1,350.000,275.000,825.000,450.000,525.000,475.000,625.000,1,0,1,0,1,0,0,0,1,2,0,0,1,1,1,1,1
91,8326.741,-4925.276,-1.966,81.751,0.142570,-0.989261,0.032197,0.989321,0.143424,0.025948,-0.030288,0.028154,0.999145,0,0.69654,0.11223,41.792,0.224,500.000,350.000,525.000,375.000,725.000,300.000,300.000,325.000,325.000,-1,300.000,250.000,800.000,425.000,500.000,450.000,575.000,1,0,1,0,1,0,0,0,1,2,0,0,1,1,1,1,1
92,8333.051,-4879.114,-3.357,82.215,0.134704,-0.990353,0.032500,0.990588,0.135394,0.020071,-0.024278,0.029491,0.999270,0,0.77654,0.23223,46.592,0.464,475.000,325.000,500.000,375.000,650.000,300.000,300.000,325.000,350.000,-1,250.000,200.000,750.000,375.000,450.000,425.000,525.000,1,1,1,1,1,0,0,0,0,2,0,0,1,1,1,1,1
93,8339.464,-4828.506,-4.880,82.777,0.125165,-0.991589,0.032947,0.991979,0.125666,0.013599,-0.017625,0.030980,0.999365,0,0.85022,0.28107,51.013,0.562,425.000,300.000,450.000,350.000,575.000,275.000,300.000,325.000,325.000,-1,225.000,175.000,725.000,350.000,400.000,375.000,475.000,1,1,1,1,1,1,1,0,0,2,0,0,1,1,1,1,1
94,8345.421,-4777.459,-6.414,83.343,0.115576,-0.992733,0.033520,0.993239,0.115872,0.007041,-0.010874,0.032479,0.999413,0,0.85656,0.28261,51.394,0.565,375.000,275.000,400.000,300.000,500.000,250.000,275.000,325.000,325.000,-1,200.000,175.000,700.000,300.000,375.000,325.000,425.000,1,1,1,1,1,1,1,0,0,2,0,0,1,1,1,1,1
95,8350.912,-4725.975,-7.959,83.911,0.105937,-0.993784,0.034220,0.994365,0.106013,0.000402,-0.004027,0.033984,0.999414,0,0.86293,0.28421,51.776,0.568,325.000,225.000,350.000,275.000,450.000,225.000,225.000,325.000,325.000,-1,175.000,150.000,675.000,275.000,325.000,275.000,375.000,1,1,1,1,1,1,1,0,0,2,0,0,1,1,1,1,1
96,8355.926,-4674.057,-9.513,84.483,0.096248,-0.994740,0.035046,0.995353,0.096085,-0.006314,0.002913,0.035491,0.999366,0,0.86933,0.28590,52.160,0.572,275.000,200.000,300.000,225.000,375.000,200.000,200.000,325.000,325.000,-1,175.000,150.000,675.000,225.000,275.000,225.000,325.000,1,1,1,1,1,1,1,0,0,2,0,0,1,1,1,1,1
97,8360.451,-4621.707,-11.030,85.058,0.086504,-0.995594,0.036191,0.996203,0.086086,-0.012974,0.009801,0.037176,0.999261,0,0.87576,0.28768,52.545,0.575,225.000,175.000,250.000,200.000,300.000,150.000,175.000,300.000,300.000,-1,150.000,125.000,650.000,200.000,225.000,200.000,250.000,1,1,1,1,1,1,1,0,0,2,0,0,1,1,1,1,1
98,8364.457,-4568.926,-5.993,85.637,0.077952,-0.995094,0.060916,0.996498,0.075917,-0.035035,0.030239,0.063434,0.997528,0,0.88220,0.28959,52.932,0.579,225.000,150.000,225.000,175.000,225.000,150.000,150.000,375.000,300.000,-1,175.000,125.000,575.000,175.000,200.000,175.000,200.000,1,1,1,1,1,1,1,0,0,2,0,0,1,1,1,1,1
99,8367.429,-4520.880,8.469,86.456,0.066017,-0.996314,0.054769,0.995110,0.061697,-0.077134,0.073470,0.059594,0.995515,0,0.80220,0.40959,48.132,0.819,250.000,150.000,250.000,175.000,250.000,150.000,150.000,425.000,350.000,-1,150.000,125.000,550.000,200.000,225.000,200.000,225.000,1,1,1,1,1,1,1,0,0,2,0,0,1,1,1,1,1
100,-4919.528,-983.942,35.412,146.292,-0.826774,-0.553099,0.102598,0.558334,-0.829083,0.029736,0.068616,0.081869,0.994278,1,0.00000,0.00000,43.332,1.059,-1,375.000,-1,375.000,-1,300.000,325.000,325.000,300.000,-1,650.000,575.000,-1,725.000,750.000,-1,-1,2,0,2,0,2,0,0,0,0,2,0,0,2,0,0,2,2
101,-4923.510,-981.261,35.747,146.052,-0.824427,-0.556549,0.102824,0.561809,-0.826734,0.029686,0.068486,0.082241,0.994257,0,0.08000,-0.12000,4.800,-0.240,-1,375.000,-1,375.000,-1,300.000,325.000,325.000,300.000,-1,650.000,575.000,-1,725.000,750.000,-1,-1,2,0,2,0,2,0,0,0,0,2,0,0,2,0,0,2,2
102,-4931.429,-975.834,36.413,145.572,-0.819689,-0.563421,0.103278,0.568731,-0.821991,0.029586,0.068225,0.082989,0.994212,0,0.16000,-0.24000,9.600,-0.480,-1,375.000,-1,375.000,-1,300.000,325.000,325.000,300.000,-1,650.000,575.000,-1,725.000,750.000,-1,-1,2,0,2,0,2,0,0,0,0,2,0,0,2,0,0,2,2
103,-4943.205,-967.545,37.400,144.852,-0.812474,-0.573651,0.103969,0.579038,-0.814769,0.029433,0.067827,0.084116,0.994145,0,0.24000,-0.36000,14.400,-0.720,-1,375.000,-1,400.000,-1,300.000,325.000,325.000,300.000,-1,650.000,575.000,-1,725.000,775.000,-1,-1,2,0,2,0,2,0,0,0,0,2,0,0,2,0,0,2,2
104,-4958.718,-956.231,38.688,143.892,-0.802658,-0.587147,0.104875,0.592635,-0.804941,0.029215,0.067264,0.085602,0.994056,0,0.32000,-0.48000,19.200,-0.960,-1,375.000,-1,400.000,-1,300.000,325.000,325.000,300.000,-1,675.000,575.000,-1,725.000,775.000,-1,-1,2,0,2,0,2,0,0,0,0,2,0,0,2,0,0,2,2
105,-4977.809,-941.685,40.134,142.692,-0.790136,-0.603805,0.105377,0.609354,-0.792376,0.028770,0.066126,0.086944,0.994016,0,0.40000,-0.60000,24.000,-1.200,-1,375.000,-1,400.000,-1,300.000,325.000,325.000,300.000,-1,675.000,600.000,-1,750.000,775.000,-1,-1,2,0,2,0,2,0,0,0,0,2,0,0,2,0,0,2,2
106,-5000.272,-923.659,41.813,141.252,-0.774658,-0.623439,0.105970,0.629061,-0.776842,0.028252,0.064708,0.088547,0.993968,0,0.48000,-0.72000,28.800,-1.440,-1,375.000,-1,400.000,-1,325.000,325.000,325.000,325.000,-1,700.000,600.000,-1,750.000,800.000,-1,-1,2,0,2,0,2,0,0,0,0,2,0,0,2,0,0,2,2
107,-5025.852,-901.871,43.847,139.572,-0.756017,-0.645801,0.106673,0.651562,-0.758061,0.028458,0.062486,0.091019,0.993887,0,0.56000,-0.84000,33.600,-1.680,-1,375.000,-1,400.000,-1,325.000,325.000,325.000,325.000,-1,725.000,650.000,-1,750.000,800.000,-1,-1,2,0,2,0,2,0,0,0,0,2,0,0,2,0,0,2,2
108,-5054.236,-876.005,46.069,137.652,-0.733930,-0.670660,0.107525,0.676584,-0.735805,0.028739,0.059843,0.093842,0.993787,0,0.64000,-0.96000,38.400,-1.920,-1,375.000,-1,400.000,-1,325.000,325.000,325.000,300.000,-1,775.000,675.000,-1,750.000,800.000,-1,-1,2,0,2,0,2,0,0,0,0,2,0,0,2,0,0,2,2
109,-5085.132,-845.808,48.454,135.652,-0.710053,-0.695729,0.108564,0.701835,-0.711745,0.029096,0.057027,0.096854,0.993664,0,0.72000,-1.00000,43.200,-2.000,-1,375.000,-1,400.000,-1,325.000,325.000,325.000,300.000,-1,825.000,700.000,-1,750.000,825.000,-1,-1,2,0,2,0,2,0,0,0,0,2,0,0,2,0,0,2,2
110,-5118.269,-811.079,50.976,133.652,-0.685314,-0.719920,0.109821,0.726231,-0.686816,0.029538,0.054162,0.099998,0.993512,0,0.80000,-1.00000,48.000,-2.000,-1,375.000,-1,400.000,1000.000,325.000,325.000,300.000,300.000,-1,900.000,750.000,-1,750.000,825.000,-1,-1,2,0,2,0,1,0,0,0,0,2,0,0,2,0,0,2,2
111,-5152.852,-772.204,53.570,131.652,-0.659747,-0.743200,0.111301,0.749740,-0.661049,0.030072,0.051226,0.103287,0.993332,0,0.86713,-1.00000,52.028,-2.000,-1,375.000,-1,400.000,950.000,325.000,325.000,300.000,300.000,-1,975.000,800.000,-1,775.000,850.000,-1,950.000,2,0,2,0,1,0,0,0,0,2,0,0,2,0,0,2,1
112,-5186.569,-731.527,55.936,129.652,-0.633452,-0.765573,0.112415,0.772305,-0.634507,0.030755,0.047783,0.106301,0.993185,0,0.88054,-1.00000,52.832,-2.000,-1,375.000,-1,400.000,900.000,325.000,325.000,300.000,300.000,-1,-1,850.000,-1,775.000,825.000,-1,900.000,2,0,2,0,1,0,0,0,0,2,2,0,2,0,1,2,1
113,-5219.360,-689.035,57.939,127.652,-0.606461,-0.786911,0.113912,0.793924,-0.607140,0.032646,0.043471,0.110236,0.992954,0,0.89451,-1.00000,53.671,-2.000,-1,400.000,-1,400.000,875.000,325.000,325.000,300.000,300.000,-1,-1,1000.000,-1,775.000,775.000,-1,850.000,2,0,2,0,1,0,0,0,0,2,2,0,2,0,1,2,1
114,-5251.157,-644.715,59.818,125.652,-0.578760,-0.807243,0.115735,0.814564,-0.579037,0.034676,0.039023,0.114342,0.992675,0,0.90906,-1.00000,54.544,-2.000,-1,400.000,-1,400.000,825.000,325.000,325.000,300.000,300.000,-1,-1,-1,-1,800.000,725.000,-1,800.000,2,0,2,0,1,0,0,0,0,2,2,2,2,0,1,2,1
115,-5281.890,-598.558,61.566,123.652,-0.550388,-0.826542,0.117903,0.834198,-0.550234,0.036823,0.034438,0.118621,0.992342,0,0.92417,-1.00000,55.450,-2.000,-1,400.000,-1,400.000,775.000,325.000,325.000,325.000,300.000,-1,-1,-1,-1,800.000,700.000,-1,750.000,2,0,2,0,1,0,0,0,0,2,2,2,2,0,1,2,1
116,-5312.165,-549.912,63.227,121.892,-0.524917,-0.842697,0.119684,0.850616,-0.524368,0.038600,0.030231,0.122067,0.992061,0,0.95491,-0.88000,57.295,-1.760,-1,400.000,950.000,400.000,725.000,325.000,325.000,325.000,300.000,-1,-1,-1,-1,825.000,650.000,-1,700.000,2,0,1,0,1,0,0,0,0,2,2,2,2,0,1,2,1
117,-5341.627,-499.644,64.731,120.372,-0.502554,-0.856078,0.120705,0.864136,-0.501695,0.039639,0.026623,0.124227,0.991897,0,0.97104,-0.76000,58.262,-1.520,-1,400.000,875.000,400.000,675.000,325.000,325.000,325.000,300.000,-1,-1,-1,-1,825.000,600.000,-1,625.000,2,0,1,0,1,0,0,0,0,2,2,2,2,0,1,2,1
118,-5370.266,-447.786,65.877,118.910,-0.480839,-0.868468,0.120654,0.876525,-0.479611,0.040952,0.022301,0.125448,0.991850,0,0.98731,-0.73115,59.239,-1.462,-1,400.000,800.000,400.000,625.000,325.000,325.000,325.000,300.000,-1,-1,-1,-1,825.000,550.000,-1,575.000,2,0,1,0,1,0,0,0,0,2,2,2,2,1,1,2,1
119,-5397.915,-394.533,66.684,117.439,-0.458794,-0.880442,0.119706,0.888376,-0.457138,0.042589,0.017225,0.125884,0.991895,0,1.00000,-0.73534,60.000,-1.471,-1,400.000,700.000,400.000,550.000,325.000,325.000,325.000,300.000,-1,-1,-1,-1,725.000,500.000,-1,525.000,2,0,1,0,1,0,0,0,0,2,2,2,2,1,1,2,1
120,-5424.180,-340.585,67.330,115.961,-0.436340,-0.891895,0.118875,0.899701,-0.434245,0.044373,0.012045,0.126314,0.991917,0,1.00000,-0.73923,60.000,-1.478,-1,400.000,625.000,400.000,500.000,325.000,325.000,325.000,300.000,-1,-1,-1,-1,650.000,450.000,900.000,475.000,2,0,1,1,1,0,0,0,0,2,2,2,2,1,1,1,1
121,-5449.038,-285.974,67.813,114.475,-0.413502,-0.902803,0.118170,0.910478,-0.410957,0.046296,0.006766,0.126735,0.991914,0,1.00000,-0.74270,60.000,-1.485,-1,400.000,550.000,350.000,450.000,325.000,325.000,300.000,300.000,-1,-1,-1,-1,575.000,400.000,750.000,400.000,2,0,1,1,1,0,0,0,0,2,2,2,2,1,1,1,1
122,-5472.466,-230.734,68.049,112.984,-0.390273,-0.913183,0.117405,0.920698,-0.387315,0.047987,0.001652,0.126822,0.991924,0,1.00000,-0.74574,60.000,-1.491,-1,400.000,500.000,300.000,375.000,325.000,300.000,300.000,300.000,-1,-1,-1,-1,500.000,350.000,650.000,350.000,2,0,1,1,1,0,1,0,0,2,2,2,2,1,1,1,1
123,-5494.443,-174.900,68.075,111.487,-0.366693,-0.922999,0.116657,0.930336,-0.363335,0.049624,-0.003417,0.126726,0.991932,0,1.00000,-0.74836,60.000,-1.497,-1,350.000,425.000,275.000,325.000,300.000,250.000,300.000,300.000,-1,-1,-1,-1,425.000,300.000,550.000,300.000,2,1,1,1,1,1,1,0,0,2,2,2,2,1,1,1,1
124,-5514.949,-118.511,67.941,109.986,-0.342806,-0.932210,0.116056,0.939367,-0.339034,0.051436,-0.008603,0.126652,0.991910,0,1.00000,-0.75058,60.000,-1.501,625.000,300.000,350.000,225.000,275.000,250.000,225.000,300.000,325.000,-1,-1,-1,-1,350.000,250.000,475.000,250.000,1,1,1,1,1,1,1,0,0,2,2,2,2,1,1,1,1
125,-5533.969,-61.602,67.401,108.481,-0.318569,-0.940693,0.116668,0.947808,-0.314403,0.053015,-0.013190,0.127468,0.991755,0,1.00000,-0.75241,60.000,-1.505,475.000,250.000,275.000,175.000,200.000,200.000,175.000,300.000,300.000,-1,-1,-1,-1,300.000,200.000,375.000,175.000,1,1,1,1,1,1,1,0,0,2,2,2,2,1,1,1,1
126,-5551.456,-4.205,73.678,106.973,-0.291633,-0.951374,0.099189,0.956526,-0.290378,0.027182,0.002942,0.102804,0.994697,0,1.00000,-0.75385,60.000,-1.508,375.000,200.000,250.000,150.000,200.000,175.000,150.000,300.000,375.000,-1,-1,-1,-1,250.000,175.000,300.000,175.000,1,1,1,1,1,1,1,0,0,2,2,2,2,1,1,1,1
127,-5567.428,53.633,80.484,105.463,-0.265003,-0.961057,0.078381,0.964011,-0.265862,-0.000551,0.021368,0.075414,0.996923,0,1.00000,-0.75495,60.000,-1.510,300.000,175.000,225.000,150.000,200.000,150.000,125.000,275.000,475.000,-1,200.000,525.000,-1,200.000,175.000,250.000,175.000,1,1,1,1,1,1,1,0,0,2,0,0,2,1,1,1,1
128,6887.004,8854.948,-280.164,117.625,-0.444875,-0.867005,-0.224475,0.891037,-0.453732,-0.013419,-0.090217,-0.205985,0.974387,1,0.00000,0.00000,60.000,-1.511,225.000,300.000,-1,425.000,-1,275.000,325.000,225.000,225.000,-1,-1,-1,400.000,475.000,750.000,275.000,-1,0,0,2,0,2,0,0,0,1,2,2,2,1,0,0,0,2
129,9325.367,5475.570,-271.631,-49.429,0.650137,0.757575,-0.058329,-0.739828,0.648658,0.178600,0.173138,-0.072961,0.982191,1,0.00000,0.00000,-4.800,-0.240,-1,675.000,-1,250.000,-1,350.000,250.000,300.000,575.000,475.000,50.000,125.000,-1,-1,-1,-1,375.000,2,1,2,1,2,1,1,0,0,0,0,0,2,2,2,2,1
130,-9511.004,327.959,49.505,-73.134,0.294463,0.955074,0.033556,-0.951255,0.289556,0.106164,0.091678,-0.063182,0.993782,1,0.00000,0.00000,4.800,0.240,-1,400.000,-1,550.000,-1,350.000,400.000,475.000,375.000,-1,0.000,0.000,-1,875.000,-1,-1,-1,2,0,2,0,2,0,0,1,0,2,0,0,2,0,2,2,2
131,-9509.592,323.371,49.866,-72.894,0.298354,0.953899,0.032573,-0.950107,0.293568,0.105425,0.091003,-0.062402,0.993894,0,0.08000,0.12000,4.800,0.240,-1,400.000,-1,550.000,-1,350.000,400.000,475.000,375.000,-1,0.000,0.000,-1,875.000,-1,-1,-1,2,0,2,0,2,0,0,1,0,2,0,0,2,0,2,2,2
132,-9506.710,314.215,50.515,-72.527,0.304292,0.952074,0.031005,-0.948330,0.299703,0.104157,0.089873,-0.061097,0.994077,0,0.16000,0.18371,9.600,0.367,-1,400.000,-1,525.000,-1,350.000,400.000,450.000,375.000,-1,0.000,0.000,-1,875.000,-1,-1,-1,2,0,2,0,2,0,0,1,0,2,0,0,2,0,2,2,2
133,-9502.300,300.507,51.375,-72.161,0.310167,0.950232,0.029262,-0.946553,0.305808,0.102563,0.088511,-0.059510,0.994296,0,0.24000,0.18298,14.400,0.366,-1,400.000,-1,525.000,-1,350.000,375.000,400.000,375.000,-1,0.000,0.000,-1,875.000,-1,-1,-1,2,0,2,0,2,0,0,1,0,2,0,0,2,0,2,2,2
134,-9496.302,282.268,52.466,-71.797,0.315960,0.948380,0.027292,-0.944788,0.311870,0.100559,0.086857,-0.057558,0.994557,0,0.32000,0.18188,19.200,0.364,-1,400.000,-1,525.000,-1,350.000,375.000,325.000,375.000,-1,0.000,0.000,-1,875.000,-1,-1,-1,2,0,2,0,2,0,0,1,0,2,0,0,2,0,2,2,2
135,-9488.663,259.517,53.818,-71.436,0.321649,0.946529,0.025003,-0.943053,0.317879,0.097997,0.084809,-0.055099,0.994873,0,0.40000,0.18038,24.000,0.361,-1,400.000,-1,525.000,-1,350.000,375.000,250.000,350.000,-1,0.000,0.000,-1,850.000,-1,-1,-1,2,0,2,0,2,0,0,1,0,2,0,0,2,0,2,2,2
