timestep,x_cm,y_cm,z_cm,yaw_deg,basis_xx,basis_xy,basis_xz,basis_yx,basis_yy,basis_yz,basis_zx,basis_zy,basis_zz,teleport_flag,throttle_cmd,steering_cmd,cmd_move_cm,cmd_turn_deg,lidar_cm_0,lidar_cm_1,lidar_cm_2,lidar_cm_3,lidar_cm_4,lidar_cm_5,lidar_cm_6,lidar_cm_7,lidar_cm_8,lidar_cm_9,lidar_cm_10,lidar_cm_11,lidar_cm_12,lidar_cm_13,lidar_cm_14,lidar_cm_15,lidar_cm_16,lidar_class_0,lidar_class_1,lidar_class_2,lidar_class_3,lidar_class_4,lidar_class_5,lidar_class_6,lidar_class_7,lidar_class_8,lidar_class_9,lidar_class_10,lidar_class_11,lidar_class_12,lidar_class_13,lidar_class_14,lidar_class_15,lidar_class_16
0,-2956.393,-6888.274,278.647,-168.178,-0.978633,0.204842,0.017821,-0.204501,-0.978678,0.019211,0.021376,0.015156,0.999657,1,0.08000,-0.12000,4.800,-0.240,-1,400.000,-1,400.000,-1,325.000,325.000,300.000,300.000,-1,-1,-1,-1,825.000,825.000,-1,-1,2,0,2,0,2,0,0,0,0,2,2,2,2,0,0,2,2
1,-2965.806,-6890.162,278.850,-168.658,-0.980318,0.196635,0.017615,-0.196299,-0.980357,0.019169,0.021038,0.015334,0.999661,0,0.16000,-0.24000,9.600,-0.480,-1,400.000,-1,400.000,-1,325.000,325.000,300.000,300.000,-1,-1,-1,-1,825.000,825.000,-1,-1,2,0,2,0,2,0,0,0,0,2,2,2,2,0,0,2,2
2,-2979.959,-6892.816,279.151,-169.378,-0.982718,0.184300,0.017309,-0.183969,-0.982746,0.019108,0.020532,0.015593,0.999668,0,0.24000,-0.36000,14.400,-0.720,-1,400.000,-1,400.000,-1,325.000,325.000,300.000,300.000,-1,-1,-1,-1,825.000,825.000,-1,-1,2,0,2,0,2,0,0,0,0,2,2,2,2,0,0,2,2
3,-2998.887,-6896.038,279.546,-170.338,-0.985675,0.167808,0.016905,-0.167484,-0.985691,0.019031,0.019856,0.015927,0.999676,0,0.32000,-0.48000,19.200,-0.960,-1,400.000,-1,400.000,-1,325.000,325.000,300.000,300.000,-1,-1,-1,-1,825.000,825.000,-1,-1,2,0,2,0,2,0,0,0,0,2,2,2,2,0,0,2,2
4,-3022.625,-6899.570,280.030,-171.538,-0.988982,0.147127,0.016406,-0.146813,-0.988983,0.018943,0.019012,0.016326,0.999686,0,0.40000,-0.60000,24.000,-1.200,-1,400.000,-1,400.000,-1,325.000,325.000,300.000,300.000,-1,-1,-1,-1,825.000,800.000,-1,-1,2,0,2,0,2,0,0,0,0,2,2,2,2,0,0,2,2
5,-3051.209,-6903.091,280.597,-172.978,-0.992376,0.122227,0.015817,-0.121924,-0.992360,0.018853,0.018001,0.016781,0.999697,0,0.48000,-0.72000,28.800,-1.440,-1,400.000,-1,400.000,-1,325.000,325.000,300.000,300.000,-1,-1,-1,-1,825.000,800.000,-1,-1,2,0,2,0,2,0,0,0,0,2,2,2,2,0,0,2,2
6,-3084.664,-6906.219,281.241,-174.658,-0.995543,0.093080,0.015144,-0.092791,-0.995509,0.018772,0.016824,0.017283,0.999709,0,0.56000,-0.84000,33.600,-1.680,-1,400.000,-1,400.000,-1,325.000,325.000,300.000,300.000,-1,-1,-1,-1,825.000,800.000,-1,-1,2,0,2,0,2,0,0,0,0,2,2,2,2,0,0,2,2
7,-3122.995,-6908.511,281.954,-176.578,-0.998114,0.059674,0.014395,-0.059400,-0.998059,0.018716,0.015484,0.017825,0.999721,0,0.64000,-0.96000,38.400,-1.920,-1,400.000,-1,400.000,-1,325.000,325.000,300.000,300.000,-1,-1,-1,-1,825.000,800.000,-1,-1,2,0,2,0,2,0,0,0,0,2,2,2,2,0,0,2,2
8,-3166.182,-6909.582,282.729,-178.578,-0.999600,0.024805,0.013582,-0.024549,-0.999524,0.018684,0.014039,0.018343,0.999733,0,0.72000,-1.00000,43.200,-2.000,-1,400.000,-1,400.000,-1,325.000,325.000,300.000,300.000,-1,-1,-1,-1,825.000,800.000,-1,1000.000,2,0,2,0,2,0,0,0,0,2,2,2,2,0,0,2,1
9,-3214.179,-6909.098,283.561,-180.578,-0.999868,-0.010093,0.012712,0.010329,-0.999772,0.018684,0.012521,0.018812,0.999745,0,0.80000,-1.00000,48.000,-2.000,-1,400.000,-1,400.000,-1,325.000,325.000,300.000,300.000,-1,-1,-1,-1,800.000,800.000,-1,975.000,2,0,2,0,2,0,0,0,0,2,2,2,2,1,1,2,1
10,-3266.926,-6906.723,284.424,-182.578,-0.998918,-0.044978,0.011857,0.045194,-0.998804,0.018647,0.011004,0.019163,0.999756,0,0.88000,-1.00000,52.800,-2.000,-1,400.000,-1,400.000,-1,325.000,325.000,300.000,300.000,-1,-1,-1,-1,775.000,775.000,-1,925.000,2,0,2,0,2,0,0,0,0,2,2,2,2,1,1,2,1
11,-3324.343,-6902.129,284.804,-184.574,-0.996758,-0.079725,0.010871,0.079910,-0.996643,0.017825,0.009413,0.018636,0.999782,0,0.96000,-0.99759,57.600,-1.995,-1,400.000,975.000,400.000,-1,325.000,325.000,300.000,300.000,-1,-1,-1,-1,725.000,725.000,-1,875.000,2,0,1,0,2,0,0,0,0,2,2,2,2,1,1,2,1
12,-3383.838,-6895.285,285.019,-186.562,-0.993403,-0.114264,0.009724,0.114421,-0.993278,0.017523,0.007656,0.018520,0.999799,0,0.99813,-0.99436,59.888,-1.989,-1,400.000,925.000,400.000,1000.000,325.000,325.000,300.000,300.000,-1,-1,-1,-1,675.000,700.000,1000.000,850.000,2,0,1,0,1,0,0,0,0,2,2,2,2,1,1,1,1
13,-3443.172,-6886.372,285.207,-188.543,-0.988871,-0.148528,0.008609,0.148658,-0.988737,0.017309,0.005941,0.018396,0.999813,0,1.00000,-0.99039,60.000,-1.981,-1,400.000,850.000,400.000,975.000,325.000,325.000,300.000,300.000,-1,-1,-1,-1,625.000,650.000,850.000,800.000,2,0,1,0,1,0,0,0,0,2,2,2,2,1,1,1,1
14,-3502.165,-6875.423,285.369,-190.514,-0.983186,-0.182452,0.007532,0.182558,-0.983045,0.017184,0.004269,0.018270,0.999824,0,1.00000,-0.98567,60.000,-1.971,-1,400.000,775.000,400.000,925.000,325.000,325.000,300.000,300.000,-1,-1,-1,-1,575.000,625.000,725.000,750.000,2,0,1,0,1,0,0,0,0,2,2,2,2,1,1,1,1
15,-3559.840,-6862.905,285.508,-192.246,-0.977233,-0.212070,0.006513,0.212152,-0.977086,0.017145,0.002727,0.018136,0.999832,0,0.98363,-0.86567,59.018,-1.731,-1,400.000,725.000,400.000,900.000,325.000,325.000,300.000,300.000,-1,-1,-1,-1,525.000,575.000,625.000,700.000,2,1,1,0,1,0,0,0,0,2,2,2,2,1,1,1,1
16,-3617.548,-6848.797,285.633,-193.737,-0.971389,-0.237428,0.005524,0.237489,-0.971238,0.017178,0.001287,0.017998,0.999837,0,0.99012,-0.74567,59.407,-1.491,675.000,375.000,675.000,400.000,825.000,325.000,325.000,300.000,300.000,-1,-1,-1,-1,475.000,550.000,550.000,650.000,1,1,1,0,1,0,0,0,0,2,2,2,2,1,1,1,1
17,-3675.296,-6833.336,285.746,-194.988,-0.965978,-0.258582,0.004566,0.258622,-0.965824,0.017272,-0.000056,0.017865,0.999840,0,0.99635,-0.62567,59.781,-1.251,550.000,350.000,600.000,400.000,775.000,325.000,325.000,300.000,300.000,-1,-1,-1,-1,425.000,500.000,475.000,600.000,1,1,1,1,1,1,0,0,0,2,2,2,2,1,1,1,1
18,-3732.972,-6816.798,285.853,-196.000,-0.961269,-0.275589,0.003636,0.275610,-0.961112,0.017414,-0.001304,0.017742,0.999842,0,1.00000,-0.50567,60.000,-1.011,450.000,300.000,550.000,350.000,700.000,275.000,300.000,300.000,300.000,-1,-1,-1,-1,375.000,450.000,400.000,550.000,1,1,1,1,1,1,1,0,0,2,2,2,2,1,1,1,1
19,-3790.419,-6799.485,285.958,-196.771,-0.957475,-0.288503,0.002734,0.288506,-0.957316,0.017593,-0.002458,0.017633,0.999842,0,1.00000,-0.38567,60.000,-0.771,375.000,275.000,475.000,325.000,625.000,250.000,275.000,325.000,300.000,-1,-1,-1,-1,350.000,400.000,325.000,475.000,1,1,1,1,1,1,1,0,0,2,2,2,2,1,1,1,1
20,-3847.704,-6781.640,286.016,-197.302,-0.954760,-0.297370,0.001944,0.297357,-0.954605,0.017560,-0.003366,0.017344,0.999844,0,1.00000,-0.26567,60.000,-0.531,300.000,250.000,425.000,275.000,550.000,225.000,250.000,325.000,300.000,-1,-1,-1,-1,300.000,350.000,250.000,425.000,1,1,1,1,1,1,1,0,0,2,2,2,2,1,1,1,1
21,-3904.899,-6763.508,288.705,-197.594,-0.953164,-0.302148,0.013570,0.302405,-0.952853,0.024941,0.005394,0.027876,0.999597,0,1.00000,-0.14567,60.000,-0.291,250.000,225.000,400.000,250.000,475.000,200.000,225.000,350.000,300.000,-1,-1,-1,-1,275.000,325.000,225.000,375.000,1,1,1,1,1,1,1,0,0,2,2,2,2,1,1,1,1
22,-3962.080,-6745.332,293.696,-197.645,-0.952411,-0.302772,0.035252,0.304041,-0.951860,0.039001,0.021747,0.047863,0.998617,0,1.00000,-0.02567,60.000,-0.051,250.000,200.000,375.000,225.000,400.000,200.000,200.000,400.000,300.000,-1,675.000,425.000,-1,275.000,300.000,225.000,325.000,1,1,1,1,1,1,1,0,0,2,0,0,2,1,1,1,1
23,-4019.324,-6727.351,298.783,-197.456,-0.952407,-0.299265,0.057981,0.302324,-0.951672,0.054046,0.039005,0.069003,0.996854,0,1.00000,0.09433,60.000,0.189,250.000,200.000,350.000,200.000,325.000,175.000,175.000,475.000,275.000,-1,350.000,150.000,-1,250.000,275.000,200.000,275.000,1,1,1,1,1,1,1,1,0,2,0,0,2,1,1,1,1
24,-8855.082,-2295.771,540.739,-143.719,-0.806089,0.591489,-0.019002,-0.590079,-0.805781,-0.050248,-0.045032,-0.029292,0.998556,1,0.00000,0.00000,60.000,0.429,500.000,225.000,425.000,250.000,-1,200.000,200.000,375.000,275.000,-1,-1,-1,-1,300.000,350.000,325.000,675.000,1,1,1,1,2,1,1,0,0,2,2,2,2,1,1,1,1
25,-8858.963,-2298.595,540.783,-143.959,-0.808554,0.588125,-0.018720,-0.586793,-0.808272,-0.048682,-0.043761,-0.028377,0.998639,0,0.08000,-0.12000,4.800,-0.240,475.000,225.000,425.000,250.000,-1,200.000,200.000,375.000,275.000,-1,-1,-1,-1,300.000,350.000,325.000,675.000,1,1,1,1,2,1,1,0,0,2,2,2,2,1,1,1,1
26,-8866.773,-2304.177,540.888,-144.439,-0.813443,0.581363,-0.018113,-0.580186,-0.813213,-0.045486,-0.041174,-0.026491,0.998801,0,0.16000,-0.24000,9.600,-0.480,450.000,225.000,425.000,250.000,-1,200.000,200.000,400.000,275.000,-1,-1,-1,-1,300.000,350.000,300.000,725.000,1,1,1,1,2,1,1,0,0,2,2,2,2,1,1,1,1
27,-8878.567,-2312.438,541.171,-144.984,-0.818946,0.573631,-0.016581,-0.572666,-0.818757,-0.041110,-0.037158,-0.024171,0.999017,0,0.24000,-0.27265,14.400,-0.545,450.000,225.000,425.000,250.000,-1,200.000,200.000,400.000,275.000,-1,-1,-1,-1,300.000,375.000,300.000,775.000,1,1,1,1,2,1,1,0,0,2,2,2,2,1,1,1,1
28,-8894.394,-2323.307,541.787,-145.517,-0.824277,0.566026,-0.013468,-0.565318,-0.824097,-0.035768,-0.031344,-0.021869,0.999269,0,0.32000,-0.26626,19.200,-0.533,425.000,225.000,425.000,250.000,-1,200.000,200.000,425.000,275.000,-1,-1,-1,-1,300.000,375.000,300.000,900.000,1,1,1,1,2,1,1,0,0,2,2,2,2,1,1,1,1
29,-8914.299,-2336.715,542.693,-146.035,-0.829397,0.558586,-0.009102,-0.558151,-0.829226,-0.029165,-0.023839,-0.019109,0.999533,0,0.40000,-0.25895,24.000,-0.518,400.000,225.000,450.000,250.000,-1,200.000,200.000,425.000,275.000,-1,-1,-1,-1,275.000,400.000,275.000,-1,1,1,1,1,2,1,1,0,0,2,2,2,2,1,1,1,2
30,-8938.326,-2352.594,543.969,-146.536,-0.834271,0.551344,-0.003258,-0.551167,-0.834128,-0.021124,-0.014364,-0.015827,0.999772,0,0.48000,-0.25053,28.800,-0.501,400.000,225.000,525.000,250.000,-1,200.000,200.000,450.000,275.000,-1,-1,-1,-1,275.000,450.000,275.000,-1,1,1,1,1,2,1,1,0,0,2,2,2,2,1,1,1,2
31,327.967,-9511.014,319.373,91.387,-0.024765,-0.999640,0.010363,0.998403,-0.024206,0.051039,-0.050770,0.011610,0.998643,1,0.00000,0.00000,33.600,-0.482,-1,400.000,675.000,375.000,575.000,325.000,325.000,300.000,300.000,-1,-1,-1,-1,550.000,475.000,-1,525.000,2,1,1,1,1,0,0,0,0,2,2,2,2,1,1,2,1
32,327.871,-9506.215,319.130,91.147,-0.020570,-0.999735,0.010327,0.998501,-0.020018,0.050932,-0.050712,0.011360,0.998649,0,0.08000,-0.12000,4.800,-0.240,-1,400.000,675.000,375.000,575.000,325.000,325.000,300.000,300.000,-1,-1,-1,-1,550.000,475.000,-1,525.000,2,1,1,1,1,0,0,0,0,2,2,2,2,1,1,2,1
33,327.759,-9496.615,318.643,90.667,-0.012177,-0.999873,0.010252,0.998645,-0.011642,0.050720,-0.050594,0.010855,0.998660,0,0.16000,-0.24000,9.600,-0.480,-1,375.000,675.000,375.000,575.000,325.000,325.000,300.000,300.000,-1,-1,-1,-1,525.000,475.000,875.000,525.000,2,1,1,1,1,0,0,0,0,2,2,2,2,1,1,1,1
34,327.772,-9482.215,317.910,89.947,0.000413,-0.999949,0.010127,0.998729,0.000923,0.050402,-0.050408,0.010094,0.998678,0,0.24000,-0.36000,14.400,-0.720,-1,375.000,650.000,375.000,575.000,325.000,325.000,300.000,300.000,-1,-1,-1,-1,525.000,475.000,775.000,525.000,2,1,1,1,1,0,0,0,0,2,2,2,2,1,1,1,1
35,328.112,-9463.018,316.929,88.987,0.017201,-0.999803,0.009941,0.998594,0.017677,0.049980,-0.050146,0.009068,0.998701,0,0.32000,-0.48000,19.200,-0.960,-1,375.000,625.000,350.000,550.000,325.000,325.000,300.000,300.000,-1,-1,-1,-1,500.000,450.000,700.000,500.000,2,1,1,1,1,1,1,0,0,2,2,2,2,1,1,1,1
36,329.038,-9439.036,315.699,87.787,0.038178,-0.999224,0.009676,0.998030,0.038612,0.049460,-0.049795,0.007768,0.998729,0,0.40000,-0.60000,24.000,-1.200,-1,350.000,600.000,350.000,525.000,300.000,300.000,300.000,300.000,-1,-1,-1,-1,475.000,450.000,650.000,475.000,2,1,1,1,1,1,1,0,0,2,2,2,2,1,1,1,1
37,330.873,-9410.295,314.216,86.347,0.063330,-0.997949,0.009307,0.996772,0.063711,0.048846,-0.049338,0.006183,0.998763,0,0.48000,-0.72000,28.800,-1.440,-1,325.000,575.000,325.000,525.000,300.000,300.000,300.000,300.000,-1,-1,-1,-1,450.000,425.000,575.000,475.000,2,1,1,1,1,1,1,0,0,2,2,2,2,1,1,1,1
38,333.996,-9376.840,312.479,84.667,0.092623,-0.995662,0.008806,0.994507,0.092941,0.048149,-0.048758,0.004298,0.998801,0,0.56000,-0.84000,33.600,-1.680,-1,325.000,550.000,325.000,500.000,275.000,275.000,300.000,300.000,-1,-1,-1,-1,425.000,400.000,500.000,450.000,2,1,1,1,1,1,1,0,0,2,2,2,2,1,1,1,1
39,338.844,-9338.748,310.487,82.747,0.126004,-0.991996,0.008138,0.990866,0.126249,0.047384,-0.048032,0.002093,0.998844,0,0.64000,-0.96000,38.400,-1.920,650.000,300.000,500.000,300.000,475.000,250.000,275.000,300.000,300.000,-1,-1,-1,-1,375.000,375.000,425.000,425.000,1,1,1,1,1,1,1,0,0,2,2,2,2,1,1,1,1
40,345.762,-9296.105,308.241,80.785,0.159968,-0.987095,0.007296,0.985996,0.160135,0.046560,-0.047128,-0.000255,0.998889,0,0.72000,-0.98091,43.200,-1.962,450.000,275.000,475.000,275.000,450.000,250.000,250.000,300.000,300.000,-1,-1,-1,-1,350.000,350.000,375.000,400.000,1,1,1,1,1,1,1,0,0,2,2,2,2,1,1,1,1
41,355.054,-9249.014,305.746,78.837,0.193519,-0.981077,0.006261,0.980016,0.193601,0.045693,-0.046040,-0.002707,0.998936,0,0.80000,-0.97417,48.000,-1.948,350.000,225.000,425.000,250.000,425.000,225.000,225.000,300.000,300.000,-1,-1,-1,-1,300.000,325.000,300.000,350.000,1,1,1,1,1,1,1,0,0,2,2,2,2,1,1,1,1
42,366.612,-9199.333,305.679,76.904,0.226227,-0.973978,0.013711,0.973350,0.226579,0.035374,-0.037560,0.005343,0.999280,0,0.85014,-0.96644,51.009,-1.933,300.000,225.000,400.000,250.000,375.000,200.000,200.000,325.000,300.000,-1,500.000,475.000,-1,275.000,300.000,250.000,325.000,1,1,1,1,1,1,1,0,0,2,0,0,2,1,1,1,1
43,379.893,-9149.802,307.501,74.989,0.258476,-0.965660,0.026291,0.965749,0.258950,0.016524,-0.022765,0.021119,0.999518,0,0.85469,-0.95762,51.281,-1.915,300.000,200.000,375.000,225.000,350.000,200.000,200.000,375.000,275.000,-1,350.000,275.000,-1,275.000,300.000,250.000,300.000,1,1,1,1,1,1,1,0,0,2,0,0,2,1,1,1,1
44,394.867,-9100.514,309.817,73.093,0.290550,-0.956095,0.038263,0.956834,0.290605,-0.004229,-0.007076,0.037840,0.999259,0,0.85855,-0.94774,51.513,-1.895,300.000,200.000,375.000,225.000,325.000,175.000,200.000,425.000,275.000,-1,300.000,200.000,-1,250.000,275.000,225.000,275.000,1,1,1,1,1,1,1,0,0,2,0,0,2,1,1,1,1
45,411.504,-9051.570,315.974,71.220,0.322688,-0.945879,0.034430,0.946295,0.321636,-0.032801,0.019952,0.043165,0.998869,0,0.86156,-0.93670,51.693,-1.873,300.000,200.000,400.000,225.000,350.000,175.000,200.000,450.000,300.000,-1,225.000,125.000,725.000,275.000,300.000,225.000,300.000,1,1,1,1,1,1,1,1,0,2,0,0,0,1,1,1,1
46,-9511.022,-7543.222,464.405,121.497,-0.521688,-0.852441,-0.034435,0.852675,-0.522309,0.011813,-0.028055,-0.023199,0.999337,1,0.00000,0.00000,51.811,-1.849,-1,425.000,-1,425.000,-1,325.000,325.000,300.000,300.000,-1,-1,-1,-1,850.000,925.000,-1,-1,2,0,2,0,2,0,0,0,0,2,2,2,2,0,0,2,2
47,-9513.512,-7539.119,464.270,121.257,-0.518100,-0.854618,-0.034643,0.854852,-0.518732,0.012079,-0.028294,-0.023356,0.999327,0,0.08000,-0.12000,4.800,-0.240,-1,425.000,-1,425.000,-1,325.000,325.000,300.000,300.000,-1,-1,-1,-1,850.000,925.000,-1,-1,2,0,2,0,2,0,0,0,0,2,2,2,2,0,0,2,2
48,-9518.444,-7530.882,464.006,120.913,-0.512934,-0.857712,-0.035064,0.857944,-0.513588,0.012599,-0.028814,-0.023621,0.999306,0,0.16000,-0.17200,9.600,-0.344,-1,425.000,-1,425.000,-1,325.000,325.000,300.000,300.000,-1,-1,-1,-1,850.000,925.000,-1,-1,2,0,2,0,2,0,0,0,0,2,2,2,2,0,0,2,2
49,-9525.768,-7518.484,463.617,120.569,-0.507736,-0.860773,-0.035700,0.861003,-0.508425,0.013358,-0.029649,-0.023956,0.999273,0,0.24000,-0.17200,14.400,-0.344,-1,425.000,-1,425.000,-1,325.000,325.000,300.000,300.000,-1,-1,-1,-1,850.000,925.000,-1,-1,2,0,2,0,2,0,0,0,0,2,2,2,2,0,0,2,2
50,-9535.433,-7501.894,463.102,120.225,-0.502505,-0.863801,-0.036550,0.864026,-0.503243,0.014353,-0.030792,-0.024368,0.999229,0,0.32000,-0.17200,19.200,-0.344,-1,425.000,-1,425.000,-1,325.000,325.000,300.000,300.000,-1,-1,-1,-1,825.000,925.000,-1,-1,2,0,2,0,2,0,0,0,0,2,2,2,2,0,0,2,2
51,-9547.390,-7481.084,462.457,119.881,-0.497241,-0.866797,-0.037612,0.867013,-0.498042,0.015578,-0.032235,-0.024864,0.999171,0,0.40000,-0.17200,24.000,-0.344,-1,400.000,-1,425.000,-1,325.000,325.000,300.000,300.000,-1,-1,-1,-1,825.000,900.000,-1,-1,2,0,2,0,2,0,0,0,0,2,2,2,2,0,0,2,2
52,-9561.589,-7456.027,461.678,119.537,-0.491944,-0.869758,-0.038885,0.869964,-0.492821,0.017024,-0.033970,-0.025454,0.999099,0,0.48000,-0.17200,28.800,-0.344,-1,400.000,-1,425.000,-1,325.000,325.000,300.000,300.000,-1,-1,-1,-1,825.000,900.000,-1,-1,2,0,2,0,2,0,0,0,0,2,2,2,2,0,0,2,2
53,-9577.977,-7426.695,460.723,119.193,-0.486610,-0.872689,-0.040304,0.872873,-0.487583,0.018842,-0.036094,-0.026012,0.999010,0,0.56000,-0.17200,33.600,-0.344,-1,400.000,-1,425.000,-1,325.000,325.000,300.000,300.000,-1,-1,-1,-1,800.000,900.000,-1,-1,2,0,2,0,2,0,0,0,0,2,2,2,2,0,0,2,2
54,-9596.506,-7393.060,459.611,118.849,-0.481241,-0.875586,-0.041910,0.875742,-0.482327,0.020910,-0.038523,-0.026639,0.998903,0,0.64000,-0.17200,38.400,-0.344,-1,400.000,-1,425.000,-1,325.000,325.000,300.000,325.000,-1,-1,-1,-1,800.000,875.000,-1,-1,2,0,2,0,2,0,0,0,0,2,2,2,2,0,0,2,2
55,-9617.281,-7355.184,458.073,118.745,-0.479579,-0.876469,-0.042497,0.876562,-0.480742,0.022940,-0.040536,-0.026249,0.998833,0,0.72000,-0.05200,43.200,-0.104,-1,400.000,-1,425.000,-1,325.000,325.000,300.000,325.000,-1,-1,-1,-1,775.000,875.000,-1,-1,2,0,2,0,2,0,0,0,0,2,2,2,2,0,0,2,2
56,-9640.464,-7313.153,456.180,118.881,-0.481620,-0.875350,-0.042468,0.875356,-0.482834,0.024968,-0.042361,-0.025150,0.998786,0,0.80000,0.06800,48.000,0.136,-1,400.000,-1,425.000,-1,325.000,325.000,300.000,300.000,-1,-1,-1,-1,775.000,850.000,-1,-1,2,0,2,0,2,0,0,0,0,2,2,2,2,0,0,2,2
57,-9666.173,-7267.197,453.915,119.224,-0.486827,-0.872478,-0.042198,0.872351,-0.488096,0.027694,-0.044759,-0.023330,0.998725,0,0.87763,0.17176,52.658,0.344,-1,400.000,-1,400.000,-1,325.000,325.000,300.000,300.000,-1,-1,-1,-1,750.000,825.000,-1,-1,2,0,2,0,2,0,0,0,0,2,2,2,2,0,0,2,2
58,-9692.157,-7221.396,451.491,119.568,-0.492024,-0.869579,-0.041772,0.869289,-0.493342,0.030836,-0.047423,-0.021140,0.998651,0,0.87763,0.17176,52.658,0.344,-1,400.000,-1,400.000,-1,325.000,325.000,300.000,300.000,-1,-1,-1,-1,750.000,800.000,-1,-1,2,0,2,0,2,0,0,0,0,2,2,2,2,0,0,2,2
59,-9718.414,-7175.752,449.051,119.911,-0.497208,-0.866640,-0.041450,0.866194,-0.498567,0.033756,-0.049920,-0.019120,0.998570,0,0.87763,0.17176,52.658,0.344,-1,400.000,-1,400.000,-1,325.000,325.000,300.000,300.000,-1,-1,-1,-1,725.000,775.000,-1,-1,2,0,2,0,2,0,0,0,0,2,2,2,2,0,0,2,2
60,-9744.946,-7130.266,446.593,120.255,-0.502378,-0.863665,-0.041235,0.863069,-0.503770,0.036433,-0.052238,-0.017285,0.998485,0,0.87763,0.17176,52.658,0.344,-1,400.000,-1,400.000,-1,325.000,325.000,300.000,300.000,-1,-1,-1,-1,700.000,750.000,-1,-1,2,0,2,0,2,0,0,0,0,2,2,2,2,0,0,2,2
61,-9771.749,-7084.940,443.819,120.598,-0.507516,-0.860635,-0.041653,0.859987,-0.508943,0.037402,-0.053388,-0.016839,0.998432,0,0.87763,0.17176,52.658,0.344,-1,375.000,-1,400.000,-1,325.000,325.000,300.000,300.000,-1,-1,-1,-1,700.000,750.000,-1,-1,2,0,2,0,2,0,0,0,0,2,2,2,2,0,0,2,2
62,-9798.824,-7039.776,441.101,120.942,-0.512651,-0.857576,-0.041849,0.856880,-0.514099,0.038204,-0.054277,-0.016274,0.998393,0,0.87763,0.17176,52.658,0.344,-1,375.000,-1,400.000,-1,325.000,325.000,300.000,300.000,-1,-1,-1,-1,700.000,725.000,-1,-1,2,0,2,0,2,0,0,0,0,2,2,2,2,0,0,2,2
63,-9826.169,-6994.775,438.407,121.285,-0.517774,-0.854486,-0.041988,0.853747,-0.519236,0.038863,-0.055009,-0.015725,0.998362,0,0.87763,0.17176,52.658,0.344,-1,375.000,-1,400.000,-1,325.000,325.000,300.000,300.000,-1,-1,-1,-1,675.000,725.000,-1,-1,2,0,2,0,2,0,0,0,0,2,2,2,2,0,0,2,2
64,-9853.784,-6949.938,435.751,121.629,-0.522889,-0.851366,-0.041991,0.850589,-0.524354,0.039369,-0.055536,-0.015132,0.998342,0,0.87763,0.17176,52.658,0.344,-1,375.000,-1,400.000,-1,300.000,325.000,300.000,300.000,-1,-1,-1,-1,675.000,700.000,-1,-1,2,0,2,0,2,0,0,0,0,2,2,2,2,0,0,2,2
65,-9881.667,-6905.268,433.133,121.972,-0.527996,-0.848215,-0.041859,0.847408,-0.529454,0.039725,-0.055858,-0.014497,0.998333,0,0.87763,0.17176,52.658,0.344,-1,375.000,-1,400.000,-1,300.000,325.000,300.000,325.000,-1,-1,-1,-1,650.000,700.000,-1,-1,2,0,2,0,2,0,0,0,0,2,2,2,2,0,0,2,2
66,-9909.817,-6860.766,430.490,122.316,-0.533113,-0.845036,-0.041287,0.844203,-0.534537,0.039899,-0.055785,-0.013584,0.998350,0,0.87763,0.17176,52.658,0.344,-1,375.000,-1,375.000,-1,300.000,325.000,300.000,325.000,-1,-1,-1,-1,650.000,675.000,-1,-1,2,0,2,0,2,0,0,0,0,2,2,2,2,0,0,2,2
67,-9938.233,-6816.434,427.869,122.659,-0.538226,-0.841827,-0.040494,0.840974,-0.539601,0.039921,-0.055458,-0.012568,0.998382,0,0.87763,0.17176,52.658,0.344,-1,375.000,-1,375.000,-1,300.000,325.000,300.000,325.000,-1,-1,-1,-1,650.000,675.000,-1,-1,2,0,2,0,2,0,0,0,0,2,2,2,2,0,0,2,2
68,-9966.914,-6772.272,425.293,123.003,-0.543328,-0.838587,-0.039578,0.837721,-0.544645,0.039805,-0.054936,-0.011528,0.998423,0,0.87763,0.17176,52.658,0.344,-1,375.000,-1,375.000,-1,300.000,325.000,300.000,325.000,-1,-1,-1,-1,625.000,650.000,-1,-1,2,0,2,0,2,0,0,0,0,2,2,2,2,0,0,2,2
69,-9995.860,-6728.284,422.602,123.346,-0.548462,-0.835321,-0.037791,0.834446,-0.549673,0.039482,-0.053753,-0.009880,0.998505,0,0.87763,0.17176,52.658,0.344,-1,375.000,-1,375.000,-1,300.000,300.000,325.000,325.000,-1,-1,-1,-1,625.000,650.000,-1,-1,2,0,2,0,2,0,0,0,0,2,2,2,2,0,0,2,2
70,-10025.069,-6684.470,419.859,123.690,-0.553605,-0.832026,-0.035416,0.831149,-0.554681,0.038994,-0.052088,-0.007849,0.998612,0,0.87763,0.17176,52.658,0.344,-1,375.000,-1,375.000,-1,300.000,300.000,325.000,325.000,-1,-1,-1,-1,625.000,650.000,-1,-1,2,0,2,0,2,0,0,0,0,2,2,2,2,0,0,2,2
71,-10054.540,-6640.831,417.190,124.033,-0.558723,-0.828696,-0.033038,0.827827,-0.559667,0.038394,-0.050308,-0.005898,0.998716,0,0.87763,0.17176,52.658,0.344,-1,350.000,-1,375.000,-1,300.000,300.000,325.000,325.000,-1,-1,-1,-1,625.000,625.000,-1,-1,2,0,2,0,2,0,0,0,0,2,2,2,2,0,0,2,2
72,-10084.272,-6597.371,414.938,124.377,-0.563794,-0.825329,-0.031136,0.824555,-0.564628,0.036125,-0.047395,-0.005306,0.998862,0,0.87763,0.17176,52.658,0.344,-1,350.000,-1,375.000,-1,300.000,300.000,325.000,325.000,-1,-1,-1,-1,625.000,625.000,-1,-1,2,0,2,0,2,0,0,0,0,2,2,2,2,0,0,2,2
73,-10114.264,-6554.089,412.784,124.721,-0.568837,-0.821930,-0.029240,0.821257,-0.569567,0.033632,-0.044298,-0.004882,0.999006,0,0.87763,0.17176,52.658,0.344,-1,350.000,-1,350.000,-1,300.000,300.000,325.000,325.000,-1,-1,-1,-1,625.000,625.000,-1,-1,2,0,2,0,2,0,0,0,0,2,2,2,2,0,0,2,2
74,-10144.515,-6510.989,410.732,125.064,-0.573855,-0.818503,-0.027273,0.817921,-0.574486,0.031169,-0.041180,-0.004421,0.999142,0,0.87763,0.17176,52.658,0.344,-1,350.000,-1,350.000,-1,300.000,300.000,325.000,325.000,-1,750.000,600.000,-1,625.000,625.000,-1,-1,2,0,2,0,2,0,0,0,0,2,0,0,2,0,0,2,2
75,-10175.025,-6468.070,408.783,125.408,-0.578848,-0.815045,-0.025232,0.814547,-0.579384,0.028749,-0.038051,-0.003911,0.999268,0,0.87763,0.17176,52.658,0.344,-1,350.000,-1,350.000,-1,300.000,300.000,325.000,325.000,-1,575.000,450.000,-1,625.000,625.000,-1,-1,2,0,2,0,2,0,0,0,0,2,0,0,2,0,0,2,2
76,-10205.791,-6425.335,407.069,125.751,-0.583809,-0.811557,-0.023292,0.811158,-0.584260,0.025753,-0.034508,-0.003859,0.999397,0,0.87763,0.17176,52.658,0.344,-1,350.000,-1,350.000,-1,300.000,300.000,325.000,325.000,-1,450.000,375.000,-1,625.000,625.000,-1,-1,2,0,2,0,2,0,0,0,0,2,0,0,2,0,0,2,2
77,-10236.948,-6382.588,405.467,126.088,-0.588653,-0.808106,-0.021277,0.807795,-0.589025,0.022733,-0.030903,-0.003806,0.999515,0,0.88162,0.16854,52.897,0.337,-1,350.000,-1,350.000,-1,300.000,300.000,325.000,325.000,-1,400.000,325.000,-1,625.000,625.000,-1,-1,2,0,2,0,2,0,0,0,0,2,0,0,2,0,0,2,2
78,-10268.504,-6339.815,403.965,126.418,-0.593365,-0.804705,-0.019169,0.804471,-0.593663,0.019759,-0.027281,-0.003697,0.999621,0,0.88589,0.16476,53.154,0.330,-1,350.000,-1,350.000,-1,300.000,300.000,325.000,325.000,-1,350.000,325.000,-1,625.000,625.000,-1,-1,2,0,2,0,2,0,0,0,0,2,0,0,2,0,0,2,2
79,-10300.445,-6297.024,402.734,126.739,-0.597962,-0.801363,-0.016076,0.801192,-0.598172,0.016807,-0.023084,-0.002830,0.999730,0,0.88997,0.16078,53.398,0.322,-1,350.000,-1,375.000,-1,300.000,300.000,325.000,325.000,-1,325.000,300.000,-1,625.000,650.000,-1,-1,2,0,2,0,2,0,0,0,0,2,0,0,2,0,0,2,2
80,-10332.759,-6254.223,401.634,127.052,-0.602412,-0.798083,-0.012753,0.797964,-0.602545,0.013913,-0.018788,-0.001795,0.999822,0,0.89382,0.15660,53.629,0.313,-1,375.000,-1,375.000,-1,300.000,300.000,325.000,325.000,-1,300.000,300.000,-1,650.000,650.000,-1,-1,2,0,2,0,2,0,0,0,0,2,0,0,2,0,0,2,2
81,-10365.431,-6211.422,400.628,127.357,-0.606705,-0.794871,-0.009405,0.794794,-0.606777,0.011088,-0.014520,-0.000748,0.999894,0,0.89745,0.15222,53.847,0.304,-1,375.000,-1,375.000,-1,300.000,300.000,325.000,325.000,-1,300.000,275.000,-1,650.000,650.000,-1,-1,2,0,2,0,2,0,0,0,0,2,0,0,2,0,0,2,2
82,-10398.448,-6168.630,399.719,127.652,-0.610836,-0.791734,-0.006033,0.791690,-0.610866,0.008333,-0.010283,0.000314,0.999947,0,0.90081,0.14763,54.049,0.295,-1,375.000,-1,375.000,-1,300.000,300.000,325.000,300.000,-1,275.000,275.000,-1,675.000,650.000,-1,-1,2,0,2,0,2,0,0,0,0,2,0,0,2,0,0,2,2
83,-10431.791,-6125.857,398.973,127.938,-0.614801,-0.788678,-0.002621,0.788659,-0.614805,0.005649,-0.006067,0.001406,0.999981,0,0.90391,0.14285,54.234,0.286,-1,375.000,-1,375.000,-1,300.000,300.000,325.000,300.000,-1,275.000,250.000,-1,675.000,650.000,-1,-1,2,0,2,0,2,0,0,0,0,2,0,0,2,0,0,2,2
84,-10462.215,-6086.893,398.701,127.984,-0.615435,-0.788187,-0.000937,0.788182,-0.615434,0.003273,-0.003156,0.001275,0.999994,0,0.82391,0.02285,49.434,0.046,-1,375.000,-1,375.000,-1,300.000,300.000,325.000,300.000,-1,300.000,275.000,-1,675.000,675.000,-1,-1,2,0,2,0,2,0,0,0,0,2,0,0,2,0,0,2,2
85,-10489.565,-6051.620,398.510,127.789,-0.612759,-0.790270,0.000557,0.790270,-0.612758,0.001162,-0.000577,0.001152,0.999999,0,0.74391,-0.09715,44.634,-0.194,-1,375.000,-1,375.000,-1,300.000,300.000,325.000,325.000,-1,300.000,275.000,-1,700.000,675.000,-1,-1,2,0,2,0,2,0,0,0,0,2,0,0,2,0,0,2,2
86,-10513.735,-6019.956,398.383,127.355,-0.606748,-0.794892,0.001864,0.794893,-0.606750,-0.000699,0.001686,0.001058,0.999998,0,0.66391,-0.21715,39.834,-0.434,-1,375.000,-1,375.000,-1,300.000,300.000,325.000,325.000,-1,300.000,300.000,-1,700.000,675.000,-1,-1,2,0,2,0,2,0,0,0,0,2,0,0,2,0,0,2,2
87,-10534.662,-5991.859,398.302,126.681,-0.597346,-0.801978,0.002987,0.801975,-0.597353,-0.002321,0.003645,0.001009,0.999993,0,0.58391,-0.33715,35.034,-0.674,-1,375.000,-1,375.000,-1,300.000,300.000,325.000,325.000,-1,300.000,300.000,-1,700.000,675.000,-1,-1,2,0,2,0,2,0,0,0,0,2,0,0,2,0,0,2,2
88,-10552.334,-5967.327,398.298,125.766,-0.584468,-0.811408,0.003874,0.811399,-0.584480,-0.003927,0.005451,0.000848,0.999985,0,0.50391,-0.45715,30.234,-0.914,-1,375.000,-1,375.000,-1,300.000,300.000,325.000,325.000,-1,300.000,300.000,-1,700.000,675.000,-1,-1,2,0,2,0,2,0,0,0,0,2,0,0,2,0,0,2,2
89,-10566.850,-5946.441,398.405,124.801,-0.570711,-0.821140,0.004211,0.821123,-0.570726,-0.005352,0.006798,0.000403,0.999977,0,0.42391,-0.48269,25.434,-0.965,-1,375.000,-1,375.000,-1,300.000,300.000,325.000,325.000,-1,300.000,325.000,-1,700.000,700.000,-1,-1,2,0,2,0,2,0,0,0,0,2,0,0,2,0,0,2,2
90,-10578.338,-5929.301,398.500,123.832,-0.556748,-0.830669,0.004446,0.830644,-0.556766,-0.006487,0.007864,0.000081,0.999969,0,0.34391,-0.48423,20.634,-0.968,-1,375.000,-1,375.000,-1,300.000,300.000,325.000,325.000,-1,300.000,325.000,-1,700.000,700.000,-1,-1,2,0,2,0,2,0,0,0,0,2,0,0,2,0,0,2,2
91,-10586.930,-5916.000,398.575,122.862,-0.542597,-0.839981,0.004602,0.839949,-0.542616,-0.007351,0.008672,-0.000124,0.999962,0,0.26391,-0.48526,15.834,-0.971,-1,375.000,-1,375.000,-1,300.000,300.000,325.000,325.000,-1,325.000,325.000,-1,700.000,700.000,-1,-1,2,0,2,0,2,0,0,0,0,2,0,0,2,0,0,2,2
92,-10592.760,-5906.632,398.624,121.890,-0.528274,-0.849061,0.004691,0.849023,-0.528295,-0.007957,0.009234,-0.000221,0.999957,0,0.18391,-0.48579,11.034,-0.972,-1,375.000,-1,375.000,-1,300.000,300.000,325.000,325.000,-1,325.000,325.000,-1,700.000,700.000,-1,-1,2,0,2,0,2,0,0,0,0,2,0,0,2,0,0,2,2
93,-10595.963,-5901.283,398.642,120.919,-0.513800,-0.857897,0.004723,0.857857,-0.513822,-0.008316,0.009561,-0.000221,0.999954,0,0.10391,-0.48580,6.234,-0.972,-1,375.000,-1,375.000,-1,300.000,300.000,325.000,325.000,-1,325.000,325.000,-1,700.000,700.000,-1,-1,2,0,2,0,2,0,0,0,0,2,0,0,2,0,0,2,2
94,-10596.679,-5900.040,398.628,119.948,-0.499193,-0.866478,0.004709,0.866437,-0.499216,-0.008437,0.009661,-0.000132,0.999953,0,0.02391,-0.48531,1.434,-0.971,-1,375.000,-1,375.000,-1,300.000,300.000,325.000,325.000,-1,325.000,325.000,-1,700.000,700.000,-1,-1,2,0,2,0,2,0,0,0,0,2,0,0,2,0,1,2,2
95,-10595.049,-5902.985,398.579,118.979,-0.484474,-0.874793,0.004656,0.874754,-0.484497,-0.008325,0.009539,0.000039,0.999955,0,-0.05609,-0.48432,-3.366,-0.969,-1,375.000,-1,375.000,1000.000,300.000,300.000,300.000,325.000,-1,325.000,325.000,-1,700.000,700.000,-1,-1,2,0,2,0,1,0,0,0,0,2,0,0,2,0,1,2,2
96,-10591.213,-5910.193,398.497,118.014,-0.469662,-0.882834,0.004572,0.882798,-0.469684,-0.007985,0.009197,0.000285,0.999958,0,-0.13609,-0.48284,-8.166,-0.966,-1,375.000,-1,375.000,1000.000,300.000,300.000,300.000,325.000,-1,325.000,325.000,-1,700.000,700.000,-1,-1,2,0,2,0,1,0,0,0,0,2,0,0,2,0,1,2,2
97,-10585.317,-5921.741,398.382,117.052,-0.454777,-0.890594,0.004463,0.890563,-0.454799,-0.007417,0.008636,0.000602,0.999963,0,-0.21609,-0.48091,-12.966,-0.962,-1,375.000,-1,375.000,975.000,300.000,300.000,325.000,325.000,-1,325.000,300.000,-1,700.000,700.000,-1,-1,2,0,2,0,1,0,0,0,0,2,0,0,2,0,1,2,2
98,-10579.495,-5933.627,398.266,116.095,-0.439838,-0.898066,0.004366,0.898041,-0.439859,-0.006839,0.008063,0.000913,0.999967,0,-0.22060,-0.47854,-13.236,-0.957,-1,375.000,-1,375.000,975.000,300.000,300.000,325.000,325.000,-1,325.000,300.000,-1,700.000,700.000,-1,-1,2,0,2,0,1,0,0,0,0,2,0,0,2,0,0,2,2
99,-10573.868,-5945.615,398.150,115.143,-0.424851,-0.905253,0.004283,0.905232,-0.424871,-0.006264,0.007491,0.001216,0.999971,0,-0.22071,-0.47620,-13.243,-0.952,-1,375.000,-1,375.000,975.000,300.000,300.000,325.000,325.000,-1,325.000,300.000,-1,700.000,700.000,-1,-1,2,0,2,0,1,0,0,0,0,2,0,0,2,0,0,2,2
100,-10568.436,-5957.706,398.034,114.195,-0.409819,-0.912157,0.004214,0.912141,-0.409838,-0.005693,0.006919,0.001510,0.999975,0,-0.22091,-0.47392,-13.255,-0.948,-1,375.000,-1,375.000,975.000,300.000,300.000,325.000,300.000,-1,325.000,300.000,-1,700.000,700.000,-1,-1,2,0,2,0,1,0,0,0,0,2,0,0,2,0,0,2,2
101,-10563.197,-5969.900,397.918,113.251,-0.394746,-0.918781,0.004158,0.918768,-0.394764,-0.005125,0.006350,0.001797,0.999978,0,-0.22120,-0.47169,-13.272,-0.943,-1,375.000,-1,375.000,975.000,300.000,300.000,325.000,300.000,-1,325.000,275.000,-1,700.000,700.000,-1,-1,2,0,2,0,1,0,0,0,0,2,0,0,2,0,0,2,2
102,-10559.948,-5977.724,397.869,112.548,-0.383438,-0.923558,0.004064,0.923547,-0.383455,-0.004895,0.006079,0.001877,0.999980,0,-0.14120,-0.35169,-8.472,-0.703,-1,375.000,-1,375.000,975.000,300.000,300.000,325.000,300.000,-1,325.000,275.000,-1,700.000,700.000,-1,-1,2,0,2,0,1,0,0,0,0,2,0,0,2,0,0,2,2
103,-10558.568,-5981.126,397.843,112.085,-0.375956,-0.926629,0.004022,0.926618,-0.375973,-0.004819,0.005978,0.001915,0.999980,0,-0.06120,-0.23169,-3.672,-0.463,-1,375.000,-1,375.000,975.000,300.000,300.000,325.000,300.000,-1,325.000,275.000,-1,700.000,700.000,-1,-1,2,0,2,0,1,0,0,0,0,2,0,0,2,0,0,2,2
104,-10558.988,-5980.079,397.838,111.861,-0.372341,-0.928087,0.004036,0.928077,-0.372357,-0.004881,0.006033,0.001929,0.999980,0,0.01880,-0.11169,1.128,-0.223,-1,375.000,-1,375.000,975.000,300.000,300.000,325.000,300.000,-1,325.000,275.000,-1,700.000,700.000,-1,-1,2,0,2,0,1,0,0,0,0,2,0,0,2,0,0,2,2
105,-10561.197,-5974.578,397.854,111.878,-0.372609,-0.927979,0.004107,0.927968,-0.372627,-0.005078,0.006243,0.001919,0.999979,0,0.09880,0.00831,5.928,0.017,-1,375.000,-1,375.000,975.000,300.000,300.000,325.000,300.000,-1,325.000,275.000,-1,700.000,700.000,-1,-1,2,0,2,0,1,0,0,0,0,2,0,0,2,0,0,2,2
106,-10565.239,-5964.640,397.907,112.134,-0.376760,-0.926301,0.004200,0.926287,-0.376779,-0.005473,0.006652,0.001828,0.999976,0,0.17880,0.12831,10.728,0.257,-1,375.000,-1,375.000,975.000,300.000,300.000,325.000,300.000,-1,325.000,275.000,-1,700.000,700.000,-1,-1,2,0,2,0,1,0,0,0,0,2,0,0,2,0,0,2,2
107,-10571.214,-5950.307,398.023,112.631,-0.384773,-0.923001,0.004263,0.922982,-0.384794,-0.006169,0.007334,0.001561,0.999972,0,0.25880,0.24831,15.528,0.497,-1,375.000,-1,375.000,950.000,300.000,300.000,300.000,300.000,-1,325.000,300.000,-1,700.000,700.000,-1,-1,2,0,2,0,1,0,0,0,0,2,0,0,2,0,0,2,2
108,-10579.277,-5931.646,398.182,113.368,-0.396606,-0.917979,0.004358,0.917952,-0.396628,-0.007073,0.008222,0.001195,0.999965,0,0.33880,0.36831,20.328,0.737,-1,375.000,-1,375.000,950.000,300.000,300.000,300.000,325.000,-1,325.000,300.000,-1,700.000,700.000,-1,-1,2,0,2,0,1,0,0,0,0,2,0,0,2,0,1,2,2
109,-10589.635,-5908.752,398.386,114.344,-0.412193,-0.911085,0.004499,0.911049,-0.412217,-0.008186,0.009313,0.000725,0.999956,0,0.41880,0.48831,25.128,0.977,-1,375.000,-1,375.000,950.000,300.000,300.000,300.000,325.000,-1,325.000,300.000,-1,700.000,700.000,-1,-1,2,0,2,0,1,0,0,0,0,2,0,0,2,0,1,2,2
110,-10602.548,-5881.753,398.640,115.561,-0.431443,-0.902128,0.004701,0.902078,-0.431469,-0.009505,0.010604,0.000140,0.999944,0,0.49880,0.60831,29.928,1.217,-1,375.000,-1,375.000,950.000,300.000,300.000,300.000,325.000,-1,325.000,325.000,-1,700.000,700.000,-1,-1,2,0,2,0,1,0,0,0,0,2,0,0,2,0,1,2,2
111,-10618.324,-5850.815,398.948,117.017,-0.454234,-0.890868,0.004982,0.890800,-0.454261,-0.011026,0.012086,-0.000570,0.999927,0,0.57880,0.72831,34.728,1.457,-1,375.000,-1,375.000,975.000,300.000,300.000,300.000,325.000,-1,325.000,325.000,-1,700.000,725.000,-1,-1,2,0,2,0,1,0,0,0,0,2,0,0,2,0,1,2,2
112,-10637.212,-5816.091,399.340,118.543,-0.477792,-0.878457,0.005400,0.878367,-0.477821,-0.012616,0.013663,-0.001284,0.999906,0,0.65880,0.76288,39.528,1.526,-1,375.000,-1,375.000,1000.000,300.000,300.000,300.000,325.000,-1,350.000,350.000,-1,725.000,725.000,-1,-1,2,0,2,0,1,0,0,0,0,2,0,0,2,0,0,2,2
113,-10659.414,-5777.723,399.958,120.057,-0.500820,-0.865529,0.006191,0.865423,-0.500856,-0.013616,0.014886,-0.001462,0.999888,0,0.73880,0.75677,44.328,1.514,-1,375.000,-1,375.000,-1,325.000,325.000,300.000,325.000,-1,375.000,375.000,-1,725.000,725.000,-1,-1,2,0,2,0,2,0,0,0,0,2,0,0,2,0,0,2,2
114,-10685.125,-5735.860,400.671,121.556,-0.523293,-0.852124,0.007037,0.851999,-0.523338,-0.014677,0.016190,-0.001685,0.999868,0,0.81880,0.74987,49.128,1.500,-1,375.000,-1,375.000,-1,325.000,325.000,300.000,325.000,-1,400.000,400.000,-1,725.000,725.000,-1,-1,2,0,2,0,2,0,0,0,0,2,0,0,2,0,0,2,2
115,-10714.392,-5690.862,401.500,123.041,-0.545179,-0.838281,0.007977,0.838135,-0.545234,-0.015785,0.017582,-0.001920,0.999844,0,0.89464,0.74215,53.678,1.484,-1,375.000,-1,375.000,-1,325.000,325.000,300.000,325.000,-1,425.000,450.000,-1,725.000,750.000,-1,-1,2,0,2,0,2,0,0,0,0,2,0,0,2,0,0,2,2
116,-10744.764,-5646.683,402.398,124.508,-0.566451,-0.824046,0.009012,0.823877,-0.566519,-0.016839,0.018982,-0.002114,0.999818,0,0.89354,0.73359,53.612,1.467,-1,375.000,-1,375.000,-1,325.000,325.000,300.000,325.000,-1,450.000,475.000,-1,725.000,750.000,-1,-1,2,0,2,0,2,0,0,0,0,2,0,0,2,0,0,2,2
117,-10776.178,-5603.378,403.338,125.957,-0.587103,-0.809451,0.009982,0.809258,-0.587183,-0.017822,0.020287,-0.002386,0.999791,0,0.89165,0.72478,53.499,1.450,-1,400.000,-1,375.000,-1,325.000,325.000,300.000,300.000,-1,475.000,525.000,-1,725.000,750.000,-1,-1,2,0,2,0,2,0,0,0,0,2,0,0,2,0,0,2,2
118,-10808.566,-5560.999,404.325,127.389,-0.607130,-0.794528,0.010887,0.794313,-0.607221,-0.018700,0.021468,-0.002706,0.999766,0,0.88897,0.71577,53.338,1.432,-1,400.000,-1,400.000,-1,325.000,325.000,300.000,300.000,-1,525.000,550.000,-1,725.000,750.000,-1,-1,2,0,2,0,2,0,0,0,0,2,0,0,2,0,0,2,2
119,-10841.861,-5519.593,405.314,128.802,-0.626528,-0.779310,0.011779,0.779079,-0.626633,-0.019190,0.022336,-0.002846,0.999746,0,0.88554,0.70664,53.132,1.413,-1,400.000,-1,400.000,-1,325.000,325.000,300.000,300.000,-1,550.000,550.000,-1,725.000,750.000,-1,-1,2,0,2,0,2,0,0,0,0,2,0,0,2,0,0,2,2
120,-10875.993,-5479.199,406.344,130.197,-0.645306,-0.763823,0.012417,0.763579,-0.645418,-0.019553,0.022950,-0.003136,0.999732,0,0.88139,0.69748,52.883,1.395,-1,400.000,-1,400.000,-1,325.000,325.000,300.000,300.000,-1,575.000,575.000,-1,700.000,750.000,-1,-1,2,0,2,0,2,0,0,0,0,2,0,0,2,0,0,2,2
121,-10910.895,-5439.854,407.522,131.576,-0.663501,-0.748074,0.012356,0.747819,-0.663604,-0.019920,0.023102,-0.003977,0.999725,0,0.87659,0.68922,52.595,1.378,-1,400.000,-1,400.000,-1,325.000,325.000,300.000,300.000,-1,625.000,625.000,-1,700.000,750.000,-1,-1,2,0,2,0,2,0,0,0,0,2,0,0,2,0,0,2,2
122,-10946.511,-5401.593,408.702,132.949,-0.681247,-0.731950,0.012281,0.731685,-0.681341,-0.020289,0.023218,-0.004836,0.999719,0,0.87121,0.68671,52.273,1.373,-1,375.000,-1,400.000,-1,325.000,325.000,300.000,300.000,-1,650.000,675.000,-1,700.000,750.000,-1,-1,2,0,2,0,2,0,0,0,0,2,0,0,2,0,0,2,2
123,-10986.216,-5360.595,410.001,134.083,-0.695599,-0.718327,0.012187,0.718050,-0.695683,-0.020708,0.023354,-0.005654,0.999711,0,0.95121,0.56671,57.073,1.133,-1,375.000,-1,400.000,-1,325.000,325.000,300.000,300.000,-1,700.000,725.000,-1,700.000,750.000,-1,-1,2,0,2,0,2,0,0,0,0,2,0,0,2,0,0,2,2
124,-11027.102,-5319.675,411.326,134.976,-0.706721,-0.707389,0.012081,0.707102,-0.706796,-0.021118,0.023477,-0.006382,0.999704,0,0.96410,0.44671,57.846,0.893,-1,375.000,-1,400.000,-1,325.000,325.000,300.000,300.000,-1,750.000,775.000,-1,675.000,750.000,-1,-1,2,0,2,0,2,0,0,0,1,2,0,0,2,0,0,2,2
125,-11068.203,-5279.494,412.681,135.649,-0.714972,-0.699043,0.012404,0.698752,-0.715050,-0.021209,0.023695,-0.006497,0.999698,0,0.95796,0.33628,57.478,0.673,-1,375.000,-1,400.000,-1,325.000,325.000,300.000,300.000,-1,800.000,825.000,-1,675.000,725.000,975.000,-1,2,0,2,0,2,0,0,0,1,2,0,0,2,0,0,1,2
126,-11109.516,-5240.042,414.295,136.320,-0.723083,-0.690621,0.013909,0.690319,-0.723194,-0.021217,0.024712,-0.005740,0.999678,0,0.95207,0.33563,57.124,0.671,-1,375.000,-1,400.000,-1,325.000,325.000,300.000,300.000,-1,825.000,850.000,-1,675.000,725.000,950.000,-1,2,0,2,0,2,0,0,0,1,2,0,0,2,0,0,1,2
127,-11151.027,-5201.320,415.930,136.991,-0.731090,-0.682108,0.015362,0.681795,-0.731234,-0.021280,0.025748,-0.005084,0.999656,0,0.94613,0.33549,56.768,0.671,1000.000,375.000,-1,400.000,-1,300.000,325.000,300.000,300.000,-1,825.000,875.000,-1,675.000,725.000,900.000,-1,0,0,2,0,2,0,0,0,1,2,0,0,2,0,0,1,2
128,-11192.727,-5163.325,417.585,137.662,-0.739006,-0.673491,0.016766,0.673166,-0.739182,-0.021397,0.026804,-0.004527,0.999630,0,0.94023,0.33583,56.414,0.672,975.000,375.000,-1,400.000,-1,300.000,325.000,300.000,300.000,-1,850.000,875.000,-1,675.000,700.000,850.000,-1,0,0,2,0,2,0,0,0,0,2,0,0,2,0,0,1,2
129,-11234.614,-5126.053,419.283,138.336,-0.746835,-0.664760,0.018210,0.664428,-0.747047,-0.021353,0.027798,-0.003848,0.999606,0,0.93448,0.33666,56.069,0.673,950.000,375.000,-1,375.000,-1,300.000,325.000,300.000,300.000,-1,875.000,900.000,-1,675.000,700.000,800.000,-1,0,0,2,0,2,0,0,0,0,2,0,0,2,1,0,1,2
130,-11276.687,-5089.494,420.946,139.012,-0.754584,-0.655902,0.019865,0.655563,-0.754840,-0.021307,0.028970,-0.003055,0.999576,0,0.92897,0.33796,55.738,0.676,925.000,375.000,-1,375.000,-1,300.000,300.000,300.000,300.000,-1,875.000,900.000,-1,650.000,700.000,750.000,-1,0,0,2,0,2,0,0,0,0,2,0,0,2,1,0,1,2
131,-11318.954,-5053.638,422.620,139.691,-0.762266,-0.646907,0.021496,0.646560,-0.762566,-0.021314,0.030180,-0.002349,0.999542,0,0.92378,0.33972,55.427,0.679,900.000,375.000,950.000,375.000,-1,300.000,300.000,300.000,300.000,-1,875.000,875.000,-1,625.000,700.000,700.000,-1,0,0,1,0,2,0,0,0,0,2,0,0,2,1,0,1,2
132,-11361.424,-5018.472,424.307,140.375,-0.769888,-0.637760,0.023104,0.637405,-0.770233,-0.021372,0.031426,-0.001727,0.999505,0,0.91899,0.34190,55.139,0.684,875.000,375.000,900.000,375.000,-1,300.000,300.000,300.000,300.000,-1,850.000,875.000,-1,575.000,700.000,675.000,-1,0,0,1,0,2,0,0,0,0,2,0,0,2,1,0,1,2
