timestep,x_cm,y_cm,z_cm,yaw_deg,basis_xx,basis_xy,basis_xz,basis_yx,basis_yy,basis_yz,basis_zx,basis_zy,basis_zz,teleport_flag,throttle_cmd,steering_cmd,cmd_move_cm,cmd_turn_deg,lidar_cm_0,lidar_cm_1,lidar_cm_2,lidar_cm_3,lidar_cm_4,lidar_cm_5,lidar_cm_6,lidar_cm_7,lidar_cm_8,lidar_cm_9,lidar_cm_10,lidar_cm_11,lidar_cm_12,lidar_cm_13,lidar_cm_14,lidar_cm_15,lidar_cm_16,lidar_class_0,lidar_class_1,lidar_class_2,lidar_class_3,lidar_class_4,lidar_class_5,lidar_class_6,lidar_class_7,lidar_class_8,lidar_class_9,lidar_class_10,lidar_class_11,lidar_class_12,lidar_class_13,lidar_class_14,lidar_class_15,lidar_class_16
0,-1640.731,1635.116,-191.391,-100.869,-0.188409,0.981665,0.028921,-0.982075,-0.188489,0.000035,0.005486,-0.028396,0.999582,1,0.08000,-0.12000,4.800,-0.240,575.000,400.000,-1,400.000,-1,325.000,325.000,300.000,300.000,-1,-1,-1,-1,650.000,850.000,650.000,-1,1,1,2,0,2,0,0,0,0,2,2,2,2,1,0,1,2
1,-1642.620,1625.703,-191.344,-101.349,-0.196631,0.980059,0.028656,-0.980462,-0.196708,-0.000161,0.005479,-0.028128,0.999589,0,0.16000,-0.24000,9.600,-0.480,550.000,400.000,-1,400.000,-1,325.000,325.000,300.000,300.000,-1,-1,-1,-1,650.000,850.000,650.000,-1,1,1,2,0,2,0,0,0,0,2,2,2,2,1,0,1,2
2,-1645.631,1611.622,-191.269,-102.069,-0.208939,0.977520,0.028256,-0.977913,-0.209010,-0.000460,0.005456,-0.027728,0.999601,0,0.24000,-0.36000,14.400,-0.720,550.000,400.000,-1,400.000,-1,325.000,325.000,300.000,300.000,-1,-1,-1,-1,675.000,850.000,650.000,-1,1,1,2,0,2,0,0,0,0,2,2,2,2,1,0,1,2
3,-1649.960,1592.916,-191.163,-103.029,-0.225298,0.973895,0.027717,-0.974275,-0.225362,-0.000864,0.005405,-0.027198,0.999615,0,0.32000,-0.48000,19.200,-0.960,525.000,400.000,-1,400.000,-1,325.000,325.000,300.000,300.000,-1,-1,-1,-1,675.000,850.000,650.000,-1,1,1,2,0,2,0,0,0,0,2,2,2,2,1,0,1,2
4,-1655.859,1569.652,-191.021,-104.229,-0.245659,0.968979,0.027034,-0.969342,-0.245712,-0.001379,0.005306,-0.026544,0.999634,0,0.40000,-0.60000,24.000,-1.200,525.000,400.000,-1,400.000,-1,325.000,325.000,300.000,300.000,-1,-1,-1,-1,725.000,825.000,675.000,-1,1,1,2,0,2,0,0,0,0,2,2,2,2,1,0,1,2
5,-1663.638,1541.922,-190.841,-105.669,-0.269949,0.962518,0.026203,-0.962861,-0.269991,-0.002012,0.005138,-0.025773,0.999655,0,0.48000,-0.72000,28.800,-1.440,500.000,400.000,-1,400.000,-1,325.000,325.000,300.000,300.000,-1,-1,-1,-1,775.000,825.000,725.000,-1,1,0,2,0,2,0,0,0,0,2,2,2,2,1,0,1,2
6,-1673.590,1509.830,-190.618,-107.229,-0.296069,0.954833,0.025221,-0.955154,-0.296096,-0.002767,0.004826,-0.024909,0.999678,0,0.56000,-0.77986,33.600,-1.560,500.000,400.000,-1,400.000,-1,325.000,325.000,300.000,300.000,-1,-1,-1,-1,800.000,825.000,-1,-1,1,0,2,0,2,0,0,0,0,2,2,2,2,0,0,2,2
7,-1685.934,1473.468,-190.355,-108.750,-0.321339,0.946658,0.024088,-0.946954,-0.321347,-0.003648,0.004287,-0.023982,0.999703,0,0.64000,-0.76062,38.400,-1.521,500.000,400.000,-1,400.000,-1,325.000,325.000,300.000,300.000,-1,-1,-1,-1,800.000,800.000,-1,-1,1,0,2,0,2,0,0,0,0,2,2,2,2,0,0,2,2
8,-1700.871,1432.932,-190.057,-110.228,-0.345684,0.938074,0.022801,-0.938344,-0.345670,-0.004658,0.003512,-0.023005,0.999729,0,0.72000,-0.73915,43.200,-1.478,525.000,400.000,-1,400.000,-1,325.000,325.000,300.000,300.000,-1,-1,-1,-1,800.000,775.000,-1,-1,1,0,2,0,2,0,0,0,0,2,2,2,2,0,0,2,2
9,-1718.587,1388.321,-189.857,-111.659,-0.369019,0.929162,0.021976,-0.929417,-0.368988,-0.005611,0.002896,-0.022495,0.999743,0,0.80000,-0.71533,48.000,-1.431,550.000,400.000,-1,400.000,-1,325.000,325.000,300.000,300.000,-1,-1,-1,-1,800.000,775.000,-1,-1,1,0,2,0,2,0,0,0,0,2,2,2,2,0,0,2,2
10,-1739.165,1339.931,-189.592,-113.037,-0.391281,0.920034,0.020911,-0.920268,-0.391235,-0.006419,0.002275,-0.021755,0.999761,0,0.87640,-0.68908,52.584,-1.378,625.000,400.000,-1,400.000,-1,325.000,325.000,300.000,300.000,-1,-1,-1,-1,800.000,750.000,-1,-1,1,0,2,0,2,0,0,0,0,2,2,2,2,0,0,2,2
11,-1760.612,1292.559,-189.697,-114.358,-0.412428,0.910755,0.020679,-0.910990,-0.412334,-0.008848,0.000468,-0.022487,0.999747,0,0.86669,-0.66047,52.001,-1.321,1000.000,400.000,-1,400.000,-1,325.000,325.000,300.000,300.000,-1,-1,-1,-1,775.000,725.000,-1,-1,1,0,2,0,2,0,0,0,0,2,2,2,2,0,0,2,2
12,-1782.797,1246.298,-189.615,-115.621,-0.432437,0.901445,0.019899,-0.901664,-0.432315,-0.010294,-0.000677,-0.022394,0.999749,0,0.85508,-0.63169,51.305,-1.263,-1,400.000,-1,400.000,-1,325.000,325.000,300.000,300.000,-1,-1,-1,-1,775.000,725.000,-1,-1,2,0,2,0,2,0,0,1,0,2,2,2,2,0,0,2,2
13,-1805.591,1201.228,-189.657,-116.828,-0.451334,0.892157,0.018824,-0.892354,-0.451199,-0.011111,-0.001420,-0.021812,0.999761,0,0.84177,-0.60305,50.506,-1.206,-1,400.000,-1,400.000,-1,325.000,325.000,275.000,300.000,-1,-1,-1,-1,775.000,700.000,-1,-1,2,0,2,0,2,0,0,1,0,2,2,2,2,0,0,2,2
14,-1828.870,1157.407,-189.706,-117.978,-0.469175,0.882927,0.017724,-0.883103,-0.469032,-0.011803,-0.002108,-0.021190,0.999773,0,0.82702,-0.57536,49.621,-1.151,-1,400.000,-1,400.000,-1,325.000,325.000,250.000,300.000,-1,-1,-1,-1,750.000,675.000,-1,-1,2,0,2,0,2,0,0,1,0,2,2,2,2,0,0,2,2
15,-1852.550,1114.891,-189.679,-119.116,-0.486627,0.873444,0.016993,-0.873606,-0.486478,-0.012317,-0.002492,-0.020839,0.999780,0,0.81109,-0.56899,48.665,-1.138,-1,400.000,-1,375.000,-1,325.000,325.000,250.000,300.000,-1,-1,-1,-1,750.000,675.000,-1,-1,2,0,2,0,2,0,0,1,0,2,2,2,2,0,0,2,2
16,-1876.548,1073.731,-189.641,-120.244,-0.503732,0.863705,0.016337,-0.863856,-0.503579,-0.012720,-0.002759,-0.020520,0.999786,0,0.79407,-0.56392,47.644,-1.128,-1,400.000,-1,375.000,-1,325.000,325.000,250.000,300.000,-1,-1,-1,-1,750.000,650.000,-1,-1,2,0,2,0,2,0,0,1,0,2,2,2,2,0,0,2,2
17,-1900.790,1033.961,-189.597,-121.364,-0.520527,0.853700,0.015749,-0.853840,-0.520372,-0.013020,-0.002920,-0.020224,0.999791,0,0.77628,-0.56014,46.577,-1.120,-1,400.000,-1,375.000,1000.000,325.000,325.000,250.000,300.000,-1,-1,-1,-1,750.000,650.000,-1,-1,2,0,2,0,0,0,0,1,0,2,2,2,2,0,0,2,2
18,-1925.213,995.595,-189.374,-122.480,-0.537040,0.843404,0.016056,-0.843553,-0.536885,-0.013136,-0.002459,-0.020599,0.999785,0,0.75800,-0.55760,45.480,-1.115,-1,400.000,-1,375.000,975.000,325.000,325.000,250.000,300.000,-1,-1,-1,-1,750.000,650.000,-1,-1,2,0,2,0,0,0,0,1,0,2,2,2,2,0,0,2,2
19,-1949.763,958.632,-188.881,-123.592,-0.553297,0.832796,0.017702,-0.832984,-0.553143,-0.013083,-0.001104,-0.021985,0.999758,0,0.73955,-0.55626,44.373,-1.113,-1,400.000,-1,375.000,975.000,325.000,325.000,250.000,300.000,-1,-1,-1,-1,750.000,650.000,-1,-1,2,0,2,0,0,0,0,1,0,2,2,2,2,0,0,2,2
20,-1974.400,923.057,-188.394,-124.704,-0.569333,0.821878,0.019390,-0.822107,-0.569184,-0.013033,0.000325,-0.023360,0.999727,0,0.72121,-0.55604,43.273,-1.112,-1,400.000,-1,375.000,975.000,325.000,325.000,250.000,300.000,-1,-1,-1,-1,750.000,650.000,-1,-1,2,0,2,0,0,0,0,1,0,2,2,2,2,0,0,2,2
21,-1999.092,888.842,-187.911,-125.818,-0.585174,0.810632,0.021118,-0.810905,-0.585033,-0.012990,0.001825,-0.024726,0.999693,0,0.70324,-0.55689,42.194,-1.114,-1,400.000,-1,375.000,975.000,325.000,300.000,275.000,300.000,-1,-1,-1,-1,750.000,650.000,-1,-1,2,0,2,0,0,0,0,1,0,2,2,2,2,0,0,2,2
22,-2023.820,855.950,-187.378,-126.935,-0.600845,0.799046,0.022593,-0.799359,-0.600713,-0.012969,0.003210,-0.025852,0.999661,0,0.68584,-0.55872,41.151,-1.117,-1,400.000,-1,375.000,975.000,325.000,300.000,300.000,300.000,-1,-1,-1,-1,725.000,625.000,-1,-1,2,0,2,0,0,0,0,1,0,2,2,2,2,0,0,2,2
23,-2048.572,824.334,-187.123,-128.058,-0.616331,0.787074,0.025518,-0.787468,-0.616220,-0.012941,0.005539,-0.028070,0.999591,0,0.66921,-0.56145,40.153,-1.123,-1,400.000,-1,375.000,1000.000,325.000,300.000,300.000,300.000,-1,-1,-1,-1,725.000,650.000,-1,-1,2,0,2,0,0,0,0,1,0,2,2,2,2,0,0,2,2
24,-2073.347,793.944,-186.734,-129.188,-0.631682,0.774731,0.027762,-0.775192,-0.631593,-0.012975,0.007482,-0.029717,0.999530,0,0.65348,-0.56502,39.209,-1.130,-1,400.000,-1,375.000,-1,325.000,300.000,300.000,300.000,-1,-1,-1,-1,725.000,650.000,-1,-1,2,0,2,0,2,0,0,0,0,2,2,2,2,0,0,2,2
25,-2098.149,764.726,-186.317,-130.327,-0.646898,0.761991,0.029876,-0.762519,-0.646835,-0.013051,0.009380,-0.031223,0.999468,0,0.63875,-0.56936,38.325,-1.139,-1,400.000,-1,375.000,-1,325.000,300.000,300.000,300.000,-1,-1,-1,-1,725.000,650.000,-1,-1,2,0,2,0,2,0,0,0,0,2,2,2,2,0,0,2,2
26,-2122.990,736.624,-185.869,-131.476,-0.661985,0.748837,0.031921,-0.749431,-0.661953,-0.013073,0.011341,-0.032577,0.999405,0,0.62511,-0.57440,37.507,-1.149,-1,400.000,-1,375.000,-1,325.000,300.000,300.000,300.000,600.000,-1,-1,-1,700.000,650.000,-1,-1,2,0,2,0,2,0,0,0,0,1,2,2,2,0,0,2,2
27,-2147.886,709.583,-185.389,-132.636,-0.676946,0.735252,0.033907,-0.735912,-0.676952,-0.013033,0.013371,-0.033775,0.999340,0,0.61260,-0.58008,36.756,-1.160,-1,375.000,-1,375.000,-1,325.000,300.000,300.000,300.000,525.000,-1,-1,-1,700.000,650.000,-1,-1,2,0,2,0,2,0,0,0,0,1,2,2,2,0,0,2,2
28,-2176.521,679.467,-184.834,-133.556,-0.688588,0.724254,0.036101,-0.724987,-0.688642,-0.012886,0.015528,-0.035045,0.999265,0,0.69260,-0.46008,41.556,-0.920,-1,375.000,-1,375.000,-1,300.000,300.000,300.000,300.000,500.000,-1,-1,-1,700.000,650.000,-1,-1,2,0,2,0,2,0,0,0,0,1,2,2,2,0,0,2,2
29,-2208.853,646.540,-184.198,-134.479,-0.700068,0.713037,0.038510,-0.713851,-0.700183,-0.012678,0.017924,-0.036366,0.999178,0,0.76912,-0.46133,46.147,-0.923,-1,375.000,-1,375.000,-1,300.000,300.000,300.000,300.000,475.000,800.000,-1,-1,700.000,625.000,-1,-1,2,0,2,0,2,0,0,0,0,1,0,2,2,0,0,2,2
30,-2241.342,614.525,-183.549,-135.420,-0.711592,0.701403,0.040878,-0.702298,-0.711774,-0.012467,0.020351,-0.037580,0.999086,0,0.76020,-0.47082,45.612,-0.942,-1,375.000,-1,375.000,-1,300.000,300.000,300.000,300.000,475.000,475.000,825.000,-1,700.000,625.000,-1,-1,2,0,2,0,2,0,0,0,0,1,0,0,2,0,0,2,2
31,-2274.041,583.367,-182.553,-136.382,-0.723139,0.689359,0.043063,-0.690290,-0.723455,-0.010576,0.023863,-0.037374,0.999016,0,0.75278,-0.48099,45.167,-0.962,-1,375.000,-1,375.000,-1,300.000,300.000,300.000,300.000,475.000,375.000,525.000,-1,700.000,650.000,-1,-1,2,0,2,0,2,0,0,0,0,1,0,0,2,0,0,2,2
32,-2307.008,553.017,-181.320,-137.366,-0.734725,0.676854,0.045249,-0.677800,-0.735200,-0.008268,0.027671,-0.036744,0.998942,0,0.74683,-0.49181,44.810,-0.984,-1,375.000,-1,375.000,-1,300.000,300.000,300.000,300.000,500.000,350.000,450.000,-1,700.000,650.000,-1,-1,2,0,2,0,2,0,0,0,0,1,0,0,2,0,0,2,2
33,-2340.301,523.431,-180.059,-138.373,-0.746355,0.663852,0.047494,-0.664804,-0.746994,-0.006034,0.031472,-0.036077,0.998853,0,0.74231,-0.50324,44.539,-1.006,-1,375.000,-1,375.000,-1,300.000,300.000,300.000,275.000,525.000,300.000,375.000,-1,700.000,650.000,-1,-1,2,0,2,0,2,0,0,0,0,1,0,0,2,0,0,2,2
34,-2373.977,494.571,-178.768,-139.403,-0.758021,0.650327,0.049802,-0.651276,-0.758831,-0.003876,0.035271,-0.035373,0.998752,0,0.73916,-0.51524,44.350,-1.030,-1,375.000,-1,375.000,-1,325.000,300.000,300.000,275.000,525.000,275.000,350.000,-1,725.000,650.000,-1,-1,2,0,2,0,2,0,0,0,0,1,0,0,2,0,0,2,2
35,-2408.094,466.406,-177.088,-140.459,-0.769736,0.636223,0.052206,-0.637228,-0.770667,-0.003474,0.038024,-0.035941,0.998630,0,0.73734,-0.52780,44.241,-1.056,-1,375.000,-1,375.000,-1,325.000,300.000,300.000,275.000,550.000,275.000,350.000,-1,725.000,650.000,-1,-1,2,0,2,0,2,0,0,0,0,1,0,0,2,0,0,2,2
36,-2442.711,438.910,-175.286,-141.540,-0.781475,0.621541,0.054622,-0.622618,-0.782518,-0.003560,0.040530,-0.036791,0.998501,0,0.73680,-0.54091,44.208,-1.082,-1,375.000,-1,375.000,-1,325.000,300.000,300.000,275.000,575.000,300.000,350.000,-1,725.000,650.000,-1,-1,2,0,2,0,2,0,0,0,0,1,0,0,2,0,0,2,2
37,-2477.887,412.064,-173.447,-142.650,-0.793219,0.606260,0.057037,-0.607413,-0.794377,-0.003720,0.043054,-0.037596,0.998365,0,0.73749,-0.55453,44.250,-1.109,-1,375.000,-1,375.000,-1,325.000,300.000,325.000,300.000,625.000,300.000,350.000,-1,700.000,675.000,-1,-1,2,0,2,0,2,0,0,0,0,1,0,0,2,0,0,2,2
38,-2513.680,385.855,-171.569,-143.787,-0.804950,0.590356,0.059455,-0.591587,-0.806231,-0.003958,0.045598,-0.038359,0.998223,0,0.73937,-0.56867,44.362,-1.137,-1,375.000,-1,375.000,-1,325.000,300.000,325.000,300.000,650.000,300.000,375.000,-1,700.000,675.000,-1,-1,2,0,2,0,2,0,0,0,0,1,0,0,2,0,0,2,2
39,-2550.147,360.276,-169.619,-144.954,-0.816648,0.573801,0.061951,-0.575118,-0.818059,-0.004302,0.048211,-0.039142,0.998070,0,0.74238,-0.58332,44.543,-1.167,-1,375.000,-1,375.000,-1,325.000,300.000,325.000,300.000,675.000,325.000,375.000,-1,700.000,675.000,-1,-1,2,0,2,0,2,0,0,0,0,1,0,0,2,0,0,2,2
40,-2587.345,335.327,-167.439,-146.150,-0.828268,0.556563,0.064884,-0.557995,-0.829830,-0.004875,0.051130,-0.040242,0.997881,0,0.74650,-0.59846,44.790,-1.197,-1,375.000,-1,375.000,-1,325.000,300.000,325.000,300.000,725.000,325.000,375.000,-1,700.000,675.000,-1,-1,2,0,2,0,2,0,0,0,0,1,0,0,2,0,0,2,2
41,-2625.331,311.014,-165.206,-147.379,-0.839813,0.538625,0.067801,-0.540177,-0.841533,-0.005560,0.054062,-0.041294,0.997683,0,0.75167,-0.61411,45.100,-1.228,-1,375.000,-1,375.000,-1,325.000,300.000,300.000,300.000,750.000,325.000,375.000,-1,700.000,675.000,-1,-1,2,0,2,0,2,0,0,0,0,1,0,0,2,0,0,2,2
42,-2664.160,287.350,-162.913,-148.639,-0.851258,0.519960,0.070713,-0.521640,-0.853142,-0.006368,0.057017,-0.042307,0.997476,0,0.75786,-0.63025,45.471,-1.261,-1,375.000,-1,375.000,-1,300.000,300.000,300.000,300.000,800.000,325.000,400.000,-1,700.000,700.000,-1,-1,2,0,2,0,2,0,0,0,0,1,0,0,2,0,0,2,2
43,-2703.886,264.352,-160.499,-149.933,-0.862557,0.500539,0.073869,-0.502371,-0.864621,-0.007404,0.060163,-0.043496,0.997240,0,0.76503,-0.64690,45.902,-1.294,-1,375.000,-1,375.000,-1,300.000,300.000,300.000,300.000,850.000,325.000,400.000,-1,700.000,725.000,-1,-1,2,0,2,0,2,0,0,0,0,1,0,0,2,0,0,2,2
44,-2744.562,242.047,-157.554,-151.261,-0.873864,0.480380,0.074812,-0.482220,-0.876017,-0.007668,0.061853,-0.042777,0.997168,0,0.77315,-0.66404,46.389,-1.328,-1,375.000,-1,375.000,-1,300.000,300.000,300.000,300.000,875.000,375.000,425.000,-1,675.000,725.000,-1,-1,2,0,2,0,2,0,0,0,0,1,0,0,2,0,0,2,2
45,-2786.238,220.468,-154.483,-152.624,-0.885003,0.459420,0.075523,-0.461250,-0.887235,-0.007869,0.063392,-0.041799,0.997113,0,0.78219,-0.68169,46.931,-1.363,-1,375.000,-1,375.000,-1,300.000,300.000,300.000,300.000,925.000,400.000,450.000,-1,675.000,725.000,-1,-1,2,0,2,0,2,0,0,0,0,1,0,0,2,0,0,2,2
46,-2828.963,199.652,-151.109,-154.024,-0.895888,0.437645,0.076498,-0.439400,-0.898264,-0.006958,0.065670,-0.039846,0.997045,0,0.79210,-0.69984,47.526,-1.400,-1,375.000,-1,375.000,-1,300.000,300.000,300.000,300.000,1000.000,425.000,475.000,-1,675.000,750.000,-1,-1,2,0,2,0,2,0,0,0,0,1,0,0,2,0,0,2,2
47,-2872.785,179.647,-147.640,-155.461,-0.906504,0.415015,0.077548,-0.416688,-0.909030,-0.006040,0.067986,-0.037788,0.996970,0,0.80286,-0.71850,48.171,-1.437,-1,375.000,-1,375.000,-1,300.000,300.000,300.000,300.000,-1,450.000,500.000,-1,675.000,750.000,-1,-1,2,0,2,0,2,0,0,0,0,2,0,0,2,0,0,2,2
48,-2917.745,160.505,-144.078,-156.936,-0.916807,0.391504,0.078671,-0.393089,-0.919486,-0.005145,0.070323,-0.035642,0.996887,0,0.81442,-0.73766,48.865,-1.475,-1,375.000,-1,375.000,-1,300.000,300.000,300.000,300.000,-1,500.000,525.000,-1,700.000,775.000,-1,-1,2,0,2,0,2,0,0,0,0,2,0,0,2,0,0,2,2
49,-2963.884,142.285,-140.420,-158.451,-0.926750,0.367090,0.079871,-0.368582,-0.929585,-0.004281,0.072675,-0.033406,0.996796,0,0.82676,-0.75734,49.606,-1.515,-1,375.000,-1,375.000,-1,325.000,325.000,300.000,300.000,-1,525.000,550.000,-1,700.000,800.000,-1,-1,2,0,2,0,2,0,0,0,0,2,0,0,2,0,0,2,2
50,-3011.238,125.057,-136.663,-160.006,-0.936279,0.341754,0.081147,-0.343147,-0.939275,-0.003453,0.075039,-0.031079,0.996696,0,0.83983,-0.77753,50.390,-1.555,-1,375.000,-1,400.000,-1,325.000,325.000,300.000,300.000,-1,550.000,575.000,-1,700.000,800.000,-1,-1,2,0,2,0,2,0,0,0,0,2,0,0,2,0,0,2,2
51,-3059.837,108.893,-132.805,-161.603,-0.945340,0.315476,0.082501,-0.316764,-0.948501,-0.002672,0.077409,-0.028659,0.996587,0,0.85360,-0.79823,51.216,-1.596,-1,375.000,-1,400.000,-1,325.000,325.000,300.000,300.000,-1,575.000,600.000,-1,725.000,825.000,-1,-1,2,0,2,0,2,0,0,0,0,2,0,0,2,0,0,2,2
52,-3109.707,93.877,-128.844,-163.241,-0.953873,0.288240,0.083932,-0.289417,-0.957201,-0.001946,0.079779,-0.026147,0.996470,0,0.86802,-0.81944,52.081,-1.639,-1,400.000,-1,400.000,-1,325.000,325.000,300.000,300.000,-1,600.000,625.000,-1,725.000,850.000,-1,-1,2,0,2,0,2,0,0,0,0,2,0,0,2,0,0,2,2
53,-3162.020,79.799,-124.686,-164.938,-0.961872,0.259799,0.085473,-0.260859,-0.965376,-0.001270,0.082184,-0.023518,0.996340,0,0.90290,-0.84804,54.174,-1.696,-1,400.000,-1,400.000,-1,325.000,325.000,300.000,300.000,-1,600.000,650.000,-1,725.000,875.000,-1,-1,2,0,2,0,2,0,0,0,0,2,0,0,2,0,0,2,2
54,-3215.636,67.083,-120.381,-166.657,-0.969120,0.230729,0.087006,-0.231679,-0.972792,-0.000848,0.084443,-0.020979,0.996207,0,0.91839,-0.85972,55.103,-1.719,-1,400.000,-1,425.000,-1,325.000,325.000,300.000,300.000,-1,625.000,650.000,-1,750.000,900.000,-1,-1,2,0,2,0,2,0,0,0,0,2,0,0,2,0,0,2,2
55,-3270.058,55.887,-116.102,-168.375,-0.975593,0.201479,0.087317,-0.202287,-0.979326,-0.000415,0.085428,-0.018068,0.996180,0,0.92602,-0.85881,55.561,-1.718,-1,400.000,-1,425.000,-1,325.000,325.000,300.000,300.000,-1,675.000,700.000,-1,750.000,925.000,1000.000,-1,2,0,2,0,2,0,0,0,0,2,0,0,2,0,0,1,2
56,-3325.147,46.258,-111.881,-170.085,-0.981229,0.172166,0.086879,-0.172759,-0.984964,0.000699,0.085693,-0.014323,0.996219,0,0.93208,-0.85529,55.925,-1.711,-1,400.000,-1,425.000,-1,325.000,325.000,300.000,275.000,-1,725.000,725.000,-1,750.000,950.000,950.000,-1,2,0,2,0,2,0,0,0,0,2,0,0,2,1,0,1,2
57,-3375.718,38.751,-108.011,-171.556,-0.985483,0.146838,0.085215,-0.147245,-0.989099,0.001516,0.084508,-0.011053,0.996361,0,0.85208,-0.73529,51.125,-1.471,950.000,400.000,-1,425.000,-1,325.000,325.000,300.000,275.000,-1,800.000,800.000,-1,725.000,950.000,900.000,-1,1,0,2,0,2,0,0,0,0,2,0,0,2,1,0,1,2
58,-3423.791,32.666,-104.306,-172.786,-0.988573,0.125565,0.083412,-0.125837,-0.992049,0.002008,0.083001,-0.008512,0.996513,0,0.80762,-0.61529,48.457,-1.231,875.000,400.000,-1,425.000,-1,325.000,325.000,300.000,275.000,-1,875.000,875.000,-1,725.000,950.000,850.000,-1,1,0,2,0,2,0,0,0,0,2,0,0,2,1,0,1,2
59,-3472.224,27.384,-100.569,-173.777,-0.990754,0.108398,0.081587,-0.108549,-0.994088,0.002595,0.081386,-0.006285,0.996663,0,0.81202,-0.49529,48.721,-0.991,800.000,400.000,-1,425.000,-1,325.000,325.000,300.000,275.000,-1,950.000,950.000,-1,700.000,925.000,800.000,-1,1,0,2,0,2,0,0,0,0,2,0,0,2,1,0,1,2
60,-3520.974,22.714,-96.803,-174.527,-0.992243,0.095367,0.079744,-0.095412,-0.995433,0.003259,0.079691,-0.004375,0.996810,0,0.81623,-0.37529,48.974,-0.751,750.000,400.000,-1,425.000,-1,325.000,325.000,300.000,275.000,-1,-1,-1,-1,700.000,925.000,750.000,-1,1,0,2,0,2,0,0,0,0,2,2,2,2,1,0,1,2
61,-3570.007,18.457,-93.011,-175.038,-0.993203,0.086494,0.077888,-0.086447,-0.996249,0.003976,0.077940,-0.002784,0.996954,0,0.82028,-0.25529,49.217,-0.511,675.000,400.000,-1,425.000,-1,325.000,325.000,275.000,275.000,-1,-1,-1,-1,700.000,925.000,700.000,-1,1,0,2,0,2,0,0,0,0,2,2,2,2,1,0,1,2
62,-3619.294,14.412,-89.191,-175.309,-0.993746,0.081788,0.076023,-0.081666,-0.996649,0.004722,0.076155,-0.001516,0.997095,0,0.82422,-0.13529,49.453,-0.271,625.000,400.000,-1,425.000,-1,325.000,325.000,275.000,275.000,-1,-1,-1,-1,700.000,925.000,675.000,-1,1,0,2,0,2,0,0,0,0,2,2,2,2,1,0,1,2
63,-3668.814,10.374,-85.343,-175.339,-0.993931,0.081257,0.074156,-0.081074,-0.996693,0.005474,0.074356,-0.000571,0.997232,0,0.82808,-0.01529,49.685,-0.031,575.000,400.000,-1,425.000,-1,325.000,325.000,275.000,275.000,-1,-1,-1,-1,675.000,925.000,625.000,-1,1,0,2,0,2,0,0,0,0,2,2,2,2,1,0,1,2
64,-3718.547,6.137,-81.463,-175.130,-0.993763,0.084899,0.072295,-0.084672,-0.996390,0.006207,0.072561,0.000047,0.997364,0,0.83190,0.10471,49.914,0.209,550.000,400.000,-1,425.000,-1,325.000,325.000,275.000,275.000,-1,-1,-1,-1,650.000,900.000,575.000,-1,1,0,2,0,2,0,0,0,0,2,2,2,2,1,0,1,2
65,-3768.475,1.488,-77.548,-174.680,-0.993198,0.092712,0.070449,-0.092456,-0.995693,0.006895,0.070784,0.000335,0.997492,0,0.83574,0.22471,50.144,0.449,500.000,400.000,-1,425.000,-1,325.000,325.000,275.000,275.000,-1,-1,-1,-1,650.000,900.000,550.000,-1,1,0,2,0,2,0,0,0,0,2,2,2,2,1,0,1,2
66,-3818.576,-3.786,-73.593,-173.991,-0.992134,0.104686,0.068631,-0.104417,-0.994505,0.007514,0.069040,0.000288,0.997614,0,0.83964,0.34471,50.378,0.689,450.000,400.000,-1,425.000,-1,325.000,325.000,275.000,300.000,-1,-1,-1,-1,625.000,900.000,500.000,-1,1,0,2,0,2,0,0,0,0,2,2,2,2,1,0,1,2
67,-3868.824,-9.901,-69.593,-173.061,-0.990422,0.120804,0.066859,-0.120536,-0.992676,0.008037,0.067340,-0.000099,0.997730,0,0.84365,0.46471,50.619,0.929,400.000,400.000,-1,425.000,-1,325.000,325.000,275.000,300.000,-1,-1,-1,-1,575.000,875.000,450.000,-1,1,0,2,0,2,0,0,0,0,2,2,2,2,1,0,1,2
68,-3919.185,-17.076,-65.826,-171.892,-0.987824,0.141038,0.065672,-0.140704,-0.990004,0.009717,0.066386,0.000359,0.997794,0,0.84783,0.58471,50.870,1.169,375.000,400.000,-1,425.000,-1,325.000,325.000,275.000,300.000,-1,-1,-1,-1,550.000,875.000,400.000,-1,1,0,2,0,2,0,0,0,0,2,2,2,2,1,0,1,2
69,-3969.621,-25.489,-62.306,-170.531,-0.984240,0.164519,0.064847,-0.164001,-0.986371,0.013273,0.066146,0.002429,0.997807,0,0.85222,0.68070,51.133,1.361,325.000,400.000,-1,425.000,-1,325.000,325.000,300.000,300.000,-1,-1,-1,-1,525.000,850.000,350.000,-1,1,1,2,0,2,0,0,0,0,2,2,2,2,1,0,1,2
70,-4020.113,-35.155,-58.758,-169.163,-0.980002,0.188016,0.065155,-0.187304,-0.982156,0.016931,0.067176,0.004389,0.997732,0,0.85681,0.68391,51.409,1.368,300.000,375.000,-1,425.000,-1,325.000,325.000,300.000,300.000,-1,-1,-1,-1,475.000,850.000,325.000,-1,1,1,2,0,2,0,0,0,0,2,2,2,2,1,0,1,2
71,-4070.628,-46.089,-54.689,-167.788,-0.975110,0.211515,0.066498,-0.210444,-0.977340,0.022795,0.069813,0.008234,0.997526,0,0.86141,0.68719,51.684,1.374,275.000,350.000,-1,425.000,-1,325.000,325.000,300.000,300.000,-1,-1,-1,-1,450.000,875.000,275.000,-1,1,1,2,0,2,0,0,0,0,2,2,2,2,1,0,1,2
72,-4121.133,-58.302,-50.085,-166.407,-0.969563,0.234995,0.068733,-0.233364,-0.971896,0.030978,0.074081,0.013996,0.997154,0,0.86599,0.69057,51.959,1.381,225.000,350.000,-1,425.000,-1,350.000,350.000,300.000,275.000,-1,-1,-1,-1,425.000,875.000,250.000,-1,1,1,2,0,2,0,0,0,0,2,2,2,2,1,0,1,2
73,-4166.742,-70.300,-45.450,-165.266,-0.964490,0.254272,0.071449,-0.251910,-0.966904,0.040476,0.079377,0.021040,0.996623,0,0.78599,0.57057,47.159,1.141,225.000,325.000,-1,450.000,-1,350.000,350.000,325.000,275.000,-1,-1,-1,-1,400.000,925.000,225.000,-1,1,1,2,0,2,0,0,0,0,2,2,2,2,1,0,1,2
74,-4207.533,-81.721,-40.911,-164.365,-0.960151,0.269395,0.074407,-0.266149,-0.962596,0.050730,0.085290,0.028905,0.995937,0,0.70599,0.45057,42.359,0.901,200.000,325.000,-1,450.000,-1,375.000,375.000,350.000,275.000,-1,-1,300.000,950.000,400.000,950.000,225.000,-1,1,1,2,0,2,1,0,0,0,2,2,0,0,1,0,1,2
75,-4243.583,-92.266,-36.590,-163.704,-0.956752,0.280407,0.077439,-0.276162,-0.959162,0.061172,0.091430,0.037141,0.995119,0,0.62599,0.33057,37.559,0.661,175.000,300.000,-1,475.000,-1,350.000,375.000,350.000,275.000,-1,950.000,225.000,775.000,375.000,975.000,200.000,-1,1,1,2,0,2,1,0,0,0,2,0,0,0,1,0,1,2
76,-4274.958,-101.696,-32.602,-163.283,-0.954442,0.287352,0.080433,-0.282043,-0.956752,0.071258,0.097431,0.045326,0.994210,0,0.54599,0.21057,32.759,0.421,175.000,300.000,-1,475.000,-1,350.000,400.000,375.000,275.000,-1,475.000,200.000,700.000,375.000,-1,200.000,-1,1,1,2,0,2,1,0,0,0,2,0,0,0,1,2,1,2
77,-4301.709,-109.831,-29.054,-163.102,-0.953313,0.290265,0.083316,-0.283889,-0.955473,0.080483,0.102968,0.053073,0.993268,0,0.46599,0.09057,27.959,0.181,175.000,300.000,-1,500.000,-1,350.000,400.000,400.000,275.000,-1,375.000,150.000,625.000,350.000,-1,175.000,-1,1,1,2,0,2,1,0,0,0,2,0,0,0,1,2,1,2
78,-4323.874,-116.547,-26.037,-163.161,-0.953404,0.289169,0.086031,-0.281795,-0.955394,0.088399,0.107756,0.060037,0.992363,0,0.38599,-0.02943,23.159,-0.059,150.000,300.000,-1,500.000,-1,350.000,425.000,425.000,275.000,-1,350.000,125.000,575.000,350.000,-1,175.000,-1,1,1,2,0,2,1,0,0,0,2,0,0,0,1,2,1,2
79,-4341.473,-121.781,-23.630,-163.459,-0.954706,0.284075,0.088527,-0.275844,-0.956533,0.094628,0.111560,0.065922,0.991569,0,0.30599,-0.14943,18.359,-0.299,150.000,300.000,-1,525.000,-1,350.000,425.000,425.000,275.000,-1,325.000,125.000,550.000,350.000,-1,175.000,-1,1,1,2,0,2,1,0,0,0,2,0,0,0,1,2,1,2
80,-4354.507,-125.524,-21.895,-163.998,-0.957158,0.274981,0.090740,-0.266097,-0.958862,0.098872,0.114195,0.070490,0.990954,0,0.22599,-0.26943,13.559,-0.539,150.000,300.000,-1,525.000,-1,350.000,425.000,450.000,275.000,-1,325.000,100.000,525.000,350.000,-1,175.000,-1,1,1,2,0,2,1,0,0,0,2,0,0,0,1,2,1,2
81,-4362.959,-127.828,-20.877,-164.777,-0.960653,0.261863,0.092591,-0.252584,-0.962297,0.100924,0.115528,0.073566,0.990576,0,0.14599,-0.38943,8.759,-0.779,150.000,300.000,-1,525.000,-1,375.000,425.000,450.000,275.000,-1,325.000,100.000,500.000,375.000,-1,175.000,-1,1,1,2,0,2,1,0,0,0,2,0,0,0,1,2,1,2
82,-4366.798,-128.801,-20.601,-165.796,-0.965038,0.244683,0.093981,-0.235299,-0.966695,0.100678,0.115485,0.075044,0.990470,0,0.06599,-0.50943,3.959,-1.019,150.000,300.000,-1,525.000,-1,375.000,450.000,450.000,275.000,-1,325.000,100.000,500.000,375.000,-1,175.000,-1,1,1,2,0,2,1,0,0,0,2,0,0,0,1,2,1,2
83,-4365.980,-128.611,-21.042,-166.962,-0.969750,0.224968,0.094732,-0.215767,-0.971483,0.098309,0.114147,0.074895,0.990637,0,-0.01401,-0.58286,-0.841,-1.166,150.000,325.000,-1,525.000,-1,400.000,425.000,425.000,275.000,-1,325.000,125.000,525.000,400.000,-1,175.000,-1,1,1,2,0,2,1,0,0,0,2,0,0,0,1,2,1,2
84,-4362.848,-127.950,-21.819,-168.121,-0.974082,0.205276,0.095006,-0.196393,-0.975909,0.095030,0.112225,0.073909,0.990930,0,-0.05337,-0.57983,-3.202,-1.160,150.000,325.000,-1,525.000,-1,425.000,425.000,400.000,275.000,-1,350.000,125.000,550.000,425.000,-1,175.000,-1,1,1,2,0,2,1,0,1,0,2,0,0,0,1,2,1,2
85,-4359.574,-127.329,-22.593,-169.276,-0.978032,0.185585,0.094929,-0.177036,-0.979918,0.091760,0.110052,0.072938,0.991246,0,-0.05554,-0.57725,-3.332,-1.154,150.000,325.000,-1,525.000,-1,425.000,425.000,375.000,275.000,-1,350.000,125.000,550.000,425.000,-1,175.000,-1,1,1,2,0,2,1,0,1,0,2,0,0,0,1,2,1,2
86,-4356.160,-126.751,-23.390,-170.425,-0.981593,0.165903,0.094612,-0.157705,-0.983519,0.088433,0.107724,0.071884,0.991579,0,-0.05772,-0.57472,-3.463,-1.149,150.000,350.000,-1,525.000,-1,450.000,425.000,350.000,275.000,-1,375.000,150.000,575.000,450.000,-1,175.000,-1,1,1,2,0,2,0,0,1,0,2,0,0,0,1,2,1,2
87,-4352.606,-126.222,-24.221,-171.570,-0.984763,0.146238,0.094111,-0.138403,-0.986720,0.085022,0.105295,0.070701,0.991925,0,-0.05990,-0.57224,-3.594,-1.144,150.000,350.000,-1,500.000,-1,425.000,425.000,350.000,275.000,-1,400.000,175.000,600.000,475.000,-1,175.000,-1,1,1,2,0,2,0,0,1,0,2,0,0,0,1,2,1,2
88,-4348.911,-125.747,-25.084,-172.709,-0.987545,0.126596,0.093427,-0.119135,-0.989524,0.081546,0.102772,0.069400,0.992281,0,-0.06209,-0.56981,-3.725,-1.140,150.000,375.000,-1,500.000,-1,425.000,425.000,325.000,275.000,-1,450.000,175.000,625.000,500.000,-1,175.000,-1,1,1,2,0,2,0,0,1,0,2,0,0,0,1,2,1,2
89,-4349.979,-125.866,-25.343,-173.609,-0.989439,0.111046,0.093161,-0.103764,-0.991405,0.079681,0.101209,0.069173,0.992458,0,0.01791,-0.44981,1.075,-0.900,150.000,375.000,-1,500.000,-1,425.000,400.000,300.000,275.000,-1,525.000,200.000,650.000,500.000,-1,175.000,-1,1,1,2,0,2,0,0,1,0,2,0,0,0,1,2,1,2
90,-4355.825,-126.453,-25.013,-174.269,-0.990635,0.099620,0.093367,-0.092335,-0.992562,0.079345,0.100577,0.069981,0.992465,0,0.09791,-0.32981,5.875,-0.660,150.000,400.000,-1,500.000,-1,425.000,400.000,300.000,275.000,-1,575.000,200.000,650.000,525.000,-1,175.000,-1,1,1,2,0,2,0,0,1,0,2,0,0,0,1,2,1,2
91,-4366.454,-127.444,-24.091,-174.688,-0.991271,0.092336,0.094102,-0.084864,-0.993133,0.080530,0.100892,0.071841,0.992300,0,0.17791,-0.20981,10.675,-0.420,150.000,400.000,-1,500.000,-1,425.000,425.000,275.000,275.000,-1,550.000,200.000,650.000,525.000,-1,175.000,-1,1,1,2,0,2,0,0,1,0,2,0,0,0,1,2,1,2
92,-4381.867,-128.832,-22.558,-174.868,-0.991431,0.089202,0.095436,-0.081342,-0.993198,0.083308,0.102218,0.074832,0.991943,0,0.25791,-0.08981,15.475,-0.180,150.000,400.000,-1,500.000,-1,425.000,425.000,275.000,275.000,-1,500.000,200.000,625.000,550.000,-1,175.000,-1,1,1,2,0,2,0,0,1,0,2,0,0,0,1,2,1,2
93,-4402.060,-130.651,-20.411,-174.866,-0.991240,0.089199,0.097397,-0.080733,-0.992874,0.087656,0.104522,0.079025,0.991378,0,0.33791,0.00075,20.275,0.001,125.000,400.000,-1,500.000,-1,450.000,425.000,250.000,275.000,-1,450.000,175.000,600.000,550.000,-1,175.000,-1,1,1,2,0,2,0,0,1,0,2,0,0,0,1,2,1,2
94,-4427.034,-132.907,-17.717,-174.857,-0.990979,0.089326,0.099911,-0.080061,-0.992424,0.093190,0.107478,0.084350,0.990623,0,0.41791,0.00479,25.075,0.010,125.000,400.000,-1,525.000,-1,450.000,425.000,250.000,275.000,-1,425.000,150.000,575.000,575.000,-1,175.000,-1,1,1,2,0,2,0,0,1,0,2,0,0,0,1,2,1,2
95,-4456.787,-135.605,-14.451,-174.837,-0.990633,0.089616,0.103034,-0.079322,-0.991820,0.100010,0.111153,0.090900,0.989637,0,0.49791,0.00988,29.875,0.020,125.000,425.000,-1,525.000,-1,475.000,450.000,225.000,275.000,-1,400.000,150.000,525.000,575.000,-1,175.000,-1,1,1,2,0,2,0,0,1,0,2,0,0,0,1,2,1,2
96,-4491.320,-138.757,-10.581,-174.805,-0.990186,0.090105,0.106834,-0.078503,-0.991020,0.108241,0.115627,0.098792,0.988368,0,0.57791,0.01609,34.675,0.032,125.000,425.000,-1,550.000,-1,475.000,450.000,225.000,250.000,-1,375.000,125.000,500.000,600.000,-1,175.000,-1,1,1,2,0,2,0,0,1,0,2,0,0,0,1,2,1,2
97,-4530.629,-142.381,-6.071,-174.758,-0.989617,0.090829,0.111391,-0.077576,-0.989975,0.118033,0.120995,0.108167,0.986742,0,0.65791,0.02349,39.475,0.047,125.000,425.000,-1,550.000,-1,500.000,475.000,200.000,250.000,-1,350.000,100.000,450.000,625.000,-1,150.000,-1,1,1,2,0,2,0,0,1,0,2,0,0,0,1,2,1,2
98,-4574.714,-146.497,-0.930,-174.694,-0.988886,0.091821,0.116932,-0.076448,-0.988592,0.129773,0.127514,0.119391,0.984625,0,0.73791,0.03215,44.275,0.064,100.000,450.000,-1,575.000,-1,525.000,500.000,200.000,250.000,-1,325.000,100.000,400.000,650.000,-1,150.000,-1,1,1,2,0,2,0,0,1,0,2,0,0,0,1,2,1,2
99,-4620.375,-150.833,4.662,-174.609,-0.988074,0.093117,0.122636,-0.075168,-0.986774,0.143623,0.134388,0.132691,0.982005,0,0.76441,0.04216,45.865,0.084,100.000,475.000,-1,600.000,-1,550.000,500.000,175.000,250.000,-1,325.000,75.000,375.000,675.000,-1,200.000,-1,1,1,2,0,2,0,0,1,0,2,0,0,0,1,2,1,2
100,-4665.692,-155.210,8.966,-174.504,-0.988088,0.094833,0.121196,-0.076008,-0.985534,0.151481,0.133808,0.140464,0.981002,0,0.75879,0.05282,45.528,0.106,100.000,475.000,-1,600.000,-1,550.000,525.000,175.000,250.000,-1,350.000,100.000,350.000,675.000,-1,225.000,-1,1,1,2,0,2,0,0,1,0,2,0,0,0,1,2,1,2
101,3607.626,-2951.685,-91.691,7.703,0.990812,-0.133959,-0.018613,0.133166,0.990334,-0.038803,0.023631,0.035968,0.999074,1,0.00000,0.00000,45.150,0.127,800.000,400.000,575.000,375.000,650.000,325.000,325.000,300.000,325.000,-1,350.000,375.000,-1,525.000,450.000,625.000,525.000,1,0,1,1,1,0,0,0,0,2,1,1,2,1,1,1,1
102,3612.380,-2951.021,-91.587,7.943,0.990244,-0.138107,-0.018541,0.137313,0.989766,-0.038829,0.023714,0.035905,0.999074,0,0.08000,0.12000,4.800,0.240,800.000,400.000,575.000,375.000,625.000,325.000,325.000,300.000,325.000,-1,375.000,375.000,-1,525.000,450.000,625.000,525.000,1,0,1,1,1,0,0,0,0,2,1,1,2,1,1,1,1
103,3621.888,-2949.695,-91.384,7.943,0.990248,-0.138106,-0.018339,0.137321,0.989766,-0.038813,0.023512,0.035917,0.999078,0,0.16000,0.00000,9.600,0.000,800.000,400.000,575.000,375.000,625.000,325.000,325.000,300.000,325.000,-1,375.000,400.000,-1,500.000,450.000,625.000,500.000,1,1,1,1,1,0,0,0,0,2,1,1,2,1,1,1,1
104,3636.152,-2947.716,-91.080,7.899,0.990360,-0.137339,-0.018025,0.136565,0.989872,-0.038784,0.023169,0.035948,0.999085,0,0.24000,-0.02221,14.400,-0.044,750.000,400.000,550.000,350.000,600.000,325.000,325.000,275.000,325.000,-1,400.000,400.000,-1,500.000,425.000,600.000,500.000,1,1,1,1,1,0,0,0,0,2,1,1,2,1,1,1,1
105,3655.172,-2945.095,-90.675,7.846,0.990494,-0.136429,-0.017597,0.135672,0.989996,-0.038746,0.022707,0.035990,0.999094,0,0.32000,-0.02632,19.200,-0.053,725.000,375.000,525.000,350.000,575.000,325.000,325.000,300.000,325.000,-1,400.000,425.000,-1,475.000,425.000,575.000,475.000,1,1,1,1,1,0,1,0,0,2,1,1,2,1,1,1,1
106,3678.951,-2941.845,-90.168,7.783,0.990654,-0.135329,-0.017045,0.134594,0.990145,-0.038700,0.022114,0.036044,0.999105,0,0.40000,-0.03182,24.000,-0.064,675.000,375.000,500.000,325.000,525.000,325.000,300.000,300.000,325.000,-1,425.000,450.000,-1,450.000,400.000,550.000,450.000,1,1,1,1,1,1,1,0,0,2,1,1,2,1,1,1,1
107,3707.491,-2937.983,-89.558,7.705,0.990848,-0.133991,-0.016357,0.133282,0.990324,-0.038647,0.021377,0.036114,0.999119,0,0.48000,-0.03872,28.800,-0.077,625.000,350.000,475.000,300.000,500.000,300.000,300.000,300.000,325.000,-1,475.000,475.000,-1,425.000,375.000,525.000,425.000,1,1,1,1,1,1,1,0,0,2,1,1,2,1,1,1,1
108,3740.795,-2933.533,-88.847,7.611,0.991080,-0.132364,-0.015520,0.131688,0.990540,-0.038588,0.020480,0.036200,0.999135,0,0.56000,-0.04703,33.600,-0.094,575.000,325.000,450.000,300.000,450.000,275.000,275.000,300.000,325.000,-1,500.000,525.000,-1,400.000,350.000,475.000,375.000,1,1,1,1,1,1,1,0,0,2,1,1,2,1,1,1,1
109,3778.866,-2928.522,-88.033,7.498,0.991355,-0.130401,-0.014518,0.129763,0.990796,-0.038524,0.019408,0.036307,0.999152,0,0.64000,-0.05676,38.400,-0.114,500.000,300.000,400.000,275.000,400.000,250.000,250.000,300.000,300.000,-1,550.000,550.000,-1,375.000,325.000,425.000,325.000,1,1,1,1,1,1,1,0,0,2,1,1,2,1,1,1,1
110,3821.710,-2922.987,-87.116,7.362,0.991678,-0.128050,-0.013336,0.127458,0.991098,-0.038458,0.018142,0.036439,0.999171,0,0.72000,-0.06793,43.200,-0.136,450.000,275.000,350.000,225.000,325.000,225.000,225.000,300.000,300.000,-1,575.000,600.000,-1,325.000,275.000,375.000,300.000,1,1,1,1,1,1,1,0,0,2,1,1,2,1,1,1,1
111,3869.332,-2916.970,-86.096,7.201,0.992052,-0.125262,-0.011956,0.124723,0.991448,-0.038394,0.016663,0.036598,0.999191,0,0.80000,-0.08057,48.000,-0.161,375.000,225.000,300.000,200.000,275.000,200.000,175.000,300.000,300.000,-1,625.000,650.000,-1,275.000,250.000,325.000,250.000,1,1,1,1,1,1,1,0,0,2,1,1,2,1,1,1,1
112,3918.463,-2910.929,-84.100,7.011,0.992439,-0.121998,-0.013492,0.121463,0.991973,-0.035176,0.017676,0.033271,0.999290,0,0.82503,-0.09469,49.502,-0.189,325.000,200.000,275.000,175.000,225.000,175.000,150.000,300.000,325.000,900.000,675.000,700.000,-1,250.000,200.000,275.000,200.000,1,1,1,1,1,1,1,0,0,1,1,1,2,1,1,1,1
113,3968.488,-2904.978,-76.923,6.793,0.992434,-0.118271,-0.032980,0.117865,0.992931,-0.014003,0.034403,0.010010,0.999358,0,0.83961,-0.10935,50.376,-0.219,275.000,175.000,250.000,150.000,225.000,150.000,150.000,300.000,375.000,825.000,700.000,725.000,-1,225.000,175.000,225.000,200.000,1,1,1,1,1,1,1,0,0,1,1,1,2,1,1,1,1
114,4019.426,-2899.134,-63.718,6.544,0.990927,-0.113960,-0.071247,0.112933,0.993434,-0.018286,0.072863,0.010074,0.997291,0,0.85444,-0.12435,51.267,-0.249,275.000,175.000,250.000,150.000,275.000,150.000,150.000,325.000,425.000,775.000,125.000,225.000,-1,225.000,200.000,250.000,200.000,1,1,1,1,1,1,1,0,0,1,0,0,2,1,1,1,1
115,-4919.552,-4263.590,192.514,116.991,-0.452747,-0.886463,0.095938,0.891562,-0.451491,0.035673,0.011693,0.101686,0.994748,1,0.00000,0.00000,52.172,-0.279,-1,450.000,825.000,400.000,-1,350.000,350.000,325.000,300.000,-1,-1,-1,-1,700.000,650.000,1000.000,-1,2,0,1,1,2,0,0,0,0,2,2,2,2,1,1,1,2
116,-4921.712,-4259.303,192.548,116.751,-0.449094,-0.888372,0.095444,0.893419,-0.447787,0.035912,0.010835,0.101399,0.994787,0,0.08000,-0.12000,4.800,-0.240,-1,450.000,800.000,400.000,-1,350.000,350.000,325.000,300.000,-1,-1,-1,-1,700.000,650.000,1000.000,-1,2,0,1,1,2,0,0,0,0,2,2,2,2,1,1,1,2
117,-4925.960,-4250.694,192.607,116.271,-0.441763,-0.892145,0.094465,0.897086,-0.440355,0.036404,0.009120,0.100826,0.994862,0,0.16000,-0.24000,9.600,-0.480,-1,450.000,800.000,400.000,-1,350.000,350.000,325.000,300.000,-1,-1,-1,-1,675.000,625.000,950.000,-1,2,0,1,1,2,0,0,0,0,2,2,2,2,1,1,1,2
118,-4932.178,-4237.704,192.681,115.586,-0.431253,-0.897423,0.093027,0.902207,-0.429698,0.037181,0.006607,0.099964,0.994969,0,0.24000,-0.34241,14.400,-0.685,-1,450.000,775.000,400.000,-1,350.000,350.000,300.000,300.000,-1,-1,-1,-1,650.000,625.000,925.000,-1,2,0,1,1,2,0,0,0,0,2,2,2,2,1,1,1,2
119,-4940.261,-4220.288,192.773,114.903,-0.420759,-0.902581,0.091160,0.907165,-0.419028,0.038295,0.003634,0.098810,0.995100,0,0.32000,-0.34118,19.200,-0.682,-1,450.000,775.000,400.000,-1,350.000,350.000,300.000,300.000,-1,-1,-1,-1,625.000,625.000,875.000,-1,2,0,1,1,2,0,1,0,0,2,2,2,2,1,1,1,2
120,-4950.106,-4198.399,192.865,114.224,-0.410281,-0.907616,0.088895,0.911959,-0.408349,0.039768,0.000206,0.097385,0.995247,0,0.40000,-0.33986,24.000,-0.680,-1,450.000,750.000,375.000,-1,350.000,350.000,300.000,300.000,-1,-1,-1,-1,600.000,600.000,800.000,-1,2,0,1,1,2,0,1,0,0,2,2,2,2,1,1,1,2
121,-4961.609,-4171.996,192.939,113.547,-0.399819,-0.912526,0.086267,0.916587,-0.397663,0.041619,-0.003674,0.095711,0.995402,0,0.48000,-0.33843,28.800,-0.677,-1,425.000,700.000,375.000,-1,350.000,325.000,300.000,300.000,-1,-1,-1,-1,550.000,600.000,750.000,-1,2,0,1,1,2,0,1,0,0,2,2,2,2,1,1,1,2
122,-4974.667,-4141.036,192.973,112.873,-0.389373,-0.917305,0.083311,0.921045,-0.386977,0.043869,-0.008002,0.093815,0.995557,0,0.56000,-0.33684,33.600,-0.674,950.000,425.000,675.000,375.000,-1,325.000,325.000,300.000,300.000,-1,-1,-1,-1,525.000,575.000,700.000,-1,1,1,1,1,2,1,1,0,0,2,2,2,2,1,1,1,2
123,-4989.175,-4105.481,192.946,112.203,-0.378947,-0.921948,0.080070,0.925330,-0.376296,0.046537,-0.012774,0.091726,0.995702,0,0.64000,-0.33505,38.400,-0.670,850.000,375.000,625.000,350.000,-1,325.000,300.000,300.000,300.000,-1,-1,-1,-1,475.000,550.000,625.000,-1,1,1,1,1,2,1,1,0,0,2,2,2,2,1,1,1,2
124,-5005.030,-4065.295,192.834,111.537,-0.368544,-0.926450,0.076588,0.929436,-0.365628,0.049638,-0.017985,0.089478,0.995826,0,0.72000,-0.33302,43.200,-0.666,750.000,350.000,575.000,325.000,-1,300.000,275.000,300.000,325.000,-1,-1,-1,-1,425.000,525.000,550.000,-1,1,1,1,1,2,1,1,0,0,2,2,2,2,1,1,1,2
125,-5022.133,-4020.445,192.203,110.876,-0.358113,-0.930682,0.074745,0.933409,-0.354938,0.052598,-0.022422,0.088604,0.995815,0,0.80000,-0.33068,48.000,-0.661,625.000,300.000,525.000,325.000,-1,275.000,275.000,300.000,325.000,-1,-1,-1,-1,400.000,475.000,475.000,-1,1,1,1,1,2,1,1,0,0,2,2,2,2,1,1,1,2
126,-5040.381,-3970.897,191.228,110.220,-0.347727,-0.934700,0.073633,0.937213,-0.344266,0.055798,-0.026805,0.088412,0.995723,0,0.88000,-0.32797,52.800,-0.656,525.000,275.000,475.000,300.000,-1,250.000,250.000,300.000,300.000,-1,-1,-1,-1,350.000,450.000,400.000,-1,1,1,1,1,2,1,1,0,0,2,2,2,2,1,1,1,2
127,-5058.780,-3919.137,190.298,109.570,-0.337340,-0.938609,0.072217,0.940884,-0.333670,0.058324,-0.030647,0.087623,0.995682,0,0.91554,-0.32481,54.933,-0.650,425.000,250.000,425.000,275.000,-1,200.000,225.000,300.000,300.000,-1,-1,-1,-1,300.000,400.000,325.000,-1,1,1,1,1,2,1,1,0,0,2,2,2,2,1,1,1,2
128,-5076.726,-3866.792,189.513,108.928,-0.326882,-0.942475,0.069922,0.944483,-0.323189,0.059163,-0.033161,0.085380,0.995796,0,0.92225,-0.32118,55.335,-0.642,325.000,200.000,375.000,250.000,-1,175.000,200.000,300.000,325.000,-1,-1,-1,-1,250.000,375.000,250.000,-1,1,1,1,1,2,1,1,0,0,2,2,2,2,1,1,1,2
129,-5094.224,-3813.878,190.438,108.293,-0.315960,-0.945768,0.075448,0.948417,-0.312663,0.052418,-0.025986,0.088119,0.995771,0,0.92886,-0.31709,55.732,-0.634,250.000,175.000,350.000,250.000,-1,175.000,200.000,325.000,325.000,-1,-1,-1,-1,225.000,350.000,200.000,-1,1,1,1,1,2,1,1,0,0,2,2,2,2,1,1,1,2
130,-5111.288,-3760.415,196.494,107.669,-0.303688,-0.947071,0.104069,0.952770,-0.301675,0.034942,-0.001697,0.109765,0.993956,0,0.93536,-0.31247,56.121,-0.625,225.000,175.000,350.000,250.000,-1,175.000,200.000,400.000,300.000,-1,-1,150.000,-1,225.000,375.000,200.000,-1,1,1,1,1,2,1,1,0,0,2,2,0,2,1,1,1,2
131,6231.350,-8199.148,303.921,55.207,0.571069,-0.820859,-0.008478,0.820443,0.570373,0.039337,-0.027455,-0.029419,0.999190,1,0.00000,0.00000,56.501,-0.615,-1,375.000,-1,375.000,-1,300.000,300.000,350.000,350.000,-1,-1,-1,-1,725.000,725.000,-1,-1,2,0,2,0,2,0,0,0,0,2,2,2,2,0,0,2,2
