timestep,x_cm,y_cm,z_cm,yaw_deg,basis_xx,basis_xy,basis_xz,basis_yx,basis_yy,basis_yz,basis_zx,basis_zy,basis_zz,teleport_flag,throttle_cmd,steering_cmd,cmd_move_cm,cmd_turn_deg,lidar_cm_0,lidar_cm_1,lidar_cm_2,lidar_cm_3,lidar_cm_4,lidar_cm_5,lidar_cm_6,lidar_cm_7,lidar_cm_8,lidar_cm_9,lidar_cm_10,lidar_cm_11,lidar_cm_12,lidar_cm_13,lidar_cm_14,lidar_cm_15,lidar_cm_16,lidar_class_0,lidar_class_1,lidar_class_2,lidar_class_3,lidar_class_4,lidar_class_5,lidar_class_6,lidar_class_7,lidar_class_8,lidar_class_9,lidar_class_10,lidar_class_11,lidar_class_12,lidar_class_13,lidar_class_14,lidar_class_15,lidar_class_16
0,326.351,-8194.627,212.402,109.546,-0.332490,-0.942088,-0.043829,0.941065,-0.334468,0.050279,-0.062027,-0.024529,0.997773,1,0.08000,0.12000,4.800,0.240,-1,400.000,-1,-1,-1,325.000,325.000,300.000,300.000,-1,-1,-1,-1,775.000,-1,-1,-1,2,0,2,2,2,0,0,0,0,2,2,2,2,0,2,2,2
1,323.070,-8185.605,211.800,109.990,-0.339791,-0.939482,-0.043770,0.938419,-0.341767,0.050648,-0.062542,-0.023865,0.997757,0,0.16000,0.22207,9.600,0.444,-1,400.000,-1,-1,-1,325.000,325.000,300.000,300.000,-1,-1,-1,-1,775.000,-1,-1,-1,2,0,2,2,2,0,0,0,0,2,2,2,2,0,2,2,2
2,318.043,-8172.111,210.892,110.433,-0.347040,-0.936832,-0.043698,0.935716,-0.349016,0.051225,-0.063241,-0.023112,0.997731,0,0.24000,0.22117,14.400,0.442,-1,400.000,-1,-1,-1,325.000,325.000,300.000,300.000,-1,-1,-1,-1,775.000,-1,-1,-1,2,0,2,2,2,0,0,0,0,2,2,2,2,0,2,2,2
3,311.202,-8154.171,209.678,110.873,-0.354228,-0.934141,-0.043624,0.932958,-0.356208,0.052009,-0.064123,-0.022276,0.997693,0,0.32000,0.22005,19.200,0.440,-1,400.000,-1,-1,-1,325.000,325.000,300.000,300.000,-1,-1,-1,-1,775.000,-1,-1,-1,2,0,2,2,2,0,0,0,0,2,2,2,2,0,2,2,2
4,302.480,-8131.812,208.158,111.310,-0.361347,-0.931413,-0.043562,0.930150,-0.363336,0.052999,-0.065192,-0.021368,0.997644,0,0.40000,0.21868,24.000,0.437,-1,400.000,-1,-1,-1,325.000,625.000,300.000,300.000,-1,-1,-1,-1,775.000,-1,-1,-1,2,0,2,2,2,0,1,0,0,2,2,2,2,0,2,2,2
5,291.811,-8105.061,206.336,111.744,-0.368388,-0.928653,-0.043530,0.927294,-0.370389,0.054194,-0.066451,-0.020401,0.997581,0,0.48000,0.21704,28.800,0.434,-1,400.000,-1,-1,-1,325.000,650.000,275.000,300.000,-1,-1,-1,-1,750.000,-1,-1,-1,2,0,2,2,2,0,1,0,0,2,2,2,2,0,2,2,2
6,279.130,-8073.946,204.214,112.175,-0.375338,-0.925864,-0.043551,0.924397,-0.377358,0.055592,-0.067905,-0.019392,0.997503,0,0.56000,0.21508,33.600,0.430,-1,400.000,-1,-1,-1,325.000,675.000,275.000,300.000,-1,-1,-1,-1,750.000,-1,-1,-1,2,1,2,2,2,1,1,0,0,2,2,2,2,0,2,2,2
7,264.373,-8038.494,201.797,112.600,-0.382186,-0.923054,-0.043647,0.921463,-0.384232,0.057192,-0.069562,-0.018361,0.997409,0,0.64000,0.21278,38.400,0.426,-1,425.000,-1,-1,-1,400.000,675.000,275.000,300.000,-1,-1,-1,-1,750.000,-1,-1,-1,2,1,2,2,2,1,1,0,0,2,2,2,2,0,2,2,2
8,247.479,-7998.734,199.078,113.020,-0.388921,-0.920229,-0.043792,0.918500,-0.390997,0.058978,-0.071396,-0.017286,0.997298,0,0.72000,0.21006,43.200,0.420,-1,425.000,-1,-1,-1,425.000,675.000,275.000,325.000,-1,-1,-1,-1,750.000,-1,-1,-1,2,1,2,2,2,1,1,0,0,2,2,2,2,0,2,2,2
9,228.391,-7954.693,195.739,113.434,-0.395647,-0.917416,-0.042563,0.915537,-0.397647,0.060567,-0.072490,-0.015005,0.997256,0,0.80000,0.20686,48.000,0.414,-1,425.000,-1,-1,-1,450.000,675.000,300.000,300.000,-1,-1,-1,-1,725.000,-1,-1,-1,2,1,2,2,2,1,1,0,0,2,2,2,2,0,2,2,2
10,207.054,-7906.391,185.230,113.840,-0.403512,-0.914600,-0.026177,0.910141,-0.404153,0.091131,-0.093928,0.012948,0.995495,0,0.88000,0.20311,52.800,0.406,-1,400.000,-1,-1,-1,400.000,600.000,300.000,250.000,-1,-1,-1,-1,625.000,-1,-1,-1,2,1,2,2,2,1,1,0,0,2,2,2,2,0,2,2,2
11,183.401,-7853.862,171.015,114.238,-0.413427,-0.910533,-0.002803,0.901903,-0.409927,0.136130,-0.125100,0.053752,0.990687,0,0.96000,0.19869,57.600,0.397,-1,350.000,-1,-1,-1,325.000,475.000,350.000,175.000,-1,-1,-1,-1,500.000,-1,-1,-1,2,1,2,2,2,1,1,0,0,2,2,2,2,0,2,2,2
12,159.234,-7801.174,157.713,114.624,-0.424461,-0.905269,0.017926,0.892430,-0.414932,0.177201,-0.152977,0.091213,0.984011,0,0.96593,0.19347,57.956,0.387,-1,300.000,950.000,850.000,-1,275.000,400.000,400.000,125.000,-1,-1,-1,-1,400.000,-1,550.000,-1,2,1,1,1,2,1,1,0,0,2,2,2,2,1,2,0,2
13,134.694,-7748.604,144.991,115.000,-0.435756,-0.899383,0.035034,0.882657,-0.419387,0.212204,-0.176160,0.123392,0.976597,0,0.96676,0.18770,58.005,0.375,975.000,250.000,725.000,700.000,-1,250.000,350.000,425.000,75.000,-1,-1,-1,-1,350.000,-1,350.000,-1,0,1,1,1,2,1,1,0,0,2,2,2,2,1,2,0,2
14,109.813,-7696.179,132.920,115.363,-0.446815,-0.893346,0.047843,0.872705,-0.423477,0.243009,-0.196830,0.150333,0.968844,0,0.96699,0.18134,58.020,0.363,575.000,225.000,600.000,575.000,-1,200.000,300.000,475.000,125.000,-1,-1,0.000,-1,300.000,825.000,225.000,-1,0,1,1,1,2,1,1,0,1,2,2,0,2,1,1,0,2
15,3607.628,-983.900,378.840,-68.542,0.365395,0.930685,-0.017660,-0.929860,0.365815,0.039241,0.042982,0.002083,0.999074,1,0.00000,0.00000,57.992,0.349,-1,400.000,-1,400.000,-1,325.000,325.000,300.000,300.000,-1,850.000,875.000,-1,725.000,725.000,-1,-1,2,0,2,0,2,0,0,0,0,2,0,0,2,0,0,2,2
16,3609.365,-988.375,379.055,-68.782,0.361486,0.932209,-0.017735,-0.931387,0.361913,0.039195,0.042957,0.002350,0.999074,0,0.08000,-0.12000,4.800,-0.240,-1,400.000,-1,400.000,-1,325.000,325.000,300.000,300.000,-1,850.000,875.000,-1,725.000,725.000,-1,-1,2,0,2,0,2,0,0,0,0,2,0,0,2,0,0,2,2
17,3612.765,-997.353,379.484,-69.262,0.353651,0.935207,-0.017883,-0.934393,0.354091,0.039108,0.042906,0.002879,0.999075,0,0.16000,-0.24000,9.600,-0.480,-1,400.000,-1,400.000,-1,325.000,325.000,300.000,300.000,-1,875.000,875.000,-1,725.000,725.000,-1,-1,2,0,2,0,2,0,0,0,0,2,0,0,2,0,0,2,2
18,3617.694,-1010.883,380.125,-69.982,0.341851,0.939580,-0.018095,-0.938778,0.342310,0.038988,0.042827,0.003660,0.999076,0,0.24000,-0.36000,14.400,-0.720,-1,400.000,-1,400.000,-1,325.000,325.000,300.000,300.000,-1,875.000,900.000,-1,725.000,700.000,-1,-1,2,0,2,0,2,0,0,0,0,2,0,0,2,0,0,2,2
19,3623.963,-1029.031,380.975,-70.942,0.326035,0.945179,-0.018365,-0.944392,0.326519,0.038848,0.042715,0.004678,0.999076,0,0.32000,-0.48000,19.200,-0.960,-1,400.000,-1,400.000,-1,325.000,325.000,300.000,300.000,-1,900.000,925.000,-1,725.000,700.000,-1,-1,2,0,2,0,2,0,0,0,0,2,0,0,2,0,0,2,2
20,3631.323,-1051.874,382.030,-72.142,0.306138,0.951804,-0.018681,-0.951035,0.306651,0.038703,0.042566,0.005918,0.999076,0,0.40000,-0.60000,24.000,-1.200,-1,400.000,-1,375.000,-1,325.000,325.000,300.000,300.000,-1,925.000,950.000,-1,725.000,700.000,-1,-1,2,0,2,0,2,0,0,0,0,2,0,0,2,0,0,2,2
21,3639.546,-1079.476,383.284,-73.412,0.284936,0.958358,-0.019010,-0.957608,0.285478,0.038580,0.042400,0.007211,0.999075,0,0.48000,-0.63497,28.800,-1.270,-1,400.000,-1,375.000,-1,325.000,325.000,300.000,300.000,-1,975.000,975.000,-1,725.000,700.000,-1,-1,2,0,2,0,2,0,0,0,0,2,0,0,2,0,0,2,2
22,3648.422,-1111.882,384.735,-74.682,0.263594,0.964440,-0.019329,-0.963709,0.264165,0.038494,0.042231,0.008481,0.999072,0,0.56000,-0.63497,33.600,-1.270,-1,375.000,-1,375.000,-1,325.000,325.000,300.000,300.000,-1,1000.000,1000.000,-1,725.000,700.000,-1,-1,2,0,2,0,2,0,0,0,0,2,0,0,2,0,0,2,2
23,3657.743,-1149.133,386.377,-75.952,0.242123,0.970047,-0.019623,-0.969333,0.242723,0.038451,0.042062,0.009711,0.999068,0,0.64000,-0.63497,38.400,-1.270,-1,375.000,-1,375.000,-1,325.000,325.000,300.000,300.000,-1,-1,-1,-1,725.000,700.000,-1,-1,2,0,2,0,2,0,0,0,0,2,2,2,2,0,0,2,2
24,3667.298,-1191.264,388.209,-77.222,0.220535,0.975176,-0.019876,-0.974479,0.221161,0.038455,0.041896,0.010888,0.999063,0,0.72000,-0.63497,43.200,-1.270,-1,375.000,-1,375.000,-1,325.000,300.000,300.000,300.000,-1,-1,-1,-1,725.000,700.000,-1,-1,2,0,2,0,2,0,0,0,0,2,2,2,2,0,0,2,2
25,3676.877,-1238.298,390.225,-78.490,0.198881,0.979818,-0.020073,-0.979135,0.199531,0.038510,0.041738,0.011995,0.999057,0,0.80000,-0.63383,48.000,-1.268,-1,375.000,-1,375.000,-1,300.000,300.000,300.000,300.000,-1,-1,-1,-1,700.000,675.000,-1,-1,2,0,2,0,2,0,0,0,0,2,2,2,2,0,0,2,2
26,3685.565,-1286.367,392.276,-79.754,0.177179,0.983972,-0.020174,-0.983289,0.177853,0.038873,0.041838,0.012949,0.999040,0,0.81413,-0.63238,48.848,-1.265,-1,375.000,-1,375.000,-1,300.000,300.000,300.000,300.000,-1,-1,-1,-1,700.000,675.000,-1,-1,2,0,2,0,2,0,0,0,0,2,2,2,2,0,0,2,2
27,3693.219,-1334.780,394.498,-81.016,0.155468,0.987646,-0.019611,-0.986926,0.156148,0.039938,0.042507,0.013146,0.999010,0,0.81689,-0.63072,49.014,-1.261,-1,375.000,-1,375.000,-1,300.000,300.000,300.000,300.000,-1,-1,-1,-1,700.000,675.000,-1,-1,2,0,2,0,2,0,0,0,0,2,2,2,2,0,0,2,2
28,3699.830,-1383.504,396.888,-82.274,0.133715,0.990825,-0.019675,-0.990067,0.134430,0.041184,0.043451,0.013973,0.998958,0,0.81951,-0.62886,49.171,-1.258,-1,375.000,-1,375.000,-1,300.000,300.000,300.000,300.000,-1,-1,-1,-1,700.000,700.000,-1,-1,2,0,2,0,2,0,0,0,0,2,2,2,2,0,0,2,2
29,3705.390,-1432.508,399.397,-83.527,0.111941,0.993510,-0.020176,-0.992707,0.112719,0.042736,0.044733,0.015245,0.998883,0,0.82197,-0.62681,49.318,-1.254,-1,375.000,-1,375.000,-1,300.000,300.000,300.000,300.000,-1,-1,-1,-1,725.000,700.000,-1,-1,2,0,2,0,2,0,0,0,0,2,2,2,2,0,0,2,2
30,3709.893,-1481.758,401.899,-84.776,0.090195,0.995712,-0.020553,-0.994862,0.091032,0.044304,0.045985,0.016452,0.998807,0,0.82426,-0.62455,49.455,-1.249,-1,375.000,-1,375.000,-1,300.000,300.000,300.000,325.000,-1,-1,-1,-1,725.000,700.000,-1,-1,2,0,2,0,2,0,0,0,0,2,2,2,2,0,0,2,2
31,3713.335,-1531.220,404.390,-86.020,0.068494,0.997434,-0.020816,-0.996534,0.069389,0.045881,0.047208,0.017601,0.998730,0,0.82635,-0.62209,49.581,-1.244,-1,375.000,-1,375.000,-1,300.000,300.000,300.000,325.000,-1,-1,-1,-1,750.000,725.000,-1,-1,2,0,2,0,2,0,0,0,0,2,2,2,2,0,0,2,2
32,3715.659,-1575.940,406.628,-87.025,0.050953,0.998481,-0.020947,-0.997531,0.051897,0.047308,0.048324,0.018484,0.998661,0,0.74635,-0.50209,44.781,-1.004,-1,375.000,-1,375.000,-1,300.000,300.000,300.000,325.000,-1,-1,-1,-1,750.000,725.000,-1,-1,2,0,2,0,2,0,0,0,0,2,2,2,2,0,0,2,2
33,3717.202,-1615.891,408.619,-87.789,0.037592,0.999073,-0.020986,-0.998074,0.038575,0.048581,0.049346,0.019120,0.998599,0,0.66635,-0.38209,39.981,-0.764,-1,375.000,-1,375.000,-1,300.000,300.000,325.000,325.000,-1,-1,-1,-1,775.000,725.000,-1,-1,2,0,2,0,2,0,0,0,0,2,2,2,2,0,0,2,2
34,3718.238,-1651.057,410.367,-88.313,0.028420,0.999376,-0.020968,-0.998330,0.029433,0.049700,0.050286,0.019520,0.998544,0,0.58635,-0.26209,35.181,-0.524,1000.000,375.000,-1,375.000,-1,325.000,300.000,300.000,325.000,-1,-1,-1,-1,775.000,750.000,-1,-1,1,0,2,0,2,0,0,0,0,2,2,2,2,0,0,2,2
35,3718.982,-1681.429,411.876,-88.597,0.023441,0.999506,-0.020915,-0.998416,0.024476,0.050665,0.051152,0.019695,0.998497,0,0.50635,-0.14209,30.381,-0.284,1000.000,375.000,-1,375.000,-1,325.000,300.000,300.000,325.000,-1,950.000,-1,-1,775.000,750.000,-1,-1,1,0,2,0,2,0,0,0,0,2,0,2,2,0,0,2,2
36,3719.588,-1707.002,413.148,-88.641,0.022657,0.999526,-0.020848,-0.998393,0.023705,0.051479,0.051949,0.019648,0.998456,0,0.42635,-0.02209,25.581,-0.044,1000.000,400.000,-1,375.000,-1,325.000,300.000,300.000,325.000,-1,900.000,-1,-1,800.000,750.000,-1,-1,1,0,2,0,2,0,0,0,0,2,0,2,2,0,0,2,2
37,3720.152,-1727.776,414.185,-88.446,0.026068,0.999444,-0.020779,-0.998271,0.027121,0.052143,0.052678,0.019383,0.998423,0,0.34635,0.09791,20.781,0.196,975.000,400.000,-1,375.000,-1,325.000,325.000,300.000,325.000,-1,850.000,-1,-1,800.000,750.000,-1,-1,1,0,2,0,2,0,0,0,0,2,0,2,2,0,0,2,2
38,3720.707,-1743.747,414.988,-88.010,0.033672,0.999218,-0.020716,-0.998009,0.034723,0.052662,0.053340,0.018901,0.998398,0,0.26635,0.21791,15.981,0.436,975.000,400.000,-1,375.000,-1,325.000,325.000,300.000,325.000,-1,825.000,1000.000,-1,800.000,750.000,-1,-1,1,0,2,0,2,0,0,0,0,2,0,0,2,0,0,2,2
39,3721.227,-1754.915,415.554,-87.334,0.045466,0.998752,-0.020664,-0.997509,0.046507,0.053035,0.053930,0.018201,0.998379,0,0.18635,0.33791,11.181,0.676,950.000,400.000,-1,375.000,-1,325.000,325.000,300.000,325.000,-1,825.000,975.000,-1,800.000,775.000,-1,-1,1,0,2,0,2,0,0,0,0,2,0,0,2,0,0,2,2
40,3721.625,-1761.284,415.883,-86.418,0.061443,0.997897,-0.020625,-0.996625,0.062465,0.053268,0.054444,0.017282,0.998367,0,0.10635,0.45791,6.381,0.916,950.000,400.000,-1,375.000,-1,325.000,325.000,300.000,325.000,-1,825.000,950.000,-1,800.000,775.000,-1,-1,1,0,2,0,2,0,0,0,0,2,0,0,2,0,0,2,2
41,3721.756,-1762.859,415.969,-85.262,0.081587,0.996453,-0.020595,-0.995155,0.082583,0.053361,0.054872,0.016142,0.998363,0,0.02635,0.57791,1.581,1.156,925.000,400.000,-1,375.000,-1,325.000,325.000,300.000,325.000,-1,850.000,925.000,-1,800.000,775.000,-1,-1,1,0,2,0,2,0,0,0,0,2,0,0,2,0,0,2,2
42,3722.384,-1769.209,416.299,-84.347,0.097523,0.995021,-0.020572,-0.993692,0.098501,0.053605,0.055364,0.015215,0.998350,0,0.10635,0.45791,6.381,0.916,925.000,400.000,-1,375.000,-1,325.000,325.000,300.000,325.000,-1,850.000,900.000,-1,825.000,775.000,-1,-1,1,0,2,0,2,0,0,0,0,2,0,0,2,0,0,2,2
43,3723.616,-1780.321,416.875,-83.671,0.109264,0.993800,-0.020558,-0.992438,0.110231,0.053997,0.055928,0.014502,0.998329,0,0.18635,0.33791,11.181,0.676,900.000,400.000,-1,400.000,-1,325.000,325.000,300.000,325.000,-1,825.000,850.000,-1,825.000,775.000,-1,-1,1,0,2,0,2,0,0,0,0,2,0,0,2,0,0,2,2
44,3725.499,-1796.191,417.698,-83.235,0.116824,0.992940,-0.020549,-0.991540,0.117788,0.054533,0.056569,0.014004,0.998300,0,0.26635,0.21791,15.981,0.436,900.000,400.000,-1,400.000,-1,325.000,325.000,300.000,325.000,-1,800.000,825.000,-1,825.000,775.000,-1,-1,1,0,2,0,2,0,0,0,0,2,0,0,2,0,0,2,2
45,3728.029,-1816.817,418.770,-83.006,0.120782,0.992467,-0.020538,-0.991024,0.121749,0.055214,0.057299,0.013685,0.998263,0,0.34635,0.11430,20.781,0.229,875.000,400.000,-1,400.000,-1,325.000,325.000,300.000,300.000,-1,775.000,775.000,-1,825.000,775.000,-1,-1,1,0,2,0,2,0,0,0,0,2,0,0,2,0,0,2,2
46,3731.246,-1842.195,420.091,-82.776,0.124770,0.991973,-0.020522,-0.990478,0.125742,0.056050,0.058180,0.013333,0.998217,0,0.42635,0.11526,25.581,0.231,875.000,400.000,-1,400.000,-1,325.000,325.000,300.000,300.000,-1,725.000,750.000,-1,850.000,775.000,-1,-1,1,0,2,0,2,0,0,0,0,2,0,0,2,0,0,2,2
47,3735.189,-1872.318,421.662,-82.543,0.128798,0.991459,-0.020495,-0.989902,0.129775,0.057039,0.059212,0.012942,0.998162,0,0.50635,0.11649,30.381,0.233,850.000,400.000,-1,400.000,-1,325.000,325.000,300.000,300.000,-1,675.000,700.000,-1,850.000,800.000,-1,-1,1,0,2,0,2,0,0,0,0,2,0,0,2,0,0,2,2
48,3739.898,-1907.183,423.486,-82.307,0.132877,0.990922,-0.020452,-0.989291,0.133859,0.058182,0.060392,0.012502,0.998096,0,0.58635,0.11802,35.181,0.236,825.000,400.000,-1,400.000,-1,325.000,325.000,300.000,300.000,-1,625.000,650.000,-1,875.000,825.000,-1,-1,1,0,2,0,2,0,0,0,0,2,0,0,2,0,0,2,2
49,3745.416,-1946.781,425.675,-82.067,0.137052,0.990364,-0.019912,-0.988669,0.138005,0.059064,0.061243,0.011591,0.998056,0,0.66635,0.11985,39.981,0.240,800.000,425.000,-1,400.000,-1,325.000,325.000,300.000,300.000,-1,600.000,650.000,-1,875.000,850.000,-1,-1,1,0,2,0,2,0,0,0,0,2,0,0,2,1,0,2,2
50,3751.967,-1991.080,428.104,-81.587,0.145389,0.989186,-0.019315,-0.987463,0.146293,0.059296,0.061481,0.010452,0.998054,0,0.74635,0.23985,44.781,0.480,775.000,425.000,-1,400.000,-1,325.000,325.000,300.000,300.000,-1,625.000,650.000,-1,875.000,875.000,-1,-1,1,0,2,0,2,0,0,0,0,2,0,0,2,1,0,2,2
51,3759.836,-2040.032,430.892,-80.868,0.157861,0.987281,-0.018859,-0.985587,0.158708,0.058558,0.060806,0.009343,0.998106,0,0.82635,0.35985,49.581,0.720,725.000,425.000,-1,400.000,-1,325.000,325.000,300.000,300.000,-1,725.000,725.000,-1,850.000,875.000,-1,-1,1,0,2,0,2,0,0,0,0,2,0,0,2,1,0,2,2
52,3769.096,-2092.063,433.788,-79.908,0.174472,0.984499,-0.017918,-0.982852,0.175225,0.057423,0.059673,0.007592,0.998189,0,0.88082,0.47985,52.849,0.960,675.000,425.000,-1,400.000,-1,325.000,325.000,300.000,300.000,-1,850.000,825.000,-1,825.000,900.000,-1,-1,1,0,2,0,2,0,0,0,0,2,0,0,2,1,0,2,2
53,3779.384,-2144.010,436.696,-78.798,0.193620,0.980931,-0.016905,-0.979330,0.194274,0.056310,0.058520,0.005653,0.998270,0,0.88260,0.55523,52.956,1.110,625.000,425.000,-1,400.000,-1,325.000,325.000,300.000,300.000,-1,-1,950.000,-1,800.000,925.000,-1,-1,1,0,2,0,2,0,0,0,0,2,2,0,2,1,0,2,2
54,3790.704,-2195.852,439.548,-77.682,0.212770,0.976971,-0.015997,-0.975432,0.213334,0.054969,0.057116,0.003909,0.998360,0,0.88441,0.55771,53.064,1.115,575.000,425.000,-1,400.000,-1,325.000,325.000,300.000,300.000,-1,-1,-1,-1,775.000,925.000,-1,-1,1,0,2,0,2,0,0,0,0,2,2,2,2,1,0,2,2
55,3803.060,-2247.565,442.369,-76.562,0.231921,0.972618,-0.015091,-0.971148,0.232400,0.053498,0.055540,0.002248,0.998454,0,0.88615,0.56027,53.169,1.121,550.000,425.000,-1,400.000,-1,325.000,325.000,300.000,300.000,-1,-1,-1,-1,750.000,950.000,-1,-1,1,0,2,0,2,0,0,0,0,2,2,2,2,1,0,2,2
56,3816.455,-2299.122,445.184,-75.436,0.251071,0.967866,-0.014099,-0.966469,0.251466,0.051992,0.053867,0.000572,0.998548,0,0.88781,0.56292,53.269,1.126,500.000,400.000,-1,400.000,-1,325.000,325.000,300.000,300.000,-1,-1,-1,-1,725.000,950.000,-1,-1,1,0,2,0,2,0,0,0,0,2,2,2,2,1,0,2,2
57,3830.891,-2350.495,447.990,-74.304,0.270216,0.962712,-0.013015,-0.961390,0.270527,0.050452,0.052091,-0.001121,0.998642,0,0.88938,0.56566,53.363,1.131,450.000,400.000,-1,425.000,-1,325.000,325.000,300.000,300.000,-1,-1,-1,-1,700.000,950.000,-1,-1,1,0,2,0,2,0,0,0,0,2,2,2,2,1,0,2,2
58,3846.369,-2401.656,450.785,-73.167,0.289348,0.957151,-0.011831,-0.955906,0.289576,0.048879,0.050210,-0.002834,0.998735,0,0.89084,0.56852,53.451,1.137,400.000,425.000,-1,425.000,-1,325.000,325.000,300.000,300.000,-1,-1,-1,-1,700.000,1000.000,525.000,-1,1,0,2,0,2,0,0,0,0,2,2,2,2,1,0,1,2
59,3862.890,-2452.574,453.566,-72.024,0.308463,0.951178,-0.010541,-0.950013,0.308609,0.047274,0.048219,-0.004569,0.998826,0,0.89219,0.57149,53.531,1.143,350.000,425.000,-1,425.000,-1,325.000,325.000,275.000,300.000,-1,-1,-1,-1,675.000,1000.000,450.000,-1,1,1,2,0,2,0,0,1,0,2,2,2,2,1,0,1,2
60,3880.451,-2503.218,456.330,-70.875,0.327554,0.944788,-0.009137,-0.943706,0.327621,0.045642,0.046115,-0.006327,0.998916,0,0.89339,0.57460,53.603,1.149,325.000,400.000,-1,425.000,-1,325.000,350.000,275.000,300.000,-1,-1,-1,-1,650.000,-1,375.000,-1,1,1,2,0,2,0,0,1,0,2,2,2,2,1,2,1,2
61,3899.053,-2553.557,458.995,-69.719,0.346572,0.937983,-0.008758,-0.936960,0.346608,0.044362,0.044646,-0.007169,0.998977,0,0.89444,0.57786,53.666,1.156,275.000,375.000,-1,425.000,-1,350.000,350.000,275.000,300.000,-1,-1,-1,-1,650.000,-1,325.000,-1,1,1,2,0,2,0,0,1,0,2,2,2,2,1,2,1,2
62,3918.692,-2603.557,462.547,-68.557,0.365183,0.930781,-0.016977,-0.929769,0.365577,0.043381,0.046585,-0.000057,0.998914,0,0.89530,0.58128,53.718,1.163,250.000,375.000,-1,450.000,-1,350.000,350.000,275.000,300.000,-1,-1,-1,-1,700.000,-1,325.000,-1,1,1,2,0,2,0,0,1,0,2,2,2,2,1,2,1,2
63,3939.363,-2653.182,466.303,-67.387,0.383649,0.923090,-0.026800,-0.922166,0.384489,0.042171,0.049232,0.008535,0.998751,0,0.89596,0.58489,53.758,1.170,250.000,375.000,-1,450.000,-1,375.000,375.000,275.000,275.000,-1,-1,-1,-1,975.000,-1,425.000,-1,1,1,2,0,2,1,0,1,0,2,2,2,2,0,2,1,2
64,3961.062,-2702.394,470.337,-66.210,0.401941,0.914877,-0.038005,-0.914133,0.403323,0.041137,0.052963,0.018207,0.998430,0,0.89640,0.58868,53.784,1.177,225.000,400.000,-1,475.000,-1,375.000,375.000,275.000,275.000,-1,-1,-1,-1,-1,-1,-1,-1,1,1,2,0,2,1,0,1,0,2,2,2,2,2,2,2,2
65,3983.780,-2751.157,474.397,-65.024,0.419983,0.906115,-0.050688,-0.905637,0.422059,0.041073,0.058610,0.028655,0.997870,0,0.89657,0.59269,53.794,1.185,250.000,400.000,-1,475.000,-1,375.000,400.000,300.000,275.000,-1,-1,-1,-1,-1,-1,-1,-1,1,1,2,0,2,1,0,1,0,2,2,2,2,2,2,2,2
66,4007.507,-2799.429,478.018,-63.831,0.438043,0.896868,-0.061199,-0.896748,0.440721,0.040098,0.062934,0.037316,0.997320,0,0.89646,0.59693,53.787,1.194,300.000,425.000,-1,500.000,-1,375.000,400.000,275.000,275.000,-1,-1,-1,-1,-1,-1,-1,-1,1,1,2,0,2,1,0,1,0,2,2,2,2,2,2,2,2
67,4032.228,-2847.169,480.852,-62.628,0.456340,0.887226,-0.067708,-0.887442,0.459350,0.037997,0.064813,0.042747,0.996981,0,0.89602,0.60141,53.761,1.203,825.000,450.000,-1,500.000,-1,400.000,425.000,275.000,275.000,-1,-1,425.000,-1,-1,-1,-1,-1,1,1,2,0,2,1,1,1,0,2,2,0,2,2,2,2,2
68,4057.931,-2894.334,483.488,-61.415,0.474647,0.877125,-0.073225,-0.877684,0.477918,0.035562,0.066188,0.047389,0.996681,0,0.89523,0.60615,53.714,1.212,800.000,450.000,-1,525.000,-1,400.000,425.000,275.000,275.000,-1,-1,300.000,-1,-1,-1,-1,-1,1,1,2,0,2,1,1,1,0,2,2,0,2,2,2,2,2
69,4084.599,-2940.878,485.919,-60.193,0.492973,0.866566,-0.077719,-0.867457,0.496426,0.032854,0.067052,0.051222,0.996434,0,0.89405,0.61115,53.643,1.222,775.000,475.000,-1,525.000,-1,400.000,425.000,250.000,275.000,-1,-1,275.000,-1,1000.000,-1,-1,-1,1,1,2,0,2,1,1,1,0,2,2,0,2,1,2,2,2
70,4112.211,-2986.756,488.142,-58.960,0.511320,0.855549,-0.081166,-0.856743,0.514874,0.029935,0.067401,0.054232,0.996251,0,0.89245,0.61643,53.547,1.233,750.000,525.000,-1,525.000,-1,425.000,425.000,225.000,275.000,-1,-1,250.000,-1,975.000,-1,-1,-1,1,1,2,0,2,1,0,1,0,2,2,0,2,1,2,2,2
71,4140.881,-3032.405,490.091,-57.871,0.527425,0.845518,-0.083204,-0.846954,0.530980,0.027022,0.067027,0.056218,0.996166,0,0.89844,0.54438,53.906,1.089,725.000,575.000,-1,525.000,-1,450.000,425.000,200.000,275.000,-1,800.000,225.000,-1,925.000,-1,-1,-1,1,1,2,0,2,0,0,1,0,2,0,0,2,1,2,2,2
72,4170.328,-3077.353,491.808,-56.770,0.543622,0.835106,-0.084102,-0.836724,0.547096,0.024044,0.066092,0.057300,0.996167,0,0.89560,0.55057,53.736,1.101,675.000,575.000,-1,525.000,-1,450.000,425.000,175.000,275.000,-1,675.000,225.000,1000.000,900.000,-1,-1,-1,1,0,2,0,2,0,0,1,0,2,0,0,0,1,2,2,2
73,4200.530,-3121.552,492.814,-55.656,0.559690,0.824218,-0.086087,-0.826071,0.563166,0.021229,0.065979,0.059232,0.996061,0,0.89222,0.55702,53.533,1.114,625.000,600.000,-1,525.000,-1,450.000,425.000,150.000,275.000,-1,550.000,175.000,875.000,875.000,-1,-1,-1,1,0,2,0,2,0,0,1,0,2,0,0,0,1,2,2,2
74,4231.460,-3164.957,493.654,-54.529,0.575820,0.812893,-0.087381,-0.814981,0.579214,0.017814,0.065093,0.060956,0.996016,0,0.88830,0.56371,53.298,1.127,575.000,575.000,-1,525.000,-1,450.000,425.000,125.000,275.000,-1,525.000,125.000,800.000,825.000,-1,-1,-1,1,1,2,0,2,0,0,1,0,2,0,0,0,1,2,2,2
75,6887.287,7543.216,480.273,-99.512,-0.164759,0.986243,0.013384,-0.984578,-0.165260,0.057411,0.058833,-0.003719,0.998261,1,0.00000,0.00000,53.031,1.135,-1,400.000,-1,400.000,-1,300.000,325.000,325.000,325.000,-1,-1,-1,-1,825.000,825.000,-1,-1,2,0,2,0,2,0,0,0,0,2,2,2,2,0,0,2,2
76,6888.100,7547.947,479.994,-99.752,-0.168897,0.985543,0.013353,-0.983865,-0.169390,0.057594,0.059023,-0.003410,0.998251,0,-0.08000,-0.12000,-4.800,-0.240,-1,400.000,-1,400.000,-1,300.000,325.000,325.000,325.000,-1,-1,-1,-1,825.000,825.000,-1,-1,2,0,2,0,2,0,0,0,0,2,2,2,2,0,0,2,2
77,6889.805,7557.394,479.437,-100.232,-0.177164,0.984091,0.013300,-0.982387,-0.177641,0.057958,0.059398,-0.002798,0.998230,0,-0.16000,-0.24000,-9.600,-0.480,-1,400.000,-1,400.000,-1,325.000,325.000,325.000,325.000,-1,-1,-1,-1,825.000,825.000,-1,-1,2,0,2,0,2,0,0,0,0,2,2,2,2,0,0,2,2
78,6892.541,7571.532,478.602,-100.952,-0.189541,0.981784,0.013243,-0.980041,-0.189993,0.058496,0.059947,-0.001891,0.998200,0,-0.24000,-0.36000,-14.400,-0.720,-1,400.000,-1,400.000,-1,325.000,325.000,325.000,325.000,-1,-1,-1,-1,825.000,825.000,-1,-1,2,0,2,0,2,0,0,0,0,2,2,2,2,0,0,2,2
79,6895.974,7588.149,477.615,-101.673,-0.201893,0.979318,0.013217,-0.977533,-0.202322,0.059116,0.060568,-0.000985,0.998164,0,-0.28281,-0.36020,-16.968,-0.720,-1,400.000,-1,400.000,-1,325.000,325.000,325.000,325.000,-1,-1,-1,-1,825.000,825.000,-1,-1,2,0,2,0,2,0,0,0,0,2,2,2,2,0,0,2,2
80,6899.616,7604.723,476.630,-102.393,-0.214203,0.976700,0.013216,-0.974872,-0.214610,0.059727,0.061172,-0.000090,0.998127,0,-0.28283,-0.35993,-16.970,-0.720,-1,400.000,-1,400.000,-1,325.000,325.000,325.000,325.000,-1,-1,-1,-1,825.000,825.000,-1,-1,2,0,2,0,2,0,0,0,0,2,2,2,2,0,0,2,2
81,6903.466,7621.251,475.646,-103.112,-0.226470,0.973928,0.013239,-0.972058,-0.226855,0.060328,0.061758,0.000793,0.998091,0,-0.28285,-0.35967,-16.971,-0.719,-1,400.000,-1,400.000,-1,325.000,325.000,325.000,325.000,-1,-1,-1,-1,825.000,825.000,-1,-1,2,0,2,0,2,0,0,0,0,2,2,2,2,0,0,2,2
82,6907.524,7637.731,474.665,-103.831,-0.238692,0.971004,0.013287,-0.969093,-0.239055,0.060918,0.062328,0.001665,0.998054,0,-0.28286,-0.35941,-16.972,-0.719,-1,400.000,-1,400.000,-1,325.000,325.000,325.000,325.000,-1,-1,-1,-1,825.000,825.000,-1,-1,2,0,2,0,2,0,0,0,0,2,2,2,2,0,0,2,2
83,6911.787,7654.159,473.686,-104.549,-0.250866,0.967930,0.013357,-0.965977,-0.251209,0.061498,0.062881,0.002525,0.998018,0,-0.28288,-0.35914,-16.973,-0.718,-1,400.000,-1,400.000,-1,325.000,325.000,325.000,325.000,-1,-1,-1,-1,825.000,825.000,-1,-1,2,0,2,0,2,0,0,0,0,2,2,2,2,0,0,2,2
84,6916.257,7670.533,472.710,-105.267,-0.262992,0.964704,0.013451,-0.962712,-0.263314,0.062067,0.063418,0.003374,0.997981,0,-0.28289,-0.35888,-16.973,-0.718,-1,400.000,-1,400.000,-1,325.000,325.000,325.000,325.000,-1,-1,-1,-1,825.000,825.000,-1,-1,2,0,2,0,2,0,0,0,0,2,2,2,2,0,0,2,2
85,6920.931,7686.851,471.738,-105.984,-0.275066,0.961330,0.013566,-0.959297,-0.275368,0.062625,0.063939,0.004212,0.997945,0,-0.28290,-0.35862,-16.974,-0.717,-1,400.000,-1,400.000,-1,325.000,325.000,325.000,325.000,-1,-1,-1,-1,825.000,850.000,-1,-1,2,0,2,0,2,0,0,0,0,2,2,2,2,0,0,2,2
86,6925.809,7703.108,470.768,-106.701,-0.287088,0.957806,0.013703,-0.955734,-0.287371,0.063171,0.064444,0.005039,0.997909,0,-0.28290,-0.35836,-16.974,-0.717,-1,400.000,-1,400.000,-1,325.000,325.000,325.000,325.000,-1,-1,-1,-1,825.000,850.000,-1,-1,2,0,2,0,2,0,0,0,0,2,2,2,2,0,0,2,2
87,6930.890,7719.304,469.803,-107.417,-0.299055,0.954135,0.013861,-0.952024,-0.299319,0.063706,0.064933,0.005856,0.997872,0,-0.28290,-0.35810,-16.974,-0.716,-1,400.000,-1,400.000,-1,325.000,325.000,325.000,325.000,-1,-1,-1,-1,825.000,850.000,-1,-1,2,0,2,0,2,0,0,0,0,2,2,2,2,0,0,2,2
88,6936.173,7735.435,468.841,-108.133,-0.310967,0.950317,0.014039,-0.948168,-0.311212,0.064229,0.065407,0.006662,0.997836,0,-0.28290,-0.35784,-16.974,-0.716,-1,400.000,-1,400.000,-1,325.000,325.000,325.000,325.000,-1,-1,-1,-1,825.000,850.000,-1,-1,2,0,2,0,2,0,0,0,0,2,2,2,2,0,0,2,2
89,6941.656,7751.499,467.884,-108.848,-0.322820,0.946353,0.014237,-0.944166,-0.323048,0.064740,0.065866,0.007458,0.997801,0,-0.28290,-0.35758,-16.974,-0.715,-1,400.000,-1,400.000,-1,325.000,325.000,325.000,325.000,-1,-1,-1,-1,825.000,850.000,-1,-1,2,0,2,0,2,0,0,0,0,2,2,2,2,0,0,2,2
90,6947.340,7767.492,466.931,-109.563,-0.334614,0.942245,0.014452,-0.940020,-0.334824,0.065239,0.066309,0.008245,0.997765,0,-0.28289,-0.35733,-16.973,-0.715,-1,400.000,-1,400.000,-1,325.000,325.000,325.000,325.000,-1,-1,-1,-1,825.000,850.000,-1,-1,2,0,2,0,2,0,0,0,0,2,2,2,2,0,0,2,2
91,6953.222,7783.413,465.858,-110.277,-0.346380,0.937988,0.014123,-0.935744,-0.346538,0.065540,0.066370,0.009486,0.997750,0,-0.28288,-0.35707,-16.973,-0.714,-1,400.000,-1,400.000,-1,325.000,325.000,325.000,325.000,-1,-1,-1,-1,825.000,850.000,-1,-1,2,0,2,0,2,0,0,0,0,2,2,2,2,0,0,2,2
92,6959.302,7799.259,464.790,-110.990,-0.358083,0.933588,0.013807,-0.931324,-0.358189,0.065842,0.066415,0.010719,0.997735,0,-0.28287,-0.35681,-16.972,-0.714,-1,400.000,-1,400.000,-1,325.000,325.000,325.000,325.000,-1,-1,-1,-1,825.000,850.000,-1,-1,2,0,2,0,2,0,0,0,0,2,2,2,2,0,0,2,2
93,6965.578,7815.027,463.693,-111.703,-0.369728,0.929043,0.013422,-0.926754,-0.369775,0.066285,0.066544,0.012069,0.997710,0,-0.28285,-0.35656,-16.971,-0.713,-1,400.000,-1,400.000,-1,325.000,325.000,325.000,325.000,-1,-1,-1,-1,825.000,850.000,-1,-1,2,0,2,0,2,0,0,0,0,2,2,2,2,0,0,2,2
94,6972.050,7830.714,462.479,-112.416,-0.381330,0.924351,0.012776,-0.922007,-0.381292,0.067226,0.067011,0.013856,0.997656,0,-0.28283,-0.35631,-16.970,-0.713,-1,400.000,-1,400.000,-1,325.000,325.000,325.000,325.000,-1,-1,-1,-1,825.000,850.000,-1,-1,2,0,2,0,2,0,0,0,0,2,2,2,2,0,0,2,2
95,6976.783,7841.926,461.611,-112.889,-0.388994,0.921158,0.012328,-0.918775,-0.388897,0.067911,0.067351,0.015090,0.997615,0,-0.20283,-0.23631,-12.170,-0.473,-1,400.000,-1,400.000,-1,325.000,325.000,325.000,325.000,-1,-1,-1,-1,825.000,850.000,-1,-1,2,0,2,0,2,0,0,0,0,2,2,2,2,0,0,2,2
96,6979.678,7848.704,461.086,-113.121,-0.392761,0.919562,0.012066,-0.917155,-0.392629,0.068328,0.067569,0.015770,0.997590,0,-0.12283,-0.11631,-7.370,-0.233,-1,400.000,-1,400.000,-1,325.000,325.000,325.000,325.000,-1,-1,-1,-1,825.000,850.000,-1,-1,2,0,2,0,2,0,0,0,0,2,2,2,2,0,0,2,2
97,6980.686,7851.067,460.904,-113.114,-0.392649,0.919610,0.011985,-0.917196,-0.392510,0.068468,0.067668,0.015891,0.997581,0,-0.04283,0.00369,-2.570,0.007,-1,400.000,-1,400.000,-1,325.000,325.000,325.000,325.000,-1,-1,-1,-1,825.000,850.000,-1,-1,2,0,2,0,2,0,0,0,0,2,2,2,2,0,0,2,2
98,6979.817,7849.014,461.064,-112.945,-0.389925,0.920767,0.012076,-0.918360,-0.389802,0.068334,0.067627,0.015555,0.997589,0,0.03717,0.08437,2.230,0.169,-1,400.000,-1,400.000,-1,325.000,325.000,325.000,325.000,-1,-1,-1,-1,825.000,850.000,-1,-1,2,0,2,0,2,0,0,0,0,2,2,2,2,0,0,2,2
99,6977.095,7842.532,461.565,-112.776,-0.387187,0.921919,0.012324,-0.919534,-0.387093,0.067938,0.067404,0.014972,0.997613,0,0.11717,0.08434,7.030,0.169,-1,400.000,-1,400.000,-1,325.000,325.000,325.000,325.000,-1,-1,-1,-1,825.000,850.000,-1,-1,2,0,2,0,2,0,0,0,0,2,2,2,2,0,0,2,2
100,6972.547,7831.611,462.408,-112.608,-0.384435,0.923064,0.012726,-0.920718,-0.384385,0.067284,0.066999,0.014150,0.997653,0,0.19717,0.08424,11.830,0.168,-1,400.000,-1,400.000,-1,325.000,325.000,325.000,325.000,-1,-1,-1,-1,825.000,850.000,-1,-1,2,0,2,0,2,0,0,0,0,2,2,2,2,0,0,2,2
101,6966.199,7816.241,463.592,-112.440,-0.381674,0.924202,0.013275,-0.921908,-0.381680,0.066382,0.066417,0.013098,0.997706,0,0.27717,0.08407,16.630,0.168,-1,400.000,-1,400.000,-1,325.000,325.000,325.000,325.000,-1,-1,-1,-1,825.000,850.000,-1,-1,2,0,2,0,2,0,0,0,0,2,2,2,2,0,0,2,2
102,6958.077,7796.410,464.997,-112.272,-0.378930,0.925324,0.013678,-0.923067,-0.378978,0.065747,0.066021,0.012288,0.997743,0,0.35717,0.08383,21.430,0.168,-1,400.000,-1,400.000,-1,325.000,325.000,325.000,325.000,-1,-1,-1,-1,800.000,850.000,-1,-1,2,0,2,0,2,0,0,0,0,2,2,2,2,0,0,2,2
103,6948.206,7772.108,466.653,-112.105,-0.376203,0.926432,0.013982,-0.924203,-0.376283,0.065271,0.065730,0.011633,0.997770,0,0.43717,0.08349,26.230,0.167,-1,400.000,-1,400.000,-1,325.000,325.000,325.000,325.000,-1,-1,-1,-1,800.000,875.000,-1,-1,2,0,2,0,2,0,0,0,0,2,2,2,2,0,0,2,2
104,6936.612,7743.325,468.561,-111.939,-0.373501,0.927524,0.014030,-0.925335,-0.373598,0.064644,0.065201,0.011162,0.997810,0,0.51717,0.08304,31.030,0.166,-1,400.000,-1,400.000,-1,325.000,325.000,325.000,325.000,-1,-1,-1,-1,800.000,875.000,-1,-1,2,0,2,0,2,0,0,0,0,2,2,2,2,0,0,2,2
105,6923.321,7710.052,470.640,-111.774,-0.370854,0.928594,0.013409,-0.926471,-0.370926,0.063756,0.064177,0.011221,0.997875,0,0.59717,0.08245,35.830,0.165,-1,400.000,-1,400.000,-1,325.000,325.000,325.000,325.000,-1,-1,-1,-1,800.000,875.000,-1,-1,2,0,2,0,2,0,0,0,0,2,2,2,2,0,0,2,2
106,6908.357,7672.278,473.018,-111.611,-0.368234,0.929647,0.012662,-0.927594,-0.368276,0.062782,0.063028,0.011374,0.997947,0,0.67717,0.08171,40.630,0.163,-1,400.000,-1,400.000,-1,325.000,325.000,325.000,325.000,-1,-1,-1,-1,800.000,900.000,-1,-1,2,0,2,0,2,0,0,0,0,2,2,2,2,0,0,2,2
107,6893.156,7633.586,475.473,-111.449,-0.365645,0.930679,0.011849,-0.928696,-0.365652,0.061823,0.061870,0.011601,0.998017,0,0.69286,0.08077,41.571,0.162,-1,400.000,-1,400.000,-1,325.000,325.000,325.000,325.000,-1,-1,-1,-1,800.000,900.000,-1,-1,2,0,2,0,2,0,0,0,0,2,2,2,2,0,0,2,2
108,6878.094,7594.934,477.944,-111.290,-0.363089,0.931690,0.010989,-0.929773,-0.363060,0.060902,0.060731,0.011896,0.998083,0,0.69138,0.07971,41.483,0.159,-1,400.000,-1,400.000,-1,325.000,325.000,325.000,325.000,-1,-1,-1,-1,800.000,900.000,-1,-1,2,0,2,0,2,0,0,0,0,2,2,2,2,0,0,2,2
109,6863.168,7556.317,480.431,-111.133,-0.360570,0.932678,0.010082,-0.930825,-0.360502,0.060018,0.059612,0.012256,0.998146,0,0.69003,0.07856,41.402,0.157,-1,400.000,-1,400.000,-1,325.000,325.000,325.000,325.000,-1,-1,-1,-1,800.000,900.000,-1,-1,2,0,2,0,2,0,0,0,0,2,2,2,2,0,0,2,2
110,6848.372,7517.728,482.935,-110.978,-0.358090,0.933642,0.009128,-0.931852,-0.357982,0.059171,0.058512,0.012682,0.998206,0,0.68880,0.07732,41.328,0.155,-1,400.000,-1,400.000,-1,325.000,325.000,325.000,325.000,725.000,-1,-1,-1,800.000,900.000,-1,-1,2,0,2,0,2,0,0,0,0,1,2,2,2,0,0,2,2
111,6833.703,7479.163,485.455,-110.826,-0.355653,0.934583,0.008127,-0.932852,-0.355502,0.058359,0.057430,0.013174,0.998263,0,0.68769,0.07599,41.262,0.152,-1,400.000,-1,400.000,-1,325.000,325.000,350.000,300.000,700.000,-1,-1,-1,800.000,925.000,-1,-1,2,0,2,0,2,0,0,0,0,1,2,2,2,0,0,2,2
112,6819.154,7440.614,487.991,-110.677,-0.353261,0.935498,0.007080,-0.933825,-0.353065,0.057581,0.056367,0.013730,0.998316,0,0.68672,0.07457,41.203,0.149,-1,400.000,-1,400.000,-1,325.000,325.000,350.000,300.000,675.000,-1,-1,-1,800.000,925.000,-1,-1,2,0,2,0,2,0,0,0,0,1,2,2,2,0,0,2,2
113,6804.722,7402.075,490.545,-110.531,-0.350917,0.936387,0.005985,-0.934771,-0.350675,0.056838,0.055321,0.014351,0.998365,0,0.68587,0.07307,41.152,0.146,-1,400.000,-1,400.000,-1,325.000,325.000,350.000,300.000,675.000,-1,-1,-1,800.000,925.000,1000.000,-1,2,0,2,0,2,0,0,0,0,1,2,2,2,0,0,1,2
114,6790.400,7363.541,493.116,-110.388,-0.348624,0.937250,0.004843,-0.935689,-0.348333,0.056128,0.054293,0.015036,0.998412,0,0.68516,0.07150,41.110,0.143,-1,400.000,-1,400.000,-1,325.000,325.000,350.000,300.000,675.000,-1,-1,-1,800.000,925.000,950.000,-1,2,0,2,0,2,0,0,0,0,1,2,2,2,0,0,1,2
115,6776.185,7325.005,495.620,-110.248,-0.346365,0.938091,0.004072,-0.936570,-0.346045,0.055590,0.053557,0.015441,0.998445,0,0.68458,0.06984,41.075,0.140,-1,400.000,-1,400.000,-1,325.000,325.000,350.000,300.000,700.000,-1,-1,-1,800.000,950.000,925.000,-1,2,0,2,0,2,0,0,0,0,1,2,2,2,1,0,1,2
116,6762.071,7286.460,497.947,-110.112,-0.344122,0.938915,0.004203,-0.937402,-0.343815,0.055403,0.053464,0.015125,0.998455,0,0.68412,0.06811,41.047,0.136,1000.000,400.000,-1,400.000,-1,325.000,325.000,350.000,300.000,700.000,-1,-1,-1,775.000,975.000,875.000,-1,1,0,2,0,2,0,0,0,0,1,2,2,2,1,0,1,2
117,6748.052,7247.902,500.283,-109.979,-0.341937,0.939713,0.004307,-0.938208,-0.341642,0.055198,0.053341,0.014833,0.998466,0,0.68380,0.06632,41.028,0.133,950.000,400.000,-1,400.000,-1,325.000,325.000,350.000,300.000,700.000,-1,-1,-1,725.000,975.000,850.000,-1,1,0,2,0,2,0,0,0,0,1,2,2,2,1,0,1,2
118,6734.124,7209.323,502.491,-109.850,-0.339787,0.940490,0.004757,-0.939022,-0.339532,0.054367,0.052747,0.014007,0.998510,0,0.68360,0.06445,41.016,0.129,875.000,400.000,-1,400.000,-1,325.000,325.000,350.000,325.000,700.000,-1,-1,-1,700.000,950.000,800.000,-1,1,0,2,0,2,0,0,0,0,1,2,2,2,1,1,1,2
119,6720.516,7171.085,504.647,-109.589,-0.335447,0.942044,0.005278,-0.940623,-0.335240,0.053321,0.052000,0.012922,0.998564,0,0.67647,0.13078,40.588,0.262,825.000,400.000,-1,400.000,-1,325.000,325.000,350.000,325.000,725.000,-1,-1,-1,675.000,925.000,750.000,-1,1,0,2,0,2,0,0,0,0,1,2,2,2,1,1,1,2
120,6707.103,7132.844,506.645,-109.328,-0.331146,0.943564,0.005360,-0.942161,-0.330954,0.052937,0.051723,0.012479,0.998583,0,0.67542,0.13028,40.525,0.261,775.000,400.000,-1,400.000,-1,325.000,325.000,350.000,325.000,725.000,-1,-1,-1,650.000,875.000,725.000,-1,1,0,2,0,2,0,0,0,0,1,2,2,2,1,1,1,2
121,6693.883,7094.599,508.533,-109.069,-0.326879,0.945053,0.005021,-0.943664,-0.326679,0.052725,0.051469,0.012497,0.998596,0,0.67441,0.12970,40.465,0.259,725.000,400.000,-1,400.000,-1,325.000,325.000,350.000,325.000,750.000,-1,-1,-1,625.000,850.000,675.000,-1,1,0,2,0,2,0,0,0,0,1,2,2,2,1,1,1,2
122,6680.854,7056.350,510.381,-108.811,-0.322638,0.946512,0.004422,-0.945146,-0.322418,0.052394,0.051017,0.012725,0.998617,0,0.67346,0.12904,40.407,0.258,700.000,400.000,1000.000,400.000,-1,325.000,325.000,350.000,325.000,750.000,-1,-1,-1,600.000,800.000,650.000,-1,1,0,1,0,2,0,0,0,0,1,2,2,2,1,1,1,2
123,6666.894,7014.931,512.389,-108.626,-0.319603,0.947544,0.003773,-0.946207,-0.319359,0.051985,0.050463,0.013044,0.998641,0,0.72848,0.09249,43.709,0.185,625.000,400.000,950.000,400.000,-1,325.000,325.000,350.000,325.000,775.000,-1,-1,-1,575.000,775.000,600.000,-1,1,0,1,0,2,0,0,0,0,1,2,2,2,1,1,1,2
124,6653.028,6973.337,514.417,-108.437,-0.316503,0.948587,0.003082,-0.947281,-0.316234,0.051529,0.049854,0.013390,0.998667,0,0.73074,0.09437,43.844,0.189,575.000,400.000,900.000,400.000,-1,325.000,325.000,350.000,325.000,800.000,-1,-1,-1,550.000,725.000,550.000,-1,1,0,1,0,2,0,0,0,0,1,2,2,2,1,1,1,2
125,6639.260,6931.571,516.465,-108.244,-0.313335,0.949640,0.002349,-0.948368,-0.313041,0.051026,0.049192,0.013761,0.998695,0,0.73295,0.09633,43.977,0.193,525.000,400.000,850.000,400.000,-1,325.000,325.000,350.000,325.000,825.000,-1,-1,-1,500.000,700.000,525.000,-1,1,1,1,0,2,0,0,0,0,1,2,2,2,1,1,1,2
126,6625.596,6889.635,518.532,-108.048,-0.310096,0.950704,0.001575,-0.949469,-0.309776,0.050476,0.048476,0.014157,0.998724,0,0.73510,0.09839,44.106,0.197,475.000,375.000,800.000,400.000,-1,325.000,325.000,350.000,325.000,850.000,-1,-1,-1,475.000,650.000,475.000,950.000,1,1,1,0,2,0,0,0,0,1,2,2,2,1,1,1,1
127,6612.041,6847.532,520.619,-107.846,-0.306781,0.951780,0.000763,-0.950584,-0.306435,0.049879,0.047707,0.014577,0.998755,0,0.73718,0.10056,44.231,0.201,425.000,350.000,750.000,400.000,-1,325.000,325.000,350.000,350.000,875.000,-1,-1,-1,450.000,600.000,425.000,875.000,1,1,1,0,2,0,0,0,0,1,2,2,2,1,1,1,1
128,6598.600,6805.266,522.725,-107.641,-0.303387,0.952868,-0.000088,-0.951713,-0.303015,0.049234,0.046887,0.015021,0.998787,0,0.73919,0.10284,44.351,0.206,400.000,325.000,700.000,400.000,-1,300.000,325.000,350.000,350.000,875.000,-1,-1,-1,425.000,575.000,400.000,825.000,1,1,1,1,2,1,0,0,0,1,2,2,2,1,1,1,1
129,6585.281,6762.842,524.850,-107.430,-0.299908,0.953968,-0.000976,-0.952858,-0.299510,0.048541,0.046014,0.015488,0.998821,0,0.74110,0.10525,44.466,0.211,350.000,300.000,650.000,375.000,-1,300.000,300.000,350.000,350.000,900.000,-1,-1,-1,400.000,525.000,350.000,750.000,1,1,1,1,2,1,1,0,0,1,2,2,2,1,1,1,1
130,6572.089,6720.264,526.993,-107.215,-0.296341,0.955080,-0.001900,-0.954017,-0.295916,0.047799,0.045090,0.015978,0.998855,0,0.74292,0.10779,44.575,0.216,300.000,275.000,600.000,350.000,-1,275.000,300.000,350.000,350.000,925.000,-1,-1,-1,350.000,500.000,300.000,675.000,1,1,1,1,2,1,1,0,0,1,2,2,2,1,1,1,1
131,6559.031,6677.537,529.118,-106.994,-0.292684,0.956204,-0.003021,-0.955196,-0.292227,0.046945,0.044006,0.016626,0.998893,0,0.74463,0.11048,44.678,0.221,275.000,250.000,550.000,325.000,875.000,250.000,275.000,350.000,350.000,950.000,-1,-1,-1,325.000,450.000,275.000,625.000,1,1,1,1,1,1,1,0,0,1,2,2,2,1,1,1,1
132,6545.829,6633.961,531.030,-106.855,-0.290438,0.956879,-0.005258,-0.955967,-0.289910,0.045604,0.042113,0.018271,0.998946,0,0.75887,0.06914,45.532,0.138,225.000,225.000,500.000,300.000,775.000,225.000,250.000,350.000,350.000,975.000,-1,-1,-1,300.000,425.000,225.000,550.000,1,1,1,1,1,1,1,0,0,1,2,2,2,1,1,1,1
133,6532.681,6590.161,535.807,-106.718,-0.288809,0.957254,-0.015939,-0.956085,-0.287509,0.056917,0.049902,0.031677,0.998252,0,0.76216,0.06899,45.730,0.138,200.000,225.000,475.000,275.000,700.000,200.000,225.000,375.000,350.000,1000.000,-1,-1,-1,275.000,400.000,200.000,500.000,1,1,1,1,1,1,1,0,0,1,2,2,2,1,1,1,1
134,6519.587,6546.138,541.720,-106.580,-0.287769,0.957236,-0.029810,-0.955675,-0.284998,0.073903,0.062247,0.049756,0.996820,0,0.76546,0.06881,45.928,0.138,200.000,225.000,500.000,275.000,650.000,200.000,225.000,450.000,325.000,-1,-1,525.000,-1,275.000,375.000,200.000,475.000,1,1,1,1,1,1,1,0,0,2,2,0,2,1,1,1,1
135,6506.547,6501.890,547.599,-106.443,-0.287127,0.956891,-0.043785,-0.954990,-0.282402,0.090790,0.074512,0.067882,0.994907,0,0.76878,0.06862,46.127,0.137,200.000,225.000,500.000,250.000,575.000,200.000,225.000,525.000,325.000,-1,475.000,250.000,-1,275.000,375.000,200.000,450.000,1,1,1,1,1,1,1,0,0,2,0,0,2,1,1,1,1
136,6492.468,6454.428,555.453,-106.545,-0.290836,0.955378,-0.051637,-0.952275,-0.283820,0.112334,0.092666,0.081843,0.992328,0,0.82505,-0.05138,49.503,-0.103,200.000,225.000,525.000,250.000,575.000,200.000,225.000,550.000,325.000,-1,325.000,125.000,925.000,300.000,375.000,200.000,425.000,1,1,1,1,1,1,1,1,0,2,0,0,1,1,1,1,1
