timestep,x_cm,y_cm,z_cm,yaw_deg,basis_xx,basis_xy,basis_xz,basis_yx,basis_yy,basis_yz,basis_zx,basis_zy,basis_zz,teleport_flag,throttle_cmd,steering_cmd,cmd_move_cm,cmd_turn_deg,lidar_cm_0,lidar_cm_1,lidar_cm_2,lidar_cm_3,lidar_cm_4,lidar_cm_5,lidar_cm_6,lidar_cm_7,lidar_cm_8,lidar_cm_9,lidar_cm_10,lidar_cm_11,lidar_cm_12,lidar_cm_13,lidar_cm_14,lidar_cm_15,lidar_cm_16,lidar_class_0,lidar_class_1,lidar_class_2,lidar_class_3,lidar_class_4,lidar_class_5,lidar_class_6,lidar_class_7,lidar_class_8,lidar_class_9,lidar_class_10,lidar_class_11,lidar_class_12,lidar_class_13,lidar_class_14,lidar_class_15,lidar_class_16
0,7540.125,-6235.030,198.434,-130.138,-0.644051,0.764455,0.028411,-0.762905,-0.644594,0.049747,0.056343,0.010365,0.998358,1,0.08000,-0.12000,4.800,-0.240,-1,450.000,-1,450.000,-1,350.000,350.000,325.000,300.000,-1,-1,-1,-1,-1,-1,-1,-1,2,0,2,0,2,0,0,0,0,2,2,2,2,2,2,2,2
1,7533.886,-6242.326,198.967,-130.533,-0.649345,0.759990,0.027698,-0.758488,-0.649846,0.048958,0.055207,0.010782,0.998417,0,0.16000,-0.19749,9.600,-0.395,-1,450.000,-1,450.000,-1,350.000,350.000,325.000,300.000,-1,-1,-1,-1,-1,-1,-1,-1,2,0,2,0,2,0,0,0,0,2,2,2,2,2,2,2,2
2,7524.454,-6253.207,199.762,-130.923,-0.654552,0.755548,0.026617,-0.754119,-0.654997,0.047786,0.053538,0.011206,0.998503,0,0.24000,-0.19487,14.400,-0.390,-1,450.000,-1,450.000,-1,350.000,350.000,325.000,300.000,-1,-1,-1,-1,-1,-1,-1,-1,2,0,2,0,2,0,0,0,0,2,2,2,2,2,2,2,2
3,7511.781,-6267.630,200.795,-131.305,-0.659645,0.751157,0.025144,-0.749819,-0.660020,0.046315,0.051385,0.011698,0.998610,0,0.32000,-0.19116,19.200,-0.382,-1,425.000,-1,450.000,-1,350.000,350.000,325.000,300.000,-1,-1,-1,-1,-1,-1,-1,-1,2,0,2,0,2,0,0,0,0,2,2,2,2,2,2,2,2
4,7495.823,-6285.555,202.034,-131.678,-0.664595,0.746842,0.023255,-0.745608,-0.664887,0.044658,0.048815,0.012340,0.998732,0,0.40000,-0.18634,24.000,-0.373,-1,425.000,-1,425.000,-1,350.000,350.000,325.000,275.000,-1,-1,-1,-1,-1,-1,-1,-1,2,0,2,0,2,0,0,0,0,2,2,2,2,2,2,2,2
5,7476.538,-6306.944,203.289,-132.038,-0.669328,0.742642,0.021966,-0.741517,-0.669576,0.042674,0.046400,0.012275,0.998848,0,0.48000,-0.18035,28.800,-0.361,-1,425.000,-1,425.000,-1,350.000,350.000,325.000,275.000,-1,-1,-1,-1,-1,-1,-1,-1,2,0,2,0,2,0,0,0,0,2,2,2,2,2,2,2,2
6,7453.888,-6331.762,204.653,-132.385,-0.673842,0.738585,0.020708,-0.737576,-0.674055,0.040408,0.043803,0.011955,0.998969,0,0.56000,-0.17313,33.600,-0.346,-1,425.000,-1,425.000,-1,350.000,350.000,300.000,275.000,-1,-1,-1,-1,1000.000,-1,-1,-1,2,0,2,0,2,0,0,0,0,2,2,2,2,0,2,2,2
7,7427.840,-6359.976,206.159,-132.714,-0.678119,0.734702,0.019175,-0.733816,-0.678290,0.037904,0.040854,0.011632,0.999097,0,0.64000,-0.16462,38.400,-0.329,-1,425.000,-1,425.000,-1,350.000,350.000,300.000,300.000,-1,-1,-1,-1,1000.000,1000.000,-1,-1,2,0,2,0,2,0,0,0,0,2,2,2,2,0,0,2,2
8,7398.365,-6391.559,207.786,-133.023,-0.682125,0.731030,0.017346,-0.730270,-0.682251,0.035195,0.037563,0.011340,0.999230,0,0.72000,-0.15476,43.200,-0.310,-1,425.000,-1,425.000,-1,350.000,350.000,300.000,300.000,-1,-1,-1,-1,975.000,1000.000,-1,-1,2,0,2,0,2,0,0,0,0,2,2,2,2,0,0,2,2
9,7365.439,-6426.486,209.508,-133.310,-0.685827,0.727606,0.015198,-0.726973,-0.685905,0.032319,0.033940,0.011117,0.999362,0,0.80000,-0.14346,48.000,-0.287,-1,425.000,-1,425.000,-1,350.000,350.000,300.000,300.000,-1,-1,-1,-1,950.000,975.000,-1,-1,2,0,2,0,2,0,0,0,0,2,2,2,2,0,1,2,2
10,7329.047,-6464.740,211.299,-133.571,-0.689188,0.724471,0.012708,-0.723961,-0.689217,0.029319,0.030000,0.011006,0.999489,0,0.88000,-0.13064,52.800,-0.261,-1,425.000,-1,425.000,-1,350.000,350.000,300.000,300.000,-1,-1,-1,-1,950.000,950.000,-1,-1,2,0,2,0,2,0,0,0,0,2,2,2,2,0,1,2,2
11,7289.629,-6505.838,212.920,-133.804,-0.692160,0.721675,0.010017,-0.721304,-0.692156,0.025295,0.025188,0.010283,0.999630,0,0.94911,-0.11623,56.947,-0.232,-1,425.000,-1,425.000,-1,350.000,350.000,300.000,300.000,-1,-1,-1,-1,925.000,925.000,-1,-1,2,0,2,0,2,0,0,0,0,2,2,2,2,0,1,2,2
12,7249.927,-6546.944,214.351,-134.005,-0.694721,0.719247,0.006748,-0.718995,-0.694680,0.021605,0.020227,0.010158,0.999744,0,0.95246,-0.10032,57.148,-0.201,-1,425.000,-1,425.000,-1,325.000,350.000,300.000,300.000,-1,-1,-1,-1,900.000,875.000,-1,-1,2,0,2,0,2,0,0,0,0,2,2,2,2,0,1,2,2
13,7210.003,-6588.038,215.681,-134.172,-0.696852,0.717207,0.003313,-0.717050,-0.696783,0.018245,0.015394,0.010338,0.999828,0,0.95492,-0.08395,57.295,-0.168,-1,425.000,-1,425.000,-1,325.000,325.000,300.000,300.000,-1,-1,-1,-1,875.000,850.000,-1,-1,2,0,2,0,2,0,0,0,0,2,2,2,2,0,1,2,2
14,7169.917,-6629.106,216.908,-134.307,-0.698544,0.715567,-0.000269,-0.715487,-0.698460,0.015217,0.010701,0.010822,0.999884,0,0.95647,-0.06719,57.388,-0.134,-1,400.000,-1,425.000,-1,325.000,325.000,300.000,300.000,-1,-1,-1,-1,850.000,800.000,-1,-1,2,0,2,0,2,0,0,0,0,2,2,2,2,0,1,2,2
15,7129.734,-6670.129,217.797,-134.407,-0.699795,0.714332,-0.004123,-0.714311,-0.699696,0.013613,0.006839,0.012471,0.999899,0,0.95708,-0.05008,57.425,-0.100,-1,400.000,-1,400.000,-1,325.000,325.000,300.000,300.000,-1,-1,-1,-1,850.000,775.000,-1,950.000,2,0,2,0,2,0,0,0,0,2,2,2,2,0,1,2,1
16,7089.518,-6711.093,218.206,-134.472,-0.700598,0.713530,-0.006046,-0.713543,-0.700509,0.012020,0.004341,0.012735,0.999909,0,0.95675,-0.03270,57.405,-0.065,-1,400.000,-1,400.000,-1,325.000,325.000,300.000,300.000,-1,-1,-1,-1,850.000,725.000,-1,900.000,2,0,2,0,2,0,0,0,0,2,2,2,2,0,1,2,1
17,7049.334,-6751.981,218.497,-134.503,-0.700960,0.713158,-0.007800,-0.713198,-0.700883,0.010541,0.002051,0.012952,0.999914,0,0.95549,-0.01513,57.329,-0.030,-1,400.000,-1,400.000,1000.000,325.000,325.000,300.000,300.000,-1,-1,-1,-1,825.000,700.000,-1,825.000,2,0,2,0,1,0,0,0,0,2,2,2,2,0,1,2,1
18,7012.651,-6789.580,218.688,-134.293,-0.698327,0.715717,-0.009401,-0.715779,-0.698266,0.009272,0.000071,0.013204,0.999913,0,0.87549,0.10487,52.529,0.210,-1,400.000,-1,400.000,900.000,325.000,325.000,300.000,300.000,-1,-1,-1,-1,825.000,675.000,-1,775.000,2,0,2,0,1,0,0,0,0,2,2,2,2,0,1,2,1
19,6977.012,-6826.688,218.807,-133.843,-0.692668,0.721173,-0.010965,-0.721254,-0.692623,0.008093,-0.001758,0.013514,0.999907,0,0.85750,0.22487,51.450,0.450,-1,400.000,-1,400.000,800.000,325.000,325.000,300.000,300.000,-1,-1,-1,-1,825.000,625.000,-1,700.000,2,0,2,0,1,0,0,0,0,2,2,2,2,0,1,2,1
20,6941.793,-6864.040,218.872,-133.317,-0.685995,0.727499,-0.012493,-0.727598,-0.685968,0.006994,-0.003481,0.013888,0.999898,0,0.85563,0.26307,51.338,0.526,-1,400.000,-1,400.000,700.000,325.000,325.000,300.000,300.000,-1,-1,-1,-1,825.000,600.000,-1,650.000,2,0,2,0,1,0,0,0,0,2,2,2,2,0,1,2,1
21,6907.026,-6901.634,218.883,-132.763,-0.678903,0.734095,-0.013944,-0.734210,-0.678897,0.005937,-0.005108,0.014268,0.999885,0,0.85344,0.27707,51.206,0.554,-1,400.000,-1,400.000,625.000,325.000,325.000,300.000,300.000,-1,-1,-1,-1,825.000,575.000,-1,600.000,2,0,2,0,1,0,0,0,0,2,2,2,2,0,1,2,1
22,6872.749,-6939.461,218.768,-132.181,-0.671385,0.740951,-0.015256,-0.741077,-0.671405,0.004538,-0.006880,0.014353,0.999873,0,0.85078,0.29096,51.047,0.582,-1,400.000,1000.000,400.000,575.000,325.000,325.000,300.000,300.000,-1,-1,-1,-1,800.000,550.000,-1,550.000,2,0,1,0,1,0,0,0,0,2,2,2,2,0,1,2,1
23,6838.998,-6977.511,218.422,-131.573,-0.663475,0.748031,-0.015792,-0.748156,-0.663514,0.003374,-0.007955,0.014054,0.999870,0,0.84769,0.30374,50.862,0.607,-1,400.000,975.000,400.000,500.000,325.000,325.000,300.000,300.000,-1,-1,-1,-1,800.000,525.000,-1,500.000,2,0,1,0,1,0,0,0,0,2,2,2,2,0,1,2,1
24,6803.072,-7018.540,217.946,-131.206,-0.658649,0.752274,-0.016310,-0.752398,-0.658705,0.002422,-0.008922,0.013867,0.999864,0,0.90893,0.18374,54.536,0.367,-1,400.000,925.000,400.000,450.000,325.000,325.000,300.000,300.000,-1,-1,-1,-1,800.000,475.000,-1,450.000,2,0,1,1,1,0,0,0,0,2,2,2,2,0,1,2,1
25,6767.276,-7059.815,217.429,-130.933,-0.655044,0.755403,-0.016862,-0.755526,-0.655116,0.001562,-0.009867,0.013763,0.999857,0,0.91057,0.13640,54.634,0.273,-1,400.000,875.000,375.000,400.000,325.000,325.000,300.000,300.000,-1,-1,-1,-1,800.000,450.000,-1,400.000,2,0,1,1,1,0,0,0,0,2,2,2,2,0,1,2,1
26,6731.645,-7101.293,216.876,-130.664,-0.651471,0.758473,-0.017455,-0.758597,-0.651560,0.000795,-0.010770,0.013759,0.999847,0,0.91136,0.13462,54.681,0.269,-1,400.000,825.000,350.000,350.000,325.000,325.000,300.000,300.000,-1,-1,-1,-1,800.000,400.000,-1,350.000,2,0,1,1,1,0,0,0,0,2,2,2,2,0,1,2,1
27,6696.203,-7142.937,216.278,-130.400,-0.647955,0.761464,-0.018083,-0.761589,-0.648060,0.000081,-0.011658,0.013824,0.999836,0,0.91140,0.13190,54.684,0.264,-1,400.000,775.000,325.000,300.000,325.000,325.000,300.000,300.000,-1,-1,-1,-1,800.000,375.000,-1,300.000,2,0,1,1,1,0,0,0,0,2,2,2,2,0,1,2,1
28,6660.975,-7184.706,215.638,-130.144,-0.644523,0.764355,-0.018748,-0.764482,-0.644645,-0.000570,-0.012521,0.013965,0.999824,0,0.91068,0.12819,54.641,0.256,-1,400.000,725.000,300.000,250.000,325.000,300.000,300.000,300.000,-1,-1,-1,-1,775.000,350.000,-1,250.000,2,0,1,1,1,0,1,1,0,2,2,2,2,0,1,2,1
29,6625.986,-7226.557,215.154,-129.897,-0.641223,0.767130,-0.018553,-0.767248,-0.641349,-0.001140,-0.012774,0.013504,0.999827,0,0.90917,0.12345,54.550,0.247,-1,400.000,675.000,275.000,200.000,325.000,275.000,300.000,300.000,-1,-1,-1,-1,775.000,325.000,-1,200.000,2,0,1,1,1,0,1,1,1,2,2,2,2,1,1,2,1
30,6591.258,-7268.444,218.463,-129.662,-0.638253,0.769827,-0.000137,-0.769825,-0.638252,-0.001942,-0.001582,-0.001134,0.999998,0,0.90686,0.11763,54.411,0.235,-1,425.000,675.000,250.000,175.000,350.000,275.000,275.000,325.000,-1,-1,-1,-1,750.000,300.000,-1,200.000,2,0,1,1,1,0,1,1,1,2,2,2,2,1,1,2,1
31,6556.813,-7310.321,222.430,-129.440,-0.635065,0.772159,0.021545,-0.772370,-0.635167,-0.002551,0.011715,-0.018261,0.999765,0,0.90371,0.11067,54.223,0.221,-1,450.000,675.000,250.000,175.000,350.000,275.000,275.000,350.000,-1,-1,-1,-1,750.000,300.000,-1,175.000,2,0,1,1,1,1,1,1,1,2,2,2,2,1,1,2,1
32,6522.672,-7352.137,227.055,-129.235,-0.631480,0.773999,0.046449,-0.774921,-0.632051,-0.003026,0.027016,-0.037905,0.998916,0,0.89971,0.10252,53.982,0.205,-1,500.000,700.000,250.000,150.000,350.000,250.000,275.000,375.000,-1,175.000,400.000,-1,775.000,300.000,-1,150.000,2,1,1,1,1,1,1,1,1,2,0,0,2,1,1,2,1
33,6488.855,-7393.839,232.327,-129.049,-0.627298,0.775206,0.074517,-0.777523,-0.628846,-0.003398,0.044225,-0.060070,0.997214,0,0.89481,0.09317,53.689,0.186,-1,475.000,-1,250.000,150.000,350.000,250.000,250.000,400.000,700.000,100.000,275.000,-1,850.000,300.000,-1,150.000,2,1,2,1,1,1,1,0,1,0,0,0,2,1,1,2,1
34,6455.382,-7435.372,238.165,-128.884,-0.622258,0.775604,0.105989,-0.780239,-0.625471,-0.003699,0.063424,-0.084999,0.994360,0,0.88900,0.08256,53.340,0.165,-1,475.000,-1,250.000,125.000,350.000,275.000,250.000,425.000,450.000,50.000,225.000,-1,-1,325.000,-1,150.000,2,1,2,1,1,1,1,0,1,0,0,0,2,2,1,2,1
35,6422.267,-7476.672,242.741,-128.742,-0.617290,0.775604,0.131879,-0.782754,-0.622319,-0.003894,0.079050,-0.105632,0.991258,0,0.88223,0.07068,52.934,0.141,-1,475.000,-1,250.000,125.000,325.000,250.000,225.000,425.000,350.000,25.000,200.000,-1,-1,325.000,-1,150.000,2,1,2,1,1,1,1,0,1,0,0,0,2,2,1,2,1
36,6389.527,-7517.675,246.793,-128.627,-0.612384,0.775150,0.155331,-0.785064,-0.619401,-0.004071,0.093057,-0.124437,0.987854,0,0.87446,0.05752,52.468,0.115,-1,475.000,-1,250.000,125.000,325.000,250.000,225.000,400.000,275.000,25.000,200.000,-1,-1,325.000,-1,125.000,2,1,2,1,1,1,1,0,1,0,0,0,2,2,1,2,1
37,6357.179,-7558.316,250.721,-128.541,-0.607414,0.774131,0.178242,-0.787202,-0.616681,-0.004295,0.106594,-0.142921,0.983977,0,0.86566,0.04309,51.939,0.086,-1,475.000,-1,250.000,100.000,325.000,250.000,225.000,375.000,225.000,0.000,175.000,-1,-1,350.000,-1,125.000,2,1,2,1,1,1,1,0,1,0,0,0,2,2,1,2,1
38,6325.242,-7598.527,254.525,-128.486,-0.602452,0.772534,0.200606,-0.789136,-0.614201,-0.004616,0.119646,-0.161087,0.979661,0,0.85578,0.02742,51.347,0.055,-1,475.000,-1,250.000,100.000,325.000,250.000,225.000,350.000,175.000,0.000,175.000,-1,-1,350.000,-1,125.000,2,1,2,1,1,1,1,0,1,0,0,0,2,2,1,2,1
39,2951.697,327.961,119.196,-58.829,0.517726,0.855413,-0.015088,-0.853015,0.517470,0.067758,0.065768,-0.022210,0.997588,1,0.00000,0.00000,50.690,0.021,550.000,350.000,-1,425.000,-1,300.000,325.000,250.000,250.000,-1,-1,-1,-1,625.000,850.000,700.000,-1,0,0,2,0,2,0,0,0,0,2,2,2,2,0,0,0,2
40,2954.199,323.865,119.502,-58.589,0.521293,0.853241,-0.015261,-0.850878,0.521050,0.067186,0.065278,-0.022038,0.997624,0,0.08000,0.12000,4.800,0.240,525.000,350.000,-1,425.000,-1,300.000,325.000,250.000,250.000,-1,-1,-1,-1,625.000,850.000,675.000,-1,0,0,2,0,2,0,0,0,0,2,2,2,2,0,0,0,2
41,2959.271,315.714,120.108,-58.109,0.528398,0.848853,-0.015620,-0.846559,0.528184,0.066024,0.064295,-0.021664,0.997696,0,0.16000,0.24000,9.600,0.480,525.000,350.000,-1,400.000,-1,300.000,325.000,250.000,250.000,-1,-1,-1,-1,625.000,850.000,675.000,-1,0,0,2,0,2,0,0,0,0,2,2,2,2,0,0,0,2
42,2967.031,303.584,121.001,-57.389,0.538984,0.842161,-0.016184,-0.839970,0.538817,0.064237,0.062818,-0.021029,0.997803,0,0.24000,0.36000,14.400,0.720,525.000,350.000,-1,400.000,-1,300.000,325.000,250.000,250.000,-1,-1,-1,-1,600.000,825.000,650.000,-1,0,0,2,0,2,0,0,0,0,2,2,2,2,0,0,0,2
43,2977.648,287.587,122.218,-56.429,0.552973,0.833028,-0.016895,-0.830962,0.552860,0.062033,0.061015,-0.020263,0.997931,0,0.32000,0.48000,19.200,0.960,500.000,350.000,-1,400.000,-1,300.000,325.000,250.000,250.000,-1,-1,-1,-1,600.000,800.000,600.000,-1,0,0,2,0,2,0,0,0,0,2,2,2,2,0,0,0,2
44,2991.336,267.873,124.452,-55.229,0.570338,0.821238,-0.016814,-0.819141,0.570164,0.062614,0.061008,-0.021938,0.997896,0,0.40000,0.60000,24.000,1.200,475.000,350.000,-1,400.000,-1,300.000,325.000,250.000,250.000,-1,-1,-1,950.000,575.000,800.000,575.000,-1,0,0,2,0,2,0,0,0,0,2,2,2,0,0,0,0,2
45,3008.349,244.635,127.085,-53.791,0.590794,0.806644,-0.016985,-0.804507,0.590561,0.063297,0.061089,-0.023731,0.997850,0,0.48000,0.71872,28.800,1.437,450.000,350.000,-1,400.000,-1,300.000,325.000,250.000,250.000,-1,-1,-1,850.000,575.000,800.000,550.000,-1,0,0,2,0,2,0,0,0,0,2,2,2,0,0,0,0,2
46,3028.868,218.028,129.992,-52.362,0.610727,0.791637,-0.017981,-0.789449,0.610489,0.063815,0.061495,-0.024778,0.997800,0,0.56000,0.71490,33.600,1.430,450.000,350.000,-1,400.000,-1,300.000,325.000,250.000,275.000,-1,-1,-1,775.000,550.000,825.000,525.000,-1,0,0,2,0,2,0,0,0,0,2,2,2,0,0,0,0,2
47,3053.065,188.211,132.880,-50.941,0.630048,0.776268,-0.021129,-0.773991,0.629944,0.064089,0.063061,-0.024026,0.997720,0,0.64000,0.71049,38.400,1.421,425.000,350.000,-1,400.000,-1,300.000,325.000,275.000,275.000,-1,-1,-1,700.000,550.000,825.000,525.000,-1,0,0,2,0,2,0,0,0,0,2,2,2,0,0,0,0,2
48,3080.268,156.326,135.962,-49.530,0.648812,0.760544,-0.024827,-0.758182,0.648888,0.064061,0.064831,-0.022740,0.997637,0,0.69853,0.70551,41.912,1.411,425.000,350.000,-1,400.000,-1,300.000,325.000,275.000,275.000,-1,-1,-1,675.000,525.000,825.000,500.000,-1,0,0,2,0,2,0,0,0,0,2,2,2,0,0,0,0,2
49,3108.386,124.956,138.990,-48.129,0.667019,0.744485,-0.028767,-0.742049,0.667302,0.063805,0.066698,-0.021212,0.997548,0,0.70211,0.70013,42.127,1.400,400.000,350.000,-1,400.000,-1,300.000,325.000,275.000,275.000,-1,-1,-1,675.000,525.000,825.000,475.000,-1,0,0,2,0,2,0,0,0,0,2,2,2,0,0,0,0,2
50,3137.400,94.124,141.962,-46.740,0.684668,0.728110,-0.032940,-0.725613,0.685184,0.063310,0.068666,-0.019445,0.997450,0,0.70561,0.69477,42.337,1.390,400.000,350.000,-1,400.000,-1,300.000,325.000,275.000,300.000,-1,-1,-1,650.000,525.000,825.000,475.000,-1,0,0,2,0,2,0,0,0,0,2,2,2,0,0,0,0,2
51,3167.252,63.896,144.818,-45.358,0.701791,0.711403,-0.037359,-0.708878,0.702573,0.062318,0.070581,-0.017251,0.997357,0,0.70806,0.69096,42.484,1.382,400.000,325.000,-1,400.000,-1,300.000,325.000,275.000,300.000,-1,-1,450.000,650.000,500.000,800.000,450.000,-1,0,0,2,0,2,0,0,0,0,2,2,0,0,0,0,0,2
52,3197.825,34.397,147.852,-43.976,0.718365,0.694294,-0.043674,-0.691779,0.719569,0.060522,0.073447,-0.013264,0.997211,0,0.70806,0.69096,42.484,1.382,400.000,325.000,-1,400.000,-1,300.000,325.000,275.000,300.000,-1,-1,325.000,625.000,500.000,775.000,450.000,-1,0,0,2,0,2,0,0,0,0,2,2,0,0,0,0,0,2
53,3229.101,5.644,151.393,-42.594,0.734266,0.676783,-0.053095,-0.674329,0.736152,0.057974,0.078321,-0.006765,0.996905,0,0.70806,0.69096,42.484,1.382,400.000,325.000,-1,425.000,-1,300.000,325.000,300.000,325.000,-1,650.000,275.000,575.000,500.000,750.000,475.000,-1,0,0,2,0,2,0,0,0,0,2,0,0,0,0,0,0,2
54,3261.062,-22.346,154.883,-41.212,0.749660,0.658847,-0.062691,-0.656551,0.752277,0.054965,0.083375,-0.000045,0.996518,0,0.70806,0.69096,42.484,1.382,450.000,325.000,-1,425.000,-1,300.000,325.000,300.000,325.000,-1,475.000,250.000,550.000,500.000,750.000,475.000,-1,0,0,2,0,2,0,0,0,0,2,0,0,0,0,0,0,2
55,3293.690,-49.556,158.319,-39.830,0.764536,0.640498,-0.072440,-0.638463,0.767929,0.051482,0.088603,0.006890,0.996043,0,0.70806,0.69096,42.484,1.382,475.000,325.000,-1,400.000,-1,300.000,325.000,300.000,300.000,-1,425.000,250.000,500.000,525.000,725.000,525.000,-1,0,0,2,0,2,0,0,0,0,2,0,0,0,0,0,0,2
56,3323.106,-73.110,161.321,-38.688,0.776371,0.625026,-0.081185,-0.623322,0.780490,0.048006,0.093369,0.013334,0.995542,0,0.62806,0.57096,37.684,1.142,500.000,325.000,-1,400.000,-1,300.000,325.000,300.000,300.000,-1,400.000,250.000,475.000,525.000,725.000,550.000,-1,0,0,2,0,2,0,0,0,0,2,0,0,0,0,0,0,2
57,3349.097,-93.257,163.871,-37.786,0.785375,0.612606,-0.088884,-0.611257,0.790158,0.044884,0.097729,0.019080,0.995030,0,0.54806,0.45096,32.884,0.902,550.000,325.000,-1,400.000,-1,300.000,300.000,300.000,300.000,-1,375.000,225.000,475.000,525.000,725.000,575.000,-1,0,0,2,0,2,0,0,0,0,2,0,0,0,0,0,0,2
58,3371.490,-110.205,166.641,-37.124,0.792036,0.603403,-0.092649,-0.602268,0.797139,0.042929,0.099758,0.021798,0.994773,0,0.46806,0.33096,28.084,0.662,550.000,325.000,-1,400.000,-1,300.000,300.000,300.000,300.000,-1,375.000,250.000,475.000,525.000,700.000,575.000,-1,0,0,2,0,2,0,0,0,0,2,0,0,0,0,0,0,2
59,3390.168,-124.108,169.110,-36.664,0.796627,0.596961,-0.094996,-0.595982,0.801925,0.041498,0.100952,0.023558,0.994612,0,0.38806,0.22998,23.284,0.460,550.000,325.000,-1,375.000,-1,275.000,300.000,300.000,300.000,-1,400.000,275.000,475.000,525.000,700.000,600.000,-1,0,0,2,0,2,0,0,0,0,2,0,0,0,0,0,0,2
60,3405.083,-135.025,171.066,-36.204,0.801217,0.590486,-0.096836,-0.589632,0.806666,0.040290,0.101905,0.024816,0.994485,0,0.30806,0.22998,18.484,0.460,575.000,325.000,-1,375.000,-1,275.000,300.000,300.000,275.000,-1,400.000,275.000,475.000,525.000,700.000,600.000,-1,0,0,2,0,2,0,0,0,0,2,0,0,0,0,0,0,2
61,3416.189,-143.018,172.513,-35.744,0.805811,0.583980,-0.098164,-0.583216,0.811365,0.039320,0.102608,0.025566,0.994393,0,0.22806,0.22998,13.684,0.460,575.000,325.000,-1,375.000,-1,275.000,300.000,300.000,275.000,-1,400.000,275.000,475.000,525.000,700.000,600.000,-1,0,0,2,0,2,0,0,0,0,2,0,0,0,0,0,0,2
62,3423.441,-148.149,173.451,-35.284,0.810409,0.577444,-0.098973,-0.576730,0.816022,0.038598,0.103052,0.025801,0.994341,0,0.14806,0.22998,8.884,0.460,575.000,325.000,-1,375.000,-1,275.000,300.000,300.000,275.000,-1,400.000,275.000,475.000,525.000,700.000,600.000,-1,0,0,2,0,2,0,0,0,0,2,0,0,0,0,0,0,2
63,3426.793,-150.481,173.881,-34.825,0.815012,0.570879,-0.099259,-0.570175,0.820637,0.038138,0.103228,0.025512,0.994330,0,0.06806,0.22998,4.084,0.460,575.000,325.000,-1,375.000,-1,275.000,300.000,300.000,275.000,-1,400.000,275.000,475.000,525.000,675.000,600.000,-1,0,0,2,0,2,0,0,0,0,2,0,0,0,0,0,0,2
64,3426.201,-150.077,173.801,-34.365,0.819620,0.564285,-0.099021,-0.563548,0.825211,0.037954,0.103130,0.024695,0.994361,0,-0.01194,0.22998,-0.716,0.460,575.000,325.000,-1,375.000,-1,275.000,300.000,300.000,275.000,-1,400.000,275.000,475.000,525.000,675.000,600.000,-1,0,0,2,0,2,0,0,0,0,2,0,0,0,0,0,0,2
65,3421.622,-147.000,173.212,-33.905,0.824234,0.557660,-0.098255,-0.556849,0.829741,0.038061,0.102752,0.023342,0.994433,0,-0.09194,0.22998,-5.516,0.460,575.000,325.000,-1,375.000,-1,275.000,300.000,300.000,275.000,-1,400.000,275.000,475.000,525.000,675.000,575.000,-1,0,0,2,0,2,0,0,0,0,2,0,0,0,0,0,0,2
66,3413.013,-141.315,172.111,-33.445,0.828850,0.551005,-0.096962,-0.550078,0.834226,0.038476,0.102089,0.021446,0.994544,0,-0.17194,0.22998,-10.316,0.460,550.000,325.000,-1,375.000,-1,275.000,300.000,325.000,300.000,-1,375.000,275.000,475.000,525.000,675.000,575.000,-1,0,0,2,0,2,0,0,0,0,2,0,0,0,0,0,0,2
67,3402.762,-134.663,170.806,-32.985,0.833433,0.544314,-0.095460,-0.543256,0.838659,0.039033,0.101305,0.019328,0.994668,0,-0.20367,0.22998,-12.220,0.460,550.000,325.000,-1,375.000,-1,275.000,300.000,325.000,300.000,-1,375.000,250.000,475.000,525.000,675.000,575.000,-1,0,0,2,0,2,0,0,0,0,2,0,0,0,0,0,0,2
68,3392.458,-128.094,169.497,-32.525,0.837959,0.537585,-0.093956,-0.536399,0.843034,0.039620,0.100507,0.017198,0.994788,0,-0.20367,0.22998,-12.220,0.460,550.000,325.000,-1,375.000,-1,275.000,300.000,325.000,300.000,-1,350.000,250.000,475.000,525.000,675.000,575.000,-1,0,0,2,0,2,0,0,0,0,2,0,0,0,0,0,0,2
69,3382.102,-121.607,168.185,-32.065,0.842428,0.530818,-0.092451,-0.529505,0.847352,0.040236,0.099697,0.015058,0.994904,0,-0.20367,0.22998,-12.220,0.460,550.000,325.000,-1,375.000,-1,275.000,300.000,325.000,300.000,-1,350.000,225.000,475.000,525.000,675.000,575.000,-1,0,0,2,0,2,0,0,0,0,2,0,0,0,0,0,0,2
70,3371.694,-115.204,166.871,-31.605,0.846840,0.524015,-0.090946,-0.522577,0.851611,0.040882,0.098873,0.012906,0.995016,0,-0.20367,0.22998,-12.220,0.460,550.000,325.000,-1,375.000,-1,275.000,300.000,325.000,300.000,-1,325.000,225.000,475.000,500.000,675.000,550.000,-1,0,0,2,0,2,0,0,0,0,2,0,0,0,0,0,0,2
71,3361.234,-108.884,165.554,-31.145,0.851194,0.517175,-0.089441,-0.515614,0.855812,0.041557,0.098037,0.010744,0.995125,0,-0.20367,0.22998,-12.220,0.460,550.000,325.000,-1,375.000,-1,275.000,300.000,325.000,300.000,-1,300.000,200.000,475.000,500.000,650.000,550.000,-1,0,0,2,0,2,0,0,0,0,2,0,0,0,0,0,0,2
72,3350.725,-102.648,164.280,-30.685,0.855510,0.510299,-0.087737,-0.508609,0.859956,0.042338,0.097055,0.008403,0.995244,0,-0.20367,0.22998,-12.220,0.460,525.000,325.000,-1,375.000,-1,275.000,300.000,325.000,300.000,-1,300.000,200.000,475.000,500.000,650.000,550.000,-1,0,0,2,0,2,0,0,0,0,2,0,0,0,0,0,0,2
73,3340.165,-96.498,163.346,-30.225,0.859912,0.503392,-0.084551,-0.501511,0.864045,0.043737,0.095073,0.004793,0.995459,0,-0.20367,0.22998,-12.220,0.460,525.000,325.000,-1,375.000,-1,275.000,300.000,325.000,300.000,-1,300.000,200.000,475.000,500.000,650.000,525.000,-1,0,0,2,0,2,0,0,0,0,2,0,0,0,0,0,0,2
74,3329.557,-90.432,162.411,-29.765,0.864246,0.496445,-0.081372,-0.494384,0.868068,0.045194,0.093073,0.001170,0.995659,0,-0.20367,0.22998,-12.220,0.460,500.000,325.000,-1,375.000,-1,275.000,300.000,325.000,300.000,-1,275.000,175.000,475.000,500.000,650.000,525.000,-1,0,0,2,0,2,0,0,0,0,2,0,0,0,0,0,0,2
75,3318.900,-84.451,161.474,-29.305,0.868513,0.489459,-0.078202,-0.487231,0.872023,0.046709,0.091056,-0.002465,0.995843,0,-0.20367,0.22998,-12.220,0.460,500.000,325.000,-1,375.000,-1,275.000,300.000,325.000,300.000,-1,275.000,175.000,500.000,500.000,650.000,500.000,-1,0,0,2,0,2,0,0,0,0,2,0,0,0,0,0,0,2
76,3308.195,-78.556,160.536,-28.845,0.872711,0.482435,-0.075040,-0.480052,0.875910,0.048280,0.089021,-0.006111,0.996011,0,-0.20367,0.22998,-12.220,0.460,475.000,325.000,-1,375.000,-1,275.000,300.000,325.000,300.000,-1,275.000,175.000,500.000,500.000,650.000,500.000,-1,0,0,2,0,2,0,0,0,0,2,0,0,0,0,0,0,2
77,3297.444,-72.747,159.596,-28.385,0.876842,0.475375,-0.071889,-0.472848,0.879729,0.049909,0.086969,-0.009770,0.996163,0,-0.20367,0.22998,-12.220,0.460,475.000,325.000,-1,375.000,-1,275.000,300.000,325.000,325.000,-1,275.000,175.000,500.000,500.000,650.000,475.000,-1,0,0,2,0,2,0,0,0,0,2,0,0,0,0,0,0,2
78,3286.647,-67.024,158.655,-27.925,0.880903,0.468277,-0.068749,-0.465620,0.883479,0.051595,0.084899,-0.013440,0.996299,0,-0.20367,0.22998,-12.220,0.460,450.000,325.000,-1,375.000,-1,275.000,300.000,325.000,325.000,-1,250.000,175.000,525.000,475.000,650.000,475.000,-1,0,0,2,0,2,0,0,0,0,2,0,0,0,0,0,0,2
79,3275.804,-61.387,157.713,-27.465,0.884896,0.461144,-0.065620,-0.458369,0.887160,0.053338,0.082812,-0.017120,0.996418,0,-0.20367,0.22998,-12.220,0.460,450.000,300.000,-1,375.000,-1,275.000,300.000,325.000,325.000,-1,250.000,175.000,525.000,475.000,625.000,450.000,-1,0,0,2,0,2,0,0,0,0,2,0,0,0,0,0,0,2
80,3264.916,-55.838,156.763,-27.005,0.888819,0.453975,-0.062512,-0.451092,0.890771,0.055172,0.080731,-0.020839,0.996518,0,-0.20367,0.22998,-12.220,0.460,425.000,300.000,-1,375.000,-1,275.000,300.000,300.000,325.000,-1,250.000,150.000,550.000,475.000,625.000,450.000,-1,0,0,2,0,2,0,0,0,0,2,0,0,0,0,0,0,2
81,3253.984,-50.376,155.805,-26.545,0.892672,0.446772,-0.059427,-0.443790,0.894310,0.057098,0.078655,-0.024597,0.996598,0,-0.20367,0.22998,-12.220,0.460,425.000,300.000,-1,375.000,-1,275.000,300.000,300.000,325.000,-1,225.000,150.000,550.000,475.000,625.000,450.000,-1,0,0,2,0,2,0,0,0,0,2,0,0,0,0,0,0,2
82,3243.009,-45.002,154.846,-26.085,0.896456,0.439534,-0.056357,-0.436468,0.897778,0.059079,0.076564,-0.028364,0.996661,0,-0.20367,0.22998,-12.220,0.460,425.000,300.000,-1,375.000,-1,275.000,300.000,300.000,350.000,-1,225.000,150.000,575.000,475.000,625.000,425.000,-1,0,0,2,0,2,0,0,0,0,2,0,0,0,0,0,0,2
83,3231.991,-39.716,153.886,-25.626,0.900170,0.432264,-0.053305,-0.429127,0.901174,0.061116,0.074455,-0.032140,0.996706,0,-0.20367,0.22998,-12.220,0.460,400.000,300.000,-1,375.000,-1,275.000,300.000,300.000,350.000,-1,225.000,150.000,575.000,475.000,625.000,425.000,-1,0,0,2,0,2,0,0,0,0,2,0,0,0,0,0,0,2
84,3220.931,-34.519,152.926,-25.166,0.903815,0.424961,-0.050271,-0.421767,0.904499,0.063208,0.072330,-0.035925,0.996734,0,-0.20367,0.22998,-12.220,0.460,400.000,300.000,-1,375.000,-1,275.000,300.000,300.000,350.000,-1,200.000,150.000,600.000,475.000,625.000,425.000,-1,0,0,2,0,2,0,0,0,0,2,0,0,0,0,0,0,2
85,3209.830,-29.410,151.965,-24.706,0.907389,0.417626,-0.047256,-0.414389,0.907750,0.065353,0.070190,-0.039719,0.996743,0,-0.20367,0.22998,-12.220,0.460,400.000,300.000,-1,375.000,-1,275.000,300.000,300.000,350.000,-1,200.000,125.000,600.000,450.000,625.000,400.000,-1,0,0,2,0,2,0,0,0,0,2,0,0,0,0,0,0,2
86,3198.688,-24.390,151.052,-24.246,0.910881,0.410264,-0.044486,-0.406996,0.910937,0.067437,0.068191,-0.043322,0.996731,0,-0.20367,0.22998,-12.220,0.460,375.000,300.000,-1,375.000,-1,275.000,300.000,275.000,350.000,-1,200.000,125.000,625.000,450.000,625.000,400.000,-1,0,0,2,0,2,0,0,0,0,2,0,0,0,0,0,0,2
87,3191.887,-21.422,150.664,-23.571,0.915699,0.399471,-0.043804,-0.396166,0.915625,0.068429,0.067444,-0.045307,0.996694,0,-0.12367,0.33742,-7.420,0.675,375.000,300.000,-1,375.000,-1,275.000,300.000,275.000,350.000,-1,175.000,125.000,625.000,450.000,625.000,400.000,-1,0,0,2,0,2,0,0,0,0,2,0,0,0,0,0,0,2
88,3189.474,-20.402,150.516,-22.896,0.920351,0.388637,-0.043775,-0.385301,0.920214,0.068913,0.067064,-0.046558,0.996662,0,-0.04367,0.33742,-2.620,0.675,400.000,300.000,-1,375.000,-1,275.000,300.000,275.000,350.000,-1,175.000,125.000,625.000,450.000,625.000,400.000,-1,0,0,2,0,2,0,0,0,0,2,0,0,0,0,0,0,2
89,3191.492,-21.227,150.604,-22.221,0.924838,0.377763,-0.044393,-0.374403,0.924706,0.068863,0.067065,-0.047066,0.996638,0,0.03633,0.33742,2.180,0.675,400.000,300.000,-1,375.000,-1,275.000,300.000,275.000,350.000,-1,175.000,125.000,650.000,450.000,600.000,400.000,-1,0,0,2,0,2,0,0,0,0,2,0,0,0,0,0,0,2
90,3197.985,-23.790,150.923,-21.546,0.929159,0.366849,-0.045655,-0.363473,0.929101,0.068253,0.067457,-0.046823,0.996623,0,0.11633,0.33742,6.980,0.675,400.000,300.000,-1,375.000,-1,275.000,300.000,275.000,350.000,-1,175.000,125.000,650.000,450.000,600.000,400.000,-1,0,0,2,0,2,0,0,0,0,2,0,0,0,0,0,0,2
91,3208.992,-27.988,151.499,-20.871,0.933306,0.355900,-0.047710,-0.352515,0.933407,0.066970,0.068368,-0.045685,0.996614,0,0.19633,0.33742,11.780,0.675,400.000,300.000,-1,350.000,-1,275.000,300.000,275.000,350.000,-1,175.000,125.000,650.000,450.000,600.000,400.000,-1,0,0,2,0,2,0,0,0,0,2,0,0,0,0,0,0,2
92,3224.552,-33.713,152.643,-20.197,0.937187,0.344932,-0.051978,-0.341554,0.937672,0.064124,0.070857,-0.042343,0.996587,0,0.27633,0.33742,16.580,0.675,400.000,300.000,-1,350.000,-1,275.000,275.000,300.000,350.000,-1,175.000,125.000,625.000,450.000,600.000,425.000,-1,0,0,2,0,2,0,0,0,0,2,0,0,0,0,0,0,2
93,3244.703,-40.860,154.093,-19.522,0.940847,0.333925,-0.057457,-0.330590,0.941841,0.060387,0.074280,-0.037820,0.996520,0,0.35633,0.33742,21.380,0.675,425.000,300.000,-1,350.000,-1,275.000,275.000,300.000,350.000,-1,175.000,125.000,625.000,475.000,575.000,425.000,-1,0,0,2,0,2,0,0,0,0,2,0,0,0,0,0,0,2
94,3269.480,-49.319,155.857,-18.847,0.944268,0.322874,-0.064111,-0.319654,0.945899,0.055640,0.078607,-0.032046,0.996390,0,0.43633,0.33742,26.180,0.675,450.000,300.000,-1,350.000,-1,275.000,275.000,300.000,325.000,-1,175.000,125.000,600.000,475.000,575.000,450.000,-1,0,0,2,0,2,0,0,0,0,2,0,0,0,0,0,0,2
95,3298.915,-58.982,157.934,-18.172,0.947431,0.311773,-0.071913,-0.308783,0.949828,0.049795,0.083830,-0.024972,0.996167,0,0.51633,0.33742,30.980,0.675,475.000,300.000,-1,350.000,-1,275.000,275.000,325.000,325.000,-1,200.000,125.000,575.000,475.000,575.000,475.000,-1,0,0,2,0,2,0,0,0,0,2,0,0,0,0,0,0,2
96,3333.041,-69.741,160.412,-17.497,0.950344,0.300615,-0.080473,-0.297998,0.953595,0.043053,0.089681,-0.016934,0.995827,0,0.59633,0.33742,35.780,0.675,525.000,300.000,-1,325.000,-1,275.000,275.000,325.000,300.000,-1,200.000,150.000,550.000,475.000,575.000,525.000,-1,0,0,2,0,2,0,0,0,0,2,0,0,0,0,0,0,2
97,3371.885,-81.485,164.790,-16.822,0.953454,0.289378,-0.084775,-0.286966,0.957120,0.039649,0.092613,-0.013476,0.995611,0,0.67633,0.33742,40.580,0.675,550.000,300.000,-1,325.000,-1,275.000,275.000,350.000,300.000,-1,225.000,175.000,575.000,475.000,550.000,525.000,-1,0,0,2,0,2,0,0,0,0,2,0,0,0,0,0,0,2
98,3415.477,-94.106,170.987,-16.147,0.956147,0.278081,-0.091945,-0.275340,0.960450,0.041518,0.099853,-0.014381,0.994898,0,0.75633,0.33742,45.380,0.675,575.000,300.000,-1,325.000,-1,275.000,275.000,350.000,300.000,-1,250.000,200.000,600.000,500.000,575.000,550.000,-1,0,0,2,0,2,0,0,0,0,2,0,0,0,0,0,0,2
99,3463.840,-107.494,177.793,-15.473,0.958568,0.266747,-0.099970,-0.263643,0.963647,0.043312,0.107890,-0.015161,0.994047,0,0.83633,0.33742,50.180,0.675,625.000,325.000,-1,350.000,-1,275.000,275.000,350.000,325.000,-1,275.000,225.000,650.000,525.000,600.000,600.000,-1,0,0,2,0,2,0,0,0,0,2,0,0,0,0,0,0,2
100,3507.672,-119.252,183.900,-15.017,0.959880,0.259071,-0.107301,-0.255657,0.965735,0.044674,0.115198,-0.015449,0.993222,0,0.75633,0.22792,45.380,0.456,675.000,325.000,-1,350.000,-1,275.000,275.000,350.000,325.000,-1,300.000,250.000,675.000,525.000,625.000,650.000,-1,0,0,2,0,2,0,0,0,0,2,0,0,0,0,0,0,2
101,3546.951,-129.455,189.342,-14.561,0.961166,0.251378,-0.113886,-0.247678,0.967760,0.045781,0.121722,-0.015796,0.992439,0,0.67633,0.22792,40.580,0.456,725.000,325.000,-1,350.000,-1,275.000,275.000,325.000,350.000,-1,300.000,225.000,700.000,550.000,625.000,700.000,-1,0,0,2,0,2,0,0,0,0,2,0,0,0,0,0,0,2
102,3582.434,-138.371,194.233,-14.105,0.962425,0.243669,-0.119847,-0.239704,0.969723,0.046678,0.127593,-0.016196,0.991694,0,0.60973,0.22792,36.584,0.456,775.000,325.000,-1,350.000,-1,275.000,275.000,325.000,350.000,-1,250.000,200.000,700.000,550.000,650.000,775.000,-1,0,0,2,0,2,0,0,0,0,2,0,0,0,0,0,0,2
103,3618.251,-147.070,199.142,-13.651,0.963573,0.235970,-0.125882,-0.231739,0.971619,0.047469,0.133511,-0.016568,0.990909,0,0.61428,0.22720,36.857,0.454,825.000,325.000,-1,350.000,-1,275.000,300.000,325.000,350.000,-1,225.000,175.000,725.000,575.000,675.000,825.000,-1,0,0,2,0,2,0,0,0,0,2,0,0,0,0,0,0,2
104,3654.411,-155.550,204.069,-13.198,0.964606,0.228284,-0.131989,-0.223788,0.973448,0.048153,0.139477,-0.016911,0.990081,0,0.61898,0.22635,37.139,0.453,900.000,350.000,-1,375.000,-1,275.000,300.000,325.000,350.000,-1,200.000,150.000,750.000,575.000,700.000,925.000,-1,0,0,2,0,2,0,0,0,0,2,0,0,0,0,0,0,2
105,3690.912,-163.808,208.996,-12.747,0.965516,0.220617,-0.138229,-0.215863,0.975209,0.048678,0.145542,-0.017161,0.989203,0,0.62369,0.22539,37.421,0.451,-1,350.000,-1,375.000,-1,300.000,300.000,325.000,375.000,-1,175.000,150.000,750.000,600.000,725.000,-1,-1,2,0,2,0,2,0,0,0,0,2,0,0,0,0,0,2,2
106,3727.754,-171.840,213.914,-12.299,0.966294,0.212974,-0.144631,-0.207977,0.976905,0.049015,0.151730,-0.017283,0.988271,0,0.62841,0.22432,37.704,0.449,-1,350.000,-1,375.000,-1,300.000,300.000,325.000,375.000,-1,175.000,125.000,775.000,625.000,775.000,-1,-1,2,0,2,0,2,0,0,0,0,2,0,0,0,0,0,2,2
107,3764.933,-179.642,218.855,-11.852,0.966955,0.205359,-0.151081,-0.200122,0.978532,0.049255,0.157953,-0.017392,0.987293,0,0.63312,0.22312,37.987,0.446,-1,350.000,-1,375.000,-1,300.000,300.000,300.000,350.000,-1,150.000,125.000,775.000,625.000,800.000,-1,-1,2,0,2,0,2,0,0,0,0,2,0,0,0,0,0,2,2
108,3802.450,-187.213,223.819,-11.409,0.967499,0.197776,-0.157577,-0.192305,0.980091,0.049398,0.164210,-0.017489,0.986270,0,0.63784,0.22180,38.270,0.444,-1,350.000,-1,400.000,-1,300.000,300.000,300.000,350.000,-1,150.000,100.000,800.000,650.000,850.000,-1,-1,2,0,2,0,2,0,0,0,0,2,0,0,0,0,0,2,2
109,3844.771,-195.229,229.399,-10.725,0.968597,0.186067,-0.164921,-0.180314,0.982371,0.049329,0.171192,-0.018042,0.985073,0,0.71784,0.34180,43.070,0.684,-1,375.000,-1,400.000,-1,300.000,300.000,300.000,350.000,-1,125.000,100.000,800.000,675.000,875.000,-1,-1,2,0,2,0,2,0,0,0,0,2,0,0,0,0,0,2,2
110,3891.945,-203.378,236.007,-9.802,0.970257,0.170210,-0.172131,-0.164488,0.985255,0.047081,0.177607,-0.017367,0.983948,0,0.79784,0.46180,47.870,0.924,-1,375.000,-1,400.000,-1,300.000,325.000,300.000,325.000,-1,125.000,100.000,825.000,700.000,900.000,-1,-1,2,0,2,0,2,0,0,0,0,2,0,0,0,0,1,2,2
111,3943.987,-211.501,244.112,-8.873,0.971874,0.154235,-0.177968,-0.149344,0.987950,0.040643,0.182092,-0.012921,0.983197,0,0.87784,0.46416,52.670,0.928,-1,375.000,-1,400.000,-1,300.000,325.000,300.000,325.000,-1,150.000,125.000,825.000,750.000,875.000,-1,-1,2,0,2,0,2,0,0,0,0,2,0,0,0,0,1,2,2
112,4000.906,-219.450,254.237,-7.951,0.973966,0.138314,-0.179611,-0.133712,0.990309,0.037540,0.183063,-0.012547,0.983021,0,0.95784,0.46113,57.470,0.922,-1,375.000,-1,400.000,-1,300.000,325.000,300.000,325.000,-1,200.000,175.000,850.000,800.000,850.000,-1,-1,2,0,2,0,2,0,0,0,0,2,0,0,0,0,1,2,2
113,4059.050,-226.626,265.027,-7.036,0.976150,0.122479,-0.179246,-0.117926,0.992374,0.035881,0.182274,-0.013887,0.983150,0,0.97643,0.45751,58.586,0.915,-1,375.000,-1,400.000,-1,300.000,325.000,300.000,325.000,-1,250.000,225.000,925.000,825.000,825.000,-1,-1,2,0,2,0,2,0,0,0,0,2,0,0,0,0,1,2,2
114,4117.678,-232.921,275.856,-6.129,0.978060,0.106756,-0.178891,-0.102258,0.994170,0.034208,0.181500,-0.015165,0.983274,0,0.98276,0.45341,58.966,0.907,-1,375.000,-1,400.000,-1,300.000,325.000,325.000,325.000,-1,325.000,300.000,-1,850.000,800.000,-1,-1,2,0,2,0,2,0,0,0,0,2,0,0,2,0,1,2,2
115,4176.763,-238.331,286.723,-5.231,0.979698,0.091167,-0.178549,-0.086726,0.995701,0.032536,0.180748,-0.016391,0.983393,0,0.98886,0.44882,59.332,0.898,-1,375.000,-1,400.000,-1,300.000,325.000,325.000,325.000,-1,375.000,350.000,-1,875.000,800.000,-1,-1,2,0,2,0,2,0,0,0,0,2,0,0,2,0,1,2,2
116,4236.272,-242.851,297.628,-4.344,0.981072,0.075732,-0.178223,-0.071351,0.996973,0.030877,0.180022,-0.017576,0.983506,0,0.99468,0.44373,59.681,0.887,-1,375.000,-1,400.000,-1,300.000,325.000,325.000,325.000,-1,450.000,400.000,-1,900.000,775.000,-1,-1,2,0,2,0,2,0,0,0,0,2,0,0,2,0,1,2,2
117,4296.162,-246.480,308.569,-3.468,0.982186,0.060477,-0.177916,-0.056153,0.997994,0.029243,0.179328,-0.018732,0.983611,0,1.00000,0.43810,60.000,0.876,-1,375.000,-1,400.000,-1,300.000,300.000,325.000,325.000,-1,500.000,475.000,-1,925.000,750.000,-1,-1,2,0,2,1,2,0,0,0,0,2,0,0,2,0,1,2,2
118,4351.294,-249.206,318.615,-2.832,0.982855,0.049391,-0.177641,-0.045168,0.998594,0.027744,0.178761,-0.019245,0.983704,0,0.92000,0.31810,55.200,0.636,-1,400.000,-1,400.000,-1,300.000,325.000,325.000,325.000,-1,550.000,525.000,-1,950.000,750.000,-1,-1,2,0,2,1,2,0,1,0,0,2,0,0,2,0,1,2,2
119,4402.788,-251.396,327.979,-2.435,0.983225,0.042485,-0.177379,-0.038413,0.998915,0.026328,0.178305,-0.019073,0.983790,0,0.85901,0.19810,51.541,0.396,-1,400.000,-1,400.000,950.000,325.000,325.000,325.000,325.000,-1,625.000,575.000,-1,950.000,750.000,-1,-1,2,0,2,1,1,0,1,0,0,2,0,0,2,1,1,2,2
120,4454.524,-253.455,337.370,-2.279,0.983389,0.039762,-0.177099,-0.035917,0.999045,0.024867,0.177919,-0.018093,0.983879,0,0.86295,0.07810,51.777,0.156,-1,425.000,-1,400.000,875.000,325.000,325.000,325.000,325.000,-1,675.000,625.000,-1,950.000,725.000,-1,-1,2,0,2,1,1,0,1,0,0,2,0,0,2,1,1,2,2
121,4506.492,-255.498,346.792,-2.252,0.983461,0.039297,-0.176804,-0.035721,0.999089,0.023364,0.177561,-0.016662,0.983969,0,0.86681,0.01338,52.009,0.027,-1,425.000,-1,425.000,825.000,350.000,350.000,325.000,325.000,-1,725.000,700.000,-1,950.000,725.000,-1,-1,2,0,2,1,1,0,1,0,0,2,0,0,2,1,1,2,2
122,4558.683,-257.537,356.246,-2.237,0.983526,0.039030,-0.176502,-0.035729,0.999123,0.021839,0.177200,-0.015173,0.984058,0,0.87051,0.00769,52.230,0.015,-1,450.000,-1,425.000,775.000,350.000,350.000,325.000,325.000,-1,775.000,750.000,-1,950.000,725.000,-1,-1,2,0,2,1,1,0,1,0,0,2,0,0,2,1,1,2,2
123,4611.076,-259.580,365.266,-2.234,0.983835,0.038973,-0.174787,-0.035688,0.999123,0.021899,0.175487,-0.015307,0.984363,0,0.87389,0.00162,52.433,0.003,-1,450.000,-1,400.000,725.000,350.000,350.000,325.000,325.000,-1,850.000,825.000,-1,950.000,700.000,-1,-1,2,0,2,1,1,0,1,0,0,2,0,0,2,1,1,2,2
124,4663.649,-261.640,373.870,-2.244,0.984328,0.039142,-0.171947,-0.035609,0.999087,0.023584,0.172713,-0.017091,0.984824,0,0.87692,-0.00487,52.615,-0.010,-1,450.000,-1,400.000,675.000,375.000,350.000,300.000,350.000,-1,925.000,900.000,-1,900.000,675.000,-1,-1,2,0,2,1,1,0,1,0,0,2,0,0,2,1,1,2,2
125,4716.378,-263.728,382.515,-2.267,0.984795,0.039552,-0.169156,-0.035767,0.999038,0.025369,0.169997,-0.018933,0.985263,0,0.87953,-0.01181,52.772,-0.024,-1,450.000,-1,400.000,625.000,375.000,350.000,300.000,350.000,-1,1000.000,975.000,-1,875.000,675.000,-1,-1,2,0,2,1,1,0,1,0,0,2,0,0,2,1,1,2,2
126,4769.235,-265.857,391.198,-2.306,0.985235,0.040221,-0.166417,-0.036178,0.998974,0.027258,0.167343,-0.020835,0.985679,0,0.88168,-0.01923,52.901,-0.038,-1,450.000,-1,400.000,575.000,375.000,375.000,300.000,350.000,-1,-1,-1,-1,850.000,650.000,-1,-1,2,0,2,1,1,0,1,0,0,2,2,2,2,1,1,2,2
127,4822.187,-268.039,399.915,-2.360,0.985645,0.041167,-0.163736,-0.036860,0.998892,0.029260,0.164759,-0.022804,0.986070,0,0.88330,-0.02717,52.998,-0.054,-1,450.000,-1,400.000,550.000,375.000,375.000,275.000,350.000,-1,-1,-1,-1,825.000,625.000,-1,-1,2,0,2,1,1,0,1,0,0,2,2,2,2,1,1,2,2
128,4875.197,-270.290,408.665,-2.431,0.986024,0.042409,-0.161117,-0.037830,0.998791,0.031380,0.162253,-0.024846,0.986436,0,0.88431,-0.03567,53.059,-0.071,-1,450.000,-1,400.000,500.000,375.000,375.000,275.000,375.000,-1,-1,-1,-1,775.000,600.000,-1,-1,2,1,2,1,1,0,1,0,0,2,2,2,2,1,1,2,2
129,4928.223,-272.625,417.441,-2.521,0.986369,0.043967,-0.158567,-0.039109,0.998669,0.033629,0.159834,-0.026969,0.986775,0,0.88464,-0.04476,53.078,-0.090,-1,425.000,-1,375.000,475.000,375.000,375.000,275.000,350.000,-1,-1,-1,-1,750.000,600.000,-1,-1,2,1,2,1,1,1,1,0,1,2,2,2,2,1,1,2,2
130,4981.218,-275.059,426.241,-2.630,0.986677,0.045863,-0.156093,-0.040715,0.998521,0.036017,0.157514,-0.029182,0.987086,0,0.88421,-0.05447,53.052,-0.109,-1,425.000,-1,375.000,425.000,350.000,350.000,275.000,350.000,-1,-1,-1,-1,725.000,575.000,-1,-1,2,1,2,1,1,1,1,0,1,2,2,2,2,1,1,2,2
131,5034.131,-277.609,435.059,-2.759,0.986945,0.048119,-0.153701,-0.042670,0.998345,0.038558,0.155302,-0.031496,0.987365,0,0.88292,-0.06483,52.975,-0.130,-1,400.000,-1,350.000,425.000,350.000,325.000,275.000,325.000,-1,-1,-1,-1,675.000,550.000,-1,-1,2,1,2,1,1,1,1,0,1,2,2,2,2,1,1,2,2
132,5086.904,-280.292,443.890,-2.911,0.987168,0.050758,-0.151402,-0.044993,0.998135,0.041265,0.153214,-0.033923,0.987611,0,0.88069,-0.07585,52.841,-0.152,-1,375.000,-1,350.000,450.000,325.000,325.000,275.000,300.000,-1,-1,-1,-1,650.000,550.000,-1,-1,2,1,2,1,1,1,1,0,1,2,2,2,2,1,1,2,2
