timestep,x_cm,y_cm,z_cm,yaw_deg,basis_xx,basis_xy,basis_xz,basis_yx,basis_yy,basis_yz,basis_zx,basis_zy,basis_zz,teleport_flag,throttle_cmd,steering_cmd,cmd_move_cm,cmd_turn_deg,lidar_cm_0,lidar_cm_1,lidar_cm_2,lidar_cm_3,lidar_cm_4,lidar_cm_5,lidar_cm_6,lidar_cm_7,lidar_cm_8,lidar_cm_9,lidar_cm_10,lidar_cm_11,lidar_cm_12,lidar_cm_13,lidar_cm_14,lidar_cm_15,lidar_cm_16,lidar_class_0,lidar_class_1,lidar_class_2,lidar_class_3,lidar_class_4,lidar_class_5,lidar_class_6,lidar_class_7,lidar_class_8,lidar_class_9,lidar_class_10,lidar_class_11,lidar_class_12,lidar_class_13,lidar_class_14,lidar_class_15,lidar_class_16
0,-4267.958,-9512.934,191.928,23.552,0.915916,-0.399579,0.037879,0.399093,0.916694,0.019935,-0.042689,-0.003141,0.999083,1,-0.08000,0.12000,-4.800,0.240,950.000,375.000,-1,375.000,-1,300.000,300.000,300.000,300.000,-1,775.000,550.000,-1,625.000,675.000,825.000,-1,1,0,2,0,2,0,0,0,0,2,0,0,2,0,0,1,2
1,-4276.725,-9516.843,192.314,24.032,0.912527,-0.407244,0.038046,0.406741,0.913314,0.020493,-0.043093,-0.003225,0.999066,0,-0.16000,0.24000,-9.600,0.480,950.000,375.000,-1,375.000,-1,300.000,300.000,300.000,300.000,-1,800.000,550.000,-1,625.000,675.000,825.000,-1,1,0,2,0,2,0,0,0,0,2,0,0,2,0,0,1,2
2,-4289.802,-9522.872,192.897,24.752,0.907323,-0.418688,0.038282,0.418158,0.908124,0.021339,-0.043699,-0.003354,0.999039,0,-0.24000,0.36000,-14.400,0.720,1000.000,350.000,-1,375.000,-1,300.000,300.000,300.000,300.000,-1,850.000,575.000,-1,625.000,675.000,850.000,-1,1,0,2,0,2,0,0,0,0,2,0,0,2,0,0,1,2
3,-4307.101,-9531.202,193.678,25.712,0.900162,-0.433844,0.038568,0.433276,0.900981,0.022484,-0.044504,-0.003529,0.999003,0,-0.32000,0.48000,-19.200,0.960,1000.000,350.000,-1,375.000,-1,300.000,300.000,300.000,300.000,-1,-1,600.000,-1,625.000,675.000,875.000,-1,0,0,2,0,2,0,0,0,0,2,2,0,2,0,0,1,2
4,-4326.743,-9541.172,194.576,26.912,0.890858,-0.452618,0.038848,0.452005,0.891697,0.023828,-0.045426,-0.003667,0.998961,0,-0.36713,0.60000,-22.028,1.200,975.000,350.000,-1,375.000,-1,300.000,300.000,300.000,300.000,-1,-1,625.000,-1,625.000,675.000,900.000,-1,0,0,2,0,2,0,0,0,0,2,2,0,2,0,0,1,2
5,-4346.413,-9551.786,195.484,28.352,0.879181,-0.474883,0.039063,0.474227,0.880041,0.025233,-0.046360,-0.003659,0.998918,0,-0.37252,0.72000,-22.351,1.440,975.000,350.000,-1,375.000,-1,300.000,300.000,300.000,300.000,-1,-1,-1,-1,625.000,675.000,925.000,-1,0,0,2,0,2,0,0,0,0,2,2,2,2,0,0,1,2
6,-4366.054,-9563.140,196.400,30.032,0.864860,-0.500480,0.039196,0.499780,0.865741,0.026699,-0.047296,-0.003502,0.998875,0,-0.37810,0.84000,-22.686,1.680,975.000,350.000,-1,375.000,-1,300.000,300.000,300.000,300.000,-1,-1,-1,-1,625.000,675.000,975.000,-1,0,0,2,0,2,0,0,0,0,2,2,2,2,0,0,1,2
7,-4385.600,-9575.331,197.360,31.952,0.847578,-0.529206,0.039416,0.528465,0.848488,0.028156,-0.048344,-0.003034,0.998826,0,-0.38394,0.96000,-23.036,1.920,975.000,350.000,-1,375.000,-1,300.000,300.000,300.000,300.000,-1,-1,-1,-1,625.000,675.000,1000.000,-1,0,0,2,0,2,0,0,0,0,2,2,2,2,0,0,0,2
8,-4405.013,-9588.402,198.624,33.952,0.828519,-0.558497,0.040464,0.557753,0.829505,0.028859,-0.049683,-0.001342,0.998764,0,-0.39005,1.00000,-23.403,2.000,975.000,350.000,-1,375.000,-1,300.000,300.000,300.000,300.000,-1,-1,-1,-1,625.000,675.000,1000.000,-1,0,0,2,0,2,0,0,0,0,2,2,2,2,0,0,0,2
9,-4424.270,-9602.369,199.957,35.952,0.808445,-0.587107,0.041495,0.586369,0.809509,0.029420,-0.050864,0.000547,0.998705,0,-0.39649,1.00000,-23.789,2.000,975.000,350.000,-1,375.000,-1,300.000,300.000,300.000,300.000,-1,-1,-1,-1,625.000,650.000,1000.000,-1,0,0,2,0,2,0,0,0,0,2,2,2,2,0,0,0,2
10,-4443.348,-9617.249,201.314,37.952,0.787380,-0.614999,0.042528,0.614268,0.788524,0.030077,-0.052031,0.002441,0.998642,0,-0.40325,1.00000,-24.195,2.000,1000.000,350.000,-1,375.000,-1,300.000,300.000,300.000,300.000,-1,-1,-1,-1,625.000,650.000,1000.000,-1,0,0,2,0,2,0,0,0,0,2,2,2,2,0,0,0,2
11,-4462.220,-9633.057,202.694,39.952,0.765350,-0.642139,0.043551,0.641413,0.766576,0.030829,-0.053182,0.004340,0.998575,0,-0.41031,1.00000,-24.618,2.000,-1,350.000,-1,375.000,-1,300.000,300.000,300.000,300.000,-1,-1,-1,-1,625.000,650.000,1000.000,-1,2,0,2,0,2,0,0,0,0,2,2,2,2,0,0,0,2
12,-4480.855,-9649.808,204.100,41.952,0.742381,-0.668494,0.044557,0.667773,0.743691,0.031675,-0.054311,0.006239,0.998505,0,-0.41761,1.00000,-25.057,2.000,-1,350.000,-1,375.000,-1,300.000,300.000,300.000,300.000,-1,-1,-1,-1,625.000,650.000,1000.000,-1,2,0,2,0,2,0,0,0,0,2,2,2,2,0,0,0,2
13,-4499.219,-9667.512,205.529,43.952,0.718503,-0.694032,0.045533,0.693313,0.719898,0.032614,-0.055414,0.008136,0.998430,0,-0.42515,1.00000,-25.509,2.000,-1,375.000,-1,375.000,-1,300.000,300.000,300.000,300.000,-1,-1,-1,-1,625.000,650.000,-1,-1,2,0,2,0,2,0,0,0,0,2,2,2,2,0,0,2,2
14,-4513.679,-9682.336,206.688,45.712,0.696764,-0.715804,0.046303,0.715091,0.698232,0.033423,-0.056255,0.009823,0.998368,0,-0.34515,0.88000,-20.709,1.760,-1,375.000,-1,375.000,-1,300.000,300.000,300.000,300.000,-1,-1,-1,-1,625.000,650.000,-1,-1,2,0,2,0,2,0,0,0,0,2,2,2,2,0,0,2,2
15,-4524.482,-9694.015,207.570,47.232,0.677463,-0.734062,0.046864,0.733357,0.678989,0.034078,-0.056836,0.011282,0.998320,0,-0.26515,0.76000,-15.909,1.520,-1,375.000,-1,375.000,-1,300.000,300.000,300.000,300.000,-1,-1,-1,-1,625.000,650.000,-1,-1,2,0,2,0,2,0,0,0,0,2,2,2,2,0,0,2,2
16,-4531.841,-9702.336,208.179,48.512,0.660843,-0.749035,0.047260,0.748343,0.662412,0.034552,-0.057186,0.012533,0.998285,0,-0.18515,0.64000,-11.109,1.280,-1,375.000,-1,375.000,-1,300.000,300.000,300.000,300.000,-1,-1,-1,-1,625.000,650.000,-1,-1,2,0,2,0,2,0,0,0,0,2,2,2,2,0,0,2,2
17,-4535.934,-9707.137,208.522,49.552,0.647098,-0.760924,0.047522,0.760248,0.648698,0.034831,-0.057331,0.013590,0.998263,0,-0.10515,0.52000,-6.309,1.040,-1,375.000,-1,375.000,-1,300.000,300.000,300.000,300.000,-1,-1,-1,-1,625.000,650.000,-1,-1,2,0,2,0,2,0,0,0,0,2,2,2,2,0,0,2,2
18,-4536.897,-9708.298,208.601,50.352,0.636384,-0.769898,0.047674,0.769242,0.638003,0.034903,-0.057288,0.014461,0.998253,0,-0.02515,0.40000,-1.509,0.800,-1,375.000,-1,375.000,-1,300.000,300.000,300.000,300.000,-1,-1,-1,-1,625.000,650.000,-1,-1,2,0,2,0,2,0,0,0,0,2,2,2,2,0,0,2,2
19,-4534.822,-9705.744,208.419,50.912,0.628815,-0.776089,0.047725,0.775458,0.630441,0.034763,-0.057067,0.015149,0.998255,0,0.05485,0.28000,3.291,0.560,-1,375.000,-1,375.000,-1,300.000,300.000,300.000,300.000,-1,-1,-1,-1,625.000,650.000,-1,-1,2,0,2,0,2,0,0,0,0,2,2,2,2,0,0,2,2
20,-4529.755,-9699.435,207.978,51.232,0.624471,-0.779592,0.047674,0.778990,0.626092,0.034405,-0.056670,0.015653,0.998270,0,0.13485,0.16000,8.091,0.320,-1,375.000,-1,375.000,-1,300.000,300.000,300.000,300.000,-1,-1,-1,-1,625.000,650.000,-1,-1,2,0,2,0,2,0,0,0,0,2,2,2,2,0,0,2,2
21,-4521.697,-9689.373,207.281,51.312,0.623396,-0.780461,0.047508,0.779891,0.625000,0.033827,-0.056093,0.015963,0.998298,0,0.21485,0.04000,12.891,0.080,-1,375.000,-1,375.000,-1,300.000,300.000,300.000,300.000,-1,-1,525.000,-1,625.000,650.000,-1,-1,2,0,2,0,2,0,0,0,0,2,2,0,2,0,0,2,2
22,-4510.600,-9675.595,206.326,51.152,0.625604,-0.778712,0.047200,0.778177,0.627176,0.033029,-0.055323,0.016067,0.998339,0,0.29485,-0.08000,17.691,-0.160,-1,375.000,-1,375.000,-1,300.000,300.000,300.000,300.000,-1,-1,475.000,-1,625.000,650.000,-1,-1,2,0,2,0,2,0,0,0,0,2,2,0,2,0,0,2,2
23,-4496.371,-9658.177,205.111,50.752,0.631074,-0.774316,0.046691,0.773818,0.632599,0.032013,-0.054325,0.015928,0.998396,0,0.37485,-0.20000,22.491,-0.400,-1,375.000,-1,375.000,-1,300.000,300.000,300.000,300.000,-1,-1,450.000,-1,625.000,650.000,-1,-1,2,0,2,0,2,0,0,0,0,2,2,0,2,0,0,2,2
24,-4478.869,-9637.237,203.646,50.112,0.639749,-0.767206,0.045995,0.766746,0.641212,0.030787,-0.053113,0.015571,0.998467,0,0.45485,-0.32000,27.291,-0.640,-1,375.000,-1,375.000,-1,300.000,300.000,300.000,300.000,-1,-1,425.000,-1,625.000,650.000,-1,-1,2,0,2,0,2,0,0,0,0,2,2,0,2,0,0,2,2
25,-4457.956,-9612.896,201.938,49.332,0.650218,-0.758406,0.045117,0.757989,0.651607,0.029359,-0.051664,0.015108,0.998550,0,0.53485,-0.39021,32.091,-0.780,-1,375.000,-1,375.000,-1,300.000,300.000,300.000,300.000,-1,-1,425.000,-1,625.000,650.000,-1,-1,2,0,2,0,2,0,0,0,0,2,2,0,2,0,0,2,2
26,-4433.535,-9585.245,200.061,48.550,0.660613,-0.749451,0.043761,0.749076,0.661903,0.027750,-0.049763,0.014448,0.998657,0,0.61485,-0.39098,36.891,-0.782,-1,350.000,-1,375.000,-1,300.000,300.000,300.000,300.000,-1,-1,425.000,-1,625.000,650.000,-1,-1,2,0,2,0,2,0,0,0,0,2,2,0,2,0,0,2,2
27,-4405.512,-9554.377,198.118,47.766,0.670948,-0.740345,0.041464,0.740006,0.672097,0.026006,-0.047122,0.013235,0.998801,0,0.69485,-0.39164,41.691,-0.783,-1,350.000,-1,375.000,-1,300.000,300.000,300.000,300.000,-1,550.000,400.000,-1,625.000,650.000,-1,-1,2,0,2,0,2,0,0,0,0,2,0,0,2,0,0,2,2
28,-4373.795,-9520.386,195.985,46.982,0.681176,-0.731088,0.038859,0.730788,0.682179,0.024113,-0.044137,0.011972,0.998954,0,0.77485,-0.39213,46.491,-0.784,-1,375.000,-1,375.000,-1,300.000,300.000,300.000,300.000,-1,400.000,375.000,-1,625.000,650.000,-1,-1,2,0,2,0,2,0,0,0,0,2,0,0,2,0,0,2,2
29,-4338.293,-9483.367,193.672,46.197,0.691287,-0.721686,0.035936,0.721427,0.692138,0.022080,-0.040807,0.010662,0.999110,0,0.85485,-0.39239,51.291,-0.785,1000.000,375.000,-1,375.000,-1,300.000,300.000,300.000,325.000,-1,375.000,350.000,-1,625.000,650.000,-1,-1,1,0,2,0,2,0,0,0,0,2,0,0,2,0,0,2,2
30,-4298.917,-9443.421,191.447,45.413,0.701212,-0.712142,0.033987,0.711942,0.701960,0.019767,-0.037934,0.010336,0.999227,0,0.93485,-0.39235,56.091,-0.785,950.000,375.000,-1,375.000,-1,300.000,300.000,300.000,325.000,-1,375.000,325.000,-1,625.000,650.000,-1,-1,1,0,2,0,2,0,0,0,0,2,0,0,2,0,0,2,2
31,-4256.479,-9401.529,189.495,44.629,0.710968,-0.702463,0.032724,0.702372,0.711627,0.016141,-0.034626,0.011509,0.999334,0,0.99385,-0.39194,59.631,-0.784,925.000,375.000,1000.000,375.000,-1,300.000,300.000,300.000,325.000,-1,375.000,325.000,-1,625.000,625.000,1000.000,-1,1,0,1,0,2,0,0,0,0,2,0,0,2,0,0,1,2
32,-4213.208,-9359.966,187.593,43.847,0.720569,-0.692673,0.031359,0.692678,0.721139,0.012470,-0.031252,0.012736,0.999430,0,1.00000,-0.39105,60.000,-0.782,875.000,375.000,950.000,375.000,-1,300.000,300.000,300.000,325.000,-1,375.000,325.000,-1,625.000,625.000,950.000,-1,1,0,1,0,2,0,0,0,0,2,0,0,2,0,0,1,2
33,-4169.375,-9318.994,185.831,43.067,0.730000,-0.682794,0.029871,0.682870,0.730482,0.009146,-0.028065,0.013722,0.999512,0,1.00000,-0.38959,60.000,-0.779,850.000,350.000,900.000,375.000,-1,300.000,300.000,300.000,325.000,-1,375.000,325.000,-1,625.000,625.000,925.000,-1,1,0,1,0,2,0,0,0,0,2,0,0,2,0,0,1,2
34,-4124.992,-9278.619,184.183,42.292,0.739245,-0.672842,0.028284,0.672973,0.739642,0.006049,-0.024990,0.014563,0.999582,0,1.00000,-0.38751,60.000,-0.775,800.000,350.000,850.000,375.000,-1,300.000,300.000,300.000,325.000,-1,400.000,350.000,-1,625.000,625.000,875.000,1000.000,1,0,1,0,2,0,0,0,0,2,0,0,2,0,0,1,1
35,-4080.071,-9238.844,182.832,41.523,0.748294,-0.662830,0.026672,0.663026,0.748594,0.001946,-0.021256,0.016227,0.999642,0,1.00000,-0.38479,60.000,-0.770,775.000,375.000,800.000,375.000,-1,300.000,300.000,300.000,325.000,-1,400.000,350.000,-1,625.000,625.000,850.000,950.000,1,0,1,0,2,0,0,0,0,2,0,0,2,1,1,1,1
36,-4034.624,-9199.671,181.586,40.760,0.757131,-0.652787,0.024955,0.653029,0.757330,-0.002142,-0.017501,0.017918,0.999686,0,1.00000,-0.38140,60.000,-0.763,750.000,375.000,750.000,375.000,-1,300.000,300.000,300.000,325.000,-1,400.000,350.000,-1,575.000,600.000,800.000,900.000,1,0,1,0,2,0,0,0,0,2,0,0,2,1,1,1,1
37,-3988.666,-9161.099,180.638,40.005,0.765760,-0.642748,0.022071,0.642992,0.765851,-0.005829,-0.013156,0.018655,0.999739,0,1.00000,-0.37729,60.000,-0.755,700.000,375.000,700.000,375.000,-1,300.000,300.000,300.000,325.000,-1,400.000,350.000,-1,525.000,575.000,750.000,875.000,1,0,1,0,2,1,1,0,0,2,0,0,2,1,1,1,1
38,-3942.209,-9123.128,179.949,39.261,0.774151,-0.632738,0.018227,0.632946,0.774143,-0.009112,-0.008344,0.018590,0.999792,0,1.00000,-0.37243,60.000,-0.745,675.000,350.000,650.000,375.000,-1,300.000,300.000,300.000,325.000,-1,400.000,350.000,-1,500.000,550.000,650.000,850.000,1,1,1,0,2,1,1,0,0,2,0,0,2,1,1,1,1
39,-3895.270,-9085.755,179.632,38.527,0.782258,-0.622790,0.014314,0.622938,0.782198,-0.010741,-0.004507,0.017319,0.999840,0,1.00000,-0.36677,60.000,-0.734,625.000,325.000,600.000,350.000,-1,275.000,275.000,300.000,325.000,-1,375.000,375.000,-1,450.000,525.000,575.000,800.000,1,1,1,1,2,1,1,0,0,2,0,0,2,1,1,1,1
40,-3847.865,-9048.975,179.403,37.806,0.790077,-0.612919,0.010380,0.613007,0.789986,-0.012042,-0.000819,0.015877,0.999874,0,1.00000,-0.36025,60.000,-0.720,600.000,300.000,550.000,350.000,-1,250.000,275.000,300.000,325.000,-1,350.000,375.000,-1,400.000,475.000,500.000,775.000,1,1,1,1,2,1,1,0,0,2,0,0,2,1,1,1,1
41,-3800.011,-9012.782,179.430,37.101,0.797593,-0.603150,0.007457,0.603192,0.797482,-0.013463,0.002173,0.015236,0.999882,0,1.00000,-0.35280,60.000,-0.706,525.000,275.000,500.000,325.000,-1,225.000,250.000,300.000,325.000,-1,350.000,375.000,-1,350.000,450.000,425.000,725.000,1,1,1,1,2,1,1,0,0,2,0,0,2,1,1,1,1
42,-3751.724,-8977.167,179.526,36.412,0.804801,-0.593526,0.004612,0.593523,0.804681,-0.014794,0.005069,0.014643,0.999880,0,1.00000,-0.34435,60.000,-0.689,475.000,250.000,450.000,300.000,-1,225.000,225.000,300.000,300.000,-1,350.000,375.000,-1,325.000,425.000,350.000,700.000,1,1,1,1,2,1,1,0,0,2,0,0,2,1,1,1,1
43,-3703.161,-8941.930,180.274,35.963,0.809448,-0.587189,0.001669,0.587108,0.809281,-0.019183,0.009914,0.016508,0.999815,0,1.00000,-0.22435,60.000,-0.449,375.000,225.000,400.000,275.000,-1,200.000,225.000,300.000,300.000,-1,350.000,350.000,-1,275.000,375.000,300.000,650.000,1,1,1,1,2,1,1,0,0,2,0,0,2,1,1,1,1
44,-3654.473,-8906.866,184.164,35.755,0.811725,-0.584036,-0.002049,0.583510,0.811134,-0.039713,0.024856,0.031041,0.999209,0,1.00000,-0.10435,60.000,-0.209,350.000,200.000,375.000,250.000,-1,175.000,200.000,325.000,300.000,-1,275.000,225.000,-1,250.000,350.000,275.000,650.000,1,1,1,1,2,1,1,0,0,2,0,0,2,1,1,1,1
45,-3605.806,-8871.770,188.723,35.786,0.811675,-0.584085,-0.005316,0.582661,0.810269,-0.063004,0.041107,0.048042,0.997999,0,1.00000,0.01565,60.000,0.031,300.000,200.000,350.000,225.000,-1,175.000,200.000,375.000,275.000,-1,225.000,150.000,875.000,250.000,325.000,250.000,-1,1,1,1,1,2,1,1,0,0,2,0,0,0,1,1,1,2
46,-3557.307,-8836.440,195.071,36.057,0.809180,-0.587418,-0.012970,0.584295,0.806811,-0.087490,0.061858,0.063217,0.996081,0,1.00000,0.13565,60.000,0.271,300.000,175.000,325.000,225.000,-1,175.000,175.000,425.000,275.000,-1,200.000,100.000,700.000,225.000,300.000,225.000,-1,1,1,1,1,2,1,1,0,0,2,0,0,0,1,1,1,2
47,327.969,-6887.292,140.563,-37.683,0.790131,0.611270,-0.045181,-0.609737,0.791390,0.043847,0.062558,-0.007096,0.998016,1,0.00000,0.00000,60.000,0.511,-1,375.000,-1,375.000,-1,300.000,300.000,275.000,275.000,725.000,225.000,225.000,-1,650.000,700.000,-1,-1,2,0,2,0,2,0,0,0,0,0,0,0,2,0,0,2,2
48,331.781,-6890.210,140.869,-37.443,0.792677,0.607948,-0.045417,-0.606381,0.793941,0.044275,0.062975,-0.007556,0.997986,0,0.08000,0.12000,4.800,0.240,-1,375.000,-1,375.000,-1,300.000,300.000,275.000,275.000,725.000,225.000,225.000,-1,650.000,700.000,-1,-1,2,0,2,0,2,0,0,0,0,0,0,0,2,0,0,2,2
49,339.451,-6895.983,141.544,-36.963,0.797744,0.601270,-0.045605,-0.599632,0.798999,0.045195,0.063613,-0.008708,0.997937,0,0.16000,0.24000,9.600,0.480,-1,375.000,-1,375.000,-1,300.000,300.000,275.000,275.000,725.000,225.000,225.000,-1,650.000,700.000,-1,-1,2,0,2,0,2,0,0,0,0,0,0,0,2,0,0,2,2
50,351.040,-6904.530,142.513,-36.411,0.803486,0.593549,-0.045927,-0.591807,0.804733,0.046581,0.064607,-0.010247,0.997858,0,0.24000,0.27553,14.400,0.551,-1,375.000,-1,375.000,-1,300.000,300.000,275.000,275.000,750.000,225.000,225.000,-1,650.000,725.000,-1,-1,2,0,2,0,2,0,0,0,0,0,0,0,2,0,0,2,2
51,366.602,-6915.777,143.754,-35.857,0.809186,0.585717,-0.046412,-0.583837,0.810426,0.048425,0.065976,-0.012088,0.997748,0,0.32000,0.27741,19.200,0.555,-1,375.000,-1,375.000,-1,300.000,300.000,275.000,275.000,750.000,225.000,250.000,-1,650.000,725.000,-1,-1,2,0,2,0,2,0,0,0,0,0,0,0,2,0,0,2,2
52,386.190,-6929.645,145.402,-35.297,0.814807,0.577758,-0.047803,-0.575708,0.816095,0.050492,0.068184,-0.013620,0.997580,0,0.40000,0.27996,24.000,0.560,-1,375.000,-1,375.000,-1,300.000,300.000,275.000,275.000,750.000,225.000,250.000,-1,650.000,750.000,-1,-1,2,0,2,0,2,0,0,0,0,0,0,0,2,0,0,2,2
53,409.859,-6946.053,147.340,-34.730,0.820392,0.569649,-0.049565,-0.567393,0.821746,0.052902,0.070866,-0.015278,0.997369,0,0.48000,0.28318,28.800,0.566,-1,375.000,-1,375.000,-1,300.000,300.000,275.000,275.000,750.000,225.000,250.000,-1,675.000,775.000,-1,-1,2,0,2,0,2,0,0,0,0,0,0,0,2,0,0,2,2
54,437.664,-6964.918,149.553,-34.156,0.825949,0.561369,-0.051699,-0.558866,0.827390,0.055625,0.074002,-0.017051,0.997112,0,0.56000,0.28710,33.600,0.574,-1,375.000,-1,375.000,-1,300.000,325.000,250.000,300.000,750.000,225.000,250.000,-1,675.000,800.000,-1,-1,2,0,2,0,2,0,0,0,0,0,0,0,2,0,0,2,2
55,469.659,-6986.153,152.517,-33.573,0.831486,0.552915,-0.053990,-0.550321,0.833065,0.056115,0.076004,-0.016947,0.996963,0,0.64000,0.29174,38.400,0.583,-1,375.000,-1,400.000,-1,325.000,325.000,250.000,300.000,775.000,250.000,275.000,-1,675.000,825.000,-1,-1,2,0,2,0,2,0,0,0,0,0,0,0,2,0,0,2,2
56,505.899,-7009.668,155.877,-32.978,0.837016,0.544252,-0.056522,-0.541602,0.838763,0.056069,0.077924,-0.016318,0.996826,0,0.72000,0.29711,43.200,0.594,-1,375.000,-1,400.000,-1,325.000,325.000,275.000,300.000,800.000,275.000,300.000,-1,700.000,850.000,-1,-1,2,0,2,0,2,0,0,0,0,0,0,0,2,0,0,2,2
57,546.439,-7035.368,159.543,-32.372,0.842546,0.535351,-0.059301,-0.532657,0.844489,0.055816,0.079961,-0.015441,0.996678,0,0.80000,0.30323,48.000,0.606,-1,375.000,-1,400.000,-1,325.000,325.000,275.000,300.000,825.000,300.000,325.000,-1,700.000,875.000,-1,-1,2,0,2,0,2,0,0,0,0,0,0,0,2,0,0,2,2
58,590.743,-7062.786,163.537,-31.752,0.848052,0.526189,-0.062715,-0.523475,0.850253,0.055168,0.082352,-0.013956,0.996506,0,0.86835,0.31013,52.101,0.620,-1,375.000,-1,400.000,-1,325.000,325.000,275.000,300.000,850.000,325.000,350.000,-1,725.000,900.000,-1,-1,2,0,2,0,2,0,0,0,0,0,0,0,2,0,0,2,2
59,635.584,-7089.853,167.532,-31.116,0.853565,0.516740,-0.066381,-0.514033,0.856057,0.054197,0.084832,-0.012138,0.996321,0,0.87294,0.31771,52.376,0.635,-1,375.000,-1,400.000,-1,325.000,325.000,275.000,300.000,900.000,350.000,375.000,-1,750.000,950.000,-1,-1,2,0,2,0,2,0,0,0,0,0,0,0,2,0,0,2,2
60,680.982,-7116.558,171.460,-30.466,0.859106,0.506993,-0.069962,-0.504318,0.861889,0.053018,0.087179,-0.010265,0.996140,0,0.87783,0.32542,52.670,0.651,-1,400.000,-1,425.000,-1,325.000,325.000,275.000,275.000,925.000,375.000,400.000,975.000,775.000,975.000,-1,-1,2,0,2,0,2,0,0,0,0,0,0,0,1,0,0,2,2
61,726.958,-7142.887,175.324,-29.799,0.864670,0.496942,-0.073456,-0.494323,0.867744,0.051628,0.089397,-0.008331,0.995961,0,0.88301,0.33326,52.981,0.667,-1,400.000,-1,425.000,-1,325.000,325.000,275.000,275.000,950.000,400.000,400.000,925.000,800.000,-1,-1,-1,2,0,2,0,2,0,0,0,0,0,0,0,1,0,2,2,2
62,773.529,-7168.826,179.975,-29.117,0.870573,0.486566,-0.073181,-0.483920,0.873592,0.051551,0.089013,-0.009465,0.995986,0,0.88845,0.34122,53.307,0.682,-1,400.000,-1,425.000,-1,325.000,325.000,275.000,275.000,1000.000,450.000,475.000,925.000,825.000,-1,-1,-1,2,0,2,0,2,0,0,0,0,0,0,0,1,0,2,2,2
63,820.712,-7194.356,184.429,-28.418,0.876494,0.475876,-0.072801,-0.473268,0.879455,0.050753,0.088177,-0.010030,0.996054,0,0.89413,0.34930,53.648,0.699,-1,400.000,-1,425.000,-1,325.000,325.000,275.000,300.000,-1,525.000,525.000,950.000,825.000,-1,-1,-1,2,0,2,0,2,0,0,0,0,2,0,0,1,0,2,2,2
64,868.523,-7219.461,188.885,-27.703,0.882409,0.464861,-0.072513,-0.462270,0.885318,0.050186,0.087526,-0.010764,0.996104,0,0.90003,0.35749,54.002,0.715,-1,400.000,-1,425.000,-1,325.000,325.000,275.000,300.000,-1,575.000,575.000,975.000,825.000,-1,-1,-1,2,0,2,0,2,0,0,0,0,2,0,0,1,0,2,2,2
65,916.978,-7244.120,193.262,-26.971,0.888315,0.453516,-0.072251,-0.450954,0.891176,0.049458,0.086818,-0.011353,0.996159,0,0.90615,0.36580,54.369,0.732,-1,400.000,-1,450.000,-1,325.000,350.000,275.000,300.000,-1,625.000,625.000,-1,850.000,-1,-1,-1,2,0,2,0,2,0,0,0,0,2,0,0,2,0,2,2,2
66,961.347,-7266.221,197.154,-26.480,0.892204,0.445853,-0.072021,-0.443342,0.895033,0.048618,0.086138,-0.011447,0.996217,0,0.82615,0.24580,49.569,0.492,-1,400.000,-1,450.000,-1,325.000,350.000,275.000,300.000,-1,675.000,700.000,-1,850.000,-1,-1,-1,2,0,2,0,2,0,0,0,0,2,0,0,2,0,2,2,2
67,1003.541,-7287.009,200.999,-26.228,0.894196,0.441924,-0.071523,-0.439591,0.896995,0.046470,0.084692,-0.010112,0.996356,0,0.78396,0.12580,47.038,0.252,-1,400.000,-1,450.000,-1,325.000,350.000,275.000,300.000,-1,750.000,750.000,-1,875.000,-1,-1,-1,2,0,2,0,2,0,0,0,0,2,0,0,2,0,2,2,2
68,1046.046,-7307.939,204.843,-26.217,0.894331,0.441751,-0.070906,-0.439641,0.897102,0.043872,0.082990,-0.008063,0.996518,0,0.78965,0.00580,47.379,0.012,-1,400.000,-1,450.000,-1,325.000,350.000,275.000,300.000,-1,825.000,825.000,-1,875.000,-1,-1,-1,2,0,2,0,2,0,0,0,0,2,0,0,2,0,2,2,2
69,1088.779,-7329.193,208.604,-26.445,0.892606,0.445331,-0.070246,-0.443453,0.895348,0.041242,0.081261,-0.005662,0.996677,0,0.79544,-0.11420,47.726,-0.228,-1,400.000,-1,450.000,-1,325.000,350.000,275.000,300.000,-1,900.000,900.000,-1,900.000,-1,-1,-1,2,0,2,0,2,0,0,0,0,2,0,0,2,0,2,2,2
70,1131.650,-7350.955,212.278,-26.913,0.888978,0.452641,-0.069532,-0.451003,0.891688,0.038585,0.079466,-0.002943,0.996833,0,0.80131,-0.23420,48.079,-0.468,-1,400.000,-1,450.000,-1,325.000,350.000,275.000,300.000,-1,975.000,975.000,-1,900.000,-1,-1,-1,2,0,2,0,2,0,0,0,0,2,0,0,2,0,2,2,2
71,1174.563,-7373.410,215.982,-27.622,0.883365,0.463632,-0.068634,-0.462287,0.886027,0.035294,0.077175,0.000551,0.997017,0,0.80723,-0.35420,48.434,-0.708,-1,425.000,-1,450.000,-1,350.000,350.000,275.000,300.000,-1,-1,-1,-1,950.000,-1,-1,-1,2,0,2,0,2,0,0,0,0,2,2,2,2,0,2,2,2
72,1217.364,-7396.629,219.644,-28.480,0.876377,0.476854,-0.067632,-0.475819,0.878971,0.031706,0.074566,0.004395,0.997206,0,0.81158,-0.42935,48.695,-0.859,-1,425.000,-1,450.000,-1,350.000,350.000,275.000,300.000,-1,-1,-1,-1,975.000,-1,-1,-1,2,0,2,0,2,0,0,0,0,2,2,2,2,0,2,2,2
73,1259.813,-7420.488,222.983,-29.339,0.869269,0.489965,-0.065613,-0.489186,0.871712,0.028557,0.071188,0.007273,0.997436,0,0.81158,-0.42935,48.695,-0.859,-1,425.000,-1,450.000,-1,350.000,350.000,275.000,300.000,-1,-1,-1,-1,1000.000,-1,-1,-1,2,0,2,0,2,0,0,0,0,2,2,2,2,0,2,2,2
74,1301.899,-7444.980,226.153,-30.198,0.861985,0.502963,-0.063327,-0.502412,0.864252,0.025507,0.067560,0.009829,0.997667,0,0.81158,-0.42935,48.695,-0.859,-1,425.000,-1,450.000,-1,350.000,350.000,275.000,300.000,-1,-1,-1,-1,-1,-1,-1,-1,2,0,2,0,2,0,0,0,0,2,2,2,2,2,2,2,2
75,1343.614,-7470.100,229.197,-31.057,0.854508,0.515845,-0.060992,-0.515501,0.856595,0.022463,0.063832,0.012247,0.997885,0,0.81158,-0.42935,48.695,-0.859,-1,425.000,-1,450.000,-1,350.000,350.000,275.000,300.000,-1,-1,-1,-1,-1,-1,-1,-1,2,0,2,0,2,0,0,0,0,2,2,2,2,2,2,2,2
76,1380.970,-7493.149,231.836,-31.675,0.849034,0.525051,-0.058842,-0.524869,0.850954,0.019750,0.060442,0.014116,0.998072,0,0.73158,-0.30935,43.895,-0.619,-1,425.000,-1,450.000,-1,350.000,350.000,275.000,300.000,-1,-1,-1,-1,-1,-1,-1,-1,2,0,2,0,2,0,0,0,0,2,2,2,2,2,2,2,2
77,1414.104,-7513.896,234.112,-32.054,0.845680,0.530653,-0.056857,-0.530594,0.847448,0.017385,0.057408,0.015466,0.998231,0,0.65158,-0.18935,39.095,-0.379,-1,425.000,-1,450.000,-1,350.000,350.000,275.000,300.000,-1,-1,-1,-1,-1,-1,-1,-1,2,0,2,0,2,0,0,0,0,2,2,2,2,2,2,2,2
78,1443.126,-7532.167,235.992,-32.193,0.844497,0.532693,-0.055338,-0.532733,0.846146,0.015266,0.054956,0.016588,0.998351,0,0.57158,-0.06935,34.295,-0.139,-1,425.000,-1,450.000,-1,350.000,350.000,275.000,300.000,-1,-1,-1,-1,-1,-1,-1,-1,2,0,2,0,2,0,0,0,0,2,2,2,2,2,2,2,2
79,1468.114,-7547.836,237.558,-32.091,0.845527,0.531190,-0.054051,-0.531301,0.847076,0.013482,0.052947,0.017318,0.998447,0,0.49158,0.05065,29.495,0.101,-1,425.000,-1,450.000,-1,350.000,350.000,275.000,300.000,-1,-1,-1,-1,-1,-1,-1,-1,2,0,2,0,2,0,0,0,0,2,2,2,2,2,2,2,2
80,1489.113,-7560.831,238.836,-31.750,0.848750,0.526131,-0.052999,-0.526291,0.850220,0.012032,0.051391,0.017681,0.998522,0,0.41158,0.17065,24.695,0.341,-1,425.000,-1,450.000,-1,350.000,350.000,275.000,300.000,-1,-1,-1,-1,-1,-1,-1,-1,2,0,2,0,2,0,0,0,0,2,2,2,2,2,2,2,2
81,1506.136,-7571.127,239.745,-31.169,0.854110,0.517475,-0.052121,-0.517685,0.855508,0.010436,0.049990,0.018069,0.998586,0,0.33158,0.29065,19.895,0.581,-1,425.000,-1,450.000,-1,350.000,350.000,275.000,300.000,-1,-1,-1,-1,-1,-1,-1,-1,2,0,2,0,2,0,0,0,0,2,2,2,2,2,2,2,2
82,1519.142,-7578.788,240.403,-30.497,0.860169,0.507407,-0.051456,-0.507653,0.861513,0.009156,0.048976,0.018246,0.998633,0,0.25158,0.33588,15.095,0.672,-1,425.000,-1,450.000,-1,350.000,350.000,275.000,300.000,-1,-1,-1,-1,-1,-1,-1,-1,2,0,2,0,2,0,0,0,0,2,2,2,2,2,2,2,2
83,1528.073,-7583.908,240.841,-29.825,0.866094,0.497272,-0.051012,-0.497537,0.867403,0.008280,0.048365,0.018209,0.998664,0,0.17158,0.33588,10.295,0.672,-1,425.000,-1,450.000,-1,350.000,350.000,275.000,300.000,-1,-1,-1,-1,-1,-1,-1,-1,2,0,2,0,2,0,0,0,0,2,2,2,2,2,2,2,2
84,1532.872,-7586.584,241.065,-29.153,0.871884,0.487071,-0.050792,-0.487339,0.873178,0.007804,0.048152,0.017949,0.998679,0,0.09158,0.33588,5.495,0.672,-1,425.000,-1,450.000,-1,350.000,350.000,275.000,300.000,-1,-1,-1,-1,1000.000,-1,-1,-1,2,0,2,0,2,0,0,0,0,2,2,2,2,0,2,2,2
85,1533.482,-7586.916,241.076,-28.482,0.877540,0.476804,-0.050801,-0.477061,0.878836,0.007724,0.048328,0.017457,0.998679,0,0.01158,0.33588,0.695,0.672,-1,425.000,-1,450.000,-1,350.000,350.000,275.000,300.000,-1,-1,-1,-1,1000.000,-1,-1,-1,2,0,2,0,2,0,0,0,0,2,2,2,2,0,2,2,2
86,1529.851,-7585.001,240.873,-27.810,0.883061,0.466474,-0.051040,-0.466704,0.884377,0.008038,0.048888,0.016722,0.998664,0,-0.06842,0.33588,-4.105,0.672,-1,425.000,-1,450.000,-1,350.000,350.000,275.000,300.000,-1,-1,-1,-1,1000.000,-1,-1,-1,2,0,2,0,2,0,0,0,0,2,2,2,2,0,2,2,2
87,1521.926,-7580.939,240.450,-27.138,0.888446,0.456081,-0.051512,-0.456268,0.889799,0.008744,0.049823,0.015735,0.998634,0,-0.14842,0.33588,-8.905,0.672,-1,425.000,-1,450.000,-1,350.000,350.000,275.000,300.000,-1,-1,-1,-1,1000.000,-1,-1,-1,2,0,2,0,2,0,0,0,0,2,2,2,2,0,2,2,2
88,1509.657,-7574.831,239.801,-26.466,0.893695,0.445626,-0.052218,-0.445753,0.895102,0.009839,0.051124,0.014483,0.998587,0,-0.22842,0.33588,-13.705,0.672,-1,425.000,-1,450.000,-1,350.000,350.000,275.000,300.000,-1,-1,-1,-1,975.000,-1,-1,-1,2,0,2,0,2,0,0,0,0,2,2,2,2,0,2,2,2
89,1492.996,-7566.779,238.914,-25.795,0.898807,0.435110,-0.053158,-0.435156,0.900284,0.011323,0.052784,0.012955,0.998522,0,-0.30842,0.33588,-18.505,0.672,-1,425.000,-1,450.000,-1,350.000,350.000,275.000,300.000,-1,-1,-1,-1,975.000,-1,-1,-1,2,0,2,0,2,0,0,0,0,2,2,2,2,0,2,2,2
90,1480.612,-7560.909,238.248,-25.363,0.902021,0.428319,-0.053853,-0.428304,0.903550,0.012422,0.053979,0.011861,0.998472,0,-0.22842,0.21588,-13.705,0.432,-1,425.000,-1,450.000,-1,350.000,350.000,275.000,300.000,-1,-1,-1,-1,975.000,-1,-1,-1,2,0,2,0,2,0,0,0,0,2,2,2,2,0,2,2,2
91,1472.552,-7557.121,237.812,-25.171,0.903424,0.425296,-0.054297,-0.425241,0.904985,0.013140,0.054727,0.011218,0.998438,0,-0.14842,0.09588,-8.905,0.192,-1,425.000,-1,450.000,-1,350.000,350.000,275.000,300.000,-1,-1,-1,-1,975.000,-1,-1,-1,2,0,2,0,2,0,0,0,0,2,2,2,2,0,2,2,2
92,1468.838,-7555.372,237.612,-25.219,0.903053,0.426059,-0.054490,-0.425989,0.904628,0.013481,0.055037,0.011038,0.998423,0,-0.06842,-0.02412,-4.105,-0.048,-1,425.000,-1,450.000,-1,350.000,350.000,275.000,300.000,-1,-1,-1,-1,975.000,-1,-1,-1,2,0,2,0,2,0,0,0,0,2,2,2,2,0,2,2,2
93,1469.465,-7555.671,237.652,-25.508,0.900899,0.430603,-0.054430,-0.430542,0.902470,0.013444,0.054911,0.011323,0.998427,0,0.01158,-0.14412,0.695,-0.288,-1,425.000,-1,450.000,-1,350.000,350.000,275.000,300.000,-1,-1,-1,-1,975.000,-1,-1,-1,2,0,2,0,2,0,0,0,0,2,2,2,2,0,2,2,2
94,1474.402,-7558.083,237.931,-26.036,0.896904,0.438901,-0.054117,-0.438874,0.898454,0.013026,0.054339,0.012068,0.998450,0,0.09158,-0.26412,5.495,-0.528,-1,425.000,-1,450.000,-1,350.000,350.000,275.000,300.000,-1,-1,-1,-1,975.000,-1,-1,-1,2,0,2,0,2,0,0,0,0,2,2,2,2,0,2,2,2
95,1483.591,-7562.725,238.443,-26.804,0.890966,0.450902,-0.053553,-0.450931,0.892475,0.012223,0.053306,0.013258,0.998490,0,0.17158,-0.38412,10.295,-0.768,-1,425.000,-1,450.000,-1,350.000,350.000,275.000,300.000,-1,-1,-1,-1,1000.000,-1,-1,-1,2,0,2,0,2,0,0,0,0,2,2,2,2,0,2,2,2
96,1496.942,-7569.767,239.181,-27.812,0.882934,0.466526,-0.052742,-0.466632,0.884383,0.011030,0.051790,0.014872,0.998547,0,0.25158,-0.50412,15.095,-1.008,-1,425.000,-1,450.000,-1,350.000,350.000,275.000,300.000,-1,-1,-1,-1,1000.000,-1,-1,-1,2,0,2,0,2,0,0,0,0,2,2,2,2,0,2,2,2
97,1514.332,-7579.430,240.130,-29.061,0.872615,0.485665,-0.051689,-0.485866,0.873982,0.009442,0.049761,0.016874,0.998619,0,0.33158,-0.62412,19.895,-1.248,-1,425.000,-1,450.000,-1,350.000,350.000,275.000,300.000,-1,-1,-1,-1,-1,-1,-1,-1,2,0,2,0,2,0,0,0,0,2,2,2,2,2,2,2,2
98,1535.599,-7591.981,241.272,-30.549,0.859776,0.508179,-0.050403,-0.508487,0.861037,0.007454,0.047187,0.019220,0.998701,0,0.41158,-0.74412,24.695,-1.488,-1,425.000,-1,450.000,-1,350.000,350.000,275.000,300.000,-1,-1,-1,-1,-1,-1,-1,-1,2,0,2,0,2,0,0,0,0,2,2,2,2,2,2,2,2
99,1560.536,-7607.731,242.546,-32.277,0.844150,0.533888,-0.048719,-0.534305,0.845276,0.005129,0.043919,0.021701,0.998799,0,0.49158,-0.86412,29.495,-1.728,-1,425.000,-1,450.000,-1,350.000,350.000,275.000,300.000,-1,-1,-1,-1,-1,-1,-1,-1,2,0,2,0,2,0,0,0,0,2,2,2,2,2,2,2,2
100,1588.885,-7627.029,243.870,-34.245,0.825443,0.562575,-0.046405,-0.563083,0.826397,0.002525,0.039769,0.024045,0.998920,0,0.57158,-0.98412,34.295,-1.968,-1,425.000,-1,450.000,-1,350.000,350.000,275.000,300.000,-1,-1,-1,-1,-1,-1,-1,-1,2,0,2,0,2,0,0,0,0,2,2,2,2,2,2,2,2
101,1620.524,-7649.993,245.275,-35.974,0.808243,0.587210,-0.043909,-0.587795,0.809010,-0.000504,0.035227,0.026217,0.999035,0,0.65158,-0.86412,39.095,-1.728,-1,425.000,-1,450.000,-1,350.000,350.000,275.000,300.000,-1,-1,-1,-1,-1,-1,-1,-1,2,0,2,0,2,0,0,0,0,2,2,2,2,2,2,2,2
102,1655.366,-7676.691,246.721,-37.462,0.792873,0.607990,-0.041237,-0.608632,0.793443,-0.003930,0.030329,0.028214,0.999142,0,0.73158,-0.74412,43.895,-1.488,-1,425.000,-1,450.000,-1,350.000,350.000,275.000,275.000,-1,-1,-1,-1,-1,-1,-1,-1,2,0,2,0,2,0,0,0,0,2,2,2,2,2,2,2,2
103,1693.364,-7707.143,248.167,-38.710,0.779602,0.625097,-0.038387,-0.625771,0.779968,-0.007727,0.025111,0.030046,0.999233,0,0.81158,-0.62412,48.695,-1.248,-1,425.000,-1,450.000,-1,350.000,350.000,275.000,275.000,-1,-1,-1,-1,-1,-1,-1,-1,2,0,2,0,2,0,0,0,0,2,2,2,2,2,2,2,2
104,1734.512,-7741.327,249.450,-39.718,0.768642,0.638702,-0.035344,-0.639366,0.768820,-0.011242,0.019993,0.031239,0.999312,0,0.89158,-0.50412,53.495,-1.008,-1,425.000,-1,450.000,-1,350.000,350.000,275.000,275.000,-1,-1,-1,-1,-1,-1,-1,-1,2,0,2,0,2,0,0,0,0,2,2,2,2,2,2,2,2
105,1777.097,-7777.681,250.443,-40.487,0.760154,0.648945,-0.032193,-0.649562,0.760178,-0.014094,0.015326,0.031626,0.999382,0,0.93321,-0.38412,55.993,-0.768,-1,425.000,-1,450.000,-1,350.000,350.000,275.000,275.000,-1,-1,-1,-1,-1,-1,-1,-1,2,0,2,0,2,0,0,0,0,2,2,2,2,2,2,2,2
106,1819.346,-7814.427,251.130,-41.015,0.754277,0.655911,-0.029099,-0.656473,0.754146,-0.017518,0.010455,0.032316,0.999423,0,0.93321,-0.26412,55.993,-0.528,-1,425.000,-1,450.000,-1,350.000,350.000,275.000,275.000,-1,-1,-1,-1,1000.000,-1,-1,-1,2,0,2,0,2,0,0,0,0,2,2,2,2,0,2,2,2
107,1861.409,-7851.384,251.447,-41.303,0.751104,0.659668,-0.026085,-0.660164,0.750804,-0.021830,0.005184,0.033617,0.999421,0,0.93321,-0.14412,55.993,-0.288,-1,425.000,-1,450.000,-1,350.000,350.000,275.000,275.000,-1,-1,-1,-1,975.000,1000.000,-1,-1,2,0,2,0,2,0,0,0,0,2,2,2,2,0,0,2,2
108,1903.441,-7888.377,251.504,-41.351,0.750678,0.660288,-0.022429,-0.660668,0.750234,-0.025809,-0.000214,0.034192,0.999415,0,0.93321,-0.02412,55.993,-0.048,-1,425.000,-1,425.000,-1,350.000,350.000,275.000,275.000,-1,-1,-1,-1,950.000,950.000,-1,-1,2,0,2,0,2,0,0,0,0,2,2,2,2,0,0,2,2
109,1945.597,-7925.230,251.397,-41.160,0.752992,0.657768,-0.018566,-0.658007,0.752433,-0.029505,-0.005438,0.034434,0.999392,0,0.93321,0.09588,55.993,0.192,-1,425.000,-1,425.000,-1,350.000,350.000,275.000,300.000,-1,-1,-1,-1,925.000,925.000,-1,-1,2,0,2,0,2,0,0,0,0,2,2,2,2,0,0,2,2
110,1988.029,-7961.763,251.169,-40.728,0.758009,0.652077,-0.014747,-0.652164,0.757367,-0.032828,-0.010237,0.034502,0.999352,0,0.93321,0.21588,55.993,0.432,-1,425.000,-1,425.000,-1,325.000,350.000,275.000,300.000,-1,-1,-1,-1,900.000,900.000,-1,-1,2,0,2,0,2,0,0,0,0,2,2,2,2,0,0,2,2
111,2030.886,-7997.797,250.731,-40.056,0.765650,0.643164,-0.010952,-0.643099,0.764973,-0.035228,-0.014279,0.034015,0.999319,0,0.93321,0.33588,55.993,0.672,-1,425.000,-1,425.000,-1,325.000,325.000,275.000,300.000,-1,-1,-1,-1,875.000,875.000,-1,-1,2,0,2,0,2,0,0,0,0,2,2,2,2,0,0,2,2
112,2074.401,-8033.217,250.042,-39.144,0.775817,0.630906,-0.008040,-0.630716,0.775105,-0.037532,-0.017447,0.034189,0.999263,0,0.93513,0.45588,56.108,0.912,-1,400.000,-1,425.000,-1,325.000,325.000,300.000,300.000,-1,-1,-1,-1,850.000,850.000,-1,-1,2,0,2,0,2,0,0,0,0,2,2,2,2,0,0,2,2
113,2118.965,-8068.024,249.223,-37.993,0.788360,0.615189,-0.005472,-0.614886,0.787619,-0.039648,-0.020081,0.034622,0.999199,0,0.94244,0.57588,56.546,1.152,-1,400.000,-1,425.000,-1,325.000,325.000,300.000,300.000,-1,-1,-1,-1,850.000,850.000,-1,-1,2,0,2,0,2,0,0,0,0,2,2,2,2,0,0,2,2
114,2164.586,-8102.172,248.335,-36.815,0.800846,0.598863,-0.002981,-0.598448,0.800083,-0.041555,-0.022501,0.035063,0.999132,0,0.94976,0.58880,56.986,1.178,-1,400.000,-1,425.000,-1,325.000,325.000,300.000,300.000,-1,-1,-1,-1,825.000,825.000,-1,-1,2,0,2,0,2,0,0,0,0,2,2,2,2,0,0,2,2
115,2211.255,-8135.633,247.301,-35.640,0.812961,0.582318,-0.000565,-0.581784,0.812173,-0.043628,-0.024947,0.035797,0.999048,0,0.95707,0.58742,57.424,1.175,-1,400.000,-1,400.000,-1,325.000,325.000,300.000,300.000,-1,-1,-1,-1,825.000,800.000,-1,-1,2,0,2,0,2,0,0,0,0,2,2,2,2,0,0,2,2
116,2258.957,-8168.379,246.168,-34.469,0.824694,0.565577,0.001765,-0.564922,0.823881,-0.045646,-0.027270,0.036647,0.998956,0,0.96435,0.58565,57.861,1.171,-1,400.000,-1,400.000,-1,325.000,325.000,300.000,325.000,-1,-1,-1,-1,800.000,775.000,-1,-1,2,0,2,0,2,0,0,0,0,2,2,2,2,0,0,2,2
117,2307.679,-8200.385,244.700,-33.302,0.836052,0.548643,0.002762,-0.547907,0.835171,-0.047829,-0.028548,0.038474,0.998852,0,0.97157,0.58346,58.294,1.167,-1,400.000,-1,400.000,-1,325.000,325.000,300.000,300.000,-1,-1,-1,-1,800.000,-1,-1,-1,2,0,2,0,2,0,0,0,0,2,2,2,2,0,2,2,2
118,2357.402,-8231.624,243.134,-32.140,0.847015,0.531558,0.003479,-0.530752,0.846057,-0.049896,-0.029466,0.040416,0.998748,0,0.97870,0.58084,58.722,1.162,-1,400.000,-1,400.000,-1,325.000,325.000,300.000,300.000,-1,-1,-1,-1,800.000,-1,-1,-1,2,0,2,0,2,0,0,0,0,2,2,2,2,0,2,2,2
119,2408.106,-8262.071,241.567,-30.985,0.857568,0.514352,0.004329,-0.513476,0.856544,-0.051710,-0.030305,0.042122,0.998653,0,0.98571,0.57776,59.143,1.156,-1,400.000,-1,400.000,-1,325.000,325.000,300.000,300.000,-1,-1,-1,-1,775.000,-1,-1,-1,2,0,2,0,2,0,0,0,0,2,2,2,2,0,2,2,2
120,2459.766,-8291.699,239.946,-29.836,0.867704,0.497055,0.005037,-0.496135,0.866634,-0.052880,-0.030650,0.043385,0.998588,0,0.99257,0.57419,59.554,1.148,-1,400.000,-1,400.000,-1,325.000,325.000,300.000,300.000,-1,-1,-1,-1,775.000,-1,-1,-1,2,0,2,0,2,0,0,0,0,2,2,2,2,0,2,2,2
121,2512.356,-8320.487,238.252,-28.696,0.877417,0.479696,0.005640,-0.478756,0.876325,-0.053359,-0.030539,0.044118,0.998559,0,0.99923,0.57010,59.954,1.140,-1,400.000,-1,400.000,-1,325.000,325.000,300.000,300.000,-1,-1,-1,-1,775.000,-1,-1,-1,2,0,2,0,2,0,0,0,0,2,2,2,2,0,2,2,2
122,2565.545,-8348.252,236.544,-27.565,0.886701,0.462298,0.006461,-0.461337,0.885607,-0.053561,-0.030483,0.044512,0.998544,0,1.00000,0.56547,60.000,1.131,-1,400.000,-1,400.000,-1,325.000,325.000,300.000,300.000,-1,-1,-1,-1,775.000,-1,-1,-1,2,0,2,0,2,0,0,0,0,2,2,2,2,0,2,2,2
123,2619.267,-8374.972,234.832,-26.445,0.895555,0.444889,0.007446,-0.443908,0.894474,-0.053496,-0.030460,0.044603,0.998540,0,1.00000,0.56027,60.000,1.121,-1,400.000,-1,400.000,-1,325.000,325.000,300.000,300.000,-1,-1,-1,-1,775.000,-1,-1,-1,2,0,2,1,2,0,0,0,0,2,2,2,2,0,2,2,2
124,2673.496,-8400.647,233.164,-25.336,0.903979,0.427495,0.008346,-0.426500,0.902917,-0.053274,-0.030310,0.044599,0.998545,0,1.00000,0.55448,60.000,1.109,-1,400.000,-1,400.000,-1,325.000,325.000,300.000,300.000,-1,-1,-1,-1,775.000,-1,-1,-1,2,0,2,1,2,0,0,0,0,2,2,2,2,0,2,2,2
125,2728.206,-8425.279,231.456,-24.240,0.911980,0.410140,0.008802,-0.409151,0.910921,-0.053086,-0.029791,0.044812,0.998551,0,1.00000,0.54807,60.000,1.096,-1,400.000,-1,400.000,-1,325.000,325.000,300.000,300.000,-1,-1,-1,-1,775.000,-1,-1,-1,2,0,2,1,2,0,0,0,0,2,2,2,2,0,2,2,2
126,2783.371,-8448.875,229.759,-23.158,0.919553,0.392861,0.009081,-0.391886,0.918494,-0.052868,-0.029111,0.045056,0.998560,0,1.00000,0.54101,60.000,1.082,-1,400.000,-1,450.000,-1,325.000,325.000,300.000,300.000,-1,-1,-1,-1,775.000,-1,-1,-1,2,0,2,1,2,0,0,0,0,2,2,2,2,0,2,2,2
127,2838.966,-8471.439,228.116,-22.091,0.926696,0.375695,0.009326,-0.374739,0.925642,-0.052513,-0.028361,0.045169,0.998577,0,1.00000,0.53325,60.000,1.067,-1,400.000,-1,-1,-1,325.000,325.000,300.000,300.000,-1,-1,-1,-1,775.000,-1,-1,-1,2,0,2,2,2,0,0,0,0,2,2,2,2,0,2,2,2
128,2894.965,-8492.982,226.535,-21.041,0.933413,0.358678,0.009519,-0.357747,0.932370,-0.051991,-0.027524,0.045124,0.998602,0,1.00000,0.52477,60.000,1.050,-1,400.000,-1,-1,-1,325.000,325.000,300.000,300.000,-1,-1,-1,-1,775.000,-1,-1,-1,2,0,2,2,2,0,0,0,0,2,2,2,2,0,2,2,2
129,2951.343,-8513.513,225.014,-20.010,0.939707,0.341846,0.009658,-0.340945,0.938682,-0.051314,-0.026607,0.044927,0.998636,0,1.00000,0.51552,60.000,1.031,-1,400.000,-1,-1,-1,325.000,325.000,300.000,300.000,-1,-1,-1,-1,775.000,-1,-1,-1,2,0,2,2,2,0,0,0,0,2,2,2,2,0,2,2,2
130,3008.075,-8533.045,222.621,-18.999,0.945584,0.325184,0.011222,-0.324138,0.944430,-0.054649,-0.028369,0.048037,0.998443,0,1.00000,0.50548,60.000,1.011,-1,400.000,-1,-1,-1,300.000,300.000,300.000,300.000,-1,-1,-1,-1,775.000,-1,-1,-1,2,0,2,2,2,0,0,0,0,2,2,2,2,0,2,2,2
131,3065.135,-8551.595,219.907,-18.010,0.951043,0.308763,0.013500,-0.307480,0.949694,-0.059478,-0.031186,0.052416,0.998138,0,1.00000,0.49460,60.000,0.989,-1,375.000,-1,-1,-1,300.000,300.000,300.000,275.000,-1,-1,-1,-1,750.000,-1,-1,-1,2,0,2,2,2,0,0,0,0,2,2,2,2,0,2,2,2
132,3119.169,-8568.381,217.056,-17.261,0.954976,0.296229,0.016428,-0.294598,0.953361,-0.065684,-0.035120,0.057887,0.997705,0,0.94301,0.37460,56.581,0.749,975.000,375.000,-1,-1,-1,300.000,275.000,325.000,300.000,-1,-1,-1,-1,725.000,-1,975.000,-1,1,0,2,2,2,0,0,0,1,2,2,2,2,0,2,1,2
133,3173.280,-8584.664,213.871,-16.752,0.957532,0.287623,0.020117,-0.285482,0.955553,-0.073604,-0.040393,0.064735,0.997085,0,0.94179,0.25460,56.507,0.509,900.000,350.000,-1,-1,-1,275.000,275.000,325.000,300.000,-1,-1,-1,-1,700.000,-1,900.000,-1,1,0,2,2,2,0,0,0,1,2,2,2,2,0,2,1,2
134,3227.358,-8600.660,210.199,-16.483,0.958816,0.282976,0.024429,-0.280143,0.956372,-0.082896,-0.046820,0.072638,0.996259,0,0.93989,0.13460,56.393,0.269,850.000,350.000,-1,-1,-1,275.000,250.000,325.000,325.000,-1,-1,-1,-1,650.000,-1,850.000,-1,1,0,2,2,2,0,0,0,1,2,2,2,2,0,2,1,2
135,3281.298,-8616.584,205.999,-16.453,0.958867,0.282288,0.029783,-0.278478,0.955837,-0.093950,-0.054988,0.081792,0.995131,0,0.93734,0.01460,56.241,0.029,800.000,325.000,-1,-1,-1,250.000,250.000,350.000,350.000,-1,-1,-1,-1,625.000,-1,775.000,-1,1,0,2,2,2,0,0,0,1,2,2,2,2,0,2,1,2
136,3335.000,-8632.650,201.320,-16.664,0.957705,0.285526,0.035733,-0.280375,0.953866,-0.107376,-0.064743,0.092816,0.993576,0,0.93420,-0.10540,56.052,-0.211,725.000,300.000,-1,-1,-1,250.000,225.000,350.000,375.000,-1,-1,-1,-1,575.000,-1,700.000,-1,1,0,2,2,2,0,1,0,1,2,2,2,2,0,2,1,2
137,3388.364,-8649.072,196.275,-17.115,0.955304,0.292657,0.041785,-0.285788,0.950404,-0.122710,-0.075625,0.105284,0.991563,0,0.93053,-0.22540,55.832,-0.451,675.000,275.000,-1,-1,-1,225.000,225.000,375.000,400.000,-1,-1,-1,-1,525.000,-1,625.000,-1,1,0,2,2,2,0,1,0,1,2,2,2,2,0,2,1,2
