timestep,x_cm,y_cm,z_cm,yaw_deg,basis_xx,basis_xy,basis_xz,basis_yx,basis_yy,basis_yz,basis_zx,basis_zy,basis_zz,teleport_flag,throttle_cmd,steering_cmd,cmd_move_cm,cmd_turn_deg,lidar_cm_0,lidar_cm_1,lidar_cm_2,lidar_cm_3,lidar_cm_4,lidar_cm_5,lidar_cm_6,lidar_cm_7,lidar_cm_8,lidar_cm_9,lidar_cm_10,lidar_cm_11,lidar_cm_12,lidar_cm_13,lidar_cm_14,lidar_cm_15,lidar_cm_16,lidar_class_0,lidar_class_1,lidar_class_2,lidar_class_3,lidar_class_4,lidar_class_5,lidar_class_6,lidar_class_7,lidar_class_8,lidar_class_9,lidar_class_10,lidar_class_11,lidar_class_12,lidar_class_13,lidar_class_14,lidar_class_15,lidar_class_16
0,-8857.945,-9514.872,-4.714,-126.836,-0.600050,0.799055,0.038089,-0.799865,-0.598553,-0.044163,-0.012490,-0.056966,0.998298,1,0.08000,0.12000,4.800,0.240,-1,375.000,-1,375.000,-1,325.000,325.000,300.000,300.000,-1,800.000,725.000,-1,700.000,700.000,-1,-1,2,0,2,0,2,0,0,0,0,2,0,0,2,0,0,2,2
1,-8863.636,-9522.603,-4.815,-126.356,-0.593336,0.804042,0.038335,-0.804855,-0.591838,-0.043995,-0.012686,-0.056957,0.998296,0,0.16000,0.24000,9.600,0.480,-1,375.000,-1,375.000,-1,325.000,325.000,300.000,300.000,-1,800.000,700.000,-1,700.000,700.000,-1,-1,2,0,2,0,2,0,0,0,0,2,0,0,2,0,0,2,2
2,-8872.025,-9534.306,-4.978,-125.636,-0.583186,0.811417,0.038695,-0.812235,-0.581689,-0.043726,-0.012972,-0.056930,0.998294,0,0.24000,0.36000,14.400,0.720,-1,375.000,-1,375.000,-1,325.000,325.000,300.000,300.000,-1,775.000,700.000,-1,700.000,700.000,-1,-1,2,0,2,0,2,0,0,0,0,2,0,0,2,0,0,2,2
3,-8882.949,-9550.096,-5.218,-124.676,-0.569509,0.821052,0.039160,-0.821877,-0.568014,-0.043340,-0.013341,-0.056867,0.998293,0,0.32000,0.48000,19.200,0.960,-1,375.000,-1,400.000,-1,325.000,325.000,300.000,300.000,-1,750.000,675.000,-1,700.000,700.000,-1,-1,2,0,2,0,2,0,0,0,0,2,0,0,2,0,0,2,2
4,-8896.187,-9570.114,-5.552,-123.476,-0.552194,0.832769,0.039714,-0.833601,-0.550705,-0.042812,-0.013782,-0.056746,0.998294,0,0.40000,0.59979,24.000,1.200,-1,375.000,-1,400.000,-1,325.000,325.000,300.000,300.000,-1,725.000,650.000,-1,700.000,700.000,-1,-1,2,0,2,0,2,0,0,0,0,2,0,0,2,0,0,2,2
5,-8911.571,-9594.460,-6.003,-122.289,-0.534814,0.844006,0.040346,-0.844853,-0.533338,-0.042107,-0.014020,-0.056606,0.998298,0,0.48000,0.59355,28.800,1.187,-1,375.000,-1,400.000,-1,325.000,325.000,300.000,300.000,-1,675.000,625.000,-1,700.000,725.000,-1,-1,2,0,2,0,2,0,0,0,0,2,0,0,2,0,0,2,2
6,-8928.935,-9623.225,-6.574,-121.117,-0.517415,0.854751,0.041020,-0.855620,-0.515966,-0.041150,-0.014008,-0.056389,0.998311,0,0.56000,0.58613,33.600,1.172,-1,375.000,-1,400.000,-1,325.000,325.000,300.000,300.000,-1,650.000,600.000,-1,700.000,725.000,-1,-1,2,0,2,0,2,0,0,0,0,2,0,0,2,0,0,2,2
7,-8948.113,-9656.493,-7.267,-119.962,-0.500050,0.864995,0.041633,-0.865886,-0.498639,-0.040012,-0.013850,-0.056058,0.998331,0,0.64000,0.57757,38.400,1.155,-1,375.000,-1,400.000,-1,325.000,325.000,300.000,300.000,-1,600.000,575.000,-1,700.000,725.000,-1,-1,2,0,2,0,2,0,0,0,0,2,0,0,2,0,0,2,2
8,-8968.939,-9694.341,-7.931,-118.820,-0.482696,0.874813,0.041323,-0.875675,-0.481337,-0.038840,-0.014088,-0.054934,0.998391,0,0.72000,0.57079,43.200,1.142,-1,375.000,-1,400.000,-1,325.000,325.000,300.000,300.000,-1,600.000,575.000,-1,700.000,725.000,-1,-1,2,0,2,0,2,0,0,0,0,2,0,0,2,0,0,2,2
9,-8991.239,-9736.846,-8.732,-117.683,-0.465209,0.884257,0.040870,-0.885087,-0.463910,-0.037534,-0.014230,-0.053634,0.998459,0,0.80000,0.56868,48.000,1.137,-1,375.000,-1,400.000,-1,325.000,325.000,300.000,300.000,-1,600.000,575.000,-1,700.000,725.000,-1,-1,2,0,2,0,2,0,0,0,0,2,0,0,2,0,0,2,2
10,-9014.590,-9783.575,-9.571,-116.550,-0.447586,0.893344,0.040039,-0.894132,-0.446384,-0.035621,-0.013949,-0.051743,0.998563,0,0.87065,0.56634,52.239,1.133,-1,375.000,-1,400.000,-1,325.000,325.000,300.000,300.000,-1,600.000,550.000,-1,700.000,700.000,-1,-1,2,0,2,0,2,0,0,0,0,2,0,0,2,0,0,2,2
11,-9037.047,-9830.817,-10.418,-115.423,-0.429857,0.902057,0.038946,-0.902797,-0.428766,-0.033420,-0.013449,-0.049526,0.998682,0,0.87180,0.56379,52.308,1.128,-1,375.000,-1,400.000,-1,325.000,325.000,300.000,300.000,-1,575.000,550.000,-1,700.000,725.000,-1,-1,2,0,2,0,2,0,0,0,0,2,0,0,2,0,0,2,2
12,-9058.603,-9878.553,-11.336,-114.300,-0.412041,0.910384,0.037724,-0.911074,-0.411059,-0.031236,-0.012930,-0.047240,0.998800,0,0.87296,0.56124,52.377,1.122,-1,375.000,-1,400.000,-1,325.000,325.000,300.000,300.000,-1,575.000,525.000,-1,725.000,725.000,-1,-1,2,0,2,0,2,0,0,0,0,2,0,0,2,0,0,2,2
13,-9079.248,-9926.759,-12.134,-113.182,-0.394171,0.918301,0.036791,-0.918946,-0.393252,-0.029850,-0.012943,-0.045575,0.998877,0,0.87403,0.55888,52.442,1.118,-1,375.000,-1,400.000,-1,325.000,325.000,300.000,300.000,-1,600.000,550.000,-1,725.000,725.000,-1,-1,2,0,2,0,2,0,0,0,0,2,0,0,2,0,0,2,2
14,-9098.948,-9975.360,-12.745,-112.065,-0.376173,0.925830,0.036497,-0.926454,-0.375277,-0.029155,-0.013296,-0.044780,0.998908,0,0.87403,0.55888,52.442,1.118,-1,375.000,-1,400.000,-1,325.000,325.000,300.000,300.000,-1,625.000,575.000,-1,725.000,725.000,-1,-1,2,0,2,0,2,0,0,0,0,2,0,0,2,0,0,2,2
15,-9117.696,-10024.335,-13.278,-110.947,-0.358021,0.932989,0.036783,-0.933620,-0.357150,-0.028242,-0.013213,-0.044453,0.998924,0,0.87403,0.55888,52.442,1.118,-1,375.000,-1,400.000,-1,325.000,325.000,300.000,300.000,-1,650.000,600.000,-1,725.000,725.000,-1,-1,2,0,2,0,2,0,0,0,0,2,0,0,2,0,0,2,2
16,-9135.485,-10073.667,-13.874,-109.829,-0.339732,0.939794,0.036998,-0.940431,-0.338888,-0.027294,-0.013113,-0.044066,0.998943,0,0.87403,0.55888,52.442,1.118,-1,375.000,-1,400.000,-1,325.000,325.000,300.000,300.000,-1,650.000,625.000,-1,750.000,725.000,-1,-1,2,0,2,0,2,0,0,0,0,2,0,0,2,0,0,2,2
17,-9152.309,-10123.337,-14.532,-108.711,-0.321313,0.946245,0.037141,-0.946884,-0.320497,-0.026313,-0.012995,-0.043623,0.998964,0,0.87403,0.55888,52.442,1.118,-1,375.000,-1,400.000,-1,325.000,325.000,300.000,300.000,-1,675.000,625.000,-1,750.000,725.000,-1,-1,2,0,2,0,2,0,0,0,0,2,0,0,2,0,0,2,2
18,-9168.160,-10173.325,-15.248,-107.594,-0.302769,0.952337,0.037213,-0.952977,-0.301984,-0.025302,-0.012859,-0.043123,0.998987,0,0.87403,0.55888,52.442,1.118,-1,375.000,-1,400.000,-1,325.000,325.000,300.000,300.000,-1,700.000,650.000,-1,750.000,750.000,-1,-1,2,0,2,0,2,0,0,0,0,2,0,0,2,0,0,2,2
19,-9183.034,-10223.613,-16.023,-106.476,-0.284109,0.958070,0.037214,-0.958708,-0.283356,-0.024263,-0.012701,-0.042570,0.999013,0,0.87403,0.55888,52.442,1.118,-1,400.000,-1,400.000,-1,325.000,325.000,300.000,300.000,-1,725.000,650.000,-1,750.000,750.000,-1,-1,2,0,2,0,2,0,0,0,0,2,0,0,2,0,0,2,2
20,-9196.923,-10274.181,-16.793,-105.358,-0.265335,0.963430,0.037414,-0.964077,-0.264617,-0.023082,-0.012337,-0.042194,0.999033,0,0.87403,0.55888,52.442,1.118,-1,400.000,-1,400.000,-1,325.000,325.000,300.000,300.000,-1,725.000,650.000,-1,775.000,775.000,-1,-1,2,0,2,0,2,0,0,0,0,2,0,0,2,0,0,2,2
21,-9209.823,-10325.011,-17.584,-104.240,-0.246461,0.968433,0.037353,-0.969077,-0.245779,-0.021951,-0.012078,-0.041608,0.999061,0,0.87403,0.55888,52.442,1.118,-1,400.000,-1,400.000,-1,325.000,325.000,300.000,300.000,-1,725.000,675.000,-1,775.000,775.000,-1,-1,2,0,2,0,2,0,0,0,0,2,0,0,2,0,0,2,2
22,-9221.730,-10376.083,-18.434,-103.123,-0.227493,0.973070,0.037158,-0.973708,-0.226847,-0.020826,-0.011836,-0.040919,0.999092,0,0.87403,0.55888,52.442,1.118,-1,400.000,-1,400.000,-1,325.000,325.000,300.000,300.000,-1,750.000,675.000,-1,775.000,775.000,-1,-1,2,0,2,0,2,0,0,0,0,2,0,0,2,0,0,2,2
23,-9232.638,-10427.377,-19.334,-102.005,-0.208438,0.977343,0.036810,-0.977966,-0.207828,-0.019723,-0.011626,-0.040110,0.999128,0,0.87403,0.55888,52.442,1.118,-1,400.000,-1,400.000,-1,325.000,325.000,300.000,300.000,-1,750.000,700.000,-1,800.000,800.000,-1,-1,2,0,2,0,2,0,0,0,0,2,0,0,2,0,0,2,2
24,-9242.543,-10478.875,-20.207,-100.887,-0.189325,0.981258,0.035888,-0.981840,-0.188733,-0.019256,-0.012122,-0.038882,0.999170,0,0.87403,0.55888,52.442,1.118,-1,400.000,-1,400.000,-1,325.000,325.000,300.000,275.000,-1,775.000,725.000,-1,800.000,800.000,-1,-1,2,0,2,0,2,0,0,0,0,2,0,0,2,0,0,2,2
25,-9251.442,-10530.555,-21.168,-99.769,-0.170150,0.984790,0.035172,-0.985334,-0.169562,-0.019109,-0.012855,-0.037908,0.999199,0,0.87403,0.55888,52.442,1.118,-1,400.000,-1,400.000,-1,325.000,325.000,300.000,275.000,-1,800.000,750.000,-1,825.000,800.000,-1,-1,2,0,2,0,2,0,0,0,0,2,0,0,2,0,0,2,2
26,-9259.331,-10582.400,-22.096,-98.652,-0.150941,0.987937,0.034604,-0.988438,-0.150323,-0.019840,-0.014399,-0.037199,0.999204,0,0.87403,0.55888,52.442,1.118,-1,400.000,-1,400.000,-1,325.000,325.000,300.000,275.000,-1,875.000,825.000,-1,825.000,800.000,-1,-1,2,0,2,0,2,0,0,0,0,2,0,0,2,0,0,2,2
27,-9266.207,-10634.389,-23.107,-97.534,-0.131673,0.990713,0.033906,-0.991164,-0.131026,-0.020648,-0.016013,-0.036326,0.999212,0,0.87403,0.55888,52.442,1.118,-1,400.000,-1,400.000,-1,325.000,325.000,300.000,275.000,-1,950.000,875.000,-1,825.000,800.000,-1,-1,2,0,2,0,2,0,0,0,0,2,0,0,2,0,0,2,2
28,-9272.068,-10686.502,-24.169,-96.416,-0.112352,0.993114,0.033205,-0.993512,-0.111679,-0.021464,-0.017608,-0.035402,0.999218,0,0.87403,0.55888,52.442,1.118,-1,400.000,-1,400.000,-1,325.000,325.000,300.000,275.000,-1,1000.000,950.000,-1,825.000,825.000,-1,-1,2,0,2,0,2,0,0,0,0,2,0,0,2,0,0,2,2
29,-9276.911,-10738.719,-25.281,-95.298,-0.092984,0.995137,0.032504,-0.995483,-0.092288,-0.022291,-0.019183,-0.034430,0.999223,0,0.87403,0.55888,52.442,1.118,-1,400.000,-1,400.000,-1,325.000,325.000,300.000,275.000,-1,-1,-1,-1,825.000,825.000,-1,-1,2,0,2,0,2,0,0,0,0,2,2,2,2,0,0,2,2
30,-9280.734,-10791.021,-26.439,-94.181,-0.073577,0.996782,0.031804,-0.997074,-0.072861,-0.023129,-0.020737,-0.033412,0.999226,0,0.87403,0.55888,52.442,1.118,-1,400.000,-1,400.000,-1,325.000,325.000,300.000,275.000,-1,-1,-1,-1,825.000,825.000,-1,-1,2,0,2,0,2,0,0,0,0,2,2,2,2,0,0,2,2
31,-9283.536,-10843.388,-27.641,-93.063,-0.054139,0.998049,0.031110,-0.998285,-0.053404,-0.023980,-0.022272,-0.032355,0.999228,0,0.87403,0.55888,52.442,1.118,-1,400.000,-1,400.000,-1,325.000,325.000,300.000,275.000,-1,-1,-1,-1,825.000,825.000,-1,-1,2,0,2,0,2,0,0,0,0,2,2,2,2,0,0,2,2
32,-9284.954,-10891.008,-28.719,-91.705,-0.030503,0.999064,0.030684,-0.999245,-0.029741,-0.025000,-0.024064,-0.031424,0.999216,0,0.79403,0.67888,47.642,1.358,-1,400.000,-1,400.000,-1,325.000,325.000,300.000,275.000,-1,-1,-1,-1,825.000,825.000,-1,-1,2,0,2,0,2,0,0,0,0,2,2,2,2,0,0,2,2
33,-9285.035,-10933.849,-29.741,-90.107,-0.002660,0.999538,0.030293,-0.999661,-0.001873,-0.025963,-0.025894,-0.030352,0.999204,0,0.71403,0.79888,42.842,1.598,-1,400.000,-1,400.000,-1,325.000,325.000,300.000,275.000,-1,-1,-1,-1,825.000,825.000,-1,-1,2,0,2,0,2,0,0,0,0,2,2,2,2,0,0,2,2
34,-9284.011,-10971.877,-30.695,-88.458,0.026094,0.999211,0.029941,-0.999278,0.026899,-0.026839,-0.027623,-0.029219,0.999191,0,0.63403,0.82473,38.042,1.649,-1,400.000,-1,400.000,-1,325.000,325.000,300.000,275.000,-1,-1,-1,-1,825.000,825.000,-1,-1,2,0,2,0,2,0,0,0,0,2,2,2,2,0,0,2,2
35,-9282.161,-11005.067,-31.553,-86.808,0.054831,0.998054,0.029686,-0.998069,0.055652,-0.027580,-0.029179,-0.028117,0.999179,0,0.55403,0.82473,33.242,1.649,-1,400.000,-1,400.000,-1,325.000,325.000,300.000,275.000,-1,-1,-1,-1,825.000,825.000,-1,-1,2,0,2,0,2,0,0,0,0,2,2,2,2,0,0,2,2
36,-9279.761,-11033.407,-32.259,-85.159,0.083525,0.996063,0.029687,-0.996041,0.084359,-0.028042,-0.030436,-0.027227,0.999166,0,0.47403,0.82473,28.442,1.649,-1,400.000,-1,400.000,-1,325.000,325.000,300.000,300.000,-1,-1,-1,-1,800.000,850.000,-1,-1,2,0,2,0,2,0,0,0,0,2,2,2,2,0,0,2,2
37,-9277.089,-11056.897,-32.856,-83.510,0.112154,0.993246,0.029742,-0.993189,0.112998,-0.028406,-0.031575,-0.026353,0.999154,0,0.39403,0.82473,23.642,1.649,-1,400.000,-1,400.000,-1,325.000,325.000,300.000,300.000,-1,-1,-1,-1,800.000,850.000,-1,-1,2,0,2,0,2,0,0,0,0,2,2,2,2,0,0,2,2
38,-9274.422,-11075.549,-33.337,-81.860,0.140691,0.989603,0.029851,-0.989516,0.141544,-0.028680,-0.032607,-0.025503,0.999143,0,0.31403,0.82473,18.842,1.649,-1,400.000,-1,400.000,-1,325.000,325.000,300.000,300.000,-1,-1,-1,-1,800.000,850.000,-1,-1,2,0,2,0,2,0,0,0,0,2,2,2,2,0,0,2,2
39,-9272.034,-11089.386,-33.690,-80.211,0.169114,0.985139,0.030016,-0.985025,0.169974,-0.028872,-0.033545,-0.024684,0.999132,0,0.23403,0.82473,14.042,1.649,-1,400.000,-1,400.000,-1,325.000,325.000,300.000,300.000,-1,-1,-1,-1,800.000,850.000,-1,-1,2,0,2,0,2,0,0,0,0,2,2,2,2,0,0,2,2
40,-9270.202,-11098.444,-33.932,-78.561,0.197402,0.979859,0.030142,-0.979721,0.198264,-0.028941,-0.034335,-0.023818,0.999127,0,0.15403,0.82473,9.242,1.649,-1,400.000,-1,400.000,-1,325.000,325.000,300.000,300.000,-1,-1,-1,-1,800.000,850.000,-1,-1,2,0,2,0,2,0,0,0,0,2,2,2,2,0,0,2,2
41,-9269.196,-11102.770,-34.036,-76.912,0.225528,0.973765,0.030301,-0.973606,0.226391,-0.028937,-0.035038,-0.022976,0.999122,0,0.07403,0.82473,4.442,1.649,-1,400.000,-1,400.000,-1,325.000,325.000,300.000,300.000,-1,-1,-1,-1,800.000,850.000,-1,-1,2,0,2,0,2,0,0,0,0,2,2,2,2,0,0,2,2
42,-9269.288,-11102.423,-33.980,-75.262,0.253464,0.966862,0.030557,-0.966685,0.254331,-0.028901,-0.035715,-0.022214,0.999115,0,-0.00597,0.82473,-0.358,1.649,-1,400.000,-1,400.000,-1,325.000,325.000,300.000,300.000,-1,-1,-1,-1,800.000,850.000,-1,-1,2,0,2,0,2,0,0,0,0,2,2,2,2,0,0,2,2
43,-9270.743,-11097.474,-33.753,-73.613,0.281187,0.959155,0.030923,-0.958964,0.282060,-0.028824,-0.036368,-0.021549,0.999106,0,-0.08597,0.82473,-5.158,1.649,-1,400.000,-1,400.000,-1,325.000,325.000,300.000,300.000,-1,-1,-1,-1,800.000,850.000,-1,-1,2,0,2,0,2,0,0,0,0,2,2,2,2,0,0,2,2
44,-9273.827,-11088.005,-33.352,-71.963,0.308673,0.950650,0.031392,-0.950447,0.309556,-0.028718,-0.037019,-0.020971,0.999094,0,-0.16597,0.82473,-9.958,1.649,-1,400.000,-1,400.000,-1,325.000,325.000,300.000,300.000,-1,-1,-1,-1,800.000,850.000,-1,-1,2,0,2,0,2,0,0,0,0,2,2,2,2,0,0,2,2
45,-9278.798,-11074.109,-32.766,-70.314,0.335900,0.941355,0.031970,-0.941144,0.336795,-0.028583,-0.037674,-0.020487,0.999080,0,-0.24597,0.82473,-14.758,1.649,-1,400.000,-1,400.000,-1,325.000,325.000,300.000,300.000,-1,-1,-1,-1,775.000,825.000,-1,-1,2,0,2,0,2,0,0,0,0,2,2,2,2,0,0,2,2
46,-9282.383,-11064.818,-32.358,-68.905,0.358948,0.932796,0.032389,-0.932575,0.359851,-0.028465,-0.038207,-0.019988,0.999070,0,-0.16597,0.70473,-9.958,1.409,-1,400.000,-1,400.000,-1,325.000,325.000,300.000,300.000,-1,-1,-1,-1,775.000,825.000,-1,-1,2,0,2,0,2,0,0,0,0,2,2,2,2,0,0,2,2
47,-9284.337,-11060.045,-32.134,-67.735,0.377911,0.925266,0.032650,-0.925036,0.378818,-0.028369,-0.038617,-0.019481,0.999064,0,-0.08597,0.58473,-5.158,1.169,-1,400.000,-1,400.000,-1,325.000,325.000,300.000,300.000,-1,-1,1000.000,-1,775.000,825.000,-1,-1,2,0,2,0,2,0,0,0,0,2,2,0,2,0,0,2,2
48,-9284.479,-11059.715,-32.099,-66.806,0.392875,0.919008,0.032755,-0.918769,0.393781,-0.028300,-0.038906,-0.018976,0.999063,0,-0.00597,0.46473,-0.358,0.929,-1,400.000,-1,400.000,-1,325.000,325.000,300.000,300.000,-1,-1,975.000,-1,775.000,825.000,-1,-1,2,0,2,0,2,0,0,0,0,2,2,0,2,0,0,2,2
49,-9282.680,-11063.776,-32.256,-66.116,0.403914,0.914212,0.032706,-0.913962,0.404815,-0.028261,-0.039077,-0.018477,0.999065,0,0.07403,0.34473,4.442,0.689,-1,400.000,-1,400.000,-1,325.000,325.000,300.000,300.000,-1,-1,950.000,-1,775.000,825.000,-1,-1,2,0,2,0,2,0,0,0,0,2,2,0,2,0,0,2,2
50,-9278.873,-11072.197,-32.606,-65.667,0.411086,0.911017,0.032507,-0.910756,0.411977,-0.028255,-0.039133,-0.017991,0.999072,0,0.15403,0.22473,9.242,0.449,-1,400.000,-1,400.000,-1,325.000,325.000,300.000,300.000,-1,-1,950.000,-1,775.000,825.000,-1,-1,2,0,2,0,2,0,0,0,0,2,2,0,2,0,0,2,2
51,-9273.040,-11084.970,-33.163,-65.457,0.414432,0.909513,0.032124,-0.909239,0.415309,-0.028351,-0.039126,-0.017459,0.999082,0,0.23403,0.10473,14.042,0.209,-1,400.000,-1,400.000,-1,325.000,325.000,300.000,300.000,-1,-1,950.000,-1,775.000,825.000,-1,-1,2,0,2,0,2,0,0,0,0,2,2,0,2,0,0,2,2
52,-9265.223,-11102.114,-33.970,-65.488,0.413972,0.909746,0.031461,-0.909445,0.414829,-0.028739,-0.039196,-0.016715,0.999092,0,0.31403,-0.01527,18.842,-0.031,-1,400.000,-1,400.000,-1,325.000,325.000,300.000,300.000,-1,-1,975.000,-1,775.000,825.000,-1,-1,2,0,2,0,2,0,0,0,0,2,2,0,2,0,0,2,2
53,-9255.517,-11123.671,-34.980,-65.758,0.409700,0.911706,0.030608,-0.911376,0.410534,-0.029239,-0.039223,-0.015916,0.999104,0,0.39403,-0.13527,23.642,-0.271,-1,400.000,-1,400.000,-1,325.000,325.000,300.000,300.000,-1,-1,1000.000,-1,775.000,825.000,-1,-1,2,0,2,0,2,0,0,0,0,2,2,0,2,0,0,2,2
54,-9244.071,-11149.707,-36.188,-66.269,0.401594,0.915341,0.029559,-0.914978,0.402399,-0.029848,-0.039215,-0.015059,0.999117,0,0.47403,-0.25527,28.442,-0.511,-1,400.000,-1,400.000,-1,325.000,325.000,300.000,300.000,-1,-1,-1,-1,775.000,825.000,-1,-1,2,0,2,0,2,0,0,0,0,2,2,2,2,0,0,2,2
55,-9231.093,-11180.311,-37.585,-67.019,0.389609,0.920545,0.028304,-0.920147,0.390379,-0.030558,-0.039180,-0.014138,0.999132,0,0.55403,-0.37527,33.242,-0.751,-1,400.000,-1,400.000,-1,325.000,325.000,300.000,300.000,-1,-1,-1,-1,800.000,825.000,-1,-1,2,0,2,0,2,0,0,0,0,2,2,2,2,0,0,2,2
56,-9216.849,-11215.585,-39.164,-68.010,0.373681,0.927169,0.026837,-0.926732,0.374412,-0.031364,-0.039128,-0.013150,0.999148,0,0.63403,-0.49527,38.042,-0.991,-1,400.000,-1,400.000,-1,325.000,325.000,300.000,300.000,-1,-1,-1,-1,800.000,825.000,-1,-1,2,0,2,0,2,0,0,0,0,2,2,2,2,0,0,2,2
57,-9201.664,-11255.646,-41.010,-69.241,0.353726,0.935004,0.025404,-0.934545,0.354418,-0.031827,-0.038762,-0.012483,0.999170,0,0.71403,-0.61527,42.842,-1.231,-1,400.000,-1,400.000,-1,325.000,325.000,300.000,300.000,-1,-1,-1,-1,800.000,825.000,-1,-1,2,0,2,0,2,0,0,0,0,2,2,2,2,0,0,2,2
58,-9185.924,-11300.612,-43.239,-70.708,0.329665,0.943772,0.024817,-0.943294,0.330355,-0.032585,-0.038951,-0.012668,0.999161,0,0.79403,-0.73375,47.642,-1.468,-1,400.000,-1,400.000,-1,325.000,325.000,300.000,300.000,-1,-1,-1,-1,800.000,825.000,-1,-1,2,0,2,0,2,0,0,0,0,2,2,2,2,0,0,2,2
59,-9170.765,-11347.759,-45.537,-72.176,0.305356,0.951914,0.024846,-0.951413,0.306074,-0.033643,-0.039630,-0.013366,0.999125,0,0.82540,-0.73375,49.524,-1.468,-1,400.000,-1,400.000,-1,325.000,325.000,300.000,300.000,-1,-1,-1,-1,800.000,800.000,-1,-1,2,0,2,0,2,0,0,0,0,2,2,2,2,0,0,2,2
60,-9156.817,-11395.278,-47.729,-73.643,0.280831,0.959428,0.025158,-0.958900,0.281591,-0.034880,-0.040549,-0.014329,0.999075,0,0.82540,-0.73375,49.524,-1.468,-1,400.000,-1,400.000,-1,325.000,325.000,300.000,300.000,-1,-1,-1,-1,800.000,800.000,-1,-1,2,0,2,0,2,0,0,0,0,2,2,2,2,0,0,2,2
61,-9144.092,-11443.139,-49.892,-75.111,0.256121,0.966311,0.025404,-0.965754,0.256924,-0.036171,-0.041480,-0.015270,0.999023,0,0.82540,-0.73375,49.524,-1.468,-1,400.000,-1,400.000,-1,325.000,325.000,300.000,300.000,-1,-1,-1,-1,800.000,800.000,-1,-1,2,0,2,0,2,0,0,0,0,2,2,2,2,0,0,2,2
62,-9132.596,-11491.311,-52.025,-76.578,0.231242,0.972560,0.025582,-0.971971,0.232089,-0.037512,-0.042420,-0.016191,0.998969,0,0.82540,-0.73375,49.524,-1.468,-1,400.000,-1,400.000,-1,325.000,325.000,300.000,300.000,-1,-1,-1,-1,775.000,775.000,-1,-1,2,0,2,0,2,0,0,0,0,2,2,2,2,0,0,2,2
63,-9122.338,-11539.761,-54.128,-78.046,0.206213,0.978170,0.025689,-0.977546,0.207103,-0.038897,-0.043368,-0.017091,0.998913,0,0.82540,-0.73375,49.524,-1.468,-1,400.000,-1,400.000,-1,325.000,325.000,300.000,300.000,-1,-1,-1,-1,775.000,775.000,-1,-1,2,0,2,0,2,0,0,0,0,2,2,2,2,0,0,2,2
64,-9113.323,-11588.458,-56.199,-79.513,0.181048,0.983138,0.025720,-0.982475,0.181981,-0.040319,-0.044320,-0.017970,0.998856,0,0.82540,-0.73375,49.524,-1.468,-1,400.000,-1,400.000,-1,325.000,325.000,300.000,300.000,-1,-1,-1,-1,775.000,775.000,-1,-1,2,0,2,0,2,0,0,0,0,2,2,2,2,0,0,2,2
65,-9105.559,-11637.369,-58.238,-80.981,0.155765,0.987460,0.025675,-0.986756,0.156741,-0.041774,-0.045275,-0.018828,0.998797,0,0.82540,-0.73375,49.524,-1.468,-1,400.000,-1,400.000,-1,325.000,325.000,300.000,300.000,-1,-1,-1,-1,750.000,750.000,-1,-1,2,0,2,0,2,0,0,0,0,2,2,2,2,0,0,2,2
66,-9099.050,-11686.464,-60.244,-82.448,0.130382,0.991135,0.025550,-0.990386,0.131398,-0.043255,-0.046229,-0.019665,0.998737,0,0.82540,-0.73375,49.524,-1.468,-1,400.000,-1,400.000,-1,325.000,325.000,300.000,300.000,-1,-1,-1,-1,750.000,750.000,-1,-1,2,0,2,0,2,0,0,0,0,2,2,2,2,0,0,2,2
67,-9093.801,-11735.709,-62.217,-83.916,0.104913,0.994158,0.025345,-0.993362,0.105970,-0.044756,-0.047180,-0.020482,0.998676,0,0.82540,-0.73375,49.524,-1.468,-1,400.000,-1,400.000,-1,325.000,325.000,300.000,300.000,-1,-1,-1,-1,750.000,750.000,-1,-1,2,0,2,0,2,0,0,0,0,2,2,2,2,0,0,2,2
68,-9089.814,-11785.073,-64.188,-85.383,0.079385,0.996532,0.024938,-0.995686,0.080474,-0.046184,-0.048031,-0.021164,0.998622,0,0.82540,-0.73375,49.524,-1.468,-1,375.000,-1,375.000,-1,325.000,325.000,300.000,300.000,-1,-1,-1,-1,750.000,725.000,-1,-1,2,0,2,0,2,0,0,0,0,2,2,2,2,0,0,2,2
69,-9087.093,-11834.522,-66.293,-86.851,0.053830,0.998249,0.024507,-0.997409,0.054925,-0.046464,-0.047729,-0.021943,0.998619,0,0.82540,-0.73375,49.524,-1.468,-1,375.000,-1,375.000,-1,325.000,325.000,300.000,300.000,-1,-1,-1,-1,725.000,725.000,-1,-1,2,0,2,0,2,0,0,0,0,2,2,2,2,0,0,2,2
70,-9085.640,-11884.024,-68.454,-88.318,0.028240,0.999301,0.024484,-0.998517,0.029341,-0.045858,-0.046544,-0.023153,0.998648,0,0.82540,-0.73375,49.524,-1.468,-1,375.000,-1,375.000,-1,325.000,325.000,300.000,300.000,-1,-1,-1,-1,725.000,725.000,-1,-1,2,0,2,0,2,0,0,0,0,2,2,2,2,0,0,2,2
71,-9085.454,-11933.548,-70.583,-89.786,0.002633,0.999697,0.024489,-0.998969,0.003739,-0.045248,-0.045326,-0.024345,0.998676,0,0.82540,-0.73375,49.524,-1.468,-1,375.000,-1,375.000,-1,325.000,325.000,300.000,300.000,-1,-1,-1,-1,725.000,700.000,-1,-1,2,0,2,0,2,0,0,0,0,2,2,2,2,0,0,2,2
72,-9086.537,-11983.060,-72.679,-91.253,-0.022974,0.999435,0.024523,-0.998764,-0.021864,-0.044636,-0.044074,-0.025518,0.998702,0,0.82540,-0.73375,49.524,-1.468,-1,400.000,-1,375.000,-1,325.000,325.000,300.000,300.000,-1,-1,-1,-1,700.000,700.000,-1,-1,2,0,2,0,2,0,0,0,0,2,2,2,2,0,0,2,2
73,-9088.747,-12027.729,-74.539,-92.833,-0.050530,0.998420,0.024570,-0.997805,-0.049414,-0.044080,-0.042796,-0.026744,0.998726,0,0.74540,-0.79009,44.724,-1.580,-1,400.000,-1,375.000,-1,325.000,325.000,300.000,300.000,-1,-1,-1,-1,700.000,700.000,-1,-1,2,0,2,0,2,0,0,0,0,2,2,2,2,0,0,2,2
74,-9091.820,-12067.535,-76.168,-94.414,-0.078061,0.996644,0.024633,-0.996083,-0.076939,-0.043581,-0.041540,-0.027938,0.998746,0,0.66540,-0.79051,39.924,-1.581,-1,400.000,-1,375.000,-1,325.000,325.000,300.000,300.000,-1,-1,-1,-1,700.000,700.000,-1,-1,2,0,2,0,2,0,0,0,0,2,2,2,2,0,0,2,2
75,-9095.488,-12102.467,-77.573,-95.996,-0.105538,0.994108,0.024709,-0.993598,-0.104412,-0.043144,-0.040310,-0.029105,0.998763,0,0.58540,-0.79072,35.124,-1.581,-1,400.000,-1,375.000,-1,325.000,325.000,300.000,300.000,-1,-1,-1,-1,675.000,675.000,-1,-1,2,0,2,0,2,0,0,0,0,2,2,2,2,0,0,2,2
76,-9099.486,-12132.526,-78.763,-97.577,-0.132936,0.990814,0.024797,-0.990353,-0.131804,-0.042773,-0.039112,-0.030244,0.998777,0,0.50540,-0.79074,30.324,-1.581,-1,375.000,-1,400.000,-1,325.000,325.000,300.000,300.000,-1,-1,-1,-1,675.000,675.000,-1,-1,2,0,2,0,2,0,0,0,0,2,2,2,2,0,0,2,2
77,-9103.549,-12157.725,-79.743,-99.159,-0.160227,0.986767,0.024885,-0.986351,-0.159088,-0.042462,-0.037941,-0.031349,0.998788,0,0.42540,-0.79060,25.524,-1.581,-1,375.000,-1,400.000,-1,325.000,325.000,300.000,300.000,-1,-1,-1,-1,675.000,675.000,-1,-1,2,0,2,0,2,0,0,0,0,2,2,2,2,0,0,2,2
78,-9107.410,-12178.086,-80.521,-100.739,-0.187384,0.981969,0.024969,-0.981597,-0.186240,-0.042211,-0.036800,-0.032419,0.998797,0,0.34540,-0.79032,20.724,-1.581,-1,375.000,-1,400.000,-1,325.000,325.000,300.000,300.000,-1,-1,-1,-1,675.000,675.000,-1,-1,2,0,2,0,2,0,0,0,0,2,2,2,2,0,0,2,2
79,-9110.807,-12193.644,-81.105,-102.319,-0.214386,0.976428,0.025043,-0.976097,-0.213235,-0.042021,-0.035691,-0.033453,0.998803,0,0.26540,-0.78992,15.924,-1.580,-1,375.000,-1,400.000,-1,325.000,325.000,300.000,300.000,-1,-1,-1,-1,675.000,675.000,-1,-1,2,0,2,0,2,0,0,0,0,2,2,2,2,0,0,2,2
80,-9113.479,-12204.442,-81.506,-103.898,-0.241207,0.970149,0.025105,-0.969856,-0.240050,-0.041892,-0.034616,-0.034453,0.998807,0,0.18540,-0.78945,11.124,-1.579,-1,375.000,-1,400.000,-1,325.000,325.000,300.000,300.000,-1,-1,-1,-1,675.000,675.000,-1,-1,2,0,2,0,2,0,0,0,0,2,2,2,2,0,0,2,2
81,-9115.166,-12210.537,-81.730,-105.476,-0.267826,0.963139,0.025148,-0.962882,-0.266663,-0.041823,-0.033576,-0.035416,0.998808,0,0.10540,-0.78891,6.324,-1.578,-1,375.000,-1,400.000,-1,325.000,325.000,300.000,300.000,-1,-1,-1,-1,650.000,675.000,-1,-1,2,0,2,0,2,0,0,0,0,2,2,2,2,0,0,2,2
82,-9115.612,-12211.994,-81.790,-107.052,-0.294223,0.955405,0.025169,-0.955181,-0.293053,-0.041813,-0.032573,-0.036344,0.998808,0,0.02540,-0.78836,1.524,-1.577,-1,375.000,-1,400.000,-1,325.000,325.000,300.000,300.000,-1,-1,-1,-1,650.000,675.000,-1,-1,2,0,2,0,2,0,0,0,0,2,2,2,2,0,0,2,2
83,-9114.566,-12208.890,-81.693,-108.628,-0.320380,0.946955,0.025164,-0.946762,-0.319202,-0.041861,-0.031608,-0.037236,0.998807,0,-0.05460,-0.78781,-3.276,-1.576,-1,375.000,-1,400.000,-1,325.000,325.000,300.000,300.000,-1,-1,-1,-1,650.000,675.000,-1,-1,2,0,2,0,2,0,0,0,0,2,2,2,2,0,0,2,2
84,-9113.137,-12205.009,-81.574,-110.203,-0.346275,0.937796,0.025151,-0.937633,-0.345091,-0.041917,-0.030630,-0.038098,0.998804,0,-0.06893,-0.78730,-4.136,-1.575,-1,375.000,-1,400.000,-1,325.000,325.000,300.000,300.000,-1,-1,-1,-1,650.000,675.000,-1,-1,2,0,2,0,2,0,0,0,0,2,2,2,2,0,0,2,2
85,-9111.595,-12201.149,-81.460,-111.776,-0.371893,0.927935,0.025135,-0.927803,-0.370703,-0.041972,-0.029630,-0.038929,0.998803,0,-0.06929,-0.78682,-4.157,-1.574,-1,375.000,-1,375.000,-1,325.000,325.000,300.000,300.000,-1,-1,-1,-1,650.000,675.000,-1,-1,2,0,2,0,2,0,0,0,0,2,2,2,2,0,0,2,2
86,-9109.938,-12197.312,-81.351,-113.349,-0.397213,0.917383,0.025114,-0.917280,-0.396018,-0.042025,-0.028607,-0.039729,0.998801,0,-0.06966,-0.78636,-4.180,-1.573,-1,375.000,-1,375.000,-1,325.000,325.000,300.000,300.000,-1,-1,-1,-1,650.000,675.000,-1,-1,2,0,2,0,2,0,0,0,0,2,2,2,2,0,0,2,2
87,-9108.167,-12193.501,-81.247,-114.921,-0.422219,0.906147,0.025090,-0.906075,-0.421020,-0.042076,-0.027564,-0.040499,0.998799,0,-0.07004,-0.78591,-4.203,-1.572,-1,375.000,-1,375.000,-1,325.000,325.000,300.000,300.000,-1,-1,-1,-1,650.000,675.000,-1,-1,2,0,2,0,2,0,0,0,0,2,2,2,2,0,0,2,2
88,-9106.282,-12189.719,-81.147,-116.492,-0.446892,0.894237,0.025063,-0.894195,-0.445691,-0.042125,-0.026500,-0.041236,0.998798,0,-0.07044,-0.78549,-4.226,-1.571,-1,375.000,-1,375.000,-1,325.000,325.000,300.000,300.000,-1,-1,-1,-1,650.000,700.000,-1,-1,2,0,2,0,2,0,0,0,0,2,2,2,2,0,0,2,2
89,-9104.282,-12185.969,-81.054,-118.062,-0.471216,0.881663,0.025032,-0.881652,-0.470013,-0.042172,-0.025416,-0.041942,0.998797,0,-0.07084,-0.78507,-4.250,-1.570,-1,375.000,-1,375.000,-1,325.000,325.000,300.000,300.000,-1,-1,-1,-1,675.000,700.000,-1,-1,2,0,2,0,2,0,0,0,0,2,2,2,2,0,0,2,2
90,-9102.169,-12182.254,-80.965,-119.631,-0.495173,0.868435,0.024999,-0.868454,-0.493968,-0.042217,-0.024314,-0.042615,0.998796,0,-0.07125,-0.78468,-4.275,-1.569,-1,375.000,-1,375.000,-1,325.000,325.000,300.000,300.000,-1,-1,-1,-1,675.000,700.000,-1,-1,2,0,2,0,2,0,0,0,0,2,2,2,2,0,0,2,2
91,-9099.941,-12178.576,-80.882,-121.200,-0.518746,0.854564,0.024963,-0.854614,-0.517541,-0.042260,-0.023194,-0.043256,0.998795,0,-0.07166,-0.78430,-4.300,-1.569,-1,375.000,-1,375.000,-1,325.000,325.000,300.000,300.000,-1,-1,-1,-1,675.000,700.000,-1,-1,2,0,2,0,2,0,0,0,0,2,2,2,2,0,0,2,2
92,-9097.600,-12174.940,-80.804,-122.768,-0.541919,0.840061,0.024925,-0.840141,-0.540715,-0.042300,-0.022057,-0.043864,0.998794,0,-0.07208,-0.78394,-4.325,-1.568,-1,375.000,-1,375.000,-1,325.000,325.000,300.000,300.000,-1,-1,-1,-1,675.000,700.000,-1,-1,2,0,2,0,2,0,0,0,0,2,2,2,2,0,0,2,2
93,-9095.147,-12171.348,-80.732,-124.335,-0.564675,0.824938,0.024885,-0.825048,-0.563474,-0.042337,-0.020903,-0.044438,0.998793,0,-0.07251,-0.78360,-4.350,-1.567,-1,375.000,-1,375.000,-1,325.000,325.000,300.000,300.000,-1,-1,-1,-1,675.000,700.000,-1,-1,2,0,2,0,2,0,0,0,0,2,2,2,2,0,0,2,2
94,-9092.580,-12167.804,-80.666,-125.902,-0.587000,0.809206,0.024844,-0.809346,-0.585801,-0.042372,-0.019734,-0.044979,0.998793,0,-0.07294,-0.78327,-4.376,-1.567,-1,375.000,-1,375.000,-1,325.000,325.000,300.000,300.000,-1,-1,-1,-1,675.000,700.000,-1,-1,2,0,2,0,2,0,0,0,0,2,2,2,2,0,0,2,2
95,-9087.026,-12160.500,-80.512,-127.251,-0.605884,0.795168,0.024769,-0.795332,-0.604686,-0.042448,-0.018776,-0.045418,0.998792,0,-0.15294,-0.67482,-9.176,-1.350,-1,375.000,-1,375.000,-1,325.000,325.000,300.000,300.000,-1,-1,-1,-1,675.000,700.000,-1,-1,2,0,2,0,2,0,0,0,0,2,2,2,2,0,0,2,2
96,-9079.654,-12151.266,-80.322,-128.601,-0.624429,0.780691,0.024675,-0.780878,-0.623234,-0.042542,-0.017834,-0.045833,0.998790,0,-0.19693,-0.67474,-11.816,-1.349,-1,375.000,-1,375.000,-1,325.000,325.000,300.000,300.000,-1,-1,-1,-1,675.000,700.000,-1,-1,2,0,2,0,2,0,0,0,0,2,2,2,2,0,0,2,2
97,-9072.036,-12142.170,-80.145,-129.950,-0.642629,0.765783,0.024578,-0.765991,-0.641436,-0.042631,-0.016881,-0.046223,0.998788,0,-0.19775,-0.67477,-11.865,-1.350,-1,375.000,-1,375.000,-1,325.000,325.000,300.000,300.000,-1,-1,-1,-1,675.000,700.000,-1,-1,2,0,2,0,2,0,0,0,0,2,2,2,2,0,0,2,2
98,-9064.173,-12133.220,-79.981,-131.300,-0.660474,0.750449,0.024481,-0.750680,-0.659284,-0.042715,-0.015916,-0.046589,0.998787,0,-0.19857,-0.67483,-11.914,-1.350,-1,375.000,-1,375.000,-1,325.000,325.000,300.000,300.000,-1,-1,-1,-1,675.000,700.000,-1,-1,2,0,2,0,2,0,0,0,0,2,2,2,2,0,0,2,2
99,-9056.068,-12124.423,-79.829,-132.650,-0.677955,0.734699,0.024381,-0.734951,-0.676768,-0.042793,-0.014939,-0.046931,0.998786,0,-0.19936,-0.67492,-11.962,-1.350,-1,375.000,-1,375.000,-1,325.000,325.000,300.000,300.000,-1,-1,-1,-1,675.000,700.000,-1,-1,2,0,2,0,2,0,0,0,0,2,2,2,2,0,0,2,2
100,-9047.727,-12115.784,-79.690,-134.000,-0.695063,0.718539,0.024282,-0.718813,-0.693880,-0.042866,-0.013952,-0.047248,0.998786,0,-0.20015,-0.67504,-12.009,-1.350,-1,375.000,-1,375.000,-1,325.000,325.000,300.000,300.000,-1,-1,-1,-1,675.000,700.000,-1,-1,2,0,2,0,2,0,0,0,0,2,2,2,2,0,0,2,2
101,-9039.151,-12107.313,-79.565,-135.350,-0.711789,0.701977,0.024181,-0.702274,-0.710611,-0.042932,-0.012954,-0.047541,0.998785,0,-0.20091,-0.67519,-12.055,-1.350,-1,375.000,-1,375.000,-1,325.000,325.000,300.000,300.000,-1,-1,-1,-1,700.000,700.000,-1,-1,2,0,2,0,2,0,0,0,0,2,2,2,2,0,0,2,2
102,-9030.345,-12099.015,-79.452,-136.701,-0.728124,0.685022,0.024081,-0.685341,-0.726952,-0.042994,-0.011946,-0.047809,0.998785,0,-0.20166,-0.67537,-12.100,-1.351,-1,375.000,-1,375.000,-1,325.000,325.000,300.000,300.000,-1,-1,-1,-1,700.000,700.000,-1,-1,2,0,2,0,2,0,0,0,0,2,2,2,2,0,0,2,2
103,-9021.314,-12090.898,-79.332,-138.052,-0.744059,0.667680,0.024085,-0.668026,-0.742891,-0.043067,-0.010862,-0.048134,0.998782,0,-0.20239,-0.67557,-12.143,-1.351,-1,375.000,-1,375.000,-1,325.000,325.000,300.000,300.000,-1,-1,-1,-1,700.000,700.000,-1,-1,2,0,2,0,2,0,0,0,0,2,2,2,2,0,0,2,2
104,-9012.061,-12082.969,-79.203,-139.404,-0.759584,0.649959,0.024190,-0.650337,-0.758419,-0.043158,-0.009705,-0.048514,0.998775,0,-0.20310,-0.67580,-12.186,-1.352,-1,375.000,-1,375.000,-1,325.000,325.000,300.000,300.000,-1,-1,-1,-1,700.000,700.000,-1,-1,2,0,2,0,2,0,0,0,0,2,2,2,2,0,0,2,2
105,-9002.592,-12075.234,-79.089,-140.756,-0.774693,0.631871,0.024290,-0.632280,-0.773532,-0.043253,-0.008542,-0.048866,0.998769,0,-0.20379,-0.67606,-12.227,-1.352,-1,375.000,-1,375.000,-1,325.000,325.000,300.000,300.000,-1,-1,-1,-1,700.000,700.000,-1,-1,2,0,2,0,2,0,0,0,0,2,2,2,2,0,0,2,2
106,-8996.750,-12070.648,-79.027,-141.868,-0.786797,0.616731,0.024365,-0.617166,-0.785640,-0.043314,-0.007571,-0.049117,0.998764,0,-0.12379,-0.55606,-7.427,-1.112,-1,375.000,-1,375.000,-1,325.000,325.000,300.000,300.000,-1,-1,-1,-1,700.000,700.000,-1,-1,2,0,2,0,2,0,0,0,0,2,2,2,2,0,0,2,2
107,-8994.656,-12069.061,-79.008,-142.841,-0.797150,0.603288,0.024426,-0.603745,-0.795999,-0.043341,-0.006704,-0.049297,0.998762,0,-0.04379,-0.48678,-2.627,-0.974,-1,375.000,-1,375.000,-1,325.000,325.000,300.000,300.000,-1,-1,-1,-1,700.000,700.000,-1,-1,2,0,2,0,2,0,0,0,0,2,2,2,2,0,0,2,2
108,-8996.410,-12070.344,-79.023,-143.815,-0.807271,0.589672,0.024483,-0.590152,-0.806128,-0.043336,-0.005818,-0.049432,0.998761,0,0.03621,-0.48676,2.173,-0.974,-1,375.000,-1,375.000,-1,325.000,325.000,300.000,300.000,-1,-1,-1,-1,700.000,700.000,-1,-1,2,0,2,0,2,0,0,0,0,2,2,2,2,0,0,2,2
109,-9002.107,-12074.364,-79.064,-144.788,-0.817156,0.575894,0.024536,-0.576396,-0.816023,-0.043298,-0.004913,-0.049524,0.998761,0,0.11621,-0.48655,6.973,-0.973,-1,375.000,-1,375.000,-1,325.000,325.000,300.000,300.000,-1,-1,-1,-1,700.000,700.000,-1,-1,2,0,2,0,2,0,0,0,0,2,2,2,2,0,0,2,2
110,-9011.839,-12080.988,-79.122,-145.760,-0.826797,0.561963,0.024588,-0.562487,-0.825675,-0.043229,-0.003992,-0.049572,0.998763,0,0.19621,-0.48613,11.773,-0.972,-1,375.000,-1,375.000,-1,325.000,325.000,300.000,300.000,-1,-1,-1,-1,700.000,700.000,-1,-1,2,0,2,0,2,0,0,0,0,2,2,2,2,0,0,2,2
111,-9025.696,-12090.079,-79.181,-146.731,-0.836188,0.547891,0.024601,-0.548435,-0.835081,-0.043116,-0.003079,-0.049545,0.998767,0,0.27621,-0.48550,16.573,-0.971,-1,375.000,-1,375.000,-1,325.000,325.000,300.000,300.000,-1,-1,-1,-1,700.000,700.000,-1,-1,2,0,2,0,2,0,0,0,0,2,2,2,2,0,0,2,2
112,-9043.762,-12101.500,-79.222,-147.701,-0.845324,0.533690,0.024523,-0.534249,-0.844236,-0.042938,-0.002213,-0.049398,0.998777,0,0.35621,-0.48464,21.373,-0.969,-1,375.000,-1,375.000,-1,325.000,325.000,300.000,300.000,-1,-1,-1,-1,700.000,700.000,-1,-1,2,0,2,0,2,0,0,0,0,2,2,2,2,0,0,2,2
113,-9066.118,-12115.109,-79.251,-148.668,-0.854200,0.519370,0.024431,-0.519943,-0.853132,-0.042717,-0.001344,-0.049192,0.998788,0,0.43621,-0.48355,26.173,-0.967,-1,375.000,-1,375.000,-1,325.000,325.000,300.000,300.000,-1,-1,-1,-1,700.000,700.000,-1,-1,2,0,2,0,2,0,0,0,0,2,2,2,2,0,0,2,2
114,-9092.841,-12130.768,-79.259,-149.632,-0.862809,0.504944,0.024324,-0.505529,-0.861764,-0.042451,-0.000473,-0.048924,0.998802,0,0.51621,-0.48221,30.973,-0.964,-1,375.000,-1,375.000,-1,325.000,325.000,300.000,300.000,-1,-1,-1,-1,700.000,700.000,-1,-1,2,0,2,0,2,0,0,0,0,2,2,2,2,0,0,2,2
115,-9124.005,-12148.332,-79.148,-150.593,-0.871141,0.490416,0.024606,-0.491033,-0.870114,-0.042299,0.000666,-0.048930,0.998802,0,0.59621,-0.48060,35.773,-0.961,-1,375.000,-1,375.000,-1,325.000,300.000,300.000,300.000,-1,-1,-1,-1,700.000,700.000,-1,-1,2,0,2,0,2,0,0,0,0,2,2,2,2,0,0,2,2
116,-9159.679,-12167.660,-78.897,-151.551,-0.879189,0.475801,0.025313,-0.476469,-0.878173,-0.042297,0.002104,-0.049247,0.998784,0,0.67621,-0.47872,40.573,-0.957,-1,375.000,-1,375.000,-1,325.000,300.000,300.000,300.000,-1,-1,-1,-1,675.000,700.000,-1,-1,2,0,2,0,2,0,0,0,0,2,2,2,2,0,0,2,2
117,-9199.926,-12188.608,-78.576,-152.504,-0.886954,0.461120,0.026101,-0.461844,-0.885951,-0.042317,0.003611,-0.049588,0.998763,0,0.75621,-0.47656,45.373,-0.953,-1,375.000,-1,375.000,-1,300.000,300.000,300.000,300.000,-1,-1,-1,-1,675.000,700.000,-1,-1,2,0,2,0,2,0,0,0,0,2,2,2,2,0,0,2,2
118,-9241.524,-12209.391,-78.203,-153.452,-0.894435,0.446388,0.026915,-0.447169,-0.893446,-0.042364,0.005137,-0.049927,0.998740,0,0.77500,-0.47411,46.500,-0.948,-1,375.000,-1,375.000,-1,300.000,300.000,300.000,300.000,-1,-1,-1,-1,675.000,700.000,-1,-1,2,0,2,0,2,0,0,0,0,2,2,2,2,0,0,2,2
119,-9283.487,-12229.501,-77.758,-154.395,-0.901628,0.431612,0.027897,-0.432459,-0.900651,-0.042516,0.006775,-0.050398,0.998706,0,0.77555,-0.47153,46.533,-0.943,-1,375.000,-1,375.000,-1,300.000,300.000,300.000,300.000,-1,-1,-1,-1,675.000,675.000,-1,-1,2,0,2,0,2,0,0,0,0,2,2,2,2,0,0,2,2
120,-9325.793,-12248.930,-77.276,-155.333,-0.908538,0.416803,0.028887,-0.417718,-0.907573,-0.042705,0.008418,-0.050866,0.998670,0,0.77589,-0.46890,46.554,-0.938,-1,375.000,-1,375.000,-1,300.000,300.000,300.000,300.000,-1,-1,-1,-1,675.000,675.000,-1,-1,2,0,2,0,2,0,0,0,0,2,2,2,2,0,0,2,2
121,-9368.417,-12267.671,-76.546,-156.266,-0.915149,0.401986,0.030149,-0.402972,-0.914254,-0.041863,0.010735,-0.050460,0.998668,0,0.77604,-0.46623,46.562,-0.932,-1,375.000,-1,375.000,-1,300.000,300.000,300.000,300.000,-1,-1,-1,-1,675.000,675.000,-1,-1,2,0,2,0,2,0,0,0,0,2,2,2,2,0,0,2,2
122,-9411.337,-12285.719,-75.765,-157.193,-0.921480,0.387151,0.031448,-0.388205,-0.920660,-0.041001,0.013079,-0.049990,0.998664,0,0.77599,-0.46353,46.560,-0.927,-1,375.000,-1,375.000,-1,300.000,300.000,300.000,300.000,-1,-1,-1,-1,675.000,675.000,-1,-1,2,0,2,0,2,0,0,0,0,2,2,2,2,0,0,2,2
123,-9454.528,-12303.068,-74.946,-158.114,-0.927533,0.372301,0.032768,-0.373422,-0.926791,-0.040179,0.015410,-0.049503,0.998655,0,0.77575,-0.46082,46.545,-0.922,-1,375.000,-1,375.000,-1,300.000,300.000,300.000,300.000,-1,-1,-1,-1,675.000,700.000,-1,-1,2,0,2,0,2,0,0,0,0,2,2,2,2,0,0,2,2
124,-9497.967,-12319.716,-74.089,-159.030,-0.933312,0.357443,0.034107,-0.358628,-0.932649,-0.039397,0.017728,-0.049002,0.998641,0,0.77532,-0.45811,46.519,-0.916,-1,375.000,-1,375.000,-1,325.000,325.000,300.000,300.000,-1,-1,975.000,-1,675.000,700.000,-1,-1,2,0,2,0,2,0,0,0,0,2,2,0,2,0,0,2,2
125,-9541.631,-12335.659,-73.196,-159.941,-0.938819,0.342580,0.035466,-0.343828,-0.938237,-0.038656,0.020032,-0.048485,0.998623,0,0.77472,-0.45542,46.483,-0.911,-1,375.000,-1,375.000,-1,325.000,325.000,300.000,300.000,-1,900.000,875.000,-1,675.000,700.000,-1,-1,2,0,2,0,2,0,0,0,0,2,0,0,2,0,0,2,2
126,-9585.498,-12350.893,-72.266,-160.848,-0.944063,0.327701,0.036840,-0.329009,-0.943564,-0.037957,0.022323,-0.047955,0.998600,0,0.77394,-0.45328,46.436,-0.907,-1,375.000,-1,375.000,-1,325.000,325.000,300.000,300.000,-1,825.000,775.000,-1,700.000,700.000,-1,-1,2,0,2,0,2,0,0,0,0,2,0,0,2,0,0,2,2
127,-9629.546,-12365.416,-71.301,-161.752,-0.949056,0.312780,0.038231,-0.314146,-0.948642,-0.037300,0.024601,-0.047410,0.998573,0,0.77301,-0.45205,46.381,-0.904,-1,375.000,-1,375.000,-1,325.000,325.000,300.000,300.000,-1,750.000,725.000,-1,700.000,700.000,-1,-1,2,0,2,0,2,0,0,0,0,2,0,0,2,0,0,2,2
128,-9673.757,-12379.224,-70.301,-162.654,-0.953800,0.297816,0.039635,-0.299239,-0.953473,-0.036685,0.026866,-0.046851,0.998541,0,0.77194,-0.45098,46.316,-0.902,-1,375.000,-1,375.000,-1,325.000,325.000,300.000,300.000,-1,700.000,650.000,-1,700.000,700.000,-1,-1,2,0,2,0,2,0,0,0,0,2,0,0,2,0,0,2,2
129,-9718.110,-12392.316,-69.266,-163.554,-0.958298,0.282808,0.041053,-0.284285,-0.958059,-0.036114,0.029118,-0.046278,0.998504,0,0.77074,-0.45007,46.245,-0.900,-1,375.000,-1,375.000,-1,325.000,325.000,300.000,300.000,-1,625.000,600.000,-1,700.000,700.000,-1,-1,2,0,2,0,2,0,0,0,0,2,0,0,2,0,0,2,2
130,-9762.588,-12404.690,-68.148,-164.453,-0.962555,0.267752,0.042389,-0.269284,-0.962395,-0.035803,0.031208,-0.045877,0.998459,0,0.76944,-0.44934,46.167,-0.899,-1,375.000,-1,375.000,-1,325.000,300.000,300.000,300.000,-1,575.000,575.000,-1,700.000,700.000,-1,-1,2,0,2,0,2,0,0,0,0,2,0,0,2,0,0,2,2
131,-9807.173,-12416.345,-66.761,-165.350,-0.966576,0.252638,0.043648,-0.254252,-0.966451,-0.036454,0.032974,-0.046334,0.998382,0,0.76806,-0.44877,46.084,-0.898,-1,375.000,-1,375.000,-1,325.000,300.000,300.000,300.000,-1,575.000,575.000,-1,700.000,700.000,-1,-1,2,0,2,0,2,0,0,0,0,2,0,0,2,0,0,2,2
132,-9856.547,-12428.649,-65.078,-166.008,-0.969333,0.241518,0.045409,-0.243253,-0.969236,-0.037547,0.034944,-0.047442,0.998263,0,0.84806,-0.32877,50.884,-0.658,-1,375.000,-1,375.000,-1,325.000,300.000,275.000,300.000,-1,550.000,575.000,-1,700.000,700.000,-1,-1,2,0,2,0,2,0,0,0,0,2,0,0,2,0,0,2,2
133,-9907.739,-12441.009,-63.205,-166.425,-0.971005,0.234439,0.046776,-0.236270,-0.970929,-0.038391,0.036416,-0.048330,0.998167,0,0.87771,-0.20877,52.662,-0.418,-1,375.000,-1,375.000,-1,325.000,300.000,275.000,300.000,-1,550.000,575.000,-1,700.000,700.000,-1,-1,2,0,2,0,2,0,0,0,0,2,0,0,2,0,0,2,2
134,-9958.889,-12453.192,-61.024,-166.603,-0.971674,0.231429,0.047861,-0.233306,-0.971653,-0.038201,0.037664,-0.048285,0.998123,0,0.87636,-0.08877,52.581,-0.178,-1,375.000,-1,375.000,-1,325.000,325.000,275.000,300.000,-1,575.000,600.000,-1,700.000,700.000,-1,-1,2,0,2,0,2,0,0,0,0,2,0,0,2,0,0,2,2
135,-10009.957,-12465.414,-58.711,-166.540,-0.971354,0.232492,0.049180,-0.234406,-0.971414,-0.037525,0.039050,-0.047978,0.998085,0,0.87516,0.03123,52.509,0.062,-1,375.000,-1,375.000,-1,325.000,325.000,275.000,300.000,-1,575.000,600.000,-1,700.000,725.000,-1,-1,2,0,2,0,2,0,0,0,0,2,0,0,2,0,0,2,2
