timestep,x_cm,y_cm,z_cm,yaw_deg,basis_xx,basis_xy,basis_xz,basis_yx,basis_yy,basis_yz,basis_zx,basis_zy,basis_zz,teleport_flag,throttle_cmd,steering_cmd,cmd_move_cm,cmd_turn_deg,lidar_cm_0,lidar_cm_1,lidar_cm_2,lidar_cm_3,lidar_cm_4,lidar_cm_5,lidar_cm_6,lidar_cm_7,lidar_cm_8,lidar_cm_9,lidar_cm_10,lidar_cm_11,lidar_cm_12,lidar_cm_13,lidar_cm_14,lidar_cm_15,lidar_cm_16,lidar_class_0,lidar_class_1,lidar_class_2,lidar_class_3,lidar_class_4,lidar_class_5,lidar_class_6,lidar_class_7,lidar_class_8,lidar_class_9,lidar_class_10,lidar_class_11,lidar_class_12,lidar_class_13,lidar_class_14,lidar_class_15,lidar_class_16
0,-4704.643,8268.367,23.134,159.263,-0.935192,-0.354028,-0.008960,0.354074,-0.935208,-0.004144,-0.006912,-0.007048,0.999951,0,0.43432,-0.62325,0.785,-0.001,-1,639.352,-1,690.410,-1,551.003,558.220,592.215,615.991,-1,-1,-1,-1,956.884,-1,-1,-1,2,0,2,0,2,0,0,0,0,2,2,2,2,0,2,2,2
1,-4705.668,8269.128,24.041,159.246,-0.935102,-0.354324,-0.006189,0.354352,-0.935103,-0.004162,-0.004313,-0.006085,0.999972,0,0.43432,-0.62325,1.276,-0.017,-1,646.388,-1,697.770,-1,557.204,565.274,597.604,616.635,-1,-1,-1,-1,970.058,-1,-1,-1,2,0,2,0,2,0,0,0,0,2,2,2,2,0,2,2,2
2,-4707.129,8270.098,23.751,159.208,-0.934877,-0.354962,-0.002619,0.354971,-0.934863,-0.005230,-0.000592,-0.005819,0.999983,0,0.43432,-0.62325,1.753,-0.038,-1,652.543,-1,705.335,-1,562.758,571.943,597.885,615.497,-1,-1,-1,-1,982.954,-1,-1,-1,2,0,2,0,2,0,0,0,0,2,2,2,2,0,2,2,2
3,-4709.035,8271.251,22.518,159.154,-0.934537,-0.355865,0.000432,0.355854,-0.934517,-0.006790,0.002820,-0.006191,0.999977,0,0.43432,-0.62325,2.228,-0.054,-1,655.654,-1,710.332,-1,565.745,575.518,593.740,613.029,-1,-1,-1,-1,990.934,-1,-1,-1,2,0,2,0,2,0,0,0,0,2,2,2,2,0,2,2,2
4,-4711.286,8272.514,20.648,159.087,-0.934114,-0.356972,0.001094,0.356954,-0.934090,-0.007680,0.003763,-0.006784,0.999970,0,0.43432,-0.62325,2.581,-0.068,-1,652.456,-1,707.988,-1,563.098,573.099,586.536,608.856,-1,-1,-1,-1,986.937,-1,-1,-1,2,0,2,0,2,0,0,0,0,2,2,2,2,0,2,2,2
5,-4713.794,8273.860,18.431,159.015,-0.933674,-0.358119,-0.001776,0.358122,-0.933647,-0.007139,0.000899,-0.007301,0.999973,0,0.43432,-0.62325,2.847,-0.072,-1,641.248,-1,695.616,-1,553.191,562.555,577.971,602.857,-1,-1,-1,-1,967.165,-1,-1,-1,2,0,2,0,2,0,0,0,0,2,2,2,2,0,2,2,2
6,-4716.678,8275.357,16.373,158.950,-0.933261,-0.359146,-0.006206,0.359179,-0.933252,-0.005570,-0.003791,-0.007427,0.999965,0,0.43432,-0.62325,3.249,-0.065,-1,627.254,-1,679.210,-1,540.678,548.501,570.653,596.128,-1,-1,-1,-1,941.786,-1,-1,-1,2,0,2,0,2,0,0,0,0,2,2,2,2,0,2,2,2
7,-4720.090,8277.038,14.911,158.887,-0.932843,-0.360137,-0.010212,0.360194,-0.932867,-0.004361,-0.007956,-0.007746,0.999938,0,0.43432,-0.62325,3.804,-0.063,-1,615.447,-1,664.933,-1,530.337,537.155,564.828,591.786,-1,-1,-1,-1,920.309,-1,-1,-1,2,0,2,0,2,0,0,0,0,2,2,2,2,0,2,2,2
8,-4724.099,8278.920,14.235,158.823,-0.932420,-0.361154,-0.012685,0.361229,-0.932468,-0.004163,-0.010325,-0.008464,0.999911,0,0.43432,-0.62325,4.429,-0.064,-1,608.272,-1,657.471,-1,524.472,531.257,560.760,591.087,-1,-1,-1,-1,907.266,-1,-1,-1,2,0,2,0,2,0,0,0,0,2,2,2,2,0,2,2,2
9,-4728.696,8280.993,14.307,158.763,-0.932035,-0.362118,-0.013451,0.362206,-0.932086,-0.004686,-0.010840,-0.009240,0.999899,0,0.43432,-0.62325,5.043,-0.060,-1,605.807,-1,656.862,-1,523.030,530.616,559.144,593.082,-1,-1,-1,-1,902.769,-1,-1,-1,2,0,2,0,2,0,0,0,0,2,2,2,2,0,2,2,2
10,-4733.771,8283.309,14.948,158.699,-0.931639,-0.363156,-0.012926,0.363244,-0.931679,-0.005257,-0.010134,-0.009592,0.999903,0,0.43432,-0.62325,5.578,-0.064,-1,606.812,-1,660.046,-1,524.696,533.518,560.468,595.955,-1,-1,-1,-1,904.559,-1,-1,-1,2,0,2,0,2,0,0,0,0,2,2,2,2,0,2,2,2
11,-4739.232,8285.922,15.858,158.622,-0.931159,-0.364426,-0.011679,0.364502,-0.931188,-0.005211,-0.008976,-0.009109,0.999918,0,0.43432,-0.62325,6.055,-0.077,-1,609.548,-1,663.598,-1,527.712,537.760,564.671,597.604,-1,-1,-1,-1,909.600,-1,-1,-1,2,0,2,0,2,0,0,0,0,2,2,2,2,0,2,2,2
12,-4745.066,8288.797,16.733,158.538,-0.930629,-0.365816,-0.010377,0.365874,-0.930654,-0.004316,-0.008079,-0.007813,0.999937,0,0.43432,-0.62325,6.503,-0.084,-1,612.115,-1,665.850,-1,530.317,540.619,570.711,597.044,-1,-1,-1,-1,914.438,-1,-1,-1,2,0,2,0,2,0,0,0,0,2,2,2,2,0,2,2,2
13,-4751.171,8291.838,17.356,158.446,-0.930042,-0.367319,-0.009929,0.367361,-0.930074,-0.002772,-0.008217,-0.006226,0.999947,0,0.28842,-0.74483,6.820,-0.092,-1,612.388,-1,664.910,-1,530.738,540.573,576.589,594.888,-1,-1,-1,-1,915.071,-1,-1,-1,2,0,2,0,2,0,0,0,0,2,2,2,2,0,2,2,2
14,-4757.378,8294.976,17.641,158.336,-0.929318,-0.369113,-0.011103,0.369148,-0.929370,-0.001150,-0.009894,-0.005167,0.999938,0,0.28842,-0.74483,6.955,-0.110,-1,608.866,-1,660.107,-1,527.894,537.413,579.955,592.829,-1,-1,-1,-1,908.565,-1,-1,-1,2,0,2,0,2,0,0,0,0,2,2,2,2,0,2,2,2
15,-4763.742,8298.236,17.573,158.208,-0.928466,-0.371181,-0.013215,0.371212,-0.928548,0.000158,-0.012330,-0.004759,0.999913,0,0.28842,-0.74483,7.151,-0.128,-1,602.877,-1,653.276,-1,523.022,532.431,580.726,591.188,-1,-1,-1,-1,897.601,-1,-1,-1,2,0,2,0,2,0,0,0,0,2,2,2,2,0,2,2,2
16,-4770.319,8301.647,17.186,158.063,-0.927493,-0.373523,-0.015388,0.373552,-0.927609,0.001032,-0.014659,-0.004791,0.999881,0,0.28842,-0.74483,7.409,-0.145,-1,596.164,-1,646.264,-1,517.632,527.074,579.569,589.654,-1,-1,-1,-1,885.608,-1,-1,-1,2,0,2,0,2,0,0,0,0,2,2,2,2,0,2,2,2
17,-4777.090,8305.219,16.596,157.903,-0.926421,-0.376096,-0.017202,0.376122,-0.926568,0.001795,-0.016614,-0.004807,0.999850,0,0.28842,-0.74483,7.655,-0.160,-1,589.696,-1,639.605,-1,512.448,521.931,577.882,587.510,-1,-1,-1,-1,874.377,-1,-1,-1,2,0,2,0,2,0,0,0,0,2,2,2,2,0,2,2,2
18,-4784.064,8308.979,15.927,157.726,-0.925235,-0.378946,-0.018435,0.378969,-0.925406,0.002372,-0.017959,-0.004792,0.999827,0,0.28842,-0.74483,7.924,-0.177,-1,584.122,-1,634.068,-1,508.069,517.600,576.116,585.122,-1,-1,-1,-1,865.024,1005.432,-1,-1,2,0,2,0,2,0,0,0,0,2,2,2,2,0,0,2,2
19,-4791.245,8312.941,15.303,157.534,-0.923947,-0.382052,-0.018938,0.382070,-0.924129,0.002836,-0.018585,-0.004615,0.999817,0,0.28842,-0.74483,8.201,-0.192,-1,579.934,-1,630.051,-1,504.908,514.439,574.983,582.567,-1,-1,-1,-1,858.351,998.074,-1,-1,2,0,2,0,2,0,0,0,0,2,2,2,2,0,0,2,2
20,-4798.619,8317.060,14.853,157.334,-0.922607,-0.385277,-0.018944,0.385289,-0.922791,0.003156,-0.018697,-0.004388,0.999816,0,0.28842,-0.74483,8.446,-0.200,-1,577.000,-1,627.488,-1,502.878,512.403,574.416,580.478,-1,-1,-1,-1,853.898,993.364,-1,-1,2,0,2,0,2,0,0,0,0,2,2,2,2,0,0,2,2
21,-4806.140,8321.266,14.677,157.132,-0.921242,-0.388525,-0.019039,0.388532,-0.921429,0.003466,-0.018889,-0.004204,0.999813,0,0.28842,-0.74483,8.618,-0.202,-1,574.437,-1,625.423,-1,501.244,510.773,574.498,579.306,-1,-1,-1,-1,849.892,989.251,-1,-1,2,0,2,0,2,0,0,0,0,2,2,2,2,0,0,2,2
22,-4813.755,8325.596,14.744,156.920,-0.919783,-0.391942,-0.019515,0.391942,-0.919981,0.003985,-0.019515,-0.003983,0.999802,0,0.28842,-0.74483,8.760,-0.213,-1,571.644,-1,623.015,-1,499.429,508.957,575.370,578.712,-1,-1,-1,-1,845.230,984.125,-1,-1,2,0,2,0,2,0,0,0,0,2,2,2,2,0,0,2,2
23,-4821.467,8330.091,14.890,156.694,-0.918214,-0.395564,-0.020322,0.395550,-0.918432,0.004865,-0.020588,-0.003571,0.999782,0,0.28842,-0.74483,8.927,-0.225,-1,568.347,-1,619.749,-1,497.112,506.580,577.165,577.859,-1,-1,-1,-1,839.584,977.226,-1,-1,2,0,2,0,2,0,0,0,0,2,2,2,2,0,0,2,2
24,-4829.306,8334.757,15.000,156.458,-0.916553,-0.399359,-0.021043,0.399328,-0.916790,0.005819,-0.021616,-0.003069,0.999762,0,0.28842,-0.74483,9.122,-0.236,-1,565.080,-1,616.317,-1,494.801,504.188,579.230,576.717,-1,-1,-1,-1,834.065,970.310,-1,-1,2,0,2,0,2,0,0,0,0,2,2,2,2,0,0,2,2
25,-4837.302,8339.590,14.986,156.206,-0.914774,-0.403386,-0.021649,0.403343,-0.915026,0.006540,-0.022448,-0.002750,0.999744,0,0.28842,-0.74483,9.344,-0.252,-1,561.770,-1,613.109,-1,492.512,501.879,580.531,575.662,-1,-1,-1,-1,828.609,964.088,-1,-1,2,0,2,0,2,0,0,0,0,2,2,2,2,0,0,2,2
26,-4845.456,8344.572,14.820,155.946,-0.912915,-0.407540,-0.022300,0.407488,-0.913183,0.007019,-0.023225,-0.002679,0.999727,0,0.28842,-0.74483,9.555,-0.260,-1,558.082,-1,609.802,-1,489.973,499.383,580.791,574.737,-1,-1,-1,-1,822.591,957.913,-1,-1,2,0,2,0,2,0,0,0,0,2,2,2,2,0,0,2,2
27,-4853.774,8349.667,14.530,155.685,-0.911037,-0.411683,-0.022997,0.411630,-0.911322,0.007205,-0.023924,-0.002902,0.999710,0,0.28842,-0.74483,9.755,-0.261,-1,554.088,-1,606.526,-1,487.225,496.790,579.985,574.129,-1,-1,-1,-1,816.089,951.984,-1,-1,2,0,2,0,2,0,0,0,0,2,2,2,2,0,0,2,2
28,-4862.271,8354.833,14.180,155.430,-0.909179,-0.415727,-0.023773,0.415681,-0.909483,0.007095,-0.024571,-0.003431,0.999692,0,0.28842,-0.74483,9.944,-0.255,-1,549.831,-1,603.369,-1,484.362,494.175,578.151,574.045,-1,-1,-1,-1,809.208,946.377,-1,-1,2,0,2,0,2,0,0,0,0,2,2,2,2,0,0,2,2
29,-4870.901,8360.076,13.811,155.176,-0.907307,-0.419729,-0.024931,0.419690,-0.907640,0.007046,-0.025586,-0.004070,0.999664,0,0.28842,-0.74483,10.098,-0.254,-1,544.793,-1,599.483,-1,480.452,490.965,575.791,574.118,-1,-1,-1,-1,800.989,939.305,-1,-1,2,0,2,0,2,0,0,0,0,2,2,2,2,0,0,2,2
30,-4879.606,8365.358,13.567,154.930,-0.905461,-0.423604,-0.026441,0.423562,-0.905837,0.007451,-0.027107,-0.004453,0.999623,0,0.28842,-0.74483,10.182,-0.246,-1,539.331,-1,594.714,-1,476.095,487.185,574.790,573.905,-1,-1,-1,-1,791.848,930.239,-1,-1,2,0,2,0,2,0,0,0,0,2,2,2,2,0,0,2,2
31,-4888.454,8370.732,13.393,154.691,-0.903639,-0.427374,-0.028077,0.427331,-0.904062,0.007811,-0.028722,-0.004940,0.999575,0,0.28842,-0.74483,10.352,-0.240,-1,533.801,-1,589.980,-1,471.708,483.414,573.406,574.133,-1,-1,-1,-1,782.544,921.145,-1,-1,2,0,2,0,2,0,0,0,0,2,2,2,2,0,0,2,2
32,-4897.442,8376.241,13.204,154.444,-0.901753,-0.431241,-0.029526,0.431200,-0.902220,0.008063,-0.030116,-0.005461,0.999532,0,0.28842,-0.74483,10.542,-0.247,-1,528.566,-1,585.668,-1,467.578,479.948,571.932,574.417,-1,-1,-1,-1,773.869,912.946,-1,-1,2,0,2,0,2,0,0,0,0,2,2,2,2,0,0,2,2
33,-4906.541,8381.919,13.007,154.187,-0.899783,-0.435267,-0.030532,0.435222,-0.900283,0.008482,-0.031180,-0.005657,0.999498,0,0.28842,-0.74483,10.725,-0.257,-1,523.979,-1,581.787,-1,463.910,476.906,571.250,573.945,-1,-1,-1,-1,766.522,905.636,-1,-1,2,0,2,0,2,0,0,0,0,2,2,2,2,0,0,2,2
34,-4915.694,8387.776,12.838,153.918,-0.897699,-0.439494,-0.031337,0.439426,-0.898230,0.009374,-0.032268,-0.005355,0.999465,0,0.28842,-0.74483,10.867,-0.269,-1,519.658,-1,577.639,-1,460.337,473.824,571.836,572.392,-1,-1,-1,-1,759.779,897.766,-1,-1,2,0,2,0,2,0,0,0,0,2,2,2,2,0,0,2,2
35,-4924.884,8393.825,12.636,153.639,-0.895506,-0.443885,-0.032173,0.443778,-0.896072,0.010776,-0.033613,-0.004628,0.999424,0,0.28842,-0.74483,11.002,-0.279,-1,515.097,-1,572.687,-1,456.439,470.261,573.372,569.689,-1,-1,-1,-1,752.635,888.350,-1,-1,2,0,2,0,2,0,0,0,0,2,2,2,2,0,0,2,2
36,-4934.133,8400.014,12.324,153.347,-0.893197,-0.448460,-0.032911,0.448308,-0.893795,0.012251,-0.034910,-0.003811,0.999383,0,0.20164,-0.97983,11.128,-0.292,-1,510.440,-1,567.546,-1,452.433,466.556,575.198,566.461,-1,-1,-1,-1,745.434,878.742,-1,-1,2,0,2,0,2,0,0,0,0,2,2,2,2,0,0,2,2
37,-4943.248,8406.379,11.972,153.015,-0.890538,-0.453648,-0.033856,0.453464,-0.891174,0.013366,-0.036236,-0.003449,0.999337,0,0.20164,-0.97983,11.118,-0.333,-1,505.541,-1,562.639,-1,448.386,462.879,575.846,564.203,-1,-1,-1,-1,737.780,869.797,-1,-1,2,0,2,0,2,0,0,0,0,2,2,2,2,0,0,2,2
38,-4952.295,8412.859,11.635,152.662,-0.887693,-0.459122,-0.034772,0.458919,-0.888367,0.014079,-0.037354,-0.003460,0.999296,0,0.20164,-0.97983,11.128,-0.353,-1,500.927,-1,558.439,-1,444.640,459.580,575.688,562.890,-1,-1,-1,-1,730.501,862.318,-1,-1,2,0,2,0,2,0,0,0,0,2,2,2,2,0,0,2,2
39,-4961.436,8419.385,11.270,152.325,-0.884964,-0.464332,-0.035131,0.464129,-0.885654,0.014215,-0.037714,-0.003726,0.999282,0,0.20164,-0.97983,11.231,-0.337,-1,497.263,-1,555.713,-1,441.759,457.295,574.918,562.145,-1,-1,-1,-1,725.025,857.770,-1,-1,2,0,2,0,2,0,0,0,0,2,2,2,2,0,0,2,2
40,-4970.437,8426.085,10.917,151.941,-0.881827,-0.470219,-0.035719,0.470042,-0.882537,0.013727,-0.037979,-0.004685,0.999268,0,0.20164,-0.97983,11.221,-0.384,-1,493.538,-1,553.690,-1,439.009,455.327,571.608,563.078,-1,-1,-1,-1,719.376,854.758,-1,-1,2,0,2,0,2,0,0,0,0,2,2,2,2,0,0,2,2
41,-4979.306,8432.929,10.582,151.525,-0.878377,-0.476560,-0.036669,0.476415,-0.879122,0.013168,-0.038512,-0.005903,0.999241,0,0.20164,-0.97983,11.203,-0.415,994.396,489.380,-1,551.430,-1,435.956,453.013,567.829,564.669,-1,-1,-1,-1,712.924,851.246,-1,-1,0,0,2,0,2,0,0,0,0,2,2,2,2,0,0,2,2
42,-4988.068,8439.832,10.286,151.114,-0.874900,-0.482838,-0.037650,0.482687,-0.875687,0.013603,-0.039538,-0.006272,0.999198,0,0.20164,-0.97983,11.155,-0.411,971.630,484.988,-1,547.768,-1,432.487,449.784,565.854,564.356,-1,-1,-1,-1,706.091,845.062,988.888,-1,0,0,2,0,2,0,0,0,0,2,2,2,2,0,0,0,2
43,-4996.790,8446.806,10.061,150.716,-0.871495,-0.488916,-0.038185,0.488746,-0.872309,0.014309,-0.040305,-0.006193,0.999168,0,0.20164,-0.97983,11.167,-0.399,956.219,481.337,-1,544.477,-1,429.538,446.954,565.130,563.235,-1,-1,-1,-1,700.697,839.496,974.228,-1,0,0,2,0,2,0,0,0,0,2,2,2,2,0,0,0,2
44,-5005.516,8453.790,9.929,150.336,-0.868214,-0.494704,-0.038381,0.494507,-0.869042,0.015118,-0.040834,-0.005854,0.999149,0,0.20164,-0.97983,11.177,-0.380,946.888,478.326,-1,541.681,-1,427.078,444.538,565.289,561.809,-1,-1,-1,-1,696.460,834.714,964.930,-1,0,0,2,0,2,0,0,0,0,2,2,2,2,0,0,0,2
45,-5014.253,8460.811,9.827,149.972,-0.865045,-0.500227,-0.038342,0.499994,-0.865878,0.016152,-0.041279,-0.005199,0.999134,0,0.20164,-0.97983,11.208,-0.363,941.443,475.671,-1,538.910,-1,424.848,442.217,566.262,559.741,-1,-1,-1,-1,692.811,829.969,958.625,-1,0,0,2,0,2,0,0,0,0,2,2,2,2,0,0,0,2
46,-5023.032,8467.876,9.694,149.623,-0.861987,-0.505505,-0.037988,0.505252,-0.862810,0.016696,-0.041216,-0.004801,0.999139,0,0.20164,-0.97983,11.269,-0.349,939.269,473.596,-1,537.112,-1,423.147,440.498,566.929,558.330,-1,-1,-1,-1,690.224,827.216,956.859,-1,0,0,2,0,2,0,0,0,0,2,2,2,2,0,0,0,2
47,-5031.892,8474.968,9.465,149.288,-0.859036,-0.510549,-0.037369,0.510310,-0.859834,0.016397,-0.040503,-0.004984,0.999167,0,0.20164,-0.97983,11.349,-0.336,938.893,471.988,-1,536.246,-1,421.985,439.507,566.104,558.023,-1,-1,-1,-1,688.551,827.107,959.041,-1,0,0,2,0,2,0,0,0,0,2,2,2,2,0,0,0,2
48,-5040.791,8482.092,9.103,148.951,-0.856055,-0.515568,-0.036876,0.515358,-0.856831,0.015724,-0.039703,-0.005544,0.999196,0,0.20164,-0.97983,11.399,-0.336,935.351,470.068,-1,535.277,-1,420.635,438.464,564.051,558.133,-1,-1,-1,-1,686.337,827.313,958.950,-1,0,0,2,0,2,0,0,0,0,2,2,2,2,0,0,0,2
49,-5049.636,8489.266,8.683,148.604,-0.852928,-0.520730,-0.036792,0.520551,-0.853698,0.015039,-0.039240,-0.006325,0.999210,0,0.20164,-0.97983,11.389,-0.348,926.089,467.479,-1,533.765,-1,418.755,436.923,560.040,558.545,-1,-1,-1,-1,682.939,826.440,953.023,-1,0,0,2,0,2,0,0,0,0,2,2,2,2,0,0,0,2
50,-5058.208,8496.626,8.246,148.200,-0.849227,-0.526683,-0.037662,0.526544,-0.850027,0.014321,-0.039556,-0.007669,0.999188,0,0.20164,-0.97983,11.298,-0.404,904.626,463.627,-1,531.388,-1,415.924,434.392,553.710,560.146,-1,-1,-1,-1,677.118,823.728,934.631,-1,0,0,2,0,2,0,0,0,0,2,2,2,2,0,0,0,2
51,-5066.605,8504.056,7.816,147.785,-0.845355,-0.532807,-0.038619,0.532662,-0.846198,0.014796,-0.040562,-0.008063,0.999144,0,0.20164,-0.97983,11.212,-0.415,883.299,459.250,-1,527.413,-1,412.421,430.932,549.263,559.522,-1,-1,-1,-1,670.386,817.494,913.198,-1,0,0,2,0,2,0,0,0,0,2,2,2,2,0,0,0,2
52,-5074.689,8511.736,7.437,147.320,-0.840971,-0.539630,-0.039600,0.539487,-0.841858,0.015123,-0.041498,-0.008646,0.999101,0,0.20164,-0.97983,11.151,-0.465,862.726,455.167,-1,523.980,-1,409.138,427.823,544.562,559.517,-1,-1,-1,-1,664.113,812.336,894.660,-1,0,0,2,0,2,0,0,0,0,2,2,2,2,0,0,0,2
53,-5082.536,8519.633,7.111,146.814,-0.836171,-0.547025,-0.039773,0.546891,-0.837067,0.015145,-0.041577,-0.009087,0.999094,0,0.20164,-0.97983,11.132,-0.506,852.751,452.631,-1,522.276,-1,407.140,425.979,540.331,559.461,-1,-1,-1,-1,660.674,810.520,886.696,-1,0,0,2,0,2,0,0,0,0,2,2,2,2,0,0,0,2
54,-5090.431,8527.766,6.873,146.314,-0.831422,-0.554317,-0.038344,0.554197,-0.832256,0.014660,-0.040039,-0.009061,0.999157,0,0.46719,-1.00000,11.335,-0.500,863.061,452.764,-1,523.185,-1,407.232,426.237,537.382,558.760,-1,-1,-1,-1,662.295,814.351,898.639,-1,0,0,2,0,2,0,0,0,0,2,2,2,2,0,0,0,2
55,-5097.988,8536.384,6.758,145.708,-0.825570,-0.563064,-0.037320,0.562994,-0.826353,0.013358,-0.038361,-0.009983,0.999214,0,0.46719,-1.00000,11.462,-0.606,870.315,453.141,-1,525.429,-1,407.828,427.320,532.827,560.693,-1,-1,-1,-1,664.169,821.328,912.136,-1,0,0,2,0,2,0,0,0,0,2,2,2,2,0,0,0,2
56,-5105.349,8545.321,6.700,145.048,-0.819063,-0.572535,-0.036596,0.572492,-0.819812,0.012693,-0.037268,-0.010555,0.999250,0,0.46719,-1.00000,11.578,-0.660,875.238,453.073,-1,526.809,-1,407.992,427.881,528.996,561.954,-1,-1,-1,-1,665.142,826.377,921.944,-1,0,0,2,0,2,0,0,0,0,2,2,2,2,0,0,0,2
57,-5112.493,8554.558,6.688,144.338,-0.811924,-0.582646,-0.036084,0.582601,-0.812657,0.012831,-0.036800,-0.010605,0.999266,0,0.46719,-1.00000,11.677,-0.710,878.265,452.583,-1,527.125,-1,407.680,427.794,526.188,562.095,-1,-1,-1,-1,665.362,829.010,927.119,-1,0,0,2,0,2,0,0,0,0,2,2,2,2,0,0,0,2
58,-5119.430,8564.124,6.679,143.580,-0.804145,-0.593361,-0.035679,0.593304,-0.804868,0.013323,-0.036622,-0.010455,0.999274,0,0.46719,-1.00000,11.817,-0.759,880.013,451.964,-1,527.025,-1,407.219,427.386,523.702,561.768,-1,-1,-1,-1,665.184,830.726,929.858,-1,0,0,2,0,2,0,0,0,0,2,2,2,2,0,0,0,2
59,-5126.488,8573.919,6.655,142.841,-0.796444,-0.603739,-0.034280,0.603645,-0.797127,0.014209,-0.035904,-0.009377,0.999311,0,0.46719,-1.00000,12.073,-0.739,894.575,452.308,-1,527.256,-1,407.419,427.301,521.944,559.280,-1,-1,-1,-1,667.362,832.890,944.478,-1,0,0,2,0,2,0,0,0,0,2,2,2,2,0,0,0,2
60,-5133.639,8583.996,6.627,142.127,-0.788915,-0.613680,-0.031788,0.613552,-0.789516,0.014767,-0.034159,-0.007853,0.999386,0,0.46719,-1.00000,12.357,-0.713,925.413,454.294,-1,529.028,-1,408.651,428.408,520.261,555.868,-1,-1,-1,-1,673.063,838.351,975.938,-1,0,0,2,0,2,0,0,0,0,2,2,2,2,0,0,0,2
61,-5140.716,8594.372,6.519,141.389,-0.780996,-0.623852,-0.029212,0.623714,-0.781513,0.014741,-0.032026,-0.006707,0.999465,0,0.46719,-1.00000,12.559,-0.739,961.632,456.625,-1,531.627,-1,410.255,430.028,517.743,553.155,-1,-1,-1,-1,678.945,846.312,-1,-1,0,0,2,0,2,0,0,0,0,2,2,2,2,0,0,2,2
62,-5147.729,8605.000,6.357,140.631,-0.772740,-0.634167,-0.026571,0.634035,-0.773174,0.014194,-0.029545,-0.005879,0.999546,0,0.46719,-1.00000,12.733,-0.758,1001.692,459.343,-1,534.949,-1,412.230,432.201,514.568,551.061,-1,-1,-1,-1,685.625,856.295,-1,-1,0,0,2,0,2,0,0,0,0,2,2,2,2,0,0,2,2
63,-5154.791,8615.792,6.136,139.882,-0.764432,-0.644249,-0.024213,0.644123,-0.764799,0.013712,-0.027352,-0.005114,0.999613,0,0.46719,-1.00000,12.897,-0.749,-1,461.648,-1,537.682,-1,413.764,433.912,510.904,548.910,-1,-1,-1,-1,691.347,865.022,-1,-1,2,0,2,0,2,0,0,0,0,2,2,2,2,0,0,2,2
64,-5162.002,8626.819,5.831,139.149,-0.756177,-0.653995,-0.022057,0.653883,-0.756484,0.012974,-0.025171,-0.004613,0.999673,0,0.46719,-1.00000,13.176,-0.733,-1,463.393,-1,540.313,-1,415.190,435.459,506.627,547.092,-1,-1,-1,-1,696.750,872.918,-1,-1,2,0,2,0,2,0,0,0,0,2,2,2,2,0,0,2,2
65,-5170.353,8640.402,5.481,138.213,-0.745429,-0.666264,-0.020659,0.666179,-0.745699,0.011759,-0.023240,-0.004997,0.999717,0,0.46719,-1.00000,15.945,-0.936,-1,463.979,-1,543.126,-1,415.983,436.641,500.025,547.137,-1,-1,-1,-1,700.264,882.427,-1,-1,2,0,2,0,2,0,0,0,0,2,2,2,2,0,0,2,2
66,-5175.804,8649.636,5.271,137.554,-0.737726,-0.674800,-0.020156,0.674728,-0.737982,0.011200,-0.022433,-0.005337,0.999734,0,0.46719,-1.00000,10.722,-0.660,-1,463.767,-1,544.412,-1,415.894,436.932,495.458,547.387,-1,-1,-1,-1,701.085,887.602,-1,-1,2,0,2,0,2,0,0,0,0,2,2,2,2,0,0,2,2
67,-5182.638,8661.372,5.066,136.719,-0.727834,-0.685466,-0.019820,0.685410,-0.728081,0.010595,-0.021693,-0.005874,0.999747,0,0.46719,-1.00000,13.581,-0.834,-1,463.288,-1,545.782,-1,415.559,437.125,489.618,548.095,-1,-1,-1,-1,701.435,893.428,-1,-1,2,0,2,0,2,0,0,0,0,2,2,2,2,0,0,2,2
68,-5189.443,8673.388,4.912,135.884,-0.717775,-0.696005,-0.019378,0.695967,-0.718007,0.009785,-0.020724,-0.006463,0.999764,0,0.46719,-1.00000,13.809,-0.836,-1,463.366,-1,547.701,-1,415.641,437.831,483.921,549.106,-1,-1,-1,-1,702.895,899.814,810.843,-1,2,0,2,0,2,0,0,0,0,2,2,2,2,0,0,1,2
69,-5196.071,8685.660,4.860,135.059,-0.707705,-0.706278,-0.018029,0.706253,-0.707905,0.008775,-0.018960,-0.006523,0.999799,0,0.46719,-1.00000,13.948,-0.825,-1,465.121,-1,551.111,-1,417.170,439.772,479.342,549.307,-1,-1,-1,-1,707.965,909.111,798.182,-1,2,0,2,0,2,0,0,0,0,2,2,2,2,0,0,1,2
70,-5202.470,8698.137,4.857,134.241,-0.697584,-0.716321,-0.016166,0.716304,-0.697744,0.007860,-0.016910,-0.006096,0.999838,0,0.46719,-1.00000,14.022,-0.817,-1,467.454,-1,554.999,-1,419.366,442.203,475.663,548.567,-1,-1,-1,-1,714.638,919.856,776.008,-1,2,0,2,0,2,0,0,0,0,2,2,2,2,0,0,1,2
71,-5208.863,8710.785,4.812,133.428,-0.687368,-0.726176,-0.013928,0.726160,-0.687489,0.007115,-0.014742,-0.005223,0.999878,0,0.46719,-1.00000,14.172,-0.813,-1,470.149,-1,558.732,-1,421.616,444.576,472.732,546.694,-1,-1,-1,-1,722.336,931.780,790.318,-1,2,0,2,0,2,0,0,0,0,2,2,2,2,0,0,1,2
72,-5215.391,8723.608,4.729,132.626,-0.677161,-0.735737,-0.012055,0.735727,-0.677251,0.006052,-0.012617,-0.004771,0.999909,0,0.46719,-1.00000,14.389,-0.802,-1,472.710,-1,562.351,-1,423.623,446.858,469.111,545.650,-1,-1,-1,-1,729.552,942.757,804.993,-1,2,0,2,0,2,0,0,0,0,2,2,2,2,0,0,1,2
73,-5221.549,8736.624,4.680,131.778,-0.666200,-0.745683,-0.011561,0.745690,-0.666277,0.004557,-0.011101,-0.005585,0.999923,0,0.46719,-1.00000,14.399,-0.849,-1,474.009,-1,565.635,-1,424.919,448.824,463.708,547.533,-1,-1,-1,-1,733.833,953.100,827.016,-1,2,0,2,0,2,0,0,0,0,2,2,2,2,0,0,1,2
74,-5227.361,8749.831,4.645,130.874,-0.654367,-0.756088,-0.011587,0.756112,-0.654435,0.003030,-0.009873,-0.006778,0.999928,0,0.46719,-1.00000,14.430,-0.904,-1,474.875,-1,568.836,-1,426.115,450.744,457.848,550.336,-1,-1,-1,-1,736.981,963.421,870.177,-1,2,0,2,0,2,0,0,0,0,2,2,2,2,0,0,1,2
75,-5232.771,8763.132,4.696,129.929,-0.641817,-0.766773,-0.011377,0.766809,-0.641873,0.001770,-0.008660,-0.007588,0.999934,0,0.46719,-1.00000,14.359,-0.945,713.680,476.157,-1,572.193,-1,427.784,452.968,452.936,552.588,-1,-1,-1,-1,741.420,974.428,-1,-1,1,0,2,0,2,0,0,0,0,2,2,2,2,0,0,2,2
76,-5238.058,8776.634,4.728,128.983,-0.629075,-0.777276,-0.010392,0.777313,-0.629114,0.000716,-0.007094,-0.007628,0.999946,0,0.46719,-1.00000,14.500,-0.946,699.144,478.514,-1,575.811,-1,430.001,455.548,449.257,553.055,-1,-1,-1,-1,748.197,985.246,-1,-1,1,0,2,0,2,0,0,0,0,2,2,2,2,0,0,2,2
77,-5243.355,8790.437,4.645,128.054,-0.616394,-0.787390,-0.008647,0.787422,-0.616414,-0.000457,-0.004970,-0.007091,0.999963,0,0.46719,-1.00000,14.784,-0.929,673.167,481.976,-1,579.953,-1,432.790,458.544,446.442,551.897,-1,-1,-1,-1,757.411,996.900,-1,-1,1,0,2,0,2,0,0,0,0,2,2,2,2,0,0,2,2
78,-5248.449,8804.533,4.482,127.101,-0.603215,-0.797546,-0.007197,0.797574,-0.603218,-0.001939,-0.002795,-0.006910,0.999972,0,0.46719,-1.00000,14.989,-0.953,687.356,485.357,-1,583.868,-1,435.603,461.662,443.028,551.328,-1,-1,-1,-1,766.587,-1,-1,-1,1,0,2,0,2,0,0,0,0,2,2,2,2,0,2,2,2
79,-5253.227,8818.843,4.323,126.112,-0.589371,-0.807840,-0.006096,0.807862,-0.589361,-0.003422,-0.000828,-0.006942,0.999976,0,0.46719,-1.00000,15.086,-0.988,703.324,488.367,-1,587.464,-1,438.377,464.786,439.399,551.261,-1,-1,-1,-1,775.456,-1,-1,-1,1,0,2,0,2,0,0,0,0,2,2,2,2,0,2,2,2
80,-5257.488,8833.356,4.232,125.064,-0.574488,-0.818494,-0.005651,0.818512,-0.574464,-0.005370,0.001149,-0.007711,0.999970,0,0.46719,-1.00000,15.126,-1.049,721.804,491.482,-1,592.090,-1,441.620,468.561,435.054,553.186,-1,-1,-1,-1,784.460,-1,-1,-1,1,0,2,0,2,0,0,0,0,2,2,2,2,0,2,2,2
81,-5261.404,8848.062,4.196,123.979,-0.558890,-0.829227,-0.004899,0.829234,-0.558849,-0.007665,0.003618,-0.008347,0.999959,0,0.46719,-1.00000,15.218,-1.084,761.180,496.112,-1,598.211,-1,445.783,473.234,431.260,555.122,-1,-1,-1,-1,797.164,-1,-1,-1,1,0,2,0,2,0,0,0,0,2,2,2,2,0,2,2,2
82,-5265.014,8862.890,4.125,122.859,-0.542566,-0.840003,-0.004105,0.839992,-0.542511,-0.009734,0.005949,-0.008729,0.999944,0,0.27140,-1.00000,15.260,-1.120,805.322,500.851,-1,604.029,-1,449.945,477.664,427.821,556.364,-1,-1,-1,-1,810.925,-1,-1,-1,1,0,2,0,2,0,0,0,0,2,2,2,2,0,2,2,2
83,-5268.445,8877.674,4.071,121.769,-0.526482,-0.850180,-0.003232,0.850154,-0.526425,-0.010701,0.007397,-0.008382,0.999938,0,0.27140,-1.00000,15.177,-1.090,-1,504.407,-1,606.973,-1,453.012,480.711,425.555,555.808,-1,-1,-1,-1,822.304,-1,-1,-1,2,0,2,0,2,0,0,0,0,2,2,2,2,0,2,2,2
84,-5271.588,8892.407,4.075,120.714,-0.510731,-0.859738,-0.002174,0.859699,-0.510680,-0.011133,0.008461,-0.007555,0.999936,0,0.27140,-1.00000,15.065,-1.055,-1,507.728,-1,608.879,-1,455.769,483.258,424.255,554.247,-1,-1,-1,-1,835.102,-1,-1,-1,2,0,2,0,2,0,0,0,0,2,2,2,2,0,2,2,2
85,-5274.334,8907.115,4.118,119.658,-0.494803,-0.869004,-0.001305,0.868955,-0.494757,-0.011521,0.009366,-0.006835,0.999933,0,0.27140,-1.00000,14.962,-1.056,-1,511.106,-1,610.318,-1,458.521,485.804,423.052,553.051,-1,-1,-1,-1,849.148,-1,-1,-1,2,0,2,0,2,0,0,0,0,2,2,2,2,0,2,2,2
86,-5276.965,8921.781,4.156,118.623,-0.479011,-0.877809,0.000044,0.877747,-0.478978,-0.011814,0.010391,-0.005620,0.999930,0,0.27217,-1.00000,14.900,-1.036,-1,515.157,-1,611.032,-1,461.354,487.547,422.633,550.687,-1,-1,-1,-1,864.891,-1,-1,-1,2,0,2,0,2,0,0,0,0,2,2,2,2,0,2,2,2
87,-5279.495,8936.474,4.204,117.626,-0.463662,-0.886011,0.001361,0.885937,-0.463642,-0.012321,0.011548,-0.004507,0.999923,0,0.27403,-1.00000,14.909,-0.997,-1,519.331,-1,612.152,-1,464.275,489.280,422.384,548.602,-1,-1,-1,-1,881.720,-1,-1,-1,2,0,2,0,2,0,0,0,0,2,2,2,2,0,2,2,2
88,-5281.928,8951.226,4.174,116.651,-0.448525,-0.893768,0.002092,0.893681,-0.448512,-0.013064,0.012614,-0.003990,0.999913,0,0.27580,-1.00000,14.951,-0.974,-1,522.808,-1,613.322,-1,466.836,490.818,421.261,547.645,-1,-1,-1,-1,898.763,-1,-1,-1,2,0,2,0,2,0,0,0,0,2,2,2,2,0,2,2,2
89,-5284.212,8966.013,4.080,115.697,-0.433579,-0.901112,0.002413,0.901013,-0.433569,-0.013906,0.013577,-0.003856,0.999900,0,0.27750,-1.00000,14.962,-0.954,-1,525.796,-1,614.666,-1,469.082,492.137,419.498,547.354,-1,-1,-1,-1,-1,-1,-1,-1,2,0,2,0,2,0,0,0,0,2,2,2,2,2,2,2,2
90,-5286.428,8983.668,3.988,114.548,-0.415412,-0.909630,0.002590,0.909512,-0.415401,-0.015182,0.014886,-0.003951,0.999881,0,0.27916,-1.00000,17.794,-1.149,-1,529.970,-1,617.009,-1,471.614,494.200,417.355,547.701,-1,-1,-1,-1,-1,-1,-1,-1,2,0,2,0,2,0,0,0,0,2,2,2,2,2,2,2,2
91,-5287.644,8995.361,3.941,113.754,-0.402767,-0.915300,0.002382,0.915174,-0.402752,-0.015734,0.015361,-0.004157,0.999873,0,0.28117,-1.00000,11.756,-0.794,-1,532.242,-1,617.879,-1,472.697,495.047,415.938,548.274,-1,-1,-1,-1,-1,-1,-1,-1,2,0,2,0,2,0,0,0,0,2,2,2,2,2,2,2,2
92,-5289.081,9009.945,3.963,112.802,-0.387501,-0.921864,0.003206,0.921726,-0.387499,-0.016322,0.016289,-0.003370,0.999862,0,0.28259,-1.00000,14.655,-0.952,-1,536.342,-1,619.192,-1,475.121,496.294,415.869,546.845,-1,-1,-1,-1,-1,-1,-1,-1,2,0,2,0,2,0,0,0,0,2,2,2,2,2,2,2,2
93,-5290.326,9024.555,4.004,111.858,-0.372248,-0.928126,0.003634,0.927978,-0.372254,-0.016829,0.016972,-0.002892,0.999852,0,0.28427,-1.00000,14.662,-0.945,-1,539.939,-1,620.242,-1,477.290,497.277,415.288,546.156,-1,-1,-1,-1,-1,-1,-1,-1,2,0,2,0,2,0,0,0,0,2,2,2,2,2,2,2,2
94,-5291.503,9039.218,4.003,110.945,-0.357424,-0.933933,0.004140,0.933777,-0.357441,-0.017197,0.017541,-0.002281,0.999844,0,0.28592,-1.00000,14.710,-0.912,-1,543.151,-1,620.812,-1,479.188,497.946,414.803,545.000,-1,-1,-1,-1,-1,-1,-1,-1,2,0,2,0,2,0,0,0,0,2,2,2,2,2,2,2,2
95,-5292.483,9053.913,3.918,110.044,-0.342686,-0.939439,0.004575,0.939274,-0.342712,-0.017678,0.018175,-0.001761,0.999833,0,0.28749,-1.00000,14.728,-0.901,-1,546.219,-1,621.642,-1,480.699,498.597,414.301,543.806,-1,-1,-1,-1,-1,-1,-1,-1,2,0,2,0,2,0,0,0,0,2,2,2,2,2,2,2,2
96,-5293.252,9068.529,3.888,109.194,-0.328711,-0.944414,0.005608,0.944235,-0.328758,-0.018406,0.019226,-0.000755,0.999815,0,0.28904,-1.00000,14.636,-0.850,-1,549.896,-1,623.550,-1,482.740,499.963,414.748,541.712,-1,-1,-1,-1,-1,-1,-1,-1,2,0,2,0,2,0,0,0,0,2,2,2,2,2,2,2,2
97,-5293.850,9083.092,3.874,108.370,-0.315087,-0.949041,0.006453,0.948848,-0.315153,-0.019150,0.020207,0.000089,0.999796,0,0.29047,-1.00000,14.575,-0.824,-1,553.889,-1,625.466,-1,484.710,501.124,415.118,540.031,-1,-1,-1,-1,-1,-1,-1,-1,2,0,2,0,2,0,0,0,0,2,2,2,2,2,2,2,2
98,-5294.389,9097.558,3.956,107.561,-0.301658,-0.953390,0.007091,0.953185,-0.301741,-0.019776,0.020994,0.000793,0.999779,0,0.29183,-1.00000,14.476,-0.809,-1,557.672,-1,627.294,-1,486.575,501.849,415.047,538.935,-1,-1,-1,-1,-1,-1,-1,-1,2,0,2,0,2,0,0,0,0,2,2,2,2,2,2,2,2
99,-5295.025,9112.119,4.098,106.789,-0.288774,-0.957370,0.007169,0.957154,-0.288862,-0.020385,0.021587,0.000975,0.999766,0,0.47245,-0.46399,14.575,-0.773,-1,560.789,-1,629.107,-1,488.105,502.390,414.502,539.160,-1,-1,-1,-1,-1,-1,-1,-1,2,0,2,0,2,0,0,0,0,2,2,2,2,2,2,2,2
100,-5295.888,9126.976,4.281,106.070,-0.276748,-0.960915,0.007251,0.960683,-0.276841,-0.021157,0.022338,0.001111,0.999750,0,0.47443,-0.46399,14.881,-0.718,-1,564.180,-1,631.233,-1,489.489,503.218,414.067,539.605,-1,-1,-1,-1,-1,-1,-1,-1,2,0,2,0,2,0,0,0,0,2,2,2,2,2,2,2,2
101,-5296.913,9142.141,4.487,105.404,-0.265548,-0.964071,0.007214,0.963820,-0.265644,-0.022020,0.023145,0.001106,0.999731,0,0.47617,-0.46399,15.200,-0.667,-1,566.613,-1,633.530,-1,490.557,504.136,413.511,540.411,-1,-1,-1,-1,-1,-1,-1,-1,2,0,2,0,2,0,0,0,0,2,2,2,2,2,2,2,2
102,-5298.000,9157.583,4.701,104.766,-0.254793,-0.966971,0.006965,0.966700,-0.254886,-0.022903,0.023922,0.000897,0.999713,0,0.47766,-0.46399,15.481,-0.638,-1,568.811,-1,636.197,-1,491.571,505.008,412.725,541.691,-1,-1,-1,-1,-1,-1,-1,-1,2,0,2,0,2,0,0,0,0,2,2,2,2,2,2,2,2
103,-5298.881,9173.229,4.970,104.105,-0.243628,-0.969847,0.006547,0.969553,-0.243715,-0.023879,0.024754,0.000530,0.999693,0,0.47902,-0.46399,15.671,-0.660,-1,571.362,-1,639.684,-1,492.829,506.163,411.588,543.552,-1,-1,-1,-1,-1,-1,-1,-1,2,0,2,0,2,0,0,0,0,2,2,2,2,2,2,2,2
104,-5299.590,9189.059,5.269,103.430,-0.232174,-0.972655,0.006160,0.972343,-0.232256,-0.024638,0.025395,0.000269,0.999677,0,0.48045,-0.46399,15.845,-0.676,-1,574.084,-1,642.996,-1,493.886,507.186,410.834,545.252,-1,-1,-1,-1,-1,-1,-1,-1,2,0,2,0,2,0,0,0,0,2,2,2,2,2,2,2,2
105,-5300.120,9205.067,5.533,102.741,-0.220468,-0.975378,0.005542,0.975061,-0.220538,-0.024865,0.025476,-0.000078,0.999675,0,0.48192,-0.46399,16.018,-0.689,-1,575.480,-1,644.987,-1,493.923,507.332,409.904,546.980,-1,-1,-1,-1,-1,-1,-1,-1,2,0,2,0,2,0,0,0,0,2,2,2,2,2,2,2,2
106,-5300.544,9224.507,5.795,101.919,-0.206472,-0.978439,0.005105,0.978138,-0.206535,-0.024260,0.024792,-0.000016,0.999693,0,0.48344,-0.46399,19.444,-0.821,-1,575.006,-1,644.756,-1,492.564,505.924,409.338,547.685,-1,-1,-1,-1,-1,-1,-1,-1,2,0,2,0,2,0,0,0,0,2,2,2,2,2,2,2,2
107,-5300.693,9237.606,5.944,101.370,-0.197092,-0.980371,0.005237,0.980090,-0.197161,-0.023458,0.024030,0.000509,0.999711,0,0.48522,-0.46399,13.100,-0.549,-1,574.287,-1,643.330,-1,491.022,504.317,409.580,546.930,-1,-1,-1,-1,-1,-1,-1,-1,2,0,2,0,2,0,0,0,0,2,2,2,2,2,2,2,2
108,-5300.769,9254.165,6.106,100.695,-0.185532,-0.982621,0.005812,0.982370,-0.185617,-0.022267,0.022959,0.001579,0.999735,0,0.48641,-0.46399,16.559,-0.675,-1,573.339,-1,640.789,-1,488.897,501.963,410.285,544.950,-1,-1,-1,-1,-1,-1,-1,-1,2,0,2,0,2,0,0,0,0,2,2,2,2,2,2,2,2
109,-5300.813,9270.945,6.290,100.067,-0.174762,-0.984585,0.007146,0.984358,-0.174877,-0.021386,0.022306,0.003296,0.999746,0,0.48783,-0.46399,16.780,-0.628,-1,573.718,-1,638.862,-1,487.576,500.225,412.137,541.621,-1,-1,-1,-1,-1,-1,-1,-1,2,0,2,0,2,0,0,0,0,2,2,2,2,2,2,2,2
110,-5300.834,9288.007,6.512,99.486,-0.164769,-0.986292,0.008955,0.986073,-0.164927,-0.021417,0.022600,0.005302,0.999731,0,0.48904,-0.46399,17.062,-0.581,-1,576.024,-1,639.648,-1,487.913,500.112,414.606,537.902,-1,-1,-1,-1,-1,-1,-1,-1,2,0,2,0,2,0,0,0,0,2,2,2,2,2,2,2,2
111,-5300.836,9305.338,6.753,98.923,-0.155072,-0.987848,0.010405,0.987634,-0.155267,-0.021729,0.023081,0.006907,0.999710,0,0.49003,-0.46399,17.331,-0.563,-1,578.079,-1,641.294,-1,488.510,500.717,416.626,535.189,-1,-1,-1,-1,-1,-1,-1,-1,2,0,2,0,2,0,0,0,0,2,2,2,2,2,2,2,2
112,-5300.877,9322.942,6.954,98.352,-0.145216,-0.989329,0.011882,0.989110,-0.145454,-0.022478,0.023967,0.008488,0.999677,0,0.52451,-0.74549,17.605,-0.571,-1,578.273,-1,643.967,-1,489.842,501.972,418.564,532.479,-1,-1,-1,-1,-1,-1,-1,-1,2,0,2,0,2,0,0,0,0,2,2,2,2,2,2,2,2
113,-5300.659,9340.806,7.146,97.754,-0.134881,-0.990789,0.011986,0.990552,-0.135131,-0.023355,0.024759,0.008723,0.999655,0,0.52548,-0.74549,17.865,-0.598,-1,577.611,-1,647.687,-1,490.724,503.360,418.657,532.705,-1,-1,-1,-1,-1,-1,-1,-1,2,0,2,0,2,0,0,0,0,2,2,2,2,2,2,2,2
114,-5300.029,9358.805,7.377,97.100,-0.123558,-0.992281,0.010535,0.992037,-0.123775,-0.023283,0.024407,0.007574,0.999673,0,0.52653,-0.74549,18.010,-0.654,-1,574.377,-1,649.842,-1,489.585,503.212,416.930,535.997,-1,-1,-1,-1,-1,-1,-1,-1,2,0,2,0,2,0,0,0,0,2,2,2,2,2,2,2,2
115,-5299.300,9376.957,7.623,96.464,-0.112553,-0.993600,0.009563,0.993368,-0.112744,-0.022578,0.023512,0.006959,0.999699,0,0.52782,-0.74549,18.167,-0.635,-1,570.467,-1,650.106,-1,487.689,502.015,415.988,538.087,-1,-1,-1,-1,-1,-1,-1,-1,2,0,2,0,2,0,0,0,0,2,2,2,2,2,2,2,2
116,-5298.262,9395.235,8.004,95.803,-0.101074,-0.994838,0.009023,0.994626,-0.101249,-0.021650,0.022452,0.006786,0.999725,0,0.52902,-0.74549,18.308,-0.662,-1,566.952,-1,649.998,-1,485.963,500.846,416.041,539.651,-1,-1,-1,-1,-1,-1,-1,-1,2,0,2,0,2,0,0,0,0,2,2,2,2,2,2,2,2
117,-5296.676,9413.631,8.393,95.065,-0.088266,-0.996064,0.008095,0.995871,-0.088416,-0.020577,0.021212,0.006246,0.999756,0,0.53031,-0.74549,18.464,-0.738,-1,566.927,-1,650.036,-1,484.065,499.778,415.667,542.082,-1,-1,-1,-1,-1,-1,-1,-1,2,0,2,0,2,0,0,0,0,2,2,2,2,2,2,2,2
118,-5294.741,9432.250,8.687,94.296,-0.074894,-0.997159,0.008100,0.996978,-0.075044,-0.020088,0.020639,0.006571,0.999765,0,0.53193,-0.74335,18.719,-0.769,-1,569.302,-1,651.017,-1,483.313,500.276,416.523,542.373,-1,-1,-1,-1,-1,-1,-1,-1,2,0,2,0,2,0,0,0,0,2,2,2,2,2,2,2,2
119,-5292.460,9451.053,8.943,93.513,-0.061266,-0.998082,0.008918,0.997913,-0.061433,-0.019875,0.020384,0.007682,0.999763,0,0.53366,-0.73927,18.941,-0.783,-1,572.973,-1,652.173,-1,483.921,501.196,418.534,540.838,-1,-1,-1,-1,-1,-1,-1,-1,2,0,2,0,2,0,0,0,0,2,2,2,2,2,2,2,2
120,-5289.337,9469.746,9.196,92.627,-0.045821,-0.998914,0.008472,0.998749,-0.045981,-0.019664,0.020032,0.007560,0.999771,0,0.53544,-0.73509,18.952,-0.886,-1,576.340,-1,654.672,-1,484.658,502.488,419.040,542.096,-1,-1,-1,-1,-1,-1,-1,-1,2,0,2,0,2,0,0,0,0,2,2,2,2,2,2,2,2
121,-5285.372,9488.124,9.492,91.641,-0.028625,-0.999559,0.007942,0.999409,-0.028770,-0.018786,0.019006,0.007400,0.999792,0,0.53768,-0.72981,18.801,-0.986,-1,576.402,-1,655.989,-1,484.588,503.076,419.722,543.527,-1,-1,-1,-1,-1,-1,-1,-1,2,0,2,0,2,0,0,0,0,2,2,2,2,2,2,2,2
122,-5281.248,9506.702,9.742,90.682,-0.011892,-0.999885,0.009411,0.999757,-0.012064,-0.018424,0.018535,0.009189,0.999786,0,0.54039,-0.72344,19.030,-0.959,-1,580.836,-1,656.747,-1,485.706,504.311,423.331,540.504,-1,-1,-1,-1,-1,-1,-1,-1,2,0,2,0,2,0,0,0,0,2,2,2,2,2,2,2,2
123,-5276.475,9525.188,10.046,89.684,0.005511,-0.999930,0.010490,0.999816,0.005317,-0.018425,0.018368,0.010590,0.999775,0,0.54296,-0.71739,19.092,-0.997,-1,586.269,-1,658.092,-1,487.761,506.537,426.883,538.603,-1,-1,-1,-1,-1,-1,-1,-1,2,0,2,0,2,0,0,0,0,2,2,2,2,2,2,2,2
124,-5271.221,9543.594,10.377,88.652,0.023518,-0.999654,0.011743,0.999561,0.023301,-0.018283,0.018003,0.012168,0.999764,0,0.54570,-0.71092,19.142,-1.032,-1,591.539,-1,658.676,-1,490.291,508.988,430.930,536.391,-1,-1,-1,-1,-1,-1,-1,-1,2,0,2,0,2,0,0,0,0,2,2,2,2,2,2,2,2
125,-5265.835,9562.231,10.666,87.696,0.040192,-0.999098,0.013723,0.999021,0.039927,-0.019056,0.018491,0.014476,0.999724,0,0.54861,-0.70409,19.400,-0.956,-1,599.712,-1,660.573,-1,495.210,512.695,436.029,532.589,-1,-1,-1,-1,-1,-1,-1,-1,2,0,2,0,2,0,0,0,0,2,2,2,2,2,2,2,2
126,-5260.181,9580.975,10.893,86.775,0.056240,-0.998295,0.015653,0.998231,0.055919,-0.020222,0.019312,0.016762,0.999673,0,0.55116,-0.69808,19.577,-0.921,-1,609.821,-1,663.135,751.354,500.617,516.885,441.408,528.743,-1,-1,-1,-1,-1,-1,-1,-1,2,0,2,0,1,0,0,0,0,2,2,2,2,2,2,2,2
127,-5254.443,9599.905,11.039,85.906,0.071375,-0.997296,0.017493,0.997249,0.070999,-0.021280,0.019980,0.018964,0.999620,0,0.55355,-0.69246,19.781,-0.869,-1,619.198,-1,664.989,724.347,505.454,520.495,446.892,524.871,-1,-1,-1,-1,-1,-1,-1,-1,2,0,2,0,1,0,0,0,0,2,2,2,2,2,2,2,2
128,-5248.459,9618.930,11.145,85.041,0.086419,-0.996093,0.018199,0.996053,0.086015,-0.021900,0.020249,0.020019,0.999595,0,0.55569,-0.68743,19.943,-0.865,-1,626.411,-1,666.056,698.082,509.322,523.130,450.583,523.306,-1,-1,-1,-1,-1,-1,-1,-1,2,0,2,0,1,0,0,0,0,2,2,2,2,2,2,2,2
129,-5242.271,9637.958,11.293,84.152,0.101878,-0.994624,0.018529,0.994607,0.101477,-0.021433,0.019437,0.020612,0.999599,0,0.55779,-0.68247,20.009,-0.890,-1,630.015,-1,664.478,672.117,511.066,523.804,453.298,522.718,-1,-1,-1,-1,-1,-1,-1,-1,2,0,2,0,1,0,0,0,0,2,2,2,2,2,2,2,2
130,-5235.967,9657.135,11.420,83.287,0.116871,-0.992971,0.018704,0.992977,0.116482,-0.020695,0.018370,0.020991,0.999611,0,0.56000,-0.67728,20.186,-0.864,-1,631.893,-1,662.307,647.165,511.587,523.527,455.248,522.490,-1,-1,-1,-1,-1,-1,-1,-1,2,0,2,0,1,0,0,0,0,2,2,2,2,2,2,2,2
131,-5229.415,9676.397,11.612,82.425,0.131795,-0.991102,0.018633,0.991122,0.131419,-0.020152,0.017524,0.021124,0.999623,0,0.56207,-0.67240,20.347,-0.862,-1,634.417,-1,661.106,622.771,512.685,523.897,457.901,522.970,-1,-1,-1,-1,-1,-1,-1,-1,2,0,2,0,1,0,0,0,0,2,2,2,2,2,2,2,2
132,-5222.666,9695.776,11.824,81.570,0.146575,-0.989025,0.018566,0.989061,0.146214,-0.019493,0.016564,0.021220,0.999638,0,0.56411,-0.66759,20.520,-0.855,-1,636.648,-1,659.601,598.951,513.609,524.117,460.607,523.549,-1,-1,-1,-1,-1,-1,-1,-1,2,0,2,0,1,0,0,0,0,2,2,2,2,2,2,2,2
133,-5215.509,9715.209,12.008,80.687,0.161806,-0.986651,0.018395,0.986689,0.161450,-0.019471,0.016241,0.021301,0.999641,0,0.56611,-0.66289,20.709,-0.883,-1,640.501,-1,659.785,575.132,515.815,525.598,462.612,524.169,-1,-1,-1,-1,-1,-1,-1,-1,2,0,2,0,1,0,0,0,0,2,2,2,2,2,2,2,2
134,-5207.607,9734.298,12.225,79.669,0.179317,-0.983648,0.016786,0.983674,0.179007,-0.018477,0.015170,0.019825,0.999688,0,0.56821,-0.65794,20.660,-1.018,-1,640.037,-1,660.061,550.133,516.564,525.680,461.555,528.125,-1,-1,-1,-1,-1,-1,-1,-1,2,0,2,0,1,0,0,0,0,2,2,2,2,2,2,2,2
135,-5199.062,9753.211,12.434,78.567,0.198194,-0.980048,0.015032,0.980055,0.197921,-0.017882,0.014550,0.018276,0.999727,0,0.57093,-0.65155,20.754,-1.101,-1,640.239,-1,661.967,524.677,517.684,526.690,460.609,532.324,-1,-1,-1,-1,-1,-1,-1,-1,2,0,2,0,1,0,0,0,0,2,2,2,2,2,2,2,2
136,-5190.002,9771.855,12.686,77.433,0.217554,-0.975943,0.014352,0.975940,0.217287,-0.018110,0.014555,0.017947,0.999733,0,0.29930,-0.39770,20.729,-1.134,-1,643.477,-1,664.547,499.392,519.717,528.798,460.418,534.130,-1,-1,-1,-1,-1,-1,-1,-1,2,0,2,0,1,0,0,0,0,2,2,2,2,2,2,2,2
137,-5180.698,9790.251,12.919,76.354,0.235890,-0.971660,0.015247,0.971671,0.235600,-0.018649,0.014528,0.019214,0.999710,0,0.30099,-0.39007,20.615,-1.079,-1,647.929,-1,665.283,475.152,521.899,530.093,489.629,532.439,-1,-1,-1,-1,-1,-1,-1,-1,2,0,2,0,1,0,0,0,0,2,2,2,2,2,2,2,2
138,-5171.349,9808.560,13.110,75.368,0.252581,-0.967407,0.018053,0.967472,0.252237,-0.019342,0.014157,0.022351,0.999650,0,0.30256,-0.38296,20.557,-0.986,-1,651.831,-1,663.280,452.195,523.540,530.194,723.819,526.622,-1,-1,-1,-1,-1,-1,-1,-1,2,0,2,0,1,0,0,0,0,2,2,2,2,2,2,2,2
139,-5162.029,9826.812,13.170,74.476,0.267622,-0.963288,0.021321,0.963439,0.267238,-0.019224,0.012820,0.025687,0.999588,0,0.30393,-0.37680,20.495,-0.892,-1,652.287,-1,658.874,430.485,522.946,527.695,752.613,520.004,-1,-1,-1,-1,-1,-1,-1,524.509,2,0,2,0,1,0,0,0,0,2,2,2,2,2,2,2,1
140,-5152.848,9845.115,13.044,73.692,0.280780,-0.959450,0.024860,0.959711,0.280376,-0.018545,0.010823,0.029065,0.999519,0,0.30508,-0.37160,20.477,-0.784,-1,649.587,-1,651.879,410.051,520.264,523.376,780.825,512.805,-1,-1,-1,-1,-1,-1,-1,496.807,2,0,2,0,1,0,0,0,0,2,2,2,2,2,2,2,1
141,-5143.825,9863.442,12.789,73.006,0.292268,-0.955905,0.028726,0.956298,0.291854,-0.017775,0.008608,0.032666,0.999429,0,0.30598,-0.36755,20.428,-0.687,-1,646.073,-1,643.603,390.715,516.440,518.223,811.226,504.907,-1,-1,-1,-1,-1,-1,-1,471.092,2,0,2,0,1,0,0,0,0,2,2,2,2,2,2,2,1
142,-5135.018,9881.902,12.501,72.426,0.301928,-0.952784,0.032274,0.953307,0.301507,-0.017316,0.006768,0.035996,0.999329,0,0.30665,-0.36452,20.453,-0.579,-1,643.201,-1,636.266,372.490,512.954,513.588,833.027,497.633,-1,-1,-1,-1,-1,-1,-1,447.313,2,0,2,0,1,0,0,0,0,2,2,2,2,2,2,2,1
143,-5126.279,9900.440,12.183,71.911,0.310488,-0.949973,0.033882,0.950563,0.310091,-0.016561,0.005227,0.037349,0.999289,0,0.30706,-0.36264,20.494,-0.515,-1,639.061,-1,631.143,354.999,509.280,509.693,848.255,494.331,-1,-1,-1,-1,-1,-1,-1,424.806,2,0,2,0,1,0,0,0,0,2,2,2,2,2,2,2,1
144,-5117.654,9919.066,11.864,71.437,0.318340,-0.947377,0.033712,0.947967,0.317974,-0.015865,0.004310,0.037008,0.999306,0,0.30732,-0.36147,20.526,-0.474,-1,634.686,-1,629.593,338.116,506.387,507.149,858.286,494.348,-1,-1,-1,-1,-1,-1,-1,403.308,2,0,2,0,1,0,0,0,0,2,2,2,2,2,2,2,1
145,-5109.026,9937.604,11.665,70.955,0.326307,-0.944705,0.032488,0.945258,0.325989,-0.014805,0.003395,0.035541,0.999362,0,0.30748,-0.36078,20.447,-0.482,-1,629.752,-1,629.375,321.472,503.605,505.099,860.482,496.731,-1,-1,-1,-1,-1,-1,-1,382.219,2,0,2,0,1,0,0,0,0,2,2,2,2,2,2,2,1
146,-5100.428,9956.041,11.670,70.480,0.334132,-0.942006,0.031305,0.942524,0.333879,-0.013141,0.001927,0.033897,0.999424,0,0.30764,-0.36003,20.344,-0.475,-1,623.875,-1,628.522,305.092,500.288,502.883,855.977,499.845,-1,-1,-1,-1,-1,-1,-1,361.601,2,0,2,0,1,0,0,0,0,2,2,2,2,2,2,2,1
147,-5091.756,9974.381,11.863,70.026,0.341592,-0.939339,0.030932,0.939848,0.341372,-0.012298,0.000993,0.033272,0.999446,0,0.30779,-0.35936,20.287,-0.454,-1,620.716,-1,629.572,288.890,498.513,502.096,855.427,501.575,-1,-1,-1,-1,-1,-1,-1,341.383,2,0,2,0,1,0,0,0,0,2,2,2,2,2,2,2,1
148,-5082.909,9992.576,12.109,69.572,0.349025,-0.936595,0.031153,0.937113,0.348830,-0.011676,0.000068,0.033269,0.999446,0,0.30789,-0.35892,20.232,-0.454,-1,617.966,-1,630.295,272.677,497.070,501.371,857.055,502.257,-1,-1,-1,-1,-1,-1,-1,321.279,2,0,2,0,1,0,0,0,0,2,2,2,2,2,2,2,1
149,-5073.975,10010.682,12.298,69.137,0.356139,-0.933885,0.031990,0.934432,0.355977,-0.010822,-0.001281,0.033746,0.999430,0,0.30799,-0.35848,20.190,-0.436,-1,614.399,-1,629.219,256.567,494.865,499.666,857.355,501.806,-1,-1,-1,-1,-1,-1,-1,301.453,2,0,2,0,1,0,0,0,0,2,2,2,2,2,2,2,1
150,-5064.914,10028.866,12.382,68.714,0.363017,-0.931200,0.032942,0.931779,0.362882,-0.010198,-0.002458,0.034396,0.999405,0,0.53728,-0.42477,20.317,-0.422,-1,611.081,-1,628.127,240.480,492.731,497.985,483.446,500.755,-1,-1,-1,-1,-1,-1,-1,281.794,2,0,2,0,1,0,0,0,0,2,2,2,2,2,2,2,1
151,-5055.683,10047.356,12.348,68.305,0.369662,-0.928562,0.033493,0.929162,0.369533,-0.010184,-0.002920,0.034885,0.999387,0,0.53731,-0.42471,20.667,-0.409,-1,608.983,-1,628.753,224.333,491.489,497.294,487.845,499.780,-1,-1,-1,-1,-1,-1,-1,262.198,2,0,2,0,1,0,0,0,0,2,2,2,2,2,2,2,1
152,-5046.312,10066.104,12.206,67.907,0.376103,-0.925956,0.033935,0.926572,0.375975,-0.010300,-0.003221,0.035317,0.999371,0,0.53723,-0.42490,20.958,-0.398,-1,606.919,-1,630.081,208.128,490.249,496.623,491.933,498.634,-1,-1,-1,-1,-1,-1,-1,242.657,2,0,2,0,1,0,0,0,0,2,2,2,2,2,2,2,1
153,-5036.786,10085.054,12.024,67.531,0.382174,-0.923457,0.034221,0.924082,0.382062,-0.010020,-0.003822,0.035452,0.999364,0,0.53708,-0.42531,21.210,-0.376,-1,603.778,-1,631.045,191.874,488.331,495.435,495.393,497.823,-1,-1,-1,-1,-1,-1,-1,223.188,2,0,2,0,1,0,0,0,0,2,2,2,2,2,2,2,1
154,-5027.095,10104.204,11.787,67.171,0.387975,-0.921013,0.034787,0.921658,0.387882,-0.009646,-0.004609,0.035804,0.999348,0,0.53680,-0.42602,21.463,-0.360,-1,600.191,-1,631.261,175.518,485.986,494.371,499.113,496.275,-1,-1,-1,-1,-1,-1,-1,203.711,2,0,2,0,1,0,0,0,0,2,2,2,2,2,2,2,1
155,-5017.271,10123.481,11.628,66.828,0.393486,-0.918648,0.035412,0.919311,0.393439,-0.008576,-0.006054,0.035929,0.999336,0,0.53643,-0.42699,21.636,-0.343,-1,-1,-1,630.679,159.112,482.645,492.901,503.660,495.302,-1,-1,-1,-1,-1,-1,-1,184.282,2,2,2,0,1,0,0,0,0,2,2,2,2,2,2,2,1
156,-5005.260,10146.930,11.472,66.437,0.399751,-0.915927,0.035743,0.916594,0.399747,-0.007562,-0.007362,0.035785,0.999332,0,0.53596,-0.42820,26.345,-0.391,-1,-1,-1,631.637,139.302,479.937,492.031,509.566,494.838,-1,-1,-1,-1,-1,-1,-1,160.955,2,2,2,0,1,0,0,0,0,2,2,2,2,2,2,2,1
157,-4997.081,10162.738,11.375,66.174,0.403948,-0.914088,0.035633,0.914749,0.403958,-0.007254,-0.007763,0.035525,0.999339,0,0.53526,-0.43000,17.799,-0.263,-1,-1,-1,633.886,125.963,479.565,492.384,513.704,494.911,-1,-1,-1,-1,-1,-1,-1,145.313,2,2,2,0,1,0,0,0,0,2,2,2,2,2,2,2,1
158,-4986.632,10182.627,11.273,65.831,0.409415,-0.911679,0.034939,0.912313,0.409435,-0.006910,-0.008005,0.034704,0.999366,0,0.53477,-0.43126,22.466,-0.343,-1,-1,-1,638.095,109.114,480.178,493.510,519.406,496.046,-1,-1,-1,-1,-1,-1,-1,125.619,2,2,2,0,1,0,0,0,0,2,2,2,2,2,2,2,1
159,-4975.910,10202.602,11.220,65.465,0.415229,-0.909073,0.034229,0.909681,0.415251,-0.006796,-0.008035,0.033959,0.999391,0,0.53419,-0.43277,22.671,-0.366,-1,-1,-1,643.661,92.032,481.386,495.228,525.317,497.201,-1,-1,-1,-1,-1,-1,-1,105.724,2,2,2,0,1,0,0,0,0,2,2,2,2,2,2,2,1
160,-4964.915,10222.619,11.200,65.087,0.421223,-0.906305,0.034380,0.906919,0.421251,-0.006772,-0.008345,0.034032,0.999386,0,0.53367,-0.43413,22.838,-0.378,-1,-1,-1,648.003,74.699,482.378,496.905,530.880,496.846,-1,-1,-1,-1,-1,-1,-1,85.621,2,2,2,0,1,0,0,0,0,2,2,2,2,2,2,2,1
161,-4955.882,10239.948,11.276,64.471,0.430934,-0.901620,0.037109,0.902277,0.431151,-0.002371,-0.013862,0.034505,0.999308,0,0.53317,-0.43542,19.542,-0.617,-1,-1,-1,636.269,59.794,474.647,489.465,536.852,495.359,-1,-1,-1,-1,-1,-1,-1,68.287,2,2,2,0,1,0,0,0,0,2,2,2,2,2,2,2,1
162,-4955.398,10248.336,11.846,63.056,0.452861,-0.890124,0.050953,0.890943,0.453959,0.011910,-0.033732,0.040003,0.998630,0,0.53384,-0.43370,8.402,-1.414,-1,-1,-1,581.288,54.977,445.474,457.316,552.950,484.633,-1,-1,-1,-1,-1,-1,-1,62.267,2,2,2,0,1,0,0,0,0,2,2,2,2,2,2,2,1
163,-4959.908,10253.147,13.160,61.182,0.481386,-0.873811,0.068714,0.874986,0.483689,0.021063,-0.051641,0.049985,0.997414,0,0.53845,-0.42176,6.595,-1.874,-1,-1,-1,535.819,56.347,424.066,431.278,589.371,468.521,-1,-1,-1,-1,-1,-1,-1,63.145,2,2,2,0,1,0,0,0,0,2,2,2,2,2,2,2,1
164,-4964.718,10259.383,14.898,59.536,0.506195,-0.858796,0.078974,0.860600,0.508950,0.018398,-0.055994,0.058652,0.996707,0,0.54518,-0.40434,7.875,-1.646,-1,-1,-1,525.674,58.631,424.552,428.729,623.809,457.629,-1,-1,-1,-1,-1,-1,-1,65.115,2,2,2,0,1,0,0,0,0,2,2,2,2,2,2,2,1
165,-4968.333,10266.921,16.560,58.131,0.527349,-0.846155,0.076976,0.848253,0.529509,0.009364,-0.048683,0.060357,0.996989,0,0.55088,-0.38957,8.360,-1.405,-1,-1,-1,547.277,60.190,442.426,446.191,640.288,459.612,-1,-1,-1,-1,-1,-1,-1,66.356,2,2,2,0,1,0,0,0,0,2,2,2,2,2,2,2,1
166,-4970.865,10274.344,17.636,56.986,0.544495,-0.836267,0.064671,0.837990,0.545685,0.000881,-0.036026,0.053714,0.997906,0,0.32811,-0.37413,7.843,-1.146,-1,-1,-1,588.788,61.287,467.612,473.545,629.918,474.933,-1,-1,-1,-1,-1,-1,-1,67.176,2,2,2,0,1,0,0,0,0,2,2,2,2,2,2,2,1
167,-4973.157,10280.493,17.686,56.107,0.557487,-0.828785,0.048210,0.829852,0.557969,-0.004043,-0.023549,0.042262,0.998829,0,0.33027,-0.36464,6.563,-0.878,-1,-1,-1,634.710,62.772,490.086,500.154,602.281,496.881,-1,-1,-1,-1,-1,-1,-1,68.507,2,2,2,0,1,0,0,0,0,2,2,2,2,2,2,2,1
168,-4975.254,10285.362,16.793,55.453,0.567030,-0.823116,0.030939,0.823596,0.567148,-0.005664,-0.012884,0.028693,0.999505,0,0.33190,-0.35749,5.302,-0.654,-1,-1,-1,678.143,64.514,507.159,523.039,567.316,521.837,-1,-1,-1,-1,-1,-1,-1,70.181,2,2,2,0,1,0,0,0,0,2,2,2,2,2,2,2,1
169,-4976.575,10288.054,15.717,55.188,0.570876,-0.820871,0.016455,0.821002,0.570920,-0.002384,-0.007437,0.014871,0.999862,0,0.33310,-0.35224,2.998,-0.266,-1,-1,-1,706.121,65.879,513.219,534.853,531.943,548.360,-1,-1,-1,-1,-1,-1,-1,71.570,2,2,2,0,1,0,0,0,0,2,2,2,2,2,2,2,1
170,-4753.770,3357.316,5.837,70.420,0.335124,-0.942104,-0.011522,0.942174,0.335096,0.004309,-0.000199,-0.012300,0.999924,1,0.33354,-0.35029,0.000,0.000,-1,639.099,-1,671.410,-1,526.029,534.927,493.840,476.412,-1,-1,-1,-1,-1,-1,-1,-1,2,0,2,0,2,0,0,0,0,2,2,2,2,2,2,2,2
171,-4753.497,3357.635,7.305,70.433,0.334913,-0.942209,-0.008717,0.942248,0.334889,0.004164,-0.001004,-0.009608,0.999953,0,0.71400,0.30323,0.420,0.013,-1,643.637,-1,671.272,-1,528.509,536.403,502.390,475.462,-1,-1,-1,-1,-1,-1,-1,-1,2,0,2,0,2,0,0,0,0,2,2,2,2,2,2,2,2
172,-4753.040,3358.722,7.595,70.475,0.334217,-0.942470,-0.007012,0.942496,0.334209,0.002265,0.000208,-0.007366,0.999973,0,0.71394,0.30310,1.179,0.042,-1,649.742,-1,673.429,-1,532.006,539.084,507.345,472.723,-1,-1,-1,-1,-1,-1,-1,-1,2,0,2,0,2,0,0,0,0,2,2,2,2,2,2,2,2
173,-4752.375,3360.510,6.819,70.519,0.333492,-0.942726,-0.007089,0.942749,0.333502,-0.000333,0.002678,-0.006572,0.999975,0,0.71373,0.30258,1.908,0.044,-1,654.927,-1,677.036,-1,535.173,541.976,507.005,470.012,-1,-1,-1,-1,-1,-1,-1,-1,2,0,2,0,2,0,0,0,0,2,2,2,2,2,2,2,2
174,-4751.599,3363.135,5.124,70.578,0.332516,-0.943053,-0.009175,0.943079,0.332555,-0.003054,0.005931,-0.007637,0.999953,0,0.71349,0.30198,2.738,0.059,-1,657.958,-1,681.703,-1,537.364,544.584,500.916,468.343,-1,-1,-1,-1,-1,-1,-1,-1,2,0,2,0,2,0,0,0,0,2,2,2,2,2,2,2,2
175,-4750.795,3366.648,2.923,70.651,0.331313,-0.943444,-0.012014,0.943478,0.331393,-0.005276,0.008959,-0.009587,0.999914,0,0.71313,0.30111,3.603,0.073,-1,658.086,-1,685.172,-1,537.727,545.702,491.892,467.016,-1,-1,-1,-1,-1,-1,-1,-1,2,0,2,0,2,0,0,0,0,2,2,2,2,2,2,2,2
176,-4749.895,3370.957,0.840,70.728,0.330038,-0.943853,-0.014690,0.943906,0.330154,-0.006249,0.010748,-0.011803,0.999873,0,0.71267,0.29998,4.402,0.077,-1,654.892,-1,685.930,-1,535.844,544.675,482.622,466.407,-1,-1,-1,-1,-1,-1,-1,-1,2,0,2,0,2,0,0,0,0,2,2,2,2,2,2,2,2
177,-4748.845,3375.969,-0.678,70.807,0.328733,-0.944272,-0.016902,0.944361,0.328863,-0.005565,0.010813,-0.014132,0.999842,0,0.71215,0.29870,5.121,0.079,-1,648.555,-1,683.767,-1,531.871,541.577,474.497,467.309,-1,-1,-1,-1,-1,-1,-1,-1,2,0,2,0,2,0,0,0,0,2,2,2,2,2,2,2,2
178,-4747.564,3381.650,-1.400,70.887,0.327412,-0.944703,-0.018375,0.944834,0.327529,-0.003629,0.009447,-0.016173,0.999825,0,0.71159,0.29732,5.824,0.080,-1,641.042,-1,679.794,-1,527.084,537.526,468.811,469.668,-1,-1,-1,-1,-1,-1,-1,-1,2,0,2,0,2,0,0,0,0,2,2,2,2,2,2,2,2
179,-4745.879,3387.955,-1.285,70.948,0.326422,-0.945035,-0.018908,0.945197,0.326500,-0.001115,0.007227,-0.017507,0.999821,0,0.71099,0.29585,6.526,0.060,-1,634.523,-1,675.329,-1,522.872,533.754,466.402,472.882,-1,-1,-1,-1,-1,-1,-1,-1,2,0,2,0,2,0,0,0,0,2,2,2,2,2,2,2,2
180,-4743.734,3394.963,-0.547,70.971,0.326039,-0.945178,-0.018390,0.945342,0.326080,0.000780,0.005260,-0.017639,0.999831,0,0.71046,0.29455,7.329,0.023,-1,631.751,-1,672.279,-1,520.994,531.858,467.636,475.586,-1,-1,-1,-1,-1,-1,-1,-1,2,0,2,0,2,0,0,0,0,2,2,2,2,2,2,2,2
181,-4741.154,3402.744,0.465,70.967,0.326115,-0.945177,-0.017023,0.945320,0.326140,0.001330,0.004295,-0.016526,0.999854,0,0.71006,0.29358,8.198,-0.005,-1,633.578,-1,671.583,-1,522.035,532.428,471.776,476.980,-1,-1,-1,-1,-1,-1,-1,-1,2,0,2,0,2,0,0,0,0,2,2,2,2,2,2,2,2
182,-4738.208,3411.274,1.483,70.958,0.326263,-0.945158,-0.015155,0.945269,0.326291,0.000621,0.004358,-0.014528,0.999885,0,0.70976,0.29283,9.025,-0.009,-1,638.966,-1,672.851,-1,525.284,534.906,477.577,477.064,-1,-1,-1,-1,-1,-1,-1,-1,2,0,2,0,2,0,0,0,0,2,2,2,2,2,2,2,2
183,-4734.939,3420.537,2.307,70.951,0.326375,-0.945146,-0.013377,0.945227,0.326412,-0.000690,0.005018,-0.012419,0.999910,0,0.70945,0.29206,9.823,-0.007,-1,645.541,-1,675.021,-1,529.254,538.097,483.174,476.616,-1,-1,-1,-1,-1,-1,-1,-1,2,0,2,0,2,0,0,0,0,2,2,2,2,2,2,2,2
184,-4731.431,3430.516,2.788,70.950,0.326381,-0.945163,-0.011966,0.945221,0.326425,-0.001858,0.005662,-0.010704,0.999927,0,0.70910,0.29121,10.578,-0.000,-1,650.780,-1,676.387,-1,532.160,540.519,487.226,476.076,-1,-1,-1,-1,-1,-1,-1,-1,2,0,2,0,2,0,0,0,0,2,2,2,2,2,2,2,2
185,-4727.872,3441.234,2.889,70.993,0.325685,-0.945419,-0.010623,0.945460,0.325728,-0.002483,0.005808,-0.009235,0.999941,0,0.70869,0.29021,11.293,0.042,-1,653.302,-1,675.327,-1,533.196,541.058,489.809,475.135,-1,-1,-1,-1,-1,-1,-1,-1,2,0,2,0,2,0,0,0,0,2,2,2,2,2,2,2,2
186,-4724.322,3452.647,2.696,71.084,0.324183,-0.945948,-0.009346,0.945980,0.324216,-0.002201,0.005112,-0.008128,0.999954,0,0.70806,0.28867,11.953,0.091,-1,652.294,-1,671.630,-1,531.785,539.257,490.883,474.175,-1,-1,-1,-1,-1,-1,-1,-1,2,0,2,0,2,0,0,0,0,2,2,2,2,2,2,2,2
187,-4720.753,3464.763,2.316,71.206,0.322165,-0.946643,-0.008742,0.946675,0.322188,-0.001248,0.003998,-0.007873,0.999961,0,0.70719,0.28652,12.631,0.122,-1,648.925,-1,667.069,-1,528.953,536.222,489.872,474.253,-1,-1,-1,-1,-1,-1,-1,-1,2,0,2,0,2,0,0,0,0,2,2,2,2,2,2,2,2
188,-4717.155,3477.553,1.857,71.354,0.319717,-0.947472,-0.008816,0.947509,0.319730,-0.000022,0.002839,-0.008347,0.999961,0,0.70614,0.28394,13.286,0.148,-1,644.620,-1,662.785,-1,525.728,532.888,487.315,475.035,-1,-1,-1,-1,-1,-1,-1,-1,2,0,2,0,2,0,0,0,0,2,2,2,2,2,2,2,2
189,-4713.696,3490.551,1.793,71.591,0.315796,-0.948795,-0.007779,0.948822,0.315811,-0.000819,0.003234,-0.007122,0.999969,0,0.70494,0.28098,13.450,0.237,-1,647.221,-1,662.251,-1,526.781,533.134,488.949,474.262,-1,-1,-1,-1,-1,-1,-1,-1,2,0,2,0,2,0,0,0,0,2,2,2,2,2,2,2,2
190,-4710.265,3503.695,2.435,71.858,0.311365,-0.950274,-0.005536,0.950269,0.311392,-0.004878,0.006360,-0.003742,0.999973,0,0.70334,0.27707,13.585,0.267,-1,661.249,-1,668.883,-1,535.326,539.976,496.626,472.233,-1,-1,-1,-1,-1,-1,-1,-1,2,0,2,0,2,0,0,0,0,2,2,2,2,2,2,2,2
191,-4706.896,3517.094,3.651,72.138,0.306703,-0.951802,-0.002474,0.951739,0.306711,-0.010975,0.011205,0.001012,0.999937,0,0.70161,0.27282,13.816,0.280,-1,683.563,-1,680.531,-1,549.071,551.754,508.657,469.723,-1,-1,-1,-1,-1,-1,-1,-1,2,0,2,0,2,0,0,0,0,2,2,2,2,2,2,2,2
192,-4703.521,3530.898,5.154,72.433,0.301786,-0.953376,-0.000482,0.953237,0.301751,-0.016910,0.016267,0.004643,0.999857,0,0.69980,0.26837,14.210,0.295,-1,707.479,-1,694.515,-1,563.779,565.160,519.602,469.795,-1,-1,-1,-1,-1,-1,-1,-1,2,0,2,0,2,0,0,0,0,2,2,2,2,2,2,2,2
193,-4700.557,3545.114,6.515,72.805,0.295571,-0.955321,0.000457,0.955128,0.295502,-0.020234,0.019195,0.006417,0.999795,0,0.69789,0.26369,14.522,0.372,-1,723.276,-1,704.219,-1,573.896,574.057,526.485,472.453,-1,-1,-1,-1,-1,-1,-1,-1,2,0,2,0,2,0,0,0,0,2,2,2,2,2,2,2,2
194,-4697.937,3559.741,7.376,73.219,0.288667,-0.957429,-0.000778,0.957237,0.288625,-0.019829,0.019209,0.004979,0.999803,0,0.69561,0.25809,14.860,0.414,-1,725.081,-1,707.550,-1,576.031,576.099,525.492,478.713,-1,-1,-1,-1,-1,-1,-1,-1,2,0,2,0,2,0,0,0,0,2,2,2,2,2,2,2,2
195,-4695.541,3574.837,7.561,73.626,0.281860,-0.959447,-0.004050,0.959303,0.281888,-0.016632,0.017099,0.000803,0.999853,0,0.69311,0.25193,15.285,0.408,-1,715.562,-1,705.594,-1,571.461,572.594,517.237,487.141,-1,-1,-1,-1,-1,-1,-1,-1,2,0,2,0,2,0,0,0,0,2,2,2,2,2,2,2,2
196,-4692.752,3593.377,6.786,74.061,0.274598,-0.961513,-0.009367,0.961482,0.274687,-0.009981,0.012169,-0.006265,0.999906,0,0.63994,-0.56014,18.748,0.434,-1,692.389,-1,695.776,-1,558.252,561.782,500.922,498.318,-1,-1,-1,-1,-1,-1,-1,-1,2,0,2,0,2,0,0,0,0,2,2,2,2,2,2,2,2
197,-4690.728,3606.031,5.695,74.277,0.270980,-0.962487,-0.013729,0.962554,0.271059,-0.004188,0.007752,-0.012080,0.999897,0,0.63728,-0.56719,12.816,0.216,-1,671.615,-1,685.570,-1,545.747,551.320,486.645,506.312,-1,-1,-1,-1,-1,-1,-1,-1,2,0,2,0,2,0,0,0,0,2,2,2,2,2,2,2,2
198,-4687.573,3622.038,3.965,74.380,0.269252,-0.962882,-0.019037,0.963067,0.269250,0.002715,0.002512,-0.019065,0.999815,0,0.63577,-0.57119,16.315,0.103,-1,646.662,-1,672.247,-1,530.202,538.176,468.853,515.007,-1,-1,-1,-1,-1,-1,-1,-1,2,0,2,0,2,0,0,0,0,2,2,2,2,2,2,2,2
199,-4683.398,3638.015,2.122,74.281,0.270916,-0.962334,-0.022753,0.962602,0.270801,0.008059,-0.001594,-0.024086,0.999709,0,0.63453,-0.57448,16.514,-0.099,-1,626.987,-1,659.813,-1,517.263,526.877,454.724,519.889,-1,-1,-1,-1,-1,-1,-1,-1,2,0,2,0,2,0,0,0,0,2,2,2,2,2,2,2,2
200,-4677.699,3653.343,0.567,73.892,0.277441,-0.960421,-0.024859,0.960732,0.277221,0.011946,-0.004582,-0.027198,0.999620,0,0.63410,-0.57561,16.353,-0.389,-1,613.156,-1,649.205,-1,507.666,518.211,445.012,521.410,-1,-1,-1,-1,-1,-1,-1,-1,2,0,2,0,2,0,0,0,0,2,2,2,2,2,2,2,2
201,-4670.868,3668.354,-0.651,73.291,0.287498,-0.957504,-0.023039,0.957762,0.287255,0.013282,-0.006100,-0.025884,0.999646,0,0.63490,-0.57350,16.492,-0.601,-1,607.719,-1,639.521,-1,502.441,512.359,443.630,515.662,-1,-1,-1,-1,-1,-1,-1,-1,2,0,2,0,2,0,0,0,0,2,2,2,2,2,2,2,2
202,-4663.411,3683.508,-1.553,72.653,0.298144,-0.954379,-0.016488,0.954498,0.297973,0.012052,-0.006590,-0.019331,0.999791,0,0.63657,-0.56906,16.890,-0.638,-1,609.820,-1,629.229,-1,500.637,508.229,451.822,501.636,-1,-1,-1,-1,-1,-1,-1,-1,2,0,2,0,2,0,0,0,0,2,2,2,2,2,2,2,2
203,-4655.338,3698.870,-1.953,72.048,0.308218,-0.951279,-0.008346,0.951294,0.308139,0.009544,-0.006508,-0.010881,0.999920,0,0.63841,-0.56419,17.354,-0.606,-1,615.642,-1,620.364,-1,501.378,505.992,464.870,485.822,-1,-1,-1,-1,-1,-1,-1,-1,2,0,2,0,2,0,0,0,0,2,2,2,2,2,2,2,2
204,-4646.665,3714.485,-1.868,71.420,0.318619,-0.947881,-0.002026,0.947867,0.318601,0.006444,-0.005463,-0.003973,0.999977,0,0.64014,-0.55960,17.862,-0.627,-1,624.234,-1,616.216,-1,504.764,506.941,476.974,474.205,-1,-1,-1,-1,-1,-1,-1,-1,2,0,2,0,2,0,0,0,0,2,2,2,2,2,2,2,2
205,-4637.775,3730.484,-1.333,70.804,0.328791,-0.944400,0.002296,0.944392,0.328798,0.004090,-0.004618,0.000824,0.999989,0,0.64197,-0.55477,18.303,-0.616,-1,632.053,-1,614.351,-1,508.487,508.436,487.152,467.344,-1,-1,-1,-1,-1,-1,-1,-1,2,0,2,0,2,0,0,0,0,2,2,2,2,2,2,2,2
206,-4628.735,3746.923,-0.579,70.202,0.338694,-0.940887,0.004162,0.940887,0.338707,0.002909,-0.004147,0.002930,0.999987,0,0.64373,-0.55010,18.760,-0.602,-1,637.052,-1,613.420,-1,511.544,510.033,493.168,465.357,-1,-1,-1,-1,-1,-1,-1,-1,2,0,2,0,2,0,0,0,0,2,2,2,2,2,2,2,2
207,-4619.440,3763.701,0.077,69.577,0.348952,-0.937132,0.003961,0.937132,0.348964,0.002762,-0.003970,0.002748,0.999988,0,0.64540,-0.54566,19.181,-0.626,-1,638.860,-1,612.602,-1,513.148,511.287,494.679,466.712,-1,-1,-1,-1,-1,-1,-1,-1,2,0,2,0,2,0,0,0,0,2,2,2,2,2,2,2,2
208,-4609.929,3780.807,0.473,68.933,0.359462,-0.933156,0.002651,0.933149,0.359470,0.003833,-0.004530,0.001096,0.999989,0,0.64715,-0.54102,19.573,-0.644,-1,636.794,-1,610.449,-1,512.527,510.872,492.709,469.384,-1,-1,-1,-1,-1,-1,-1,-1,2,0,2,0,2,0,0,0,0,2,2,2,2,2,2,2,2
209,-4600.118,3798.176,0.562,68.270,0.370223,-0.928942,0.001157,0.928925,0.370223,0.005700,-0.005723,-0.001036,0.999983,0,0.64895,-0.53626,19.948,-0.662,-1,631.701,-1,606.393,-1,509.848,508.705,489.198,472.006,-1,-1,-1,-1,-1,-1,-1,-1,2,0,2,0,2,0,0,0,0,2,2,2,2,2,2,2,2
210,-4590.022,3815.840,0.295,67.617,0.380794,-0.924660,0.000058,0.924633,0.380783,0.007578,-0.007029,-0.002832,0.999971,0,0.60489,0.07171,20.346,-0.654,-1,625.603,-1,600.906,-1,506.143,505.477,486.101,473.277,-1,-1,-1,-1,-1,-1,-1,-1,2,0,2,0,2,0,0,0,0,2,2,2,2,2,2,2,2
211,-4579.917,3834.005,-0.252,67.076,0.389490,-0.921030,0.000677,0.920995,0.389481,0.008546,-0.008135,-0.002705,0.999963,0,0.60658,0.07651,20.787,-0.540,-1,620.845,-1,594.037,-1,502.508,501.643,485.625,470.986,-1,-1,-1,-1,-1,-1,-1,-1,2,0,2,0,2,0,0,0,0,2,2,2,2,2,2,2,2
212,-4569.720,3852.592,-0.928,66.618,0.396843,-0.917884,0.002047,0.917840,0.396845,0.009133,-0.009195,-0.001745,0.999956,0,0.60781,0.08004,21.200,-0.458,-1,616.551,-1,586.582,-1,498.817,496.813,486.288,467.146,-1,-1,-1,-1,-1,-1,-1,-1,2,0,2,0,2,0,0,0,0,2,2,2,2,2,2,2,2
213,-4559.388,3871.529,-1.584,66.202,0.403492,-0.914976,0.003604,0.914928,0.403508,0.009420,-0.010073,-0.000504,0.999949,0,0.60873,0.08266,21.572,-0.416,-1,613.025,-1,579.492,-1,495.472,492.148,487.534,462.839,-1,-1,-1,-1,-1,-1,-1,-1,2,0,2,0,2,0,0,0,0,2,2,2,2,2,2,2,2
214,-4548.900,3890.793,-2.133,65.825,0.409508,-0.912293,0.004960,0.912241,0.409538,0.009779,-0.010953,0.000520,0.999940,0,0.60947,0.08476,21.934,-0.377,-1,609.724,-1,572.887,-1,492.082,487.804,488.874,459.031,-1,-1,-1,-1,-1,-1,-1,-1,2,0,2,0,2,0,0,0,0,2,2,2,2,2,2,2,2
215,-4538.284,3910.435,-2.557,65.486,0.414894,-0.909851,0.005870,0.909797,0.414933,0.009996,-0.011531,0.001193,0.999933,0,0.61005,0.08641,22.327,-0.339,-1,607.594,-1,567.555,-1,489.452,484.335,490.450,456.084,-1,-1,-1,-1,-1,1000.695,-1,-1,2,0,2,0,2,0,0,0,0,2,2,2,2,2,0,2,2
216,-4527.775,3929.990,-2.492,65.246,0.418697,-0.908092,0.007880,0.908069,0.418752,0.007569,-0.010174,0.003987,0.999940,0,0.61045,0.08757,22.200,-0.239,-1,613.644,-1,566.578,-1,491.677,484.926,497.419,451.259,-1,-1,-1,-1,-1,1001.606,-1,-1,2,0,2,0,2,0,0,0,0,2,2,2,2,2,0,2,2
217,-4517.348,3948.894,-1.204,65.082,0.421316,-0.906824,0.012749,0.906909,0.421320,-0.002512,-0.003093,0.012620,0.999916,0,0.61050,0.08769,21.590,-0.164,-1,643.033,-1,577.054,-1,508.286,497.159,519.680,441.338,-1,-1,-1,-1,-1,-1,-1,-1,2,0,2,0,2,0,0,0,0,2,2,2,2,2,2,2,2
218,-4506.137,3967.219,1.156,64.738,0.426750,-0.904236,0.015522,0.904336,0.426522,-0.016003,0.007850,0.020866,0.999751,0,0.61030,0.08714,21.483,-0.344,-1,691.518,-1,598.703,-1,535.179,519.066,545.267,434.823,-1,-1,-1,-1,-1,-1,-1,-1,2,0,2,0,2,0,0,0,0,2,2,2,2,2,2,2,2
219,-4493.986,3984.777,3.981,64.090,0.436895,-0.899415,0.013212,0.899345,0.436484,-0.025689,0.017338,0.023106,0.999583,0,0.61082,0.08861,21.352,-0.648,-1,734.286,-1,622.505,-1,560.076,541.033,561.341,437.512,-1,-1,-1,-1,-1,-1,-1,-1,2,0,2,0,2,0,0,0,0,2,2,2,2,2,2,2,2
220,-4482.004,4002.608,6.491,63.483,0.446339,-0.894817,0.009151,0.894548,0.445886,-0.031136,0.023780,0.022083,0.999473,0,0.61250,0.09340,21.483,-0.607,-1,767.184,-1,642.587,-1,579.106,557.483,569.331,443.831,-1,-1,-1,-1,-1,-1,-1,-1,2,0,2,0,2,0,0,0,0,2,2,2,2,2,2,2,2
221,-4467.634,4024.047,8.611,62.732,0.457990,-0.888957,0.001045,0.888543,0.457740,-0.031074,0.027145,0.015160,0.999517,0,0.61400,0.09766,25.809,-0.751,-1,784.566,-1,658.898,-1,590.280,567.668,563.878,457.358,-1,-1,-1,-1,-1,-1,-1,-1,2,0,2,0,2,0,0,0,0,2,2,2,2,2,2,2,2
222,-4458.062,4038.337,9.326,62.213,0.466006,-0.884765,-0.005383,0.884354,0.465961,-0.028272,0.027522,0.008415,0.999586,0,0.49486,0.04862,17.199,-0.518,-1,784.491,-1,664.840,-1,591.252,569.351,554.232,467.892,-1,-1,-1,-1,-1,-1,-1,-1,2,0,2,0,2,0,0,0,0,2,2,2,2,2,2,2,2
223,-4446.277,4056.299,9.350,61.620,0.475157,-0.879820,-0.011967,0.879510,0.475307,-0.023375,0.026254,0.000581,0.999655,0,0.49589,0.05229,21.483,-0.593,-1,772.999,-1,665.077,-1,586.529,565.864,541.517,478.565,-1,-1,-1,-1,717.667,-1,-1,-1,2,1,2,0,2,0,0,0,0,2,2,2,2,1,2,2,2
224,-4434.609,4074.341,8.408,61.116,0.482902,-0.875528,-0.016014,0.875370,0.483136,-0.017533,0.023087,-0.005552,0.999718,0,0.49700,0.05624,21.486,-0.503,-1,702.474,-1,656.614,-1,575.679,556.203,529.738,484.463,-1,-1,-1,-1,653.467,-1,-1,-1,2,1,2,0,2,0,0,0,0,2,2,2,2,1,2,2,2
225,-4423.302,4092.608,6.518,60.799,0.487795,-0.872826,-0.015197,0.872781,0.487973,-0.011679,0.017609,-0.007566,0.999816,0,0.49784,0.05921,21.483,-0.317,-1,645.776,-1,637.158,-1,558.474,539.697,522.927,481.430,-1,-1,-1,-1,600.242,-1,-1,-1,2,1,2,0,2,0,0,0,0,2,2,2,2,1,2,2,2
226,-4412.646,4111.289,3.717,60.763,0.488403,-0.872574,-0.008709,0.872565,0.488459,-0.006146,0.009617,-0.004598,0.999943,0,0.49811,0.06015,21.507,-0.036,-1,604.944,-1,606.894,-1,536.118,516.607,522.354,468.307,-1,-1,-1,-1,560.047,-1,-1,-1,2,1,2,0,2,0,0,0,0,2,2,2,2,1,2,2,2
227,-4402.393,4130.217,0.137,60.890,0.486489,-0.873687,0.000647,0.873686,0.486489,0.000794,-0.001008,0.000179,0.999999,0,0.49751,0.05802,21.527,0.127,-1,572.320,-1,569.267,-1,508.443,487.966,522.619,450.722,-1,-1,-1,-1,526.684,-1,-1,-1,2,1,2,0,2,0,0,0,0,2,2,2,2,1,2,2,2
228,-4392.546,4149.384,-3.402,61.085,0.483485,-0.875328,0.006634,0.875293,0.483526,0.008006,-0.010216,0.001936,0.999946,0,0.49639,0.05407,21.549,0.195,-1,541.757,-1,538.893,-1,484.252,463.574,517.324,438.055,-1,-1,-1,-1,496.314,966.549,-1,-1,2,1,2,0,2,0,0,0,0,2,2,2,2,1,0,2,2
229,-4383.316,4167.836,-5.228,61.116,0.483013,-0.875612,0.001304,0.875544,0.482993,0.011876,-0.011029,-0.004595,0.999929,0,0.49504,0.04926,20.632,0.031,-1,503.065,-1,535.955,-1,477.798,458.382,502.186,442.348,-1,-1,-1,-1,461.928,965.007,-1,-1,2,1,2,0,2,0,0,0,0,2,2,2,2,1,0,2,2
230,-4374.881,4186.208,-4.825,61.203,0.481703,-0.876231,-0.013478,0.876333,0.481613,0.009472,-0.001808,-0.016374,0.999864,0,0.49414,0.04609,20.216,0.088,-1,466.124,-1,564.182,-1,465.500,477.739,484.961,461.229,-1,-1,-1,-1,443.603,-1,-1,-1,2,1,2,0,2,1,0,0,0,2,2,2,2,1,2,2,2
231,-4367.476,4204.860,-2.435,61.523,0.476773,-0.878494,-0.030606,0.878935,0.476937,0.002151,0.012707,-0.027926,0.999529,0,0.49304,0.04217,20.068,0.319,-1,439.492,-1,615.122,-1,446.624,513.584,474.184,486.217,-1,-1,-1,-1,427.206,-1,-1,-1,2,1,2,0,2,1,0,0,0,2,2,2,2,1,2,2,2
232,-4360.488,4223.742,1.179,61.931,0.470356,-0.881247,-0.046581,0.882041,0.471128,-0.006586,0.027750,-0.037988,0.998893,0,0.49119,0.03562,20.133,0.408,-1,417.055,-1,675.478,-1,428.095,556.827,469.261,512.947,-1,-1,-1,-1,411.331,-1,-1,-1,2,1,2,0,2,1,0,0,0,2,2,2,2,1,2,2,2
233,-4353.654,4242.649,5.230,62.374,0.463339,-0.884346,-0.057002,0.885315,0.464770,-0.014338,0.039172,-0.043821,0.998271,0,0.48904,0.02797,20.105,0.443,-1,396.818,-1,728.222,-1,409.432,596.388,471.874,533.878,-1,-1,-1,-1,395.144,-1,-1,-1,2,1,2,0,2,1,0,0,0,2,2,2,2,1,2,2,2
234,-4347.020,4261.398,9.023,62.864,0.455656,-0.888245,-0.058296,0.889057,0.457370,-0.019768,0.044221,-0.042821,0.998104,0,0.48675,0.01987,19.888,0.490,-1,379.326,-1,756.737,-1,390.198,621.220,483.990,541.195,-1,-1,-1,-1,378.171,-1,-1,-1,2,1,2,0,2,1,0,0,0,2,2,2,2,1,2,2,2
235,-4340.459,4280.015,12.165,63.414,0.447094,-0.892919,-0.052941,0.893378,0.448703,-0.023252,0.044517,-0.036901,0.998327,0,0.48432,0.01125,19.738,0.550,-1,364.006,-1,763.257,-1,370.401,632.410,501.883,537.194,-1,-1,-1,-1,360.487,-1,-1,-1,2,1,2,0,2,1,0,0,0,2,2,2,2,1,2,2,2
236,-4333.867,4298.585,14.366,64.007,0.437874,-0.897945,-0.044297,0.898034,0.439180,-0.025606,0.042447,-0.028568,0.998690,0,0.48171,0.00197,19.706,0.592,-1,349.446,-1,757.753,-1,350.221,635.035,521.698,526.371,-1,-1,-1,-1,342.274,-1,-1,-1,2,1,2,0,2,1,0,0,0,2,2,2,2,1,2,2,2
237,-4327.209,4317.214,15.385,64.611,0.428421,-0.902907,-0.034859,0.902694,0.429390,-0.027697,0.039976,-0.019601,0.999008,0,0.47896,-0.00777,19.783,0.604,-1,334.189,-1,747.264,-1,329.806,633.456,540.259,512.055,-1,-1,-1,-1,323.675,-1,-1,-1,2,1,2,0,2,1,0,0,0,2,2,2,2,1,2,2,2
238,-4320.521,4335.943,15.120,65.203,0.419106,-0.907581,-0.025428,0.907149,0.419745,-0.029919,0.037827,-0.010528,0.999229,0,0.47616,-0.01771,19.887,0.592,-1,317.293,-1,734.060,-1,309.220,629.499,556.407,495.317,-1,-1,-1,-1,304.734,-1,-1,-1,2,1,2,0,2,1,0,0,0,2,2,2,2,1,2,2,2
239,-4313.750,4354.744,13.579,65.762,0.410263,-0.911820,-0.016378,0.911255,0.410586,-0.032151,0.036041,-0.001734,0.999349,0,0.47337,-0.02763,19.983,0.559,-1,297.679,-1,718.518,-1,288.472,622.971,569.410,476.839,-1,-1,-1,-1,285.414,-1,-1,-1,2,1,2,0,2,1,0,0,0,2,2,2,2,1,2,2,2
240,-4306.942,4373.625,10.770,66.277,0.402072,-0.915577,-0.007561,0.914954,0.402084,-0.034457,0.034588,0.006936,0.999378,0,0.47064,-0.03729,20.072,0.515,-1,274.864,-1,701.073,-1,267.544,613.654,579.565,456.457,-1,-1,-1,-1,265.696,-1,-1,-1,2,1,2,0,2,1,0,0,0,2,2,2,2,1,2,2,2
241,-4300.010,4392.524,6.802,66.712,0.395136,-0.918623,0.000094,0.918034,0.394879,-0.035848,0.032894,0.014251,0.999357,0,0.46802,-0.04661,20.130,0.435,-1,247.216,-1,680.790,-1,246.357,600.663,584.448,435.812,-1,-1,-1,-1,245.389,-1,-1,-1,2,1,2,0,2,1,0,0,0,2,2,2,2,1,2,2,2
242,-4292.631,4411.195,2.306,66.959,0.391228,-0.920291,0.002157,0.919826,0.390953,-0.032795,0.029337,0.014815,0.999460,0,0.46560,-0.05519,20.075,0.246,-1,224.027,-1,658.917,-1,224.768,582.442,574.366,423.698,-1,-1,-1,-1,224.013,-1,-1,-1,2,1,2,0,2,1,0,0,0,2,2,2,2,1,2,2,2
243,-4285.357,4429.900,-1.819,67.082,0.389293,-0.921113,-0.001188,0.920798,0.389193,-0.025674,0.024111,0.008901,0.999670,0,0.46373,-0.06181,20.070,0.124,-1,202.093,-1,638.809,-1,202.816,562.495,552.461,421.586,-1,-1,-1,-1,201.864,-1,-1,-1,2,1,2,0,2,1,0,0,0,2,2,2,2,1,2,2,2
244,-4278.581,4448.832,-5.226,67.204,0.387388,-0.921886,-0.007512,0.921761,0.387460,-0.015232,0.016953,-0.001023,0.999856,0,0.46218,-0.06732,20.107,0.122,-1,179.685,-1,619.439,-1,180.467,541.656,525.363,426.793,-1,-1,-1,-1,179.208,-1,-1,-1,2,1,2,0,2,1,0,0,0,2,2,2,2,1,2,2,2
245,-4272.036,4467.981,-7.679,67.305,0.385815,-0.922445,-0.015529,0.922527,0.385914,-0.003831,0.009526,-0.012848,0.999872,0,0.46056,-0.07306,20.237,0.100,-1,157.195,-1,603.821,-1,158.043,523.721,498.570,437.377,-1,-1,-1,-1,156.524,-1,-1,-1,2,1,2,0,2,1,0,0,0,2,2,2,2,1,2,2,2
246,-4265.367,4487.433,-8.710,67.395,0.384363,-0.922916,-0.022140,0.923165,0.384392,0.003089,0.005659,-0.021626,0.999750,0,0.45895,-0.07877,20.563,0.091,-1,135.480,-1,598.460,-1,136.282,516.318,480.620,447.512,-1,-1,-1,-1,134.778,-1,-1,-1,2,1,2,0,2,1,0,0,0,2,2,2,2,1,2,2,2
247,-4258.261,4507.130,-8.359,67.442,0.383616,-0.923069,-0.027968,0.923468,0.383649,0.004403,0.006666,-0.027517,0.999599,0,0.45732,-0.08455,20.940,0.046,-1,114.705,-1,606.280,-1,115.405,521.292,471.111,457.183,-1,-1,-1,-1,114.113,-1,-1,-1,2,1,2,0,2,1,0,0,0,2,2,2,2,1,2,2,2
248,-4250.782,4526.945,-6.941,67.466,0.383217,-0.923110,-0.031814,0.923598,0.383358,0.001783,0.010550,-0.030067,0.999492,0,0.45579,-0.08999,21.179,0.024,-1,94.632,-1,621.789,-1,95.194,534.254,470.049,465.035,-1,-1,-1,-1,94.202,-1,-1,-1,2,1,2,0,2,1,0,0,0,2,2,2,2,1,2,2,2
249,-4243.002,4546.787,-4.948,67.488,0.382840,-0.923247,-0.032385,0.923704,0.383102,-0.002083,0.014330,-0.029117,0.999473,0,0.56420,-0.47635,21.313,0.022,-1,74.730,-1,635.656,-1,75.139,547.243,476.017,468.509,-1,-1,-1,-1,74.442,-1,-1,-1,2,1,2,0,2,1,0,0,0,2,2,2,2,1,2,2,2
250,-4234.877,4566.661,-2.821,67.509,0.382480,-0.923462,-0.030434,0.923806,0.382816,-0.005886,0.017086,-0.025864,0.999519,0,0.56234,-0.48168,21.471,0.021,-1,54.648,-1,645.315,-1,54.915,557.885,486.073,468.557,-1,-1,-1,-1,54.469,-1,-1,-1,2,1,2,0,2,1,0,0,0,2,2,2,2,1,2,2,2
251,-4226.445,4586.567,-0.922,67.505,0.382536,-0.923537,-0.027301,0.923756,0.382883,-0.008705,0.018492,-0.021889,0.999589,0,0.56046,-0.48706,21.619,-0.004,-1,34.156,-1,650.322,-1,34.308,564.993,496.841,466.518,-1,-1,-1,-1,34.057,-1,-1,-1,2,1,2,0,2,1,0,0,0,2,2,2,2,1,2,2,2
252,-4217.619,4606.543,0.575,67.437,0.383632,-0.923154,-0.024779,0.923280,0.383975,-0.010818,0.019501,-0.018728,0.999634,0,0.55864,-0.49226,21.839,-0.068,-1,13.132,-1,653.502,-1,13.095,570.090,504.318,464.593,-1,-1,-1,-1,13.058,-1,-1,-1,2,1,2,0,2,1,0,0,0,2,2,2,2,1,2,2,2
253,-4208.379,4626.547,1.559,67.279,0.386164,-0.922120,-0.023914,0.922205,0.386513,-0.012090,0.020392,-0.017385,0.999641,0,0.55702,-0.49688,22.034,-0.158,-1,358.712,-1,655.914,-1,199.141,572.512,507.359,464.369,-1,-1,-1,-1,307.389,-1,-1,-1,2,1,2,0,2,1,0,0,0,2,2,2,2,1,2,2,2
254,-4199.313,4645.627,2.549,66.961,0.391304,-0.919884,-0.026366,0.920127,0.391576,-0.005906,0.015757,-0.021949,0.999635,0,0.55569,-0.50067,21.125,-0.318,-1,299.217,-1,648.304,-1,167.103,564.193,499.843,473.579,-1,-1,-1,-1,257.543,-1,-1,-1,2,1,2,0,2,1,0,0,0,2,2,2,2,1,2,2,2
255,-4190.895,4664.100,3.727,66.523,0.398381,-0.916656,-0.032150,0.917210,0.398292,0.009417,0.004173,-0.033239,0.999439,0,0.55498,-0.50269,20.300,-0.439,-1,244.670,-1,629.419,-1,136.939,543.987,481.361,494.888,-1,-1,-1,-1,210.875,-1,-1,-1,2,1,2,0,2,1,0,0,0,2,2,2,2,1,2,2,2
256,-4184.128,4679.566,4.684,66.478,0.399030,-0.916086,-0.039518,0.916753,0.397713,0.037254,-0.018411,-0.051094,0.998524,0,0.55470,-0.50351,16.882,-0.045,-1,214.794,-1,592.327,-1,118.994,507.571,452.837,529.727,-1,-1,-1,-1,184.549,-1,-1,-1,2,1,2,0,2,1,0,0,0,2,2,2,2,1,2,2,2
257,-4180.782,4686.106,5.700,67.200,0.386849,-0.920860,-0.048633,0.920272,0.382167,0.083955,-0.058725,-0.077234,0.995282,0,0.55328,-0.50756,7.346,0.722,-1,236.272,-1,530.656,-1,126.421,449.903,414.662,588.259,-1,-1,-1,-1,200.459,909.927,-1,-1,2,1,2,0,2,1,0,0,0,2,2,2,2,1,0,2,2
258,-4179.276,4689.421,8.107,67.821,0.375967,-0.924996,-0.055067,0.922229,0.367731,0.119448,-0.090239,-0.095693,0.991312,0,0.55011,-0.51662,3.641,0.621,822.611,270.890,11.151,490.762,-1,135.957,413.418,393.278,642.542,-1,-1,-1,-1,221.839,795.314,992.802,-1,0,1,1,0,2,1,0,0,0,2,2,2,2,1,0,0,2
259,-4178.153,4691.277,12.037,68.306,0.367537,-0.928106,-0.059466,0.923856,0.357015,0.137952,-0.106804,-0.105641,0.988652,0,0.54760,-0.52380,2.170,0.485,708.665,295.181,12.929,477.849,-1,141.843,401.364,387.865,688.124,-1,-1,-1,-1,236.888,757.062,866.245,-1,0,1,1,0,2,1,0,0,0,2,2,2,2,1,0,0,2
