timestep,x_cm,y_cm,z_cm,yaw_deg,basis_xx,basis_xy,basis_xz,basis_yx,basis_yy,basis_yz,basis_zx,basis_zy,basis_zz,teleport_flag,throttle_cmd,steering_cmd,cmd_move_cm,cmd_turn_deg,lidar_cm_0,lidar_cm_1,lidar_cm_2,lidar_cm_3,lidar_cm_4,lidar_cm_5,lidar_cm_6,lidar_cm_7,lidar_cm_8,lidar_cm_9,lidar_cm_10,lidar_cm_11,lidar_cm_12,lidar_cm_13,lidar_cm_14,lidar_cm_15,lidar_cm_16,lidar_class_0,lidar_class_1,lidar_class_2,lidar_class_3,lidar_class_4,lidar_class_5,lidar_class_6,lidar_class_7,lidar_class_8,lidar_class_9,lidar_class_10,lidar_class_11,lidar_class_12,lidar_class_13,lidar_class_14,lidar_class_15,lidar_class_16
0,5579.759,-4917.416,94.019,25.598,0.898779,-0.431989,0.074710,0.432000,0.901716,0.016852,-0.074647,0.017129,0.997063,1,0.08000,-0.12000,4.800,-0.240,-1,400.000,-1,375.000,-1,325.000,325.000,300.000,300.000,-1,425.000,475.000,-1,750.000,650.000,-1,-1,2,0,2,0,2,0,0,0,0,2,1,1,2,0,0,2,2
1,5588.452,-4913.341,93.310,25.118,0.902389,-0.424426,0.074550,0.424401,0.905315,0.016964,-0.074692,0.016331,0.997073,0,0.16000,-0.24000,9.600,-0.480,-1,400.000,-1,375.000,-1,325.000,325.000,300.000,300.000,-1,425.000,475.000,-1,750.000,650.000,-1,-1,2,0,2,0,2,0,0,0,0,2,1,1,2,0,0,2,2
2,5601.566,-4907.393,92.241,24.398,0.907684,-0.413024,0.074306,0.412945,0.910595,0.017138,-0.074741,0.015128,0.997088,0,0.24000,-0.36000,14.400,-0.720,-1,400.000,-1,375.000,-1,325.000,325.000,300.000,300.000,-1,450.000,500.000,-1,750.000,650.000,-1,-1,2,0,2,0,2,0,0,0,0,2,1,1,2,0,0,2,2
3,5619.182,-4899.756,90.807,23.438,0.914521,-0.397719,0.073971,0.397568,0.917408,0.017380,-0.074774,0.013514,0.997109,0,0.32000,-0.48000,19.200,-0.960,-1,400.000,-1,375.000,1000.000,325.000,325.000,300.000,300.000,-1,450.000,500.000,-1,750.000,625.000,-1,-1,2,0,2,0,0,0,0,0,0,2,1,1,2,0,0,2,2
4,5641.370,-4890.609,88.998,22.403,0.921608,-0.381091,0.073542,0.380859,0.924464,0.017695,-0.074730,0.011701,0.997135,0,0.40000,-0.51751,24.000,-1.035,-1,400.000,-1,375.000,1000.000,325.000,325.000,300.000,300.000,-1,475.000,525.000,-1,725.000,625.000,-1,-1,2,0,2,0,0,0,0,0,0,2,1,1,2,0,0,2,2
5,5668.187,-4880.106,86.807,21.388,0.928271,-0.364667,0.073016,0.364350,0.931086,0.018085,-0.074579,0.009815,0.997167,0,0.48000,-0.50736,28.800,-1.015,-1,400.000,-1,375.000,975.000,325.000,325.000,300.000,300.000,-1,500.000,550.000,-1,725.000,625.000,-1,1000.000,2,0,2,0,0,0,0,0,0,2,1,1,2,0,0,2,0
6,5699.680,-4868.396,84.230,20.398,0.934500,-0.348525,0.072388,0.348120,0.937266,0.018554,-0.074314,0.007861,0.997204,0,0.56000,-0.49519,33.600,-0.990,-1,400.000,-1,375.000,975.000,325.000,300.000,300.000,300.000,-1,525.000,575.000,-1,700.000,625.000,-1,975.000,2,0,2,0,0,0,0,0,0,2,1,1,2,0,0,2,0
7,5735.892,-4855.618,81.259,19.436,0.940291,-0.332744,0.071657,0.332247,0.942999,0.019104,-0.073929,0.005845,0.997246,0,0.64000,-0.48101,38.400,-0.962,-1,400.000,-1,350.000,950.000,325.000,300.000,300.000,300.000,-1,550.000,600.000,-1,700.000,600.000,-1,950.000,2,0,2,0,0,0,0,0,0,2,1,1,2,0,0,2,0
8,5776.858,-4841.906,77.891,18.506,0.945642,-0.317404,0.070818,0.316812,0.948283,0.019738,-0.073420,0.003771,0.997294,0,0.72000,-0.46483,43.200,-0.930,-1,375.000,-1,350.000,925.000,300.000,300.000,300.000,300.000,-1,600.000,625.000,-1,675.000,600.000,-1,900.000,2,0,2,0,0,0,0,0,0,2,1,1,2,0,0,2,0
9,5821.353,-4827.780,74.291,17.613,0.950549,-0.302583,0.070005,0.301875,0.953122,0.020730,-0.072995,0.001428,0.997331,0,0.77807,-0.44665,46.684,-0.893,-1,375.000,-1,350.000,900.000,300.000,300.000,300.000,300.000,-1,650.000,675.000,-1,675.000,600.000,-1,875.000,2,0,2,0,0,0,0,0,0,2,1,1,2,0,0,2,0
10,5866.865,-4814.074,70.949,16.759,0.955079,-0.288341,0.068436,0.287440,0.957525,0.022887,-0.072128,-0.002188,0.997393,0,0.79218,-0.42705,47.531,-0.854,-1,375.000,-1,350.000,875.000,300.000,300.000,300.000,300.000,-1,675.000,725.000,-1,650.000,600.000,-1,850.000,2,0,2,0,0,0,0,0,0,2,1,1,2,0,0,2,0
11,5913.391,-4800.781,67.895,15.944,0.959301,-0.274699,0.065438,0.273545,0.961503,0.026154,-0.070104,-0.007190,0.997514,0,0.80648,-0.40712,48.389,-0.814,-1,375.000,-1,350.000,900.000,300.000,300.000,300.000,300.000,-1,700.000,750.000,-1,650.000,600.000,-1,850.000,2,0,2,0,0,0,0,0,0,2,1,1,2,0,0,2,0
12,5960.931,-4787.889,64.797,15.171,0.963129,-0.261678,0.062516,0.260292,0.965079,0.029507,-0.068054,-0.012147,0.997608,0,0.82096,-0.38686,49.257,-0.774,-1,350.000,-1,350.000,925.000,300.000,300.000,300.000,325.000,-1,600.000,800.000,-1,625.000,600.000,-1,850.000,2,0,2,0,0,0,0,0,0,2,0,1,2,0,0,2,0
13,6009.484,-4775.387,62.180,14.438,0.966593,-0.249308,0.059529,0.247861,0.968309,0.030696,-0.065296,-0.014916,0.997754,0,0.83562,-0.36627,50.137,-0.733,-1,350.000,-1,350.000,925.000,300.000,300.000,300.000,325.000,-1,525.000,800.000,-1,625.000,600.000,-1,875.000,2,0,2,0,0,0,0,0,0,2,0,0,2,0,0,2,0
14,6059.050,-4763.261,59.904,13.748,0.969768,-0.237613,0.055579,0.236246,0.971227,0.030089,-0.061129,-0.016049,0.998001,0,0.85047,-0.34535,51.028,-0.691,-1,350.000,-1,350.000,950.000,300.000,300.000,300.000,325.000,-1,450.000,625.000,-1,650.000,600.000,-1,875.000,2,0,2,0,0,0,0,0,0,2,0,0,2,0,0,2,0
15,6109.629,-4751.491,57.573,13.099,0.972623,-0.226608,0.051504,0.225325,0.973835,0.029552,-0.056853,-0.017137,0.998235,0,0.86551,-0.32408,51.931,-0.648,-1,375.000,-1,350.000,975.000,300.000,300.000,325.000,325.000,-1,425.000,525.000,-1,650.000,600.000,-1,900.000,2,0,2,0,0,0,0,0,0,2,0,0,2,0,0,2,0
16,6161.222,-4740.058,55.183,12.494,0.975177,-0.216310,0.047320,0.215116,0.976156,0.029068,-0.052479,-0.018167,0.998457,0,0.88076,-0.30246,52.845,-0.605,-1,375.000,-1,350.000,-1,300.000,300.000,325.000,325.000,-1,400.000,475.000,-1,650.000,600.000,-1,925.000,2,0,2,0,2,0,0,0,0,2,0,0,2,0,0,2,0
17,6208.277,-4730.357,53.024,11.650,0.978445,-0.201887,0.043442,0.200773,0.979218,0.028686,-0.048330,-0.019346,0.998644,0,0.80076,-0.42246,48.045,-0.845,-1,375.000,-1,350.000,-1,300.000,300.000,325.000,325.000,-1,375.000,425.000,-1,650.000,600.000,-1,950.000,2,0,2,0,2,0,0,0,0,2,0,0,2,0,0,2,0
18,6255.136,-4721.617,50.896,10.565,0.982262,-0.183305,0.039512,0.182270,0.982838,0.028423,-0.044044,-0.020717,0.998815,0,0.79446,-0.54246,47.668,-1.085,-1,375.000,-1,350.000,-1,300.000,300.000,325.000,325.000,-1,350.000,400.000,-1,650.000,600.000,-1,975.000,2,0,2,0,2,0,0,0,0,2,0,0,2,0,0,2,0
19,6303.004,-4713.830,48.747,9.240,0.986396,-0.160526,0.035426,0.159571,0.986780,0.028328,-0.039505,-0.022290,0.998971,0,0.80828,-0.66246,48.497,-1.325,-1,375.000,-1,350.000,-1,300.000,300.000,325.000,325.000,-1,300.000,350.000,-1,625.000,600.000,-1,-1,2,0,2,0,2,0,0,0,0,2,0,0,2,0,0,2,2
20,6351.648,-4707.274,46.591,7.675,0.990556,-0.133512,0.031200,0.132642,0.990755,0.028464,-0.034712,-0.024056,0.999108,0,0.81807,-0.78246,49.084,-1.565,-1,375.000,-1,350.000,-1,300.000,300.000,325.000,325.000,-1,250.000,300.000,-1,625.000,600.000,-1,-1,2,0,2,0,2,0,0,0,0,2,0,0,2,0,0,2,2
21,6400.475,-4702.254,44.459,5.870,0.994397,-0.102236,0.026894,0.101457,0.994420,0.028894,-0.029698,-0.026003,0.999221,0,0.81807,-0.90246,49.084,-1.805,-1,375.000,-1,350.000,-1,300.000,300.000,325.000,325.000,-1,225.000,250.000,-1,625.000,625.000,-1,-1,2,0,2,0,2,0,0,0,0,2,0,0,2,0,0,2,2
22,6449.447,-4698.941,42.350,3.870,0.997467,-0.067465,0.022543,0.066785,0.997327,0.029649,-0.024483,-0.028068,0.999306,0,0.81807,-1.00000,49.084,-2.000,-1,375.000,-1,350.000,-1,300.000,300.000,325.000,325.000,-1,225.000,225.000,-1,625.000,625.000,-1,-1,2,0,2,0,2,0,0,0,0,2,0,0,2,0,0,2,2
23,6498.505,-4697.339,40.247,1.870,0.999302,-0.032616,0.018226,0.032047,0.999017,0.030639,-0.019207,-0.030034,0.999364,0,0.81807,-1.00000,49.084,-2.000,-1,350.000,-1,350.000,-1,300.000,300.000,325.000,325.000,-1,200.000,200.000,-1,625.000,625.000,-1,-1,2,0,2,0,2,0,0,0,0,2,0,0,2,0,0,2,2
24,6547.589,-4697.450,38.171,-0.130,0.999901,0.002269,0.013921,-0.002713,0.999487,0.031915,-0.013841,-0.031949,0.999394,0,0.81807,-1.00000,49.084,-2.000,-1,350.000,-1,350.000,-1,300.000,300.000,300.000,300.000,-1,175.000,200.000,-1,625.000,625.000,-1,-1,2,0,2,0,2,0,0,0,0,2,0,0,2,0,0,2,2
25,6596.640,-4699.275,38.179,-2.130,0.999245,0.037150,0.011364,-0.037487,0.998816,0.030998,-0.010199,-0.031400,0.999455,0,0.81807,-1.00000,49.084,-2.000,-1,350.000,-1,350.000,-1,300.000,300.000,300.000,300.000,-1,225.000,225.000,-1,625.000,650.000,-1,-1,2,0,2,0,2,0,0,0,0,2,0,0,2,0,0,2,2
26,6640.823,-4702.280,38.584,-3.890,0.997662,0.067810,0.008476,-0.068038,0.997221,0.030358,-0.006394,-0.030863,0.999503,0,0.73807,-0.88000,44.284,-1.760,-1,350.000,-1,350.000,-1,300.000,300.000,325.000,325.000,-1,250.000,250.000,-1,625.000,650.000,-1,-1,2,0,2,0,2,0,0,0,0,2,0,0,2,0,0,2,2
27,6680.131,-4706.003,38.963,-5.410,0.995532,0.094240,0.005909,-0.094376,0.995086,0.029936,-0.003059,-0.030360,0.999534,0,0.65807,-0.76000,39.484,-1.520,-1,350.000,-1,375.000,-1,300.000,300.000,325.000,325.000,-1,300.000,275.000,-1,625.000,675.000,-1,-1,2,0,2,0,2,0,0,0,0,2,0,0,2,0,0,2,2
28,6714.579,-4710.044,39.303,-6.690,0.993190,0.116447,0.003645,-0.116504,0.992747,0.029656,-0.000165,-0.029879,0.999554,0,0.57807,-0.64000,34.684,-1.280,-1,350.000,-1,375.000,-1,300.000,300.000,325.000,325.000,-1,325.000,300.000,-1,650.000,675.000,-1,-1,2,0,2,0,2,0,0,0,0,2,0,0,2,0,0,2,2
29,6744.192,-4714.064,39.605,-7.730,0.990919,0.134448,0.001711,-0.134440,0.990482,0.029502,0.002272,-0.029464,0.999563,0,0.49807,-0.52000,29.884,-1.040,-1,350.000,-1,375.000,-1,300.000,300.000,325.000,325.000,-1,325.000,325.000,-1,650.000,675.000,-1,-1,2,0,2,0,2,0,0,0,0,2,0,0,2,0,0,2,2
30,6768.999,-4717.785,39.867,-8.530,0.988948,0.148266,0.000103,-0.148205,0.988519,0.029434,0.004262,-0.029124,0.999567,0,0.41807,-0.40000,25.084,-0.800,-1,375.000,-1,375.000,-1,300.000,300.000,325.000,325.000,-1,350.000,325.000,-1,650.000,700.000,-1,-1,2,0,2,0,2,0,0,0,0,2,0,0,2,0,0,2,2
31,6789.029,-4720.990,40.084,-9.090,0.987451,0.157921,-0.001185,-0.157819,0.987030,0.029422,0.005816,-0.028866,0.999566,0,0.33807,-0.28000,20.284,-0.560,-1,375.000,-1,375.000,-1,300.000,300.000,325.000,325.000,-1,350.000,350.000,-1,650.000,700.000,-1,-1,2,0,2,0,2,0,0,0,0,2,0,0,2,0,0,2,2
32,6804.305,-4723.522,40.254,-9.410,0.986552,0.163432,-0.002159,-0.163299,0.986137,0.029442,0.006941,-0.028693,0.999564,0,0.25807,-0.16000,15.484,-0.320,-1,375.000,-1,375.000,-1,300.000,300.000,325.000,325.000,-1,375.000,350.000,-1,650.000,700.000,-1,-1,2,0,2,0,2,0,0,0,0,2,0,0,2,0,0,2,2
33,6814.843,-4725.283,40.375,-9.490,0.986321,0.164810,-0.002825,-0.164656,0.985910,0.029477,0.007643,-0.028608,0.999561,0,0.17807,-0.04000,10.684,-0.080,-1,375.000,-1,375.000,-1,300.000,300.000,325.000,325.000,-1,375.000,350.000,-1,650.000,700.000,-1,-1,2,0,2,0,2,0,0,0,0,2,0,0,2,0,0,2,2
34,6820.648,-4726.250,40.444,-9.456,0.986417,0.164230,-0.003188,-0.164066,0.986008,0.029505,0.007989,-0.028581,0.999560,0,0.09807,0.01686,5.884,0.034,-1,375.000,-1,375.000,-1,300.000,300.000,325.000,325.000,-1,375.000,350.000,-1,650.000,700.000,-1,-1,2,0,2,0,2,0,0,0,0,2,0,0,2,0,0,2,2
35,6821.717,-4726.428,40.458,-9.423,0.986513,0.163648,-0.003254,-0.163483,0.986105,0.029513,0.008039,-0.028583,0.999559,0,0.01807,0.01690,1.084,0.034,-1,375.000,-1,375.000,-1,300.000,300.000,325.000,325.000,-1,375.000,350.000,-1,650.000,700.000,-1,-1,2,0,2,0,2,0,0,0,0,2,0,0,2,0,0,2,2
36,6818.052,-4725.821,40.416,-9.389,0.986611,0.163066,-0.003023,-0.162908,0.986200,0.029501,0.007792,-0.028614,0.999560,0,-0.06193,0.01690,-3.716,0.034,-1,375.000,-1,375.000,-1,300.000,300.000,325.000,325.000,-1,375.000,350.000,-1,650.000,700.000,-1,-1,2,0,2,0,2,0,0,0,0,2,0,0,2,0,0,2,2
37,6811.442,-4724.733,40.340,-9.355,0.986708,0.162485,-0.002606,-0.162340,0.986295,0.029478,0.007360,-0.028663,0.999562,0,-0.11164,0.01685,-6.698,0.034,-1,375.000,-1,375.000,-1,300.000,300.000,325.000,325.000,-1,375.000,350.000,-1,650.000,700.000,-1,-1,2,0,2,0,2,0,0,0,0,2,0,0,2,0,0,2,2
38,6804.780,-4723.639,40.263,-9.322,0.986804,0.161908,-0.002186,-0.161774,0.986388,0.029454,0.006925,-0.028712,0.999564,0,-0.11252,0.01678,-6.751,0.034,-1,375.000,-1,375.000,-1,300.000,300.000,325.000,325.000,-1,375.000,350.000,-1,650.000,700.000,-1,-1,2,0,2,0,2,0,0,0,0,2,0,0,2,0,0,2,2
39,6798.066,-4722.541,40.186,-9.288,0.986899,0.161332,-0.001762,-0.161212,0.986481,0.029431,0.006486,-0.028761,0.999565,0,-0.11340,0.01670,-6.804,0.033,-1,375.000,-1,375.000,-1,300.000,300.000,325.000,325.000,-1,375.000,350.000,-1,650.000,700.000,-1,-1,2,0,2,0,2,0,0,0,0,2,0,0,2,0,0,2,2
40,6791.298,-4721.438,40.108,-9.255,0.986993,0.160760,-0.001334,-0.160652,0.986573,0.029408,0.006043,-0.028811,0.999567,0,-0.11429,0.01663,-6.857,0.033,-1,375.000,-1,375.000,-1,300.000,300.000,325.000,325.000,-1,375.000,350.000,-1,650.000,700.000,-1,-1,2,0,2,0,2,0,0,0,0,2,0,0,2,0,0,2,2
41,6784.476,-4720.330,40.029,-9.222,0.987086,0.160189,-0.000902,-0.160094,0.986664,0.029384,0.005597,-0.028861,0.999568,0,-0.11518,0.01655,-6.911,0.033,-1,375.000,-1,375.000,-1,300.000,300.000,325.000,325.000,-1,350.000,325.000,-1,650.000,700.000,-1,-1,2,0,2,0,2,0,0,0,0,2,0,0,2,0,0,2,2
42,6777.601,-4719.218,39.950,-9.189,0.987178,0.159622,-0.000467,-0.159539,0.986755,0.029361,0.005147,-0.028910,0.999569,0,-0.11608,0.01648,-6.965,0.033,-1,375.000,-1,375.000,-1,300.000,300.000,325.000,325.000,-1,350.000,325.000,-1,650.000,700.000,-1,-1,2,0,2,0,2,0,0,0,0,2,0,0,2,0,0,2,2
43,6770.670,-4718.101,39.870,-9.156,0.987270,0.159056,-0.000027,-0.158987,0.986845,0.029338,0.004693,-0.028961,0.999570,0,-0.11699,0.01641,-7.020,0.033,-1,375.000,-1,375.000,-1,300.000,300.000,325.000,325.000,-1,350.000,325.000,-1,650.000,700.000,-1,-1,2,0,2,0,2,0,0,0,0,2,0,0,2,0,0,2,2
44,6763.685,-4716.979,39.789,-9.123,0.987360,0.158493,0.000416,-0.158437,0.986934,0.029315,0.004236,-0.029011,0.999570,0,-0.11791,0.01634,-7.075,0.033,-1,375.000,-1,375.000,-1,300.000,300.000,325.000,325.000,-1,350.000,325.000,-1,650.000,700.000,-1,-1,2,0,2,0,2,0,0,0,0,2,0,0,2,0,0,2,2
45,6756.645,-4715.853,39.708,-9.091,0.987450,0.157933,0.000863,-0.157890,0.987022,0.029293,0.003774,-0.029061,0.999571,0,-0.11884,0.01627,-7.130,0.033,-1,375.000,-1,375.000,-1,300.000,300.000,325.000,325.000,-1,350.000,325.000,-1,650.000,700.000,-1,-1,2,0,2,0,2,0,0,0,0,2,0,0,2,0,0,2,2
46,6749.548,-4714.721,39.626,-9.058,0.987538,0.157374,0.001315,-0.157345,0.987110,0.029270,0.003309,-0.029112,0.999571,0,-0.11977,0.01620,-7.186,0.032,-1,350.000,-1,375.000,-1,300.000,300.000,325.000,325.000,-1,350.000,325.000,-1,650.000,675.000,-1,-1,2,0,2,0,2,0,0,0,0,2,0,0,2,0,0,2,2
47,6742.395,-4713.585,39.544,-9.026,0.987626,0.156818,0.001770,-0.156802,0.987197,0.029247,0.002839,-0.029163,0.999571,0,-0.12071,0.01613,-7.242,0.032,-1,350.000,-1,375.000,-1,300.000,300.000,325.000,325.000,-1,325.000,325.000,-1,650.000,675.000,-1,-1,2,0,2,0,2,0,0,0,0,2,0,0,2,0,0,2,2
48,6735.186,-4712.444,39.461,-8.994,0.987713,0.156264,0.002229,-0.156262,0.987283,0.029225,0.002366,-0.029214,0.999570,0,-0.12165,0.01606,-7.299,0.032,-1,350.000,-1,375.000,-1,300.000,300.000,325.000,325.000,-1,325.000,300.000,-1,650.000,675.000,-1,-1,2,0,2,0,2,0,0,0,0,2,0,0,2,0,0,2,2
49,6727.919,-4711.298,39.377,-8.962,0.987799,0.155713,0.002693,-0.155724,0.987369,0.029202,0.001889,-0.029265,0.999570,0,-0.12261,0.01600,-7.357,0.032,-1,350.000,-1,375.000,-1,300.000,300.000,325.000,325.000,-1,325.000,300.000,-1,650.000,675.000,-1,-1,2,0,2,0,2,0,0,0,0,2,0,0,2,0,0,2,2
50,6720.595,-4710.147,39.292,-8.930,0.987884,0.155163,0.003160,-0.155189,0.987454,0.029180,0.001407,-0.029316,0.999569,0,-0.12357,0.01594,-7.414,0.032,-1,350.000,-1,375.000,-1,300.000,300.000,325.000,325.000,-1,325.000,300.000,-1,650.000,675.000,-1,-1,2,0,2,0,2,0,0,0,0,2,0,0,2,0,0,2,2
51,6713.212,-4708.991,39.207,-8.898,0.987968,0.154616,0.003632,-0.154656,0.987538,0.029157,0.000922,-0.029368,0.999568,0,-0.12454,0.01587,-7.472,0.032,-1,350.000,-1,375.000,-1,300.000,300.000,325.000,325.000,-1,325.000,300.000,-1,650.000,675.000,-1,-1,2,0,2,0,2,0,0,0,0,2,0,0,2,0,0,2,2
52,6705.771,-4707.830,39.121,-8.867,0.988051,0.154071,0.004107,-0.154125,0.987622,0.029135,0.000432,-0.029420,0.999567,0,-0.12552,0.01581,-7.531,0.032,-1,350.000,-1,375.000,-1,300.000,300.000,325.000,325.000,-1,325.000,300.000,-1,625.000,675.000,-1,-1,2,0,2,0,2,0,0,0,0,2,0,0,2,0,0,2,2
53,6698.271,-4706.664,39.035,-8.835,0.988134,0.153527,0.004588,-0.153596,0.987705,0.029113,-0.000062,-0.029472,0.999566,0,-0.12650,0.01575,-7.590,0.031,-1,350.000,-1,375.000,-1,300.000,300.000,325.000,325.000,-1,300.000,300.000,-1,625.000,675.000,-1,-1,2,0,2,0,2,0,0,0,0,2,0,0,2,0,0,2,2
54,6690.711,-4705.493,38.948,-8.804,0.988215,0.152986,0.005072,-0.153069,0.987787,0.029090,-0.000559,-0.029524,0.999564,0,-0.12750,0.01569,-7.650,0.031,-1,350.000,-1,375.000,-1,300.000,300.000,325.000,325.000,-1,300.000,275.000,-1,625.000,675.000,-1,-1,2,0,2,0,2,0,0,0,0,2,0,0,2,0,0,2,2
55,6683.091,-4704.317,38.860,-8.773,0.988296,0.152447,0.005560,-0.152545,0.987869,0.029068,-0.001062,-0.029576,0.999562,0,-0.12850,0.01563,-7.710,0.031,-1,350.000,-1,375.000,-1,300.000,300.000,325.000,325.000,-1,300.000,275.000,-1,625.000,675.000,-1,-1,2,0,2,0,2,0,0,0,0,2,0,0,2,0,0,2,2
56,6675.411,-4703.136,38.771,-8.741,0.988376,0.151910,0.006053,-0.152022,0.987950,0.029046,-0.001568,-0.029629,0.999560,0,-0.12951,0.01557,-7.771,0.031,-1,350.000,-1,375.000,-1,300.000,300.000,325.000,300.000,-1,300.000,275.000,-1,625.000,675.000,-1,-1,2,0,2,0,2,0,0,0,0,2,0,0,2,0,0,2,2
57,6672.473,-4702.699,38.744,-8.470,0.989082,0.147232,0.006256,-0.147353,0.988656,0.029108,-0.001899,-0.029712,0.999557,0,-0.04951,0.13557,-2.971,0.271,-1,350.000,-1,375.000,-1,300.000,300.000,325.000,300.000,-1,300.000,275.000,-1,625.000,675.000,-1,-1,2,0,2,0,2,0,0,0,0,2,0,0,2,0,0,2,2
58,6674.285,-4702.952,38.777,-7.959,0.990356,0.138406,0.006166,-0.138528,0.989926,0.029253,-0.002055,-0.029825,0.999553,0,0.03049,0.25557,1.829,0.511,-1,350.000,-1,375.000,-1,300.000,300.000,325.000,325.000,-1,300.000,275.000,-1,625.000,675.000,-1,-1,2,0,2,0,2,0,0,0,0,2,0,0,2,0,0,2,2
59,6680.862,-4703.784,38.866,-7.208,0.992087,0.125416,0.005778,-0.125533,0.991652,0.029474,-0.002033,-0.029966,0.999549,0,0.11049,0.37557,6.629,0.751,-1,350.000,-1,375.000,-1,300.000,300.000,325.000,325.000,-1,300.000,275.000,-1,625.000,675.000,-1,-1,2,0,2,0,2,0,0,0,0,2,0,0,2,0,0,2,2
60,6692.224,-4705.021,39.006,-6.217,0.994111,0.108243,0.005085,-0.108347,0.993668,0.029757,-0.001832,-0.030133,0.999544,0,0.19049,0.49557,11.429,0.991,-1,350.000,-1,375.000,-1,300.000,300.000,325.000,325.000,-1,300.000,275.000,-1,625.000,675.000,-1,-1,2,0,2,0,2,0,0,0,0,2,0,0,2,0,0,2,2
61,6708.392,-4706.432,39.183,-4.986,0.996212,0.086868,0.004059,-0.086951,0.995759,0.030061,-0.001430,-0.030300,0.999540,0,0.27049,0.61557,16.229,1.231,-1,350.000,-1,375.000,-1,300.000,300.000,325.000,325.000,-1,300.000,300.000,-1,625.000,675.000,-1,-1,2,0,2,0,2,0,0,0,0,2,0,0,2,0,0,2,2
62,6729.382,-4707.721,39.381,-3.515,0.998117,0.061275,0.002668,-0.061328,0.997657,0.030332,-0.000803,-0.030439,0.999536,0,0.35049,0.73557,21.029,1.471,-1,350.000,-1,375.000,-1,300.000,300.000,325.000,325.000,-1,325.000,300.000,-1,650.000,675.000,-1,-1,2,0,2,0,2,0,0,0,0,2,0,0,2,0,0,2,2
63,6755.198,-4708.534,39.602,-1.803,0.999505,0.031457,0.000943,-0.031471,0.999037,0.030572,0.000020,-0.030587,0.999532,0,0.43049,0.85557,25.829,1.711,-1,375.000,-1,375.000,-1,300.000,300.000,325.000,325.000,-1,325.000,325.000,-1,650.000,675.000,-1,-1,2,0,2,0,2,0,0,0,0,2,0,0,2,0,0,2,2
64,6785.827,-4708.455,39.832,0.148,0.999996,-0.002576,-0.001124,0.002610,0.999524,0.030742,0.001044,-0.030745,0.999527,0,0.51049,0.97557,30.629,1.951,-1,375.000,-1,375.000,-1,300.000,300.000,325.000,325.000,-1,325.000,350.000,-1,650.000,675.000,-1,-1,2,0,2,0,2,0,0,0,0,2,0,0,2,0,0,2,2
65,6821.232,-4707.129,40.064,2.144,0.999294,-0.037400,-0.003527,0.037491,0.998823,0.030776,0.002371,-0.030886,0.999520,0,0.59049,0.99835,35.429,1.997,-1,375.000,-1,375.000,-1,300.000,300.000,325.000,325.000,-1,350.000,350.000,-1,650.000,675.000,-1,-1,2,0,2,0,2,0,0,0,0,2,0,0,2,0,0,2,2
66,6861.356,-4704.226,40.288,4.139,0.997375,-0.072134,-0.006262,0.072293,0.996913,0.030640,0.004032,-0.031013,0.999511,0,0.67049,0.99710,40.229,1.994,-1,375.000,-1,375.000,-1,300.000,300.000,325.000,325.000,-1,375.000,375.000,-1,650.000,675.000,-1,-1,2,0,2,0,2,0,0,0,0,2,0,0,2,0,0,2,2
67,6906.128,-4699.418,40.469,6.129,0.994246,-0.106721,-0.009223,0.106954,0.993805,0.030207,0.005943,-0.031020,0.999501,0,0.75049,0.99537,45.029,1.991,-1,375.000,-1,375.000,-1,300.000,300.000,325.000,325.000,-1,375.000,400.000,-1,675.000,675.000,-1,-1,2,0,2,0,2,0,0,0,0,2,0,0,2,0,0,2,2
68,6955.458,-4692.384,40.607,8.115,0.989917,-0.141101,-0.012418,0.141413,0.989512,0.029483,0.008128,-0.030942,0.999488,0,0.83049,0.99307,49.829,1.986,-1,375.000,-1,375.000,-1,300.000,300.000,325.000,325.000,-1,375.000,400.000,-1,675.000,700.000,-1,-1,2,0,2,0,2,0,0,0,0,2,0,0,2,0,0,2,2
69,7008.687,-4682.907,40.709,10.096,0.984404,-0.175209,-0.015847,0.175604,0.984048,0.028506,0.010599,-0.030844,0.999468,0,0.90110,0.99011,54.066,1.980,-1,375.000,-1,375.000,-1,300.000,300.000,325.000,325.000,-1,350.000,350.000,-1,700.000,700.000,-1,1000.000,2,0,2,0,2,0,0,0,0,2,0,0,2,0,0,2,1
70,7061.911,-4671.528,40.760,12.068,0.977730,-0.208982,-0.019247,0.209457,0.977436,0.027317,0.013104,-0.030740,0.999442,0,0.90712,0.98640,54.427,1.973,-1,375.000,-1,375.000,1000.000,300.000,300.000,325.000,325.000,-1,300.000,325.000,-1,700.000,700.000,-1,925.000,2,0,2,0,1,0,0,0,0,2,0,0,2,0,0,2,1
71,7110.105,-4659.689,40.770,13.801,0.970900,-0.238443,-0.022302,0.238986,0.970673,0.026072,0.015431,-0.030643,0.999411,0,0.82712,0.86640,49.627,1.733,-1,375.000,-1,375.000,925.000,325.000,300.000,325.000,300.000,-1,275.000,275.000,-1,700.000,700.000,-1,900.000,2,0,2,0,1,0,0,0,0,2,0,0,2,0,0,2,1
72,7157.267,-4646.792,41.023,15.294,0.964302,-0.263642,-0.024783,0.264254,0.964105,0.025910,0.017063,-0.031534,0.999357,0,0.81489,0.74640,48.893,1.493,-1,375.000,-1,375.000,875.000,325.000,325.000,325.000,300.000,-1,275.000,275.000,-1,725.000,725.000,-1,850.000,2,0,2,0,1,0,0,0,0,2,0,0,2,0,1,2,1
73,7204.393,-4632.790,41.623,16.547,0.958253,-0.284637,-0.027073,0.285342,0.958040,0.027188,0.018199,-0.033778,0.999264,0,0.81937,0.62640,49.162,1.253,-1,375.000,-1,375.000,825.000,325.000,325.000,325.000,300.000,-1,275.000,300.000,-1,725.000,700.000,-1,825.000,2,0,2,0,1,0,0,0,0,2,0,0,2,0,1,2,1
74,7251.508,-4617.880,42.216,17.560,0.953008,-0.301503,-0.029530,0.302314,0.952783,0.028467,0.019552,-0.036057,0.999158,0,0.82363,0.50640,49.418,1.013,-1,375.000,-1,375.000,775.000,325.000,325.000,300.000,325.000,-1,300.000,325.000,-1,725.000,675.000,-1,775.000,2,0,2,0,1,0,0,0,0,2,0,0,2,0,1,2,1
75,7298.649,-4602.259,43.014,18.333,0.948815,-0.314310,-0.030959,0.315185,0.948581,0.029183,0.020194,-0.037447,0.999095,0,0.82769,0.38640,49.661,0.773,-1,375.000,-1,375.000,725.000,325.000,325.000,300.000,325.000,-1,325.000,350.000,-1,725.000,650.000,-1,750.000,2,0,2,0,1,0,0,0,0,2,0,0,2,0,1,2,1
76,7345.863,-4586.126,44.101,18.865,0.945838,-0.323116,-0.031421,0.324002,0.945611,0.029029,0.020332,-0.037637,0.999085,0,0.83158,0.26640,49.895,0.533,-1,375.000,-1,375.000,675.000,325.000,325.000,300.000,325.000,-1,375.000,400.000,-1,725.000,625.000,-1,700.000,2,0,2,0,1,0,0,0,0,2,0,0,2,0,1,2,1
77,7393.207,-4569.678,45.207,19.158,0.944154,-0.327946,-0.032005,0.328843,0.943953,0.028541,0.020851,-0.037472,0.999080,0,0.83534,0.14640,50.120,0.293,-1,375.000,-1,375.000,625.000,325.000,325.000,300.000,325.000,-1,400.000,450.000,-1,725.000,600.000,-1,650.000,2,0,2,0,1,0,0,0,0,2,0,0,2,0,1,2,1
78,7440.745,-4553.114,46.329,19.211,0.943830,-0.328819,-0.032601,0.329728,0.943660,0.028017,0.021552,-0.037192,0.999076,0,0.83901,0.02640,50.340,0.053,-1,375.000,-1,375.000,575.000,325.000,325.000,300.000,325.000,-1,450.000,475.000,-1,725.000,600.000,-1,625.000,2,0,2,0,1,0,0,0,0,2,0,0,2,0,1,2,1
79,7488.541,-4536.634,47.480,19.024,0.944877,-0.325739,-0.033199,0.326658,0.944743,0.027479,0.022414,-0.036809,0.999071,0,0.84263,-0.09360,50.558,-0.187,-1,375.000,-1,375.000,550.000,325.000,325.000,300.000,325.000,-1,500.000,525.000,-1,725.000,575.000,-1,575.000,2,0,2,0,1,0,0,0,0,2,0,0,2,0,1,2,1
80,7536.653,-4520.406,48.666,18.640,0.947016,-0.319402,-0.033800,0.320332,0.946922,0.026933,0.023404,-0.036333,0.999066,0,0.84625,-0.19209,50.775,-0.384,-1,375.000,-1,375.000,500.000,325.000,325.000,325.000,325.000,-1,525.000,550.000,-1,750.000,550.000,-1,525.000,2,0,2,1,1,0,0,0,0,2,0,0,2,0,1,2,1
81,7585.082,-4504.441,49.887,18.246,0.949166,-0.312890,-0.034404,0.313829,0.949113,0.026391,0.024396,-0.035846,0.999060,0,0.84988,-0.19696,50.993,-0.394,-1,375.000,-1,375.000,450.000,325.000,325.000,325.000,325.000,-1,575.000,600.000,-1,750.000,525.000,-1,500.000,2,0,2,1,1,0,0,0,0,2,0,0,2,0,1,2,1
82,7633.819,-4488.755,51.141,17.841,0.951325,-0.306193,-0.035010,0.307141,0.951313,0.025853,0.025390,-0.035348,0.999052,0,0.85330,-0.20207,51.198,-0.404,-1,375.000,-1,350.000,425.000,325.000,300.000,325.000,300.000,-1,600.000,625.000,-1,750.000,525.000,-1,450.000,2,0,2,1,1,0,1,0,0,2,0,0,2,0,1,2,1
83,7682.850,-4473.365,52.429,17.427,0.953493,-0.299302,-0.035619,0.300257,0.953522,0.025320,0.026385,-0.034837,0.999045,0,0.85650,-0.20745,51.390,-0.415,-1,375.000,-1,350.000,375.000,325.000,300.000,325.000,300.000,-1,625.000,650.000,-1,750.000,500.000,-1,400.000,2,0,2,1,1,0,1,0,0,2,0,0,2,0,1,2,1
84,7732.163,-4458.288,53.750,17.000,0.955669,-0.292205,-0.036229,0.293166,0.955740,0.024791,0.027382,-0.034313,0.999036,0,0.85944,-0.21313,51.566,-0.426,-1,400.000,-1,325.000,325.000,325.000,300.000,325.000,300.000,-1,675.000,700.000,-1,750.000,475.000,-1,375.000,2,0,2,1,1,0,1,0,0,2,0,0,2,0,1,2,1
85,7781.743,-4443.544,55.106,16.562,0.957852,-0.284892,-0.036836,0.285859,0.957964,0.024278,0.028371,-0.033785,0.999026,0,0.86209,-0.21912,51.725,-0.438,-1,400.000,-1,325.000,300.000,325.000,300.000,325.000,300.000,-1,700.000,725.000,-1,775.000,475.000,-1,325.000,2,0,2,1,1,0,1,0,0,2,0,0,2,0,1,2,1
86,7829.682,-4429.467,57.202,16.364,0.958712,-0.281551,-0.040015,0.282681,0.958860,0.026044,0.031036,-0.036280,0.998860,0,0.83271,-0.09912,49.963,-0.198,-1,400.000,-1,300.000,275.000,325.000,300.000,300.000,325.000,-1,725.000,725.000,-1,775.000,475.000,-1,300.000,2,0,2,1,1,0,1,0,0,2,0,0,2,0,1,2,1
87,7877.697,-4415.336,61.360,16.395,0.958056,-0.281948,-0.051316,0.283813,0.958294,0.033519,0.039725,-0.046678,0.998120,0,0.83418,0.01551,50.051,0.031,-1,425.000,-1,325.000,250.000,350.000,325.000,300.000,350.000,-1,525.000,575.000,-1,825.000,500.000,-1,300.000,2,0,2,1,1,0,1,0,0,2,0,0,2,0,1,2,1
88,7925.740,-4401.183,65.249,16.410,0.957422,-0.282061,-0.061515,0.284745,0.957759,0.040227,0.047570,-0.056031,0.997295,0,0.83473,0.00745,50.084,0.015,-1,425.000,-1,350.000,250.000,350.000,350.000,300.000,375.000,-1,350.000,450.000,-1,875.000,550.000,-1,325.000,2,0,2,1,1,0,1,0,0,2,0,0,2,0,1,2,1
89,7973.781,-4387.033,68.933,16.408,0.956875,-0.281888,-0.070214,0.285393,0.957304,0.046045,0.054237,-0.064098,0.996469,0,0.83468,-0.00107,50.081,-0.002,-1,450.000,-1,375.000,250.000,375.000,375.000,300.000,400.000,-1,275.000,400.000,-1,925.000,600.000,-1,325.000,2,0,2,1,1,0,1,0,0,2,0,0,2,0,1,2,1
90,8021.787,-4372.911,72.271,16.387,0.956440,-0.281410,-0.077652,0.285736,0.956922,0.051536,0.059804,-0.071479,0.995648,0,0.83398,-0.01007,50.039,-0.020,-1,475.000,-1,375.000,250.000,400.000,400.000,275.000,375.000,-1,225.000,350.000,-1,950.000,725.000,-1,350.000,2,0,2,1,1,0,0,0,1,2,0,0,2,0,1,2,1
91,8069.720,-4358.846,75.349,16.348,0.956134,-0.280623,-0.084019,0.285725,0.956656,0.056315,0.064574,-0.077851,0.994872,0,0.83256,-0.01954,49.954,-0.039,-1,475.000,-1,400.000,250.000,400.000,425.000,275.000,325.000,-1,200.000,350.000,-1,1000.000,850.000,-1,375.000,2,0,2,1,1,0,0,0,1,2,0,0,2,0,1,2,1
92,8117.543,-4344.867,78.175,16.289,0.955976,-0.279516,-0.089339,0.285322,0.956526,0.060404,0.068571,-0.083235,0.994168,0,0.83038,-0.02950,49.823,-0.059,-1,500.000,-1,425.000,250.000,400.000,425.000,275.000,300.000,-1,175.000,325.000,-1,-1,975.000,-1,400.000,2,0,2,1,1,0,0,0,1,2,0,0,2,2,1,2,1
93,8165.212,-4331.006,80.754,16.210,0.955983,-0.278077,-0.093643,0.284494,0.956551,0.063830,0.071824,-0.087661,0.993558,0,0.82739,-0.03993,49.643,-0.080,-1,500.000,-1,450.000,225.000,425.000,450.000,275.000,275.000,975.000,150.000,325.000,-1,-1,-1,-1,-1,2,0,2,1,1,0,0,0,1,0,0,0,2,2,2,2,2
94,8212.685,-4317.294,83.097,16.108,0.956169,-0.276292,-0.096970,0.283214,0.956740,0.066622,0.074368,-0.091165,0.993055,0,0.82354,-0.05081,49.413,-0.102,-1,500.000,-1,500.000,225.000,425.000,450.000,275.000,250.000,900.000,150.000,300.000,-1,-1,-1,-1,-1,2,0,2,1,1,0,0,0,1,0,0,0,2,2,2,2,2
95,8259.914,-4303.763,85.214,15.984,0.956539,-0.274150,-0.099368,0.281460,0.957103,0.068812,0.076241,-0.093789,0.992669,0,0.81882,-0.06212,49.129,-0.124,-1,500.000,-1,525.000,225.000,425.000,450.000,275.000,225.000,875.000,125.000,300.000,-1,-1,-1,-1,-1,2,0,2,1,1,0,0,0,1,0,0,0,2,2,2,2,2
96,8306.854,-4290.447,87.117,15.836,0.957097,-0.271637,-0.100892,0.279217,0.957641,0.070435,0.077485,-0.095584,0.992401,0,0.81320,-0.07379,48.792,-0.148,-1,525.000,-1,550.000,225.000,425.000,475.000,275.000,200.000,850.000,125.000,300.000,-1,-1,-1,-1,-1,2,0,2,1,1,0,0,0,1,0,0,0,2,2,2,2,2
97,8353.459,-4277.378,88.822,15.665,0.957839,-0.268742,-0.101602,0.276475,0.958355,0.071531,0.078148,-0.096605,0.992250,0,0.80670,-0.08578,48.402,-0.172,-1,525.000,-1,575.000,225.000,450.000,475.000,275.000,175.000,825.000,125.000,300.000,-1,-1,-1,-1,-1,2,0,2,1,1,0,0,0,1,0,0,0,2,2,2,2,2
98,983.896,1639.835,123.614,91.817,-0.033780,-0.998862,0.033667,0.997652,-0.031692,0.060710,-0.059574,0.035639,0.997588,1,0.00000,0.00000,47.962,-0.196,-1,375.000,750.000,375.000,600.000,325.000,300.000,325.000,325.000,900.000,375.000,375.000,-1,575.000,500.000,-1,550.000,2,0,1,1,1,0,0,0,0,1,1,1,2,1,1,2,1
99,983.723,1644.632,123.326,92.057,-0.037960,-0.998714,0.033618,0.997520,-0.035876,0.060555,-0.059271,0.035834,0.997599,0,0.08000,0.12000,4.800,0.240,-1,375.000,750.000,375.000,600.000,325.000,300.000,325.000,325.000,900.000,375.000,375.000,-1,575.000,500.000,-1,550.000,2,0,1,1,1,0,0,0,0,1,1,1,2,1,1,2,1
100,983.298,1654.222,122.753,92.537,-0.046318,-0.998364,0.033524,0.997203,-0.044241,0.060246,-0.058664,0.036220,0.997620,0,0.16000,0.24000,9.600,0.480,-1,375.000,750.000,375.000,575.000,325.000,300.000,325.000,325.000,900.000,375.000,400.000,-1,575.000,475.000,-1,525.000,2,1,1,1,1,0,0,0,0,1,1,1,2,1,1,2,1
101,982.479,1668.599,121.899,93.257,-0.058848,-0.997708,0.033387,0.996595,-0.056782,0.059786,-0.057753,0.036792,0.997653,0,0.24000,0.36000,14.400,0.720,-1,375.000,750.000,375.000,575.000,325.000,300.000,325.000,325.000,900.000,400.000,400.000,-1,575.000,475.000,-1,525.000,2,1,1,1,1,0,0,0,0,1,1,1,2,1,1,2,1
102,981.067,1687.746,120.773,94.217,-0.075540,-0.996589,0.033216,0.995539,-0.073488,0.059178,-0.056536,0.037538,0.997695,0,0.32000,0.48000,19.200,0.960,-1,375.000,750.000,350.000,525.000,325.000,300.000,325.000,300.000,875.000,400.000,425.000,-1,575.000,450.000,-1,500.000,2,1,1,1,1,1,0,0,0,1,1,1,2,1,1,2,1
103,978.801,1711.639,119.383,95.417,-0.096373,-0.994797,0.033022,0.993824,-0.094339,0.058429,-0.055009,0.038449,0.997745,0,0.40000,0.60000,24.000,1.200,-1,375.000,750.000,350.000,500.000,325.000,300.000,325.000,300.000,875.000,425.000,450.000,-1,575.000,450.000,-1,475.000,2,1,1,1,1,1,1,0,0,1,1,1,2,1,1,2,1
104,975.361,1740.233,117.742,96.857,-0.121315,-0.992071,0.032817,0.991189,-0.119304,0.057543,-0.053172,0.039509,0.997803,0,0.48000,0.72000,28.800,1.440,-1,375.000,775.000,325.000,475.000,300.000,300.000,325.000,300.000,875.000,450.000,475.000,-1,575.000,425.000,-1,425.000,2,1,1,1,1,1,1,0,0,1,1,1,2,1,1,2,1
105,970.373,1773.460,115.863,98.537,-0.150315,-0.988100,0.032621,0.987321,-0.148330,0.056530,-0.051019,0.040705,0.997868,0,0.56000,0.84000,33.600,1.680,-1,350.000,775.000,300.000,425.000,300.000,275.000,325.000,300.000,875.000,475.000,525.000,-1,575.000,400.000,-1,400.000,2,1,1,1,1,1,1,0,0,1,1,1,2,1,1,2,1
106,963.427,1811.226,113.764,100.420,-0.182665,-0.982640,0.032450,0.981975,-0.180712,0.055398,-0.048572,0.041985,0.997937,0,0.64000,0.94160,38.400,1.883,-1,350.000,825.000,300.000,375.000,275.000,275.000,325.000,300.000,875.000,525.000,575.000,-1,575.000,375.000,-1,350.000,2,1,1,1,1,1,1,0,0,1,1,1,2,1,1,2,1
107,954.244,1853.438,111.456,102.271,-0.214254,-0.976244,0.032302,0.975694,-0.212341,0.054145,-0.045999,0.043118,0.998010,0,0.72000,0.92535,43.200,1.851,-1,350.000,-1,275.000,325.000,275.000,250.000,325.000,300.000,900.000,550.000,600.000,-1,600.000,350.000,-1,300.000,2,1,2,1,1,1,1,0,0,1,0,1,2,1,1,2,1
108,942.562,1899.994,108.999,104.085,-0.244990,-0.968998,0.031982,0.968551,-0.243132,0.052871,-0.043456,0.043929,0.998089,0,0.80000,0.90709,48.000,1.814,-1,325.000,-1,250.000,275.000,275.000,225.000,325.000,300.000,925.000,550.000,675.000,-1,650.000,325.000,-1,250.000,2,1,2,1,1,1,1,0,0,1,0,1,2,1,1,2,1
109,929.104,1947.378,109.282,105.859,-0.274240,-0.961368,0.023738,0.961051,-0.273103,0.042382,-0.034262,0.034437,0.998819,0,0.82099,0.88665,49.259,1.773,-1,350.000,-1,250.000,250.000,275.000,225.000,300.000,325.000,900.000,350.000,550.000,-1,825.000,325.000,-1,225.000,2,1,2,1,1,1,1,0,0,1,0,0,2,0,1,2,1
110,914.000,1995.034,111.213,107.589,-0.302483,-0.953082,0.011788,0.952940,-0.302130,0.024950,-0.020218,0.018780,0.999619,0,0.83321,0.86505,49.993,1.730,-1,375.000,-1,250.000,250.000,275.000,250.000,300.000,375.000,875.000,225.000,375.000,-1,900.000,350.000,-1,225.000,2,1,2,1,1,1,1,0,0,1,0,0,2,0,1,2,1
111,897.271,2042.880,113.172,109.274,-0.330093,-0.943948,0.001158,0.943926,-0.330076,0.007338,-0.006545,0.003515,0.999972,0,0.84478,0.84237,50.687,1.685,-1,400.000,-1,275.000,250.000,300.000,250.000,275.000,400.000,850.000,175.000,325.000,-1,1000.000,375.000,-1,225.000,2,1,2,1,1,1,1,0,0,1,0,0,2,0,1,2,1
112,878.950,2090.830,115.312,110.911,-0.356967,-0.934086,-0.007651,0.934094,-0.356890,-0.009879,0.006497,-0.010673,0.999922,0,0.85551,0.81852,51.331,1.637,-1,450.000,-1,275.000,225.000,325.000,275.000,275.000,400.000,675.000,125.000,300.000,-1,-1,400.000,-1,225.000,2,1,2,1,1,1,1,0,1,0,0,0,2,2,1,2,1
113,859.086,2138.790,117.419,112.497,-0.382927,-0.923714,-0.010915,0.923572,-0.382565,-0.025651,0.019519,-0.019903,0.999611,0,0.86519,0.79340,51.911,1.587,-1,525.000,-1,300.000,225.000,350.000,275.000,275.000,375.000,600.000,100.000,275.000,-1,-1,450.000,-1,225.000,2,1,2,1,1,1,1,0,1,0,0,0,2,2,1,2,1
114,837.739,2186.662,118.731,114.031,-0.407812,-0.912971,-0.013162,0.912574,-0.407076,-0.038700,0.029974,-0.027793,0.999164,0,0.87357,0.76691,52.414,1.534,-1,575.000,-1,325.000,200.000,375.000,300.000,275.000,350.000,525.000,75.000,250.000,-1,-1,625.000,-1,250.000,2,0,2,1,1,1,1,0,1,0,0,0,2,2,1,2,1
115,814.989,2234.336,119.382,115.509,-0.431545,-0.901966,-0.015028,0.901280,-0.430391,-0.049581,0.038252,-0.034941,0.998657,0,0.88039,0.73894,52.823,1.478,-1,600.000,-1,350.000,200.000,425.000,325.000,275.000,325.000,475.000,75.000,225.000,-1,-1,-1,-1,300.000,2,0,2,1,1,1,1,0,1,0,0,0,2,2,2,2,1
116,790.932,2281.694,119.351,116.928,-0.454056,-0.890816,-0.016752,0.889872,-0.452481,-0.058214,0.044277,-0.041340,0.998164,0,0.88531,0.70938,53.119,1.419,-1,600.000,-1,375.000,225.000,450.000,350.000,250.000,300.000,450.000,50.000,225.000,-1,-1,-1,-1,-1,2,0,2,1,1,1,1,0,1,0,0,0,2,2,2,2,2
117,765.683,2328.612,118.624,118.284,-0.475286,-0.879636,-0.018564,0.878521,-0.473321,-0.064557,0.048000,-0.046992,0.997741,0,0.88799,0.67816,53.280,1.356,-1,600.000,-1,425.000,225.000,525.000,400.000,250.000,250.000,425.000,50.000,225.000,-1,-1,-1,-1,-1,2,0,2,1,1,0,1,0,1,0,0,0,2,2,2,2,2
118,-7543.221,-4263.559,221.769,101.080,-0.192348,-0.981307,0.006263,0.981116,-0.192170,0.021955,-0.020341,0.010368,0.999739,1,0.00000,0.00000,53.285,1.290,-1,400.000,-1,400.000,-1,325.000,325.000,300.000,300.000,-1,-1,-1,-1,750.000,775.000,-1,-1,2,0,2,0,2,0,0,0,0,2,2,2,2,0,0,2,2
119,-7544.163,-4258.852,221.673,101.320,-0.196458,-0.980492,0.006309,0.980302,-0.196279,0.021964,-0.020297,0.010500,0.999739,0,0.08000,0.12000,4.800,0.240,-1,400.000,-1,400.000,-1,325.000,325.000,300.000,300.000,-1,-1,-1,-1,750.000,775.000,-1,-1,2,0,2,0,2,0,0,0,0,2,2,2,2,0,0,2,2
120,-7546.126,-4249.455,221.482,101.800,-0.204668,-0.978810,0.006401,0.978623,-0.204485,0.021983,-0.020208,0.010763,0.999738,0,0.16000,0.24000,9.600,0.480,-1,400.000,-1,400.000,-1,325.000,325.000,300.000,300.000,-1,-1,-1,-1,750.000,775.000,-1,-1,2,0,2,0,2,0,0,0,0,2,2,2,2,0,0,2,2
121,-7549.248,-4235.398,221.198,102.520,-0.216956,-0.976159,0.006536,0.975975,-0.216768,0.022008,-0.020066,0.011154,0.999736,0,0.24000,0.36000,14.400,0.720,-1,400.000,-1,400.000,-1,325.000,325.000,300.000,300.000,-1,-1,-1,-1,750.000,775.000,-1,-1,2,0,2,0,2,0,0,0,0,2,2,2,2,0,0,2,2
122,-7553.723,-4216.727,220.825,103.480,-0.233286,-0.972385,0.006714,0.972205,-0.233091,0.022037,-0.019863,0.011668,0.999735,0,0.32000,0.48000,19.200,0.960,-1,400.000,-1,400.000,-1,325.000,325.000,300.000,300.000,-1,-1,-1,-1,750.000,775.000,-1,-1,2,0,2,0,2,0,0,0,0,2,2,2,2,0,0,2,2
123,-7559.806,-4193.510,220.367,104.680,-0.253606,-0.967283,0.006929,0.967109,-0.253402,0.022066,-0.019588,0.012297,0.999733,0,0.40000,0.60000,24.000,1.200,-1,400.000,-1,400.000,-1,325.000,325.000,300.000,300.000,-1,-1,-1,-1,750.000,775.000,-1,-1,2,0,2,0,2,0,0,0,0,2,2,2,2,0,0,2,2
124,-7567.802,-4165.842,219.832,106.120,-0.277841,-0.960600,0.007180,0.960435,-0.277628,0.022090,-0.019227,0.013033,0.999730,0,0.48000,0.72000,28.800,1.440,-1,375.000,-1,400.000,-1,325.000,325.000,300.000,300.000,-1,-1,-1,-1,750.000,775.000,-1,-1,2,0,2,0,2,0,0,0,0,2,2,2,2,0,0,2,2
125,-7578.074,-4133.851,219.227,107.800,-0.305890,-0.952038,0.007460,0.951882,-0.305667,0.022105,-0.018764,0.013862,0.999728,0,0.56000,0.84000,33.600,1.680,-1,375.000,-1,400.000,-1,325.000,325.000,300.000,300.000,-1,-1,-1,-1,750.000,775.000,-1,-1,2,0,2,0,2,0,0,0,0,2,2,2,2,0,0,2,2
126,-7591.031,-4097.703,218.564,109.720,-0.337622,-0.941250,0.007763,0.941106,-0.337388,0.022101,-0.018184,0.014768,0.999726,0,0.64000,0.96000,38.400,1.920,-1,375.000,-1,400.000,-1,325.000,325.000,300.000,300.000,-1,-1,-1,-1,750.000,775.000,-1,-1,2,0,2,0,2,0,0,0,0,2,2,2,2,0,0,2,2
127,-7607.018,-4057.570,217.854,111.720,-0.370271,-0.928889,0.008087,0.928759,-0.370027,0.022076,-0.017513,0.015685,0.999724,0,0.72000,1.00000,43.200,2.000,-1,400.000,-1,400.000,-1,325.000,325.000,300.000,300.000,-1,-1,-1,-1,750.000,775.000,-1,-1,2,0,2,0,2,0,0,0,0,2,2,2,2,0,0,2,2
128,-7626.327,-4013.625,217.065,113.720,-0.402468,-0.915394,0.008612,0.915283,-0.402212,0.021973,-0.016650,0.016726,0.999721,0,0.80000,1.00000,48.000,2.000,-1,400.000,-1,400.000,-1,325.000,325.000,300.000,300.000,-1,-1,-1,-1,750.000,775.000,-1,-1,2,0,2,0,2,0,0,0,0,2,2,2,2,0,0,2,2
129,-7649.241,-3966.057,216.224,115.720,-0.434174,-0.900782,0.009226,0.900691,-0.433906,0.021961,-0.015779,0.017845,0.999716,0,0.88000,1.00000,52.800,2.000,-1,400.000,-1,400.000,-1,325.000,325.000,300.000,300.000,-1,-1,-1,-1,750.000,775.000,-1,-1,2,0,2,0,2,0,0,0,0,2,2,2,2,0,0,2,2
130,-7674.463,-3918.059,215.406,117.720,-0.465350,-0.885072,0.009852,0.885001,-0.465069,0.021992,-0.014882,0.018953,0.999710,0,0.90369,1.00000,54.221,2.000,-1,400.000,-1,400.000,-1,325.000,325.000,300.000,300.000,-1,-1,-1,-1,750.000,775.000,-1,-1,2,0,2,0,2,0,0,0,0,2,2,2,2,0,0,2,2
131,-7701.344,-3870.970,214.645,119.720,-0.495957,-0.868284,0.010452,0.868235,-0.495664,0.022032,-0.013949,0.020001,0.999703,0,0.90369,1.00000,54.221,2.000,-1,400.000,-1,400.000,-1,325.000,325.000,300.000,300.000,-1,-1,-1,-1,750.000,775.000,-1,-1,2,0,2,0,2,0,0,0,0,2,2,2,2,0,0,2,2
132,-7729.852,-3824.848,213.925,121.720,-0.525956,-0.850441,0.010991,0.850414,-0.525655,0.021991,-0.012925,0.020913,0.999698,0,0.90369,1.00000,54.221,2.000,-1,400.000,-1,400.000,-1,325.000,325.000,300.000,300.000,-1,-1,-1,-1,775.000,775.000,-1,-1,2,0,2,0,2,0,0,0,0,2,2,2,2,0,0,2,2
133,-7759.952,-3779.749,213.253,123.720,-0.555311,-0.831564,0.011483,0.831559,-0.555005,0.021887,-0.011828,0.021703,0.999694,0,0.90369,1.00000,54.221,2.000,-1,400.000,-1,400.000,-1,325.000,325.000,300.000,300.000,-1,-1,-1,-1,775.000,775.000,-1,-1,2,0,2,0,2,0,0,0,0,2,2,2,2,0,0,2,2
134,-7788.637,-3739.504,212.693,125.480,-0.580583,-0.814114,0.011914,0.814129,-0.580275,0.021801,-0.010835,0.022356,0.999691,0,0.82369,0.88000,49.421,1.760,-1,400.000,-1,400.000,-1,325.000,325.000,300.000,300.000,-1,-1,-1,-1,775.000,775.000,-1,-1,2,0,2,0,2,0,0,0,0,2,2,2,2,0,0,2,2
