timestep,x_cm,y_cm,z_cm,yaw_deg,basis_xx,basis_xy,basis_xz,basis_yx,basis_yy,basis_yz,basis_zx,basis_zy,basis_zz,teleport_flag,throttle_cmd,steering_cmd,cmd_move_cm,cmd_turn_deg,lidar_cm_0,lidar_cm_1,lidar_cm_2,lidar_cm_3,lidar_cm_4,lidar_cm_5,lidar_cm_6,lidar_cm_7,lidar_cm_8,lidar_cm_9,lidar_cm_10,lidar_cm_11,lidar_cm_12,lidar_cm_13,lidar_cm_14,lidar_cm_15,lidar_cm_16,lidar_class_0,lidar_class_1,lidar_class_2,lidar_class_3,lidar_class_4,lidar_class_5,lidar_class_6,lidar_class_7,lidar_class_8,lidar_class_9,lidar_class_10,lidar_class_11,lidar_class_12,lidar_class_13,lidar_class_14,lidar_class_15,lidar_class_16
0,-4262.830,3612.372,-219.120,81.018,0.157417,-0.986368,-0.047943,0.987196,0.155912,0.033691,-0.025757,-0.052632,0.998282,1,0.08000,-0.12000,4.800,-0.240,650.000,375.000,900.000,425.000,-1,325.000,325.000,300.000,275.000,-1,-1,-1,-1,475.000,775.000,550.000,-1,1,1,1,1,2,0,0,0,0,2,2,2,2,1,1,1,2
1,-4261.252,3621.842,-219.404,80.538,0.165665,-0.985031,-0.047644,0.985854,0.164170,0.033769,-0.025442,-0.052564,0.998293,0,0.16000,-0.24000,9.600,-0.480,625.000,375.000,900.000,425.000,-1,325.000,325.000,300.000,275.000,-1,-1,-1,-1,475.000,775.000,525.000,-1,1,1,1,1,2,0,0,0,0,2,2,2,2,1,1,1,2
2,-4258.738,3636.021,-219.823,79.945,0.175835,-0.983288,-0.047197,0.984099,0.174352,0.033917,-0.025121,-0.052410,0.998310,0,0.24000,-0.29633,14.400,-0.593,600.000,350.000,925.000,425.000,-1,325.000,325.000,300.000,275.000,-1,-1,-1,-1,475.000,825.000,525.000,-1,1,1,1,1,2,0,0,0,0,2,2,2,2,1,1,1,2
3,-4255.193,3654.891,-220.370,79.362,0.185826,-0.981477,-0.046598,0.982266,0.184354,0.034162,-0.024939,-0.052120,0.998329,0,0.32000,-0.29159,19.200,-0.583,550.000,350.000,950.000,425.000,-1,325.000,325.000,300.000,275.000,-1,-1,-1,-1,450.000,-1,500.000,-1,1,1,1,1,2,1,0,0,0,2,2,2,2,1,2,1,2
4,-4250.527,3678.433,-221.047,78.790,0.195618,-0.979608,-0.045841,0.980364,0.194153,0.034519,-0.024915,-0.051693,0.998352,0,0.40000,-0.28618,24.000,-0.572,525.000,350.000,-1,400.000,-1,325.000,325.000,300.000,275.000,-1,-1,-1,-1,425.000,-1,475.000,-1,1,1,2,1,2,1,1,0,0,2,2,2,2,1,2,1,2
5,-4244.651,3706.628,-221.854,78.230,0.205183,-0.977692,-0.044916,0.978402,0.203724,0.035003,-0.025072,-0.051128,0.998377,0,0.48000,-0.27999,28.800,-0.560,475.000,325.000,-1,400.000,-1,300.000,325.000,300.000,275.000,-1,-1,-1,-1,425.000,-1,425.000,-1,1,1,2,1,2,1,1,0,0,2,2,2,2,1,2,1,2
6,-4237.484,3739.455,-222.794,77.684,0.214492,-0.975743,-0.043811,0.976394,0.213035,0.035634,-0.025436,-0.050420,0.998404,0,0.56000,-0.27289,33.600,-0.546,425.000,300.000,-1,400.000,-1,275.000,325.000,300.000,275.000,-1,-1,-1,-1,375.000,-1,400.000,-1,1,1,2,1,2,1,1,0,0,2,2,2,2,1,2,1,2
7,-4228.946,3776.894,-223.873,77.154,0.223509,-0.973774,-0.042510,0.974354,0.222051,0.036433,-0.026039,-0.049563,0.998432,0,0.64000,-0.26470,38.400,-0.529,375.000,275.000,-1,375.000,-1,275.000,300.000,300.000,275.000,-1,-1,-1,-1,350.000,-1,350.000,-1,1,1,2,1,2,1,1,0,0,2,2,2,2,1,2,1,2
8,-4218.966,3818.925,-225.097,76.644,0.232191,-0.971806,-0.040992,0.972298,0.230730,0.037425,-0.026912,-0.048546,0.998458,0,0.72000,-0.25524,43.200,-0.510,325.000,250.000,-1,375.000,-1,250.000,275.000,300.000,275.000,-1,-1,-1,-1,325.000,-1,300.000,-1,1,1,2,1,2,1,1,0,0,2,2,2,2,1,2,1,2
9,-4207.479,3865.531,-226.446,76.155,0.240489,-0.969864,-0.039092,0.970242,0.239023,0.038702,-0.028192,-0.047236,0.998486,0,0.80000,-0.24427,48.000,-0.489,275.000,250.000,-1,350.000,-1,225.000,275.000,300.000,275.000,-1,-1,-1,-1,300.000,-1,250.000,-1,1,1,2,1,2,1,1,0,0,2,2,2,2,1,2,1,2
10,-4194.423,3916.691,-225.247,75.692,0.247794,-0.968402,-0.028202,0.968572,0.246979,0.029484,-0.021587,-0.034622,0.999167,0,0.88000,-0.23147,52.800,-0.463,250.000,225.000,-1,350.000,-1,225.000,275.000,300.000,275.000,-1,-1,-1,-1,300.000,-1,225.000,-1,1,1,2,1,2,1,1,0,0,2,2,2,2,1,2,1,2
11,-4179.760,3972.393,-222.364,75.259,0.254556,-0.966992,-0.011304,0.967015,0.254417,0.012443,-0.009157,-0.014099,0.999859,0,0.96000,-0.21647,57.600,-0.433,250.000,225.000,-1,375.000,-1,225.000,275.000,350.000,275.000,-1,-1,1000.000,-1,300.000,-1,225.000,-1,1,1,2,1,2,1,1,0,0,2,2,0,2,1,2,1,2
12,-4164.090,4030.310,-218.888,74.862,0.261187,-0.965275,0.005121,0.965263,0.261139,-0.008585,0.006949,0.007185,0.999950,0,1.00000,-0.19876,60.000,-0.398,250.000,225.000,-1,425.000,-1,225.000,275.000,400.000,275.000,-1,725.000,375.000,750.000,300.000,-1,200.000,-1,1,1,2,1,2,1,1,0,0,2,0,0,0,1,2,1,2
13,-4148.066,4088.132,-214.136,74.505,0.267722,-0.963343,0.017151,0.963106,0.267065,-0.033204,0.027406,0.025408,0.999301,0,1.00000,-0.17840,60.000,-0.357,250.000,250.000,-1,550.000,-1,225.000,300.000,450.000,275.000,-1,425.000,150.000,525.000,325.000,-1,200.000,-1,1,1,2,1,2,1,1,1,0,2,0,0,0,1,2,1,2
14,2951.629,-2295.789,4.538,120.300,-0.495302,-0.859965,-0.123030,0.863866,-0.502522,0.034757,-0.091715,-0.089066,0.991794,1,0.00000,0.00000,60.000,-0.311,950.000,350.000,-1,400.000,-1,300.000,325.000,275.000,425.000,-1,50.000,0.000,-1,650.000,775.000,-1,-1,0,0,2,0,2,0,0,0,0,2,1,1,2,0,0,2,2
15,2949.198,-2291.651,3.776,120.467,-0.498097,-0.858637,-0.121008,0.862363,-0.505116,0.034466,-0.090717,-0.087186,0.992053,0,0.08000,0.08367,4.800,0.167,975.000,375.000,-1,400.000,-1,300.000,325.000,275.000,425.000,-1,50.000,0.000,-1,650.000,775.000,-1,-1,0,0,2,0,2,0,0,0,0,2,1,1,2,0,0,2,2
16,2944.310,-2283.389,2.330,120.636,-0.501116,-0.857386,-0.117356,0.860807,-0.507787,0.034124,-0.088850,-0.083921,0.992503,0,0.16000,0.08442,9.600,0.169,-1,375.000,-1,400.000,-1,300.000,325.000,275.000,425.000,-1,50.000,0.000,-1,675.000,800.000,-1,-1,2,0,2,0,2,0,0,0,0,2,1,1,2,0,0,2,2
17,2936.941,-2271.018,0.223,120.808,-0.504350,-0.856179,-0.112199,0.859187,-0.510547,0.033763,-0.086190,-0.079372,0.993112,0,0.24000,0.08593,14.400,0.172,-1,375.000,-1,400.000,-1,300.000,325.000,275.000,400.000,-1,50.000,0.000,-1,675.000,800.000,-1,-1,2,0,2,0,2,0,0,0,0,2,1,1,2,0,0,2,2
18,2927.063,-2254.555,-2.505,120.984,-0.507776,-0.854977,-0.105726,0.857495,-0.513405,0.033425,-0.082858,-0.073687,0.993833,0,0.32000,0.08819,19.200,0.176,-1,375.000,-1,400.000,-1,325.000,325.000,275.000,400.000,-1,50.000,0.000,-1,700.000,800.000,-1,-1,2,0,2,0,2,0,0,0,0,2,1,1,2,0,0,2,2
19,2914.649,-2234.016,-5.804,121.167,-0.511361,-0.853738,-0.098190,0.855726,-0.516366,0.033160,-0.079012,-0.067067,0.994615,0,0.40000,0.09120,24.000,0.182,-1,375.000,-1,400.000,-1,325.000,325.000,275.000,375.000,-1,50.000,0.000,-1,700.000,800.000,-1,-1,2,0,2,0,2,0,0,0,0,2,1,1,2,0,0,2,2
20,2899.670,-2209.419,-9.672,121.357,-0.515071,-0.852430,-0.089808,0.853856,-0.519442,0.033313,-0.075047,-0.059525,0.995402,0,0.48000,0.09498,28.800,0.190,-1,400.000,-1,400.000,-1,325.000,325.000,300.000,350.000,-1,75.000,0.000,-1,725.000,800.000,-1,-1,2,0,2,0,2,0,0,0,0,2,1,1,2,0,0,2,2
21,2882.093,-2180.784,-13.994,121.556,-0.518876,-0.851000,-0.081029,0.851887,-0.522634,0.033791,-0.071105,-0.051494,0.996139,0,0.56000,0.09953,33.600,0.199,-1,400.000,-1,400.000,-1,325.000,325.000,300.000,325.000,-1,75.000,0.000,-1,750.000,800.000,-1,-1,2,0,2,0,2,0,0,0,0,2,1,1,2,0,0,2,2
22,2861.883,-2148.133,-18.394,121.765,-0.522646,-0.849373,-0.073533,0.849824,-0.525925,0.034671,-0.068122,-0.044369,0.996690,0,0.64000,0.10484,38.400,0.210,-1,400.000,-1,400.000,-1,325.000,325.000,300.000,325.000,-1,100.000,0.000,-1,775.000,800.000,-1,-1,2,0,2,0,2,0,0,0,0,2,1,1,2,0,0,2,2
23,2838.999,-2111.492,-21.373,121.987,-0.525803,-0.847356,-0.074293,0.847685,-0.529227,0.036722,-0.070435,-0.043669,0.996560,0,0.72000,0.11093,43.200,0.222,-1,400.000,-1,400.000,-1,325.000,325.000,300.000,300.000,-1,150.000,25.000,-1,750.000,775.000,-1,-1,2,0,2,0,2,0,0,0,0,2,1,1,2,0,0,2,2
24,2814.207,-2072.157,-24.608,122.223,-0.529152,-0.845201,-0.075053,0.845396,-0.532724,0.038855,-0.072823,-0.042889,0.996422,0,0.77493,0.11779,46.496,0.236,-1,400.000,-1,400.000,-1,325.000,325.000,300.000,300.000,-1,200.000,100.000,-1,725.000,750.000,-1,-1,2,0,2,0,2,0,0,0,0,2,1,1,2,0,0,2,2
25,2789.061,-2032.645,-27.872,122.473,-0.532718,-0.842892,-0.075796,0.842958,-0.536429,0.040802,-0.075051,-0.042157,0.996288,0,0.78058,0.12519,46.835,0.250,-1,400.000,-1,400.000,-1,325.000,325.000,300.000,300.000,-1,250.000,150.000,-1,725.000,750.000,-1,-1,2,0,2,0,2,0,0,0,0,2,1,1,2,0,0,2,2
26,2763.545,-1992.959,-31.129,122.739,-0.536501,-0.840418,-0.076576,0.840379,-0.540339,0.042396,-0.077007,-0.041607,0.996162,0,0.78634,0.13266,47.180,0.265,-1,400.000,-1,400.000,-1,325.000,325.000,300.000,300.000,-1,300.000,225.000,-1,725.000,725.000,-1,-1,2,0,2,0,2,0,0,0,0,2,1,1,2,0,0,2,2
27,2737.645,-1953.105,-34.434,123.019,-0.540502,-0.837784,-0.077304,0.837639,-0.544458,0.043882,-0.078852,-0.041035,0.996041,0,0.79218,0.14019,47.531,0.280,-1,375.000,-1,375.000,-1,325.000,325.000,300.000,300.000,-1,375.000,275.000,-1,700.000,725.000,-1,-1,2,0,2,0,2,0,0,0,0,2,1,1,2,0,0,2,2
28,2711.343,-1913.087,-37.791,123.315,-0.544721,-0.834984,-0.077978,0.834737,-0.548786,0.045256,-0.080581,-0.040439,0.995927,0,0.79812,0.14780,47.887,0.296,-1,375.000,-1,375.000,-1,325.000,325.000,300.000,300.000,-1,425.000,350.000,-1,700.000,700.000,-1,-1,2,0,2,0,2,0,0,0,0,2,1,1,2,0,0,2,2
29,2684.625,-1872.911,-41.174,123.626,-0.549204,-0.832018,-0.078238,0.831685,-0.553326,0.046166,-0.081702,-0.039714,0.995865,0,0.80415,0.15547,48.249,0.311,-1,375.000,-1,375.000,-1,325.000,325.000,300.000,300.000,-1,475.000,400.000,-1,675.000,700.000,-1,-1,2,0,2,0,2,0,0,0,0,2,1,1,2,0,0,2,2
30,2657.473,-1832.584,-44.828,123.952,-0.553943,-0.828848,-0.078475,0.828558,-0.558054,0.045463,-0.081475,-0.039837,0.995879,0,0.81026,0.16321,48.616,0.326,-1,375.000,-1,375.000,-1,325.000,325.000,300.000,300.000,-1,525.000,450.000,-1,675.000,700.000,-1,-1,2,0,2,0,2,0,0,0,0,2,1,1,2,0,0,2,2
31,2629.872,-1792.113,-48.503,124.294,-0.558913,-0.825503,-0.078495,0.825253,-0.562993,0.044687,-0.081082,-0.039802,0.995912,0,0.81645,0.17101,48.987,0.342,-1,375.000,-1,375.000,-1,300.000,325.000,300.000,300.000,-1,550.000,500.000,-1,675.000,700.000,-1,-1,2,0,2,0,2,0,0,0,0,2,1,1,2,0,0,2,2
32,2601.805,-1751.506,-52.195,124.652,-0.564116,-0.821979,-0.078260,0.821763,-0.568141,0.043838,-0.080497,-0.039581,0.995969,0,0.82272,0.17889,49.363,0.358,-1,375.000,-1,375.000,-1,300.000,325.000,300.000,300.000,-1,600.000,550.000,-1,675.000,700.000,-1,-1,2,0,2,0,2,0,0,0,0,2,1,1,2,0,0,2,2
33,2571.088,-1708.039,-56.093,125.250,-0.572804,-0.816040,-0.077292,0.815825,-0.576710,0.042832,-0.079528,-0.038523,0.996088,0,0.88709,0.29889,53.225,0.598,-1,375.000,-1,375.000,-1,300.000,325.000,300.000,300.000,-1,650.000,600.000,-1,675.000,700.000,-1,-1,2,0,2,0,2,0,0,0,0,2,1,1,2,0,0,2,2
34,2539.820,-1665.059,-60.156,126.037,-0.584184,-0.808093,-0.075596,0.807846,-0.587912,0.041759,-0.078189,-0.036675,0.996264,0,0.88585,0.39376,53.151,0.788,-1,375.000,-1,375.000,-1,300.000,325.000,300.000,300.000,-1,675.000,625.000,-1,700.000,700.000,-1,-1,2,0,2,0,2,0,0,0,0,2,1,1,2,0,0,2,2
35,2507.996,-1622.548,-64.246,126.819,-0.595382,-0.800045,-0.073816,0.799769,-0.598929,0.040664,-0.076743,-0.034826,0.996442,0,0.88506,0.39110,53.104,0.782,-1,375.000,-1,375.000,-1,300.000,325.000,300.000,300.000,-1,700.000,675.000,-1,700.000,700.000,-1,-1,2,0,2,0,2,0,0,0,0,2,1,1,2,0,0,2,2
36,2475.623,-1580.501,-68.338,127.596,-0.606382,-0.791901,-0.072064,0.791604,-0.609754,0.039549,-0.075260,-0.033064,0.996616,0,0.88443,0.38829,53.066,0.777,-1,375.000,-1,375.000,-1,300.000,325.000,300.000,300.000,-1,725.000,725.000,-1,700.000,700.000,-1,-1,2,0,2,0,2,0,0,0,0,2,1,1,2,0,0,2,2
37,2442.704,-1538.917,-72.428,128.366,-0.617180,-0.783670,-0.070358,0.783358,-0.620383,0.038413,-0.073752,-0.031407,0.996782,0,0.88396,0.38533,53.038,0.771,-1,375.000,-1,375.000,-1,325.000,325.000,300.000,300.000,-1,725.000,750.000,-1,700.000,700.000,-1,-1,2,0,2,0,2,0,0,0,0,2,1,1,2,0,0,2,2
38,2410.062,-1498.566,-76.333,128.972,-0.625578,-0.777088,-0.069181,0.776791,-0.628656,0.037256,-0.072443,-0.030433,0.996908,0,0.86503,0.30300,51.902,0.606,-1,375.000,-1,375.000,-1,325.000,325.000,300.000,300.000,-1,600.000,800.000,-1,700.000,700.000,-1,-1,2,0,2,0,2,0,0,0,0,2,0,1,2,0,0,2,2
39,2377.010,-1458.573,-80.224,129.572,-0.633810,-0.770486,-0.068087,0.770210,-0.636770,0.036059,-0.071139,-0.029587,0.997028,0,0.86473,0.29982,51.884,0.600,-1,375.000,-1,375.000,-1,325.000,325.000,300.000,300.000,-1,550.000,850.000,-1,700.000,700.000,-1,-1,2,0,2,0,2,0,0,0,0,2,0,1,2,0,0,2,2
40,2343.550,-1418.929,-84.101,130.165,-0.641875,-0.763870,-0.067074,0.763622,-0.644724,0.034818,-0.069841,-0.028871,0.997140,0,0.86461,0.29650,51.876,0.593,-1,375.000,-1,375.000,-1,325.000,325.000,300.000,300.000,-1,525.000,525.000,-1,700.000,700.000,-1,-1,2,0,2,0,2,0,0,0,0,2,0,0,2,0,0,2,2
41,2309.685,-1379.628,-87.912,130.751,-0.649770,-0.757244,-0.066189,0.757048,-0.652511,0.033283,-0.068393,-0.028482,0.997252,0,0.86466,0.29304,51.880,0.586,-1,375.000,-1,375.000,-1,325.000,325.000,300.000,300.000,-1,500.000,500.000,-1,700.000,700.000,-1,-1,2,0,2,0,2,0,0,0,0,2,0,0,2,0,0,2,2
42,2275.415,-1340.660,-91.518,131.330,-0.657494,-0.750614,-0.065425,0.750494,-0.660129,0.031442,-0.066790,-0.028428,0.997362,0,0.86490,0.28945,51.894,0.579,-1,400.000,-1,375.000,-1,325.000,325.000,300.000,300.000,-1,500.000,475.000,-1,700.000,700.000,-1,-1,2,0,2,0,2,0,0,0,0,2,0,0,2,0,0,2,2
43,2240.742,-1302.018,-94.992,131.902,-0.665045,-0.744001,-0.064626,0.743917,-0.667590,0.030163,-0.065585,-0.028016,0.997454,0,0.86530,0.28572,51.918,0.571,-1,400.000,-1,375.000,-1,325.000,325.000,300.000,300.000,-1,500.000,500.000,-1,700.000,700.000,-1,-1,2,0,2,0,2,0,0,0,0,2,0,0,2,0,0,2,2
44,2205.666,-1263.693,-98.430,132.465,-0.672423,-0.737405,-0.063887,0.737354,-0.674886,0.028964,-0.064475,-0.027632,0.997537,0,0.86588,0.28187,51.953,0.564,-1,375.000,-1,375.000,-1,325.000,325.000,300.000,300.000,-1,500.000,500.000,-1,700.000,700.000,-1,-1,2,0,2,0,2,0,0,0,0,2,0,0,2,0,0,2,2
45,2170.191,-1225.678,-101.830,133.021,-0.679625,-0.730831,-0.063212,0.730809,-0.682014,0.027843,-0.063459,-0.027273,0.997612,0,0.86662,0.27790,51.997,0.556,-1,375.000,-1,375.000,-1,325.000,325.000,300.000,300.000,-1,500.000,525.000,-1,675.000,700.000,-1,-1,2,0,2,0,2,0,0,0,0,2,0,0,2,0,0,2,2
46,2134.316,-1187.964,-105.117,133.569,-0.686651,-0.724292,-0.062548,0.724271,-0.688979,0.027190,-0.062788,-0.026632,0.997671,0,0.86753,0.27380,52.052,0.548,-1,375.000,-1,375.000,-1,325.000,300.000,300.000,300.000,-1,525.000,550.000,-1,675.000,675.000,-1,-1,2,0,2,0,2,0,0,0,0,2,0,0,2,0,0,2,2
47,2098.043,-1150.543,-108.388,134.108,-0.693500,-0.717786,-0.061976,0.717772,-0.695774,0.026504,-0.062146,-0.026104,0.997726,0,0.86860,0.26958,52.116,0.539,-1,375.000,-1,375.000,-1,325.000,300.000,300.000,300.000,-1,550.000,575.000,-1,675.000,675.000,-1,-1,2,0,2,0,2,0,0,0,0,2,0,0,2,0,0,2,2
48,2062.334,-1114.087,-111.577,134.407,-0.697286,-0.714146,-0.061544,0.714154,-0.699514,0.025765,-0.061451,-0.025986,0.997772,0,0.85051,0.14958,51.030,0.299,-1,375.000,-1,375.000,-1,300.000,300.000,300.000,300.000,-1,575.000,600.000,-1,675.000,675.000,-1,-1,2,0,2,0,2,0,0,0,0,2,0,0,2,0,0,2,2
49,2026.536,-1077.616,-114.668,134.466,-0.698090,-0.713424,-0.060791,0.713457,-0.700253,0.024998,-0.060403,-0.025920,0.997837,0,0.85174,0.02958,51.105,0.059,-1,375.000,-1,375.000,-1,300.000,300.000,300.000,300.000,-1,600.000,625.000,-1,650.000,675.000,-1,-1,2,0,2,0,2,0,0,0,0,2,0,0,2,0,0,2,2
50,1990.799,-1040.976,-117.710,134.285,-0.695901,-0.715627,-0.060002,0.715696,-0.697994,0.024165,-0.059175,-0.026127,0.997906,0,0.85305,-0.09042,51.183,-0.181,-1,375.000,-1,375.000,-1,300.000,300.000,300.000,300.000,-1,625.000,625.000,-1,650.000,650.000,-1,-1,2,0,2,0,2,0,0,0,0,2,0,0,2,0,0,2,2
51,1955.272,-1004.012,-120.521,133.865,-0.690755,-0.720739,-0.058243,0.720825,-0.692724,0.023343,-0.057171,-0.025859,0.998029,0,0.85449,-0.21042,51.269,-0.421,-1,375.000,-1,375.000,-1,300.000,300.000,300.000,300.000,-1,625.000,625.000,-1,650.000,650.000,-1,-1,2,0,2,0,2,0,0,0,0,2,0,0,2,0,0,2,2
52,1920.107,-966.569,-123.178,133.204,-0.682556,-0.728689,-0.055946,0.728787,-0.684372,0.022451,-0.054648,-0.025449,0.998181,0,0.85611,-0.33042,51.366,-0.661,-1,375.000,-1,375.000,-1,300.000,300.000,300.000,300.000,-1,625.000,625.000,-1,650.000,650.000,-1,-1,2,0,2,0,2,0,0,0,0,2,0,0,2,0,0,2,2
53,1885.460,-928.496,-125.736,132.303,-0.671164,-0.739360,-0.053716,0.739485,-0.672833,0.021401,-0.051965,-0.025358,0.998327,0,0.85797,-0.45042,51.478,-0.901,-1,375.000,-1,375.000,-1,300.000,300.000,300.000,300.000,-1,625.000,600.000,-1,650.000,650.000,-1,-1,2,0,2,0,2,0,0,0,0,2,0,0,2,0,0,2,2
54,1851.340,-889.777,-128.153,131.387,-0.659389,-0.750012,-0.051838,0.750178,-0.660928,0.020164,-0.049384,-0.025591,0.998452,0,0.86013,-0.45780,51.608,-0.916,-1,375.000,-1,375.000,-1,300.000,300.000,300.000,300.000,-1,650.000,600.000,-1,650.000,650.000,-1,-1,2,0,2,0,2,0,0,0,0,2,0,0,2,0,0,2,2
55,1817.752,-850.395,-130.465,130.460,-0.647285,-0.760597,-0.050144,0.760810,-0.648703,0.018760,-0.046797,-0.026007,0.998566,0,0.86267,-0.46341,51.760,-0.927,-1,375.000,-1,375.000,-1,300.000,300.000,325.000,300.000,-1,650.000,575.000,-1,650.000,650.000,-1,-1,2,0,2,0,2,0,0,0,0,2,0,0,2,0,0,2,2
56,1784.413,-809.998,-132.738,129.533,-0.635001,-0.770992,-0.048418,0.771254,-0.636296,0.017186,-0.044059,-0.026429,0.998679,0,0.87297,-0.46389,52.378,-0.928,-1,375.000,-1,375.000,-1,300.000,300.000,325.000,300.000,-1,650.000,575.000,-1,650.000,650.000,-1,-1,2,0,2,0,2,0,0,0,0,2,0,0,2,0,0,2,2
57,1751.755,-769.094,-134.944,128.603,-0.622530,-0.781202,-0.046689,0.781511,-0.623700,0.015460,-0.041197,-0.026864,0.998790,0,0.87236,-0.46467,52.342,-0.929,-1,375.000,-1,375.000,-1,300.000,300.000,325.000,300.000,-1,600.000,575.000,-1,650.000,650.000,-1,-1,2,0,2,0,2,0,0,0,0,2,0,0,2,0,0,2,2
58,1719.786,-727.688,-137.040,127.672,-0.609864,-0.791227,-0.045012,0.791590,-0.610906,0.013391,-0.038094,-0.027464,0.998897,0,0.87186,-0.46580,52.312,-0.932,-1,375.000,-1,375.000,-1,300.000,300.000,325.000,300.000,-1,525.000,525.000,-1,650.000,650.000,-1,-1,2,0,2,0,2,0,0,0,0,2,0,0,2,0,0,2,2
59,1688.509,-685.785,-138.874,126.737,-0.597001,-0.801055,-0.043591,0.801507,-0.597897,0.010269,-0.034289,-0.028808,0.998997,0,0.87149,-0.46727,52.289,-0.935,-1,375.000,-1,375.000,-1,300.000,300.000,325.000,300.000,-1,450.000,475.000,-1,650.000,650.000,-1,-1,2,0,2,0,2,0,0,0,0,2,0,0,2,0,0,2,2
60,1657.930,-643.384,-140.609,125.799,-0.583929,-0.810708,-0.042187,0.811233,-0.584680,0.007159,-0.030469,-0.030043,0.999084,0,0.87128,-0.46908,52.277,-0.938,-1,375.000,-1,375.000,-1,300.000,300.000,325.000,300.000,-1,400.000,425.000,-1,650.000,675.000,-1,-1,2,0,2,0,2,0,0,0,0,2,0,0,2,0,0,2,2
61,1628.228,-600.363,-142.186,124.621,-0.567259,-0.822531,-0.040734,0.823108,-0.567868,0.004266,-0.026640,-0.031108,0.999161,0,0.87132,-0.58908,52.279,-1.178,-1,375.000,-1,375.000,-1,300.000,300.000,325.000,300.000,-1,375.000,400.000,-1,675.000,675.000,-1,-1,2,0,2,0,2,0,0,0,0,2,0,0,2,0,0,2,2
62,1599.540,-556.645,-143.489,123.273,-0.547879,-0.835633,-0.039309,0.836249,-0.548348,0.001403,-0.022728,-0.032104,0.999226,0,0.87150,-0.67384,52.290,-1.348,-1,375.000,-1,375.000,-1,300.000,300.000,300.000,300.000,-1,375.000,375.000,-1,675.000,700.000,-1,-1,2,0,2,0,2,0,0,0,0,2,0,0,2,0,0,2,2
63,1571.878,-512.238,-144.427,121.920,-0.528098,-0.848353,-0.037558,0.848959,-0.528458,-0.000380,-0.019525,-0.032086,0.999294,0,0.87196,-0.67672,52.318,-1.353,-1,375.000,-1,375.000,-1,300.000,300.000,300.000,300.000,-1,375.000,400.000,-1,675.000,700.000,-1,-1,2,0,2,0,2,0,0,0,0,2,0,0,2,0,0,2,2
64,1545.255,-467.147,-145.261,120.560,-0.507920,-0.860662,-0.035765,0.861249,-0.508179,-0.002087,-0.016379,-0.031863,0.999358,0,0.87274,-0.67996,52.365,-1.360,-1,375.000,-1,375.000,-1,300.000,300.000,300.000,300.000,-1,400.000,400.000,-1,700.000,725.000,-1,-1,2,0,2,0,2,0,0,0,0,2,0,0,2,0,0,2,2
65,1519.681,-421.374,-145.969,119.193,-0.487344,-0.872556,-0.033801,0.873110,-0.487509,-0.003747,-0.013208,-0.031338,0.999422,0,0.87388,-0.68356,52.433,-1.367,-1,375.000,-1,375.000,-1,300.000,300.000,300.000,300.000,-1,425.000,425.000,-1,700.000,750.000,-1,-1,2,0,2,0,2,0,0,0,0,2,0,0,2,0,0,2,2
66,1495.203,-374.993,-146.598,117.825,-0.466464,-0.883964,-0.031918,0.884482,-0.466545,-0.005328,-0.010182,-0.030716,0.999476,0,0.87406,-0.68409,52.444,-1.368,-1,375.000,-1,375.000,-1,300.000,325.000,300.000,300.000,-1,450.000,425.000,-1,725.000,750.000,-1,-1,2,0,2,0,2,0,0,0,0,2,0,0,2,0,0,2,2
67,1471.838,-328.041,-147.150,116.456,-0.445308,-0.894871,-0.030109,0.895348,-0.445315,-0.006827,-0.007298,-0.029998,0.999523,0,0.87406,-0.68409,52.444,-1.368,-1,375.000,-1,375.000,-1,300.000,325.000,300.000,300.000,-1,475.000,450.000,-1,750.000,775.000,-1,-1,2,0,2,0,2,0,0,0,0,2,0,0,2,0,0,2,2
68,1449.602,-280.545,-147.624,115.088,-0.423887,-0.905271,-0.028367,0.905703,-0.423832,-0.008247,-0.004557,-0.029188,0.999564,0,0.87406,-0.68409,52.444,-1.368,-1,375.000,-1,400.000,-1,325.000,325.000,300.000,300.000,-1,500.000,450.000,-1,775.000,775.000,-1,-1,2,0,2,0,2,0,0,0,0,2,0,0,2,0,0,2,2
69,1428.506,-232.531,-148.023,113.720,-0.402216,-0.915156,-0.026686,0.915543,-0.402106,-0.009590,-0.001955,-0.028290,0.999598,0,0.87406,-0.68409,52.444,-1.368,-1,375.000,-1,400.000,-1,325.000,325.000,300.000,300.000,-1,525.000,450.000,-1,825.000,800.000,-1,-1,2,0,2,0,2,0,0,0,0,2,0,0,2,0,0,2,2
70,1408.563,-184.027,-148.347,112.352,-0.380305,-0.924521,-0.025060,0.924861,-0.380151,-0.010857,0.000511,-0.027306,0.999627,0,0.87406,-0.68409,52.444,-1.368,-1,400.000,-1,400.000,-1,325.000,325.000,300.000,300.000,-1,550.000,450.000,-1,850.000,800.000,-1,-1,2,0,2,0,2,0,0,0,0,2,0,0,2,0,0,2,2
71,1389.783,-135.061,-148.598,110.984,-0.358169,-0.933361,-0.023482,0.933652,-0.357978,-0.012052,0.002843,-0.026241,0.999652,0,0.87406,-0.68409,52.444,-1.368,-1,400.000,-1,400.000,-1,325.000,325.000,300.000,300.000,-1,575.000,475.000,-1,875.000,800.000,-1,-1,2,0,2,0,2,0,0,0,0,2,0,0,2,0,0,2,2
72,1372.177,-85.661,-148.645,109.615,-0.335814,-0.941659,-0.022537,0.941917,-0.335596,-0.012976,0.004655,-0.025585,0.999662,0,0.87406,-0.68409,52.444,-1.368,-1,400.000,-1,400.000,-1,325.000,325.000,300.000,300.000,-1,575.000,500.000,-1,925.000,825.000,-1,-1,2,0,2,0,2,0,0,0,0,2,0,0,2,0,0,2,2
73,1355.757,-35.854,-148.566,108.247,-0.313253,-0.949416,-0.021956,0.949651,-0.313020,-0.013429,0.005877,-0.025057,0.999669,0,0.87406,-0.68409,52.444,-1.368,-1,425.000,-1,400.000,-1,325.000,325.000,300.000,300.000,-1,625.000,525.000,-1,950.000,850.000,-1,-1,2,0,2,0,2,0,0,0,0,2,0,0,2,0,0,2,2
74,1340.530,14.331,-148.482,106.879,-0.290504,-0.956639,-0.021212,0.956850,-0.290268,-0.013519,0.006775,-0.024224,0.999684,0,0.87406,-0.68409,52.444,-1.368,-1,425.000,-1,400.000,-1,325.000,325.000,300.000,300.000,-1,675.000,575.000,-1,1000.000,850.000,-1,-1,2,0,2,0,2,0,0,0,0,2,0,0,2,0,0,2,2
75,1326.505,64.864,-148.337,105.511,-0.267583,-0.963317,-0.020473,0.963506,-0.267349,-0.013434,0.007467,-0.023320,0.999700,0,0.87406,-0.68409,52.444,-1.368,-1,425.000,-1,400.000,-1,350.000,325.000,300.000,300.000,-1,725.000,625.000,-1,-1,850.000,-1,-1,2,0,2,0,2,0,0,0,0,2,0,0,2,2,0,2,2
76,1313.691,115.719,-148.338,104.143,-0.244490,-0.969418,-0.021296,0.969628,-0.244270,-0.012411,0.006829,-0.023683,0.999696,0,0.87406,-0.68409,52.444,-1.368,-1,425.000,-1,400.000,-1,350.000,325.000,300.000,300.000,-1,825.000,725.000,-1,-1,850.000,-1,-1,2,0,2,0,2,0,0,0,0,2,0,0,2,2,0,2,2
77,1302.094,166.864,-148.434,102.775,-0.221245,-0.974945,-0.023092,0.975203,-0.221047,-0.010843,0.005467,-0.024918,0.999675,0,0.87406,-0.68409,52.444,-1.368,-1,425.000,-1,400.000,-1,350.000,325.000,300.000,300.000,-1,925.000,875.000,-1,-1,850.000,-1,-1,2,0,2,0,2,0,0,0,0,2,0,0,2,2,0,2,2
78,1291.722,218.272,-148.500,101.406,-0.197870,-0.979914,-0.024821,0.980220,-0.197699,-0.009185,0.004093,-0.026147,0.999650,0,0.87406,-0.68409,52.444,-1.368,-1,425.000,-1,400.000,-1,325.000,325.000,300.000,300.000,-1,-1,1000.000,-1,-1,825.000,-1,-1,2,0,2,0,2,0,0,0,0,2,2,0,2,2,0,2,2
79,1282.581,269.913,-148.534,100.038,-0.174378,-0.984323,-0.026472,0.984675,-0.174240,-0.007453,0.002724,-0.027366,0.999622,0,0.87406,-0.68409,52.444,-1.368,-1,425.000,-1,400.000,-1,325.000,325.000,300.000,300.000,-1,-1,-1,-1,-1,825.000,-1,-1,2,0,2,0,2,0,0,0,0,2,2,2,2,2,0,2,2
80,1274.675,321.758,-148.530,98.670,-0.150783,-0.988169,-0.028037,0.988566,-0.150683,-0.005664,0.001373,-0.028570,0.999591,0,0.87406,-0.68409,52.444,-1.368,-1,425.000,-1,400.000,-1,325.000,325.000,300.000,300.000,-1,-1,-1,-1,-1,800.000,-1,-1,2,0,2,0,2,0,0,0,0,2,2,2,2,2,0,2,2
81,1268.009,373.776,-148.485,97.302,-0.127099,-0.991451,-0.029509,0.991890,-0.127041,-0.003836,0.000055,-0.029757,0.999557,0,0.87406,-0.68409,52.444,-1.368,-1,425.000,-1,400.000,-1,325.000,325.000,300.000,300.000,-1,-1,-1,-1,-1,800.000,-1,-1,2,0,2,0,2,0,0,0,0,2,2,2,2,2,0,2,2
82,1262.587,425.939,-148.394,95.934,-0.103340,-0.994167,-0.030883,0.994645,-0.103328,-0.001986,-0.001216,-0.030923,0.999521,0,0.87406,-0.68409,52.444,-1.368,-1,425.000,-1,400.000,-1,325.000,325.000,300.000,300.000,-1,-1,-1,-1,1000.000,800.000,-1,-1,2,0,2,0,2,0,0,0,0,2,2,2,2,0,0,2,2
83,1258.411,478.216,-148.252,94.566,-0.079521,-0.996314,-0.032155,0.996830,-0.079558,-0.000133,-0.002425,-0.032064,0.999483,0,0.87406,-0.68409,52.444,-1.368,-1,425.000,-1,400.000,-1,325.000,325.000,300.000,300.000,-1,-1,-1,-1,1000.000,775.000,-1,-1,2,0,2,0,2,0,0,0,0,2,2,2,2,0,0,2,2
84,1255.486,530.579,-148.056,93.197,-0.055657,-0.997894,-0.033323,0.998444,-0.055745,0.001705,-0.003559,-0.033176,0.999443,0,0.87406,-0.68409,52.444,-1.368,-1,425.000,-1,400.000,-1,325.000,325.000,300.000,300.000,-1,-1,-1,-1,975.000,775.000,-1,-1,2,0,2,0,2,0,0,0,0,2,2,2,2,0,0,2,2
85,1253.811,582.996,-147.802,91.829,-0.031762,-0.998904,-0.034386,0.999485,-0.031901,0.003508,-0.004601,-0.034257,0.999402,0,0.87406,-0.68409,52.444,-1.368,-1,425.000,-1,400.000,-1,325.000,325.000,300.000,300.000,-1,-1,-1,-1,975.000,750.000,-1,-1,2,0,2,0,2,0,0,0,0,2,2,2,2,0,0,2,2
86,1253.389,635.438,-147.485,90.461,-0.007850,-0.999344,-0.035344,0.999954,-0.008041,0.005259,-0.005540,-0.035301,0.999361,0,0.87406,-0.68409,52.444,-1.368,-1,425.000,-1,400.000,-1,350.000,325.000,325.000,300.000,-1,-1,-1,-1,950.000,750.000,-1,-1,2,0,2,0,2,0,0,0,0,2,2,2,2,0,0,2,2
87,1254.018,689.574,-147.875,89.333,0.011875,-0.999222,-0.037606,0.999911,0.011636,0.006573,-0.006130,-0.037681,0.999271,0,0.90232,-0.56409,54.139,-1.128,-1,425.000,-1,400.000,-1,325.000,325.000,325.000,300.000,-1,-1,-1,-1,950.000,750.000,-1,-1,2,0,2,0,2,0,0,0,0,2,2,2,2,0,0,2,2
88,1255.486,743.693,-148.607,88.445,0.027428,-0.998812,-0.040280,0.999599,0.027120,0.008163,-0.007061,-0.040488,0.999155,0,0.90232,-0.44409,54.139,-0.888,-1,425.000,-1,400.000,-1,325.000,325.000,300.000,300.000,-1,-1,-1,-1,925.000,750.000,-1,-1,2,0,2,0,2,0,0,0,0,2,2,2,2,0,0,2,2
89,1257.566,797.793,-149.306,87.796,0.038797,-0.998328,-0.042853,0.999214,0.038413,0.009736,-0.008074,-0.043197,0.999034,0,0.90232,-0.32409,54.139,-0.648,-1,425.000,-1,375.000,-1,325.000,325.000,300.000,300.000,-1,-1,-1,-1,900.000,750.000,-1,-1,2,0,2,0,2,0,0,0,0,2,2,2,2,0,0,2,2
90,1260.031,851.876,-149.980,87.388,0.045987,-0.997912,-0.045350,0.998900,0.045519,0.011299,-0.009211,-0.045819,0.998907,0,0.90232,-0.20409,54.139,-0.408,-1,425.000,-1,375.000,-1,325.000,325.000,300.000,300.000,-1,-1,-1,-1,900.000,750.000,-1,-1,2,0,2,0,2,0,0,0,0,2,2,2,2,0,0,2,2
91,1262.655,905.952,-150.637,87.220,0.049005,-0.997654,-0.047795,0.998743,0.048442,0.012857,-0.010512,-0.048365,0.998774,0,0.90232,-0.08409,54.139,-0.168,-1,425.000,-1,375.000,-1,325.000,325.000,300.000,300.000,-1,-1,-1,-1,875.000,750.000,-1,-1,2,0,2,0,2,0,0,0,0,2,2,2,2,0,0,2,2
92,1265.212,960.031,-151.290,87.292,0.047855,-0.997591,-0.050215,0.998782,0.047186,0.014421,-0.012017,-0.050844,0.998634,0,0.90232,0.03591,54.139,0.072,-1,425.000,-1,375.000,-1,325.000,325.000,300.000,300.000,-1,-1,-1,-1,875.000,750.000,-1,-1,2,0,2,0,2,0,0,0,0,2,2,2,2,0,0,2,2
93,1267.473,1014.123,-151.953,87.604,0.042539,-0.997707,-0.052637,0.999000,0.041751,0.015998,-0.013764,-0.053264,0.998486,0,0.90232,0.15591,54.139,0.312,-1,425.000,-1,375.000,-1,325.000,325.000,300.000,300.000,-1,-1,-1,-1,850.000,750.000,-1,-1,2,0,2,0,2,0,0,0,0,2,2,2,2,0,0,2,2
94,1269.214,1068.234,-152.649,88.156,0.033060,-0.997932,-0.055118,0.999329,0.032135,0.017573,-0.015766,-0.055662,0.998325,0,0.90232,0.27591,54.139,0.552,-1,425.000,-1,375.000,-1,325.000,325.000,300.000,300.000,-1,-1,-1,-1,850.000,775.000,-1,-1,2,0,2,0,2,0,0,0,0,2,2,2,2,0,0,2,2
95,1270.301,1122.362,-153.380,88.847,0.021158,-0.998113,-0.057640,0.999614,0.020082,0.019178,-0.017984,-0.058024,0.998153,0,0.90232,0.34588,54.139,0.692,-1,425.000,-1,375.000,-1,325.000,325.000,300.000,300.000,-1,-1,-1,-1,850.000,775.000,-1,-1,2,0,2,0,2,0,0,0,0,2,2,2,2,0,0,2,2
96,1270.734,1176.499,-154.145,89.539,0.009270,-0.998143,-0.060201,0.999751,0.008029,0.020812,-0.020290,-0.060379,0.997969,0,0.90232,0.34588,54.139,0.692,-1,400.000,-1,400.000,-1,325.000,325.000,300.000,300.000,-1,-1,-1,-1,825.000,775.000,-1,-1,2,0,2,0,2,0,0,0,0,2,2,2,2,0,0,2,2
97,1270.513,1230.638,-154.949,90.231,-0.002603,-0.998023,-0.062800,0.999739,-0.004022,0.022477,-0.022685,-0.062725,0.997773,0,0.90232,0.34588,54.139,0.692,-1,400.000,-1,400.000,-1,325.000,325.000,300.000,300.000,-1,-1,-1,-1,825.000,775.000,-1,-1,2,0,2,0,2,0,0,0,0,2,2,2,2,0,0,2,2
98,1269.923,1279.974,-155.702,90.683,-0.010302,-0.997821,-0.065174,0.999641,-0.011889,0.024013,-0.024736,-0.064904,0.997585,0,0.82232,0.22588,49.339,0.452,-1,400.000,-1,400.000,-1,325.000,325.000,300.000,300.000,-1,-1,-1,-1,800.000,775.000,-1,-1,2,0,2,0,2,0,0,0,0,2,2,2,2,0,0,2,2
99,1269.114,1324.505,-156.679,91.039,-0.016386,-0.997631,-0.066820,0.999523,-0.018093,0.025016,-0.026166,-0.066378,0.997451,0,0.74232,0.17817,44.539,0.356,-1,400.000,-1,400.000,-1,325.000,325.000,300.000,300.000,-1,-1,-1,-1,800.000,775.000,-1,-1,2,0,2,0,2,0,0,0,0,2,2,2,2,0,0,2,2
100,1268.146,1364.233,-157.875,91.395,-0.022526,-0.997467,-0.067474,0.999379,-0.024296,0.025527,-0.027102,-0.066857,0.997394,0,0.66232,0.17817,39.739,0.356,-1,400.000,-1,400.000,-1,325.000,325.000,300.000,300.000,-1,-1,-1,-1,800.000,775.000,-1,-1,2,0,2,0,2,0,0,0,0,2,2,2,2,0,0,2,2
101,1267.077,1399.156,-158.941,91.752,-0.028669,-0.997270,-0.068055,0.999197,-0.030498,0.025984,-0.027988,-0.067255,0.997343,0,0.58232,0.17817,34.939,0.356,-1,400.000,-1,400.000,-1,325.000,325.000,300.000,300.000,-1,-1,-1,-1,800.000,775.000,-1,-1,2,0,2,0,2,0,0,0,0,2,2,2,2,0,0,2,2
102,1265.968,1429.274,-159.872,92.108,-0.034817,-0.997039,-0.068560,0.998978,-0.036699,0.026384,-0.028822,-0.067571,0.997298,0,0.50232,0.17817,30.139,0.356,-1,400.000,-1,400.000,-1,325.000,325.000,300.000,300.000,-1,-1,-1,-1,775.000,750.000,-1,-1,2,0,2,0,2,0,0,0,0,2,2,2,2,0,0,2,2
103,1264.879,1454.590,-160.661,92.464,-0.040971,-0.996778,-0.068963,0.998722,-0.042898,0.026708,-0.029580,-0.067781,0.997262,0,0.42232,0.17817,25.339,0.356,-1,400.000,-1,400.000,-1,325.000,325.000,300.000,300.000,-1,-1,-1,-1,775.000,750.000,-1,-1,2,0,2,0,2,0,0,0,0,2,2,2,2,0,0,2,2
104,1263.867,1475.104,-161.308,92.824,-0.047178,-0.996481,-0.069288,0.998427,-0.049146,0.026974,-0.030284,-0.067906,0.997232,0,0.34232,0.17960,20.539,0.359,-1,400.000,-1,400.000,-1,325.000,325.000,300.000,300.000,-1,-1,-1,-1,775.000,750.000,-1,-1,2,0,2,0,2,0,0,0,0,2,2,2,2,0,0,2,2
105,1262.992,1490.819,-161.811,93.186,-0.053443,-0.996147,-0.069536,0.998092,-0.055445,0.027185,-0.030936,-0.067950,0.997209,0,0.26232,0.18111,15.739,0.362,-1,400.000,-1,400.000,-1,325.000,325.000,300.000,300.000,-1,-1,-1,-1,775.000,750.000,-1,-1,2,0,2,0,2,0,0,0,0,2,2,2,2,0,0,2,2
106,1262.314,1501.737,-162.167,93.550,-0.059751,-0.995777,-0.069706,0.997715,-0.061781,0.027341,-0.031532,-0.067914,0.997193,0,0.18232,0.18226,10.939,0.365,-1,400.000,-1,400.000,-1,325.000,325.000,300.000,300.000,-1,-1,-1,-1,775.000,750.000,-1,-1,2,0,2,0,2,0,0,0,0,2,2,2,2,0,0,2,2
107,1261.895,1507.862,-162.373,93.916,-0.066090,-0.995369,-0.069799,0.997298,-0.068143,0.027441,-0.032071,-0.067797,0.997184,0,0.10232,0.18305,6.139,0.366,-1,400.000,-1,400.000,-1,325.000,325.000,300.000,300.000,-1,-1,-1,-1,775.000,750.000,-1,-1,2,0,2,0,2,0,0,0,0,2,2,2,2,0,0,2,2
108,1261.795,1509.197,-162.424,94.283,-0.072449,-0.994926,-0.069813,0.996841,-0.074517,0.027486,-0.032549,-0.067601,0.997181,0,0.02232,0.18347,1.339,0.367,-1,400.000,-1,400.000,-1,325.000,325.000,300.000,300.000,-1,-1,-1,-1,775.000,750.000,-1,-1,2,0,2,0,2,0,0,0,0,2,2,2,2,0,0,2,2
109,1262.076,1505.748,-162.318,94.650,-0.078813,-0.994446,-0.069748,0.996344,-0.080890,0.027473,-0.032962,-0.067327,0.997186,0,-0.05768,0.18352,-3.461,0.367,-1,400.000,-1,400.000,-1,325.000,325.000,300.000,300.000,-1,-1,-1,-1,775.000,750.000,-1,-1,2,0,2,0,2,0,0,0,0,2,2,2,2,0,0,2,2
110,1262.799,1497.518,-162.051,95.017,-0.085171,-0.993932,-0.069602,0.995809,-0.087251,0.027400,-0.033306,-0.066977,0.997198,0,-0.13768,0.18322,-8.261,0.366,-1,400.000,-1,400.000,-1,325.000,325.000,300.000,300.000,-1,-1,-1,-1,775.000,750.000,-1,-1,2,0,2,0,2,0,0,0,0,2,2,2,2,0,0,2,2
111,1264.027,1484.515,-161.622,95.396,-0.091758,-0.993362,-0.069376,0.995215,-0.093833,0.027264,-0.033593,-0.066542,0.997218,0,-0.21768,0.18970,-13.061,0.379,-1,400.000,-1,400.000,-1,325.000,325.000,300.000,300.000,-1,-1,-1,-1,775.000,750.000,-1,-1,2,0,2,0,2,0,0,0,0,2,2,2,2,0,0,2,2
112,1265.823,1466.745,-161.026,95.770,-0.098258,-0.992761,-0.069068,0.994587,-0.100321,0.027060,-0.033793,-0.066036,0.997245,0,-0.29768,0.18707,-17.861,0.374,-1,400.000,-1,400.000,-1,325.000,325.000,300.000,300.000,-1,-1,-1,-1,775.000,750.000,-1,-1,2,0,2,0,2,0,0,0,0,2,2,2,2,0,0,2,2
113,1268.247,1444.214,-160.263,96.137,-0.104641,-0.992136,-0.068679,0.993932,-0.106685,0.026780,-0.033896,-0.065460,0.997279,0,-0.37768,0.18357,-22.661,0.367,-1,400.000,-1,400.000,-1,325.000,325.000,300.000,300.000,-1,-1,-1,-1,775.000,750.000,-1,-1,2,0,2,0,2,0,0,0,0,2,2,2,2,0,0,2,2
114,1271.354,1416.929,-159.331,96.496,-0.110881,-0.991490,-0.068207,0.993256,-0.112895,0.026414,-0.033890,-0.064818,0.997321,0,-0.45768,0.17926,-27.461,0.359,-1,400.000,-1,400.000,-1,325.000,325.000,300.000,300.000,-1,-1,-1,-1,775.000,750.000,-1,-1,2,0,2,0,2,0,0,0,0,2,2,2,2,0,0,2,2
115,1275.204,1384.899,-158.230,96.852,-0.117088,-0.990815,-0.067650,0.992547,-0.119065,0.025953,-0.033770,-0.064107,0.997371,0,-0.53768,0.17817,-32.261,0.356,-1,400.000,-1,400.000,-1,325.000,325.000,300.000,300.000,-1,-1,-1,-1,800.000,775.000,-1,-1,2,0,2,0,2,0,0,0,0,2,2,2,2,0,0,2,2
116,1279.336,1352.233,-157.101,97.209,-0.123294,-0.990100,-0.067080,0.991801,-0.125230,0.025451,-0.033599,-0.063392,0.997423,0,-0.54877,0.17817,-32.926,0.356,-1,400.000,-1,400.000,-1,325.000,325.000,300.000,300.000,-1,-1,-1,-1,800.000,775.000,-1,-1,2,0,2,0,2,0,0,0,0,2,2,2,2,0,0,2,2
117,1283.671,1319.593,-155.969,97.565,-0.129535,-0.989347,-0.066426,0.991031,-0.131392,0.024373,-0.032841,-0.062673,0.997494,0,-0.54877,0.17817,-32.926,0.356,-1,400.000,-1,400.000,-1,325.000,325.000,300.000,300.000,-1,-1,-1,-1,800.000,775.000,-1,-1,2,0,2,0,2,0,0,0,0,2,2,2,2,0,0,2,2
118,1288.210,1286.981,-154.916,97.921,-0.135779,-0.988535,-0.066051,0.990230,-0.137545,0.022945,-0.031767,-0.062290,0.997552,0,-0.54877,0.17817,-32.926,0.356,-1,400.000,-1,400.000,-1,325.000,325.000,300.000,300.000,-1,-1,-1,-1,800.000,775.000,-1,-1,2,0,2,0,2,0,0,0,0,2,2,2,2,0,0,2,2
119,1292.951,1254.398,-154.077,98.278,-0.142024,-0.987732,-0.064919,0.989378,-0.143701,0.021919,-0.030979,-0.061117,0.997650,0,-0.54877,0.17817,-32.926,0.356,-1,400.000,-1,400.000,-1,325.000,325.000,300.000,300.000,-1,-1,-1,-1,825.000,800.000,-1,-1,2,0,2,0,2,0,0,0,0,2,2,2,2,0,0,2,2
120,1297.896,1221.845,-153.354,98.634,-0.148290,-0.986914,-0.063324,0.988491,-0.149855,0.020703,-0.029922,-0.059525,0.997778,0,-0.54877,0.17817,-32.926,0.356,-1,425.000,-1,400.000,-1,325.000,325.000,300.000,300.000,-1,-1,-1,-1,825.000,800.000,-1,-1,2,0,2,0,2,0,0,0,0,2,2,2,2,0,0,2,2
121,1303.042,1189.323,-152.630,98.990,-0.154550,-0.986056,-0.061701,0.987564,-0.156005,0.019471,-0.028826,-0.057925,0.997905,0,-0.54877,0.17817,-32.926,0.356,-1,425.000,-1,400.000,-1,325.000,325.000,300.000,300.000,-1,-1,-1,-1,825.000,800.000,-1,-1,2,0,2,0,2,0,0,0,0,2,2,2,2,0,0,2,2
122,1307.495,1161.551,-152.014,99.107,-0.156661,-0.985811,-0.060281,0.987264,-0.158019,0.018418,-0.027682,-0.056628,0.998012,0,-0.46877,0.05817,-28.126,0.116,-1,425.000,-1,400.000,-1,325.000,325.000,300.000,300.000,-1,-1,-1,-1,850.000,800.000,-1,-1,2,0,2,0,2,0,0,0,0,2,2,2,2,0,0,2,2
123,1311.203,1138.522,-151.509,99.144,-0.157386,-0.985767,-0.059096,0.987177,-0.158663,0.017547,-0.026674,-0.055577,0.998098,0,-0.38877,0.01845,-23.326,0.037,-1,425.000,-1,400.000,-1,325.000,325.000,300.000,300.000,-1,-1,-1,-1,850.000,800.000,-1,-1,2,0,2,0,2,0,0,0,0,2,2,2,2,0,0,2,2
124,1314.159,1120.233,-151.114,99.180,-0.158090,-0.985711,-0.058155,0.987086,-0.159305,0.016855,-0.025878,-0.054740,0.998165,0,-0.30877,0.01845,-18.526,0.037,-1,425.000,-1,400.000,-1,325.000,325.000,300.000,300.000,-1,-1,-1,-1,850.000,800.000,-1,-1,2,0,2,0,2,0,0,0,0,2,2,2,2,0,0,2,2
125,1316.358,1106.684,-150.824,99.217,-0.158775,-0.985641,-0.057458,0.986991,-0.159945,0.016342,-0.025297,-0.054116,0.998214,0,-0.22877,0.01845,-13.726,0.037,-1,425.000,-1,400.000,-1,325.000,325.000,300.000,300.000,-1,-1,-1,-1,850.000,800.000,-1,-1,2,0,2,0,2,0,0,0,0,2,2,2,2,0,0,2,2
126,1317.794,1097.874,-150.637,99.254,-0.159442,-0.985560,-0.057005,0.986893,-0.160583,0.016008,-0.024931,-0.053705,0.998246,0,-0.14877,0.01845,-8.926,0.037,-1,425.000,-1,400.000,-1,325.000,325.000,300.000,300.000,-1,-1,-1,-1,875.000,800.000,-1,-1,2,0,2,0,2,0,0,0,0,2,2,2,2,0,0,2,2
127,1318.461,1093.802,-150.551,99.291,-0.160090,-0.985467,-0.056796,0.986791,-0.161219,0.015853,-0.024779,-0.053508,0.998260,0,-0.06877,0.01845,-4.126,0.037,-1,425.000,-1,400.000,-1,325.000,325.000,300.000,300.000,-1,-1,-1,-1,875.000,800.000,-1,-1,2,0,2,0,2,0,0,0,0,2,2,2,2,0,0,2,2
128,1318.351,1094.467,-150.566,99.328,-0.160722,-0.985362,-0.056832,0.986687,-0.161854,0.015877,-0.024843,-0.053523,0.998258,0,0.01123,0.01845,0.674,0.037,-1,425.000,-1,400.000,-1,325.000,325.000,300.000,300.000,-1,-1,-1,-1,875.000,800.000,-1,-1,2,0,2,0,2,0,0,0,0,2,2,2,2,0,0,2,2
129,1317.460,1099.868,-150.682,99.365,-0.161335,-0.985246,-0.057112,0.986580,-0.162486,0.016081,-0.025124,-0.053752,0.998238,0,0.09123,0.01845,5.474,0.037,-1,425.000,-1,400.000,-1,325.000,325.000,300.000,300.000,-1,-1,-1,-1,850.000,800.000,-1,-1,2,0,2,0,2,0,0,0,0,2,2,2,2,0,0,2,2
130,1315.782,1110.003,-150.901,99.402,-0.161931,-0.985117,-0.057638,0.986469,-0.163116,0.016465,-0.025621,-0.054192,0.998202,0,0.17123,0.01845,10.274,0.037,-1,425.000,-1,400.000,-1,325.000,325.000,300.000,300.000,-1,-1,-1,-1,850.000,800.000,-1,-1,2,0,2,0,2,0,0,0,0,2,2,2,2,0,0,2,2
131,1313.309,1124.873,-151.225,99.439,-0.162508,-0.984977,-0.058409,0.986356,-0.163745,0.017029,-0.026337,-0.054845,0.998147,0,0.25123,0.01845,15.074,0.037,-1,425.000,-1,400.000,-1,325.000,325.000,300.000,300.000,-1,-1,-1,-1,850.000,800.000,-1,-1,2,0,2,0,2,0,0,0,0,2,2,2,2,0,0,2,2
132,1310.037,1144.476,-151.659,99.476,-0.163065,-0.984824,-0.059425,0.986238,-0.164371,0.017773,-0.027271,-0.055709,0.998075,0,0.33123,0.01845,19.874,0.037,-1,425.000,-1,400.000,-1,325.000,325.000,300.000,300.000,-1,-1,-1,-1,850.000,800.000,-1,-1,2,0,2,0,2,0,0,0,0,2,2,2,2,0,0,2,2
133,1305.958,1168.810,-152.206,99.512,-0.163600,-0.984658,-0.060687,0.986117,-0.164995,0.018699,-0.028426,-0.056785,0.997982,0,0.41123,0.01845,24.674,0.037,-1,425.000,-1,400.000,-1,325.000,325.000,300.000,300.000,-1,-1,-1,-1,850.000,800.000,-1,-1,2,0,2,0,2,0,0,0,0,2,2,2,2,0,0,2,2
134,1301.067,1197.875,-152.868,99.549,-0.164115,-0.984480,-0.062175,0.985991,-0.165617,0.019797,-0.029787,-0.058055,0.997869,0,0.49123,0.01845,29.474,0.037,-1,425.000,-1,400.000,-1,325.000,325.000,300.000,300.000,-1,-1,-1,-1,825.000,800.000,-1,-1,2,0,2,0,2,0,0,0,0,2,2,2,2,0,0,2,2
135,1295.358,1231.670,-153.651,99.586,-0.164607,-0.984289,-0.063880,0.985861,-0.166237,0.021061,-0.031350,-0.059510,0.997735,0,0.57123,0.01845,34.274,0.037,-1,425.000,-1,400.000,-1,325.000,325.000,300.000,300.000,-1,-1,-1,-1,825.000,800.000,-1,-1,2,0,2,0,2,0,0,0,0,2,2,2,2,0,0,2,2
136,1288.825,1270.194,-154.622,99.623,-0.165092,-0.984096,-0.065572,0.985728,-0.166856,0.022365,-0.032951,-0.060944,0.997597,0,0.65123,0.01845,39.074,0.037,-1,400.000,-1,400.000,-1,325.000,325.000,300.000,300.000,-1,-1,-1,-1,800.000,800.000,-1,-1,2,0,2,0,2,0,0,0,0,2,2,2,2,0,0,2,2
