timestep,x_cm,y_cm,z_cm,yaw_deg,basis_xx,basis_xy,basis_xz,basis_yx,basis_yy,basis_yz,basis_zx,basis_zy,basis_zz,teleport_flag,throttle_cmd,steering_cmd,cmd_move_cm,cmd_turn_deg,lidar_cm_0,lidar_cm_1,lidar_cm_2,lidar_cm_3,lidar_cm_4,lidar_cm_5,lidar_cm_6,lidar_cm_7,lidar_cm_8,lidar_cm_9,lidar_cm_10,lidar_cm_11,lidar_cm_12,lidar_cm_13,lidar_cm_14,lidar_cm_15,lidar_cm_16,lidar_class_0,lidar_class_1,lidar_class_2,lidar_class_3,lidar_class_4,lidar_class_5,lidar_class_6,lidar_class_7,lidar_class_8,lidar_class_9,lidar_class_10,lidar_class_11,lidar_class_12,lidar_class_13,lidar_class_14,lidar_class_15,lidar_class_16
0,-4924.202,5574.501,112.387,-169.154,-0.982183,0.187900,0.003246,-0.187447,-0.980757,0.054579,0.013439,0.052999,0.998504,1,0.08000,0.12000,4.800,0.240,-1,375.000,-1,375.000,-1,325.000,300.000,300.000,325.000,-1,550.000,550.000,-1,750.000,725.000,-1,-1,2,0,2,0,2,0,0,0,0,2,0,0,2,0,0,2,2
1,-4933.615,5572.616,112.506,-168.674,-0.980575,0.196111,0.003592,-0.195627,-0.979154,0.054654,0.014235,0.052889,0.998499,0,0.16000,0.24000,9.600,0.480,-1,375.000,-1,375.000,-1,325.000,300.000,300.000,325.000,-1,550.000,550.000,-1,750.000,725.000,-1,-1,2,0,2,0,2,0,0,0,0,2,0,0,2,0,0,2,2
2,-4947.698,5569.611,112.693,-167.954,-0.978035,0.208402,0.004106,-0.207871,-0.976622,0.054775,0.015426,0.052718,0.998490,0,0.24000,0.36000,14.400,0.720,-1,375.000,-1,375.000,-1,325.000,325.000,300.000,300.000,-1,550.000,550.000,-1,750.000,725.000,-1,-1,2,0,2,0,2,0,0,0,0,2,0,0,2,0,0,2,2
3,-4966.405,5565.290,112.957,-166.994,-0.974407,0.224738,0.004784,-0.224145,-0.973005,0.054955,0.017005,0.052476,0.998477,0,0.32000,0.48000,19.200,0.960,-1,400.000,-1,375.000,-1,325.000,325.000,300.000,300.000,-1,550.000,550.000,-1,750.000,725.000,-1,-1,2,0,2,0,2,0,0,0,0,2,0,0,2,0,0,2,2
4,-4989.671,5559.400,113.311,-165.794,-0.969489,0.245070,0.005615,-0.244399,-0.968102,0.055207,0.018966,0.052151,0.998459,0,0.40000,0.60000,24.000,1.200,-1,400.000,-1,375.000,-1,325.000,325.000,300.000,300.000,-1,550.000,550.000,-1,775.000,725.000,-1,-1,2,0,2,0,2,0,0,0,0,2,0,0,2,0,0,2,2
5,-5017.404,5551.634,113.770,-164.354,-0.963026,0.269327,0.006588,-0.268565,-0.961659,0.055550,0.021296,0.051727,0.998434,0,0.48000,0.72000,28.800,1.440,-1,400.000,-1,375.000,-1,325.000,325.000,300.000,300.000,-1,550.000,550.000,-1,775.000,725.000,-1,-1,2,0,2,0,2,0,0,0,0,2,0,0,2,0,0,2,2
6,-5049.479,5541.627,114.352,-162.674,-0.954718,0.297413,0.007684,-0.296544,-0.953376,0.055999,0.023980,0.051185,0.998401,0,0.56000,0.84000,33.600,1.680,-1,400.000,-1,375.000,-1,325.000,325.000,300.000,300.000,-1,550.000,550.000,-1,775.000,750.000,-1,-1,2,0,2,0,2,0,0,0,0,2,0,0,2,0,0,2,2
7,-5085.732,5528.970,115.078,-160.754,-0.944219,0.329199,0.008881,-0.328210,-0.942909,0.056573,0.026997,0.050502,0.998359,0,0.64000,0.96000,38.400,1.920,-1,400.000,-1,400.000,-1,325.000,325.000,300.000,300.000,-1,550.000,550.000,-1,800.000,750.000,-1,-1,2,0,2,0,2,0,0,0,0,2,0,0,2,0,0,2,2
8,-5126.016,5513.368,115.969,-158.827,-0.932615,0.360730,0.010156,-0.359615,-0.931343,0.057250,0.030111,0.049740,0.998308,0,0.72000,0.96340,43.200,1.927,-1,400.000,-1,400.000,-1,325.000,325.000,300.000,300.000,-1,500.000,525.000,-1,800.000,750.000,-1,-1,2,0,2,0,2,0,0,0,0,2,0,0,2,0,0,2,2
9,-5170.168,5494.539,117.418,-156.902,-0.919960,0.391857,0.011016,-0.390687,-0.918799,0.056320,0.032191,0.047508,0.998352,0,0.80000,0.96257,48.000,1.925,-1,400.000,-1,400.000,-1,325.000,325.000,300.000,300.000,-1,525.000,550.000,-1,800.000,775.000,-1,-1,2,0,2,0,2,0,0,0,0,2,0,0,2,0,0,2,2
10,-5214.387,5473.900,118.920,-154.979,-0.906278,0.422522,0.011626,-0.421316,-0.905217,0.055448,0.033952,0.045353,0.998394,0,0.81331,0.96190,48.798,1.924,-1,400.000,-1,400.000,-1,325.000,325.000,300.000,300.000,-1,550.000,600.000,-1,825.000,775.000,-1,-1,2,0,2,0,2,0,0,0,0,2,0,0,2,0,0,2,2
11,-5257.906,5451.780,120.446,-153.056,-0.891582,0.452699,0.012077,-0.451465,-0.890611,0.054694,0.035516,0.043312,0.998430,0,0.81365,0.96142,48.819,1.923,-1,400.000,-1,400.000,-1,325.000,325.000,300.000,300.000,-1,600.000,650.000,-1,825.000,800.000,-1,-1,2,0,2,0,2,0,0,0,0,2,0,0,2,0,0,2,2
12,-5300.677,5428.203,122.027,-151.133,-0.875883,0.482361,0.012504,-0.481104,-0.875000,0.053981,0.036980,0.041265,0.998464,0,0.81398,0.96116,48.839,1.922,-1,400.000,-1,400.000,-1,325.000,325.000,300.000,300.000,-1,650.000,700.000,-1,825.000,800.000,-1,-1,2,0,2,0,2,0,0,0,0,2,0,0,2,0,0,2,2
13,-5342.650,5403.195,123.709,-149.211,-0.859203,0.511478,0.012672,-0.510208,-0.858392,0.053393,0.038186,0.039410,0.998493,0,0.81431,0.96111,48.859,1.922,-1,400.000,-1,400.000,-1,325.000,325.000,300.000,300.000,-1,700.000,775.000,-1,825.000,825.000,-1,-1,2,0,2,0,2,0,0,0,0,2,0,0,2,0,0,2,2
14,-5385.016,5376.235,125.624,-147.529,-0.843825,0.536481,0.012127,-0.535222,-0.843045,0.053036,0.038676,0.038262,0.998519,0,0.83695,0.84111,50.217,1.682,-1,400.000,-1,400.000,-1,325.000,325.000,300.000,300.000,-1,800.000,850.000,-1,825.000,825.000,-1,-1,2,0,2,0,2,0,0,0,0,2,0,0,2,0,0,2,2
15,-5426.699,5348.212,127.570,-146.087,-0.830063,0.557550,0.011565,-0.556309,-0.829306,0.052641,0.038941,0.037262,0.998547,0,0.83712,0.72111,50.227,1.442,-1,400.000,-1,400.000,-1,325.000,325.000,300.000,300.000,-1,900.000,975.000,-1,825.000,825.000,-1,-1,2,0,2,0,2,0,0,0,0,2,0,0,2,0,0,2,2
16,-5467.787,5319.319,129.510,-144.884,-0.818187,0.574848,0.010983,-0.573634,-0.817454,0.052079,0.038916,0.036310,0.998583,0,0.83716,0.60111,50.230,1.202,-1,400.000,-1,400.000,-1,325.000,325.000,300.000,300.000,-1,1000.000,-1,-1,825.000,825.000,-1,-1,2,0,2,0,2,0,0,0,0,2,0,2,2,0,0,2,2
17,-5508.893,5289.369,131.389,-143.922,-0.808416,0.588520,0.010369,-0.587359,-0.807720,0.050969,0.038371,0.035114,0.998646,0,0.84766,0.48111,50.860,0.962,-1,400.000,-1,400.000,-1,325.000,325.000,300.000,300.000,-1,-1,-1,-1,825.000,825.000,-1,-1,2,0,2,0,2,0,0,0,0,2,2,2,2,0,0,2,2
18,-5549.762,5258.795,133.282,-143.200,-0.800932,0.598675,0.009764,-0.597570,-0.800266,0.049850,0.037658,0.034091,0.998709,0,0.85067,0.36111,51.040,0.722,-1,400.000,-1,400.000,-1,325.000,325.000,300.000,300.000,-1,-1,-1,-1,800.000,825.000,-1,-1,2,0,2,0,2,0,0,0,0,2,2,2,2,0,0,2,2
19,-5590.500,5227.782,135.181,-142.718,-0.795864,0.605407,0.009163,-0.604357,-0.795222,0.048730,0.036788,0.033244,0.998770,0,0.85333,0.24111,51.200,0.482,-1,400.000,-1,400.000,-1,325.000,325.000,300.000,300.000,-1,-1,-1,-1,800.000,825.000,-1,-1,2,0,2,0,2,0,0,0,0,2,2,2,2,0,0,2,2
20,-5631.113,5196.374,137.082,-142.282,-0.791236,0.611451,0.008563,-0.610458,-0.790617,0.047611,0.035882,0.032444,0.998829,0,0.85569,0.21780,51.341,0.436,-1,400.000,-1,400.000,-1,325.000,325.000,300.000,300.000,-1,-1,-1,-1,800.000,825.000,-1,-1,2,0,2,0,2,0,0,0,0,2,2,2,2,0,0,2,2
21,-5671.589,5164.587,138.957,-141.857,-0.786675,0.617316,0.007965,-0.616372,-0.786074,0.046625,0.035044,0.031770,0.998881,0,0.85777,0.21263,51.466,0.425,-1,400.000,-1,400.000,-1,325.000,325.000,300.000,300.000,-1,-1,-1,-1,800.000,825.000,-1,-1,2,0,2,0,2,0,0,0,0,2,2,2,2,0,0,2,2
22,-5711.920,5132.442,140.768,-141.443,-0.782195,0.622990,0.007367,-0.622084,-0.781601,0.045937,0.034376,0.031349,0.998917,0,0.85956,0.20707,51.574,0.414,-1,400.000,-1,400.000,-1,325.000,325.000,300.000,300.000,-1,-1,-1,-1,800.000,825.000,-1,-1,2,0,2,0,2,0,0,0,0,2,2,2,2,0,0,2,2
23,-5752.094,5099.957,142.567,-141.040,-0.777805,0.628469,0.006762,-0.627599,-0.777217,0.045310,0.033732,0.030998,0.998950,0,0.86108,0.20113,51.665,0.402,-1,400.000,-1,400.000,-1,325.000,325.000,300.000,300.000,-1,-1,-1,-1,800.000,825.000,-1,-1,2,0,2,0,2,0,0,0,0,2,2,2,2,0,0,2,2
24,-5792.103,5067.152,144.355,-140.651,-0.773517,0.633746,0.006152,-0.632911,-0.772932,0.044722,0.033097,0.030700,0.998981,0,0.86231,0.19482,51.739,0.390,-1,400.000,-1,400.000,-1,325.000,325.000,300.000,300.000,-1,-1,-1,-1,775.000,825.000,-1,-1,2,0,2,0,2,0,0,0,0,2,2,2,2,0,0,2,2
25,-5831.939,5034.049,146.101,-140.275,-0.769345,0.638811,0.005387,-0.638012,-0.768756,0.044206,0.032380,0.030572,0.999008,0,0.86325,0.18815,51.795,0.376,-1,400.000,-1,400.000,-1,325.000,325.000,300.000,300.000,-1,-1,-1,-1,775.000,825.000,-1,-1,2,0,2,0,2,0,0,0,0,2,2,2,2,0,0,2,2
26,-5871.596,5000.670,147.694,-139.912,-0.765310,0.643650,0.003959,-0.642903,-0.764691,0.043859,0.031258,0.031021,0.999030,0,0.86392,0.18114,51.835,0.362,-1,400.000,-1,400.000,-1,325.000,325.000,300.000,300.000,-1,-1,-1,-1,775.000,800.000,-1,-1,2,0,2,0,2,0,0,0,0,2,2,2,2,0,0,2,2
27,-5911.068,4967.035,149.280,-139.565,-0.761409,0.648267,0.002547,-0.647570,-0.760761,0.043541,0.030164,0.031503,0.999048,0,0.86431,0.17379,51.859,0.348,-1,400.000,-1,400.000,-1,325.000,325.000,300.000,300.000,-1,-1,-1,-1,750.000,800.000,-1,-1,2,0,2,0,2,0,0,0,0,2,2,2,2,0,0,2,2
28,-5950.349,4933.167,150.859,-139.232,-0.757652,0.652658,0.001167,-0.652009,-0.756977,0.043248,0.029109,0.032006,0.999064,0,0.86443,0.16614,51.866,0.332,-1,400.000,-1,400.000,-1,325.000,325.000,300.000,300.000,-1,-1,-1,-1,750.000,775.000,-1,-1,2,0,2,0,2,0,0,0,0,2,2,2,2,0,0,2,2
29,-5989.437,4899.087,152.411,-138.916,-0.754046,0.656821,0.000082,-0.656213,-0.753353,0.042935,0.028263,0.032321,0.999078,0,0.86430,0.15819,51.858,0.316,-1,400.000,-1,400.000,-1,325.000,325.000,300.000,300.000,-1,-1,-1,-1,750.000,775.000,-1,-1,2,0,2,0,2,0,0,0,0,2,2,2,2,0,0,2,2
30,-6028.329,4864.818,153.883,-138.616,-0.750599,0.660758,-0.000455,-0.660174,-0.749906,0.042563,0.027783,0.032248,0.999094,0,0.86393,0.14999,51.836,0.300,-1,400.000,-1,400.000,-1,325.000,325.000,300.000,300.000,-1,-1,-1,-1,750.000,775.000,-1,-1,2,0,2,0,2,0,0,0,0,2,2,2,2,0,0,2,2
31,-6067.025,4830.382,155.364,-138.333,-0.747326,0.664457,-0.000897,-0.663893,-0.746635,0.042220,0.027384,0.032148,0.999108,0,0.86334,0.14154,51.800,0.283,-1,400.000,-1,400.000,-1,325.000,325.000,300.000,300.000,-1,-1,-1,-1,725.000,775.000,-1,-1,2,0,2,0,2,0,0,0,0,2,2,2,2,0,0,2,2
32,-6105.525,4795.798,156.857,-138.067,-0.744236,0.667916,-0.001274,-0.667369,-0.743547,0.041912,0.027046,0.032043,0.999120,0,0.86254,0.13289,51.753,0.266,-1,400.000,-1,400.000,-1,325.000,325.000,300.000,300.000,-1,-1,-1,-1,725.000,775.000,-1,-1,2,0,2,0,2,0,0,0,0,2,2,2,2,0,0,2,2
33,-6143.832,4761.086,158.362,-137.818,-0.741324,0.671145,-0.001587,-0.670613,-0.740638,0.041640,0.026771,0.031932,0.999131,0,0.86157,0.12459,51.694,0.249,-1,375.000,-1,400.000,-1,325.000,325.000,300.000,300.000,-1,-1,-1,-1,725.000,775.000,-1,-1,2,0,2,0,2,0,0,0,0,2,2,2,2,0,0,2,2
34,-6181.930,4726.271,159.867,-137.578,-0.738509,0.674241,-0.001832,-0.673721,-0.737828,0.041346,0.026525,0.031768,0.999143,0,0.86017,0.11983,51.610,0.240,-1,375.000,-1,400.000,-1,325.000,325.000,300.000,300.000,-1,-1,-1,-1,725.000,750.000,-1,-1,2,0,2,0,2,0,0,0,0,2,2,2,2,0,0,2,2
35,-6219.796,4691.382,161.351,-137.343,-0.735735,0.677267,-0.002003,-0.676761,-0.735064,0.040929,0.026248,0.031468,0.999160,0,0.85813,0.11746,51.488,0.235,-1,375.000,-1,400.000,-1,325.000,325.000,300.000,300.000,-1,-1,-1,-1,700.000,750.000,-1,-1,2,0,2,0,2,0,0,0,0,2,2,2,2,0,0,2,2
36,-6257.421,4656.434,162.897,-137.113,-0.733002,0.680224,-0.002131,-0.679722,-0.732333,0.040828,0.026212,0.031376,0.999164,0,0.85586,0.11537,51.352,0.231,-1,375.000,-1,400.000,-1,325.000,325.000,300.000,325.000,-1,-1,-1,-1,700.000,750.000,-1,-1,2,0,2,0,2,0,0,0,0,2,2,2,2,0,0,2,2
37,-6294.798,4621.440,164.478,-136.886,-0.730301,0.683122,-0.002210,-0.682618,-0.729630,0.040899,0.026326,0.031377,0.999161,0,0.85337,0.11358,51.202,0.227,-1,375.000,-1,400.000,-1,325.000,325.000,300.000,325.000,-1,-1,-1,-1,700.000,750.000,-1,-1,2,0,2,0,2,0,0,0,0,2,2,2,2,0,0,2,2
38,-6331.921,4586.409,165.917,-136.661,-0.727638,0.685958,-0.002297,-0.685430,-0.726938,0.041808,0.027009,0.031996,0.999123,0,0.85070,0.11209,51.042,0.224,-1,375.000,-1,400.000,-1,325.000,325.000,300.000,325.000,-1,-1,-1,-1,700.000,750.000,-1,-1,2,0,2,0,2,0,0,0,0,2,2,2,2,0,0,2,2
39,-6368.786,4551.351,167.369,-136.440,-0.724994,0.688751,-0.002341,-0.688193,-0.724261,0.042841,0.027811,0.032671,0.999079,0,0.84788,0.11089,50.873,0.222,-1,375.000,-1,400.000,-1,325.000,325.000,300.000,325.000,-1,-1,-1,-1,700.000,750.000,-1,-1,2,0,2,0,2,0,0,0,0,2,2,2,2,0,0,2,2
40,-6405.388,4516.275,168.844,-136.220,-0.722362,0.691511,-0.002338,-0.690919,-0.721595,0.043937,0.028695,0.033354,0.999032,0,0.84493,0.10999,50.696,0.220,-1,375.000,-1,400.000,-1,300.000,325.000,300.000,325.000,-1,-1,-1,-1,700.000,750.000,-1,-1,2,0,2,0,2,0,0,0,0,2,2,2,2,0,0,2,2
41,-6441.725,4481.185,170.359,-136.001,-0.719734,0.694247,-0.002283,-0.693618,-0.718934,0.045023,0.029616,0.033989,0.998983,0,0.84191,0.10939,50.515,0.219,-1,375.000,-1,400.000,-1,300.000,325.000,300.000,325.000,-1,-1,-1,-1,700.000,750.000,-1,-1,2,0,2,0,2,0,0,0,0,2,2,2,2,0,0,2,2
42,-6477.797,4446.085,171.913,-135.783,-0.717102,0.696965,-0.002175,-0.696298,-0.716271,0.046094,0.030568,0.034569,0.998935,0,0.83884,0.10908,50.330,0.218,-1,375.000,-1,400.000,-1,300.000,325.000,300.000,325.000,-1,-1,-1,-1,700.000,750.000,-1,-1,2,0,2,0,2,0,0,0,0,2,2,2,2,0,0,2,2
43,-6514.513,4409.782,173.511,-135.324,-0.711526,0.702656,-0.002251,-0.701950,-0.710660,0.047212,0.031574,0.035173,0.998882,0,0.86055,0.22908,51.633,0.458,-1,375.000,-1,400.000,-1,300.000,325.000,300.000,325.000,-1,-1,-1,-1,700.000,750.000,-1,-1,2,0,2,0,2,0,0,0,0,2,2,2,2,0,0,2,2
44,-6550.636,4373.183,175.153,-134.626,-0.702934,0.711252,-0.002337,-0.710503,-0.702034,0.048309,0.032719,0.035619,0.998830,0,0.85706,0.34908,51.424,0.698,-1,375.000,-1,400.000,-1,300.000,325.000,300.000,325.000,-1,-1,-1,-1,725.000,750.000,-1,-1,2,0,2,0,2,0,0,0,0,2,2,2,2,0,0,2,2
45,-6586.001,4336.161,176.854,-133.688,-0.691215,0.722645,-0.002396,-0.721848,-0.690289,0.049369,0.034022,0.035855,0.998778,0,0.85331,0.46908,51.199,0.938,-1,375.000,-1,400.000,-1,300.000,325.000,325.000,300.000,-1,-1,-1,-1,725.000,750.000,-1,-1,2,0,2,0,2,0,0,0,0,2,2,2,2,0,0,2,2
46,-6620.437,4298.594,178.684,-132.510,-0.676225,0.736692,-0.002123,-0.735831,-0.675290,0.050361,0.035667,0.035618,0.998729,0,0.84937,0.58908,50.962,1.178,-1,375.000,-1,400.000,-1,300.000,325.000,325.000,325.000,-1,-1,-1,-1,725.000,750.000,-1,-1,2,0,2,0,2,0,0,0,0,2,2,2,2,0,0,2,2
47,-6653.773,4260.369,180.584,-131.092,-0.657796,0.753195,-0.001710,-0.752261,-0.656864,0.051305,0.037519,0.035035,0.998682,0,0.84532,0.70908,50.719,1.418,-1,375.000,-1,400.000,-1,300.000,325.000,325.000,325.000,-1,-1,-1,-1,725.000,750.000,-1,-1,2,0,2,0,2,0,0,0,0,2,2,2,2,0,0,2,2
48,-6685.834,4221.384,182.527,-129.434,-0.635727,0.771913,-0.001115,-0.770898,-0.634816,0.052203,0.039588,0.034047,0.998636,0,0.84127,0.82908,50.476,1.658,-1,375.000,-1,400.000,-1,325.000,325.000,325.000,325.000,-1,-1,-1,-1,725.000,750.000,-1,-1,2,0,2,0,2,0,0,0,0,2,2,2,2,0,0,2,2
49,-6716.507,4181.594,184.554,-127.627,-0.611069,0.791577,-0.000542,-0.790480,-0.610185,0.053067,0.041676,0.032856,0.998591,0,0.83733,0.90346,50.240,1.807,-1,375.000,-1,400.000,-1,325.000,325.000,325.000,325.000,-1,-1,-1,-1,750.000,750.000,-1,-1,2,0,2,0,2,0,0,0,0,2,2,2,2,0,0,2,2
50,-6745.778,4141.029,186.695,-125.814,-0.585721,0.810513,-0.000168,-0.809341,-0.584862,0.053889,0.043580,0.031700,0.998547,0,0.83372,0.90635,50.023,1.813,-1,375.000,-1,400.000,-1,325.000,325.000,325.000,325.000,-1,-1,775.000,-1,750.000,775.000,-1,-1,2,0,2,0,2,0,0,0,0,2,2,0,2,0,0,2,2
51,-6773.647,4099.706,188.926,-123.995,-0.559687,0.828704,0.000127,-0.827461,-0.558856,0.054660,0.045368,0.030488,0.998505,0,0.83071,0.90968,49.843,1.819,-1,375.000,-1,400.000,-1,325.000,325.000,325.000,325.000,-1,825.000,700.000,-1,750.000,775.000,-1,-1,2,0,2,0,2,0,0,0,0,2,0,0,2,0,0,2,2
52,-6800.107,4057.635,191.233,-122.168,-0.532973,0.846132,0.000402,-0.844822,-0.532174,0.055378,0.047071,0.029175,0.998465,0,0.82833,0.91343,49.700,1.827,-1,375.000,-1,400.000,-1,325.000,325.000,325.000,325.000,-1,750.000,725.000,-1,750.000,775.000,-1,-1,2,0,2,0,2,0,0,0,0,2,0,0,2,0,0,2,2
53,-6825.155,4014.828,193.615,-120.333,-0.505588,0.862775,0.000661,-0.861400,-0.504825,0.056043,0.048686,0.027765,0.998428,0,0.82662,0.91756,49.597,1.835,-1,400.000,-1,400.000,-1,325.000,325.000,325.000,325.000,-1,700.000,725.000,-1,775.000,800.000,-1,-1,2,0,2,0,2,0,0,0,0,2,0,0,2,0,0,2,2
54,-6848.783,3971.291,196.028,-118.489,-0.477546,0.878606,0.000839,-0.877165,-0.476817,0.056818,0.050321,0.026397,0.998384,0,0.82558,0.92208,49.535,1.844,-1,400.000,-1,400.000,-1,325.000,325.000,325.000,325.000,-1,725.000,750.000,-1,775.000,800.000,-1,-1,2,0,2,0,2,0,0,0,0,2,0,0,2,0,0,2,2
55,-6870.980,3927.032,198.485,-116.635,-0.448855,0.893604,0.000967,-0.892096,-0.448160,0.057600,0.051905,0.024991,0.998339,0,0.82523,0.92695,49.514,1.854,-1,400.000,-1,400.000,-1,325.000,325.000,325.000,325.000,-1,725.000,775.000,-1,775.000,825.000,-1,-1,2,0,2,0,2,0,0,0,0,2,0,0,2,0,0,2,2
56,-6891.734,3882.056,201.003,-114.770,-0.419523,0.907744,0.001082,-0.906174,-0.418866,0.058309,0.053383,0.023481,0.998298,0,0.82556,0.93215,49.534,1.864,-1,400.000,-1,400.000,-1,325.000,325.000,325.000,300.000,-1,750.000,775.000,-1,800.000,825.000,-1,-1,2,0,2,0,2,0,0,0,0,2,0,0,2,0,0,2,2
57,-6909.529,3840.432,203.408,-113.146,-0.393589,0.919286,0.001302,-0.917673,-0.392982,0.058667,0.054444,0.021896,0.998277,0,0.75447,0.81215,45.268,1.624,-1,400.000,-1,400.000,-1,325.000,325.000,325.000,300.000,-1,775.000,800.000,-1,800.000,825.000,-1,-1,2,0,2,0,2,0,0,0,0,2,0,0,2,0,0,2,2
58,-6926.346,3798.305,205.811,-111.762,-0.371242,0.928535,0.001267,-0.926901,-0.370668,0.058816,0.055083,0.020660,0.998268,0,0.75599,0.69215,45.359,1.384,-1,400.000,-1,400.000,-1,325.000,325.000,325.000,300.000,-1,800.000,850.000,-1,800.000,850.000,-1,-1,2,0,2,0,2,0,0,0,0,2,0,0,2,0,0,2,2
59,-6942.363,3755.732,208.153,-110.617,-0.352622,0.935765,0.000787,-0.934132,-0.352056,0.058774,0.055276,0.019990,0.998271,0,0.75812,0.57215,45.487,1.144,-1,400.000,-1,400.000,-1,325.000,325.000,325.000,300.000,-1,850.000,925.000,-1,800.000,850.000,-1,-1,2,0,2,0,2,0,0,0,0,2,0,0,2,0,0,2,2
60,-6957.760,3712.761,210.528,-109.713,-0.337811,0.941214,0.000307,-0.939586,-0.337246,0.058676,0.055330,0.019533,0.998277,0,0.76077,0.45215,45.646,0.904,-1,400.000,-1,400.000,-1,325.000,325.000,325.000,300.000,-1,925.000,975.000,-1,800.000,850.000,-1,-1,2,0,2,0,2,0,0,0,0,2,0,0,2,0,0,2,2
61,-6972.718,3669.439,212.932,-109.049,-0.326883,0.945065,-0.000176,-0.943448,-0.326313,0.058530,0.055257,0.019298,0.998286,0,0.76386,0.33215,45.832,0.664,-1,400.000,-1,400.000,-1,325.000,325.000,325.000,300.000,-1,975.000,-1,-1,825.000,875.000,-1,-1,2,0,2,0,2,0,0,0,0,2,0,2,2,0,0,2,2
62,-6987.422,3625.811,215.360,-108.625,-0.319887,0.947455,-0.000667,-0.945854,-0.319305,0.058346,0.055067,0.019295,0.998296,0,0.76732,0.21215,46.039,0.424,-1,400.000,-1,400.000,-1,325.000,325.000,325.000,300.000,-1,-1,-1,-1,825.000,875.000,-1,-1,2,0,2,0,2,0,0,0,0,2,2,2,2,0,0,2,2
63,-7002.056,3581.922,217.809,-108.440,-0.316855,0.948473,-0.001173,-0.946892,-0.316254,0.058132,0.054765,0.019530,0.998308,0,0.77108,0.09215,46.265,0.184,-1,400.000,-1,400.000,-1,325.000,325.000,325.000,300.000,-1,-1,-1,-1,825.000,900.000,-1,-1,2,0,2,0,2,0,0,0,0,2,2,2,2,0,0,2,2
64,-7016.757,3537.802,220.276,-108.429,-0.316698,0.948525,-0.001705,-0.946967,-0.316074,0.057888,0.054370,0.019947,0.998322,0,0.77507,0.00537,46.504,0.011,-1,400.000,-1,400.000,-1,325.000,325.000,325.000,300.000,-1,-1,-1,-1,825.000,900.000,-1,-1,2,0,2,0,2,0,0,0,0,2,2,2,2,0,0,2,2
65,-7031.520,3493.440,222.757,-108.406,-0.316334,0.948645,-0.002278,-0.947114,-0.315685,0.057599,0.053922,0.020378,0.998337,0,0.77924,0.01165,46.754,0.023,-1,400.000,-1,400.000,-1,325.000,325.000,325.000,300.000,-1,-1,-1,-1,825.000,900.000,-1,-1,2,0,2,0,2,0,0,0,0,2,2,2,2,0,0,2,2
66,-7046.336,3448.824,225.231,-108.370,-0.315755,0.948837,-0.002829,-0.947340,-0.315086,0.057166,0.053350,0.020731,0.998361,0,0.78353,0.01802,47.012,0.036,-1,400.000,-1,400.000,-1,325.000,325.000,325.000,300.000,-1,-1,-1,-1,850.000,925.000,-1,-1,2,0,2,0,2,0,0,0,0,2,2,2,2,0,0,2,2
67,-7061.197,3403.943,227.680,-108.321,-0.314953,0.949102,-0.003305,-0.947649,-0.314274,0.056506,0.052591,0.020929,0.998397,0,0.78796,0.02448,47.277,0.049,-1,400.000,-1,425.000,-1,325.000,325.000,325.000,300.000,-1,-1,-1,-1,850.000,925.000,-1,-1,2,0,2,0,2,0,0,0,0,2,2,2,2,0,0,2,2
68,-7077.732,3354.560,230.379,-108.512,-0.318131,0.948039,-0.003893,-0.946643,-0.317434,0.055694,0.051564,0.021403,0.998440,0,0.86796,-0.09552,52.077,-0.191,-1,400.000,-1,425.000,-1,325.000,325.000,300.000,300.000,-1,-1,-1,-1,875.000,925.000,-1,-1,2,0,2,0,2,0,0,0,0,2,2,2,2,0,0,2,2
69,-7096.196,3300.763,233.121,-108.943,-0.325234,0.945625,-0.004034,-0.944327,-0.324558,0.053934,0.049692,0.021350,0.998536,0,0.94796,-0.21552,56.877,-0.431,-1,400.000,-1,425.000,-1,325.000,325.000,300.000,300.000,-1,-1,-1,-1,875.000,925.000,-1,-1,2,0,2,0,2,0,0,0,0,2,2,2,2,0,0,2,2
70,-7115.793,3245.774,235.859,-109.614,-0.336260,0.941760,-0.004086,-0.940571,-0.335611,0.051886,0.047493,0.021290,0.998645,0,0.97295,-0.33552,58.377,-0.671,-1,400.000,-1,425.000,-1,325.000,325.000,300.000,300.000,-1,-1,-1,-1,875.000,950.000,-1,-1,2,0,2,0,2,0,0,0,0,2,2,2,2,0,0,2,2
71,-7136.261,3191.103,238.449,-110.525,-0.351185,0.936296,-0.004420,-0.935205,-0.350539,0.050147,0.045403,0.021745,0.998732,0,0.97295,-0.45552,58.377,-0.911,-1,400.000,-1,425.000,-1,325.000,325.000,300.000,300.000,-1,-1,-1,-1,875.000,950.000,-1,-1,2,0,2,0,2,0,0,0,0,2,2,2,2,0,0,2,2
72,-7157.823,3136.854,240.793,-111.676,-0.369943,0.929038,-0.005514,-0.928059,-0.369266,0.048467,0.042992,0.023047,0.998810,0,0.97295,-0.57552,58.377,-1.151,-1,400.000,-1,425.000,-1,325.000,325.000,300.000,300.000,-1,-1,-1,-1,875.000,950.000,-1,-1,2,0,2,0,2,0,0,0,0,2,2,2,2,0,0,2,2
73,-7180.635,3083.118,242.986,-113.003,-0.391384,0.920200,-0.007090,-0.919351,-0.390663,0.046656,0.040163,0.024778,0.998886,0,0.97295,-0.66342,58.377,-1.327,-1,400.000,-1,425.000,-1,325.000,325.000,300.000,300.000,-1,-1,-1,-1,875.000,950.000,-1,-1,2,0,2,0,2,0,0,0,0,2,2,2,2,0,0,2,2
74,-7204.686,3029.926,245.015,-114.330,-0.412616,0.910858,-0.009231,-0.910155,-0.411844,0.044746,0.036955,0.026864,0.998956,0,0.97295,-0.66342,58.377,-1.327,-1,400.000,-1,425.000,-1,325.000,325.000,300.000,300.000,-1,-1,-1,-1,875.000,925.000,-1,-1,2,0,2,0,2,0,0,0,0,2,2,2,2,0,0,2,2
75,-7229.961,2977.304,246.919,-115.657,-0.433619,0.901020,-0.011751,-0.900474,-0.432798,0.042818,0.033495,0.029148,0.999014,0,0.97295,-0.66342,58.377,-1.327,-1,400.000,-1,425.000,-1,325.000,325.000,300.000,300.000,-1,-1,-1,-1,875.000,925.000,-1,-1,2,0,2,0,2,0,0,0,0,2,2,2,2,0,0,2,2
76,-7256.448,2925.282,248.751,-116.984,-0.454374,0.890695,-0.014396,-0.890308,-0.453514,0.040952,0.029947,0.031425,0.999057,0,0.97295,-0.66342,58.377,-1.327,-1,400.000,-1,425.000,-1,325.000,325.000,300.000,300.000,-1,-1,-1,-1,875.000,900.000,-1,-1,2,0,2,0,2,0,0,0,0,2,2,2,2,0,0,2,2
77,-7284.133,2873.887,250.475,-118.311,-0.474867,0.879893,-0.017001,-0.879661,-0.473984,0.039184,0.026419,0.033562,0.999087,0,0.97295,-0.66342,58.377,-1.327,-1,400.000,-1,425.000,-1,325.000,325.000,300.000,300.000,-1,-1,-1,-1,850.000,900.000,-1,-1,2,0,2,0,2,0,0,0,0,2,2,2,2,0,0,2,2
78,-7313.001,2823.147,252.039,-119.637,-0.495088,0.868628,-0.019306,-0.868536,-0.494201,0.037550,0.023076,0.035358,0.999108,0,0.97295,-0.66342,58.377,-1.327,-1,400.000,-1,400.000,-1,325.000,325.000,300.000,300.000,-1,-1,-1,-1,850.000,875.000,-1,-1,2,0,2,0,2,0,0,0,0,2,2,2,2,0,0,2,2
79,-7343.036,2773.089,253.337,-120.964,-0.515031,0.856920,-0.020774,-0.856932,-0.514163,0.036102,0.020255,0.036395,0.999132,0,0.97295,-0.66342,58.377,-1.327,-1,400.000,-1,400.000,-1,325.000,325.000,300.000,300.000,-1,-1,-1,-1,850.000,875.000,-1,-1,2,0,2,0,2,0,0,0,0,2,2,2,2,0,0,2,2
80,-7374.222,2723.740,254.479,-122.291,-0.534692,0.844761,-0.021968,-0.844864,-0.533854,0.034716,0.017599,0.037122,0.999156,0,0.97295,-0.66342,58.377,-1.327,-1,400.000,-1,425.000,-1,325.000,325.000,300.000,300.000,-1,-1,-1,-1,850.000,875.000,-1,-1,2,0,2,0,2,0,0,0,0,2,2,2,2,0,0,2,2
81,-7406.544,2675.126,255.338,-123.618,-0.554038,0.832176,-0.022913,-0.832369,-0.553274,0.032399,0.014285,0.037022,0.999212,0,0.97295,-0.66342,58.377,-1.327,-1,400.000,-1,425.000,-1,325.000,325.000,300.000,300.000,-1,-1,-1,-1,850.000,850.000,-1,-1,2,0,2,0,2,0,0,0,0,2,2,2,2,0,0,2,2
82,-7439.982,2627.275,256.080,-124.945,-0.573082,0.819149,-0.023923,-0.819426,-0.572400,0.029983,0.010867,0.036786,0.999264,0,0.97295,-0.66342,58.377,-1.327,-1,400.000,-1,400.000,-1,325.000,325.000,300.000,300.000,-1,-1,-1,-1,850.000,850.000,-1,-1,2,0,2,0,2,0,0,0,0,2,2,2,2,0,0,2,2
83,-7474.519,2580.210,256.749,-126.272,-0.591820,0.805681,-0.025064,-0.806035,-0.591219,0.027691,0.007492,0.036590,0.999302,0,0.97295,-0.66342,58.377,-1.327,-1,400.000,-1,400.000,-1,325.000,325.000,300.000,300.000,-1,-1,-1,-1,825.000,825.000,-1,-1,2,0,2,0,2,0,0,0,0,2,2,2,2,0,0,2,2
84,-7510.137,2533.957,257.276,-127.599,-0.610246,0.791772,-0.026397,-0.792200,-0.609715,0.025830,0.004357,0.036674,0.999318,0,0.97295,-0.66342,58.377,-1.327,-1,400.000,-1,400.000,-1,325.000,325.000,300.000,300.000,-1,-1,-1,-1,825.000,825.000,-1,-1,2,0,2,0,2,0,0,0,0,2,2,2,2,0,0,2,2
85,-7546.816,2488.542,257.590,-128.925,-0.628356,0.777423,-0.027963,-0.777924,-0.627871,0.024737,0.001674,0.037297,0.999303,0,0.97295,-0.66342,58.377,-1.327,-1,400.000,-1,400.000,-1,325.000,325.000,300.000,300.000,-1,-1,-1,-1,825.000,825.000,-1,-1,2,0,2,0,2,0,0,0,0,2,2,2,2,0,0,2,2
86,-7584.537,2443.988,257.513,-130.252,-0.646117,0.762668,-0.029491,-0.763237,-0.645698,0.023317,-0.001259,0.037574,0.999293,0,0.97295,-0.66342,58.377,-1.327,-1,400.000,-1,400.000,-1,325.000,325.000,300.000,300.000,-1,-1,-1,-1,800.000,800.000,-1,-1,2,0,2,0,2,0,0,0,0,2,2,2,2,0,0,2,2
87,-7623.279,2400.319,257.308,-131.579,-0.663533,0.747500,-0.031107,-0.748136,-0.663174,0.022186,-0.004045,0.037994,0.999270,0,0.97295,-0.66342,58.377,-1.327,-1,400.000,-1,400.000,-1,325.000,325.000,300.000,300.000,-1,-1,-1,-1,800.000,800.000,-1,-1,2,0,2,0,2,0,0,0,0,2,2,2,2,0,0,2,2
88,-7663.022,2357.559,257.009,-132.906,-0.680589,0.731929,-0.032837,-0.732634,-0.680292,0.021230,-0.006800,0.038506,0.999235,0,0.97295,-0.66342,58.377,-1.327,-1,400.000,-1,400.000,-1,325.000,325.000,300.000,300.000,-1,-1,-1,-1,775.000,775.000,-1,-1,2,0,2,0,2,0,0,0,0,2,2,2,2,0,0,2,2
89,-7703.745,2315.731,256.607,-134.233,-0.697276,0.715962,-0.034711,-0.716740,-0.697041,0.020459,-0.009547,0.039145,0.999188,0,0.97295,-0.66342,58.377,-1.327,-1,400.000,-1,400.000,-1,325.000,325.000,300.000,300.000,-1,-1,-1,-1,775.000,775.000,-1,-1,2,0,2,0,2,0,0,0,0,2,2,2,2,0,0,2,2
90,-7745.425,2274.857,256.140,-135.560,-0.713588,0.699613,-0.036533,-0.700460,-0.713415,0.019861,-0.012168,0.039763,0.999135,0,0.97295,-0.66342,58.377,-1.327,-1,400.000,-1,400.000,-1,325.000,325.000,300.000,300.000,-1,-1,-1,-1,750.000,750.000,-1,-1,2,0,2,0,2,0,0,0,0,2,2,2,2,0,0,2,2
91,-7788.041,2234.959,255.425,-136.887,-0.729548,0.682909,-0.037355,-0.683785,-0.729428,0.019295,-0.014071,0.039620,0.999116,0,0.97295,-0.66342,58.377,-1.327,-1,400.000,-1,400.000,-1,325.000,325.000,300.000,300.000,-1,-1,-1,-1,750.000,750.000,-1,-1,2,0,2,0,2,0,0,0,0,2,2,2,2,0,0,2,2
92,-7831.569,2196.059,254.653,-138.213,-0.745131,0.665846,-0.037799,-0.666735,-0.745058,0.018795,-0.015648,0.039207,0.999109,0,0.97295,-0.66342,58.377,-1.327,-1,400.000,-1,400.000,-1,325.000,325.000,300.000,300.000,-1,-1,-1,-1,750.000,750.000,-1,-1,2,0,2,0,2,0,0,0,0,2,2,2,2,0,0,2,2
93,-7875.987,2158.178,253.848,-139.540,-0.760317,0.648425,-0.038249,-0.649326,-0.760288,0.018409,-0.017143,0.038833,0.999099,0,0.97295,-0.66342,58.377,-1.327,-1,400.000,-1,400.000,-1,325.000,325.000,300.000,300.000,-1,-1,-1,-1,725.000,750.000,-1,-1,2,0,2,0,2,0,0,0,0,2,2,2,2,0,0,2,2
94,-7921.269,2121.334,253.002,-140.867,-0.775098,0.630654,-0.038727,-0.631568,-0.775108,0.018143,-0.018576,0.038521,0.999085,0,0.97295,-0.66342,58.377,-1.327,-1,400.000,-1,375.000,-1,325.000,325.000,300.000,300.000,-1,-1,-1,-1,725.000,725.000,-1,-1,2,0,2,0,2,0,0,0,0,2,2,2,2,0,0,2,2
95,-7967.393,2085.550,252.090,-142.194,-0.789469,0.612545,-0.039096,-0.613470,-0.789514,0.017964,-0.019863,0.038167,0.999074,0,0.97295,-0.66342,58.377,-1.327,-1,375.000,-1,375.000,-1,325.000,325.000,300.000,300.000,-1,-1,-1,-1,725.000,725.000,-1,-1,2,0,2,0,2,0,0,0,0,2,2,2,2,0,0,2,2
96,-8014.333,2050.843,250.955,-143.521,-0.803450,0.594122,-0.038564,-0.595019,-0.803518,0.017656,-0.020497,0.037132,0.999100,0,0.97295,-0.66342,58.377,-1.327,-1,375.000,-1,375.000,-1,325.000,325.000,300.000,300.000,-1,-1,-1,-1,700.000,725.000,-1,-1,2,0,2,0,2,0,0,0,0,2,2,2,2,0,0,2,2
97,-8062.064,2017.232,249.802,-144.848,-0.817004,0.575375,-0.038048,-0.576249,-0.817086,0.017541,-0.020996,0.036257,0.999122,0,0.97295,-0.66342,58.377,-1.327,-1,375.000,-1,375.000,-1,325.000,325.000,300.000,300.000,-1,-1,-1,-1,700.000,725.000,-1,-1,2,0,2,0,2,0,0,0,0,2,2,2,2,0,0,2,2
98,-8106.447,1987.222,248.760,-145.934,-0.827787,0.559783,-0.037568,-0.560643,-0.827868,0.017735,-0.021174,0.035743,0.999137,0,0.89295,-0.54342,53.577,-1.087,-1,375.000,-1,375.000,-1,325.000,325.000,300.000,300.000,-1,-1,-1,-1,700.000,725.000,-1,-1,2,0,2,0,2,0,0,0,0,2,2,2,2,0,0,2,2
99,-8147.254,1960.500,247.833,-146.781,-0.835989,0.547490,-0.037107,-0.548342,-0.836057,0.018176,-0.021072,0.035542,0.999146,0,0.81295,-0.42342,48.777,-0.847,-1,375.000,-1,375.000,-1,325.000,325.000,300.000,300.000,-1,-1,-1,-1,700.000,725.000,-1,-1,2,0,2,0,2,0,0,0,0,2,2,2,2,0,0,2,2
100,-8184.298,1936.798,246.993,-147.388,-0.841759,0.538606,-0.036677,-0.539451,-0.841810,0.018658,-0.020825,0.035491,0.999153,0,0.73295,-0.30342,43.977,-0.607,-1,375.000,-1,400.000,-1,325.000,325.000,300.000,300.000,-1,-1,-1,-1,700.000,725.000,-1,-1,2,0,2,0,2,0,0,0,0,2,2,2,2,0,0,2,2
101,-8217.433,1915.896,246.242,-147.755,-0.845209,0.533203,-0.036279,-0.534045,-0.845239,0.019167,-0.020445,0.035574,0.999158,0,0.65295,-0.18342,39.177,-0.367,-1,375.000,-1,400.000,-1,325.000,325.000,300.000,300.000,-1,-1,-1,-1,700.000,725.000,-1,-1,2,0,2,0,2,0,0,0,0,2,2,2,2,0,0,2,2
102,-8246.549,1897.618,245.567,-147.882,-0.846406,0.531326,-0.035911,-0.532166,-0.846409,0.019757,-0.019898,0.035833,0.999160,0,0.57295,-0.06342,34.377,-0.127,-1,375.000,-1,375.000,-1,325.000,325.000,300.000,300.000,-1,-1,-1,-1,700.000,725.000,-1,-1,2,0,2,0,2,0,0,0,0,2,2,2,2,0,0,2,2
103,-8271.568,1881.843,244.999,-147.769,-0.845372,0.532990,-0.035593,-0.533829,-0.845349,0.020281,-0.019279,0.036146,0.999161,0,0.49295,0.05658,29.577,0.113,-1,375.000,-1,375.000,-1,325.000,325.000,300.000,300.000,-1,-1,-1,-1,700.000,725.000,-1,-1,2,0,2,0,2,0,0,0,0,2,2,2,2,0,0,2,2
104,-8292.445,1868.500,244.536,-147.416,-0.842087,0.538184,-0.035330,-0.539021,-0.842037,0.020731,-0.018592,0.036501,0.999161,0,0.41295,0.17658,24.777,0.353,-1,375.000,-1,375.000,-1,325.000,325.000,300.000,300.000,-1,-1,-1,-1,700.000,725.000,-1,-1,2,0,2,0,2,0,0,0,0,2,2,2,2,0,0,2,2
105,-8309.165,1857.567,244.173,-146.822,-0.836484,0.546864,-0.035128,-0.547700,-0.836408,0.021101,-0.017842,0.036890,0.999160,0,0.33295,0.29658,19.977,0.593,-1,375.000,-1,375.000,-1,325.000,325.000,300.000,300.000,-1,-1,-1,-1,700.000,700.000,-1,-1,2,0,2,0,2,0,0,0,0,2,2,2,2,0,0,2,2
106,-8321.760,1849.099,243.906,-146.085,-0.829394,0.557568,-0.034985,-0.558403,-0.829294,0.021386,-0.017089,0.037273,0.999159,0,0.25295,0.36845,15.177,0.737,-1,375.000,-1,375.000,-1,325.000,325.000,300.000,300.000,-1,-1,-1,-1,700.000,700.000,-1,-1,2,0,2,0,2,0,0,0,0,2,2,2,2,0,0,2,2
107,-8330.296,1843.199,243.735,-145.349,-0.822163,0.568181,-0.034900,-0.569014,-0.822045,0.021549,-0.016445,0.037575,0.999158,0,0.17295,0.36845,10.377,0.737,-1,375.000,-1,375.000,-1,325.000,325.000,300.000,300.000,-1,-1,-1,-1,700.000,700.000,-1,-1,2,0,2,0,2,0,0,0,0,2,2,2,2,0,0,2,2
108,-8334.843,1839.969,243.649,-144.612,-0.814794,0.578701,-0.034868,-0.579532,-0.814663,0.021609,-0.015901,0.037814,0.999158,0,0.09295,0.36845,5.577,0.737,-1,375.000,-1,375.000,-1,300.000,325.000,325.000,300.000,-1,-1,-1,-1,700.000,700.000,-1,-1,2,0,2,0,2,0,0,0,0,2,2,2,2,0,0,2,2
109,-8343.251,1833.886,243.493,-144.115,-0.809753,0.585740,-0.034776,-0.586569,-0.809607,0.021756,-0.015412,0.038015,0.999158,0,0.17295,0.24845,10.377,0.497,-1,375.000,-1,375.000,-1,300.000,325.000,325.000,300.000,-1,-1,-1,-1,700.000,700.000,-1,-1,2,0,2,0,2,0,0,0,0,2,2,2,2,0,0,2,2
110,-8355.507,1824.934,243.271,-143.858,-0.807128,0.589360,-0.034623,-0.590187,-0.806967,0.021993,-0.014978,0.038185,0.999158,0,0.25295,0.12845,15.177,0.257,-1,375.000,-1,375.000,-1,300.000,325.000,325.000,300.000,-1,-1,-1,-1,700.000,700.000,-1,-1,2,0,2,0,2,0,0,0,0,2,2,2,2,0,0,2,2
111,-8371.636,1813.147,242.984,-143.841,-0.806966,0.589595,-0.034408,-0.590418,-0.806789,0.022324,-0.014598,0.038330,0.999159,0,0.33295,0.00845,19.977,0.017,-1,375.000,-1,375.000,-1,300.000,325.000,325.000,300.000,-1,-1,-1,-1,675.000,700.000,-1,-1,2,0,2,0,2,0,0,0,0,2,2,2,2,0,0,2,2
112,-8391.697,1798.606,242.631,-144.064,-0.809269,0.586446,-0.034127,-0.587265,-0.809075,0.022755,-0.014267,0.038456,0.999158,0,0.41295,-0.11155,24.777,-0.223,-1,375.000,-1,375.000,-1,300.000,325.000,325.000,300.000,-1,-1,-1,-1,675.000,700.000,-1,-1,2,0,2,0,2,0,0,0,0,2,2,2,2,0,0,2,2
113,-8415.785,1781.442,242.212,-144.527,-0.813998,0.579885,-0.033775,-0.580700,-0.813784,0.023289,-0.013981,0.038570,0.999158,0,0.49295,-0.23155,29.577,-0.463,-1,375.000,-1,375.000,-1,300.000,300.000,325.000,300.000,-1,-1,-1,-1,675.000,700.000,-1,-1,2,0,2,0,2,0,0,0,0,2,2,2,2,0,0,2,2
114,-8444.024,1761.837,241.722,-145.230,-0.821069,0.569853,-0.033347,-0.570663,-0.820836,0.023930,-0.013736,0.038678,0.999157,0,0.57295,-0.35155,34.377,-0.703,-1,375.000,-1,375.000,-1,300.000,300.000,325.000,300.000,-1,-1,-1,-1,675.000,700.000,-1,-1,2,0,2,0,2,0,0,0,0,2,2,2,2,0,0,2,2
115,-8476.570,1740.028,241.244,-146.173,-0.830368,0.556270,-0.032444,-0.557058,-0.830111,0.024560,-0.013271,0.038467,0.999172,0,0.65295,-0.47155,39.177,-0.943,-1,375.000,-1,375.000,-1,300.000,300.000,325.000,300.000,-1,-1,-1,-1,675.000,700.000,-1,-1,2,0,2,0,2,0,0,0,0,2,2,2,2,0,0,2,2
116,-8513.601,1716.306,240.711,-147.356,-0.841711,0.539018,-0.031333,-0.539778,-0.841429,0.025245,-0.012757,0.038162,0.999190,0,0.73295,-0.59155,43.977,-1.183,-1,375.000,-1,375.000,-1,300.000,300.000,300.000,300.000,-1,-1,-1,-1,675.000,700.000,-1,-1,2,0,2,0,2,0,0,0,0,2,2,2,2,0,0,2,2
117,-8555.305,1691.007,240.111,-148.758,-0.854683,0.518276,-0.030110,-0.519006,-0.854375,0.026008,-0.012246,0.037856,0.999208,0,0.81295,-0.70098,48.777,-1.402,-1,375.000,-1,375.000,-1,300.000,300.000,300.000,300.000,-1,800.000,750.000,-1,675.000,700.000,-1,-1,2,0,2,0,2,0,0,0,0,2,0,0,2,0,0,2,2
118,-8601.753,1664.363,239.460,-150.160,-0.867144,0.497221,-0.028863,-0.497922,-0.866805,0.026876,-0.011655,0.037677,0.999222,0,0.89247,-0.70098,53.548,-1.402,-1,375.000,-1,375.000,-1,300.000,300.000,300.000,300.000,-1,750.000,725.000,-1,675.000,700.000,-1,-1,2,0,2,0,2,0,0,0,0,2,0,0,2,0,0,2,2
119,-8648.840,1638.864,238.857,-151.562,-0.879077,0.475863,-0.027894,-0.476547,-0.878707,0.027859,-0.011253,0.037783,0.999223,0,0.89247,-0.70098,53.548,-1.402,-1,375.000,-1,375.000,-1,300.000,300.000,300.000,300.000,-1,750.000,700.000,-1,675.000,700.000,-1,-1,2,0,2,0,2,0,0,0,0,2,0,0,2,0,0,2,2
120,-8696.537,1614.523,238.278,-152.964,-0.890482,0.454217,-0.026998,-0.454889,-0.890077,0.028971,-0.010871,0.038079,0.999216,0,0.89247,-0.70098,53.548,-1.402,-1,375.000,-1,375.000,-1,300.000,300.000,300.000,300.000,-1,725.000,675.000,-1,675.000,700.000,-1,-1,2,0,2,0,2,0,0,0,0,2,0,0,2,0,0,2,2
121,-8744.814,1591.357,237.784,-154.366,-0.901358,0.432292,-0.026021,-0.432953,-0.900898,0.030569,-0.010227,0.038820,0.999194,0,0.89247,-0.70098,53.548,-1.402,-1,375.000,-1,375.000,-1,300.000,300.000,300.000,300.000,-1,725.000,675.000,-1,675.000,725.000,-1,-1,2,0,2,0,2,0,0,0,0,2,0,0,2,0,0,2,2
122,-8793.644,1569.379,237.279,-155.768,-0.911693,0.410108,-0.025049,-0.410759,-0.911176,0.032164,-0.009633,0.039612,0.999169,0,0.89247,-0.70098,53.548,-1.402,-1,375.000,-1,375.000,-1,300.000,300.000,300.000,300.000,-1,725.000,650.000,-1,675.000,725.000,-1,-1,2,0,2,0,2,0,0,0,0,2,0,0,2,0,0,2,2
123,-8842.997,1548.602,236.762,-157.170,-0.921480,0.387679,-0.024079,-0.388320,-0.920906,0.033752,-0.009090,0.040452,0.999140,0,0.89247,-0.70098,53.548,-1.402,-1,375.000,-1,375.000,-1,300.000,325.000,300.000,300.000,-1,700.000,650.000,-1,675.000,725.000,-1,-1,2,0,2,0,2,0,0,0,0,2,0,0,2,0,0,2,2
124,-8892.844,1529.039,236.236,-158.572,-0.930714,0.365019,-0.023085,-0.365648,-0.930083,0.035316,-0.008580,0.041310,0.999110,0,0.89247,-0.70098,53.548,-1.402,-1,375.000,-1,375.000,-1,300.000,325.000,300.000,300.000,-1,700.000,625.000,-1,700.000,725.000,-1,-1,2,0,2,0,2,0,0,0,0,2,0,0,2,0,0,2,2
125,-8943.474,1510.344,235.735,-159.734,-0.937952,0.346072,-0.021939,-0.346678,-0.937263,0.036787,-0.007831,0.042110,0.999082,0,0.89953,-0.58098,53.972,-1.162,-1,375.000,-1,375.000,-1,300.000,325.000,300.000,300.000,-1,700.000,625.000,-1,700.000,725.000,-1,-1,2,0,2,0,2,0,0,0,0,2,0,0,2,0,0,2,2
126,-8994.444,1492.593,235.228,-160.799,-0.944249,0.328575,-0.020808,-0.329158,-0.943500,0.038248,-0.007065,0.042965,0.999052,0,0.89953,-0.53262,53.972,-1.065,-1,375.000,-1,375.000,-1,300.000,325.000,300.000,300.000,-1,700.000,625.000,-1,700.000,725.000,-1,-1,2,0,2,0,2,0,0,0,0,2,0,0,2,0,0,2,2
127,-9045.734,1475.793,234.709,-161.864,-0.950217,0.310966,-0.019693,-0.311524,-0.949408,0.039703,-0.006350,0.043861,0.999017,0,0.89953,-0.53262,53.972,-1.065,-1,375.000,-1,375.000,-1,300.000,325.000,300.000,300.000,-1,700.000,625.000,-1,700.000,725.000,-1,-1,2,0,2,0,2,0,0,0,0,2,0,0,2,0,0,2,2
128,-9097.329,1459.949,234.203,-162.930,-0.955854,0.293251,-0.018638,-0.293786,-0.954990,0.041037,-0.005765,0.044701,0.998984,0,0.89953,-0.53262,53.972,-1.065,-1,375.000,-1,375.000,-1,325.000,325.000,300.000,300.000,-1,700.000,600.000,-1,700.000,725.000,-1,-1,2,0,2,0,2,0,0,0,0,2,0,0,2,0,0,2,2
129,-9149.208,1445.068,233.836,-163.995,-0.961155,0.275442,-0.017669,-0.275954,-0.960263,0.041755,-0.005466,0.045009,0.998972,0,0.89953,-0.53262,53.972,-1.065,-1,375.000,-1,375.000,-1,325.000,325.000,300.000,300.000,-1,725.000,625.000,-1,700.000,725.000,-1,-1,2,0,2,0,2,0,0,0,0,2,0,0,2,0,0,2,2
130,-9201.356,1431.153,233.514,-165.060,-0.966126,0.257541,-0.016504,-0.258020,-0.965214,0.042288,-0.005039,0.045114,0.998969,0,0.89953,-0.53262,53.972,-1.065,-1,375.000,-1,400.000,-1,325.000,325.000,300.000,300.000,-1,750.000,625.000,-1,700.000,750.000,-1,-1,2,0,2,0,2,0,0,0,0,2,0,0,2,0,0,2,2
131,-9253.753,1418.211,233.216,-166.125,-0.970759,0.239549,-0.015576,-0.240007,-0.969821,0.042949,-0.004817,0.045431,0.998956,0,0.89953,-0.53262,53.972,-1.065,-1,375.000,-1,400.000,-1,325.000,325.000,300.000,300.000,-1,775.000,650.000,-1,725.000,750.000,-1,-1,2,0,2,0,2,0,0,0,0,2,0,0,2,0,0,2,2
132,-9306.382,1406.244,232.966,-167.191,-0.975053,0.221471,-0.014910,-0.221921,-0.974078,0.043849,-0.004812,0.046064,0.998927,0,0.89953,-0.53262,53.972,-1.065,-1,375.000,-1,400.000,-1,325.000,325.000,300.000,300.000,-1,800.000,675.000,-1,725.000,750.000,-1,-1,2,0,2,0,2,0,0,0,0,2,0,0,2,0,0,2,2
133,-9359.224,1395.259,232.687,-168.256,-0.979009,0.203318,-0.014267,-0.203760,-0.977998,0.044732,-0.004858,0.046700,0.998897,0,0.89953,-0.53262,53.972,-1.065,-1,375.000,-1,400.000,-1,325.000,325.000,300.000,300.000,-1,825.000,725.000,-1,725.000,750.000,-1,-1,2,0,2,0,2,0,0,0,0,2,0,0,2,0,0,2,2
134,-9409.512,1385.557,232.406,-169.081,-0.981842,0.189206,-0.013677,-0.189639,-0.980797,0.045537,-0.004799,0.047304,0.998869,0,0.85357,-0.41262,51.214,-0.825,-1,375.000,-1,400.000,-1,325.000,325.000,300.000,300.000,-1,850.000,750.000,-1,725.000,750.000,-1,-1,2,0,2,0,2,0,0,0,0,2,0,0,2,0,0,2,2
135,-9459.895,1376.370,232.118,-169.666,-0.983730,0.179173,-0.013108,-0.179593,-0.982650,0.046310,-0.004583,0.047911,0.998841,0,0.85357,-0.29262,51.214,-0.585,-1,375.000,-1,400.000,-1,325.000,325.000,300.000,300.000,-1,875.000,750.000,-1,725.000,750.000,-1,-1,2,0,2,0,2,0,0,0,0,2,0,0,2,0,0,2,2
136,-9510.333,1367.487,231.831,-170.012,-0.984799,0.173243,-0.012559,-0.173647,-0.983683,0.047060,-0.004201,0.048525,0.998813,0,0.85357,-0.17262,51.214,-0.345,-1,375.000,-1,400.000,-1,325.000,325.000,300.000,300.000,-1,900.000,775.000,-1,725.000,750.000,-1,-1,2,0,2,0,2,0,0,0,0,2,0,0,2,0,0,2,2
137,-9560.788,1358.696,231.554,-170.117,-0.985123,0.171431,-0.012029,-0.171814,-0.983969,0.047793,-0.003643,0.049149,0.998785,0,0.85357,-0.05262,51.214,-0.105,-1,400.000,-1,400.000,-1,325.000,325.000,300.000,300.000,-1,900.000,800.000,-1,725.000,750.000,-1,-1,2,0,2,0,2,0,0,0,0,2,0,0,2,0,0,2,2
