timestep,x_cm,y_cm,z_cm,yaw_deg,basis_xx,basis_xy,basis_xz,basis_yx,basis_yy,basis_yz,basis_zx,basis_zy,basis_zz,teleport_flag,throttle_cmd,steering_cmd,cmd_move_cm,cmd_turn_deg,lidar_cm_0,lidar_cm_1,lidar_cm_2,lidar_cm_3,lidar_cm_4,lidar_cm_5,lidar_cm_6,lidar_cm_7,lidar_cm_8,lidar_cm_9,lidar_cm_10,lidar_cm_11,lidar_cm_12,lidar_cm_13,lidar_cm_14,lidar_cm_15,lidar_cm_16,lidar_class_0,lidar_class_1,lidar_class_2,lidar_class_3,lidar_class_4,lidar_class_5,lidar_class_6,lidar_class_7,lidar_class_8,lidar_class_9,lidar_class_10,lidar_class_11,lidar_class_12,lidar_class_13,lidar_class_14,lidar_class_15,lidar_class_16
0,8198.144,4914.796,-74.476,-103.047,-0.221376,0.967279,-0.123955,-0.974516,-0.224148,-0.008706,-0.036205,0.118869,0.992250,1,0.08000,-0.12000,4.800,-0.240,-1,425.000,-1,325.000,425.000,325.000,300.000,275.000,250.000,-1,-1,-1,-1,775.000,525.000,-1,500.000,2,0,2,0,0,0,0,1,0,2,2,2,2,0,0,2,0
1,8195.897,4905.462,-74.735,-103.527,-0.229503,0.965520,-0.122883,-0.972611,-0.232280,-0.008575,-0.036823,0.117550,0.992384,0,0.16000,-0.24000,9.600,-0.480,-1,400.000,-1,325.000,425.000,325.000,300.000,275.000,250.000,-1,-1,-1,-1,750.000,525.000,-1,500.000,2,0,2,0,0,0,0,1,0,2,2,2,2,0,0,2,0
2,8192.350,4891.505,-75.127,-104.247,-0.241675,0.962750,-0.121270,-0.969626,-0.244451,-0.008336,-0.037670,0.115572,0.992585,0,0.24000,-0.36000,14.400,-0.720,-1,400.000,-1,325.000,425.000,325.000,275.000,275.000,250.000,-1,-1,-1,-1,750.000,525.000,-1,500.000,2,0,2,0,0,0,0,1,0,2,2,2,2,0,0,2,0
3,8187.309,4872.977,-75.653,-105.207,-0.257867,0.958810,-0.119112,-0.965407,-0.260627,-0.007931,-0.038648,0.112946,0.992849,0,0.32000,-0.48000,19.200,-0.960,-1,400.000,-1,325.000,425.000,300.000,275.000,300.000,250.000,-1,-1,-1,-1,750.000,525.000,-1,500.000,2,0,2,0,0,0,0,1,0,2,2,2,2,0,0,2,0
4,8180.526,4849.954,-76.311,-106.407,-0.278037,0.953491,-0.116407,-0.959753,-0.280752,-0.007280,-0.039623,0.109698,0.993175,0,0.40000,-0.60000,24.000,-1.200,-1,400.000,-1,325.000,425.000,300.000,275.000,300.000,250.000,-1,-1,-1,-1,725.000,500.000,-1,500.000,2,0,2,0,0,0,0,1,0,2,2,2,2,0,0,2,0
5,8171.799,4822.506,-77.093,-107.627,-0.298502,0.947696,-0.112996,-0.953566,-0.301116,-0.006425,-0.040114,0.105831,0.993575,0,0.48000,-0.61000,28.800,-1.220,-1,400.000,-1,325.000,425.000,300.000,275.000,325.000,250.000,-1,425.000,-1,-1,725.000,500.000,-1,500.000,2,0,2,0,0,0,0,1,0,2,1,2,2,0,0,2,0
6,8160.938,4790.709,-77.983,-108.851,-0.318986,0.941483,-0.108894,-0.946916,-0.321438,-0.005284,-0.039977,0.101428,0.994039,0,0.56000,-0.61194,33.600,-1.224,-1,375.000,-1,325.000,450.000,300.000,275.000,325.000,250.000,-1,400.000,-1,-1,700.000,500.000,-1,500.000,2,0,2,0,0,0,0,1,0,2,1,2,2,0,0,2,0
7,8147.749,4754.644,-78.954,-110.080,-0.339500,0.934823,-0.104145,-0.939794,-0.341722,-0.003739,-0.039084,0.096605,0.994555,0,0.64000,-0.61450,38.400,-1.229,-1,375.000,-1,325.000,450.000,300.000,275.000,350.000,275.000,-1,375.000,-1,-1,700.000,500.000,-1,525.000,2,0,2,0,0,0,0,1,0,2,1,2,2,0,0,2,0
8,8133.342,4717.736,-79.913,-111.315,-0.360020,0.927656,-0.099199,-0.932191,-0.361964,-0.001713,-0.037496,0.091856,0.995066,0,0.66031,-0.61778,39.619,-1.236,-1,375.000,-1,325.000,475.000,300.000,275.000,350.000,275.000,-1,350.000,-1,-1,675.000,525.000,-1,550.000,2,0,2,0,0,0,0,1,0,2,1,2,2,0,0,2,0
9,8118.334,4681.622,-81.347,-112.558,-0.380752,0.920127,-0.091616,-0.924067,-0.382228,0.001552,-0.033590,0.085251,0.995793,0,0.65181,-0.62152,39.109,-1.243,-1,375.000,-1,325.000,525.000,300.000,275.000,375.000,275.000,450.000,300.000,575.000,-1,675.000,525.000,-1,575.000,2,0,2,0,0,0,0,1,0,1,1,1,2,0,0,2,0
10,8102.711,4646.228,-82.591,-113.809,-0.401384,0.911998,-0.084557,-0.915441,-0.402418,0.005198,-0.029286,0.079493,0.996405,0,0.64479,-0.62552,38.688,-1.251,-1,375.000,-1,325.000,575.000,300.000,275.000,375.000,275.000,450.000,250.000,500.000,-1,675.000,550.000,-1,625.000,2,0,2,0,0,0,0,1,0,1,1,1,2,0,0,2,0
11,8086.459,4611.494,-83.744,-115.069,-0.421895,0.903303,-0.077770,-0.906302,-0.422541,0.008767,-0.024942,0.074182,0.996933,0,0.63913,-0.62976,38.348,-1.260,-1,375.000,-1,325.000,625.000,300.000,275.000,375.000,275.000,450.000,225.000,450.000,-1,700.000,550.000,-1,700.000,2,0,2,0,0,0,0,1,0,1,1,1,2,0,0,2,0
12,8069.560,4577.365,-84.792,-116.337,-0.442281,0.894038,-0.071294,-0.896641,-0.442587,0.012318,-0.020541,0.069373,0.997379,0,0.63471,-0.63422,38.083,-1.268,-1,375.000,-1,325.000,675.000,300.000,300.000,400.000,275.000,475.000,200.000,425.000,-1,700.000,575.000,-1,750.000,2,0,2,0,0,0,0,0,0,1,1,1,2,0,0,2,0
13,8051.997,4543.798,-85.794,-117.615,-0.462529,0.884218,-0.065010,-0.886454,-0.462554,0.015563,-0.016309,0.064827,0.997763,0,0.63140,-0.63887,37.884,-1.278,-1,375.000,-1,350.000,750.000,300.000,300.000,375.000,275.000,500.000,200.000,400.000,-1,700.000,575.000,-1,825.000,2,0,2,0,0,0,0,0,0,1,1,1,2,0,0,2,0
14,8033.751,4510.754,-86.690,-118.902,-0.482625,0.873847,-0.058860,-0.875739,-0.482439,0.018283,-0.012420,0.060370,0.998099,0,0.62910,-0.64369,37.746,-1.287,-1,375.000,-1,350.000,850.000,300.000,300.000,375.000,275.000,525.000,200.000,375.000,-1,725.000,600.000,-1,925.000,2,0,2,0,0,0,0,0,0,1,1,1,2,0,0,2,0
15,8013.172,4475.044,-87.461,-119.950,-0.498809,0.865133,-0.052291,-0.866669,-0.498475,0.020179,-0.008609,0.055385,0.998428,0,0.68691,-0.52369,41.215,-1.047,-1,375.000,-1,350.000,925.000,300.000,300.000,350.000,300.000,600.000,200.000,375.000,-1,725.000,600.000,-1,-1,2,0,2,0,1,0,0,0,0,1,1,1,2,0,0,2,2
16,7992.095,4439.632,-88.125,-120.757,-0.511177,0.858232,-0.046211,-0.859461,-0.510741,0.021687,-0.004989,0.050803,0.998696,0,0.68684,-0.40369,41.210,-0.807,-1,375.000,-1,350.000,925.000,300.000,300.000,350.000,300.000,650.000,200.000,375.000,-1,750.000,625.000,-1,-1,2,0,2,0,1,0,0,0,0,1,1,1,2,0,0,2,2
17,7970.638,4404.379,-88.666,-121.325,-0.519822,0.853306,-0.040656,-0.854273,-0.519320,0.022896,-0.001576,0.046633,0.998911,0,0.68782,-0.28369,41.269,-0.567,-1,375.000,-1,350.000,925.000,300.000,300.000,325.000,300.000,700.000,225.000,375.000,-1,750.000,625.000,-1,-1,2,0,2,0,1,0,0,0,0,1,1,1,2,0,0,2,2
18,7948.922,4369.156,-89.071,-121.652,-0.524817,0.850469,-0.035630,-0.851213,-0.524276,0.023884,0.001632,0.042863,0.999080,0,0.68966,-0.16369,41.380,-0.327,-1,375.000,-1,375.000,925.000,300.000,300.000,325.000,300.000,725.000,225.000,400.000,-1,775.000,650.000,-1,-1,2,0,2,0,1,0,0,0,0,1,1,1,2,0,0,2,2
19,7926.950,4333.911,-89.348,-121.939,-0.529158,0.847951,-0.031152,-0.848511,-0.528598,0.024757,0.004526,0.039533,0.999208,0,0.69221,-0.14337,41.533,-0.287,-1,375.000,-1,375.000,950.000,300.000,300.000,325.000,300.000,775.000,250.000,400.000,-1,775.000,650.000,-1,-1,2,0,2,0,1,0,0,0,0,1,1,1,2,0,0,2,2
20,7904.700,4298.633,-89.427,-122.237,-0.533640,0.845284,-0.026896,-0.845680,-0.533076,0.025576,0.007281,0.036394,0.999311,0,0.69514,-0.14939,41.708,-0.299,-1,375.000,-1,375.000,975.000,325.000,300.000,325.000,300.000,825.000,275.000,425.000,-1,800.000,675.000,-1,-1,2,0,2,0,1,0,0,0,0,1,1,1,2,0,0,2,2
21,7882.156,4263.313,-89.360,-122.548,-0.538264,0.842459,-0.023141,-0.842720,-0.537708,0.026314,0.009726,0.033665,0.999386,0,0.69835,-0.15549,41.901,-0.311,-1,375.000,-1,375.000,-1,325.000,300.000,325.000,300.000,875.000,300.000,450.000,-1,800.000,675.000,-1,-1,2,0,2,0,2,0,0,0,0,1,1,1,2,0,0,2,2
22,7859.300,4227.946,-89.160,-122.872,-0.543036,0.839472,-0.019966,-0.839627,-0.542494,0.026970,0.011809,0.031410,0.999437,0,0.70182,-0.16169,42.109,-0.323,-1,400.000,-1,375.000,-1,325.000,300.000,300.000,300.000,925.000,300.000,475.000,-1,825.000,675.000,-1,-1,2,0,2,0,2,0,0,0,0,1,1,1,2,0,0,2,2
23,7836.115,4192.528,-88.822,-123.208,-0.547962,0.836322,-0.017389,-0.836394,-0.547436,0.027549,0.013520,0.029640,0.999469,0,0.70553,-0.16796,42.332,-0.336,-1,400.000,-1,375.000,-1,325.000,300.000,300.000,300.000,1000.000,325.000,500.000,-1,825.000,700.000,-1,-1,2,0,2,0,2,0,0,0,0,1,1,1,2,0,0,2,2
24,7812.585,4157.055,-88.343,-123.556,-0.553048,0.833006,-0.015427,-0.833017,-0.552535,0.028060,0.014850,0.028370,0.999487,0,0.70945,-0.17432,42.567,-0.349,-1,400.000,-1,375.000,-1,325.000,325.000,300.000,300.000,-1,350.000,525.000,-1,825.000,700.000,-1,-1,2,0,2,0,2,0,0,0,0,2,1,1,2,0,0,2,2
25,7788.694,4121.527,-87.713,-123.918,-0.558298,0.829520,-0.014130,-0.829491,-0.557792,0.028511,0.015769,0.027638,0.999494,0,0.71357,-0.18076,42.814,-0.362,-1,400.000,-1,375.000,-1,325.000,325.000,300.000,300.000,-1,400.000,550.000,-1,850.000,725.000,-1,-1,2,0,2,0,2,0,0,0,0,2,1,1,2,0,0,2,2
26,7764.427,4085.941,-87.000,-124.293,-0.563712,0.825867,-0.013144,-0.825807,-0.563210,0.028940,0.016498,0.027169,0.999495,0,0.71787,-0.18728,43.072,-0.375,-1,400.000,-1,375.000,-1,325.000,325.000,300.000,300.000,-1,425.000,575.000,-1,850.000,725.000,-1,-1,2,0,2,0,2,0,0,0,0,2,1,1,2,0,0,2,2
27,7739.766,4050.300,-86.264,-124.680,-0.569291,0.822046,-0.012160,-0.821956,-0.568793,0.029375,0.017232,0.026718,0.999494,0,0.72235,-0.19388,43.341,-0.388,-1,400.000,-1,375.000,-1,325.000,325.000,300.000,300.000,-1,450.000,600.000,-1,875.000,750.000,-1,-1,2,0,2,0,2,0,0,0,0,2,1,1,2,0,0,2,2
28,7714.696,4014.606,-85.598,-125.081,-0.575024,0.818062,-0.011037,-0.817946,-0.574547,0.029344,0.017664,0.025901,0.999508,0,0.72698,-0.20055,43.619,-0.401,-1,425.000,-1,375.000,-1,325.000,325.000,300.000,300.000,-1,475.000,625.000,-1,900.000,750.000,-1,-1,2,0,2,0,2,0,0,0,0,2,1,1,2,0,0,2,2
29,7689.201,3978.859,-85.058,-125.496,-0.580907,0.813912,-0.009707,-0.813779,-0.580472,0.028559,0.017610,0.024489,0.999545,0,0.73177,-0.20730,43.906,-0.415,-1,425.000,-1,375.000,-1,325.000,325.000,300.000,300.000,-1,525.000,675.000,-1,925.000,750.000,-1,-1,2,0,2,0,2,0,0,0,0,2,1,1,2,0,0,2,2
30,7660.469,3939.531,-84.448,-126.151,-0.590143,0.807256,-0.008251,-0.807110,-0.589754,0.027632,0.017440,0.022967,0.999584,0,0.81177,-0.32730,48.706,-0.655,-1,425.000,-1,375.000,-1,325.000,325.000,300.000,300.000,-1,550.000,700.000,-1,950.000,750.000,-1,-1,2,0,2,0,2,0,0,0,0,2,1,1,2,0,0,2,2
31,7629.256,3898.159,-83.788,-127.032,-0.602462,0.798119,-0.006742,-0.797963,-0.602120,0.026581,0.017155,0.021394,0.999624,0,0.86375,-0.44058,51.825,-0.881,-1,425.000,-1,375.000,-1,325.000,325.000,300.000,300.000,-1,575.000,725.000,-1,975.000,775.000,-1,-1,2,0,2,0,2,0,0,0,0,2,1,1,2,0,0,2,2
32,7597.423,3857.302,-83.118,-127.923,-0.614774,0.788686,-0.005282,-0.788523,-0.614477,0.025475,0.016846,0.019826,0.999662,0,0.86324,-0.44547,51.794,-0.891,-1,425.000,-1,400.000,-1,325.000,325.000,300.000,300.000,-1,625.000,775.000,-1,975.000,775.000,-1,-1,2,0,2,0,2,0,0,0,0,2,1,1,2,0,0,2,2
33,7564.978,3816.983,-82.427,-128.823,-0.627072,0.778952,-0.003863,-0.778787,-0.626819,0.024265,0.016479,0.018225,0.999698,0,0.86254,-0.45037,51.752,-0.901,-1,425.000,-1,400.000,-1,325.000,325.000,300.000,300.000,-1,650.000,800.000,-1,1000.000,775.000,-1,-1,2,0,2,0,2,0,0,0,0,2,1,1,2,0,0,2,2
34,7531.931,3777.226,-81.702,-129.734,-0.639349,0.768913,-0.002529,-0.768747,-0.639135,0.023126,0.016166,0.016729,0.999729,0,0.86165,-0.45527,51.699,-0.911,-1,425.000,-1,400.000,-1,325.000,325.000,300.000,300.000,-1,700.000,825.000,-1,-1,775.000,-1,-1,2,0,2,0,2,0,0,0,0,2,1,1,2,2,0,2,2
35,7498.293,3738.052,-80.826,-130.651,-0.651556,0.758599,-0.001235,-0.758436,-0.651381,0.021849,0.015771,0.015172,0.999761,0,0.86058,-0.45873,51.635,-0.917,-1,425.000,-1,400.000,-1,325.000,325.000,300.000,325.000,-1,725.000,850.000,-1,-1,775.000,-1,-1,2,0,2,0,2,0,0,0,0,2,1,1,2,2,0,2,2
36,7464.078,3699.481,-79.930,-131.574,-0.663669,0.748026,0.000017,-0.747871,-0.663531,0.020401,0.015271,0.013527,0.999792,0,0.85931,-0.46146,51.559,-0.923,-1,425.000,-1,400.000,-1,325.000,325.000,300.000,325.000,-1,775.000,900.000,-1,-1,800.000,-1,-1,2,0,2,0,2,0,0,0,0,2,1,1,2,2,0,2,2
37,7429.303,3661.533,-79.261,-132.502,-0.675687,0.737189,0.000111,-0.737055,-0.675567,0.018939,0.014037,0.012715,0.999821,0,0.85787,-0.46404,51.472,-0.928,-1,425.000,-1,400.000,-1,325.000,325.000,300.000,325.000,-1,825.000,950.000,-1,-1,775.000,-1,-1,2,0,2,0,2,0,0,0,0,2,1,1,2,2,0,2,2
38,7393.981,3624.228,-78.721,-133.435,-0.687595,0.726095,-0.000492,-0.725990,-0.687483,0.017482,0.012355,0.012378,0.999847,0,0.85624,-0.46646,51.374,-0.933,-1,425.000,-1,400.000,-1,325.000,325.000,300.000,325.000,-1,875.000,1000.000,-1,-1,775.000,-1,-1,2,0,2,0,2,0,0,0,0,2,1,1,2,2,0,2,2
39,7358.129,3587.583,-78.185,-134.373,-0.699376,0.714753,-0.001193,-0.714675,-0.699273,0.016004,0.010605,0.012045,0.999871,0,0.85444,-0.46870,51.266,-0.937,-1,425.000,-1,400.000,-1,325.000,325.000,325.000,300.000,-1,950.000,-1,-1,-1,775.000,-1,-1,2,0,2,0,2,0,0,0,0,2,1,2,2,2,0,2,2
40,7325.232,3554.767,-77.833,-135.070,-0.708016,0.706195,-0.001301,-0.706135,-0.707928,0.014570,0.009368,0.011235,0.999893,0,0.77444,-0.34870,46.466,-0.697,-1,425.000,-1,400.000,-1,325.000,325.000,325.000,300.000,-1,1000.000,-1,-1,-1,775.000,-1,-1,2,0,2,0,2,0,0,0,0,2,1,2,2,2,0,2,2
41,7295.500,3525.577,-77.645,-135.528,-0.713622,0.700531,-0.000879,-0.700478,-0.713552,0.013177,0.008604,0.010019,0.999913,0,0.69444,-0.22870,41.666,-0.457,-1,425.000,-1,400.000,-1,325.000,325.000,300.000,300.000,-1,-1,-1,-1,-1,775.000,-1,-1,2,0,2,0,2,0,0,0,0,2,2,2,2,2,0,2,2
42,7265.788,3496.629,-77.418,-135.745,-0.716266,0.697827,-0.000321,-0.697782,-0.716214,0.011724,0.007952,0.008621,0.999931,0,0.69137,-0.10870,41.482,-0.217,-1,425.000,-1,400.000,-1,325.000,325.000,300.000,300.000,-1,-1,-1,-1,-1,775.000,-1,-1,2,0,2,0,2,0,0,0,1,2,2,2,2,2,0,2,2
43,7236.222,3467.799,-77.191,-135.722,-0.715983,0.698117,0.000194,-0.698079,-0.715947,0.010236,0.007285,0.007193,0.999948,0,0.68827,0.01130,41.296,0.023,-1,425.000,-1,400.000,-1,325.000,325.000,300.000,300.000,-1,-1,-1,-1,-1,775.000,-1,-1,2,0,2,0,2,0,0,0,1,2,2,2,2,2,0,2,2
44,7206.946,3438.990,-76.972,-135.460,-0.712770,0.701398,0.000636,-0.701367,-0.712747,0.008721,0.006570,0.005770,0.999962,0,0.68455,0.13130,41.073,0.263,-1,450.000,-1,400.000,-1,325.000,325.000,300.000,275.000,-1,-1,-1,-1,-1,775.000,-1,-1,2,0,2,0,2,0,0,0,1,2,2,2,2,2,0,2,2
45,7178.108,3410.109,-76.760,-134.957,-0.706585,0.707628,0.001019,-0.707605,-0.706572,0.007181,0.005802,0.004352,0.999974,0,0.68023,0.25130,40.814,0.503,-1,450.000,-1,400.000,-1,325.000,325.000,300.000,275.000,-1,-1,-1,-1,-1,775.000,-1,-1,2,0,2,0,2,0,0,0,1,2,2,2,2,2,0,2,2
46,7149.852,3381.067,-76.553,-134.215,-0.697350,0.716730,0.001360,-0.716714,-0.697345,0.005616,0.004974,0.002941,0.999983,0,0.67533,0.37130,40.520,0.743,-1,450.000,-1,400.000,-1,350.000,325.000,300.000,275.000,-1,-1,-1,-1,-1,800.000,-1,-1,2,0,2,0,2,0,0,0,1,2,2,2,2,2,0,2,2
47,7122.321,3351.782,-76.621,-133.232,-0.684952,0.728586,0.001827,-0.728581,-0.684954,0.002559,0.003116,0.000421,0.999995,0,0.66990,0.49130,40.194,0.983,-1,450.000,-1,400.000,-1,350.000,325.000,300.000,275.000,-1,-1,-1,-1,-1,800.000,-1,-1,2,0,2,0,2,0,0,0,1,2,2,2,2,2,0,2,2
48,7095.657,3322.182,-76.753,-132.013,-0.669297,0.742992,0.002186,-0.742995,-0.669296,-0.001098,0.000647,-0.002359,0.999997,0,0.66398,0.60956,39.839,1.219,-1,450.000,-1,400.000,-1,350.000,325.000,300.000,275.000,-1,-1,-1,-1,-1,825.000,-1,-1,2,0,2,0,2,0,0,0,1,2,2,2,2,2,0,2,2
49,7069.876,3292.308,-76.895,-130.793,-0.653331,0.757068,0.002698,-0.757070,-0.653316,-0.004831,-0.001895,-0.005199,0.999985,0,0.65767,0.61007,39.460,1.220,-1,450.000,-1,400.000,-1,350.000,325.000,300.000,300.000,-1,-1,-1,-1,-1,825.000,-1,-1,2,0,2,0,2,0,0,0,0,2,2,2,2,2,0,2,2
50,7044.974,3262.174,-77.043,-129.571,-0.637055,0.770811,0.003370,-0.770805,-0.637012,-0.008629,-0.004505,-0.008095,0.999957,0,0.65154,0.61091,39.092,1.222,-1,450.000,-1,400.000,-1,350.000,325.000,300.000,300.000,-1,-1,-1,-1,-1,850.000,-1,-1,2,0,2,0,2,0,0,0,0,2,2,2,2,2,0,2,2
51,7020.939,3231.791,-77.197,-128.347,-0.620466,0.784222,0.004206,-0.784200,-0.620382,-0.012482,-0.007179,-0.011043,0.999913,0,0.64565,0.61206,38.739,1.224,-1,450.000,-1,400.000,-1,350.000,325.000,300.000,300.000,-1,-1,-1,-1,-1,850.000,-1,-1,2,0,2,0,2,0,0,0,0,2,2,2,2,2,0,2,2
52,6997.764,3201.169,-77.398,-127.120,-0.603563,0.797299,0.005165,-0.797255,-0.603425,-0.016194,-0.009794,-0.013892,0.999856,0,0.64006,0.61351,38.404,1.227,-1,450.000,-1,400.000,-1,350.000,325.000,300.000,300.000,-1,-1,-1,-1,-1,850.000,-1,-1,2,0,2,0,2,0,0,0,0,2,2,2,2,2,0,2,2
53,6975.436,3170.311,-77.933,-125.889,-0.586327,0.810053,0.005876,-0.809993,-0.586150,-0.018445,-0.011497,-0.015574,0.999813,0,0.63482,0.61525,38.089,1.230,-1,450.000,-1,425.000,-1,350.000,350.000,300.000,300.000,-1,-1,-1,-1,-1,875.000,-1,-1,2,0,2,0,2,0,0,0,0,2,2,2,2,2,0,2,2
54,6953.943,3139.218,-78.489,-124.655,-0.568768,0.822471,0.006670,-0.822392,-0.568546,-0.020665,-0.013204,-0.017239,0.999764,0,0.62996,0.61726,37.798,1.235,-1,450.000,-1,425.000,-1,350.000,350.000,300.000,300.000,-1,-1,-1,-1,-1,875.000,-1,-1,2,0,2,0,2,0,0,0,0,2,2,2,2,2,0,2,2
55,6933.274,3107.891,-79.064,-123.416,-0.550884,0.834548,0.007548,-0.834449,-0.550611,-0.022850,-0.014913,-0.018886,0.999710,0,0.62553,0.61954,37.532,1.239,-1,450.000,-1,425.000,-1,350.000,350.000,300.000,300.000,-1,-1,-1,-1,-1,900.000,-1,-1,2,0,2,0,2,0,0,0,0,2,2,2,2,2,0,2,2
56,6913.418,3076.324,-79.954,-122.172,-0.532664,0.846298,0.007030,-0.846143,-0.532356,-0.025261,-0.017636,-0.019404,0.999656,0,0.62153,0.62206,37.292,1.244,-1,450.000,-1,425.000,-1,350.000,350.000,300.000,300.000,-1,-1,-1,-1,-1,900.000,-1,-1,2,0,2,0,2,0,0,0,0,2,2,2,2,2,0,2,2
57,6894.364,3044.515,-81.149,-120.922,-0.514098,0.857716,0.005146,-0.857464,-0.513779,-0.028043,-0.021409,-0.018830,0.999593,0,0.61800,0.62482,37.080,1.250,-1,450.000,-1,425.000,-1,350.000,350.000,300.000,300.000,-1,-1,-1,-1,-1,-1,-1,-1,2,0,2,0,2,0,0,0,0,2,2,2,2,2,2,2,2
58,6876.102,3012.455,-82.367,-119.666,-0.495190,0.868778,0.003352,-0.868420,-0.494866,-0.030902,-0.025188,-0.018213,0.999517,0,0.61493,0.62780,36.896,1.256,-1,-1,-1,425.000,-1,350.000,350.000,300.000,300.000,-1,-1,-1,950.000,-1,-1,-1,-1,2,2,2,0,2,0,0,0,0,2,2,2,1,2,2,2,2
59,6856.418,2975.698,-83.780,-118.171,-0.472348,0.881411,0.001421,-0.880918,-0.472029,-0.034229,-0.029499,-0.017419,0.999413,0,0.69493,0.74780,41.696,1.496,-1,-1,-1,425.000,-1,350.000,350.000,300.000,300.000,-1,-1,-1,875.000,-1,-1,-1,-1,2,2,2,0,2,0,0,0,0,2,2,2,1,2,2,2,2
60,6835.835,2934.479,-85.376,-116.535,-0.446986,0.894541,-0.000570,-0.893884,-0.446682,-0.038030,-0.034274,-0.016489,0.999276,0,0.76786,0.81791,46.071,1.636,-1,-1,-1,425.000,-1,350.000,350.000,300.000,300.000,-1,-1,-1,850.000,-1,-1,-1,-1,2,2,2,0,2,0,0,0,0,2,2,2,1,2,2,2,2
61,6816.306,2892.399,-87.018,-114.896,-0.421207,0.906961,-0.002413,-0.906122,-0.420929,-0.041975,-0.039085,-0.015494,0.999116,0,0.77318,0.81924,46.391,1.638,-1,-1,-1,425.000,-1,-1,325.000,300.000,275.000,-1,-1,-1,850.000,-1,-1,-1,-1,2,2,2,0,2,2,0,0,0,2,2,2,1,2,2,2,2
62,6797.860,2849.478,-88.703,-113.255,-0.395032,0.918658,-0.004098,-0.917617,-0.394790,-0.046053,-0.043925,-0.014432,0.998931,0,0.77860,0.82051,46.716,1.641,-1,-1,-1,400.000,-1,-1,325.000,300.000,275.000,-1,-1,-1,850.000,-1,-1,-1,-1,2,2,2,0,2,2,0,0,0,2,2,2,1,2,2,2,2
63,6780.532,2805.738,-90.427,-111.612,-0.368484,0.929617,-0.005616,-0.928353,-0.368286,-0.050255,-0.048786,-0.013305,0.998721,0,0.78412,0.82172,47.047,1.643,-1,-1,-1,-1,-1,-1,-1,300.000,275.000,-1,-1,-1,875.000,-1,-1,-1,-1,2,2,2,2,2,2,2,0,0,2,2,2,1,2,2,2,2
64,6764.352,2761.203,-92.189,-109.966,-0.341585,0.939825,-0.006958,-0.938318,-0.341441,-0.054567,-0.053659,-0.012111,0.998486,0,0.78972,0.82288,47.383,1.646,-1,-1,-1,-1,-1,-1,-1,300.000,275.000,-1,-1,-1,925.000,-1,-1,-1,-1,2,2,2,2,2,2,2,0,0,2,2,2,1,2,2,2,2
65,6749.352,2715.896,-94.206,-108.318,-0.314414,0.949260,-0.007037,-0.947523,-0.314273,-0.058581,-0.057820,-0.011751,0.998258,0,0.79540,0.82398,47.724,1.648,-1,-1,-1,-1,-1,-1,-1,300.000,275.000,-1,-1,-1,950.000,-1,-1,-1,-1,2,2,2,2,2,2,2,0,0,2,2,2,1,2,2,2,2
66,6735.572,2669.842,-100.432,-106.668,-0.288061,0.957593,0.006016,-0.954755,-0.286711,-0.078986,-0.073912,-0.028497,0.996858,0,0.80116,0.82506,48.070,1.650,-1,-1,-1,-1,-1,-1,-1,250.000,300.000,-1,-1,-1,-1,-1,-1,-1,-1,2,2,2,2,2,2,2,0,0,2,2,2,2,2,2,2,2
67,6724.221,2628.079,-112.592,-105.258,-0.269035,0.962345,0.038879,-0.956926,-0.262510,-0.124017,-0.109141,-0.070569,0.991518,0,0.72116,0.70506,43.270,1.410,-1,-1,-1,-1,-1,-1,-1,175.000,325.000,-1,-1,-1,-1,-1,-1,-1,-1,2,2,2,2,2,2,2,0,0,2,2,2,2,2,2,2,2
68,6714.915,2590.743,-123.541,-104.088,-0.255835,0.964177,0.070082,-0.956523,-0.241968,-0.162837,-0.140046,-0.108695,0.984161,0,0.64116,0.58506,38.470,1.170,-1,-1,-1,-1,-1,-1,-1,125.000,375.000,-1,-1,-1,-1,-1,-1,-1,-1,2,2,2,2,2,2,2,0,0,2,2,2,2,2,2,2,2
69,6707.320,2557.932,-133.690,-103.158,-0.247450,0.963967,0.097647,-0.954649,-0.225347,-0.194585,-0.165569,-0.141369,0.976013,0,0.56116,0.46506,33.670,0.930,-1,-1,-1,-1,-1,-1,-1,75.000,425.000,-1,-1,-1,-1,-1,-1,-1,-1,2,2,2,2,2,2,2,0,0,2,2,2,2,2,2,2,2
70,-2951.692,7543.220,-122.524,-84.701,0.091894,0.995607,-0.017935,-0.995403,0.092334,0.025458,0.027002,0.015514,0.999515,1,0.00000,0.00000,28.870,0.690,-1,400.000,-1,375.000,-1,325.000,325.000,325.000,325.000,-1,-1,-1,-1,750.000,725.000,-1,-1,2,0,2,0,2,0,0,0,0,2,2,2,2,0,0,2,2
71,-2951.254,7538.440,-122.393,-84.761,0.090868,0.995703,-0.017875,-0.995497,0.091307,0.025490,0.027012,0.015479,0.999515,0,0.08000,-0.02955,4.800,-0.059,-1,400.000,-1,375.000,-1,325.000,325.000,325.000,325.000,-1,-1,-1,-1,750.000,725.000,-1,-1,2,0,2,0,2,0,0,0,0,2,2,2,2,0,0,2,2
72,-2950.387,7528.879,-122.133,-84.820,0.089843,0.995798,-0.017759,-0.995589,0.090280,0.025553,0.027049,0.015385,0.999516,0,0.16000,-0.02955,9.600,-0.059,-1,400.000,-1,375.000,-1,325.000,325.000,325.000,325.000,-1,-1,-1,-1,750.000,725.000,-1,-1,2,0,2,0,2,0,0,0,0,2,2,2,2,0,0,2,2
73,-2949.102,7514.536,-121.743,-84.879,0.088819,0.995893,-0.017586,-0.995679,0.089253,0.025648,0.027112,0.015232,0.999516,0,0.24000,-0.02955,14.400,-0.059,-1,400.000,-1,375.000,-1,325.000,325.000,325.000,325.000,-1,-1,-1,-1,750.000,725.000,-1,-1,2,0,2,0,2,0,0,0,0,2,2,2,2,0,0,2,2
74,-2947.408,7495.411,-121.223,-84.938,0.087796,0.995987,-0.017360,-0.995767,0.088226,0.025774,0.027202,0.015024,0.999517,0,0.32000,-0.02955,19.200,-0.059,-1,400.000,-1,375.000,-1,325.000,325.000,325.000,325.000,-1,-1,-1,-1,750.000,725.000,-1,-1,2,0,2,0,2,0,0,0,0,2,2,2,2,0,0,2,2
75,-2945.315,7471.503,-120.576,-84.997,0.086774,0.996082,-0.017081,-0.995853,0.087198,0.025931,0.027319,0.014760,0.999518,0,0.40000,-0.02955,24.000,-0.059,-1,400.000,-1,375.000,-1,325.000,325.000,325.000,325.000,-1,-1,-1,-1,750.000,725.000,-1,-1,2,0,2,0,2,0,0,0,0,2,2,2,2,0,0,2,2
76,-2942.833,7442.810,-119.800,-85.056,0.085753,0.996176,-0.016751,-0.995938,0.086171,0.026120,0.027463,0.014443,0.999518,0,0.48000,-0.02955,28.800,-0.059,-1,400.000,-1,375.000,-1,325.000,325.000,325.000,325.000,-1,-1,-1,-1,750.000,725.000,-1,-1,2,0,2,0,2,0,0,0,0,2,2,2,2,0,0,2,2
77,-2939.972,7409.332,-118.897,-85.115,0.084732,0.996269,-0.016373,-0.996020,0.085144,0.026339,0.027635,0.014076,0.999519,0,0.56000,-0.02955,33.600,-0.059,-1,400.000,-1,375.000,-1,325.000,325.000,325.000,325.000,-1,-1,-1,-1,750.000,725.000,-1,-1,2,0,2,0,2,0,0,0,0,2,2,2,2,0,0,2,2
78,-2936.858,7372.452,-117.906,-85.174,0.083713,0.996362,-0.015963,-0.996101,0.084117,0.026581,0.027827,0.013676,0.999519,0,0.61684,-0.02955,37.011,-0.059,-1,400.000,-1,375.000,-1,325.000,300.000,325.000,325.000,-1,-1,-1,-1,725.000,725.000,-1,-1,2,0,2,0,2,0,0,0,0,2,2,2,2,0,0,2,2
79,-2933.783,7335.570,-116.917,-85.233,0.082693,0.996454,-0.015561,-0.996181,0.083090,0.026822,0.028020,0.013284,0.999519,0,0.61684,-0.02955,37.011,-0.059,-1,400.000,-1,375.000,-1,325.000,300.000,325.000,325.000,-1,-1,-1,-1,725.000,725.000,-1,-1,2,0,2,0,2,0,0,0,0,2,2,2,2,0,0,2,2
80,-2930.746,7298.684,-115.931,-85.293,0.081674,0.996544,-0.015166,-0.996260,0.082062,0.027063,0.028214,0.012899,0.999519,0,0.61684,-0.02955,37.011,-0.059,-1,375.000,-1,375.000,-1,325.000,300.000,325.000,325.000,-1,-1,-1,-1,725.000,725.000,-1,-1,2,0,2,0,2,0,0,0,0,2,2,2,2,0,0,2,2
81,-2927.746,7261.795,-114.947,-85.352,0.080654,0.996633,-0.014778,-0.996337,0.081035,0.027304,0.028409,0.012521,0.999518,0,0.61684,-0.02955,37.011,-0.059,-1,375.000,-1,375.000,-1,325.000,300.000,325.000,300.000,-1,-1,-1,-1,725.000,700.000,-1,-1,2,0,2,0,2,0,0,0,0,2,2,2,2,0,0,2,2
82,-2924.785,7224.903,-113.927,-85.411,0.079638,0.996722,-0.014252,-0.996414,0.080007,0.027540,0.028590,0.012008,0.999519,0,0.61684,-0.02955,37.011,-0.059,-1,375.000,-1,375.000,-1,300.000,300.000,325.000,300.000,-1,-1,-1,-1,725.000,700.000,-1,-1,2,0,2,0,2,0,0,0,0,2,2,2,2,0,0,2,2
83,-2921.862,7188.008,-112.780,-85.470,0.078628,0.996813,-0.013448,-0.996484,0.078980,0.027962,0.028935,0.011202,0.999519,0,0.61684,-0.02955,37.011,-0.059,-1,375.000,-1,375.000,-1,300.000,300.000,300.000,325.000,-1,-1,-1,-1,725.000,725.000,-1,-1,2,0,2,0,2,0,0,0,0,2,2,2,2,0,0,2,2
84,-2918.977,7151.110,-111.494,-85.529,0.077598,0.996897,-0.013250,-0.996546,0.077951,0.028634,0.029578,0.010982,0.999502,0,0.61684,-0.02955,37.011,-0.059,-1,375.000,-1,375.000,-1,300.000,300.000,300.000,325.000,-1,-1,-1,-1,725.000,725.000,-1,-1,2,0,2,0,2,0,0,0,0,2,2,2,2,0,0,2,2
85,-2916.130,7114.210,-110.210,-85.588,0.076568,0.996979,-0.013059,-0.996606,0.076923,0.029308,0.030224,0.010771,0.999485,0,0.61684,-0.02955,37.011,-0.059,-1,375.000,-1,375.000,-1,325.000,300.000,325.000,325.000,-1,-1,-1,-1,725.000,725.000,-1,-1,2,0,2,0,2,0,0,0,0,2,2,2,2,0,0,2,2
86,-2913.321,7077.306,-108.927,-85.647,0.075538,0.997060,-0.012875,-0.996665,0.075895,0.029984,0.030873,0.010567,0.999467,0,0.61684,-0.02955,37.011,-0.059,-1,375.000,-1,375.000,-1,325.000,300.000,325.000,325.000,-1,-1,-1,-1,725.000,725.000,-1,-1,2,0,2,0,2,0,0,0,0,2,2,2,2,0,0,2,2
87,-2910.550,7040.399,-107.646,-85.706,0.074507,0.997140,-0.012698,-0.996722,0.074867,0.030663,0.031525,0.010372,0.999449,0,0.61684,-0.02955,37.011,-0.059,-1,375.000,-1,375.000,-1,325.000,300.000,325.000,325.000,-1,-1,-1,-1,725.000,725.000,-1,-1,2,0,2,0,2,0,0,0,0,2,2,2,2,0,0,2,2
88,-2907.817,7003.489,-106.367,-85.765,0.073477,0.997218,-0.012528,-0.996778,0.073838,0.031343,0.032181,0.010185,0.999430,0,0.61684,-0.02955,37.011,-0.059,-1,375.000,-1,375.000,-1,325.000,300.000,325.000,325.000,-1,-1,-1,-1,725.000,725.000,-1,-1,2,0,2,0,2,0,0,0,0,2,2,2,2,0,0,2,2
89,-2905.122,6966.577,-105.089,-85.824,0.072446,0.997296,-0.012364,-0.996832,0.072810,0.032026,0.032839,0.010005,0.999411,0,0.61684,-0.02955,37.011,-0.059,-1,375.000,-1,375.000,-1,325.000,325.000,325.000,325.000,-1,875.000,-1,-1,725.000,725.000,-1,-1,2,0,2,0,2,0,0,0,0,2,0,2,2,0,0,2,2
90,-2902.295,6924.862,-103.648,-86.124,0.067235,0.997663,-0.012183,-0.997173,0.067603,0.032800,0.033547,0.009943,0.999388,0,0.69684,-0.14955,41.811,-0.299,-1,375.000,-1,375.000,-1,325.000,325.000,325.000,325.000,-1,825.000,-1,-1,750.000,725.000,-1,-1,2,0,2,0,2,0,0,0,0,2,0,2,2,0,0,2,2
91,-2899.582,6878.330,-102.047,-86.663,0.057839,0.998254,-0.011982,-0.997736,0.058213,0.033666,0.034305,0.010008,0.999361,0,0.77684,-0.26955,46.611,-0.539,-1,400.000,-1,375.000,-1,325.000,325.000,325.000,325.000,-1,800.000,950.000,-1,750.000,750.000,-1,-1,2,0,2,0,2,0,0,0,0,2,0,0,2,0,0,2,2
92,-2897.287,6826.971,-100.292,-87.442,0.044250,0.998951,-0.011760,-0.998403,0.044633,0.034626,0.035115,0.010209,0.999331,0,0.85684,-0.38955,51.411,-0.779,-1,400.000,-1,375.000,-1,325.000,325.000,325.000,325.000,-1,775.000,825.000,-1,750.000,750.000,-1,-1,2,0,2,0,2,0,0,0,0,2,0,0,2,0,0,2,2
93,-2895.777,6770.781,-98.388,-88.461,0.026464,0.999583,-0.011512,-0.999002,0.026859,0.035680,0.035974,0.010556,0.999297,0,0.93684,-0.50955,56.211,-1.019,-1,400.000,-1,400.000,-1,325.000,325.000,325.000,300.000,-1,750.000,750.000,-1,750.000,750.000,-1,-1,2,0,2,0,2,0,0,0,0,2,0,0,2,0,0,2,2
94,-2895.500,6714.009,-96.483,-89.720,0.004478,0.999927,-0.011240,-0.999313,0.004888,0.036746,0.036798,0.011068,0.999261,0,0.94621,-0.62955,56.772,-1.259,-1,400.000,-1,400.000,-1,325.000,325.000,300.000,300.000,-1,725.000,675.000,-1,750.000,750.000,-1,-1,2,0,2,0,2,0,0,0,0,2,0,0,2,0,0,2,2
95,-2896.707,6657.249,-94.600,-91.219,-0.021700,0.999705,-0.010934,-0.999058,-0.021273,0.037811,0.037567,0.011744,0.999225,0,0.94621,-0.74955,56.772,-1.499,-1,400.000,-1,400.000,-1,325.000,325.000,300.000,300.000,-1,700.000,650.000,-1,750.000,775.000,-1,-1,2,0,2,0,2,0,0,0,0,2,0,0,2,0,0,2,2
96,-2899.637,6600.552,-92.745,-92.958,-0.052049,0.998588,-0.010580,-0.997911,-0.051602,0.038869,0.038268,0.012581,0.999188,0,0.94621,-0.86955,56.772,-1.739,-1,400.000,-1,400.000,-1,325.000,325.000,300.000,300.000,-1,700.000,625.000,-1,750.000,775.000,-1,-1,2,0,2,0,2,0,0,0,0,2,0,0,2,0,0,2,2
97,-2904.523,6543.990,-90.744,-94.937,-0.086544,0.996189,-0.010852,-0.995508,-0.086055,0.039465,0.038380,0.014218,0.999162,0,0.94621,-0.98955,56.772,-1.979,-1,400.000,-1,400.000,-1,325.000,325.000,300.000,300.000,-1,725.000,650.000,-1,750.000,775.000,-1,-1,2,0,2,0,2,0,0,0,0,2,0,0,2,0,0,2,2
98,-2911.379,6487.633,-88.593,-96.937,-0.121288,0.992556,-0.011084,-0.991897,-0.120767,0.039448,0.037816,0.015778,0.999160,0,0.94621,-1.00000,56.772,-2.000,-1,400.000,-1,400.000,-1,325.000,325.000,300.000,300.000,-1,800.000,725.000,-1,775.000,800.000,-1,-1,2,0,2,0,2,0,0,0,0,2,0,0,2,0,0,2,2
99,-2920.199,6431.550,-86.488,-98.937,-0.155883,0.987710,-0.011395,-0.987076,-0.155329,0.039426,0.037172,0.017393,0.999158,0,0.94621,-1.00000,56.772,-2.000,-1,400.000,-1,400.000,-1,325.000,325.000,300.000,300.000,-1,900.000,825.000,-1,775.000,800.000,-1,-1,2,0,2,0,2,0,0,0,0,2,0,0,2,0,0,2,2
100,-2931.016,6375.565,-84.418,-100.936,-0.190268,0.981662,-0.011764,-0.981055,-0.189678,0.039417,0.036463,0.019041,0.999154,0,0.95034,-0.99941,57.020,-1.999,-1,400.000,-1,400.000,-1,325.000,325.000,300.000,300.000,-1,975.000,900.000,-1,775.000,800.000,-1,-1,2,0,2,0,2,0,0,0,0,2,0,0,2,0,0,2,2
101,-2943.873,6319.568,-82.381,-102.932,-0.224369,0.974428,-0.012191,-0.973850,-0.223743,0.039424,0.035688,0.020718,0.999148,0,0.95756,-0.99789,57.454,-1.996,-1,400.000,-1,400.000,-1,325.000,325.000,300.000,300.000,-1,-1,975.000,-1,775.000,825.000,-1,-1,2,0,2,0,2,0,0,0,0,2,2,0,2,0,0,2,2
102,-2958.778,6263.641,-80.379,-104.923,-0.258125,0.966028,-0.012675,-0.965483,-0.257462,0.039451,0.034848,0.022421,0.999141,0,0.96465,-0.99577,57.879,-1.992,-1,400.000,-1,400.000,-1,325.000,325.000,300.000,300.000,-1,-1,-1,-1,800.000,825.000,-1,-1,2,0,2,0,2,0,0,0,0,2,2,2,2,0,0,2,2
103,-2975.732,6207.869,-78.417,-106.909,-0.291476,0.956487,-0.013215,-0.955976,-0.290774,0.039503,0.033941,0.024147,0.999132,0,0.97155,-0.99302,58.293,-1.986,-1,400.000,-1,400.000,-1,325.000,325.000,300.000,300.000,-1,-1,-1,-1,800.000,825.000,-1,-1,2,0,2,0,2,0,0,0,0,2,2,2,2,0,0,2,2
104,-2994.732,6152.337,-76.499,-108.889,-0.324361,0.945833,-0.013807,-0.945359,-0.323621,0.039581,0.032969,0.025892,0.999121,0,0.97819,-0.98961,58.691,-1.979,-1,400.000,-1,400.000,-1,325.000,325.000,300.000,300.000,-1,-1,-1,-1,800.000,850.000,-1,-1,2,0,2,0,2,0,0,0,0,2,2,2,2,0,0,2,2
105,-3015.765,6097.139,-74.629,-110.860,-0.356723,0.934098,-0.014451,-0.933664,-0.355944,0.039690,0.031930,0.027651,0.999108,0,0.98450,-0.98551,59.070,-1.971,-1,400.000,-1,400.000,-1,325.000,325.000,300.000,300.000,-1,-1,-1,-1,825.000,875.000,-1,-1,2,0,2,0,2,0,0,0,0,2,2,2,2,0,0,2,2
106,-3038.813,6042.366,-72.812,-112.821,-0.388506,0.921322,-0.015143,-0.920930,-0.387687,0.039831,0.030826,0.029420,0.999092,0,0.99041,-0.98072,59.424,-1.961,-1,400.000,-1,400.000,-1,325.000,325.000,300.000,300.000,-1,-1,-1,-1,-1,900.000,-1,-1,2,0,2,0,2,0,0,0,0,2,2,2,2,2,0,2,2
107,-3063.847,5988.113,-71.041,-114.771,-0.419656,0.907543,-0.015960,-0.907202,-0.418796,0.039933,0.029557,0.031237,0.999075,0,0.99582,-0.97521,59.749,-1.950,-1,400.000,-1,400.000,-1,325.000,325.000,300.000,300.000,-1,-1,-1,-1,-1,900.000,-1,-1,2,0,2,0,2,0,0,0,0,2,2,2,2,2,0,2,2
108,-3090.815,5934.516,-69.654,-116.709,-0.450070,0.892848,-0.016119,-0.892580,-0.449240,0.038522,0.027153,0.031725,0.999128,0,1.00000,-0.96896,60.000,-1.938,-1,400.000,-1,400.000,-1,325.000,325.000,300.000,300.000,-1,-1,-1,-1,-1,925.000,-1,-1,2,0,2,0,2,0,0,0,0,2,2,2,2,2,0,2,2
109,-3119.567,5881.853,-68.364,-118.633,-0.479751,0.877252,-0.016371,-0.877060,-0.478956,0.036968,0.024589,0.032094,0.999182,0,1.00000,-0.96198,60.000,-1.924,-1,400.000,-1,400.000,-1,325.000,325.000,300.000,300.000,-1,-1,-1,-1,-1,925.000,-1,-1,2,0,2,0,2,0,0,0,0,2,2,2,2,2,0,2,2
110,-3150.058,5830.178,-67.157,-120.542,-0.508659,0.860805,-0.016762,-0.860689,-0.507902,0.035360,0.021924,0.032413,0.999234,0,1.00000,-0.95428,60.000,-1.909,-1,400.000,-1,425.000,-1,325.000,325.000,300.000,300.000,-1,-1,-1,-1,-1,925.000,-1,-1,2,0,2,0,2,0,0,0,0,2,2,2,2,2,0,2,2
111,-3182.237,5779.537,-66.071,-122.434,-0.536758,0.843558,-0.017352,-0.843516,-0.536034,0.033869,0.019270,0.032816,0.999276,0,1.00000,-0.94587,60.000,-1.892,-1,400.000,-1,425.000,-1,325.000,325.000,300.000,300.000,-1,-1,-1,-1,-1,950.000,-1,-1,2,0,2,0,2,0,0,0,0,2,2,2,2,2,0,2,2
112,-3216.055,5729.975,-65.078,-124.307,-0.564007,0.825572,-0.018087,-0.825604,-0.563320,0.032383,0.016545,0.033197,0.999312,0,1.00000,-0.93678,60.000,-1.874,-1,400.000,-1,425.000,-1,325.000,325.000,300.000,300.000,-1,-1,-1,-1,-1,950.000,-1,-1,2,0,2,0,2,0,0,0,0,2,2,2,2,2,0,2,2
113,-3251.459,5681.533,-64.432,-126.161,-0.590373,0.806879,-0.020180,-0.807026,-0.589709,0.030861,0.013000,0.034505,0.999320,0,1.00000,-0.92702,60.000,-1.854,-1,400.000,-1,425.000,-1,325.000,325.000,300.000,300.000,-1,-1,-1,-1,-1,950.000,-1,-1,2,0,2,0,2,0,0,0,0,2,2,2,2,2,0,2,2
114,-3288.393,5634.249,-64.017,-127.995,-0.615819,0.787550,-0.023063,-0.787836,-0.615181,0.029440,0.008997,0.036299,0.999300,0,1.00000,-0.91664,60.000,-1.833,-1,400.000,-1,425.000,-1,325.000,325.000,300.000,300.000,-1,-1,-1,-1,-1,925.000,-1,-1,2,0,2,0,2,0,0,0,0,2,2,2,2,2,0,2,2
115,-3326.629,5588.009,-63.696,-129.588,-0.637401,0.770090,-0.026093,-0.770516,-0.636799,0.028168,0.005076,0.038060,0.999263,0,1.00000,-0.79664,60.000,-1.593,-1,400.000,-1,425.000,-1,325.000,325.000,300.000,300.000,-1,-1,-1,-1,-1,925.000,-1,-1,2,0,2,0,2,0,0,0,0,2,2,2,2,2,0,2,2
116,-3365.946,5542.686,-63.464,-130.941,-0.655320,0.754785,-0.029240,-0.755350,-0.654764,0.027025,0.001253,0.039797,0.999207,0,1.00000,-0.67664,60.000,-1.353,-1,-1,-1,425.000,-1,325.000,325.000,300.000,300.000,-1,-1,-1,-1,-1,900.000,-1,-1,2,2,2,0,2,0,0,0,0,2,2,2,2,2,0,2,2
117,-3406.136,5498.135,-63.522,-132.054,-0.669780,0.741894,-0.031416,-0.742557,-0.669281,0.025923,-0.001794,0.040691,0.999170,0,1.00000,-0.55664,60.000,-1.113,-1,950.000,-1,425.000,-1,325.000,325.000,300.000,300.000,-1,-1,-1,-1,-1,900.000,-1,-1,2,1,2,0,2,0,0,0,0,2,2,2,2,2,0,2,2
118,-3447.000,5454.202,-63.779,-132.928,-0.680938,0.731596,-0.033040,-0.732329,-0.680499,0.024814,-0.004330,0.041093,0.999146,0,1.00000,-0.43664,60.000,-0.873,-1,875.000,-1,425.000,-1,325.000,325.000,300.000,300.000,-1,-1,-1,-1,-1,875.000,-1,-1,2,1,2,0,2,0,0,0,0,2,2,2,2,2,0,2,2
119,-3488.348,5410.724,-64.106,-133.561,-0.688907,0.724017,-0.034726,-0.724818,-0.688532,0.023714,-0.006741,0.041507,0.999115,0,1.00000,-0.31664,60.000,-0.633,-1,825.000,-1,425.000,-1,350.000,325.000,300.000,300.000,-1,-1,-1,-1,-1,875.000,-1,-1,2,1,2,0,2,1,0,0,0,2,2,2,2,2,0,2,2
120,-3529.993,5367.530,-64.494,-133.954,-0.693782,0.719261,-0.036465,-0.720128,-0.693472,0.022608,-0.009026,0.041945,0.999079,0,1.00000,-0.19664,60.000,-0.393,-1,775.000,-1,425.000,-1,400.000,325.000,300.000,300.000,-1,-1,-1,-1,-1,850.000,-1,-1,2,1,2,0,2,1,0,0,0,2,2,2,2,2,0,2,2
121,-3571.757,5324.451,-67.286,-134.107,-0.695437,0.717650,-0.036685,-0.718338,-0.695633,0.009220,-0.018902,0.032764,0.999284,0,1.00000,-0.07664,60.000,-0.153,-1,700.000,-1,400.000,-1,400.000,325.000,275.000,300.000,-1,-1,-1,-1,-1,800.000,-1,-1,2,1,2,0,2,1,0,0,0,2,2,2,2,2,0,2,2
122,-3613.457,5281.308,-73.693,-134.021,-0.694092,0.719060,-0.034491,-0.718752,-0.694891,-0.022857,-0.040403,0.008925,0.999144,0,1.00000,0.04336,60.000,0.087,-1,575.000,-1,350.000,-1,350.000,275.000,225.000,325.000,-1,-1,-1,-1,-1,700.000,-1,-1,2,1,2,0,2,1,0,1,0,2,2,2,2,2,0,2,2
123,-3653.730,5239.153,-79.281,-133.694,-0.690094,0.722992,-0.032449,-0.721323,-0.690762,-0.050405,-0.058857,-0.011378,0.998202,0,0.97163,0.16336,58.298,0.327,-1,500.000,-1,325.000,-1,325.000,275.000,-1,350.000,-1,-1,-1,-1,-1,600.000,-1,-1,2,1,2,0,2,1,1,2,0,2,2,2,2,2,0,2,2
124,-3693.570,5196.608,-84.536,-133.127,-0.683257,0.729547,-0.030340,-0.726384,-0.683350,-0.073476,-0.074337,-0.028164,0.996835,0,0.97140,0.28336,58.284,0.567,-1,425.000,-1,300.000,-1,300.000,250.000,-1,375.000,-1,-1,-1,-1,675.000,525.000,-1,-1,2,1,2,1,2,1,1,2,0,2,2,2,2,1,0,2,2
125,-3732.779,5153.533,-89.341,-132.321,-0.673432,0.738726,-0.027820,-0.734042,-0.672674,-0.093231,-0.087586,-0.042363,0.995256,0,0.97075,0.40336,58.245,0.807,-1,375.000,-1,275.000,-1,275.000,225.000,-1,375.000,-1,-1,-1,-1,600.000,475.000,-1,875.000,2,1,2,1,2,1,1,2,0,2,2,2,2,1,0,2,0
126,-3771.153,5109.796,-93.771,-131.274,-0.660455,0.750459,-0.024723,-0.744334,-0.658688,-0.109991,-0.098828,-0.054242,0.993625,0,0.96971,0.52336,58.183,1.047,-1,350.000,-1,250.000,-1,250.000,225.000,-1,400.000,-1,-1,-1,-1,525.000,425.000,-1,675.000,2,1,2,1,2,1,1,2,0,2,2,2,2,1,0,2,0
127,-3808.479,5065.273,-97.807,-129.987,-0.644173,0.764596,-0.020832,-0.757134,-0.641279,-0.124534,-0.108577,-0.064449,0.991997,0,0.96829,0.64336,58.097,1.287,-1,325.000,700.000,225.000,-1,225.000,200.000,-1,425.000,-1,-1,-1,-1,475.000,375.000,-1,525.000,2,1,0,1,2,1,1,2,0,2,2,2,2,1,0,2,0
128,-3844.538,5019.857,-101.521,-128.460,-0.624416,0.780928,-0.015987,-0.772263,-0.620298,-0.137264,-0.117110,-0.073364,0.990405,0,0.96650,0.76336,57.990,1.527,-1,300.000,575.000,200.000,900.000,225.000,175.000,-1,425.000,-1,-1,-1,-1,425.000,350.000,-1,425.000,2,1,0,0,0,1,1,2,0,2,2,2,2,1,0,2,0
129,-3879.101,4973.452,-104.512,-126.694,-0.601204,0.799058,-0.007706,-0.789523,-0.595463,-0.148589,-0.123320,-0.083248,0.988869,0,0.96435,0.88336,57.861,1.767,-1,275.000,500.000,200.000,825.000,200.000,175.000,-1,450.000,-1,0.000,-1,-1,400.000,325.000,-1,350.000,2,1,0,0,0,1,1,2,0,2,0,2,2,1,0,2,0
130,-9400.033,-1512.580,198.515,139.204,-0.757523,-0.652074,0.030948,0.645899,-0.755542,-0.109408,0.094725,-0.062890,0.993515,1,0.00000,0.00000,57.712,2.000,-1,725.000,-1,800.000,-1,575.000,500.000,275.000,600.000,400.000,50.000,200.000,-1,-1,-1,-1,-1,2,0,2,1,2,1,1,0,1,0,0,0,2,2,2,2,2
131,-9396.411,-1515.731,198.021,138.964,-0.754718,-0.655317,0.030999,0.649333,-0.752901,-0.107272,0.093636,-0.060831,0.993746,0,-0.08000,-0.12000,-4.800,-0.240,-1,725.000,-1,750.000,-1,550.000,475.000,275.000,600.000,425.000,50.000,200.000,-1,-1,-1,-1,-1,2,0,2,1,2,1,1,0,1,0,0,0,2,2,2,2,2
132,-9389.220,-1522.091,197.052,138.496,-0.749213,-0.661599,0.031092,0.655987,-0.747702,-0.103070,0.091439,-0.056825,0.994188,0,-0.16000,-0.23391,-9.600,-0.468,-1,725.000,-1,675.000,-1,525.000,450.000,275.000,600.000,425.000,50.000,200.000,-1,-1,-1,-1,-1,2,0,2,1,2,1,1,0,1,0,0,0,2,2,2,2,2
133,-9378.511,-1531.719,195.665,138.038,-0.743721,-0.667752,0.031396,0.662637,-0.742597,-0.097271,0.088268,-0.051539,0.994763,0,-0.24000,-0.22922,-14.400,-0.458,-1,725.000,-1,575.000,-1,500.000,400.000,275.000,600.000,575.000,50.000,200.000,-1,-1,-1,-1,-1,2,0,2,1,2,1,1,0,1,1,0,0,2,2,2,2,2
134,-9364.333,-1544.667,193.894,137.591,-0.738298,-0.673727,0.031743,0.669216,-0.737596,-0.090014,0.084058,-0.045215,0.995434,0,-0.32000,-0.22332,-19.200,-0.447,-1,700.000,-1,450.000,-1,450.000,375.000,275.000,600.000,-1,50.000,200.000,-1,-1,-1,-1,-1,2,0,2,1,2,1,1,0,1,2,0,0,2,2,2,2,2
135,-9349.764,-1558.175,192.130,137.158,-0.733027,-0.679453,0.031851,0.675526,-0.732672,-0.082806,0.079599,-0.039182,0.996057,0,-0.33112,-0.21641,-19.867,-0.433,-1,675.000,-1,375.000,-1,425.000,350.000,275.000,600.000,-1,50.000,200.000,-1,-1,-1,-1,250.000,2,0,2,1,2,1,1,0,1,2,0,0,2,2,2,2,1
136,-9335.338,-1571.749,190.440,136.739,-0.727913,-0.684937,0.031682,0.681551,-0.727825,-0.075889,0.075038,-0.033648,0.996613,0,-0.33012,-0.20973,-19.807,-0.419,-1,675.000,-1,325.000,-1,400.000,325.000,275.000,600.000,-1,75.000,200.000,-1,-1,-1,-1,275.000,2,0,2,1,2,1,1,0,1,2,0,0,2,2,2,2,1
137,-9321.037,-1585.399,188.821,136.332,-0.722947,-0.690197,0.031227,0.687310,-0.723056,-0.069249,0.070374,-0.028601,0.997111,0,-0.32948,-0.20346,-19.769,-0.407,-1,650.000,-1,300.000,-1,375.000,300.000,300.000,600.000,-1,75.000,200.000,-1,-1,-1,-1,275.000,2,0,2,1,2,1,1,0,1,2,0,0,2,2,2,2,1
