timestep,x_cm,y_cm,z_cm,yaw_deg,basis_xx,basis_xy,basis_xz,basis_yx,basis_yy,basis_yz,basis_zx,basis_zy,basis_zz,teleport_flag,throttle_cmd,steering_cmd,cmd_move_cm,cmd_turn_deg,lidar_cm_0,lidar_cm_1,lidar_cm_2,lidar_cm_3,lidar_cm_4,lidar_cm_5,lidar_cm_6,lidar_cm_7,lidar_cm_8,lidar_cm_9,lidar_cm_10,lidar_cm_11,lidar_cm_12,lidar_cm_13,lidar_cm_14,lidar_cm_15,lidar_cm_16,lidar_class_0,lidar_class_1,lidar_class_2,lidar_class_3,lidar_class_4,lidar_class_5,lidar_class_6,lidar_class_7,lidar_class_8,lidar_class_9,lidar_class_10,lidar_class_11,lidar_class_12,lidar_class_13,lidar_class_14,lidar_class_15,lidar_class_16
0,-980.649,-4915.958,-24.607,47.399,0.676745,-0.736078,-0.014338,0.735983,0.676893,-0.012049,0.018574,-0.002398,0.999825,1,0.08000,0.12000,4.800,0.240,-1,375.000,-1,400.000,-1,325.000,325.000,300.000,300.000,-1,-1,-1,-1,700.000,725.000,-1,-1,2,0,2,0,2,0,0,0,0,2,2,2,2,0,0,2,2
1,-974.198,-4908.848,-24.408,47.784,0.671775,-0.740613,-0.014517,0.740516,0.671927,-0.012233,0.018814,-0.002532,0.999820,0,0.16000,0.19264,9.600,0.385,-1,375.000,-1,400.000,-1,325.000,325.000,300.000,300.000,-1,-1,-1,-1,700.000,725.000,-1,-1,2,0,2,0,2,0,0,0,0,2,2,2,2,0,0,2,2
2,-964.594,-4898.118,-24.118,48.169,0.666773,-0.745114,-0.014778,0.745013,0.666932,-0.012523,0.019187,-0.002660,0.999812,0,0.24000,0.19264,14.400,0.385,-1,375.000,-1,400.000,-1,325.000,325.000,300.000,300.000,-1,-1,-1,-1,700.000,725.000,-1,-1,2,0,2,0,2,0,0,0,0,2,2,2,2,0,0,2,2
3,-951.886,-4883.726,-23.735,48.554,0.661739,-0.749581,-0.015126,0.749476,0.661906,-0.012903,0.019684,-0.002799,0.999802,0,0.32000,0.19264,19.200,0.385,-1,375.000,-1,400.000,-1,325.000,325.000,300.000,300.000,-1,-1,-1,-1,700.000,725.000,-1,-1,2,0,2,0,2,0,0,0,0,2,2,2,2,0,0,2,2
4,-936.121,-4865.630,-23.247,48.940,0.656673,-0.754015,-0.015573,0.753903,0.656850,-0.013317,0.020270,-0.002996,0.999790,0,0.40000,0.19264,24.000,0.385,-1,375.000,-1,400.000,-1,325.000,325.000,300.000,300.000,-1,-1,-1,-1,700.000,725.000,-1,-1,2,0,2,0,2,0,0,0,0,2,2,2,2,0,0,2,2
5,-917.350,-4843.788,-22.624,49.325,0.651579,-0.758415,-0.015864,0.758294,0.651765,-0.013846,0.020841,-0.003008,0.999778,0,0.48000,0.19264,28.800,0.385,-1,375.000,-1,400.000,-1,325.000,325.000,300.000,300.000,-1,-1,-1,-1,700.000,725.000,-1,-1,2,0,2,0,2,0,0,0,0,2,2,2,2,0,0,2,2
6,-895.623,-4818.158,-21.842,49.710,0.646462,-0.762781,-0.015863,0.762648,0.646651,-0.014499,0.021317,-0.002725,0.999769,0,0.56000,0.19264,33.600,0.385,-1,375.000,-1,400.000,-1,325.000,325.000,300.000,300.000,-1,-1,-1,-1,700.000,725.000,-1,-1,2,0,2,0,2,0,0,0,0,2,2,2,2,0,0,2,2
7,-870.989,-4788.701,-20.957,50.096,0.641317,-0.767113,-0.015835,0.766964,0.641508,-0.015269,0.021872,-0.002353,0.999758,0,0.64000,0.19264,38.400,0.385,-1,375.000,-1,400.000,-1,325.000,325.000,300.000,300.000,-1,-1,-1,-1,700.000,725.000,-1,-1,2,0,2,0,2,0,0,0,0,2,2,2,2,0,0,2,2
8,-843.499,-4755.376,-19.970,50.481,0.636143,-0.771410,-0.015778,0.771243,0.636336,-0.016163,0.022508,-0.001887,0.999745,0,0.72000,0.19264,43.200,0.385,-1,375.000,-1,400.000,-1,325.000,325.000,300.000,300.000,-1,-1,-1,-1,700.000,725.000,-1,-1,2,0,2,0,2,0,0,0,0,2,2,2,2,0,0,2,2
9,-813.049,-4718.271,-18.886,50.626,0.634186,-0.773022,-0.015658,0.772831,0.634379,-0.017190,0.023221,-0.001200,0.999730,0,0.80000,0.07264,48.000,0.145,-1,375.000,-1,400.000,-1,325.000,325.000,300.000,300.000,-1,-1,1000.000,-1,700.000,725.000,-1,-1,2,0,2,0,2,0,0,0,0,2,2,0,2,0,0,2,2
10,-779.486,-4677.510,-17.679,50.531,0.635468,-0.771972,-0.015460,0.771751,0.635656,-0.018496,0.024106,-0.000177,0.999709,0,0.88000,-0.04736,52.800,-0.095,-1,375.000,-1,375.000,-1,325.000,325.000,300.000,300.000,-1,-1,950.000,-1,700.000,700.000,-1,-1,2,0,2,0,2,0,0,0,0,2,2,0,2,0,0,2,2
11,-745.180,-4636.315,-16.356,50.213,0.639756,-0.768429,-0.015129,0.768159,0.639934,-0.020417,0.025371,0.001441,0.999677,0,0.89349,-0.15913,53.610,-0.318,-1,375.000,-1,375.000,-1,325.000,325.000,300.000,300.000,-1,-1,900.000,-1,700.000,700.000,-1,-1,2,0,2,0,2,0,0,0,0,2,2,0,2,0,0,2,2
12,-710.645,-4595.311,-14.992,49.895,0.644020,-0.764860,-0.015077,0.764539,0.644190,-0.022364,0.026817,0.002876,0.999636,0,0.89349,-0.15913,53.610,-0.318,-1,375.000,-1,375.000,-1,325.000,325.000,300.000,300.000,-1,975.000,800.000,-1,700.000,700.000,-1,-1,2,0,2,0,2,0,0,0,0,2,0,0,2,0,0,2,2
13,-675.883,-4554.499,-13.556,49.577,0.648255,-0.761267,-0.015437,0.760889,0.648426,-0.024327,0.028529,0.004024,0.999585,0,0.89349,-0.15913,53.610,-0.318,-1,375.000,-1,375.000,-1,325.000,325.000,300.000,300.000,-1,850.000,725.000,-1,725.000,700.000,-1,-1,2,0,2,0,2,0,0,0,0,2,0,0,2,0,0,2,2
14,-640.894,-4513.881,-12.107,49.258,0.652469,-0.757650,-0.015850,0.757214,0.652641,-0.026205,0.030199,0.005096,0.999531,0,0.89349,-0.15913,53.610,-0.318,-1,375.000,-1,375.000,-1,325.000,325.000,300.000,300.000,-1,775.000,675.000,-1,725.000,700.000,-1,-1,2,0,2,0,2,0,0,0,0,2,0,0,2,0,0,2,2
15,-605.681,-4473.458,-10.392,48.940,0.656652,-0.754013,-0.016526,0.753553,0.656839,-0.026834,0.031089,0.005167,0.999503,0,0.89349,-0.15913,53.610,-0.318,-1,375.000,-1,375.000,-1,325.000,325.000,300.000,300.000,-1,775.000,675.000,-1,725.000,700.000,-1,-1,2,0,2,0,2,0,0,0,0,2,0,0,2,0,0,2,2
16,-570.244,-4433.231,-8.682,48.622,0.660813,-0.750353,-0.017223,0.749868,0.661017,-0.027465,0.031993,0.005235,0.999474,0,0.89349,-0.15913,53.610,-0.318,-1,375.000,-1,375.000,-1,325.000,325.000,300.000,300.000,-1,775.000,700.000,-1,725.000,700.000,-1,-1,2,0,2,0,2,0,0,0,0,2,0,0,2,0,0,2,2
17,-534.583,-4393.202,-6.930,48.304,0.664961,-0.746668,-0.017695,0.746159,0.665174,-0.028111,0.032760,0.005489,0.999448,0,0.89349,-0.15913,53.610,-0.318,-1,375.000,-1,375.000,-1,325.000,325.000,300.000,300.000,-1,800.000,725.000,-1,725.000,700.000,-1,-1,2,0,2,0,2,0,0,0,0,2,0,0,2,0,0,2,2
18,-498.701,-4353.372,-5.182,47.985,0.669088,-0.742961,-0.018180,0.742426,0.669310,-0.028760,0.033536,0.005746,0.999421,0,0.89349,-0.15913,53.610,-0.318,-1,375.000,-1,375.000,-1,325.000,325.000,300.000,300.000,-1,825.000,725.000,-1,725.000,700.000,-1,-1,2,0,2,0,2,0,0,0,0,2,0,0,2,0,0,2,2
19,-462.598,-4313.741,-3.332,47.667,0.673177,-0.739232,-0.019194,0.738670,0.673427,-0.029380,0.034644,0.005600,0.999384,0,0.89349,-0.15913,53.610,-0.318,-1,375.000,-1,375.000,-1,325.000,325.000,300.000,300.000,-1,825.000,750.000,-1,725.000,700.000,-1,-1,2,0,2,0,2,0,0,0,0,2,0,0,2,0,0,2,2
20,-426.276,-4274.312,-1.433,47.349,0.677235,-0.735482,-0.020476,0.734889,0.677524,-0.029979,0.035922,0.005256,0.999341,0,0.89349,-0.15913,53.610,-0.318,-1,375.000,-1,375.000,-1,325.000,325.000,300.000,300.000,-1,825.000,750.000,-1,725.000,700.000,-1,-1,2,0,2,0,2,0,0,0,0,2,0,0,2,0,0,2,2
21,-389.597,-4234.941,0.468,47.027,0.681320,-0.731661,-0.021781,0.731039,0.681651,-0.030575,0.037217,0.004909,0.999295,0,0.89681,-0.16110,53.808,-0.322,-1,375.000,-1,375.000,-1,325.000,325.000,300.000,300.000,-1,800.000,750.000,-1,725.000,700.000,-1,-1,2,0,2,0,2,0,0,0,0,2,0,0,2,0,0,2,2
22,-352.474,-4195.550,2.451,46.698,0.685477,-0.727739,-0.022750,0.727085,0.685837,-0.031232,0.038331,0.004867,0.999253,0,0.90213,-0.16435,54.128,-0.329,-1,375.000,-1,375.000,-1,325.000,325.000,300.000,300.000,-1,825.000,775.000,-1,725.000,700.000,-1,-1,2,0,2,0,2,0,0,0,0,2,0,0,2,0,0,2,2
23,-314.901,-4156.147,4.650,46.362,0.689714,-0.723709,-0.023261,0.722995,0.690082,-0.032621,0.039660,0.005681,0.999197,0,0.90742,-0.16770,54.445,-0.335,-1,375.000,-1,375.000,-1,325.000,325.000,300.000,300.000,-1,825.000,775.000,-1,725.000,700.000,-1,-1,2,0,2,0,2,0,0,0,0,2,0,0,2,0,0,2,2
24,-276.876,-4116.742,6.880,46.020,0.694012,-0.719569,-0.023804,0.718798,0.694391,-0.033931,0.040945,0.006438,0.999141,0,0.91266,-0.17116,54.760,-0.342,-1,375.000,-1,375.000,-1,325.000,325.000,300.000,300.000,-1,800.000,800.000,-1,725.000,700.000,-1,-1,2,0,2,0,2,0,0,0,0,2,0,0,2,0,0,2,2
25,-238.393,-4077.347,9.241,45.671,0.698370,-0.715320,-0.024435,0.714510,0.698765,-0.034691,0.041890,0.006768,0.999099,0,0.91786,-0.17472,55.072,-0.349,-1,375.000,-1,375.000,-1,325.000,325.000,300.000,300.000,-1,800.000,800.000,-1,725.000,700.000,-1,-1,2,0,2,0,2,0,0,0,0,2,0,0,2,0,0,2,2
26,-201.455,-4040.304,11.482,45.081,0.705678,-0.708091,-0.025032,0.707241,0.706084,-0.035433,0.042764,0.007300,0.999059,0,0.87187,-0.29472,52.312,-0.589,-1,400.000,-1,375.000,-1,325.000,325.000,300.000,300.000,-1,775.000,800.000,-1,750.000,700.000,-1,-1,2,0,2,0,2,0,0,0,0,2,0,0,2,0,0,2,2
27,-163.774,-4003.594,13.729,44.252,0.715842,-0.697791,-0.025644,0.696899,0.716256,-0.036178,0.043612,0.008026,0.999016,0,0.87678,-0.41472,52.607,-0.829,-1,400.000,-1,375.000,1000.000,325.000,325.000,300.000,300.000,-1,775.000,775.000,-1,750.000,700.000,-1,-1,2,0,2,0,1,0,0,0,0,2,0,0,2,0,0,2,2
28,-125.195,-3967.389,15.983,43.182,0.728730,-0.684296,-0.026283,0.683358,0.729149,-0.036919,0.044428,0.008943,0.998973,0,0.88178,-0.53472,52.907,-1.069,-1,400.000,-1,375.000,950.000,325.000,325.000,300.000,300.000,-1,775.000,750.000,-1,750.000,700.000,-1,1000.000,2,0,2,0,1,0,0,0,0,2,0,0,2,0,0,2,1
29,-85.570,-3931.868,18.241,41.873,0.744168,-0.667448,-0.026962,0.666461,0.744589,-0.037648,0.045203,0.010048,0.998927,0,0.88692,-0.65472,53.215,-1.309,-1,400.000,-1,375.000,925.000,325.000,325.000,300.000,300.000,-1,750.000,750.000,-1,750.000,700.000,-1,950.000,2,0,2,0,1,0,0,0,0,2,0,0,2,0,0,2,1
30,-44.754,-3897.225,20.629,40.324,0.761909,-0.647065,-0.028304,0.646026,0.762358,-0.038232,0.046316,0.010844,0.998868,0,0.89226,-0.77472,53.536,-1.549,-1,400.000,-1,375.000,875.000,325.000,325.000,300.000,300.000,-1,725.000,725.000,-1,750.000,700.000,-1,900.000,2,0,2,0,1,0,0,0,0,2,0,0,2,0,0,2,1
31,-2.655,-3863.613,23.088,38.604,0.780943,-0.623888,-0.029862,0.622804,0.781429,-0.038519,0.047366,0.011483,0.998812,0,0.89785,-0.85995,53.871,-1.720,-1,400.000,-1,375.000,850.000,325.000,325.000,300.000,300.000,-1,725.000,700.000,-1,750.000,700.000,-1,850.000,2,0,2,0,1,0,0,0,0,2,0,0,2,0,0,2,1
32,40.716,-3831.074,25.662,36.879,0.799315,-0.600089,-0.031457,0.598988,0.799849,-0.038147,0.048053,0.011649,0.998777,0,0.90367,-0.86224,54.220,-1.724,-1,400.000,-1,375.000,800.000,325.000,325.000,300.000,300.000,-1,725.000,700.000,-1,750.000,700.000,-1,800.000,2,0,2,0,1,0,0,0,0,2,0,0,2,0,1,2,1
33,85.342,-3799.652,28.231,35.150,0.817003,-0.575684,-0.033066,0.574571,0.817587,-0.037670,0.048721,0.011778,0.998743,0,0.90964,-0.86441,54.578,-1.729,-1,400.000,-1,375.000,775.000,325.000,325.000,300.000,300.000,-1,725.000,725.000,-1,725.000,675.000,-1,775.000,2,0,2,0,1,0,0,0,0,2,0,0,2,0,1,2,1
34,131.204,-3769.391,30.948,33.417,0.834019,-0.550692,-0.033923,0.549567,0.834615,-0.037334,0.048872,0.012494,0.998727,0,0.91576,-0.86644,54.946,-1.733,-1,375.000,-1,375.000,725.000,325.000,325.000,300.000,300.000,-1,775.000,750.000,-1,725.000,625.000,-1,725.000,2,0,2,0,1,0,0,0,0,2,0,0,2,0,1,2,1
35,178.282,-3740.337,33.674,31.681,0.850308,-0.525140,-0.034706,0.524005,0.850913,-0.036966,0.048944,0.013247,0.998714,0,0.92203,-0.86835,55.322,-1.737,-1,375.000,1000.000,375.000,700.000,325.000,325.000,300.000,300.000,-1,800.000,800.000,-1,725.000,600.000,-1,675.000,2,0,1,0,1,0,0,0,0,2,0,0,2,0,1,2,1
36,226.555,-3712.533,36.552,29.941,0.865843,-0.499047,-0.035603,0.497861,0.866451,-0.037372,0.049499,0.014632,0.998667,0,0.92844,-0.87012,55.707,-1.740,-1,375.000,950.000,375.000,650.000,325.000,325.000,300.000,300.000,-1,775.000,800.000,-1,725.000,575.000,-1,625.000,2,0,1,0,1,0,0,0,0,2,0,0,2,0,1,2,1
37,275.997,-3686.025,39.475,28.197,0.880601,-0.472443,-0.036593,0.471191,0.881212,-0.038005,0.050201,0.016224,0.998607,0,0.93500,-0.87176,56.100,-1.744,-1,375.000,875.000,375.000,625.000,325.000,325.000,300.000,300.000,-1,750.000,825.000,-1,725.000,525.000,-1,575.000,2,0,1,0,1,0,0,0,0,2,0,0,2,1,1,2,1
38,326.583,-3660.858,42.388,26.450,0.894563,-0.445353,-0.037645,0.444036,0.895178,-0.038586,0.050884,0.017802,0.998546,0,0.94168,-0.87327,56.501,-1.747,-1,375.000,800.000,375.000,575.000,325.000,325.000,300.000,300.000,-1,750.000,800.000,-1,650.000,500.000,-1,525.000,2,0,1,1,1,0,0,0,0,2,0,0,2,1,1,2,1
39,378.286,-3637.075,45.289,24.701,0.907709,-0.417807,-0.038750,0.416422,0.908329,-0.039116,0.051541,0.019369,0.998483,0,0.94850,-0.87466,56.910,-1.749,-1,400.000,750.000,350.000,525.000,325.000,325.000,300.000,300.000,-1,725.000,775.000,-1,600.000,475.000,900.000,500.000,2,0,1,1,1,0,0,0,0,2,0,0,2,1,1,1,1
40,431.076,-3614.722,48.176,22.949,0.920021,-0.389831,-0.039905,0.388380,0.920649,-0.039590,0.052172,0.020925,0.998419,0,0.95545,-0.87592,57.327,-1.752,-1,400.000,700.000,325.000,500.000,325.000,300.000,300.000,300.000,-1,725.000,750.000,-1,550.000,425.000,750.000,450.000,2,0,1,1,1,0,1,0,0,2,0,0,2,1,1,1,1
41,484.920,-3593.842,51.045,21.195,0.931483,-0.361455,-0.041108,0.359936,0.932119,-0.040004,0.052777,0.022467,0.998354,0,0.96252,-0.87707,57.751,-1.754,-1,375.000,625.000,300.000,450.000,300.000,275.000,300.000,300.000,-1,700.000,750.000,-1,475.000,400.000,625.000,400.000,2,1,1,1,1,1,1,0,0,2,0,0,2,1,1,1,1
42,539.786,-3574.478,53.894,19.439,0.942079,-0.332707,-0.042355,0.331121,0.942725,-0.040354,0.053355,0.023992,0.998287,0,0.96970,-0.87811,58.182,-1.756,-1,325.000,575.000,275.000,400.000,275.000,250.000,300.000,300.000,-1,700.000,725.000,-1,425.000,375.000,525.000,350.000,2,1,1,1,1,1,1,0,0,2,0,0,2,1,1,1,1
43,595.637,-3556.674,56.866,17.681,0.951804,-0.303620,-0.043397,0.302008,0.952466,-0.039994,0.053478,0.024960,0.998257,0,0.97700,-0.87904,58.620,-1.758,625.000,300.000,500.000,250.000,350.000,250.000,225.000,300.000,300.000,-1,700.000,750.000,-1,375.000,325.000,450.000,300.000,1,1,1,1,1,1,1,0,0,2,0,0,2,1,1,1,1
44,652.438,-3540.475,62.900,15.921,0.960005,-0.274285,-0.056205,0.272910,0.961541,-0.030971,0.062538,0.014394,0.997939,0,0.98440,-0.87990,59.064,-1.760,475.000,250.000,475.000,250.000,375.000,225.000,225.000,300.000,325.000,-1,425.000,525.000,-1,350.000,325.000,375.000,300.000,1,1,1,1,1,1,1,0,0,2,0,0,2,1,1,1,1
45,710.146,-3525.919,69.260,14.160,0.967115,-0.244625,-0.069623,0.243798,0.969614,-0.020268,0.072466,0.002628,0.997367,0,0.99189,-0.88068,59.513,-1.761,350.000,225.000,450.000,225.000,425.000,200.000,200.000,300.000,375.000,-1,275.000,400.000,-1,300.000,325.000,300.000,300.000,1,1,1,1,1,1,1,0,0,2,0,0,2,1,1,1,1
46,768.719,-3513.043,79.607,12.397,0.972502,-0.214677,-0.090296,0.213087,0.976660,-0.027004,0.093986,0.007021,0.995549,0,0.99947,-0.88142,59.968,-1.763,325.000,225.000,475.000,225.000,-1,200.000,200.000,325.000,375.000,-1,200.000,250.000,-1,300.000,325.000,275.000,350.000,1,1,1,1,2,1,1,0,0,2,0,0,2,1,1,1,1
47,827.696,-3501.965,92.016,10.633,0.975934,-0.184473,-0.116289,0.180704,0.982630,-0.042247,0.122062,0.020216,0.992317,0,1.00000,-0.88215,60.000,-1.764,325.000,250.000,525.000,250.000,-1,200.000,225.000,375.000,400.000,-1,150.000,175.000,-1,325.000,350.000,275.000,450.000,1,1,1,1,2,1,1,0,1,2,0,0,2,1,1,1,1
48,9511.011,5575.434,19.172,75.021,0.259480,-0.965748,-0.001170,0.962123,0.258400,0.086885,-0.083606,-0.023670,0.996218,1,0.00000,0.00000,60.000,-1.766,-1,400.000,-1,400.000,-1,325.000,325.000,300.000,300.000,-1,-1,-1,-1,750.000,750.000,-1,-1,2,0,2,0,2,0,0,0,0,2,2,2,2,0,0,2,2
49,9512.232,5580.076,18.771,75.261,0.255418,-0.966830,-0.001169,0.963202,0.254355,0.086862,-0.083684,-0.023312,0.996220,0,0.08000,0.12000,4.800,0.240,-1,400.000,-1,400.000,-1,325.000,325.000,300.000,300.000,-1,-1,-1,-1,750.000,750.000,-1,-1,2,0,2,0,2,0,0,0,0,2,2,2,2,0,0,2,2
50,9514.597,5589.380,17.968,75.741,0.247282,-0.968943,-0.001166,0.965310,0.246251,0.086817,-0.083833,-0.022594,0.996224,0,0.16000,0.24000,9.600,0.480,-1,400.000,-1,400.000,-1,325.000,325.000,300.000,300.000,-1,-1,-1,-1,750.000,750.000,-1,-1,2,0,2,0,2,0,0,0,0,2,2,2,2,0,0,2,2
51,9517.969,5603.380,16.759,76.461,0.235044,-0.971984,-0.001157,0.968344,0.234061,0.086745,-0.084044,-0.021510,0.996230,0,0.24000,0.36000,14.400,0.720,-1,400.000,-1,400.000,-1,325.000,325.000,300.000,300.000,-1,-1,-1,-1,750.000,750.000,-1,-1,2,0,2,0,2,0,0,0,0,2,2,2,2,0,0,2,2
52,9522.151,5622.119,15.140,77.421,0.218668,-0.975799,-0.001137,0.972151,0.217750,0.086646,-0.084301,-0.020052,0.996239,0,0.32000,0.48000,19.200,0.960,-1,400.000,-1,400.000,-1,325.000,325.000,300.000,300.000,-1,-1,-1,-1,750.000,750.000,-1,-1,2,0,2,0,2,0,0,0,0,2,2,2,2,0,0,2,2
53,9526.979,5645.628,13.104,78.397,0.201952,-0.979395,-0.001110,0.975742,0.201100,0.086522,-0.084516,-0.018557,0.996249,0,0.40000,0.48807,24.000,0.976,-1,400.000,-1,400.000,-1,325.000,325.000,300.000,300.000,-1,-1,-1,-1,750.000,750.000,-1,-1,2,0,2,0,2,0,0,0,0,2,2,2,2,0,0,2,2
54,9532.297,5673.933,10.648,79.360,0.185399,-0.982663,-0.001075,0.979008,0.184615,0.086374,-0.084679,-0.017066,0.996262,0,0.48000,0.48153,28.800,0.963,-1,400.000,-1,400.000,-1,325.000,325.000,300.000,300.000,-1,-1,-1,-1,750.000,750.000,-1,-1,2,0,2,0,2,0,0,0,0,2,2,2,2,0,0,2,2
55,9537.954,5707.053,7.771,80.307,0.169062,-0.985605,-0.001029,0.981952,0.168345,0.086200,-0.084786,-0.015583,0.996277,0,0.56000,0.47372,33.600,0.947,-1,400.000,-1,400.000,-1,325.000,325.000,300.000,300.000,-1,-1,-1,-1,750.000,750.000,-1,-1,2,0,2,0,2,0,0,0,0,2,2,2,2,0,0,2,2
56,9543.805,5745.005,4.470,81.236,0.152991,-0.988227,-0.000970,0.984579,0.152342,0.085996,-0.084836,-0.014111,0.996295,0,0.64000,0.46462,38.400,0.929,-1,400.000,-1,400.000,-1,325.000,325.000,300.000,300.000,-1,-1,-1,-1,750.000,750.000,-1,-1,2,0,2,0,2,0,0,0,0,2,2,2,2,0,0,2,2
57,9549.483,5786.157,0.888,82.145,0.137240,-0.990537,-0.000896,0.986898,0.136659,0.085770,-0.084836,-0.012655,0.996315,0,0.69237,0.45420,41.542,0.908,-1,400.000,-1,400.000,-1,325.000,325.000,300.000,300.000,-1,-1,-1,-1,750.000,750.000,-1,-1,2,0,2,0,2,0,0,0,0,2,2,2,2,0,0,2,2
58,9554.558,5827.669,-2.729,83.031,0.121847,-0.992549,-0.000808,0.988920,0.121332,0.085534,-0.084799,-0.011222,0.996335,0,0.69703,0.44288,41.822,0.886,-1,400.000,-1,400.000,-1,325.000,325.000,300.000,300.000,-1,-1,-1,-1,750.000,750.000,-1,-1,2,0,2,0,2,0,0,0,0,2,2,2,2,0,0,2,2
59,9559.038,5869.538,-6.376,83.893,0.106821,-0.994278,-0.000687,0.990661,0.106373,0.085301,-0.084740,-0.009793,0.996355,0,0.70179,0.43142,42.107,0.863,-1,400.000,-1,400.000,-1,325.000,325.000,300.000,300.000,-1,-1,-1,-1,750.000,750.000,-1,-1,2,0,2,0,2,0,0,0,0,2,2,2,2,0,0,2,2
60,9562.930,5911.758,-10.012,84.733,0.092159,-0.995744,-0.000373,0.992135,0.091793,0.085098,-0.084702,-0.008213,0.996372,0,0.70666,0.41982,42.399,0.840,-1,400.000,-1,400.000,-1,325.000,325.000,300.000,300.000,-1,-1,-1,-1,750.000,750.000,-1,-1,2,0,2,0,2,0,0,0,0,2,2,2,2,0,0,2,2
61,9566.244,5954.327,-13.610,85.549,0.077905,-0.996961,-0.000259,0.993357,0.077601,0.084967,-0.084688,-0.006877,0.996384,0,0.71163,0.40808,42.698,0.816,-1,400.000,-1,400.000,-1,325.000,325.000,300.000,300.000,-1,-1,-1,-1,750.000,750.000,-1,-1,2,0,2,0,2,0,0,0,0,2,2,2,2,0,0,2,2
62,9568.988,5997.243,-17.220,86.342,0.064055,-0.997946,-0.000201,0.994352,0.063807,0.084809,-0.084622,-0.005633,0.996397,0,0.71672,0.39618,43.003,0.792,-1,400.000,-1,400.000,-1,325.000,325.000,300.000,300.000,-1,-1,-1,-1,750.000,750.000,-1,-1,2,0,2,0,2,0,0,0,0,2,2,2,2,0,0,2,2
63,9571.173,6040.504,-20.860,87.110,0.050613,-0.998718,-0.000126,0.995135,0.050421,0.084645,-0.084530,-0.004409,0.996411,0,0.72193,0.38414,43.316,0.768,-1,400.000,-1,400.000,-1,325.000,325.000,300.000,300.000,-1,-1,-1,-1,750.000,750.000,-1,-1,2,0,2,0,2,0,0,0,0,2,2,2,2,0,0,2,2
64,9572.807,6084.109,-24.529,87.854,0.037588,-0.999293,-0.000032,0.995722,0.037451,0.084475,-0.084414,-0.003207,0.996426,0,0.72726,0.37193,43.636,0.744,-1,400.000,-1,400.000,-1,325.000,325.000,300.000,300.000,-1,-1,-1,-1,750.000,750.000,-1,-1,2,0,2,0,2,0,0,0,0,2,2,2,2,0,0,2,2
65,9573.902,6128.059,-28.229,88.573,0.024988,-0.999688,0.000082,0.996129,0.024906,0.084301,-0.084276,-0.002025,0.996440,0,0.73272,0.35957,43.963,0.719,-1,400.000,-1,400.000,-1,325.000,325.000,300.000,300.000,-1,-1,-1,-1,750.000,750.000,-1,-1,2,0,2,0,2,0,0,0,0,2,2,2,2,0,0,2,2
66,9574.469,6172.354,-31.957,89.267,0.012822,-0.999918,0.000217,0.996373,0.012794,0.084122,-0.084118,-0.000863,0.996455,0,0.73832,0.34703,44.299,0.694,-1,400.000,-1,400.000,-1,325.000,325.000,300.000,300.000,-1,-1,-1,-1,750.000,750.000,-1,-1,2,0,2,0,2,0,0,0,0,2,2,2,2,0,0,2,2
67,9574.519,6216.998,-35.715,89.936,0.001097,-0.999999,0.000372,0.996470,0.001125,0.083941,-0.083941,0.000279,0.996471,0,0.74407,0.33432,44.644,0.669,-1,400.000,-1,400.000,-1,325.000,325.000,300.000,300.000,-1,-1,-1,-1,750.000,750.000,-1,-1,2,0,2,0,2,0,0,0,0,2,2,2,2,0,0,2,2
68,9574.065,6261.994,-39.503,90.578,-0.010177,-0.999948,0.000551,0.996435,-0.010095,0.083757,-0.083747,0.001401,0.996486,0,0.74996,0.32143,44.998,0.643,-1,400.000,-1,400.000,-1,325.000,325.000,300.000,300.000,-1,-1,-1,-1,750.000,750.000,-1,-1,2,0,2,0,2,0,0,0,0,2,2,2,2,0,0,2,2
69,9573.119,6307.345,-43.320,91.195,-0.020993,-0.999779,0.000752,0.996283,-0.020857,0.083572,-0.083538,0.002504,0.996501,0,0.75602,0.30835,45.361,0.617,-1,400.000,-1,400.000,-1,325.000,325.000,300.000,300.000,-1,-1,-1,-1,750.000,750.000,-1,-1,2,0,2,0,2,0,0,0,0,2,2,2,2,0,0,2,2
70,9571.645,6356.831,-47.485,91.706,-0.029963,-0.999551,0.000987,0.996073,-0.029777,0.083376,-0.083309,0.003482,0.996518,0,0.82514,0.25563,49.509,0.511,-1,400.000,-1,400.000,-1,325.000,325.000,300.000,300.000,-1,-1,-1,-1,725.000,750.000,-1,-1,2,0,2,0,2,0,0,0,0,2,2,2,2,0,0,2,2
71,9569.722,6406.926,-51.700,92.199,-0.038604,-0.999254,0.001248,0.995796,-0.038367,0.083178,-0.083068,0.004453,0.996534,0,0.83553,0.24624,50.132,0.492,-1,400.000,-1,400.000,-1,325.000,325.000,300.000,300.000,-1,-1,-1,-1,725.000,725.000,-1,-1,2,0,2,0,2,0,0,0,0,2,2,2,2,0,0,2,2
72,9567.076,6458.600,-56.046,92.931,-0.051445,-0.998675,0.001564,0.995239,-0.051138,0.082970,-0.082780,0.005824,0.996551,0,0.86237,0.36624,51.742,0.732,-1,400.000,-1,400.000,-1,325.000,325.000,300.000,300.000,-1,-1,-1,-1,725.000,725.000,-1,-1,2,0,2,0,2,0,0,0,0,2,2,2,2,0,0,2,2
73,9563.508,6510.889,-60.442,93.904,-0.068474,-0.997651,0.001945,0.994242,-0.068079,0.082758,-0.082432,0.007601,0.996568,0,0.87351,0.48624,52.411,0.972,-1,400.000,-1,400.000,-1,325.000,325.000,300.000,300.000,-1,-1,-1,-1,725.000,725.000,-1,-1,2,0,2,0,2,0,0,0,0,2,2,2,2,0,0,2,2
74,9558.999,6563.790,-64.821,94.872,-0.085394,-0.996345,0.002144,0.992967,-0.084927,0.082490,-0.082006,0.009173,0.996590,0,0.88488,0.48412,53.093,0.968,-1,400.000,-1,400.000,-1,325.000,325.000,300.000,300.000,-1,-1,-1,-1,725.000,-1,-1,-1,2,0,2,0,2,0,0,0,0,2,2,2,2,0,2,2,2
75,9553.548,6617.295,-69.121,95.817,-0.101878,-0.994794,0.002277,0.991462,-0.101349,0.082041,-0.081383,0.010615,0.996626,0,0.89636,0.47260,53.782,0.945,-1,400.000,-1,400.000,-1,325.000,325.000,300.000,300.000,-1,-1,-1,-1,975.000,-1,-1,-1,2,0,2,0,2,0,0,0,0,2,2,2,2,1,2,2,2
76,9547.155,6671.396,-73.443,96.739,-0.117932,-0.993018,0.002587,0.989738,-0.117330,0.081558,-0.080685,0.012179,0.996665,0,0.90796,0.46065,54.478,0.921,-1,400.000,-1,400.000,-1,325.000,325.000,300.000,300.000,-1,-1,-1,-1,975.000,-1,-1,-1,2,0,2,0,2,0,0,0,0,2,2,2,2,1,2,2,2
77,9539.829,6726.009,-77.807,97.641,-0.133623,-0.991028,0.002967,0.987800,-0.132945,0.081094,-0.079972,0.013767,0.996702,0,0.91837,0.45100,55.102,0.902,-1,400.000,-1,400.000,-1,325.000,325.000,300.000,300.000,-1,-1,-1,-1,975.000,-1,-1,-1,2,0,2,0,2,0,0,0,0,2,2,2,2,1,2,2,2
78,9531.587,6780.914,-82.196,98.537,-0.149194,-0.988802,0.003416,0.985627,-0.148437,0.080657,-0.079247,0.015401,0.996736,0,0.92534,0.44842,55.520,0.897,-1,400.000,-1,400.000,-1,325.000,325.000,300.000,300.000,-1,-1,-1,-1,950.000,-1,-1,-1,2,0,2,0,2,0,0,0,0,2,2,2,2,1,2,2,2
79,9522.424,6836.093,-86.607,99.428,-0.164630,-0.986348,0.003938,0.983226,-0.163788,0.080250,-0.078510,0.017083,0.996767,0,0.93225,0.44545,55.935,0.891,-1,400.000,-1,400.000,-1,325.000,325.000,300.000,300.000,-1,-1,-1,-1,950.000,-1,-1,-1,2,0,2,0,2,0,0,0,0,2,2,2,2,1,2,2,2
80,9512.337,6891.529,-91.041,100.312,-0.179912,-0.983672,0.004532,0.980604,-0.178983,0.079879,-0.077764,0.018815,0.996794,0,0.93910,0.44206,56.346,0.884,-1,400.000,-1,-1,-1,325.000,325.000,300.000,300.000,-1,-1,-1,-1,925.000,-1,-1,-1,2,0,2,2,2,0,0,0,0,2,2,2,2,1,2,2,2
81,9501.324,6947.202,-95.494,101.189,-0.195023,-0.980785,0.005200,0.977771,-0.194002,0.079549,-0.077012,0.020599,0.996817,0,0.94585,0.43823,56.751,0.876,-1,425.000,-1,-1,-1,325.000,-1,300.000,300.000,-1,-1,-1,-1,900.000,-1,-1,-1,2,1,2,2,2,0,2,0,0,2,2,2,2,1,2,2,2
82,9489.387,7003.089,-99.965,102.057,-0.209943,-0.977696,0.005944,0.974735,-0.208826,0.079265,-0.076256,0.022435,0.996836,0,0.95247,0.43389,57.148,0.868,-1,500.000,-1,-1,-1,525.000,-1,300.000,300.000,-1,-1,-1,-1,875.000,-1,-1,-1,2,1,2,2,2,1,2,0,0,2,2,2,2,1,2,2,2
83,9476.528,7059.169,-104.454,102.915,-0.224651,-0.974416,0.006763,0.971510,-0.223433,0.079031,-0.075498,0.024325,0.996849,0,0.95892,0.42901,57.535,0.858,-1,525.000,-1,-1,-1,625.000,-1,300.000,300.000,-1,-1,-1,-1,825.000,-1,-1,-1,2,1,2,2,2,1,2,0,0,2,2,2,2,1,2,2,2
84,9462.752,7115.415,-108.956,103.762,-0.239126,-0.970958,0.007658,0.968108,-0.237802,0.078853,-0.074742,0.026270,0.996857,0,0.96515,0.42352,57.909,0.847,-1,550.000,-1,-1,-1,650.000,-1,300.000,300.000,-1,-1,-1,-1,800.000,-1,-1,-1,2,1,2,2,2,1,2,0,0,2,2,2,2,1,2,2,2
85,9448.067,7171.800,-114.280,104.596,-0.253590,-0.967251,0.010831,0.964260,-0.251885,0.082197,-0.076777,0.031289,0.996557,0,0.97109,0.41736,58.265,0.835,-1,550.000,-1,-1,-1,650.000,-1,300.000,275.000,-1,-1,-1,-1,775.000,-1,-1,-1,2,1,2,2,2,1,2,0,0,2,2,2,2,1,2,2,2
86,9432.474,7228.295,-129.422,105.417,-0.271881,-0.961447,0.041229,0.956298,-0.265138,0.123273,-0.107589,0.072942,0.991516,0,0.97667,0.41042,58.600,0.821,-1,475.000,-1,-1,-1,525.000,850.000,325.000,200.000,-1,-1,-1,-1,675.000,-1,-1,-1,2,1,2,2,2,1,1,0,0,2,2,2,2,1,2,2,2
87,9415.986,7284.857,-144.638,106.223,-0.292016,-0.953797,0.070700,0.946413,-0.277510,0.165199,-0.137947,0.115152,0.983723,0,0.98178,0.40263,58.907,0.805,-1,425.000,-1,-1,-1,450.000,650.000,375.000,125.000,-1,-1,-1,-1,575.000,-1,675.000,-1,2,1,2,2,2,1,1,0,0,2,2,2,2,1,2,0,2
88,9398.635,7341.450,-161.357,107.010,-0.313404,-0.945138,0.092156,0.933861,-0.289142,0.210478,-0.172285,0.152026,0.973245,0,0.98631,0.39385,59.179,0.788,550.000,350.000,-1,-1,-1,350.000,525.000,400.000,75.000,-1,-1,-1,-1,500.000,-1,375.000,-1,0,1,2,2,2,1,1,0,0,2,2,2,2,1,2,1,2
89,-3607.628,327.967,135.233,57.416,0.538360,-0.842509,0.018639,0.842642,0.538472,0.001249,-0.011089,0.015034,0.999825,1,0.00000,0.00000,59.406,0.768,-1,400.000,-1,400.000,-1,325.000,325.000,300.000,300.000,-1,-1,-1,-1,825.000,800.000,-1,-1,2,0,2,0,2,0,0,0,0,2,2,2,2,0,0,2,2
90,-3605.044,332.012,135.181,57.426,0.538207,-0.842605,0.018709,0.842739,0.538321,0.001346,-0.011205,0.015042,0.999824,0,0.08000,0.00513,4.800,0.010,-1,400.000,-1,400.000,-1,325.000,325.000,300.000,300.000,-1,-1,-1,-1,825.000,775.000,-1,-1,2,0,2,0,2,0,0,0,0,2,2,2,2,0,0,2,2
91,-3599.877,340.103,135.077,57.438,0.538032,-0.842714,0.018848,0.842847,0.538151,0.001539,-0.011440,0.015058,0.999821,0,0.16000,0.00578,9.600,0.012,-1,400.000,-1,400.000,-1,325.000,325.000,300.000,300.000,-1,-1,-1,-1,825.000,775.000,-1,-1,2,0,2,0,2,0,0,0,0,2,2,2,2,0,0,2,2
92,-3592.130,352.241,134.921,57.452,0.537816,-0.842847,0.019056,0.842980,0.537943,0.001829,-0.011792,0.015080,0.999817,0,0.24000,0.00709,14.400,0.014,-1,400.000,-1,400.000,-1,325.000,325.000,300.000,300.000,-1,-1,-1,-1,825.000,775.000,-1,-1,2,0,2,0,2,0,0,0,0,2,2,2,2,0,0,2,2
93,-3581.805,368.429,134.713,57.470,0.537540,-0.843016,0.019333,0.843149,0.537676,0.002216,-0.012263,0.015110,0.999811,0,0.32000,0.00906,19.200,0.018,-1,400.000,-1,400.000,-1,325.000,325.000,300.000,300.000,-1,-1,-1,-1,825.000,775.000,-1,-1,2,0,2,0,2,0,0,0,0,2,2,2,2,0,0,2,2
94,-3568.907,388.669,134.454,57.494,0.537184,-0.843235,0.019680,0.843367,0.537331,0.002700,-0.012851,0.015147,0.999803,0,0.40000,0.01169,24.000,0.023,-1,400.000,-1,400.000,-1,325.000,325.000,300.000,300.000,-1,-1,-1,-1,825.000,775.000,-1,-1,2,0,2,0,2,0,0,0,0,2,2,2,2,0,0,2,2
95,-3553.443,412.965,134.142,57.524,0.536728,-0.843516,0.020094,0.843646,0.536889,0.003283,-0.013558,0.015190,0.999793,0,0.48000,0.01500,28.800,0.030,-1,400.000,-1,400.000,-1,325.000,325.000,300.000,300.000,-1,-1,-1,-1,800.000,775.000,-1,-1,2,0,2,0,2,0,0,0,0,2,2,2,2,0,0,2,2
96,-3535.420,441.322,133.774,57.562,0.536152,-0.843871,0.020569,0.843999,0.536330,0.003988,-0.014397,0.015221,0.999780,0,0.56000,0.01898,33.600,0.038,-1,400.000,-1,400.000,-1,325.000,325.000,300.000,300.000,-1,-1,-1,-1,800.000,775.000,-1,-1,2,0,2,0,2,0,0,0,0,2,2,2,2,0,0,2,2
97,-3514.850,473.748,133.264,57.609,0.535445,-0.844318,0.020640,0.844436,0.535636,0.004744,-0.015061,0.014889,0.999776,0,0.64000,0.02365,38.400,0.047,-1,400.000,-1,400.000,-1,325.000,325.000,300.000,300.000,-1,-1,-1,-1,800.000,775.000,-1,-1,2,0,2,0,2,0,0,0,0,2,2,2,2,0,0,2,2
98,-3491.744,510.250,132.629,57.667,0.534586,-0.844867,0.020408,0.844970,0.534785,0.005560,-0.015611,0.014272,0.999776,0,0.72000,0.02902,43.200,0.058,-1,400.000,-1,400.000,-1,325.000,325.000,300.000,300.000,-1,-1,-1,-1,800.000,775.000,-1,-1,2,0,2,0,2,0,0,0,0,2,2,2,2,0,0,2,2
99,-3467.409,548.800,131.961,57.737,0.533548,-0.845529,0.020160,0.845615,0.533755,0.006420,-0.016189,0.013622,0.999776,0,0.75981,0.03509,45.589,0.070,-1,400.000,-1,400.000,-1,325.000,325.000,300.000,300.000,-1,-1,-1,-1,800.000,775.000,-1,-1,2,0,2,0,2,0,0,0,0,2,2,2,2,0,0,2,2
100,-3442.983,587.617,131.257,57.820,0.532319,-0.846311,0.019851,0.846376,0.532534,0.007444,-0.016872,0.012839,0.999775,0,0.76438,0.04154,45.863,0.083,-1,400.000,-1,400.000,-1,325.000,325.000,300.000,300.000,-1,-1,-1,-1,800.000,775.000,-1,-1,2,0,2,0,2,0,0,0,0,2,2,2,2,0,0,2,2
101,-3418.590,626.511,130.531,57.906,0.531056,-0.847113,0.019497,0.847153,0.531279,0.008582,-0.017629,0.011959,0.999773,0,0.76517,0.04265,45.910,0.085,-1,400.000,-1,400.000,-1,325.000,325.000,300.000,300.000,-1,-1,-1,-1,800.000,775.000,-1,-1,2,0,2,0,2,0,0,0,0,2,2,2,2,0,0,2,2
102,-3394.255,665.442,129.806,57.991,0.529793,-0.847911,0.019138,0.847928,0.530022,0.009718,-0.018383,0.011079,0.999770,0,0.76517,0.04265,45.910,0.085,-1,400.000,-1,400.000,-1,325.000,325.000,300.000,300.000,-1,-1,-1,-1,775.000,775.000,-1,-1,2,0,2,0,2,0,0,0,0,2,2,2,2,0,0,2,2
103,-3369.978,704.408,129.082,58.076,0.528529,-0.848707,0.018773,0.848699,0.528764,0.010851,-0.019136,0.010198,0.999765,0,0.76517,0.04265,45.910,0.085,-1,400.000,-1,400.000,-1,325.000,325.000,300.000,300.000,-1,-1,-1,-1,775.000,775.000,-1,-1,2,0,2,0,2,0,0,0,0,2,2,2,2,0,0,2,2
104,-3345.759,743.411,128.287,58.161,0.527265,-0.849499,0.018517,0.849473,0.527503,0.011664,-0.019676,0.009579,0.999761,0,0.76517,0.04265,45.910,0.085,-1,400.000,-1,400.000,-1,325.000,325.000,300.000,300.000,-1,-1,-1,-1,775.000,775.000,-1,-1,2,0,2,0,2,0,0,0,0,2,2,2,2,0,0,2,2
105,-3321.598,782.450,127.366,58.247,0.525999,-0.850285,0.018475,0.850253,0.526239,0.011932,-0.019867,0.009432,0.999758,0,0.76517,0.04265,45.910,0.085,-1,400.000,-1,400.000,-1,325.000,325.000,300.000,300.000,-1,-1,-1,-1,775.000,775.000,-1,-1,2,0,2,0,2,0,0,0,0,2,2,2,2,0,0,2,2
106,-3297.495,821.524,126.439,58.332,0.524731,-0.851068,0.018459,0.851032,0.524973,0.012201,-0.020074,0.009306,0.999755,0,0.76517,0.04265,45.910,0.085,-1,400.000,-1,400.000,-1,325.000,325.000,300.000,300.000,-1,-1,-1,-1,775.000,775.000,-1,-1,2,0,2,0,2,0,0,0,0,2,2,2,2,0,0,2,2
107,-3273.450,860.635,125.480,58.417,0.523457,-0.851849,0.018604,0.851808,0.523705,0.012490,-0.020383,0.009309,0.999749,0,0.76517,0.04265,45.910,0.085,-1,400.000,-1,400.000,-1,325.000,325.000,300.000,300.000,-1,-1,-1,-1,775.000,775.000,-1,-1,2,0,2,0,2,0,0,0,0,2,2,2,2,0,0,2,2
108,-3249.464,899.781,124.503,58.503,0.522180,-0.852627,0.018831,0.852583,0.522436,0.012788,-0.020742,0.009377,0.999741,0,0.76517,0.04265,45.910,0.085,-1,400.000,-1,400.000,-1,325.000,325.000,300.000,300.000,-1,-1,-1,-1,775.000,750.000,-1,-1,2,0,2,0,2,0,0,0,0,2,2,2,2,0,0,2,2
109,-3225.536,938.963,123.531,58.588,0.520903,-0.853404,0.019041,0.853355,0.521165,0.013085,-0.021090,0.009433,0.999733,0,0.76517,0.04265,45.910,0.085,-1,400.000,-1,400.000,-1,325.000,325.000,300.000,300.000,-1,-1,-1,-1,775.000,750.000,-1,-1,2,0,2,0,2,0,0,0,0,2,2,2,2,0,0,2,2
110,-3201.666,978.180,122.561,58.673,0.519625,-0.854178,0.019219,0.854126,0.519894,0.013377,-0.021418,0.009465,0.999726,0,0.76517,0.04265,45.910,0.085,-1,400.000,-1,400.000,-1,325.000,325.000,300.000,300.000,-1,-1,-1,-1,775.000,750.000,-1,-1,2,0,2,0,2,0,0,0,0,2,2,2,2,0,0,2,2
111,-3177.855,1017.433,121.591,58.759,0.518347,-0.854952,0.019358,0.854895,0.518621,0.013663,-0.021721,0.009467,0.999719,0,0.76517,0.04265,45.910,0.085,-1,400.000,-1,400.000,-1,325.000,325.000,300.000,300.000,-1,-1,-1,-1,750.000,750.000,-1,-1,2,0,2,0,2,0,0,0,0,2,2,2,2,0,0,2,2
112,-3154.102,1056.722,120.626,58.844,0.517068,-0.855723,0.019481,0.855661,0.517348,0.013948,-0.022014,0.009458,0.999713,0,0.76517,0.04265,45.910,0.085,-1,400.000,-1,400.000,-1,325.000,325.000,300.000,300.000,-1,-1,-1,-1,750.000,750.000,-1,-1,2,0,2,0,2,0,0,0,0,2,2,2,2,0,0,2,2
113,-3130.408,1096.046,119.666,58.929,0.515788,-0.856492,0.019589,0.856426,0.516073,0.014229,-0.022297,0.009437,0.999707,0,0.76517,0.04265,45.910,0.085,-1,400.000,-1,400.000,-1,325.000,325.000,300.000,300.000,-1,-1,-1,-1,750.000,750.000,-1,-1,2,0,2,0,2,0,0,0,0,2,2,2,2,0,0,2,2
114,-3106.772,1135.404,118.688,59.015,0.514511,-0.857261,0.019560,0.857189,0.514798,0.014493,-0.022494,0.009310,0.999704,0,0.76517,0.04265,45.910,0.085,-1,400.000,-1,400.000,-1,325.000,325.000,300.000,300.000,-1,-1,-1,-1,750.000,750.000,-1,-1,2,0,2,0,2,0,0,0,0,2,2,2,2,0,0,2,2
115,-3083.142,1174.882,117.680,59.096,0.513294,-0.857994,0.019349,0.857916,0.513579,0.014731,-0.022576,0.009038,0.999704,0,0.76683,0.04076,46.010,0.082,-1,400.000,-1,400.000,-1,325.000,325.000,300.000,300.000,-1,-1,-1,-1,750.000,750.000,-1,-1,2,0,2,0,2,0,0,0,0,2,2,2,2,0,0,2,2
116,-3057.074,1218.495,116.571,59.133,0.512743,-0.858330,0.019098,0.858243,0.513025,0.014989,-0.022664,0.008705,0.999705,0,0.84683,0.01857,50.810,0.037,-1,400.000,-1,400.000,-1,325.000,325.000,300.000,300.000,-1,-1,-1,-1,750.000,750.000,-1,-1,2,0,2,0,2,0,0,0,0,2,2,2,2,0,0,2,2
117,-3029.431,1264.798,115.438,59.162,0.512309,-0.858594,0.018881,0.858503,0.512587,0.015079,-0.022624,0.008484,0.999708,0,0.89878,0.01465,53.927,0.029,-1,400.000,-1,400.000,-1,325.000,325.000,300.000,300.000,-1,-1,-1,-1,750.000,725.000,-1,-1,2,0,2,0,2,0,0,0,0,2,2,2,2,0,0,2,2
118,-3001.714,1311.263,114.312,59.183,0.512004,-0.858781,0.018653,0.858687,0.512277,0.015139,-0.022557,0.008266,0.999711,0,0.90172,0.01038,54.103,0.021,-1,400.000,-1,400.000,-1,325.000,325.000,300.000,300.000,-1,-1,-1,-1,750.000,725.000,-1,-1,2,0,2,0,2,0,0,0,0,2,2,2,2,0,0,2,2
119,-2973.923,1357.874,113.178,59.195,0.511830,-0.858889,0.018430,0.858794,0.512098,0.015132,-0.022434,0.008082,0.999716,0,0.90446,0.00600,54.268,0.012,-1,400.000,-1,400.000,-1,325.000,325.000,300.000,300.000,-1,-1,-1,-1,725.000,725.000,-1,-1,2,0,2,0,2,0,0,0,0,2,2,2,2,0,0,2,2
120,-2946.057,1404.616,112.020,59.198,0.511791,-0.858917,0.018238,0.858823,0.512053,0.014984,-0.022209,0.007994,0.999721,0,0.90697,0.00149,54.418,0.003,-1,400.000,-1,375.000,-1,325.000,325.000,300.000,300.000,-1,-1,-1,-1,725.000,725.000,-1,-1,2,0,2,0,2,0,0,0,0,2,2,2,2,0,0,2,2
121,-2918.116,1451.473,110.833,59.192,0.511890,-0.858861,0.018087,0.858773,0.512147,0.014669,-0.021862,0.008024,0.999729,0,0.90925,-0.00312,54.555,-0.006,-1,400.000,-1,375.000,-1,325.000,325.000,300.000,300.000,-1,-1,-1,-1,725.000,725.000,-1,-1,2,0,2,0,2,0,0,0,0,2,2,2,2,0,0,2,2
122,-2890.099,1498.427,109.667,59.176,0.512133,-0.858721,0.017853,0.858638,0.512382,0.014352,-0.021472,0.007979,0.999738,0,0.91129,-0.00784,54.677,-0.016,-1,400.000,-1,375.000,-1,325.000,325.000,300.000,300.000,-1,-1,-1,-1,725.000,725.000,-1,-1,2,0,2,0,2,0,0,0,0,2,2,2,2,0,0,2,2
123,-2862.007,1545.461,108.566,59.151,0.512525,-0.858495,0.017461,0.858418,0.512762,0.013927,-0.020910,0.007851,0.999751,0,0.91308,-0.01266,54.785,-0.025,-1,400.000,-1,375.000,-1,325.000,325.000,300.000,300.000,-1,-1,-1,-1,725.000,725.000,-1,-1,2,0,2,0,2,0,0,0,0,2,2,2,2,0,0,2,2
124,-2833.839,1592.556,107.481,59.116,0.513064,-0.858181,0.017053,0.858110,0.513289,0.013487,-0.020327,0.007714,0.999764,0,0.91460,-0.01758,54.876,-0.035,-1,400.000,-1,375.000,-1,325.000,325.000,300.000,300.000,-1,-1,-1,-1,725.000,725.000,-1,-1,2,0,2,0,2,0,0,0,0,2,2,2,2,0,0,2,2
125,-2805.595,1639.693,106.408,59.071,0.513753,-0.857777,0.016626,0.857711,0.513966,0.013044,-0.019734,0.007559,0.999777,0,0.91586,-0.02258,54.952,-0.045,-1,400.000,-1,375.000,-1,325.000,325.000,300.000,300.000,-1,-1,-1,-1,725.000,725.000,-1,-1,2,0,2,0,2,0,0,0,0,2,2,2,2,0,0,2,2
126,-2777.275,1686.854,105.347,59.015,0.514593,-0.857282,0.016178,0.857221,0.514794,0.012598,-0.019129,0.007385,0.999790,0,0.91684,-0.02765,55.011,-0.055,-1,375.000,-1,375.000,-1,325.000,325.000,300.000,300.000,-1,-1,-1,-1,725.000,725.000,-1,-1,2,0,2,0,2,0,0,0,0,2,2,2,2,0,0,2,2
127,-2748.879,1734.019,104.301,58.950,0.515587,-0.856693,0.015710,0.856637,0.515776,0.012151,-0.018512,0.007193,0.999803,0,0.91755,-0.03279,55.053,-0.066,-1,375.000,-1,375.000,-1,325.000,325.000,300.000,300.000,-1,-1,-1,-1,725.000,725.000,-1,-1,2,0,2,0,2,0,0,0,0,2,2,2,2,0,0,2,2
128,-2720.408,1781.167,103.274,58.874,0.516735,-0.856010,0.015252,0.855958,0.516912,0.011706,-0.017904,0.007006,0.999815,0,0.91797,-0.03798,55.078,-0.076,-1,375.000,-1,375.000,-1,325.000,325.000,300.000,300.000,-1,-1,-1,-1,725.000,725.000,-1,-1,2,0,2,0,2,0,0,0,0,2,2,2,2,0,0,2,2
129,-2691.862,1828.279,102.297,58.787,0.518033,-0.855230,0.014960,0.855183,0.518203,0.011283,-0.017402,0.006948,0.999824,0,0.91810,-0.04320,55.086,-0.086,-1,375.000,-1,375.000,-1,325.000,325.000,300.000,300.000,-1,-1,-1,-1,700.000,700.000,-1,-1,2,0,2,0,2,0,0,0,0,2,2,2,2,0,0,2,2
130,-2663.240,1875.336,101.353,58.691,0.519489,-0.854353,0.014575,0.854311,0.519649,0.010849,-0.016843,0.006816,0.999835,0,0.91795,-0.04844,55.077,-0.097,-1,375.000,-1,375.000,-1,325.000,325.000,300.000,300.000,-1,-1,-1,-1,700.000,700.000,-1,-1,2,0,2,0,2,0,0,0,0,2,2,2,2,0,0,2,2
131,-2634.544,1922.317,100.586,58.583,0.521101,-0.853376,0.014257,0.853350,0.521248,0.009762,-0.015762,0.007080,0.999851,0,0.91752,-0.05368,55.051,-0.107,-1,375.000,-1,375.000,-1,325.000,325.000,300.000,300.000,-1,-1,-1,-1,700.000,700.000,-1,-1,2,0,2,0,2,0,0,0,0,2,2,2,2,0,0,2,2
132,-2605.774,1969.202,99.846,58.465,0.522867,-0.852301,0.013918,0.852289,0.523000,0.008638,-0.014641,0.007345,0.999866,0,0.91682,-0.05890,55.009,-0.118,-1,375.000,-1,375.000,-1,325.000,325.000,300.000,300.000,-1,-1,-1,-1,-1,700.000,-1,-1,2,0,2,0,2,0,0,0,0,2,2,2,2,2,0,2,2
133,-2576.213,2017.242,99.109,58.395,0.523931,-0.851653,0.013536,0.851654,0.524051,0.007484,-0.013467,0.007607,0.999880,0,0.94009,-0.03537,56.405,-0.071,-1,375.000,-1,375.000,-1,325.000,325.000,300.000,300.000,-1,-1,-1,-1,-1,725.000,-1,-1,2,0,2,0,2,0,0,0,0,2,2,2,2,2,0,2,2
134,-2548.999,2061.088,98.477,58.173,0.527238,-0.849616,0.013130,0.849626,0.527345,0.006521,-0.012464,0.007718,0.999893,0,0.86009,-0.11094,51.605,-0.222,-1,375.000,-1,375.000,-1,325.000,325.000,300.000,300.000,-1,-1,-1,-1,-1,725.000,-1,-1,2,0,2,0,2,0,0,0,0,2,2,2,2,2,0,2,2
135,-2524.167,2100.763,97.958,57.958,0.530423,-0.847637,0.012779,0.847653,0.530520,0.005753,-0.011656,0.007780,0.999902,0,0.78009,-0.10720,46.805,-0.214,-1,375.000,-1,375.000,-1,325.000,325.000,300.000,300.000,-1,975.000,975.000,-1,-1,725.000,-1,-1,2,0,2,0,2,0,0,0,0,2,0,0,2,2,0,2,2
136,-2501.753,2136.289,97.505,57.751,0.533493,-0.845713,0.012445,0.845734,0.533581,0.005064,-0.010924,0.007824,0.999910,0,0.70009,-0.10357,42.005,-0.207,-1,375.000,-1,375.000,-1,325.000,325.000,300.000,300.000,-1,950.000,950.000,-1,-1,725.000,-1,-1,2,0,2,0,2,0,0,0,0,2,0,0,2,2,0,2,2
137,-2481.790,2167.685,97.149,57.551,0.536454,-0.843844,0.011966,0.843868,0.536532,0.004436,-0.010163,0.007719,0.999919,0,0.62009,-0.10008,37.205,-0.200,-1,375.000,-1,375.000,-1,325.000,325.000,300.000,300.000,-1,925.000,900.000,-1,-1,725.000,-1,-1,2,0,2,0,2,0,0,0,0,2,0,0,2,2,0,2,2
138,-2464.311,2194.972,96.877,57.357,0.539313,-0.842028,0.011399,0.842053,0.539381,0.003875,-0.009411,0.007509,0.999928,0,0.54009,-0.09679,32.405,-0.194,-1,375.000,-1,375.000,-1,325.000,325.000,300.000,300.000,-1,875.000,875.000,-1,-1,725.000,-1,-1,2,0,2,0,2,0,0,0,0,2,0,0,2,2,0,2,2
139,-2449.345,2218.169,96.647,57.170,0.542074,-0.840260,0.010920,0.840285,0.542135,0.003400,-0.008777,0.007333,0.999935,0,0.46009,-0.09375,27.605,-0.187,-1,375.000,-1,375.000,-1,325.000,325.000,300.000,300.000,-1,850.000,850.000,-1,-1,725.000,-1,-1,2,0,2,0,2,0,0,0,0,2,0,0,2,2,0,2,2
