timestep,x_cm,y_cm,z_cm,yaw_deg,basis_xx,basis_xy,basis_xz,basis_yx,basis_yy,basis_yz,basis_zx,basis_zy,basis_zz,teleport_flag,throttle_cmd,steering_cmd,cmd_move_cm,cmd_turn_deg,lidar_cm_0,lidar_cm_1,lidar_cm_2,lidar_cm_3,lidar_cm_4,lidar_cm_5,lidar_cm_6,lidar_cm_7,lidar_cm_8,lidar_cm_9,lidar_cm_10,lidar_cm_11,lidar_cm_12,lidar_cm_13,lidar_cm_14,lidar_cm_15,lidar_cm_16,lidar_class_0,lidar_class_1,lidar_class_2,lidar_class_3,lidar_class_4,lidar_class_5,lidar_class_6,lidar_class_7,lidar_class_8,lidar_class_9,lidar_class_10,lidar_class_11,lidar_class_12,lidar_class_13,lidar_class_14,lidar_class_15,lidar_class_16
0,984.493,-2956.458,-90.655,-82.898,0.123808,0.992161,0.016971,-0.992255,0.123610,0.012279,0.010085,-0.018360,0.999781,1,0.08000,0.12000,4.800,0.240,-1,400.000,-1,375.000,-1,325.000,325.000,300.000,300.000,-1,375.000,400.000,-1,750.000,725.000,-1,-1,2,0,2,0,2,0,0,0,0,2,1,1,2,0,0,2,2
1,985.760,-2965.974,-90.562,-82.418,0.132118,0.991087,0.017079,-0.991183,0.131917,0.012398,0.010035,-0.018567,0.999777,0,0.16000,0.24000,9.600,0.480,-1,400.000,-1,375.000,-1,325.000,325.000,300.000,300.000,-1,375.000,400.000,-1,750.000,725.000,-1,-1,2,0,2,0,2,0,0,0,0,2,1,1,2,0,0,2,2
2,987.839,-2980.223,-90.428,-81.698,0.144564,0.989345,0.017236,-0.989445,0.144360,0.012575,0.009953,-0.018872,0.999772,0,0.24000,0.36000,14.400,0.720,-1,400.000,-1,375.000,-1,325.000,325.000,300.000,300.000,-1,400.000,425.000,-1,750.000,725.000,-1,-1,2,0,2,0,2,0,0,0,0,2,1,1,2,0,0,2,2
3,990.864,-2999.183,-90.251,-80.935,0.157731,0.987328,0.017433,-0.987433,0.157521,0.012810,0.009902,-0.019235,0.999766,0,0.32000,0.38151,19.200,0.763,-1,400.000,-1,375.000,-1,325.000,325.000,300.000,300.000,-1,425.000,425.000,-1,750.000,725.000,-1,-1,2,0,2,0,2,0,0,0,0,2,1,1,2,0,0,2,2
4,994.954,-3022.832,-90.035,-80.188,0.170593,0.985183,0.017667,-0.985292,0.170377,0.013105,0.009901,-0.019643,0.999758,0,0.40000,0.37346,24.000,0.747,-1,400.000,-1,375.000,-1,325.000,325.000,300.000,300.000,-1,425.000,450.000,-1,750.000,725.000,-1,-1,2,0,2,0,2,0,0,0,0,2,1,1,2,0,0,2,2
5,1000.222,-3051.146,-89.785,-79.462,0.183084,0.982934,0.017932,-0.983047,0.182859,0.013459,0.009951,-0.020092,0.999749,0,0.48000,0.36342,28.800,0.727,-1,400.000,-1,375.000,-1,325.000,325.000,300.000,300.000,-1,475.000,500.000,-1,750.000,725.000,-1,-1,2,0,2,0,2,0,0,0,0,2,1,1,2,0,0,2,2
6,1006.772,-3084.102,-89.503,-78.759,0.195134,0.980607,0.018224,-0.980725,0.194900,0.013872,0.010051,-0.020579,0.999738,0,0.56000,0.35139,33.600,0.703,-1,400.000,-1,375.000,-1,325.000,325.000,300.000,300.000,-1,500.000,525.000,-1,750.000,725.000,-1,-1,2,0,2,0,2,0,0,0,0,2,1,1,2,0,0,2,2
7,1014.701,-3121.674,-89.196,-78.084,0.206678,0.978233,0.018538,-0.978356,0.206432,0.014345,0.010206,-0.021102,0.999725,0,0.64000,0.33737,38.400,0.675,-1,400.000,-1,375.000,-1,325.000,325.000,300.000,300.000,-1,550.000,575.000,-1,750.000,725.000,-1,-1,2,0,2,0,2,0,0,0,0,2,1,1,2,0,0,2,2
8,1023.822,-3162.620,-88.879,-77.441,0.217649,0.975845,0.018862,-0.975972,0.217390,0.014864,0.010405,-0.021644,0.999712,0,0.69916,0.32137,41.949,0.643,-1,400.000,-1,375.000,-1,325.000,325.000,300.000,300.000,-1,575.000,600.000,-1,750.000,725.000,-1,-1,2,0,2,0,2,0,0,0,0,2,1,1,2,0,0,2,2
9,1033.548,-3204.195,-88.575,-76.833,0.227999,0.973473,0.019170,-0.973603,0.227727,0.015395,0.010621,-0.022174,0.999698,0,0.71163,0.30391,42.698,0.608,-1,400.000,-1,375.000,-1,325.000,325.000,300.000,300.000,-1,625.000,650.000,-1,750.000,725.000,-1,-1,2,0,2,0,2,0,0,0,0,2,1,1,2,0,0,2,2
10,1043.869,-3246.408,-88.183,-76.261,0.237724,0.971129,0.019875,-0.971274,0.237435,0.015859,0.010682,-0.023074,0.999677,0,0.72426,0.28616,43.456,0.572,-1,400.000,-1,375.000,-1,325.000,325.000,300.000,300.000,-1,675.000,700.000,-1,750.000,725.000,-1,-1,2,0,2,0,2,0,0,0,0,2,1,1,2,0,0,2,2
11,1054.774,-3289.266,-87.741,-75.725,0.246820,0.968839,0.020771,-0.969000,0.246506,0.016542,0.010906,-0.024210,0.999647,0,0.73706,0.26811,44.224,0.536,-1,400.000,-1,375.000,-1,325.000,325.000,300.000,300.000,-1,700.000,750.000,-1,750.000,725.000,-1,-1,2,0,2,0,2,0,0,0,0,2,1,1,2,0,0,2,2
12,1066.251,-3332.779,-87.298,-75.225,0.255275,0.966626,0.021654,-0.966804,0.254936,0.017226,0.011131,-0.025333,0.999617,0,0.75003,0.24976,45.002,0.500,-1,400.000,-1,375.000,-1,325.000,325.000,300.000,300.000,-1,750.000,800.000,-1,750.000,725.000,-1,-1,2,0,2,0,2,0,0,0,0,2,1,1,2,0,0,2,2
13,1078.285,-3376.960,-86.710,-74.763,0.263070,0.964525,0.022029,-0.964713,0.262722,0.017490,0.011082,-0.025853,0.999604,0,0.76317,0.23110,45.790,0.462,-1,400.000,-1,375.000,-1,325.000,325.000,300.000,300.000,-1,800.000,850.000,-1,750.000,725.000,-1,-1,2,0,2,0,2,0,0,0,0,2,1,1,2,0,0,2,2
14,1090.862,-3421.821,-86.049,-74.339,0.270213,0.962548,0.022042,-0.962734,0.269855,0.017929,0.011309,-0.026065,0.999596,0,0.77651,0.21212,46.590,0.424,-1,400.000,-1,375.000,-1,325.000,325.000,300.000,300.000,-1,850.000,900.000,-1,750.000,750.000,-1,-1,2,0,2,0,2,0,0,0,0,2,1,1,2,0,0,2,2
15,1103.965,-3467.376,-85.388,-73.953,0.276694,0.960705,0.022048,-0.960888,0.276325,0.018387,0.011572,-0.026273,0.999588,0,0.79003,0.19281,47.402,0.386,-1,400.000,-1,375.000,-1,325.000,325.000,300.000,300.000,-1,900.000,950.000,-1,750.000,750.000,-1,-1,2,0,2,0,2,0,0,0,0,2,1,1,2,0,0,2,2
16,1117.575,-3513.642,-84.727,-73.607,0.282507,0.959012,0.022048,-0.959192,0.282126,0.018867,0.011874,-0.026479,0.999579,0,0.80377,0.17317,48.226,0.346,-1,400.000,-1,375.000,-1,325.000,325.000,300.000,300.000,-1,950.000,1000.000,-1,750.000,750.000,-1,-1,2,0,2,0,2,0,0,0,0,2,1,1,2,0,0,2,2
17,1131.674,-3560.636,-84.062,-73.301,0.287642,0.957484,0.022058,-0.957660,0.287249,0.019392,0.012232,-0.026702,0.999569,0,0.81772,0.15320,49.063,0.306,-1,400.000,-1,375.000,-1,325.000,325.000,300.000,300.000,-1,1000.000,-1,-1,750.000,750.000,-1,-1,2,0,2,0,2,0,0,0,0,2,1,2,2,0,0,2,2
18,1146.238,-3608.377,-83.390,-73.035,0.292093,0.956135,0.022079,-0.956306,0.291684,0.019967,0.012651,-0.026947,0.999557,0,0.83190,0.13287,49.914,0.266,-1,400.000,-1,400.000,-1,325.000,325.000,300.000,300.000,-1,-1,-1,-1,775.000,750.000,-1,-1,2,0,2,0,2,0,0,0,0,2,2,2,2,0,0,2,2
19,1161.245,-3656.888,-82.720,-72.810,0.295849,0.954979,0.022091,-0.955145,0.295425,0.020559,0.013107,-0.027183,0.999545,0,0.84632,0.11219,50.779,0.224,-1,400.000,-1,400.000,-1,325.000,325.000,300.000,300.000,-1,-1,-1,-1,775.000,750.000,-1,-1,2,0,2,0,2,0,0,0,0,2,2,2,2,0,0,2,2
20,1175.189,-3700.702,-82.132,-72.346,0.303591,0.952546,0.022102,-0.952708,0.303153,0.021101,0.013399,-0.027463,0.999533,0,0.76632,0.23219,45.979,0.464,-1,400.000,-1,400.000,-1,325.000,325.000,300.000,300.000,-1,-1,-1,-1,775.000,775.000,-1,-1,2,0,2,0,2,0,0,0,0,2,2,2,2,0,0,2,2
21,1189.918,-3745.086,-81.558,-71.642,0.315288,0.948739,0.022103,-0.948899,0.314837,0.021652,0.013583,-0.027800,0.999521,0,0.77939,0.35219,46.764,0.704,-1,400.000,-1,400.000,-1,325.000,325.000,300.000,300.000,-1,-1,-1,-1,775.000,775.000,-1,-1,2,0,2,0,2,0,0,0,0,2,2,2,2,0,0,2,2
22,1205.645,-3789.987,-81.006,-70.697,0.330891,0.943410,0.022083,-0.943570,0.330428,0.022208,0.013655,-0.028185,0.999509,0,0.79293,0.47219,47.576,0.944,-1,400.000,-1,400.000,-1,325.000,325.000,300.000,300.000,-1,-1,-1,-1,800.000,775.000,-1,-1,2,0,2,0,2,0,0,0,0,2,2,2,2,0,0,2,2
23,1222.584,-3835.323,-80.458,-69.513,0.350328,0.936365,0.022136,-0.936529,0.349852,0.022731,0.013540,-0.028695,0.999497,0,0.80663,0.59219,48.398,1.184,-1,400.000,-1,400.000,-1,325.000,325.000,300.000,300.000,-1,-1,-1,-1,800.000,775.000,-1,-1,2,0,2,0,2,0,0,0,0,2,2,2,2,0,0,2,2
24,1240.898,-3880.855,-79.897,-68.089,0.373497,0.927360,0.022425,-0.927540,0.373012,0.023068,0.013028,-0.029416,0.999482,0,0.81796,0.71219,49.077,1.424,-1,400.000,-1,400.000,-1,325.000,325.000,300.000,300.000,-1,-1,-1,-1,800.000,800.000,-1,-1,2,0,2,0,2,0,0,0,0,2,2,2,2,0,0,2,2
25,1260.528,-3925.836,-79.462,-66.424,0.400265,0.916122,0.022526,-0.916319,0.399784,0.023067,0.012126,-0.029874,0.999480,0,0.81796,0.83219,49.077,1.664,-1,400.000,-1,400.000,-1,325.000,325.000,300.000,300.000,-1,-1,-1,-1,800.000,800.000,-1,-1,2,0,2,0,2,0,0,0,0,2,2,2,2,0,0,2,2
26,1281.641,-3970.139,-79.063,-64.520,0.430477,0.902320,0.022529,-0.902533,0.430003,0.023067,0.011126,-0.030263,0.999480,0,0.81796,0.95219,49.077,1.904,-1,400.000,-1,400.000,-1,325.000,325.000,300.000,300.000,-1,-1,-1,-1,825.000,825.000,-1,-1,2,0,2,0,2,0,0,0,0,2,2,2,2,0,0,2,2
27,1304.287,-4013.679,-78.728,-62.520,0.461692,0.886754,0.022553,-0.886984,0.461226,0.023042,0.010030,-0.030643,0.999480,0,0.81796,1.00000,49.077,2.000,-1,400.000,-1,400.000,-1,325.000,325.000,300.000,300.000,-1,-1,-1,-1,825.000,825.000,-1,-1,2,0,2,0,2,0,0,0,0,2,2,2,2,0,0,2,2
28,1328.439,-4056.402,-78.365,-60.520,0.492334,0.870117,0.022429,-0.870364,0.491892,0.022543,0.008583,-0.030620,0.999494,0,0.81796,1.00000,49.077,2.000,-1,400.000,-1,400.000,-1,325.000,325.000,300.000,300.000,-1,-1,-1,-1,825.000,850.000,-1,-1,2,0,2,0,2,0,0,0,0,2,2,2,2,0,0,2,2
29,1354.079,-4098.274,-78.062,-58.520,0.522371,0.852425,0.022362,-0.852689,0.521956,0.021984,0.007068,-0.030552,0.999508,0,0.81831,0.99986,49.098,2.000,-1,400.000,-1,400.000,-1,325.000,325.000,300.000,300.000,-1,-1,-1,-1,825.000,850.000,-1,-1,2,0,2,0,2,0,0,0,0,2,2,2,2,0,0,2,2
30,1381.338,-4139.498,-77.813,-56.525,0.551699,0.833742,0.022422,-0.834025,0.551312,0.021393,0.005474,-0.030503,0.999520,0,0.82370,0.99736,49.422,1.995,-1,400.000,-1,400.000,-1,325.000,325.000,300.000,300.000,-1,-1,-1,-1,825.000,850.000,-1,-1,2,0,2,0,2,0,0,0,0,2,2,2,2,0,0,2,2
31,1410.190,-4180.001,-77.684,-54.537,0.580270,0.814103,0.022856,-0.814416,0.579910,0.020767,0.003652,-0.030665,0.999523,0,0.82880,0.99437,49.728,1.989,-1,400.000,-1,400.000,-1,325.000,325.000,300.000,300.000,-1,-1,-1,-1,825.000,875.000,-1,-1,2,0,2,0,2,0,0,0,0,2,2,2,2,0,0,2,2
32,1440.598,-4219.708,-77.627,-52.555,0.608045,0.793559,0.023367,-0.793901,0.607713,0.020153,0.001792,-0.030805,0.999524,0,0.83355,0.99088,50.013,1.982,-1,400.000,-1,400.000,-1,325.000,325.000,300.000,300.000,-1,-1,-1,-1,825.000,875.000,-1,-1,2,0,2,0,2,0,0,0,0,2,2,2,2,0,0,2,2
33,1472.520,-4258.544,-77.639,-50.581,0.634984,0.772154,0.023930,-0.772525,0.634683,0.019556,-0.000088,-0.030904,0.999522,0,0.83788,0.98690,50.273,1.974,-1,400.000,-1,400.000,-1,325.000,325.000,300.000,300.000,-1,-1,-1,-1,825.000,875.000,-1,-1,2,0,2,0,2,0,0,0,0,2,2,2,2,0,0,2,2
34,1505.909,-4296.438,-77.721,-48.616,0.661053,0.749938,0.024543,-0.750337,0.660783,0.018981,-0.001983,-0.030963,0.999519,0,0.84176,0.98243,50.505,1.965,-1,400.000,-1,400.000,-1,325.000,325.000,300.000,300.000,-1,-1,-1,-1,825.000,900.000,-1,-1,2,0,2,0,2,0,0,0,0,2,2,2,2,0,0,2,2
35,1540.710,-4333.317,-77.883,-46.661,0.686219,0.726960,0.025151,-0.727384,0.685983,0.018429,-0.003856,-0.030941,0.999514,0,0.84512,0.97750,50.707,1.955,-1,400.000,-1,400.000,-1,325.000,325.000,300.000,300.000,-1,-1,-1,-1,825.000,900.000,-1,-1,2,0,2,0,2,0,0,0,0,2,2,2,2,0,0,2,2
36,1576.861,-4369.113,-78.209,-44.717,0.710463,0.703277,0.025362,-0.703713,0.710260,0.017853,-0.005458,-0.030532,0.999519,0,0.84792,0.97211,50.875,1.944,-1,400.000,-1,400.000,-1,325.000,325.000,300.000,300.000,-1,-1,-1,-1,850.000,925.000,-1,-1,2,0,2,0,2,0,0,0,0,2,2,2,2,0,0,2,2
37,1614.296,-4403.759,-78.683,-42.784,0.733748,0.678939,0.025586,-0.679382,0.733590,0.016902,-0.007294,-0.029785,0.999530,0,0.85011,0.96630,51.007,1.933,-1,400.000,-1,425.000,-1,325.000,325.000,300.000,300.000,-1,-1,-1,-1,850.000,925.000,-1,-1,2,0,2,0,2,0,0,0,0,2,2,2,2,0,0,2,2
38,1652.940,-4437.192,-79.246,-40.864,0.756058,0.653994,0.025867,-0.654441,0.755947,0.015858,-0.009184,-0.028918,0.999540,0,0.85165,0.96011,51.099,1.920,-1,400.000,-1,425.000,-1,325.000,325.000,300.000,300.000,-1,-1,-1,-1,850.000,925.000,-1,-1,2,0,2,0,2,0,0,0,0,2,2,2,2,0,0,2,2
39,1692.716,-4469.352,-79.888,-38.957,0.777375,0.628491,0.026213,-0.628939,0.777314,0.014761,-0.011099,-0.027961,0.999547,0,0.85252,0.95357,51.151,1.907,-1,400.000,-1,425.000,-1,325.000,325.000,300.000,300.000,-1,-1,-1,-1,850.000,925.000,-1,-1,2,0,2,0,2,0,0,0,0,2,2,2,2,0,0,2,2
40,1733.541,-4500.188,-80.604,-37.063,0.797689,0.602481,0.026624,-0.602929,0.797679,0.013615,-0.013035,-0.026913,0.999553,0,0.85270,0.94674,51.162,1.893,-1,400.000,-1,425.000,-1,325.000,325.000,300.000,300.000,-1,-1,-1,-1,850.000,950.000,-1,-1,2,0,2,0,2,0,0,0,0,2,2,2,2,0,0,2,2
41,1775.330,-4529.649,-81.370,-35.184,0.816989,0.576016,0.027108,-0.576457,0.817035,0.012312,-0.015057,-0.025685,0.999557,0,0.85217,0.93967,51.130,1.879,-1,400.000,-1,425.000,-1,325.000,325.000,300.000,300.000,-1,-1,-1,-1,825.000,950.000,-1,-1,2,0,2,0,2,0,0,0,0,2,2,2,2,0,0,2,2
42,1817.993,-4557.695,-82.346,-33.319,0.835266,0.549147,0.027723,-0.549569,0.835384,0.010379,-0.017459,-0.023905,0.999562,0,0.85094,0.93244,51.056,1.865,-1,400.000,-1,425.000,-1,325.000,325.000,300.000,300.000,-1,-1,-1,-1,825.000,950.000,-1,-1,2,0,2,0,2,0,0,0,0,2,2,2,2,0,0,2,2
43,1861.442,-4584.289,-83.394,-31.469,0.852526,0.521911,0.028443,-0.522309,0.852714,0.008473,-0.019831,-0.022080,0.999560,0,0.84903,0.92511,50.942,1.850,-1,400.000,-1,425.000,-1,325.000,325.000,300.000,300.000,-1,-1,-1,-1,825.000,925.000,-1,-1,2,0,2,0,2,0,0,0,0,2,2,2,2,0,0,2,2
44,1905.587,-4609.402,-84.534,-29.634,0.868766,0.494348,0.029443,-0.494723,0.869024,0.006750,-0.022249,-0.020430,0.999544,0,0.84648,0.91776,50.789,1.836,-1,400.000,-1,425.000,-1,325.000,325.000,300.000,300.000,-1,-1,-1,-1,825.000,925.000,-1,-1,2,0,2,0,2,0,0,0,0,2,2,2,2,0,0,2,2
45,1950.342,-4633.011,-85.747,-27.813,0.883992,0.466497,0.030636,-0.466851,0.884321,0.005208,-0.024663,-0.018906,0.999517,0,0.84334,0.91050,50.600,1.821,-1,400.000,-1,425.000,-1,325.000,325.000,300.000,300.000,-1,-1,-1,-1,825.000,925.000,-1,-1,2,0,2,0,2,0,0,0,0,2,2,2,2,0,0,2,2
46,1995.625,-4655.095,-87.025,-25.997,0.898282,0.438263,0.031863,-0.438594,0.898677,0.003908,-0.026922,-0.017485,0.999485,0,0.83968,0.90759,50.381,1.815,-1,400.000,-1,425.000,-1,325.000,325.000,300.000,300.000,-1,-1,-1,-1,825.000,925.000,-1,-1,2,0,2,0,2,0,0,0,0,2,2,2,2,0,0,2,2
47,2042.972,-4676.318,-88.448,-24.144,0.911948,0.408973,0.033040,-0.409282,0.912404,0.002882,-0.028968,-0.016151,0.999450,0,0.86477,0.92684,51.886,1.854,-1,400.000,-1,425.000,-1,325.000,325.000,300.000,300.000,-1,-1,-1,-1,825.000,925.000,-1,-1,2,0,2,0,2,0,0,0,0,2,2,2,2,0,0,2,2
48,2090.881,-4695.974,-89.988,-22.307,0.924557,0.379529,0.033947,-0.379803,0.925065,0.001793,-0.030723,-0.014551,0.999422,0,0.86307,0.91835,51.784,1.837,-1,400.000,-1,425.000,-1,325.000,325.000,300.000,325.000,-1,-1,-1,-1,825.000,925.000,-1,-1,2,0,2,0,2,0,0,0,0,2,2,2,2,0,0,2,2
49,2139.250,-4714.047,-91.699,-20.488,0.936104,0.349978,0.034997,-0.350200,0.936675,0.000216,-0.032705,-0.012458,0.999387,0,0.86058,0.90968,51.635,1.819,-1,400.000,-1,425.000,-1,325.000,325.000,300.000,325.000,-1,-1,-1,-1,800.000,925.000,-1,-1,2,0,2,0,2,0,0,0,0,2,2,2,2,0,0,2,2
50,2187.978,-4730.527,-93.449,-18.686,0.946610,0.320362,0.036031,-0.320526,0.947239,-0.001272,-0.034537,-0.010345,0.999350,0,0.85731,0.90090,51.439,1.802,-1,400.000,-1,425.000,-1,325.000,325.000,300.000,325.000,-1,-1,-1,-1,800.000,925.000,-1,-1,2,0,2,0,2,0,0,0,0,2,2,2,2,0,0,2,2
51,2232.549,-4744.260,-95.071,-17.124,0.954958,0.294431,0.036955,-0.294541,0.955636,-0.002560,-0.036069,-0.008440,0.999314,0,0.77731,0.78090,46.639,1.562,-1,400.000,-1,425.000,-1,325.000,325.000,300.000,325.000,-1,-1,-1,-1,800.000,925.000,-1,-1,2,0,2,0,2,0,0,0,0,2,2,2,2,0,0,2,2
52,2275.533,-4756.425,-96.657,-15.802,0.961465,0.272312,0.037822,-0.272368,0.962186,-0.003757,-0.037415,-0.006689,0.999277,0,0.74454,0.66090,44.673,1.322,-1,400.000,-1,425.000,-1,325.000,325.000,300.000,325.000,-1,-1,-1,-1,800.000,925.000,-1,-1,2,0,2,0,2,0,0,0,0,2,2,2,2,0,0,2,2
53,2318.501,-4767.714,-98.289,-14.720,0.966408,0.254100,0.038576,-0.254099,0.967165,-0.005000,-0.038580,-0.004970,0.999243,0,0.74044,0.54090,44.426,1.082,-1,400.000,-1,400.000,-1,325.000,325.000,300.000,325.000,-1,-1,-1,-1,800.000,925.000,-1,-1,2,0,2,0,2,0,0,0,0,2,2,2,2,0,0,2,2
54,2361.394,-4778.312,-100.016,-13.879,0.970022,0.239865,0.039026,-0.239798,0.970801,-0.006453,-0.039434,-0.003099,0.999217,0,0.73637,0.42090,44.182,0.842,-1,400.000,-1,400.000,-1,325.000,325.000,300.000,325.000,-1,-1,-1,-1,800.000,925.000,-1,-1,2,0,2,0,2,0,0,0,0,2,2,2,2,0,0,2,2
55,2404.165,-4788.405,-101.746,-13.277,0.972469,0.229656,0.039522,-0.229526,0.973271,-0.007868,-0.040272,-0.001420,0.999188,0,0.73243,0.30090,43.946,0.602,-1,400.000,-1,425.000,-1,325.000,325.000,300.000,300.000,-1,-1,-1,-1,800.000,925.000,-1,-1,2,0,2,0,2,0,0,0,0,2,2,2,2,0,0,2,2
56,2446.781,-4798.177,-103.481,-12.915,0.973879,0.223506,0.040055,-0.223314,0.974703,-0.009256,-0.041110,0.000069,0.999155,0,0.72870,0.18090,43.722,0.362,-1,400.000,-1,425.000,-1,325.000,325.000,300.000,300.000,-1,-1,-1,-1,800.000,925.000,-1,-1,2,0,2,0,2,0,0,0,0,2,2,2,2,0,0,2,2
57,2489.215,-4807.813,-105.221,-12.793,0.974329,0.221433,0.040620,-0.221182,0.975175,-0.010626,-0.041965,0.001369,0.999118,0,0.72524,0.06090,43.514,0.122,-1,400.000,-1,425.000,-1,325.000,325.000,300.000,300.000,-1,-1,-1,-1,800.000,925.000,-1,-1,2,0,2,0,2,0,0,0,0,2,2,2,2,0,0,2,2
58,2531.446,-4817.494,-106.969,-12.911,0.973845,0.223444,0.041213,-0.223136,0.974714,-0.011989,-0.042850,0.002479,0.999078,0,0.72210,-0.05910,43.326,-0.118,-1,400.000,-1,425.000,-1,325.000,325.000,300.000,300.000,-1,-1,-1,-1,825.000,925.000,-1,-1,2,0,2,0,2,0,0,0,0,2,2,2,2,0,0,2,2
59,2573.452,-4827.401,-108.770,-13.270,0.972406,0.229533,0.041738,-0.229178,0.973296,-0.013157,-0.043643,0.003229,0.999042,0,0.71932,-0.17910,43.159,-0.358,-1,400.000,-1,425.000,-1,325.000,325.000,300.000,300.000,-1,-1,-1,-1,825.000,925.000,-1,-1,2,0,2,0,2,0,0,0,0,2,2,2,2,0,0,2,2
60,2615.214,-4837.711,-110.783,-13.868,0.969901,0.239682,0.042944,-0.239311,0.970847,-0.013664,-0.044967,0.002976,0.998984,0,0.71693,-0.29910,43.016,-0.598,-1,400.000,-1,425.000,-1,325.000,325.000,300.000,325.000,-1,-1,-1,-1,825.000,925.000,-1,-1,2,0,2,0,2,0,0,0,0,2,2,2,2,0,0,2,2
61,2656.707,-4848.601,-112.818,-14.706,0.966231,0.253859,0.044196,-0.253474,0.967238,-0.014192,-0.046350,0.002510,0.998922,0,0.71495,-0.41910,42.897,-0.838,-1,400.000,-1,425.000,-1,325.000,325.000,300.000,325.000,-1,-1,-1,-1,825.000,925.000,-1,-1,2,0,2,0,2,0,0,0,0,2,2,2,2,0,0,2,2
62,2697.943,-4860.079,-114.935,-15.555,0.962312,0.268162,0.045224,-0.267756,0.963371,-0.014923,-0.047569,0.002252,0.998865,0,0.71340,-0.42446,42.804,-0.849,-1,400.000,-1,425.000,-1,325.000,325.000,300.000,325.000,-1,-1,-1,-1,825.000,925.000,-1,-1,2,0,2,0,2,0,0,0,0,2,2,2,2,0,0,2,2
63,2738.916,-4872.141,-117.221,-16.404,0.958173,0.282406,0.046394,-0.281947,0.959292,-0.016286,-0.049105,0.002524,0.998790,0,0.71187,-0.42447,42.712,-0.849,-1,400.000,-1,425.000,-1,325.000,325.000,300.000,300.000,-1,-1,-1,-1,825.000,925.000,-1,-1,2,0,2,0,2,0,0,0,0,2,2,2,2,0,0,2,2
64,2775.098,-4883.465,-119.290,-17.378,0.953173,0.298672,0.047490,-0.298165,0.954352,-0.017598,-0.050578,0.002615,0.998717,0,0.63187,-0.48702,37.912,-0.974,-1,400.000,-1,425.000,-1,325.000,325.000,300.000,300.000,-1,-1,-1,-1,825.000,900.000,-1,-1,2,0,2,0,2,0,0,0,0,2,2,2,2,0,0,2,2
65,2806.526,-4893.890,-121.112,-18.352,0.947905,0.314847,0.048448,-0.314298,0.949139,-0.018754,-0.051889,0.002550,0.998650,0,0.55187,-0.48686,33.112,-0.974,-1,400.000,-1,425.000,-1,325.000,325.000,300.000,300.000,-1,-1,-1,-1,825.000,900.000,-1,-1,2,0,2,0,2,0,0,0,0,2,2,2,2,0,0,2,2
66,2833.243,-4903.259,-122.679,-19.325,0.942370,0.330926,0.049271,-0.330344,0.943654,-0.019751,-0.053030,0.002336,0.998590,0,0.47187,-0.48669,28.312,-0.973,-1,400.000,-1,425.000,-1,325.000,325.000,300.000,300.000,-1,-1,-1,-1,850.000,900.000,-1,-1,2,0,2,0,2,0,0,0,0,2,2,2,2,0,0,2,2
67,2855.295,-4911.416,-123.987,-20.298,0.936569,0.346903,0.049959,-0.346297,0.937899,-0.020585,-0.053997,0.001979,0.998539,0,0.39187,-0.48651,23.512,-0.973,-1,400.000,-1,425.000,-1,325.000,325.000,300.000,300.000,-1,-1,-1,-1,850.000,900.000,-1,-1,2,0,2,0,2,0,0,0,0,2,2,2,2,0,0,2,2
68,2872.732,-4918.204,-125.030,-21.271,0.930506,0.362776,0.050515,-0.362156,0.931875,-0.021254,-0.054784,0.001483,0.998497,0,0.31187,-0.48637,18.712,-0.973,-1,400.000,-1,425.000,-1,325.000,325.000,300.000,300.000,-1,-1,-1,-1,850.000,875.000,-1,-1,2,0,2,0,2,0,0,0,0,2,2,2,2,0,0,2,2
69,2885.609,-4923.471,-125.803,-22.243,0.924182,0.378540,0.050941,-0.377916,0.925584,-0.021755,-0.055386,0.000854,0.998465,0,0.23187,-0.48626,13.912,-0.973,-1,400.000,-1,425.000,-1,325.000,325.000,300.000,300.000,-1,-1,-1,-1,850.000,875.000,-1,-1,2,0,2,0,2,0,0,0,0,2,2,2,2,0,0,2,2
70,2893.984,-4927.062,-126.304,-23.216,0.917598,0.394193,0.051241,-0.393574,0.919027,-0.022084,-0.055798,0.000097,0.998442,0,0.15187,-0.48619,9.112,-0.972,-1,400.000,-1,425.000,-1,325.000,325.000,300.000,300.000,-1,-1,-1,-1,850.000,875.000,-1,-1,2,0,2,0,2,0,0,0,0,2,2,2,2,0,0,2,2
71,2897.917,-4928.829,-126.530,-24.188,0.910756,0.409732,0.051418,-0.409129,0.912206,-0.022236,-0.056015,-0.000785,0.998430,0,0.07187,-0.48616,4.312,-0.972,-1,400.000,-1,425.000,-1,325.000,325.000,300.000,300.000,-1,-1,-1,-1,850.000,875.000,-1,-1,2,0,2,0,2,0,0,0,0,2,2,2,2,0,0,2,2
72,2897.475,-4928.622,-126.478,-25.160,0.903657,0.425152,0.051476,-0.424575,0.905120,-0.022207,-0.056033,-0.001787,0.998427,0,-0.00813,-0.48615,-0.488,-0.972,-1,400.000,-1,425.000,-1,325.000,325.000,300.000,300.000,-1,-1,-1,-1,850.000,875.000,-1,-1,2,0,2,0,2,0,0,0,0,2,2,2,2,0,0,2,2
73,2892.728,-4926.292,-126.150,-26.133,0.896304,0.440448,0.051420,-0.439908,0.897773,-0.021991,-0.055849,-0.002909,0.998435,0,-0.08813,-0.48615,-5.288,-0.972,-1,400.000,-1,425.000,-1,325.000,325.000,300.000,300.000,-1,-1,-1,-1,850.000,875.000,-1,-1,2,0,2,0,2,0,0,0,0,2,2,2,2,0,0,2,2
74,2886.489,-4923.099,-125.723,-27.105,0.888695,0.455617,0.051328,-0.455118,0.890167,-0.021705,-0.055580,-0.004071,0.998446,0,-0.11682,-0.48613,-7.009,-0.972,-1,400.000,-1,425.000,-1,325.000,325.000,300.000,300.000,-1,-1,-1,-1,850.000,875.000,-1,-1,2,0,2,0,2,0,0,0,0,2,2,2,2,0,0,2,2
75,2884.535,-4922.067,-125.575,-27.837,0.882790,0.466954,0.051334,-0.466479,0.884268,-0.021613,-0.055485,-0.004867,0.998448,0,-0.03682,-0.36613,-2.209,-0.732,-1,400.000,-1,425.000,-1,325.000,325.000,300.000,300.000,-1,-1,-1,-1,850.000,875.000,-1,-1,2,0,2,0,2,0,0,0,0,2,2,2,2,0,0,2,2
76,2886.814,-4923.299,-125.707,-28.397,0.878173,0.475569,0.051438,-0.475103,0.879662,-0.021716,-0.055575,-0.005367,0.998440,0,0.04318,-0.27987,2.591,-0.560,-1,400.000,-1,425.000,-1,325.000,325.000,300.000,300.000,-1,-1,-1,-1,850.000,875.000,-1,-1,2,0,2,0,2,0,0,0,0,2,2,2,2,0,0,2,2
77,2893.281,-4926.877,-126.113,-28.957,0.873465,0.484140,0.051649,-0.483673,0.874972,-0.022017,-0.055851,-0.005750,0.998423,0,0.12318,-0.27990,7.391,-0.560,-1,400.000,-1,425.000,-1,325.000,325.000,300.000,300.000,-1,-1,-1,-1,850.000,875.000,-1,-1,2,0,2,0,2,0,0,0,0,2,2,2,2,0,0,2,2
78,2903.890,-4932.883,-126.795,-29.517,0.868665,0.492667,0.051965,-0.492190,0.870197,-0.022515,-0.056312,-0.006019,0.998395,0,0.20318,-0.27999,12.191,-0.560,-1,400.000,-1,425.000,-1,325.000,325.000,300.000,300.000,-1,-1,-1,-1,850.000,875.000,-1,-1,2,0,2,0,2,0,0,0,0,2,2,2,2,0,0,2,2
79,2918.593,-4941.399,-127.755,-30.077,0.863772,0.501153,0.052384,-0.500654,0.865337,-0.023209,-0.056961,-0.006179,0.998357,0,0.28318,-0.28015,16.991,-0.560,-1,400.000,-1,425.000,-1,325.000,325.000,300.000,300.000,-1,-1,-1,-1,850.000,850.000,-1,-1,2,0,2,0,2,0,0,0,0,2,2,2,2,0,0,2,2
80,2937.342,-4952.504,-128.999,-30.638,0.858785,0.509598,0.052905,-0.509066,0.860390,-0.024095,-0.057798,-0.006239,0.998309,0,0.36318,-0.28038,21.791,-0.561,-1,400.000,-1,425.000,-1,325.000,325.000,300.000,300.000,-1,-1,-1,-1,850.000,850.000,-1,-1,2,0,2,0,2,0,0,0,0,2,2,2,2,0,0,2,2
81,2960.087,-4966.278,-130.530,-31.199,0.853703,0.518002,0.053527,-0.517427,0.855357,-0.025170,-0.058823,-0.006208,0.998249,0,0.44318,-0.28065,26.591,-0.561,-1,400.000,-1,425.000,-1,325.000,325.000,300.000,300.000,-1,-1,-1,-1,850.000,850.000,-1,-1,2,0,2,0,2,0,0,0,0,2,2,2,2,0,0,2,2
82,2986.778,-4982.802,-132.366,-31.761,0.848523,0.526366,0.054297,-0.525738,0.850236,-0.026411,-0.060067,-0.006136,0.998175,0,0.52318,-0.28095,31.391,-0.562,-1,400.000,-1,400.000,-1,325.000,325.000,300.000,300.000,-1,-1,-1,-1,850.000,850.000,-1,-1,2,0,2,0,2,0,0,0,0,2,2,2,2,0,0,2,2
83,3017.361,-5002.153,-134.536,-32.323,0.843236,0.534687,0.055335,-0.534001,0.845028,-0.027769,-0.061607,-0.006133,0.998082,0,0.60318,-0.28125,36.191,-0.563,-1,400.000,-1,400.000,-1,325.000,325.000,300.000,300.000,-1,-1,-1,-1,850.000,825.000,-1,-1,2,0,2,0,2,0,0,0,0,2,2,2,2,0,0,2,2
84,3051.783,-5024.410,-137.018,-32.886,0.837854,0.542966,0.056474,-0.542209,0.839733,-0.029298,-0.063331,-0.006074,0.997974,0,0.68318,-0.28152,40.991,-0.563,-1,400.000,-1,400.000,-1,325.000,325.000,300.000,300.000,-1,-1,-1,-1,850.000,825.000,-1,-1,2,0,2,0,2,0,0,0,0,2,2,2,2,0,0,2,2
85,3089.989,-5049.650,-139.899,-33.450,0.832380,0.551196,0.057672,-0.550383,0.834352,-0.030576,-0.064972,-0.006291,0.997867,0,0.76318,-0.28171,45.791,-0.563,-1,400.000,-1,400.000,-1,325.000,325.000,300.000,300.000,-1,-1,-1,-1,850.000,825.000,-1,-1,2,0,2,0,2,0,0,0,0,2,2,2,2,0,0,2,2
86,3129.089,-5076.036,-142.986,-34.013,0.826824,0.559374,0.058843,-0.558533,0.828887,-0.031412,-0.066345,-0.006893,0.997773,0,0.78615,-0.28177,47.169,-0.564,-1,400.000,-1,400.000,-1,325.000,325.000,300.000,300.000,-1,-1,-1,-1,850.000,825.000,-1,-1,2,0,2,0,2,0,0,0,0,2,2,2,2,0,0,2,2
87,3167.809,-5102.725,-146.095,-34.577,0.821190,0.567493,0.059992,-0.566628,0.823344,-0.032227,-0.067683,-0.007529,0.997678,0,0.78378,-0.28166,47.027,-0.563,-1,400.000,-1,400.000,-1,325.000,325.000,300.000,300.000,-1,-1,-1,-1,850.000,800.000,-1,-1,2,0,2,0,2,0,0,0,0,2,2,2,2,0,0,2,2
88,3206.151,-5129.711,-149.280,-35.139,0.815459,0.575548,0.061400,-0.574667,0.817724,-0.032938,-0.069165,-0.008425,0.997570,0,0.78144,-0.28137,46.887,-0.563,-1,400.000,-1,400.000,-1,325.000,325.000,300.000,300.000,-1,-1,-1,-1,850.000,800.000,-1,-1,2,0,2,0,2,0,0,0,1,2,2,2,2,0,0,2,2
89,3244.115,-5156.992,-152.536,-35.701,0.809639,0.583533,0.063044,-0.582646,0.812033,-0.033558,-0.070776,-0.009562,0.997446,0,0.77914,-0.28091,46.749,-0.562,-1,400.000,-1,400.000,-1,325.000,325.000,300.000,300.000,-1,-1,-1,-1,825.000,800.000,-1,-1,2,0,2,0,2,0,0,0,0,2,2,2,2,0,0,2,2
90,3281.701,-5184.563,-155.810,-36.262,0.803751,0.591443,0.064655,-0.590552,0.806276,-0.034170,-0.072340,-0.010718,0.997322,0,0.77690,-0.28028,46.614,-0.561,-1,400.000,-1,400.000,-1,325.000,325.000,300.000,300.000,-1,-1,-1,-1,825.000,800.000,-1,-1,2,0,2,0,2,0,0,0,0,2,2,2,2,0,0,2,2
91,3318.913,-5212.421,-159.060,-36.821,0.797802,0.599271,0.066229,-0.598394,0.800456,-0.034571,-0.073731,-0.012051,0.997205,0,0.77473,-0.27948,46.484,-0.559,-1,400.000,-1,400.000,-1,325.000,325.000,300.000,300.000,-1,-1,-1,-1,825.000,775.000,-1,-1,2,0,2,0,2,0,0,0,0,2,2,2,2,0,0,2,2
92,3355.752,-5240.563,-162.325,-37.378,0.791797,0.607014,0.067756,-0.606156,0.794578,-0.034932,-0.075042,-0.013411,0.997090,0,0.77264,-0.27851,46.358,-0.557,-1,400.000,-1,400.000,-1,325.000,325.000,300.000,300.000,-1,-1,-1,-1,800.000,775.000,-1,-1,2,0,2,0,2,0,0,0,0,2,2,2,2,0,0,2,2
93,3392.222,-5268.987,-165.751,-37.933,0.785796,0.614672,0.068587,-0.613816,0.788654,-0.035419,-0.075862,-0.014267,0.997016,0,0.77064,-0.27739,46.238,-0.555,-1,400.000,-1,400.000,-1,325.000,325.000,300.000,300.000,-1,-1,-1,-1,800.000,775.000,-1,-1,2,0,2,0,2,0,0,0,0,2,2,2,2,0,0,2,2
94,3428.327,-5297.691,-169.188,-38.485,0.779747,0.622236,0.069404,-0.621387,0.782683,-0.035851,-0.076629,-0.015172,0.996944,0,0.76874,-0.27610,46.124,-0.552,-1,400.000,-1,400.000,-1,325.000,325.000,300.000,300.000,-1,-1,-1,-1,800.000,775.000,-1,-1,2,0,2,0,2,0,0,0,0,2,2,2,2,0,0,2,2
95,3464.072,-5326.671,-172.635,-39.034,0.773658,0.629701,0.070209,-0.628865,0.776670,-0.036228,-0.077341,-0.016124,0.996874,0,0.76695,-0.27466,46.017,-0.549,-1,400.000,-1,400.000,-1,325.000,325.000,300.000,300.000,-1,-1,-1,-1,800.000,775.000,-1,-1,2,0,2,0,2,0,0,0,0,2,2,2,2,0,0,2,2
96,3499.462,-5355.928,-176.139,-39.580,0.767534,0.637063,0.071008,-0.636263,0.770617,-0.036307,-0.077850,-0.017313,0.996815,0,0.76528,-0.27307,45.917,-0.546,-1,400.000,-1,400.000,-1,325.000,325.000,300.000,300.000,-1,-1,-1,-1,775.000,750.000,-1,-1,2,0,2,0,2,0,0,0,0,2,2,2,2,0,0,2,2
97,3534.503,-5385.458,-179.699,-40.123,0.761377,0.644321,0.071797,-0.643548,0.764534,-0.036528,-0.078427,-0.018393,0.996750,0,0.76374,-0.27134,45.824,-0.543,-1,400.000,-1,400.000,-1,325.000,325.000,300.000,300.000,-1,-1,-1,-1,775.000,750.000,-1,-1,2,0,2,0,2,0,0,0,0,2,2,2,2,0,0,2,2
98,3565.733,-5412.060,-182.928,-40.426,0.757890,0.648343,0.072486,-0.647575,0.761111,-0.036845,-0.079058,-0.019016,0.996689,0,0.68374,-0.15134,41.024,-0.303,-1,400.000,-1,400.000,-1,325.000,325.000,300.000,300.000,-1,-1,-1,-1,775.000,750.000,-1,-1,2,0,2,0,2,0,0,0,0,2,2,2,2,0,0,2,2
99,3593.283,-5435.580,-185.792,-40.488,0.757123,0.649172,0.073081,-0.648398,0.760397,-0.037101,-0.079655,-0.019295,0.996636,0,0.60374,-0.03134,36.224,-0.063,-1,400.000,-1,400.000,-1,325.000,325.000,300.000,300.000,-1,-1,-1,-1,775.000,750.000,-1,-1,2,0,2,0,2,0,0,0,0,2,2,2,2,0,0,2,2
100,3617.245,-5455.910,-188.291,-40.311,0.759087,0.646816,0.073584,-0.646026,0.762403,-0.037302,-0.080229,-0.019222,0.996591,0,0.52374,0.08866,31.424,0.177,-1,400.000,-1,400.000,-1,325.000,325.000,300.000,300.000,-1,-1,-1,-1,775.000,725.000,-1,-1,2,0,2,0,2,0,0,0,0,2,2,2,2,0,0,2,2
101,3637.672,-5472.986,-190.422,-39.894,0.763754,0.641252,0.073997,-0.640432,0.767101,-0.037453,-0.080780,-0.018785,0.996555,0,0.44374,0.20866,26.624,0.417,-1,400.000,-1,400.000,-1,325.000,325.000,300.000,300.000,-1,-1,-1,-1,750.000,725.000,-1,-1,2,0,2,0,2,0,0,0,0,2,2,2,2,0,0,2,2
102,3654.576,-5486.790,-192.181,-39.236,0.771054,0.632418,0.074319,-0.631558,0.774418,-0.037558,-0.081307,-0.017978,0.996527,0,0.36374,0.32866,21.824,0.657,-1,400.000,-1,400.000,-1,325.000,325.000,300.000,300.000,-1,-1,-1,-1,750.000,725.000,-1,-1,2,0,2,0,2,0,0,0,0,2,2,2,2,0,0,2,2
103,3667.929,-5497.351,-193.567,-38.339,0.780873,0.620226,0.074552,-0.619311,0.784244,-0.037621,-0.081801,-0.016794,0.996507,0,0.28374,0.44866,17.024,0.897,-1,400.000,-1,400.000,-1,325.000,325.000,300.000,300.000,-1,-1,-1,-1,750.000,725.000,-1,-1,2,0,2,0,2,0,0,0,0,2,2,2,2,0,0,2,2
104,3677.665,-5504.743,-194.574,-37.202,0.793055,0.604552,0.074695,-0.603571,0.796420,-0.037646,-0.082248,-0.015229,0.996496,0,0.20374,0.56866,12.224,1.137,-1,400.000,-1,400.000,-1,325.000,325.000,300.000,300.000,-1,-1,-1,-1,750.000,725.000,-1,-1,2,0,2,0,2,0,0,0,0,2,2,2,2,0,0,2,2
105,3683.670,-5509.108,-195.195,-36.012,0.805472,0.587899,0.074758,-0.586849,0.808821,-0.037643,-0.082596,-0.013551,0.996491,0,0.12374,0.59490,7.424,1.190,-1,400.000,-1,400.000,-1,325.000,325.000,300.000,300.000,-1,-1,-1,-1,750.000,725.000,-1,-1,2,0,2,0,2,0,0,0,0,2,2,2,2,0,0,2,2
106,3685.824,-5510.607,-195.427,-34.821,0.817558,0.570975,0.074743,-0.569858,0.820882,-0.037615,-0.082833,-0.011840,0.996493,0,0.04374,0.59543,2.624,1.191,-1,400.000,-1,400.000,-1,325.000,325.000,300.000,300.000,-1,-1,-1,-1,750.000,725.000,-1,-1,2,0,2,0,2,0,0,0,0,2,2,2,2,0,0,2,2
107,3684.013,-5509.402,-195.267,-33.630,0.829299,0.553796,0.074652,-0.552613,0.832591,-0.037563,-0.082957,-0.010103,0.996502,0,-0.03626,0.59563,-2.176,1.191,-1,400.000,-1,400.000,-1,325.000,325.000,300.000,300.000,-1,-1,-1,-1,750.000,725.000,-1,-1,2,0,2,0,2,0,0,0,0,2,2,2,2,0,0,2,2
108,3678.125,-5505.661,-194.713,-32.439,0.840683,0.536381,0.074486,-0.535134,0.843935,-0.037486,-0.082968,-0.008346,0.996517,0,-0.11626,0.59546,-6.976,1.191,-1,400.000,-1,400.000,-1,325.000,325.000,300.000,300.000,-1,-1,-1,-1,750.000,725.000,-1,-1,2,0,2,0,2,0,0,0,0,2,2,2,2,0,0,2,2
109,3668.057,-5499.552,-193.765,-31.249,0.851697,0.518748,0.074245,-0.517441,0.854902,-0.037383,-0.082865,-0.006578,0.996539,0,-0.19626,0.59489,-11.776,1.190,-1,400.000,-1,400.000,-1,325.000,325.000,300.000,300.000,-1,-1,-1,-1,750.000,750.000,-1,-1,2,0,2,0,2,0,0,0,0,2,2,2,2,0,0,2,2
110,3653.711,-5491.249,-192.424,-30.061,0.862331,0.500919,0.073929,-0.499556,0.865481,-0.037251,-0.082644,-0.004809,0.996568,0,-0.27626,0.59392,-16.576,1.188,-1,400.000,-1,400.000,-1,325.000,325.000,300.000,300.000,-1,-1,-1,-1,775.000,750.000,-1,-1,2,0,2,0,2,0,0,0,0,2,2,2,2,0,0,2,2
111,3638.411,-5482.812,-191.009,-28.876,0.872568,0.482917,0.073599,-0.481498,0.875661,-0.037116,-0.082371,-0.003052,0.996597,0,-0.29120,0.59251,-17.472,1.185,-1,400.000,-1,400.000,-1,325.000,325.000,300.000,300.000,-1,-1,-1,-1,775.000,750.000,-1,-1,2,0,2,0,2,0,0,0,0,2,2,2,2,0,0,2,2
112,3622.863,-5474.651,-189.588,-27.694,0.882404,0.464752,0.073267,-0.463280,0.885440,-0.036982,-0.082061,-0.001310,0.996626,0,-0.29266,0.59101,-17.559,1.182,-1,400.000,-1,400.000,-1,325.000,325.000,300.000,300.000,-1,-1,-1,-1,775.000,750.000,-1,-1,2,0,2,0,2,0,0,0,0,2,2,2,2,0,0,2,2
113,3607.071,-5466.773,-188.161,-26.515,0.891838,0.446436,0.072934,-0.444913,0.894815,-0.036849,-0.081713,0.000415,0.996656,0,-0.29414,0.58947,-17.648,1.179,-1,400.000,-1,400.000,-1,325.000,325.000,300.000,300.000,-1,-1,-1,-1,775.000,750.000,-1,-1,2,0,2,0,2,0,0,0,0,2,2,2,2,0,0,2,2
114,3591.039,-5459.181,-186.728,-25.339,0.900868,0.427980,0.072599,-0.426407,0.903786,-0.036719,-0.081329,0.002122,0.996685,0,-0.29565,0.58789,-17.739,1.176,-1,400.000,-1,400.000,-1,325.000,325.000,300.000,300.000,-1,-1,-1,975.000,775.000,750.000,-1,-1,2,0,2,0,2,0,0,0,0,2,2,2,1,0,0,2,2
115,3574.770,-5451.881,-185.290,-24.167,0.909492,0.409393,0.072263,-0.407773,0.912350,-0.036591,-0.080909,0.003813,0.996714,0,-0.29719,0.58628,-17.831,1.173,-1,400.000,-1,400.000,-1,325.000,325.000,300.000,300.000,-1,-1,-1,950.000,775.000,775.000,-1,-1,2,0,2,0,2,0,0,0,0,2,2,2,1,0,0,2,2
116,3558.270,-5444.878,-183.847,-22.998,0.917709,0.390687,0.071925,-0.389020,0.920507,-0.036466,-0.080454,0.005485,0.996743,0,-0.29875,0.58464,-17.925,1.169,-1,400.000,-1,400.000,-1,325.000,325.000,300.000,300.000,-1,-1,-1,925.000,775.000,775.000,-1,-1,2,0,2,0,2,0,0,0,0,2,2,2,1,0,0,2,2
117,3541.542,-5438.176,-182.400,-21.832,0.925520,0.371872,0.071586,-0.370161,0.928257,-0.036343,-0.079965,0.007138,0.996772,0,-0.30033,0.58296,-18.020,1.166,-1,400.000,-1,400.000,-1,325.000,325.000,300.000,300.000,-1,-1,-1,900.000,775.000,775.000,-1,-1,2,0,2,0,2,0,0,0,0,2,2,2,1,0,0,2,2
118,3524.592,-5431.782,-180.948,-20.669,0.932922,0.352958,0.071246,-0.351204,0.935598,-0.036223,-0.079443,0.008771,0.996801,0,-0.30195,0.58125,-18.117,1.163,-1,400.000,-1,400.000,-1,325.000,325.000,300.000,300.000,-1,-1,-1,850.000,775.000,775.000,-1,-1,2,0,2,0,2,0,0,0,0,2,2,2,1,0,0,2,2
119,3507.422,-5425.698,-179.493,-19.510,0.939918,0.333956,0.070906,-0.332161,0.942531,-0.036107,-0.078889,0.010385,0.996829,0,-0.30358,0.57951,-18.215,1.159,-1,400.000,-1,400.000,-1,325.000,325.000,300.000,300.000,-1,-1,-1,825.000,775.000,775.000,-1,-1,2,0,2,0,2,0,0,0,0,2,2,2,1,0,0,2,2
120,3490.039,-5419.931,-178.034,-18.355,0.946506,0.314877,0.070564,-0.313042,0.949057,-0.035993,-0.078303,0.011978,0.996858,0,-0.30525,0.57773,-18.315,1.155,-1,400.000,-1,400.000,-1,325.000,325.000,300.000,300.000,-1,-1,-1,800.000,775.000,775.000,-1,-1,2,0,2,0,2,0,0,0,0,2,2,2,1,0,0,2,2
121,3472.447,-5414.484,-176.572,-17.203,0.952687,0.295729,0.070222,-0.293857,0.955176,-0.035884,-0.077686,0.013551,0.996886,0,-0.30694,0.57592,-18.416,1.152,-1,400.000,-1,400.000,-1,325.000,325.000,300.000,300.000,-1,-1,-1,800.000,775.000,775.000,-1,-1,2,0,2,0,2,0,0,0,0,2,2,2,1,0,0,2,2
122,3454.650,-5409.362,-175.108,-16.055,0.958463,0.276524,0.069879,-0.274615,0.960888,-0.035778,-0.077039,0.015102,0.996914,0,-0.30865,0.57407,-18.519,1.148,-1,400.000,-1,400.000,-1,325.000,325.000,300.000,300.000,-1,-1,-1,775.000,775.000,775.000,-1,-1,2,0,2,0,2,0,0,0,0,2,2,2,1,0,0,2,2
123,3436.654,-5404.570,-173.641,-14.910,0.963834,0.257272,0.069536,-0.255329,0.966196,-0.035676,-0.076364,0.016631,0.996941,0,-0.31039,0.57219,-18.623,1.144,-1,400.000,-1,400.000,-1,325.000,325.000,300.000,300.000,-1,-1,-1,750.000,775.000,800.000,-1,-1,2,0,2,0,2,0,0,0,0,2,2,2,1,0,0,2,2
124,3418.463,-5400.112,-172.172,-13.770,0.968802,0.237982,0.069193,-0.236006,0.971100,-0.035579,-0.075660,0.018139,0.996969,0,-0.31215,0.57028,-18.729,1.141,-1,400.000,-1,400.000,-1,325.000,325.000,300.000,300.000,-1,-1,-1,725.000,775.000,800.000,-1,-1,2,0,2,0,2,0,0,0,0,2,2,2,1,0,0,2,2
125,3400.083,-5395.992,-170.701,-12.633,0.973368,0.218665,0.068849,-0.216657,0.975603,-0.035486,-0.074929,0.019624,0.996996,0,-0.31394,0.56834,-18.836,1.137,-1,400.000,-1,400.000,-1,325.000,325.000,300.000,300.000,-1,-1,-1,700.000,775.000,800.000,-1,-1,2,0,2,0,2,0,0,0,0,2,2,2,1,0,0,2,2
126,3381.518,-5392.215,-169.230,-11.500,0.977535,0.199331,0.068507,-0.197293,0.979705,-0.035398,-0.074172,0.021087,0.997022,0,-0.31575,0.56636,-18.945,1.133,-1,400.000,-1,400.000,-1,325.000,325.000,300.000,300.000,-1,-1,-1,700.000,800.000,800.000,-1,-1,2,0,2,0,2,0,0,0,0,2,2,2,1,0,0,2,2
127,3362.775,-5388.784,-167.757,-10.372,0.981304,0.179988,0.068164,-0.177921,0.983411,-0.035315,-0.073390,0.022527,0.997049,0,-0.31758,0.56434,-19.055,1.129,-1,400.000,-1,400.000,-1,325.000,325.000,300.000,300.000,-1,-1,-1,675.000,800.000,800.000,-1,-1,2,0,2,0,2,0,0,0,0,2,2,2,1,0,0,2,2
128,3343.857,-5385.704,-166.283,-9.247,0.984679,0.160647,0.067824,-0.158553,0.986721,-0.035236,-0.072584,0.023943,0.997075,0,-0.31944,0.56230,-19.166,1.125,-1,400.000,-1,400.000,-1,325.000,325.000,300.000,300.000,-1,-1,-1,650.000,800.000,800.000,-1,-1,2,0,2,0,2,0,0,0,0,2,2,2,1,0,0,2,2
129,3329.627,-5383.733,-165.186,-7.883,0.988250,0.137097,0.067572,-0.134962,0.990224,-0.035233,-0.071741,0.025699,0.997092,0,-0.23944,0.68230,-14.366,1.365,-1,400.000,-1,400.000,-1,325.000,325.000,300.000,300.000,-1,-1,-1,650.000,800.000,800.000,-1,-1,2,0,2,0,2,0,0,0,0,2,2,2,1,0,0,2,2
130,3320.118,-5382.686,-164.462,-6.278,0.991720,0.109309,0.067406,-0.107119,0.993619,-0.035312,-0.070835,0.027799,0.997101,0,-0.15944,0.80230,-9.566,1.605,-1,400.000,-1,400.000,-1,325.000,325.000,300.000,300.000,-1,-1,-1,625.000,800.000,800.000,-1,-1,2,0,2,0,2,0,0,0,0,2,2,2,1,0,0,2,2
131,3315.366,-5382.307,-164.105,-4.559,0.994562,0.079451,0.067329,-0.077196,0.996385,-0.035459,-0.069903,0.030068,0.997101,0,-0.07944,0.85943,-4.766,1.719,-1,400.000,-1,400.000,-1,325.000,325.000,300.000,300.000,-1,-1,-1,625.000,775.000,800.000,-1,-1,2,0,2,0,2,0,0,0,0,2,2,2,1,0,0,2,2
132,3315.400,-5382.308,-164.107,-2.841,0.996499,0.049544,0.067344,-0.047221,0.998248,-0.035656,-0.068993,0.032351,0.997092,0,0.00056,0.85888,0.034,1.718,-1,400.000,-1,400.000,-1,325.000,325.000,300.000,300.000,-1,-1,-1,625.000,775.000,800.000,-1,-1,2,0,2,0,2,0,0,0,0,2,2,2,1,0,0,2,2
133,3320.232,-5382.402,-164.459,-1.124,0.997530,0.019596,0.067451,-0.017202,0.999207,-0.035900,-0.068101,0.034651,0.997077,0,0.08056,0.85888,4.834,1.718,-1,400.000,-1,400.000,-1,325.000,325.000,300.000,300.000,-1,-1,-1,625.000,775.000,800.000,-1,-1,2,0,2,0,2,0,0,0,0,2,2,2,1,0,0,2,2
134,3329.865,-5382.301,-165.152,0.595,0.997655,-0.010385,0.067648,0.012855,0.999262,-0.036184,-0.067222,0.036969,0.997053,0,0.16056,0.85948,9.634,1.719,-1,400.000,-1,400.000,-1,325.000,325.000,300.000,300.000,-1,-1,-1,625.000,775.000,800.000,-1,-1,2,0,2,0,2,0,0,0,0,2,2,2,1,0,0,2,2
135,3344.287,-5381.716,-166.175,2.317,0.996872,-0.040393,0.067937,0.042943,0.998410,-0.036505,-0.066354,0.039308,0.997022,0,0.24056,0.86069,14.434,1.721,-1,400.000,-1,400.000,-1,325.000,325.000,300.000,300.000,-1,-1,-1,650.000,775.000,800.000,-1,-1,2,0,2,0,2,0,0,0,0,2,2,2,1,0,0,2,2
136,3363.472,-5380.359,-167.517,4.042,0.995175,-0.070425,0.068315,0.073059,0.996646,-0.036857,-0.065491,0.041670,0.996983,0,0.32056,0.86255,19.234,1.725,-1,400.000,-1,400.000,-1,325.000,325.000,300.000,300.000,-1,-1,-1,675.000,775.000,800.000,-1,-1,2,0,2,0,2,0,0,0,0,2,2,2,1,0,0,2,2
137,3387.384,-5377.941,-169.166,5.772,0.992559,-0.100474,0.068784,0.103197,0.993964,-0.037236,-0.064628,0.044057,0.996936,0,0.40056,0.86511,24.034,1.730,-1,400.000,-1,400.000,-1,325.000,325.000,300.000,300.000,-1,-1,-1,700.000,775.000,800.000,-1,-1,2,0,2,0,2,0,0,0,0,2,2,2,1,0,0,2,2
138,3415.970,-5374.172,-171.105,7.509,0.989016,-0.130538,0.069337,0.133353,0.990354,-0.037632,-0.063755,0.046465,0.996883,0,0.48056,0.86838,28.834,1.737,-1,400.000,-1,400.000,-1,325.000,325.000,300.000,300.000,-1,-1,-1,750.000,775.000,800.000,-1,-1,2,0,2,0,2,0,0,0,0,2,2,2,1,0,0,2,2
