timestep,x_cm,y_cm,z_cm,yaw_deg,basis_xx,basis_xy,basis_xz,basis_yx,basis_yy,basis_yz,basis_zx,basis_zy,basis_zz,teleport_flag,throttle_cmd,steering_cmd,cmd_move_cm,cmd_turn_deg,lidar_cm_0,lidar_cm_1,lidar_cm_2,lidar_cm_3,lidar_cm_4,lidar_cm_5,lidar_cm_6,lidar_cm_7,lidar_cm_8,lidar_cm_9,lidar_cm_10,lidar_cm_11,lidar_cm_12,lidar_cm_13,lidar_cm_14,lidar_cm_15,lidar_cm_16,lidar_class_0,lidar_class_1,lidar_class_2,lidar_class_3,lidar_class_4,lidar_class_5,lidar_class_6,lidar_class_7,lidar_class_8,lidar_class_9,lidar_class_10,lidar_class_11,lidar_class_12,lidar_class_13,lidar_class_14,lidar_class_15,lidar_class_16
0,4262.686,5580.144,-161.457,100.170,-0.177229,-0.982072,-0.064225,0.984117,-0.176169,-0.021860,0.010154,-0.067080,0.997696,1,0.08000,0.12000,4.800,0.240,-1,375.000,-1,400.000,-1,325.000,325.000,300.000,300.000,-1,550.000,525.000,-1,725.000,750.000,-1,-1,2,0,2,0,2,0,0,0,0,2,0,0,2,0,0,2,2
1,4260.912,5589.578,-161.368,100.650,-0.185443,-0.980566,-0.064039,0.982606,-0.184391,-0.022027,0.009791,-0.067010,0.997704,0,0.16000,0.24000,9.600,0.480,-1,375.000,-1,400.000,-1,325.000,325.000,300.000,300.000,-1,550.000,525.000,-1,725.000,750.000,-1,-1,2,0,2,0,2,0,0,0,0,2,0,0,2,0,0,2,2
2,4258.073,5603.695,-161.245,101.370,-0.197741,-0.978179,-0.063755,0.980211,-0.196699,-0.022279,0.009252,-0.066899,0.997717,0,0.24000,0.36000,14.400,0.720,-1,375.000,-1,400.000,-1,325.000,325.000,300.000,300.000,-1,550.000,550.000,-1,725.000,750.000,-1,-1,2,0,2,0,2,0,0,0,0,2,0,0,2,0,0,2,2
3,4253.973,5622.452,-161.101,102.330,-0.214089,-0.974757,-0.063367,0.976777,-0.213063,-0.022615,0.008543,-0.066737,0.997734,0,0.32000,0.48000,19.200,0.960,-1,375.000,-1,400.000,-1,325.000,325.000,300.000,300.000,-1,575.000,550.000,-1,725.000,750.000,-1,-1,2,0,2,0,2,0,0,0,0,2,0,0,2,0,0,2,2
4,4248.450,5645.807,-160.946,103.305,-0.230643,-0.971005,-0.062869,0.973006,-0.229627,-0.023032,0.007928,-0.066484,0.997756,0,0.40000,0.48765,24.000,0.975,-1,375.000,-1,400.000,-1,325.000,325.000,300.000,300.000,-1,575.000,550.000,-1,750.000,750.000,-1,-1,2,0,2,0,2,0,0,0,0,2,0,0,2,0,0,2,2
5,4241.346,5673.717,-160.787,104.282,-0.247162,-0.966972,-0.062261,0.968946,-0.246152,-0.023528,0.007425,-0.066142,0.997783,0,0.48000,0.48837,28.800,0.977,-1,375.000,-1,400.000,-1,325.000,325.000,300.000,300.000,-1,600.000,575.000,-1,750.000,750.000,-1,-1,2,0,2,0,2,0,0,0,0,2,0,0,2,0,0,2,2
6,4232.502,5706.132,-160.632,105.260,-0.263645,-0.962655,-0.061543,0.964594,-0.262636,-0.024103,0.007039,-0.065718,0.997813,0,0.56000,0.48922,33.600,0.978,-1,375.000,-1,400.000,-1,325.000,325.000,300.000,300.000,-1,600.000,600.000,-1,750.000,775.000,-1,-1,2,0,2,0,2,0,0,0,0,2,0,0,2,0,0,2,2
7,4221.763,5742.999,-160.486,106.241,-0.280091,-0.958051,-0.060717,0.959950,-0.279077,-0.024755,0.006772,-0.065219,0.997848,0,0.64000,0.49018,38.400,0.980,-1,375.000,-1,400.000,-1,325.000,325.000,300.000,300.000,-1,625.000,600.000,-1,750.000,775.000,-1,-1,2,0,2,0,2,0,0,0,0,2,0,0,2,0,0,2,2
8,4209.147,5784.315,-160.342,106.981,-0.292475,-0.954402,-0.059798,0.956248,-0.291444,-0.025483,0.006894,-0.064635,0.997885,0,0.72000,0.37018,43.200,0.740,-1,400.000,-1,400.000,-1,325.000,325.000,300.000,300.000,-1,650.000,625.000,-1,775.000,775.000,-1,-1,2,0,2,0,2,0,0,0,0,2,0,0,2,1,0,2,2
9,4194.729,5830.098,-160.125,107.481,-0.300831,-0.951846,-0.059070,0.953650,-0.299776,-0.026184,0.007215,-0.064209,0.997910,0,0.80000,0.25018,48.000,0.500,-1,400.000,-1,400.000,-1,325.000,325.000,300.000,300.000,-1,675.000,650.000,-1,800.000,775.000,-1,-1,2,0,2,0,2,0,0,0,0,2,0,0,2,1,0,2,2
10,4179.007,5879.238,-159.832,107.742,-0.305183,-0.950491,-0.058566,0.952263,-0.304103,-0.026755,0.007620,-0.063936,0.997925,0,0.85989,0.13018,51.593,0.260,-1,400.000,-1,400.000,-1,325.000,325.000,300.000,300.000,-1,700.000,650.000,-1,800.000,775.000,-1,-1,2,0,2,0,2,0,0,0,0,2,0,0,2,1,0,2,2
11,4163.348,5928.123,-159.541,107.762,-0.305555,-0.950404,-0.058029,0.952139,-0.304448,-0.027267,0.008248,-0.063583,0.997942,0,0.85554,0.01018,51.332,0.020,-1,400.000,-1,400.000,-1,325.000,325.000,300.000,300.000,-1,750.000,675.000,-1,800.000,775.000,-1,-1,2,0,2,0,2,0,0,0,0,2,0,0,2,1,0,2,2
12,4146.834,5980.364,-159.166,107.542,-0.301944,-0.951600,-0.057339,0.953283,-0.300814,-0.027629,0.009044,-0.063003,0.997972,0,0.91314,-0.10982,54.788,-0.220,-1,400.000,-1,400.000,-1,325.000,325.000,300.000,300.000,-1,800.000,700.000,-1,800.000,800.000,-1,-1,2,0,2,0,2,0,0,0,0,2,0,0,2,1,0,2,2
13,4130.789,6032.579,-158.788,107.083,-0.294309,-0.954011,-0.056969,0.955663,-0.293179,-0.027455,0.009491,-0.062524,0.997998,0,0.91041,-0.22982,54.625,-0.460,-1,400.000,-1,400.000,-1,325.000,325.000,-1,300.000,-1,850.000,750.000,-1,-1,800.000,-1,-1,2,0,2,0,2,0,0,2,0,2,0,0,2,2,0,2,2
14,4115.448,6084.758,-158.439,106.383,-0.282638,-0.957532,-0.056998,0.959176,-0.281511,-0.027075,0.009880,-0.062324,0.998007,0,0.90646,-0.34982,54.388,-0.700,-1,400.000,-1,400.000,-1,325.000,325.000,-1,300.000,-1,900.000,825.000,-1,-1,800.000,-1,-1,2,0,2,0,2,0,0,2,0,2,0,0,2,2,0,2,2
15,4101.049,6136.880,-158.032,105.444,-0.266900,-0.962034,-0.057058,0.963667,-0.265775,-0.026624,0.010449,-0.062091,0.998016,0,0.90122,-0.46982,54.073,-0.940,-1,400.000,-1,400.000,-1,325.000,325.000,-1,300.000,-1,975.000,925.000,-1,-1,800.000,-1,-1,2,0,2,0,2,0,0,2,0,2,0,0,2,2,0,2,2
16,4087.824,6188.904,-157.551,104.264,-0.247045,-0.967318,-0.057138,0.968939,-0.245917,-0.026107,0.011202,-0.061813,0.998025,0,0.89464,-0.58982,53.679,-1.180,-1,400.000,-1,400.000,-1,325.000,325.000,-1,300.000,-1,-1,-1,-1,-1,775.000,-1,-1,2,0,2,0,2,0,0,2,0,2,2,2,2,2,0,2,2
17,4075.996,6240.778,-156.982,102.844,-0.223014,-0.973134,-0.057223,0.974740,-0.221881,-0.025524,0.012142,-0.061469,0.998035,0,0.88673,-0.70982,53.204,-1.420,-1,400.000,-1,400.000,-1,325.000,325.000,-1,300.000,-1,-1,-1,-1,-1,775.000,-1,-1,2,0,2,0,2,0,0,2,0,2,2,2,2,2,0,2,2
18,4065.777,6292.430,-156.314,101.192,-0.194875,-0.979153,-0.057295,0.980738,-0.193734,-0.024882,0.013264,-0.061040,0.998047,0,0.87756,-0.82616,52.653,-1.652,-1,400.000,-1,400.000,-1,325.000,325.000,-1,300.000,-1,-1,-1,-1,-1,775.000,-1,-1,2,0,2,0,2,0,0,2,0,2,2,2,2,2,0,2,2
19,4057.151,6343.747,-155.548,99.542,-0.166618,-0.984353,-0.057334,0.985917,-0.165473,-0.024198,0.014332,-0.060558,0.998062,0,0.86726,-0.82477,52.036,-1.650,-1,400.000,-1,400.000,-1,325.000,325.000,-1,300.000,-1,-1,-1,-1,-1,775.000,-1,-1,2,0,2,0,2,0,0,2,0,2,2,2,2,2,0,2,2
20,4050.092,6394.658,-154.688,97.894,-0.138245,-0.988737,-0.057333,0.990279,-0.137099,-0.023483,0.015358,-0.060022,0.998079,0,0.85663,-0.82403,51.398,-1.648,-1,400.000,-1,400.000,-1,325.000,325.000,-1,300.000,-1,-1,-1,-1,-1,775.000,-1,-1,2,0,2,0,2,0,0,2,0,2,2,2,2,2,0,2,2
21,4044.570,6445.112,-153.737,96.246,-0.109759,-0.992306,-0.057290,0.993824,-0.108614,-0.022747,0.016349,-0.059433,0.998098,0,0.84591,-0.82392,50.755,-1.648,-1,400.000,-1,400.000,-1,325.000,325.000,650.000,300.000,-1,-1,-1,-1,-1,750.000,-1,-1,2,0,2,0,2,0,0,1,0,2,2,2,2,2,0,2,2
22,4040.553,6495.071,-152.699,94.598,-0.081162,-0.995058,-0.057201,0.996550,-0.080019,-0.022002,0.017316,-0.058789,0.998120,0,0.83532,-0.82442,50.119,-1.649,-1,400.000,-1,400.000,-1,325.000,325.000,500.000,300.000,-1,-1,-1,-1,-1,750.000,-1,-1,2,0,2,0,2,0,0,1,0,2,2,2,2,2,0,2,2
23,4038.009,6544.512,-151.582,92.947,-0.052459,-0.996992,-0.057046,0.998456,-0.051319,-0.021266,0.018275,-0.058073,0.998145,0,0.82509,-0.82551,49.506,-1.651,-1,400.000,-1,400.000,-1,325.000,325.000,450.000,300.000,-1,-1,-1,-1,850.000,750.000,-1,-1,2,0,2,0,2,0,0,1,0,2,2,2,2,0,0,2,2
24,4036.906,6593.424,-150.597,91.292,-0.023680,-0.998063,-0.057524,0.999530,-0.022515,-0.020820,0.019484,-0.057990,0.998127,0,0.81540,-0.82716,48.924,-1.654,-1,400.000,-1,400.000,-1,325.000,325.000,400.000,300.000,-1,-1,-1,-1,850.000,750.000,-1,-1,2,0,2,0,2,0,0,1,0,2,2,2,2,0,0,2,2
25,4037.215,6641.808,-149.685,89.634,0.005182,-0.998269,-0.058589,0.999773,0.006384,-0.020347,0.020685,-0.058471,0.998075,0,0.80641,-0.82934,48.384,-1.659,-1,400.000,-1,400.000,-1,325.000,325.000,350.000,300.000,-1,-1,-1,-1,825.000,725.000,-1,-1,2,0,2,0,2,0,0,1,0,2,2,2,2,0,0,2,2
26,4038.912,6689.672,-148.690,87.970,0.034127,-0.997639,-0.059603,0.999176,0.035368,-0.019893,0.021954,-0.058875,0.998024,0,0.79822,-0.83201,47.893,-1.664,-1,400.000,-1,375.000,-1,325.000,325.000,325.000,300.000,-1,-1,-1,-1,825.000,725.000,-1,-1,2,0,2,0,2,0,0,1,0,2,2,2,2,0,0,2,2
27,4041.975,6737.030,-147.608,86.299,0.063148,-0.996165,-0.060562,0.997732,0.064431,-0.019467,0.023294,-0.059195,0.997975,0,0.79094,-0.83513,47.456,-1.670,-1,400.000,-1,375.000,-1,325.000,325.000,325.000,300.000,-1,-1,-1,-1,825.000,725.000,-1,-1,2,0,2,0,2,0,0,1,0,2,2,2,2,0,0,2,2
28,4046.387,6783.899,-146.438,84.622,0.092233,-0.993839,-0.061466,0.995431,0.093561,-0.019080,0.024713,-0.059425,0.997927,0,0.78461,-0.83868,47.076,-1.677,-1,400.000,-1,375.000,-1,325.000,325.000,300.000,300.000,-1,-1,-1,-1,825.000,725.000,-1,-1,2,0,2,0,2,0,0,1,0,2,2,2,2,0,0,2,2
29,4052.137,6830.300,-145.175,82.937,0.121371,-0.990649,-0.062315,0.992261,0.122747,-0.018740,0.026214,-0.059559,0.997881,0,0.77925,-0.84263,46.755,-1.685,-1,400.000,-1,375.000,-1,325.000,325.000,325.000,300.000,-1,-1,-1,-1,800.000,725.000,-1,-1,2,0,2,0,2,0,0,1,0,2,2,2,2,0,0,2,2
30,4059.216,6876.251,-143.817,81.243,0.150547,-0.986586,-0.063114,0.988212,0.151976,-0.018455,0.027799,-0.059591,0.997836,0,0.77488,-0.84693,46.493,-1.694,-1,400.000,-1,375.000,-1,325.000,325.000,350.000,300.000,-1,-1,-1,-1,800.000,700.000,-1,-1,2,0,2,0,2,0,0,1,0,2,2,2,2,0,0,2,2
31,4067.620,6921.771,-142.361,79.540,0.179747,-0.981638,-0.063864,0.983271,0.181232,-0.018234,0.029473,-0.059518,0.997792,0,0.77147,-0.85157,46.288,-1.703,-1,400.000,-1,375.000,-1,325.000,325.000,450.000,300.000,-1,-1,-1,-1,800.000,700.000,-1,-1,2,0,2,0,2,0,0,1,0,2,2,2,2,0,0,2,2
32,4078.383,6971.713,-140.638,77.838,0.208756,-0.975828,-0.064659,0.977469,0.210305,-0.018075,0.031236,-0.059429,0.997744,0,0.85147,-0.85088,51.088,-1.702,-1,400.000,-1,375.000,-1,325.000,300.000,-1,300.000,-1,-1,-1,-1,775.000,700.000,-1,-1,2,0,2,0,2,0,0,2,0,2,2,2,2,0,0,2,2
33,4091.011,7022.894,-138.736,76.141,0.237499,-0.969181,-0.065444,0.970824,0.239117,-0.018007,0.033100,-0.059258,0.997694,0,0.87859,-0.84862,52.716,-1.697,-1,400.000,-1,375.000,-1,325.000,300.000,-1,300.000,-1,-1,-1,-1,775.000,700.000,-1,-1,2,0,2,0,2,0,0,2,0,2,2,2,2,0,0,2,2
34,4105.015,7073.206,-136.725,74.447,0.265970,-0.961707,-0.066186,0.963343,0.267664,-0.018041,0.035065,-0.058962,0.997644,0,0.87038,-0.84687,52.223,-1.694,-1,400.000,-1,375.000,-1,325.000,300.000,-1,325.000,-1,-1,-1,-1,775.000,700.000,-1,-1,2,0,2,0,2,0,0,2,0,2,2,2,2,0,0,2,2
35,4118.886,7118.555,-134.809,72.993,0.290211,-0.954621,-0.066901,0.956251,0.291981,-0.018184,0.036893,-0.058697,0.997594,0,0.79038,-0.72687,47.423,-1.454,-1,400.000,-1,375.000,-1,325.000,300.000,-1,325.000,-1,-1,-1,-1,775.000,700.000,-1,-1,2,0,2,0,2,0,0,2,0,2,2,2,2,0,0,2,2
36,4132.213,7159.042,-133.128,71.779,0.310258,-0.948210,-0.068106,0.949857,0.312132,-0.018594,0.038889,-0.058922,0.997505,0,0.71038,-0.60687,42.623,-1.214,-1,400.000,-1,375.000,-1,325.000,300.000,325.000,325.000,-1,-1,-1,-1,750.000,700.000,-1,-1,2,0,2,0,2,0,0,1,0,2,2,2,2,0,0,2,2
37,4145.039,7195.882,-131.529,70.806,0.326227,-0.942755,-0.069194,0.944419,0.328197,-0.018989,0.040612,-0.059153,0.997423,0,0.65014,-0.48687,39.009,-0.974,-1,400.000,-1,375.000,-1,325.000,300.000,325.000,325.000,-1,-1,-1,-1,750.000,700.000,-1,-1,2,0,2,0,2,0,0,0,0,2,2,2,2,0,0,2,2
38,4158.210,7232.213,-129.895,70.072,0.338177,-0.938456,-0.070257,0.940140,0.340236,-0.019399,0.042109,-0.059492,0.997340,0,0.64407,-0.36687,38.644,-0.734,-1,400.000,-1,375.000,-1,325.000,300.000,325.000,325.000,-1,-1,-1,-1,750.000,700.000,-1,-1,2,0,2,0,2,0,0,0,0,2,2,2,2,0,0,2,2
39,4171.580,7268.122,-128.234,69.578,0.346157,-0.935464,-0.071297,0.937173,0.348301,-0.019823,0.043376,-0.059956,0.997258,0,0.63862,-0.24687,38.317,-0.494,-1,400.000,-1,375.000,-1,325.000,300.000,325.000,325.000,-1,-1,-1,-1,750.000,700.000,-1,-1,2,0,2,0,2,0,0,0,0,2,2,2,2,0,0,2,2
40,4185.007,7303.703,-126.547,69.324,0.350205,-0.933876,-0.072336,0.935621,0.352426,-0.020222,0.044378,-0.060597,0.997175,0,0.63384,-0.12687,38.030,-0.254,-1,400.000,-1,375.000,-1,325.000,300.000,325.000,325.000,-1,-1,-1,-1,750.000,700.000,-1,-1,2,0,2,0,2,0,0,0,0,2,2,2,2,0,0,2,2
41,4198.356,7339.050,-124.852,69.311,0.350344,-0.933746,-0.073333,0.935535,0.352633,-0.020599,0.045094,-0.061389,0.997095,0,0.62972,-0.00687,37.783,-0.014,-1,400.000,-1,375.000,-1,325.000,300.000,325.000,325.000,-1,-1,-1,-1,750.000,700.000,-1,-1,2,0,2,0,2,0,0,0,0,2,2,2,2,0,0,2,2
42,4211.492,7374.256,-123.166,69.537,0.346577,-0.935077,-0.074264,0.936917,0.348923,-0.020947,0.045500,-0.062320,0.997019,0,0.62628,0.11313,37.577,0.226,-1,400.000,-1,375.000,-1,325.000,300.000,325.000,325.000,-1,-1,-1,-1,775.000,700.000,-1,-1,2,0,2,0,2,0,0,0,0,2,2,2,2,0,0,2,2
43,4224.285,7409.410,-121.484,70.003,0.338885,-0.937819,-0.075187,0.939722,0.341278,-0.021279,0.045615,-0.063444,0.996942,0,0.62350,0.23313,37.410,0.466,-1,400.000,-1,375.000,-1,325.000,300.000,325.000,325.000,-1,-1,-1,-1,775.000,700.000,-1,-1,2,0,2,0,2,0,0,0,0,2,2,2,2,0,0,2,2
44,4236.600,7444.598,-119.816,70.709,0.327233,-0.941874,-0.076106,0.943851,0.329664,-0.021589,0.045424,-0.064768,0.996866,0,0.62134,0.35313,37.281,0.706,-1,400.000,-1,375.000,-1,325.000,300.000,325.000,325.000,-1,-1,-1,-1,775.000,700.000,-1,-1,2,0,2,0,2,0,0,0,0,2,2,2,2,0,0,2,2
45,4248.302,7479.896,-118.172,71.656,0.311575,-0.947095,-0.077024,0.949160,0.314033,-0.021874,0.044905,-0.066293,0.996789,0,0.61980,0.47313,37.188,0.946,-1,400.000,-1,375.000,-1,325.000,300.000,325.000,325.000,-1,1000.000,-1,-1,775.000,700.000,-1,-1,2,0,2,0,2,0,0,0,0,2,0,2,2,0,0,2,2
46,4259.313,7515.355,-116.557,72.748,0.293420,-0.952801,-0.077946,0.954964,0.295896,-0.022131,0.044151,-0.067942,0.996712,0,0.61883,0.54593,37.130,1.092,-1,400.000,-1,375.000,-1,325.000,300.000,325.000,300.000,-1,-1,-1,-1,775.000,725.000,-1,-1,2,0,2,0,2,0,0,0,0,2,2,2,2,0,0,2,2
47,4269.637,7550.982,-114.969,73.836,0.275216,-0.958141,-0.078875,0.960405,0.277708,-0.022362,0.043331,-0.069598,0.996634,0,0.61822,0.54435,37.093,1.089,-1,400.000,-1,375.000,-1,325.000,300.000,325.000,300.000,-1,-1,-1,-1,775.000,725.000,-1,-1,2,0,2,0,2,0,0,0,0,2,2,2,2,0,0,2,2
48,4279.277,7586.766,-113.412,74.922,0.256975,-0.963117,-0.079811,0.965486,0.259477,-0.022568,0.042445,-0.071257,0.996554,0,0.61767,0.54272,37.060,1.085,-1,400.000,-1,375.000,-1,325.000,325.000,325.000,300.000,-1,-1,-1,-1,775.000,725.000,-1,-1,2,0,2,0,2,0,0,0,0,2,2,2,2,0,0,2,2
49,4288.231,7622.698,-111.887,76.004,0.238704,-0.967729,-0.080754,0.970206,0.241213,-0.022748,0.041493,-0.072918,0.996474,0,0.61719,0.54105,37.031,1.082,-1,400.000,-1,375.000,-1,325.000,325.000,325.000,300.000,-1,-1,-1,-1,800.000,750.000,-1,-1,2,0,2,0,2,0,0,0,0,2,2,2,2,0,0,2,2
50,4296.502,7658.767,-110.395,77.083,0.220413,-0.971979,-0.081704,0.974567,0.222925,-0.022904,0.040476,-0.074578,0.996393,0,0.61676,0.53934,37.006,1.079,-1,400.000,-1,375.000,-1,325.000,325.000,325.000,300.000,-1,-1,-1,-1,800.000,750.000,-1,-1,2,0,2,0,2,0,0,0,0,2,2,2,2,0,0,2,2
51,4304.090,7694.963,-108.940,78.158,0.202111,-0.975868,-0.082662,0.978570,0.204622,-0.023035,0.039394,-0.076235,0.996311,0,0.61639,0.53758,36.983,1.075,-1,400.000,-1,375.000,-1,325.000,325.000,325.000,300.000,-1,-1,-1,-1,800.000,775.000,-1,-1,2,0,2,0,2,0,0,0,0,2,2,2,2,0,0,2,2
52,4310.996,7731.276,-107.523,79.229,0.183807,-0.979399,-0.083627,0.982218,0.186312,-0.023142,0.038246,-0.077887,0.996228,0,0.61608,0.53579,36.965,1.072,-1,400.000,-1,375.000,-1,325.000,325.000,325.000,300.000,-1,-1,-1,-1,800.000,775.000,-1,-1,2,0,2,0,2,0,0,0,0,2,2,2,2,0,0,2,2
53,4317.222,7767.696,-106.146,80.297,0.165509,-0.982573,-0.084601,0.985513,0.168004,-0.023226,0.037035,-0.079531,0.996144,0,0.61582,0.53395,36.949,1.068,-1,400.000,-1,400.000,-1,325.000,325.000,325.000,300.000,-1,-1,-1,-1,800.000,775.000,-1,-1,2,0,2,0,2,0,0,0,0,2,2,2,2,0,0,2,2
54,4322.768,7804.213,-104.812,81.361,0.147227,-0.985393,-0.085582,0.988456,0.149708,-0.023287,0.035759,-0.081166,0.996059,0,0.61561,0.53207,36.937,1.064,-1,400.000,-1,400.000,-1,325.000,325.000,300.000,300.000,-1,-1,-1,-1,800.000,800.000,-1,-1,2,0,2,0,2,0,0,0,0,2,2,2,2,0,0,2,2
55,4327.636,7840.818,-103.524,82.422,0.128968,-0.987862,-0.086579,0.991051,0.131430,-0.023331,0.034427,-0.082796,0.995972,0,0.61546,0.53016,36.928,1.060,-1,400.000,-1,400.000,-1,325.000,325.000,300.000,300.000,-1,-1,-1,-1,800.000,800.000,-1,-1,2,0,2,0,2,0,0,0,0,2,2,2,2,0,0,2,2
56,4331.828,7877.500,-102.286,83.478,0.110740,-0.989982,-0.087593,0.993300,0.113179,-0.023361,0.033041,-0.084419,0.995882,0,0.61536,0.52821,36.922,1.056,-1,400.000,-1,400.000,-1,325.000,325.000,300.000,300.000,-1,-1,-1,-1,800.000,800.000,-1,-1,2,0,2,0,2,0,0,0,0,2,2,2,2,0,0,2,2
57,4335.613,7917.061,-101.122,84.531,0.092568,-0.991790,-0.088227,0.995212,0.094949,-0.023178,0.031365,-0.085659,0.995831,0,0.66238,0.52670,39.743,1.053,-1,400.000,-1,400.000,-1,325.000,325.000,300.000,300.000,-1,-1,-1,-1,800.000,825.000,-1,-1,2,0,2,0,2,0,0,0,0,2,2,2,2,0,0,2,2
58,4338.667,7956.631,-100.166,85.586,0.074400,-0.993314,-0.088272,0.996800,0.076669,-0.022599,0.029215,-0.086309,0.995840,0,0.66147,0.52746,39.688,1.055,-1,400.000,-1,400.000,-1,325.000,325.000,300.000,300.000,-1,-1,-1,-1,800.000,825.000,-1,-1,2,0,2,0,2,0,0,0,0,2,2,2,2,0,0,2,2
59,4340.986,7996.195,-99.264,86.643,0.056187,-0.994503,-0.088350,0.998055,0.058341,-0.021984,0.027018,-0.086943,0.995847,0,0.66055,0.52817,39.633,1.056,-1,400.000,-1,400.000,-1,325.000,325.000,300.000,300.000,-1,-1,-1,-1,800.000,825.000,-1,-1,2,0,2,0,2,0,0,0,0,2,2,2,2,0,0,2,2
60,4342.573,8035.738,-98.416,87.700,0.037938,-0.995357,-0.088463,0.998973,0.039972,-0.021342,0.024779,-0.087562,0.995851,0,0.65959,0.52881,39.576,1.058,-1,400.000,-1,400.000,-1,325.000,325.000,300.000,300.000,-1,-1,-1,-1,800.000,825.000,-1,-1,2,0,2,0,2,0,0,0,0,2,2,2,2,0,0,2,2
61,4343.428,8075.246,-97.623,88.759,0.019659,-0.995872,-0.088610,0.999553,0.021572,-0.020679,0.022505,-0.088164,0.995852,0,0.65863,0.52939,39.518,1.059,-1,400.000,-1,400.000,-1,325.000,325.000,325.000,300.000,-1,-1,-1,-1,800.000,825.000,-1,-1,2,0,2,0,2,0,0,0,0,2,2,2,2,0,0,2,2
62,4343.551,8114.703,-96.884,89.819,0.001360,-0.996049,-0.088793,0.999795,0.003148,-0.020002,0.020203,-0.088748,0.995849,0,0.65764,0.52991,39.458,1.060,-1,400.000,-1,400.000,-1,325.000,325.000,325.000,300.000,-1,-1,-1,-1,775.000,825.000,-1,-1,2,0,2,0,2,0,0,0,0,2,2,2,2,0,0,2,2
63,4342.945,8154.096,-96.202,90.880,-0.016952,-0.995886,-0.089013,0.999696,-0.015290,-0.019320,0.017879,-0.089313,0.995843,0,0.65664,0.53036,39.399,1.061,-1,400.000,-1,400.000,-1,325.000,325.000,325.000,300.000,-1,-1,-1,-1,775.000,825.000,-1,-1,2,0,2,0,2,0,0,0,0,2,2,2,2,0,0,2,2
64,4341.612,8193.410,-95.576,91.941,-0.035270,-0.995383,-0.089267,0.999257,-0.033736,-0.018638,0.015540,-0.089858,0.995833,0,0.65563,0.53076,39.338,1.062,-1,400.000,-1,400.000,-1,325.000,325.000,325.000,300.000,-1,-1,-1,-1,775.000,825.000,-1,-1,2,0,2,0,2,0,0,0,0,2,2,2,2,0,0,2,2
65,4339.483,8237.496,-94.921,92.763,-0.049419,-0.994753,-0.089582,0.998687,-0.048001,-0.017912,0.013518,-0.090350,0.995818,0,0.73563,0.41076,44.138,0.822,-1,400.000,-1,400.000,-1,325.000,325.000,300.000,300.000,-1,-1,-1,-1,775.000,825.000,-1,-1,2,0,2,0,2,0,0,0,0,2,2,2,2,0,0,2,2
66,4336.628,8286.350,-94.233,93.344,-0.059406,-0.994173,-0.089945,0.998164,-0.058093,-0.017150,0.011825,-0.090799,0.995799,0,0.81563,0.29076,48.938,0.582,-1,400.000,-1,400.000,-1,325.000,325.000,300.000,300.000,-1,-1,-1,-1,775.000,825.000,-1,-1,2,0,2,0,2,0,0,0,0,2,2,2,2,0,0,2,2
67,4333.173,8339.976,-93.507,93.686,-0.065237,-0.993772,-0.090344,0.997815,-0.064015,-0.016362,0.010476,-0.091214,0.995776,0,0.89563,0.17076,53.738,0.342,-1,400.000,-1,400.000,-1,325.000,325.000,300.000,300.000,-1,-1,-1,-1,750.000,850.000,-1,-1,2,0,2,0,2,0,0,0,0,2,2,2,2,0,0,2,2
68,4329.572,8394.358,-92.782,93.787,-0.066923,-0.993624,-0.090737,0.997713,-0.065773,-0.015607,0.009539,-0.091574,0.995753,0,0.90834,0.05076,54.501,0.102,-1,400.000,-1,400.000,-1,325.000,325.000,300.000,300.000,-1,-1,-1,-1,750.000,850.000,-1,-1,2,0,2,0,2,0,0,0,0,2,2,2,2,0,0,2,2
69,4326.119,8448.511,-92.055,93.649,-0.064468,-0.993752,-0.091108,0.997879,-0.063370,-0.014898,0.009031,-0.091875,0.995730,0,0.90440,-0.06924,54.264,-0.138,-1,400.000,-1,400.000,-1,325.000,325.000,300.000,300.000,-1,-1,-1,-1,750.000,850.000,-1,-1,2,0,2,0,2,0,0,0,0,2,2,2,2,0,0,2,2
70,4323.037,8502.431,-91.312,93.270,-0.057869,-0.994127,-0.091448,0.998284,-0.056803,-0.014229,0.008951,-0.092114,0.995708,0,0.90013,-0.18924,54.008,-0.378,-1,400.000,-1,400.000,-1,325.000,325.000,300.000,300.000,-1,-1,-1,-1,750.000,875.000,-1,-1,2,0,2,0,2,0,0,0,0,2,2,2,2,0,0,2,2
71,4320.553,8556.111,-90.931,92.652,-0.047137,-0.994792,-0.090375,0.998842,-0.046073,-0.013824,0.009588,-0.090922,0.995812,0,0.89561,-0.30924,53.737,-0.618,-1,400.000,-1,400.000,-1,325.000,325.000,300.000,300.000,-1,-1,-1,-1,750.000,875.000,-1,-1,2,0,2,0,2,0,0,0,0,2,2,2,2,0,0,2,2
72,4318.790,8612.449,-90.575,91.793,-0.032207,-0.995486,-0.089273,0.999429,-0.031167,-0.013019,0.010178,-0.089642,0.995922,0,0.93941,-0.42924,56.365,-0.858,-1,400.000,-1,400.000,-1,325.000,325.000,300.000,300.000,-1,-1,-1,-1,775.000,900.000,-1,-1,2,0,2,0,2,0,0,0,0,2,2,2,2,0,0,2,2
73,4317.992,8668.496,-90.135,90.818,-0.015237,-0.995990,-0.088161,0.999824,-0.014216,-0.012203,0.010901,-0.088332,0.996031,0,0.93421,-0.48776,56.052,-0.976,-1,400.000,-1,400.000,-1,325.000,325.000,300.000,300.000,-1,-1,-1,-1,775.000,900.000,-1,-1,2,0,2,0,2,0,0,0,0,2,2,2,2,0,0,2,2
74,4318.144,8724.202,-89.617,89.845,0.001691,-0.996204,-0.087034,0.999932,0.002691,-0.011371,0.011562,-0.087009,0.996140,0,0.92842,-0.48623,55.705,-0.972,-1,400.000,-1,400.000,-1,325.000,325.000,300.000,300.000,-1,-1,-1,-1,800.000,900.000,-1,-1,2,0,2,0,2,0,0,0,0,2,2,2,2,0,0,2,2
75,4319.232,8779.535,-89.026,88.875,0.018590,-0.996131,-0.085896,0.999753,0.019565,-0.010520,0.012160,-0.085679,0.996249,0,0.92238,-0.48522,55.343,-0.970,-1,400.000,-1,400.000,-1,325.000,325.000,300.000,300.000,-1,-1,-1,-1,800.000,900.000,-1,-1,2,0,2,0,2,0,0,0,0,2,2,2,2,0,0,2,2
76,4321.243,8834.470,-88.367,87.905,0.035473,-0.995771,-0.084751,0.999290,0.036419,-0.009649,0.012694,-0.084349,0.996355,0,0.91619,-0.48472,54.971,-0.969,-1,400.000,-1,400.000,-1,325.000,325.000,300.000,300.000,-1,-1,-1,-1,825.000,900.000,-1,-1,2,0,2,0,2,0,0,0,0,2,2,2,2,0,0,2,2
77,4324.163,8888.990,-87.643,86.936,0.052353,-0.995123,-0.083602,0.998542,0.053268,-0.008752,0.013163,-0.083022,0.996461,0,0.90997,-0.48473,54.598,-0.969,-1,400.000,-1,400.000,-1,325.000,325.000,300.000,300.000,-1,-1,-1,-1,825.000,900.000,-1,-1,2,0,2,0,2,0,0,0,0,2,2,2,2,0,0,2,2
78,4327.980,8943.086,-86.860,85.965,0.069242,-0.994187,-0.082452,0.997508,0.070123,-0.007829,0.013565,-0.081705,0.996564,0,0.90383,-0.48524,54.230,-0.970,-1,400.000,-1,425.000,-1,325.000,325.000,300.000,300.000,-1,-1,-1,-1,850.000,925.000,-1,-1,2,0,2,0,2,0,0,0,0,2,2,2,2,0,0,2,2
79,4332.683,8996.754,-86.022,84.993,0.086153,-0.992959,-0.081303,0.996185,0.086996,-0.006875,0.013900,-0.080400,0.996666,0,0.89788,-0.48625,53.873,-0.972,-1,400.000,-1,425.000,-1,325.000,325.000,300.000,300.000,-1,-1,-1,-1,850.000,925.000,-1,-1,2,0,2,0,2,0,0,0,0,2,2,2,2,0,0,2,2
80,4338.264,9049.996,-85.132,84.017,0.103096,-0.991436,-0.080156,0.994571,0.103898,-0.005887,0.014164,-0.079114,0.996765,0,0.89222,-0.48772,53.533,-0.975,-1,425.000,-1,425.000,-1,325.000,325.000,300.000,300.000,-1,-1,-1,-1,875.000,925.000,-1,-1,2,0,2,0,2,0,0,0,0,2,2,2,2,0,0,2,2
81,4344.716,9102.820,-84.194,83.038,0.120082,-0.989615,-0.079012,0.992660,0.120840,-0.004861,0.014358,-0.077849,0.996862,0,0.88693,-0.48966,53.216,-0.979,-1,425.000,-1,425.000,-1,350.000,350.000,300.000,300.000,-1,-1,-1,-1,900.000,925.000,-1,-1,2,0,2,0,2,0,0,0,0,2,2,2,2,0,0,2,2
82,4352.033,9155.238,-83.271,82.054,0.137116,-0.987470,-0.078113,0.990449,0.137829,-0.003777,0.014495,-0.076849,0.996937,0,0.88209,-0.49203,52.925,-0.984,-1,425.000,-1,425.000,-1,350.000,350.000,300.000,300.000,-1,-1,-1,-1,900.000,925.000,-1,-1,2,0,2,0,2,0,0,0,0,2,2,2,2,0,0,2,2
83,4360.212,9207.265,-82.775,81.064,0.154275,-0.984870,-0.078926,0.987937,0.154852,-0.001205,0.013409,-0.077788,0.996880,0,0.87775,-0.49482,52.665,-0.990,-1,425.000,-1,425.000,-1,350.000,350.000,300.000,300.000,-1,-1,-1,-1,925.000,925.000,-1,-1,2,0,2,0,2,0,0,0,0,2,2,2,2,0,0,2,2
84,4369.256,9258.918,-82.549,80.068,0.171517,-0.982046,-0.078539,0.985105,0.171951,0.001247,0.012280,-0.077583,0.996910,0,0.87397,-0.49801,52.438,-0.996,-1,425.000,-1,425.000,-1,350.000,350.000,275.000,300.000,-1,-1,-1,-1,925.000,925.000,-1,-1,2,0,2,0,2,0,0,0,0,2,2,2,2,0,0,2,2
85,4379.167,9310.216,-82.406,79.065,0.188862,-0.978933,-0.077592,0.981944,0.189128,0.003978,0.010780,-0.076943,0.996977,0,0.87077,-0.50158,52.246,-1.003,-1,425.000,-1,425.000,-1,350.000,350.000,275.000,300.000,-1,-1,-1,-1,925.000,900.000,-1,-1,2,0,2,0,2,0,0,0,0,2,2,2,2,0,0,2,2
86,4389.950,9361.179,-82.212,78.054,0.206281,-0.975487,-0.076635,0.978449,0.206380,0.006713,0.009267,-0.076368,0.997037,0,0.86818,-0.50551,52.091,-1.011,-1,425.000,-1,425.000,-1,325.000,325.000,275.000,300.000,-1,-1,-1,-1,925.000,900.000,-1,-1,2,0,2,0,2,0,0,0,0,2,2,2,2,0,0,2,2
87,4401.610,9411.827,-81.973,77.035,0.223779,-0.971698,-0.075673,0.974609,0.223714,0.009453,0.007743,-0.075867,0.997088,0,0.86620,-0.50978,51.972,-1.020,-1,425.000,-1,400.000,-1,325.000,325.000,275.000,300.000,-1,-1,-1,-1,900.000,875.000,-1,-1,2,0,2,0,2,0,0,0,0,2,2,2,2,0,0,2,2
88,4414.159,9462.178,-81.688,76.006,0.241360,-0.967555,-0.074712,0.970416,0.241131,0.012200,0.006212,-0.075446,0.997131,0,0.86485,-0.51437,51.891,-1.029,-1,400.000,-1,400.000,-1,325.000,325.000,275.000,300.000,-1,-1,-1,-1,900.000,875.000,-1,-1,2,0,2,0,2,0,0,0,0,2,2,2,2,0,0,2,2
89,4427.606,9512.252,-81.362,74.967,0.259025,-0.963050,-0.073758,0.965859,0.258635,0.014955,0.004674,-0.075113,0.997164,0,0.86411,-0.51928,51.847,-1.039,-1,400.000,-1,400.000,-1,325.000,325.000,275.000,300.000,-1,-1,-1,-1,875.000,850.000,-1,-1,2,0,2,0,2,0,0,0,0,2,2,2,2,0,0,2,2
90,4441.966,9562.063,-80.948,73.918,0.276766,-0.958186,-0.072669,0.960932,0.276231,0.017513,0.003293,-0.074677,0.997202,0,0.86398,-0.52447,51.839,-1.049,-1,400.000,-1,400.000,-1,325.000,325.000,275.000,300.000,-1,-1,-1,-1,875.000,850.000,-1,-1,2,0,2,0,2,0,0,0,0,2,2,2,2,0,0,2,2
91,4456.313,9609.311,-80.459,73.110,0.290401,-0.954233,-0.071459,0.956903,0.289744,0.019612,0.001990,-0.074075,0.997251,0,0.82297,-0.40447,49.378,-0.809,-1,400.000,-1,400.000,-1,325.000,325.000,300.000,300.000,-1,-1,-1,-1,875.000,850.000,-1,-1,2,0,2,0,2,0,0,0,0,2,2,2,2,0,0,2,2
92,4471.149,9656.480,-79.956,72.541,0.299998,-0.951346,-0.070297,0.953940,0.299217,0.021637,0.000449,-0.073550,0.997291,0,0.82410,-0.28447,49.446,-0.569,-1,400.000,-1,400.000,-1,325.000,325.000,300.000,300.000,-1,-1,-1,-1,875.000,825.000,-1,-1,2,0,2,0,2,0,0,0,0,2,2,2,2,0,0,2,2
93,4486.287,9703.662,-79.457,72.212,0.305593,-0.949644,-0.069208,0.952161,0.304684,0.023600,-0.001325,-0.073109,0.997323,0,0.82586,-0.16447,49.552,-0.329,-1,425.000,-1,400.000,-1,325.000,325.000,300.000,300.000,-1,-1,-1,-1,875.000,825.000,-1,-1,2,0,2,0,2,0,0,0,0,2,2,2,2,0,0,2,2
94,4501.540,9750.953,-79.124,72.123,0.307178,-0.949154,-0.068913,0.951648,0.306152,0.025245,-0.002863,-0.073335,0.997303,0,0.82815,-0.04447,49.689,-0.089,-1,425.000,-1,400.000,-1,325.000,325.000,300.000,300.000,-1,-1,-1,-1,850.000,825.000,-1,-1,2,0,2,0,2,0,0,0,0,2,2,2,2,0,0,2,2
95,4516.717,9798.440,-79.156,72.274,0.304770,-0.949843,-0.070101,0.952416,0.303612,0.026886,-0.004254,-0.074959,0.997178,0,0.83090,0.07553,49.854,0.151,-1,425.000,-1,400.000,-1,325.000,325.000,300.000,300.000,-1,-1,-1,-1,850.000,825.000,-1,-1,2,0,2,0,2,0,0,0,0,2,2,2,2,0,0,2,2
96,4530.765,9843.451,-79.325,72.665,0.298409,-0.951750,-0.071575,0.954418,0.297078,0.028832,-0.006177,-0.076916,0.997018,0,0.78587,0.19553,47.152,0.391,-1,425.000,-1,400.000,-1,325.000,325.000,300.000,300.000,-1,-1,-1,-1,850.000,825.000,-1,-1,2,0,2,0,2,0,0,0,0,2,2,2,2,0,0,2,2
97,4544.443,9889.041,-79.556,73.296,0.288052,-0.954818,-0.073127,0.957578,0.286533,0.030704,-0.008363,-0.078869,0.996850,0,0.79330,0.31553,47.598,0.631,-1,400.000,-1,400.000,-1,325.000,325.000,275.000,300.000,-1,-1,-1,-1,825.000,-1,-1,-1,2,0,2,0,2,0,0,0,0,2,2,2,2,0,2,2,2
98,4558.682,9939.254,-80.297,74.167,0.273616,-0.959016,-0.073638,0.961783,0.271971,0.031710,-0.010383,-0.079500,0.996781,0,0.86989,0.43553,52.193,0.871,-1,400.000,-1,400.000,-1,325.000,325.000,275.000,300.000,-1,-1,-1,-1,825.000,-1,-1,-1,2,0,2,0,2,0,0,0,0,2,2,2,2,0,2,2,2
99,4572.114,9990.375,-81.370,75.278,0.255135,-0.964127,-0.073246,0.966813,0.253329,0.033130,-0.013387,-0.079268,0.996763,0,0.88096,0.55553,52.857,1.111,-1,400.000,-1,400.000,-1,325.000,325.000,275.000,300.000,-1,-1,-1,-1,800.000,-1,-1,-1,2,0,2,0,2,0,0,0,0,2,2,2,2,0,2,2,2
100,4584.491,10042.445,-82.571,76.629,0.232509,-0.969856,-0.072936,0.972450,0.230532,0.034574,-0.016717,-0.078965,0.996737,0,0.89203,0.67553,53.522,1.351,-1,400.000,-1,400.000,-1,325.000,325.000,275.000,300.000,-1,-1,-1,-1,800.000,-1,-1,-1,2,0,2,0,2,0,0,0,0,2,2,2,2,0,2,2,2
101,4595.550,10095.478,-83.907,78.220,0.205682,-0.975917,-0.072672,0.978406,0.203521,0.036063,-0.020404,-0.078521,0.996704,0,0.90292,0.79553,54.175,1.591,-1,400.000,-1,400.000,-1,325.000,325.000,275.000,300.000,-1,-1,-1,-1,800.000,-1,-1,-1,2,0,2,0,2,0,0,0,0,2,2,2,2,0,2,2,2
102,4605.116,10149.442,-85.315,79.948,0.176367,-0.981675,-0.072173,0.984019,0.174012,0.037765,-0.024514,-0.077680,0.996677,0,0.91343,0.86399,54.806,1.728,-1,400.000,-1,400.000,-1,325.000,325.000,275.000,300.000,-1,-1,-1,-1,775.000,-1,-1,-1,2,0,2,0,2,0,0,0,0,2,2,2,2,0,2,2,2
103,4613.168,10204.257,-86.861,81.643,0.147459,-0.986461,-0.071771,0.988655,0.144911,0.039521,-0.028585,-0.076785,0.996638,0,0.92340,0.84743,55.404,1.695,-1,400.000,-1,400.000,-1,325.000,325.000,275.000,300.000,-1,-1,-1,-1,775.000,-1,-1,-1,2,0,2,0,2,0,0,0,0,2,2,2,2,0,2,2,2
104,4619.694,10259.839,-88.542,83.303,0.119012,-0.990317,-0.071468,0.992357,0.116275,0.041321,-0.032611,-0.075839,0.996587,0,0.93274,0.83021,55.965,1.660,-1,400.000,-1,400.000,-1,325.000,325.000,275.000,300.000,-1,-1,-1,-1,750.000,-1,-1,-1,2,0,2,0,2,0,0,0,0,2,2,2,2,0,2,2,2
105,4624.688,10316.100,-90.353,84.928,0.091081,-0.993290,-0.071264,0.995171,0.088158,0.043154,-0.036582,-0.074850,0.996524,0,0.94140,0.81234,56.484,1.625,-1,400.000,-1,400.000,-1,325.000,325.000,275.000,300.000,-1,-1,-1,-1,750.000,-1,-1,-1,2,0,2,0,2,0,0,0,0,2,2,2,2,0,2,2,2
106,4628.129,10372.794,-92.287,86.527,0.063524,-0.995440,-0.071161,0.997158,0.060416,0.045006,-0.040502,-0.073817,0.996449,0,0.94665,0.79936,56.799,1.599,-1,400.000,-1,400.000,-1,325.000,325.000,300.000,300.000,-1,-1,-1,-1,725.000,-1,-1,-1,2,0,2,0,2,0,0,0,0,2,2,2,2,0,2,2,2
107,4630.009,10429.686,-94.335,88.108,0.036211,-0.996807,-0.071159,0.998359,0.032922,0.046861,-0.044369,-0.072740,0.996364,0,0.94873,0.79076,56.924,1.582,-1,375.000,-1,400.000,-1,325.000,325.000,300.000,300.000,-1,-1,-1,-1,700.000,-1,-1,-1,2,0,2,0,2,0,0,0,0,2,2,2,2,0,2,2,2
108,4630.336,10486.680,-96.498,89.671,0.009188,-0.997414,-0.071282,0.998798,0.005721,0.048691,-0.048157,-0.071644,0.996267,0,0.94993,0.78149,56.996,1.563,-1,375.000,-1,400.000,-1,325.000,325.000,300.000,300.000,-1,-1,-1,-1,700.000,975.000,-1,-1,2,0,2,0,2,0,0,0,0,2,2,2,2,0,1,2,2
109,4629.129,10543.676,-99.180,91.214,-0.017713,-0.997348,-0.070590,0.998616,-0.021143,0.048151,-0.049516,-0.069640,0.996343,0,0.95016,0.77157,57.010,1.543,-1,375.000,-1,400.000,-1,325.000,325.000,300.000,300.000,-1,-1,-1,-1,700.000,850.000,-1,-1,2,0,2,0,2,0,0,0,0,2,2,2,2,0,1,2,2
110,4626.412,10600.572,-101.918,92.736,-0.044264,-0.996583,-0.069740,0.997738,-0.047634,0.047425,-0.050585,-0.067483,0.996437,0,0.94936,0.76101,56.962,1.522,-1,375.000,-1,400.000,-1,325.000,325.000,300.000,300.000,-1,-1,-1,-1,675.000,750.000,-1,-1,2,0,2,0,2,0,0,0,0,2,2,2,2,0,0,2,2
111,4622.214,10657.264,-104.735,94.236,-0.070407,-0.995139,-0.068863,0.996187,-0.073711,0.046673,-0.051522,-0.065314,0.996534,0,0.94747,0.74988,56.848,1.500,-1,375.000,-1,400.000,-1,325.000,325.000,300.000,300.000,-1,-1,-1,-1,675.000,725.000,-1,-1,2,0,2,0,2,0,0,0,0,2,2,2,2,0,0,2,2
112,4616.576,10713.648,-107.620,95.713,-0.096109,-0.993048,-0.067960,0.993995,-0.099341,0.045890,-0.052322,-0.063142,0.996632,0,0.94442,0.73822,56.665,1.476,-1,375.000,-1,400.000,-1,325.000,325.000,300.000,300.000,-1,-1,-1,-1,675.000,725.000,-1,-1,2,0,2,0,2,0,0,0,0,2,2,2,2,0,0,2,2
113,4609.541,10769.620,-110.560,97.165,-0.121339,-0.990345,-0.067032,0.991196,-0.124494,0.045070,-0.052980,-0.060973,0.996732,0,0.94022,0.72612,56.413,1.452,1000.000,375.000,-1,400.000,-1,325.000,325.000,300.000,325.000,-1,-1,-1,-1,650.000,725.000,-1,-1,0,0,2,0,2,0,0,0,1,2,2,2,2,0,0,2,2
114,4601.163,10825.081,-113.546,98.592,-0.146071,-0.987065,-0.066080,0.987827,-0.149144,0.044211,-0.053494,-0.058817,0.996834,0,0.93486,0.71368,56.091,1.427,975.000,375.000,-1,400.000,-1,325.000,325.000,300.000,375.000,-1,-1,-1,-1,650.000,700.000,-1,-1,0,0,2,0,2,0,0,0,1,2,2,2,2,0,0,2,2
115,4591.497,10879.939,-116.566,99.994,-0.170287,-0.983242,-0.065102,0.983921,-0.173272,0.043307,-0.053862,-0.056680,0.996938,0,0.92839,0.70103,55.703,1.402,950.000,375.000,-1,375.000,-1,325.000,325.000,300.000,450.000,-1,-1,-1,-1,650.000,700.000,1000.000,-1,0,0,2,0,2,0,0,0,1,2,2,2,2,0,0,0,2
116,4580.605,10934.108,-119.523,101.371,-0.194011,-0.978930,-0.063691,0.979523,-0.196871,0.042149,-0.053799,-0.054209,0.997079,0,0.92091,0.68831,55.254,1.377,950.000,375.000,-1,375.000,-1,300.000,325.000,300.000,650.000,-1,-1,-1,-1,625.000,700.000,975.000,-1,0,0,2,0,2,0,0,0,1,2,2,2,2,0,0,0,2
117,4568.538,10987.513,-122.450,102.735,-0.217441,-0.974101,-0.062027,0.974609,-0.220156,0.040857,-0.053455,-0.051568,0.997238,0,0.91253,0.68222,54.752,1.364,925.000,375.000,-1,375.000,-1,300.000,300.000,300.000,-1,-1,-1,-1,-1,625.000,675.000,950.000,975.000,0,0,2,0,2,0,0,0,2,2,2,2,2,0,0,0,1
118,4555.339,11040.084,-125.380,104.095,-0.240677,-0.968730,-0.060309,0.969158,-0.243245,0.039542,-0.052975,-0.048932,0.997396,0,0.90339,0.67999,54.203,1.360,925.000,375.000,-1,375.000,950.000,300.000,300.000,300.000,-1,-1,-1,-1,-1,625.000,675.000,950.000,925.000,0,0,2,0,1,0,0,0,2,2,2,2,2,0,0,0,1
119,4541.055,11091.765,-128.286,105.452,-0.263720,-0.962815,-0.058637,0.963173,-0.266147,0.038246,-0.052430,-0.046391,0.997546,0,0.89365,0.67839,53.619,1.357,900.000,350.000,-1,375.000,875.000,300.000,300.000,300.000,-1,-1,-1,-1,-1,600.000,675.000,925.000,875.000,0,0,2,0,1,0,0,0,2,2,2,2,2,0,0,0,1
120,4527.134,11138.557,-130.601,106.569,-0.282578,-0.957484,-0.058090,0.957896,-0.284873,0.035821,-0.050847,-0.045522,0.997668,0,0.81365,0.55839,48.819,1.117,900.000,350.000,-1,375.000,825.000,300.000,300.000,300.000,-1,-1,650.000,575.000,-1,600.000,675.000,925.000,825.000,0,0,2,0,1,0,0,0,2,2,0,0,2,0,1,0,1
121,4513.938,11180.551,-132.641,107.446,-0.297326,-0.953030,-0.057715,0.953514,-0.299497,0.033357,-0.049076,-0.045114,0.997776,0,0.73365,0.43839,44.019,0.877,900.000,350.000,-1,375.000,800.000,300.000,300.000,300.000,-1,-1,575.000,525.000,-1,600.000,650.000,925.000,800.000,0,0,2,0,1,0,0,0,2,2,0,0,2,0,1,0,1
122,4501.765,11217.833,-134.442,108.082,-0.308013,-0.949655,-0.057298,0.950199,-0.310074,0.031237,-0.047431,-0.044823,0.997868,0,0.65365,0.31839,39.219,0.637,875.000,350.000,-1,375.000,750.000,300.000,300.000,300.000,-1,-1,525.000,475.000,-1,600.000,650.000,925.000,775.000,0,0,2,0,1,0,0,0,2,2,0,0,2,0,1,0,1
123,4490.856,11250.477,-135.937,108.479,-0.314678,-0.947504,-0.056696,0.948076,-0.316649,0.029752,-0.046143,-0.044389,0.997948,0,0.57365,0.19839,34.419,0.397,875.000,350.000,-1,375.000,725.000,300.000,300.000,300.000,-1,-1,500.000,475.000,-1,600.000,625.000,900.000,775.000,0,0,2,0,1,0,0,0,2,2,0,0,2,0,1,0,1
124,4481.392,11278.544,-137.056,108.636,-0.317409,-0.946670,-0.055386,0.947250,-0.319252,0.028190,-0.044369,-0.043516,0.998067,0,0.49365,0.07839,29.619,0.157,900.000,350.000,-1,375.000,700.000,300.000,300.000,300.000,-1,-1,475.000,450.000,-1,600.000,625.000,925.000,750.000,0,0,2,0,1,0,0,0,2,2,0,0,2,0,1,0,1
125,4473.496,11302.073,-137.947,108.553,-0.316159,-0.947162,-0.054101,0.947749,-0.317887,0.026816,-0.042597,-0.042796,0.998175,0,0.41365,-0.04161,24.819,-0.083,900.000,350.000,-1,375.000,700.000,300.000,300.000,300.000,925.000,-1,475.000,425.000,-1,600.000,625.000,925.000,725.000,0,0,2,0,1,0,0,0,1,2,0,0,2,0,1,0,1
126,4467.233,11321.088,-138.656,108.230,-0.310910,-0.948956,-0.053074,0.949556,-0.312544,0.025705,-0.040981,-0.042405,0.998260,0,0.33365,-0.16161,20.019,-0.323,925.000,350.000,-1,375.000,675.000,300.000,300.000,300.000,875.000,-1,450.000,400.000,-1,600.000,625.000,950.000,725.000,0,0,2,0,1,0,0,0,1,2,0,0,2,0,1,0,1
127,4462.615,11335.589,-139.189,107.666,-0.301640,-0.951986,-0.052314,0.952602,-0.303201,0.024855,-0.039523,-0.042337,0.998321,0,0.25365,-0.28161,15.219,-0.563,925.000,350.000,-1,375.000,675.000,300.000,300.000,300.000,875.000,-1,450.000,400.000,-1,600.000,625.000,950.000,700.000,0,0,2,0,1,0,0,0,1,2,0,0,2,0,1,0,1
128,4459.593,11345.560,-139.554,106.863,-0.288315,-0.956132,-0.051823,0.956773,-0.289823,0.024265,-0.038220,-0.042586,0.998361,0,0.17365,-0.40161,10.419,-0.803,925.000,350.000,-1,375.000,675.000,300.000,300.000,300.000,875.000,-1,450.000,400.000,-1,625.000,600.000,950.000,700.000,0,0,2,0,1,0,0,0,1,2,0,0,2,0,1,0,1
129,4458.060,11350.967,-139.759,105.820,-0.270886,-0.961227,-0.051598,0.961898,-0.272360,0.023940,-0.037065,-0.043147,0.998381,0,0.09365,-0.52161,5.619,-1.043,925.000,350.000,-1,375.000,650.000,300.000,300.000,300.000,925.000,-1,450.000,400.000,-1,625.000,600.000,975.000,700.000,0,0,2,0,1,0,0,0,1,2,0,0,2,0,1,0,1
130,4457.854,11351.760,-139.813,104.537,-0.249299,-0.967049,-0.051630,0.967756,-0.250756,0.023881,-0.036041,-0.044012,0.998381,0,0.01365,-0.64161,0.819,-1.283,925.000,350.000,-1,375.000,675.000,300.000,300.000,300.000,-1,-1,450.000,400.000,-1,625.000,600.000,975.000,675.000,0,0,2,0,1,0,0,0,2,2,0,0,2,0,1,0,1
131,4458.758,11347.884,-139.724,103.134,-0.225542,-0.972850,-0.051894,0.973597,-0.227000,0.024094,-0.035220,-0.045090,0.998362,0,-0.06635,-0.70127,-3.981,-1.403,925.000,350.000,-1,375.000,675.000,300.000,300.000,300.000,-1,-1,475.000,425.000,-1,625.000,600.000,975.000,675.000,0,0,2,0,1,0,0,0,2,2,0,0,2,0,1,0,1
132,4460.543,11339.286,-139.482,101.731,-0.201628,-0.978065,-0.052299,0.978846,-0.203107,0.024654,-0.034736,-0.046222,0.998327,0,-0.14635,-0.70134,-8.781,-1.403,925.000,350.000,-1,375.000,675.000,300.000,300.000,300.000,-1,-1,500.000,425.000,-1,625.000,600.000,975.000,700.000,0,0,2,0,1,0,0,0,2,2,0,0,2,0,1,0,1
133,4462.977,11325.926,-139.078,100.328,-0.177569,-0.982693,-0.052761,0.983499,-0.179090,0.025616,-0.034622,-0.047342,0.998279,0,-0.22635,-0.70146,-13.581,-1.403,900.000,350.000,-1,375.000,700.000,300.000,300.000,300.000,-1,-1,525.000,450.000,-1,625.000,600.000,975.000,700.000,0,0,2,0,1,0,0,0,2,2,0,0,2,0,1,0,1
134,4465.828,11307.768,-138.561,98.925,-0.153384,-0.986724,-0.053384,0.987556,-0.154964,0.026817,-0.034733,-0.048606,0.998214,0,-0.30635,-0.70157,-18.381,-1.403,900.000,350.000,-1,375.000,725.000,300.000,300.000,300.000,-1,-1,550.000,475.000,-1,625.000,625.000,950.000,700.000,0,0,2,0,1,0,0,0,2,2,0,0,2,0,1,0,1
135,4468.861,11284.787,-137.937,97.522,-0.129089,-0.990154,-0.054135,0.991013,-0.130745,0.028257,-0.035057,-0.050001,0.998134,0,-0.38635,-0.70161,-23.181,-1.403,900.000,350.000,-1,375.000,775.000,300.000,300.000,300.000,-1,-1,600.000,500.000,-1,625.000,625.000,950.000,725.000,0,0,2,0,1,0,0,0,2,2,0,0,2,0,1,0,1
136,4471.234,11263.489,-137.379,96.359,-0.108883,-0.992544,-0.054781,0.993424,-0.110611,0.029562,-0.035401,-0.051202,0.998061,0,-0.35718,-0.58161,-21.431,-1.163,875.000,350.000,-1,375.000,800.000,300.000,300.000,300.000,-1,-1,625.000,550.000,-1,625.000,625.000,950.000,750.000,0,0,2,0,1,0,0,0,2,2,0,0,2,0,1,0,1
137,4473.232,11242.485,-136.845,95.436,-0.092799,-0.994142,-0.055401,0.995039,-0.094599,0.030798,-0.035859,-0.052268,0.997989,0,-0.35165,-0.46161,-21.099,-0.923,875.000,350.000,-1,375.000,825.000,300.000,300.000,275.000,-1,-1,675.000,575.000,-1,625.000,650.000,950.000,775.000,0,0,2,0,1,0,0,0,2,2,0,0,2,0,1,0,1
