timestep,x_cm,y_cm,z_cm,yaw_deg,basis_xx,basis_xy,basis_xz,basis_yx,basis_yy,basis_yz,basis_zx,basis_zy,basis_zz,teleport_flag,throttle_cmd,steering_cmd,cmd_move_cm,cmd_turn_deg,lidar_cm_0,lidar_cm_1,lidar_cm_2,lidar_cm_3,lidar_cm_4,lidar_cm_5,lidar_cm_6,lidar_cm_7,lidar_cm_8,lidar_cm_9,lidar_cm_10,lidar_cm_11,lidar_cm_12,lidar_cm_13,lidar_cm_14,lidar_cm_15,lidar_cm_16,lidar_class_0,lidar_class_1,lidar_class_2,lidar_class_3,lidar_class_4,lidar_class_5,lidar_class_6,lidar_class_7,lidar_class_8,lidar_class_9,lidar_class_10,lidar_class_11,lidar_class_12,lidar_class_13,lidar_class_14,lidar_class_15,lidar_class_16
0,-8858.626,3604.385,33.583,-138.203,-0.746968,0.663851,-0.036609,-0.664166,-0.742544,0.086673,0.030354,0.089056,0.995564,1,0.08000,0.12000,4.800,0.240,-1,375.000,-1,400.000,-1,325.000,325.000,300.000,300.000,-1,800.000,750.000,-1,750.000,750.000,-1,-1,2,0,2,0,2,0,0,0,0,2,0,0,2,0,0,2,2
1,-8865.729,3597.927,33.875,-137.723,-0.741406,0.670062,-0.036528,-0.670330,-0.736971,0.086781,0.031229,0.088825,0.995558,0,0.16000,0.24000,9.600,0.480,-1,400.000,-1,400.000,-1,325.000,325.000,300.000,300.000,-1,800.000,750.000,-1,750.000,750.000,-1,-1,2,0,2,0,2,0,0,0,0,2,0,0,2,0,0,2,2
2,-8876.288,3588.136,34.328,-137.159,-0.734811,0.677294,-0.036404,-0.677502,-0.730365,0.086937,0.032294,0.088546,0.995548,0,0.24000,0.28174,14.400,0.563,-1,400.000,-1,400.000,-1,325.000,325.000,300.000,300.000,-1,800.000,750.000,-1,775.000,750.000,-1,-1,2,0,2,0,2,0,0,0,0,2,0,0,2,0,0,2,2
3,-8890.235,3574.941,34.955,-136.587,-0.728048,0.684567,-0.036257,-0.684711,-0.723586,0.087141,0.033419,0.088269,0.995536,0,0.32000,0.28593,19.200,0.572,-1,400.000,-1,400.000,-1,325.000,325.000,300.000,300.000,-1,800.000,750.000,-1,775.000,750.000,-1,-1,2,0,2,0,2,0,0,0,0,2,0,0,2,0,0,2,2
4,-8907.500,3558.271,35.767,-136.004,-0.721078,0.691914,-0.036077,-0.691989,-0.716599,0.087388,0.034612,0.087978,0.995521,0,0.40000,0.29161,24.000,0.583,-1,400.000,-1,400.000,-1,325.000,325.000,300.000,300.000,-1,825.000,775.000,-1,775.000,750.000,-1,-1,2,0,2,0,2,0,0,0,0,2,0,0,2,0,0,2,2
5,-8928.008,3538.052,36.795,-135.406,-0.713855,0.699375,-0.035856,-0.699377,-0.709366,0.087587,0.035822,0.087601,0.995511,0,0.48000,0.29884,28.800,0.598,-1,400.000,-1,400.000,-1,325.000,325.000,300.000,300.000,-1,825.000,775.000,-1,775.000,750.000,-1,-1,2,0,2,0,2,0,0,0,0,2,0,0,2,0,0,2,2
6,-8951.680,3514.207,38.043,-134.791,-0.706337,0.706980,-0.035598,-0.706905,-0.701841,0.087775,0.037071,0.087163,0.995504,0,0.56000,0.30768,33.600,0.615,-1,400.000,-1,400.000,-1,325.000,325.000,300.000,300.000,-1,850.000,800.000,-1,775.000,750.000,-1,-1,2,0,2,0,2,0,0,0,0,2,0,0,2,0,0,2,2
7,-8978.429,3486.657,39.517,-134.155,-0.698476,0.714762,-0.035310,-0.714603,-0.693974,0.087991,0.038389,0.086692,0.995495,0,0.64000,0.31820,38.400,0.636,-1,400.000,-1,400.000,-1,325.000,325.000,300.000,300.000,-1,875.000,825.000,-1,775.000,750.000,-1,-1,2,0,2,0,2,0,0,0,0,2,0,0,2,0,0,2,2
8,-9008.162,3455.318,41.233,-133.494,-0.690222,0.722751,-0.034995,-0.722504,-0.685713,0.088235,0.039776,0.086186,0.995485,0,0.72000,0.33047,43.200,0.661,-1,400.000,-1,400.000,-1,325.000,325.000,300.000,300.000,-1,900.000,850.000,-1,775.000,750.000,-1,-1,2,0,2,0,2,0,0,0,0,2,0,0,2,0,0,2,2
9,-9040.778,3420.102,43.206,-132.805,-0.681517,0.730981,-0.034657,-0.730640,-0.677003,0.088507,0.041234,0.085641,0.995472,0,0.80000,0.34457,48.000,0.689,-1,400.000,-1,400.000,-1,325.000,325.000,300.000,300.000,-1,925.000,875.000,-1,800.000,750.000,-1,-1,2,0,2,0,2,0,0,0,0,2,0,0,2,0,0,2,2
10,-9069.614,3387.936,45.058,-131.875,-0.669619,0.741910,-0.034365,-0.741460,-0.665102,0.088748,0.042987,0.084908,0.995461,0,0.72000,0.46457,43.200,0.929,-1,400.000,-1,400.000,-1,325.000,325.000,300.000,300.000,-1,925.000,900.000,-1,800.000,775.000,-1,-1,2,0,2,0,2,0,0,0,0,2,0,0,2,0,0,2,2
11,-9097.104,3355.986,46.892,-130.706,-0.654377,0.755403,-0.034031,-0.754837,-0.649892,0.088669,0.044864,0.083711,0.995480,0,0.70249,0.58457,42.150,1.169,-1,400.000,-1,400.000,-1,325.000,325.000,300.000,300.000,-1,975.000,925.000,-1,800.000,775.000,-1,-1,2,0,2,0,2,0,0,0,0,2,0,0,2,0,0,2,2
12,-9123.870,3323.387,48.769,-129.387,-0.636838,0.770263,-0.033650,-0.769578,-0.632413,0.088338,0.046763,0.082153,0.995522,0,0.70300,0.65952,42.180,1.319,-1,400.000,-1,400.000,-1,325.000,325.000,300.000,300.000,-1,1000.000,950.000,-1,800.000,775.000,-1,-1,2,0,2,0,2,0,0,0,0,2,0,0,2,0,0,2,2
13,-9149.878,3290.182,50.727,-128.068,-0.618957,0.784719,-0.033295,-0.783920,-0.614594,0.087998,0.048590,0.080568,0.995564,0,0.70300,0.65952,42.180,1.319,-1,400.000,-1,400.000,-1,325.000,325.000,300.000,300.000,-1,-1,1000.000,-1,800.000,775.000,-1,-1,2,0,2,0,2,0,0,0,0,2,2,0,2,0,0,2,2
14,-9175.115,3256.386,52.768,-126.749,-0.600743,0.798762,-0.032956,-0.797855,-0.596445,0.087646,0.050352,0.078946,0.995606,0,0.70300,0.65952,42.180,1.319,-1,400.000,-1,400.000,-1,325.000,325.000,300.000,300.000,-1,-1,-1,-1,825.000,800.000,-1,-1,2,0,2,0,2,0,0,0,0,2,2,2,2,0,0,2,2
15,-9199.568,3222.019,54.890,-125.430,-0.582206,0.812386,-0.032629,-0.811374,-0.577975,0.087281,0.052047,0.077290,0.995649,0,0.70300,0.65952,42.180,1.319,-1,400.000,-1,400.000,-1,325.000,325.000,300.000,300.000,-1,-1,-1,-1,825.000,800.000,-1,-1,2,0,2,0,2,0,0,0,0,2,2,2,2,0,0,2,2
16,-9223.223,3187.098,57.100,-124.111,-0.563353,0.825585,-0.032304,-0.824472,-0.559194,0.086872,0.053656,0.075573,0.995696,0,0.70300,0.65952,42.180,1.319,-1,400.000,-1,400.000,-1,325.000,325.000,300.000,300.000,-1,-1,-1,-1,825.000,800.000,-1,-1,2,0,2,0,2,0,0,0,0,2,2,2,2,0,0,2,2
17,-9246.068,3151.641,59.396,-122.792,-0.544193,0.838350,-0.031976,-0.837143,-0.540114,0.086421,0.055181,0.073798,0.995745,0,0.70300,0.65952,42.180,1.319,-1,400.000,-1,400.000,-1,325.000,325.000,300.000,300.000,-1,-1,-1,-1,850.000,800.000,-1,-1,2,0,2,0,2,0,0,0,0,2,2,2,2,0,0,2,2
18,-9268.091,3115.668,61.771,-121.473,-0.524740,0.850674,-0.031650,-0.849376,-0.520741,0.085955,0.056638,0.071987,0.995796,0,0.70300,0.65952,42.180,1.319,-1,400.000,-1,400.000,-1,325.000,325.000,300.000,300.000,-1,-1,-1,-1,850.000,800.000,-1,-1,2,0,2,0,2,0,0,0,0,2,2,2,2,0,0,2,2
19,-9289.279,3079.197,64.102,-120.154,-0.505012,0.862523,-0.031872,-0.861183,-0.501072,0.085391,0.057682,0.070571,0.995838,0,0.70300,0.65952,42.180,1.319,-1,400.000,-1,400.000,-1,325.000,325.000,300.000,300.000,-1,-1,-1,-1,850.000,800.000,-1,-1,2,0,2,0,2,0,0,0,0,2,2,2,2,0,0,2,2
20,-9309.622,3042.249,66.452,-118.835,-0.485018,0.873906,-0.032346,-0.872546,-0.481126,0.084741,0.058493,0.069324,0.995878,0,0.70300,0.65952,42.180,1.319,-1,400.000,-1,400.000,-1,325.000,325.000,300.000,300.000,-1,-1,-1,-1,850.000,800.000,-1,-1,2,0,2,0,2,0,0,0,0,2,2,2,2,0,0,2,2
21,-9329.110,3004.841,68.875,-117.516,-0.464761,0.884829,-0.032795,-0.883452,-0.460923,0.084041,0.059246,0.068032,0.995922,0,0.70300,0.65952,42.180,1.319,-1,400.000,-1,400.000,-1,325.000,325.000,300.000,300.000,-1,-1,-1,-1,875.000,800.000,-1,-1,2,0,2,0,2,0,0,0,0,2,2,2,2,0,0,2,2
22,-9345.752,2971.371,71.077,-116.437,-0.448001,0.893418,-0.033170,-0.892034,-0.444211,0.083383,0.059761,0.066945,0.995965,0,0.62300,0.53952,37.380,1.079,-1,400.000,-1,400.000,-1,325.000,325.000,300.000,300.000,-1,-1,-1,-1,875.000,825.000,-1,-1,2,0,2,0,2,0,0,0,0,2,2,2,2,0,0,2,2
23,-9359.829,2941.990,73.034,-115.598,-0.434854,0.899878,-0.033482,-0.898496,-0.431105,0.082784,0.060061,0.066082,0.996005,0,0.54300,0.41952,32.580,0.839,-1,400.000,-1,400.000,-1,325.000,325.000,300.000,300.000,-1,-1,-1,-1,875.000,825.000,-1,-1,2,0,2,0,2,0,0,0,0,2,2,2,2,0,0,2,2
24,-9371.569,2916.813,74.727,-114.999,-0.425406,0.904374,-0.033740,-0.903001,-0.421691,0.082258,0.060165,0.065460,0.996040,0,0.46300,0.29952,27.780,0.599,-1,400.000,-1,400.000,-1,325.000,325.000,300.000,300.000,-1,-1,-1,-1,875.000,825.000,-1,-1,2,0,2,0,2,0,0,0,0,2,2,2,2,0,0,2,2
25,-9381.149,2895.926,76.140,-114.640,-0.419716,0.907020,-0.033952,-0.905665,-0.416026,0.081818,0.060086,0.065089,0.996069,0,0.38300,0.17952,22.980,0.359,-1,400.000,-1,400.000,-1,325.000,325.000,300.000,300.000,-1,-1,-1,-1,875.000,825.000,-1,-1,2,0,2,0,2,0,0,0,0,2,2,2,2,0,0,2,2
26,-9388.694,2879.386,77.265,-114.521,-0.417818,0.907890,-0.034125,-0.906558,-0.414143,0.081470,0.059834,0.064976,0.996091,0,0.30300,0.05952,18.180,0.119,-1,400.000,-1,400.000,-1,325.000,325.000,300.000,300.000,-1,-1,-1,-1,875.000,825.000,-1,-1,2,0,2,0,2,0,0,0,0,2,2,2,2,0,0,2,2
27,-9394.243,2867.211,78.094,-114.500,-0.417490,0.908035,-0.034256,-0.906727,-0.413825,0.081216,0.059571,0.064967,0.996108,0,0.22300,0.01006,13.380,0.020,-1,400.000,-1,400.000,-1,325.000,325.000,300.000,300.000,-1,-1,-1,-1,875.000,825.000,-1,-1,2,0,2,0,2,0,0,0,0,2,2,2,2,0,0,2,2
28,-9397.798,2859.403,78.627,-114.480,-0.417166,0.908181,-0.034340,-0.906887,-0.413506,0.081051,0.059409,0.064954,0.996118,0,0.14300,0.01006,8.580,0.020,-1,400.000,-1,400.000,-1,325.000,325.000,300.000,300.000,-1,-1,-1,-1,875.000,825.000,-1,-1,2,0,2,0,2,0,0,0,0,2,2,2,2,0,0,2,2
29,-9399.363,2855.963,78.861,-114.460,-0.416844,0.908328,-0.034377,-0.907038,-0.413188,0.080978,0.059351,0.064936,0.996123,0,0.06300,0.01006,3.780,0.020,-1,400.000,-1,400.000,-1,325.000,325.000,300.000,300.000,-1,-1,-1,-1,875.000,825.000,-1,-1,2,0,2,0,2,0,0,0,0,2,2,2,2,0,0,2,2
30,-9398.941,2856.891,78.797,-114.440,-0.416526,0.908474,-0.034365,-0.907181,-0.412870,0.080997,0.059395,0.064913,0.996122,0,-0.01700,0.01006,-1.020,0.020,-1,400.000,-1,400.000,-1,325.000,325.000,300.000,300.000,-1,-1,-1,-1,875.000,825.000,-1,-1,2,0,2,0,2,0,0,0,0,2,2,2,2,0,0,2,2
31,-9396.535,2862.191,78.435,-114.420,-0.416211,0.908621,-0.034307,-0.907316,-0.412551,0.081107,0.059542,0.064885,0.996115,0,-0.09700,0.01006,-5.820,0.020,-1,400.000,-1,400.000,-1,325.000,325.000,300.000,300.000,-1,-1,-1,-1,875.000,825.000,-1,-1,2,0,2,0,2,0,0,0,0,2,2,2,2,0,0,2,2
32,-9392.148,2871.863,77.775,-114.400,-0.415899,0.908767,-0.034201,-0.907443,-0.412233,0.081309,0.059792,0.064852,0.996102,0,-0.17700,0.01006,-10.620,0.020,-1,400.000,-1,400.000,-1,325.000,325.000,300.000,300.000,-1,-1,-1,-1,875.000,825.000,-1,-1,2,0,2,0,2,0,0,0,0,2,2,2,2,0,0,2,2
33,-9385.783,2885.908,76.816,-114.380,-0.415591,0.908914,-0.034050,-0.907561,-0.411915,0.081601,0.060143,0.064815,0.996083,0,-0.25700,0.01006,-15.420,0.020,-1,400.000,-1,400.000,-1,325.000,325.000,300.000,300.000,-1,-1,-1,-1,875.000,825.000,-1,-1,2,0,2,0,2,0,0,0,0,2,2,2,2,0,0,2,2
34,-9377.442,2904.328,75.560,-114.360,-0.415285,0.909061,-0.033854,-0.907671,-0.411597,0.081983,0.060593,0.064775,0.996059,0,-0.33700,0.01006,-20.220,0.020,-1,400.000,-1,400.000,-1,325.000,325.000,300.000,300.000,-1,-1,-1,-1,875.000,825.000,-1,-1,2,0,2,0,2,0,0,0,0,2,2,2,2,0,0,2,2
35,-9367.130,2927.124,74.006,-114.340,-0.414983,0.909208,-0.033618,-0.907773,-0.411279,0.082452,0.061140,0.064733,0.996028,0,-0.41700,0.01006,-25.020,0.020,-1,400.000,-1,400.000,-1,325.000,325.000,300.000,300.000,-1,-1,-1,-1,875.000,825.000,-1,-1,2,0,2,0,2,0,0,0,0,2,2,2,2,0,0,2,2
36,-9355.538,2952.774,72.259,-114.319,-0.414682,0.909355,-0.033357,-0.907869,-0.410961,0.082977,0.061747,0.064693,0.995993,0,-0.46913,0.01006,-28.148,0.020,-1,400.000,-1,400.000,-1,325.000,325.000,300.000,300.000,-1,-1,-1,-1,875.000,825.000,-1,-1,2,0,2,0,2,0,0,0,0,2,2,2,2,0,0,2,2
37,-9343.955,2978.428,70.514,-114.299,-0.414381,0.909501,-0.033103,-0.907965,-0.410643,0.083498,0.062348,0.064657,0.995958,0,-0.46913,0.01006,-28.148,0.020,-1,400.000,-1,400.000,-1,325.000,325.000,300.000,300.000,-1,-1,-1,-1,875.000,825.000,-1,-1,2,0,2,0,2,0,0,0,0,2,2,2,2,0,0,2,2
38,-9332.381,3004.087,68.769,-114.279,-0.414081,0.909647,-0.032856,-0.908061,-0.410324,0.084015,0.062943,0.064624,0.995923,0,-0.46913,0.01006,-28.148,0.020,-1,400.000,-1,400.000,-1,325.000,325.000,300.000,300.000,-1,-1,-1,-1,875.000,825.000,-1,-1,2,0,2,0,2,0,0,0,0,2,2,2,2,0,0,2,2
39,-9320.816,3029.749,67.026,-114.259,-0.413779,0.909793,-0.032615,-0.908158,-0.410006,0.084528,0.063531,0.064595,0.995887,0,-0.46913,0.01006,-28.148,0.020,-1,400.000,-1,400.000,-1,325.000,325.000,300.000,300.000,-1,-1,-1,-1,875.000,825.000,-1,-1,2,0,2,0,2,0,0,0,0,2,2,2,2,0,0,2,2
40,-9309.260,3055.415,65.284,-114.239,-0.413478,0.909938,-0.032380,-0.908254,-0.409687,0.085037,0.064113,0.064570,0.995852,0,-0.46913,0.01006,-28.148,0.020,-1,400.000,-1,400.000,-1,325.000,325.000,300.000,300.000,-1,-1,-1,-1,875.000,825.000,-1,-1,2,0,2,0,2,0,0,0,0,2,2,2,2,0,0,2,2
41,-9297.713,3081.086,63.544,-114.219,-0.413177,0.910083,-0.032151,-0.908350,-0.409368,0.085542,0.064689,0.064548,0.995816,0,-0.46913,0.01006,-28.148,0.020,-1,400.000,-1,400.000,-1,325.000,325.000,300.000,300.000,-1,-1,-1,-1,875.000,800.000,-1,-1,2,0,2,0,2,0,0,0,0,2,2,2,2,0,0,2,2
42,-9286.175,3106.760,61.804,-114.199,-0.412875,0.910228,-0.031928,-0.908447,-0.409049,0.086044,0.065259,0.064531,0.995780,0,-0.46913,0.01006,-28.148,0.020,-1,400.000,-1,400.000,-1,325.000,325.000,300.000,300.000,-1,-1,-1,-1,850.000,800.000,-1,-1,2,0,2,0,2,0,0,0,0,2,2,2,2,0,0,2,2
43,-9274.646,3132.439,60.066,-114.179,-0.412573,0.910372,-0.031712,-0.908543,-0.408730,0.086541,0.065823,0.064516,0.995743,0,-0.46913,0.01006,-28.148,0.020,-1,400.000,-1,400.000,-1,325.000,325.000,300.000,300.000,-1,-1,-1,-1,850.000,800.000,-1,-1,2,0,2,0,2,0,0,0,0,2,2,2,2,0,0,2,2
44,-9263.126,3158.121,58.289,-114.159,-0.412277,0.910508,-0.031688,-0.908646,-0.408406,0.086986,0.066260,0.064655,0.995705,0,-0.46913,0.01006,-28.148,0.020,-1,400.000,-1,400.000,-1,325.000,325.000,300.000,300.000,-1,-1,-1,-1,850.000,800.000,-1,-1,2,0,2,0,2,0,0,0,0,2,2,2,2,0,0,2,2
45,-9253.489,3179.387,56.770,-114.378,-0.415793,0.908899,-0.031915,-0.907048,-0.411882,0.087278,0.066182,0.065238,0.995673,0,-0.38913,-0.10994,-23.348,-0.220,-1,400.000,-1,400.000,-1,325.000,325.000,300.000,300.000,-1,-1,-1,-1,850.000,800.000,-1,-1,2,0,2,0,2,0,0,0,0,2,2,2,2,0,0,2,2
46,-9245.697,3196.219,55.572,-114.838,-0.423095,0.905516,-0.032108,-0.903695,-0.419142,0.087493,0.065768,0.066033,0.995648,0,-0.30913,-0.22994,-18.548,-0.460,-1,400.000,-1,400.000,-1,325.000,325.000,300.000,300.000,-1,-1,-1,-1,850.000,800.000,-1,-1,2,0,2,0,2,0,0,0,0,2,2,2,2,0,0,2,2
47,-9239.770,3208.623,54.694,-115.538,-0.434137,0.900269,-0.032261,-0.898497,-0.430143,0.087633,0.065016,0.067031,0.995630,0,-0.22913,-0.34994,-13.748,-0.700,-1,400.000,-1,400.000,-1,325.000,325.000,300.000,300.000,-1,-1,-1,-1,850.000,800.000,-1,-1,2,0,2,0,2,0,0,0,0,2,2,2,2,0,0,2,2
48,-9235.779,3216.632,54.132,-116.478,-0.448851,0.893020,-0.032373,-0.891318,-0.444817,0.087694,0.063913,0.068217,0.995621,0,-0.14913,-0.46994,-8.948,-0.940,-1,400.000,-1,400.000,-1,325.000,325.000,300.000,300.000,-1,-1,-1,-1,850.000,800.000,-1,-1,2,0,2,0,2,0,0,0,0,2,2,2,2,0,0,2,2
49,-9233.853,3220.305,53.877,-117.658,-0.467140,0.883588,-0.032449,-0.881975,-0.463067,0.087688,0.062454,0.069581,0.995619,0,-0.06913,-0.58994,-4.148,-1.180,-1,400.000,-1,400.000,-1,325.000,325.000,300.000,300.000,-1,-1,-1,-1,850.000,800.000,-1,-1,2,0,2,0,2,0,0,0,0,2,2,2,2,0,0,2,2
50,-9234.169,3219.733,53.911,-118.978,-0.487362,0.872595,-0.032489,-0.871083,-0.483255,0.087628,0.060763,0.071007,0.995623,0,0.01087,-0.66016,0.652,-1.320,-1,400.000,-1,400.000,-1,325.000,325.000,300.000,300.000,-1,-1,-1,-1,850.000,800.000,-1,-1,2,0,2,0,2,0,0,0,0,2,2,2,2,0,0,2,2
51,-9236.919,3215.025,54.219,-120.299,-0.507318,0.861146,-0.032494,-0.859736,-0.503184,0.087523,0.059019,0.072338,0.995632,0,0.09087,-0.66016,5.452,-1.320,-1,400.000,-1,400.000,-1,325.000,325.000,300.000,300.000,-1,-1,-1,-1,850.000,800.000,-1,-1,2,0,2,0,2,0,0,0,0,2,2,2,2,0,0,2,2
52,-9242.293,3206.293,54.786,-121.619,-0.526998,0.849246,-0.032473,-0.847938,-0.522846,0.087373,0.057223,0.073580,0.995646,0,0.17087,-0.66016,10.252,-1.320,-1,400.000,-1,400.000,-1,325.000,325.000,300.000,300.000,-1,-1,-1,-1,850.000,800.000,-1,-1,2,0,2,0,2,0,0,0,0,2,2,2,2,0,0,2,2
53,-9250.477,3193.660,55.599,-122.939,-0.546392,0.836902,-0.032428,-0.835698,-0.542229,0.087163,0.055364,0.074725,0.995666,0,0.25087,-0.66016,15.052,-1.320,-1,400.000,-1,400.000,-1,325.000,325.000,300.000,300.000,-1,-1,-1,-1,850.000,800.000,-1,-1,2,0,2,0,2,0,0,0,0,2,2,2,2,0,0,2,2
54,-9261.653,3177.251,56.639,-124.260,-0.565491,0.824119,-0.032376,-0.823021,-0.561323,0.086905,0.053447,0.075790,0.995690,0,0.33087,-0.66016,19.852,-1.320,-1,400.000,-1,400.000,-1,325.000,325.000,300.000,300.000,-1,-1,-1,-1,850.000,800.000,-1,-1,2,0,2,0,2,0,0,0,0,2,2,2,2,0,0,2,2
55,-9275.996,3157.201,57.889,-125.580,-0.584285,0.810905,-0.032328,-0.809915,-0.580119,0.086602,0.051471,0.076783,0.995718,0,0.41087,-0.66016,24.652,-1.320,-1,400.000,-1,400.000,-1,325.000,325.000,300.000,300.000,-1,-1,-1,-1,850.000,800.000,-1,-1,2,0,2,0,2,0,0,0,0,2,2,2,2,0,0,2,2
56,-9293.680,3133.647,59.332,-126.900,-0.602765,0.797265,-0.032294,-0.796386,-0.598607,0.086255,0.049437,0.077710,0.995750,0,0.49087,-0.66016,29.452,-1.320,-1,400.000,-1,400.000,-1,325.000,325.000,300.000,300.000,-1,-1,-1,-1,850.000,800.000,-1,-1,2,0,2,0,2,0,0,0,0,2,2,2,2,0,0,2,2
57,-9314.871,3106.737,60.950,-128.220,-0.620923,0.783207,-0.032285,-0.782441,-0.616776,0.085869,0.047340,0.078579,0.995783,0,0.57087,-0.66016,34.252,-1.320,-1,400.000,-1,400.000,-1,325.000,325.000,300.000,300.000,-1,-1,-1,-1,850.000,800.000,-1,-1,2,0,2,0,2,0,0,0,0,2,2,2,2,0,0,2,2
58,-9339.859,3076.724,62.713,-129.781,-0.641956,0.766060,-0.032335,-0.765430,-0.637821,0.085448,0.044834,0.079604,0.995818,0,0.65087,-0.78016,39.052,-1.560,-1,400.000,-1,400.000,-1,325.000,325.000,300.000,300.000,-1,-1,-1,-1,850.000,800.000,-1,-1,2,0,2,0,2,0,0,0,0,2,2,2,2,0,0,2,2
59,-9366.626,3046.554,64.436,-131.581,-0.665634,0.745572,-0.032462,-0.745099,-0.661510,0.085041,0.041930,0.080794,0.995849,0,0.67219,-0.90016,40.331,-1.800,-1,400.000,-1,400.000,-1,325.000,325.000,300.000,300.000,-1,-1,-1,-1,850.000,800.000,-1,-1,2,0,2,0,2,0,0,0,0,2,2,2,2,0,0,2,2
60,-9394.430,3017.337,66.046,-133.581,-0.691166,0.721957,-0.032685,-0.721660,-0.687049,0.084675,0.038675,0.082112,0.995872,0,0.67219,-0.99986,40.331,-2.000,-1,400.000,-1,400.000,-1,325.000,325.000,300.000,300.000,-1,-1,-1,-1,850.000,800.000,-1,-1,2,0,2,0,2,0,0,0,0,2,2,2,2,0,0,2,2
61,-9423.237,2989.107,67.494,-135.581,-0.715856,0.697458,-0.033200,-0.697359,-0.711737,0.084383,0.035224,0.083558,0.995880,0,0.67219,-0.99986,40.331,-2.000,-1,400.000,-1,400.000,-1,325.000,325.000,300.000,300.000,-1,-1,-1,-1,850.000,800.000,-1,-1,2,0,2,0,2,0,0,0,0,2,2,2,2,0,0,2,2
62,-9453.011,2961.900,68.834,-137.580,-0.739673,0.672120,-0.033746,-0.672217,-0.735556,0.084154,0.031740,0.084931,0.995881,0,0.67219,-0.99986,40.331,-2.000,-1,400.000,-1,400.000,-1,325.000,325.000,300.000,300.000,-1,-1,-1,-1,850.000,800.000,-1,-1,2,0,2,0,2,0,0,0,0,2,2,2,2,0,0,2,2
63,-9483.716,2935.749,69.930,-139.580,-0.762576,0.646001,-0.034064,-0.646288,-0.758512,0.083496,0.028100,0.085688,0.995926,0,0.67219,-0.99986,40.331,-2.000,-1,400.000,-1,400.000,-1,325.000,325.000,300.000,300.000,-1,-1,-1,-1,850.000,800.000,-1,-1,2,0,2,0,2,0,0,0,0,2,2,2,2,0,0,2,2
64,-9515.316,2910.685,70.822,-141.580,-0.784558,0.619123,-0.033994,-0.619564,-0.780571,0.082761,0.024705,0.085992,0.995989,0,0.67219,-0.99986,40.331,-2.000,-1,400.000,-1,400.000,-1,325.000,325.000,300.000,300.000,-1,-1,-1,-1,850.000,800.000,-1,-1,2,0,2,0,2,0,0,0,0,2,2,2,2,0,0,2,2
65,-9547.772,2886.740,71.598,-143.579,-0.805590,0.591498,-0.033992,-0.592092,-0.801685,0.082026,0.021267,0.086206,0.996050,0,0.67219,-0.99986,40.331,-2.000,-1,400.000,-1,400.000,-1,325.000,325.000,300.000,300.000,-1,-1,-1,-1,850.000,800.000,-1,-1,2,0,2,0,2,0,0,0,0,2,2,2,2,0,0,2,2
66,-9581.043,2863.941,72.258,-145.579,-0.825648,0.563157,-0.034059,-0.563905,-0.821828,0.081298,0.017793,0.086330,0.996108,0,0.67219,-0.99986,40.331,-2.000,-1,400.000,-1,400.000,-1,325.000,325.000,300.000,300.000,-1,-1,-1,-1,850.000,800.000,-1,-1,2,0,2,0,2,0,0,0,0,2,2,2,2,0,0,2,2
67,-9615.089,2842.318,72.803,-147.579,-0.844707,0.534135,-0.034193,-0.535038,-0.840976,0.080581,0.014286,0.086362,0.996161,0,0.67219,-0.99986,40.331,-2.000,-1,400.000,-1,400.000,-1,325.000,325.000,300.000,300.000,-1,-1,-1,-1,850.000,800.000,-1,-1,2,0,2,0,2,0,0,0,0,2,2,2,2,0,0,2,2
68,-9649.870,2821.896,73.230,-149.579,-0.862746,0.504467,-0.034392,-0.505523,-0.859107,0.079882,0.010751,0.086304,0.996211,0,0.67219,-0.99986,40.331,-2.000,-1,400.000,-1,400.000,-1,325.000,325.000,300.000,300.000,-1,-1,-1,-1,825.000,800.000,-1,-1,2,0,2,0,2,0,0,0,0,2,2,2,2,0,0,2,2
69,-9685.462,2802.633,73.537,-151.576,-0.879722,0.474224,-0.034652,-0.475434,-0.876177,0.079229,0.007211,0.086174,0.996254,0,0.67448,-0.99864,40.469,-1.997,-1,400.000,-1,400.000,-1,325.000,325.000,300.000,300.000,-1,-1,-1,-1,825.000,800.000,-1,-1,2,0,2,0,2,0,0,0,0,2,2,2,2,0,0,2,2
70,-9721.915,2784.513,73.717,-153.568,-0.895600,0.443485,-0.034962,-0.444845,-0.892147,0.078650,0.003689,0.085991,0.996289,0,0.67845,-0.99612,40.707,-1.992,-1,400.000,-1,400.000,-1,325.000,325.000,300.000,300.000,-1,-1,-1,-1,825.000,800.000,-1,-1,2,0,2,0,2,0,0,0,0,2,2,2,2,0,0,2,2
71,-9759.176,2767.576,73.775,-155.555,-0.910362,0.412303,-0.035320,-0.413813,-0.907004,0.078126,0.000176,0.085739,0.996318,0,0.68213,-0.99323,40.928,-1.986,-1,400.000,-1,400.000,-1,325.000,325.000,300.000,300.000,-1,-1,-1,-1,825.000,800.000,-1,-1,2,0,2,0,2,0,0,0,0,2,2,2,2,0,0,2,2
72,-9797.186,2751.860,73.686,-157.535,-0.923993,0.380727,-0.035820,-0.382394,-0.920726,0.077714,-0.003393,0.085505,0.996332,0,0.68548,-0.98998,41.129,-1.980,-1,400.000,-1,400.000,-1,325.000,325.000,300.000,300.000,-1,-1,-1,-1,825.000,800.000,-1,-1,2,0,2,0,2,0,0,0,0,2,2,2,2,0,0,2,2
73,-9835.881,2737.399,73.463,-159.507,-0.936485,0.348814,-0.036394,-0.350638,-0.933307,0.077397,-0.006970,0.085243,0.996336,0,0.68846,-0.98638,41.308,-1.973,-1,400.000,-1,400.000,-1,325.000,325.000,300.000,300.000,-1,-1,-1,-1,825.000,775.000,-1,-1,2,0,2,0,2,0,0,0,0,2,2,2,2,0,0,2,2
74,-9875.196,2724.224,73.117,-161.472,-0.947832,0.316617,-0.036992,-0.318597,-0.944745,0.077156,-0.010519,0.084917,0.996333,0,0.69104,-0.98246,41.462,-1.965,-1,400.000,-1,400.000,-1,325.000,325.000,325.000,300.000,-1,-1,-1,-1,825.000,775.000,-1,-1,2,0,2,0,2,0,0,0,0,2,2,2,2,0,0,2,2
75,-9915.062,2712.363,72.609,-163.429,-0.958036,0.284192,-0.037440,-0.286310,-0.955048,0.076879,-0.013909,0.084372,0.996337,0,0.69319,-0.97823,41.591,-1.956,-1,400.000,-1,400.000,-1,325.000,325.000,325.000,300.000,-1,-1,-1,-1,800.000,775.000,-1,-1,2,0,2,0,2,0,0,0,0,2,2,2,2,0,0,2,2
76,-9955.406,2701.838,71.882,-165.376,-0.967095,0.251594,-0.037789,-0.253831,-0.964235,0.076290,-0.017243,0.083371,0.996369,0,0.69489,-0.97372,41.693,-1.947,-1,400.000,-1,400.000,-1,325.000,325.000,325.000,300.000,-1,-1,-1,-1,800.000,775.000,-1,-1,2,0,2,0,2,0,0,0,0,2,2,2,2,0,0,2,2
77,-9996.155,2692.667,71.006,-167.314,-0.975007,0.218864,-0.038205,-0.221217,-0.972287,0.075635,-0.020592,0.082196,0.996403,0,0.69611,-0.96896,41.767,-1.938,-1,400.000,-1,400.000,-1,325.000,325.000,325.000,300.000,-1,-1,-1,-1,800.000,775.000,-1,-1,2,0,2,0,2,0,0,0,0,2,2,2,2,0,0,2,2
78,-10037.233,2684.864,70.009,-169.242,-0.981781,0.186048,-0.038636,-0.188512,-0.979201,0.075029,-0.023873,0.080946,0.996433,0,0.69685,-0.96399,41.811,-1.928,-1,400.000,-1,400.000,-1,325.000,325.000,325.000,300.000,-1,-1,-1,-1,800.000,775.000,-1,-1,2,0,2,0,2,0,0,0,0,2,2,2,2,0,0,2,2
79,-10073.783,2679.031,69.033,-170.930,-0.986805,0.157138,-0.039027,-0.159695,-0.984349,0.074534,-0.026704,0.079783,0.996454,0,0.61685,-0.84399,37.011,-1.688,-1,400.000,-1,400.000,-1,325.000,325.000,325.000,300.000,-1,-1,-1,-1,800.000,775.000,-1,-1,2,0,2,0,2,0,0,0,0,2,2,2,2,0,0,2,2
80,-10105.711,2674.760,68.116,-172.378,-0.990437,0.132225,-0.039371,-0.134859,-0.988088,0.074136,-0.029100,0.078737,0.996471,0,0.53685,-0.72399,32.211,-1.448,-1,400.000,-1,400.000,-1,325.000,325.000,325.000,300.000,-1,-1,-1,-1,800.000,775.000,-1,-1,2,0,2,0,2,0,0,0,0,2,2,2,2,0,0,2,2
81,-10132.952,2671.699,67.285,-173.586,-0.992987,0.111373,-0.039658,-0.114068,-0.990726,0.073832,-0.031067,0.077838,0.996482,0,0.45685,-0.60399,27.411,-1.208,-1,400.000,-1,400.000,-1,325.000,325.000,325.000,300.000,-1,-1,-1,-1,800.000,775.000,-1,-1,2,0,2,0,2,0,0,0,0,2,2,2,2,0,0,2,2
82,-10155.461,2669.554,66.544,-174.554,-0.994716,0.094625,-0.039832,-0.097367,-0.992517,0.073691,-0.032561,0.077180,0.996485,0,0.37685,-0.48399,22.611,-0.968,-1,400.000,-1,400.000,-1,325.000,325.000,325.000,300.000,-1,-1,-1,-1,800.000,750.000,-1,-1,2,0,2,0,2,0,0,0,0,2,2,2,2,0,0,2,2
83,-10173.213,2668.089,65.943,-175.282,-0.995830,0.082011,-0.039968,-0.084787,-0.993678,0.073585,-0.033681,0.076667,0.996488,0,0.29685,-0.36399,17.811,-0.728,-1,400.000,-1,400.000,-1,325.000,325.000,325.000,300.000,-1,-1,-1,-1,775.000,750.000,-1,-1,2,0,2,0,2,0,0,0,0,2,2,2,2,0,0,2,2
84,-10186.189,2667.130,65.495,-175.770,-0.996487,0.073547,-0.040067,-0.076346,-0.994368,0.073509,-0.034435,0.076310,0.996489,0,0.21685,-0.24399,13.011,-0.488,-1,400.000,-1,400.000,-1,325.000,325.000,325.000,300.000,-1,-1,-1,-1,775.000,750.000,-1,-1,2,0,2,0,2,0,0,0,0,2,2,2,2,0,0,2,2
85,-10194.380,2666.560,65.210,-176.018,-0.996792,0.069244,-0.040130,-0.072055,-0.994692,0.073462,-0.034830,0.076118,0.996490,0,0.13685,-0.12399,8.211,-0.248,-1,400.000,-1,400.000,-1,325.000,325.000,325.000,300.000,-1,-1,-1,-1,775.000,750.000,-1,-1,2,0,2,0,2,0,0,0,0,2,2,2,2,0,0,2,2
86,-10197.783,2666.324,65.091,-176.026,-0.996801,0.069105,-0.040155,-0.071918,-0.994703,0.073443,-0.034867,0.076096,0.996491,0,0.05685,-0.00399,3.411,-0.008,-1,400.000,-1,400.000,-1,325.000,325.000,325.000,300.000,-1,-1,-1,-1,775.000,750.000,-1,-1,2,0,2,0,2,0,0,0,0,2,2,2,2,0,0,2,2
87,-10196.398,2666.425,65.138,-175.794,-0.996514,0.073132,-0.040143,-0.075936,-0.994404,0.073451,-0.034546,0.076243,0.996491,0,-0.02315,0.11601,-1.389,0.232,-1,400.000,-1,400.000,-1,325.000,325.000,325.000,300.000,-1,-1,-1,-1,775.000,750.000,-1,-1,2,0,2,0,2,0,0,0,0,2,2,2,2,0,0,2,2
88,-10190.229,2666.930,65.347,-175.322,-0.995881,0.081320,-0.040093,-0.084104,-0.993744,0.073487,-0.033866,0.076556,0.996490,0,-0.10315,0.23601,-6.189,0.472,-1,400.000,-1,400.000,-1,325.000,325.000,325.000,300.000,-1,-1,-1,-1,775.000,750.000,-1,-1,2,0,2,0,2,0,0,0,0,2,2,2,2,0,0,2,2
89,-10179.289,2667.961,65.707,-174.610,-0.994800,0.093659,-0.040006,-0.096412,-0.992620,0.073552,-0.032822,0.077027,0.996489,0,-0.18315,0.35601,-10.989,0.712,-1,400.000,-1,400.000,-1,325.000,325.000,325.000,300.000,-1,-1,-1,-1,800.000,750.000,-1,-1,2,0,2,0,2,0,0,0,0,2,2,2,2,0,0,2,2
90,-10163.594,2669.694,66.206,-173.696,-0.993189,0.109476,-0.039881,-0.112187,-0.990954,0.073649,-0.031457,0.077622,0.996486,0,-0.26315,0.45699,-15.789,0.914,-1,400.000,-1,400.000,-1,325.000,325.000,325.000,300.000,-1,-1,-1,-1,800.000,750.000,-1,-1,2,0,2,0,2,0,0,0,0,2,2,2,2,0,0,2,2
91,-10143.168,2672.279,66.818,-172.786,-0.991340,0.125184,-0.039685,-0.127849,-0.989041,0.073836,-0.030007,0.078270,0.996481,0,-0.34315,0.45470,-20.589,0.909,-1,400.000,-1,400.000,-1,325.000,325.000,325.000,300.000,-1,-1,-1,-1,800.000,775.000,-1,-1,2,0,2,0,2,0,0,0,0,2,2,2,2,0,0,2,2
92,-10120.061,2675.574,67.469,-171.882,-0.989258,0.140764,-0.039435,-0.143381,-0.986889,0.074104,-0.028487,0.078962,0.996471,0,-0.38901,0.45197,-23.340,0.904,-1,400.000,-1,400.000,-1,325.000,325.000,325.000,300.000,-1,-1,-1,-1,800.000,775.000,-1,-1,2,0,2,0,2,0,0,0,0,2,2,2,2,0,0,2,2
93,-10097.030,2679.227,68.089,-170.984,-0.986947,0.156205,-0.039187,-0.158773,-0.984509,0.074384,-0.026961,0.079635,0.996459,0,-0.38864,0.44901,-23.318,0.898,-1,400.000,-1,400.000,-1,325.000,325.000,325.000,300.000,-1,-1,-1,-1,800.000,775.000,-1,-1,2,0,2,0,2,0,0,0,0,2,2,2,2,0,0,2,2
94,-10074.072,2683.236,68.678,-170.092,-0.984413,0.171507,-0.038940,-0.174024,-0.981906,0.074677,-0.025428,0.080290,0.996447,0,-0.38841,0.44608,-23.305,0.892,-1,400.000,-1,400.000,-1,325.000,325.000,325.000,300.000,-1,-1,-1,-1,800.000,775.000,-1,-1,2,0,2,0,2,0,0,0,0,2,2,2,2,0,0,2,2
95,-10051.184,2687.599,69.236,-169.206,-0.981661,0.186666,-0.038696,-0.189132,-0.979085,0.074983,-0.023890,0.080926,0.996434,0,-0.38832,0.44318,-23.299,0.886,-1,400.000,-1,400.000,-1,325.000,325.000,325.000,300.000,-1,-1,-1,-1,800.000,775.000,-1,-1,2,0,2,0,2,0,0,0,0,2,2,2,2,0,0,2,2
96,-10028.363,2692.313,69.764,-168.325,-0.978696,0.201682,-0.038454,-0.204095,-0.976051,0.075300,-0.022346,0.081544,0.996419,0,-0.38837,0.44033,-23.302,0.881,-1,400.000,-1,400.000,-1,325.000,325.000,325.000,300.000,-1,-1,-1,-1,800.000,775.000,-1,-1,2,0,2,0,2,0,0,0,0,2,2,2,2,0,0,2,2
97,-10005.605,2697.378,70.261,-167.450,-0.975522,0.216554,-0.038215,-0.218914,-0.972809,0.075630,-0.020798,0.082144,0.996403,0,-0.38856,0.43752,-23.314,0.875,-1,400.000,-1,400.000,-1,325.000,325.000,325.000,300.000,-1,-1,-1,-1,800.000,775.000,-1,-1,2,0,2,0,2,0,0,0,0,2,2,2,2,0,0,2,2
98,-9982.908,2702.793,70.727,-166.581,-0.972145,0.231281,-0.037979,-0.233587,-0.969363,0.075971,-0.019245,0.082727,0.996386,0,-0.38889,0.43476,-23.334,0.870,-1,400.000,-1,400.000,-1,325.000,325.000,325.000,300.000,-1,-1,-1,-1,800.000,775.000,-1,-1,2,0,2,0,2,0,0,0,0,2,2,2,2,0,0,2,2
99,-9964.928,2707.291,71.080,-165.951,-0.969563,0.241909,-0.037796,-0.244174,-0.966730,0.076244,-0.018095,0.083152,0.996373,0,-0.30889,0.31476,-18.534,0.630,-1,400.000,-1,400.000,-1,325.000,325.000,325.000,300.000,-1,-1,-1,-1,800.000,775.000,-1,-1,2,0,2,0,2,0,0,0,0,2,2,2,2,0,0,2,2
100,-9951.628,2710.715,71.334,-165.562,-0.967907,0.248470,-0.037663,-0.250708,-0.965040,0.076441,-0.017354,0.083430,0.996363,0,-0.22889,0.19476,-13.734,0.390,-1,400.000,-1,400.000,-1,325.000,325.000,325.000,300.000,-1,-1,-1,-1,800.000,775.000,-1,-1,2,0,2,0,2,0,0,0,0,2,2,2,2,0,0,2,2
101,-9942.982,2712.965,71.499,-165.412,-0.967261,0.250984,-0.037579,-0.253210,-0.964377,0.076558,-0.017025,0.083567,0.996357,0,-0.14889,0.07476,-8.934,0.150,-1,400.000,-1,400.000,-1,325.000,325.000,325.000,300.000,-1,-1,-1,-1,800.000,775.000,-1,-1,2,0,2,0,2,0,0,0,0,2,2,2,2,0,0,2,2
102,-9938.980,2714.000,71.578,-165.503,-0.967657,0.249461,-0.037540,-0.251689,-0.964772,0.076594,-0.017111,0.083565,0.996355,0,-0.06889,-0.04524,-4.134,-0.090,-1,400.000,-1,400.000,-1,325.000,325.000,325.000,300.000,-1,-1,-1,-1,800.000,775.000,-1,-1,2,0,2,0,2,0,0,0,0,2,2,2,2,0,0,2,2
103,-9939.626,2713.837,71.569,-165.833,-0.969074,0.243896,-0.037549,-0.246140,-0.966207,0.076547,-0.017611,0.083422,0.996359,0,0.01111,-0.16524,0.666,-0.330,-1,400.000,-1,400.000,-1,325.000,325.000,325.000,300.000,-1,-1,-1,-1,800.000,775.000,-1,-1,2,0,2,0,2,0,0,0,0,2,2,2,2,0,0,2,2
104,-9944.940,2712.552,71.468,-166.403,-0.971444,0.234269,-0.037605,-0.236544,-0.968611,0.076421,-0.018522,0.083134,0.996366,0,0.09111,-0.28524,5.466,-0.570,-1,400.000,-1,400.000,-1,325.000,325.000,325.000,300.000,-1,-1,-1,-1,800.000,775.000,-1,-1,2,0,2,0,2,0,0,0,0,2,2,2,2,0,0,2,2
105,-9954.953,2710.281,71.260,-167.214,-0.974646,0.220553,-0.037711,-0.222872,-0.971864,0.076218,-0.019839,0.082690,0.996378,0,0.17111,-0.40524,10.266,-0.810,-1,400.000,-1,400.000,-1,325.000,325.000,325.000,300.000,-1,-1,-1,-1,800.000,775.000,-1,-1,2,0,2,0,2,0,0,0,0,2,2,2,2,0,0,2,2
106,-9969.705,2707.217,70.931,-168.264,-0.978507,0.202709,-0.037867,-0.205086,-0.975793,0.075945,-0.021556,0.082079,0.996393,0,0.25111,-0.52524,15.066,-1.050,-1,400.000,-1,400.000,-1,325.000,325.000,325.000,300.000,-1,-1,-1,-1,800.000,775.000,-1,-1,2,0,2,0,2,0,0,0,0,2,2,2,2,0,0,2,2
107,-9989.212,2703.453,70.463,-169.075,-0.981259,0.188895,-0.038066,-0.191319,-0.978607,0.075661,-0.022960,0.081526,0.996407,0,0.33111,-0.40524,19.866,-0.810,-1,400.000,-1,400.000,-1,325.000,325.000,325.000,300.000,-1,-1,-1,-1,800.000,775.000,-1,-1,2,0,2,0,2,0,0,0,0,2,2,2,2,0,0,2,2
108,-10013.477,2699.020,69.854,-169.645,-0.983076,0.179149,-0.038304,-0.181612,-0.980478,0.075366,-0.024055,0.081047,0.996420,0,0.41111,-0.28524,24.666,-0.570,-1,400.000,-1,400.000,-1,325.000,325.000,325.000,300.000,-1,-1,-1,-1,800.000,775.000,-1,-1,2,0,2,0,2,0,0,0,0,2,2,2,2,0,0,2,2
109,-10042.494,2693.891,69.104,-169.976,-0.984079,0.173496,-0.038580,-0.175989,-0.981526,0.075060,-0.024845,0.080654,0.996432,0,0.49111,-0.16524,29.466,-0.330,-1,400.000,-1,400.000,-1,325.000,325.000,325.000,300.000,-1,-1,-1,-1,800.000,775.000,-1,-1,2,0,2,0,2,0,0,0,0,2,2,2,2,0,0,2,2
110,-10076.247,2687.980,68.220,-170.066,-0.984338,0.171950,-0.038892,-0.174464,-0.981823,0.074738,-0.025334,0.080353,0.996444,0,0.57111,-0.04524,34.266,-0.090,-1,400.000,-1,400.000,-1,325.000,325.000,325.000,300.000,-1,-1,-1,-1,800.000,775.000,-1,-1,2,0,2,0,2,0,0,0,0,2,2,2,2,0,0,2,2
111,-10114.710,2681.141,67.213,-169.917,-0.983872,0.174515,-0.039241,-0.177042,-0.981387,0.074397,-0.025527,0.080144,0.996456,0,0.65111,0.07476,39.066,0.150,-1,400.000,-1,400.000,-1,325.000,325.000,325.000,300.000,-1,-1,-1,-1,800.000,775.000,-1,-1,2,0,2,0,2,0,0,0,0,2,2,2,2,0,0,2,2
112,-10157.845,2673.168,66.099,-169.527,-0.982650,0.181185,-0.039628,-0.183716,-0.980188,0.074028,-0.025431,0.080024,0.996468,0,0.73111,0.19476,43.866,0.390,-1,400.000,-1,400.000,-1,325.000,325.000,325.000,300.000,-1,-1,-1,-1,800.000,775.000,-1,-1,2,0,2,0,2,0,0,0,0,2,2,2,2,0,0,2,2
113,-10205.600,2663.796,64.899,-168.898,-0.980588,0.191944,-0.040057,-0.194473,-0.978141,0.073625,-0.025050,0.079986,0.996481,0,0.81111,0.31476,48.666,0.630,-1,400.000,-1,400.000,-1,325.000,325.000,325.000,300.000,-1,-1,-1,-1,800.000,775.000,-1,-1,2,0,2,0,2,0,0,0,0,2,2,2,2,0,0,2,2
114,-10257.903,2652.706,63.638,-168.028,-0.977551,0.206765,-0.040530,-0.209284,-0.975113,0.073176,-0.024391,0.080015,0.996495,0,0.89111,0.43476,53.466,0.870,-1,400.000,-1,400.000,-1,325.000,325.000,325.000,300.000,-1,-1,-1,-1,800.000,775.000,-1,-1,2,0,2,0,2,0,0,0,0,2,2,2,2,0,0,2,2
115,-10312.033,2640.128,62.404,-166.919,-0.973355,0.225606,-0.041022,-0.228106,-0.970918,0.072704,-0.023426,0.080124,0.996510,0,0.92622,0.55476,55.573,1.110,-1,400.000,-1,400.000,-1,325.000,325.000,325.000,300.000,-1,-1,-1,-1,775.000,775.000,-1,-1,2,0,2,0,2,0,0,0,0,2,2,2,2,0,0,2,2
116,-10365.982,2626.423,61.195,-165.747,-0.968527,0.245417,-0.041539,-0.247896,-0.966095,0.072168,-0.022420,0.080194,0.996527,0,0.92772,0.58601,55.663,1.172,-1,400.000,-1,400.000,-1,325.000,325.000,325.000,300.000,-1,-1,-1,-1,775.000,750.000,-1,-1,2,0,2,0,2,0,0,0,0,2,2,2,2,0,0,2,2
117,-10419.721,2611.586,60.040,-164.566,-0.963254,0.265274,-0.042084,-0.267733,-0.960832,0.071560,-0.021452,0.080198,0.996548,0,0.92917,0.59041,55.750,1.181,-1,400.000,-1,400.000,-1,325.000,325.000,325.000,300.000,-1,-1,-1,-1,775.000,750.000,-1,-1,2,0,2,0,2,0,0,0,0,2,2,2,2,0,1,2,2
118,-10473.219,2595.613,58.927,-163.376,-0.957535,0.285162,-0.042537,-0.287599,-0.955103,0.071168,-0.020332,0.080380,0.996557,0,0.93053,0.59485,55.832,1.190,-1,400.000,-1,400.000,-1,325.000,325.000,325.000,300.000,-1,-1,-1,-1,775.000,725.000,-1,-1,2,0,2,0,2,0,0,0,0,2,2,2,2,0,1,2,2
119,-10526.441,2578.501,57.902,-162.177,-0.951357,0.305075,-0.042992,-0.307491,-0.948913,0.070802,-0.019196,0.080578,0.996563,0,0.93178,0.59934,55.907,1.199,-1,400.000,-1,400.000,-1,325.000,325.000,325.000,300.000,-1,-1,-1,-1,775.000,700.000,-1,-1,2,0,2,0,2,0,0,0,0,2,2,2,2,0,1,2,2
120,-10579.356,2560.250,56.936,-160.970,-0.944719,0.325005,-0.043327,-0.327389,-0.942265,0.070387,-0.017950,0.080680,0.996578,0,0.93292,0.60387,55.975,1.208,-1,400.000,-1,400.000,-1,325.000,325.000,325.000,300.000,-1,-1,-1,-1,775.000,675.000,-1,975.000,2,0,2,0,2,0,0,0,0,2,2,2,2,0,1,2,1
121,-10634.452,2540.146,55.963,-159.953,-0.938812,0.341669,-0.043516,-0.344015,-0.936360,0.069881,-0.016871,0.080576,0.996606,0,0.97749,0.50812,58.649,1.016,-1,400.000,-1,400.000,-1,325.000,325.000,325.000,300.000,-1,-1,-1,-1,775.000,650.000,-1,900.000,2,0,2,0,2,0,0,0,0,2,2,2,2,1,1,2,1
122,-10689.581,2518.922,55.055,-158.944,-0.932655,0.358112,-0.043709,-0.360423,-0.930204,0.069401,-0.015805,0.080481,0.996631,0,0.98457,0.50465,59.074,1.009,-1,400.000,1000.000,400.000,-1,325.000,325.000,325.000,300.000,-1,-1,-1,-1,725.000,600.000,1000.000,800.000,2,0,1,0,2,0,0,0,0,2,2,2,2,1,1,1,1
123,-10744.717,2496.581,54.217,-157.943,-0.926262,0.374316,-0.043897,-0.376593,-0.923808,0.068974,-0.014734,0.080420,0.996652,0,0.99152,0.50069,59.491,1.001,-1,400.000,950.000,400.000,-1,325.000,325.000,325.000,300.000,-1,-1,-1,-1,700.000,575.000,950.000,725.000,2,0,1,0,2,0,0,0,0,2,2,2,2,1,1,1,1
124,-10799.833,2473.129,53.450,-156.950,-0.919649,0.390260,-0.044084,-0.392504,-0.917188,0.068606,-0.013659,0.080397,0.996669,0,0.99830,0.49618,59.898,0.992,-1,400.000,875.000,400.000,825.000,325.000,325.000,325.000,300.000,-1,-1,-1,-1,650.000,550.000,900.000,650.000,2,0,1,1,1,0,0,0,0,2,2,2,2,1,1,1,1
125,-10854.632,2448.695,52.757,-155.968,-0.912834,0.405924,-0.044271,-0.408137,-0.910362,0.068301,-0.012577,0.080416,0.996682,0,1.00000,0.49110,60.000,0.982,-1,400.000,825.000,375.000,700.000,325.000,325.000,300.000,300.000,-1,-1,-1,-1,625.000,500.000,850.000,575.000,2,0,1,1,1,0,0,0,0,2,2,2,2,1,1,1,1
126,-10909.008,2423.335,52.138,-154.997,-0.905837,0.421287,-0.044460,-0.423471,-0.903349,0.068063,-0.011489,0.080481,0.996690,0,1.00000,0.48539,60.000,0.971,-1,400.000,775.000,350.000,575.000,325.000,325.000,300.000,300.000,-1,-1,-1,-1,575.000,475.000,800.000,500.000,2,0,1,1,1,0,1,0,0,2,2,2,2,1,1,1,1
127,-10962.953,2397.070,51.587,-154.039,-0.898679,0.436329,-0.044634,-0.438483,-0.896172,0.067884,-0.010380,0.080577,0.996694,0,1.00000,0.47902,60.000,0.958,-1,400.000,700.000,325.000,500.000,325.000,300.000,300.000,300.000,-1,-1,-1,-1,550.000,425.000,750.000,450.000,2,1,1,1,1,1,1,0,0,2,2,2,2,1,1,1,1
128,-11016.458,2369.920,51.051,-153.096,-0.891394,0.451035,-0.044554,-0.453139,-0.888869,0.067661,-0.009086,0.080501,0.996713,0,1.00000,0.47191,60.000,0.944,-1,375.000,650.000,300.000,400.000,300.000,275.000,300.000,300.000,-1,-1,-1,-1,500.000,400.000,700.000,375.000,2,1,1,1,1,1,1,0,0,2,2,2,2,1,1,1,1
129,-11069.516,2341.907,50.590,-152.168,-0.883995,0.465371,-0.044515,-0.467430,-0.881446,0.067543,-0.007805,0.080515,0.996723,0,1.00000,0.46401,60.000,0.928,-1,350.000,600.000,275.000,325.000,275.000,250.000,300.000,300.000,-1,-1,-1,-1,475.000,350.000,625.000,300.000,2,1,1,1,1,1,1,0,0,2,2,2,2,1,1,1,1
130,-11122.127,2313.061,52.974,-151.257,-0.876842,0.479688,-0.032381,-0.480776,-0.874612,0.062508,0.001663,0.070378,0.997519,0,1.00000,0.45524,60.000,0.910,-1,325.000,575.000,250.000,325.000,275.000,250.000,300.000,325.000,-1,-1,-1,-1,450.000,350.000,600.000,300.000,2,1,1,1,1,1,1,0,0,2,2,2,2,1,1,1,1
131,-11174.283,2283.401,56.204,-150.366,-0.869506,0.493639,-0.016707,-0.493739,-0.867767,0.056598,0.013441,0.057461,0.998257,0,1.00000,0.44549,60.000,0.891,-1,300.000,550.000,250.000,300.000,250.000,225.000,300.000,350.000,-1,525.000,775.000,-1,425.000,350.000,600.000,275.000,2,1,1,1,1,1,1,0,1,2,0,0,2,1,1,1,1
132,-11225.983,2252.953,59.859,-149.497,-0.861880,0.507111,0.000698,-0.506430,-0.860792,0.050656,0.026289,0.043305,0.998716,0,1.00000,0.43469,60.000,0.869,-1,300.000,550.000,250.000,300.000,250.000,225.000,275.000,375.000,-1,250.000,450.000,-1,400.000,325.000,600.000,275.000,2,1,1,1,1,1,1,0,1,2,0,0,2,1,1,1,1
133,-11277.228,2221.743,63.626,-148.651,-0.853950,0.520026,0.018511,-0.518868,-0.853658,0.045212,0.039313,0.029004,0.998806,0,1.00000,0.42270,60.000,0.845,-1,275.000,525.000,250.000,275.000,225.000,225.000,275.000,400.000,-1,150.000,325.000,-1,375.000,325.000,650.000,250.000,2,1,1,1,1,1,1,0,1,2,0,0,2,1,1,1,1
134,-11326.384,2191.088,67.414,-148.046,-0.847736,0.529180,0.036223,-0.527869,-0.848379,0.040082,0.051941,0.014858,0.998540,0,0.96549,0.30270,57.929,0.605,-1,275.000,525.000,225.000,275.000,225.000,200.000,275.000,425.000,750.000,100.000,275.000,-1,375.000,325.000,-1,250.000,2,1,1,1,1,1,1,0,1,0,0,0,2,1,1,2,1
135,-11375.286,2160.152,73.532,-147.681,-0.843266,0.534615,0.055574,-0.532694,-0.845043,0.046248,0.071687,0.009395,0.997383,0,0.96438,0.18270,57.863,0.365,-1,250.000,525.000,225.000,275.000,225.000,200.000,275.000,425.000,625.000,75.000,200.000,-1,375.000,325.000,-1,250.000,2,1,1,1,1,1,1,0,1,0,0,0,2,1,1,2,1
136,7543.239,8855.013,312.112,-84.747,0.084945,0.995666,0.037860,-0.967044,0.091538,-0.237584,-0.240019,-0.016431,0.970629,1,0.00000,0.00000,57.729,0.125,350.000,250.000,550.000,250.000,325.000,225.000,225.000,475.000,500.000,500.000,100.000,100.000,450.000,350.000,350.000,325.000,300.000,0,0,0,0,0,0,0,1,0,1,1,1,1,0,0,0,0
137,2950.748,3612.333,105.406,101.082,-0.193209,-0.979215,-0.061717,0.981033,-0.191801,-0.028038,0.015618,-0.065963,0.997700,1,0.08000,0.12000,4.800,0.240,900.000,475.000,-1,425.000,250.000,400.000,400.000,275.000,275.000,-1,200.000,400.000,-1,900.000,750.000,-1,-1,1,0,2,1,1,0,0,0,1,2,0,0,2,0,1,2,2
