timestep,x_cm,y_cm,z_cm,yaw_deg,basis_xx,basis_xy,basis_xz,basis_yx,basis_yy,basis_yz,basis_zx,basis_zy,basis_zz,teleport_flag,throttle_cmd,steering_cmd,cmd_move_cm,cmd_turn_deg,lidar_cm_0,lidar_cm_1,lidar_cm_2,lidar_cm_3,lidar_cm_4,lidar_cm_5,lidar_cm_6,lidar_cm_7,lidar_cm_8,lidar_cm_9,lidar_cm_10,lidar_cm_11,lidar_cm_12,lidar_cm_13,lidar_cm_14,lidar_cm_15,lidar_cm_16,lidar_class_0,lidar_class_1,lidar_class_2,lidar_class_3,lidar_class_4,lidar_class_5,lidar_class_6,lidar_class_7,lidar_class_8,lidar_class_9,lidar_class_10,lidar_class_11,lidar_class_12,lidar_class_13,lidar_class_14,lidar_class_15,lidar_class_16
0,3606.735,-3602.911,168.101,100.706,-0.185800,-0.982587,0.001354,0.982520,-0.185771,0.011964,-0.011504,0.003553,0.999928,1,0.08000,-0.12000,4.800,-0.240,-1,425.000,-1,425.000,-1,325.000,325.000,300.000,300.000,-1,-1,-1,-1,-1,-1,-1,-1,2,0,2,0,2,0,0,0,0,2,2,2,2,2,2,2,2
1,3605.031,-3593.463,167.988,100.226,-0.177560,-0.984109,0.001083,0.984034,-0.177533,0.012612,-0.012219,0.003305,0.999920,0,0.16000,-0.24000,9.600,-0.480,-1,425.000,-1,425.000,-1,325.000,325.000,300.000,300.000,-1,-1,-1,-1,-1,-1,-1,-1,2,0,2,0,2,0,0,0,0,2,2,2,2,2,2,2,2
2,3602.653,-3579.261,167.817,99.506,-0.165177,-0.986264,0.000695,0.986174,-0.165152,0.013585,-0.013284,0.002930,0.999907,0,0.24000,-0.36000,14.400,-0.720,-1,425.000,-1,425.000,-1,325.000,325.000,300.000,300.000,-1,-1,-1,-1,-1,-1,-1,-1,2,0,2,0,2,0,0,0,0,2,2,2,2,2,2,2,2
3,3599.800,-3560.274,167.589,98.546,-0.148625,-0.988894,0.000216,0.988785,-0.148605,0.014886,-0.014688,0.002426,0.999889,0,0.32000,-0.48000,19.200,-0.960,-1,425.000,-1,425.000,-1,325.000,325.000,300.000,300.000,-1,-1,-1,-1,-1,-1,-1,-1,2,0,2,0,2,0,0,0,0,2,2,2,2,2,2,2,2
4,3596.731,-3536.471,167.302,97.346,-0.127875,-0.991790,-0.000322,0.991654,-0.127863,0.016514,-0.016419,0.001793,0.999864,0,0.40000,-0.60000,24.000,-1.200,-1,425.000,-1,425.000,-1,325.000,325.000,300.000,300.000,-1,-1,-1,-1,-1,1000.000,-1,-1,2,0,2,0,2,0,0,0,0,2,2,2,2,2,0,2,2
5,3593.767,-3507.824,166.959,95.906,-0.102900,-0.994691,-0.000876,0.994520,-0.102899,0.018467,-0.018459,0.001029,0.999829,0,0.48000,-0.72000,28.800,-1.440,-1,425.000,-1,425.000,-1,325.000,325.000,300.000,300.000,-1,-1,-1,-1,-1,1000.000,-1,-1,2,0,2,0,2,0,0,0,0,2,2,2,2,2,0,2,2
6,3591.291,-3474.315,166.559,94.226,-0.073680,-0.997281,-0.001393,0.997065,-0.073693,0.020737,-0.020784,0.000139,0.999784,0,0.56000,-0.84000,33.600,-1.680,-1,425.000,-1,425.000,-1,350.000,325.000,300.000,300.000,-1,-1,-1,-1,-1,975.000,-1,-1,2,0,2,0,2,0,0,0,0,2,2,2,2,2,0,2,2
7,3589.739,-3435.946,166.108,92.316,-0.040383,-0.999183,-0.001811,0.998911,-0.040414,0.023311,-0.023365,-0.000867,0.999727,0,0.64000,-0.95497,38.400,-1.910,-1,450.000,-1,425.000,-1,350.000,325.000,300.000,300.000,-1,-1,-1,-1,-1,975.000,-1,-1,2,0,2,0,2,0,0,0,0,2,2,2,2,2,0,2,2
8,3589.424,-3392.747,165.609,90.418,-0.007239,-0.999972,-0.002127,0.999631,-0.007292,0.026157,-0.026172,-0.001937,0.999656,0,0.72000,-0.94919,43.200,-1.898,-1,450.000,-1,425.000,-1,350.000,350.000,300.000,300.000,-1,-1,-1,-1,-1,950.000,-1,-1,2,0,2,0,2,0,0,0,0,2,2,2,2,2,0,2,2
9,3590.653,-3344.763,165.065,88.532,0.025688,-0.999667,-0.002302,0.999244,0.025610,0.029257,-0.029188,-0.003052,0.999569,0,0.80000,-0.94267,48.000,-1.885,-1,450.000,-1,425.000,-1,350.000,350.000,300.000,300.000,-1,-1,-1,-1,-1,950.000,-1,-1,2,0,2,0,2,0,0,0,0,2,2,2,2,2,0,2,2
10,3593.728,-3292.052,164.362,86.662,0.058350,-0.998292,-0.002800,0.997783,0.058230,0.032231,-0.032012,-0.004674,0.999477,0,0.88000,-0.93538,52.800,-1.871,-1,450.000,-1,425.000,-1,350.000,350.000,325.000,300.000,-1,-1,-1,-1,-1,925.000,-1,-1,2,0,2,0,2,0,0,0,0,2,2,2,2,2,0,2,2
11,3598.919,-3234.926,161.759,84.807,0.090789,-0.995850,-0.006302,0.995242,0.090506,0.036077,-0.035357,-0.009547,0.999329,0,0.95601,-0.92733,57.360,-1.855,-1,450.000,-1,425.000,-1,350.000,350.000,300.000,325.000,-1,-1,-1,-1,-1,925.000,-1,-1,2,0,2,0,2,0,0,0,0,2,2,2,2,2,0,2,2
12,3605.924,-3178.111,158.636,82.970,0.122771,-0.992408,-0.007360,0.991666,0.122381,0.040261,-0.039055,-0.012242,0.999162,0,0.95410,-0.91856,57.246,-1.837,-1,450.000,-1,425.000,-1,350.000,350.000,300.000,300.000,-1,-1,-1,-1,-1,875.000,-1,-1,2,0,2,0,2,0,0,0,0,2,2,2,2,2,0,2,2
13,3614.705,-3121.710,155.574,81.151,0.154322,-0.987987,-0.008102,0.987103,0.153820,0.044339,-0.042560,-0.014840,0.998984,0,0.95132,-0.90966,57.079,-1.819,-1,425.000,-1,425.000,-1,350.000,350.000,300.000,300.000,-1,-1,-1,-1,1000.000,850.000,-1,-1,2,0,2,0,2,0,0,0,0,2,2,2,2,0,0,2,2
14,3625.214,-3065.825,152.582,79.349,0.185410,-0.982624,-0.008538,0.981590,0.184795,0.048289,-0.045872,-0.017334,0.998797,0,0.94774,-0.90072,56.864,-1.801,-1,425.000,-1,400.000,-1,350.000,325.000,300.000,300.000,-1,-1,-1,-1,950.000,825.000,-1,-1,2,0,2,0,2,0,0,0,0,2,2,2,2,0,0,2,2
15,3637.403,-3010.547,149.672,77.564,0.216039,-0.976346,-0.008679,0.975155,0.215312,0.052089,-0.048989,-0.019717,0.998605,0,0.94342,-0.89275,56.605,-1.785,-1,425.000,-1,400.000,-1,325.000,325.000,300.000,300.000,-1,-1,-1,-1,925.000,800.000,-1,-1,2,0,2,0,2,0,0,0,0,2,2,2,2,0,0,2,2
16,3651.231,-2955.964,146.851,75.783,0.246363,-0.969140,-0.008537,0.967787,0.245528,0.055723,-0.051907,-0.021990,0.998410,0,0.93845,-0.89013,56.307,-1.780,-1,425.000,-1,400.000,-1,325.000,325.000,300.000,300.000,-1,-1,-1,-1,900.000,800.000,-1,-1,2,0,2,0,2,0,0,0,0,2,2,2,2,0,0,2,2
17,3666.652,-2902.153,144.130,74.007,0.276373,-0.961016,-0.008122,0.959497,0.275436,0.059171,-0.054627,-0.024146,0.998215,0,0.93295,-0.88811,55.977,-1.776,-1,425.000,-1,400.000,-1,325.000,325.000,325.000,300.000,-1,-1,-1,-1,875.000,775.000,-1,-1,2,0,2,0,2,0,0,0,0,2,2,2,2,0,0,2,2
18,3683.624,-2849.183,141.515,72.234,0.306060,-0.951983,-0.007447,0.950295,0.305029,0.062417,-0.057149,-0.026181,0.998022,0,0.92703,-0.88671,55.622,-1.773,-1,400.000,-1,400.000,-1,325.000,325.000,325.000,300.000,-1,-1,-1,-1,850.000,750.000,-1,-1,2,0,2,0,2,0,0,0,0,2,2,2,2,0,0,2,2
19,3702.101,-2797.112,139.012,70.462,0.335415,-0.942048,-0.006525,0.940191,0.334301,0.065448,-0.059474,-0.028086,0.997835,0,0.92085,-0.88592,55.251,-1.772,-1,400.000,-1,375.000,-1,325.000,325.000,325.000,300.000,-1,-1,-1,-1,825.000,725.000,-1,-1,2,0,2,0,2,0,0,0,0,2,2,2,2,0,0,2,2
20,3722.042,-2745.989,136.561,68.690,0.364444,-0.931208,-0.005699,0.929200,0.363241,0.068145,-0.061387,-0.030131,0.997659,0,0.91456,-0.88574,54.874,-1.771,-1,400.000,-1,375.000,-1,325.000,325.000,325.000,300.000,-1,-1,-1,-1,800.000,725.000,-1,-1,2,0,2,0,2,0,0,0,0,2,2,2,2,0,0,2,2
21,3743.405,-2695.852,133.526,66.918,0.393276,-0.919385,-0.008068,0.917387,0.391808,0.069908,-0.061111,-0.034895,0.997521,0,0.90831,-0.88617,54.499,-1.772,-1,400.000,-1,375.000,-1,325.000,325.000,325.000,300.000,-1,-1,-1,-1,775.000,725.000,-1,-1,2,0,2,0,2,0,0,0,0,2,2,2,2,0,0,2,2
22,3766.158,-2646.730,130.554,65.144,0.421761,-0.906647,-0.010402,0.904660,0.420010,0.071985,-0.060896,-0.039771,0.997351,0,0.90225,-0.88718,54.135,-1.774,-1,400.000,-1,375.000,-1,325.000,325.000,325.000,300.000,-1,-1,-1,-1,750.000,725.000,-1,-1,2,0,2,0,2,0,0,0,0,2,2,2,2,0,0,2,2
23,3790.270,-2598.645,127.724,63.366,0.449869,-0.893007,-0.012509,0.891042,0.447843,0.074028,-0.060506,-0.044449,0.997178,0,0.89652,-0.88876,53.791,-1.778,-1,400.000,-1,375.000,-1,325.000,325.000,325.000,325.000,-1,-1,-1,-1,750.000,725.000,-1,-1,2,0,2,0,2,0,0,0,0,2,2,2,2,0,0,2,2
24,3815.713,-2551.612,125.013,61.584,0.477582,-0.878470,-0.014347,0.876545,0.475295,0.075915,-0.059870,-0.048831,0.997011,0,0.89122,-0.89089,53.473,-1.782,-1,400.000,-1,375.000,-1,325.000,325.000,325.000,325.000,-1,-1,-1,-1,725.000,725.000,-1,-1,2,0,2,0,2,0,0,0,0,2,2,2,2,0,0,2,2
25,3842.469,-2505.643,121.928,59.797,0.504769,-0.863122,-0.015093,0.861333,0.502403,0.075475,-0.057561,-0.051097,0.997033,0,0.88647,-0.89355,53.188,-1.787,-1,375.000,-1,375.000,-1,325.000,300.000,325.000,325.000,-1,-1,-1,-1,700.000,725.000,-1,-1,2,0,2,0,2,0,0,0,0,2,2,2,2,0,0,2,2
26,3870.483,-2460.370,118.975,58.250,0.527898,-0.849161,-0.015801,0.847502,0.525472,0.074959,-0.055349,-0.052962,0.997061,0,0.88733,-0.77355,53.240,-1.547,-1,375.000,-1,375.000,-1,325.000,300.000,325.000,325.000,-1,-1,-1,-1,700.000,725.000,-1,-1,2,0,2,0,2,0,0,0,0,2,2,2,2,0,0,2,2
27,3899.421,-2415.906,116.085,56.943,0.547121,-0.836898,-0.016131,0.835343,0.544670,0.074415,-0.053491,-0.054189,0.997097,0,0.88419,-0.65355,53.051,-1.307,-1,375.000,-1,375.000,-1,325.000,300.000,325.000,325.000,-1,-1,-1,-1,700.000,725.000,-1,-1,2,0,2,0,2,0,0,0,0,2,2,2,2,0,0,2,2
28,3929.160,-2372.132,113.270,55.808,0.563567,-0.825912,-0.016190,0.824439,0.561115,0.073826,-0.051889,-0.054954,0.997140,0,0.88200,-0.56743,52.920,-1.135,-1,375.000,-1,375.000,-1,300.000,300.000,325.000,325.000,-1,-1,-1,-1,675.000,725.000,-1,-1,2,0,2,0,2,0,0,0,0,2,2,2,2,0,0,2,2
29,3959.720,-2329.027,110.585,54.665,0.579912,-0.814517,-0.016253,0.813130,0.577465,0.073170,-0.050212,-0.055648,0.997187,0,0.88064,-0.57180,52.838,-1.144,-1,375.000,-1,375.000,-1,300.000,300.000,325.000,325.000,-1,-1,-1,-1,675.000,700.000,-1,-1,2,0,2,0,2,0,0,0,0,2,2,2,2,0,0,2,2
30,3991.113,-2286.582,108.031,53.512,0.596154,-0.802704,-0.016323,0.801406,0.593717,0.072446,-0.048461,-0.056270,0.997239,0,0.87988,-0.57650,52.793,-1.153,-1,375.000,-1,375.000,-1,300.000,300.000,325.000,325.000,-1,-1,-1,-1,675.000,700.000,-1,-1,2,0,2,0,2,0,0,0,0,2,2,2,2,0,0,2,2
31,4023.356,-2244.791,105.588,52.349,0.612292,-0.790459,-0.016502,0.789259,0.609866,0.071654,-0.046576,-0.056897,0.997293,0,0.87972,-0.58153,52.783,-1.163,-1,375.000,-1,375.000,-1,300.000,300.000,325.000,325.000,-1,-1,-1,-1,675.000,700.000,-1,-1,2,0,2,0,2,0,0,0,0,2,2,2,2,0,0,2,2
32,4056.464,-2203.650,103.204,51.175,0.628325,-0.777763,-0.017077,0.776684,0.625899,0.070801,-0.044378,-0.057750,0.997344,0,0.88015,-0.58686,52.809,-1.174,-1,375.000,-1,375.000,-1,300.000,300.000,325.000,325.000,-1,-1,-1,-1,650.000,700.000,-1,-1,2,0,2,0,2,0,0,0,0,2,2,2,2,0,0,2,2
33,4090.455,-2163.155,100.944,49.990,0.644241,-0.764617,-0.017712,0.763664,0.641819,0.069905,-0.042083,-0.058562,0.997396,0,0.88116,-0.59247,52.869,-1.185,-1,375.000,-1,375.000,-1,300.000,300.000,325.000,325.000,-1,-1,-1,-1,650.000,700.000,-1,-1,2,0,2,0,2,0,0,0,0,2,2,2,2,0,0,2,2
34,4125.346,-2123.308,98.824,48.793,0.660032,-0.751014,-0.018337,0.750186,0.657620,0.068966,-0.039735,-0.059276,0.997450,0,0.88273,-0.59837,52.964,-1.197,-1,375.000,-1,375.000,-1,300.000,300.000,325.000,325.000,-1,-1,-1,-1,650.000,700.000,-1,-1,2,0,2,0,2,0,0,0,0,2,2,2,2,0,0,2,2
35,4158.543,-2086.650,96.965,47.836,0.672443,-0.739907,-0.018921,0.739189,0.670049,0.068069,-0.037687,-0.059759,0.997501,0,0.82424,-0.47837,49.455,-0.957,-1,375.000,-1,375.000,-1,300.000,300.000,325.000,325.000,-1,900.000,775.000,-1,650.000,700.000,-1,-1,2,0,2,0,2,0,0,0,0,2,0,0,2,0,0,2,2
36,4192.298,-2050.301,95.291,47.120,0.681596,-0.731470,-0.019450,0.730861,0.679255,0.066743,-0.035609,-0.059707,0.997581,0,0.82676,-0.35837,49.606,-0.717,-1,375.000,-1,375.000,-1,300.000,300.000,325.000,325.000,-1,850.000,725.000,-1,650.000,700.000,-1,-1,2,0,2,0,2,0,0,0,0,2,0,0,2,0,0,2,2
37,4226.479,-2014.103,93.879,46.643,0.687584,-0.725832,-0.019878,0.725344,0.685355,0.064533,-0.033217,-0.058790,0.997718,0,0.82976,-0.23837,49.786,-0.477,-1,375.000,-1,375.000,-1,300.000,325.000,325.000,325.000,-1,800.000,650.000,-1,650.000,725.000,-1,-1,2,0,2,0,2,0,0,0,0,2,0,0,2,0,0,2,2
38,4260.950,-1977.898,92.487,46.406,0.690517,-0.723029,-0.020380,0.722640,0.688381,0.062640,-0.031261,-0.057981,0.997828,0,0.83318,-0.11837,49.991,-0.237,-1,375.000,-1,375.000,-1,300.000,325.000,325.000,325.000,-1,725.000,625.000,-1,650.000,725.000,-1,-1,2,0,2,0,2,0,0,0,0,2,0,0,2,0,0,2,2
39,4295.642,-1941.592,91.143,46.304,0.691757,-0.721827,-0.020924,0.721527,0.689705,0.060876,-0.029510,-0.057209,0.997926,0,0.83692,-0.05131,50.215,-0.103,-1,375.000,-1,375.000,-1,300.000,300.000,325.000,325.000,-1,675.000,625.000,-1,650.000,725.000,-1,-1,2,0,2,0,2,0,0,0,0,2,0,0,2,0,0,2,2
40,4330.572,-1905.184,89.785,46.188,0.693149,-0.720475,-0.021450,0.720269,0.691201,0.058762,-0.027510,-0.056180,0.998042,0,0.84091,-0.05782,50.455,-0.116,-1,375.000,-1,375.000,-1,300.000,300.000,325.000,325.000,-1,625.000,600.000,-1,650.000,725.000,-1,-1,2,0,2,0,2,0,0,0,0,2,0,0,2,0,0,2,2
41,4365.758,-1868.675,88.441,46.059,0.694698,-0.718966,-0.021977,0.718855,0.692866,0.056425,-0.025340,-0.054997,0.998165,0,0.84509,-0.06444,50.705,-0.129,-1,375.000,-1,375.000,-1,300.000,300.000,325.000,325.000,-1,600.000,550.000,-1,650.000,725.000,-1,-1,2,0,2,0,2,0,0,0,0,2,0,0,2,0,0,2,2
42,4401.216,-1832.065,87.164,45.917,0.696413,-0.717288,-0.022539,0.717268,0.694693,0.054107,-0.023153,-0.053847,0.998281,0,0.84944,-0.07117,50.967,-0.142,-1,375.000,-1,375.000,-1,300.000,300.000,325.000,325.000,-1,575.000,525.000,-1,650.000,725.000,-1,-1,2,0,2,0,2,0,0,0,0,2,0,0,2,0,0,2,2
43,4436.964,-1795.356,85.963,45.761,0.698296,-0.715435,-0.023139,0.715502,0.696685,0.051831,-0.020961,-0.052749,0.998388,0,0.85398,-0.07801,51.239,-0.156,-1,375.000,-1,375.000,-1,300.000,300.000,300.000,325.000,-1,550.000,500.000,-1,650.000,725.000,-1,-1,2,0,2,0,2,0,0,0,0,2,0,0,2,0,0,2,2
44,4473.018,-1758.552,84.837,45.591,0.700348,-0.713405,-0.023778,0.713554,0.698842,0.049598,-0.018767,-0.051703,0.998486,0,0.85868,-0.08496,51.521,-0.170,-1,375.000,-1,375.000,-1,300.000,300.000,300.000,325.000,-1,525.000,450.000,-1,675.000,725.000,-1,-1,2,0,2,0,2,0,0,0,0,2,0,0,2,0,0,2,2
45,4509.186,-1721.851,83.794,45.421,0.702401,-0.711362,-0.024450,0.711588,0.700995,0.047420,-0.016593,-0.050706,0.998576,0,0.85880,-0.08513,51.528,-0.170,-1,375.000,-1,375.000,-1,300.000,300.000,300.000,325.000,-1,525.000,425.000,-1,675.000,725.000,-1,-1,2,0,2,0,2,0,0,0,0,2,0,0,2,0,0,2,2
46,4545.463,-1685.257,82.791,45.250,0.704450,-0.709315,-0.024953,0.709604,0.703145,0.045275,-0.014569,-0.049600,0.998663,0,0.85880,-0.08513,51.528,-0.170,-1,375.000,-1,375.000,-1,300.000,300.000,300.000,325.000,-1,500.000,425.000,-1,675.000,725.000,-1,-1,2,0,2,0,2,0,0,0,0,2,0,0,2,0,0,2,2
47,4582.047,-1648.573,81.943,45.079,0.706505,-0.707236,-0.025854,0.707601,0.705290,0.043212,-0.012327,-0.048824,0.998731,0,0.86345,-0.08566,51.807,-0.171,-1,375.000,-1,400.000,-1,300.000,300.000,300.000,325.000,-1,475.000,400.000,-1,675.000,725.000,-1,-1,2,0,2,0,2,0,0,0,0,2,0,0,2,0,0,2,2
48,4619.026,-1611.716,81.167,44.906,0.708572,-0.705131,-0.026762,0.705566,0.707446,0.041188,-0.010111,-0.048067,0.998793,0,0.87017,-0.08642,52.210,-0.173,-1,375.000,-1,400.000,-1,300.000,325.000,300.000,325.000,-1,475.000,375.000,-1,700.000,725.000,-1,-1,2,0,2,0,2,0,0,0,0,2,0,0,2,0,0,2,2
49,4656.406,-1574.686,80.694,44.732,0.710666,-0.703030,-0.026496,0.703476,0.709644,0.039067,-0.008662,-0.046403,0.998885,0,0.87695,-0.08718,52.617,-0.174,-1,375.000,-1,400.000,-1,300.000,325.000,300.000,325.000,-1,475.000,375.000,-1,700.000,725.000,-1,-1,2,0,2,0,2,0,0,0,0,2,0,0,2,0,0,2,2
50,4694.192,-1537.483,80.309,44.556,0.712776,-0.700903,-0.026168,0.701353,0.711854,0.036971,-0.007285,-0.044705,0.998974,0,0.88377,-0.08795,53.026,-0.176,-1,375.000,-1,400.000,-1,300.000,325.000,300.000,325.000,-1,500.000,400.000,-1,700.000,725.000,-1,-1,2,0,2,0,2,0,0,0,0,2,0,0,2,0,0,2,2
51,4732.388,-1500.109,79.945,44.378,0.714898,-0.698740,-0.026137,0.699205,0.714067,0.034945,-0.005753,-0.043257,0.999047,0,0.89065,-0.08872,53.439,-0.177,-1,375.000,-1,400.000,-1,300.000,325.000,300.000,325.000,-1,525.000,400.000,-1,700.000,725.000,-1,-1,2,0,2,0,2,0,0,0,0,2,0,0,2,0,0,2,2
52,4770.998,-1462.564,79.654,44.199,0.717034,-0.696547,-0.026144,0.697025,0.716289,0.032960,-0.004232,-0.041856,0.999115,0,0.89759,-0.08949,53.855,-0.179,-1,375.000,-1,400.000,-1,300.000,325.000,300.000,325.000,-1,550.000,425.000,-1,700.000,725.000,-1,-1,2,0,2,0,2,0,0,0,0,2,0,0,2,0,0,2,2
53,4810.028,-1424.850,79.437,44.019,0.719185,-0.694325,-0.026188,0.694814,0.718521,0.031018,-0.002720,-0.040503,0.999176,0,0.90457,-0.09028,54.274,-0.181,-1,375.000,1000.000,400.000,-1,300.000,325.000,300.000,325.000,-1,550.000,450.000,-1,725.000,725.000,-1,-1,2,0,1,0,2,0,0,0,0,2,0,0,2,0,1,2,2
54,4849.482,-1386.967,79.291,43.837,0.721349,-0.692073,-0.026273,0.692570,0.720761,0.029144,-0.001233,-0.039219,0.999230,0,0.91161,-0.09108,54.697,-0.182,-1,375.000,950.000,400.000,-1,325.000,325.000,325.000,325.000,-1,575.000,450.000,-1,725.000,700.000,-1,1000.000,2,0,1,0,2,0,0,0,0,2,0,0,2,0,1,2,1
55,4889.365,-1348.917,79.173,43.653,0.723532,-0.689785,-0.026419,0.690291,0.723006,0.027579,0.000078,-0.038191,0.999270,0,0.91871,-0.09189,55.122,-0.184,-1,375.000,900.000,375.000,-1,325.000,325.000,325.000,325.000,-1,600.000,475.000,-1,725.000,650.000,-1,950.000,2,0,1,0,2,0,0,0,0,2,0,0,2,0,1,2,1
56,4929.683,-1310.701,79.085,43.468,0.725732,-0.687462,-0.026625,0.687976,0.725256,0.026326,0.001212,-0.037423,0.999299,0,0.92585,-0.09271,55.551,-0.185,-1,375.000,850.000,375.000,-1,325.000,325.000,300.000,325.000,-1,625.000,500.000,-1,725.000,625.000,-1,875.000,2,0,1,0,2,0,0,0,0,2,0,0,2,0,1,2,1
57,4970.439,-1272.321,79.074,43.280,0.727947,-0.685107,-0.026868,0.685630,0.727516,0.025148,0.002318,-0.036728,0.999323,0,0.93306,-0.09356,55.983,-0.187,-1,375.000,800.000,375.000,-1,325.000,325.000,300.000,325.000,-1,625.000,525.000,-1,725.000,575.000,-1,800.000,2,0,1,1,2,0,0,0,0,2,0,0,2,0,1,2,1
58,5011.640,-1233.778,79.087,43.092,0.730171,-0.682725,-0.027129,0.683255,0.729792,0.023794,0.003554,-0.035909,0.999349,0,0.94031,-0.09443,56.419,-0.189,-1,375.000,725.000,375.000,-1,325.000,325.000,300.000,325.000,-1,650.000,550.000,-1,725.000,550.000,-1,750.000,2,0,1,1,2,0,0,0,0,2,0,0,2,0,1,2,1
59,5053.290,-1195.074,79.273,42.901,0.732416,-0.680303,-0.027460,0.680842,0.732071,0.022949,0.004491,-0.035504,0.999359,0,0.94762,-0.09534,56.857,-0.191,-1,375.000,675.000,375.000,-1,325.000,325.000,300.000,325.000,-1,675.000,600.000,-1,750.000,500.000,-1,675.000,2,0,1,1,2,0,0,0,0,2,0,0,2,1,1,2,1
60,5095.394,-1156.210,79.532,42.708,0.734676,-0.677847,-0.027825,0.678397,0.734362,0.022147,0.005422,-0.035148,0.999367,0,0.95498,-0.09628,57.299,-0.193,-1,375.000,625.000,350.000,-1,325.000,300.000,300.000,325.000,-1,725.000,625.000,-1,675.000,475.000,-1,600.000,2,0,1,1,2,0,1,0,0,2,0,0,2,1,1,2,1
61,5137.958,-1117.189,79.868,42.514,0.736950,-0.675358,-0.028224,0.675917,0.736667,0.021391,0.006345,-0.034841,0.999373,0,0.96239,-0.09726,57.744,-0.195,-1,375.000,575.000,325.000,950.000,325.000,300.000,300.000,325.000,-1,750.000,650.000,-1,625.000,425.000,950.000,550.000,2,0,1,1,1,0,1,0,0,2,0,0,2,1,1,1,1
62,5180.987,-1078.012,80.258,42.317,0.739242,-0.672834,-0.028548,0.673401,0.738988,0.020664,0.007193,-0.034500,0.999379,0,0.96986,-0.09829,58.192,-0.197,-1,375.000,500.000,300.000,800.000,325.000,275.000,300.000,325.000,-1,800.000,700.000,-1,550.000,375.000,875.000,475.000,2,0,1,1,1,1,1,0,0,2,0,0,2,1,1,1,1
63,5224.486,-1038.683,80.658,42.118,0.741559,-0.670279,-0.028576,0.670842,0.741332,0.019930,0.007826,-0.033950,0.999393,0,0.97737,-0.09938,58.642,-0.199,-1,375.000,450.000,275.000,650.000,275.000,250.000,300.000,325.000,-1,850.000,750.000,-1,475.000,350.000,775.000,400.000,2,1,1,1,1,1,1,0,0,2,0,0,2,1,1,1,1
64,5268.459,-999.203,81.752,41.917,0.743824,-0.667631,-0.031524,0.668296,0.743634,0.019724,0.010274,-0.035738,0.999308,0,0.98494,-0.10055,59.096,-0.201,-1,325.000,400.000,250.000,525.000,250.000,225.000,300.000,325.000,-1,850.000,750.000,-1,425.000,300.000,700.000,350.000,2,1,1,1,1,1,1,0,0,2,0,0,2,1,1,1,1
65,5312.913,-959.574,84.405,41.714,0.745877,-0.664791,-0.041468,0.665863,0.745785,0.020772,0.017117,-0.043105,0.998924,0,0.99255,-0.10181,59.553,-0.204,-1,300.000,350.000,225.000,450.000,225.000,200.000,300.000,350.000,-1,650.000,675.000,-1,375.000,275.000,600.000,300.000,2,1,1,1,1,1,1,0,0,2,0,0,2,1,1,1,1
66,5353.758,-923.110,87.998,41.750,0.744816,-0.664898,-0.056209,0.666732,0.744951,0.022705,0.026776,-0.054387,0.998161,0,0.91255,0.01819,54.753,0.036,-1,250.000,300.000,200.000,375.000,200.000,175.000,300.000,375.000,-1,375.000,450.000,-1,325.000,225.000,550.000,250.000,2,1,1,1,1,1,1,0,0,2,0,0,2,1,1,1,1
67,5390.860,-889.662,92.307,42.027,0.740492,-0.667886,-0.074829,0.670953,0.741072,0.025178,0.038638,-0.068851,0.996878,0,0.83255,0.13819,49.953,0.276,-1,225.000,275.000,175.000,325.000,200.000,150.000,300.000,425.000,-1,200.000,325.000,-1,275.000,200.000,500.000,225.000,2,1,1,1,1,1,1,0,0,2,0,0,2,1,1,1,1
68,5424.121,-859.122,97.178,42.543,0.732753,-0.673662,-0.096191,0.678510,0.734068,0.027722,0.051936,-0.085580,0.994977,0,0.75255,0.25819,45.153,0.516,-1,225.000,250.000,150.000,275.000,175.000,150.000,275.000,475.000,-1,125.000,275.000,-1,250.000,200.000,475.000,200.000,2,1,1,1,1,1,1,0,0,2,0,0,2,1,1,1,1
69,5453.479,-831.435,102.410,43.299,0.721439,-0.682098,-0.119447,0.689318,0.723843,0.029877,0.066082,-0.103891,0.992391,0,0.67255,0.37819,40.353,0.756,-1,200.000,225.000,150.000,250.000,150.000,125.000,275.000,550.000,700.000,75.000,225.000,-1,250.000,175.000,450.000,175.000,2,1,1,1,1,1,1,0,0,0,0,0,2,1,1,1,1
70,328.088,-4919.757,201.912,-152.627,-0.892550,0.450930,-0.004101,-0.438988,-0.870921,-0.220875,-0.103171,-0.195342,0.975294,1,0.00000,0.00000,35.553,0.996,-1,350.000,725.000,225.000,675.000,275.000,200.000,350.000,650.000,225.000,0.000,-1,-1,550.000,375.000,925.000,175.000,2,1,1,1,0,1,1,1,1,1,0,2,2,1,1,1,0
71,-3610.968,-8195.705,394.171,133.883,-0.694027,-0.719511,-0.025123,0.719525,-0.691998,-0.058501,0.024707,-0.058678,0.997971,1,0.08000,0.12000,4.800,0.240,-1,400.000,-1,375.000,-1,325.000,325.000,325.000,300.000,-1,-1,-1,-1,-1,725.000,-1,-1,2,0,2,0,2,0,0,0,0,2,2,2,2,2,0,2,2
72,-3617.680,-8188.842,394.369,134.363,-0.700020,-0.713679,-0.025182,0.713715,-0.697992,-0.058460,0.024144,-0.058896,0.997972,0,0.16000,0.24000,9.600,0.480,-1,400.000,-1,375.000,-1,325.000,325.000,325.000,300.000,-1,-1,-1,-1,-1,725.000,-1,-1,2,0,2,0,2,0,0,0,0,2,2,2,2,2,0,2,2
73,-3627.877,-8178.675,394.657,135.083,-0.708917,-0.704838,-0.025283,0.704907,-0.706892,-0.058397,0.023289,-0.059221,0.997973,0,0.24000,0.36000,14.400,0.720,-1,400.000,-1,375.000,-1,325.000,325.000,325.000,300.000,-1,-1,-1,-1,-1,725.000,-1,-1,2,0,2,0,2,0,0,0,0,2,2,2,2,2,0,2,2
74,-3641.699,-8165.348,395.027,136.043,-0.720606,-0.692878,-0.025437,0.692992,-0.718583,-0.058314,0.022125,-0.059649,0.997974,0,0.32000,0.48000,19.200,0.960,-1,400.000,-1,375.000,-1,325.000,325.000,325.000,300.000,-1,-1,-1,-1,-1,725.000,-1,-1,2,1,2,0,2,0,0,0,0,2,2,2,2,2,0,2,2
75,-3659.321,-8149.056,395.523,137.243,-0.734930,-0.677647,-0.025933,0.677834,-0.732904,-0.058251,0.020468,-0.060389,0.997965,0,0.40000,0.60000,24.000,1.200,-1,475.000,-1,375.000,-1,325.000,325.000,325.000,300.000,-1,-1,-1,-1,-1,725.000,-1,-1,2,1,2,0,2,0,0,0,0,2,2,2,2,2,0,2,2
76,-3680.914,-8130.000,396.059,138.569,-0.750393,-0.660446,-0.026861,0.660727,-0.748324,-0.058742,0.018695,-0.061827,0.997912,0,0.48000,0.66306,28.800,1.326,-1,-1,-1,375.000,-1,325.000,325.000,325.000,300.000,-1,-1,-1,-1,-1,725.000,-1,-1,2,2,2,0,2,0,0,0,0,2,2,2,2,2,0,2,2
77,-3706.613,-8108.355,396.644,139.891,-0.765406,-0.642943,-0.027910,0.643326,-0.763283,-0.059424,0.016903,-0.063439,0.997843,0,0.56000,0.66090,33.600,1.322,-1,-1,-1,375.000,-1,325.000,325.000,325.000,300.000,-1,-1,-1,-1,-1,725.000,-1,-1,2,2,2,0,2,0,0,0,0,2,2,2,2,2,1,2,2
78,-3736.544,-8084.300,397.267,141.209,-0.779970,-0.625142,-0.029076,0.625636,-0.777781,-0.060308,0.015086,-0.065230,0.997756,0,0.64000,0.65907,38.400,1.318,-1,-1,-1,375.000,-1,325.000,325.000,325.000,300.000,-1,-1,-1,-1,-1,-1,-1,-1,2,2,2,0,2,1,0,0,0,2,2,2,2,2,2,2,2
79,-3770.829,-8058.018,397.918,142.524,-0.794085,-0.607048,-0.030354,0.607662,-0.791818,-0.061405,0.013241,-0.067206,0.997651,0,0.72000,0.65751,43.200,1.315,-1,-1,-1,375.000,-1,400.000,325.000,325.000,300.000,-1,-1,-1,-1,-1,-1,-1,-1,2,2,2,0,2,1,0,0,0,2,2,2,2,2,2,2,2
80,-3809.582,-8029.696,398.587,143.837,-0.807752,-0.588667,-0.031735,0.589413,-0.805393,-0.062725,0.011365,-0.069371,0.997526,0,0.80000,0.65613,48.000,1.312,-1,-1,-1,375.000,-1,-1,325.000,300.000,300.000,-1,-1,-1,-1,-1,-1,-1,-1,2,2,2,0,2,2,1,0,0,2,2,2,2,2,2,2,2
81,-3852.912,-7999.525,398.962,145.146,-0.820940,-0.569957,-0.034736,0.570952,-0.818428,-0.064725,0.008462,-0.072968,0.997298,0,0.88000,0.65490,52.800,1.310,-1,-1,-1,525.000,-1,-1,-1,300.000,300.000,-1,-1,-1,-1,-1,-1,-1,-1,2,2,2,1,2,2,2,0,0,2,2,2,2,2,2,2,2
82,-3900.923,-7967.704,398.029,146.454,-0.833498,-0.550741,-0.044323,0.552520,-0.830629,-0.069119,0.001251,-0.082100,0.996623,0,0.96000,0.65375,57.600,1.307,-1,-1,-1,-1,-1,-1,-1,300.000,300.000,-1,-1,-1,-1,-1,-1,-1,-1,2,2,2,2,2,2,2,0,0,2,2,2,2,2,2,2,2
83,-3951.679,-7935.708,396.583,147.759,-0.845414,-0.531152,-0.056144,0.534058,-0.842128,-0.074847,-0.007525,-0.093261,0.995613,0,1.00000,0.65265,60.000,1.305,-1,-1,-1,-1,-1,-1,-1,275.000,325.000,-1,-1,-1,-1,-1,-1,-1,-1,2,2,2,2,2,2,2,0,0,2,2,2,2,2,2,2,2
84,-4003.151,-7904.878,394.644,149.062,-0.856620,-0.511224,-0.069655,0.515645,-0.852903,-0.081651,-0.017667,-0.105861,0.994224,0,1.00000,0.65128,60.000,1.303,-1,-1,-1,-1,-1,-1,-1,250.000,325.000,-1,-1,-1,-1,-1,-1,-1,-1,2,2,2,2,2,2,2,0,0,2,2,2,2,2,2,2,2
85,-4055.310,-7875.224,391.842,150.360,-0.867169,-0.491065,-0.082906,0.497234,-0.863042,-0.088975,-0.027859,-0.118380,0.992578,0,1.00000,0.64930,60.000,1.299,-1,-1,-1,-1,-1,-1,-1,225.000,350.000,-1,-1,-1,-1,-1,-1,-1,-1,2,2,2,2,2,2,2,0,0,2,2,2,2,2,2,2,2
86,-4108.123,-7846.751,386.667,151.654,-0.876531,-0.471073,-0.098918,0.479269,-0.873191,-0.088535,-0.044668,-0.125012,0.991149,0,1.00000,0.64670,60.000,1.293,-1,-1,-1,-1,-1,-1,-1,200.000,325.000,-1,-1,-1,-1,-1,-1,-1,-1,2,2,2,2,2,2,2,0,0,2,2,2,2,2,2,2,2
87,5575.430,-4263.555,116.706,-45.086,0.704922,0.707870,0.044782,-0.708454,0.705746,-0.003838,-0.034321,-0.029021,0.998989,1,0.00000,0.00000,60.000,1.287,-1,375.000,-1,375.000,-1,325.000,325.000,300.000,300.000,-1,-1,-1,-1,700.000,725.000,-1,-1,2,0,2,0,2,0,0,0,0,2,2,2,2,0,0,2,2
88,5578.833,-4266.940,116.542,-44.846,0.707884,0.704911,0.044731,-0.705492,0.708708,-0.003786,-0.034370,-0.028877,0.998992,0,0.08000,0.12000,4.800,0.240,-1,375.000,-1,375.000,-1,325.000,325.000,300.000,300.000,-1,-1,-1,-1,700.000,725.000,-1,-1,2,0,2,0,2,0,0,0,0,2,2,2,2,0,0,2,2
89,5585.696,-4273.653,116.210,-44.366,0.713772,0.698954,0.044628,-0.699529,0.714595,-0.003682,-0.034464,-0.028591,0.998997,0,0.16000,0.24000,9.600,0.480,-1,375.000,-1,375.000,-1,325.000,325.000,300.000,300.000,-1,-1,-1,-1,675.000,725.000,-1,-1,2,0,2,0,2,0,0,0,0,2,2,2,2,0,0,2,2
90,5596.116,-4283.592,115.709,-43.646,0.722511,0.689928,0.044473,-0.690493,0.723330,-0.003526,-0.034602,-0.028161,0.999004,0,0.24000,0.36000,14.400,0.720,-1,375.000,-1,375.000,-1,325.000,325.000,300.000,300.000,-1,-1,-1,-1,675.000,725.000,-1,-1,2,0,2,0,2,0,0,0,0,2,2,2,2,0,0,2,2
91,5610.229,-4296.609,115.033,-42.686,0.733984,0.677723,0.044264,-0.678276,0.734800,-0.003321,-0.034776,-0.027585,0.999014,0,0.32000,0.48000,19.200,0.960,-1,375.000,-1,375.000,-1,325.000,325.000,300.000,300.000,-1,-1,-1,-1,675.000,725.000,-1,-1,2,0,2,0,2,0,0,0,0,2,2,2,2,0,0,2,2
92,5628.188,-4312.530,114.192,-41.557,0.747218,0.663117,0.044058,-0.663658,0.748030,-0.003056,-0.034983,-0.026955,0.999024,0,0.40000,0.56479,24.000,1.130,-1,375.000,-1,375.000,-1,325.000,325.000,300.000,300.000,-1,-1,-1,-1,675.000,725.000,-1,-1,2,0,2,0,2,0,0,0,0,2,2,2,2,0,0,2,2
93,5650.113,-4331.205,113.181,-40.424,0.760196,0.648215,0.043815,-0.648742,0.761003,-0.002780,-0.035146,-0.026312,0.999036,0,0.48000,0.56624,28.800,1.132,-1,375.000,-1,375.000,-1,325.000,325.000,300.000,300.000,-1,-1,-1,-1,675.000,725.000,-1,-1,2,0,2,0,2,0,0,0,0,2,2,2,2,0,0,2,2
94,5676.118,-4352.481,112.005,-39.288,0.772919,0.633010,0.043527,-0.633523,0.773720,-0.002531,-0.035280,-0.025620,0.999049,0,0.56000,0.56806,33.600,1.136,-1,375.000,-1,375.000,-1,325.000,325.000,300.000,300.000,-1,-1,-1,-1,675.000,725.000,-1,-1,2,0,2,0,2,0,0,0,0,2,2,2,2,0,0,2,2
95,5706.316,-4376.200,110.651,-38.147,0.785388,0.617494,0.043198,-0.617993,0.786180,-0.002254,-0.035354,-0.024926,0.999064,0,0.64000,0.57026,38.400,1.141,-1,375.000,-1,375.000,-1,325.000,325.000,300.000,300.000,-1,-1,-1,-1,675.000,700.000,-1,-1,2,0,2,0,2,0,0,0,0,2,2,2,2,0,0,2,2
96,5740.816,-4402.200,109.119,-37.002,0.797602,0.601662,0.042830,-0.602146,0.798383,-0.001951,-0.035368,-0.024234,0.999080,0,0.72000,0.57285,43.200,1.146,-1,375.000,-1,375.000,-1,325.000,325.000,300.000,300.000,-1,-1,-1,-1,650.000,700.000,-1,-1,2,0,2,0,2,0,0,0,0,2,2,2,2,0,0,2,2
97,5779.723,-4430.312,107.408,-35.850,0.809559,0.585503,0.042424,-0.585974,0.810328,-0.001619,-0.035325,-0.023549,0.999098,0,0.80000,0.57583,48.000,1.152,-1,375.000,-1,375.000,-1,300.000,325.000,300.000,300.000,-1,-1,-1,-1,650.000,700.000,-1,-1,2,0,2,0,2,0,0,0,0,2,2,2,2,0,0,2,2
98,5823.136,-4460.364,105.633,-34.692,0.821283,0.569016,0.041411,-0.569455,0.822021,-0.001429,-0.034854,-0.022408,0.999141,0,0.88000,0.57921,52.800,1.158,-1,375.000,-1,375.000,-1,300.000,325.000,300.000,300.000,-1,-1,-1,-1,650.000,700.000,-1,-1,2,0,2,0,2,0,0,0,0,2,2,2,2,0,0,2,2
99,5871.153,-4492.177,103.986,-33.526,0.832808,0.552198,0.038839,-0.552559,0.833472,-0.001726,-0.033325,-0.020024,0.999244,0,0.96000,0.58301,57.600,1.166,-1,375.000,-1,375.000,-1,300.000,325.000,300.000,300.000,-1,-1,-1,-1,650.000,675.000,-1,-1,2,0,2,0,2,0,0,0,0,2,2,2,2,0,0,2,2
100,5920.220,-4523.258,102.318,-32.351,0.844058,0.535023,0.036289,-0.535309,0.844653,-0.002109,-0.031780,-0.017646,0.999339,0,0.96805,0.58724,58.083,1.174,-1,375.000,-1,375.000,-1,300.000,300.000,325.000,300.000,-1,875.000,-1,-1,650.000,675.000,-1,-1,2,0,2,0,2,0,0,0,0,2,0,2,2,0,0,2,2
101,5969.996,-4553.367,100.671,-31.168,0.855024,0.517489,0.033761,-0.517712,0.855552,-0.002440,-0.030147,-0.015392,0.999427,0,0.96956,0.59152,58.174,1.183,-1,375.000,-1,375.000,-1,300.000,300.000,325.000,300.000,-1,800.000,775.000,-1,650.000,675.000,-1,-1,2,0,2,0,2,0,0,0,0,2,0,0,2,0,0,2,2
102,6020.462,-4582.476,99.096,-29.976,0.865686,0.499598,0.031464,-0.499772,0.866153,-0.002618,-0.028561,-0.013459,0.999501,0,0.97100,0.59583,58.260,1.192,-1,375.000,-1,375.000,-1,300.000,300.000,300.000,300.000,-1,750.000,725.000,-1,650.000,675.000,-1,-1,2,0,2,0,2,0,0,0,0,2,0,0,2,0,0,2,2
103,6071.598,-4610.561,97.575,-28.776,0.876040,0.481354,0.029178,-0.481491,0.876447,-0.002601,-0.026825,-0.011770,0.999571,0,0.97235,0.60016,58.341,1.200,-1,375.000,-1,375.000,-1,300.000,300.000,300.000,300.000,-1,700.000,675.000,-1,650.000,675.000,-1,-1,2,0,2,0,2,0,0,0,0,2,0,0,2,0,0,2,2
104,6123.382,-4637.596,96.483,-27.567,0.886090,0.462754,0.026507,-0.462902,0.886409,-0.000607,-0.023777,-0.011733,0.999648,0,0.97361,0.60453,58.417,1.209,-1,375.000,-1,375.000,-1,300.000,300.000,300.000,300.000,-1,625.000,600.000,-1,650.000,675.000,-1,-1,2,0,2,0,2,0,0,0,0,2,0,0,2,0,0,2,2
105,6175.792,-4663.554,95.400,-26.349,0.895805,0.443811,0.023790,-0.443961,0.896045,0.001189,-0.020789,-0.011627,0.999716,0,0.97477,0.60892,58.486,1.218,-1,375.000,-1,375.000,-1,300.000,300.000,300.000,300.000,-1,550.000,525.000,-1,650.000,700.000,-1,-1,2,0,2,0,2,0,0,0,0,2,0,0,2,0,0,2,2
106,6228.803,-4688.412,94.322,-25.123,0.905171,0.424527,0.021032,-0.424673,0.905343,0.002794,-0.017855,-0.011461,0.999775,0,0.97583,0.61334,58.550,1.227,-1,375.000,-1,375.000,-1,300.000,300.000,300.000,300.000,-1,500.000,475.000,-1,650.000,700.000,-1,-1,2,0,2,0,2,0,0,0,0,2,0,0,2,0,0,2,2
107,6277.854,-4710.390,93.323,-24.136,0.912404,0.408875,0.018465,-0.409012,0.912520,0.004182,-0.015140,-0.011368,0.999821,0,0.89583,0.49334,53.750,0.987,-1,375.000,-1,375.000,-1,325.000,325.000,300.000,300.000,-1,450.000,450.000,-1,650.000,700.000,-1,-1,2,0,2,0,2,0,0,0,0,2,0,0,2,0,0,2,2
108,6322.782,-4729.822,92.406,-23.389,0.917699,0.396949,0.016112,-0.397074,0.917771,0.005396,-0.012646,-0.011349,0.999856,0,0.81583,0.37334,48.950,0.747,-1,375.000,-1,375.000,-1,325.000,325.000,300.000,300.000,-1,425.000,400.000,-1,675.000,700.000,-1,-1,2,0,2,0,2,0,0,0,0,2,0,0,2,0,0,2,2
109,6364.526,-4747.441,91.551,-22.882,0.921210,0.388817,0.013935,-0.388930,0.921244,0.006504,-0.010309,-0.011411,0.999882,0,0.75516,0.25334,45.309,0.507,-1,375.000,-1,375.000,-1,325.000,325.000,300.000,325.000,-1,375.000,375.000,-1,675.000,700.000,-1,-1,2,0,2,0,2,0,0,0,0,2,0,0,2,0,0,2,2
110,6406.344,-4764.861,90.691,-22.616,0.923040,0.384524,0.011778,-0.384623,0.923042,0.007635,-0.007936,-0.011577,0.999901,0,0.75504,0.13334,45.302,0.267,-1,375.000,-1,375.000,-1,325.000,325.000,300.000,325.000,-1,350.000,350.000,-1,675.000,700.000,-1,-1,2,0,2,0,2,0,0,0,0,2,0,0,2,0,0,2,2
111,6448.139,-4782.250,90.058,-22.589,0.923238,0.384098,0.009987,-0.384176,0.923228,0.007672,-0.006273,-0.010920,0.999921,0,0.75446,0.01334,45.268,0.027,-1,375.000,-1,375.000,-1,300.000,325.000,300.000,300.000,-1,350.000,350.000,-1,675.000,700.000,-1,-1,2,0,2,0,2,0,0,0,0,2,0,0,2,0,0,2,2
112,6489.809,-4799.769,89.628,-22.802,0.921817,0.387538,0.008277,-0.387594,0.921804,0.006868,-0.004968,-0.009539,0.999942,0,0.75339,-0.10666,45.203,-0.213,-1,375.000,-1,375.000,-1,300.000,300.000,300.000,300.000,-1,375.000,350.000,-1,675.000,700.000,-1,-1,2,0,2,0,2,0,0,0,0,2,0,0,2,0,0,2,2
113,6531.252,-4817.579,89.428,-23.256,0.918739,0.394826,0.005594,-0.394855,0.918727,0.005566,-0.002941,-0.007323,0.999969,0,0.75179,-0.22666,45.107,-0.453,-1,375.000,-1,375.000,-1,300.000,300.000,300.000,300.000,-1,400.000,350.000,-1,675.000,700.000,-1,-1,2,0,2,0,2,0,0,0,0,2,0,0,2,0,0,2,2
114,6572.384,-4835.776,89.261,-23.864,0.914505,0.404564,0.003055,-0.404574,0.914495,0.004417,-0.001007,-0.005275,0.999986,0,0.74962,-0.30417,44.977,-0.608,-1,375.000,-1,375.000,-1,300.000,300.000,300.000,300.000,-1,400.000,350.000,-1,675.000,700.000,-1,-1,2,0,2,0,2,0,0,0,0,2,0,0,2,0,0,2,2
115,6613.178,-4854.340,89.102,-24.469,0.910189,0.414193,0.000572,-0.414193,0.910183,0.003377,0.000878,-0.003311,0.999994,0,0.74700,-0.30226,44.820,-0.605,-1,375.000,-1,375.000,-1,300.000,300.000,300.000,300.000,-1,425.000,375.000,-1,700.000,700.000,-1,-1,2,0,2,0,2,0,0,0,0,2,0,0,2,0,0,2,2
116,6653.621,-4873.259,89.190,-25.070,0.905792,0.423722,-0.000842,-0.423718,0.905789,0.002947,0.002011,-0.002312,0.999995,0,0.74416,-0.30062,44.650,-0.601,-1,375.000,-1,375.000,-1,300.000,300.000,300.000,300.000,-1,450.000,400.000,-1,700.000,700.000,-1,-1,2,0,2,0,2,0,0,0,0,2,0,0,2,0,0,2,2
117,6693.701,-4892.521,89.369,-25.668,0.901314,0.433162,-0.001828,-0.433156,0.901315,0.002771,0.002848,-0.001706,0.999994,0,0.74113,-0.29926,44.468,-0.599,-1,375.000,-1,375.000,-1,300.000,300.000,300.000,300.000,-1,475.000,425.000,-1,700.000,700.000,-1,-1,2,0,2,0,2,0,0,0,0,2,0,0,2,0,0,2,2
118,6733.407,-4912.115,89.732,-26.265,0.896754,0.442519,-0.002974,-0.442509,0.896757,0.003523,0.004226,-0.001844,0.999989,0,0.73795,-0.29818,44.277,-0.596,-1,375.000,-1,375.000,-1,300.000,300.000,300.000,300.000,-1,500.000,450.000,-1,700.000,700.000,-1,-1,2,0,2,0,2,0,0,0,0,2,0,0,2,0,0,2,2
119,6772.731,-4932.030,90.132,-26.860,0.892108,0.451804,-0.004107,-0.451787,0.892114,0.004522,0.005707,-0.002179,0.999981,0,0.73466,-0.29739,44.080,-0.595,-1,375.000,-1,375.000,-1,300.000,300.000,300.000,300.000,-1,525.000,475.000,-1,700.000,700.000,-1,-1,2,0,2,0,2,0,0,0,0,2,0,0,2,0,0,2,2
120,6811.667,-4952.259,90.525,-27.453,0.887372,0.461024,-0.005180,-0.460998,0.887384,0.005563,0.007161,-0.002549,0.999971,0,0.73129,-0.29687,43.877,-0.594,-1,375.000,-1,375.000,-1,300.000,300.000,300.000,300.000,-1,550.000,500.000,-1,700.000,700.000,-1,-1,2,0,2,0,2,0,0,0,0,2,0,0,2,0,0,2,2
121,6850.211,-4972.793,90.911,-28.047,0.882545,0.470187,-0.006191,-0.470150,0.882562,0.006644,0.008588,-0.002953,0.999959,0,0.72787,-0.29664,43.672,-0.593,-1,375.000,-1,375.000,-1,300.000,300.000,300.000,300.000,-1,575.000,525.000,-1,700.000,725.000,-1,-1,2,0,2,0,2,0,0,0,0,2,0,0,2,0,0,2,2
122,6888.360,-4993.627,91.290,-28.640,0.877622,0.479301,-0.007141,-0.479250,0.877644,0.007764,0.009988,-0.003391,0.999944,0,0.72446,-0.29667,43.467,-0.593,-1,375.000,-1,375.000,-1,300.000,300.000,300.000,300.000,-1,600.000,550.000,-1,700.000,725.000,-1,-1,2,0,2,0,2,0,0,0,0,2,0,0,2,0,0,2,2
123,6926.114,-5014.756,91.736,-29.234,0.872595,0.488373,-0.008385,-0.488307,0.872628,0.008774,0.011602,-0.003562,0.999926,0,0.72107,-0.29699,43.264,-0.594,-1,375.000,-1,375.000,-1,300.000,325.000,300.000,300.000,-1,600.000,550.000,-1,700.000,725.000,-1,-1,2,0,2,0,2,0,0,0,0,2,0,0,2,0,0,2,2
124,6963.474,-5036.178,92.209,-29.829,0.867461,0.497410,-0.009732,-0.497328,0.867508,0.009763,0.013299,-0.003629,0.999905,0,0.71776,-0.29756,43.066,-0.595,-1,375.000,-1,375.000,-1,325.000,325.000,300.000,300.000,-1,625.000,575.000,-1,700.000,725.000,-1,-1,2,0,2,0,2,0,0,0,0,2,0,0,2,0,0,2,2
125,7000.443,-5057.890,92.679,-30.426,0.862217,0.506419,-0.011047,-0.506318,0.862279,0.010786,0.014988,-0.003706,0.999881,0,0.71455,-0.29841,42.873,-0.597,-1,375.000,-1,375.000,-1,325.000,325.000,300.000,300.000,-1,625.000,575.000,-1,700.000,725.000,-1,-1,2,0,2,0,2,0,0,0,0,2,0,0,2,0,0,2,2
126,7037.025,-5079.892,93.242,-31.025,0.856858,0.515407,-0.012266,-0.515293,0.856939,0.011366,0.016369,-0.003419,0.999860,0,0.71147,-0.29950,42.688,-0.599,-1,375.000,-1,375.000,-1,325.000,325.000,300.000,300.000,-1,600.000,600.000,-1,725.000,750.000,-1,-1,2,0,2,0,2,0,0,0,0,2,0,0,2,0,0,2,2
127,7073.225,-5102.185,93.964,-31.627,0.851380,0.524379,-0.013359,-0.524266,0.851481,0.011152,0.017223,-0.002491,0.999849,0,0.70856,-0.30085,42.514,-0.602,-1,375.000,-1,400.000,-1,325.000,325.000,300.000,300.000,-1,600.000,600.000,-1,725.000,750.000,-1,-1,2,0,2,0,2,0,0,0,0,2,0,0,2,0,0,2,2
128,7109.049,-5124.772,94.680,-32.231,0.845777,0.533340,-0.014449,-0.533229,0.845899,0.010990,0.018084,-0.001591,0.999835,0,0.70584,-0.30245,42.350,-0.605,-1,375.000,-1,400.000,-1,325.000,325.000,300.000,300.000,-1,600.000,600.000,-1,725.000,750.000,-1,-1,2,0,2,0,2,0,0,0,0,2,0,0,2,0,0,2,2
129,7144.504,-5147.657,95.410,-32.840,0.840043,0.542295,-0.015630,-0.542187,0.840188,0.010849,0.019016,-0.000639,0.999819,0,0.70332,-0.30428,42.199,-0.609,-1,375.000,-1,400.000,-1,325.000,325.000,300.000,300.000,-1,625.000,600.000,-1,725.000,750.000,-1,-1,2,0,2,0,2,0,0,0,0,2,0,0,2,0,0,2,2
130,7179.599,-5170.844,96.150,-33.453,0.834170,0.551248,-0.016883,-0.551144,0.834341,0.010738,0.020005,0.000347,0.999800,0,0.70104,-0.30634,42.063,-0.613,-1,375.000,-1,400.000,-1,325.000,325.000,300.000,300.000,-1,625.000,600.000,-1,725.000,750.000,-1,-1,2,0,2,0,2,0,0,0,0,2,0,0,2,0,0,2,2
131,7214.341,-5194.339,96.877,-34.070,0.828156,0.560204,-0.018133,-0.560105,0.828353,0.010643,0.020982,0.001342,0.999779,0,0.69901,-0.30863,41.941,-0.617,-1,375.000,-1,400.000,-1,325.000,325.000,300.000,300.000,-1,625.000,600.000,-1,725.000,750.000,-1,-1,2,0,2,0,2,0,0,0,0,2,0,0,2,0,0,2,2
132,7248.738,-5218.150,97.558,-34.692,0.821994,0.569166,-0.019369,-0.569076,0.822219,0.010398,0.021844,0.002476,0.999758,0,0.69724,-0.31113,41.834,-0.622,-1,375.000,-1,400.000,-1,325.000,325.000,300.000,300.000,-1,625.000,600.000,-1,725.000,750.000,-1,-1,2,0,2,0,2,0,0,0,0,2,0,0,2,0,0,2,2
133,7282.799,-5242.284,98.236,-35.320,0.815679,0.578137,-0.020611,-0.578058,0.815932,0.010213,0.022722,0.003583,0.999735,0,0.69575,-0.31384,41.745,-0.628,-1,375.000,-1,400.000,-1,325.000,325.000,300.000,300.000,-1,625.000,600.000,-1,750.000,750.000,-1,-1,2,0,2,0,2,0,0,0,0,2,0,0,2,0,0,2,2
134,7316.533,-5266.751,99.084,-35.953,0.809224,0.587123,-0.021076,-0.587046,0.809488,0.010306,0.023112,0.004033,0.999725,0,0.69454,-0.31676,41.672,-0.634,-1,375.000,-1,400.000,-1,325.000,325.000,300.000,300.000,-1,650.000,625.000,-1,750.000,750.000,-1,-1,2,0,2,0,2,0,0,0,0,2,0,0,2,0,0,2,2
135,7349.946,-5291.560,99.975,-36.593,0.802609,0.596124,-0.021334,-0.596047,0.802881,0.010498,0.023387,0.004291,0.999717,0,0.69362,-0.31987,41.617,-0.640,-1,375.000,-1,400.000,-1,325.000,325.000,300.000,300.000,-1,675.000,650.000,-1,750.000,750.000,-1,-1,2,0,2,0,2,0,0,0,0,2,0,0,2,0,0,2,2
136,7386.785,-5319.800,100.964,-37.473,0.793351,0.608380,-0.021634,-0.608302,0.793632,0.010753,0.023712,0.004629,0.999708,0,0.77362,-0.43987,46.417,-0.880,-1,375.000,-1,400.000,-1,325.000,325.000,300.000,300.000,-1,725.000,675.000,-1,750.000,750.000,-1,-1,2,0,2,0,2,0,0,0,0,2,0,0,2,0,0,2,2
137,7426.816,-5351.748,102.135,-38.593,0.781299,0.623770,-0.021974,-0.623703,0.781589,0.010639,0.023811,0.005393,0.999702,0,0.85362,-0.55987,51.217,-1.120,-1,375.000,-1,400.000,-1,325.000,325.000,300.000,300.000,-1,775.000,725.000,-1,750.000,775.000,-1,-1,2,0,2,0,2,0,0,0,0,2,0,0,2,0,0,2,2
