timestep,x_cm,y_cm,z_cm,yaw_deg,basis_xx,basis_xy,basis_xz,basis_yx,basis_yy,basis_yz,basis_zx,basis_zy,basis_zz,teleport_flag,throttle_cmd,steering_cmd,cmd_move_cm,cmd_turn_deg,lidar_cm_0,lidar_cm_1,lidar_cm_2,lidar_cm_3,lidar_cm_4,lidar_cm_5,lidar_cm_6,lidar_cm_7,lidar_cm_8,lidar_cm_9,lidar_cm_10,lidar_cm_11,lidar_cm_12,lidar_cm_13,lidar_cm_14,lidar_cm_15,lidar_cm_16,lidar_class_0,lidar_class_1,lidar_class_2,lidar_class_3,lidar_class_4,lidar_class_5,lidar_class_6,lidar_class_7,lidar_class_8,lidar_class_9,lidar_class_10,lidar_class_11,lidar_class_12,lidar_class_13,lidar_class_14,lidar_class_15,lidar_class_16
0,-8853.430,6891.794,-432.940,69.744,0.346670,-0.937672,0.024301,0.937837,0.346034,-0.026862,0.016779,0.032102,0.999344,1,0.08000,0.12000,4.800,0.240,775.000,375.000,-1,400.000,-1,325.000,325.000,300.000,300.000,-1,550.000,475.000,-1,625.000,725.000,950.000,-1,0,0,2,0,2,0,0,0,0,2,0,0,2,0,0,0,2
1,-8850.182,6900.828,-432.771,70.224,0.338818,-0.940537,0.024319,0.940689,0.338166,-0.027333,0.017484,0.032137,0.999331,0,0.16000,0.24000,9.600,0.480,775.000,375.000,-1,400.000,-1,325.000,325.000,300.000,300.000,-1,550.000,475.000,-1,625.000,725.000,925.000,-1,0,0,2,0,2,0,0,0,0,2,0,0,2,0,0,0,2
2,-8845.481,6914.439,-432.514,70.944,0.326998,-0.944711,0.024365,0.944843,0.326320,-0.028052,0.018550,0.032194,0.999309,0,0.24000,0.36000,14.400,0.720,750.000,375.000,-1,400.000,-1,325.000,325.000,300.000,300.000,-1,550.000,475.000,-1,625.000,725.000,925.000,-1,0,0,2,0,2,0,0,0,0,2,0,0,2,0,0,0,2
3,-8839.517,6932.689,-432.165,71.904,0.311159,-0.950043,0.024463,0.950148,0.310446,-0.029032,0.019987,0.032277,0.999279,0,0.32000,0.48000,19.200,0.960,750.000,375.000,-1,400.000,-1,325.000,325.000,300.000,300.000,-1,525.000,475.000,-1,625.000,725.000,900.000,-1,0,0,2,0,2,0,0,0,0,2,0,0,2,0,0,0,2
4,-8832.542,6955.653,-431.717,73.104,0.291240,-0.956333,0.024643,0.956402,0.290480,-0.030287,0.021806,0.032390,0.999237,0,0.40000,0.60000,24.000,1.200,750.000,375.000,-1,400.000,-1,325.000,325.000,300.000,300.000,-1,525.000,450.000,-1,625.000,725.000,900.000,-1,0,0,2,0,2,0,0,0,0,2,0,0,2,0,0,0,2
5,-8824.868,6983.412,-431.164,74.544,0.267173,-0.963326,0.024948,0.963349,0.266355,-0.031838,0.024026,0.032540,0.999182,0,0.48000,0.72000,28.800,1.440,725.000,375.000,-1,400.000,-1,325.000,325.000,300.000,300.000,-1,525.000,450.000,-1,625.000,700.000,875.000,-1,0,0,2,0,2,0,0,0,0,2,0,0,2,0,0,0,2
6,-8816.867,7016.045,-430.495,76.224,0.238888,-0.970714,0.025429,0.970681,0.237996,-0.033705,0.026666,0.032736,0.999108,0,0.56000,0.84000,33.600,1.680,725.000,375.000,-1,400.000,-1,325.000,325.000,275.000,300.000,-1,525.000,400.000,-1,625.000,700.000,850.000,-1,0,0,2,0,2,0,0,0,0,2,0,0,2,0,0,0,2
7,-8808.903,7053.610,-429.708,78.030,0.208269,-0.977723,0.026110,0.977621,0.207289,-0.035891,0.029679,0.033001,0.999015,0,0.64000,0.90286,38.400,1.806,700.000,375.000,-1,375.000,-1,300.000,325.000,275.000,300.000,-1,450.000,375.000,-1,600.000,700.000,825.000,-1,0,0,2,0,2,0,0,0,0,2,0,0,2,0,0,0,2
8,-8801.280,7096.132,-428.804,79.836,0.177462,-0.983757,0.026996,0.983574,0.176375,-0.038392,0.033007,0.033366,0.998898,0,0.72000,0.90286,43.200,1.806,700.000,350.000,-1,375.000,-1,300.000,325.000,275.000,300.000,-1,400.000,325.000,-1,600.000,700.000,800.000,-1,0,0,2,0,2,0,0,0,0,2,0,0,2,0,0,0,2
9,-8794.104,7143.593,-427.794,81.401,0.150636,-0.988192,0.028013,0.987915,0.149427,-0.041183,0.036511,0.033878,0.998759,0,0.80000,0.78286,48.000,1.566,675.000,350.000,-1,375.000,-1,300.000,300.000,275.000,300.000,-1,375.000,300.000,-1,600.000,700.000,775.000,-1,0,0,2,0,2,0,0,0,0,2,0,0,2,0,0,0,2
10,-8787.948,7191.837,-426.452,82.727,0.127894,-0.991322,0.030406,0.991005,0.126516,-0.043613,0.039388,0.035711,0.998586,0,0.81058,0.66286,48.635,1.326,675.000,350.000,-1,375.000,-1,300.000,300.000,275.000,300.000,-1,350.000,300.000,-1,600.000,675.000,775.000,-1,0,0,2,0,2,0,0,0,0,2,0,0,2,0,0,0,2
11,-8782.662,7240.629,-424.295,83.813,0.109390,-0.993370,0.035363,0.993081,0.107691,-0.046831,0.042713,0.040241,0.998277,0,0.81795,0.54286,49.077,1.086,700.000,350.000,-1,375.000,-1,300.000,300.000,300.000,300.000,-1,375.000,300.000,-1,600.000,675.000,775.000,-1,0,0,2,0,2,0,0,0,0,2,0,0,2,0,0,0,2
12,-8778.056,7289.896,-421.111,84.658,0.094906,-0.994807,0.036779,0.994400,0.093012,-0.050168,0.046487,0.041335,0.998063,0,0.82469,0.42286,49.482,0.846,725.000,350.000,-1,375.000,-1,300.000,300.000,300.000,300.000,-1,375.000,325.000,-1,600.000,675.000,775.000,-1,0,0,2,0,2,0,0,0,0,2,0,0,2,0,0,0,2
13,-8773.942,7339.579,-417.836,85.264,0.084588,-0.995689,0.038068,0.995142,0.082487,-0.053739,0.050367,0.042429,0.997829,0,0.83088,0.30286,49.853,0.606,725.000,350.000,-1,375.000,-1,300.000,300.000,300.000,300.000,-1,400.000,350.000,-1,600.000,675.000,775.000,-1,0,0,2,0,2,0,0,0,0,2,0,0,2,0,0,0,2
14,-8770.118,7389.629,-414.550,85.630,0.078451,-0.996136,0.039467,0.995448,0.076125,-0.057342,0.054116,0.043786,0.997574,0,0.83660,0.18286,50.196,0.366,725.000,350.000,-1,375.000,-1,300.000,300.000,300.000,300.000,-1,425.000,350.000,-1,600.000,675.000,775.000,-1,0,0,2,0,2,0,0,0,0,2,0,0,2,0,0,0,2
15,-8766.381,7440.008,-411.263,85.756,0.076502,-0.996229,0.040926,0.995398,0.073934,-0.060959,0.057703,0.045401,0.997301,0,0.84194,0.06286,50.517,0.126,725.000,350.000,-1,375.000,-1,300.000,300.000,300.000,300.000,-1,425.000,375.000,-1,600.000,700.000,775.000,-1,0,0,2,0,2,0,0,0,0,2,0,0,2,0,0,0,2
16,-8762.520,7490.682,-407.987,85.641,0.078739,-0.995994,0.042392,0.995021,0.075914,-0.064574,0.061097,0.047265,0.997012,0,0.84702,-0.05714,50.821,-0.114,725.000,375.000,-1,375.000,-1,300.000,325.000,300.000,300.000,-1,450.000,375.000,-1,600.000,700.000,800.000,-1,0,0,2,0,2,0,0,0,0,2,0,0,2,0,0,0,2
17,-8758.322,7541.626,-404.735,85.287,0.085158,-0.995404,0.043810,0.994293,0.082063,-0.068168,0.064259,0.049365,0.996712,0,0.85192,-0.17714,51.115,-0.354,750.000,375.000,-1,400.000,-1,300.000,325.000,300.000,325.000,-1,450.000,400.000,-1,600.000,700.000,800.000,-1,0,0,2,0,2,0,0,0,0,2,0,0,2,0,0,0,2
18,-8753.752,7592.828,-401.504,84.897,0.092201,-0.994716,0.045157,0.993459,0.088827,-0.071750,0.067359,0.051477,0.996400,0,0.85676,-0.19501,51.406,-0.390,750.000,375.000,-1,400.000,-1,325.000,325.000,300.000,300.000,-1,475.000,400.000,-1,600.000,700.000,825.000,-1,0,0,2,0,2,0,0,0,0,2,0,0,2,0,0,0,2
19,-8748.789,7644.271,-398.298,84.487,0.099599,-0.993944,0.046425,0.992534,0.095940,-0.075317,0.070406,0.053580,0.996078,0,0.86134,-0.20522,51.681,-0.410,750.000,375.000,-1,400.000,-1,300.000,325.000,300.000,300.000,-1,475.000,375.000,-1,600.000,700.000,825.000,-1,0,0,2,0,2,0,0,0,0,2,0,0,2,0,0,0,2
20,-8743.412,7695.931,-395.123,84.056,0.107355,-0.993080,0.047608,0.991508,0.103404,-0.078864,0.073395,0.055670,0.995748,0,0.86565,-0.21556,51.939,-0.431,750.000,375.000,-1,400.000,-1,300.000,325.000,275.000,300.000,-1,450.000,350.000,-1,600.000,725.000,850.000,-1,0,0,2,0,2,0,0,0,0,2,0,0,2,0,0,0,2
21,-8737.601,7747.787,-391.985,83.604,0.115469,-0.992117,0.048698,0.990375,0.111222,-0.082386,0.076321,0.057742,0.995410,0,0.86966,-0.22600,52.179,-0.452,750.000,350.000,-1,375.000,-1,300.000,325.000,275.000,300.000,-1,425.000,325.000,-1,600.000,725.000,875.000,-1,0,0,2,0,2,0,0,0,0,2,0,0,2,0,0,0,2
22,-8731.335,7799.814,-388.888,83.130,0.123942,-0.991045,0.049687,0.989126,0.119396,-0.085879,0.079177,0.059791,0.995066,0,0.87337,-0.23655,52.402,-0.473,775.000,350.000,-1,375.000,-1,300.000,300.000,275.000,300.000,-1,375.000,300.000,-1,600.000,725.000,900.000,-1,0,0,2,0,2,0,0,0,0,2,0,0,2,0,0,0,2
23,-8724.598,7851.987,-385.435,82.638,0.132830,-0.989759,0.052276,0.987805,0.127877,-0.088818,0.081223,0.063436,0.994675,0,0.87677,-0.24612,52.606,-0.492,775.000,350.000,-1,375.000,-1,300.000,300.000,275.000,300.000,-1,375.000,300.000,-1,600.000,725.000,950.000,-1,0,0,2,0,2,0,0,0,0,2,0,0,2,0,0,0,2
24,-8717.374,7904.281,-381.146,82.127,0.142239,-0.988169,0.057361,0.986349,0.136643,-0.091891,0.082966,0.069648,0.994116,0,0.87984,-0.25553,52.790,-0.511,850.000,350.000,-1,375.000,-1,300.000,300.000,275.000,300.000,-1,400.000,325.000,-1,625.000,750.000,-1,-1,0,0,2,0,2,0,0,0,0,2,0,0,2,0,0,2,2
25,-8709.639,7956.669,-376.022,81.597,0.151682,-0.986654,0.059218,0.984822,0.145743,-0.094258,0.084370,0.072616,0.993785,0,0.88257,-0.26488,52.954,-0.530,900.000,350.000,-1,375.000,-1,300.000,300.000,275.000,300.000,-1,450.000,350.000,-1,625.000,750.000,-1,-1,0,0,2,0,2,0,0,0,0,2,0,0,2,0,0,2,2
26,-8701.380,8009.121,-370.901,81.049,0.161424,-0.985011,0.060796,0.983143,0.155147,-0.096744,0.085861,0.075388,0.993451,0,0.88496,-0.27418,53.097,-0.548,975.000,350.000,-1,400.000,-1,300.000,300.000,300.000,300.000,-1,475.000,400.000,-1,625.000,775.000,-1,-1,0,0,2,0,2,0,0,0,0,2,0,0,2,0,0,2,2
27,-8692.584,8061.608,-365.848,80.482,0.171470,-0.983215,0.062335,0.981317,0.164850,-0.099204,0.087263,0.078181,0.993113,0,0.88698,-0.28344,53.219,-0.567,-1,375.000,-1,400.000,-1,300.000,325.000,300.000,300.000,-1,525.000,425.000,-1,650.000,-1,-1,-1,2,0,2,0,2,0,0,0,0,2,0,0,2,0,2,2,2
28,-8683.234,8114.100,-360.871,79.897,0.181814,-0.981259,0.063834,0.979336,0.174846,-0.101638,0.088572,0.080994,0.992771,0,0.88862,-0.29266,53.317,-0.585,-1,375.000,-1,400.000,-1,300.000,325.000,300.000,300.000,-1,550.000,450.000,-1,650.000,-1,-1,-1,2,0,2,0,2,0,0,0,0,2,0,0,2,0,2,2,2
29,-8673.318,8166.564,-355.979,79.293,0.192450,-0.979132,0.065290,0.977191,0.185131,-0.104042,0.089783,0.083824,0.992428,0,0.88986,-0.30184,53.392,-0.604,-1,375.000,-1,400.000,-1,300.000,325.000,300.000,300.000,-1,575.000,500.000,-1,675.000,-1,-1,-1,2,0,2,0,2,0,0,0,0,2,0,0,2,0,2,2,2
30,-8662.824,8218.966,-351.178,78.671,0.203375,-0.976826,0.066705,0.974873,0.195701,-0.106415,0.090895,0.086671,0.992082,0,0.89070,-0.31099,53.442,-0.622,-1,375.000,-1,400.000,-1,300.000,325.000,300.000,300.000,-1,600.000,525.000,-1,675.000,-1,-1,-1,2,0,2,0,2,0,0,0,0,2,0,0,2,0,2,2,2
31,-8651.739,8271.273,-346.449,78.031,0.214598,-0.974320,0.068171,0.972360,0.206549,-0.108869,0.091993,0.089650,0.991716,0,0.89112,-0.32011,53.467,-0.640,-1,375.000,-1,400.000,-1,325.000,325.000,275.000,300.000,-1,625.000,550.000,-1,700.000,-1,-1,-1,2,0,2,0,2,0,0,0,1,2,0,0,2,0,2,2,2
32,-8640.055,8323.448,-341.800,77.372,0.226116,-0.971605,0.069683,0.969643,0.217670,-0.111407,0.093076,0.092759,0.991329,0,0.89110,-0.32921,53.466,-0.658,-1,375.000,-1,425.000,-1,325.000,325.000,275.000,325.000,-1,650.000,575.000,-1,700.000,-1,-1,-1,2,0,2,0,2,0,0,0,1,2,0,0,2,0,2,2,2
33,-8627.762,8375.454,-337.279,76.696,0.237899,-0.968684,0.071105,0.966730,0.229061,-0.113860,0.094007,0.095826,0.990949,0,0.89063,-0.33830,53.438,-0.677,-1,375.000,-1,425.000,-1,325.000,325.000,275.000,350.000,-1,675.000,600.000,-1,725.000,-1,-1,-1,2,0,2,0,2,0,0,0,1,2,0,0,2,0,2,2,2
34,-8615.419,8424.178,-333.178,75.779,0.253652,-0.964587,0.072334,0.962691,0.244450,-0.116065,0.094273,0.099076,0.990604,0,0.83770,-0.45830,50.262,-0.917,-1,375.000,-1,425.000,-1,325.000,325.000,275.000,375.000,-1,700.000,625.000,-1,750.000,-1,-1,-1,2,0,2,0,2,0,0,0,1,2,0,0,2,0,2,2,2
35,-8602.103,8472.619,-328.930,74.623,0.273366,-0.958984,0.074966,0.957419,0.263740,-0.117431,0.092843,0.103875,0.990247,0,0.83727,-0.57830,50.236,-1.157,-1,400.000,-1,425.000,-1,325.000,325.000,275.000,400.000,-1,725.000,675.000,-1,750.000,-1,-1,-1,2,0,2,0,2,0,0,0,1,2,0,0,2,0,2,2,2
36,-8587.612,8520.721,-324.816,73.226,0.296860,-0.951730,0.078007,0.950687,0.286872,-0.117892,0.089823,0.109157,0.989958,0,0.83727,-0.69830,50.236,-1.397,-1,400.000,-1,-1,-1,325.000,325.000,275.000,425.000,-1,800.000,750.000,-1,800.000,-1,-1,-1,2,0,2,2,2,0,0,0,1,2,0,0,2,0,2,2,2
37,-8571.743,8568.419,-320.919,71.589,0.324065,-0.942560,0.081009,0.942108,0.313741,-0.118317,0.086105,0.114661,0.989666,0,0.83777,-0.81830,50.266,-1.637,-1,400.000,-1,-1,-1,325.000,325.000,275.000,475.000,-1,875.000,800.000,-1,825.000,-1,-1,-1,2,0,2,2,2,0,0,0,1,2,0,0,2,0,2,2,2
38,-8554.297,8615.631,-316.987,69.713,0.354685,-0.931269,0.083282,0.931484,0.344250,-0.117601,0.080848,0.119287,0.989563,0,0.83884,-0.93830,50.331,-1.877,-1,400.000,-1,-1,-1,325.000,325.000,275.000,525.000,-1,1000.000,900.000,-1,850.000,-1,-1,-1,2,0,2,2,2,0,0,0,1,2,0,0,2,0,2,2,2
39,-8535.190,8662.306,-316.167,67.713,0.386683,-0.916923,0.098631,0.919844,0.375818,-0.112460,0.066050,0.134212,0.988749,0,0.84054,-1.00000,50.432,-2.000,-1,375.000,-1,-1,-1,300.000,325.000,300.000,525.000,-1,-1,-1,-1,800.000,-1,-1,-1,2,0,2,2,2,0,0,0,1,2,2,2,2,0,2,2,2
40,-8514.436,8708.399,-318.476,65.713,0.417199,-0.899873,0.127179,0.907812,0.406065,-0.104824,0.042685,0.159187,0.986325,0,0.84248,-1.00000,50.549,-2.000,-1,350.000,-1,-1,-1,275.000,275.000,300.000,475.000,-1,-1,-1,-1,700.000,-1,-1,-1,2,0,2,2,2,0,0,0,1,2,2,2,2,0,2,2,2
41,-8492.045,8753.836,-321.283,63.713,0.445946,-0.881190,0.156961,0.894863,0.435265,-0.098813,0.018753,0.184524,0.982649,0,0.84417,-1.00000,50.650,-2.000,-1,300.000,-1,-1,-1,250.000,275.000,325.000,450.000,-1,-1,-1,-1,600.000,-1,-1,-1,2,0,2,2,2,0,1,0,1,2,2,2,2,0,2,2,2
42,-8468.045,8798.544,-324.592,61.713,0.472825,-0.860910,0.187804,0.881138,0.463303,-0.094578,-0.005587,0.210200,0.977642,0,0.84559,-1.00000,50.735,-2.000,-1,275.000,-1,-1,-1,225.000,350.000,350.000,425.000,-1,-1,-1,975.000,500.000,-1,-1,-1,2,0,2,2,2,0,1,0,1,2,2,2,0,0,2,2,2
43,-8442.470,8842.451,-328.334,59.713,0.497705,-0.839025,0.219835,0.866814,0.490034,-0.092191,-0.030376,0.236441,0.971171,0,0.84669,-1.00000,50.802,-2.000,-1,250.000,-1,975.000,-1,175.000,375.000,375.000,400.000,-1,-1,-1,875.000,425.000,-1,-1,-1,2,0,2,1,2,0,1,0,1,2,2,2,0,0,2,2,2
44,-8415.358,8885.484,-332.586,57.713,0.520575,-0.815638,0.252461,0.852031,0.515369,-0.091863,-0.055184,0.262925,0.963237,0,0.84745,-1.00000,50.847,-2.000,-1,200.000,-1,925.000,-1,150.000,425.000,400.000,375.000,-1,-1,-1,750.000,350.000,-1,550.000,-1,2,0,2,1,2,0,1,0,1,2,2,2,0,0,2,0,2
45,-8384.257,8931.649,-337.513,55.953,0.537650,-0.792757,0.287174,0.839328,0.535671,-0.092655,-0.080378,0.290849,0.953387,0,0.92745,-0.88000,55.647,-1.760,-1,175.000,-1,850.000,-1,175.000,450.000,450.000,375.000,-1,-1,-1,575.000,400.000,-1,300.000,-1,2,0,2,1,2,1,1,0,1,2,2,2,0,1,2,0,2
46,-8350.633,8978.819,-343.014,54.433,0.549413,-0.770917,0.322229,0.828961,0.551254,-0.094563,-0.104730,0.319069,0.941927,0,0.96514,-0.76000,57.909,-1.520,-1,200.000,975.000,775.000,-1,225.000,450.000,525.000,375.000,-1,-1,0.000,225.000,450.000,975.000,175.000,-1,2,1,1,1,2,1,1,0,1,2,2,0,0,1,1,0,2
47,1639.834,-3607.534,-159.290,62.086,0.462504,-0.882785,-0.082339,0.848768,0.467691,-0.246692,0.256286,0.044210,0.965590,1,0.00000,0.00000,57.648,-1.280,-1,225.000,-1,300.000,-1,225.000,250.000,650.000,350.000,625.000,100.000,50.000,400.000,325.000,475.000,275.000,800.000,2,1,2,1,2,1,1,1,0,1,0,0,0,1,1,1,1
48,-6890.827,-8202.395,-327.573,42.607,0.736070,-0.676491,0.023679,0.676902,0.735507,-0.028867,0.002112,0.037276,0.999303,1,-0.08000,0.12000,-4.800,0.240,-1,400.000,-1,425.000,-1,325.000,325.000,325.000,300.000,-1,-1,-1,-1,850.000,975.000,-1,-1,2,0,2,0,2,0,0,0,0,2,2,2,2,0,0,2,2
49,-6897.838,-8208.953,-327.575,43.087,0.730392,-0.682629,0.023353,0.683022,0.729815,-0.029178,0.002875,0.037262,0.999301,0,-0.16000,0.24000,-9.600,0.480,-1,400.000,-1,425.000,-1,325.000,325.000,325.000,300.000,-1,-1,-1,-1,850.000,975.000,-1,-1,2,0,2,0,2,0,0,0,0,2,2,2,2,0,0,2,2
50,-6905.037,-8215.858,-327.571,43.807,0.721773,-0.691747,0.023019,0.692119,0.721180,-0.029507,0.003810,0.037230,0.999299,0,-0.16626,0.36000,-9.975,0.720,-1,400.000,-1,425.000,-1,325.000,325.000,325.000,300.000,-1,-1,-1,-1,850.000,975.000,-1,-1,2,0,2,0,2,0,0,0,0,2,2,2,2,0,0,2,2
51,-6912.120,-8222.883,-327.563,44.767,0.710101,-0.703734,0.022697,0.704083,0.709490,-0.029844,0.004900,0.037173,0.999297,0,-0.16626,0.48000,-9.975,0.960,-1,400.000,-1,425.000,-1,325.000,325.000,325.000,300.000,-1,-1,-1,-1,850.000,975.000,-1,-1,2,0,2,0,2,0,0,0,0,2,2,2,2,0,0,2,2
52,-6919.054,-8230.055,-327.550,45.967,0.695228,-0.718441,0.022388,0.718763,0.694599,-0.030192,0.006141,0.037082,0.999293,0,-0.16626,0.60000,-9.975,1.200,-1,400.000,-1,425.000,-1,325.000,325.000,325.000,300.000,-1,-1,-1,-1,875.000,975.000,-1,-1,2,0,2,0,2,0,0,0,0,2,2,2,2,0,0,2,2
53,-6925.805,-8237.399,-327.672,47.407,0.676963,-0.735688,0.021987,0.735983,0.676343,-0.029827,0.007072,0.036373,0.999313,0,-0.16626,0.72000,-9.975,1.440,-1,400.000,-1,425.000,-1,325.000,325.000,325.000,300.000,-1,-1,-1,-1,850.000,975.000,-1,-1,2,0,2,0,2,0,0,0,0,2,2,2,2,0,0,2,2
54,-6932.338,-8244.938,-327.802,49.087,0.655114,-0.755223,0.021555,0.755487,0.654503,-0.029418,0.008109,0.035557,0.999335,0,-0.16626,0.84000,-9.975,1.680,-1,400.000,-1,425.000,-1,325.000,325.000,325.000,300.000,-1,-1,-1,-1,850.000,975.000,-1,-1,2,0,2,0,2,0,0,0,0,2,2,2,2,0,0,2,2
55,-6938.630,-8252.679,-327.939,50.894,0.630977,-0.775515,0.021093,0.775747,0.630377,-0.029005,0.009197,0.034665,0.999357,0,-0.16626,0.90371,-9.975,1.807,-1,400.000,-1,425.000,-1,325.000,325.000,325.000,300.000,-1,-1,-1,-1,850.000,950.000,-1,-1,2,0,2,0,2,0,0,0,0,2,2,2,2,0,0,2,2
56,-6944.674,-8260.614,-328.080,52.701,0.606212,-0.795036,0.020609,0.795237,0.605623,-0.028625,0.010276,0.033742,0.999378,0,-0.16626,0.90371,-9.975,1.807,-1,400.000,-1,425.000,-1,325.000,325.000,325.000,300.000,-1,-1,-1,-1,850.000,950.000,-1,-1,2,0,2,0,2,0,0,0,0,2,2,2,2,0,0,2,2
57,-6950.465,-8268.736,-328.226,54.509,0.580842,-0.813768,0.020105,0.813937,0.580264,-0.028278,0.011345,0.032789,0.999398,0,-0.16626,0.90371,-9.975,1.807,-1,400.000,-1,425.000,-1,325.000,325.000,325.000,300.000,-1,-1,-1,-1,825.000,950.000,-1,-1,2,0,2,0,2,0,0,0,0,2,2,2,2,0,0,2,2
58,-6955.998,-8277.037,-328.376,56.316,0.554893,-0.831691,0.019584,0.831829,0.554326,-0.027966,0.012403,0.031808,0.999417,0,-0.16626,0.90371,-9.975,1.807,-1,400.000,-1,425.000,-1,325.000,325.000,300.000,300.000,-1,-1,-1,-1,825.000,925.000,-1,-1,2,0,2,0,2,0,0,0,0,2,2,2,2,0,0,2,2
59,-6961.265,-8285.509,-328.530,58.124,0.528390,-0.848788,0.019049,0.848895,0.527836,-0.027690,0.013448,0.030801,0.999435,0,-0.16626,0.90371,-9.975,1.807,-1,400.000,-1,400.000,-1,325.000,325.000,300.000,300.000,-1,-1,-1,-1,825.000,925.000,-1,-1,2,0,2,0,2,0,0,0,0,2,2,2,2,0,0,2,2
60,-6966.263,-8294.142,-328.689,59.931,0.501360,-0.865041,0.018502,0.865117,0.500818,-0.027450,0.014479,0.029769,0.999452,0,-0.16626,0.90371,-9.975,1.807,-1,400.000,-1,400.000,-1,325.000,325.000,300.000,300.000,-1,-1,-1,-1,800.000,900.000,-1,-1,2,0,2,0,2,0,0,0,0,2,2,2,2,0,0,2,2
61,-6970.986,-8302.928,-328.850,61.739,0.473830,-0.880434,0.017947,0.880480,0.473299,-0.027248,0.015495,0.028713,0.999468,0,-0.16626,0.90371,-9.975,1.807,-1,375.000,-1,400.000,-1,325.000,325.000,300.000,300.000,-1,-1,-1,-1,800.000,900.000,-1,-1,2,0,2,0,2,0,0,0,0,2,2,2,2,0,0,2,2
62,-6975.430,-8311.860,-329.015,63.546,0.445826,-0.894951,0.017387,0.894968,0.445308,-0.027083,0.016495,0.027635,0.999482,0,-0.16626,0.90371,-9.975,1.807,-1,375.000,-1,400.000,-1,325.000,325.000,300.000,300.000,-1,-1,-1,-1,800.000,875.000,-1,-1,2,0,2,0,2,0,0,0,0,2,2,2,2,0,0,2,2
63,-6979.589,-8320.926,-329.183,65.353,0.417377,-0.908578,0.016825,0.908565,0.416872,-0.026955,0.017477,0.026537,0.999495,0,-0.16626,0.90371,-9.975,1.807,-1,375.000,-1,400.000,-1,325.000,325.000,300.000,325.000,-1,-1,-1,-1,800.000,875.000,-1,-1,2,0,2,0,2,0,0,0,0,2,2,2,2,0,0,2,2
64,-6981.618,-8325.688,-329.290,66.921,0.392370,-0.919660,0.016487,0.919625,0.391872,-0.026950,0.018324,0.025736,0.999501,0,-0.08626,0.78371,-5.175,1.567,-1,375.000,-1,400.000,-1,325.000,325.000,300.000,325.000,-1,-1,-1,-1,775.000,850.000,-1,-1,2,0,2,0,2,0,0,0,0,2,2,2,2,0,0,2,2
65,-6981.757,-8326.036,-329.319,68.248,0.370962,-0.928504,0.016344,0.928453,0.370467,-0.026991,0.019006,0.025187,0.999502,0,-0.00626,0.66371,-0.375,1.327,-1,375.000,-1,400.000,-1,325.000,325.000,300.000,325.000,-1,-1,-1,-1,775.000,850.000,-1,-1,2,0,2,0,2,0,0,0,0,2,2,2,2,0,0,2,2
66,-6980.195,-8321.896,-329.248,69.336,0.353277,-0.935376,0.016351,0.935316,0.352782,-0.026995,0.019482,0.024830,0.999502,0,0.07374,0.54371,4.425,1.087,-1,375.000,-1,400.000,-1,325.000,325.000,300.000,325.000,-1,-1,-1,-1,775.000,850.000,-1,-1,2,0,2,0,2,0,0,0,0,2,2,2,2,0,0,2,2
67,-6977.068,-8313.218,-329.076,70.183,0.339406,-0.940495,0.016502,0.940432,0.338911,-0.026955,0.019759,0.024668,0.999500,0,0.15374,0.42371,9.225,0.847,-1,375.000,-1,400.000,-1,325.000,325.000,300.000,325.000,-1,-1,-1,-1,775.000,850.000,-1,-1,2,0,2,0,2,0,0,0,0,2,2,2,2,0,0,2,2
68,-6972.454,-8299.974,-328.803,70.791,0.329419,-0.944034,0.016793,0.943975,0.328921,-0.026869,0.019841,0.024703,0.999498,0,0.23374,0.30371,14.025,0.607,-1,375.000,-1,400.000,-1,325.000,325.000,300.000,325.000,-1,-1,-1,-1,800.000,850.000,-1,-1,2,0,2,0,2,0,0,0,0,2,2,2,2,0,0,2,2
69,-6966.374,-8282.158,-328.429,71.158,0.323362,-0.946119,0.017226,0.946070,0.322858,-0.026738,0.019735,0.024943,0.999494,0,0.31374,0.18371,18.825,0.367,-1,375.000,-1,400.000,-1,325.000,325.000,300.000,325.000,-1,-1,-1,-1,800.000,850.000,-1,-1,2,0,2,0,2,0,0,0,0,2,2,2,2,0,0,2,2
70,-6958.817,-8259.775,-327.957,71.343,0.320305,-0.947147,0.017798,0.947114,0.319795,-0.026570,0.019474,0.025367,0.999489,0,0.39374,0.09260,23.625,0.185,-1,375.000,-1,400.000,-1,325.000,325.000,300.000,325.000,-1,-1,-1,-1,800.000,850.000,-1,-1,2,0,2,0,2,0,0,0,0,2,2,2,2,0,0,2,2
71,-6949.811,-8232.815,-327.391,71.528,0.317246,-0.948163,0.018494,0.948150,0.316727,-0.026378,0.019154,0.025903,0.999481,0,0.47374,0.09260,28.425,0.185,-1,375.000,-1,400.000,-1,325.000,325.000,300.000,325.000,-1,-1,-1,-1,800.000,850.000,-1,-1,2,0,2,0,2,0,0,0,0,2,2,2,2,0,0,2,2
72,-6939.387,-8201.268,-326.731,71.714,0.314184,-0.949165,0.019316,0.949176,0.313655,-0.026169,0.018780,0.026556,0.999471,0,0.55374,0.09260,33.225,0.185,-1,375.000,-1,400.000,-1,325.000,325.000,300.000,325.000,-1,-1,-1,-1,800.000,850.000,-1,-1,2,0,2,0,2,0,0,0,0,2,2,2,2,0,0,2,2
73,-6927.573,-8165.125,-325.980,71.899,0.311120,-0.950154,0.020268,0.950193,0.310579,-0.025950,0.018362,0.027332,0.999458,0,0.63374,0.09260,38.025,0.185,-1,375.000,-1,400.000,-1,325.000,325.000,300.000,325.000,-1,-1,-1,-1,800.000,850.000,-1,-1,2,0,2,0,2,0,0,0,0,2,2,2,2,0,0,2,2
74,-6914.399,-8124.377,-325.140,72.084,0.308053,-0.951129,0.021355,0.951201,0.307498,-0.025731,0.017907,0.028239,0.999441,0,0.71374,0.09260,42.825,0.185,-1,375.000,-1,400.000,-1,325.000,325.000,325.000,325.000,-1,-1,-1,-1,800.000,850.000,-1,-1,2,0,2,0,2,0,0,0,0,2,2,2,2,0,0,2,2
75,-6899.896,-8079.014,-324.213,72.269,0.304984,-0.952090,0.022582,0.952198,0.304413,-0.025521,0.017424,0.029286,0.999419,0,0.79374,0.09260,47.625,0.185,-1,400.000,-1,400.000,-1,325.000,325.000,325.000,325.000,-1,-1,-1,-1,800.000,850.000,-1,-1,2,0,2,0,2,0,0,0,0,2,2,2,2,0,0,2,2
76,-6884.092,-8029.028,-323.201,72.454,0.301912,-0.953035,0.023954,0.953186,0.301323,-0.025330,0.016923,0.030481,0.999392,0,0.87374,0.09260,52.425,0.185,-1,400.000,-1,400.000,-1,325.000,325.000,325.000,325.000,-1,-1,-1,-1,825.000,875.000,-1,-1,2,0,2,0,2,0,0,0,0,2,2,2,2,0,0,2,2
77,-6867.992,-7977.525,-322.170,72.640,0.298838,-0.953966,0.025391,0.954162,0.298229,-0.025179,0.016448,0.031751,0.999360,0,0.89935,0.09260,53.961,0.185,-1,400.000,-1,400.000,-1,325.000,325.000,325.000,325.000,-1,-1,-1,-1,825.000,875.000,-1,-1,2,0,2,0,2,0,0,0,0,2,2,2,2,0,0,2,2
78,-6852.058,-7925.970,-321.295,72.825,0.295759,-0.954903,0.026211,0.955124,0.295137,-0.025133,0.016263,0.032468,0.999340,0,0.89935,0.09260,53.961,0.185,-1,400.000,-1,425.000,-1,325.000,325.000,325.000,325.000,-1,-1,-1,-1,875.000,875.000,-1,-1,2,0,2,0,2,0,0,0,0,2,2,2,2,0,0,2,2
79,-6836.290,-7874.365,-320.638,73.010,0.292647,-0.955855,0.026436,0.956096,0.292050,-0.024249,0.015458,0.032371,0.999356,0,0.89935,0.09260,53.961,0.185,-1,400.000,-1,425.000,-1,325.000,325.000,325.000,325.000,-1,-1,-1,-1,900.000,875.000,-1,-1,2,0,2,0,2,0,0,0,0,2,2,2,2,0,0,2,2
80,-6820.689,-7822.708,-319.992,73.195,0.289533,-0.956796,0.026687,0.957056,0.288959,-0.023379,0.014658,0.032309,0.999370,0,0.89935,0.09260,53.961,0.185,-1,400.000,-1,425.000,-1,325.000,325.000,325.000,325.000,-1,-1,-1,-1,900.000,900.000,-1,-1,2,0,2,0,2,0,0,0,0,2,2,2,2,0,0,2,2
81,-6805.256,-7771.001,-319.434,73.381,0.286416,-0.957717,0.027281,0.958007,0.285863,-0.022478,0.013728,0.032574,0.999375,0,0.89935,0.09260,53.961,0.185,-1,400.000,-1,425.000,-1,325.000,325.000,325.000,325.000,-1,-1,-1,-1,925.000,925.000,-1,-1,2,0,2,0,2,0,0,0,0,2,2,2,2,0,0,2,2
82,-6789.990,-7719.245,-319.055,73.566,0.283288,-0.958607,0.028658,0.958956,0.282757,-0.021240,0.012257,0.033498,0.999364,0,0.89935,0.09260,53.961,0.185,-1,400.000,-1,425.000,-1,325.000,325.000,325.000,325.000,-1,-1,-1,-1,950.000,925.000,-1,-1,2,0,2,0,2,0,0,0,0,2,2,2,2,0,0,2,2
83,-6774.891,-7667.439,-318.673,73.751,0.280154,-0.959486,0.030017,0.959895,0.279648,-0.019983,0.010779,0.034411,0.999350,0,0.89935,0.09260,53.961,0.185,-1,400.000,-1,400.000,-1,325.000,325.000,325.000,300.000,-1,-1,-1,-1,950.000,925.000,-1,-1,2,0,2,0,2,0,0,0,0,2,2,2,2,0,0,2,2
84,-6759.960,-7615.585,-318.290,73.936,0.277013,-0.960354,0.031360,0.960821,0.276536,-0.018708,0.009294,0.035313,0.999333,0,0.89935,0.09260,53.961,0.185,-1,400.000,-1,400.000,-1,325.000,325.000,325.000,300.000,-1,-1,-1,-1,975.000,925.000,-1,-1,2,0,2,0,2,0,0,0,0,2,2,2,2,0,0,2,2
85,-6745.196,-7563.683,-317.904,74.121,0.273865,-0.961213,0.032686,0.961737,0.273422,-0.017415,0.007803,0.036204,0.999314,0,0.89935,0.09260,53.961,0.185,-1,400.000,-1,400.000,-1,325.000,325.000,325.000,300.000,-1,-1,-1,-1,975.000,950.000,-1,-1,2,0,2,0,2,0,0,0,0,2,2,2,2,0,0,2,2
86,-6730.600,-7511.733,-317.516,74.307,0.270711,-0.962060,0.033994,0.962640,0.270305,-0.016105,0.006305,0.037084,0.999292,0,0.89935,0.09260,53.961,0.185,-1,425.000,-1,400.000,-1,325.000,325.000,325.000,300.000,-1,-1,-1,-1,1000.000,950.000,-1,-1,2,0,2,0,2,0,0,0,0,2,2,2,2,0,0,2,2
87,-6716.173,-7459.737,-317.125,74.492,0.267550,-0.962898,0.035286,0.963532,0.267185,-0.014776,0.004800,0.037953,0.999268,0,0.89935,0.09260,53.961,0.185,-1,425.000,-1,400.000,-1,325.000,325.000,325.000,300.000,-1,-1,-1,-1,-1,950.000,-1,-1,2,0,2,0,2,0,0,0,0,2,2,2,2,2,0,2,2
88,-6701.913,-7407.694,-316.810,74.677,0.264373,-0.963736,0.036322,0.964416,0.264065,-0.013103,0.003036,0.038493,0.999254,0,0.89935,0.09260,53.961,0.185,-1,425.000,-1,425.000,-1,325.000,325.000,325.000,300.000,-1,-1,-1,-1,-1,950.000,-1,-1,2,0,2,0,2,0,0,0,0,2,2,2,2,2,0,2,2
89,-6687.822,-7355.605,-316.502,74.862,0.261189,-0.964567,0.037307,0.965287,0.260944,-0.011371,0.001233,0.038982,0.999239,0,0.89935,0.09260,53.961,0.185,-1,425.000,-1,425.000,-1,350.000,325.000,325.000,300.000,-1,-1,-1,-1,-1,950.000,-1,-1,2,0,2,0,2,0,0,0,0,2,2,2,2,2,0,2,2
90,-6673.899,-7303.471,-316.187,75.047,0.258000,-0.965386,0.038285,0.966145,0.257820,-0.009651,-0.000553,0.039479,0.999220,0,0.89935,0.09260,53.961,0.185,-1,450.000,-1,425.000,-1,350.000,350.000,325.000,325.000,-1,-1,-1,-1,-1,950.000,-1,-1,2,0,2,0,2,0,0,0,0,2,2,2,2,2,0,2,2
91,-6660.143,-7251.293,-316.309,75.233,0.254814,-0.966263,0.037482,0.966988,0.254711,-0.007586,-0.002217,0.038178,0.999268,0,0.89935,0.09260,53.961,0.185,-1,450.000,-1,425.000,-1,350.000,350.000,325.000,325.000,-1,-1,-1,-1,-1,975.000,-1,-1,2,0,2,0,2,0,0,0,0,2,2,2,2,2,0,2,2
92,-6646.556,-7199.071,-316.777,75.418,0.251595,-0.967179,0.035551,0.967820,0.251611,-0.004088,-0.004991,0.035436,0.999359,0,0.89935,0.09260,53.961,0.185,-1,450.000,-1,425.000,-1,350.000,350.000,325.000,325.000,-1,-1,-1,-1,-1,975.000,-1,-1,2,0,2,0,2,0,0,0,0,2,2,2,2,2,0,2,2
93,-6633.138,-7146.804,-317.362,75.603,0.248396,-0.968065,0.033907,0.968630,0.248504,-0.001066,-0.007394,0.033108,0.999424,0,0.89935,0.09260,53.961,0.185,-1,450.000,-1,425.000,-1,350.000,350.000,300.000,325.000,-1,-1,-1,-1,-1,1000.000,-1,-1,2,0,2,0,2,0,0,0,0,2,2,2,2,2,0,2,2
94,-6621.003,-7098.033,-318.551,76.028,0.241082,-0.969870,0.035091,0.970445,0.241309,0.002337,-0.010734,0.033490,0.999381,0,0.83764,0.21260,50.258,0.425,-1,425.000,-1,425.000,-1,350.000,350.000,300.000,325.000,-1,-1,-1,-1,-1,975.000,-1,-1,2,0,2,0,2,0,0,0,0,2,2,2,2,2,0,2,2
95,-6609.436,-7049.124,-319.793,76.693,0.229668,-0.972582,0.036571,0.973166,0.230027,0.005888,-0.014139,0.034237,0.999314,0,0.83764,0.33260,50.258,0.665,-1,425.000,-1,425.000,-1,350.000,350.000,300.000,325.000,-1,-1,-1,-1,-1,975.000,-1,-1,2,0,2,0,2,0,0,0,0,2,2,2,2,2,0,2,2
96,-6598.642,-7000.038,-321.011,77.599,0.214131,-0.976066,0.037996,0.976650,0.214627,0.009471,-0.017399,0.035080,0.999233,0,0.83764,0.45260,50.258,0.905,-1,425.000,-1,425.000,-1,350.000,350.000,300.000,325.000,-1,-1,-1,-1,-1,950.000,-1,-1,2,0,2,0,2,0,0,0,0,2,2,2,2,2,0,2,2
97,-6588.832,-6950.747,-322.198,78.744,0.194431,-0.980128,0.039314,0.980702,0.195070,0.013102,-0.020511,0.036008,0.999141,0,0.83764,0.57260,50.258,1.145,-1,425.000,-1,425.000,-1,350.000,350.000,300.000,300.000,-1,-1,-1,-1,-1,950.000,-1,-1,2,0,2,0,2,0,0,0,0,2,2,2,2,2,0,2,2
98,-6580.216,-6901.232,-323.342,80.129,0.170527,-0.984521,0.040473,0.985073,0.171313,0.016792,-0.023466,0.037006,0.999040,0,0.83764,0.69260,50.258,1.385,-1,425.000,-1,425.000,-1,325.000,325.000,300.000,300.000,-1,-1,-1,-1,-1,950.000,-1,-1,2,0,2,0,2,0,0,0,0,2,2,2,2,2,0,2,2
99,-6573.009,-6851.493,-324.445,81.754,0.142383,-0.988946,0.041380,0.989464,0.143317,0.020523,-0.026227,0.038022,0.998933,0,0.83764,0.81260,50.258,1.625,-1,425.000,-1,425.000,-1,325.000,325.000,300.000,300.000,-1,-1,-1,-1,-1,950.000,-1,-1,2,0,2,0,2,0,0,0,0,2,2,2,2,2,0,2,2
100,-6567.423,-6801.546,-325.586,83.619,0.109992,-0.993062,0.041581,0.993524,0.111049,0.024037,-0.028488,0.038668,0.998846,0,0.83764,0.93260,50.258,1.865,-1,425.000,-1,425.000,-1,325.000,325.000,300.000,300.000,-1,-1,-1,-1,-1,950.000,-1,-1,2,0,2,0,2,0,0,0,0,2,2,2,2,2,0,2,2
101,-6563.585,-6751.435,-326.649,85.619,0.075143,-0.996308,0.041528,0.996701,0.076322,0.027587,-0.030655,0.039318,0.998756,0,0.83764,1.00000,50.258,2.000,-1,425.000,-1,425.000,-1,350.000,350.000,300.000,300.000,-1,-1,-1,-1,-1,950.000,-1,-1,2,0,2,0,2,0,0,0,0,2,2,2,2,2,0,2,2
102,-6561.497,-6701.220,-327.632,87.619,0.040205,-0.998341,0.041226,0.998652,0.041504,0.031154,-0.032814,0.039918,0.998664,0,0.83764,1.00000,50.258,2.000,-1,425.000,-1,425.000,-1,350.000,350.000,300.000,300.000,-1,-1,-1,-1,1000.000,950.000,-1,-1,2,0,2,0,2,0,0,0,0,2,2,2,2,0,0,2,2
103,-6561.163,-6650.963,-328.533,89.619,0.005223,-0.999159,0.040673,0.999375,0.006637,0.034720,-0.034961,0.040466,0.998569,0,0.83764,1.00000,50.258,2.000,-1,425.000,-1,425.000,-1,350.000,350.000,325.000,300.000,-1,-1,-1,-1,1000.000,950.000,-1,-1,2,0,2,0,2,0,0,0,0,2,2,2,2,0,0,2,2
104,-6562.258,-6605.518,-329.282,91.379,-0.025567,-0.998874,0.039975,0.998991,-0.024052,0.037930,-0.036926,0.040904,0.998480,0,0.75764,0.88000,45.458,1.760,-1,425.000,-1,425.000,-1,350.000,350.000,325.000,300.000,-1,-1,-1,-1,975.000,950.000,-1,-1,2,0,2,0,2,0,0,0,0,2,2,2,2,0,0,2,2
105,-6564.523,-6560.794,-330.286,92.899,-0.052179,-0.997821,0.040385,0.997893,-0.050537,0.040679,-0.038549,0.042423,0.998356,0,0.74635,0.76000,44.781,1.520,-1,450.000,-1,450.000,-1,350.000,350.000,325.000,300.000,-1,-1,-1,-1,975.000,950.000,-1,-1,2,0,2,0,2,0,0,0,0,2,2,2,2,0,0,2,2
106,-6567.812,-6516.134,-332.650,94.211,-0.075160,-0.996300,0.041672,0.996365,-0.073354,0.043309,-0.040092,0.044776,0.998192,0,0.74635,0.65573,44.781,1.311,-1,425.000,-1,425.000,-1,350.000,350.000,325.000,300.000,-1,-1,-1,-1,950.000,925.000,-1,-1,2,0,2,0,2,0,0,0,0,2,2,2,2,0,0,2,2
107,-6572.122,-6471.561,-335.230,95.522,-0.098074,-0.994304,0.041725,0.994292,-0.096132,0.046273,-0.041998,0.046025,0.998057,0,0.74635,0.65573,44.781,1.311,-1,425.000,-1,425.000,-1,350.000,350.000,325.000,300.000,-1,-1,-1,-1,925.000,900.000,-1,-1,2,0,2,0,2,0,0,0,0,2,2,2,2,0,0,2,2
108,-6577.451,-6427.099,-337.760,96.834,-0.120935,-0.991786,0.041645,0.991690,-0.118857,0.049227,-0.043873,0.047253,0.997919,0,0.74635,0.65573,44.781,1.311,-1,425.000,-1,425.000,-1,350.000,350.000,300.000,300.000,-1,-1,-1,-1,900.000,900.000,-1,-1,2,0,2,0,2,0,0,0,0,2,2,2,2,0,0,2,2
109,-6583.796,-6382.770,-340.252,98.145,-0.143729,-0.988752,0.041378,0.988559,-0.141517,0.052199,-0.045756,0.048407,0.997779,0,0.74635,0.65573,44.781,1.311,-1,425.000,-1,425.000,-1,350.000,350.000,300.000,275.000,-1,-1,-1,-1,900.000,875.000,-1,-1,2,0,2,0,2,0,0,0,0,2,2,2,2,0,0,2,2
110,-6591.154,-6338.598,-342.693,99.457,-0.166445,-0.985199,0.040977,0.984901,-0.164101,0.055148,-0.047608,0.049538,0.997637,0,0.74635,0.65573,44.781,1.311,-1,425.000,-1,425.000,-1,350.000,350.000,300.000,275.000,-1,-1,-1,-1,875.000,850.000,-1,-1,2,0,2,0,2,0,0,0,0,2,2,2,2,0,0,2,2
111,-6599.521,-6294.605,-345.076,100.768,-0.189069,-0.981130,0.040467,0.980720,-0.186596,0.058058,-0.049412,0.050663,0.997493,0,0.74635,0.65573,44.781,1.311,-1,425.000,-1,425.000,-1,350.000,350.000,300.000,300.000,-1,-1,-1,-1,850.000,850.000,-1,-1,2,0,2,0,2,0,0,0,0,2,2,2,2,0,0,2,2
112,-6608.893,-6250.816,-347.401,102.080,-0.211591,-0.976546,0.039850,0.976018,-0.208990,0.060923,-0.051166,0.051785,0.997347,0,0.74635,0.65573,44.781,1.311,-1,425.000,-1,425.000,-1,325.000,325.000,300.000,300.000,-1,-1,-1,-1,825.000,825.000,-1,-1,2,0,2,0,2,0,0,0,0,2,2,2,2,0,0,2,2
113,-6619.264,-6207.253,-349.665,103.391,-0.233997,-0.971449,0.039133,0.970799,-0.231272,0.063740,-0.052870,0.052905,0.997199,0,0.74635,0.65573,44.781,1.311,-1,400.000,-1,425.000,-1,325.000,325.000,300.000,300.000,-1,-1,-1,-1,825.000,825.000,-1,-1,2,0,2,0,2,0,0,0,0,2,2,2,2,0,0,2,2
114,-6630.630,-6163.939,-351.869,104.703,-0.256276,-0.965844,0.038320,0.965065,-0.253431,0.066504,-0.054521,0.054024,0.997050,0,0.74635,0.65573,44.781,1.311,-1,400.000,-1,400.000,-1,325.000,325.000,300.000,300.000,-1,-1,-1,-1,800.000,800.000,-1,-1,2,0,2,0,2,0,0,0,0,2,2,2,2,0,0,2,2
115,-6642.985,-6120.896,-354.009,106.014,-0.278415,-0.959732,0.037415,0.958820,-0.275453,0.069210,-0.056118,0.055143,0.996900,0,0.74635,0.65573,44.781,1.311,-1,400.000,-1,400.000,-1,325.000,325.000,300.000,300.000,-1,-1,-1,-1,775.000,800.000,-1,-1,2,0,2,0,2,0,0,0,0,2,2,2,2,0,0,2,2
116,-6656.321,-6078.147,-356.086,107.325,-0.300404,-0.953116,0.036423,0.952068,-0.297328,0.071857,-0.057659,0.056263,0.996750,0,0.74635,0.65573,44.781,1.311,-1,400.000,-1,400.000,-1,325.000,325.000,300.000,300.000,-1,-1,-1,-1,775.000,775.000,-1,-1,2,0,2,0,2,0,0,0,0,2,2,2,2,0,0,2,2
117,-6670.632,-6035.714,-358.097,108.637,-0.322230,-0.946001,0.035349,0.944812,-0.319044,0.074440,-0.059142,0.057385,0.996599,0,0.74635,0.65573,44.781,1.311,-1,400.000,-1,400.000,-1,325.000,325.000,300.000,300.000,-1,-1,-1,-1,750.000,775.000,-1,-1,2,0,2,0,2,0,0,0,0,2,2,2,2,0,0,2,2
118,-6685.911,-5993.621,-360.272,109.948,-0.343906,-0.938343,0.035216,0.937092,-0.340573,0.076611,-0.059894,0.059348,0.996439,0,0.74635,0.65573,44.781,1.311,-1,400.000,-1,400.000,-1,325.000,325.000,300.000,300.000,-1,-1,-1,-1,750.000,750.000,-1,-1,2,0,2,0,2,0,0,0,0,2,2,2,2,0,0,2,2
119,-6702.150,-5951.889,-362.657,111.260,-0.365416,-0.930134,0.036367,0.928941,-0.361894,0.078111,-0.059492,0.062326,0.996281,0,0.74635,0.65573,44.781,1.311,-1,400.000,-1,400.000,-1,325.000,325.000,300.000,300.000,-1,-1,-1,-1,750.000,750.000,-1,-1,2,0,2,0,2,0,0,0,0,2,2,2,2,0,0,2,2
120,-6719.340,-5910.539,-364.889,112.571,-0.386703,-0.921450,0.037298,0.920328,-0.383022,0.079313,-0.058797,0.064997,0.996152,0,0.74635,0.65573,44.781,1.311,-1,400.000,-1,400.000,-1,325.000,325.000,300.000,300.000,-1,-1,-1,-1,750.000,725.000,-1,-1,2,0,2,0,2,0,0,0,0,2,2,2,2,0,0,2,2
121,-6737.472,-5869.594,-367.063,113.883,-0.407785,-0.912277,0.038236,0.911229,-0.403938,0.080597,-0.058082,0.067708,0.996013,0,0.74635,0.65573,44.781,1.311,-1,400.000,-1,400.000,-1,325.000,325.000,300.000,300.000,-1,-1,-1,-1,750.000,725.000,-1,-1,2,0,2,0,2,0,0,0,0,2,2,2,2,0,0,2,2
122,-6756.537,-5829.074,-369.176,115.194,-0.428650,-0.902621,0.039179,0.901649,-0.424631,0.081967,-0.057348,0.070461,0.995865,0,0.74635,0.65573,44.781,1.311,-1,400.000,-1,400.000,-1,325.000,325.000,300.000,300.000,-1,-1,-1,-1,725.000,700.000,-1,-1,2,0,2,0,2,0,0,0,0,2,2,2,2,0,0,2,2
123,-6776.523,-5789.002,-371.602,116.506,-0.449165,-0.892583,0.039319,0.891729,-0.445137,0.081689,-0.055412,0.071753,0.995882,0,0.74635,0.65573,44.781,1.311,-1,400.000,-1,400.000,-1,325.000,325.000,300.000,300.000,-1,-1,-1,-1,750.000,700.000,-1,-1,2,0,2,0,2,0,0,0,0,2,2,2,2,0,0,2,2
124,-6799.476,-5745.055,-374.259,117.577,-0.465741,-0.884039,0.039496,0.883295,-0.461717,0.081291,-0.053629,0.072747,0.995908,0,0.82635,0.53573,49.581,1.071,-1,400.000,-1,400.000,-1,325.000,325.000,300.000,300.000,-1,-1,-1,-1,750.000,675.000,-1,-1,2,0,2,0,2,0,0,0,0,2,2,2,2,0,0,2,2
125,-6825.349,-5697.224,-377.131,118.409,-0.478483,-0.877194,0.039808,0.876556,-0.474468,0.080807,-0.051995,0.073559,0.995935,0,0.90635,0.41573,54.381,0.831,-1,400.000,-1,400.000,-1,325.000,325.000,300.000,300.000,-1,-1,-1,-1,750.000,675.000,-1,-1,2,0,2,0,2,0,0,0,0,2,2,2,2,0,0,2,2
126,-6853.763,-5645.967,-380.188,119.000,-0.487485,-0.872204,0.040232,0.871661,-0.483473,0.080383,-0.050660,0.074254,0.995952,0,0.97677,0.29573,58.606,0.591,-1,400.000,-1,400.000,-1,325.000,325.000,300.000,300.000,-1,-1,-1,-1,750.000,650.000,-1,-1,2,0,2,0,2,0,0,0,0,2,2,2,2,0,0,2,2
127,-6882.490,-5594.884,-383.225,119.352,-0.492809,-0.869184,0.040723,0.868718,-0.488793,0.080069,-0.049689,0.074835,0.995957,0,0.97677,0.17573,58.606,0.351,-1,400.000,-1,400.000,975.000,325.000,325.000,300.000,300.000,-1,-1,-1,-1,725.000,650.000,-1,-1,2,0,2,0,0,0,0,0,0,2,2,2,2,0,0,2,2
128,-6911.317,-5543.858,-386.256,119.463,-0.494493,-0.868201,0.041274,0.867794,-0.490465,0.079856,-0.049087,0.075306,0.995952,0,0.97677,0.05573,58.606,0.111,-1,400.000,-1,375.000,950.000,325.000,325.000,300.000,300.000,-1,-1,-1,-1,725.000,625.000,-1,1000.000,2,0,2,0,0,0,0,0,0,2,2,2,2,0,0,2,0
129,-6940.029,-5492.766,-389.295,119.335,-0.492551,-0.869275,0.041882,0.868911,-0.488503,0.079736,-0.048854,0.075665,0.995936,0,0.97677,-0.06427,58.606,-0.129,-1,400.000,-1,375.000,900.000,325.000,325.000,300.000,300.000,-1,-1,-1,-1,700.000,625.000,-1,950.000,2,0,2,0,0,0,0,0,0,2,2,2,2,0,0,2,0
130,-6968.411,-5441.491,-392.246,118.966,-0.486936,-0.872411,0.042338,0.872082,-0.482908,0.079206,-0.048654,0.075490,0.995959,0,0.97677,-0.18427,58.606,-0.369,-1,400.000,-1,375.000,850.000,325.000,325.000,300.000,300.000,-1,-1,-1,-1,675.000,600.000,-1,900.000,2,0,2,0,0,0,0,0,0,2,2,2,2,0,0,2,0
131,-6996.247,-5389.917,-395.163,118.357,-0.477635,-0.877528,0.042535,0.877193,-0.473635,0.078749,-0.048958,0.074924,0.995987,0,0.97677,-0.30427,58.606,-0.609,-1,375.000,-1,350.000,825.000,325.000,300.000,300.000,300.000,-1,-1,-1,-1,675.000,600.000,-1,850.000,2,0,2,0,0,0,0,0,0,2,2,2,2,0,0,2,0
132,-7023.316,-5337.936,-398.062,117.509,-0.464586,-0.884510,0.042442,0.884126,-0.460621,0.078418,-0.049812,0.073956,0.996017,0,0.97677,-0.42427,58.606,-0.849,-1,375.000,-1,350.000,775.000,300.000,300.000,300.000,300.000,-1,-1,-1,-1,650.000,575.000,-1,800.000,2,0,2,0,0,0,0,0,0,2,2,2,2,0,0,2,0
133,-7049.390,-5285.449,-400.402,116.420,-0.447521,-0.893325,0.041170,0.892925,-0.443846,0.075401,-0.049085,0.070506,0.996303,0,0.97677,-0.54427,58.606,-1.089,-1,375.000,-1,350.000,750.000,300.000,300.000,300.000,300.000,-1,-1,-1,-1,625.000,575.000,-1,775.000,2,0,2,0,0,0,0,0,0,2,2,2,2,0,0,2,0
134,-7074.241,-5232.372,-402.521,115.092,-0.426432,-0.903670,0.039199,0.903260,-0.423152,0.071155,-0.047713,0.065750,0.996695,0,0.97677,-0.66427,58.606,-1.329,-1,375.000,-1,350.000,775.000,300.000,300.000,300.000,300.000,-1,-1,-1,-1,625.000,575.000,-1,775.000,2,0,2,0,0,0,0,0,0,2,2,2,2,0,0,2,0
135,-7097.653,-5178.645,-404.751,113.548,-0.401692,-0.915023,0.037093,0.914589,-0.398782,0.067088,-0.046595,0.060873,0.997057,0,0.97677,-0.77174,58.606,-1.543,-1,350.000,-1,350.000,775.000,300.000,300.000,300.000,325.000,-1,775.000,850.000,-1,625.000,575.000,-1,775.000,2,0,2,0,0,0,0,0,0,2,0,0,2,0,0,2,0
136,-7119.609,-5124.306,-407.072,112.005,-0.376665,-0.925693,0.034866,0.925233,-0.374096,0.063222,-0.045481,0.056073,0.997390,0,0.97677,-0.77174,58.606,-1.543,-1,350.000,-1,350.000,775.000,300.000,275.000,300.000,325.000,-1,650.000,725.000,-1,600.000,575.000,-1,775.000,2,0,2,0,0,0,0,0,0,2,0,0,2,0,0,2,0
137,-7140.096,-5069.398,-408.541,110.461,-0.351409,-0.935480,0.037264,0.935318,-0.349043,0.057869,-0.041128,0.055190,0.997628,0,0.97677,-0.77174,58.606,-1.543,-1,350.000,-1,350.000,800.000,300.000,300.000,300.000,325.000,-1,500.000,550.000,-1,625.000,575.000,-1,800.000,2,0,2,0,0,0,0,0,0,2,0,0,2,0,0,2,0
