timestep,x_cm,y_cm,z_cm,yaw_deg,basis_xx,basis_xy,basis_xz,basis_yx,basis_yy,basis_yz,basis_zx,basis_zy,basis_zz,teleport_flag,throttle_cmd,steering_cmd,cmd_move_cm,cmd_turn_deg,lidar_cm_0,lidar_cm_1,lidar_cm_2,lidar_cm_3,lidar_cm_4,lidar_cm_5,lidar_cm_6,lidar_cm_7,lidar_cm_8,lidar_cm_9,lidar_cm_10,lidar_cm_11,lidar_cm_12,lidar_cm_13,lidar_cm_14,lidar_cm_15,lidar_cm_16,lidar_class_0,lidar_class_1,lidar_class_2,lidar_class_3,lidar_class_4,lidar_class_5,lidar_class_6,lidar_class_7,lidar_class_8,lidar_class_9,lidar_class_10,lidar_class_11,lidar_class_12,lidar_class_13,lidar_class_14,lidar_class_15,lidar_class_16
0,1644.525,3608.631,259.859,12.068,0.977499,-0.209068,-0.028038,0.208957,0.977901,-0.006875,0.028856,0.000862,0.999583,1,0.08000,-0.12000,4.800,-0.240,-1,400.000,-1,425.000,-1,325.000,325.000,300.000,300.000,-1,-1,-1,-1,775.000,900.000,-1,-1,2,0,2,0,2,0,0,0,0,2,2,2,2,0,0,2,2
1,1653.928,3610.570,260.135,11.653,0.978999,-0.201990,-0.027570,0.201873,0.979387,-0.006996,0.028415,0.001284,0.999595,0,0.16000,-0.20719,9.600,-0.414,-1,400.000,-1,425.000,-1,325.000,325.000,300.000,300.000,-1,-1,-1,-1,775.000,900.000,-1,-1,2,0,2,0,2,0,0,0,0,2,2,2,2,0,0,2,2
2,1668.051,3613.377,260.559,11.239,0.980455,-0.194902,-0.026871,0.194778,0.980821,-0.007162,0.027752,0.001789,0.999613,0,0.24000,-0.20719,14.400,-0.414,-1,400.000,-1,425.000,-1,325.000,325.000,300.000,300.000,-1,-1,-1,-1,750.000,900.000,-1,-1,2,0,2,0,2,0,0,0,0,2,2,2,2,0,0,2,2
3,1686.910,3616.983,261.131,10.825,0.981864,-0.187803,-0.025941,0.187673,0.982204,-0.007378,0.026865,0.002376,0.999636,0,0.32000,-0.20719,19.200,-0.414,-1,400.000,-1,400.000,-1,325.000,325.000,300.000,300.000,-1,-1,-1,-1,750.000,900.000,-1,-1,2,0,2,0,2,0,0,0,0,2,2,2,2,0,0,2,2
4,1710.514,3621.319,261.853,10.410,0.983227,-0.180694,-0.024782,0.180558,0.983535,-0.007648,0.025756,0.003045,0.999664,0,0.40000,-0.20719,24.000,-0.414,-1,400.000,-1,400.000,-1,325.000,325.000,300.000,300.000,-1,-1,-1,-1,750.000,900.000,-1,-1,2,0,2,0,2,0,0,0,0,2,2,2,2,0,0,2,2
5,1738.877,3626.318,262.726,9.996,0.984543,-0.173576,-0.023393,0.173434,0.984813,-0.007977,0.024423,0.003796,0.999695,0,0.48000,-0.20719,28.800,-0.414,-1,400.000,-1,400.000,-1,325.000,325.000,300.000,300.000,-1,-1,-1,-1,750.000,875.000,-1,-1,2,0,2,0,2,0,0,0,0,2,2,2,2,0,0,2,2
6,1772.008,3631.911,263.753,9.582,0.985810,-0.166449,-0.021779,0.166303,0.986039,-0.008367,0.022868,0.004627,0.999728,0,0.56000,-0.20719,33.600,-0.414,-1,400.000,-1,400.000,-1,325.000,325.000,300.000,300.000,-1,-1,-1,-1,750.000,875.000,-1,-1,2,0,2,0,2,0,0,0,0,2,2,2,2,0,0,2,2
7,1809.918,3638.029,264.935,9.167,0.987027,-0.159312,-0.019941,0.159164,0.987213,-0.008823,0.021091,0.005535,0.999762,0,0.64000,-0.20719,38.400,-0.414,-1,375.000,-1,400.000,-1,325.000,325.000,300.000,325.000,-1,-1,-1,-1,750.000,875.000,-1,-1,2,0,2,0,2,0,0,0,0,2,2,2,2,0,0,2,2
8,1852.615,3644.603,266.275,8.753,0.988193,-0.152168,-0.017882,0.152020,0.988333,-0.009348,0.019096,0.006519,0.999796,0,0.72000,-0.20719,43.200,-0.414,-1,375.000,-1,400.000,-1,325.000,325.000,300.000,325.000,-1,-1,-1,-1,725.000,875.000,-1,-1,2,0,2,0,2,0,0,0,0,2,2,2,2,0,0,2,2
9,1896.407,3651.021,267.656,8.338,0.989304,-0.145015,-0.015780,0.144871,0.989401,-0.009907,0.017049,0.007515,0.999826,0,0.73767,-0.20719,44.260,-0.414,-1,375.000,-1,400.000,-1,325.000,325.000,300.000,325.000,-1,-1,-1,-1,725.000,875.000,-1,-1,2,0,2,0,2,0,0,0,0,2,2,2,2,0,0,2,2
10,1940.244,3657.123,268.847,7.924,0.990351,-0.137854,-0.014153,0.137701,0.990410,-0.011287,0.015573,0.009230,0.999836,0,0.73767,-0.20719,44.260,-0.414,-1,375.000,-1,400.000,-1,325.000,325.000,300.000,325.000,-1,-1,-1,-1,725.000,875.000,-1,-1,2,0,2,0,2,0,0,0,0,2,2,2,2,0,0,2,2
11,1984.125,3662.908,269.683,7.510,0.991340,-0.130683,-0.012920,0.130501,0.991348,-0.014076,0.014648,0.012268,0.999817,0,0.73767,-0.20719,44.260,-0.414,-1,375.000,-1,400.000,-1,325.000,325.000,300.000,325.000,-1,-1,-1,-1,725.000,850.000,-1,-1,2,0,2,0,2,0,0,0,0,2,2,2,2,0,0,2,2
12,2028.046,3668.376,270.230,7.095,0.992265,-0.123507,-0.012502,0.123306,0.992244,-0.015749,0.014350,0.014085,0.999798,0,0.73767,-0.20719,44.260,-0.414,-1,375.000,-1,400.000,-1,325.000,325.000,300.000,325.000,-1,-1,-1,-1,725.000,850.000,-1,-1,2,0,2,0,2,0,0,0,0,2,2,2,2,0,0,2,2
13,2072.006,3673.525,270.678,6.681,0.993137,-0.116326,-0.012123,0.116113,0.993091,-0.016979,0.014015,0.015455,0.999782,0,0.73767,-0.20719,44.260,-0.414,-1,375.000,-1,400.000,-1,325.000,325.000,300.000,325.000,-1,-1,-1,-1,725.000,875.000,-1,-1,2,0,2,0,2,0,0,0,0,2,2,2,2,0,0,2,2
14,2116.001,3678.357,271.136,6.267,0.993957,-0.109138,-0.011726,0.108915,0.993884,-0.018215,0.013642,0.016827,0.999765,0,0.73767,-0.20719,44.260,-0.414,-1,375.000,-1,400.000,-1,325.000,325.000,300.000,325.000,-1,-1,-1,-1,750.000,875.000,-1,-1,2,0,2,0,2,0,0,0,0,2,2,2,2,0,0,2,2
15,2160.031,3682.870,271.602,5.852,0.994726,-0.101945,-0.011309,0.101713,0.994623,-0.019456,0.013232,0.018203,0.999747,0,0.73767,-0.20719,44.260,-0.414,-1,375.000,-1,400.000,-1,325.000,325.000,300.000,325.000,-1,-1,-1,-1,750.000,875.000,-1,-1,2,0,2,0,2,0,0,0,0,2,2,2,2,0,0,2,2
16,2204.092,3687.064,272.075,5.438,0.995442,-0.094747,-0.010874,0.094508,0.995309,-0.020705,0.012785,0.019583,0.999726,0,0.73767,-0.20719,44.260,-0.414,-1,375.000,-1,400.000,-1,325.000,325.000,300.000,325.000,-1,-1,-1,-1,750.000,875.000,-1,-1,2,0,2,0,2,0,0,0,0,2,2,2,2,0,0,2,2
17,2252.973,3691.251,272.600,4.895,0.996300,-0.085316,-0.010361,0.085072,0.996130,-0.022105,0.012206,0.021142,0.999702,0,0.81767,-0.27124,49.060,-0.542,-1,375.000,-1,400.000,-1,325.000,325.000,300.000,325.000,-1,-1,-1,-1,750.000,875.000,-1,-1,2,0,2,0,2,0,0,0,0,2,2,2,2,0,0,2,2
18,2306.678,3695.340,273.182,4.353,0.997069,-0.075878,-0.009774,0.075630,0.996855,-0.023657,0.011538,0.022848,0.999672,0,0.89767,-0.27124,53.860,-0.542,-1,375.000,-1,400.000,-1,325.000,325.000,300.000,325.000,-1,-1,-1,-1,750.000,875.000,-1,-1,2,0,2,0,2,0,0,0,0,2,2,2,2,0,0,2,2
19,2365.208,3699.239,273.820,3.810,0.997749,-0.066434,-0.009110,0.066185,0.997485,-0.025364,0.010772,0.024704,0.999637,0,0.97767,-0.27124,58.660,-0.542,-1,375.000,-1,400.000,-1,325.000,325.000,300.000,325.000,-1,-1,-1,-1,750.000,875.000,-1,-1,2,0,2,0,2,0,0,0,0,2,2,2,2,0,0,2,2
20,2424.452,3702.622,274.465,3.268,0.998340,-0.056984,-0.008411,0.056738,0.998021,-0.027111,0.009939,0.026589,0.999597,0,0.98901,-0.27124,59.341,-0.542,-1,400.000,-1,400.000,-1,325.000,325.000,300.000,325.000,-1,-1,-1,-1,775.000,875.000,-1,-1,2,0,2,0,2,0,0,0,0,2,2,2,2,0,0,2,2
21,2483.726,3705.444,275.106,2.725,0.998840,-0.047530,-0.007684,0.047290,0.998464,-0.028881,0.009045,0.028484,0.999553,0,0.98901,-0.27124,59.341,-0.542,-1,400.000,-1,400.000,-1,325.000,325.000,300.000,325.000,-1,-1,-1,-1,775.000,900.000,-1,-1,2,0,2,0,2,0,0,0,0,2,2,2,2,0,0,2,2
22,2543.024,3707.705,275.741,2.183,0.999251,-0.038073,-0.006932,0.037843,0.998813,-0.030676,0.008092,0.030391,0.999505,0,0.98901,-0.27124,59.341,-0.542,-1,400.000,-1,425.000,-1,325.000,325.000,300.000,325.000,-1,-1,-1,-1,775.000,900.000,-1,-1,2,0,2,0,2,0,0,0,0,2,2,2,2,0,0,2,2
23,2602.341,3709.405,276.365,1.640,0.999572,-0.028613,-0.006155,0.028398,0.999068,-0.032498,0.007080,0.032309,0.999453,0,0.98901,-0.27124,59.341,-0.542,-1,400.000,-1,425.000,-1,325.000,325.000,300.000,325.000,-1,-1,-1,-1,800.000,925.000,-1,-1,2,0,2,0,2,0,0,0,0,2,2,2,2,0,0,2,2
24,2661.670,3710.542,276.517,1.098,0.999803,-0.019151,-0.005124,0.018965,0.999233,-0.034267,0.005776,0.034163,0.999400,0,0.98901,-0.27124,59.341,-0.542,-1,400.000,-1,425.000,-1,325.000,325.000,300.000,325.000,-1,-1,-1,-1,800.000,925.000,-1,-1,2,0,2,0,2,0,0,0,0,2,2,2,2,0,0,2,2
25,2721.009,3711.118,276.389,0.556,0.999946,-0.009689,-0.003624,0.009555,0.999323,-0.035529,0.003965,0.035492,0.999362,0,0.98901,-0.27124,59.341,-0.542,-1,400.000,-1,425.000,-1,325.000,325.000,300.000,325.000,-1,-1,-1,-1,825.000,925.000,-1,-1,2,0,2,0,2,0,0,0,0,2,2,2,2,0,0,2,2
26,2780.349,3711.132,276.242,0.013,0.999998,-0.000227,-0.002108,0.000150,0.999321,-0.036835,0.002115,0.036834,0.999319,0,0.98901,-0.27124,59.341,-0.542,-1,400.000,-1,425.000,-1,325.000,325.000,300.000,325.000,-1,-1,-1,-1,825.000,925.000,-1,-1,2,0,2,0,2,0,0,0,0,2,2,2,2,0,0,2,2
27,2839.688,3710.584,276.075,-0.529,0.999957,0.009233,-0.000580,-0.009249,0.999228,-0.038184,0.000227,0.038188,0.999271,0,0.98901,-0.27124,59.341,-0.542,-1,400.000,-1,400.000,-1,325.000,325.000,300.000,325.000,-1,-1,-1,-1,825.000,925.000,-1,-1,2,0,2,0,2,0,0,0,0,2,2,2,2,0,0,2,2
28,2899.018,3709.475,275.886,-1.072,0.999825,0.018693,0.000955,-0.018640,0.999043,-0.039574,-0.001694,0.039549,0.999216,0,0.98901,-0.27124,59.341,-0.542,-1,400.000,-1,400.000,-1,325.000,325.000,300.000,325.000,-1,-1,-1,-1,850.000,925.000,-1,-1,2,0,2,0,2,0,0,0,0,2,2,2,2,0,0,2,2
29,2958.336,3707.803,275.671,-1.614,0.999601,0.028149,0.002495,-0.028023,0.998766,-0.041004,-0.003647,0.040917,0.999156,0,0.98901,-0.27124,59.341,-0.542,-1,400.000,-1,400.000,-1,325.000,325.000,300.000,325.000,-1,-1,-1,-1,850.000,925.000,-1,-1,2,0,2,0,2,0,0,0,0,2,2,2,2,0,0,2,2
30,3017.635,3705.570,275.431,-2.157,0.999285,0.037602,0.004037,-0.037397,0.998398,-0.042470,-0.005627,0.042289,0.999090,0,0.98901,-0.27124,59.341,-0.542,-1,400.000,-1,425.000,-1,325.000,325.000,300.000,325.000,-1,-1,-1,-1,875.000,925.000,-1,-1,2,0,2,0,2,0,0,0,0,2,2,2,2,0,0,2,2
31,3076.910,3702.776,275.161,-2.699,0.998877,0.047050,0.005575,-0.046760,0.997938,-0.043972,-0.007633,0.043662,0.999017,0,0.98901,-0.27124,59.341,-0.542,-1,400.000,-1,425.000,-1,325.000,325.000,300.000,325.000,-1,-1,-1,-1,875.000,925.000,-1,-1,2,0,2,0,2,0,0,0,0,2,2,2,2,0,0,2,2
32,3136.156,3699.421,274.861,-3.242,0.998378,0.056492,0.007108,-0.056112,0.997387,-0.045507,-0.009660,0.045034,0.998939,0,0.98901,-0.27124,59.341,-0.542,-1,400.000,-1,425.000,-1,325.000,325.000,300.000,325.000,-1,-1,-1,-1,875.000,925.000,-1,-1,2,0,2,0,2,0,0,0,0,2,2,2,2,0,0,2,2
33,3195.368,3695.505,274.527,-3.784,0.997787,0.065929,0.008631,-0.065453,0.996745,-0.047072,-0.011707,0.046403,0.998854,0,0.98901,-0.27124,59.341,-0.542,-1,425.000,-1,425.000,-1,325.000,325.000,300.000,325.000,-1,-1,-1,-1,900.000,950.000,-1,-1,2,0,2,0,2,0,0,0,0,2,2,2,2,0,0,2,2
34,3254.540,3691.029,274.139,-4.327,0.997105,0.075358,0.010087,-0.074785,0.996015,-0.048584,-0.013708,0.047689,0.998768,0,0.98901,-0.27124,59.341,-0.542,-1,425.000,-1,425.000,-1,350.000,350.000,300.000,325.000,-1,-1,-1,-1,950.000,950.000,-1,-1,2,0,2,0,2,0,0,0,0,2,2,2,2,0,0,2,2
35,3313.763,3685.980,272.867,-4.872,0.996320,0.084833,0.012281,-0.084157,0.995304,-0.047832,-0.016281,0.046623,0.998780,0,0.99064,-0.27249,59.438,-0.545,-1,425.000,-1,425.000,-1,350.000,350.000,300.000,325.000,-1,-1,-1,-1,950.000,950.000,-1,-1,2,0,2,0,2,0,0,0,0,2,2,2,2,0,0,2,2
36,3373.105,3680.348,271.014,-5.421,0.995419,0.094372,0.015323,-0.093528,0.994427,-0.048658,-0.019830,0.047002,0.998698,0,0.99346,-0.27472,59.608,-0.549,-1,425.000,-1,425.000,-1,350.000,350.000,300.000,300.000,-1,-1,-1,-1,950.000,925.000,-1,-1,2,0,2,0,2,0,0,0,0,2,2,2,2,0,0,2,2
37,3432.555,3674.126,269.126,-5.975,0.994410,0.103980,0.018355,-0.102966,0.993451,-0.049527,-0.023384,0.047360,0.998604,0,0.99624,-0.27699,59.774,-0.554,-1,425.000,-1,425.000,-1,325.000,350.000,300.000,300.000,-1,-1,-1,-1,925.000,925.000,-1,-1,2,0,2,0,2,0,0,0,0,2,2,2,2,0,0,2,2
38,3492.104,3667.305,267.202,-6.534,0.993290,0.113659,0.021374,-0.112469,0.992374,-0.050434,-0.026943,0.047692,0.998499,0,0.99898,-0.27931,59.939,-0.559,-1,425.000,-1,425.000,-1,325.000,325.000,300.000,300.000,-1,-1,-1,-1,925.000,900.000,-1,-1,2,0,2,0,2,0,0,0,0,2,2,2,2,0,0,2,2
39,3551.645,3659.892,265.243,-7.097,0.992057,0.123409,0.024372,-0.122040,0.991195,-0.051374,-0.030497,0.047991,0.998382,0,1.00000,-0.28169,60.000,-0.563,-1,400.000,-1,425.000,-1,325.000,325.000,300.000,300.000,-1,-1,-1,-1,925.000,900.000,-1,-1,2,0,2,0,2,0,0,0,0,2,2,2,2,0,0,2,2
40,3611.109,3651.888,263.252,-7.665,0.990708,0.133232,0.027345,-0.131680,0.989910,-0.052341,-0.034043,0.048254,0.998255,0,1.00000,-0.28412,60.000,-0.568,-1,425.000,-1,400.000,-1,325.000,325.000,300.000,300.000,-1,-1,-1,-1,925.000,875.000,-1,-1,2,0,2,0,2,0,0,0,0,2,2,2,2,0,0,2,2
41,3670.490,3643.290,261.227,-8.239,0.989241,0.143127,0.030291,-0.141389,0.988517,-0.053331,-0.037576,0.048475,0.998117,0,1.00000,-0.28661,60.000,-0.573,-1,425.000,-1,400.000,1000.000,325.000,325.000,300.000,300.000,-1,-1,-1,-1,925.000,875.000,-1,-1,2,0,2,0,1,0,0,0,0,2,2,2,2,0,0,2,2
42,3729.782,3634.093,259.168,-8.817,0.987653,0.153096,0.033208,-0.151170,0.987013,-0.054340,-0.041096,0.048649,0.997970,0,1.00000,-0.28917,60.000,-0.578,-1,425.000,-1,400.000,950.000,325.000,325.000,300.000,300.000,-1,-1,-1,-1,925.000,850.000,-1,-1,2,0,2,0,1,0,0,0,0,2,2,2,2,0,0,2,2
43,3788.976,3624.292,257.074,-9.401,0.985942,0.163140,0.036095,-0.161023,0.985397,-0.055363,-0.044600,0.048773,0.997814,0,1.00000,-0.29179,60.000,-0.584,-1,425.000,-1,400.000,900.000,325.000,325.000,300.000,300.000,-1,-1,-1,-1,925.000,850.000,-1,-1,2,0,2,0,1,0,0,0,0,2,2,2,2,0,0,2,2
44,3843.380,3614.949,255.123,-9.744,0.984848,0.169045,0.038716,-0.166754,0.984391,-0.056280,-0.047625,0.048971,0.997664,0,0.92000,-0.17179,55.200,-0.344,-1,425.000,-1,400.000,850.000,350.000,325.000,300.000,300.000,-1,-1,-1,-1,900.000,850.000,-1,-1,2,0,2,0,1,0,0,0,0,2,2,2,2,0,0,2,2
45,3893.038,3606.329,253.192,-9.848,0.984458,0.170826,0.040747,-0.168427,0.984097,-0.056447,-0.049742,0.048707,0.997574,0,0.84000,-0.05179,50.400,-0.104,-1,425.000,-1,400.000,825.000,350.000,325.000,300.000,300.000,-1,-1,-1,-1,900.000,825.000,-1,-1,2,0,2,0,1,0,0,0,0,2,2,2,2,0,0,2,2
46,3937.985,3598.636,250.927,-9.711,0.984763,0.168501,0.043009,-0.166094,0.984604,-0.054481,-0.051527,0.046507,0.997588,0,0.76000,0.06821,45.600,0.136,-1,425.000,-1,425.000,800.000,350.000,325.000,300.000,300.000,-1,-1,-1,-1,900.000,825.000,-1,-1,2,0,2,0,1,0,0,0,0,2,2,2,2,0,0,2,2
47,3978.244,3592.017,248.785,-9.335,0.985772,0.162039,0.044693,-0.159634,0.985754,-0.052977,-0.052640,0.045088,0.997595,0,0.68000,0.18821,40.800,0.376,-1,425.000,-1,425.000,775.000,350.000,325.000,300.000,300.000,-1,-1,-1,-1,875.000,825.000,-1,-1,2,0,2,0,1,0,0,0,0,2,2,2,2,0,0,2,2
48,4013.828,3586.561,246.517,-8.718,0.987397,0.151421,0.046029,-0.148947,0.987417,-0.053135,-0.053495,0.045610,0.997526,0,0.60000,0.30821,36.000,0.616,-1,425.000,-1,400.000,775.000,350.000,325.000,300.000,300.000,-1,-1,-1,-1,875.000,825.000,-1,-1,2,0,2,0,1,0,0,0,0,2,2,2,2,0,0,2,2
49,4044.735,3582.293,244.547,-7.862,0.989494,0.136640,0.047226,-0.134095,0.989528,-0.053408,-0.054029,0.046514,0.997455,0,0.52000,0.42821,31.200,0.856,-1,425.000,-1,400.000,775.000,350.000,325.000,300.000,300.000,-1,-1,-1,-1,875.000,825.000,-1,-1,2,0,2,0,1,0,0,0,0,2,2,2,2,0,0,2,2
50,4070.951,3579.184,242.903,-6.766,0.991881,0.117674,0.048222,-0.115067,0.991906,-0.053679,-0.054148,0.047694,0.997393,0,0.44000,0.54821,26.400,1.096,-1,425.000,-1,400.000,775.000,350.000,325.000,300.000,300.000,-1,-1,-1,-1,875.000,825.000,-1,-1,2,0,2,0,1,0,0,0,0,2,2,2,2,0,0,2,2
51,4092.454,3577.141,241.582,-5.429,0.994317,0.094501,0.049020,-0.091840,0.994311,-0.053954,-0.053840,0.049146,0.997339,0,0.36000,0.66821,21.600,1.336,-1,425.000,-1,400.000,800.000,350.000,325.000,300.000,300.000,-1,-1,-1,-1,850.000,825.000,-1,-1,2,0,2,0,1,0,0,0,0,2,2,2,2,0,0,2,2
52,4109.216,3576.013,240.576,-3.853,0.996511,0.067106,0.049627,-0.064400,0.996449,-0.054243,-0.053091,0.050858,0.997294,0,0.28000,0.78821,16.800,1.576,-1,425.000,-1,400.000,850.000,350.000,325.000,300.000,300.000,-1,-1,-1,-1,850.000,825.000,-1,-1,2,0,2,0,1,0,0,0,0,2,2,2,2,0,0,2,2
53,4121.208,3575.588,239.878,-2.036,0.998116,0.035484,0.050047,-0.032743,0.997974,-0.054558,-0.051881,0.052816,0.997256,0,0.20000,0.90821,12.000,1.816,-1,425.000,-1,400.000,900.000,350.000,325.000,300.000,300.000,-1,-1,-1,-1,850.000,825.000,-1,-1,2,0,2,0,1,0,0,0,0,2,2,2,2,0,0,2,2
54,4128.407,3575.572,239.473,-0.135,0.998732,0.002348,0.050291,0.000416,0.998493,-0.054883,-0.050344,0.054834,0.997225,0,0.12000,0.95081,7.200,1.902,-1,425.000,-1,400.000,975.000,350.000,325.000,300.000,300.000,-1,-1,-1,-1,850.000,825.000,-1,-1,2,0,2,0,1,0,0,0,0,2,2,2,2,0,0,2,2
55,4130.806,3575.648,239.345,1.763,0.998259,-0.030708,0.050363,0.033483,0.997913,-0.055218,-0.048563,0.056808,0.997203,0,0.04000,0.94865,2.400,1.897,-1,425.000,-1,400.000,-1,350.000,325.000,300.000,300.000,-1,-1,-1,-1,825.000,825.000,-1,-1,2,0,2,0,2,0,0,0,0,2,2,2,2,0,0,2,2
56,4128.410,3575.496,239.477,3.656,0.996705,-0.063659,0.050263,0.066433,0.996242,-0.055579,-0.046536,0.058735,0.997188,0,-0.04000,0.94682,-2.400,1.894,-1,425.000,-1,425.000,-1,325.000,325.000,300.000,300.000,-1,-1,-1,-1,825.000,825.000,-1,-1,2,0,2,0,2,0,0,0,0,2,2,2,2,0,0,2,2
57,4123.389,3575.010,239.742,5.547,0.994074,-0.096481,0.050082,0.099244,0.993488,-0.055966,-0.044356,0.060605,0.997176,0,-0.08406,0.94530,-5.044,1.891,-1,425.000,-1,425.000,-1,325.000,350.000,300.000,300.000,-1,-1,-1,-1,825.000,825.000,-1,-1,2,0,2,0,2,0,0,0,0,2,2,2,2,0,0,2,2
58,4118.302,3574.348,240.005,7.435,0.990368,-0.129145,0.049926,0.131894,0.989660,-0.056365,-0.042130,0.062407,0.997161,0,-0.08548,0.94396,-5.129,1.888,-1,425.000,-1,425.000,-1,325.000,350.000,300.000,300.000,-1,-1,-1,-1,825.000,850.000,-1,-1,2,0,2,0,2,0,0,0,0,2,2,2,2,0,0,2,2
59,4113.157,3573.505,240.267,9.320,0.985597,-0.161615,0.049796,0.164347,0.984767,-0.056773,-0.039862,0.064140,0.997144,0,-0.08689,0.94264,-5.213,1.885,-1,425.000,-1,425.000,-1,325.000,350.000,300.000,300.000,-1,-1,-1,-1,825.000,850.000,-1,-1,2,0,2,0,2,0,0,0,0,2,2,2,2,0,0,2,2
60,4107.958,3572.477,240.526,11.203,0.979770,-0.193858,0.049692,0.196571,0.978820,-0.057190,-0.037553,0.065801,0.997126,0,-0.08830,0.94131,-5.298,1.883,-1,425.000,-1,425.000,-1,325.000,350.000,300.000,300.000,-1,-1,-1,-1,825.000,850.000,-1,-1,2,0,2,0,2,0,0,0,0,2,2,2,2,0,0,2,2
61,4102.714,3571.260,240.783,13.083,0.972900,-0.225841,0.049615,0.228531,0.971830,-0.057613,-0.035206,0.067390,0.997105,0,-0.08972,0.94000,-5.383,1.880,-1,400.000,-1,425.000,-1,325.000,350.000,300.000,300.000,-1,-1,-1,-1,825.000,850.000,-1,-1,2,0,2,0,2,0,0,0,0,2,2,2,2,0,0,2,2
62,4097.430,3569.850,241.036,14.961,0.964994,-0.257544,0.049565,0.260208,0.963807,-0.058039,-0.032823,0.068905,0.997083,0,-0.09113,0.93907,-5.468,1.878,-1,400.000,-1,425.000,-1,325.000,350.000,300.000,300.000,-1,-1,-1,-1,825.000,875.000,-1,-1,2,0,2,0,2,0,0,0,0,2,2,2,2,0,0,2,2
63,4092.114,3568.243,241.286,16.839,0.956056,-0.288969,0.049541,0.291605,0.954750,-0.058469,-0.030404,0.070346,0.997059,0,-0.09254,0.93922,-5.553,1.878,-1,400.000,-1,425.000,-1,325.000,350.000,300.000,300.000,-1,-1,-1,-1,825.000,875.000,-1,-1,2,0,2,0,2,0,0,0,0,2,2,2,2,0,0,2,2
64,4086.773,3566.435,241.532,18.718,0.946093,-0.320083,0.049544,0.322687,0.944671,-0.058900,-0.027950,0.071712,0.997034,0,-0.09396,0.93936,-5.637,1.879,-1,400.000,-1,425.000,-1,325.000,350.000,300.000,300.000,-1,-1,-1,-1,825.000,875.000,-1,-1,2,0,2,0,2,0,0,0,0,2,2,2,2,0,0,2,2
65,4081.415,3564.423,241.772,20.597,0.935118,-0.350852,0.049573,0.353421,0.933581,-0.059330,-0.025464,0.073001,0.997007,0,-0.09537,0.93948,-5.722,1.879,-1,400.000,-1,425.000,-1,325.000,350.000,300.000,300.000,-1,-1,-1,-1,825.000,875.000,-1,-1,2,0,2,0,2,0,0,0,0,2,2,2,2,0,0,2,2
66,4076.048,3562.204,242.007,22.476,0.923141,-0.381244,0.049628,0.383775,0.921491,-0.059758,-0.022950,0.074211,0.996978,0,-0.09678,0.93960,-5.807,1.879,-1,400.000,-1,425.000,-1,325.000,350.000,300.000,300.000,-1,-1,-1,-1,825.000,875.000,-1,-1,2,0,2,0,2,0,0,0,0,2,2,2,2,0,0,2,2
67,4070.679,3559.775,242.181,24.355,0.910171,-0.411232,0.049780,0.413722,0.908431,-0.059902,-0.020588,0.075116,0.996962,0,-0.09819,0.93970,-5.891,1.879,-1,400.000,-1,425.000,-1,325.000,325.000,325.000,300.000,-1,-1,-1,-1,825.000,875.000,-1,-1,2,0,2,0,2,0,0,0,0,2,2,2,2,0,0,2,2
68,4069.697,3559.297,242.185,25.995,0.898049,-0.437033,0.050096,0.439494,0.896254,-0.059773,-0.018776,0.075696,0.996954,0,-0.01819,0.81970,-1.091,1.639,-1,400.000,-1,425.000,-1,325.000,325.000,325.000,300.000,-1,-1,-1,-1,825.000,875.000,-1,-1,2,0,2,0,2,0,0,0,0,2,2,2,2,0,0,2,2
69,4072.988,3561.004,242.098,27.394,0.887119,-0.458772,0.050484,0.461216,0.885277,-0.059696,-0.017305,0.076242,0.996939,0,0.06181,0.69970,3.709,1.399,-1,400.000,-1,425.000,-1,325.000,325.000,325.000,300.000,-1,-1,-1,-1,825.000,875.000,-1,-1,2,0,2,0,2,0,0,0,0,2,2,2,2,0,0,2,2
70,4080.461,3565.071,241.933,28.554,0.877659,-0.476571,0.050950,0.479013,0.875777,-0.059675,-0.016181,0.076780,0.996917,0,0.14181,0.57970,8.509,1.159,-1,400.000,-1,425.000,-1,325.000,325.000,325.000,300.000,-1,-1,-1,-1,825.000,850.000,-1,-1,2,0,2,0,2,0,0,0,0,2,2,2,2,0,0,2,2
71,4092.046,3571.619,241.699,29.473,0.869895,-0.490541,0.051501,0.492996,0.867980,-0.059715,-0.015409,0.077336,0.996886,0,0.22181,0.45970,13.309,0.919,-1,400.000,-1,425.000,-1,325.000,325.000,325.000,300.000,-1,-1,-1,-1,825.000,850.000,-1,-1,2,0,2,0,2,0,0,0,0,2,2,2,2,0,0,2,2
72,4107.704,3580.715,241.400,30.152,0.864006,-0.500775,0.052143,0.503259,0.862062,-0.059829,-0.014990,0.077934,0.996846,0,0.30181,0.33970,18.109,0.679,-1,400.000,-1,425.000,-1,325.000,325.000,325.000,300.000,-1,-1,-1,-1,825.000,850.000,-1,-1,2,0,2,0,2,0,0,0,0,2,2,2,2,0,0,2,2
73,4127.423,3592.374,240.993,30.592,0.860113,-0.507351,0.052918,0.509881,0.858163,-0.059810,-0.015067,0.078425,0.996806,0,0.38181,0.21970,22.909,0.439,-1,400.000,-1,425.000,-1,325.000,325.000,325.000,300.000,-1,-1,-1,-1,825.000,850.000,-1,-1,2,0,2,0,2,0,0,0,0,2,2,2,2,0,0,2,2
74,4151.226,3606.559,240.408,30.791,0.858290,-0.510329,0.053880,0.512920,0.856384,-0.059325,-0.015866,0.078554,0.996784,0,0.46181,0.09970,27.709,0.199,-1,400.000,-1,425.000,-1,325.000,325.000,325.000,300.000,-1,-1,-1,-1,800.000,825.000,-1,-1,2,0,2,0,2,0,0,0,0,2,2,2,2,0,0,2,2
75,4179.164,3623.180,239.708,30.751,0.858582,-0.509719,0.054990,0.512390,0.856740,-0.058763,-0.017160,0.078629,0.996756,0,0.54181,-0.02030,32.509,-0.041,-1,400.000,-1,400.000,-1,325.000,325.000,300.000,300.000,-1,-1,-1,-1,800.000,825.000,-1,-1,2,0,2,0,2,0,0,0,0,2,2,2,2,0,0,2,2
76,4211.320,3642.099,238.879,30.470,0.860981,-0.505516,0.056271,0.508285,0.859224,-0.058150,-0.018953,0.078668,0.996721,0,0.62181,-0.14030,37.309,-0.281,-1,400.000,-1,400.000,-1,325.000,325.000,300.000,300.000,-1,-1,-1,-1,800.000,825.000,-1,-1,2,0,2,0,2,0,0,0,0,2,2,2,2,0,0,2,2
77,4247.807,3663.120,237.927,29.949,0.865437,-0.497690,0.057649,0.500570,0.863786,-0.057480,-0.021189,0.078603,0.996681,0,0.70181,-0.26030,42.109,-0.521,-1,400.000,-1,400.000,-1,325.000,325.000,300.000,300.000,-1,-1,-1,-1,775.000,800.000,-1,-1,2,0,2,0,2,0,0,0,0,2,2,2,2,0,0,2,2
78,4288.759,3685.997,236.866,29.189,0.871858,-0.486191,0.059006,0.489181,0.870336,-0.056727,-0.023775,0.078322,0.996645,0,0.78181,-0.38030,46.909,-0.761,-1,400.000,-1,400.000,-1,325.000,325.000,300.000,300.000,-1,-1,-1,-1,775.000,800.000,-1,-1,2,0,2,0,2,0,0,0,0,2,2,2,2,0,0,2,2
79,4334.337,3710.422,235.627,28.188,0.880089,-0.470930,0.060566,0.474049,0.878716,-0.056001,-0.026848,0.077998,0.996592,0,0.86181,-0.50030,51.709,-1.001,-1,400.000,-1,400.000,-1,325.000,325.000,300.000,300.000,-1,-1,-1,-1,750.000,800.000,-1,-1,2,0,2,0,2,0,0,0,0,2,2,2,2,0,0,2,2
80,4384.711,3736.030,234.181,26.948,0.889934,-0.451807,0.062356,0.455075,0.888731,-0.055346,-0.030412,0.077631,0.996518,0,0.94181,-0.62030,56.509,-1.241,-1,400.000,-1,400.000,-1,325.000,325.000,300.000,300.000,-1,-1,-1,-1,750.000,775.000,-1,-1,2,0,2,0,2,0,0,0,0,2,2,2,2,0,0,2,2
81,4435.760,3760.342,232.622,25.467,0.901156,-0.428707,0.064249,0.432135,0.900139,-0.054862,-0.034313,0.077204,0.996425,0,0.94237,-0.74030,56.542,-1.481,-1,400.000,-1,400.000,-1,325.000,325.000,300.000,300.000,-1,-1,-1,-1,725.000,775.000,-1,-1,2,0,2,0,2,0,0,0,0,2,2,2,2,0,0,2,2
82,4487.492,3783.099,230.730,23.746,0.913487,-0.401479,0.066001,0.405094,0.912588,-0.055506,-0.037947,0.077441,0.996275,0,0.94191,-0.86030,56.515,-1.721,-1,375.000,-1,400.000,-1,325.000,325.000,300.000,300.000,-1,-1,-1,-1,725.000,775.000,-1,-1,2,0,2,0,2,0,0,0,0,2,2,2,2,0,0,2,2
83,4539.958,3804.069,228.621,21.786,0.926559,-0.370011,0.067674,0.373833,0.925761,-0.056698,-0.041671,0.077833,0.996095,0,0.94168,-0.98030,56.501,-1.961,-1,375.000,-1,400.000,-1,325.000,325.000,300.000,300.000,-1,-1,-1,-1,725.000,750.000,-1,-1,2,0,2,0,2,0,0,0,0,2,2,2,2,0,0,2,2
84,4593.123,3823.194,226.381,19.786,0.938785,-0.337468,0.069272,0.341501,0.938086,-0.058063,-0.045389,0.078165,0.995907,0,0.94165,-1.00000,56.499,-2.000,-1,375.000,-1,400.000,-1,325.000,325.000,300.000,300.000,-1,-1,-1,-1,700.000,750.000,-1,-1,2,0,2,0,2,0,0,0,0,2,2,2,2,0,0,2,2
85,4646.924,3840.452,223.999,17.786,0.949870,-0.304515,0.070834,0.308768,0.949267,-0.059625,-0.049084,0.078507,0.995704,0,0.94166,-1.00000,56.500,-2.000,-1,375.000,-1,400.000,-1,325.000,325.000,300.000,300.000,-1,-1,-1,-1,700.000,725.000,-1,-1,2,0,2,0,2,0,0,0,0,2,2,2,2,0,0,2,2
86,4701.296,3855.822,221.127,15.786,0.959922,-0.271223,0.070627,0.275520,0.959394,-0.060429,-0.051369,0.077466,0.995671,0,0.94168,-1.00000,56.501,-2.000,-1,375.000,-1,400.000,-1,325.000,325.000,300.000,300.000,-1,-1,-1,-1,700.000,725.000,-1,-1,2,0,2,0,2,0,0,0,0,2,2,2,2,0,0,2,2
87,4756.172,3869.285,218.176,13.786,0.968835,-0.237590,0.070068,0.241926,0.968334,-0.061654,-0.053200,0.076684,0.995635,0,0.94171,-1.00000,56.503,-2.000,-1,375.000,-1,400.000,-1,325.000,325.000,325.000,300.000,-1,-1,-1,-1,700.000,725.000,-1,-1,2,0,2,0,2,0,0,0,0,2,2,2,2,0,0,2,2
88,4811.488,3880.826,215.076,11.786,0.976574,-0.203664,0.069453,0.208037,0.976097,-0.062894,-0.054984,0.075869,0.995601,0,0.94175,-1.00000,56.505,-2.000,-1,375.000,-1,400.000,-1,325.000,325.000,325.000,300.000,-1,-1,-1,-1,700.000,725.000,-1,-1,2,0,2,0,2,0,0,0,0,2,2,2,2,0,0,2,2
89,4867.174,3890.429,211.827,9.786,0.983129,-0.169485,0.068792,0.173894,0.982674,-0.064132,-0.056730,0.075013,0.995568,0,0.94180,-1.00000,56.508,-2.000,-1,375.000,-1,400.000,-1,325.000,325.000,325.000,300.000,-1,-1,-1,-1,675.000,700.000,-1,-1,2,0,2,0,2,0,0,0,0,2,2,2,2,0,0,2,2
90,4923.166,3898.083,208.448,7.786,0.988487,-0.135097,0.068135,0.139539,0.988062,-0.065287,-0.058501,0.074043,0.995538,0,0.94185,-1.00000,56.511,-2.000,-1,375.000,-1,400.000,-1,325.000,325.000,325.000,300.000,-1,-1,-1,-1,675.000,700.000,-1,-1,2,0,2,0,2,0,0,0,0,2,2,2,2,0,0,2,2
91,4979.394,3903.779,204.972,5.786,0.992634,-0.100541,0.067590,0.105012,0.992264,-0.066214,-0.060410,0.072824,0.995514,0,0.94191,-1.00000,56.515,-2.000,-1,375.000,-1,400.000,-1,325.000,325.000,325.000,300.000,-1,-1,-1,-1,675.000,700.000,-1,-1,2,0,2,0,2,0,0,0,0,2,2,2,2,0,0,2,2
92,5035.790,3907.510,201.352,3.786,0.995573,-0.065856,0.067058,0.070356,0.995262,-0.067103,-0.062321,0.071523,0.995490,0,0.94198,-1.00000,56.519,-2.000,-1,375.000,-1,375.000,-1,325.000,325.000,325.000,300.000,-1,-1,-1,-1,650.000,700.000,-1,1000.000,2,0,2,0,2,0,0,0,0,2,2,2,2,0,0,2,1
93,5092.287,3909.269,197.586,1.786,0.997299,-0.031085,0.066551,0.035612,0.997053,-0.067951,-0.064243,0.070138,0.995466,0,0.94205,-1.00000,56.523,-2.000,-1,375.000,975.000,375.000,-1,300.000,325.000,325.000,275.000,-1,-1,-1,-1,650.000,700.000,975.000,975.000,2,0,1,0,2,0,0,0,0,2,2,2,2,0,0,1,1
94,5148.815,3909.056,193.675,-0.214,0.997807,0.003731,0.066080,0.000823,0.997633,-0.068758,-0.066180,0.068662,0.995443,0,0.94213,-1.00000,56.528,-2.000,975.000,375.000,925.000,375.000,-1,300.000,300.000,300.000,275.000,-1,-1,-1,-1,650.000,700.000,900.000,925.000,1,0,1,0,2,0,0,0,0,2,2,2,2,0,0,1,1
95,5205.306,3906.871,189.618,-2.214,0.997098,0.038550,0.065654,-0.033968,0.997002,-0.069523,-0.068137,0.067091,0.995418,0,0.94221,-1.00000,56.533,-2.000,900.000,350.000,850.000,375.000,975.000,300.000,300.000,300.000,275.000,-1,-1,-1,-1,650.000,675.000,825.000,875.000,1,0,1,0,1,0,0,0,0,2,2,2,2,0,0,1,1
96,5261.692,3902.715,185.721,-4.214,0.995201,0.073323,0.064792,-0.068663,0.995078,-0.071445,-0.069712,0.066653,0.995338,0,0.94230,-1.00000,56.538,-2.000,825.000,350.000,800.000,375.000,950.000,300.000,300.000,300.000,275.000,-1,-1,-1,-1,650.000,675.000,750.000,850.000,1,0,1,0,1,0,0,0,0,2,2,2,2,0,0,1,1
97,5318.868,3896.489,182.264,-6.214,0.992194,0.108010,0.062333,-0.103393,0.991953,-0.073074,-0.069724,0.066059,0.995377,0,0.95855,-1.00000,57.513,-2.000,750.000,375.000,775.000,375.000,900.000,300.000,300.000,300.000,275.000,-1,-1,-1,-1,625.000,675.000,700.000,800.000,1,0,1,0,1,0,0,0,0,2,2,2,2,1,0,1,1
98,5371.071,3889.175,179.119,-7.974,0.988567,0.138435,0.059764,-0.133927,0.988239,-0.073810,-0.069279,0.064962,0.995480,0,0.87855,-0.88000,52.713,-1.760,675.000,375.000,725.000,375.000,875.000,300.000,300.000,325.000,275.000,-1,-1,-1,-1,575.000,650.000,625.000,775.000,1,0,1,0,1,0,0,0,0,2,2,2,2,1,1,1,1
99,5421.495,3880.741,176.112,-9.494,0.984709,0.164616,0.057010,-0.160280,0.984312,-0.073751,-0.068256,0.063486,0.995646,0,0.85207,-0.76000,51.124,-1.520,600.000,375.000,675.000,375.000,850.000,300.000,325.000,325.000,275.000,-1,-1,-1,-1,550.000,625.000,575.000,725.000,1,0,1,0,1,0,0,0,0,2,2,2,2,1,1,1,1
100,5471.938,3871.142,173.012,-10.774,0.980937,0.186578,0.054322,-0.182419,0.980470,-0.073500,-0.066975,0.062189,0.995815,0,0.85580,-0.64000,51.348,-1.280,550.000,375.000,650.000,375.000,825.000,300.000,325.000,300.000,275.000,-1,-1,825.000,-1,500.000,575.000,525.000,700.000,1,0,1,0,1,0,0,0,0,2,2,0,2,1,1,1,1
101,5522.416,3860.582,169.827,-11.814,0.977531,0.204357,0.051687,-0.200379,0.976988,-0.073099,-0.065436,0.061099,0.995984,0,0.85951,-0.52000,51.571,-1.040,500.000,375.000,600.000,375.000,775.000,325.000,325.000,300.000,275.000,-1,875.000,700.000,-1,450.000,550.000,475.000,650.000,1,0,1,0,1,0,0,0,0,2,0,0,2,1,1,1,1
102,5572.959,3849.271,166.569,-12.614,0.974716,0.217990,0.049088,-0.214194,0.974090,-0.072593,-0.063641,0.060244,0.996153,0,0.86322,-0.40000,51.793,-0.800,450.000,375.000,550.000,375.000,750.000,325.000,325.000,300.000,275.000,-1,750.000,625.000,-1,425.000,525.000,425.000,625.000,1,1,1,0,1,0,0,0,0,2,0,0,2,1,1,1,1
103,5623.606,3837.416,163.246,-13.174,0.972665,0.227508,0.046506,-0.223896,0.971948,-0.072029,-0.061589,0.059647,0.996318,0,0.86693,-0.28000,52.016,-0.560,400.000,325.000,500.000,375.000,700.000,325.000,325.000,300.000,300.000,-1,650.000,550.000,-1,375.000,475.000,375.000,575.000,1,1,1,0,1,1,0,0,0,2,0,0,2,1,1,1,1
104,5674.402,3825.226,159.870,-13.494,0.971500,0.232937,0.043921,-0.229510,0.970680,-0.071452,-0.059277,0.059336,0.996477,0,0.87065,-0.16000,52.239,-0.320,325.000,300.000,450.000,350.000,625.000,300.000,325.000,300.000,275.000,-1,575.000,500.000,-1,350.000,425.000,325.000,525.000,1,1,1,1,1,1,1,0,0,2,0,0,2,1,1,1,1
105,5725.399,3812.914,156.450,-13.574,0.971288,0.234292,0.041313,-0.231051,0.970354,-0.070914,-0.056702,0.059332,0.996627,0,0.87438,-0.04000,52.463,-0.080,275.000,275.000,400.000,325.000,575.000,250.000,275.000,300.000,275.000,-1,525.000,450.000,-1,300.000,400.000,275.000,475.000,1,1,1,1,1,1,1,0,0,2,0,0,2,1,1,1,1
106,5776.649,3800.691,152.995,-13.414,0.972048,0.231577,0.038662,-0.228521,0.970985,-0.070465,-0.053859,0.059660,0.996765,0,0.87814,0.08000,52.688,0.160,225.000,225.000,350.000,300.000,500.000,225.000,250.000,300.000,275.000,-1,450.000,375.000,-1,275.000,350.000,225.000,425.000,1,1,1,1,1,1,1,0,0,2,0,0,2,1,1,1,1
107,5828.206,3788.776,149.529,-13.014,0.973744,0.224783,0.035983,-0.221909,0.972536,-0.070223,-0.050780,0.060394,0.996882,0,0.88193,0.20000,52.916,0.400,175.000,200.000,300.000,250.000,425.000,200.000,225.000,300.000,275.000,-1,375.000,350.000,-1,225.000,300.000,175.000,350.000,1,1,1,1,1,1,1,0,0,2,0,0,2,1,1,1,1
108,5880.118,3777.404,150.434,-12.374,0.976758,0.213622,0.017575,-0.211422,0.973692,-0.084992,-0.035269,0.079301,0.996227,0,0.88576,0.32000,53.145,0.640,150.000,175.000,275.000,225.000,350.000,175.000,200.000,325.000,275.000,-1,300.000,225.000,-1,200.000,275.000,150.000,300.000,1,1,1,1,1,1,1,0,0,2,0,0,2,1,1,1,1
109,5932.433,3766.816,155.761,-11.494,0.980071,0.197947,-0.016670,-0.198547,0.973439,-0.113997,-0.006338,0.115035,0.993341,0,0.88962,0.44000,53.377,0.880,150.000,175.000,250.000,200.000,300.000,150.000,175.000,425.000,250.000,-1,225.000,125.000,575.000,200.000,250.000,150.000,250.000,1,1,1,1,1,1,1,0,0,2,0,0,0,1,1,1,1
110,983.904,-5575.422,27.468,-6.566,0.991171,0.114349,-0.067120,-0.114667,0.993404,-0.000901,0.066574,0.008590,0.997745,1,0.00000,0.00000,53.611,1.120,-1,400.000,-1,375.000,-1,325.000,325.000,300.000,300.000,-1,475.000,525.000,-1,900.000,725.000,-1,-1,2,0,2,0,2,0,0,0,0,2,0,0,2,0,0,2,2
111,988.670,-5575.991,27.795,-6.806,0.990684,0.118509,-0.067084,-0.118823,0.992915,-0.000701,0.066526,0.008665,0.997747,0,0.08000,-0.12000,4.800,-0.240,-1,400.000,-1,375.000,-1,325.000,325.000,300.000,300.000,-1,475.000,525.000,-1,900.000,725.000,-1,-1,2,0,2,0,2,0,0,0,0,2,0,0,2,0,0,2,2
112,998.193,-5577.209,28.450,-7.286,0.989659,0.126823,-0.067014,-0.127128,0.991886,-0.000301,0.066432,0.008817,0.997752,0,0.16000,-0.24000,9.600,-0.480,-1,400.000,-1,375.000,-1,325.000,325.000,300.000,300.000,-1,500.000,525.000,-1,900.000,725.000,-1,-1,2,0,2,0,2,0,0,0,0,2,0,0,2,0,0,2,2
113,1012.452,-5579.215,29.432,-8.006,0.987990,0.139277,-0.066913,-0.139570,0.990212,0.000298,0.066299,0.009044,0.997759,0,0.24000,-0.36000,14.400,-0.720,-1,400.000,-1,375.000,-1,325.000,325.000,300.000,300.000,-1,500.000,550.000,-1,900.000,725.000,-1,-1,2,0,2,0,2,0,0,0,0,2,0,0,2,0,0,2,2
114,1031.418,-5582.207,30.739,-8.966,0.985521,0.155847,-0.066784,-0.156123,0.987737,0.001095,0.066135,0.009347,0.997767,0,0.32000,-0.48000,19.200,-0.960,-1,425.000,-1,375.000,-1,325.000,325.000,300.000,300.000,-1,525.000,550.000,-1,900.000,725.000,-1,-1,2,0,2,0,2,0,0,0,0,2,0,0,2,0,0,2,2
115,1055.044,-5586.428,32.371,-10.129,0.982158,0.175856,-0.066632,-0.176111,0.984368,0.002085,0.065957,0.009687,0.997775,0,0.40000,-0.58133,24.000,-1.163,-1,425.000,-1,375.000,-1,325.000,325.000,300.000,300.000,-1,550.000,575.000,-1,900.000,725.000,-1,-1,2,0,2,0,2,0,0,0,0,2,0,0,2,0,0,2,2
116,1083.286,-5592.067,34.325,-11.293,0.978387,0.195808,-0.066464,-0.196029,0.980593,0.003251,0.065810,0.009848,0.997784,0,0.48000,-0.58177,28.800,-1.164,-1,425.000,-1,375.000,-1,325.000,325.000,300.000,300.000,-1,575.000,600.000,-1,900.000,725.000,-1,-1,2,0,2,0,2,0,0,0,0,2,0,0,2,0,0,2,2
117,1116.095,-5599.315,36.604,-12.457,0.974207,0.215701,-0.066281,-0.215876,0.976410,0.004597,0.065709,0.009830,0.997790,0,0.56000,-0.58237,33.600,-1.165,-1,425.000,-1,375.000,-1,325.000,325.000,300.000,300.000,-1,600.000,625.000,-1,900.000,725.000,-1,-1,2,0,2,0,2,0,0,0,0,2,0,0,2,0,0,2,2
118,1153.415,-5608.360,39.215,-13.624,0.969617,0.235532,-0.066082,-0.235649,0.971819,0.006126,0.065663,0.009632,0.997795,0,0.64000,-0.58319,38.400,-1.166,-1,425.000,-1,375.000,-1,325.000,325.000,300.000,300.000,-1,625.000,650.000,-1,900.000,725.000,-1,-1,2,0,2,0,2,0,0,0,0,2,0,0,2,0,0,2,2
119,1195.183,-5619.390,42.166,-14.792,0.964615,0.255302,-0.065864,-0.255349,0.966817,0.007846,0.065681,0.009250,0.997798,0,0.72000,-0.58424,43.200,-1.168,-1,425.000,-1,375.000,-1,325.000,325.000,300.000,300.000,-1,650.000,700.000,-1,900.000,725.000,-1,-1,2,0,2,0,2,0,0,0,0,2,0,0,2,0,0,2,2
120,1241.332,-5632.591,45.445,-15.963,0.959196,0.275010,-0.065666,-0.274967,0.961403,0.009876,0.065848,0.008583,0.997793,0,0.80000,-0.58557,48.000,-1.171,-1,425.000,-1,375.000,-1,325.000,325.000,300.000,300.000,-1,700.000,725.000,-1,900.000,725.000,-1,-1,2,0,2,0,2,0,0,0,0,2,0,0,2,0,0,2,2
121,1291.787,-5648.150,48.828,-17.138,0.953421,0.294662,-0.064519,-0.294452,0.955579,0.012959,0.065472,0.006642,0.997832,0,0.88000,-0.58720,52.800,-1.174,-1,425.000,-1,375.000,-1,325.000,325.000,300.000,300.000,-1,750.000,775.000,-1,900.000,725.000,-1,-1,2,0,2,0,2,0,0,0,0,2,0,0,2,0,0,2,2
122,1346.389,-5666.226,52.497,-18.316,0.947249,0.314255,-0.062947,-0.313849,0.949329,0.016498,0.064942,0.004128,0.997881,0,0.95859,-0.58919,57.515,-1.178,-1,425.000,-1,375.000,-1,325.000,325.000,300.000,325.000,-1,800.000,850.000,-1,875.000,725.000,-1,-1,2,0,2,0,2,0,0,0,0,2,0,0,2,0,0,2,2
123,1400.760,-5685.477,56.145,-19.497,0.940637,0.333761,-0.061690,-0.333178,0.942656,0.019801,0.064761,0.001928,0.997899,0,0.96132,-0.59060,57.679,-1.181,-1,425.000,-1,375.000,-1,325.000,325.000,300.000,325.000,-1,825.000,900.000,-1,875.000,725.000,-1,-1,2,0,2,0,2,0,0,0,0,2,0,0,2,0,0,2,2
124,1454.711,-5705.843,59.584,-20.681,0.933620,0.353158,-0.060279,-0.352474,0.935564,0.021979,0.064157,0.000726,0.997940,0,0.96111,-0.59168,57.667,-1.183,-1,400.000,-1,375.000,-1,325.000,325.000,300.000,325.000,-1,850.000,950.000,-1,875.000,725.000,-1,-1,2,0,2,0,2,0,0,0,0,2,0,0,2,0,0,2,2
125,1508.537,-5727.441,63.104,-21.863,0.926186,0.372393,-0.059176,-0.371654,0.928075,0.023452,0.063653,0.000272,0.997972,0,0.96662,-0.59137,57.997,-1.183,-1,400.000,-1,375.000,-1,325.000,325.000,300.000,325.000,-1,875.000,1000.000,-1,850.000,700.000,-1,-1,2,0,2,0,2,0,0,0,0,2,0,0,2,0,0,2,2
126,1561.922,-5750.147,66.736,-23.041,0.918375,0.391394,-0.058300,-0.390606,0.920223,0.024820,0.063364,-0.000022,0.997991,0,0.96689,-0.58898,58.014,-1.178,-1,400.000,-1,375.000,-1,325.000,325.000,300.000,325.000,-1,900.000,-1,-1,850.000,725.000,-1,-1,2,0,2,0,2,0,0,0,0,2,0,2,2,0,0,2,2
127,1612.994,-5772.864,70.300,-23.979,0.911880,0.406406,-0.057523,-0.405565,0.913693,0.026130,0.063177,-0.000498,0.998002,0,0.93160,-0.46898,55.896,-0.938,-1,400.000,-1,375.000,-1,325.000,300.000,300.000,325.000,-1,925.000,-1,-1,850.000,725.000,-1,-1,2,0,2,0,2,0,0,0,0,2,0,2,2,0,0,2,2
128,1663.780,-5796.199,73.929,-24.677,0.906898,0.417505,-0.056788,-0.416603,0.908674,0.027455,0.063064,-0.001241,0.998009,0,0.93151,-0.34898,55.891,-0.698,-1,400.000,-1,375.000,-1,325.000,300.000,300.000,300.000,-1,950.000,-1,-1,850.000,750.000,-1,-1,2,0,2,0,2,0,0,0,0,2,0,2,2,0,0,2,2
129,1714.368,-5819.934,77.624,-25.135,0.903571,0.424754,-0.056072,-0.423782,0.905306,0.028817,0.063002,-0.002276,0.998011,0,0.93131,-0.22898,55.879,-0.458,-1,400.000,-1,375.000,-1,325.000,300.000,325.000,300.000,-1,1000.000,-1,-1,850.000,750.000,-1,-1,2,0,2,0,2,0,0,0,0,2,0,2,2,0,0,2,2
130,1764.851,-5843.854,81.387,-25.353,0.901990,0.428193,-0.055353,-0.427140,0.903680,0.030235,0.062968,-0.003628,0.998009,0,0.93105,-0.10898,55.863,-0.218,-1,400.000,-1,375.000,-1,325.000,300.000,325.000,300.000,-1,-1,-1,-1,875.000,775.000,-1,-1,2,0,2,0,2,0,0,0,0,2,2,2,2,0,0,2,2
131,1815.327,-5867.748,85.207,-25.331,0.902201,0.427842,-0.054621,-0.426694,0.903837,0.031779,0.062965,-0.005364,0.998001,0,0.93076,0.01102,55.846,0.022,-1,400.000,-1,375.000,-1,325.000,300.000,325.000,300.000,-1,-1,-1,-1,875.000,800.000,-1,-1,2,0,2,0,2,0,0,0,0,2,2,2,2,0,0,2,2
132,1865.895,-5891.403,88.753,-25.069,0.904190,0.423696,-0.054054,-0.422386,0.905767,0.034285,0.063487,-0.008169,0.997949,0,0.93045,0.13102,55.827,0.262,-1,425.000,-1,375.000,-1,325.000,325.000,325.000,300.000,-1,-1,-1,-1,900.000,825.000,-1,-1,2,0,2,0,2,0,0,0,0,2,2,2,2,0,0,2,2
133,1916.652,-5914.606,92.230,-24.567,0.907954,0.415729,-0.052817,-0.414241,0.909413,0.037055,0.063437,-0.011765,0.997917,0,0.93016,0.25102,55.810,0.502,-1,425.000,-1,400.000,-1,325.000,325.000,325.000,325.000,-1,-1,-1,-1,925.000,850.000,-1,-1,2,0,2,0,2,0,0,0,0,2,2,2,2,0,0,2,2
134,1967.631,-5937.280,95.668,-23.978,0.912301,0.406329,-0.051024,-0.404658,0.913587,0.040131,0.062921,-0.015965,0.997891,0,0.92990,0.29466,55.794,0.589,-1,425.000,-1,400.000,-1,325.000,325.000,300.000,325.000,-1,-1,-1,-1,925.000,850.000,-1,-1,2,0,2,0,2,0,0,0,0,2,2,2,2,0,0,2,2
135,2018.827,-5959.420,99.191,-23.387,0.916567,0.396861,-0.049046,-0.395026,0.917658,0.043116,0.062119,-0.020145,0.997865,0,0.92963,0.29529,55.778,0.591,-1,425.000,-1,400.000,-1,325.000,325.000,300.000,325.000,-1,-1,-1,-1,950.000,875.000,-1,-1,2,0,2,0,2,0,0,0,0,2,2,2,2,0,0,2,2
136,2070.232,-5981.023,102.541,-22.795,0.920686,0.387338,-0.048015,-0.385382,0.921647,0.045254,0.061781,-0.023161,0.997821,0,0.92933,0.29583,55.760,0.592,-1,425.000,-1,425.000,-1,325.000,325.000,300.000,325.000,-1,-1,-1,-1,950.000,925.000,-1,-1,2,0,2,0,2,0,0,0,0,2,2,2,2,0,0,2,2
137,2121.839,-6002.086,105.464,-22.203,0.924719,0.377774,-0.046701,-0.375823,0.925573,0.045521,0.060422,-0.024542,0.997871,0,0.92901,0.29628,55.741,0.593,-1,425.000,-1,425.000,-1,325.000,325.000,300.000,325.000,-1,-1,-1,-1,975.000,950.000,-1,-1,2,0,2,0,2,0,0,0,0,2,2,2,2,0,0,2,2
138,2173.642,-6022.607,108.178,-21.610,0.928676,0.368164,-0.044903,-0.366297,0.929422,0.044740,0.058205,-0.025101,0.997989,0,0.92867,0.29664,55.720,0.593,-1,425.000,-1,425.000,-1,325.000,325.000,300.000,325.000,-1,-1,-1,-1,975.000,950.000,-1,-1,2,0,2,0,2,0,0,0,0,2,2,2,2,0,0,2,2
