timestep,x_cm,y_cm,z_cm,yaw_deg,basis_xx,basis_xy,basis_xz,basis_yx,basis_yy,basis_yz,basis_zx,basis_zy,basis_zz,teleport_flag,throttle_cmd,steering_cmd,cmd_move_cm,cmd_turn_deg,lidar_cm_0,lidar_cm_1,lidar_cm_2,lidar_cm_3,lidar_cm_4,lidar_cm_5,lidar_cm_6,lidar_cm_7,lidar_cm_8,lidar_cm_9,lidar_cm_10,lidar_cm_11,lidar_cm_12,lidar_cm_13,lidar_cm_14,lidar_cm_15,lidar_cm_16,lidar_class_0,lidar_class_1,lidar_class_2,lidar_class_3,lidar_class_4,lidar_class_5,lidar_class_6,lidar_class_7,lidar_class_8,lidar_class_9,lidar_class_10,lidar_class_11,lidar_class_12,lidar_class_13,lidar_class_14,lidar_class_15,lidar_class_16
0,-2294.920,4262.896,-352.195,-104.550,-0.369457,0.924121,-0.097472,-0.759477,-0.239853,0.604703,0.535440,0.297439,0.790464,1,0.00000,0.00000,4.800,0.240,-1,875.000,-1,-1,0.000,750.000,850.000,175.000,25.000,575.000,0.000,825.000,1000.000,-1,-1,-1,0.000,2,1,2,2,1,1,1,1,1,1,1,1,1,2,2,2,1
1,-4266.200,-7547.229,-280.390,-123.389,-0.550361,0.834900,0.006669,-0.834914,-0.550290,-0.009980,-0.004663,-0.011060,0.999928,1,0.08000,-0.12000,4.800,-0.240,-1,400.000,-1,400.000,-1,325.000,325.000,300.000,300.000,-1,-1,-1,-1,750.000,750.000,-1,-1,2,0,2,0,2,0,0,0,0,2,2,2,2,0,0,2,2
2,-4271.550,-7555.200,-280.452,-123.869,-0.557335,0.830260,0.006746,-0.830275,-0.557264,-0.009952,-0.004503,-0.011147,0.999928,0,0.16000,-0.24000,9.600,-0.480,-1,400.000,-1,400.000,-1,325.000,325.000,300.000,300.000,-1,-1,-1,-1,750.000,750.000,-1,-1,2,0,2,0,2,0,0,0,0,2,2,2,2,0,0,2,2
3,-4279.725,-7567.054,-280.545,-124.589,-0.567723,0.823191,0.006865,-0.823208,-0.567653,-0.009919,-0.004268,-0.011282,0.999927,0,0.24000,-0.36000,14.400,-0.720,-1,400.000,-1,400.000,-1,325.000,325.000,300.000,300.000,-1,-1,-1,-1,750.000,750.000,-1,-1,2,0,2,0,2,0,0,0,0,2,2,2,2,0,0,2,2
4,-4290.829,-7582.718,-280.663,-125.334,-0.578372,0.815743,0.007024,-0.815763,-0.578301,-0.009885,-0.004001,-0.011447,0.999926,0,0.32000,-0.37231,19.200,-0.745,-1,400.000,-1,400.000,-1,325.000,325.000,300.000,300.000,-1,-1,-1,-1,750.000,750.000,-1,-1,2,0,2,0,2,0,0,0,0,2,2,2,2,0,0,2,2
5,-4304.958,-7602.118,-280.782,-126.065,-0.588733,0.808295,0.007192,-0.808319,-0.588664,-0.009736,-0.003636,-0.011546,0.999927,0,0.40000,-0.36561,24.000,-0.731,-1,400.000,-1,400.000,-1,325.000,325.000,300.000,300.000,-1,-1,-1,-1,750.000,750.000,-1,-1,2,0,2,0,2,0,0,0,0,2,2,2,2,0,0,2,2
6,-4322.202,-7625.185,-280.912,-126.780,-0.598765,0.800890,0.007388,-0.800918,-0.598698,-0.009527,-0.003207,-0.011622,0.999927,0,0.48000,-0.35728,28.800,-0.715,-1,400.000,-1,400.000,-1,325.000,325.000,300.000,300.000,-1,-1,-1,-1,750.000,750.000,-1,-1,2,0,2,0,2,0,0,0,0,2,2,2,2,0,0,2,2
7,-4342.644,-7651.851,-281.008,-127.474,-0.608429,0.793575,0.007332,-0.793603,-0.608365,-0.009309,-0.002927,-0.011482,0.999930,0,0.56000,-0.34732,33.600,-0.695,-1,400.000,-1,400.000,-1,325.000,325.000,300.000,300.000,-1,-1,-1,-1,750.000,750.000,-1,-1,2,0,2,0,2,0,0,0,0,2,2,2,2,0,0,2,2
8,-4366.362,-7682.050,-281.081,-128.146,-0.617685,0.786394,0.007075,-0.786421,-0.617625,-0.009074,-0.002766,-0.011169,0.999934,0,0.64000,-0.33572,38.400,-0.671,-1,400.000,-1,400.000,-1,325.000,325.000,300.000,300.000,-1,-1,-1,-1,750.000,750.000,-1,-1,2,0,2,0,2,0,0,0,0,2,2,2,2,0,0,2,2
9,-4393.426,-7715.722,-281.173,-128.791,-0.626497,0.779394,0.006819,-0.779420,-0.626440,-0.008817,-0.002600,-0.010839,0.999938,0,0.72000,-0.32249,43.200,-0.645,-1,400.000,-1,400.000,-1,325.000,325.000,300.000,300.000,-1,-1,-1,-1,750.000,750.000,-1,-1,2,0,2,0,2,0,0,0,0,2,2,2,2,0,0,2,2
10,-4421.976,-7750.472,-281.280,-129.406,-0.634827,0.772626,0.006582,-0.772650,-0.634774,-0.008558,-0.002434,-0.010519,0.999942,0,0.74956,-0.30759,44.973,-0.615,-1,400.000,-1,400.000,-1,325.000,325.000,300.000,300.000,-1,-1,-1,-1,750.000,725.000,-1,-1,2,0,2,0,2,0,0,0,0,2,2,2,2,0,0,2,2
11,-4451.689,-7785.895,-281.393,-129.991,-0.642682,0.766107,0.006356,-0.766130,-0.642633,-0.008248,-0.002235,-0.010170,0.999946,0,0.77059,-0.29252,46.235,-0.585,-1,400.000,-1,400.000,-1,325.000,325.000,300.000,300.000,-1,-1,-1,-1,750.000,725.000,-1,-1,2,0,2,0,2,0,0,0,0,2,2,2,2,0,0,2,2
12,-4482.077,-7821.386,-281.493,-130.570,-0.650385,0.759580,0.006125,-0.759602,-0.650341,-0.007796,-0.001938,-0.009723,0.999951,0,0.77872,-0.28937,46.723,-0.579,-1,400.000,-1,400.000,-1,325.000,325.000,300.000,300.000,-1,-1,-1,-1,750.000,725.000,-1,-1,2,0,2,0,2,0,0,0,0,2,2,2,2,0,0,2,2
13,-4513.956,-7858.177,-281.613,-130.908,-0.654862,0.755725,0.005920,-0.755746,-0.654823,-0.007334,-0.001666,-0.009277,0.999956,0,0.81134,-0.16937,48.681,-0.339,-1,400.000,-1,400.000,-1,325.000,325.000,300.000,300.000,-1,-1,-1,-1,750.000,725.000,-1,-1,2,0,2,0,2,0,0,0,0,2,2,2,2,0,0,2,2
14,-4546.122,-7895.171,-281.673,-131.007,-0.656161,0.754596,0.006121,-0.754620,-0.656126,-0.006890,-0.001183,-0.009140,0.999958,0,0.81705,-0.04937,49.023,-0.099,-1,400.000,-1,400.000,-1,325.000,325.000,300.000,300.000,-1,-1,-1,-1,750.000,725.000,-1,-1,2,0,2,0,2,0,0,0,0,2,2,2,2,0,0,2,2
15,-4578.444,-7932.482,-281.726,-130.902,-0.654766,0.755804,0.006464,-0.755831,-0.654735,-0.006446,-0.000640,-0.009107,0.999958,0,0.82274,0.05278,49.364,0.106,-1,400.000,-1,375.000,-1,325.000,325.000,300.000,300.000,-1,-1,-1,-1,750.000,725.000,-1,-1,2,0,2,0,2,0,0,0,0,2,2,2,2,0,0,2,2
16,-4610.921,-7970.105,-281.725,-130.801,-0.653436,0.756950,0.006896,-0.756982,-0.653406,-0.006328,-0.000284,-0.009355,0.999956,0,0.82835,0.05027,49.701,0.101,-1,400.000,-1,375.000,-1,325.000,325.000,300.000,300.000,-1,-1,-1,-1,750.000,725.000,-1,-1,2,0,2,0,2,0,0,0,0,2,2,2,2,0,0,2,2
17,-4643.553,-8008.036,-281.702,-130.706,-0.652175,0.758032,0.007390,-0.758068,-0.652144,-0.006383,-0.000019,-0.009765,0.999952,0,0.83393,0.04762,50.036,0.095,-1,400.000,-1,375.000,-1,325.000,325.000,300.000,300.000,-1,-1,-1,-1,750.000,725.000,-1,-1,2,0,2,0,2,0,0,0,0,2,2,2,2,0,0,2,2
18,-4676.342,-8046.270,-281.695,-130.616,-0.650987,0.759048,0.007914,-0.759089,-0.650955,-0.006433,0.000269,-0.010196,0.999948,0,0.83946,0.04479,50.368,0.090,-1,400.000,-1,375.000,-1,325.000,325.000,300.000,300.000,-1,-1,-1,-1,750.000,725.000,-1,-1,2,0,2,0,2,0,0,0,0,2,2,2,2,0,0,2,2
19,-4709.288,-8084.801,-281.652,-130.533,-0.649878,0.759994,0.008189,-0.760038,-0.649846,-0.006471,0.000404,-0.010429,0.999946,0,0.84494,0.04179,50.696,0.084,-1,400.000,-1,375.000,-1,325.000,325.000,300.000,300.000,-1,-1,-1,-1,750.000,-1,-1,-1,2,0,2,0,2,0,0,0,0,2,2,2,2,0,2,2,2
20,-4742.393,-8123.623,-281.604,-130.455,-0.648852,0.760867,0.008570,-0.760915,-0.648819,-0.006507,0.000609,-0.010743,0.999942,0,0.85034,0.03859,51.020,0.077,-1,400.000,-1,375.000,-1,325.000,325.000,300.000,300.000,-1,-1,-1,-1,750.000,-1,-1,-1,2,0,2,0,2,0,0,0,0,2,2,2,2,0,2,2,2
21,-4775.657,-8162.729,-281.532,-130.385,-0.647913,0.761659,0.009164,-0.761714,-0.647881,-0.006547,0.000951,-0.011223,0.999937,0,0.85566,0.03519,51.340,0.070,-1,400.000,-1,375.000,-1,325.000,325.000,300.000,300.000,-1,-1,-1,-1,750.000,-1,-1,-1,2,0,2,0,2,0,0,0,0,2,2,2,2,0,2,2,2
22,-4809.081,-8202.110,-281.472,-130.322,-0.647069,0.762368,0.009793,-0.762430,-0.647037,-0.006583,0.001318,-0.011726,0.999930,0,0.86089,0.03158,51.654,0.063,-1,400.000,-1,375.000,-1,325.000,325.000,300.000,300.000,-1,-1,-1,-1,725.000,-1,-1,-1,2,0,2,0,2,0,0,0,0,2,2,2,2,0,2,2,2
23,-4842.666,-8241.759,-281.426,-130.266,-0.646326,0.762989,0.010455,-0.763059,-0.646295,-0.006616,0.001709,-0.012254,0.999923,0,0.86601,0.02772,51.961,0.055,-1,400.000,-1,375.000,-1,325.000,325.000,300.000,300.000,-1,-1,-1,-1,725.000,-1,-1,-1,2,0,2,0,2,0,0,0,0,2,2,2,2,0,2,2,2
24,-4876.410,-8281.663,-281.380,-130.219,-0.645692,0.763517,0.011081,-0.763595,-0.645662,-0.006645,0.002081,-0.012752,0.999917,0,0.87100,0.02362,52.260,0.047,-1,400.000,-1,375.000,-1,325.000,325.000,300.000,300.000,-1,-1,-1,-1,725.000,-1,-1,-1,2,0,2,0,2,0,0,0,0,2,2,2,2,0,2,2,2
25,-4910.315,-8321.812,-281.317,-130.181,-0.645175,0.763947,0.011586,-0.764031,-0.645145,-0.006668,0.002381,-0.013154,0.999911,0,0.87583,0.01924,52.550,0.038,-1,375.000,-1,375.000,-1,325.000,325.000,300.000,300.000,-1,-1,-1,-1,725.000,-1,-1,-1,2,0,2,0,2,0,0,0,0,2,2,2,2,0,2,2,2
26,-4944.380,-8362.191,-281.121,-130.152,-0.644779,0.764275,0.012010,-0.764363,-0.644757,-0.006120,0.003066,-0.013126,0.999909,0,0.88049,0.01457,52.829,0.029,-1,375.000,-1,375.000,-1,325.000,325.000,300.000,300.000,-1,-1,-1,-1,725.000,-1,-1,-1,2,0,2,0,2,0,0,0,0,2,2,2,2,0,2,2,2
27,-4978.604,-8402.787,-280.809,-130.132,-0.644516,0.764488,0.012520,-0.764582,-0.644499,-0.005848,0.003598,-0.013342,0.999905,0,0.88494,0.00958,53.096,0.019,-1,375.000,-1,375.000,-1,325.000,325.000,300.000,300.000,-1,-1,-1,-1,725.000,-1,-1,-1,2,0,2,0,2,0,0,0,0,2,2,2,2,0,2,2,2
28,-5012.985,-8443.580,-280.482,-130.124,-0.644394,0.764582,0.013043,-0.764682,-0.644385,-0.005480,0.004215,-0.013505,0.999900,0,0.88915,0.00424,53.349,0.008,-1,375.000,-1,-1,-1,325.000,325.000,300.000,300.000,-1,-1,-1,-1,725.000,-1,-1,-1,2,0,2,2,2,0,0,0,0,2,2,2,2,0,2,2,2
29,-5047.520,-8484.553,-280.112,-130.127,-0.644423,0.764549,0.013552,-0.764653,-0.644424,-0.004871,0.005009,-0.013501,0.999896,0,0.89310,-0.00147,53.586,-0.003,-1,375.000,-1,-1,-1,325.000,325.000,300.000,300.000,-1,-1,-1,-1,725.000,-1,-1,-1,2,0,2,2,2,0,0,0,0,2,2,2,2,0,2,2,2
30,-5082.206,-8525.683,-279.743,-130.142,-0.644614,0.764378,0.014093,-0.764486,-0.644626,-0.004254,0.005833,-0.013516,0.999892,0,0.89672,-0.00758,53.803,-0.015,-1,375.000,-1,-1,-1,325.000,325.000,300.000,300.000,-1,-1,-1,-1,725.000,-1,-1,-1,2,0,2,2,2,0,0,0,0,2,2,2,2,0,2,2,2
31,-5117.039,-8566.945,-279.377,-130.170,-0.644979,0.764060,0.014667,-0.764171,-0.645003,-0.003629,0.006687,-0.013549,0.999886,0,0.89999,-0.01414,53.999,-0.028,-1,375.000,-1,-1,-1,325.000,325.000,300.000,300.000,-1,-1,-1,-1,725.000,-1,-1,-1,2,0,2,2,2,0,0,0,0,2,2,2,2,0,2,2,2
32,-5152.012,-8608.312,-279.003,-130.213,-0.645530,0.763582,0.015284,-0.763698,-0.645567,-0.003043,0.007543,-0.013636,0.999879,0,0.90283,-0.02117,54.170,-0.042,-1,400.000,-1,-1,-1,325.000,-1,300.000,300.000,-1,-1,-1,-1,725.000,-1,-1,-1,2,0,2,2,2,0,2,0,1,2,2,2,2,0,2,2,2
33,-5187.119,-8649.752,-280.051,-130.270,-0.646362,0.762978,0.008958,-0.763021,-0.646369,-0.002489,0.003891,-0.008444,0.999957,0,0.90519,-0.02872,54.311,-0.057,-1,375.000,-1,-1,-1,300.000,-1,300.000,300.000,-1,-1,-1,-1,-1,-1,-1,-1,2,0,2,2,2,0,2,0,1,2,2,2,2,2,2,2,2
34,-5222.349,-8691.230,-286.170,-130.344,-0.647124,0.762080,-0.021548,-0.762240,-0.647293,-0.001187,-0.014852,0.015657,0.999767,0,0.90700,-0.03683,54.420,-0.074,-1,350.000,-1,-1,-1,275.000,-1,325.000,275.000,-1,-1,-1,-1,-1,-1,-1,-1,2,0,2,2,2,0,2,0,1,2,2,2,2,2,2,2,2
35,-5257.686,-8732.710,-293.228,-130.435,-0.646955,0.760429,-0.056541,-0.761662,-0.647975,0.000382,-0.036347,0.043312,0.998400,0,0.90817,-0.04554,54.490,-0.091,-1,300.000,-1,-1,-1,225.000,-1,350.000,225.000,-1,-1,-1,-1,950.000,-1,-1,-1,2,0,2,2,2,0,2,0,1,2,2,2,2,1,2,2,2
36,-5293.115,-8774.150,-300.973,-130.545,-0.645518,0.757834,-0.094838,-0.761404,-0.648274,0.002275,-0.059757,0.073678,0.995490,0,0.90862,-0.05490,54.517,-0.110,-1,250.000,-1,-1,-1,200.000,925.000,375.000,200.000,-1,-1,-1,-1,875.000,-1,625.000,-1,2,0,2,2,2,0,1,0,1,2,2,2,2,1,2,0,2
37,-5328.620,-8815.496,-307.876,-130.675,-0.643425,0.754541,-0.129124,-0.761267,-0.648425,0.004298,-0.080484,0.101063,0.991619,0,0.90825,-0.06495,54.495,-0.130,850.000,200.000,-1,-1,-1,200.000,850.000,425.000,175.000,-1,-1,-1,-1,850.000,-1,425.000,-1,0,0,2,2,2,1,1,0,1,2,2,2,2,1,2,0,2
38,-5364.178,-8856.697,-314.675,-130.826,-0.640309,0.750338,-0.164310,-0.761382,-0.648269,0.006689,-0.101498,0.129386,0.986386,0,0.90696,-0.07571,54.418,-0.151,625.000,200.000,-1,-1,-1,300.000,775.000,475.000,200.000,-1,-1,-1,-1,800.000,-1,300.000,-1,0,1,2,2,2,1,1,0,1,2,2,2,2,1,2,0,2
39,-5399.764,-8897.689,-321.483,-131.000,-0.636226,0.745202,-0.199726,-0.761747,-0.647805,0.009498,-0.122305,0.158184,0.979806,0,0.90464,-0.08724,54.278,-0.174,425.000,275.000,-1,-1,-1,375.000,700.000,550.000,225.000,-1,-1,0.000,625.000,775.000,-1,200.000,-1,0,1,2,2,2,1,1,0,1,2,2,0,0,1,2,0,2
40,-5435.351,-8938.408,-328.285,-131.200,-0.631176,0.739077,-0.235333,-0.762380,-0.647002,0.012799,-0.142801,0.187492,0.971831,0,0.90118,-0.09953,54.071,-0.199,300.000,325.000,-1,-1,-1,425.000,650.000,650.000,250.000,-1,-1,0.000,0.000,750.000,-1,125.000,-1,0,1,2,2,2,1,1,0,1,2,2,0,0,1,2,0,2
41,327.958,1639.826,-133.562,125.429,-0.580449,-0.814044,0.020294,0.813853,-0.579130,0.047455,-0.026877,0.044061,0.998667,1,0.00000,0.00000,53.789,-0.225,-1,375.000,-1,375.000,-1,325.000,325.000,300.000,325.000,-1,800.000,700.000,975.000,725.000,700.000,-1,-1,2,0,2,0,2,0,0,0,0,2,0,0,1,0,0,2,2
42,325.159,1643.725,-133.695,125.669,-0.583850,-0.811606,0.020391,0.811427,-0.582531,0.047359,-0.026559,0.044196,0.998670,0,0.08000,0.12000,4.800,0.240,-1,375.000,-1,375.000,-1,325.000,325.000,300.000,325.000,-1,775.000,675.000,1000.000,725.000,700.000,-1,-1,2,0,2,0,2,0,0,0,0,2,0,0,1,0,0,2,2
43,319.496,1651.477,-133.959,126.149,-0.590620,-0.806687,0.020587,0.806534,-0.589303,0.047176,-0.025924,0.044467,0.998674,0,0.16000,0.24000,9.600,0.480,-1,375.000,-1,375.000,-1,325.000,325.000,300.000,325.000,-1,775.000,650.000,-1,725.000,700.000,-1,-1,2,0,2,0,2,0,0,0,0,2,0,0,2,0,0,2,2
44,310.874,1663.010,-134.349,126.782,-0.599491,-0.800109,0.020886,0.799989,-0.598177,0.046933,-0.025058,0.044845,0.998680,0,0.24000,0.31677,14.400,0.634,-1,375.000,-1,375.000,-1,325.000,325.000,300.000,300.000,-1,725.000,625.000,-1,725.000,700.000,-1,-1,2,0,2,0,2,0,0,0,0,2,0,0,2,0,0,2,2
45,299.206,1678.258,-134.853,127.420,-0.608345,-0.793387,0.021275,0.793308,-0.607034,0.046610,-0.024065,0.045233,0.998687,0,0.32000,0.31886,19.200,0.638,-1,375.000,-1,375.000,-1,325.000,325.000,300.000,300.000,-1,700.000,600.000,-1,725.000,700.000,-1,-1,2,0,2,0,2,0,0,0,0,2,0,0,2,0,0,2,2
46,284.409,1697.154,-135.461,128.064,-0.617197,-0.786508,0.021753,0.786474,-0.615893,0.046209,-0.022947,0.045628,0.998695,0,0.40000,0.32166,24.000,0.643,-1,375.000,-1,375.000,-1,325.000,325.000,300.000,300.000,-1,675.000,600.000,-1,725.000,675.000,-1,-1,2,0,2,0,2,0,0,0,0,2,0,0,2,0,0,2,2
47,266.397,1719.625,-136.162,128.714,-0.626065,-0.779452,0.022314,0.779469,-0.624770,0.045734,-0.021706,0.046025,0.998704,0,0.48000,0.32519,28.800,0.650,-1,375.000,-1,375.000,-1,325.000,325.000,300.000,300.000,-1,625.000,600.000,-1,725.000,675.000,-1,-1,2,0,2,0,2,0,0,0,0,2,0,0,2,0,0,2,2
48,245.082,1745.599,-136.908,129.373,-0.634964,-0.772206,0.022786,0.772271,-0.633685,0.045184,-0.020452,0.046288,0.998719,0,0.56000,0.32947,33.600,0.659,-1,375.000,-1,375.000,-1,325.000,325.000,325.000,300.000,-1,600.000,600.000,-1,725.000,675.000,-1,-1,2,0,2,0,2,0,0,0,0,2,0,0,2,0,0,2,2
49,220.378,1774.997,-137.672,130.042,-0.643911,-0.764752,0.023091,0.764858,-0.642656,0.044557,-0.019235,0.046352,0.998740,0,0.64000,0.33450,38.400,0.669,-1,375.000,-1,375.000,-1,325.000,325.000,325.000,300.000,-1,600.000,625.000,-1,725.000,675.000,-1,-1,2,0,2,0,2,0,0,0,0,2,0,0,2,0,0,2,2
50,192.194,1807.737,-138.482,130.722,-0.652921,-0.757064,0.023430,0.757214,-0.651693,0.043855,-0.017932,0.046375,0.998763,0,0.72000,0.34029,43.200,0.681,1000.000,375.000,-1,375.000,-1,325.000,325.000,300.000,300.000,-1,625.000,625.000,-1,725.000,675.000,-1,-1,1,0,2,0,2,0,0,0,0,2,0,0,2,0,0,2,2
51,161.974,1841.996,-139.284,131.416,-0.662009,-0.749118,0.023779,0.749312,-0.660812,0.043118,-0.016587,0.046363,0.998787,0,0.76139,0.34685,45.683,0.694,950.000,375.000,-1,375.000,-1,325.000,325.000,300.000,300.000,-1,625.000,650.000,-1,725.000,675.000,-1,-1,1,0,2,0,2,0,0,0,0,2,0,0,2,0,0,2,2
52,131.134,1876.097,-140.034,132.124,-0.671181,-0.740901,0.024121,0.741136,-0.670015,0.042385,-0.015241,0.046325,0.998810,0,0.76630,0.35385,45.978,0.708,925.000,375.000,-1,375.000,-1,325.000,300.000,300.000,300.000,-1,650.000,650.000,-1,725.000,675.000,1000.000,-1,1,0,2,0,2,0,0,0,0,2,0,0,2,0,0,1,2
53,99.660,1910.032,-140.621,132.846,-0.680420,-0.732417,0.024378,0.732696,-0.679311,0.041140,-0.013572,0.045854,0.998856,0,0.77140,0.36093,46.284,0.722,875.000,400.000,-1,375.000,-1,325.000,300.000,300.000,300.000,-1,650.000,675.000,-1,750.000,675.000,950.000,-1,1,0,2,0,2,0,0,0,0,2,0,0,2,0,0,1,2
54,64.317,1946.915,-141.131,133.779,-0.692206,-0.721282,0.024537,0.721609,-0.691179,0.039404,-0.011462,0.044982,0.998922,0,0.85140,0.46668,51.084,0.933,850.000,400.000,-1,375.000,-1,325.000,300.000,300.000,300.000,-1,625.000,675.000,-1,750.000,700.000,900.000,-1,1,0,2,0,2,0,0,0,0,2,0,0,2,0,0,1,2
55,27.283,1984.314,-141.600,134.719,-0.703896,-0.709874,0.024687,0.710241,-0.702949,0.037687,-0.009399,0.044061,0.998985,0,0.87722,0.47006,52.633,0.940,800.000,400.000,-1,375.000,-1,325.000,325.000,300.000,300.000,-1,625.000,675.000,-1,750.000,700.000,850.000,-1,1,0,2,0,2,0,0,0,0,2,0,0,2,0,0,1,2
56,-10.565,2021.292,-142.008,135.666,-0.715486,-0.698185,0.024841,0.698587,-0.714617,0.036036,-0.007408,0.043137,0.999042,0,0.88189,0.47359,52.914,0.947,750.000,400.000,-1,375.000,-1,325.000,325.000,300.000,300.000,-1,625.000,700.000,-1,750.000,700.000,800.000,-1,1,0,2,0,2,0,0,0,0,2,0,0,2,0,0,1,2
57,-49.227,2057.827,-142.351,136.621,-0.726972,-0.686212,0.024997,0.686645,-0.726175,0.034468,-0.005501,0.042222,0.999093,0,0.88656,0.47719,53.194,0.954,700.000,400.000,-1,375.000,-1,325.000,325.000,300.000,300.000,-1,650.000,700.000,-1,725.000,725.000,750.000,-1,1,0,2,0,2,0,0,0,0,2,0,0,2,1,0,1,2
58,-88.704,2093.896,-142.584,137.582,-0.738351,-0.673945,0.025216,0.674406,-0.737610,0.033274,-0.003826,0.041574,0.999128,0,0.89122,0.48085,53.473,0.962,675.000,400.000,-1,375.000,-1,325.000,325.000,300.000,300.000,-1,650.000,725.000,-1,700.000,725.000,700.000,-1,1,0,2,0,2,0,0,0,0,2,0,0,2,1,0,1,2
59,-128.993,2129.477,-142.775,138.552,-0.749609,-0.661389,0.025509,0.661877,-0.748923,0.032146,-0.002157,0.040981,0.999158,0,0.89586,0.48460,53.752,0.969,625.000,400.000,1000.000,375.000,-1,325.000,325.000,300.000,300.000,-1,675.000,750.000,-1,650.000,725.000,650.000,-1,1,0,1,0,2,0,0,0,0,2,0,0,2,1,0,1,2
60,-170.094,2164.545,-142.911,139.528,-0.760743,-0.648540,0.025803,0.649053,-0.760108,0.031075,-0.000541,0.040388,0.999184,0,0.90047,0.48843,54.028,0.977,575.000,400.000,925.000,375.000,-1,325.000,325.000,300.000,300.000,-1,675.000,775.000,-1,625.000,750.000,600.000,-1,1,0,1,0,2,0,0,0,0,2,0,0,2,1,0,1,2
61,-212.003,2199.076,-142.989,140.513,-0.771745,-0.635396,0.026095,0.635931,-0.771160,0.030061,0.001023,0.039794,0.999207,0,0.90504,0.49237,54.303,0.985,525.000,400.000,850.000,400.000,-1,325.000,325.000,300.000,300.000,-1,700.000,800.000,-1,575.000,750.000,550.000,-1,1,0,1,0,2,0,0,0,0,2,0,0,2,1,0,1,2
62,-254.716,2233.045,-143.069,141.506,-0.782615,-0.621947,0.026380,0.622502,-0.782066,0.029391,0.002352,0.039423,0.999220,0,0.90956,0.49644,54.574,0.993,500.000,400.000,775.000,400.000,-1,325.000,325.000,300.000,300.000,-1,725.000,825.000,-1,525.000,750.000,500.000,-1,1,0,1,0,2,0,0,0,0,2,0,0,2,1,0,1,2
63,-298.228,2266.424,-143.144,142.507,-0.793344,-0.608190,0.026642,0.608763,-0.792820,0.029034,0.003464,0.039253,0.999223,0,0.91400,0.50064,54.840,1.001,450.000,400.000,725.000,400.000,-1,325.000,325.000,300.000,300.000,-1,775.000,875.000,-1,500.000,775.000,450.000,-1,1,0,1,0,2,0,0,0,0,2,0,0,2,1,0,1,2
64,-342.531,2299.186,-143.112,143.517,-0.803930,-0.594128,0.026603,0.594708,-0.803429,0.028720,0.004310,0.038909,0.999233,0,0.91836,0.50501,55.101,1.010,400.000,400.000,650.000,400.000,-1,325.000,325.000,300.000,300.000,-1,825.000,925.000,-1,450.000,775.000,400.000,-1,1,1,1,0,2,0,0,0,0,2,0,0,2,1,0,1,2
65,-387.618,2331.302,-142.865,144.537,-0.814375,-0.579763,0.025832,0.580320,-0.813896,0.028309,0.004613,0.038045,0.999265,0,0.92260,0.50957,55.356,1.019,350.000,350.000,575.000,400.000,-1,325.000,325.000,300.000,300.000,-1,900.000,-1,-1,400.000,700.000,350.000,1000.000,1,1,1,0,2,0,0,0,0,2,0,2,2,1,1,1,1
66,-433.476,2362.744,-142.565,145.565,-0.824656,-0.565073,0.025207,0.565613,-0.824194,0.028026,0.004939,0.037369,0.999289,0,0.92670,0.51433,55.602,1.029,300.000,325.000,525.000,400.000,-1,325.000,325.000,300.000,300.000,-1,1000.000,-1,-1,350.000,625.000,300.000,875.000,1,1,1,0,2,1,0,0,0,2,0,2,2,1,1,1,1
67,-476.002,2390.536,-142.281,146.834,-0.836967,-0.546700,0.024596,0.547226,-0.836524,0.027776,0.005390,0.036707,0.999312,0,0.84670,0.63433,50.802,1.269,250.000,275.000,450.000,400.000,-1,300.000,325.000,300.000,300.000,-1,-1,-1,-1,325.000,550.000,250.000,775.000,1,1,1,0,2,1,0,0,0,2,2,2,2,1,1,1,1
68,-515.159,2414.680,-141.995,148.343,-0.851073,-0.524498,0.024009,0.525013,-0.850647,0.027592,0.005951,0.036088,0.999331,0,0.76670,0.75433,46.002,1.509,225.000,250.000,400.000,400.000,-1,250.000,325.000,300.000,300.000,-1,-1,-1,-1,275.000,475.000,225.000,675.000,1,1,1,1,2,1,1,0,0,2,2,2,2,1,1,1,1
69,-550.797,2435.357,-141.710,149.879,-0.864830,-0.501515,0.023469,0.502022,-0.864419,0.027461,0.006515,0.035531,0.999347,0,0.68670,0.76808,41.202,1.536,175.000,225.000,350.000,350.000,975.000,225.000,275.000,300.000,300.000,-1,-1,-1,-1,250.000,400.000,175.000,575.000,1,1,1,1,1,1,1,0,0,2,2,2,2,1,1,1,1
70,-582.765,2452.767,-139.488,151.419,-0.877787,-0.477954,0.032393,0.478862,-0.877331,0.031318,0.013450,0.043002,0.998984,0,0.60670,0.77027,36.402,1.541,175.000,200.000,325.000,300.000,775.000,200.000,250.000,325.000,300.000,-1,-1,-1,-1,225.000,350.000,175.000,525.000,1,1,1,1,1,1,1,0,0,2,2,2,2,1,1,1,1
71,-610.919,2467.122,-135.462,152.963,-0.889707,-0.453805,0.049824,0.455772,-0.889214,0.039630,0.026320,0.057967,0.997971,0,0.52670,0.77177,31.602,1.544,175.000,200.000,300.000,275.000,675.000,200.000,225.000,350.000,275.000,-1,650.000,575.000,-1,225.000,325.000,150.000,450.000,1,1,1,1,1,1,1,0,0,2,0,0,2,1,1,1,1
72,-635.118,2478.646,-132.076,154.508,-0.900889,-0.429320,0.063899,0.432456,-0.900403,0.047491,0.037146,0.070418,0.996826,0,0.44670,0.77252,26.802,1.545,175.000,175.000,275.000,250.000,575.000,175.000,200.000,400.000,275.000,-1,500.000,375.000,-1,200.000,300.000,150.000,400.000,1,1,1,1,1,1,1,0,0,2,0,0,2,1,1,1,1
73,-655.231,2487.566,-129.386,156.053,-0.911461,-0.404589,0.074477,0.408830,-0.910981,0.054519,0.045789,0.080140,0.995731,0,0.36670,0.77250,22.002,1.545,175.000,175.000,250.000,225.000,500.000,175.000,200.000,425.000,275.000,-1,425.000,300.000,-1,200.000,275.000,150.000,375.000,1,1,1,1,1,1,1,0,0,2,0,0,2,1,1,1,1
74,-671.137,2494.113,-127.431,157.596,-0.921516,-0.379687,0.081523,0.384820,-0.921016,0.060353,0.052168,0.086988,0.994842,0,0.28670,0.77168,17.202,1.543,175.000,175.000,250.000,225.000,425.000,150.000,175.000,450.000,275.000,-1,375.000,225.000,975.000,200.000,250.000,150.000,325.000,1,1,1,1,1,1,1,0,0,2,0,0,0,1,1,1,1
75,-682.727,2498.524,-126.236,159.136,-0.931110,-0.354672,0.085099,0.360374,-0.930563,0.064671,0.056253,0.090883,0.994272,0,0.20670,0.77006,12.402,1.540,175.000,150.000,225.000,200.000,375.000,150.000,175.000,475.000,275.000,-1,375.000,200.000,875.000,175.000,225.000,150.000,300.000,1,1,1,1,1,1,1,0,0,2,0,0,0,1,1,1,1
76,-689.900,2501.038,-125.810,160.672,-0.940260,-0.329585,0.085348,0.335470,-0.939652,0.067192,0.058052,0.091810,0.994083,0,0.12670,0.76763,7.602,1.535,175.000,150.000,225.000,175.000,350.000,150.000,175.000,475.000,275.000,-1,375.000,200.000,825.000,175.000,200.000,150.000,275.000,1,1,1,1,1,1,1,0,0,2,0,0,0,1,1,1,1
77,-692.566,2501.897,-126.148,162.200,-0.948950,-0.304453,0.082481,0.310122,-0.948284,0.067684,0.057608,0.089808,0.994292,0,0.04670,0.76443,2.802,1.529,175.000,150.000,225.000,175.000,300.000,150.000,150.000,475.000,275.000,-1,375.000,200.000,850.000,175.000,200.000,150.000,250.000,1,1,1,1,1,1,1,0,0,2,0,0,0,1,1,1,1
78,-690.656,2501.346,-127.235,163.721,-0.957132,-0.279294,0.076763,0.284382,-0.956438,0.065973,0.054994,0.084975,0.994864,0,-0.03309,0.76050,-1.985,1.521,175.000,150.000,200.000,175.000,275.000,150.000,150.000,450.000,275.000,-1,425.000,225.000,925.000,175.000,200.000,150.000,225.000,1,1,1,1,1,1,1,0,0,2,0,0,0,1,1,1,1
79,-688.848,2500.875,-128.312,165.233,-0.964561,-0.254064,0.071231,0.258606,-0.963860,0.064007,0.052394,0.080159,0.995404,0,-0.03112,0.75591,-1.867,1.512,175.000,150.000,200.000,175.000,275.000,150.000,150.000,425.000,275.000,-1,450.000,275.000,-1,175.000,200.000,175.000,225.000,1,1,1,1,1,1,1,0,0,2,0,0,2,1,1,1,1
80,-687.136,2500.477,-129.378,166.736,-0.971244,-0.228786,0.065891,0.232816,-0.970555,0.061800,0.049812,0.075363,0.995911,0,-0.02926,0.75137,-1.756,1.503,200.000,150.000,200.000,150.000,250.000,150.000,150.000,425.000,275.000,-1,500.000,300.000,-1,175.000,175.000,175.000,200.000,1,1,1,1,1,1,1,0,0,2,0,0,2,1,1,1,1
81,-685.516,2500.145,-130.432,168.230,-0.977193,-0.203478,0.060753,0.207031,-0.976532,0.059364,0.047248,0.070588,0.996386,0,-0.02753,0.74690,-1.652,1.494,200.000,150.000,200.000,150.000,225.000,150.000,150.000,400.000,275.000,-1,575.000,350.000,-1,175.000,175.000,175.000,200.000,1,1,1,1,1,1,1,0,0,2,0,0,2,1,1,1,1
82,-683.983,2499.872,-131.476,169.715,-0.982417,-0.178162,0.055817,0.181271,-0.981797,0.056709,0.044698,0.065830,0.996829,0,-0.02592,0.74247,-1.555,1.485,200.000,150.000,200.000,150.000,225.000,125.000,150.000,400.000,275.000,-1,650.000,425.000,-1,175.000,175.000,175.000,200.000,1,1,1,1,1,1,1,0,0,2,0,0,2,1,1,1,1
83,-687.190,2500.358,-131.972,171.440,-0.987496,-0.148555,0.052757,0.151439,-0.986898,0.055662,0.043797,0.062956,0.997055,0,0.05408,0.86247,3.245,1.725,200.000,150.000,200.000,150.000,200.000,125.000,125.000,400.000,275.000,-1,700.000,450.000,-1,175.000,175.000,175.000,175.000,1,1,1,1,1,1,1,0,0,2,0,0,2,1,1,1,1
84,-695.181,2501.287,-130.472,173.405,-0.991876,-0.114674,0.055063,0.117457,-0.991804,0.050282,0.048846,0.056341,0.997216,0,0.13408,0.98247,8.045,1.965,225.000,150.000,200.000,150.000,175.000,125.000,125.000,375.000,300.000,-1,575.000,375.000,-1,175.000,150.000,175.000,150.000,1,1,1,1,1,1,1,0,0,2,0,0,2,1,1,1,1
85,-707.985,2502.328,-124.358,175.405,-0.994311,-0.080063,0.070252,0.082425,-0.996103,0.031385,0.067466,0.036997,0.997035,0,0.21408,1.00000,12.845,2.000,250.000,150.000,200.000,150.000,175.000,150.000,125.000,375.000,350.000,-1,300.000,250.000,-1,200.000,150.000,200.000,150.000,1,1,1,1,1,1,1,0,0,2,0,0,2,1,1,1,1
86,-725.615,2503.136,-116.643,177.405,-0.994799,-0.045276,0.091237,0.046555,-0.998844,0.011937,0.090591,0.016122,0.995758,0,0.29408,1.00000,17.645,2.000,300.000,175.000,225.000,150.000,175.000,150.000,125.000,350.000,400.000,-1,175.000,175.000,-1,200.000,175.000,225.000,150.000,1,1,1,1,1,1,1,0,0,2,0,0,2,1,1,1,1
87,7543.222,-6887.286,-243.068,-8.490,0.988293,0.147630,0.038492,-0.148070,0.988938,0.008818,-0.036765,-0.014414,0.999220,1,0.00000,0.00000,22.445,2.000,-1,400.000,-1,375.000,-1,325.000,325.000,300.000,300.000,-1,-1,-1,-1,825.000,725.000,-1,-1,2,0,2,0,2,0,0,0,0,2,2,2,2,0,0,2,2
88,7547.973,-6887.975,-243.244,-8.250,0.988901,0.143486,0.038543,-0.143928,0.989548,0.008922,-0.036860,-0.014370,0.999217,0,0.08000,0.12000,4.800,0.240,-1,400.000,-1,375.000,-1,325.000,325.000,300.000,300.000,-1,-1,-1,-1,825.000,725.000,-1,-1,2,0,2,0,2,0,0,0,0,2,2,2,2,0,0,2,2
89,7557.485,-6889.273,-243.596,-7.770,0.990066,0.135191,0.038646,-0.135637,0.990717,0.009128,-0.037053,-0.014279,0.999211,0,0.16000,0.24000,9.600,0.480,-1,400.000,-1,375.000,-1,325.000,325.000,300.000,300.000,-1,-1,-1,-1,825.000,725.000,-1,-1,2,0,2,0,2,0,0,0,0,2,2,2,2,0,0,2,2
90,7571.776,-6891.040,-244.128,-7.050,0.991681,0.122732,0.038802,-0.123182,0.992339,0.009435,-0.037347,-0.014136,0.999202,0,0.24000,0.36000,14.400,0.720,-1,400.000,-1,375.000,-1,325.000,325.000,300.000,300.000,-1,-1,-1,-1,825.000,725.000,-1,-1,2,0,2,0,2,0,0,0,0,2,2,2,2,0,0,2,2
91,7590.867,-6893.077,-244.840,-6.090,0.993591,0.106089,0.039013,-0.106546,0.994259,0.009841,-0.037745,-0.013935,0.999190,0,0.32000,0.48000,19.200,0.960,-1,400.000,-1,375.000,-1,325.000,325.000,300.000,300.000,-1,-1,-1,-1,825.000,725.000,-1,-1,2,0,2,0,2,0,0,0,0,2,2,2,2,0,0,2,2
92,7614.780,-6895.123,-245.738,-4.890,0.995586,0.085244,0.039282,-0.085710,0.996266,0.010345,-0.038253,-0.013666,0.999175,0,0.40000,0.60000,24.000,1.200,-1,400.000,-1,375.000,-1,325.000,325.000,300.000,300.000,-1,-1,-1,-1,825.000,725.000,-1,-1,2,0,2,0,2,0,0,0,0,2,2,2,2,0,0,2,2
93,7643.524,-6896.923,-246.823,-3.583,0.997259,0.062494,0.039614,-0.062973,0.997955,0.010941,-0.038849,-0.013406,0.999155,0,0.48000,0.65358,28.800,1.307,-1,400.000,-1,375.000,-1,325.000,325.000,300.000,300.000,-1,-1,-1,-1,825.000,725.000,-1,-1,2,0,2,0,2,0,0,0,0,2,2,2,2,0,0,2,2
94,7677.098,-6898.243,-248.098,-2.252,0.998426,0.039287,0.040016,-0.039781,0.999141,0.011626,-0.039525,-0.013199,0.999131,0,0.56000,0.66578,33.600,1.332,-1,400.000,-1,375.000,-1,325.000,325.000,300.000,300.000,-1,-1,-1,-1,825.000,725.000,-1,-1,2,0,2,0,2,0,0,0,0,2,2,2,2,0,0,2,2
95,7711.822,-6898.784,-249.428,-0.892,0.999061,0.015561,0.040446,-0.016072,0.999795,0.012326,-0.040246,-0.012965,0.999106,0,0.57880,0.68003,34.728,1.360,-1,400.000,-1,375.000,-1,325.000,325.000,300.000,300.000,-1,-1,-1,-1,825.000,725.000,-1,-1,2,0,2,0,2,0,0,0,0,2,2,2,2,0,0,2,2
96,7747.173,-6898.477,-250.796,0.498,0.999126,-0.008688,0.040899,0.008161,0.999882,0.013032,-0.041008,-0.012687,0.999078,0,0.58922,0.69476,35.353,1.390,-1,400.000,-1,375.000,-1,325.000,325.000,300.000,300.000,-1,-1,-1,-1,825.000,725.000,-1,-1,2,0,2,0,2,0,0,0,0,2,2,2,2,0,0,2,2
97,7783.146,-6897.140,-252.211,2.127,0.998454,-0.037118,0.041378,0.036577,0.999236,0.013750,-0.041857,-0.012215,0.999049,0,0.59995,0.81476,35.997,1.630,-1,400.000,-1,400.000,-1,325.000,325.000,300.000,300.000,-1,-1,-1,-1,825.000,725.000,-1,-1,2,0,2,0,2,0,0,0,0,2,2,2,2,1,0,2,2
98,7819.717,-6894.585,-253.678,3.997,0.996688,-0.069697,0.041890,0.069146,0.997501,0.014479,-0.042794,-0.011535,0.999017,0,0.61101,0.93476,36.660,1.870,-1,400.000,-1,400.000,-1,325.000,325.000,300.000,300.000,-1,-1,-1,-1,825.000,725.000,-1,-1,2,0,2,0,2,0,0,0,0,2,2,2,2,1,0,2,2
99,7856.857,-6890.684,-255.232,5.997,0.993625,-0.104468,0.042368,0.103914,0.994472,0.015078,-0.043709,-0.010580,0.998988,0,0.62241,1.00000,37.345,2.000,-1,400.000,-1,400.000,-1,325.000,325.000,300.000,300.000,-1,-1,-1,-1,800.000,725.000,-1,975.000,2,0,2,0,2,0,0,0,0,2,2,2,2,1,1,2,1
100,7894.535,-6885.391,-256.893,7.997,0.989349,-0.139113,0.042856,0.138567,0.990232,0.015463,-0.044589,-0.009360,0.998962,0,0.63414,1.00000,38.048,2.000,-1,400.000,-1,400.000,-1,325.000,325.000,300.000,300.000,-1,-1,-1,-1,800.000,700.000,-1,900.000,2,0,2,0,2,0,0,0,0,2,2,2,2,1,1,2,1
101,7936.733,-6877.953,-258.875,9.997,0.983871,-0.173588,0.043192,0.173039,0.984782,0.016177,-0.045343,-0.008442,0.998936,0,0.71414,1.00000,42.848,2.000,-1,400.000,-1,400.000,-1,325.000,325.000,300.000,300.000,-1,-1,-1,-1,800.000,675.000,-1,825.000,2,0,2,0,2,0,0,0,0,2,2,2,2,1,1,2,1
102,7983.341,-6868.049,-261.136,11.997,0.977186,-0.207852,0.043638,0.207292,0.978131,0.017032,-0.046224,-0.007598,0.998902,0,0.79414,1.00000,47.648,2.000,-1,400.000,-1,400.000,900.000,325.000,325.000,300.000,300.000,-1,-1,-1,-1,800.000,625.000,-1,750.000,2,0,2,0,1,0,0,0,0,2,2,2,2,1,1,2,1
103,8030.960,-6856.179,-263.504,13.997,0.969305,-0.241863,0.044168,0.241294,0.970287,0.017872,-0.047179,-0.006666,0.998864,0,0.81794,1.00000,49.076,2.000,-1,400.000,-1,400.000,775.000,325.000,325.000,300.000,300.000,-1,-1,-1,-1,825.000,600.000,-1,700.000,2,0,2,0,1,0,0,0,0,2,2,2,2,1,1,2,1
104,8078.917,-6842.430,-265.957,15.997,0.960234,-0.275580,0.044783,0.275004,0.961262,0.018689,-0.048198,-0.005630,0.998822,0,0.83148,1.00000,49.889,2.000,-1,400.000,-1,400.000,675.000,325.000,325.000,300.000,300.000,-1,-1,-1,-1,825.000,550.000,-1,625.000,2,0,2,0,1,0,0,0,0,2,2,2,2,0,1,2,1
105,8127.119,-6826.771,-268.495,17.997,0.949986,-0.308962,0.045486,0.308379,0.951064,0.019484,-0.049280,-0.004483,0.998775,0,0.84469,1.00000,50.681,2.000,-1,400.000,-1,400.000,600.000,325.000,325.000,300.000,300.000,-1,-1,-1,-1,825.000,525.000,-1,550.000,2,0,2,0,1,0,0,0,0,2,2,2,2,0,1,2,1
106,8175.464,-6809.179,-271.124,19.997,0.938572,-0.341967,0.046282,0.341381,0.939706,0.020262,-0.050420,-0.003218,0.998723,0,0.85744,1.00000,51.446,2.000,-1,400.000,-1,400.000,525.000,325.000,325.000,300.000,300.000,-1,-1,-1,-1,825.000,500.000,-1,500.000,2,0,2,1,1,0,0,0,0,2,2,2,2,0,1,2,1
107,8223.841,-6789.636,-273.843,21.997,0.926004,-0.374555,0.047174,0.373969,0.927203,0.021026,-0.051616,-0.001828,0.998665,0,0.86958,1.00000,52.175,2.000,-1,400.000,-1,375.000,450.000,325.000,325.000,300.000,300.000,-1,-1,-1,-1,825.000,475.000,-1,450.000,2,0,2,1,1,0,0,0,0,2,2,2,2,0,1,2,1
108,8272.131,-6768.142,-276.555,23.994,0.912339,-0.406642,0.047746,0.406047,0.913587,0.021997,-0.052564,-0.000681,0.998617,0,0.88096,0.99859,52.858,1.997,-1,400.000,-1,350.000,400.000,325.000,325.000,300.000,300.000,-1,-1,-1,-1,825.000,475.000,-1,400.000,2,0,2,1,1,0,1,0,0,2,2,2,2,0,1,2,1
109,8320.225,-6744.741,-279.332,25.946,0.897911,-0.437520,0.048283,0.436916,0.899208,0.022987,-0.053473,0.000455,0.998569,0,0.89142,0.97586,53.485,1.952,-1,400.000,-1,325.000,350.000,325.000,300.000,300.000,300.000,-1,-1,-1,-1,825.000,450.000,-1,375.000,2,0,2,1,1,0,1,0,0,2,2,2,2,0,1,2,1
110,8368.014,-6719.492,-282.203,27.850,0.882819,-0.467160,0.048909,0.466550,0.884171,0.023932,-0.054424,0.001691,0.998516,0,0.90081,0.95219,54.049,1.904,-1,400.000,-1,325.000,300.000,325.000,300.000,300.000,300.000,-1,-1,-1,-1,825.000,450.000,-1,325.000,2,0,2,1,1,1,1,0,0,2,2,2,2,0,1,2,1
111,8419.226,-6690.500,-285.426,29.515,0.868812,-0.492642,0.049686,0.492027,0.870227,0.024798,-0.055455,0.002902,0.998457,0,0.98081,0.83219,58.849,1.664,-1,400.000,-1,300.000,250.000,325.000,300.000,300.000,300.000,-1,-1,-1,-1,800.000,450.000,-1,300.000,2,0,2,1,1,1,1,0,0,2,2,2,2,0,1,2,1
112,8470.688,-6659.652,-287.292,30.939,0.856593,-0.514124,0.043883,0.513355,0.857715,0.028155,-0.052114,-0.001590,0.998640,0,1.00000,0.71219,60.000,1.424,-1,425.000,-1,300.000,225.000,325.000,300.000,275.000,300.000,-1,-1,-1,-1,825.000,475.000,-1,275.000,2,0,2,1,1,1,1,0,0,2,2,2,2,0,1,2,1
113,8521.500,-6627.746,-287.352,32.123,0.846418,-0.531697,0.029584,0.530763,0.846832,0.034164,-0.043218,-0.013215,0.998978,0,1.00000,0.59219,60.000,1.184,-1,425.000,-1,325.000,250.000,350.000,325.000,275.000,325.000,-1,-1,-1,-1,900.000,575.000,-1,300.000,2,0,2,1,1,0,1,0,0,2,2,2,2,0,1,2,1
114,8571.780,-6595.007,-288.117,33.068,0.837920,-0.545493,0.018117,0.544591,0.837816,0.038542,-0.036203,-0.022429,0.999093,0,1.00000,0.47219,60.000,0.944,-1,450.000,-1,375.000,250.000,375.000,350.000,275.000,325.000,-1,-1,-1,-1,950.000,700.000,-1,400.000,2,0,2,1,1,0,1,0,1,2,2,2,2,0,1,2,1
115,8621.653,-6561.651,-289.576,33.772,0.831366,-0.555647,0.009347,0.554859,0.830891,0.041852,-0.031021,-0.029608,0.999080,0,1.00000,0.35219,60.000,0.704,-1,475.000,-1,400.000,275.000,375.000,375.000,275.000,300.000,-1,575.000,950.000,-1,1000.000,700.000,-1,650.000,2,0,2,1,1,0,1,0,1,2,0,0,2,0,1,2,1
116,8671.255,-6527.893,-291.708,34.236,0.826953,-0.562263,0.002954,0.561602,0.826213,0.044439,-0.027427,-0.035090,0.999008,0,1.00000,0.23219,60.000,0.464,-1,475.000,-1,450.000,300.000,400.000,400.000,275.000,250.000,-1,425.000,675.000,-1,-1,700.000,-1,650.000,2,0,2,1,1,0,0,0,1,2,0,0,2,2,1,2,1
117,8720.724,-6493.941,-294.393,34.461,0.824809,-0.565410,-0.001101,0.564837,0.823882,0.046671,-0.025481,-0.039116,0.998910,0,1.00000,0.11219,60.000,0.224,-1,475.000,-1,500.000,350.000,400.000,425.000,275.000,225.000,-1,325.000,600.000,-1,-1,675.000,-1,650.000,2,0,2,1,1,0,0,0,1,2,0,0,2,2,1,2,1
118,8770.204,-6460.003,-297.411,34.445,0.824997,-0.565129,-0.003080,0.564595,0.823954,0.048300,-0.024758,-0.041586,0.998828,0,1.00000,-0.00781,60.000,-0.016,-1,475.000,-1,500.000,425.000,400.000,425.000,275.000,200.000,950.000,275.000,575.000,-1,-1,650.000,-1,600.000,2,0,2,1,1,0,0,0,1,0,0,0,2,2,1,2,1
119,8819.834,-6426.286,-300.834,34.190,0.827521,-0.561425,-0.003259,0.560881,0.826433,0.049196,-0.024927,-0.042539,0.998784,0,1.00000,-0.12781,60.000,-0.256,-1,500.000,-1,475.000,400.000,400.000,425.000,275.000,200.000,925.000,275.000,550.000,-1,1000.000,600.000,-1,575.000,2,0,2,1,1,0,0,0,1,0,0,0,2,0,1,2,1
120,8869.755,-6393.000,-304.678,33.694,0.832344,-0.554256,-0.001896,0.553647,0.831259,0.049836,-0.026046,-0.042530,0.998756,0,1.00000,-0.24781,60.000,-0.496,-1,475.000,-1,450.000,375.000,400.000,425.000,275.000,175.000,925.000,250.000,575.000,-1,1000.000,575.000,-1,500.000,2,0,2,1,1,0,0,0,1,0,0,0,2,0,1,2,1
121,8920.099,-6360.359,-308.881,32.958,0.839374,-0.543554,0.000696,0.542838,0.838332,0.050272,-0.027909,-0.041819,0.998735,0,1.00000,-0.36781,60.000,-0.736,-1,475.000,-1,400.000,325.000,400.000,400.000,275.000,150.000,950.000,275.000,575.000,-1,975.000,525.000,-1,450.000,2,0,2,1,1,0,1,0,1,0,0,0,2,0,1,2,1
122,8970.992,-6328.579,-313.373,31.983,0.848470,-0.529226,0.004176,0.528375,0.847505,0.050551,-0.030292,-0.040684,0.998713,0,1.00000,-0.48781,60.000,-0.976,-1,475.000,-1,375.000,275.000,400.000,375.000,275.000,150.000,975.000,275.000,600.000,-1,925.000,475.000,-1,375.000,2,0,2,1,1,1,1,0,1,0,0,0,2,0,1,2,1
123,9022.121,-6297.902,-316.862,30.962,0.857751,-0.513977,0.009503,0.512720,0.856697,0.056465,-0.037163,-0.043561,0.998359,0,0.99375,-0.51055,59.625,-1.021,-1,450.000,-1,325.000,225.000,375.000,325.000,275.000,150.000,-1,475.000,-1,-1,875.000,425.000,-1,300.000,2,1,2,1,1,1,1,0,1,2,0,2,2,0,1,2,1
124,9073.245,-6268.452,-319.080,29.937,0.866777,-0.498398,0.017235,0.496268,0.865448,0.068692,-0.049152,-0.050987,0.997489,0,0.98329,-0.51237,58.998,-1.025,-1,425.000,-1,300.000,200.000,325.000,300.000,275.000,150.000,-1,-1,-1,-1,800.000,375.000,-1,250.000,2,1,2,1,1,1,1,0,1,2,2,2,2,0,1,2,1
125,9124.313,-6240.238,-320.234,28.910,0.875715,-0.482483,0.018284,0.479651,0.873665,0.081514,-0.055303,-0.062614,0.996504,0,0.97238,-0.51362,58.343,-1.027,-1,375.000,-1,275.000,175.000,300.000,275.000,275.000,150.000,-1,-1,-1,-1,750.000,350.000,-1,200.000,2,1,2,1,1,1,1,0,1,2,2,2,2,0,1,2,1
126,9175.281,-6213.245,-318.014,27.881,0.884850,-0.465868,0.002776,0.463304,0.880573,0.099698,-0.048891,-0.086932,0.995014,0,0.96124,-0.51430,57.674,-1.029,-1,375.000,-1,250.000,175.000,300.000,250.000,250.000,175.000,825.000,-1,-1,-1,750.000,350.000,-1,200.000,2,1,2,1,1,1,1,0,1,0,2,2,2,0,1,2,1
127,9226.126,-6187.469,-315.796,26.852,0.893477,-0.448885,-0.014191,0.447311,0.886630,0.117473,-0.040150,-0.111307,0.992975,0,0.95011,-0.51443,57.006,-1.029,-1,375.000,-1,250.000,175.000,300.000,250.000,250.000,200.000,625.000,-1,-1,-1,775.000,325.000,-1,200.000,2,1,2,1,1,1,1,0,1,0,2,2,2,0,1,2,1
128,9276.836,-6162.888,-313.524,25.824,0.901493,-0.431599,-0.032154,0.431787,0.891842,0.134822,-0.029512,-0.135424,0.990348,0,0.93921,-0.51403,56.353,-1.028,-1,400.000,-1,250.000,175.000,300.000,250.000,225.000,225.000,500.000,700.000,-1,-1,800.000,350.000,-1,175.000,2,1,2,1,1,1,1,0,1,0,0,2,2,0,1,2,1
129,9327.407,-6139.477,-310.970,24.798,0.908811,-0.414052,-0.051225,0.416861,0.896172,0.151996,-0.017028,-0.159489,0.987053,0,0.92876,-0.51311,55.725,-1.026,-1,400.000,-1,250.000,175.000,300.000,250.000,225.000,250.000,400.000,500.000,-1,-1,850.000,350.000,-1,175.000,2,1,2,1,1,1,1,0,1,0,0,2,2,0,1,2,1
130,9377.855,-6117.227,-306.403,23.775,0.914874,-0.396946,-0.073754,0.403723,0.901079,0.158319,0.003614,-0.174618,0.984630,0,0.91891,-0.51170,55.135,-1.023,-1,475.000,-1,275.000,175.000,325.000,250.000,225.000,250.000,350.000,350.000,700.000,-1,925.000,375.000,-1,175.000,2,1,2,1,1,1,1,0,1,0,0,0,2,0,1,2,1
131,9428.189,-6096.090,-302.603,22.755,0.920154,-0.379822,-0.095139,0.390850,0.905556,0.164936,0.023508,-0.188952,0.981705,0,0.90979,-0.50985,54.588,-1.020,-1,575.000,-1,275.000,175.000,350.000,275.000,225.000,275.000,325.000,275.000,550.000,-1,-1,400.000,-1,200.000,2,0,2,1,1,1,1,0,1,0,0,0,2,2,1,2,1
132,327.967,5575.415,-259.511,-76.508,0.234947,0.971964,0.009290,-0.968285,0.233201,0.089678,0.084998,-0.030065,0.995927,1,0.00000,0.00000,59.388,-0.783,-1,425.000,-1,400.000,-1,325.000,325.000,300.000,300.000,-1,-1,-1,-1,-1,950.000,-1,-1,2,0,2,0,2,0,0,0,0,2,2,2,2,2,0,2,2
133,329.068,5570.743,-259.100,-76.748,0.230868,0.972939,0.009446,-0.969272,0.229129,0.089510,0.084923,-0.029821,0.995941,0,0.08000,-0.12000,4.800,-0.240,-1,425.000,-1,400.000,-1,325.000,325.000,300.000,300.000,-1,-1,-1,-1,-1,950.000,-1,-1,2,0,2,0,2,0,0,0,0,2,2,2,2,2,0,2,2
134,331.190,5561.380,-258.277,-77.228,0.222698,0.974839,0.009753,-0.971195,0.220973,0.089173,0.084774,-0.029331,0.995968,0,0.16000,-0.24000,9.600,-0.480,-1,425.000,-1,400.000,-1,325.000,325.000,300.000,300.000,-1,-1,-1,-1,-1,950.000,-1,-1,2,0,2,0,2,0,0,0,0,2,2,2,2,2,0,2,2
