timestep,x_cm,y_cm,z_cm,yaw_deg,basis_xx,basis_xy,basis_xz,basis_yx,basis_yy,basis_yz,basis_zx,basis_zy,basis_zz,teleport_flag,throttle_cmd,steering_cmd,cmd_move_cm,cmd_turn_deg,lidar_cm_0,lidar_cm_1,lidar_cm_2,lidar_cm_3,lidar_cm_4,lidar_cm_5,lidar_cm_6,lidar_cm_7,lidar_cm_8,lidar_cm_9,lidar_cm_10,lidar_cm_11,lidar_cm_12,lidar_cm_13,lidar_cm_14,lidar_cm_15,lidar_cm_16,lidar_class_0,lidar_class_1,lidar_class_2,lidar_class_3,lidar_class_4,lidar_class_5,lidar_class_6,lidar_class_7,lidar_class_8,lidar_class_9,lidar_class_10,lidar_class_11,lidar_class_12,lidar_class_13,lidar_class_14,lidar_class_15,lidar_class_16
0,-8780.865,-2641.999,199.104,-94.299,-0.075959,0.996609,-0.031644,-0.996646,-0.074917,0.032916,0.030434,0.034038,0.998957,1,0.00000,0.00000,4.800,-0.151,-1,450.000,-1,500.000,-1,425.000,450.000,225.000,250.000,-1,300.000,150.000,900.000,900.000,925.000,-1,-1,2,1,2,0,2,1,0,1,0,2,0,0,0,1,0,2,2
1,2295.763,-6887.290,179.774,-113.757,-0.401738,0.915007,-0.036992,-0.914972,-0.402737,-0.025093,-0.037858,0.023766,0.999000,1,0.00000,0.00000,4.800,0.240,-1,400.000,-1,375.000,-1,325.000,325.000,325.000,325.000,-1,-1,-1,-1,825.000,700.000,-1,-1,2,0,2,0,2,0,0,0,0,2,2,2,2,0,0,2,2
2,2293.811,-6891.675,179.614,-113.997,-0.405567,0.913316,-0.037002,-0.913273,-0.406568,-0.025181,-0.038042,0.023581,0.998998,0,0.08000,-0.12000,4.800,-0.240,-1,400.000,-1,375.000,-1,325.000,325.000,325.000,325.000,-1,-1,-1,-1,825.000,700.000,-1,-1,2,0,2,0,2,0,0,0,0,2,2,2,2,0,0,2,2
3,2289.833,-6900.413,179.294,-114.477,-0.413203,0.909886,-0.037026,-0.909829,-0.414209,-0.025350,-0.038402,0.023213,0.998993,0,0.16000,-0.24000,9.600,-0.480,-1,400.000,-1,375.000,-1,325.000,325.000,325.000,325.000,-1,-1,-1,-1,800.000,700.000,-1,-1,2,0,2,0,2,0,0,0,0,2,2,2,2,0,0,2,2
4,2283.703,-6913.443,178.813,-115.197,-0.424603,0.904620,-0.037069,-0.904543,-0.425615,-0.025585,-0.038922,0.022666,0.998985,0,0.24000,-0.36000,14.400,-0.720,-1,400.000,-1,375.000,-1,325.000,325.000,325.000,325.000,-1,-1,-1,-1,800.000,700.000,-1,-1,2,0,2,0,2,0,0,0,0,2,2,2,2,0,0,2,2
5,2275.239,-6930.676,178.170,-116.157,-0.439699,0.897377,-0.037138,-0.897272,-0.440719,-0.025869,-0.039581,0.021949,0.998975,0,0.32000,-0.48000,19.200,-0.960,-1,400.000,-1,375.000,-1,325.000,325.000,325.000,325.000,-1,-1,-1,-1,800.000,700.000,-1,-1,2,0,2,0,2,0,0,0,0,2,2,2,2,0,0,2,2
6,2264.210,-6951.992,177.367,-117.357,-0.458396,0.887967,-0.037243,-0.887831,-0.459424,-0.026172,-0.040350,0.021068,0.998963,0,0.40000,-0.60000,24.000,-1.200,-1,400.000,-1,375.000,-1,325.000,300.000,325.000,325.000,-1,-1,-1,-1,800.000,700.000,-1,-1,2,0,2,0,2,0,0,0,0,2,2,2,2,0,0,2,2
7,2250.337,-6977.231,176.403,-118.797,-0.480568,0.876160,-0.037391,-0.875989,-0.481604,-0.026461,-0.041191,0.020038,0.998950,0,0.48000,-0.72000,28.800,-1.440,-1,400.000,-1,375.000,-1,325.000,300.000,325.000,325.000,-1,-1,-1,-1,775.000,675.000,-1,-1,2,0,2,0,2,0,0,0,0,2,2,2,2,0,0,2,2
8,2233.295,-7006.188,175.282,-120.477,-0.506052,0.861684,-0.037586,-0.861477,-0.507095,-0.026694,-0.042062,0.018871,0.998937,0,0.56000,-0.84000,33.600,-1.680,-1,400.000,-1,375.000,-1,325.000,300.000,325.000,325.000,-1,-1,-1,-1,775.000,675.000,-1,-1,2,0,2,0,2,0,0,0,0,2,2,2,2,0,0,2,2
9,2212.721,-7038.612,173.817,-122.397,-0.534692,0.844241,-0.036904,-0.843984,-0.535700,-0.026783,-0.042381,0.016826,0.998960,0,0.64000,-0.96000,38.400,-1.920,-1,400.000,-1,375.000,-1,325.000,300.000,325.000,325.000,-1,-1,-1,-1,775.000,675.000,-1,-1,2,0,2,0,2,0,0,0,0,2,2,2,2,0,0,2,2
10,2188.316,-7074.258,172.044,-124.397,-0.563925,0.825065,-0.035436,-0.824754,-0.564860,-0.026727,-0.042068,0.014154,0.999014,0,0.72000,-1.00000,43.200,-2.000,-1,400.000,-1,375.000,-1,325.000,300.000,325.000,325.000,-1,-1,-1,-1,750.000,675.000,-1,-1,2,0,2,0,2,0,0,0,0,2,2,2,2,0,0,2,2
11,2159.834,-7112.894,170.120,-126.397,-0.592473,0.804876,-0.033915,-0.804520,-0.593331,-0.026590,-0.041524,0.011531,0.999071,0,0.80000,-1.00000,48.000,-2.000,-1,400.000,-1,375.000,-1,325.000,300.000,325.000,325.000,-1,-1,-1,-1,750.000,675.000,-1,-1,2,0,2,0,2,0,0,0,0,2,2,2,2,0,0,2,2
12,2127.040,-7154.275,167.966,-128.397,-0.620300,0.783702,-0.032233,-0.783289,-0.621077,-0.026844,-0.041057,0.008597,0.999120,0,0.88000,-1.00000,52.800,-2.000,-1,375.000,-1,375.000,-1,300.000,300.000,325.000,325.000,-1,-1,-1,-1,725.000,675.000,-1,-1,2,0,2,0,2,0,0,0,0,2,2,2,2,0,0,2,2
13,2090.641,-7197.050,165.731,-130.397,-0.647367,0.761565,-0.030562,-0.761104,-0.648063,-0.027106,-0.040450,0.005713,0.999165,0,0.93610,-1.00000,56.166,-2.000,-1,375.000,-1,375.000,-1,300.000,300.000,325.000,325.000,-1,-1,-1,-1,725.000,675.000,-1,-1,2,0,2,0,2,0,0,0,0,2,2,2,2,0,0,2,2
14,2052.771,-7238.528,163.585,-132.397,-0.673636,0.738493,-0.029032,-0.737998,-0.674254,-0.027214,-0.039672,0.003093,0.999208,0,0.93610,-1.00000,56.166,-2.000,-1,375.000,-1,375.000,-1,300.000,300.000,325.000,325.000,-1,-1,-1,-1,725.000,675.000,-1,-1,2,0,2,0,2,0,0,0,0,2,2,2,2,0,0,2,2
15,2013.476,-7278.659,161.564,-134.397,-0.699081,0.714515,-0.027466,-0.713998,-0.699620,-0.027177,-0.038634,0.000612,0.999253,0,0.93610,-1.00000,56.166,-2.000,-1,375.000,-1,375.000,-1,300.000,300.000,325.000,325.000,-1,-1,-1,-1,700.000,675.000,-1,-1,2,0,2,0,2,0,0,0,0,2,2,2,2,0,0,2,2
16,1972.805,-7317.394,159.524,-136.397,-0.723664,0.689663,-0.025981,-0.689159,-0.724130,-0.026381,-0.037008,-0.001186,0.999314,0,0.93610,-1.00000,56.166,-2.000,-1,375.000,-1,375.000,-1,300.000,300.000,325.000,325.000,-1,-1,-1,-1,700.000,675.000,-1,-1,2,0,2,0,2,0,0,0,0,2,2,2,2,0,0,2,2
17,1930.807,-7354.687,157.563,-138.397,-0.747357,0.663969,-0.024546,-0.663491,-0.747755,-0.025342,-0.035181,-0.002653,0.999377,0,0.93610,-1.00000,56.166,-2.000,-1,375.000,-1,375.000,-1,300.000,300.000,325.000,325.000,-1,900.000,-1,-1,700.000,675.000,-1,-1,2,0,2,0,2,0,0,0,0,2,0,2,2,0,0,2,2
18,1889.819,-7388.889,155.807,-140.157,-0.767451,0.640688,-0.023193,-0.640238,-0.767792,-0.024301,-0.033376,-0.003801,0.999436,0,0.88973,-0.88000,53.384,-1.760,-1,375.000,-1,375.000,-1,300.000,300.000,325.000,325.000,-1,550.000,875.000,-1,675.000,675.000,-1,-1,2,0,2,0,2,0,0,0,0,2,0,0,2,0,0,2,2
19,1847.863,-7422.052,154.139,-141.677,-0.784226,0.620093,-0.021761,-0.619676,-0.784514,-0.023237,-0.031481,-0.004738,0.999493,0,0.89133,-0.76000,53.480,-1.520,-1,375.000,-1,375.000,-1,300.000,300.000,325.000,325.000,-1,550.000,600.000,-1,675.000,675.000,-1,-1,2,0,2,0,2,0,0,0,0,2,0,0,2,0,0,2,2
20,1805.120,-7454.312,152.576,-142.957,-0.797927,0.602412,-0.020315,-0.602029,-0.798167,-0.022151,-0.029559,-0.005445,0.999548,0,0.89251,-0.64000,53.551,-1.280,-1,375.000,-1,375.000,-1,300.000,300.000,325.000,325.000,-1,550.000,525.000,-1,675.000,675.000,-1,-1,2,0,2,0,2,0,0,0,0,2,0,0,2,0,0,2,2
21,1761.759,-7485.820,151.125,-143.997,-0.808769,0.587824,-0.018874,-0.587477,-0.808967,-0.021044,-0.027639,-0.005932,0.999600,0,0.89333,-0.52000,53.600,-1.040,-1,375.000,-1,375.000,-1,300.000,300.000,325.000,325.000,-1,550.000,500.000,-1,675.000,675.000,-1,-1,2,0,2,0,2,0,0,0,0,2,0,0,2,0,0,2,2
22,1717.937,-7516.737,149.812,-144.797,-0.816935,0.576471,-0.017264,-0.576168,-0.817095,-0.019670,-0.025445,-0.006122,0.999657,0,0.89384,-0.40000,53.631,-0.800,-1,375.000,-1,375.000,-1,300.000,300.000,325.000,325.000,-1,525.000,500.000,-1,675.000,700.000,-1,-1,2,0,2,0,2,0,0,0,0,2,0,0,2,0,0,2,2
23,1673.801,-7547.234,148.566,-145.357,-0.822572,0.568457,-0.015244,-0.568199,-0.822689,-0.018241,-0.022911,-0.006343,0.999717,0,0.89412,-0.28000,53.647,-0.560,-1,375.000,-1,375.000,-1,300.000,300.000,325.000,325.000,-1,500.000,475.000,-1,675.000,700.000,-1,-1,2,0,2,0,2,0,0,0,0,2,0,0,2,0,0,2,2
24,1629.491,-7577.487,147.383,-145.677,-0.825765,0.563853,-0.013462,-0.563639,-0.825851,-0.016736,-0.020554,-0.006232,0.999769,0,0.89422,-0.16000,53.653,-0.320,-1,375.000,-1,375.000,-1,300.000,300.000,325.000,325.000,-1,475.000,450.000,-1,675.000,700.000,-1,-1,2,0,2,0,2,0,0,0,0,2,0,0,2,0,0,2,2
25,1585.140,-7607.677,146.262,-145.757,-0.826575,0.562701,-0.011898,-0.562527,-0.826640,-0.015154,-0.018363,-0.005833,0.999814,0,0.89419,-0.04000,53.652,-0.080,-1,375.000,-1,375.000,-1,300.000,300.000,325.000,325.000,-1,450.000,450.000,-1,700.000,700.000,-1,-1,2,0,2,0,2,0,0,0,0,2,0,0,2,0,0,2,2
26,1540.878,-7637.987,145.247,-145.597,-0.825020,0.565009,-0.010337,-0.564871,-0.825067,-0.013563,-0.016192,-0.005351,0.999855,0,0.89408,0.08000,53.645,0.160,-1,375.000,-1,375.000,-1,300.000,300.000,325.000,325.000,-1,450.000,425.000,-1,700.000,700.000,-1,-1,2,0,2,0,2,0,0,0,0,2,0,0,2,0,0,2,2
27,1496.837,-7668.601,144.360,-145.197,-0.821073,0.570756,-0.008777,-0.570650,-0.821105,-0.012072,-0.014097,-0.004903,0.999889,0,0.89394,0.20000,53.636,0.400,-1,375.000,-1,375.000,-1,300.000,300.000,325.000,325.000,-1,425.000,425.000,-1,700.000,700.000,-1,-1,2,0,2,0,2,0,0,0,0,2,0,0,2,0,0,2,2
28,1453.147,-7699.699,143.614,-144.557,-0.814660,0.579893,-0.007209,-0.579812,-0.814680,-0.010745,-0.012104,-0.004574,0.999916,0,0.89378,0.32000,53.627,0.640,-1,375.000,-1,375.000,-1,300.000,300.000,325.000,325.000,-1,425.000,425.000,-1,700.000,700.000,-1,-1,2,0,2,0,2,0,0,0,0,2,0,0,2,0,0,2,2
29,1409.947,-7731.460,142.981,-143.677,-0.805670,0.592338,-0.005612,-0.592278,-0.805678,-0.009458,-0.010124,-0.004296,0.999940,0,0.89366,0.44000,53.620,0.880,-1,375.000,-1,375.000,-1,300.000,300.000,325.000,325.000,-1,425.000,425.000,-1,725.000,700.000,-1,-1,2,0,2,0,2,0,0,0,0,2,0,0,2,0,0,2,2
30,1367.378,-7764.057,142.431,-142.557,-0.793947,0.607974,-0.004115,-0.607932,-0.793947,-0.008180,-0.008240,-0.003993,0.999958,0,0.89359,0.56000,53.616,1.120,-1,375.000,-1,375.000,-1,300.000,300.000,325.000,325.000,-1,400.000,425.000,-1,725.000,700.000,-1,-1,2,0,2,0,2,0,0,0,0,2,0,0,2,0,0,2,2
31,1325.595,-7797.656,141.902,-141.197,-0.779299,0.626646,-0.002698,-0.626617,-0.779294,-0.007269,-0.006658,-0.003974,0.999970,0,0.89361,0.68000,53.616,1.360,-1,375.000,-1,375.000,-1,300.000,300.000,325.000,325.000,-1,400.000,425.000,-1,725.000,700.000,-1,-1,2,0,2,0,2,0,0,0,0,2,0,0,2,0,0,2,2
32,1284.761,-7832.413,141.355,-139.597,-0.761504,0.648159,-0.001202,-0.648137,-0.761491,-0.007107,-0.005522,-0.004633,0.999974,0,0.89372,0.80000,53.623,1.600,-1,375.000,-1,375.000,-1,300.000,300.000,325.000,325.000,-1,425.000,450.000,-1,750.000,700.000,-1,-1,2,0,2,0,2,0,0,0,0,2,0,0,2,0,0,2,2
33,1245.054,-7868.472,140.907,-137.757,-0.740304,0.672272,0.000419,-0.672258,-0.740283,-0.007092,-0.004458,-0.005531,0.999975,0,0.89395,0.92000,53.637,1.840,-1,375.000,-1,375.000,-1,300.000,300.000,325.000,325.000,-1,425.000,475.000,-1,750.000,700.000,-1,-1,2,0,2,0,2,0,0,0,0,2,0,0,2,0,0,2,2
34,1206.527,-7905.821,140.589,-135.890,-0.718016,0.696023,0.002043,-0.696017,-0.717989,-0.007193,-0.003539,-0.006587,0.999972,0,0.89432,0.93327,53.659,1.867,-1,375.000,-1,375.000,-1,300.000,300.000,325.000,325.000,-1,450.000,525.000,-1,750.000,725.000,-1,-1,2,0,2,0,2,0,0,0,0,2,0,0,2,0,0,2,2
35,1169.221,-7944.424,140.415,-134.020,-0.694925,0.719073,0.003605,-0.719077,-0.694891,-0.007398,-0.002815,-0.007734,0.999966,0,0.89473,0.93488,53.684,1.870,-1,400.000,-1,375.000,-1,325.000,300.000,325.000,325.000,-1,475.000,550.000,-1,750.000,725.000,-1,-1,2,0,2,0,2,0,0,0,0,2,0,0,2,0,0,2,2
36,1133.181,-7984.245,140.208,-132.147,-0.671047,0.741396,0.005221,-0.741413,-0.671012,-0.007111,-0.001768,-0.008643,0.999961,0,0.89515,0.93654,53.709,1.873,-1,400.000,-1,375.000,-1,325.000,300.000,325.000,325.000,-1,500.000,600.000,-1,750.000,750.000,-1,-1,2,0,2,0,2,0,0,0,0,2,0,0,2,0,0,2,2
37,1098.447,-8025.245,140.097,-130.271,-0.646404,0.762963,0.006955,-0.762995,-0.646368,-0.006930,-0.000792,-0.009786,0.999952,0,0.89559,0.93825,53.735,1.877,-1,400.000,-1,375.000,-1,325.000,325.000,325.000,325.000,-1,525.000,625.000,-1,775.000,750.000,-1,-1,2,0,2,0,2,0,0,0,0,2,0,0,2,0,0,2,2
38,1065.059,-8067.385,140.081,-128.391,-0.621019,0.783746,0.008810,-0.783796,-0.620981,-0.006851,0.000101,-0.011160,0.999938,0,0.89605,0.94001,53.763,1.880,-1,400.000,-1,375.000,-1,325.000,325.000,325.000,325.000,-1,550.000,675.000,-1,775.000,775.000,-1,-1,2,0,2,0,2,0,0,0,0,2,0,0,2,0,0,2,2
39,1033.057,-8110.621,139.966,-126.507,-0.594918,0.803726,0.009870,-0.803786,-0.594878,-0.006904,0.000323,-0.012040,0.999927,0,0.89652,0.94181,53.791,1.884,-1,400.000,-1,375.000,-1,325.000,325.000,325.000,325.000,-1,575.000,725.000,-1,775.000,775.000,-1,-1,2,0,2,0,2,0,0,0,0,2,0,0,2,0,0,2,2
40,1002.480,-8154.913,139.719,-124.620,-0.568129,0.822879,0.010009,-0.822940,-0.568084,-0.007174,-0.000217,-0.012313,0.999924,0,0.89702,0.94365,53.821,1.887,-1,400.000,-1,375.000,-1,325.000,325.000,325.000,325.000,-1,675.000,825.000,-1,775.000,775.000,-1,-1,2,0,2,0,2,0,0,0,0,2,0,0,2,0,0,2,2
41,973.365,-8200.216,139.491,-122.729,-0.540668,0.841175,0.010151,-0.841236,-0.540618,-0.007409,-0.000745,-0.012545,0.999921,0,0.89753,0.94554,53.852,1.891,-1,400.000,-1,375.000,-1,325.000,325.000,325.000,325.000,-1,750.000,950.000,-1,775.000,750.000,-1,-1,2,0,2,0,2,0,0,0,0,2,0,0,2,0,0,2,2
42,948.044,-8242.227,139.347,-121.078,-0.516212,0.856398,0.010345,-0.856460,-0.516155,-0.007786,-0.001328,-0.012879,0.999916,0,0.81753,0.82554,49.052,1.651,-1,400.000,-1,375.000,-1,325.000,325.000,325.000,325.000,-1,850.000,-1,-1,775.000,750.000,-1,-1,2,0,2,0,2,0,0,0,0,2,0,2,2,0,0,2,2
43,925.140,-8282.438,139.269,-119.666,-0.494972,0.868845,0.010586,-0.868907,-0.494906,-0.008269,-0.001946,-0.013291,0.999910,0,0.77127,0.70554,46.276,1.411,-1,400.000,-1,375.000,-1,325.000,325.000,325.000,325.000,-1,950.000,-1,-1,775.000,750.000,-1,-1,2,0,2,0,2,0,0,0,0,2,0,2,2,0,0,2,2
44,903.054,-8323.123,139.253,-118.495,-0.477118,0.878772,0.010873,-0.878836,-0.477043,-0.008852,-0.002592,-0.013779,0.999902,0,0.77156,0.58554,46.294,1.171,-1,400.000,-1,375.000,-1,325.000,325.000,325.000,300.000,-1,-1,-1,-1,775.000,750.000,-1,-1,2,0,2,0,2,0,0,0,0,2,2,2,2,0,0,2,2
45,881.629,-8364.167,139.237,-117.564,-0.462783,0.886398,0.011419,-0.886465,-0.462695,-0.009627,-0.003250,-0.014578,0.999888,0,0.77165,0.46554,46.299,0.931,-1,400.000,-1,375.000,-1,325.000,325.000,325.000,300.000,-1,-1,-1,-1,775.000,750.000,-1,-1,2,0,2,0,2,0,0,0,0,2,2,2,2,0,0,2,2
46,860.706,-8405.458,139.117,-116.873,-0.452064,0.891894,0.012796,-0.891979,-0.451959,-0.010316,-0.003417,-0.016077,0.999865,0,0.77150,0.34554,46.290,0.691,-1,400.000,-1,375.000,-1,325.000,325.000,325.000,300.000,-1,-1,-1,-1,775.000,750.000,-1,-1,2,0,2,0,2,0,0,0,0,2,2,2,2,0,0,2,2
47,840.119,-8446.891,139.041,-116.422,-0.445034,0.895400,0.014249,-0.895506,-0.444912,-0.011034,-0.003541,-0.017671,0.999838,0,0.77109,0.22554,46.265,0.451,-1,400.000,-1,375.000,-1,325.000,325.000,325.000,300.000,-1,-1,-1,-1,775.000,775.000,-1,-1,2,0,2,0,2,0,0,0,0,2,2,2,2,0,0,2,2
48,819.703,-8488.362,138.979,-116.211,-0.441741,0.897003,0.015821,-0.897135,-0.441595,-0.011917,-0.003703,-0.019458,0.999804,0,0.77041,0.10554,46.225,0.211,-1,400.000,-1,375.000,-1,325.000,325.000,325.000,300.000,-1,-1,-1,-1,775.000,775.000,-1,-1,2,0,2,0,2,0,0,0,0,2,2,2,2,0,0,2,2
49,799.292,-8529.771,138.964,-116.240,-0.442201,0.896747,0.017424,-0.896908,-0.442031,-0.012820,-0.003794,-0.021297,0.999766,0,0.76944,-0.01446,46.166,-0.029,-1,400.000,-1,375.000,-1,325.000,325.000,325.000,325.000,-1,-1,-1,-1,750.000,775.000,-1,-1,2,0,2,0,2,0,0,0,0,2,2,2,2,0,0,2,2
50,778.720,-8571.016,139.000,-116.509,-0.446412,0.894625,0.019034,-0.894819,-0.446217,-0.013741,-0.003800,-0.023166,0.999724,0,0.76817,-0.13446,46.090,-0.269,-1,400.000,-1,375.000,-1,325.000,325.000,325.000,325.000,-1,-1,-1,-1,750.000,775.000,-1,-1,2,0,2,0,2,0,0,0,0,2,2,2,2,0,0,2,2
51,757.826,-8611.993,138.970,-117.018,-0.454339,0.890596,0.020394,-0.890823,-0.454130,-0.014172,-0.003360,-0.024607,0.999692,0,0.76660,-0.25446,45.996,-0.509,-1,400.000,-1,375.000,-1,325.000,325.000,325.000,325.000,-1,-1,-1,-1,750.000,775.000,-1,-1,2,0,2,0,2,0,0,0,0,2,2,2,2,0,0,2,2
52,736.450,-8652.594,138.829,-117.767,-0.465924,0.884566,0.021406,-0.884822,-0.465723,-0.013888,-0.002315,-0.025411,0.999674,0,0.76474,-0.37446,45.885,-0.749,-1,400.000,-1,400.000,-1,325.000,325.000,325.000,325.000,-1,-1,-1,-1,750.000,800.000,-1,-1,2,0,2,0,2,0,0,0,0,2,2,2,2,0,0,2,2
53,714.438,-8692.708,138.744,-118.756,-0.481102,0.876380,0.022354,-0.876664,-0.480911,-0.013619,-0.001185,-0.026149,0.999657,0,0.76261,-0.49446,45.757,-0.989,-1,400.000,-1,400.000,1000.000,325.000,325.000,325.000,325.000,-1,-1,-1,-1,750.000,800.000,-1,-1,2,0,2,0,1,0,0,0,0,2,2,2,2,0,0,2,2
54,694.267,-8728.354,138.591,-119.505,-0.492507,0.870016,0.022568,-0.870308,-0.492323,-0.013471,-0.000609,-0.026276,0.999655,0,0.68261,-0.37446,40.957,-0.749,-1,400.000,-1,400.000,950.000,325.000,325.000,325.000,325.000,-1,-1,-1,-1,725.000,800.000,-1,-1,2,0,2,0,1,0,0,0,0,2,2,2,2,0,0,2,2
55,676.181,-8759.662,138.347,-120.013,-0.500217,0.865619,0.022035,-0.865900,-0.500037,-0.013432,-0.000609,-0.025799,0.999667,0,0.60261,-0.25446,36.157,-0.509,-1,400.000,1000.000,400.000,925.000,325.000,325.000,325.000,325.000,-1,-1,-1,-1,725.000,800.000,-1,1000.000,2,0,1,0,1,0,0,0,0,2,2,2,2,0,0,2,1
56,660.368,-8786.740,138.164,-120.282,-0.504277,0.863272,0.021567,-0.863541,-0.504100,-0.013385,-0.000683,-0.025374,0.999678,0,0.52261,-0.13446,31.357,-0.269,-1,375.000,975.000,400.000,900.000,325.000,325.000,325.000,325.000,-1,-1,-1,-1,725.000,775.000,-1,975.000,2,0,1,0,1,0,0,0,0,2,2,2,2,0,1,2,1
57,646.965,-8809.667,138.030,-120.311,-0.504716,0.863026,0.021180,-0.863285,-0.504540,-0.013345,-0.000831,-0.025020,0.999687,0,0.44261,-0.01446,26.557,-0.029,-1,375.000,925.000,400.000,875.000,325.000,325.000,325.000,325.000,-1,-1,-1,-1,725.000,750.000,-1,950.000,2,0,1,0,1,0,0,0,0,2,2,2,2,0,1,2,1
58,636.036,-8828.479,137.934,-120.154,-0.502341,0.864417,0.020879,-0.864669,-0.502166,-0.013321,-0.001031,-0.024746,0.999693,0,0.36261,0.07887,21.757,0.158,-1,375.000,925.000,400.000,875.000,300.000,325.000,325.000,325.000,-1,-1,-1,-1,725.000,750.000,-1,925.000,2,0,1,0,1,0,0,0,0,2,2,2,2,0,1,2,1
59,627.558,-8843.165,137.866,-119.997,-0.499979,0.865791,0.020651,-0.866037,-0.499803,-0.013310,-0.001203,-0.024539,0.999698,0,0.28261,0.07831,16.957,0.157,-1,375.000,900.000,400.000,850.000,300.000,325.000,325.000,325.000,-1,-1,-1,-1,725.000,725.000,-1,925.000,2,0,1,0,1,0,0,0,0,2,2,2,2,0,1,2,1
60,621.509,-8853.710,137.822,-119.841,-0.497628,0.867148,0.020493,-0.867390,-0.497452,-0.013308,-0.001346,-0.024398,0.999701,0,0.20261,0.07781,12.157,0.156,-1,375.000,875.000,400.000,850.000,300.000,325.000,325.000,325.000,-1,-1,-1,-1,725.000,700.000,-1,900.000,2,0,1,0,1,0,0,0,0,2,2,2,2,0,1,2,1
61,617.866,-8860.101,137.797,-119.687,-0.495285,0.868491,0.020404,-0.868729,-0.495109,-0.013311,-0.001458,-0.024319,0.999703,0,0.12261,0.07738,7.357,0.155,-1,375.000,875.000,400.000,825.000,300.000,325.000,325.000,325.000,-1,-1,-1,-1,725.000,700.000,-1,900.000,2,0,1,0,1,0,0,0,0,2,2,2,2,0,1,2,1
62,611.918,-8870.704,137.761,-119.292,-0.489293,0.871884,0.020279,-0.872118,-0.489115,-0.013329,-0.001703,-0.024207,0.999706,0,0.20261,0.19738,12.157,0.395,-1,375.000,875.000,400.000,825.000,300.000,325.000,325.000,325.000,-1,-1,-1,-1,725.000,675.000,-1,875.000,2,0,1,0,1,0,0,0,0,2,2,2,2,0,1,2,1
63,603.786,-8885.583,137.714,-118.657,-0.479609,0.877252,0.020128,-0.877480,-0.479427,-0.013371,-0.002080,-0.024075,0.999708,0,0.28261,0.31738,16.957,0.635,-1,375.000,850.000,400.000,825.000,300.000,325.000,325.000,325.000,-1,-1,-1,-1,700.000,650.000,-1,850.000,2,0,1,0,1,0,0,0,0,2,2,2,2,0,1,2,1
64,593.645,-8904.832,137.654,-117.782,-0.466166,0.884471,0.019998,-0.884693,-0.465979,-0.013449,-0.002576,-0.023961,0.999710,0,0.36261,0.43738,21.757,0.875,-1,375.000,850.000,400.000,800.000,300.000,325.000,325.000,325.000,-1,-1,-1,-1,700.000,625.000,-1,800.000,2,0,1,0,1,0,0,0,0,2,2,2,2,0,1,2,1
65,581.726,-8928.564,137.557,-116.668,-0.448877,0.893369,0.020040,-0.893588,-0.448684,-0.013550,-0.003114,-0.023989,0.999707,0,0.44261,0.55738,26.557,1.115,-1,375.000,825.000,400.000,800.000,300.000,325.000,325.000,325.000,-1,-1,-1,-1,700.000,600.000,-1,750.000,2,0,1,0,1,0,0,0,0,2,2,2,2,0,1,2,1
66,568.319,-8956.910,137.449,-115.313,-0.427639,0.903725,0.020162,-0.903942,-0.427435,-0.013713,-0.003775,-0.024089,0.999703,0,0.52261,0.67738,31.357,1.355,-1,375.000,825.000,400.000,775.000,300.000,300.000,325.000,325.000,-1,-1,-1,-1,700.000,575.000,-1,700.000,2,0,1,0,1,0,0,0,0,2,2,2,2,0,1,2,1
67,553.775,-8990.013,137.333,-113.718,-0.402333,0.915266,0.020400,-0.915482,-0.402117,-0.013953,-0.004568,-0.024290,0.999695,0,0.60261,0.79738,36.157,1.595,-1,375.000,800.000,400.000,750.000,300.000,300.000,325.000,325.000,-1,-1,-1,-1,700.000,525.000,-1,650.000,2,0,1,1,1,0,0,0,0,2,2,2,2,0,1,2,1
68,538.510,-9028.019,137.209,-111.883,-0.372837,0.927664,0.020797,-0.927881,-0.372604,-0.014284,-0.005502,-0.024623,0.999682,0,0.68261,0.91738,40.957,1.835,-1,375.000,800.000,375.000,700.000,300.000,300.000,325.000,325.000,-1,-1,-1,-1,700.000,500.000,-1,575.000,2,0,1,1,1,0,1,0,0,2,2,2,2,0,1,2,1
69,522.907,-9071.033,137.069,-109.938,-0.341148,0.939766,0.021397,-0.939987,-0.340893,-0.014694,-0.006515,-0.025125,0.999663,0,0.76261,0.97270,45.757,1.945,-1,375.000,800.000,350.000,600.000,300.000,300.000,325.000,325.000,-1,-1,-1,-1,700.000,450.000,-1,500.000,2,0,1,1,1,0,1,0,0,2,2,2,2,0,1,2,1
70,507.281,-9119.114,136.892,-108.005,-0.309275,0.950711,0.022292,-0.950943,-0.308996,-0.015127,-0.007493,-0.025877,0.999637,0,0.84261,0.96644,50.557,1.933,-1,375.000,-1,325.000,500.000,300.000,275.000,325.000,325.000,-1,-1,-1,-1,700.000,425.000,-1,450.000,2,0,2,1,1,0,1,0,0,2,2,2,2,0,1,2,1
71,493.185,-9167.993,136.847,-106.087,-0.277284,0.960514,0.022955,-0.960754,-0.276995,-0.015021,-0.008070,-0.026219,0.999624,0,0.84785,0.95919,50.871,1.918,-1,375.000,-1,300.000,425.000,300.000,275.000,325.000,350.000,-1,-1,-1,-1,700.000,400.000,-1,375.000,2,0,2,1,1,0,1,0,0,2,2,2,2,0,1,2,1
72,480.667,-9217.522,136.727,-104.184,-0.245250,0.969174,0.023536,-0.969423,-0.244956,-0.014685,-0.008467,-0.026418,0.999615,0,0.85145,0.95114,51.087,1.902,-1,375.000,-1,275.000,350.000,300.000,275.000,325.000,350.000,-1,-1,-1,-1,700.000,375.000,-1,325.000,2,0,2,1,1,0,1,0,0,2,2,2,2,0,1,2,1
73,469.748,-9267.606,137.393,-102.300,-0.213165,0.976616,0.027978,-0.977004,-0.212932,-0.011084,-0.004868,-0.029697,0.999547,0,0.85434,0.94228,51.260,1.885,-1,375.000,-1,275.000,300.000,300.000,275.000,325.000,350.000,-1,-1,-1,-1,725.000,350.000,-1,275.000,2,0,2,1,1,0,1,0,0,2,2,2,2,0,1,2,1
74,460.445,-9318.141,139.947,-100.435,-0.180940,0.982669,0.040276,-0.983484,-0.180968,-0.002997,0.004344,-0.040153,0.999184,0,0.85640,0.93256,51.384,1.865,-1,400.000,-1,275.000,250.000,325.000,300.000,300.000,375.000,-1,650.000,-1,-1,775.000,375.000,-1,250.000,2,0,2,1,1,0,1,0,0,2,0,2,2,0,1,2,1
75,452.764,-9369.015,142.444,-98.591,-0.148697,0.987517,0.051958,-0.988794,-0.149184,0.005606,0.013287,-0.050542,0.998634,0,0.85751,0.92196,51.451,1.844,-1,425.000,-1,300.000,225.000,350.000,300.000,300.000,400.000,-1,325.000,525.000,-1,825.000,375.000,-1,250.000,2,0,2,1,1,0,1,0,0,2,0,0,2,0,1,2,1
76,446.704,-9420.110,144.783,-96.770,-0.116548,0.991209,0.062618,-0.992949,-0.117664,0.014429,0.021671,-0.060495,0.997933,0,0.85754,0.91047,51.453,1.821,-1,450.000,-1,300.000,225.000,375.000,325.000,300.000,450.000,-1,200.000,350.000,-1,875.000,400.000,-1,225.000,2,0,2,1,1,0,1,0,0,2,0,0,2,0,1,2,1
77,442.255,-9471.298,146.865,-94.974,-0.084628,0.993815,0.071899,-0.995984,-0.086487,0.023142,0.029217,-0.069652,0.997143,0,0.85635,0.89808,51.381,1.796,-1,475.000,-1,325.000,200.000,375.000,375.000,300.000,475.000,-1,150.000,275.000,-1,925.000,400.000,-1,225.000,2,0,2,1,1,0,1,0,0,2,0,0,2,0,1,2,1
78,439.398,-9522.447,148.600,-93.204,-0.053082,0.995421,0.079498,-0.997953,-0.055723,0.031381,0.035667,-0.077669,0.996341,0,0.85383,0.88479,51.230,1.770,-1,475.000,-1,325.000,175.000,400.000,400.000,275.000,450.000,875.000,100.000,250.000,-1,975.000,525.000,-1,225.000,2,0,2,1,1,0,1,0,1,0,0,0,2,0,1,2,1
79,438.101,-9573.421,149.900,-91.463,-0.022059,0.996122,0.085169,-0.998924,-0.025436,0.038770,0.040786,-0.084222,0.995612,0,0.84985,0.87065,50.991,1.741,-1,500.000,-1,375.000,175.000,400.000,425.000,275.000,350.000,775.000,75.000,225.000,-1,-1,-1,-1,200.000,2,0,2,1,1,0,0,0,1,0,0,0,2,2,2,2,1
80,438.325,-9624.080,150.689,-89.751,0.008301,0.996021,0.088734,-0.998981,0.004323,0.044926,0.044364,-0.089017,0.995042,0,0.84434,0.85572,50.660,1.711,-1,500.000,-1,425.000,150.000,425.000,450.000,275.000,275.000,700.000,75.000,200.000,-1,-1,-1,-1,200.000,2,0,2,1,1,0,0,0,1,0,0,0,2,2,2,2,1
81,440.018,-9674.285,150.897,-88.071,0.037880,0.995214,0.090079,-0.998213,0.033516,0.049475,0.046219,-0.091792,0.994705,0,0.83724,0.84008,50.234,1.680,-1,500.000,-1,475.000,150.000,425.000,450.000,275.000,225.000,675.000,75.000,200.000,-1,-1,-1,-1,200.000,2,0,2,1,1,0,0,0,1,0,0,0,2,2,2,2,1
82,443.120,-9723.901,150.469,-86.423,0.066591,0.993789,0.089154,-0.996710,0.062116,0.052060,0.046199,-0.092328,0.994656,0,0.82856,0.82387,49.714,1.648,-1,500.000,-1,525.000,150.000,425.000,450.000,275.000,200.000,650.000,75.000,200.000,-1,-1,-1,-1,-1,2,0,2,1,1,0,0,0,1,0,0,0,2,2,2,2,2
83,447.561,-9772.801,149.358,-84.809,0.094385,0.991816,0.085975,-0.994555,0.090107,0.052357,0.044181,-0.090449,0.994921,0,0.81838,0.80725,49.103,1.614,-1,500.000,-1,550.000,125.000,425.000,450.000,275.000,175.000,675.000,75.000,200.000,-1,-1,-1,-1,-1,2,0,2,1,1,0,0,0,1,0,0,0,2,2,2,2,2
84,453.269,-9820.871,148.262,-83.228,0.121061,0.989115,0.083641,-0.991975,0.117453,0.046802,0.036468,-0.088635,0.995396,0,0.80683,0.79041,48.410,1.581,-1,500.000,-1,550.000,-1,400.000,425.000,275.000,150.000,750.000,100.000,250.000,-1,-1,-1,-1,-1,2,0,2,1,2,0,0,0,1,0,0,0,2,2,2,2,2
85,460.177,-9868.013,146.475,-81.663,0.146420,0.985919,0.080782,-0.989071,0.144480,0.029393,0.017307,-0.084203,0.996298,0,0.79412,0.78253,47.647,1.565,-1,450.000,-1,500.000,-1,375.000,400.000,275.000,125.000,975.000,325.000,625.000,-1,875.000,-1,-1,-1,2,0,2,0,2,0,0,0,1,0,0,0,2,0,2,2,2
86,468.227,-9914.143,145.094,-80.102,0.171819,0.981939,0.079205,-0.985128,0.171346,0.012779,-0.001024,-0.080222,0.996776,0,0.78048,0.78067,46.829,1.561,-1,400.000,-1,450.000,-1,350.000,350.000,275.000,100.000,-1,-1,-1,-1,775.000,950.000,-1,-1,2,0,2,0,2,0,0,0,1,2,2,2,2,0,0,2,2
87,478.273,-9964.784,144.083,-78.780,0.193178,0.977921,0.079705,-0.981002,0.193982,-0.002399,-0.017808,-0.077727,0.996816,0,0.86048,0.66067,51.629,1.321,-1,375.000,-1,425.000,-1,325.000,325.000,275.000,100.000,-1,-1,-1,-1,700.000,825.000,-1,-1,2,0,2,0,2,0,0,0,1,2,2,2,2,0,0,2,2
88,489.914,-10018.162,143.336,-77.699,0.210531,0.974178,0.081576,-0.977060,0.212423,-0.015150,-0.032087,-0.076515,0.996552,0,0.91053,0.54067,54.632,1.081,-1,350.000,-1,400.000,-1,300.000,325.000,275.000,100.000,-1,-1,-1,-1,625.000,750.000,-1,-1,2,0,2,0,2,0,0,0,1,2,2,2,2,0,0,2,2
89,502.133,-10070.473,143.707,-76.858,0.224067,0.970720,0.086585,-0.973747,0.226650,-0.021116,-0.040122,-0.079580,0.996021,0,0.89532,0.42067,53.719,0.841,-1,350.000,-1,375.000,-1,300.000,300.000,275.000,100.000,-1,-1,-1,-1,600.000,700.000,-1,-1,2,0,2,0,2,0,0,0,1,2,2,2,2,0,0,2,2
90,514.700,-10121.832,144.492,-76.256,0.233752,0.967913,0.092219,-0.971310,0.236733,-0.022678,-0.043782,-0.084272,0.995481,0,0.88124,0.30067,52.875,0.601,-1,350.000,-1,375.000,-1,300.000,300.000,275.000,125.000,-1,-1,-1,-1,600.000,700.000,-1,-1,2,0,2,0,2,0,0,0,1,2,2,2,2,0,0,2,2
91,527.404,-10172.374,144.753,-75.895,0.239561,0.966164,0.095587,-0.969802,0.242774,-0.023358,-0.045773,-0.087105,0.995147,0,0.86856,0.18067,52.114,0.361,-1,350.000,-1,375.000,-1,300.000,300.000,275.000,150.000,-1,-1,-1,-1,575.000,700.000,-1,-1,2,0,2,0,2,0,0,0,1,2,2,2,2,0,0,2,2
92,540.049,-10222.242,144.493,-75.774,0.241540,0.965566,0.096645,-0.969296,0.244798,-0.023227,-0.046086,-0.088067,0.995048,0,0.85745,0.06067,51.447,0.121,-1,350.000,-1,375.000,-1,300.000,300.000,275.000,175.000,-1,-1,-1,325.000,575.000,700.000,-1,-1,2,0,2,0,2,0,0,0,1,2,2,2,1,0,0,2,2
93,552.448,-10271.586,143.728,-75.892,0.239702,0.966146,0.095419,-0.969815,0.242817,-0.022324,-0.044737,-0.087188,0.995187,0,0.84796,-0.05933,50.877,-0.119,-1,350.000,-1,375.000,-1,300.000,300.000,275.000,200.000,-1,-1,-1,225.000,600.000,725.000,-1,-1,2,0,2,0,2,0,0,0,1,2,2,2,1,0,0,2,2
94,564.424,-10320.547,142.481,-76.251,0.234019,0.967870,0.091994,-0.971334,0.236819,-0.020643,-0.041766,-0.084526,0.995546,0,0.84008,-0.17933,50.405,-0.359,-1,350.000,-1,375.000,-1,300.000,300.000,275.000,225.000,-1,-1,-1,200.000,600.000,725.000,-1,-1,2,0,2,0,2,0,0,0,1,2,2,2,1,0,0,2,2
95,575.800,-10369.261,140.780,-76.850,0.224433,0.970643,0.086501,-0.973778,0.226775,-0.018142,-0.037226,-0.080161,0.996087,0,0.83374,-0.29933,50.024,-0.599,-1,350.000,-1,400.000,-1,300.000,300.000,275.000,225.000,-1,-1,-1,175.000,625.000,725.000,-1,-1,2,0,2,0,2,0,0,0,1,2,2,2,1,0,0,2,2
96,586.396,-10417.849,138.659,-77.688,0.210859,0.974310,0.079114,-0.977019,0.212642,-0.014737,-0.031181,-0.074188,0.996757,0,0.82884,-0.41933,49.730,-0.839,-1,350.000,-1,400.000,-1,300.000,325.000,275.000,250.000,-1,-1,-1,175.000,650.000,750.000,-1,-1,2,0,2,0,2,0,0,0,1,2,2,2,1,0,0,2,2
97,596.099,-10466.405,135.560,-78.687,0.194718,0.978527,0.067607,-0.980610,0.195760,-0.009090,-0.022129,-0.064526,0.997671,0,0.82526,-0.49934,49.516,-0.999,-1,375.000,-1,400.000,-1,300.000,325.000,300.000,250.000,-1,-1,-1,175.000,700.000,750.000,-1,-1,2,0,2,0,2,0,0,0,1,2,2,2,1,0,0,2,2
98,604.217,-10510.378,132.941,-79.530,0.180876,0.981789,0.058093,-0.983396,0.181423,-0.004242,-0.014704,-0.056361,0.998302,0,0.74526,-0.42175,44.716,-0.844,-1,375.000,-1,400.000,-1,325.000,325.000,300.000,250.000,-1,-1,-1,200.000,750.000,775.000,-1,-1,2,0,2,0,2,0,0,0,1,2,2,2,1,0,0,2,2
99,611.373,-10552.520,130.827,-80.355,0.167106,0.984653,0.050336,-0.985900,0.167332,-0.000287,-0.008705,-0.049578,0.998732,0,0.71242,-0.41239,42.745,-0.825,-1,400.000,-1,400.000,-1,325.000,325.000,300.000,250.000,-1,-1,-1,200.000,775.000,800.000,-1,-1,2,0,2,0,2,0,0,0,1,2,2,2,1,0,0,2,2
100,617.906,-10594.558,129.041,-81.161,0.153474,0.987163,0.044219,-0.988144,0.153502,0.002786,-0.004038,-0.044122,0.999018,0,0.70904,-0.40307,42.542,-0.806,-1,400.000,-1,400.000,-1,325.000,325.000,325.000,250.000,-1,-1,-1,200.000,825.000,800.000,-1,-1,2,0,2,0,2,0,0,0,1,2,2,2,1,0,0,2,2
101,623.843,-10636.526,128.638,-81.948,0.139920,0.989199,0.043672,-0.990157,0.139932,0.002788,-0.003353,-0.043632,0.999042,0,0.70643,-0.39347,42.386,-0.787,-1,400.000,-1,400.000,-1,325.000,325.000,325.000,275.000,-1,-1,-1,225.000,825.000,800.000,-1,-1,2,0,2,0,2,0,0,0,1,2,2,2,1,0,0,2,2
102,629.203,-10678.458,128.440,-82.716,0.126656,0.990977,0.043845,-0.991942,0.126674,0.002367,-0.003208,-0.043792,0.999036,0,0.70456,-0.38358,42.273,-0.767,-1,400.000,-1,400.000,-1,325.000,325.000,325.000,300.000,-1,-1,-1,250.000,825.000,800.000,-1,-1,2,0,2,0,2,0,0,0,1,2,2,2,1,0,0,2,2
103,634.008,-10720.386,128.266,-83.462,0.113721,0.992538,0.044007,-0.993508,0.113746,0.001945,-0.003076,-0.043943,0.999029,0,0.70336,-0.37343,42.201,-0.747,-1,400.000,-1,400.000,-1,325.000,325.000,325.000,325.000,-1,-1,-1,275.000,825.000,800.000,-1,-1,2,0,2,0,2,0,0,0,1,2,2,2,1,0,0,2,2
104,638.278,-10762.336,128.115,-84.188,0.101128,0.993893,0.044158,-0.994869,0.101159,0.001520,-0.002957,-0.044085,0.999023,0,0.70278,-0.36302,42.167,-0.726,-1,400.000,-1,400.000,-1,325.000,325.000,325.000,325.000,-1,-1,-1,300.000,825.000,800.000,-1,-1,2,0,2,0,2,0,0,0,0,2,2,2,1,0,0,2,2
105,642.031,-10804.337,127.987,-84.893,0.088888,0.995056,0.044298,-0.996038,0.088927,0.001093,-0.002852,-0.044220,0.999018,0,0.70280,-0.35235,42.168,-0.705,-1,400.000,-1,400.000,-1,325.000,325.000,325.000,325.000,-1,-1,-1,325.000,825.000,800.000,-1,-1,2,0,2,0,2,0,0,0,0,2,2,2,1,0,0,2,2
106,645.287,-10846.413,127.881,-85.576,0.077015,0.996040,0.044429,-0.997026,0.077061,0.000665,-0.002762,-0.044348,0.999012,0,0.70336,-0.34144,42.202,-0.683,-1,400.000,-1,400.000,-1,325.000,325.000,325.000,325.000,-1,-1,-1,350.000,850.000,800.000,-1,-1,2,0,2,0,2,0,0,0,0,2,2,2,1,0,0,2,2
107,648.061,-10888.588,127.796,-86.237,0.065518,0.996856,0.044549,-0.997848,0.065573,0.000235,-0.002687,-0.044469,0.999007,0,0.70444,-0.33028,42.266,-0.661,-1,400.000,-1,400.000,-1,325.000,325.000,325.000,325.000,-1,-1,-1,375.000,850.000,800.000,-1,-1,2,0,2,0,2,0,0,0,0,2,2,2,1,0,0,2,2
108,650.371,-10930.885,127.733,-86.874,0.054409,0.997519,0.044661,-0.998515,0.054472,-0.000196,-0.002629,-0.044584,0.999002,0,0.70601,-0.31889,42.360,-0.638,-1,400.000,-1,400.000,-1,325.000,325.000,325.000,325.000,-1,-1,-1,400.000,850.000,800.000,-1,-1,2,0,2,0,2,0,0,0,0,2,2,2,1,0,0,2,2
109,652.232,-10973.327,127.689,-87.489,0.043699,0.998041,0.044763,-0.999041,0.043771,-0.000629,-0.002587,-0.044693,0.998997,0,0.70803,-0.30725,42.482,-0.614,-1,400.000,-1,400.000,-1,325.000,325.000,325.000,325.000,-1,-1,-1,425.000,850.000,800.000,-1,-1,2,0,2,0,2,0,0,0,0,2,2,2,1,0,0,2,2
110,653.661,-11015.933,127.665,-88.080,0.033397,0.998435,0.044858,-0.999439,0.033478,-0.001062,-0.002562,-0.044797,0.998993,0,0.71050,-0.29537,42.630,-0.591,-1,400.000,-1,400.000,-1,325.000,325.000,325.000,325.000,-1,-1,-1,450.000,850.000,800.000,-1,-1,2,0,2,0,2,0,0,0,0,2,2,2,1,0,0,2,2
111,654.672,-11058.725,127.660,-88.646,0.023514,0.998713,0.044945,-0.999720,0.023605,-0.001496,-0.002555,-0.044897,0.998988,0,0.71339,-0.28325,42.804,-0.566,-1,400.000,-1,400.000,-1,325.000,325.000,325.000,325.000,-1,-1,-1,475.000,850.000,800.000,-1,-1,2,0,2,0,2,0,0,0,0,2,2,2,1,0,0,2,2
112,655.282,-11101.722,127.674,-89.188,0.014059,0.998887,0.045025,-0.999898,0.014160,-0.001931,-0.002567,-0.044993,0.998984,0,0.71669,-0.27089,43.001,-0.542,-1,400.000,-1,400.000,-1,325.000,325.000,325.000,325.000,-1,-1,-1,525.000,850.000,825.000,-1,-1,2,0,2,0,2,0,0,0,0,2,2,2,1,0,0,2,2
113,655.505,-11144.944,127.699,-89.704,0.005043,0.998970,0.045085,-0.999984,0.005154,-0.002349,-0.002579,-0.045072,0.998980,0,0.72037,-0.25828,43.222,-0.517,-1,400.000,-1,400.000,-1,325.000,325.000,325.000,325.000,-1,-1,-1,550.000,875.000,825.000,-1,-1,2,0,2,0,2,0,0,0,0,2,2,2,1,0,0,2,2
114,655.357,-11188.410,127.353,-90.195,-0.003543,0.998965,0.045358,-0.999989,-0.003404,-0.003146,-0.002988,-0.045368,0.998966,0,0.72443,-0.24543,43.466,-0.491,-1,400.000,-1,400.000,-1,325.000,325.000,325.000,325.000,-1,-1,-1,575.000,875.000,825.000,-1,-1,2,0,2,0,2,0,0,0,0,2,2,2,1,0,0,2,2
115,654.854,-11232.139,126.955,-90.660,-0.011683,0.998888,0.045676,-0.999925,-0.011505,-0.004156,-0.003625,-0.045721,0.998948,0,0.72887,-0.23233,43.732,-0.465,-1,400.000,-1,400.000,-1,325.000,325.000,325.000,325.000,-1,-1,-1,600.000,875.000,850.000,-1,-1,2,0,2,0,2,0,0,0,0,2,2,2,1,0,0,2,2
116,654.010,-11276.151,126.572,-91.098,-0.019358,0.998755,0.045978,-0.999803,-0.019140,-0.005170,-0.004283,-0.046069,0.998929,0,0.73366,-0.21898,44.020,-0.438,-1,400.000,-1,400.000,-1,325.000,325.000,325.000,325.000,-1,-1,-1,650.000,875.000,850.000,-1,-1,2,0,2,0,2,0,0,0,0,2,2,2,1,0,0,2,2
117,652.844,-11320.464,126.201,-91.509,-0.026557,0.998576,0.046264,-0.999635,-0.026299,-0.006188,-0.004962,-0.046411,0.998910,0,0.73881,-0.20536,44.329,-0.411,-1,400.000,-1,400.000,-1,325.000,325.000,325.000,325.000,-1,-1,-1,675.000,875.000,850.000,-1,-1,2,0,2,0,2,0,0,0,0,2,2,2,1,0,0,2,2
118,651.370,-11365.099,125.843,-91.892,-0.033272,0.998362,0.046536,-0.999430,-0.032972,-0.007210,-0.005664,-0.046749,0.998891,0,0.74432,-0.19149,44.659,-0.383,-1,400.000,-1,400.000,-1,325.000,325.000,325.000,325.000,-1,-1,-1,725.000,875.000,850.000,-1,-1,2,0,2,0,2,0,0,0,0,2,2,2,1,0,0,2,2
119,649.606,-11410.075,125.496,-92.246,-0.039495,0.998123,0.046795,-0.999199,-0.039151,-0.008236,-0.006389,-0.047083,0.998871,0,0.75017,-0.17734,45.010,-0.355,-1,400.000,-1,400.000,-1,325.000,325.000,325.000,325.000,-1,-1,-1,750.000,875.000,850.000,-1,-1,2,0,2,0,2,0,0,0,0,2,2,2,1,0,0,2,2
120,647.570,-11455.412,125.161,-92.572,-0.045214,0.997869,0.047042,-0.998952,-0.044826,-0.009267,-0.007138,-0.047412,0.998850,0,0.75638,-0.16292,45.383,-0.326,-1,400.000,-1,400.000,-1,325.000,325.000,325.000,325.000,-1,-1,-1,800.000,875.000,850.000,-1,-1,2,0,2,0,2,0,0,0,0,2,2,2,1,0,0,2,2
121,645.279,-11501.130,124.835,-92.869,-0.050421,0.997608,0.047281,-0.998697,-0.049988,-0.010302,-0.007913,-0.047738,0.998829,0,0.76293,-0.14822,45.776,-0.296,-1,400.000,-1,400.000,-1,325.000,325.000,325.000,325.000,-1,-1,-1,850.000,900.000,875.000,-1,-1,2,0,2,0,2,0,0,0,0,2,2,2,1,0,0,2,2
122,642.753,-11547.251,124.518,-93.135,-0.055106,0.997350,0.047511,-0.998442,-0.054626,-0.011341,-0.008716,-0.048062,0.998806,0,0.76983,-0.13323,46.190,-0.266,-1,400.000,-1,400.000,-1,325.000,325.000,325.000,325.000,-1,-1,-1,900.000,900.000,875.000,-1,-1,2,0,2,0,2,0,0,0,0,2,2,2,1,0,0,2,2
123,640.012,-11593.796,124.209,-93.371,-0.059259,0.997101,0.047735,-0.998197,-0.058731,-0.012386,-0.009546,-0.048383,0.998783,0,0.77709,-0.11795,46.625,-0.236,-1,400.000,-1,400.000,-1,325.000,325.000,325.000,325.000,-1,-1,-1,925.000,900.000,875.000,-1,-1,2,0,2,0,2,0,0,0,0,2,2,2,1,0,0,2,2
124,637.076,-11640.787,123.907,-93.576,-0.062869,0.996869,0.047955,-0.997968,-0.062292,-0.013436,-0.010406,-0.048702,0.998759,0,0.78471,-0.10236,47.083,-0.205,-1,425.000,-1,400.000,-1,325.000,325.000,325.000,325.000,-1,-1,-1,975.000,900.000,875.000,-1,-1,2,0,2,0,2,0,0,0,0,2,2,2,1,0,0,2,2
125,634.191,-11687.428,123.606,-93.540,-0.062309,0.996893,0.048186,-0.997991,-0.061678,-0.014473,-0.011456,-0.048991,0.998733,0,0.77883,0.01764,46.730,0.035,-1,425.000,-1,400.000,-1,325.000,325.000,325.000,325.000,-1,-1,-1,-1,925.000,875.000,-1,-1,2,0,2,0,2,0,0,0,0,2,2,2,2,0,0,2,2
126,631.502,-11734.559,123.289,-93.265,-0.057578,0.997165,0.048447,-0.998260,-0.056887,-0.015519,-0.012719,-0.049256,0.998705,0,0.78680,0.13764,47.208,0.275,-1,425.000,-1,400.000,-1,325.000,325.000,325.000,325.000,-1,-1,-1,-1,950.000,925.000,-1,-1,2,0,2,0,2,0,0,0,0,2,2,2,2,0,0,2,2
127,629.186,-11782.205,122.948,-92.784,-0.049267,0.997595,0.048746,-0.998685,-0.048511,-0.016576,-0.014172,-0.049498,0.998674,0,0.79503,0.24057,47.702,0.481,-1,425.000,-1,425.000,-1,350.000,325.000,325.000,325.000,-1,-1,-1,-1,1000.000,950.000,-1,-1,2,0,2,0,2,0,0,0,0,2,2,2,2,0,0,2,2
128,627.241,-11831.312,122.044,-92.269,-0.040395,0.997934,0.049957,-0.999059,-0.039548,-0.017820,-0.015808,-0.050630,0.998592,0,0.81909,0.25725,49.146,0.515,-1,425.000,-1,425.000,-1,350.000,325.000,325.000,325.000,-1,-1,-1,-1,1000.000,1000.000,-1,-1,2,0,2,0,2,0,0,0,0,2,2,2,2,0,0,2,2
129,625.751,-11880.778,120.619,-91.725,-0.031036,0.998259,0.050160,-0.999350,-0.030072,-0.019861,-0.018318,-0.050744,0.998544,0,0.82481,0.27200,49.489,0.544,-1,425.000,-1,425.000,-1,325.000,325.000,325.000,325.000,-1,-1,-1,-1,1000.000,1000.000,-1,-1,2,0,2,0,2,0,0,0,0,2,2,2,2,0,0,2,2
130,624.749,-11930.638,119.159,-91.151,-0.021146,0.998505,0.050400,-0.999558,-0.020061,-0.021925,-0.020881,-0.050842,0.998488,0,0.83116,0.28723,49.870,0.574,-1,425.000,-1,400.000,-1,325.000,325.000,325.000,325.000,-1,-1,-1,-1,-1,-1,-1,-1,2,0,2,0,2,0,0,0,0,2,2,2,2,2,2,2,2
131,624.271,-11980.924,117.661,-90.545,-0.010709,0.998657,0.050681,-0.999666,-0.009501,-0.024013,-0.023499,-0.050922,0.998426,0,0.83815,0.30295,50.289,0.606,-1,425.000,-1,400.000,-1,325.000,325.000,325.000,325.000,-1,-1,-1,-1,-1,-1,-1,-1,2,0,2,0,2,0,0,0,0,2,2,2,2,2,2,2,2
132,624.354,-12031.671,116.122,-89.907,0.000291,0.998698,0.051008,-0.999657,0.001626,-0.026125,-0.026174,-0.050983,0.998356,0,0.84579,0.31917,50.747,0.638,-1,425.000,-1,400.000,-1,325.000,325.000,300.000,325.000,-1,-1,-1,-1,-1,-1,-1,-1,2,0,2,0,2,0,0,0,0,2,2,2,2,2,2,2,2
133,625.039,-12082.911,114.538,-89.235,0.011869,0.998608,0.051384,-0.999512,0.013334,-0.028263,-0.028909,-0.051023,0.998279,0,0.85407,0.33589,51.244,0.672,-1,400.000,-1,400.000,-1,325.000,325.000,300.000,325.000,-1,-1,-1,-1,-1,-1,-1,-1,2,0,2,0,2,0,0,0,0,2,2,2,2,2,2,2,2
134,626.369,-12134.675,112.905,-88.529,0.024043,0.998367,0.051814,-0.999208,0.025642,-0.030426,-0.031705,-0.051042,0.998193,0,0.86302,0.35311,51.781,0.706,-1,400.000,-1,400.000,-1,325.000,325.000,300.000,325.000,-1,-1,-1,-1,-1,-1,-1,-1,2,0,2,0,2,0,0,0,0,2,2,2,2,2,2,2,2
135,628.391,-12186.994,111.219,-87.787,0.036826,0.997952,0.052304,-0.998724,0.038564,-0.032614,-0.034564,-0.051036,0.998099,0,0.87263,0.37086,52.358,0.742,-1,425.000,-1,425.000,-1,325.000,325.000,300.000,325.000,-1,-1,-1,-1,-1,-1,-1,-1,2,0,2,0,2,0,0,0,0,2,2,2,2,2,2,2,2
