timestep,x_cm,y_cm,z_cm,yaw_deg,basis_xx,basis_xy,basis_xz,basis_yx,basis_yy,basis_yz,basis_zx,basis_zy,basis_zz,teleport_flag,throttle_cmd,steering_cmd,cmd_move_cm,cmd_turn_deg,lidar_cm_0,lidar_cm_1,lidar_cm_2,lidar_cm_3,lidar_cm_4,lidar_cm_5,lidar_cm_6,lidar_cm_7,lidar_cm_8,lidar_cm_9,lidar_cm_10,lidar_cm_11,lidar_cm_12,lidar_cm_13,lidar_cm_14,lidar_cm_15,lidar_cm_16,lidar_class_0,lidar_class_1,lidar_class_2,lidar_class_3,lidar_class_4,lidar_class_5,lidar_class_6,lidar_class_7,lidar_class_8,lidar_class_9,lidar_class_10,lidar_class_11,lidar_class_12,lidar_class_13,lidar_class_14,lidar_class_15,lidar_class_16
0,988.695,-328.174,-77.886,-2.521,0.998402,0.043966,0.035505,-0.042832,0.998566,-0.032103,-0.036865,0.030531,0.998854,1,0.08000,-0.04459,4.800,-0.089,-1,400.000,-1,400.000,-1,325.000,325.000,300.000,300.000,-1,-1,-1,-1,700.000,700.000,-1,-1,2,0,2,0,2,0,0,0,0,2,2,2,2,0,0,2,2
1,998.285,-328.614,-78.244,-2.625,0.998326,0.045779,0.035342,-0.044656,0.998492,-0.031941,-0.036751,0.030309,0.998865,0,0.16000,-0.05200,9.600,-0.104,-1,400.000,-1,375.000,-1,325.000,325.000,300.000,300.000,-1,-1,-1,-1,700.000,700.000,-1,-1,2,0,2,0,2,0,0,0,0,2,2,2,2,0,0,2,2
2,1012.669,-329.300,-78.783,-2.731,0.998248,0.047625,0.035104,-0.046519,0.998415,-0.031693,-0.036558,0.030004,0.998881,0,0.24000,-0.05296,14.400,-0.106,-1,400.000,-1,375.000,-1,325.000,325.000,300.000,300.000,-1,-1,-1,-1,700.000,700.000,-1,-1,2,0,2,0,2,0,0,0,0,2,2,2,2,0,0,2,2
3,1031.845,-330.252,-79.502,-2.840,0.998167,0.049525,0.034791,-0.048440,0.998334,-0.031359,-0.036286,0.029616,0.998903,0,0.32000,-0.05448,19.200,-0.109,-1,400.000,-1,375.000,-1,325.000,325.000,300.000,300.000,-1,-1,-1,-1,700.000,700.000,-1,-1,2,0,2,0,2,0,0,0,0,2,2,2,2,0,0,2,2
4,1055.814,-331.488,-80.402,-2.953,0.998080,0.051497,0.034404,-0.050439,0.998248,-0.030937,-0.035937,0.029142,0.998929,0,0.40000,-0.05658,24.000,-0.113,-1,400.000,-1,375.000,-1,325.000,325.000,300.000,300.000,-1,-1,-1,-1,700.000,700.000,-1,-1,2,0,2,0,2,0,0,0,0,2,2,2,2,0,0,2,2
5,1084.572,-333.032,-81.483,-3.072,0.997987,0.053563,0.033947,-0.052537,0.998155,-0.030428,-0.035514,0.028583,0.998960,0,0.48000,-0.05926,28.800,-0.119,-1,375.000,-1,375.000,-1,325.000,325.000,300.000,300.000,-1,-1,-1,-1,675.000,700.000,-1,-1,2,0,2,0,2,0,0,0,0,2,2,2,2,0,0,2,2
6,1118.120,-334.906,-82.746,-3.197,0.997885,0.055756,0.033420,-0.054766,0.998054,-0.029829,-0.035018,0.027936,0.998996,0,0.56000,-0.06291,33.600,-0.126,-1,375.000,-1,375.000,-1,325.000,325.000,300.000,300.000,-1,-1,-1,-1,675.000,700.000,-1,-1,2,0,2,0,2,0,0,0,0,2,2,2,2,0,0,2,2
7,1153.973,-336.996,-84.097,-3.336,0.997765,0.058172,0.032866,-0.057221,0.997935,-0.029184,-0.034496,0.027239,0.999034,0,0.59858,-0.06934,35.915,-0.139,-1,375.000,-1,375.000,-1,325.000,325.000,300.000,300.000,-1,-1,-1,-1,675.000,700.000,-1,-1,2,0,2,0,2,0,0,0,0,2,2,2,2,0,0,2,2
8,1189.988,-339.192,-85.456,-3.489,0.997625,0.060834,0.032317,-0.059921,0.997795,-0.028531,-0.033981,0.026527,0.999070,0,0.60136,-0.07639,36.082,-0.153,-1,375.000,-1,375.000,-1,325.000,325.000,300.000,300.000,-1,-1,-1,-1,675.000,700.000,-1,-1,2,0,2,0,2,0,0,0,0,2,2,2,2,0,0,2,2
9,1226.158,-341.503,-86.823,-3.656,0.997460,0.063749,0.031775,-0.062873,0.997632,-0.027868,-0.033476,0.025800,0.999106,0,0.60406,-0.08367,36.243,-0.167,-1,375.000,-1,375.000,-1,325.000,325.000,300.000,300.000,-1,-1,-1,-1,675.000,700.000,-1,-1,2,0,2,0,2,0,0,0,0,2,2,2,2,0,0,2,2
10,1262.475,-343.940,-88.199,-3.839,0.997269,0.066925,0.031241,-0.066085,0.997443,-0.027196,-0.032981,0.025057,0.999142,0,0.60665,-0.09116,36.399,-0.182,-1,375.000,-1,375.000,-1,325.000,300.000,300.000,300.000,-1,-1,-1,-1,675.000,675.000,-1,-1,2,0,2,0,2,0,0,0,0,2,2,2,2,0,0,2,2
11,1298.934,-346.513,-89.498,-4.036,0.997043,0.070368,0.030865,-0.069549,0.997217,-0.026866,-0.032670,0.024640,0.999162,0,0.60916,-0.09889,36.550,-0.198,-1,375.000,-1,375.000,-1,300.000,300.000,300.000,300.000,-1,-1,-1,-1,675.000,675.000,-1,-1,2,0,2,0,2,0,0,0,0,2,2,2,2,0,0,2,2
12,1335.529,-349.232,-90.454,-4.250,0.996802,0.074085,0.029962,-0.073258,0.996925,-0.027819,-0.031930,0.025535,0.999164,0,0.61159,-0.10684,36.695,-0.214,-1,375.000,-1,375.000,-1,300.000,300.000,300.000,300.000,-1,-1,-1,-1,675.000,675.000,-1,-1,2,0,2,0,2,0,0,0,0,2,2,2,2,0,0,2,2
13,1372.252,-352.110,-91.206,-4.480,0.996539,0.078088,0.028518,-0.077295,0.996617,-0.027923,-0.030602,0.025622,0.999203,0,0.61394,-0.11504,36.836,-0.230,-1,375.000,-1,375.000,-1,325.000,300.000,300.000,300.000,-1,-1,-1,-1,675.000,-1,-1,-1,2,0,2,0,2,0,0,0,0,2,2,2,2,0,2,2,2
14,1409.100,-355.156,-91.968,-4.727,0.996233,0.082383,0.027075,-0.081624,0.996269,-0.028011,-0.029282,0.025695,0.999241,0,0.61623,-0.12348,36.974,-0.247,-1,375.000,-1,375.000,-1,325.000,300.000,300.000,300.000,-1,-1,-1,-1,675.000,-1,-1,-1,2,0,2,0,2,0,0,0,0,2,2,2,2,0,2,2,2
15,1446.067,-358.385,-92.740,-4.991,0.995880,0.086978,0.025635,-0.086255,0.995877,-0.028079,-0.027971,0.025753,0.999277,0,0.61847,-0.13216,37.108,-0.264,-1,375.000,-1,375.000,-1,325.000,325.000,300.000,300.000,-1,800.000,-1,-1,675.000,-1,-1,-1,2,0,2,0,2,0,0,0,0,2,0,2,2,0,2,2,2
16,1483.151,-361.808,-93.523,-5.274,0.995476,0.091881,0.024198,-0.091194,0.995436,-0.028127,-0.026672,0.025793,0.999311,0,0.62069,-0.14110,37.241,-0.282,-1,375.000,-1,375.000,-1,325.000,325.000,300.000,300.000,-1,775.000,-1,-1,675.000,-1,-1,-1,2,0,2,0,2,0,0,0,0,2,0,2,2,0,2,2,2
17,1520.348,-365.438,-94.317,-5.574,0.995014,0.097102,0.022765,-0.096451,0.994940,-0.028151,-0.025384,0.025815,0.999344,0,0.62289,-0.15029,37.374,-0.301,-1,375.000,-1,375.000,-1,325.000,325.000,300.000,300.000,-1,750.000,-1,-1,675.000,-1,-1,-1,2,0,2,0,2,0,0,0,0,2,0,2,2,0,2,2,2
18,1557.656,-369.289,-95.123,-5.894,0.994489,0.102648,0.021338,-0.102033,0.994383,-0.028150,-0.024108,0.025818,0.999376,0,0.62511,-0.15973,37.507,-0.319,-1,375.000,-1,375.000,-1,325.000,325.000,300.000,300.000,-1,725.000,-1,-1,675.000,-1,-1,-1,2,0,2,0,2,0,0,0,0,2,0,2,2,0,2,2,2
19,1595.076,-373.376,-95.942,-6.233,0.993894,0.108528,0.019918,-0.107949,0.993759,-0.028122,-0.022846,0.025801,0.999406,0,0.62737,-0.16944,37.642,-0.339,-1,375.000,-1,375.000,-1,325.000,325.000,300.000,300.000,-1,700.000,875.000,-1,675.000,-1,-1,-1,2,0,2,0,2,0,0,0,0,2,0,0,2,0,2,2,2
20,1632.607,-377.712,-96.774,-6.591,0.993222,0.114749,0.018506,-0.114207,0.993060,-0.028065,-0.021598,0.025761,0.999435,0,0.62968,-0.17941,37.781,-0.359,-1,375.000,-1,375.000,-1,325.000,325.000,300.000,300.000,-1,675.000,825.000,-1,675.000,-1,-1,-1,2,0,2,0,2,0,0,0,0,2,0,0,2,0,2,2,2
21,1670.251,-382.315,-97.621,-6.971,0.992466,0.121321,0.017104,-0.120816,0.992281,-0.027976,-0.020366,0.025699,0.999462,0,0.63208,-0.18965,37.925,-0.379,-1,375.000,-1,400.000,-1,325.000,325.000,300.000,300.000,-1,675.000,775.000,-1,675.000,-1,-1,-1,2,0,2,1,2,0,0,0,0,2,0,0,2,0,2,2,2
22,1712.627,-387.763,-98.585,-7.326,0.991720,0.127475,0.015541,-0.127012,0.991510,-0.027845,-0.018958,0.025640,0.999491,0,0.71208,-0.17776,42.725,-0.356,-1,375.000,-1,-1,-1,325.000,325.000,300.000,300.000,-1,650.000,750.000,-1,675.000,-1,-1,-1,2,0,2,2,2,1,1,0,0,2,0,0,2,0,2,2,2
23,1759.723,-394.135,-99.672,-7.706,0.990879,0.134044,0.013823,-0.133627,0.990646,-0.027662,-0.017401,0.025562,0.999522,0,0.79208,-0.18986,47.525,-0.380,-1,375.000,-1,-1,-1,325.000,350.000,300.000,300.000,-1,625.000,725.000,-1,675.000,-1,-1,-1,2,0,2,2,2,1,1,0,0,2,0,0,2,0,2,2,2
24,1811.496,-401.712,-100.898,-8.326,0.989396,0.144752,0.011975,-0.144384,0.989143,-0.027381,-0.015808,0.025361,0.999553,0,0.87208,-0.30986,52.325,-0.620,-1,375.000,-1,-1,-1,350.000,400.000,300.000,300.000,-1,625.000,675.000,-1,675.000,-1,-1,-1,2,0,2,2,2,1,1,0,0,2,0,0,2,0,2,2,2
25,1867.907,-410.719,-102.272,-9.072,0.987449,0.157621,0.010011,-0.157304,0.987182,-0.026980,-0.014135,0.025066,0.999586,0,0.95208,-0.37304,57.125,-0.746,-1,375.000,-1,-1,-1,350.000,500.000,300.000,300.000,-1,600.000,650.000,-1,675.000,-1,-1,-1,2,0,2,2,2,1,1,0,0,2,0,0,2,0,2,2,2
26,1927.027,-420.955,-103.628,-9.823,0.985314,0.170548,0.008307,-0.170270,0.985027,-0.027016,-0.012790,0.025205,0.999600,0,1.00000,-0.37556,60.000,-0.751,-1,375.000,-1,-1,-1,400.000,650.000,275.000,300.000,-1,575.000,625.000,-1,675.000,-1,-1,-1,2,1,2,2,2,1,1,0,0,2,0,0,2,0,2,2,2
27,1986.007,-431.970,-104.370,-10.580,0.982996,0.183530,0.005993,-0.183279,0.982617,-0.029553,-0.011312,0.027952,0.999545,0,1.00000,-0.37841,60.000,-0.757,-1,400.000,-1,-1,-1,450.000,825.000,300.000,300.000,-1,575.000,600.000,-1,675.000,-1,-1,-1,2,1,2,2,2,1,1,0,0,2,0,0,2,0,2,2,2
28,2044.836,-443.768,-106.746,-11.342,0.980458,0.196540,0.008651,-0.196064,0.979808,-0.039181,-0.016177,0.036719,0.999195,0,1.00000,-0.38142,60.000,-0.763,-1,425.000,-1,-1,-1,500.000,825.000,300.000,275.000,-1,775.000,775.000,-1,675.000,-1,-1,-1,2,1,2,2,2,1,1,0,0,2,0,0,2,1,2,2,2
29,2103.504,-456.347,-112.740,-12.112,0.977631,0.209456,0.019146,-0.207861,0.976050,-0.064182,-0.032131,0.058767,0.997755,0,1.00000,-0.38464,60.000,-0.769,-1,425.000,-1,-1,-1,525.000,800.000,325.000,225.000,-1,-1,-1,-1,675.000,-1,1000.000,-1,2,1,2,2,2,1,1,0,0,2,2,2,2,1,2,0,2
30,2159.878,-468.975,-119.042,-12.641,0.975468,0.218107,0.029851,-0.214670,0.972484,-0.090506,-0.048770,0.081878,0.995448,0,0.96282,-0.26464,57.769,-0.529,925.000,425.000,-1,-1,-1,525.000,750.000,325.000,200.000,-1,-1,-1,-1,650.000,-1,750.000,-1,0,1,2,2,2,1,1,0,0,2,2,2,2,1,2,0,2
31,2216.546,-481.963,-125.906,-12.930,0.974055,0.222479,0.041471,-0.216260,0.969039,-0.119145,-0.066695,0.107086,0.992010,0,0.96892,-0.14464,58.135,-0.289,775.000,425.000,-1,-1,-1,500.000,700.000,350.000,150.000,-1,-1,-1,-1,650.000,-1,575.000,-1,0,1,2,2,2,1,1,0,0,2,2,2,2,1,2,0,2
32,-4263.507,-5575.350,-289.123,-31.018,0.850571,0.512425,-0.118111,-0.520628,0.852197,-0.052018,0.073998,0.105737,0.991637,1,0.00000,0.00000,58.473,-0.049,-1,375.000,-1,375.000,-1,325.000,300.000,325.000,300.000,-1,375.000,450.000,-1,800.000,675.000,-1,-1,2,0,2,0,2,0,0,0,0,2,0,0,2,0,0,2,2
33,-4267.610,-5572.859,-289.487,-31.258,0.848425,0.515966,-0.118130,-0.524189,0.850003,-0.052166,0.073495,0.106182,0.991627,0,-0.08000,-0.12000,-4.800,-0.240,-1,375.000,-1,375.000,-1,325.000,300.000,325.000,300.000,-1,375.000,450.000,-1,800.000,675.000,-1,-1,2,0,2,0,2,0,0,0,0,2,0,0,2,0,0,2,2
34,-4275.773,-5567.809,-290.204,-31.738,0.844089,0.523019,-0.118172,-0.531281,0.845570,-0.052462,0.072484,0.107065,0.991606,0,-0.16000,-0.24000,-9.600,-0.480,-1,375.000,-1,375.000,-1,325.000,300.000,325.000,300.000,-1,375.000,450.000,-1,800.000,675.000,-1,-1,2,0,2,0,2,0,0,0,0,2,0,0,2,0,0,2,2
35,-4287.922,-5560.080,-291.259,-32.458,0.837477,0.533527,-0.118241,-0.541846,0.838811,-0.052906,0.070955,0.108376,0.991574,0,-0.24000,-0.36000,-14.400,-0.720,-1,375.000,-1,375.000,-1,325.000,300.000,325.000,300.000,-1,350.000,425.000,-1,800.000,675.000,-1,-1,2,0,2,0,2,0,0,0,0,2,0,0,2,0,0,2,2
36,-4303.946,-5549.504,-292.626,-33.418,0.828460,0.547401,-0.118346,-0.555794,0.829597,-0.053498,0.068895,0.110097,0.991530,0,-0.32000,-0.48000,-19.200,-0.960,-1,375.000,-1,375.000,-1,325.000,300.000,325.000,300.000,-1,350.000,400.000,-1,800.000,675.000,-1,-1,2,0,2,0,2,0,0,0,0,2,0,0,2,0,0,2,2
37,-4323.694,-5535.869,-294.132,-34.618,0.816935,0.564553,-0.117884,-0.572953,0.817804,-0.054052,0.065890,0.111699,0.991555,0,-0.40000,-0.60000,-24.000,-1.200,-1,375.000,-1,375.000,-1,325.000,300.000,325.000,300.000,-1,325.000,400.000,-1,775.000,675.000,-1,-1,2,0,2,0,2,0,0,0,0,2,0,0,2,0,0,2,2
38,-4344.018,-5521.070,-295.589,-36.058,0.802646,0.584815,-0.117265,-0.593197,0.803204,-0.054593,0.062261,0.113380,0.991599,0,-0.41904,-0.72000,-25.142,-1.440,-1,375.000,-1,375.000,-1,300.000,300.000,325.000,300.000,-1,325.000,375.000,-1,775.000,675.000,-1,-1,2,0,2,0,2,0,0,0,0,2,0,0,2,0,0,2,2
39,-4364.061,-5505.555,-296.936,-37.738,0.785342,0.607988,-0.116571,-0.616333,0.785554,-0.055116,0.058063,0.115132,0.991652,0,-0.42247,-0.84000,-25.348,-1.680,-1,375.000,-1,375.000,-1,300.000,300.000,325.000,300.000,-1,325.000,350.000,-1,750.000,675.000,-1,-1,2,0,2,0,2,0,0,0,0,2,0,0,2,0,0,2,2
40,-4383.755,-5489.268,-298.175,-39.588,0.765527,0.632898,-0.115795,-0.641184,0.765365,-0.055668,0.053393,0.116861,0.991712,0,-0.42598,-0.92484,-25.559,-1.850,-1,375.000,-1,375.000,-1,300.000,300.000,325.000,300.000,-1,325.000,350.000,-1,750.000,675.000,-1,-1,2,0,2,0,2,0,0,0,0,2,0,0,2,0,0,2,2
41,-4403.075,-5472.216,-299.307,-41.430,0.745036,0.657045,-0.114943,-0.665251,0.744497,-0.056269,0.048603,0.118388,0.991777,0,-0.42953,-0.92073,-25.772,-1.841,-1,375.000,-1,375.000,-1,300.000,300.000,325.000,300.000,-1,300.000,350.000,-1,725.000,675.000,-1,-1,2,0,2,0,2,0,0,0,0,2,0,0,2,0,0,2,2
42,-4421.995,-5454.409,-300.330,-43.263,0.723901,0.680416,-0.114022,-0.688518,0.722982,-0.056920,0.043707,0.119710,0.991846,0,-0.43308,-0.91658,-25.985,-1.833,-1,375.000,-1,375.000,-1,300.000,300.000,325.000,325.000,-1,300.000,325.000,-1,725.000,675.000,-1,-1,2,0,2,0,2,0,0,0,0,2,0,0,2,0,0,2,2
43,-4440.488,-5435.859,-301.242,-45.087,0.702152,0.702997,-0.113041,-0.710974,0.700853,-0.057626,0.038714,0.120831,0.991918,0,-0.43661,-0.91238,-26.197,-1.825,-1,375.000,-1,375.000,-1,300.000,300.000,325.000,325.000,-1,300.000,325.000,-1,700.000,675.000,-1,-1,2,0,2,0,2,0,0,0,0,2,0,0,2,0,0,2,2
44,-4458.529,-5416.578,-302.040,-46.904,0.679820,0.724775,-0.112009,-0.732607,0.678142,-0.058394,0.033635,0.121756,0.991990,0,-0.44012,-0.90815,-26.407,-1.816,-1,375.000,-1,375.000,-1,300.000,300.000,325.000,325.000,-1,300.000,325.000,-1,700.000,675.000,-1,-1,2,0,2,0,2,0,0,0,0,2,0,0,2,0,0,2,2
45,-4476.022,-5396.524,-302.708,-48.904,0.654449,0.747926,-0.110921,-0.755584,0.652370,-0.059210,0.028077,0.122560,0.992064,0,-0.44358,-1.00000,-26.615,-2.000,-1,375.000,-1,375.000,-1,300.000,300.000,325.000,325.000,-1,325.000,300.000,-1,700.000,675.000,-1,-1,2,0,2,0,2,0,0,0,0,2,0,0,2,0,0,2,2
46,-4492.932,-5375.713,-303.249,-50.904,0.628303,0.770181,-0.109799,-0.777645,0.625825,-0.060096,0.022430,0.123143,0.992135,0,-0.44697,-1.00000,-26.818,-2.000,-1,375.000,-1,375.000,-1,300.000,300.000,325.000,325.000,-1,325.000,300.000,-1,675.000,675.000,-1,-1,2,0,2,0,2,0,0,0,0,2,0,0,2,0,0,2,2
47,-4509.226,-5354.169,-303.663,-52.904,0.601411,0.791517,-0.108656,-0.798765,0.598537,-0.061054,0.016709,0.123509,0.992203,0,-0.45025,-1.00000,-27.015,-2.000,-1,375.000,-1,375.000,-1,300.000,300.000,325.000,325.000,-1,325.000,300.000,-1,675.000,675.000,-1,-1,2,0,2,0,2,0,0,0,0,2,0,1,2,0,0,2,2
48,-4524.866,-5331.914,-303.928,-54.904,0.573808,0.811899,-0.107533,-0.818918,0.570532,-0.062185,0.010863,0.123743,0.992255,0,-0.45340,-1.00000,-27.204,-2.000,-1,375.000,-1,375.000,-1,300.000,300.000,325.000,325.000,-1,325.000,325.000,-1,675.000,675.000,-1,-1,2,0,2,0,2,0,0,0,0,2,0,1,2,0,0,2,2
49,-4539.818,-5308.977,-303.987,-56.904,0.545545,0.831283,-0.106534,-0.838068,0.541828,-0.063747,0.004731,0.124060,0.992263,0,-0.45640,-1.00000,-27.384,-2.000,-1,375.000,-1,375.000,-1,300.000,300.000,325.000,325.000,-1,350.000,325.000,-1,675.000,675.000,-1,-1,2,0,2,0,2,0,0,0,0,2,0,1,2,0,0,2,2
50,-4554.048,-5285.388,-303.891,-58.904,0.516637,0.849683,-0.105476,-0.856203,0.512485,-0.065385,-0.001502,0.124089,0.992270,0,-0.45920,-1.00000,-27.552,-2.000,-1,375.000,-1,375.000,-1,300.000,300.000,325.000,325.000,-1,375.000,325.000,-1,675.000,675.000,-1,-1,2,0,2,0,2,0,0,0,0,2,0,1,2,0,0,2,2
51,-4567.521,-5261.182,-303.677,-60.904,0.487105,0.867064,-0.104544,-0.873309,0.482526,-0.067076,-0.007714,0.123972,0.992256,0,-0.46178,-1.00000,-27.707,-2.000,-1,375.000,-1,375.000,-1,300.000,300.000,325.000,325.000,-1,425.000,350.000,-1,650.000,675.000,-1,-1,2,0,2,0,2,0,0,0,0,2,0,1,2,0,0,2,2
52,-4580.205,-5236.396,-303.345,-62.904,0.456983,0.883404,-0.103745,-0.889367,0.451987,-0.068806,-0.013893,0.123710,0.992221,0,-0.46410,-1.00000,-27.846,-2.000,-1,375.000,-1,375.000,-1,300.000,300.000,325.000,325.000,-1,475.000,350.000,925.000,650.000,675.000,-1,-1,2,0,2,0,2,0,0,0,0,2,0,1,1,0,0,2,2
53,-4592.068,-5211.073,-302.893,-64.904,0.426307,0.898686,-0.103083,-0.904357,0.420903,-0.070565,-0.020028,0.123306,0.992167,0,-0.46613,-1.00000,-27.968,-2.000,-1,375.000,-1,375.000,-1,300.000,300.000,325.000,325.000,-1,525.000,375.000,850.000,650.000,675.000,-1,-1,2,0,2,0,2,0,0,0,0,2,0,1,1,0,0,2,2
54,-4603.080,-5185.258,-302.321,-66.904,0.395111,0.912890,-0.102562,-0.918262,0.389309,-0.072339,-0.026109,0.122760,0.992093,0,-0.46782,-1.00000,-28.069,-2.000,-1,350.000,-1,375.000,-1,300.000,300.000,325.000,325.000,-1,575.000,400.000,775.000,650.000,675.000,-1,-1,2,0,2,0,2,0,0,0,0,2,0,1,1,0,0,2,2
55,-4611.548,-5163.587,-301.628,-68.664,0.367192,0.924543,-0.101934,-0.929632,0.361137,-0.073245,-0.030906,0.121656,0.992091,0,-0.38782,-0.88000,-23.269,-1.760,-1,350.000,-1,375.000,-1,300.000,300.000,325.000,300.000,-1,625.000,425.000,700.000,650.000,675.000,-1,-1,2,0,2,0,2,0,0,0,0,2,0,1,1,0,0,2,2
56,-4617.811,-5146.215,-300.983,-70.184,0.342770,0.933930,-0.101404,-0.938774,0.336534,-0.073811,-0.034808,0.120496,0.992103,0,-0.30782,-0.76000,-18.469,-1.520,-1,350.000,-1,375.000,-1,300.000,300.000,325.000,300.000,-1,625.000,450.000,650.000,650.000,675.000,-1,-1,2,0,2,0,2,0,0,0,0,2,0,1,1,0,0,2,2
57,-4622.159,-5133.257,-300.420,-71.464,0.322009,0.941352,-0.100832,-0.945970,0.315633,-0.074273,-0.038091,0.119301,0.992127,0,-0.22782,-0.64000,-13.669,-1.280,-1,350.000,-1,375.000,-1,300.000,300.000,325.000,300.000,-1,650.000,500.000,625.000,650.000,675.000,-1,-1,2,0,2,0,2,0,0,0,0,2,0,1,1,0,0,2,2
58,-4624.827,-5124.800,-300.025,-72.504,0.305012,0.947048,-0.100341,-0.951478,0.298534,-0.074612,-0.040705,0.118230,0.992152,0,-0.14782,-0.52000,-8.869,-1.040,-1,350.000,-1,375.000,-1,300.000,300.000,325.000,300.000,-1,650.000,525.000,600.000,650.000,675.000,-1,-1,2,0,2,0,2,0,0,0,0,2,0,1,1,0,0,2,2
59,-4625.997,-5120.904,-299.848,-73.304,0.291854,0.951206,-0.100146,-0.955517,0.285307,-0.074753,-0.042534,0.117508,0.992161,0,-0.06782,-0.40000,-4.069,-0.800,-1,350.000,-1,375.000,-1,300.000,300.000,325.000,300.000,-1,650.000,550.000,600.000,650.000,675.000,-1,-1,2,0,2,0,2,0,0,0,0,2,0,1,1,0,0,2,2
60,-4625.795,-5121.607,-299.901,-73.864,0.282595,0.953988,-0.100231,-0.958248,0.276008,-0.074704,-0.043602,0.117157,0.992156,0,0.01218,-0.28000,0.731,-0.560,-1,350.000,-1,375.000,-1,300.000,300.000,325.000,300.000,-1,650.000,575.000,600.000,650.000,700.000,-1,-1,2,0,2,0,2,0,0,0,0,2,0,1,1,0,0,2,2
61,-4624.287,-5126.929,-300.188,-74.184,0.277273,0.955513,-0.100571,-0.959786,0.270675,-0.074473,-0.043938,0.117176,0.992139,0,0.09218,-0.16000,5.531,-0.320,-1,350.000,-1,375.000,-1,300.000,300.000,325.000,300.000,-1,650.000,600.000,600.000,650.000,700.000,-1,-1,2,0,2,0,2,0,0,0,0,2,0,1,1,0,0,2,2
62,-4621.485,-5136.872,-300.702,-74.264,0.275911,0.955847,-0.101140,-0.960196,0.269328,-0.074073,-0.043562,0.117552,0.992111,0,0.17218,-0.04000,10.331,-0.080,-1,350.000,-1,375.000,-1,300.000,300.000,325.000,300.000,-1,650.000,600.000,600.000,650.000,700.000,-1,-1,2,0,2,0,2,0,0,0,0,2,0,1,1,0,0,2,2
63,-4617.372,-5151.433,-301.433,-74.232,0.276383,0.955629,-0.101912,-0.960096,0.269836,-0.073508,-0.042747,0.118162,0.992074,0,0.25218,0.01580,15.131,0.032,-1,350.000,-1,375.000,-1,300.000,300.000,325.000,300.000,-1,650.000,575.000,625.000,650.000,700.000,-1,-1,2,0,2,0,2,0,0,0,0,2,0,0,1,0,0,2,2
64,-4611.943,-5170.610,-302.353,-74.196,0.276909,0.955383,-0.102784,-0.959988,0.270410,-0.072815,-0.041773,0.118834,0.992035,0,0.33218,0.01788,19.931,0.036,-1,350.000,-1,375.000,-1,300.000,300.000,325.000,300.000,-1,650.000,550.000,625.000,650.000,700.000,-1,-1,2,0,2,0,2,0,0,0,0,2,0,0,1,0,0,2,2
65,-4605.190,-5194.400,-303.472,-74.155,0.277513,0.955107,-0.103721,-0.959862,0.271075,-0.071999,-0.040651,0.119539,0.991997,0,0.41218,0.02064,24.731,0.041,-1,350.000,-1,375.000,-1,300.000,300.000,325.000,300.000,-1,650.000,525.000,650.000,650.000,700.000,-1,-1,2,0,2,0,2,0,0,0,0,2,0,0,1,0,0,2,2
66,-4597.102,-5222.801,-304.595,-74.107,0.278120,0.954865,-0.104318,-0.959766,0.271874,-0.070240,-0.038708,0.119656,0.992061,0,0.49218,0.02408,29.531,0.048,-1,375.000,-1,375.000,-1,300.000,300.000,325.000,300.000,-1,575.000,475.000,675.000,650.000,700.000,-1,-1,2,0,2,0,2,0,0,0,0,2,0,0,1,0,0,2,2
67,-4587.668,-5255.810,-305.865,-74.051,0.278827,0.954586,-0.104982,-0.959651,0.272811,-0.068151,-0.036415,0.119748,0.992136,0,0.57218,0.02821,34.331,0.056,-1,375.000,-1,375.000,-1,300.000,300.000,325.000,300.000,-1,525.000,425.000,725.000,650.000,700.000,-1,-1,2,0,2,0,2,0,0,0,0,2,0,0,1,0,0,2,2
68,-4576.871,-5293.421,-307.284,-73.984,0.279660,0.954258,-0.105743,-0.959504,0.273909,-0.065774,-0.033802,0.119855,0.992216,0,0.65218,0.03305,39.131,0.066,-1,375.000,-1,375.000,-1,300.000,300.000,325.000,325.000,-1,475.000,400.000,775.000,675.000,700.000,-1,-1,2,0,2,0,2,0,0,0,0,2,0,0,1,0,0,2,2
69,-4565.814,-5331.741,-308.530,-73.907,0.280746,0.953798,-0.107011,-0.959260,0.275168,-0.064046,-0.031641,0.120632,0.992193,0,0.66473,0.03861,39.884,0.077,-1,375.000,-1,375.000,-1,300.000,300.000,325.000,325.000,-1,450.000,375.000,800.000,675.000,700.000,-1,-1,2,0,2,0,2,0,0,0,0,2,0,0,1,0,0,2,2
70,-4554.639,-5370.244,-309.700,-73.819,0.282041,0.953256,-0.108428,-0.958945,0.276610,-0.062546,-0.029630,0.121617,0.992135,0,0.66820,0.04432,40.092,0.089,-1,375.000,-1,375.000,-1,300.000,300.000,325.000,325.000,-1,450.000,375.000,850.000,675.000,675.000,-1,-1,2,0,2,0,2,0,0,0,0,2,0,0,1,0,0,2,2
71,-4543.337,-5408.935,-310.839,-73.718,0.283527,0.952651,-0.109852,-0.958566,0.278242,-0.061099,-0.027641,0.122624,0.992068,0,0.67180,0.05010,40.308,0.100,-1,375.000,-1,375.000,-1,300.000,300.000,325.000,325.000,-1,450.000,375.000,900.000,675.000,675.000,-1,-1,2,0,2,0,2,0,0,0,0,2,0,0,1,0,0,2,2
72,-4531.895,-5447.819,-311.946,-73.607,0.285207,0.951983,-0.111287,-0.958122,0.280066,-0.059706,-0.025672,0.123655,0.991993,0,0.67555,0.05595,40.533,0.112,-1,375.000,-1,375.000,-1,300.000,325.000,325.000,325.000,-1,450.000,375.000,950.000,675.000,675.000,-1,-1,2,0,2,0,2,0,0,0,0,2,0,0,1,0,0,2,2
73,-4520.303,-5486.901,-313.017,-73.483,0.287081,0.951250,-0.112731,-0.957612,0.282084,-0.058369,-0.023723,0.124709,0.991910,0,0.67943,0.06187,40.766,0.124,-1,375.000,-1,375.000,-1,300.000,325.000,325.000,325.000,-1,450.000,375.000,975.000,675.000,675.000,-1,-1,2,0,2,0,2,0,0,0,0,2,0,0,1,0,0,2,2
74,-4508.550,-5526.187,-314.053,-73.347,0.289153,0.950449,-0.114186,-0.957035,0.284298,-0.057087,-0.021796,0.125787,0.991818,0,0.68343,0.06787,41.006,0.136,-1,375.000,-1,375.000,-1,300.000,325.000,325.000,325.000,-1,450.000,375.000,-1,675.000,675.000,-1,-1,2,0,2,0,2,0,0,0,0,2,0,0,2,0,0,2,2
75,-4496.624,-5565.678,-315.051,-73.199,0.291423,0.949577,-0.115651,-0.956387,0.286709,-0.055865,-0.019889,0.126888,0.991718,0,0.68756,0.07393,41.254,0.148,-1,375.000,-1,375.000,-1,325.000,325.000,325.000,325.000,-1,450.000,375.000,-1,675.000,650.000,-1,-1,2,0,2,0,2,0,0,0,0,2,0,0,2,0,0,2,2
76,-4484.030,-5606.604,-316.027,-72.899,0.296186,0.947913,-0.117193,-0.954967,0.291632,-0.054662,-0.017637,0.128105,0.991604,0,0.71367,0.15004,42.820,0.300,-1,375.000,-1,375.000,-1,325.000,325.000,325.000,325.000,-1,450.000,375.000,-1,675.000,650.000,-1,-1,2,0,2,0,2,0,0,0,0,2,0,0,2,0,0,2,2
77,-4471.133,-5647.715,-316.945,-72.586,0.301152,0.946154,-0.118748,-0.953452,0.296757,-0.053526,-0.015405,0.129340,0.991481,0,0.71812,0.15645,43.087,0.313,-1,375.000,-1,375.000,-1,325.000,325.000,325.000,300.000,-1,450.000,375.000,-1,650.000,650.000,-1,-1,2,0,2,0,2,0,0,0,0,2,0,0,2,0,0,2,2
78,-4457.918,-5689.014,-317.804,-72.260,0.306320,0.944294,-0.120317,-0.951837,0.302083,-0.052461,-0.013193,0.130592,0.991348,0,0.72270,0.16293,43.362,0.326,-1,375.000,-1,375.000,-1,325.000,325.000,300.000,300.000,-1,450.000,375.000,-1,650.000,650.000,-1,-1,2,0,2,0,2,0,0,0,0,2,0,0,2,0,0,2,2
79,-4444.372,-5730.503,-318.600,-71.921,0.311694,0.942331,-0.121898,-0.950119,0.307612,-0.051470,-0.011004,0.131860,0.991207,0,0.72742,0.16949,43.645,0.339,-1,375.000,-1,375.000,-1,300.000,300.000,300.000,300.000,-1,450.000,375.000,-1,650.000,625.000,-1,-1,2,0,2,0,2,0,0,0,0,2,0,0,2,0,0,2,2
80,-4430.479,-5772.183,-319.331,-71.569,0.317274,0.940259,-0.123491,-0.948293,0.313345,-0.050556,-0.008840,0.133145,0.991057,0,0.73226,0.17613,43.935,0.352,-1,375.000,-1,375.000,-1,300.000,300.000,300.000,300.000,-1,450.000,375.000,-1,650.000,625.000,-1,-1,2,0,2,0,2,0,0,0,0,2,0,0,2,0,0,2,2
81,-4416.225,-5814.056,-319.882,-71.203,0.323100,0.938124,-0.124617,-0.946339,0.319301,-0.049899,-0.007022,0.134052,0.990949,0,0.73722,0.18284,44.233,0.366,-1,375.000,-1,350.000,-1,300.000,300.000,300.000,300.000,-1,450.000,375.000,-1,650.000,625.000,-1,-1,2,0,2,0,2,0,0,0,0,2,0,0,2,0,0,2,2
82,-4401.596,-5856.121,-320.018,-70.824,0.329142,0.936049,-0.124408,-0.944265,0.325524,-0.048963,-0.005334,0.133590,0.991022,0,0.74229,0.18963,44.538,0.379,-1,375.000,-1,350.000,-1,300.000,300.000,300.000,300.000,-1,475.000,400.000,-1,650.000,625.000,-1,-1,2,0,2,0,2,0,0,0,0,2,0,0,2,0,0,2,2
83,-4386.576,-5898.380,-319.711,-70.431,0.335252,0.934020,-0.123339,-0.942125,0.332017,-0.046528,-0.002507,0.131800,0.991273,0,0.74748,0.19650,44.849,0.393,-1,375.000,-1,350.000,-1,300.000,300.000,300.000,300.000,-1,475.000,425.000,-1,650.000,625.000,-1,-1,2,0,2,0,2,0,0,0,0,2,0,0,2,0,0,2,2
84,-4369.528,-5944.879,-319.276,-69.862,0.344166,0.930912,-0.122279,-0.938908,0.341360,-0.043862,0.000910,0.129904,0.991526,0,0.82545,0.28445,49.527,0.569,-1,375.000,-1,350.000,-1,300.000,300.000,300.000,325.000,-1,475.000,450.000,-1,650.000,625.000,-1,-1,2,0,2,0,2,0,0,0,0,2,0,0,2,0,0,2,2
85,-4351.237,-5993.258,-318.729,-69.288,0.353136,0.927675,-0.121303,-0.935562,0.350763,-0.041104,0.004417,0.128002,0.991764,0,0.86204,0.28720,51.722,0.574,-1,350.000,-1,350.000,-1,300.000,300.000,300.000,325.000,-1,475.000,450.000,-1,625.000,625.000,-1,-1,2,0,2,0,2,0,0,0,0,2,0,0,2,0,0,2,2
86,-4332.444,-6041.517,-317.941,-68.723,0.361870,0.924317,-0.121195,-0.932191,0.359957,-0.038096,0.008413,0.126763,0.991897,0,0.86316,0.28267,51.790,0.565,-1,350.000,-1,350.000,-1,300.000,300.000,300.000,325.000,-1,475.000,475.000,-1,650.000,625.000,-1,-1,2,0,2,0,2,0,0,0,0,2,0,0,2,0,0,2,2
87,-4313.164,-6089.635,-316.771,-68.166,0.370295,0.920780,-0.122660,-0.928818,0.368912,-0.034643,0.013352,0.126757,0.991844,0,0.86397,0.27808,51.838,0.556,-1,375.000,-1,350.000,-1,300.000,300.000,300.000,325.000,-1,450.000,450.000,-1,650.000,625.000,-1,-1,2,0,2,0,2,0,0,0,0,2,0,0,2,0,0,2,2
88,-4293.414,-6137.594,-315.525,-67.619,0.378535,0.917216,-0.124201,-0.925407,0.377684,-0.031247,0.018249,0.126764,0.991765,0,0.86445,0.27345,51.867,0.547,-1,375.000,-1,375.000,-1,300.000,300.000,300.000,325.000,-1,425.000,450.000,-1,650.000,625.000,-1,-1,2,0,2,0,2,0,0,0,0,2,0,0,2,0,0,2,2
89,-4273.211,-6185.375,-314.204,-67.082,0.386591,0.913629,-0.125816,-0.921962,0.386273,-0.027909,0.023101,0.126787,0.991661,0,0.86463,0.26883,51.878,0.538,-1,375.000,-1,375.000,-1,300.000,300.000,325.000,300.000,-1,400.000,450.000,-1,675.000,650.000,-1,-1,2,0,2,0,2,0,0,0,0,2,0,0,2,0,0,2,2
90,-4252.571,-6232.961,-312.810,-66.553,0.394464,0.910023,-0.127502,-0.918488,0.394681,-0.024634,0.027905,0.126827,0.991532,0,0.86449,0.26422,51.870,0.528,-1,375.000,-1,375.000,-1,300.000,300.000,325.000,300.000,-1,400.000,425.000,-1,675.000,650.000,-1,-1,2,0,2,0,2,0,0,0,0,2,0,0,2,0,0,2,2
91,-4231.511,-6280.334,-311.343,-66.034,0.402156,0.906401,-0.129257,-0.914989,0.402910,-0.021425,0.032659,0.126885,0.991380,0,0.86407,0.25966,51.844,0.519,-1,375.000,-1,375.000,-1,300.000,300.000,325.000,300.000,-1,350.000,375.000,-1,675.000,650.000,-1,-1,2,0,2,0,2,0,0,0,0,2,0,0,2,0,0,2,2
92,-4210.047,-6327.479,-309.805,-65.522,0.409689,0.902759,-0.131077,-0.911460,0.410983,-0.018284,0.037364,0.126962,0.991204,0,0.86336,0.25580,51.802,0.512,-1,375.000,-1,375.000,-1,300.000,300.000,325.000,300.000,-1,325.000,350.000,-1,700.000,650.000,-1,-1,2,0,2,0,2,0,0,0,0,2,0,0,2,0,0,2,2
93,-4188.191,-6374.379,-308.197,-65.016,0.417106,0.899080,-0.132960,-0.907886,0.418941,-0.015215,0.042023,0.127059,0.991005,0,0.86240,0.25321,51.744,0.506,-1,375.000,-1,375.000,-1,300.000,300.000,325.000,300.000,-1,275.000,300.000,-1,725.000,650.000,-1,-1,2,0,2,0,2,0,0,0,0,2,0,0,2,0,0,2,2
94,-4165.956,-6421.022,-306.420,-64.514,0.424451,0.895404,-0.134508,-0.904257,0.426813,-0.012213,0.046474,0.126814,0.990837,0,0.86119,0.25092,51.671,0.502,-1,375.000,-1,375.000,-1,325.000,300.000,325.000,300.000,-1,275.000,300.000,-1,725.000,650.000,-1,-1,2,0,2,0,2,0,0,0,0,2,0,0,2,0,0,2,2
95,-4143.359,-6467.394,-304.017,-64.016,0.431999,0.891916,-0.133650,-0.900522,0.434701,-0.009786,0.049369,0.124582,0.990980,0,0.85976,0.24892,51.585,0.498,-1,375.000,-1,375.000,-1,300.000,300.000,325.000,300.000,-1,275.000,325.000,-1,750.000,675.000,-1,-1,2,0,2,0,2,0,0,0,0,2,0,0,2,0,0,2,2
96,-4120.406,-6513.482,-301.418,-63.522,0.439444,0.888429,-0.132597,-0.896728,0.442530,-0.006825,0.052615,0.121902,0.991147,0,0.85814,0.24723,51.488,0.494,-1,375.000,-1,375.000,-1,300.000,300.000,325.000,300.000,-1,300.000,325.000,-1,750.000,675.000,-1,-1,2,0,2,0,2,0,0,0,0,2,0,0,2,0,0,2,2
97,-4097.107,-6559.276,-298.657,-63.030,0.446807,0.884925,-0.131422,-0.892869,0.450303,-0.003462,0.056116,0.118889,0.991321,0,0.85635,0.24583,51.381,0.492,-1,375.000,-1,375.000,-1,300.000,300.000,325.000,300.000,-1,300.000,350.000,-1,750.000,675.000,-1,-1,2,0,2,0,2,0,0,0,0,2,0,0,2,0,0,2,2
98,-4073.471,-6604.768,-295.834,-62.541,0.454119,0.881358,-0.130324,-0.888947,0.458010,-0.000131,0.059574,0.115911,0.991471,0,0.85443,0.24475,51.266,0.490,-1,375.000,-1,375.000,-1,300.000,300.000,300.000,300.000,-1,325.000,375.000,-1,775.000,700.000,-1,-1,2,0,2,0,2,0,0,0,0,2,0,0,2,0,0,2,2
99,-4049.221,-6650.638,-292.814,-62.133,0.460191,0.878325,-0.129495,-0.885616,0.464411,0.002715,0.062523,0.113433,0.991576,0,0.86477,0.20411,51.886,0.408,-1,375.000,-1,375.000,-1,300.000,300.000,300.000,300.000,-1,325.000,400.000,-1,800.000,700.000,-1,-1,2,0,2,0,2,0,0,0,0,2,0,0,2,0,0,2,2
100,-4024.702,-6696.226,-289.384,-61.725,0.466304,0.875105,-0.129432,-0.882286,0.470698,0.003838,0.064282,0.112407,0.991581,0,0.86274,0.20363,51.764,0.407,-1,375.000,-1,375.000,-1,300.000,300.000,300.000,300.000,-1,375.000,425.000,-1,800.000,700.000,-1,-1,2,0,2,0,2,0,0,0,0,2,0,0,2,0,0,2,2
101,-3999.038,-6743.107,-285.750,-61.301,0.472619,0.871688,-0.129585,-0.878775,0.477210,0.005031,0.066225,0.111498,0.991556,0,0.89077,0.21199,53.446,0.424,-1,400.000,-1,375.000,-1,300.000,300.000,300.000,300.000,-1,425.000,475.000,-1,825.000,700.000,-1,-1,2,0,2,0,2,0,0,0,0,2,0,0,2,0,0,2,2
102,-3973.039,-6789.798,-282.108,-60.889,0.478766,0.868336,-0.129523,-0.875306,0.483531,0.006179,0.067994,0.110414,0.991557,0,0.89071,0.20621,53.442,0.412,-1,400.000,-1,375.000,-1,300.000,300.000,300.000,300.000,-1,450.000,525.000,-1,825.000,725.000,-1,-1,2,0,2,0,2,0,0,0,0,2,0,0,2,0,0,2,2
103,-3946.727,-6836.284,-278.437,-60.488,0.484729,0.865043,-0.129374,-0.871885,0.489656,0.007307,0.069670,0.109258,0.991569,0,0.89027,0.20039,53.416,0.401,-1,400.000,-1,375.000,-1,300.000,300.000,325.000,300.000,-1,500.000,550.000,-1,850.000,725.000,-1,-1,2,0,2,0,2,0,0,0,0,2,0,0,2,0,0,2,2
104,-3920.125,-6882.548,-274.740,-60.099,0.490509,0.861815,-0.129136,-0.868519,0.495585,0.008416,0.071251,0.108029,0.991591,0,0.88945,0.19454,53.367,0.389,-1,400.000,-1,375.000,-1,325.000,300.000,325.000,300.000,-1,525.000,600.000,-1,875.000,725.000,-1,-1,2,0,2,0,2,0,0,0,0,2,0,0,2,0,0,2,2
105,-3893.255,-6928.574,-271.019,-59.722,0.496108,0.858653,-0.128808,-0.865209,0.501322,0.009507,0.072737,0.106729,0.991624,0,0.88826,0.18869,53.296,0.377,-1,400.000,-1,375.000,-1,325.000,300.000,325.000,300.000,-1,575.000,625.000,-1,900.000,725.000,-1,-1,2,0,2,0,2,0,0,0,0,2,0,0,2,0,0,2,2
106,-3866.138,-6974.348,-267.246,-59.356,0.501548,0.855571,-0.128246,-0.861956,0.506874,0.010562,0.074041,0.105245,0.991686,0,0.88673,0.18289,53.204,0.366,-1,400.000,-1,375.000,-1,325.000,300.000,325.000,300.000,-1,600.000,675.000,-1,925.000,725.000,-1,-1,2,0,2,0,2,0,0,0,0,2,0,0,2,0,0,2,2
107,-3838.794,-7019.857,-263.452,-58.998,0.506870,0.852530,-0.127577,-0.858732,0.512294,0.011603,0.075248,0.103673,0.991761,0,0.88487,0.17897,53.092,0.358,-1,400.000,-1,375.000,-1,325.000,300.000,325.000,300.000,-1,650.000,725.000,-1,950.000,750.000,-1,-1,2,0,2,0,2,0,0,0,0,2,0,0,2,0,0,2,2
108,-3811.239,-7065.086,-259.482,-58.645,0.512210,0.849555,-0.126081,-0.855498,0.517654,0.012538,0.075919,0.101440,0.991941,0,0.88270,0.17641,52.962,0.353,-1,425.000,-1,375.000,-1,325.000,300.000,325.000,300.000,-1,700.000,775.000,-1,975.000,750.000,-1,-1,2,0,2,0,2,0,0,0,0,2,0,0,2,0,0,2,2
109,-3783.487,-7110.021,-255.423,-58.297,0.517525,0.846614,-0.124146,-0.852260,0.522946,0.013432,0.076293,0.098854,0.992173,0,0.88024,0.17416,52.815,0.348,-1,425.000,-1,375.000,-1,325.000,325.000,325.000,300.000,-1,750.000,850.000,-1,1000.000,775.000,-1,-1,2,0,2,0,2,0,0,0,0,2,0,0,2,0,0,2,2
110,-3755.552,-7154.651,-251.389,-57.952,0.522782,0.843665,-0.122179,-0.849028,0.528158,0.014177,0.076491,0.096322,0.992407,0,0.87753,0.17223,52.652,0.344,-1,425.000,-1,375.000,-1,325.000,325.000,325.000,300.000,-1,825.000,900.000,-1,-1,800.000,-1,-1,2,0,2,0,2,0,0,0,0,2,0,0,2,2,0,2,2
111,-3727.445,-7198.965,-247.415,-57.611,0.527994,0.840694,-0.120230,-0.845804,0.533294,0.014623,0.076412,0.093970,0.992638,0,0.87461,0.17064,52.477,0.341,-1,425.000,-1,400.000,-1,325.000,325.000,325.000,300.000,-1,875.000,975.000,-1,-1,800.000,-1,-1,2,0,2,0,2,0,0,0,0,2,0,0,2,2,0,2,2
112,-3699.177,-7242.955,-243.451,-57.272,0.533164,0.837712,-0.118216,-0.842572,0.538374,0.015002,0.076211,0.091607,0.992875,0,0.87151,0.16938,52.290,0.339,-1,425.000,-1,400.000,-1,325.000,325.000,325.000,325.000,-1,950.000,-1,-1,-1,825.000,-1,-1,2,0,2,0,2,0,0,0,0,2,0,2,2,2,0,2,2
113,-3670.757,-7286.616,-239.498,-56.935,0.538300,0.834712,-0.116137,-0.839329,0.543408,0.015313,0.075892,0.089234,0.993115,0,0.86827,0.16845,52.096,0.337,-1,425.000,-1,400.000,-1,350.000,325.000,300.000,325.000,-1,-1,-1,-1,-1,825.000,-1,-1,2,0,2,0,2,0,0,0,0,2,2,2,2,2,0,2,2
114,-3642.192,-7329.943,-235.542,-56.600,0.543414,0.831686,-0.114015,-0.836071,0.548403,0.015489,0.075408,0.086908,0.993358,0,0.86494,0.16785,51.896,0.336,-1,425.000,-1,400.000,-1,350.000,325.000,300.000,325.000,-1,-1,-1,-1,-1,850.000,-1,-1,2,0,2,0,2,0,0,0,0,2,2,2,2,2,0,2,2
115,-3613.486,-7372.933,-231.626,-56.264,0.548510,0.828638,-0.111783,-0.832783,0.553375,0.015731,0.074894,0.084462,0.993608,0,0.86156,0.16759,51.694,0.335,-1,425.000,-1,400.000,-1,350.000,325.000,300.000,325.000,-1,-1,-1,-1,-1,875.000,-1,-1,2,0,2,0,2,0,0,0,0,2,2,2,2,2,0,2,2
116,-3584.643,-7415.586,-227.767,-55.929,0.553599,0.825554,-0.109493,-0.829467,0.558329,0.015886,0.074247,0.082026,0.993861,0,0.85818,0.16766,51.491,0.335,-1,425.000,-1,425.000,-1,350.000,350.000,300.000,325.000,-1,-1,-1,-1,-1,875.000,-1,-1,2,0,2,0,2,0,0,0,0,2,2,2,2,2,0,2,2
117,-3555.662,-7457.904,-224.404,-55.593,0.558771,0.822361,-0.107226,-0.826178,0.563228,0.014301,0.072153,0.080597,0.994132,0,0.85484,0.16805,51.291,0.336,-1,425.000,-1,425.000,-1,350.000,350.000,300.000,325.000,-1,-1,-1,-1,-1,875.000,-1,-1,2,0,2,0,2,0,0,0,0,2,2,2,2,2,0,2,2
118,-3526.545,-7499.890,-221.098,-55.256,0.563960,0.819134,-0.104731,-0.822836,0.568136,0.012723,0.069923,0.079001,0.994419,0,0.85159,0.16876,51.095,0.338,-1,425.000,-1,400.000,-1,350.000,325.000,300.000,300.000,-1,-1,-1,-1,-1,875.000,-1,-1,2,0,2,0,2,0,0,0,0,2,2,2,2,2,0,2,2
119,-3497.287,-7541.549,-217.825,-54.916,0.569159,0.815859,-0.102137,-0.819441,0.573055,0.011164,0.067639,0.077341,0.994708,0,0.84846,0.16979,50.907,0.340,-1,425.000,-1,400.000,-1,350.000,325.000,300.000,300.000,-1,-1,-1,-1,-1,875.000,-1,-1,2,0,2,0,2,0,0,0,0,2,2,2,2,2,0,2,2
120,-3467.884,-7582.887,-214.583,-54.574,0.574375,0.812529,-0.099444,-0.815983,0.577995,0.009627,0.065300,0.075615,0.994997,0,0.84548,0.17113,50.729,0.342,-1,425.000,-1,400.000,-1,350.000,325.000,300.000,300.000,-1,-1,-1,-1,-1,875.000,-1,-1,2,0,2,0,2,0,0,0,0,2,2,2,2,2,0,2,2
121,-3438.329,-7623.911,-211.372,-54.228,0.579616,0.809138,-0.096652,-0.812458,0.582963,0.008112,0.062908,0.073824,0.995285,0,0.84271,0.17276,50.562,0.346,-1,425.000,-1,400.000,-1,350.000,325.000,300.000,300.000,-1,-1,-1,-1,-1,875.000,-1,-1,2,0,2,0,2,0,0,0,0,2,2,2,2,2,0,2,2
122,-3408.616,-7664.631,-208.206,-53.879,0.584880,0.805674,-0.093831,-0.808860,0.587964,0.006624,0.060506,0.072022,0.995566,0,0.84015,0.17469,50.409,0.349,-1,425.000,-1,400.000,-1,350.000,325.000,300.000,300.000,-1,-1,-1,-1,-1,875.000,-1,-1,2,0,2,0,2,0,0,0,0,2,2,2,2,2,0,2,2
123,-3381.577,-7701.360,-205.435,-53.638,0.588533,0.803277,-0.091514,-0.806362,0.591399,0.005320,0.058395,0.070662,0.995790,0,0.76015,0.12025,45.609,0.241,-1,450.000,-1,400.000,-1,325.000,325.000,300.000,300.000,-1,-1,-1,-1,-1,875.000,-1,-1,2,0,2,0,2,0,0,0,0,2,2,2,2,2,0,2,2
124,-3357.243,-7734.121,-203.025,-53.393,0.592221,0.800821,-0.089218,-0.803799,0.594887,0.004155,0.056402,0.069253,0.996003,0,0.68015,0.12249,40.809,0.245,-1,450.000,-1,400.000,-1,325.000,325.000,300.000,300.000,-1,-1,-1,-1,-1,875.000,-1,-1,2,0,2,0,2,0,0,0,0,2,2,2,2,2,0,2,2
125,-3335.647,-7762.934,-201.062,-53.144,0.595990,0.798326,-0.086439,-0.801160,0.598442,0.003114,0.054215,0.067395,0.996252,0,0.60015,0.12467,36.009,0.249,-1,425.000,-1,400.000,-1,325.000,325.000,300.000,300.000,-1,-1,-1,-1,1000.000,875.000,-1,-1,2,0,2,0,2,0,0,0,0,2,2,2,2,1,0,2,2
126,-3316.819,-7787.823,-199.380,-52.891,0.599759,0.795759,-0.084007,-0.798467,0.602035,0.002225,0.052346,0.065742,0.996463,0,0.52015,0.12674,31.209,0.253,-1,425.000,-1,400.000,-1,350.000,325.000,300.000,300.000,-1,-1,-1,-1,975.000,875.000,-1,-1,2,0,2,0,2,0,0,0,0,2,2,2,2,1,0,2,2
127,-3300.792,-7808.813,-197.987,-52.633,0.603529,0.793118,-0.081952,-0.795725,0.605657,0.001403,0.050747,0.064364,0.996635,0,0.44015,0.12865,26.409,0.257,-1,425.000,-1,400.000,-1,350.000,325.000,300.000,300.000,-1,-1,-1,-1,950.000,875.000,-1,-1,2,0,2,0,2,0,0,0,0,2,2,2,2,1,0,2,2
128,-3287.601,-7825.928,-196.860,-52.373,0.607293,0.790413,-0.080264,-0.792936,0.609304,0.000717,0.049472,0.063209,0.996773,0,0.36015,0.13035,21.609,0.261,1000.000,425.000,-1,400.000,-1,350.000,325.000,300.000,300.000,-1,-1,-1,-1,950.000,900.000,-1,-1,1,0,2,0,2,0,0,0,0,2,2,2,2,1,0,2,2
129,-3277.223,-7839.151,-195.995,-51.872,0.614297,0.785115,-0.078958,-0.787564,0.616232,0.000190,0.048806,0.062068,0.996878,0,0.28015,0.25035,16.809,0.501,975.000,425.000,-1,400.000,-1,350.000,325.000,300.000,300.000,-1,-1,-1,-1,925.000,900.000,-1,-1,1,0,2,0,2,0,0,0,0,2,2,2,2,1,0,2,2
130,-3269.688,-7848.501,-195.386,-51.131,0.624474,0.777137,-0.078038,-0.779523,0.626374,-0.000171,0.048748,0.060939,0.996950,0,0.20015,0.37035,12.009,0.741,950.000,425.000,-1,400.000,-1,350.000,325.000,300.000,300.000,-1,-1,-1,-1,925.000,900.000,-1,-1,1,0,2,0,2,0,0,0,0,2,2,2,2,1,0,2,2
131,-3265.083,-7854.047,-195.030,-50.292,0.635830,0.767928,-0.077503,-0.770263,0.637726,-0.000370,0.049142,0.059933,0.996992,0,0.12015,0.41952,7.209,0.839,925.000,425.000,-1,400.000,-1,350.000,325.000,300.000,300.000,-1,-1,-1,-1,900.000,925.000,-1,-1,1,0,2,0,2,0,0,0,0,2,2,2,2,1,0,2,2
132,-3263.518,-7855.878,-194.926,-49.455,0.646994,0.758561,-0.077360,-0.760862,0.648914,-0.000419,0.049882,0.059131,0.997003,0,0.04015,0.41878,2.409,0.838,925.000,425.000,-1,400.000,-1,350.000,325.000,300.000,300.000,-1,-1,-1,-1,900.000,925.000,-1,-1,1,0,2,0,2,0,0,0,0,2,2,2,2,1,0,2,2
133,-3258.776,-7861.307,-194.548,-48.857,0.654918,0.751788,-0.076791,-0.754046,0.656822,-0.000610,0.049979,0.058303,0.997047,0,0.12015,0.29878,7.209,0.598,925.000,425.000,-1,400.000,-1,350.000,325.000,300.000,300.000,-1,-1,-1,-1,875.000,925.000,-1,-1,1,0,2,0,2,0,0,0,0,2,2,2,2,1,0,2,2
134,-3250.819,-7870.302,-193.894,-48.499,0.659684,0.747712,-0.075791,-0.749915,0.661533,-0.000940,0.049435,0.057458,0.997123,0,0.20015,0.17878,12.009,0.358,900.000,425.000,-1,400.000,-1,350.000,325.000,300.000,300.000,-1,-1,-1,-1,875.000,925.000,-1,-1,1,0,2,0,2,0,0,0,0,2,2,2,2,1,0,2,2
135,-3239.656,-7882.868,-192.973,-48.382,0.661342,0.746390,-0.074362,-0.748531,0.663098,-0.001414,0.048254,0.056597,0.997230,0,0.28015,0.05878,16.809,0.118,875.000,425.000,-1,400.000,-1,350.000,325.000,300.000,300.000,-1,-1,-1,-1,850.000,925.000,-1,-1,1,0,2,0,2,0,0,0,0,2,2,2,2,1,0,2,2
136,-3225.339,-7899.054,-191.796,-48.504,0.659906,0.747842,-0.072506,-0.749912,0.661534,-0.002044,0.046436,0.055722,0.997366,0,0.36015,-0.06122,21.609,-0.122,850.000,425.000,-1,400.000,-1,350.000,325.000,300.000,300.000,-1,-1,-1,-1,850.000,950.000,-1,-1,1,0,2,0,2,0,0,0,0,2,2,2,2,1,0,2,2
