timestep,x_cm,y_cm,z_cm,yaw_deg,basis_xx,basis_xy,basis_xz,basis_yx,basis_yy,basis_yz,basis_zx,basis_zy,basis_zz,teleport_flag,throttle_cmd,steering_cmd,cmd_move_cm,cmd_turn_deg,lidar_cm_0,lidar_cm_1,lidar_cm_2,lidar_cm_3,lidar_cm_4,lidar_cm_5,lidar_cm_6,lidar_cm_7,lidar_cm_8,lidar_cm_9,lidar_cm_10,lidar_cm_11,lidar_cm_12,lidar_cm_13,lidar_cm_14,lidar_cm_15,lidar_cm_16,lidar_class_0,lidar_class_1,lidar_class_2,lidar_class_3,lidar_class_4,lidar_class_5,lidar_class_6,lidar_class_7,lidar_class_8,lidar_class_9,lidar_class_10,lidar_class_11,lidar_class_12,lidar_class_13,lidar_class_14,lidar_class_15,lidar_class_16
0,-8858.584,-2948.409,335.269,136.798,-0.728955,-0.684532,-0.006282,0.684312,-0.728907,0.020316,-0.018485,0.010511,0.999774,1,0.08000,0.12000,4.800,0.240,-1,375.000,-1,375.000,-1,325.000,300.000,325.000,300.000,-1,0.000,0.000,-1,850.000,700.000,-1,-1,2,0,2,0,2,0,0,0,0,2,1,1,2,0,0,2,2
1,-8865.611,-2941.868,334.566,137.049,-0.731963,-0.681329,-0.004581,0.681146,-0.731895,0.019262,-0.016477,0.010978,0.999804,0,0.16000,0.12549,9.600,0.251,-1,400.000,-1,375.000,-1,325.000,300.000,325.000,300.000,-1,0.000,0.000,-1,875.000,725.000,-1,-1,2,0,2,0,2,0,0,0,0,2,1,1,2,0,0,2,2
2,-8876.192,-2932.101,333.556,137.292,-0.734857,-0.678219,-0.002302,0.678086,-0.734773,0.017539,-0.013587,0.011327,0.999844,0,0.24000,0.12142,14.400,0.243,-1,400.000,-1,375.000,-1,325.000,325.000,325.000,300.000,-1,0.000,0.000,-1,900.000,725.000,-1,-1,2,0,2,0,2,0,0,0,0,2,1,1,2,0,0,2,2
3,-8890.353,-2919.135,332.282,137.523,-0.737585,-0.675254,0.000448,0.675181,-0.737495,0.015223,-0.009949,0.011531,0.999884,0,0.32000,0.11532,19.200,0.231,-1,400.000,-1,375.000,-1,325.000,325.000,325.000,300.000,-1,0.000,0.000,-1,925.000,750.000,-1,-1,2,0,2,0,2,0,0,0,0,2,1,1,2,0,0,2,2
4,-8908.114,-2902.994,331.437,137.737,-0.740091,-0.672506,0.000558,0.672463,-0.740034,0.011940,-0.007617,0.009212,0.999929,0,0.40000,0.10718,24.000,0.214,-1,400.000,-1,375.000,-1,325.000,325.000,300.000,300.000,-1,0.000,0.000,-1,950.000,750.000,-1,-1,2,0,2,0,2,0,0,0,0,2,1,1,2,0,0,2,2
5,-8929.494,-2883.698,331.164,137.931,-0.742359,-0.670002,0.000195,0.669963,-0.742314,0.010946,-0.007189,0.008257,0.999940,0,0.48000,0.09701,28.800,0.194,-1,400.000,-1,375.000,-1,325.000,325.000,300.000,300.000,-1,25.000,50.000,-1,950.000,775.000,-1,-1,2,0,2,0,2,0,0,0,0,2,1,1,2,0,0,2,2
6,-8954.503,-2861.259,330.930,138.101,-0.744336,-0.667806,-0.000198,0.667769,-0.744298,0.010238,-0.006984,0.007489,0.999948,0,0.56000,0.08480,33.600,0.170,-1,400.000,-1,400.000,-1,325.000,325.000,300.000,300.000,-1,50.000,75.000,-1,950.000,775.000,-1,-1,2,0,2,0,2,0,0,0,0,2,1,1,2,0,0,2,2
7,-8980.624,-2837.938,330.685,138.242,-0.745975,-0.665974,-0.000609,0.665939,-0.745945,0.009530,-0.006801,0.006703,0.999954,0,0.58361,0.07057,35.017,0.141,-1,425.000,-1,400.000,-1,325.000,325.000,300.000,300.000,-1,75.000,100.000,-1,975.000,775.000,-1,-1,2,0,2,0,2,0,0,0,0,2,1,1,2,0,0,2,2
8,-9007.266,-2814.245,330.435,138.353,-0.747265,-0.664525,-0.001034,0.664492,-0.747243,0.008840,-0.006647,0.005919,0.999960,0,0.59421,0.05573,35.653,0.111,-1,425.000,-1,400.000,-1,325.000,325.000,300.000,300.000,-1,125.000,150.000,-1,975.000,800.000,-1,-1,2,0,2,0,2,0,0,0,0,2,1,1,2,0,0,2,2
9,-9034.425,-2790.161,330.181,138.434,-0.748204,-0.663467,-0.001472,0.663437,-0.748188,0.008172,-0.006523,0.005138,0.999966,0,0.60500,0.04062,36.300,0.081,-1,425.000,-1,400.000,-1,325.000,325.000,300.000,300.000,-1,150.000,175.000,-1,1000.000,800.000,-1,-1,2,0,2,0,2,0,0,0,0,2,1,1,2,0,0,2,2
10,-9062.099,-2765.665,329.922,138.485,-0.748785,-0.662810,-0.001927,0.662782,-0.748775,0.007527,-0.006432,0.004359,0.999970,0,0.61597,0.02524,36.958,0.050,-1,425.000,-1,400.000,-1,325.000,325.000,300.000,300.000,-1,200.000,225.000,-1,-1,825.000,-1,-1,2,0,2,0,2,0,0,0,0,2,1,1,2,2,0,2,2
11,-9090.282,-2740.734,329.638,138.504,-0.749003,-0.662562,-0.002505,0.662536,-0.748999,0.006889,-0.006441,0.003500,0.999973,0,0.62713,0.00958,37.628,0.019,-1,425.000,-1,400.000,-1,325.000,325.000,300.000,300.000,-1,225.000,250.000,-1,-1,825.000,-1,-1,2,0,2,0,2,0,0,0,0,2,1,1,2,2,0,2,2
12,-9118.970,-2715.345,329.006,138.491,-0.748841,-0.662732,-0.004880,0.662706,-0.748856,0.005970,-0.007611,0.001237,0.999970,0,0.63849,-0.00636,38.309,-0.013,-1,425.000,-1,400.000,-1,325.000,325.000,300.000,300.000,-1,275.000,300.000,-1,-1,850.000,-1,-1,2,0,2,0,2,0,0,0,0,2,1,1,2,2,0,2,2
13,-9148.157,-2689.473,328.352,138.446,-0.748298,-0.663323,-0.007285,0.663303,-0.748333,0.005152,-0.008869,-0.000977,0.999960,0,0.65005,-0.02260,39.003,-0.045,-1,425.000,-1,400.000,-1,325.000,325.000,300.000,300.000,-1,300.000,350.000,-1,-1,850.000,-1,-1,2,0,2,0,2,0,0,0,0,2,1,1,2,2,0,2,2
14,-9177.837,-2663.093,327.633,138.368,-0.747366,-0.664342,-0.009711,0.664332,-0.747423,0.004652,-0.010348,-0.002975,0.999942,0,0.66182,-0.03913,39.709,-0.078,-1,425.000,-1,400.000,-1,325.000,325.000,300.000,300.000,-1,350.000,400.000,-1,-1,850.000,-1,-1,2,0,2,0,2,0,0,0,0,2,1,1,2,2,0,2,2
15,-9208.002,-2636.176,326.906,138.256,-0.746035,-0.665795,-0.012170,0.665800,-0.746118,0.004197,-0.011875,-0.004972,0.999917,0,0.67381,-0.05596,40.428,-0.112,-1,425.000,-1,400.000,-1,325.000,325.000,300.000,300.000,-1,400.000,425.000,-1,-1,850.000,-1,-1,2,0,2,0,2,0,0,0,0,2,1,1,2,2,0,2,2
16,-9238.643,-2608.693,326.172,138.110,-0.744296,-0.667689,-0.014663,0.667714,-0.744408,0.003796,-0.013450,-0.006966,0.999885,0,0.68601,-0.07310,41.160,-0.146,-1,425.000,-1,400.000,-1,325.000,325.000,300.000,300.000,-1,450.000,475.000,-1,-1,850.000,-1,-1,2,0,2,0,2,0,0,0,0,2,1,1,2,2,0,2,2
17,-9269.751,-2580.613,325.400,137.929,-0.742140,-0.670028,-0.017040,0.670078,-0.742283,0.003478,-0.014979,-0.008837,0.999849,0,0.69843,-0.09055,41.906,-0.181,-1,425.000,-1,400.000,-1,325.000,325.000,300.000,300.000,-1,500.000,550.000,-1,-1,875.000,-1,-1,2,0,2,0,2,0,0,0,0,2,1,1,2,2,0,2,2
18,-9301.314,-2551.906,324.572,137.712,-0.739557,-0.672819,-0.019218,0.672894,-0.739732,0.003264,-0.016412,-0.010518,0.999810,0,0.71109,-0.10832,42.665,-0.217,-1,425.000,-1,400.000,-1,325.000,325.000,300.000,300.000,-1,550.000,600.000,-1,1000.000,875.000,-1,-1,2,0,2,0,2,0,0,0,0,2,1,1,2,0,0,2,2
19,-9333.320,-2522.536,323.781,137.459,-0.736531,-0.676066,-0.021383,0.676164,-0.736744,0.003370,-0.018032,-0.011976,0.999766,0,0.72398,-0.12641,43.439,-0.253,-1,425.000,-1,400.000,-1,325.000,325.000,300.000,300.000,-1,600.000,650.000,-1,1000.000,875.000,-1,-1,2,0,2,0,2,0,0,0,0,2,1,1,2,0,0,2,2
20,-9365.755,-2492.470,323.023,137.170,-0.733046,-0.679771,-0.023529,0.679889,-0.733305,0.003794,-0.019833,-0.013216,0.999716,0,0.73712,-0.14484,44.227,-0.290,-1,425.000,-1,400.000,-1,350.000,325.000,300.000,325.000,-1,675.000,700.000,-1,1000.000,875.000,-1,-1,2,0,2,0,2,0,0,0,0,2,1,1,2,0,0,2,2
21,-9398.603,-2461.669,322.244,136.842,-0.729090,-0.683936,-0.025670,0.684076,-0.729398,0.004256,-0.021635,-0.014457,0.999661,0,0.75050,-0.16360,45.030,-0.327,-1,425.000,-1,400.000,-1,350.000,325.000,325.000,325.000,-1,725.000,750.000,-1,1000.000,875.000,-1,-1,2,0,2,0,2,0,0,0,0,2,1,1,2,0,0,2,2
22,-9431.848,-2430.096,321.444,136.477,-0.724645,-0.688561,-0.027804,0.688724,-0.725008,0.004760,-0.023436,-0.015700,0.999602,0,0.76413,-0.18270,45.848,-0.365,-1,425.000,-1,400.000,-1,350.000,325.000,325.000,325.000,-1,800.000,825.000,-1,975.000,875.000,-1,-1,2,0,2,0,2,0,0,0,0,2,1,1,2,0,0,2,2
23,-9465.468,-2397.712,320.400,136.073,-0.719689,-0.693656,-0.029825,0.693813,-0.720127,0.006371,-0.025898,-0.016108,0.999535,0,0.77801,-0.20215,46.681,-0.404,-1,425.000,-1,400.000,-1,350.000,325.000,325.000,325.000,-1,875.000,900.000,-1,975.000,875.000,-1,-1,2,0,2,0,2,0,0,0,0,2,1,1,2,0,0,2,2
24,-9499.328,-2364.355,319.210,135.428,-0.711756,-0.701710,-0.031717,0.701840,-0.712282,0.008721,-0.028711,-0.016052,0.999459,0,0.79216,-0.32215,47.530,-0.644,-1,425.000,-1,400.000,-1,325.000,325.000,325.000,325.000,-1,950.000,950.000,-1,950.000,875.000,-1,-1,2,0,2,0,2,0,0,0,0,2,1,1,2,0,0,2,2
25,-9533.274,-2329.864,318.011,134.544,-0.700747,-0.712618,-0.033593,0.712715,-0.701366,0.011108,-0.031477,-0.016158,0.999374,0,0.80657,-0.44215,48.394,-0.884,-1,425.000,-1,400.000,-1,325.000,325.000,325.000,300.000,-1,-1,-1,-1,950.000,850.000,-1,-1,2,0,2,0,2,0,0,0,0,2,2,2,2,0,0,2,2
26,-9567.145,-2294.074,316.332,133.420,-0.686529,-0.726209,-0.036027,0.726352,-0.687229,0.011387,-0.033028,-0.018351,0.999286,0,0.82127,-0.56189,49.276,-1.124,-1,425.000,-1,400.000,-1,325.000,325.000,325.000,300.000,-1,-1,-1,-1,925.000,850.000,-1,-1,2,0,2,0,2,0,0,0,0,2,2,2,2,0,0,2,2
27,-9597.106,-2261.204,314.727,132.349,-0.672733,-0.738896,-0.038246,0.739105,-0.673499,0.011130,-0.033983,-0.020781,0.999206,0,0.74127,-0.53565,44.476,-1.071,-1,425.000,-1,400.000,-1,325.000,325.000,325.000,300.000,-1,-1,-1,-1,900.000,850.000,-1,-1,2,0,2,0,2,0,0,0,0,2,2,2,2,0,0,2,2
28,-9625.708,-2228.666,313.188,131.315,-0.659196,-0.750888,-0.040359,0.751162,-0.660026,0.010974,-0.034878,-0.023083,0.999125,0,0.72203,-0.51683,43.322,-1.034,-1,425.000,-1,400.000,-1,325.000,325.000,325.000,325.000,-1,-1,-1,-1,900.000,850.000,-1,-1,2,0,2,0,2,0,0,0,0,2,2,2,2,0,0,2,2
29,-9654.249,-2195.034,311.604,130.318,-0.645937,-0.762220,-0.042255,0.762557,-0.646828,0.010924,-0.035658,-0.025166,0.999047,0,0.73516,-0.49851,44.110,-0.997,-1,425.000,-1,400.000,-1,325.000,325.000,325.000,325.000,-1,-1,-1,-1,900.000,850.000,-1,-1,2,0,2,0,2,0,0,0,0,2,2,2,2,0,0,2,2
30,-9682.731,-2160.311,309.981,129.359,-0.632991,-0.772910,-0.043966,0.773306,-0.633939,0.010964,-0.036346,-0.027059,0.998973,0,0.74849,-0.47989,44.910,-0.960,-1,425.000,-1,400.000,-1,325.000,325.000,325.000,325.000,-1,-1,-1,-1,900.000,850.000,-1,-1,2,0,2,0,2,0,0,0,0,2,2,2,2,0,0,2,2
31,-9711.153,-2124.498,308.353,128.437,-0.620383,-0.782970,-0.045642,0.783424,-0.621389,0.011083,-0.037039,-0.028881,0.998896,0,0.76201,-0.46095,45.721,-0.922,-1,400.000,-1,400.000,-1,325.000,325.000,325.000,325.000,-1,-1,-1,-1,900.000,875.000,-1,-1,2,0,2,0,2,0,0,0,0,2,2,2,2,0,0,2,2
32,-9739.522,-2087.600,306.718,127.553,-0.608146,-0.792416,-0.047278,0.792927,-0.609212,0.011275,-0.037737,-0.030631,0.998818,0,0.77571,-0.44171,46.543,-0.883,-1,400.000,-1,400.000,-1,325.000,325.000,325.000,325.000,-1,-1,-1,-1,900.000,875.000,-1,-1,2,0,2,0,2,0,0,0,0,2,2,2,2,0,0,2,2
33,-9767.842,-2049.621,305.005,126.709,-0.596290,-0.801257,-0.049250,0.801837,-0.597432,0.011547,-0.038676,-0.032605,0.998720,0,0.78959,-0.42215,47.375,-0.844,-1,400.000,-1,425.000,-1,325.000,325.000,325.000,325.000,-1,-1,-1,-1,900.000,875.000,-1,-1,2,0,2,0,2,0,0,0,0,2,2,2,2,0,0,2,2
34,-9795.998,-2010.718,302.950,125.895,-0.584699,-0.809625,-0.051324,0.810231,-0.585965,0.013069,-0.040655,-0.033943,0.998597,0,0.80038,-0.40691,48.023,-0.814,-1,400.000,-1,400.000,-1,325.000,325.000,325.000,300.000,-1,-1,-1,-1,900.000,850.000,-1,-1,2,0,2,0,2,0,0,0,0,2,2,2,2,0,0,2,2
35,-9823.599,-1971.420,300.909,125.081,-0.572989,-0.817833,-0.053231,0.818454,-0.574383,0.014736,-0.042627,-0.035124,0.998473,0,0.80038,-0.40691,48.023,-0.814,-1,400.000,-1,400.000,-1,325.000,325.000,325.000,300.000,-1,-1,-1,-1,875.000,850.000,-1,-1,2,0,2,0,2,0,0,0,0,2,2,2,2,0,0,2,2
36,-9850.640,-1931.733,298.901,124.267,-0.561163,-0.825876,-0.054994,0.826506,-0.562687,0.016453,-0.044533,-0.036220,0.998351,0,0.80038,-0.40691,48.023,-0.814,-1,400.000,-1,400.000,-1,325.000,325.000,325.000,300.000,-1,-1,-1,-1,875.000,850.000,-1,-1,2,0,2,0,2,0,0,0,0,2,2,2,2,0,0,2,2
37,-9877.114,-1891.666,296.925,123.454,-0.549226,-0.833754,-0.056611,0.834386,-0.550880,0.018216,-0.046374,-0.037230,0.998230,0,0.80038,-0.40691,48.023,-0.814,-1,400.000,-1,400.000,-1,325.000,325.000,325.000,300.000,-1,-1,-1,-1,850.000,825.000,-1,-1,2,0,2,0,2,0,0,0,0,2,2,2,2,0,0,2,2
38,-9903.015,-1851.227,294.758,122.640,-0.537233,-0.841475,-0.057449,0.842097,-0.538970,0.019623,-0.047476,-0.037835,0.998156,0,0.80038,-0.40691,48.023,-0.814,-1,400.000,-1,400.000,-1,325.000,325.000,325.000,300.000,-1,-1,-1,-1,850.000,825.000,-1,-1,2,0,2,0,2,0,0,0,0,2,2,2,2,0,0,2,2
39,-9928.340,-1810.425,292.429,121.826,-0.525192,-0.849045,-0.057408,0.849633,-0.526964,0.020827,-0.047935,-0.037838,0.998134,0,0.80038,-0.40691,48.023,-0.814,-1,400.000,-1,400.000,-1,325.000,325.000,325.000,300.000,-1,-1,-1,-1,850.000,825.000,-1,-1,2,0,2,0,2,0,0,0,0,2,2,2,2,0,0,2,2
40,-9953.082,-1769.266,290.083,121.012,-0.513027,-0.856438,-0.057600,0.856998,-0.514847,0.022070,-0.048557,-0.038041,0.998096,0,0.80038,-0.40691,48.023,-0.814,-1,400.000,-1,400.000,-1,325.000,325.000,325.000,300.000,-1,-1,-1,-1,850.000,825.000,-1,-1,2,0,2,0,2,0,0,0,0,2,2,2,2,0,0,2,2
41,-9977.238,-1727.761,287.558,120.198,-0.500681,-0.863628,-0.058872,0.864194,-0.502610,0.023487,-0.049874,-0.039117,0.997989,0,0.80038,-0.40691,48.023,-0.814,-1,400.000,-1,400.000,-1,325.000,325.000,325.000,300.000,-1,-1,-1,-1,850.000,800.000,-1,-1,2,0,2,0,2,0,0,0,0,2,2,2,2,0,0,2,2
42,-10000.802,-1685.917,285.072,119.385,-0.488232,-0.870643,-0.060087,0.871212,-0.490273,0.024944,-0.051177,-0.040170,0.997881,0,0.80038,-0.40691,48.023,-0.814,-1,400.000,-1,400.000,-1,325.000,325.000,325.000,300.000,-1,-1,-1,-1,825.000,800.000,-1,-1,2,0,2,0,2,0,0,0,0,2,2,2,2,0,0,2,2
43,-10023.770,-1643.742,282.626,118.571,-0.475684,-0.877482,-0.061243,0.878050,-0.477837,0.026440,-0.052464,-0.041197,0.997773,0,0.80038,-0.40691,48.023,-0.814,-1,400.000,-1,400.000,-1,325.000,325.000,325.000,325.000,-1,-1,-1,-1,825.000,800.000,-1,-1,2,0,2,0,2,0,0,0,0,2,2,2,2,0,0,2,2
44,-10046.136,-1601.245,280.220,117.757,-0.463038,-0.884143,-0.062339,0.884708,-0.465306,0.027972,-0.053738,-0.042200,0.997663,0,0.80038,-0.40691,48.023,-0.814,-1,400.000,-1,400.000,-1,325.000,325.000,325.000,325.000,-1,-1,-1,-1,825.000,800.000,-1,-1,2,0,2,0,2,0,0,0,0,2,2,2,2,0,0,2,2
45,-10067.896,-1558.435,277.853,116.943,-0.450299,-0.890626,-0.063375,0.891182,-0.452683,0.029539,-0.054997,-0.043177,0.997553,0,0.80038,-0.40691,48.023,-0.814,-1,400.000,-1,400.000,-1,325.000,325.000,325.000,325.000,-1,-1,-1,-1,800.000,775.000,-1,-1,2,0,2,0,2,0,0,0,0,2,2,2,2,0,0,2,2
46,-10086.769,-1519.550,275.616,115.889,-0.433722,-0.898735,-0.064501,0.899340,-0.436194,0.030376,-0.055436,-0.044834,0.997455,0,0.72038,-0.52691,43.223,-1.054,-1,400.000,-1,400.000,-1,325.000,325.000,300.000,325.000,-1,-1,-1,-1,800.000,775.000,-1,-1,2,0,2,0,2,0,0,0,0,2,2,2,2,0,0,2,2
47,-10102.762,-1484.614,273.639,114.595,-0.413212,-0.908281,-0.065436,0.908943,-0.415756,0.031125,-0.055475,-0.046616,0.997371,0,0.64038,-0.64691,38.423,-1.294,-1,400.000,-1,400.000,-1,325.000,325.000,300.000,325.000,-1,-1,-1,-1,800.000,775.000,-1,-1,2,0,2,0,2,0,0,0,0,2,2,2,2,0,0,2,2
48,-10116.017,-1453.714,271.945,113.215,-0.391116,-0.917961,-0.066151,0.918678,-0.393718,0.031873,-0.055303,-0.048306,0.997300,0,0.56038,-0.69035,33.623,-1.381,-1,400.000,-1,400.000,-1,325.000,325.000,300.000,325.000,-1,-1,-1,-1,800.000,775.000,-1,-1,2,0,2,0,2,0,0,0,0,2,2,2,2,0,0,2,2
49,-10126.995,-1426.316,270.438,111.834,-0.368827,-0.927120,-0.066447,0.927878,-0.371461,0.032538,-0.054849,-0.049654,0.997259,0,0.49191,-0.69035,29.514,-1.381,-1,400.000,-1,400.000,-1,325.000,325.000,300.000,325.000,-1,-1,-1,-1,800.000,775.000,-1,-1,2,0,2,0,2,0,0,0,0,2,2,2,2,0,0,2,2
50,-10137.309,-1398.662,268.893,110.453,-0.346359,-0.935756,-0.066306,0.936538,-0.348997,0.033142,-0.054154,-0.050619,0.997249,0,0.49191,-0.69035,29.514,-1.381,-1,400.000,-1,400.000,-1,325.000,325.000,300.000,325.000,-1,-1,-1,-1,800.000,775.000,-1,-1,2,0,2,0,2,0,0,0,0,2,2,2,2,0,0,2,2
51,-10146.954,-1370.768,267.391,109.073,-0.323694,-0.943851,-0.066091,0.944651,-0.326334,0.033783,-0.053454,-0.051498,0.997242,0,0.49191,-0.69035,29.514,-1.381,-1,400.000,-1,400.000,-1,325.000,325.000,300.000,325.000,-1,-1,-1,-1,775.000,750.000,-1,-1,2,0,2,0,2,0,0,0,0,2,2,2,2,0,0,2,2
52,-10155.924,-1342.649,265.924,107.692,-0.300844,-0.951402,-0.065773,0.952212,-0.303485,0.034497,-0.052781,-0.052252,0.997238,0,0.49191,-0.69035,29.514,-1.381,-1,400.000,-1,375.000,-1,325.000,325.000,300.000,325.000,-1,-1,-1,-1,775.000,750.000,-1,-1,2,0,2,0,2,0,0,0,0,2,2,2,2,0,0,2,2
53,-10164.214,-1314.322,264.501,106.311,-0.277823,-0.958405,-0.065376,0.959218,-0.280463,0.035235,-0.052105,-0.052921,0.997238,0,0.49191,-0.69035,29.514,-1.381,-1,400.000,-1,375.000,-1,325.000,325.000,325.000,325.000,-1,-1,-1,-1,775.000,750.000,-1,-1,2,0,2,0,2,0,0,0,0,2,2,2,2,0,0,2,2
54,-10171.819,-1285.804,263.123,104.931,-0.254645,-0.964855,-0.064898,0.965666,-0.257280,0.035994,-0.051426,-0.053504,0.997243,0,0.49191,-0.69035,29.514,-1.381,-1,400.000,-1,375.000,-1,325.000,325.000,325.000,325.000,-1,-1,-1,-1,775.000,750.000,-1,-1,2,0,2,0,2,0,0,0,0,2,2,2,2,0,0,2,2
55,-10178.734,-1257.110,261.739,103.550,-0.231322,-0.970737,-0.064499,0.971561,-0.233948,0.036560,-0.050579,-0.054208,0.997248,0,0.49191,-0.69035,29.514,-1.381,-1,400.000,-1,375.000,-1,325.000,325.000,325.000,325.000,-1,-1,-1,-1,775.000,750.000,-1,-1,2,0,2,0,2,0,0,0,0,2,2,2,2,0,0,2,2
56,-10184.957,-1228.259,260.236,102.169,-0.207866,-0.976023,-0.064586,0.976915,-0.210475,0.036557,-0.049274,-0.055496,0.997242,0,0.49191,-0.69035,29.514,-1.381,-1,400.000,-1,375.000,-1,325.000,325.000,325.000,325.000,-1,-1,-1,-1,775.000,725.000,-1,-1,2,0,2,0,2,0,0,0,0,2,2,2,2,0,0,2,2
57,-10190.482,-1199.266,258.759,100.789,-0.184287,-0.980740,-0.064710,0.981699,-0.186883,0.036619,-0.048006,-0.056777,0.997232,0,0.49191,-0.69035,29.514,-1.381,-1,400.000,-1,400.000,-1,325.000,325.000,325.000,325.000,-1,-1,-1,-1,775.000,725.000,-1,-1,2,0,2,0,2,0,0,0,0,2,2,2,2,0,0,2,2
58,-10195.308,-1170.148,257.325,99.408,-0.160605,-0.984890,-0.064794,0.985912,-0.163186,0.036707,-0.046726,-0.057986,0.997223,0,0.49191,-0.69035,29.514,-1.381,-1,400.000,-1,400.000,-1,325.000,325.000,325.000,325.000,-1,-1,-1,-1,750.000,725.000,-1,-1,2,0,2,0,2,0,0,0,0,2,2,2,2,0,0,2,2
59,-10199.430,-1140.922,255.935,98.027,-0.136833,-0.988470,-0.064838,0.989552,-0.139398,0.036819,-0.045433,-0.059123,0.997216,0,0.49191,-0.69035,29.514,-1.381,-1,400.000,-1,400.000,-1,325.000,325.000,325.000,325.000,-1,-1,-1,-1,750.000,725.000,-1,-1,2,0,2,0,2,0,0,0,0,2,2,2,2,0,0,2,2
60,-10202.847,-1111.606,254.588,96.646,-0.112987,-0.991479,-0.064840,0.992616,-0.115533,0.036953,-0.044129,-0.060186,0.997211,0,0.49191,-0.69035,29.514,-1.381,-1,400.000,-1,400.000,-1,325.000,325.000,325.000,325.000,-1,-1,-1,-1,750.000,725.000,-1,-1,2,0,2,0,2,0,0,0,0,2,2,2,2,0,0,2,2
61,-10205.567,-1082.102,253.282,95.266,-0.089090,-0.993914,-0.064797,0.995103,-0.091616,0.037105,-0.042816,-0.061174,0.997208,0,0.49381,-0.69001,29.628,-1.380,-1,400.000,-1,400.000,-1,325.000,325.000,325.000,325.000,-1,-1,-1,-1,725.000,725.000,-1,-1,2,0,2,0,2,0,0,0,0,2,2,2,2,0,0,2,2
62,-10207.592,-1052.318,252.011,93.888,-0.065174,-0.995774,-0.064707,0.997011,-0.067677,0.037272,-0.041494,-0.062085,0.997208,0,0.49754,-0.68920,29.852,-1.378,-1,400.000,-1,400.000,-1,325.000,300.000,300.000,325.000,-1,-1,-1,-1,725.000,725.000,-1,-1,2,0,2,0,2,0,0,0,0,2,2,2,2,0,0,2,2
63,-10208.910,-1022.272,250.776,92.512,-0.041258,-0.997060,-0.064570,0.998341,-0.043737,0.037452,-0.040166,-0.062917,0.997210,0,0.50123,-0.68817,30.074,-1.376,-1,400.000,-1,400.000,-1,325.000,300.000,300.000,325.000,-1,-1,-1,-1,725.000,725.000,-1,-1,2,0,2,0,2,0,0,0,0,2,2,2,2,0,0,2,2
64,-10209.512,-991.985,249.580,91.138,-0.017366,-0.997774,-0.064382,0.999095,-0.019818,0.037640,-0.038833,-0.063670,0.997215,0,0.50487,-0.68693,30.292,-1.374,-1,400.000,-1,400.000,-1,325.000,325.000,300.000,325.000,-1,-1,-1,-1,725.000,725.000,-1,-1,2,0,2,0,2,0,0,0,0,2,2,2,2,0,0,2,2
65,-10209.388,-961.478,248.422,89.767,0.006483,-0.997920,-0.064144,0.999276,0.004060,0.037834,-0.037495,-0.064342,0.997223,0,0.50845,-0.68547,30.507,-1.371,-1,375.000,-1,400.000,-1,325.000,325.000,300.000,325.000,-1,-1,-1,-1,700.000,725.000,-1,-1,2,0,2,0,2,0,0,0,0,2,2,2,2,0,0,2,2
66,-10208.531,-930.773,247.304,88.399,0.030266,-0.997500,-0.063852,0.998888,0.027874,0.038029,-0.036155,-0.064932,0.997234,0,0.51194,-0.68379,30.716,-1.368,-1,375.000,-1,400.000,-1,325.000,325.000,300.000,325.000,-1,-1,-1,-1,700.000,725.000,-1,-1,2,0,2,0,2,0,0,0,0,2,2,2,2,0,0,2,2
67,-10206.932,-899.893,246.226,87.036,0.053964,-0.996521,-0.063508,0.997936,0.051605,0.038222,-0.034812,-0.065440,0.997249,0,0.51534,-0.68188,30.920,-1.364,-1,375.000,-1,400.000,-1,300.000,325.000,325.000,325.000,-1,-1,-1,-1,700.000,725.000,-1,-1,2,0,2,0,2,0,0,0,0,2,2,2,2,0,0,2,2
68,-10204.586,-868.864,245.190,85.676,0.077555,-0.994989,-0.063110,0.996426,0.075231,0.038409,-0.033469,-0.065863,0.997267,0,0.51863,-0.67974,31.118,-1.359,-1,375.000,-1,375.000,-1,300.000,300.000,325.000,325.000,-1,-1,-1,-1,675.000,725.000,-1,-1,2,0,2,0,2,0,0,0,0,2,2,2,2,0,0,2,2
69,-10201.488,-837.710,244.197,84.321,0.101018,-0.992910,-0.062657,0.994366,0.098731,0.038586,-0.032127,-0.066202,0.997289,0,0.52179,-0.67737,31.307,-1.355,-1,375.000,-1,375.000,-1,300.000,300.000,325.000,325.000,-1,-1,-1,-1,675.000,700.000,-1,-1,2,0,2,0,2,0,0,0,0,2,2,2,2,0,0,2,2
70,-10197.635,-806.457,243.246,82.972,0.124333,-0.990292,-0.062150,0.991763,0.122086,0.038749,-0.030785,-0.066456,0.997314,0,0.52480,-0.67476,31.488,-1.350,-1,375.000,-1,375.000,-1,300.000,300.000,325.000,325.000,-1,-1,-1,-1,675.000,700.000,1000.000,-1,2,0,2,0,2,0,0,0,0,2,2,2,2,0,0,1,2
71,-10193.025,-775.135,242.340,81.628,0.147481,-0.987145,-0.061588,0.988626,0.145276,0.038894,-0.029446,-0.066624,0.997344,0,0.52765,-0.67192,31.659,-1.344,1000.000,375.000,-1,375.000,-1,300.000,300.000,325.000,325.000,-1,-1,-1,-1,675.000,700.000,950.000,-1,1,0,2,0,2,0,0,0,0,2,2,2,2,0,0,1,2
72,-10187.659,-743.771,241.477,80.290,0.170442,-0.983480,-0.060973,0.984967,0.168280,0.039016,-0.028111,-0.066707,0.997377,0,0.53033,-0.66885,31.820,-1.338,950.000,375.000,-1,375.000,-1,300.000,300.000,325.000,325.000,-1,-1,-1,-1,650.000,700.000,925.000,-1,1,0,2,0,2,0,0,0,0,2,2,2,2,0,0,1,2
73,-10181.536,-712.394,240.653,78.959,0.193195,-0.979303,-0.060337,0.980795,0.191081,0.039095,-0.026757,-0.066731,0.997412,0,0.53280,-0.66555,31.968,-1.331,900.000,350.000,-1,375.000,-1,300.000,300.000,325.000,325.000,-1,-1,-1,-1,650.000,700.000,900.000,-1,1,0,2,0,2,0,0,0,0,2,2,2,2,0,0,1,2
74,-10173.808,-676.446,239.894,77.868,0.211715,-0.975541,-0.059128,0.977010,0.209706,0.038404,-0.025065,-0.065899,0.997511,0,0.61280,-0.54555,36.768,-1.091,875.000,350.000,-1,375.000,-1,300.000,300.000,325.000,325.000,-1,-1,-1,-1,650.000,700.000,875.000,-1,1,0,2,0,2,0,0,0,0,2,2,2,2,0,0,1,2
75,-10164.467,-635.941,239.164,77.017,0.226064,-0.972417,-0.057448,0.973834,0.224196,0.037200,-0.023294,-0.064354,0.997655,0,0.69280,-0.42555,41.568,-0.851,825.000,350.000,-1,375.000,-1,300.000,300.000,325.000,325.000,-1,-1,-1,-1,650.000,700.000,850.000,-1,1,0,2,0,2,0,0,0,0,2,2,2,2,1,0,1,2
76,-10153.567,-590.872,238.358,76.406,0.236306,-0.970089,-0.055556,0.971436,0.234583,0.035811,-0.021707,-0.062432,0.997813,0,0.77280,-0.30555,46.368,-0.611,800.000,350.000,-1,375.000,-1,300.000,300.000,325.000,325.000,-1,-1,-1,-1,625.000,700.000,825.000,-1,1,0,2,0,2,0,0,0,0,2,2,2,2,1,0,1,2
77,-10141.217,-541.216,237.839,76.035,0.242435,-0.968605,-0.055049,0.969978,0.240875,0.033506,-0.019194,-0.061519,0.997921,0,0.85280,-0.18555,51.168,-0.371,750.000,350.000,-1,375.000,-1,300.000,300.000,325.000,325.000,-1,-1,-1,-1,625.000,700.000,800.000,-1,1,0,2,0,2,0,0,0,0,2,2,2,2,1,0,1,2
78,-10127.967,-488.455,237.337,75.904,0.244500,-0.968103,-0.054746,0.969506,0.243103,0.030965,-0.016668,-0.060648,0.998020,0,0.90666,-0.06555,54.399,-0.131,725.000,350.000,-1,375.000,-1,300.000,300.000,325.000,325.000,-1,-1,-1,-1,625.000,700.000,775.000,-1,1,0,2,0,2,0,0,0,0,2,2,2,2,1,0,1,2
79,-10114.629,-435.512,236.836,75.861,0.245074,-0.967974,-0.054447,0.969400,0.243838,0.028398,-0.014212,-0.059741,0.998113,0,0.90997,-0.02135,54.598,-0.043,700.000,350.000,-1,375.000,-1,300.000,300.000,325.000,325.000,-1,-1,-1,-1,625.000,700.000,775.000,-1,1,0,2,0,2,0,0,0,0,2,2,2,2,1,0,1,2
80,-10101.217,-382.397,236.332,75.830,0.245460,-0.967894,-0.054135,0.969336,0.244383,0.025797,-0.011739,-0.058807,0.998200,0,0.91304,-0.01571,54.782,-0.031,650.000,375.000,-1,375.000,-1,300.000,300.000,325.000,325.000,-1,-1,-1,-1,625.000,700.000,750.000,-1,1,0,2,0,2,0,0,0,0,2,2,2,2,0,0,1,2
81,-10087.746,-329.126,235.826,75.810,0.245647,-0.967865,-0.053808,0.969315,0.244728,0.023165,-0.009252,-0.057847,0.998283,0,0.91579,-0.00980,54.948,-0.020,625.000,375.000,-1,375.000,-1,300.000,300.000,325.000,325.000,-1,-1,600.000,-1,625.000,700.000,750.000,-1,1,0,2,0,2,0,0,0,0,2,2,0,2,0,0,1,2
82,-10074.234,-275.717,235.316,75.803,0.245627,-0.967889,-0.053465,0.969341,0.244863,0.020501,-0.006751,-0.056862,0.998359,0,0.91819,-0.00361,55.092,-0.007,600.000,375.000,-1,400.000,-1,300.000,325.000,325.000,325.000,-1,750.000,400.000,-1,650.000,700.000,725.000,-1,1,0,2,0,2,0,0,0,0,2,0,0,2,0,0,1,2
83,-10060.696,-222.190,234.803,75.809,0.245390,-0.967969,-0.053106,0.969415,0.244780,0.017807,-0.004237,-0.055852,0.998430,0,0.92022,0.00288,55.213,0.006,575.000,375.000,-1,400.000,-1,300.000,325.000,325.000,325.000,-1,550.000,325.000,-1,650.000,700.000,725.000,-1,1,0,2,0,2,0,0,0,0,2,0,0,2,0,0,1,2
84,-10047.154,-168.564,234.285,75.828,0.244926,-0.968107,-0.052730,0.969540,0.244467,0.015084,-0.001712,-0.054818,0.998495,0,0.92182,0.00966,55.309,0.019,550.000,375.000,-1,375.000,-1,300.000,325.000,325.000,325.000,-1,450.000,275.000,-1,650.000,700.000,750.000,-1,1,0,2,0,2,0,0,0,0,2,0,0,2,0,0,1,2
85,-10033.625,-114.863,233.762,75.861,0.244226,-0.968305,-0.052335,0.969718,0.243915,0.012335,0.000821,-0.053763,0.998553,0,0.92298,0.01675,55.379,0.034,525.000,350.000,-1,375.000,-1,300.000,300.000,325.000,325.000,-1,375.000,250.000,-1,650.000,700.000,775.000,-1,1,0,2,0,2,0,0,0,0,2,0,0,2,0,0,1,2
86,-10020.132,-61.111,233.383,75.910,0.243305,-0.968597,-0.051217,0.969946,0.243121,0.009882,0.002881,-0.052082,0.998639,0,0.92366,0.02414,55.420,0.048,500.000,350.000,-1,375.000,-1,300.000,300.000,325.000,325.000,-1,350.000,250.000,-1,650.000,675.000,825.000,-1,1,0,2,0,2,0,0,0,0,2,0,0,2,0,0,1,2
87,-10006.694,-7.334,233.675,75.973,0.242102,-0.969083,-0.047601,0.970234,0.242099,0.005912,0.005795,-0.047615,0.998849,0,0.92383,0.03183,55.430,0.064,500.000,375.000,-1,375.000,-1,300.000,300.000,325.000,325.000,-1,325.000,250.000,-1,650.000,700.000,975.000,-1,1,0,2,0,2,0,0,0,0,2,0,0,2,0,0,1,2
88,-9993.337,46.439,233.925,76.053,0.240664,-0.969596,-0.044323,0.970573,0.240796,0.002422,0.008324,-0.043602,0.999014,0,0.92346,0.03981,55.408,0.080,500.000,375.000,-1,375.000,-1,300.000,300.000,350.000,325.000,-1,325.000,250.000,-1,650.000,700.000,-1,-1,1,0,2,0,2,0,0,0,0,2,0,0,2,0,0,2,2
89,-9980.086,100.181,234.732,76.149,0.238972,-0.970033,-0.043906,0.970976,0.239177,0.000602,0.009918,-0.042776,0.999035,0,0.92252,0.04808,55.351,0.096,500.000,375.000,-1,375.000,-1,300.000,300.000,350.000,325.000,-1,350.000,300.000,-1,675.000,700.000,-1,-1,1,0,2,0,2,0,0,0,0,2,0,0,2,0,0,2,2
90,-9966.963,153.859,235.819,76.262,0.236947,-0.970508,-0.044379,0.971444,0.237261,-0.001874,0.012348,-0.042667,0.999013,0,0.92098,0.05661,55.259,0.113,500.000,375.000,-1,375.000,-1,300.000,300.000,350.000,325.000,-1,375.000,325.000,-1,675.000,700.000,-1,-1,1,0,2,0,2,0,0,1,0,2,0,0,2,0,0,2,2
91,-9953.992,207.441,236.909,76.393,0.234622,-0.971052,-0.044841,0.971974,0.235046,-0.004365,0.014779,-0.042560,0.998985,0,0.91883,0.06538,55.130,0.131,500.000,375.000,-1,375.000,-1,300.000,300.000,325.000,325.000,-1,375.000,350.000,-1,675.000,725.000,-1,-1,1,0,2,0,2,0,0,1,0,2,0,0,2,0,0,2,2
92,-9941.200,260.896,237.999,76.542,0.231990,-0.971663,-0.045292,0.972566,0.232526,-0.006871,0.017208,-0.042455,0.998950,0,0.91607,0.07437,54.964,0.149,525.000,375.000,-1,375.000,-1,300.000,300.000,300.000,350.000,-1,400.000,375.000,-1,675.000,725.000,-1,-1,1,0,2,0,2,0,0,1,0,2,0,0,2,0,0,2,2
93,-9928.610,314.190,239.088,76.709,0.229044,-0.972341,-0.045728,0.973218,0.229693,-0.009389,0.019633,-0.042353,0.998910,0,0.91268,0.08353,54.761,0.167,575.000,375.000,-1,375.000,-1,300.000,300.000,275.000,350.000,-1,400.000,375.000,-1,675.000,750.000,-1,-1,1,0,2,0,2,0,0,1,0,2,0,0,2,0,0,2,2
94,-9916.248,367.291,240.173,76.895,0.225781,-0.973084,-0.046149,0.973929,0.226542,-0.011917,0.022051,-0.042255,0.998863,0,0.90869,0.09283,54.521,0.186,600.000,375.000,-1,375.000,-1,300.000,300.000,250.000,350.000,-1,400.000,400.000,-1,700.000,750.000,-1,-1,1,0,2,0,2,0,0,1,0,2,0,0,2,0,0,2,2
95,-9904.136,420.168,241.253,77.099,0.222195,-0.973890,-0.046552,0.974695,0.223070,-0.014454,0.024461,-0.042162,0.998811,0,0.90411,0.10219,54.246,0.204,625.000,375.000,-1,375.000,-1,300.000,325.000,250.000,375.000,-1,375.000,375.000,-1,700.000,750.000,-1,-1,1,0,2,0,2,0,0,1,0,2,0,0,2,0,0,2,2
96,-9892.291,472.791,242.327,77.315,0.218408,-0.974728,-0.046936,0.975488,0.219397,-0.016997,0.026865,-0.042073,0.998753,0,0.89898,0.10803,53.939,0.216,675.000,375.000,-1,375.000,-1,300.000,325.000,250.000,375.000,-1,350.000,350.000,-1,700.000,775.000,-1,-1,1,0,2,0,2,0,0,1,0,2,0,0,2,0,0,2,2
97,-9880.723,525.128,243.391,77.536,0.214528,-0.975572,-0.047302,0.976279,0.215631,-0.019545,0.029267,-0.041987,0.998689,0,0.89334,0.11064,53.600,0.221,700.000,375.000,-1,375.000,-1,325.000,325.000,225.000,350.000,-1,325.000,325.000,-1,725.000,775.000,-1,-1,1,0,2,0,2,0,0,1,0,2,0,0,2,0,0,2,2
98,-9870.174,572.774,244.357,77.518,0.214737,-0.975506,-0.047704,0.976159,0.215951,-0.021881,0.031647,-0.041868,0.998622,0,0.81334,-0.00936,48.800,-0.019,750.000,375.000,975.000,375.000,-1,325.000,325.000,225.000,350.000,-1,300.000,300.000,-1,725.000,800.000,-1,-1,1,0,1,0,2,0,0,1,0,2,0,0,2,0,0,2,2
99,-9860.469,615.691,245.637,77.259,0.219145,-0.974593,-0.046304,0.975141,0.220370,-0.023196,0.032811,-0.040070,0.998658,0,0.73334,-0.12936,44.000,-0.259,-1,375.000,950.000,375.000,-1,325.000,325.000,225.000,350.000,-1,325.000,325.000,-1,725.000,800.000,-1,-1,2,0,1,0,2,0,0,1,0,2,0,0,2,1,0,2,2
100,-9851.494,653.850,246.893,76.765,0.227552,-0.972736,-0.044765,0.973166,0.228785,-0.024589,0.034160,-0.037968,0.998695,0,0.65334,-0.24704,39.200,-0.494,-1,375.000,900.000,375.000,-1,325.000,325.000,225.000,350.000,-1,350.000,350.000,-1,700.000,800.000,-1,1000.000,2,0,1,0,2,0,0,1,0,2,0,0,2,1,0,2,1
101,-9843.329,687.268,247.952,76.272,0.235904,-0.970792,-0.043723,0.971125,0.237154,-0.025963,0.035574,-0.036335,0.998706,0,0.57334,-0.24631,34.400,-0.493,-1,375.000,875.000,375.000,-1,325.000,325.000,225.000,350.000,-1,375.000,350.000,-1,675.000,825.000,-1,975.000,2,0,1,0,2,0,0,1,0,2,0,0,2,1,1,2,1
102,-9836.058,715.961,249.001,75.780,0.244214,-0.968743,-0.043544,0.969035,0.245484,-0.026625,0.036482,-0.035694,0.998697,0,0.49334,-0.24592,29.600,-0.492,-1,375.000,850.000,400.000,-1,325.000,325.000,225.000,350.000,-1,400.000,375.000,-1,675.000,800.000,1000.000,950.000,2,0,1,0,2,0,0,1,0,2,0,0,2,1,1,1,1
103,-9829.760,739.948,249.931,75.289,0.252496,-0.966609,-0.043746,0.966885,0.253788,-0.026947,0.037149,-0.035493,0.998679,0,0.41334,-0.24577,24.800,-0.492,-1,375.000,825.000,400.000,-1,325.000,325.000,225.000,350.000,-1,400.000,375.000,-1,650.000,775.000,925.000,950.000,2,0,1,0,2,0,0,1,0,2,0,0,2,1,1,1,1
104,-9824.515,759.248,250.556,74.797,0.260789,-0.964415,-0.043499,0.964669,0.262076,-0.027029,0.037468,-0.034913,0.998688,0,0.33334,-0.24578,20.000,-0.492,-1,375.000,800.000,400.000,-1,325.000,325.000,225.000,350.000,-1,425.000,400.000,-1,625.000,750.000,875.000,925.000,2,0,1,0,2,0,0,1,0,2,0,0,2,1,1,1,1
105,-9820.403,773.882,251.021,74.305,0.269066,-0.962149,-0.043286,0.962381,0.270350,-0.027089,0.037766,-0.034369,0.998695,0,0.25334,-0.24589,15.200,-0.492,-1,375.000,775.000,400.000,-1,325.000,325.000,225.000,350.000,-1,450.000,425.000,-1,625.000,750.000,850.000,925.000,2,0,1,0,2,0,0,1,0,2,0,0,2,1,1,1,1
106,-9817.503,783.870,251.352,73.813,0.277336,-0.959812,-0.042971,0.960023,0.278609,-0.027071,0.037955,-0.033746,0.998709,0,0.17334,-0.24604,10.400,-0.492,-1,375.000,775.000,400.000,-1,325.000,325.000,225.000,350.000,-1,450.000,425.000,-1,600.000,750.000,800.000,900.000,2,0,1,0,2,0,0,1,0,2,0,0,2,1,1,1,1
107,-9815.918,789.241,251.532,73.561,0.281564,-0.958587,-0.042805,0.958788,0.282832,-0.027064,0.038050,-0.033421,0.998717,0,0.09334,-0.12604,5.600,-0.252,-1,375.000,775.000,400.000,-1,325.000,325.000,225.000,350.000,-1,450.000,425.000,-1,600.000,750.000,800.000,900.000,2,0,1,0,2,0,0,1,0,2,0,0,2,1,1,1,1
108,-9815.690,790.008,251.553,73.463,0.283214,-0.958103,-0.042759,0.958300,0.284480,-0.027057,0.038088,-0.033313,0.998719,0,0.01334,-0.04922,0.800,-0.098,-1,375.000,775.000,400.000,-1,325.000,325.000,225.000,350.000,-1,450.000,425.000,-1,600.000,750.000,800.000,900.000,2,0,1,0,2,0,0,1,0,2,0,0,2,1,1,1,1
109,-9816.836,786.176,251.408,73.364,0.284861,-0.957615,-0.042760,0.957811,0.286126,-0.027029,0.038119,-0.033256,0.998720,0,-0.06666,-0.04924,-4.000,-0.098,-1,375.000,775.000,400.000,-1,325.000,325.000,225.000,350.000,-1,450.000,425.000,-1,600.000,750.000,800.000,925.000,2,0,1,0,2,0,0,1,0,2,0,0,2,1,1,1,1
110,-9819.369,777.749,251.146,73.266,0.286518,-0.957129,-0.042568,0.957322,0.287771,-0.026882,0.037980,-0.033049,0.998732,0,-0.14666,-0.04917,-8.800,-0.098,-1,375.000,775.000,400.000,-1,325.000,325.000,225.000,350.000,-1,450.000,425.000,-1,625.000,750.000,800.000,925.000,2,0,1,0,2,0,0,1,0,2,0,0,2,1,1,1,1
111,-9823.307,764.731,250.730,73.168,0.288172,-0.956641,-0.042368,0.956833,0.289411,-0.026690,0.037795,-0.032848,0.998745,0,-0.22666,-0.04904,-13.600,-0.098,-1,375.000,800.000,400.000,-1,325.000,325.000,225.000,350.000,-1,450.000,425.000,-1,625.000,775.000,825.000,950.000,2,0,1,0,2,0,0,1,0,2,0,0,2,1,1,1,1
112,-9828.665,747.129,250.147,73.070,0.289816,-0.956150,-0.042231,0.956343,0.291044,-0.026480,0.037610,-0.032713,0.998757,0,-0.30666,-0.04885,-18.400,-0.098,-1,375.000,800.000,400.000,-1,325.000,325.000,225.000,350.000,-1,450.000,400.000,-1,625.000,800.000,825.000,975.000,2,0,1,0,2,0,0,1,0,2,0,0,2,1,1,1,1
113,-9835.459,724.946,249.396,72.973,0.291439,-0.955652,-0.042337,0.955852,0.292666,-0.026320,0.037544,-0.032797,0.998757,0,-0.38666,-0.04864,-23.200,-0.097,-1,375.000,825.000,400.000,-1,325.000,325.000,225.000,350.000,-1,425.000,400.000,-1,650.000,825.000,875.000,1000.000,2,0,1,0,2,0,0,1,0,2,0,0,2,1,1,1,1
114,-9843.324,699.418,248.503,72.876,0.293050,-0.955143,-0.042692,0.955368,0.294278,-0.025917,0.037318,-0.033191,0.998752,0,-0.44521,-0.04845,-26.713,-0.097,-1,375.000,850.000,400.000,-1,325.000,325.000,225.000,350.000,-1,400.000,375.000,-1,675.000,850.000,900.000,-1,2,0,1,0,2,0,0,1,0,2,0,0,2,1,1,1,2
115,-9851.166,674.119,247.656,72.779,0.294665,-0.954616,-0.043373,0.954905,0.295879,-0.024754,0.036463,-0.034123,0.998752,0,-0.44143,-0.04832,-26.486,-0.097,-1,375.000,875.000,400.000,-1,325.000,325.000,225.000,350.000,-1,400.000,375.000,-1,675.000,825.000,925.000,-1,2,0,1,0,2,0,0,1,0,2,0,0,2,1,0,1,2
116,-9858.983,649.050,246.764,72.683,0.296265,-0.954078,-0.044295,0.954435,0.297476,-0.023696,0.035785,-0.035257,0.998737,0,-0.43766,-0.04830,-26.260,-0.097,-1,375.000,900.000,400.000,-1,325.000,325.000,225.000,350.000,-1,400.000,375.000,-1,700.000,825.000,950.000,-1,2,0,1,0,2,0,0,1,0,2,0,0,2,1,0,1,2
117,-9866.775,624.207,245.829,72.586,0.297854,-0.953528,-0.045456,0.953959,0.299073,-0.022741,0.035279,-0.036590,0.998707,0,-0.43394,-0.04838,-26.036,-0.097,-1,375.000,925.000,400.000,-1,325.000,325.000,225.000,350.000,-1,375.000,350.000,-1,725.000,825.000,975.000,-1,2,0,1,0,2,0,0,1,0,2,0,0,2,1,0,1,2
118,-9874.543,599.588,244.852,72.489,0.299435,-0.952966,-0.046851,0.953476,0.300672,-0.021887,0.034944,-0.038117,0.998662,0,-0.43027,-0.04856,-25.816,-0.097,-1,375.000,975.000,400.000,-1,325.000,325.000,225.000,350.000,-1,350.000,350.000,-1,725.000,825.000,1000.000,-1,2,0,1,0,2,0,0,1,0,2,0,0,2,1,0,1,2
119,-9882.288,575.188,243.868,72.391,0.301010,-0.952393,-0.048370,0.952982,0.302278,-0.021286,0.034894,-0.039689,0.998603,0,-0.42666,-0.04884,-25.599,-0.098,-1,375.000,1000.000,400.000,-1,325.000,325.000,225.000,350.000,-1,325.000,325.000,-1,725.000,825.000,-1,-1,2,0,1,0,2,0,0,1,0,2,0,0,2,0,0,2,2
120,-9890.011,551.004,242.857,72.293,0.302582,-0.951807,-0.050074,0.952478,0.303892,-0.020843,0.035055,-0.041388,0.998528,0,-0.42312,-0.04921,-25.387,-0.098,-1,375.000,-1,400.000,-1,325.000,325.000,225.000,350.000,-1,275.000,300.000,-1,725.000,850.000,-1,-1,2,0,2,0,2,0,0,1,0,2,0,0,2,0,0,2,2
121,-9897.711,527.030,242.235,72.193,0.304281,-0.951273,-0.049931,0.951975,0.305540,-0.019706,0.034002,-0.041537,0.998558,0,-0.41967,-0.04968,-25.180,-0.099,-1,375.000,-1,375.000,-1,325.000,325.000,225.000,350.000,-1,300.000,300.000,-1,700.000,825.000,-1,-1,2,0,2,0,2,0,0,1,0,2,0,0,2,0,0,2,2
122,-9905.391,503.262,241.624,72.093,0.305999,-0.950731,-0.049762,0.951462,0.307206,-0.018574,0.032946,-0.041662,0.998588,0,-0.41631,-0.05023,-24.978,-0.100,-1,375.000,-1,375.000,-1,325.000,325.000,225.000,350.000,-1,300.000,300.000,-1,700.000,825.000,-1,-1,2,0,2,0,2,0,0,1,0,2,0,0,2,0,0,2,2
123,-9913.053,479.693,241.017,71.991,0.307736,-0.950179,-0.049592,0.950937,0.308892,-0.017457,0.031906,-0.041786,0.998617,0,-0.41305,-0.05086,-24.783,-0.102,-1,375.000,-1,375.000,-1,325.000,325.000,225.000,350.000,-1,325.000,300.000,-1,700.000,825.000,-1,-1,2,0,2,0,2,0,0,1,0,2,0,0,2,0,0,2,2
124,-9920.699,456.318,240.416,71.888,0.309494,-0.949616,-0.049421,0.950400,0.310601,-0.016354,0.030880,-0.041909,0.998644,0,-0.40989,-0.05158,-24.593,-0.103,875.000,375.000,-1,375.000,-1,300.000,325.000,225.000,350.000,-1,350.000,325.000,-1,700.000,825.000,-1,-1,1,0,2,0,2,0,0,1,0,2,0,0,2,0,0,2,2
125,-9928.330,433.131,239.819,71.783,0.311278,-0.949042,-0.049251,0.949849,0.312335,-0.015264,0.029869,-0.042030,0.998670,0,-0.40685,-0.05238,-24.411,-0.105,850.000,375.000,-1,375.000,-1,300.000,325.000,225.000,350.000,-1,400.000,325.000,-1,700.000,800.000,-1,-1,1,0,2,0,2,0,0,1,0,2,0,0,2,0,0,2,2
126,-9935.949,410.124,239.227,71.677,0.313089,-0.948455,-0.049080,0.949285,0.314097,-0.014188,0.028873,-0.042149,0.998694,0,-0.40392,-0.05325,-24.235,-0.106,825.000,375.000,-1,375.000,-1,300.000,325.000,225.000,350.000,-1,425.000,325.000,-1,700.000,800.000,-1,-1,1,0,2,0,2,0,0,1,0,2,0,0,2,0,0,2,2
127,-9943.559,387.292,238.638,71.568,0.314929,-0.947854,-0.048910,0.948705,0.315889,-0.013125,0.027891,-0.042267,0.998717,0,-0.40112,-0.05419,-24.067,-0.108,800.000,375.000,-1,375.000,-1,300.000,325.000,225.000,350.000,-1,475.000,350.000,-1,700.000,800.000,-1,-1,1,0,2,0,2,0,0,1,0,2,0,0,2,0,0,2,2
128,-9951.161,364.626,238.054,71.458,0.316801,-0.947239,-0.048739,0.948110,0.317713,-0.012075,0.026923,-0.042384,0.998739,0,-0.39844,-0.05520,-23.906,-0.110,750.000,375.000,-1,375.000,-1,300.000,325.000,250.000,350.000,-1,475.000,350.000,-1,700.000,800.000,-1,-1,1,0,2,0,2,0,0,1,0,2,0,0,2,0,0,2,2
129,-9958.759,342.122,237.473,71.345,0.318706,-0.946608,-0.048567,0.947498,0.319572,-0.011037,0.025968,-0.042500,0.998759,0,-0.39588,-0.05628,-23.753,-0.113,725.000,375.000,-1,375.000,-1,300.000,300.000,250.000,350.000,-1,475.000,350.000,-1,675.000,775.000,-1,-1,1,0,2,0,2,0,0,1,0,2,0,0,2,0,0,2,2
130,-9966.355,319.770,236.896,71.231,0.320648,-0.945961,-0.048395,0.946868,0.321467,-0.010011,0.025027,-0.042614,0.998778,0,-0.39345,-0.05743,-23.607,-0.115,700.000,375.000,-1,375.000,-1,300.000,300.000,250.000,325.000,-1,475.000,375.000,-1,675.000,775.000,-1,-1,1,0,2,0,2,0,0,1,0,2,0,0,2,0,0,2,2
131,-9973.952,297.565,236.322,71.113,0.322628,-0.945297,-0.048223,0.946219,0.323401,-0.008996,0.024099,-0.042727,0.998796,0,-0.39115,-0.05863,-23.469,-0.117,675.000,375.000,-1,375.000,-1,300.000,300.000,250.000,325.000,-1,475.000,350.000,-1,675.000,775.000,-1,-1,1,0,2,0,2,0,0,1,0,2,0,0,2,0,0,2,2
132,-9981.553,275.499,235.751,70.993,0.324653,-0.944612,-0.048050,0.945549,0.325381,-0.007993,0.023185,-0.042839,0.998813,0,-0.38897,-0.06007,-23.338,-0.120,650.000,375.000,-1,375.000,-1,300.000,300.000,275.000,325.000,-1,475.000,350.000,-1,675.000,775.000,-1,-1,1,0,2,0,2,0,0,1,0,2,0,0,2,0,0,2,2
133,-9989.163,253.566,235.182,70.865,0.326805,-0.943878,-0.047877,0.944829,0.327489,-0.007000,0.022286,-0.042948,0.998829,0,-0.38693,-0.06399,-23.216,-0.128,625.000,375.000,-1,375.000,-1,300.000,300.000,275.000,325.000,-1,475.000,325.000,-1,675.000,775.000,-1,-1,1,0,2,0,2,0,0,1,0,2,0,0,2,0,0,2,2
134,-9996.787,231.759,234.616,70.730,0.329082,-0.943096,-0.047704,0.944059,0.329722,-0.006018,0.021404,-0.043055,0.998843,0,-0.38502,-0.06785,-23.101,-0.136,600.000,375.000,-1,375.000,-1,300.000,300.000,275.000,325.000,-1,475.000,325.000,-1,675.000,750.000,-1,-1,1,0,2,0,2,0,0,1,0,2,0,0,2,0,0,2,2
