timestep,x_cm,y_cm,z_cm,yaw_deg,basis_xx,basis_xy,basis_xz,basis_yx,basis_yy,basis_yz,basis_zx,basis_zy,basis_zz,teleport_flag,throttle_cmd,steering_cmd,cmd_move_cm,cmd_turn_deg,lidar_cm_0,lidar_cm_1,lidar_cm_2,lidar_cm_3,lidar_cm_4,lidar_cm_5,lidar_cm_6,lidar_cm_7,lidar_cm_8,lidar_cm_9,lidar_cm_10,lidar_cm_11,lidar_cm_12,lidar_cm_13,lidar_cm_14,lidar_cm_15,lidar_cm_16,lidar_class_0,lidar_class_1,lidar_class_2,lidar_class_3,lidar_class_4,lidar_class_5,lidar_class_6,lidar_class_7,lidar_class_8,lidar_class_9,lidar_class_10,lidar_class_11,lidar_class_12,lidar_class_13,lidar_class_14,lidar_class_15,lidar_class_16
0,979.097,2295.731,-132.982,180.025,-0.999507,0.000430,0.031397,0.001541,-0.998031,0.062700,0.031362,0.062717,0.997538,1,0.08000,0.12000,4.800,0.240,-1,550.000,-1,425.000,-1,400.000,350.000,400.000,150.000,-1,0.000,0.000,-1,-1,-1,-1,-1,2,0,2,0,2,0,0,0,0,2,0,1,2,2,2,2,2
1,969.498,2295.649,-132.708,180.505,-0.999551,0.008792,0.028646,-0.007030,-0.998111,0.061035,0.029128,0.060806,0.997724,0,0.16000,0.24000,9.600,0.480,-1,550.000,-1,425.000,-1,400.000,350.000,400.000,150.000,-1,0.000,0.000,-1,-1,-1,-1,-1,2,0,2,0,2,0,0,0,0,2,0,1,2,2,2,2,2
2,955.102,2295.344,-132.243,181.225,-0.999474,0.021337,0.024430,-0.019884,-0.998104,0.058256,0.025627,0.057739,0.998003,0,0.24000,0.36000,14.400,0.720,-1,525.000,-1,425.000,-1,375.000,350.000,400.000,150.000,-1,0.000,0.000,-1,-1,-1,-1,-1,2,0,2,0,2,0,0,0,0,2,0,1,2,2,2,2,2
3,935.916,2294.616,-131.533,182.185,-0.999101,0.038066,0.018682,-0.037008,-0.997853,0.054044,0.020699,0.053304,0.998364,0,0.32000,0.48000,19.200,0.960,-1,525.000,-1,425.000,-1,375.000,350.000,375.000,150.000,-1,0.000,0.000,-1,-1,1000.000,-1,-1,2,0,2,0,2,0,0,0,0,2,0,1,2,2,0,2,2
4,911.956,2293.241,-130.511,183.296,-0.998283,0.057432,0.011481,-0.056820,-0.997233,0.047941,0.014203,0.047207,0.998784,0,0.40000,0.55571,24.000,1.111,-1,500.000,-1,425.000,-1,375.000,350.000,375.000,175.000,-1,0.000,0.000,-1,-1,975.000,-1,-1,2,0,2,0,2,0,0,0,0,2,0,1,2,2,0,2,2
5,883.242,2291.030,-129.151,184.413,-0.997034,0.076895,0.003083,-0.076713,-0.996267,0.039599,0.006117,0.039245,0.999211,0,0.48000,0.55871,28.800,1.117,-1,475.000,-1,425.000,-1,375.000,350.000,375.000,200.000,-1,0.000,0.000,-1,-1,950.000,-1,-1,2,0,2,0,2,0,0,0,0,2,0,1,2,2,0,2,2
6,849.798,2287.792,-127.455,185.538,-0.995316,0.096470,-0.006362,-0.096615,-0.994900,0.028960,-0.003536,0.029439,0.999560,0,0.56000,0.56242,33.600,1.125,-1,450.000,-1,425.000,-1,350.000,350.000,350.000,200.000,-1,0.000,0.000,-1,-1,925.000,-1,-1,2,0,2,0,2,0,0,0,0,2,0,1,2,2,0,2,2
7,816.384,2283.887,-125.664,186.672,-0.993108,0.116165,-0.015573,-0.116433,-0.993043,0.017601,-0.013420,0.019293,0.999724,0,0.56070,0.56686,33.642,1.134,-1,450.000,-1,425.000,-1,350.000,350.000,350.000,225.000,-1,0.000,-1,-1,950.000,900.000,-1,-1,2,0,2,0,2,0,0,0,0,2,0,2,2,0,0,2,2
8,783.054,2279.314,-123.807,187.815,-0.990412,0.135968,-0.024435,-0.136143,-0.990673,0.005637,-0.023441,0.008909,0.999686,0,0.56069,0.57143,33.641,1.143,-1,425.000,-1,400.000,-1,350.000,325.000,325.000,250.000,-1,75.000,-1,-1,875.000,875.000,-1,-1,2,0,2,0,2,0,0,0,0,2,0,2,2,0,0,2,2
9,749.795,2274.066,-121.906,188.967,-0.987231,0.155868,-0.032857,-0.155726,-0.987777,-0.006833,-0.033521,-0.001629,0.999437,0,0.56116,0.57610,33.670,1.152,-1,400.000,-1,400.000,-1,325.000,325.000,325.000,275.000,-1,-1,-1,-1,800.000,850.000,-1,-1,2,0,2,0,2,0,0,0,0,2,2,2,2,0,0,2,2
10,716.595,2268.133,-119.986,190.129,-0.983573,0.175850,-0.040751,-0.175171,-0.984341,-0.019700,-0.043577,-0.012238,0.998975,0,0.56209,0.58087,33.726,1.162,850.000,400.000,-1,400.000,-1,325.000,325.000,300.000,300.000,-1,-1,-1,-1,725.000,825.000,-1,-1,1,0,2,0,2,0,0,0,0,2,2,2,2,0,0,2,2
11,683.444,2261.508,-121.094,191.300,-0.979730,0.195939,-0.041686,-0.195240,-0.980546,-0.020270,-0.044847,-0.011720,0.998925,0,0.56344,0.58574,33.806,1.171,800.000,375.000,-1,400.000,-1,325.000,325.000,300.000,300.000,-1,-1,-1,-1,725.000,800.000,-1,-1,1,0,2,0,2,0,0,0,0,2,2,2,2,0,0,2,2
12,650.335,2254.180,-122.661,192.482,-0.975466,0.216119,-0.041932,-0.215491,-0.976321,-0.019017,-0.045049,-0.009514,0.998939,0,0.56517,0.59070,33.910,1.181,750.000,375.000,-1,400.000,-1,325.000,325.000,300.000,300.000,-1,-1,-1,-1,725.000,800.000,-1,-1,1,0,2,0,2,0,0,0,0,2,2,2,2,0,0,2,2
13,617.265,2246.135,-124.232,193.673,-0.970745,0.236378,-0.042196,-0.235822,-0.971634,-0.017769,-0.045199,-0.007299,0.998951,0,0.56724,0.59574,34.035,1.191,725.000,375.000,-1,400.000,-1,325.000,325.000,300.000,300.000,-1,-1,-1,-1,725.000,800.000,-1,-1,1,0,2,0,2,0,0,0,0,2,2,2,2,0,0,2,2
14,584.232,2237.361,-125.835,194.875,-0.965561,0.256707,-0.042357,-0.256221,-0.966475,-0.016621,-0.045203,-0.005196,0.998964,0,0.56965,0.60087,34.179,1.202,700.000,375.000,-1,400.000,-1,325.000,325.000,300.000,300.000,-1,-1,-1,-1,725.000,800.000,-1,-1,1,0,2,0,2,0,0,0,0,2,2,2,2,0,0,2,2
15,551.235,2227.846,-127.483,196.087,-0.959899,0.277097,-0.042550,-0.276673,-0.960836,-0.015670,-0.045226,-0.003269,0.998971,0,0.57235,0.60608,34.341,1.212,650.000,375.000,-1,400.000,-1,325.000,325.000,300.000,300.000,-1,-1,-1,-1,725.000,775.000,-1,-1,1,0,2,0,2,0,0,0,0,2,2,2,2,0,0,2,2
16,513.914,2216.050,-129.379,197.539,-0.952548,0.301359,-0.042832,-0.301001,-0.953510,-0.014737,-0.045282,-0.001146,0.998974,0,0.65235,0.72608,39.141,1.452,625.000,375.000,-1,400.000,-1,325.000,325.000,300.000,300.000,-1,-1,-1,-1,725.000,775.000,-1,-1,1,0,2,0,2,0,0,0,0,2,2,2,2,0,0,2,2
17,472.425,2201.577,-131.487,199.231,-0.943209,0.329385,-0.043150,-0.329102,-0.944195,-0.013708,-0.045257,0.001271,0.998975,0,0.73235,0.84608,43.941,1.692,575.000,375.000,-1,400.000,-1,325.000,325.000,300.000,300.000,-1,-1,-1,-1,700.000,750.000,-1,-1,1,0,2,0,2,0,0,0,0,2,2,2,2,0,0,2,2
18,430.806,2185.576,-133.598,201.031,-0.932377,0.358863,-0.043477,-0.358658,-0.933383,-0.012688,-0.045134,0.003763,0.998974,0,0.74315,0.89954,44.589,1.799,525.000,375.000,-1,400.000,-1,325.000,325.000,300.000,300.000,-1,-1,-1,-1,675.000,750.000,-1,-1,1,0,2,0,2,0,0,0,0,2,2,2,2,0,0,2,2
19,389.657,2168.248,-135.643,202.836,-0.920589,0.388086,-0.043655,-0.387954,-0.921603,-0.011788,-0.044807,0.006085,0.998977,0,0.74415,0.90269,44.649,1.805,500.000,375.000,-1,400.000,-1,325.000,325.000,300.000,300.000,-1,-1,-1,-1,675.000,750.000,-1,-1,1,0,2,0,2,0,0,0,0,2,2,2,2,0,0,2,2
20,349.025,2149.604,-137.640,204.648,-0.907841,0.417023,-0.043779,-0.416962,-0.908858,-0.010946,-0.044354,0.008317,0.998981,0,0.74509,0.90591,44.705,1.812,450.000,375.000,-1,400.000,-1,325.000,325.000,300.000,300.000,-1,-1,-1,-1,650.000,725.000,-1,-1,1,0,2,0,2,0,0,1,0,2,2,2,2,0,0,2,2
21,308.958,2129.657,-139.585,206.466,-0.894135,0.445644,-0.043858,-0.445651,-0.895149,-0.010161,-0.043788,0.010460,0.998986,0,0.74595,0.90920,44.757,1.818,425.000,375.000,-1,400.000,-1,325.000,325.000,300.000,300.000,-1,-1,-1,-1,650.000,725.000,975.000,-1,1,0,2,0,2,0,0,1,0,2,2,2,2,0,0,0,2
22,269.507,2108.422,-141.473,208.291,-0.879475,0.473917,-0.043887,-0.473988,-0.880481,-0.009437,-0.043114,0.012502,0.998992,0,0.74672,0.91257,44.803,1.825,375.000,375.000,-1,400.000,-1,325.000,325.000,300.000,325.000,-1,-1,-1,-1,625.000,725.000,925.000,-1,1,1,2,0,2,0,0,1,0,2,2,2,2,0,0,0,2
23,230.719,2085.917,-143.298,210.123,-0.863865,0.501810,-0.043864,-0.501941,-0.864857,-0.008777,-0.042340,0.014435,0.998999,0,0.74740,0.91603,44.844,1.832,350.000,375.000,-1,375.000,-1,325.000,325.000,275.000,325.000,-1,-1,-1,-1,625.000,725.000,875.000,-1,1,1,2,0,2,0,0,1,0,2,2,2,2,0,0,0,2
24,192.645,2062.159,-145.055,211.962,-0.847308,0.529293,-0.043784,-0.529480,-0.848283,-0.008182,-0.041472,0.016250,0.999008,0,0.74798,0.91957,44.879,1.839,325.000,350.000,-1,375.000,-1,300.000,325.000,275.000,325.000,-1,-1,-1,-1,600.000,700.000,825.000,-1,1,1,2,0,2,0,0,1,0,2,2,2,2,0,0,0,2
25,155.333,2037.172,-146.380,213.809,-0.829840,0.556310,-0.043405,-0.556657,-0.830729,-0.004772,-0.038713,0.020202,0.999046,0,0.74844,0.92320,44.906,1.846,300.000,350.000,-1,375.000,-1,325.000,325.000,275.000,325.000,-1,-1,700.000,-1,600.000,700.000,825.000,-1,1,1,2,0,2,1,0,1,0,2,2,0,2,0,0,0,2
26,118.833,2010.977,-146.461,215.663,-0.811510,0.582767,-0.042824,-0.583468,-0.812121,0.004969,-0.031883,0.029019,0.999070,0,0.74878,0.92693,44.927,1.854,325.000,375.000,-1,400.000,-1,325.000,325.000,275.000,300.000,-1,650.000,525.000,-1,625.000,725.000,950.000,-1,1,1,2,0,2,0,0,1,0,2,0,0,2,0,0,0,2
27,83.194,1983.603,-146.587,217.524,-0.792266,0.608673,-0.042787,-0.609650,-0.792545,0.014126,-0.025313,0.037276,0.998984,0,0.74899,0.93075,44.939,1.862,350.000,375.000,-1,400.000,-1,325.000,325.000,250.000,300.000,-1,550.000,425.000,-1,650.000,750.000,-1,-1,1,1,2,0,2,0,0,1,0,2,0,0,2,0,0,2,2
28,48.465,1955.077,-146.630,219.394,-0.772143,0.634014,-0.042674,-0.635175,-0.772038,0.022568,-0.018637,0.044532,0.998834,0,0.74906,0.93467,44.943,1.869,375.000,375.000,-1,400.000,-1,325.000,350.000,250.000,300.000,-1,475.000,325.000,-1,675.000,750.000,-1,-1,1,0,2,0,2,0,0,1,0,2,0,0,2,0,0,2,2
29,10.940,1922.424,-146.816,221.023,-0.753986,0.655496,-0.042790,-0.656780,-0.753453,0.030799,-0.012052,0.051326,0.998609,0,0.82906,0.81467,49.743,1.629,450.000,400.000,-1,425.000,-1,325.000,350.000,250.000,300.000,-1,400.000,250.000,-1,700.000,750.000,-1,-1,1,0,2,0,2,0,0,1,0,2,0,0,2,0,0,2,2
30,-26.939,1887.815,-147.166,222.412,-0.738059,0.673357,-0.043120,-0.674708,-0.737104,0.038037,-0.006171,0.057167,0.998346,0,0.85515,0.69467,51.309,1.389,-1,400.000,-1,425.000,-1,325.000,350.000,250.000,300.000,-1,350.000,200.000,-1,700.000,775.000,-1,-1,2,0,2,0,2,0,0,1,0,2,0,0,2,0,0,2,2
31,-64.001,1852.563,-147.668,223.562,-0.724577,0.687819,-0.043501,-0.689192,-0.723251,0.043833,-0.001313,0.061742,0.998091,0,0.85250,0.57467,51.150,1.149,-1,400.000,-1,425.000,-1,325.000,350.000,225.000,300.000,-1,325.000,200.000,-1,725.000,750.000,-1,-1,2,0,2,0,2,0,0,1,0,2,0,0,2,0,0,2,2
32,-100.340,1816.884,-148.392,224.471,-0.713722,0.699068,-0.043657,-0.700425,-0.712098,0.048182,0.002594,0.064967,0.997884,0,0.84879,0.45467,50.927,0.909,-1,400.000,-1,425.000,-1,325.000,350.000,225.000,275.000,-1,300.000,175.000,-1,725.000,750.000,-1,-1,2,0,2,0,2,0,0,1,0,2,0,0,2,0,0,2,2
33,-136.057,1780.989,-149.393,225.140,-0.705626,0.707260,-0.043299,-0.708562,-0.703805,0.050972,0.005577,0.066647,0.997761,0,0.84396,0.33467,50.637,0.669,-1,400.000,-1,400.000,-1,325.000,325.000,200.000,275.000,-1,275.000,175.000,-1,725.000,750.000,-1,-1,2,0,2,0,2,0,0,1,0,2,0,0,2,0,0,2,2
34,-171.254,1745.085,-150.638,225.570,-0.700376,0.712500,-0.042636,-0.713736,-0.698471,0.052141,0.007370,0.066949,0.997729,0,0.83797,0.21467,50.278,0.429,-1,400.000,-1,400.000,-1,325.000,325.000,200.000,275.000,-1,275.000,175.000,-1,700.000,750.000,-1,-1,2,0,2,0,2,0,0,1,0,2,0,0,2,0,0,2,2
35,-206.034,1709.372,-152.152,225.759,-0.698030,0.714859,-0.041611,-0.716025,-0.696166,0.051579,0.007904,0.065798,0.997802,0,0.83085,0.09467,49.851,0.189,-1,400.000,-1,400.000,-1,325.000,325.000,200.000,275.000,-1,275.000,175.000,-1,675.000,725.000,-1,-1,2,0,2,0,2,0,0,1,0,2,0,0,2,0,0,2,2
36,-240.503,1674.046,-153.504,225.708,-0.698659,0.714443,-0.038031,-0.715405,-0.696993,0.048958,0.008470,0.061413,0.998077,0,0.82261,-0.02533,49.357,-0.051,-1,375.000,-1,400.000,-1,325.000,325.000,175.000,275.000,-1,275.000,175.000,-1,675.000,725.000,-1,-1,2,0,2,0,2,0,0,1,0,2,0,0,2,0,0,2,2
37,-274.761,1639.291,-155.095,225.418,-0.702222,0.711159,-0.033721,-0.711915,-0.700866,0.044325,0.007888,0.055132,0.998448,0,0.81335,-0.14533,48.801,-0.291,900.000,375.000,-1,400.000,-1,300.000,325.000,175.000,300.000,-1,275.000,200.000,-1,650.000,725.000,-1,-1,0,0,2,0,2,0,0,1,0,2,0,0,2,0,0,2,2
38,-308.861,1605.238,-156.016,224.963,-0.707875,0.705700,-0.030005,-0.706278,-0.706621,0.043111,0.009221,0.051709,0.998620,0,0.80318,-0.22752,48.191,-0.455,850.000,375.000,-1,400.000,-1,300.000,325.000,150.000,300.000,-1,275.000,200.000,-1,625.000,725.000,-1,-1,0,0,2,0,2,0,0,1,0,2,0,0,2,0,0,2,2
39,-342.768,1571.901,-153.800,224.508,-0.713380,0.699701,-0.038839,-0.700756,-0.711826,0.047378,0.005504,0.061015,0.998122,0,0.79251,-0.22741,47.551,-0.455,-1,375.000,-1,375.000,-1,300.000,300.000,175.000,300.000,-1,425.000,325.000,-1,625.000,700.000,-1,-1,2,0,2,0,2,0,0,1,0,2,0,0,2,0,0,2,2
40,-376.485,1539.272,-151.890,224.052,-0.718825,0.693652,-0.046231,-0.695186,-0.716987,0.051442,0.002536,0.069117,0.997605,0,0.78200,-0.22777,46.920,-0.456,-1,375.000,-1,375.000,-1,300.000,300.000,175.000,300.000,-1,575.000,450.000,-1,625.000,675.000,-1,-1,2,0,2,0,2,0,0,1,0,2,0,0,2,0,0,2,2
41,-410.020,1507.334,-150.235,223.595,-0.724240,0.687582,-0.052041,-0.689548,-0.722155,0.054909,0.000173,0.075653,0.997134,0,0.77183,-0.22859,46.310,-0.457,-1,375.000,-1,375.000,-1,300.000,300.000,200.000,275.000,-1,750.000,575.000,-1,625.000,675.000,-1,-1,2,0,2,0,2,0,0,1,0,2,0,0,2,0,0,2,2
42,-443.386,1476.066,-148.864,223.135,-0.729656,0.681488,-0.056356,-0.683813,-0.727352,0.057953,-0.001496,0.080823,0.996727,0,0.76212,-0.22984,45.727,-0.460,-1,375.000,-1,375.000,-1,300.000,300.000,225.000,275.000,-1,875.000,675.000,-1,625.000,650.000,-1,-1,2,0,2,0,2,0,0,1,0,2,0,0,2,0,0,2,2
43,-476.602,1445.440,-147.813,222.672,-0.735102,0.675363,-0.059249,-0.677952,-0.732590,0.060762,-0.002369,0.084834,0.996392,0,0.75299,-0.23149,45.180,-0.463,-1,375.000,-1,375.000,-1,300.000,300.000,225.000,275.000,-1,1000.000,775.000,-1,650.000,650.000,-1,-1,2,0,2,0,2,0,0,1,0,2,0,0,2,0,0,2,2
44,-509.690,1415.427,-147.070,222.205,-0.740593,0.669200,-0.060772,-0.671949,-0.737886,0.063314,-0.002473,0.087725,0.996142,0,0.74453,-0.23352,44.672,-0.467,-1,375.000,-1,350.000,-1,300.000,300.000,250.000,275.000,-1,-1,825.000,-1,650.000,650.000,-1,-1,2,0,2,0,2,0,0,1,0,2,2,0,2,0,0,2,2
45,-542.679,1385.997,-146.480,221.734,-0.746166,0.662959,-0.061007,-0.665758,-0.743211,0.066353,-0.001352,0.090127,0.995929,0,0.73680,-0.23591,44.208,-0.472,-1,375.000,-1,350.000,1000.000,300.000,300.000,275.000,275.000,-1,-1,850.000,-1,650.000,650.000,-1,-1,2,0,2,0,0,0,0,1,0,2,2,0,2,0,0,2,2
46,-575.597,1357.119,-146.069,221.256,-0.751819,0.656637,-0.059969,-0.659369,-0.748583,0.069683,0.000865,0.091931,0.995765,0,0.72982,-0.23861,43.789,-0.477,-1,375.000,-1,375.000,1000.000,300.000,300.000,275.000,275.000,-1,-1,825.000,-1,650.000,650.000,-1,-1,2,0,2,0,0,0,0,1,0,2,2,0,2,0,0,2,2
47,-608.477,1328.763,-145.779,220.773,-0.757552,0.650295,-0.056837,-0.652760,-0.754089,0.072480,0.004273,0.092008,0.995749,0,0.72362,-0.24162,43.417,-0.483,-1,375.000,-1,375.000,-1,300.000,300.000,300.000,275.000,525.000,1000.000,775.000,-1,675.000,675.000,-1,-1,2,0,2,0,2,0,0,1,0,1,0,0,2,0,0,2,2
48,-641.350,1300.901,-145.781,220.283,-0.763323,0.643883,-0.052460,-0.645963,-0.759690,0.074857,0.008345,0.091027,0.995813,0,0.71820,-0.24490,43.092,-0.490,-1,375.000,-1,375.000,-1,325.000,325.000,325.000,300.000,475.000,900.000,725.000,-1,675.000,675.000,-1,-1,2,0,2,0,2,0,0,1,0,1,0,0,2,0,0,2,2
49,-673.085,1274.693,-146.077,219.554,-0.771682,0.634257,-0.047164,-0.635886,-0.767953,0.076791,0.012486,0.089249,0.995931,0,0.68595,-0.36490,41.157,-0.730,-1,375.000,-1,375.000,-1,325.000,325.000,325.000,300.000,450.000,825.000,650.000,-1,700.000,700.000,-1,-1,2,0,2,0,2,0,0,0,0,1,0,0,2,0,0,2,2
50,-705.056,1249.188,-146.698,218.584,-0.782502,0.621320,-0.040649,-0.622417,-0.778767,0.078220,0.016943,0.086508,0.996107,0,0.68162,-0.48490,40.897,-0.970,-1,375.000,-1,400.000,-1,325.000,325.000,300.000,300.000,400.000,750.000,575.000,-1,725.000,725.000,-1,-1,2,0,2,0,2,0,0,0,0,1,0,0,2,0,0,2,2
51,-737.368,1224.514,-147.229,217.374,-0.795534,0.605018,-0.032835,-0.605562,-0.792078,0.076861,0.020494,0.081029,0.996501,0,0.67757,-0.60490,40.654,-1.210,-1,400.000,-1,400.000,-1,325.000,325.000,300.000,300.000,375.000,675.000,525.000,-1,725.000,750.000,-1,-1,2,0,2,0,2,0,0,0,0,1,0,0,2,0,0,2,2
52,-770.055,1200.715,-146.840,216.061,-0.809188,0.586774,-0.030193,-0.587193,-0.805834,0.076401,0.020500,0.079551,0.996620,0,0.67386,-0.65670,40.431,-1.313,-1,400.000,-1,400.000,-1,325.000,325.000,275.000,300.000,400.000,700.000,550.000,-1,750.000,750.000,-1,-1,2,0,2,0,2,0,0,0,0,1,0,0,2,0,0,2,2
53,-803.130,1177.780,-146.134,214.738,-0.822480,0.568018,-0.029708,-0.568476,-0.819149,0.076361,0.019040,0.079694,0.996638,0,0.67080,-0.66107,40.248,-1.322,-1,400.000,-1,400.000,-1,325.000,325.000,275.000,300.000,400.000,400.000,600.000,-1,750.000,750.000,-1,-1,2,0,2,0,2,0,0,0,0,1,1,0,2,0,0,2,2
54,-836.616,1155.694,-145.543,213.407,-0.835422,0.548832,-0.029213,-0.549330,-0.832123,0.076210,0.017518,0.079715,0.996664,0,0.66854,-0.66565,40.112,-1.331,-1,400.000,-1,400.000,-1,325.000,325.000,275.000,300.000,425.000,375.000,675.000,-1,750.000,750.000,-1,-1,2,0,2,0,2,0,0,0,0,1,1,0,2,0,0,2,2
55,-870.533,1134.446,-145.013,212.066,-0.848009,0.529205,-0.028680,-0.529737,-0.844731,0.076211,0.016105,0.079821,0.996679,0,0.66704,-0.67044,40.023,-1.341,-1,400.000,-1,400.000,-1,325.000,325.000,275.000,300.000,450.000,375.000,725.000,-1,750.000,750.000,-1,-1,2,0,2,0,2,0,0,0,0,1,1,0,2,0,0,2,2
56,-904.901,1114.027,-144.526,210.715,-0.860229,0.509134,-0.028080,-0.509691,-0.856954,0.076451,0.014861,0.080078,0.996678,0,0.66625,-0.67540,39.975,-1.351,-1,400.000,-1,400.000,-1,325.000,325.000,275.000,275.000,475.000,400.000,775.000,-1,775.000,725.000,-1,-1,2,0,2,0,2,0,0,0,0,1,1,0,2,0,0,2,2
57,-939.737,1094.435,-144.148,209.354,-0.872059,0.488630,-0.027446,-0.489212,-0.868796,0.076584,0.013576,0.080213,0.996685,0,0.66612,-0.68054,39.967,-1.361,-1,400.000,-1,400.000,-1,325.000,325.000,275.000,275.000,525.000,425.000,825.000,-1,775.000,725.000,-1,-1,2,0,2,0,2,0,0,0,0,1,1,0,2,0,0,2,2
58,-975.058,1075.668,-143.876,207.983,-0.883486,0.467692,-0.026782,-0.468298,-0.880243,0.076610,0.012255,0.080226,0.996701,0,0.66660,-0.68584,39.996,-1.372,-1,400.000,-1,400.000,-1,325.000,325.000,275.000,275.000,550.000,450.000,600.000,-1,775.000,725.000,-1,-1,2,0,2,0,2,0,0,0,0,1,1,1,2,0,0,2,2
59,-1010.878,1057.730,-143.477,206.600,-0.894477,0.446287,-0.027172,-0.446998,-0.891213,0.077024,0.010158,0.081042,0.996659,0,0.66765,-0.69129,40.059,-1.383,-1,400.000,-1,400.000,-1,325.000,325.000,275.000,275.000,600.000,475.000,600.000,-1,775.000,725.000,-1,-1,2,0,2,0,2,0,0,0,0,1,1,1,2,0,0,2,2
60,-1047.209,1040.629,-143.163,205.206,-0.905030,0.424451,-0.027599,-0.425273,-0.901747,0.077426,0.007976,0.081810,0.996616,0,0.66923,-0.69689,40.154,-1.394,-1,400.000,-1,400.000,-1,325.000,325.000,275.000,275.000,625.000,500.000,600.000,-1,775.000,725.000,-1,-1,2,0,2,0,2,0,0,0,0,1,1,1,2,0,0,2,2
61,-1084.062,1024.374,-142.967,203.801,-0.915131,0.402190,-0.027904,-0.403115,-0.911841,0.077741,0.005823,0.082392,0.996583,0,0.67129,-0.70262,40.277,-1.405,-1,400.000,-1,400.000,-1,325.000,325.000,275.000,275.000,675.000,525.000,625.000,-1,750.000,700.000,-1,-1,2,0,2,0,2,0,0,0,0,1,1,1,2,0,0,2,2
62,-1121.445,1008.978,-142.888,202.384,-0.924763,0.379506,-0.028088,-0.380526,-0.921478,0.077963,0.003705,0.082785,0.996561,0,0.67380,-0.70848,40.428,-1.417,-1,400.000,-1,400.000,-1,325.000,325.000,275.000,275.000,725.000,575.000,650.000,-1,750.000,700.000,-1,-1,2,0,2,0,2,0,0,0,0,1,1,1,2,0,0,2,2
63,-1159.364,994.457,-142.924,200.955,-0.933908,0.356403,-0.028152,-0.357510,-0.930639,0.078085,0.001631,0.082989,0.996549,0,0.67672,-0.71446,40.603,-1.429,-1,400.000,-1,375.000,-1,325.000,325.000,300.000,275.000,750.000,600.000,675.000,-1,750.000,700.000,-1,-1,2,0,2,0,2,0,0,0,0,1,1,1,2,0,0,2,2
64,-1197.822,980.828,-143.075,199.514,-0.942549,0.332885,-0.028099,-0.334069,-0.939307,0.078101,-0.000395,0.083001,0.996549,0,0.68002,-0.72056,40.801,-1.441,-1,400.000,-1,375.000,-1,325.000,325.000,300.000,275.000,800.000,625.000,700.000,-1,750.000,675.000,-1,-1,2,0,2,0,2,0,0,0,0,1,1,1,2,0,0,2,2
65,-1236.822,968.112,-143.197,198.060,-0.950655,0.308969,-0.028166,-0.310238,-0.947505,0.077379,-0.002780,0.082299,0.996604,0,0.68366,-0.72677,41.020,-1.454,-1,400.000,-1,375.000,-1,325.000,325.000,300.000,275.000,850.000,675.000,725.000,-1,750.000,675.000,-1,-1,2,0,2,0,2,0,0,0,0,1,1,1,2,0,0,2,2
66,-1276.362,956.330,-143.264,196.594,-0.958229,0.284660,-0.027664,-0.285961,-0.955219,0.076051,-0.004776,0.080785,0.996720,0,0.68762,-0.73309,41.257,-1.466,-1,400.000,-1,375.000,-1,325.000,325.000,300.000,275.000,900.000,700.000,750.000,-1,725.000,675.000,-1,-1,2,0,2,0,2,0,0,0,0,1,1,1,2,0,0,2,2
67,-1319.242,944.749,-143.313,195.118,-0.965245,0.260003,-0.026488,-0.261274,-0.962418,0.074083,-0.006230,0.078429,0.996900,0,0.74026,-0.73821,44.415,-1.476,-1,375.000,-1,375.000,-1,325.000,300.000,300.000,275.000,950.000,725.000,775.000,-1,725.000,675.000,-1,-1,2,0,2,0,2,0,0,0,0,1,1,1,2,0,0,2,2
68,-1362.235,934.322,-143.471,193.636,-0.971648,0.235073,-0.025317,-0.236310,-0.969006,0.072004,-0.007606,0.075946,0.997083,0,0.73731,-0.74090,44.239,-1.482,-1,375.000,-1,375.000,-1,325.000,300.000,275.000,275.000,-1,775.000,800.000,-1,725.000,675.000,-1,-1,2,0,2,0,2,0,0,0,0,2,1,1,2,0,0,2,2
69,-1405.339,925.045,-143.440,192.148,-0.977433,0.209856,-0.024174,-0.211066,-0.974887,0.071035,-0.008660,0.074534,0.997181,0,0.73482,-0.74392,44.089,-1.488,-1,375.000,-1,375.000,-1,325.000,300.000,300.000,275.000,-1,800.000,850.000,-1,725.000,675.000,-1,-1,2,0,2,0,2,0,0,0,0,2,1,1,2,0,0,2,2
70,-1448.551,916.917,-143.342,190.654,-0.982599,0.184370,-0.022517,-0.185521,-0.980091,0.070736,-0.009027,0.073682,0.997241,0,0.73281,-0.74725,43.969,-1.495,-1,375.000,-1,375.000,-1,325.000,300.000,300.000,275.000,-1,825.000,875.000,-1,750.000,675.000,-1,-1,2,0,2,0,2,0,0,0,0,2,1,1,2,0,0,2,2
71,-1487.195,910.521,-143.342,189.399,-0.986423,0.162879,-0.020959,-0.163966,-0.983956,0.070326,-0.009168,0.072807,0.997304,0,0.65281,-0.62725,39.169,-1.255,-1,375.000,-1,375.000,-1,325.000,300.000,300.000,275.000,-1,875.000,900.000,-1,750.000,675.000,-1,-1,2,0,2,0,2,0,0,0,0,2,1,1,2,0,0,2,2
72,-1521.197,905.510,-143.404,188.385,-0.989174,0.145441,-0.019544,-0.146464,-0.986746,0.069860,-0.009124,0.071966,0.997365,0,0.57281,-0.50725,34.369,-1.015,-1,400.000,-1,375.000,-1,325.000,325.000,300.000,275.000,-1,900.000,925.000,-1,750.000,675.000,-1,-1,2,0,2,0,2,0,0,0,0,2,1,1,2,0,0,2,2
73,-1554.429,901.070,-143.517,187.610,-0.991071,0.132098,-0.018150,-0.133049,-0.988683,0.069315,-0.008789,0.071111,0.997430,0,0.55879,-0.38725,33.527,-0.775,-1,400.000,-1,375.000,-1,325.000,325.000,300.000,275.000,-1,925.000,950.000,-1,775.000,675.000,-1,-1,2,0,2,0,2,0,0,0,0,2,1,1,2,0,0,2,2
74,-1587.709,896.940,-143.672,187.076,-0.992280,0.122876,-0.016764,-0.123746,-0.989933,0.068704,-0.008153,0.070248,0.997496,0,0.55891,-0.26725,33.535,-0.535,-1,400.000,-1,375.000,-1,325.000,325.000,300.000,275.000,-1,850.000,950.000,-1,775.000,675.000,-1,-1,2,0,2,0,2,0,0,0,0,2,0,0,2,0,0,2,2
75,-1621.041,892.977,-143.859,186.781,-0.992919,0.117793,-0.015396,-0.118575,-0.990610,0.068054,-0.007236,0.069398,0.997563,0,0.55945,-0.14725,33.567,-0.295,-1,400.000,-1,375.000,-1,325.000,325.000,300.000,275.000,-1,775.000,900.000,-1,775.000,675.000,-1,-1,2,0,2,0,2,0,0,0,0,2,0,0,2,0,0,2,2
76,-1654.439,889.107,-144.067,186.611,-0.993282,0.114861,-0.014036,-0.115551,-0.991013,0.067386,-0.006170,0.068555,0.997628,0,0.56035,-0.08496,33.621,-0.170,-1,400.000,-1,375.000,-1,325.000,325.000,300.000,275.000,-1,725.000,875.000,-1,800.000,675.000,-1,-1,2,0,2,0,2,0,0,0,0,2,0,0,2,0,0,2,2
77,-1687.916,885.332,-144.291,186.434,-0.993649,0.111806,-0.012662,-0.112406,-0.991421,0.066702,-0.005095,0.067702,0.997693,0,0.56150,-0.08849,33.690,-0.177,-1,400.000,-1,375.000,-1,325.000,325.000,300.000,275.000,-1,700.000,825.000,-1,800.000,700.000,-1,-1,2,0,2,0,2,0,0,0,0,2,0,0,2,0,0,2,2
78,-1721.482,881.656,-144.530,186.250,-0.994019,0.108625,-0.011272,-0.109135,-0.991833,0.066002,-0.004011,0.066838,0.997756,0,0.56278,-0.09209,33.767,-0.184,-1,400.000,-1,375.000,-1,325.000,325.000,300.000,275.000,-1,650.000,800.000,-1,800.000,700.000,-1,-1,2,0,2,0,2,0,0,0,0,2,0,0,2,0,0,2,2
79,-1755.145,878.084,-144.785,186.059,-0.994390,0.105315,-0.009868,-0.105736,-0.992249,0.065285,-0.002916,0.065962,0.997818,0,0.56419,-0.09577,33.851,-0.192,-1,400.000,-1,375.000,-1,325.000,325.000,300.000,275.000,-1,625.000,775.000,-1,825.000,700.000,-1,-1,2,0,2,0,2,0,0,0,0,2,0,0,2,0,0,2,2
80,-1788.912,874.619,-145.055,185.860,-0.994762,0.101873,-0.008447,-0.102207,-0.992667,0.064548,-0.001809,0.065073,0.997879,0,0.56574,-0.09953,33.944,-0.199,-1,400.000,-1,375.000,-1,325.000,325.000,300.000,275.000,-1,600.000,750.000,-1,825.000,700.000,-1,-1,2,0,2,0,2,0,0,0,0,2,0,0,2,0,0,2,2
81,-1822.792,871.266,-145.341,185.653,-0.995132,0.098297,-0.007010,-0.098544,-0.993086,0.063791,-0.000691,0.064172,0.997939,0,0.56742,-0.10336,34.045,-0.207,-1,400.000,-1,375.000,-1,325.000,325.000,300.000,275.000,-1,575.000,725.000,-1,825.000,700.000,-1,-1,2,0,2,0,2,0,0,0,0,2,0,0,2,0,0,2,2
82,-1856.792,868.030,-145.643,185.438,-0.995501,0.094583,-0.005555,-0.094745,-0.993505,0.063013,0.000441,0.063256,0.997997,0,0.56922,-0.10727,34.153,-0.215,-1,400.000,-1,400.000,-1,325.000,325.000,300.000,275.000,-1,575.000,700.000,-1,850.000,725.000,-1,-1,2,0,2,0,2,0,0,0,0,2,0,0,2,0,0,2,2
83,-1890.919,864.915,-145.960,185.216,-0.995867,0.090730,-0.004084,-0.090808,-0.993923,0.062212,0.001586,0.062326,0.998055,0,0.57116,-0.11125,34.270,-0.222,-1,400.000,-1,400.000,-1,325.000,325.000,300.000,275.000,-1,525.000,700.000,-1,850.000,725.000,-1,-1,2,0,2,0,2,0,0,0,0,2,0,0,2,0,0,2,2
84,-1925.183,861.927,-146.293,184.985,-0.996228,0.086734,-0.002594,-0.086729,-0.994339,0.061386,0.002745,0.061380,0.998111,0,0.57322,-0.11530,34.393,-0.231,-1,400.000,-1,400.000,-1,325.000,325.000,300.000,275.000,-1,475.000,675.000,-1,850.000,725.000,-1,-1,2,0,2,0,2,0,0,0,0,2,0,0,2,0,0,2,2
85,-1959.589,859.071,-146.494,184.746,-0.996582,0.082595,-0.001552,-0.082539,-0.994783,0.059952,0.003408,0.059876,0.998200,0,0.57540,-0.11944,34.524,-0.239,-1,425.000,-1,400.000,-1,325.000,325.000,300.000,275.000,-1,475.000,675.000,-1,850.000,725.000,-1,-1,2,0,2,0,2,0,0,0,0,2,0,0,2,0,0,2,2
86,-1994.145,856.353,-146.559,184.499,-0.996929,0.078307,-0.001243,-0.078245,-0.995208,0.058641,0.003355,0.058558,0.998278,0,0.57771,-0.12364,34.663,-0.247,-1,425.000,-1,400.000,-1,325.000,325.000,300.000,275.000,-1,475.000,700.000,-1,850.000,725.000,-1,-1,2,0,2,0,2,0,0,0,0,2,0,0,2,0,0,2,2
87,-2028.858,853.779,-146.542,184.243,-0.997267,0.073867,-0.001640,-0.073838,-0.995604,0.057627,0.002624,0.057591,0.998337,0,0.58014,-0.12792,34.808,-0.256,-1,425.000,-1,400.000,-1,325.000,325.000,300.000,275.000,-1,525.000,750.000,-1,850.000,725.000,-1,-1,2,0,2,0,2,0,0,0,0,2,0,0,2,0,0,2,2
88,-2063.735,851.354,-146.538,183.979,-0.997596,0.069273,-0.002031,-0.069277,-0.995991,0.056594,0.001898,0.056598,0.998395,0,0.58269,-0.13227,34.961,-0.265,-1,425.000,-1,400.000,-1,325.000,325.000,300.000,275.000,-1,550.000,775.000,-1,850.000,725.000,-1,-1,2,0,2,0,2,0,0,0,0,2,0,0,2,0,0,2,2
89,-2098.783,849.085,-146.546,183.705,-0.997913,0.064524,-0.002415,-0.064558,-0.996367,0.055541,0.001178,0.055581,0.998454,0,0.58535,-0.13669,35.121,-0.273,-1,400.000,-1,400.000,-1,325.000,325.000,300.000,275.000,-1,600.000,825.000,-1,850.000,725.000,-1,-1,2,0,2,0,2,0,0,0,0,2,0,0,2,0,0,2,2
90,-2134.008,846.979,-146.567,183.423,-0.998217,0.059616,-0.002793,-0.059680,-0.996730,0.054468,0.000464,0.054537,0.998512,0,0.58814,-0.14119,35.288,-0.282,-1,400.000,-1,400.000,-1,325.000,325.000,300.000,275.000,-1,625.000,875.000,-1,825.000,725.000,-1,-1,2,0,2,0,2,0,0,0,0,2,0,0,2,0,0,2,2
91,-2169.418,845.042,-146.600,183.131,-0.998506,0.054547,-0.003164,-0.054638,-0.997079,0.053375,-0.000244,0.053468,0.998570,0,0.59104,-0.14576,35.462,-0.292,-1,400.000,-1,400.000,-1,325.000,325.000,300.000,275.000,-1,675.000,925.000,-1,825.000,725.000,-1,-1,2,0,2,0,2,0,0,0,0,2,0,0,2,0,0,2,2
92,-2205.017,843.283,-146.644,182.831,-0.998777,0.049315,-0.003530,-0.049432,-0.997409,0.052263,-0.000943,0.052373,0.998627,0,0.59405,-0.15040,35.643,-0.301,-1,400.000,-1,400.000,-1,325.000,325.000,300.000,275.000,-1,725.000,950.000,-1,825.000,725.000,-1,-1,2,0,2,0,2,0,0,0,0,2,0,0,2,0,0,2,2
93,-2240.733,841.709,-146.700,182.524,-0.999025,0.043986,-0.003889,-0.044128,-0.997716,0.051133,-0.001631,0.051255,0.998684,0,0.59583,-0.15309,35.750,-0.306,-1,400.000,-1,400.000,-1,325.000,325.000,300.000,275.000,-1,750.000,1000.000,-1,825.000,700.000,-1,-1,2,0,2,0,2,0,0,0,0,2,0,0,2,0,0,2,2
94,-2276.456,840.326,-146.767,182.218,-0.999244,0.038656,-0.004243,-0.038820,-0.997995,0.049991,-0.002302,0.050118,0.998741,0,0.59583,-0.15309,35.750,-0.306,-1,400.000,-1,375.000,-1,325.000,325.000,300.000,275.000,-1,800.000,-1,-1,800.000,700.000,-1,-1,2,0,2,0,2,0,0,0,0,2,0,2,2,0,0,2,2
95,-2312.186,839.134,-146.845,181.912,-0.999434,0.033324,-0.004591,-0.033509,-0.998245,0.048836,-0.002956,0.048962,0.998796,0,0.59583,-0.15309,35.750,-0.306,-1,400.000,-1,375.000,-1,325.000,325.000,300.000,275.000,-1,825.000,-1,-1,800.000,700.000,-1,-1,2,0,2,0,2,0,0,0,0,2,0,2,2,0,0,2,2
96,-2347.922,838.133,-146.932,181.606,-0.999596,0.027991,-0.004934,-0.028195,-0.998465,0.047669,-0.003592,0.047789,0.998851,0,0.59583,-0.15309,35.750,-0.306,-1,400.000,-1,375.000,-1,325.000,325.000,300.000,275.000,-1,875.000,-1,-1,800.000,700.000,-1,-1,2,0,2,0,2,0,0,0,0,2,0,2,2,0,0,2,2
97,-2383.663,837.323,-147.028,181.300,-0.999729,0.022656,-0.005272,-0.022877,-0.998657,0.046491,-0.004211,0.046599,0.998905,0,0.59583,-0.15309,35.750,-0.306,-1,400.000,-1,375.000,-1,325.000,325.000,300.000,275.000,-1,925.000,-1,-1,800.000,700.000,-1,-1,2,0,2,0,2,0,0,0,0,2,0,2,2,0,0,2,2
98,-2419.407,836.704,-147.132,180.993,-0.999834,0.017320,-0.005604,-0.017556,-0.998819,0.045303,-0.004813,0.045394,0.998958,0,0.59583,-0.15309,35.750,-0.306,-1,400.000,-1,375.000,-1,325.000,325.000,300.000,275.000,-1,950.000,-1,-1,775.000,700.000,-1,-1,2,0,2,0,2,0,0,0,0,2,0,2,2,0,0,2,2
99,-2459.952,836.049,-147.257,180.927,-0.999851,0.016167,-0.006033,-0.016417,-0.998900,0.043930,-0.005316,0.044022,0.999016,0,0.67583,-0.03309,40.550,-0.066,-1,400.000,-1,375.000,-1,325.000,325.000,300.000,275.000,-1,1000.000,-1,-1,775.000,700.000,-1,-1,2,0,2,0,2,0,0,0,0,2,0,2,2,0,0,2,2
100,-2503.416,835.214,-147.392,181.101,-0.999794,0.019198,-0.006541,-0.019459,-0.998910,0.042439,-0.005719,0.042557,0.999078,0,0.72454,0.08691,43.472,0.174,-1,400.000,-1,375.000,-1,325.000,325.000,300.000,275.000,-1,-1,-1,-1,775.000,700.000,-1,-1,2,0,2,0,2,0,0,0,0,2,2,2,2,0,0,2,2
101,-2546.873,834.066,-147.522,181.515,-0.999626,0.026414,-0.007098,-0.026683,-0.998806,0.040933,-0.006008,0.041107,0.999137,0,0.72454,0.20691,43.472,0.414,-1,400.000,-1,375.000,-1,325.000,325.000,300.000,275.000,-1,-1,-1,-1,775.000,700.000,-1,-1,2,0,2,0,2,0,0,0,0,2,2,2,2,0,0,2,2
102,-2590.315,832.421,-147.643,182.169,-0.999255,0.037812,-0.007705,-0.038087,-0.998497,0.039414,-0.006203,0.039678,0.999193,0,0.72454,0.32691,43.472,0.654,-1,400.000,-1,375.000,-1,325.000,325.000,300.000,275.000,-1,-1,-1,-1,750.000,700.000,-1,-1,2,0,2,0,2,0,0,0,0,2,2,2,2,0,0,2,2
103,-2633.725,830.100,-147.791,183.062,-0.998541,0.053386,-0.008124,-0.053657,-0.997837,0.037987,-0.006079,0.038367,0.999245,0,0.72454,0.44691,43.472,0.894,-1,400.000,-1,375.000,-1,325.000,325.000,300.000,275.000,-1,-1,-1,-1,750.000,700.000,-1,-1,2,0,2,0,2,0,0,0,0,2,2,2,2,0,0,2,2
104,-2677.080,826.919,-147.852,184.196,-0.997292,0.073123,-0.007825,-0.073363,-0.996623,0.036879,-0.005102,0.037353,0.999289,0,0.72454,0.56691,43.472,1.134,-1,400.000,-1,375.000,-1,325.000,325.000,300.000,275.000,-1,-1,-1,-1,750.000,700.000,-1,-1,2,0,2,0,2,0,0,0,0,2,2,2,2,0,0,2,2
105,-2720.347,822.700,-147.858,185.570,-0.995256,0.096999,-0.007479,-0.097207,-0.994615,0.035937,-0.003953,0.036494,0.999326,0,0.72454,0.68691,43.472,1.374,-1,400.000,-1,375.000,-1,325.000,325.000,300.000,275.000,-1,-1,-1,-1,750.000,700.000,-1,-1,2,0,2,0,2,0,0,0,0,2,2,2,2,0,0,2,2
106,-2763.493,817.384,-147.836,187.024,-0.992480,0.122200,-0.007151,-0.122377,-0.991864,0.035052,-0.002810,0.035664,0.999360,0,0.72454,0.72675,43.472,1.453,-1,400.000,-1,375.000,-1,325.000,325.000,300.000,275.000,-1,-1,-1,-1,750.000,700.000,-1,-1,2,0,2,0,2,0,0,0,0,2,2,2,2,0,0,2,2
107,-2806.491,810.976,-147.787,188.477,-0.989065,0.147324,-0.006825,-0.147473,-0.988473,0.034235,-0.001703,0.034867,0.999391,0,0.72454,0.72675,43.472,1.453,-1,400.000,-1,375.000,-1,325.000,325.000,300.000,275.000,-1,-1,-1,-1,725.000,700.000,-1,-1,2,0,2,0,2,0,0,0,0,2,2,2,2,0,0,2,2
108,-2849.312,803.479,-147.713,189.931,-0.985013,0.172355,-0.006499,-0.172476,-0.984444,0.033481,-0.000628,0.034101,0.999418,0,0.72454,0.72675,43.472,1.453,-1,400.000,-1,375.000,-1,325.000,325.000,300.000,275.000,-1,-1,-1,-1,725.000,700.000,-1,-1,2,0,2,0,2,0,0,0,0,2,2,2,2,0,0,2,2
109,-2891.929,794.899,-147.553,191.384,-0.980330,0.197277,-0.005947,-0.197365,-0.979788,0.032601,0.000604,0.033133,0.999451,0,0.72454,0.72675,43.472,1.453,-1,400.000,-1,375.000,-1,325.000,325.000,300.000,275.000,-1,-1,-1,-1,725.000,675.000,-1,-1,2,0,2,0,2,0,0,0,0,2,2,2,2,0,0,2,2
110,-2934.314,785.240,-147.351,192.838,-0.975015,0.222074,-0.005303,-0.222129,-0.974501,0.031728,0.001878,0.032113,0.999482,0,0.72454,0.72675,43.472,1.453,-1,400.000,-1,375.000,-1,325.000,325.000,300.000,275.000,-1,-1,-1,-1,725.000,675.000,-1,-1,2,0,2,0,2,0,0,0,0,2,2,2,2,0,0,2,2
111,-2976.441,774.509,-147.132,194.291,-0.969073,0.246729,-0.004656,-0.246753,-0.968584,0.030938,0.003123,0.031131,0.999510,0,0.72454,0.72675,43.472,1.453,-1,400.000,-1,375.000,-1,325.000,325.000,300.000,300.000,-1,-1,-1,-1,700.000,675.000,-1,-1,2,0,2,0,2,0,0,0,0,2,2,2,2,0,0,2,2
112,-3018.404,762.676,-146.900,195.748,-0.962489,0.271290,-0.004007,-0.271284,-0.962024,0.030231,0.004346,0.030184,0.999535,0,0.72665,0.72865,43.599,1.457,-1,400.000,-1,375.000,-1,325.000,325.000,300.000,300.000,-1,-1,-1,-1,700.000,675.000,-1,-1,2,0,2,0,2,0,0,0,0,2,2,2,2,0,0,2,2
113,-3064.696,748.554,-146.640,196.966,-0.956512,0.291674,-0.003274,-0.291640,-0.956070,0.029606,0.005505,0.029273,0.999556,0,0.80665,0.60865,48.399,1.217,-1,400.000,-1,375.000,-1,325.000,325.000,300.000,300.000,-1,-1,-1,-1,675.000,675.000,-1,-1,2,0,2,0,2,0,0,0,0,2,2,2,2,0,0,2,2
114,-3115.308,732.165,-146.363,197.943,-0.951401,0.307946,-0.002449,-0.307885,-0.950980,0.029048,0.006616,0.028390,0.999575,0,0.88665,0.48865,53.199,0.977,-1,400.000,-1,375.000,-1,325.000,325.000,275.000,300.000,-1,-1,-1,-1,675.000,675.000,-1,-1,2,0,2,0,2,0,0,0,0,2,2,2,2,0,0,2,2
115,-3166.345,714.910,-146.101,198.680,-0.947360,0.320165,-0.001586,-0.320078,-0.946960,0.028565,0.007644,0.027569,0.999591,0,0.89791,0.36865,53.875,0.737,-1,375.000,-1,375.000,-1,325.000,300.000,275.000,300.000,-1,-1,-1,-1,675.000,675.000,-1,-1,2,0,2,0,2,0,0,0,0,2,2,2,2,0,0,2,2
116,-3217.475,697.127,-145.808,199.178,-0.944545,0.328381,-0.000764,-0.328273,-0.944171,0.027892,0.008437,0.026596,0.999611,0,0.90224,0.24865,54.134,0.497,975.000,375.000,-1,375.000,-1,325.000,300.000,275.000,300.000,-1,-1,-1,-1,675.000,675.000,-1,-1,1,0,2,0,2,0,0,0,0,2,2,2,2,0,0,2,2
117,-3268.763,679.031,-145.102,199.435,-0.943057,0.332628,0.001407,-0.332468,-0.942717,0.027378,0.010434,0.025351,0.999624,0,0.90645,0.12865,54.387,0.257,950.000,375.000,-1,375.000,-1,325.000,300.000,275.000,300.000,-1,-1,-1,-1,675.000,675.000,-1,-1,1,0,2,0,2,0,0,0,0,2,2,2,2,0,0,2,2
118,-3320.219,660.685,-144.285,199.624,-0.941947,0.335740,0.003905,-0.335517,-0.941639,0.027295,0.012841,0.024400,0.999620,0,0.91047,0.09436,54.628,0.189,925.000,375.000,-1,375.000,-1,325.000,300.000,275.000,300.000,-1,-1,-1,-1,675.000,700.000,-1,-1,1,0,2,0,2,0,0,0,0,2,2,2,2,0,0,2,2
119,-3371.828,642.083,-143.333,199.821,-0.940771,0.338990,0.005911,-0.338716,-0.940489,0.027411,0.014852,0.023785,0.999607,0,0.91432,0.09880,54.859,0.198,900.000,375.000,-1,375.000,-1,325.000,300.000,275.000,300.000,-1,-1,-1,-1,675.000,700.000,-1,-1,1,0,2,0,2,0,0,0,0,2,2,2,2,0,0,2,2
120,-3423.576,623.219,-142.011,200.028,-0.939530,0.342380,0.007680,-0.342048,-0.939255,0.028344,0.016917,0.024003,0.999569,0,0.91799,0.10340,55.079,0.207,875.000,375.000,-1,375.000,-1,325.000,325.000,275.000,300.000,-1,-1,-1,-1,675.000,725.000,-1,-1,1,0,2,0,2,0,0,0,0,2,2,2,2,0,0,2,2
121,-3475.449,604.087,-140.570,200.244,-0.938214,0.345919,0.009693,-0.345508,-0.937940,0.029885,0.019429,0.024689,0.999506,0,0.92147,0.10816,55.288,0.216,850.000,375.000,-1,375.000,-1,325.000,325.000,275.000,300.000,-1,-1,-1,-1,700.000,750.000,-1,-1,1,0,2,0,2,0,0,0,0,2,2,2,2,0,0,2,2
122,-3527.431,584.682,-139.152,200.471,-0.936821,0.349614,0.011711,-0.349123,-0.936553,0.031325,0.021919,0.025257,0.999441,0,0.92476,0.11311,55.485,0.226,825.000,375.000,-1,375.000,-1,325.000,325.000,275.000,300.000,-1,825.000,925.000,-1,725.000,750.000,-1,-1,1,0,2,0,2,0,0,0,0,2,0,0,2,0,0,2,2
123,-3579.504,564.998,-137.758,200.707,-0.935344,0.353472,0.013733,-0.352897,-0.935092,0.032662,0.024387,0.025704,0.999372,0,0.92782,0.11823,55.669,0.236,800.000,375.000,-1,375.000,-1,325.000,325.000,275.000,300.000,-1,675.000,825.000,-1,725.000,775.000,-1,-1,1,0,2,0,2,0,0,0,0,2,0,0,2,0,0,2,2
124,-3631.650,545.029,-136.389,200.954,-0.933781,0.357498,0.015761,-0.356838,-0.933551,0.033896,0.026831,0.026027,0.999301,0,0.93064,0.12353,55.839,0.247,775.000,375.000,-1,400.000,-1,325.000,325.000,275.000,300.000,-1,600.000,700.000,-1,750.000,800.000,-1,-1,1,0,2,0,2,0,0,0,0,2,0,0,2,0,0,2,2
125,-3683.849,524.769,-135.047,201.212,-0.932126,0.361697,0.017794,-0.360951,-0.931927,0.035024,0.029251,0.026224,0.999228,0,0.93321,0.12903,55.993,0.258,775.000,400.000,-1,400.000,1000.000,325.000,325.000,275.000,300.000,-1,550.000,600.000,-1,775.000,800.000,-1,1000.000,1,0,2,0,1,0,0,0,0,2,0,0,2,0,0,2,1
126,-3736.080,504.214,-133.731,201.482,-0.930374,0.366075,0.019833,-0.365244,-0.930214,0.036044,0.031644,0.026291,0.999153,0,0.93550,0.13472,56.130,0.269,750.000,400.000,-1,400.000,950.000,325.000,325.000,275.000,300.000,-1,525.000,550.000,-1,800.000,825.000,1000.000,950.000,1,0,2,0,1,0,0,0,0,2,0,0,2,0,0,1,1
127,-3788.320,483.359,-132.442,201.763,-0.928520,0.370637,0.021878,-0.369721,-0.928407,0.036957,0.034010,0.026226,0.999077,0,0.93748,0.14061,56.249,0.281,725.000,400.000,-1,400.000,900.000,325.000,325.000,275.000,300.000,-1,475.000,475.000,-1,825.000,825.000,975.000,900.000,1,0,2,0,1,0,0,0,0,2,0,0,2,0,1,1,1
128,-3840.545,462.199,-131.036,202.056,-0.926561,0.375394,0.023736,-0.374424,-0.926515,0.037102,0.035919,0.025490,0.999030,0,0.93915,0.14670,56.349,0.293,675.000,400.000,-1,425.000,850.000,325.000,325.000,275.000,300.000,-1,450.000,450.000,-1,850.000,775.000,925.000,850.000,1,0,2,0,1,0,0,0,0,2,0,0,2,0,1,1,1
129,-3896.133,439.616,-129.339,202.110,-0.926214,0.376254,0.023653,-0.375275,-0.926157,0.037441,0.035993,0.025802,0.999019,0,1.00000,0.02670,60.000,0.053,650.000,400.000,-1,425.000,800.000,325.000,325.000,275.000,300.000,-1,475.000,475.000,-1,850.000,725.000,900.000,775.000,1,0,2,0,1,0,0,0,0,2,0,0,2,0,1,1,1
130,-3951.707,417.000,-127.793,202.144,-0.926020,0.376801,0.022525,-0.375826,-0.925905,0.038133,0.035225,0.026846,0.999019,0,1.00000,0.01722,60.000,0.034,625.000,400.000,1000.000,425.000,725.000,325.000,325.000,275.000,300.000,-1,550.000,550.000,-1,850.000,675.000,850.000,725.000,1,0,1,0,1,0,0,0,0,2,0,0,2,1,1,1,1
131,-4007.262,394.335,-126.262,202.194,-0.925723,0.377596,0.021412,-0.376636,-0.925557,0.038585,0.034388,0.027655,0.999026,0,1.00000,0.02487,60.000,0.050,600.000,400.000,950.000,425.000,675.000,325.000,325.000,275.000,300.000,-1,625.000,600.000,-1,825.000,650.000,825.000,675.000,1,0,1,0,1,0,0,0,0,2,0,0,2,1,1,1,1
132,-4062.790,371.606,-124.410,202.259,-0.925356,0.378633,0.018807,-0.377712,-0.925074,0.039638,0.032406,0.029575,0.999037,0,1.00000,0.03275,60.000,0.065,575.000,400.000,875.000,425.000,625.000,325.000,325.000,275.000,300.000,-1,775.000,750.000,-1,800.000,600.000,775.000,600.000,1,0,1,0,1,0,0,0,0,2,0,0,2,1,1,1,1
133,-4118.286,348.799,-122.747,202.341,-0.924870,0.379940,0.016155,-0.379098,-0.924507,0.039645,0.029998,0.030542,0.999083,0,1.00000,0.04084,60.000,0.082,550.000,400.000,800.000,400.000,550.000,325.000,325.000,275.000,300.000,-1,975.000,975.000,-1,775.000,550.000,725.000,550.000,1,0,1,0,1,0,0,0,0,2,0,0,2,1,1,1,1
134,-4173.743,325.897,-121.117,202.439,-0.924261,0.381517,0.013683,-0.380759,-0.923836,0.039375,0.027664,0.031183,0.999131,0,1.00000,0.04911,60.000,0.098,525.000,400.000,750.000,400.000,500.000,325.000,325.000,275.000,300.000,-1,-1,-1,-1,725.000,500.000,700.000,500.000,1,0,1,0,1,0,0,0,0,2,2,2,2,1,1,1,1
