timestep,x_cm,y_cm,z_cm,yaw_deg,basis_xx,basis_xy,basis_xz,basis_yx,basis_yy,basis_yz,basis_zx,basis_zy,basis_zz,teleport_flag,throttle_cmd,steering_cmd,cmd_move_cm,cmd_turn_deg,lidar_cm_0,lidar_cm_1,lidar_cm_2,lidar_cm_3,lidar_cm_4,lidar_cm_5,lidar_cm_6,lidar_cm_7,lidar_cm_8,lidar_cm_9,lidar_cm_10,lidar_cm_11,lidar_cm_12,lidar_cm_13,lidar_cm_14,lidar_cm_15,lidar_cm_16,lidar_class_0,lidar_class_1,lidar_class_2,lidar_class_3,lidar_class_4,lidar_class_5,lidar_class_6,lidar_class_7,lidar_class_8,lidar_class_9,lidar_class_10,lidar_class_11,lidar_class_12,lidar_class_13,lidar_class_14,lidar_class_15,lidar_class_16
0,-9506.294,3606.767,307.813,-10.388,0.983582,0.180224,0.009286,-0.179799,0.983074,-0.035172,-0.015468,0.032925,0.999338,1,0.08000,-0.12000,4.800,-0.240,-1,400.000,-1,400.000,-1,325.000,325.000,300.000,275.000,-1,900.000,-1,-1,825.000,825.000,-1,-1,2,0,2,0,2,0,0,0,0,2,0,2,2,0,0,2,2
1,-9496.867,3604.957,307.639,-10.868,0.982038,0.188455,0.009317,-0.188027,0.981538,-0.035048,-0.015750,0.032666,0.999342,0,0.16000,-0.24000,9.600,-0.480,-1,400.000,-1,400.000,-1,325.000,325.000,300.000,275.000,-1,900.000,-1,-1,825.000,850.000,-1,-1,2,0,2,0,2,0,0,0,0,2,0,2,2,0,0,2,2
2,-9482.752,3602.104,307.373,-11.425,0.980160,0.197988,0.009384,-0.197555,0.979671,-0.034868,-0.016096,0.032322,0.999348,0,0.24000,-0.27843,14.400,-0.557,-1,400.000,-1,400.000,-1,325.000,325.000,300.000,275.000,-1,900.000,-1,-1,825.000,850.000,-1,-1,2,0,2,0,2,0,0,0,0,2,0,2,2,0,0,2,2
3,-9463.970,3598.118,307.013,-11.983,0.978187,0.207510,0.009500,-0.207073,0.977712,-0.034636,-0.016476,0.031913,0.999355,0,0.32000,-0.27867,19.200,-0.557,-1,400.000,-1,400.000,-1,325.000,325.000,300.000,275.000,-1,900.000,-1,-1,825.000,850.000,-1,-1,2,0,2,0,2,0,0,0,0,2,0,2,2,0,0,2,2
4,-9440.543,3592.906,306.555,-12.541,0.976118,0.217025,0.009677,-0.216582,0.975660,-0.034351,-0.016897,0.031434,0.999363,0,0.40000,-0.27897,24.000,-0.558,-1,400.000,-1,400.000,-1,325.000,325.000,300.000,275.000,-1,900.000,-1,-1,825.000,850.000,-1,-1,2,0,2,0,2,0,0,0,0,2,0,2,2,0,0,2,2
5,-9412.492,3586.379,305.996,-13.099,0.973953,0.226532,0.009928,-0.226083,0.973514,-0.034013,-0.017370,0.030882,0.999372,0,0.48000,-0.27934,28.800,-0.559,-1,400.000,-1,400.000,-1,325.000,325.000,300.000,275.000,-1,925.000,-1,-1,825.000,850.000,-1,-1,2,0,2,0,2,0,0,0,0,2,0,2,2,0,0,2,2
6,-9379.842,3578.444,305.331,-13.659,0.971691,0.236032,0.010268,-0.235575,0.971274,-0.033623,-0.017909,0.030253,0.999382,0,0.56000,-0.27976,33.600,-0.560,-1,425.000,-1,400.000,-1,325.000,325.000,300.000,275.000,-1,950.000,-1,-1,850.000,850.000,-1,-1,2,0,2,0,2,0,0,0,0,2,0,2,2,0,0,2,2
7,-9342.619,3569.012,304.557,-14.219,0.969331,0.245526,0.010716,-0.245060,0.968940,-0.033186,-0.018531,0.029542,0.999392,0,0.64000,-0.28020,38.400,-0.560,-1,425.000,-1,400.000,-1,325.000,325.000,300.000,275.000,-1,975.000,-1,-1,850.000,875.000,-1,-1,2,0,2,0,2,0,0,0,0,2,0,2,2,0,0,2,2
8,-9300.848,3557.990,303.671,-14.781,0.966872,0.255012,0.011295,-0.254534,0.966510,-0.032706,-0.019257,0.028747,0.999401,0,0.72000,-0.28065,43.200,-0.561,-1,425.000,-1,400.000,-1,325.000,325.000,300.000,300.000,-1,-1,-1,-1,875.000,875.000,-1,-1,2,0,2,0,2,0,0,0,0,2,2,2,2,0,0,2,2
9,-9254.559,3545.289,302.707,-15.343,0.964313,0.264488,0.012110,-0.263990,0.963982,-0.032376,-0.020237,0.028024,0.999402,0,0.80000,-0.28107,48.000,-0.562,-1,425.000,-1,400.000,-1,325.000,325.000,300.000,300.000,-1,-1,-1,-1,900.000,875.000,-1,-1,2,0,2,0,2,0,0,0,0,2,2,2,2,0,0,2,2
10,-9203.780,3530.819,301.519,-15.906,0.961642,0.273954,0.013934,-0.273415,0.961370,-0.031808,-0.022109,0.026778,0.999397,0,0.88000,-0.28143,52.800,-0.563,-1,425.000,-1,425.000,-1,325.000,325.000,275.000,300.000,-1,-1,-1,-1,900.000,875.000,-1,-1,2,0,2,0,2,0,0,0,0,2,2,2,2,0,0,2,2
11,-9148.544,3514.489,300.112,-16.469,0.958861,0.283406,0.016320,-0.282824,0.958673,-0.030943,-0.024414,0.025054,0.999388,0,0.96000,-0.28168,57.600,-0.563,-1,425.000,-1,425.000,-1,325.000,325.000,275.000,300.000,-1,-1,-1,-1,925.000,875.000,-1,-1,2,0,2,0,2,0,0,0,0,2,2,2,2,0,0,2,2
12,-9091.680,3497.068,298.453,-17.032,0.955988,0.292831,0.018344,-0.292210,0.955869,-0.030463,-0.026455,0.023762,0.999368,0,0.99120,-0.28179,59.472,-0.564,-1,425.000,-1,425.000,-1,325.000,325.000,275.000,300.000,-1,-1,-1,-1,925.000,875.000,-1,-1,2,0,2,0,2,0,0,0,0,2,2,2,2,0,0,2,2
13,-9035.132,3479.134,296.421,-17.596,0.953014,0.302218,0.020694,-0.301517,0.952947,-0.031284,-0.029175,0.023575,0.999296,0,0.98873,-0.28171,59.324,-0.563,-1,400.000,-1,425.000,-1,325.000,325.000,275.000,300.000,-1,-1,-1,-1,925.000,850.000,-1,-1,2,0,2,0,2,0,0,0,0,2,2,2,2,0,0,2,2
14,-8978.901,3460.691,294.331,-18.159,0.949944,0.311567,0.023075,-0.310785,0.949938,-0.032100,-0.031921,0.023322,0.999218,0,0.98629,-0.28144,59.178,-0.563,-1,400.000,-1,400.000,-1,325.000,325.000,275.000,300.000,-1,-1,-1,-1,925.000,850.000,-1,-1,2,0,2,0,2,0,0,0,1,2,2,2,2,0,0,2,2
15,-8922.989,3441.743,292.275,-18.721,0.946792,0.320868,0.025067,-0.320004,0.946835,-0.033181,-0.034381,0.023394,0.999135,0,0.98392,-0.28097,59.035,-0.562,-1,400.000,-1,400.000,-1,325.000,325.000,275.000,300.000,-1,-1,-1,-1,925.000,850.000,-1,-1,2,0,2,0,2,0,0,0,1,2,2,2,2,0,0,2,2
16,-8867.394,3422.294,290.217,-19.281,0.943560,0.330115,0.026821,-0.329166,0.943645,-0.034416,-0.036670,0.023645,0.999048,0,0.98164,-0.28032,58.899,-0.561,-1,400.000,-1,400.000,-1,325.000,325.000,275.000,275.000,-1,-1,-1,-1,925.000,850.000,-1,-1,2,0,2,0,2,0,0,0,1,2,2,2,2,0,0,2,2
17,-8812.113,3402.348,288.101,-19.840,0.940243,0.339304,0.028576,-0.338268,0.940375,-0.035647,-0.038968,0.023850,0.998956,0,0.97948,-0.27949,58.769,-0.559,-1,425.000,-1,400.000,-1,325.000,325.000,275.000,275.000,-1,-1,-1,-1,950.000,825.000,-1,-1,2,0,2,0,2,0,0,0,1,2,2,2,2,0,0,2,2
18,-8757.143,3381.908,285.926,-20.397,0.936845,0.348427,0.030335,-0.347301,0.937028,-0.036874,-0.041272,0.024010,0.998859,0,0.97745,-0.27847,58.647,-0.557,-1,425.000,-1,400.000,-1,325.000,325.000,275.000,275.000,-1,-1,-1,-1,950.000,825.000,-1,-1,2,0,2,0,2,0,0,0,1,2,2,2,2,0,0,2,2
19,-8702.478,3360.976,283.690,-20.952,0.933369,0.357479,0.032096,-0.356261,0.933609,-0.038097,-0.043584,0.024124,0.998758,0,0.97558,-0.27729,58.535,-0.555,-1,425.000,-1,400.000,-1,325.000,325.000,275.000,275.000,-1,-1,-1,-1,950.000,825.000,-1,-1,2,0,2,0,2,0,0,0,0,2,2,2,2,0,0,2,2
20,-8648.112,3339.557,281.356,-21.504,0.929821,0.366456,0.033806,-0.365153,0.930125,-0.039135,-0.045785,0.024045,0.998662,0,0.97388,-0.27594,58.433,-0.552,-1,425.000,-1,400.000,-1,350.000,325.000,300.000,275.000,-1,-1,-1,-1,950.000,825.000,-1,-1,2,0,2,0,2,0,0,0,0,2,2,2,2,0,0,2,2
21,-8594.039,3317.652,278.667,-22.053,0.926198,0.375360,0.035527,-0.374031,0.926600,-0.038898,-0.047520,0.022739,0.998611,0,0.97236,-0.27443,58.342,-0.549,-1,425.000,-1,400.000,-1,350.000,325.000,300.000,275.000,-1,-1,-1,-1,975.000,825.000,-1,-1,2,0,2,0,2,0,0,0,0,2,2,2,2,0,0,2,2
22,-8540.250,3295.263,275.552,-22.598,0.922422,0.384193,0.039152,-0.382871,0.923049,-0.037291,-0.050466,0.019408,0.998537,0,0.97103,-0.27277,58.262,-0.546,-1,425.000,-1,400.000,-1,350.000,325.000,275.000,275.000,-1,-1,-1,-1,950.000,800.000,-1,-1,2,0,2,0,2,0,0,0,0,2,2,2,2,0,0,2,2
23,-8486.738,3272.393,272.537,-23.140,0.918582,0.392932,0.042549,-0.391672,0.919436,-0.035088,-0.052908,0.015566,0.998478,0,0.96990,-0.27096,58.194,-0.542,-1,425.000,-1,400.000,-1,350.000,350.000,275.000,300.000,-1,-1,-1,-1,925.000,800.000,-1,-1,2,0,2,0,2,0,0,0,0,2,2,2,2,0,0,2,2
24,-8433.494,3249.045,269.325,-23.678,0.914712,0.401567,0.045238,-0.400376,0.915747,-0.033270,-0.054787,0.012321,0.998422,0,0.96897,-0.26901,58.138,-0.538,-1,425.000,-1,400.000,-1,350.000,350.000,275.000,300.000,-1,-1,-1,-1,925.000,800.000,-1,-1,2,0,2,0,2,0,0,0,0,2,2,2,2,0,0,2,2
25,-8380.510,3225.220,265.894,-24.212,0.910804,0.410093,0.047537,-0.408939,0.911989,-0.032323,-0.056609,0.010001,0.998346,0,0.96823,-0.26693,58.094,-0.534,-1,425.000,-1,400.000,-1,350.000,350.000,275.000,300.000,-1,-1,-1,-1,925.000,800.000,-1,-1,2,0,2,0,2,0,0,0,0,2,2,2,2,0,0,2,2
26,-8327.778,3200.919,262.320,-24.741,0.906828,0.418506,0.050160,-0.417300,0.908169,-0.033003,-0.059366,0.008996,0.998196,0,0.96770,-0.26472,58.062,-0.529,-1,425.000,-1,400.000,-1,350.000,325.000,275.000,300.000,-1,-1,-1,-1,900.000,775.000,-1,-1,2,0,2,0,2,0,0,0,0,2,2,2,2,0,0,2,2
27,-8275.289,3176.146,258.718,-25.266,0.902806,0.426810,0.052678,-0.425554,0.904306,-0.033684,-0.062013,0.007993,0.998043,0,0.96736,-0.26239,58.041,-0.525,-1,425.000,-1,400.000,-1,350.000,325.000,300.000,275.000,-1,-1,-1,-1,900.000,775.000,-1,-1,2,0,2,0,2,0,0,0,0,2,2,2,2,0,0,2,2
28,-8227.448,3152.780,255.404,-26.031,0.896883,0.438846,0.054911,-0.437557,0.898537,-0.034279,-0.064382,0.006717,0.997903,0,0.88736,-0.38239,53.241,-0.765,-1,425.000,-1,400.000,-1,350.000,325.000,300.000,275.000,-1,-1,-1,-1,875.000,750.000,-1,-1,2,0,2,0,2,0,0,0,0,2,2,2,2,0,0,2,2
29,-8184.300,3130.761,252.386,-27.036,0.888909,0.454540,0.056876,-0.453235,0.890712,-0.034804,-0.066480,0.005159,0.997774,0,0.80736,-0.50239,48.441,-1.005,-1,425.000,-1,400.000,-1,325.000,325.000,300.000,275.000,-1,-1,-1,-1,875.000,750.000,-1,-1,2,0,2,0,2,0,0,0,0,2,2,2,2,0,0,2,2
30,-8145.867,3110.084,249.673,-28.280,0.878689,0.473786,0.058590,-0.472483,0.880634,-0.035274,-0.068308,0.003312,0.997659,0,0.72736,-0.62239,43.641,-1.245,-1,425.000,-1,400.000,-1,325.000,325.000,300.000,275.000,-1,-1,-1,-1,850.000,750.000,-1,-1,2,0,2,0,2,0,0,0,0,2,2,2,2,0,0,2,2
31,-8109.671,3089.384,247.086,-29.765,0.865979,0.496448,0.060168,-0.495161,0.868066,-0.035731,-0.069969,0.001149,0.997549,0,0.69495,-0.74239,41.697,-1.485,-1,425.000,-1,375.000,-1,325.000,325.000,300.000,275.000,-1,-1,-1,-1,850.000,725.000,-1,-1,2,0,2,0,2,0,0,0,0,2,2,2,2,0,0,2,2
32,-8073.986,3067.711,244.486,-31.272,0.852482,0.519106,0.061670,-0.517844,0.854709,-0.036195,-0.071499,-0.001080,0.997440,0,0.69584,-0.75354,41.751,-1.507,-1,425.000,-1,375.000,-1,325.000,325.000,300.000,275.000,-1,-1,-1,-1,825.000,725.000,-1,-1,2,0,2,0,2,0,0,0,0,2,2,2,2,0,0,2,2
33,-8038.836,3045.080,241.522,-32.776,0.838443,0.541346,0.062910,-0.540243,0.840786,-0.034859,-0.071765,-0.004759,0.997410,0,0.69675,-0.75169,41.805,-1.503,-1,400.000,-1,375.000,-1,325.000,325.000,300.000,275.000,-1,-1,-1,-1,825.000,725.000,-1,-1,2,0,2,0,2,0,0,0,0,2,2,2,2,0,0,2,2
34,-8004.246,3021.507,238.481,-34.275,0.823861,0.563150,0.064141,-0.562239,0.826308,-0.033189,-0.071691,-0.008719,0.997389,0,0.69765,-0.74985,41.859,-1.500,-1,400.000,-1,375.000,-1,325.000,325.000,300.000,275.000,-1,-1,-1,-1,800.000,700.000,-1,-1,2,0,2,0,2,0,0,0,0,2,2,2,2,0,0,2,2
35,-7970.240,2997.008,235.445,-35.771,0.808748,0.584507,0.065407,-0.583790,0.811290,-0.031584,-0.071525,-0.012640,0.997359,0,0.69853,-0.74803,41.912,-1.496,-1,400.000,-1,375.000,-1,325.000,325.000,300.000,275.000,-1,-1,-1,-1,800.000,700.000,-1,-1,2,0,2,0,2,0,0,0,0,2,2,2,2,0,0,2,2
36,-7936.841,2971.600,232.360,-37.264,0.793097,0.605402,0.066976,-0.604892,0.795743,-0.029974,-0.071442,-0.016741,0.997304,0,0.69941,-0.74621,41.965,-1.492,-1,400.000,-1,375.000,-1,325.000,325.000,300.000,275.000,-1,-1,-1,-1,775.000,700.000,-1,-1,2,0,2,0,2,0,0,0,0,2,2,2,2,0,0,2,2
37,-7904.074,2945.301,229.284,-38.753,0.776944,0.625826,0.068564,-0.625524,0.779686,-0.028447,-0.071262,-0.020787,0.997241,0,0.70027,-0.74441,42.016,-1.489,-1,400.000,-1,375.000,-1,325.000,325.000,300.000,275.000,-1,-1,-1,-1,775.000,700.000,-1,-1,2,0,2,0,2,0,0,0,0,2,2,2,2,0,0,2,2
38,-7871.960,2918.128,226.579,-40.238,0.760361,0.645775,0.069469,-0.645658,0.763144,-0.027141,-0.070542,-0.024216,0.997215,0,0.70112,-0.74262,42.067,-1.485,-1,400.000,-1,375.000,-1,325.000,325.000,300.000,300.000,-1,-1,-1,-1,775.000,700.000,-1,-1,2,0,2,0,2,0,0,0,0,2,2,2,2,0,0,2,2
39,-7836.848,2887.084,223.627,-41.483,0.746033,0.662148,0.070672,-0.662224,0.748864,-0.025733,-0.069963,-0.027604,0.997168,0,0.78112,-0.62262,46.867,-1.245,-1,400.000,-1,375.000,-1,325.000,325.000,300.000,300.000,-1,-1,-1,-1,750.000,700.000,-1,-1,2,0,2,0,2,0,0,0,0,2,2,2,2,0,0,2,2
40,-7798.747,2852.187,220.397,-42.488,0.734181,0.675120,0.072052,-0.675390,0.737062,-0.024251,-0.069479,-0.030859,0.997106,0,0.86112,-0.50262,51.667,-1.005,-1,400.000,-1,375.000,-1,325.000,325.000,300.000,300.000,-1,-1,-1,-1,750.000,700.000,-1,-1,2,0,2,0,2,0,0,0,0,2,2,2,2,0,0,2,2
41,-7759.789,2815.535,216.822,-43.254,0.725077,0.684859,0.072328,-0.685266,0.727932,-0.022950,-0.068367,-0.032923,0.997117,0,0.89148,-0.38262,53.489,-0.765,-1,400.000,-1,375.000,-1,325.000,325.000,300.000,300.000,-1,-1,-1,-1,725.000,700.000,-1,-1,2,0,2,0,2,0,0,0,0,2,2,2,2,0,0,2,2
42,-7721.141,2778.501,213.258,-43.779,0.718756,0.691463,0.072591,-0.691991,0.721581,-0.021679,-0.067371,-0.034650,0.997126,0,0.89213,-0.26262,53.528,-0.525,-1,400.000,-1,375.000,-1,325.000,325.000,300.000,300.000,-1,-1,-1,-1,725.000,700.000,-1,-1,2,0,2,0,2,0,0,0,0,2,2,2,2,0,0,2,2
43,-7682.649,2741.248,209.703,-44.064,0.715297,0.695012,0.072861,-0.695647,0.718093,-0.020437,-0.066524,-0.036067,0.997133,0,0.89277,-0.14262,53.566,-0.285,-1,400.000,-1,375.000,-1,325.000,325.000,300.000,300.000,-1,-1,-1,-1,725.000,700.000,-1,-1,2,0,2,0,2,0,0,0,0,2,2,2,2,0,0,2,2
44,-7644.159,2703.937,206.147,-44.109,0.714747,0.695550,0.073121,-0.696278,0.717515,-0.019225,-0.065837,-0.037172,0.997138,0,0.89344,-0.02262,53.606,-0.045,-1,400.000,-1,375.000,-1,325.000,325.000,300.000,300.000,-1,-1,-1,-1,700.000,700.000,-1,-1,2,0,2,0,2,0,0,0,0,2,2,2,2,0,0,2,2
45,-7605.511,2666.728,202.682,-43.915,0.717117,0.693077,0.073403,-0.693914,0.719844,-0.017571,-0.065017,-0.038335,0.997148,0,0.89415,0.09738,53.649,0.195,-1,400.000,-1,375.000,-1,325.000,325.000,300.000,300.000,-1,-1,-1,-1,700.000,700.000,-1,-1,2,0,2,0,2,0,0,0,0,2,2,2,2,0,0,2,2
46,-7566.547,2629.779,199.250,-43.480,0.722375,0.687567,0.073665,-0.688515,0.725052,-0.015702,-0.064207,-0.039376,0.997159,0,0.89496,0.21738,53.697,0.435,-1,400.000,-1,375.000,-1,325.000,325.000,300.000,300.000,-1,-1,-1,-1,675.000,700.000,-1,-1,2,0,2,0,2,0,0,0,0,2,2,2,2,0,0,2,2
47,-7527.111,2593.254,195.799,-42.805,0.730450,0.678961,0.073863,-0.680005,0.733077,-0.013823,-0.063533,-0.040131,0.997173,0,0.89588,0.33738,53.753,0.675,-1,400.000,-1,375.000,-1,325.000,325.000,300.000,300.000,-1,-1,-1,-1,675.000,700.000,-1,-1,2,0,2,0,2,0,0,0,0,2,2,2,2,0,0,2,2
48,-7487.048,2557.321,192.318,-41.890,0.741234,0.667158,0.073978,-0.668285,0.743809,-0.011937,-0.062990,-0.040590,0.997188,0,0.89694,0.45738,53.817,0.915,-1,400.000,-1,375.000,-1,325.000,325.000,300.000,300.000,-1,-1,-1,-1,650.000,700.000,-1,-1,2,0,2,0,2,0,0,0,0,2,2,2,2,0,0,2,2
49,-7446.214,2522.153,188.852,-40.736,0.754572,0.652034,0.073977,-0.653211,0.757105,-0.010322,-0.062739,-0.040534,0.997207,0,0.89819,0.57738,53.891,1.155,-1,375.000,-1,375.000,-1,325.000,325.000,300.000,300.000,-1,750.000,-1,-1,650.000,700.000,-1,-1,2,0,2,0,2,0,0,0,0,2,0,2,2,0,0,2,2
50,-7404.606,2487.766,185.478,-39.572,0.767697,0.636542,0.073858,-0.637722,0.770209,-0.009387,-0.062861,-0.039894,0.997225,0,0.89964,0.58177,53.979,1.164,-1,375.000,-1,375.000,-1,325.000,325.000,300.000,300.000,-1,-1,-1,-1,650.000,700.000,-1,-1,2,0,2,0,2,0,0,0,0,2,2,2,2,0,0,2,2
51,-7362.225,2454.173,182.066,-38.402,0.780584,0.620696,0.073659,-0.621875,0.783071,-0.008471,-0.062938,-0.039194,0.997247,0,0.90134,0.58514,54.081,1.170,1000.000,375.000,-1,375.000,-1,300.000,325.000,300.000,300.000,-1,-1,-1,-1,625.000,675.000,975.000,-1,0,0,2,0,2,0,0,0,0,2,2,2,2,0,0,0,2
52,-7319.070,2421.387,178.616,-37.225,0.793223,0.604493,0.073383,-0.605667,0.795682,-0.007578,-0.062970,-0.038435,0.997275,0,0.90328,0.58865,54.197,1.177,950.000,375.000,-1,375.000,-1,300.000,325.000,300.000,300.000,-1,-1,-1,-1,625.000,675.000,925.000,-1,0,0,2,0,2,0,0,0,0,2,2,2,2,0,0,0,2
53,-7275.142,2389.423,175.465,-36.040,0.805736,0.587963,0.071339,-0.589035,0.808076,-0.007179,-0.061869,-0.036237,0.997426,0,0.90545,0.59229,54.327,1.185,950.000,350.000,-1,375.000,-1,300.000,300.000,300.000,300.000,-1,875.000,-1,-1,625.000,650.000,900.000,-1,0,0,2,0,2,0,0,0,0,2,0,2,2,0,0,0,2
54,-7230.551,2358.365,172.397,-34.855,0.817951,0.571175,0.068674,-0.572114,0.820144,-0.007055,-0.060352,-0.033518,0.997614,0,0.90569,0.59269,54.342,1.185,925.000,350.000,-1,375.000,-1,300.000,300.000,325.000,300.000,-1,850.000,-1,-1,600.000,650.000,875.000,-1,0,0,2,0,2,0,0,0,0,2,0,2,2,0,0,0,2
55,-7185.152,2328.121,169.308,-33.670,0.829810,0.554145,0.065865,-0.554948,0.831855,-0.007092,-0.058720,-0.030667,0.997803,0,0.90919,0.59239,54.551,1.185,925.000,350.000,-1,375.000,-1,300.000,300.000,325.000,300.000,-1,850.000,-1,-1,600.000,625.000,850.000,-1,0,0,2,0,2,0,0,0,0,2,0,2,2,0,0,0,2
56,-7138.941,2298.695,166.302,-32.486,0.841272,0.536883,0.063392,-0.537569,0.843190,-0.007137,-0.057283,-0.028074,0.997963,0,0.91308,0.59188,54.785,1.184,900.000,350.000,-1,375.000,-1,300.000,300.000,325.000,300.000,-1,850.000,-1,-1,600.000,625.000,825.000,-1,0,0,2,0,2,0,0,0,0,2,0,2,2,0,0,0,2
57,-7091.934,2270.109,163.331,-31.304,0.852346,0.519405,0.061039,-0.519983,0.854146,-0.007248,-0.055901,-0.025562,0.998109,0,0.91694,0.59118,55.017,1.182,900.000,350.000,-1,350.000,-1,300.000,300.000,325.000,300.000,-1,800.000,775.000,-1,600.000,600.000,825.000,-1,0,0,2,0,2,0,0,0,0,2,0,0,2,0,0,0,2
58,-7044.149,2242.382,160.368,-30.123,0.863039,0.501727,0.058599,-0.502201,0.864719,-0.007406,-0.054387,-0.023036,0.998254,0,0.92078,0.59027,55.247,1.181,875.000,350.000,-1,350.000,-1,300.000,300.000,325.000,300.000,-1,700.000,675.000,-1,575.000,600.000,800.000,975.000,0,0,2,0,2,0,0,0,0,2,0,0,2,0,0,0,0
59,-6995.605,2215.535,158.230,-28.945,0.873404,0.483834,0.055410,-0.484390,0.874844,-0.003794,-0.050310,-0.023527,0.998457,0,0.92458,0.58915,55.475,1.178,875.000,350.000,-1,350.000,-1,300.000,300.000,325.000,300.000,-1,525.000,525.000,-1,575.000,600.000,775.000,950.000,0,0,2,0,2,0,0,0,0,2,0,0,2,0,0,0,1
60,-6946.321,2189.584,156.146,-27.769,0.883384,0.465778,0.051797,-0.466391,0.884579,-0.000301,-0.045959,-0.023891,0.998658,0,0.92831,0.58781,55.699,1.176,900.000,350.000,1000.000,350.000,-1,300.000,300.000,325.000,300.000,-1,450.000,450.000,-1,575.000,600.000,775.000,875.000,0,0,1,0,2,0,0,0,0,2,0,0,2,0,0,0,1
61,-6896.321,2164.549,154.074,-26.597,0.892959,0.447576,0.047965,-0.448224,0.893916,0.003134,-0.041474,-0.024297,0.998844,0,0.93198,0.58624,55.919,1.172,900.000,350.000,975.000,350.000,-1,300.000,300.000,325.000,325.000,-1,375.000,400.000,-1,575.000,625.000,775.000,800.000,0,0,1,0,2,0,0,0,0,2,0,0,2,0,1,0,1
62,-6844.049,2139.433,151.940,-25.664,0.900349,0.432963,0.043771,-0.433628,0.901068,0.006579,-0.036592,-0.024903,0.999020,0,0.96655,0.46624,57.993,0.932,900.000,350.000,975.000,350.000,925.000,300.000,300.000,300.000,325.000,-1,325.000,350.000,-1,550.000,575.000,775.000,725.000,0,0,1,0,1,0,0,0,0,2,0,0,2,0,1,0,1
63,-6791.281,2114.858,149.823,-24.972,0.905725,0.422033,0.039379,-0.422695,0.906217,0.009959,-0.031483,-0.025665,0.999175,0,0.97018,0.34624,58.211,0.692,900.000,350.000,950.000,350.000,825.000,300.000,300.000,300.000,325.000,-1,300.000,325.000,-1,550.000,550.000,775.000,650.000,1,0,1,0,1,0,0,0,0,2,0,0,2,0,1,0,1
64,-6738.124,2090.612,147.732,-24.519,0.909222,0.414853,0.034821,-0.415490,0.909500,0.013313,-0.026146,-0.026573,0.999305,0,0.97376,0.22624,58.426,0.452,900.000,350.000,900.000,375.000,725.000,300.000,300.000,300.000,325.000,-1,275.000,275.000,-1,550.000,525.000,750.000,600.000,1,0,1,0,1,0,0,0,0,2,0,0,2,0,1,0,1
65,-6684.685,2066.475,145.896,-24.307,0.910913,0.411476,0.030405,-0.412048,0.911029,0.015590,-0.021285,-0.026730,0.999416,0,0.97730,0.10624,58.638,0.212,900.000,350.000,875.000,350.000,650.000,300.000,300.000,300.000,325.000,-1,250.000,275.000,-1,550.000,500.000,750.000,550.000,1,0,1,1,1,0,0,0,0,2,0,0,2,0,1,0,1
66,-6631.056,2042.244,144.550,-24.314,0.910995,0.411613,0.025735,-0.412072,0.911011,0.016011,-0.016854,-0.025191,0.999541,0,0.98081,-0.00380,58.849,-0.008,900.000,325.000,825.000,350.000,575.000,275.000,300.000,300.000,325.000,-1,275.000,250.000,-1,525.000,450.000,725.000,475.000,0,0,1,1,1,0,0,0,0,2,0,0,2,0,1,0,1
67,-6577.241,2017.914,144.014,-24.326,0.911086,0.411844,0.017529,-0.412096,0.911023,0.014622,-0.009948,-0.020546,0.999739,0,0.98432,-0.00588,59.059,-0.012,1000.000,325.000,775.000,325.000,500.000,275.000,275.000,325.000,325.000,-1,275.000,250.000,-1,550.000,425.000,775.000,425.000,0,0,1,1,1,0,0,0,0,2,0,0,2,0,1,0,1
68,-6523.246,1993.484,143.578,-24.342,0.911076,0.412138,0.009109,-0.412229,0.910986,0.013131,-0.002887,-0.015719,0.999872,0,0.98776,-0.00813,59.265,-0.016,-1,325.000,725.000,300.000,425.000,275.000,275.000,325.000,300.000,-1,275.000,225.000,-1,550.000,400.000,800.000,375.000,2,0,1,1,1,0,0,0,0,2,0,0,2,0,1,0,1
69,-6469.075,1968.952,143.635,-24.364,0.910958,0.412494,0.002101,-0.412487,0.910879,0.012375,0.003191,-0.012139,0.999921,0,0.99111,-0.01055,59.466,-0.021,-1,325.000,675.000,300.000,375.000,275.000,275.000,350.000,300.000,-1,275.000,225.000,-1,550.000,350.000,850.000,325.000,2,0,1,1,1,0,0,0,0,2,0,0,2,0,1,0,1
70,-6414.738,1944.315,144.713,-24.390,0.910762,0.412915,-0.003791,-0.412823,0.910694,0.014640,0.009498,-0.011769,0.999886,0,0.99435,-0.01317,59.661,-0.026,-1,325.000,625.000,275.000,300.000,275.000,275.000,350.000,300.000,-1,300.000,250.000,-1,550.000,325.000,875.000,275.000,2,0,1,1,1,0,1,0,0,2,0,0,2,0,1,0,1
71,-6360.244,1919.571,148.338,-24.422,0.910477,0.413367,-0.012631,-0.412915,0.910338,0.028045,0.023092,-0.020318,0.999527,0,0.99748,-0.01601,59.849,-0.032,-1,350.000,600.000,250.000,250.000,275.000,275.000,325.000,325.000,-1,250.000,250.000,-1,575.000,325.000,975.000,250.000,2,0,1,1,1,0,1,0,0,2,0,0,2,0,1,0,1
72,-6305.627,1894.729,153.175,-24.460,0.910066,0.413842,-0.022697,-0.412564,0.909772,0.045885,0.039638,-0.032394,0.998689,0,1.00000,-0.01910,60.000,-0.038,-1,375.000,575.000,250.000,225.000,300.000,250.000,325.000,375.000,-1,175.000,200.000,-1,625.000,300.000,-1,225.000,2,0,1,1,1,0,1,0,0,2,0,0,2,0,1,2,1
73,-6251.028,1869.845,159.169,-24.505,0.909509,0.414291,-0.033998,-0.411443,0.908868,0.068367,0.059223,-0.048192,0.997081,0,1.00000,-0.02246,60.000,-0.045,-1,400.000,575.000,250.000,200.000,325.000,250.000,300.000,400.000,850.000,125.000,175.000,-1,675.000,275.000,-1,200.000,2,0,1,1,1,0,1,0,0,0,0,0,2,0,1,2,1
74,-6196.448,1844.914,166.319,-24.557,0.908794,0.414647,-0.046488,-0.409153,0.907457,0.095479,0.081776,-0.067750,0.994345,0,1.00000,-0.02613,60.000,-0.052,-1,425.000,575.000,225.000,175.000,350.000,250.000,300.000,475.000,650.000,75.000,150.000,-1,750.000,275.000,-1,175.000,2,0,1,1,1,0,1,0,0,0,0,0,2,0,1,2,1
75,-6141.891,1819.929,174.629,-24.618,0.907914,0.414827,-0.060089,-0.405229,0.905328,0.127167,0.107153,-0.091107,0.990059,0,1.00000,-0.03014,60.000,-0.060,-1,475.000,600.000,225.000,175.000,375.000,250.000,275.000,575.000,475.000,50.000,125.000,-1,850.000,275.000,-1,175.000,2,0,1,1,1,1,1,0,0,0,0,0,2,0,1,2,1
76,-6087.358,1794.884,184.105,-24.687,0.906878,0.414721,-0.074691,-0.399139,0.902223,0.163346,0.135131,-0.118323,0.983737,0,1.00000,-0.03454,60.000,-0.069,-1,525.000,625.000,225.000,150.000,350.000,225.000,250.000,700.000,375.000,25.000,125.000,-1,-1,250.000,-1,150.000,2,0,1,1,1,1,1,0,0,0,0,0,2,2,1,2,1
77,-6032.854,1769.772,195.087,-24.765,0.905712,0.414277,-0.089777,-0.390694,0.898004,0.202355,0.164451,-0.148200,0.975189,0,1.00000,-0.03937,60.000,-0.079,-1,575.000,700.000,225.000,150.000,375.000,225.000,250.000,875.000,300.000,25.000,125.000,-1,-1,250.000,-1,150.000,2,0,1,1,1,1,1,0,0,0,0,0,2,2,1,2,1
78,-5978.381,1744.582,207.818,-24.855,0.904452,0.413448,-0.105015,-0.379766,0.892542,0.243201,0.194281,-0.180082,0.964274,0,1.00000,-0.04470,60.000,-0.089,-1,650.000,775.000,200.000,125.000,375.000,225.000,225.000,-1,225.000,25.000,125.000,-1,-1,250.000,-1,125.000,2,1,1,1,1,1,1,0,2,0,0,0,2,2,1,2,1
79,-5923.943,1719.308,221.837,-24.956,0.903126,0.411962,-0.121042,-0.365184,0.885230,0.288111,0.225840,-0.215998,0.949916,0,1.00000,-0.05060,60.000,-0.101,-1,650.000,-1,225.000,125.000,375.000,250.000,225.000,-1,150.000,25.000,150.000,-1,-1,275.000,-1,125.000,2,1,2,1,1,1,1,0,2,0,0,0,2,2,1,2,1
80,3607.572,2295.790,257.715,77.551,0.201618,-0.969288,0.140824,0.973650,0.213981,0.078854,-0.106566,0.121215,0.986889,1,0.00000,0.00000,60.000,-0.114,-1,400.000,-1,350.000,600.000,300.000,300.000,425.000,275.000,400.000,175.000,-1,-1,800.000,625.000,-1,875.000,2,0,2,0,1,0,0,0,0,1,1,2,2,0,0,2,1
81,3608.624,2300.473,257.108,77.363,0.204997,-0.968736,0.139736,0.972985,0.217189,0.078285,-0.106187,0.119913,0.987089,0,0.08000,-0.09382,4.800,-0.188,-1,400.000,-1,350.000,600.000,300.000,300.000,425.000,275.000,400.000,175.000,-1,-1,800.000,625.000,-1,875.000,2,0,2,0,1,0,0,0,0,1,1,2,2,0,0,2,1
82,3610.757,2309.833,255.910,77.175,0.208568,-0.968283,0.137574,0.972328,0.220433,0.077374,-0.105246,0.117629,0.987465,0,0.16000,-0.09418,9.600,-0.188,-1,400.000,-1,350.000,600.000,325.000,300.000,425.000,275.000,400.000,175.000,-1,-1,800.000,625.000,-1,875.000,2,0,2,0,1,0,0,0,0,1,1,2,2,0,0,2,1
83,3614.003,2323.862,254.126,76.985,0.212331,-0.967917,0.134360,0.971673,0.223725,0.076145,-0.103761,0.114386,0.988003,0,0.24000,-0.09490,14.400,-0.190,-1,400.000,-1,350.000,600.000,325.000,300.000,400.000,275.000,400.000,175.000,-1,-1,800.000,650.000,-1,875.000,2,0,2,0,1,0,0,0,0,1,1,2,2,0,0,2,1
84,3618.394,2342.553,251.764,76.793,0.216278,-0.967619,0.130140,0.971014,0.227074,0.074628,-0.101763,0.110227,0.988683,0,0.32000,-0.09600,19.200,-0.192,-1,400.000,-1,350.000,600.000,325.000,300.000,400.000,275.000,425.000,175.000,-1,-1,800.000,650.000,-1,875.000,2,0,2,0,1,0,0,0,0,1,1,2,2,0,0,2,1
85,3623.961,2365.898,248.837,76.598,0.220400,-0.967370,0.124978,0.970343,0.230491,0.072865,-0.099294,0.105212,0.989480,0,0.40000,-0.09746,24.000,-0.195,-1,400.000,-1,350.000,600.000,325.000,300.000,375.000,275.000,425.000,150.000,-1,-1,825.000,675.000,-1,850.000,2,0,2,0,1,0,0,0,0,1,1,2,2,0,0,2,1
86,3630.739,2393.888,245.363,76.400,0.224679,-0.967144,0.118962,0.969652,0.233983,0.070907,-0.096413,0.099420,0.990364,0,0.48000,-0.09932,28.800,-0.199,-1,400.000,-1,375.000,600.000,325.000,300.000,375.000,275.000,450.000,150.000,-1,-1,825.000,700.000,-1,850.000,2,0,2,0,1,0,0,0,0,1,1,2,2,0,0,2,1
87,3638.760,2426.516,241.365,76.197,0.229096,-0.966916,0.112200,0.968932,0.237559,0.068816,-0.093193,0.092948,0.991300,0,0.56000,-0.10156,33.600,-0.203,-1,400.000,-1,375.000,600.000,325.000,300.000,350.000,275.000,475.000,150.000,450.000,-1,825.000,725.000,-1,850.000,2,0,2,0,1,0,0,0,0,1,1,1,2,0,0,2,1
88,3648.063,2463.772,236.870,75.988,0.233632,-0.966658,0.104826,0.968176,0.241228,0.066661,-0.089726,0.085916,0.992254,0,0.64000,-0.10420,38.400,-0.208,-1,400.000,-1,375.000,575.000,325.000,325.000,325.000,300.000,500.000,150.000,450.000,-1,825.000,750.000,-1,850.000,2,0,2,0,1,0,0,0,0,1,1,1,2,0,0,2,1
89,3658.685,2505.645,231.913,75.774,0.238265,-0.966344,0.097002,0.967374,0.244996,0.064526,-0.086120,0.078463,0.993190,0,0.72000,-0.10725,43.200,-0.215,-1,400.000,-1,400.000,575.000,325.000,325.000,325.000,300.000,550.000,150.000,450.000,-1,825.000,775.000,975.000,850.000,2,0,2,0,1,0,0,0,0,1,1,1,2,1,0,1,1
90,3670.664,2552.125,226.962,75.552,0.242714,-0.965828,0.090915,0.966467,0.248842,0.063395,-0.083852,0.072480,0.993839,0,0.80000,-0.11072,48.000,-0.221,975.000,400.000,-1,400.000,575.000,325.000,325.000,300.000,300.000,-1,150.000,450.000,-1,775.000,800.000,950.000,825.000,1,0,2,0,1,0,0,0,0,2,1,1,2,1,0,1,1
91,3684.044,2603.202,222.595,75.323,0.246605,-0.964977,0.089474,0.965332,0.252744,0.065229,-0.085559,0.070286,0.993851,0,0.88000,-0.11461,52.800,-0.229,900.000,400.000,-1,400.000,550.000,325.000,325.000,300.000,300.000,-1,225.000,500.000,-1,750.000,800.000,875.000,800.000,1,0,2,0,1,0,0,0,0,2,1,1,2,1,1,1,1
92,3697.692,2654.434,218.130,75.085,0.250649,-0.964086,0.087822,0.964117,0.256792,0.067346,-0.087480,0.067790,0.993857,0,0.88364,-0.11893,53.018,-0.238,850.000,400.000,-1,400.000,525.000,325.000,325.000,300.000,300.000,-1,275.000,575.000,-1,700.000,775.000,825.000,775.000,1,0,2,0,1,0,0,0,0,2,1,1,2,1,1,1,1
93,3713.041,2710.179,212.899,74.607,0.258705,-0.962034,0.086966,0.961843,0.264857,0.068624,-0.089052,0.065894,0.993845,0,0.96364,-0.23893,57.818,-0.478,775.000,400.000,-1,400.000,500.000,325.000,325.000,300.000,300.000,-1,350.000,625.000,-1,675.000,750.000,750.000,725.000,1,0,2,0,1,0,0,0,0,2,1,1,2,1,1,1,1
94,3729.231,2766.777,207.228,74.038,0.268162,-0.959413,0.087267,0.959060,0.274427,0.069952,-0.091061,0.064936,0.993726,0,0.98113,-0.28484,58.868,-0.570,700.000,400.000,-1,400.000,475.000,325.000,325.000,300.000,300.000,-1,400.000,675.000,-1,625.000,725.000,700.000,675.000,1,0,2,0,1,0,0,0,0,2,1,1,2,1,1,1,1
95,3745.969,2823.133,201.529,73.459,0.277747,-0.956655,0.087566,0.956135,0.284121,0.071280,-0.093069,0.063928,0.993605,0,0.97980,-0.28934,58.788,-0.579,650.000,400.000,-1,400.000,450.000,325.000,325.000,300.000,300.000,-1,475.000,700.000,-1,600.000,675.000,625.000,625.000,1,0,2,0,1,0,0,0,0,2,1,1,2,1,1,1,1
96,3763.256,2879.220,195.802,72.871,0.287460,-0.953754,0.087863,0.953062,0.293941,0.072607,-0.095076,0.062867,0.993483,0,0.97818,-0.29392,58.691,-0.588,575.000,400.000,-1,400.000,400.000,325.000,325.000,300.000,300.000,-1,525.000,750.000,-1,575.000,650.000,575.000,575.000,1,0,2,0,1,0,0,0,1,2,1,1,2,1,1,1,1
97,3781.092,2935.016,190.052,72.274,0.297301,-0.950705,0.088158,0.949836,0.303885,0.073931,-0.097076,0.061755,0.993359,0,0.97626,-0.29855,58.576,-0.597,525.000,400.000,-1,400.000,375.000,325.000,325.000,300.000,300.000,-1,600.000,800.000,-1,525.000,625.000,525.000,525.000,1,1,2,0,1,0,0,0,1,2,1,1,2,1,1,1,1
98,3799.472,2990.495,184.284,71.671,0.307204,-0.947523,0.088462,0.946475,0.313888,0.075234,-0.099053,0.060615,0.993234,0,0.97406,-0.30127,58.444,-0.603,450.000,375.000,-1,400.000,350.000,325.000,325.000,300.000,275.000,-1,650.000,850.000,-1,500.000,600.000,475.000,475.000,1,1,2,0,1,0,0,0,1,2,1,1,2,1,1,1,1
99,3818.389,3045.636,178.501,71.066,0.317129,-0.944218,0.088775,0.942989,0.323910,0.076515,-0.101002,0.059449,0.993108,0,0.97159,-0.30285,58.296,-0.606,400.000,350.000,-1,400.000,300.000,325.000,325.000,300.000,275.000,-1,725.000,900.000,-1,475.000,575.000,425.000,425.000,1,1,2,1,1,1,0,0,1,2,1,1,2,1,1,1,1
100,3837.835,3100.419,172.706,70.457,0.327068,-0.940791,0.089097,0.939379,0.333942,0.077774,-0.102922,0.058258,0.992982,0,0.96886,-0.30424,58.132,-0.608,350.000,325.000,-1,400.000,275.000,300.000,325.000,300.000,250.000,-1,800.000,950.000,-1,450.000,575.000,350.000,375.000,1,1,2,1,1,1,1,0,1,2,1,1,2,1,1,1,1
101,3857.804,3154.825,166.900,69.846,0.337013,-0.937244,0.089425,0.935648,0.343977,0.079009,-0.104811,0.057043,0.992855,0,0.96590,-0.30542,57.954,-0.611,300.000,300.000,-1,400.000,250.000,275.000,300.000,300.000,250.000,-1,850.000,1000.000,-1,425.000,550.000,300.000,325.000,1,1,2,1,1,1,1,0,1,2,1,1,2,1,1,1,1
102,3878.286,3208.837,160.941,69.234,0.347086,-0.933607,0.088935,0.931839,0.354017,0.079668,-0.105863,0.055221,0.992846,0,0.96275,-0.30639,57.765,-0.613,250.000,300.000,-1,375.000,225.000,275.000,300.000,300.000,225.000,-1,925.000,-1,-1,425.000,525.000,250.000,275.000,1,1,2,1,1,1,1,0,1,2,1,2,2,1,1,1,1
103,3899.264,3262.442,158.447,68.619,0.356871,-0.929049,0.097522,0.929266,0.363729,0.064544,-0.095436,0.067590,0.993138,0,0.95943,-0.30714,57.566,-0.614,250.000,300.000,-1,375.000,200.000,275.000,325.000,350.000,200.000,-1,900.000,975.000,-1,450.000,550.000,275.000,250.000,1,1,2,1,1,1,1,0,1,2,1,1,2,1,1,1,1
104,3921.494,3318.169,156.238,68.245,0.363431,-0.926080,0.101460,0.927889,0.369561,0.049470,-0.083309,0.076165,0.993609,0,1.00000,-0.18714,60.000,-0.374,250.000,325.000,-1,375.000,175.000,300.000,350.000,375.000,200.000,-1,825.000,600.000,-1,500.000,625.000,275.000,250.000,1,1,2,1,1,1,1,0,1,2,1,0,2,1,1,1,1
105,3944.012,3373.780,155.921,67.954,0.370057,-0.924288,0.093537,0.926747,0.374302,0.032220,-0.064792,0.074762,0.995094,0,1.00000,-0.14558,60.000,-0.291,250.000,350.000,-1,400.000,175.000,350.000,425.000,375.000,200.000,-1,300.000,225.000,-1,-1,-1,325.000,350.000,1,1,2,1,1,1,1,1,1,2,0,0,2,2,2,1,1
106,3966.800,3429.281,154.756,67.676,0.376121,-0.922548,0.086240,0.925316,0.378823,0.016822,-0.048188,0.073472,0.996132,0,1.00000,-0.13912,60.000,-0.278,275.000,400.000,-1,450.000,225.000,400.000,450.000,325.000,175.000,-1,200.000,150.000,-1,-1,-1,400.000,-1,1,1,2,1,1,1,1,1,1,2,0,0,2,2,2,1,2
107,3989.844,3484.678,152.497,67.411,0.381516,-0.920810,0.080958,0.923706,0.383080,0.004144,-0.034829,0.073200,0.996709,0,1.00000,-0.13209,60.000,-0.264,275.000,450.000,-1,525.000,250.000,475.000,500.000,300.000,175.000,-1,175.000,125.000,-1,-1,-1,-1,-1,1,1,2,1,1,1,1,1,1,2,0,0,2,2,2,2,2
108,4013.129,3539.975,149.353,67.163,0.386370,-0.919137,0.076845,0.922027,0.387077,-0.006080,-0.024157,0.073202,0.997025,0,1.00000,-0.12447,60.000,-0.249,300.000,550.000,-1,650.000,-1,550.000,550.000,250.000,175.000,-1,150.000,100.000,700.000,-1,-1,-1,-1,1,1,2,1,2,1,0,1,1,2,0,0,1,2,2,2,2
109,4034.986,3590.663,145.742,66.674,0.394802,-0.915885,0.072708,0.918613,0.394943,-0.013046,-0.016767,0.071941,0.997268,0,0.92000,-0.24447,55.200,-0.489,325.000,675.000,-1,675.000,-1,600.000,575.000,225.000,150.000,-1,125.000,100.000,575.000,-1,-1,-1,-1,1,1,2,0,2,0,0,1,1,2,0,0,1,2,2,2,2
110,-2295.771,-6887.313,443.878,162.137,-0.951888,-0.306077,-0.015041,0.306401,-0.949745,-0.064057,0.005321,-0.065584,0.997833,1,0.00000,0.00000,52.776,-0.729,-1,375.000,-1,400.000,-1,325.000,325.000,325.000,325.000,-1,-1,-1,-1,725.000,750.000,-1,-1,2,0,2,0,2,0,0,0,0,2,2,2,2,0,0,2,2
111,-2300.333,-6885.821,443.912,161.897,-0.950600,-0.310054,-0.015015,0.310366,-0.948457,-0.064042,0.005616,-0.065539,0.997834,0,0.08000,-0.12000,4.800,-0.240,-1,375.000,-1,400.000,-1,325.000,325.000,325.000,325.000,-1,-1,-1,-1,725.000,750.000,-1,-1,2,0,2,0,2,0,0,0,0,2,2,2,2,0,0,2,2
112,-2309.433,-6882.762,443.986,161.417,-0.947976,-0.317991,-0.014957,0.318282,-0.945833,-0.064008,0.006207,-0.065439,0.997837,0,0.16000,-0.24000,9.600,-0.480,-1,375.000,-1,400.000,-1,325.000,325.000,325.000,325.000,-1,-1,-1,-1,725.000,750.000,-1,-1,2,0,2,0,2,0,0,0,0,2,2,2,2,0,0,2,2
113,-2323.024,-6878.001,444.110,160.697,-0.943915,-0.329855,-0.014859,0.330113,-0.941773,-0.063948,0.007100,-0.065267,0.997843,0,0.24000,-0.36000,14.400,-0.720,-1,375.000,-1,400.000,-1,325.000,325.000,325.000,325.000,-1,-1,-1,-1,725.000,750.000,-1,-1,2,0,2,0,2,0,0,0,0,2,2,2,2,0,0,2,2
114,-2341.036,-6871.351,444.301,159.737,-0.938269,-0.345593,-0.014707,0.345807,-0.936131,-0.063853,0.008299,-0.064997,0.997851,0,0.32000,-0.48000,19.200,-0.960,-1,375.000,-1,400.000,-1,325.000,325.000,325.000,325.000,-1,-1,-1,-1,725.000,750.000,-1,-1,2,0,2,0,2,0,0,0,0,2,2,2,2,0,0,2,2
115,-2363.372,-6862.569,444.578,158.537,-0.930843,-0.365132,-0.014482,0.365287,-0.928712,-0.063711,0.009813,-0.064595,0.997863,0,0.40000,-0.60000,24.000,-1.200,-1,375.000,-1,400.000,-1,325.000,325.000,325.000,325.000,-1,-1,-1,-1,725.000,750.000,-1,-1,2,0,2,0,2,0,0,0,0,2,2,2,2,0,0,2,2
116,-2389.902,-6851.360,444.967,157.097,-0.921395,-0.388370,-0.014160,0.388453,-0.919277,-0.063508,0.011648,-0.064017,0.997881,0,0.48000,-0.72000,28.800,-1.440,-1,375.000,-1,400.000,-1,325.000,325.000,325.000,325.000,-1,-1,-1,-1,725.000,775.000,-1,-1,2,0,2,0,2,0,0,0,0,2,2,2,2,0,0,2,2
117,-2420.457,-6837.381,445.499,155.417,-0.909638,-0.415175,-0.013709,0.415172,-0.907543,-0.063232,0.013811,-0.063210,0.997905,0,0.56000,-0.84000,33.600,-1.680,-1,375.000,-1,400.000,-1,325.000,325.000,325.000,325.000,-1,-1,-1,-1,725.000,775.000,-1,-1,2,0,2,0,2,0,0,0,0,2,2,2,2,0,0,2,2
118,-2454.837,-6820.275,446.206,153.549,-0.895644,-0.444580,-0.013095,0.444475,-0.893582,-0.062872,0.016250,-0.062131,0.997936,0,0.64000,-0.93438,38.400,-1.869,-1,375.000,-1,400.000,-1,325.000,325.000,325.000,325.000,-1,-1,-1,-1,725.000,800.000,-1,-1,2,0,2,0,2,0,0,0,0,2,2,2,2,0,0,2,2
119,-2492.866,-6799.779,447.048,151.679,-0.880693,-0.473526,-0.012395,0.473316,-0.878663,-0.062646,0.018773,-0.061038,0.997959,0,0.72000,-0.93473,43.200,-1.869,-1,375.000,-1,400.000,-1,325.000,325.000,325.000,325.000,-1,-1,-1,-1,725.000,825.000,-1,-1,2,0,2,0,2,0,0,0,0,2,2,2,2,0,0,2,2
120,-2533.850,-6775.933,447.872,149.808,-0.864794,-0.501970,-0.012586,0.501703,-0.862759,-0.062774,0.020652,-0.060601,0.997948,0,0.79027,-0.93535,47.416,-1.871,-1,375.000,-1,400.000,-1,325.000,325.000,325.000,325.000,-1,-1,-1,-1,725.000,825.000,-1,-1,2,0,2,0,2,0,0,0,0,2,2,2,2,0,0,2,2
121,-2572.046,-6752.229,448.842,148.178,-0.850182,-0.526346,-0.012303,0.526007,-0.848170,-0.062646,0.022539,-0.059732,0.997960,0,0.74921,-0.81535,44.953,-1.631,-1,375.000,-1,400.000,-1,325.000,325.000,325.000,325.000,-1,-1,-1,-1,725.000,850.000,-1,-1,2,0,2,0,2,0,0,0,0,2,2,2,2,0,0,2,2
122,-2609.525,-6727.690,449.894,146.787,-0.837174,-0.546805,-0.011984,0.546404,-0.835191,-0.062449,0.024139,-0.058829,0.997976,0,0.74662,-0.69535,44.797,-1.391,-1,375.000,-1,400.000,-1,325.000,325.000,325.000,325.000,-1,-1,-1,-1,725.000,850.000,-1,-1,2,0,2,0,2,0,0,0,0,2,2,2,2,0,0,2,2
123,-2646.397,-6702.476,451.016,145.636,-0.826036,-0.563497,-0.011642,0.563042,-0.824085,-0.062193,0.025452,-0.057928,0.997996,0,0.74446,-0.57535,44.668,-1.151,-1,375.000,-1,400.000,-1,325.000,325.000,325.000,325.000,-1,-1,-1,-1,725.000,875.000,-1,-1,2,0,2,0,2,0,0,0,0,2,2,2,2,0,0,2,2
124,-2682.779,-6676.740,452.199,144.726,-0.816982,-0.576553,-0.011279,0.576055,-0.815065,-0.061883,0.026485,-0.057055,0.998020,0,0.74274,-0.45535,44.564,-0.911,-1,375.000,-1,400.000,-1,325.000,325.000,325.000,325.000,-1,-1,-1,-1,725.000,875.000,-1,-1,2,0,2,0,2,0,0,0,0,2,2,2,2,0,0,2,2
125,-2718.793,-6650.626,453.417,144.055,-0.810178,-0.586084,-0.010837,0.585548,-0.808301,-0.061507,0.027288,-0.056177,0.998048,0,0.74143,-0.33535,44.486,-0.671,-1,375.000,-1,400.000,-1,325.000,325.000,325.000,325.000,-1,-1,-1,-1,725.000,900.000,-1,-1,2,0,2,0,2,0,0,0,0,2,2,2,2,0,0,2,2
126,-2754.566,-6624.274,454.665,143.624,-0.805746,-0.592171,-0.010334,0.591606,-0.803911,-0.061075,0.027860,-0.055325,0.998080,0,0.74052,-0.21535,44.431,-0.431,-1,375.000,-1,400.000,-1,325.000,325.000,325.000,325.000,-1,-1,-1,-1,725.000,900.000,-1,-1,2,0,2,0,2,0,0,0,0,2,2,2,2,0,0,2,2
127,-2790.225,-6597.823,455.736,143.433,-0.803744,-0.594894,-0.009860,0.594337,-0.802003,-0.059621,0.027560,-0.053781,0.998172,0,0.73997,-0.09535,44.398,-0.191,-1,375.000,-1,400.000,-1,325.000,325.000,325.000,325.000,-1,-1,-1,-1,725.000,900.000,-1,-1,2,0,2,0,2,0,0,0,0,2,2,2,2,0,0,2,2
128,-2825.867,-6571.372,456.800,143.421,-0.803586,-0.595115,-0.009398,0.594577,-0.801944,-0.058003,0.026982,-0.052198,0.998272,0,0.73974,-0.00609,44.384,-0.012,-1,375.000,-1,400.000,-1,325.000,325.000,325.000,325.000,-1,-1,-1,-1,725.000,900.000,-1,-1,2,0,2,0,2,0,0,0,0,2,2,2,2,0,0,2,2
129,-2861.503,-6544.910,457.897,143.405,-0.803387,-0.595390,-0.008953,0.594871,-0.801838,-0.056427,0.026418,-0.050659,0.998367,0,0.73978,-0.00815,44.387,-0.016,-1,375.000,-1,425.000,-1,325.000,325.000,300.000,325.000,-1,-1,-1,-1,725.000,900.000,-1,-1,2,0,2,0,2,0,0,0,0,2,2,2,2,0,0,2,2
130,-2897.137,-6518.430,459.009,143.384,-0.803144,-0.595724,-0.008528,0.595226,-0.801687,-0.054814,0.025817,-0.049099,0.998460,0,0.73994,-0.01029,44.397,-0.021,-1,375.000,-1,425.000,-1,300.000,325.000,300.000,325.000,-1,-1,-1,-1,750.000,900.000,-1,-1,2,0,2,0,2,0,0,0,0,2,2,2,2,0,0,2,2
131,-2932.775,-6491.923,460.127,143.359,-0.802854,-0.596120,-0.008125,0.595645,-0.801490,-0.053119,0.025153,-0.047486,0.998555,0,0.74024,-0.01250,44.415,-0.025,-1,375.000,-1,425.000,-1,325.000,325.000,300.000,325.000,-1,-1,-1,-1,750.000,925.000,-1,-1,2,0,2,0,2,0,0,0,0,2,2,2,2,0,0,2,2
132,-2964.451,-6468.134,461.057,143.094,-0.800069,-0.599858,-0.007747,0.599389,-0.798773,-0.051912,0.024952,-0.046176,0.998622,0,0.66024,-0.13250,39.615,-0.265,-1,375.000,-1,425.000,-1,325.000,325.000,300.000,325.000,-1,-1,-1,-1,750.000,925.000,-1,-1,2,0,2,0,2,0,0,0,0,2,2,2,2,0,0,2,2
133,-2992.164,-6447.061,461.813,142.750,-0.796441,-0.604671,-0.007396,0.604197,-0.795190,-0.051164,0.025056,-0.045217,0.998663,0,0.58024,-0.17207,34.815,-0.344,-1,375.000,-1,425.000,-1,325.000,325.000,300.000,325.000,-1,-1,-1,-1,750.000,925.000,-1,-1,2,0,2,0,2,0,0,0,0,2,2,2,2,0,0,2,2
134,-3015.944,-6428.748,462.473,142.402,-0.792744,-0.609514,-0.007089,0.609035,-0.791535,-0.050482,0.025159,-0.044337,0.998700,0,0.50024,-0.17398,30.015,-0.348,-1,375.000,-1,425.000,-1,325.000,325.000,300.000,325.000,-1,-1,-1,-1,775.000,950.000,-1,-1,2,0,2,0,2,0,0,0,0,2,2,2,2,0,0,2,2
