timestep,x_cm,y_cm,z_cm,yaw_deg,basis_xx,basis_xy,basis_xz,basis_yx,basis_yy,basis_yz,basis_zx,basis_zy,basis_zz,teleport_flag,throttle_cmd,steering_cmd,cmd_move_cm,cmd_turn_deg,lidar_cm_0,lidar_cm_1,lidar_cm_2,lidar_cm_3,lidar_cm_4,lidar_cm_5,lidar_cm_6,lidar_cm_7,lidar_cm_8,lidar_cm_9,lidar_cm_10,lidar_cm_11,lidar_cm_12,lidar_cm_13,lidar_cm_14,lidar_cm_15,lidar_cm_16,lidar_class_0,lidar_class_1,lidar_class_2,lidar_class_3,lidar_class_4,lidar_class_5,lidar_class_6,lidar_class_7,lidar_class_8,lidar_class_9,lidar_class_10,lidar_class_11,lidar_class_12,lidar_class_13,lidar_class_14,lidar_class_15,lidar_class_16
0,4914.950,-329.586,-9.243,-160.664,-0.931176,0.329615,-0.155775,-0.340029,-0.939339,0.044979,-0.131500,0.094851,0.986768,1,0.08000,0.12000,4.800,0.240,-1,350.000,-1,300.000,375.000,275.000,275.000,250.000,250.000,200.000,475.000,550.000,-1,575.000,500.000,900.000,400.000,2,0,2,0,1,0,0,1,0,1,1,1,2,0,0,0,1
1,4905.919,-332.841,-10.353,-160.184,-0.928585,0.337487,-0.154378,-0.347687,-0.936584,0.043861,-0.129786,0.094404,0.987038,0,0.16000,0.24000,9.600,0.480,-1,350.000,-1,300.000,375.000,275.000,275.000,250.000,250.000,200.000,475.000,550.000,-1,575.000,500.000,900.000,400.000,2,0,2,0,1,0,0,1,0,1,1,1,2,0,0,0,1
2,4892.431,-337.880,-11.960,-159.516,-0.924870,0.348401,-0.152420,-0.358319,-0.932634,0.042433,-0.127368,0.093860,0.987404,0,0.24000,0.33398,14.400,0.668,-1,350.000,-1,325.000,375.000,275.000,275.000,250.000,250.000,200.000,500.000,575.000,-1,575.000,500.000,900.000,425.000,2,0,2,0,1,0,0,1,0,1,1,1,2,0,0,0,1
3,4874.525,-344.807,-13.937,-158.850,-0.921076,0.359232,-0.150241,-0.368883,-0.928559,0.041281,-0.124678,0.093444,0.987787,0,0.32000,0.33297,19.200,0.666,-1,350.000,-1,325.000,375.000,275.000,275.000,275.000,250.000,225.000,525.000,600.000,-1,575.000,500.000,900.000,425.000,2,0,2,0,1,0,0,1,0,1,1,1,2,0,0,0,1
4,4852.245,-353.726,-16.300,-158.187,-0.917222,0.369969,-0.147741,-0.379353,-0.924371,0.040356,-0.121637,0.093062,0.988202,0,0.40000,0.33161,24.000,0.663,-1,350.000,-1,325.000,350.000,275.000,275.000,275.000,250.000,225.000,550.000,625.000,-1,575.000,500.000,900.000,425.000,2,0,2,0,1,0,0,1,0,1,1,1,2,0,0,0,1
5,4825.634,-364.734,-19.081,-157.527,-0.913340,0.380607,-0.144738,-0.389693,-0.920094,0.039575,-0.118110,0.092549,0.988678,0,0.48000,0.32989,28.800,0.660,-1,350.000,-1,325.000,350.000,275.000,275.000,300.000,250.000,225.000,575.000,675.000,-1,575.000,500.000,900.000,450.000,2,0,2,0,1,0,0,1,0,1,1,1,2,0,0,0,1
6,4794.736,-377.932,-22.330,-156.872,-0.909472,0.391140,-0.140960,-0.399859,-0.915755,0.038816,-0.113902,0.091666,0.989254,0,0.56000,0.32776,33.600,0.656,-1,350.000,-1,325.000,350.000,275.000,275.000,325.000,250.000,225.000,600.000,700.000,-1,575.000,500.000,900.000,550.000,2,0,2,0,1,0,0,1,0,1,1,1,2,0,0,0,0
7,4759.597,-393.414,-26.115,-156.221,-0.905669,0.401568,-0.136038,-0.409800,-0.911387,0.037925,-0.108754,0.090096,0.989977,0,0.64000,0.32519,38.400,0.650,-1,350.000,-1,325.000,350.000,300.000,275.000,350.000,250.000,250.000,650.000,725.000,-1,575.000,500.000,925.000,550.000,2,0,2,0,1,0,0,1,0,1,1,1,2,0,0,0,0
8,4720.264,-411.275,-30.476,-155.577,-0.901974,0.411895,-0.129557,-0.419452,-0.907044,0.036490,-0.102484,0.087256,0.990900,0,0.72000,0.32215,43.200,0.644,-1,350.000,-1,325.000,375.000,300.000,275.000,375.000,250.000,250.000,675.000,775.000,-1,600.000,500.000,925.000,600.000,2,0,2,0,1,0,0,1,0,1,1,1,2,0,0,0,0
9,4677.666,-431.190,-35.109,-154.940,-0.898458,0.422158,-0.120648,-0.428689,-0.902838,0.033311,-0.094864,0.081649,0.992136,0,0.78377,0.31858,47.026,0.637,-1,350.000,-1,325.000,450.000,300.000,275.000,425.000,275.000,250.000,725.000,800.000,-1,600.000,525.000,925.000,650.000,2,0,2,0,1,0,0,1,0,1,1,1,2,0,0,0,0
10,4635.380,-451.527,-39.787,-154.311,-0.895105,0.432309,-0.109072,-0.437597,-0.898699,0.029147,-0.085422,0.073819,0.993606,0,0.78207,0.31453,46.924,0.629,-1,350.000,-1,325.000,575.000,300.000,275.000,400.000,275.000,250.000,750.000,825.000,-1,600.000,550.000,925.000,750.000,2,0,2,0,1,0,0,0,0,1,1,1,2,0,0,0,0
11,4593.384,-472.287,-44.650,-153.690,-0.891790,0.442314,-0.095227,-0.446283,-0.894562,0.024290,-0.074442,0.064160,0.995159,0,0.78083,0.31031,46.850,0.621,-1,350.000,-1,350.000,825.000,300.000,275.000,375.000,275.000,275.000,775.000,825.000,-1,600.000,575.000,950.000,850.000,2,0,2,0,1,0,0,0,0,1,1,1,2,0,0,0,0
12,4547.343,-495.667,-50.381,-153.073,-0.888499,0.452255,-0.077685,-0.454827,-0.890390,0.018412,-0.060843,0.051692,0.996808,0,0.86066,0.30867,51.639,0.617,-1,350.000,-1,350.000,-1,300.000,300.000,350.000,300.000,275.000,700.000,600.000,-1,600.000,625.000,1000.000,-1,2,0,2,0,2,0,0,0,0,1,0,0,2,0,0,0,2
13,4501.581,-519.521,-55.685,-152.465,-0.884792,0.461904,-0.061549,-0.463486,-0.885999,0.013679,-0.048214,0.040630,0.998010,0,0.86013,0.30369,51.608,0.607,-1,350.000,-1,375.000,-1,300.000,300.000,300.000,300.000,275.000,375.000,350.000,-1,625.000,650.000,-1,-1,2,0,2,0,2,0,0,0,1,1,0,0,2,0,0,2,2
14,4456.073,-543.853,-57.942,-151.868,-0.880089,0.471094,-0.059276,-0.472673,-0.881104,0.015380,-0.044983,0.041554,0.998123,0,0.86007,0.29854,51.604,0.597,-1,350.000,-1,375.000,-1,300.000,300.000,300.000,275.000,300.000,400.000,375.000,-1,625.000,650.000,-1,-1,2,0,2,0,2,0,0,0,1,1,0,0,2,0,0,2,2
15,4410.797,-568.661,-60.080,-151.282,-0.875379,0.480066,-0.056987,-0.481644,-0.876195,0.017371,-0.041592,0.042654,0.998224,0,0.86046,0.29325,51.627,0.586,-1,350.000,-1,375.000,-1,300.000,300.000,300.000,275.000,350.000,400.000,375.000,-1,625.000,650.000,-1,-1,2,0,2,0,2,0,0,0,1,1,0,0,2,0,0,2,2
16,4361.477,-596.074,-62.167,-150.935,-0.872644,0.485319,-0.054389,-0.486914,-0.873208,0.020560,-0.037515,0.044424,0.998308,0,0.94046,0.17325,56.427,0.346,-1,350.000,-1,375.000,-1,300.000,300.000,300.000,250.000,375.000,400.000,375.000,875.000,625.000,650.000,-1,-1,2,0,2,0,2,0,0,0,1,1,0,0,1,0,0,2,2
17,4310.731,-624.403,-64.177,-150.829,-0.871927,0.486897,-0.051714,-0.488502,-0.872226,0.024258,-0.033295,0.046414,0.998367,0,0.96864,0.05325,58.118,0.106,-1,375.000,-1,375.000,-1,300.000,300.000,325.000,250.000,425.000,375.000,375.000,850.000,625.000,675.000,-1,-1,2,0,2,0,2,0,0,0,1,1,1,0,1,0,0,2,2
18,4260.290,-652.488,-66.098,-150.893,-0.872650,0.485872,-0.049093,-0.487470,-0.872690,0.028009,-0.029234,0.048374,0.998401,0,0.96222,-0.03216,57.733,-0.064,-1,375.000,-1,375.000,-1,300.000,300.000,325.000,250.000,475.000,400.000,350.000,850.000,650.000,675.000,-1,-1,2,0,2,0,2,0,0,0,1,1,1,0,1,0,0,2,2
19,4210.143,-680.333,-67.931,-150.959,-0.873380,0.484814,-0.046517,-0.486388,-0.873164,0.031797,-0.025201,0.050396,0.998411,0,0.95597,-0.03313,57.358,-0.066,-1,375.000,-1,375.000,-1,300.000,300.000,325.000,275.000,525.000,375.000,325.000,850.000,650.000,675.000,-1,-1,2,0,2,0,2,0,0,0,1,1,0,0,1,0,0,2,2
20,4160.298,-707.934,-69.593,-151.027,-0.874101,0.483743,-0.044050,-0.485271,-0.873653,0.035231,-0.021442,0.052172,0.998408,0,0.94962,-0.03365,56.977,-0.067,-1,375.000,-1,375.000,-1,300.000,300.000,325.000,275.000,550.000,350.000,300.000,875.000,675.000,675.000,-1,-1,2,0,2,0,2,0,0,0,1,1,0,0,1,0,0,2,2
21,4110.755,-735.291,-71.025,-151.094,-0.874801,0.482681,-0.041743,-0.484143,-0.874162,0.038028,-0.018135,0.053477,0.998404,0,0.94324,-0.03373,56.595,-0.067,-1,375.000,-1,375.000,-1,300.000,300.000,325.000,300.000,600.000,325.000,300.000,875.000,675.000,700.000,-1,-1,2,0,2,0,2,0,0,0,1,1,0,0,1,0,0,2,2
22,4061.511,-762.408,-72.096,-151.161,-0.875462,0.481653,-0.039704,-0.483033,-0.874707,0.039578,-0.015666,0.053827,0.998427,0,0.93694,-0.03338,56.216,-0.067,-1,375.000,-1,375.000,1000.000,300.000,300.000,325.000,300.000,650.000,325.000,300.000,900.000,675.000,700.000,-1,-1,2,0,2,0,1,0,0,0,1,1,0,0,1,0,0,2,2
23,4012.559,-789.291,-73.024,-151.226,-0.876098,0.480653,-0.037761,-0.481947,-0.875246,0.040874,-0.013404,0.054009,0.998451,0,0.93080,-0.03261,55.848,-0.065,-1,375.000,-1,375.000,975.000,300.000,300.000,325.000,300.000,700.000,350.000,325.000,925.000,700.000,700.000,-1,-1,2,0,2,0,1,0,0,0,0,1,0,0,1,0,0,2,2
24,3963.888,-815.950,-73.661,-151.289,-0.876733,0.479706,-0.034953,-0.480862,-0.875799,0.041811,-0.010555,0.053465,0.998514,0,0.92490,-0.03143,55.494,-0.063,-1,375.000,-1,375.000,975.000,300.000,325.000,325.000,325.000,775.000,350.000,325.000,950.000,700.000,700.000,-1,-1,2,0,2,0,1,0,0,0,0,1,0,0,1,0,0,2,2
25,3915.484,-842.397,-74.231,-151.349,-0.877329,0.478805,-0.032252,-0.479827,-0.876319,0.042793,-0.007773,0.053018,0.998563,0,0.91931,-0.02985,55.158,-0.060,-1,375.000,-1,375.000,975.000,300.000,325.000,300.000,325.000,825.000,350.000,350.000,975.000,725.000,725.000,-1,-1,2,0,2,0,1,0,0,0,0,1,0,0,1,0,0,2,2
26,3867.329,-868.648,-74.745,-151.404,-0.877880,0.477959,-0.029696,-0.478854,-0.876800,0.043836,-0.005086,0.052703,0.998597,0,0.91409,-0.02790,54.845,-0.056,-1,375.000,-1,400.000,975.000,325.000,325.000,300.000,325.000,875.000,350.000,350.000,1000.000,725.000,750.000,-1,-1,2,0,2,0,1,0,0,0,0,1,0,0,1,0,0,2,2
27,3819.404,-894.717,-75.059,-151.456,-0.878368,0.477166,-0.027970,-0.477976,-0.877208,0.045231,-0.002953,0.053098,0.998585,0,0.90928,-0.02559,54.557,-0.051,-1,375.000,-1,400.000,1000.000,325.000,325.000,300.000,325.000,925.000,375.000,375.000,-1,750.000,750.000,-1,-1,2,0,2,0,1,0,0,0,0,1,0,0,2,0,0,2,2
28,3771.688,-920.624,-75.210,-151.501,-0.878796,0.476438,-0.026906,-0.477196,-0.877544,0.046909,-0.001262,0.054063,0.998537,0,0.90492,-0.02294,54.295,-0.046,-1,400.000,-1,400.000,-1,325.000,325.000,300.000,300.000,1000.000,400.000,400.000,600.000,750.000,775.000,-1,-1,2,0,2,0,2,0,0,0,0,1,0,0,1,0,0,2,2
29,3724.158,-946.387,-75.399,-151.541,-0.879161,0.475809,-0.026109,-0.476524,-0.877842,0.048148,-0.000010,0.054771,0.998499,0,0.90105,-0.01996,54.063,-0.040,-1,400.000,-1,400.000,-1,325.000,325.000,300.000,300.000,-1,425.000,425.000,575.000,775.000,775.000,-1,-1,2,0,2,0,2,0,0,0,0,2,0,0,1,0,0,2,2
30,3676.792,-972.026,-75.588,-151.575,-0.879465,0.475281,-0.025464,-0.475962,-0.878089,0.049197,0.001023,0.055387,0.998464,0,0.89767,-0.01667,53.860,-0.033,-1,400.000,-1,400.000,-1,325.000,325.000,300.000,300.000,-1,450.000,450.000,575.000,775.000,775.000,-1,-1,2,0,2,0,2,0,0,0,0,2,0,0,1,0,0,2,2
31,3629.566,-997.560,-75.762,-151.601,-0.879705,0.474865,-0.024956,-0.475516,-0.878277,0.050137,0.001890,0.055973,0.998430,0,0.89479,-0.01309,53.687,-0.026,-1,400.000,-1,400.000,-1,325.000,325.000,300.000,300.000,-1,500.000,475.000,575.000,800.000,800.000,-1,-1,2,0,2,0,2,0,0,0,0,2,0,0,1,0,0,2,2
32,3582.457,-1023.012,-75.920,-151.619,-0.879876,0.474567,-0.024584,-0.475196,-0.878402,0.050972,0.002595,0.056532,0.998397,0,0.89242,-0.00923,53.545,-0.018,-1,400.000,-1,400.000,-1,325.000,325.000,300.000,300.000,-1,525.000,500.000,575.000,825.000,800.000,-1,-1,2,0,2,0,2,0,0,0,0,2,0,0,1,0,0,2,2
33,3539.467,-1045.989,-76.059,-151.878,-0.882017,0.470587,-0.024351,-0.471208,-0.880512,0.051594,0.002838,0.056981,0.998371,0,0.81242,-0.12923,48.745,-0.258,-1,400.000,-1,400.000,-1,325.000,325.000,300.000,300.000,-1,550.000,550.000,600.000,825.000,800.000,-1,-1,2,0,2,0,2,0,0,0,0,2,0,0,1,0,0,2,2
34,3497.366,-1068.021,-76.173,-152.376,-0.886082,0.462902,-0.024103,-0.463521,-0.884558,0.052019,0.002759,0.057265,0.998355,0,0.79194,-0.24923,47.517,-0.498,-1,400.000,-1,400.000,-1,325.000,325.000,300.000,300.000,-1,600.000,575.000,625.000,850.000,825.000,-1,-1,2,0,2,0,2,0,0,0,0,2,0,0,1,0,0,2,2
35,3454.995,-1089.503,-76.310,-153.115,-0.891971,0.451456,-0.023986,-0.452087,-0.890437,0.052332,0.002268,0.057522,0.998342,0,0.79177,-0.36923,47.506,-0.738,-1,400.000,-1,400.000,-1,325.000,325.000,300.000,300.000,-1,625.000,600.000,650.000,850.000,825.000,-1,-1,2,0,2,0,2,0,0,0,0,2,0,0,1,0,0,2,2
36,3407.944,-1112.356,-76.411,-154.093,-0.899534,0.436186,-0.024100,-0.436850,-0.898019,0.052182,0.001119,0.057468,0.998347,0,0.87177,-0.48923,52.306,-0.978,-1,400.000,-1,400.000,-1,325.000,325.000,300.000,300.000,-1,675.000,675.000,675.000,875.000,825.000,-1,-1,2,0,2,0,2,0,0,0,0,2,0,0,1,0,0,2,2
37,3358.832,-1134.933,-76.476,-155.312,-0.908576,0.417002,-0.024499,-0.417720,-0.907113,0.051540,-0.000731,0.057061,0.998370,0,0.90088,-0.60923,54.053,-1.218,-1,400.000,-1,400.000,-1,325.000,325.000,300.000,300.000,-1,775.000,750.000,700.000,875.000,825.000,-1,-1,2,0,2,0,2,0,0,0,0,2,0,0,1,0,0,2,2
38,3309.144,-1156.259,-76.712,-156.770,-0.918852,0.393779,-0.025473,-0.394589,-0.917434,0.051141,-0.003231,0.057042,0.998367,0,0.90118,-0.72923,54.071,-1.458,-1,425.000,-1,400.000,-1,325.000,325.000,300.000,300.000,-1,850.000,825.000,725.000,900.000,825.000,-1,-1,2,0,2,0,2,0,0,0,0,2,0,0,1,0,0,2,2
39,3258.817,-1176.115,-77.056,-158.469,-0.930069,0.366412,-0.026709,-0.367332,-0.928697,0.050877,-0.006162,0.057131,0.998348,0,0.90169,-0.84923,54.101,-1.698,-1,425.000,-1,400.000,-1,325.000,325.000,300.000,300.000,-1,975.000,925.000,775.000,900.000,825.000,-1,-1,2,0,2,0,2,0,0,0,0,2,0,0,1,0,0,2,2
40,3207.803,-1194.273,-77.510,-160.407,-0.941877,0.334788,-0.028000,-0.335826,-0.940560,0.050678,-0.009369,0.057135,0.998322,0,0.90247,-0.96923,54.148,-1.938,-1,425.000,-1,400.000,-1,325.000,325.000,300.000,300.000,-1,-1,-1,800.000,900.000,825.000,-1,-1,2,0,2,0,2,0,0,0,0,2,2,2,1,0,0,2,2
41,3156.124,-1210.658,-78.275,-162.407,-0.952942,0.301774,-0.028891,-0.302898,-0.951720,0.049826,-0.012460,0.056232,0.998340,0,0.90357,-1.00000,54.214,-2.000,-1,425.000,-1,400.000,975.000,325.000,325.000,300.000,300.000,-1,-1,-1,850.000,900.000,800.000,-1,-1,2,0,2,0,1,0,0,0,0,2,2,2,1,0,0,2,2
42,3103.841,-1225.248,-79.295,-164.407,-0.962841,0.268400,-0.029985,-0.269603,-0.961757,0.048348,-0.015861,0.054635,0.998380,0,0.90466,-1.00000,54.280,-2.000,-1,425.000,-1,400.000,850.000,325.000,325.000,300.000,275.000,-1,-1,-1,900.000,875.000,800.000,-1,-1,2,0,2,0,1,0,0,0,1,2,2,2,1,0,0,2,2
43,3051.025,-1238.017,-80.442,-166.407,-0.971573,0.234694,-0.031072,-0.235965,-0.970632,0.046849,-0.019164,0.052849,0.998419,0,0.90561,-1.00000,54.337,-2.000,-1,425.000,-1,400.000,750.000,325.000,325.000,300.000,275.000,-1,-1,-1,975.000,875.000,800.000,-1,-1,2,0,2,0,1,0,0,0,1,2,2,2,1,0,0,2,2
44,2997.749,-1248.944,-81.708,-168.407,-0.979126,0.200697,-0.032151,-0.202023,-0.978331,0.045339,-0.022355,0.050888,0.998454,0,0.90640,-1.00000,54.384,-2.000,-1,425.000,-1,400.000,675.000,325.000,325.000,300.000,275.000,-1,-1,-1,-1,850.000,800.000,-1,-1,2,0,2,0,1,0,0,0,1,2,2,2,2,0,0,2,2
45,2944.088,-1258.012,-83.084,-170.407,-0.985490,0.166449,-0.033218,-0.167817,-0.984843,0.043828,-0.025420,0.048767,0.998487,0,0.90702,-1.00000,54.421,-2.000,-1,425.000,-1,400.000,625.000,325.000,325.000,300.000,275.000,-1,-1,-1,-1,850.000,775.000,-1,-1,2,0,2,0,1,0,0,0,1,2,2,2,2,0,0,2,2
46,2890.118,-1265.205,-84.561,-172.407,-0.990658,0.131991,-0.034270,-0.133389,-0.990159,0.042326,-0.028346,0.046502,0.998516,0,0.90745,-1.00000,54.447,-2.000,-1,400.000,-1,400.000,550.000,325.000,325.000,300.000,250.000,-1,-1,-1,-1,850.000,775.000,-1,-1,2,0,2,0,1,0,0,0,1,2,2,2,2,0,0,2,2
47,2835.917,-1270.511,-86.110,-174.407,-0.994621,0.097366,-0.035349,-0.098781,-0.994274,0.040768,-0.031177,0.044040,0.998543,0,0.90766,-1.00000,54.459,-2.000,-1,400.000,-1,400.000,500.000,325.000,325.000,300.000,250.000,-1,-1,-1,-1,825.000,775.000,-1,-1,2,0,2,0,1,0,0,0,1,2,2,2,2,0,0,2,2
48,2781.565,-1273.922,-87.741,-176.407,-0.997374,0.062614,-0.036402,-0.064034,-0.997176,0.039245,-0.033842,0.041473,0.998566,0,0.90764,-1.00000,54.458,-2.000,-1,400.000,-1,400.000,450.000,325.000,325.000,300.000,250.000,-1,-1,-1,-1,825.000,775.000,-1,-1,2,0,2,0,1,0,0,0,1,2,2,2,2,0,0,2,2
49,2727.144,-1275.434,-89.451,-178.407,-0.998914,0.027778,-0.037403,-0.029191,-0.998859,0.037791,-0.036311,0.038842,0.998585,0,0.90736,-1.00000,54.442,-2.000,-1,400.000,-1,400.000,400.000,325.000,325.000,300.000,250.000,-1,-1,-1,-1,825.000,750.000,-1,775.000,2,0,2,0,1,0,0,0,1,2,2,2,2,0,1,2,1
50,2672.736,-1275.046,-91.228,-180.407,-0.999239,-0.007100,-0.038345,0.005703,-0.999321,0.036407,-0.038578,0.036161,0.998601,0,0.90682,-1.00000,54.409,-2.000,-1,400.000,-1,400.000,375.000,325.000,325.000,300.000,225.000,-1,-1,-1,-1,-1,700.000,-1,650.000,2,0,2,0,1,0,0,0,1,2,2,2,2,2,1,2,1
51,2618.424,-1272.762,-93.144,-182.407,-0.998359,-0.041975,-0.038962,0.040626,-0.998568,0.034816,-0.040367,0.033176,0.998634,0,0.90599,-1.00000,54.360,-2.000,-1,400.000,-1,400.000,325.000,325.000,325.000,300.000,225.000,-1,-1,-1,-1,-1,675.000,-1,550.000,2,0,2,0,1,0,0,0,1,2,2,2,2,2,1,2,1
52,2564.293,-1268.589,-95.493,-184.407,-0.996273,-0.076806,-0.039260,0.075500,-0.996575,0.033730,-0.041716,0.030640,0.998660,0,0.90486,-1.00000,54.291,-2.000,-1,400.000,-1,400.000,300.000,325.000,325.000,300.000,225.000,-1,-1,-1,-1,-1,625.000,-1,475.000,2,0,2,0,1,0,0,0,1,2,2,2,2,2,1,2,1
53,2510.427,-1262.540,-97.845,-186.407,-0.992978,-0.111548,-0.039397,0.110306,-0.993369,0.032421,-0.042752,0.027848,0.998698,0,0.90340,-1.00000,54.204,-2.000,-1,400.000,-1,400.000,250.000,325.000,325.000,300.000,200.000,-1,-1,-1,-1,-1,575.000,-1,400.000,2,0,2,0,1,0,0,0,1,2,2,2,2,2,1,2,1
54,2456.912,-1254.629,-98.794,-188.407,-0.988601,-0.146177,-0.036072,0.145328,-0.989064,0.025127,-0.039350,0.019598,0.999033,0,0.90162,-1.00000,54.097,-2.000,-1,425.000,-1,400.000,250.000,325.000,325.000,300.000,200.000,-1,-1,-1,-1,-1,550.000,-1,375.000,2,0,2,1,1,0,0,0,1,2,2,2,2,2,1,2,1
55,2402.666,-1244.900,-99.745,-190.167,-0.983748,-0.176508,-0.032948,0.176018,-0.984236,0.017237,-0.035471,0.011158,0.999308,0,0.91853,-0.88000,55.112,-1.760,-1,425.000,-1,375.000,250.000,350.000,350.000,300.000,200.000,-1,-1,-1,-1,-1,525.000,-1,350.000,2,0,2,1,1,0,0,0,1,2,2,2,2,2,1,2,1
56,2348.894,-1233.777,-100.652,-191.687,-0.978808,-0.202565,-0.030043,0.202386,-0.979265,0.008926,-0.031228,0.002656,0.999509,0,0.91519,-0.76000,54.911,-1.520,-1,450.000,-1,375.000,225.000,350.000,350.000,300.000,200.000,-1,525.000,-1,-1,-1,525.000,-1,325.000,2,1,2,1,1,0,0,0,1,2,0,2,2,2,1,2,1
57,2295.643,-1221.516,-101.512,-192.967,-0.974117,-0.224387,-0.027333,0.224463,-0.974483,0.000299,-0.026703,-0.005844,0.999626,0,0.91073,-0.64000,54.644,-1.280,-1,475.000,-1,350.000,225.000,375.000,375.000,300.000,200.000,-1,325.000,700.000,-1,-1,525.000,-1,300.000,2,1,2,1,1,1,0,0,1,2,0,0,2,2,1,2,1
58,2242.949,-1208.373,-102.326,-194.007,-0.969956,-0.242017,-0.024780,0.242287,-0.970167,-0.008530,-0.021976,-0.014278,0.999657,0,0.90515,-0.52000,54.309,-1.040,-1,500.000,-1,350.000,225.000,375.000,375.000,275.000,200.000,-1,275.000,500.000,-1,-1,550.000,-1,300.000,2,1,2,1,1,1,1,0,1,2,0,0,2,2,1,2,1
59,2190.833,-1194.598,-103.098,-194.807,-0.966551,-0.255500,-0.022336,0.255901,-0.966546,-0.017443,-0.017132,-0.022575,0.999598,0,0.89844,-0.40000,53.906,-0.800,-1,525.000,-1,350.000,200.000,400.000,375.000,275.000,200.000,1000.000,225.000,425.000,-1,-1,575.000,-1,275.000,2,1,2,1,1,1,1,0,1,0,0,0,2,2,1,2,1
60,2139.304,-1180.440,-103.837,-195.367,-0.964076,-0.264877,-0.019947,0.265344,-0.963795,-0.026315,-0.012255,-0.030662,0.999455,0,0.89064,-0.28000,53.438,-0.560,-1,525.000,-1,350.000,200.000,400.000,375.000,275.000,200.000,900.000,175.000,375.000,-1,-1,675.000,-1,275.000,2,1,2,1,1,1,1,0,1,0,0,0,2,2,1,2,1
61,2088.364,-1166.137,-104.556,-195.687,-0.962649,-0.270183,-0.017557,0.270651,-0.962041,-0.035011,-0.007431,-0.038455,0.999233,0,0.88183,-0.16000,52.910,-0.320,-1,550.000,-1,375.000,200.000,425.000,375.000,275.000,200.000,825.000,150.000,350.000,-1,-1,-1,-1,275.000,2,1,2,1,1,1,1,0,1,0,0,0,2,2,2,2,1
62,2038.003,-1151.921,-105.275,-195.767,-0.962337,-0.271441,-0.015104,0.271847,-0.961361,-0.043407,-0.002738,-0.045878,0.998943,0,0.87215,-0.04000,52.329,-0.080,-1,575.000,-1,375.000,200.000,425.000,375.000,275.000,200.000,750.000,125.000,325.000,-1,-1,-1,-1,250.000,2,1,2,1,1,1,1,0,1,0,0,0,2,2,2,2,1
63,1988.202,-1138.016,-106.791,-195.607,-0.963118,-0.268615,-0.015818,0.269080,-0.961615,-0.053777,-0.000765,-0.056050,0.998428,0,0.86176,0.08000,51.706,0.160,-1,575.000,-1,400.000,175.000,425.000,375.000,250.000,200.000,675.000,125.000,325.000,-1,-1,-1,-1,-1,2,1,2,1,1,1,1,0,1,0,0,0,2,2,2,2,2
64,1938.936,-1124.636,-107.579,-195.207,-0.964939,-0.261669,-0.020558,0.262465,-0.962635,-0.066673,-0.002344,-0.069731,0.997563,0,0.85085,0.20000,51.051,0.400,-1,575.000,-1,425.000,175.000,425.000,400.000,250.000,200.000,600.000,150.000,400.000,-1,-1,-1,-1,-1,2,1,2,1,1,1,1,0,1,0,0,0,2,2,2,2,2
65,1884.912,-1110.468,-108.325,-194.710,-0.967090,-0.253026,-0.026743,0.254377,-0.963773,-0.080213,-0.005478,-0.084376,0.996419,0,0.93085,0.24837,55.851,0.497,-1,550.000,-1,475.000,-1,425.000,400.000,225.000,200.000,575.000,200.000,525.000,-1,-1,-1,-1,-1,2,1,2,1,2,1,1,0,1,0,0,0,2,2,2,2,2
66,1828.907,-1096.260,-111.046,-194.245,-0.968838,-0.245032,-0.036214,0.247294,-0.965182,-0.085257,-0.014062,-0.091556,0.995701,0,0.96298,0.23275,57.779,0.466,-1,525.000,-1,475.000,-1,400.000,400.000,225.000,175.000,575.000,325.000,750.000,-1,-1,-1,-1,-1,2,1,2,1,2,1,1,0,1,0,0,0,2,2,2,2,2
67,1773.335,-1082.607,-113.879,-193.813,-0.970277,-0.237620,-0.045814,0.240891,-0.966452,-0.089114,-0.023102,-0.097501,0.994967,0,0.95373,0.21580,57.224,0.432,-1,500.000,-1,500.000,-1,375.000,375.000,225.000,175.000,600.000,525.000,-1,-1,-1,-1,-1,-1,2,1,2,1,2,1,1,1,1,0,0,2,2,2,2,2,2
68,1718.309,-1069.490,-116.806,-193.417,-0.971412,-0.230814,-0.055523,0.235160,-0.967606,-0.091861,-0.032522,-0.102292,0.994223,0,0.94279,0.19826,56.568,0.397,-1,475.000,-1,525.000,-1,350.000,375.000,225.000,150.000,625.000,950.000,-1,-1,-1,-1,-1,-1,2,1,2,1,2,1,1,1,1,0,0,2,2,2,2,2,2
69,3607.615,-983.893,-76.751,77.083,0.224900,-0.973982,-0.027930,0.973484,0.223370,0.049339,-0.041817,-0.038285,0.998392,1,0.00000,0.00000,55.818,0.364,550.000,375.000,650.000,375.000,-1,325.000,325.000,300.000,300.000,-1,-1,-1,-1,450.000,575.000,475.000,-1,1,1,1,0,2,0,0,0,0,2,2,2,2,1,1,1,2
70,3608.707,-979.219,-76.950,76.843,0.228979,-0.973029,-0.028005,0.972543,0.227446,0.049282,-0.041583,-0.038520,0.998392,0,0.08000,-0.12000,4.800,-0.240,525.000,375.000,650.000,375.000,-1,325.000,325.000,300.000,300.000,-1,-1,-1,-1,425.000,575.000,475.000,-1,1,1,1,0,2,0,0,0,0,2,2,2,2,1,1,1,2
71,3610.970,-969.890,-77.346,76.363,0.237124,-0.971071,-0.028160,0.970609,0.235585,0.049168,-0.041112,-0.038991,0.998393,0,0.16000,-0.24000,9.600,-0.480,525.000,375.000,650.000,375.000,-1,325.000,325.000,300.000,300.000,-1,-1,-1,-1,425.000,575.000,450.000,-1,1,1,1,0,2,0,0,0,0,2,2,2,2,1,1,1,2
72,3614.488,-955.926,-77.934,75.858,0.245671,-0.968938,-0.028379,0.968506,0.244128,0.048972,-0.040523,-0.039516,0.998397,0,0.24000,-0.25244,14.400,-0.505,500.000,350.000,650.000,375.000,-1,325.000,325.000,300.000,300.000,-1,-1,-1,-1,425.000,575.000,450.000,-1,1,1,1,0,2,0,0,0,0,2,2,2,2,1,1,1,2
73,3619.340,-937.349,-78.713,75.363,0.254035,-0.966770,-0.028670,0.966374,0.252487,0.048691,-0.039834,-0.040075,0.998402,0,0.32000,-0.24759,19.200,-0.495,450.000,350.000,625.000,375.000,-1,325.000,325.000,300.000,300.000,-1,-1,-1,-1,400.000,550.000,425.000,-1,1,1,1,0,2,1,0,0,0,2,2,2,2,1,1,1,2
74,3625.600,-914.180,-79.676,74.879,0.262186,-0.964580,-0.029049,0.964227,0.260634,0.048327,-0.039044,-0.040680,0.998409,0,0.40000,-0.24189,24.000,-0.484,425.000,325.000,625.000,375.000,-1,300.000,325.000,300.000,325.000,-1,-1,-1,-1,375.000,550.000,400.000,-1,1,1,1,0,2,1,0,0,0,2,2,2,2,1,1,1,2
75,3633.340,-886.439,-80.822,74.409,0.270093,-0.962381,-0.029532,0.962078,0.268538,0.047882,-0.038151,-0.041345,0.998416,0,0.48000,-0.23523,28.800,-0.470,400.000,300.000,600.000,375.000,-1,300.000,325.000,300.000,325.000,-1,-1,-1,-1,350.000,550.000,350.000,-1,1,1,1,1,2,1,1,0,0,2,2,2,2,1,1,1,2
76,3642.627,-854.148,-82.146,73.954,0.277720,-0.960189,-0.030143,0.959943,0.276162,0.047363,-0.037153,-0.042089,0.998423,0,0.56000,-0.22746,33.600,-0.455,350.000,275.000,575.000,350.000,-1,275.000,300.000,300.000,300.000,-1,-1,-1,-1,325.000,525.000,325.000,-1,1,1,1,1,2,1,1,0,0,2,2,2,2,1,1,1,2
77,3653.522,-817.326,-83.642,73.517,0.285027,-0.958021,-0.030907,0.957841,0.283464,0.046773,-0.036049,-0.042936,0.998427,0,0.64000,-0.21841,38.400,-0.437,300.000,250.000,550.000,350.000,-1,250.000,275.000,300.000,300.000,-1,-1,-1,-1,300.000,525.000,275.000,-1,1,1,1,1,2,1,1,0,0,2,2,2,2,1,1,1,2
78,3666.079,-775.991,-85.308,73.102,0.291965,-0.955898,-0.031855,0.955794,0.290396,0.046121,-0.034837,-0.043912,0.998428,0,0.72000,-0.20788,43.200,-0.416,250.000,225.000,525.000,325.000,-1,225.000,275.000,300.000,300.000,-1,-1,950.000,-1,275.000,500.000,250.000,-1,1,1,1,1,2,1,1,0,0,2,2,0,2,1,1,1,2
79,3680.344,-730.160,-87.072,72.710,0.298477,-0.953856,-0.032703,0.953821,0.296904,0.045538,-0.033727,-0.044785,0.998427,0,0.80000,-0.19560,48.000,-0.391,200.000,200.000,475.000,300.000,-1,200.000,250.000,300.000,300.000,-1,-1,850.000,-1,250.000,500.000,200.000,-1,1,1,1,1,2,1,1,0,0,2,2,0,2,1,1,1,2
80,3696.366,-679.851,-83.607,72.348,0.303548,-0.952646,-0.017981,0.952694,0.303153,0.021759,-0.015278,-0.023735,0.999602,0,0.88000,-0.18126,52.800,-0.363,175.000,200.000,525.000,300.000,-1,200.000,250.000,350.000,300.000,-1,400.000,300.000,-1,250.000,700.000,175.000,-1,1,1,1,1,2,1,1,0,0,2,0,0,2,1,0,1,2
81,3714.151,-625.065,-77.712,72.019,0.308768,-0.951130,0.003768,0.951065,0.308693,-0.013575,0.011749,0.007776,0.999901,0,0.96000,-0.16444,57.600,-0.329,175.000,200.000,725.000,325.000,-1,200.000,250.000,425.000,275.000,-1,250.000,150.000,975.000,250.000,775.000,150.000,-1,1,1,1,1,2,1,1,0,0,2,0,0,0,1,0,1,2
82,3732.748,-568.018,-71.061,71.930,0.311539,-0.949845,0.027157,0.949365,0.309906,-0.051614,0.040609,0.041862,0.998298,0,1.00000,-0.04444,60.000,-0.089,175.000,200.000,775.000,375.000,-1,200.000,250.000,550.000,250.000,-1,225.000,100.000,525.000,250.000,825.000,150.000,-1,1,1,1,1,2,1,1,1,0,2,0,0,0,1,1,1,2
83,3751.185,-510.915,-61.412,72.081,0.311734,-0.949326,0.040027,0.946986,0.306969,-0.094801,0.077710,0.067458,0.994691,0,1.00000,0.07556,60.000,0.151,175.000,225.000,850.000,525.000,-1,225.000,300.000,650.000,250.000,-1,175.000,50.000,350.000,300.000,850.000,150.000,-1,1,1,1,1,2,1,1,1,0,2,0,0,0,1,1,1,2
84,4263.538,2951.693,10.628,95.972,-0.103602,-0.992965,-0.057335,0.994588,-0.103880,0.001874,-0.007817,-0.056831,0.998353,1,0.00000,0.00000,60.000,0.391,-1,400.000,-1,400.000,-1,325.000,325.000,300.000,300.000,-1,350.000,375.000,-1,675.000,775.000,-1,-1,2,0,2,0,2,0,0,0,0,2,1,1,2,0,0,2,2
85,4264.017,2946.917,10.661,95.732,-0.099453,-0.993383,-0.057433,0.995014,-0.099719,0.001778,-0.007493,-0.056970,0.998348,0,-0.08000,-0.12000,-4.800,-0.240,-1,400.000,-1,400.000,-1,325.000,325.000,300.000,300.000,-1,350.000,375.000,-1,675.000,775.000,-1,-1,2,0,2,0,2,0,0,0,0,2,1,1,2,0,0,2,2
86,4264.896,2937.357,10.721,95.252,-0.091149,-0.994168,-0.057631,0.995814,-0.091392,0.001584,-0.006842,-0.057246,0.998337,0,-0.16000,-0.24000,-9.600,-0.480,-1,400.000,-1,400.000,-1,325.000,325.000,300.000,300.000,-1,350.000,350.000,-1,675.000,775.000,-1,-1,2,0,2,0,2,0,0,0,0,2,1,1,2,0,0,2,2
87,4266.089,2923.007,10.809,94.751,-0.082470,-0.994909,-0.057922,0.996575,-0.082684,0.001300,-0.006083,-0.057617,0.998320,0,-0.24000,-0.25078,-14.400,-0.502,-1,400.000,-1,400.000,-1,325.000,325.000,300.000,300.000,-1,325.000,350.000,-1,700.000,800.000,-1,-1,2,0,2,0,2,0,0,0,0,2,1,1,2,0,0,2,2
88,4267.513,2903.860,10.920,94.254,-0.073870,-0.995562,-0.058307,0.997254,-0.074050,0.000925,-0.005238,-0.058078,0.998298,0,-0.32000,-0.24846,-19.200,-0.497,-1,400.000,-1,400.000,-1,325.000,325.000,300.000,300.000,-1,300.000,325.000,-1,700.000,800.000,-1,-1,2,0,2,0,2,0,0,0,0,2,1,1,2,0,0,2,2
89,4269.087,2879.912,11.051,93.763,-0.065378,-0.996128,-0.058784,0.997851,-0.065518,0.000456,-0.004306,-0.058628,0.998271,0,-0.40000,-0.24537,-24.000,-0.491,-1,400.000,-1,400.000,-1,325.000,325.000,300.000,300.000,-1,300.000,300.000,-1,700.000,800.000,-1,-1,2,0,2,0,2,0,0,0,0,2,1,1,2,0,0,2,2
90,4270.735,2851.159,11.197,93.280,-0.057022,-0.996607,-0.059355,0.998368,-0.057117,-0.000108,-0.003283,-0.059265,0.998237,0,-0.48000,-0.24150,-28.800,-0.483,-1,400.000,-1,400.000,-1,325.000,325.000,300.000,300.000,-1,250.000,275.000,-1,700.000,800.000,-1,-1,2,0,2,0,2,0,0,0,0,2,1,1,2,0,0,2,2
91,4272.380,2817.600,11.355,92.806,-0.048831,-0.997002,-0.060021,0.998805,-0.048873,-0.000769,-0.002167,-0.059987,0.998197,0,-0.56000,-0.23685,-33.600,-0.474,-1,400.000,-1,400.000,-1,325.000,325.000,300.000,300.000,-1,225.000,225.000,-1,725.000,800.000,-1,-1,2,0,2,0,2,0,0,0,0,2,1,1,2,0,0,2,2
92,4273.890,2780.681,11.514,92.344,-0.040831,-0.997317,-0.060754,0.999166,-0.040815,-0.001500,-0.000983,-0.060765,0.998152,0,-0.61584,-0.23143,-36.950,-0.463,-1,400.000,-1,400.000,-1,325.000,325.000,300.000,300.000,-1,200.000,200.000,-1,725.000,825.000,-1,-1,2,0,2,0,2,0,0,0,0,2,1,1,2,0,0,2,2
93,4275.120,2743.458,11.660,91.893,-0.033039,-0.997560,-0.061499,0.999454,-0.032963,-0.002243,0.000210,-0.061539,0.998105,0,-0.62072,-0.22547,-37.243,-0.451,-1,400.000,-1,425.000,-1,325.000,325.000,300.000,300.000,-1,150.000,150.000,-1,725.000,825.000,-1,-1,2,0,2,0,2,0,0,0,0,2,1,1,2,0,0,2,2
94,4276.072,2705.931,11.793,91.454,-0.025457,-0.997736,-0.062255,0.999675,-0.025319,-0.002997,0.001414,-0.062312,0.998056,0,-0.62565,-0.21945,-37.539,-0.439,-1,400.000,-1,425.000,-1,325.000,325.000,300.000,300.000,-1,125.000,125.000,-1,750.000,825.000,-1,-1,2,0,2,0,2,0,0,0,0,2,1,1,2,0,0,2,2
95,4276.788,2673.200,11.903,91.255,-0.022041,-0.997777,-0.062898,0.999754,-0.021855,-0.003652,0.002269,-0.062963,0.998013,0,-0.54565,-0.09945,-32.739,-0.199,-1,400.000,-1,425.000,-1,325.000,325.000,300.000,300.000,-1,75.000,75.000,-1,750.000,850.000,-1,-1,2,0,2,0,2,0,0,0,0,2,1,1,2,0,0,2,2
96,4277.420,2645.268,12.001,91.296,-0.022791,-0.997727,-0.063419,0.999736,-0.022570,-0.004206,0.002765,-0.063498,0.997978,0,-0.46565,0.02055,-27.939,0.041,-1,400.000,-1,425.000,-1,325.000,325.000,300.000,300.000,-1,50.000,50.000,-1,750.000,850.000,-1,-1,2,0,2,0,2,0,0,0,0,2,1,1,2,0,0,2,2
97,4278.056,2622.138,12.164,91.577,-0.027678,-0.997596,-0.063528,0.999614,-0.027464,-0.004233,0.002478,-0.063621,0.997971,0,-0.38565,0.14055,-23.139,0.281,-1,400.000,-1,425.000,-1,325.000,325.000,300.000,300.000,-1,25.000,25.000,-1,750.000,850.000,-1,-1,2,0,2,0,2,0,0,0,0,2,1,1,2,0,0,2,2
98,4278.732,2603.812,14.712,92.098,-0.036257,-0.997769,-0.056063,0.999323,-0.036553,0.004257,-0.006296,-0.055870,0.998418,0,-0.30565,0.26055,-18.339,0.521,-1,400.000,-1,400.000,-1,325.000,325.000,325.000,300.000,-1,25.000,25.000,-1,750.000,800.000,-1,-1,2,0,2,0,2,0,0,0,0,2,1,1,2,0,0,2,2
99,4279.409,2590.290,17.705,92.859,-0.049009,-0.997386,-0.053094,0.998662,-0.049812,0.013918,-0.016526,-0.052341,0.998493,0,-0.22565,0.38055,-13.539,0.761,-1,375.000,-1,375.000,-1,325.000,325.000,350.000,300.000,-1,25.000,25.000,-1,725.000,750.000,-1,-1,2,0,2,0,2,0,0,0,0,2,1,1,2,0,0,2,2
100,4279.999,2581.571,19.677,93.860,-0.066165,-0.996595,-0.049202,0.997523,-0.067246,0.020652,-0.023890,-0.047713,0.998575,0,-0.14565,0.50055,-8.739,1.001,-1,375.000,-1,375.000,-1,325.000,300.000,350.000,300.000,-1,0.000,25.000,-1,700.000,725.000,-1,-1,2,0,2,0,2,0,0,0,0,2,1,1,2,0,0,2,2
101,4280.345,2577.647,20.621,94.998,-0.085885,-0.995295,-0.044854,0.995904,-0.087040,0.024462,-0.028251,-0.042569,0.998694,0,-0.06565,0.56882,-3.939,1.138,-1,375.000,-1,375.000,-1,300.000,300.000,375.000,300.000,-1,0.000,25.000,-1,700.000,700.000,-1,-1,2,0,2,0,2,0,0,0,0,2,1,1,2,0,0,2,2
102,4280.256,2578.504,20.515,96.137,-0.105753,-0.993562,-0.040626,0.993958,-0.106826,0.025216,-0.029393,-0.037714,0.998856,0,0.01435,0.56945,0.861,1.139,-1,375.000,-1,375.000,-1,300.000,300.000,375.000,300.000,-1,0.000,25.000,-1,700.000,675.000,-1,-1,2,0,2,0,2,0,0,0,0,2,1,1,2,0,0,2,2
103,4279.541,2584.119,19.543,97.275,-0.125646,-0.991372,-0.037345,0.991684,-0.126565,0.023337,-0.027862,-0.034102,0.999030,0,0.09435,0.56931,5.661,1.139,-1,375.000,-1,375.000,-1,325.000,300.000,375.000,275.000,-1,0.000,25.000,-1,725.000,700.000,-1,-1,2,0,2,0,2,0,0,0,0,2,1,1,2,0,0,2,2
104,4278.009,2594.467,18.888,98.412,-0.145264,-0.988588,-0.039897,0.989021,-0.146197,0.021550,-0.027137,-0.036328,0.998971,0,0.17435,0.56841,10.461,1.137,-1,375.000,-1,375.000,-1,325.000,300.000,375.000,275.000,-1,25.000,50.000,-1,725.000,700.000,-1,-1,2,0,2,0,2,0,0,0,0,2,1,1,2,0,0,2,2
105,4275.476,2609.516,17.490,99.546,-0.164796,-0.985337,-0.044198,0.986021,-0.165697,0.017538,-0.024605,-0.040690,0.998869,0,0.25435,0.56674,15.261,1.133,-1,375.000,-1,375.000,-1,325.000,325.000,375.000,300.000,-1,25.000,50.000,-1,725.000,725.000,-1,-1,2,0,2,0,2,0,0,0,0,2,1,1,2,0,0,2,2
106,4271.757,2629.229,15.392,100.674,-0.184253,-0.981589,-0.050334,0.982674,-0.185018,0.010945,-0.020056,-0.047445,0.998672,0,0.33435,0.56431,20.061,1.129,-1,400.000,-1,400.000,-1,325.000,325.000,350.000,300.000,-1,50.000,75.000,-1,725.000,750.000,-1,-1,2,0,2,0,2,0,0,0,0,2,1,1,2,0,0,2,2
107,4266.669,2653.564,12.587,101.797,-0.203670,-0.977312,-0.058139,0.978946,-0.204110,0.001676,-0.013505,-0.056574,0.998307,0,0.41435,0.56113,24.861,1.122,-1,400.000,-1,400.000,-1,325.000,325.000,325.000,300.000,1000.000,50.000,100.000,-1,725.000,800.000,-1,-1,2,0,2,0,2,0,0,0,0,1,1,1,2,0,0,2,2
108,4260.039,2682.474,10.869,102.911,-0.222785,-0.972914,-0.061691,0.974808,-0.223023,-0.003084,-0.010758,-0.060824,0.998091,0,0.49435,0.55720,29.661,1.114,-1,400.000,-1,400.000,-1,325.000,325.000,300.000,300.000,1000.000,75.000,125.000,-1,725.000,800.000,-1,-1,2,0,2,0,2,0,0,0,0,1,1,1,2,0,0,2,2
109,4251.548,2715.872,10.325,104.265,-0.245666,-0.967435,-0.060974,0.969273,-0.245974,-0.002513,-0.012567,-0.059717,0.998136,0,0.57435,0.67720,34.461,1.354,-1,400.000,-1,400.000,-1,325.000,325.000,300.000,300.000,-1,125.000,150.000,-1,725.000,800.000,-1,-1,2,0,2,0,2,0,0,0,0,2,1,1,2,0,0,2,2
110,4240.819,2753.638,9.629,105.860,-0.272426,-0.960285,-0.060309,0.962064,-0.272816,-0.001824,-0.014702,-0.058518,0.998178,0,0.65435,0.79720,39.261,1.594,-1,375.000,-1,400.000,-1,325.000,325.000,300.000,300.000,-1,150.000,200.000,-1,725.000,800.000,-1,-1,2,0,2,0,2,0,0,0,0,2,1,1,2,0,0,2,2
111,4227.428,2795.615,8.786,107.694,-0.302963,-0.951137,-0.059593,0.952850,-0.303441,-0.001084,-0.017052,-0.057112,0.998222,0,0.73435,0.91720,44.061,1.834,-1,375.000,-1,400.000,-1,325.000,325.000,300.000,300.000,-1,200.000,250.000,-1,700.000,775.000,-1,-1,2,0,2,0,2,0,0,0,0,2,1,1,2,0,0,2,2
112,4212.174,2838.234,7.855,109.694,-0.335915,-0.940050,-0.058887,0.941691,-0.336479,-0.000358,-0.019478,-0.055574,0.998265,0,0.75447,1.00000,45.268,2.000,-1,375.000,-1,400.000,-1,325.000,325.000,300.000,300.000,-1,250.000,300.000,-1,700.000,750.000,-1,-1,2,0,2,0,2,0,0,0,0,2,1,1,2,0,0,2,2
113,4195.301,2880.648,6.852,111.694,-0.368471,-0.927815,-0.058205,0.929384,-0.369114,0.000330,-0.021790,-0.053973,0.998305,0,0.76079,1.00000,45.647,2.000,-1,375.000,-1,400.000,-1,325.000,325.000,300.000,300.000,-1,300.000,350.000,-1,675.000,725.000,-1,-1,2,0,2,0,2,0,0,0,0,2,1,1,2,0,0,2,2
114,4176.807,2922.793,5.781,113.694,-0.400589,-0.914449,-0.057541,0.915944,-0.401305,0.000978,-0.023986,-0.052313,0.998343,0,0.76709,1.00000,46.025,2.000,-1,375.000,-1,400.000,-1,325.000,325.000,325.000,300.000,-1,350.000,425.000,-1,675.000,725.000,-1,-1,2,0,2,0,2,0,0,0,0,2,1,1,2,0,0,2,2
115,4156.690,2964.606,4.715,115.694,-0.432237,-0.899954,-0.057038,0.901390,-0.433007,0.001278,-0.025848,-0.050861,0.998371,0,0.77335,1.00000,46.401,2.000,-1,375.000,-1,400.000,-1,300.000,325.000,325.000,300.000,775.000,425.000,475.000,-1,650.000,700.000,-1,-1,2,0,2,0,2,0,0,0,0,1,1,1,2,0,0,2,2
116,4134.953,3006.021,3.626,117.694,-0.463371,-0.884355,-0.056598,0.885738,-0.464183,0.001353,-0.027468,-0.049504,0.998396,0,0.77956,1.00000,46.774,2.000,-1,375.000,-1,375.000,-1,300.000,325.000,325.000,300.000,775.000,475.000,550.000,-1,650.000,675.000,1000.000,-1,2,0,2,0,2,0,0,0,0,1,1,1,2,0,0,0,2
117,4111.600,3046.973,2.500,119.694,-0.493953,-0.867673,-0.056168,0.869008,-0.494796,0.001270,-0.028893,-0.048183,0.998421,0,0.78571,1.00000,47.143,2.000,-1,375.000,-1,375.000,-1,300.000,325.000,325.000,325.000,800.000,525.000,625.000,-1,625.000,675.000,975.000,-1,2,0,2,0,2,0,0,0,0,1,1,1,2,0,0,0,2
118,4086.641,3087.395,1.341,121.694,-0.523943,-0.849928,-0.055733,0.851220,-0.524808,0.001026,-0.030121,-0.046904,0.998445,0,0.79180,1.00000,47.508,2.000,-1,375.000,-1,375.000,-1,300.000,300.000,325.000,325.000,800.000,600.000,675.000,-1,625.000,650.000,950.000,-1,2,0,2,0,2,0,0,0,0,1,1,1,2,0,0,0,2
119,4060.087,3127.222,-0.040,123.694,-0.553354,-0.831168,-0.054391,0.832384,-0.554199,0.000544,-0.030596,-0.044973,0.998520,0,0.79781,1.00000,47.868,2.000,-1,375.000,-1,375.000,-1,300.000,300.000,325.000,325.000,825.000,650.000,750.000,-1,625.000,650.000,950.000,-1,2,0,2,0,2,0,0,0,0,1,1,1,2,0,0,0,2
120,4031.952,3166.387,-1.476,125.694,-0.582106,-0.811392,-0.052882,0.812530,-0.582920,-0.000040,-0.030794,-0.042992,0.998601,0,0.80373,1.00000,48.224,2.000,-1,375.000,-1,375.000,-1,300.000,300.000,325.000,325.000,850.000,725.000,825.000,-1,600.000,625.000,950.000,-1,2,0,2,0,2,0,0,0,0,1,1,1,2,0,0,0,2
121,4002.253,3204.823,-2.817,127.694,-0.610178,-0.790625,-0.050943,0.791679,-0.610937,-0.000855,-0.030446,-0.040852,0.998701,0,0.80956,1.00000,48.574,2.000,-1,350.000,-1,350.000,-1,300.000,300.000,325.000,325.000,850.000,800.000,900.000,-1,600.000,625.000,950.000,-1,2,0,2,0,2,0,0,0,0,1,1,1,2,0,0,0,2
122,3971.011,3242.464,-3.842,129.694,-0.637546,-0.768867,-0.048767,0.769870,-0.638195,-0.002875,-0.028913,-0.039377,0.998806,0,0.81530,1.00000,48.918,2.000,-1,375.000,-1,350.000,-1,300.000,300.000,325.000,325.000,875.000,850.000,825.000,-1,600.000,625.000,950.000,-1,2,0,2,0,2,0,0,0,0,1,1,0,2,0,0,0,2
123,3938.249,3279.243,-4.866,131.694,-0.664139,-0.746167,-0.046416,0.747116,-0.664676,-0.004941,-0.027165,-0.037959,0.998910,0,0.82092,1.00000,49.255,2.000,-1,350.000,-1,350.000,-1,300.000,300.000,325.000,325.000,900.000,725.000,625.000,-1,600.000,625.000,975.000,1000.000,2,0,2,0,2,0,0,0,0,1,0,0,2,0,0,0,0
124,3903.996,3315.096,-5.889,133.694,-0.689922,-0.722552,-0.043885,0.723445,-0.690347,-0.007033,-0.025214,-0.036600,0.999012,0,0.82644,1.00000,49.586,2.000,-1,350.000,-1,350.000,-1,300.000,300.000,325.000,325.000,900.000,575.000,500.000,-1,600.000,600.000,1000.000,975.000,2,0,2,0,2,0,0,0,0,1,0,0,2,0,0,0,0
125,3865.172,3353.183,-6.993,135.550,-0.713112,-0.699853,-0.040943,0.700683,-0.713411,-0.009348,-0.022667,-0.035354,0.999118,0,0.90644,0.92772,54.386,1.855,-1,350.000,-1,350.000,-1,300.000,300.000,325.000,325.000,950.000,450.000,400.000,-1,600.000,600.000,-1,950.000,2,0,2,0,2,0,0,0,0,1,0,0,2,0,0,2,0
126,3824.336,3390.750,-8.031,137.388,-0.735342,-0.676617,-0.038230,0.677401,-0.735516,-0.011987,-0.020008,-0.034712,0.999197,0,0.92481,0.91937,55.488,1.839,-1,350.000,-1,350.000,-1,300.000,300.000,325.000,325.000,975.000,375.000,350.000,-1,625.000,600.000,-1,925.000,2,0,2,0,2,0,0,0,0,1,0,0,2,0,0,2,0
127,3782.450,3426.893,-9.023,139.210,-0.756609,-0.652904,-0.035472,0.653640,-0.756662,-0.014732,-0.017222,-0.034333,0.999262,0,0.92207,0.91077,55.324,1.822,-1,350.000,-1,350.000,-1,300.000,300.000,325.000,325.000,1000.000,325.000,325.000,-1,625.000,600.000,-1,925.000,2,0,2,0,2,0,0,0,0,1,0,0,2,0,0,2,0
128,3739.609,3461.567,-9.946,141.014,-0.776912,-0.628762,-0.032649,0.629444,-0.776851,-0.017421,-0.014410,-0.034085,0.999315,0,0.91858,0.90216,55.115,1.804,-1,350.000,-1,350.000,-1,300.000,300.000,325.000,325.000,-1,300.000,325.000,-1,625.000,575.000,-1,900.000,2,0,2,0,2,0,0,0,0,2,0,0,2,0,0,2,0
129,3695.907,3494.735,-10.661,142.804,-0.796288,-0.604186,-0.029756,0.604815,-0.796097,-0.020701,-0.011182,-0.034481,0.999343,0,0.91440,0.89482,54.864,1.790,-1,350.000,-1,350.000,1000.000,300.000,300.000,325.000,325.000,-1,275.000,325.000,-1,625.000,575.000,-1,900.000,2,0,2,0,0,0,0,0,0,2,0,0,2,0,0,2,0
130,3655.224,3523.911,-11.066,144.354,-0.812446,-0.582411,-0.026993,0.582987,-0.812111,-0.024544,-0.007627,-0.035677,0.999334,0,0.83440,0.77482,50.064,1.550,-1,375.000,-1,350.000,-1,300.000,300.000,325.000,325.000,-1,275.000,300.000,-1,650.000,575.000,-1,925.000,2,0,2,0,2,0,0,0,0,2,0,0,2,0,0,2,0
131,3616.060,3550.663,-11.398,145.663,-0.825641,-0.563672,-0.024289,0.564180,-0.825173,-0.028132,-0.004185,-0.036930,0.999309,0,0.79049,0.65482,47.429,1.310,-1,375.000,-1,350.000,-1,300.000,300.000,325.000,325.000,-1,250.000,275.000,-1,650.000,600.000,-1,950.000,2,0,2,0,2,0,0,0,0,2,0,0,2,0,0,2,0
