timestep,x_cm,y_cm,z_cm,yaw_deg,basis_xx,basis_xy,basis_xz,basis_yx,basis_yy,basis_yz,basis_zx,basis_zy,basis_zz,teleport_flag,throttle_cmd,steering_cmd,cmd_move_cm,cmd_turn_deg,lidar_cm_0,lidar_cm_1,lidar_cm_2,lidar_cm_3,lidar_cm_4,lidar_cm_5,lidar_cm_6,lidar_cm_7,lidar_cm_8,lidar_cm_9,lidar_cm_10,lidar_cm_11,lidar_cm_12,lidar_cm_13,lidar_cm_14,lidar_cm_15,lidar_cm_16,lidar_class_0,lidar_class_1,lidar_class_2,lidar_class_3,lidar_class_4,lidar_class_5,lidar_class_6,lidar_class_7,lidar_class_8,lidar_class_9,lidar_class_10,lidar_class_11,lidar_class_12,lidar_class_13,lidar_class_14,lidar_class_15,lidar_class_16
0,-2956.495,6231.205,41.573,-178.304,-0.998735,0.029591,0.040646,-0.028341,-0.999118,0.030992,0.041527,0.029801,0.998693,1,0.08000,-0.12000,4.800,-0.240,-1,400.000,-1,400.000,-1,325.000,325.000,275.000,300.000,-1,-1,-1,-1,975.000,875.000,-1,-1,2,0,2,0,2,0,0,0,0,2,2,2,2,0,0,2,2
1,-2966.093,6231.001,41.972,-178.784,-0.998966,0.021220,0.040209,-0.019980,-0.999320,0.030990,0.040839,0.030155,0.998711,0,0.16000,-0.24000,9.600,-0.480,-1,400.000,-1,400.000,-1,325.000,325.000,275.000,300.000,-1,-1,-1,-1,975.000,875.000,-1,-1,2,0,2,0,2,0,0,0,0,2,2,2,2,0,0,2,2
2,-2980.492,6230.848,42.569,-179.393,-0.999161,0.010595,0.039559,-0.009372,-0.999476,0.030990,0.039867,0.030593,0.998737,0,0.24000,-0.30455,14.400,-0.609,-1,425.000,-1,400.000,-1,325.000,325.000,275.000,300.000,-1,-1,-1,-1,975.000,875.000,-1,-1,2,0,2,0,2,0,0,0,0,2,2,2,2,0,0,2,2
3,-2999.692,6230.849,43.359,-180.002,-0.999251,-0.000031,0.038702,0.001231,-0.999519,0.030988,0.038682,0.031013,0.998770,0,0.32000,-0.30455,19.200,-0.609,-1,425.000,-1,400.000,-1,325.000,325.000,300.000,300.000,-1,-1,-1,-1,975.000,875.000,-1,-1,2,0,2,0,2,0,0,0,0,2,2,2,2,0,0,2,2
4,-3023.690,6231.105,44.340,-180.611,-0.999235,-0.010656,0.037637,0.011826,-0.999450,0.030990,0.037286,0.031412,0.998811,0,0.40000,-0.30455,24.000,-0.609,-1,425.000,-1,400.000,-1,325.000,325.000,300.000,300.000,-1,-1,-1,-1,975.000,850.000,-1,-1,2,0,2,0,2,0,0,0,0,2,2,2,2,0,0,2,2
5,-3052.484,6231.718,45.509,-181.220,-0.999112,-0.021280,0.036366,0.022412,-0.999268,0.031002,0.035680,0.031790,0.998858,0,0.48000,-0.30455,28.800,-0.609,-1,425.000,-1,400.000,-1,325.000,325.000,300.000,300.000,-1,-1,-1,-1,975.000,850.000,-1,-1,2,0,2,0,2,0,0,0,0,2,2,2,2,0,0,2,2
6,-3086.067,6232.790,46.863,-181.829,-0.998882,-0.031901,0.034892,0.032988,-0.998974,0.031030,0.033867,0.032147,0.998909,0,0.56000,-0.30455,33.600,-0.609,-1,425.000,-1,400.000,-1,325.000,325.000,300.000,300.000,-1,-1,-1,-1,975.000,850.000,-1,-1,2,0,2,0,2,0,0,0,0,2,2,2,2,0,0,2,2
7,-3124.432,6234.424,48.399,-182.438,-0.998543,-0.042519,0.033217,0.043554,-0.998567,0.031083,0.031848,0.032484,0.998965,0,0.64000,-0.30455,38.400,-0.609,-1,425.000,-1,400.000,-1,325.000,325.000,300.000,300.000,-1,-1,-1,-1,975.000,850.000,-1,-1,2,0,2,0,2,0,0,0,0,2,2,2,2,0,0,2,2
8,-3167.571,6236.720,50.116,-183.047,-0.998095,-0.053131,0.031345,0.054108,-0.998049,0.031168,0.029628,0.032804,0.999023,0,0.72000,-0.30455,43.200,-0.609,-1,425.000,-1,400.000,-1,325.000,325.000,300.000,300.000,-1,-1,-1,-1,975.000,850.000,-1,-1,2,0,2,0,2,0,0,0,0,2,2,2,2,0,0,2,2
9,-3215.473,6239.782,52.008,-183.656,-0.997537,-0.063738,0.029280,0.064649,-0.997417,0.031295,0.027210,0.033111,0.999081,0,0.80000,-0.30455,48.000,-0.609,-1,425.000,-1,400.000,-1,325.000,325.000,300.000,300.000,-1,-1,-1,-1,975.000,825.000,-1,-1,2,0,2,0,2,0,0,0,0,2,2,2,2,0,0,2,2
10,-3263.658,6243.376,53.799,-184.265,-0.996854,-0.074338,0.027505,0.075182,-0.996687,0.031044,0.025106,0.033014,0.999140,0,0.80531,-0.30455,48.319,-0.609,-1,425.000,-1,400.000,-1,350.000,325.000,300.000,300.000,-1,-1,-1,-1,975.000,825.000,-1,-1,2,0,2,0,2,0,0,0,0,2,2,2,2,0,0,2,2
11,-3311.802,6247.483,54.702,-184.875,-0.996062,-0.084935,0.025446,0.085655,-0.995912,0.028664,0.022907,0.030731,0.999265,0,0.80531,-0.30455,48.319,-0.609,-1,425.000,-1,400.000,-1,325.000,325.000,300.000,300.000,-1,-1,-1,-1,975.000,825.000,-1,-1,2,0,2,0,2,0,0,0,0,2,2,2,2,0,0,2,2
12,-3359.899,6252.101,55.200,-185.484,-0.995155,-0.095520,0.023310,0.096155,-0.994977,0.027836,0.020534,0.029943,0.999341,0,0.80531,-0.30455,48.319,-0.609,-1,425.000,-1,400.000,-1,325.000,325.000,300.000,300.000,-1,-1,-1,-1,950.000,825.000,-1,-1,2,0,2,0,2,0,0,0,0,2,2,2,2,0,0,2,2
13,-3407.945,6257.230,55.696,-186.093,-0.994130,-0.106094,0.021202,0.106650,-0.993928,0.027068,0.018202,0.029170,0.999409,0,0.80531,-0.30455,48.319,-0.609,-1,425.000,-1,400.000,-1,325.000,325.000,300.000,300.000,-1,-1,-1,-1,925.000,800.000,-1,-1,2,0,2,0,2,0,0,0,0,2,2,2,2,0,0,2,2
14,-3455.933,6262.869,56.192,-186.702,-0.992988,-0.116657,0.019126,0.117138,-0.992766,0.026363,0.015913,0.028419,0.999469,0,0.80531,-0.30455,48.319,-0.609,-1,425.000,-1,400.000,-1,325.000,325.000,300.000,300.000,-1,-1,-1,-1,925.000,800.000,-1,-1,2,0,2,0,2,0,0,0,0,2,2,2,2,0,0,2,2
15,-3503.859,6269.019,56.688,-187.311,-0.991729,-0.127207,0.017086,0.127619,-0.991490,0.025723,0.013669,0.027691,0.999523,0,0.80531,-0.30455,48.319,-0.609,-1,425.000,-1,400.000,-1,325.000,325.000,300.000,300.000,-1,-1,-1,-1,900.000,800.000,-1,-1,2,0,2,0,2,0,0,0,0,2,2,2,2,0,0,2,2
16,-3551.717,6275.677,57.185,-187.920,-0.990353,-0.137742,0.015086,0.138090,-0.990100,0.025150,0.011473,0.026991,0.999570,0,0.80531,-0.30455,48.319,-0.609,-1,400.000,-1,400.000,-1,325.000,325.000,300.000,300.000,-1,-1,-1,-1,900.000,775.000,-1,-1,2,0,2,0,2,0,0,0,0,2,2,2,2,0,0,2,2
17,-3599.501,6282.844,57.686,-188.529,-0.988861,-0.148263,0.013131,0.148550,-0.988598,0.024647,0.009327,0.026323,0.999610,0,0.80531,-0.30455,48.319,-0.609,-1,400.000,-1,400.000,-1,325.000,325.000,300.000,300.000,-1,-1,-1,-1,875.000,775.000,-1,-1,2,0,2,0,2,0,0,0,0,2,2,2,2,0,0,2,2
18,-3647.207,6290.518,58.192,-189.138,-0.987252,-0.158766,0.011224,0.158998,-0.986982,0.024215,0.007233,0.025691,0.999644,0,0.80531,-0.30455,48.319,-0.609,-1,400.000,-1,400.000,-1,325.000,325.000,300.000,300.000,-1,-1,-1,-1,875.000,775.000,-1,-1,2,0,2,0,2,0,0,0,0,2,2,2,2,0,0,2,2
19,-3694.828,6298.699,58.703,-189.747,-0.985528,-0.169252,0.009370,0.169432,-0.985253,0.023856,0.005194,0.025099,0.999671,0,0.80531,-0.30455,48.319,-0.609,-1,400.000,-1,400.000,-1,325.000,325.000,300.000,300.000,-1,-1,-1,-1,875.000,750.000,-1,-1,2,0,2,0,2,0,0,0,0,2,2,2,2,0,0,2,2
20,-3742.360,6307.386,59.222,-190.357,-0.983689,-0.179719,0.007574,0.179850,-0.983412,0.023572,0.003212,0.024549,0.999693,0,0.80531,-0.30455,48.319,-0.609,-1,400.000,-1,400.000,-1,325.000,325.000,300.000,300.000,-1,-1,-1,-1,850.000,750.000,-1,-1,2,0,2,0,2,0,0,0,0,2,2,2,2,0,0,2,2
21,-3789.796,6316.577,59.749,-190.966,-0.981735,-0.190166,0.005840,0.190251,-0.981457,0.023363,0.001289,0.024047,0.999710,0,0.80531,-0.30455,48.319,-0.609,-1,400.000,-1,400.000,-1,325.000,325.000,325.000,300.000,-1,-1,-1,-1,850.000,750.000,-1,-1,2,0,2,0,2,0,0,0,0,2,2,2,2,0,0,2,2
22,-3837.132,6326.272,60.286,-191.575,-0.979666,-0.200591,0.004172,0.200633,-0.979391,0.023231,-0.000574,0.023596,0.999721,0,0.80531,-0.30455,48.319,-0.609,-1,400.000,-1,375.000,-1,325.000,325.000,325.000,300.000,-1,-1,-1,-1,825.000,750.000,-1,-1,2,0,2,0,2,0,0,0,0,2,2,2,2,0,0,2,2
23,-3884.363,6336.470,60.663,-192.184,-0.977482,-0.210996,0.002968,0.211009,-0.977228,0.022388,-0.001824,0.022510,0.999745,0,0.80531,-0.30455,48.319,-0.609,-1,400.000,-1,375.000,-1,325.000,325.000,325.000,300.000,-1,-1,-1,-1,825.000,750.000,-1,-1,2,0,2,0,2,0,0,0,0,2,2,2,2,0,0,2,2
24,-3931.482,6347.170,60.702,-192.793,-0.975185,-0.221384,0.001901,0.221377,-0.974980,0.020132,-0.002603,0.020053,0.999796,0,0.80531,-0.30455,48.319,-0.609,-1,400.000,-1,400.000,-1,325.000,325.000,325.000,300.000,-1,-1,-1,-1,825.000,750.000,-1,-1,2,0,2,0,2,0,0,0,0,2,2,2,2,0,0,2,2
25,-3978.485,6358.370,60.723,-193.402,-0.972776,-0.231747,0.000853,0.231725,-0.972616,0.017959,-0.003333,0.017667,0.999838,0,0.80531,-0.30455,48.319,-0.609,-1,400.000,-1,400.000,-1,325.000,325.000,325.000,300.000,-1,-1,-1,-1,825.000,750.000,-1,-1,2,0,2,0,2,0,0,0,0,2,2,2,2,0,0,2,2
26,-4020.753,6368.730,60.479,-193.771,-0.971262,-0.238012,0.000690,0.237990,-0.971121,0.016902,-0.003353,0.016581,0.999857,0,0.72531,-0.18455,43.519,-0.369,-1,400.000,-1,400.000,-1,325.000,325.000,325.000,300.000,-1,-1,-1,-1,825.000,750.000,-1,-1,2,0,2,0,2,0,0,0,0,2,2,2,2,0,0,2,2
27,-4059.048,6378.207,60.203,-193.900,-0.970723,-0.240203,0.000395,0.240177,-0.970593,0.016259,-0.003522,0.015878,0.999868,0,0.65751,-0.06455,39.451,-0.129,-1,400.000,-1,400.000,-1,325.000,325.000,325.000,300.000,-1,-1,-1,-1,825.000,750.000,-1,-1,2,0,2,0,2,0,0,0,0,2,2,2,2,0,0,2,2
28,-4097.361,6387.611,59.939,-193.789,-0.971185,-0.238326,0.000077,0.238298,-0.971066,0.015637,-0.003652,0.015204,0.999878,0,0.65751,0.05545,39.451,0.111,-1,400.000,-1,400.000,-1,325.000,325.000,325.000,300.000,-1,-1,-1,-1,825.000,750.000,-1,-1,2,0,2,0,2,0,0,0,0,2,2,2,2,0,0,2,2
29,-4135.732,6396.779,59.688,-193.439,-0.972626,-0.232377,-0.000274,0.232347,-0.972517,0.015028,-0.003758,0.014553,0.999887,0,0.65751,0.17545,39.451,0.351,-1,400.000,-1,400.000,-1,325.000,325.000,325.000,300.000,-1,-1,-1,-1,825.000,750.000,-1,-1,2,0,2,0,2,0,0,0,0,2,2,2,2,0,0,2,2
30,-4174.195,6405.552,59.454,-192.848,-0.974970,-0.222337,-0.000663,0.222305,-0.974871,0.014422,-0.003853,0.013913,0.999896,0,0.65751,0.29545,39.451,0.591,-1,400.000,-1,375.000,-1,325.000,325.000,325.000,300.000,-1,-1,-1,-1,825.000,750.000,-1,-1,2,0,2,0,2,0,0,0,0,2,2,2,2,0,0,2,2
31,-4212.781,6413.765,59.236,-192.017,-0.978090,-0.208179,-0.001100,0.208144,-0.978001,0.013809,-0.003951,0.013277,0.999904,0,0.65751,0.41545,39.451,0.831,-1,400.000,-1,375.000,-1,325.000,325.000,325.000,300.000,-1,-1,-1,-1,825.000,750.000,-1,-1,2,0,2,0,2,0,0,0,0,2,2,2,2,0,0,2,2
32,-4251.504,6421.305,59.036,-191.018,-0.981569,-0.191099,-0.001584,0.191062,-0.981489,0.013177,-0.004073,0.012632,0.999912,0,0.65751,0.49945,39.451,0.999,-1,400.000,-1,375.000,-1,325.000,325.000,325.000,300.000,-1,-1,-1,-1,825.000,775.000,-1,-1,2,0,2,0,2,0,0,0,0,2,2,2,2,0,0,2,2
33,-4290.353,6428.168,58.858,-190.019,-0.984750,-0.173961,-0.002101,0.173922,-0.984680,0.012524,-0.004247,0.011967,0.999919,0,0.65751,0.49945,39.451,0.999,-1,400.000,-1,375.000,-1,325.000,325.000,325.000,300.000,-1,-1,-1,-1,825.000,775.000,-1,-1,2,0,2,0,2,0,0,0,0,2,2,2,2,0,0,2,2
34,-4329.316,6434.353,58.700,-189.020,-0.987632,-0.156770,-0.002649,0.156728,-0.987571,0.011845,-0.004473,0.011284,0.999926,0,0.65751,0.49945,39.451,0.999,-1,400.000,-1,375.000,-1,325.000,325.000,325.000,300.000,-1,-1,-1,-1,825.000,775.000,-1,-1,2,0,2,0,2,0,0,0,0,2,2,2,2,0,0,2,2
35,-4368.380,6439.858,58.560,-188.021,-0.990213,-0.139531,-0.003228,0.139487,-0.990161,0.011142,-0.004751,0.010582,0.999933,0,0.65751,0.49945,39.451,0.999,-1,400.000,-1,400.000,-1,325.000,325.000,325.000,300.000,-1,-1,-1,-1,825.000,775.000,-1,-1,2,0,2,0,2,0,0,0,0,2,2,2,2,0,0,2,2
36,-4407.535,6444.681,58.435,-187.022,-0.992492,-0.122249,-0.003837,0.122203,-0.992451,0.010411,-0.005081,0.009864,0.999938,0,0.65751,0.49945,39.451,0.999,-1,400.000,-1,400.000,-1,325.000,325.000,325.000,300.000,-1,-1,-1,-1,825.000,775.000,-1,-1,2,0,2,0,2,0,0,0,0,2,2,2,2,0,0,2,2
37,-4446.768,6448.821,58.325,-186.023,-0.994470,-0.104929,-0.004474,0.104882,-0.994438,0.009651,-0.005462,0.009129,0.999943,0,0.65751,0.49945,39.451,0.999,-1,400.000,-1,400.000,-1,325.000,325.000,325.000,300.000,-1,-1,-1,-1,825.000,775.000,-1,-1,2,0,2,0,2,0,0,0,0,2,2,2,2,0,0,2,2
38,-4486.067,6452.276,58.228,-185.024,-0.996144,-0.087578,-0.005137,0.087530,-0.996122,0.008862,-0.005893,0.008378,0.999948,0,0.65751,0.49945,39.451,0.999,-1,400.000,-1,400.000,-1,325.000,325.000,325.000,300.000,-1,-1,-1,-1,825.000,775.000,-1,-1,2,0,2,0,2,0,0,0,0,2,2,2,2,0,0,2,2
39,-4525.420,6455.046,58.141,-184.026,-0.997516,-0.070199,-0.005826,0.070151,-0.997504,0.008041,-0.006376,0.007613,0.999951,0,0.65751,0.49945,39.451,0.999,-1,400.000,-1,400.000,-1,325.000,325.000,325.000,300.000,-1,-1,-1,-1,825.000,775.000,-1,-1,2,0,2,0,2,0,0,0,0,2,2,2,2,0,0,2,2
40,-4564.815,6457.129,58.063,-183.027,-0.998584,-0.052799,-0.006538,0.052752,-0.998582,0.007189,-0.006909,0.006834,0.999953,0,0.65751,0.49945,39.451,0.999,-1,400.000,-1,400.000,-1,325.000,325.000,325.000,300.000,-1,-1,-1,-1,825.000,775.000,-1,-1,2,0,2,0,2,0,0,0,0,2,2,2,2,0,0,2,2
41,-4604.241,6458.525,57.858,-182.028,-0.999349,-0.035383,-0.006976,0.035341,-0.999357,0.006051,-0.007185,0.005800,0.999957,0,0.65751,0.49945,39.451,0.999,-1,400.000,-1,400.000,-1,325.000,325.000,325.000,300.000,-1,-1,-1,-1,825.000,800.000,-1,-1,2,0,2,0,2,0,0,0,0,2,2,2,2,0,0,2,2
42,-4643.685,6459.233,57.369,-181.029,-0.999809,-0.017956,-0.007665,0.017912,-0.999823,0.005779,-0.007768,0.005640,0.999954,0,0.65751,0.49945,39.451,0.999,-1,400.000,-1,400.000,-1,325.000,325.000,325.000,300.000,-1,-1,-1,-1,825.000,775.000,-1,-1,2,0,2,0,2,0,0,0,0,2,2,2,2,0,0,2,2
43,-4683.136,6459.254,56.886,-180.030,-0.999965,-0.000523,-0.008377,0.000477,-0.999985,0.005454,-0.008379,0.005450,0.999950,0,0.65751,0.49945,39.451,0.999,-1,400.000,-1,400.000,-1,325.000,325.000,325.000,300.000,-1,-1,-1,-1,825.000,775.000,-1,-1,2,0,2,0,2,0,0,0,0,2,2,2,2,0,0,2,2
44,-4722.581,6458.587,56.407,-179.031,-0.999816,0.016910,-0.009106,-0.016957,-0.999843,0.005075,-0.009019,0.005229,0.999946,0,0.65751,0.49945,39.451,0.999,-1,400.000,-1,400.000,-1,325.000,325.000,325.000,300.000,-1,-1,-1,-1,825.000,775.000,-1,-1,2,0,2,0,2,0,0,0,0,2,2,2,2,0,0,2,2
45,-4762.008,6457.232,55.931,-178.032,-0.999362,0.034338,-0.009848,-0.034385,-0.999398,0.004640,-0.009683,0.004976,0.999941,0,0.65751,0.49945,39.451,0.999,-1,400.000,-1,400.000,-1,325.000,325.000,325.000,300.000,-1,-1,-1,-1,825.000,775.000,-1,-1,2,0,2,0,2,0,0,0,0,2,2,2,2,0,0,2,2
46,-4806.209,6455.127,55.406,-177.273,-0.998811,0.047572,-0.010634,-0.047618,-0.998857,0.004094,-0.010427,0.004595,0.999935,0,0.73751,0.37945,44.251,0.759,-1,400.000,-1,400.000,-1,325.000,325.000,325.000,300.000,-1,-1,-1,-1,825.000,775.000,-1,-1,2,0,2,0,2,0,0,0,0,2,2,2,2,0,0,2,2
47,-4855.169,6452.148,54.825,-176.518,-0.998088,0.060734,-0.011495,-0.060778,-0.998145,0.003435,-0.011265,0.004127,0.999928,0,0.81751,0.37763,49.051,0.755,-1,400.000,-1,400.000,-1,325.000,325.000,325.000,300.000,-1,-1,-1,-1,825.000,775.000,-1,-1,2,0,2,0,2,0,0,0,0,2,2,2,2,0,0,2,2
48,-4908.872,6448.169,54.187,-175.763,-0.997189,0.073886,-0.012427,-0.073925,-0.997260,0.002652,-0.012197,0.003563,0.999919,0,0.89751,0.37763,53.851,0.755,-1,400.000,-1,400.000,-1,325.000,325.000,325.000,300.000,-1,-1,-1,-1,825.000,775.000,-1,-1,2,0,2,0,2,0,0,0,0,2,2,2,2,0,0,2,2
49,-4964.689,6443.293,53.519,-175.007,-0.996116,0.087026,-0.013384,-0.087057,-0.996202,0.001775,-0.013179,0.002933,0.999909,0,0.93381,0.37763,56.029,0.755,-1,400.000,-1,400.000,-1,325.000,325.000,325.000,300.000,-1,-1,-1,-1,825.000,775.000,-1,-1,2,0,2,0,2,0,0,0,0,2,2,2,2,0,0,2,2
50,-5020.436,6437.682,52.845,-174.252,-0.994869,0.100150,-0.014327,-0.100172,-0.994970,0.000832,-0.014171,0.002263,0.999897,0,0.93381,0.37763,56.029,0.755,-1,400.000,-1,400.000,-1,325.000,325.000,325.000,300.000,-1,-1,-1,-1,825.000,775.000,-1,-1,2,0,2,0,2,0,0,0,0,2,2,2,2,0,0,2,2
51,-5076.104,6431.336,52.165,-173.497,-0.993449,0.113256,-0.015249,-0.113267,-0.993565,-0.000177,-0.015171,0.001551,0.999884,0,0.93381,0.37763,56.029,0.755,-1,400.000,-1,400.000,-1,325.000,325.000,325.000,300.000,-1,-1,-1,-1,825.000,750.000,-1,-1,2,0,2,0,2,0,0,0,0,2,2,2,2,0,0,2,2
52,-5131.684,6424.258,51.477,-172.742,-0.991855,0.126343,-0.016146,-0.126340,-0.991986,-0.001253,-0.016175,0.000797,0.999869,0,0.93381,0.37763,56.029,0.755,-1,400.000,-1,400.000,-1,325.000,325.000,325.000,300.000,-1,-1,-1,-1,825.000,750.000,-1,-1,2,0,2,0,2,0,0,0,0,2,2,2,2,0,0,2,2
53,-5187.166,6416.447,50.778,-171.986,-0.990089,0.139408,-0.017012,-0.139388,-0.990235,-0.002396,-0.017179,-0.000001,0.999852,0,0.93381,0.37763,56.029,0.755,-1,400.000,-1,400.000,-1,325.000,325.000,325.000,300.000,-1,-1,-1,-1,825.000,750.000,-1,-1,2,0,2,0,2,0,0,0,0,2,2,2,2,0,0,2,2
54,-5242.539,6407.905,49.888,-171.231,-0.988158,0.152449,-0.017420,-0.152422,-0.988311,-0.002873,-0.017654,-0.000183,0.999844,0,0.93381,0.37763,56.029,0.755,-1,400.000,-1,400.000,-1,325.000,325.000,325.000,300.000,-1,-1,-1,-1,825.000,750.000,-1,-1,2,0,2,0,2,0,0,0,0,2,2,2,2,0,0,2,2
55,-5297.796,6398.634,48.912,-170.476,-0.986058,0.165463,-0.017636,-0.165432,-0.986216,-0.003205,-0.017924,-0.000242,0.999839,0,0.93381,0.37763,56.029,0.755,-1,400.000,-1,400.000,-1,325.000,325.000,325.000,300.000,-1,-1,-1,-1,825.000,775.000,-1,-1,2,0,2,0,2,0,0,0,0,2,2,2,2,0,0,2,2
56,-5352.925,6388.636,47.833,-169.721,-0.983786,0.178449,-0.017921,-0.178406,-0.983949,-0.003967,-0.018341,-0.000706,0.999832,0,0.93381,0.37763,56.029,0.755,-1,400.000,-1,400.000,-1,325.000,325.000,325.000,300.000,-1,-1,-1,-1,825.000,775.000,-1,-1,2,0,2,0,2,0,0,0,0,2,2,2,2,0,0,2,2
57,-5407.918,6377.912,46.737,-168.965,-0.981343,0.191403,-0.018214,-0.191347,-0.981511,-0.004806,-0.018797,-0.001231,0.999823,0,0.93381,0.37763,56.029,0.755,-1,400.000,-1,400.000,-1,325.000,325.000,325.000,300.000,-1,-1,-1,-1,825.000,775.000,-1,-1,2,0,2,0,2,0,0,0,0,2,2,2,2,0,0,2,2
58,-5462.765,6366.464,45.624,-168.210,-0.978728,0.204324,-0.018508,-0.204252,-0.978902,-0.005715,-0.019285,-0.001813,0.999812,0,0.93381,0.37763,56.029,0.755,-1,400.000,-1,375.000,-1,325.000,325.000,325.000,300.000,-1,-1,-1,-1,825.000,775.000,-1,-1,2,0,2,0,2,0,0,0,0,2,2,2,2,0,0,2,2
59,-5517.456,6354.294,44.494,-167.455,-0.975944,0.217209,-0.018802,-0.217120,-0.976122,-0.006697,-0.019807,-0.002454,0.999801,0,0.93381,0.37763,56.029,0.755,-1,400.000,-1,375.000,-1,325.000,325.000,325.000,300.000,-1,-1,-1,-1,825.000,775.000,-1,-1,2,0,2,0,2,0,0,0,0,2,2,2,2,0,0,2,2
60,-5567.360,6342.717,43.445,-166.940,-0.973946,0.225978,-0.019064,-0.225871,-0.974127,-0.007648,-0.020299,-0.003143,0.999789,0,0.85381,0.25763,51.229,0.515,-1,400.000,-1,375.000,-1,325.000,325.000,325.000,300.000,-1,-1,-1,-1,825.000,775.000,-1,-1,2,0,2,0,2,0,0,0,0,2,2,2,2,0,0,2,2
61,-5612.537,6332.008,42.481,-166.664,-0.972844,0.230655,-0.019299,-0.230529,-0.973028,-0.008547,-0.020749,-0.003866,0.999777,0,0.77381,0.13763,46.429,0.275,-1,400.000,-1,375.000,-1,325.000,325.000,325.000,300.000,-1,-1,-1,-1,825.000,775.000,-1,-1,2,0,2,0,2,0,0,0,0,2,2,2,2,0,0,2,2
62,-5654.736,6321.977,41.571,-166.629,-0.972698,0.231253,-0.019517,-0.231108,-0.972883,-0.009410,-0.021164,-0.004643,0.999765,0,0.72292,0.01763,43.375,0.035,-1,400.000,-1,375.000,-1,325.000,300.000,325.000,300.000,-1,-1,-1,-1,825.000,775.000,-1,-1,2,0,2,0,2,0,0,0,0,2,2,2,2,0,0,2,2
63,-5696.971,6312.097,40.653,-166.834,-0.973514,0.227774,-0.019740,-0.227609,-0.973698,-0.010287,-0.021564,-0.005521,0.999752,0,0.72292,-0.10237,43.375,-0.205,-1,400.000,-1,400.000,-1,325.000,325.000,325.000,300.000,-1,-1,-1,-1,825.000,775.000,-1,-1,2,0,2,0,2,0,0,0,0,2,2,2,2,0,0,2,2
64,-5739.254,6302.425,39.727,-167.115,-0.974617,0.222986,-0.019971,-0.222799,-0.974800,-0.011177,-0.021960,-0.006444,0.999738,0,0.72292,-0.14078,43.375,-0.282,-1,400.000,-1,400.000,-1,325.000,325.000,325.000,300.000,-1,-1,-1,-1,825.000,775.000,-1,-1,2,0,2,0,2,0,0,0,0,2,2,2,2,0,0,2,2
65,-5781.583,6292.960,38.795,-167.397,-0.975697,0.218191,-0.020210,-0.217981,-0.975878,-0.012085,-0.022359,-0.007386,0.999723,0,0.72292,-0.14078,43.375,-0.282,-1,400.000,-1,400.000,-1,325.000,325.000,325.000,300.000,-1,-1,-1,-1,800.000,775.000,-1,-1,2,0,2,0,2,0,0,0,0,2,2,2,2,0,0,2,2
66,-5823.959,6283.704,37.857,-167.678,-0.976753,0.213391,-0.020457,-0.213158,-0.976931,-0.013007,-0.022761,-0.008344,0.999706,0,0.72292,-0.14078,43.375,-0.282,-1,400.000,-1,400.000,-1,325.000,325.000,325.000,325.000,-1,-1,-1,-1,800.000,775.000,-1,-1,2,0,2,0,2,0,0,0,0,2,2,2,2,0,0,2,2
67,-5866.380,6274.656,36.899,-167.960,-0.977784,0.208586,-0.020752,-0.208329,-0.977960,-0.013901,-0.023194,-0.009269,0.999688,0,0.72292,-0.14078,43.375,-0.282,-1,400.000,-1,400.000,-1,325.000,325.000,325.000,325.000,-1,-1,-1,-1,800.000,775.000,-1,-1,2,0,2,0,2,0,0,0,0,2,2,2,2,0,0,2,2
68,-5908.845,6265.817,35.824,-168.242,-0.978782,0.203777,-0.021450,-0.203499,-0.978968,-0.014462,-0.023946,-0.009790,0.999665,0,0.72292,-0.14078,43.375,-0.282,-1,400.000,-1,400.000,-1,325.000,325.000,325.000,325.000,-1,-1,-1,-1,800.000,775.000,-1,-1,2,0,2,0,2,0,0,0,0,2,2,2,2,0,0,2,2
69,-5951.352,6257.186,34.731,-168.523,-0.979758,0.198963,-0.022097,-0.198663,-0.979952,-0.015062,-0.024651,-0.010367,0.999642,0,0.72292,-0.14078,43.375,-0.282,-1,400.000,-1,400.000,-1,325.000,325.000,325.000,300.000,-1,-1,-1,-1,800.000,775.000,-1,-1,2,0,2,0,2,0,0,0,0,2,2,2,2,0,0,2,2
70,-5993.902,6248.764,33.608,-168.805,-0.980715,0.194143,-0.022503,-0.193822,-0.980911,-0.015715,-0.025124,-0.011051,0.999623,0,0.72292,-0.14078,43.375,-0.282,-1,400.000,-1,400.000,-1,325.000,325.000,325.000,300.000,-1,-1,-1,-1,775.000,775.000,-1,-1,2,0,2,0,2,0,0,0,0,2,2,2,2,0,0,2,2
71,-6036.595,6240.528,32.492,-169.080,-0.981630,0.189419,-0.022860,-0.189077,-0.981827,-0.016302,-0.025533,-0.011680,0.999606,0,0.72467,-0.13788,43.480,-0.276,-1,400.000,-1,400.000,-1,325.000,325.000,325.000,300.000,-1,-1,-1,-1,775.000,775.000,-1,-1,2,0,2,0,2,0,0,0,0,2,2,2,2,0,0,2,2
72,-6079.431,6232.472,31.372,-169.350,-0.982502,0.184802,-0.023196,-0.184440,-0.982699,-0.016873,-0.025913,-0.012299,0.999589,0,0.72644,-0.13462,43.587,-0.269,-1,400.000,-1,400.000,-1,325.000,325.000,325.000,300.000,-1,-1,-1,-1,775.000,775.000,-1,-1,2,0,2,0,2,0,0,0,0,2,2,2,2,0,0,2,2
73,-6122.397,6224.596,30.249,-169.612,-0.983332,0.180294,-0.023510,-0.179913,-0.983528,-0.017428,-0.026265,-0.012908,0.999572,0,0.72805,-0.13132,43.683,-0.263,-1,400.000,-1,400.000,-1,325.000,325.000,325.000,300.000,-1,-1,-1,-1,750.000,775.000,-1,-1,2,0,2,0,2,0,0,0,0,2,2,2,2,0,0,2,2
74,-6165.483,6216.896,29.122,-169.868,-0.984121,0.175897,-0.023802,-0.175497,-0.984316,-0.017969,-0.026590,-0.013506,0.999555,0,0.72948,-0.12798,43.769,-0.256,-1,400.000,-1,400.000,-1,325.000,325.000,325.000,300.000,-1,-1,-1,-1,750.000,775.000,-1,-1,2,0,2,0,2,0,0,0,0,2,2,2,2,0,0,2,2
75,-6208.677,6209.371,27.993,-170.117,-0.984870,0.171612,-0.024074,-0.171194,-0.985064,-0.018495,-0.026888,-0.014094,0.999539,0,0.73073,-0.12460,43.844,-0.249,-1,400.000,-1,400.000,-1,325.000,325.000,325.000,325.000,-1,-1,-1,-1,750.000,775.000,-1,-1,2,0,2,0,2,0,0,0,0,2,2,2,2,0,0,2,2
76,-6251.965,6202.018,26.861,-170.360,-0.985582,0.167442,-0.024325,-0.167005,-0.985773,-0.019008,-0.027161,-0.014671,0.999523,0,0.73181,-0.12120,43.909,-0.242,-1,400.000,-1,400.000,-1,325.000,325.000,325.000,325.000,-1,-1,-1,-1,725.000,775.000,-1,-1,2,0,2,0,2,0,0,0,0,2,2,2,2,0,0,2,2
77,-6295.337,6194.834,25.727,-170.595,-0.986257,0.163386,-0.024555,-0.162932,-0.986445,-0.019507,-0.027410,-0.015239,0.999508,0,0.73272,-0.11778,43.963,-0.236,-1,400.000,-1,400.000,-1,325.000,325.000,325.000,325.000,-1,-1,-1,-1,725.000,775.000,-1,-1,2,0,2,0,2,0,0,0,0,2,2,2,2,0,0,2,2
78,-6338.781,6187.816,24.592,-170.824,-0.986896,0.159446,-0.024767,-0.158974,-0.987080,-0.019995,-0.027635,-0.015795,0.999493,0,0.73344,-0.11436,44.007,-0.229,-1,400.000,-1,400.000,-1,325.000,325.000,325.000,325.000,-1,-1,-1,-1,725.000,775.000,-1,-1,2,0,2,0,2,0,0,0,0,2,2,2,2,0,0,2,2
79,-6382.284,6180.962,23.454,-171.046,-0.987502,0.155621,-0.024959,-0.155132,-0.987682,-0.020470,-0.027837,-0.016342,0.999479,0,0.73400,-0.11094,44.040,-0.222,-1,375.000,-1,400.000,-1,325.000,325.000,325.000,325.000,-1,-1,-1,-1,725.000,775.000,-1,-1,2,0,2,0,2,0,0,0,0,2,2,2,2,0,0,2,2
80,-6425.836,6174.267,22.316,-171.261,-0.988075,0.151911,-0.025132,-0.151405,-0.988250,-0.020933,-0.028016,-0.016878,0.999465,0,0.73438,-0.10753,44.063,-0.215,-1,375.000,-1,400.000,-1,325.000,325.000,325.000,325.000,-1,-1,-1,-1,700.000,775.000,-1,-1,2,0,2,0,2,0,0,0,0,2,2,2,2,0,0,2,2
81,-6469.424,6167.729,21.177,-171.469,-0.988617,0.148315,-0.025287,-0.147794,-0.988787,-0.021386,-0.028175,-0.017405,0.999451,0,0.73460,-0.10416,44.076,-0.208,-1,375.000,-1,400.000,-1,325.000,325.000,325.000,325.000,-1,-1,-1,-1,700.000,775.000,-1,-1,2,0,2,0,2,0,0,0,0,2,2,2,2,0,0,2,2
82,-6513.039,6161.343,20.035,-171.671,-0.989129,0.144834,-0.025420,-0.144297,-0.989294,-0.021821,-0.028308,-0.017915,0.999439,0,0.73466,-0.10082,44.079,-0.202,-1,375.000,-1,400.000,-1,300.000,325.000,325.000,325.000,-1,-1,-1,-1,700.000,775.000,-1,-1,2,0,2,0,2,0,0,0,0,2,2,2,2,0,0,2,2
83,-6556.669,6155.108,18.776,-171.867,-0.989624,0.141454,-0.025216,-0.140922,-0.989782,-0.021762,-0.028037,-0.017983,0.999445,0,0.73455,-0.09784,44.073,-0.196,-1,375.000,-1,400.000,-1,300.000,325.000,325.000,325.000,-1,-1,-1,-1,700.000,775.000,-1,-1,2,0,2,0,2,0,0,0,0,2,2,2,2,0,0,2,2
84,-6600.304,6149.020,17.535,-172.058,-0.990095,0.138151,-0.025014,-0.137624,-0.990247,-0.021687,-0.027766,-0.018029,0.999452,0,0.73430,-0.09556,44.058,-0.191,-1,375.000,-1,400.000,-1,300.000,325.000,325.000,325.000,-1,-1,-1,-1,700.000,775.000,-1,-1,2,0,2,0,2,0,0,0,0,2,2,2,2,0,0,2,2
85,-6643.935,6143.078,16.451,-172.245,-0.990552,0.134921,-0.024540,-0.134423,-0.990703,-0.020953,-0.027139,-0.017456,0.999479,0,0.73390,-0.09345,44.034,-0.187,-1,375.000,-1,400.000,-1,300.000,325.000,325.000,325.000,-1,-1,-1,-1,700.000,775.000,-1,-1,2,0,2,0,2,0,0,0,0,2,2,2,2,0,0,2,2
86,-6687.553,6137.280,15.387,-172.428,-0.990991,0.131757,-0.024036,-0.131288,-0.991139,-0.020165,-0.026479,-0.016827,0.999508,0,0.73336,-0.09152,44.002,-0.183,-1,375.000,-1,400.000,-1,300.000,325.000,325.000,325.000,-1,-1,-1,-1,700.000,775.000,-1,-1,2,0,2,0,2,0,0,0,0,2,2,2,2,0,0,2,2
87,-6731.150,6131.624,14.334,-172.607,-0.991411,0.128652,-0.023519,-0.128212,-0.991558,-0.019356,-0.025811,-0.016175,0.999536,0,0.73270,-0.08976,43.962,-0.180,-1,375.000,-1,400.000,-1,300.000,325.000,325.000,325.000,-1,-1,-1,-1,675.000,775.000,-1,-1,2,0,2,0,2,0,0,0,0,2,2,2,2,0,0,2,2
88,-6774.717,6126.108,13.294,-172.784,-0.991814,0.125601,-0.022992,-0.125190,-0.991960,-0.018529,-0.025134,-0.015499,0.999564,0,0.73192,-0.08819,43.915,-0.176,-1,375.000,-1,400.000,-1,300.000,325.000,325.000,325.000,-1,-1,-1,-1,675.000,775.000,-1,-1,2,0,2,0,2,0,0,0,0,2,2,2,2,0,0,2,2
89,-6823.040,6119.935,12.153,-172.720,-0.991688,0.126704,-0.022375,-0.126326,-0.991833,-0.017597,-0.024422,-0.014625,0.999595,0,0.81192,0.03181,48.715,0.064,-1,375.000,-1,400.000,-1,300.000,325.000,325.000,325.000,-1,-1,-1,-1,675.000,775.000,-1,-1,2,0,2,0,2,0,0,0,0,2,2,2,2,0,0,2,2
90,-6876.088,6112.872,10.916,-172.416,-0.991018,0.131960,-0.021657,-0.131618,-0.991162,-0.016563,-0.023651,-0.013563,0.999628,0,0.89192,0.15181,53.515,0.304,-1,375.000,-1,400.000,-1,300.000,325.000,325.000,325.000,-1,-1,-1,-1,675.000,775.000,-1,-1,2,0,2,0,2,0,0,0,0,2,2,2,2,0,0,2,2
91,-6929.712,6105.215,9.682,-171.873,-0.989738,0.141361,-0.020879,-0.141054,-0.989880,-0.015505,-0.022859,-0.012401,0.999662,0,0.90281,0.27181,54.169,0.544,-1,375.000,-1,400.000,-1,300.000,325.000,325.000,325.000,-1,-1,-1,-1,675.000,775.000,-1,-1,2,0,2,0,2,0,0,0,0,2,2,2,2,0,0,2,2
92,-6983.181,6096.832,8.472,-171.089,-0.987729,0.154888,-0.020040,-0.154617,-0.987869,-0.014441,-0.022034,-0.011165,0.999695,0,0.90203,0.39181,54.122,0.784,-1,375.000,-1,400.000,-1,300.000,325.000,325.000,325.000,-1,-1,-1,-1,675.000,775.000,-1,-1,2,0,2,0,2,0,0,0,0,2,2,2,2,0,0,2,2
93,-7036.453,6087.501,7.288,-170.066,-0.984821,0.172513,-0.019131,-0.172278,-0.984958,-0.013370,-0.021150,-0.009871,0.999728,0,0.90139,0.51181,54.083,1.024,-1,375.000,-1,400.000,-1,300.000,325.000,325.000,325.000,-1,-1,-1,-1,675.000,775.000,-1,-1,2,0,2,0,2,0,0,0,0,2,2,2,2,0,0,2,2
94,-7089.479,6077.004,6.135,-168.802,-0.980795,0.194195,-0.018139,-0.193993,-0.980926,-0.012289,-0.020180,-0.008534,0.999760,0,0.90091,0.63181,54.055,1.264,-1,375.000,-1,400.000,-1,300.000,325.000,325.000,325.000,-1,-1,-1,-1,675.000,775.000,-1,-1,2,0,2,0,2,0,0,0,0,2,2,2,2,0,0,2,2
95,-7142.193,6065.123,5.020,-167.298,-0.975380,0.219870,-0.017053,-0.219702,-0.975503,-0.011195,-0.019096,-0.007173,0.999792,0,0.90062,0.75181,54.037,1.504,-1,375.000,-1,400.000,-1,300.000,325.000,325.000,325.000,-1,675.000,-1,-1,675.000,775.000,-1,-1,2,0,2,0,2,0,0,0,0,2,0,2,2,0,0,2,2
96,-7194.824,6051.566,3.885,-165.555,-0.968253,0.249453,-0.016120,-0.249318,-0.968371,-0.009928,-0.018087,-0.005593,0.999821,0,0.90580,0.87181,54.348,1.744,-1,375.000,-1,400.000,-1,300.000,325.000,325.000,325.000,-1,600.000,600.000,-1,675.000,775.000,-1,-1,2,0,2,0,2,0,0,0,0,2,0,0,2,0,0,2,2
97,-7247.017,6036.369,2.830,-163.766,-0.960011,0.279561,-0.014985,-0.279455,-0.960119,-0.008760,-0.016836,-0.004222,0.999849,0,0.90601,0.89438,54.361,1.789,-1,375.000,-1,400.000,-1,300.000,325.000,325.000,325.000,-1,550.000,550.000,-1,675.000,775.000,-1,-1,2,0,2,0,2,0,0,0,0,2,0,0,2,0,0,2,2
98,-7299.793,6019.200,1.883,-161.979,-0.950843,0.309356,-0.014027,-0.309280,-0.950942,-0.007384,-0.015624,-0.002683,0.999874,0,0.92498,0.89319,55.499,1.786,-1,375.000,-1,400.000,-1,300.000,325.000,325.000,325.000,-1,525.000,525.000,-1,675.000,750.000,-1,-1,2,0,2,0,2,0,0,0,0,2,0,0,2,0,0,2,2
99,-7352.102,6000.350,1.090,-160.183,-0.940688,0.339014,-0.013238,-0.338966,-0.940781,-0.005754,-0.014405,-0.000926,0.999896,0,0.92669,0.89814,55.602,1.796,-1,375.000,-1,400.000,-1,300.000,325.000,325.000,325.000,-1,500.000,525.000,-1,675.000,750.000,-1,-1,2,0,2,0,2,0,0,0,0,2,0,0,2,0,0,2,2
100,-7403.887,5979.823,0.388,-158.377,-0.929546,0.368499,-0.012350,-0.368477,-0.929628,-0.004088,-0.012987,0.000750,0.999915,0,0.92843,0.90313,55.706,1.806,-1,375.000,-1,400.000,-1,300.000,325.000,325.000,325.000,-1,500.000,500.000,-1,675.000,750.000,-1,-1,2,0,2,0,2,0,0,0,0,2,0,0,2,0,0,2,2
101,-7455.093,5957.622,-0.230,-156.561,-0.917411,0.397778,-0.011389,-0.397777,-0.917479,-0.002457,-0.011427,0.002276,0.999932,0,0.93019,0.90816,55.811,1.816,-1,375.000,-1,375.000,-1,300.000,300.000,325.000,325.000,-1,500.000,500.000,-1,675.000,750.000,-1,-1,2,0,2,0,2,0,0,0,0,2,0,0,2,0,0,2,2
102,-7505.661,5933.756,-0.830,-154.734,-0.904278,0.426816,-0.010443,-0.426827,-0.904332,-0.001235,-0.009970,0.003341,0.999945,0,0.93196,0.91322,55.917,1.826,-1,375.000,-1,375.000,-1,300.000,300.000,325.000,325.000,-1,500.000,500.000,-1,675.000,750.000,-1,-1,2,0,2,0,2,0,0,0,0,2,0,0,2,0,0,2,2
103,-7555.534,5908.232,-1.353,-152.898,-0.890145,0.455579,-0.009418,-0.455598,-0.890185,-0.000161,-0.008457,0.004148,0.999956,0,0.93374,0.91833,56.025,1.837,-1,375.000,-1,375.000,-1,300.000,300.000,325.000,325.000,-1,500.000,500.000,-1,675.000,725.000,-1,-1,2,0,2,0,2,0,0,0,0,2,0,0,2,0,0,2,2
104,-7604.652,5881.062,-1.778,-151.051,-0.875011,0.484032,-0.008291,-0.484055,-0.875037,0.000847,-0.006845,0.004755,0.999965,0,0.93554,0.92348,56.132,1.847,-1,375.000,-1,375.000,-1,300.000,300.000,325.000,325.000,-1,500.000,500.000,-1,675.000,725.000,-1,-1,2,0,2,0,2,0,0,0,0,2,0,0,2,0,0,2,2
105,-7652.957,5852.259,-2.118,-149.193,-0.858875,0.512137,-0.007043,-0.512161,-0.858888,0.001892,-0.005080,0.005233,0.999973,0,0.93733,0.92867,56.240,1.857,-1,375.000,-1,375.000,-1,300.000,300.000,325.000,325.000,-1,500.000,500.000,-1,675.000,725.000,-1,-1,2,0,2,0,2,0,0,0,0,2,0,0,2,0,0,2,2
106,-7700.387,5821.838,-2.411,-147.325,-0.841737,0.539859,-0.005661,-0.539880,-0.841736,0.003175,-0.003051,0.005729,0.999979,0,0.93913,0.93392,56.348,1.868,-1,375.000,-1,375.000,-1,300.000,300.000,325.000,325.000,-1,475.000,475.000,-1,675.000,725.000,-1,-1,2,0,2,0,2,0,0,0,0,2,0,0,2,0,0,2,2
107,-7746.883,5789.819,-2.541,-145.447,-0.823597,0.567160,-0.004209,-0.567174,-0.823587,0.004185,-0.001092,0.005834,0.999982,0,0.94091,0.93922,56.455,1.878,-1,375.000,-1,375.000,-1,300.000,300.000,325.000,325.000,-1,475.000,475.000,-1,675.000,700.000,-1,-1,2,0,2,0,2,0,0,0,0,2,0,0,2,0,0,2,2
108,-7792.384,5756.221,-2.549,-143.558,-0.804459,0.594002,-0.002656,-0.594007,-0.804443,0.005138,0.000916,0.005711,0.999983,0,0.94268,0.94458,56.561,1.889,-1,375.000,-1,375.000,-1,300.000,300.000,325.000,325.000,-1,475.000,475.000,-1,675.000,700.000,-1,-1,2,0,2,0,2,0,0,0,0,2,0,0,2,0,0,2,2
109,-7836.829,5721.068,-2.529,-141.658,-0.784326,0.620347,-0.001455,-0.620343,-0.784307,0.006139,0.002667,0.005718,0.999980,0,0.94443,0.95000,56.666,1.900,-1,375.000,-1,375.000,-1,300.000,300.000,325.000,325.000,-1,475.000,475.000,-1,675.000,675.000,-1,-1,2,0,2,0,2,0,0,0,0,2,0,0,2,0,0,2,2
110,-7880.155,5684.385,-2.377,-139.747,-0.763204,0.646157,-0.000149,-0.646142,-0.763185,0.007052,0.004443,0.005478,0.999975,0,0.94616,0.95549,56.769,1.911,-1,375.000,-1,375.000,-1,300.000,300.000,325.000,325.000,-1,475.000,475.000,-1,675.000,675.000,-1,-1,2,0,2,0,2,0,0,0,0,2,0,0,2,0,0,2,2
111,-7922.301,5646.202,-2.091,-137.825,-0.741101,0.671393,0.001266,-0.671365,-0.741085,0.007877,0.006227,0.004988,0.999968,0,0.94784,0.96104,56.870,1.922,-1,375.000,-1,375.000,-1,300.000,300.000,325.000,325.000,-1,475.000,500.000,-1,675.000,650.000,-1,-1,2,0,2,0,2,0,0,0,0,2,0,0,2,0,0,2,2
112,-7964.046,5606.090,-1.687,-136.143,-0.721068,0.692859,0.002643,-0.692819,-0.721060,0.008663,0.007908,0.004415,0.999959,0,0.96488,0.84104,57.893,1.682,-1,375.000,-1,375.000,-1,300.000,300.000,325.000,325.000,-1,500.000,525.000,-1,650.000,650.000,-1,-1,2,0,2,0,2,0,0,0,0,2,0,0,2,0,0,2,2
113,-8004.798,5564.910,-1.119,-134.701,-0.703396,0.710788,0.003890,-0.710736,-0.703396,0.009397,0.009415,0.003845,0.999948,0,0.96560,0.72104,57.936,1.442,-1,375.000,-1,350.000,-1,300.000,300.000,325.000,325.000,-1,525.000,550.000,-1,650.000,625.000,-1,-1,2,0,2,0,2,0,0,0,0,2,0,0,2,0,0,2,2
114,-8044.669,5522.893,-0.377,-133.498,-0.688316,0.725390,0.005571,-0.725326,-0.688332,0.010024,0.011106,0.002859,0.999934,0,0.96537,0.60104,57.922,1.202,975.000,375.000,-1,350.000,-1,300.000,300.000,325.000,325.000,-1,525.000,575.000,-1,650.000,625.000,-1,-1,1,0,2,0,2,0,0,0,0,2,0,0,2,0,0,2,2
115,-8083.776,5480.269,0.463,-132.536,-0.676011,0.736848,0.008021,-0.736773,-0.676058,0.010552,0.013198,0.001223,0.999912,0,0.96410,0.48104,57.846,0.962,925.000,375.000,-1,350.000,-1,300.000,300.000,325.000,325.000,-1,525.000,575.000,-1,650.000,600.000,-1,-1,1,0,2,0,2,0,0,0,0,2,0,0,2,0,0,2,2
116,-8122.248,5437.263,1.472,-131.814,-0.666631,0.745310,0.010797,-0.745228,-0.666718,0.011036,0.015424,-0.000689,0.999881,0,0.96171,0.36104,57.703,0.722,875.000,375.000,-1,350.000,-1,300.000,300.000,325.000,325.000,-1,525.000,575.000,-1,650.000,600.000,975.000,-1,1,0,2,0,2,0,0,0,0,2,0,0,2,0,0,1,2
117,-8160.214,5394.095,2.643,-131.332,-0.660282,0.750890,0.013863,-0.750808,-0.660421,0.011484,0.017779,-0.002825,0.999838,0,0.95814,0.24104,57.488,0.482,850.000,350.000,-1,350.000,-1,300.000,300.000,325.000,350.000,-1,500.000,575.000,-1,650.000,600.000,925.000,-1,1,0,2,0,2,0,0,0,0,2,0,0,2,0,0,1,2
118,-8197.809,5350.985,4.037,-131.090,-0.657033,0.753668,0.017115,-0.753584,-0.657237,0.012243,0.020476,-0.004854,0.999779,0,0.95333,0.12104,57.200,0.242,800.000,350.000,-1,350.000,-1,300.000,275.000,325.000,350.000,-1,475.000,575.000,-1,650.000,600.000,875.000,-1,1,0,2,0,2,0,0,0,0,2,0,0,2,0,0,1,2
119,-8235.162,5308.148,5.860,-131.088,-0.656919,0.753689,0.020272,-0.753568,-0.657207,0.014643,0.024359,-0.005657,0.999687,0,0.94726,0.00104,56.836,0.002,750.000,350.000,-1,350.000,-1,300.000,275.000,325.000,350.000,-1,425.000,525.000,-1,650.000,625.000,850.000,-1,1,0,2,0,2,0,0,1,0,2,0,0,2,0,0,1,2
120,-8272.404,5265.795,7.789,-131.326,-0.659938,0.750951,0.023548,-0.750775,-0.660329,0.017376,0.028598,-0.006212,0.999572,0,0.93996,-0.11896,56.398,-0.238,725.000,375.000,-1,350.000,-1,300.000,300.000,300.000,350.000,-1,375.000,450.000,-1,650.000,625.000,800.000,-1,1,0,2,0,2,0,0,1,0,2,0,0,2,0,0,1,2
121,-8309.518,5224.008,9.849,-131.610,-0.663523,0.747667,0.027037,-0.747431,-0.664037,0.020020,0.032922,-0.006925,0.999434,0,0.93148,-0.14189,55.889,-0.284,675.000,375.000,-1,350.000,-1,300.000,300.000,275.000,350.000,-1,325.000,400.000,-1,675.000,650.000,775.000,-1,1,0,2,0,2,0,0,1,0,2,0,0,2,0,0,1,2
122,-8346.483,5182.800,12.034,-131.893,-0.667065,0.744365,0.030738,-0.744064,-0.667727,0.022567,0.037323,-0.007818,0.999273,0,0.92263,-0.14185,55.358,-0.284,650.000,375.000,-1,350.000,-1,300.000,300.000,250.000,350.000,-1,275.000,350.000,-1,675.000,675.000,775.000,-1,1,0,2,0,2,0,0,1,0,2,0,0,2,0,0,1,2
123,-8383.294,5142.173,14.285,-132.179,-0.670588,0.741023,0.034600,-0.740643,-0.671424,0.025266,0.041954,-0.008684,0.999082,0,0.91371,-0.14279,54.823,-0.286,625.000,375.000,-1,375.000,-1,300.000,300.000,250.000,350.000,-1,250.000,300.000,-1,675.000,700.000,775.000,-1,1,0,2,0,2,0,0,1,0,2,0,0,2,1,0,1,2
124,-8419.951,5102.125,16.678,-132.468,-0.674113,0.737615,0.038677,-0.737158,-0.675150,0.027749,0.046581,-0.009805,0.998866,0,0.90485,-0.14467,54.291,-0.289,600.000,375.000,-1,375.000,-1,300.000,300.000,250.000,350.000,-1,250.000,275.000,-1,700.000,725.000,-1,-1,1,0,2,0,2,0,0,1,0,2,0,0,2,1,0,2,2
125,-8456.460,5062.648,19.213,-132.763,-0.677664,0.734119,0.042899,-0.733594,-0.678928,0.029929,0.051097,-0.011189,0.998631,0,0.89618,-0.14747,53.771,-0.295,575.000,375.000,-1,375.000,-1,300.000,300.000,250.000,350.000,-1,225.000,250.000,-1,725.000,750.000,-1,-1,1,0,2,0,2,0,0,1,0,2,0,0,2,0,0,2,2
126,-8492.833,5023.732,21.593,-133.066,-0.681347,0.730522,0.045867,-0.729919,-0.682788,0.031920,0.054636,-0.011731,0.998437,0,0.88780,-0.15115,53.268,-0.302,550.000,375.000,-1,400.000,-1,300.000,300.000,275.000,350.000,-1,225.000,250.000,-1,725.000,750.000,-1,-1,1,0,2,0,2,0,0,1,0,2,0,0,2,0,0,2,2
127,-8529.090,4985.361,24.054,-133.377,-0.685124,0.726796,0.048712,-0.726121,-0.686743,0.033655,0.057913,-0.012313,0.998246,0,0.87983,-0.15569,52.790,-0.311,525.000,375.000,-1,400.000,-1,300.000,325.000,300.000,350.000,-1,225.000,250.000,-1,750.000,775.000,-1,-1,1,0,2,0,2,0,0,1,0,2,0,0,2,0,0,2,2
128,-8565.252,4947.519,26.287,-133.699,-0.689113,0.722928,0.049973,-0.722163,-0.690822,0.035274,0.060023,-0.011781,0.998127,0,0.87237,-0.16105,52.342,-0.322,525.000,375.000,-1,400.000,-1,325.000,325.000,325.000,350.000,-1,250.000,250.000,-1,750.000,775.000,-1,-1,1,0,2,0,2,0,0,1,0,2,0,0,2,0,0,2,2
129,-8601.347,4910.184,28.629,-134.033,-0.693234,0.718888,0.051258,-0.718043,-0.695033,0.036656,0.061978,-0.011394,0.998012,0,0.86550,-0.16720,51.930,-0.334,525.000,375.000,-1,400.000,-1,325.000,325.000,325.000,350.000,-1,250.000,275.000,-1,775.000,800.000,-1,-1,1,0,2,0,2,0,0,0,0,2,0,0,2,0,0,2,2
130,-8637.409,4873.336,31.265,-134.382,-0.697568,0.714658,0.051605,-0.713728,-0.699397,0.037908,0.063183,-0.010388,0.997948,0,0.85929,-0.17411,51.558,-0.348,-1,375.000,-1,400.000,-1,325.000,325.000,325.000,350.000,-1,275.000,275.000,-1,775.000,800.000,-1,-1,2,0,2,0,2,0,0,0,0,2,0,0,2,0,0,2,2
131,-8673.471,4836.951,34.200,-134.745,-0.702133,0.710218,0.050992,-0.709197,-0.703928,0.039055,0.063633,-0.008741,0.997935,0,0.85382,-0.18174,51.229,-0.363,-1,400.000,-1,400.000,-1,325.000,325.000,325.000,350.000,-1,325.000,325.000,-1,775.000,800.000,-1,-1,2,0,2,0,2,0,0,0,0,2,0,0,2,0,0,2,2
132,-8709.575,4801.005,37.235,-135.125,-0.706873,0.705540,0.050432,-0.704443,-0.708633,0.040006,0.063964,-0.007248,0.997926,0,0.84912,-0.19007,50.947,-0.380,-1,400.000,-1,400.000,-1,325.000,325.000,325.000,325.000,700.000,350.000,350.000,-1,800.000,825.000,-1,-1,2,0,2,0,2,0,0,0,0,1,0,0,2,0,0,2,2
133,-8745.761,4765.473,40.370,-135.523,-0.711801,0.700605,0.049919,-0.699443,-0.713525,0.040765,0.064179,-0.005899,0.997921,0,0.84523,-0.19908,50.714,-0.398,-1,400.000,-1,400.000,-1,325.000,325.000,325.000,325.000,575.000,400.000,400.000,-1,800.000,825.000,-1,-1,2,0,2,0,2,0,0,0,0,1,0,0,2,0,0,2,2
134,-8785.650,4726.864,43.933,-135.934,-0.716841,0.695484,0.049397,-0.694268,-0.718526,0.041380,0.064272,-0.004632,0.997922,0,0.92523,-0.20507,55.514,-0.410,-1,400.000,-1,400.000,-1,325.000,325.000,325.000,325.000,550.000,475.000,450.000,-1,800.000,825.000,-1,-1,2,0,2,0,2,0,0,0,0,1,0,0,2,0,0,2,2
135,-8822.714,4691.794,47.211,-136.584,-0.724728,0.687289,0.049023,-0.686066,-0.726374,0.041153,0.063893,-0.003808,0.997949,0,0.85043,-0.32507,51.026,-0.650,-1,400.000,-1,400.000,-1,325.000,325.000,325.000,325.000,550.000,525.000,525.000,-1,800.000,850.000,-1,-1,2,0,2,0,2,0,0,1,0,1,0,0,2,0,0,2,2
136,-8860.138,4657.470,50.357,-137.474,-0.735360,0.675922,0.048737,-0.674772,-0.736964,0.039597,0.062682,-0.003768,0.998026,0,0.84636,-0.44507,50.781,-0.890,-1,400.000,-1,400.000,-1,325.000,325.000,300.000,325.000,550.000,600.000,600.000,-1,800.000,850.000,-1,-1,2,0,2,0,2,0,0,1,0,1,0,0,2,0,0,2,2
137,-8898.023,4624.075,53.555,-138.604,-0.748599,0.661255,0.048381,-0.660187,-0.750152,0.037757,0.061261,-0.003676,0.998115,0,0.84172,-0.56507,50.503,-1.130,-1,400.000,-1,400.000,-1,325.000,325.000,275.000,325.000,550.000,675.000,675.000,-1,775.000,850.000,-1,-1,2,0,2,0,2,0,0,1,0,1,0,0,2,0,0,2,2
