timestep,x_cm,y_cm,z_cm,yaw_deg,basis_xx,basis_xy,basis_xz,basis_yx,basis_yy,basis_yz,basis_zx,basis_zy,basis_zz,teleport_flag,throttle_cmd,steering_cmd,cmd_move_cm,cmd_turn_deg,lidar_cm_0,lidar_cm_1,lidar_cm_2,lidar_cm_3,lidar_cm_4,lidar_cm_5,lidar_cm_6,lidar_cm_7,lidar_cm_8,lidar_cm_9,lidar_cm_10,lidar_cm_11,lidar_cm_12,lidar_cm_13,lidar_cm_14,lidar_cm_15,lidar_cm_16,lidar_class_0,lidar_class_1,lidar_class_2,lidar_class_3,lidar_class_4,lidar_class_5,lidar_class_6,lidar_class_7,lidar_class_8,lidar_class_9,lidar_class_10,lidar_class_11,lidar_class_12,lidar_class_13,lidar_class_14,lidar_class_15,lidar_class_16
0,-2290.964,983.950,-128.918,-179.348,-0.999444,0.011374,0.031338,-0.010835,-0.999791,0.017319,0.031528,0.016969,0.999359,1,-0.08000,0.12000,-4.800,0.240,-1,400.000,-1,400.000,-1,325.000,325.000,300.000,300.000,-1,-1,-1,-1,775.000,775.000,-1,-1,2,0,2,0,2,0,0,0,0,2,2,2,2,0,0,2,2
1,-2286.078,984.046,-129.069,-178.868,-0.999313,0.019749,0.031358,-0.019214,-0.999666,0.017273,0.031689,0.016659,0.999359,0,-0.08145,0.24000,-4.887,0.480,-1,400.000,-1,400.000,-1,325.000,325.000,300.000,300.000,-1,-1,-1,-1,775.000,775.000,-1,-1,2,0,2,0,2,0,0,0,0,2,2,2,2,0,0,2,2
2,-2281.194,984.199,-129.220,-178.216,-0.999023,0.031121,0.031380,-0.030591,-0.999383,0.017229,0.031897,0.016253,0.999359,0,-0.08145,0.32591,-4.887,0.652,-1,400.000,-1,400.000,-1,325.000,325.000,300.000,300.000,-1,-1,-1,-1,775.000,775.000,-1,-1,2,0,2,0,2,0,0,0,0,2,2,2,2,0,0,2,2
3,-2276.311,984.406,-129.371,-177.565,-0.998603,0.042488,0.031401,-0.041963,-0.998971,0.017187,0.032098,0.015845,0.999359,0,-0.08145,0.32591,-4.887,0.652,-1,400.000,-1,400.000,-1,325.000,325.000,300.000,300.000,-1,-1,-1,-1,775.000,775.000,-1,-1,2,0,2,0,2,0,0,0,0,2,2,2,2,0,0,2,2
4,-2271.431,984.670,-129.523,-176.913,-0.998055,0.053850,0.031420,-0.053331,-0.998430,0.017145,0.032294,0.015436,0.999359,0,-0.08145,0.32591,-4.887,0.652,-1,400.000,-1,400.000,-1,325.000,325.000,300.000,300.000,-1,-1,-1,-1,775.000,775.000,-1,-1,2,0,2,0,2,0,0,0,0,2,2,2,2,0,0,2,2
5,-2266.555,984.988,-129.676,-176.261,-0.997376,0.065205,0.031439,-0.064691,-0.997759,0.017104,0.032484,0.015025,0.999359,0,-0.08145,0.32591,-4.887,0.652,-1,400.000,-1,400.000,-1,325.000,325.000,300.000,300.000,-1,-1,-1,-1,775.000,775.000,-1,-1,2,0,2,0,2,0,0,0,0,2,2,2,2,0,0,2,2
6,-2261.682,985.363,-129.829,-175.609,-0.996569,0.076552,0.031458,-0.076043,-0.996958,0.017064,0.032668,0.014613,0.999359,0,-0.08145,0.32591,-4.887,0.652,-1,400.000,-1,400.000,-1,325.000,325.000,300.000,300.000,-1,-1,-1,-1,750.000,775.000,-1,-1,2,0,2,0,2,0,0,0,0,2,2,2,2,0,0,2,2
7,-2256.814,985.792,-129.984,-174.957,-0.995633,0.087889,0.031475,-0.087386,-0.996029,0.017024,0.032846,0.014200,0.999360,0,-0.08145,0.32591,-4.887,0.652,-1,400.000,-1,400.000,-1,325.000,325.000,300.000,300.000,-1,-1,-1,-1,750.000,775.000,-1,-1,2,0,2,0,2,0,0,0,0,2,2,2,2,0,0,2,2
8,-2251.951,986.277,-130.138,-174.305,-0.994568,0.099215,0.031491,-0.098717,-0.994971,0.016986,0.033018,0.013785,0.999360,0,-0.08145,0.32591,-4.887,0.652,-1,400.000,-1,400.000,-1,325.000,325.000,300.000,300.000,-1,-1,-1,-1,750.000,775.000,-1,-1,2,0,2,0,2,0,0,0,0,2,2,2,2,0,0,2,2
9,-2247.094,986.818,-130.293,-173.654,-0.993373,0.110528,0.031506,-0.110036,-0.993783,0.016949,0.033183,0.013370,0.999360,0,-0.08145,0.32591,-4.887,0.652,-1,400.000,-1,400.000,-1,325.000,325.000,300.000,300.000,-1,-1,-1,-1,750.000,775.000,-1,-1,2,0,2,0,2,0,0,0,0,2,2,2,2,0,0,2,2
10,-2242.243,987.413,-130.449,-173.002,-0.992051,0.121827,0.031520,-0.121341,-0.992467,0.016912,0.033343,0.012953,0.999360,0,-0.08145,0.32591,-4.887,0.652,-1,400.000,-1,400.000,-1,325.000,325.000,300.000,300.000,-1,-1,-1,-1,750.000,775.000,-1,-1,2,0,2,0,2,0,0,0,0,2,2,2,2,0,0,2,2
11,-2237.400,988.064,-130.605,-172.350,-0.990599,0.133110,0.031533,-0.132630,-0.991022,0.016877,0.033496,0.012536,0.999360,0,-0.08145,0.32591,-4.887,0.652,-1,400.000,-1,400.000,-1,325.000,325.000,300.000,300.000,-1,-1,-1,-1,750.000,775.000,-1,-1,2,0,2,0,2,0,0,0,0,2,2,2,2,0,0,2,2
12,-2232.564,988.769,-130.762,-171.698,-0.989020,0.144376,0.031545,-0.143902,-0.989449,0.016842,0.033644,0.012118,0.999360,0,-0.08145,0.32591,-4.887,0.652,-1,400.000,-1,400.000,-1,325.000,325.000,300.000,300.000,-1,-1,-1,-1,750.000,775.000,-1,-1,2,0,2,0,2,0,0,0,0,2,2,2,2,0,0,2,2
13,-2227.737,989.530,-130.919,-171.046,-0.987312,0.155624,0.031556,-0.155155,-0.987747,0.016808,0.033785,0.011699,0.999361,0,-0.08145,0.32591,-4.887,0.652,-1,400.000,-1,400.000,-1,325.000,325.000,300.000,300.000,-1,-1,-1,-1,750.000,775.000,-1,-1,2,0,2,0,2,0,0,0,0,2,2,2,2,0,0,2,2
14,-2227.651,989.544,-130.919,-170.635,-0.986168,0.162720,0.031558,-0.162254,-0.986606,0.016815,0.033871,0.011462,0.999360,0,-0.00145,0.20591,-0.087,0.412,-1,400.000,-1,400.000,-1,325.000,325.000,300.000,300.000,-1,-1,-1,-1,750.000,775.000,-1,-1,2,0,2,0,2,0,0,0,0,2,2,2,2,0,0,2,2
15,-2232.299,988.763,-130.760,-170.463,-0.985675,0.165678,0.031552,-0.165212,-0.986114,0.016862,0.033908,0.011407,0.999360,0,0.07855,0.08591,4.713,0.172,-1,400.000,-1,400.000,-1,325.000,325.000,300.000,300.000,-1,-1,-1,-1,750.000,775.000,-1,-1,2,0,2,0,2,0,0,0,0,2,2,2,2,0,0,2,2
16,-2241.682,987.198,-130.444,-170.531,-0.985872,0.164504,0.031538,-0.164035,-0.986309,0.016948,0.033895,0.011535,0.999359,0,0.15855,-0.03409,9.513,-0.068,-1,400.000,-1,400.000,-1,325.000,325.000,300.000,300.000,-1,-1,-1,-1,750.000,775.000,-1,-1,2,0,2,0,2,0,0,0,0,2,2,2,2,0,0,2,2
17,-2255.813,984.919,-129.969,-170.839,-0.986744,0.159196,0.031515,-0.158720,-0.987176,0.017075,0.033829,0.011847,0.999357,0,0.23855,-0.15409,14.313,-0.308,-1,400.000,-1,400.000,-1,325.000,325.000,300.000,300.000,-1,-1,-1,-1,750.000,775.000,-1,-1,2,0,2,0,2,0,0,0,0,2,2,2,2,0,0,2,2
18,-2274.706,982.026,-129.336,-171.294,-0.987978,0.151352,0.031481,-0.150868,-0.988404,0.017246,0.033726,0.012289,0.999356,0,0.31855,-0.22747,19.113,-0.455,-1,400.000,-1,400.000,-1,325.000,325.000,300.000,300.000,-1,-1,-1,-1,750.000,775.000,-1,-1,2,0,2,0,2,0,0,0,0,2,2,2,2,0,0,2,2
19,-2298.371,978.594,-128.543,-171.749,-0.989151,0.143498,0.031435,-0.143004,-0.989568,0.017463,0.033613,0.012778,0.999353,0,0.39855,-0.22747,23.913,-0.455,-1,400.000,-1,400.000,-1,325.000,325.000,300.000,300.000,-1,-1,-1,-1,775.000,775.000,-1,-1,2,0,2,0,2,0,0,0,0,2,2,2,2,0,0,2,2
20,-2326.819,974.700,-127.592,-172.204,-0.990262,0.135636,0.031376,-0.135130,-0.990669,0.017727,0.033488,0.013315,0.999350,0,0.47855,-0.22747,28.713,-0.455,-1,400.000,-1,400.000,-1,325.000,325.000,300.000,300.000,-1,-1,-1,-1,775.000,775.000,-1,-1,2,0,2,0,2,0,0,0,0,2,2,2,2,0,0,2,2
21,-2360.057,970.417,-126.481,-172.659,-0.991310,0.127765,0.031302,-0.127246,-0.991707,0.018040,0.033348,0.013900,0.999347,0,0.55855,-0.22747,33.513,-0.455,-1,400.000,-1,400.000,-1,325.000,325.000,300.000,300.000,-1,-1,-1,-1,775.000,775.000,-1,-1,2,0,2,0,2,0,0,0,0,2,2,2,2,0,0,2,2
22,-2398.094,965.823,-125.211,-173.114,-0.992297,0.119885,0.031212,-0.119353,-0.992681,0.018401,0.033189,0.014534,0.999343,0,0.63855,-0.22747,38.313,-0.455,-1,400.000,-1,400.000,-1,325.000,325.000,300.000,300.000,-1,-1,-1,-1,775.000,775.000,-1,-1,2,0,2,0,2,0,0,0,0,2,2,2,2,0,0,2,2
23,-2440.935,960.994,-123.782,-173.569,-0.993221,0.111999,0.031103,-0.111451,-0.993592,0.018812,0.033010,0.015218,0.999339,0,0.71855,-0.22747,43.113,-0.455,-1,400.000,-1,400.000,-1,325.000,325.000,300.000,300.000,-1,-1,-1,-1,775.000,775.000,-1,-1,2,0,2,0,2,0,0,0,0,2,2,2,2,0,0,2,2
24,-2488.588,956.005,-122.194,-174.024,-0.994084,0.104105,0.030974,-0.103541,-0.994438,0.019273,0.032808,0.015952,0.999334,0,0.79855,-0.22747,47.913,-0.455,-1,400.000,-1,400.000,-1,325.000,325.000,300.000,300.000,-1,-1,-1,-1,775.000,775.000,-1,-1,2,0,2,0,2,0,0,0,0,2,2,2,2,0,0,2,2
25,-2541.056,950.933,-120.447,-174.479,-0.994884,0.096204,0.030824,-0.095624,-0.995221,0.019785,0.032580,0.016736,0.999329,0,0.87855,-0.22747,52.713,-0.455,-1,400.000,-1,400.000,-1,325.000,325.000,300.000,300.000,-1,-1,-1,-1,775.000,775.000,-1,-1,2,0,2,0,2,0,0,0,0,2,2,2,2,0,0,2,2
26,-2595.181,946.134,-118.648,-174.934,-0.995622,0.088298,0.030661,-0.087701,-0.995940,0.020319,0.032331,0.017541,0.999323,0,0.90561,-0.22747,54.337,-0.455,-1,400.000,-1,400.000,-1,325.000,325.000,300.000,300.000,-1,-1,-1,-1,775.000,750.000,-1,-1,2,0,2,0,2,0,0,0,0,2,2,2,2,0,0,2,2
27,-2649.342,941.765,-116.847,-175.388,-0.996293,0.080387,0.030636,-0.079773,-0.996597,0.020764,0.032200,0.018243,0.999315,0,0.90561,-0.22747,54.337,-0.455,-1,400.000,-1,400.000,-1,325.000,325.000,300.000,300.000,-1,-1,-1,-1,775.000,750.000,-1,-1,2,0,2,0,2,0,0,0,0,2,2,2,2,0,0,2,2
28,-2703.536,937.827,-115.180,-175.843,-0.996905,0.072471,0.030470,-0.071862,-0.997201,0.020619,0.031879,0.018366,0.999323,0,0.90561,-0.22747,54.337,-0.455,-1,400.000,-1,400.000,-1,325.000,325.000,300.000,300.000,-1,-1,-1,-1,800.000,750.000,-1,-1,2,0,2,0,2,0,0,0,0,2,2,2,2,0,0,2,2
29,-2757.759,934.319,-113.520,-176.298,-0.997455,0.064551,0.030290,-0.063948,-0.997743,0.020477,0.031543,0.018488,0.999331,0,0.90561,-0.22747,54.337,-0.455,-1,400.000,-1,400.000,-1,325.000,325.000,300.000,300.000,-1,-1,-1,-1,800.000,750.000,-1,-1,2,0,2,0,2,0,0,0,0,2,2,2,2,0,0,2,2
30,-2812.009,931.241,-111.866,-176.753,-0.997942,0.056626,0.030098,-0.056029,-0.998222,0.020338,0.031196,0.018609,0.999340,0,0.90561,-0.22747,54.337,-0.455,-1,400.000,-1,400.000,-1,325.000,325.000,300.000,300.000,-1,-1,-1,-1,800.000,750.000,-1,-1,2,0,2,0,2,0,0,0,0,2,2,2,2,0,0,2,2
31,-2866.282,928.595,-110.218,-177.208,-0.998366,0.048699,0.029896,-0.048107,-0.998638,0.020202,0.030839,0.018731,0.999349,0,0.90561,-0.22747,54.337,-0.455,-1,400.000,-1,400.000,-1,325.000,325.000,300.000,300.000,-1,-1,-1,-1,800.000,750.000,-1,-1,2,0,2,0,2,0,0,0,0,2,2,2,2,0,0,2,2
32,-2920.573,926.379,-108.577,-177.663,-0.998728,0.040768,0.029686,-0.040182,-0.998991,0.020070,0.030474,0.018851,0.999358,0,0.90561,-0.22747,54.337,-0.455,-1,400.000,-1,400.000,-1,325.000,325.000,300.000,300.000,-1,-1,-1,-1,800.000,750.000,-1,-1,2,0,2,0,2,0,0,0,0,2,2,2,2,0,0,2,2
33,-2974.881,924.595,-106.941,-178.118,-0.999026,0.032835,0.029470,-0.032255,-0.999281,0.019941,0.030104,0.018971,0.999367,0,0.90561,-0.22747,54.337,-0.455,-1,400.000,-1,400.000,-1,325.000,325.000,300.000,300.000,-1,-1,-1,-1,825.000,750.000,-1,-1,2,0,2,0,2,0,0,0,0,2,2,2,2,0,0,2,2
34,-3029.201,923.241,-105.312,-178.573,-0.999262,0.024899,0.029251,-0.024325,-0.999508,0.019817,0.029730,0.019091,0.999376,0,0.90561,-0.22747,54.337,-0.455,-1,400.000,-1,400.000,-1,325.000,325.000,300.000,300.000,-1,-1,-1,-1,825.000,750.000,-1,-1,2,0,2,0,2,0,0,0,0,2,2,2,2,0,0,2,2
35,-3083.530,922.320,-103.688,-179.028,-0.999435,0.016962,0.029031,-0.016394,-0.999672,0.019696,0.029355,0.019209,0.999384,0,0.90561,-0.22747,54.337,-0.455,-1,400.000,-1,400.000,-1,325.000,325.000,300.000,300.000,-1,-1,-1,-1,825.000,750.000,-1,-1,2,0,2,0,2,0,0,0,0,2,2,2,2,0,0,2,2
36,-3137.865,921.829,-102.070,-179.483,-0.999544,0.009024,0.028811,-0.008462,-0.999773,0.019579,0.028981,0.019326,0.999393,0,0.90561,-0.22747,54.337,-0.455,-1,400.000,-1,400.000,-1,325.000,325.000,300.000,300.000,-1,-1,-1,-1,825.000,750.000,-1,-1,2,0,2,0,2,0,0,0,0,2,2,2,2,0,0,2,2
37,-3187.401,921.568,-100.599,-179.698,-0.999577,0.005274,0.028617,-0.004718,-0.999799,0.019473,0.028714,0.019330,0.999401,0,0.82561,-0.10747,49.537,-0.215,-1,400.000,-1,400.000,-1,325.000,325.000,300.000,300.000,-1,-1,-1,-1,825.000,750.000,-1,-1,2,0,2,0,2,0,0,0,0,2,2,2,2,0,0,2,2
38,-3232.137,921.312,-99.273,-179.673,-0.999579,0.005711,0.028448,-0.005161,-0.999799,0.019376,0.028552,0.019222,0.999407,0,0.74561,0.01253,44.737,0.025,-1,400.000,-1,400.000,-1,325.000,325.000,300.000,300.000,-1,-1,-1,-1,850.000,750.000,-1,-1,2,0,2,0,2,0,0,0,0,2,2,2,2,0,0,2,2
39,-3272.072,920.900,-98.089,-179.408,-0.999546,0.010337,0.028296,-0.009793,-0.999766,0.019280,0.028488,0.018994,0.999414,0,0.66561,0.13253,39.937,0.265,-1,400.000,-1,400.000,-1,325.000,325.000,300.000,300.000,-1,-1,-1,-1,850.000,750.000,-1,-1,2,0,2,0,2,0,0,0,0,2,2,2,2,0,0,2,2
40,-3307.202,920.227,-97.136,-178.903,-0.999422,0.019150,0.028086,-0.018627,-0.999651,0.018758,0.028435,0.018224,0.999429,0,0.58561,0.25253,35.137,0.505,-1,400.000,-1,400.000,-1,325.000,325.000,300.000,300.000,-1,-1,-1,-1,850.000,750.000,-1,-1,2,0,2,0,2,0,0,0,0,2,2,2,2,0,0,2,2
41,-3337.523,919.252,-96.342,-178.157,-0.999096,0.032147,0.027822,-0.031648,-0.999333,0.018209,0.028389,0.017312,0.999447,0,0.50561,0.37253,30.337,0.745,-1,400.000,-1,400.000,-1,325.000,325.000,300.000,300.000,-1,-1,-1,-1,850.000,750.000,-1,-1,2,0,2,0,2,0,0,0,0,2,2,2,2,0,0,2,2
42,-3363.029,917.992,-95.669,-177.172,-0.998401,0.049324,0.027600,-0.048845,-0.998648,0.017763,0.028439,0.016387,0.999461,0,0.42561,0.49253,25.537,0.985,-1,400.000,-1,400.000,-1,325.000,325.000,300.000,300.000,-1,-1,-1,-1,875.000,750.000,-1,-1,2,0,2,0,2,0,0,0,0,2,2,2,2,0,0,2,2
43,-3383.714,916.527,-95.119,-175.947,-0.997123,0.070664,0.027422,-0.070204,-0.997381,0.017423,0.028581,0.015447,0.999472,0,0.34561,0.61253,20.737,1.225,-1,400.000,-1,400.000,-1,325.000,325.000,300.000,300.000,-1,-1,-1,-1,875.000,775.000,-1,-1,2,0,2,0,2,0,0,0,0,2,2,2,2,0,0,2,2
44,-3399.577,914.995,-94.694,-174.482,-0.994993,0.096143,0.027287,-0.095698,-0.995262,0.017190,0.028811,0.014493,0.999480,0,0.26561,0.73253,15.937,1.465,-1,400.000,-1,400.000,-1,325.000,325.000,300.000,300.000,-1,-1,-1,-1,875.000,775.000,-1,-1,2,0,2,0,2,0,0,0,0,2,2,2,2,0,0,2,2
45,-3410.626,913.595,-94.396,-172.777,-0.991693,0.125716,0.027199,-0.125284,-0.991974,0.017069,0.029126,0.013520,0.999484,0,0.18561,0.85253,11.137,1.705,-1,400.000,-1,400.000,-1,325.000,325.000,300.000,300.000,-1,-1,-1,-1,875.000,775.000,-1,-1,2,0,2,0,2,0,0,0,0,2,2,2,2,0,0,2,2
46,-3416.881,912.585,-94.227,-170.832,-0.986854,0.159315,0.027158,-0.158892,-0.987148,0.017065,0.029527,0.012526,0.999485,0,0.10561,0.97253,6.337,1.945,-1,400.000,-1,400.000,-1,325.000,325.000,300.000,300.000,-1,-1,-1,-1,875.000,775.000,-1,-1,2,0,2,0,2,0,0,0,0,2,2,2,2,0,0,2,2
47,-3418.389,912.288,-94.187,-168.832,-0.980690,0.193671,0.027164,-0.193256,-0.980998,0.017170,0.029973,0.011588,0.999484,0,0.02561,1.00000,1.537,2.000,-1,400.000,-1,400.000,-1,325.000,325.000,300.000,300.000,-1,-1,-1,-1,875.000,800.000,-1,-1,2,0,2,0,2,0,0,0,0,2,2,2,2,0,0,2,2
48,-3415.212,913.031,-94.281,-166.832,-0.973329,0.227791,0.027219,-0.227380,-0.973651,0.017380,0.030461,0.010727,0.999478,0,-0.05439,1.00000,-3.263,2.000,-1,400.000,-1,400.000,-1,325.000,325.000,300.000,300.000,-1,-1,-1,-1,875.000,800.000,-1,-1,2,0,2,0,2,0,0,0,0,2,2,2,2,0,0,2,2
49,-3407.430,915.141,-94.510,-164.832,-0.964780,0.261635,0.027327,-0.261224,-0.965116,0.017697,0.031004,0.009935,0.999470,0,-0.13439,1.00000,-8.063,2.000,-1,400.000,-1,400.000,-1,325.000,325.000,300.000,300.000,-1,-1,-1,-1,875.000,800.000,-1,-1,2,0,2,0,2,0,0,0,0,2,2,2,2,0,0,2,2
50,-3404.312,916.104,-94.602,-162.832,-0.955056,0.295160,0.027365,-0.294754,-0.955405,0.017928,0.031437,0.009056,0.999465,0,-0.05439,1.00000,-3.263,2.000,-1,400.000,-1,400.000,-1,325.000,325.000,300.000,300.000,-1,-1,-1,-1,875.000,825.000,-1,-1,2,0,2,0,2,0,0,0,0,2,2,2,2,0,0,2,2
51,-3405.764,915.600,-94.554,-160.832,-0.944169,0.328326,0.027331,-0.327928,-0.944530,0.018072,0.031749,0.008101,0.999463,0,0.02561,1.00000,1.537,2.000,-1,400.000,-1,400.000,-1,325.000,325.000,300.000,300.000,-1,-1,-1,-1,875.000,825.000,-1,-1,2,0,2,0,2,0,0,0,0,2,2,2,2,0,0,2,2
52,-3411.673,913.312,-94.365,-158.832,-0.932133,0.361092,0.027220,-0.360706,-0.932503,0.018130,0.031929,0.007081,0.999465,0,0.10561,1.00000,6.337,2.000,-1,400.000,-1,400.000,-1,325.000,325.000,300.000,300.000,-1,-1,-1,-1,875.000,825.000,-1,-1,2,0,2,0,2,0,0,0,0,2,2,2,2,0,0,2,2
53,-3421.912,908.930,-94.034,-156.832,-0.918962,0.393419,0.027027,-0.393048,-0.919340,0.018099,0.031967,0.006010,0.999471,0,0.18561,1.00000,11.137,2.000,-1,400.000,-1,400.000,-1,325.000,325.000,300.000,300.000,-1,-1,-1,-1,875.000,825.000,-1,-1,2,0,2,0,2,0,0,0,0,2,2,2,2,0,0,2,2
54,-3436.336,902.153,-93.564,-154.832,-0.904673,0.425266,0.026746,-0.424914,-0.905055,0.017980,0.031852,0.004901,0.999481,0,0.26561,1.00000,15.937,2.000,-1,400.000,-1,400.000,-1,325.000,325.000,300.000,300.000,-1,-1,-1,-1,875.000,850.000,-1,-1,2,0,2,0,2,0,0,0,0,2,2,2,2,0,0,2,2
55,-3454.785,892.685,-92.949,-152.832,-0.889282,0.456595,0.026412,-0.456266,-0.889667,0.017751,0.031603,0.003735,0.999494,0,0.34561,1.00000,20.737,2.000,-1,400.000,-1,400.000,-1,325.000,325.000,300.000,300.000,-1,-1,-1,-1,875.000,850.000,-1,-1,2,0,2,0,2,0,0,0,0,2,2,2,2,0,0,2,2
56,-3477.084,880.239,-92.201,-150.832,-0.872810,0.487368,0.025987,-0.487063,-0.873193,0.017430,0.031186,0.002556,0.999510,0,0.42561,1.00000,25.537,2.000,-1,400.000,-1,400.000,-1,325.000,325.000,300.000,300.000,-1,-1,-1,-1,875.000,875.000,-1,-1,2,0,2,0,2,0,0,0,0,2,2,2,2,0,0,2,2
57,-3503.042,864.538,-91.328,-148.832,-0.855276,0.517546,0.025458,-0.517268,-0.855654,0.017015,0.030589,0.001384,0.999531,0,0.50561,1.00000,30.337,2.000,-1,400.000,-1,400.000,-1,325.000,325.000,300.000,300.000,-1,-1,-1,-1,875.000,875.000,-1,-1,2,0,2,0,2,0,0,0,0,2,2,2,2,0,0,2,2
58,-3532.454,845.315,-90.340,-146.832,-0.836704,0.547093,0.024817,-0.546845,-0.837071,0.016502,0.029802,0.000237,0.999556,0,0.58561,1.00000,35.137,2.000,-1,400.000,-1,400.000,-1,325.000,325.000,300.000,300.000,-1,-1,-1,-1,875.000,875.000,-1,-1,2,0,2,0,2,0,0,0,0,2,2,2,2,0,0,2,2
59,-3565.101,822.312,-89.246,-144.832,-0.817115,0.575973,0.024053,-0.575755,-0.817468,0.015887,0.028813,-0.000868,0.999584,0,0.66561,1.00000,39.937,2.000,-1,400.000,-1,400.000,-1,325.000,325.000,300.000,300.000,-1,-1,-1,-1,875.000,900.000,-1,-1,2,0,2,0,2,0,0,0,0,2,2,2,2,0,0,2,2
60,-3600.750,795.285,-88.061,-142.832,-0.796533,0.604151,0.023157,-0.603964,-0.796868,0.015161,0.027613,-0.001910,0.999617,0,0.74561,1.00000,44.737,2.000,-1,425.000,-1,400.000,-1,325.000,325.000,300.000,300.000,-1,-1,-1,-1,875.000,900.000,-1,-1,2,0,2,0,2,0,0,0,0,2,2,2,2,0,0,2,2
61,-3639.156,763.998,-86.798,-140.832,-0.774986,0.631592,0.022119,-0.631436,-0.775296,0.014317,0.026191,-0.002871,0.999653,0,0.82561,1.00000,49.537,2.000,-1,425.000,-1,400.000,-1,325.000,325.000,300.000,300.000,-1,-1,-1,-1,875.000,925.000,-1,-1,2,0,2,0,2,0,0,0,0,2,2,2,2,0,0,2,2
62,-3676.543,731.304,-85.626,-138.832,-0.752495,0.658262,0.021036,-0.658141,-0.752779,0.013225,0.024541,-0.003893,0.999691,0,0.82776,1.00000,49.665,2.000,-1,425.000,-1,425.000,-1,325.000,325.000,300.000,300.000,-1,-1,-1,-1,875.000,925.000,-1,-1,2,0,2,0,2,0,0,0,0,2,2,2,2,0,0,2,2
63,-3712.767,697.326,-84.596,-136.832,-0.729088,0.684129,0.019938,-0.684044,-0.729344,0.011916,0.022693,-0.004950,0.999730,0,0.82776,1.00000,49.665,2.000,-1,400.000,-1,425.000,-1,325.000,325.000,300.000,300.000,-1,-1,-1,-1,850.000,925.000,-1,-1,2,0,2,0,2,0,0,0,0,2,2,2,2,0,0,2,2
64,-3747.782,662.105,-83.636,-134.832,-0.704793,0.709163,0.018814,-0.709106,-0.705020,0.010683,0.020840,-0.005811,0.999766,0,0.82776,1.00000,49.665,2.000,-1,400.000,-1,425.000,-1,325.000,325.000,300.000,300.000,-1,-1,-1,-1,850.000,925.000,-1,-1,2,0,2,0,2,0,0,0,0,2,2,2,2,0,0,2,2
65,-3781.548,625.683,-82.740,-132.832,-0.679640,0.733333,0.017664,-0.733300,-0.679839,0.009495,0.018972,-0.006500,0.999799,0,0.82776,1.00000,49.665,2.000,-1,400.000,-1,425.000,-1,325.000,325.000,300.000,300.000,-1,-1,-1,-1,850.000,925.000,-1,-1,2,0,2,0,2,0,0,0,0,2,2,2,2,0,0,2,2
66,-3814.021,588.105,-81.908,-130.832,-0.653659,0.756610,0.016487,-0.756596,-0.653829,0.008350,0.017098,-0.007016,0.999829,0,0.82776,1.00000,49.665,2.000,-1,400.000,-1,425.000,-1,325.000,325.000,300.000,300.000,-1,-1,-1,-1,850.000,925.000,-1,-1,2,0,2,0,2,0,0,0,0,2,2,2,2,0,0,2,2
67,-3845.163,549.416,-81.127,-128.832,-0.626881,0.778965,0.015296,-0.778967,-0.627024,0.007182,0.015186,-0.007413,0.999857,0,0.82776,1.00000,49.665,2.000,-1,400.000,-1,425.000,-1,325.000,325.000,300.000,300.000,-1,-1,-1,-1,825.000,925.000,-1,-1,2,0,2,0,2,0,0,0,0,2,2,2,2,0,0,2,2
68,-3874.936,509.664,-80.420,-126.832,-0.599340,0.800372,0.014023,-0.800385,-0.599456,0.006035,0.013237,-0.007607,0.999883,0,0.82776,1.00000,49.665,2.000,-1,400.000,-1,425.000,-1,325.000,325.000,300.000,300.000,-1,-1,-1,-1,825.000,900.000,-1,-1,2,0,2,0,2,0,0,0,0,2,2,2,2,0,0,2,2
69,-3903.304,468.897,-79.902,-124.832,-0.571076,0.820808,0.012126,-0.820824,-0.571160,0.004879,0.010931,-0.007167,0.999915,0,0.82776,1.00000,49.665,2.000,-1,400.000,-1,425.000,-1,325.000,325.000,300.000,300.000,-1,-1,-1,-1,825.000,900.000,-1,-1,2,0,2,0,2,0,0,0,0,2,2,2,2,0,0,2,2
70,-3930.231,427.165,-79.459,-122.832,-0.542113,0.840245,0.010155,-0.840262,-0.542168,0.003703,0.008617,-0.006525,0.999942,0,0.82776,1.00000,49.665,2.000,-1,400.000,-1,425.000,-1,325.000,325.000,300.000,300.000,-1,-1,-1,-1,800.000,875.000,-1,-1,2,0,2,0,2,0,0,0,0,2,2,2,2,0,0,2,2
71,-3955.686,384.519,-79.062,-120.832,-0.512483,0.858658,0.008243,-0.858674,-0.512516,0.002516,0.006385,-0.005789,0.999963,0,0.82776,1.00000,49.665,2.000,-1,400.000,-1,425.000,-1,325.000,325.000,300.000,300.000,-1,-1,-1,-1,800.000,875.000,-1,-1,2,0,2,0,2,0,0,0,0,2,2,2,2,0,0,2,2
72,-3979.637,341.010,-78.700,-118.832,-0.482222,0.876025,0.006435,-0.876038,-0.482239,0.001330,0.004268,-0.004996,0.999978,0,0.82776,1.00000,49.665,2.000,-1,400.000,-1,400.000,-1,325.000,325.000,300.000,300.000,-1,-1,-1,-1,800.000,850.000,-1,-1,2,0,2,0,2,0,0,0,0,2,2,2,2,0,0,2,2
73,-4002.055,296.692,-78.401,-116.832,-0.451368,0.892325,0.004868,-0.892335,-0.451374,0.000182,0.002360,-0.004261,0.999988,0,0.82776,1.00000,49.665,2.000,-1,400.000,-1,400.000,-1,325.000,325.000,300.000,300.000,-1,-1,-1,-1,800.000,825.000,-1,-1,2,0,2,0,2,0,0,0,0,2,2,2,2,0,0,2,2
74,-4022.913,251.618,-78.194,-114.832,-0.419959,0.907536,0.003691,-0.907543,-0.419959,-0.000867,0.000763,-0.003714,0.999993,0,0.82776,1.00000,49.665,2.000,-1,400.000,-1,400.000,-1,325.000,325.000,300.000,300.000,-1,-1,-1,-1,775.000,825.000,-1,-1,2,0,2,0,2,0,0,0,0,2,2,2,2,0,0,2,2
75,-4042.185,205.844,-78.023,-112.832,-0.388035,0.921641,0.002614,-0.921644,-0.388031,-0.001861,-0.000701,-0.003131,0.999995,0,0.82776,1.00000,49.665,2.000,-1,400.000,-1,400.000,-1,325.000,325.000,300.000,300.000,-1,-1,-1,-1,775.000,825.000,-1,-1,2,0,2,0,2,0,0,0,0,2,2,2,2,0,0,2,2
76,-4059.847,159.426,-77.885,-110.832,-0.355636,0.934623,0.001629,-0.934622,-0.355630,-0.002793,-0.002031,-0.002516,0.999995,0,0.82776,1.00000,49.665,2.000,-1,400.000,-1,400.000,-1,325.000,325.000,300.000,325.000,-1,-1,-1,-1,775.000,800.000,-1,-1,2,0,2,0,2,0,0,0,0,2,2,2,2,0,0,2,2
77,-4075.879,112.419,-77.779,-108.832,-0.322801,0.946467,0.000728,-0.946461,-0.322796,-0.003660,-0.003229,-0.001870,0.999993,0,0.82776,1.00000,49.665,2.000,-1,400.000,-1,400.000,-1,325.000,325.000,300.000,325.000,-1,-1,-1,-1,775.000,800.000,-1,-1,2,0,2,0,2,0,0,0,0,2,2,2,2,0,0,2,2
78,-4090.261,64.881,-77.807,-106.832,-0.289573,0.957156,0.000410,-0.957148,-0.289569,-0.004256,-0.003955,-0.001625,0.999991,0,0.82776,1.00000,49.665,2.000,-1,400.000,-1,400.000,-1,325.000,325.000,300.000,325.000,-1,-1,-1,-1,775.000,775.000,-1,-1,2,0,2,0,2,0,0,0,0,2,2,2,2,0,0,2,2
79,-4102.974,16.871,-77.940,-104.832,-0.255993,0.966678,0.000388,-0.966666,-0.255988,-0.005103,-0.004833,-0.001682,0.999987,0,0.82776,1.00000,49.665,2.000,-1,400.000,-1,400.000,-1,325.000,325.000,300.000,325.000,-1,-1,-1,-1,775.000,775.000,-1,-1,2,0,2,0,2,0,0,0,0,2,2,2,2,0,0,2,2
80,-4114.005,-31.555,-78.208,-102.832,-0.222100,0.975024,0.000132,-0.975010,-0.222096,-0.005475,-0.005309,-0.001345,0.999985,0,0.82776,1.00000,49.665,2.000,-1,400.000,-1,400.000,-1,325.000,325.000,300.000,325.000,-1,-1,-1,-1,775.000,775.000,-1,-1,2,0,2,0,2,0,0,0,0,2,2,2,2,0,0,2,2
81,-4122.621,-75.585,-78.511,-101.072,-0.192047,0.981386,-0.000216,-0.981370,-0.192045,-0.005567,-0.005504,-0.000857,0.999984,0,0.74776,0.88000,44.865,1.760,-1,400.000,-1,400.000,-1,325.000,325.000,300.000,325.000,-1,-1,-1,-1,775.000,775.000,-1,-1,2,0,2,0,2,0,0,0,0,2,2,2,2,0,0,2,2
82,-4129.919,-118.951,-78.803,-99.552,-0.165945,0.986135,-0.000495,-0.986119,-0.165945,-0.005669,-0.005672,-0.000452,0.999984,0,0.73292,0.76000,43.975,1.520,-1,400.000,-1,400.000,-1,325.000,325.000,300.000,325.000,-1,-1,-1,-1,775.000,775.000,-1,-1,2,0,2,0,2,0,0,0,0,2,2,2,2,0,0,2,2
83,-4136.246,-162.468,-79.091,-98.272,-0.143874,0.989596,-0.000726,-0.989579,-0.143875,-0.005811,-0.005855,-0.000118,0.999983,0,0.73292,0.64000,43.975,1.280,-1,400.000,-1,400.000,-1,325.000,325.000,300.000,325.000,-1,-1,-1,-1,775.000,775.000,-1,-1,2,0,2,0,2,0,0,0,0,2,2,2,2,0,0,2,2
84,-4141.782,-206.094,-79.375,-97.232,-0.125887,0.992044,-0.000916,-0.992026,-0.125890,-0.005989,-0.006057,0.000154,0.999982,0,0.73292,0.52000,43.975,1.040,-1,400.000,-1,400.000,-1,325.000,325.000,300.000,325.000,-1,-1,-1,-1,775.000,750.000,-1,-1,2,0,2,0,2,0,0,0,0,2,2,2,2,0,0,2,2
85,-4146.708,-249.793,-79.656,-96.432,-0.112022,0.993705,-0.001071,-0.993686,-0.112027,-0.006199,-0.006280,0.000370,0.999980,0,0.73292,0.40000,43.975,0.800,-1,400.000,-1,400.000,-1,325.000,325.000,300.000,325.000,-1,-1,-1,-1,775.000,750.000,-1,-1,2,0,2,0,2,0,0,0,0,2,2,2,2,0,0,2,2
86,-4151.207,-293.537,-79.935,-95.872,-0.102304,0.994753,-0.001201,-0.994732,-0.102309,-0.006435,-0.006524,0.000536,0.999979,0,0.73292,0.28000,43.975,0.560,-1,400.000,-1,400.000,-1,325.000,325.000,300.000,325.000,-1,-1,-1,-1,775.000,750.000,-1,-1,2,0,2,0,2,0,0,0,0,2,2,2,2,0,0,2,2
87,-4155.462,-337.306,-80.210,-95.552,-0.096745,0.995308,-0.001312,-0.995286,-0.096752,-0.006694,-0.006790,0.000658,0.999977,0,0.73292,0.16000,43.975,0.320,-1,400.000,-1,400.000,-1,325.000,325.000,300.000,325.000,-1,-1,-1,-1,775.000,750.000,-1,-1,2,0,2,0,2,0,0,0,0,2,2,2,2,0,0,2,2
88,-4159.578,-381.089,-80.484,-95.371,-0.093600,0.995609,-0.001411,-0.995585,-0.093607,-0.006962,-0.007063,0.000753,0.999975,0,0.73292,0.09050,43.975,0.181,-1,400.000,-1,400.000,-1,325.000,325.000,300.000,325.000,-1,-1,-1,-1,775.000,750.000,-1,-1,2,0,2,0,2,0,0,0,0,2,2,2,2,0,0,2,2
89,-4163.557,-424.884,-80.756,-95.190,-0.090453,0.995900,-0.001496,-0.995874,-0.090462,-0.007221,-0.007327,0.000837,0.999973,0,0.73292,0.09050,43.975,0.181,-1,400.000,-1,400.000,-1,325.000,325.000,300.000,325.000,-1,-1,-1,-1,775.000,750.000,-1,-1,2,0,2,0,2,0,0,0,0,2,2,2,2,0,0,2,2
90,-4167.396,-468.691,-81.027,-95.009,-0.087306,0.996180,-0.001569,-0.996153,-0.087315,-0.007474,-0.007582,0.000911,0.999971,0,0.73292,0.09050,43.975,0.181,-1,400.000,-1,400.000,-1,325.000,325.000,300.000,325.000,-1,-1,-1,-1,775.000,750.000,-1,-1,2,0,2,0,2,0,0,0,0,2,2,2,2,0,0,2,2
91,-4171.098,-512.511,-81.297,-94.828,-0.084158,0.996451,-0.001631,-0.996422,-0.084168,-0.007719,-0.007829,0.000975,0.999969,0,0.73292,0.09050,43.975,0.181,-1,400.000,-1,400.000,-1,325.000,325.000,300.000,325.000,-1,-1,-1,-1,775.000,750.000,-1,-1,2,0,2,0,2,0,0,0,0,2,2,2,2,0,0,2,2
92,-4174.660,-556.342,-81.566,-94.647,-0.081009,0.996712,-0.001680,-0.996681,-0.081020,-0.007957,-0.008067,0.001030,0.999967,0,0.73292,0.09050,43.975,0.181,-1,400.000,-1,375.000,-1,325.000,325.000,300.000,325.000,-1,-1,-1,-1,775.000,725.000,-1,-1,2,0,2,0,2,0,0,0,0,2,2,2,2,0,0,2,2
93,-4178.085,-600.184,-81.834,-94.466,-0.077859,0.996963,-0.001719,-0.996930,-0.077871,-0.008190,-0.008299,0.001076,0.999965,0,0.73292,0.09050,43.975,0.181,-1,400.000,-1,375.000,-1,325.000,325.000,300.000,325.000,-1,-1,-1,-1,775.000,725.000,-1,-1,2,0,2,0,2,0,0,0,0,2,2,2,2,0,0,2,2
94,-4181.371,-644.036,-82.137,-94.285,-0.074710,0.997204,-0.001591,-0.997170,-0.074721,-0.008288,-0.008383,0.000967,0.999964,0,0.73292,0.09050,43.975,0.181,-1,400.000,-1,375.000,-1,325.000,325.000,300.000,325.000,-1,-1,-1,-1,750.000,725.000,-1,-1,2,0,2,0,2,0,0,0,0,2,2,2,2,0,0,2,2
95,-4184.518,-687.899,-82.463,-94.104,-0.071562,0.997435,-0.001300,-0.997403,-0.071570,-0.008088,-0.008160,0.000717,0.999966,0,0.73292,0.09050,43.975,0.181,-1,400.000,-1,375.000,-1,325.000,325.000,300.000,325.000,-1,-1,-1,-1,750.000,725.000,-1,-1,2,0,2,0,2,0,0,0,0,2,2,2,2,0,0,2,2
96,-4187.527,-731.771,-82.771,-93.923,-0.068414,0.997657,-0.000943,-0.997626,-0.068419,-0.007855,-0.007901,0.000403,0.999969,0,0.73292,0.09050,43.975,0.181,-1,400.000,-1,375.000,-1,325.000,325.000,300.000,325.000,-1,-1,-1,-1,750.000,725.000,-1,-1,2,0,2,0,2,0,0,0,0,2,2,2,2,0,0,2,2
97,-4190.397,-775.653,-83.075,-93.742,-0.065265,0.997868,-0.000578,-0.997839,-0.065267,-0.007627,-0.007648,0.000079,0.999971,0,0.73292,0.09050,43.975,0.181,-1,400.000,-1,375.000,-1,325.000,325.000,300.000,300.000,-1,-1,-1,-1,750.000,725.000,-1,-1,2,0,2,0,2,0,0,0,0,2,2,2,2,0,0,2,2
98,-4193.128,-819.543,-83.375,-93.561,-0.062115,0.998069,-0.000205,-0.998042,-0.062115,-0.007403,-0.007402,-0.000256,0.999973,0,0.73292,0.09050,43.975,0.181,-1,400.000,-1,375.000,-1,325.000,325.000,300.000,300.000,-1,-1,-1,-1,750.000,725.000,-1,-1,2,0,2,0,2,0,0,0,0,2,2,2,2,0,0,2,2
99,-4195.721,-863.442,-83.672,-93.380,-0.058964,0.998260,0.000176,-0.998234,-0.058961,-0.007184,-0.007161,-0.000600,0.999974,0,0.73292,0.09050,43.975,0.181,-1,400.000,-1,375.000,-1,325.000,325.000,300.000,300.000,-1,-1,-1,-1,750.000,725.000,-1,-1,2,0,2,0,2,0,0,0,0,2,2,2,2,0,0,2,2
100,-4198.175,-907.349,-83.966,-93.199,-0.055813,0.998441,0.000565,-0.998417,-0.055808,-0.006970,-0.006927,-0.000953,0.999976,0,0.73292,0.09050,43.975,0.181,-1,400.000,-1,375.000,-1,325.000,325.000,300.000,300.000,-1,-1,-1,-1,750.000,725.000,-1,-1,2,0,2,0,2,0,0,0,0,2,2,2,2,0,0,2,2
101,-4200.491,-951.263,-84.257,-93.018,-0.052661,0.998612,0.000960,-0.998590,-0.052653,-0.006759,-0.006699,-0.001315,0.999977,0,0.73292,0.09050,43.975,0.181,-1,400.000,-1,375.000,-1,325.000,325.000,300.000,300.000,-1,-1,-1,-1,750.000,725.000,-1,-1,2,0,2,0,2,0,0,0,0,2,2,2,2,0,0,2,2
102,-4202.668,-995.185,-84.545,-92.837,-0.049508,0.998773,0.001362,-0.998753,-0.049498,-0.006552,-0.006477,-0.001685,0.999978,0,0.73292,0.09050,43.975,0.181,-1,400.000,-1,375.000,-1,325.000,325.000,300.000,300.000,-1,-1,-1,-1,750.000,725.000,-1,-1,2,0,2,0,2,0,0,0,0,2,2,2,2,0,0,2,2
103,-4204.705,-1039.113,-84.830,-92.656,-0.046355,0.998923,0.001770,-0.998905,-0.046343,-0.006349,-0.006260,-0.002062,0.999978,0,0.73292,0.09050,43.975,0.181,-1,400.000,-1,375.000,-1,325.000,325.000,300.000,300.000,-1,-1,-1,-1,725.000,725.000,-1,-1,2,0,2,0,2,0,0,0,0,2,2,2,2,0,0,2,2
104,-4206.605,-1083.047,-85.113,-92.475,-0.043201,0.999064,0.002183,-0.999048,-0.043187,-0.006150,-0.006050,-0.002447,0.999979,0,0.73292,0.09050,43.975,0.181,-1,400.000,-1,375.000,-1,325.000,325.000,300.000,300.000,-1,-1,-1,-1,725.000,725.000,-1,-1,2,0,2,0,2,0,0,0,0,2,2,2,2,0,0,2,2
105,-4208.365,-1126.988,-85.394,-92.294,-0.040047,0.999194,0.002602,-0.999181,-0.040031,-0.005954,-0.005845,-0.002838,0.999979,0,0.73292,0.09050,43.975,0.181,-1,400.000,-1,375.000,-1,325.000,325.000,300.000,300.000,-1,-1,-1,-1,725.000,750.000,-1,-1,2,0,2,0,2,0,0,0,0,2,2,2,2,0,0,2,2
106,-4209.987,-1170.933,-85.674,-92.113,-0.036892,0.999315,0.003026,-0.999303,-0.036874,-0.005761,-0.005645,-0.003236,0.999979,0,0.73292,0.09050,43.975,0.181,-1,400.000,-1,375.000,-1,325.000,325.000,300.000,300.000,-1,-1,-1,-1,725.000,750.000,-1,-1,2,0,2,0,2,0,0,0,0,2,2,2,2,0,0,2,2
107,-4211.469,-1214.884,-85.951,-91.932,-0.033737,0.999425,0.003454,-0.999416,-0.033717,-0.005571,-0.005451,-0.003640,0.999979,0,0.73292,0.09050,43.975,0.181,-1,375.000,-1,375.000,-1,325.000,325.000,300.000,300.000,-1,-1,-1,-1,725.000,750.000,-1,-1,2,0,2,0,2,0,0,0,0,2,2,2,2,0,0,2,2
108,-4212.813,-1258.842,-86.228,-91.751,-0.030575,0.999525,0.003886,-0.999519,-0.030554,-0.005384,-0.005263,-0.004049,0.999978,0,0.73298,0.09065,43.979,0.181,-1,375.000,-1,375.000,-1,325.000,325.000,300.000,300.000,-1,-1,-1,-1,725.000,750.000,-1,-1,2,0,2,0,2,0,0,0,0,2,2,2,2,0,0,2,2
109,-4214.010,-1302.968,-86.499,-91.554,-0.027145,0.999622,0.004301,-0.999619,-0.027122,-0.005215,-0.005097,-0.004441,0.999977,0,0.73571,0.09836,44.143,0.197,-1,375.000,-1,375.000,-1,325.000,325.000,300.000,300.000,-1,-1,-1,-1,725.000,750.000,-1,-1,2,0,2,0,2,0,0,0,0,2,2,2,2,0,0,2,2
110,-4215.048,-1347.249,-86.577,-91.342,-0.023440,0.999716,0.004209,-0.999715,-0.023420,-0.004701,-0.004601,-0.004318,0.999980,0,0.73821,0.10609,44.293,0.212,-1,375.000,-1,375.000,-1,325.000,325.000,300.000,300.000,-1,-1,-1,-1,725.000,750.000,-1,-1,2,0,2,0,2,0,0,0,0,2,2,2,2,0,0,2,2
111,-4215.810,-1396.335,-86.633,-90.890,-0.015547,0.999871,0.004111,-0.999871,-0.015530,-0.004054,-0.003990,-0.004174,0.999983,0,0.81821,0.22609,49.093,0.452,-1,375.000,-1,375.000,-1,325.000,325.000,300.000,300.000,-1,-1,-1,-1,725.000,750.000,-1,-1,2,0,2,0,2,0,0,0,0,2,2,2,2,0,0,2,2
112,-4215.996,-1450.227,-86.695,-90.198,-0.003464,0.999986,0.004002,-0.999988,-0.003450,-0.003358,-0.003344,-0.004014,0.999986,0,0.89821,0.34609,53.893,0.692,-1,375.000,-1,400.000,-1,325.000,325.000,300.000,300.000,-1,-1,-1,-1,725.000,750.000,-1,-1,2,0,2,0,2,0,0,0,0,2,2,2,2,0,0,2,2
113,-4215.419,-1507.844,-86.759,-89.427,0.009998,0.999943,0.003877,-0.999946,0.010008,-0.002622,-0.002661,-0.003850,0.999989,0,0.96032,0.38557,57.619,0.771,-1,375.000,-1,400.000,-1,325.000,325.000,300.000,300.000,-1,-1,-1,-1,725.000,750.000,-1,-1,2,0,2,0,2,0,0,0,0,2,2,2,2,0,0,2,2
114,-4214.044,-1565.590,-86.821,-88.636,0.023800,0.999710,0.003740,-0.999715,0.023808,-0.001886,-0.001975,-0.003694,0.999991,0,0.96271,0.39538,57.762,0.791,-1,375.000,-1,400.000,-1,325.000,325.000,325.000,300.000,-1,-1,-1,-1,725.000,750.000,-1,-1,2,0,2,0,2,0,0,0,0,2,2,2,2,0,0,2,2
115,-4211.848,-1623.440,-86.879,-87.825,0.037939,0.999274,0.003587,-0.999279,0.037943,-0.001147,-0.001283,-0.003541,0.999993,0,0.96487,0.40515,57.892,0.810,-1,375.000,-1,400.000,-1,325.000,325.000,325.000,300.000,-1,-1,-1,-1,700.000,750.000,-1,-1,2,0,2,0,2,0,0,0,0,2,2,2,2,0,0,2,2
116,-4208.807,-1681.369,-86.935,-86.996,0.052408,0.998620,0.003415,-0.998626,0.052410,-0.000401,-0.000580,-0.003389,0.999994,0,0.96680,0.41487,58.008,0.830,-1,375.000,-1,400.000,-1,325.000,325.000,325.000,300.000,-1,-1,-1,-1,700.000,750.000,-1,-1,2,0,2,0,2,0,0,0,0,2,2,2,2,0,0,2,2
117,-4204.902,-1739.348,-86.988,-86.147,0.067203,0.997734,0.003220,-0.997739,0.067202,0.000357,0.000140,-0.003237,0.999995,0,0.96851,0.42454,58.111,0.849,-1,375.000,-1,400.000,-1,325.000,325.000,300.000,300.000,-1,-1,-1,-1,700.000,750.000,-1,-1,2,0,2,0,2,0,0,0,0,2,2,2,2,0,0,2,2
118,-4200.111,-1797.351,-87.037,-85.278,0.082317,0.996602,0.002997,-0.996606,0.082314,0.001130,0.000880,-0.003080,0.999995,0,0.97000,0.43413,58.200,0.868,-1,375.000,-1,400.000,-1,325.000,325.000,300.000,300.000,-1,-1,-1,-1,700.000,750.000,-1,-1,2,0,2,0,2,0,0,0,0,2,2,2,2,0,0,2,2
119,-4194.417,-1855.348,-87.083,-84.393,0.097712,0.995211,0.002742,-0.995213,0.097707,0.001923,0.001646,-0.002916,0.999994,0,0.97127,0.44278,58.276,0.886,-1,375.000,-1,400.000,-1,325.000,325.000,300.000,300.000,-1,-1,-1,-1,700.000,750.000,-1,-1,2,0,2,0,2,0,0,0,0,2,2,2,2,0,0,2,2
120,-4187.804,-1913.311,-87.126,-83.491,0.113369,0.993550,0.002449,-0.993550,0.113362,0.002740,0.002444,-0.002743,0.999993,0,0.97232,0.45102,58.339,0.902,-1,375.000,-1,400.000,-1,325.000,325.000,300.000,300.000,-1,975.000,-1,-1,700.000,750.000,-1,-1,2,0,2,0,2,0,0,0,0,2,0,2,2,0,0,2,2
121,-4180.256,-1971.210,-87.080,-82.573,0.129274,0.991606,0.002418,-0.991603,0.129265,0.003675,0.003332,-0.002873,0.999990,0,0.97315,0.45898,58.389,0.918,-1,375.000,-1,400.000,-1,325.000,325.000,300.000,300.000,-1,925.000,-1,-1,700.000,750.000,-1,-1,2,0,2,0,2,0,0,0,0,2,0,2,2,0,0,2,2
122,-4171.761,-2029.016,-86.817,-81.640,0.145410,0.989369,0.002047,-0.989363,0.145400,0.004466,0.004121,-0.002675,0.999988,0,0.97377,0.46665,58.426,0.933,-1,375.000,-1,400.000,-1,325.000,325.000,300.000,300.000,-1,925.000,-1,-1,700.000,750.000,-1,-1,2,0,2,0,2,0,0,0,0,2,0,2,2,0,0,2,2
123,-4162.307,-2086.696,-86.400,-80.692,0.161757,0.986830,0.001073,-0.986818,0.161750,0.005199,0.004957,-0.001900,0.999986,0,0.97417,0.47401,58.450,0.948,-1,375.000,-1,400.000,-1,325.000,325.000,300.000,300.000,-1,925.000,-1,-1,700.000,750.000,-1,-1,2,0,2,0,2,0,0,0,0,2,0,2,2,0,0,2,2
124,-4151.883,-2144.221,-85.969,-79.729,0.178301,0.983976,0.000067,-0.983959,0.178298,0.005940,0.005833,-0.001125,0.999982,0,0.97437,0.48108,58.462,0.962,-1,375.000,-1,400.000,-1,325.000,325.000,300.000,300.000,-1,925.000,-1,-1,700.000,750.000,-1,-1,2,0,2,0,2,0,0,0,0,2,0,2,2,0,0,2,2
125,-4140.482,-2201.560,-85.522,-78.754,0.195025,0.980798,-0.000973,-0.980775,0.195027,0.006689,0.006750,-0.000350,0.999977,0,0.97436,0.48783,58.462,0.976,-1,375.000,-1,400.000,-1,325.000,325.000,300.000,300.000,-1,900.000,1000.000,-1,700.000,725.000,-1,-1,2,0,2,0,2,0,0,0,0,2,0,0,2,0,0,2,2
126,-4128.095,-2258.682,-85.058,-77.765,0.211910,0.977287,-0.002048,-0.977259,0.211919,0.007444,0.007709,0.000424,0.999970,0,0.97416,0.49427,58.449,0.989,-1,375.000,-1,400.000,-1,325.000,325.000,300.000,300.000,-1,900.000,950.000,-1,700.000,725.000,-1,-1,2,0,2,0,2,0,0,0,0,2,0,0,2,0,0,2,2
127,-4114.718,-2315.556,-84.575,-76.764,0.228937,0.973436,-0.003161,-0.973402,0.228956,0.008205,0.008711,0.001199,0.999961,0,0.97376,0.50038,58.426,1.001,-1,375.000,-1,400.000,-1,325.000,325.000,300.000,300.000,-1,875.000,875.000,-1,700.000,725.000,-1,-1,2,0,2,0,2,0,0,0,0,2,0,0,2,0,0,2,2
128,-4100.347,-2372.151,-84.061,-75.752,0.246088,0.969238,-0.004290,-0.969198,0.246118,0.009000,0.009779,0.001944,0.999950,0,0.97319,0.50617,58.391,1.012,-1,375.000,-1,400.000,-1,325.000,325.000,300.000,300.000,-1,850.000,850.000,-1,700.000,725.000,-1,-1,2,0,2,0,2,0,0,0,0,2,0,0,2,0,0,2,2
129,-4084.979,-2428.437,-83.500,-74.729,0.263345,0.964687,-0.005391,-0.964639,0.263388,0.009893,0.010964,0.002595,0.999937,0,0.97243,0.51163,58.346,1.023,-1,375.000,-1,375.000,-1,325.000,325.000,300.000,300.000,-1,825.000,800.000,-1,700.000,725.000,-1,-1,2,0,2,0,2,0,0,0,0,2,0,0,2,0,0,2,2
130,-4068.614,-2484.384,-82.909,-73.695,0.280687,0.959777,-0.006527,-0.959722,0.280744,0.010809,0.012206,0.003230,0.999920,0,0.97151,0.51675,58.291,1.034,-1,375.000,-1,375.000,-1,325.000,325.000,300.000,300.000,-1,800.000,750.000,-1,700.000,725.000,-1,-1,2,0,2,0,2,0,0,0,0,2,0,0,2,0,0,2,2
131,-4051.253,-2539.961,-82.266,-72.652,0.298096,0.954506,-0.007607,-0.954441,0.298169,0.011709,0.013445,0.003770,0.999903,0,0.97044,0.52153,58.226,1.043,-1,375.000,-1,375.000,-1,325.000,325.000,300.000,300.000,-1,775.000,725.000,-1,700.000,725.000,-1,-1,2,0,2,0,2,0,0,0,0,2,0,0,2,0,0,2,2
132,-4032.897,-2595.141,-81.420,-71.600,0.315559,0.948871,-0.008121,-0.948792,0.315642,0.012816,0.014724,0.003661,0.999885,0,0.96921,0.52597,58.153,1.052,-1,375.000,-1,375.000,-1,325.000,325.000,300.000,300.000,-1,775.000,725.000,-1,725.000,725.000,-1,-1,2,0,2,0,2,0,0,0,0,2,0,0,2,0,0,2,2
133,-4013.551,-2649.895,-80.468,-70.540,0.333052,0.942870,-0.008499,-0.942768,0.333145,0.014237,0.016255,0.003271,0.999863,0,0.96784,0.53007,58.071,1.060,-1,375.000,-1,375.000,-1,325.000,325.000,300.000,300.000,-1,750.000,675.000,-1,725.000,725.000,-1,-1,2,0,2,0,2,0,0,0,0,2,0,0,2,0,0,2,2
134,-3993.220,-2704.194,-79.465,-69.473,0.350552,0.936500,-0.009036,-0.936376,0.350655,0.015515,0.017698,0.003023,0.999839,0,0.96635,0.53381,57.981,1.068,-1,375.000,-1,375.000,-1,325.000,325.000,300.000,300.000,-1,725.000,675.000,-1,725.000,725.000,-1,-1,2,0,2,0,2,0,0,0,0,2,0,0,2,0,0,2,2
135,-3971.909,-2758.014,-78.353,-68.398,0.368034,0.929760,-0.009900,-0.929619,0.368154,0.016451,0.018940,0.003149,0.999816,0,0.96475,0.53721,57.885,1.074,-1,375.000,-1,400.000,-1,325.000,325.000,300.000,300.000,-1,700.000,650.000,-1,725.000,725.000,-1,-1,2,0,2,0,2,0,0,0,0,2,0,0,2,0,0,2,2
136,-3949.627,-2811.327,-77.189,-67.318,0.385480,0.922651,-0.010970,-0.922494,0.385621,0.017381,0.020267,0.003419,0.999789,0,0.96304,0.54026,57.782,1.081,-1,375.000,-1,400.000,-1,325.000,325.000,300.000,300.000,-1,700.000,650.000,-1,725.000,750.000,-1,-1,2,0,2,0,2,0,0,0,0,2,0,0,2,0,0,2,2
137,-3926.382,-2864.110,-76.013,-66.232,0.402874,0.915176,-0.012037,-0.915002,0.403037,0.018237,0.021542,0.003667,0.999761,0,0.96124,0.54296,57.674,1.086,-1,375.000,-1,400.000,-1,325.000,325.000,300.000,300.000,-1,700.000,650.000,-1,750.000,750.000,-1,-1,2,0,2,0,2,0,0,0,0,2,0,0,2,0,0,2,2
138,-3902.183,-2916.338,-74.817,-65.141,0.420197,0.907339,-0.013068,-0.907148,0.420383,0.019008,0.022740,0.003867,0.999734,0,0.95936,0.54530,57.562,1.091,-1,400.000,-1,400.000,-1,325.000,325.000,300.000,300.000,-1,675.000,650.000,-1,750.000,750.000,-1,-1,2,0,2,0,2,0,0,0,0,2,0,0,2,0,0,2,2
139,-3877.043,-2967.990,-73.582,-64.046,0.437434,0.899142,-0.013966,-0.898936,0.437639,0.019674,0.023802,0.003949,0.999709,0,0.95742,0.54730,57.445,1.095,-1,400.000,-1,400.000,-1,325.000,325.000,300.000,300.000,-1,700.000,650.000,-1,750.000,750.000,-1,-1,2,0,2,0,2,0,0,0,0,2,0,0,2,0,0,2,2
