timestep,x_cm,y_cm,z_cm,yaw_deg,basis_xx,basis_xy,basis_xz,basis_yx,basis_yy,basis_yz,basis_zx,basis_zy,basis_zz,teleport_flag,throttle_cmd,steering_cmd,cmd_move_cm,cmd_turn_deg,lidar_cm_0,lidar_cm_1,lidar_cm_2,lidar_cm_3,lidar_cm_4,lidar_cm_5,lidar_cm_6,lidar_cm_7,lidar_cm_8,lidar_cm_9,lidar_cm_10,lidar_cm_11,lidar_cm_12,lidar_cm_13,lidar_cm_14,lidar_cm_15,lidar_cm_16,lidar_class_0,lidar_class_1,lidar_class_2,lidar_class_3,lidar_class_4,lidar_class_5,lidar_class_6,lidar_class_7,lidar_class_8,lidar_class_9,lidar_class_10,lidar_class_11,lidar_class_12,lidar_class_13,lidar_class_14,lidar_class_15,lidar_class_16
0,8198.528,-6882.525,-38.671,97.268,-0.129696,-0.989930,-0.056726,0.990147,-0.126253,-0.060577,0.052805,-0.064023,0.996550,1,0.08000,-0.12000,4.800,-0.240,-1,375.000,-1,375.000,-1,325.000,325.000,300.000,300.000,-1,425.000,450.000,-1,675.000,650.000,-1,-1,2,0,2,0,2,0,0,0,0,2,0,0,2,0,0,2,2
1,8197.394,-6872.992,-38.146,96.788,-0.121444,-0.990976,-0.056720,0.991129,-0.117959,-0.061229,0.053985,-0.063653,0.996511,0,0.16000,-0.24000,9.600,-0.480,-1,375.000,-1,375.000,-1,325.000,325.000,300.000,300.000,-1,425.000,450.000,-1,675.000,650.000,-1,-1,2,0,2,0,2,0,0,0,0,2,0,0,2,0,0,2,2
2,8195.821,-6858.678,-37.357,96.273,-0.112590,-0.992021,-0.056727,0.992089,-0.109041,-0.062203,0.055521,-0.063282,0.996450,0,0.24000,-0.25775,14.400,-0.516,-1,375.000,-1,375.000,-1,325.000,325.000,300.000,300.000,-1,425.000,450.000,-1,675.000,650.000,-1,-1,2,0,2,0,2,0,0,0,0,2,0,0,2,0,0,2,2
3,8193.896,-6839.574,-36.299,95.754,-0.103688,-0.992989,-0.056760,0.992953,-0.100054,-0.063502,0.057378,-0.062944,0.996366,0,0.32000,-0.25944,19.200,-0.519,-1,375.000,-1,375.000,-1,325.000,325.000,300.000,300.000,-1,425.000,450.000,-1,675.000,650.000,-1,-1,2,0,2,0,2,0,0,0,0,2,0,0,2,0,0,2,2
4,8191.709,-6815.674,-34.969,95.230,-0.094717,-0.993881,-0.056830,0.993721,-0.090978,-0.065129,0.059560,-0.062641,0.996257,0,0.40000,-0.26179,24.000,-0.524,-1,375.000,-1,375.000,-1,325.000,325.000,300.000,300.000,-1,450.000,450.000,-1,700.000,650.000,-1,-1,2,0,2,0,2,0,0,0,0,2,0,0,2,0,0,2,2
5,8189.350,-6786.970,-33.362,94.701,-0.085656,-0.994696,-0.056950,0.994389,-0.081789,-0.067085,0.062071,-0.062377,0.996121,0,0.48000,-0.26479,28.800,-0.530,-1,375.000,-1,375.000,-1,325.000,325.000,300.000,300.000,-1,450.000,450.000,-1,700.000,650.000,-1,-1,2,0,2,0,2,0,0,0,0,2,0,0,2,0,0,2,2
6,8186.911,-6753.458,-31.471,94.164,-0.076484,-0.995432,-0.057136,0.994955,-0.072466,-0.069374,0.064917,-0.062153,0.995953,0,0.56000,-0.26844,33.600,-0.537,-1,375.000,-1,375.000,-1,325.000,325.000,300.000,300.000,-1,400.000,425.000,-1,700.000,650.000,-1,-1,2,0,2,0,2,0,0,0,0,2,0,0,2,0,0,2,2
7,8184.488,-6715.134,-29.291,93.618,-0.067180,-0.996088,-0.057400,0.995414,-0.062986,-0.071997,0.068100,-0.061974,0.995752,0,0.64000,-0.27276,38.400,-0.546,-1,375.000,-1,375.000,-1,325.000,325.000,300.000,300.000,-1,375.000,400.000,-1,700.000,650.000,-1,-1,2,0,2,0,2,0,0,0,0,2,0,0,2,0,0,2,2
8,8182.180,-6671.995,-26.817,93.063,-0.057722,-0.996660,-0.057759,0.995760,-0.053326,-0.074955,0.071624,-0.061841,0.995513,0,0.72000,-0.27776,43.200,-0.556,-1,375.000,-1,375.000,-1,325.000,325.000,300.000,300.000,-1,350.000,375.000,-1,700.000,675.000,-1,1000.000,2,0,2,0,2,0,0,0,0,2,0,0,2,0,0,2,1
9,8180.079,-6624.040,-24.044,92.509,-0.048325,-0.997133,-0.058223,0.995976,-0.043700,-0.078247,0.075479,-0.061770,0.995232,0,0.80000,-0.27663,48.000,-0.553,-1,375.000,-1,375.000,1000.000,325.000,325.000,300.000,300.000,-1,325.000,350.000,-1,725.000,675.000,-1,975.000,2,0,2,0,1,0,0,0,0,2,0,0,2,0,0,2,1
10,8178.290,-6571.269,-20.913,91.943,-0.038733,-0.997506,-0.059011,0.996080,-0.033843,-0.081728,0.079527,-0.061946,0.994906,0,0.88000,-0.28313,52.800,-0.566,-1,375.000,-1,375.000,950.000,325.000,325.000,300.000,300.000,-1,300.000,325.000,-1,725.000,675.000,-1,950.000,2,0,2,0,1,0,0,0,0,2,0,0,2,0,0,2,1
11,8176.970,-6515.752,-16.170,91.362,-0.028813,-0.997758,-0.060404,0.996241,-0.023726,-0.083308,0.081688,-0.062577,0.994691,0,0.92554,-0.29047,55.532,-0.581,-1,375.000,-1,375.000,925.000,325.000,325.000,300.000,300.000,-1,325.000,375.000,-1,725.000,675.000,-1,900.000,2,0,2,0,1,0,0,0,0,2,0,0,2,0,1,2,1
12,8176.217,-6459.392,-11.047,90.766,-0.018556,-0.997962,-0.061048,0.996304,-0.013334,-0.084851,0.083864,-0.062397,0.994522,0,0.93940,-0.29835,56.364,-0.597,-1,375.000,-1,375.000,875.000,325.000,325.000,300.000,300.000,-1,375.000,400.000,-1,750.000,650.000,-1,850.000,2,0,2,0,1,0,0,0,0,2,0,0,2,0,1,2,1
13,8176.065,-6402.188,-5.809,90.152,-0.008019,-0.998059,-0.061761,0.996255,-0.002656,-0.086423,0.086092,-0.062223,0.994342,0,0.95340,-0.30650,57.204,-0.613,-1,375.000,-1,375.000,825.000,325.000,325.000,300.000,300.000,-1,400.000,450.000,-1,750.000,650.000,-1,825.000,2,0,2,0,1,0,0,0,0,2,0,0,2,0,1,2,1
14,8176.550,-6344.139,-0.452,89.523,0.002806,-0.998038,-0.062542,0.996083,0.008316,-0.088026,0.088374,-0.062050,0.994153,0,0.96751,-0.31496,58.050,-0.630,-1,400.000,-1,375.000,775.000,325.000,325.000,300.000,300.000,-1,450.000,500.000,-1,775.000,625.000,-1,775.000,2,0,2,0,1,0,0,0,0,2,0,0,2,0,1,2,1
15,8177.707,-6285.247,5.027,88.875,0.013929,-0.997892,-0.063389,0.995780,0.019595,-0.089659,0.090712,-0.061873,0.993953,0,0.98171,-0.32376,58.903,-0.648,-1,400.000,-1,375.000,725.000,325.000,325.000,300.000,300.000,-1,475.000,525.000,-1,775.000,600.000,-1,725.000,2,0,2,0,1,0,0,0,0,2,0,0,2,0,1,2,1
16,8179.575,-6225.516,10.633,88.209,0.025362,-0.997608,-0.064301,0.995333,0.031191,-0.091322,0.093110,-0.061685,0.993743,0,0.99600,-0.33294,59.760,-0.666,-1,400.000,-1,375.000,675.000,325.000,325.000,300.000,300.000,-1,525.000,575.000,-1,800.000,600.000,-1,675.000,2,0,2,0,1,0,0,0,0,2,0,0,2,0,1,2,1
17,8182.167,-6165.571,16.310,87.524,0.037122,-0.997177,-0.065266,0.994732,0.043118,-0.092998,0.095550,-0.061470,0.993525,0,1.00000,-0.34256,60.000,-0.685,-1,400.000,-1,375.000,625.000,325.000,325.000,300.000,300.000,-1,550.000,600.000,-1,800.000,575.000,-1,650.000,2,0,2,1,1,0,1,0,0,2,0,0,2,0,1,2,1
18,8185.497,-6105.663,22.039,86.819,0.049220,-0.996587,-0.066276,0.993966,0.055387,-0.094681,0.098028,-0.061216,0.993299,0,1.00000,-0.35256,60.000,-0.705,-1,400.000,-1,350.000,600.000,325.000,300.000,300.000,300.000,-1,575.000,625.000,-1,825.000,550.000,-1,600.000,2,0,2,1,1,0,1,0,0,2,0,0,2,0,1,2,1
19,8189.586,-6045.802,27.821,86.093,0.061667,-0.995823,-0.067328,0.993019,0.068008,-0.096370,0.100546,-0.060915,0.993066,0,1.00000,-0.36291,60.000,-0.726,-1,400.000,-1,350.000,550.000,325.000,300.000,300.000,300.000,-1,600.000,650.000,-1,825.000,525.000,-1,550.000,2,0,2,1,1,0,1,0,0,2,0,0,2,0,1,2,1
20,8194.456,-5985.999,33.660,85.346,0.074474,-0.994873,-0.068418,0.991879,0.080994,-0.098066,0.103104,-0.060559,0.992825,0,1.00000,-0.37369,60.000,-0.747,-1,400.000,-1,350.000,500.000,325.000,300.000,300.000,300.000,-1,625.000,675.000,-1,850.000,500.000,-1,500.000,2,0,2,1,1,0,1,0,0,2,0,0,2,0,1,2,1
21,8200.128,-5926.267,39.604,84.576,0.087687,-0.993732,-0.069341,0.990540,0.094358,-0.099639,0.105557,-0.059948,0.992605,0,1.00000,-0.38495,60.000,-0.770,-1,400.000,-1,325.000,450.000,325.000,300.000,300.000,300.000,-1,625.000,700.000,-1,900.000,475.000,-1,450.000,2,0,2,1,1,0,1,0,0,2,0,0,2,0,1,2,1
22,8206.627,-5866.619,45.866,83.782,0.101269,-0.992312,-0.071150,0.989099,0.108110,-0.099973,0.106896,-0.060250,0.992443,0,1.00000,-0.39677,60.000,-0.794,-1,400.000,-1,325.000,400.000,325.000,275.000,300.000,300.000,-1,625.000,750.000,-1,925.000,450.000,-1,400.000,2,0,2,1,1,0,1,0,0,2,0,0,2,0,1,2,1
23,8213.975,-5807.069,53.942,82.964,0.114241,-0.990240,-0.079836,0.987094,0.122221,-0.103475,0.112223,-0.066984,0.991423,0,1.00000,-0.40924,60.000,-0.818,-1,425.000,-1,300.000,375.000,325.000,275.000,300.000,325.000,-1,525.000,700.000,-1,1000.000,450.000,-1,375.000,2,0,2,1,1,1,1,0,0,2,0,0,2,0,1,2,1
24,8222.199,-5747.634,62.239,82.119,0.127461,-0.987827,-0.089171,0.984798,0.136740,-0.107122,0.118012,-0.074162,0.990239,0,1.00000,-0.42246,60.000,-0.845,-1,425.000,-1,300.000,350.000,325.000,275.000,300.000,325.000,-1,475.000,650.000,-1,-1,450.000,-1,350.000,2,0,2,1,1,1,1,0,0,2,0,0,2,2,1,2,1
25,8231.327,-5688.330,70.776,81.246,0.140921,-0.985036,-0.099227,0.982186,0.151686,-0.110913,0.124304,-0.081829,0.988864,0,1.00000,-0.43657,60.000,-0.873,-1,450.000,-1,300.000,325.000,325.000,275.000,275.000,350.000,-1,425.000,575.000,-1,-1,425.000,-1,350.000,2,0,2,1,1,1,1,0,0,2,0,0,2,2,1,2,1
26,8241.389,-5629.177,79.573,80.342,0.154614,-0.981824,-0.110074,0.979233,0.167080,-0.114838,0.131141,-0.090032,0.987267,0,1.00000,-0.45172,60.000,-0.903,-1,475.000,-1,300.000,325.000,325.000,275.000,275.000,375.000,-1,375.000,550.000,-1,-1,425.000,-1,325.000,2,0,2,1,1,1,1,0,0,2,0,0,2,2,1,2,1
27,8252.415,-5570.196,88.650,79.406,0.168529,-0.978144,-0.121787,0.975909,0.182946,-0.118880,0.138562,-0.098818,0.985411,0,1.00000,-0.46808,60.000,-0.936,-1,500.000,-1,300.000,300.000,325.000,275.000,275.000,400.000,900.000,300.000,500.000,-1,-1,400.000,-1,300.000,2,0,2,1,1,1,1,0,0,0,0,0,2,2,1,2,1
28,8264.439,-5511.410,98.027,78.434,0.182660,-0.973941,-0.134441,0.972185,0.199312,-0.123013,0.146603,-0.108232,0.983257,0,1.00000,-0.48587,60.000,-0.972,-1,525.000,-1,275.000,275.000,325.000,275.000,275.000,450.000,775.000,225.000,475.000,-1,-1,425.000,-1,300.000,2,0,2,1,1,1,1,0,0,0,0,0,2,2,1,2,1
29,8277.497,-5452.844,107.726,77.424,0.196999,-0.969151,-0.148116,0.968026,0.216210,-0.127197,0.155297,-0.118322,0.980756,0,1.00000,-0.50537,60.000,-1.011,-1,550.000,-1,275.000,275.000,350.000,275.000,275.000,450.000,650.000,175.000,425.000,-1,-1,450.000,-1,275.000,2,1,2,1,1,1,1,0,1,0,0,0,2,2,1,2,1
30,8291.628,-5394.527,117.767,76.370,0.211539,-0.963700,-0.162889,0.963397,0.233679,-0.131379,0.164674,-0.129135,0.977858,0,1.00000,-0.52688,60.000,-1.054,-1,550.000,-1,275.000,250.000,350.000,275.000,275.000,450.000,550.000,125.000,375.000,-1,-1,450.000,-1,250.000,2,1,2,1,1,1,1,0,1,0,0,0,2,2,1,2,1
31,8306.877,-5336.491,128.173,75.268,0.226278,-0.957505,-0.178839,0.958258,0.251763,-0.135491,0.174758,-0.140715,0.974504,0,1.00000,-0.55081,60.000,-1.102,-1,575.000,-1,300.000,225.000,350.000,275.000,250.000,450.000,475.000,100.000,325.000,-1,-1,475.000,-1,250.000,2,1,2,1,1,1,1,0,1,0,0,0,2,2,1,2,1
32,8323.288,-5278.773,138.427,74.113,0.240906,-0.950141,-0.197981,0.952729,0.270420,-0.138494,0.185127,-0.155258,0.970373,0,1.00000,-0.57762,60.000,-1.155,-1,550.000,-1,300.000,225.000,350.000,300.000,250.000,475.000,400.000,75.000,275.000,-1,-1,500.000,-1,225.000,2,1,2,1,1,1,1,0,1,0,0,0,2,2,1,2,1
33,-6231.357,1639.834,-314.451,106.567,-0.285616,-0.958343,0.001617,0.956926,-0.285102,0.054852,-0.052106,0.017214,0.998493,1,0.00000,0.00000,60.000,-0.915,850.000,350.000,925.000,375.000,-1,300.000,300.000,325.000,325.000,-1,500.000,325.000,-1,550.000,675.000,675.000,-1,1,0,1,1,2,0,0,0,0,2,0,0,2,1,0,1,2
34,-6232.745,1644.429,-314.698,106.807,-0.289642,-0.957133,0.001890,0.955734,-0.289111,0.054648,-0.051759,0.017635,0.998504,0,0.08000,0.12000,4.800,0.240,850.000,350.000,900.000,375.000,-1,300.000,300.000,325.000,325.000,-1,500.000,325.000,-1,550.000,650.000,675.000,-1,1,0,1,1,2,0,0,0,0,2,0,0,2,1,0,1,2
35,-6235.597,1653.595,-315.189,107.287,-0.297678,-0.954663,0.002437,0.953300,-0.297115,0.054237,-0.051054,0.018468,0.998525,0,0.16000,0.24000,9.600,0.480,850.000,350.000,900.000,375.000,-1,300.000,300.000,325.000,325.000,-1,450.000,325.000,-1,550.000,650.000,675.000,-1,1,0,1,1,2,0,0,0,0,2,0,0,2,1,0,1,2
36,-6240.049,1667.289,-315.916,108.007,-0.309691,-0.950832,0.003261,0.949523,-0.309081,0.053613,-0.049969,0.019700,0.998556,0,0.24000,0.36000,14.400,0.720,850.000,350.000,875.000,375.000,-1,300.000,300.000,325.000,325.000,-1,425.000,325.000,-1,550.000,650.000,675.000,-1,1,0,1,1,2,0,0,0,0,2,0,0,2,1,1,1,2
37,-6246.290,1685.447,-316.870,108.967,-0.325626,-0.945489,0.004367,0.944255,-0.324957,0.052770,-0.048474,0.021307,0.998597,0,0.32000,0.48000,19.200,0.960,850.000,350.000,850.000,375.000,-1,300.000,300.000,325.000,325.000,-1,400.000,300.000,-1,525.000,625.000,650.000,-1,1,0,1,1,2,0,0,0,0,2,0,0,2,1,1,1,2
38,-6254.473,1708.008,-318.041,109.934,-0.341584,-0.939834,0.005762,0.938694,-0.340853,0.051693,-0.046618,0.023066,0.998646,0,0.40000,0.48347,24.000,0.967,875.000,350.000,825.000,375.000,-1,300.000,300.000,325.000,325.000,-1,375.000,300.000,-1,525.000,600.000,650.000,-1,1,0,1,1,2,0,0,0,0,2,0,0,2,1,1,1,2
39,-6264.747,1734.913,-319.411,110.899,-0.357406,-0.933919,0.007449,0.932894,-0.356612,0.050375,-0.044390,0.024953,0.998703,0,0.48000,0.48233,28.800,0.965,875.000,350.000,775.000,350.000,-1,300.000,300.000,325.000,325.000,-1,350.000,275.000,-1,500.000,575.000,650.000,-1,1,0,1,1,2,0,1,0,0,2,0,0,2,1,1,1,2
40,-6277.259,1766.096,-320.960,111.861,-0.373083,-0.927750,0.009434,0.926857,-0.372228,0.048813,-0.041775,0.026955,0.998763,0,0.56000,0.48119,33.600,0.962,875.000,350.000,750.000,350.000,-1,300.000,300.000,325.000,325.000,-1,325.000,275.000,-1,500.000,550.000,625.000,-1,1,0,1,1,2,0,1,0,0,2,0,0,2,1,1,1,2
41,-6292.153,1801.490,-322.663,112.821,-0.388607,-0.921329,0.011724,0.920588,-0.387697,0.047002,-0.038759,0.029058,0.998826,0,0.64000,0.48000,38.400,0.960,850.000,350.000,725.000,350.000,-1,300.000,300.000,325.000,325.000,-1,325.000,250.000,-1,475.000,525.000,600.000,925.000,1,1,1,1,2,1,1,0,0,2,0,0,2,1,1,1,1
42,-6309.573,1841.022,-324.455,113.779,-0.403965,-0.914665,0.014170,0.914088,-0.403013,0.044977,-0.035428,0.031122,0.998888,0,0.72000,0.47874,43.200,0.957,850.000,325.000,675.000,325.000,-1,275.000,275.000,325.000,325.000,-1,300.000,250.000,-1,450.000,500.000,600.000,825.000,1,1,1,1,2,1,1,0,0,2,0,0,2,1,1,1,1
43,-6329.656,1884.618,-326.139,114.734,-0.419137,-0.907782,0.016018,0.907349,-0.418179,0.042941,-0.032283,0.032532,0.998949,0,0.80000,0.47737,48.000,0.955,825.000,325.000,625.000,325.000,-1,275.000,275.000,325.000,325.000,-1,300.000,250.000,-1,425.000,475.000,550.000,700.000,1,1,1,1,2,1,1,0,0,2,0,0,2,1,1,1,1
44,-6352.541,1932.200,-327.333,115.685,-0.434053,-0.900727,0.017011,0.900476,-0.433207,0.038395,-0.027214,0.031983,0.999118,0,0.88000,0.47584,52.800,0.952,775.000,300.000,575.000,300.000,-1,250.000,250.000,325.000,325.000,-1,275.000,250.000,-1,400.000,450.000,525.000,625.000,1,1,1,1,2,1,1,0,0,2,0,0,2,1,1,1,1
45,-6376.542,1980.059,-327.903,116.634,-0.448729,-0.893503,0.017159,0.893432,-0.448087,0.031587,-0.020534,0.029505,0.999354,0,0.89235,0.47409,53.541,0.948,750.000,275.000,550.000,275.000,-1,250.000,250.000,325.000,350.000,-1,250.000,250.000,-1,375.000,425.000,500.000,575.000,1,1,1,1,2,1,1,0,0,2,0,0,2,1,1,1,1
46,-6401.525,2027.894,-327.974,117.578,-0.463201,-0.886093,0.016834,0.886162,-0.462798,0.023111,-0.012688,0.025623,0.999591,0,0.89943,0.47205,53.966,0.944,750.000,275.000,500.000,275.000,-1,225.000,225.000,325.000,350.000,-1,225.000,250.000,-1,350.000,400.000,475.000,525.000,1,1,1,1,2,1,1,0,0,2,0,0,2,1,1,1,1
47,-6427.492,2075.687,-327.396,118.517,-0.477490,-0.878485,0.016342,0.878628,-0.477316,0.013487,-0.004048,0.020799,0.999775,0,0.90654,0.46969,54.393,0.939,725.000,250.000,475.000,250.000,-1,225.000,225.000,325.000,375.000,-1,200.000,250.000,-1,325.000,375.000,450.000,475.000,1,1,1,1,2,1,1,0,0,2,0,0,2,1,1,1,1
48,-6454.446,2123.424,-326.170,119.451,-0.491600,-0.870681,0.015663,0.870804,-0.491624,0.002529,0.005499,0.014883,0.999874,0,0.91367,0.46697,54.820,0.934,725.000,225.000,425.000,250.000,-1,200.000,200.000,325.000,375.000,-1,200.000,225.000,-1,300.000,350.000,425.000,425.000,1,1,1,1,2,1,1,0,0,2,0,0,2,1,1,1,1
49,-6482.385,2171.086,-322.956,120.379,-0.505361,-0.862627,0.022041,0.862653,-0.505667,-0.011394,0.020974,0.013256,0.999692,0,0.92079,0.46383,55.248,0.928,-1,225.000,425.000,225.000,-1,200.000,200.000,325.000,400.000,-1,150.000,175.000,-1,325.000,325.000,450.000,400.000,2,1,1,1,2,1,1,0,0,2,0,0,2,1,1,1,1
50,-6511.310,2218.659,-317.797,121.299,-0.518480,-0.854363,0.035238,0.854049,-0.519442,-0.027936,0.042172,0.015611,0.998988,0,0.92790,0.46023,55.674,0.920,-1,225.000,400.000,225.000,-1,200.000,200.000,350.000,400.000,-1,125.000,150.000,975.000,350.000,325.000,575.000,400.000,2,1,1,1,2,1,1,0,0,2,0,0,1,1,1,1,1
51,-6541.214,2266.123,-312.272,122.211,-0.531127,-0.845989,0.046971,0.844884,-0.532980,-0.045869,0.063839,0.015323,0.997843,0,0.93495,0.45610,56.097,0.912,-1,225.000,475.000,225.000,-1,175.000,200.000,375.000,425.000,-1,100.000,125.000,900.000,400.000,325.000,-1,-1,2,1,1,1,2,1,1,0,0,2,0,0,1,1,1,2,2
52,-6572.091,2313.463,-306.265,123.114,-0.543345,-0.837518,0.057793,0.835062,-0.546261,-0.065345,0.086298,0.012756,0.996188,0,0.94191,0.45132,56.515,0.903,-1,250.000,-1,225.000,-1,175.000,200.000,400.000,450.000,875.000,75.000,100.000,875.000,450.000,325.000,-1,-1,2,1,2,1,2,1,1,0,0,0,0,0,1,1,1,2,2
53,-983.896,-327.960,-258.925,-19.981,0.939745,0.341533,0.015278,-0.341844,0.939323,0.028544,-0.004602,-0.032047,0.999476,1,0.00000,0.00000,60.000,0.915,-1,400.000,-1,400.000,-1,325.000,325.000,300.000,300.000,-1,-1,-1,-1,725.000,775.000,-1,-1,2,0,2,0,2,0,0,0,0,2,2,2,2,0,0,2,2
54,-979.382,-329.593,-258.950,-19.887,0.940304,0.339989,0.015363,-0.340302,0.939885,0.028471,-0.004760,-0.032000,0.999477,0,0.08000,0.04711,4.800,0.094,-1,400.000,-1,400.000,-1,325.000,325.000,300.000,300.000,-1,-1,-1,-1,725.000,775.000,-1,-1,2,0,2,0,2,0,0,0,0,2,2,2,2,0,0,2,2
55,-970.349,-332.843,-259.000,-19.793,0.940858,0.338445,0.015538,-0.338764,0.940445,0.028328,-0.005025,-0.031916,0.999478,0,0.16000,0.04706,9.600,0.094,-1,400.000,-1,400.000,-1,325.000,325.000,300.000,300.000,-1,-1,-1,-1,725.000,775.000,-1,-1,2,0,2,0,2,0,0,0,0,2,2,2,2,0,0,2,2
56,-956.792,-337.697,-259.077,-19.699,0.941406,0.336905,0.015804,-0.337232,0.941001,0.028118,-0.005398,-0.031800,0.999480,0,0.24000,0.04694,14.400,0.094,-1,400.000,-1,400.000,-1,325.000,325.000,300.000,300.000,-1,-1,-1,-1,725.000,775.000,-1,-1,2,0,2,0,2,0,0,0,0,2,2,2,2,0,0,2,2
57,-938.705,-344.140,-259.182,-19.605,0.941948,0.335371,0.016163,-0.335708,0.941554,0.027842,-0.005881,-0.031651,0.999482,0,0.32000,0.04674,19.200,0.093,-1,400.000,-1,400.000,-1,325.000,325.000,300.000,300.000,-1,-1,-1,-1,725.000,775.000,-1,-1,2,0,2,0,2,0,0,0,0,2,2,2,2,0,0,2,2
58,-916.084,-352.156,-259.316,-19.512,0.942481,0.333846,0.016618,-0.334197,0.942102,0.027504,-0.006474,-0.031476,0.999484,0,0.40000,0.04643,24.000,0.093,-1,400.000,-1,400.000,-1,325.000,325.000,300.000,300.000,-1,-1,-1,-1,700.000,750.000,-1,-1,2,0,2,0,2,0,0,0,0,2,2,2,2,0,0,2,2
59,-888.922,-361.732,-259.482,-19.421,0.943004,0.332337,0.017173,-0.332703,0.942642,0.027107,-0.007179,-0.031276,0.999485,0,0.48000,0.04594,28.800,0.092,-1,400.000,-1,400.000,-1,325.000,325.000,300.000,300.000,-1,-1,-1,-1,700.000,750.000,-1,-1,2,0,2,0,2,0,0,0,0,2,2,2,2,0,0,2,2
60,-857.216,-372.854,-259.682,-19.330,0.943515,0.330851,0.017832,-0.331234,0.943172,0.026657,-0.007999,-0.031058,0.999486,0,0.56000,0.04522,33.600,0.090,-1,375.000,-1,400.000,-1,325.000,325.000,300.000,300.000,-1,-1,-1,-1,700.000,750.000,-1,-1,2,0,2,0,2,0,0,0,0,2,2,2,2,0,0,2,2
61,-820.961,-385.509,-259.919,-19.242,0.944008,0.329398,0.018598,-0.329801,0.943688,0.026159,-0.008934,-0.030828,0.999485,0,0.64000,0.04420,38.400,0.088,-1,375.000,-1,400.000,-1,325.000,325.000,300.000,300.000,-1,-1,-1,-1,700.000,750.000,-1,-1,2,0,2,0,2,0,0,0,0,2,2,2,2,0,0,2,2
62,-780.154,-399.685,-260.196,-19.156,0.944480,0.327991,0.019478,-0.328417,0.944185,0.025617,-0.009989,-0.030591,0.999482,0,0.72000,0.04277,43.200,0.086,-1,375.000,-1,400.000,-1,325.000,325.000,300.000,300.000,-1,-1,-1,-1,675.000,725.000,-1,-1,2,0,2,0,2,0,0,0,0,2,2,2,2,0,0,2,2
63,-734.789,-415.371,-260.599,-19.075,0.944929,0.326644,0.020332,-0.327095,0.944649,0.025445,-0.010895,-0.030694,0.999469,0,0.80000,0.04083,48.000,0.082,-1,375.000,-1,375.000,-1,300.000,325.000,300.000,300.000,-1,-1,-1,-1,675.000,725.000,-1,-1,2,0,2,0,2,0,0,0,0,2,2,2,2,0,0,2,2
64,-688.241,-431.397,-260.799,-18.998,0.945367,0.325390,0.020051,-0.325824,0.945107,0.024714,-0.010909,-0.029897,0.999493,0,0.82049,0.03827,49.229,0.077,-1,375.000,-1,375.000,-1,300.000,300.000,300.000,300.000,-1,-1,-1,-1,675.000,725.000,-1,-1,2,0,2,0,2,0,0,0,0,2,2,2,2,0,0,2,2
65,-641.693,-447.359,-260.930,-18.928,0.945776,0.324239,0.019400,-0.324645,0.945537,0.023782,-0.010633,-0.028790,0.999529,0,0.82015,0.03519,49.209,0.070,-1,375.000,-1,375.000,-1,300.000,300.000,300.000,300.000,-1,-1,-1,-1,675.000,725.000,-1,-1,2,0,2,0,2,0,0,0,0,2,2,2,2,0,0,2,2
66,-594.422,-463.559,-261.100,-18.916,0.945855,0.324054,0.018631,-0.324428,0.945636,0.022802,-0.010229,-0.027612,0.999566,0,0.83283,0.00594,49.970,0.012,-1,375.000,-1,375.000,-1,300.000,300.000,300.000,300.000,-1,-1,-1,-1,650.000,700.000,-1,-1,2,0,2,0,2,0,0,0,0,2,2,2,2,0,0,2,2
67,-546.970,-479.822,-261.357,-18.917,0.945872,0.324083,0.017193,-0.324408,0.945666,0.021779,-0.009201,-0.026177,0.999615,0,0.83603,-0.00052,50.162,-0.001,-1,375.000,-1,375.000,-1,300.000,300.000,300.000,300.000,-1,-1,-1,-1,650.000,700.000,-1,-1,2,0,2,0,2,0,0,0,0,2,2,2,2,0,0,2,2
68,-494.922,-497.479,-261.345,-18.739,0.946907,0.321154,0.015077,-0.321426,0.946679,0.021983,-0.007214,-0.025662,0.999645,0,0.91603,0.08883,54.962,0.178,-1,375.000,-1,375.000,-1,300.000,300.000,300.000,300.000,-1,-1,-1,-1,650.000,725.000,-1,-1,2,0,2,0,2,0,0,0,0,2,2,2,2,0,0,2,2
69,-439.598,-516.074,-261.360,-18.578,0.947840,0.318487,0.012836,-0.318705,0.947594,0.022211,-0.005089,-0.025144,0.999671,0,0.97276,0.08078,58.366,0.162,-1,375.000,-1,375.000,-1,300.000,300.000,300.000,300.000,-1,-1,-1,-1,650.000,725.000,-1,-1,2,0,2,0,2,0,0,0,0,2,2,2,2,0,0,2,2
70,-384.033,-534.594,-261.403,-18.434,0.948661,0.316117,0.010594,-0.316281,0.948400,0.022455,-0.002948,-0.024653,0.999692,0,0.97616,0.07174,58.570,0.143,-1,375.000,-1,375.000,-1,300.000,325.000,300.000,300.000,-1,-1,-1,-1,650.000,725.000,-1,-1,2,0,2,0,2,0,0,0,0,2,2,2,2,0,0,2,2
71,-328.242,-553.056,-261.473,-18.310,0.949366,0.314062,0.008351,-0.314172,0.949094,0.022718,-0.000791,-0.024191,0.999707,0,0.97944,0.06216,58.767,0.124,-1,375.000,-1,400.000,-1,300.000,325.000,300.000,300.000,-1,-1,-1,-1,650.000,725.000,-1,-1,2,0,2,0,2,0,0,0,0,2,2,2,2,0,0,2,2
72,-272.237,-571.476,-261.570,-18.206,0.949951,0.312341,0.006110,-0.312397,0.949673,0.023001,0.001381,-0.023758,0.999717,0,0.98260,0.05204,58.956,0.104,-1,375.000,-1,400.000,-1,325.000,325.000,300.000,325.000,-1,-1,-1,-1,650.000,725.000,-1,-1,2,0,2,0,2,0,0,0,0,2,2,2,2,0,0,2,2
73,-216.070,-589.853,-261.693,-18.117,0.950446,0.310867,0.003873,-0.310870,0.950167,0.023306,0.003565,-0.023355,0.999721,0,0.98495,0.04454,59.097,0.089,-1,375.000,-1,400.000,-1,300.000,325.000,300.000,325.000,-1,-1,900.000,-1,650.000,725.000,-1,-1,2,0,2,0,2,0,0,0,0,2,2,0,2,0,0,2,2
74,-159.787,-608.183,-261.842,-18.039,0.950871,0.309583,0.001643,-0.309534,0.950595,0.023634,0.005755,-0.022982,0.999719,0,0.98655,0.03876,59.193,0.078,-1,375.000,-1,400.000,-1,300.000,325.000,300.000,325.000,-1,575.000,500.000,-1,650.000,725.000,-1,-1,2,0,2,0,2,0,0,0,0,2,0,0,2,0,0,2,2
75,-103.412,-626.472,-261.991,-17.973,0.951225,0.308497,-0.000532,-0.308397,0.950958,0.023863,0.007868,-0.022535,0.999715,0,0.98779,0.03284,59.267,0.066,-1,375.000,-1,375.000,-1,300.000,325.000,300.000,325.000,-1,500.000,450.000,-1,650.000,700.000,-1,-1,2,0,2,0,2,0,0,0,0,2,0,0,2,0,0,2,2
76,-46.971,-644.724,-261.650,-17.920,0.951505,0.307624,-0.002525,-0.307499,0.951297,0.021865,0.009128,-0.020028,0.999758,0,0.98864,0.02678,59.318,0.054,-1,375.000,-1,375.000,-1,300.000,300.000,300.000,300.000,-1,525.000,450.000,-1,650.000,700.000,-1,-1,2,0,2,0,2,0,0,0,0,2,0,0,2,0,0,2,2
77,9.509,-662.944,-261.057,-17.879,0.951705,0.306960,-0.005700,-0.306807,0.951582,0.019030,0.011265,-0.016362,0.999803,0,0.98910,0.02061,59.346,0.041,-1,375.000,-1,375.000,-1,300.000,300.000,300.000,300.000,-1,525.000,450.000,-1,650.000,700.000,-1,-1,2,0,2,0,2,0,0,0,0,2,0,0,2,0,0,2,2
78,66.001,-681.137,-260.376,-17.850,0.951833,0.306499,-0.008458,-0.306336,0.951781,0.016466,0.013097,-0.013082,0.999829,0,0.98916,0.01434,59.349,0.029,-1,375.000,-1,375.000,-1,300.000,300.000,300.000,300.000,-1,525.000,450.000,-1,675.000,700.000,-1,-1,2,0,2,0,2,0,0,0,0,2,0,0,2,0,0,2,2
79,122.479,-699.307,-259.162,-17.834,0.951898,0.306238,-0.010398,-0.306062,0.951883,0.015652,0.014691,-0.011716,0.999823,0,0.98881,0.00800,59.329,0.016,-1,375.000,-1,375.000,-1,300.000,300.000,300.000,300.000,-1,550.000,475.000,-1,675.000,700.000,-1,-1,2,0,2,0,2,0,0,0,0,2,0,0,2,0,0,2,2
80,178.916,-717.460,-257.744,-17.831,0.951887,0.306186,-0.012722,-0.305980,0.951906,0.015845,0.016962,-0.011190,0.999794,0,0.98807,0.00162,59.284,0.003,-1,375.000,-1,375.000,-1,300.000,300.000,300.000,300.000,-1,575.000,475.000,-1,675.000,-1,-1,-1,2,0,2,0,2,0,0,0,0,2,0,0,2,0,2,2,2
81,235.284,-735.602,-256.344,-17.840,0.951801,0.306346,-0.015059,-0.306111,0.951860,0.016073,0.019258,-0.010689,0.999757,0,0.98693,-0.00477,59.216,-0.010,-1,375.000,-1,375.000,-1,300.000,325.000,300.000,300.000,-1,575.000,500.000,-1,700.000,-1,-1,-1,2,0,2,0,2,0,0,0,0,2,0,0,2,0,2,2,2
82,291.558,-753.737,-254.963,-17.863,0.951641,0.306718,-0.017408,-0.306453,0.951746,0.016339,0.021579,-0.010214,0.999715,0,0.98541,-0.01115,59.124,-0.022,-1,375.000,-1,375.000,-1,300.000,325.000,300.000,300.000,-1,575.000,500.000,-1,700.000,-1,-1,-1,2,0,2,0,2,0,0,0,0,2,0,0,2,0,2,2,2
83,347.715,-771.870,-253.601,-17.895,0.951420,0.307260,-0.019766,-0.306964,0.951575,0.016643,0.023923,-0.009767,0.999666,0,0.98352,-0.01628,59.011,-0.033,-1,375.000,-1,375.000,-1,325.000,325.000,300.000,325.000,-1,575.000,525.000,-1,700.000,-1,-1,-1,2,0,2,0,2,0,0,0,0,2,0,0,2,0,2,2,2
84,403.731,-789.999,-252.258,-17.934,0.951161,0.307901,-0.022132,-0.307574,0.951373,0.016986,0.026286,-0.009349,0.999611,0,0.98128,-0.01926,58.877,-0.039,-1,375.000,-1,400.000,-1,325.000,325.000,300.000,325.000,-1,575.000,525.000,-1,725.000,-1,-1,-1,2,0,2,1,2,0,0,0,0,2,0,0,2,0,2,2,2
85,460.857,-808.348,-250.903,-17.807,0.951778,0.305802,-0.024567,-0.305442,0.952052,0.017357,0.028697,-0.009016,0.999547,0,1.00000,0.06321,60.000,0.126,-1,375.000,-1,425.000,-1,325.000,325.000,300.000,325.000,-1,600.000,525.000,-1,725.000,-1,-1,-1,2,0,2,1,2,0,1,0,0,2,0,0,2,0,2,2,2
86,518.020,-826.578,-249.565,-17.688,0.952346,0.303822,-0.027025,-0.303427,0.952689,0.017754,0.031140,-0.008708,0.999477,0,1.00000,0.05959,60.000,0.119,-1,400.000,-1,475.000,-1,325.000,325.000,300.000,325.000,-1,550.000,475.000,-1,750.000,-1,-1,-1,2,0,2,1,2,0,1,0,0,2,0,0,2,0,2,2,2
87,575.219,-844.697,-248.075,-17.577,0.952870,0.301972,-0.029187,-0.301572,0.953285,0.017348,0.033062,-0.007729,0.999423,0,1.00000,0.05567,60.000,0.111,-1,400.000,-1,575.000,-1,325.000,350.000,300.000,325.000,-1,500.000,450.000,-1,750.000,-1,-1,-1,2,0,2,1,2,0,1,0,0,2,0,0,2,0,2,2,2
88,632.451,-862.713,-246.421,-17.474,0.953361,0.300264,-0.030736,-0.299900,0.953837,0.015950,0.034106,-0.005988,0.999400,0,1.00000,0.05142,60.000,0.103,-1,400.000,-1,-1,-1,325.000,375.000,300.000,300.000,-1,525.000,450.000,-1,750.000,-1,-1,-1,2,0,2,2,2,0,1,0,0,2,0,0,2,0,2,2,2
89,689.711,-880.636,-244.788,-17.380,0.953800,0.298709,-0.032234,-0.298382,0.954335,0.014623,0.035130,-0.004330,0.999373,0,1.00000,0.04678,60.000,0.094,-1,400.000,-1,-1,-1,325.000,400.000,300.000,300.000,-1,525.000,450.000,-1,750.000,-1,-1,-1,2,0,2,2,2,1,1,0,0,2,0,0,2,0,2,2,2
90,746.998,-898.475,-242.842,-17.297,0.954226,0.297319,-0.032462,-0.297009,0.954771,0.014078,0.035179,-0.003792,0.999374,0,1.00000,0.04173,60.000,0.083,-1,400.000,-1,-1,-1,325.000,425.000,300.000,300.000,-1,575.000,500.000,-1,750.000,-1,-1,-1,2,0,2,2,2,1,1,0,0,2,0,0,2,0,2,2,2
91,804.307,-916.241,-243.045,-17.224,0.954737,0.296110,-0.028224,-0.296126,0.955142,0.003722,0.028060,0.004804,0.999595,0,1.00000,0.03622,60.000,0.072,-1,375.000,-1,-1,-1,325.000,450.000,300.000,275.000,-1,925.000,750.000,-1,725.000,-1,-1,-1,2,0,2,2,2,1,1,0,0,2,0,0,2,0,2,2,2
92,861.635,-933.946,-243.553,-17.164,0.955186,0.295076,-0.023463,-0.295327,0.955363,-0.008003,0.020054,0.014573,0.999693,0,1.00000,0.03017,60.000,0.060,-1,350.000,-1,-1,-1,325.000,475.000,325.000,250.000,-1,-1,-1,-1,675.000,-1,-1,-1,2,0,2,2,2,1,1,0,0,2,2,2,2,0,2,2,2
93,918.977,-951.603,-244.365,-17.117,0.955563,0.294227,-0.018185,-0.294577,0.955395,-0.021099,0.011166,0.025518,0.999612,0,1.00000,0.02353,60.000,0.047,-1,350.000,-1,-1,-1,325.000,475.000,325.000,250.000,-1,-1,-1,-1,625.000,-1,-1,-1,2,0,2,2,2,1,1,0,0,2,2,2,2,0,2,2,2
94,976.331,-969.226,-245.481,-17.085,0.955856,0.293574,-0.012398,-0.293832,0.955195,-0.035572,0.001399,0.037645,0.999290,0,1.00000,0.01621,60.000,0.032,-1,325.000,-1,-1,-1,325.000,500.000,325.000,225.000,-1,-1,-1,-1,575.000,-1,-1,-1,2,0,2,2,2,1,1,0,0,2,2,2,2,0,2,2,2
95,1033.659,-986.930,-246.892,-17.168,0.955544,0.294783,-0.006245,-0.294706,0.954202,-0.051448,-0.009207,0.051001,0.998656,0,1.00000,-0.04154,60.000,-0.083,-1,325.000,-1,-1,-1,325.000,575.000,350.000,200.000,-1,-1,-1,-1,550.000,-1,-1,-1,2,1,2,2,2,1,1,0,0,2,2,2,2,1,2,2,2
96,1090.958,-1004.732,-248.617,-17.268,0.955125,0.296202,0.000343,-0.295478,0.952869,-0.068796,-0.020704,0.065607,0.997631,0,1.00000,-0.05021,60.000,-0.100,-1,325.000,-1,-1,-1,350.000,625.000,375.000,175.000,-1,-1,-1,-1,550.000,-1,925.000,-1,2,1,2,2,2,1,1,0,1,2,2,2,2,1,2,0,2
97,1148.221,-1022.652,-250.661,-17.388,0.954587,0.297842,0.007337,-0.296090,0.951130,-0.087650,-0.033085,0.081497,0.996124,0,1.00000,-0.05986,60.000,-0.120,-1,325.000,-1,-1,-1,350.000,750.000,400.000,200.000,-1,-1,-1,-1,575.000,-1,725.000,-1,2,1,2,2,2,1,1,0,1,2,2,2,2,1,2,0,2
98,1205.440,-1040.710,-253.026,-17.529,0.953914,0.299718,0.014705,-0.296479,0.948907,-0.108054,-0.046340,0.098715,0.994036,0,1.00000,-0.07066,60.000,-0.141,-1,325.000,-1,-1,-1,375.000,950.000,425.000,200.000,-1,-1,-1,-1,600.000,-1,550.000,-1,2,1,2,2,2,1,1,0,1,2,2,2,2,1,2,0,2
99,1262.609,-1058.929,-255.773,-17.695,0.953097,0.301852,0.022192,-0.296625,0.946134,-0.129783,-0.060172,0.117113,0.991294,0,1.00000,-0.08278,60.000,-0.166,925.000,350.000,-1,-1,-1,400.000,925.000,450.000,200.000,-1,-1,-1,-1,625.000,-1,425.000,-1,0,1,2,2,2,1,1,0,1,2,2,2,2,1,2,0,2
100,8855.093,-1639.828,203.467,-64.278,0.432581,0.900496,-0.044495,-0.900721,0.433808,0.022643,0.039693,0.030283,0.998753,1,0.00000,0.00000,60.000,-0.193,-1,400.000,-1,400.000,-1,325.000,325.000,300.000,300.000,-1,-1,-1,-1,925.000,800.000,-1,-1,2,0,2,0,2,0,0,0,0,2,2,2,2,0,0,2,2
101,8857.159,-1644.162,203.653,-64.518,0.428810,0.902304,-0.044383,-0.902529,0.430032,0.022663,0.039535,0.030338,0.998758,0,0.08000,-0.12000,4.800,-0.240,-1,400.000,-1,400.000,-1,325.000,325.000,300.000,300.000,-1,-1,-1,-1,925.000,800.000,-1,-1,2,0,2,0,2,0,0,0,0,2,2,2,2,0,0,2,2
102,8861.237,-1652.852,204.021,-64.858,0.423456,0.904840,-0.044162,-0.905064,0.424669,0.022713,0.039305,0.030351,0.998766,0,0.16000,-0.17002,9.600,-0.340,-1,400.000,-1,400.000,-1,325.000,325.000,300.000,300.000,-1,-1,-1,-1,925.000,800.000,-1,-1,2,0,2,0,2,0,0,0,0,2,2,2,2,0,0,2,2
103,8867.277,-1665.924,204.572,-65.201,0.418046,0.907368,-0.043832,-0.907585,0.419248,0.022798,0.039063,0.030250,0.998779,0,0.24000,-0.17143,14.400,-0.343,-1,400.000,-1,400.000,-1,325.000,325.000,300.000,300.000,-1,-1,-1,-1,925.000,800.000,-1,-1,2,0,2,0,2,0,0,0,0,2,2,2,2,0,0,2,2
104,8875.225,-1683.402,205.300,-65.548,0.412560,0.909897,-0.043388,-0.910104,0.413747,0.022919,0.038806,0.030032,0.998795,0,0.32000,-0.17354,19.200,-0.347,-1,400.000,-1,400.000,-1,325.000,325.000,300.000,300.000,-1,-1,-1,-1,925.000,825.000,-1,-1,2,0,2,0,2,0,0,0,0,2,2,2,2,0,0,2,2
105,8885.024,-1705.310,206.201,-65.901,0.406973,0.912436,-0.042823,-0.912627,0.408141,0.023075,0.038532,0.029691,0.998816,0,0.40000,-0.17638,24.000,-0.353,-1,400.000,-1,400.000,-1,325.000,325.000,300.000,300.000,-1,-1,-1,-1,925.000,825.000,-1,-1,2,0,2,0,2,0,0,0,0,2,2,2,2,0,0,2,2
106,8896.618,-1731.674,207.269,-66.260,0.401261,0.914994,-0.042128,-0.915165,0.402407,0.023263,0.038238,0.029220,0.998841,0,0.48000,-0.17994,28.800,-0.360,-1,425.000,-1,400.000,-1,325.000,325.000,300.000,300.000,-1,-1,-1,-1,925.000,825.000,-1,-1,2,0,2,0,2,0,0,0,0,2,2,2,2,0,0,2,2
107,8909.946,-1762.517,208.500,-66.629,0.395402,0.917579,-0.041293,-0.917725,0.396522,0.023482,0.037920,0.028611,0.998871,0,0.56000,-0.18423,33.600,-0.368,-1,425.000,-1,400.000,-1,325.000,325.000,300.000,300.000,-1,-1,-1,-1,925.000,825.000,-1,-1,2,0,2,0,2,0,0,0,0,2,2,2,2,0,0,2,2
108,8924.946,-1797.867,209.886,-67.007,0.389371,0.920199,-0.040306,-0.920314,0.390459,0.023731,0.037575,0.027854,0.998906,0,0.64000,-0.18927,38.400,-0.379,-1,425.000,-1,400.000,-1,325.000,325.000,300.000,300.000,-1,-1,-1,-1,950.000,825.000,-1,-1,2,0,2,0,2,0,0,0,0,2,2,2,2,0,0,2,2
109,8941.548,-1837.749,211.420,-67.398,0.383143,0.922859,-0.039155,-0.922940,0.384195,0.024007,0.037198,0.026940,0.998945,0,0.72000,-0.19505,43.200,-0.390,-1,425.000,-1,400.000,-1,325.000,325.000,300.000,300.000,-1,-1,-1,-1,950.000,850.000,-1,-1,2,0,2,0,2,0,0,0,0,2,2,2,2,0,0,2,2
110,8959.593,-1881.417,213.135,-67.548,0.380793,0.923897,-0.037566,-0.923933,0.381791,0.024176,0.036679,0.025503,0.999002,0,0.78749,-0.07505,47.250,-0.150,-1,425.000,-1,400.000,-1,325.000,325.000,300.000,325.000,-1,-1,-1,-1,950.000,850.000,-1,-1,2,0,2,0,2,0,0,0,0,2,2,2,2,0,0,2,2
111,8977.799,-1925.279,214.590,-67.458,0.382310,0.923313,-0.036492,-0.923353,0.383247,0.023271,0.035472,0.024798,0.999063,0,0.79150,0.04495,47.490,0.090,-1,425.000,-1,400.000,-1,325.000,325.000,300.000,300.000,-1,-1,-1,-1,950.000,850.000,-1,-1,2,0,2,0,2,0,0,0,0,2,2,2,2,0,0,2,2
112,8996.257,-1969.035,215.907,-67.128,0.387688,0.921101,-0.035652,-0.921164,0.388561,0.021854,0.033983,0.024368,0.999125,0,0.79150,0.16495,47.490,0.330,-1,425.000,-1,400.000,-1,325.000,325.000,300.000,300.000,-1,-1,-1,-1,950.000,850.000,-1,-1,2,0,2,0,2,0,0,0,0,2,2,2,2,0,0,2,2
113,9015.149,-2012.605,217.207,-66.558,0.396900,0.917203,-0.034756,-0.917285,0.397709,0.020413,0.032545,0.023779,0.999187,0,0.79150,0.28495,47.490,0.570,-1,425.000,-1,400.000,-1,325.000,325.000,300.000,300.000,-1,-1,-1,-1,950.000,850.000,-1,-1,2,0,2,0,2,0,0,0,0,2,2,2,2,0,0,2,2
114,9034.655,-2055.904,218.504,-65.748,0.409896,0.911506,-0.033799,-0.911601,0.410641,0.018922,0.031126,0.023055,0.999250,0,0.79150,0.40495,47.490,0.810,-1,425.000,-1,400.000,-1,325.000,325.000,300.000,300.000,-1,-1,-1,-1,950.000,850.000,-1,-1,2,0,2,0,2,0,0,0,0,2,2,2,2,0,0,2,2
115,9054.951,-2098.838,219.805,-64.698,0.426602,0.903846,-0.032764,-0.903952,0.427282,0.017371,0.029700,0.022207,0.999312,0,0.79150,0.52495,47.490,1.050,-1,425.000,-1,400.000,-1,325.000,325.000,300.000,300.000,-1,-1,-1,-1,950.000,850.000,-1,-1,2,0,2,0,2,0,0,0,0,2,2,2,2,0,0,2,2
116,9076.288,-2141.463,221.082,-63.408,0.446921,0.894020,-0.031465,-0.894129,0.447531,0.015808,0.028214,0.021069,0.999380,0,0.79445,0.64495,47.667,1.290,-1,425.000,-1,400.000,-1,325.000,325.000,300.000,300.000,-1,-1,-1,-1,950.000,850.000,-1,-1,2,0,2,0,2,0,0,0,0,2,2,2,2,0,0,2,2
117,9098.840,-2183.757,222.349,-61.932,0.469883,0.882222,-0.029903,-0.882326,0.470422,0.014265,0.026652,0.019681,0.999451,0,0.79885,0.73792,47.931,1.476,-1,425.000,-1,400.000,-1,325.000,325.000,300.000,300.000,-1,-1,-1,-1,950.000,825.000,-1,-1,2,0,2,0,2,0,0,0,0,2,2,2,2,0,0,2,2
118,9122.589,-2225.672,223.592,-60.464,0.492432,0.869901,-0.027982,-0.869995,0.492896,0.012765,0.024896,0.018058,0.999527,0,0.80293,0.73440,48.176,1.469,-1,425.000,-1,400.000,-1,325.000,325.000,300.000,300.000,-1,-1,-1,-1,950.000,825.000,-1,-1,2,0,2,0,2,0,0,0,0,2,2,2,2,0,0,2,2
119,9147.514,-2267.160,224.701,-59.003,0.514564,0.857083,-0.025142,-0.857154,0.514937,0.011261,0.022598,0.015756,0.999620,0,0.80667,0.73055,48.400,1.461,-1,425.000,-1,400.000,-1,325.000,325.000,300.000,300.000,-1,-1,-1,-1,925.000,825.000,-1,-1,2,0,2,0,2,0,0,0,0,2,2,2,2,0,0,2,2
120,9173.591,-2308.173,225.819,-57.550,0.536228,0.843783,-0.022140,-0.843830,0.536518,0.009908,0.020238,0.013369,0.999706,0,0.81002,0.72635,48.601,1.453,-1,425.000,-1,400.000,-1,325.000,325.000,300.000,300.000,-1,-1,-1,-1,925.000,800.000,-1,-1,2,0,2,0,2,0,0,0,0,2,2,2,2,0,0,2,2
121,9200.792,-2348.662,226.942,-56.106,0.557407,0.830023,-0.018984,-0.830048,0.557623,0.008718,0.017822,0.010898,0.999782,0,0.81296,0.72183,48.777,1.444,-1,425.000,-1,400.000,-1,325.000,325.000,300.000,300.000,-1,-1,-1,-1,900.000,800.000,-1,-1,2,0,2,0,2,0,0,0,0,2,2,2,2,0,0,2,2
122,9229.345,-2388.915,228.079,-54.650,0.578398,0.815605,-0.015653,-0.815611,0.578550,0.007700,0.015336,0.008314,0.999848,0,0.82254,0.72808,49.352,1.456,-1,425.000,-1,400.000,-1,325.000,325.000,300.000,300.000,-1,-1,-1,-1,900.000,800.000,-1,-1,2,0,2,0,2,0,0,0,0,2,2,2,2,0,0,2,2
123,9259.073,-2428.657,228.959,-53.202,0.598871,0.800733,-0.013409,-0.800730,0.598985,0.006910,0.013565,0.006599,0.999886,0,0.82717,0.72407,49.630,1.448,-1,425.000,-1,400.000,-1,325.000,325.000,300.000,300.000,-1,-1,-1,-1,900.000,800.000,-1,-1,2,0,2,0,2,0,0,0,0,2,2,2,2,0,0,2,2
124,9289.950,-2467.841,229.597,-51.763,0.618818,0.785440,-0.012177,-0.785436,0.618912,0.006269,0.012460,0.005685,0.999906,0,0.83146,0.71963,49.888,1.439,-1,425.000,-1,400.000,975.000,325.000,325.000,300.000,300.000,-1,-1,-1,-1,925.000,800.000,-1,-1,2,0,2,0,1,0,0,0,0,2,2,2,2,0,0,2,2
125,9321.944,-2506.424,230.227,-50.333,0.638241,0.769760,-0.010859,-0.769753,0.638316,0.005723,0.011337,0.004706,0.999925,0,0.83538,0.71474,50.123,1.429,-1,425.000,-1,400.000,925.000,325.000,325.000,300.000,300.000,-1,-1,-1,-1,925.000,825.000,-1,-1,2,0,2,0,1,0,0,0,0,2,2,2,2,0,0,2,2
126,9355.022,-2544.361,230.848,-48.914,0.657125,0.753722,-0.009461,-0.753712,0.657183,0.005282,0.010198,0.003660,0.999941,0,0.83887,0.70941,50.332,1.419,-1,425.000,-1,400.000,900.000,325.000,325.000,300.000,300.000,-1,-1,-1,-1,950.000,825.000,-1,1000.000,2,0,2,0,1,0,0,0,0,2,2,2,2,0,0,2,1
127,9389.143,-2581.608,231.404,-47.507,0.675455,0.737357,-0.008030,-0.737347,0.675498,0.004699,0.008889,0.002747,0.999957,0,0.84189,0.70364,50.514,1.407,-1,425.000,-1,400.000,850.000,325.000,325.000,300.000,300.000,-1,-1,-1,-1,950.000,825.000,-1,975.000,2,0,2,0,1,0,0,0,0,2,2,2,2,0,1,2,1
128,9424.266,-2618.121,231.958,-46.112,0.693220,0.720697,-0.006515,-0.720686,0.693248,0.004288,0.007607,0.001723,0.999970,0,0.84440,0.69743,50.664,1.395,-1,425.000,-1,400.000,825.000,325.000,325.000,300.000,300.000,-1,-1,-1,-1,975.000,800.000,-1,950.000,2,0,2,0,1,0,0,0,0,2,2,2,2,0,1,2,1
129,9460.342,-2653.859,232.439,-44.731,0.710407,0.703773,-0.004966,-0.703764,0.710424,0.003721,0.006146,0.000851,0.999981,0,0.84634,0.69079,50.780,1.382,-1,425.000,-1,400.000,800.000,325.000,325.000,300.000,325.000,-1,-1,-1,-1,975.000,800.000,-1,925.000,2,0,2,0,1,0,0,0,0,2,2,2,2,0,1,2,1
130,9497.318,-2688.781,232.546,-43.363,0.727010,0.686618,-0.003488,-0.686618,0.727017,0.001577,0.003619,0.001249,0.999993,0,0.84768,0.68375,50.861,1.367,-1,425.000,-1,400.000,775.000,325.000,325.000,300.000,300.000,-1,-1,-1,-1,975.000,775.000,-1,900.000,2,0,2,0,1,0,0,0,0,2,2,2,2,0,1,2,1
131,9535.141,-2722.849,232.607,-42.010,0.743021,0.669265,-0.001868,-0.669267,0.743022,-0.000386,0.001130,0.001536,0.999998,0,0.84838,0.67631,50.903,1.353,-1,425.000,-1,400.000,750.000,325.000,325.000,300.000,300.000,-1,-1,-1,-1,975.000,750.000,-1,875.000,2,0,2,0,1,0,0,0,0,2,2,2,2,0,1,2,1
132,9573.749,-2756.026,232.618,-40.673,0.758438,0.651746,-0.000118,-0.651744,0.758436,-0.002119,-0.001292,0.001684,0.999998,0,0.84841,0.66851,50.905,1.337,-1,425.000,-1,400.000,700.000,325.000,325.000,300.000,300.000,-1,-1,-1,-1,975.000,725.000,-1,825.000,2,0,2,0,1,0,0,0,0,2,2,2,2,0,1,2,1
133,9613.080,-2788.279,232.433,-39.353,0.773256,0.634091,0.001753,-0.634086,0.773257,-0.002872,-0.003176,0.001109,0.999994,0,0.84774,0.66039,50.864,1.321,-1,425.000,-1,400.000,675.000,325.000,325.000,300.000,300.000,-1,-1,-1,-1,975.000,725.000,-1,800.000,2,0,2,0,1,0,0,0,0,2,2,2,2,0,1,2,1
134,9653.069,-2819.577,232.198,-38.049,0.787479,0.616331,0.003682,-0.616321,0.787487,-0.003386,-0.004986,0.000397,0.999987,0,0.84635,0.65198,50.781,1.304,-1,425.000,-1,400.000,650.000,325.000,325.000,300.000,300.000,-1,-1,-1,-1,975.000,725.000,-1,775.000,2,0,2,0,1,0,0,0,0,2,2,2,2,0,1,2,1
135,9693.651,-2849.893,231.942,-36.762,0.801109,0.598492,0.005656,-0.598480,0.801129,-0.003805,-0.006808,-0.000337,0.999977,0,0.84425,0.64334,50.655,1.287,-1,425.000,-1,400.000,625.000,325.000,325.000,300.000,300.000,-1,-1,-1,-1,1000.000,725.000,-1,800.000,2,0,2,0,1,0,0,0,0,2,2,2,2,0,1,2,1
