timestep,x_cm,y_cm,z_cm,yaw_deg,basis_xx,basis_xy,basis_xz,basis_yx,basis_yy,basis_yz,basis_zx,basis_zy,basis_zz,teleport_flag,throttle_cmd,steering_cmd,cmd_move_cm,cmd_turn_deg,lidar_cm_0,lidar_cm_1,lidar_cm_2,lidar_cm_3,lidar_cm_4,lidar_cm_5,lidar_cm_6,lidar_cm_7,lidar_cm_8,lidar_cm_9,lidar_cm_10,lidar_cm_11,lidar_cm_12,lidar_cm_13,lidar_cm_14,lidar_cm_15,lidar_cm_16,lidar_class_0,lidar_class_1,lidar_class_2,lidar_class_3,lidar_class_4,lidar_class_5,lidar_class_6,lidar_class_7,lidar_class_8,lidar_class_9,lidar_class_10,lidar_class_11,lidar_class_12,lidar_class_13,lidar_class_14,lidar_class_15,lidar_class_16
0,-8850.363,-328.839,87.290,-10.475,0.982441,0.181809,0.041900,-0.181548,0.983331,-0.009997,-0.043019,0.002214,0.999072,1,0.08000,-0.03694,4.800,-0.074,-1,375.000,-1,375.000,-1,325.000,300.000,300.000,325.000,625.000,-1,-1,-1,725.000,675.000,-1,-1,2,0,2,0,2,0,0,0,0,1,2,2,2,0,0,2,2
1,-8840.932,-330.636,86.885,-10.789,0.981439,0.187194,0.041671,-0.186944,0.982321,-0.009835,-0.042775,0.001862,0.999083,0,0.16000,-0.15694,9.600,-0.314,-1,375.000,-1,375.000,-1,325.000,300.000,300.000,325.000,625.000,-1,-1,-1,725.000,675.000,-1,-1,2,0,2,0,2,0,0,0,0,1,2,2,2,0,0,2,2
2,-8826.805,-333.428,86.278,-11.179,0.980155,0.193878,0.041324,-0.193646,0.981025,-0.009586,-0.042398,0.001394,0.999100,0,0.24000,-0.19507,14.400,-0.390,-1,375.000,-1,375.000,-1,325.000,300.000,300.000,325.000,600.000,-1,-1,-1,725.000,675.000,-1,-1,2,0,2,0,2,0,0,0,0,1,2,2,2,0,0,2,2
3,-8807.996,-337.279,85.472,-11.570,0.978829,0.200561,0.040854,-0.200350,0.979681,-0.009248,-0.041878,0.000867,0.999122,0,0.32000,-0.19529,19.200,-0.391,-1,375.000,-1,375.000,-1,325.000,300.000,300.000,325.000,600.000,1000.000,-1,-1,725.000,675.000,-1,-1,2,0,2,0,2,0,0,0,0,1,0,2,2,0,0,2,2
4,-8784.517,-342.253,84.467,-11.961,0.977460,0.207245,0.040257,-0.207058,0.978289,-0.008816,-0.041210,0.000282,0.999150,0,0.40000,-0.19559,24.000,-0.391,-1,375.000,-1,375.000,-1,325.000,300.000,300.000,325.000,600.000,950.000,-1,-1,725.000,675.000,-1,-1,2,0,2,0,2,0,0,0,0,1,0,2,2,0,0,2,2
5,-8756.384,-348.414,83.266,-12.353,0.976049,0.213931,0.039530,-0.213771,0.976849,-0.008290,-0.040388,-0.000359,0.999184,0,0.48000,-0.19593,28.800,-0.392,-1,375.000,-1,375.000,-1,325.000,300.000,300.000,325.000,600.000,875.000,950.000,-1,700.000,675.000,-1,-1,2,0,2,0,2,0,0,0,0,1,0,0,2,0,0,2,2
6,-8723.612,-355.827,81.872,-12.745,0.974593,0.220620,0.038665,-0.220490,0.975359,-0.007666,-0.039403,-0.001054,0.999223,0,0.56000,-0.19632,33.600,-0.393,-1,375.000,-1,375.000,-1,300.000,300.000,300.000,325.000,600.000,800.000,850.000,-1,700.000,675.000,-1,-1,2,0,2,0,2,0,0,0,0,1,0,0,2,0,0,2,2
7,-8686.217,-364.555,80.290,-13.139,0.973094,0.227312,0.037656,-0.227213,0.973820,-0.006941,-0.038248,-0.001801,0.999267,0,0.64000,-0.19671,38.400,-0.393,-1,375.000,-1,375.000,-1,300.000,300.000,300.000,325.000,600.000,725.000,775.000,-1,700.000,675.000,-1,-1,2,0,2,0,2,0,0,0,0,1,0,0,2,0,0,2,2
8,-8644.217,-374.664,78.523,-13.533,0.971550,0.234006,0.036496,-0.233941,0.972232,-0.006113,-0.036913,-0.002599,0.999315,0,0.72000,-0.19710,43.200,-0.394,-1,375.000,-1,375.000,-1,300.000,300.000,300.000,325.000,600.000,650.000,700.000,-1,700.000,675.000,-1,-1,2,0,2,0,2,0,0,0,0,1,0,0,2,0,0,2,2
9,-8597.628,-386.218,76.604,-13.928,0.969960,0.240701,0.035231,-0.240665,0.970594,-0.005301,-0.035471,-0.003337,0.999365,0,0.80000,-0.19743,48.000,-0.395,-1,375.000,-1,375.000,-1,300.000,300.000,300.000,325.000,625.000,600.000,650.000,-1,700.000,650.000,-1,-1,2,0,2,0,2,0,0,0,0,1,0,0,2,0,0,2,2
10,-8546.517,-399.465,74.727,-14.530,0.967436,0.250883,0.033530,-0.250853,0.968011,-0.005186,-0.033758,-0.003394,0.999424,0,0.88000,-0.30095,52.800,-0.602,-1,375.000,-1,375.000,-1,300.000,300.000,325.000,300.000,625.000,575.000,600.000,-1,700.000,650.000,-1,-1,2,0,2,0,2,0,0,0,0,1,0,0,2,0,0,2,2
11,-8494.388,-413.562,72.903,-15.132,0.964814,0.261044,0.031467,-0.261010,0.965322,-0.005259,-0.031749,-0.003139,0.999491,0,0.90002,-0.30110,54.001,-0.602,-1,375.000,-1,375.000,-1,300.000,300.000,325.000,300.000,625.000,525.000,550.000,-1,725.000,650.000,-1,-1,2,0,2,0,2,0,0,0,0,1,0,0,2,0,0,2,2
12,-8442.532,-428.171,71.328,-15.734,0.962062,0.271174,0.030031,-0.271156,0.962524,-0.004756,-0.030195,-0.003568,0.999538,0,0.89791,-0.30109,53.875,-0.602,-1,375.000,-1,375.000,-1,300.000,300.000,325.000,300.000,650.000,525.000,550.000,-1,725.000,650.000,-1,-1,2,0,2,0,2,0,0,0,0,1,0,0,2,0,0,2,2
13,-8390.953,-443.289,70.061,-16.336,0.959208,0.281269,0.028415,-0.281293,0.959617,-0.003222,-0.028174,-0.004902,0.999591,0,0.89582,-0.30094,53.749,-0.602,-1,375.000,-1,375.000,-1,300.000,300.000,325.000,300.000,650.000,525.000,550.000,-1,725.000,650.000,-1,-1,2,0,2,0,2,0,0,0,0,1,0,0,2,0,0,2,2
14,-8339.654,-458.911,68.846,-16.937,0.956251,0.291321,0.026765,-0.291382,0.956605,-0.001692,-0.026096,-0.006181,0.999640,0,0.89376,-0.30063,53.626,-0.601,-1,375.000,-1,375.000,-1,300.000,300.000,325.000,300.000,650.000,500.000,525.000,-1,725.000,675.000,-1,-1,2,0,2,0,2,0,0,0,0,1,0,0,2,0,0,2,2
15,-8288.635,-475.034,67.686,-17.538,0.953191,0.301326,0.025080,-0.301417,0.953492,-0.000166,-0.023963,-0.007402,0.999685,0,0.89176,-0.30018,53.506,-0.600,-1,375.000,-1,375.000,-1,300.000,300.000,325.000,300.000,675.000,500.000,525.000,-1,750.000,675.000,-1,-1,2,0,2,0,2,0,0,0,1,1,0,0,2,0,0,2,2
16,-8237.898,-491.654,66.567,-18.137,0.950031,0.311277,0.023421,-0.311393,0.950280,0.001398,-0.021821,-0.008621,0.999725,0,0.88983,-0.29958,53.390,-0.599,-1,375.000,-1,375.000,-1,300.000,300.000,325.000,300.000,675.000,500.000,525.000,-1,750.000,700.000,-1,-1,2,0,2,0,2,0,0,0,1,1,0,0,2,0,0,2,2
17,-8187.442,-508.766,65.480,-18.735,0.946770,0.321169,0.021840,-0.321307,0.946970,0.003031,-0.019708,-0.009886,0.999757,0,0.88799,-0.29884,53.280,-0.598,-1,375.000,-1,375.000,-1,300.000,300.000,325.000,300.000,700.000,500.000,525.000,-1,775.000,700.000,-1,-1,2,0,2,0,2,0,0,0,1,1,0,0,2,0,0,2,2
18,-8137.264,-526.368,64.446,-19.331,0.943415,0.330997,0.020252,-0.331150,0.943566,0.004675,-0.017561,-0.011116,0.999784,0,0.88626,-0.29796,53.176,-0.596,-1,400.000,-1,375.000,-1,300.000,300.000,325.000,300.000,700.000,500.000,525.000,-1,775.000,725.000,-1,-1,2,0,2,0,2,0,0,0,1,1,0,0,2,0,0,2,2
19,-8084.672,-545.403,63.415,-19.897,0.940129,0.340311,0.018570,-0.340475,0.940232,0.006417,-0.015276,-0.012355,0.999807,0,0.93218,-0.28345,55.931,-0.567,-1,400.000,-1,375.000,-1,325.000,300.000,325.000,325.000,725.000,475.000,525.000,-1,800.000,750.000,-1,-1,2,0,2,0,2,0,0,0,1,1,0,0,2,0,0,2,2
20,-8032.362,-564.921,62.445,-20.462,0.936765,0.349553,0.016879,-0.349720,0.936819,0.008169,-0.012957,-0.013556,0.999824,0,0.93055,-0.28224,55.833,-0.564,-1,400.000,-1,375.000,-1,325.000,325.000,325.000,325.000,750.000,450.000,500.000,-1,800.000,750.000,-1,-1,2,0,2,0,2,0,0,0,0,1,0,0,2,0,0,2,2
21,-7980.329,-584.920,61.592,-21.024,0.933322,0.358716,0.015267,-0.358879,0.933334,0.009660,-0.010784,-0.014495,0.999837,0,0.92907,-0.28089,55.744,-0.562,-1,400.000,-1,375.000,-1,325.000,325.000,325.000,325.000,750.000,425.000,475.000,-1,825.000,775.000,-1,-1,2,0,2,0,2,0,0,0,0,1,0,0,2,0,0,2,2
22,-7928.566,-605.395,60.876,-21.583,0.929799,0.367799,0.014093,-0.367954,0.929783,0.010667,-0.009180,-0.015104,0.999844,0,0.92776,-0.27940,55.665,-0.559,-1,400.000,-1,400.000,-1,325.000,325.000,325.000,325.000,775.000,425.000,475.000,-1,850.000,800.000,-1,-1,2,0,2,0,2,0,0,0,0,1,0,0,2,0,0,2,2
23,-7877.068,-626.346,60.090,-22.138,0.926200,0.376790,0.013548,-0.376948,0.926157,0.012009,-0.008023,-0.016230,0.999836,0,0.92661,-0.27777,55.597,-0.556,-1,400.000,-1,400.000,-1,325.000,325.000,325.000,325.000,800.000,450.000,475.000,-1,875.000,800.000,-1,-1,2,0,2,0,2,0,0,0,0,1,0,0,2,0,0,2,2
24,-7825.828,-647.770,59.352,-22.690,0.922536,0.385688,0.013092,-0.385848,0.922466,0.013346,-0.006929,-0.017363,0.999825,0,0.92564,-0.27602,55.538,-0.552,-1,400.000,-1,400.000,-1,325.000,325.000,325.000,325.000,825.000,450.000,500.000,-1,900.000,825.000,-1,-1,2,0,2,0,2,0,0,0,0,1,0,0,2,0,0,2,2
25,-7774.839,-669.664,58.808,-23.238,0.918805,0.394486,0.013351,-0.394661,0.918705,0.014984,-0.006355,-0.019036,0.999799,0,0.92484,-0.27414,55.491,-0.548,-1,425.000,-1,400.000,-1,325.000,325.000,325.000,325.000,825.000,475.000,525.000,-1,925.000,850.000,-1,-1,2,0,2,0,2,0,0,0,0,1,0,0,2,0,0,2,2
26,-7724.095,-692.026,58.228,-23.783,0.915008,0.403185,0.014212,-0.403382,0.914891,0.016021,-0.006543,-0.020392,0.999771,0,0.92422,-0.27215,55.453,-0.544,-1,425.000,-1,400.000,-1,325.000,325.000,300.000,325.000,850.000,550.000,600.000,-1,925.000,850.000,-1,-1,2,0,2,0,2,0,0,0,0,1,0,0,2,0,0,2,2
27,-7673.588,-714.854,57.411,-24.323,0.911149,0.411787,0.015471,-0.412008,0.911043,0.015827,-0.007578,-0.020795,0.999755,0,0.92377,-0.27005,55.426,-0.540,-1,400.000,-1,400.000,-1,325.000,325.000,300.000,300.000,875.000,625.000,675.000,-1,950.000,875.000,-1,-1,2,0,2,0,2,0,0,0,0,1,0,0,2,0,0,2,2
28,-7623.312,-738.147,56.600,-24.858,0.907238,0.420283,0.016795,-0.420529,0.907145,0.015623,-0.008669,-0.021236,0.999737,0,0.92349,-0.26783,55.409,-0.536,-1,400.000,-1,400.000,-1,325.000,325.000,300.000,300.000,900.000,700.000,750.000,-1,950.000,900.000,-1,-1,2,0,2,0,2,0,0,0,0,1,0,0,2,0,0,2,2
29,-7573.261,-761.902,55.815,-25.389,0.903278,0.428669,0.018209,-0.428942,0.903202,0.015309,-0.009884,-0.021639,0.999717,0,0.92338,-0.26552,55.403,-0.531,-1,400.000,-1,400.000,-1,325.000,325.000,300.000,300.000,950.000,800.000,850.000,-1,950.000,900.000,-1,-1,2,0,2,0,2,0,0,0,0,1,0,0,2,0,0,2,2
30,-7523.427,-786.117,55.058,-25.916,0.899273,0.436942,0.019715,-0.437243,0.899220,0.014883,-0.011225,-0.022004,0.999695,0,0.92343,-0.26311,55.406,-0.526,-1,425.000,-1,400.000,-1,325.000,325.000,300.000,300.000,975.000,925.000,975.000,-1,975.000,925.000,-1,-1,2,0,2,0,2,0,0,0,0,1,0,0,2,0,0,2,2
31,-7473.804,-810.789,54.328,-26.437,0.895227,0.445101,0.021311,-0.445430,0.895202,0.014338,-0.012696,-0.022328,0.999670,0,0.92363,-0.26061,55.418,-0.521,-1,425.000,-1,400.000,-1,325.000,325.000,300.000,300.000,1000.000,-1,-1,-1,975.000,950.000,-1,-1,2,0,2,0,2,0,0,0,0,1,2,2,2,0,0,2,2
32,-7424.386,-835.918,53.625,-26.953,0.891141,0.453143,0.023000,-0.453501,0.891151,0.013671,-0.014302,-0.022613,0.999642,0,0.92400,-0.25802,55.440,-0.516,-1,425.000,-1,400.000,-1,325.000,325.000,300.000,300.000,-1,-1,-1,-1,1000.000,950.000,-1,-1,2,0,2,0,2,0,0,0,0,2,2,2,2,0,0,2,2
33,-7375.167,-861.500,52.921,-27.464,0.887022,0.461064,0.024750,-0.461452,0.887069,0.013033,-0.015946,-0.022981,0.999609,0,0.92450,-0.25534,55.470,-0.511,-1,425.000,-1,400.000,-1,325.000,325.000,300.000,300.000,-1,-1,-1,-1,1000.000,975.000,-1,-1,2,0,2,0,2,0,0,0,0,2,2,2,2,0,0,2,2
34,-7326.141,-887.533,52.078,-27.969,0.882879,0.468856,0.026435,-0.469285,0.882949,0.013114,-0.017192,-0.023983,0.999565,0,0.92515,-0.25258,55.509,-0.505,-1,425.000,-1,425.000,-1,350.000,325.000,300.000,300.000,-1,-1,-1,-1,-1,1000.000,-1,-1,2,0,2,0,2,0,0,0,0,2,2,2,2,2,0,2,2
35,-7277.302,-914.014,51.052,-28.468,0.878684,0.476513,0.029139,-0.477019,0.878788,0.013560,-0.019145,-0.025815,0.999483,0,0.92594,-0.24975,55.556,-0.499,-1,425.000,-1,425.000,-1,350.000,350.000,300.000,300.000,-1,-1,-1,-1,-1,-1,-1,-1,2,0,2,0,2,0,0,0,0,2,2,2,2,2,2,2,2
36,-7228.644,-940.942,49.818,-28.962,0.874430,0.484031,0.032955,-0.484659,0.874585,0.014381,-0.021861,-0.028547,0.999353,0,0.92685,-0.24684,55.611,-0.494,-1,425.000,-1,425.000,-1,350.000,350.000,300.000,300.000,-1,-1,-1,-1,-1,-1,-1,-1,2,0,2,0,2,0,0,0,0,2,2,2,2,2,2,2,2
37,-7180.164,-968.313,48.566,-29.450,0.870141,0.491417,0.036937,-0.492184,0.870359,0.015161,-0.024698,-0.031373,0.999203,0,0.92789,-0.24386,55.674,-0.488,-1,425.000,-1,425.000,-1,350.000,350.000,300.000,300.000,-1,-1,-1,-1,-1,-1,-1,-1,2,0,2,0,2,0,0,0,0,2,2,2,2,2,2,2,2
38,-7131.854,-996.125,47.188,-29.931,0.865837,0.498674,0.040630,-0.499579,0.866126,0.015721,-0.027351,-0.033909,0.999051,0,0.92905,-0.24081,55.743,-0.482,-1,425.000,-1,425.000,-1,350.000,350.000,300.000,300.000,-1,-1,-1,-1,-1,-1,-1,-1,2,0,2,0,2,0,0,0,0,2,2,2,2,2,2,2,2
39,-7083.712,-1024.377,45.457,-30.407,0.861566,0.505819,0.043035,-0.506808,0.861916,0.015686,-0.029159,-0.035325,0.998950,0,0.93032,-0.23770,55.819,-0.475,-1,450.000,-1,425.000,-1,350.000,350.000,300.000,300.000,-1,-1,-1,-1,-1,-1,-1,-1,2,0,2,0,2,0,0,0,0,2,2,2,2,2,2,2,2
40,-7035.732,-1053.064,43.619,-30.876,0.857275,0.512834,0.045606,-0.513909,0.857707,0.015347,-0.031246,-0.036594,0.998842,0,0.93170,-0.23453,55.902,-0.469,-1,450.000,-1,450.000,-1,350.000,350.000,300.000,300.000,-1,-1,-1,-1,-1,-1,-1,-1,2,0,2,0,2,0,0,0,0,2,2,2,2,2,2,2,2
41,-6987.910,-1082.184,41.181,-31.338,0.852922,0.519748,0.048852,-0.520858,0.853549,0.012697,-0.035098,-0.036274,0.998725,0,0.93318,-0.23129,55.991,-0.463,-1,425.000,-1,450.000,-1,350.000,350.000,300.000,300.000,-1,-1,-1,-1,1000.000,-1,-1,-1,2,0,2,0,2,0,0,0,0,2,2,2,2,0,2,2,2
42,-6940.240,-1111.734,38.685,-31.794,0.848554,0.526531,0.052159,-0.527663,0.849396,0.009929,-0.039075,-0.035948,0.998589,0,0.93476,-0.22800,56.085,-0.456,-1,425.000,-1,425.000,-1,350.000,350.000,300.000,300.000,-1,-1,-1,-1,1000.000,-1,-1,-1,2,0,2,0,2,0,0,0,0,2,2,2,2,0,2,2,2
43,-6892.718,-1141.710,36.131,-32.244,0.844176,0.533182,0.055526,-0.534324,0.845251,0.007042,-0.043179,-0.035614,0.998432,0,0.93643,-0.22465,56.186,-0.449,-1,425.000,-1,425.000,-1,350.000,350.000,300.000,300.000,-1,-1,-1,-1,975.000,1000.000,-1,-1,2,0,2,0,2,0,0,0,0,2,2,2,2,0,0,2,2
44,-6845.340,-1172.110,33.517,-32.686,0.839790,0.539700,0.058953,-0.540837,0.841118,0.004032,-0.047410,-0.035270,0.998253,0,0.93819,-0.22125,56.291,-0.442,-1,425.000,-1,425.000,-1,350.000,350.000,300.000,300.000,-1,-1,-1,-1,950.000,975.000,-1,-1,2,0,2,0,2,0,0,0,0,2,2,2,2,0,0,2,2
45,-6798.102,-1202.929,30.841,-33.122,0.835399,0.546086,0.062439,-0.547201,0.837001,0.000899,-0.051771,-0.034918,0.998048,0,0.94003,-0.21780,56.402,-0.436,-1,425.000,-1,425.000,-1,350.000,350.000,300.000,275.000,-1,-1,-1,-1,950.000,950.000,-1,-1,2,0,2,0,2,0,0,0,0,2,2,2,2,0,0,2,2
46,-6751.000,-1234.165,27.953,-33.550,0.831017,0.552327,0.065915,-0.553443,0.832886,-0.001587,-0.055776,-0.035161,0.997824,0,0.94196,-0.21429,56.518,-0.429,-1,425.000,-1,425.000,-1,350.000,350.000,300.000,275.000,-1,-1,-1,-1,925.000,925.000,-1,-1,2,0,2,0,2,0,0,0,0,2,2,2,2,0,0,2,2
47,-6708.130,-1263.094,25.013,-34.013,0.826278,0.559014,0.069050,-0.560192,0.828358,-0.002751,-0.058736,-0.036408,0.997609,0,0.86196,-0.23150,51.718,-0.463,-1,425.000,-1,425.000,-1,350.000,350.000,300.000,275.000,-1,-1,-1,-1,925.000,925.000,-1,-1,2,0,2,0,2,0,0,0,0,2,2,2,2,0,0,2,2
48,-6669.449,-1289.647,22.276,-34.470,0.821555,0.565571,0.071951,-0.566805,0.823843,-0.003897,-0.061481,-0.037580,0.997401,0,0.78196,-0.22822,46.918,-0.456,-1,425.000,-1,425.000,-1,350.000,350.000,300.000,275.000,-1,-1,-1,-1,900.000,900.000,-1,-1,2,0,2,0,2,0,0,0,0,2,2,2,2,0,0,2,2
49,-6634.915,-1313.758,19.743,-34.923,0.816814,0.572036,0.074764,-0.573335,0.819307,-0.004875,-0.064043,-0.038883,0.997189,0,0.70196,-0.22642,42.118,-0.453,-1,425.000,-1,425.000,-1,350.000,350.000,300.000,275.000,-1,-1,-1,-1,900.000,900.000,-1,-1,2,0,2,0,2,0,0,0,0,2,2,2,2,0,0,2,2
50,-6604.486,-1335.362,17.443,-35.375,0.812028,0.578462,0.077416,-0.579833,0.814716,-0.005707,-0.066373,-0.040254,0.996983,0,0.62196,-0.22642,37.318,-0.453,-1,425.000,-1,425.000,-1,325.000,325.000,300.000,275.000,-1,-1,-1,-1,875.000,900.000,-1,-1,2,0,2,0,2,0,0,0,0,2,2,2,2,0,0,2,2
51,-6578.120,-1354.395,15.420,-35.828,0.807212,0.584852,0.079730,-0.586290,0.810076,-0.006445,-0.068356,-0.041542,0.996796,0,0.54196,-0.22642,32.518,-0.453,-1,425.000,-1,425.000,-1,325.000,325.000,300.000,275.000,-1,-1,-1,-1,850.000,875.000,-1,-1,2,0,2,0,2,0,0,0,0,2,2,2,2,0,0,2,2
52,-6555.776,-1370.797,13.682,-36.281,0.802372,0.591206,0.081703,-0.592706,0.805387,-0.007086,-0.069992,-0.042741,0.996632,0,0.46196,-0.22642,27.718,-0.453,-1,425.000,-1,425.000,-1,325.000,325.000,300.000,275.000,-1,-1,-1,-1,850.000,875.000,-1,-1,2,0,2,0,2,0,0,0,0,2,2,2,2,0,0,2,2
53,-6537.408,-1384.503,12.237,-36.734,0.797509,0.597524,0.083335,-0.599082,0.800652,-0.007626,-0.071279,-0.043842,0.996492,0,0.38196,-0.22642,22.918,-0.453,-1,425.000,-1,425.000,-1,325.000,325.000,300.000,275.000,-1,-1,-1,-1,850.000,875.000,-1,-1,2,0,2,0,2,0,0,0,0,2,2,2,2,0,0,2,2
54,-6522.974,-1395.453,11.084,-37.187,0.792627,0.603806,0.084622,-0.605417,0.795868,-0.008030,-0.072197,-0.044867,0.996381,0,0.30196,-0.22642,18.118,-0.453,-1,400.000,-1,425.000,-1,325.000,325.000,300.000,300.000,-1,-1,-1,-1,850.000,875.000,-1,-1,2,0,2,0,2,0,0,0,0,2,2,2,2,0,0,2,2
55,-6512.428,-1403.586,10.223,-37.640,0.787729,0.610050,0.085566,-0.611713,0.791037,-0.008277,-0.072736,-0.045822,0.996298,0,0.22196,-0.22642,13.318,-0.453,-1,400.000,-1,425.000,-1,325.000,325.000,300.000,300.000,-1,-1,-1,-1,825.000,850.000,-1,-1,2,0,2,0,2,0,0,0,0,2,2,2,2,0,0,2,2
56,-6505.724,-1408.840,9.673,-38.092,0.782815,0.616260,0.086169,-0.617964,0.786161,-0.008443,-0.072946,-0.046640,0.996245,0,0.14196,-0.22642,8.518,-0.453,-1,400.000,-1,425.000,-1,325.000,325.000,300.000,300.000,-1,-1,-1,-1,825.000,850.000,-1,-1,2,0,2,0,2,0,0,0,0,2,2,2,2,0,0,2,2
57,-6502.816,-1411.156,9.433,-38.545,0.777886,0.622434,0.086429,-0.624172,0.781241,-0.008523,-0.072827,-0.047317,0.996222,0,0.06196,-0.22642,3.718,-0.453,-1,400.000,-1,425.000,-1,325.000,325.000,300.000,300.000,-1,-1,-1,-1,825.000,850.000,-1,-1,2,0,2,0,2,0,0,0,0,2,2,2,2,0,0,2,2
58,-6503.657,-1410.475,9.501,-38.998,0.772942,0.628573,0.086350,-0.630334,0.776277,-0.008513,-0.072382,-0.047849,0.996229,0,-0.01804,-0.22642,-1.082,-0.453,-1,400.000,-1,425.000,-1,325.000,325.000,300.000,300.000,-1,-1,-1,-1,825.000,850.000,-1,-1,2,0,2,0,2,0,0,0,0,2,2,2,2,0,0,2,2
59,-6508.199,-1406.737,9.874,-39.451,0.767985,0.634677,0.085931,-0.636451,0.771271,-0.008407,-0.071611,-0.048234,0.996266,0,-0.09804,-0.22642,-5.882,-0.453,-1,400.000,-1,425.000,-1,325.000,325.000,300.000,300.000,-1,-1,-1,-1,825.000,850.000,-1,-1,2,0,2,0,2,0,0,0,0,2,2,2,2,0,0,2,2
60,-6516.394,-1399.884,10.547,-39.904,0.763014,0.640745,0.085175,-0.642523,0.766222,-0.008199,-0.070516,-0.048471,0.996332,0,-0.17804,-0.22642,-10.682,-0.453,-1,400.000,-1,425.000,-1,325.000,325.000,300.000,300.000,-1,-1,-1,-1,850.000,850.000,-1,-1,2,0,2,0,2,0,0,0,0,2,2,2,2,0,0,2,2
61,-6528.192,-1389.859,11.498,-40.357,0.758030,0.646776,0.084088,-0.648554,0.761129,-0.007807,-0.069051,-0.048618,0.996428,0,-0.25804,-0.22642,-15.482,-0.453,-1,425.000,-1,425.000,-1,325.000,325.000,300.000,275.000,-1,-1,-1,-1,850.000,850.000,-1,-1,2,0,2,0,2,0,0,0,0,2,2,2,2,0,0,2,2
62,-6543.544,-1376.603,12.717,-40.809,0.753032,0.652770,0.082675,-0.654542,0.755991,-0.007226,-0.067219,-0.048673,0.996550,0,-0.33804,-0.22642,-20.282,-0.453,-1,425.000,-1,425.000,-1,325.000,325.000,300.000,275.000,-1,-1,-1,-1,850.000,875.000,-1,-1,2,0,2,0,2,0,0,0,0,2,2,2,2,0,0,2,2
63,-6562.399,-1360.061,14.202,-41.262,0.748016,0.658726,0.080942,-0.660485,0.750811,-0.006488,-0.065046,-0.048607,0.996698,0,-0.41804,-0.22642,-25.082,-0.453,-1,425.000,-1,425.000,-1,325.000,325.000,300.000,275.000,-1,-1,-1,-1,875.000,875.000,-1,-1,2,0,2,0,2,0,0,0,0,2,2,2,2,0,0,2,2
64,-6583.448,-1341.297,15.843,-41.715,0.742971,0.664644,0.079010,-0.666385,0.745587,-0.005636,-0.062655,-0.048463,0.996858,0,-0.46997,-0.22642,-28.198,-0.453,-1,425.000,-1,425.000,-1,325.000,325.000,300.000,275.000,-1,-1,-1,-1,875.000,875.000,-1,-1,2,0,2,0,2,0,0,0,0,2,2,2,2,0,0,2,2
65,-6604.349,-1322.368,17.452,-42.168,0.737874,0.670521,0.077096,-0.672242,0.740316,-0.004758,-0.060265,-0.048317,0.997012,0,-0.46997,-0.22642,-28.198,-0.453,-1,425.000,-1,425.000,-1,350.000,325.000,300.000,275.000,-1,-1,-1,-1,900.000,875.000,-1,-1,2,0,2,0,2,0,0,0,0,2,2,2,2,0,0,2,2
66,-6625.099,-1303.274,19.031,-42.621,0.732726,0.676356,0.075202,-0.678058,0.734999,-0.003853,-0.057879,-0.048168,0.997161,0,-0.46997,-0.22642,-28.198,-0.453,-1,425.000,-1,425.000,-1,350.000,350.000,300.000,275.000,-1,-1,-1,-1,900.000,875.000,-1,-1,2,0,2,0,2,0,0,0,0,2,2,2,2,0,0,2,2
67,-6645.698,-1284.016,20.580,-43.074,0.727528,0.682148,0.073327,-0.683830,0.729636,-0.002924,-0.055497,-0.048016,0.997304,0,-0.46997,-0.22642,-28.198,-0.453,-1,425.000,-1,425.000,-1,350.000,350.000,300.000,275.000,-1,-1,-1,-1,925.000,900.000,-1,-1,2,0,2,0,2,0,0,0,0,2,2,2,2,0,0,2,2
68,-6666.143,-1264.597,22.072,-43.526,0.722270,0.687895,0.071602,-0.689563,0.724223,-0.001952,-0.053198,-0.047964,0.997431,0,-0.46997,-0.22642,-28.198,-0.453,-1,425.000,-1,425.000,-1,350.000,350.000,300.000,300.000,-1,-1,-1,-1,925.000,900.000,-1,-1,2,0,2,0,2,0,0,0,0,2,2,2,2,0,0,2,2
69,-6686.435,-1245.016,23.518,-43.979,0.716956,0.693597,0.069978,-0.695254,0.718764,-0.000947,-0.050955,-0.047973,0.997548,0,-0.46997,-0.22642,-28.198,-0.453,-1,425.000,-1,425.000,-1,350.000,350.000,300.000,300.000,-1,-1,-1,-1,950.000,900.000,-1,-1,2,0,2,0,2,0,0,0,0,2,2,2,2,0,0,2,2
70,-6703.212,-1228.706,24.685,-44.192,0.714492,0.696269,0.068633,-0.697906,0.716189,-0.000175,-0.049276,-0.047775,0.997642,0,-0.38997,-0.10642,-23.398,-0.213,-1,425.000,-1,425.000,-1,350.000,350.000,300.000,300.000,-1,-1,-1,-1,950.000,900.000,-1,-1,2,0,2,0,2,0,0,0,0,2,2,2,2,0,0,2,2
71,-6716.554,-1215.748,25.592,-44.165,0.714913,0.695942,0.067553,-0.697554,0.716533,0.000374,-0.048144,-0.047389,0.997716,0,-0.30997,0.01358,-18.598,0.027,-1,425.000,-1,425.000,-1,350.000,350.000,300.000,300.000,-1,-1,-1,-1,950.000,900.000,-1,-1,2,0,2,0,2,0,0,0,0,2,2,2,2,0,0,2,2
72,-6726.478,-1206.162,26.258,-44.008,0.716884,0.693991,0.066742,-0.695577,0.718451,0.000750,-0.047431,-0.046962,0.997770,0,-0.22997,0.07847,-13.798,0.157,-1,425.000,-1,425.000,-1,350.000,350.000,300.000,300.000,-1,-1,-1,-1,950.000,900.000,-1,-1,2,0,2,0,2,0,0,0,0,2,2,2,2,0,0,2,2
73,-6732.968,-1199.928,26.689,-43.852,0.718808,0.692048,0.066211,-0.693617,0.720343,0.000982,-0.047015,-0.046631,0.997805,0,-0.14997,0.07778,-8.998,0.156,-1,425.000,-1,425.000,-1,350.000,350.000,300.000,300.000,-1,-1,-1,-1,950.000,925.000,-1,-1,2,0,2,0,2,0,0,0,0,2,2,2,2,0,0,2,2
74,-6736.003,-1197.028,26.888,-43.698,0.720693,0.690109,0.065955,-0.691666,0.722217,0.001070,-0.046895,-0.046390,0.997822,0,-0.06997,0.07732,-4.198,0.155,-1,425.000,-1,425.000,-1,350.000,350.000,300.000,300.000,-1,-1,-1,-1,950.000,925.000,-1,-1,2,0,2,0,2,0,0,0,0,2,2,2,2,0,0,2,2
75,-6735.567,-1197.442,26.857,-43.543,0.722546,0.688168,0.065974,-0.689719,0.724077,0.001016,-0.047071,-0.046238,0.997821,0,0.01003,0.07711,0.602,0.154,-1,425.000,-1,425.000,-1,350.000,350.000,300.000,300.000,-1,-1,-1,-1,950.000,925.000,-1,-1,2,0,2,0,2,0,0,0,0,2,2,2,2,0,0,2,2
76,-6731.642,-1201.153,26.593,-43.389,0.724371,0.686217,0.066269,-0.687769,0.725930,0.000820,-0.047544,-0.046172,0.997801,0,0.09003,0.07714,5.402,0.154,-1,425.000,-1,425.000,-1,350.000,350.000,300.000,300.000,-1,-1,-1,-1,950.000,925.000,-1,-1,2,0,2,0,2,0,0,0,0,2,2,2,2,0,0,2,2
77,-6724.209,-1208.141,26.094,-43.234,0.726175,0.684253,0.066843,-0.685810,0.727781,0.000483,-0.048316,-0.046192,0.997763,0,0.17003,0.07742,10.202,0.155,-1,425.000,-1,425.000,-1,350.000,350.000,300.000,300.000,-1,-1,-1,-1,950.000,925.000,-1,-1,2,0,2,0,2,0,0,0,0,2,2,2,2,0,0,2,2
78,-6713.251,-1218.387,25.353,-43.078,0.727962,0.682267,0.067699,-0.683836,0.729636,0.000006,-0.049392,-0.046300,0.997706,0,0.25003,0.07794,15.002,0.156,-1,425.000,-1,425.000,-1,350.000,350.000,300.000,300.000,-1,-1,-1,-1,950.000,900.000,-1,-1,2,0,2,0,2,0,0,0,0,2,2,2,2,0,0,2,2
79,-6698.750,-1231.871,24.361,-42.921,0.729737,0.680253,0.068845,-0.681840,0.731501,-0.000609,-0.050774,-0.046497,0.997627,0,0.33003,0.07872,19.802,0.157,-1,425.000,-1,425.000,-1,350.000,350.000,300.000,300.000,-1,-1,-1,-1,950.000,900.000,-1,-1,2,0,2,0,2,0,0,0,0,2,2,2,2,0,0,2,2
80,-6680.688,-1248.575,23.101,-42.762,0.731503,0.678206,0.070284,-0.679814,0.733383,-0.001404,-0.052498,-0.046753,0.997526,0,0.41003,0.07976,24.602,0.160,-1,425.000,-1,425.000,-1,350.000,350.000,300.000,300.000,-1,-1,-1,-1,925.000,900.000,-1,-1,2,0,2,0,2,0,0,0,0,2,2,2,2,0,0,2,2
81,-6659.045,-1268.476,21.559,-42.601,0.733245,0.676139,0.072027,-0.677771,0.735269,-0.002378,-0.054567,-0.047074,0.997400,0,0.49003,0.08024,29.402,0.160,-1,425.000,-1,425.000,-1,350.000,350.000,300.000,275.000,-1,-1,-1,-1,925.000,900.000,-1,-1,2,0,2,0,2,0,0,0,0,2,2,2,2,0,0,2,2
82,-6633.804,-1291.556,19.694,-42.441,0.734935,0.674058,0.074272,-0.675731,0.737140,-0.003459,-0.057081,-0.047646,0.997232,0,0.57003,0.08024,34.202,0.160,-1,425.000,-1,425.000,-1,350.000,350.000,300.000,275.000,-1,-1,-1,-1,900.000,900.000,-1,-1,2,0,2,0,2,0,0,0,0,2,2,2,2,0,0,2,2
83,-6604.948,-1317.794,17.512,-42.280,0.736576,0.671967,0.076915,-0.673691,0.738998,-0.004659,-0.059971,-0.048386,0.997027,0,0.65003,0.08024,39.002,0.160,-1,425.000,-1,425.000,-1,350.000,325.000,300.000,275.000,-1,-1,-1,-1,900.000,875.000,-1,-1,2,0,2,0,2,0,0,0,0,2,2,2,2,0,0,2,2
84,-6573.226,-1346.475,15.067,-42.120,0.738176,0.669867,0.079836,-0.671647,0.740847,-0.005948,-0.063131,-0.049231,0.996790,0,0.71274,0.08024,42.764,0.160,-1,425.000,-1,425.000,-1,325.000,325.000,300.000,275.000,-1,-1,-1,-1,875.000,875.000,-1,-1,2,0,2,0,2,0,0,0,0,2,2,2,2,0,0,2,2
85,-6541.425,-1375.066,12.569,-41.959,0.739759,0.667761,0.082779,-0.669598,0.742688,-0.007211,-0.066295,-0.050094,0.996542,0,0.71274,0.08024,42.764,0.160,-1,425.000,-1,425.000,-1,325.000,325.000,300.000,275.000,-1,-1,-1,-1,850.000,875.000,-1,-1,2,0,2,0,2,0,0,0,0,2,2,2,2,0,0,2,2
86,-6509.543,-1403.569,10.007,-41.799,0.741324,0.665647,0.085747,-0.667546,0.744521,-0.008394,-0.069427,-0.051018,0.996282,0,0.71274,0.08024,42.764,0.160,-1,400.000,-1,400.000,-1,325.000,325.000,300.000,300.000,-1,-1,-1,-1,850.000,850.000,-1,-1,2,0,2,0,2,0,0,0,0,2,2,2,2,0,0,2,2
87,-6477.582,-1431.982,7.245,-41.638,0.742918,0.663532,0.088311,-0.665486,0.746352,-0.009367,-0.072127,-0.051811,0.996049,0,0.71274,0.08024,42.764,0.160,-1,400.000,-1,400.000,-1,325.000,325.000,300.000,300.000,-1,-1,-1,-1,825.000,850.000,-1,-1,2,0,2,0,2,0,0,0,0,2,2,2,2,0,0,2,2
88,-6445.543,-1460.306,4.123,-41.478,0.744631,0.661449,0.089497,-0.663367,0.748219,-0.010562,-0.073950,-0.051504,0.995931,0,0.71274,0.08024,42.764,0.160,-1,400.000,-1,400.000,-1,325.000,325.000,300.000,300.000,-1,-1,-1,-1,825.000,850.000,-1,-1,2,0,2,0,2,0,0,0,0,2,2,2,2,0,0,2,2
89,-6413.424,-1488.540,0.935,-41.317,0.746340,0.659362,0.090652,-0.661241,0.750082,-0.011750,-0.075744,-0.051174,0.995813,0,0.71274,0.08024,42.764,0.160,-1,400.000,-1,400.000,-1,325.000,325.000,300.000,300.000,-1,-1,-1,-1,800.000,825.000,-1,-1,2,0,2,0,2,0,0,0,0,2,2,2,2,0,0,2,2
90,-6381.226,-1516.684,-2.318,-41.157,0.748045,0.657271,0.091777,-0.659106,0.751939,-0.012929,-0.077509,-0.050820,0.995696,0,0.71274,0.08024,42.764,0.160,-1,400.000,-1,400.000,-1,325.000,325.000,300.000,300.000,-1,-1,-1,-1,800.000,825.000,-1,-1,2,0,2,0,2,0,0,0,0,2,2,2,2,0,0,2,2
91,-6348.949,-1544.738,-5.636,-40.996,0.749747,0.655175,0.092872,-0.656962,0.753792,-0.014100,-0.079244,-0.050442,0.995578,0,0.71274,0.08024,42.764,0.160,-1,400.000,-1,400.000,-1,325.000,325.000,300.000,300.000,-1,-1,-1,-1,800.000,825.000,-1,-1,2,0,2,0,2,0,0,0,0,2,2,2,2,0,0,2,2
92,-6316.595,-1572.702,-9.020,-40.836,0.751445,0.653074,0.093936,-0.654811,0.755639,-0.015262,-0.080949,-0.050042,0.995461,0,0.71274,0.08024,42.764,0.160,-1,400.000,-1,400.000,-1,325.000,325.000,300.000,300.000,-1,-1,-1,-1,775.000,825.000,-1,-1,2,0,2,0,2,0,0,0,0,2,2,2,2,0,0,2,2
93,-6284.161,-1600.574,-12.444,-40.675,0.753142,0.650966,0.094975,-0.652658,0.757478,-0.016300,-0.082552,-0.049709,0.995346,0,0.71274,0.08024,42.764,0.160,-1,400.000,-1,400.000,-1,325.000,325.000,300.000,300.000,-1,-1,-1,-1,775.000,800.000,-1,-1,2,0,2,0,2,0,0,0,0,2,2,2,2,0,0,2,2
94,-6251.650,-1628.356,-15.926,-40.515,0.754836,0.648852,0.095983,-0.650499,0.759310,-0.017291,-0.084101,-0.049385,0.995233,0,0.71274,0.08024,42.764,0.160,-1,400.000,-1,400.000,-1,325.000,325.000,300.000,300.000,-1,-1,-1,-1,775.000,800.000,-1,-1,2,0,2,0,2,0,0,0,0,2,2,2,2,0,0,2,2
95,-6219.061,-1656.047,-19.448,-40.354,0.756536,0.646735,0.096885,-0.648332,0.761139,-0.018251,-0.085546,-0.049006,0.995128,0,0.71274,0.08024,42.764,0.160,-1,400.000,-1,400.000,-1,325.000,325.000,300.000,300.000,-1,-1,-1,-1,750.000,800.000,-1,-1,2,0,2,0,2,0,0,0,0,2,2,2,2,0,0,2,2
96,-6186.395,-1683.646,-23.044,-40.194,0.758250,0.644616,0.097607,-0.646154,0.762965,-0.019195,-0.086844,-0.048514,0.995040,0,0.71274,0.08024,42.764,0.160,-1,400.000,-1,400.000,-1,325.000,325.000,300.000,300.000,-1,-1,-1,-1,750.000,800.000,-1,-1,2,0,2,0,2,0,0,0,0,2,2,2,2,0,0,2,2
97,-6153.652,-1711.154,-26.705,-40.033,0.759966,0.642491,0.098274,-0.643974,0.764785,-0.020038,-0.088032,-0.048057,0.994958,0,0.71274,0.08024,42.764,0.160,-1,400.000,-1,400.000,-1,325.000,325.000,300.000,300.000,-1,-1,-1,-1,750.000,800.000,-1,-1,2,0,2,0,2,0,0,0,0,2,2,2,2,0,0,2,2
98,-6120.832,-1738.570,-30.460,-39.873,0.761684,0.640355,0.098909,-0.641804,0.766591,-0.020608,-0.089019,-0.047783,0.994883,0,0.71274,0.08024,42.764,0.160,-1,400.000,-1,400.000,-1,325.000,325.000,300.000,300.000,-1,-1,-1,-1,750.000,775.000,-1,-1,2,0,2,0,2,0,0,0,0,2,2,2,2,0,0,2,2
99,-6086.345,-1766.971,-34.436,-39.472,0.766072,0.635001,0.099535,-0.636394,0.771073,-0.021185,-0.090201,-0.047115,0.994809,0,0.74461,0.20024,44.677,0.400,-1,400.000,-1,400.000,-1,325.000,325.000,300.000,300.000,-1,-1,-1,-1,725.000,775.000,-1,-1,2,0,2,0,2,0,0,0,0,2,2,2,2,0,0,2,2
100,-6051.543,-1794.986,-38.477,-38.832,0.773067,0.626374,0.100119,-0.627687,0.778162,-0.021742,-0.091528,-0.046035,0.994738,0,0.74461,0.32024,44.677,0.640,-1,400.000,-1,400.000,-1,325.000,325.000,300.000,300.000,-1,-1,-1,-1,725.000,775.000,-1,-1,2,0,2,0,2,0,0,0,0,2,2,2,2,0,0,2,2
101,-6016.314,-1822.462,-42.589,-37.952,0.782560,0.614384,0.100654,-0.615592,0.787750,-0.022285,-0.092982,-0.044523,0.994672,0,0.74461,0.44024,44.677,0.880,-1,375.000,-1,400.000,-1,325.000,325.000,300.000,300.000,-1,-1,-1,-1,725.000,750.000,-1,-1,2,0,2,0,2,0,0,0,0,2,2,2,2,0,0,2,2
102,-5980.555,-1849.245,-46.722,-36.831,0.794434,0.598920,0.100842,-0.599976,0.799690,-0.022894,-0.094354,-0.042315,0.994639,0,0.74461,0.56024,44.677,1.120,-1,375.000,-1,400.000,-1,325.000,325.000,300.000,300.000,-1,-1,-1,-1,725.000,750.000,-1,-1,2,0,2,0,2,0,0,0,0,2,2,2,2,0,0,2,2
103,-5944.171,-1875.172,-50.870,-35.471,0.808496,0.579835,0.100625,-0.580688,0.813783,-0.023612,-0.095578,-0.039341,0.994644,0,0.74461,0.68024,44.677,1.360,-1,375.000,-1,400.000,-1,325.000,325.000,300.000,300.000,-1,-1,-1,-1,725.000,750.000,-1,-1,2,0,2,0,2,0,0,0,0,2,2,2,2,0,0,2,2
104,-5907.077,-1900.072,-55.101,-33.870,0.824462,0.556953,0.100326,-0.557573,0.829770,-0.024377,-0.096825,-0.035841,0.994656,0,0.74461,0.80024,44.677,1.600,-1,375.000,-1,400.000,-1,325.000,325.000,300.000,300.000,-1,-1,-1,-1,700.000,725.000,-1,-1,2,0,2,0,2,0,0,0,0,2,2,2,2,0,0,2,2
105,-5869.224,-1923.801,-59.408,-32.079,0.841570,0.530821,0.099944,-0.531185,0.846883,-0.025150,-0.097991,-0.031923,0.994675,0,0.74461,0.89543,44.677,1.791,-1,375.000,-1,400.000,-1,325.000,325.000,300.000,300.000,-1,-1,-1,-1,700.000,725.000,-1,-1,2,0,2,0,2,0,0,0,0,2,2,2,2,0,0,2,2
106,-5830.646,-1946.336,-63.780,-30.288,0.857865,0.504156,0.099472,-0.504263,0.863161,-0.025915,-0.098925,-0.027928,0.994703,0,0.74461,0.89543,44.677,1.791,-1,375.000,-1,375.000,-1,325.000,325.000,300.000,300.000,-1,-1,-1,-1,700.000,725.000,-1,-1,2,0,2,0,2,0,0,0,0,2,2,2,2,0,0,2,2
107,-5791.384,-1967.653,-68.190,-28.498,0.873310,0.476984,0.099075,-0.476839,0.878586,-0.026680,-0.099772,-0.023943,0.994722,0,0.74461,0.89543,44.677,1.791,-1,375.000,-1,375.000,-1,300.000,325.000,300.000,300.000,-1,-1,-1,-1,700.000,700.000,-1,-1,2,0,2,0,2,0,0,0,0,2,2,2,2,0,0,2,2
108,-5751.474,-1987.733,-72.630,-26.707,0.887903,0.449333,0.098631,-0.448945,0.893141,-0.027358,-0.100384,-0.019989,0.994748,0,0.74461,0.89543,44.677,1.791,-1,375.000,-1,375.000,-1,300.000,325.000,300.000,300.000,-1,-1,-1,-1,700.000,700.000,-1,-1,2,0,2,0,2,0,0,0,0,2,2,2,2,0,0,2,2
109,-5710.956,-2006.556,-76.812,-24.916,0.901666,0.421224,0.097821,-0.420729,0.906795,-0.026649,-0.099929,-0.017128,0.994847,0,0.74461,0.89543,44.677,1.791,-1,375.000,-1,375.000,-1,300.000,325.000,300.000,300.000,-1,-1,-1,-1,700.000,700.000,-1,-1,2,0,2,0,2,0,0,0,0,2,2,2,2,0,0,2,2
110,-5669.870,-2024.103,-81.028,-23.125,0.914548,0.392698,0.096904,-0.392094,0.919558,-0.026004,-0.099320,-0.014213,0.994954,0,0.74461,0.89543,44.677,1.791,-1,375.000,-1,375.000,-1,300.000,325.000,300.000,300.000,-1,-1,-1,-1,700.000,700.000,-1,-1,2,0,2,0,2,0,0,0,0,2,2,2,2,0,0,2,2
111,-5628.255,-2040.357,-85.270,-21.334,0.926535,0.363783,0.095890,-0.363065,0.931416,-0.025451,-0.098573,-0.011233,0.995066,0,0.74461,0.89543,44.677,1.791,-1,375.000,-1,375.000,-1,325.000,325.000,300.000,300.000,-1,-1,-1,-1,700.000,700.000,-1,-1,2,0,2,0,2,0,0,0,0,2,2,2,2,0,0,2,2
112,-5586.153,-2055.303,-89.542,-19.543,0.937615,0.334507,0.094781,-0.333675,0.942357,-0.024967,-0.097670,-0.008217,0.995185,0,0.74461,0.89543,44.677,1.791,-1,375.000,-1,375.000,-1,325.000,325.000,300.000,300.000,-1,-1,-1,-1,700.000,675.000,-1,-1,2,0,2,0,2,0,0,0,0,2,2,2,2,0,0,2,2
113,-5543.490,-2068.963,-93.850,-17.753,0.947774,0.304906,0.093582,-0.303959,0.952368,-0.024560,-0.096613,-0.005167,0.995309,0,0.74662,0.89526,44.797,1.791,-1,375.000,-1,375.000,-1,325.000,325.000,300.000,300.000,-1,-1,-1,-1,700.000,675.000,-1,-1,2,0,2,0,2,0,0,0,0,2,2,2,2,0,0,2,2
114,-5500.237,-2081.336,-98.199,-15.963,0.956998,0.275018,0.092299,-0.273956,0.961437,-0.024240,-0.095406,-0.002088,0.995436,0,0.74980,0.89481,44.988,1.790,-1,375.000,-1,375.000,-1,325.000,325.000,300.000,325.000,-1,-1,-1,-1,700.000,675.000,-1,-1,2,0,2,0,2,0,0,0,0,2,2,2,2,0,0,2,2
115,-5456.436,-2092.399,-102.583,-14.175,0.965278,0.244882,0.090943,-0.243704,0.969552,-0.024015,-0.094054,0.001018,0.995567,0,0.75295,0.89413,45.177,1.788,-1,375.000,-1,375.000,-1,325.000,325.000,300.000,325.000,-1,-1,-1,-1,700.000,675.000,-1,-1,2,0,2,0,2,0,0,0,0,2,2,2,2,0,0,2,2
116,-5412.129,-2102.131,-106.998,-12.388,0.972605,0.214536,0.089524,-0.213242,0.976707,-0.023892,-0.092564,0.004148,0.995698,0,0.75605,0.89322,45.363,1.786,-1,375.000,-1,375.000,-1,325.000,325.000,300.000,300.000,-1,-1,775.000,-1,700.000,675.000,-1,-1,2,0,2,0,2,0,0,0,0,2,2,0,2,0,0,2,2
117,-5367.362,-2110.513,-111.440,-10.604,0.978970,0.184020,0.088054,-0.182610,0.982895,-0.023879,-0.090942,0.007297,0.995829,0,0.75908,0.89208,45.545,1.784,-1,375.000,-1,375.000,-1,300.000,325.000,300.000,300.000,-1,775.000,675.000,-1,700.000,650.000,-1,-1,2,0,2,0,2,0,0,0,0,2,0,0,2,0,0,2,2
118,-5322.182,-2117.525,-115.881,-8.823,0.984364,0.153372,0.086624,-0.151853,0.988114,-0.023908,-0.089261,0.010380,0.995954,0,0.76202,0.89069,45.721,1.781,-1,375.000,-1,375.000,-1,300.000,300.000,300.000,300.000,-1,650.000,600.000,-1,700.000,650.000,-1,975.000,2,0,2,0,2,0,0,0,0,2,0,0,2,0,0,2,1
119,-5276.638,-2123.154,-120.283,-7.045,0.988778,0.122634,0.085319,-0.120985,0.992358,-0.024247,-0.087641,0.013653,0.996059,0,0.76485,0.88905,45.891,1.778,-1,375.000,-1,375.000,-1,300.000,300.000,300.000,300.000,-1,600.000,550.000,-1,700.000,650.000,-1,900.000,2,0,2,0,2,0,0,0,0,2,0,0,2,0,0,2,1
120,-5226.144,-2127.625,-124.859,-5.061,0.992567,0.088208,0.083849,-0.086359,0.995939,-0.025428,-0.085751,0.017997,0.996154,0,0.84485,0.99173,50.691,1.983,-1,375.000,-1,375.000,925.000,300.000,300.000,300.000,300.000,-1,575.000,525.000,-1,725.000,650.000,-1,825.000,2,0,2,0,1,0,0,0,0,2,0,0,2,0,0,2,1
121,-5170.734,-2130.609,-129.115,-3.083,0.995148,0.053767,0.082404,-0.051934,0.998357,-0.024227,-0.083571,0.019830,0.996305,0,0.92485,0.98932,55.491,1.979,-1,375.000,-1,375.000,850.000,300.000,300.000,300.000,300.000,-1,550.000,550.000,-1,725.000,650.000,-1,775.000,2,0,2,0,1,0,0,0,0,2,0,0,2,0,1,2,1
122,-5113.564,-2131.716,-133.454,-1.110,0.996538,0.019365,0.080848,-0.017554,0.999580,-0.023052,-0.081260,0.021553,0.996460,0,0.95301,0.98642,57.181,1.973,-1,375.000,-1,375.000,750.000,325.000,300.000,300.000,300.000,-1,550.000,550.000,-1,725.000,625.000,-1,725.000,2,0,2,0,1,0,0,0,0,2,0,0,2,0,1,2,1
123,-5056.235,-2130.859,-137.789,0.856,0.996737,-0.014941,0.079326,0.016739,0.999617,-0.022059,-0.078966,0.023315,0.996605,0,0.95559,0.98308,57.336,1.966,-1,400.000,-1,375.000,675.000,325.000,300.000,300.000,300.000,-1,575.000,575.000,-1,725.000,600.000,-1,675.000,2,0,2,0,1,0,0,0,0,2,0,0,2,0,1,2,1
124,-4998.836,-2128.036,-142.120,2.815,0.995754,-0.049096,0.077871,0.050892,0.998478,-0.021255,-0.076709,0.025128,0.996737,0,0.95782,0.97935,57.469,1.959,-1,400.000,-1,375.000,625.000,325.000,325.000,300.000,300.000,-1,575.000,600.000,-1,750.000,600.000,-1,625.000,2,0,2,0,1,0,0,0,0,2,0,0,2,0,1,2,1
125,-4941.457,-2123.252,-146.449,4.765,0.993604,-0.083047,0.076512,0.084852,0.996180,-0.020646,-0.074505,0.027006,0.996855,0,0.95964,0.97523,57.579,1.950,-1,400.000,-1,375.000,550.000,325.000,325.000,300.000,300.000,-1,600.000,625.000,-1,750.000,625.000,-1,600.000,2,0,2,0,1,0,0,0,0,2,0,0,2,0,1,2,1
126,-4884.191,-2116.517,-150.774,6.707,0.990305,-0.116741,0.075282,0.118567,0.992740,-0.020233,-0.072373,0.028963,0.996957,0,0.96101,0.97072,57.660,1.941,-1,400.000,-1,375.000,500.000,325.000,325.000,300.000,300.000,-1,625.000,650.000,-1,750.000,675.000,-1,575.000,2,0,2,0,1,0,0,0,0,2,0,0,2,0,1,2,1
127,-4827.134,-2107.848,-155.097,8.639,0.985877,-0.150128,0.074210,0.151986,0.988180,-0.020014,-0.070329,0.031011,0.997042,0,0.96187,0.96582,57.712,1.932,-1,400.000,-1,375.000,475.000,325.000,325.000,300.000,300.000,-1,650.000,675.000,-1,750.000,675.000,-1,600.000,2,0,2,0,1,0,0,0,0,2,0,0,2,0,0,2,1
128,-4770.383,-2097.267,-159.322,10.560,0.980369,-0.183161,0.072994,0.185032,0.982535,-0.019692,-0.068112,0.032812,0.997138,0,0.96217,0.96056,57.730,1.921,-1,400.000,-1,375.000,450.000,325.000,325.000,300.000,300.000,-1,650.000,700.000,-1,750.000,675.000,-1,700.000,2,0,2,0,1,0,0,0,0,2,0,0,2,0,0,2,1
129,-4714.032,-2084.805,-163.486,12.470,0.973798,-0.215792,0.071768,0.217672,0.975829,-0.019403,-0.065847,0.034516,0.997233,0,0.96188,0.95494,57.713,1.910,-1,400.000,-1,375.000,450.000,325.000,325.000,300.000,300.000,-1,675.000,725.000,-1,750.000,675.000,-1,-1,2,0,2,0,1,0,0,0,0,2,0,0,2,0,0,2,2
130,-4658.179,-2070.498,-167.540,14.368,0.966175,-0.247981,0.070790,0.249860,0.968097,-0.018908,-0.063843,0.035956,0.997312,0,0.96095,0.94901,57.657,1.898,-1,400.000,-1,375.000,475.000,325.000,325.000,300.000,275.000,-1,725.000,775.000,-1,750.000,700.000,-1,-1,2,0,2,0,1,0,0,0,0,2,0,0,2,0,0,2,2
131,-4602.917,-2054.387,-171.059,16.253,0.957543,-0.279705,0.069838,0.281468,0.959427,-0.016631,-0.062353,0.035582,0.997420,0,0.95938,0.94279,57.563,1.886,-1,400.000,-1,375.000,550.000,325.000,325.000,300.000,275.000,-1,775.000,825.000,-1,750.000,700.000,-1,-1,2,0,2,0,1,0,0,0,0,2,0,0,2,0,0,2,2
132,-4548.339,-2036.520,-174.480,18.126,0.947962,-0.310914,0.068561,0.312552,0.949793,-0.014336,-0.060662,0.035019,0.997544,0,0.95714,0.93635,57.428,1.873,-1,400.000,-1,375.000,700.000,325.000,325.000,300.000,300.000,-1,825.000,900.000,-1,750.000,700.000,-1,-1,2,0,2,0,1,0,0,0,0,2,0,0,2,0,0,2,2
133,-4494.532,-2016.952,-177.781,19.985,0.937413,-0.341570,0.067720,0.343129,0.939205,-0.012540,-0.059320,0.034992,0.997626,0,0.95425,0.92974,57.255,1.859,-1,400.000,-1,375.000,950.000,325.000,325.000,300.000,300.000,-1,900.000,975.000,-1,750.000,700.000,-1,-1,2,0,2,0,1,0,0,0,0,2,0,0,2,0,0,2,2
134,-4441.578,-1995.737,-180.842,21.831,0.925968,-0.371636,0.066865,0.373186,0.927680,-0.011950,-0.057588,0.036018,0.997690,0,0.95075,0.92304,57.045,1.846,-1,400.000,-1,375.000,-1,325.000,325.000,300.000,275.000,-1,975.000,-1,-1,750.000,700.000,-1,-1,2,0,2,0,2,0,0,0,1,2,0,2,2,0,0,2,2
135,-4389.554,-1972.936,-183.754,23.666,0.913654,-0.401115,0.065898,0.402701,0.915249,-0.012279,-0.055388,0.037756,0.997751,0,0.94669,0.91721,56.802,1.834,-1,400.000,-1,375.000,-1,325.000,325.000,300.000,250.000,-1,-1,-1,-1,750.000,700.000,-1,-1,2,0,2,0,2,0,0,0,1,2,2,2,2,0,0,2,2
136,-4338.532,-1948.602,-186.651,25.497,0.900419,-0.430132,0.065059,0.431766,0.901894,-0.012864,-0.053143,0.039673,0.997799,0,0.94215,0.91580,56.529,1.832,-1,400.000,-1,400.000,-1,325.000,325.000,300.000,250.000,-1,-1,-1,-1,750.000,700.000,-1,-1,2,0,2,0,2,0,0,0,1,2,2,2,2,0,0,2,2
137,-4288.575,-1922.786,-189.493,27.327,0.886270,-0.458670,0.064405,0.460356,0.887632,-0.013505,-0.050973,0.041618,0.997832,0,0.93721,0.91477,56.233,1.830,-1,400.000,-1,400.000,-1,325.000,325.000,300.000,250.000,-1,-1,-1,-1,750.000,725.000,-1,-1,2,0,2,0,2,0,0,0,1,2,2,2,2,0,0,2,2
