timestep,x_cm,y_cm,z_cm,yaw_deg,basis_xx,basis_xy,basis_xz,basis_yx,basis_yy,basis_yz,basis_zx,basis_zy,basis_zz,teleport_flag,throttle_cmd,steering_cmd,cmd_move_cm,cmd_turn_deg,lidar_cm_0,lidar_cm_1,lidar_cm_2,lidar_cm_3,lidar_cm_4,lidar_cm_5,lidar_cm_6,lidar_cm_7,lidar_cm_8,lidar_cm_9,lidar_cm_10,lidar_cm_11,lidar_cm_12,lidar_cm_13,lidar_cm_14,lidar_cm_15,lidar_cm_16,lidar_class_0,lidar_class_1,lidar_class_2,lidar_class_3,lidar_class_4,lidar_class_5,lidar_class_6,lidar_class_7,lidar_class_8,lidar_class_9,lidar_class_10,lidar_class_11,lidar_class_12,lidar_class_13,lidar_class_14,lidar_class_15,lidar_class_16
0,4553.875,689.248,175.773,-108.807,-0.324437,0.944147,0.057679,-0.945346,-0.321540,-0.054164,-0.032593,-0.072099,0.996865,1,0.08000,0.12000,4.800,0.240,-1,725.000,-1,300.000,975.000,350.000,250.000,300.000,375.000,-1,-1,-1,-1,-1,550.000,-1,-1,2,1,2,0,1,1,1,1,0,2,2,2,2,2,0,2,2
1,4550.860,680.134,174.931,-108.327,-0.316768,0.946507,0.061510,-0.947869,-0.313519,-0.057008,-0.034674,-0.076362,0.996477,0,0.16000,0.24000,9.600,0.480,-1,725.000,-1,300.000,975.000,325.000,250.000,275.000,375.000,1000.000,-1,-1,-1,-1,525.000,-1,-1,2,1,2,0,1,1,1,1,0,0,2,2,2,2,0,2,2
2,4546.512,666.406,173.663,-107.607,-0.305261,0.949883,0.067365,-0.951517,-0.301445,-0.061205,-0.037831,-0.082783,0.995849,0,0.24000,0.36000,14.400,0.720,-1,725.000,-1,275.000,1000.000,325.000,250.000,275.000,375.000,900.000,-1,-1,-1,-1,525.000,-1,-1,2,1,2,0,1,1,1,1,0,0,2,2,2,2,0,2,2
3,4541.023,648.008,171.960,-106.647,-0.289918,0.954079,0.075372,-0.956125,-0.285273,-0.066671,-0.042107,-0.091394,0.994924,0,0.32000,0.48000,19.200,0.960,-1,725.000,-1,275.000,1000.000,325.000,250.000,275.000,400.000,800.000,50.000,-1,-1,-1,500.000,-1,-1,2,1,2,0,1,1,1,1,0,0,1,2,2,2,0,2,2
4,4534.646,624.871,169.809,-105.447,-0.270752,0.958826,0.085709,-0.961473,-0.264948,-0.073292,-0.047566,-0.102251,0.993621,0,0.40000,0.60000,24.000,1.200,-1,725.000,-1,275.000,1000.000,325.000,250.000,250.000,400.000,675.000,75.000,-1,-1,-1,475.000,-1,-1,2,1,2,0,1,1,1,1,0,0,1,2,2,2,0,2,2
5,4527.696,596.924,167.082,-104.007,-0.247747,0.963824,0.098312,-0.967319,-0.240430,-0.080538,-0.053987,-0.115052,0.991891,0,0.48000,0.72000,28.800,1.440,-1,725.000,-1,250.000,-1,350.000,250.000,225.000,425.000,525.000,100.000,-1,-1,-1,450.000,-1,900.000,2,1,2,0,2,1,1,1,0,0,1,2,2,2,0,2,0
6,4520.550,564.094,163.698,-102.327,-0.220974,0.968688,0.113198,-0.973319,-0.211683,-0.088542,-0.061807,-0.129743,0.989619,0,0.56000,0.84000,33.600,1.680,-1,725.000,-1,250.000,-1,350.000,250.000,225.000,450.000,425.000,-1,-1,-1,-1,425.000,-1,750.000,2,1,2,0,2,1,1,1,0,1,2,2,2,2,0,2,0
7,4513.650,526.322,159.766,-100.407,-0.190614,0.972856,0.131219,-0.979061,-0.178672,-0.097548,-0.071455,-0.147066,0.986542,0,0.64000,0.96000,38.400,1.920,-1,725.000,-1,250.000,-1,350.000,250.000,200.000,475.000,375.000,0.000,-1,-1,-1,400.000,-1,625.000,2,1,2,1,2,1,1,1,0,1,1,2,2,2,0,2,0
8,4507.384,483.582,155.268,-98.407,-0.159607,0.975287,0.152780,-0.983697,-0.144137,-0.107544,-0.082865,-0.167453,0.982391,0,0.72000,1.00000,43.200,2.000,-1,700.000,-1,225.000,-1,350.000,225.000,175.000,500.000,325.000,0.000,-1,-1,-1,350.000,-1,500.000,2,1,2,1,2,1,1,1,0,1,1,2,2,2,0,2,0
9,-2951.695,-3607.627,112.195,1.369,0.999561,-0.023899,0.017525,0.023887,0.999714,0.000890,-0.017541,-0.000471,0.999846,1,0.00000,0.00000,48.000,2.000,-1,400.000,825.000,375.000,700.000,325.000,325.000,300.000,300.000,-1,-1,-1,-1,575.000,525.000,-1,625.000,2,1,1,1,1,0,0,0,0,2,2,2,2,1,1,2,1
10,-2946.895,-3607.532,112.111,1.129,0.999653,-0.019711,0.017487,0.019698,0.999806,0.000905,-0.017501,-0.000560,0.999847,0,0.08000,-0.12000,4.800,-0.240,-1,400.000,825.000,375.000,700.000,325.000,325.000,300.000,300.000,-1,-1,-1,-1,575.000,525.000,-1,625.000,2,1,1,1,1,0,0,0,0,2,2,2,2,1,1,2,1
11,-2937.296,-3607.424,111.944,0.649,0.999784,-0.011334,0.017411,0.011320,0.999935,0.000936,-0.017420,-0.000739,0.999848,0,0.16000,-0.24000,9.600,-0.480,-1,375.000,800.000,375.000,700.000,325.000,325.000,300.000,300.000,-1,-1,-1,-1,575.000,525.000,-1,625.000,2,1,1,1,1,0,0,0,0,2,2,2,2,1,1,2,1
12,-2922.896,-3607.441,111.694,-0.071,0.999850,0.001232,0.017296,-0.001249,0.999999,0.000987,-0.017295,-0.001008,0.999850,0,0.24000,-0.36000,14.400,-0.720,-1,375.000,775.000,375.000,700.000,325.000,325.000,300.000,300.000,-1,-1,-1,-1,550.000,525.000,-1,600.000,2,1,1,1,1,0,0,0,0,2,2,2,2,1,1,2,1
13,-2903.699,-3607.787,111.359,-1.031,0.999691,0.017986,0.017143,-0.018007,0.999837,0.001061,-0.017121,-0.001369,0.999852,0,0.32000,-0.48000,19.200,-0.960,-1,375.000,775.000,375.000,675.000,325.000,325.000,300.000,300.000,-1,-1,-1,-1,550.000,500.000,-1,600.000,2,1,1,1,1,1,1,0,0,2,2,2,2,1,1,2,1
14,-2879.715,-3608.670,110.939,-2.109,0.999179,0.036803,0.016954,-0.036828,0.999321,0.001161,-0.016900,-0.001785,0.999856,0,0.40000,-0.53929,24.000,-1.079,-1,350.000,750.000,350.000,675.000,300.000,325.000,300.000,300.000,-1,-1,-1,-1,525.000,500.000,825.000,575.000,2,1,1,1,1,1,1,0,0,2,2,2,2,1,1,1,1
15,-2850.960,-3610.269,110.435,-3.183,0.998317,0.055519,0.016733,-0.055548,0.998455,0.001289,-0.016635,-0.002217,0.999859,0,0.48000,-0.53675,28.800,-1.074,-1,350.000,725.000,350.000,650.000,300.000,300.000,300.000,300.000,-1,-1,-1,-1,500.000,475.000,725.000,550.000,2,1,1,1,1,1,1,0,0,2,2,2,2,1,1,1,1
16,-2817.452,-3612.759,109.847,-4.251,0.997113,0.074119,0.016481,-0.074153,0.997246,0.001447,-0.016328,-0.002665,0.999863,0,0.56000,-0.53398,33.600,-1.068,-1,325.000,700.000,325.000,625.000,275.000,300.000,300.000,300.000,-1,-1,-1,-1,475.000,475.000,650.000,525.000,2,1,1,1,1,1,1,0,0,2,2,2,2,1,1,1,1
17,-2779.217,-3616.315,109.175,-5.312,0.995573,0.092586,0.016201,-0.092625,0.995700,0.001636,-0.015980,-0.003129,0.999867,0,0.64000,-0.53091,38.400,-1.062,-1,300.000,650.000,325.000,600.000,275.000,275.000,300.000,300.000,-1,-1,-1,-1,450.000,450.000,575.000,500.000,2,1,1,1,1,1,1,0,0,2,2,2,2,1,1,1,1
18,-2736.284,-3621.106,108.420,-6.367,0.993704,0.110902,0.015898,-0.110945,0.993825,0.001857,-0.015594,-0.003609,0.999872,0,0.72000,-0.52746,43.200,-1.055,-1,300.000,625.000,300.000,550.000,250.000,250.000,300.000,300.000,-1,-1,-1,-1,400.000,425.000,500.000,475.000,2,1,1,1,1,1,1,0,0,2,2,2,2,1,1,1,1
19,-2688.685,-3627.300,107.585,-7.414,0.991517,0.129044,0.015575,-0.129092,0.991630,0.002111,-0.015172,-0.004103,0.999876,0,0.80000,-0.52352,48.000,-1.047,-1,275.000,575.000,275.000,500.000,225.000,250.000,300.000,300.000,-1,-1,-1,-1,375.000,400.000,425.000,425.000,2,1,1,1,1,1,1,0,0,2,2,2,2,1,1,1,1
20,-2636.459,-3635.061,107.695,-8.452,0.989069,0.146987,0.011720,-0.146981,0.989138,-0.001341,-0.011789,-0.000396,0.999930,0,0.88000,-0.51898,52.800,-1.038,600.000,250.000,550.000,275.000,450.000,225.000,225.000,325.000,300.000,-1,-1,-1,-1,350.000,375.000,375.000,375.000,1,1,1,1,1,1,1,0,0,2,2,2,2,1,1,1,1
21,-2580.589,-3644.389,109.748,-9.480,0.986346,0.164687,0.000190,-0.164674,0.986279,-0.011675,-0.002110,0.011484,0.999932,0,0.94406,-0.51368,56.644,-1.027,-1,225.000,550.000,250.000,425.000,200.000,225.000,350.000,300.000,-1,650.000,550.000,-1,325.000,350.000,375.000,350.000,2,1,1,1,1,1,1,0,0,2,0,0,2,1,1,1,1
22,-2524.523,-3654.774,115.013,-10.495,0.983088,0.182129,-0.019136,-0.182333,0.983191,-0.009518,0.017081,0.012846,0.999772,0,0.95032,-0.50749,57.019,-1.015,-1,225.000,575.000,250.000,450.000,200.000,225.000,375.000,300.000,-1,325.000,275.000,-1,325.000,375.000,400.000,375.000,2,1,1,1,1,1,1,0,0,2,0,0,2,1,1,1,1
23,-2468.297,-3666.208,120.760,-11.496,0.979136,0.199272,-0.039791,-0.199667,0.979844,-0.006170,0.037760,0.013986,0.999189,0,0.95626,-0.50044,57.375,-1.001,-1,250.000,-1,275.000,-1,225.000,225.000,400.000,325.000,-1,225.000,175.000,-1,325.000,400.000,425.000,425.000,2,1,2,1,2,1,1,0,0,2,0,0,2,1,1,1,1
24,-2411.952,-3678.677,126.699,-12.480,0.974462,0.216077,-0.061115,-0.216656,0.976244,-0.002935,0.059029,0.016101,0.998126,0,0.96176,-0.49240,57.705,-0.985,-1,250.000,-1,275.000,-1,225.000,225.000,400.000,350.000,-1,175.000,125.000,-1,350.000,425.000,450.000,500.000,2,1,2,1,2,1,1,1,0,2,0,0,2,1,1,1,1
25,2861.580,-9572.324,-2.120,146.234,-0.819081,-0.555548,0.143085,0.553189,-0.830928,-0.059504,0.151951,0.030415,0.987920,1,0.00000,0.00000,60.000,-0.745,-1,275.000,-1,325.000,-1,250.000,275.000,550.000,375.000,-1,125.000,75.000,575.000,-1,550.000,-1,-1,2,1,2,1,2,1,1,1,0,2,0,0,0,2,1,2,2
26,-1639.831,-6231.358,46.192,172.175,-0.990558,-0.136110,0.016384,0.135633,-0.990381,-0.027384,0.019953,-0.024904,0.999491,1,0.00000,0.00000,4.800,0.240,-1,400.000,-1,375.000,-1,325.000,325.000,300.000,300.000,-1,-1,-1,-1,775.000,750.000,-1,-1,2,0,2,0,2,0,0,0,0,2,2,2,2,0,0,2,2
27,-1644.584,-6230.685,46.290,171.935,-0.989979,-0.140257,0.016396,0.139778,-0.989802,-0.027450,0.020079,-0.024883,0.999489,0,0.08000,-0.12000,4.800,-0.240,-1,400.000,-1,375.000,-1,325.000,325.000,300.000,300.000,-1,-1,-1,-1,775.000,750.000,-1,-1,2,0,2,0,2,0,0,0,0,2,2,2,2,0,0,2,2
28,-1654.077,-6229.259,46.490,171.455,-0.988769,-0.148545,0.016423,0.148060,-0.988594,-0.027580,0.020333,-0.024839,0.999485,0,0.16000,-0.24000,9.600,-0.480,-1,400.000,-1,375.000,-1,325.000,325.000,300.000,300.000,-1,-1,-1,-1,775.000,750.000,-1,-1,2,0,2,0,2,0,0,0,0,2,2,2,2,0,0,2,2
29,-1668.290,-6226.940,46.795,170.735,-0.986824,-0.160956,0.016466,0.160464,-0.986651,-0.027775,0.020717,-0.024767,0.999479,0,0.24000,-0.36000,14.400,-0.720,-1,400.000,-1,375.000,-1,325.000,325.000,300.000,300.000,-1,-1,-1,-1,775.000,750.000,-1,-1,2,0,2,0,2,0,0,0,0,2,2,2,2,0,0,2,2
30,-1687.185,-6223.532,47.210,169.775,-0.983988,-0.177464,0.016527,0.176963,-0.983818,-0.028034,0.021235,-0.024660,0.999470,0,0.32000,-0.48000,19.200,-0.960,-1,400.000,-1,375.000,-1,325.000,325.000,300.000,300.000,-1,-1,-1,-1,775.000,750.000,-1,-1,2,0,2,0,2,0,0,0,0,2,2,2,2,0,0,2,2
31,-1710.709,-6218.777,47.743,168.575,-0.980055,-0.198030,0.016610,0.197516,-0.979890,-0.028354,0.021891,-0.024508,0.999460,0,0.40000,-0.60000,24.000,-1.200,-1,400.000,-1,375.000,-1,325.000,325.000,300.000,300.000,-1,-1,-1,-1,775.000,750.000,-1,-1,2,0,2,0,2,0,0,0,0,2,2,2,2,0,0,2,2
32,-1738.798,-6212.417,48.402,167.241,-0.975181,-0.220779,0.016717,0.220250,-0.975020,-0.028734,0.022644,-0.024339,0.999447,0,0.48000,-0.66669,28.800,-1.333,-1,400.000,-1,375.000,-1,325.000,325.000,300.000,300.000,-1,-1,-1,-1,775.000,750.000,-1,-1,2,0,2,0,2,0,0,0,0,2,2,2,2,0,0,2,2
33,-1771.387,-6204.237,49.193,165.911,-0.969789,-0.243363,0.016850,0.242817,-0.969634,-0.029169,0.023437,-0.024196,0.999432,0,0.56000,-0.66533,33.600,-1.331,-1,400.000,-1,375.000,-1,325.000,325.000,300.000,300.000,-1,-1,-1,-1,775.000,750.000,-1,-1,2,0,2,0,2,0,0,0,0,2,2,2,2,0,0,2,2
34,-1808.406,-6194.029,50.125,164.583,-0.963889,-0.265762,0.017010,0.265197,-0.963738,-0.029656,0.024275,-0.024074,0.999415,0,0.64000,-0.66376,38.400,-1.328,-1,400.000,-1,375.000,-1,325.000,325.000,300.000,300.000,-1,-1,-1,-1,775.000,750.000,-1,-1,2,0,2,0,2,0,0,0,0,2,2,2,2,0,0,2,2
35,-1849.775,-6181.585,51.209,163.259,-0.957488,-0.287959,0.017200,0.287373,-0.957343,-0.030193,0.025161,-0.023967,0.999396,0,0.72000,-0.66197,43.200,-1.324,-1,400.000,-1,400.000,-1,325.000,325.000,300.000,300.000,-1,-1,-1,-1,775.000,750.000,-1,-1,2,0,2,0,2,0,0,0,0,2,2,2,2,0,0,2,2
36,-1894.401,-6167.033,52.437,161.939,-0.950598,-0.309935,0.017397,0.309328,-0.950459,-0.030714,0.026055,-0.023815,0.999377,0,0.78232,-0.65994,46.939,-1.320,-1,400.000,-1,400.000,-1,325.000,325.000,300.000,300.000,-1,-1,-1,-1,775.000,750.000,-1,-1,2,0,2,0,2,0,0,0,0,2,2,2,2,0,0,2,2
37,-1938.685,-6151.459,53.719,160.624,-0.943229,-0.331674,0.017623,0.331046,-0.943099,-0.031183,0.026963,-0.023579,0.999358,0,0.78237,-0.65769,46.942,-1.315,-1,400.000,-1,400.000,-1,325.000,325.000,300.000,300.000,-1,-1,-1,-1,775.000,750.000,-1,-1,2,0,2,0,2,0,0,0,0,2,2,2,2,0,0,2,2
38,-1982.607,-6134.874,55.039,159.313,-0.935391,-0.353163,0.017844,0.352514,-0.935271,-0.031656,0.027869,-0.023321,0.999340,0,0.78248,-0.65540,46.949,-1.311,-1,400.000,-1,400.000,-1,325.000,325.000,300.000,300.000,-1,-1,-1,-1,775.000,750.000,-1,-1,2,0,2,0,2,0,0,0,0,2,2,2,2,0,0,2,2
39,-2026.148,-6117.288,56.396,158.007,-0.927094,-0.374393,0.018051,0.373722,-0.926984,-0.032137,0.028765,-0.023048,0.999320,0,0.78264,-0.65307,46.958,-1.306,-1,400.000,-1,400.000,-1,325.000,325.000,300.000,300.000,-1,-1,-1,-1,775.000,750.000,-1,-1,2,0,2,0,2,0,0,0,0,2,2,2,2,0,0,2,2
40,-2069.290,-6098.713,57.776,156.706,-0.918349,-0.395352,0.018231,0.394661,-0.918247,-0.032629,0.029641,-0.022770,0.999301,0,0.78284,-0.65069,46.971,-1.301,-1,400.000,-1,400.000,-1,325.000,325.000,300.000,300.000,-1,-1,-1,-1,775.000,775.000,-1,-1,2,0,2,0,2,0,0,0,0,2,2,2,2,0,0,2,2
41,-2112.014,-6079.161,59.166,155.409,-0.909166,-0.416031,0.018328,0.415322,-0.909073,-0.033082,0.030424,-0.022465,0.999285,0,0.78310,-0.64828,46.986,-1.297,-1,400.000,-1,400.000,-1,325.000,325.000,300.000,300.000,-1,-1,-1,-1,775.000,775.000,-1,-1,2,0,2,0,2,0,0,0,0,2,2,2,2,0,0,2,2
42,-2154.303,-6058.642,60.554,154.117,-0.899555,-0.436422,0.018362,0.435701,-0.899473,-0.033352,0.031071,-0.022001,0.999275,0,0.78340,-0.64583,47.004,-1.292,-1,400.000,-1,400.000,-1,325.000,325.000,300.000,300.000,-1,-1,-1,-1,775.000,775.000,-1,-1,2,0,2,0,2,0,0,0,0,2,2,2,2,0,0,2,2
43,-2196.139,-6037.170,61.974,152.831,-0.889526,-0.456514,0.018376,0.455784,-0.889456,-0.033599,0.031683,-0.021511,0.999266,0,0.78374,-0.64334,47.024,-1.287,-1,400.000,-1,400.000,-1,325.000,325.000,300.000,300.000,-1,-1,-1,-1,775.000,775.000,-1,-1,2,0,2,0,2,0,0,0,0,2,2,2,2,0,0,2,2
44,-2237.504,-6014.756,63.427,151.549,-0.879091,-0.476300,0.018372,0.475561,-0.879032,-0.033820,0.032258,-0.020994,0.999259,0,0.78413,-0.64082,47.048,-1.282,-1,400.000,-1,400.000,-1,325.000,325.000,300.000,300.000,-1,-1,-1,-1,775.000,775.000,-1,-1,2,0,2,0,2,0,0,0,0,2,2,2,2,0,0,2,2
45,-2278.382,-5991.413,64.913,150.273,-0.868260,-0.495770,0.018348,0.495024,-0.868213,-0.034013,0.032793,-0.020449,0.999253,0,0.78455,-0.63826,47.073,-1.277,-1,400.000,-1,400.000,-1,325.000,325.000,300.000,300.000,-1,-1,-1,-1,775.000,775.000,-1,-1,2,0,2,0,2,0,0,0,0,2,2,2,2,0,0,2,2
46,-2318.757,-5967.155,66.432,149.001,-0.857044,-0.514917,0.018306,0.514166,-0.857009,-0.034175,0.033286,-0.019877,0.999248,0,0.78502,-0.63567,47.101,-1.271,-1,400.000,-1,400.000,-1,325.000,325.000,300.000,300.000,-1,-1,-1,-1,775.000,775.000,-1,-1,2,0,2,0,2,0,0,0,0,2,2,2,2,0,0,2,2
47,-2358.610,-5941.995,67.955,147.735,-0.845455,-0.533735,0.018230,0.532985,-0.845434,-0.034169,0.033650,-0.019171,0.999250,0,0.78552,-0.63305,47.131,-1.266,-1,400.000,-1,400.000,-1,325.000,325.000,300.000,300.000,-1,-1,-1,-1,775.000,775.000,-1,-1,2,0,2,0,2,0,0,0,0,2,2,2,2,0,0,2,2
48,-2397.928,-5915.945,69.479,146.474,-0.833503,-0.552217,0.018131,0.551475,-0.833499,-0.033979,0.033876,-0.018323,0.999258,0,0.78606,-0.63041,47.164,-1.261,-1,400.000,-1,400.000,-1,325.000,325.000,300.000,300.000,-1,-1,-1,-1,775.000,775.000,-1,-1,2,0,2,0,2,0,0,0,0,2,2,2,2,0,0,2,2
49,-2436.693,-5889.021,71.039,145.219,-0.821200,-0.570356,0.018025,0.569625,-0.821213,-0.033721,0.034035,-0.017424,0.999269,0,0.78663,-0.62773,47.198,-1.255,-1,400.000,-1,400.000,-1,325.000,325.000,300.000,300.000,-1,-1,-1,-1,775.000,800.000,-1,-1,2,0,2,0,2,0,0,0,0,2,2,2,2,0,0,2,2
50,-2474.892,-5861.237,72.625,143.969,-0.808557,-0.588145,0.017919,0.587426,-0.808587,-0.033430,0.034150,-0.016504,0.999280,0,0.78724,-0.62502,47.234,-1.250,-1,400.000,-1,400.000,-1,325.000,325.000,300.000,300.000,-1,-1,-1,-1,775.000,800.000,-1,-1,2,0,2,0,2,0,0,0,0,2,2,2,2,0,0,2,2
51,-2512.508,-5832.606,74.236,142.724,-0.795587,-0.605578,0.017812,0.604872,-0.795634,-0.033121,0.034229,-0.015577,0.999293,0,0.78788,-0.62229,47.273,-1.245,-1,400.000,-1,400.000,-1,325.000,325.000,300.000,300.000,-1,-1,-1,-1,775.000,800.000,-1,-1,2,0,2,0,2,0,0,0,0,2,2,2,2,0,0,2,2
52,-2549.527,-5803.143,75.844,141.485,-0.782303,-0.622649,0.017635,0.621955,-0.782362,-0.032874,0.034266,-0.014749,0.999304,0,0.78854,-0.61953,47.313,-1.239,-1,400.000,-1,400.000,-1,325.000,325.000,300.000,300.000,-1,-1,-1,-1,775.000,800.000,-1,-1,2,0,2,0,2,0,0,0,0,2,2,2,2,0,0,2,2
53,-2587.193,-5771.815,77.509,140.249,-0.768683,-0.639394,0.017369,0.638714,-0.768751,-0.032654,0.034231,-0.014007,0.999316,0,0.81653,-0.61829,48.992,-1.237,-1,400.000,-1,400.000,-1,325.000,325.000,300.000,300.000,-1,-1,-1,-1,775.000,800.000,-1,-1,2,0,2,0,2,0,0,0,0,2,2,2,2,0,0,2,2
54,-2624.166,-5739.687,79.189,139.010,-0.754678,-0.655873,0.017075,0.655205,-0.754755,-0.032420,0.034151,-0.013279,0.999328,0,0.81635,-0.61944,48.981,-1.239,-1,400.000,-1,400.000,-1,325.000,325.000,300.000,300.000,-1,-1,-1,-1,775.000,800.000,-1,-1,2,0,2,0,2,0,0,0,0,2,2,2,2,0,0,2,2
55,-2660.424,-5706.773,80.885,137.769,-0.740296,-0.672073,0.016754,0.671420,-0.740378,-0.032170,0.034025,-0.012566,0.999342,0,0.81616,-0.62056,48.970,-1.241,-1,400.000,-1,400.000,-1,325.000,325.000,300.000,300.000,-1,-1,-1,-1,775.000,800.000,-1,-1,2,0,2,0,2,0,0,0,0,2,2,2,2,0,0,2,2
56,-2695.951,-5673.089,82.597,136.525,-0.725540,-0.687984,0.016407,0.687347,-0.725628,-0.031900,0.033852,-0.011868,0.999356,0,0.81595,-0.62162,48.957,-1.243,-1,400.000,-1,400.000,-1,325.000,325.000,300.000,300.000,-1,-1,-1,-1,775.000,825.000,-1,-1,2,0,2,0,2,0,0,0,0,2,2,2,2,0,0,2,2
57,-2730.728,-5638.651,84.266,135.280,-0.710410,-0.703599,0.016296,0.702976,-0.710512,-0.031580,0.033798,-0.010979,0.999368,0,0.81572,-0.62265,48.943,-1.245,-1,400.000,-1,400.000,-1,325.000,325.000,300.000,300.000,-1,-1,-1,-1,800.000,825.000,-1,-1,2,0,2,0,2,0,0,0,0,2,2,2,2,0,0,2,2
58,-2764.736,-5603.474,85.911,134.033,-0.694925,-0.718904,0.016018,0.718296,-0.695035,-0.031261,0.033607,-0.010218,0.999383,0,0.81547,-0.62362,48.928,-1.247,-1,400.000,-1,400.000,-1,325.000,325.000,300.000,300.000,-1,-1,-1,-1,800.000,825.000,-1,-1,2,0,2,0,2,0,0,0,0,2,2,2,2,0,0,2,2
59,-2795.487,-5570.528,87.392,133.026,-0.682186,-0.731014,0.015535,0.730423,-0.682293,-0.030971,0.033240,-0.009781,0.999400,0,0.75112,-0.50362,45.067,-1.007,-1,400.000,-1,400.000,-1,325.000,325.000,300.000,300.000,-1,-1,-1,-1,800.000,825.000,-1,-1,2,0,2,0,2,0,0,0,0,2,2,2,2,0,0,2,2
60,-2825.777,-5537.191,88.881,132.258,-0.672343,-0.740086,0.015053,0.739512,-0.672445,-0.030666,0.032818,-0.009486,0.999416,0,0.75071,-0.38362,45.043,-0.767,-1,400.000,-1,400.000,-1,325.000,325.000,300.000,300.000,-1,-1,-1,-1,775.000,825.000,-1,-1,2,0,2,0,2,0,0,0,0,2,2,2,2,0,0,2,2
61,-2855.731,-5503.608,90.376,131.731,-0.665513,-0.746244,0.014569,0.745685,-0.665607,-0.030354,0.032349,-0.009337,0.999433,0,0.75002,-0.26362,45.001,-0.527,-1,400.000,-1,400.000,-1,325.000,325.000,300.000,300.000,-1,-1,-1,-1,775.000,825.000,-1,-1,2,0,2,0,2,0,0,0,0,2,2,2,2,0,0,2,2
62,-2885.479,-5469.918,91.816,131.444,-0.661766,-0.749573,0.014348,0.749027,-0.661859,-0.030028,0.032005,-0.009124,0.999446,0,0.74905,-0.14362,44.943,-0.287,-1,400.000,-1,400.000,-1,325.000,325.000,300.000,300.000,-1,-1,-1,-1,775.000,825.000,-1,-1,2,0,2,0,2,0,0,0,0,2,2,2,2,0,0,2,2
63,-2915.148,-5436.260,93.246,131.397,-0.661151,-0.750119,0.014175,0.749585,-0.661241,-0.029708,0.031657,-0.009016,0.999458,0,0.74780,-0.02362,44.868,-0.047,-1,400.000,-1,400.000,-1,325.000,325.000,300.000,300.000,-1,-1,-1,-1,800.000,825.000,-1,-1,2,0,2,0,2,0,0,0,0,2,2,2,2,0,0,2,2
64,-2944.871,-5402.771,94.630,131.589,-0.663673,-0.747891,0.014040,0.747373,-0.663762,-0.029210,0.031165,-0.008893,0.999475,0,0.74628,0.09638,44.777,0.193,-1,400.000,-1,400.000,-1,325.000,325.000,300.000,300.000,-1,-1,-1,-1,800.000,825.000,-1,-1,2,0,2,0,2,0,0,0,0,2,2,2,2,0,0,2,2
65,-2974.773,-5369.587,95.988,132.022,-0.669306,-0.742857,0.013907,0.742355,-0.669392,-0.028702,0.030631,-0.008886,0.999491,0,0.74448,0.21638,44.669,0.433,-1,400.000,-1,400.000,-1,325.000,325.000,300.000,300.000,-1,-1,-1,-1,800.000,825.000,-1,-1,2,0,2,0,2,0,0,0,0,2,2,2,2,0,0,2,2
66,-3004.980,-5336.846,97.320,132.695,-0.677988,-0.734945,0.013759,0.734457,-0.678067,-0.028256,0.030097,-0.009052,0.999506,0,0.74245,0.33638,44.547,0.673,-1,400.000,-1,400.000,-1,325.000,325.000,300.000,300.000,-1,-1,-1,-1,800.000,825.000,-1,-1,2,0,2,0,2,0,0,0,0,2,2,2,2,0,0,2,2
67,-3035.611,-5304.689,98.542,133.608,-0.689612,-0.724050,0.013662,0.723588,-0.689689,-0.027377,0.029245,-0.008994,0.999532,0,0.74019,0.45638,44.412,0.913,-1,400.000,-1,400.000,-1,325.000,325.000,300.000,300.000,-1,-1,-1,-1,800.000,825.000,-1,-1,2,0,2,0,2,0,0,0,0,2,2,2,2,0,0,2,2
68,-3066.781,-5273.258,99.695,134.760,-0.704042,-0.710029,0.013559,0.709599,-0.704116,-0.026259,0.028192,-0.008866,0.999563,0,0.73776,0.57638,44.266,1.153,-1,400.000,-1,400.000,-1,325.000,325.000,300.000,300.000,-1,-1,-1,-1,800.000,825.000,-1,-1,2,0,2,0,2,0,0,0,0,2,2,2,2,0,0,2,2
69,-3098.595,-5242.699,100.838,136.153,-0.721096,-0.692705,0.013397,0.692304,-0.721166,-0.025200,0.027117,-0.008897,0.999593,0,0.73522,0.69638,44.113,1.393,-1,400.000,-1,400.000,-1,325.000,325.000,300.000,300.000,-1,-1,-1,-1,775.000,825.000,-1,-1,2,0,2,0,2,0,0,0,0,2,2,2,2,0,0,2,2
70,-3131.151,-5213.165,101.971,137.786,-0.740548,-0.671874,0.013165,0.671500,-0.740609,-0.024209,0.026015,-0.009088,0.999620,0,0.73261,0.81638,43.957,1.633,-1,400.000,-1,400.000,-1,325.000,325.000,300.000,300.000,-1,-1,-1,-1,775.000,825.000,-1,-1,2,0,2,0,2,0,0,0,0,2,2,2,2,0,0,2,2
71,-3164.430,-5184.687,103.092,139.446,-0.759705,-0.650141,0.012866,0.649790,-0.759756,-0.023292,0.024918,-0.009335,0.999646,0,0.73002,0.82985,43.801,1.660,-1,400.000,-1,400.000,-1,325.000,325.000,300.000,300.000,-1,-1,-1,-1,775.000,800.000,-1,-1,2,0,2,0,2,0,0,0,0,2,2,2,2,0,0,2,2
72,-3198.415,-5157.274,104.181,141.110,-0.778273,-0.627803,0.012473,0.627473,-0.778312,-0.022529,0.023852,-0.009707,0.999668,0,0.72772,0.83199,43.663,1.664,-1,400.000,-1,400.000,-1,325.000,325.000,300.000,300.000,-1,-1,-1,-1,775.000,800.000,-1,-1,2,0,2,0,2,0,0,0,0,2,2,2,2,0,0,2,2
73,-3233.091,-5130.933,105.207,142.779,-0.796238,-0.604864,0.011981,0.604550,-0.796262,-0.022067,0.022888,-0.010328,0.999685,0,0.72577,0.83448,43.546,1.669,-1,400.000,-1,400.000,-1,325.000,325.000,300.000,300.000,-1,-1,-1,-1,775.000,800.000,-1,-1,2,0,2,0,2,0,0,0,0,2,2,2,2,0,0,2,2
74,-3268.446,-5105.672,106.221,144.453,-0.813585,-0.581333,0.011458,0.581032,-0.813592,-0.021681,0.021925,-0.010982,0.999699,0,0.72420,0.83730,43.452,1.675,-1,400.000,-1,400.000,-1,325.000,325.000,300.000,300.000,-1,-1,-1,-1,775.000,800.000,-1,-1,2,0,2,0,2,0,0,0,0,2,2,2,2,0,0,2,2
75,-3304.469,-5081.496,107.223,146.134,-0.830297,-0.557214,0.010908,0.556926,-0.830287,-0.021370,0.020964,-0.011668,0.999712,0,0.72305,0.84043,43.383,1.681,-1,400.000,-1,400.000,-1,325.000,325.000,300.000,300.000,-1,-1,-1,-1,775.000,800.000,-1,-1,2,0,2,0,2,0,0,0,0,2,2,2,2,0,0,2,2
76,-3341.152,-5058.415,108.213,147.822,-0.846358,-0.532514,0.010338,0.532238,-0.846331,-0.021135,0.020004,-0.012386,0.999723,0,0.72234,0.84387,43.341,1.688,-1,400.000,-1,400.000,-1,325.000,325.000,300.000,325.000,-1,-1,-1,-1,775.000,800.000,-1,-1,2,0,2,0,2,0,0,0,0,2,2,2,2,0,0,2,2
77,-3378.488,-5036.437,109.148,149.517,-0.861747,-0.507240,0.009941,0.506975,-0.861707,-0.020906,0.019170,-0.012976,0.999732,0,0.72208,0.84760,43.325,1.695,-1,400.000,-1,400.000,-1,325.000,325.000,300.000,325.000,-1,-1,-1,-1,775.000,775.000,-1,-1,2,0,2,0,2,0,0,0,0,2,2,2,2,0,0,2,2
78,-3416.473,-5015.573,110.047,151.220,-0.876448,-0.481400,0.009625,0.481145,-0.876397,-0.020702,0.018402,-0.013513,0.999739,0,0.72229,0.85162,43.337,1.703,-1,400.000,-1,400.000,-1,325.000,325.000,300.000,325.000,-1,-1,-1,-1,775.000,775.000,-1,-1,2,0,2,0,2,0,0,0,0,2,2,2,2,0,0,2,2
79,-3455.099,-4995.834,110.918,152.932,-0.890442,-0.455002,0.009302,0.454756,-0.890380,-0.020492,0.017606,-0.014017,0.999747,0,0.72296,0.85591,43.378,1.712,-1,400.000,-1,400.000,-1,325.000,325.000,300.000,325.000,-1,-1,-1,-1,775.000,775.000,-1,-1,2,0,2,0,2,0,0,0,0,2,2,2,2,0,0,2,2
80,-3494.363,-4977.235,111.628,154.653,-0.903701,-0.428058,0.009522,0.427819,-0.903643,-0.020009,0.017169,-0.014008,0.999754,0,0.72410,0.86046,43.446,1.721,-1,400.000,-1,400.000,-1,325.000,325.000,300.000,325.000,-1,-1,-1,-1,775.000,775.000,-1,-1,2,0,2,0,2,0,0,0,0,2,2,2,2,0,0,2,2
81,-3536.614,-4958.541,112.363,156.134,-0.914459,-0.404562,0.009757,0.404330,-0.914405,-0.019489,0.016807,-0.013877,0.999762,0,0.77004,0.74046,46.202,1.481,-1,400.000,-1,400.000,-1,325.000,325.000,300.000,325.000,-1,-1,-1,-1,775.000,775.000,-1,-1,2,0,2,0,2,0,0,0,0,2,2,2,2,0,0,2,2
82,-3579.387,-4940.715,113.097,157.375,-0.923003,-0.384665,0.009930,0.384440,-0.922954,-0.019005,0.016475,-0.013724,0.999770,0,0.77232,0.62046,46.339,1.241,-1,400.000,-1,400.000,-1,325.000,325.000,300.000,325.000,-1,-1,-1,-1,775.000,775.000,-1,-1,2,0,2,0,2,0,0,0,0,2,2,2,2,0,0,2,2
83,-3622.619,-4923.577,113.833,158.376,-0.929580,-0.368484,0.010051,0.368266,-0.929535,-0.018555,0.016180,-0.013547,0.999777,0,0.77508,0.50046,46.505,1.001,-1,400.000,-1,400.000,-1,325.000,325.000,300.000,300.000,-1,-1,-1,-1,775.000,775.000,-1,-1,2,0,2,0,2,0,0,0,0,2,2,2,2,0,0,2,2
84,-3666.251,-4906.947,114.572,159.137,-0.934390,-0.356108,0.010133,0.355896,-0.934349,-0.018138,0.015927,-0.013341,0.999784,0,0.77823,0.38046,46.694,0.761,-1,400.000,-1,400.000,-1,325.000,325.000,300.000,300.000,-1,-1,-1,-1,775.000,775.000,-1,-1,2,0,2,0,2,0,0,0,0,2,2,2,2,0,0,2,2
85,-3710.229,-4890.642,115.315,159.658,-0.937588,-0.347600,0.010185,0.347394,-0.937551,-0.017750,0.015719,-0.013104,0.999791,0,0.78172,0.26046,46.903,0.521,-1,400.000,-1,400.000,-1,325.000,325.000,300.000,300.000,-1,-1,-1,-1,775.000,775.000,-1,-1,2,0,2,0,2,0,0,0,0,2,2,2,2,0,0,2,2
86,-3754.498,-4874.476,116.064,159.939,-0.939280,-0.343000,0.010215,0.342799,-0.939248,-0.017390,0.015559,-0.012832,0.999797,0,0.78548,0.14046,47.129,0.281,-1,400.000,-1,400.000,-1,325.000,325.000,300.000,300.000,-1,-1,-1,-1,775.000,775.000,-1,-1,2,0,2,0,2,0,0,0,0,2,2,2,2,0,0,2,2
87,-3799.023,-4858.338,116.820,160.076,-0.940102,-0.340739,0.010231,0.340543,-0.940074,-0.017053,0.015428,-0.012548,0.999802,0,0.78932,0.06898,47.359,0.138,-1,400.000,-1,400.000,-1,325.000,325.000,300.000,300.000,-1,-1,-1,-1,775.000,775.000,-1,-1,2,0,2,0,2,0,0,0,0,2,2,2,2,0,0,2,2
88,-3843.586,-4842.306,117.563,160.214,-0.940919,-0.338475,0.010259,0.338283,-0.940894,-0.016807,0.015341,-0.012343,0.999806,0,0.78932,0.06898,47.359,0.138,-1,400.000,-1,400.000,-1,325.000,325.000,300.000,300.000,-1,-1,-1,-1,775.000,775.000,-1,-1,2,0,2,0,2,0,0,0,0,2,2,2,2,0,0,2,2
89,-3888.188,-4826.383,118.274,160.352,-0.941732,-0.336209,0.010185,0.336020,-0.941707,-0.016696,0.015205,-0.012301,0.999809,0,0.78932,0.06898,47.359,0.138,-1,400.000,-1,400.000,-1,325.000,325.000,300.000,300.000,-1,-1,-1,-1,775.000,775.000,-1,-1,2,0,2,0,2,0,0,0,0,2,2,2,2,0,0,2,2
90,-3932.827,-4810.566,118.960,160.490,-0.942541,-0.333941,0.009989,0.333754,-0.942513,-0.016681,0.014986,-0.012389,0.999811,0,0.78932,0.06898,47.359,0.138,-1,400.000,-1,400.000,-1,325.000,325.000,300.000,300.000,-1,-1,-1,-1,775.000,775.000,-1,-1,2,0,2,0,2,0,0,0,0,2,2,2,2,0,0,2,2
91,-3977.505,-4794.858,119.647,160.628,-0.943345,-0.331670,0.009787,0.331485,-0.943313,-0.016692,0.014768,-0.012502,0.999813,0,0.78932,0.06898,47.359,0.138,-1,400.000,-1,400.000,-1,325.000,325.000,300.000,300.000,-1,-1,-1,-1,800.000,775.000,-1,-1,2,0,2,0,2,0,0,0,0,2,2,2,2,0,0,2,2
92,-4022.221,-4779.257,120.319,160.766,-0.944142,-0.329397,0.009642,0.329215,-0.944108,-0.016687,0.014600,-0.012581,0.999814,0,0.78932,0.06898,47.359,0.138,-1,400.000,-1,400.000,-1,325.000,325.000,300.000,300.000,-1,-1,-1,-1,800.000,775.000,-1,-1,2,0,2,0,2,0,0,0,0,2,2,2,2,0,0,2,2
93,-4066.974,-4763.763,120.936,160.904,-0.944935,-0.327123,0.009405,0.326946,-0.944898,-0.016554,0.014302,-0.012567,0.999819,0,0.78932,0.06898,47.359,0.138,-1,400.000,-1,400.000,-1,325.000,325.000,300.000,300.000,-1,-1,-1,-1,800.000,775.000,-1,-1,2,0,2,0,2,0,0,0,0,2,2,2,2,0,0,2,2
94,-4111.764,-4748.377,121.525,161.042,-0.945723,-0.324847,0.009082,0.324676,-0.945683,-0.016390,0.013913,-0.012552,0.999824,0,0.78932,0.06898,47.359,0.138,-1,400.000,-1,400.000,-1,325.000,325.000,300.000,300.000,-1,-1,-1,-1,800.000,775.000,-1,-1,2,0,2,0,2,0,0,0,0,2,2,2,2,0,0,2,2
95,-4156.591,-4733.100,122.118,161.180,-0.946505,-0.322570,0.008762,0.322405,-0.946463,-0.016246,0.013533,-0.012552,0.999830,0,0.78932,0.06898,47.359,0.138,-1,400.000,-1,400.000,-1,325.000,325.000,300.000,300.000,-1,-1,-1,-1,800.000,775.000,-1,-1,2,0,2,0,2,0,0,0,0,2,2,2,2,0,0,2,2
96,-4201.454,-4717.930,122.714,161.318,-0.947282,-0.320290,0.008444,0.320131,-0.947236,-0.016119,0.013161,-0.012566,0.999834,0,0.78932,0.06898,47.359,0.138,-1,400.000,-1,400.000,-1,325.000,325.000,300.000,300.000,-1,-1,-1,-1,800.000,775.000,-1,-1,2,0,2,0,2,0,0,0,0,2,2,2,2,0,0,2,2
97,-4246.355,-4702.868,123.314,161.456,-0.948053,-0.318008,0.008129,0.317854,-0.948004,-0.016011,0.012798,-0.012595,0.999839,0,0.78932,0.06898,47.359,0.138,-1,400.000,-1,400.000,-1,325.000,325.000,300.000,300.000,-1,-1,-1,-1,800.000,775.000,-1,-1,2,0,2,0,2,0,0,0,0,2,2,2,2,0,0,2,2
98,-4291.291,-4687.915,123.917,161.594,-0.948819,-0.315725,0.007817,0.315576,-0.948767,-0.015920,0.012443,-0.012638,0.999843,0,0.78932,0.06898,47.359,0.138,-1,400.000,-1,400.000,-1,325.000,325.000,300.000,300.000,-1,-1,-1,-1,800.000,775.000,-1,-1,2,0,2,0,2,0,0,0,0,2,2,2,2,0,0,2,2
99,-4336.263,-4673.069,124.524,161.732,-0.949579,-0.313439,0.007508,0.313296,-0.949523,-0.015847,0.012096,-0.012696,0.999846,0,0.78932,0.06898,47.359,0.138,-1,400.000,-1,400.000,-1,325.000,325.000,300.000,300.000,-1,-1,-1,-1,800.000,775.000,-1,-1,2,0,2,0,2,0,0,0,0,2,2,2,2,0,0,2,2
100,-4381.271,-4658.332,125.134,161.870,-0.950333,-0.311152,0.007202,0.311013,-0.950274,-0.015792,0.011758,-0.012768,0.999849,0,0.78932,0.06898,47.359,0.138,-1,400.000,-1,400.000,-1,325.000,325.000,300.000,300.000,-1,-1,-1,-1,800.000,775.000,-1,-1,2,0,2,0,2,0,0,0,0,2,2,2,2,0,0,2,2
101,-4426.314,-4643.704,125.748,162.008,-0.951082,-0.308863,0.006899,0.308728,-0.951020,-0.015755,0.011427,-0.012854,0.999852,0,0.78932,0.06898,47.359,0.138,-1,400.000,-1,400.000,-1,325.000,325.000,300.000,300.000,-1,-1,-1,-1,800.000,775.000,-1,-1,2,0,2,0,2,0,0,0,0,2,2,2,2,0,0,2,2
102,-4471.392,-4629.184,126.364,162.146,-0.951825,-0.306572,0.006599,0.306441,-0.951759,-0.015735,0.011105,-0.012955,0.999854,0,0.78932,0.06898,47.359,0.138,-1,400.000,-1,400.000,-1,325.000,325.000,300.000,300.000,-1,-1,-1,-1,800.000,775.000,-1,-1,2,0,2,0,2,0,0,0,0,2,2,2,2,0,0,2,2
103,-4516.505,-4614.772,126.950,162.284,-0.952562,-0.304278,0.006366,0.304149,-0.952492,-0.015898,0.010901,-0.013208,0.999853,0,0.78932,0.06898,47.359,0.138,-1,400.000,-1,400.000,-1,325.000,325.000,300.000,300.000,-1,-1,-1,-1,800.000,775.000,-1,-1,2,0,2,0,2,0,0,0,0,2,2,2,2,0,0,2,2
104,-4561.652,-4600.469,127.456,162.422,-0.953296,-0.301981,0.005874,0.301855,-0.953214,-0.016350,0.010537,-0.013813,0.999849,0,0.78932,0.06898,47.359,0.138,-1,400.000,-1,400.000,-1,325.000,325.000,300.000,300.000,-1,-1,-1,-1,800.000,775.000,-1,-1,2,0,2,0,2,0,0,0,0,2,2,2,2,0,0,2,2
105,-4611.478,-4585.045,127.988,162.800,-0.955272,-0.295684,0.005222,0.295561,-0.955174,-0.016913,0.009989,-0.014613,0.999843,0,0.86932,0.18898,52.159,0.378,-1,400.000,-1,400.000,-1,325.000,325.000,300.000,300.000,-1,-1,-1,-1,800.000,775.000,-1,-1,2,0,2,0,2,0,0,0,0,2,2,2,2,0,0,2,2
106,-4665.638,-4568.747,128.531,163.251,-0.957578,-0.288137,0.004642,0.288019,-0.957465,-0.017467,0.009477,-0.015389,0.999837,0,0.94265,0.22595,56.559,0.452,-1,400.000,-1,400.000,-1,325.000,325.000,300.000,300.000,-1,-1,-1,-1,800.000,775.000,-1,-1,2,0,2,0,2,0,0,0,0,2,2,2,2,0,0,2,2
107,-4719.924,-4552.876,128.908,163.703,-0.959823,-0.280575,0.004093,0.280464,-0.959702,-0.017650,0.008881,-0.015793,0.999836,0,0.94265,0.22595,56.559,0.452,-1,400.000,-1,400.000,-1,325.000,325.000,300.000,300.000,-1,-1,-1,-1,800.000,775.000,-1,-1,2,0,2,0,2,0,0,0,0,2,2,2,2,0,0,2,2
108,-4774.334,-4537.434,129.259,164.155,-0.962009,-0.272996,0.003484,0.272895,-0.961881,-0.017716,0.008187,-0.016092,0.999837,0,0.94265,0.22595,56.559,0.452,-1,400.000,-1,400.000,-1,325.000,325.000,300.000,300.000,-1,-1,-1,-1,800.000,775.000,-1,-1,2,0,2,0,2,0,0,0,0,2,2,2,2,0,0,2,2
109,-4828.864,-4522.421,129.613,164.607,-0.964134,-0.265399,0.002868,0.265309,-0.963999,-0.017798,0.007488,-0.016399,0.999837,0,0.94265,0.22595,56.559,0.452,-1,400.000,-1,400.000,-1,325.000,325.000,300.000,300.000,-1,-1,-1,-1,800.000,775.000,-1,-1,2,0,2,0,2,0,0,0,0,2,2,2,2,0,0,2,2
110,-4883.511,-4507.839,129.970,165.059,-0.966199,-0.257786,0.002245,0.257707,-0.966057,-0.017897,0.006782,-0.016713,0.999837,0,0.94265,0.22595,56.559,0.452,-1,400.000,-1,400.000,-1,325.000,325.000,300.000,300.000,-1,-1,-1,-1,800.000,775.000,-1,-1,2,0,2,0,2,0,0,0,0,2,2,2,2,0,0,2,2
111,-4938.270,-4493.689,130.329,165.511,-0.968204,-0.250157,0.001616,0.250089,-0.968055,-0.018011,0.006070,-0.017035,0.999836,0,0.94265,0.22595,56.559,0.452,-1,400.000,-1,400.000,-1,325.000,325.000,300.000,300.000,-1,-1,-1,-1,800.000,775.000,-1,-1,2,0,2,0,2,0,0,0,0,2,2,2,2,0,0,2,2
112,-4993.140,-4479.970,130.691,165.963,-0.970148,-0.242513,0.000981,0.242456,-0.969993,-0.018142,0.005351,-0.017363,0.999835,0,0.94265,0.22595,56.559,0.452,-1,400.000,-1,400.000,-1,325.000,325.000,300.000,300.000,-1,-1,-1,-1,800.000,750.000,-1,-1,2,0,2,0,2,0,0,0,0,2,2,2,2,0,0,2,2
113,-5048.117,-4466.685,131.054,166.415,-0.972031,-0.234854,0.000340,0.234808,-0.971870,-0.018288,0.004625,-0.017697,0.999833,0,0.94265,0.22595,56.559,0.452,-1,400.000,-1,400.000,-1,325.000,325.000,300.000,300.000,-1,-1,-1,-1,775.000,750.000,-1,-1,2,0,2,0,2,0,0,0,0,2,2,2,2,0,0,2,2
114,-5103.196,-4453.834,131.418,166.867,-0.973853,-0.227180,-0.000307,0.227146,-0.973686,-0.018450,0.003893,-0.018037,0.999830,0,0.94265,0.22595,56.559,0.452,-1,400.000,-1,400.000,-1,325.000,325.000,300.000,300.000,-1,-1,-1,-1,775.000,750.000,-1,-1,2,0,2,0,2,0,0,0,0,2,2,2,2,0,0,2,2
115,-5153.644,-4442.261,131.758,167.079,-0.974686,-0.223576,-0.000900,0.223553,-0.974514,-0.018600,0.003282,-0.018330,0.999827,0,0.86265,0.10595,51.759,0.212,-1,400.000,-1,400.000,-1,325.000,325.000,300.000,300.000,-1,-1,-1,-1,775.000,750.000,-1,-1,2,0,2,0,2,0,0,0,0,2,2,2,2,0,0,2,2
116,-5203.481,-4430.801,132.032,167.051,-0.974576,-0.224051,-0.001353,0.224036,-0.974394,-0.019062,0.002952,-0.018881,0.999817,0,0.85229,-0.01405,51.138,-0.028,-1,400.000,-1,400.000,-1,325.000,325.000,300.000,300.000,-1,-1,-1,-1,775.000,750.000,-1,-1,2,0,2,0,2,0,0,0,0,2,2,2,2,0,0,2,2
117,-5253.264,-4419.109,132.238,166.782,-0.973518,-0.228604,-0.001859,0.228596,-0.973320,-0.019797,0.002716,-0.019698,0.999802,0,0.85229,-0.13405,51.138,-0.268,-1,400.000,-1,400.000,-1,325.000,325.000,300.000,300.000,-1,-1,-1,-1,775.000,750.000,-1,-1,2,0,2,0,2,0,0,0,0,2,2,2,2,0,0,2,2
118,-5302.976,-4407.118,132.423,166.439,-0.972129,-0.234434,-0.002241,0.234431,-0.971918,-0.020431,0.002612,-0.020387,0.999789,0,0.85229,-0.17182,51.138,-0.344,-1,400.000,-1,400.000,-1,325.000,325.000,300.000,300.000,-1,-1,-1,-1,775.000,750.000,-1,-1,2,0,2,0,2,0,0,0,0,2,2,2,2,0,0,2,2
119,-5352.616,-4394.829,132.508,166.095,-0.970706,-0.240258,-0.002401,0.240255,-0.970489,-0.020692,0.002641,-0.020663,0.999783,0,0.85229,-0.17182,51.138,-0.344,-1,400.000,-1,400.000,-1,325.000,325.000,300.000,300.000,-1,-1,-1,-1,775.000,750.000,-1,-1,2,0,2,0,2,0,0,0,0,2,2,2,2,0,0,2,2
120,-5402.180,-4382.243,132.593,165.752,-0.969248,-0.246073,-0.002590,0.246073,-0.969026,-0.020893,0.002632,-0.020888,0.999778,0,0.85229,-0.17182,51.138,-0.344,-1,400.000,-1,400.000,-1,325.000,325.000,300.000,300.000,-1,-1,-1,-1,775.000,750.000,-1,-1,2,0,2,0,2,0,0,0,0,2,2,2,2,0,0,2,2
121,-5451.668,-4369.360,132.693,165.408,-0.967755,-0.251879,-0.002777,0.251881,-0.967528,-0.021096,0.002627,-0.021115,0.999774,0,0.85229,-0.17182,51.138,-0.344,-1,400.000,-1,400.000,-1,325.000,325.000,300.000,300.000,-1,-1,-1,-1,775.000,750.000,-1,-1,2,0,2,0,2,0,0,0,0,2,2,2,2,0,0,2,2
122,-5501.078,-4356.180,132.806,165.064,-0.966227,-0.257676,-0.002964,0.257680,-0.965996,-0.021300,0.002625,-0.021344,0.999769,0,0.85229,-0.17182,51.138,-0.344,-1,400.000,-1,400.000,-1,325.000,325.000,300.000,300.000,-1,-1,-1,-1,775.000,750.000,-1,-1,2,0,2,0,2,0,0,0,0,2,2,2,2,0,0,2,2
123,-5546.033,-4344.101,132.917,164.961,-0.965759,-0.259422,-0.003133,0.259428,-0.965523,-0.021486,0.002549,-0.021563,0.999764,0,0.77581,-0.05182,46.549,-0.104,-1,400.000,-1,400.000,-1,325.000,325.000,300.000,300.000,-1,-1,-1,-1,775.000,750.000,-1,-1,2,0,2,0,2,0,0,0,0,2,2,2,2,0,0,2,2
124,-5591.016,-4332.130,133.030,165.097,-0.966373,-0.257122,-0.003303,0.257132,-0.966133,-0.021674,0.002382,-0.021795,0.999760,0,0.77581,0.06818,46.549,0.136,-1,400.000,-1,400.000,-1,325.000,325.000,300.000,300.000,-1,-1,-1,-1,775.000,750.000,-1,-1,2,0,2,0,2,0,0,0,0,2,2,2,2,0,0,2,2
125,-5636.076,-4320.454,133.142,165.473,-0.968041,-0.250769,-0.003477,0.250784,-0.967796,-0.021869,0.002119,-0.022042,0.999755,0,0.77581,0.18818,46.549,0.376,-1,400.000,-1,400.000,-1,325.000,325.000,300.000,300.000,-1,-1,-1,-1,775.000,750.000,-1,-1,2,0,2,0,2,0,0,0,0,2,2,2,2,0,0,2,2
126,-5681.260,-4309.264,133.248,166.090,-0.970681,-0.240342,-0.003657,0.240363,-0.970432,-0.022071,0.001756,-0.022303,0.999750,0,0.77581,0.30818,46.549,0.616,-1,400.000,-1,400.000,-1,325.000,325.000,300.000,300.000,-1,-1,-1,-1,775.000,750.000,-1,-1,2,0,2,0,2,0,0,0,0,2,2,2,2,0,0,2,2
127,-5726.606,-4298.750,133.344,166.946,-0.974164,-0.225810,-0.003846,0.225839,-0.973910,-0.022286,0.001287,-0.022579,0.999744,0,0.77581,0.42818,46.549,0.856,-1,400.000,-1,400.000,-1,325.000,325.000,300.000,300.000,-1,-1,-1,-1,775.000,750.000,-1,-1,2,0,2,0,2,0,0,0,0,2,2,2,2,0,0,2,2
128,-5772.144,-4289.106,133.425,168.042,-0.978305,-0.207132,-0.004044,0.207170,-0.978046,-0.022516,0.000709,-0.022866,0.999738,0,0.77581,0.54818,46.549,1.096,-1,400.000,-1,400.000,-1,325.000,325.000,300.000,300.000,-1,-1,-1,-1,775.000,750.000,-1,-1,2,0,2,0,2,0,0,0,0,2,2,2,2,0,0,2,2
129,-5817.894,-4280.520,133.485,169.370,-0.982840,-0.184411,-0.004254,0.184460,-0.982576,-0.022764,0.000018,-0.023158,0.999732,0,0.77581,0.66391,46.549,1.328,-1,400.000,-1,400.000,-1,325.000,325.000,300.000,300.000,-1,-1,-1,-1,775.000,750.000,-1,-1,2,0,2,0,2,0,0,0,0,2,2,2,2,0,0,2,2
130,-5863.831,-4272.996,133.512,170.698,-0.986848,-0.161592,-0.004440,0.161651,-0.986578,-0.023090,-0.000649,-0.023505,0.999724,0,0.77581,0.66391,46.549,1.328,-1,400.000,-1,400.000,-1,325.000,325.000,300.000,300.000,-1,-1,-1,-1,775.000,750.000,-1,-1,2,0,2,0,2,0,0,0,0,2,2,2,2,0,0,2,2
131,-5909.929,-4266.539,133.495,172.026,-0.990326,-0.138685,-0.004599,0.138755,-0.990047,-0.023533,-0.001290,-0.023944,0.999712,0,0.77581,0.66391,46.549,1.328,-1,400.000,-1,400.000,-1,325.000,325.000,300.000,300.000,-1,-1,-1,-1,775.000,750.000,-1,-1,2,0,2,0,2,0,0,0,0,2,2,2,2,0,0,2,2
132,-5956.197,-4261.151,133.410,173.358,-0.993282,-0.115624,-0.004662,0.115703,-0.992998,-0.023836,-0.001873,-0.024215,0.999705,0,0.77634,0.66625,46.581,1.332,-1,400.000,-1,400.000,-1,325.000,325.000,300.000,300.000,-1,-1,-1,-1,775.000,750.000,-1,-1,2,0,2,0,2,0,0,0,0,2,2,2,2,0,0,2,2
133,-6002.668,-4256.844,133.270,174.704,-0.995722,-0.092275,-0.004713,0.092362,-0.995436,-0.024025,-0.002475,-0.024358,0.999700,0,0.77783,0.67276,46.670,1.346,-1,400.000,-1,400.000,-1,325.000,325.000,300.000,300.000,-1,-1,-1,-1,775.000,750.000,-1,-1,2,0,2,0,2,0,0,0,0,2,2,2,2,0,0,2,2
134,-6049.320,-4253.633,133.105,176.063,-0.997630,-0.068645,-0.004773,0.068741,-0.997340,-0.024219,-0.003098,-0.024490,0.999695,0,0.77937,0.67934,46.762,1.359,-1,400.000,-1,400.000,-1,325.000,325.000,300.000,300.000,-1,-1,-1,-1,775.000,750.000,-1,-1,2,0,2,0,2,0,0,0,0,2,2,2,2,0,0,2,2
135,-6096.130,-4251.536,132.915,177.435,-0.998987,-0.044746,-0.004842,0.044851,-0.998695,-0.024416,-0.003743,-0.024609,0.999690,0,0.78096,0.68600,46.857,1.372,-1,400.000,-1,400.000,-1,325.000,325.000,300.000,300.000,-1,-1,-1,-1,775.000,750.000,-1,-1,2,0,2,0,2,0,0,0,0,2,2,2,2,0,0,2,2
136,-6143.075,-4250.569,132.698,178.820,-0.999776,-0.020585,-0.004918,0.020701,-0.999483,-0.024617,-0.004408,-0.024713,0.999685,0,0.78259,0.69274,46.955,1.385,-1,400.000,-1,400.000,-1,325.000,325.000,300.000,300.000,-1,-1,-1,-1,775.000,750.000,-1,-1,2,0,2,0,2,0,0,0,0,2,2,2,2,0,0,2,2
137,-6185.231,-4250.544,132.483,179.966,-0.999987,-0.000601,-0.004991,0.000724,-0.999692,-0.024801,-0.004974,-0.024804,0.999680,0,0.70259,0.57274,42.155,1.145,-1,400.000,-1,400.000,-1,325.000,325.000,300.000,300.000,-1,-1,-1,-1,775.000,775.000,-1,-1,2,0,2,0,2,0,0,0,0,2,2,2,2,0,0,2,2
