timestep,x_cm,y_cm,z_cm,yaw_deg,basis_xx,basis_xy,basis_xz,basis_yx,basis_yy,basis_yz,basis_zx,basis_zy,basis_zz,teleport_flag,throttle_cmd,steering_cmd,cmd_move_cm,cmd_turn_deg,lidar_cm_0,lidar_cm_1,lidar_cm_2,lidar_cm_3,lidar_cm_4,lidar_cm_5,lidar_cm_6,lidar_cm_7,lidar_cm_8,lidar_cm_9,lidar_cm_10,lidar_cm_11,lidar_cm_12,lidar_cm_13,lidar_cm_14,lidar_cm_15,lidar_cm_16,lidar_class_0,lidar_class_1,lidar_class_2,lidar_class_3,lidar_class_4,lidar_class_5,lidar_class_6,lidar_class_7,lidar_class_8,lidar_class_9,lidar_class_10,lidar_class_11,lidar_class_12,lidar_class_13,lidar_class_14,lidar_class_15,lidar_class_16
0,988.433,2950.120,17.935,-19.239,0.944231,0.329272,-0.002853,-0.328877,0.943460,0.041511,0.016360,-0.038258,0.999134,1,0.08000,0.12000,4.800,0.240,-1,400.000,-1,400.000,-1,325.000,325.000,300.000,300.000,-1,-1,-1,600.000,775.000,850.000,-1,-1,2,0,2,0,2,0,0,0,0,2,2,2,1,0,0,2,2
1,997.523,2947.033,18.087,-18.759,0.946954,0.321356,-0.002831,-0.320970,0.946184,0.041408,0.015985,-0.038302,0.999138,0,0.16000,0.24000,9.600,0.480,-1,400.000,-1,400.000,-1,325.000,325.000,300.000,300.000,-1,-1,-1,600.000,775.000,850.000,-1,-1,2,0,2,0,2,0,0,0,0,2,2,2,1,0,0,2,2
2,1011.215,2942.574,18.307,-18.039,0.950915,0.309440,-0.002801,-0.309068,0.950145,0.041250,0.015425,-0.038360,0.999145,0,0.24000,0.36000,14.400,0.720,-1,400.000,-1,400.000,-1,325.000,325.000,300.000,300.000,-1,-1,-1,625.000,775.000,850.000,-1,-1,2,0,2,0,2,0,0,0,0,2,2,2,1,0,0,2,2
3,1029.568,2936.935,18.584,-17.079,0.955962,0.293477,-0.002764,-0.293122,0.955194,0.041037,0.014684,-0.038419,0.999154,0,0.32000,0.48000,19.200,0.960,-1,400.000,-1,400.000,-1,325.000,325.000,300.000,300.000,-1,-1,-1,625.000,775.000,850.000,-1,-1,2,0,2,0,2,0,0,0,0,2,2,2,1,0,0,2,2
4,1052.652,2930.369,18.907,-15.879,0.961894,0.273408,-0.002725,-0.273075,0.961129,0.040765,0.013764,-0.038468,0.999165,0,0.40000,0.60000,24.000,1.200,-1,400.000,-1,400.000,-1,325.000,325.000,300.000,300.000,-1,-1,-1,650.000,775.000,850.000,-1,-1,2,0,2,0,2,0,0,0,0,2,2,2,1,0,0,2,2
5,1080.542,2923.188,19.262,-14.439,0.968457,0.249168,-0.002686,-0.248860,0.967695,0.040434,0.012674,-0.038490,0.999179,0,0.48000,0.72000,28.800,1.440,-1,400.000,-1,400.000,-1,325.000,325.000,300.000,300.000,-1,-1,-1,700.000,775.000,850.000,-1,-1,2,0,2,0,2,0,0,0,0,2,2,2,1,0,0,2,2
6,1113.312,2915.767,19.629,-12.759,0.975340,0.220691,-0.002653,-0.220411,0.974585,0.040043,0.011422,-0.038471,0.999194,0,0.56000,0.84000,33.600,1.680,-1,400.000,-1,400.000,-1,325.000,325.000,300.000,300.000,-1,-1,-1,725.000,775.000,850.000,-1,-1,2,0,2,0,2,0,0,0,0,2,2,2,1,0,0,2,2
7,1151.011,2908.464,19.995,-10.963,0.981773,0.190038,-0.002635,-0.189787,0.981027,0.039588,0.010108,-0.038366,0.999213,0,0.64000,0.89802,38.400,1.796,-1,400.000,-1,400.000,-1,325.000,325.000,300.000,300.000,-1,-1,-1,775.000,775.000,850.000,-1,-1,2,0,2,0,2,0,0,0,0,2,2,2,1,0,0,2,2
8,1193.661,2901.590,20.343,-9.157,0.987272,0.159022,-0.002642,-0.158799,0.986538,0.039066,0.008819,-0.038149,0.999233,0,0.72000,0.90317,43.200,1.806,-1,400.000,-1,400.000,-1,325.000,325.000,300.000,300.000,-1,-1,-1,850.000,775.000,875.000,-1,-1,2,0,2,0,2,0,0,0,0,2,2,2,1,0,0,2,2
9,1239.004,2895.750,20.649,-7.339,0.991817,0.127641,-0.002670,-0.127444,0.991098,0.038511,0.007561,-0.037855,0.999255,0,0.76197,0.90914,45.718,1.818,-1,400.000,-1,400.000,-1,325.000,325.000,300.000,300.000,-1,-1,-1,925.000,800.000,875.000,-1,-1,2,0,2,0,2,0,0,0,0,2,2,2,1,0,0,2,2
10,1284.690,2891.345,20.899,-5.507,0.995387,0.095905,-0.002696,-0.095735,0.994684,0.037933,0.006320,-0.037500,0.999277,0,0.76497,0.91562,45.898,1.831,-1,400.000,-1,400.000,-1,325.000,325.000,300.000,300.000,-1,-1,-1,-1,800.000,875.000,-1,-1,2,0,2,0,2,0,0,0,0,2,2,2,2,0,0,2,2
11,1330.704,2888.400,21.029,-3.663,0.997957,0.063839,-0.002351,-0.063706,0.997259,0.037635,0.004747,-0.037409,0.999289,0,0.76847,0.92228,46.108,1.845,-1,400.000,-1,400.000,-1,325.000,325.000,300.000,300.000,-1,-1,875.000,-1,800.000,900.000,-1,-1,2,0,2,0,2,0,0,0,0,2,2,1,2,0,0,2,2
12,1377.027,2886.940,20.932,-1.805,0.999504,0.031469,-0.001455,-0.031394,0.998828,0.036840,0.002612,-0.036776,0.999320,0,0.77245,0.92911,46.347,1.858,-1,400.000,-1,400.000,-1,325.000,325.000,300.000,300.000,-1,-1,850.000,-1,800.000,900.000,-1,-1,2,0,2,0,2,0,0,0,0,2,2,1,2,0,0,2,2
13,1423.637,2886.995,20.779,0.068,0.999999,-0.001180,-0.000569,0.001200,0.999347,0.036114,0.000526,-0.036115,0.999347,0,0.77684,0.93609,46.610,1.872,-1,400.000,-1,400.000,-1,325.000,325.000,300.000,300.000,-1,-1,875.000,-1,800.000,900.000,-1,-1,2,0,2,0,2,0,0,0,0,2,2,1,2,0,0,2,2
14,1470.506,2888.594,20.573,1.954,0.999419,-0.034077,0.000295,0.034045,0.998791,0.035473,-0.001504,-0.035442,0.999371,0,0.78161,0.94322,46.897,1.886,-1,400.000,-1,400.000,-1,325.000,325.000,300.000,300.000,-1,-1,900.000,-1,800.000,900.000,-1,-1,2,0,2,0,2,0,0,0,0,2,2,1,2,0,0,2,2
15,1517.603,2891.768,20.317,3.855,0.997739,-0.067192,0.001131,0.067112,0.997134,0.034923,-0.003474,-0.034768,0.999389,0,0.78673,0.95049,47.204,1.901,-1,400.000,-1,400.000,-1,325.000,325.000,300.000,300.000,-1,-1,950.000,-1,800.000,900.000,-1,-1,2,0,2,0,2,0,0,0,0,2,2,1,2,0,0,2,2
16,1564.890,2896.546,20.014,5.771,0.994936,-0.100492,0.001928,0.100366,0.994353,0.034471,-0.005381,-0.034103,0.999404,0,0.79214,0.95789,47.529,1.916,-1,400.000,-1,400.000,-1,325.000,325.000,300.000,300.000,-1,-1,975.000,-1,825.000,925.000,-1,-1,2,0,2,0,2,0,0,0,0,2,2,1,2,0,0,2,2
17,1612.328,2902.961,19.667,7.702,0.990986,-0.133940,0.002677,0.133771,0.990425,0.034125,-0.007222,-0.033459,0.999414,0,0.79782,0.96540,47.869,1.931,-1,400.000,-1,400.000,-1,325.000,325.000,300.000,300.000,-1,-1,-1,-1,825.000,925.000,-1,-1,2,0,2,0,2,0,0,0,0,2,2,2,2,0,0,2,2
18,1662.716,2911.570,19.253,9.696,0.985726,-0.168325,0.003409,0.168115,0.985185,0.033875,-0.009060,-0.032818,0.999420,0,0.85198,0.99703,51.119,1.994,-1,400.000,-1,400.000,-1,325.000,325.000,300.000,300.000,-1,-1,-1,-1,825.000,900.000,-1,-1,2,0,2,0,2,0,0,0,0,2,2,2,2,0,0,2,2
19,1713.153,2922.002,18.799,11.686,0.979287,-0.202438,0.004064,0.202190,0.978765,0.033751,-0.010810,-0.032231,0.999422,0,0.85841,0.99499,51.505,1.990,-1,400.000,-1,400.000,-1,325.000,325.000,300.000,325.000,-1,-1,-1,-1,825.000,900.000,-1,-1,2,0,2,0,2,0,0,0,0,2,2,2,2,0,0,2,2
20,1763.566,2934.264,18.308,13.670,0.971689,-0.236219,0.004629,0.235935,0.971182,0.033759,-0.012470,-0.031711,0.999419,0,0.86472,0.99240,51.883,1.985,-1,400.000,-1,400.000,-1,325.000,325.000,300.000,325.000,-1,-1,-1,-1,825.000,900.000,-1,-1,2,0,2,0,2,0,0,0,0,2,2,2,2,0,1,2,2
21,1813.880,2948.358,17.785,15.649,0.962956,-0.269610,0.005090,0.269292,0.962462,0.033900,-0.014039,-0.031274,0.999412,0,0.87084,0.98921,52.251,1.978,-1,400.000,-1,400.000,-1,325.000,325.000,300.000,325.000,-1,-1,-1,-1,825.000,850.000,-1,-1,2,0,2,0,2,0,0,0,0,2,2,2,2,0,1,2,2
22,1864.016,2964.281,17.235,17.620,0.953117,-0.302554,0.005432,0.302204,0.952630,0.034177,-0.015515,-0.030933,0.999401,0,0.87673,0.98542,52.604,1.971,-1,400.000,-1,425.000,-1,325.000,325.000,300.000,325.000,-1,-1,-1,-1,825.000,825.000,-1,-1,2,0,2,0,2,0,0,0,0,2,2,2,2,0,1,2,2
23,1913.893,2982.023,16.431,19.582,0.942201,-0.335002,0.005596,0.334640,0.941744,0.033671,-0.016550,-0.029852,0.999417,0,0.88232,0.98100,52.939,1.962,-1,400.000,-1,425.000,-1,325.000,325.000,300.000,325.000,-1,-1,-1,-1,825.000,800.000,-1,1000.000,2,0,2,0,2,0,0,0,0,2,2,2,2,0,1,2,1
24,1963.428,3001.568,15.184,21.534,0.930228,-0.366910,0.007312,0.366510,0.929855,0.032244,-0.018630,-0.027314,0.999453,0,0.88753,0.97593,53.252,1.952,-1,400.000,-1,425.000,1000.000,325.000,325.000,300.000,325.000,-1,-1,-1,-1,800.000,750.000,-1,950.000,2,0,2,0,1,0,0,0,0,2,2,2,2,0,1,2,1
25,2012.535,3022.893,13.929,23.474,0.917251,-0.398208,0.008973,0.397776,0.916956,0.031077,-0.020603,-0.024936,0.999477,0,0.89229,0.97018,53.538,1.940,-1,400.000,-1,425.000,925.000,325.000,325.000,325.000,325.000,-1,-1,-1,-1,800.000,725.000,-1,925.000,2,0,2,0,1,0,0,0,0,2,2,2,2,0,1,2,1
26,2065.298,3047.779,12.434,25.251,0.904433,-0.426480,0.010767,0.426019,0.904215,0.030039,-0.022547,-0.022581,0.999491,0,0.97229,0.88864,58.338,1.777,-1,400.000,-1,425.000,825.000,325.000,325.000,325.000,325.000,-1,-1,-1,-1,800.000,725.000,-1,875.000,2,0,2,0,1,0,0,0,0,2,2,2,2,0,1,2,1
27,2118.636,3074.971,10.685,27.014,0.890852,-0.454115,0.012775,0.453628,0.890715,0.029125,-0.024605,-0.020151,0.999494,0,0.99782,0.88134,59.869,1.763,-1,400.000,-1,425.000,750.000,325.000,325.000,325.000,325.000,-1,-1,-1,-1,800.000,700.000,-1,850.000,2,0,2,0,1,0,0,0,0,2,2,2,2,0,1,2,1
28,2171.235,3103.840,8.771,28.760,0.876561,-0.481062,0.014849,0.480523,0.876488,0.029417,-0.027167,-0.018651,0.999457,0,1.00000,0.87315,60.000,1.746,-1,400.000,-1,400.000,700.000,325.000,325.000,325.000,325.000,-1,-1,-1,-1,775.000,675.000,-1,850.000,2,0,2,0,1,0,0,0,0,2,2,2,2,0,1,2,1
29,2222.939,3134.282,6.832,30.489,0.861613,-0.507289,0.016782,0.506691,0.861598,0.030232,-0.029796,-0.017545,0.999402,0,1.00000,0.86418,60.000,1.728,-1,400.000,-1,400.000,650.000,325.000,325.000,325.000,325.000,-1,-1,-1,-1,775.000,675.000,-1,875.000,2,0,2,0,1,0,0,0,0,2,2,2,2,0,1,2,1
30,2273.712,3166.252,4.935,32.197,0.846061,-0.532765,0.018497,0.532107,0.846101,0.031239,-0.032294,-0.016588,0.999341,0,1.00000,0.85442,60.000,1.709,-1,400.000,-1,400.000,625.000,325.000,325.000,325.000,325.000,-1,-1,-1,-1,750.000,675.000,-1,-1,2,0,2,1,1,0,0,0,0,2,2,2,2,0,1,2,2
31,2323.521,3199.704,3.084,33.885,0.829963,-0.557461,0.019984,0.556741,0.830053,0.032425,-0.034663,-0.015786,0.999274,0,1.00000,0.84388,60.000,1.688,-1,400.000,-1,400.000,600.000,325.000,325.000,325.000,325.000,-1,-1,-1,-1,750.000,700.000,-1,-1,2,0,2,1,1,0,0,0,0,2,2,2,2,0,1,2,2
32,2372.338,3234.589,1.264,35.550,0.813376,-0.581351,0.021238,0.580563,0.813511,0.033863,-0.036964,-0.015213,0.999201,0,1.00000,0.83258,60.000,1.665,-1,375.000,-1,375.000,600.000,325.000,325.000,300.000,325.000,-1,-1,-1,-1,725.000,750.000,-1,-1,2,0,2,1,1,0,0,0,0,2,2,2,2,0,1,2,2
33,2420.135,3270.858,-0.656,37.191,0.796356,-0.604419,0.022227,0.603588,0.796539,0.034739,-0.038702,-0.014248,0.999149,0,1.00000,0.82056,60.000,1.641,-1,375.000,-1,375.000,625.000,325.000,325.000,300.000,325.000,-1,-1,-1,-1,725.000,800.000,-1,-1,2,0,2,1,1,0,1,0,0,2,2,2,2,0,0,2,2
34,2466.891,3308.459,-2.873,38.807,0.778957,-0.626655,0.023010,0.625845,0.779202,0.034101,-0.039299,-0.012162,0.999153,0,1.00000,0.80787,60.000,1.616,-1,375.000,-1,400.000,775.000,325.000,325.000,300.000,325.000,-1,-1,-1,-1,725.000,775.000,-1,975.000,2,0,2,1,1,0,0,0,0,2,2,2,2,0,0,2,1
35,2509.063,3344.076,-4.853,40.183,0.763653,-0.645195,0.023628,0.644401,0.763946,0.033660,-0.039768,-0.010478,0.999154,0,0.92000,0.68787,55.200,1.376,-1,375.000,-1,400.000,800.000,325.000,325.000,300.000,325.000,-1,-1,-1,-1,725.000,775.000,-1,950.000,2,0,2,0,1,0,0,0,0,2,2,2,2,0,0,2,1
36,2546.916,3377.352,-6.767,41.319,0.750686,-0.660222,0.024040,0.659475,0.751021,0.032541,-0.039539,-0.008574,0.999181,0,0.84000,0.56787,50.400,1.136,-1,375.000,-1,400.000,775.000,325.000,325.000,300.000,325.000,-1,-1,-1,-1,725.000,775.000,-1,925.000,2,0,2,0,1,0,0,0,0,2,2,2,2,0,0,2,1
37,2580.689,3407.991,-7.932,42.214,0.740338,-0.671880,0.021863,0.671179,0.740606,0.031972,-0.037673,-0.008996,0.999250,0,0.76000,0.44787,45.600,0.896,-1,375.000,-1,400.000,775.000,325.000,325.000,300.000,325.000,-1,-1,-1,-1,725.000,775.000,-1,900.000,2,0,2,0,1,0,0,0,1,2,2,2,2,0,0,2,1
38,2610.591,3435.748,-9.199,42.870,0.732617,-0.680314,0.021095,0.679649,0.732871,0.031273,-0.036735,-0.008574,0.999288,0,0.68000,0.32787,40.800,0.656,-1,375.000,-1,400.000,775.000,325.000,325.000,300.000,300.000,-1,-1,-1,-1,725.000,775.000,-1,900.000,2,0,2,0,1,0,0,0,1,2,2,2,2,0,0,2,1
39,2636.797,3460.431,-10.480,43.286,0.727650,-0.685619,0.021280,0.684981,0.727920,0.030555,-0.036439,-0.007657,0.999307,0,0.60000,0.20787,36.000,0.416,-1,400.000,-1,400.000,750.000,325.000,325.000,300.000,275.000,-1,-1,-1,-1,725.000,775.000,-1,875.000,2,0,2,0,1,0,0,0,1,2,2,2,2,0,1,2,1
40,2661.781,3484.108,-11.825,43.462,0.725511,-0.687854,0.022126,0.687238,0.725820,0.029808,-0.036563,-0.006420,0.999311,0,0.57367,0.08787,34.420,0.176,-1,375.000,-1,400.000,725.000,325.000,325.000,300.000,275.000,-1,-1,-1,-1,725.000,750.000,-1,850.000,2,0,2,0,1,0,0,0,1,2,2,2,2,0,1,2,1
41,2686.610,3507.585,-13.261,43.397,0.726233,-0.687046,0.023531,0.686451,0.726598,0.029009,-0.037028,-0.004914,0.999302,0,0.56952,-0.03213,34.171,-0.064,-1,375.000,-1,400.000,700.000,325.000,325.000,325.000,275.000,-1,-1,-1,-1,725.000,725.000,-1,825.000,2,0,2,0,1,0,0,0,1,2,2,2,2,0,1,2,1
42,2711.340,3530.839,-14.790,43.239,0.728060,-0.685038,0.025506,0.684467,0.728501,0.028126,-0.037849,-0.003019,0.999279,0,0.56576,-0.07925,33.945,-0.159,-1,375.000,-1,400.000,675.000,325.000,325.000,325.000,250.000,-1,-1,-1,-1,700.000,700.000,-1,775.000,2,0,2,0,1,0,0,0,1,2,2,2,2,0,1,2,1
43,2735.973,3553.871,-16.549,43.078,0.729915,-0.682987,0.027421,0.682445,0.730429,0.027240,-0.038634,-0.001170,0.999253,0,0.56205,-0.08065,33.723,-0.161,-1,375.000,-1,400.000,650.000,325.000,325.000,325.000,250.000,-1,-1,-1,-1,700.000,700.000,-1,750.000,2,0,2,0,1,0,0,0,1,2,2,2,2,0,1,2,1
44,2760.501,3576.676,-18.124,42.914,0.731825,-0.680897,0.028490,0.680382,0.732379,0.026469,-0.038888,0.000013,0.999244,0,0.55820,-0.08189,33.492,-0.164,-1,375.000,-1,375.000,625.000,300.000,325.000,325.000,250.000,-1,-1,-1,-1,700.000,675.000,-1,725.000,2,0,2,0,1,0,0,0,1,2,2,2,2,0,1,2,1
45,2784.921,3599.247,-19.407,42.748,0.733801,-0.678773,0.028349,0.678280,0.734348,0.025876,-0.038382,0.000241,0.999263,0,0.55422,-0.08298,33.253,-0.166,-1,375.000,-1,375.000,600.000,300.000,325.000,325.000,225.000,-1,-1,-1,-1,700.000,650.000,-1,700.000,2,0,2,0,1,0,0,0,1,2,2,2,2,0,1,2,1
46,2809.226,3621.581,-20.651,42.580,0.735793,-0.676619,0.028199,0.676147,0.736333,0.025285,-0.037872,0.000463,0.999282,0,0.55014,-0.08390,33.008,-0.168,-1,375.000,-1,375.000,575.000,300.000,325.000,325.000,225.000,-1,-1,-1,-1,700.000,650.000,-1,675.000,2,0,2,0,1,0,0,0,1,2,2,2,2,0,1,2,1
47,2833.412,3643.675,-21.867,42.411,0.737799,-0.674440,0.027992,0.673988,0.738330,0.024703,-0.037328,0.000640,0.999303,0,0.54597,-0.08468,32.758,-0.169,-1,375.000,-1,375.000,550.000,300.000,325.000,325.000,225.000,-1,-1,-1,-1,700.000,625.000,-1,650.000,2,0,2,0,1,0,0,0,1,2,2,2,2,0,1,2,1
48,2857.477,3665.526,-23.048,42.240,0.739814,-0.672238,0.027767,0.671806,0.740334,0.024125,-0.036774,0.000806,0.999323,0,0.54175,-0.08529,32.505,-0.171,-1,375.000,-1,375.000,525.000,300.000,325.000,325.000,225.000,-1,-1,-1,-1,675.000,625.000,-1,625.000,2,0,2,0,1,0,0,0,1,2,2,2,2,0,1,2,1
49,2881.417,3687.133,-24.193,42.069,0.741833,-0.670019,0.027534,0.669606,0.742343,0.023549,-0.036218,0.000967,0.999343,0,0.53748,-0.08576,32.249,-0.172,-1,375.000,-1,375.000,500.000,300.000,325.000,325.000,225.000,-1,-1,-1,-1,675.000,600.000,-1,600.000,2,0,2,0,1,0,0,0,1,2,2,2,2,0,1,2,1
50,2905.230,3708.497,-25.331,41.896,0.743853,-0.667786,0.027284,0.667386,0.744353,0.023133,-0.035757,0.001002,0.999360,0,0.53320,-0.08607,31.992,-0.172,-1,375.000,-1,375.000,475.000,300.000,325.000,325.000,225.000,-1,-1,-1,-1,675.000,600.000,-1,575.000,2,0,2,0,1,0,0,0,1,2,2,2,2,0,1,2,1
51,2928.916,3729.618,-26.451,41.724,0.745871,-0.665542,0.027024,0.665152,0.746360,0.022809,-0.035350,0.000962,0.999375,0,0.52892,-0.08624,31.735,-0.172,-1,375.000,-1,375.000,450.000,300.000,325.000,325.000,225.000,-1,-1,-1,-1,675.000,600.000,-1,550.000,2,0,2,0,1,0,0,0,1,2,2,2,2,0,1,2,1
52,2952.475,3750.499,-27.534,41.551,0.747882,-0.663292,0.026758,0.662911,0.748360,0.022474,-0.034932,0.000931,0.999389,0,0.52467,-0.08626,31.480,-0.173,-1,375.000,-1,375.000,450.000,300.000,300.000,325.000,225.000,-1,-1,-1,-1,675.000,575.000,-1,525.000,2,0,2,0,1,0,0,0,1,2,2,2,2,0,1,2,1
53,2975.907,3771.142,-28.580,41.379,0.749884,-0.661038,0.026488,0.660669,0.750352,0.022128,-0.034503,0.000907,0.999404,0,0.52047,-0.08615,31.228,-0.172,-1,375.000,-1,375.000,425.000,300.000,300.000,325.000,250.000,-1,-1,-1,-1,675.000,575.000,-1,500.000,2,0,2,0,1,0,0,0,1,2,2,2,2,0,1,2,1
54,2999.214,3791.551,-29.591,41.207,0.751874,-0.658786,0.026214,0.658426,0.752330,0.021771,-0.034064,0.000891,0.999419,0,0.51633,-0.08589,30.980,-0.172,-1,375.000,-1,375.000,400.000,300.000,300.000,325.000,250.000,-1,-1,-1,-1,675.000,575.000,-1,475.000,2,0,2,1,1,0,0,0,1,2,2,2,2,0,1,2,1
55,3026.300,3814.928,-30.730,40.796,0.756603,-0.653362,0.025901,0.653014,0.757045,0.021328,-0.033543,0.000777,0.999437,0,0.59633,-0.20589,35.780,-0.412,-1,375.000,-1,375.000,375.000,300.000,300.000,325.000,250.000,-1,-1,-1,-1,675.000,600.000,-1,450.000,2,0,2,1,1,0,0,0,1,2,2,2,2,0,1,2,1
56,3057.320,3841.090,-31.666,40.144,0.764003,-0.644708,0.025516,0.644323,0.764429,0.022275,-0.033866,-0.000578,0.999426,0,0.67633,-0.32589,40.580,-0.652,-1,375.000,-1,350.000,350.000,300.000,300.000,325.000,250.000,-1,-1,-1,-1,650.000,600.000,-1,425.000,2,0,2,1,1,0,0,0,1,2,2,2,2,0,1,2,1
57,3091.708,3869.429,-32.612,39.493,0.771297,-0.635979,0.025134,0.635571,0.771705,0.022843,-0.033924,-0.001644,0.999423,0,0.74267,-0.32554,44.560,-0.651,-1,375.000,-1,350.000,325.000,300.000,300.000,325.000,275.000,-1,-1,-1,-1,650.000,625.000,-1,400.000,2,0,2,1,1,0,0,0,1,2,2,2,2,0,1,2,1
58,3126.208,3897.211,-33.699,38.844,0.778464,-0.627199,0.024787,0.626806,0.778857,0.022290,-0.033286,-0.001816,0.999444,0,0.73826,-0.32442,44.296,-0.649,-1,375.000,-1,350.000,300.000,300.000,300.000,300.000,275.000,-1,-1,-1,-1,650.000,675.000,-1,350.000,2,0,2,1,1,0,1,0,1,2,2,2,2,0,1,2,1
59,3160.821,3924.447,-34.941,38.198,0.785502,-0.618376,0.024438,0.618030,0.785881,0.020732,-0.032026,-0.001182,0.999486,0,0.73406,-0.32309,44.044,-0.646,-1,375.000,-1,350.000,275.000,300.000,300.000,300.000,275.000,-1,-1,-1,-1,650.000,700.000,-1,325.000,2,0,2,1,1,0,1,0,1,2,2,2,2,0,0,2,1
60,3195.550,3951.148,-36.338,37.555,0.792408,-0.609517,0.024054,0.609245,0.792773,0.018189,-0.030155,0.000242,0.999545,0,0.73011,-0.32157,43.807,-0.643,-1,375.000,-1,350.000,225.000,300.000,300.000,300.000,300.000,-1,-1,-1,-1,650.000,700.000,-1,300.000,2,0,2,1,1,0,1,0,1,2,2,2,2,0,0,2,1
61,3230.396,3977.326,-35.572,36.915,0.799433,-0.600616,0.012914,0.600395,0.799514,0.017441,-0.020800,-0.006189,0.999764,0,0.72641,-0.31985,43.585,-0.640,-1,375.000,-1,375.000,225.000,325.000,325.000,300.000,325.000,-1,600.000,600.000,-1,675.000,775.000,-1,325.000,2,0,2,1,1,0,0,0,1,2,0,0,2,0,0,2,1
62,3265.365,4002.994,-34.704,36.279,0.806180,-0.591669,0.001618,0.591561,0.806080,0.017047,-0.011390,-0.012786,0.999853,0,0.72297,-0.31795,43.378,-0.636,-1,400.000,-1,400.000,250.000,325.000,350.000,300.000,325.000,-1,375.000,400.000,-1,725.000,825.000,-1,-1,2,0,2,1,1,0,0,0,1,2,0,0,2,0,0,2,2
63,3304.489,4031.109,-33.702,35.700,0.812122,-0.583423,-0.008708,0.583477,0.811924,0.018294,-0.003603,-0.019938,0.999795,0,0.80297,-0.28955,48.178,-0.579,-1,400.000,-1,450.000,250.000,350.000,350.000,300.000,300.000,-1,275.000,325.000,-1,750.000,875.000,-1,-1,2,0,2,0,1,0,0,0,1,2,0,0,2,0,0,2,2
64,3345.794,4060.146,-33.096,35.105,0.818048,-0.574894,-0.017151,0.575141,0.817830,0.019136,0.003025,-0.025518,0.999670,0,0.84150,-0.29728,50.490,-0.595,-1,425.000,-1,475.000,275.000,350.000,375.000,300.000,275.000,-1,225.000,275.000,-1,775.000,925.000,-1,-1,2,0,2,0,1,0,0,0,1,2,0,0,2,0,0,2,2
65,3387.277,4088.651,-32.966,34.494,0.824021,-0.566074,-0.023419,0.566499,0.823831,0.019526,0.008240,-0.029357,0.999535,0,0.83889,-0.30570,50.333,-0.611,-1,425.000,-1,500.000,300.000,375.000,375.000,300.000,250.000,-1,175.000,250.000,-1,800.000,975.000,-1,-1,2,0,2,0,1,0,0,0,1,2,0,0,2,0,0,2,2
66,3428.914,4116.594,-33.297,33.865,0.830077,-0.556964,-0.027632,0.557518,0.829937,0.019437,0.012108,-0.031539,0.999429,0,0.83573,-0.31433,50.144,-0.629,-1,425.000,-1,500.000,325.000,375.000,375.000,275.000,250.000,-1,175.000,250.000,-1,800.000,1000.000,-1,-1,2,0,2,0,1,0,0,0,1,2,0,0,2,0,0,2,2
67,3470.678,4143.943,-34.021,33.219,0.836240,-0.547560,-0.029673,0.548171,0.836156,0.018760,0.014539,-0.031954,0.999384,0,0.83203,-0.32314,49.922,-0.646,-1,425.000,-1,500.000,375.000,375.000,400.000,275.000,225.000,-1,150.000,250.000,-1,800.000,1000.000,-1,-1,2,0,2,0,1,0,0,0,1,2,0,0,2,0,0,2,2
68,3512.542,4170.669,-35.092,32.555,0.842516,-0.537854,-0.029684,0.538444,0.842483,0.017342,0.015681,-0.030594,0.999409,0,0.82780,-0.33210,49.668,-0.664,-1,425.000,-1,500.000,-1,375.000,400.000,275.000,200.000,-1,175.000,250.000,850.000,800.000,1000.000,-1,-1,2,0,2,0,2,0,0,0,1,2,0,0,1,0,0,2,2
69,3554.480,4196.744,-36.499,31.872,0.848896,-0.527828,-0.027800,0.528331,0.848902,0.015228,0.015562,-0.027615,0.999498,0,0.82304,-0.34116,49.383,-0.682,-1,425.000,-1,500.000,-1,375.000,375.000,275.000,175.000,-1,175.000,250.000,800.000,800.000,975.000,-1,-1,2,0,2,0,2,0,0,0,1,2,0,0,1,0,0,2,2
70,3596.460,4222.148,-38.168,31.181,0.855284,-0.517612,-0.023813,0.517971,0.855310,0.012307,0.013998,-0.022860,0.999641,0,0.81780,-0.34558,49.068,-0.691,-1,425.000,-1,475.000,-1,350.000,375.000,300.000,150.000,-1,200.000,250.000,750.000,775.000,925.000,-1,-1,2,0,2,0,2,0,0,0,1,2,0,0,1,0,0,2,2
71,3638.450,4246.866,-40.131,30.485,0.861610,-0.507247,-0.018111,0.507446,0.861640,0.008635,0.011225,-0.016630,0.999799,0,0.81208,-0.34798,48.725,-0.696,-1,425.000,-1,450.000,-1,350.000,375.000,300.000,125.000,-1,225.000,275.000,725.000,750.000,875.000,-1,-1,2,0,2,0,2,0,0,0,1,2,0,0,1,0,0,2,2
72,3680.418,4270.886,-42.383,29.785,0.867837,-0.496729,-0.010919,0.496794,0.867858,0.004229,0.007375,-0.009094,0.999931,0,0.80593,-0.35007,48.356,-0.700,-1,400.000,-1,450.000,-1,350.000,350.000,300.000,125.000,-1,275.000,300.000,725.000,725.000,825.000,-1,-1,2,0,2,0,2,0,0,0,1,2,0,0,1,0,0,2,2
73,3722.334,4294.198,-44.902,29.081,0.873926,-0.486053,-0.002374,0.486052,0.873929,-0.000921,0.002523,-0.000349,0.999997,0,0.79939,-0.35184,47.963,-0.704,-1,400.000,-1,425.000,-1,325.000,325.000,300.000,100.000,-1,350.000,350.000,700.000,700.000,775.000,-1,-1,2,0,2,0,2,0,0,0,1,2,0,0,1,0,0,2,2
74,3764.173,4316.797,-47.664,28.375,0.879837,-0.475218,0.007383,0.475264,0.879817,-0.006819,-0.003256,0.009509,0.999949,0,0.79254,-0.35328,47.552,-0.707,-1,375.000,-1,375.000,800.000,325.000,325.000,300.000,100.000,-1,500.000,425.000,700.000,675.000,700.000,-1,-1,2,0,2,0,1,0,0,0,1,2,0,0,1,0,0,2,2
75,3805.913,4338.679,-46.896,27.666,0.885565,-0.464309,0.013854,0.464355,0.885649,-0.000093,-0.012226,0.006516,0.999904,0,0.78546,-0.35439,47.127,-0.709,-1,350.000,-1,375.000,800.000,300.000,300.000,300.000,100.000,-1,-1,875.000,775.000,625.000,675.000,-1,-1,2,0,2,0,1,0,0,0,1,2,2,0,1,0,0,2,2
76,3847.533,4359.845,-44.630,26.956,0.891220,-0.453302,0.015609,0.453195,0.891355,0.010033,-0.018461,-0.001867,0.999828,0,0.77822,-0.35518,46.693,-0.710,950.000,350.000,-1,375.000,-1,300.000,300.000,300.000,100.000,-1,-1,-1,875.000,600.000,650.000,950.000,-1,0,0,2,0,2,0,0,0,1,2,2,2,1,0,0,0,2
77,3889.020,4380.300,-42.630,26.245,0.896771,-0.442185,0.016558,0.441899,0.896878,0.018317,-0.022951,-0.009109,0.999695,0,0.77092,-0.35564,46.255,-0.711,800.000,350.000,-1,375.000,-1,300.000,300.000,300.000,125.000,-1,-1,-1,975.000,575.000,650.000,825.000,-1,0,0,2,0,2,0,0,0,1,2,2,2,1,0,0,0,2
78,3930.362,4400.050,-40.942,25.533,0.902202,-0.430981,0.016925,0.430532,0.902235,0.024763,-0.025942,-0.015055,0.999550,0,0.76363,-0.35580,45.818,-0.712,700.000,325.000,-1,375.000,-1,275.000,300.000,275.000,125.000,-1,-1,-1,-1,550.000,650.000,725.000,-1,0,0,2,0,2,0,0,0,1,2,2,2,2,0,0,0,2
79,3971.555,4419.104,-39.635,24.822,0.907495,-0.419716,0.017050,0.419143,0.907447,0.029298,-0.027769,-0.019442,0.999425,0,0.75643,-0.35564,45.386,-0.711,650.000,325.000,-1,375.000,-1,275.000,300.000,275.000,125.000,-1,-1,-1,-1,550.000,650.000,675.000,-1,0,0,2,0,2,0,0,0,1,2,2,2,2,0,0,0,2
80,4012.596,4437.473,-38.690,24.111,0.912643,-0.408408,0.016895,0.407763,0.912526,0.032026,-0.028497,-0.022339,0.999344,0,0.74940,-0.35519,44.964,-0.710,600.000,325.000,-1,375.000,-1,275.000,300.000,275.000,150.000,-1,-1,-1,-1,525.000,650.000,650.000,-1,0,0,2,0,2,0,0,0,1,2,2,2,2,0,0,0,2
81,4053.487,4455.171,-38.063,23.402,0.917638,-0.397074,0.016537,0.396411,0.917480,0.032988,-0.028271,-0.023716,0.999319,0,0.74261,-0.35445,44.556,-0.709,575.000,325.000,-1,375.000,-1,275.000,300.000,275.000,150.000,-1,-1,-1,-1,525.000,625.000,625.000,-1,0,0,2,0,2,0,0,0,1,2,2,2,2,0,0,0,2
82,4094.233,4472.212,-37.646,22.695,0.922480,-0.385728,0.015637,0.385123,0.922319,0.031759,-0.026672,-0.023275,0.999373,0,0.73610,-0.35345,44.166,-0.707,600.000,325.000,-1,375.000,-1,275.000,300.000,275.000,150.000,-1,-1,-1,-1,525.000,625.000,625.000,-1,0,0,2,0,2,0,0,0,1,2,2,2,2,0,0,0,2
83,4134.843,4488.611,-37.458,21.991,0.927168,-0.374378,0.014190,0.373886,0.927033,0.028622,-0.023870,-0.021232,0.999490,0,0.72993,-0.35218,43.796,-0.704,625.000,325.000,-1,375.000,-1,275.000,300.000,275.000,150.000,-1,-1,-1,-1,550.000,625.000,650.000,-1,0,0,2,0,2,0,0,0,1,2,2,2,2,0,0,0,2
84,4175.326,4504.385,-37.567,21.290,0.931698,-0.363026,0.012282,0.362671,0.931605,0.024108,-0.020194,-0.018007,0.999634,0,0.72414,-0.35068,43.448,-0.701,675.000,325.000,-1,375.000,-1,275.000,300.000,275.000,175.000,-1,-1,-1,300.000,550.000,625.000,700.000,-1,0,0,2,0,2,0,0,0,1,2,2,2,1,0,0,0,2
85,4215.695,4519.551,-37.958,20.592,0.936070,-0.351676,0.009885,0.351465,0.936022,0.018311,-0.015692,-0.013666,0.999783,0,0.71873,-0.34894,43.124,-0.698,725.000,325.000,-1,375.000,-1,275.000,300.000,275.000,175.000,-1,-1,-1,250.000,575.000,625.000,775.000,-1,0,0,2,0,2,0,0,0,1,2,2,2,1,0,0,0,2
86,4255.964,4534.125,-38.616,19.898,0.940279,-0.340333,0.006976,0.340246,0.940268,0.011321,-0.010412,-0.008272,0.999912,0,0.71375,-0.34698,42.825,-0.694,850.000,350.000,-1,375.000,-1,300.000,300.000,275.000,175.000,-1,-1,-1,225.000,575.000,625.000,825.000,-1,0,0,2,0,2,0,0,0,1,2,2,2,1,0,0,0,2
87,4295.925,4547.856,-39.644,18.964,0.945717,-0.324972,0.003496,0.324964,0.945722,0.002705,-0.004185,-0.001422,0.999990,0,0.70425,-0.46698,42.255,-0.934,975.000,350.000,-1,375.000,-1,300.000,300.000,300.000,175.000,-1,-1,-1,225.000,600.000,625.000,950.000,-1,0,0,2,0,2,0,0,0,1,2,2,2,1,0,0,0,2
88,4335.928,4560.809,-40.945,17.942,0.951372,-0.308043,-0.000632,0.308031,0.951350,-0.007035,0.002768,0.006498,0.999975,0,0.70079,-0.51110,42.047,-1.022,-1,350.000,-1,375.000,-1,300.000,300.000,300.000,175.000,-1,-1,-1,200.000,600.000,625.000,-1,-1,2,0,2,0,2,0,0,0,1,2,2,2,1,0,0,2,2
89,4375.990,4573.001,-42.456,16.924,0.956685,-0.291076,-0.005409,0.290945,0.956579,-0.017549,0.010282,0.015215,0.999831,0,0.69793,-0.50866,41.876,-1.017,-1,375.000,-1,375.000,-1,300.000,300.000,300.000,175.000,-1,850.000,775.000,200.000,625.000,650.000,-1,-1,2,0,2,0,2,0,0,0,1,2,0,0,1,0,0,2,2
90,4416.114,4584.443,-44.164,15.912,0.961645,-0.274081,-0.010842,0.273685,0.961390,-0.028726,0.018297,0.024657,0.999529,0,0.69540,-0.50608,41.724,-1.012,-1,375.000,-1,375.000,-1,300.000,300.000,300.000,175.000,-1,525.000,450.000,175.000,650.000,650.000,-1,-1,2,0,2,0,2,0,0,0,1,2,0,0,1,0,0,2,2
91,4456.306,4595.143,-43.987,14.906,0.966289,-0.257131,-0.013036,0.256626,0.965995,-0.031581,0.020713,0.027171,0.999416,0,0.69318,-0.50337,41.591,-1.007,-1,375.000,-1,375.000,-1,300.000,300.000,300.000,200.000,-1,475.000,400.000,200.000,650.000,650.000,-1,-1,2,0,2,0,2,0,0,0,1,2,0,0,1,0,0,2,2
92,4496.567,4605.110,-43.429,13.904,0.970613,-0.240207,-0.014511,0.239643,0.970310,-0.032716,0.021939,0.028278,0.999359,0,0.69127,-0.50054,41.476,-1.001,-1,375.000,-1,375.000,-1,300.000,300.000,300.000,200.000,-1,450.000,375.000,200.000,650.000,650.000,-1,-1,2,0,2,0,2,0,0,0,1,2,0,0,1,0,0,2,2
93,4536.900,4614.355,-42.778,12.909,0.974619,-0.223313,-0.015768,0.222703,0.974314,-0.033393,0.022820,0.029034,0.999318,0,0.68966,-0.49760,41.380,-0.995,-1,350.000,-1,350.000,-1,300.000,300.000,300.000,200.000,-1,450.000,375.000,225.000,650.000,625.000,-1,-1,2,0,2,0,2,0,0,0,1,2,0,0,1,0,0,2,2
94,4577.310,4622.885,-41.741,11.920,0.978292,-0.206465,-0.017788,0.205817,0.978044,-0.032710,0.024150,0.028339,0.999307,0,0.68832,-0.49456,41.299,-0.989,-1,350.000,-1,350.000,-1,300.000,300.000,300.000,200.000,-1,450.000,400.000,225.000,650.000,650.000,975.000,-1,2,0,2,0,2,0,0,0,1,2,0,0,1,0,0,1,2
95,4617.796,4630.709,-40.593,10.937,0.981642,-0.189664,-0.020155,0.188982,0.981472,-0.031605,0.025776,0.027216,0.999297,0,0.68725,-0.49141,41.235,-0.983,-1,350.000,-1,350.000,-1,300.000,300.000,300.000,200.000,-1,425.000,400.000,250.000,650.000,650.000,925.000,-1,2,0,2,0,2,0,0,0,1,2,0,0,1,0,0,1,2
96,4663.171,4638.477,-39.009,9.714,0.985418,-0.168675,-0.022379,0.167936,0.985292,-0.031576,0.027376,0.027357,0.999251,0,0.76725,-0.61141,46.035,-1.223,975.000,350.000,-1,375.000,-1,300.000,300.000,300.000,225.000,-1,450.000,400.000,275.000,650.000,650.000,850.000,-1,1,0,2,0,2,0,0,0,1,2,0,0,1,0,0,1,2
97,4709.809,4645.241,-37.076,8.252,0.989337,-0.143460,-0.025125,0.142608,0.989230,-0.032965,0.029584,0.029031,0.999141,0,0.78542,-0.73141,47.125,-1.463,900.000,350.000,-1,375.000,-1,300.000,300.000,300.000,225.000,-1,450.000,400.000,275.000,650.000,650.000,800.000,-1,1,0,2,0,2,0,0,0,1,2,0,0,1,1,0,1,2
98,4756.234,4650.669,-35.183,6.668,0.992851,-0.116060,-0.027858,0.115089,0.992764,-0.034262,0.031633,0.030811,0.999025,0,0.77902,-0.79183,46.741,-1.584,825.000,350.000,-1,375.000,-1,300.000,300.000,300.000,225.000,-1,450.000,400.000,300.000,625.000,650.000,750.000,-1,1,0,2,0,2,0,0,0,1,2,0,0,1,1,0,1,2
99,4802.453,4654.780,-33.330,5.082,0.995604,-0.088532,-0.030589,0.087438,0.995539,-0.035443,0.033590,0.032613,0.998903,0,0.77335,-0.79304,46.401,-1.586,750.000,375.000,-1,375.000,-1,300.000,300.000,325.000,225.000,-1,450.000,400.000,325.000,600.000,675.000,700.000,-1,1,0,2,0,2,0,0,0,1,2,0,0,1,1,0,1,2
100,4848.432,4657.589,-31.519,3.494,0.997587,-0.060909,-0.033323,0.059687,0.997549,-0.036517,0.035465,0.034440,0.998777,0,0.76773,-0.79392,46.064,-1.588,700.000,375.000,-1,375.000,-1,300.000,300.000,325.000,225.000,-1,450.000,425.000,350.000,600.000,675.000,650.000,-1,1,0,2,0,2,0,0,0,1,2,0,0,1,1,0,1,2
101,4894.137,4659.110,-29.751,1.905,0.998797,-0.033222,-0.036065,0.031868,0.998789,-0.037490,0.037267,0.036295,0.998646,0,0.76217,-0.79447,45.730,-1.589,650.000,375.000,-1,375.000,-1,300.000,300.000,325.000,225.000,-1,450.000,425.000,375.000,600.000,675.000,625.000,-1,1,0,2,0,2,0,0,0,1,2,0,0,1,1,0,1,2
102,4939.538,4659.362,-28.028,0.316,0.999231,-0.005505,-0.038825,0.004015,0.999256,-0.038365,0.039008,0.038179,0.998509,0,0.75669,-0.79472,45.402,-1.589,575.000,375.000,-1,375.000,-1,300.000,300.000,325.000,225.000,-1,450.000,425.000,375.000,625.000,675.000,600.000,-1,1,0,2,0,2,0,0,0,1,2,0,0,1,1,0,1,2
103,4984.607,4658.361,-26.355,-1.274,0.998887,0.022210,-0.041621,-0.023842,0.998950,-0.039132,0.040708,0.040080,0.998367,0,0.75133,-0.79466,45.080,-1.589,550.000,375.000,-1,375.000,-1,300.000,300.000,325.000,225.000,-1,450.000,425.000,400.000,650.000,700.000,575.000,-1,1,0,2,0,2,0,0,0,1,2,0,0,1,1,0,1,2
104,5029.317,4656.127,-24.788,-2.862,0.997774,0.049892,-0.044258,-0.051653,0.997881,-0.039574,0.042190,0.041772,0.998236,0,0.74609,-0.79431,44.765,-1.589,500.000,375.000,-1,375.000,-1,300.000,325.000,325.000,225.000,-1,450.000,375.000,425.000,675.000,700.000,575.000,-1,1,0,2,0,2,0,0,0,1,2,0,0,1,0,0,1,2
105,5073.644,4652.678,-23.298,-4.450,0.995891,0.077510,-0.046826,-0.079395,0.996047,-0.039828,0.043554,0.043382,0.998109,0,0.74099,-0.79368,44.460,-1.587,475.000,375.000,-1,375.000,-1,300.000,325.000,325.000,225.000,-1,425.000,350.000,425.000,675.000,700.000,575.000,-1,1,0,2,0,2,0,0,0,1,2,0,0,1,0,0,1,2
106,5117.563,4648.036,-21.879,-6.035,0.993244,0.105033,-0.049343,-0.107039,0.993453,-0.039931,0.044826,0.044943,0.997983,0,0.73605,-0.79278,44.163,-1.586,450.000,375.000,-1,375.000,-1,300.000,325.000,325.000,225.000,-1,400.000,325.000,450.000,675.000,725.000,625.000,-1,1,0,2,0,2,0,0,0,1,2,0,0,1,0,0,1,2
107,5161.053,4642.220,-20.530,-7.618,0.989837,0.132433,-0.051803,-0.134556,0.990103,-0.039892,0.046008,0.046457,0.997860,0,0.73128,-0.79162,43.877,-1.583,450.000,375.000,-1,375.000,-1,300.000,325.000,325.000,225.000,-1,375.000,300.000,475.000,700.000,725.000,725.000,-1,1,0,2,0,2,0,0,0,1,2,0,0,1,0,0,1,2
108,5204.095,4635.251,-19.157,-9.199,0.985694,0.159675,-0.053952,-0.161920,0.985986,-0.040155,0.046784,0.048317,0.997736,0,0.72669,-0.79021,43.601,-1.580,450.000,375.000,-1,375.000,-1,300.000,325.000,325.000,225.000,-1,350.000,300.000,475.000,700.000,750.000,-1,-1,1,0,2,0,2,0,0,0,1,2,0,0,1,0,0,2,2
109,5246.669,4627.151,-17.402,-10.776,0.980829,0.186717,-0.055782,-0.189159,0.981038,-0.042229,0.046840,0.051971,0.997549,0,0.72229,-0.78856,43.337,-1.577,475.000,375.000,-1,375.000,-1,300.000,325.000,325.000,225.000,-1,375.000,300.000,500.000,700.000,750.000,-1,-1,1,0,2,0,2,0,0,0,1,2,0,0,1,0,0,2,2
110,5288.757,4617.939,-15.653,-12.349,0.975234,0.213543,-0.057598,-0.216177,0.975356,-0.044143,0.046752,0.055501,0.997363,0,0.71807,-0.78669,43.084,-1.573,525.000,375.000,-1,375.000,-1,300.000,325.000,325.000,225.000,-1,400.000,325.000,525.000,700.000,775.000,-1,1000.000,1,0,2,0,2,0,0,0,1,2,0,0,1,0,1,2,1
111,5330.344,4607.634,-13.576,-13.919,0.968988,0.240144,-0.058251,-0.242846,0.969032,-0.044754,0.045700,0.057512,0.997298,0,0.71406,-0.78459,42.844,-1.569,600.000,375.000,-1,375.000,-1,300.000,325.000,325.000,225.000,-1,450.000,375.000,550.000,725.000,750.000,-1,975.000,1,0,2,0,2,0,0,0,1,2,0,0,1,0,1,2,1
112,5371.413,4596.259,-11.485,-15.483,0.962027,0.266487,-0.059060,-0.269246,0.962021,-0.044963,0.044835,0.059158,0.997241,0,0.71024,-0.78228,42.615,-1.565,725.000,375.000,-1,400.000,-1,325.000,325.000,325.000,225.000,-1,500.000,400.000,550.000,725.000,750.000,-1,950.000,1,0,2,0,2,0,0,0,1,2,0,0,1,0,1,2,1
113,5411.950,4583.834,-9.515,-17.043,0.954385,0.292539,-0.059752,-0.295357,0.954309,-0.045373,0.043748,0.060951,0.997182,0,0.70663,-0.77978,42.398,-1.560,950.000,375.000,-1,400.000,-1,325.000,325.000,300.000,225.000,-1,550.000,450.000,575.000,725.000,725.000,-1,925.000,1,0,2,0,2,0,0,1,1,2,0,0,1,0,1,2,1
114,5451.941,4570.380,-7.678,-18.597,0.946077,0.318275,-0.060322,-0.321154,0.945907,-0.046053,0.042402,0.062942,0.997116,0,0.70322,-0.77708,42.193,-1.554,-1,375.000,-1,400.000,-1,325.000,325.000,275.000,225.000,-1,600.000,500.000,600.000,725.000,725.000,-1,900.000,2,0,2,0,2,0,0,1,1,2,0,0,1,0,1,2,1
115,5491.373,4555.916,-5.926,-20.145,0.937115,0.343674,-0.060864,-0.346613,0.936840,-0.046810,0.040933,0.064962,0.997048,0,0.70001,-0.77420,42.000,-1.548,-1,375.000,-1,400.000,-1,325.000,325.000,275.000,225.000,-1,650.000,550.000,625.000,725.000,700.000,-1,875.000,2,0,2,0,2,0,0,1,1,2,0,0,1,0,1,2,1
116,5530.234,4540.463,-4.312,-21.688,0.927506,0.368719,-0.061466,-0.371713,0.927138,-0.047387,0.039515,0.066799,0.996984,0,0.69699,-0.77114,41.820,-1.542,-1,375.000,-1,400.000,-1,325.000,325.000,250.000,225.000,-1,700.000,600.000,650.000,750.000,675.000,-1,850.000,2,0,2,0,2,0,0,1,1,2,0,0,1,0,1,2,1
117,5573.139,4522.225,-2.594,-23.031,0.918589,0.390302,-0.062126,-0.393355,0.918133,-0.047999,0.038306,0.068529,0.996913,0,0.77699,-0.67150,46.620,-1.343,-1,375.000,950.000,400.000,-1,325.000,325.000,250.000,225.000,-1,775.000,650.000,650.000,750.000,650.000,-1,800.000,2,0,1,0,2,0,0,1,1,2,0,0,1,0,1,2,1
118,5618.190,4501.823,-0.872,-24.366,0.909225,0.411539,-0.062820,-0.414654,0.908677,-0.048665,0.037055,0.070296,0.996838,0,0.82426,-0.66760,49.456,-1.335,-1,375.000,875.000,400.000,-1,325.000,325.000,275.000,250.000,-1,825.000,700.000,675.000,750.000,625.000,-1,775.000,2,0,1,0,2,0,0,1,1,2,0,0,1,0,1,2,1
119,5662.465,4480.524,0.734,-25.692,0.899440,0.432405,-0.063507,-0.435580,0.898796,-0.049357,0.035738,0.072056,0.996760,0,0.81884,-0.66309,49.130,-1.326,-1,375.000,800.000,400.000,-1,300.000,325.000,275.000,250.000,-1,900.000,750.000,675.000,750.000,600.000,1000.000,750.000,2,0,1,0,2,0,0,1,1,2,0,0,1,0,1,1,1
120,5705.972,4458.350,2.226,-27.008,0.889257,0.452882,-0.064193,-0.456116,0.888510,-0.050074,0.034358,0.073808,0.996680,0,0.81386,-0.65822,48.831,-1.316,1000.000,375.000,750.000,400.000,-1,300.000,325.000,300.000,275.000,-1,950.000,800.000,675.000,750.000,550.000,950.000,700.000,1,0,1,0,2,1,0,1,1,2,0,0,1,0,1,1,1
121,5748.723,4435.319,3.667,-28.314,0.878705,0.472945,-0.064821,-0.476243,0.877825,-0.051136,0.032717,0.075804,0.996586,0,0.80931,-0.65301,48.559,-1.306,925.000,375.000,675.000,400.000,-1,300.000,325.000,300.000,275.000,-1,-1,875.000,675.000,700.000,525.000,900.000,675.000,1,0,1,1,2,1,1,0,1,2,2,0,1,1,1,1,1
122,5790.727,4411.451,5.097,-29.609,0.867813,0.492570,-0.065385,-0.495942,0.866752,-0.052746,0.030691,0.078201,0.996465,0,0.80519,-0.64747,48.312,-1.295,850.000,375.000,625.000,375.000,-1,300.000,300.000,300.000,300.000,-1,-1,975.000,675.000,600.000,500.000,850.000,625.000,1,1,1,1,2,1,1,0,1,2,2,0,1,1,1,1,1
123,5831.996,4386.761,6.379,-30.893,0.856600,0.511767,-0.065810,-0.515193,0.855351,-0.054319,0.028492,0.080435,0.996353,0,0.80149,-0.64163,48.089,-1.283,800.000,350.000,575.000,350.000,-1,275.000,300.000,300.000,300.000,-1,-1,-1,675.000,550.000,450.000,800.000,600.000,1,1,1,1,2,1,1,0,0,2,2,2,1,1,1,1,1
124,5872.540,4361.268,7.503,-32.164,0.845093,0.530525,-0.066043,-0.533983,0.843649,-0.055849,0.026088,0.082464,0.996253,0,0.79820,-0.63549,47.892,-1.271,750.000,325.000,525.000,325.000,-1,275.000,275.000,300.000,300.000,-1,-1,-1,650.000,475.000,425.000,750.000,550.000,1,1,1,1,2,1,1,0,0,2,2,2,1,1,1,1,1
125,5912.369,4334.985,8.521,-33.422,0.833300,0.548827,-0.066339,-0.552315,0.831655,-0.057433,0.023650,0.084499,0.996143,0,0.79531,-0.62906,47.718,-1.258,700.000,300.000,475.000,300.000,-1,250.000,250.000,300.000,300.000,-1,-1,-1,650.000,425.000,400.000,675.000,500.000,1,1,1,1,2,1,1,0,0,2,2,2,1,1,1,1,1
126,5955.684,4305.285,9.548,-34.440,0.823478,0.563417,-0.066676,-0.566944,0.821625,-0.059215,0.021420,0.086564,0.996016,0,0.87531,-0.50906,52.518,-1.018,650.000,275.000,425.000,275.000,-1,225.000,225.000,300.000,300.000,650.000,-1,-1,625.000,350.000,350.000,575.000,450.000,1,1,1,1,2,1,1,0,0,1,2,2,1,1,1,1,1
127,6002.423,4272.105,10.644,-35.373,0.814278,0.576626,-0.066734,-0.580165,0.812201,-0.061132,0.018951,0.088496,0.995896,0,0.95531,-0.46661,57.318,-0.933,600.000,225.000,350.000,250.000,-1,200.000,200.000,300.000,300.000,550.000,-1,-1,600.000,300.000,300.000,475.000,400.000,1,1,1,1,2,1,1,0,0,1,2,2,1,1,1,1,1
128,6049.619,4237.450,11.697,-36.291,0.805009,0.589447,-0.067175,-0.593030,0.802690,-0.063274,0.016624,0.090773,0.995733,0,0.97587,-0.45915,58.552,-0.918,550.000,200.000,300.000,200.000,-1,175.000,175.000,325.000,300.000,550.000,-1,-1,575.000,250.000,250.000,350.000,350.000,1,1,1,1,2,1,1,0,0,1,2,2,1,1,1,1,1
129,6096.543,4201.867,15.587,-37.193,0.794846,0.601148,-0.082707,-0.606341,0.792182,-0.069273,0.023876,0.105210,0.994163,0,0.98148,-0.45090,58.889,-0.902,475.000,175.000,250.000,175.000,-1,150.000,150.000,350.000,300.000,575.000,-1,-1,525.000,225.000,225.000,300.000,300.000,1,1,1,1,2,1,1,0,0,1,2,2,1,1,1,1,1
130,6143.200,4165.338,22.967,-38.077,0.783463,0.612601,-0.104429,-0.620012,0.781927,-0.064618,0.042070,0.115373,0.992431,0,0.98754,-0.44192,59.253,-0.884,425.000,150.000,225.000,150.000,-1,125.000,150.000,400.000,300.000,575.000,650.000,425.000,475.000,200.000,200.000,275.000,250.000,1,1,1,1,2,1,1,0,0,1,0,0,1,1,1,1,1
131,9510.879,8855.238,225.045,116.435,-0.479429,-0.877525,-0.009863,0.789670,-0.436278,0.431374,-0.382845,0.199025,0.902119,1,0.00000,0.00000,59.643,-0.864,525.000,275.000,350.000,175.000,100.000,200.000,175.000,900.000,350.000,-1,0.000,75.000,-1,350.000,200.000,475.000,100.000,1,0,0,0,0,0,0,1,0,2,1,1,2,0,0,1,0
132,6887.784,2953.046,109.014,-17.812,0.901655,0.276333,-0.332653,-0.386469,0.860059,-0.333077,0.194062,0.428880,0.882271,1,0.00000,0.00000,4.800,0.080,350.000,250.000,-1,275.000,400.000,225.000,250.000,250.000,275.000,-1,750.000,500.000,275.000,350.000,400.000,300.000,400.000,1,1,2,1,1,1,1,1,0,2,0,0,0,1,1,1,1
133,980.439,-4266.887,190.525,-136.111,-0.720529,0.693260,0.015147,-0.693173,-0.720684,0.011216,0.018691,-0.002418,0.999822,1,0.08000,-0.12000,4.800,-0.240,-1,425.000,-1,400.000,-1,325.000,325.000,300.000,300.000,-1,-1,-1,-1,-1,925.000,-1,-1,2,0,2,0,2,0,0,0,0,2,2,2,2,2,0,2,2
134,973.465,-4273.484,190.731,-136.591,-0.726321,0.687198,0.014731,-0.687116,-0.726467,0.010833,0.018146,-0.002254,0.999833,0,0.16000,-0.24000,9.600,-0.480,-1,425.000,-1,400.000,-1,325.000,325.000,300.000,300.000,-1,-1,-1,-1,-1,925.000,-1,-1,2,0,2,0,2,0,0,0,0,2,2,2,2,2,0,2,2
