timestep,x_cm,y_cm,z_cm,yaw_deg,basis_xx,basis_xy,basis_xz,basis_yx,basis_yy,basis_yz,basis_zx,basis_zy,basis_zz,teleport_flag,throttle_cmd,steering_cmd,cmd_move_cm,cmd_turn_deg,lidar_cm_0,lidar_cm_1,lidar_cm_2,lidar_cm_3,lidar_cm_4,lidar_cm_5,lidar_cm_6,lidar_cm_7,lidar_cm_8,lidar_cm_9,lidar_cm_10,lidar_cm_11,lidar_cm_12,lidar_cm_13,lidar_cm_14,lidar_cm_15,lidar_cm_16,lidar_class_0,lidar_class_1,lidar_class_2,lidar_class_3,lidar_class_4,lidar_class_5,lidar_class_6,lidar_class_7,lidar_class_8,lidar_class_9,lidar_class_10,lidar_class_11,lidar_class_12,lidar_class_13,lidar_class_14,lidar_class_15,lidar_class_16
0,-6887.289,1639.831,-267.416,47.282,0.678356,-0.734621,-0.012877,0.734726,0.678323,0.007416,0.003286,-0.014492,0.999890,1,0.00000,0.00000,4.800,0.240,-1,375.000,-1,375.000,-1,300.000,300.000,300.000,325.000,-1,525.000,525.000,-1,650.000,675.000,-1,-1,2,0,2,0,2,0,0,0,0,2,0,0,2,0,0,2,2
1,-6884.018,1643.344,-267.396,47.042,0.681424,-0.731773,-0.013031,0.731881,0.681394,0.007243,0.003579,-0.014473,0.999889,0,0.08000,-0.12000,4.800,-0.240,-1,375.000,-1,375.000,-1,300.000,300.000,300.000,325.000,-1,525.000,525.000,-1,650.000,675.000,-1,-1,2,0,2,0,2,0,0,0,0,2,0,0,2,0,0,2,2
2,-6877.417,1650.315,-267.353,46.562,0.687523,-0.726040,-0.013341,0.726150,0.687501,0.006897,0.004164,-0.014429,0.999887,0,0.16000,-0.24000,9.600,-0.480,-1,375.000,-1,375.000,-1,300.000,300.000,300.000,325.000,-1,525.000,500.000,-1,650.000,675.000,-1,-1,2,0,2,0,2,0,0,0,0,2,0,0,2,0,0,2,2
3,-6867.409,1660.669,-267.282,45.975,0.694917,-0.718957,-0.013814,0.719072,0.694906,0.006384,0.005009,-0.014369,0.999884,0,0.24000,-0.29358,14.400,-0.587,-1,375.000,-1,375.000,-1,300.000,300.000,300.000,325.000,-1,500.000,500.000,-1,650.000,675.000,-1,-1,2,0,2,0,2,0,0,0,0,2,0,0,2,0,0,2,2
4,-6853.925,1674.337,-267.176,45.387,0.702235,-0.711799,-0.014456,0.711919,0.702238,0.005706,0.006090,-0.014299,0.999879,0,0.32000,-0.29358,19.200,-0.587,-1,375.000,-1,375.000,-1,300.000,300.000,300.000,325.000,-1,500.000,500.000,-1,650.000,675.000,-1,-1,2,0,2,0,2,0,0,0,0,2,0,0,2,0,0,2,2
5,-6836.895,1691.248,-266.956,44.800,0.709479,-0.704568,-0.014907,0.704690,0.709499,0.004821,0.007180,-0.013926,0.999877,0,0.40000,-0.29358,24.000,-0.587,-1,375.000,-1,375.000,-1,300.000,300.000,300.000,325.000,-1,500.000,475.000,-1,650.000,675.000,-1,-1,2,0,2,0,2,0,0,0,0,2,0,0,2,0,0,2,2
6,-6816.253,1711.331,-266.645,44.213,0.716648,-0.697265,-0.015409,0.697385,0.716687,0.003803,0.008392,-0.013471,0.999874,0,0.48000,-0.29358,28.800,-0.587,-1,375.000,-1,375.000,-1,300.000,300.000,300.000,325.000,-1,500.000,475.000,-1,650.000,675.000,-1,-1,2,0,2,0,2,0,0,0,0,2,0,0,2,0,0,2,2
7,-6791.931,1734.513,-266.252,43.626,0.723738,-0.689888,-0.016048,0.690006,0.723799,0.002647,0.009790,-0.012989,0.999868,0,0.56000,-0.29358,33.600,-0.587,-1,375.000,-1,375.000,-1,300.000,300.000,300.000,325.000,-1,500.000,475.000,-1,650.000,675.000,-1,-1,2,0,2,0,2,0,0,0,0,2,0,0,2,0,0,2,2
8,-6765.637,1759.066,-265.797,43.039,0.730750,-0.682439,-0.016780,0.682552,0.730836,0.001421,0.011294,-0.012491,0.999858,0,0.59958,-0.29358,35.975,-0.587,-1,375.000,-1,375.000,-1,300.000,300.000,300.000,325.000,-1,500.000,475.000,-1,650.000,675.000,-1,-1,2,0,2,0,2,0,0,0,0,2,0,0,2,0,0,2,2
9,-6739.093,1783.348,-265.308,42.452,0.737684,-0.674918,-0.017554,0.675025,0.737795,0.000204,0.012813,-0.012000,0.999846,0,0.59958,-0.29358,35.975,-0.587,-1,375.000,-1,375.000,-1,300.000,300.000,300.000,325.000,-1,500.000,475.000,-1,650.000,675.000,-1,-1,2,0,2,0,2,0,0,0,0,2,0,0,2,0,0,2,2
10,-6712.301,1807.356,-264.784,41.864,0.744540,-0.667326,-0.018370,0.667424,0.744677,-0.001001,0.014348,-0.011515,0.999831,0,0.59958,-0.29358,35.975,-0.587,-1,375.000,-1,375.000,-1,300.000,300.000,300.000,325.000,-1,500.000,475.000,-1,650.000,675.000,-1,-1,2,0,2,0,2,0,0,0,0,2,0,0,2,0,0,2,2
11,-6685.265,1831.089,-264.227,41.277,0.751316,-0.659663,-0.019227,0.659751,0.751481,-0.002193,0.015896,-0.011037,0.999813,0,0.59958,-0.29358,35.975,-0.587,-1,375.000,-1,375.000,-1,300.000,300.000,325.000,325.000,-1,500.000,475.000,-1,650.000,675.000,-1,-1,2,0,2,0,2,0,0,0,0,2,0,0,2,0,0,2,2
12,-6657.987,1854.543,-263.635,40.690,0.758012,-0.651930,-0.020125,0.652007,0.758205,-0.003371,0.017456,-0.010566,0.999792,0,0.59958,-0.29358,35.975,-0.587,-1,375.000,-1,375.000,-1,300.000,300.000,325.000,325.000,-1,500.000,450.000,-1,650.000,675.000,-1,-1,2,0,2,0,2,0,0,0,0,2,0,0,2,0,0,2,2
13,-6630.470,1877.717,-262.987,40.103,0.764624,-0.644129,-0.021169,0.644194,0.764849,-0.004512,0.019097,-0.010187,0.999766,0,0.59958,-0.29358,35.975,-0.587,-1,375.000,-1,375.000,-1,300.000,300.000,325.000,325.000,-1,500.000,450.000,-1,675.000,675.000,-1,-1,2,0,2,0,2,0,0,0,0,2,0,0,2,0,0,2,2
14,-6602.717,1900.608,-262.173,39.516,0.771146,-0.636260,-0.022544,0.636307,0.771413,-0.005938,0.021169,-0.009766,0.999728,0,0.59958,-0.29358,35.975,-0.587,-1,375.000,-1,375.000,-1,300.000,300.000,325.000,325.000,-1,475.000,450.000,-1,675.000,675.000,-1,-1,2,0,2,0,2,0,0,0,0,2,0,0,2,0,0,2,2
15,-6574.731,1923.213,-261.324,38.929,0.777583,-0.628323,-0.023961,0.628350,0.777896,-0.007343,0.023253,-0.009346,0.999686,0,0.59958,-0.29358,35.975,-0.587,-1,375.000,-1,375.000,-1,300.000,300.000,325.000,325.000,-1,475.000,425.000,-1,675.000,675.000,-1,-1,2,0,2,0,2,0,0,0,0,2,0,0,2,0,0,2,2
16,-6546.514,1945.530,-260.449,38.341,0.783936,-0.620321,-0.025419,0.620325,0.784297,-0.008685,0.025324,-0.008960,0.999639,0,0.59958,-0.29358,35.975,-0.587,-1,375.000,-1,375.000,-1,300.000,300.000,325.000,325.000,-1,475.000,425.000,-1,675.000,675.000,-1,-1,2,0,2,0,2,0,0,0,0,2,0,0,2,0,0,2,2
17,-6518.071,1967.556,-259.549,37.754,0.790204,-0.612253,-0.026917,0.612232,0.790615,-0.009963,0.027381,-0.008606,0.999588,0,0.59958,-0.29358,35.975,-0.587,-1,375.000,-1,375.000,-1,300.000,300.000,300.000,325.000,-1,450.000,425.000,-1,675.000,675.000,-1,-1,2,0,2,0,2,0,0,0,0,2,0,0,2,0,0,2,2
18,-6489.403,1989.290,-258.624,37.167,0.796385,-0.604120,-0.028451,0.604074,0.796850,-0.011176,0.029423,-0.008286,0.999533,0,0.59958,-0.29358,35.975,-0.587,-1,375.000,-1,375.000,-1,300.000,300.000,300.000,325.000,-1,450.000,425.000,-1,675.000,700.000,-1,-1,2,0,2,0,2,0,0,0,0,2,0,0,2,0,0,2,2
19,-6456.709,2013.656,-257.493,36.696,0.801275,-0.597545,-0.029982,0.597465,0.801797,-0.012549,0.031538,-0.007858,0.999472,0,0.67958,-0.23575,40.775,-0.472,-1,375.000,-1,375.000,-1,300.000,300.000,300.000,325.000,-1,450.000,400.000,-1,700.000,700.000,-1,-1,2,0,2,0,2,0,0,0,0,2,0,0,2,0,0,2,2
20,-6419.943,2040.588,-256.048,36.224,0.806118,-0.590929,-0.031254,0.590810,0.806691,-0.013914,0.033435,-0.007249,0.999415,0,0.75958,-0.23575,45.575,-0.472,-1,375.000,-1,375.000,-1,300.000,300.000,300.000,325.000,-1,450.000,425.000,-1,700.000,700.000,-1,-1,2,0,2,0,2,0,0,0,0,2,0,0,2,0,0,2,2
21,-6380.009,2069.339,-254.385,35.753,0.810902,-0.584272,-0.032604,0.584117,0.811529,-0.015100,0.035281,-0.006800,0.999354,0,0.82010,-0.23575,49.206,-0.472,-1,375.000,-1,375.000,-1,300.000,300.000,300.000,325.000,-1,450.000,425.000,-1,700.000,725.000,-1,-1,2,0,2,0,2,0,0,0,0,2,0,0,2,0,0,2,2
22,-6339.841,2097.760,-252.665,35.281,0.815631,-0.577576,-0.033936,0.577383,0.816312,-0.016238,0.037081,-0.006350,0.999292,0,0.82010,-0.23575,49.206,-0.472,-1,375.000,-1,375.000,-1,300.000,300.000,300.000,325.000,-1,450.000,450.000,-1,700.000,725.000,-1,-1,2,0,2,0,2,0,0,0,0,2,0,0,2,0,0,2,2
23,-6299.440,2125.849,-250.823,34.810,0.820302,-0.570842,-0.035274,0.570595,0.821041,-0.017679,0.039053,-0.005625,0.999221,0,0.82010,-0.23575,49.206,-0.472,-1,375.000,-1,375.000,-1,300.000,300.000,300.000,325.000,-1,450.000,450.000,-1,725.000,750.000,-1,-1,2,0,2,0,2,0,0,0,0,2,0,0,2,0,0,2,2
24,-6258.809,2153.605,-248.935,34.338,0.824917,-0.564068,-0.036594,0.563769,0.825714,-0.019020,0.040945,-0.004941,0.999149,0,0.82010,-0.23575,49.206,-0.472,-1,375.000,-1,375.000,-1,325.000,325.000,300.000,325.000,-1,475.000,450.000,-1,725.000,750.000,-1,-1,2,0,2,0,2,0,0,0,0,2,0,0,2,0,0,2,2
25,-6217.951,2181.026,-247.003,33.867,0.829476,-0.557255,-0.037894,0.556903,0.830330,-0.020263,0.042757,-0.004296,0.999076,0,0.82010,-0.23575,49.206,-0.472,-1,375.000,-1,375.000,-1,325.000,325.000,300.000,325.000,-1,475.000,450.000,-1,725.000,750.000,-1,-1,2,0,2,0,2,0,0,0,0,2,0,0,2,0,0,2,2
26,-6176.869,2208.110,-245.027,33.395,0.833978,-0.550405,-0.039173,0.550001,0.834890,-0.021410,0.044489,-0.003689,0.999003,0,0.82010,-0.23575,49.206,-0.472,-1,375.000,-1,400.000,-1,325.000,325.000,300.000,325.000,-1,475.000,450.000,-1,750.000,775.000,-1,-1,2,0,2,0,2,0,0,0,0,2,0,0,2,0,0,2,2
27,-6135.565,2234.854,-243.007,32.924,0.838424,-0.543517,-0.040427,0.543061,0.839392,-0.022462,0.046143,-0.003121,0.998930,0,0.82010,-0.23575,49.206,-0.472,-1,375.000,-1,400.000,-1,325.000,325.000,300.000,325.000,-1,475.000,450.000,-1,775.000,775.000,-1,-1,2,0,2,0,2,0,0,0,0,2,0,0,2,0,0,2,2
28,-6094.043,2261.258,-240.868,32.452,0.842831,-0.536592,-0.041285,0.536080,0.843839,-0.023549,0.047474,-0.002285,0.998870,0,0.82010,-0.23575,49.206,-0.472,-1,400.000,-1,400.000,-1,325.000,325.000,300.000,325.000,-1,475.000,450.000,-1,775.000,800.000,-1,-1,2,0,2,0,2,0,0,0,0,2,0,0,2,0,0,2,2
29,-6050.934,2288.426,-238.465,32.221,0.844959,-0.533179,-0.042005,0.532640,0.846000,-0.024046,0.048357,-0.002055,0.998828,0,0.84925,-0.11575,50.955,-0.232,-1,400.000,-1,400.000,-1,325.000,325.000,300.000,325.000,-1,500.000,475.000,-1,800.000,800.000,-1,-1,2,0,2,0,2,0,0,0,0,2,0,0,2,0,0,2,2
30,-6007.830,2315.601,-236.023,32.229,0.844842,-0.533304,-0.042766,0.532749,0.845921,-0.024429,0.049205,-0.002145,0.998786,0,0.84925,0.00425,50.955,0.008,-1,400.000,-1,400.000,-1,325.000,325.000,300.000,325.000,-1,525.000,500.000,-1,825.000,825.000,-1,-1,2,0,2,0,2,0,0,0,0,2,0,0,2,0,0,2,2
31,-5964.844,2342.962,-233.636,32.478,0.842498,-0.536968,-0.043159,0.536396,0.843600,-0.024863,0.049760,-0.002204,0.998759,0,0.84925,0.12425,50.955,0.248,-1,400.000,-1,400.000,-1,325.000,325.000,300.000,325.000,-1,550.000,525.000,-1,850.000,850.000,-1,-1,2,0,2,0,2,0,0,0,0,2,0,0,2,0,0,2,2
32,-5922.093,2370.689,-231.364,32.966,0.837896,-0.544141,-0.042917,0.543550,0.838991,-0.025434,0.049847,-0.002017,0.998755,0,0.84925,0.24425,50.955,0.488,-1,400.000,-1,400.000,-1,325.000,325.000,300.000,300.000,-1,600.000,550.000,-1,850.000,875.000,-1,-1,2,0,2,0,2,0,0,0,0,2,0,0,2,0,0,2,2
33,-5879.698,2398.958,-229.089,33.695,0.830918,-0.554764,-0.042569,0.554161,0.832005,-0.025949,0.049813,-0.002029,0.998756,0,0.84925,0.36425,50.955,0.728,-1,400.000,-1,400.000,-1,325.000,325.000,300.000,300.000,-1,625.000,600.000,-1,875.000,900.000,-1,-1,2,0,2,0,2,0,0,0,0,2,0,0,2,0,0,2,2
34,-5837.787,2427.938,-226.811,34.663,0.821433,-0.568748,-0.042109,0.568139,0.822509,-0.026395,0.049647,-0.002242,0.998764,0,0.84925,0.48425,50.955,0.968,-1,400.000,-1,400.000,-1,325.000,325.000,300.000,300.000,-1,675.000,650.000,-1,875.000,925.000,-1,-1,2,0,2,0,2,0,0,0,0,2,0,0,2,0,0,2,2
35,-5796.496,2457.797,-224.502,35.872,0.809277,-0.585968,-0.041378,0.585360,0.810330,-0.026803,0.049236,-0.002530,0.998784,0,0.84925,0.60425,50.955,1.208,-1,400.000,-1,400.000,-1,325.000,325.000,300.000,300.000,-1,725.000,700.000,-1,900.000,950.000,-1,-1,2,0,2,0,2,0,0,0,0,2,0,0,2,0,0,2,2
36,-5755.974,2488.689,-222.158,37.320,0.794239,-0.606264,-0.040349,0.605663,0.795258,-0.027147,0.048547,-0.002876,0.998817,0,0.84925,0.72425,50.955,1.448,-1,400.000,-1,400.000,-1,325.000,325.000,300.000,300.000,-1,775.000,750.000,-1,900.000,950.000,-1,-1,2,0,2,0,2,0,0,0,0,2,0,0,2,0,0,2,2
37,-5720.109,2517.741,-220.046,39.009,0.776059,-0.629432,-0.039338,0.628849,0.777047,-0.027322,0.047764,-0.003534,0.998852,0,0.76925,0.84425,46.155,1.688,-1,425.000,-1,400.000,-1,325.000,325.000,300.000,300.000,-1,850.000,825.000,-1,925.000,975.000,-1,-1,2,0,2,0,2,0,0,0,0,2,0,0,2,0,0,2,2
38,-5688.868,2544.838,-218.195,40.937,0.754461,-0.655222,-0.038372,0.654674,0.755422,-0.027185,0.046799,-0.004611,0.998894,0,0.68925,0.96425,41.355,1.928,-1,425.000,-1,400.000,-1,325.000,325.000,300.000,300.000,-1,925.000,900.000,-1,925.000,1000.000,-1,-1,2,0,2,0,2,0,0,0,0,2,0,0,2,0,0,2,2
39,-5660.570,2571.168,-216.530,42.937,0.731155,-0.681182,-0.037465,0.680688,0.732089,-0.026623,0.045563,-0.006036,0.998943,0,0.64421,1.00000,38.652,2.000,-1,425.000,-1,400.000,-1,325.000,325.000,300.000,300.000,-1,1000.000,975.000,-1,925.000,-1,-1,-1,2,0,2,0,2,0,0,0,0,2,0,0,2,0,2,2,2
40,-5633.209,2598.469,-214.877,44.937,0.706958,-0.706309,-0.036579,0.705874,0.707863,-0.025905,0.044190,-0.007506,0.998995,0,0.64421,1.00000,38.652,2.000,-1,425.000,-1,400.000,-1,325.000,325.000,300.000,300.000,-1,-1,-1,-1,925.000,-1,-1,-1,2,0,2,0,2,0,0,0,0,2,2,2,2,0,2,2,2
41,-5606.817,2626.709,-213.235,46.937,0.681898,-0.730574,-0.035733,0.730201,0.682774,-0.025031,0.042685,-0.009023,0.999048,0,0.64421,1.00000,38.652,2.000,-1,425.000,-1,425.000,-1,325.000,325.000,300.000,300.000,-1,-1,-1,-1,925.000,-1,-1,-1,2,0,2,0,2,0,0,0,0,2,2,2,2,0,2,2,2
42,-5581.427,2655.852,-211.627,48.937,0.656006,-0.753945,-0.034962,0.753642,0.656851,-0.023895,0.040980,-0.010674,0.999103,0,0.64421,1.00000,38.652,2.000,-1,425.000,-1,425.000,-1,325.000,325.000,300.000,300.000,-1,-1,-1,-1,925.000,-1,-1,-1,2,0,2,0,2,0,0,0,0,2,2,2,2,0,2,2,2
43,-5557.070,2685.864,-210.087,50.937,0.629315,-0.776394,-0.034285,0.776166,0.630125,-0.022556,0.039116,-0.012416,0.999158,0,0.64421,1.00000,38.652,2.000,-1,425.000,-1,425.000,-1,325.000,325.000,300.000,300.000,-1,-1,-1,-1,900.000,-1,-1,-1,2,0,2,0,2,0,0,0,0,2,2,2,2,0,2,2,2
44,-5533.774,2716.708,-208.711,52.937,0.601857,-0.797900,-0.033521,0.797718,0.602636,-0.021812,0.037605,-0.013612,0.999200,0,0.64421,1.00000,38.652,2.000,-1,425.000,-1,425.000,-1,325.000,350.000,300.000,300.000,-1,-1,-1,-1,900.000,-1,-1,-1,2,0,2,0,2,0,0,0,0,2,2,2,2,0,2,2,2
45,-5511.570,2748.345,-207.399,54.937,0.573667,-0.818434,-0.032743,0.818290,0.574415,-0.021199,0.036158,-0.014632,0.999239,0,0.64421,1.00000,38.652,2.000,-1,425.000,-1,425.000,-1,325.000,350.000,300.000,300.000,-1,-1,-1,-1,900.000,-1,-1,-1,2,0,2,0,2,0,0,0,0,2,2,2,2,0,2,2,2
46,-5490.483,2780.739,-206.122,56.937,0.544779,-0.837970,-0.031984,0.837862,0.545494,-0.020582,0.034694,-0.015585,0.999276,0,0.64421,1.00000,38.652,2.000,-1,425.000,-1,425.000,-1,350.000,350.000,300.000,300.000,-1,-1,-1,-1,900.000,-1,-1,-1,2,0,2,0,2,0,0,0,0,2,2,2,2,0,2,2,2
47,-5470.539,2813.849,-204.947,58.937,0.515240,-0.856488,-0.030925,0.856410,0.515912,-0.019923,0.033018,-0.016220,0.999323,0,0.64421,1.00000,38.652,2.000,-1,425.000,-1,425.000,-1,350.000,350.000,300.000,300.000,-1,-1,-1,-1,900.000,-1,-1,-1,2,0,2,0,2,0,0,0,0,2,2,2,2,0,2,2,2
48,-5451.763,2847.634,-203.965,60.937,0.485102,-0.873972,-0.029145,0.873913,0.485707,-0.019121,0.030867,-0.016194,0.999392,0,0.64421,1.00000,38.652,2.000,-1,425.000,-1,425.000,-1,325.000,350.000,300.000,300.000,-1,-1,-1,-1,900.000,-1,-1,-1,2,0,2,0,2,0,0,0,0,2,2,2,2,0,2,2,2
49,-5434.178,2882.054,-203.023,62.937,0.454371,-0.890392,-0.027376,0.890350,0.454911,-0.018249,0.028703,-0.016083,0.999459,0,0.64421,1.00000,38.652,2.000,-1,400.000,-1,425.000,-1,325.000,350.000,300.000,300.000,-1,-1,-1,-1,875.000,-1,-1,-1,2,0,2,0,2,0,0,0,0,2,2,2,2,0,2,2,2
50,-5417.804,2917.067,-202.119,64.937,0.423083,-0.905728,-0.025629,0.905702,0.423561,-0.017311,0.026535,-0.015888,0.999522,0,0.64421,1.00000,38.652,2.000,-1,400.000,-1,425.000,-1,325.000,350.000,300.000,300.000,-1,-1,-1,-1,875.000,-1,-1,-1,2,0,2,0,2,0,0,0,0,2,2,2,2,0,2,2,2
51,-5402.662,2952.630,-201.251,66.937,0.391276,-0.919963,-0.023913,0.919951,0.391695,-0.016312,0.024373,-0.015617,0.999581,0,0.64421,1.00000,38.652,2.000,-1,400.000,-1,425.000,-1,325.000,350.000,300.000,300.000,-1,-1,-1,-1,875.000,-1,-1,-1,2,0,2,0,2,0,0,0,0,2,2,2,2,0,2,2,2
52,-5388.771,2988.700,-200.417,68.937,0.358988,-0.933077,-0.022237,0.933077,0.359352,-0.015256,0.022226,-0.015272,0.999636,0,0.64421,1.00000,38.652,2.000,-1,400.000,-1,425.000,-1,325.000,325.000,300.000,300.000,-1,-1,-1,-1,850.000,-1,-1,-1,2,0,2,0,2,0,0,0,0,2,2,2,2,0,2,2,2
53,-5376.147,3025.233,-199.617,70.937,0.326259,-0.945056,-0.020610,0.945067,0.326571,-0.014151,0.020104,-0.014862,0.999687,0,0.64421,1.00000,38.652,2.000,-1,400.000,-1,425.000,-1,325.000,325.000,300.000,300.000,-1,-1,-1,-1,850.000,-1,-1,-1,2,0,2,0,2,0,0,0,0,2,2,2,2,0,2,2,2
54,-5364.798,3062.207,-198.846,72.937,0.293130,-0.955883,-0.019040,0.955903,0.293395,-0.013002,0.018014,-0.014390,0.999734,0,0.64462,0.99992,38.677,2.000,-1,400.000,-1,425.000,-1,325.000,325.000,300.000,300.000,-1,-1,-1,-1,850.000,1000.000,-1,-1,2,0,2,0,2,0,0,0,0,2,2,2,2,0,0,2,2
55,-5355.857,3094.883,-198.193,74.697,0.263676,-0.964449,-0.017717,0.964475,0.263903,-0.011964,0.016214,-0.013933,0.999771,0,0.56462,0.87992,33.877,1.760,-1,400.000,-1,425.000,-1,325.000,325.000,325.000,300.000,-1,-1,-1,-1,825.000,1000.000,-1,-1,2,0,2,0,2,0,0,0,0,2,2,2,2,0,0,2,2
56,-5348.944,3123.126,-197.646,76.246,0.237528,-0.971238,-0.016621,0.971270,0.237725,-0.011054,0.014687,-0.013518,0.999801,0,0.48462,0.77485,29.077,1.550,-1,400.000,-1,425.000,-1,325.000,325.000,325.000,300.000,-1,-1,-1,-1,825.000,975.000,-1,-1,2,0,2,0,2,0,0,0,0,2,2,2,2,0,0,2,2
57,-5343.811,3146.854,-197.192,77.793,0.211248,-0.977306,-0.015722,0.977341,0.211421,-0.010276,0.013367,-0.013195,0.999824,0,0.40462,0.77343,24.277,1.547,-1,400.000,-1,425.000,-1,325.000,325.000,325.000,300.000,-1,-1,-1,-1,825.000,975.000,-1,-1,2,0,2,0,2,0,0,0,0,2,2,2,2,0,0,2,2
58,-5340.207,3165.995,-196.824,79.337,0.184857,-0.982651,-0.015013,0.982689,0.185012,-0.009634,0.012244,-0.012972,0.999841,0,0.32462,0.77200,19.477,1.544,-1,400.000,-1,425.000,-1,325.000,325.000,325.000,300.000,-1,-1,-1,-1,800.000,-1,-1,-1,2,0,2,0,2,0,0,0,0,2,2,2,2,0,2,2,2
59,-5337.881,3180.486,-196.536,80.879,0.158374,-0.987273,-0.014483,0.987314,0.158515,-0.009126,0.011305,-0.012854,0.999853,0,0.24462,0.77063,14.677,1.541,-1,400.000,-1,425.000,-1,325.000,325.000,325.000,325.000,-1,-1,-1,-1,800.000,-1,-1,-1,2,0,2,0,2,0,0,0,0,2,2,2,2,0,2,2,2
60,-5336.577,3190.276,-196.323,82.417,0.131816,-0.991174,-0.014120,0.991218,0.131947,-0.008751,0.010537,-0.012843,0.999862,0,0.16462,0.76936,9.877,1.539,-1,400.000,-1,425.000,-1,325.000,325.000,325.000,325.000,-1,-1,-1,-1,800.000,-1,-1,-1,2,0,2,0,2,0,0,0,0,2,2,2,2,0,2,2,2
61,-5336.043,3195.325,-196.181,83.954,0.105198,-0.994354,-0.013914,0.994402,0.105322,-0.008504,0.009922,-0.012941,0.999867,0,0.08462,0.76826,5.077,1.537,-1,400.000,-1,425.000,-1,325.000,325.000,325.000,325.000,-1,-1,-1,-1,800.000,-1,-1,-1,2,0,2,0,2,0,0,0,0,2,2,2,2,0,2,2,2
62,-5336.021,3195.601,-196.131,85.489,0.078531,-0.996814,-0.013948,0.996868,0.078651,-0.008288,0.009359,-0.013254,0.999868,0,0.00462,0.76738,0.277,1.535,-1,400.000,-1,425.000,-1,325.000,325.000,325.000,325.000,-1,-1,-1,-1,800.000,-1,-1,-1,2,0,2,0,2,0,0,0,0,2,2,2,2,0,2,2,2
63,-5336.256,3191.084,-196.176,87.022,0.051828,-0.998554,-0.014242,0.998617,0.051946,-0.008082,0.008810,-0.013803,0.999866,0,-0.07538,0.76677,-4.523,1.534,-1,400.000,-1,425.000,-1,325.000,325.000,325.000,325.000,-1,-1,-1,-1,775.000,925.000,-1,-1,2,0,2,0,2,0,0,0,0,2,2,2,2,0,1,2,2
64,-5336.491,3181.764,-196.281,88.555,0.025096,-0.999578,-0.014657,0.999650,0.025215,-0.007999,0.008365,-0.014451,0.999861,0,-0.15538,0.76645,-9.323,1.533,-1,400.000,-1,425.000,-1,325.000,325.000,325.000,325.000,-1,-1,-1,-1,775.000,900.000,-1,-1,2,0,2,0,2,0,0,0,0,2,2,2,2,0,0,2,2
65,-5336.470,3167.892,-196.436,90.088,-0.001656,-0.999884,-0.015169,0.999967,-0.001535,-0.008028,0.008004,-0.015181,0.999853,0,-0.23121,0.76648,-13.873,1.533,-1,400.000,-1,425.000,-1,325.000,325.000,325.000,325.000,-1,-1,-1,-1,775.000,900.000,-1,-1,2,0,2,0,2,0,0,0,0,2,2,2,2,0,0,2,2
66,-5336.182,3158.824,-196.515,91.822,-0.031910,-0.999369,-0.015584,0.999463,-0.031790,-0.007912,0.007411,-0.015828,0.999847,0,-0.15121,0.86701,-9.073,1.734,-1,400.000,-1,425.000,-1,325.000,325.000,325.000,325.000,-1,-1,-1,-1,775.000,875.000,-1,-1,2,0,2,0,2,0,0,0,0,2,2,2,2,0,0,2,2
67,-5335.917,3154.559,-196.529,93.556,-0.062133,-0.997941,-0.015900,0.998045,-0.062017,-0.007693,0.006691,-0.016347,0.999844,0,-0.07121,0.86706,-4.273,1.734,-1,400.000,-1,425.000,-1,325.000,325.000,325.000,325.000,-1,-1,-1,-1,775.000,875.000,-1,-1,2,0,2,0,2,0,0,0,0,2,2,2,2,0,0,2,2
68,-5335.966,3155.084,-196.484,95.290,-0.092288,-0.995602,-0.016140,0.995715,-0.092179,-0.007383,0.005863,-0.016752,0.999842,0,0.00879,0.86681,0.527,1.734,-1,400.000,-1,400.000,-1,325.000,325.000,325.000,325.000,-1,-1,-1,-1,775.000,875.000,-1,-1,2,0,2,0,2,0,0,0,0,2,2,2,2,0,0,2,2
69,-5336.617,3160.372,-196.432,97.022,-0.122339,-0.992351,-0.016493,0.992475,-0.122235,-0.007161,0.005090,-0.017245,0.999838,0,0.08879,0.86623,5.327,1.732,-1,400.000,-1,400.000,-1,325.000,325.000,325.000,325.000,-1,-1,-1,-1,775.000,875.000,-1,-1,2,0,2,0,2,0,0,0,0,2,2,2,2,0,0,2,2
70,-5338.158,3170.381,-196.331,98.753,-0.152243,-0.988200,-0.016790,0.988334,-0.152147,-0.006865,0.004229,-0.017639,0.999835,0,0.16879,0.86529,10.127,1.731,-1,375.000,-1,400.000,-1,325.000,325.000,325.000,325.000,-1,-1,-1,-1,775.000,850.000,-1,-1,2,0,2,0,2,0,0,0,0,2,2,2,2,0,0,2,2
71,-5340.874,3185.060,-196.184,100.481,-0.181960,-0.983158,-0.017049,0.983300,-0.181874,-0.006505,0.003295,-0.017948,0.999833,0,0.24879,0.86395,14.927,1.728,-1,375.000,-1,400.000,-1,325.000,325.000,325.000,325.000,-1,-1,-1,-1,775.000,850.000,-1,-1,2,0,2,0,2,0,0,0,0,2,2,2,2,0,0,2,2
72,-5345.044,3204.341,-195.996,102.205,-0.211451,-0.977236,-0.017289,0.977386,-0.211375,-0.006094,0.002300,-0.018186,0.999832,0,0.32879,0.86219,19.727,1.724,-1,375.000,-1,400.000,-1,325.000,325.000,325.000,325.000,-1,-1,-1,-1,750.000,850.000,-1,-1,2,0,2,0,2,0,0,0,0,2,2,2,2,0,0,2,2
73,-5350.947,3228.148,-195.894,103.925,-0.240679,-0.970456,-0.016994,0.970603,-0.240612,-0.005890,0.001627,-0.017912,0.999838,0,0.40879,0.85997,24.527,1.720,-1,400.000,-1,400.000,-1,325.000,325.000,325.000,325.000,-1,-1,-1,-1,750.000,850.000,-1,-1,2,0,2,0,2,0,0,0,0,2,2,2,2,0,0,2,2
74,-5358.853,3256.389,-195.919,105.639,-0.269597,-0.962838,-0.016142,0.962973,-0.269545,-0.005369,0.000818,-0.016992,0.999855,0,0.48879,0.85726,29.327,1.715,-1,400.000,-1,400.000,-1,325.000,325.000,325.000,325.000,-1,-1,-1,-1,750.000,825.000,-1,-1,2,0,2,0,2,0,0,0,0,2,2,2,2,0,0,2,2
75,-5369.028,3288.964,-195.962,107.348,-0.298167,-0.954394,-0.015140,0.954514,-0.298130,-0.004682,-0.000045,-0.015847,0.999874,0,0.56879,0.85405,34.127,1.708,-1,400.000,-1,400.000,-1,325.000,325.000,325.000,325.000,-1,-1,-1,-1,750.000,825.000,-1,-1,2,0,2,0,2,0,0,0,0,2,2,2,2,0,0,2,2
76,-5381.733,3325.760,-196.001,109.048,-0.326351,-0.945144,-0.014067,0.945248,-0.326329,-0.003904,-0.000900,-0.014571,0.999893,0,0.64879,0.85031,38.927,1.701,-1,400.000,-1,400.000,-1,325.000,325.000,325.000,325.000,-1,-1,-1,-1,750.000,800.000,-1,-1,2,0,2,0,2,0,0,0,0,2,2,2,2,0,0,2,2
77,-5397.218,3366.654,-196.094,110.740,-0.354112,-0.935111,-0.013122,0.935202,-0.354100,-0.003329,-0.001533,-0.013450,0.999908,0,0.72879,0.84603,43.727,1.692,-1,400.000,-1,400.000,-1,325.000,325.000,325.000,325.000,-1,-1,-1,-1,750.000,800.000,-1,-1,2,0,2,0,2,0,0,0,0,2,2,2,2,0,0,2,2
78,-5414.036,3407.414,-196.225,112.423,-0.381413,-0.924321,-0.012411,0.924403,-0.381406,-0.003022,-0.001941,-0.012625,0.999918,0,0.73489,0.84123,44.093,1.682,-1,400.000,-1,400.000,-1,325.000,325.000,325.000,325.000,-1,-1,-1,-1,750.000,800.000,-1,-1,2,0,2,0,2,0,0,0,0,2,2,2,2,0,0,2,2
79,-5432.037,3447.664,-196.432,114.095,-0.408225,-0.912799,-0.012279,0.912877,-0.408225,-0.002635,-0.002608,-0.012285,0.999921,0,0.73487,0.83631,44.092,1.673,-1,400.000,-1,400.000,-1,325.000,325.000,325.000,325.000,-1,-1,-1,-1,750.000,775.000,-1,-1,2,0,2,0,2,0,0,0,0,2,2,2,2,0,0,2,2
80,-5451.186,3487.350,-196.622,115.758,-0.434533,-0.900572,-0.012285,0.900650,-0.434539,-0.002317,-0.003251,-0.012072,0.999922,0,0.73441,0.83134,44.064,1.663,-1,400.000,-1,400.000,-1,325.000,325.000,325.000,325.000,-1,-1,-1,-1,750.000,775.000,-1,-1,2,0,2,0,2,0,0,0,0,2,2,2,2,0,0,2,2
81,-5471.448,3526.420,-196.782,117.411,-0.460322,-0.887666,-0.012376,0.887744,-0.460333,-0.002088,-0.003844,-0.011948,0.999921,0,0.73353,0.82637,44.012,1.653,-1,400.000,-1,400.000,-1,325.000,325.000,325.000,325.000,-1,-1,-1,-1,750.000,775.000,-1,-1,2,0,2,0,2,0,0,0,0,2,2,2,2,0,0,2,2
82,-5492.784,3564.827,-196.911,119.054,-0.485578,-0.874103,-0.012550,0.874182,-0.485594,-0.001949,-0.004391,-0.011917,0.999919,0,0.73225,0.82145,43.935,1.643,-1,400.000,-1,400.000,-1,325.000,325.000,325.000,325.000,-1,-1,-1,-1,750.000,775.000,-1,-1,2,0,2,0,2,0,0,0,0,2,2,2,2,0,0,2,2
83,-5515.157,3602.524,-197.053,120.689,-0.510324,-0.859886,-0.012891,0.859969,-0.510342,-0.002137,-0.004742,-0.012177,0.999915,0,0.73062,0.81773,43.837,1.635,-1,400.000,-1,400.000,-1,325.000,325.000,325.000,325.000,-1,-1,-1,-1,750.000,775.000,-1,-1,2,0,2,0,2,0,0,0,0,2,2,2,2,0,0,2,2
84,-5538.532,3639.470,-197.177,122.321,-0.534596,-0.845003,-0.013327,0.845093,-0.534613,-0.002514,-0.005001,-0.012606,0.999908,0,0.72866,0.81573,43.720,1.631,-1,400.000,-1,400.000,-1,325.000,325.000,325.000,325.000,-1,-1,-1,-1,750.000,775.000,-1,-1,2,0,2,0,2,0,0,0,0,2,2,2,2,0,0,2,2
85,-5562.873,3675.626,-197.268,123.949,-0.558386,-0.829466,-0.013827,0.829565,-0.558402,-0.003028,-0.005209,-0.013161,0.999900,0,0.72642,0.81408,43.585,1.628,-1,400.000,-1,400.000,-1,325.000,325.000,325.000,325.000,-1,-1,-1,-1,775.000,775.000,-1,-1,2,0,2,0,2,0,0,0,0,2,2,2,2,0,0,2,2
86,-5588.143,3710.956,-197.342,125.574,-0.581689,-0.813284,-0.014366,0.813393,-0.581703,-0.003609,-0.005421,-0.013784,0.999890,0,0.72396,0.81280,43.437,1.626,-1,400.000,-1,400.000,-1,325.000,325.000,325.000,325.000,-1,-1,-1,-1,775.000,775.000,-1,-1,2,0,2,0,2,0,0,0,0,2,2,2,2,0,0,2,2
87,-5614.308,3745.430,-197.719,127.198,-0.604499,-0.796480,-0.014165,0.796584,-0.604519,-0.003311,-0.005926,-0.013285,0.999894,0,0.72132,0.81188,43.279,1.624,-1,400.000,-1,400.000,-1,325.000,325.000,325.000,325.000,-1,-1,-1,-1,775.000,775.000,-1,-1,2,0,2,0,2,0,0,0,0,2,2,2,2,0,0,2,2
88,-5641.335,3779.020,-198.116,128.821,-0.626812,-0.779048,-0.013821,0.779145,-0.626836,-0.003095,-0.006253,-0.012708,0.999900,0,0.71856,0.81134,43.113,1.623,-1,400.000,-1,400.000,-1,325.000,325.000,325.000,325.000,-1,-1,-1,-1,775.000,775.000,-1,-1,2,0,2,0,2,0,0,0,0,2,2,2,2,0,0,2,2
89,-5669.193,3811.703,-198.481,130.443,-0.648617,-0.760994,-0.013575,0.761087,-0.648644,-0.002952,-0.006559,-0.012246,0.999904,0,0.71574,0.81116,42.944,1.622,-1,400.000,-1,400.000,-1,325.000,325.000,325.000,325.000,-1,-1,-1,-1,775.000,750.000,-1,-1,2,0,2,0,2,0,0,0,0,2,2,2,2,0,0,2,2
90,-5697.851,3843.458,-198.813,132.066,-0.669907,-0.742324,-0.013423,0.742414,-0.669936,-0.002886,-0.006850,-0.011899,0.999906,0,0.71292,0.81134,42.775,1.623,-1,400.000,-1,400.000,-1,325.000,325.000,325.000,325.000,-1,-1,-1,-1,775.000,750.000,-1,-1,2,0,2,0,2,0,0,0,0,2,2,2,2,0,0,2,2
91,-5727.283,3874.269,-199.141,133.690,-0.690672,-0.723045,-0.013343,0.723132,-0.690704,-0.002764,-0.007218,-0.011557,0.999907,0,0.71015,0.81188,42.609,1.624,-1,400.000,-1,400.000,-1,325.000,325.000,325.000,325.000,-1,-1,-1,-1,800.000,750.000,-1,-1,2,0,2,0,2,0,0,0,0,2,2,2,2,0,0,2,2
92,-5757.465,3904.120,-199.468,135.315,-0.710903,-0.703163,-0.013342,0.703248,-0.710940,-0.002579,-0.007671,-0.011216,0.999908,0,0.70750,0.81278,42.450,1.626,-1,400.000,-1,400.000,-1,325.000,325.000,325.000,325.000,-1,-1,-1,-1,800.000,750.000,-1,-1,2,0,2,0,2,0,0,0,0,2,2,2,2,0,0,2,2
93,-5791.853,3936.525,-199.795,136.701,-0.727695,-0.685768,-0.013449,0.685853,-0.727736,-0.002493,-0.008077,-0.011038,0.999906,0,0.78750,0.69278,47.250,1.386,-1,400.000,-1,400.000,-1,325.000,325.000,325.000,325.000,-1,-1,-1,-1,800.000,750.000,-1,-1,2,0,2,0,2,0,0,0,0,2,2,2,2,0,0,2,2
94,-5830.440,3971.457,-200.200,137.846,-0.741251,-0.671080,-0.014123,0.671171,-0.741298,-0.002579,-0.008738,-0.011391,0.999897,0,0.86750,0.57278,52.050,1.146,-1,400.000,-1,375.000,-1,325.000,325.000,325.000,325.000,-1,-1,-1,-1,800.000,750.000,-1,-1,2,0,2,0,2,0,0,0,0,2,2,2,2,0,0,2,2
95,-5870.995,4007.020,-200.651,138.752,-0.751747,-0.659273,-0.015318,0.659381,-0.751804,-0.002838,-0.009645,-0.012234,0.999879,0,0.89899,0.45278,53.939,0.906,-1,400.000,-1,375.000,-1,325.000,325.000,325.000,325.000,-1,-1,-1,-1,800.000,750.000,-1,-1,2,0,2,0,2,0,0,0,0,2,2,2,2,0,0,2,2
96,-5911.902,4042.060,-201.128,139.417,-0.759337,-0.650485,-0.016597,0.650616,-0.759399,-0.003567,-0.010283,-0.013507,0.999856,0,0.89771,0.33278,53.863,0.666,-1,400.000,-1,375.000,-1,325.000,325.000,325.000,325.000,-1,-1,-1,-1,800.000,750.000,-1,-1,2,0,2,0,2,0,0,0,0,2,2,2,2,0,0,2,2
97,-5953.033,4076.765,-201.603,139.843,-0.764130,-0.644813,-0.017929,0.644973,-0.764192,-0.004593,-0.010740,-0.015073,0.999829,0,0.89694,0.21278,53.816,0.426,-1,400.000,-1,400.000,-1,325.000,325.000,325.000,325.000,-1,-1,-1,-1,775.000,750.000,-1,-1,2,0,2,0,2,0,0,0,0,2,2,2,2,0,0,2,2
98,-5994.262,4111.326,-202.126,140.028,-0.766204,-0.642322,-0.018807,0.642505,-0.766261,-0.005511,-0.010872,-0.016306,0.999808,0,0.89665,0.09278,53.799,0.186,-1,400.000,-1,400.000,-1,325.000,325.000,325.000,325.000,-1,-1,-1,-1,775.000,775.000,-1,-1,2,0,2,0,2,0,0,0,0,2,2,2,2,0,0,2,2
99,-6035.465,4145.931,-202.751,139.974,-0.765595,-0.643043,-0.018968,0.643236,-0.765642,-0.006237,-0.010512,-0.016976,0.999801,0,0.89679,-0.02722,53.807,-0.054,-1,400.000,-1,400.000,-1,325.000,325.000,325.000,325.000,-1,-1,-1,-1,775.000,775.000,-1,-1,2,0,2,0,2,0,0,0,0,2,2,2,2,0,0,2,2
100,-6076.514,4180.768,-203.311,139.680,-0.762282,-0.646961,-0.019153,0.647165,-0.762319,-0.006905,-0.010133,-0.017658,0.999793,0,0.89731,-0.14722,53.839,-0.294,-1,400.000,-1,400.000,-1,325.000,325.000,325.000,325.000,-1,-1,-1,-1,775.000,775.000,-1,-1,2,0,2,0,2,0,0,0,0,2,2,2,2,0,0,2,2
101,-6117.276,4216.020,-203.803,139.145,-0.756216,-0.654036,-0.019351,0.654249,-0.756242,-0.007495,-0.009732,-0.018328,0.999785,0,0.89818,-0.26722,53.891,-0.534,-1,400.000,-1,400.000,-1,325.000,325.000,325.000,325.000,-1,-1,-1,-1,775.000,775.000,-1,-1,2,0,2,0,2,0,0,0,0,2,2,2,2,0,0,2,2
102,-6157.608,4251.865,-204.263,138.371,-0.747307,-0.664191,-0.019571,0.664412,-0.747325,-0.007826,-0.009428,-0.018852,0.999778,0,0.89932,-0.38722,53.959,-0.774,-1,400.000,-1,400.000,-1,325.000,325.000,325.000,325.000,-1,-1,-1,-1,775.000,775.000,-1,-1,2,0,2,0,2,0,0,0,0,2,2,2,2,0,0,2,2
103,-6197.359,4288.475,-204.894,137.356,-0.735416,-0.677313,-0.020263,0.677544,-0.735444,-0.007442,-0.009861,-0.019202,0.999767,0,0.90068,-0.50722,54.041,-1.014,-1,400.000,-1,400.000,-1,325.000,325.000,325.000,325.000,-1,-1,-1,-1,775.000,775.000,-1,-1,2,0,2,0,2,0,0,0,0,2,2,2,2,0,0,2,2
104,-6236.366,4326.010,-205.469,136.102,-0.720400,-0.693249,-0.020743,0.693485,-0.720437,-0.006948,-0.010127,-0.019390,0.999761,0,0.90222,-0.62722,54.133,-1.254,-1,400.000,-1,400.000,-1,325.000,325.000,325.000,325.000,-1,-1,-1,-1,775.000,775.000,-1,-1,2,0,2,0,2,0,0,0,0,2,2,2,2,0,0,2,2
105,-6274.451,4364.619,-206.019,134.607,-0.702068,-0.711799,-0.021050,0.712039,-0.702109,-0.006571,-0.010102,-0.019602,0.999757,0,0.90387,-0.74722,54.232,-1.494,-1,400.000,-1,400.000,-1,325.000,325.000,325.000,325.000,-1,-1,-1,-1,750.000,775.000,-1,-1,2,0,2,0,2,0,0,0,0,2,2,2,2,0,0,2,2
106,-6311.419,4404.439,-206.641,132.873,-0.680203,-0.732712,-0.021384,0.732963,-0.680233,-0.006960,-0.009446,-0.020408,0.999747,0,0.90558,-0.86722,54.335,-1.734,-1,400.000,-1,400.000,-1,325.000,325.000,325.000,325.000,-1,-1,-1,-1,750.000,775.000,-1,-1,2,0,2,0,2,0,0,0,0,2,2,2,2,0,0,2,2
107,-6347.060,4445.587,-207.171,130.898,-0.654557,-0.755702,-0.021659,0.755963,-0.654574,-0.007285,-0.008672,-0.021142,0.999739,0,0.90729,-0.98722,54.437,-1.974,-1,400.000,-1,400.000,-1,325.000,325.000,325.000,325.000,-1,-1,-1,-1,750.000,775.000,-1,-1,2,0,2,0,2,0,0,0,0,2,2,2,2,0,0,2,2
108,-6381.311,4488.028,-207.609,128.904,-0.627867,-0.778014,-0.021851,0.778280,-0.627872,-0.007514,-0.007874,-0.021724,0.999733,0,0.90896,-0.99714,54.538,-1.994,-1,400.000,-1,400.000,-1,325.000,325.000,325.000,325.000,-1,-1,-1,-1,750.000,775.000,-1,-1,2,0,2,0,2,0,0,0,0,2,2,2,2,0,0,2,2
109,-6414.127,4531.706,-208.022,126.918,-0.600526,-0.799306,-0.021876,0.799572,-0.600525,-0.007345,-0.007266,-0.021902,0.999734,0,0.91053,-0.99317,54.632,-1.986,-1,400.000,-1,400.000,-1,325.000,325.000,325.000,325.000,-1,-1,-1,-1,750.000,775.000,-1,-1,2,0,2,0,2,0,0,0,0,2,2,2,2,0,0,2,2
110,-6445.466,4576.564,-208.432,124.939,-0.572572,-0.819568,-0.021670,0.819825,-0.572574,-0.006696,-0.006920,-0.021600,0.999743,0,0.91200,-0.98929,54.720,-1.979,-1,400.000,-1,400.000,-1,325.000,325.000,325.000,325.000,-1,-1,-1,-1,750.000,800.000,-1,-1,2,0,2,0,2,0,0,0,0,2,2,2,2,0,0,2,2
111,-6475.269,4622.518,-208.756,122.965,-0.544005,-0.838811,-0.021318,0.839056,-0.544012,-0.005971,-0.006589,-0.021135,0.999755,0,0.91287,-0.98691,54.772,-1.974,-1,400.000,-1,400.000,-1,325.000,325.000,325.000,325.000,-1,-1,-1,-1,750.000,800.000,-1,-1,2,0,2,0,2,0,0,0,0,2,2,2,2,0,0,2,2
112,-6503.472,4669.471,-208.997,120.992,-0.514792,-0.857062,-0.020833,0.857292,-0.514805,-0.005177,-0.006288,-0.020525,0.999770,0,0.91287,-0.98691,54.772,-1.974,-1,400.000,-1,400.000,-1,325.000,325.000,325.000,325.000,-1,-1,-1,-1,750.000,800.000,-1,-1,2,0,2,0,2,0,0,0,0,2,2,2,2,0,0,2,2
113,-6527.896,4713.069,-209.253,119.258,-0.488630,-0.872250,-0.020499,0.872472,-0.488640,-0.004864,-0.005774,-0.020261,0.999778,0,0.83287,-0.86691,49.972,-1.734,-1,400.000,-1,400.000,-1,325.000,325.000,325.000,325.000,-1,-1,-1,-1,775.000,800.000,-1,-1,2,0,2,0,2,0,0,0,0,2,2,2,2,0,0,2,2
114,-6550.056,4755.164,-209.467,117.764,-0.465730,-0.884697,-0.020170,0.884911,-0.465738,-0.004591,-0.005333,-0.019987,0.999786,0,0.79288,-0.74691,47.573,-1.494,-1,400.000,-1,400.000,-1,325.000,325.000,300.000,325.000,-1,-1,-1,-1,775.000,800.000,-1,-1,2,0,2,0,2,0,0,0,0,2,2,2,2,0,0,2,2
115,-6571.291,4797.735,-209.789,116.510,-0.446250,-0.894672,-0.020578,0.894891,-0.446266,-0.004094,-0.005520,-0.020242,0.999780,0,0.79288,-0.62691,47.573,-1.254,-1,400.000,-1,400.000,-1,325.000,325.000,300.000,325.000,-1,-1,-1,-1,750.000,800.000,-1,-1,2,0,2,0,2,0,0,0,0,2,2,2,2,0,0,2,2
116,-6591.769,4840.675,-210.084,115.496,-0.430340,-0.902424,-0.020926,0.902648,-0.430365,-0.003528,-0.005822,-0.020407,0.999775,0,0.79288,-0.50691,47.573,-1.014,-1,400.000,-1,400.000,-1,325.000,325.000,300.000,325.000,-1,-1,-1,-1,750.000,800.000,-1,-1,2,0,2,0,2,0,0,0,0,2,2,2,2,0,0,2,2
117,-6611.664,4883.887,-210.457,114.723,-0.418110,-0.908160,-0.020700,0.908377,-0.418141,-0.003044,-0.005891,-0.020076,0.999781,0,0.79288,-0.38691,47.573,-0.774,-1,400.000,-1,400.000,-1,325.000,325.000,300.000,325.000,-1,-1,-1,-1,750.000,800.000,-1,-1,2,0,2,0,2,0,0,0,0,2,2,2,2,0,0,2,2
118,-6631.157,4927.283,-210.791,114.189,-0.409627,-0.912023,-0.020475,0.912233,-0.409664,-0.002531,-0.006080,-0.019715,0.999787,0,0.79288,-0.26691,47.573,-0.534,-1,400.000,-1,400.000,-1,325.000,325.000,300.000,325.000,-1,-1,-1,-1,750.000,800.000,-1,-1,2,0,2,0,2,0,0,0,0,2,2,2,2,0,0,2,2
119,-6650.427,4970.778,-211.089,113.895,-0.404940,-0.914119,-0.020265,0.914321,-0.404985,-0.002000,-0.006378,-0.019338,0.999793,0,0.79288,-0.14691,47.573,-0.294,-1,400.000,-1,400.000,-1,325.000,325.000,300.000,325.000,-1,-1,-1,-1,750.000,800.000,-1,-1,2,0,2,0,2,0,0,0,0,2,2,2,2,0,0,2,2
120,-6669.656,5014.291,-211.356,113.841,-0.404075,-0.914505,-0.020081,0.914701,-0.404129,-0.001464,-0.006777,-0.018959,0.999797,0,0.79288,-0.02691,47.573,-0.054,-1,400.000,-1,400.000,-1,325.000,325.000,300.000,325.000,-1,-1,-1,-1,750.000,800.000,-1,-1,2,0,2,0,2,0,0,0,0,2,2,2,2,0,0,2,2
121,-6689.026,5057.741,-211.596,114.027,-0.407038,-0.913194,-0.019937,0.913382,-0.407102,-0.000932,-0.007265,-0.018590,0.999801,0,0.79288,0.09309,47.573,0.186,-1,400.000,-1,400.000,-1,325.000,325.000,300.000,325.000,-1,-1,-1,-1,750.000,800.000,-1,-1,2,0,2,0,2,0,0,0,0,2,2,2,2,0,0,2,2
122,-6708.718,5101.046,-211.811,114.454,-0.413812,-0.910146,-0.019847,0.910329,-0.413886,-0.000420,-0.007832,-0.018241,0.999803,0,0.79288,0.21309,47.573,0.426,-1,400.000,-1,400.000,-1,325.000,325.000,300.000,325.000,-1,-1,-1,-1,750.000,800.000,-1,-1,2,0,2,0,2,0,0,0,0,2,2,2,2,0,0,2,2
123,-6728.913,5144.120,-212.141,115.120,-0.424369,-0.905285,-0.019206,0.905453,-0.424446,-0.000087,-0.008073,-0.017427,0.999816,0,0.79288,0.33309,47.573,0.666,-1,400.000,-1,400.000,-1,325.000,325.000,300.000,325.000,-1,-1,-1,-1,775.000,775.000,-1,-1,2,0,2,0,2,0,0,0,0,2,2,2,2,0,0,2,2
124,-6749.768,5186.877,-212.502,116.001,-0.438252,-0.898663,-0.018452,0.898813,-0.438331,0.000262,-0.008323,-0.016470,0.999830,0,0.79288,0.44078,47.573,0.882,-1,400.000,-1,400.000,-1,325.000,325.000,300.000,325.000,-1,-1,-1,-1,775.000,775.000,-1,-1,2,0,2,0,2,0,0,0,0,2,2,2,2,0,0,2,2
125,-6771.279,5229.309,-212.904,116.883,-0.452030,-0.891828,-0.017646,0.891960,-0.452114,0.000849,-0.008735,-0.015355,0.999844,0,0.79288,0.44078,47.573,0.882,-1,400.000,-1,400.000,-1,325.000,325.000,300.000,325.000,-1,-1,-1,-1,775.000,775.000,-1,-1,2,0,2,0,2,0,0,0,0,2,2,2,2,0,0,2,2
126,-6793.440,5271.404,-213.298,117.764,-0.465701,-0.884781,-0.016893,0.884895,-0.465789,0.001464,-0.009164,-0.014267,0.999856,0,0.79288,0.44078,47.573,0.882,-1,400.000,-1,400.000,-1,325.000,325.000,300.000,325.000,-1,-1,-1,-1,775.000,775.000,-1,-1,2,0,2,0,2,0,0,0,0,2,2,2,2,0,0,2,2
127,-6816.246,5313.154,-213.688,118.646,-0.479262,-0.877522,-0.016210,0.877619,-0.479353,0.002075,-0.009591,-0.013232,0.999866,0,0.79288,0.44078,47.573,0.882,-1,400.000,-1,400.000,-1,325.000,325.000,300.000,325.000,-1,-1,-1,-1,775.000,775.000,-1,-1,2,0,2,0,2,0,0,0,0,2,2,2,2,0,0,2,2
128,-6839.691,5354.548,-214.150,119.527,-0.492711,-0.870051,-0.015742,0.870138,-0.492802,0.002319,-0.009775,-0.012555,0.999873,0,0.79288,0.44078,47.573,0.882,-1,400.000,-1,400.000,-1,325.000,325.000,300.000,300.000,-1,-1,-1,-1,775.000,775.000,-1,-1,2,0,2,0,2,0,0,0,0,2,2,2,2,0,0,2,2
129,-6863.771,5395.576,-214.658,120.409,-0.506043,-0.862370,-0.015426,0.862453,-0.506133,0.002308,-0.009798,-0.012136,0.999878,0,0.79288,0.44078,47.573,0.882,-1,400.000,-1,400.000,-1,325.000,325.000,300.000,300.000,-1,-1,-1,-1,775.000,800.000,-1,-1,2,0,2,0,2,0,0,0,0,2,2,2,2,0,0,2,2
130,-6888.479,5436.229,-215.158,121.291,-0.519255,-0.854485,-0.015158,0.854563,-0.519343,0.002294,-0.009833,-0.011762,0.999882,0,0.79288,0.44078,47.573,0.882,-1,400.000,-1,400.000,-1,325.000,325.000,300.000,300.000,-1,-1,-1,-1,800.000,800.000,-1,-1,2,0,2,0,2,0,0,0,0,2,2,2,2,0,0,2,2
131,-6913.810,5476.497,-215.720,122.172,-0.532337,-0.846394,-0.015309,0.846472,-0.532428,0.002317,-0.010112,-0.011725,0.999880,0,0.79288,0.44078,47.573,0.882,-1,400.000,-1,400.000,-1,325.000,325.000,300.000,325.000,-1,-1,-1,-1,800.000,800.000,-1,-1,2,0,2,0,2,0,0,0,0,2,2,2,2,0,0,2,2
132,-6939.757,5516.370,-216.343,123.054,-0.545292,-0.838104,-0.015427,0.838179,-0.545389,0.002628,-0.010616,-0.011498,0.999878,0,0.79288,0.44078,47.573,0.882,-1,400.000,-1,400.000,-1,325.000,325.000,300.000,325.000,-1,-1,-1,-1,800.000,800.000,-1,-1,2,0,2,0,2,0,0,0,0,2,2,2,2,0,0,2,2
133,-6966.315,5555.840,-216.979,123.935,-0.558117,-0.829616,-0.015569,0.829687,-0.558221,0.003023,-0.011199,-0.011230,0.999874,0,0.79288,0.44078,47.573,0.882,-1,400.000,-1,400.000,-1,325.000,325.000,300.000,300.000,-1,-1,-1,-1,800.000,800.000,-1,-1,2,0,2,0,2,0,0,0,0,2,2,2,2,0,0,2,2
134,-6993.476,5594.896,-217.604,124.817,-0.570808,-0.820932,-0.015770,0.820998,-0.570920,0.003405,-0.011799,-0.011003,0.999870,0,0.79288,0.44078,47.573,0.882,-1,400.000,-1,400.000,-1,325.000,325.000,300.000,300.000,-1,-1,-1,-1,800.000,800.000,-1,-1,2,0,2,0,2,0,0,0,0,2,2,2,2,0,0,2,2
135,-7021.236,5633.529,-218.220,125.698,-0.583364,-0.812052,-0.016031,0.812116,-0.583484,0.003771,-0.012417,-0.010819,0.999864,0,0.79288,0.44078,47.573,0.882,-1,400.000,-1,400.000,-1,325.000,325.000,300.000,300.000,-1,-1,-1,-1,800.000,800.000,-1,-1,2,0,2,0,2,0,0,0,0,2,2,2,2,0,0,2,2
136,-7049.586,5671.731,-218.824,126.580,-0.595781,-0.802980,-0.016353,0.803041,-0.595910,0.004119,-0.013052,-0.010679,0.999858,0,0.79288,0.44078,47.573,0.882,-1,400.000,-1,400.000,-1,325.000,325.000,300.000,300.000,-1,-1,-1,-1,800.000,775.000,-1,-1,2,0,2,0,2,0,0,0,0,2,2,2,2,0,0,2,2
137,-7081.266,5713.436,-219.529,127.222,-0.604730,-0.796259,-0.016536,0.796316,-0.604865,0.004465,-0.013557,-0.010468,0.999853,0,0.87288,0.32078,52.373,0.642,-1,400.000,-1,400.000,-1,325.000,325.000,300.000,300.000,-1,-1,-1,-1,800.000,775.000,-1,-1,2,0,2,0,2,0,0,0,0,2,2,2,2,0,0,2,2
