timestep,x_cm,y_cm,z_cm,yaw_deg,basis_xx,basis_xy,basis_xz,basis_yx,basis_yy,basis_yz,basis_zx,basis_zy,basis_zz,teleport_flag,throttle_cmd,steering_cmd,cmd_move_cm,cmd_turn_deg,lidar_cm_0,lidar_cm_1,lidar_cm_2,lidar_cm_3,lidar_cm_4,lidar_cm_5,lidar_cm_6,lidar_cm_7,lidar_cm_8,lidar_cm_9,lidar_cm_10,lidar_cm_11,lidar_cm_12,lidar_cm_13,lidar_cm_14,lidar_cm_15,lidar_cm_16,lidar_class_0,lidar_class_1,lidar_class_2,lidar_class_3,lidar_class_4,lidar_class_5,lidar_class_6,lidar_class_7,lidar_class_8,lidar_class_9,lidar_class_10,lidar_class_11,lidar_class_12,lidar_class_13,lidar_class_14,lidar_class_15,lidar_class_16
0,323.176,1639.515,486.368,-176.574,-0.998112,0.059644,0.014644,-0.058577,-0.996174,0.064861,0.018457,0.063881,0.997787,1,0.08000,0.12000,4.800,0.240,-1,400.000,-1,400.000,-1,325.000,325.000,300.000,300.000,-1,-1,-1,-1,925.000,850.000,-1,-1,2,0,2,0,2,0,0,0,0,2,2,2,2,0,0,2,2
1,313.598,1638.861,486.553,-176.094,-0.997584,0.067988,0.014303,-0.066928,-0.995652,0.064789,0.018646,0.063675,0.997796,0,0.16000,0.24000,9.600,0.480,-1,400.000,-1,400.000,-1,325.000,325.000,300.000,300.000,-1,-1,-1,-1,925.000,850.000,-1,-1,2,0,2,0,2,0,0,0,0,2,2,2,2,0,0,2,2
2,299.246,1637.700,486.841,-175.374,-0.996660,0.080496,0.013790,-0.079446,-0.994739,0.064673,0.018924,0.063361,0.997811,0,0.24000,0.36000,14.400,0.720,-1,400.000,-1,400.000,-1,325.000,325.000,300.000,300.000,-1,-1,-1,-1,925.000,850.000,-1,-1,2,0,2,0,2,0,0,0,0,2,2,2,2,0,0,2,2
3,280.132,1635.890,487.241,-174.589,-0.995476,0.094107,0.013101,-0.093078,-0.993567,0.064507,0.019087,0.062996,0.997831,0,0.32000,0.39216,19.200,0.784,-1,400.000,-1,400.000,-1,325.000,325.000,300.000,300.000,-1,-1,-1,-1,925.000,850.000,-1,-1,2,0,2,0,2,0,0,0,0,2,2,2,2,0,0,2,2
4,256.272,1633.300,487.761,-173.805,-0.994108,0.107702,0.012233,-0.106705,-0.992210,0.064288,0.019062,0.062604,0.997856,0,0.40000,0.39216,24.000,0.784,-1,400.000,-1,400.000,-1,325.000,325.000,300.000,300.000,-1,-1,-1,-1,925.000,850.000,-1,-1,2,0,2,0,2,0,0,0,0,2,2,2,2,0,0,2,2
5,227.686,1629.801,488.408,-173.021,-0.992556,0.121277,0.011185,-0.120325,-0.990669,0.064008,0.018843,0.062186,0.997887,0,0.48000,0.39216,28.800,0.784,-1,400.000,-1,400.000,-1,325.000,325.000,300.000,300.000,-1,-1,-1,-1,925.000,850.000,-1,-1,2,0,2,0,2,0,0,0,0,2,2,2,2,0,0,2,2
6,194.394,1625.263,489.189,-172.236,-0.990819,0.134830,0.009954,-0.133935,-0.988943,0.063662,0.018428,0.061744,0.997922,0,0.56000,0.39216,33.600,0.784,-1,425.000,-1,400.000,-1,325.000,325.000,300.000,300.000,-1,-1,-1,-1,925.000,850.000,-1,-1,2,0,2,0,2,0,0,0,0,2,2,2,2,0,0,2,2
7,156.421,1619.556,490.111,-171.452,-0.988897,0.148359,0.008540,-0.147533,-0.987033,0.063242,0.017812,0.061280,0.997962,0,0.64000,0.39216,38.400,0.784,-1,425.000,-1,400.000,-1,325.000,325.000,300.000,300.000,-1,-1,-1,-1,925.000,850.000,-1,-1,2,0,2,0,2,0,0,0,0,2,2,2,2,0,0,2,2
8,113.793,1612.551,491.179,-170.668,-0.986789,0.161861,0.006939,-0.161116,-0.984939,0.062743,0.016990,0.060796,0.998006,0,0.72000,0.39216,43.200,0.784,-1,425.000,-1,425.000,-1,325.000,325.000,300.000,300.000,-1,-1,-1,-1,925.000,850.000,-1,-1,2,0,2,0,2,0,0,0,0,2,2,2,2,0,0,2,2
9,66.540,1604.120,492.400,-169.883,-0.984496,0.175333,0.005148,-0.174682,-0.982661,0.062156,0.015957,0.060293,0.998053,0,0.80000,0.39216,48.000,0.784,-1,425.000,-1,425.000,-1,325.000,325.000,300.000,300.000,-1,-1,-1,-1,925.000,875.000,-1,-1,2,0,2,0,2,0,0,0,0,2,2,2,2,0,0,2,2
10,14.693,1594.134,493.400,-169.099,-0.982018,0.188758,0.003233,-0.188185,-0.980117,0.062906,0.015042,0.061167,0.998014,0,0.88000,0.39216,52.800,0.784,-1,425.000,-1,425.000,-1,350.000,325.000,300.000,300.000,-1,-1,-1,-1,925.000,875.000,-1,-1,2,0,2,0,2,0,0,0,0,2,2,2,2,0,0,2,2
11,-38.403,1583.152,494.214,-168.315,-0.979358,0.202134,0.000654,-0.201672,-0.977330,0.064450,0.013666,0.062988,0.997921,0,0.90368,0.39216,54.221,0.784,-1,425.000,-1,425.000,-1,350.000,325.000,300.000,300.000,-1,-1,-1,-1,950.000,850.000,-1,-1,2,0,2,0,2,0,0,0,0,2,2,2,2,0,0,2,2
12,-91.344,1571.444,494.604,-167.530,-0.976505,0.215493,-0.001119,-0.215118,-0.974471,0.064264,0.012758,0.062995,0.997932,0,0.90368,0.39216,54.221,0.784,-1,425.000,-1,425.000,-1,350.000,325.000,300.000,300.000,-1,-1,-1,-1,950.000,850.000,-1,-1,2,0,2,0,2,0,0,0,0,2,2,2,2,0,0,2,2
13,-144.121,1559.014,494.838,-166.746,-0.973463,0.228822,-0.003271,-0.228567,-0.971474,0.063202,0.011284,0.062273,0.997995,0,0.90368,0.39216,54.221,0.784,-1,425.000,-1,425.000,-1,350.000,325.000,300.000,300.000,-1,-1,-1,-1,950.000,850.000,-1,-1,2,0,2,0,2,0,0,0,0,2,2,2,2,0,0,2,2
14,-196.722,1545.863,495.093,-165.962,-0.970234,0.242110,-0.005442,-0.241974,-0.968294,0.062089,0.009763,0.061558,0.998056,0,0.90368,0.39216,54.221,0.784,-1,425.000,-1,400.000,-1,325.000,325.000,300.000,300.000,-1,-1,-1,-1,950.000,850.000,-1,-1,2,0,2,0,2,0,0,0,0,2,2,2,2,0,0,2,2
15,-249.138,1531.993,495.368,-165.177,-0.966818,0.255353,-0.007630,-0.255335,-0.964931,0.060924,0.008195,0.060851,0.998113,0,0.90368,0.39216,54.221,0.784,-1,425.000,-1,400.000,-1,325.000,325.000,300.000,300.000,-1,-1,-1,-1,925.000,850.000,-1,-1,2,0,2,0,2,0,0,0,0,2,2,2,2,0,0,2,2
16,-301.359,1517.406,495.662,-164.393,-0.963216,0.268549,-0.009837,-0.268648,-0.961386,0.059706,0.006577,0.060152,0.998168,0,0.90368,0.39216,54.221,0.784,-1,425.000,-1,400.000,-1,325.000,325.000,300.000,300.000,-1,-1,-1,-1,925.000,850.000,-1,-1,2,0,2,0,2,0,0,0,0,2,2,2,2,0,0,2,2
17,-353.376,1502.106,495.973,-163.609,-0.959428,0.281695,-0.012061,-0.281911,-0.957660,0.058432,0.004910,0.059462,0.998219,0,0.90368,0.39216,54.221,0.784,-1,425.000,-1,400.000,-1,325.000,325.000,300.000,300.000,-1,-1,-1,-1,925.000,825.000,-1,-1,2,0,2,0,2,0,0,0,0,2,2,2,2,0,0,2,2
18,-405.179,1486.096,496.316,-162.824,-0.955456,0.294791,-0.014233,-0.295117,-0.953756,0.057055,0.003244,0.058715,0.998270,0,0.90368,0.39216,54.221,0.784,-1,425.000,-1,400.000,-1,325.000,325.000,300.000,300.000,-1,-1,-1,-1,925.000,825.000,-1,-1,2,0,2,0,2,0,0,0,0,2,2,2,2,0,0,2,2
19,-452.127,1470.661,496.663,-161.800,-0.950007,0.311807,-0.016192,-0.312221,-0.948374,0.055721,0.002018,0.057991,0.998315,0,0.82368,0.51216,49.421,1.024,-1,400.000,-1,400.000,-1,325.000,325.000,275.000,300.000,-1,-1,-1,-1,925.000,825.000,-1,-1,2,0,2,0,2,0,0,0,0,2,2,2,2,0,0,2,2
20,-494.197,1455.793,497.015,-160.536,-0.942872,0.332670,-0.017952,-0.333152,-0.941300,0.054439,0.001212,0.057310,0.998356,0,0.74368,0.63216,44.621,1.264,-1,400.000,-1,400.000,-1,325.000,325.000,300.000,300.000,-1,-1,-1,-1,900.000,825.000,-1,-1,2,0,2,0,2,0,0,0,0,2,2,2,2,0,0,2,2
21,-532.528,1441.104,497.385,-159.031,-0.933793,0.357280,-0.019552,-0.357814,-0.932278,0.053173,0.000770,0.056649,0.998394,0,0.68417,0.75216,41.050,1.504,-1,400.000,-1,400.000,-1,325.000,325.000,300.000,300.000,-1,-1,-1,-1,900.000,825.000,-1,-1,2,0,2,0,2,0,0,0,0,2,2,2,2,0,0,2,2
22,-570.395,1425.254,497.566,-157.287,-0.922478,0.385488,-0.020816,-0.386048,-0.920960,0.052916,0.001228,0.056850,0.998382,0,0.68417,0.87216,41.050,1.744,-1,400.000,-1,400.000,-1,325.000,325.000,300.000,300.000,-1,-1,-1,-1,925.000,825.000,-1,-1,2,0,2,0,2,0,0,0,0,2,2,2,2,0,0,2,2
23,-607.689,1408.102,497.716,-155.303,-0.908572,0.417134,-0.022261,-0.417724,-0.907033,0.052893,0.001872,0.057356,0.998352,0,0.68417,0.99216,41.050,1.984,-1,425.000,-1,400.000,-1,325.000,325.000,300.000,300.000,-1,-1,-1,-1,925.000,825.000,-1,-1,2,0,2,0,2,0,0,0,0,2,2,2,2,0,0,2,2
24,-644.362,1389.659,497.883,-153.303,-0.893453,0.448518,-0.023954,-0.449151,-0.891889,0.052891,0.002358,0.058015,0.998313,0,0.68417,1.00000,41.050,2.000,-1,425.000,-1,400.000,-1,325.000,325.000,300.000,300.000,-1,-1,-1,-1,925.000,825.000,-1,-1,2,0,2,0,2,0,0,0,0,2,2,2,2,0,0,2,2
25,-680.369,1369.948,498.082,-151.303,-0.877243,0.479355,-0.025745,-0.480038,-0.875663,0.052711,0.002723,0.058599,0.998278,0,0.68417,1.00000,41.050,2.000,-1,425.000,-1,400.000,-1,325.000,325.000,300.000,300.000,-1,-1,-1,-1,925.000,825.000,-1,-1,2,0,2,0,2,0,0,0,0,2,2,2,2,0,0,2,2
26,-715.667,1348.992,498.276,-149.303,-0.859960,0.509612,-0.027644,-0.510354,-0.858382,0.052154,0.002849,0.058958,0.998256,0,0.68417,1.00000,41.050,2.000,-1,425.000,-1,400.000,-1,325.000,325.000,300.000,300.000,-1,-1,-1,-1,925.000,825.000,-1,-1,2,0,2,0,2,0,0,0,0,2,2,2,2,0,0,2,2
27,-750.211,1326.817,498.471,-147.303,-0.841632,0.539253,-0.029355,-0.540043,-0.840065,0.051433,0.003075,0.059141,0.998245,0,0.68417,1.00000,41.050,2.000,-1,425.000,-1,400.000,-1,325.000,325.000,300.000,300.000,-1,-1,-1,-1,925.000,825.000,-1,-1,2,0,2,0,2,0,0,0,0,2,2,2,2,0,0,2,2
28,-788.017,1300.876,498.550,-145.543,-0.824658,0.564815,-0.030385,-0.565622,-0.823129,0.050312,0.003406,0.058677,0.998271,0,0.76417,0.88000,45.850,1.760,-1,425.000,-1,400.000,-1,325.000,325.000,300.000,300.000,-1,-1,-1,-1,900.000,825.000,-1,-1,2,0,2,0,2,0,0,0,0,2,2,2,2,0,0,2,2
29,-828.942,1271.167,498.666,-144.023,-0.809360,0.586465,-0.031539,-0.587303,-0.807877,0.049095,0.003313,0.058258,0.998296,0,0.84287,0.76000,50.572,1.520,-1,425.000,-1,400.000,-1,325.000,325.000,300.000,300.000,-1,-1,-1,-1,925.000,825.000,-1,-1,2,0,2,0,2,0,0,0,0,2,2,2,2,0,0,2,2
30,-869.193,1240.551,498.805,-142.743,-0.796025,0.604379,-0.032711,-0.605256,-0.794592,0.047828,0.002914,0.057871,0.998320,0,0.84287,0.64000,50.572,1.280,-1,425.000,-1,400.000,-1,325.000,325.000,300.000,300.000,-1,-1,-1,-1,925.000,850.000,-1,-1,2,0,2,0,2,0,0,0,0,2,2,2,2,0,0,2,2
31,-908.883,1209.210,498.930,-141.703,-0.784880,0.618720,-0.033901,-0.619645,-0.783515,0.046312,0.002092,0.057356,0.998352,0,0.84287,0.52000,50.572,1.040,-1,425.000,-1,400.000,-1,325.000,325.000,300.000,300.000,-1,-1,-1,-1,925.000,850.000,-1,-1,2,0,2,0,2,0,0,0,0,2,2,2,2,0,0,2,2
32,-948.131,1177.318,498.986,-140.903,-0.776108,0.629623,-0.035100,-0.630600,-0.774829,0.044542,0.000849,0.056703,0.998391,0,0.84287,0.40000,50.572,0.800,-1,425.000,-1,400.000,-1,325.000,325.000,300.000,300.000,-1,-1,-1,-1,950.000,850.000,-1,-1,2,0,2,0,2,0,0,0,0,2,2,2,2,0,0,2,2
33,-986.999,1144.965,499.015,-140.226,-0.768552,0.638756,-0.036300,-0.639787,-0.767361,0.042771,-0.000535,0.056096,0.998425,0,0.84287,0.33852,50.572,0.677,-1,425.000,-1,400.000,-1,325.000,325.000,300.000,300.000,-1,-1,-1,-1,950.000,850.000,-1,-1,2,0,2,0,2,0,0,0,0,2,2,2,2,0,0,2,2
34,-1025.483,1112.154,499.017,-139.549,-0.760887,0.647800,-0.037500,-0.648882,-0.759784,0.041000,-0.001932,0.055529,0.998455,0,0.84287,0.33852,50.572,0.677,-1,425.000,-1,400.000,-1,325.000,325.000,300.000,300.000,-1,-1,-1,-1,950.000,850.000,-1,-1,2,0,2,0,2,0,0,0,0,2,2,2,2,0,0,2,2
35,-1063.576,1078.891,498.991,-138.872,-0.753113,0.656752,-0.038697,-0.657882,-0.752098,0.039228,-0.003341,0.055002,0.998481,0,0.84287,0.33852,50.572,0.677,-1,425.000,-1,400.000,-1,325.000,325.000,300.000,300.000,-1,-1,-1,-1,950.000,850.000,-1,-1,2,0,2,0,2,0,0,0,0,2,2,2,2,0,0,2,2
36,-1101.273,1045.180,498.845,-138.195,-0.745242,0.665599,-0.039916,-0.666779,-0.744291,0.037889,-0.004490,0.054852,0.998484,0,0.84287,0.33852,50.572,0.677,-1,425.000,-1,400.000,-1,325.000,325.000,300.000,300.000,-1,-1,-1,-1,950.000,850.000,-1,-1,2,0,2,0,2,0,0,0,0,2,2,2,2,0,0,2,2
37,-1138.569,1011.025,498.638,-137.518,-0.737260,0.674347,-0.041288,-0.675585,-0.736374,0.036583,-0.005734,0.054864,0.998477,0,0.84287,0.33852,50.572,0.677,-1,425.000,-1,400.000,-1,325.000,325.000,300.000,300.000,-1,-1,-1,-1,950.000,825.000,-1,-1,2,0,2,0,2,0,0,0,0,2,2,2,2,0,0,2,2
38,-1175.459,976.433,498.331,-136.841,-0.729162,0.682989,-0.043003,-0.684303,-0.728341,0.035329,-0.007191,0.055187,0.998450,0,0.84287,0.33852,50.572,0.677,-1,425.000,-1,400.000,-1,325.000,325.000,300.000,300.000,-1,-1,-1,-1,950.000,825.000,-1,-1,2,0,2,0,2,0,0,0,0,2,2,2,2,0,0,2,2
39,-1211.938,941.406,497.947,-136.163,-0.720967,0.691541,-0.044470,-0.692917,-0.720213,0.034038,-0.008489,0.055354,0.998431,0,0.84287,0.33852,50.572,0.677,-1,400.000,-1,400.000,-1,325.000,325.000,300.000,300.000,-1,-1,-1,-1,950.000,825.000,-1,-1,2,0,2,0,2,0,0,0,0,2,2,2,2,0,0,2,2
40,-1248.000,905.951,497.498,-135.486,-0.712678,0.700003,-0.045662,-0.701425,-0.711992,0.032717,-0.009610,0.055345,0.998421,0,0.84287,0.33852,50.572,0.677,-1,425.000,-1,400.000,-1,325.000,325.000,300.000,300.000,-1,-1,-1,-1,950.000,825.000,-1,-1,2,0,2,0,2,0,0,0,0,2,2,2,2,0,0,2,2
41,-1283.641,870.073,497.040,-134.809,-0.704291,0.708369,-0.046770,-0.709831,-0.703672,0.031395,-0.010671,0.055311,0.998412,0,0.84287,0.33852,50.572,0.677,-1,425.000,-1,400.000,-1,325.000,325.000,300.000,300.000,-1,-1,-1,-1,950.000,825.000,-1,-1,2,0,2,0,2,0,0,0,0,2,2,2,2,0,0,2,2
42,-1318.855,833.776,496.555,-134.132,-0.695804,0.716634,-0.047879,-0.718136,-0.695252,0.030086,-0.011727,0.055317,0.998400,0,0.84287,0.33852,50.572,0.677,-1,425.000,-1,400.000,-1,325.000,325.000,300.000,300.000,-1,-1,-1,-1,950.000,825.000,-1,-1,2,0,2,0,2,0,0,0,0,2,2,2,2,0,0,2,2
43,-1353.638,797.065,496.042,-133.455,-0.687218,0.724798,-0.048988,-0.726339,-0.686733,0.028788,-0.012776,0.055365,0.998384,0,0.84287,0.33852,50.572,0.677,-1,425.000,-1,400.000,-1,325.000,325.000,300.000,300.000,-1,-1,-1,-1,950.000,825.000,-1,-1,2,0,2,0,2,0,0,0,0,2,2,2,2,0,0,2,2
44,-1384.584,763.339,495.567,-132.538,-0.675471,0.735689,-0.050010,-0.737265,-0.675039,0.027630,-0.013431,0.055534,0.998366,0,0.76287,0.45852,45.772,0.917,-1,425.000,-1,400.000,-1,325.000,325.000,300.000,300.000,-1,-1,-1,-1,975.000,825.000,-1,-1,2,0,2,0,2,0,0,0,0,2,2,2,2,0,0,2,2
45,-1412.432,731.731,494.955,-131.381,-0.660417,0.749189,-0.050651,-0.750767,-0.660062,0.025831,-0.014081,0.055086,0.998382,0,0.70211,0.57852,42.126,1.157,-1,425.000,-1,400.000,-1,325.000,325.000,300.000,300.000,-1,-1,-1,-1,975.000,850.000,-1,-1,2,0,2,0,2,0,0,0,0,2,2,2,2,0,0,2,2
46,-1439.502,699.454,494.220,-129.984,-0.641894,0.765097,-0.050968,-0.766652,-0.641632,0.023517,-0.014710,0.054170,0.998423,0,0.70211,0.69852,42.126,1.397,-1,425.000,-1,400.000,-1,325.000,325.000,300.000,300.000,-1,-1,-1,-1,975.000,850.000,-1,-1,2,0,2,0,2,0,0,0,0,2,2,2,2,0,0,2,2
47,-1465.638,666.416,493.511,-128.347,-0.619721,0.783150,-0.051212,-0.784677,-0.619540,0.021248,-0.015088,0.053353,0.998462,0,0.70211,0.81852,42.126,1.637,-1,425.000,-1,400.000,-1,325.000,325.000,300.000,300.000,-1,-1,-1,-1,975.000,850.000,-1,-1,2,0,2,0,2,0,0,0,0,2,2,2,2,0,0,2,2
48,-1490.678,632.540,492.841,-126.470,-0.593689,0.803053,-0.051364,-0.804551,-0.593579,0.019033,-0.015204,0.052625,0.998499,0,0.70211,0.93852,42.126,1.877,-1,425.000,-1,400.000,-1,325.000,325.000,300.000,300.000,-1,-1,-1,-1,975.000,850.000,-1,-1,2,0,2,0,2,0,0,0,0,2,2,2,2,0,0,2,2
49,-1514.521,597.811,492.217,-124.470,-0.565260,0.823309,-0.051418,-0.824774,-0.565211,0.016883,-0.015162,0.051951,0.998535,0,0.70211,1.00000,42.126,2.000,-1,425.000,-1,400.000,-1,350.000,325.000,300.000,300.000,-1,-1,-1,-1,975.000,850.000,-1,-1,2,0,2,0,2,0,0,0,0,2,2,2,2,0,0,2,2
50,-1537.136,562.270,491.587,-122.470,-0.536150,0.842553,-0.051458,-0.843991,-0.536146,0.015036,-0.014920,0.051492,0.998562,0,0.70211,1.00000,42.126,2.000,-1,425.000,-1,425.000,-1,350.000,325.000,300.000,300.000,-1,-1,-1,-1,975.000,875.000,-1,-1,2,0,2,0,2,0,0,0,0,2,2,2,2,0,0,2,2
51,-1558.498,525.962,490.962,-120.470,-0.506394,0.860763,-0.051496,-0.862181,-0.506422,0.013454,-0.014498,0.051212,0.998583,0,0.70211,1.00000,42.126,2.000,-1,425.000,-1,425.000,-1,350.000,325.000,300.000,300.000,-1,-1,-1,-1,975.000,875.000,-1,-1,2,0,2,0,2,0,0,0,0,2,2,2,2,0,0,2,2
52,-1578.579,488.931,490.335,-118.470,-0.476013,0.877916,-0.051725,-0.879324,-0.476075,0.011892,-0.014185,0.051144,0.998591,0,0.70211,1.00000,42.126,2.000,-1,425.000,-1,425.000,-1,350.000,350.000,300.000,300.000,-1,-1,-1,-1,975.000,875.000,-1,-1,2,0,2,0,2,0,0,0,0,2,2,2,2,0,0,2,2
53,-1597.356,451.221,489.498,-116.470,-0.444993,0.893953,-0.053183,-0.895413,-0.445125,0.009994,-0.014739,0.052067,0.998535,0,0.70211,1.00000,42.126,2.000,-1,425.000,-1,425.000,-1,350.000,325.000,300.000,300.000,-1,-1,-1,-1,975.000,875.000,-1,-1,2,0,2,0,2,0,0,0,0,2,2,2,2,0,0,2,2
54,-1614.854,412.769,488.716,-114.470,-0.413433,0.908899,-0.054550,-0.910407,-0.413635,0.008064,-0.015234,0.052997,0.998478,0,0.70411,1.00000,42.247,2.000,-1,425.000,-1,425.000,-1,325.000,325.000,300.000,300.000,-1,-1,-1,-1,950.000,875.000,-1,-1,2,0,2,0,2,0,0,0,0,2,2,2,2,0,0,2,2
55,-1631.073,373.555,487.989,-112.470,-0.381371,0.922735,-0.055827,-0.924289,-0.381644,0.006106,-0.015672,0.053929,0.998422,0,0.70728,1.00000,42.437,2.000,-1,425.000,-1,425.000,-1,325.000,325.000,300.000,300.000,-1,-1,-1,-1,950.000,875.000,-1,-1,2,0,2,0,2,0,0,0,0,2,2,2,2,0,0,2,2
56,-1645.983,333.609,487.321,-110.470,-0.348846,0.935444,-0.057011,-0.937042,-0.349191,0.004124,-0.016050,0.054860,0.998365,0,0.71064,1.00000,42.638,2.000,-1,425.000,-1,400.000,-1,325.000,325.000,300.000,300.000,-1,-1,-1,-1,950.000,875.000,-1,-1,2,0,2,0,2,0,0,0,0,2,2,2,2,0,0,2,2
57,-1659.558,292.966,486.714,-108.470,-0.315899,0.947012,-0.058099,-0.948652,-0.316315,0.002122,-0.016368,0.055786,0.998309,0,0.71419,1.00000,42.851,2.000,-1,425.000,-1,400.000,-1,325.000,325.000,300.000,300.000,-1,-1,-1,-1,925.000,875.000,-1,-1,2,0,2,0,2,0,0,0,0,2,2,2,2,0,0,2,2
58,-1671.771,251.657,486.173,-106.470,-0.282569,0.957425,-0.059089,-0.959103,-0.283058,0.000106,-0.016624,0.056702,0.998253,0,0.71794,1.00000,43.077,2.000,-1,425.000,-1,400.000,-1,325.000,325.000,300.000,300.000,-1,-1,-1,-1,925.000,900.000,-1,-1,2,0,2,0,2,0,0,0,0,2,2,2,2,1,0,2,2
59,-1682.593,209.718,485.699,-104.470,-0.248899,0.966671,-0.059979,-0.968383,-0.249459,-0.001921,-0.016819,0.057604,0.998198,0,0.72189,1.00000,43.313,2.000,-1,425.000,-1,400.000,-1,325.000,325.000,300.000,300.000,-1,-1,-1,-1,925.000,900.000,-1,-1,2,0,2,0,2,0,0,0,0,2,2,2,2,1,0,2,2
60,-1691.998,167.184,485.298,-102.470,-0.214928,0.974738,-0.060766,-0.976483,-0.215560,-0.003954,-0.016953,0.058487,0.998144,0,0.72603,1.00000,43.562,2.000,-1,425.000,-1,425.000,-1,325.000,325.000,300.000,300.000,-1,-1,-1,-1,900.000,900.000,-1,-1,2,0,2,0,2,0,0,0,0,2,2,2,2,1,0,2,2
61,-1699.961,124.093,484.972,-100.470,-0.180700,0.981617,-0.061449,-0.983391,-0.181401,-0.005990,-0.017026,0.059346,0.998092,0,0.73037,1.00000,43.822,2.000,-1,425.000,-1,425.000,-1,325.000,325.000,300.000,300.000,-1,-1,-1,-1,875.000,900.000,-1,-1,2,0,2,0,2,0,0,0,0,2,2,2,2,1,0,2,2
62,-1706.455,80.481,484.726,-98.470,-0.146255,0.987301,-0.062026,-0.989100,-0.147025,-0.008023,-0.017040,0.060176,0.998042,0,0.73489,1.00000,44.094,2.000,1000.000,425.000,-1,425.000,-1,350.000,325.000,300.000,300.000,-1,-1,-1,-1,850.000,900.000,-1,-1,1,0,2,0,2,0,0,0,0,2,2,2,2,1,0,2,2
63,-1711.455,36.387,484.532,-96.470,-0.111644,0.991790,-0.062355,-0.993605,-0.112475,-0.009963,-0.016895,0.060844,0.998004,0,0.73961,1.00000,44.377,2.000,975.000,425.000,-1,425.000,-1,350.000,350.000,300.000,300.000,-1,-1,-1,-1,825.000,900.000,-1,-1,1,0,2,0,2,0,0,0,0,2,2,2,2,1,0,2,2
64,-1714.937,-8.147,484.001,-94.470,-0.076939,0.995177,-0.060850,-0.996898,-0.077799,-0.011887,-0.016564,0.059747,0.998076,0,0.74452,1.00000,44.671,2.000,950.000,425.000,-1,425.000,-1,350.000,350.000,300.000,300.000,-1,-1,-1,-1,800.000,900.000,950.000,-1,1,0,2,0,2,0,0,0,0,2,2,2,2,1,0,1,2
65,-1716.875,-53.081,482.857,-92.470,-0.042110,0.997240,-0.061149,-0.998982,-0.043018,-0.013607,-0.016200,0.060514,0.998036,0,0.74961,1.00000,44.976,2.000,900.000,425.000,-1,425.000,-1,350.000,350.000,300.000,300.000,-1,-1,-1,-1,750.000,900.000,900.000,-1,1,0,2,0,2,0,0,0,0,2,2,2,2,1,0,1,2
66,-1717.245,-98.372,481.686,-90.470,-0.007212,0.998064,-0.061768,-0.999845,-0.008188,-0.015568,-0.016043,0.061646,0.997969,0,0.75488,1.00000,45.293,2.000,875.000,425.000,-1,425.000,-1,350.000,350.000,300.000,300.000,-1,-1,-1,-1,725.000,900.000,850.000,-1,1,0,2,0,2,0,0,0,0,2,2,2,2,1,0,1,2
67,-1716.167,-146.245,480.536,-88.710,0.023526,0.997784,-0.062238,-0.999592,0.022468,-0.017655,-0.016217,0.062627,0.997905,0,0.79810,0.88000,47.886,1.760,825.000,425.000,-1,425.000,-1,325.000,325.000,300.000,300.000,-1,-1,-1,-1,700.000,875.000,800.000,-1,1,0,2,0,2,0,0,0,0,2,2,2,2,1,0,1,2
68,-1713.802,-194.416,479.454,-87.190,0.050073,0.996784,-0.062564,-0.998607,0.048924,-0.019761,-0.016637,0.063466,0.997845,0,0.80382,0.76000,48.229,1.520,800.000,425.000,-1,425.000,-1,325.000,325.000,300.000,300.000,-1,-1,-1,-1,650.000,875.000,750.000,-1,1,0,2,0,2,0,0,0,0,2,2,2,2,1,0,1,2
69,-1710.337,-242.865,478.431,-85.910,0.072423,0.995397,-0.062768,-0.997224,0.071176,-0.021886,-0.017318,0.064179,0.997788,0,0.80955,0.64000,48.573,1.280,750.000,400.000,-1,425.000,-1,325.000,325.000,300.000,300.000,-1,-1,-1,-1,625.000,875.000,700.000,-1,1,0,2,0,2,0,0,0,0,2,2,2,2,1,0,1,2
70,-1705.963,-291.584,477.455,-84.870,0.090582,0.993902,-0.062873,-0.995721,0.089227,-0.024030,-0.018273,0.064781,0.997732,0,0.81526,0.52000,48.916,1.040,700.000,400.000,-1,400.000,-1,325.000,325.000,300.000,300.000,-1,-1,-1,-1,600.000,850.000,650.000,-1,1,0,2,0,2,0,0,0,0,2,2,2,2,1,0,1,2
71,-1700.874,-340.575,476.515,-84.070,0.104563,0.992527,-0.062901,-0.994327,0.103092,-0.026194,-0.019514,0.065283,0.997676,0,0.82091,0.40000,49.254,0.800,650.000,400.000,-1,400.000,-1,325.000,325.000,275.000,300.000,-1,-1,-1,-1,550.000,850.000,600.000,-1,1,1,2,0,2,0,0,0,0,2,2,2,2,1,0,1,2
72,-1695.269,-389.844,475.598,-83.510,0.114381,0.991445,-0.062877,-0.993214,0.112785,-0.028383,-0.021049,0.065697,0.997618,0,0.82645,0.28000,49.587,0.560,600.000,375.000,-1,400.000,-1,325.000,325.000,300.000,300.000,-1,-1,-1,-1,525.000,850.000,550.000,-1,1,1,2,0,2,1,0,0,0,2,2,2,2,1,0,1,2
73,-1689.351,-439.403,474.693,-83.190,0.120049,0.990778,-0.062826,-0.992504,0.118318,-0.030601,-0.022885,0.066029,0.997555,0,0.83185,0.16000,49.911,0.320,550.000,375.000,-1,400.000,-1,325.000,325.000,300.000,300.000,-1,-1,-1,-1,500.000,825.000,500.000,-1,1,1,2,0,2,1,0,0,0,2,2,2,2,1,0,1,2
74,-1683.326,-489.262,473.787,-83.110,0.121576,0.990595,-0.062774,-0.992267,0.119699,-0.032852,-0.025029,0.066283,0.997487,0,0.83704,0.04000,50.222,0.080,475.000,350.000,-1,400.000,-1,300.000,325.000,300.000,300.000,-1,-1,-1,-1,475.000,825.000,450.000,-1,1,1,2,0,2,1,0,0,0,2,2,2,2,1,0,1,2
75,-1677.506,-538.587,472.883,-83.270,0.118961,0.990914,-0.062750,-0.992520,0.116931,-0.035102,-0.027445,0.066456,0.997412,0,0.82777,-0.08000,49.666,-0.160,425.000,325.000,-1,400.000,-1,300.000,325.000,300.000,300.000,-1,-1,-1,-1,425.000,825.000,400.000,-1,1,1,2,0,2,1,0,0,0,2,2,2,2,1,0,1,2
76,-1672.001,-588.216,471.952,-83.670,0.112204,0.991700,-0.062782,-0.993227,0.110009,-0.037390,-0.030173,0.066552,0.997327,0,0.83223,-0.20000,49.934,-0.400,375.000,300.000,-1,400.000,-1,275.000,325.000,300.000,300.000,-1,-1,-1,-1,400.000,800.000,350.000,-1,1,1,2,0,2,1,0,0,0,2,2,2,2,1,0,1,2
77,-1667.027,-638.142,470.869,-84.310,0.101289,0.992838,-0.063351,-0.994313,0.098923,-0.039446,-0.032897,0.066986,0.997211,0,0.83620,-0.32000,50.172,-0.640,300.000,300.000,-1,400.000,-1,275.000,325.000,300.000,300.000,-1,-1,-1,-1,375.000,800.000,300.000,-1,1,1,2,0,2,1,0,0,0,2,2,2,2,1,0,1,2
78,-1662.802,-688.338,469.618,-85.190,0.086156,0.994085,-0.066117,-0.995701,0.083650,-0.039784,-0.034018,0.069260,0.997018,0,0.83956,-0.44000,50.374,-0.880,250.000,275.000,-1,400.000,-1,275.000,325.000,300.000,300.000,-1,-1,-1,-1,375.000,800.000,250.000,-1,1,1,2,0,2,1,0,0,0,2,2,2,2,1,0,1,2
79,-1659.536,-738.760,471.023,-86.310,0.066378,0.994525,-0.080715,-0.997489,0.064138,-0.030037,-0.024696,0.082506,0.996285,0,0.84213,-0.56000,50.528,-1.120,250.000,275.000,-1,425.000,-1,275.000,350.000,350.000,300.000,-1,-1,-1,-1,375.000,850.000,250.000,-1,1,1,2,0,2,1,0,0,0,2,2,2,2,1,0,1,2
80,-1657.463,-789.342,472.279,-87.670,0.042167,0.994628,-0.094541,-0.998985,0.040469,-0.019800,-0.015868,0.095280,0.995324,0,0.84372,-0.68000,50.623,-1.360,225.000,300.000,-1,450.000,-1,300.000,375.000,375.000,275.000,-1,-1,-1,-1,400.000,925.000,225.000,-1,1,1,2,0,2,1,0,0,0,2,2,2,2,1,0,1,2
81,-1656.801,-839.984,473.247,-89.270,0.013594,0.994174,-0.106925,-0.999876,0.012667,-0.009352,-0.007943,0.107039,0.994223,0,0.84409,-0.80000,50.646,-1.600,200.000,300.000,-1,475.000,-1,325.000,400.000,425.000,275.000,-1,-1,800.000,-1,425.000,975.000,225.000,-1,1,1,2,0,2,1,0,0,0,2,2,0,2,1,0,1,2
82,-1657.721,-890.556,473.775,-91.060,-0.018348,0.992938,-0.117206,-0.999831,-0.018376,0.000838,-0.001322,0.117201,0.993107,0,0.84297,-0.89510,50.578,-1.790,200.000,325.000,-1,500.000,-1,375.000,425.000,450.000,275.000,-1,675.000,175.000,-1,450.000,-1,225.000,-1,1,1,2,0,2,1,0,0,0,2,0,0,2,1,2,1,2
83,-1660.190,-940.908,473.772,-92.823,-0.049753,0.990887,-0.125167,-0.998754,-0.048868,0.010136,0.003927,0.125515,0.992084,0,0.84016,-0.88156,50.409,-1.763,175.000,350.000,-1,525.000,-1,425.000,425.000,425.000,250.000,-1,325.000,150.000,825.000,-1,-1,225.000,-1,1,1,2,0,2,1,0,1,0,2,0,0,0,2,2,1,2
84,-1664.164,-990.905,473.185,-94.558,-0.080469,0.988150,-0.130704,-0.996728,-0.078770,0.018132,0.007621,0.131735,0.991256,0,0.83587,-0.86714,50.152,-1.734,175.000,400.000,-1,525.000,-1,475.000,450.000,350.000,250.000,-1,300.000,125.000,700.000,-1,-1,225.000,-1,1,1,2,0,2,0,0,1,0,2,0,0,0,2,2,1,2
85,-1669.588,-1040.413,471.974,-96.261,-0.110368,0.984846,-0.133778,-0.993844,-0.108058,0.024431,0.009605,0.135651,0.990710,0,0.83001,-0.85192,49.801,-1.704,175.000,475.000,-1,525.000,-1,500.000,450.000,275.000,250.000,-1,275.000,100.000,625.000,-1,-1,225.000,-1,1,1,2,0,2,0,0,1,0,2,0,0,0,2,2,1,2
86,-1676.398,-1089.297,470.107,-97.933,-0.139352,0.981079,-0.134409,-0.990195,-0.136720,0.028666,0.009748,0.137086,0.990511,0,0.82255,-0.83598,49.353,-1.672,150.000,550.000,-1,550.000,-1,500.000,475.000,225.000,250.000,-1,275.000,100.000,600.000,-1,-1,250.000,-1,1,1,2,0,2,0,0,1,0,2,0,0,0,2,2,1,2
87,-1684.518,-1137.430,467.561,-99.572,-0.167363,0.976927,-0.132676,-0.985863,-0.164750,0.030509,0.007946,0.135907,0.990690,0,0.81349,-0.81947,48.809,-1.639,150.000,600.000,-1,550.000,-1,500.000,475.000,200.000,250.000,-1,275.000,100.000,600.000,-1,-1,-1,-1,1,1,2,0,2,0,0,1,0,2,0,0,0,2,2,2,2
88,-327.963,7543.225,565.826,58.684,0.517305,-0.854081,-0.054238,0.853229,0.519623,-0.044633,0.066304,-0.023189,0.997530,1,0.00000,0.00000,48.174,-1.605,50.000,125.000,325.000,275.000,-1,150.000,200.000,500.000,375.000,-1,-1,25.000,100.000,175.000,375.000,50.000,-1,1,1,1,1,2,1,1,1,1,2,2,1,1,1,1,1,2
89,-327.809,-984.056,649.648,-101.117,-0.220030,0.974099,-0.052140,-0.925119,-0.191416,0.327895,0.309421,0.120382,0.943274,1,0.00000,0.00000,4.800,0.240,200.000,200.000,-1,275.000,-1,200.000,225.000,550.000,525.000,750.000,75.000,25.000,275.000,275.000,400.000,200.000,575.000,1,1,2,1,2,1,1,1,0,0,0,0,0,1,1,1,1
90,332.442,-5577.165,441.206,-21.581,0.930198,0.366789,0.014068,-0.364341,0.927286,-0.086001,-0.044589,0.074872,0.996196,1,0.08000,-0.12000,4.800,-0.240,-1,425.000,-1,425.000,700.000,325.000,325.000,300.000,300.000,-1,-1,-1,-1,975.000,800.000,-1,975.000,2,0,2,0,1,0,0,0,0,2,2,2,2,0,1,2,1
91,341.339,-5580.772,440.832,-22.061,0.927090,0.374548,0.014758,-0.371998,0.924189,-0.086553,-0.046057,0.074753,0.996138,0,0.16000,-0.24000,9.600,-0.480,-1,425.000,-1,425.000,675.000,325.000,325.000,300.000,300.000,-1,-1,-1,-1,950.000,800.000,-1,950.000,2,0,2,0,1,0,0,0,0,2,2,2,2,0,1,2,1
92,354.616,-5586.348,440.258,-22.781,0.922307,0.386137,0.015765,-0.383436,0.919422,-0.087407,-0.048246,0.074571,0.996048,0,0.24000,-0.36000,14.400,-0.720,-1,425.000,-1,425.000,650.000,325.000,325.000,300.000,300.000,-1,-1,-1,-1,950.000,775.000,-1,900.000,2,0,2,0,1,0,0,0,0,2,2,2,2,0,1,2,1
93,372.192,-5594.079,439.472,-23.741,0.915702,0.401495,0.017056,-0.398590,0.912841,-0.088589,-0.051137,0.074323,0.995922,0,0.32000,-0.48000,19.200,-0.960,-1,425.000,-1,425.000,625.000,325.000,325.000,325.000,300.000,-1,-1,-1,-1,950.000,750.000,-1,850.000,2,0,2,0,1,0,0,0,0,2,2,2,2,0,1,2,1
94,393.954,-5604.201,438.456,-24.941,0.907086,0.420534,0.018584,-0.417374,0.904254,-0.090132,-0.054708,0.074001,0.995756,0,0.40000,-0.60000,24.000,-1.200,-1,425.000,-1,425.000,600.000,325.000,325.000,325.000,300.000,-1,-1,-1,-1,950.000,725.000,-1,800.000,2,0,2,0,1,0,0,0,0,2,2,2,2,0,1,2,1
95,419.755,-5617.000,437.189,-26.381,0.896224,0.443138,0.020287,-0.439671,0.893427,-0.092075,-0.058927,0.073600,0.995545,0,0.48000,-0.72000,28.800,-1.440,-1,425.000,-1,400.000,550.000,325.000,325.000,325.000,300.000,-1,-1,-1,-1,925.000,700.000,-1,725.000,2,0,2,0,1,0,0,0,0,2,2,2,2,0,1,2,1
96,449.406,-5632.808,435.648,-28.061,0.882838,0.469158,0.022086,-0.465331,0.880083,-0.094452,-0.063751,0.073108,0.995284,0,0.56000,-0.84000,33.600,-1.680,-1,425.000,-1,400.000,525.000,325.000,325.000,325.000,300.000,-1,-1,-1,-1,925.000,650.000,-1,675.000,2,0,2,0,1,0,0,0,0,2,2,2,2,0,1,2,1
97,482.696,-5651.950,433.593,-29.895,0.867345,0.497134,0.023895,-0.492965,0.864702,-0.096316,-0.068544,0.071760,0.995064,0,0.64000,-0.91704,38.400,-1.834,-1,425.000,-1,400.000,475.000,325.000,325.000,325.000,300.000,-1,-1,-1,-1,925.000,625.000,-1,600.000,2,0,2,0,1,0,0,0,0,2,2,2,2,0,1,2,1
98,519.437,-5674.675,430.441,-31.733,0.850839,0.524767,0.026319,-0.520415,0.848567,-0.095406,-0.072400,0.067478,0.995090,0,0.72000,-0.91894,43.200,-1.838,-1,425.000,-1,400.000,425.000,325.000,325.000,325.000,300.000,-1,-1,-1,-1,900.000,575.000,-1,550.000,2,0,2,0,1,0,0,0,0,2,2,2,2,0,1,2,1
99,557.016,-5699.625,427.071,-33.577,0.833380,0.551947,0.028842,-0.547415,0.831485,-0.094705,-0.076254,0.063137,0.995087,0,0.75176,-0.92163,45.106,-1.843,-1,425.000,-1,400.000,400.000,325.000,325.000,325.000,300.000,-1,-1,-1,-1,875.000,550.000,-1,475.000,2,0,2,1,1,0,0,0,0,2,2,2,2,0,1,2,1
100,593.805,-5725.799,423.479,-35.426,0.814936,0.578665,0.032027,-0.573938,0.813482,-0.094031,-0.080466,0.058247,0.995054,0,0.75247,-0.92466,45.148,-1.849,-1,425.000,-1,375.000,350.000,325.000,325.000,325.000,300.000,-1,-1,-1,-1,875.000,525.000,-1,425.000,2,0,2,1,1,0,0,0,0,2,2,2,2,0,1,2,1
101,629.757,-5753.173,419.787,-37.281,0.795543,0.604869,0.035273,-0.599956,0.794539,-0.093599,-0.084641,0.053299,0.994985,0,0.75311,-0.92776,45.187,-1.856,-1,400.000,-1,350.000,325.000,325.000,325.000,325.000,300.000,-1,-1,-1,-1,850.000,475.000,-1,375.000,2,0,2,1,1,0,0,0,0,2,2,2,2,0,1,2,1
102,664.828,-5781.722,416.029,-39.143,0.775222,0.630521,0.038405,-0.625435,0.774660,-0.093450,-0.088673,0.048425,0.994883,0,0.75368,-0.93092,45.221,-1.862,-1,400.000,-1,325.000,275.000,325.000,325.000,300.000,300.000,-1,-1,-1,-1,825.000,450.000,-1,325.000,2,0,2,1,1,0,0,0,0,2,2,2,2,0,1,2,1
103,700.443,-5812.429,412.069,-40.765,0.756801,0.652327,0.041492,-0.647076,0.756661,-0.093582,-0.092442,0.043974,0.994747,0,0.78372,-0.81092,47.023,-1.622,-1,400.000,975.000,300.000,250.000,325.000,300.000,300.000,300.000,-1,-1,-1,-1,800.000,400.000,-1,275.000,2,0,1,1,1,0,1,0,1,2,2,2,2,1,1,2,1
104,735.512,-5844.171,409.057,-42.147,0.740496,0.670593,0.044389,-0.665671,0.740940,-0.088827,-0.092457,0.036228,0.995057,0,0.78836,-0.69092,47.302,-1.382,-1,400.000,875.000,300.000,225.000,325.000,300.000,300.000,300.000,-1,-1,-1,-1,725.000,400.000,-1,250.000,2,0,1,1,1,0,1,0,1,2,2,2,2,1,1,2,1
105,770.127,-5876.780,407.434,-43.289,0.726618,0.685485,0.046225,-0.681688,0.727705,-0.075804,-0.085600,0.023569,0.996051,0,0.79262,-0.57092,47.557,-1.142,-1,425.000,850.000,275.000,225.000,325.000,275.000,300.000,300.000,-1,-1,-1,-1,700.000,375.000,-1,250.000,2,0,1,1,1,1,1,0,1,2,2,2,2,1,1,2,1
106,804.389,-5910.088,405.745,-44.191,0.715436,0.697001,0.048380,-0.694246,0.716978,-0.062972,-0.078579,0.011465,0.996842,0,0.79642,-0.45092,47.785,-0.902,-1,425.000,825.000,275.000,225.000,325.000,275.000,300.000,300.000,-1,-1,-1,-1,675.000,375.000,-1,250.000,2,1,1,1,1,1,1,0,1,2,2,2,2,1,1,2,1
107,838.403,-5943.925,403.987,-44.852,0.707111,0.705283,0.050688,-0.703483,0.708926,-0.050360,-0.071452,-0.000047,0.997444,0,0.79965,-0.33092,47.979,-0.662,-1,425.000,800.000,275.000,225.000,325.000,275.000,275.000,300.000,-1,425.000,-1,-1,650.000,375.000,-1,250.000,2,1,1,1,1,1,1,0,1,2,0,2,2,1,1,2,1
108,872.275,-5978.119,402.156,-45.274,0.701760,0.710441,0.052983,-0.709508,0.703672,-0.038006,-0.064284,-0.010921,0.997872,0,0.80219,-0.21092,48.132,-0.422,-1,400.000,-1,275.000,200.000,300.000,250.000,275.000,275.000,-1,200.000,-1,-1,625.000,375.000,-1,225.000,2,1,2,1,1,1,1,0,1,2,0,2,2,1,1,2,1
109,906.109,-6012.492,400.129,-45.456,0.699452,0.712547,0.055174,-0.712423,0.701292,-0.025343,-0.056751,-0.021582,0.998155,0,0.80388,-0.09092,48.233,-0.182,-1,375.000,-1,275.000,200.000,300.000,250.000,275.000,275.000,-1,150.000,325.000,-1,625.000,375.000,-1,225.000,2,1,2,1,1,1,1,0,1,2,0,0,2,1,1,2,1
110,940.007,-6046.857,397.979,-45.398,0.700224,0.711635,0.057112,-0.712249,0.701818,-0.012338,-0.048862,-0.032039,0.998292,0,0.80452,0.02908,48.271,0.058,-1,375.000,-1,250.000,200.000,300.000,250.000,275.000,275.000,-1,100.000,300.000,-1,625.000,350.000,-1,225.000,2,1,2,1,1,1,1,0,1,2,0,0,2,1,1,2,1
111,974.056,-6081.018,395.936,-45.100,0.704075,0.707699,0.058658,-0.708968,0.705239,0.001180,-0.040533,-0.042417,0.998277,0,0.80389,0.14908,48.233,0.298,-1,375.000,-1,250.000,200.000,275.000,250.000,275.000,275.000,700.000,75.000,275.000,-1,675.000,350.000,-1,225.000,2,1,2,1,1,1,1,0,1,0,0,0,2,1,1,2,1
112,1008.333,-6114.766,393.907,-44.562,0.710949,0.700715,0.059585,-0.702511,0.711521,0.014709,-0.032089,-0.052316,0.998115,0,0.80172,0.26908,48.103,0.538,-1,350.000,-1,250.000,200.000,275.000,250.000,250.000,250.000,575.000,75.000,250.000,-1,800.000,350.000,-1,200.000,2,1,2,1,1,1,1,0,1,0,0,0,2,1,1,2,1
113,1042.893,-6147.879,391.826,-43.783,0.720759,0.690606,0.059747,-0.692792,0.720575,0.028492,-0.023375,-0.061928,0.997807,0,0.79773,0.38908,47.864,0.778,-1,350.000,-1,250.000,200.000,275.000,225.000,250.000,250.000,475.000,50.000,225.000,-1,-1,350.000,-1,200.000,2,1,2,1,1,1,1,0,1,0,0,0,2,2,1,2,1
114,-4919.484,-4919.479,42.518,-20.538,0.935091,0.350535,-0.052241,-0.352096,0.935652,-0.024176,0.040405,0.041001,0.998342,1,0.00000,0.00000,43.064,0.538,-1,375.000,-1,375.000,-1,300.000,300.000,300.000,300.000,-1,450.000,475.000,-1,675.000,650.000,-1,-1,2,0,2,0,2,0,0,0,0,2,0,0,2,0,0,2,2
115,-4914.997,-4921.181,42.697,-20.778,0.933602,0.354451,-0.052457,-0.356014,0.934173,-0.023961,0.040511,0.041045,0.998336,0,0.08000,-0.12000,4.800,-0.240,-1,375.000,-1,375.000,-1,300.000,300.000,300.000,300.000,-1,450.000,475.000,-1,675.000,650.000,-1,-1,2,0,2,0,2,0,0,0,0,2,0,0,2,0,0,2,2
116,-4906.050,-4924.662,43.049,-21.258,0.930575,0.362263,-0.052881,-0.363831,0.931168,-0.023520,0.040721,0.041127,0.998324,0,0.16000,-0.24000,9.600,-0.480,-1,375.000,-1,375.000,-1,300.000,300.000,300.000,300.000,-1,450.000,475.000,-1,675.000,650.000,-1,-1,2,0,2,0,2,0,0,0,0,2,0,0,2,0,0,2,2
117,-4892.696,-4930.051,43.570,-21.978,0.925911,0.373934,-0.053496,-0.375506,0.926538,-0.022836,0.041027,0.041232,0.998307,0,0.24000,-0.36000,14.400,-0.720,-1,375.000,-1,375.000,-1,300.000,300.000,300.000,300.000,-1,450.000,475.000,-1,675.000,650.000,-1,-1,2,0,2,0,2,0,0,0,0,2,0,0,2,0,0,2,2
118,-4875.014,-4937.534,44.250,-22.938,0.919467,0.389403,-0.054276,-0.390980,0.920139,-0.021883,0.041420,0.041341,0.998286,0,0.32000,-0.48000,19.200,-0.960,-1,375.000,-1,375.000,-1,300.000,300.000,300.000,300.000,-1,425.000,475.000,-1,675.000,650.000,-1,-1,2,0,2,0,2,0,0,0,0,2,0,0,2,0,0,2,2
119,-4853.112,-4947.349,45.076,-24.138,0.911050,0.408586,-0.055186,-0.410163,0.911779,-0.020630,0.041889,0.041431,0.998263,0,0.40000,-0.60000,24.000,-1.200,-1,375.000,-1,375.000,-1,300.000,300.000,300.000,300.000,-1,400.000,450.000,-1,650.000,650.000,-1,-1,2,0,2,0,2,0,0,0,0,2,0,0,2,0,0,2,2
120,-4827.134,-4959.783,46.032,-25.578,0.900424,0.431370,-0.056180,-0.432940,0.901222,-0.019043,0.042416,0.041469,0.998239,0,0.48000,-0.72000,28.800,-1.440,-1,375.000,-1,375.000,-1,300.000,300.000,300.000,300.000,-1,375.000,425.000,-1,650.000,675.000,-1,-1,2,0,2,0,2,0,0,0,0,2,0,0,2,0,0,2,2
121,-4797.226,-4975.097,47.115,-27.114,0.888460,0.455374,-0.057213,-0.456927,0.889340,-0.017099,0.043096,0.041334,0.998216,0,0.56000,-0.76800,33.600,-1.536,-1,375.000,-1,375.000,-1,300.000,300.000,275.000,300.000,-1,350.000,400.000,-1,650.000,675.000,-1,-1,2,0,2,0,2,0,0,0,0,2,0,0,2,0,0,2,2
122,-4763.530,-4993.514,48.362,-28.659,0.875778,0.479191,-0.058214,-0.480718,0.876747,-0.014999,0.043851,0.041121,0.998191,0,0.64000,-0.77248,38.400,-1.545,-1,375.000,-1,375.000,-1,300.000,300.000,275.000,300.000,-1,350.000,400.000,-1,650.000,675.000,-1,-1,2,0,2,0,2,0,0,0,0,2,0,0,2,0,0,2,2
123,-4726.198,-5015.253,50.328,-30.215,0.862331,0.502779,-0.059985,-0.504404,0.863339,-0.014929,0.044281,0.043130,0.998088,0,0.72000,-0.77800,43.200,-1.556,-1,375.000,-1,375.000,-1,300.000,300.000,275.000,300.000,-1,350.000,400.000,-1,650.000,675.000,-1,-1,2,0,2,0,2,0,0,0,0,2,0,0,2,0,0,2,2
124,-4685.395,-5040.535,52.513,-31.784,0.848094,0.526179,-0.062236,-0.527925,0.849162,-0.014765,0.045080,0.045378,0.997952,0,0.80000,-0.78457,48.000,-1.569,-1,375.000,-1,375.000,-1,300.000,300.000,300.000,300.000,-1,375.000,400.000,-1,650.000,650.000,-1,-1,2,0,2,0,2,0,0,0,0,2,0,0,2,0,0,2,2
125,-4641.297,-5069.575,55.058,-33.369,0.832986,0.549377,-0.065729,-0.551316,0.834167,-0.014710,0.046747,0.048490,0.997729,0,0.88000,-0.79222,52.800,-1.584,-1,375.000,-1,375.000,1000.000,300.000,300.000,300.000,300.000,-1,375.000,400.000,-1,675.000,675.000,-1,-1,2,0,2,0,1,0,0,0,0,2,0,0,2,0,0,2,2
126,-4594.095,-5102.587,57.768,-34.971,0.817026,0.572388,-0.069565,-0.574540,0.818350,-0.014385,0.048695,0.051721,0.997474,0,0.96000,-0.80097,57.600,-1.602,-1,375.000,-1,375.000,950.000,300.000,300.000,300.000,300.000,-1,400.000,400.000,-1,675.000,675.000,-1,-1,2,0,2,0,1,0,0,0,0,2,0,0,2,0,0,2,2
127,-4545.997,-5138.294,60.497,-36.592,0.800198,0.595216,-0.073486,-0.597587,0.801686,-0.013764,0.050720,0.054929,0.997201,0,0.99838,-0.81084,59.903,-1.622,-1,375.000,-1,375.000,925.000,300.000,300.000,300.000,300.000,-1,400.000,400.000,-1,675.000,675.000,-1,-1,2,0,2,0,1,0,0,0,0,2,0,0,2,0,0,2,2
128,-4498.842,-5175.396,63.330,-38.198,0.782953,0.617362,-0.076472,-0.619889,0.784588,-0.012669,0.052178,0.057323,0.996991,0,1.00000,-0.80281,60.000,-1.606,-1,375.000,-1,375.000,875.000,300.000,300.000,300.000,300.000,-1,425.000,425.000,-1,700.000,675.000,-1,-1,2,0,2,0,1,0,0,0,0,2,0,0,2,0,0,2,2
129,-4452.761,-5213.823,66.522,-39.825,0.764944,0.639366,-0.077921,-0.641905,0.766713,-0.010405,0.053090,0.057977,0.996905,0,1.00000,-0.81352,60.000,-1.627,-1,375.000,-1,375.000,825.000,300.000,300.000,300.000,300.000,-1,450.000,450.000,-1,700.000,675.000,-1,-1,2,0,2,0,1,0,0,0,0,2,0,0,2,0,0,2,2
130,-4407.804,-5253.559,69.643,-41.473,0.746070,0.661139,-0.079215,-0.663671,0.747983,-0.007881,0.054041,0.058452,0.996826,0,1.00000,-0.82421,60.000,-1.648,-1,375.000,-1,375.000,775.000,300.000,300.000,300.000,300.000,-1,475.000,475.000,-1,700.000,675.000,-1,1000.000,2,0,2,0,1,0,0,0,0,2,0,0,2,0,0,2,1
131,-4364.024,-5294.589,72.661,-43.143,0.726327,0.682638,-0.080342,-0.685149,0.728384,-0.005228,0.054951,0.058844,0.996754,0,1.00000,-0.83488,60.000,-1.670,-1,375.000,-1,375.000,750.000,300.000,300.000,300.000,300.000,-1,475.000,500.000,-1,700.000,700.000,-1,925.000,2,0,2,0,1,0,0,0,0,2,0,0,2,0,0,2,1
132,-4321.474,-5336.893,75.577,-44.834,0.705709,0.703823,-0.081292,-0.706300,0.707908,-0.002470,0.055808,0.059159,0.996687,0,1.00000,-0.84555,60.000,-1.691,-1,375.000,-1,375.000,700.000,300.000,300.000,300.000,300.000,-1,450.000,500.000,-1,700.000,700.000,-1,875.000,2,0,2,0,1,0,0,0,0,2,0,0,2,0,1,2,1
133,-4280.207,-5380.449,78.932,-46.547,0.684232,0.724618,-0.082189,-0.727113,0.686517,-0.000621,0.055974,0.060186,0.996617,0,1.00000,-0.85621,60.000,-1.712,-1,375.000,-1,375.000,650.000,300.000,300.000,300.000,300.000,-1,450.000,525.000,-1,700.000,675.000,-1,800.000,2,0,2,0,1,0,0,0,0,2,0,0,2,0,1,2,1
134,-4240.276,-5425.234,82.237,-48.280,0.661878,0.745001,-0.083007,-0.747528,0.664230,0.000958,0.055850,0.061416,0.996548,0,1.00000,-0.86689,60.000,-1.734,-1,375.000,-1,375.000,600.000,300.000,300.000,300.000,300.000,-1,475.000,550.000,-1,700.000,650.000,-1,750.000,2,0,2,0,1,0,0,0,0,2,0,0,2,0,1,2,1
135,-4201.736,-5471.220,85.630,-50.036,0.638660,0.764899,-0.083919,-0.767524,0.641019,0.001524,0.054959,0.063437,0.996471,0,1.00000,-0.87757,60.000,-1.755,-1,375.000,-1,375.000,575.000,300.000,300.000,300.000,300.000,-1,525.000,575.000,-1,700.000,625.000,-1,675.000,2,0,2,0,1,0,0,0,0,2,0,0,2,0,1,2,1
136,-4164.639,-5518.379,89.000,-51.812,0.614510,0.784283,-0.085308,-0.787037,0.616901,0.002146,0.054309,0.065822,0.996352,0,1.00000,-0.88829,60.000,-1.777,-1,375.000,-1,375.000,525.000,300.000,300.000,300.000,300.000,-1,550.000,600.000,-1,700.000,600.000,-1,600.000,2,0,2,0,1,0,0,0,0,2,0,0,2,0,1,2,1
