timestep,x_cm,y_cm,z_cm,yaw_deg,basis_xx,basis_xy,basis_xz,basis_yx,basis_yy,basis_yz,basis_zx,basis_zy,basis_zz,teleport_flag,throttle_cmd,steering_cmd,cmd_move_cm,cmd_turn_deg,lidar_cm_0,lidar_cm_1,lidar_cm_2,lidar_cm_3,lidar_cm_4,lidar_cm_5,lidar_cm_6,lidar_cm_7,lidar_cm_8,lidar_cm_9,lidar_cm_10,lidar_cm_11,lidar_cm_12,lidar_cm_13,lidar_cm_14,lidar_cm_15,lidar_cm_16,lidar_class_0,lidar_class_1,lidar_class_2,lidar_class_3,lidar_class_4,lidar_class_5,lidar_class_6,lidar_class_7,lidar_class_8,lidar_class_9,lidar_class_10,lidar_class_11,lidar_class_12,lidar_class_13,lidar_class_14,lidar_class_15,lidar_class_16
0,-9506.225,-6887.612,96.570,-3.865,0.996694,0.067397,0.045363,-0.067190,0.997722,-0.006092,-0.045671,0.003024,0.998952,1,0.08000,-0.12000,4.800,-0.240,-1,425.000,-1,400.000,650.000,325.000,325.000,300.000,300.000,-1,-1,-1,-1,975.000,575.000,-1,625.000,2,0,2,1,1,0,0,0,0,2,2,2,2,0,1,2,1
1,-9496.652,-6888.325,96.150,-4.259,0.996183,0.074262,0.045868,-0.074064,0.997235,-0.006015,-0.046188,0.002595,0.998929,0,0.16000,-0.19715,9.600,-0.394,-1,425.000,-1,400.000,650.000,325.000,325.000,300.000,300.000,-1,-1,-1,-1,975.000,550.000,-1,600.000,2,0,2,1,1,0,0,0,0,2,2,2,2,0,1,2,1
2,-9482.299,-6889.493,95.517,-4.653,0.995614,0.081124,0.046607,-0.080936,0.996702,-0.005921,-0.046934,0.002122,0.998896,0,0.24000,-0.19719,14.400,-0.394,-1,425.000,-1,400.000,625.000,325.000,325.000,300.000,300.000,-1,-1,-1,-1,975.000,550.000,-1,600.000,2,0,2,1,1,0,0,0,0,2,2,2,2,0,1,2,1
3,-9463.173,-6891.183,94.670,-5.048,0.994984,0.087996,0.047576,-0.087818,0.996120,-0.005817,-0.047903,0.001609,0.998851,0,0.32000,-0.19757,19.200,-0.395,-1,425.000,-1,375.000,600.000,325.000,325.000,300.000,300.000,-1,-1,-1,-1,975.000,525.000,-1,575.000,2,0,2,1,1,0,1,0,0,2,2,2,2,0,1,2,1
4,-9439.282,-6893.460,93.612,-5.445,0.994293,0.094889,0.048769,-0.094723,0.995487,-0.005710,-0.049091,0.001058,0.998794,0,0.40000,-0.19829,24.000,-0.397,-1,425.000,-1,375.000,575.000,325.000,325.000,300.000,300.000,-1,-1,-1,-1,950.000,525.000,-1,550.000,2,0,2,1,1,0,1,0,0,2,2,2,2,0,1,2,1
5,-9410.631,-6896.392,92.343,-5.844,0.993537,0.101815,0.050182,-0.101661,0.994803,-0.005607,-0.050492,0.000469,0.998724,0,0.48000,-0.19938,28.800,-0.399,-1,425.000,-1,375.000,550.000,325.000,325.000,300.000,300.000,-1,-1,-1,-1,950.000,500.000,-1,525.000,2,0,2,1,1,0,1,0,0,2,2,2,2,0,1,2,1
6,-9377.230,-6900.047,90.865,-6.245,0.992714,0.108786,0.051808,-0.108647,0.994065,-0.005513,-0.052100,-0.000156,0.998642,0,0.56000,-0.20084,33.600,-0.402,-1,425.000,-1,350.000,525.000,325.000,300.000,325.000,300.000,-1,-1,-1,-1,950.000,475.000,-1,500.000,2,0,2,1,1,1,1,0,0,2,2,2,2,0,1,2,1
7,-9339.088,-6904.495,89.181,-6.651,0.991821,0.115817,0.053639,-0.115692,0.993270,-0.005432,-0.053907,-0.000818,0.998546,0,0.64000,-0.20270,38.400,-0.405,-1,425.000,-1,325.000,475.000,325.000,300.000,325.000,325.000,-1,-1,-1,-1,950.000,450.000,-1,450.000,2,0,2,1,1,1,1,0,0,2,2,2,2,0,1,2,1
8,-9296.216,-6909.805,87.293,-7.061,0.990854,0.122922,0.055668,-0.122814,0.992415,-0.005368,-0.055905,-0.001518,0.998435,0,0.72000,-0.20500,43.200,-0.410,-1,425.000,-1,325.000,425.000,325.000,275.000,325.000,325.000,-1,-1,-1,-1,925.000,425.000,-1,400.000,2,0,2,1,1,1,1,0,0,2,2,2,2,0,1,2,1
9,-9248.624,-6916.050,85.205,-7.476,0.989808,0.130116,0.057884,-0.130027,0.991496,-0.005322,-0.058084,-0.002259,0.998309,0,0.80000,-0.20779,48.000,-0.416,-1,425.000,-1,300.000,375.000,325.000,275.000,325.000,325.000,-1,-1,-1,-1,925.000,400.000,-1,350.000,2,0,2,1,1,1,1,0,0,2,2,2,2,0,1,2,1
10,-9196.324,-6923.306,82.501,-7.899,0.988706,0.137419,0.059806,-0.137456,0.990502,-0.003509,-0.059720,-0.004751,0.998204,0,0.88000,-0.21114,52.800,-0.422,-1,425.000,-1,275.000,325.000,300.000,250.000,325.000,325.000,-1,-1,-1,-1,925.000,375.000,-1,300.000,2,0,2,1,1,1,1,0,0,2,2,2,2,0,1,2,1
11,-9139.331,-6931.649,79.121,-8.329,0.987545,0.144849,0.061437,-0.145129,0.989413,0.000096,-0.060772,-0.009012,0.998111,0,0.96000,-0.21513,57.600,-0.430,-1,425.000,-1,250.000,275.000,300.000,250.000,325.000,325.000,-1,-1,-1,-1,900.000,325.000,-1,250.000,2,0,2,1,1,1,1,0,0,2,2,2,2,0,1,2,1
12,-9080.033,-6940.790,78.862,-8.769,0.986849,0.152396,0.053901,-0.153526,0.987990,0.017467,-0.050592,-0.025512,0.998393,0,1.00000,-0.21990,60.000,-0.440,-1,450.000,-1,250.000,250.000,300.000,250.000,300.000,350.000,-1,-1,-1,-1,975.000,325.000,-1,250.000,2,0,2,1,1,1,1,0,0,2,2,2,2,0,1,2,1
13,-9020.808,-6950.394,78.898,-9.219,0.986035,0.160065,0.045981,-0.161770,0.986168,0.036093,-0.039568,-0.043027,0.998290,0,1.00000,-0.22532,60.000,-0.451,-1,475.000,-1,250.000,225.000,300.000,250.000,300.000,400.000,-1,200.000,-1,-1,-1,325.000,-1,225.000,2,0,2,1,1,1,1,0,0,2,0,2,2,2,1,2,1
14,-8961.661,-6960.472,79.251,-9.682,0.985091,0.167856,0.037679,-0.169794,0.983883,0.056069,-0.027660,-0.061631,0.997716,0,1.00000,-0.23122,60.000,-0.462,-1,500.000,-1,250.000,200.000,300.000,225.000,275.000,450.000,-1,100.000,-1,-1,-1,300.000,-1,200.000,2,0,2,1,1,1,1,0,0,2,0,2,2,2,1,2,1
15,-8902.599,-6971.037,79.937,-10.157,0.984005,0.175763,0.029006,-0.177522,0.981061,0.077499,-0.014835,-0.081408,0.996570,0,1.00000,-0.23770,60.000,-0.475,-1,550.000,-1,225.000,200.000,325.000,225.000,275.000,500.000,-1,50.000,250.000,-1,-1,300.000,-1,175.000,2,0,2,1,1,1,1,0,0,2,0,0,2,2,1,2,1
16,-8843.628,-6982.101,80.978,-10.647,0.982764,0.183783,0.019980,-0.184863,0.977613,0.100487,-0.001065,-0.102449,0.994738,0,1.00000,-0.24485,60.000,-0.490,-1,575.000,-1,225.000,175.000,300.000,225.000,250.000,575.000,525.000,25.000,225.000,-1,-1,300.000,-1,175.000,2,1,2,1,1,1,1,0,0,0,0,0,2,2,1,2,1
17,-8784.755,-6993.679,82.394,-11.152,0.981356,0.191906,0.010630,-0.191714,0.973440,0.125145,0.013669,-0.124849,0.992082,0,1.00000,-0.25278,60.000,-0.506,-1,575.000,-1,225.000,150.000,325.000,225.000,250.000,675.000,400.000,0.000,200.000,-1,-1,300.000,-1,150.000,2,1,2,1,1,1,1,0,0,0,0,0,2,2,1,2,1
18,-983.897,6887.290,-55.409,4.232,0.996768,-0.073767,-0.031801,0.074506,0.996962,0.022693,0.030030,-0.024989,0.999237,1,0.00000,0.00000,60.000,-0.523,-1,400.000,-1,400.000,-1,325.000,325.000,300.000,300.000,-1,-1,-1,-1,800.000,800.000,-1,-1,2,0,2,0,2,0,0,0,0,2,2,2,2,0,0,2,2
19,-979.112,6887.665,-55.261,4.472,0.996458,-0.077943,-0.031556,0.078676,0.996642,0.022702,0.029681,-0.025104,0.999244,0,0.08000,0.12000,4.800,0.240,-1,400.000,-1,400.000,-1,325.000,325.000,300.000,300.000,-1,-1,-1,-1,775.000,800.000,-1,-1,2,0,2,0,2,0,0,0,0,2,2,2,2,0,0,2,2
20,-969.548,6888.493,-54.967,4.952,0.995786,-0.086289,-0.031068,0.087012,0.995948,0.022728,0.028981,-0.025336,0.999259,0,0.16000,0.24000,9.600,0.480,-1,400.000,-1,400.000,-1,325.000,325.000,300.000,300.000,-1,-1,-1,-1,775.000,800.000,-1,-1,2,0,2,0,2,0,0,0,0,2,2,2,2,0,0,2,2
21,-955.219,6889.917,-54.530,5.672,0.994645,-0.098796,-0.030339,0.099504,0.994776,0.022787,0.027929,-0.025684,0.999280,0,0.24000,0.36000,14.400,0.720,-1,400.000,-1,400.000,-1,325.000,325.000,300.000,300.000,-1,-1,-1,-1,775.000,800.000,-1,-1,2,0,2,0,2,0,0,0,0,2,2,2,2,0,0,2,2
22,-936.147,6892.134,-53.953,6.632,0.992879,-0.115448,-0.029374,0.116136,0.992969,0.022901,0.026524,-0.026150,0.999306,0,0.32000,0.48000,19.200,0.960,-1,400.000,-1,400.000,-1,325.000,325.000,300.000,300.000,-1,-1,-1,-1,775.000,775.000,-1,-1,2,0,2,0,2,0,0,0,0,2,2,2,2,0,0,2,2
23,-912.371,6895.405,-53.242,7.832,0.990278,-0.136215,-0.028180,0.136878,0.990319,0.023100,0.024761,-0.026732,0.999336,0,0.40000,0.60000,24.000,1.200,-1,400.000,-1,400.000,-1,325.000,325.000,300.000,300.000,-1,-1,-1,-1,775.000,775.000,-1,-1,2,0,2,0,2,0,0,0,0,2,2,2,2,0,0,2,2
24,-883.948,6900.045,-52.403,9.272,0.986582,-0.161056,-0.026769,0.161689,0.986564,0.023418,0.022638,-0.027432,0.999367,0,0.48000,0.72000,28.800,1.440,-1,400.000,-1,400.000,-1,325.000,325.000,300.000,300.000,-1,-1,-1,-1,750.000,750.000,-1,-1,2,0,2,0,2,0,0,0,0,2,2,2,2,0,0,2,2
25,-850.960,6906.429,-51.444,10.952,0.981480,-0.189906,-0.025160,0.190502,0.981396,0.023896,0.020154,-0.028246,0.999398,0,0.56000,0.84000,33.600,1.680,-1,400.000,-1,400.000,-1,325.000,325.000,300.000,300.000,-1,-1,-1,-1,750.000,750.000,-1,-1,2,0,2,0,2,0,0,0,0,2,2,2,2,0,0,2,2
26,-813.518,6914.953,-50.376,12.824,0.974796,-0.221871,-0.023375,0.222424,0.974640,0.024572,0.017331,-0.029152,0.999425,0,0.64000,0.93637,38.400,1.873,-1,400.000,-1,400.000,-1,325.000,325.000,300.000,300.000,-1,-1,-1,-1,750.000,750.000,-1,-1,2,0,2,0,2,0,0,0,0,2,2,2,2,0,0,2,2
27,-771.687,6925.738,-49.214,14.457,0.968126,-0.249545,-0.021420,0.250049,0.967900,0.025414,0.014391,-0.029960,0.999447,0,0.72000,0.81637,43.200,1.633,-1,375.000,-1,375.000,-1,325.000,325.000,300.000,325.000,-1,-1,-1,-1,725.000,725.000,-1,-1,2,0,2,0,2,0,0,0,0,2,2,2,2,0,0,2,2
28,-725.539,6938.945,-48.126,15.970,0.961240,-0.275016,-0.019609,0.275463,0.960968,0.025718,0.011770,-0.030122,0.999477,0,0.80000,0.75660,48.000,1.513,-1,375.000,-1,375.000,-1,325.000,325.000,300.000,325.000,-1,-1,-1,-1,725.000,700.000,-1,-1,2,0,2,0,2,0,0,0,0,2,2,2,2,0,0,2,2
29,-675.179,6954.808,-47.138,17.484,0.953655,-0.300301,-0.018991,0.300715,0.953384,0.025069,0.010578,-0.029618,0.999505,0,0.88000,0.75660,52.800,1.513,-1,375.000,-1,375.000,-1,325.000,300.000,300.000,325.000,-1,-1,-1,-1,725.000,700.000,-1,-1,2,0,2,0,2,0,0,0,0,2,2,2,2,0,0,2,2
30,-620.970,6973.470,-45.999,18.997,0.945400,-0.325375,-0.018699,0.325769,0.945128,0.024663,0.009648,-0.029408,0.999521,0,0.95553,0.75660,57.332,1.513,-1,375.000,-1,375.000,-1,325.000,300.000,300.000,325.000,-1,-1,-1,-1,725.000,700.000,-1,-1,2,0,2,0,2,0,0,0,0,2,2,2,2,0,0,2,2
31,-567.273,6993.558,-45.068,20.510,0.936472,-0.350214,-0.019215,0.350617,0.936192,0.024751,0.009321,-0.029916,0.999509,0,0.95553,0.75660,57.332,1.513,-1,375.000,-1,375.000,-1,325.000,300.000,300.000,325.000,-1,-1,-1,-1,725.000,700.000,-1,-1,2,0,2,0,2,0,0,0,0,2,2,2,2,0,0,2,2
32,-514.125,7015.057,-44.398,22.023,0.926876,-0.374803,-0.020554,0.375242,0.926590,0.024995,0.009678,-0.030880,0.999476,0,0.95553,0.75660,57.332,1.513,-1,375.000,-1,375.000,-1,325.000,300.000,300.000,325.000,-1,-1,-1,-1,725.000,700.000,-1,-1,2,0,2,0,2,0,0,0,0,2,2,2,2,0,0,2,2
33,-461.563,7037.951,-43.705,23.536,0.916630,-0.399136,-0.021900,0.399605,0.916356,0.024647,0.010231,-0.031344,0.999456,0,0.95553,0.75660,57.332,1.513,-1,375.000,-1,375.000,-1,325.000,325.000,300.000,325.000,-1,-1,-1,-1,750.000,700.000,-1,-1,2,0,2,0,2,0,0,0,0,2,2,2,2,0,0,2,2
34,-409.624,7062.225,-43.060,25.050,0.905745,-0.423189,-0.023192,0.423688,0.905484,0.024245,0.010740,-0.031786,0.999437,0,0.95553,0.75660,57.332,1.513,-1,375.000,-1,375.000,-1,325.000,325.000,300.000,325.000,-1,-1,-1,-1,750.000,700.000,-1,-1,2,0,2,0,2,0,0,0,0,2,2,2,2,0,0,2,2
35,-358.344,7087.863,-42.463,26.563,0.894227,-0.446947,-0.024425,0.447474,0.893981,0.023791,0.011202,-0.032204,0.999419,0,0.95553,0.75660,57.332,1.513,-1,400.000,-1,375.000,-1,325.000,325.000,300.000,300.000,-1,-1,-1,-1,775.000,700.000,-1,-1,2,0,2,0,2,0,0,0,0,2,2,2,2,0,0,2,2
36,-307.759,7114.846,-41.914,28.076,0.882086,-0.470393,-0.025595,0.470945,0.881855,0.023285,0.011618,-0.032593,0.999401,0,0.95553,0.75660,57.332,1.513,-1,400.000,-1,375.000,-1,325.000,325.000,300.000,300.000,-1,-1,-1,-1,775.000,700.000,-1,-1,2,0,2,0,2,0,0,0,0,2,2,2,2,0,0,2,2
37,-257.905,7143.155,-41.414,29.589,0.869330,-0.493510,-0.026696,0.494086,0.869116,0.022731,0.011984,-0.032950,0.999385,0,0.95553,0.75660,57.332,1.513,-1,400.000,-1,375.000,-1,325.000,325.000,300.000,300.000,-1,-1,-1,-1,800.000,700.000,-1,-1,2,0,2,0,2,0,0,0,0,2,2,2,2,0,0,2,2
38,-208.815,7172.771,-41.028,31.102,0.855973,-0.516279,-0.027679,0.516879,0.855763,0.022478,0.012082,-0.033547,0.999364,0,0.95553,0.75660,57.332,1.513,-1,400.000,-1,375.000,-1,325.000,325.000,300.000,300.000,-1,-1,-1,-1,800.000,700.000,-1,-1,2,0,2,0,2,0,0,0,0,2,2,2,2,0,0,2,2
39,-160.525,7203.673,-40.558,32.616,0.842031,-0.538675,-0.028515,0.539304,0.841796,0.023027,0.011599,-0.034768,0.999328,0,0.95553,0.75660,57.332,1.513,-1,400.000,-1,375.000,-1,325.000,325.000,300.000,300.000,-1,-1,-1,-1,825.000,700.000,-1,-1,2,0,2,0,2,0,0,0,0,2,2,2,2,0,0,2,2
40,-113.067,7235.840,-39.999,34.129,0.827514,-0.560681,-0.029272,0.561345,0.827225,0.024305,0.010588,-0.036544,0.999276,0,0.95553,0.75660,57.332,1.513,-1,400.000,-1,375.000,-1,325.000,325.000,300.000,300.000,-1,-1,-1,-1,825.000,700.000,-1,-1,2,0,2,0,2,0,0,0,0,2,2,2,2,0,0,2,2
41,-66.476,7269.248,-39.446,35.642,0.812420,-0.582287,-0.030267,0.582994,0.812070,0.025701,0.009614,-0.038526,0.999211,0,0.95553,0.75660,57.332,1.513,-1,400.000,-1,375.000,-1,325.000,325.000,300.000,300.000,-1,-1,-1,-1,825.000,725.000,-1,-1,2,0,2,0,2,0,0,0,0,2,2,2,2,0,0,2,2
42,-20.784,7303.876,-38.904,37.155,0.796744,-0.603476,-0.031857,0.604248,0.796342,0.026923,0.009121,-0.040700,0.999130,0,0.95553,0.75660,57.332,1.513,-1,400.000,-1,375.000,-1,325.000,325.000,300.000,300.000,-1,-1,-1,-1,850.000,750.000,-1,-1,2,0,2,0,2,0,0,0,0,2,2,2,2,0,0,2,2
43,23.978,7339.698,-38.455,38.668,0.780518,-0.624241,-0.033378,0.625075,0.780061,0.028045,0.008530,-0.042754,0.999049,0,0.95553,0.75660,57.332,1.513,-1,400.000,-1,375.000,-1,325.000,325.000,300.000,300.000,-1,-1,-1,-1,875.000,775.000,-1,-1,2,0,2,0,2,0,0,0,0,2,2,2,2,0,0,2,2
44,67.779,7376.690,-38.089,40.182,0.763754,-0.644567,-0.034826,0.645460,0.763239,0.029118,0.007812,-0.044718,0.998969,0,0.95553,0.75660,57.332,1.513,-1,400.000,-1,400.000,-1,325.000,325.000,300.000,300.000,-1,-1,-1,-1,900.000,800.000,-1,-1,2,0,2,0,2,0,0,0,0,2,2,2,2,0,0,2,2
45,110.587,7414.825,-37.743,41.695,0.746472,-0.664449,-0.035880,0.665382,0.745896,0.030095,0.006766,-0.046339,0.998903,0,0.95553,0.75660,57.332,1.513,-1,400.000,-1,400.000,-1,325.000,325.000,300.000,300.000,-1,-1,-1,-1,925.000,825.000,-1,-1,2,0,2,0,2,0,0,0,0,2,2,2,2,0,0,2,2
46,149.026,7450.631,-37.432,42.968,0.731541,-0.680821,-0.036468,0.681774,0.730908,0.030941,0.005590,-0.047497,0.998856,0,0.87553,0.63660,52.532,1.273,-1,425.000,-1,400.000,-1,325.000,325.000,300.000,300.000,-1,-1,-1,-1,950.000,850.000,-1,-1,2,0,2,0,2,0,0,0,0,2,2,2,2,0,0,2,2
47,183.360,7483.789,-37.206,44.001,0.719164,-0.693856,-0.036973,0.694826,0.718478,0.031733,0.004546,-0.048512,0.998812,0,0.79553,0.51660,47.732,1.033,-1,425.000,-1,400.000,-1,325.000,325.000,300.000,300.000,-1,-1,-1,-1,975.000,875.000,-1,-1,2,0,2,0,2,0,0,0,0,2,2,2,2,0,0,2,2
48,213.825,7514.037,-37.213,44.794,0.709527,-0.703727,-0.036601,0.704671,0.708795,0.032385,0.003153,-0.048770,0.998805,0,0.71553,0.39660,42.932,0.793,-1,425.000,-1,400.000,-1,325.000,325.000,300.000,300.000,-1,-1,-1,-1,975.000,900.000,-1,-1,2,0,2,0,2,0,0,0,0,2,2,2,2,0,0,2,2
49,240.624,7541.163,-37.312,45.348,0.702740,-0.710538,-0.035940,0.711445,0.701968,0.032980,0.001795,-0.048746,0.998810,0,0.63553,0.27660,38.132,0.553,-1,425.000,-1,400.000,-1,325.000,325.000,300.000,300.000,-1,-1,-1,-1,1000.000,925.000,-1,-1,2,0,2,0,2,0,0,0,0,2,2,2,2,0,0,2,2
50,263.920,7565.003,-37.418,45.661,0.698880,-0.714366,-0.035320,0.715239,0.698075,0.033546,0.000692,-0.048707,0.998813,0,0.55553,0.15660,33.332,0.313,-1,425.000,-1,400.000,-1,325.000,325.000,300.000,300.000,-1,-1,-1,-1,1000.000,925.000,-1,-1,2,0,2,0,2,0,0,0,0,2,2,2,2,0,0,2,2
51,283.834,7585.435,-37.520,45.734,0.697994,-0.715258,-0.034786,0.716104,0.697162,0.034071,-0.000118,-0.048692,0.998814,0,0.47553,0.03660,28.532,0.073,-1,425.000,-1,400.000,-1,350.000,325.000,300.000,300.000,-1,-1,-1,-1,1000.000,925.000,-1,-1,2,0,2,0,2,0,0,0,0,2,2,2,2,0,0,2,2
52,300.448,7602.381,-37.638,45.567,0.700089,-0.713220,-0.034534,0.714055,0.699235,0.034575,-0.000512,-0.048864,0.998805,0,0.39553,-0.08340,23.732,-0.167,-1,425.000,-1,400.000,-1,350.000,325.000,300.000,300.000,-1,-1,-1,-1,-1,925.000,-1,-1,2,0,2,0,2,0,0,0,0,2,2,2,2,2,0,2,2
53,313.772,7615.829,-37.735,45.265,0.703852,-0.709515,-0.034360,0.710346,0.702981,0.035029,-0.000699,-0.049063,0.998795,0,0.31553,-0.15110,18.932,-0.302,-1,425.000,-1,400.000,-1,350.000,325.000,300.000,300.000,-1,-1,-1,-1,-1,950.000,-1,-1,2,0,2,0,2,0,0,0,0,2,2,2,2,2,0,2,2
54,323.771,7625.816,-37.807,44.963,0.707592,-0.705791,-0.034241,0.706621,0.706707,0.035391,-0.000781,-0.049238,0.998787,0,0.23553,-0.15110,14.132,-0.302,-1,425.000,-1,400.000,-1,350.000,325.000,300.000,300.000,-1,-1,-1,-1,-1,950.000,-1,-1,2,0,2,0,2,0,0,0,0,2,2,2,2,2,0,2,2
55,330.409,7632.375,-37.851,44.661,0.711308,-0.702049,-0.034181,0.702880,0.710414,0.035652,-0.000747,-0.049385,0.998780,0,0.15553,-0.15110,9.332,-0.302,-1,425.000,-1,400.000,-1,350.000,325.000,300.000,300.000,-1,-1,-1,-1,-1,950.000,-1,-1,2,0,2,0,2,0,0,0,0,2,2,2,2,2,0,2,2
56,333.649,7635.543,-37.868,44.358,0.715000,-0.698288,-0.034183,0.699124,0.714103,0.035804,-0.000592,-0.049498,0.998774,0,0.07553,-0.15110,4.532,-0.302,-1,425.000,-1,400.000,-1,350.000,325.000,300.000,300.000,-1,-1,-1,-1,-1,950.000,-1,-1,2,0,2,0,2,0,0,0,0,2,2,2,2,2,0,2,2
57,333.456,7635.357,-37.857,44.056,0.718668,-0.694510,-0.034246,0.695353,0.717774,0.035844,-0.000313,-0.049573,0.998770,0,-0.00447,-0.15110,-0.268,-0.302,-1,425.000,-1,400.000,-1,350.000,325.000,300.000,300.000,-1,-1,-1,-1,-1,950.000,-1,-1,2,0,2,0,2,0,0,0,0,2,2,2,2,2,0,2,2
58,329.795,7631.852,-37.821,43.754,0.722312,-0.690713,-0.034371,0.691568,0.721425,0.035772,0.000088,-0.049609,0.998769,0,-0.08447,-0.15110,-5.068,-0.302,-1,425.000,-1,400.000,-1,350.000,325.000,300.000,300.000,-1,-1,-1,-1,-1,950.000,-1,-1,2,0,2,0,2,0,0,0,0,2,2,2,2,2,0,2,2
59,322.631,7625.065,-37.764,43.452,0.725931,-0.686899,-0.034553,0.687767,0.725059,0.035592,0.000605,-0.049602,0.998769,0,-0.16447,-0.15110,-9.868,-0.302,-1,425.000,-1,400.000,-1,350.000,325.000,300.000,300.000,-1,-1,-1,-1,-1,925.000,-1,-1,2,0,2,0,2,0,0,0,0,2,2,2,2,2,0,2,2
60,318.948,7621.583,-37.739,43.390,0.726671,-0.686112,-0.034627,0.686985,0.725805,0.035487,0.000785,-0.049576,0.998770,0,-0.08447,-0.03110,-5.068,-0.062,-1,425.000,-1,400.000,-1,350.000,325.000,300.000,300.000,-1,-1,-1,-1,-1,925.000,-1,-1,2,0,2,0,2,0,0,0,0,2,2,2,2,2,0,2,2
61,318.754,7621.398,-37.744,43.567,0.724541,-0.688363,-0.034596,0.689231,0.723674,0.035453,0.000632,-0.049531,0.998772,0,-0.00447,0.08890,-0.268,0.178,-1,425.000,-1,400.000,-1,350.000,325.000,300.000,300.000,-1,-1,-1,-1,-1,925.000,-1,-1,2,0,2,0,2,0,0,0,0,2,2,2,2,2,0,2,2
62,322.014,7624.545,-37.780,43.985,0.719513,-0.693624,-0.034456,0.694479,0.718637,0.035491,0.000144,-0.049465,0.998776,0,0.07553,0.20890,4.532,0.418,-1,425.000,-1,400.000,-1,350.000,325.000,300.000,300.000,-1,-1,-1,-1,-1,925.000,-1,-1,2,0,2,0,2,0,0,0,0,2,2,2,2,2,0,2,2
63,328.680,7631.075,-37.845,44.407,0.714409,-0.698889,-0.034253,0.699728,0.713520,0.035641,-0.000469,-0.049430,0.998777,0,0.15553,0.21061,9.332,0.421,-1,425.000,-1,400.000,-1,350.000,325.000,300.000,300.000,-1,-1,-1,-1,-1,950.000,-1,-1,2,0,2,0,2,0,0,0,0,2,2,2,2,2,0,2,2
64,338.703,7641.037,-37.946,44.828,0.709271,-0.704116,-0.033979,0.704935,0.708363,0.035911,-0.001216,-0.049424,0.998777,0,0.23553,0.21061,14.132,0.421,-1,425.000,-1,400.000,-1,350.000,325.000,300.000,300.000,-1,-1,-1,-1,-1,950.000,-1,-1,2,0,2,0,2,0,0,0,0,2,2,2,2,2,0,2,2
65,352.031,7654.482,-38.092,45.249,0.704100,-0.709304,-0.033630,0.710098,0.703166,0.036310,-0.002108,-0.049447,0.998775,0,0.31553,0.21061,18.932,0.421,-1,425.000,-1,400.000,-1,350.000,325.000,300.000,300.000,-1,-1,-1,-1,-1,950.000,-1,-1,2,0,2,0,2,0,0,0,0,2,2,2,2,2,0,2,2
66,368.614,7671.458,-38.293,45.670,0.698896,-0.714453,-0.033196,0.715217,0.697931,0.036852,-0.003161,-0.049498,0.998769,0,0.39553,0.21061,23.732,0.421,-1,425.000,-1,425.000,-1,350.000,325.000,300.000,300.000,-1,-1,-1,-1,-1,975.000,-1,-1,2,0,2,0,2,0,0,0,0,2,2,2,2,2,0,2,2
67,388.401,7692.013,-38.503,46.091,0.693666,-0.719554,-0.032703,0.720282,0.692649,0.037823,-0.004564,-0.049792,0.998749,0,0.47553,0.21061,28.532,0.421,-1,425.000,-1,425.000,-1,350.000,325.000,300.000,300.000,-1,-1,-1,-1,-1,975.000,-1,-1,2,0,2,0,2,0,0,0,0,2,2,2,2,2,0,2,2
68,411.339,7716.197,-38.755,46.513,0.688410,-0.724610,-0.032134,0.725295,0.687324,0.039155,-0.006286,-0.050261,0.998716,0,0.55553,0.21061,33.332,0.421,-1,425.000,-1,425.000,-1,350.000,325.000,300.000,300.000,-1,-1,-1,-1,-1,1000.000,-1,-1,2,0,2,0,2,0,0,0,0,2,2,2,2,2,0,2,2
69,437.376,7744.055,-39.098,46.934,0.683125,-0.729624,-0.031458,0.730255,0.681960,0.040723,-0.008259,-0.050791,0.998675,0,0.63553,0.21061,38.132,0.421,-1,425.000,-1,425.000,-1,350.000,325.000,300.000,275.000,-1,-1,-1,-1,-1,1000.000,-1,-1,2,0,2,0,2,0,0,0,0,2,2,2,2,2,0,2,2
70,466.460,7775.634,-39.550,47.355,0.677812,-0.734595,-0.030664,0.735160,0.676557,0.042545,-0.010507,-0.051380,0.998624,0,0.71553,0.21061,42.932,0.421,-1,425.000,-1,425.000,-1,350.000,350.000,300.000,275.000,-1,-1,-1,-1,-1,-1,-1,-1,2,0,2,0,2,0,0,0,0,2,2,2,2,2,2,2,2
71,498.536,7810.981,-40.290,47.776,0.672494,-0.739500,-0.029865,0.739978,0.671093,0.045455,-0.013572,-0.052667,0.998520,0,0.79553,0.21061,47.732,0.421,-1,425.000,-1,425.000,-1,350.000,350.000,300.000,275.000,-1,-1,-1,-1,1000.000,-1,-1,-1,2,0,2,0,2,0,0,0,0,2,2,2,2,0,2,2,2
72,533.032,7849.562,-41.199,48.198,0.667154,-0.744356,-0.028966,0.744725,0.665588,0.048761,-0.017016,-0.054103,0.998390,0,0.86256,0.21061,51.753,0.421,-1,425.000,-1,425.000,-1,350.000,350.000,300.000,275.000,-1,-1,-1,-1,975.000,-1,-1,-1,2,0,2,0,2,0,0,0,0,2,2,2,2,0,2,2,2
73,567.243,7888.395,-42.209,48.619,0.661784,-0.749170,-0.028026,0.749411,0.660045,0.052184,-0.020596,-0.055537,0.998244,0,0.86256,0.21061,51.753,0.421,-1,425.000,-1,425.000,-1,350.000,350.000,300.000,275.000,-1,-1,-1,-1,950.000,-1,-1,-1,2,0,2,0,2,0,0,0,0,2,2,2,2,0,2,2,2
74,601.168,7927.479,-43.404,49.040,0.656385,-0.753955,-0.026652,0.754026,0.654478,0.055706,-0.024557,-0.056661,0.998091,0,0.86256,0.21061,51.753,0.421,-1,425.000,-1,425.000,-1,350.000,350.000,275.000,300.000,-1,-1,-1,-1,925.000,-1,-1,-1,2,0,2,0,2,0,0,0,0,2,2,2,2,0,2,2,2
75,634.805,7966.810,-44.930,49.461,0.650933,-0.758734,-0.024685,0.758600,0.648908,0.058698,-0.028518,-0.056934,0.997971,0,0.86256,0.21061,51.753,0.421,-1,425.000,-1,425.000,-1,350.000,350.000,275.000,300.000,-1,-1,-1,-1,925.000,-1,-1,-1,2,0,2,0,2,0,0,0,0,2,2,2,2,0,2,2,2
76,668.153,8006.388,-46.688,49.883,0.645421,-0.763493,-0.022583,0.763149,0.643320,0.061187,-0.032188,-0.056726,0.997871,0,0.86256,0.21061,51.753,0.421,-1,425.000,-1,425.000,-1,350.000,350.000,275.000,300.000,-1,-1,-1,-1,900.000,-1,-1,-1,2,0,2,0,2,0,0,0,0,2,2,2,2,0,2,2,2
77,701.208,8046.209,-48.564,50.304,0.639866,-0.768214,-0.020443,0.767647,0.637699,0.063695,-0.035895,-0.056449,0.997760,0,0.86256,0.21061,51.753,0.421,-1,425.000,-1,425.000,-1,350.000,350.000,275.000,300.000,-1,-1,-1,-1,875.000,-1,-1,-1,2,0,2,0,2,0,0,0,0,2,2,2,2,0,2,2,2
78,733.970,8086.273,-50.558,50.725,0.634269,-0.772897,-0.018265,0.772096,0.632047,0.066222,-0.039638,-0.056105,0.997638,0,0.86256,0.21061,51.753,0.421,-1,425.000,-1,425.000,-1,350.000,350.000,275.000,300.000,-1,-1,-1,-1,850.000,-1,-1,-1,2,0,2,0,2,0,0,0,0,2,2,2,2,0,2,2,2
79,766.437,8126.576,-52.823,51.146,0.628618,-0.777561,-0.015436,0.776480,0.626379,0.068766,-0.043801,-0.055213,0.997513,0,0.86256,0.21061,51.753,0.421,-1,425.000,-1,425.000,-1,350.000,350.000,275.000,300.000,-1,-1,-1,-1,825.000,-1,-1,-1,2,0,2,0,2,0,0,0,0,2,2,2,2,0,2,2,2
80,798.607,8167.116,-55.302,51.567,0.622911,-0.782196,-0.012280,0.780807,0.620685,0.071340,-0.048180,-0.054026,0.997376,0,0.86256,0.21061,51.753,0.421,-1,425.000,-1,425.000,-1,350.000,350.000,300.000,300.000,-1,-1,-1,-1,825.000,-1,-1,-1,2,0,2,0,2,0,0,0,0,2,2,2,2,0,2,2,2
81,830.479,8207.892,-57.902,51.989,0.617156,-0.786787,-0.009217,0.785087,0.614956,0.073945,-0.052511,-0.052872,0.997220,0,0.86256,0.21061,51.753,0.421,-1,425.000,-1,425.000,-1,350.000,350.000,300.000,300.000,-1,-1,-1,-1,800.000,975.000,-1,-1,2,0,2,0,2,0,0,0,0,2,2,2,2,0,0,2,2
82,862.049,8248.902,-60.623,52.410,0.611353,-0.791333,-0.006249,0.789317,0.609191,0.076579,-0.056793,-0.051750,0.997044,0,0.86256,0.21061,51.753,0.421,-1,400.000,-1,425.000,-1,350.000,350.000,300.000,300.000,-1,-1,-1,-1,775.000,950.000,-1,-1,2,0,2,0,2,0,0,0,0,2,2,2,2,0,0,2,2
83,893.317,8290.142,-63.465,52.831,0.605504,-0.795835,-0.003376,0.793499,0.603391,0.079240,-0.061025,-0.050660,0.996850,0,0.86256,0.21061,51.753,0.421,-1,400.000,-1,425.000,-1,325.000,350.000,300.000,300.000,-1,-1,-1,-1,750.000,925.000,-1,-1,2,0,2,0,2,0,0,0,0,2,2,2,2,0,0,2,2
84,924.281,8331.611,-66.602,53.252,0.599647,-0.800263,-0.001509,0.797650,0.597534,0.081896,-0.064637,-0.050312,0.996640,0,0.86256,0.21061,51.753,0.421,-1,400.000,-1,425.000,-1,325.000,325.000,300.000,300.000,-1,-1,-1,-1,725.000,900.000,-1,-1,2,0,2,0,2,0,0,0,0,2,2,2,2,0,0,2,2
85,954.939,8373.307,-69.868,53.674,0.593755,-0.804646,0.000214,0.801753,0.591643,0.084558,-0.068166,-0.050036,0.996419,0,0.86256,0.21061,51.753,0.421,-1,400.000,-1,425.000,-1,325.000,325.000,300.000,300.000,-1,-1,-1,-1,725.000,875.000,-1,-1,2,0,2,0,2,0,0,0,0,2,2,2,2,0,0,2,2
86,985.290,8415.227,-73.325,54.095,0.587816,-0.808993,0.001897,0.805835,0.585725,0.086925,-0.071433,-0.049567,0.996213,0,0.86256,0.21061,51.753,0.421,-1,375.000,-1,425.000,-1,325.000,325.000,300.000,300.000,-1,-1,-1,-1,700.000,850.000,-1,-1,2,0,2,0,2,0,0,0,0,2,2,2,2,0,0,2,2
87,1015.333,8457.369,-76.786,54.516,0.581766,-0.813347,0.003933,0.810022,0.579811,0.087657,-0.073576,-0.047811,0.996143,0,0.86256,0.21061,51.753,0.421,-1,375.000,-1,400.000,-1,325.000,325.000,300.000,300.000,-1,-1,-1,-1,675.000,850.000,-1,-1,2,0,2,0,2,0,0,0,0,2,2,2,2,0,0,2,2
88,1045.065,8499.729,-80.161,54.937,0.575636,-0.817683,0.006161,0.814257,0.573883,0.087432,-0.075027,-0.045313,0.996151,0,0.86256,0.21061,51.753,0.421,1000.000,375.000,-1,400.000,-1,325.000,325.000,300.000,300.000,-1,-1,-1,-1,675.000,825.000,-1,-1,0,0,2,0,2,0,0,0,0,2,2,2,2,0,0,2,2
89,1074.485,8542.307,-83.629,55.358,0.569469,-0.821971,0.008334,0.818458,0.567919,0.087142,-0.076361,-0.042804,0.996161,0,0.86256,0.21061,51.753,0.421,975.000,375.000,-1,400.000,-1,325.000,325.000,300.000,300.000,-1,-1,-1,-1,675.000,825.000,-1,-1,0,0,2,0,2,0,0,0,0,2,2,2,2,0,0,2,2
90,1103.591,8585.100,-87.188,55.780,0.563265,-0.826210,0.010453,0.822626,0.561920,0.086786,-0.077578,-0.040285,0.996172,0,0.86256,0.21061,51.753,0.421,950.000,375.000,-1,400.000,-1,300.000,325.000,300.000,300.000,-1,-1,-1,-1,675.000,825.000,-1,-1,0,0,2,0,2,0,0,0,0,2,2,2,2,0,0,2,2
91,1129.875,8624.008,-90.609,55.961,0.560496,-0.828063,0.012483,0.824468,0.559357,0.085858,-0.078078,-0.037832,0.996229,0,0.78256,0.09061,46.953,0.181,925.000,375.000,-1,400.000,-1,300.000,325.000,300.000,300.000,-1,-1,-1,-1,650.000,800.000,-1,-1,0,0,2,0,2,0,0,0,0,2,2,2,2,0,0,2,2
92,1153.479,8658.933,-93.806,55.950,0.560515,-0.828020,0.014344,0.824452,0.559566,0.084639,-0.078109,-0.035616,0.996308,0,0.70256,-0.00565,42.153,-0.011,925.000,375.000,-1,400.000,-1,300.000,325.000,300.000,300.000,-1,-1,-1,-1,650.000,800.000,-1,-1,0,0,2,0,2,0,0,0,0,2,2,2,2,0,0,2,2
93,1174.401,8689.877,-96.675,55.938,0.560553,-0.827965,0.015943,0.824428,0.559767,0.083544,-0.078095,-0.033687,0.996377,0,0.62256,-0.00565,37.353,-0.011,925.000,375.000,-1,400.000,-1,300.000,325.000,300.000,300.000,-1,-1,-1,-1,650.000,800.000,-1,-1,0,0,2,0,2,0,0,0,0,2,2,2,2,0,0,2,2
94,1192.640,8716.841,-99.203,55.927,0.560610,-0.827900,0.017298,0.824394,0.559961,0.082577,-0.078052,-0.032033,0.996435,0,0.54256,-0.00565,32.553,-0.011,925.000,375.000,-1,400.000,-1,300.000,325.000,300.000,300.000,-1,-1,-1,-1,650.000,800.000,-1,-1,0,0,2,0,2,0,0,0,0,2,2,2,2,0,0,2,2
95,1208.194,8739.827,-101.185,55.916,0.560741,-0.827807,0.017505,0.824365,0.560136,0.081672,-0.077414,-0.031366,0.996506,0,0.46256,-0.00565,27.753,-0.011,900.000,375.000,-1,400.000,-1,300.000,325.000,300.000,300.000,-1,-1,-1,-1,650.000,800.000,-1,-1,0,0,2,0,2,0,0,0,0,2,2,2,2,0,0,2,2
96,1221.061,8758.834,-102.776,55.904,0.560896,-0.827704,0.017363,0.824327,0.560305,0.080895,-0.076686,-0.031061,0.996571,0,0.38256,-0.00565,22.953,-0.011,900.000,375.000,-1,400.000,-1,300.000,325.000,300.000,300.000,-1,-1,-1,-1,650.000,800.000,-1,-1,0,0,2,0,2,0,0,0,0,2,2,2,2,0,0,2,2
97,1231.241,8773.865,-104.043,55.893,0.561055,-0.827599,0.017236,0.824273,0.560472,0.080277,-0.076098,-0.030832,0.996624,0,0.30256,-0.00565,18.153,-0.011,900.000,375.000,-1,400.000,-1,300.000,325.000,300.000,300.000,-1,-1,-1,-1,650.000,800.000,-1,-1,0,0,2,0,2,0,0,0,0,2,2,2,2,0,0,2,2
98,1238.731,8784.920,-104.980,55.882,0.561215,-0.827493,0.017134,0.824205,0.560638,0.079820,-0.075657,-0.030674,0.996662,0,0.22256,-0.00565,13.353,-0.011,900.000,375.000,-1,400.000,-1,300.000,325.000,300.000,300.000,-1,-1,-1,-1,650.000,825.000,-1,-1,0,0,2,0,2,0,0,0,0,2,2,2,2,0,0,2,2
99,1243.530,8792.000,-105.583,55.870,0.561377,-0.827384,0.017066,0.824121,0.560803,0.079526,-0.075369,-0.030580,0.996687,0,0.14256,-0.00565,8.553,-0.011,900.000,375.000,-1,400.000,-1,300.000,325.000,300.000,300.000,-1,-1,-1,-1,650.000,825.000,-1,-1,0,0,2,0,2,0,0,0,0,2,2,2,2,0,0,2,2
100,1245.636,8795.107,-105.848,55.859,0.561540,-0.827274,0.017035,0.824022,0.560967,0.079397,-0.075239,-0.030547,0.996698,0,0.06256,-0.00565,3.753,-0.011,900.000,375.000,-1,400.000,-1,300.000,325.000,300.000,300.000,-1,-1,-1,-1,650.000,825.000,-1,-1,0,0,2,0,2,0,0,0,0,2,2,2,2,0,0,2,2
101,1245.049,8794.241,-105.775,55.848,0.561703,-0.827163,0.017045,0.823908,0.561130,0.079432,-0.075268,-0.030574,0.996695,0,-0.01744,-0.00565,-1.047,-0.011,900.000,375.000,-1,400.000,-1,300.000,325.000,300.000,300.000,-1,-1,-1,-1,650.000,825.000,-1,-1,0,0,2,0,2,0,0,0,0,2,2,2,2,0,0,2,2
102,1241.766,8789.403,-105.364,55.837,0.561868,-0.827050,0.017095,0.823778,0.561291,0.079632,-0.075455,-0.030660,0.996678,0,-0.09744,-0.00565,-5.847,-0.011,900.000,375.000,-1,400.000,-1,300.000,325.000,300.000,300.000,-1,-1,-1,-1,650.000,825.000,-1,-1,0,0,2,0,2,0,0,0,0,2,2,2,2,0,0,2,2
103,1235.785,8780.595,-104.617,55.825,0.562034,-0.826936,0.017182,0.823634,0.561452,0.079996,-0.075798,-0.030809,0.996647,0,-0.17744,-0.00565,-10.647,-0.011,900.000,375.000,-1,400.000,-1,300.000,325.000,300.000,300.000,-1,-1,-1,-1,650.000,825.000,-1,-1,0,0,2,0,2,0,0,0,0,2,2,2,2,0,0,2,2
104,1227.106,8767.818,-103.537,55.814,0.562202,-0.826819,0.017300,0.823474,0.561611,0.080521,-0.076292,-0.031023,0.996603,0,-0.25744,-0.00565,-15.447,-0.011,900.000,375.000,-1,400.000,-1,300.000,325.000,300.000,300.000,-1,-1,-1,-1,650.000,800.000,-1,-1,0,0,2,0,2,0,0,0,0,2,2,2,2,0,0,2,2
105,1215.726,8751.072,-102.131,55.803,0.562371,-0.826701,0.017439,0.823299,0.561770,0.081206,-0.076929,-0.031311,0.996545,0,-0.33744,-0.00565,-20.247,-0.011,900.000,375.000,-1,400.000,-1,300.000,325.000,300.000,300.000,-1,-1,-1,-1,650.000,800.000,-1,-1,0,0,2,0,2,0,0,0,0,2,2,2,2,0,0,2,2
106,1201.645,8730.359,-100.403,55.791,0.562544,-0.826581,0.017588,0.823108,0.561926,0.082046,-0.077701,-0.031678,0.996473,0,-0.41744,-0.00565,-25.047,-0.011,925.000,375.000,-1,400.000,-1,300.000,325.000,300.000,300.000,-1,-1,-1,-1,650.000,800.000,-1,-1,0,0,2,0,2,0,0,0,0,2,2,2,2,0,0,2,2
107,1187.212,8709.139,-98.474,55.780,0.562769,-0.826442,0.016885,0.822931,0.562070,0.082837,-0.077950,-0.032723,0.996420,0,-0.42771,-0.00565,-25.663,-0.011,925.000,375.000,-1,400.000,-1,300.000,325.000,300.000,300.000,-1,-1,-1,-1,650.000,800.000,-1,-1,0,0,2,0,2,0,0,0,0,2,2,2,2,0,0,2,2
108,1172.776,8687.923,-96.487,55.769,0.563017,-0.826294,0.015812,0.822760,0.562208,0.083595,-0.077963,-0.034055,0.996374,0,-0.42771,-0.00565,-25.663,-0.011,925.000,375.000,-1,400.000,-1,300.000,325.000,300.000,300.000,-1,-1,-1,-1,650.000,800.000,-1,-1,0,0,2,0,2,0,0,0,0,2,2,2,2,0,0,2,2
109,1158.335,8666.709,-94.517,55.757,0.563266,-0.826144,0.014718,0.822590,0.562345,0.084346,-0.077958,-0.035402,0.996328,0,-0.42771,-0.00565,-25.663,-0.011,925.000,375.000,-1,400.000,-1,300.000,325.000,300.000,300.000,-1,-1,-1,-1,650.000,800.000,-1,-1,0,0,2,0,2,0,0,0,0,2,2,2,2,0,0,2,2
110,1143.890,8645.498,-92.563,55.746,0.563516,-0.825993,0.013603,0.822420,0.562480,0.085090,-0.077935,-0.036762,0.996280,0,-0.42771,-0.00565,-25.663,-0.011,925.000,375.000,-1,400.000,-1,300.000,325.000,300.000,300.000,-1,-1,-1,-1,650.000,800.000,-1,-1,0,0,2,0,2,0,0,0,0,2,2,2,2,0,0,2,2
111,1132.071,8628.306,-90.987,55.495,0.567215,-0.823473,0.012656,0.819895,0.566067,0.085678,-0.077717,-0.038221,0.996243,0,-0.34771,-0.12565,-20.863,-0.251,950.000,375.000,-1,400.000,-1,300.000,325.000,300.000,300.000,-1,-1,-1,-1,650.000,800.000,-1,-1,0,0,2,0,2,0,0,0,0,2,2,2,2,0,0,2,2
112,1122.858,8615.149,-89.783,55.004,0.574327,-0.818539,0.011896,0.814967,0.573073,0.086118,-0.077308,-0.039765,0.996214,0,-0.26771,-0.24565,-16.063,-0.491,950.000,375.000,-1,400.000,-1,300.000,325.000,300.000,300.000,-1,-1,-1,-1,675.000,825.000,-1,-1,0,0,2,0,2,0,0,0,0,2,2,2,2,0,0,2,2
113,1116.280,8606.006,-88.943,54.272,0.584791,-0.811105,0.011334,0.807549,0.583435,0.086420,-0.076708,-0.041385,0.996194,0,-0.18771,-0.36565,-11.263,-0.731,950.000,375.000,-1,400.000,-1,300.000,325.000,300.000,300.000,-1,-1,-1,-1,675.000,825.000,-1,-1,0,0,2,0,2,0,0,0,0,2,2,2,2,0,0,2,2
114,1112.418,8600.826,-88.468,53.301,0.598508,-0.801042,0.010981,0.797514,0.597059,0.086557,-0.075892,-0.043047,0.996186,0,-0.10771,-0.48565,-6.463,-0.971,950.000,375.000,-1,400.000,-1,325.000,325.000,300.000,300.000,-1,-1,-1,-1,675.000,825.000,-1,-1,0,0,2,0,2,0,0,0,0,2,2,2,2,0,0,2,2
115,1111.395,8599.515,-88.341,52.090,0.615348,-0.788181,0.010821,0.784691,0.613812,0.086570,-0.074875,-0.044779,0.996187,0,-0.02771,-0.60565,-1.663,-1.211,975.000,375.000,-1,400.000,-1,325.000,325.000,300.000,300.000,-1,-1,-1,-1,675.000,825.000,-1,-1,0,0,2,0,2,0,0,0,0,2,2,2,2,0,0,2,2
116,1113.385,8601.942,-88.530,50.638,0.635148,-0.772315,0.010816,0.768866,0.633523,0.086569,-0.073711,-0.046668,0.996187,0,0.05229,-0.72565,3.137,-1.451,975.000,375.000,-1,400.000,-1,325.000,325.000,300.000,300.000,-1,-1,-1,-1,675.000,850.000,-1,-1,0,0,2,0,2,0,0,0,0,2,2,2,2,0,0,2,2
117,1118.597,8607.928,-89.063,48.947,0.657687,-0.753211,0.010983,0.749816,0.655982,0.086396,-0.072279,-0.048586,0.996200,0,0.13229,-0.84565,7.937,-1.691,1000.000,375.000,-1,400.000,-1,325.000,325.000,300.000,300.000,-1,-1,-1,-1,675.000,850.000,-1,-1,0,0,2,0,2,0,0,0,0,2,2,2,2,0,0,2,2
118,1127.281,8617.247,-89.911,47.016,0.682710,-0.730603,0.011270,0.727271,0.680925,0.086127,-0.070599,-0.050604,0.996220,0,0.21229,-0.96565,12.737,-1.931,1000.000,375.000,-1,425.000,-1,325.000,325.000,300.000,300.000,-1,-1,-1,-1,700.000,850.000,-1,-1,0,0,2,0,2,0,0,0,0,2,2,2,2,0,0,2,2
119,1139.678,8629.653,-91.065,45.016,0.707793,-0.706324,0.011653,0.703061,0.705938,0.085772,-0.068810,-0.052516,0.996247,0,0.29229,-1.00000,17.537,-2.000,-1,375.000,-1,425.000,-1,325.000,325.000,300.000,300.000,-1,-1,-1,-1,700.000,875.000,-1,-1,2,0,2,0,2,0,0,0,0,2,2,2,2,0,0,2,2
120,1156.010,8644.893,-92.514,43.016,0.732004,-0.681193,0.012099,0.678001,0.730090,0.085341,-0.066967,-0.054267,0.996278,0,0.37229,-1.00000,22.337,-2.000,-1,375.000,-1,425.000,-1,325.000,325.000,300.000,300.000,-1,-1,-1,-1,700.000,875.000,-1,-1,2,0,2,0,2,0,0,0,0,2,2,2,2,0,0,2,2
121,1176.486,8662.703,-94.249,41.016,0.755317,-0.655239,0.012563,0.652122,0.753351,0.084849,-0.065061,-0.055895,0.996315,0,0.45229,-1.00000,27.137,-2.000,-1,375.000,-1,425.000,-1,325.000,325.000,300.000,300.000,-1,-1,-1,-1,700.000,900.000,-1,-1,2,0,2,0,2,0,0,0,0,2,2,2,2,0,0,2,2
122,1201.216,8682.914,-96.269,39.256,0.775064,-0.631748,0.013045,0.628701,0.773065,0.084294,-0.063337,-0.057132,0.996356,0,0.53229,-0.88000,31.937,-1.760,-1,375.000,-1,425.000,-1,325.000,325.000,275.000,300.000,-1,-1,-1,-1,725.000,900.000,-1,-1,2,0,2,0,2,0,0,0,0,2,2,2,2,0,0,2,2
123,1230.270,8705.398,-98.574,37.736,0.791524,-0.610989,0.013521,0.608005,0.789511,0.083682,-0.061804,-0.058016,0.996401,0,0.61229,-0.76000,36.737,-1.520,-1,375.000,-1,425.000,-1,325.000,325.000,275.000,300.000,-1,-1,-1,-1,725.000,900.000,-1,-1,2,0,2,0,2,0,0,0,0,2,2,2,2,0,0,2,2
124,1263.680,8730.080,-101.432,36.456,0.804902,-0.593214,0.015174,0.590239,0.802981,0.082701,-0.061244,-0.057609,0.996459,0,0.69229,-0.64000,41.537,-1.280,-1,375.000,-1,425.000,-1,325.000,325.000,275.000,275.000,-1,-1,-1,-1,725.000,900.000,-1,-1,2,0,2,0,2,0,0,0,0,2,2,2,2,0,0,2,2
125,1301.445,8756.932,-104.647,35.416,0.815454,-0.578572,0.017027,0.575595,0.813658,0.081557,-0.061040,-0.056705,0.996523,0,0.77229,-0.52000,46.337,-1.040,-1,375.000,-1,425.000,-1,325.000,325.000,275.000,275.000,-1,-1,-1,-1,725.000,900.000,-1,-1,2,0,2,0,2,0,0,0,0,2,2,2,2,0,0,2,2
126,1343.531,8785.981,-108.211,34.616,0.823364,-0.567196,0.018964,0.564212,0.821717,0.080286,-0.061121,-0.055405,0.996591,0,0.85229,-0.40000,51.137,-0.800,-1,375.000,-1,425.000,-1,325.000,325.000,275.000,275.000,-1,-1,-1,-1,725.000,900.000,-1,-1,2,0,2,0,2,0,0,0,0,2,2,2,2,0,0,2,2
127,1389.876,8817.305,-112.079,34.056,0.828761,-0.559197,0.021297,0.556193,0.827309,0.078800,-0.061684,-0.053461,0.996663,0,0.93229,-0.28000,55.937,-0.560,-1,400.000,-1,425.000,-1,325.000,325.000,275.000,275.000,-1,-1,-1,-1,725.000,875.000,-1,-1,2,0,2,0,2,0,0,0,0,2,2,2,2,0,0,2,2
128,1439.017,8850.119,-115.918,33.736,0.831692,-0.554668,0.025136,0.551599,0.830569,0.076768,-0.063458,-0.049982,0.996732,0,0.98483,-0.16000,59.090,-0.320,-1,400.000,-1,425.000,-1,325.000,325.000,300.000,275.000,-1,-1,-1,-1,725.000,875.000,-1,-1,2,0,2,0,2,0,0,0,0,2,2,2,2,0,0,2,2
129,1488.475,8883.045,-119.783,33.656,0.832284,-0.553603,0.028755,0.550488,0.831486,0.074790,-0.065313,-0.046418,0.996785,0,0.99026,-0.04000,59.416,-0.080,-1,400.000,-1,425.000,-1,325.000,325.000,300.000,275.000,-1,-1,-1,-1,725.000,850.000,-1,-1,2,0,2,0,2,0,0,0,0,2,2,2,2,0,0,2,2
130,1538.108,8916.289,-123.477,33.816,0.830630,-0.555974,0.030766,0.552823,0.830013,0.073926,-0.066637,-0.044397,0.996789,0,0.99562,0.08000,59.737,0.160,-1,400.000,-1,425.000,-1,325.000,325.000,300.000,275.000,-1,-1,-1,-1,700.000,850.000,-1,-1,2,0,2,0,2,0,0,0,0,2,2,2,2,0,0,2,2
131,1587.724,8950.027,-127.409,34.216,0.826630,-0.561792,0.032749,0.558546,0.826166,0.074000,-0.068628,-0.042879,0.996720,0,1.00000,0.20000,60.000,0.400,1000.000,400.000,-1,400.000,-1,325.000,325.000,300.000,300.000,-1,-1,-1,-1,700.000,825.000,-1,-1,1,0,2,0,2,0,0,0,0,2,2,2,2,0,0,2,2
132,1636.961,8984.317,-131.384,34.856,0.820200,-0.571029,0.034610,0.567697,0.819902,0.074038,-0.070654,-0.041078,0.996655,0,1.00000,0.32000,60.000,0.640,950.000,375.000,-1,400.000,-1,325.000,325.000,300.000,300.000,-1,-1,-1,-1,675.000,825.000,-1,-1,1,0,2,0,2,0,0,0,0,2,2,2,2,0,0,2,2
133,1685.664,9019.359,-135.412,35.736,0.811225,-0.583603,0.036351,0.580198,0.811104,0.074036,-0.072692,-0.038969,0.996593,0,1.00000,0.44000,60.000,0.880,900.000,375.000,-1,400.000,-1,325.000,325.000,300.000,300.000,-1,-1,-1,-1,675.000,800.000,-1,-1,1,0,2,0,2,0,0,0,0,2,2,2,2,0,0,2,2
134,1733.674,9055.346,-139.501,36.856,0.799548,-0.599401,0.037973,0.595938,0.799615,0.073986,-0.074711,-0.036526,0.996536,0,1.00000,0.56000,60.000,1.120,850.000,375.000,-1,400.000,-1,325.000,325.000,300.000,300.000,-1,-1,-1,-1,650.000,800.000,1000.000,-1,1,0,2,0,2,0,0,0,0,2,2,2,2,0,0,1,2
135,1780.911,9092.342,-144.014,38.069,0.786529,-0.616289,0.039510,0.612909,0.786846,0.072227,-0.075601,-0.032593,0.996605,0,1.00000,0.60689,60.000,1.214,800.000,375.000,-1,400.000,-1,325.000,325.000,300.000,300.000,-1,-1,-1,-1,650.000,775.000,925.000,-1,1,0,2,0,2,0,0,0,0,2,2,2,2,0,0,1,2
136,1827.349,9130.334,-148.339,39.291,0.773029,-0.633037,0.041109,0.629953,0.773667,0.067811,-0.074732,-0.026523,0.996851,0,1.00000,0.61080,60.000,1.222,775.000,375.000,-1,400.000,-1,325.000,325.000,300.000,300.000,-1,-1,-1,-1,650.000,775.000,875.000,-1,1,0,2,0,2,0,0,0,0,2,2,2,2,0,0,1,2
137,1872.961,9169.315,-152.654,40.520,0.759077,-0.649588,0.042861,0.646838,0.760021,0.063000,-0.073499,-0.020098,0.997093,0,1.00000,0.61470,60.000,1.229,725.000,375.000,-1,400.000,-1,325.000,325.000,300.000,300.000,-1,-1,-1,-1,650.000,775.000,825.000,-1,1,0,2,0,2,0,0,0,0,2,2,2,2,0,0,1,2
138,1917.721,9209.272,-157.007,41.758,0.744684,-0.665919,0.044692,0.663516,0.745899,0.058152,-0.072060,-0.013651,0.997307,0,1.00000,0.61860,60.000,1.237,700.000,375.000,-1,400.000,-1,325.000,325.000,300.000,300.000,-1,-1,-1,-1,650.000,750.000,775.000,-1,1,0,2,0,2,0,0,0,0,2,2,2,2,0,0,1,2
139,1961.601,9250.192,-161.393,43.003,0.729852,-0.682015,0.046597,0.679970,0.731303,0.053268,-0.070406,-0.007194,0.997492,0,1.00000,0.62252,60.000,1.245,650.000,375.000,-1,400.000,-1,325.000,325.000,300.000,300.000,-1,-1,-1,-1,650.000,725.000,725.000,-1,1,0,2,0,2,0,0,0,0,2,2,2,2,0,0,1,2
