timestep,x_cm,y_cm,z_cm,yaw_deg,basis_xx,basis_xy,basis_xz,basis_yx,basis_yy,basis_yz,basis_zx,basis_zy,basis_zz,teleport_flag,throttle_cmd,steering_cmd,cmd_move_cm,cmd_turn_deg,lidar_cm_0,lidar_cm_1,lidar_cm_2,lidar_cm_3,lidar_cm_4,lidar_cm_5,lidar_cm_6,lidar_cm_7,lidar_cm_8,lidar_cm_9,lidar_cm_10,lidar_cm_11,lidar_cm_12,lidar_cm_13,lidar_cm_14,lidar_cm_15,lidar_cm_16,lidar_class_0,lidar_class_1,lidar_class_2,lidar_class_3,lidar_class_4,lidar_class_5,lidar_class_6,lidar_class_7,lidar_class_8,lidar_class_9,lidar_class_10,lidar_class_11,lidar_class_12,lidar_class_13,lidar_class_14,lidar_class_15,lidar_class_16
0,-6231.354,327.985,-8.758,-6.211,0.994143,0.108027,-0.003202,-0.108038,0.992610,-0.055249,-0.002790,0.055271,0.998467,1,0.00000,0.00000,4.800,-0.240,-1,400.000,-1,400.000,775.000,350.000,325.000,300.000,275.000,-1,-1,-1,-1,775.000,800.000,-1,-1,2,0,2,0,1,0,0,0,0,2,2,2,2,0,0,2,2
1,-6226.580,327.485,-8.768,-5.971,0.994586,0.103868,-0.003137,-0.103882,0.993053,-0.055265,-0.002625,0.055291,0.998467,0,0.08000,0.12000,4.800,0.240,-1,400.000,-1,400.000,800.000,350.000,325.000,300.000,275.000,-1,-1,-1,-1,775.000,800.000,-1,-1,2,0,2,0,1,0,0,0,0,2,2,2,2,0,0,2,2
2,-6217.024,326.564,-8.783,-5.506,0.995395,0.095810,-0.003008,-0.095830,0.993860,-0.055299,-0.002309,0.055333,0.998465,0,0.16000,0.23235,9.600,0.465,-1,400.000,-1,400.000,825.000,350.000,325.000,300.000,275.000,-1,-1,-1,-1,775.000,800.000,-1,-1,2,0,2,0,1,0,0,0,0,2,2,2,2,0,0,2,2
3,-6202.680,325.299,-8.803,-5.042,0.996139,0.087749,-0.002814,-0.087770,0.994602,-0.055339,-0.002057,0.055372,0.998464,0,0.24000,0.23227,14.400,0.465,-1,400.000,-1,400.000,850.000,350.000,325.000,300.000,275.000,-1,-1,-1,-1,775.000,800.000,-1,-1,2,0,2,0,1,0,0,0,0,2,2,2,2,0,0,2,2
4,-6183.542,323.767,-8.823,-4.578,0.996817,0.079685,-0.002556,-0.079704,0.995279,-0.055387,-0.001870,0.055415,0.998462,0,0.32000,0.23218,19.200,0.464,-1,400.000,-1,400.000,875.000,350.000,325.000,300.000,275.000,-1,-1,-1,-1,775.000,800.000,-1,-1,2,0,2,0,1,0,0,0,0,2,2,2,2,0,0,2,2
5,-6159.604,322.045,-8.838,-4.113,0.997430,0.071619,-0.002235,-0.071633,0.995889,-0.055448,-0.001746,0.055466,0.998459,0,0.40000,0.23209,24.000,0.464,-1,400.000,-1,400.000,-1,350.000,325.000,300.000,275.000,-1,-1,-1,-1,775.000,825.000,-1,-1,2,0,2,0,2,0,0,0,0,2,2,2,2,0,0,2,2
6,-6130.862,320.212,-8.846,-3.649,0.997977,0.063550,-0.001852,-0.063555,0.996432,-0.055526,-0.001683,0.055531,0.998456,0,0.48000,0.23204,28.800,0.464,-1,400.000,-1,400.000,-1,350.000,325.000,300.000,275.000,-1,-1,-1,-1,775.000,825.000,-1,-1,2,0,2,0,2,0,0,0,0,2,2,2,2,0,0,2,2
7,-6097.314,318.345,-8.841,-3.185,0.998459,0.055477,-0.001408,-0.055470,0.996910,-0.055625,-0.001682,0.055617,0.998451,0,0.56000,0.23204,33.600,0.464,-1,400.000,-1,400.000,-1,350.000,325.000,275.000,300.000,-1,-1,-1,-1,775.000,825.000,-1,-1,2,0,2,0,2,0,0,0,0,2,2,2,2,0,0,2,2
8,-6058.958,316.523,-8.819,-2.721,0.998876,0.047397,-0.000904,-0.047374,0.997320,-0.055750,-0.001741,0.055730,0.998444,0,0.64000,0.23214,38.400,0.464,-1,400.000,-1,400.000,-1,350.000,325.000,275.000,300.000,-1,-1,-1,-1,775.000,825.000,-1,-1,2,0,2,0,2,0,0,0,0,2,2,2,2,0,0,2,2
9,-6015.791,314.822,-8.776,-2.256,0.999227,0.039305,-0.000340,-0.039263,0.997664,-0.055905,-0.001858,0.055875,0.998436,0,0.72000,0.23238,43.200,0.465,-1,400.000,-1,400.000,-1,350.000,350.000,275.000,300.000,-1,-1,-1,-1,750.000,825.000,-1,-1,2,0,2,0,2,0,0,0,0,2,2,2,2,0,0,2,2
10,-5967.815,313.322,-8.708,-1.791,0.999513,0.031196,0.000282,-0.031132,0.997940,-0.056098,-0.002032,0.056062,0.998425,0,0.80000,0.23280,48.000,0.466,-1,400.000,-1,425.000,-1,350.000,350.000,275.000,300.000,-1,-1,-1,-1,750.000,825.000,-1,-1,2,0,2,0,2,0,0,0,0,2,2,2,2,0,0,2,2
11,-5919.317,312.202,-8.618,-1.324,0.999734,0.023063,0.000907,-0.022976,0.998149,-0.056317,-0.002205,0.056282,0.998413,0,0.80852,0.23344,48.511,0.467,-1,400.000,-1,425.000,-1,350.000,350.000,275.000,300.000,-1,-1,-1,-1,750.000,825.000,-1,-1,2,0,2,0,2,0,0,0,0,2,2,2,2,0,0,2,2
12,-5870.967,311.481,-8.818,-0.855,0.999888,0.014900,0.001453,-0.014793,0.998270,-0.056905,-0.002298,0.056877,0.998379,0,0.80593,0.23428,48.356,0.469,-1,400.000,-1,425.000,-1,350.000,350.000,275.000,275.000,-1,-1,-1,-1,750.000,825.000,-1,-1,2,0,2,0,2,0,0,0,0,2,2,2,2,0,0,2,2
13,-5820.923,311.143,-9.164,-0.387,0.999975,0.006749,0.002276,-0.006605,0.998293,-0.058032,-0.002663,0.058015,0.998312,0,0.83408,0.23388,50.045,0.468,-1,400.000,-1,425.000,-1,350.000,350.000,275.000,275.000,-1,-1,-1,-1,750.000,800.000,-1,-1,2,0,2,0,2,0,0,0,0,2,2,2,2,0,0,2,2
14,-5775.679,311.397,-9.443,0.320,0.999980,-0.005583,0.003025,0.005752,0.998233,-0.059141,-0.002690,0.059157,0.998245,0,0.75408,0.35388,45.245,0.708,-1,400.000,-1,425.000,-1,350.000,350.000,275.000,275.000,-1,-1,-1,-1,750.000,800.000,-1,-1,2,0,2,0,2,0,0,0,0,2,2,2,2,0,0,2,2
15,-5735.244,312.293,-9.649,1.268,0.999749,-0.022092,0.003705,0.022275,0.997936,-0.060232,-0.002367,0.060300,0.998178,0,0.67408,0.47388,40.445,0.948,-1,400.000,-1,425.000,-1,350.000,350.000,275.000,275.000,-1,-1,-1,825.000,725.000,800.000,-1,-1,2,0,2,0,2,0,0,0,0,2,2,2,1,0,0,2,2
16,-5699.633,313.821,-9.781,2.456,0.999076,-0.042770,0.004322,0.042955,0.997195,-0.061300,-0.001688,0.061429,0.998110,0,0.59408,0.59388,35.645,1.188,-1,400.000,-1,425.000,-1,325.000,350.000,275.000,275.000,-1,-1,-1,750.000,725.000,800.000,-1,-1,2,0,2,0,2,0,0,0,0,2,2,2,1,0,0,2,2
17,-5668.859,315.911,-9.845,3.884,0.997701,-0.067599,0.004886,0.067772,0.995752,-0.062330,-0.000652,0.062518,0.998044,0,0.51408,0.71388,30.845,1.428,-1,400.000,-1,425.000,-1,325.000,350.000,275.000,275.000,-1,-1,-1,700.000,725.000,775.000,-1,-1,2,0,2,0,2,0,0,0,0,2,2,2,1,0,0,2,2
18,-5642.937,318.432,-9.849,5.551,0.995314,-0.096545,0.005413,0.096693,0.993299,-0.063300,0.000734,0.063527,0.997980,0,0.43408,0.83388,26.045,1.668,-1,375.000,-1,425.000,-1,325.000,350.000,275.000,275.000,-1,-1,-1,650.000,725.000,775.000,-1,-1,2,0,2,0,2,0,0,0,0,2,2,2,1,0,0,2,2
19,-5621.869,321.166,-9.809,7.392,0.991706,-0.128393,0.005911,0.128507,0.989630,-0.064172,0.002390,0.064399,0.997921,0,0.35408,0.92036,21.245,1.841,-1,375.000,-1,425.000,-1,325.000,350.000,300.000,275.000,-1,-1,-1,625.000,700.000,775.000,-1,-1,2,0,2,0,2,0,0,0,0,2,2,2,1,0,0,2,2
20,-5605.638,323.806,-9.747,9.233,0.987078,-0.160114,0.006368,0.160187,0.984951,-0.064894,0.004118,0.065076,0.997872,0,0.27408,0.92052,16.445,1.841,-1,375.000,-1,425.000,-1,325.000,350.000,300.000,275.000,-1,-1,-1,600.000,700.000,775.000,-1,-1,2,0,2,0,2,0,0,0,0,2,2,2,1,0,0,2,2
21,-5594.211,326.043,-9.686,11.075,0.981435,-0.191675,0.006783,0.191704,0.979269,-0.065439,0.005900,0.065524,0.997834,0,0.19408,0.92071,11.645,1.841,-1,375.000,-1,425.000,-1,325.000,350.000,300.000,275.000,-1,-1,-1,575.000,700.000,775.000,-1,-1,2,0,2,0,2,0,0,0,0,2,2,2,1,0,0,2,2
22,-5587.540,327.573,-9.646,12.916,0.974781,-0.223047,0.007152,0.223028,0.972590,-0.065776,0.007715,0.065712,0.997809,0,0.11408,0.92089,6.845,1.842,-1,375.000,-1,425.000,-1,325.000,325.000,300.000,275.000,-1,-1,-1,550.000,675.000,775.000,-1,-1,2,0,2,0,2,0,0,0,0,2,2,2,1,0,0,2,2
23,-5585.564,328.094,-9.649,14.758,0.967124,-0.254196,0.007465,0.254127,0.964925,-0.065880,0.009543,0.065611,0.997800,0,0.03408,0.92102,2.045,1.842,-1,375.000,-1,425.000,-1,325.000,325.000,300.000,275.000,-1,-1,-1,525.000,675.000,800.000,-1,-1,2,0,2,0,2,0,0,0,0,2,2,2,1,0,0,2,2
24,-5588.205,327.307,-9.714,16.601,0.958469,-0.285091,0.007709,0.284969,0.956281,-0.065730,0.011367,0.065197,0.997808,0,-0.04592,0.92107,-2.755,1.842,-1,375.000,-1,425.000,-1,325.000,325.000,300.000,275.000,-1,-1,-1,525.000,650.000,800.000,-1,-1,2,0,2,0,2,0,0,0,0,2,2,2,1,0,0,2,2
25,-5586.265,327.954,-9.721,18.443,0.948829,-0.315687,0.008042,0.315515,0.946638,-0.065775,0.013152,0.064946,0.997802,0,0.03408,0.92100,2.045,1.842,-1,375.000,-1,425.000,-1,300.000,325.000,300.000,275.000,-1,-1,-1,500.000,650.000,800.000,-1,-1,2,0,2,0,2,0,0,0,0,2,2,2,1,0,0,2,2
26,-5579.846,330.327,-9.651,20.285,0.938213,-0.345955,0.008475,0.345738,0.936005,-0.066033,0.014911,0.064883,0.997781,0,0.11408,0.92106,6.845,1.842,-1,375.000,-1,425.000,-1,300.000,325.000,300.000,275.000,-1,-1,-1,500.000,650.000,775.000,-1,-1,2,0,2,0,2,0,0,0,0,2,2,2,1,0,0,2,2
27,-5569.059,334.713,-9.486,22.127,0.926629,-0.375868,0.009025,0.375607,0.924389,-0.066524,0.016661,0.065033,0.997744,0,0.19408,0.92126,11.645,1.843,-1,350.000,-1,400.000,-1,300.000,325.000,300.000,275.000,-1,-1,-1,475.000,625.000,775.000,-1,-1,2,0,2,0,2,0,0,0,0,2,2,2,1,0,0,2,2
28,-5554.034,341.394,-9.204,23.971,0.914089,-0.405397,0.009708,0.405095,0.911797,-0.067269,0.018419,0.065423,0.997688,0,0.27408,0.92165,16.445,1.843,-1,350.000,-1,400.000,-1,300.000,325.000,300.000,275.000,-1,-1,-1,475.000,625.000,750.000,-1,-1,2,0,2,0,2,0,0,0,0,2,2,2,1,0,0,2,2
29,-5534.910,350.646,-8.787,25.815,0.900602,-0.434516,0.010545,0.434175,0.898236,-0.068291,0.020202,0.066082,0.997610,0,0.35408,0.92226,21.245,1.845,-1,350.000,-1,400.000,-1,300.000,325.000,300.000,275.000,-1,-1,-1,475.000,625.000,750.000,-1,-1,2,0,2,0,2,0,0,0,0,2,2,2,1,0,0,2,2
30,-5511.843,362.738,-8.211,27.661,0.886178,-0.463200,0.011560,0.462820,0.883714,-0.069618,0.022031,0.067044,0.997507,0,0.43408,0.92312,26.045,1.846,-1,350.000,-1,400.000,-1,300.000,300.000,300.000,275.000,-1,-1,-1,475.000,625.000,725.000,-1,-1,2,0,2,0,2,0,0,0,0,2,2,2,1,0,0,2,2
31,-5485.001,377.933,-7.456,29.510,0.870828,-0.491422,0.012781,0.491005,0.868236,-0.071277,0.023930,0.068346,0.997375,0,0.51408,0.92428,30.845,1.849,-1,350.000,-1,375.000,-1,300.000,300.000,300.000,300.000,-1,-1,-1,475.000,625.000,725.000,-1,-1,2,0,2,0,2,0,0,0,0,2,2,2,1,0,0,2,2
32,-5454.564,396.483,-5.944,31.361,0.854553,-0.519231,0.011764,0.518632,0.851927,-0.072397,0.027569,0.067968,0.997307,0,0.59408,0.92576,35.645,1.852,-1,350.000,-1,375.000,-1,300.000,300.000,300.000,300.000,-1,-1,-1,500.000,625.000,725.000,-1,-1,2,0,2,0,2,0,0,0,0,2,2,2,1,0,0,2,2
33,-5420.729,418.640,-4.154,33.217,0.837367,-0.546545,0.010236,0.545699,0.834679,-0.074318,0.032075,0.067817,0.997182,0,0.67408,0.92761,40.445,1.855,-1,350.000,-1,375.000,-1,300.000,300.000,300.000,300.000,-1,-1,800.000,500.000,625.000,725.000,-1,-1,2,0,2,0,2,0,0,0,0,2,2,0,1,0,0,2,2
34,-5386.085,442.968,-2.258,35.076,0.819276,-0.573335,0.008567,0.572191,0.816489,-0.077093,0.037205,0.068063,0.996987,0,0.70556,0.92987,42.334,1.860,-1,350.000,-1,375.000,-1,300.000,300.000,300.000,300.000,-1,925.000,550.000,525.000,650.000,750.000,-1,-1,2,0,2,0,2,0,0,0,0,2,0,0,1,0,0,2,2
35,-5352.296,468.376,-0.210,36.941,0.800273,-0.599597,0.006888,0.598129,0.797395,-0.080017,0.042486,0.068156,0.996770,0,0.70461,0.93239,42.276,1.865,-1,350.000,-1,375.000,-1,300.000,300.000,300.000,300.000,-1,650.000,450.000,550.000,675.000,750.000,-1,-1,2,0,2,0,2,0,0,0,0,2,0,0,1,0,0,2,2
36,-5319.381,494.853,1.990,38.811,0.780365,-0.625302,0.005210,0.623486,0.777407,-0.083093,0.047908,0.068091,0.996528,0,0.70406,0.93505,42.244,1.870,-1,350.000,-1,375.000,-1,300.000,300.000,325.000,300.000,-1,550.000,375.000,575.000,700.000,775.000,-1,-1,2,0,2,0,2,0,0,0,0,2,0,0,1,0,0,2,2
37,-5287.356,522.388,4.302,40.687,0.759569,-0.650416,0.003730,0.648235,0.756527,-0.086357,0.053346,0.068012,0.996257,0,0.70391,0.93784,42.235,1.876,-1,350.000,-1,400.000,-1,300.000,300.000,325.000,325.000,-1,475.000,325.000,600.000,725.000,800.000,-1,-1,2,0,2,0,2,0,0,0,0,2,0,0,1,0,0,2,2
38,-5256.242,550.968,6.696,42.568,0.737901,-0.674903,0.002606,0.672351,0.734764,-0.089814,0.058701,0.068026,0.995955,0,0.70414,0.94076,42.248,1.882,-1,375.000,-1,400.000,-1,300.000,300.000,325.000,325.000,-1,425.000,300.000,625.000,750.000,825.000,-1,-1,2,0,2,0,2,0,0,0,0,2,0,0,1,0,0,2,2
39,-5226.062,580.582,9.163,44.456,0.715377,-0.698736,0.001847,0.695808,0.712132,-0.093384,0.063935,0.068090,0.995628,0,0.70472,0.94379,42.283,1.888,-1,375.000,-1,400.000,-1,300.000,325.000,325.000,325.000,-1,400.000,275.000,675.000,775.000,850.000,-1,-1,2,0,2,0,2,0,0,0,0,2,0,0,1,0,0,2,2
40,-5196.839,611.217,11.687,46.350,0.692009,-0.721887,0.001446,0.718585,0.688649,-0.096946,0.068989,0.068126,0.995289,0,0.70564,0.94693,42.338,1.894,-1,375.000,-1,400.000,-1,300.000,325.000,325.000,325.000,-1,375.000,250.000,700.000,825.000,900.000,-1,-1,2,0,2,0,2,0,0,0,0,2,0,0,1,0,0,2,2
41,-5168.599,642.859,14.271,48.250,0.667815,-0.744326,0.001397,0.740653,0.664331,-0.100487,0.073867,0.068141,0.994937,0,0.70686,0.95017,42.412,1.900,-1,375.000,-1,400.000,-1,325.000,325.000,325.000,325.000,-1,350.000,250.000,725.000,925.000,950.000,-1,-1,2,0,2,0,2,0,0,0,0,2,0,0,1,0,0,2,2
42,-5141.370,675.492,16.902,50.157,0.642809,-0.766025,0.001612,0.761981,0.639197,-0.103982,0.078623,0.068069,0.994578,0,0.70836,0.95350,42.502,1.907,-1,400.000,-1,425.000,-1,325.000,325.000,325.000,325.000,-1,325.000,250.000,775.000,-1,1000.000,-1,-1,2,0,2,0,2,0,0,0,0,2,0,0,1,2,0,2,2
43,-5115.181,709.100,19.599,52.071,0.617014,-0.786949,0.002167,0.782541,0.613262,-0.107419,0.083204,0.067975,0.994211,0,0.71013,0.95691,42.608,1.914,-1,400.000,-1,425.000,-1,325.000,325.000,325.000,300.000,-1,325.000,250.000,825.000,-1,-1,-1,-1,2,0,2,0,2,0,0,0,0,2,0,0,1,2,2,2,2
44,-5090.061,743.664,22.619,53.992,0.590385,-0.807117,0.002776,0.802432,0.586581,-0.109666,0.086885,0.066973,0.993965,0,0.71213,0.96039,42.728,1.921,-1,400.000,-1,425.000,-1,325.000,350.000,325.000,300.000,-1,325.000,275.000,900.000,-1,-1,-1,-1,2,0,2,0,2,0,0,0,0,2,0,0,1,2,2,2,2
45,-5066.043,779.161,26.187,55.920,0.562867,-0.826542,0.003007,0.821737,0.559196,-0.109762,0.089041,0.064253,0.993953,0,0.71435,0.96395,42.861,1.928,-1,400.000,-1,450.000,-1,325.000,350.000,325.000,300.000,-1,350.000,300.000,975.000,-1,-1,-1,-1,2,0,2,0,2,0,0,0,0,2,0,0,0,2,2,2,2
46,-5043.160,815.572,29.884,57.855,0.534585,-0.845108,0.003284,0.840215,0.531064,-0.109594,0.090875,0.061346,0.993971,0,0.71675,0.96757,43.005,1.935,-1,400.000,-1,450.000,-1,350.000,350.000,325.000,300.000,-1,400.000,350.000,-1,-1,-1,-1,-1,2,0,2,0,2,0,0,0,0,2,0,0,2,2,2,2,2
47,-5021.447,852.871,33.503,59.797,0.505620,-0.862744,0.004556,0.857862,0.502183,-0.109019,0.091768,0.059031,0.994029,0,0.71932,0.97125,43.159,1.942,-1,400.000,-1,450.000,-1,350.000,350.000,325.000,300.000,-1,425.000,375.000,-1,-1,-1,-1,-1,2,0,2,0,2,0,0,0,0,2,0,0,2,2,2,2,2
48,-5000.939,891.030,37.062,61.747,0.475992,-0.879424,0.006693,0.874647,0.472585,-0.107961,0.091780,0.057242,0.994133,0,0.72204,0.97498,43.322,1.950,-1,400.000,-1,450.000,-1,325.000,350.000,325.000,300.000,-1,475.000,425.000,-1,-1,-1,-1,-1,2,0,2,0,2,0,0,0,0,2,0,0,2,2,2,2,2
49,-4981.671,930.021,40.742,63.705,0.445677,-0.895151,0.008790,0.890505,0.442318,-0.106563,0.091502,0.055320,0.994267,0,0.72488,0.97875,43.493,1.958,-1,400.000,-1,450.000,-1,325.000,350.000,325.000,300.000,-1,525.000,475.000,-1,-1,-1,-1,-1,2,0,2,0,2,0,0,0,0,2,0,0,2,2,2,2,2
50,-4963.679,969.810,44.489,65.670,0.414718,-0.909884,0.010921,0.905378,0.411403,-0.105061,0.091101,0.053458,0.994406,0,0.72783,0.98257,43.670,1.965,-1,400.000,-1,450.000,-1,325.000,350.000,325.000,300.000,-1,575.000,550.000,-1,-1,-1,-1,-1,2,0,2,0,2,0,0,0,0,2,0,0,2,2,2,2,2
51,-4946.998,1010.364,48.298,67.643,0.383148,-0.923594,0.013084,0.919232,0.379872,-0.103493,0.090615,0.051680,0.994544,0,0.73086,0.98642,43.852,1.973,-1,425.000,-1,450.000,-1,325.000,350.000,325.000,300.000,-1,650.000,600.000,-1,-1,-1,-1,-1,2,0,2,0,2,0,0,0,0,2,0,0,2,2,2,2,2
52,-4933.242,1046.912,51.726,69.376,0.355043,-0.934729,0.015018,0.930498,0.351796,-0.102050,0.090106,0.050207,0.994666,0,0.65086,0.86642,39.052,1.733,-1,425.000,-1,450.000,-1,325.000,350.000,325.000,300.000,-1,700.000,675.000,-1,-1,-1,-1,-1,2,0,2,0,2,0,0,0,0,2,0,0,2,2,2,2,2
53,-4922.016,1079.271,54.760,70.868,0.330570,-0.943633,0.016712,0.939518,0.327344,-0.100752,0.089602,0.049007,0.994771,0,0.57086,0.74642,34.252,1.493,-1,450.000,-1,450.000,-1,350.000,350.000,325.000,300.000,-1,750.000,725.000,-1,-1,-1,-1,-1,2,0,2,0,2,0,0,0,0,2,0,0,2,2,2,2,2
54,-4912.973,1107.300,57.390,72.121,0.309859,-0.950609,0.018162,0.946596,0.306648,-0.099614,0.089125,0.048058,0.994860,0,0.49086,0.62642,29.452,1.253,-1,450.000,-1,475.000,-1,350.000,350.000,325.000,300.000,-1,800.000,775.000,-1,-1,-1,-1,-1,2,0,2,0,2,0,0,0,0,2,0,0,2,2,2,2,2
55,-4905.821,1130.891,59.604,73.134,0.293009,-0.955914,0.019369,0.951988,0.289807,-0.098649,0.088687,0.047344,0.994934,0,0.41086,0.50642,24.652,1.013,-1,450.000,-1,475.000,-1,350.000,350.000,325.000,300.000,-1,850.000,800.000,-1,-1,-1,-1,-1,2,0,2,0,2,0,0,0,0,2,0,0,2,2,2,2,2
56,-4900.318,1149.964,61.396,73.907,0.280092,-0.959758,0.020335,0.955904,0.276893,-0.097868,0.088299,0.046851,0.994992,0,0.33086,0.38642,19.852,0.773,-1,475.000,-1,475.000,-1,350.000,350.000,325.000,300.000,-1,875.000,850.000,-1,-1,-1,-1,-1,2,0,2,0,2,0,0,0,0,2,0,0,2,2,2,2,2
57,-4896.280,1164.464,62.757,74.440,0.271159,-0.962304,0.021066,0.958507,0.267959,-0.097278,0.087966,0.046570,0.995034,0,0.25086,0.26642,15.052,0.533,-1,475.000,-1,475.000,-1,350.000,375.000,325.000,300.000,-1,900.000,875.000,-1,-1,-1,-1,-1,2,0,2,0,2,0,0,0,0,2,0,0,2,2,2,2,2
58,-4893.581,1174.354,63.684,74.733,0.266244,-0.963664,0.021563,0.959908,0.263038,-0.096885,0.087692,0.046493,0.995062,0,0.17086,0.14642,10.252,0.293,-1,475.000,-1,500.000,-1,375.000,375.000,325.000,300.000,-1,925.000,900.000,-1,-1,-1,-1,-1,2,0,2,0,2,0,0,0,0,2,0,0,2,2,2,2,2
59,-4892.150,1179.614,64.175,74.786,0.265364,-0.963901,0.021826,0.960171,0.262148,-0.096692,0.087480,0.046616,0.995075,0,0.09086,0.02642,5.452,0.053,-1,475.000,-1,500.000,-1,375.000,375.000,325.000,300.000,-1,950.000,900.000,-1,-1,-1,-1,-1,2,0,2,0,2,0,0,0,0,2,0,0,2,2,2,2,2
60,-4891.977,1180.243,64.229,74.598,0.268523,-0.963025,0.021854,0.959307,0.265291,-0.096702,0.087329,0.046931,0.995073,0,0.01086,-0.09358,0.652,-0.187,-1,475.000,-1,500.000,-1,375.000,375.000,325.000,300.000,-1,950.000,900.000,-1,-1,-1,-1,-1,2,0,2,0,2,0,0,0,0,2,0,0,2,2,2,2,2
61,-4893.109,1176.252,63.850,74.171,0.275708,-0.960998,0.021639,0.957274,0.272457,-0.096917,0.087241,0.047435,0.995057,0,-0.06914,-0.21358,-4.148,-0.427,-1,475.000,-1,500.000,-1,375.000,375.000,325.000,300.000,-1,925.000,900.000,-1,-1,-1,-1,-1,2,0,2,0,2,0,0,0,0,2,0,0,2,2,2,2,2
62,-4895.650,1167.673,63.042,73.504,0.286892,-0.957729,0.021172,0.953984,0.283619,-0.097334,0.087215,0.048122,0.995027,0,-0.14914,-0.33358,-8.948,-0.667,-1,475.000,-1,475.000,-1,375.000,375.000,325.000,300.000,-1,925.000,875.000,-1,-1,-1,-1,-1,2,0,2,0,2,0,0,0,0,2,0,0,2,2,2,2,2
63,-4899.762,1154.555,61.813,72.597,0.302033,-0.953078,0.020441,0.949297,0.298734,-0.097950,0.087247,0.048989,0.994981,0,-0.22914,-0.45358,-13.748,-0.907,-1,475.000,-1,475.000,-1,350.000,375.000,325.000,300.000,-1,900.000,850.000,-1,-1,-1,-1,-1,2,0,2,0,2,0,0,0,0,2,0,0,2,2,2,2,2
64,-4905.244,1138.222,60.289,71.450,0.321069,-0.946855,0.019500,0.943026,0.317738,-0.098714,0.087272,0.050083,0.994925,0,-0.28714,-0.57358,-17.229,-1.147,-1,475.000,-1,475.000,-1,350.000,350.000,300.000,300.000,-1,875.000,825.000,-1,-1,-1,-1,-1,2,0,2,0,2,0,0,0,0,2,0,0,2,2,2,2,2
65,-4911.119,1122.027,58.782,70.063,0.343919,-0.938817,0.018508,0.934949,0.340541,-0.099505,0.087114,0.051525,0.994865,0,-0.28714,-0.69358,-17.229,-1.387,-1,450.000,-1,475.000,-1,350.000,350.000,300.000,300.000,-1,850.000,800.000,-1,-1,-1,-1,-1,2,0,2,0,2,0,0,0,0,2,0,0,2,2,2,2,2
66,-4917.453,1106.005,57.298,68.435,0.370467,-0.928682,0.017448,0.924785,0.367028,-0.100316,0.086758,0.053300,0.994803,0,-0.28714,-0.81358,-17.229,-1.627,-1,450.000,-1,475.000,-1,350.000,350.000,300.000,300.000,-1,825.000,775.000,-1,-1,-1,-1,-1,2,0,2,0,2,0,0,0,0,2,0,0,2,2,2,2,2
67,-4924.320,1090.163,55.841,66.568,0.400559,-0.916126,0.016300,0.912209,0.397046,-0.101140,0.086185,0.055382,0.994739,0,-0.28779,-0.93358,-17.267,-1.867,-1,450.000,-1,450.000,-1,350.000,350.000,300.000,300.000,-1,800.000,750.000,-1,-1,-1,-1,-1,2,0,2,0,2,0,0,0,0,2,0,0,2,2,2,2,2
68,-4931.768,1074.504,54.412,64.568,0.432312,-0.901598,0.015063,0.897665,0.428723,-0.101950,0.085460,0.057595,0.994676,0,-0.28902,-1.00000,-17.341,-2.000,-1,450.000,-1,450.000,-1,350.000,350.000,300.000,300.000,-1,775.000,725.000,-1,-1,-1,-1,-1,2,0,2,0,2,0,0,0,0,2,0,0,2,2,2,2,2
69,-4939.792,1059.049,53.014,62.568,0.463530,-0.885975,0.013756,0.882026,0.459869,-0.102718,0.084679,0.059746,0.994615,0,-0.29024,-1.00000,-17.414,-2.000,-1,450.000,-1,450.000,-1,350.000,350.000,300.000,300.000,-1,750.000,700.000,-1,-1,-1,-1,-1,2,0,2,0,2,0,0,0,0,2,0,0,2,2,2,2,2
70,-4948.385,1043.821,51.647,60.568,0.494174,-0.869275,0.012386,0.865311,0.490446,-0.103437,0.083841,0.061833,0.994559,0,-0.29144,-1.00000,-17.486,-2.000,-1,450.000,-1,450.000,-1,350.000,350.000,300.000,300.000,-1,725.000,675.000,-1,-1,-1,-1,-1,2,0,2,0,2,0,0,0,0,2,0,0,2,2,2,2,2
71,-4957.542,1028.842,50.311,58.568,0.524207,-0.851520,0.010958,0.847542,0.520418,-0.104100,0.082941,0.063857,0.994506,0,-0.29262,-1.00000,-17.557,-2.000,-1,450.000,-1,450.000,-1,350.000,350.000,300.000,300.000,-1,725.000,650.000,-1,-1,-1,-1,-1,2,0,2,0,2,0,0,0,0,2,0,0,2,2,2,2,2
72,-4967.253,1014.135,48.957,56.568,0.553608,-0.832723,0.009552,0.828718,0.549742,-0.104926,0.082123,0.066004,0.994434,0,-0.29376,-1.00000,-17.626,-2.000,-1,450.000,-1,450.000,-1,350.000,350.000,300.000,300.000,-1,700.000,625.000,-1,-1,-1,-1,-1,2,0,2,0,2,0,0,0,0,2,0,0,2,2,2,2,2
73,-4974.646,1003.656,48.000,54.808,0.578919,-0.815342,0.008406,0.811332,0.574985,-0.105509,0.081193,0.067901,0.994383,0,-0.21376,-0.88000,-12.826,-1.760,-1,450.000,-1,450.000,-1,350.000,350.000,300.000,300.000,-1,700.000,625.000,-1,-1,-1,-1,-1,2,0,2,0,2,0,0,0,0,2,0,0,2,2,2,2,2
74,-4979.444,997.223,47.425,53.288,0.600337,-0.799712,0.007537,0.795720,0.596342,-0.105859,0.080162,0.069549,0.994353,0,-0.13376,-0.76000,-8.026,-1.520,-1,450.000,-1,450.000,-1,350.000,350.000,300.000,300.000,-1,700.000,600.000,-1,-1,-1,-1,-1,2,0,2,0,2,0,0,0,0,2,0,0,2,2,2,2,2
75,-4981.430,994.683,47.211,52.008,0.618046,-0.786111,0.006974,0.782156,0.613995,-0.106029,0.079069,0.070985,0.994339,0,-0.05376,-0.64000,-3.226,-1.280,-1,450.000,-1,450.000,-1,350.000,350.000,300.000,300.000,-1,700.000,625.000,-1,-1,-1,-1,-1,2,0,2,0,2,0,0,0,0,2,0,0,2,2,2,2,2
76,-4980.434,995.903,47.343,50.740,0.635285,-0.772249,0.006666,0.768358,0.631170,-0.106067,0.077703,0.072505,0.994337,0,0.02624,-0.63392,1.574,-1.268,-1,450.000,-1,450.000,-1,350.000,350.000,300.000,300.000,-1,725.000,625.000,-1,-1,-1,-1,-1,2,0,2,0,2,0,0,0,0,2,0,0,2,2,2,2,2
77,-4976.292,1000.750,47.807,49.473,0.652214,-0.758006,0.006629,0.754211,0.648021,-0.105992,0.076047,0.074129,0.994345,0,0.10624,-0.63379,6.374,-1.268,-1,450.000,-1,450.000,-1,350.000,350.000,300.000,300.000,-1,750.000,650.000,-1,-1,-1,-1,-1,2,0,2,0,2,0,0,0,0,2,0,0,2,2,2,2,2
78,-4968.845,1009.082,48.586,48.206,0.668812,-0.743400,0.006886,0.739731,0.664531,-0.105814,0.074087,0.075863,0.994362,0,0.18624,-0.63328,11.174,-1.267,-1,450.000,-1,450.000,-1,350.000,350.000,300.000,300.000,-1,800.000,675.000,-1,-1,-1,-1,-1,2,0,2,0,2,0,0,0,0,2,0,0,2,2,2,2,2
79,-4957.940,1020.756,49.665,46.941,0.685061,-0.728447,0.007469,0.724939,0.680680,-0.105539,0.071796,0.077715,0.994387,0,0.26624,-0.63238,15.974,-1.265,-1,450.000,-1,450.000,-1,350.000,375.000,300.000,300.000,-1,850.000,725.000,-1,-1,-1,-1,-1,2,0,2,0,2,0,0,0,0,2,0,0,2,2,2,2,2
80,-4943.426,1035.620,50.960,45.679,0.700927,-0.713182,0.008568,0.709923,0.696468,-0.104601,0.068632,0.079400,0.994477,0,0.34624,-0.63110,20.774,-1.262,-1,475.000,-1,450.000,-1,350.000,375.000,300.000,300.000,-1,925.000,800.000,-1,-1,-1,-1,-1,2,0,2,0,2,0,0,0,0,2,0,0,2,2,2,2,2
81,-4925.160,1053.520,52.370,44.420,0.716374,-0.697642,0.010222,0.694750,0.711901,-0.102563,0.064275,0.080575,0.994674,0,0.42624,-0.62946,25.574,-1.259,-1,475.000,-1,450.000,-1,350.000,375.000,300.000,300.000,-1,-1,900.000,-1,-1,-1,-1,-1,2,0,2,0,2,0,0,0,0,2,2,0,2,2,2,2,2
82,-4903.005,1074.300,53.969,43.165,0.731412,-0.681825,0.012288,0.679347,0.726947,-0.100179,0.059372,0.081620,0.994894,0,0.50624,-0.62745,30.374,-1.255,-1,475.000,-1,450.000,-1,350.000,350.000,300.000,300.000,-1,-1,-1,-1,-1,-1,-1,-1,2,0,2,0,2,0,0,0,0,2,2,2,2,2,2,2,2
83,-4876.830,1097.798,55.727,41.915,0.746024,-0.665755,0.014771,0.663734,0.741598,-0.097413,0.053899,0.082477,0.995134,0,0.58624,-0.62509,35.174,-1.250,-1,475.000,-1,450.000,-1,350.000,350.000,300.000,300.000,-1,-1,-1,-1,-1,-1,-1,-1,2,0,2,0,2,0,0,0,0,2,2,2,2,2,2,2,2
84,-4846.510,1123.850,57.612,40.671,0.760194,-0.649456,0.017684,0.647934,0.755847,-0.094218,0.047824,0.083082,0.995395,0,0.66624,-0.62237,39.974,-1.245,-1,475.000,-1,450.000,-1,350.000,350.000,300.000,300.000,-1,-1,-1,-1,-1,-1,-1,-1,2,0,2,0,2,0,0,0,0,2,2,2,2,2,2,2,2
85,-4813.523,1150.970,59.405,39.427,0.773986,-0.632859,0.020884,0.631835,0.769726,-0.091137,0.041602,0.083734,0.995619,0,0.71172,-0.62199,42.703,-1.244,-1,475.000,-1,450.000,-1,350.000,350.000,275.000,300.000,-1,-1,-1,-1,-1,1000.000,-1,-1,2,0,2,0,2,0,0,0,0,2,2,2,2,2,0,2,2
86,-4779.956,1177.368,60.968,38.183,0.787407,-0.615961,0.024141,0.615408,0.783236,-0.088394,0.035539,0.084458,0.995793,0,0.71172,-0.62199,42.703,-1.244,-1,475.000,-1,425.000,-1,350.000,350.000,275.000,300.000,-1,-1,-1,-1,-1,950.000,-1,-1,2,0,2,0,2,0,0,0,0,2,2,2,2,2,0,2,2
87,-4745.823,1203.031,62.361,36.939,0.800442,-0.598782,0.027440,0.598685,0.796384,-0.085725,0.029478,0.085046,0.995941,0,0.71172,-0.62199,42.703,-1.244,-1,475.000,-1,425.000,-1,350.000,350.000,275.000,300.000,-1,-1,-1,-1,-1,925.000,-1,-1,2,0,2,0,2,0,0,0,0,2,2,2,2,2,0,2,2
88,-4711.141,1227.946,63.584,35.695,0.813087,-0.581328,0.030774,0.581671,0.809165,-0.083138,0.023429,0.085499,0.996063,0,0.71172,-0.62199,42.703,-1.244,-1,475.000,-1,425.000,-1,350.000,350.000,275.000,300.000,-1,-1,-1,-1,-1,900.000,-1,-1,2,0,2,0,2,0,0,0,0,2,2,2,2,2,0,2,2
89,-4675.925,1252.101,64.289,34.451,0.825283,-0.563678,0.034276,0.564484,0.821672,-0.078817,0.016264,0.084395,0.996300,0,0.71172,-0.62199,42.703,-1.244,-1,475.000,-1,425.000,-1,350.000,350.000,300.000,300.000,-1,-1,-1,-1,-1,850.000,-1,-1,2,0,2,0,2,0,0,0,0,2,2,2,2,2,0,2,2
90,-4640.193,1275.486,64.833,33.207,0.837083,-0.545768,0.037813,0.547000,0.833810,-0.074513,0.009138,0.083057,0.996503,0,0.71172,-0.62199,42.703,-1.244,-1,450.000,-1,400.000,-1,350.000,325.000,300.000,300.000,-1,-1,-1,-1,-1,825.000,-1,-1,2,0,2,0,2,0,0,0,0,2,2,2,2,2,0,2,2
91,-4603.961,1298.090,65.268,31.963,0.848488,-0.527595,0.041379,0.529210,0.845554,-0.070533,0.002225,0.081744,0.996651,0,0.71172,-0.62199,42.703,-1.244,-1,450.000,-1,400.000,-1,350.000,325.000,300.000,300.000,-1,-1,-1,-1,-1,800.000,-1,-1,2,0,2,0,2,0,0,0,0,2,2,2,2,2,0,2,2
92,-4567.248,1319.902,65.592,30.719,0.859493,-0.509166,0.044966,0.511128,0.856898,-0.066879,-0.004479,0.080465,0.996747,0,0.71172,-0.62199,42.703,-1.244,-1,450.000,-1,400.000,-1,325.000,325.000,325.000,300.000,-1,-1,-1,-1,975.000,775.000,-1,-1,2,0,2,0,2,0,0,0,0,2,2,2,2,0,0,2,2
93,-4530.069,1340.912,65.805,29.475,0.870092,-0.490492,0.048556,0.492768,0.867838,-0.063545,-0.010970,0.079217,0.996797,0,0.71172,-0.62199,42.703,-1.244,-1,425.000,-1,375.000,-1,325.000,325.000,325.000,300.000,-1,-1,-1,-1,925.000,750.000,-1,-1,2,0,2,0,2,0,0,0,0,2,2,2,2,0,0,2,2
94,-4492.443,1361.110,65.628,28.231,0.880330,-0.471600,0.051111,0.474079,0.878402,-0.060489,-0.016369,0.077480,0.996859,0,0.71172,-0.62199,42.703,-1.244,-1,425.000,-1,375.000,-1,325.000,325.000,325.000,300.000,-1,-1,-1,-1,900.000,725.000,-1,-1,2,0,2,0,2,0,0,0,0,2,2,2,2,0,0,2,2
95,-4454.387,1380.486,64.974,26.987,0.890228,-0.452502,0.052306,0.455058,0.888595,-0.057626,-0.020403,0.075102,0.996967,0,0.71172,-0.62199,42.703,-1.244,-1,425.000,-1,375.000,-1,325.000,300.000,325.000,300.000,-1,-1,-1,-1,875.000,725.000,-1,-1,2,0,2,0,2,0,0,0,0,2,2,2,2,0,0,2,2
96,-4415.920,1399.031,64.291,25.743,0.899733,-0.433170,0.053331,0.435784,0.898348,-0.055349,-0.023934,0.073040,0.997042,0,0.71172,-0.62199,42.703,-1.244,-1,425.000,-1,375.000,-1,325.000,300.000,325.000,300.000,-1,-1,-1,-1,850.000,700.000,-1,-1,2,0,2,0,2,0,0,0,0,2,2,2,2,0,0,2,2
97,-4377.060,1416.738,63.589,24.499,0.908840,-0.413616,0.054141,0.416274,0.907653,-0.053681,-0.026938,0.071325,0.997089,0,0.71172,-0.62199,42.703,-1.244,-1,400.000,-1,375.000,-1,325.000,300.000,350.000,300.000,-1,-1,-1,-1,825.000,700.000,-1,-1,2,0,2,0,2,0,0,0,0,2,2,2,2,0,0,2,2
98,-4337.824,1433.597,62.787,23.255,0.917534,-0.393862,0.054819,0.396548,0.916530,-0.052180,-0.029692,0.069615,0.997132,0,0.71172,-0.62199,42.703,-1.244,-1,400.000,-1,375.000,-1,325.000,300.000,350.000,300.000,-1,-1,-1,-1,800.000,700.000,-1,-1,2,0,2,0,2,0,0,0,0,2,2,2,2,0,0,2,2
99,-4298.232,1449.600,61.885,22.011,0.925809,-0.373915,0.055358,0.376617,0.924974,-0.050828,-0.032199,0.067906,0.997172,0,0.71172,-0.62199,42.703,-1.244,-1,400.000,-1,375.000,-1,325.000,300.000,350.000,300.000,-1,-1,-1,-1,775.000,675.000,-1,-1,2,0,2,0,2,0,0,0,0,2,2,2,2,0,0,2,2
100,-4258.302,1464.739,60.884,20.767,0.933663,-0.353786,0.055753,0.356490,0.932981,-0.049609,-0.034466,0.066193,0.997211,0,0.71172,-0.62199,42.703,-1.244,-1,400.000,-1,375.000,-1,325.000,300.000,350.000,300.000,-1,-1,-1,-1,775.000,675.000,-1,-1,2,0,2,0,2,0,0,0,0,2,2,2,2,0,0,2,2
101,-4218.052,1479.009,59.788,19.523,0.941090,-0.333486,0.056002,0.336180,0.940548,-0.048504,-0.036497,0.064473,0.997252,0,0.71172,-0.62199,42.703,-1.244,-1,400.000,-1,375.000,-1,325.000,300.000,350.000,300.000,-1,-1,-1,-1,750.000,675.000,-1,-1,2,0,2,0,2,0,0,0,0,2,2,2,2,0,0,2,2
102,-4177.503,1492.401,58.433,18.279,0.948124,-0.313035,0.055400,0.315647,0.947710,-0.047036,-0.037779,0.062083,0.997356,0,0.71172,-0.62199,42.703,-1.244,-1,400.000,-1,375.000,-1,325.000,300.000,350.000,300.000,-1,-1,-1,-1,750.000,675.000,-1,-1,2,0,2,0,2,0,0,0,0,2,2,2,2,0,0,2,2
103,-4132.024,1506.124,56.571,16.795,0.955997,-0.288451,0.053536,0.290874,0.955713,-0.044782,-0.038248,0.058383,0.997561,0,0.79172,-0.74199,47.503,-1.484,-1,400.000,-1,375.000,-1,325.000,300.000,350.000,300.000,-1,-1,-1,-1,725.000,675.000,-1,-1,2,0,2,0,2,0,0,0,0,2,2,2,2,0,0,2,2
104,-4081.584,1519.704,54.449,15.071,0.964330,-0.259626,0.051602,0.261857,0.964171,-0.042493,-0.038721,0.054489,0.997763,0,0.87059,-0.86199,52.235,-1.724,-1,400.000,-1,375.000,-1,325.000,300.000,350.000,300.000,-1,-1,-1,-1,725.000,675.000,-1,-1,2,0,2,0,2,0,0,0,0,2,2,2,2,0,0,2,2
105,-4030.721,1531.597,52.244,13.163,0.972522,-0.227433,0.049750,0.229487,0.972474,-0.040369,-0.039199,0.050676,0.997946,0,0.87059,-0.95378,52.235,-1.908,-1,375.000,-1,375.000,-1,300.000,300.000,350.000,300.000,-1,-1,-1,-1,700.000,675.000,-1,-1,2,0,2,0,2,0,0,0,0,2,2,2,2,0,0,2,2
106,-3979.489,1541.791,49.975,11.256,0.979631,-0.194971,0.048065,0.196863,0.979680,-0.038360,-0.039609,0.047041,0.998107,0,0.87059,-0.95378,52.235,-1.908,-1,375.000,-1,375.000,-1,300.000,300.000,350.000,300.000,-1,-1,-1,-1,700.000,700.000,-1,-1,2,0,2,0,2,0,0,0,0,2,2,2,2,0,0,2,2
107,-3927.947,1550.273,47.793,9.348,0.985668,-0.162282,0.046069,0.163986,0.985807,-0.035968,-0.039579,0.043007,0.998291,0,0.87059,-0.95378,52.235,-1.908,-1,375.000,-1,375.000,-1,300.000,300.000,325.000,300.000,-1,-1,-1,-1,675.000,700.000,-1,-1,2,0,2,0,2,0,0,0,0,2,2,2,2,0,0,2,2
108,-3876.152,1557.036,45.795,7.441,0.990599,-0.129394,0.044404,0.130964,0.990787,-0.034483,-0.039533,0.039974,0.998418,0,0.87059,-0.95378,52.235,-1.908,-1,375.000,-1,375.000,-1,300.000,300.000,325.000,300.000,-1,475.000,-1,-1,675.000,700.000,-1,-1,2,0,2,0,2,0,0,0,0,2,0,2,2,0,0,2,2
109,-3824.160,1562.072,44.062,5.533,0.994438,-0.096347,0.042557,0.097837,0.994606,-0.034436,-0.039009,0.038408,0.998500,0,0.87059,-0.95378,52.235,-1.908,-1,375.000,-1,375.000,-1,300.000,300.000,325.000,325.000,-1,350.000,-1,-1,700.000,725.000,-1,-1,2,0,2,0,2,0,0,0,0,2,0,2,2,0,0,2,2
110,-3772.029,1565.375,42.274,3.625,0.997167,-0.063190,0.040795,0.064608,0.997316,-0.034444,-0.038509,0.036982,0.998574,0,0.87059,-0.95378,52.235,-1.908,-1,375.000,-1,375.000,-1,300.000,300.000,325.000,325.000,-1,325.000,675.000,-1,700.000,725.000,-1,-1,2,0,2,0,2,0,0,0,0,2,0,0,2,0,0,2,2
111,-3719.817,1566.940,40.426,1.718,0.998786,-0.029959,0.039114,0.031313,0.998915,-0.034483,-0.038039,0.035666,0.998640,0,0.87059,-0.95378,52.235,-1.908,-1,375.000,-1,375.000,-1,300.000,325.000,325.000,325.000,-1,300.000,525.000,-1,700.000,750.000,-1,-1,2,0,2,0,2,0,0,0,0,2,0,0,2,0,0,2,2
112,-3667.582,1566.767,38.516,-0.190,0.999291,0.003309,0.037515,-0.002013,0.999402,-0.034530,-0.037606,0.034430,0.998699,0,0.87059,-0.95378,52.235,-1.908,-1,375.000,-1,375.000,-1,325.000,325.000,325.000,325.000,-1,325.000,475.000,-1,725.000,750.000,-1,-1,2,0,2,0,2,0,0,0,0,2,0,0,2,0,0,2,2
113,-3615.382,1564.855,36.542,-2.097,0.998682,0.036576,0.035998,-0.035334,0.998778,-0.034561,-0.037218,0.033244,0.998754,0,0.87059,-0.95378,52.235,-1.908,-1,375.000,-1,400.000,-1,325.000,325.000,325.000,325.000,-1,375.000,425.000,-1,725.000,775.000,-1,-1,2,0,2,0,2,0,0,0,0,2,0,0,2,0,0,2,2
114,-3563.274,1561.206,34.499,-4.005,0.996961,0.069805,0.034571,-0.068612,0.997045,-0.034556,-0.036881,0.032079,0.998805,0,0.87059,-0.95378,52.235,-1.908,-1,375.000,-1,400.000,-1,325.000,325.000,325.000,325.000,-1,425.000,425.000,-1,750.000,775.000,-1,-1,2,0,2,0,2,0,0,0,0,2,0,0,2,0,0,2,2
115,-3511.316,1555.825,32.385,-5.912,0.994130,0.102958,0.033241,-0.101813,0.994205,-0.034491,-0.036600,0.030904,0.998852,0,0.87059,-0.95378,52.235,-1.908,-1,400.000,-1,400.000,-1,325.000,325.000,325.000,325.000,-1,475.000,400.000,-1,775.000,775.000,-1,-1,2,0,2,0,2,0,0,0,0,2,0,0,2,0,0,2,2
116,-3459.567,1548.718,30.199,-7.820,0.990191,0.136001,0.032021,-0.134900,0.990264,-0.034346,-0.036380,0.029690,0.998897,0,0.87059,-0.95378,52.235,-1.908,-1,400.000,-1,400.000,-1,325.000,325.000,300.000,300.000,-1,525.000,375.000,-1,775.000,800.000,-1,-1,2,0,2,0,2,0,0,0,0,2,0,0,2,0,0,2,2
117,-3408.083,1539.891,27.937,-9.728,0.985149,0.168894,0.030924,-0.167837,0.985225,-0.034104,-0.036227,0.028407,0.998940,0,0.87059,-0.95378,52.235,-1.908,-1,400.000,-1,400.000,-1,325.000,325.000,300.000,300.000,-1,550.000,350.000,-1,800.000,800.000,-1,-1,2,0,2,0,2,0,0,0,0,2,0,0,2,0,0,2,2
118,-3356.921,1529.356,25.597,-11.635,0.979009,0.201604,0.029967,-0.200588,0.979094,-0.033748,-0.036144,0.027028,0.998981,0,0.87059,-0.95378,52.235,-1.908,-1,400.000,-1,400.000,-1,325.000,325.000,300.000,300.000,-1,600.000,350.000,-1,850.000,800.000,-1,-1,2,0,2,0,2,0,0,0,0,2,0,0,2,0,0,2,2
119,-3306.138,1517.124,23.382,-13.543,0.971747,0.234087,0.030168,-0.233048,0.971859,-0.034341,-0.037357,0.026340,0.998955,0,0.87059,-0.95378,52.235,-1.908,-1,400.000,-1,400.000,-1,325.000,325.000,300.000,300.000,-1,725.000,400.000,-1,850.000,775.000,-1,-1,2,0,2,0,2,0,0,0,0,2,0,0,2,0,0,2,2
120,-3255.790,1503.208,21.010,-15.450,0.963385,0.266316,0.031068,-0.265245,0.963557,-0.034695,-0.039176,0.025184,0.998915,0,0.87059,-0.95378,52.235,-1.908,-1,400.000,-1,400.000,-1,325.000,325.000,300.000,300.000,-1,900.000,500.000,-1,850.000,775.000,-1,-1,2,0,2,0,2,0,0,0,0,2,0,0,2,0,0,2,2
121,-3205.934,1487.624,18.624,-17.358,0.953935,0.298254,0.032438,-0.297154,0.954197,-0.034759,-0.041319,0.023519,0.998869,0,0.87059,-0.95378,52.235,-1.908,-1,400.000,-1,400.000,-1,325.000,325.000,300.000,300.000,-1,-1,800.000,-1,850.000,750.000,-1,-1,2,0,2,0,2,0,0,0,0,2,2,0,2,0,0,2,2
122,-3156.624,1470.389,16.284,-19.265,0.943421,0.329863,0.033864,-0.328728,0.943773,-0.035069,-0.043528,0.021953,0.998811,0,0.87059,-0.95378,52.235,-1.908,-1,400.000,-1,400.000,-1,325.000,325.000,275.000,300.000,-1,-1,-1,-1,825.000,725.000,-1,-1,2,0,2,0,2,0,0,0,0,2,2,2,2,0,0,2,2
123,-3107.915,1451.522,13.916,-21.173,0.931866,0.361106,0.035049,-0.359931,0.932296,-0.035686,-0.045563,0.020639,0.998748,0,0.87059,-0.95378,52.235,-1.908,-1,400.000,-1,400.000,-1,325.000,325.000,300.000,300.000,-1,-1,-1,-1,825.000,700.000,-1,-1,2,0,2,0,2,0,0,0,0,2,2,2,2,0,0,2,2
124,-3059.860,1431.044,11.522,-23.080,0.919279,0.391950,0.036077,-0.390740,0.919784,-0.036311,-0.047415,0.019283,0.998689,0,0.87059,-0.95378,52.235,-1.908,-1,400.000,-1,400.000,-1,325.000,325.000,300.000,300.000,-1,-1,-1,-1,800.000,700.000,-1,-1,2,0,2,0,2,0,0,0,0,2,2,2,2,0,0,2,2
125,-3012.515,1408.978,9.103,-24.988,0.905675,0.422361,0.036943,-0.421124,0.906252,-0.036914,-0.049071,0.017875,0.998635,0,0.87059,-0.95378,52.235,-1.908,-1,400.000,-1,375.000,-1,325.000,325.000,300.000,300.000,-1,-1,-1,-1,800.000,675.000,-1,-1,2,0,2,0,2,0,0,0,0,2,2,2,2,0,0,2,2
126,-2965.929,1385.348,6.657,-26.896,0.891069,0.452305,0.037645,-0.451049,0.891713,-0.037464,-0.050514,0.016403,0.998589,0,0.87059,-0.95378,52.235,-1.908,-1,400.000,-1,375.000,-1,325.000,325.000,300.000,300.000,-1,-1,-1,-1,775.000,650.000,-1,-1,2,0,2,0,2,0,0,0,0,2,2,2,2,0,0,2,2
127,-2920.111,1360.158,4.182,-28.801,0.875498,0.481710,0.038187,-0.480444,0.876205,-0.037931,-0.051732,0.014862,0.998550,0,0.87143,-0.95254,52.286,-1.905,-1,400.000,-1,375.000,975.000,325.000,325.000,300.000,300.000,-1,-1,-1,-1,750.000,625.000,-1,975.000,2,0,2,0,0,0,0,0,0,2,2,2,2,0,0,2,0
128,-2878.392,1335.617,2.163,-30.466,0.861101,0.506984,0.038362,-0.505793,0.861867,-0.036860,-0.051750,0.012337,0.998584,0,0.80670,-0.83254,48.402,-1.665,-1,400.000,-1,375.000,975.000,325.000,325.000,300.000,300.000,-1,-1,-1,-1,750.000,625.000,-1,925.000,2,0,2,0,0,0,0,0,0,2,2,2,2,0,0,2,0
129,-2837.251,1310.018,0.183,-31.891,0.848200,0.528277,0.038465,-0.527185,0.849017,-0.035307,-0.051309,0.009670,0.998636,0,0.80759,-0.71254,48.456,-1.425,-1,400.000,-1,375.000,975.000,325.000,325.000,300.000,300.000,-1,-1,-1,-1,725.000,625.000,-1,925.000,2,0,2,0,0,0,0,0,0,2,2,2,2,0,0,2,0
130,-2796.613,1283.551,-1.942,-33.076,0.837072,0.545738,0.038485,-0.544785,0.837930,-0.032900,-0.050203,0.006574,0.998717,0,0.80828,-0.59254,48.497,-1.185,-1,400.000,-1,375.000,975.000,325.000,300.000,300.000,300.000,-1,-1,-1,-1,725.000,600.000,-1,900.000,2,0,2,0,0,0,0,0,0,2,2,2,2,0,0,2,0
131,-2756.392,1256.401,-4.137,-34.021,0.827941,0.559493,0.038483,-0.558698,0.828828,-0.030006,-0.048684,0.003343,0.998809,0,0.80879,-0.47254,48.527,-0.945,-1,400.000,-1,350.000,975.000,325.000,300.000,300.000,300.000,-1,-1,-1,-1,725.000,600.000,-1,900.000,2,0,2,0,0,0,0,0,0,2,2,2,2,0,0,2,0
132,-2716.490,1228.744,-6.319,-34.726,0.820984,0.569654,0.038482,-0.569012,0.821885,-0.027038,-0.047030,0.000301,0.998893,0,0.80916,-0.35254,48.549,-0.705,-1,400.000,-1,350.000,975.000,325.000,300.000,300.000,300.000,-1,-1,-1,-1,700.000,600.000,-1,900.000,2,0,2,0,0,0,0,0,0,2,2,2,2,0,0,2,0
133,-2676.801,1200.757,-8.425,-35.191,0.816325,0.576305,0.038554,-0.575793,0.817232,-0.024388,-0.045562,-0.002291,0.998959,0,0.80941,-0.23254,48.565,-0.465,-1,400.000,-1,350.000,975.000,325.000,300.000,300.000,300.000,-1,-1,-1,-1,675.000,600.000,-1,875.000,2,0,2,0,0,0,0,0,0,2,2,2,2,0,0,2,0
134,-2637.214,1172.607,-10.463,-35.416,0.814064,0.579507,0.038376,-0.579113,0.814955,-0.021806,-0.043911,-0.004472,0.999025,0,0.80958,-0.11254,48.575,-0.225,-1,375.000,-1,350.000,950.000,300.000,300.000,300.000,300.000,-1,-1,-1,-1,675.000,575.000,-1,850.000,2,0,2,0,0,0,0,0,0,2,2,2,2,0,0,2,0
135,-2597.674,1144.382,-12.433,-35.521,0.813025,0.580990,0.037954,-0.580705,0.813886,-0.019270,-0.042086,-0.006373,0.999094,0,0.80969,-0.05238,48.582,-0.105,-1,375.000,-1,350.000,950.000,300.000,300.000,300.000,300.000,-1,-1,-1,-1,650.000,575.000,-1,850.000,2,0,2,0,0,0,0,0,0,2,2,2,2,0,0,2,0
136,-2558.181,1116.084,-14.332,-35.623,0.812028,0.582426,0.037303,-0.582241,0.812844,-0.016764,-0.040086,-0.008107,0.999163,0,0.80974,-0.05083,48.584,-0.102,-1,375.000,-1,350.000,925.000,300.000,300.000,300.000,300.000,-1,-1,-1,-1,650.000,575.000,-1,825.000,2,0,2,0,0,0,0,0,0,2,2,2,2,0,0,2,0
137,-2518.740,1087.721,-16.214,-35.722,0.811076,0.583822,0.036176,-0.583722,0.811827,-0.014356,-0.037750,-0.009473,0.999242,0,0.80969,-0.04948,48.581,-0.099,-1,375.000,-1,350.000,925.000,300.000,300.000,325.000,300.000,-1,600.000,-1,-1,650.000,575.000,-1,825.000,2,0,2,0,0,0,0,0,0,2,0,2,2,0,0,2,0
138,-2479.352,1059.295,-18.032,-35.818,0.810157,0.585181,0.034778,-0.585155,0.810833,-0.011985,-0.035213,-0.010641,0.999323,0,0.80956,-0.04824,48.574,-0.096,-1,375.000,-1,350.000,925.000,300.000,300.000,325.000,300.000,-1,450.000,700.000,-1,625.000,550.000,-1,800.000,2,0,2,0,0,0,0,0,0,2,0,0,2,0,0,2,0
139,-2440.022,1030.812,-19.769,-35.912,0.809264,0.586507,0.033192,-0.586544,0.809860,-0.009628,-0.032528,-0.011677,0.999403,0,0.80935,-0.04710,48.561,-0.094,-1,375.000,-1,325.000,900.000,300.000,275.000,325.000,300.000,-1,375.000,550.000,-1,625.000,550.000,-1,800.000,2,0,2,0,0,0,0,0,0,2,0,0,2,0,0,2,0
