timestep,x_cm,y_cm,z_cm,yaw_deg,basis_xx,basis_xy,basis_xz,basis_yx,basis_yy,basis_yz,basis_zx,basis_zy,basis_zz,teleport_flag,throttle_cmd,steering_cmd,cmd_move_cm,cmd_turn_deg,lidar_cm_0,lidar_cm_1,lidar_cm_2,lidar_cm_3,lidar_cm_4,lidar_cm_5,lidar_cm_6,lidar_cm_7,lidar_cm_8,lidar_cm_9,lidar_cm_10,lidar_cm_11,lidar_cm_12,lidar_cm_13,lidar_cm_14,lidar_cm_15,lidar_cm_16,lidar_class_0,lidar_class_1,lidar_class_2,lidar_class_3,lidar_class_4,lidar_class_5,lidar_class_6,lidar_class_7,lidar_class_8,lidar_class_9,lidar_class_10,lidar_class_11,lidar_class_12,lidar_class_13,lidar_class_14,lidar_class_15,lidar_class_16
0,8859.828,-4920.234,314.986,-9.317,0.986446,0.161474,-0.029158,-0.163128,0.984249,-0.068144,0.017696,0.071977,0.997249,1,0.08000,0.12000,4.800,0.240,-1,400.000,-1,400.000,-1,325.000,325.000,325.000,325.000,-1,-1,-1,-1,875.000,825.000,-1,-1,2,0,2,0,2,0,0,0,0,2,2,2,2,0,0,2,2
1,8869.313,-4921.708,315.153,-8.837,0.987764,0.153224,-0.029056,-0.154890,0.985576,-0.068187,0.018189,0.071853,0.997249,0,0.16000,0.24000,9.600,0.480,-1,400.000,-1,400.000,-1,325.000,325.000,325.000,325.000,-1,-1,-1,-1,875.000,825.000,-1,-1,2,0,2,0,2,0,0,0,0,2,2,2,2,0,0,2,2
2,8883.569,-4923.741,315.418,-8.117,0.989612,0.140829,-0.028893,-0.142512,0.987438,-0.068236,0.018920,0.071645,0.997251,0,0.24000,0.36000,14.400,0.720,-1,400.000,-1,400.000,-1,325.000,325.000,325.000,325.000,-1,-1,-1,-1,875.000,825.000,-1,-1,2,0,2,0,2,0,0,0,0,2,2,2,2,0,0,2,2
3,8902.619,-4926.134,315.799,-7.157,0.991835,0.124268,-0.028661,-0.125971,0.989682,-0.068273,0.019882,0.071326,0.997255,0,0.32000,0.48000,19.200,0.960,-1,400.000,-1,400.000,-1,325.000,325.000,325.000,325.000,-1,-1,-1,-1,875.000,825.000,-1,-1,2,0,2,0,2,0,0,0,0,2,2,2,2,0,0,2,2
4,8926.481,-4928.690,316.312,-6.116,0.993934,0.106266,-0.028349,-0.107986,0.991805,-0.068274,0.020861,0.070921,0.997264,0,0.40000,0.52063,24.000,1.041,-1,400.000,-1,400.000,-1,325.000,325.000,325.000,325.000,-1,-1,-1,-1,875.000,850.000,-1,-1,2,0,2,0,2,0,0,0,0,2,2,2,2,0,0,2,2
5,8955.168,-4931.238,316.974,-5.075,0.995707,0.088236,-0.027949,-0.089965,0.993606,-0.068221,0.021751,0.070442,0.997279,0,0.48000,0.52039,28.800,1.041,-1,400.000,-1,400.000,-1,325.000,325.000,325.000,325.000,-1,-1,-1,-1,900.000,850.000,-1,-1,2,0,2,0,2,0,0,0,0,2,2,2,2,0,0,2,2
6,8988.684,-4933.602,317.797,-4.034,0.997156,0.070180,-0.027459,-0.071909,0.995084,-0.068098,0.022545,0.069879,0.997301,0,0.56000,0.52029,33.600,1.041,-1,400.000,-1,400.000,-1,325.000,325.000,325.000,325.000,-1,-1,-1,-1,900.000,850.000,-1,-1,2,0,2,0,2,0,0,0,0,2,2,2,2,0,0,2,2
7,9027.031,-4935.608,318.792,-2.993,0.998280,0.052096,-0.026879,-0.053817,0.996240,-0.067890,0.023241,0.069220,0.997331,0,0.64000,0.52039,38.400,1.041,-1,400.000,-1,400.000,-1,325.000,325.000,325.000,325.000,-1,-1,-1,-1,900.000,850.000,-1,-1,2,0,2,0,2,0,0,0,0,2,2,2,2,0,0,2,2
8,9070.205,-4937.080,319.973,-1.952,0.999079,0.033979,-0.026208,-0.035684,0.997075,-0.067582,0.023835,0.068455,0.997369,0,0.72000,0.52080,43.200,1.042,-1,425.000,-1,400.000,-1,325.000,325.000,325.000,325.000,-1,-1,-1,-1,925.000,850.000,-1,-1,2,0,2,0,2,0,0,0,0,2,2,2,2,0,0,2,2
9,9117.743,-4937.835,321.335,-0.909,0.999551,0.015822,-0.025453,-0.017501,0.997588,-0.067164,0.024329,0.067579,0.997417,0,0.79241,0.52159,47.545,1.043,-1,425.000,-1,400.000,-1,325.000,325.000,325.000,325.000,-1,-1,-1,-1,925.000,875.000,-1,-1,2,0,2,0,2,0,0,0,0,2,2,2,2,0,0,2,2
10,9164.927,-4937.723,322.748,0.137,0.999692,-0.002387,-0.024694,0.000736,0.997775,-0.066671,0.024798,0.066632,0.997469,0,0.78640,0.52287,47.184,1.046,-1,425.000,-1,425.000,-1,325.000,325.000,325.000,325.000,-1,-1,-1,-1,950.000,875.000,-1,-1,2,0,2,0,2,0,0,0,0,2,2,2,2,0,0,2,2
11,9211.760,-4936.753,323.670,1.186,0.999512,-0.020656,-0.023438,0.019057,0.997605,-0.066493,0.024755,0.066014,0.997512,0,0.78073,0.52453,46.844,1.049,-1,425.000,-1,425.000,-1,325.000,325.000,325.000,325.000,-1,-1,-1,-1,950.000,900.000,-1,-1,2,0,2,0,2,0,0,0,0,2,2,2,2,0,0,2,2
12,9258.252,-4934.936,324.308,2.239,0.999009,-0.038990,-0.021462,0.037494,0.997104,-0.066158,0.023979,0.065288,0.997578,0,0.77546,0.52657,46.528,1.053,-1,425.000,-1,400.000,-1,325.000,325.000,325.000,300.000,-1,-1,-1,-1,950.000,875.000,-1,-1,2,0,2,0,2,0,0,0,0,2,2,2,2,0,0,2,2
13,9304.414,-4932.278,324.999,3.297,0.998161,-0.057396,-0.019495,0.056004,0.996266,-0.065710,0.023194,0.064497,0.997648,0,0.77065,0.52897,46.239,1.058,-1,425.000,-1,400.000,-1,325.000,325.000,300.000,300.000,-1,-1,-1,-1,950.000,875.000,-1,-1,2,0,2,0,2,0,0,0,0,2,2,2,2,0,0,2,2
14,9353.350,-4928.758,325.777,4.115,0.997280,-0.071616,-0.017414,0.070344,0.995398,-0.065074,0.021994,0.063672,0.997728,0,0.81772,0.40897,49.063,0.818,-1,425.000,-1,400.000,-1,325.000,325.000,300.000,300.000,-1,-1,-1,-1,925.000,875.000,-1,-1,2,0,2,0,2,0,0,0,0,2,2,2,2,0,0,2,2
15,9402.039,-4924.761,326.579,4.693,0.996542,-0.081657,-0.015348,0.080513,0.994675,-0.064333,0.020520,0.062875,0.997810,0,0.81421,0.28897,48.853,0.578,-1,425.000,-1,400.000,-1,325.000,325.000,300.000,300.000,-1,-1,-1,-1,925.000,875.000,-1,-1,2,0,2,0,2,0,0,0,0,2,2,2,2,0,0,2,2
16,9450.549,-4920.492,327.393,5.031,0.996074,-0.087526,-0.013293,0.086516,0.994223,-0.063525,0.018777,0.062125,0.997892,0,0.81162,0.16897,48.697,0.338,-1,425.000,-1,400.000,-1,325.000,325.000,300.000,300.000,-1,-1,-1,-1,925.000,875.000,-1,-1,2,0,2,0,2,0,0,0,0,2,2,2,2,0,0,2,2
17,9498.948,-4916.149,328.206,5.129,0.995948,-0.089229,-0.011244,0.088357,0.994114,-0.062686,0.016771,0.061438,0.997970,0,0.80989,0.04897,48.593,0.098,-1,400.000,-1,400.000,-1,325.000,325.000,300.000,300.000,-1,-1,-1,-1,925.000,850.000,-1,-1,2,0,2,0,2,0,0,0,0,2,2,2,2,0,0,2,2
18,9547.299,-4911.930,329.004,4.987,0.996186,-0.086767,-0.009192,0.086038,0.994370,-0.061853,0.014507,0.060826,0.998043,0,0.80893,-0.07103,48.536,-0.142,-1,400.000,-1,400.000,-1,325.000,325.000,300.000,300.000,-1,-1,-1,-1,900.000,850.000,-1,-1,2,0,2,0,2,0,0,0,0,2,2,2,2,0,0,2,2
19,9595.662,-4908.036,329.778,4.605,0.996758,-0.080137,-0.007132,0.079555,0.994959,-0.061060,0.011989,0.060295,0.998109,0,0.80866,-0.19103,48.520,-0.382,-1,400.000,-1,400.000,-1,325.000,325.000,300.000,300.000,-1,-1,-1,1000.000,900.000,850.000,-1,-1,2,0,2,0,2,0,0,0,0,2,2,2,1,0,0,2,2
20,9644.086,-4904.665,330.515,3.983,0.997581,-0.069332,-0.005059,0.068902,0.995797,-0.060345,0.009221,0.059850,0.998165,0,0.80901,-0.31103,48.540,-0.622,-1,400.000,-1,400.000,-1,325.000,325.000,300.000,300.000,-1,-1,-1,975.000,900.000,850.000,-1,-1,2,0,2,0,2,0,0,0,0,2,2,2,1,0,0,2,2
21,9692.607,-4902.020,331.206,3.121,0.998518,-0.054343,-0.002969,0.054069,0.996748,-0.059742,0.006206,0.059493,0.998209,0,0.80989,-0.43103,48.593,-0.862,-1,400.000,-1,400.000,-1,325.000,325.000,300.000,300.000,-1,-1,-1,975.000,900.000,850.000,-1,-1,2,0,2,0,2,0,0,0,0,2,2,2,1,0,0,2,2
22,9741.251,-4900.307,331.840,2.019,0.999381,-0.035163,-0.000864,0.035050,0.997625,-0.059287,0.002947,0.059220,0.998241,0,0.81123,-0.55103,48.674,-1.102,-1,400.000,-1,400.000,-1,325.000,325.000,300.000,325.000,-1,-1,-1,-1,875.000,850.000,-1,-1,2,0,2,0,2,0,0,0,0,2,2,2,2,0,0,2,2
23,9790.026,-4899.696,332.410,0.718,0.999921,-0.012513,0.001248,0.012565,0.998178,-0.059009,-0.000507,0.059020,0.998257,0,0.81297,-0.65021,48.778,-1.300,-1,400.000,-1,400.000,-1,325.000,325.000,300.000,325.000,-1,-1,-1,-1,875.000,825.000,-1,-1,2,0,2,0,2,0,0,0,0,2,2,2,2,0,0,2,2
24,9838.924,-4900.186,332.810,-0.573,0.999946,0.009986,0.003013,-0.009792,0.998225,-0.058738,-0.003594,0.058706,0.998269,0,0.81499,-0.64568,48.899,-1.291,-1,425.000,-1,400.000,-1,325.000,325.000,325.000,325.000,-1,-1,-1,-1,875.000,825.000,-1,-1,2,0,2,0,2,0,0,0,0,2,2,2,2,0,0,2,2
25,9887.922,-4901.774,332.161,-1.855,0.999468,0.032323,0.004363,-0.032015,0.997797,-0.058109,-0.006231,0.057939,0.998301,0,0.81705,-0.64112,49.023,-1.282,-1,400.000,-1,400.000,-1,325.000,325.000,300.000,325.000,-1,-1,-1,-1,875.000,825.000,-1,-1,2,0,2,0,2,0,0,0,0,2,2,2,2,0,0,2,2
26,9936.997,-4904.457,331.421,-3.128,0.998498,0.054485,0.005783,-0.054062,0.996870,-0.057691,-0.008908,0.057292,0.998318,0,0.81914,-0.63655,49.149,-1.273,-1,400.000,-1,400.000,-1,325.000,325.000,300.000,325.000,-1,-1,-1,-1,875.000,825.000,-1,-1,2,0,2,0,2,0,0,0,0,2,2,2,2,0,0,2,2
27,9986.129,-4908.232,330.622,-4.392,0.997047,0.076463,0.007184,-0.075928,0.995460,-0.057390,-0.011540,0.056675,0.998326,0,0.82127,-0.63194,49.276,-1.264,-1,400.000,-1,400.000,-1,325.000,325.000,300.000,300.000,-1,-1,-1,-1,850.000,825.000,-1,-1,2,0,2,0,2,0,0,0,0,2,2,2,2,0,0,2,2
28,10035.295,-4913.094,329.763,-5.647,0.995125,0.098245,0.008561,-0.097600,0.993580,-0.057205,-0.014126,0.056091,0.998326,0,0.82342,-0.62732,49.405,-1.255,-1,400.000,-1,400.000,-1,325.000,325.000,300.000,300.000,-1,-1,-1,-1,850.000,825.000,-1,-1,2,0,2,0,2,0,0,0,0,2,2,2,2,0,0,2,2
29,10079.600,-4918.269,328.947,-6.662,0.993221,0.115826,0.009774,-0.115088,0.991711,-0.057135,-0.016311,0.055623,0.998319,0,0.74342,-0.50732,44.605,-1.015,-1,400.000,-1,400.000,-1,325.000,325.000,300.000,300.000,-1,-1,-1,-1,850.000,825.000,-1,-1,2,0,2,0,2,0,0,0,0,2,2,2,2,0,0,2,2
30,10120.912,-4923.662,328.154,-7.436,0.991555,0.129226,0.010882,-0.128406,0.990074,-0.057140,-0.018158,0.055260,0.998307,0,0.69437,-0.38732,41.662,-0.775,-1,400.000,-1,400.000,-1,325.000,325.000,300.000,300.000,-1,-1,-1,-1,825.000,800.000,-1,-1,2,0,2,0,2,0,0,0,0,2,2,2,2,0,0,2,2
31,10162.274,-4929.454,327.338,-7.971,0.990295,0.138461,0.011972,-0.137566,0.988840,-0.057195,-0.019758,0.054993,0.998291,0,0.69608,-0.26732,41.765,-0.535,-1,400.000,-1,400.000,-1,325.000,325.000,300.000,300.000,-1,-1,-1,-1,825.000,800.000,-1,-1,2,0,2,0,2,0,0,0,0,2,2,2,2,0,0,2,2
32,10203.701,-4935.472,326.508,-8.266,0.989558,0.143546,0.013052,-0.142582,0.988124,-0.057277,-0.021119,0.054818,0.998273,0,0.69770,-0.14732,41.862,-0.295,-1,400.000,-1,400.000,-1,325.000,325.000,300.000,300.000,-1,-1,-1,-1,825.000,800.000,-1,-1,2,0,2,0,2,0,0,0,0,2,2,2,2,0,0,2,2
33,10245.216,-4941.544,325.673,-8.320,0.989406,0.144489,0.014131,-0.143463,0.987992,-0.057363,-0.022250,0.054728,0.998253,0,0.69927,-0.02732,41.956,-0.055,-1,400.000,-1,400.000,-1,325.000,325.000,325.000,300.000,-1,-1,-1,-1,825.000,800.000,-1,-1,2,0,2,0,2,0,0,0,0,2,2,2,2,0,0,2,2
34,10286.844,-4947.494,324.843,-8.135,0.989851,0.141292,0.015219,-0.140210,0.988455,-0.057429,-0.023158,0.054712,0.998234,0,0.70086,0.09268,42.051,0.185,-1,400.000,-1,400.000,-1,325.000,325.000,325.000,300.000,-1,-1,-1,-1,825.000,800.000,-1,-1,2,0,2,0,2,0,0,0,0,2,2,2,2,0,0,2,2
35,10328.612,-4953.149,324.028,-7.710,0.990854,0.133950,0.016325,-0.132817,0.989474,-0.057453,-0.023849,0.054759,0.998215,0,0.70249,0.21268,42.149,0.425,-1,400.000,-1,400.000,-1,325.000,325.000,325.000,300.000,-1,-1,-1,-1,825.000,800.000,-1,-1,2,0,2,0,2,0,0,0,0,2,2,2,2,0,0,2,2
36,10370.546,-4958.330,323.237,-7.044,0.992321,0.122450,0.017456,-0.121272,0.990958,-0.057410,-0.024328,0.054852,0.998198,0,0.70422,0.33268,42.253,0.665,-1,400.000,-1,400.000,-1,325.000,325.000,325.000,300.000,-1,-1,-1,-1,825.000,800.000,-1,-1,2,0,2,0,2,0,0,0,0,2,2,2,2,0,0,2,2
37,10412.670,-4962.861,322.481,-6.139,0.994109,0.106776,0.018619,-0.105559,0.992762,-0.057277,-0.024600,0.054974,0.998185,0,0.70611,0.45268,42.366,0.905,-1,400.000,-1,400.000,-1,325.000,325.000,325.000,300.000,-1,-1,-1,-1,825.000,775.000,-1,-1,2,0,2,0,2,0,0,0,0,2,2,2,2,0,0,2,2
38,10454.999,-4966.559,321.771,-4.993,0.996019,0.086910,0.019818,-0.085660,0.994691,-0.057029,-0.024669,0.055105,0.998176,0,0.70819,0.57268,42.491,1.145,-1,400.000,-1,400.000,-1,325.000,325.000,325.000,300.000,-1,-1,-1,-1,825.000,775.000,-1,-1,2,0,2,0,2,0,0,0,0,2,2,2,2,0,0,2,2
39,10497.546,-4969.242,320.961,-3.608,0.997807,0.062838,0.020789,-0.061591,0.996529,-0.055997,-0.024236,0.054594,0.998214,0,0.71052,0.69268,42.631,1.385,-1,400.000,-1,400.000,-1,325.000,325.000,325.000,325.000,-1,-1,-1,-1,825.000,800.000,-1,-1,2,0,2,0,2,0,0,0,0,2,2,2,2,0,0,2,2
40,10540.308,-4970.722,319.859,-1.983,0.999176,0.034547,0.021320,-0.033316,0.997896,-0.055614,-0.023197,0.054858,0.998225,0,0.71314,0.81268,42.788,1.625,-1,400.000,-1,400.000,-1,325.000,325.000,325.000,325.000,-1,-1,-1,-1,825.000,800.000,-1,-1,2,0,2,0,2,0,0,0,0,2,2,2,2,0,0,2,2
41,10583.272,-4970.810,318.775,-0.117,0.999758,0.002046,0.021911,-0.000830,0.998466,-0.055353,-0.021991,0.055322,0.998226,0,0.71608,0.93268,42.965,1.865,-1,400.000,-1,400.000,-1,325.000,325.000,325.000,300.000,-1,-1,-1,-1,850.000,800.000,-1,-1,2,0,2,0,2,0,0,0,0,2,2,2,2,0,0,2,2
42,10631.020,-4969.553,317.651,1.508,0.999400,-0.026275,0.022567,0.027482,0.998111,-0.054943,-0.021081,0.055531,0.998234,0,0.79608,0.81268,47.765,1.625,-1,400.000,-1,400.000,-1,325.000,325.000,325.000,300.000,-1,-1,-1,-1,850.000,800.000,-1,-1,2,0,2,0,2,0,0,0,0,2,2,2,2,0,0,2,2
43,10683.518,-4966.899,316.487,2.893,0.998458,-0.050398,0.023281,0.051602,0.997186,-0.054385,-0.020474,0.055502,0.998249,0,0.87608,0.69268,52.565,1.385,-1,400.000,-1,400.000,-1,325.000,325.000,325.000,300.000,-1,-1,-1,-1,850.000,800.000,-1,-1,2,0,2,0,2,0,0,0,0,2,2,2,2,0,0,2,2
44,10737.407,-4963.095,315.349,4.039,0.997236,-0.070321,0.024005,0.071527,0.995991,-0.053725,-0.020131,0.055293,0.998267,0,0.90039,0.57268,54.024,1.145,-1,400.000,-1,400.000,-1,325.000,325.000,325.000,300.000,-1,-1,-1,-1,850.000,825.000,-1,-1,2,0,2,0,2,0,0,0,0,2,2,2,2,0,0,2,2
45,10791.652,-4958.403,314.248,4.944,0.995984,-0.086052,0.024724,0.087263,0.994775,-0.052992,-0.020035,0.054937,0.998289,0,0.90746,0.45268,54.448,0.905,-1,400.000,-1,400.000,-1,325.000,325.000,325.000,300.000,-1,-1,-1,-1,850.000,825.000,-1,-1,2,0,2,0,2,0,0,0,0,2,2,2,2,0,0,2,2
46,10846.262,-4953.039,313.169,5.609,0.994901,-0.097600,0.025438,0.098821,0.993735,-0.052205,-0.020184,0.054453,0.998312,0,0.91456,0.33268,54.874,0.665,-1,400.000,-1,400.000,-1,325.000,325.000,300.000,300.000,-1,-1,-1,-1,875.000,825.000,-1,-1,2,0,2,0,2,0,0,0,0,2,2,2,2,0,0,2,2
47,10901.257,-4947.226,312.098,6.035,0.994131,-0.104978,0.026149,0.106212,0.993015,-0.051382,-0.020573,0.053857,0.998337,0,0.92169,0.21268,55.301,0.425,-1,400.000,-1,400.000,-1,325.000,325.000,300.000,300.000,-1,-1,-1,-1,875.000,825.000,-1,-1,2,0,2,0,2,0,0,0,0,2,2,2,2,0,0,2,2
48,10956.661,-4941.188,311.023,6.220,0.993767,-0.108194,0.026860,0.109445,0.992707,-0.050540,-0.021196,0.053165,0.998361,0,0.92887,0.09268,55.732,0.185,-1,400.000,-1,400.000,-1,325.000,325.000,300.000,300.000,-1,-1,-1,-1,875.000,825.000,-1,-1,2,0,2,0,2,0,0,0,0,2,2,2,2,0,0,2,2
49,11012.502,-4935.156,309.930,6.165,0.993849,-0.107252,0.027575,0.108523,0.992851,-0.049699,-0.022047,0.052386,0.998384,0,0.93609,-0.02732,56.166,-0.055,-1,400.000,-1,400.000,-1,325.000,325.000,325.000,325.000,-1,-1,-1,-1,875.000,-1,-1,-1,2,0,2,0,2,0,0,0,0,2,2,2,2,0,2,2,2
50,11063.598,-4929.903,308.911,5.871,0.994368,-0.102149,0.028231,0.103442,0.993430,-0.048955,-0.023044,0.051599,0.998402,0,0.85609,-0.14732,51.366,-0.295,-1,400.000,-1,400.000,-1,325.000,325.000,325.000,325.000,-1,-1,-1,-1,925.000,-1,-1,-1,2,0,2,0,2,0,0,0,0,2,2,2,2,1,2,2,2
51,11111.428,-4925.436,307.929,5.336,0.995259,-0.092878,0.028849,0.094196,0.994381,-0.048301,-0.024201,0.050789,0.998416,0,0.80063,-0.26732,48.038,-0.535,-1,425.000,-1,400.000,-1,325.000,325.000,325.000,325.000,-1,-1,-1,-1,1000.000,-1,-1,-1,2,0,2,0,2,0,0,0,0,2,2,2,2,1,2,2,2
52,11159.691,-4921.586,306.681,4.561,0.996397,-0.079426,0.029725,0.080805,0.995549,-0.048501,-0.025741,0.050729,0.998381,0,0.80693,-0.38732,48.416,-0.775,-1,425.000,-1,400.000,-1,325.000,325.000,325.000,325.000,-1,-1,-1,-1,-1,-1,-1,-1,2,0,2,0,2,0,0,0,0,2,2,2,2,2,2,2,2
53,11208.397,-4918.568,304.972,3.547,0.997603,-0.061787,0.031141,0.063241,0.996838,-0.048119,-0.028070,0.049973,0.998356,0,0.81331,-0.50732,48.799,-1.015,-1,425.000,-1,400.000,-1,325.000,325.000,325.000,300.000,-1,-1,-1,-1,-1,-1,-1,-1,2,0,2,0,2,0,0,0,0,2,2,2,2,2,2,2,2
54,11257.545,-4916.598,303.106,2.296,0.998661,-0.040019,0.032789,0.041551,0.998010,-0.047430,-0.030826,0.048729,0.998336,0,0.81978,-0.62527,49.187,-1.251,-1,425.000,-1,400.000,-1,325.000,325.000,300.000,300.000,-1,-1,-1,-1,-1,-1,-1,-1,2,0,2,0,2,0,0,0,0,2,2,2,2,2,2,2,2
55,11307.116,-4915.692,301.173,1.049,0.999239,-0.018279,0.034452,0.019885,0.998704,-0.046852,-0.033551,0.047501,0.998308,0,0.82631,-0.62386,49.579,-1.248,-1,400.000,-1,400.000,-1,325.000,325.000,300.000,300.000,-1,-1,-1,-1,-1,-1,-1,-1,2,0,2,0,2,0,0,0,0,2,2,2,2,2,2,2,2
56,11357.088,-4915.863,299.174,-0.196,0.999341,0.003412,0.036124,-0.001734,0.998922,-0.046385,-0.036243,0.046292,0.998270,0,0.83288,-0.62214,49.973,-1.244,-1,400.000,-1,400.000,-1,325.000,325.000,300.000,300.000,-1,-1,-1,-1,-1,-1,-1,-1,2,0,2,0,2,0,0,0,0,2,2,2,2,2,2,2,2
57,11407.441,-4917.126,297.109,-1.436,0.998972,0.025032,0.037801,-0.023283,0.998669,-0.046030,-0.038903,0.045103,0.998225,0,0.83946,-0.62007,50.368,-1.240,-1,400.000,-1,400.000,-1,325.000,325.000,300.000,300.000,-1,-1,-1,-1,-1,-1,-1,-1,2,0,2,0,2,0,0,0,0,2,2,2,2,2,2,2,2
58,11458.149,-4919.493,294.982,-2.671,0.998135,0.046558,0.039479,-0.044738,0.997949,-0.045786,-0.041530,0.043935,0.998171,0,0.84605,-0.61764,50.763,-1.235,-1,400.000,-1,400.000,-1,325.000,325.000,300.000,300.000,-1,-1,-1,-1,-1,-1,-1,-1,2,1,2,0,2,0,0,0,0,2,2,2,2,2,2,2,2
59,11509.187,-4922.974,292.792,-3.901,0.996839,0.067966,0.041151,-0.066077,0.996770,-0.045653,-0.044121,0.042789,0.998109,0,0.85261,-0.61481,51.157,-1.230,-1,575.000,-1,-1,-1,325.000,325.000,300.000,300.000,-1,-1,-1,-1,-1,-1,-1,-1,2,1,2,2,2,0,0,0,0,2,2,2,2,2,2,2,2
60,11560.530,-4927.578,290.543,-5.124,0.995090,0.089231,0.042814,-0.087273,0.995139,-0.045629,-0.046677,0.041668,0.998041,0,0.85913,-0.61156,51.548,-1.223,-1,725.000,-1,-1,-1,475.000,-1,300.000,300.000,-1,-1,-1,-1,-1,-1,-1,-1,2,1,2,2,2,1,2,0,0,2,2,2,2,2,2,2,2
61,11612.148,-4933.314,288.235,-6.340,0.992900,0.110329,0.044463,-0.108301,0.993067,-0.045713,-0.049198,0.040573,0.997965,0,0.86559,-0.60784,51.935,-1.216,-1,850.000,-1,-1,-1,875.000,-1,300.000,300.000,-1,-1,-1,-1,-1,-1,-1,-1,2,1,2,2,2,1,2,0,0,2,2,2,2,2,2,2,2
62,11664.011,-4940.186,285.872,-7.547,0.990279,0.131233,0.046093,-0.129135,0.990564,-0.045903,-0.051682,0.039505,0.997882,0,0.87194,-0.60363,52.316,-1.207,-1,975.000,-1,-1,-1,-1,-1,325.000,300.000,-1,-1,-1,-1,-1,-1,-1,-1,2,1,2,2,2,2,2,0,0,2,2,2,2,2,2,2,2
63,11716.088,-4948.197,283.455,-8.745,0.987242,0.151916,0.047700,-0.149746,0.987645,-0.046198,-0.054129,0.038466,0.997793,0,0.87816,-0.59885,52.689,-1.198,-1,-1,-1,-1,-1,-1,-1,325.000,300.000,-1,-1,-1,-1,-1,-1,-1,-1,2,2,2,2,2,2,2,0,0,2,2,2,2,2,2,2,2
64,11768.345,-4957.347,280.863,-9.931,0.983811,0.172352,0.049105,-0.170146,0.984342,-0.046059,-0.056274,0.036958,0.997731,0,0.88418,-0.59347,53.051,-1.187,-1,-1,-1,-1,-1,-1,-1,325.000,300.000,-1,-1,-1,-1,-1,-1,-1,-1,2,2,2,2,2,2,2,0,0,2,2,2,2,2,2,2,2
65,11820.744,-4967.638,274.027,-11.106,0.979049,0.192597,0.066094,-0.190874,0.981108,-0.031531,-0.070918,0.018255,0.997315,0,0.88997,-0.58741,53.398,-1.175,-1,-1,-1,-1,-1,-1,-1,275.000,325.000,-1,-1,-1,-1,-1,-1,-1,-1,2,2,2,2,2,2,2,0,0,2,2,2,2,2,2,2,2
66,11873.247,-4979.054,266.146,-12.267,0.973443,0.212475,0.085219,-0.211557,0.977166,-0.019770,-0.087474,0.001216,0.996166,0,0.89543,-0.58059,53.726,-1.161,-1,-1,-1,-1,-1,-1,-1,250.000,325.000,-1,-1,-1,-1,-1,-1,-1,-1,2,2,2,2,2,2,2,0,0,2,2,2,2,2,2,2,2
67,11925.811,-4991.591,251.789,-13.413,0.965620,0.231969,0.117342,-0.229527,0.972705,-0.034099,-0.122049,0.005994,0.992506,0,0.90049,-0.57291,54.029,-1.146,-1,-1,-1,-1,-1,-1,-1,200.000,275.000,-1,-1,-1,-1,-1,-1,-1,-1,2,2,2,2,2,2,2,0,0,2,2,2,2,2,2,2,2
68,2295.786,-6887.344,60.132,-118.932,-0.457287,0.868025,-0.193443,-0.872748,-0.479817,-0.089932,-0.170880,0.127702,0.976981,1,0.00000,0.00000,54.301,-1.129,-1,450.000,-1,300.000,200.000,325.000,275.000,250.000,200.000,375.000,100.000,275.000,575.000,800.000,425.000,-1,250.000,2,0,2,0,0,0,0,1,0,1,1,1,1,0,0,2,0
69,-4914.726,327.391,314.121,-6.995,0.992309,0.121700,-0.022635,-0.122405,0.991933,-0.032944,0.018444,0.035462,0.999201,1,0.08000,-0.12000,4.800,-0.240,-1,400.000,-1,400.000,-1,325.000,325.000,300.000,300.000,-1,-1,-1,-1,725.000,-1,-1,-1,2,0,2,0,2,0,0,0,0,2,2,2,2,0,2,2,2
70,-4905.203,326.175,314.293,-7.275,0.991700,0.126544,-0.022771,-0.127252,0.991323,-0.032941,0.018405,0.035565,0.999198,0,0.16000,-0.13997,9.600,-0.280,-1,400.000,-1,400.000,-1,325.000,325.000,300.000,300.000,-1,-1,-1,-1,725.000,-1,-1,-1,2,0,2,1,2,0,0,0,0,2,2,2,2,0,2,2,2
71,-4890.928,324.282,314.550,-7.555,0.991063,0.131398,-0.022975,-0.132112,0.990687,-0.032936,0.018433,0.035677,0.999193,0,0.24000,-0.14034,14.400,-0.281,-1,400.000,-1,400.000,-1,325.000,325.000,300.000,300.000,-1,-1,-1,-1,725.000,-1,-1,-1,2,0,2,1,2,0,0,0,0,2,2,2,2,0,2,2,2
72,-4871.907,321.664,314.890,-7.838,0.990396,0.136290,-0.023247,-0.137012,0.990022,-0.032926,0.018527,0.035795,0.999187,0,0.32000,-0.14152,19.200,-0.283,-1,400.000,-1,400.000,-1,325.000,325.000,300.000,300.000,-1,-1,-1,-1,725.000,-1,-1,-1,2,0,2,1,2,1,0,0,0,2,2,2,2,0,2,2,2
73,-4848.148,318.272,315.310,-8.125,0.989693,0.141247,-0.023586,-0.141979,0.989323,-0.032906,0.018687,0.035915,0.999180,0,0.40000,-0.14351,24.000,-0.287,-1,400.000,-1,425.000,-1,325.000,325.000,300.000,300.000,-1,-1,-1,-1,725.000,-1,-1,-1,2,0,2,1,2,1,1,0,0,2,2,2,2,0,2,2,2
74,-4819.658,314.056,315.808,-8.418,0.988949,0.146299,-0.023992,-0.147042,0.988584,-0.032871,0.018909,0.036036,0.999172,0,0.48000,-0.14634,28.800,-0.293,-1,400.000,-1,475.000,-1,325.000,325.000,300.000,300.000,-1,-1,-1,-1,725.000,-1,-1,-1,2,0,2,1,2,1,1,0,0,2,2,2,2,0,2,2,2
75,-4786.446,308.963,316.381,-8.718,0.988159,0.151473,-0.024464,-0.152231,0.987800,-0.032816,0.019195,0.036151,0.999162,0,0.56000,-0.15004,33.600,-0.300,-1,400.000,-1,525.000,-1,325.000,350.000,300.000,300.000,-1,-1,-1,-1,725.000,-1,-1,-1,2,0,2,1,2,1,1,0,0,2,2,2,2,0,2,2,2
76,-4748.522,302.938,317.027,-9.027,0.987313,0.156804,-0.025000,-0.157577,0.986964,-0.032733,0.019541,0.036257,0.999151,0,0.64000,-0.15468,38.400,-0.309,-1,400.000,-1,-1,-1,325.000,350.000,300.000,300.000,-1,-1,-1,-1,750.000,-1,-1,-1,2,0,2,2,2,1,1,0,0,2,2,2,2,0,2,2,2
77,-4705.896,295.921,317.742,-9.348,0.986405,0.162325,-0.025600,-0.163116,0.986068,-0.032615,0.019949,0.036347,0.999140,0,0.72000,-0.16035,43.200,-0.321,-1,400.000,-1,-1,-1,325.000,375.000,300.000,300.000,-1,-1,-1,-1,750.000,-1,-1,-1,2,0,2,2,2,1,1,0,0,2,2,2,2,0,2,2,2
78,-4658.579,287.848,318.521,-9.682,0.985424,0.168076,-0.026262,-0.168886,0.985101,-0.032452,0.020416,0.036414,0.999128,0,0.80000,-0.16716,48.000,-0.334,-1,400.000,-1,-1,-1,350.000,400.000,300.000,300.000,-1,-1,-1,-1,750.000,-1,-1,-1,2,0,2,2,2,1,1,0,0,2,2,2,2,0,2,2,2
79,-4606.587,278.649,319.489,-10.033,0.984362,0.174096,-0.026858,-0.174933,0.984035,-0.032780,0.020722,0.036965,0.999102,0,0.88000,-0.17527,52.800,-0.351,-1,400.000,-1,-1,-1,350.000,450.000,300.000,300.000,-1,-1,-1,-1,750.000,-1,-1,-1,2,0,2,2,2,1,1,0,0,2,2,2,2,0,2,2,2
80,-4550.596,268.371,320.605,-10.403,0.983202,0.180439,-0.027493,-0.181306,0.982865,-0.033235,0.021025,0.037661,0.999069,0,0.94876,-0.18489,56.926,-0.370,-1,400.000,-1,-1,-1,375.000,475.000,300.000,300.000,-1,-1,-1,-1,750.000,-1,-1,-1,2,0,2,2,2,1,1,0,0,2,2,2,2,0,2,2,2
81,-4493.878,257.561,319.383,-10.795,0.982094,0.187089,-0.022135,-0.187906,0.981216,-0.043667,0.013549,0.047044,0.998801,0,0.96232,-0.19613,57.739,-0.392,-1,375.000,-1,-1,-1,375.000,500.000,300.000,275.000,-1,-1,-1,-1,700.000,-1,-1,-1,2,1,2,2,2,1,1,0,0,2,2,2,2,0,2,2,2
82,-4436.455,246.186,317.250,-11.212,0.980870,0.194089,-0.014934,-0.194634,0.979160,-0.057988,0.003368,0.059785,0.998206,0,0.97565,-0.20840,58.539,-0.417,-1,375.000,-1,-1,-1,375.000,525.000,300.000,250.000,-1,-1,-1,-1,675.000,-1,-1,-1,2,1,2,2,2,1,1,0,0,2,2,2,2,0,2,2,2
83,-4378.356,234.211,314.829,-11.656,0.979465,0.201482,-0.007352,-0.201471,0.976726,-0.073590,-0.007646,0.073560,0.997261,0,0.98866,-0.22189,59.319,-0.444,-1,375.000,-1,-1,-1,375.000,525.000,325.000,225.000,-1,-1,-1,-1,625.000,-1,-1,-1,2,1,2,2,2,1,1,0,0,2,2,2,2,0,2,2,2
84,-4319.693,221.616,312.099,-12.129,0.977852,0.209295,0.000586,-0.208383,0.973846,-0.090560,-0.019525,0.088433,0.995891,0,1.00000,-0.23681,60.000,-0.474,-1,375.000,-1,975.000,-1,375.000,525.000,325.000,200.000,-1,-1,-1,-1,600.000,-1,-1,-1,2,1,2,1,2,1,1,0,0,2,2,2,2,1,2,2,2
85,-4261.141,208.505,309.073,-12.636,0.976007,0.217564,0.008755,-0.215351,0.970456,-0.108805,-0.032168,0.104310,0.994025,0,1.00000,-0.25340,60.000,-0.507,-1,375.000,-1,875.000,-1,375.000,500.000,350.000,175.000,-1,-1,-1,-1,600.000,-1,950.000,-1,2,1,2,1,2,1,1,0,0,2,2,2,2,1,2,0,2
86,-4202.716,194.842,305.733,-13.179,0.973903,0.226320,0.017106,-0.222338,0.966476,-0.128415,-0.045595,0.121260,0.991573,0,1.00000,-0.27171,60.000,-0.543,-1,350.000,-1,800.000,-1,375.000,475.000,375.000,150.000,-1,-1,-1,-1,575.000,-1,725.000,-1,2,1,2,1,2,1,1,0,1,2,2,2,2,1,2,0,2
87,-4144.430,180.589,302.061,-13.764,0.971515,0.235596,0.025578,-0.229306,0.961807,-0.149484,-0.059818,0.139360,0.988433,0,1.00000,-0.29208,60.000,-0.584,-1,350.000,-1,725.000,-1,350.000,450.000,375.000,150.000,-1,-1,-1,-1,575.000,-1,550.000,-1,2,1,2,1,2,1,1,0,1,2,2,2,2,1,2,0,2
88,2295.761,-2295.772,490.270,-119.005,-0.483869,0.874530,-0.032668,-0.870956,-0.484866,-0.079626,-0.085475,-0.010076,0.996289,1,0.00000,0.00000,60.000,-0.630,-1,400.000,-1,400.000,-1,325.000,325.000,300.000,325.000,850.000,-1,-1,850.000,875.000,850.000,-1,-1,2,0,2,0,2,0,0,0,0,1,2,2,1,0,0,2,2
89,2293.424,-2299.965,489.871,-119.132,-0.485800,0.873452,-0.032872,-0.869863,-0.486805,-0.079746,-0.085656,-0.010147,0.996273,0,0.08000,-0.06356,4.800,-0.127,-1,400.000,-1,400.000,-1,325.000,325.000,300.000,325.000,850.000,-1,-1,850.000,875.000,850.000,-1,-1,2,0,2,0,2,0,0,0,0,1,2,2,1,0,0,2,2
90,2288.732,-2308.340,489.064,-119.258,-0.487692,0.872382,-0.033272,-0.868766,-0.488721,-0.079979,-0.086033,-0.010100,0.996241,0,0.16000,-0.06288,9.600,-0.126,-1,400.000,-1,400.000,-1,325.000,325.000,300.000,325.000,875.000,-1,-1,875.000,875.000,850.000,-1,-1,2,0,2,0,2,0,0,0,0,1,2,2,1,0,0,2,2
91,2281.667,-2320.888,487.850,-119.381,-0.489525,0.871332,-0.033867,-0.867678,-0.490594,-0.080322,-0.086602,-0.009934,0.996193,0,0.24000,-0.06152,14.400,-0.123,-1,400.000,-1,400.000,-1,325.000,325.000,325.000,325.000,900.000,-1,-1,875.000,875.000,825.000,-1,-1,2,0,2,0,2,0,0,0,0,1,2,2,1,0,0,2,2
92,2272.212,-2337.599,486.228,-119.500,-0.491278,0.870313,-0.034655,-0.866611,-0.492404,-0.080773,-0.087362,-0.009650,0.996130,0,0.32000,-0.05949,19.200,-0.119,-1,400.000,-1,400.000,-1,325.000,325.000,325.000,300.000,925.000,-1,-1,900.000,875.000,825.000,-1,-1,2,0,2,0,2,0,0,0,0,1,2,2,1,0,0,2,2
93,2260.352,-2358.464,484.199,-119.614,-0.492930,0.869339,-0.035630,-0.865576,-0.494129,-0.081332,-0.088311,-0.009251,0.996050,0,0.40000,-0.05676,24.000,-0.114,-1,400.000,-1,400.000,-1,325.000,325.000,325.000,300.000,975.000,-1,-1,925.000,875.000,825.000,-1,-1,2,0,2,0,2,0,0,0,0,1,2,2,1,0,0,2,2
94,2246.074,-2383.476,481.762,-119.720,-0.494460,0.868422,-0.036787,-0.864586,-0.495750,-0.081998,-0.089446,-0.008739,0.995953,0,0.48000,-0.05335,28.800,-0.107,-1,400.000,-1,400.000,-1,325.000,325.000,325.000,300.000,-1,-1,-1,950.000,875.000,825.000,-1,-1,2,0,2,0,2,0,0,0,0,2,2,2,1,0,0,2,2
95,2229.366,-2412.627,478.917,-119.819,-0.495847,0.867573,-0.038119,-0.863654,-0.497244,-0.082770,-0.090763,-0.008120,0.995839,0,0.56000,-0.04924,33.600,-0.098,-1,400.000,-1,400.000,-1,325.000,325.000,325.000,300.000,-1,-1,-1,1000.000,875.000,825.000,-1,-1,2,0,2,0,2,0,0,0,0,2,2,2,1,0,0,2,2
96,2210.623,-2445.211,475.622,-119.908,-0.497108,0.866802,-0.039208,-0.862770,-0.498590,-0.083884,-0.092259,-0.007872,0.995704,0,0.62648,-0.04442,37.589,-0.089,-1,400.000,-1,400.000,-1,325.000,325.000,325.000,300.000,-1,-1,-1,-1,850.000,800.000,-1,-1,2,0,2,0,2,0,0,0,0,2,2,2,2,0,0,2,2
97,2191.733,-2477.949,472.081,-119.986,-0.498300,0.866118,-0.039200,-0.861982,-0.499767,-0.084975,-0.093190,-0.008553,0.995612,0,0.62995,-0.03900,37.797,-0.078,-1,400.000,-1,400.000,-1,325.000,325.000,325.000,300.000,-1,-1,-1,-1,850.000,800.000,-1,-1,2,0,2,0,2,0,0,0,0,2,2,2,2,0,0,2,2
98,2172.697,-2510.851,468.526,-120.053,-0.499327,0.865527,-0.039185,-0.861288,-0.500777,-0.086058,-0.094109,-0.009221,0.995519,0,0.63352,-0.03353,38.011,-0.067,-1,400.000,-1,400.000,-1,325.000,325.000,325.000,300.000,-1,-1,-1,-1,850.000,800.000,-1,-1,2,0,2,0,2,0,0,0,0,2,2,2,2,0,0,2,2
99,2153.519,-2543.924,464.918,-120.109,-0.500194,0.865031,-0.039091,-0.860671,-0.501619,-0.087313,-0.095138,-0.010029,0.995414,0,0.63719,-0.02800,38.232,-0.056,-1,400.000,-1,400.000,-1,325.000,325.000,325.000,300.000,-1,-1,-1,-1,850.000,800.000,-1,-1,2,0,2,0,2,0,0,0,0,2,2,2,2,0,0,2,2
100,2134.201,-2577.178,461.191,-120.154,-0.500915,0.864627,-0.038791,-0.860102,-0.502289,-0.089059,-0.096487,-0.011247,0.995271,0,0.64096,-0.02241,38.457,-0.045,-1,400.000,-1,400.000,-1,325.000,325.000,325.000,300.000,-1,-1,-1,-1,850.000,800.000,-1,-1,2,0,2,0,2,0,0,0,0,2,2,2,2,0,0,2,2
101,2114.747,-2610.621,457.449,-120.187,-0.501467,0.864321,-0.038481,-0.859629,-0.502787,-0.090793,-0.097822,-0.012451,0.995126,0,0.64482,-0.01676,38.689,-0.034,-1,400.000,-1,400.000,-1,325.000,325.000,300.000,300.000,-1,-1,-1,-1,825.000,800.000,-1,-1,2,0,2,0,2,0,0,0,0,2,2,2,2,0,0,2,2
102,2095.162,-2644.261,453.691,-120.209,-0.501849,0.864113,-0.038160,-0.859254,-0.503113,-0.092518,-0.099145,-0.013640,0.994980,0,0.64876,-0.01105,38.926,-0.022,-1,400.000,-1,400.000,-1,325.000,325.000,300.000,300.000,-1,-1,-1,-1,825.000,800.000,-1,-1,2,0,2,0,2,0,0,0,0,2,2,2,2,0,0,2,2
103,2075.448,-2678.106,449.916,-120.220,-0.502059,0.864006,-0.037827,-0.858980,-0.503264,-0.094231,-0.100454,-0.014817,0.994831,0,0.65280,-0.00528,39.168,-0.011,-1,400.000,-1,400.000,-1,325.000,325.000,300.000,325.000,-1,-1,-1,-1,825.000,800.000,-1,-1,2,0,2,0,2,0,0,0,0,2,2,2,2,0,0,2,2
104,2055.611,-2712.166,446.000,-120.219,-0.502069,0.864006,-0.037692,-0.858864,-0.503242,-0.095397,-0.101392,-0.015524,0.994725,0,0.65692,0.00054,39.415,0.001,-1,400.000,-1,400.000,-1,325.000,325.000,300.000,325.000,-1,-1,-1,-1,800.000,775.000,-1,-1,2,0,2,0,2,0,0,0,0,2,2,2,2,0,0,2,2
105,2035.654,-2746.447,441.935,-120.206,-0.501874,0.864116,-0.037764,-0.858913,-0.503047,-0.095986,-0.101940,-0.015737,0.994666,0,0.66112,0.00642,39.667,0.013,-1,400.000,-1,400.000,-1,325.000,325.000,300.000,325.000,-1,-1,-1,-1,800.000,775.000,-1,-1,2,0,2,0,2,0,0,0,0,2,2,2,2,0,0,2,2
106,2013.452,-2784.975,437.387,-119.953,-0.498038,0.866330,-0.037822,-0.861066,-0.499230,-0.096617,-0.102584,-0.015552,0.994603,0,0.74112,0.12642,44.467,0.253,-1,400.000,-1,400.000,-1,325.000,325.000,300.000,325.000,-1,-1,-1,-1,800.000,775.000,-1,-1,2,0,2,0,2,0,0,0,0,2,2,2,2,0,0,2,2
107,1991.365,-2823.753,432.664,-119.664,-0.493566,0.868850,-0.038627,-0.863503,-0.494857,-0.097363,-0.103709,-0.014700,0.994499,0,0.74377,0.14459,44.626,0.289,-1,400.000,-1,400.000,-1,325.000,325.000,300.000,325.000,-1,-1,-1,-1,800.000,775.000,-1,-1,2,0,2,0,2,0,0,0,0,2,2,2,2,0,0,2,2
108,1969.472,-2862.659,427.920,-119.367,-0.488948,0.871417,-0.039519,-0.865984,-0.490349,-0.098132,-0.104892,-0.013758,0.994388,0,0.74404,0.14864,44.642,0.297,-1,400.000,-1,400.000,-1,325.000,325.000,300.000,325.000,-1,-1,-1,-1,800.000,775.000,-1,-1,2,0,2,0,2,0,0,0,0,2,2,2,2,0,0,2,2
109,1947.784,-2901.687,423.187,-119.061,-0.484194,0.874029,-0.040355,-0.868510,-0.485703,-0.098903,-0.106045,-0.012839,0.994278,0,0.74416,0.15270,44.650,0.305,-1,400.000,-1,400.000,-1,325.000,325.000,300.000,300.000,-1,-1,-1,-1,800.000,750.000,-1,-1,2,0,2,0,2,0,0,0,0,2,2,2,2,0,0,2,2
110,1926.310,-2940.832,418.466,-118.748,-0.479305,0.876684,-0.041135,-0.871081,-0.480919,-0.099675,-0.107167,-0.011943,0.994169,0,0.74413,0.15677,44.648,0.314,-1,400.000,-1,400.000,-1,325.000,325.000,325.000,300.000,-1,-1,-1,-1,800.000,750.000,-1,-1,2,0,2,0,2,0,0,0,0,2,2,2,2,0,0,2,2
111,1905.062,-2980.087,413.753,-118.426,-0.474282,0.879379,-0.041836,-0.873693,-0.475994,-0.100446,-0.108244,-0.011088,0.994063,0,0.74394,0.16083,44.637,0.322,-1,400.000,-1,400.000,-1,325.000,325.000,325.000,300.000,-1,-1,-1,-1,775.000,750.000,-1,-1,2,0,2,0,2,0,0,0,0,2,2,2,2,0,0,2,2
112,1884.049,-3019.446,408.956,-118.096,-0.469172,0.882108,-0.041989,-0.876357,-0.470927,-0.101129,-0.108980,-0.010650,0.993987,0,0.74360,0.16489,44.616,0.330,-1,400.000,-1,400.000,-1,325.000,325.000,325.000,300.000,-1,-1,-1,-1,775.000,750.000,-1,-1,2,0,2,0,2,0,0,0,0,2,2,2,2,0,0,2,2
113,1863.283,-3058.902,404.179,-117.758,-0.463923,0.884874,-0.042114,-0.879056,-0.465719,-0.101812,-0.109704,-0.010213,0.993912,0,0.74312,0.16894,44.587,0.338,-1,400.000,-1,375.000,-1,325.000,325.000,325.000,300.000,-1,-1,-1,-1,775.000,750.000,-1,-1,2,0,2,0,2,0,0,0,0,2,2,2,2,0,0,2,2
114,1842.773,-3098.449,399.422,-117.412,-0.458535,0.887673,-0.042212,-0.881790,-0.460370,-0.102496,-0.110416,-0.009776,0.993837,0,0.74248,0.17295,44.549,0.346,-1,400.000,-1,375.000,-1,325.000,325.000,325.000,300.000,-1,-1,-1,-1,775.000,725.000,-1,-1,2,0,2,0,2,0,0,0,0,2,2,2,2,0,0,2,2
115,1822.527,-3138.079,394.582,-117.061,-0.453106,0.890478,-0.041761,-0.884546,-0.454921,-0.103076,-0.110785,-0.009765,0.993796,0,0.74171,0.17558,44.502,0.351,-1,400.000,-1,375.000,-1,325.000,325.000,325.000,300.000,-1,-1,-1,-1,775.000,725.000,1000.000,-1,2,0,2,0,2,0,0,0,0,2,2,2,2,0,0,1,2
116,1802.552,-3177.786,389.710,-116.706,-0.447619,0.893283,-0.041010,-0.887312,-0.449383,-0.103594,-0.110968,-0.009982,0.993774,0,0.74079,0.17787,44.447,0.356,-1,400.000,-1,375.000,-1,325.000,325.000,325.000,300.000,-1,-1,-1,-1,775.000,725.000,950.000,-1,2,0,2,0,2,0,0,0,0,2,2,2,2,0,0,1,2
117,1783.593,-3216.470,384.990,-116.110,-0.438338,0.897909,-0.040229,-0.891900,-0.440071,-0.104172,-0.111241,-0.009782,0.993745,0,0.71802,0.29787,43.081,0.596,-1,400.000,-1,375.000,-1,325.000,325.000,300.000,300.000,-1,-1,-1,-1,750.000,725.000,900.000,-1,2,0,2,0,2,0,0,0,0,2,2,2,2,1,0,1,2
118,1765.220,-3255.384,380.277,-115.274,-0.425209,0.904238,-0.039385,-0.898189,-0.426930,-0.104818,-0.111595,-0.009194,0.993711,0,0.71722,0.41787,43.033,0.836,1000.000,400.000,-1,375.000,-1,325.000,325.000,300.000,300.000,-1,-1,-1,-1,725.000,725.000,850.000,-1,1,0,2,0,2,0,0,0,0,2,2,2,2,1,0,1,2
119,1747.594,-3294.606,375.581,-114.198,-0.408152,0.912102,-0.038493,-0.906021,-0.409882,-0.105467,-0.111975,-0.008171,0.993677,0,0.71667,0.53787,43.000,1.076,975.000,400.000,-1,375.000,-1,325.000,325.000,300.000,300.000,-1,-1,-1,-1,700.000,725.000,825.000,-1,1,0,2,0,2,0,0,0,0,2,2,2,2,1,0,1,2
120,1730.880,-3334.207,370.881,-112.883,-0.387071,0.921284,-0.037581,-0.915184,-0.388835,-0.106044,-0.112310,-0.006653,0.993651,0,0.71640,0.65787,42.984,1.316,925.000,400.000,-1,375.000,-1,325.000,325.000,300.000,325.000,-1,-1,-1,-1,675.000,725.000,800.000,-1,1,0,2,0,2,0,0,0,0,2,2,2,2,1,0,1,2
121,1715.246,-3374.249,366.026,-111.327,-0.361820,0.931513,-0.037001,-0.925479,-0.363684,-0.105940,-0.112141,-0.004087,0.993684,0,0.71643,0.77787,42.986,1.556,925.000,400.000,-1,375.000,-1,325.000,325.000,300.000,325.000,-1,-1,-1,-1,650.000,725.000,750.000,-1,1,0,2,0,2,0,0,0,0,2,2,2,2,1,0,1,2
122,1700.723,-3414.730,361.132,-109.735,-0.335692,0.941262,-0.036571,-0.935301,-0.337676,-0.105772,-0.111908,-0.001302,0.993718,0,0.71680,0.79573,43.008,1.591,925.000,400.000,-1,375.000,-1,325.000,325.000,300.000,300.000,-1,-1,-1,-1,625.000,725.000,725.000,-1,1,0,2,0,2,0,0,0,0,2,2,2,2,1,0,1,2
123,1685.991,-3459.256,355.805,-108.307,-0.312022,0.949387,-0.036144,-0.943490,-0.314106,-0.105660,-0.111666,0.001133,0.993745,0,0.78165,0.71423,46.899,1.428,900.000,400.000,-1,375.000,-1,325.000,325.000,300.000,300.000,-1,-1,-1,-1,575.000,725.000,700.000,-1,1,0,2,0,2,0,0,0,0,2,2,2,2,1,1,1,2
124,1672.269,-3504.484,350.461,-106.878,-0.288153,0.956919,-0.035683,-0.951083,-0.290332,-0.105584,-0.111395,0.003513,0.993770,0,0.78774,0.71447,47.265,1.429,900.000,400.000,-1,375.000,-1,325.000,325.000,300.000,300.000,-1,-1,-1,-1,550.000,700.000,650.000,-1,1,0,2,0,2,0,0,0,0,2,2,2,2,1,1,1,2
125,1659.579,-3550.400,345.102,-105.449,-0.264105,0.963852,-0.035189,-0.958074,-0.266375,-0.105541,-0.111100,0.005840,0.993792,0,0.79395,0.71452,47.637,1.429,875.000,400.000,-1,375.000,-1,325.000,325.000,300.000,300.000,-1,-1,-1,-1,525.000,675.000,625.000,-1,1,0,2,0,2,0,0,0,0,2,2,2,2,1,1,1,2
126,1647.947,-3596.984,339.728,-104.020,-0.239901,0.970178,-0.034662,-0.964456,-0.242256,-0.105531,-0.110781,0.008113,0.993812,0,0.80025,0.71437,48.015,1.429,875.000,375.000,-1,375.000,-1,325.000,325.000,300.000,300.000,-1,-1,-1,-1,500.000,650.000,575.000,-1,1,1,2,0,2,0,0,0,0,2,2,2,2,1,1,1,2
127,1637.395,-3644.219,334.339,-102.592,-0.215562,0.975894,-0.034102,-0.970224,-0.217998,-0.105552,-0.110442,0.010333,0.993829,0,0.80665,0.71401,48.399,1.428,-1,350.000,900.000,375.000,-1,325.000,325.000,300.000,300.000,-1,-1,-1,-1,450.000,625.000,550.000,-1,2,1,1,0,2,0,0,0,0,2,2,2,2,1,1,1,2
128,1627.948,-3692.085,328.938,-101.165,-0.191113,0.980996,-0.033509,-0.975375,-0.193625,-0.105603,-0.110084,0.012502,0.993844,0,0.81315,0.71344,48.789,1.427,-1,325.000,800.000,375.000,-1,300.000,325.000,300.000,300.000,-1,-1,-1,-1,425.000,575.000,500.000,-1,2,1,1,1,2,1,1,0,0,2,2,2,2,1,1,1,2
129,1619.627,-3740.560,323.525,-99.740,-0.166576,0.985480,-0.032884,-0.979906,-0.169160,-0.105682,-0.109710,0.014619,0.993856,0,0.81974,0.71264,49.184,1.425,-1,300.000,700.000,350.000,-1,275.000,300.000,300.000,300.000,-1,-1,-1,-1,400.000,550.000,475.000,-1,2,1,1,1,2,1,1,0,0,2,2,2,2,1,1,1,2
130,1612.455,-3789.624,318.099,-98.317,-0.141975,0.989346,-0.032228,-0.983815,-0.144627,-0.105789,-0.109323,0.016687,0.993866,0,0.82641,0.71159,49.585,1.423,-1,275.000,625.000,325.000,-1,250.000,275.000,300.000,300.000,-1,-1,-1,-1,375.000,500.000,425.000,-1,2,1,1,1,2,1,1,0,0,2,2,2,2,1,1,1,2
131,1606.453,-3839.252,312.663,-96.896,-0.117334,0.992591,-0.031541,-0.987101,-0.120051,-0.105921,-0.108923,0.018706,0.993874,0,0.83316,0.71029,49.990,1.421,1000.000,250.000,550.000,300.000,-1,225.000,250.000,300.000,300.000,-1,-1,-1,-1,325.000,450.000,375.000,-1,1,1,1,1,2,1,1,0,0,2,2,2,2,1,1,1,2
132,1601.641,-3889.421,307.217,-95.479,-0.092680,0.995219,-0.030825,-0.989765,-0.095458,-0.106078,-0.108514,0.020678,0.993880,0,0.83999,0.70871,50.399,1.417,1000.000,225.000,475.000,275.000,-1,200.000,225.000,300.000,300.000,-1,-1,-1,-1,300.000,400.000,350.000,950.000,1,1,1,1,2,1,1,0,0,2,2,2,2,1,1,1,1
133,1598.040,-3940.105,302.969,-94.065,-0.067644,0.997105,-0.034730,-0.992272,-0.070864,-0.101852,-0.104018,0.027572,0.994193,0,0.84688,0.70684,50.813,1.414,-1,225.000,425.000,250.000,-1,175.000,200.000,325.000,300.000,-1,-1,-1,-1,275.000,375.000,325.000,850.000,2,1,1,1,2,1,1,0,0,2,2,2,2,1,1,1,1
134,1595.703,-3995.664,302.356,-92.411,-0.039088,0.998580,-0.036206,-0.995483,-0.042053,-0.085119,-0.086521,0.032715,0.995713,0,0.92688,0.82684,55.613,1.654,-1,200.000,400.000,250.000,-1,175.000,200.000,350.000,325.000,-1,500.000,525.000,-1,275.000,375.000,375.000,775.000,2,1,1,1,2,1,1,0,0,2,0,0,2,1,1,1,1
135,1595.163,-4055.658,302.691,-90.518,-0.006853,0.999401,-0.033921,-0.997877,-0.009032,-0.064502,-0.064770,0.033407,0.997341,0,1.00000,0.94684,60.000,1.894,-1,225.000,375.000,250.000,-1,175.000,200.000,350.000,350.000,-1,250.000,250.000,-1,300.000,375.000,650.000,750.000,2,1,1,1,2,1,1,0,0,2,0,0,2,1,1,1,1
136,1596.716,-4115.634,303.128,-88.518,0.027219,0.999149,-0.030992,-0.998713,0.025853,-0.043645,-0.042807,0.032140,0.998566,0,1.00000,1.00000,60.000,2.000,-1,225.000,375.000,225.000,1000.000,175.000,175.000,375.000,375.000,-1,150.000,175.000,-1,325.000,375.000,975.000,700.000,2,1,1,1,1,1,1,0,0,2,0,0,2,1,1,1,1
137,1600.361,-4175.522,303.704,-86.518,0.061313,0.997746,-0.027263,-0.997906,0.060714,-0.022302,-0.020596,0.028573,0.999379,0,1.00000,1.00000,60.000,2.000,-1,225.000,325.000,225.000,950.000,175.000,175.000,375.000,400.000,-1,125.000,150.000,-1,375.000,350.000,-1,700.000,2,1,1,1,1,1,1,0,0,2,0,0,2,1,1,2,1
138,5575.424,8199.147,232.636,-153.746,-0.895531,0.442045,0.051194,-0.443297,-0.896235,-0.015811,0.038892,-0.036853,0.998564,1,0.00000,0.00000,60.000,1.997,-1,400.000,-1,425.000,-1,325.000,350.000,-1,325.000,-1,0.000,0.000,-1,825.000,925.000,-1,-1,2,0,2,0,2,0,0,2,0,2,0,0,2,0,0,2,2
139,5571.128,8197.006,232.755,-153.506,-0.893674,0.445796,0.051114,-0.447040,-0.894378,-0.015610,0.038756,-0.036801,0.998571,0,0.08000,0.12000,4.800,0.240,-1,400.000,-1,425.000,-1,325.000,350.000,-1,325.000,-1,0.000,0.000,-1,825.000,925.000,-1,-1,2,0,2,0,2,0,0,2,0,2,0,0,2,0,0,2,2
