timestep,x_cm,y_cm,z_cm,yaw_deg,basis_xx,basis_xy,basis_xz,basis_yx,basis_yy,basis_yz,basis_zx,basis_zy,basis_zz,teleport_flag,throttle_cmd,steering_cmd,cmd_move_cm,cmd_turn_deg,lidar_cm_0,lidar_cm_1,lidar_cm_2,lidar_cm_3,lidar_cm_4,lidar_cm_5,lidar_cm_6,lidar_cm_7,lidar_cm_8,lidar_cm_9,lidar_cm_10,lidar_cm_11,lidar_cm_12,lidar_cm_13,lidar_cm_14,lidar_cm_15,lidar_cm_16,lidar_class_0,lidar_class_1,lidar_class_2,lidar_class_3,lidar_class_4,lidar_class_5,lidar_class_6,lidar_class_7,lidar_class_8,lidar_class_9,lidar_class_10,lidar_class_11,lidar_class_12,lidar_class_13,lidar_class_14,lidar_class_15,lidar_class_16
0,-4263.556,-2951.691,10.162,45.272,0.700915,-0.710141,0.066458,0.710328,0.703430,0.024898,-0.064430,0.029755,0.997479,1,0.00000,0.00000,4.800,-0.240,-1,350.000,-1,375.000,-1,300.000,300.000,300.000,300.000,-1,350.000,300.000,-1,625.000,650.000,-1,-1,2,0,2,0,2,0,0,0,0,2,0,0,2,0,0,2,2
1,-4260.164,-2948.295,9.835,45.032,0.703917,-0.707194,0.066165,0.707381,0.706404,0.024596,-0.064133,0.029490,0.997506,0,0.08000,-0.12000,4.800,-0.240,-1,350.000,-1,375.000,-1,300.000,300.000,300.000,300.000,-1,350.000,300.000,-1,625.000,650.000,-1,-1,2,0,2,0,2,0,0,0,0,2,0,0,2,0,0,2,2
2,-4253.323,-2941.560,9.180,44.552,0.709881,-0.701262,0.065576,0.701450,0.712315,0.023998,-0.063540,0.028963,0.997559,0,0.16000,-0.24000,9.600,-0.480,-1,350.000,-1,375.000,-1,300.000,300.000,300.000,300.000,-1,325.000,300.000,-1,625.000,650.000,-1,-1,2,0,2,0,2,0,0,0,0,2,0,0,2,0,0,2,2
3,-4242.973,-2931.548,8.211,44.050,0.716094,-0.695000,0.064687,0.695196,0.718448,0.023116,-0.062540,0.028417,0.997638,0,0.24000,-0.25122,14.400,-0.502,-1,350.000,-1,375.000,-1,300.000,300.000,300.000,300.000,-1,325.000,275.000,-1,625.000,650.000,-1,-1,2,0,2,0,2,0,0,0,0,2,0,0,2,0,0,2,2
4,-4229.057,-2918.320,7.028,43.547,0.722241,-0.688676,0.063975,0.688908,0.724518,0.021888,-0.061425,0.028265,0.997711,0,0.32000,-0.25122,19.200,-0.502,-1,350.000,-1,375.000,-1,300.000,300.000,300.000,300.000,-1,325.000,275.000,-1,625.000,675.000,-1,-1,2,0,2,0,2,0,0,0,0,2,0,0,2,0,0,2,2
5,-4211.517,-2901.939,5.665,43.045,0.728312,-0.682289,0.063595,0.682588,0.730522,0.020284,-0.060297,0.028636,0.997770,0,0.40000,-0.25122,24.000,-0.502,-1,350.000,-1,375.000,-1,300.000,300.000,300.000,300.000,-1,325.000,275.000,-1,625.000,675.000,-1,-1,2,0,2,0,2,0,0,0,0,2,0,0,2,0,0,2,2
6,-4190.298,-2882.466,4.046,42.542,0.734339,-0.675847,0.063074,0.676224,0.736466,0.018405,-0.058891,0.029137,0.997839,0,0.48000,-0.25122,28.800,-0.502,-1,350.000,-1,375.000,-1,300.000,300.000,300.000,300.000,-1,350.000,300.000,-1,625.000,675.000,-1,-1,2,0,2,0,2,0,0,0,0,2,0,0,2,0,0,2,2
7,-4165.345,-2859.966,2.220,42.040,0.740320,-0.669353,0.062396,0.669806,0.742354,0.016454,-0.057334,0.029612,0.997916,0,0.56000,-0.25122,33.600,-0.502,-1,350.000,-1,375.000,-1,300.000,300.000,300.000,300.000,-1,350.000,300.000,-1,625.000,675.000,-1,-1,2,0,2,0,2,0,0,0,0,2,0,0,2,0,0,2,2
8,-4136.602,-2834.503,0.157,41.537,0.746256,-0.662805,0.061570,0.663341,0.748182,0.014247,-0.055508,0.030210,0.998001,0,0.64000,-0.25122,38.400,-0.502,-1,375.000,-1,375.000,-1,300.000,300.000,300.000,300.000,-1,375.000,300.000,-1,625.000,675.000,-1,-1,2,0,2,0,2,0,0,0,0,2,0,0,2,0,0,2,2
9,-4104.016,-2806.141,-2.133,41.035,0.752147,-0.656204,0.060589,0.656827,0.753949,0.011785,-0.053414,0.030933,0.998093,0,0.72000,-0.25122,43.200,-0.502,-1,375.000,-1,375.000,-1,300.000,300.000,300.000,300.000,-1,375.000,325.000,-1,650.000,675.000,-1,-1,2,0,2,0,2,0,0,0,0,2,0,0,2,0,0,2,2
10,-4067.535,-2774.947,-4.638,40.532,0.757991,-0.649550,0.059449,0.650264,0.759654,0.009072,-0.051054,0.031781,0.998190,0,0.80000,-0.25122,48.000,-0.502,-1,375.000,-1,375.000,-1,300.000,300.000,300.000,300.000,-1,400.000,325.000,-1,650.000,675.000,-1,-1,2,0,2,0,2,0,0,0,0,2,0,0,2,0,0,2,2
11,-4027.106,-2740.986,-7.343,40.030,0.763788,-0.642844,0.058144,0.643648,0.765297,0.006114,-0.048427,0.032755,0.998290,0,0.88000,-0.25122,52.800,-0.502,-1,375.000,-1,375.000,-1,300.000,300.000,300.000,300.000,-1,400.000,325.000,-1,650.000,700.000,-1,-1,2,0,2,0,2,0,0,0,0,2,0,0,2,0,0,2,2
12,-3984.519,-2705.845,-10.017,39.528,0.769555,-0.636092,0.056314,0.636966,0.770886,0.003083,-0.045373,0.033498,0.998408,0,0.92024,-0.25122,55.214,-0.502,-1,375.000,-1,375.000,-1,300.000,300.000,300.000,300.000,-1,425.000,350.000,-1,675.000,700.000,-1,-1,2,0,2,0,2,0,0,0,0,2,0,0,2,0,0,2,2
13,-3941.625,-2671.079,-12.558,39.025,0.775270,-0.629289,0.054338,0.630227,0.776411,-0.000167,-0.042084,0.034375,0.998523,0,0.92024,-0.25122,55.214,-0.502,-1,375.000,-1,375.000,-1,300.000,300.000,325.000,325.000,-1,425.000,350.000,-1,675.000,700.000,-1,-1,2,0,2,0,2,0,0,0,0,2,0,0,2,0,0,2,2
14,-3898.428,-2636.690,-15.065,38.523,0.780915,-0.622436,0.052406,0.623428,0.781874,-0.003390,-0.038865,0.035319,0.998620,0,0.92024,-0.25122,55.214,-0.502,-1,375.000,-1,375.000,-1,300.000,325.000,300.000,300.000,-1,425.000,350.000,-1,700.000,725.000,-1,-1,2,0,2,0,2,0,0,0,0,2,0,0,2,0,0,2,2
15,-3854.931,-2602.681,-17.538,38.020,0.786490,-0.615533,0.050518,0.616569,0.787273,-0.006588,-0.035717,0.036329,0.998701,0,0.92024,-0.25122,55.214,-0.502,-1,375.000,-1,375.000,-1,300.000,325.000,300.000,300.000,-1,425.000,350.000,-1,700.000,725.000,-1,-1,2,0,2,0,2,0,0,0,0,2,0,0,2,0,0,2,2
16,-3811.138,-2569.054,-19.866,37.518,0.791971,-0.608571,0.049220,0.609666,0.792596,-0.009896,-0.032989,0.037845,0.998739,0,0.92024,-0.25122,55.214,-0.502,-1,375.000,-1,375.000,-1,325.000,325.000,325.000,300.000,-1,450.000,375.000,-1,725.000,750.000,-1,-1,2,0,2,0,2,0,0,0,0,2,0,0,2,0,0,2,2
17,-3766.987,-2535.767,-21.782,37.014,0.797370,-0.601565,0.048178,0.602670,0.797906,-0.011603,-0.031461,0.038287,0.998771,0,0.92155,-0.25203,55.293,-0.504,-1,375.000,-1,400.000,-1,325.000,325.000,300.000,300.000,-1,475.000,400.000,-1,725.000,750.000,-1,-1,2,0,2,0,2,0,0,0,0,2,0,0,2,0,0,2,2
18,-3722.281,-2502.683,-23.591,36.503,0.802765,-0.594422,0.047229,0.595528,0.803231,-0.012940,-0.030244,0.038514,0.998800,0,0.92695,-0.25541,55.617,-0.511,-1,375.000,-1,400.000,-1,325.000,325.000,300.000,300.000,-1,500.000,450.000,-1,750.000,750.000,-1,-1,2,0,2,0,2,0,0,0,0,2,0,0,2,0,0,2,2
19,-3677.016,-2469.814,-25.430,35.985,0.808157,-0.587138,0.046380,0.588239,0.808566,-0.014016,-0.029272,0.038610,0.998826,0,0.93234,-0.25886,55.940,-0.518,-1,400.000,-1,400.000,-1,325.000,325.000,300.000,300.000,-1,500.000,475.000,-1,750.000,775.000,-1,-1,2,0,2,0,2,0,0,0,0,2,0,0,2,0,0,2,2
20,-3631.189,-2437.174,-27.285,35.460,0.813546,-0.579707,0.045635,0.580801,0.813909,-0.014902,-0.028504,0.038628,0.998847,0,0.93771,-0.26238,56.263,-0.525,-1,400.000,-1,400.000,-1,325.000,325.000,300.000,300.000,-1,525.000,525.000,-1,750.000,775.000,-1,-1,2,0,2,0,2,0,0,0,0,2,0,0,2,0,0,2,2
21,-3584.798,-2404.776,-29.139,34.928,0.818931,-0.572125,0.044993,0.573214,0.819256,-0.015696,-0.027881,0.038644,0.998864,0,0.94306,-0.26599,56.584,-0.532,-1,400.000,-1,400.000,-1,325.000,325.000,300.000,300.000,-1,550.000,550.000,-1,775.000,775.000,-1,-1,2,0,2,0,2,0,0,0,0,2,0,0,2,0,0,2,2
22,-3537.841,-2372.637,-30.991,34.389,0.824312,-0.564387,0.044458,0.565472,0.824604,-0.016400,-0.027404,0.038658,0.998877,0,0.94838,-0.26968,56.903,-0.539,-1,400.000,-1,400.000,-1,325.000,325.000,300.000,300.000,-1,575.000,575.000,-1,800.000,800.000,-1,-1,2,0,2,0,2,0,0,0,0,2,0,0,2,0,0,2,2
23,-3490.315,-2340.771,-32.838,33.842,0.829686,-0.556490,0.044043,0.557573,0.829954,-0.017020,-0.027082,0.038678,0.998885,0,0.95367,-0.27347,57.220,-0.547,-1,400.000,-1,400.000,-1,325.000,325.000,300.000,300.000,-1,625.000,600.000,-1,825.000,800.000,-1,-1,2,0,2,0,2,0,0,0,0,2,0,0,2,0,0,2,2
24,-3442.220,-2309.194,-34.522,33.287,0.835033,-0.548430,0.044091,0.549517,0.835306,-0.017189,-0.027403,0.038582,0.998880,0,0.95891,-0.27737,57.534,-0.555,-1,400.000,-1,400.000,-1,325.000,325.000,300.000,300.000,-1,675.000,650.000,-1,825.000,800.000,-1,-1,2,0,2,0,2,0,0,0,0,2,0,0,2,0,0,2,2
25,-3393.556,-2277.922,-36.186,32.725,0.840370,-0.540203,0.044258,0.541293,0.840658,-0.017187,-0.027922,0.038400,0.998872,0,0.96409,-0.28139,57.845,-0.563,-1,400.000,-1,400.000,-1,325.000,325.000,300.000,300.000,-1,725.000,700.000,-1,850.000,-1,-1,-1,2,0,2,0,2,0,0,0,0,2,0,0,2,0,2,2,2
26,-3344.323,-2246.974,-37.861,32.154,0.845701,-0.531801,0.044477,0.532897,0.846006,-0.017187,-0.028487,0.038237,0.998863,0,0.96920,-0.28554,58.152,-0.571,-1,400.000,-1,400.000,-1,325.000,325.000,300.000,300.000,-1,800.000,775.000,-1,875.000,-1,-1,-1,2,0,2,0,2,0,0,0,0,2,0,0,2,0,2,2,2
27,-3294.522,-2216.368,-39.576,31.574,0.851018,-0.523215,0.044882,0.524325,0.851344,-0.017241,-0.029189,0.038205,0.998844,0,0.97423,-0.28983,58.454,-0.580,-1,400.000,-1,400.000,-1,325.000,325.000,300.000,300.000,-1,875.000,850.000,-1,900.000,-1,-1,-1,2,0,2,0,2,0,0,0,0,2,0,0,2,0,2,2,2
28,-3244.155,-2186.122,-41.339,30.985,0.856318,-0.514440,0.045506,0.515574,0.856669,-0.017366,-0.030050,0.038333,0.998813,0,0.97917,-0.29428,58.750,-0.589,-1,400.000,-1,400.000,-1,325.000,325.000,300.000,300.000,-1,950.000,925.000,-1,925.000,-1,-1,-1,2,0,2,0,2,0,0,0,0,2,0,0,2,0,2,2,2
29,-3193.226,-2156.257,-43.152,30.388,0.861600,-0.505468,0.046334,0.506636,0.861981,-0.017565,-0.031061,0.038608,0.998772,0,0.98399,-0.29891,59.039,-0.598,-1,400.000,-1,400.000,-1,325.000,325.000,300.000,300.000,-1,-1,-1,-1,925.000,-1,-1,-1,2,0,2,0,2,0,0,0,0,2,2,2,2,0,2,2,2
30,-3141.740,-2126.794,-45.095,29.780,0.866880,-0.496299,0.046978,0.497492,0.867288,-0.017691,-0.031963,0.038707,0.998739,0,0.98868,-0.30374,59.321,-0.607,-1,425.000,-1,400.000,-1,325.000,325.000,300.000,300.000,-1,-1,-1,-1,950.000,-1,-1,-1,2,0,2,0,2,0,0,0,0,2,2,2,2,0,2,2,2
31,-3089.701,-2097.756,-47.184,29.162,0.872136,-0.486925,0.047774,0.488137,0.872592,-0.017472,-0.033179,0.038559,0.998705,0,0.99321,-0.30878,59.592,-0.618,-1,425.000,-1,400.000,-1,325.000,325.000,300.000,300.000,-1,-1,-1,-1,975.000,-1,-1,-1,2,0,2,0,2,0,0,0,0,2,2,2,2,0,2,2,2
32,-3037.117,-2069.165,-49.580,28.534,0.877353,-0.477350,0.048881,0.478551,0.877913,-0.016078,-0.035238,0.037498,0.998675,0,0.99755,-0.31405,59.853,-0.628,-1,425.000,-1,400.000,-1,325.000,325.000,300.000,300.000,-1,-1,-1,-1,975.000,-1,-1,-1,2,0,2,0,2,0,0,0,0,2,2,2,2,0,2,2,2
33,-2985.073,-2041.322,-52.017,28.146,0.880490,-0.471408,0.050119,0.472599,0.881156,-0.014652,-0.037255,0.036587,0.998636,0,0.98374,-0.19405,59.024,-0.388,-1,425.000,-1,650.000,-1,325.000,325.000,300.000,300.000,-1,-1,-1,-1,975.000,-1,-1,-1,2,0,2,1,2,0,0,0,0,2,2,2,2,0,2,2,2
34,-2932.770,-2013.515,-54.612,27.998,0.881612,-0.469147,0.051586,0.470316,0.882406,-0.012752,-0.039537,0.035504,0.998587,0,0.98725,-0.07405,59.235,-0.148,-1,425.000,-1,700.000,-1,325.000,325.000,300.000,300.000,-1,-1,-1,-1,975.000,-1,-1,-1,2,0,2,1,2,0,0,0,0,2,2,2,2,0,2,2,2
35,-2880.363,-1985.545,-57.318,28.090,0.880750,-0.470580,0.053244,0.471719,0.881685,-0.010577,-0.041967,0.034432,0.998526,0,0.99006,0.04595,59.404,0.092,-1,425.000,-1,700.000,-1,325.000,325.000,300.000,300.000,-1,-1,-1,-1,950.000,-1,-1,-1,2,0,2,1,2,0,0,0,0,2,2,2,2,0,2,2,2
36,-2828.017,-1957.216,-60.079,28.422,0.877888,-0.475693,0.055036,0.476804,0.878970,-0.008373,-0.044392,0.033592,0.998449,0,0.99200,0.16595,59.520,0.332,-1,425.000,-1,650.000,-1,325.000,350.000,300.000,300.000,-1,-1,-1,-1,950.000,-1,-1,-1,2,0,2,1,2,0,1,0,0,2,2,2,2,0,2,2,2
37,-2775.812,-1928.515,-62.894,28.801,0.874585,-0.481515,0.056953,0.482596,0.875821,-0.006147,-0.046921,0.032861,0.998358,0,0.99289,0.18973,59.573,0.379,-1,425.000,-1,600.000,-1,325.000,350.000,300.000,300.000,-1,-1,-1,-1,925.000,-1,-1,-1,2,0,2,1,2,0,1,0,0,2,2,2,2,0,2,2,2
38,-2723.790,-1899.488,-65.756,29.161,0.871398,-0.487017,0.058996,0.488063,0.872800,-0.003873,-0.049606,0.032169,0.998251,0,0.99287,0.17991,59.572,0.360,-1,425.000,-1,550.000,-1,325.000,350.000,300.000,300.000,-1,-1,-1,-1,925.000,-1,-1,-1,2,0,2,1,2,0,1,0,0,2,2,2,2,0,2,2,2
39,-2671.990,-1870.177,-71.856,29.500,0.867374,-0.491964,0.075060,0.493821,0.869533,-0.007300,-0.061676,0.043398,0.997152,0,0.99195,0.16953,59.517,0.339,-1,400.000,-1,475.000,-1,325.000,300.000,300.000,275.000,-1,-1,-1,-1,850.000,-1,-1,-1,2,0,2,1,2,0,1,0,0,2,2,2,2,0,2,2,2
40,-2620.451,-1840.632,-79.828,29.817,0.862473,-0.496298,0.099139,0.499899,0.865973,-0.013806,-0.079000,0.061467,0.994978,0,0.99006,0.15858,59.404,0.317,-1,375.000,-1,375.000,-1,275.000,275.000,325.000,225.000,-1,-1,-1,-1,750.000,575.000,-1,-1,2,0,2,1,2,0,0,0,0,2,2,2,2,0,1,2,2
41,-2569.215,-1810.911,-86.469,30.112,0.857894,-0.500294,0.117151,0.505492,0.862648,-0.017764,-0.092173,0.074459,0.992955,0,0.98716,0.14709,59.230,0.294,-1,350.000,-1,300.000,-1,275.000,250.000,325.000,200.000,-1,-1,-1,-1,675.000,475.000,-1,-1,2,0,2,1,2,0,0,0,0,2,2,2,2,0,0,2,2
42,-2518.325,-1781.071,-91.895,30.382,0.854033,-0.504057,0.128661,0.510324,0.859769,-0.019128,-0.100977,0.081995,0.991504,0,0.98319,0.13510,58.991,0.270,-1,325.000,-1,250.000,-1,250.000,225.000,350.000,-1,-1,-1,-1,-1,625.000,425.000,-1,-1,2,0,2,0,2,0,0,0,2,2,2,2,2,0,0,2,2
43,-2467.698,-1750.780,-96.006,30.892,0.848892,-0.511632,0.132721,0.518101,0.855145,-0.017273,-0.104658,0.083426,0.991003,0,0.98327,0.25510,58.996,0.510,-1,325.000,-1,250.000,-1,250.000,225.000,350.000,-1,-1,-1,-1,-1,625.000,425.000,-1,-1,2,0,2,0,2,0,0,0,2,2,2,2,2,0,0,2,2
44,-2417.822,-1720.049,-98.442,31.642,0.842487,-0.522979,0.129261,0.528746,0.848688,-0.012495,-0.103168,0.078873,0.991532,0,0.97640,0.37510,58.584,0.750,-1,325.000,-1,250.000,-1,250.000,225.000,350.000,-1,-1,-1,-1,-1,625.000,450.000,-1,-1,2,0,2,0,2,0,0,0,2,2,2,2,2,0,0,2,2
45,-2368.925,-1688.746,-99.057,32.632,0.834728,-0.538005,0.117387,0.542244,0.840206,-0.005032,-0.095922,0.067853,0.993073,0,0.96767,0.49510,58.060,0.990,-1,350.000,-1,275.000,-1,275.000,250.000,325.000,-1,-1,-1,-1,-1,675.000,825.000,-1,-1,2,0,2,0,2,0,0,0,2,2,2,2,2,0,1,2,2
46,-2321.238,-1656.759,-97.823,33.860,0.825284,-0.556480,0.096108,0.558657,0.829383,0.005039,-0.082515,0.049533,0.995358,0,0.95708,0.61372,57.425,1.227,-1,375.000,-1,325.000,-1,300.000,275.000,325.000,-1,-1,-1,-1,-1,750.000,-1,-1,-1,2,0,2,0,2,0,0,0,2,2,2,2,2,0,2,2,2
47,-2274.850,-1624.184,-95.233,35.083,0.815616,-0.574560,0.068199,0.574937,0.818043,0.015925,-0.064940,0.026221,0.997545,0,0.94477,0.61137,56.686,1.223,-1,425.000,-1,425.000,-1,325.000,325.000,300.000,-1,-1,-1,-1,-1,850.000,-1,-1,-1,2,0,2,1,2,0,0,0,2,2,2,2,2,0,2,2,2
48,-2229.801,-1591.089,-98.976,36.302,0.803118,-0.591835,0.068794,0.592169,0.805621,0.017636,-0.065860,0.026574,0.997475,0,0.93166,0.60977,55.899,1.220,-1,425.000,-1,450.000,-1,325.000,325.000,300.000,-1,-1,-1,-1,-1,850.000,-1,-1,-1,2,0,2,1,2,0,0,0,2,2,2,2,2,0,2,2,2
49,-2186.110,-1557.539,-103.373,37.520,0.790305,-0.608775,0.069357,0.609270,0.792797,0.016226,-0.064864,0.029434,0.997460,0,0.91810,0.60893,55.086,1.218,-1,425.000,-1,475.000,-1,325.000,325.000,300.000,-1,-1,-1,-1,-1,850.000,975.000,-1,-1,2,0,2,1,2,0,0,0,2,2,2,2,2,0,1,2,2
50,-2143.789,-1523.576,-112.840,38.738,0.777512,-0.624940,0.070174,0.626956,0.779002,-0.009062,-0.049002,0.051041,0.997494,0,0.90444,0.60882,54.266,1.218,-1,450.000,-1,475.000,-1,350.000,350.000,325.000,-1,-1,0.000,0.000,-1,975.000,925.000,-1,-1,2,0,2,1,2,0,1,0,2,2,0,0,2,0,1,2,2
51,-2102.818,-1489.234,-120.791,39.957,0.764365,-0.640754,0.071974,0.643690,0.764798,-0.027326,-0.037537,0.067216,0.997032,0,0.89103,0.60942,53.462,1.219,-1,475.000,-1,475.000,-1,375.000,350.000,325.000,-1,-1,0.000,0.000,-1,-1,850.000,-1,-1,2,0,2,1,2,0,1,0,2,2,0,0,2,2,1,2,2
52,-2063.166,-1454.535,-127.248,41.178,0.750751,-0.656392,0.074311,0.659885,0.750374,-0.038620,-0.030411,0.078031,0.996487,0,0.87819,0.61069,52.691,1.221,-1,500.000,-1,450.000,-1,375.000,350.000,350.000,-1,-1,0.000,0.000,-1,-1,800.000,-1,-1,2,0,2,1,2,0,1,0,2,2,0,1,2,2,1,2,2
53,-2024.797,-1419.484,-133.181,42.403,0.736290,-0.671784,0.081142,0.675986,0.735617,-0.043705,-0.030329,0.087030,0.995744,0,0.86616,0.61259,51.969,1.225,-1,500.000,-1,425.000,-1,375.000,350.000,350.000,-1,-1,0.000,0.000,-1,-1,725.000,-1,-1,2,0,2,1,2,0,1,0,2,2,0,1,2,2,0,2,2
54,-1987.665,-1384.076,-138.035,43.633,0.721042,-0.687097,0.089422,0.691982,0.720685,-0.042128,-0.035500,0.092254,0.995102,0,0.85514,0.61508,51.308,1.230,-1,475.000,-1,400.000,-1,350.000,325.000,350.000,-1,-1,0.000,0.000,-1,-1,675.000,-1,-1,2,0,2,1,2,0,1,0,2,2,0,1,2,2,0,2,2
55,-1951.720,-1348.299,-140.926,44.869,0.705278,-0.702597,0.094552,0.707613,0.705806,-0.033488,-0.043207,0.090524,0.994957,0,0.84526,0.61809,50.716,1.236,-1,450.000,-1,375.000,1000.000,350.000,300.000,350.000,175.000,-1,0.000,0.000,-1,1000.000,650.000,-1,-1,2,0,2,1,1,0,0,0,1,2,0,0,2,0,0,2,2
56,-1916.914,-1312.130,-141.902,46.113,0.689071,-0.718279,0.096211,0.722715,0.690910,-0.018043,-0.053513,0.081966,0.995197,0,0.83660,0.62160,50.196,1.243,-1,425.000,-1,350.000,900.000,325.000,300.000,350.000,275.000,-1,0.000,0.000,-1,900.000,625.000,-1,-1,2,0,2,0,1,0,0,0,1,2,0,0,2,0,0,2,2
57,-1879.660,-1271.671,-140.798,47.378,0.672326,-0.734308,0.093653,0.737109,0.675741,0.006661,-0.068176,0.064554,0.995583,0,0.91660,0.63290,54.996,1.266,-1,400.000,-1,325.000,800.000,300.000,300.000,325.000,-1,-1,-1,0.000,-1,775.000,600.000,-1,975.000,2,0,2,0,1,0,0,0,2,2,2,0,2,0,0,2,0
58,-1843.430,-1230.875,-138.773,48.404,0.658861,-0.747123,0.087801,0.747695,0.663228,0.032866,-0.082788,0.043994,0.995596,0,0.90932,0.51290,54.559,1.026,-1,375.000,-1,325.000,775.000,300.000,275.000,300.000,-1,-1,-1,-1,-1,700.000,600.000,-1,925.000,2,0,2,0,0,0,0,0,2,2,2,2,2,0,0,2,0
59,-1808.182,-1190.056,-141.714,49.190,0.648920,-0.756234,0.083745,0.756604,0.652993,0.033916,-0.080334,0.041353,0.995910,0,0.89886,0.39290,53.932,0.786,-1,375.000,-1,350.000,850.000,300.000,300.000,300.000,-1,-1,-1,-1,-1,700.000,600.000,-1,-1,2,0,2,0,0,0,0,0,2,2,2,2,2,0,0,2,2
60,-1773.737,-1149.389,-144.266,49.736,0.642230,-0.762550,0.077833,0.762654,0.645870,0.034801,-0.076808,0.037009,0.996359,0,0.88824,0.27290,53.294,0.546,-1,375.000,-1,350.000,975.000,300.000,300.000,300.000,-1,-1,-1,-1,-1,700.000,625.000,-1,-1,2,0,2,0,0,0,0,0,2,2,2,2,2,0,0,2,2
61,-1739.915,-1109.024,-146.478,50.042,0.638822,-0.766140,0.070252,0.765947,0.641920,0.035554,-0.072336,0.031097,0.996895,0,0.87772,0.15290,52.663,0.306,-1,375.000,-1,375.000,-1,300.000,300.000,300.000,-1,-1,-1,-1,-1,700.000,650.000,-1,-1,2,0,2,0,2,0,0,0,2,2,2,2,2,0,0,2,2
62,-1706.531,-1069.088,-148.712,50.107,0.638566,-0.767010,0.062682,0.766559,0.641151,0.036220,-0.067970,0.024920,0.997376,0,0.86754,0.03290,52.053,0.066,-1,400.000,-1,375.000,-1,325.000,325.000,275.000,-1,-1,-1,-1,-1,725.000,700.000,-1,-1,2,0,2,0,2,0,0,0,2,2,2,2,2,0,0,2,2
63,-1673.397,-1029.693,-152.324,49.933,0.640987,-0.765084,0.061504,0.764562,0.643503,0.036731,-0.067681,0.023480,0.997431,0,0.85793,-0.08710,51.476,-0.174,-1,400.000,-1,375.000,-1,325.000,325.000,275.000,925.000,-1,-1,-1,-1,700.000,700.000,-1,-1,2,0,2,0,2,0,0,0,1,2,2,2,2,0,0,2,2
64,-1640.325,-990.945,-155.911,49.519,0.646601,-0.760439,0.060336,0.759853,0.649040,0.037020,-0.067312,0.021909,0.997491,0,0.84905,-0.20710,50.943,-0.414,-1,400.000,-1,375.000,-1,325.000,300.000,275.000,775.000,-1,-1,-1,-1,700.000,700.000,-1,-1,2,0,2,0,2,0,0,0,1,2,2,2,2,0,0,2,2
65,-1607.130,-952.940,-159.493,48.865,0.655344,-0.752970,0.059667,0.752522,0.657673,0.034313,-0.065078,0.022414,0.997628,0,0.84103,-0.32710,50.462,-0.654,-1,400.000,-1,375.000,-1,325.000,325.000,300.000,750.000,-1,-1,-1,-1,700.000,700.000,-1,-1,2,0,2,0,2,0,0,0,1,2,2,2,2,0,0,2,2
66,-1573.631,-915.773,-163.800,47.971,0.667133,-0.742565,0.059412,0.742452,0.669299,0.028349,-0.060816,0.025198,0.997831,0,0.83393,-0.44710,50.036,-0.894,-1,400.000,-1,375.000,-1,325.000,325.000,300.000,675.000,-1,-1,-1,-1,725.000,700.000,-1,-1,2,0,2,0,2,0,0,0,1,2,2,2,2,0,0,2,2
67,-1539.654,-879.545,-167.779,46.836,0.681835,-0.729147,0.058696,0.729235,0.683844,0.023943,-0.057597,0.026478,0.997989,0,0.82781,-0.56710,49.669,-1.134,-1,400.000,-1,375.000,-1,325.000,325.000,300.000,650.000,-1,400.000,450.000,-1,725.000,700.000,-1,-1,2,0,2,0,2,0,0,0,1,2,0,0,2,0,0,2,2
68,-1505.033,-844.361,-171.481,45.462,0.699270,-0.712541,0.057508,0.712718,0.701137,0.020982,-0.055272,0.026315,0.998125,0,0.82268,-0.68710,49.361,-1.374,-1,400.000,-1,375.000,-1,325.000,325.000,300.000,600.000,-1,275.000,300.000,-1,750.000,700.000,-1,-1,2,0,2,0,2,0,0,0,1,2,0,0,2,0,0,2,2
69,-1469.615,-810.340,-174.936,43.848,0.719215,-0.692534,0.055909,0.692707,0.720959,0.019379,-0.053729,0.024791,0.998248,0,0.81852,-0.80710,49.111,-1.614,-1,400.000,-1,375.000,-1,325.000,325.000,300.000,550.000,-1,225.000,250.000,-1,750.000,700.000,-1,-1,2,0,2,0,2,0,0,0,1,2,0,0,2,0,0,2,2
70,-1433.258,-777.612,-178.174,41.994,0.741401,-0.668888,0.053978,0.668977,0.743038,0.019068,-0.052862,0.021973,0.998360,0,0.81531,-0.92710,48.918,-1.854,-1,400.000,-1,375.000,-1,325.000,325.000,300.000,525.000,-1,225.000,250.000,-1,750.000,700.000,-1,-1,2,0,2,0,2,0,0,0,1,2,0,0,2,0,0,2,2
71,-1395.887,-746.261,-181.230,39.994,0.764446,-0.642599,0.051847,0.642544,0.765989,0.019947,-0.052532,0.018065,0.998456,0,0.81300,-1.00000,48.780,-2.000,-1,400.000,-1,375.000,-1,325.000,325.000,325.000,500.000,-1,225.000,250.000,-1,725.000,700.000,-1,-1,2,0,2,0,2,0,0,0,1,2,0,0,2,0,0,2,2
72,-1357.525,-716.297,-183.763,37.994,0.786606,-0.615520,0.048850,0.615305,0.788006,0.021108,-0.051487,0.013454,0.998583,0,0.81129,-1.00000,48.678,-2.000,-1,400.000,-1,375.000,-1,325.000,325.000,325.000,475.000,-1,250.000,275.000,-1,725.000,725.000,-1,-1,2,0,2,0,2,0,0,0,1,2,0,0,2,0,0,2,2
73,-1318.214,-687.742,-186.086,35.994,0.807802,-0.587679,0.045713,0.587265,0.809056,0.023425,-0.050751,0.007924,0.998680,0,0.80979,-1.00000,48.587,-2.000,-1,400.000,-1,375.000,-1,325.000,325.000,300.000,450.000,-1,275.000,325.000,-1,725.000,725.000,-1,-1,2,0,2,0,2,0,0,0,1,2,0,0,2,0,0,2,2
74,-1277.996,-660.621,-188.239,33.994,0.827999,-0.559102,0.042690,0.558452,0.829097,0.026993,-0.050486,0.001490,0.998724,0,0.80847,-1.00000,48.508,-2.000,-1,400.000,-1,375.000,-1,325.000,325.000,300.000,450.000,-1,300.000,350.000,-1,725.000,725.000,-1,-1,2,0,2,0,2,0,0,0,1,2,0,0,2,0,0,2,2
75,-1236.913,-634.955,-190.219,31.994,0.847172,-0.529818,0.039902,0.528894,0.848091,0.031816,-0.050697,-0.005850,0.998697,0,0.80735,-1.00000,48.441,-2.000,-1,375.000,-1,375.000,-1,325.000,325.000,300.000,425.000,-1,350.000,425.000,-1,700.000,725.000,-1,-1,2,0,2,0,2,0,0,0,1,2,0,0,2,0,0,2,2
76,-1195.009,-610.766,-191.721,29.994,0.865221,-0.499866,0.039069,0.498649,0.866011,0.037059,-0.052359,-0.012582,0.998549,0,0.80640,-1.00000,48.384,-2.000,-1,375.000,-1,375.000,-1,325.000,325.000,300.000,425.000,-1,425.000,525.000,-1,700.000,725.000,-1,-1,2,0,2,0,2,0,0,0,1,2,0,0,2,0,0,2,2
77,-1152.328,-588.077,-194.142,27.994,0.882200,-0.469322,0.038216,0.468069,0.882897,0.037465,-0.051324,-0.015164,0.998567,0,0.80562,-1.00000,48.337,-2.000,-1,375.000,-1,375.000,-1,325.000,325.000,275.000,375.000,-1,450.000,550.000,-1,700.000,725.000,-1,-1,2,0,2,0,2,0,0,0,1,2,0,0,2,0,0,2,2
78,-1108.913,-566.907,-196.345,25.994,0.898108,-0.438211,0.037059,0.436985,0.898713,0.036860,-0.049458,-0.016909,0.998633,0,0.80501,-1.00000,48.301,-2.000,-1,375.000,-1,400.000,-1,325.000,325.000,275.000,350.000,-1,475.000,550.000,-1,700.000,725.000,-1,-1,2,0,2,0,2,0,0,0,1,2,0,0,2,0,0,2,2
79,-1064.812,-547.277,-198.517,23.994,0.912922,-0.406567,0.035740,0.405375,0.913432,0.036241,-0.047381,-0.018597,0.998704,0,0.80455,-1.00000,48.273,-2.000,-1,375.000,-1,400.000,-1,325.000,325.000,275.000,325.000,-1,475.000,550.000,-1,700.000,725.000,-1,-1,2,0,2,0,2,0,0,0,1,2,0,0,2,0,0,2,2
80,-1020.069,-529.205,-200.690,21.994,0.926621,-0.374428,0.034310,0.373268,0.927032,0.035816,-0.045217,-0.020381,0.998769,0,0.80424,-1.00000,48.255,-2.000,-1,375.000,-1,400.000,-1,325.000,325.000,300.000,300.000,-1,500.000,550.000,-1,700.000,725.000,-1,-1,2,0,2,0,2,0,0,0,1,2,0,0,2,0,0,2,2
81,-974.733,-512.709,-202.860,19.994,0.939189,-0.341833,0.032785,0.340703,0.939497,0.035590,-0.042968,-0.022255,0.998829,0,0.80407,-1.00000,48.244,-2.000,-1,375.000,-1,400.000,-1,325.000,325.000,300.000,300.000,-1,500.000,550.000,-1,700.000,725.000,-1,-1,2,0,2,0,2,0,0,0,1,2,0,0,2,0,0,2,2
82,-928.851,-497.806,-205.024,17.994,0.950608,-0.308823,0.031182,0.307722,0.950811,0.035568,-0.040633,-0.024216,0.998881,0,0.80403,-1.00000,48.242,-2.000,-1,400.000,-1,400.000,-1,325.000,325.000,300.000,300.000,-1,500.000,575.000,-1,725.000,750.000,-1,-1,2,0,2,0,2,0,0,0,1,2,0,0,2,0,0,2,2
83,-882.472,-484.513,-207.056,15.994,0.960849,-0.275441,0.030019,0.274371,0.960972,0.035399,-0.038598,-0.025777,0.998922,0,0.80410,-1.00000,48.246,-2.000,-1,400.000,-1,400.000,-1,325.000,325.000,300.000,300.000,-1,525.000,575.000,-1,725.000,750.000,-1,-1,2,0,2,0,2,0,0,0,0,2,0,0,2,0,0,2,2
84,-835.647,-472.843,-208.983,13.994,0.969906,-0.241728,0.029147,0.240687,0.969967,0.035131,-0.036764,-0.027059,0.998958,0,0.80429,-1.00000,48.258,-2.000,-1,400.000,-1,400.000,-1,325.000,325.000,300.000,300.000,-1,550.000,600.000,-1,725.000,750.000,-1,-1,2,0,2,0,2,0,0,0,0,2,0,0,2,0,0,2,2
85,-788.426,-462.810,-210.895,11.994,0.977782,-0.207721,0.028176,0.206710,0.977775,0.035039,-0.034828,-0.028437,0.998989,0,0.80459,-1.00000,48.275,-2.000,-1,400.000,-1,400.000,-1,325.000,325.000,300.000,300.000,-1,575.000,625.000,-1,725.000,750.000,-1,-1,2,0,2,0,2,0,0,0,0,2,0,0,2,0,0,2,2
86,-740.860,-454.428,-212.786,9.994,0.984467,-0.173463,0.027119,0.172481,0.984386,0.035133,-0.032789,-0.029910,0.999015,0,0.80498,-1.00000,48.299,-2.000,-1,400.000,-1,400.000,-1,325.000,325.000,300.000,300.000,-1,600.000,625.000,-1,725.000,750.000,-1,-1,2,0,2,0,2,0,0,0,0,2,0,0,2,0,0,2,2
87,-693.002,-447.707,-214.611,7.994,0.989949,-0.138996,0.026092,0.138035,0.989788,0.035594,-0.030773,-0.031635,0.999026,0,0.80546,-1.00000,48.328,-2.000,-1,400.000,-1,400.000,-1,325.000,325.000,275.000,300.000,-1,600.000,650.000,-1,725.000,750.000,-1,-1,2,0,2,0,2,0,0,0,0,2,0,0,2,0,0,2,2
88,-649.731,-442.979,-216.069,6.234,0.993768,-0.108523,0.025438,0.107554,0.993518,0.036794,-0.029266,-0.033829,0.998999,0,0.72546,-0.88000,43.528,-1.760,-1,400.000,-1,400.000,-1,325.000,325.000,275.000,300.000,-1,600.000,650.000,-1,725.000,750.000,-1,-1,2,0,2,0,2,0,0,0,0,2,0,0,2,0,0,2,2
89,-606.674,-439.429,-217.272,4.714,0.996301,-0.082127,0.025272,0.081157,0.996004,0.037276,-0.028232,-0.035087,0.998985,0,0.72006,-0.76000,43.203,-1.520,-1,400.000,-1,400.000,-1,325.000,325.000,275.000,300.000,-1,650.000,675.000,-1,750.000,750.000,-1,-1,2,0,2,0,2,0,0,0,0,2,0,0,2,0,0,2,2
90,-563.541,-436.840,-218.347,3.434,0.997891,-0.059856,0.025135,0.058895,0.997564,0.037385,-0.027311,-0.035826,0.998985,0,0.72017,-0.64000,43.210,-1.280,-1,400.000,-1,400.000,-1,325.000,325.000,275.000,300.000,-1,675.000,700.000,-1,750.000,750.000,-1,-1,2,0,2,0,2,0,0,0,0,2,0,0,2,0,0,2,2
91,-520.384,-435.036,-219.408,2.394,0.998817,-0.041739,0.024951,0.040786,0.998462,0.037565,-0.026481,-0.036503,0.998983,0,0.71991,-0.52000,43.195,-1.040,-1,400.000,-1,400.000,-1,325.000,325.000,275.000,300.000,-1,725.000,750.000,-1,750.000,750.000,-1,-1,2,0,2,0,2,0,0,0,0,2,0,0,2,0,0,2,2
92,-477.241,-433.835,-220.458,1.594,0.999308,-0.027794,0.024730,0.026848,0.998925,0.037799,-0.025754,-0.037109,0.998979,0,0.71933,-0.40000,43.160,-0.800,-1,400.000,-1,400.000,-1,325.000,325.000,300.000,300.000,-1,750.000,775.000,-1,750.000,750.000,-1,-1,2,0,2,0,2,0,0,0,0,2,0,0,2,0,0,2,2
93,-434.140,-433.057,-221.499,1.034,0.999538,-0.018029,0.024477,0.017089,0.999129,0.038072,-0.025142,-0.037636,0.998975,0,0.71846,-0.28000,43.108,-0.560,-1,400.000,-1,400.000,-1,325.000,325.000,300.000,300.000,-1,800.000,800.000,-1,750.000,750.000,-1,-1,2,0,2,0,2,0,0,0,0,2,0,0,2,0,0,2,2
94,-391.101,-432.524,-222.535,0.710,0.999631,-0.012382,0.024196,0.011448,0.999198,0.038366,-0.024652,-0.038075,0.998971,0,0.71736,-0.16189,43.042,-0.324,-1,400.000,-1,400.000,-1,325.000,325.000,300.000,300.000,-1,825.000,850.000,-1,750.000,750.000,-1,-1,2,0,2,0,2,0,0,0,0,2,0,0,2,0,0,2,2
95,-348.137,-432.229,-223.563,0.392,0.999691,-0.006842,0.023912,0.005914,0.999234,0.038681,-0.024159,-0.038527,0.998965,0,0.71608,-0.15884,42.965,-0.318,-1,400.000,-1,400.000,-1,325.000,325.000,300.000,300.000,-1,850.000,875.000,-1,750.000,750.000,-1,-1,2,0,2,0,2,0,0,0,0,2,0,0,2,0,0,2,2
96,-305.234,-432.168,-224.583,0.081,0.999720,-0.001413,0.023626,0.000490,0.999238,0.039015,-0.023663,-0.038993,0.998959,0,0.71505,-0.15564,42.903,-0.311,-1,400.000,-1,400.000,-1,325.000,325.000,300.000,300.000,-1,875.000,900.000,-1,750.000,750.000,-1,-1,2,0,2,0,2,0,0,0,0,2,0,0,2,0,0,2,2
97,-266.502,-432.486,-225.491,-0.470,0.999693,0.008201,0.023393,-0.009118,0.999184,0.039353,-0.023052,-0.039554,0.998951,0,0.64556,-0.27564,38.733,-0.551,-1,400.000,-1,400.000,-1,325.000,325.000,300.000,300.000,-1,900.000,925.000,-1,750.000,750.000,-1,-1,2,0,2,0,2,0,0,0,0,2,0,0,2,0,0,2,2
98,-227.788,-433.288,-226.385,-1.187,0.999517,0.020692,0.023177,-0.021602,0.998977,0.039736,-0.022331,-0.040218,0.998941,0,0.64536,-0.35818,38.722,-0.716,-1,400.000,-1,400.000,-1,325.000,325.000,300.000,300.000,-1,925.000,950.000,-1,750.000,750.000,-1,-1,2,0,2,0,2,0,0,0,0,2,0,0,2,0,0,2,2
99,-189.045,-434.564,-227.265,-1.886,0.999195,0.032891,0.022961,-0.033795,0.998622,0.040162,-0.021608,-0.040905,0.998929,0,0.64608,-0.34992,38.765,-0.700,-1,400.000,-1,400.000,-1,325.000,325.000,275.000,300.000,-1,925.000,975.000,-1,750.000,750.000,-1,-1,2,0,2,0,2,0,0,0,0,2,0,0,2,0,0,2,2
100,-150.263,-436.304,-228.131,-2.569,0.998737,0.044791,0.022746,-0.045689,0.998129,0.040628,-0.020884,-0.041616,0.998915,0,0.64701,-0.34148,38.821,-0.683,-1,400.000,-1,400.000,-1,325.000,325.000,275.000,300.000,-1,950.000,1000.000,-1,750.000,750.000,-1,-1,2,0,2,0,2,0,0,0,0,2,0,0,2,0,0,2,2
101,-111.435,-438.498,-228.984,-3.235,0.998155,0.056384,0.022536,-0.057276,0.997511,0.041135,-0.020160,-0.042350,0.998899,0,0.64817,-0.33288,38.890,-0.666,-1,400.000,-1,400.000,-1,325.000,325.000,275.000,300.000,-1,950.000,1000.000,-1,750.000,750.000,-1,-1,2,0,2,0,2,0,0,0,0,2,0,0,2,0,0,2,2
102,-72.551,-441.137,-229.824,-3.883,0.997458,0.067663,0.022331,-0.068550,0.996777,0.041681,-0.019439,-0.043106,0.998881,0,0.64954,-0.32411,38.972,-0.648,-1,400.000,-1,400.000,-1,325.000,325.000,275.000,300.000,-1,950.000,-1,-1,750.000,750.000,-1,-1,2,0,2,0,2,0,0,0,0,2,0,2,2,0,0,2,2
103,-33.605,-444.211,-230.651,-4.514,0.996659,0.078622,0.022134,-0.079504,0.995938,0.042265,-0.018721,-0.043884,0.998861,0,0.65113,-0.31517,39.068,-0.630,-1,400.000,-1,400.000,-1,325.000,325.000,275.000,300.000,-1,975.000,-1,-1,750.000,750.000,-1,-1,2,0,2,0,2,0,0,0,0,2,0,2,2,0,0,2,2
104,5.414,-447.711,-231.366,-5.126,0.995765,0.089256,0.022052,-0.090130,0.995024,0.042480,-0.018150,-0.044287,0.998854,0,0.65292,-0.30605,39.175,-0.612,-1,400.000,-1,400.000,-1,325.000,325.000,275.000,300.000,-1,975.000,-1,-1,750.000,750.000,-1,-1,2,0,2,0,2,0,0,0,0,2,0,2,2,0,0,2,2
105,44.514,-451.627,-232.036,-5.719,0.994789,0.099557,0.022003,-0.100425,0.994029,0.042670,-0.017624,-0.044657,0.998847,0,0.65492,-0.29677,39.295,-0.594,-1,400.000,-1,400.000,-1,325.000,325.000,275.000,300.000,-1,1000.000,-1,-1,750.000,750.000,-1,-1,2,0,2,0,2,0,0,0,0,2,0,2,2,0,0,2,2
106,83.704,-455.949,-232.701,-6.294,0.993741,0.109519,0.022002,-0.110382,0.992964,0.042869,-0.017152,-0.045030,0.998838,0,0.65713,-0.28731,39.428,-0.575,-1,400.000,-1,400.000,-1,325.000,325.000,275.000,300.000,-1,-1,-1,-1,750.000,750.000,-1,-1,2,0,2,0,2,0,0,0,0,2,2,2,2,0,0,2,2
107,122.995,-460.669,-233.356,-6.849,0.992634,0.119136,0.022012,-0.119996,0.991838,0.043097,-0.016698,-0.045421,0.998828,0,0.65955,-0.27768,39.573,-0.555,-1,400.000,-1,400.000,-1,325.000,325.000,275.000,300.000,-1,-1,-1,-1,750.000,750.000,-1,-1,2,0,2,0,2,0,0,0,0,2,2,2,2,0,0,2,2
108,157.459,-465.294,-233.919,-7.645,0.990885,0.132890,0.022080,-0.133746,0.990068,0.043329,-0.016103,-0.045887,0.998817,0,0.57955,-0.39768,34.773,-0.795,-1,400.000,-1,400.000,-1,325.000,325.000,275.000,300.000,-1,-1,-1,-1,750.000,750.000,-1,-1,2,0,2,0,2,0,0,0,0,2,2,2,2,0,0,2,2
109,187.089,-469.817,-234.390,-8.680,0.988322,0.150754,0.022209,-0.151605,0.987481,0.043563,-0.015364,-0.046421,0.998804,0,0.49955,-0.51768,29.973,-1.035,-1,400.000,-1,400.000,-1,325.000,325.000,275.000,300.000,-1,-1,-1,-1,750.000,750.000,-1,-1,2,0,2,0,2,0,0,0,0,2,2,2,2,0,0,2,2
110,215.888,-474.872,-234.832,-9.955,0.984721,0.172690,0.022400,-0.173535,0.983852,0.043833,-0.014468,-0.047051,0.998788,0,0.48731,-0.63768,29.239,-1.275,-1,400.000,-1,400.000,-1,325.000,325.000,275.000,300.000,-1,-1,-1,-1,750.000,750.000,-1,-1,2,0,2,0,2,0,0,0,0,2,2,2,2,0,0,2,2
111,244.783,-480.735,-235.258,-11.471,0.979810,0.198641,0.022663,-0.199479,0.978907,0.044156,-0.013413,-0.047786,0.998768,0,0.49139,-0.75768,29.483,-1.515,-1,400.000,-1,400.000,-1,325.000,325.000,275.000,300.000,-1,-1,-1,-1,750.000,750.000,-1,-1,2,0,2,0,2,0,0,0,0,2,2,2,2,0,0,2,2
112,273.761,-487.483,-235.663,-13.109,0.973733,0.226531,0.022990,-0.227363,0.972791,0.044536,-0.012276,-0.048593,0.998743,0,0.49589,-0.81896,29.753,-1.638,-1,400.000,-1,400.000,-1,325.000,325.000,275.000,300.000,-1,-1,-1,-1,750.000,750.000,-1,-1,2,0,2,0,2,0,0,0,0,2,2,2,2,0,0,2,2
113,302.806,-495.120,-236.046,-14.732,0.966923,0.253995,0.023367,-0.254824,0.965941,0.044970,-0.011149,-0.049437,0.998715,0,0.50052,-0.81190,30.031,-1.624,-1,400.000,-1,400.000,-1,325.000,325.000,275.000,300.000,-1,-1,-1,-1,750.000,750.000,-1,-1,2,0,2,0,2,0,0,0,0,2,2,2,2,0,0,2,2
114,331.881,-503.645,-236.334,-16.342,0.959413,0.281024,0.023490,-0.281833,0.958396,0.045239,-0.009799,-0.050023,0.998700,0,0.50498,-0.80493,30.299,-1.610,-1,400.000,-1,400.000,-1,325.000,325.000,275.000,300.000,-1,-1,-1,-1,750.000,750.000,-1,-1,2,0,2,0,2,0,0,0,0,2,2,2,2,0,0,2,2
115,360.952,-513.056,-236.491,-17.938,0.951231,0.307606,0.023188,-0.308372,0.950188,0.045260,-0.008110,-0.050203,0.998706,0,0.50926,-0.79803,30.556,-1.596,-1,400.000,-1,400.000,-1,325.000,325.000,275.000,300.000,-1,-1,-1,-1,750.000,750.000,-1,-1,2,0,2,0,2,0,0,0,0,2,2,2,2,0,0,2,2
116,389.984,-523.349,-236.616,-19.521,0.942392,0.333725,0.022895,-0.334448,0.941322,0.045350,-0.006417,-0.050395,0.998709,0,0.51338,-0.79123,30.803,-1.582,-1,400.000,-1,400.000,-1,325.000,325.000,275.000,300.000,-1,-1,-1,-1,750.000,750.000,-1,-1,2,0,2,0,2,0,0,0,0,2,2,2,2,0,0,2,2
117,418.945,-534.518,-236.711,-21.090,0.932921,0.359371,0.022618,-0.360051,0.931822,0.045507,-0.004722,-0.050598,0.998708,0,0.51733,-0.78451,31.040,-1.569,-1,400.000,-1,400.000,-1,325.000,325.000,275.000,300.000,-1,975.000,-1,-1,750.000,750.000,-1,-1,2,0,2,0,2,0,0,0,0,2,0,2,2,0,0,2,2
118,447.802,-546.557,-236.774,-22.646,0.922840,0.384533,0.022363,-0.385171,0.921712,0.045730,-0.003028,-0.050815,0.998703,0,0.52112,-0.77787,31.267,-1.556,-1,400.000,-1,400.000,-1,325.000,325.000,275.000,300.000,-1,950.000,-1,-1,750.000,750.000,-1,-1,2,0,2,0,2,0,0,0,0,2,0,2,2,0,0,2,2
119,476.523,-559.458,-236.805,-24.188,0.912175,0.409202,0.022136,-0.409798,0.911015,0.046016,-0.001336,-0.051046,0.998695,0,0.52475,-0.77133,31.485,-1.543,975.000,400.000,-1,400.000,-1,325.000,325.000,300.000,300.000,-1,925.000,-1,-1,775.000,750.000,-1,-1,1,0,2,0,2,0,0,0,0,2,0,2,2,0,0,2,2
120,505.078,-573.212,-236.797,-25.718,0.900948,0.433372,0.021949,-0.433927,0.899756,0.046329,0.000329,-0.051265,0.998685,0,0.52823,-0.76488,31.694,-1.530,975.000,400.000,-1,400.000,-1,325.000,325.000,300.000,300.000,-1,900.000,-1,-1,775.000,750.000,-1,-1,1,0,2,0,2,0,0,0,0,2,0,2,2,0,0,2,2
121,537.019,-589.526,-236.727,-27.055,0.890608,0.454247,0.021846,-0.454769,0.889390,0.046594,0.001736,-0.051432,0.998675,0,0.59776,-0.66859,35.866,-1.337,950.000,400.000,-1,400.000,-1,325.000,325.000,300.000,300.000,-1,900.000,-1,-1,775.000,750.000,-1,-1,1,0,2,0,2,0,0,0,0,2,0,2,2,0,0,2,2
122,568.777,-606.680,-236.629,-28.375,0.879927,0.474609,0.021778,-0.475098,0.878681,0.046918,0.003132,-0.051631,0.998661,0,0.60158,-0.65998,36.095,-1.320,925.000,400.000,-1,400.000,-1,325.000,325.000,300.000,300.000,-1,900.000,-1,-1,775.000,775.000,-1,-1,1,0,2,0,2,0,0,0,0,2,0,2,2,1,0,2,2
123,600.319,-624.654,-236.468,-29.677,0.868936,0.494446,0.021746,-0.494903,0.867650,0.047489,0.004613,-0.052027,0.998635,0,0.60505,-0.65114,36.303,-1.302,900.000,400.000,-1,400.000,-1,325.000,325.000,300.000,300.000,-1,875.000,-1,-1,775.000,775.000,-1,-1,1,0,2,0,2,0,0,0,0,2,0,2,2,1,0,2,2
124,631.610,-643.427,-236.262,-30.962,0.857662,0.513753,0.021766,-0.514177,0.856328,0.048211,0.006130,-0.052540,0.998600,0,0.60817,-0.64207,36.490,-1.284,900.000,400.000,-1,400.000,-1,325.000,325.000,300.000,300.000,-1,875.000,1000.000,-1,775.000,775.000,-1,-1,1,0,2,0,2,0,0,0,0,2,0,0,2,1,0,2,2
125,662.619,-662.975,-236.030,-32.227,0.846132,0.532525,0.021857,-0.532919,0.844747,0.048991,0.007626,-0.053101,0.998560,0,0.61092,-0.63278,36.655,-1.266,900.000,400.000,-1,400.000,-1,325.000,325.000,300.000,300.000,-1,875.000,1000.000,-1,775.000,775.000,-1,-1,1,0,2,0,2,0,0,0,0,2,0,0,2,1,0,2,2
126,693.313,-683.270,-235.772,-33.474,0.834374,0.550759,0.022022,-0.551124,0.832935,0.049825,0.009098,-0.053710,0.998515,0,0.61328,-0.62330,36.797,-1.247,900.000,400.000,-1,400.000,-1,325.000,325.000,300.000,300.000,-1,850.000,1000.000,-1,800.000,775.000,-1,-1,1,0,2,0,2,0,0,0,0,2,0,0,2,0,0,2,2
127,723.662,-704.285,-235.489,-34.701,0.822415,0.568452,0.022266,-0.568790,0.820918,0.050708,0.010546,-0.054367,0.998465,0,0.61524,-0.61362,36.915,-1.227,950.000,400.000,-1,400.000,-1,325.000,325.000,300.000,300.000,-1,825.000,1000.000,-1,800.000,775.000,-1,-1,1,0,2,0,2,0,0,0,0,2,0,0,2,0,0,2,2
128,753.637,-725.990,-235.194,-35.909,0.810284,0.585604,0.022540,-0.585915,0.808727,0.051620,0.012000,-0.055034,0.998412,0,0.61680,-0.60377,37.008,-1.208,1000.000,400.000,-1,400.000,-1,325.000,325.000,300.000,300.000,-1,800.000,975.000,-1,800.000,800.000,-1,-1,1,0,2,0,2,0,0,0,0,2,0,0,2,0,0,2,2
129,779.402,-745.318,-234.842,-36.876,0.800298,0.599168,0.022832,-0.599463,0.798711,0.052001,0.012921,-0.055303,0.998386,0,0.53680,-0.48377,32.208,-0.968,-1,400.000,-1,400.000,-1,325.000,325.000,300.000,300.000,-1,800.000,975.000,-1,800.000,800.000,-1,-1,2,0,2,0,2,0,0,0,0,2,0,0,2,0,0,2,2
130,801.116,-762.042,-234.469,-37.604,0.792633,0.609262,0.023109,-0.609553,0.791039,0.051989,0.013395,-0.055294,0.998380,0,0.45680,-0.36377,27.408,-0.728,-1,400.000,-1,400.000,-1,325.000,325.000,300.000,300.000,-1,825.000,1000.000,-1,800.000,800.000,-1,-1,2,0,2,0,2,0,0,0,0,2,0,0,2,0,0,2,2
131,818.909,-775.989,-234.158,-38.091,0.787424,0.615970,0.023341,-0.616260,0.785825,0.051978,0.013675,-0.055313,0.998375,0,0.37680,-0.24377,22.608,-0.488,-1,400.000,-1,400.000,-1,325.000,325.000,300.000,300.000,-1,850.000,-1,-1,800.000,800.000,-1,-1,2,0,2,0,2,0,0,0,0,2,0,2,2,0,0,2,2
132,832.876,-787.036,-233.914,-38.339,0.784756,0.619358,0.023522,-0.619651,0.783155,0.051966,0.013764,-0.055356,0.998372,0,0.29680,-0.12377,17.808,-0.248,-1,400.000,-1,400.000,-1,325.000,325.000,300.000,300.000,-1,875.000,-1,-1,800.000,800.000,-1,-1,2,0,2,0,2,0,0,0,0,2,0,2,2,0,0,2,2
133,843.070,-795.115,-233.737,-38.401,0.784079,0.620211,0.023649,-0.620510,0.782476,0.051956,0.013718,-0.055412,0.998369,0,0.21680,-0.03128,13.008,-0.063,-1,400.000,-1,400.000,-1,325.000,325.000,300.000,300.000,-1,875.000,-1,-1,800.000,800.000,-1,-1,2,0,2,0,2,0,0,0,0,2,0,2,2,0,0,2,2
134,849.498,-800.220,-233.626,-38.457,0.783470,0.620976,0.023731,-0.621279,0.781866,0.051949,0.013704,-0.055444,0.998368,0,0.13680,-0.02809,8.208,-0.056,-1,400.000,-1,400.000,-1,325.000,325.000,300.000,300.000,-1,900.000,-1,-1,800.000,800.000,-1,-1,2,0,2,0,2,0,0,0,0,2,0,2,2,0,0,2,2
135,852.164,-802.342,-233.580,-38.510,0.782905,0.621687,0.023767,-0.621989,0.781301,0.051947,0.013725,-0.055452,0.998367,0,0.05680,-0.02604,3.408,-0.052,-1,400.000,-1,400.000,-1,325.000,325.000,300.000,300.000,-1,900.000,-1,-1,800.000,800.000,-1,-1,2,0,2,0,2,0,0,0,0,2,0,2,2,0,0,2,2
136,851.076,-801.474,-233.599,-38.560,0.782361,0.622372,0.023757,-0.622673,0.780756,0.051949,0.013783,-0.055435,0.998367,0,-0.02320,-0.02514,-1.392,-0.050,-1,400.000,-1,400.000,-1,325.000,325.000,300.000,300.000,-1,900.000,-1,-1,800.000,800.000,-1,-1,2,0,2,0,2,0,0,0,0,2,0,2,2,0,0,2,2
137,846.237,-797.610,-233.683,-38.611,0.781810,0.623066,0.023700,-0.623362,0.780206,0.051955,0.013880,-0.055393,0.998368,0,-0.10320,-0.02539,-6.192,-0.051,-1,400.000,-1,400.000,-1,325.000,325.000,300.000,300.000,-1,875.000,-1,-1,800.000,800.000,-1,-1,2,0,2,0,2,0,0,0,0,2,0,2,2,0,0,2,2
