timestep,x_cm,y_cm,z_cm,yaw_deg,basis_xx,basis_xy,basis_xz,basis_yx,basis_yy,basis_yz,basis_zx,basis_zy,basis_zz,teleport_flag,throttle_cmd,steering_cmd,cmd_move_cm,cmd_turn_deg,lidar_cm_0,lidar_cm_1,lidar_cm_2,lidar_cm_3,lidar_cm_4,lidar_cm_5,lidar_cm_6,lidar_cm_7,lidar_cm_8,lidar_cm_9,lidar_cm_10,lidar_cm_11,lidar_cm_12,lidar_cm_13,lidar_cm_14,lidar_cm_15,lidar_cm_16,lidar_class_0,lidar_class_1,lidar_class_2,lidar_class_3,lidar_class_4,lidar_class_5,lidar_class_6,lidar_class_7,lidar_class_8,lidar_class_9,lidar_class_10,lidar_class_11,lidar_class_12,lidar_class_13,lidar_class_14,lidar_class_15,lidar_class_16
0,-7548.013,2295.463,-253.870,-176.793,-0.997580,0.055775,-0.041516,-0.058836,-0.995326,0.076583,-0.037050,0.078840,0.996199,1,0.08000,-0.12000,4.800,-0.240,-1,400.000,-1,300.000,375.000,300.000,275.000,475.000,250.000,250.000,-1,-1,-1,725.000,500.000,-1,450.000,2,0,2,0,0,0,0,0,0,1,2,2,2,0,0,2,0
1,-7557.600,2294.968,-254.119,-177.040,-0.997876,0.051490,-0.039910,-0.054375,-0.995705,0.074933,-0.035881,0.076944,0.996390,0,0.16000,-0.12353,9.600,-0.247,-1,400.000,-1,325.000,400.000,300.000,275.000,475.000,250.000,250.000,-1,-1,-1,725.000,525.000,-1,475.000,2,0,2,0,0,0,0,0,0,1,2,2,2,0,0,2,0
2,-7571.984,2294.290,-254.530,-177.292,-0.998184,0.047111,-0.037530,-0.049730,-0.996150,0.072201,-0.033984,0.073936,0.996684,0,0.24000,-0.12628,14.400,-0.253,-1,400.000,-1,325.000,400.000,300.000,275.000,475.000,250.000,250.000,-1,-1,-1,725.000,525.000,-1,500.000,2,0,2,0,0,0,0,0,0,1,2,2,2,0,0,2,0
3,-7591.167,2293.473,-255.116,-177.553,-0.998502,0.042587,-0.034348,-0.044859,-0.996653,0.068338,-0.031323,0.069776,0.997071,0,0.32000,-0.13047,19.200,-0.261,-1,400.000,-1,325.000,425.000,300.000,275.000,450.000,250.000,250.000,-1,-1,-1,750.000,525.000,-1,550.000,2,0,2,0,0,0,0,0,0,1,2,2,2,0,0,2,0
4,-7615.149,2292.566,-255.887,-177.826,-0.998822,0.037864,-0.030336,-0.039725,-0.997204,0.063289,-0.027855,0.064420,0.997534,0,0.40000,-0.13615,24.000,-0.272,-1,400.000,-1,325.000,475.000,300.000,275.000,450.000,250.000,275.000,-1,-1,-1,750.000,550.000,-1,600.000,2,0,2,0,0,0,0,0,0,1,2,2,2,0,0,2,0
5,-7643.934,2291.622,-256.858,-178.112,-0.999135,0.032885,-0.025468,-0.034293,-0.997785,0.056999,-0.023537,0.057823,0.998049,0,0.48000,-0.14341,28.800,-0.287,-1,400.000,-1,325.000,550.000,300.000,300.000,425.000,275.000,275.000,-1,-1,-1,750.000,550.000,-1,700.000,2,0,2,0,0,0,0,0,0,1,2,2,2,0,0,2,0
6,-7677.521,2290.698,-258.041,-178.417,-0.999425,0.027591,-0.019720,-0.028537,-0.998371,0.049405,-0.018324,0.049939,0.998584,0,0.56000,-0.15231,33.600,-0.305,-1,400.000,-1,350.000,650.000,325.000,300.000,400.000,275.000,275.000,-1,-1,-1,750.000,575.000,-1,825.000,2,0,2,0,0,0,0,0,0,1,2,2,2,0,0,2,0
7,-7715.578,2289.867,-259.437,-178.743,-0.999674,0.021921,-0.013128,-0.022437,-0.998927,0.040524,-0.012226,0.040806,0.999092,0,0.63444,-0.16296,38.066,-0.326,-1,400.000,-1,350.000,800.000,325.000,300.000,375.000,275.000,300.000,-1,-1,-1,775.000,600.000,-1,1000.000,2,0,2,0,0,0,0,0,0,1,2,2,2,0,0,2,0
8,-7753.645,2289.268,-260.886,-179.094,-0.999854,0.015812,-0.006439,-0.016007,-0.999379,0.031377,-0.005939,0.031475,0.999487,0,0.63453,-0.17532,38.072,-0.351,-1,400.000,-1,350.000,-1,325.000,300.000,350.000,275.000,300.000,425.000,-1,-1,775.000,650.000,-1,-1,2,0,2,0,2,0,0,0,0,1,1,2,2,0,0,2,2
9,-7791.776,2288.917,-262.389,-179.469,-0.999957,0.009257,0.000338,-0.009247,-0.999716,0.021944,0.000541,0.021940,0.999759,0,0.63555,-0.18798,38.133,-0.376,-1,400.000,-1,375.000,-1,325.000,300.000,350.000,275.000,325.000,275.000,-1,-1,775.000,675.000,-1,-1,2,0,2,0,2,0,0,0,0,1,1,2,2,0,0,2,2
10,-7830.023,2288.833,-263.945,-179.871,-0.999972,0.002245,0.007187,-0.002157,-0.999923,0.012209,0.007214,0.012193,0.999900,0,0.63745,-0.20093,38.247,-0.402,-1,400.000,-1,375.000,-1,325.000,325.000,325.000,300.000,350.000,200.000,-1,-1,800.000,700.000,-1,-1,2,0,2,0,2,0,0,0,0,1,1,2,2,0,0,2,2
11,-7868.432,2289.035,-265.199,-180.300,-0.999902,-0.005231,0.012959,0.005278,-0.999980,0.003616,0.012939,0.003684,0.999909,0,0.64016,-0.21419,38.410,-0.428,-1,400.000,-1,400.000,-1,325.000,325.000,300.000,300.000,350.000,150.000,-1,-1,800.000,750.000,-1,-1,2,0,2,0,2,0,0,0,0,1,1,2,2,0,0,2,2
12,-7907.048,2289.544,-264.757,-180.755,-0.999832,-0.013181,0.012738,0.013216,-0.999909,0.002741,0.012701,0.002909,0.999915,0,0.64365,-0.22774,38.619,-0.455,-1,400.000,-1,400.000,-1,325.000,325.000,300.000,300.000,400.000,175.000,-1,-1,800.000,750.000,-1,-1,2,0,2,0,2,0,0,0,0,1,1,2,2,0,0,2,2
13,-7945.911,2290.385,-264.334,-181.238,-0.999689,-0.021613,0.012465,0.021638,-0.999764,0.001935,0.012420,0.002204,0.999920,0,0.64787,-0.24160,38.872,-0.483,-1,400.000,-1,400.000,-1,325.000,325.000,300.000,300.000,450.000,225.000,-1,-1,800.000,725.000,-1,-1,2,0,2,0,2,0,0,0,0,1,1,2,2,0,0,2,2
14,-7985.059,2291.581,-263.908,-181.750,-0.999459,-0.030538,0.012197,0.030553,-0.999533,0.001115,0.012157,0.001487,0.999925,0,0.65278,-0.25577,39.167,-0.512,-1,400.000,-1,400.000,-1,325.000,325.000,300.000,300.000,500.000,250.000,-1,-1,775.000,725.000,-1,-1,2,0,2,0,2,0,0,0,0,1,1,2,2,0,0,2,2
15,-8024.529,2293.159,-263.479,-182.290,-0.999130,-0.039965,0.011932,0.039971,-0.999201,0.000279,0.011912,0.000755,0.999929,0,0.65836,-0.27025,39.502,-0.540,-1,400.000,-1,400.000,-1,325.000,325.000,300.000,300.000,550.000,275.000,-1,-1,775.000,725.000,-1,-1,2,0,2,0,2,0,0,0,0,1,1,2,2,0,0,2,2
16,-8064.354,2295.149,-263.046,-182.861,-0.998686,-0.049905,0.011669,0.049902,-0.998754,-0.000577,0.011683,0.000006,0.999932,0,0.66458,-0.28504,39.875,-0.570,-1,400.000,-1,400.000,-1,325.000,325.000,300.000,300.000,600.000,325.000,-1,-1,775.000,725.000,-1,-1,2,0,2,0,2,0,0,0,0,1,1,2,2,0,0,2,2
17,-8108.937,2298.009,-262.557,-183.671,-0.997884,-0.064021,0.011382,0.064007,-0.997948,-0.001568,0.011460,-0.000836,0.999934,0,0.74458,-0.40504,44.675,-0.810,-1,400.000,-1,400.000,-1,325.000,325.000,300.000,300.000,675.000,350.000,875.000,-1,775.000,700.000,-1,-1,2,0,2,0,2,0,0,0,0,1,1,1,2,0,0,2,2
18,-8156.287,2301.920,-262.033,-184.721,-0.996546,-0.082299,0.011083,0.082274,-0.996606,-0.002662,0.011265,-0.001741,0.999935,0,0.79185,-0.52504,47.511,-1.050,-1,400.000,-1,400.000,-1,325.000,325.000,300.000,300.000,750.000,400.000,750.000,-1,750.000,700.000,-1,-1,2,0,2,0,2,0,0,0,0,1,1,1,2,0,0,2,2
19,-8203.734,2306.848,-261.502,-185.930,-0.994591,-0.103308,0.010780,0.103273,-0.994646,-0.003804,0.011115,-0.002670,0.999935,0,0.79504,-0.60451,47.702,-1.209,-1,400.000,-1,400.000,-1,325.000,325.000,300.000,300.000,825.000,425.000,675.000,-1,750.000,700.000,-1,-1,2,0,2,0,2,0,0,0,0,1,1,1,2,0,0,2,2
20,-8251.290,2312.825,-260.965,-187.164,-0.992138,-0.124707,0.010458,0.124661,-0.992187,-0.004984,0.010998,-0.003641,0.999933,0,0.79884,-0.61709,47.930,-1.234,-1,400.000,-1,375.000,-1,325.000,325.000,300.000,300.000,925.000,475.000,650.000,-1,750.000,700.000,-1,-1,2,0,2,0,2,0,0,0,0,1,1,1,2,0,0,2,2
21,-8298.955,2319.883,-260.419,-188.423,-0.989161,-0.146486,0.010110,0.146429,-0.989202,-0.006204,0.010910,-0.004656,0.999930,0,0.80307,-0.62976,48.184,-1.260,-1,400.000,-1,375.000,-1,325.000,325.000,300.000,300.000,-1,525.000,650.000,-1,750.000,675.000,-1,-1,2,0,2,0,2,0,0,0,0,2,1,1,2,0,0,2,2
22,-8346.723,2328.056,-259.861,-189.708,-0.985631,-0.168632,0.009725,0.168564,-0.985662,-0.007466,0.010845,-0.005720,0.999925,0,0.80771,-0.64251,48.463,-1.285,-1,400.000,-1,375.000,-1,325.000,325.000,300.000,300.000,-1,575.000,650.000,-1,725.000,675.000,-1,-1,2,0,2,0,2,0,0,0,0,2,1,1,2,0,0,2,2
23,-8394.587,2337.376,-259.288,-191.019,-0.981520,-0.191132,0.009293,0.191053,-0.981540,-0.008773,0.010798,-0.006836,0.999918,0,0.81272,-0.65534,48.763,-1.311,-1,400.000,-1,375.000,-1,325.000,325.000,300.000,300.000,-1,625.000,675.000,-1,725.000,675.000,-1,-1,2,0,2,0,2,0,0,0,0,2,1,1,2,0,0,2,2
24,-8442.534,2347.879,-258.697,-192.356,-0.976800,-0.213971,0.008801,0.213881,-0.976807,-0.010124,0.010763,-0.008007,0.999910,0,0.81806,-0.66822,49.084,-1.336,-1,400.000,-1,375.000,-1,325.000,300.000,300.000,300.000,-1,675.000,700.000,-1,725.000,675.000,-1,-1,2,0,2,0,2,0,0,0,0,2,1,1,2,0,0,2,2
25,-8490.548,2359.599,-258.012,-193.718,-0.971440,-0.237132,0.008493,0.237033,-0.971436,-0.011270,0.010923,-0.008935,0.999900,0,0.82372,-0.68117,49.423,-1.362,-1,375.000,-1,375.000,-1,325.000,300.000,300.000,300.000,-1,725.000,750.000,-1,725.000,650.000,-1,-1,2,0,2,0,2,0,0,0,0,2,1,1,2,0,0,2,2
26,-8538.608,2372.572,-257.139,-195.106,-0.965407,-0.260598,0.008821,0.260488,-0.965403,-0.011965,0.011633,-0.009253,0.999890,0,0.82967,-0.69416,49.780,-1.388,-1,375.000,-1,375.000,-1,300.000,300.000,300.000,300.000,-1,775.000,775.000,-1,700.000,650.000,-1,-1,2,0,2,0,2,0,0,0,0,2,1,1,2,0,0,2,2
27,-8590.172,2387.829,-256.215,-196.482,-0.958867,-0.283702,0.009327,0.283578,-0.958865,-0.012689,0.012544,-0.009522,0.999876,0,0.89622,-0.68790,53.773,-1.376,-1,375.000,-1,375.000,-1,300.000,300.000,300.000,300.000,-1,825.000,825.000,-1,675.000,650.000,-1,-1,2,0,2,0,2,0,0,0,0,2,1,1,2,0,0,2,2
28,-8641.865,2404.522,-255.239,-197.897,-0.951561,-0.307285,0.010414,0.307136,-0.951566,-0.013776,0.014143,-0.009910,0.999851,0,0.90535,-0.70728,54.321,-1.415,-1,375.000,-1,375.000,-1,300.000,300.000,300.000,300.000,-1,875.000,875.000,-1,675.000,775.000,-1,-1,2,0,2,0,2,0,0,0,0,2,1,1,2,0,1,2,2
29,-8693.636,2422.703,-254.102,-199.351,-0.943444,-0.331327,0.011677,0.331138,-0.943454,-0.015570,0.016175,-0.010823,0.999811,0,0.91452,-0.72698,54.871,-1.454,-1,375.000,-1,375.000,-1,300.000,300.000,300.000,300.000,-1,900.000,925.000,-1,650.000,850.000,-1,-1,2,0,2,0,2,0,0,0,0,2,0,1,2,0,1,2,2
30,-8741.771,2440.762,-252.966,-200.565,-0.936196,-0.351238,0.013010,0.351005,-0.936214,-0.017272,0.018247,-0.011604,0.999766,0,0.85685,-0.60698,51.411,-1.214,-1,375.000,-1,375.000,-1,300.000,300.000,300.000,300.000,-1,825.000,950.000,-1,650.000,900.000,-1,-1,2,0,2,0,2,0,0,0,0,2,0,1,2,0,1,2,2
31,-8790.042,2459.814,-251.653,-201.538,-0.930062,-0.367100,0.014944,0.366815,-0.930104,-0.018782,0.020794,-0.011987,0.999712,0,0.86491,-0.48698,51.895,-0.974,-1,375.000,-1,375.000,-1,300.000,300.000,300.000,325.000,-1,725.000,875.000,-1,625.000,900.000,-1,-1,2,0,2,0,2,0,0,0,1,2,0,0,2,0,1,2,2
32,-8838.431,2479.746,-250.296,-202.388,-0.924486,-0.380840,0.016895,0.380496,-0.924557,-0.020434,0.023402,-0.012463,0.999648,0,0.87221,-0.42455,52.333,-0.849,-1,375.000,-1,375.000,-1,300.000,300.000,300.000,400.000,-1,650.000,775.000,-1,625.000,925.000,-1,-1,2,0,2,0,2,0,0,0,1,2,0,0,2,0,1,2,2
33,-8886.873,2500.587,-248.890,-203.278,-0.918416,-0.395166,0.018871,0.394754,-0.918519,-0.022202,0.026107,-0.012941,0.999575,0,0.87891,-0.44539,52.734,-0.891,-1,375.000,-1,375.000,-1,300.000,300.000,300.000,475.000,-1,575.000,700.000,-1,625.000,925.000,-1,-1,2,0,2,0,2,0,0,0,1,2,0,0,2,0,1,2,2
34,-8935.320,2522.371,-247.434,-204.211,-0.911818,-0.410065,0.020868,0.409576,-0.911958,-0.024094,0.028911,-0.013422,0.999492,0,0.88532,-0.46643,53.119,-0.933,-1,375.000,-1,400.000,-1,300.000,300.000,300.000,550.000,-1,525.000,625.000,-1,625.000,925.000,1000.000,-1,2,0,2,1,2,0,0,0,1,2,0,0,2,0,1,0,2
35,-8983.447,2544.988,-245.937,-205.171,-0.904775,-0.425275,0.022868,0.424701,-0.904957,-0.026105,0.031797,-0.013908,0.999398,0,0.88628,-0.47972,53.177,-0.959,-1,350.000,-1,450.000,-1,300.000,300.000,300.000,650.000,-1,475.000,550.000,-1,600.000,900.000,950.000,-1,2,0,2,1,2,0,0,0,1,2,0,0,2,0,1,0,2
36,-9031.006,2568.324,-244.371,-206.136,-0.897431,-0.440456,0.024817,0.439793,-0.897661,-0.028064,0.034639,-0.014271,0.999298,0,0.88292,-0.48260,52.975,-0.965,975.000,350.000,-1,475.000,-1,300.000,300.000,300.000,725.000,-1,450.000,500.000,-1,600.000,900.000,925.000,-1,0,0,2,1,2,0,0,0,1,2,0,0,2,0,1,0,2
37,-9077.963,2592.360,-243.329,-207.106,-0.889802,-0.455616,0.025815,0.455033,-0.890109,-0.025508,0.034600,-0.010951,0.999341,0,0.87919,-0.48523,52.752,-0.970,925.000,350.000,-1,475.000,-1,300.000,300.000,300.000,800.000,-1,475.000,525.000,-1,575.000,875.000,875.000,-1,0,0,2,1,2,0,0,0,1,2,0,0,2,0,1,0,2
38,-9124.289,2617.076,-244.098,-208.082,-0.881874,-0.470727,0.026719,0.470579,-0.882277,-0.011967,0.029206,0.002020,0.999571,0,0.87512,-0.48760,52.507,-0.975,875.000,325.000,-1,450.000,-1,275.000,275.000,325.000,825.000,-1,650.000,650.000,-1,550.000,825.000,800.000,-1,0,0,2,1,2,0,1,0,1,2,0,0,2,0,1,0,2
39,-9169.956,2642.451,-244.418,-209.061,-0.873639,-0.485681,0.029487,0.485926,-0.873999,0.001305,0.025138,0.015468,0.999564,0,0.87073,-0.48969,52.244,-0.979,850.000,325.000,-1,450.000,-1,275.000,275.000,325.000,875.000,-1,875.000,775.000,-1,525.000,750.000,725.000,-1,0,0,2,1,2,0,1,0,1,2,0,0,2,0,1,0,2
40,-9214.940,2668.463,-244.556,-210.044,-0.865136,-0.500464,0.032798,0.501075,-0.865295,0.013699,0.021524,0.028286,0.999368,0,0.86605,-0.49151,51.963,-0.983,800.000,300.000,-1,425.000,-1,250.000,275.000,350.000,900.000,-1,-1,950.000,-1,500.000,700.000,675.000,-1,0,0,2,1,2,0,1,0,1,2,2,0,2,0,1,0,2
41,-9263.658,2697.593,-244.319,-210.882,-0.857702,-0.512843,0.036585,0.513829,-0.857501,0.025935,0.018071,0.041043,0.998994,0,0.94605,-0.41916,56.763,-0.838,775.000,300.000,-1,400.000,-1,225.000,275.000,350.000,950.000,-1,-1,-1,-1,475.000,650.000,625.000,950.000,0,0,2,1,2,0,1,0,1,2,2,2,2,0,1,0,1
42,-9312.409,2727.738,-243.454,-211.737,-0.849994,-0.525286,0.039810,0.526605,-0.849277,0.037624,0.014047,0.052944,0.998499,0,0.95529,-0.42747,57.318,-0.855,725.000,275.000,-1,375.000,-1,225.000,275.000,350.000,975.000,-1,-1,-1,-1,450.000,600.000,575.000,875.000,0,0,2,1,2,0,1,0,1,2,2,2,2,0,1,0,1
43,-9360.719,2758.636,-242.326,-212.610,-0.841941,-0.537812,0.043507,0.539465,-0.840622,0.048286,0.010604,0.064125,0.997886,0,0.95576,-0.43652,57.346,-0.873,700.000,275.000,975.000,350.000,-1,225.000,275.000,375.000,1000.000,-1,-1,-1,-1,450.000,575.000,525.000,800.000,0,0,0,1,2,1,1,0,1,2,2,2,2,1,1,0,1
44,-9408.523,2790.272,-240.244,-213.503,-0.833428,-0.550547,0.047916,0.552541,-0.831696,0.054585,0.009801,0.071968,0.997359,0,0.95541,-0.44629,57.325,-0.893,675.000,250.000,925.000,350.000,-1,225.000,250.000,375.000,-1,-1,-1,-1,975.000,425.000,525.000,500.000,750.000,0,1,0,1,2,1,1,0,2,2,2,2,1,1,1,0,1
45,-9453.934,2821.633,-237.894,-214.635,-0.822301,-0.566589,0.052895,0.568967,-0.820234,0.059101,0.009900,0.078694,0.996850,0,0.91977,-0.56629,55.186,-1.133,650.000,250.000,875.000,350.000,1000.000,225.000,250.000,375.000,-1,-1,-1,-1,900.000,425.000,500.000,475.000,700.000,0,1,0,1,1,1,1,0,2,2,2,2,1,1,1,0,1
46,-9498.504,2854.016,-235.386,-216.008,-0.808374,-0.585758,0.058477,0.588579,-0.805991,0.062869,0.010306,0.085240,0.996307,0,0.91819,-0.68629,55.091,-1.373,625.000,250.000,850.000,325.000,950.000,225.000,250.000,375.000,-1,-1,-1,-1,875.000,400.000,500.000,450.000,675.000,0,1,0,1,1,1,1,0,2,2,2,2,1,0,1,0,1
47,-9542.053,2887.568,-232.754,-217.621,-0.791411,-0.607856,0.064655,0.611188,-0.788732,0.065962,0.010900,0.091720,0.995725,0,0.91623,-0.80629,54.974,-1.613,600.000,250.000,825.000,325.000,925.000,225.000,250.000,375.000,-1,-1,-1,-1,875.000,400.000,475.000,425.000,650.000,0,1,0,1,1,1,1,0,2,2,2,2,1,0,1,0,1
48,8199.144,-6231.360,-10.830,119.806,-0.496298,-0.867176,0.041158,0.867893,-0.496751,-0.000892,0.021219,0.035278,0.999152,1,0.00000,0.00000,54.833,-1.853,-1,375.000,-1,375.000,-1,300.000,325.000,300.000,300.000,-1,-1,950.000,-1,675.000,700.000,-1,-1,2,0,2,0,2,0,0,0,0,2,2,0,2,0,0,2,2
49,8196.741,-6227.205,-10.730,120.046,-0.499918,-0.865086,0.041325,0.865806,-0.500378,-0.000938,0.021489,0.035311,0.999145,0,0.08000,0.12000,4.800,0.240,-1,375.000,-1,375.000,-1,300.000,325.000,300.000,300.000,-1,-1,900.000,-1,675.000,700.000,-1,-1,2,0,2,0,2,0,0,0,0,2,2,0,2,0,0,2,2
50,8191.864,-6218.936,-10.525,120.526,-0.507130,-0.860862,0.041662,0.861588,-0.507607,-0.001027,0.022032,0.035374,0.999131,0,0.16000,0.24000,9.600,0.480,-1,375.000,-1,375.000,-1,300.000,325.000,300.000,300.000,-1,-1,800.000,-1,675.000,700.000,-1,-1,2,0,2,0,2,0,0,0,0,2,2,0,2,0,0,2,2
51,8184.443,-6206.596,-10.207,121.024,-0.514569,-0.856411,0.042171,0.857148,-0.515069,-0.001159,0.022714,0.035551,0.999110,0,0.24000,0.24907,14.400,0.498,-1,375.000,-1,375.000,-1,300.000,300.000,300.000,300.000,-1,-1,650.000,-1,675.000,675.000,-1,-1,2,0,2,0,2,0,0,0,0,2,2,0,2,0,0,2,2
52,8174.404,-6190.229,-9.768,121.522,-0.521961,-0.851892,0.042855,0.852645,-0.522490,-0.001333,0.023527,0.035845,0.999080,0,0.32000,0.24907,19.200,0.498,-1,375.000,-1,375.000,-1,300.000,300.000,300.000,300.000,-1,-1,525.000,-1,675.000,675.000,-1,-1,2,0,2,0,2,0,0,0,0,2,2,0,2,0,0,2,2
53,8161.679,-6169.881,-9.193,122.020,-0.529305,-0.847306,0.043701,0.848078,-0.529869,-0.001585,0.024498,0.036223,0.999043,0,0.40000,0.24907,24.000,0.498,-1,375.000,-1,375.000,-1,300.000,300.000,300.000,300.000,-1,-1,525.000,-1,675.000,675.000,-1,-1,2,0,2,0,2,0,0,0,0,2,2,0,2,0,0,2,2
54,8146.197,-6145.596,-8.414,122.518,-0.536595,-0.842659,0.044622,0.843445,-0.537211,-0.002167,0.025798,0.036474,0.999002,0,0.48000,0.24907,28.800,0.498,-1,375.000,-1,375.000,-1,300.000,300.000,300.000,300.000,-1,850.000,525.000,-1,675.000,675.000,-1,-1,2,0,2,0,2,0,0,0,0,2,0,0,2,0,0,2,2
55,8127.888,-6117.422,-7.476,123.016,-0.543834,-0.837947,0.045714,0.838750,-0.544510,-0.002826,0.027260,0.036805,0.998951,0,0.56000,0.24907,33.600,0.498,-1,375.000,-1,375.000,-1,300.000,300.000,300.000,300.000,-1,700.000,500.000,-1,675.000,675.000,-1,-1,2,0,2,0,2,0,0,0,0,2,0,0,2,0,0,2,2
56,8106.686,-6085.407,-6.364,123.515,-0.551022,-0.833169,0.046956,0.833991,-0.551766,-0.003555,0.028871,0.037202,0.998891,0,0.64000,0.24907,38.400,0.498,-1,375.000,-1,375.000,-1,300.000,300.000,300.000,300.000,-1,575.000,500.000,-1,675.000,675.000,-1,-1,2,0,2,0,2,0,0,0,0,2,0,0,2,0,0,2,2
57,8084.495,-6052.523,-5.162,124.013,-0.558165,-0.828328,0.048204,0.829169,-0.558981,-0.004287,0.030496,0.037577,0.998828,0,0.66117,0.24907,39.670,0.498,-1,375.000,-1,375.000,-1,300.000,300.000,300.000,300.000,-1,575.000,500.000,-1,675.000,675.000,-1,-1,2,0,2,0,2,0,0,0,0,2,0,0,2,0,0,2,2
58,8062.018,-6019.834,-3.913,124.511,-0.565265,-0.823427,0.049437,0.824284,-0.566154,-0.005000,0.032106,0.037924,0.998765,0,0.66117,0.24907,39.670,0.498,-1,375.000,-1,375.000,-1,300.000,300.000,300.000,325.000,-1,575.000,500.000,-1,675.000,675.000,-1,-1,2,0,2,0,2,0,0,0,0,2,0,0,2,0,0,2,2
59,8039.259,-5987.342,-2.615,125.009,-0.572322,-0.818463,0.050654,0.819336,-0.573285,-0.005696,0.033701,0.038243,0.998700,0,0.66117,0.24907,39.670,0.498,-1,375.000,-1,375.000,-1,300.000,300.000,300.000,325.000,-1,575.000,475.000,-1,675.000,675.000,-1,-1,2,0,2,0,2,0,0,0,0,2,0,0,2,0,0,2,2
60,8016.218,-5955.048,-1.118,125.507,-0.579327,-0.813457,0.051658,0.814312,-0.580385,-0.007063,0.035727,0.037974,0.998640,0,0.66117,0.24907,39.670,0.498,-1,375.000,-1,375.000,-1,300.000,300.000,300.000,325.000,-1,550.000,475.000,-1,675.000,675.000,-1,-1,2,0,2,0,2,0,0,0,0,2,0,0,2,0,0,2,2
61,7992.897,-5922.956,0.455,126.005,-0.586288,-0.808392,0.052621,0.809220,-0.587444,-0.008543,0.037818,0.037574,0.998578,0,0.66117,0.24907,39.670,0.498,-1,375.000,-1,375.000,-1,300.000,300.000,300.000,325.000,-1,525.000,475.000,-1,700.000,675.000,-1,-1,2,0,2,0,2,0,0,0,0,2,0,0,2,0,0,2,2
62,7969.299,-5891.068,2.076,126.503,-0.593204,-0.803267,0.053582,0.804063,-0.594459,-0.010005,0.039889,0.037148,0.998513,0,0.66117,0.24907,39.670,0.498,-1,375.000,-1,375.000,-1,300.000,300.000,300.000,325.000,-1,525.000,475.000,-1,700.000,675.000,-1,-1,2,0,2,0,2,0,0,0,0,2,0,0,2,0,0,2,2
63,7945.424,-5859.386,3.736,127.001,-0.600079,-0.798083,0.054489,0.798842,-0.601431,-0.011448,0.041908,0.036659,0.998449,0,0.66117,0.24907,39.670,0.498,-1,375.000,-1,375.000,-1,300.000,300.000,300.000,325.000,-1,525.000,450.000,-1,700.000,675.000,-1,-1,2,0,2,0,2,0,0,0,0,2,0,0,2,0,0,2,2
64,7921.274,-5827.913,5.426,127.500,-0.606915,-0.792841,0.055289,0.793557,-0.608360,-0.012872,0.043841,0.036063,0.998387,0,0.66117,0.24907,39.670,0.498,-1,375.000,-1,375.000,-1,300.000,300.000,300.000,325.000,-1,500.000,450.000,-1,700.000,675.000,-1,-1,2,0,2,0,2,0,0,0,0,2,0,0,2,0,0,2,2
65,7896.852,-5796.651,7.171,127.998,-0.613709,-0.787539,0.056073,0.788209,-0.615243,-0.014224,0.045700,0.035468,0.998325,0,0.66117,0.24907,39.670,0.498,-1,375.000,-1,375.000,-1,300.000,300.000,300.000,325.000,-1,500.000,450.000,-1,700.000,675.000,-1,-1,2,0,2,0,2,0,0,0,0,2,0,0,2,0,0,2,2
66,7872.158,-5765.603,8.969,128.496,-0.620459,-0.782177,0.056836,0.782800,-0.622080,-0.015518,0.047494,0.034863,0.998263,0,0.66117,0.24907,39.670,0.498,-1,375.000,-1,375.000,-1,300.000,300.000,300.000,325.000,-1,500.000,450.000,-1,700.000,700.000,-1,-1,2,0,2,0,2,0,0,0,0,2,0,0,2,0,0,2,2
67,7847.196,-5734.770,10.809,128.994,-0.627165,-0.776757,0.057564,0.777328,-0.628871,-0.016810,0.049258,0.034203,0.998200,0,0.66117,0.24907,39.670,0.498,-1,375.000,-1,375.000,-1,300.000,300.000,300.000,325.000,-1,500.000,475.000,-1,700.000,700.000,-1,-1,2,0,2,0,2,0,0,0,0,2,0,0,2,0,0,2,2
68,7821.967,-5704.156,12.691,129.492,-0.633826,-0.771278,0.058256,0.771793,-0.635616,-0.018101,0.050989,0.033488,0.998138,0,0.66117,0.24907,39.670,0.498,-1,375.000,-1,375.000,-1,300.000,300.000,300.000,325.000,-1,500.000,475.000,-1,725.000,700.000,-1,-1,2,0,2,0,2,0,0,0,0,2,0,0,2,0,0,2,2
69,7796.473,-5673.762,14.652,129.990,-0.640455,-0.765746,0.058741,0.766194,-0.642317,-0.019396,0.052583,0.032585,0.998085,0,0.66117,0.24907,39.670,0.498,-1,375.000,-1,375.000,-1,300.000,300.000,300.000,325.000,-1,500.000,475.000,-1,725.000,725.000,-1,-1,2,0,2,0,2,0,0,0,0,2,0,0,2,0,0,2,2
70,7770.715,-5643.591,16.731,130.488,-0.647050,-0.760159,0.059023,0.760530,-0.648973,-0.020701,0.054040,0.031495,0.998042,0,0.66117,0.24907,39.670,0.498,-1,375.000,-1,375.000,-1,300.000,300.000,300.000,325.000,-1,525.000,500.000,-1,725.000,725.000,-1,-1,2,0,2,0,2,0,0,0,0,2,0,0,2,0,0,2,2
71,7744.696,-5613.645,18.965,130.987,-0.653556,-0.754504,0.059906,0.754814,-0.655570,-0.021985,0.055860,0.030849,0.997962,0,0.66117,0.24907,39.670,0.498,-1,375.000,-1,375.000,-1,300.000,300.000,300.000,300.000,-1,525.000,500.000,-1,725.000,750.000,-1,-1,2,0,2,0,2,0,0,0,0,2,0,0,2,0,0,2,2
72,7718.417,-5583.926,21.235,131.485,-0.660014,-0.748791,0.060771,0.749037,-0.662119,-0.023266,0.057659,0.030164,0.997881,0,0.66117,0.24907,39.670,0.498,-1,375.000,-1,375.000,-1,325.000,300.000,300.000,300.000,-1,525.000,500.000,-1,750.000,750.000,-1,-1,2,0,2,0,2,0,0,0,0,2,0,0,2,0,0,2,2
73,7688.952,-5550.905,23.814,131.743,-0.663292,-0.745812,0.061716,0.745993,-0.665496,-0.024681,0.059479,0.029669,0.997789,0,0.73760,0.12907,44.256,0.258,-1,375.000,-1,375.000,-1,325.000,300.000,300.000,300.000,-1,525.000,500.000,-1,775.000,775.000,-1,-1,2,0,2,0,2,0,0,0,0,2,0,0,2,0,0,2,2
74,7659.476,-5517.892,26.434,131.761,-0.663436,-0.745607,0.062632,0.745730,-0.665737,-0.026089,0.061149,0.029398,0.997696,0,0.73760,0.00907,44.256,0.018,-1,400.000,-1,375.000,-1,325.000,300.000,300.000,300.000,-1,500.000,500.000,-1,800.000,775.000,-1,-1,2,0,2,0,2,0,0,0,0,2,0,0,2,0,0,2,2
75,7630.128,-5484.766,29.164,131.539,-0.660476,-0.748186,0.063157,0.748246,-0.662851,-0.027514,0.062449,0.029085,0.997624,0,0.73760,-0.11093,44.256,-0.222,-1,400.000,-1,375.000,-1,325.000,325.000,300.000,300.000,-1,500.000,525.000,-1,825.000,800.000,-1,-1,2,0,2,0,2,0,0,0,0,2,0,0,2,0,0,2,2
76,7600.982,-5451.463,32.019,131.192,-0.655894,-0.752203,0.063191,0.752187,-0.658313,-0.028959,0.063383,0.028537,0.997581,0,0.73760,-0.17369,44.256,-0.347,-1,400.000,-1,400.000,-1,325.000,325.000,300.000,300.000,-1,500.000,550.000,-1,850.000,800.000,-1,-1,2,0,2,0,2,0,0,0,0,2,0,0,2,0,0,2,2
77,7572.038,-5417.983,34.897,130.844,-0.651291,-0.756192,0.063187,0.756099,-0.653751,-0.030402,0.064298,0.027975,0.997539,0,0.73760,-0.17369,44.256,-0.347,-1,400.000,-1,400.000,-1,325.000,325.000,300.000,300.000,-1,500.000,550.000,-1,875.000,825.000,-1,-1,2,0,2,0,2,0,0,0,0,2,0,0,2,0,0,2,2
78,7543.298,-5384.329,37.707,130.497,-0.646668,-0.760147,0.063226,0.760004,-0.649159,-0.031410,0.064920,0.027740,0.997505,0,0.73760,-0.17369,44.256,-0.347,-1,400.000,-1,400.000,-1,325.000,325.000,325.000,300.000,-1,500.000,575.000,-1,900.000,825.000,-1,-1,2,0,2,0,2,0,0,0,0,2,0,0,2,0,0,2,2
79,7514.762,-5350.501,40.499,130.150,-0.642022,-0.764076,0.063212,0.763876,-0.644544,-0.032514,0.065586,0.027412,0.997470,0,0.73760,-0.17369,44.256,-0.347,-1,400.000,-1,400.000,-1,325.000,325.000,325.000,300.000,-1,525.000,575.000,-1,925.000,850.000,-1,-1,2,0,2,0,2,0,0,0,0,2,0,0,2,0,0,2,2
80,7486.432,-5316.501,43.208,129.802,-0.637356,-0.767970,0.063250,0.767741,-0.639900,-0.033195,0.065966,0.027403,0.997446,0,0.73760,-0.17369,44.256,-0.347,-1,400.000,-1,400.000,-1,325.000,325.000,325.000,300.000,-1,525.000,600.000,-1,950.000,875.000,-1,-1,2,0,2,0,2,0,0,0,0,2,0,0,2,0,0,2,2
81,7458.308,-5282.330,45.685,129.455,-0.632667,-0.771816,0.063496,0.771639,-0.635217,-0.032753,0.065613,0.028274,0.997444,0,0.73760,-0.17369,44.256,-0.347,-1,400.000,-1,400.000,-1,325.000,325.000,325.000,300.000,-1,575.000,625.000,-1,975.000,875.000,-1,-1,2,0,2,0,2,0,0,0,0,2,0,0,2,0,0,2,2
82,7430.392,-5247.989,48.179,129.108,-0.627957,-0.775635,0.063720,0.775507,-0.630510,-0.032338,0.065258,0.029109,0.997444,0,0.73760,-0.17369,44.256,-0.347,-1,400.000,-1,400.000,-1,325.000,325.000,325.000,300.000,-1,600.000,650.000,-1,1000.000,900.000,-1,-1,2,0,2,0,2,0,0,0,0,2,0,0,2,0,0,2,2
83,7402.685,-5213.479,50.687,128.760,-0.623226,-0.779425,0.063923,0.779344,-0.625782,-0.031947,0.064902,0.029908,0.997443,0,0.73760,-0.17369,44.256,-0.347,-1,400.000,-1,400.000,-1,325.000,325.000,325.000,300.000,-1,625.000,675.000,-1,-1,900.000,-1,-1,2,0,2,0,2,0,0,0,0,2,0,0,2,2,0,2,2
84,7375.187,-5178.803,53.211,128.413,-0.618474,-0.783186,0.064103,0.783150,-0.621030,-0.031581,0.064544,0.030671,0.997443,0,0.73760,-0.17369,44.256,-0.347,-1,400.000,-1,425.000,-1,325.000,325.000,325.000,300.000,-1,675.000,725.000,-1,-1,925.000,-1,-1,2,0,2,0,2,0,0,0,0,2,0,0,2,2,0,2,2
85,7347.900,-5143.960,55.818,128.065,-0.613701,-0.786912,0.064343,0.786944,-0.616251,-0.030893,0.063962,0.031676,0.997450,0,0.73760,-0.17369,44.256,-0.347,-1,425.000,-1,425.000,-1,325.000,325.000,325.000,300.000,-1,725.000,775.000,-1,-1,925.000,-1,-1,2,0,2,0,2,0,0,0,0,2,0,0,2,2,0,2,2
86,7320.825,-5108.952,58.557,127.718,-0.608908,-0.790597,0.064707,0.790735,-0.611440,-0.029644,0.063001,0.033116,0.997464,0,0.73760,-0.17369,44.256,-0.347,-1,425.000,-1,425.000,-1,325.000,325.000,325.000,325.000,-1,800.000,850.000,-1,-1,950.000,-1,-1,2,0,2,0,2,0,0,0,0,2,0,0,2,2,0,2,2
87,7293.963,-5073.781,61.246,127.371,-0.604123,-0.794259,0.064717,0.794490,-0.606613,-0.028404,0.061819,0.034257,0.997499,0,0.73760,-0.17369,44.256,-0.347,-1,425.000,-1,400.000,-1,325.000,325.000,325.000,325.000,-1,900.000,925.000,-1,-1,950.000,-1,-1,2,0,2,0,2,0,0,0,0,2,0,0,2,2,0,2,2
88,7267.315,-5038.448,63.677,127.023,-0.599429,-0.797923,0.063282,0.798196,-0.601786,-0.027140,0.059738,0.034243,0.997627,0,0.73760,-0.17369,44.256,-0.347,-1,425.000,-1,400.000,-1,325.000,325.000,325.000,325.000,-1,-1,-1,-1,-1,975.000,-1,-1,2,0,2,0,2,0,0,0,0,2,2,2,2,2,0,2,2
89,7240.882,-5002.953,66.000,126.676,-0.594760,-0.801572,0.061184,0.801863,-0.596949,-0.025848,0.057243,0.033688,0.997792,0,0.73760,-0.17369,44.256,-0.347,-1,425.000,-1,400.000,-1,325.000,325.000,325.000,325.000,-1,-1,-1,-1,-1,975.000,-1,-1,2,0,2,0,2,0,0,0,0,2,2,2,2,2,0,2,2
90,7214.665,-4967.298,68.170,126.329,-0.590127,-0.805210,0.058202,0.805490,-0.592103,-0.024509,0.054196,0.032418,0.998004,0,0.73760,-0.17369,44.256,-0.347,-1,425.000,-1,400.000,-1,325.000,325.000,325.000,325.000,-1,-1,-1,-1,-1,975.000,-1,-1,2,0,2,0,2,0,0,0,0,2,2,2,2,2,0,2,2
91,7188.664,-4931.485,70.350,125.981,-0.585463,-0.808819,0.055176,0.809086,-0.587235,-0.023141,0.051118,0.031094,0.998208,0,0.73760,-0.17369,44.256,-0.347,-1,425.000,-1,400.000,-1,325.000,325.000,325.000,325.000,-1,-1,-1,-1,-1,975.000,-1,-1,2,0,2,0,2,0,0,0,0,2,2,2,2,2,0,2,2
92,7162.882,-4895.516,72.539,125.634,-0.580770,-0.812399,0.052107,0.812651,-0.582345,-0.021745,0.048010,0.029716,0.998405,0,0.73760,-0.17369,44.256,-0.347,-1,425.000,-1,400.000,-1,325.000,325.000,325.000,325.000,-1,-1,-1,-1,-1,975.000,-1,-1,2,0,2,0,2,0,0,0,0,2,2,2,2,2,0,2,2
93,7137.317,-4859.390,74.656,125.286,-0.576023,-0.815941,0.049367,0.816188,-0.577428,-0.020340,0.045102,0.028576,0.998574,0,0.73760,-0.17369,44.256,-0.347,-1,425.000,-1,400.000,-1,325.000,325.000,325.000,325.000,-1,-1,-1,-1,-1,1000.000,-1,-1,2,0,2,0,2,0,0,0,0,2,2,2,2,2,0,2,2
94,7111.972,-4823.111,76.758,124.939,-0.571241,-0.819453,0.046699,0.819695,-0.572488,-0.018917,0.042236,0.027473,0.998730,0,0.73760,-0.17369,44.256,-0.347,-1,425.000,-1,400.000,-1,325.000,325.000,325.000,325.000,-1,-1,-1,-1,-1,1000.000,-1,-1,2,0,2,0,2,0,0,0,0,2,2,2,2,2,0,2,2
95,7083.954,-4782.844,78.969,124.832,-0.569859,-0.820548,0.044293,0.820786,-0.570968,-0.017467,0.039622,0.026401,0.998866,0,0.81760,-0.05369,49.056,-0.107,-1,425.000,-1,400.000,-1,325.000,325.000,325.000,325.000,-1,-1,-1,-1,-1,1000.000,-1,-1,2,0,2,0,2,0,0,0,0,2,2,2,2,2,0,2,2
96,7053.091,-4738.708,81.132,124.964,-0.571854,-0.819234,0.042885,0.819486,-0.572873,-0.016094,0.037752,0.025940,0.998950,0,0.89760,0.06631,53.856,0.133,-1,425.000,-1,400.000,-1,325.000,325.000,325.000,325.000,-1,-1,-1,-1,-1,-1,-1,-1,2,0,2,0,2,0,0,0,0,2,2,2,2,2,2,2,2
97,7020.158,-4692.258,83.455,125.337,-0.577274,-0.815508,0.041238,0.815760,-0.578201,-0.014808,0.035920,0.025092,0.999040,0,0.94900,0.18631,56.940,0.373,-1,425.000,-1,425.000,-1,325.000,325.000,325.000,325.000,-1,-1,-1,-1,-1,-1,-1,-1,2,0,2,0,2,0,0,0,0,2,2,2,2,2,2,2,2
98,6986.915,-4646.030,85.533,125.721,-0.582835,-0.811616,0.039787,0.811912,-0.583650,-0.012287,0.033194,0.025142,0.999133,0,0.94900,0.19191,56.940,0.384,-1,425.000,-1,425.000,-1,350.000,350.000,325.000,325.000,-1,-1,-1,-1,-1,-1,-1,-1,2,0,2,0,2,0,0,0,0,2,2,2,2,2,2,2,2
99,6953.362,-4600.026,87.384,126.105,-0.588378,-0.807670,0.038482,0.808043,-0.589061,-0.008605,0.029618,0.026032,0.999222,0,0.94900,0.19191,56.940,0.384,-1,450.000,-1,425.000,-1,350.000,350.000,325.000,325.000,-1,-1,-1,-1,-1,-1,-1,-1,2,0,2,0,2,0,0,0,0,2,2,2,2,2,2,2,2
100,6919.502,-4554.247,89.261,126.488,-0.593899,-0.803689,0.036989,0.804121,-0.594445,-0.004921,0.025943,0.026821,0.999304,0,0.94900,0.19191,56.940,0.384,-1,450.000,-1,425.000,-1,350.000,350.000,325.000,325.000,-1,-1,-1,-1,-1,-1,-1,-1,2,0,2,0,2,0,0,0,0,2,2,2,2,2,2,2,2
101,6885.337,-4508.697,90.801,126.872,-0.599383,-0.799702,0.034881,0.800125,-0.599826,-0.002882,0.023228,0.026182,0.999387,0,0.94900,0.19191,56.940,0.384,-1,450.000,-1,425.000,-1,350.000,350.000,325.000,325.000,-1,-1,-1,-1,-1,-1,-1,-1,2,0,2,0,2,0,0,0,0,2,2,2,2,2,2,2,2
102,6850.867,-4463.376,91.300,127.256,-0.604848,-0.795659,0.032943,0.796101,-0.605164,0.000499,0.019539,0.026527,0.999457,0,0.94900,0.19191,56.940,0.384,-1,450.000,-1,425.000,-1,350.000,350.000,325.000,325.000,-1,-1,-1,-1,-1,-1,-1,-1,2,0,2,0,2,0,0,0,0,2,2,2,2,2,2,2,2
103,6815.977,-4418.126,91.758,127.634,-0.610204,-0.791648,0.030727,0.792084,-0.610402,0.003531,0.015960,0.026493,0.999522,0,0.95231,0.18907,57.139,0.378,-1,450.000,-1,425.000,-1,350.000,350.000,325.000,325.000,-1,-1,-1,-1,-1,1000.000,-1,-1,2,0,2,0,2,0,0,0,0,2,2,2,2,2,0,2,2
104,6780.633,-4372.893,92.231,128.004,-0.615414,-0.787696,0.028301,0.788108,-0.615503,0.006481,0.012314,0.026293,0.999578,0,0.95674,0.18492,57.405,0.370,-1,450.000,-1,425.000,-1,350.000,350.000,325.000,325.000,-1,-1,-1,-1,-1,975.000,-1,-1,2,0,2,0,2,0,0,0,0,2,2,2,2,2,0,2,2
105,6744.849,-4327.687,92.502,128.365,-0.620495,-0.783826,0.024528,0.784170,-0.620475,0.009349,0.007891,0.025035,0.999655,0,0.96092,0.18055,57.655,0.361,-1,450.000,-1,425.000,-1,350.000,350.000,325.000,325.000,-1,-1,-1,-1,-1,975.000,-1,-1,2,0,2,0,2,0,0,0,0,2,2,2,2,2,0,2,2
106,6708.641,-4282.518,92.612,128.717,-0.625421,-0.780041,0.019629,0.780283,-0.625310,0.012110,0.002828,0.022890,0.999734,0,0.96482,0.17595,57.889,0.352,-1,475.000,-1,425.000,-1,350.000,350.000,325.000,325.000,-1,-1,-1,-1,-1,950.000,-1,-1,2,0,2,0,2,0,0,0,0,2,2,2,2,2,0,2,2
107,6672.028,-4237.399,92.745,129.059,-0.630158,-0.776330,0.014581,0.776464,-0.629989,0.014751,-0.002266,0.020617,0.999785,0,0.96844,0.17113,58.106,0.342,-1,475.000,-1,425.000,-1,350.000,325.000,325.000,325.000,-1,-1,-1,-1,-1,925.000,-1,-1,2,0,2,0,2,0,0,0,0,2,2,2,2,2,0,2,2
108,6635.028,-4192.339,92.682,129.391,-0.634702,-0.772713,0.008224,0.772715,-0.634519,0.017256,-0.008116,0.017307,0.999817,0,0.97173,0.16608,58.304,0.332,-1,450.000,-1,425.000,-1,350.000,325.000,325.000,325.000,-1,-1,-1,-1,-1,925.000,-1,-1,2,0,2,0,2,0,0,0,0,2,2,2,2,2,0,2,2
109,6597.662,-4147.351,91.805,129.713,-0.639019,-0.769191,0.000491,0.769049,-0.638889,0.019600,-0.014763,0.012902,0.999808,0,0.97470,0.16081,58.482,0.322,-1,450.000,-1,400.000,-1,350.000,325.000,325.000,325.000,-1,-1,-1,-1,-1,900.000,-1,-1,2,0,2,0,2,0,0,0,0,2,2,2,2,2,0,2,2
110,6559.952,-4102.446,90.689,130.024,-0.643114,-0.765746,-0.006156,0.765491,-0.643076,0.021825,-0.020671,0.009324,0.999743,0,0.97730,0.15534,58.638,0.311,-1,450.000,-1,400.000,975.000,325.000,325.000,325.000,325.000,-1,-1,-1,-1,-1,900.000,-1,-1,2,0,2,0,1,0,0,0,0,2,2,2,2,2,0,2,2
111,6521.921,-4057.638,89.576,130.323,-0.646982,-0.762397,-0.012846,0.762043,-0.647085,0.023916,-0.026546,0.005684,0.999631,0,0.97953,0.14965,58.772,0.299,-1,450.000,-1,400.000,925.000,325.000,325.000,325.000,325.000,-1,-1,-1,-1,-1,875.000,-1,-1,2,0,2,0,1,0,0,0,0,2,2,2,2,2,0,2,2
112,6483.006,-4012.311,88.249,130.648,-0.651137,-0.758728,-0.018752,0.758289,-0.651402,0.025946,-0.031902,0.002675,0.999487,0,0.99566,0.16229,59.740,0.325,-1,450.000,-1,400.000,875.000,325.000,325.000,325.000,325.000,-1,-1,-1,-1,-1,850.000,-1,-1,2,0,2,0,1,0,0,0,0,2,2,2,2,2,1,2,2
113,6443.672,-3967.002,86.223,130.962,-0.655192,-0.755143,-0.021957,0.754604,-0.655557,0.028610,-0.035998,0.002176,0.999349,0,1.00000,0.15721,60.000,0.314,-1,450.000,-1,400.000,825.000,325.000,325.000,325.000,325.000,-1,-1,-1,-1,-1,825.000,-1,975.000,2,0,2,0,1,0,0,0,0,2,2,2,2,2,1,2,1
114,6404.099,-3921.902,84.196,131.266,-0.659070,-0.751660,-0.025195,0.751013,-0.659549,0.031210,-0.040077,0.001647,0.999195,0,1.00000,0.15178,60.000,0.304,-1,450.000,-1,400.000,750.000,350.000,325.000,325.000,325.000,-1,-1,-1,-1,-1,800.000,-1,925.000,2,0,2,0,1,0,0,0,0,2,2,2,2,2,1,2,1
115,6364.296,-3877.005,82.168,131.558,-0.662762,-0.748289,-0.028464,0.747528,-0.663372,0.033749,-0.044136,0.001090,0.999025,0,1.00000,0.14601,60.000,0.292,-1,450.000,-1,400.000,700.000,350.000,325.000,325.000,325.000,-1,-1,-1,-1,-1,750.000,-1,900.000,2,0,2,0,1,0,0,0,0,2,2,2,2,2,1,2,1
116,6324.275,-3832.302,80.017,131.837,-0.666256,-0.745042,-0.031864,0.744190,-0.667018,0.035609,-0.047784,0.000012,0.998858,0,1.00000,0.13988,60.000,0.280,-1,450.000,-1,400.000,675.000,350.000,325.000,325.000,325.000,-1,-1,-1,-1,1000.000,725.000,-1,850.000,2,0,2,0,1,0,0,0,0,2,2,2,2,0,1,2,1
117,6284.046,-3787.786,77.570,132.104,-0.669539,-0.741926,-0.035528,0.741061,-0.670477,0.035901,-0.050457,-0.002291,0.998724,0,1.00000,0.13337,60.000,0.267,-1,450.000,-1,400.000,625.000,350.000,325.000,325.000,325.000,-1,-1,-1,-1,1000.000,725.000,-1,825.000,2,0,2,0,1,0,0,0,0,2,2,2,2,0,1,2,1
118,6244.499,-3744.283,74.711,132.272,-0.671544,-0.739952,-0.038725,0.738956,-0.672654,0.038482,-0.054524,-0.002774,0.998509,0,0.97986,0.08418,58.792,0.168,-1,425.000,-1,400.000,600.000,350.000,325.000,350.000,325.000,-1,-1,-1,-1,975.000,700.000,-1,800.000,2,0,2,0,1,0,0,0,0,2,2,2,2,0,1,2,1
119,6204.730,-3700.772,71.342,132.427,-0.673352,-0.738137,-0.041848,0.736973,-0.674645,0.041542,-0.058896,-0.002869,0.998260,0,0.98243,0.07718,58.946,0.154,-1,425.000,-1,400.000,550.000,350.000,325.000,350.000,325.000,-1,-1,-1,-1,950.000,675.000,-1,750.000,2,0,2,0,1,0,0,0,0,2,2,2,2,0,1,2,1
120,6164.772,-3657.267,67.400,132.566,-0.674920,-0.736484,-0.045546,0.735327,-0.676434,0.041620,-0.061462,-0.005401,0.998095,0,0.98451,0.06977,59.070,0.140,-1,425.000,-1,400.000,525.000,325.000,325.000,350.000,325.000,-1,-1,-1,-1,925.000,675.000,-1,750.000,2,0,2,0,1,0,0,0,0,2,2,2,2,0,1,2,1
121,6124.657,-3613.782,63.377,132.690,-0.676233,-0.735004,-0.049776,0.733873,-0.678011,0.041619,-0.064339,-0.008385,0.997893,0,0.98603,0.06196,59.162,0.124,-1,425.000,-1,400.000,475.000,325.000,325.000,325.000,325.000,-1,-1,-1,-1,900.000,675.000,-1,-1,2,0,2,0,1,0,0,0,0,2,2,2,2,0,1,2,2
122,6084.423,-3570.331,59.381,132.798,-0.677316,-0.733709,-0.053981,0.732619,-0.679368,0.041578,-0.067179,-0.011386,0.997676,0,0.98695,0.05373,59.217,0.107,-1,425.000,-1,400.000,450.000,325.000,325.000,325.000,325.000,-1,-1,-1,-1,875.000,675.000,-1,-1,2,0,2,1,1,0,0,0,0,2,2,2,2,0,1,2,2
123,6044.110,-3526.932,55.375,132.888,-0.678173,-0.732612,-0.057965,0.731574,-0.680497,0.041517,-0.069861,-0.014250,0.997455,0,0.98723,0.04508,59.234,0.090,-1,425.000,-1,375.000,425.000,325.000,325.000,325.000,325.000,-1,-1,-1,-1,850.000,750.000,-1,-1,2,0,2,1,1,0,0,0,0,2,2,2,2,0,1,2,2
124,6003.760,-3483.602,51.300,132.960,-0.678822,-0.731728,-0.061438,0.730744,-0.681391,0.041465,-0.072204,-0.016748,0.997249,0,0.98680,0.03602,59.208,0.072,-1,400.000,-1,375.000,400.000,325.000,325.000,325.000,300.000,-1,-1,-1,-1,825.000,775.000,-1,-1,2,0,2,1,1,0,0,0,0,2,2,2,2,0,0,2,2
125,5963.416,-3440.361,47.163,133.013,-0.679183,-0.731058,-0.065305,0.730150,-0.682034,0.041354,-0.074773,-0.019596,0.997008,0,0.98563,0.02656,59.138,0.053,-1,400.000,-1,375.000,375.000,325.000,325.000,325.000,300.000,-1,-1,-1,-1,800.000,775.000,-1,-1,2,0,2,1,1,0,1,0,0,2,2,2,2,0,0,2,2
126,5923.128,-3397.229,43.038,133.046,-0.679273,-0.730615,-0.069205,0.729799,-0.682419,0.041217,-0.077341,-0.022508,0.996751,0,0.98368,0.01672,59.021,0.033,-1,400.000,-1,375.000,375.000,325.000,325.000,325.000,300.000,-1,-1,-1,-1,800.000,775.000,-1,-1,2,0,2,1,1,0,0,0,0,2,2,2,2,0,0,2,2
127,5882.942,-3354.228,39.062,133.060,-0.679098,-0.730402,-0.073065,0.729730,-0.682531,0.040568,-0.079500,-0.025768,0.996502,0,0.98092,0.00652,58.855,0.013,-1,400.000,-1,400.000,375.000,325.000,325.000,325.000,300.000,-1,-1,-1,-1,775.000,775.000,-1,-1,2,0,2,0,1,0,0,0,0,2,2,2,2,0,0,2,2
128,5842.908,-3311.381,36.763,133.052,-0.678675,-0.730291,-0.077950,0.730420,-0.682236,0.032240,-0.076725,-0.035056,0.996436,0,0.97733,-0.00399,58.640,-0.008,-1,400.000,-1,400.000,-1,325.000,325.000,300.000,300.000,-1,-1,-1,-1,800.000,825.000,-1,-1,2,0,2,0,2,0,0,0,1,2,2,2,2,0,1,2,2
129,5803.079,-3268.706,33.255,133.022,-0.678260,-0.730517,-0.079422,0.731086,-0.681744,0.027183,-0.074003,-0.039627,0.996470,0,0.97291,-0.01475,58.375,-0.029,-1,400.000,-1,425.000,-1,325.000,350.000,300.000,275.000,-1,-1,-1,-1,825.000,800.000,-1,-1,2,0,2,0,2,0,0,0,1,2,2,2,2,0,1,2,2
130,5763.502,-3226.223,29.004,132.971,-0.677632,-0.731082,-0.079586,0.731808,-0.681046,0.025171,-0.072604,-0.041185,0.996510,0,0.96769,-0.02569,58.061,-0.051,-1,425.000,-1,425.000,-1,350.000,350.000,300.000,250.000,-1,-1,-1,-1,825.000,775.000,-1,975.000,2,0,2,0,2,0,0,0,1,2,2,2,2,0,1,2,1
131,5724.226,-3183.952,24.193,132.897,-0.676702,-0.731974,-0.079302,0.732634,-0.680127,0.025982,-0.072954,-0.040517,0.996512,0,0.96169,-0.03673,57.702,-0.073,-1,425.000,-1,425.000,-1,350.000,350.000,300.000,225.000,-1,-1,-1,-1,825.000,750.000,-1,925.000,2,0,2,0,2,0,0,0,1,2,2,2,2,0,1,2,1
132,5685.283,-3141.919,18.747,132.816,-0.675657,-0.733011,-0.078632,0.733419,-0.679154,0.029089,-0.074726,-0.038016,0.996479,0,0.95499,-0.04065,57.300,-0.081,-1,400.000,-1,425.000,-1,325.000,350.000,300.000,225.000,-1,-1,-1,-1,825.000,700.000,-1,850.000,2,0,2,0,2,0,0,0,1,2,2,2,2,0,1,2,1
133,5646.704,-3100.151,12.793,132.730,-0.674542,-0.734157,-0.077493,0.734078,-0.678163,0.034986,-0.078238,-0.033287,0.996379,0,0.94764,-0.04319,56.859,-0.086,-1,400.000,-1,400.000,950.000,325.000,325.000,325.000,200.000,-1,-1,-1,-1,800.000,650.000,-1,775.000,2,0,2,0,1,0,0,0,1,2,2,2,2,0,1,2,1
134,5608.512,-3058.670,6.711,132.639,-0.673394,-0.735352,-0.076150,0.734682,-0.677118,0.041887,-0.082364,-0.027740,0.996216,0,0.93973,-0.04523,56.384,-0.090,-1,400.000,1000.000,400.000,825.000,325.000,325.000,325.000,175.000,-1,-1,-1,-1,775.000,625.000,-1,675.000,2,0,1,0,1,0,0,0,1,2,2,2,2,0,1,2,1
135,5570.913,-3017.361,2.125,132.309,-0.669160,-0.739246,-0.075769,0.738557,-0.672866,0.042251,-0.082216,-0.027687,0.996230,0,0.93097,-0.16523,55.858,-0.330,-1,400.000,925.000,400.000,750.000,325.000,325.000,325.000,175.000,-1,-1,-1,-1,775.000,575.000,-1,625.000,2,0,1,0,1,0,0,0,1,2,2,2,2,0,1,2,1
