timestep,x_cm,y_cm,z_cm,yaw_deg,basis_xx,basis_xy,basis_xz,basis_yx,basis_yy,basis_yz,basis_zx,basis_zy,basis_zz,teleport_flag,throttle_cmd,steering_cmd,cmd_move_cm,cmd_turn_deg,lidar_cm_0,lidar_cm_1,lidar_cm_2,lidar_cm_3,lidar_cm_4,lidar_cm_5,lidar_cm_6,lidar_cm_7,lidar_cm_8,lidar_cm_9,lidar_cm_10,lidar_cm_11,lidar_cm_12,lidar_cm_13,lidar_cm_14,lidar_cm_15,lidar_cm_16,lidar_class_0,lidar_class_1,lidar_class_2,lidar_class_3,lidar_class_4,lidar_class_5,lidar_class_6,lidar_class_7,lidar_class_8,lidar_class_9,lidar_class_10,lidar_class_11,lidar_class_12,lidar_class_13,lidar_class_14,lidar_class_15,lidar_class_16
0,-1643.435,331.132,-2.783,-41.067,0.755101,0.655572,-0.006928,-0.653929,0.752369,-0.079490,-0.046899,0.064553,0.996812,1,-0.08000,0.12000,-4.800,0.240,-1,375.000,-1,350.000,675.000,300.000,300.000,325.000,300.000,450.000,0.000,0.000,-1,650.000,550.000,-1,700.000,2,0,2,0,1,0,0,0,0,1,1,1,2,0,1,2,1
1,-1650.725,337.378,-1.760,-40.587,0.760633,0.649157,-0.005684,-0.647298,0.757731,-0.082756,-0.049415,0.066626,0.996554,0,-0.16000,0.24000,-9.600,0.480,-1,375.000,-1,325.000,650.000,300.000,275.000,325.000,300.000,450.000,0.000,0.000,-1,650.000,550.000,-1,675.000,2,0,2,0,1,0,0,0,0,1,1,1,2,0,1,2,1
2,-1661.776,346.610,-0.061,-39.867,0.768847,0.639417,-0.004444,-0.637249,0.765629,-0.087903,-0.052804,0.070416,0.996119,0,-0.24000,0.36000,-14.400,0.720,-1,375.000,-1,325.000,625.000,300.000,275.000,325.000,300.000,450.000,0.000,0.000,-1,650.000,550.000,-1,650.000,2,0,2,0,1,0,0,0,0,1,1,1,2,0,1,2,1
3,-1676.714,358.671,2.242,-38.907,0.779611,0.626259,-0.002582,-0.623622,0.775936,-0.094968,-0.057471,0.075648,0.995477,0,-0.32000,0.48000,-19.200,0.960,-1,375.000,-1,325.000,575.000,300.000,275.000,350.000,300.000,450.000,0.000,0.000,-1,650.000,550.000,-1,625.000,2,0,2,0,1,0,0,0,0,1,1,1,2,0,1,2,1
4,-1695.699,373.354,5.175,-37.707,0.792754,0.609541,0.000095,-0.606222,0.788454,-0.104094,-0.063524,0.082463,0.994567,0,-0.40000,0.60000,-24.000,1.200,-1,375.000,-1,325.000,525.000,300.000,275.000,350.000,275.000,425.000,0.000,0.000,-1,625.000,525.000,-1,575.000,2,0,2,0,1,0,0,0,0,1,1,1,2,0,0,2,1
5,-1718.915,390.395,8.767,-36.267,0.808056,0.589094,0.003828,-0.584804,0.802921,-0.115422,-0.071069,0.091029,0.993309,0,-0.48000,0.72000,-28.800,1.440,-1,375.000,-1,325.000,475.000,300.000,275.000,375.000,275.000,425.000,0.000,0.000,-1,625.000,500.000,-1,525.000,2,0,2,0,1,0,0,0,0,1,1,1,2,0,0,2,1
6,-1746.571,409.475,13.036,-34.587,0.825231,0.564725,0.008915,-0.559073,0.819011,-0.129067,-0.080189,0.101526,0.991596,0,-0.56000,0.84000,-33.600,1.680,-1,375.000,-1,300.000,425.000,300.000,275.000,400.000,275.000,425.000,0.000,0.000,-1,625.000,475.000,-1,450.000,2,0,2,0,0,0,0,0,0,1,1,1,2,0,0,2,0
7,-1778.890,430.211,17.988,-32.667,0.843927,0.536229,0.015693,-0.528697,0.836320,-0.145080,-0.090921,0.114140,0.989295,0,-0.64000,0.96000,-38.400,1.920,-1,375.000,-1,300.000,350.000,300.000,275.000,425.000,275.000,400.000,0.000,25.000,-1,600.000,450.000,-1,400.000,2,0,2,0,0,0,0,0,0,1,1,1,2,0,0,2,0
8,5575.409,-983.898,79.425,94.552,-0.077950,-0.995942,0.044983,0.996427,-0.079300,-0.029069,0.032518,0.042556,0.998565,1,0.00000,0.00000,-39.862,2.000,750.000,375.000,700.000,375.000,575.000,300.000,300.000,325.000,325.000,-1,475.000,450.000,-1,550.000,475.000,-1,525.000,1,0,1,1,1,0,0,0,0,2,0,0,2,1,1,2,1
9,5575.048,-979.112,79.578,94.312,-0.073767,-0.996259,0.045020,0.996743,-0.075127,-0.029316,0.032588,0.042711,0.998556,0,0.08000,-0.12000,4.800,-0.240,775.000,375.000,675.000,375.000,575.000,300.000,300.000,325.000,325.000,-1,475.000,450.000,-1,550.000,475.000,-1,525.000,1,0,1,1,1,0,0,0,0,2,0,0,2,1,1,2,1
10,5574.406,-969.533,79.880,93.832,-0.065398,-0.996840,0.045091,0.997322,-0.066778,-0.029809,0.032726,0.043021,0.998538,0,0.16000,-0.24000,9.600,-0.480,775.000,375.000,675.000,375.000,575.000,300.000,300.000,325.000,325.000,-1,475.000,450.000,-1,525.000,475.000,-1,525.000,1,0,1,1,1,0,0,0,0,2,0,0,2,1,1,2,1
11,5573.624,-955.154,80.326,93.112,-0.052836,-0.997580,0.045185,0.998060,-0.054245,-0.030548,0.032925,0.043483,0.998511,0,0.24000,-0.36000,14.400,-0.720,800.000,375.000,650.000,350.000,550.000,300.000,300.000,325.000,325.000,-1,475.000,450.000,-1,525.000,450.000,-1,500.000,1,1,1,1,1,0,0,0,0,2,0,0,2,1,1,2,1
12,5572.902,-935.967,80.908,92.152,-0.036075,-0.998322,0.045287,0.998798,-0.037523,-0.031533,0.033180,0.044095,0.998476,0,0.32000,-0.48000,19.200,-0.960,825.000,375.000,625.000,350.000,550.000,300.000,300.000,300.000,325.000,-1,475.000,450.000,-1,500.000,450.000,825.000,500.000,1,1,1,1,1,0,0,0,0,2,0,0,2,1,1,1,1
13,5572.503,-911.970,81.615,90.952,-0.015111,-0.998856,0.045376,0.999325,-0.016607,-0.032763,0.033479,0.044851,0.998433,0,0.40000,-0.60000,24.000,-1.200,850.000,350.000,600.000,350.000,525.000,300.000,300.000,300.000,325.000,-1,475.000,450.000,-1,475.000,425.000,725.000,475.000,1,1,1,1,1,1,1,0,0,2,0,0,2,1,1,1,1
14,5572.747,-883.171,82.432,89.512,0.010052,-0.998917,0.045429,0.999378,0.008500,-0.034238,0.033815,0.045745,0.998381,0,0.48000,-0.72000,28.800,-1.440,900.000,325.000,575.000,325.000,525.000,300.000,300.000,300.000,325.000,-1,475.000,450.000,-1,450.000,425.000,625.000,475.000,1,1,1,1,1,1,1,0,0,2,0,0,2,1,1,1,1
15,5574.017,-849.594,83.344,87.832,0.039398,-0.998191,0.045416,0.998639,0.037780,-0.035957,0.034176,0.046770,0.998321,0,0.56000,-0.84000,33.600,-1.680,950.000,325.000,550.000,325.000,500.000,275.000,275.000,300.000,325.000,-1,450.000,425.000,-1,425.000,400.000,550.000,450.000,1,1,1,1,1,1,1,0,0,2,0,0,2,1,1,1,1
16,5576.754,-811.291,84.328,85.912,0.072891,-0.996311,0.045300,0.996741,0.071198,-0.037918,0.034553,0.047917,0.998254,0,0.64000,-0.96000,38.400,-1.920,-1,300.000,500.000,300.000,475.000,250.000,250.000,300.000,325.000,-1,425.000,400.000,-1,400.000,375.000,475.000,425.000,2,1,1,1,1,1,1,0,0,2,0,0,2,1,1,1,1
17,5581.319,-768.333,85.367,83.933,0.107344,-0.993200,0.045068,0.993602,0.105567,-0.040131,0.035100,0.049088,0.998178,0,0.72000,-0.98982,43.200,-1.980,625.000,275.000,475.000,275.000,450.000,225.000,250.000,300.000,325.000,-1,400.000,375.000,-1,350.000,375.000,400.000,400.000,1,1,1,1,1,1,1,0,0,2,0,0,2,1,1,1,1
18,5588.027,-720.803,86.444,81.965,0.141470,-0.988933,0.044701,0.989292,0.139596,-0.042599,0.035888,0.050249,0.998092,0,0.80000,-0.98375,48.000,-1.968,425.000,250.000,425.000,250.000,425.000,200.000,225.000,300.000,300.000,-1,375.000,350.000,-1,300.000,325.000,325.000,350.000,1,1,1,1,1,1,1,0,0,2,0,0,2,1,1,1,1
19,5597.177,-668.801,89.593,80.012,0.175752,-0.983082,0.051590,0.983553,0.173137,-0.051450,0.041648,0.059784,0.997342,0,0.88000,-0.97681,52.800,-1.954,350.000,225.000,400.000,250.000,375.000,200.000,200.000,325.000,300.000,-1,325.000,275.000,-1,275.000,325.000,275.000,325.000,1,1,1,1,1,1,1,0,0,2,0,0,2,1,1,1,1
20,5609.058,-612.436,95.736,78.074,0.210762,-0.975209,0.067428,0.975935,0.205968,-0.071604,0.055941,0.080897,0.995151,0,0.96000,-0.96878,57.600,-1.938,375.000,200.000,400.000,225.000,350.000,175.000,200.000,375.000,300.000,-1,275.000,200.000,975.000,250.000,300.000,275.000,300.000,1,1,1,1,1,1,1,0,0,2,0,0,0,1,1,1,1
21,5623.398,-554.169,105.755,76.155,0.245621,-0.966845,0.069860,0.966127,0.238278,-0.099103,0.079171,0.091836,0.992622,0,1.00000,-0.95937,60.000,-1.919,375.000,200.000,425.000,225.000,375.000,175.000,200.000,425.000,300.000,-1,225.000,150.000,775.000,275.000,325.000,275.000,325.000,1,1,1,1,1,1,1,0,0,2,0,0,0,1,1,1,1
22,5639.662,-496.406,117.618,74.259,0.280024,-0.957780,0.065143,0.953895,0.269968,-0.131154,0.108030,0.098866,0.989219,0,1.00000,-0.94844,60.000,-1.897,425.000,200.000,500.000,250.000,500.000,200.000,200.000,475.000,325.000,-1,175.000,125.000,625.000,275.000,350.000,275.000,375.000,1,1,1,1,1,1,1,1,0,2,0,0,0,1,1,1,1
23,6231.348,-7543.227,17.371,-131.165,-0.654115,0.752613,0.075544,-0.751273,-0.658040,0.050711,0.087877,-0.023583,0.995852,1,0.00000,0.00000,60.000,-1.872,-1,400.000,-1,425.000,-1,325.000,350.000,300.000,300.000,-1,625.000,575.000,-1,875.000,-1,-1,-1,2,0,2,0,2,0,0,0,0,2,0,0,2,0,2,2,2
24,6228.204,-7546.853,17.759,-130.925,-0.650956,0.755358,0.075433,-0.754030,-0.654878,0.050730,0.087719,-0.023856,0.995860,0,0.08000,0.12000,4.800,0.240,-1,400.000,-1,425.000,-1,325.000,350.000,300.000,300.000,-1,625.000,575.000,-1,875.000,-1,-1,-1,2,0,2,0,2,0,0,0,0,2,0,0,2,0,2,2,2
25,6221.977,-7554.159,18.531,-130.445,-0.644605,0.760808,0.075207,-0.759505,-0.648518,0.050761,0.087392,-0.024399,0.995875,0,0.16000,0.24000,9.600,0.480,-1,400.000,-1,425.000,-1,325.000,350.000,300.000,300.000,-1,650.000,575.000,-1,875.000,-1,-1,-1,2,0,2,0,2,0,0,0,0,2,0,0,2,0,2,2,2
26,6212.774,-7565.235,19.685,-129.725,-0.634994,0.768882,0.074856,-0.767616,-0.638894,0.050794,0.086879,-0.025207,0.995900,0,0.24000,0.36000,14.400,0.720,-1,400.000,-1,425.000,-1,325.000,350.000,300.000,300.000,-1,650.000,600.000,-1,875.000,-1,-1,-1,2,0,2,0,2,0,0,0,0,2,0,0,2,0,2,2,2
27,6200.753,-7580.206,21.212,-128.765,-0.622026,0.779457,0.074366,-0.778242,-0.625905,0.050818,0.086157,-0.026265,0.995935,0,0.32000,0.48000,19.200,0.960,-1,400.000,-1,425.000,-1,325.000,350.000,300.000,300.000,-1,675.000,600.000,-1,875.000,-1,-1,-1,2,0,2,0,2,0,0,0,0,2,0,0,2,0,2,2,2
28,6186.091,-7599.206,23.094,-127.656,-0.606844,0.791392,0.073744,-0.790235,-0.610693,0.050819,0.085253,-0.027436,0.995982,0,0.40000,0.55414,24.000,1.108,-1,400.000,-1,425.000,-1,325.000,350.000,300.000,300.000,-1,700.000,625.000,-1,875.000,-1,-1,-1,2,0,2,0,2,0,0,0,0,2,0,0,2,0,2,2,2
29,6168.939,-7622.342,25.312,-126.553,-0.591513,0.802983,0.073012,-0.801885,-0.595319,0.050755,0.084221,-0.028525,0.996039,0,0.48000,0.55179,28.800,1.104,-1,400.000,-1,425.000,-1,325.000,350.000,300.000,300.000,-1,725.000,650.000,-1,875.000,-1,-1,-1,2,0,2,0,2,0,0,0,0,2,0,0,2,0,2,2,2
30,6149.450,-7649.711,27.866,-125.455,-0.576063,0.814221,0.072077,-0.813180,-0.579807,0.050612,0.083000,-0.029456,0.996114,0,0.56000,0.54899,33.600,1.098,-1,400.000,-1,425.000,-1,325.000,350.000,300.000,300.000,-1,750.000,700.000,-1,875.000,-1,-1,-1,2,0,2,0,2,0,0,0,0,2,0,0,2,0,2,2,2
31,6127.776,-7681.410,30.839,-124.363,-0.560570,0.825108,0.070411,-0.824111,-0.564187,0.050334,0.081256,-0.029811,0.996247,0,0.64000,0.54570,38.400,1.091,-1,400.000,-1,425.000,-1,325.000,350.000,300.000,300.000,-1,800.000,750.000,-1,875.000,-1,-1,-1,2,0,2,0,2,0,0,0,0,2,0,0,2,0,2,2,2
32,6104.071,-7717.525,34.118,-123.280,-0.545008,0.835628,0.068496,-0.834674,-0.548478,0.049916,0.079280,-0.029968,0.996402,0,0.72000,0.54188,43.200,1.084,-1,400.000,-1,425.000,-1,325.000,350.000,300.000,300.000,-1,875.000,825.000,-1,875.000,-1,-1,-1,2,0,2,0,2,0,0,0,0,2,0,0,2,0,2,2,2
33,6078.490,-7758.140,37.683,-122.205,-0.529407,0.845772,0.066322,-0.844861,-0.532706,0.049332,0.077054,-0.029916,0.996578,0,0.80000,0.53746,48.000,1.075,-1,400.000,-1,450.000,-1,325.000,350.000,300.000,300.000,-1,975.000,925.000,-1,875.000,-1,-1,-1,2,0,2,1,2,0,0,0,0,2,0,0,2,0,2,2,2
34,6051.186,-7803.331,41.489,-121.140,-0.513796,0.855528,0.063921,-0.854673,-0.516901,0.048442,0.074484,-0.029742,0.996779,0,0.88000,0.53233,52.800,1.065,-1,400.000,-1,-1,-1,325.000,350.000,300.000,300.000,-1,-1,-1,-1,875.000,-1,-1,-1,2,0,2,2,2,0,0,0,0,2,2,2,2,0,2,2,2
35,6024.347,-7849.657,45.231,-120.087,-0.498190,0.864886,0.061478,-0.864097,-0.501097,0.047297,0.071713,-0.029560,0.996987,0,0.89232,0.52641,53.539,1.053,-1,400.000,-1,-1,-1,325.000,350.000,300.000,300.000,-1,-1,-1,-1,875.000,-1,-1,-1,2,0,2,2,2,0,0,0,0,2,2,2,2,0,2,2,2
36,5995.820,-7900.545,49.201,-119.274,-0.486098,0.871923,0.058805,-0.871196,-0.488787,0.045871,0.068739,-0.028933,0.997215,0,0.97232,0.40641,58.339,0.813,-1,400.000,-1,-1,-1,325.000,350.000,300.000,300.000,-1,-1,-1,-1,875.000,-1,-1,-1,2,0,2,2,2,0,0,0,0,2,2,2,2,0,2,2,2
37,5967.174,-7953.264,53.173,-118.518,-0.474783,0.878319,0.056003,-0.877654,-0.477246,0.044270,0.065611,-0.028133,0.997449,0,1.00000,0.37817,60.000,0.756,-1,400.000,-1,-1,-1,325.000,350.000,300.000,300.000,-1,-1,-1,-1,875.000,-1,-1,-1,2,0,2,2,2,0,0,0,0,2,2,2,2,0,2,2,2
38,5939.208,-8006.347,56.949,-117.783,-0.463729,0.884401,0.052822,-0.883783,-0.465951,0.042629,0.062313,-0.026915,0.997694,0,1.00000,0.36762,60.000,0.735,-1,400.000,-1,-1,-1,325.000,350.000,300.000,300.000,-1,-1,-1,-1,875.000,-1,-1,-1,2,0,2,2,2,0,1,0,0,2,2,2,2,0,2,2,2
39,5911.903,-8059.773,59.928,-117.070,-0.453172,0.890212,0.046449,-0.889595,-0.454964,0.040347,0.057050,-0.023036,0.998106,0,1.00000,0.35619,60.000,0.712,-1,400.000,-1,-1,-1,325.000,375.000,300.000,300.000,-1,-1,-1,-1,850.000,-1,-1,-1,2,0,2,2,2,0,1,0,0,2,2,2,2,0,2,2,2
40,5885.241,-8113.523,61.849,-116.383,-0.443149,0.895738,0.035666,-0.895106,-0.444311,0.037043,0.049028,-0.015509,0.998677,0,1.00000,0.34383,60.000,0.688,-1,400.000,-1,-1,-1,325.000,-1,300.000,300.000,-1,-1,-1,-1,825.000,-1,-1,-1,2,0,2,2,2,0,2,0,0,2,2,2,2,0,2,2,2
41,5859.201,-8167.577,62.794,-115.722,-0.433518,0.900903,0.020862,-0.900324,-0.433995,0.032646,0.038465,-0.004629,0.999249,0,1.00000,0.33053,60.000,0.661,-1,375.000,-1,-1,-1,300.000,-1,300.000,275.000,-1,-1,-1,-1,775.000,-1,-1,-1,2,0,2,2,2,0,2,0,0,2,2,2,2,0,2,2,2
42,5833.761,-8221.915,62.661,-115.089,-0.424097,0.905612,0.002845,-0.905247,-0.424012,0.027222,0.025859,0.008969,0.999625,0,1.00000,0.31622,60.000,0.632,-1,350.000,-1,-1,-1,275.000,-1,325.000,250.000,-1,-1,-1,-1,725.000,-1,-1,-1,2,0,2,2,2,0,2,0,0,2,2,2,2,0,2,2,2
43,5808.895,-8276.519,61.522,-114.487,-0.414726,0.909759,-0.018473,-0.909878,-0.414361,0.020665,0.011145,0.025378,0.999616,0,1.00000,0.30087,60.000,0.602,-1,325.000,-1,-1,-1,250.000,-1,325.000,225.000,-1,-1,-1,-1,650.000,-1,-1,-1,2,0,2,2,2,0,2,0,0,2,2,2,2,0,2,2,2
44,5784.576,-8331.369,59.475,-113.919,-0.405193,0.913203,-0.043348,-0.914213,-0.405031,0.012839,-0.005832,0.044831,0.998978,0,1.00000,0.28442,60.000,0.569,-1,300.000,-1,-1,-1,225.000,-1,350.000,200.000,-1,-1,-1,-1,575.000,-1,-1,-1,2,0,2,2,2,0,2,0,0,2,2,2,2,0,2,2,2
45,5760.772,-8386.446,56.541,-113.385,-0.395237,0.915778,-0.071683,-0.918239,-0.396009,0.003720,-0.024981,0.067292,0.997421,0,1.00000,0.26680,60.000,0.534,-1,275.000,-1,-1,-1,200.000,-1,375.000,200.000,-1,-1,-1,-1,500.000,-1,-1,-1,2,0,2,2,2,0,2,0,1,2,2,2,2,0,2,2,2
46,5737.452,-8441.731,52.689,-112.889,-0.384594,0.917305,-0.103142,-0.921938,-0.387280,-0.006617,-0.046015,0.092546,0.994645,0,1.00000,0.24795,60.000,0.496,-1,225.000,-1,-1,-1,175.000,1000.000,400.000,200.000,-1,-1,-1,-1,425.000,-1,675.000,-1,2,0,2,2,2,0,1,0,1,2,2,2,2,0,2,0,2
47,5714.578,-8497.203,47.796,-112.434,-0.372897,0.917640,-0.137419,-0.925260,-0.378853,-0.019100,-0.069588,0.120026,0.990329,0,1.00000,0.22779,60.000,0.456,-1,200.000,-1,-1,-1,150.000,625.000,450.000,200.000,-1,-1,-1,-1,350.000,-1,400.000,-1,2,0,2,2,2,0,1,0,1,2,2,2,2,0,2,0,2
48,5692.114,-8552.844,42.033,-112.021,-0.359813,0.916495,-0.174845,-0.928177,-0.370680,-0.032917,-0.094980,0.150443,0.984046,0,1.00000,0.20626,60.000,0.413,600.000,150.000,-1,-1,-1,125.000,500.000,500.000,225.000,-1,-1,0.000,-1,275.000,-1,225.000,-1,0,0,2,2,2,0,1,0,1,2,2,0,2,0,2,0,2
49,5670.020,-8608.636,35.121,-111.654,-0.345066,0.913362,-0.216100,-0.930776,-0.362630,-0.046430,-0.120772,0.185120,0.975267,0,1.00000,0.18329,60.000,0.367,350.000,125.000,-1,-1,-1,100.000,425.000,625.000,250.000,-1,-1,0.000,150.000,200.000,-1,125.000,-1,0,0,2,2,2,0,1,0,1,2,2,0,0,0,2,0,2
50,-1449.729,-628.202,-36.413,-93.809,-0.065447,0.996125,-0.058750,-0.997715,-0.066313,-0.012911,-0.016757,0.057771,0.998189,1,0.00000,0.00000,60.000,0.318,975.000,800.000,-1,-1,-1,-1,-1,325.000,450.000,-1,700.000,550.000,975.000,-1,-1,-1,-1,1,1,2,2,2,2,2,0,1,2,0,0,1,2,2,2,2
51,-1450.068,-632.990,-36.622,-94.049,-0.069577,0.995786,-0.059739,-0.997426,-0.070481,-0.013165,-0.017320,0.058669,0.998127,0,0.08000,-0.12000,4.800,-0.240,950.000,800.000,-1,-1,-1,-1,-1,325.000,450.000,-1,725.000,575.000,975.000,-1,-1,-1,-1,1,1,2,2,2,2,2,0,1,2,0,0,1,2,2,2,2
52,-1450.825,-642.560,-37.301,-94.529,-0.077787,0.995113,-0.060821,-0.996780,-0.078817,-0.014726,-0.019448,0.059480,0.998040,0,0.16000,-0.24000,9.600,-0.480,950.000,825.000,-1,-1,-1,-1,-1,325.000,450.000,-1,750.000,675.000,975.000,-1,-1,-1,-1,1,1,2,2,2,2,2,0,1,2,0,0,1,2,2,2,2
53,-1452.145,-656.900,-39.169,-95.249,-0.089992,0.994165,-0.059479,-0.995618,-0.091326,-0.020098,-0.025413,0.057410,0.998027,0,0.24000,-0.36000,14.400,-0.720,900.000,825.000,-1,-1,-1,-1,-1,325.000,450.000,-1,850.000,750.000,1000.000,-1,-1,-1,-1,1,1,2,2,2,2,2,0,1,2,0,0,1,2,2,2,2
54,-1454.225,-675.988,-41.797,-96.209,-0.106253,0.992664,-0.057696,-0.993762,-0.107989,-0.027841,-0.033867,0.054378,0.997946,0,0.32000,-0.48000,19.200,-0.960,775.000,825.000,-1,-1,-1,-1,-1,300.000,450.000,-1,1000.000,875.000,-1,-1,-1,-1,-1,1,1,2,2,2,2,2,0,1,2,0,0,2,2,2,2,2
55,-1457.321,-699.789,-46.558,-97.409,-0.126110,0.990165,-0.060580,-0.990793,-0.128751,-0.041861,-0.049249,0.054743,0.997285,0,0.40000,-0.60000,24.000,-1.200,600.000,825.000,-1,-1,-1,-1,-1,275.000,450.000,-1,-1,-1,-1,-1,-1,-1,-1,1,1,2,2,2,2,2,0,1,2,2,2,2,2,2,2,2
56,-6231.294,-2951.680,31.775,-71.295,0.327409,0.940924,-0.086407,-0.942410,0.318572,-0.101863,-0.068319,0.114781,0.991039,1,0.00000,0.00000,28.800,-1.440,-1,350.000,-1,275.000,300.000,275.000,250.000,375.000,300.000,-1,25.000,-1,-1,575.000,425.000,-1,325.000,2,0,2,0,0,0,0,1,0,2,1,2,2,0,0,2,0
57,6231.339,9511.023,273.158,72.320,0.304788,-0.951632,-0.038748,0.952084,0.303346,0.038958,-0.025319,-0.048765,0.998489,1,0.00000,0.00000,4.800,-0.240,-1,375.000,-1,375.000,-1,325.000,325.000,300.000,300.000,-1,425.000,375.000,800.000,675.000,700.000,-1,-1,2,0,2,0,2,0,0,0,0,2,1,1,1,0,0,2,2
58,6232.778,9515.602,273.042,72.560,0.300797,-0.952898,-0.038806,0.953351,0.299359,0.038821,-0.025376,-0.048673,0.998492,0,0.08000,0.12000,4.800,0.240,-1,375.000,-1,375.000,-1,325.000,325.000,300.000,300.000,-1,425.000,375.000,825.000,675.000,700.000,-1,-1,2,0,2,0,2,0,0,0,0,2,1,1,1,0,0,2,2
59,6235.578,9524.785,272.805,73.040,0.292799,-0.955382,-0.038915,0.955834,0.291368,0.038544,-0.025486,-0.048482,0.998499,0,0.16000,0.24000,9.600,0.480,-1,375.000,-1,375.000,-1,325.000,325.000,300.000,300.000,-1,425.000,400.000,-1,675.000,700.000,-1,-1,2,0,2,0,2,0,0,0,0,2,1,1,2,0,0,2,2
60,6239.606,9538.610,272.440,73.760,0.280764,-0.958981,-0.039066,0.959434,0.279344,0.038118,-0.025642,-0.048184,0.998509,0,0.24000,0.36000,14.400,0.720,-1,375.000,-1,375.000,-1,325.000,325.000,300.000,300.000,-1,450.000,400.000,-1,675.000,700.000,-1,-1,2,0,2,0,2,0,0,0,0,2,1,1,2,0,0,2,2
61,6244.666,9557.131,271.934,74.720,0.264647,-0.963547,-0.039244,0.963999,0.263243,0.037533,-0.025834,-0.047764,0.998525,0,0.32000,0.48000,19.200,0.960,-1,375.000,-1,375.000,-1,325.000,325.000,300.000,325.000,-1,450.000,425.000,-1,675.000,700.000,-1,-1,2,0,2,0,2,0,0,0,0,2,1,1,2,0,0,2,2
62,6250.505,9580.409,271.275,75.920,0.244395,-0.968874,-0.039425,0.969326,0.243012,0.036775,-0.026049,-0.047203,0.998546,0,0.40000,0.60000,24.000,1.200,-1,375.000,-1,375.000,-1,325.000,325.000,300.000,325.000,-1,475.000,450.000,-1,675.000,700.000,-1,-1,2,0,2,0,2,0,0,0,0,2,1,1,2,0,0,2,2
63,6256.807,9608.511,270.444,77.360,0.219949,-0.974708,-0.039582,0.975158,0.218595,0.035830,-0.026272,-0.046479,0.998574,0,0.48000,0.72000,28.800,1.440,-1,375.000,-1,375.000,-1,325.000,325.000,300.000,325.000,-1,500.000,475.000,-1,675.000,700.000,-1,-1,2,0,2,0,2,0,0,0,0,2,1,1,2,0,0,2,2
64,6263.196,9641.497,269.421,79.040,0.191250,-0.980739,-0.039678,0.981184,0.189933,0.034686,-0.026482,-0.045565,0.998610,0,0.56000,0.84000,33.600,1.680,1000.000,375.000,-1,375.000,-1,325.000,325.000,300.000,325.000,-1,525.000,500.000,-1,675.000,675.000,1000.000,-1,1,0,2,0,2,0,0,0,0,2,1,1,2,0,0,1,2
65,6269.340,9679.402,268.188,80.795,0.161082,-0.986143,-0.039689,0.986584,0.159812,0.033336,-0.026531,-0.044527,0.998656,0,0.64000,0.87761,38.400,1.755,1000.000,375.000,-1,375.000,-1,300.000,325.000,300.000,300.000,-1,550.000,525.000,-1,675.000,675.000,975.000,-1,1,0,2,0,2,0,0,0,0,2,1,1,2,0,0,1,2
66,6274.609,9719.761,266.815,82.562,0.130542,-0.990652,-0.039588,0.991090,0.129326,0.031869,-0.026451,-0.043396,0.998708,0,0.67837,0.88375,40.702,1.768,975.000,375.000,-1,375.000,-1,300.000,300.000,300.000,300.000,-1,575.000,550.000,-1,675.000,675.000,950.000,-1,1,0,2,0,2,0,0,0,0,2,1,1,2,0,0,1,2
67,6278.651,9760.558,265.370,84.343,0.099646,-0.994244,-0.039359,0.994675,0.098487,0.030363,-0.026312,-0.042175,0.998764,0,0.68328,0.89030,40.997,1.781,950.000,375.000,-1,375.000,-1,300.000,300.000,300.000,300.000,-1,550.000,575.000,-1,675.000,675.000,900.000,-1,1,0,2,0,2,0,0,0,0,2,0,0,2,0,0,1,2
68,6281.435,9801.767,263.852,86.137,0.068419,-0.996894,-0.038999,0.997315,0.067320,0.028829,-0.026114,-0.040867,0.998823,0,0.68839,0.89691,41.303,1.794,925.000,375.000,-1,375.000,-1,300.000,300.000,300.000,300.000,-1,525.000,500.000,-1,675.000,675.000,875.000,-1,1,0,2,0,2,0,0,0,0,2,0,0,2,0,0,1,2
69,6282.929,9843.360,262.468,87.944,0.036881,-0.998603,-0.037851,0.998978,0.035852,0.027533,-0.026138,-0.038828,0.998904,0,0.69367,0.90358,41.620,1.807,900.000,375.000,-1,375.000,1000.000,300.000,300.000,300.000,300.000,-1,500.000,475.000,-1,675.000,675.000,850.000,-1,1,0,2,0,1,0,0,0,0,2,0,0,2,0,0,1,2
70,6283.102,9885.304,261.788,89.764,0.005099,-0.999262,-0.038062,0.999652,0.004108,0.026071,-0.025896,-0.038181,0.998935,0,0.69908,0.91031,41.945,1.821,875.000,375.000,-1,375.000,975.000,300.000,300.000,300.000,300.000,-1,500.000,475.000,-1,675.000,675.000,825.000,-1,1,0,2,0,1,0,0,0,0,2,0,0,2,1,0,1,2
71,6281.800,9927.560,261.092,91.764,-0.029818,-0.998818,-0.038378,0.999228,-0.030769,0.024435,-0.025587,-0.037619,0.998965,0,0.70461,1.00000,42.277,2.000,850.000,375.000,-1,375.000,975.000,300.000,300.000,300.000,300.000,-1,500.000,475.000,-1,650.000,675.000,800.000,-1,1,0,2,0,1,0,0,0,0,2,0,0,2,1,0,1,2
72,6278.710,9974.534,260.243,93.764,-0.064708,-0.997159,-0.038550,0.997589,-0.065610,0.022620,-0.025085,-0.036993,0.999001,0,0.78461,1.00000,47.077,2.000,850.000,375.000,-1,375.000,975.000,300.000,300.000,300.000,300.000,-1,500.000,475.000,-1,650.000,675.000,775.000,-1,1,0,2,0,1,0,0,0,0,2,0,0,2,1,0,1,2
73,6273.660,10024.557,259.261,95.764,-0.099526,-0.994288,-0.038556,0.994734,-0.100373,0.020705,-0.024457,-0.036292,0.999042,0,0.83796,1.00000,50.277,2.000,825.000,375.000,-1,375.000,-1,300.000,300.000,300.000,325.000,-1,500.000,500.000,-1,625.000,650.000,725.000,-1,1,0,2,0,2,0,0,0,0,2,0,0,2,1,0,1,2
74,6266.816,10074.757,258.196,97.764,-0.134225,-0.990207,-0.038391,0.990665,-0.135016,0.018814,-0.023813,-0.035508,0.999086,0,0.84442,1.00000,50.665,2.000,800.000,375.000,-1,375.000,-1,325.000,325.000,300.000,325.000,-1,500.000,500.000,-1,600.000,650.000,700.000,-1,1,0,2,0,2,0,0,0,0,2,0,0,2,1,0,1,2
75,6258.156,10125.080,257.045,99.764,-0.168762,-0.984922,-0.038053,0.985385,-0.169497,0.016965,-0.023159,-0.034634,0.999132,0,0.85105,1.00000,51.063,2.000,775.000,375.000,-1,375.000,-1,325.000,325.000,300.000,300.000,-1,500.000,525.000,-1,575.000,650.000,675.000,-1,1,0,2,0,2,0,0,0,0,2,0,0,2,1,0,1,2
76,6247.663,10175.468,255.810,101.764,-0.203096,-0.978439,-0.037540,0.978900,-0.203774,0.015175,-0.022498,-0.033666,0.999180,0,0.85783,1.00000,51.470,2.000,775.000,375.000,925.000,375.000,-1,325.000,325.000,300.000,300.000,-1,525.000,525.000,-1,550.000,650.000,625.000,-1,1,0,1,0,2,0,0,0,0,2,0,0,2,1,0,1,2
77,6235.318,10225.864,254.490,103.764,-0.237183,-0.970766,-0.036852,0.971220,-0.237805,0.013464,-0.021835,-0.032598,0.999230,0,0.86476,1.00000,51.886,2.000,750.000,375.000,825.000,375.000,1000.000,325.000,325.000,300.000,300.000,-1,525.000,550.000,-1,525.000,650.000,600.000,975.000,1,0,1,0,1,0,1,0,0,2,0,0,2,1,0,1,1
78,6221.107,10276.206,253.084,105.764,-0.270982,-0.961911,-0.035992,0.962352,-0.271549,0.011851,-0.021173,-0.031425,0.999282,0,0.87183,1.00000,52.310,2.000,725.000,375.000,750.000,375.000,950.000,325.000,300.000,325.000,300.000,-1,525.000,550.000,-1,475.000,650.000,575.000,925.000,1,1,1,1,1,1,1,0,0,2,0,0,2,1,0,1,1
79,6205.016,10326.432,251.593,107.764,-0.304451,-0.951886,-0.034962,0.952307,-0.304966,0.010355,-0.020519,-0.030143,0.999335,0,0.87902,1.00000,52.741,2.000,725.000,350.000,675.000,350.000,875.000,300.000,300.000,325.000,300.000,-1,550.000,575.000,-1,450.000,600.000,525.000,875.000,1,1,1,1,1,1,1,0,0,2,0,0,2,1,1,1,1
80,6187.034,10376.478,250.016,109.764,-0.337550,-0.940702,-0.033770,0.941098,-0.338015,0.008994,-0.019875,-0.028745,0.999389,0,0.88632,1.00000,53.179,2.000,725.000,325.000,600.000,325.000,825.000,275.000,275.000,300.000,300.000,-1,525.000,525.000,-1,425.000,525.000,500.000,825.000,1,1,1,1,1,1,1,0,0,2,0,0,2,1,1,1,1
81,6167.152,10426.278,248.727,111.764,-0.370175,-0.928336,-0.034101,0.928739,-0.370640,0.008296,-0.020341,-0.028600,0.999384,0,0.89370,1.00000,53.622,2.000,700.000,300.000,550.000,300.000,775.000,250.000,250.000,300.000,300.000,-1,550.000,550.000,-1,400.000,450.000,475.000,750.000,1,1,1,1,1,1,1,0,0,2,0,0,2,1,1,1,1
82,6145.362,10475.761,247.962,113.764,-0.402360,-0.914781,-0.035796,0.915277,-0.402789,0.005388,-0.019347,-0.030596,0.999345,0,0.90115,1.00000,54.069,2.000,-1,275.000,475.000,275.000,725.000,250.000,250.000,300.000,300.000,-1,525.000,550.000,-1,350.000,400.000,425.000,650.000,2,1,1,1,1,1,1,0,0,2,0,0,2,1,1,1,1
83,6121.663,10524.859,247.841,115.764,-0.434103,-0.900031,-0.038704,0.900718,-0.434404,-0.000716,-0.016169,-0.035172,0.999250,0,0.90864,1.00000,54.518,2.000,-1,250.000,425.000,250.000,675.000,225.000,225.000,300.000,300.000,-1,475.000,525.000,-1,325.000,375.000,400.000,500.000,2,1,1,1,1,1,1,0,0,2,0,0,2,1,1,1,1
84,6096.054,10573.497,248.511,117.764,-0.465420,-0.884056,-0.042770,0.885029,-0.465410,-0.010800,-0.010358,-0.042879,0.999027,0,0.91614,1.00000,54.968,2.000,-1,250.000,400.000,250.000,625.000,200.000,200.000,300.000,325.000,-1,375.000,475.000,-1,300.000,325.000,375.000,425.000,2,1,1,1,1,1,1,0,0,2,0,0,2,1,1,1,1
85,6068.539,10621.599,250.141,119.764,-0.496304,-0.866874,-0.047035,0.868144,-0.495750,-0.023621,-0.002841,-0.052557,0.998614,0,0.92360,1.00000,55.416,2.000,-1,225.000,350.000,225.000,550.000,200.000,200.000,300.000,350.000,-1,325.000,425.000,-1,275.000,300.000,375.000,350.000,2,1,1,1,1,1,1,0,0,2,0,0,2,1,1,1,1
86,6039.127,10669.087,252.540,121.764,-0.526813,-0.848411,-0.051646,0.849951,-0.525309,-0.040416,0.007159,-0.065188,0.997847,0,0.93099,1.00000,55.859,2.000,-1,200.000,325.000,200.000,500.000,175.000,175.000,275.000,375.000,975.000,275.000,375.000,-1,250.000,275.000,375.000,300.000,2,1,1,1,1,1,1,0,0,0,0,0,2,1,1,1,1
87,6007.846,10715.888,257.253,123.753,-0.556982,-0.829127,-0.048158,0.830155,-0.554068,-0.062063,0.024776,-0.074547,0.996910,0,0.93822,0.99425,56.293,1.989,-1,200.000,300.000,200.000,425.000,175.000,175.000,275.000,400.000,775.000,175.000,275.000,-1,225.000,250.000,-1,275.000,2,1,1,1,1,1,1,0,0,0,0,0,2,1,1,2,1
88,3607.633,3607.616,337.954,-106.606,-0.279961,0.956642,-0.080359,-0.956227,-0.285304,-0.065048,-0.085155,0.058630,0.994641,1,0.00000,0.00000,56.713,1.974,-1,425.000,-1,400.000,-1,350.000,325.000,275.000,300.000,-1,-1,-1,650.000,850.000,775.000,-1,-1,2,0,2,0,2,0,0,0,0,2,2,2,1,0,0,2,2
89,3606.242,3603.022,337.552,-106.846,-0.283950,0.955459,-0.080434,-0.955001,-0.289315,-0.065342,-0.085703,0.058261,0.994616,0,0.08000,-0.12000,4.800,-0.240,-1,425.000,-1,400.000,-1,350.000,325.000,275.000,300.000,-1,-1,-1,650.000,850.000,775.000,-1,-1,2,0,2,0,2,0,0,0,0,2,2,2,1,0,0,2,2
90,3603.382,3593.857,336.744,-107.326,-0.291914,0.953044,-0.080584,-0.952498,-0.297322,-0.065930,-0.086794,0.057510,0.994565,0,0.16000,-0.24000,9.600,-0.480,-1,425.000,-1,400.000,-1,350.000,325.000,275.000,300.000,-1,-1,-1,675.000,850.000,775.000,-1,-1,2,0,2,0,2,0,0,0,0,2,2,2,1,0,0,2,2
91,3598.920,3580.165,335.519,-108.046,-0.303824,0.949295,-0.080812,-0.948616,-0.309295,-0.066814,-0.088421,0.056360,0.994487,0,0.24000,-0.36000,14.400,-0.720,-1,425.000,-1,400.000,-1,325.000,325.000,275.000,300.000,-1,-1,-1,675.000,850.000,775.000,-1,-1,2,0,2,0,2,0,0,0,0,2,2,2,1,0,0,2,2
92,3592.677,3562.008,333.866,-108.970,-0.319037,0.944265,-0.081118,-0.943409,-0.324588,-0.067988,-0.090528,0.054837,0.994383,0,0.32000,-0.46191,19.200,-0.924,-1,425.000,-1,400.000,-1,325.000,325.000,275.000,300.000,-1,-1,-1,700.000,825.000,750.000,-1,-1,2,0,2,0,2,0,0,0,0,2,2,2,1,0,0,2,2
93,3584.514,3539.438,331.771,-109.882,-0.333961,0.939058,-0.081486,-0.938001,-0.339609,-0.069421,-0.092864,0.053250,0.994254,0,0.40000,-0.45610,24.000,-0.912,-1,425.000,-1,400.000,-1,325.000,325.000,275.000,300.000,-1,-1,-1,725.000,825.000,750.000,-1,-1,2,0,2,0,2,0,0,0,0,2,2,2,1,0,0,2,2
94,3574.295,3512.512,329.224,-110.780,-0.348554,0.933704,-0.081901,-0.932419,-0.354312,-0.071113,-0.095417,0.051579,0.994100,0,0.48000,-0.44888,28.800,-0.898,-1,400.000,-1,400.000,-1,325.000,325.000,275.000,300.000,-1,-1,-1,750.000,825.000,725.000,-1,-1,2,0,2,0,2,0,0,0,0,2,2,2,1,0,0,2,2
95,3561.891,3481.284,326.213,-111.661,-0.362773,0.928233,-0.082339,-0.926692,-0.368652,-0.073065,-0.098176,0.049796,0.993922,0,0.56000,-0.44025,33.600,-0.880,-1,400.000,-1,375.000,-1,325.000,325.000,275.000,300.000,-1,-1,-1,775.000,800.000,725.000,-1,-1,2,0,2,0,2,0,0,0,0,2,2,2,1,0,0,2,2
96,3547.182,3445.812,322.725,-112.521,-0.376579,0.922680,-0.082771,-0.920849,-0.382584,-0.075278,-0.101124,0.047872,0.993721,0,0.64000,-0.43019,38.400,-0.860,-1,400.000,-1,375.000,-1,325.000,325.000,300.000,300.000,-1,-1,-1,800.000,775.000,700.000,-1,-1,2,0,2,0,2,0,0,0,0,2,2,2,1,0,0,2,2
97,3530.052,3406.153,318.608,-113.358,-0.390023,0.917104,-0.082477,-0.914935,-0.396076,-0.077571,-0.103807,0.045207,0.993570,0,0.72000,-0.41867,43.200,-0.837,-1,400.000,-1,375.000,-1,325.000,325.000,300.000,300.000,-1,-1,-1,850.000,775.000,675.000,-1,-1,2,0,2,0,2,0,0,0,0,2,2,2,1,0,0,2,2
98,3511.436,3364.675,313.931,-114.170,-0.403180,0.911563,-0.080621,-0.909010,-0.409094,-0.079642,-0.105580,0.041176,0.993558,0,0.75772,-0.40567,45.463,-0.811,-1,400.000,-1,375.000,-1,325.000,300.000,275.000,300.000,-1,-1,-1,875.000,750.000,675.000,-1,-1,2,0,2,0,2,0,0,0,0,2,2,2,1,0,0,2,2
99,3492.092,3323.107,309.316,-114.954,-0.415818,0.906007,-0.079035,-0.903151,-0.421585,-0.081139,-0.106832,0.037641,0.993564,0,0.76414,-0.39192,45.848,-0.784,-1,400.000,-1,375.000,-1,325.000,300.000,275.000,300.000,-1,-1,-1,925.000,750.000,675.000,-1,-1,2,0,2,0,2,0,0,0,0,2,2,2,1,0,0,2,2
100,3472.031,3281.442,304.834,-115.710,-0.427924,0.900456,-0.077844,-0.897418,-0.433545,-0.081724,-0.107338,0.034887,0.993610,0,0.77072,-0.37797,46.243,-0.756,-1,400.000,-1,375.000,-1,325.000,300.000,275.000,300.000,-1,-1,-1,950.000,725.000,675.000,-1,-1,2,0,2,0,2,0,0,0,0,2,2,2,1,0,0,2,2
101,3451.262,3239.673,300.288,-116.437,-0.439523,0.894961,-0.076575,-0.891747,-0.444987,-0.082306,-0.107736,0.032110,0.993661,0,0.77746,-0.36383,46.648,-0.728,-1,375.000,-1,375.000,-1,325.000,300.000,275.000,300.000,-1,-1,-1,975.000,725.000,650.000,-1,-1,2,0,2,0,2,0,0,0,0,2,2,2,1,0,0,2,2
102,3429.796,3197.791,295.580,-117.136,-0.450603,0.889533,-0.075411,-0.886199,-0.455906,-0.082473,-0.107742,0.029667,0.993736,0,0.78437,-0.34948,47.062,-0.699,-1,375.000,-1,375.000,-1,325.000,300.000,300.000,300.000,-1,-1,-1,-1,725.000,650.000,-1,-1,2,0,2,0,2,0,0,0,0,2,2,2,2,0,0,2,2
103,3407.644,3155.787,290.610,-117.806,-0.461150,0.884187,-0.074526,-0.880840,-0.466297,-0.081781,-0.107061,0.027932,0.993860,0,0.79147,-0.33492,47.488,-0.670,-1,375.000,-1,375.000,1000.000,325.000,300.000,300.000,300.000,-1,-1,-1,-1,725.000,650.000,-1,-1,2,0,2,0,0,0,0,0,0,2,2,2,2,0,0,2,2
104,3384.815,3113.648,285.583,-118.446,-0.471191,0.878964,-0.073498,-0.875605,-0.476172,-0.081097,-0.106279,0.026143,0.993993,0,0.79875,-0.32014,47.925,-0.640,-1,375.000,-1,375.000,1000.000,325.000,300.000,300.000,300.000,-1,-1,-1,-1,725.000,650.000,-1,-1,2,0,2,0,0,0,0,0,0,2,2,2,2,0,0,2,2
105,3361.321,3071.363,280.505,-119.057,-0.480730,0.873883,-0.072298,-0.870514,-0.485530,-0.080418,-0.105379,0.024277,0.994136,0,0.80624,-0.30514,48.374,-0.610,-1,375.000,-1,375.000,975.000,325.000,325.000,300.000,300.000,-1,-1,-1,-1,700.000,650.000,-1,-1,2,0,2,0,0,0,0,0,0,2,2,2,2,0,0,2,2
106,3337.172,3028.916,275.363,-119.636,-0.489759,0.868964,-0.070981,-0.865585,-0.494369,-0.079759,-0.104399,0.022378,0.994284,0,0.81392,-0.28990,48.835,-0.580,-1,400.000,-1,375.000,975.000,325.000,325.000,300.000,300.000,-1,-1,-1,-1,700.000,650.000,-1,-1,2,0,2,0,0,0,0,0,0,2,2,2,2,0,0,2,2
107,3312.380,2986.293,270.333,-120.185,-0.498370,0.864236,-0.068730,-0.860844,-0.502698,-0.079006,-0.102830,0.019791,0.994502,0,0.82183,-0.27441,49.310,-0.549,-1,400.000,-1,375.000,975.000,325.000,325.000,300.000,300.000,-1,-1,-1,-1,700.000,650.000,-1,-1,2,0,2,0,0,0,0,0,0,2,2,2,2,0,0,2,2
108,3286.954,2943.476,265.386,-120.703,-0.506542,0.859711,-0.065663,-0.856308,-0.510510,-0.078200,-0.100751,0.016617,0.994773,0,0.82996,-0.25868,49.797,-0.517,-1,400.000,-1,375.000,1000.000,325.000,325.000,300.000,300.000,-1,-1,-1,-1,725.000,650.000,-1,-1,2,0,2,0,0,0,0,0,0,2,2,2,2,0,0,2,2
109,3260.907,2900.446,260.379,-121.188,-0.514195,0.855397,-0.062448,-0.851989,-0.517800,-0.077441,-0.098578,0.013386,0.995039,0,0.83833,-0.24269,50.300,-0.485,-1,400.000,-1,375.000,-1,325.000,325.000,300.000,300.000,-1,-1,-1,-1,725.000,650.000,-1,-1,2,0,2,0,2,0,0,0,0,2,2,2,2,0,0,2,2
110,3234.250,2857.184,255.312,-121.641,-0.521325,0.851311,-0.059084,-0.847906,-0.524565,-0.076728,-0.096313,0.010097,0.995300,0,0.84695,-0.22643,50.817,-0.453,-1,400.000,-1,375.000,-1,325.000,325.000,300.000,300.000,-1,550.000,-1,-1,725.000,650.000,-1,-1,2,0,2,0,2,0,0,0,0,2,0,2,2,0,0,2,2
111,3206.993,2813.666,250.220,-122.061,-0.527910,0.847468,-0.055761,-0.844074,-0.530802,-0.076083,-0.094076,0.006902,0.995541,0,0.85583,-0.20989,51.350,-0.420,-1,400.000,-1,375.000,-1,325.000,325.000,300.000,300.000,-1,525.000,-1,-1,725.000,675.000,-1,-1,2,0,2,0,2,0,0,0,0,2,0,2,2,0,0,2,2
112,3178.757,2769.165,245.334,-122.396,-0.533057,0.844352,-0.054038,-0.840972,-0.535764,-0.075648,-0.092825,0.005120,0.995669,0,0.87839,-0.16785,52.703,-0.336,-1,400.000,-1,375.000,-1,325.000,325.000,300.000,300.000,-1,525.000,-1,-1,725.000,675.000,-1,-1,2,0,2,0,2,0,0,0,0,2,0,2,2,0,0,2,2
113,3150.070,2724.485,240.424,-122.703,-0.537751,0.841481,-0.052291,-0.838117,-0.540277,-0.075245,-0.091568,0.003363,0.995793,0,0.88493,-0.15323,53.096,-0.306,-1,400.000,-1,375.000,-1,325.000,325.000,300.000,300.000,-1,525.000,675.000,-1,725.000,675.000,-1,-1,2,0,2,0,2,0,0,0,0,2,0,0,2,0,0,2,2
114,3121.883,2680.695,235.793,-122.769,-0.538861,0.840855,-0.050913,-0.837601,-0.541253,-0.073954,-0.089741,0.002793,0.995961,0,0.86798,-0.03323,52.079,-0.066,-1,400.000,-1,375.000,-1,325.000,325.000,300.000,300.000,-1,550.000,675.000,-1,725.000,675.000,-1,-1,2,0,2,0,2,0,0,0,0,2,0,0,2,0,0,2,2
115,3093.805,2636.783,231.199,-122.596,-0.536419,0.842490,-0.049644,-0.839372,-0.538704,-0.072469,-0.087798,0.002796,0.996134,0,0.86869,0.08677,52.121,0.174,-1,400.000,-1,375.000,-1,325.000,325.000,300.000,300.000,-1,550.000,650.000,-1,725.000,675.000,-1,-1,2,0,2,0,2,0,0,0,0,2,0,0,2,0,0,2,2
116,3066.025,2592.639,226.595,-122.182,-0.530412,0.846356,-0.048430,-0.843377,-0.532609,-0.071019,-0.085901,0.003176,0.996299,0,0.86930,0.20677,52.158,0.414,-1,400.000,-1,375.000,-1,325.000,325.000,300.000,275.000,-1,550.000,625.000,-1,750.000,700.000,-1,-1,2,0,2,0,2,0,0,0,0,2,0,0,2,0,0,2,2
117,3038.733,2548.152,221.986,-121.529,-0.520790,0.852373,-0.047300,-0.849537,-0.522919,-0.069588,-0.084049,0.003943,0.996454,0,0.86986,0.32677,52.192,0.654,-1,400.000,-1,375.000,-1,325.000,325.000,300.000,275.000,-1,525.000,600.000,-1,750.000,700.000,-1,-1,2,0,2,0,2,0,0,0,0,2,0,0,2,0,0,2,2
118,3011.980,2503.301,217.387,-120.816,-0.510203,0.858812,-0.046211,-0.856109,-0.512270,-0.068246,-0.082283,0.004742,0.996598,0,0.87041,0.35651,52.225,0.713,-1,400.000,-1,375.000,-1,325.000,325.000,300.000,275.000,-1,500.000,575.000,-1,750.000,700.000,-1,-1,2,0,2,0,2,0,0,0,0,2,0,0,2,0,0,2,2
119,2985.777,2458.092,213.000,-120.096,-0.499464,0.865175,-0.044807,-0.862522,-0.501448,-0.067865,-0.081184,0.004751,0.996688,0,0.87090,0.35966,52.254,0.719,-1,400.000,-1,375.000,-1,325.000,325.000,300.000,275.000,-1,525.000,575.000,-1,750.000,700.000,-1,-1,2,0,2,0,2,0,0,0,0,2,0,0,2,0,0,2,2
120,2960.137,2412.534,208.825,-119.371,-0.488598,0.871454,-0.042898,-0.868793,-0.490462,-0.068164,-0.080441,0.003965,0.996751,0,0.87129,0.36251,52.277,0.725,-1,400.000,-1,375.000,-1,325.000,325.000,300.000,275.000,-1,550.000,625.000,-1,750.000,725.000,-1,-1,2,0,2,0,2,0,0,0,0,2,0,0,2,0,0,2,2
121,2935.071,2366.638,204.629,-118.641,-0.477560,0.877638,-0.041079,-0.874972,-0.479312,-0.068442,-0.079758,0.003258,0.996809,0,0.87159,0.36526,52.295,0.731,-1,400.000,-1,375.000,-1,325.000,325.000,300.000,275.000,-1,575.000,675.000,-1,750.000,725.000,-1,-1,2,0,2,0,2,0,0,0,0,2,0,0,2,0,0,2,2
122,2910.591,2320.411,200.408,-117.905,-0.466351,0.883723,-0.039375,-0.881052,-0.468003,-0.068707,-0.079145,0.002650,0.996860,0,0.87180,0.36790,52.308,0.736,-1,400.000,-1,375.000,-1,325.000,325.000,275.000,300.000,-1,600.000,700.000,-1,725.000,725.000,-1,-1,2,0,2,0,2,0,0,0,0,2,0,0,2,0,0,2,2
123,2884.932,2270.929,195.865,-117.409,-0.458802,0.887741,-0.037633,-0.885056,-0.460339,-0.069014,-0.078590,0.001643,0.996906,0,0.92900,0.24790,55.740,0.496,-1,400.000,-1,400.000,-1,325.000,325.000,275.000,300.000,-1,625.000,750.000,-1,725.000,725.000,-1,-1,2,0,2,0,2,0,0,0,0,2,0,0,2,0,0,2,2
124,2859.499,2221.341,191.281,-117.153,-0.454953,0.889789,-0.035962,-0.887080,-0.456372,-0.069376,-0.078142,0.000338,0.996942,0,0.92882,0.12790,55.729,0.256,-1,400.000,-1,400.000,-1,325.000,325.000,275.000,300.000,-1,650.000,775.000,-1,725.000,725.000,-1,-1,2,0,2,0,2,0,0,0,0,2,0,0,2,0,0,2,2
125,2834.093,2171.774,186.893,-117.137,-0.454792,0.889915,-0.034863,-0.887259,-0.456127,-0.068700,-0.077039,-0.000312,0.997028,0,0.92832,0.00790,55.699,0.016,-1,400.000,-1,400.000,-1,325.000,325.000,275.000,300.000,-1,675.000,775.000,-1,725.000,725.000,-1,-1,2,0,2,0,2,0,0,0,0,2,0,0,2,0,0,2,2
126,2808.517,2122.350,182.546,-117.362,-0.458333,0.888123,-0.034188,-0.885503,-0.459605,-0.068176,-0.076262,-0.000974,0.997087,0,0.92749,-0.11210,55.649,-0.224,-1,400.000,-1,400.000,-1,325.000,325.000,275.000,300.000,-1,675.000,800.000,-1,725.000,725.000,-1,-1,2,0,2,0,2,0,0,0,0,2,0,0,2,0,0,2,2
127,2782.773,2073.095,178.361,-117.594,-0.461914,0.886252,-0.034541,-0.883642,-0.463203,-0.067966,-0.076234,-0.000873,0.997090,0,0.92629,-0.11618,55.578,-0.232,-1,400.000,-1,400.000,-1,325.000,325.000,275.000,300.000,-1,750.000,850.000,-1,725.000,725.000,-1,-1,2,0,2,0,2,0,0,0,0,2,0,0,2,0,0,2,2
128,2756.870,2024.014,174.205,-117.823,-0.465432,0.884391,-0.035015,-0.881811,-0.466747,-0.067498,-0.076037,-0.000539,0.997105,0,0.92494,-0.11469,55.496,-0.229,-1,400.000,-1,400.000,-1,325.000,325.000,275.000,300.000,-1,800.000,900.000,-1,725.000,700.000,-1,-1,2,0,2,0,2,0,0,0,0,2,0,0,2,0,0,2,2
129,2730.815,1975.116,170.055,-118.050,-0.468901,0.882535,-0.035561,-0.879997,-0.470247,-0.066878,-0.075745,-0.000066,0.997127,0,0.92345,-0.11349,55.407,-0.227,-1,400.000,-1,400.000,-1,325.000,325.000,275.000,275.000,-1,825.000,925.000,-1,750.000,700.000,-1,-1,2,0,2,0,2,0,0,0,0,2,0,0,2,0,0,2,2
130,2704.613,1926.404,165.859,-118.276,-0.472337,0.880679,-0.036071,-0.878176,-0.473713,-0.066355,-0.075524,0.000335,0.997144,0,0.92187,-0.11260,55.312,-0.225,-1,400.000,-1,400.000,-1,325.000,325.000,275.000,275.000,-1,875.000,975.000,-1,750.000,700.000,-1,-1,2,0,2,0,2,0,0,0,0,2,0,0,2,0,0,2,2
131,2678.268,1877.882,161.647,-118.500,-0.475755,0.878820,-0.036495,-0.876335,-0.477152,-0.066047,-0.075457,0.000559,0.997149,0,0.92021,-0.11202,55.213,-0.224,-1,400.000,-1,375.000,-1,325.000,325.000,275.000,275.000,-1,925.000,-1,-1,750.000,700.000,-1,-1,2,0,2,0,2,0,0,0,0,2,0,2,2,0,0,2,2
132,2651.037,1828.221,157.493,-118.738,-0.479461,0.876827,-0.035936,-0.874355,-0.480806,-0.065787,-0.074962,-0.000122,0.997186,0,0.94394,-0.11924,56.636,-0.238,-1,400.000,-1,375.000,-1,325.000,325.000,275.000,275.000,-1,950.000,-1,-1,750.000,700.000,-1,-1,2,0,2,0,2,0,0,0,0,2,0,2,2,0,0,2,2
133,2623.600,1778.652,153.504,-118.965,-0.483071,0.874911,-0.034237,-0.872469,-0.484280,-0.065354,-0.073759,-0.001700,0.997275,0,0.94428,-0.11365,56.657,-0.227,-1,400.000,-1,375.000,-1,325.000,325.000,275.000,275.000,-1,950.000,-1,-1,750.000,700.000,-1,-1,2,0,2,0,2,0,0,0,0,2,0,2,2,0,0,2,2
