timestep,x_cm,y_cm,z_cm,yaw_deg,basis_xx,basis_xy,basis_xz,basis_yx,basis_yy,basis_yz,basis_zx,basis_zy,basis_zz,teleport_flag,throttle_cmd,steering_cmd,cmd_move_cm,cmd_turn_deg,lidar_cm_0,lidar_cm_1,lidar_cm_2,lidar_cm_3,lidar_cm_4,lidar_cm_5,lidar_cm_6,lidar_cm_7,lidar_cm_8,lidar_cm_9,lidar_cm_10,lidar_cm_11,lidar_cm_12,lidar_cm_13,lidar_cm_14,lidar_cm_15,lidar_cm_16,lidar_class_0,lidar_class_1,lidar_class_2,lidar_class_3,lidar_class_4,lidar_class_5,lidar_class_6,lidar_class_7,lidar_class_8,lidar_class_9,lidar_class_10,lidar_class_11,lidar_class_12,lidar_class_13,lidar_class_14,lidar_class_15,lidar_class_16
0,-6235.469,8201.637,-151.021,148.868,-0.854306,-0.517007,-0.053521,0.515901,-0.855980,0.033829,-0.063302,0.001289,0.997994,1,0.08000,-0.12000,4.800,-0.240,-1,375.000,-1,400.000,-1,325.000,325.000,300.000,300.000,-1,-1,-1,-1,700.000,850.000,-1,-1,2,0,2,0,2,0,0,0,0,2,2,2,2,0,0,2,2
1,-6243.644,8206.669,-151.627,148.388,-0.849954,-0.524160,-0.053239,0.523061,-0.851619,0.033943,-0.063131,0.001003,0.998005,0,0.16000,-0.24000,9.600,-0.480,-1,375.000,-1,400.000,-1,325.000,325.000,300.000,300.000,-1,-1,-1,-1,700.000,850.000,-1,-1,2,0,2,0,2,0,0,0,0,2,2,2,2,0,0,2,2
2,-6255.812,8214.370,-152.538,147.668,-0.843314,-0.534821,-0.052809,0.533732,-0.844965,0.034108,-0.062863,0.000578,0.998022,0,0.24000,-0.36000,14.400,-0.720,-1,375.000,-1,400.000,-1,325.000,325.000,300.000,300.000,-1,-1,-1,-1,700.000,850.000,-1,-1,2,0,2,0,2,0,0,0,0,2,2,2,2,0,0,2,2
3,-6271.861,8224.909,-153.753,146.708,-0.834253,-0.548902,-0.052223,0.547829,-0.835886,0.034316,-0.062489,0.000019,0.998046,0,0.32000,-0.48000,19.200,-0.960,-1,400.000,-1,400.000,-1,325.000,325.000,300.000,300.000,-1,-1,-1,-1,700.000,875.000,-1,-1,2,0,2,0,2,0,0,0,0,2,2,2,2,0,0,2,2
4,-6291.642,8238.500,-155.279,145.508,-0.822598,-0.566287,-0.051494,0.565233,-0.824208,0.034547,-0.062005,-0.000688,0.998076,0,0.40000,-0.60000,24.000,-1.200,-1,400.000,-1,400.000,-1,325.000,325.000,300.000,300.000,-1,-1,-1,-1,700.000,875.000,-1,-1,2,0,2,0,2,0,0,0,0,2,2,2,2,0,0,2,2
5,-6314.962,8255.400,-157.257,144.068,-0.808089,-0.586820,-0.051325,0.585804,-0.809715,0.034584,-0.061853,-0.002119,0.998083,0,0.48000,-0.72000,28.800,-1.440,-1,400.000,-1,400.000,-1,325.000,325.000,300.000,300.000,-1,-1,-1,-1,700.000,900.000,-1,-1,2,0,2,0,2,0,0,0,0,2,2,2,2,0,0,2,2
6,-6341.642,8275.824,-159.525,142.566,-0.792401,-0.607849,-0.051193,0.606856,-0.794045,0.034901,-0.061864,-0.003411,0.998079,0,0.56000,-0.75131,33.600,-1.503,-1,400.000,-1,400.000,-1,325.000,325.000,300.000,300.000,-1,-1,-1,-1,700.000,900.000,-1,-1,2,0,2,0,2,0,0,0,0,2,2,2,2,0,0,2,2
7,-6371.511,8299.957,-162.079,141.063,-0.776163,-0.628459,-0.051093,0.627468,-0.777830,0.035558,-0.062088,-0.004461,0.998061,0,0.64000,-0.75131,38.400,-1.503,-1,400.000,-1,425.000,-1,325.000,325.000,300.000,300.000,-1,-1,-1,-1,700.000,900.000,-1,-1,2,0,2,0,2,0,0,0,0,2,2,2,2,0,0,2,2
8,-6404.390,8327.979,-164.965,139.560,-0.759385,-0.648637,-0.051031,0.647640,-0.761079,0.036353,-0.062419,-0.005444,0.998035,0,0.72000,-0.75131,43.200,-1.503,-1,375.000,-1,425.000,-1,325.000,325.000,300.000,300.000,-1,-1,-1,-1,700.000,925.000,-1,-1,2,0,2,0,2,0,0,0,0,2,2,2,2,0,0,2,2
9,-6440.093,8360.061,-168.188,138.058,-0.742079,-0.668368,-0.051022,0.667355,-0.743804,0.037316,-0.062891,-0.006358,0.998000,0,0.80000,-0.75131,48.000,-1.503,-1,375.000,-1,425.000,-1,325.000,325.000,300.000,300.000,-1,-1,-1,-1,700.000,925.000,-1,-1,2,0,2,0,2,0,0,0,0,2,2,2,2,0,0,2,2
10,-6478.428,8396.369,-171.674,136.555,-0.724281,-0.687640,-0.050677,0.686594,-0.726019,0.038541,-0.063295,-0.006880,0.997971,0,0.88000,-0.75131,52.800,-1.503,-1,375.000,-1,425.000,-1,325.000,325.000,300.000,300.000,-1,-1,-1,-1,700.000,925.000,-1,-1,2,0,2,0,2,0,0,0,0,2,2,2,2,0,0,2,2
11,-6519.195,8437.061,-175.316,135.053,-0.706042,-0.706443,-0.049418,0.705334,-0.707739,0.040104,-0.063306,-0.006541,0.997973,0,0.96000,-0.75131,57.600,-1.503,-1,375.000,-1,425.000,-1,325.000,350.000,300.000,300.000,-1,-1,-1,-1,700.000,925.000,-1,-1,2,0,2,0,2,0,0,0,0,2,2,2,2,0,0,2,2
12,-6559.030,8478.967,-179.139,133.550,-0.687327,-0.724764,-0.047942,0.723531,-0.688976,0.042597,-0.063904,-0.005409,0.997941,0,0.96363,-0.75131,57.818,-1.503,-1,375.000,-1,450.000,-1,325.000,350.000,300.000,300.000,-1,-1,-1,-1,725.000,925.000,-1,-1,2,0,2,0,2,0,0,0,0,2,2,2,2,0,0,2,2
13,-6597.753,8521.902,-183.062,132.047,-0.668152,-0.742587,-0.046232,0.741190,-0.669739,0.045692,-0.064894,-0.003737,0.997885,0,0.96363,-0.75131,57.818,-1.503,-1,375.000,-1,450.000,-1,325.000,350.000,300.000,300.000,-1,-1,-1,-1,725.000,925.000,-1,-1,2,0,2,0,2,0,0,0,0,2,2,2,2,0,0,2,2
14,-6635.337,8565.838,-186.944,130.545,-0.648515,-0.759898,-0.044533,0.758324,-0.650039,0.048933,-0.066132,-0.002037,0.997809,0,0.96363,-0.75131,57.818,-1.503,-1,375.000,-1,425.000,-1,325.000,350.000,300.000,275.000,-1,-1,-1,-1,750.000,900.000,-1,-1,2,0,2,0,2,0,0,0,0,2,2,2,2,0,0,2,2
15,-6671.756,8610.745,-190.704,129.042,-0.628407,-0.776684,-0.043206,0.774920,-0.629890,0.052315,-0.067847,-0.000606,0.997696,0,0.96363,-0.75131,57.818,-1.503,-1,400.000,-1,425.000,-1,325.000,350.000,300.000,275.000,-1,-1,-1,-1,750.000,900.000,-1,-1,2,0,2,0,2,0,0,0,0,2,2,2,2,0,0,2,2
16,-6704.235,8652.649,-194.358,127.779,-0.611184,-0.790375,-0.041960,0.788485,-0.612623,0.054626,-0.068881,0.000302,0.997625,0,0.88363,-0.63131,53.018,-1.263,-1,400.000,-1,425.000,-1,325.000,350.000,300.000,275.000,-1,-1,-1,-1,750.000,900.000,-1,-1,2,0,2,0,2,0,0,0,0,2,2,2,2,0,0,2,2
17,-6734.663,8693.387,-197.952,126.757,-0.597037,-0.801182,-0.040666,0.799177,-0.598419,0.056671,-0.069739,0.001336,0.997564,0,0.84745,-0.51131,50.847,-1.023,-1,400.000,-1,425.000,-1,325.000,350.000,300.000,275.000,-1,-1,-1,-1,750.000,875.000,-1,-1,2,0,2,0,2,0,0,0,0,2,2,2,2,0,0,2,2
18,-6764.531,8734.537,-201.603,125.974,-0.586112,-0.809279,-0.039251,0.807148,-0.587418,0.058756,-0.070607,0.002757,0.997500,0,0.84745,-0.39131,50.847,-0.783,-1,400.000,-1,425.000,-1,325.000,350.000,300.000,275.000,-1,-1,-1,-1,750.000,875.000,-1,-1,2,0,2,0,2,0,0,0,0,2,2,2,2,0,0,2,2
19,-6793.856,8776.077,-205.583,125.220,-0.575392,-0.816940,-0.039142,0.814673,-0.576713,0.060906,-0.072330,0.003156,0.997376,0,0.84745,-0.37712,50.847,-0.754,-1,400.000,-1,425.000,-1,325.000,350.000,300.000,275.000,-1,-1,-1,-1,750.000,850.000,-1,-1,2,0,2,0,2,0,0,0,0,2,2,2,2,0,0,2,2
20,-6822.631,8817.999,-209.774,124.466,-0.564522,-0.824462,-0.039726,0.822047,-0.565910,0.063119,-0.074520,0.002975,0.997215,0,0.84745,-0.37712,50.847,-0.754,-1,400.000,-1,425.000,-1,325.000,350.000,300.000,275.000,-1,-1,-1,-1,725.000,850.000,-1,-1,2,0,2,0,2,0,0,0,0,2,2,2,2,0,0,2,2
21,-6850.852,8860.296,-213.964,123.711,-0.553562,-0.831839,-0.040148,0.829248,-0.555008,0.065686,-0.076923,0.003069,0.997032,0,0.84745,-0.37712,50.847,-0.754,-1,400.000,-1,425.000,-1,325.000,325.000,300.000,275.000,-1,-1,-1,-1,725.000,825.000,-1,-1,2,0,2,0,2,0,0,0,0,2,2,2,2,0,0,2,2
22,-6878.513,8902.961,-218.058,122.957,-0.542532,-0.839071,-0.040241,0.836233,-0.544009,0.069058,-0.079836,0.003816,0.996801,0,0.84745,-0.37712,50.847,-0.754,975.000,400.000,-1,425.000,-1,325.000,325.000,300.000,275.000,-1,-1,-1,-1,700.000,800.000,-1,-1,0,0,2,0,2,0,0,0,0,2,2,2,2,0,0,2,2
23,-6905.611,8945.986,-222.192,122.203,-0.531416,-0.846156,-0.040208,0.843053,-0.532914,0.072553,-0.082819,0.004658,0.996554,0,0.84745,-0.37712,50.847,-0.754,925.000,375.000,-1,400.000,-1,325.000,325.000,275.000,275.000,-1,-1,-1,-1,675.000,775.000,-1,-1,0,0,2,0,2,0,0,0,0,2,2,2,2,0,0,2,2
24,-6932.139,8989.365,-226.272,121.449,-0.520204,-0.853096,-0.040194,0.849741,-0.521728,0.075760,-0.085601,0.005256,0.996316,0,0.84745,-0.37712,50.847,-0.754,875.000,375.000,-1,400.000,-1,325.000,325.000,275.000,275.000,-1,-1,-1,-1,675.000,750.000,1000.000,-1,0,0,2,0,2,0,0,0,0,2,2,2,2,0,0,0,2
25,-6958.095,9033.088,-230.294,120.695,-0.508936,-0.859888,-0.039705,0.856381,-0.510452,0.077784,-0.087153,0.005584,0.996179,0,0.84745,-0.37712,50.847,-0.754,850.000,375.000,-1,400.000,-1,325.000,325.000,275.000,275.000,-1,-1,-1,-1,650.000,750.000,950.000,-1,0,0,2,0,2,0,0,0,0,2,2,2,2,0,0,0,2
26,-6983.472,9077.150,-234.423,119.940,-0.497619,-0.866529,-0.038764,0.862869,-0.499087,0.079808,-0.088503,0.006266,0.996056,0,0.84745,-0.37712,50.847,-0.754,825.000,375.000,-1,400.000,-1,325.000,325.000,275.000,275.000,-1,-1,-1,-1,650.000,725.000,925.000,-1,0,0,2,0,2,0,0,0,0,2,2,2,2,0,0,0,2
27,-7008.267,9121.542,-238.545,119.186,-0.486220,-0.873020,-0.037761,0.869220,-0.487635,0.081660,-0.089704,0.006882,0.995945,0,0.84745,-0.37712,50.847,-0.754,775.000,375.000,-1,400.000,-1,325.000,325.000,275.000,275.000,-1,-1,-1,-1,650.000,725.000,900.000,-1,0,0,2,0,2,0,0,0,0,2,2,2,2,0,0,0,2
28,-7032.476,9166.256,-242.598,118.432,-0.474729,-0.879362,-0.036815,0.875459,-0.476100,0.083074,-0.090580,0.007207,0.995863,0,0.84745,-0.37712,50.847,-0.754,775.000,375.000,-1,375.000,-1,325.000,325.000,275.000,275.000,-1,-1,-1,-1,625.000,725.000,850.000,-1,0,0,2,0,2,0,0,0,0,2,2,2,2,0,0,0,2
29,-7056.094,9211.285,-246.680,117.678,-0.463166,-0.885550,-0.035754,0.881543,-0.464482,0.084487,-0.091424,0.007613,0.995783,0,0.84745,-0.37712,50.847,-0.754,750.000,375.000,-1,375.000,-1,300.000,325.000,300.000,275.000,-1,-1,-1,-1,625.000,700.000,825.000,-1,0,0,2,0,2,0,0,0,0,2,2,2,2,0,0,0,2
30,-7079.117,9256.621,-250.791,116.923,-0.451533,-0.891584,-0.034578,0.887474,-0.452783,0.085894,-0.092238,0.008097,0.995704,0,0.84745,-0.37712,50.847,-0.754,725.000,375.000,-1,375.000,-1,300.000,300.000,300.000,275.000,-1,-1,-1,-1,625.000,700.000,800.000,-1,0,0,2,0,2,0,0,0,0,2,2,2,2,0,0,0,2
31,-7101.542,9302.256,-255.302,116.169,-0.439747,-0.897474,-0.034115,0.893414,-0.441010,0.085560,-0.091833,0.007146,0.995749,0,0.84745,-0.37712,50.847,-0.754,700.000,375.000,-1,375.000,-1,300.000,300.000,275.000,275.000,-1,-1,-1,-1,600.000,700.000,800.000,-1,0,0,2,0,2,0,0,0,0,2,2,2,2,0,0,0,2
32,-7123.364,9348.182,-259.838,115.415,-0.427907,-0.903206,-0.033377,0.899237,-0.429161,0.084817,-0.090932,0.006280,0.995837,0,0.84745,-0.37712,50.847,-0.754,675.000,375.000,-1,375.000,-1,300.000,300.000,275.000,275.000,-1,-1,-1,-1,600.000,700.000,775.000,-1,0,0,2,0,2,0,0,0,0,2,2,2,2,0,0,0,2
33,-7144.579,9394.391,-264.232,114.661,-0.416075,-0.908778,-0.031695,0.904930,-0.417234,0.083767,-0.089350,0.006172,0.995981,0,0.84745,-0.37712,50.847,-0.754,675.000,375.000,-1,375.000,-1,300.000,300.000,275.000,275.000,-1,-1,-1,-1,600.000,700.000,775.000,-1,0,0,2,0,2,0,0,0,0,2,2,2,2,0,0,0,2
34,-7165.184,9440.875,-268.648,113.906,-0.404176,-0.914192,-0.029921,0.910474,-0.405236,0.082591,-0.087629,0.006139,0.996134,0,0.84745,-0.37712,50.847,-0.754,650.000,375.000,-1,375.000,-1,300.000,300.000,275.000,275.000,-1,-1,-1,-1,600.000,700.000,775.000,-1,0,0,2,0,2,0,0,0,0,2,2,2,2,0,0,0,2
35,-7185.175,9487.627,-272.761,113.152,-0.392346,-0.919438,-0.026425,0.915908,-0.393163,0.080839,-0.084716,0.007515,0.996377,0,0.84745,-0.37712,50.847,-0.754,675.000,375.000,-1,375.000,-1,325.000,325.000,275.000,275.000,-1,-1,-1,-1,600.000,725.000,800.000,-1,0,0,2,0,2,0,0,0,0,2,2,2,2,0,0,0,2
36,-7204.549,9534.637,-276.907,112.398,-0.380435,-0.924523,-0.022932,0.921191,-0.381021,0.078933,-0.081713,0.008905,0.996616,0,0.84745,-0.37712,50.847,-0.754,700.000,375.000,-1,375.000,-1,325.000,325.000,275.000,275.000,-1,-1,-1,-1,625.000,725.000,825.000,-1,0,0,2,0,2,0,0,0,0,2,2,2,2,0,0,0,2
37,-7223.303,9581.899,-281.084,111.644,-0.368444,-0.929446,-0.019453,0.926319,-0.368813,0.076875,-0.078625,0.010305,0.996851,0,0.84745,-0.37712,50.847,-0.754,725.000,375.000,-1,400.000,-1,325.000,325.000,275.000,275.000,-1,-1,-1,-1,625.000,750.000,875.000,-1,0,0,2,0,2,0,0,0,0,2,2,2,2,0,0,0,2
38,-7241.433,9629.403,-285.100,110.889,-0.356315,-0.934214,-0.016856,0.931268,-0.356544,0.074939,-0.076019,0.011004,0.997046,0,0.84745,-0.37712,50.847,-0.754,750.000,375.000,-1,400.000,-1,325.000,325.000,275.000,275.000,-1,-1,-1,-1,625.000,750.000,900.000,-1,0,0,2,0,2,0,0,0,0,2,2,2,2,0,0,0,2
39,-7258.936,9677.142,-288.974,110.135,-0.344064,-0.938825,-0.015055,0.936038,-0.344215,0.073135,-0.073843,0.011071,0.997208,0,0.84745,-0.37712,50.847,-0.754,750.000,375.000,-1,400.000,-1,325.000,325.000,275.000,275.000,-1,-1,-1,-1,625.000,750.000,925.000,-1,0,0,2,0,2,0,0,0,0,2,2,2,2,0,0,0,2
40,-7275.809,9725.107,-292.867,109.381,-0.331745,-0.943275,-0.013323,0.940646,-0.331827,0.071246,-0.071626,0.011103,0.997370,0,0.84745,-0.37712,50.847,-0.754,775.000,375.000,-1,400.000,-1,325.000,325.000,275.000,275.000,-1,-1,625.000,-1,625.000,775.000,950.000,-1,0,0,2,0,2,0,0,0,0,2,2,0,2,0,0,0,2
41,-7292.050,9773.290,-296.650,108.627,-0.319325,-0.947566,-0.012237,0.945075,-0.319383,0.069483,-0.069748,0.010623,0.997508,0,0.84745,-0.37712,50.847,-0.754,775.000,375.000,-1,400.000,-1,325.000,325.000,275.000,275.000,-1,550.000,550.000,-1,625.000,800.000,975.000,-1,0,0,2,0,2,0,0,0,0,2,0,0,2,0,0,0,2
42,-7307.655,9821.683,-300.434,107.872,-0.306839,-0.951694,-0.011325,0.949333,-0.306884,0.067748,-0.067951,0.010037,0.997638,0,0.84745,-0.37712,50.847,-0.754,775.000,375.000,-1,400.000,-1,325.000,325.000,275.000,275.000,-1,525.000,500.000,-1,650.000,825.000,1000.000,-1,0,0,2,0,2,0,0,0,0,2,0,0,2,0,0,0,2
43,-7322.621,9870.277,-304.227,107.118,-0.294293,-0.955657,-0.010527,0.953424,-0.294332,0.065961,-0.066134,0.009375,0.997767,0,0.84745,-0.37712,50.847,-0.754,800.000,375.000,-1,400.000,-1,325.000,325.000,275.000,300.000,-1,475.000,450.000,-1,650.000,850.000,-1,-1,0,0,2,0,2,0,0,0,0,2,0,0,2,0,0,2,2
44,-7336.947,9919.064,-307.902,106.364,-0.281716,-0.959451,-0.009482,0.957314,-0.281727,0.064646,-0.064696,0.009135,0.997863,0,0.84745,-0.37712,50.847,-0.754,800.000,375.000,-1,400.000,-1,325.000,325.000,250.000,300.000,-1,475.000,450.000,-1,650.000,875.000,-1,-1,0,0,2,0,2,0,0,0,0,2,0,0,2,0,0,2,2
45,-7350.641,9968.070,-311.410,105.613,-0.269186,-0.963056,-0.007934,0.960990,-0.269134,0.063763,-0.063543,0.009540,0.997934,0,0.84805,-0.37528,50.883,-0.751,825.000,375.000,-1,425.000,-1,325.000,350.000,250.000,300.000,-1,475.000,450.000,-1,650.000,900.000,-1,-1,0,0,2,0,2,0,0,0,0,2,0,0,2,0,0,2,2
46,-7363.304,10016.604,-314.876,104.623,-0.252539,-0.967564,-0.006563,0.965567,-0.252444,0.062872,-0.062489,0.009541,0.998000,0,0.83598,-0.49528,50.159,-0.991,850.000,375.000,-1,425.000,-1,325.000,350.000,250.000,300.000,-1,500.000,450.000,-1,650.000,925.000,-1,-1,0,0,2,0,2,0,0,0,0,2,0,0,2,0,0,2,2
47,-7374.929,10065.431,-317.996,103.392,-0.231808,-0.972752,-0.004243,0.970734,-0.231604,0.063515,-0.062767,0.010605,0.997972,0,0.83653,-0.61528,50.192,-1.231,925.000,375.000,-1,425.000,-1,325.000,350.000,250.000,300.000,-1,575.000,500.000,-1,675.000,925.000,-1,-1,0,0,2,0,2,0,0,0,0,2,0,0,2,0,0,2,2
48,-7385.301,10114.556,-321.145,101.922,-0.206856,-0.978369,-0.002101,0.976327,-0.206563,0.064161,-0.063207,0.011220,0.997937,0,0.83680,-0.73528,50.208,-1.471,-1,375.000,-1,425.000,-1,325.000,350.000,250.000,300.000,-1,650.000,575.000,-1,700.000,950.000,-1,-1,2,0,2,0,2,0,0,0,0,2,0,0,2,0,0,2,2
49,-7394.219,10163.965,-324.331,100.232,-0.177978,-0.984034,-0.000164,0.981965,-0.177615,0.064797,-0.063792,0.011372,0.997898,0,0.83679,-0.84512,50.207,-1.690,-1,375.000,-1,425.000,-1,325.000,350.000,250.000,300.000,-1,725.000,650.000,-1,700.000,950.000,-1,-1,2,0,2,0,2,0,0,0,0,2,0,0,2,0,0,2,2
50,-7401.676,10213.598,-327.561,98.544,-0.148987,-0.988838,0.001585,0.986741,-0.148566,0.065352,-0.064387,0.011300,0.997861,0,0.83651,-0.84357,50.191,-1.687,-1,375.000,-1,425.000,-1,325.000,350.000,250.000,300.000,-1,800.000,725.000,-1,725.000,975.000,-1,-1,2,0,2,0,2,0,0,0,0,2,0,0,2,0,0,2,2
51,-7407.667,10263.403,-330.835,96.859,-0.119892,-0.992782,0.003136,0.990657,-0.119427,0.065841,-0.064992,0.011001,0.997825,0,0.83606,-0.84245,50.163,-1.685,-1,400.000,-1,425.000,-1,350.000,350.000,250.000,300.000,-1,900.000,800.000,-1,750.000,975.000,-1,-1,2,0,2,0,2,0,0,0,0,2,0,0,2,0,0,2,2
52,-7412.189,10313.327,-334.152,95.176,-0.090705,-0.995868,0.004485,0.993714,-0.090210,0.066285,-0.065607,0.010469,0.997791,0,0.83547,-0.84175,50.128,-1.684,-1,400.000,-1,425.000,-1,350.000,350.000,250.000,300.000,-1,1000.000,875.000,-1,775.000,1000.000,-1,-1,2,0,2,0,2,0,0,0,0,2,0,0,2,0,0,2,2
53,-7415.241,10363.323,-337.512,93.493,-0.061434,-0.998095,0.005625,0.995911,-0.060923,0.066701,-0.066231,0.009699,0.997757,0,0.83482,-0.84149,50.089,-1.683,-1,400.000,-1,425.000,-1,350.000,350.000,250.000,300.000,-1,-1,975.000,-1,800.000,1000.000,-1,-1,2,0,2,0,2,0,0,0,0,2,2,0,2,0,0,2,2
54,-7416.861,10408.583,-340.585,92.050,-0.036286,-0.999320,0.006493,0.997109,-0.035770,0.067042,-0.066764,0.008907,0.997729,0,0.75482,-0.72149,45.289,-1.443,-1,425.000,-1,450.000,-1,350.000,350.000,250.000,275.000,-1,-1,-1,-1,800.000,-1,-1,-1,2,0,2,0,2,0,0,0,0,2,2,2,2,0,2,2,2
55,-7417.459,10449.068,-343.360,90.847,-0.015298,-0.999857,0.007147,0.997622,-0.014782,0.067320,-0.067204,0.008160,0.997706,0,0.67482,-0.60149,40.489,-1.203,-1,425.000,-1,450.000,-1,350.000,350.000,250.000,275.000,-1,-1,-1,-1,825.000,-1,-1,-1,2,0,2,0,2,0,0,0,0,2,2,2,2,0,2,2,2
56,-7417.387,10484.757,-345.823,89.884,0.001512,-0.999970,0.007633,0.997715,0.002024,0.067540,-0.067553,0.007514,0.997687,0,0.59482,-0.48149,35.689,-0.963,-1,425.000,-1,450.000,-1,350.000,350.000,250.000,275.000,-1,-1,-1,-1,850.000,-1,-1,-1,2,0,2,0,2,0,0,0,0,2,2,2,2,0,2,2,2
57,-7416.883,10519.174,-348.576,89.161,0.014113,-0.999867,0.008128,0.997507,0.014641,0.069026,-0.069136,0.007134,0.997582,0,0.57369,-0.36149,34.421,-0.723,-1,425.000,-1,450.000,-1,350.000,350.000,250.000,275.000,-1,-1,-1,-1,850.000,-1,-1,-1,2,0,2,0,2,0,0,0,0,2,2,2,2,0,2,2,2
58,-7416.084,10553.771,-351.606,88.678,0.022496,-0.999708,0.008845,0.997193,0.023069,0.071225,-0.071408,0.007218,0.997421,0,0.57675,-0.24149,34.605,-0.483,-1,425.000,-1,450.000,-1,350.000,350.000,250.000,275.000,-1,-1,-1,-1,850.000,-1,-1,-1,2,0,2,0,2,0,0,0,0,2,2,2,2,0,2,2,2
59,-7415.140,10588.350,-354.641,88.435,0.026674,-0.999598,0.009617,0.996932,0.027308,0.073348,-0.073582,0.007631,0.997260,0,0.57654,-0.12149,34.592,-0.243,-1,425.000,-1,450.000,-1,350.000,350.000,250.000,275.000,-1,-1,-1,-1,825.000,1000.000,-1,-1,2,0,2,0,2,0,0,0,0,2,2,2,2,0,0,2,2
60,-7414.193,10622.918,-357.675,88.432,0.026647,-0.999590,0.010444,0.996778,0.027360,0.075393,-0.075648,0.008401,0.997099,0,0.57634,-0.00149,34.580,-0.003,-1,425.000,-1,450.000,-1,350.000,350.000,250.000,275.000,-1,-1,-1,-1,825.000,1000.000,-1,-1,2,0,2,0,2,0,0,0,0,2,2,2,2,0,0,2,2
61,-7413.390,10657.479,-360.705,88.669,0.022415,-0.999685,0.011323,0.996733,0.023225,0.077357,-0.077595,0.009552,0.996939,0,0.57616,0.11851,34.570,0.237,-1,425.000,-1,450.000,-1,350.000,350.000,250.000,275.000,-1,-1,-1,-1,825.000,975.000,-1,-1,2,0,2,0,2,0,0,0,0,2,2,2,2,0,0,2,2
62,-7412.875,10692.037,-363.725,89.146,0.013973,-0.999827,0.012253,0.996744,0.014901,0.079237,-0.079406,0.011106,0.996781,0,0.57603,0.23851,34.562,0.477,-1,425.000,-1,425.000,-1,350.000,350.000,250.000,275.000,-1,-1,-1,-1,800.000,975.000,-1,-1,2,0,2,0,2,0,0,0,0,2,2,2,2,0,0,2,2
63,-7412.793,10726.594,-366.730,89.863,0.001320,-0.999912,0.013231,0.996709,0.002388,0.081032,-0.081056,0.013080,0.996624,0,0.57594,0.35851,34.556,0.717,-1,425.000,-1,425.000,-1,350.000,350.000,250.000,275.000,-1,-1,-1,-1,800.000,950.000,-1,-1,2,0,2,0,2,0,0,0,0,2,2,2,2,0,0,2,2
64,-7413.287,10761.145,-369.712,90.820,-0.015544,-0.999778,0.014254,0.996468,-0.014313,0.082739,-0.082517,0.015489,0.996469,0,0.57590,0.47851,34.554,0.957,-1,425.000,-1,425.000,-1,350.000,350.000,250.000,275.000,-1,-1,-1,-1,775.000,950.000,-1,-1,2,0,2,0,2,0,0,0,0,2,2,2,2,0,0,2,2
65,-7414.504,10795.678,-372.665,92.017,-0.036612,-0.999212,0.015318,0.995814,-0.035194,0.084359,-0.083753,0.018342,0.996318,0,0.57591,0.59851,34.555,1.197,-1,400.000,-1,425.000,-1,350.000,350.000,250.000,275.000,-1,-1,-1,-1,775.000,925.000,-1,-1,2,0,2,0,2,0,0,0,0,2,2,2,2,0,0,2,2
66,-7416.586,10830.175,-375.581,93.454,-0.061865,-0.997949,0.016420,0.994482,-0.060237,0.085891,-0.084726,0.021643,0.996169,0,0.57599,0.71851,34.559,1.437,-1,400.000,-1,425.000,-1,350.000,350.000,250.000,275.000,-1,-1,-1,-1,750.000,925.000,-1,-1,2,0,2,0,2,0,0,0,0,2,2,2,2,0,0,2,2
67,-7419.678,10864.604,-378.449,95.131,-0.091271,-0.995671,0.017555,0.992158,-0.089409,0.087337,-0.085390,0.025389,0.996024,0,0.57612,0.83851,34.567,1.677,-1,400.000,-1,425.000,-1,350.000,350.000,250.000,275.000,-1,-1,-1,-1,750.000,925.000,-1,-1,2,0,2,0,2,0,0,0,0,2,2,2,2,0,0,2,2
68,-7423.869,10898.928,-381.262,96.960,-0.123238,-0.992200,0.018723,0.988664,-0.121125,0.088728,-0.085769,0.029445,0.995880,0,0.57632,0.91440,34.579,1.829,-1,400.000,-1,425.000,-1,350.000,350.000,250.000,275.000,-1,-1,-1,-1,725.000,900.000,-1,-1,2,0,2,0,2,0,0,0,0,2,2,2,2,0,0,2,2
69,-7429.157,10933.116,-384.015,98.790,-0.155100,-0.987698,0.019926,0.984151,-0.152725,0.090116,-0.085964,0.033587,0.995732,0,0.57658,0.91492,34.595,1.830,-1,400.000,-1,425.000,-1,325.000,350.000,250.000,275.000,-1,-1,-1,-1,700.000,900.000,-1,-1,2,0,2,0,2,0,0,0,0,2,2,2,2,0,0,2,2
70,-7435.537,10967.134,-386.702,100.621,-0.186824,-0.982165,0.021161,0.978624,-0.184179,0.091503,-0.085974,0.037803,0.995580,0,0.57685,0.91552,34.611,1.831,-1,375.000,-1,425.000,-1,325.000,350.000,250.000,300.000,-1,-1,-1,-1,700.000,875.000,-1,-1,2,0,2,0,2,0,0,0,0,2,2,2,2,0,0,2,2
71,-7443.006,11000.948,-389.319,102.453,-0.218377,-0.975607,0.022422,0.972085,-0.215454,0.092895,-0.085798,0.042082,0.995423,0,0.57715,0.91622,34.629,1.832,-1,375.000,-1,425.000,-1,325.000,350.000,250.000,300.000,-1,-1,-1,-1,675.000,875.000,-1,-1,2,0,2,0,2,0,0,0,0,2,2,2,2,0,0,2,2
72,-7451.559,11034.524,-391.860,104.287,-0.249728,-0.968026,0.023704,0.964540,-0.246519,0.094293,-0.085435,0.046411,0.995262,0,0.57747,0.91700,34.648,1.834,-1,375.000,-1,425.000,-1,325.000,350.000,250.000,300.000,-1,-1,-1,1000.000,675.000,850.000,-1,-1,2,0,2,0,2,0,0,0,0,2,2,2,0,0,0,2,2
73,-7461.189,11067.829,-394.383,106.123,-0.280857,-0.959417,0.025276,0.956005,-0.277340,0.095587,-0.084698,0.051011,0.995100,0,0.57783,0.91786,34.670,1.836,-1,375.000,-1,425.000,-1,325.000,350.000,275.000,300.000,-1,-1,-1,975.000,650.000,850.000,-1,-1,2,0,2,0,2,0,0,0,0,2,2,2,0,0,0,2,2
74,-7471.890,11100.829,-397.256,107.961,-0.311810,-0.949709,0.028766,0.946554,-0.307860,0.096215,-0.082520,0.057229,0.994945,0,0.57821,0.91882,34.693,1.838,-1,375.000,-1,425.000,-1,325.000,350.000,275.000,300.000,-1,-1,-1,925.000,650.000,825.000,-1,-1,2,0,2,0,2,0,0,0,0,2,2,2,0,0,0,2,2
75,-7483.654,11133.493,-400.060,109.800,-0.342455,-0.938977,0.032359,0.936101,-0.338060,0.097104,-0.080239,0.063545,0.994748,0,0.57863,0.91985,34.718,1.840,-1,375.000,-1,425.000,-1,325.000,325.000,275.000,300.000,-1,-1,-1,875.000,650.000,825.000,-1,-1,2,0,2,0,2,0,0,0,0,2,2,2,0,0,0,2,2
76,-7496.473,11165.786,-402.772,111.642,-0.372754,-0.927232,0.035983,0.924662,-0.367911,0.098188,-0.077805,0.069872,0.994517,0,0.57909,0.92098,34.746,1.842,-1,375.000,-1,425.000,-1,325.000,325.000,275.000,300.000,-1,-1,-1,825.000,650.000,800.000,-1,-1,2,0,2,0,2,0,0,0,0,2,2,2,0,0,0,2,2
77,-7510.337,11197.678,-405.386,113.487,-0.402674,-0.914486,0.039616,0.912247,-0.397379,0.099473,-0.075224,0.076195,0.994251,0,0.57960,0.92219,34.776,1.844,-1,375.000,-1,425.000,-1,300.000,325.000,275.000,300.000,-1,-1,-1,800.000,650.000,800.000,-1,-1,2,0,2,0,2,0,0,0,0,2,2,2,0,0,0,2,2
78,-7525.236,11229.136,-407.909,115.334,-0.432176,-0.900753,0.043209,0.898873,-0.426433,0.100908,-0.072467,0.082450,0.993957,0,0.58015,0.92349,34.809,1.847,-1,350.000,-1,400.000,-1,300.000,325.000,275.000,300.000,-1,-1,-1,775.000,650.000,775.000,-1,-1,2,0,2,0,2,0,0,0,0,2,2,2,0,0,0,2,2
79,-7541.158,11260.127,-410.541,117.183,-0.461150,-0.886112,0.046323,0.884643,-0.455077,0.101547,-0.068902,0.087808,0.993752,0,0.58074,0.92487,34.844,1.850,-1,350.000,-1,400.000,-1,300.000,325.000,275.000,300.000,-1,-1,1000.000,775.000,650.000,750.000,-1,-1,2,0,2,0,2,0,0,0,0,2,2,0,0,0,0,2,2
80,-7558.094,11290.622,-413.058,119.036,-0.489653,-0.870514,0.049455,0.869475,-0.483252,0.102375,-0.065220,0.093128,0.993516,0,0.58139,0.92634,34.883,1.853,-1,350.000,-1,400.000,-1,300.000,325.000,300.000,300.000,-1,-1,650.000,775.000,650.000,750.000,-1,-1,2,0,2,0,2,0,0,0,0,2,2,0,0,0,0,2,2
81,-7576.030,11320.588,-415.456,120.892,-0.517655,-0.853972,0.052586,0.853381,-0.510930,0.103398,-0.061431,0.098400,0.993249,0,0.58209,0.92790,34.925,1.856,-1,350.000,-1,400.000,-1,300.000,325.000,300.000,300.000,-1,-1,300.000,775.000,650.000,725.000,-1,-1,2,0,2,0,2,0,0,0,0,2,2,0,0,0,0,2,2
82,-7594.953,11349.994,-417.353,122.751,-0.544997,-0.836623,0.055129,0.836535,-0.538156,0.102942,-0.056456,0.102221,0.993158,0,0.58285,0.92955,34.971,1.859,-1,350.000,-1,400.000,-1,300.000,325.000,300.000,300.000,-1,875.000,300.000,775.000,675.000,725.000,-1,-1,2,0,2,0,2,0,0,0,0,2,0,0,0,0,0,2,2
83,-7614.848,11378.811,-418.963,124.614,-0.571725,-0.818444,0.057272,0.818862,-0.564894,0.101779,-0.050948,0.105088,0.993157,0,0.58367,0.93128,35.020,1.863,-1,350.000,-1,400.000,-1,300.000,325.000,300.000,300.000,-1,650.000,275.000,775.000,675.000,725.000,-1,-1,2,0,2,0,2,0,0,0,0,2,0,0,0,0,0,2,2
84,-7635.703,11407.008,-420.435,126.480,-0.597876,-0.799378,0.059492,0.800305,-0.591073,0.100720,-0.045349,0.107830,0.993134,0,0.58455,0.93310,35.073,1.866,-1,350.000,-1,400.000,-1,300.000,325.000,300.000,300.000,-1,475.000,275.000,800.000,700.000,725.000,-1,-1,2,0,2,0,2,0,0,0,0,2,0,0,0,0,0,2,2
85,-7657.502,11434.553,-421.761,128.350,-0.623424,-0.779438,0.061797,0.780878,-0.616665,0.099772,-0.039658,0.110456,0.993089,0,0.58550,0.93501,35.130,1.870,-1,375.000,-1,400.000,-1,300.000,325.000,300.000,300.000,-1,400.000,275.000,800.000,700.000,725.000,-1,-1,2,0,2,0,2,0,0,0,0,2,0,0,0,0,0,2,2
86,-7683.358,11464.978,-423.089,130.350,-0.649987,-0.757203,0.064505,0.759212,-0.643288,0.098887,-0.033382,0.113248,0.993006,0,0.66550,1.00000,39.930,2.000,-1,375.000,-1,400.000,-1,300.000,325.000,300.000,300.000,-1,375.000,275.000,825.000,725.000,725.000,-1,-1,2,0,2,0,2,0,0,0,0,2,0,0,0,0,0,2,2
87,-7713.493,11498.029,-424.369,132.350,-0.675728,-0.734045,0.067602,0.736663,-0.669098,0.098160,-0.026822,0.116129,0.992872,0,0.74550,1.00000,44.730,2.000,-1,375.000,-1,400.000,-1,300.000,325.000,300.000,300.000,-1,375.000,275.000,825.000,750.000,725.000,-1,-1,2,0,2,0,2,0,0,0,0,2,0,0,0,0,0,2,2
88,-7748.119,11533.441,-425.545,134.350,-0.700611,-0.709996,0.071057,0.713263,-0.694063,0.097631,-0.020000,0.119084,0.992683,0,0.82550,1.00000,49.530,2.000,-1,375.000,-1,400.000,-1,300.000,325.000,300.000,325.000,-1,375.000,275.000,850.000,775.000,750.000,-1,-1,2,0,2,0,2,0,0,0,0,2,0,0,0,0,0,2,2
89,-7787.432,11570.936,-426.662,136.350,-0.724609,-0.685096,0.074738,0.689037,-0.718161,0.097323,-0.013002,0.122018,0.992443,0,0.90550,1.00000,54.330,2.000,-1,400.000,-1,400.000,-1,325.000,325.000,300.000,325.000,-1,375.000,275.000,875.000,800.000,775.000,-1,-1,2,0,2,0,2,0,0,0,0,2,0,0,0,0,0,2,2
90,-7828.447,11607.408,-427.715,138.350,-0.747747,-0.659448,0.077479,0.663951,-0.741446,0.097092,-0.006581,0.124042,0.992255,0,0.91482,1.00000,54.889,2.000,-1,400.000,-1,375.000,-1,325.000,325.000,300.000,325.000,-1,375.000,275.000,900.000,-1,800.000,-1,-1,2,0,2,0,2,0,0,0,0,2,0,0,0,2,0,2,2
91,-7871.010,11642.675,-428.511,140.350,-0.769969,-0.633023,0.080184,0.638081,-0.763831,0.097028,-0.000174,0.125872,0.992046,0,0.92131,1.00000,55.278,2.000,-1,400.000,-1,400.000,-1,325.000,325.000,300.000,325.000,-1,375.000,300.000,925.000,-1,800.000,-1,-1,2,0,2,0,2,0,0,0,0,2,0,0,0,2,0,2,2
92,-7915.095,11676.681,-429.045,142.350,-0.791252,-0.605852,0.082840,0.611458,-0.785292,0.097132,0.006206,0.127509,0.991818,0,0.92800,1.00000,55.680,2.000,-1,425.000,-1,400.000,-1,325.000,325.000,300.000,325.000,-1,375.000,300.000,975.000,-1,825.000,-1,-1,2,0,2,0,2,0,0,0,0,2,0,0,0,2,0,2,2
93,-7960.675,11709.369,-429.049,144.350,-0.811646,-0.578039,0.084275,0.584031,-0.805905,0.097083,0.011800,0.128016,0.991702,0,0.93489,1.00000,56.093,2.000,-1,425.000,-1,400.000,-1,325.000,325.000,300.000,300.000,-1,400.000,325.000,-1,-1,850.000,-1,-1,2,0,2,0,2,0,0,0,0,2,0,0,2,2,0,2,2
94,-8007.718,11740.687,-428.199,146.350,-0.831227,-0.549688,0.083097,0.555712,-0.825777,0.096314,0.015677,0.126237,0.991876,0,0.94197,1.00000,56.518,2.000,-1,425.000,-1,400.000,-1,325.000,325.000,300.000,300.000,-1,450.000,375.000,-1,-1,875.000,-1,-1,2,0,2,0,2,0,0,0,0,2,0,0,2,2,0,2,2
95,-8056.198,11770.572,-427.112,148.350,-0.849837,-0.520654,0.081828,0.526692,-0.844654,0.095685,0.019297,0.124415,0.992043,0,0.94923,1.00000,56.954,2.000,-1,425.000,-1,425.000,1000.000,350.000,325.000,300.000,300.000,-1,500.000,425.000,-1,-1,900.000,-1,-1,2,0,2,0,1,0,0,0,0,2,0,0,2,2,0,2,2
96,-8106.080,11798.966,-426.335,150.350,-0.867561,-0.490850,0.080023,0.496886,-0.862294,0.097743,0.021027,0.124560,0.991989,0,0.95667,1.00000,57.400,2.000,-1,425.000,-1,425.000,950.000,350.000,325.000,300.000,300.000,-1,550.000,500.000,-1,-1,-1,-1,-1,2,0,2,0,1,0,0,0,0,2,0,0,2,2,2,2,2
97,-8157.326,11825.813,-425.291,152.350,-0.884254,-0.460456,0.077940,0.466460,-0.878896,0.099783,0.022555,0.124590,0.991952,0,0.96428,1.00000,57.857,2.000,-1,450.000,-1,425.000,925.000,325.000,325.000,300.000,300.000,-1,650.000,600.000,-1,-1,-1,-1,-1,2,1,2,0,1,0,0,0,0,2,0,0,2,2,2,2,2
98,-8209.899,11851.058,-423.975,154.350,-0.899895,-0.429507,0.075580,0.435451,-0.894440,0.101778,0.023887,0.124501,0.991932,0,0.97205,1.00000,58.323,2.000,-1,-1,-1,425.000,900.000,325.000,325.000,300.000,300.000,-1,725.000,675.000,-1,-1,-1,-1,-1,2,2,2,0,1,0,0,0,0,2,0,0,2,2,2,2,2
99,-8263.755,11874.643,-422.442,156.350,-0.914451,-0.398052,0.073030,0.403910,-0.908936,0.103403,0.025220,0.124054,0.991955,0,0.97996,1.00000,58.798,2.000,-1,-1,-1,400.000,-1,325.000,325.000,300.000,300.000,-1,825.000,775.000,-1,-1,-1,-1,-1,2,2,2,0,2,1,0,0,0,2,0,0,2,2,2,2,2
100,-8318.849,11896.513,-420.658,158.350,-0.927909,-0.366120,0.070286,0.371865,-0.922354,0.104779,0.026467,0.123363,0.992009,0,0.98800,1.00000,59.280,2.000,-1,-1,-1,-1,-1,-1,500.000,300.000,275.000,-1,925.000,900.000,-1,-1,-1,-1,-1,2,2,2,2,2,2,1,0,0,2,0,0,2,2,2,2,2
101,-8375.135,11916.612,-418.590,160.350,-0.940257,-0.333742,0.067331,0.339350,-0.934667,0.106015,0.027550,0.122531,0.992082,0,0.99616,1.00000,59.770,2.000,-1,-1,-1,-1,-1,-1,-1,300.000,275.000,-1,-1,-1,-1,-1,-1,-1,-1,2,2,2,2,2,2,2,0,0,2,2,2,2,2,2,2,2
102,-8432.306,11934.805,-416.305,162.350,-0.951465,-0.300965,0.064307,0.306418,-0.945887,0.106796,0.028686,0.121317,0.992199,0,1.00000,1.00000,60.000,2.000,-1,-1,-1,-1,-1,-1,-1,300.000,300.000,-1,-1,-1,-1,-1,-1,-1,-1,2,2,2,2,2,2,2,0,0,2,2,2,2,2,2,2,2
103,-8490.076,11951.000,-415.040,164.350,-0.961730,-0.267980,0.057112,0.272666,-0.956562,0.103158,0.026987,0.114782,0.993024,0,1.00000,1.00000,60.000,2.000,-1,-1,-1,-1,-1,-1,-1,300.000,300.000,-1,-1,-1,-1,-1,-1,-1,-1,2,2,2,2,2,2,2,0,0,2,2,2,2,2,2,2,2
104,-8548.373,11965.179,-415.144,166.350,-0.971077,-0.234775,0.043488,0.237928,-0.966739,0.093839,0.020010,0.101472,0.994637,0,1.00000,1.00000,60.000,2.000,-1,-1,-1,-1,-1,-1,-1,275.000,325.000,-1,-1,-1,-1,-1,-1,-1,-1,2,2,2,2,2,2,2,0,0,2,2,2,2,2,2,2,2
105,-8607.132,11977.301,-417.941,168.350,-0.979234,-0.200946,0.026863,0.202612,-0.974601,0.095405,0.007009,0.098866,0.995076,0,1.00000,1.00000,60.000,2.000,-1,-1,-1,-1,-1,-1,-1,250.000,300.000,-1,-1,-1,-1,-1,-1,-1,-1,2,2,2,2,2,2,2,0,0,2,2,2,2,2,2,2,2
106,-8666.285,11987.340,-426.483,170.350,-0.986047,-0.166450,-0.002225,0.164971,-0.978900,0.120582,-0.022249,0.118532,0.992701,0,1.00000,1.00000,60.000,2.000,-1,-1,-1,-1,-1,-1,-1,250.000,225.000,-1,-1,-1,-1,-1,-1,-1,-1,2,2,2,2,2,2,2,0,0,2,2,2,2,2,2,2,2
107,4263.595,8855.148,-212.954,-29.368,0.872220,0.487398,0.040940,-0.488877,0.866128,0.104028,0.015244,-0.110750,0.993731,1,0.00000,0.00000,60.000,1.998,-1,375.000,-1,375.000,-1,300.000,300.000,325.000,325.000,-1,475.000,450.000,-1,675.000,700.000,-1,-1,2,0,2,0,2,0,0,0,0,2,0,0,2,0,0,2,2
108,4267.788,8852.812,-212.893,-29.128,0.874251,0.483764,0.040708,-0.485241,0.868158,0.104133,0.015035,-0.110792,0.993730,0,0.08000,0.12000,4.800,0.240,-1,375.000,-1,375.000,-1,300.000,300.000,325.000,325.000,-1,475.000,450.000,-1,675.000,700.000,-1,-1,2,0,2,0,2,0,0,0,0,2,0,0,2,0,0,2,2
109,4276.212,8848.210,-212.777,-28.648,0.878269,0.476469,0.040250,-0.477943,0.872172,0.104342,0.014611,-0.110877,0.993727,0,0.16000,0.24000,9.600,0.480,-1,375.000,-1,375.000,-1,300.000,300.000,325.000,325.000,-1,450.000,450.000,-1,675.000,700.000,-1,-1,2,0,2,0,2,0,0,0,0,2,0,0,2,0,0,2,2
110,4288.935,8841.466,-212.619,-27.928,0.884181,0.465465,0.039572,-0.466935,0.878077,0.104653,0.013965,-0.111010,0.993721,0,0.24000,0.36000,14.400,0.720,-1,375.000,-1,375.000,-1,300.000,300.000,325.000,325.000,-1,450.000,450.000,-1,675.000,700.000,-1,-1,2,0,2,0,2,0,0,0,0,2,0,0,2,0,0,2,2
111,4306.046,8832.760,-212.436,-26.968,0.891848,0.450679,0.038688,-0.452147,0.885734,0.105064,0.013083,-0.111194,0.993713,0,0.32000,0.48000,19.200,0.960,-1,375.000,-1,375.000,-1,300.000,300.000,325.000,325.000,-1,425.000,425.000,-1,675.000,700.000,-1,-1,2,0,2,0,2,0,0,0,0,2,0,0,2,0,0,2,2
112,4327.658,8822.328,-212.249,-25.768,0.901080,0.432019,0.037611,-0.433488,0.894954,0.105571,0.011948,-0.111432,0.993700,0,0.40000,0.60000,24.000,1.200,-1,375.000,-1,375.000,-1,300.000,300.000,325.000,325.000,-1,425.000,425.000,-1,675.000,700.000,-1,-1,2,0,2,0,2,0,0,0,0,2,0,0,2,0,0,2,2
113,4353.900,8810.465,-212.086,-24.328,0.911640,0.409378,0.036362,-0.410855,0.905498,0.106172,0.010539,-0.111730,0.993683,0,0.48000,0.72000,28.800,1.440,-1,375.000,-1,375.000,-1,300.000,300.000,325.000,325.000,-1,400.000,400.000,-1,675.000,725.000,-1,-1,2,0,2,0,2,0,0,0,0,2,0,0,2,0,0,2,2
114,4384.897,8797.505,-211.978,-22.693,0.922939,0.383355,0.034963,-0.384843,0.916774,0.106868,0.008915,-0.112088,0.993658,0,0.56000,0.81766,33.600,1.635,-1,375.000,-1,375.000,-1,300.000,300.000,325.000,325.000,-1,375.000,375.000,-1,675.000,725.000,-1,-1,2,0,2,0,2,0,0,0,0,2,0,0,2,0,0,2,2
115,4420.728,8783.701,-211.948,-21.070,0.933422,0.357218,0.033447,-0.358703,0.927219,0.107689,0.007456,-0.112516,0.993622,0,0.64000,0.81148,38.400,1.623,-1,375.000,-1,375.000,-1,300.000,300.000,300.000,325.000,-1,375.000,375.000,-1,675.000,725.000,-1,-1,2,0,2,0,2,0,0,0,0,2,0,0,2,0,0,2,2
116,4461.458,8769.311,-212.014,-19.460,0.943087,0.331019,0.031826,-0.332489,0.936829,0.108641,0.006147,-0.113039,0.993572,0,0.72000,0.80460,43.200,1.609,-1,375.000,-1,375.000,-1,300.000,300.000,300.000,325.000,-1,350.000,350.000,-1,675.000,725.000,-1,-1,2,0,2,0,2,0,0,0,0,2,0,0,2,0,0,2,2
117,4507.142,8754.586,-212.066,-17.866,0.951924,0.304827,0.030356,-0.306301,0.945662,0.109102,0.004551,-0.113155,0.993567,0,0.80000,0.79703,48.000,1.594,-1,375.000,-1,375.000,-1,300.000,300.000,300.000,325.000,-1,350.000,350.000,-1,675.000,725.000,-1,-1,2,0,2,0,2,0,0,0,0,2,0,0,2,0,0,2,2
118,4554.699,8740.689,-212.003,-16.289,0.959954,0.278702,0.028532,-0.280141,0.953777,0.108771,0.003101,-0.112409,0.993657,0,0.82582,0.78875,49.549,1.578,-1,375.000,-1,375.000,-1,300.000,300.000,325.000,325.000,-1,350.000,350.000,-1,700.000,725.000,-1,-1,2,0,2,0,2,0,0,0,0,2,0,0,2,0,0,2,2
119,4602.772,8728.050,-211.930,-14.728,0.967198,0.252657,0.026337,-0.254018,0.961145,0.108055,0.001987,-0.111201,0.993796,0,0.82848,0.78033,49.709,1.561,-1,375.000,-1,375.000,-1,300.000,300.000,325.000,300.000,-1,375.000,375.000,-1,700.000,725.000,-1,-1,2,0,2,0,2,0,0,0,0,2,0,0,2,0,0,2,2
120,4654.932,8715.940,-211.895,-13.070,0.974104,0.224767,0.024499,-0.226098,0.968152,0.107521,0.000448,-0.110276,0.993901,0,0.89249,0.82892,53.549,1.658,-1,375.000,-1,375.000,-1,300.000,325.000,325.000,300.000,-1,375.000,400.000,-1,700.000,750.000,-1,-1,2,0,2,0,2,0,0,0,0,2,0,0,2,0,0,2,2
121,4707.513,8705.314,-211.808,-11.425,0.980156,0.196881,0.023084,-0.198226,0.974230,0.107625,-0.001300,-0.110066,0.993923,0,0.89410,0.82266,53.646,1.645,-1,375.000,-1,375.000,-1,300.000,325.000,325.000,300.000,-1,400.000,425.000,-1,700.000,750.000,-1,-1,2,0,2,0,2,0,0,0,0,2,0,0,2,0,0,2,2
122,4760.466,8696.175,-211.873,-9.792,0.985369,0.169043,0.021731,-0.170406,0.979470,0.107701,-0.003078,-0.109828,0.993946,0,0.89564,0.81649,53.739,1.633,-1,375.000,-1,375.000,-1,325.000,325.000,325.000,300.000,-1,425.000,475.000,-1,700.000,750.000,-1,-1,2,0,2,0,2,0,0,0,0,2,0,0,2,0,0,2,2
123,4813.746,8688.525,-212.094,-8.171,0.989759,0.141276,0.020436,-0.142662,0.983890,0.107738,-0.004886,-0.109550,0.993969,0,0.89713,0.81041,53.828,1.621,-1,375.000,-1,400.000,-1,325.000,325.000,325.000,300.000,-1,450.000,500.000,-1,700.000,775.000,-1,-1,2,0,2,0,2,0,0,0,0,2,0,0,2,0,0,2,2
124,4867.287,8682.368,-212.468,-6.560,0.993346,0.113562,0.019189,-0.114976,0.987508,0.107744,-0.006714,-0.109233,0.993993,0,0.89828,0.80552,53.897,1.611,-1,375.000,-1,400.000,-1,325.000,325.000,325.000,300.000,-1,475.000,550.000,-1,700.000,775.000,-1,-1,2,0,2,0,2,0,0,0,0,2,0,0,2,0,0,2,2
125,4920.985,8677.717,-212.996,-4.950,0.996152,0.085781,0.017980,-0.087225,0.990347,0.107724,-0.008565,-0.108878,0.994018,0,0.89835,0.80485,53.901,1.610,-1,375.000,-1,400.000,-1,325.000,325.000,325.000,300.000,-1,525.000,575.000,-1,700.000,775.000,-1,-1,2,0,2,0,2,0,0,0,0,2,0,0,2,0,0,2,2
126,4974.797,8674.574,-213.675,-3.342,0.998178,0.057952,0.016794,-0.059429,0.992407,0.107683,-0.010426,-0.108485,0.994043,0,0.89842,0.80420,53.905,1.608,-1,375.000,-1,400.000,-1,325.000,325.000,325.000,300.000,-1,550.000,600.000,-1,700.000,775.000,-1,-1,2,0,2,0,2,0,0,0,0,2,0,0,2,0,0,2,2
127,5028.679,8672.942,-214.507,-1.735,0.999425,0.030098,0.015620,-0.031607,0.993689,0.107621,-0.012282,-0.108053,0.994069,0,0.89848,0.80358,53.909,1.607,-1,375.000,-1,400.000,-1,325.000,325.000,325.000,300.000,-1,575.000,625.000,-1,700.000,800.000,-1,-1,2,0,2,0,2,0,0,0,0,2,0,0,2,0,0,2,2
128,5082.589,8672.821,-215.489,-0.129,0.999893,0.002237,0.014442,-0.003778,0.994193,0.107541,-0.014117,-0.107585,0.994096,0,0.89854,0.80298,53.913,1.606,-1,375.000,-1,400.000,-1,325.000,325.000,325.000,300.000,-1,600.000,650.000,-1,700.000,800.000,-1,-1,2,0,2,0,2,0,0,0,0,2,0,0,2,0,0,2,2
129,5136.485,8674.209,-216.620,1.476,0.999584,-0.025608,0.013247,0.024040,0.993921,0.107442,-0.015918,-0.107078,0.994123,0,0.89860,0.80241,53.916,1.605,-1,375.000,-1,400.000,-1,325.000,325.000,325.000,300.000,-1,625.000,675.000,-1,700.000,800.000,-1,-1,2,0,2,0,2,0,0,0,0,2,0,0,2,0,0,2,2
130,5190.324,8677.106,-217.901,3.080,0.998500,-0.053418,0.012021,0.051825,0.992873,0.107319,-0.017668,-0.106535,0.994152,0,0.89865,0.80187,53.919,1.604,-1,375.000,-1,400.000,-1,325.000,325.000,300.000,300.000,-1,625.000,675.000,-1,700.000,800.000,-1,-1,2,0,2,0,2,0,0,0,0,2,0,0,2,0,0,2,2
131,5244.064,8681.507,-219.298,4.682,0.996641,-0.081171,0.010859,0.079546,0.991040,0.107290,-0.019470,-0.106066,0.994168,0,0.89870,0.80135,53.922,1.603,-1,375.000,-1,400.000,-1,325.000,325.000,300.000,300.000,-1,625.000,700.000,-1,700.000,800.000,-1,-1,2,0,2,0,2,0,0,0,0,2,0,0,2,0,0,2,2
132,5297.662,8687.408,-220.588,6.284,0.994003,-0.108855,0.010414,0.107138,0.988517,0.106559,-0.021894,-0.104805,0.994252,0,0.89874,0.80086,53.924,1.602,-1,375.000,-1,400.000,-1,300.000,325.000,300.000,300.000,-1,650.000,750.000,-1,700.000,800.000,-1,-1,2,0,2,0,2,0,0,0,0,2,0,0,2,0,0,2,2
133,5351.078,8694.804,-221.856,7.885,0.990595,-0.136455,0.010133,0.134647,0.985288,0.105250,-0.024345,-0.102896,0.994394,0,0.89878,0.80040,53.927,1.601,-1,375.000,-1,400.000,-1,300.000,325.000,300.000,300.000,-1,700.000,775.000,-1,700.000,800.000,-1,-1,2,0,2,0,2,0,0,0,0,2,0,0,2,0,0,2,2
134,5404.268,8703.688,-223.250,9.485,0.986421,-0.163944,0.009788,0.162059,0.981289,0.103962,-0.026649,-0.100964,0.994533,0,0.89881,0.79996,53.929,1.600,-1,375.000,-1,400.000,-1,300.000,325.000,325.000,300.000,-1,750.000,800.000,-1,675.000,800.000,-1,-1,2,0,2,0,2,0,0,0,0,2,0,0,2,0,0,2,2
135,5457.191,8714.054,-224.761,11.084,0.981487,-0.191301,0.009373,0.189353,0.976524,0.102694,-0.028799,-0.099018,0.994669,0,0.89884,0.79955,53.931,1.599,-1,375.000,-1,400.000,-1,300.000,325.000,325.000,300.000,-1,775.000,800.000,-1,675.000,800.000,-1,-1,2,0,2,0,2,0,0,0,0,2,0,0,2,0,0,2,2
136,5509.806,8725.892,-226.383,12.682,0.975795,-0.218507,0.008880,0.216509,0.970996,0.101446,-0.030789,-0.097068,0.994801,0,0.89887,0.79917,53.932,1.598,-1,375.000,-1,400.000,-1,300.000,325.000,325.000,300.000,-1,800.000,800.000,-1,675.000,775.000,-1,-1,2,0,2,0,2,0,0,0,0,2,0,0,2,0,0,2,2
