timestep,x_cm,y_cm,z_cm,yaw_deg,basis_xx,basis_xy,basis_xz,basis_yx,basis_yy,basis_yz,basis_zx,basis_zy,basis_zz,teleport_flag,throttle_cmd,steering_cmd,cmd_move_cm,cmd_turn_deg,lidar_cm_0,lidar_cm_1,lidar_cm_2,lidar_cm_3,lidar_cm_4,lidar_cm_5,lidar_cm_6,lidar_cm_7,lidar_cm_8,lidar_cm_9,lidar_cm_10,lidar_cm_11,lidar_cm_12,lidar_cm_13,lidar_cm_14,lidar_cm_15,lidar_cm_16,lidar_class_0,lidar_class_1,lidar_class_2,lidar_class_3,lidar_class_4,lidar_class_5,lidar_class_6,lidar_class_7,lidar_class_8,lidar_class_9,lidar_class_10,lidar_class_11,lidar_class_12,lidar_class_13,lidar_class_14,lidar_class_15,lidar_class_16
0,6231.375,-4263.563,116.350,-7.200,0.985296,0.125195,0.116270,-0.118725,0.991050,-0.061019,-0.122869,0.046318,0.991341,1,0.00000,0.00000,4.800,0.209,-1,375.000,-1,275.000,200.000,300.000,250.000,650.000,225.000,200.000,200.000,-1,-1,600.000,400.000,1000.000,225.000,2,0,2,0,0,0,0,0,0,1,1,2,2,0,0,0,0
1,6236.139,-4264.144,115.682,-6.960,0.985921,0.121054,0.115347,-0.114933,0.991659,-0.058339,-0.121447,0.044261,0.991611,0,0.08000,0.12000,4.800,0.240,-1,375.000,-1,275.000,200.000,300.000,250.000,650.000,225.000,200.000,200.000,-1,-1,600.000,425.000,1000.000,225.000,2,0,2,0,0,0,0,0,0,1,1,2,2,0,0,0,0
2,6245.677,-4265.228,114.356,-6.480,0.987120,0.112761,0.113482,-0.107308,0.992808,-0.053083,-0.118652,0.040221,0.992121,0,0.16000,0.24000,9.600,0.480,-1,375.000,-1,275.000,200.000,300.000,250.000,625.000,225.000,200.000,225.000,-1,-1,600.000,425.000,1000.000,250.000,2,0,2,0,0,0,0,0,0,1,1,2,2,0,0,0,0
3,6260.003,-4266.674,112.393,-5.760,0.988787,0.100299,0.110639,-0.095779,0.994365,-0.045447,-0.114574,0.034340,0.992821,0,0.24000,0.36000,14.400,0.720,-1,375.000,-1,275.000,225.000,300.000,250.000,600.000,225.000,200.000,225.000,-1,-1,600.000,425.000,1000.000,275.000,2,0,2,0,0,0,0,0,0,1,1,2,2,0,0,0,0
4,6279.134,-4268.280,109.822,-4.800,0.990759,0.083644,0.106769,-0.080249,0.996135,-0.035714,-0.109344,0.026816,0.993642,0,0.32000,0.48000,19.200,0.960,-1,375.000,1000.000,300.000,275.000,300.000,250.000,575.000,225.000,200.000,250.000,-1,-1,600.000,450.000,1000.000,325.000,2,0,1,0,0,0,0,0,0,1,1,2,2,0,0,0,0
5,6303.085,-4269.786,106.681,-3.600,0.992820,0.062776,0.101818,-0.060610,0.997867,-0.024238,-0.103123,0.017893,0.994508,0,0.40000,0.60000,24.000,1.200,-1,375.000,975.000,300.000,325.000,300.000,275.000,550.000,225.000,225.000,300.000,-1,-1,600.000,475.000,1000.000,375.000,2,0,1,0,0,0,0,0,0,1,1,2,2,0,0,1,0
6,6331.861,-4270.924,103.000,-2.266,0.994639,0.039538,0.095548,-0.038616,0.999188,-0.011484,-0.095924,0.007733,0.995359,0,0.48000,0.66688,28.800,1.334,-1,375.000,950.000,300.000,375.000,300.000,275.000,500.000,250.000,225.000,350.000,-1,-1,625.000,500.000,1000.000,450.000,2,0,1,0,0,0,0,0,0,1,1,2,2,0,0,1,0
7,6363.732,-4271.450,99.025,-0.951,0.995962,0.016599,0.088228,-0.016795,0.999858,0.001475,-0.088191,-0.002951,0.996099,0,0.53128,0.65745,31.877,1.315,-1,375.000,925.000,325.000,500.000,300.000,275.000,475.000,250.000,225.000,400.000,-1,-1,625.000,525.000,975.000,600.000,2,0,1,0,0,0,0,0,0,1,1,2,2,0,0,1,0
8,6395.993,-4271.254,95.106,0.343,0.996721,-0.005986,0.080692,0.004907,0.999896,0.013560,-0.080765,-0.013119,0.996647,0,0.53772,0.64705,32.263,1.294,-1,375.000,900.000,325.000,700.000,300.000,275.000,450.000,250.000,225.000,500.000,-1,-1,625.000,550.000,950.000,800.000,2,0,1,0,0,0,0,0,0,1,1,2,2,0,0,1,0
9,6428.626,-4270.329,91.230,1.616,0.996936,-0.028195,0.072958,0.026445,0.999342,0.024833,-0.073610,-0.022827,0.997026,0,0.54414,0.63654,32.648,1.273,-1,375.000,900.000,350.000,1000.000,300.000,300.000,425.000,250.000,250.000,-1,-1,-1,625.000,575.000,950.000,900.000,2,0,1,0,1,0,0,0,0,1,2,2,2,0,0,1,1
10,6461.617,-4268.672,87.385,2.868,0.996630,-0.050008,0.065026,0.047781,0.998232,0.035360,-0.066679,-0.032134,0.997257,0,0.55055,0.62593,33.033,1.252,975.000,375.000,875.000,350.000,950.000,300.000,300.000,375.000,275.000,250.000,-1,-1,-1,625.000,625.000,925.000,875.000,0,0,1,0,1,0,0,0,0,1,2,2,2,0,0,1,1
11,6494.947,-4266.279,83.557,4.098,0.995824,-0.071409,0.056888,0.068882,0.996600,0.045211,-0.059923,-0.041103,0.997356,0,0.55696,0.61522,33.418,1.230,950.000,375.000,850.000,350.000,925.000,300.000,300.000,350.000,275.000,275.000,-1,-1,-1,625.000,650.000,925.000,850.000,0,0,1,0,1,0,0,0,0,1,2,2,2,0,0,1,1
12,6528.602,-4263.147,79.727,5.307,0.994541,-0.092381,0.048515,0.089719,0.994478,0.054447,-0.053277,-0.049797,0.997337,0,0.56336,0.60440,33.802,1.209,900.000,375.000,825.000,375.000,900.000,300.000,300.000,325.000,275.000,275.000,-1,-1,-1,625.000,700.000,900.000,800.000,0,0,1,0,1,0,0,0,0,1,2,2,2,0,0,1,1
13,6562.566,-4259.275,75.855,6.494,0.992818,-0.112910,0.039547,0.110295,0.991898,0.063028,-0.046343,-0.058213,0.997228,0,0.56976,0.59348,34.186,1.187,850.000,375.000,800.000,375.000,850.000,300.000,325.000,300.000,300.000,275.000,-1,-1,-1,625.000,700.000,900.000,775.000,0,0,1,0,1,0,0,0,0,1,2,2,2,0,1,1,1
14,6596.826,-4254.664,72.993,7.659,0.990532,-0.133017,0.033968,0.130512,0.989140,0.067594,-0.042590,-0.062521,0.997135,0,0.57616,0.58244,34.570,1.165,825.000,350.000,800.000,400.000,800.000,300.000,325.000,300.000,300.000,300.000,-1,-1,-1,625.000,675.000,900.000,750.000,0,0,1,0,1,0,0,0,0,1,2,2,2,0,1,1,1
15,6635.754,-4248.790,71.527,8.584,0.988285,-0.148986,0.033102,0.146581,0.986995,0.065987,-0.042503,-0.060362,0.997271,0,0.65616,0.46244,39.370,0.925,825.000,350.000,750.000,400.000,750.000,300.000,325.000,300.000,300.000,325.000,-1,-1,-1,625.000,625.000,900.000,700.000,0,0,1,0,1,0,0,0,0,1,2,2,2,0,1,0,1
16,6676.504,-4242.142,70.015,9.269,0.986467,-0.160794,0.032071,0.158516,0.985274,0.064091,-0.041904,-0.058140,0.997429,0,0.68815,0.34244,41.289,0.685,825.000,350.000,725.000,400.000,700.000,300.000,325.000,300.000,300.000,375.000,-1,-1,-1,625.000,600.000,875.000,650.000,0,0,1,0,1,0,0,0,0,1,2,2,2,0,1,0,1
17,6717.542,-4235.119,68.499,9.714,0.985221,-0.168460,0.030983,0.166317,0.984114,0.062108,-0.040953,-0.056037,0.997588,0,0.69391,0.22244,41.635,0.445,825.000,350.000,700.000,400.000,650.000,300.000,325.000,300.000,300.000,400.000,-1,-1,-1,625.000,550.000,850.000,600.000,0,0,1,0,1,0,0,0,0,1,2,2,2,1,1,0,1
18,6758.858,-4227.792,66.984,10.059,0.984223,-0.174400,0.029846,0.172396,0.983195,0.060065,-0.039819,-0.053972,0.997748,0,0.69934,0.17242,41.961,0.345,800.000,350.000,650.000,400.000,600.000,300.000,325.000,300.000,300.000,450.000,-1,-1,-1,600.000,525.000,850.000,575.000,0,0,1,0,1,0,0,0,0,1,2,2,2,1,1,0,1
19,6800.463,-4220.176,65.470,10.375,0.983276,-0.179855,0.028663,0.177990,0.982323,0.057971,-0.038582,-0.051900,0.997907,0,0.70494,0.15845,42.297,0.317,800.000,350.000,625.000,400.000,550.000,300.000,325.000,300.000,300.000,500.000,-1,-1,-1,575.000,475.000,825.000,525.000,0,0,1,0,1,0,0,0,0,1,2,2,2,1,1,0,1
20,6842.382,-4212.285,63.959,10.664,0.982390,-0.184817,0.027431,0.183092,0.981509,0.055828,-0.037242,-0.049822,0.998064,0,0.71093,0.14421,42.656,0.288,775.000,350.000,575.000,400.000,525.000,300.000,325.000,325.000,300.000,525.000,900.000,800.000,-1,550.000,450.000,800.000,475.000,0,0,1,1,1,0,0,0,0,1,0,0,2,1,1,0,1
21,6889.011,-4203.465,62.308,10.712,0.982269,-0.185666,0.025991,0.184099,0.981456,0.053391,-0.035422,-0.047660,0.998235,0,0.79093,0.02421,47.456,0.048,775.000,350.000,525.000,375.000,475.000,300.000,325.000,325.000,300.000,575.000,825.000,700.000,-1,500.000,400.000,800.000,425.000,0,0,1,1,1,0,0,0,0,1,0,0,2,1,1,0,1
22,6940.369,-4193.819,60.528,10.639,0.982543,-0.184436,0.024340,0.183041,0.981798,0.050681,-0.033244,-0.045341,0.998418,0,0.87093,-0.03646,52.256,-0.073,750.000,350.000,475.000,325.000,400.000,300.000,325.000,325.000,300.000,625.000,750.000,625.000,-1,475.000,375.000,775.000,375.000,0,0,1,1,1,0,1,0,0,1,0,0,2,1,1,0,1
23,6995.225,-4183.616,58.675,10.539,0.982905,-0.182730,0.022514,0.181510,0.982228,0.047770,-0.030843,-0.042867,0.998605,0,0.92995,-0.05036,55.797,-0.101,725.000,325.000,425.000,275.000,350.000,300.000,275.000,325.000,300.000,700.000,725.000,550.000,-1,425.000,325.000,750.000,325.000,0,1,1,1,1,1,1,0,0,1,0,0,2,1,1,0,1
24,7050.806,-4173.409,56.846,10.408,0.983359,-0.180501,0.020599,0.179450,0.982746,0.044807,-0.028332,-0.040365,0.998783,0,0.94184,-0.06556,56.510,-0.131,725.000,300.000,375.000,250.000,300.000,250.000,250.000,325.000,300.000,750.000,675.000,525.000,-1,375.000,275.000,750.000,275.000,0,1,1,1,1,1,1,0,0,1,0,0,2,1,1,0,1
25,7107.144,-4163.229,55.044,10.245,0.983904,-0.177728,0.018593,0.176839,0.983352,0.041795,-0.025712,-0.037834,0.998953,0,0.95418,-0.08132,57.251,-0.163,700.000,275.000,325.000,200.000,225.000,225.000,200.000,325.000,300.000,825.000,625.000,475.000,-1,350.000,225.000,725.000,225.000,0,1,1,1,1,1,1,0,0,1,1,0,2,1,1,0,1
26,7164.271,-4153.106,53.277,10.050,0.984538,-0.174391,0.016514,0.173653,0.984043,0.038775,-0.023012,-0.035308,0.999112,0,0.96696,-0.09767,58.017,-0.195,675.000,225.000,250.000,150.000,175.000,200.000,150.000,300.000,300.000,875.000,625.000,450.000,-1,300.000,175.000,700.000,150.000,0,1,1,1,1,1,1,0,0,1,1,0,2,1,1,0,1
27,7222.214,-4143.056,62.021,9.820,0.985169,-0.170118,-0.022408,0.171278,0.982811,0.068896,0.010302,-0.071712,0.997372,0,0.98014,-0.11466,58.808,-0.229,775.000,225.000,250.000,150.000,150.000,175.000,150.000,275.000,400.000,900.000,200.000,250.000,-1,300.000,175.000,925.000,150.000,0,1,1,1,1,1,1,0,0,1,0,0,2,1,1,0,1
28,7281.006,-4133.117,76.446,9.556,0.983222,-0.164822,-0.078158,0.172669,0.979107,0.107402,0.058822,-0.119096,0.991139,0,0.99369,-0.13235,59.622,-0.265,-1,225.000,275.000,150.000,150.000,175.000,150.000,250.000,600.000,550.000,100.000,175.000,-1,350.000,175.000,-1,125.000,2,1,1,1,1,1,1,0,0,0,0,0,2,1,1,2,1
29,5575.428,5575.388,-400.383,-98.601,-0.133746,0.985289,0.106383,-0.977124,-0.149020,0.151728,0.165349,-0.083656,0.982681,1,0.00000,0.00000,60.000,-0.302,-1,375.000,-1,400.000,750.000,325.000,325.000,300.000,300.000,-1,475.000,450.000,-1,750.000,600.000,-1,700.000,2,0,2,0,1,0,0,0,0,2,0,0,2,0,1,2,1
30,5574.730,5570.639,-399.568,-98.361,-0.129577,0.985855,0.106304,-0.977725,-0.144884,0.151865,0.165119,-0.084257,0.982668,0,0.08000,0.12000,4.800,0.240,-1,375.000,-1,400.000,725.000,325.000,325.000,300.000,300.000,-1,500.000,450.000,-1,750.000,575.000,-1,700.000,2,0,2,0,1,0,0,0,0,2,0,0,2,0,1,2,1
31,5573.404,5561.131,-397.947,-97.947,-0.122394,0.986790,0.106139,-0.978711,-0.137756,0.152145,0.164756,-0.085257,0.982643,0,0.16000,0.20667,9.600,0.413,-1,375.000,-1,400.000,725.000,325.000,325.000,300.000,300.000,-1,500.000,450.000,-1,750.000,575.000,-1,675.000,2,0,2,0,1,0,0,0,0,2,0,0,2,0,1,2,1
32,5571.516,5546.856,-395.533,-97.536,-0.115254,0.987677,0.105878,-0.979616,-0.130669,0.152572,0.164526,-0.086135,0.982605,0,0.24000,0.20536,14.400,0.411,-1,375.000,-1,400.000,700.000,325.000,325.000,300.000,300.000,-1,500.000,475.000,-1,750.000,575.000,-1,675.000,2,0,2,1,1,0,0,0,0,2,0,0,2,0,1,2,1
33,5569.134,5527.804,-392.332,-97.129,-0.108171,0.988517,0.105515,-0.980439,-0.123634,0.153149,0.164435,-0.086884,0.982554,0,0.32000,0.20372,19.200,0.407,-1,375.000,-1,400.000,700.000,325.000,325.000,300.000,300.000,-1,525.000,475.000,-1,750.000,575.000,-1,650.000,2,0,2,1,1,0,0,0,0,2,0,0,2,0,1,2,1
34,5566.324,5503.969,-388.354,-96.726,-0.101157,0.989309,0.105045,-0.981178,-0.116665,0.153880,0.164490,-0.087501,0.982490,0,0.40000,0.20171,24.000,0.403,-1,375.000,-1,375.000,675.000,325.000,325.000,300.000,300.000,-1,525.000,500.000,-1,750.000,550.000,-1,625.000,2,0,2,1,1,0,1,0,0,2,0,0,2,0,1,2,1
35,5563.151,5475.345,-383.605,-96.327,-0.094228,0.990055,0.104461,-0.981833,-0.109775,0.154768,0.164696,-0.087980,0.982413,0,0.48000,0.19929,28.800,0.399,-1,375.000,-1,375.000,625.000,325.000,325.000,300.000,300.000,-1,550.000,525.000,-1,775.000,550.000,-1,600.000,2,0,2,1,1,0,1,0,0,2,0,0,2,0,1,2,1
36,5559.677,5441.925,-378.093,-95.934,-0.087400,0.990755,0.103760,-0.982403,-0.102982,0.155815,0.165060,-0.088315,0.982321,0,0.56000,0.19641,33.600,0.393,-1,400.000,-1,375.000,600.000,325.000,300.000,300.000,300.000,-1,575.000,550.000,-1,775.000,525.000,-1,550.000,2,0,2,1,1,0,1,0,0,2,0,0,2,0,1,2,1
37,5555.965,5403.704,-371.828,-95.548,-0.080693,0.991410,0.102934,-0.982888,-0.096303,0.157026,0.165590,-0.088502,0.982216,0,0.64000,0.19301,38.400,0.386,-1,400.000,-1,350.000,550.000,325.000,300.000,300.000,300.000,-1,600.000,575.000,-1,775.000,500.000,-1,525.000,2,0,2,1,1,0,1,0,0,2,0,0,2,0,1,2,1
38,5552.072,5360.680,-364.816,-95.170,-0.074129,0.992021,0.101980,-0.983286,-0.089760,0.158402,0.166292,-0.088533,0.982094,0,0.72000,0.18901,43.200,0.378,-1,400.000,-1,350.000,500.000,325.000,300.000,300.000,300.000,-1,625.000,600.000,-1,800.000,475.000,-1,475.000,2,0,2,1,1,0,1,0,0,2,0,0,2,0,1,2,1
39,5548.054,5312.848,-357.065,-94.801,-0.067731,0.992589,0.100892,-0.983599,-0.083376,0.159945,0.167172,-0.088404,0.981956,0,0.80000,0.18434,48.000,0.369,-1,400.000,-1,325.000,450.000,325.000,300.000,300.000,300.000,-1,650.000,600.000,-1,800.000,475.000,-1,425.000,2,0,2,1,1,0,1,0,0,2,0,0,2,0,1,2,1
40,5543.963,5260.207,-348.519,-94.444,-0.061607,0.993139,0.099401,-0.983876,-0.077180,0.161340,0.167905,-0.087858,0.981880,0,0.88000,0.17887,52.800,0.358,-1,400.000,-1,325.000,400.000,325.000,275.000,300.000,300.000,-1,700.000,550.000,-1,825.000,450.000,-1,375.000,2,0,2,1,1,0,1,0,0,2,0,0,2,0,1,2,1
41,5539.921,5203.765,-338.226,-94.099,-0.054768,0.993189,0.102843,-0.984006,-0.071171,0.163303,0.169510,-0.092254,0.981201,0,0.94309,0.17248,56.585,0.345,-1,425.000,-1,300.000,350.000,350.000,275.000,300.000,300.000,-1,650.000,550.000,-1,875.000,425.000,-1,350.000,2,0,2,1,1,0,1,0,0,2,0,0,2,0,1,2,1
42,5536.195,5147.073,-326.069,-93.769,-0.046502,0.992486,0.113180,-0.983408,-0.065373,0.169216,0.175344,-0.103433,0.979059,0,0.94688,0.16511,56.813,0.330,-1,425.000,-1,300.000,325.000,350.000,300.000,275.000,325.000,-1,500.000,500.000,-1,925.000,425.000,-1,325.000,2,0,2,1,1,0,1,0,0,2,0,0,2,0,1,2,1
43,5532.769,5090.166,-313.877,-93.454,-0.038355,0.991597,0.123548,-0.982687,-0.059857,0.175338,0.181260,-0.114683,0.976725,0,0.95012,0.15707,57.007,0.314,-1,450.000,-1,300.000,300.000,375.000,300.000,275.000,375.000,-1,425.000,450.000,-1,1000.000,425.000,-1,325.000,2,0,2,1,1,0,1,0,0,2,0,0,2,0,1,2,1
44,5529.630,5033.085,-301.661,-93.158,-0.030356,0.990527,0.133922,-0.981846,-0.054648,0.181637,0.187235,-0.125977,0.974204,0,0.95273,0.14827,57.164,0.297,-1,475.000,-1,300.000,300.000,400.000,300.000,275.000,400.000,-1,375.000,425.000,-1,-1,450.000,-1,300.000,2,0,2,1,1,0,1,0,1,2,0,0,2,2,1,2,1
45,5526.763,4975.880,-289.435,-92.881,-0.022537,0.989279,0.144286,-0.980892,-0.049778,0.188079,0.193245,-0.137290,0.971498,0,0.95457,0.13866,57.274,0.277,-1,500.000,-1,325.000,275.000,400.000,300.000,250.000,425.000,975.000,325.000,425.000,-1,-1,450.000,-1,300.000,2,0,2,1,1,0,1,0,1,0,0,0,2,2,1,2,1
46,5524.150,4918.605,-277.212,-92.624,-0.014933,0.987861,0.154624,-0.979831,-0.045277,0.194633,0.199271,-0.148599,0.968612,0,0.95553,0.12816,57.332,0.256,-1,525.000,-1,325.000,250.000,425.000,325.000,250.000,425.000,850.000,250.000,400.000,-1,-1,-1,-1,300.000,2,0,2,1,1,0,1,0,1,0,0,0,2,2,2,2,1
47,5521.773,4861.324,-265.003,-92.391,-0.007581,0.986277,0.164926,-0.978671,-0.041179,0.201266,0.205295,-0.159883,0.965552,0,0.95544,0.11669,57.326,0.233,-1,550.000,-1,325.000,250.000,450.000,325.000,250.000,400.000,750.000,200.000,375.000,-1,-1,-1,-1,275.000,2,0,2,1,1,0,1,0,1,0,0,0,2,2,2,2,1
48,5519.608,4804.114,-252.825,-92.182,-0.000522,0.984535,0.175187,-0.977420,-0.037520,0.207947,0.211305,-0.171123,0.962324,0,0.95414,0.10418,57.248,0.208,-1,575.000,-1,375.000,225.000,475.000,375.000,250.000,350.000,675.000,150.000,350.000,-1,-1,-1,-1,275.000,2,0,2,1,1,0,1,0,1,0,0,0,2,2,2,2,1
49,5517.630,4747.059,-240.689,-92.001,0.006204,0.982642,0.185407,-0.976088,-0.034338,0.214648,0.217288,-0.182306,0.958932,0,0.95143,0.09055,57.086,0.181,-1,600.000,-1,450.000,225.000,500.000,425.000,250.000,325.000,550.000,125.000,325.000,-1,-1,-1,-1,275.000,2,0,2,1,1,0,1,0,1,0,0,0,2,2,2,2,1
50,5515.813,4690.256,-228.612,-91.850,0.012554,0.980605,0.195590,-0.974683,-0.031670,0.221338,0.223240,-0.193417,0.955382,0,0.94714,0.07577,56.828,0.152,-1,625.000,-1,600.000,200.000,525.000,475.000,250.000,300.000,475.000,100.000,300.000,-1,-1,-1,-1,-1,2,0,2,1,1,0,1,0,1,0,0,0,2,2,2,2,2
51,-3607.643,5575.419,373.096,111.155,-0.362279,-0.931055,0.043473,0.931635,-0.360291,0.047396,-0.028465,0.057672,0.997930,1,0.00000,0.00000,56.465,0.120,-1,400.000,-1,400.000,-1,325.000,325.000,300.000,300.000,-1,-1,-1,-1,800.000,850.000,-1,-1,2,0,2,0,2,0,0,0,0,2,2,2,2,0,0,2,2
52,-3609.364,5579.899,372.955,111.016,-0.360025,-0.931930,0.043462,0.932500,-0.358029,0.047528,-0.028732,0.057640,0.997924,0,0.08000,-0.06961,4.800,-0.139,-1,400.000,-1,400.000,-1,325.000,325.000,300.000,300.000,-1,-1,-1,-1,800.000,850.000,-1,-1,2,0,2,0,2,0,0,0,0,2,2,2,2,0,0,2,2
53,-3612.785,5588.869,372.674,110.877,-0.357775,-0.932797,0.043438,0.933354,-0.355763,0.047782,-0.029117,0.057638,0.997913,0,0.16000,-0.06961,9.600,-0.139,-1,400.000,-1,400.000,-1,325.000,325.000,300.000,300.000,-1,-1,-1,-1,800.000,850.000,-1,-1,2,0,2,0,2,0,0,0,0,2,2,2,2,0,0,2,2
54,-3617.884,5602.336,372.252,110.737,-0.355529,-0.933657,0.043398,0.934196,-0.353495,0.048156,-0.029620,0.057663,0.997897,0,0.24000,-0.06961,14.400,-0.139,-1,400.000,-1,400.000,-1,325.000,325.000,300.000,300.000,-1,-1,-1,-1,800.000,850.000,-1,-1,2,0,2,0,2,0,0,0,0,2,2,2,2,0,0,2,2
55,-3624.639,5620.309,371.686,110.598,-0.353286,-0.934511,0.043337,0.935026,-0.351225,0.048650,-0.030243,0.057709,0.997875,0,0.32000,-0.06961,19.200,-0.139,-1,400.000,-1,400.000,-1,325.000,325.000,300.000,300.000,-1,-1,-1,-1,800.000,850.000,-1,-1,2,0,2,0,2,0,0,0,0,2,2,2,2,0,0,2,2
56,-3633.028,5642.795,370.977,110.459,-0.351047,-0.935358,0.043250,0.935845,-0.348952,0.049263,-0.030986,0.057769,0.997849,0,0.40000,-0.06961,24.000,-0.139,-1,400.000,-1,400.000,-1,325.000,325.000,300.000,300.000,-1,-1,-1,-1,800.000,825.000,-1,-1,2,0,2,0,2,0,0,0,0,2,2,2,2,0,0,2,2
57,-3643.029,5669.803,370.121,110.320,-0.348811,-0.936200,0.043132,0.936652,-0.346677,0.049992,-0.031850,0.057837,0.997818,0,0.48000,-0.06961,28.800,-0.139,-1,400.000,-1,400.000,-1,325.000,325.000,300.000,300.000,-1,-1,-1,-1,800.000,825.000,-1,-1,2,0,2,0,2,0,0,0,0,2,2,2,2,0,0,2,2
58,-3654.620,5701.341,369.120,110.180,-0.346579,-0.937036,0.042972,0.937446,-0.344399,0.050835,-0.032835,0.057902,0.997782,0,0.56000,-0.06961,33.600,-0.139,-1,400.000,-1,400.000,-1,325.000,325.000,300.000,300.000,-1,-1,-1,-1,800.000,825.000,-1,-1,2,0,2,0,2,0,0,0,0,2,2,2,2,0,0,2,2
59,-3667.779,5737.416,367.971,110.041,-0.344350,-0.937867,0.042762,0.938228,-0.342121,0.051791,-0.033943,0.057955,0.997742,0,0.64000,-0.06961,38.400,-0.139,-1,400.000,-1,400.000,-1,325.000,325.000,300.000,300.000,-1,-1,-1,-1,800.000,825.000,-1,-1,2,0,2,0,2,0,0,0,0,2,2,2,2,0,0,2,2
60,-3682.485,5778.036,366.673,109.902,-0.342122,-0.938694,0.042490,0.938997,-0.339840,0.052856,-0.035176,0.057982,0.997698,0,0.72000,-0.06961,43.200,-0.139,-1,400.000,-1,400.000,-1,325.000,325.000,300.000,300.000,-1,-1,-1,-1,800.000,825.000,-1,-1,2,0,2,0,2,0,0,0,0,2,2,2,2,0,0,2,2
61,-3698.715,5823.209,365.094,109.763,-0.339897,-0.939491,0.042727,0.939768,-0.337549,0.053828,-0.036148,0.058450,0.997636,0,0.80000,-0.06961,48.000,-0.139,-1,400.000,-1,400.000,-1,325.000,325.000,300.000,300.000,-1,-1,-1,-1,800.000,825.000,-1,-1,2,0,2,0,2,0,0,0,0,2,2,2,2,0,0,2,2
62,-3716.448,5872.942,363.170,109.624,-0.337702,-0.940246,0.043533,0.940513,-0.335243,0.055201,-0.037309,0.059585,0.997526,0,0.88000,-0.06961,52.800,-0.139,-1,400.000,-1,400.000,-1,325.000,325.000,300.000,300.000,-1,-1,-1,-1,800.000,825.000,-1,-1,2,0,2,0,2,0,0,0,0,2,2,2,2,0,0,2,2
63,-3734.716,5924.572,361.088,109.484,-0.335530,-0.940977,0.044516,0.941233,-0.332929,0.056919,-0.038738,0.060998,0.997386,0,0.91278,-0.06961,54.767,-0.139,-1,400.000,-1,400.000,-1,325.000,325.000,300.000,300.000,-1,-1,-1,-1,800.000,825.000,-1,-1,2,0,2,0,2,0,0,0,0,2,2,2,2,0,0,2,2
64,-3752.859,5976.247,358.944,109.345,-0.333349,-0.941711,0.045373,0.941951,-0.330616,0.058488,-0.040078,0.062236,0.997256,0,0.91278,-0.06961,54.767,-0.139,-1,400.000,-1,400.000,-1,325.000,325.000,300.000,300.000,-1,-1,-1,-1,800.000,825.000,-1,-1,2,0,2,0,2,0,0,0,0,2,2,2,2,0,0,2,2
65,-3770.875,6027.965,356.563,109.206,-0.331112,-0.942494,0.045491,0.942700,-0.328321,0.059342,-0.040994,0.062533,0.997201,0,0.91278,-0.06961,54.767,-0.139,-1,400.000,-1,400.000,-1,325.000,325.000,300.000,300.000,-1,-1,-1,-1,800.000,825.000,-1,-1,2,0,2,0,2,0,0,0,0,2,2,2,2,0,0,2,2
66,-3788.766,6079.728,354.060,109.067,-0.328872,-0.943300,0.045038,0.943427,-0.326033,0.060390,-0.042282,0.062350,0.997158,0,0.91278,-0.06961,54.767,-0.139,-1,400.000,-1,400.000,-1,325.000,325.000,300.000,300.000,-1,-1,-1,-1,800.000,825.000,-1,-1,2,0,2,0,2,0,0,0,0,2,2,2,2,0,0,2,2
67,-3806.530,6131.533,351.544,108.928,-0.326629,-0.944102,0.044555,0.944147,-0.323745,0.061442,-0.043583,0.062135,0.997116,0,0.91278,-0.06961,54.767,-0.139,-1,400.000,-1,400.000,-1,325.000,325.000,300.000,300.000,-1,-1,-1,-1,775.000,825.000,-1,-1,2,0,2,0,2,0,0,0,0,2,2,2,2,0,0,2,2
68,-3824.169,6183.382,349.015,108.788,-0.324382,-0.944900,0.044043,0.944860,-0.321455,0.062499,-0.044897,0.061888,0.997073,0,0.91278,-0.06961,54.767,-0.139,-1,400.000,-1,400.000,-1,325.000,325.000,300.000,300.000,-1,-1,-1,-1,775.000,800.000,-1,-1,2,0,2,0,2,0,0,0,0,2,2,2,2,0,0,2,2
69,-3841.681,6235.274,346.473,108.649,-0.322131,-0.945695,0.043503,0.945566,-0.319163,0.063560,-0.046224,0.061609,0.997029,0,0.91278,-0.06961,54.767,-0.139,-1,400.000,-1,400.000,-1,325.000,325.000,300.000,300.000,-1,-1,-1,-1,775.000,800.000,-1,-1,2,0,2,0,2,0,0,0,0,2,2,2,2,0,0,2,2
70,-3857.345,6282.722,344.128,108.270,-0.315909,-0.947815,0.042989,0.947589,-0.312907,0.064535,-0.047716,0.061123,0.996989,0,0.83278,-0.18961,49.967,-0.379,-1,400.000,-1,400.000,-1,325.000,325.000,300.000,300.000,-1,-1,-1,-1,775.000,800.000,-1,-1,2,0,2,0,2,0,0,0,0,2,2,2,2,0,0,2,2
71,-3871.039,6325.763,341.973,107.651,-0.305689,-0.951182,0.042518,0.950851,-0.302658,0.065426,-0.049363,0.060428,0.996951,0,0.75278,-0.30961,45.167,-0.619,-1,400.000,-1,400.000,-1,325.000,325.000,300.000,300.000,-1,-1,-1,-1,775.000,800.000,-1,-1,2,0,2,0,2,0,0,0,0,2,2,2,2,0,0,2,2
72,-3882.700,6364.409,340.007,106.791,-0.291429,-0.955665,0.042104,0.955224,-0.288376,0.066233,-0.051155,0.059521,0.996915,0,0.67278,-0.42961,40.367,-0.859,-1,400.000,-1,400.000,-1,325.000,325.000,300.000,300.000,-1,-1,-1,-1,775.000,800.000,-1,-1,2,0,2,0,2,0,0,0,0,2,2,2,2,0,0,2,2
73,-3892.319,6398.651,338.230,105.692,-0.273076,-0.961086,0.041760,0.960527,-0.270008,0.066958,-0.053077,0.058396,0.996882,0,0.59278,-0.54961,35.567,-1.099,-1,400.000,-1,400.000,-1,325.000,325.000,300.000,300.000,-1,-1,-1,-1,775.000,800.000,-1,-1,2,0,2,0,2,0,0,0,0,2,2,2,2,0,0,2,2
74,-3900.023,6428.438,336.655,104.503,-0.253091,-0.966553,0.041484,0.965880,-0.250014,0.067595,-0.054962,0.057176,0.996850,0,0.51278,-0.59481,30.767,-1.190,-1,400.000,-1,400.000,-1,325.000,325.000,300.000,300.000,-1,-1,-1,-1,775.000,800.000,-1,-1,2,0,2,0,2,0,0,0,0,2,2,2,2,0,0,2,2
75,-3906.001,6453.708,335.293,103.313,-0.232990,-0.971603,0.041274,0.970824,-0.229909,0.068141,-0.056717,0.055946,0.996822,0,0.43278,-0.59481,25.967,-1.190,-1,400.000,-1,400.000,-1,325.000,325.000,300.000,300.000,-1,-1,-1,-1,775.000,800.000,-1,-1,2,0,2,0,2,0,0,0,0,2,2,2,2,0,0,2,2
76,-3910.446,6474.403,334.158,102.123,-0.212783,-0.976233,0.041129,0.975356,-0.209702,0.068594,-0.058339,0.054711,0.996796,0,0.35278,-0.59481,21.167,-1.190,-1,400.000,-1,400.000,-1,325.000,325.000,300.000,300.000,-1,-1,-1,-1,775.000,800.000,-1,-1,2,0,2,0,2,0,0,0,0,2,2,2,2,0,0,2,2
77,-3913.549,6490.473,333.259,100.934,-0.192478,-0.980442,0.041056,0.979476,-0.189401,0.068947,-0.059822,0.053484,0.996775,0,0.27278,-0.59481,16.367,-1.190,-1,400.000,-1,400.000,-1,325.000,325.000,300.000,300.000,-1,-1,-1,-1,775.000,800.000,-1,-1,2,0,2,0,2,0,0,0,0,2,2,2,2,0,0,2,2
78,-3915.506,6501.874,332.609,99.744,-0.172085,-0.984226,0.041050,0.983181,-0.169016,0.069198,-0.061169,0.052268,0.996758,0,0.19278,-0.59481,11.567,-1.190,-1,400.000,-1,400.000,-1,325.000,325.000,300.000,300.000,-1,-1,-1,-1,775.000,800.000,-1,-1,2,0,2,0,2,0,0,0,0,2,2,2,2,0,0,2,2
79,-3916.512,6508.565,332.219,98.554,-0.151612,-0.987585,0.041100,0.986469,-0.148555,0.069351,-0.062385,0.051058,0.996745,0,0.11278,-0.59481,6.767,-1.190,-1,400.000,-1,400.000,-1,325.000,325.000,300.000,300.000,-1,-1,-1,-1,775.000,800.000,-1,-1,2,0,2,0,2,0,0,0,0,2,2,2,2,0,0,2,2
80,-3916.763,6510.516,332.101,97.365,-0.131070,-0.990517,0.041198,0.989339,-0.128027,0.069406,-0.063473,0.049856,0.996737,0,0.03278,-0.59481,1.967,-1.190,-1,400.000,-1,400.000,-1,325.000,325.000,300.000,300.000,-1,-1,-1,-1,775.000,800.000,-1,-1,2,0,2,0,2,0,0,0,0,2,2,2,2,0,0,2,2
81,-3916.458,6507.700,332.265,96.175,-0.110466,-0.993020,0.041341,0.991789,-0.107441,0.069360,-0.064435,0.048664,0.996735,0,-0.04722,-0.59481,-2.833,-1.190,-1,400.000,-1,400.000,-1,325.000,325.000,300.000,300.000,-1,-1,-1,-1,775.000,775.000,-1,-1,2,0,2,0,2,0,0,0,0,2,2,2,2,0,0,2,2
82,-3915.794,6500.096,332.721,94.986,-0.089810,-0.995093,0.041523,0.993818,-0.086807,0.069216,-0.065272,0.047482,0.996737,0,-0.12722,-0.59481,-7.633,-1.190,-1,400.000,-1,400.000,-1,325.000,325.000,300.000,300.000,-1,-1,-1,-1,775.000,775.000,-1,-1,2,0,2,0,2,0,0,0,0,2,2,2,2,0,0,2,2
83,-3914.970,6487.690,333.477,93.796,-0.069111,-0.996736,0.041737,0.995424,-0.066132,0.068973,-0.065988,0.046313,0.996745,0,-0.20722,-0.59481,-12.433,-1.190,-1,400.000,-1,400.000,-1,325.000,325.000,300.000,300.000,-1,-1,-1,-1,800.000,775.000,-1,-1,2,0,2,0,2,0,0,0,0,2,2,2,2,0,0,2,2
84,-3914.205,6470.893,334.518,92.606,-0.048379,-0.997947,0.041974,0.996607,-0.045426,0.068641,-0.066593,0.045153,0.996758,0,-0.28024,-0.59481,-16.814,-1.190,-1,400.000,-1,400.000,-1,325.000,325.000,300.000,300.000,-1,-1,-1,-1,800.000,775.000,-1,-1,2,0,2,0,2,0,0,0,0,2,2,2,2,0,0,2,2
85,-3913.788,6454.084,335.576,91.417,-0.027623,-0.998727,0.042198,0.997359,-0.024699,0.068307,-0.067178,0.043973,0.996772,0,-0.28024,-0.59481,-16.814,-1.190,-1,400.000,-1,400.000,-1,325.000,325.000,300.000,300.000,-1,-1,-1,-1,800.000,775.000,-1,-1,2,0,2,0,2,0,0,0,0,2,2,2,2,0,0,2,2
86,-3913.721,6437.270,336.649,90.227,-0.006854,-0.999077,0.042406,0.997679,-0.003959,0.067973,-0.067742,0.042774,0.996786,0,-0.28024,-0.59481,-16.814,-1.190,-1,400.000,-1,400.000,-1,325.000,325.000,300.000,300.000,-1,-1,-1,-1,800.000,775.000,-1,-1,2,0,2,0,2,0,0,0,0,2,2,2,2,0,0,2,2
87,-3914.003,6420.458,337.739,89.037,0.013920,-0.998995,0.042600,0.997569,0.016785,0.067639,-0.068286,0.041555,0.996800,0,-0.28024,-0.59481,-16.814,-1.190,-1,400.000,-1,400.000,-1,325.000,325.000,300.000,300.000,-1,-1,-1,-1,800.000,775.000,-1,-1,2,0,2,0,2,0,0,0,0,2,2,2,2,0,0,2,2
88,-3914.634,6403.655,338.845,87.848,0.034691,-0.998482,0.042780,0.997027,0.037524,0.067306,-0.068809,0.040318,0.996815,0,-0.28024,-0.59481,-16.814,-1.190,-1,400.000,-1,400.000,-1,325.000,325.000,300.000,300.000,-1,-1,-1,-1,800.000,775.000,-1,-1,2,0,2,0,2,0,0,0,0,2,2,2,2,0,0,2,2
89,-3915.613,6386.870,339.966,86.658,0.055448,-0.997538,0.042944,0.996053,0.058248,0.066974,-0.069311,0.039061,0.996830,0,-0.28024,-0.59481,-16.814,-1.190,-1,400.000,-1,400.000,-1,325.000,325.000,300.000,300.000,-1,-1,-1,-1,800.000,775.000,-1,-1,2,0,2,0,2,0,0,0,0,2,2,2,2,0,0,2,2
90,-3916.941,6370.108,341.101,85.469,0.076183,-0.996162,0.043094,0.994648,0.078950,0.066645,-0.069791,0.037786,0.996846,0,-0.28024,-0.59481,-16.814,-1.190,-1,400.000,-1,400.000,-1,325.000,325.000,300.000,300.000,-1,-1,-1,-1,800.000,775.000,-1,-1,2,0,2,0,2,0,0,0,0,2,2,2,2,0,0,2,2
91,-3918.617,6353.377,342.252,84.279,0.096887,-0.994356,0.043229,0.992813,0.099620,0.066318,-0.070251,0.036493,0.996862,0,-0.28024,-0.59481,-16.814,-1.190,-1,400.000,-1,400.000,-1,325.000,325.000,300.000,300.000,-1,-1,-1,-1,800.000,775.000,-1,-1,2,0,2,0,2,0,0,0,0,2,2,2,2,0,0,2,2
92,-3920.639,6336.685,343.416,83.089,0.117551,-0.992120,0.043349,0.990548,0.120248,0.065996,-0.070688,0.035182,0.996878,0,-0.28024,-0.59481,-16.814,-1.190,-1,400.000,-1,400.000,-1,325.000,325.000,300.000,300.000,-1,-1,-1,-1,800.000,775.000,-1,-1,2,0,2,0,2,0,0,0,0,2,2,2,2,0,0,2,2
93,-3923.008,6320.038,344.594,81.900,0.138166,-0.989455,0.043455,0.987853,0.140826,0.065678,-0.071105,0.033853,0.996894,0,-0.28024,-0.59481,-16.814,-1.190,-1,400.000,-1,400.000,-1,325.000,325.000,300.000,300.000,-1,-1,-1,-1,800.000,775.000,-1,-1,2,0,2,0,2,0,0,0,0,2,2,2,2,0,0,2,2
94,-3925.722,6303.444,345.786,80.710,0.158722,-0.986362,0.043546,0.984731,0.161346,0.065364,-0.071499,0.032506,0.996911,0,-0.28024,-0.59481,-16.814,-1.190,-1,400.000,-1,400.000,-1,325.000,325.000,300.000,300.000,-1,-1,-1,-1,800.000,775.000,-1,-1,2,0,2,0,2,0,0,0,0,2,2,2,2,0,0,2,2
95,-3928.780,6286.910,346.991,79.520,0.179212,-0.982843,0.043623,0.981182,0.181797,0.065057,-0.071871,0.031143,0.996928,0,-0.28024,-0.59481,-16.814,-1.190,-1,400.000,-1,400.000,-1,325.000,325.000,300.000,300.000,-1,-1,-1,-1,800.000,775.000,-1,-1,2,0,2,0,2,0,0,0,0,2,2,2,2,0,0,2,2
96,-3932.180,6270.443,348.208,78.331,0.199627,-0.978898,0.043685,0.977207,0.202172,0.064756,-0.072221,0.029762,0.996944,0,-0.28024,-0.59481,-16.814,-1.190,-1,400.000,-1,400.000,-1,325.000,325.000,300.000,300.000,-1,-1,-1,-1,800.000,775.000,-1,-1,2,0,2,0,2,0,0,0,0,2,2,2,2,0,0,2,2
97,-3934.846,6258.728,349.111,77.180,0.219283,-0.974677,0.043823,0.972951,0.221799,0.064593,-0.072677,0.028473,0.996949,0,-0.20024,-0.57539,-12.014,-1.151,-1,400.000,-1,400.000,-1,325.000,325.000,300.000,300.000,-1,-1,-1,-1,800.000,775.000,-1,-1,2,0,2,0,2,0,0,0,0,2,2,2,2,0,0,2,2
98,-3937.631,6247.532,349.996,76.029,0.238849,-0.970060,0.043992,0.968298,0.241338,0.064458,-0.073145,0.027202,0.996950,0,-0.19230,-0.57539,-11.538,-1.151,-1,400.000,-1,400.000,-1,325.000,325.000,300.000,300.000,-1,-1,-1,-1,800.000,775.000,-1,-1,2,0,2,0,2,0,0,0,0,2,2,2,2,0,0,2,2
99,-3940.641,6236.393,350.889,74.878,0.258319,-0.965050,0.044156,0.963253,0.260781,0.064322,-0.073589,0.025917,0.996952,0,-0.19230,-0.57539,-11.538,-1.151,-1,400.000,-1,400.000,-1,325.000,325.000,300.000,300.000,-1,-1,-1,-1,800.000,775.000,-1,-1,2,0,2,0,2,0,0,0,0,2,2,2,2,0,0,2,2
100,-3943.873,6225.317,351.789,73.728,0.277685,-0.959650,0.044313,0.957817,0.280119,0.064187,-0.074009,0.024620,0.996954,0,-0.19230,-0.57539,-11.538,-1.151,-1,400.000,-1,400.000,-1,325.000,325.000,300.000,300.000,-1,-1,-1,-1,800.000,775.000,-1,-1,2,0,2,0,2,0,0,0,0,2,2,2,2,0,0,2,2
101,-3947.328,6214.309,352.696,72.577,0.296941,-0.953860,0.044464,0.951993,0.299345,0.064051,-0.074406,0.023310,0.996956,0,-0.19230,-0.57539,-11.538,-1.151,-1,400.000,-1,400.000,-1,325.000,325.000,300.000,300.000,-1,-1,-1,-1,800.000,775.000,-1,-1,2,0,2,0,2,0,0,0,0,2,2,2,2,0,0,2,2
102,-3951.002,6203.372,353.610,71.426,0.316077,-0.947684,0.044609,0.945782,0.318451,0.063916,-0.074778,0.021987,0.996958,0,-0.19230,-0.57539,-11.538,-1.151,-1,400.000,-1,400.000,-1,325.000,325.000,300.000,300.000,-1,-1,-1,-1,800.000,775.000,-1,-1,2,0,2,0,2,0,0,0,0,2,2,2,2,0,0,2,2
103,-3954.896,6192.511,354.530,70.275,0.335087,-0.941124,0.044748,0.939187,0.337430,0.063782,-0.075126,0.020654,0.996960,0,-0.19230,-0.57539,-11.538,-1.151,-1,400.000,-1,400.000,-1,325.000,325.000,300.000,300.000,-1,-1,-1,-1,800.000,775.000,-1,-1,2,0,2,0,2,0,0,0,0,2,2,2,2,0,0,2,2
104,-3959.007,6181.730,355.456,69.124,0.353961,-0.934183,0.044880,0.932212,0.356272,0.063649,-0.075450,0.019309,0.996963,0,-0.19230,-0.57539,-11.538,-1.151,-1,400.000,-1,400.000,-1,325.000,325.000,300.000,300.000,-1,-1,-1,-1,800.000,775.000,-1,-1,2,0,2,0,2,0,0,0,0,2,2,2,2,0,0,2,2
105,-3963.334,6171.035,356.388,67.974,0.372694,-0.926862,0.045007,0.924858,0.374972,0.063518,-0.075749,0.017953,0.996965,0,-0.19230,-0.57539,-11.538,-1.151,-1,400.000,-1,400.000,-1,325.000,325.000,300.000,300.000,-1,-1,-1,-1,800.000,775.000,-1,-1,2,0,2,0,2,0,0,0,0,2,2,2,2,0,0,2,2
106,-3967.875,6160.428,357.325,66.823,0.391276,-0.919166,0.045129,0.917128,0.393520,0.063387,-0.076022,0.016587,0.996968,0,-0.19230,-0.57539,-11.538,-1.151,-1,400.000,-1,400.000,-1,325.000,325.000,300.000,300.000,-1,-1,-1,-1,800.000,775.000,-1,-1,2,0,2,0,2,0,0,0,0,2,2,2,2,0,0,2,2
107,-3972.628,6149.914,358.266,65.672,0.409700,-0.911097,0.045244,0.909026,0.411910,0.063258,-0.076271,0.015211,0.996971,0,-0.19230,-0.57539,-11.538,-1.151,-1,400.000,-1,400.000,-1,325.000,325.000,300.000,300.000,-1,-1,-1,-1,800.000,775.000,-1,-1,2,0,2,0,2,0,0,0,0,2,2,2,2,0,0,2,2
108,-3977.591,6139.498,359.213,64.521,0.427960,-0.902659,0.045354,0.900555,0.430134,0.063131,-0.076495,0.013826,0.996974,0,-0.19230,-0.57539,-11.538,-1.151,-1,400.000,-1,400.000,-1,325.000,325.000,300.000,300.000,-1,-1,-1,-1,800.000,775.000,-1,-1,2,0,2,0,2,0,0,0,0,2,2,2,2,0,0,2,2
109,-3982.763,6129.184,360.164,63.371,0.446046,-0.893855,0.045459,0.891718,0.448184,0.063006,-0.076692,0.012433,0.996977,0,-0.19230,-0.57539,-11.538,-1.151,-1,400.000,-1,400.000,-1,325.000,325.000,300.000,300.000,-1,-1,-1,-1,800.000,775.000,-1,-1,2,0,2,0,2,0,0,0,0,2,2,2,2,0,0,2,2
110,-3988.140,6118.976,361.118,62.220,0.463952,-0.884688,0.045558,0.882519,0.466053,0.062883,-0.076865,0.011031,0.996981,0,-0.19230,-0.57539,-11.538,-1.151,-1,400.000,-1,400.000,-1,325.000,325.000,300.000,300.000,-1,-1,-1,-1,800.000,775.000,-1,-1,2,0,2,0,2,0,0,0,0,2,2,2,2,0,0,2,2
111,-3993.722,6108.878,362.077,61.069,0.481671,-0.875162,0.045652,0.872962,0.483734,0.062763,-0.077011,0.009621,0.996984,0,-0.19230,-0.57539,-11.538,-1.151,-1,400.000,-1,400.000,-1,325.000,325.000,300.000,300.000,-1,-1,-1,-1,800.000,775.000,-1,-1,2,0,2,0,2,0,0,0,0,2,2,2,2,0,0,2,2
112,-3999.505,6098.894,363.038,59.918,0.499195,-0.865281,0.045741,0.863050,0.501219,0.062645,-0.077132,0.008205,0.996987,0,-0.19230,-0.57539,-11.538,-1.151,-1,400.000,-1,400.000,-1,325.000,325.000,300.000,300.000,-1,-1,-1,-1,800.000,775.000,-1,-1,2,0,2,0,2,0,0,0,0,2,2,2,2,0,0,2,2
113,-4005.487,6089.029,364.003,58.767,0.516517,-0.855050,0.045825,0.852787,0.518502,0.062529,-0.077226,0.006782,0.996991,0,-0.19230,-0.57539,-11.538,-1.151,-1,400.000,-1,400.000,-1,325.000,325.000,300.000,300.000,-1,-1,-1,-1,800.000,775.000,-1,-1,2,0,2,0,2,0,0,0,0,2,2,2,2,0,0,2,2
114,-4011.667,6079.285,364.937,57.617,0.533618,-0.844470,0.046055,0.842177,0.535574,0.062432,-0.077388,0.005472,0.996986,0,-0.19230,-0.57539,-11.538,-1.151,-1,400.000,-1,400.000,-1,325.000,325.000,300.000,300.000,-1,-1,-1,-1,800.000,775.000,-1,-1,2,0,2,0,2,0,0,0,0,2,2,2,2,0,0,2,2
115,-4018.041,6069.668,365.844,56.466,0.550492,-0.833549,0.046425,0.831225,0.552430,0.062344,-0.077614,0.004270,0.996974,0,-0.19230,-0.57539,-11.538,-1.151,-1,400.000,-1,400.000,-1,325.000,325.000,300.000,300.000,-1,-1,-1,-1,800.000,775.000,-1,-1,2,0,2,0,2,0,0,0,0,2,2,2,2,0,0,2,2
116,-4024.607,6060.180,366.753,55.315,0.567143,-0.822289,0.046790,0.819936,0.569061,0.062247,-0.077811,0.003062,0.996963,0,-0.19230,-0.57539,-11.538,-1.151,-1,400.000,-1,400.000,-1,325.000,325.000,300.000,300.000,-1,-1,-1,-1,800.000,775.000,-1,-1,2,0,2,0,2,0,0,0,0,2,2,2,2,0,0,2,2
117,-4031.362,6050.826,367.663,54.164,0.583564,-0.810697,0.047149,0.808314,0.585463,0.062141,-0.077981,0.001848,0.996953,0,-0.19230,-0.57539,-11.538,-1.151,-1,400.000,-1,400.000,-1,325.000,325.000,300.000,300.000,-1,-1,-1,-1,800.000,750.000,-1,-1,2,0,2,0,2,0,0,0,0,2,2,2,2,0,0,2,2
118,-4038.303,6041.610,368.575,53.013,0.599750,-0.798777,0.047501,0.796365,0.601628,0.062026,-0.078123,0.000628,0.996944,0,-0.19230,-0.57539,-11.538,-1.151,-1,400.000,-1,400.000,-1,325.000,325.000,300.000,300.000,-1,-1,-1,-1,800.000,750.000,-1,-1,2,0,2,0,2,0,0,0,0,2,2,2,2,0,0,2,2
119,-4045.429,6032.535,369.488,51.863,0.615692,-0.786533,0.047848,0.784093,0.617549,0.061903,-0.078237,-0.000596,0.996935,0,-0.19230,-0.57539,-11.538,-1.151,-1,400.000,-1,400.000,-1,325.000,325.000,300.000,300.000,-1,-1,-1,-1,800.000,750.000,-1,-1,2,0,2,0,2,0,0,0,0,2,2,2,2,0,0,2,2
120,-4052.748,6023.588,370.404,50.713,0.631364,-0.773988,0.048188,0.771521,0.633197,0.061771,-0.078322,-0.001822,0.996926,0,-0.19266,-0.57458,-11.560,-1.149,-1,400.000,-1,400.000,-1,325.000,325.000,300.000,300.000,-1,-1,-1,-1,775.000,750.000,-1,-1,2,0,2,0,2,0,0,0,0,2,2,2,2,0,0,2,2
121,-4060.264,6014.768,371.322,49.566,0.646753,-0.761155,0.048521,0.758662,0.648563,0.061630,-0.078379,-0.003048,0.996919,0,-0.19314,-0.57353,-11.588,-1.147,-1,400.000,-1,375.000,-1,325.000,325.000,300.000,300.000,-1,-1,-1,-1,775.000,750.000,-1,-1,2,0,2,0,2,0,0,0,0,2,2,2,2,0,0,2,2
122,-4067.975,6006.076,372.243,48.422,0.661853,-0.748040,0.048848,0.745522,0.663639,0.061481,-0.078408,-0.004275,0.996912,0,-0.19366,-0.57246,-11.619,-1.145,-1,400.000,-1,375.000,-1,325.000,325.000,300.000,300.000,-1,-1,-1,-1,775.000,750.000,-1,-1,2,0,2,0,2,0,0,0,0,2,2,2,2,0,0,2,2
123,-4075.881,5997.516,373.166,47.279,0.676660,-0.734652,0.049167,0.732109,0.678422,0.061325,-0.078408,-0.005501,0.996906,0,-0.19421,-0.57137,-11.652,-1.143,-1,400.000,-1,375.000,-1,325.000,325.000,300.000,300.000,-1,-1,-1,-1,775.000,750.000,-1,-1,2,0,2,0,2,0,0,0,0,2,2,2,2,0,0,2,2
124,-4083.979,5989.089,374.091,46.138,0.691168,-0.720998,0.049478,0.718431,0.692904,0.061161,-0.078380,-0.006726,0.996901,0,-0.19479,-0.57024,-11.687,-1.140,-1,400.000,-1,375.000,-1,325.000,325.000,300.000,300.000,-1,-1,-1,-1,775.000,750.000,-1,-1,2,0,2,0,2,0,0,0,0,2,2,2,2,0,0,2,2
125,-4092.270,5980.799,375.018,45.000,0.705373,-0.707086,0.049782,0.704495,0.707083,0.060989,-0.078324,-0.007949,0.996896,0,-0.19541,-0.56909,-11.725,-1.138,-1,400.000,-1,375.000,-1,325.000,325.000,300.000,300.000,-1,-1,-1,-1,775.000,750.000,-1,-1,2,0,2,0,2,0,0,0,0,2,2,2,2,0,0,2,2
126,-4097.243,5975.980,375.567,44.102,0.716389,-0.695909,0.049974,0.693300,0.718074,0.060863,-0.078241,-0.008955,0.996894,0,-0.11541,-0.44909,-6.925,-0.898,-1,400.000,-1,375.000,-1,325.000,325.000,300.000,300.000,-1,-1,-1,-1,775.000,750.000,-1,-1,2,0,2,0,2,0,0,0,0,2,2,2,2,0,0,2,2
127,-4098.785,5974.519,375.739,43.444,0.724353,-0.687609,0.050060,0.684987,0.726015,0.060787,-0.078142,-0.009741,0.996895,0,-0.03541,-0.32909,-2.125,-0.658,-1,400.000,-1,375.000,-1,325.000,325.000,300.000,300.000,-1,-1,-1,-1,775.000,750.000,-1,-1,2,0,2,0,2,0,0,0,0,2,2,2,2,0,0,2,2
128,-4096.830,5976.344,375.535,43.026,0.729368,-0.682288,0.050043,0.679655,0.731010,0.060764,-0.078040,-0.010307,0.996897,0,0.04459,-0.20909,2.675,-0.418,-1,400.000,-1,375.000,-1,325.000,325.000,300.000,300.000,-1,-1,-1,-1,775.000,750.000,-1,-1,2,0,2,0,2,0,0,0,0,2,2,2,2,0,0,2,2
129,-4091.349,5981.428,374.954,42.847,0.731502,-0.680009,0.049922,0.677370,0.733126,0.060794,-0.077940,-0.010655,0.996901,0,0.12459,-0.08909,7.475,-0.178,-1,400.000,-1,375.000,-1,325.000,325.000,300.000,300.000,-1,-1,-1,-1,775.000,750.000,-1,-1,2,0,2,0,2,0,0,0,0,2,2,2,2,0,0,2,2
130,-4082.358,5989.786,373.998,42.909,0.730782,-0.680799,0.049697,0.678157,0.732391,0.060880,-0.077845,-0.010787,0.996907,0,0.20459,0.03091,12.275,0.062,-1,400.000,-1,375.000,-1,325.000,325.000,300.000,300.000,-1,-1,-1,-1,775.000,750.000,-1,-1,2,0,2,0,2,0,0,0,0,2,2,2,2,0,0,2,2
131,-4069.913,6001.477,372.666,43.211,0.727200,-0.684648,0.049364,0.682007,0.728795,0.061021,-0.077754,-0.010707,0.996915,0,0.28459,0.15091,17.075,0.302,-1,400.000,-1,375.000,-1,325.000,325.000,300.000,300.000,-1,-1,-1,-1,775.000,750.000,-1,-1,2,0,2,0,2,0,0,0,0,2,2,2,2,0,0,2,2
132,-4054.059,6016.549,370.961,43.550,0.723158,-0.688947,0.048932,0.686306,0.724733,0.061197,-0.077625,-0.010673,0.996926,0,0.36459,0.16944,21.875,0.339,-1,400.000,-1,375.000,-1,325.000,325.000,300.000,300.000,-1,-1,-1,-1,775.000,750.000,-1,-1,2,0,2,0,2,0,0,0,0,2,2,2,2,0,0,2,2
133,-4034.833,6035.040,368.884,43.884,0.719154,-0.693163,0.048399,0.690521,0.720701,0.061408,-0.077447,-0.010741,0.996939,0,0.44459,0.16714,26.675,0.334,-1,400.000,-1,375.000,-1,325.000,325.000,300.000,300.000,-1,-1,-1,-1,775.000,750.000,-1,-1,2,0,2,0,2,0,0,0,0,2,2,2,2,0,0,2,2
134,-4012.273,6056.989,366.437,44.215,0.715182,-0.697305,0.047757,0.694660,0.716691,0.061654,-0.077219,-0.010919,0.996954,0,0.52459,0.16518,31.475,0.330,-1,400.000,-1,375.000,-1,325.000,325.000,300.000,300.000,-1,-1,-1,-1,775.000,750.000,-1,-1,2,0,2,0,2,0,0,0,0,2,2,2,2,0,0,2,2
135,-3986.314,6082.327,363.621,44.305,0.714132,-0.698430,0.047026,0.695775,0.715586,0.061923,-0.076901,-0.011502,0.996972,0,0.60459,0.04518,36.275,0.090,-1,400.000,-1,400.000,-1,325.000,325.000,300.000,300.000,-1,-1,-1,-1,775.000,750.000,-1,-1,2,0,2,0,2,0,0,0,0,2,2,2,2,0,0,2,2
