timestep,x_cm,y_cm,z_cm,yaw_deg,basis_xx,basis_xy,basis_xz,basis_yx,basis_yy,basis_yz,basis_zx,basis_zy,basis_zz,teleport_flag,throttle_cmd,steering_cmd,cmd_move_cm,cmd_turn_deg,lidar_cm_0,lidar_cm_1,lidar_cm_2,lidar_cm_3,lidar_cm_4,lidar_cm_5,lidar_cm_6,lidar_cm_7,lidar_cm_8,lidar_cm_9,lidar_cm_10,lidar_cm_11,lidar_cm_12,lidar_cm_13,lidar_cm_14,lidar_cm_15,lidar_cm_16,lidar_class_0,lidar_class_1,lidar_class_2,lidar_class_3,lidar_class_4,lidar_class_5,lidar_class_6,lidar_class_7,lidar_class_8,lidar_class_9,lidar_class_10,lidar_class_11,lidar_class_12,lidar_class_13,lidar_class_14,lidar_class_15,lidar_class_16
0,2956.417,-4262.635,96.831,10.633,0.976524,-0.183612,-0.112635,0.193009,0.978007,0.079055,0.095643,-0.098939,0.990487,1,0.08000,0.12000,4.800,0.240,-1,525.000,925.000,400.000,125.000,450.000,425.000,250.000,275.000,475.000,50.000,275.000,-1,-1,500.000,-1,200.000,2,1,1,1,1,1,1,0,1,0,0,0,2,2,1,2,1
1,2965.836,-4260.784,97.132,11.113,0.974880,-0.191788,-0.113252,0.201224,0.976379,0.078694,0.095484,-0.099506,0.990445,0,0.16000,0.24000,9.600,0.480,-1,525.000,950.000,400.000,125.000,425.000,425.000,250.000,250.000,475.000,50.000,275.000,-1,-1,500.000,-1,200.000,2,1,1,1,1,1,1,0,1,0,0,0,2,2,1,2,1
2,2979.934,-4257.851,97.545,11.746,0.972623,-0.202546,-0.113924,0.212016,0.974136,0.078157,0.095147,-0.100171,0.990410,0,0.24000,0.31642,14.400,0.633,-1,500.000,975.000,400.000,125.000,425.000,400.000,250.000,225.000,475.000,50.000,275.000,-1,-1,500.000,-1,200.000,2,1,1,1,1,1,1,0,1,0,0,0,2,2,1,2,1
3,2998.688,-4253.736,98.097,12.373,0.970273,-0.213180,-0.114565,0.222694,0.971781,0.077772,0.094753,-0.100973,0.990367,0,0.32000,0.31359,19.200,0.627,-1,500.000,-1,400.000,125.000,425.000,400.000,250.000,225.000,475.000,50.000,275.000,-1,-1,475.000,-1,225.000,2,1,2,1,1,1,1,0,1,0,0,0,2,2,1,2,1
4,3022.072,-4248.340,98.706,12.993,0.967870,-0.223672,-0.114881,0.233190,0.969354,0.077304,0.094069,-0.101610,0.990367,0,0.40000,0.31011,24.000,0.620,-1,500.000,-1,400.000,125.000,400.000,375.000,250.000,200.000,475.000,50.000,275.000,-1,-1,475.000,-1,225.000,2,1,2,1,1,1,1,0,1,0,0,0,2,2,1,2,1
5,3050.063,-4241.565,99.273,13.605,0.965467,-0.234009,-0.114512,0.243429,0.966898,0.076492,0.092822,-0.101726,0.990473,0,0.48000,0.30597,28.800,0.612,-1,475.000,-1,375.000,125.000,400.000,375.000,250.000,175.000,500.000,50.000,275.000,-1,-1,450.000,-1,250.000,2,1,2,1,1,1,1,0,1,0,0,0,2,2,1,2,1
6,3082.635,-4233.318,99.684,14.207,0.963119,-0.244180,-0.113036,0.253328,0.964465,0.075042,0.090696,-0.100909,0.990753,0,0.56000,0.30112,33.600,0.602,-1,475.000,-1,350.000,125.000,375.000,350.000,250.000,150.000,500.000,50.000,275.000,-1,-1,425.000,-1,250.000,2,1,2,1,1,1,1,0,1,0,0,0,2,2,1,2,1
7,3119.760,-4223.512,99.808,14.799,0.960888,-0.254174,-0.109956,0.262809,0.962110,0.072634,0.087328,-0.098690,0.991279,0,0.64000,0.29556,38.400,0.591,-1,450.000,-1,325.000,125.000,350.000,325.000,250.000,125.000,525.000,50.000,300.000,-1,-1,400.000,-1,250.000,2,1,2,1,1,1,1,0,1,0,0,0,2,2,1,2,1
8,-327.986,983.927,236.783,35.691,0.812029,-0.581755,0.046574,0.583607,0.809879,-0.059148,-0.003310,0.075211,0.997162,1,0.00000,0.00000,43.200,0.579,-1,400.000,-1,425.000,-1,325.000,350.000,425.000,200.000,-1,-1,-1,-1,800.000,-1,-1,-1,2,0,2,0,2,0,0,1,1,2,2,2,2,0,2,2,2
9,-324.076,986.710,236.591,35.451,0.814449,-0.578366,0.046534,0.580223,0.812320,-0.058964,-0.003698,0.075023,0.997175,0,0.08000,-0.12000,4.800,-0.240,-1,400.000,-1,425.000,-1,325.000,350.000,425.000,200.000,-1,-1,-1,-1,775.000,-1,-1,-1,2,0,2,0,2,0,0,1,1,2,2,2,2,0,2,2,2
10,-316.209,992.214,236.208,34.978,0.819172,-0.571659,0.046511,0.573530,0.817085,-0.058607,-0.004501,0.074684,0.997197,0,0.16000,-0.23636,9.600,-0.473,-1,400.000,-1,425.000,-1,325.000,325.000,400.000,200.000,-1,-1,-1,-1,775.000,-1,-1,-1,2,0,2,0,2,0,0,1,1,2,2,2,2,0,2,2,2
11,-304.342,1000.371,235.596,34.505,0.823817,-0.564891,0.047147,0.566825,0.821773,-0.058297,-0.005813,0.074750,0.997185,0,0.24000,-0.23650,14.400,-0.473,-1,400.000,-1,425.000,-1,325.000,325.000,400.000,200.000,-1,-1,-1,-1,775.000,1000.000,-1,-1,2,0,2,0,2,0,0,1,1,2,2,2,2,0,0,2,2
12,-288.430,1011.116,235.087,34.031,0.828432,-0.558110,0.047043,0.560049,0.826454,-0.057611,-0.006726,0.074073,0.997230,0,0.32000,-0.23671,19.200,-0.473,-1,400.000,-1,425.000,-1,325.000,325.000,375.000,175.000,-1,-1,-1,-1,800.000,-1,-1,-1,2,0,2,0,2,0,0,1,1,2,2,2,2,0,2,2,2
13,-268.429,1024.381,234.585,33.558,0.832999,-0.551294,0.046774,0.553223,0.831101,-0.056708,-0.007611,0.073114,0.997295,0,0.40000,-0.23696,24.000,-0.474,-1,400.000,-1,425.000,-1,325.000,325.000,375.000,175.000,-1,-1,-1,-1,800.000,-1,-1,-1,2,0,2,0,2,0,0,1,1,2,2,2,2,0,2,2,2
14,-244.298,1040.101,234.031,33.083,0.837502,-0.544428,0.046779,0.546364,0.835692,-0.055721,-0.008757,0.072225,0.997350,0,0.48000,-0.23725,28.800,-0.475,-1,400.000,-1,425.000,-1,325.000,325.000,350.000,175.000,-1,-1,-1,-1,800.000,-1,-1,-1,2,0,2,0,2,0,0,1,1,2,2,2,2,0,2,2,2
15,-215.993,1058.207,233.439,32.608,0.841938,-0.537508,0.047184,0.539477,0.840222,-0.054693,-0.010247,0.071502,0.997388,0,0.56000,-0.23755,33.600,-0.475,-1,400.000,-1,425.000,-1,325.000,325.000,325.000,175.000,-1,-1,-1,-1,800.000,-1,-1,-1,2,0,2,0,2,0,0,1,1,2,2,2,2,0,2,2,2
16,-183.474,1078.631,232.930,32.132,0.846286,-0.530546,0.048179,0.532583,0.844704,-0.053202,-0.012471,0.070684,0.997421,0,0.64000,-0.23781,38.400,-0.476,-1,400.000,-1,450.000,-1,325.000,350.000,325.000,200.000,-1,-1,-1,-1,800.000,-1,-1,-1,2,0,2,0,2,0,0,1,1,2,2,2,2,0,2,2,2
17,-146.700,1101.300,233.106,31.656,0.850471,-0.523615,0.050267,0.525740,0.849255,-0.048618,-0.017233,0.067775,0.997552,0,0.72000,-0.23801,43.200,-0.476,-1,400.000,-1,450.000,-1,325.000,350.000,300.000,200.000,-1,-1,-1,-1,775.000,-1,-1,-1,2,0,2,0,2,0,0,1,1,2,2,2,2,0,2,2,2
18,-105.632,1126.150,233.180,31.180,0.854570,-0.516606,0.053182,0.518858,0.853687,-0.044776,-0.022269,0.065859,0.997580,0,0.80000,-0.23810,48.000,-0.476,-1,400.000,-1,450.000,-1,325.000,350.000,275.000,200.000,-1,-1,-1,-1,775.000,1000.000,-1,-1,2,0,2,0,2,0,0,1,1,2,2,2,2,0,0,2,2
19,-63.482,1151.179,233.006,30.704,0.858567,-0.509500,0.057204,0.511965,0.857958,-0.042420,-0.027466,0.065706,0.997461,0,0.81701,-0.23801,49.020,-0.476,-1,400.000,-1,450.000,-1,325.000,350.000,275.000,200.000,-1,-1,-1,-1,750.000,975.000,-1,-1,2,0,2,0,2,0,0,0,1,2,2,2,2,0,0,2,2
20,-21.346,1175.732,232.456,30.229,0.862417,-0.502292,0.062761,0.505117,0.862034,-0.041881,-0.033065,0.067821,0.997149,0,0.81280,-0.23773,48.768,-0.475,-1,400.000,-1,425.000,-1,325.000,350.000,275.000,200.000,-1,-1,-1,-1,750.000,950.000,-1,-1,2,0,2,0,2,0,0,1,1,2,2,2,2,0,0,2,2
21,20.780,1199.815,231.758,29.754,0.866157,-0.495015,0.068793,0.498295,0.865952,-0.042766,-0.038402,0.071321,0.996714,0,0.80872,-0.23725,48.523,-0.474,-1,375.000,-1,425.000,-1,325.000,325.000,-1,200.000,-1,-1,-1,-1,725.000,925.000,-1,-1,2,0,2,0,2,0,0,2,1,2,2,2,2,0,0,2,2
22,62.898,1223.436,230.917,29.281,0.869778,-0.487671,0.075251,0.491524,0.869698,-0.045047,-0.043478,0.076169,0.996147,0,0.80481,-0.23658,48.288,-0.473,-1,375.000,-1,425.000,-1,325.000,325.000,-1,225.000,-1,-1,-1,-1,725.000,875.000,-1,-1,2,0,2,0,2,0,0,2,1,2,2,2,2,0,0,2,2
23,105.014,1246.601,229.340,28.809,0.873484,-0.480356,0.079272,0.484637,0.873423,-0.047533,-0.046405,0.079938,0.995719,0,0.80110,-0.23574,48.066,-0.471,-1,400.000,-1,425.000,-1,325.000,325.000,-1,225.000,-1,-1,-1,-1,725.000,875.000,-1,-1,2,0,2,0,2,0,0,2,1,2,2,2,2,0,0,2,2
24,147.136,1269.322,227.001,28.340,0.877316,-0.473085,0.080668,0.477601,0.877147,-0.050108,-0.047053,0.082488,0.995481,0,0.79764,-0.23473,47.858,-0.469,-1,400.000,-1,425.000,-1,325.000,325.000,-1,225.000,-1,-1,-1,-1,750.000,875.000,-1,-1,2,0,2,0,2,0,0,2,1,2,2,2,2,0,0,2,2
25,189.271,1291.609,224.425,27.873,0.881107,-0.465785,0.081821,0.470573,0.880722,-0.053757,-0.047022,0.085868,0.995196,0,0.79444,-0.23355,47.666,-0.467,-1,400.000,-1,425.000,-1,325.000,350.000,-1,250.000,-1,-1,-1,-1,750.000,875.000,-1,-1,2,0,2,0,2,0,0,2,1,2,2,2,2,0,0,2,2
26,231.430,1313.474,221.315,27.408,0.884802,-0.458511,0.083017,0.463558,0.884238,-0.056903,-0.047316,0.088831,0.994922,0,0.79152,-0.23221,47.491,-0.464,-1,400.000,-1,425.000,-1,325.000,350.000,-1,250.000,-1,-1,-1,-1,775.000,875.000,-1,-1,2,0,2,0,2,0,0,2,1,2,2,2,2,0,0,2,2
27,273.622,1334.927,217.963,26.947,0.888452,-0.451222,0.083971,0.456555,0.887602,-0.060995,-0.047010,0.092529,0.994600,0,0.78888,-0.23073,47.333,-0.461,-1,400.000,-1,425.000,-1,325.000,350.000,-1,250.000,-1,-1,-1,575.000,775.000,850.000,-1,-1,2,0,2,0,2,0,0,2,1,2,2,2,1,0,0,2,2
28,315.860,1355.978,214.970,26.489,0.891954,-0.444015,0.085263,0.449586,0.890992,-0.063289,-0.047867,0.094784,0.994346,0,0.78654,-0.22912,47.192,-0.458,-1,400.000,-1,425.000,-1,325.000,350.000,-1,250.000,-1,-1,-1,475.000,775.000,850.000,-1,-1,2,0,2,0,2,0,0,2,1,2,2,2,1,0,0,2,2
29,358.154,1376.636,212.614,26.034,0.895253,-0.436937,0.087226,0.442664,0.894504,-0.062530,-0.050702,0.094592,0.994224,0,0.78449,-0.22737,47.070,-0.455,-1,400.000,-1,425.000,-1,325.000,350.000,-1,275.000,-1,-1,-1,475.000,775.000,850.000,-1,-1,2,0,2,0,2,0,0,2,1,2,2,2,1,0,0,2,2
30,400.515,1396.916,210.216,25.583,0.898464,-0.429890,0.089202,0.435773,0.897931,-0.061817,-0.053523,0.094413,0.994093,0,0.78273,-0.22550,46.964,-0.451,-1,400.000,-1,425.000,-1,325.000,350.000,-1,275.000,-1,-1,-1,475.000,750.000,825.000,-1,-1,2,0,2,0,2,0,0,2,1,2,2,2,1,0,0,2,2
31,442.952,1416.826,207.776,25.136,0.901587,-0.422878,0.091191,0.428916,0.901272,-0.061149,-0.056329,0.094245,0.993954,0,0.78125,-0.22352,46.875,-0.447,-1,400.000,-1,425.000,-1,325.000,350.000,375.000,300.000,-1,-1,-1,475.000,750.000,825.000,-1,-1,2,0,2,0,2,0,0,1,1,2,2,2,1,0,0,2,2
32,485.476,1436.378,205.294,24.693,0.904620,-0.415905,0.093193,0.422098,0.904527,-0.060526,-0.059123,0.094089,0.993807,0,0.78005,-0.22143,46.803,-0.443,-1,400.000,-1,400.000,-1,325.000,325.000,300.000,300.000,-1,-1,-1,475.000,750.000,825.000,-1,-1,2,0,2,0,2,0,0,1,1,2,2,2,1,0,0,2,2
33,528.097,1455.581,202.697,24.255,0.907578,-0.408966,0.095121,0.415326,0.907673,-0.060273,-0.061690,0.094209,0.993639,0,0.77910,-0.21924,46.746,-0.438,-1,400.000,-1,400.000,-1,325.000,325.000,275.000,300.000,-1,-1,-1,475.000,750.000,800.000,-1,-1,2,0,2,0,2,0,0,0,0,2,2,2,1,0,0,2,2
34,570.822,1474.444,199.808,23.821,0.910496,-0.402041,0.096752,0.408613,0.910654,-0.061193,-0.063505,0.095250,0.993426,0,0.77840,-0.21695,46.704,-0.434,-1,400.000,-1,400.000,-1,325.000,325.000,275.000,300.000,-1,-1,-1,475.000,725.000,800.000,-1,-1,2,0,2,0,2,0,0,0,0,2,2,2,1,0,0,2,2
35,613.663,1492.976,196.922,23.392,0.913346,-0.395175,0.098160,0.401938,0.913562,-0.062060,-0.065150,0.096136,0.993234,0,0.77793,-0.21458,46.676,-0.429,-1,400.000,-1,400.000,-1,325.000,325.000,275.000,300.000,-1,-1,-1,475.000,725.000,775.000,-1,-1,2,0,2,0,2,0,0,0,0,2,2,2,1,0,0,2,2
36,656.626,1511.184,194.021,22.967,0.916125,-0.388369,0.099425,0.395309,0.916391,-0.062910,-0.066680,0.096937,0.993054,0,0.77769,-0.21213,46.661,-0.424,-1,400.000,-1,400.000,-1,325.000,325.000,275.000,300.000,-1,-1,-1,500.000,725.000,775.000,-1,-1,2,0,2,0,2,0,0,0,0,2,2,2,1,0,0,2,2
37,701.631,1529.871,190.939,22.548,0.918814,-0.381619,0.100736,0.388751,0.919128,-0.063855,-0.068221,0.097832,0.992862,0,0.81218,-0.20963,48.731,-0.419,-1,400.000,-1,400.000,-1,325.000,325.000,300.000,300.000,-1,-1,-1,500.000,725.000,750.000,-1,-1,2,0,2,0,2,0,0,0,0,2,2,2,1,0,0,2,2
38,746.654,1548.181,187.845,22.130,0.921432,-0.374865,0.102173,0.382210,0.921791,-0.064929,-0.069843,0.098879,0.992645,0,0.81004,-0.20901,48.603,-0.418,-1,400.000,-1,400.000,-1,325.000,325.000,300.000,300.000,-1,-1,-1,525.000,725.000,750.000,-1,-1,2,0,2,0,2,0,0,0,0,2,2,2,1,0,0,2,2
39,792.403,1566.338,184.362,21.648,0.924539,-0.367101,0.102293,0.374485,0.924927,-0.065351,-0.070623,0.098726,0.992605,0,0.82033,-0.24105,49.220,-0.482,-1,400.000,-1,400.000,-1,325.000,325.000,300.000,300.000,-1,-1,-1,550.000,725.000,750.000,-1,-1,2,0,2,0,2,0,0,0,0,2,2,2,1,0,0,2,2
40,838.197,1584.071,180.854,21.168,0.927574,-0.359336,0.102392,0.366766,0.927976,-0.065905,-0.071335,0.098686,0.992559,0,0.81845,-0.24016,49.107,-0.480,-1,400.000,-1,400.000,-1,325.000,325.000,300.000,300.000,-1,-1,-1,575.000,725.000,725.000,-1,-1,2,0,2,0,2,0,0,0,0,2,2,2,1,0,0,2,2
41,884.038,1601.383,177.297,20.689,0.930530,-0.351578,0.102504,0.359057,0.930945,-0.066478,-0.072053,0.098665,0.992509,0,0.81669,-0.23914,49.001,-0.478,-1,400.000,-1,400.000,-1,325.000,325.000,300.000,300.000,-1,-1,-1,575.000,725.000,725.000,-1,-1,2,0,2,0,2,0,0,0,0,2,2,2,1,0,0,2,2
42,929.931,1618.280,173.692,20.213,0.933407,-0.343831,0.102626,0.351363,0.933834,-0.067070,-0.072775,0.098662,0.992456,0,0.81507,-0.23800,48.904,-0.476,-1,400.000,-1,400.000,-1,325.000,325.000,300.000,300.000,-1,-1,-1,600.000,725.000,700.000,-1,-1,2,0,2,0,2,0,0,0,0,2,2,2,1,0,0,2,2
43,975.878,1634.767,170.040,19.740,0.936203,-0.336102,0.102758,0.343688,0.936642,-0.067679,-0.073501,0.098678,0.992401,0,0.81359,-0.23675,48.815,-0.473,-1,400.000,-1,400.000,-1,325.000,325.000,300.000,300.000,-1,-1,-1,625.000,725.000,700.000,-1,-1,2,0,2,0,2,0,0,0,0,2,2,2,1,0,0,2,2
44,1021.883,1650.850,166.341,19.269,0.938919,-0.328394,0.102897,0.336037,0.939369,-0.068304,-0.074228,0.098709,0.992344,0,0.81225,-0.23538,48.735,-0.471,-1,400.000,-1,400.000,-1,325.000,325.000,300.000,275.000,-1,-1,-1,625.000,725.000,700.000,-1,-1,2,0,2,0,2,0,0,0,0,2,2,2,1,0,0,2,2
45,1067.951,1666.534,162.595,18.801,0.941555,-0.320712,0.103043,0.328414,0.942014,-0.068946,-0.074956,0.098757,0.992285,0,0.81107,-0.23391,48.664,-0.468,-1,400.000,-1,400.000,975.000,325.000,325.000,300.000,275.000,-1,-1,-1,650.000,700.000,675.000,-1,-1,2,0,2,0,1,0,0,0,0,2,2,2,1,0,0,2,2
46,1114.086,1681.824,158.803,18.337,0.944111,-0.313060,0.103193,0.320823,0.944578,-0.069604,-0.075684,0.098820,0.992223,0,0.81003,-0.23233,48.602,-0.465,-1,375.000,-1,375.000,950.000,325.000,325.000,300.000,275.000,-1,-1,-1,675.000,700.000,675.000,-1,-1,2,0,2,0,1,0,0,0,0,2,2,2,1,0,0,2,2
47,1160.292,1696.726,154.966,17.875,0.946586,-0.305443,0.103347,0.313269,0.947061,-0.070276,-0.076410,0.098898,0.992160,0,0.80916,-0.23065,48.549,-0.461,-1,375.000,-1,375.000,900.000,325.000,325.000,300.000,275.000,-1,-1,-1,675.000,700.000,675.000,-1,-1,2,0,2,0,1,0,0,0,0,2,2,2,1,0,0,2,2
48,1206.575,1711.246,151.083,17.418,0.948981,-0.297864,0.103503,0.305755,0.949462,-0.070963,-0.077135,0.098989,0.992095,0,0.80843,-0.22887,48.506,-0.458,-1,375.000,-1,375.000,850.000,300.000,300.000,300.000,275.000,-1,-1,-1,700.000,700.000,650.000,-1,-1,2,0,2,0,1,0,0,0,0,2,2,2,1,0,0,2,2
49,1252.938,1725.388,147.225,16.964,0.951281,-0.290336,0.103779,0.298281,0.951806,-0.071366,-0.078057,0.098844,0.992037,0,0.80786,-0.22700,48.472,-0.454,-1,375.000,-1,375.000,800.000,300.000,300.000,300.000,275.000,-1,-1,-1,725.000,675.000,650.000,-1,1000.000,2,0,2,0,1,0,0,0,0,2,2,2,1,0,0,2,1
50,1294.862,1737.621,144.086,16.270,0.954844,-0.278840,0.102574,0.286605,0.955439,-0.070667,-0.078299,0.096874,0.992212,0,0.72786,-0.34700,43.672,-0.694,-1,375.000,-1,375.000,775.000,300.000,300.000,300.000,275.000,-1,-1,-1,725.000,675.000,650.000,-1,975.000,2,0,2,0,1,0,0,0,0,2,2,2,1,0,0,2,1
51,1332.351,1747.899,141.273,15.336,0.959382,-0.263289,0.101316,0.270861,0.960077,-0.069897,-0.078868,0.094501,0.992396,0,0.64786,-0.46700,38.872,-0.934,-1,375.000,-1,375.000,750.000,300.000,300.000,300.000,275.000,-1,-1,-1,750.000,675.000,650.000,-1,925.000,2,0,2,0,1,0,0,0,0,2,2,2,1,0,0,2,1
52,1365.356,1756.361,138.756,14.384,0.963727,-0.247360,0.100217,0.254759,0.964527,-0.069178,-0.079550,0.092200,0.992558,0,0.56786,-0.47584,34.072,-0.952,-1,375.000,-1,375.000,725.000,300.000,300.000,300.000,275.000,-1,-1,-1,775.000,675.000,650.000,-1,900.000,2,0,2,0,1,0,0,0,0,2,2,2,1,0,0,2,1
53,1393.828,1763.160,136.617,13.435,0.967788,-0.231396,0.099206,0.238658,0.968663,-0.068801,-0.080177,0.090261,0.992686,0,0.48786,-0.47438,29.272,-0.949,-1,375.000,-1,375.000,725.000,300.000,300.000,300.000,300.000,-1,-1,-1,800.000,675.000,650.000,-1,850.000,2,0,2,0,1,0,0,0,0,2,2,2,1,0,0,2,1
54,1417.722,1768.451,134.957,12.489,0.971602,-0.215392,0.097959,0.222559,0.972460,-0.069204,-0.080355,0.089041,0.992781,0,0.40786,-0.47313,24.472,-0.946,-1,375.000,-1,375.000,700.000,300.000,300.000,300.000,300.000,-1,-1,-1,825.000,700.000,650.000,-1,825.000,2,0,2,0,1,0,0,0,0,2,2,2,1,0,0,2,1
55,1436.996,1772.387,133.603,11.545,0.975124,-0.199361,0.096896,0.206444,0.975987,-0.069506,-0.080713,0.087780,0.992865,0,0.32786,-0.47208,19.672,-0.944,-1,375.000,-1,375.000,700.000,300.000,300.000,300.000,300.000,-1,-1,-1,825.000,700.000,650.000,-1,800.000,2,0,2,0,1,0,0,0,0,2,2,2,1,0,0,2,1
56,1451.615,1775.122,132.569,10.602,0.978355,-0.183301,0.096030,0.190311,0.979245,-0.069725,-0.081256,0.086492,0.992933,0,0.24786,-0.47124,14.872,-0.942,-1,375.000,-1,375.000,675.000,300.000,300.000,300.000,300.000,-1,-1,-1,850.000,700.000,650.000,-1,775.000,2,0,2,0,1,0,0,0,0,2,2,2,1,0,0,2,1
57,1461.545,1776.810,131.867,9.661,0.981298,-0.167209,0.095372,0.174161,0.982234,-0.069886,-0.081992,0.085189,0.992986,0,0.16786,-0.47061,10.072,-0.941,-1,375.000,-1,375.000,675.000,300.000,300.000,300.000,300.000,-1,-1,-1,875.000,700.000,650.000,-1,750.000,2,0,2,0,1,0,0,0,0,2,2,2,1,0,0,2,1
58,1466.756,1777.608,131.511,8.721,0.983952,-0.151083,0.094934,0.157992,0.984955,-0.070010,-0.082928,0.083886,0.993019,0,0.08786,-0.47020,5.272,-0.940,-1,375.000,-1,375.000,675.000,300.000,300.000,300.000,300.000,-1,-1,-1,875.000,700.000,650.000,-1,750.000,2,0,2,0,1,0,0,0,0,2,2,2,1,0,1,2,1
59,1467.225,1777.671,131.512,7.781,0.986318,-0.134919,0.094726,0.141803,0.987408,-0.070123,-0.084073,0.082596,0.993031,0,0.00786,-0.46998,0.472,-0.940,-1,375.000,-1,375.000,675.000,300.000,300.000,300.000,300.000,-1,-1,-1,900.000,700.000,625.000,-1,725.000,2,0,2,0,1,0,0,0,0,2,2,2,1,0,1,2,1
60,1462.928,1777.154,131.879,6.841,0.988396,-0.118716,0.094761,0.125594,0.989592,-0.070247,-0.085435,0.081333,0.993018,0,-0.07214,-0.46996,-4.328,-0.940,-1,375.000,-1,375.000,675.000,300.000,300.000,300.000,300.000,-1,-1,-1,925.000,700.000,625.000,-1,725.000,2,0,2,0,1,0,0,0,0,2,2,2,1,0,1,2,1
61,1453.849,1776.214,132.622,5.901,0.990185,-0.102471,0.095046,0.109366,0.991505,-0.070409,-0.087024,0.080113,0.992980,0,-0.15214,-0.47013,-9.128,-0.940,-1,375.000,-1,375.000,700.000,300.000,300.000,300.000,300.000,-1,-1,-1,950.000,700.000,625.000,-1,725.000,2,0,2,0,1,0,0,0,0,2,2,2,1,0,1,2,1
62,1439.974,1775.009,133.750,4.960,0.991683,-0.086183,0.095590,0.093119,0.993146,-0.070634,-0.088848,0.078947,0.992912,0,-0.23214,-0.47046,-13.928,-0.941,-1,375.000,-1,375.000,700.000,300.000,300.000,300.000,300.000,-1,-1,-1,975.000,675.000,625.000,-1,725.000,2,0,2,0,1,0,0,0,0,2,2,2,1,0,1,2,1
63,1421.293,1773.695,135.274,4.018,0.992889,-0.069852,0.096400,0.076855,0.994515,-0.070946,-0.090915,0.077851,0.992811,0,-0.31214,-0.47094,-18.728,-0.942,-1,375.000,-1,375.000,725.000,300.000,300.000,300.000,300.000,-1,-1,-1,1000.000,675.000,625.000,-1,725.000,2,0,2,0,1,0,0,0,0,2,2,2,1,0,1,2,1
64,1397.799,1772.432,137.200,3.075,0.993800,-0.053478,0.097480,0.060576,0.995609,-0.071373,-0.093236,0.076836,0.992675,0,-0.39214,-0.47154,-23.528,-0.943,-1,375.000,-1,375.000,750.000,300.000,300.000,300.000,275.000,-1,-1,-1,-1,675.000,625.000,-1,750.000,2,0,2,0,1,0,0,0,0,2,2,2,2,0,1,2,1
65,1371.231,1771.442,139.396,2.130,0.994423,-0.037063,0.098741,0.044278,0.996428,-0.071914,-0.095723,0.075885,0.992511,0,-0.44312,-0.47224,-26.587,-0.944,-1,375.000,-1,375.000,775.000,300.000,300.000,300.000,275.000,-1,-1,-1,-1,675.000,625.000,-1,750.000,2,0,2,0,1,0,0,0,0,2,2,2,2,0,0,2,1
66,1344.737,1770.893,141.606,1.184,0.994773,-0.020610,0.100011,0.027948,0.996974,-0.072534,-0.098214,0.074950,0.992339,0,-0.44169,-0.47295,-26.501,-0.946,-1,375.000,-1,375.000,800.000,300.000,300.000,300.000,275.000,-1,-1,-1,-1,675.000,625.000,-1,775.000,2,0,2,0,1,0,0,0,0,2,2,2,2,0,0,2,1
67,1318.327,1770.783,143.830,0.237,0.994849,-0.004126,0.101286,0.011592,0.997248,-0.073231,-0.100705,0.074028,0.992158,0,-0.44018,-0.47359,-26.411,-0.947,-1,375.000,-1,350.000,800.000,300.000,300.000,300.000,275.000,-1,-1,-1,-1,675.000,600.000,-1,800.000,2,0,2,0,0,0,0,0,0,2,2,2,2,0,0,2,1
68,1292.013,1771.108,146.515,-0.711,0.994770,0.012380,0.101387,-0.004921,0.997284,-0.073492,-0.102021,0.072608,0.992129,0,-0.43860,-0.47415,-26.316,-0.948,-1,375.000,-1,350.000,825.000,300.000,300.000,300.000,275.000,-1,-1,-1,-1,675.000,625.000,-1,825.000,2,0,2,0,0,0,0,0,0,2,2,2,2,0,0,2,1
69,1265.808,1771.866,149.309,-1.660,0.994426,0.028904,0.101393,-0.021475,0.997056,-0.073602,-0.103222,0.071015,0.992120,0,-0.43695,-0.47463,-26.217,-0.949,-1,375.000,-1,375.000,825.000,300.000,300.000,300.000,275.000,-1,-1,-1,-1,675.000,625.000,-1,850.000,2,0,2,0,0,0,0,0,0,2,2,2,2,0,0,2,1
70,1239.720,1773.054,152.115,-2.611,0.993807,0.045437,0.101409,-0.038037,0.996551,-0.073746,-0.104410,0.069432,0.992108,0,-0.43525,-0.47503,-26.115,-0.950,-1,375.000,-1,375.000,850.000,300.000,300.000,300.000,275.000,-1,-1,-1,-1,675.000,625.000,-1,875.000,2,0,2,0,0,0,0,0,0,2,2,2,2,0,0,2,1
71,1213.760,1774.669,154.933,-3.561,0.992910,0.061972,0.101433,-0.054599,0.995768,-0.073923,-0.105585,0.067860,0.992092,0,-0.43351,-0.47535,-26.010,-0.951,-1,375.000,-1,375.000,875.000,300.000,325.000,300.000,275.000,-1,-1,-1,-1,675.000,625.000,-1,925.000,2,0,2,0,0,0,0,0,0,2,2,2,2,0,0,2,1
72,1187.938,1776.705,157.762,-4.512,0.991737,0.078502,0.101462,-0.071153,0.994707,-0.074129,-0.106744,0.066297,0.992074,0,-0.43172,-0.47559,-25.903,-0.951,-1,375.000,-1,375.000,875.000,325.000,325.000,300.000,275.000,-1,-1,-1,-1,675.000,625.000,-1,950.000,2,0,2,0,0,0,0,0,0,2,2,2,2,0,0,2,1
73,1162.260,1779.160,160.601,-5.464,0.990288,0.095019,0.101495,-0.087693,0.993368,-0.074365,-0.107888,0.064743,0.992053,0,-0.42992,-0.47575,-25.795,-0.952,-1,375.000,-1,375.000,900.000,325.000,325.000,300.000,275.000,-1,-1,-1,-1,675.000,625.000,-1,975.000,2,0,2,0,0,0,0,0,0,2,2,2,2,0,0,2,1
74,1136.735,1782.029,163.449,-6.416,0.988563,0.111516,0.101529,-0.104211,0.991751,-0.074629,-0.109014,0.063195,0.992029,0,-0.42810,-0.47583,-25.686,-0.952,-1,375.000,-1,375.000,925.000,325.000,325.000,300.000,275.000,-1,-1,-1,-1,700.000,625.000,-1,975.000,2,0,2,0,0,0,0,0,0,2,2,2,2,0,0,2,0
75,1111.370,1785.307,166.307,-7.367,0.986562,0.127985,0.101564,-0.120700,0.989858,-0.074919,-0.110122,0.061653,0.992004,0,-0.42628,-0.47584,-25.577,-0.952,-1,375.000,-1,375.000,925.000,325.000,325.000,300.000,275.000,-1,-1,-1,-1,700.000,625.000,-1,1000.000,2,0,2,0,0,0,0,0,0,2,2,2,2,0,0,2,0
76,1086.170,1788.991,169.173,-8.319,0.984287,0.144419,0.101596,-0.137152,0.987689,-0.075233,-0.111211,0.060117,0.991977,0,-0.42447,-0.47576,-25.468,-0.952,-1,400.000,-1,375.000,950.000,325.000,325.000,300.000,300.000,-1,-1,-1,-1,700.000,650.000,-1,1000.000,2,0,2,0,0,0,0,0,0,2,2,2,2,0,0,2,0
77,1061.141,1793.075,172.047,-9.270,0.981739,0.160810,0.101626,-0.153562,0.985245,-0.075571,-0.112279,0.058585,0.991948,0,-0.42267,-0.47561,-25.360,-0.951,-1,400.000,-1,375.000,950.000,325.000,325.000,300.000,300.000,-1,-1,-1,-1,700.000,650.000,-1,-1,2,0,2,0,0,0,0,0,0,2,2,2,2,0,0,2,2
78,1036.288,1797.555,174.929,-10.221,0.978920,0.177152,0.101651,-0.169921,0.982528,-0.075930,-0.113327,0.057057,0.991918,0,-0.42090,-0.47539,-25.254,-0.951,-1,400.000,-1,375.000,975.000,325.000,325.000,300.000,300.000,-1,-1,-1,-1,700.000,650.000,-1,-1,2,0,2,0,0,0,0,0,0,2,2,2,2,0,0,2,2
79,1008.019,1803.014,178.232,-10.932,0.976628,0.189338,0.101727,-0.182095,0.980310,-0.076385,-0.114186,0.056076,0.991876,0,-0.47987,-0.35539,-28.792,-0.711,-1,400.000,-1,375.000,975.000,325.000,325.000,300.000,300.000,-1,-1,-1,-1,700.000,650.000,-1,-1,2,0,2,0,0,0,0,0,0,2,2,2,2,0,0,2,2
80,979.692,1808.835,181.568,-11.614,0.974285,0.201012,0.101800,-0.193755,0.978035,-0.076856,-0.115013,0.055155,0.991832,0,-0.48198,-0.34126,-28.919,-0.683,-1,400.000,-1,375.000,1000.000,325.000,325.000,300.000,300.000,-1,-1,-1,-1,700.000,650.000,-1,-1,2,0,2,0,0,0,0,0,0,2,2,2,2,0,0,2,2
81,956.106,1813.873,184.369,-12.057,0.972685,0.208566,0.101906,-0.201288,0.976482,-0.077235,-0.115618,0.054612,0.991791,0,-0.40198,-0.22126,-24.119,-0.443,-1,400.000,-1,375.000,1000.000,325.000,325.000,300.000,300.000,-1,-1,-1,-1,725.000,650.000,-1,-1,2,0,2,0,0,0,0,0,0,2,2,2,2,0,0,2,2
82,937.228,1817.974,186.648,-12.259,0.971915,0.212019,0.102120,-0.204717,0.975752,-0.077458,-0.116066,0.054377,0.991752,0,-0.32198,-0.10126,-19.319,-0.203,-1,400.000,-1,375.000,-1,325.000,325.000,300.000,300.000,-1,-1,-1,-1,725.000,675.000,-1,-1,2,0,2,0,2,0,0,0,0,2,2,2,2,0,0,2,2
83,923.038,1821.048,188.353,-12.222,0.972039,0.211378,0.102275,-0.204041,0.975877,-0.077662,-0.116223,0.054622,0.991720,0,-0.24198,0.01874,-14.519,0.037,-1,400.000,-1,375.000,-1,325.000,325.000,300.000,300.000,-1,-1,-1,-1,725.000,675.000,-1,-1,2,0,2,0,2,0,0,0,0,2,2,2,2,0,0,2,2
84,913.530,1823.060,189.483,-11.944,0.973046,0.206641,0.102373,-0.199259,0.976850,-0.077844,-0.116089,0.055347,0.991696,0,-0.16198,0.13874,-9.719,0.277,-1,400.000,-1,375.000,-1,325.000,325.000,300.000,300.000,-1,-1,-1,-1,725.000,675.000,-1,-1,2,0,2,0,2,0,0,0,0,2,2,2,2,0,0,2,2
85,908.709,1824.035,190.037,-11.427,0.974878,0.197796,0.102419,-0.190358,0.978610,-0.078008,-0.115658,0.056552,0.991678,0,-0.08198,0.25874,-4.919,0.517,-1,400.000,-1,375.000,-1,325.000,325.000,300.000,300.000,-1,-1,-1,-1,725.000,675.000,-1,-1,2,0,2,0,2,0,0,0,0,2,2,2,2,0,0,2,2
86,908.593,1824.058,190.020,-10.669,0.977420,0.184824,0.102419,-0.177319,0.981045,-0.078161,-0.114924,0.058235,0.991666,0,-0.00198,0.37874,-0.119,0.757,-1,400.000,-1,375.000,-1,325.000,325.000,300.000,300.000,-1,-1,-1,-1,725.000,675.000,-1,-1,2,0,2,0,2,0,0,0,0,2,2,2,2,0,0,2,2
87,913.207,1823.273,189.468,-9.672,0.980497,0.167697,0.102481,-0.160119,0.983994,-0.078219,-0.113958,0.060284,0.991655,0,0.07802,0.49874,4.681,0.997,-1,400.000,-1,375.000,-1,325.000,325.000,300.000,275.000,-1,-1,-1,-1,725.000,675.000,-1,-1,2,0,2,0,2,0,0,0,0,2,2,2,2,0,0,2,2
88,922.586,1821.884,188.394,-8.434,0.983890,0.146385,0.102622,-0.138729,0.987240,-0.078179,-0.112757,0.062683,0.991643,0,0.15802,0.61874,9.481,1.237,-1,400.000,-1,375.000,-1,325.000,325.000,300.000,275.000,-1,-1,-1,-1,725.000,675.000,-1,-1,2,0,2,0,2,0,0,0,0,2,2,2,2,0,0,2,2
89,936.762,1820.156,186.794,-6.957,0.987335,0.120860,0.102778,-0.113116,0.990506,-0.078115,-0.111244,0.065500,0.991632,0,0.23802,0.73874,14.281,1.477,-1,400.000,-1,400.000,-1,325.000,325.000,300.000,275.000,-1,-1,-1,-1,725.000,675.000,-1,-1,2,0,2,0,2,0,0,0,0,2,2,2,2,0,0,2,2
90,955.763,1818.416,184.683,-5.239,0.990505,0.091099,0.102956,-0.083259,0.993467,-0.078047,-0.109393,0.068734,0.991619,0,0.31802,0.85874,19.081,1.717,-1,400.000,-1,400.000,-1,325.000,325.000,300.000,275.000,-1,-1,-1,-1,725.000,675.000,-1,-1,2,0,2,0,2,0,0,0,0,2,2,2,2,0,0,2,2
91,979.605,1817.052,182.083,-3.282,0.993024,0.057096,0.103164,-0.049149,0.995741,-0.078002,-0.107178,0.072387,0.991601,0,0.39802,0.97874,23.881,1.957,-1,400.000,-1,400.000,1000.000,325.000,325.000,300.000,275.000,-1,-1,-1,-1,700.000,675.000,-1,-1,2,0,2,0,0,0,0,0,0,2,2,2,2,0,0,2,2
92,1008.278,1816.414,179.018,-1.282,0.994392,0.022304,0.103381,-0.014252,0.996852,-0.077989,-0.104795,0.076078,0.991580,0,0.47802,1.00000,28.681,2.000,-1,400.000,-1,400.000,975.000,325.000,325.000,300.000,275.000,-1,-1,-1,-1,700.000,675.000,-1,-1,2,0,2,0,0,0,0,0,0,2,2,2,2,0,0,2,2
93,1041.755,1816.838,175.511,0.718,0.994539,-0.012495,0.103612,0.020652,0.996737,-0.078030,-0.102299,0.079743,0.991552,0,0.55802,1.00000,33.481,2.000,-1,400.000,-1,400.000,975.000,325.000,325.000,300.000,275.000,-1,-1,-1,-1,700.000,650.000,-1,-1,2,0,2,0,0,0,0,0,0,2,2,2,2,0,0,2,2
94,1079.992,1818.657,171.584,2.718,0.993467,-0.047259,0.103875,0.055522,0.995394,-0.078151,-0.099704,0.083408,0.991515,0,0.63802,1.00000,38.281,2.000,-1,375.000,-1,375.000,950.000,325.000,325.000,300.000,275.000,-1,-1,-1,-1,700.000,650.000,-1,-1,2,0,2,0,0,0,0,0,0,2,2,2,2,0,0,2,2
95,1122.926,1822.204,167.264,4.718,0.991176,-0.081943,0.104194,0.090319,0.992824,-0.078381,-0.097024,0.087100,0.991464,0,0.71802,1.00000,43.081,2.000,-1,375.000,-1,375.000,925.000,325.000,325.000,300.000,275.000,-1,-1,-1,-1,700.000,650.000,-1,975.000,2,0,2,0,0,0,0,0,0,2,2,2,2,0,0,2,1
96,1170.489,1827.707,162.570,6.594,0.987922,-0.114359,0.104561,0.122851,0.989297,-0.078734,-0.094438,0.090629,0.991397,0,0.79802,0.93784,47.881,1.876,-1,375.000,-1,375.000,900.000,300.000,300.000,300.000,275.000,-1,-1,-1,-1,700.000,650.000,-1,950.000,2,0,2,0,0,0,0,0,0,2,2,2,2,0,0,2,1
97,1221.383,1835.291,157.650,8.471,0.983598,-0.146662,0.104999,0.155279,0.984690,-0.079202,-0.091775,0.094207,0.991313,0,0.85764,0.93878,51.458,1.878,-1,375.000,-1,375.000,875.000,300.000,300.000,300.000,275.000,-1,-1,-1,1000.000,700.000,650.000,-1,925.000,2,0,2,0,1,0,0,0,0,2,2,2,1,0,0,2,1
98,1267.315,1843.484,153.506,10.109,0.979028,-0.174701,0.104801,0.183310,0.979875,-0.079011,-0.088888,0.096565,0.991350,0,0.77764,0.81878,46.658,1.638,-1,375.000,-1,350.000,825.000,300.000,300.000,300.000,275.000,-1,-1,-1,950.000,675.000,625.000,-1,925.000,2,0,2,0,1,0,0,0,0,2,2,2,1,0,0,2,1
99,1309.246,1852.021,150.227,11.507,0.974621,-0.198541,0.103420,0.206903,0.975285,-0.077532,-0.085471,0.096962,0.991611,0,0.71322,0.69878,42.793,1.398,-1,375.000,-1,350.000,800.000,300.000,300.000,300.000,275.000,-1,-1,-1,950.000,675.000,625.000,-1,975.000,2,0,2,0,1,0,0,0,0,2,2,2,1,0,0,2,1
100,1350.896,1861.381,147.096,12.664,0.970590,-0.218207,0.101687,0.226281,0.971094,-0.075985,-0.082167,0.096760,0.991910,0,0.71150,0.57878,42.690,1.158,-1,375.000,-1,350.000,775.000,300.000,300.000,300.000,275.000,-1,-1,-1,925.000,700.000,650.000,-1,-1,2,0,2,0,1,0,0,0,0,2,2,2,1,0,0,2,2
101,1392.315,1871.388,144.041,13.582,0.967152,-0.233736,0.099922,0.241550,0.967500,-0.074815,-0.079188,0.096494,0.992179,0,0.71020,0.45878,42.612,0.918,-1,375.000,-1,350.000,750.000,300.000,300.000,300.000,300.000,-1,-1,-1,925.000,700.000,650.000,-1,-1,2,0,2,0,1,0,0,0,0,2,2,2,1,0,0,2,2
102,1433.560,1881.871,141.214,14.259,0.964546,-0.245152,0.097735,0.252754,0.964635,-0.074803,-0.075941,0.096854,0.992397,0,0.70929,0.33878,42.557,0.678,-1,375.000,-1,375.000,750.000,300.000,300.000,300.000,300.000,-1,-1,-1,925.000,700.000,650.000,-1,-1,2,0,2,0,1,0,0,0,0,2,2,2,1,0,0,2,2
103,1474.692,1892.660,138.391,14.697,0.962862,-0.252508,0.095590,0.259911,0.962720,-0.074942,-0.073103,0.097004,0.992596,0,0.70874,0.21878,42.524,0.438,-1,375.000,-1,375.000,750.000,300.000,300.000,300.000,300.000,-1,-1,-1,925.000,700.000,650.000,-1,-1,2,0,2,0,1,0,0,0,0,2,2,2,1,0,0,2,2
104,1515.774,1903.588,135.557,14.894,0.962193,-0.255827,0.093476,0.263041,0.961850,-0.075194,-0.070673,0.096939,0.992778,0,0.70852,0.09878,42.511,0.198,-1,375.000,-1,375.000,750.000,300.000,300.000,300.000,300.000,-1,-1,-1,925.000,700.000,650.000,-1,-1,2,0,2,0,1,0,0,0,0,2,2,2,1,0,0,2,2
105,1556.868,1914.485,132.696,14.852,0.962581,-0.255122,0.091381,0.262155,0.962066,-0.075524,-0.068647,0.096654,0.992948,0,0.70859,-0.02122,42.515,-0.042,-1,375.000,-1,375.000,750.000,325.000,300.000,300.000,300.000,-1,900.000,875.000,925.000,700.000,650.000,-1,-1,2,0,2,0,1,0,0,0,0,2,0,0,1,0,0,2,2
106,1600.714,1925.881,129.603,14.569,0.964032,-0.250389,0.089154,0.257236,0.963362,-0.075916,-0.066879,0.096119,0.993121,0,0.75503,-0.14122,45.302,-0.282,-1,400.000,-1,375.000,750.000,325.000,300.000,300.000,300.000,-1,775.000,775.000,950.000,725.000,650.000,-1,-1,2,0,2,0,1,0,0,0,0,2,0,0,1,0,0,2,2
107,1644.717,1936.890,126.446,14.047,0.966473,-0.241613,0.086913,0.248277,0.965678,-0.076315,-0.065491,0.095335,0.993289,0,0.75599,-0.26122,45.359,-0.522,-1,400.000,-1,375.000,725.000,325.000,300.000,300.000,275.000,-1,650.000,725.000,950.000,725.000,650.000,-1,-1,2,0,2,0,1,0,0,0,0,2,0,0,1,0,0,2,2
108,1688.898,1947.421,123.221,13.408,0.969302,-0.230840,0.084652,0.237321,0.968401,-0.076674,-0.064278,0.094410,0.993456,0,0.75698,-0.31977,45.419,-0.640,-1,400.000,-1,375.000,725.000,325.000,325.000,300.000,275.000,-1,575.000,650.000,975.000,725.000,650.000,-1,1000.000,2,0,2,0,1,0,0,0,0,2,0,0,1,0,0,2,1
109,1733.253,1957.467,120.020,12.763,0.972008,-0.219964,0.082562,0.226253,0.971052,-0.076593,-0.063324,0.093129,0.993638,0,0.75797,-0.32210,45.478,-0.644,-1,400.000,-1,375.000,700.000,325.000,300.000,300.000,275.000,-1,500.000,575.000,1000.000,725.000,650.000,-1,950.000,2,0,2,0,1,0,0,0,0,2,0,0,1,0,0,2,1
110,1777.773,1967.022,116.825,12.114,0.974597,-0.208980,0.080548,0.215074,0.973614,-0.076287,-0.062480,0.091673,0.993827,0,0.75888,-0.32447,45.533,-0.649,-1,400.000,-1,375.000,700.000,325.000,300.000,300.000,275.000,-1,475.000,550.000,1000.000,725.000,650.000,-1,925.000,2,0,2,0,1,0,0,0,0,2,0,0,1,0,0,2,1
111,1822.448,1976.078,113.579,11.461,0.977077,-0.197883,0.078502,0.203782,0.976063,-0.075981,-0.061588,0.090236,0.994014,0,0.75972,-0.32689,45.583,-0.654,-1,400.000,-1,375.000,675.000,325.000,300.000,300.000,275.000,-1,425.000,500.000,-1,725.000,650.000,-1,875.000,2,0,2,0,1,0,0,0,0,2,0,0,2,0,0,2,1
112,1867.268,1984.628,110.269,10.802,0.979443,-0.186673,0.076455,0.192377,0.978404,-0.075611,-0.060689,0.088765,0.994202,0,0.76048,-0.32937,45.629,-0.659,-1,400.000,975.000,375.000,675.000,325.000,300.000,300.000,275.000,-1,375.000,450.000,-1,725.000,650.000,-1,850.000,2,0,1,0,1,0,0,0,0,2,0,0,2,0,0,2,1
113,1912.224,1992.665,106.904,10.138,0.981690,-0.175349,0.074417,0.180858,0.980633,-0.075156,-0.059797,0.087239,0.994391,0,0.76114,-0.33190,45.668,-0.664,-1,400.000,925.000,375.000,650.000,325.000,300.000,300.000,275.000,-1,350.000,425.000,-1,725.000,650.000,-1,800.000,2,0,1,0,1,0,0,0,0,2,0,0,2,0,0,2,1
114,1957.305,2000.181,104.038,9.469,0.983779,-0.163939,0.072820,0.169162,0.982919,-0.072493,-0.059691,0.083635,0.994707,0,0.76171,-0.33448,45.703,-0.669,-1,400.000,900.000,375.000,650.000,325.000,300.000,300.000,275.000,-1,350.000,425.000,-1,725.000,650.000,-1,775.000,2,0,1,0,1,0,0,0,0,2,0,0,2,0,0,2,1
115,2002.499,2007.170,101.276,8.795,0.985768,-0.152411,0.070933,0.157308,0.985102,-0.069485,-0.059286,0.079655,0.995058,0,0.76218,-0.33712,45.731,-0.674,-1,375.000,850.000,375.000,650.000,325.000,300.000,300.000,275.000,-1,350.000,425.000,-1,725.000,650.000,-1,725.000,2,0,1,0,1,0,0,0,0,2,0,0,2,0,1,2,1
116,2047.795,2013.627,98.936,8.115,0.987598,-0.140738,0.069592,0.145467,0.987001,-0.068318,-0.059072,0.077594,0.995233,0,0.76255,-0.33982,45.753,-0.680,-1,400.000,800.000,375.000,625.000,325.000,300.000,300.000,300.000,-1,375.000,475.000,-1,700.000,625.000,950.000,675.000,2,0,1,0,1,0,0,0,0,2,0,0,2,1,1,1,1
117,2093.179,2019.544,96.611,7.430,0.989315,-0.128944,0.068034,0.133508,0.988750,-0.067440,-0.058572,0.075802,0.995401,0,0.76281,-0.34258,45.768,-0.685,-1,400.000,750.000,375.000,625.000,325.000,300.000,300.000,300.000,-1,400.000,475.000,-1,675.000,575.000,900.000,650.000,2,0,1,0,1,0,0,0,0,2,0,0,2,1,1,1,1
118,2143.373,2025.692,93.993,6.985,0.990404,-0.121273,0.066279,0.125650,0.989849,-0.066416,-0.057552,0.074107,0.995588,0,0.84281,-0.22258,50.568,-0.445,-1,400.000,700.000,375.000,600.000,325.000,300.000,300.000,300.000,-1,425.000,500.000,-1,625.000,550.000,825.000,600.000,2,0,1,0,1,0,0,0,0,2,0,0,2,1,1,1,1
119,2198.354,2032.228,91.090,6.780,0.990958,-0.117742,0.064335,0.121912,0.990392,-0.065271,-0.056032,0.072524,0.995791,0,0.92281,-0.10258,55.368,-0.205,-1,400.000,650.000,375.000,550.000,325.000,300.000,300.000,300.000,-1,450.000,525.000,-1,575.000,500.000,750.000,550.000,2,0,1,0,1,0,0,0,1,2,0,0,2,1,1,1,1
120,2256.764,2039.028,87.974,6.642,0.991369,-0.115375,0.062261,0.119329,0.990787,-0.064042,-0.054299,0.070918,0.996003,0,0.98009,-0.06885,58.805,-0.138,-1,400.000,600.000,375.000,525.000,325.000,300.000,300.000,275.000,-1,475.000,550.000,-1,525.000,475.000,675.000,500.000,2,0,1,0,1,0,0,0,1,2,0,0,2,1,1,1,1
121,2315.113,2045.670,84.830,6.495,0.991788,-0.112842,0.060186,0.116585,0.991193,-0.062797,-0.052570,0.069298,0.996210,0,0.97876,-0.07360,58.725,-0.147,-1,400.000,550.000,350.000,475.000,325.000,325.000,300.000,275.000,-1,500.000,575.000,-1,475.000,425.000,625.000,450.000,2,1,1,1,1,0,0,0,1,2,0,0,2,1,1,1,1
122,2373.380,2052.141,81.657,6.338,0.992216,-0.110141,0.058109,0.113677,0.991610,-0.061537,-0.050844,0.067664,0.996412,0,0.97709,-0.07842,58.625,-0.157,-1,350.000,475.000,325.000,400.000,325.000,300.000,300.000,275.000,-1,500.000,575.000,-1,425.000,375.000,550.000,375.000,2,1,1,1,1,1,1,0,1,2,0,0,2,1,1,1,1
123,2431.546,2058.430,78.459,6.171,0.992650,-0.107269,0.056032,0.110604,0.992036,-0.060260,-0.049121,0.066015,0.996609,0,0.97510,-0.08331,58.506,-0.167,-1,325.000,425.000,275.000,350.000,275.000,275.000,300.000,275.000,-1,525.000,600.000,-1,375.000,325.000,475.000,325.000,2,1,1,1,1,1,1,0,1,2,0,0,2,1,1,1,1
124,2489.594,2064.526,75.252,5.996,0.993084,-0.104239,0.054014,0.107384,0.992464,-0.059028,-0.047454,0.064420,0.996794,0,0.97278,-0.08779,58.367,-0.176,550.000,275.000,375.000,250.000,300.000,250.000,225.000,300.000,275.000,-1,525.000,600.000,-1,325.000,275.000,400.000,275.000,1,1,1,1,1,1,1,0,1,2,0,0,2,1,1,1,1
125,2549.263,2070.812,71.946,6.014,0.993158,-0.104571,0.051974,0.107530,0.992518,-0.057843,-0.045536,0.063036,0.996972,0,1.00000,0.00930,60.000,0.019,450.000,225.000,300.000,200.000,225.000,200.000,200.000,300.000,275.000,-1,475.000,625.000,-1,275.000,250.000,350.000,225.000,1,1,1,1,1,1,1,0,1,2,0,0,2,1,1,1,1
126,2608.931,2077.117,69.736,6.035,0.993364,-0.104957,0.047024,0.107400,0.992811,-0.052835,-0.041141,0.057535,0.997495,0,1.00000,0.01015,60.000,0.020,350.000,200.000,250.000,175.000,175.000,175.000,150.000,300.000,275.000,-1,375.000,525.000,-1,225.000,200.000,275.000,175.000,1,1,1,1,1,1,1,0,1,2,0,0,2,1,1,1,1
127,2668.595,2083.436,77.757,6.057,0.994360,-0.105481,0.011041,0.105728,0.994083,-0.024898,-0.008349,0.025925,0.999629,0,1.00000,0.01110,60.000,0.022,325.000,175.000,250.000,150.000,175.000,150.000,150.000,275.000,300.000,725.000,150.000,275.000,-1,225.000,200.000,250.000,150.000,1,1,1,1,1,1,1,0,1,0,0,0,2,1,1,1,1
128,2728.259,2089.793,91.569,6.081,0.993558,-0.105921,-0.040298,0.105075,0.994208,-0.022575,0.042456,0.018195,0.998933,0,1.00000,0.01216,60.000,0.024,-1,200.000,275.000,175.000,175.000,175.000,150.000,325.000,350.000,525.000,100.000,175.000,-1,225.000,200.000,300.000,175.000,2,1,1,1,1,1,1,0,1,0,0,0,2,1,1,1,1
129,-6231.369,8199.164,340.676,79.967,0.167747,-0.982379,-0.082422,0.982091,0.173800,-0.072732,0.085776,-0.068745,0.993940,1,0.00000,0.00000,60.000,0.027,-1,500.000,-1,300.000,325.000,375.000,300.000,275.000,400.000,-1,775.000,-1,-1,-1,450.000,-1,325.000,2,0,2,1,1,1,1,0,0,2,0,2,2,2,1,2,1
130,-6230.513,8203.887,341.151,79.727,0.171783,-0.981607,-0.083301,0.981361,0.177907,-0.072667,0.086150,-0.069265,0.993871,0,0.08000,-0.12000,4.800,-0.240,-1,500.000,-1,300.000,300.000,375.000,300.000,275.000,400.000,-1,725.000,-1,-1,-1,450.000,-1,325.000,2,0,2,1,1,1,1,0,0,2,0,2,2,2,1,2,1
131,-6228.722,8213.319,342.108,79.247,0.179843,-0.980009,-0.085080,0.979848,0.186110,-0.072533,0.086917,-0.070321,0.993731,0,0.16000,-0.24000,9.600,-0.480,-1,500.000,-1,300.000,300.000,350.000,300.000,275.000,400.000,-1,625.000,-1,-1,-1,450.000,-1,325.000,2,0,2,1,1,1,1,0,0,2,0,2,2,2,1,2,1
132,-6225.914,8227.443,343.558,78.751,0.188059,-0.978231,-0.087736,0.978208,0.194557,-0.072500,0.087992,-0.072190,0.993502,0,0.24000,-0.24788,14.400,-0.496,-1,500.000,-1,300.000,300.000,350.000,300.000,275.000,400.000,-1,475.000,-1,-1,-1,450.000,-1,325.000,2,0,2,1,1,1,1,0,0,2,0,2,2,2,1,2,1
133,-6222.007,8246.242,345.520,78.255,0.196166,-0.976309,-0.091324,0.976486,0.202992,-0.072592,0.089410,-0.074936,0.993172,0,0.32000,-0.24844,19.200,-0.497,-1,500.000,-1,300.000,300.000,350.000,275.000,275.000,400.000,-1,375.000,-1,-1,-1,475.000,-1,300.000,2,0,2,1,1,1,1,0,0,2,0,2,2,2,1,2,1
134,-6216.919,8269.697,348.016,77.756,0.204161,-0.974227,-0.095919,0.974677,0.211425,-0.072824,0.091227,-0.078622,0.992722,0,0.40000,-0.24947,24.000,-0.499,-1,500.000,-1,300.000,275.000,350.000,275.000,275.000,425.000,-1,350.000,-1,-1,-1,500.000,-1,300.000,2,0,2,1,1,1,1,0,0,2,0,2,2,2,1,2,1
135,-6210.568,8297.789,351.076,77.254,0.212037,-0.971964,-0.101616,0.972778,0.219869,-0.073219,0.093508,-0.083325,0.992126,0,0.48000,-0.25101,28.800,-0.502,-1,525.000,-1,300.000,275.000,350.000,275.000,275.000,425.000,-1,300.000,-1,-1,-1,525.000,-1,300.000,2,0,2,1,1,1,1,0,0,2,0,2,2,2,1,2,1
