timestep,x_cm,y_cm,z_cm,yaw_deg,basis_xx,basis_xy,basis_xz,basis_yx,basis_yy,basis_yz,basis_zx,basis_zy,basis_zz,teleport_flag,throttle_cmd,steering_cmd,cmd_move_cm,cmd_turn_deg,lidar_cm_0,lidar_cm_1,lidar_cm_2,lidar_cm_3,lidar_cm_4,lidar_cm_5,lidar_cm_6,lidar_cm_7,lidar_cm_8,lidar_cm_9,lidar_cm_10,lidar_cm_11,lidar_cm_12,lidar_cm_13,lidar_cm_14,lidar_cm_15,lidar_cm_16,lidar_class_0,lidar_class_1,lidar_class_2,lidar_class_3,lidar_class_4,lidar_class_5,lidar_class_6,lidar_class_7,lidar_class_8,lidar_class_9,lidar_class_10,lidar_class_11,lidar_class_12,lidar_class_13,lidar_class_14,lidar_class_15,lidar_class_16
0,-15.583,-16679.965,389.256,159.843,-0.935851,-0.343957,-0.076660,0.336806,-0.937017,0.092519,-0.103654,0.060765,0.992755,0,-0.01063,-0.12000,-0.638,-0.240,-1,1000.000,-1,1000.000,-1,925.000,975.000,225.000,350.000,-1,125.000,75.000,425.000,-1,-1,-1,-1,2,1,2,1,2,1,1,0,1,2,1,1,1,2,2,2,2
1,-15.020,-16680.176,389.450,159.363,-0.932808,-0.351830,-0.078010,0.344646,-0.934197,0.092164,-0.105303,0.059085,0.992683,0,-0.01002,-0.24000,-0.601,-0.480,-1,975.000,-1,1000.000,-1,925.000,975.000,225.000,350.000,-1,150.000,75.000,400.000,-1,-1,-1,-1,2,1,2,1,2,1,1,0,1,2,1,1,1,2,2,2,2
2,-14.525,-16680.368,389.635,158.643,-0.928115,-0.363593,-0.080019,0.356356,-0.929835,0.091749,-0.107764,0.056638,0.992562,0,-0.00886,-0.36000,-0.532,-0.720,-1,975.000,-1,975.000,-1,925.000,975.000,225.000,350.000,-1,150.000,75.000,375.000,-1,-1,-1,-1,2,1,2,1,2,1,1,0,1,2,1,1,1,2,2,2,2
3,-14.126,-16680.528,389.797,157.902,-0.923127,-0.375634,-0.082065,0.368346,-0.925185,0.091401,-0.110258,0.054147,0.992427,0,-0.00717,-0.37033,-0.430,-0.741,-1,975.000,-1,950.000,-1,925.000,975.000,225.000,350.000,-1,150.000,75.000,375.000,-1,-1,-1,-1,2,1,2,1,2,1,1,0,1,2,1,1,1,2,2,2,2
4,-13.825,-16680.653,389.934,157.167,-0.918017,-0.387526,-0.084070,0.380189,-0.920408,0.091133,-0.112695,0.051699,0.992284,0,-0.00546,-0.36763,-0.328,-0.735,-1,975.000,-1,925.000,-1,925.000,975.000,225.000,350.000,-1,150.000,100.000,350.000,-1,-1,-1,-1,2,1,2,1,2,1,1,0,1,2,1,1,1,2,2,2,2
5,-13.616,-16680.743,390.044,156.437,-0.912788,-0.399269,-0.086032,0.391887,-0.915508,0.090942,-0.115073,0.049296,0.992133,0,-0.00379,-0.36498,-0.228,-0.730,-1,975.000,-1,900.000,-1,925.000,975.000,225.000,350.000,-1,150.000,100.000,350.000,-1,-1,-1,-1,2,1,2,1,2,1,1,0,1,2,1,1,1,2,2,2,2
6,-13.497,-16680.795,390.129,155.712,-0.907445,-0.410864,-0.087945,0.403439,-0.910488,0.090828,-0.117391,0.046941,0.991976,0,-0.00217,-0.36237,-0.130,-0.725,-1,975.000,-1,875.000,-1,925.000,975.000,225.000,350.000,-1,175.000,100.000,350.000,-1,-1,-1,-1,2,1,2,1,2,1,1,0,1,2,1,1,1,2,2,2,2
7,-13.465,-16680.809,390.187,154.993,-0.901991,-0.422311,-0.089807,0.414845,-0.905351,0.090790,-0.119649,0.044636,0.991812,0,-0.00059,-0.35980,-0.036,-0.720,-1,975.000,-1,875.000,-1,925.000,975.000,225.000,350.000,-1,175.000,100.000,325.000,-1,-1,-1,-1,2,1,2,1,2,1,1,0,1,2,1,1,1,2,2,2,2
8,-13.517,-16680.783,390.218,154.278,-0.896431,-0.433612,-0.091615,0.426105,-0.900103,0.090827,-0.121846,0.042383,0.991644,0,0.00095,-0.35728,0.057,-0.715,-1,975.000,-1,850.000,-1,925.000,975.000,225.000,350.000,-1,175.000,100.000,325.000,-1,-1,-1,-1,2,1,2,1,2,1,1,0,1,2,1,1,1,2,2,2,2
9,-13.649,-16680.716,390.222,153.569,-0.890767,-0.444766,-0.093363,0.437221,-0.894745,0.090936,-0.123982,0.040183,0.991471,0,0.00245,-0.35480,0.147,-0.710,-1,975.000,-1,825.000,1000.000,925.000,975.000,200.000,350.000,-1,175.000,100.000,325.000,-1,-1,-1,-1,2,1,2,1,1,1,1,0,1,2,1,1,1,2,2,2,2
10,-13.858,-16680.608,390.200,152.864,-0.885005,-0.455775,-0.095051,0.448192,-0.889282,0.091117,-0.126056,0.038038,0.991294,0,0.00392,-0.35236,0.235,-0.705,-1,975.000,-1,800.000,975.000,925.000,975.000,200.000,350.000,-1,200.000,100.000,325.000,-1,-1,-1,-1,2,1,2,1,1,1,1,0,1,2,1,1,1,2,2,2,2
11,6231.356,327.968,-310.556,-8.327,0.989444,0.144796,0.005859,-0.144660,0.989295,-0.019226,-0.008580,0.018175,0.999798,1,0.00000,0.00000,5.035,-0.945,-1,400.000,-1,400.000,-1,325.000,325.000,300.000,300.000,-1,1000.000,-1,-1,850.000,800.000,-1,-1,2,0,2,0,2,0,0,0,0,2,0,2,2,0,0,2,2
12,6236.109,327.293,-310.596,-8.087,0.990042,0.140651,0.005904,-0.140515,0.989893,-0.019180,-0.008542,0.018159,0.999799,0,0.08000,0.12000,4.800,0.240,-1,400.000,-1,400.000,-1,325.000,325.000,300.000,300.000,-1,-1,-1,-1,850.000,800.000,-1,-1,2,0,2,0,2,0,0,0,0,2,2,2,2,0,0,2,2
13,6245.624,326.022,-310.674,-7.607,0.991185,0.132353,0.005991,-0.132218,0.991037,-0.019090,-0.008464,0.018130,0.999800,0,0.16000,0.24000,9.600,0.480,-1,400.000,-1,400.000,-1,325.000,325.000,300.000,300.000,-1,-1,-1,-1,850.000,800.000,-1,-1,2,0,2,0,2,0,0,0,0,2,2,2,2,0,0,2,2
14,6259.920,324.295,-310.788,-6.887,0.992768,0.119889,0.006121,-0.119755,0.992622,-0.018959,-0.008349,0.018089,0.999802,0,0.24000,0.36000,14.400,0.720,-1,400.000,-1,400.000,-1,325.000,325.000,300.000,300.000,-1,-1,-1,-1,850.000,800.000,-1,-1,2,0,2,0,2,0,0,0,0,2,2,2,2,0,0,2,2
15,6279.017,322.312,-310.935,-5.927,0.994636,0.103242,0.006289,-0.103108,0.994493,-0.018792,-0.008195,0.018043,0.999804,0,0.32000,0.48000,19.200,0.960,-1,400.000,-1,400.000,-1,325.000,325.000,300.000,300.000,-1,-1,-1,-1,850.000,800.000,-1,-1,2,0,2,0,2,0,0,0,0,2,2,2,2,0,0,2,2
16,6302.936,320.335,-311.111,-4.727,0.996579,0.082392,0.006495,-0.082259,0.996437,-0.018594,-0.008004,0.017996,0.999806,0,0.40000,0.60000,24.000,1.200,-1,400.000,-1,400.000,-1,325.000,325.000,300.000,300.000,-1,-1,-1,-1,850.000,825.000,-1,-1,2,0,2,0,2,0,0,0,0,2,2,2,2,0,0,2,2
17,6331.687,318.663,-311.310,-3.327,0.998293,0.058023,0.006734,-0.057891,0.998154,-0.018371,-0.007787,0.017950,0.999809,0,0.48000,0.69998,28.800,1.400,-1,400.000,-1,400.000,-1,325.000,325.000,300.000,300.000,-1,-1,-1,-1,850.000,825.000,-1,-1,2,0,2,0,2,0,0,0,0,2,2,2,2,0,0,2,2
18,6365.268,317.532,-311.529,-1.930,0.999408,0.033672,0.007004,-0.033540,0.999273,-0.018139,-0.007610,0.017893,0.999811,0,0.56000,0.69848,33.600,1.397,-1,400.000,-1,400.000,-1,325.000,325.000,300.000,300.000,-1,-1,-1,-1,850.000,825.000,-1,-1,2,0,2,0,2,0,0,0,0,2,2,2,2,0,0,2,2
19,6403.666,317.172,-311.763,-0.536,0.999929,0.009361,0.007307,-0.009229,0.999797,-0.017900,-0.007473,0.017832,0.999813,0,0.64000,0.69675,38.400,1.393,-1,400.000,-1,400.000,-1,325.000,325.000,300.000,300.000,-1,-1,-1,-1,850.000,825.000,-1,-1,2,0,2,0,2,0,0,0,0,2,2,2,2,0,0,2,2
20,6446.862,317.815,-312.008,0.853,0.999860,-0.014885,0.007645,0.015018,0.999731,-0.017659,-0.007380,0.017772,0.999815,0,0.72000,0.69472,43.200,1.389,-1,400.000,-1,400.000,-1,325.000,325.000,300.000,300.000,-1,-1,-1,-1,850.000,850.000,-1,-1,2,0,2,0,2,0,0,0,0,2,2,2,2,0,0,2,2
21,6494.825,319.690,-312.261,2.238,0.999206,-0.039039,0.008021,0.039174,0.999081,-0.017417,-0.007334,0.017717,0.999816,0,0.80000,0.69233,48.000,1.385,-1,425.000,-1,425.000,-1,325.000,325.000,300.000,300.000,-1,-1,-1,-1,850.000,875.000,-1,-1,2,0,2,0,2,0,0,0,0,2,2,2,2,0,0,2,2
22,6547.520,323.020,-312.535,3.617,0.997974,-0.063070,0.008392,0.063208,0.997852,-0.017238,-0.007287,0.017734,0.999816,0,0.88000,0.68949,52.800,1.379,-1,425.000,-1,425.000,-1,325.000,350.000,300.000,300.000,-1,-1,-1,-1,875.000,875.000,-1,-1,2,0,2,0,2,0,0,0,0,2,2,2,2,0,0,2,2
23,6600.803,327.672,-313.317,4.989,0.996164,-0.086945,0.009879,0.087113,0.996033,-0.018133,-0.008263,0.018924,0.999787,0,0.89143,0.68607,53.486,1.372,-1,425.000,-1,425.000,-1,325.000,350.000,300.000,300.000,-1,-1,-1,-1,875.000,900.000,-1,-1,2,0,2,0,2,0,0,0,0,2,2,2,2,0,0,2,2
24,6656.982,333.933,-314.320,6.360,0.993777,-0.110751,0.011902,0.110956,0.993659,-0.018159,-0.009815,0.019367,0.999764,0,0.94212,0.68552,56.527,1.371,-1,425.000,-1,425.000,-1,325.000,325.000,300.000,300.000,-1,-1,-1,-1,875.000,900.000,-1,-1,2,0,2,0,2,0,0,0,0,2,2,2,2,0,0,2,2
25,6708.268,340.677,-315.217,7.491,0.991374,-0.130343,0.013753,0.130581,0.991272,-0.018122,-0.011271,0.019762,0.999741,0,0.86212,0.56552,51.727,1.131,-1,400.000,-1,425.000,-1,325.000,325.000,300.000,300.000,-1,-1,-1,-1,850.000,900.000,-1,-1,2,0,2,0,2,0,0,0,0,2,2,2,2,0,0,2,2
26,6754.678,347.624,-316.016,8.513,0.988867,-0.148002,0.015434,0.148271,0.988782,-0.018052,-0.012589,0.020139,0.999718,0,0.78212,0.51102,46.927,1.022,-1,400.000,-1,400.000,-1,325.000,325.000,300.000,300.000,-1,-1,-1,-1,850.000,900.000,-1,-1,2,0,2,0,2,0,0,0,0,2,2,2,2,0,0,2,2
27,6799.861,355.212,-316.781,9.534,0.986047,-0.165591,0.017074,0.165891,0.985981,-0.017951,-0.013862,0.020533,0.999693,0,0.76359,0.51034,45.815,1.021,-1,400.000,-1,400.000,-1,325.000,325.000,300.000,300.000,-1,-1,-1,-1,850.000,900.000,-1,-1,2,0,2,0,2,0,0,0,0,2,2,2,2,0,0,2,2
28,6844.726,363.570,-317.527,10.552,0.982917,-0.183094,0.018706,0.183425,0.982872,-0.017817,-0.015123,0.020944,0.999666,0,0.76061,0.50939,45.637,1.019,-1,400.000,-1,400.000,-1,325.000,325.000,300.000,300.000,-1,-1,-1,-1,850.000,900.000,-1,-1,2,0,2,0,2,0,0,0,0,2,2,2,2,0,0,2,2
29,6889.262,372.686,-318.254,11.569,0.979483,-0.200497,0.020329,0.200859,0.979461,-0.017650,-0.016373,0.021371,0.999638,0,0.75765,0.50816,45.459,1.016,-1,400.000,-1,425.000,-1,325.000,325.000,300.000,300.000,-1,-1,-1,-1,825.000,900.000,-1,-1,2,0,2,0,2,0,0,0,0,2,2,2,2,0,0,2,2
30,6933.457,382.551,-318.964,12.582,0.975750,-0.217785,0.021942,0.218178,0.975753,-0.017450,-0.017610,0.021814,0.999607,0,0.75472,0.50666,45.283,1.013,-1,400.000,-1,425.000,-1,325.000,325.000,300.000,300.000,-1,-1,-1,-1,825.000,900.000,-1,-1,2,0,2,0,2,0,0,0,0,2,2,2,2,0,0,2,2
31,6977.303,393.151,-319.656,13.592,0.971723,-0.234945,0.023544,0.235370,0.971753,-0.017217,-0.018834,0.022271,0.999575,0,0.75182,0.50490,45.109,1.010,-1,400.000,-1,425.000,-1,325.000,325.000,300.000,300.000,-1,-1,-1,-1,825.000,900.000,-1,-1,2,0,2,0,2,0,0,0,0,2,2,2,2,0,0,2,2
32,7020.790,404.477,-320.330,14.598,0.967410,-0.251963,0.025134,0.252419,0.967470,-0.016950,-0.020046,0.022742,0.999540,0,0.74896,0.50287,44.937,1.006,-1,400.000,-1,425.000,-1,325.000,325.000,300.000,300.000,-1,-1,-1,-1,825.000,925.000,-1,-1,2,0,2,0,2,0,0,0,0,2,2,2,2,0,0,2,2
33,7063.909,416.515,-320.986,15.599,0.962818,-0.268826,0.026712,0.269313,0.962909,-0.016651,-0.021245,0.023226,0.999504,0,0.74613,0.50058,44.768,1.001,-1,400.000,-1,425.000,-1,325.000,325.000,300.000,300.000,-1,-1,-1,-1,800.000,900.000,-1,-1,2,0,2,0,2,0,0,0,0,2,2,2,2,0,0,2,2
34,7106.251,428.945,-321.625,16.360,0.959118,-0.281591,0.028257,0.282110,0.959243,-0.016351,-0.022501,0.023654,0.999467,0,0.73547,0.38058,44.128,0.761,-1,400.000,-1,425.000,-1,325.000,325.000,300.000,300.000,-1,-1,-1,-1,800.000,900.000,-1,-1,2,0,2,0,2,0,0,0,0,2,2,2,2,0,0,2,2
35,7148.269,441.696,-322.417,16.881,0.956481,-0.290298,0.029504,0.290857,0.956620,-0.016766,-0.023357,0.024618,0.999424,0,0.73183,0.26058,43.910,0.521,-1,400.000,-1,425.000,-1,325.000,325.000,300.000,300.000,-1,-1,-1,-1,800.000,900.000,-1,-1,2,0,2,0,2,0,0,0,0,2,2,2,2,0,0,2,2
36,7189.964,454.573,-323.523,17.162,0.954990,-0.294973,0.031378,0.295617,0.955132,-0.018246,-0.024588,0.026701,0.999341,0,0.72732,0.14058,43.639,0.281,-1,400.000,-1,425.000,-1,325.000,325.000,300.000,300.000,-1,-1,-1,-1,800.000,900.000,-1,-1,2,0,2,0,2,0,0,1,0,2,2,2,2,0,0,2,2
37,7231.337,467.417,-324.699,17.246,0.954491,-0.296344,0.033562,0.297092,0.954641,-0.019930,-0.026134,0.028994,0.999238,0,0.72200,0.04170,43.320,0.083,-1,400.000,-1,425.000,-1,325.000,325.000,300.000,300.000,-1,-1,-1,-1,800.000,875.000,-1,-1,2,0,2,0,2,0,0,1,0,2,2,2,2,0,0,2,2
38,7272.355,480.209,-325.821,17.321,0.954036,-0.297578,0.035542,0.298426,0.954191,-0.021474,-0.027524,0.031094,0.999137,0,0.71612,0.03759,42.967,0.075,-1,400.000,-1,425.000,-1,325.000,325.000,300.000,300.000,-1,-1,-1,-1,800.000,875.000,-1,-1,2,0,2,0,2,0,0,1,0,2,2,2,2,0,0,2,2
39,7313.039,492.949,-327.136,17.387,0.953655,-0.298665,0.036612,0.299574,0.953810,-0.022403,-0.028230,0.032333,0.999078,0,0.71053,0.03301,42.632,0.066,-1,400.000,-1,425.000,-1,325.000,325.000,300.000,300.000,-1,-1,-1,-1,800.000,875.000,-1,-1,2,0,2,0,2,0,0,1,0,2,2,2,2,0,0,2,2
40,7353.408,505.633,-328.641,17.443,0.953309,-0.299594,0.038022,0.300546,0.953506,-0.022330,-0.029564,0.032715,0.999027,0,0.70524,0.02800,42.315,0.056,-1,400.000,-1,425.000,-1,325.000,325.000,275.000,275.000,-1,-1,-1,-1,800.000,875.000,-1,-1,2,0,2,0,2,0,0,1,0,2,2,2,2,0,0,2,2
41,7393.483,518.260,-330.133,17.488,0.953017,-0.300341,0.039408,0.301337,0.953258,-0.022248,-0.030884,0.033078,0.998975,0,0.70029,0.02257,42.017,0.045,-1,400.000,-1,425.000,-1,325.000,325.000,275.000,300.000,-1,-1,-1,-1,775.000,850.000,-1,-1,2,0,2,0,2,0,0,1,0,2,2,2,2,0,0,2,2
42,7433.288,530.826,-331.610,17.521,0.952786,-0.300894,0.040767,0.301933,0.953071,-0.022175,-0.032181,0.033437,0.998923,0,0.69568,0.01672,41.741,0.033,-1,400.000,-1,400.000,-1,325.000,325.000,275.000,300.000,-1,-1,-1,-1,775.000,850.000,-1,-1,2,0,2,0,2,0,0,1,0,2,2,2,2,0,0,2,2
43,7472.846,543.331,-333.072,17.542,0.952619,-0.301239,0.042098,0.302321,0.952950,-0.022111,-0.033456,0.033791,0.998869,0,0.69146,0.01047,41.487,0.021,-1,400.000,-1,400.000,-1,325.000,325.000,275.000,300.000,-1,-1,-1,-1,775.000,850.000,-1,-1,2,0,2,0,2,0,0,1,0,2,2,2,2,0,0,2,2
44,7512.183,555.772,-334.521,17.550,0.952521,-0.301363,0.043404,0.302487,0.952898,-0.022058,-0.034712,0.034140,0.998814,0,0.68762,0.00384,41.257,0.008,-1,400.000,-1,400.000,-1,325.000,325.000,275.000,300.000,-1,-1,-1,-1,750.000,850.000,-1,-1,2,0,2,0,2,0,0,1,0,2,2,2,2,0,0,2,2
45,7551.325,568.146,-335.958,17.544,0.952496,-0.301254,0.044686,0.302421,0.952920,-0.022016,-0.035949,0.034484,0.998758,0,0.68419,-0.00316,41.051,-0.006,-1,400.000,-1,400.000,-1,325.000,325.000,275.000,300.000,-1,-1,-1,-1,750.000,825.000,-1,-1,2,0,2,0,2,0,0,1,0,2,2,2,2,0,0,2,2
46,7590.299,580.452,-337.386,17.523,0.952548,-0.300900,0.045945,0.302110,0.953020,-0.021986,-0.037171,0.034823,0.998702,0,0.68118,-0.01053,40.871,-0.021,-1,400.000,-1,400.000,-1,325.000,325.000,275.000,300.000,-1,-1,-1,-1,750.000,825.000,-1,-1,2,0,2,0,2,0,0,1,0,2,2,2,2,0,0,2,2
47,7629.134,592.686,-338.804,17.486,0.952680,-0.300289,0.047183,0.301541,0.953200,-0.021969,-0.038378,0.035157,0.998645,0,0.67860,-0.01826,40.716,-0.037,-1,400.000,-1,400.000,-1,325.000,325.000,300.000,300.000,-1,-1,-1,-1,750.000,825.000,-1,-1,2,0,2,0,2,0,0,1,0,2,2,2,2,0,0,2,2
48,7667.858,604.846,-340.215,17.433,0.952896,-0.299410,0.048402,0.300704,0.953465,-0.021965,-0.039573,0.035485,0.998586,0,0.67647,-0.02633,40.588,-0.053,-1,400.000,-1,400.000,-1,325.000,325.000,300.000,300.000,-1,-1,-1,-1,725.000,825.000,-1,-1,2,0,2,0,2,0,0,1,0,2,2,2,2,0,0,2,2
49,7706.500,616.929,-341.620,17.364,0.953198,-0.298250,0.049603,0.299587,0.953816,-0.021976,-0.040757,0.035808,0.998527,0,0.67478,-0.03474,40.487,-0.069,-1,400.000,-1,400.000,-1,325.000,325.000,300.000,300.000,-1,-1,-1,-1,725.000,800.000,-1,-1,2,0,2,0,2,0,0,0,0,2,2,2,2,0,0,2,2
50,7745.090,628.931,-343.020,17.277,0.953589,-0.296798,0.050787,0.298178,0.954257,-0.022002,-0.041933,0.036124,0.998467,0,0.67355,-0.04349,40.413,-0.087,-1,400.000,-1,400.000,-1,325.000,325.000,300.000,300.000,-1,-1,-1,-1,725.000,800.000,-1,-1,2,0,2,0,2,0,0,0,0,2,2,2,2,0,0,2,2
51,7783.657,640.849,-344.447,17.172,0.954078,-0.295040,0.051829,0.296472,0.954780,-0.022367,-0.042886,0.036706,0.998405,0,0.67278,-0.05257,40.367,-0.105,-1,375.000,-1,400.000,-1,325.000,325.000,300.000,300.000,-1,-1,-1,-1,725.000,800.000,-1,-1,2,0,2,0,2,0,0,0,0,2,2,2,2,0,0,2,2
52,7822.233,652.679,-346.100,17.048,0.954683,-0.292959,0.052500,0.294474,0.955364,-0.023751,-0.043198,0.038135,0.998338,0,0.67249,-0.06197,40.349,-0.124,-1,375.000,-1,400.000,-1,325.000,325.000,300.000,300.000,-1,-1,-1,-1,725.000,800.000,-1,-1,2,0,2,0,2,0,0,0,0,2,2,2,2,0,0,2,2
53,7860.849,664.415,-347.765,16.905,0.955369,-0.290550,0.053392,0.292159,0.956040,-0.025128,-0.043744,0.039605,0.998257,0,0.67266,-0.07169,40.359,-0.143,-1,375.000,-1,400.000,-1,325.000,325.000,300.000,300.000,-1,-1,-1,-1,725.000,775.000,-1,-1,2,0,2,0,2,0,0,0,0,2,2,2,2,0,0,2,2
54,7899.535,676.052,-349.413,16.741,0.956149,-0.287805,0.054291,0.289506,0.956811,-0.026453,-0.044333,0.041010,0.998175,0,0.67331,-0.08174,40.398,-0.163,-1,375.000,-1,400.000,-1,325.000,325.000,300.000,300.000,975.000,-1,-1,-1,725.000,775.000,-1,-1,2,0,2,0,2,0,0,0,0,1,2,2,2,0,0,2,2
55,7938.323,687.584,-351.118,16.557,0.957038,-0.284714,0.054925,0.286491,0.957685,-0.027608,-0.044740,0.042157,0.998109,0,0.67443,-0.09211,40.466,-0.184,-1,375.000,-1,400.000,-1,325.000,325.000,300.000,300.000,925.000,-1,-1,-1,725.000,750.000,-1,-1,2,0,2,0,2,0,0,0,0,1,2,2,2,0,0,2,2
56,7977.244,699.004,-352.980,16.351,0.958054,-0.281269,0.054963,0.283076,0.958680,-0.028282,-0.044738,0.042654,0.998088,0,0.67604,-0.10280,40.562,-0.206,-1,375.000,-1,400.000,-1,325.000,325.000,300.000,300.000,900.000,-1,-1,-1,725.000,750.000,-1,-1,2,0,2,0,2,0,0,0,0,1,2,2,2,0,0,2,2
57,8016.331,710.303,-354.865,16.124,0.959161,-0.277454,0.055045,0.279287,0.959774,-0.028850,-0.044826,0.043045,0.998067,0,0.67813,-0.11381,40.688,-0.228,-1,375.000,-1,400.000,-1,325.000,325.000,300.000,300.000,900.000,-1,-1,-1,725.000,750.000,-1,-1,2,0,2,0,2,0,0,0,0,1,2,2,2,0,0,2,2
58,8055.616,721.474,-356.753,15.873,0.960361,-0.273254,0.055122,0.275114,0.960961,-0.029428,-0.044928,0.043426,0.998046,0,0.68070,-0.12514,40.842,-0.250,-1,375.000,-1,400.000,-1,325.000,325.000,300.000,300.000,900.000,-1,-1,-1,700.000,750.000,-1,-1,2,0,2,0,2,0,0,0,0,1,2,2,2,0,0,2,2
59,8095.130,732.507,-358.646,15.600,0.961653,-0.268658,0.055195,0.270545,0.962239,-0.030016,-0.045047,0.043798,0.998024,0,0.68376,-0.13680,41.026,-0.274,-1,375.000,-1,400.000,-1,325.000,325.000,300.000,300.000,900.000,-1,-1,-1,700.000,750.000,-1,-1,2,0,2,0,2,0,0,0,0,1,2,2,2,0,0,2,2
60,8134.908,743.390,-360.546,15.302,0.963033,-0.263652,0.055266,0.265566,0.963606,-0.030615,-0.045183,0.044160,0.998002,0,0.68732,-0.14880,41.239,-0.298,-1,375.000,-1,400.000,-1,325.000,325.000,300.000,300.000,900.000,-1,-1,-1,700.000,725.000,-1,-1,2,0,2,0,2,0,0,0,0,1,2,2,2,0,0,2,2
61,8174.980,754.113,-362.455,14.980,0.964499,-0.258225,0.055333,0.260166,0.965059,-0.031224,-0.045337,0.044511,0.997980,0,0.69137,-0.16112,41.482,-0.322,-1,375.000,-1,400.000,-1,325.000,325.000,300.000,300.000,925.000,-1,-1,-1,700.000,725.000,-1,-1,2,0,2,0,2,0,0,0,0,1,2,2,2,0,0,2,2
62,8215.380,764.661,-364.376,14.632,0.966046,-0.252362,0.055398,0.254331,0.966593,-0.031843,-0.045511,0.044852,0.997956,0,0.69591,-0.17379,41.755,-0.348,-1,375.000,-1,400.000,-1,325.000,325.000,300.000,300.000,925.000,-1,-1,-1,675.000,725.000,-1,-1,2,0,2,0,2,0,0,0,0,1,2,2,2,0,0,2,2
63,8260.447,776.337,-366.501,14.525,0.966516,-0.250539,0.055465,0.252543,0.967038,-0.032558,-0.045480,0.045475,0.997930,0,0.77591,-0.05379,46.555,-0.108,-1,375.000,-1,400.000,-1,325.000,325.000,300.000,300.000,950.000,-1,-1,-1,675.000,725.000,-1,-1,2,0,2,0,2,0,0,0,0,1,2,2,2,0,0,2,2
64,8310.131,789.332,-368.815,14.657,0.965933,-0.252763,0.055529,0.254808,0.966416,-0.033370,-0.045230,0.046382,0.997899,0,0.85591,0.06621,51.355,0.132,-1,375.000,-1,400.000,-1,325.000,325.000,300.000,300.000,1000.000,-1,-1,-1,675.000,700.000,-1,-1,2,0,2,0,2,0,0,0,0,1,2,2,2,0,0,2,2
65,8362.451,803.381,-371.213,15.030,0.964270,-0.259025,0.055581,0.261115,0.964700,-0.034252,-0.044747,0.047541,0.997867,0,0.90289,0.18621,54.174,0.372,-1,375.000,-1,375.000,-1,325.000,325.000,300.000,300.000,-1,-1,-1,-1,675.000,700.000,-1,-1,2,0,2,0,2,0,0,0,0,2,2,2,2,0,0,2,2
66,8414.822,817.868,-373.557,15.462,0.962285,-0.266281,0.055689,0.268421,0.962658,-0.035209,-0.044234,0.048829,0.997827,0,0.90563,0.21617,54.338,0.432,-1,375.000,-1,375.000,-1,300.000,325.000,300.000,300.000,-1,-1,-1,-1,650.000,700.000,-1,-1,2,0,2,0,2,0,0,0,0,2,2,2,2,0,0,2,2
67,8467.259,832.788,-375.896,15.882,0.960311,-0.273307,0.055740,0.275504,0.960611,-0.036380,-0.043601,0.050292,0.997782,0,0.90864,0.20989,54.518,0.420,-1,375.000,-1,375.000,-1,300.000,300.000,300.000,300.000,-1,-1,-1,-1,650.000,675.000,-1,-1,2,0,2,0,2,0,0,0,0,2,2,2,2,0,0,2,2
68,8519.773,848.134,-377.929,16.289,0.958416,-0.280117,0.054523,0.282277,0.958623,-0.036909,-0.041928,0.050765,0.997830,0,0.91185,0.20351,54.711,0.407,-1,375.000,-1,375.000,-1,300.000,300.000,300.000,300.000,-1,-1,-1,-1,650.000,675.000,-1,-1,2,0,2,0,2,0,0,0,0,2,2,2,2,0,0,2,2
69,8572.376,863.898,-379.867,16.683,0.956549,-0.286699,0.053085,0.288804,0.956660,-0.037333,-0.040080,0.051042,0.997892,0,0.91525,0.19702,54.915,0.394,-1,375.000,-1,375.000,-1,300.000,300.000,300.000,325.000,-1,-1,-1,-1,650.000,675.000,-1,-1,2,0,2,0,2,0,0,0,0,2,2,2,2,0,0,2,2
70,8625.078,880.075,-381.795,17.064,0.954711,-0.293049,0.051466,0.295087,0.954725,-0.037738,-0.038076,0.051216,0.997961,0,0.91882,0.19042,55.129,0.381,-1,375.000,-1,375.000,-1,300.000,300.000,300.000,325.000,-1,-1,-1,-1,650.000,650.000,-1,-1,2,0,2,0,2,0,0,0,0,2,2,2,2,0,0,2,2
71,8677.890,896.658,-383.415,17.431,0.952934,-0.299145,0.049277,0.301135,0.952762,-0.039525,-0.035126,0.052503,0.998003,0,0.92257,0.18372,55.354,0.367,-1,375.000,-1,375.000,-1,300.000,300.000,300.000,325.000,-1,-1,-1,-1,650.000,650.000,-1,-1,2,0,2,0,2,0,0,0,0,2,2,2,2,0,0,2,2
72,8730.822,913.639,-384.995,17.785,0.951186,-0.305002,0.047108,0.306937,0.950831,-0.041366,-0.032175,0.053806,0.998033,0,0.92649,0.17691,55.589,0.354,-1,375.000,-1,375.000,-1,300.000,300.000,300.000,325.000,-1,900.000,775.000,-1,650.000,650.000,-1,-1,2,0,2,0,2,0,0,0,0,2,0,0,2,0,0,2,2
73,8783.885,931.009,-386.534,18.125,0.949471,-0.310617,0.044959,0.312490,0.948935,-0.043261,-0.029225,0.055125,0.998052,0,0.93057,0.17001,55.834,0.340,-1,375.000,-1,375.000,-1,300.000,300.000,300.000,300.000,-1,775.000,650.000,-1,650.000,625.000,-1,1000.000,2,0,2,0,2,0,0,0,0,2,0,0,2,0,0,2,0
74,8833.262,947.268,-387.930,18.225,0.949026,-0.312253,0.042981,0.314066,0.948331,-0.045062,-0.026690,0.056264,0.998059,0,0.86642,0.05001,51.985,0.100,-1,375.000,-1,375.000,1000.000,300.000,325.000,300.000,300.000,-1,675.000,575.000,-1,650.000,625.000,-1,975.000,2,0,2,0,0,0,0,0,0,2,0,0,2,0,0,2,0
75,8882.909,963.482,-389.308,18.085,0.949879,-0.309917,0.041005,0.311665,0.949035,-0.046882,-0.024386,0.057312,0.998058,0,0.87045,-0.06999,52.227,-0.140,-1,375.000,-1,375.000,975.000,300.000,325.000,300.000,300.000,-1,600.000,500.000,-1,625.000,625.000,-1,950.000,2,0,2,0,0,0,0,0,0,2,0,0,2,0,0,2,0
76,8932.901,979.442,-390.679,17.705,0.952001,-0.303600,0.039016,0.305281,0.951016,-0.048697,-0.022321,0.058270,0.998051,0,0.87464,-0.18999,52.478,-0.380,-1,375.000,-1,375.000,950.000,300.000,325.000,325.000,300.000,-1,525.000,450.000,-1,625.000,600.000,-1,925.000,2,0,2,0,0,0,0,0,0,2,0,0,2,0,0,2,0
77,8983.314,994.938,-392.059,17.085,0.955311,-0.293276,0.037003,0.294890,0.954197,-0.050481,-0.020503,0.059137,0.998039,0,0.87902,-0.30999,52.741,-0.620,-1,375.000,-1,375.000,925.000,300.000,300.000,325.000,300.000,-1,500.000,425.000,-1,625.000,600.000,-1,900.000,2,0,2,0,0,0,0,0,0,2,0,0,2,0,0,2,0
78,9034.221,1009.753,-393.460,16.225,0.959681,-0.278909,0.034952,0.280452,0.958447,-0.052209,-0.018938,0.059907,0.998024,0,0.88364,-0.42999,53.018,-0.860,-1,375.000,-1,350.000,900.000,300.000,300.000,325.000,300.000,-1,475.000,400.000,-1,600.000,600.000,-1,875.000,2,0,2,0,0,0,0,0,0,2,0,0,2,0,0,2,0
79,9085.447,1023.599,-394.892,15.125,0.964928,-0.260448,0.032864,0.261920,0.963586,-0.053843,-0.017644,0.060563,0.998008,0,0.88440,-0.54999,53.064,-1.100,-1,350.000,-1,350.000,850.000,300.000,300.000,300.000,300.000,-1,450.000,375.000,-1,600.000,575.000,1000.000,825.000,2,0,2,0,0,0,0,0,0,2,0,0,2,0,0,0,0
80,9136.983,1036.243,-396.167,13.785,0.970804,-0.237847,0.031132,0.239257,0.969426,-0.054489,-0.017221,0.060347,0.998029,0,0.88440,-0.66999,53.064,-1.340,-1,350.000,-1,350.000,825.000,300.000,300.000,300.000,300.000,-1,450.000,400.000,-1,575.000,575.000,950.000,800.000,2,0,2,0,0,0,0,0,0,2,0,0,2,0,0,0,0
81,9188.848,1047.460,-396.578,12.205,0.977110,-0.211074,0.026531,0.212213,0.975833,-0.052109,-0.014891,0.056546,0.998289,0,0.88440,-0.78999,53.064,-1.580,-1,350.000,-1,350.000,850.000,300.000,300.000,300.000,300.000,-1,425.000,375.000,-1,575.000,575.000,925.000,800.000,2,0,2,0,0,0,0,0,0,2,0,0,2,0,0,0,0
82,9241.044,1057.023,-396.941,10.385,0.983405,-0.180009,0.022621,0.180942,0.982225,-0.049946,-0.013229,0.053211,0.998496,0,0.88440,-0.90999,53.064,-1.820,975.000,350.000,-1,350.000,850.000,275.000,275.000,300.000,325.000,-1,425.000,400.000,-1,575.000,575.000,875.000,825.000,0,0,2,0,0,0,0,0,0,2,0,0,2,0,0,0,0
83,9293.541,1064.763,-396.302,8.385,0.989189,-0.145612,0.017380,0.146334,0.987852,-0.052304,-0.009553,0.054282,0.998480,0,0.88440,-1.00000,53.064,-2.000,1000.000,350.000,-1,350.000,875.000,300.000,300.000,300.000,325.000,-1,400.000,375.000,-1,575.000,600.000,875.000,825.000,0,0,2,0,0,0,0,0,0,2,0,0,2,0,0,0,0
84,9346.276,1070.665,-395.760,6.385,0.993743,-0.111042,0.012056,0.111536,0.992278,-0.054256,-0.005938,0.055262,0.998454,0,0.88440,-1.00000,53.064,-2.000,1000.000,350.000,-1,350.000,900.000,300.000,300.000,300.000,325.000,-1,375.000,375.000,-1,600.000,600.000,900.000,850.000,0,0,2,0,0,0,0,0,0,2,0,0,2,0,0,0,0
85,9394.399,1074.357,-395.355,4.385,0.997056,-0.076340,0.007155,0.076621,0.995503,-0.055706,-0.002870,0.056090,0.998422,0,0.80440,-1.00000,48.264,-2.000,-1,350.000,-1,350.000,925.000,300.000,300.000,325.000,325.000,-1,375.000,375.000,-1,600.000,600.000,925.000,875.000,2,0,2,0,0,0,0,0,0,2,0,0,2,0,0,0,0
86,9437.826,1076.166,-395.075,2.385,0.999133,-0.041550,0.002703,0.041636,0.997522,-0.056707,-0.000340,0.056770,0.998387,0,0.72440,-1.00000,43.464,-2.000,-1,350.000,-1,350.000,975.000,300.000,300.000,325.000,325.000,-1,375.000,350.000,-1,600.000,600.000,925.000,900.000,2,0,2,0,0,0,0,0,0,2,0,0,2,0,0,0,0
87,9478.720,1076.442,-394.895,0.385,0.999976,-0.006711,-0.001501,0.006614,0.998333,-0.057339,0.001883,0.057327,0.998354,0,0.68157,-1.00000,40.894,-2.000,-1,350.000,-1,375.000,1000.000,300.000,300.000,325.000,325.000,-1,350.000,350.000,-1,600.000,600.000,950.000,925.000,2,0,2,0,0,0,0,0,0,2,0,0,2,0,0,0,0
88,9519.598,1075.290,-394.802,-1.615,0.999588,0.028133,-0.005694,-0.028415,0.997933,-0.057646,0.004060,0.057784,0.998321,0,0.68157,-1.00000,40.894,-2.000,-1,375.000,-1,375.000,-1,300.000,300.000,325.000,325.000,-1,350.000,325.000,-1,600.000,600.000,950.000,950.000,2,0,2,0,2,0,0,0,0,2,0,0,2,0,0,0,0
89,9560.411,1072.712,-394.797,-3.615,0.997969,0.062942,-0.009855,-0.063408,0.996323,-0.057628,0.006192,0.058135,0.998290,0,0.68157,-1.00000,40.894,-2.000,-1,375.000,-1,375.000,-1,300.000,300.000,325.000,325.000,-1,325.000,300.000,-1,600.000,625.000,975.000,1000.000,2,0,2,0,2,0,0,0,0,2,0,0,2,0,0,0,0
90,9601.110,1068.712,-394.882,-5.615,0.995121,0.097674,-0.013965,-0.098319,0.993505,-0.057285,0.008279,0.058378,0.998260,0,0.68157,-1.00000,40.894,-2.000,-1,350.000,-1,375.000,-1,300.000,300.000,300.000,325.000,-1,300.000,275.000,-1,600.000,625.000,975.000,-1,2,0,2,0,2,0,0,0,0,2,0,0,2,0,0,0,2
91,9641.644,1063.293,-395.058,-7.615,0.991048,0.132286,-0.018003,-0.133106,0.989483,-0.056619,0.010324,0.058509,0.998234,0,0.68157,-1.00000,40.894,-2.000,-1,350.000,-1,375.000,-1,300.000,300.000,300.000,325.000,-1,275.000,250.000,-1,600.000,625.000,1000.000,-1,2,0,2,0,2,0,0,0,0,2,0,0,2,0,0,0,2
92,9681.965,1056.463,-395.327,-9.615,0.985757,0.166738,-0.021950,-0.167724,0.984263,-0.055634,0.012328,0.058523,0.998210,0,0.68157,-1.00000,40.894,-2.000,-1,350.000,-1,375.000,-1,300.000,300.000,300.000,325.000,-1,250.000,225.000,-1,600.000,625.000,1000.000,-1,2,0,2,0,2,0,0,0,0,2,0,0,2,0,0,0,2
93,9722.022,1048.230,-395.690,-11.615,0.979254,0.200988,-0.025784,-0.202130,0.977850,-0.054332,0.014293,0.058417,0.998190,0,0.68157,-1.00000,40.894,-2.000,-1,350.000,-1,375.000,-1,300.000,300.000,300.000,325.000,-1,225.000,225.000,-1,600.000,625.000,-1,-1,2,0,2,0,2,0,0,0,0,2,0,0,2,0,0,2,2
94,9761.768,1038.604,-396.100,-13.615,0.971553,0.234992,-0.029382,-0.236276,0.970242,-0.052944,0.016066,0.058380,0.998165,0,0.68157,-1.00000,40.894,-2.000,-1,350.000,-1,375.000,-1,300.000,300.000,300.000,325.000,-1,225.000,200.000,-1,600.000,625.000,-1,-1,2,0,2,0,2,0,0,0,0,2,0,0,2,0,0,2,2
95,9801.154,1027.599,-395.708,-15.615,0.962696,0.268654,-0.032267,-0.270100,0.961249,-0.055191,0.016190,0.061848,0.997954,0,0.68157,-1.00000,40.894,-2.000,-1,350.000,-1,375.000,-1,300.000,300.000,300.000,300.000,-1,250.000,225.000,-1,625.000,625.000,-1,-1,2,0,2,0,2,0,0,0,0,2,0,0,2,0,0,2,2
96,9840.133,1015.227,-395.162,-17.615,0.952629,0.301953,-0.036370,-0.303654,0.951021,-0.057912,0.017102,0.066213,0.997659,0,0.68157,-1.00000,40.894,-2.000,-1,350.000,-1,375.000,-1,300.000,300.000,300.000,300.000,-1,275.000,225.000,1000.000,625.000,625.000,-1,-1,2,0,2,0,2,0,0,0,0,2,0,0,0,0,0,2,2
97,9878.656,1001.502,-394.717,-19.615,0.941392,0.334862,-0.040608,-0.336836,0.939632,-0.060281,0.017970,0.070426,0.997355,0,0.68157,-1.00000,40.894,-2.000,-1,350.000,-1,375.000,-1,300.000,300.000,300.000,300.000,-1,275.000,250.000,950.000,625.000,650.000,-1,-1,2,0,2,0,2,0,0,0,0,2,0,0,0,0,0,2,2
98,9916.676,986.440,-394.056,-21.615,0.929048,0.367374,-0.043660,-0.369527,0.927179,-0.061554,0.017867,0.073320,0.997148,0,0.68157,-1.00000,40.894,-2.000,-1,350.000,-1,375.000,1000.000,300.000,300.000,325.000,300.000,-1,300.000,275.000,950.000,625.000,650.000,-1,-1,2,0,2,0,0,0,0,0,0,2,0,0,0,0,0,2,2
99,9954.147,970.060,-393.213,-23.615,0.915618,0.399458,-0.045569,-0.401693,0.913677,-0.061939,0.016894,0.075017,0.997039,0,0.68157,-1.00000,40.894,-2.000,-1,350.000,-1,350.000,975.000,300.000,300.000,300.000,300.000,-1,350.000,300.000,950.000,625.000,650.000,-1,-1,2,0,2,0,0,0,0,0,0,2,0,0,0,0,0,2,2
100,9991.024,952.381,-392.340,-25.615,0.901063,0.431067,-0.047609,-0.433382,0.899109,-0.061511,0.016290,0.076058,0.996970,0,0.68157,-1.00000,40.894,-2.000,-1,350.000,-1,375.000,975.000,300.000,300.000,300.000,300.000,-1,400.000,325.000,975.000,625.000,650.000,-1,-1,2,0,2,0,0,0,0,0,0,2,0,0,0,0,0,2,2
101,10027.261,933.425,-391.423,-27.615,0.885396,0.462171,-0.049711,-0.464558,0.883495,-0.060190,0.016102,0.076386,0.996948,0,0.68157,-1.00000,40.894,-2.000,-1,350.000,-1,375.000,975.000,300.000,300.000,300.000,300.000,-1,425.000,350.000,975.000,625.000,625.000,-1,-1,2,0,2,0,0,0,0,0,0,2,0,0,0,0,0,2,2
102,10062.814,913.216,-390.623,-29.615,0.868655,0.492715,-0.051670,-0.495163,0.866813,-0.058718,0.015857,0.076590,0.996937,0,0.68157,-1.00000,40.894,-2.000,-1,350.000,-1,375.000,1000.000,300.000,300.000,300.000,300.000,-1,450.000,400.000,1000.000,650.000,625.000,-1,-1,2,0,2,0,0,0,0,0,0,2,0,0,0,0,0,2,2
103,10097.640,891.779,-389.815,-31.615,0.850834,0.522643,-0.054096,-0.525192,0.849051,-0.057329,0.015968,0.077188,0.996889,0,0.68157,-1.00000,40.894,-2.000,-1,375.000,-1,375.000,1000.000,300.000,300.000,300.000,300.000,-1,475.000,425.000,1000.000,650.000,625.000,-1,-1,2,0,2,0,0,0,0,0,0,2,0,0,0,0,0,2,2
104,10131.697,869.140,-389.109,-33.615,0.831976,0.551932,-0.056453,-0.554579,0.830258,-0.055795,0.016076,0.077728,0.996845,0,0.68157,-1.00000,40.894,-2.000,-1,375.000,-1,375.000,1000.000,300.000,300.000,300.000,300.000,-1,500.000,450.000,1000.000,650.000,625.000,-1,-1,2,0,2,0,0,0,0,0,0,2,0,0,0,0,0,2,2
105,10164.943,845.325,-388.521,-35.615,0.812107,0.580552,-0.058665,-0.583286,0.810463,-0.054101,0.016138,0.078154,0.996811,0,0.68157,-1.00000,40.894,-2.000,-1,375.000,-1,375.000,1000.000,300.000,300.000,300.000,300.000,-1,500.000,475.000,-1,650.000,625.000,-1,-1,2,0,2,0,0,0,0,0,0,2,0,0,2,0,0,2,2
106,10197.338,820.365,-388.051,-37.615,0.791252,0.608468,-0.060721,-0.611277,0.789689,-0.052257,0.016154,0.078466,0.996786,0,0.68157,-1.00000,40.894,-2.000,-1,375.000,-1,375.000,975.000,300.000,300.000,300.000,300.000,-1,450.000,425.000,-1,650.000,625.000,-1,-1,2,0,2,0,0,0,0,0,0,2,0,0,2,0,0,2,2
107,10228.842,794.289,-387.701,-39.615,0.769436,0.635648,-0.062612,-0.638520,0.767961,-0.050277,0.016125,0.078664,0.996771,0,0.68157,-1.00000,40.894,-2.000,-1,375.000,-1,375.000,975.000,300.000,300.000,300.000,300.000,-1,425.000,400.000,-1,675.000,625.000,-1,-1,2,0,2,0,0,0,0,0,0,2,0,0,2,0,0,2,2
108,10259.417,767.131,-387.139,-41.615,0.746742,0.661987,-0.064410,-0.664945,0.745226,-0.049872,0.014985,0.080071,0.996677,0,0.68157,-1.00000,40.894,-2.000,-1,375.000,-1,375.000,950.000,300.000,300.000,300.000,300.000,-1,425.000,400.000,-1,675.000,625.000,-1,-1,2,0,2,0,0,0,0,0,0,2,0,0,2,0,0,2,2
109,10289.026,738.922,-386.575,-43.615,0.723168,0.687492,-0.066196,-0.690542,0.721564,-0.049976,0.013406,0.081852,0.996554,0,0.68157,-1.00000,40.894,-2.000,-1,375.000,-1,350.000,900.000,300.000,300.000,300.000,300.000,-1,450.000,425.000,-1,675.000,625.000,-1,1000.000,2,0,2,0,0,0,0,0,0,2,0,0,2,0,0,2,0
110,10317.632,709.696,-385.838,-45.615,0.698672,0.712224,-0.067781,-0.715329,0.697100,-0.048537,0.012681,0.082398,0.996519,0,0.68157,-1.00000,40.894,-2.000,-1,375.000,-1,350.000,900.000,325.000,300.000,300.000,300.000,-1,450.000,425.000,-1,675.000,625.000,-1,975.000,2,0,2,0,0,0,0,0,0,2,0,0,2,0,0,2,0
111,10345.200,679.489,-385.094,-47.615,0.673308,0.736123,-0.069132,-0.739259,0.671823,-0.046364,0.012315,0.082324,0.996530,0,0.68157,-1.00000,40.894,-2.000,-1,375.000,-1,350.000,900.000,300.000,300.000,300.000,300.000,-1,450.000,425.000,-1,675.000,625.000,-1,975.000,2,0,2,0,0,0,0,0,0,2,0,0,2,0,0,2,0
112,10371.697,648.339,-384.473,-49.615,0.647128,0.759134,-0.070290,-0.762288,0.645735,-0.044076,0.011929,0.082104,0.996552,0,0.68157,-1.00000,40.894,-2.000,-1,375.000,-1,350.000,875.000,300.000,300.000,300.000,300.000,-1,475.000,425.000,-1,675.000,625.000,-1,950.000,2,0,2,0,0,0,0,0,0,2,0,0,2,0,0,2,0
113,10397.091,616.283,-383.974,-51.615,0.620162,0.781231,-0.071246,-0.784389,0.618867,-0.041688,0.011524,0.081738,0.996587,0,0.68157,-1.00000,40.894,-2.000,-1,375.000,-1,350.000,875.000,300.000,300.000,300.000,300.000,-1,475.000,425.000,-1,675.000,625.000,-1,950.000,2,0,2,0,0,0,0,0,0,2,0,0,2,0,0,2,0
114,10424.351,579.609,-383.502,-53.375,0.595759,0.799908,-0.072238,-0.803075,0.594609,-0.038858,0.011871,0.081163,0.996630,0,0.76157,-0.88000,45.694,-1.760,-1,375.000,-1,350.000,875.000,300.000,300.000,300.000,300.000,-1,475.000,425.000,-1,675.000,625.000,-1,950.000,2,0,2,0,0,0,0,0,0,2,0,0,2,0,0,2,0
115,10452.570,539.381,-382.964,-54.951,0.573410,0.815973,-0.073405,-0.819174,0.572400,-0.036229,0.012455,0.080906,0.996644,0,0.81896,-0.78786,49.137,-1.576,-1,375.000,-1,350.000,875.000,300.000,300.000,300.000,300.000,-1,475.000,425.000,-1,675.000,625.000,-1,925.000,2,0,2,0,0,0,0,0,0,2,0,0,2,0,0,2,0
116,10479.673,498.393,-382.485,-56.526,0.550641,0.831414,-0.074464,-0.834643,0.549752,-0.033804,0.012832,0.080765,0.996651,0,0.81896,-0.78786,49.137,-1.576,-1,375.000,-1,350.000,875.000,300.000,300.000,300.000,300.000,-1,475.000,450.000,-1,675.000,625.000,-1,925.000,2,0,2,0,0,0,0,0,0,2,0,0,2,0,0,2,0
117,10505.638,456.675,-382.070,-58.102,0.527444,0.846220,-0.075594,-0.849485,0.526684,-0.031289,0.013337,0.080719,0.996648,0,0.81896,-0.78786,49.137,-1.576,-1,375.000,-1,350.000,850.000,300.000,300.000,300.000,300.000,-1,500.000,450.000,-1,675.000,625.000,-1,925.000,2,0,2,0,0,0,0,0,0,2,0,0,2,0,0,2,0
118,10530.449,414.259,-381.249,-59.678,0.503692,0.860244,-0.079218,-0.863744,0.503134,-0.028312,0.015502,0.082685,0.996455,0,0.81896,-0.78786,49.137,-1.576,-1,375.000,-1,375.000,850.000,300.000,300.000,300.000,300.000,-1,450.000,450.000,-1,675.000,625.000,-1,925.000,2,0,2,0,0,0,0,0,0,2,0,0,2,0,0,2,0
119,10554.083,371.177,-380.315,-61.253,0.479616,0.873679,-0.081567,-0.877314,0.479248,-0.025322,0.016968,0.083704,0.996346,0,0.81896,-0.78786,49.137,-1.576,-1,375.000,-1,375.000,850.000,300.000,300.000,300.000,300.000,-1,425.000,450.000,-1,700.000,625.000,-1,925.000,2,0,2,0,0,0,0,0,0,2,0,0,2,0,0,2,0
120,10576.522,327.462,-379.387,-62.829,0.455210,0.886489,-0.083189,-0.890200,0.455023,-0.022306,0.018079,0.084209,0.996284,0,0.81896,-0.78786,49.137,-1.576,-1,375.000,-1,375.000,850.000,300.000,300.000,300.000,300.000,-1,400.000,450.000,-1,700.000,625.000,-1,925.000,2,0,2,0,0,0,0,0,0,2,0,0,2,0,0,2,0
121,10597.751,283.145,-378.582,-64.405,0.430459,0.898634,-0.084628,-0.902406,0.430458,-0.019193,0.019182,0.084630,0.996228,0,0.81896,-0.78786,49.137,-1.576,-1,375.000,-1,375.000,850.000,325.000,300.000,300.000,300.000,-1,350.000,400.000,-1,700.000,600.000,-1,950.000,2,0,2,0,0,0,0,0,0,2,0,0,2,0,0,2,0
122,10617.754,238.261,-377.901,-65.981,0.405381,0.910105,-0.085880,-0.913923,0.405573,-0.015990,0.020278,0.084969,0.996177,0,0.81896,-0.78786,49.137,-1.576,-1,375.000,-1,375.000,850.000,325.000,300.000,325.000,300.000,-1,325.000,350.000,-1,700.000,600.000,-1,950.000,2,0,2,0,0,0,0,0,0,2,0,0,2,0,0,2,0
123,10636.514,192.845,-377.343,-67.556,0.379997,0.920893,-0.086941,-0.924741,0.380385,-0.012705,0.021371,0.085226,0.996132,0,0.81896,-0.78786,49.137,-1.576,-1,375.000,-1,350.000,875.000,325.000,300.000,325.000,300.000,-1,275.000,325.000,-1,700.000,600.000,-1,925.000,2,0,2,0,0,0,0,0,0,2,0,0,2,0,0,2,0
124,10654.018,146.929,-376.908,-69.132,0.354325,0.930990,-0.087810,-0.934852,0.354913,-0.009347,0.022463,0.085401,0.996093,0,0.81896,-0.78786,49.137,-1.576,-1,375.000,-1,350.000,850.000,325.000,300.000,325.000,300.000,-1,250.000,275.000,-1,675.000,600.000,-1,925.000,2,0,2,0,0,0,0,0,0,2,0,0,2,0,0,2,0
125,10670.253,100.550,-376.507,-70.708,0.328415,0.940416,-0.088094,-0.944246,0.329185,-0.006061,0.023299,0.085173,0.996094,0,0.81896,-0.78786,49.137,-1.576,-1,375.000,-1,350.000,850.000,300.000,300.000,325.000,300.000,-1,250.000,275.000,-1,675.000,600.000,-1,925.000,2,0,2,0,0,0,0,0,0,2,0,0,2,0,0,2,0
126,10685.204,53.741,-375.715,-72.284,0.302408,0.949258,-0.086362,-0.952905,0.303247,-0.003547,0.022822,0.083367,0.996258,0,0.81896,-0.78786,49.137,-1.576,-1,375.000,-1,350.000,850.000,300.000,300.000,300.000,300.000,-1,250.000,275.000,-1,675.000,600.000,-1,900.000,2,0,2,0,0,0,0,0,0,2,0,0,2,0,0,2,0
127,10698.861,6.538,-374.504,-73.859,0.276085,0.957539,-0.083037,-0.960836,0.277117,0.000937,0.023908,0.079526,0.996546,0,0.81896,-0.78786,49.137,-1.576,-1,375.000,-1,350.000,900.000,300.000,300.000,300.000,300.000,-1,250.000,300.000,-1,675.000,600.000,-1,950.000,2,0,2,0,0,0,0,0,0,2,0,0,2,0,0,2,0
128,10711.215,-41.023,-373.413,-75.435,0.249565,0.965094,-0.079436,-0.968035,0.250759,0.005270,0.025005,0.075582,0.996826,0,0.81896,-0.78786,49.137,-1.576,-1,375.000,-1,350.000,925.000,300.000,300.000,300.000,300.000,-1,250.000,300.000,-1,675.000,625.000,-1,975.000,2,0,2,0,0,0,0,0,0,2,0,0,2,0,0,2,0
129,10722.258,-88.904,-371.784,-77.011,0.222877,0.971727,-0.077926,-0.974523,0.224149,0.007875,0.025120,0.074185,0.996928,0,0.81896,-0.78786,49.137,-1.576,-1,375.000,-1,350.000,950.000,300.000,300.000,300.000,325.000,-1,275.000,325.000,-1,675.000,625.000,-1,1000.000,2,0,2,0,0,0,0,0,0,2,0,0,2,0,0,2,0
130,10731.983,-137.071,-369.767,-78.586,0.195889,0.977482,-0.078460,-0.980274,0.197336,0.011056,0.026290,0.074747,0.996856,0,0.81896,-0.78786,49.137,-1.576,-1,375.000,-1,350.000,975.000,300.000,300.000,300.000,325.000,-1,300.000,350.000,-1,675.000,625.000,-1,-1,2,0,2,0,0,0,0,0,0,2,0,0,2,0,0,2,2
131,10740.379,-185.487,-367.869,-80.162,0.168753,0.982505,-0.078783,-0.985275,0.170376,0.014312,0.027485,0.075208,0.996789,0,0.81896,-0.78786,49.137,-1.576,-1,375.000,-1,350.000,1000.000,300.000,300.000,300.000,325.000,-1,325.000,375.000,-1,675.000,625.000,-1,-1,2,0,2,0,0,0,0,0,0,2,0,0,2,0,0,2,2
132,10747.441,-234.115,-366.088,-81.738,0.141489,0.986791,-0.078893,-0.989523,0.143291,0.017636,0.028708,0.075571,0.996727,0,0.81896,-0.78786,49.137,-1.576,-1,375.000,-1,350.000,-1,300.000,300.000,300.000,325.000,-1,350.000,375.000,-1,675.000,625.000,-1,-1,2,0,2,0,2,0,0,0,0,2,0,0,2,0,0,2,2
133,10753.163,-282.920,-364.421,-83.314,0.114118,0.990338,-0.078790,-0.993015,0.116099,0.021020,0.029964,0.075841,0.996670,0,0.81896,-0.78786,49.137,-1.576,-1,375.000,-1,375.000,-1,300.000,300.000,325.000,325.000,-1,375.000,400.000,-1,700.000,625.000,-1,-1,2,0,2,0,2,0,0,0,0,2,0,0,2,0,0,2,2
134,10757.541,-331.863,-362.868,-84.889,0.086662,0.993142,-0.078474,-0.995747,0.088822,0.024455,0.031257,0.076021,0.996616,0,0.81896,-0.78786,49.137,-1.576,-1,375.000,-1,375.000,-1,300.000,300.000,325.000,325.000,-1,375.000,400.000,-1,700.000,625.000,-1,-1,2,0,2,0,2,0,0,0,0,2,0,0,2,0,0,2,2
135,10760.571,-380.908,-361.426,-86.465,0.059141,0.995202,-0.077945,-0.997717,0.061478,0.027933,0.032591,0.076116,0.996566,0,0.81896,-0.78786,49.137,-1.576,-1,375.000,-1,375.000,-1,300.000,300.000,325.000,325.000,-1,400.000,425.000,-1,700.000,625.000,-1,-1,2,0,2,0,2,0,0,0,0,2,0,0,2,0,0,2,2
