timestep,x_cm,y_cm,z_cm,yaw_deg,basis_xx,basis_xy,basis_xz,basis_yx,basis_yy,basis_yz,basis_zx,basis_zy,basis_zz,teleport_flag,throttle_cmd,steering_cmd,cmd_move_cm,cmd_turn_deg,lidar_cm_0,lidar_cm_1,lidar_cm_2,lidar_cm_3,lidar_cm_4,lidar_cm_5,lidar_cm_6,lidar_cm_7,lidar_cm_8,lidar_cm_9,lidar_cm_10,lidar_cm_11,lidar_cm_12,lidar_cm_13,lidar_cm_14,lidar_cm_15,lidar_cm_16,lidar_class_0,lidar_class_1,lidar_class_2,lidar_class_3,lidar_class_4,lidar_class_5,lidar_class_6,lidar_class_7,lidar_class_8,lidar_class_9,lidar_class_10,lidar_class_11,lidar_class_12,lidar_class_13,lidar_class_14,lidar_class_15,lidar_class_16
0,3523.457,2754.871,135.162,162.106,-0.950875,-0.307655,0.034425,0.307014,-0.951434,-0.022686,0.039733,-0.011002,0.999150,0,0.26402,0.71814,1.424,-0.001,13.739,568.390,-1,447.388,-1,418.147,395.726,606.622,726.744,-1,-1,-1,-1,-1,672.120,29.681,-1,1,0,2,0,2,0,0,0,0,2,2,2,2,2,0,1,2
1,3524.556,2754.977,136.637,162.104,-0.950891,-0.307556,0.034862,0.307060,-0.951502,-0.018912,0.038988,-0.007278,0.999213,0,0.26406,0.71792,1.105,-0.002,9.445,574.692,-1,447.974,-1,420.726,397.236,625.306,719.758,-1,-1,-1,-1,-1,671.317,8.710,-1,1,0,2,0,2,0,0,0,0,2,2,2,2,2,0,1,2
2,3525.336,2755.214,136.973,162.098,-0.950842,-0.307523,0.036447,0.307148,-0.951534,-0.015623,0.039485,-0.003660,0.999213,0,0.26409,0.71779,0.815,-0.006,-1,580.586,-1,447.986,-1,422.676,398.116,639.480,709.159,-1,-1,-1,-1,-1,670.587,-1,-1,2,0,2,0,2,0,0,0,0,2,2,2,2,2,0,2,2
3,3525.807,2755.524,136.257,162.092,-0.950772,-0.307512,0.038319,0.307233,-0.951544,-0.013108,0.040494,-0.000690,0.999180,0,0.26409,0.71776,0.564,-0.006,-1,583.715,-1,446.796,-1,423.128,397.711,647.228,697.795,-1,-1,-1,-1,-1,668.518,-1,-1,2,0,2,0,2,0,0,0,0,2,2,2,2,2,0,2,2
4,3525.968,2755.826,134.708,162.096,-0.950747,-0.307377,0.040000,0.307156,-0.951587,-0.011696,0.041658,0.001166,0.999131,0,0.26409,0.71779,0.342,0.004,-1,583.362,-1,444.547,-1,421.986,396.065,647.479,686.988,-1,-1,-1,-1,-1,665.219,-1,-1,2,0,2,0,2,0,0,0,0,2,2,2,2,2,0,2,2
5,3525.751,2756.019,132.730,162.110,-0.950744,-0.307143,0.041823,0.306892,-0.951663,-0.012445,0.043624,0.001003,0.999048,0,0.26409,0.71777,0.290,0.014,13.328,582.065,-1,443.369,13.807,420.769,394.844,638.634,680.724,-1,-1,-1,-1,-1,664.867,23.082,11.322,1,0,2,0,1,0,0,0,0,2,2,2,2,2,0,1,1
6,3525.117,2756.063,130.670,162.139,-0.950767,-0.306785,0.043874,0.306380,-0.951777,-0.015834,0.046616,-0.001613,0.998912,0,0.26411,0.71769,0.635,0.028,13.426,581.384,-1,444.483,15.986,420.395,395.035,620.945,681.376,-1,-1,-1,-1,-1,669.801,30.065,22.385,1,0,2,0,1,0,0,0,0,2,2,2,2,2,0,1,1
7,3524.154,2755.989,128.953,162.181,-0.950866,-0.306264,0.045347,0.305628,-0.951930,-0.020508,0.049448,-0.005641,0.998761,0,0.26414,0.71751,0.966,0.043,13.517,580.252,-1,446.627,16.111,420.250,395.824,600.314,687.315,-1,-1,-1,-1,-1,676.876,34.977,22.331,1,0,2,0,1,0,0,0,0,2,2,2,2,2,0,1,1
8,3522.939,2755.893,127.875,162.233,-0.951052,-0.305612,0.045837,0.304742,-0.952105,-0.025068,0.051303,-0.009872,0.998634,0,0.26420,0.71722,1.219,0.052,13.560,578.348,-1,448.675,16.159,419.953,396.550,583.227,696.018,-1,-1,-1,-1,-1,683.564,38.359,22.312,1,0,2,0,1,0,0,0,0,2,2,2,2,2,0,1,1
9,3521.502,2755.852,127.526,162.288,-0.951307,-0.304858,0.045572,0.303814,-0.952305,-0.028484,0.052082,-0.013251,0.998555,0,0.26427,0.71687,1.438,0.055,13.563,576.672,-1,450.163,10.270,419.675,397.083,572.214,704.550,-1,-1,-1,-1,-1,691.291,40.239,8.259,1,0,2,0,1,0,0,0,0,2,2,2,2,2,0,1,1
10,3519.852,2755.940,127.836,162.349,-0.951630,-0.303936,0.044978,0.302805,-0.952571,-0.030291,0.052052,-0.015206,0.998529,0,0.26434,0.71653,1.652,0.061,13.549,576.330,-1,451.049,14.783,419.723,397.535,567.754,711.051,-1,-1,-1,-1,-1,696.229,40.687,11.899,1,0,2,0,1,0,0,0,0,2,2,2,2,2,0,1,1
11,3517.978,2756.183,128.627,162.419,-0.952019,-0.302798,0.044429,0.301659,-0.952925,-0.030589,0.051600,-0.015719,0.998544,0,0.26440,0.71619,1.890,0.069,13.533,577.887,-1,451.525,-1,420.437,398.065,569.101,713.903,-1,-1,-1,-1,-1,699.261,39.881,-1,1,0,2,0,2,0,0,0,0,2,2,2,2,2,0,1,2
12,3515.687,2756.618,129.684,162.512,-0.952515,-0.301201,0.044645,0.300099,-0.953444,-0.029767,0.051532,-0.014956,0.998559,0,0.53073,0.74469,2.332,0.094,13.477,582.971,-1,452.350,-1,422.863,399.286,575.106,712.794,-1,-1,-1,-1,-1,703.596,37.869,-1,1,0,2,0,2,0,0,0,0,2,2,2,2,2,0,1,2
13,3512.730,2757.261,130.795,162.633,-0.953100,-0.299135,0.046025,0.298088,-0.954119,-0.028306,0.052380,-0.013259,0.998539,0,0.53094,0.74416,3.026,0.120,13.426,592.224,-1,453.958,-1,427.031,401.475,584.170,708.824,-1,-1,-1,-1,-1,711.362,34.482,-1,1,0,2,0,2,0,0,0,0,2,2,2,2,2,0,1,2
14,3509.175,2758.036,131.811,162.763,-0.953728,-0.296874,0.047640,0.295894,-0.954850,-0.026606,0.053388,-0.011279,0.998510,0,0.53120,0.74350,3.639,0.131,13.393,602.099,-1,455.239,-1,431.261,403.488,593.843,703.329,-1,-1,-1,-1,-1,718.887,30.356,-1,1,0,2,0,2,0,0,0,0,2,2,2,2,2,0,1,2
15,3505.072,2758.898,132.628,162.904,-0.954412,-0.294461,0.048883,0.293543,-0.955615,-0.025169,0.054125,-0.009672,0.998487,0,0.53146,0.74285,4.193,0.141,13.366,610.193,-1,455.670,-1,434.528,404.696,602.446,698.207,-1,-1,-1,-1,-1,724.397,26.731,-1,1,0,2,0,2,0,0,0,0,2,2,2,2,2,0,1,2
16,3500.437,2759.811,133.219,163.053,-0.955146,-0.291929,0.049728,0.291049,-0.956401,-0.024265,0.054644,-0.008704,0.998468,0,0.53172,0.74219,4.724,0.149,13.347,616.469,-1,455.404,-1,436.797,405.154,607.983,693.972,-1,-1,-1,-1,-1,728.796,25.256,-1,1,0,2,0,2,0,0,0,0,2,2,2,2,2,0,1,2
17,3495.242,2760.783,133.590,163.210,-0.955907,-0.289304,0.050442,0.288424,-0.957200,-0.024093,0.055254,-0.008482,0.998436,0,0.53197,0.74154,5.285,0.157,13.406,621.781,-1,454.959,-1,438.430,405.275,610.069,690.892,-1,-1,-1,-1,-1,733.772,24.715,-1,1,0,2,0,2,0,0,0,0,2,2,2,2,2,0,1,2
18,3489.457,2761.761,133.766,163.392,-0.956772,-0.286284,0.051275,0.285378,-0.958106,-0.024353,0.056099,-0.008667,0.998388,0,0.53222,0.74090,5.867,0.182,13.734,627.003,-1,454.448,-1,439.855,405.283,610.040,687.918,-1,-1,-1,-1,-1,739.839,23.835,-1,1,0,2,0,2,0,0,0,0,2,2,2,2,2,0,1,2
19,3483.112,2762.604,133.786,163.630,-0.957896,-0.282315,0.052290,0.281383,-0.959281,-0.024551,0.057092,-0.008804,0.998330,0,0.53253,0.74011,6.401,0.238,14.156,632.836,-1,453.660,10.997,441.404,405.183,609.774,683.657,-1,-1,-1,-1,-1,746.477,22.376,8.649,1,0,2,0,1,0,0,0,0,2,2,2,2,2,0,1,1
20,3476.286,2763.259,133.769,163.922,-0.959262,-0.277445,0.053303,0.276475,-0.960698,-0.024939,0.058127,-0.009186,0.998267,0,0.53304,0.73883,6.857,0.292,14.598,639.059,-1,452.857,16.766,443.137,405.132,608.761,679.377,-1,-1,-1,-1,-1,755.813,22.086,22.185,1,0,2,0,1,0,0,0,0,2,2,2,2,2,0,1,1
21,3469.009,2763.818,133.824,164.244,-0.960739,-0.272104,0.054215,0.271057,-0.962214,-0.025949,0.059227,-0.010235,0.998192,0,0.53373,0.73706,7.299,0.322,15.471,645.452,-1,452.484,17.014,445.134,405.369,605.909,676.792,-1,-1,-1,-1,-1,771.276,22.427,22.178,1,0,2,0,1,0,0,0,0,2,2,2,2,2,0,1,1
22,3461.297,2764.266,134.030,164.597,-0.962323,-0.266270,0.055086,0.265118,-0.963827,-0.027382,0.060384,-0.011746,0.998106,0,0.53452,0.73505,7.724,0.353,19.488,652.551,-1,452.612,17.523,447.606,407.932,602.271,675.572,-1,-1,-1,-1,-1,789.106,22.257,22.223,1,0,2,0,1,0,0,0,0,2,2,2,2,2,0,1,1
23,3453.250,2764.443,134.431,165.011,-0.964160,-0.259389,0.055794,0.258152,-0.965685,-0.028475,0.061265,-0.013052,0.998036,0,0.53541,0.73278,8.050,0.414,20.790,660.436,-1,454.933,18.117,450.434,410.737,600.397,673.781,-1,-1,-1,-1,-1,807.652,21.425,22.352,1,0,2,0,1,0,0,0,0,2,2,2,2,2,0,1,1
24,3445.022,2764.342,135.048,165.462,-0.966137,-0.251843,0.056157,0.250536,-0.967663,-0.029327,0.061727,-0.014264,0.997991,0,0.53653,0.72994,8.228,0.452,19.735,668.446,-1,457.313,18.473,453.337,413.574,599.889,672.585,-1,-1,-1,-1,-1,825.926,20.527,22.457,1,0,2,0,1,0,0,0,0,2,2,2,2,2,0,1,1
25,3436.732,2763.968,135.868,165.947,-0.968221,-0.243736,0.056040,0.242351,-0.969711,-0.030428,0.061759,-0.015880,0.997965,0,0.53781,0.72670,8.298,0.485,18.549,675.449,-1,459.858,18.705,457.537,416.236,599.018,671.935,-1,-1,-1,-1,-1,845.881,19.409,22.536,1,0,2,0,1,0,0,0,0,2,2,2,2,2,0,1,1
26,3428.399,2763.382,136.796,166.458,-0.970330,-0.235205,0.056028,0.233711,-0.971781,-0.031956,0.061963,-0.017914,0.997918,0,0.53922,0.72311,8.354,0.510,17.269,680.305,-1,463.328,18.668,463.519,419.550,597.404,672.531,-1,-1,-1,-1,-1,869.347,18.053,22.523,1,0,2,0,1,0,0,0,0,2,2,2,2,2,0,1,1
27,3419.941,2762.678,137.711,166.978,-0.972342,-0.226528,0.056894,0.224884,-0.973796,-0.033884,0.063079,-0.020152,0.997805,0,0.54074,0.71925,8.487,0.520,14.222,688.227,-1,468.508,18.660,471.401,424.352,595.295,673.608,-1,-1,-1,-1,-1,900.916,14.864,22.521,1,0,2,0,1,0,0,0,0,2,2,2,2,2,0,1,1
28,3411.357,2761.859,138.540,167.507,-0.974259,-0.217690,0.058568,0.215865,-0.975762,-0.035940,0.064973,-0.022372,0.997636,0,0.54229,0.71530,8.623,0.529,-1,698.871,-1,474.945,18.658,480.856,430.289,593.109,674.343,-1,-1,-1,-1,-1,943.516,-1,22.520,2,0,2,0,1,0,0,0,0,2,2,2,2,2,0,2,1
29,3402.740,2760.860,139.238,168.049,-0.976108,-0.208622,0.060744,0.206611,-0.977694,-0.037760,0.067266,-0.024308,0.997439,0,0.54387,0.71127,8.674,0.542,-1,711.058,-1,481.848,18.660,491.165,436.724,591.500,673.884,-1,-1,-1,-1,-1,995.684,-1,22.521,2,0,2,0,1,0,0,0,0,2,2,2,2,2,0,2,1
30,3394.299,2759.518,139.823,168.631,-0.978021,-0.198817,0.062819,0.196645,-0.979694,-0.039110,0.069319,-0.025898,0.997258,0,0.54551,0.70710,8.547,0.583,-1,722.575,-1,490.800,18.662,501.305,445.731,590.778,671.971,-1,-1,-1,-1,-1,-1,-1,22.521,2,0,2,0,1,0,0,0,0,2,2,2,2,2,2,2,1
31,3385.894,2757.898,140.325,169.278,-0.980036,-0.187902,0.064984,0.185578,-0.981808,-0.040170,0.071350,-0.027308,0.997077,0,0.54734,0.70244,8.560,0.646,-1,734.245,-1,502.872,18.656,511.765,456.248,590.561,668.226,-1,-1,-1,-1,-1,-1,-1,22.519,2,0,2,0,1,0,0,0,0,2,2,2,2,2,2,2,1
32,3377.357,2756.195,140.769,169.952,-0.981996,-0.176498,0.067323,0.174006,-0.983878,-0.041297,0.073527,-0.028839,0.996876,0,0.54944,0.69712,8.705,0.674,-1,745.186,-1,515.294,18.655,524.188,467.358,589.828,663.757,-1,-1,-1,-1,-1,-1,-1,22.519,2,0,2,0,1,0,0,0,0,2,2,2,2,2,2,2,1
33,3368.658,2754.140,141.132,170.724,-0.984129,-0.163290,0.069479,0.160737,-0.986149,-0.040907,0.075197,-0.029090,0.996744,0,0.55163,0.69153,8.938,0.772,-1,755.539,-1,526.563,18.444,535.739,477.945,593.066,654.886,-1,-1,-1,-1,-1,-1,-1,22.448,2,0,2,0,1,0,0,0,0,2,2,2,2,2,2,2,1
34,3359.662,2752.099,141.511,171.482,-0.986028,-0.150312,0.071804,0.147678,-0.988197,-0.040706,0.077075,-0.029533,0.996588,0,0.52822,0.39894,9.225,0.758,-1,765.938,-1,538.683,18.197,547.526,489.213,595.681,646.649,-1,-1,-1,-1,-1,-1,-1,22.374,2,0,2,0,1,0,0,0,0,2,2,2,2,2,2,2,1
35,3350.368,2749.978,141.966,172.250,-0.987767,-0.137148,0.074212,0.134431,-0.990097,-0.040460,0.079026,-0.029989,0.996421,0,0.53061,0.39255,9.533,0.768,-1,774.384,-1,553.308,17.895,560.086,501.723,598.551,638.563,-1,-1,-1,-1,-1,-1,-1,22.296,2,0,2,0,1,0,0,0,0,2,2,2,2,2,2,2,1
36,3340.742,2747.972,142.567,172.955,-0.989172,-0.125110,0.076724,0.122247,-0.991654,-0.040956,0.081207,-0.031133,0.996211,0,0.53302,0.38611,9.832,0.705,-1,783.601,-1,571.021,18.663,573.437,516.473,599.565,632.788,-1,-1,-1,-1,-1,-1,-1,22.521,2,0,2,0,1,0,0,0,0,2,2,2,2,2,2,2,1
37,3331.049,2745.556,143.274,173.735,-0.990638,-0.111632,0.078583,0.108749,-0.993261,-0.040075,0.082527,-0.031154,0.996102,0,0.53517,0.38038,9.990,0.781,-1,791.232,-1,587.055,18.655,585.666,530.287,604.715,621.385,-1,-1,-1,-1,-1,-1,-1,22.519,2,0,2,0,1,0,0,0,0,2,2,2,2,2,2,2,1
38,3321.214,2742.892,144.117,174.549,-0.991974,-0.097550,0.080448,0.094663,-0.994746,-0.038968,0.083827,-0.031040,0.995997,0,0.53762,0.37386,10.189,0.813,-1,799.494,-1,604.094,18.643,598.533,545.141,610.961,609.905,-1,-1,-1,-1,-1,-1,-1,22.515,2,0,2,0,1,0,0,0,0,2,2,2,2,2,2,2,1
39,3311.359,2739.903,145.170,175.411,-0.993132,-0.082644,0.082818,0.079712,-0.996089,-0.038113,0.085643,-0.031250,0.995836,0,0.54019,0.36700,10.299,0.862,-1,809.596,-1,625.300,18.670,614.038,562.985,617.273,599.660,-1,-1,-1,-1,-1,-1,-1,22.524,2,0,2,0,1,0,0,0,0,2,2,2,2,2,2,2,1
40,3301.374,2736.649,146.376,176.296,-0.994038,-0.067351,0.085749,0.064358,-0.997233,-0.037207,0.088017,-0.031467,0.995622,0,0.54295,0.35962,10.502,0.884,-1,821.333,-1,650.278,18.508,632.208,583.907,624.885,589.880,-1,-1,-1,-1,-1,-1,-1,22.469,2,0,2,0,1,0,0,0,0,2,2,2,2,2,2,2,1
41,3291.158,2733.155,147.591,177.215,-0.994711,-0.051363,0.088950,0.048380,-0.998202,-0.035377,0.090607,-0.030886,0.995408,0,0.54580,0.35201,10.797,0.920,-1,833.267,-1,676.696,18.485,652.068,606.464,636.353,578.225,-1,-1,-1,-1,-1,-1,-1,22.461,2,0,2,0,1,0,0,0,0,2,2,2,2,2,2,2,1
42,3280.685,2729.403,148.756,178.167,-0.995117,-0.034745,0.092385,0.031850,-0.998960,-0.032622,0.093422,-0.029520,0.995189,0,0.54878,0.34406,11.124,0.951,-1,846.908,-1,704.395,18.661,667.810,630.600,650.309,562.269,-1,-1,-1,-1,-1,-1,-1,22.521,2,0,2,0,1,0,0,0,0,2,2,2,2,2,2,2,1
43,3270.009,2725.341,149.841,179.161,-0.995245,-0.017301,0.095849,0.014575,-0.999471,-0.029075,0.096302,-0.027540,0.994971,0,0.55187,0.33581,11.423,0.994,-1,861.674,-1,733.401,18.654,683.705,655.097,666.287,544.676,-1,-1,-1,-1,-1,-1,-1,22.518,2,0,2,0,1,0,0,0,0,2,2,2,2,2,2,2,1
44,3259.142,2720.987,150.859,-179.811,-0.995065,0.000757,0.099222,-0.003280,-0.999675,-0.025267,0.099171,-0.025468,0.994744,0,0.55512,0.32714,11.706,1.028,-1,877.018,-1,763.900,18.652,699.735,676.850,682.802,526.928,-1,-1,-1,-1,-1,-1,-1,22.518,2,0,2,0,1,0,0,0,0,2,2,2,2,2,2,2,1
45,3248.168,2716.369,151.910,-178.780,-0.994576,0.018821,0.102294,-0.021187,-0.999531,-0.022096,0.101830,-0.024144,0.994509,0,0.55850,0.31813,11.906,1.032,-1,889.231,-1,795.656,18.350,715.309,698.943,696.892,511.344,-1,-1,-1,-1,-1,-1,-1,22.419,2,0,2,0,1,0,0,0,0,2,2,2,2,2,2,2,1
46,3237.021,2711.540,153.035,-177.780,-0.993758,0.036184,0.105527,-0.038528,-0.999052,-0.020265,0.104694,-0.024205,0.994210,0,0.56189,0.30908,12.148,1.000,-1,901.625,-1,831.258,18.405,731.254,722.691,708.351,499.366,-1,-1,-1,-1,-1,-1,-1,22.436,2,0,2,0,1,0,0,0,0,2,2,2,2,2,2,2,1
47,3225.726,2706.428,154.144,-176.779,-0.992671,0.053469,0.108376,-0.055864,-0.998254,-0.019185,0.107161,-0.025099,0.993925,0,0.56516,0.30035,12.398,1.001,-1,911.530,-1,866.683,18.207,742.629,744.475,715.993,488.918,-1,-1,-1,-1,-1,-1,-1,22.377,2,0,2,0,1,0,0,0,0,2,2,2,2,2,2,2,1
48,3214.245,2701.102,155.176,-175.780,-0.991357,0.070657,0.110541,-0.073157,-0.997145,-0.018724,0.108903,-0.026649,0.993695,0,0.56844,0.29162,12.657,0.999,-1,917.351,-1,899.849,18.257,749.577,763.535,720.024,480.995,-1,-1,-1,-1,-1,-1,-1,22.391,2,0,2,0,1,0,0,0,0,2,2,2,2,2,2,2,1
49,3202.619,2695.494,155.966,-174.761,-0.989894,0.088266,0.110990,-0.090769,-0.995715,-0.017697,0.108953,-0.027593,0.993664,0,0.57170,0.28291,12.907,1.019,-1,916.052,-1,925.376,18.290,750.617,768.165,724.897,471.349,-1,-1,-1,-1,-1,-1,-1,22.401,2,0,2,0,1,0,0,0,0,2,2,2,2,2,2,2,1
50,3190.896,2689.604,156.498,-173.725,-0.988299,0.106225,0.109457,-0.108667,-0.993940,-0.016573,0.107033,-0.028274,0.993853,0,0.57504,0.27400,13.120,1.036,-1,906.204,-1,939.176,18.360,745.288,764.688,728.593,460.531,-1,-1,-1,-1,-1,-1,-1,22.422,2,0,2,0,1,0,0,0,0,2,2,2,2,2,2,2,1
51,3179.043,2683.398,156.748,-172.675,-0.986479,0.124449,0.106638,-0.126816,-0.991802,-0.015682,0.103812,-0.028993,0.994174,0,0.57844,0.26492,13.380,1.051,-1,890.898,-1,944.383,18.385,735.192,755.685,730.688,449.097,-1,-1,-1,-1,-1,-1,-1,22.430,2,0,2,0,1,0,0,0,0,2,2,2,2,2,2,2,1
52,3167.038,2676.862,156.739,-171.611,-0.984355,0.142818,0.103194,-0.145166,-0.989285,-0.015567,0.099865,-0.030304,0.994539,0,0.58190,0.25568,13.669,1.064,-1,871.532,-1,946.020,18.369,721.240,743.987,729.114,439.337,-1,-1,-1,-1,-1,-1,-1,22.425,2,0,2,0,1,0,0,0,0,2,2,2,2,2,2,2,1
53,3154.892,2669.963,156.531,-170.543,-0.981909,0.161125,0.099469,-0.163553,-0.986393,-0.016705,0.095424,-0.032671,0.994900,0,0.58542,0.24630,13.968,1.068,-1,849.853,-1,946.412,18.331,704.722,730.744,722.336,430.840,-1,-1,-1,-1,-1,-1,-1,22.413,2,0,2,0,1,0,0,0,0,2,2,2,2,2,2,2,1
54,3142.623,2662.684,156.202,-169.478,-0.979130,0.179235,0.095809,-0.181868,-0.983131,-0.019422,0.090712,-0.036441,0.995210,0,0.58895,0.23686,14.266,1.066,-1,827.888,-1,947.463,18.159,688.702,714.383,709.556,424.659,-1,-1,-1,-1,-1,-1,-1,22.363,2,0,2,0,1,0,0,0,0,2,2,2,2,2,2,2,1
55,3130.229,2655.025,155.840,-168.420,-0.976017,0.197023,0.092589,-0.199988,-0.979509,-0.023825,0.085998,-0.041770,0.995419,0,0.59249,0.22743,14.570,1.057,-1,806.087,-1,944.191,18.102,673.118,698.801,691.040,422.015,-1,-1,-1,-1,-1,-1,-1,22.347,2,0,2,0,1,0,0,0,0,2,2,2,2,2,2,2,1
56,3117.574,2647.211,155.359,-167.416,-0.972807,0.213826,0.089020,-0.217159,-0.975691,-0.029495,0.080549,-0.048024,0.995593,0,0.59600,0.21807,14.873,1.004,-1,781.690,-1,936.405,17.879,655.635,681.583,667.219,420.546,-1,-1,-1,-1,-1,-1,-1,22.292,2,0,2,0,1,0,0,0,0,2,2,2,2,2,2,2,1
57,3104.717,2639.116,154.740,-166.415,-0.969355,0.230672,0.084506,-0.234242,-0.971550,-0.034962,0.074038,-0.053685,0.995809,0,0.59929,0.20928,15.194,1.001,-1,755.252,-1,922.740,17.775,635.770,662.904,645.815,420.316,-1,-1,-1,-1,-1,-1,-1,22.269,2,0,2,0,1,0,0,0,0,2,2,2,2,2,2,2,1
58,3091.628,2630.807,154.002,-165.428,-0.965682,0.247347,0.079235,-0.251033,-0.967136,-0.040380,0.066643,-0.058884,0.996038,0,0.60257,0.20052,15.503,0.987,-1,727.946,-1,904.571,17.754,614.523,642.510,626.245,419.485,-1,-1,-1,-1,-1,-1,-1,22.265,2,0,2,0,1,0,0,0,0,2,2,2,2,2,2,2,1
59,3078.410,2622.313,153.141,-164.455,-0.961799,0.263912,0.072760,-0.267541,-0.962470,-0.045538,0.058012,-0.063264,0.996309,0,0.40230,0.32031,15.712,0.973,-1,699.224,-1,871.455,17.603,591.315,618.560,609.482,417.136,-1,-1,-1,-1,-1,-1,-1,22.236,2,0,2,0,1,0,0,0,0,2,2,2,2,2,2,2,1
60,3062.438,2611.925,151.929,-163.333,-0.956932,0.283071,0.064433,-0.286498,-0.956664,-0.052081,0.046898,-0.068298,0.996562,0,0.40440,0.31188,19.053,1.122,-1,664.419,-1,828.819,17.603,562.748,588.704,589.804,413.172,-1,-1,-1,-1,-1,-1,-1,22.236,2,0,2,0,1,0,0,0,0,2,2,2,2,2,2,2,1
61,3051.637,2604.955,151.061,-162.639,-0.953684,0.294863,0.059521,-0.298158,-0.952803,-0.057163,0.039856,-0.072262,0.996589,0,0.40680,0.30224,12.855,0.694,-1,642.388,-1,803.225,17.363,544.960,571.534,575.358,411.416,-1,-1,-1,-1,-1,-1,-1,22.202,2,0,2,0,1,0,0,0,0,2,2,2,2,2,2,2,1
62,3038.080,2596.086,150.037,-161.799,-0.949485,0.309029,0.054582,-0.312186,-0.947853,-0.064149,0.031911,-0.077948,0.996447,0,0.40826,0.29639,16.200,0.839,-1,617.428,-1,776.641,17.119,526.003,552.911,557.244,414.567,-1,-1,-1,-1,-1,-1,-1,22.181,2,0,2,0,1,0,0,0,0,2,2,2,2,2,2,2,1
63,3024.279,2587.116,149.059,-161.014,-0.945303,0.322219,0.050760,-0.325242,-0.942937,-0.071331,0.024879,-0.083939,0.996160,0,0.41001,0.28936,16.459,0.786,-1,595.373,-1,753.197,16.949,509.679,536.835,539.285,419.999,-1,-1,-1,-1,-1,-1,-1,22.178,2,0,2,0,1,0,0,0,0,2,2,2,2,2,2,2,1
64,3010.027,2578.210,148.312,-160.367,-0.941667,0.332951,0.049060,-0.335918,-0.938768,-0.076636,0.020540,-0.088646,0.995851,0,0.41161,0.28292,16.806,0.646,14.587,580.716,-1,738.946,16.759,498.860,526.518,526.315,424.671,-1,-1,-1,-1,-1,-1,27.465,22.186,1,0,2,0,1,0,0,0,0,2,2,2,2,2,2,1,1
65,2995.434,2569.406,147.876,-159.767,-0.938141,0.342874,0.048268,-0.345780,-0.935005,-0.078747,0.018131,-0.090566,0.995725,0,0.41284,0.27799,17.043,0.600,14.118,572.595,-1,729.299,16.559,492.191,520.106,521.842,426.340,-1,-1,-1,-1,-1,-1,31.428,22.209,1,0,2,0,1,0,0,0,0,2,2,2,2,2,2,1,1
66,2980.540,2560.753,147.753,-159.196,-0.934675,0.352358,0.047192,-0.355126,-0.931538,-0.078243,0.016391,-0.089891,0.995817,0,0.41392,0.27362,17.225,0.571,13.837,568.144,-1,720.342,16.395,487.431,514.954,524.896,424.899,-1,-1,-1,-1,-1,-1,31.993,22.242,1,0,2,0,1,0,0,0,0,2,2,2,2,2,2,1,1
67,2965.452,2552.258,147.934,-158.653,-0.931300,0.361460,0.045016,-0.363978,-0.928266,-0.076443,0.014156,-0.087576,0.996057,0,0.41491,0.26966,17.315,0.543,13.656,564.351,-1,709.169,16.253,482.756,508.888,532.959,423.901,-1,-1,-1,-1,-1,-1,30.001,22.280,1,0,2,0,1,0,0,0,0,2,2,2,2,2,2,1,1
68,2950.283,2543.817,148.383,-158.133,-0.927997,0.370296,0.041265,-0.372437,-0.925069,-0.074419,0.010616,-0.084429,0.996373,0,0.41581,0.26606,17.360,0.520,13.506,559.401,-1,694.033,16.094,476.691,501.073,543.970,424.813,-1,-1,-1,-1,-1,-1,27.787,22.337,1,0,2,0,1,0,0,0,0,2,2,2,2,2,2,1,1
69,2935.038,2535.305,148.954,-157.642,-0.924807,0.378649,0.036831,-0.380383,-0.921952,-0.072895,0.006354,-0.081424,0.996659,0,0.41663,0.26274,17.460,0.491,13.426,553.289,-1,677.930,15.985,469.778,492.467,555.148,426.152,-1,-1,-1,-1,-1,-1,25.455,22.386,1,0,2,0,1,0,0,0,0,2,2,2,2,2,2,1,1
70,2919.837,2526.599,149.472,-157.156,-0.921566,0.386837,0.032762,-0.388217,-0.918683,-0.072867,0.001911,-0.079870,0.996803,0,0.31484,0.38330,17.517,0.486,13.368,545.852,-1,663.127,15.884,462.371,483.861,562.436,429.576,-1,-1,-1,-1,993.380,-1,22.547,22.440,1,0,2,0,1,0,0,0,0,2,2,2,2,0,2,1,1
71,2904.735,2517.791,149.888,-156.704,-0.918472,0.394400,0.029298,-0.395477,-0.915417,-0.074900,-0.002721,-0.080380,0.996761,0,0.31540,0.38035,17.483,0.452,13.271,536.540,-1,649.969,15.525,454.270,475.339,563.756,435.772,-1,-1,-1,-1,967.620,-1,25.829,22.697,1,0,2,0,1,0,0,0,0,2,2,2,2,0,2,1,1
72,2889.527,2508.963,150.053,-156.308,-0.915701,0.400947,0.027098,-0.401810,-0.912420,-0.077710,-0.006433,-0.082047,0.996608,0,0.31589,0.37772,17.584,0.396,13.273,527.624,-1,640.120,15.326,446.950,468.280,560.185,443.331,-1,-1,-1,-1,944.498,-1,29.231,22.901,1,0,2,0,1,0,0,0,0,2,2,2,2,0,2,1,1
73,2874.208,2500.129,149.969,-155.949,-0.913148,0.406806,0.025886,-0.407525,-0.909640,-0.080495,-0.009199,-0.084053,0.996419,0,0.31627,0.37570,17.684,0.359,13.303,519.674,-1,632.764,15.142,440.468,462.308,554.896,452.905,-1,-1,-1,-1,925.539,-1,32.988,23.138,1,0,2,0,1,0,0,0,0,2,2,2,2,0,2,1,1
74,2858.762,2491.396,149.785,-155.639,-0.910913,0.411807,0.025558,-0.412455,-0.907208,-0.082794,-0.010908,-0.085960,0.996239,0,0.31657,0.37411,17.744,0.310,13.383,513.404,-1,628.326,10.435,435.290,457.785,549.621,462.094,-1,-1,-1,-1,912.140,-1,37.429,8.943,1,0,2,0,1,0,0,0,0,2,2,2,2,0,2,1,1
75,2843.299,2482.808,149.814,-155.396,-0.909155,0.415575,0.027121,-0.416314,-0.905194,-0.085477,-0.010973,-0.089003,0.995971,0,0.31676,0.37308,17.688,0.243,13.447,510.197,-1,630.750,14.752,433.026,456.446,542.224,473.785,-1,-1,-1,-1,906.433,-1,36.784,23.857,1,0,2,0,1,0,0,0,0,2,2,2,2,0,2,1,1
76,2828.033,2474.144,150.484,-155.171,-0.907538,0.418740,0.032128,-0.419890,-0.903205,-0.088954,-0.008231,-0.094219,0.995517,0,0.31682,0.37277,17.553,0.225,13.448,512.713,-1,646.216,14.750,435.906,461.644,531.985,491.328,-1,-1,-1,-1,914.952,-1,36.715,23.863,1,0,2,0,1,0,0,0,0,2,2,2,2,0,2,1,1
77,2812.903,2465.317,151.603,-154.916,-0.905677,0.422258,0.038048,-0.423947,-0.901055,-0.091485,-0.004347,-0.098986,0.995079,0,0.31685,0.37262,17.516,0.256,13.427,519.009,-1,668.860,14.795,441.598,470.310,525.021,509.973,-1,-1,-1,-1,932.900,-1,37.105,23.761,1,0,2,0,1,0,0,0,0,2,2,2,2,0,2,1,1
78,2797.824,2456.510,152.779,-154.655,-0.903746,0.425984,0.042200,-0.428067,-0.899021,-0.092300,-0.001380,-0.101480,0.994837,0,0.31694,0.37214,17.463,0.261,13.452,525.140,-1,686.844,-1,446.463,477.252,523.985,525.144,-1,-1,-1,-1,948.430,-1,35.143,14.329,1,0,2,0,2,0,0,0,0,2,2,2,2,0,2,1,1
79,2782.707,2447.950,153.650,-154.423,-0.902005,0.429530,0.043486,-0.431725,-0.897339,-0.091631,-0.000337,-0.101426,0.994843,0,0.31703,0.37163,17.372,0.232,13.469,528.489,-1,694.593,-1,448.131,479.817,527.605,534.279,-1,-1,-1,-1,956.818,-1,32.934,-1,1,0,2,0,2,0,0,0,0,2,2,2,2,0,2,1,2
80,2767.563,2439.616,154.120,-154.215,-0.900432,0.432928,0.042371,-0.434995,-0.895920,-0.090037,-0.001018,-0.099503,0.995037,0,0.31706,0.37148,17.285,0.208,13.478,528.493,-1,692.891,-1,446.571,478.199,532.821,538.307,-1,-1,-1,-1,957.318,-1,31.944,-1,1,0,2,0,2,0,0,0,0,2,2,2,2,0,2,1,2
81,2752.383,2431.445,154.131,-154.023,-0.898968,0.436222,0.039580,-0.438004,-0.894675,-0.087804,-0.002891,-0.096269,0.995351,0,0.31703,0.37165,17.240,0.192,13.479,525.632,-1,684.150,-1,442.480,473.304,539.152,538.258,-1,-1,-1,-1,951.320,-1,32.001,-1,1,0,2,0,2,0,0,0,0,2,2,2,2,0,2,1,2
82,2737.180,2423.350,153.704,-153.838,-0.897534,0.439489,0.035797,-0.440911,-0.893506,-0.085114,-0.005422,-0.092176,0.995728,0,0.31695,0.37205,17.224,0.186,13.493,520.825,-1,671.023,-1,437.398,466.223,546.222,535.298,-1,-1,-1,-1,941.139,-1,34.955,-1,1,0,2,0,2,0,0,0,0,2,2,2,2,0,2,1,2
83,2721.941,2415.293,152.955,-153.661,-0.896153,0.442610,0.031720,-0.443671,-0.892407,-0.082257,-0.008101,-0.087788,0.996106,0,0.31686,0.37256,17.238,0.177,13.513,515.303,-1,656.286,-1,431.453,458.218,553.096,530.978,-1,-1,-1,-1,929.416,-1,34.307,-1,1,0,2,0,2,0,0,0,0,2,2,2,2,0,2,1,2
84,2706.713,2407.261,152.063,-153.494,-0.894834,0.445539,0.027689,-0.446268,-0.891352,-0.079600,-0.010784,-0.083586,0.996442,0,0.31674,0.37321,17.217,0.167,13.614,509.873,-1,641.672,-1,425.217,450.032,559.162,526.763,-1,-1,-1,-1,916.855,-1,31.783,-1,1,0,2,0,2,0,0,0,0,2,2,2,2,0,2,1,2
85,2691.514,2399.287,151.260,-153.363,-0.893790,0.447826,0.024324,-0.448291,-0.890485,-0.077922,-0.013236,-0.080550,0.996663,0,0.31659,0.37400,17.164,0.130,13.872,504.321,-1,629.793,-1,419.398,443.756,562.488,524.835,-1,-1,-1,-1,903.919,-1,28.143,-1,1,0,2,0,2,0,0,0,0,2,2,2,2,0,2,1,2
86,2676.108,2391.478,150.540,-153.311,-0.893367,0.448745,0.022882,-0.449108,-0.890182,-0.076668,-0.014036,-0.078769,0.996794,0,0.31637,0.37519,17.272,0.053,14.314,501.361,-1,625.097,-1,416.284,441.036,562.650,525.220,-1,-1,-1,-1,896.882,-1,25.261,-1,1,0,2,0,2,0,0,0,0,2,2,2,2,0,2,1,2
87,2660.435,2384.066,150.080,-153.389,-0.893992,0.447445,0.023894,-0.447900,-0.890832,-0.076184,-0.012803,-0.078810,0.996807,0,0.31597,0.37727,17.337,-0.078,14.970,501.672,-1,630.045,-1,416.747,443.183,558.573,529.092,-1,-1,-1,-1,897.070,-1,23.414,-1,1,0,2,0,2,0,0,0,0,2,2,2,2,0,2,1,2
88,2644.518,2377.347,150.035,-153.649,-0.896048,0.443151,0.026740,-0.443842,-0.892816,-0.076702,-0.010116,-0.080597,0.996695,0,0.31531,0.38082,17.277,-0.261,15.605,504.329,-1,643.497,-1,419.855,449.938,552.589,536.321,-1,-1,-1,-1,901.093,-1,22.630,-1,1,0,2,0,2,0,0,0,0,2,2,2,2,0,2,1,2
89,2628.443,2371.415,150.467,-154.068,-0.899294,0.436276,0.030558,-0.437300,-0.895996,-0.077201,-0.006301,-0.082789,0.996547,0,0.31426,0.38641,17.134,-0.418,16.093,510.288,-1,663.491,-1,425.552,460.299,545.050,544.674,-1,-1,-1,-1,910.302,-1,22.338,-1,1,0,2,0,2,0,0,0,0,2,2,2,2,0,2,1,2
90,2612.349,2366.378,151.397,-154.633,-0.903583,0.426994,0.034844,-0.428410,-0.900265,-0.077376,-0.001671,-0.084843,0.996393,0,0.31287,0.39378,16.864,-0.566,15.585,519.828,-1,688.832,-1,435.997,473.937,538.723,553.145,-1,-1,-1,-1,926.992,-1,22.646,-1,1,0,2,0,2,0,0,0,0,2,2,2,2,0,2,1,2
91,2596.282,2361.146,152.548,-155.082,-0.906906,0.419586,0.038324,-0.421318,-0.903875,-0.074173,0.003518,-0.083415,0.996509,0,0.35481,0.39875,16.898,-0.449,15.055,535.771,-1,713.417,-1,450.668,490.046,541.745,556.170,-1,-1,-1,-1,952.983,-1,23.270,-1,1,0,2,0,2,0,0,0,0,2,2,2,2,0,2,1,2
92,2580.376,2355.649,153.753,-155.393,-0.909154,0.414447,0.040890,-0.416372,-0.906582,-0.068876,0.008525,-0.079645,0.996787,0,0.35313,0.40662,16.828,-0.311,14.085,553.993,-1,735.279,-1,465.924,505.781,550.416,555.530,-1,-1,-1,-1,979.802,-1,26.462,-1,1,0,2,0,2,0,0,0,0,2,2,2,2,0,2,1,2
93,2566.044,2350.282,155.660,-155.431,-0.909361,0.413862,0.042188,-0.415737,-0.907740,-0.056314,0.014990,-0.068749,0.997521,0,0.35175,0.41308,15.305,-0.038,13.999,583.778,-1,754.942,-1,487.618,524.867,578.865,544.664,-1,-1,-1,-1,-1,-1,27.049,-1,1,0,2,0,2,0,0,0,0,2,2,2,2,2,2,1,2
94,2552.556,2345.306,158.872,-155.379,-0.908795,0.414813,0.044951,-0.416479,-0.908366,-0.037644,0.025217,-0.052932,0.998280,0,0.35103,0.41644,14.376,0.052,13.919,631.352,-1,787.241,-1,522.531,555.467,627.349,529.525,-1,-1,-1,-1,-1,-1,27.706,-1,1,0,2,0,2,0,0,0,0,2,2,2,2,2,2,1,2
95,2539.407,2340.557,163.240,-155.350,-0.908258,0.415565,0.048710,-0.416785,-0.908829,-0.017886,0.036837,-0.036546,0.998653,0,0.35053,0.41878,13.979,0.029,13.596,691.050,-1,828.019,-1,566.330,594.248,688.547,517.152,-1,-1,-1,-1,-1,-1,32.165,-1,1,0,2,0,2,0,0,0,0,2,2,2,2,2,2,1,2
96,2523.957,2334.836,169.355,-155.328,-0.907654,0.416453,0.052256,-0.416938,-0.908933,0.001774,0.048236,-0.020177,0.998632,0,0.34998,0.42132,16.476,0.022,13.510,754.987,-1,867.481,-1,616.815,640.688,760.919,510.138,-1,-1,-1,-1,-1,-1,43.649,-1,1,0,2,0,2,0,0,0,0,2,2,2,2,2,2,1,2
97,2513.965,2330.877,173.410,-155.298,-0.907274,0.417242,0.052566,-0.417329,-0.908702,0.009840,0.051873,-0.013009,0.998569,0,0.34931,0.42445,10.748,0.029,14.572,783.318,-1,884.444,-1,639.177,661.961,796.267,511.014,-1,-1,-1,-1,-1,-1,24.506,-1,1,0,2,0,2,0,0,0,0,2,2,2,2,2,2,1,2
98,2501.676,2325.932,177.973,-155.323,-0.907426,0.417080,0.051196,-0.416936,-0.908828,0.013973,0.052356,-0.008666,0.998591,0,0.34892,0.42631,13.246,-0.024,-1,801.340,-1,894.918,-1,654.833,676.682,820.420,517.283,-1,-1,-1,-1,-1,-1,-1,-1,2,0,2,0,2,0,0,0,0,2,2,2,2,2,2,2,2
99,2489.500,2320.940,181.649,-155.393,-0.908028,0.416064,0.048752,-0.415869,-0.909308,0.014558,0.050387,-0.007056,0.998705,0,0.34829,0.42921,13.160,-0.070,-1,806.478,-1,895.404,-1,661.167,682.905,831.998,525.250,-1,-1,-1,-1,-1,-1,-1,-1,2,0,2,0,2,0,0,0,0,2,2,2,2,2,2,2,2
100,2477.338,2315.876,184.182,-155.477,-0.908765,0.414770,0.045957,-0.414583,-0.909904,0.013994,0.047621,-0.006336,0.998845,0,0.34758,0.43256,13.174,-0.085,-1,804.653,-1,890.564,-1,661.344,683.881,836.448,531.980,-1,-1,-1,-1,-1,-1,-1,-1,2,0,2,0,2,0,0,0,0,2,2,2,2,2,2,2,2
101,2465.207,2310.641,185.429,-155.536,-0.909305,0.413913,0.042903,-0.413706,-0.910303,0.014012,0.044854,-0.005008,0.998981,0,0.34682,0.43608,13.213,-0.059,-1,799.082,-1,881.904,-1,657.974,680.955,838.910,534.875,-1,-1,-1,-1,-1,-1,-1,-1,2,0,2,0,2,0,0,0,0,2,2,2,2,2,2,2,2
102,2453.050,2305.313,185.387,-155.564,-0.909611,0.413540,0.039913,-0.413305,-0.910479,0.014354,0.042275,-0.003440,0.999100,0,0.34613,0.43933,13.274,-0.028,-1,790.774,-1,870.368,-1,651.806,674.796,838.067,534.814,-1,-1,-1,-1,-1,-1,-1,-1,2,0,2,0,2,0,0,0,0,2,2,2,2,2,2,2,2
103,2440.827,2299.943,184.054,-155.579,-0.909810,0.413361,0.037133,-0.413101,-0.910565,0.014763,0.039915,-0.001908,0.999201,0,0.34549,0.44230,13.351,-0.015,-1,779.569,-1,856.309,-1,642.923,665.673,833.058,532.218,-1,-1,-1,-1,-1,-1,-1,-1,2,0,2,0,2,0,0,0,0,2,2,2,2,2,2,2,2
104,2428.560,2294.535,181.477,-155.586,-0.909941,0.413310,0.034386,-0.413044,-0.910590,0.014818,0.037436,-0.000720,0.999299,0,0.34487,0.44518,13.406,-0.006,-1,764.418,-1,839.216,-1,630.654,652.965,823.589,527.610,-1,-1,-1,-1,-1,-1,-1,-1,2,0,2,0,2,0,0,0,0,2,2,2,2,2,2,2,2
105,2416.313,2289.085,177.811,-155.583,-0.910041,0.413343,0.031193,-0.413133,-0.910575,0.013196,0.033858,-0.000879,0.999426,0,0.34427,0.44802,13.405,0.002,-1,742.356,-1,817.792,-1,613.102,634.952,805.775,522.451,-1,-1,-1,-1,-1,-1,-1,-1,2,0,2,0,2,0,0,0,0,2,2,2,2,2,2,2,2
106,2404.228,2283.479,173.171,-155.552,-0.909973,0.413807,0.026708,-0.413707,-0.910361,0.009409,0.028208,-0.002487,0.999599,0,0.34368,0.45079,13.322,0.032,-1,711.577,-1,788.509,-1,588.685,609.834,779.995,517.049,-1,-1,-1,-1,-1,-1,-1,-1,2,0,2,0,2,0,0,0,0,2,2,2,2,2,2,2,2
107,2392.834,2277.037,167.665,-155.281,-0.908209,0.418119,0.018221,-0.418089,-0.908389,0.005650,0.018915,-0.002486,0.999818,0,0.34315,0.45323,13.089,0.270,-1,671.375,-1,744.511,-1,555.403,573.687,758.018,507.807,-1,-1,-1,-1,-1,-1,-1,-1,2,0,2,0,2,0,0,0,0,2,2,2,2,2,2,2,2
108,2381.902,2270.247,161.638,-154.928,-0.905756,0.423725,0.007991,-0.423749,-0.905779,-0.001429,0.006633,-0.004681,0.999967,0,0.34321,0.45299,12.870,0.353,13.361,622.042,-1,694.779,15.877,514.319,531.779,727.784,500.764,-1,-1,-1,-1,-1,-1,42.857,22.443,1,0,2,0,1,0,0,0,0,2,2,2,2,2,2,1,1
109,2371.380,2263.239,157.073,-154.512,-0.902669,0.430300,0.005505,-0.430324,-0.902663,-0.004613,0.002984,-0.006533,0.999974,0,0.34347,0.45176,12.642,0.416,13.285,598.861,-1,673.575,15.642,495.302,512.724,704.955,497.455,-1,-1,-1,-1,-1,-1,59.463,22.600,1,0,2,0,1,0,0,0,0,2,2,2,2,2,2,1,1
110,2360.881,2256.228,154.935,-154.112,-0.899587,0.436504,0.014403,-0.436576,-0.899665,-0.002124,0.012031,-0.008199,0.999894,0,0.34389,0.44977,12.624,0.399,13.267,611.454,-1,691.150,15.433,507.187,525.847,691.506,500.413,-1,-1,-1,-1,-1,-1,64.153,22.785,1,0,2,0,1,0,0,0,0,2,2,2,2,2,2,1,1
111,2350.574,2249.259,155.223,-153.744,-0.896453,0.442086,0.030540,-0.442199,-0.896911,0.003338,0.028867,-0.010512,0.999528,0,0.34428,0.44798,12.442,0.368,13.349,649.939,-1,739.753,14.984,540.700,563.511,686.298,509.572,-1,-1,-1,-1,-1,-1,43.204,23.389,1,0,2,0,1,0,0,0,0,2,2,2,2,2,2,1,1
112,2340.268,2242.493,157.448,-153.464,-0.893599,0.446090,0.049850,-0.446241,-0.894871,0.008671,0.048477,-0.014497,0.998719,0,0.34460,0.44647,12.329,0.280,13.591,700.184,-1,798.834,-1,586.584,613.422,682.985,525.747,-1,-1,-1,-1,-1,-1,32.283,-1,1,0,2,0,2,0,0,0,0,2,2,2,2,2,2,1,2
113,2329.881,2235.907,161.084,-153.283,-0.891134,0.448214,0.070601,-0.448533,-0.893684,0.012163,0.068546,-0.020828,0.997431,0,0.34472,0.44589,12.299,0.181,13.736,756.095,-1,869.003,-1,639.250,671.754,677.385,549.168,-1,-1,-1,920.535,-1,-1,29.730,-1,1,0,2,0,2,0,0,0,0,2,2,2,0,2,2,1,2
114,2319.508,2229.367,165.582,-153.151,-0.888791,0.449083,0.091519,-0.449916,-0.892984,0.012480,0.087329,-0.030084,0.995725,0,0.34462,0.44639,12.262,0.132,13.539,812.013,-1,946.031,-1,692.126,729.074,666.597,580.389,-1,-1,-1,863.683,-1,-1,33.553,-1,1,0,2,0,2,0,0,0,0,2,2,2,0,2,2,1,2
115,2309.346,2222.633,170.395,-153.011,-0.886384,0.449639,0.110223,-0.451414,-0.892262,0.009702,0.102710,-0.041157,0.993860,0,0.34440,0.44741,12.191,0.140,13.550,860.925,-1,-1,-1,742.357,782.473,652.087,616.742,-1,921.790,967.198,856.221,-1,-1,33.248,-1,1,0,2,2,2,0,0,0,0,2,0,0,0,2,2,1,2
116,2299.433,2215.863,174.903,-152.894,-0.884438,0.449478,0.125457,-0.452706,-0.891654,0.003098,0.113256,-0.054055,0.992094,0,0.34421,0.44829,12.004,0.117,-1,894.213,-1,-1,-1,778.359,823.101,632.358,656.091,-1,803.140,791.887,897.407,-1,-1,-1,-1,2,0,2,2,2,0,0,0,0,2,0,0,0,2,2,2,2
117,2289.713,2209.071,178.702,-152.787,-0.882899,0.449114,0.137061,-0.453993,-0.890992,-0.004913,0.119913,-0.066562,0.990550,0,0.34399,0.44933,11.858,0.107,-1,913.697,-1,-1,-1,803.245,852.159,612.288,694.354,-1,740.928,738.234,958.956,-1,-1,-1,-1,2,0,2,2,2,0,0,0,0,2,0,0,0,2,2,2,2
118,2279.965,2202.190,181.606,-152.657,-0.881372,0.449384,0.145729,-0.455749,-0.890030,-0.011793,0.124404,-0.076810,0.989254,0,0.72849,0.01348,11.932,0.130,-1,926.192,-1,-1,-1,820.293,873.143,596.061,728.230,-1,706.444,707.710,-1,-1,-1,-1,-1,2,0,2,2,2,0,0,0,0,2,0,0,2,2,2,2,2
119,2270.002,2195.180,183.651,-152.485,-0.879684,0.450687,0.151781,-0.458231,-0.888670,-0.017040,0.127203,-0.084541,0.988267,0,0.72808,0.01438,12.182,0.172,-1,932.478,-1,-1,-1,830.521,886.413,584.073,755.704,-1,686.866,695.453,-1,-1,-1,-1,-1,2,0,2,2,2,0,0,0,0,2,0,0,2,2,2,2,2
120,2259.863,2188.069,184.879,-152.265,-0.877848,0.453282,0.154656,-0.461555,-0.886874,-0.020507,0.127866,-0.089384,0.987755,0,0.72782,0.01494,12.384,0.219,-1,931.322,-1,-1,-1,832.542,890.424,576.239,774.483,-1,683.899,697.142,-1,-1,-1,-1,-1,2,0,2,2,2,0,0,0,0,2,0,0,2,2,2,2,2
121,2249.545,2180.873,185.315,-151.998,-0.875868,0.457264,0.154160,-0.465751,-0.884637,-0.022207,0.126221,-0.091251,0.987796,0,0.72775,0.01510,12.579,0.268,-1,922.315,-1,-1,-1,825.269,883.797,572.467,784.390,-1,697.722,712.912,-1,-1,-1,-1,-1,2,0,2,2,2,0,0,0,0,2,0,0,2,2,2,2,2
122,2239.022,2173.574,184.930,-151.688,-0.873743,0.462477,0.150626,-0.470694,-0.882015,-0.022266,0.122556,-0.090354,0.988340,0,0.72786,0.01486,12.806,0.310,-1,906.431,-1,-1,-1,809.766,867.693,572.115,785.119,-1,727.195,743.228,-1,-1,-1,-1,-1,2,0,2,2,2,0,0,0,0,2,0,0,2,2,2,2,2
123,2228.289,2166.160,183.699,-151.339,-0.871439,0.468796,0.144307,-0.476324,-0.879024,-0.020815,0.117091,-0.086876,0.989314,0,0.72812,0.01429,13.045,0.349,-1,884.538,-1,-1,-1,787.288,843.405,574.757,777.076,-1,775.227,790.046,-1,-1,-1,-1,-1,2,0,2,2,2,0,0,0,0,2,0,0,2,2,2,2,2
124,2217.345,2158.606,181.590,-150.956,-0.868941,0.476042,0.135373,-0.482527,-0.875699,-0.017856,0.110046,-0.080836,0.990634,0,0.72851,0.01342,13.298,0.383,-1,857.710,-1,-1,-1,759.353,812.857,580.432,760.662,-1,843.424,869.972,-1,-1,-1,-1,-1,2,0,2,2,2,0,0,0,0,2,0,0,2,2,2,2,2
125,2206.172,2150.923,178.579,-150.538,-0.866175,0.484089,0.124096,-0.489299,-0.872010,-0.013605,0.101627,-0.072504,0.992177,0,0.72902,0.01229,13.560,0.418,-1,826.695,-1,-1,-1,726.855,776.922,588.761,737.543,-1,941.719,997.315,-1,-1,-1,-1,-1,2,0,2,2,2,0,0,0,0,2,0,0,2,2,2,2,2
126,2194.618,2143.318,174.706,-150.169,-0.863802,0.491369,0.111370,-0.495324,-0.868659,-0.009242,0.092201,-0.063148,0.993736,0,0.72965,0.01092,13.832,0.369,-1,792.967,-1,989.431,-1,691.667,736.938,596.782,708.983,-1,-1,-1,-1,-1,-1,-1,-1,2,0,2,0,2,0,0,0,0,2,2,2,2,2,2,2,2
127,2182.872,2135.664,170.131,-149.820,-0.861659,0.498301,0.096127,-0.501089,-0.865377,-0.005727,0.080333,-0.053103,0.995353,0,0.72997,0.01022,14.020,0.349,-1,752.043,-1,916.510,-1,651.202,691.357,604.211,677.792,-1,-1,-1,-1,-1,-1,-1,-1,2,0,2,0,2,0,0,0,0,2,2,2,2,2,2,2,2
128,2170.884,2128.041,165.127,-149.551,-0.860266,0.503758,0.078555,-0.505707,-0.862685,-0.005829,0.064832,-0.044740,0.996893,0,0.73014,0.00982,14.207,0.269,-1,700.530,-1,839.506,-1,604.258,639.796,606.098,649.889,-1,-1,-1,-1,-1,-1,-1,-1,2,0,2,0,2,0,0,0,0,2,2,2,2,2,2,2,2
129,2158.782,2120.087,159.822,-149.277,-0.858748,0.509070,0.058296,-0.510356,-0.859919,-0.008720,0.045691,-0.037240,0.998261,0,0.72990,0.01036,14.481,0.274,13.356,641.964,-1,758.657,-1,552.392,583.852,604.678,621.507,-1,-1,-1,-1,-1,-1,23.440,-1,1,0,2,0,2,0,0,0,0,2,2,2,2,2,2,1,2
130,2146.248,2111.601,154.886,-148.972,-0.856592,0.514593,0.038004,-0.515271,-0.856967,-0.010212,0.027313,-0.028330,0.999225,0,0.72965,0.01090,15.137,0.305,13.274,591.692,-1,688.209,-1,506.883,534.136,608.079,590.118,-1,-1,-1,-1,-1,-1,44.323,-1,1,0,2,0,2,0,0,0,0,2,2,2,2,2,2,1,2
131,2133.012,2102.650,151.255,-148.653,-0.853947,0.519889,0.022152,-0.520176,-0.854003,-0.009753,0.013847,-0.019851,0.999707,0,0.72949,0.01127,15.979,0.319,13.284,557.271,-1,636.502,15.238,475.146,498.927,615.266,564.974,-1,-1,-1,-1,-1,-1,53.506,23.007,1,0,2,0,1,0,0,0,0,2,2,2,2,2,2,1,1
132,2119.053,2092.876,149.675,-148.335,-0.851095,0.524781,0.015592,-0.524936,-0.851101,-0.008276,0.008927,-0.015228,0.999844,0,0.72927,0.01175,17.040,0.318,13.310,543.495,-1,613.967,15.116,461.832,483.753,620.066,554.232,-1,-1,-1,-1,985.564,-1,48.904,23.175,1,0,2,0,1,0,0,0,0,2,2,2,2,0,2,1,1
133,2104.465,2082.299,149.991,-148.028,-0.848265,0.529320,0.016330,-0.529472,-0.848301,-0.006666,0.010324,-0.014300,0.999844,0,0.72894,0.01247,18.019,0.306,13.352,544.458,-1,612.357,14.975,461.912,483.269,621.818,555.872,-1,-1,-1,-1,998.085,-1,42.989,23.404,1,0,2,0,1,0,0,0,0,2,2,2,2,0,2,1,1
134,2089.449,2071.112,151.731,-147.737,-0.845523,0.533544,0.020564,-0.533752,-0.845619,-0.006052,0.014160,-0.016093,0.999770,0,0.72847,0.01351,18.725,0.291,13.398,552.209,-1,621.460,14.855,468.265,490.088,621.092,566.325,-1,-1,-1,-1,-1,-1,39.311,23.633,1,0,2,0,1,0,0,0,0,2,2,2,2,2,2,1,1
135,2074.147,2059.530,154.286,-147.456,-0.842850,0.537588,0.024570,-0.537875,-0.842999,-0.006547,0.017193,-0.018734,0.999677,0,0.72785,0.01488,19.191,0.282,13.550,560.035,-1,631.833,-1,474.955,497.497,620.590,581.030,-1,-1,-1,-1,-1,-1,33.259,-1,1,0,2,0,2,0,0,0,0,2,2,2,2,2,2,1,2
136,2058.396,2047.949,157.299,-147.267,-0.841039,0.540219,0.028582,-0.540618,-0.841229,-0.008168,0.019631,-0.022322,0.999558,0,0.72711,0.01650,19.549,0.188,13.690,567.043,-1,643.044,-1,481.694,505.274,619.172,599.326,-1,-1,-1,-1,-1,-1,30.403,-1,1,0,2,0,2,0,0,0,0,2,2,2,2,2,2,1,2
137,2042.383,2036.079,160.248,-147.088,-0.839319,0.542705,0.031863,-0.543230,-0.839518,-0.010457,0.021074,-0.026086,0.999438,0,0.77128,0.76085,19.934,0.179,13.314,571.633,-1,652.007,-1,486.640,511.290,617.018,618.128,-1,-1,-1,-1,-1,-1,35.298,-1,1,0,2,0,2,0,0,0,0,2,2,2,2,2,2,1,2
138,2026.556,2023.588,162.789,-146.754,-0.836149,0.547523,0.032767,-0.548114,-0.836313,-0.012323,0.020657,-0.028264,0.999387,0,0.76978,0.76394,20.162,0.334,13.306,572.646,-1,654.929,-1,487.582,512.604,617.642,631.772,-1,-1,-1,-1,-1,-1,26.713,-1,1,0,2,0,2,0,0,0,0,2,2,2,2,2,2,1,2
139,2010.872,2010.422,164.590,-146.277,-0.831582,0.554490,0.031804,-0.555069,-0.831702,-0.013053,0.019213,-0.028508,0.999409,0,0.76905,0.76546,20.478,0.477,13.610,571.212,-1,651.821,-1,485.416,510.122,620.749,638.489,-1,-1,-1,-1,-1,-1,14.954,-1,1,0,2,0,2,0,0,0,0,2,2,2,2,2,2,1,2
140,1995.244,1996.631,165.464,-145.688,-0.825851,0.563094,0.029911,-0.563614,-0.825942,-0.012653,0.017580,-0.027308,0.999472,0,0.76902,0.76553,20.843,0.590,-1,568.706,-1,644.581,-1,481.075,504.757,624.873,639.275,-1,-1,-1,-1,-1,-1,-1,-1,2,0,2,0,2,0,0,0,0,2,2,2,2,2,2,2,2
141,1979.797,1982.177,165.438,-144.977,-0.818823,0.573428,0.026638,-0.573840,-0.818891,-0.011199,0.015392,-0.024456,0.999582,0,0.76952,0.76450,21.155,0.711,-1,565.067,-1,632.416,-1,474.077,495.960,630.682,633.737,-1,-1,-1,-1,-1,-1,-1,-1,2,0,2,0,2,0,0,0,0,2,2,2,2,2,2,2,2
142,1964.555,1967.134,164.634,-144.160,-0.810594,0.585197,0.021965,-0.585482,-0.810628,-0.009613,0.012180,-0.020652,0.999713,0,0.77061,0.76223,21.415,0.817,9.189,558.149,-1,615.364,-1,463.946,483.507,636.802,623.961,-1,-1,-1,-1,-1,-1,9.517,-1,1,0,2,0,2,0,0,0,0,2,2,2,2,2,2,1,2
143,1949.680,1951.478,163.259,-143.230,-0.801018,0.598442,0.015374,-0.598593,-0.801012,-0.008142,0.007443,-0.015725,0.999849,0,0.77222,0.75889,21.596,0.930,19.695,547.647,-1,592.185,-1,450.522,467.183,643.967,608.928,-1,-1,-1,-1,-1,-1,20.601,-1,1,0,2,0,2,0,0,0,0,2,2,2,2,2,2,1,2
144,1935.138,1935.295,161.623,-142.229,-0.790467,0.612460,0.007358,-0.612503,-0.790428,-0.007929,0.000960,-0.010774,0.999942,0,0.77442,0.75432,21.756,1.000,26.688,533.160,-1,565.539,-1,434.454,448.246,650.472,591.797,-1,-1,-1,-1,1001.980,-1,27.897,-1,1,0,2,0,2,0,0,0,0,2,2,2,2,0,2,1,2
145,1920.860,1918.500,159.872,-141.176,-0.779058,0.626950,-0.001621,-0.626923,-0.779045,-0.007531,-0.005984,-0.004851,0.999970,0,0.77699,0.74899,22.044,1.054,31.666,518.521,-1,538.044,-1,418.932,428.632,659.483,572.830,-1,-1,-1,-1,966.964,-1,33.095,-1,1,0,2,0,2,0,0,0,0,2,2,2,2,0,2,1,2
146,1907.641,1900.985,158.655,-139.990,-0.765872,0.642896,-0.011171,-0.642866,-0.765951,-0.006542,-0.012762,0.002171,0.999916,0,0.77983,0.74310,21.943,1.185,37.110,507.419,-1,510.660,18.349,405.779,410.466,673.980,554.079,-1,-1,-1,-1,939.341,940.697,38.477,22.418,1,0,2,0,1,0,0,0,0,2,2,2,2,0,0,1,1
147,1895.511,1882.751,158.386,-138.715,-0.751326,0.659686,-0.017996,-0.659713,-0.751499,-0.005210,-0.016961,0.007958,0.999824,0,0.78351,0.73547,21.900,1.275,36.042,504.412,-1,491.971,18.705,398.435,398.615,689.535,541.389,-1,-1,-1,-1,930.246,897.268,37.719,22.536,1,0,2,0,1,0,0,0,0,2,2,2,2,0,0,1,1
148,1884.074,1863.918,158.989,-137.362,-0.735530,0.677214,-0.019400,-0.677267,-0.735722,-0.004717,-0.017468,0.009670,0.999801,0,0.78784,0.72649,22.034,1.353,34.177,509.679,-1,487.323,18.642,397.597,394.154,696.729,539.194,-1,-1,-1,-1,942.675,889.550,35.703,22.514,1,0,2,0,1,0,0,0,0,2,2,2,2,0,0,1,1
149,1872.840,1844.608,160.221,-136.066,-0.720061,0.693758,-0.014540,-0.693765,-0.720181,-0.005425,-0.014236,0.006181,0.999880,0,0.79266,0.71649,22.340,1.296,32.906,521.171,-1,493.889,18.359,403.501,398.088,691.401,549.145,-1,-1,-1,-1,970.400,914.624,34.127,22.422,1,0,2,0,1,0,0,0,0,2,2,2,2,0,0,1,1
150,1861.728,1824.713,161.685,-134.808,-0.704709,0.709475,-0.005547,-0.709449,-0.704731,-0.006068,-0.008214,-0.000341,0.999966,0,0.79722,0.70703,22.788,1.258,29.169,537.730,-1,508.695,18.818,415.822,408.787,678.952,561.928,-1,-1,-1,-1,-1,957.444,30.612,22.577,1,0,2,0,1,0,0,0,0,2,2,2,2,2,0,1,1
151,1851.536,1804.079,162.992,-133.449,-0.687706,0.725980,0.003561,-0.725988,-0.687687,-0.005341,-0.001429,-0.006259,0.999979,0,0.80158,0.69797,23.014,1.359,21.080,557.215,-1,527.985,18.692,429.767,420.615,668.310,573.791,-1,-1,-1,-1,-1,1000.425,22.052,22.532,1,0,2,0,1,0,0,0,0,2,2,2,2,2,0,1,1
152,1841.591,1782.908,163.885,-132.074,-0.670083,0.742167,0.013344,-0.742267,-0.670087,-0.004783,0.005392,-0.013110,0.999900,0,0.80663,0.68750,23.390,1.375,13.064,575.882,-1,547.969,18.663,443.454,433.778,654.152,586.868,-1,-1,-1,-1,-1,-1,13.656,22.522,1,0,2,0,1,0,0,0,0,2,2,2,2,2,2,1,1
153,1832.348,1761.179,164.339,-130.654,-0.651450,0.758417,0.020405,-0.758621,-0.651521,-0.003847,0.010377,-0.017986,0.999784,0,0.81178,0.67682,23.614,1.421,618.073,591.322,-1,562.147,16.409,454.857,445.057,644.125,595.017,-1,-1,-1,-1,-1,-1,-1,11.292,1,0,2,0,1,0,0,0,0,2,2,2,2,2,2,2,1
154,1823.784,1738.927,164.316,-129.149,-0.631287,0.775174,0.024107,-0.775436,-0.631422,-0.002534,0.013257,-0.020293,0.999706,0,0.81729,0.66538,23.842,1.504,596.499,603.168,-1,569.045,11.133,462.853,451.333,639.333,595.495,-1,-1,-1,-1,-1,-1,-1,22.498,1,0,2,0,1,0,0,0,0,2,2,2,2,2,2,2,1
155,1815.721,1716.263,164.007,-127.582,-0.609827,0.792104,0.026123,-0.792397,-0.610004,-0.001459,0.014780,-0.021589,0.999658,0,0.82335,0.65281,24.056,1.567,575.988,612.471,-1,570.833,18.766,468.078,454.832,636.066,593.312,-1,-1,-1,-1,-1,-1,-1,22.558,1,0,2,0,1,0,0,0,0,2,2,2,2,2,2,2,1
156,1807.819,1693.243,163.650,-126.007,-0.587812,0.808510,0.028084,-0.808846,-0.588020,-0.001042,0.015672,-0.023328,0.999605,0,0.82981,0.63941,24.338,1.575,544.799,619.642,-1,572.141,18.679,472.578,458.419,631.375,591.731,-1,-1,-1,-1,-1,-1,561.248,22.527,1,0,2,0,1,0,0,0,0,2,2,2,2,2,2,1,1
157,1800.651,1669.981,163.462,-124.420,-0.565180,0.824425,0.029920,-0.824814,-0.565403,-0.001208,0.015921,-0.025362,0.999552,0,0.54205,0.81501,24.342,1.587,-1,625.782,-1,572.415,18.623,476.631,461.424,626.470,589.295,-1,-1,-1,-1,-1,-1,538.160,22.508,2,0,2,0,1,0,0,0,0,2,2,2,2,2,2,1,1
158,1794.860,1646.624,163.492,-122.717,-0.540420,0.840810,0.031382,-0.841251,-0.540642,-0.001647,0.015582,-0.027290,0.999506,0,0.54642,0.80105,24.063,1.703,-1,608.825,-1,573.491,18.746,480.969,464.430,622.648,587.411,-1,-1,-1,-1,-1,-1,516.335,22.551,2,1,2,0,1,0,0,0,0,2,2,2,2,2,2,1,1
159,1790.298,1623.126,163.724,-120.923,-0.513814,0.857223,0.034114,-0.857751,-0.514063,-0.001695,0.016084,-0.030132,0.999417,0,0.55137,0.78520,23.937,1.794,-1,558.773,-1,576.996,18.687,488.092,470.598,617.570,586.794,-1,-1,-1,-1,-1,-1,495.276,22.530,2,1,2,0,1,0,0,0,0,2,2,2,2,2,2,1,1
160,1786.368,1599.376,164.111,-119.134,-0.486767,0.872637,0.039543,-0.873330,-0.487129,-0.000538,0.018793,-0.034797,0.999218,0,0.55683,0.76772,24.073,1.789,-1,510.934,-1,590.007,18.661,499.590,482.150,609.047,590.353,-1,-1,-1,-1,661.521,-1,474.248,22.521,2,1,2,0,1,0,0,0,0,2,2,2,2,1,2,1,1
161,1783.322,1575.456,164.696,-117.348,-0.459268,0.887118,0.045761,-0.887999,-0.459841,0.002253,0.023042,-0.039601,0.998950,0,0.56240,0.74990,24.114,1.786,-1,464.974,-1,607.022,18.510,514.998,497.283,601.130,595.304,-1,-1,-1,-1,544.393,-1,441.771,22.470,2,1,2,0,1,0,0,0,0,2,2,2,2,1,2,1,1
162,1781.349,1551.409,165.408,-115.497,-0.430290,0.901236,0.051227,-0.902264,-0.431139,0.006300,0.027764,-0.043509,0.998667,0,0.56814,0.73152,24.127,1.851,-1,459.794,-1,627.523,18.703,532.713,515.134,595.876,600.485,-1,-1,-1,-1,413.742,-1,-1,22.536,2,1,2,0,1,0,0,0,0,2,2,2,2,1,2,2,1
163,1780.153,1527.244,166.073,-113.580,-0.399832,0.914979,0.054292,-0.916041,-0.400939,0.010822,0.031670,-0.045407,0.998466,0,0.57433,0.71172,24.195,1.916,-1,463.481,-1,644.651,18.664,550.080,531.529,595.327,599.851,-1,-1,-1,-1,391.881,-1,-1,22.522,2,1,2,0,1,0,0,0,0,2,2,2,2,1,2,2,1
164,1779.627,1502.996,166.679,-111.650,-0.368715,0.927937,0.054613,-0.928899,-0.370009,0.015488,0.034579,-0.045019,0.998387,0,0.58091,0.69065,24.254,1.930,-1,428.096,-1,660.287,18.390,457.369,546.905,599.794,594.488,-1,-1,-1,-1,370.558,-1,-1,22.431,2,1,2,0,1,1,0,0,0,2,2,2,2,1,2,2,1
165,1779.509,1478.637,167.214,-109.750,-0.337686,0.939716,0.053868,-0.940525,-0.339130,0.020107,0.037163,-0.043874,0.998346,0,0.58772,0.66885,24.359,1.900,-1,393.861,-1,675.563,18.135,396.130,561.655,605.738,588.717,-1,-1,-1,-1,349.717,-1,-1,22.357,2,1,2,0,1,1,0,0,0,2,2,2,2,1,2,2,1
166,1779.749,1454.115,167.546,-107.893,-0.307010,0.950302,0.051690,-0.950933,-0.308496,0.023586,0.038360,-0.041913,0.998385,0,0.59458,0.64688,24.524,1.857,-1,358.290,-1,687.462,18.186,344.951,573.120,612.827,578.350,-1,-1,-1,-1,328.740,-1,-1,22.371,2,1,2,0,1,1,0,0,0,2,2,2,2,1,2,2,1
167,1780.397,1429.492,167.682,-106.083,-0.276833,0.959671,0.048935,-0.960183,-0.278253,0.024962,0.037572,-0.040077,0.998490,0,0.60146,0.62486,24.631,1.810,-1,305.718,-1,694.170,17.940,362.729,579.890,618.665,570.368,-1,-1,-1,-1,307.265,-1,-1,22.306,2,1,2,0,1,1,0,0,0,2,2,2,2,1,2,2,1
168,1781.464,1404.723,167.622,-104.341,-0.247529,0.967746,0.046864,-0.968230,-0.248846,0.024636,0.035504,-0.039276,0.998597,0,0.60837,0.60275,24.793,1.742,-1,284.558,-1,698.091,17.833,325.876,583.259,620.887,560.776,-1,-1,-1,-1,-1,-1,-1,22.282,2,1,2,0,1,1,0,0,0,2,2,2,2,2,2,2,1
169,1782.961,1379.795,167.247,-102.668,-0.219185,0.974618,0.045570,-0.975154,-0.220366,0.022667,0.032134,-0.039469,0.998704,0,0.61526,0.58068,24.973,1.673,-1,760.772,-1,698.007,17.798,291.187,482.573,619.664,555.913,-1,-1,-1,-1,-1,-1,-1,22.274,2,0,2,0,1,1,1,0,0,2,2,2,2,2,2,2,1
170,1784.930,1354.744,166.510,-101.053,-0.191640,0.980413,0.045444,-0.981086,-0.192648,0.018912,0.027296,-0.040961,0.998788,0,0.62216,0.55860,25.128,1.615,-1,746.536,-1,693.780,17.570,258.483,393.961,614.161,550.724,-1,-1,-1,-1,-1,-1,-1,22.231,2,0,2,0,1,1,1,0,0,2,2,2,2,2,2,2,1
171,1787.277,1329.644,165.413,-99.504,-0.165078,0.985121,0.047815,-0.986052,-0.165890,0.013509,0.021240,-0.044918,0.998765,0,0.45080,0.53628,25.210,1.549,-1,725.802,-1,686.722,17.253,227.383,316.729,601.849,551.288,-1,-1,-1,-1,-1,-1,-1,22.191,2,0,2,0,1,1,1,0,0,2,2,2,2,2,2,2,1
172,1789.886,1304.614,164.041,-98.098,-0.140848,0.988585,0.053493,-0.989936,-0.141380,0.006263,0.013754,-0.052073,0.998549,0,0.44570,0.51380,25.166,1.406,-1,697.997,203.634,676.831,17.020,182.231,186.079,581.687,560.519,-1,-1,-1,-1,-1,-1,-1,22.179,2,0,1,0,1,1,1,0,0,2,2,2,2,2,2,2,1
173,1792.771,1279.568,162.237,-96.819,-0.118730,0.991031,0.061318,-0.992912,-0.118834,-0.001973,0.005331,-0.061117,0.998116,0,0.44075,0.49197,25.212,1.279,-1,666.022,174.307,663.538,16.764,545.321,159.364,556.881,573.580,-1,-1,-1,-1,-1,-1,-1,22.186,2,0,1,0,1,0,1,0,0,2,2,2,2,2,2,2,1
174,1795.731,1254.458,160.016,-95.689,-0.099125,0.992521,0.071246,-0.995069,-0.098614,-0.010669,-0.003563,-0.071952,0.997402,0,0.43588,0.47052,25.283,1.130,-1,631.970,145.122,649.259,16.623,524.299,132.808,527.845,591.630,-1,-1,-1,-1,-1,-1,-1,22.200,2,0,1,0,1,0,1,0,0,2,2,2,2,2,2,2,1
175,1798.762,1229.326,157.475,-94.686,-0.081683,0.993317,0.081545,-0.996567,-0.080296,-0.020152,-0.013470,-0.082911,0.996466,0,0.43116,0.44974,25.314,1.003,-1,596.498,115.901,630.656,16.462,501.660,106.186,498.984,610.386,-1,-1,-1,-1,-1,-1,-1,22.226,2,0,1,0,1,0,1,0,0,2,2,2,2,2,2,2,1
176,1802.009,1204.074,154.964,-93.771,-0.065760,0.993688,0.090878,-0.997587,-0.063437,-0.028229,-0.022285,-0.092515,0.995462,0,0.42653,0.42932,25.460,0.914,13.732,565.910,87.395,85.083,16.318,481.754,79.992,474.360,626.094,-1,-1,-1,-1,941.785,-1,28.294,22.261,1,0,1,1,1,0,1,0,0,2,2,2,2,0,2,1,1
177,1805.208,1178.506,152.933,-92.929,-0.051084,0.993980,0.096920,-0.998310,-0.048132,-0.032557,-0.027696,-0.098419,0.994760,0,0.42182,0.40858,25.767,0.842,13.597,546.381,-1,57.940,16.199,468.707,54.693,458.699,631.736,-1,-1,-1,-1,892.520,60.044,38.543,22.298,1,0,2,1,1,0,1,0,0,2,2,2,2,0,1,1,1
178,1808.340,1152.635,151.489,-92.124,-0.037042,0.994395,0.099027,-0.998877,-0.033916,-0.033068,-0.029524,-0.100141,0.994535,0,0.41701,0.38741,26.060,0.805,13.507,537.532,-1,31.964,16.098,463.135,30.296,451.952,627.517,-1,-1,-1,-1,874.043,33.110,42.289,22.336,1,0,2,1,1,0,1,0,0,2,2,2,2,0,1,1,1
179,1811.498,1126.650,150.661,-91.350,-0.023548,0.994924,0.097831,-0.999309,-0.020610,-0.030929,-0.028756,-0.098492,0.994722,0,0.34429,0.06696,26.176,0.774,13.450,536.345,-1,88.190,16.024,463.943,49.950,452.725,614.613,-1,-1,-1,-1,874.915,81.655,41.747,22.369,1,0,2,1,1,0,1,0,0,2,2,2,2,0,1,1,1
180,1814.126,1107.724,150.729,-91.639,-0.028586,0.995254,0.093017,-0.998870,-0.024908,-0.040464,-0.037955,-0.094068,0.994842,0,0.34231,0.05824,19.107,-0.289,14.139,520.414,-1,46.845,-1,449.611,26.319,458.461,599.603,-1,-1,-1,-1,839.973,43.285,40.426,-1,1,0,2,1,2,0,1,0,0,2,2,2,2,0,1,1,2
181,1818.874,1099.733,150.878,-92.994,-0.052130,0.996188,0.069935,-0.996542,-0.047356,-0.068276,-0.064704,-0.073253,0.995212,0,0.34280,0.06040,9.296,-1.355,16.070,483.605,-1,42.753,17.153,411.780,23.114,492.104,540.015,-1,-1,-1,-1,754.787,39.370,41.833,22.184,1,0,2,1,1,0,1,0,0,2,2,2,2,0,1,1,1
182,1824.717,1094.139,152.019,-94.462,-0.077528,0.995833,0.048012,-0.993494,-0.073137,-0.087296,-0.083421,-0.054468,0.995025,0,0.28856,-0.17086,8.089,-1.468,23.123,462.922,-1,46.476,17.728,390.085,24.021,527.819,496.028,-1,-1,-1,-1,715.419,42.762,39.466,22.260,1,0,2,1,1,0,1,0,0,2,2,2,2,0,1,1,1
183,1830.769,1089.761,154.311,-95.862,-0.101706,0.994188,0.035309,-0.990640,-0.097967,-0.095051,-0.091040,-0.044645,0.994846,0,0.29127,-0.15655,7.469,-1.400,32.562,458.944,-1,52.669,18.015,384.645,25.968,551.667,480.913,-1,-1,-1,-1,708.506,48.449,33.459,22.325,1,0,2,1,1,0,1,0,0,2,2,2,2,0,1,1,1
184,1836.651,1085.803,157.200,-97.063,-0.122472,0.991899,0.033705,-0.988499,-0.118876,-0.093481,-0.088717,-0.044766,0.995050,0,0.29386,-0.14287,7.090,-1.201,21.170,467.509,-1,55.712,18.230,391.835,26.261,558.529,490.705,-1,-1,-1,-1,725.659,51.192,21.877,22.383,1,0,2,1,1,0,1,0,0,2,2,2,2,0,1,1,1
185,1842.177,1082.458,160.021,-98.102,-0.140472,0.989233,0.041066,-0.986772,-0.136491,-0.087476,-0.080929,-0.052811,0.995320,0,0.29608,-0.13116,6.460,-1.039,-1,481.135,-1,56.032,18.380,405.355,25.262,549.478,520.721,-1,-1,-1,-1,757.728,51.294,-1,22.428,2,0,2,1,1,0,1,0,0,2,2,2,2,0,1,2,1
186,1847.311,1079.736,162.153,-98.999,-0.156018,0.986350,0.052648,-0.985166,-0.151532,-0.080539,-0.071462,-0.064432,0.995360,0,0.29800,-0.12105,5.811,-0.897,-1,494.624,-1,54.323,18.531,419.918,23.434,532.738,559.472,-1,-1,-1,-1,791.145,49.431,-1,22.477,2,0,2,1,1,0,1,0,0,2,2,2,2,0,1,2,1
187,1852.010,1077.597,163.171,-99.740,-0.168845,0.983499,0.064975,-0.983643,-0.163938,-0.074639,-0.062755,-0.076514,0.995092,0,0.29965,-0.11231,5.163,-0.741,-1,504.680,-1,50.299,-1,431.757,20.814,513.554,597.602,-1,-1,-1,-1,816.763,45.428,-1,-1,2,0,2,1,2,0,1,0,0,2,2,2,2,0,1,2,2
188,1856.069,1075.957,163.005,-100.366,-0.179663,0.980572,0.078743,-0.982203,-0.174353,-0.069848,-0.054762,-0.089891,0.994445,0,0.30101,-0.10511,4.378,-0.626,-1,510.593,-1,44.950,-1,440.429,17.861,490.375,641.550,-1,-1,-1,-1,833.004,40.202,-1,-1,2,0,2,1,2,0,1,0,0,2,2,2,2,0,1,2,2
189,1859.609,1074.597,161.754,-100.876,-0.188490,0.977445,0.095247,-0.981007,-0.182875,-0.064673,-0.045796,-0.105628,0.993351,0,0.30217,-0.09902,3.792,-0.510,14.207,514.642,-1,36.729,-1,448.358,14.039,462.199,694.538,-1,-1,-1,-1,848.098,32.450,14.853,-1,1,0,2,1,2,0,1,0,0,2,2,2,2,0,1,1,2
190,1862.709,1073.876,159.706,-101.274,-0.195388,0.974281,0.112248,-0.980090,-0.189856,-0.058123,-0.035317,-0.121370,0.991979,0,0.30311,-0.09407,3.182,-0.398,28.260,519.814,-1,28.402,-1,457.421,10.491,434.314,752.018,-1,-1,-1,-1,868.600,24.791,29.540,-1,1,0,2,1,2,0,1,0,0,2,2,2,2,0,1,1,2
191,1865.104,1073.830,157.112,-101.524,-0.199734,0.971341,0.128853,-0.979584,-0.194877,-0.049385,-0.022859,-0.136087,0.990433,0,0.30384,-0.09020,2.396,-0.250,35.071,528.282,-1,21.439,-1,469.319,495.932,409.363,812.164,-1,-1,-1,-1,901.628,18.530,36.656,-1,1,0,2,1,2,0,0,0,0,2,2,2,2,0,1,1,2
192,4165.806,-739.628,10.602,116.935,-0.452938,-0.890645,0.039983,0.891437,-0.453117,0.004985,0.013677,0.037900,0.999188,1,0.30430,-0.08777,0.000,0.000,14.075,464.915,919.116,602.330,-1,420.851,457.849,549.122,763.696,-1,-1,-1,-1,702.094,-1,26.524,-1,1,0,1,0,2,0,0,0,0,2,2,2,2,0,2,1,2
193,4165.798,-739.300,15.441,116.930,-0.452851,-0.890739,0.038848,0.891471,-0.453063,0.003667,0.014335,0.036293,0.999238,0,0.56793,-0.06306,0.328,-0.005,14.153,475.070,918.149,616.758,-1,430.762,468.496,560.777,800.576,-1,-1,-1,-1,720.107,-1,26.058,-1,1,0,1,0,2,0,0,0,0,2,2,2,2,0,2,1,2
194,4165.513,-738.228,19.692,116.933,-0.452863,-0.890694,0.039735,0.891386,-0.453245,-0.000689,0.018623,0.035107,0.999210,0,0.56790,-0.06295,1.109,0.003,14.116,489.258,916.411,636.544,-1,444.082,483.102,571.924,833.706,-1,-1,-1,-1,749.572,-1,26.272,-1,1,0,1,0,2,0,0,0,0,2,2,2,2,0,2,1,2
195,4164.931,-736.522,22.986,116.938,-0.452873,-0.890604,0.041609,0.891214,-0.453524,-0.007293,0.025366,0.033780,0.999107,0,0.56785,-0.06282,1.803,0.005,8.751,505.806,915.338,658.265,-1,459.000,499.587,579.891,864.092,-1,-1,-1,-1,789.140,-1,23.599,-1,1,0,1,0,2,0,0,0,0,2,2,2,2,0,2,1,2
196,4164.075,-734.372,25.148,116.921,-0.452506,-0.890703,0.043430,0.891142,-0.453469,-0.015182,0.033217,0.031833,0.998941,0,0.56779,-0.06264,2.314,-0.017,-1,521.744,915.031,682.532,-1,473.549,516.055,582.801,893.183,-1,-1,-1,-1,848.376,-1,-1,-1,2,0,1,0,2,0,0,0,0,2,2,2,2,0,2,2,2
197,4163.049,-732.056,26.194,116.911,-0.452221,-0.890797,0.044460,0.890967,-0.453470,-0.023295,0.040913,0.029077,0.998740,0,0.56764,-0.06219,2.533,-0.010,-1,534.914,914.731,705.234,-1,485.896,530.530,580.186,922.096,-1,-1,-1,-1,908.216,-1,-1,-1,2,0,1,0,2,0,0,0,0,2,2,2,2,0,2,2,2
198,4161.775,-729.541,26.210,116.899,-0.451886,-0.890972,0.044372,0.890770,-0.453356,-0.031568,0.048243,0.025260,0.998516,0,0.56750,-0.06179,2.819,-0.012,-1,544.840,914.222,726.017,-1,495.874,542.811,571.810,952.588,-1,-1,-1,-1,964.904,-1,-1,-1,2,0,1,0,2,0,0,0,0,2,2,2,2,0,2,2,2
199,4160.312,-726.885,25.295,116.885,-0.451533,-0.891259,0.042144,0.890592,-0.453070,-0.039661,0.054443,0.019624,0.998324,0,0.56736,-0.06137,3.033,-0.013,-1,549.755,913.428,743.212,-1,502.273,551.848,556.396,985.895,-1,-1,-1,-1,-1,-1,-1,-1,2,0,1,0,2,0,0,0,0,2,2,2,2,2,2,2,2
200,4158.668,-723.954,23.591,116.830,-0.450555,-0.891976,0.037144,0.890783,-0.451933,-0.047563,0.059212,0.011657,0.998177,0,0.56721,-0.06092,3.360,-0.055,-1,549.003,911.359,757.035,-1,504.308,557.527,533.731,-1,-1,-1,-1,-1,-1,-1,-1,-1,2,0,1,0,2,0,0,0,2,2,2,2,2,2,2,2,2
201,4156.949,-720.812,21.516,116.733,-0.449016,-0.892997,0.030664,0.891476,-0.450045,-0.052239,0.060450,0.003880,0.998164,0,0.56690,-0.06003,3.582,-0.097,13.378,541.754,907.136,761.382,-1,500.523,556.511,510.905,-1,-1,-1,-1,-1,992.238,-1,10.732,-1,1,0,1,0,2,0,0,0,2,2,2,2,2,0,2,1,2
202,4155.265,-717.405,19.550,116.619,-0.447285,-0.894023,0.025675,0.892466,-0.448021,-0.052741,0.058654,-0.000676,0.998278,0,0.56645,-0.05869,3.801,-0.114,17.048,530.902,900.952,754.644,-1,492.579,549.914,495.399,-1,-1,-1,-1,-1,936.669,-1,22.179,-1,1,0,1,0,2,0,0,0,2,2,2,2,2,0,2,1,2
203,4153.770,-713.718,17.968,116.505,-0.445608,-0.894916,0.023632,0.893562,-0.446233,-0.049223,0.054596,-0.000817,0.998508,0,0.56591,-0.05713,3.979,-0.114,17.614,519.464,893.223,739.044,-1,482.566,539.488,489.817,-1,-1,-1,-1,-1,891.511,-1,22.238,-1,1,0,1,0,2,0,0,0,2,2,2,2,2,0,2,1,2
204,4152.625,-709.766,16.920,116.373,-0.443683,-0.895848,0.024536,0.894843,-0.444350,-0.042526,0.048999,0.003087,0.998794,0,0.56536,-0.05550,4.115,-0.132,18.289,508.952,886.019,718.940,-1,472.206,527.192,493.743,-1,-1,-1,-1,-1,852.625,-1,22.401,-1,1,0,1,0,2,0,0,0,2,2,2,2,2,0,2,1,2
205,4151.889,-705.483,16.372,116.196,-0.441044,-0.897061,0.027615,0.896466,-0.441800,-0.034066,0.042760,0.009731,0.999038,0,0.56472,-0.05361,4.346,-0.177,18.666,500.189,881.954,696.303,-1,462.772,515.053,504.920,1003.254,-1,-1,-1,-1,822.134,-1,22.522,-1,1,0,1,0,2,0,0,0,0,2,2,2,2,0,2,1,2
206,4151.477,-700.757,16.208,115.967,-0.437554,-0.898618,0.032115,0.898430,-0.438374,-0.025514,0.037006,0.017690,0.999158,0,0.56389,-0.05118,4.744,-0.229,18.656,493.975,877.701,675.936,-1,455.464,504.917,520.607,950.018,-1,-1,-1,-1,803.100,-1,22.519,-1,1,0,1,0,2,0,0,0,0,2,2,2,2,0,2,1,2
207,4151.207,-695.433,16.309,115.690,-0.433263,-0.900506,0.037045,0.900671,-0.434105,-0.018539,0.032776,0.025333,0.999142,0,0.56284,-0.04811,5.331,-0.277,18.652,490.766,873.055,661.101,-1,451.123,498.256,537.302,901.199,-1,-1,-1,-1,797.061,-1,22.518,-1,1,0,1,0,2,0,0,0,0,2,2,2,2,0,2,1,2
208,4150.973,-689.478,16.582,115.357,-0.428054,-0.902811,0.041252,0.903247,-0.428896,-0.013913,0.030254,0.031305,0.999052,0,0.56160,-0.04443,5.960,-0.333,18.651,489.917,867.946,652.570,-1,449.538,495.259,551.433,866.247,-1,-1,-1,-1,801.259,-1,22.517,-1,1,0,1,0,2,0,0,0,0,2,2,2,2,0,2,1,2
209,4150.750,-683.007,16.990,114.975,-0.422052,-0.905506,0.043952,0.906113,-0.422884,-0.011306,0.028824,0.035054,0.998970,0,0.56012,-0.04009,6.475,-0.381,18.630,490.066,862.458,648.898,-1,450.012,494.876,561.102,848.100,-1,-1,-1,-1,809.810,-1,22.510,-1,1,0,1,0,2,0,0,0,0,2,2,2,2,0,2,1,2
210,4150.498,-676.212,17.508,114.537,-0.415120,-0.908643,0.045195,0.909338,-0.415937,-0.010047,0.027927,0.036927,0.998928,0,0.55845,-0.03517,6.800,-0.438,18.530,490.467,856.767,648.436,-1,451.566,496.027,566.666,842.211,-1,-1,-1,-1,819.571,-1,22.477,-1,1,0,1,0,2,0,0,0,0,2,2,2,2,0,2,1,2
211,4150.241,-669.187,18.120,114.038,-0.407181,-0.912211,0.045542,0.912930,-0.407996,-0.009894,0.027607,0.037548,0.998913,0,0.55656,-0.02963,7.030,-0.499,18.417,491.504,850.999,650.813,-1,454.274,498.386,569.512,844.046,-1,-1,-1,-1,835.300,-1,22.440,-1,1,0,1,0,2,0,0,0,0,2,2,2,2,0,2,1,2
212,4149.970,-661.799,18.739,113.491,-0.398449,-0.916084,0.045044,0.916758,-0.399289,-0.011124,0.028176,0.036862,0.998923,0,0.55445,-0.02343,7.393,-0.547,18.620,493.724,852.953,656.503,-1,458.348,502.540,569.308,853.646,-1,-1,-1,-1,858.693,-1,22.507,-1,1,0,1,0,2,0,0,0,0,2,2,2,2,0,2,1,2
213,4149.715,-654.046,19.230,112.890,-0.388800,-0.920299,0.043420,0.920851,-0.389676,-0.013633,0.029466,0.034683,0.998964,0,0.55216,-0.01670,7.757,-0.601,18.472,497.975,863.945,664.209,-1,463.321,508.096,565.032,871.454,-1,-1,-1,-1,885.255,-1,22.457,-1,1,0,1,0,2,0,0,0,0,2,2,2,2,0,2,1,2
214,4149.428,-645.947,19.533,112.247,-0.378414,-0.924717,0.041250,0.925097,-0.379339,-0.017266,0.031614,0.031627,0.999000,0,0.54966,-0.00935,8.105,-0.643,18.454,503.032,876.414,673.960,-1,469.368,515.126,558.163,894.733,-1,-1,-1,-1,919.544,-1,22.451,-1,1,0,1,0,2,0,0,0,0,2,2,2,2,0,2,1,2
215,4149.146,-637.527,19.768,111.575,-0.367503,-0.929204,0.039017,0.929407,-0.368462,-0.020924,0.033819,0.028573,0.999019,0,0.54699,-0.00152,8.425,-0.673,18.406,508.251,890.023,684.040,-1,475.623,522.816,551.199,917.234,-1,-1,-1,-1,955.715,-1,22.437,-1,1,0,1,0,2,0,0,0,0,2,2,2,2,0,2,1,2
216,4148.906,-628.803,20.018,110.886,-0.356285,-0.933643,0.037031,0.933703,-0.357253,-0.023843,0.035490,0.026081,0.999030,0,0.54421,0.00667,8.727,-0.689,18.338,513.061,904.419,692.807,-1,481.366,529.764,545.266,936.267,-1,-1,-1,-1,993.111,-1,22.416,-1,1,0,1,0,2,0,0,0,0,2,2,2,2,0,2,1,2
217,4148.745,-619.856,20.373,110.198,-0.345038,-0.937897,0.036027,0.937888,-0.346009,-0.025370,0.036260,0.025035,0.999029,0,0.54135,0.01508,8.948,-0.688,18.195,517.409,-1,697.874,-1,486.253,535.250,542.426,946.455,-1,-1,-1,-1,-1,-1,22.373,-1,1,0,2,0,2,0,0,0,0,2,2,2,2,2,2,1,2
218,4148.703,-610.701,20.874,109.516,-0.333860,-0.941924,0.036273,0.941934,-0.334840,-0.025350,0.036024,0.025703,0.999020,0,0.53847,0.02353,9.156,-0.682,18.050,521.317,-1,699.650,-1,490.146,538.379,543.966,946.103,-1,-1,-1,-1,-1,-1,22.334,-1,1,0,2,0,2,0,0,0,0,2,2,2,2,2,2,1,2
219,4148.764,-601.329,21.467,108.844,-0.322804,-0.945741,0.037020,0.945834,-0.323771,-0.023880,0.034570,0.027306,0.999029,0,0.51008,0.27417,9.372,-0.672,17.659,524.361,-1,698.037,-1,492.422,539.255,547.854,940.054,-1,-1,-1,-1,-1,-1,22.246,-1,1,0,2,0,2,0,0,0,0,2,2,2,2,2,2,1,2
220,4148.828,-591.726,22.070,108.206,-0.312275,-0.949214,0.038425,0.949431,-0.313224,-0.021694,0.032628,0.029707,0.999026,0,0.50736,0.28257,9.603,-0.638,17.180,527.350,-1,694.499,-1,493.867,539.038,553.695,929.552,-1,-1,-1,-1,926.694,-1,22.185,-1,1,0,2,0,2,0,0,0,0,2,2,2,2,1,2,1,2
221,4148.777,-581.869,22.645,107.606,-0.302321,-0.952336,0.040721,0.952708,-0.303268,-0.019372,0.030798,0.032939,0.998983,0,0.50473,0.29068,9.857,-0.601,16.624,530.709,-1,690.285,-1,495.306,538.562,561.614,914.798,-1,-1,-1,-1,894.672,-1,22.200,-1,1,0,2,0,2,0,0,0,0,2,2,2,2,1,2,1,2
222,4148.520,-571.714,23.086,107.050,-0.293088,-0.955128,0.042776,0.955653,-0.294008,-0.016944,0.028760,0.035913,0.998941,0,0.50221,0.29846,10.158,-0.556,16.642,533.463,-1,685.049,-1,495.756,536.888,568.589,901.839,-1,-1,-1,-1,864.293,-1,22.198,-1,1,0,2,0,2,0,0,0,0,2,2,2,2,1,2,1,2
223,4148.173,-561.290,23.334,106.506,-0.284015,-0.957821,0.043754,0.958460,-0.284863,-0.014422,0.026278,0.037841,0.998938,0,0.49982,0.30582,10.430,-0.544,16.355,534.208,-1,678.948,-1,494.845,533.930,571.383,894.257,-1,-1,-1,-1,834.468,-1,22.251,-1,1,0,2,0,2,0,0,0,0,2,2,2,2,1,2,1,2
224,4147.689,-550.553,23.370,105.984,-0.275289,-0.960335,0.044401,0.961066,-0.276056,-0.012054,0.023833,0.039354,0.998941,0,0.49746,0.31313,10.748,-0.522,16.077,534.072,-1,672.566,-1,493.267,530.532,570.438,888.424,-1,-1,-1,-1,805.479,-1,22.345,-1,1,0,2,0,2,0,0,0,0,2,2,2,2,1,2,1,2
225,4146.979,-539.443,23.173,105.514,-0.267405,-0.962500,0.045700,0.963332,-0.268119,-0.010170,0.022042,0.041305,0.998903,0,0.49515,0.32025,11.133,-0.470,15.915,534.527,-1,666.373,-1,491.234,527.348,570.059,880.045,-1,-1,-1,-1,777.960,-1,22.422,-1,1,0,2,0,2,0,0,0,0,2,2,2,2,1,2,1,2
226,4146.052,-527.976,22.778,105.093,-0.260336,-0.964340,0.047676,0.965293,-0.261025,-0.008733,0.020867,0.043748,0.998825,0,0.49299,0.32692,11.505,-0.420,15.769,535.438,-1,660.339,-1,489.657,524.386,570.538,869.153,-1,-1,-1,-1,751.721,-1,22.510,-1,1,0,2,0,2,0,0,0,0,2,2,2,2,1,2,1,2
227,4145.005,-516.227,22.305,104.711,-0.253894,-0.965921,0.050343,0.967023,-0.254578,-0.007576,0.020135,0.046760,0.998703,0,0.49097,0.33314,11.796,-0.382,15.447,536.737,-1,654.413,-1,488.527,521.673,572.528,855.951,-1,-1,-1,-1,731.412,-1,22.771,-1,1,0,2,0,2,0,0,0,0,2,2,2,2,1,2,1,2
228,4143.810,-504.204,21.835,104.369,-0.248116,-0.967253,0.053481,0.968533,-0.248801,-0.006454,0.019549,0.050197,0.998548,0,0.48907,0.33903,12.082,-0.342,15.159,538.302,-1,648.239,-1,487.487,518.895,575.930,841.290,-1,-1,-1,-1,719.268,-1,23.112,-1,1,0,2,0,2,0,0,0,0,2,2,2,2,1,2,1,2
229,4142.437,-491.959,21.450,104.081,-0.243245,-0.968294,0.056909,0.969783,-0.243917,-0.005066,0.018786,0.053957,0.998367,0,0.48727,0.34456,12.322,-0.288,14.773,539.533,-1,641.347,-1,486.098,515.232,580.179,826.345,-1,-1,-1,-1,706.961,-1,23.809,-1,1,0,2,0,2,0,0,0,0,2,2,2,2,1,2,1,2
230,4140.855,-479.507,21.226,103.849,-0.239321,-0.969050,0.060552,0.970776,-0.239961,-0.003417,0.017841,0.057965,0.998159,0,0.48564,0.34959,12.552,-0.232,14.541,540.528,-1,633.962,-1,484.487,511.114,585.059,812.351,-1,-1,-1,-1,694.464,-1,24.429,-1,1,0,2,0,2,0,0,0,0,2,2,2,2,1,2,1,2
231,4139.055,-466.850,21.100,103.669,-0.236281,-0.969620,0.063311,0.971550,-0.236832,-0.001243,0.016200,0.061216,0.997993,0,0.48419,0.35409,12.785,-0.180,14.543,539.780,-1,625.597,-1,481.544,505.980,586.547,803.293,-1,-1,-1,-1,681.835,-1,24.423,-1,1,0,2,0,2,0,0,0,0,2,2,2,2,1,2,1,2
232,4137.152,-453.993,21.059,103.493,-0.233297,-0.970245,0.064789,0.972306,-0.233710,0.001231,0.013948,0.063282,0.997898,0,0.48289,0.35810,12.996,-0.176,14.397,537.873,-1,616.970,-1,477.574,500.239,584.444,800.036,-1,-1,-1,-1,669.069,-1,24.919,-1,1,0,2,0,2,0,0,0,0,2,2,2,2,1,2,1,2
233,4135.096,-440.925,21.106,103.328,-0.230512,-0.970846,0.065740,0.973001,-0.230773,0.003688,0.011590,0.064815,0.997830,0,0.48159,0.36211,13.229,-0.164,14.226,535.511,-1,608.621,-1,473.465,494.511,580.919,799.697,-1,-1,-1,-1,656.069,-1,25.671,-1,1,0,2,0,2,0,0,0,0,2,2,2,2,1,2,1,2
234,4132.875,-427.700,21.266,103.188,-0.228135,-0.971344,0.066675,0.973584,-0.228252,0.005970,0.009420,0.066275,0.997757,0,0.48031,0.36604,13.410,-0.140,13.963,533.397,-1,600.830,-1,469.757,489.163,577.708,798.681,-1,-1,-1,-1,642.846,-1,27.336,-1,1,0,2,0,2,0,0,0,0,2,2,2,2,1,2,1,2
235,4130.387,-414.276,21.528,103.105,-0.226735,-0.971465,0.069620,0.973918,-0.226783,0.007327,0.008671,0.069466,0.997547,0,0.47911,0.36975,13.652,-0.082,13.517,534.380,-1,594.622,-1,467.805,486.024,580.539,791.132,-1,-1,-1,-1,629.189,-1,34.177,-1,1,0,2,0,2,0,0,0,0,2,2,2,2,1,2,1,2
236,4127.436,-400.635,21.734,103.153,-0.227543,-0.970839,0.075468,0.973722,-0.227598,0.007979,0.009430,0.075301,0.997116,0,0.47808,0.37292,13.957,0.048,13.355,539.156,-1,588.815,-1,467.773,484.280,592.007,773.968,-1,-1,-1,-1,615.056,-1,42.729,-1,1,0,2,0,2,0,0,0,0,2,2,2,2,1,2,1,2
237,4124.178,-386.812,21.807,103.304,-0.230112,-0.969672,0.082373,0.973104,-0.230217,0.008348,0.010869,0.082078,0.996567,0,0.47747,0.37480,14.202,0.151,13.298,545.014,-1,582.870,-1,469.331,482.744,607.537,755.101,-1,-1,-1,-1,600.670,-1,41.034,-1,1,0,2,0,2,0,0,0,0,2,2,2,2,1,2,1,2
238,4120.790,-372.817,21.821,103.500,-0.233431,-0.968257,0.089377,0.972290,-0.233623,0.008453,0.012696,0.088874,0.995962,0,0.47719,0.37567,14.399,0.196,13.318,552.893,-1,577.873,-1,471.223,481.492,624.175,736.856,-1,-1,-1,-1,586.123,-1,39.726,-1,1,0,2,0,2,0,0,0,0,2,2,2,2,1,2,1,2
239,4116.986,-358.857,21.827,103.792,-0.238368,-0.966358,0.096603,0.971080,-0.238553,0.009805,0.013570,0.096146,0.995275,0,0.47705,0.37613,14.469,0.291,13.524,559.341,-1,570.477,-1,471.216,478.275,644.424,717.608,-1,-1,-1,-1,571.576,-1,36.630,-1,1,0,2,0,2,0,0,0,0,2,2,2,2,1,2,1,2
240,4112.769,-344.961,21.832,104.165,-0.244694,-0.964129,0.102859,0.969518,-0.244671,0.013028,0.012606,0.102911,0.994611,0,0.47721,0.37560,14.522,0.373,13.672,560.277,-1,559.592,-1,467.191,471.966,665.854,701.241,-1,-1,-1,-1,557.098,-1,34.528,-1,1,0,2,0,2,0,0,0,0,2,2,2,2,1,2,1,2
241,4108.271,-331.034,21.825,104.565,-0.251460,-0.961845,0.107810,0.967813,-0.251065,0.017444,0.010289,0.108726,0.994018,0,0.47766,0.37423,14.636,0.400,14.377,556.867,-1,546.763,-1,460.716,463.398,684.366,688.351,-1,-1,-1,-1,542.577,-1,35.409,-1,1,0,2,0,2,0,0,0,0,2,2,2,2,1,2,1,2
242,4103.406,-317.236,21.898,105.010,-0.258976,-0.959262,0.112909,0.965858,-0.258042,0.023064,0.007011,0.115027,0.993338,0,0.47819,0.37259,14.630,0.445,19.486,551.348,-1,532.179,-1,452.812,453.683,707.559,674.366,-1,-1,-1,-1,528.075,-1,36.836,-1,1,0,2,0,2,0,0,0,0,2,2,2,2,1,2,1,2
243,4097.875,-303.714,22.043,105.611,-0.269108,-0.955612,0.119945,0.963104,-0.267465,0.029902,0.003507,0.123566,0.992330,0,0.47888,0.37046,14.609,0.602,21.126,545.938,-1,515.910,16.294,444.987,443.187,747.385,648.545,-1,-1,-1,-1,513.659,-1,36.612,12.051,1,0,2,0,1,0,0,0,0,2,2,2,2,1,2,1,1
244,4091.902,-290.205,22.306,106.302,-0.280708,-0.951308,0.127344,0.959792,-0.278466,0.035451,0.001736,0.132175,0.991225,0,0.48011,0.36667,14.771,0.691,14.745,534.079,-1,502.898,10.142,440.448,434.983,795.954,623.970,-1,-1,-1,-1,499.111,-1,37.135,22.183,1,1,2,0,1,0,0,0,0,2,2,2,2,1,2,1,1
245,4085.942,-276.349,22.516,106.951,-0.291552,-0.947129,0.133955,0.956554,-0.288879,0.039413,0.001368,0.139626,0.990203,0,0.48163,0.36196,15.084,0.648,13.787,518.198,-1,493.118,-1,438.082,429.022,841.885,603.420,-1,-1,-1,-1,484.225,-1,37.907,-1,1,1,2,0,2,0,0,0,0,2,2,2,2,1,2,1,2
246,4080.031,-262.404,22.683,107.527,-0.301150,-0.943150,0.140633,0.953576,-0.298047,0.043134,0.001234,0.147094,0.989122,0,0.33394,0.20167,15.146,0.576,13.381,502.150,-1,484.551,-1,436.290,423.553,893.939,584.048,-1,-1,-1,-1,469.210,-1,41.646,-1,1,1,2,0,2,0,0,0,0,2,2,2,2,1,2,1,2
247,4074.271,-248.486,22.893,108.017,-0.309306,-0.939426,0.147679,0.950961,-0.305816,0.046357,0.001614,0.154776,0.987948,0,0.33470,0.19825,15.062,0.491,13.309,486.006,-1,477.281,-1,435.314,419.164,952.391,565.167,-1,-1,-1,-1,454.166,-1,42.751,-1,1,1,2,0,2,0,0,0,0,2,2,2,2,1,2,1,2
248,4068.650,-234.451,23.155,108.433,-0.316195,-0.936047,0.154395,0.948690,-0.312480,0.048415,0.002926,0.161781,0.986822,0,0.33527,0.19570,15.119,0.416,13.300,469.612,-1,472.392,12.470,435.825,416.518,-1,548.613,-1,-1,-1,-1,438.965,-1,42.464,10.271,1,1,2,0,1,0,0,2,0,2,2,2,2,1,2,1,1
249,4062.994,-220.470,23.824,108.821,-0.322610,-0.933035,0.159275,0.946516,-0.318984,0.048543,0.005514,0.166417,0.986040,0,0.33566,0.19396,15.082,0.388,13.321,453.124,-1,471.932,15.771,440.728,418.494,-1,538.525,-1,-1,-1,-1,423.737,-1,40.425,22.507,1,1,2,0,1,0,0,2,0,2,2,2,2,1,2,1,1
250,4057.103,-206.508,24.769,109.203,-0.328903,-0.930253,0.162642,0.944313,-0.325764,0.046384,0.009834,0.168841,0.985594,0,0.33599,0.19250,15.154,0.382,13.343,436.444,-1,476.641,15.831,448.337,424.143,-1,530.973,-1,-1,-1,-1,408.421,-1,37.330,22.470,1,1,2,0,1,0,0,2,0,2,2,2,2,1,2,1,1
251,4050.956,-192.696,25.874,109.587,-0.335192,-0.927691,0.164428,0.942017,-0.332934,0.041945,0.015831,0.168953,0.985497,0,0.33631,0.19109,15.118,0.384,13.278,419.769,-1,487.640,15.591,441.178,433.191,-1,525.700,-1,-1,-1,-1,393.186,-1,34.839,22.642,1,1,2,0,1,1,0,2,0,2,2,2,2,1,2,1,1
252,4044.480,-178.976,27.001,109.920,-0.340614,-0.925597,0.165084,0.939921,-0.339521,0.035687,0.023017,0.167322,0.985634,0,0.33663,0.18964,15.172,0.333,13.275,402.962,-1,502.351,15.568,422.426,445.334,-1,524.155,-1,-1,-1,-1,377.878,-1,31.839,22.660,1,1,2,0,1,1,0,2,0,2,2,2,2,1,2,1,1
253,4037.774,-165.273,27.897,110.224,-0.345530,-0.923805,0.164903,0.937892,-0.345793,0.028042,0.031117,0.164351,0.985911,0,0.33685,0.18867,15.255,0.305,13.379,386.118,-1,523.969,15.907,404.110,459.839,-1,524.683,-1,-1,-1,-1,362.559,-1,29.409,22.427,1,1,2,0,1,1,0,2,0,2,2,2,2,1,2,1,1
254,4030.715,-151.728,28.546,110.553,-0.350801,-0.921809,0.164943,0.935610,-0.352466,0.020043,0.039662,0.161353,0.986099,0,0.33700,0.18799,15.274,0.329,13.916,369.438,-1,550.873,14.533,385.327,474.911,998.565,524.505,-1,-1,-1,-1,347.380,-1,29.877,11.511,1,1,2,0,1,1,0,0,0,2,2,2,2,1,2,1,1
255,4023.163,-138.517,28.967,110.978,-0.357594,-0.919025,0.165890,0.932635,-0.360598,0.012696,0.048152,0.159255,0.986063,0,0.33722,0.18701,15.217,0.425,17.523,353.183,-1,576.967,-1,365.073,491.198,976.562,521.581,-1,-1,-1,-1,332.547,-1,27.766,15.942,1,1,2,0,2,1,0,0,0,2,2,2,2,1,2,1,1
256,4014.942,-126.123,29.314,111.566,-0.367014,-0.915028,0.167402,0.928563,-0.371103,0.007324,0.055422,0.158132,0.985861,0,0.33767,0.18500,14.873,0.588,25.386,337.870,-1,606.736,12.017,345.366,505.879,969.016,515.466,-1,-1,-1,-1,318.466,-1,26.289,8.489,1,1,2,0,1,1,0,0,0,2,2,2,2,1,2,1,1
257,4006.328,-114.544,29.656,112.266,-0.378193,-0.910272,0.168449,0.923698,-0.383104,0.003608,0.061249,0.156961,0.985704,0,0.33854,0.18114,14.431,0.699,21.309,323.506,-1,635.795,9.247,329.001,519.045,965.357,507.677,-1,-1,-1,-1,305.146,-1,30.726,22.242,1,1,2,0,1,1,0,0,0,2,2,2,2,1,2,1,1
258,3997.776,-102.934,29.968,112.890,-0.388057,-0.906165,0.168154,0.919106,-0.394005,-0.002188,0.068236,0.153702,0.985758,0,0.33969,0.17598,14.420,0.624,18.900,309.083,-1,675.707,10.988,312.815,538.729,938.417,503.844,-1,-1,-1,-1,291.821,-1,33.673,8.202,1,1,2,0,1,1,0,0,0,2,2,2,2,1,2,1,1
259,3989.022,-91.465,30.267,113.480,-0.397258,-0.902115,0.168448,0.914513,-0.404450,-0.009271,0.076493,0.150365,0.985667,0,0.34067,0.17160,14.428,0.590,18.674,294.725,-1,731.299,11.069,296.855,561.944,911.717,500.577,-1,-1,-1,-1,278.612,-1,35.295,8.271,1,1,2,0,1,1,0,0,0,2,2,2,2,1,2,1,1
260,3980.073,-80.225,30.575,114.059,-0.406165,-0.897902,0.169712,0.909751,-0.414795,-0.017300,0.085930,0.147369,0.985342,0,0.34158,0.16754,14.367,0.579,16.794,280.599,-1,799.688,12.526,281.251,592.472,889.354,497.411,-1,-1,-1,-1,265.659,-1,36.710,9.478,1,1,2,0,1,1,0,0,0,2,2,2,2,1,2,1,1
261,3971.391,-69.038,31.114,114.586,-0.414172,-0.894042,0.170734,0.905234,-0.424166,-0.025187,0.094938,0.144123,0.984995,0,0.34248,0.16355,14.160,0.527,14.190,266.602,343.733,876.169,-1,266.029,629.215,865.401,495.565,-1,-1,-1,-1,254.474,-1,38.797,-1,1,1,1,0,2,1,0,0,0,2,2,2,2,1,2,1,2
262,3961.418,-55.506,32.138,115.169,-0.423052,-0.889672,0.171789,0.900282,-0.434170,-0.031448,0.102564,0.141355,0.984632,0,0.34325,0.16010,16.810,0.584,14.823,252.601,317.889,951.522,-1,248.029,667.767,846.956,492.568,-1,-1,945.713,-1,245.363,-1,35.765,-1,1,1,1,0,2,1,0,0,0,2,2,0,2,1,2,1,2
263,3954.892,-46.558,33.007,115.576,-0.429309,-0.886442,0.172960,0.896989,-0.440830,-0.032867,0.105380,0.141033,0.984380,0,0.34405,0.15652,11.076,0.407,14.812,245.519,300.475,983.445,-1,236.214,684.866,848.388,488.250,-1,-1,875.455,-1,238.634,-1,34.162,-1,1,1,1,0,2,1,0,0,0,2,2,0,2,1,2,1,2
264,3946.873,-35.452,34.326,116.094,-0.437329,-0.882251,0.174290,0.892938,-0.449016,-0.032341,0.106792,0.141487,0.984163,0,0.34462,0.15396,13.698,0.518,14.095,236.103,278.711,1000.121,-1,221.581,698.155,858.700,481.922,-1,-1,849.462,-1,229.477,-1,33.472,14.273,1,1,1,0,2,1,0,0,0,2,2,0,2,1,2,1,1
265,3938.947,-24.285,35.812,116.582,-0.444875,-0.878179,0.175747,0.889099,-0.456650,-0.031195,0.107650,0.142379,0.983941,0,0.34536,0.15069,13.694,0.488,13.717,225.557,257.746,-1,16.307,206.911,710.591,873.315,475.463,-1,-1,841.074,-1,219.167,-1,32.815,22.264,1,1,1,2,1,1,0,0,0,2,2,0,2,1,2,1,1
266,3931.054,-13.026,37.365,117.035,-0.451818,-0.874279,0.177471,0.885393,-0.463820,-0.030832,0.109270,0.143201,0.983643,0,0.34602,0.14775,13.750,0.454,13.378,214.132,237.794,-1,15.904,192.196,727.277,887.529,469.519,-1,-1,813.889,-1,208.058,-1,31.807,22.428,1,1,1,2,1,1,0,0,0,2,2,0,2,1,2,1,1
267,3923.297,-1.571,38.872,117.424,-0.457695,-0.870857,0.179227,0.882086,-0.470045,-0.031330,0.111529,0.143754,0.983309,0,0.34659,0.14519,13.834,0.388,13.290,200.982,219.084,-1,15.657,177.371,746.641,897.811,464.743,-1,-1,776.432,-1,195.330,-1,32.334,22.589,1,1,1,2,1,1,0,0,0,2,2,0,2,1,2,1,1
268,3915.618,10.070,40.241,117.754,-0.462613,-0.867811,0.181367,0.879145,-0.475446,-0.032495,0.114430,0.144415,0.982878,0,0.34700,0.14336,13.946,0.330,13.270,186.236,201.401,-1,15.491,162.439,768.573,906.650,460.002,-1,-1,723.591,-1,181.080,-1,29.151,22.728,1,1,1,2,1,1,0,0,0,2,2,0,2,1,2,1,1
269,3907.958,21.759,41.426,118.063,-0.467215,-0.864934,0.183300,0.876392,-0.480449,-0.033242,0.116819,0.145111,0.982495,0,0.34726,0.14218,13.975,0.309,13.272,170.521,183.925,-1,15.336,147.483,231.278,913.429,454.885,-1,-1,691.217,-1,165.848,-1,23.998,22.889,1,1,1,2,1,1,1,0,0,2,2,0,2,1,2,1,1
270,3900.214,33.657,42.532,118.347,-0.471438,-0.862369,0.184572,0.873833,-0.485023,-0.034192,0.119008,0.145165,0.982224,0,0.72099,-0.03796,14.196,0.284,13.313,153.656,166.482,-1,15.104,132.282,214.852,911.637,450.612,-1,982.582,668.332,-1,149.511,-1,19.143,23.194,1,1,1,2,1,1,1,0,0,2,0,0,2,1,2,1,1
271,3892.241,46.049,43.663,118.602,-0.475166,-0.860090,0.185641,0.871445,-0.489180,-0.035868,0.121661,0.144733,0.981963,0,0.72129,-0.03859,14.736,0.255,-1,135.234,149.004,-1,14.915,116.518,198.462,903.250,447.092,-1,929.023,639.521,-1,131.683,-1,-1,23.512,2,1,1,2,1,1,1,0,0,2,0,0,2,1,2,2,1
272,3884.101,58.893,44.827,118.813,-0.478264,-0.858246,0.186218,0.869487,-0.492565,-0.037043,0.123516,0.144197,0.981810,0,0.72139,-0.03881,15.206,0.211,-1,114.674,131.357,-1,14.748,100.124,182.070,890.740,443.864,-1,894.255,628.017,-1,111.726,-1,-1,23.868,2,1,1,2,1,1,1,0,0,2,0,0,2,1,2,2,1
273,3875.796,72.209,45.992,118.989,-0.480878,-0.856817,0.186066,0.867903,-0.495297,-0.037748,0.124501,0.143335,0.981812,0,0.72123,-0.03847,15.694,0.176,-1,92.099,113.380,-1,14.616,83.068,165.527,872.159,441.057,-1,876.019,631.917,-1,89.770,-1,-1,24.204,2,1,1,2,1,1,1,0,0,2,0,0,2,1,2,2,1
274,3867.340,85.973,47.179,119.148,-0.483270,-0.855635,0.185309,0.866547,-0.497651,-0.037946,0.124687,0.142240,0.981947,0,0.72085,-0.03766,16.154,0.159,-1,67.852,94.994,-1,14.501,65.387,148.695,850.690,438.510,-1,872.884,641.683,-1,66.155,-1,-1,24.552,2,1,1,2,1,1,1,0,0,2,0,0,2,1,2,2,1
275,3858.764,100.133,48.403,119.303,-0.485667,-0.854592,0.183848,0.865355,-0.499779,-0.037168,0.123647,0.141042,0.982252,0,0.72034,-0.03655,16.554,0.154,-1,48.747,76.078,-1,14.438,47.088,131.431,827.878,436.003,-1,895.078,660.780,-1,46.371,-1,-1,24.773,2,1,1,2,1,1,1,0,0,2,0,0,2,1,2,2,1
276,3850.022,114.657,49.724,119.445,-0.487916,-0.853800,0.181556,0.864314,-0.501641,-0.036287,0.122058,0.139217,0.982711,0,0.71975,-0.03528,16.952,0.143,-1,29.238,56.777,-1,14.339,28.223,113.862,800.663,435.014,-1,930.541,685.364,-1,27.802,-1,-1,25.152,2,1,1,2,1,1,1,0,0,2,0,0,2,1,2,2,1
277,3841.126,129.438,51.181,119.590,-0.490284,-0.852930,0.179256,0.863391,-0.503402,-0.033807,0.119072,0.138193,0.983221,0,0.71905,-0.03378,17.251,0.145,-1,9.090,37.033,-1,14.362,8.770,95.813,780.316,433.106,-1,1001.841,722.630,-1,8.638,-1,-1,25.060,2,1,1,2,1,1,1,0,0,2,0,0,2,1,2,2,1
278,3832.053,144.602,52.665,119.735,-0.492677,-0.851946,0.177360,0.862527,-0.505103,-0.030294,0.115394,0.138053,0.983680,0,0.71833,-0.03223,17.672,0.145,-1,70.995,16.975,-1,14.361,129.354,77.367,766.184,429.772,-1,-1,787.387,-1,60.067,-1,-1,25.065,2,1,1,2,1,1,1,0,0,2,2,0,2,1,2,2,1
279,3822.805,160.111,54.230,119.882,-0.495102,-0.850887,0.175685,0.861640,-0.506828,-0.026491,0.111583,0.138262,0.984090,0,0.71755,-0.03056,18.057,0.147,-1,55.588,149.743,-1,14.360,105.188,58.628,755.694,425.964,-1,-1,863.433,-1,47.004,-1,-1,25.071,2,1,1,2,1,1,1,0,0,2,2,0,2,1,2,2,1
280,3813.328,175.804,56.018,120.039,-0.497676,-0.849695,0.174177,0.860656,-0.508693,-0.022424,0.107656,0.138747,0.984459,0,0.71673,-0.02880,18.333,0.157,-1,39.541,130.390,-1,14.371,80.306,39.570,749.908,422.926,-1,-1,964.774,-1,33.418,-1,-1,25.020,2,1,1,2,1,1,1,0,0,2,2,0,2,1,2,2,1
281,3803.632,191.884,57.948,120.181,-0.499979,-0.848746,0.172194,0.859695,-0.510427,-0.019703,0.104615,0.138183,0.984866,0,0.71593,-0.02707,18.777,0.143,-1,22.772,110.471,29.790,14.317,50.377,20.389,736.021,422.084,-1,-1,-1,-1,19.233,31.679,-1,25.243,2,1,1,1,1,1,1,0,0,2,2,2,2,1,1,2,1
282,3793.679,208.361,59.857,120.311,-0.502060,-0.848012,0.169737,0.858781,-0.512028,-0.017948,0.102130,0.136756,0.985326,0,0.71500,-0.02507,19.249,0.130,-1,161.423,90.072,24.228,14.221,12.090,47.152,714.848,422.303,-1,-1,-1,-1,183.818,22.834,-1,25.692,2,1,1,1,1,1,1,0,0,2,2,2,2,1,1,2,1
283,3783.530,225.247,61.665,120.436,-0.504035,-0.847343,0.167206,0.857880,-0.513582,-0.016618,0.099954,0.135066,0.985782,0,0.71396,-0.02283,19.701,0.124,-1,145.426,69.355,13.726,14.187,138.469,26.783,690.932,422.588,-1,-1,-1,-1,165.483,12.938,-1,25.867,2,1,1,1,1,1,1,0,0,2,2,2,2,1,1,2,1
284,3773.192,242.292,63.400,120.581,-0.506382,-0.846282,0.165484,0.856886,-0.515334,-0.013332,0.096563,0.135050,0.986122,0,0.71283,-0.02039,19.935,0.145,-1,128.835,48.563,1002.652,14.305,122.636,822.629,677.789,420.285,-1,-1,-1,-1,146.471,-1,-1,25.296,2,1,1,0,1,1,0,0,0,2,2,2,2,1,2,2,1
285,3763.511,257.530,65.163,121.051,-0.513663,-0.842128,0.164228,0.853146,-0.521633,-0.006404,0.091059,0.136821,0.986402,0,0.71175,-0.01809,18.053,0.470,13.975,112.909,27.840,982.529,14.029,107.256,805.082,686.467,415.577,-1,-1,-1,-1,128.193,-1,27.234,26.837,1,1,1,0,1,1,0,0,0,2,2,2,2,1,2,1,1
286,3756.226,267.084,67.554,122.053,-0.528682,-0.831693,0.169654,0.844336,-0.535795,0.004528,0.087134,0.145639,0.985493,0,0.71237,-0.01941,12.014,1.001,14.371,103.669,10.158,963.887,13.689,97.829,787.278,775.409,402.447,-1,-1,-1,-1,117.648,-1,25.023,30.430,1,1,1,0,1,1,0,0,0,2,2,2,2,1,2,1,1
287,3751.413,272.909,70.251,123.095,-0.543985,-0.820648,0.174980,0.834637,-0.550666,0.012160,0.086376,0.152660,0.984497,0,0.71606,-0.02736,7.556,1.042,14.797,99.655,139.251,957.029,13.428,93.423,780.802,889.831,395.072,-1,-1,-1,-1,113.120,-1,23.755,37.710,1,1,1,0,1,1,0,0,0,2,2,2,2,1,2,1,1
288,3748.930,276.713,72.712,123.846,-0.554805,-0.812941,0.176968,0.827328,-0.561540,0.014165,0.087860,0.154269,0.984115,0,0.77026,0.72526,4.542,0.751,15.012,98.631,136.038,959.756,13.342,92.100,8.317,960.267,397.385,-1,-1,-1,-1,112.014,-1,23.341,39.000,1,1,1,0,1,1,1,0,0,2,2,2,2,1,2,1,1
289,3747.645,279.305,74.615,124.354,-0.561941,-0.807637,0.178729,0.822096,-0.569209,0.012620,0.091542,0.154024,0.983817,0,0.77357,0.71860,2.893,0.509,15.109,99.484,136.266,969.722,13.312,92.654,14.730,996.931,402.145,-1,-1,-1,-1,113.093,-1,23.186,31.286,1,1,1,0,1,1,1,0,0,2,2,2,2,1,2,1,1
290,3746.750,281.264,75.831,124.751,-0.567313,-0.803202,0.181722,0.817758,-0.575486,0.009315,0.097097,0.153889,0.983306,0,0.77579,0.71412,2.154,0.396,15.215,101.299,138.146,8.888,-1,94.122,20.533,-1,405.408,-1,-1,-1,-1,115.331,8.286,23.037,-1,1,1,1,1,2,1,1,2,0,2,2,2,2,1,1,1,2
291,2310.881,-3412.211,-106.510,82.434,0.131657,-0.989689,-0.056418,0.991236,0.132057,-0.003401,0.010816,-0.055476,0.998401,1,0.77753,0.71062,0.000,0.000,13.961,518.304,-1,501.823,14.040,428.646,421.680,493.224,581.014,-1,-1,-1,-1,806.862,-1,27.346,26.763,1,0,2,0,1,0,0,0,0,2,2,2,2,0,2,1,1
292,2311.228,-3412.814,-103.413,82.428,0.131756,-0.990050,-0.049398,0.991216,0.132161,-0.005000,0.011478,-0.048306,0.998767,0,0.27094,-1.00000,0.695,-0.006,-1,531.037,-1,506.733,14.015,437.006,427.863,513.662,573.910,-1,-1,-1,-1,822.838,-1,-1,26.931,2,0,2,0,1,0,0,0,0,2,2,2,2,0,2,2,1
293,2311.631,-3413.028,-101.444,82.439,0.131573,-0.990341,-0.043736,0.991206,0.132061,-0.008448,0.014142,-0.042240,0.999007,0,0.27098,-1.00000,0.456,0.010,-1,544.502,-1,513.354,-1,445.841,434.812,530.007,566.620,-1,-1,-1,-1,841.560,-1,-1,-1,2,0,2,0,2,0,0,0,0,2,2,2,2,0,2,2,2
294,2312.069,-3412.873,-100.631,82.456,0.131269,-0.990572,-0.039191,0.991177,0.131876,-0.013314,0.018356,-0.037098,0.999143,0,0.27096,-1.00000,0.465,0.017,-1,557.888,-1,520.688,-1,454.537,442.016,542.174,558.411,-1,-1,-1,-1,-1,-1,-1,-1,2,0,2,0,2,0,0,0,0,2,2,2,2,2,2,2,2
295,2312.514,-3412.419,-100.806,82.473,0.130952,-0.990712,-0.036636,0.991125,0.131681,-0.018219,0.022875,-0.033925,0.999163,0,0.27092,-1.00000,0.636,0.018,-1,568.464,-1,527.371,-1,461.432,448.046,548.212,551.723,-1,-1,-1,-1,-1,-1,-1,-1,2,0,2,0,2,0,0,0,0,2,2,2,2,2,2,2,2
296,2312.883,-3411.711,-101.773,82.486,0.130729,-0.990744,-0.036564,0.991062,0.131581,-0.021952,0.026560,-0.033367,0.999090,0,0.27086,-1.00000,0.798,0.012,-1,573.715,-1,532.002,-1,465.041,451.493,547.042,548.161,-1,-1,-1,-1,-1,-1,-1,-1,2,0,2,0,2,0,0,0,0,2,2,2,2,2,2,2,2
297,2313.092,-3410.786,-103.235,82.492,0.130611,-0.990682,-0.038590,0.991037,0.131560,-0.023181,0.028042,-0.035216,0.998986,0,0.27080,-1.00000,0.948,0.007,-1,571.726,-1,532.306,-1,463.815,450.823,539.689,547.900,-1,-1,-1,-1,-1,-1,-1,-1,2,0,2,0,2,0,0,0,0,2,2,2,2,2,2,2,2
298,2313.112,-3409.640,-104.957,82.495,0.130567,-0.990526,-0.042555,0.991076,0.131561,-0.021449,0.026844,-0.039375,0.998864,0,0.27074,-1.00000,1.146,0.003,-1,562.067,-1,527.788,13.600,457.514,445.766,527.108,551.371,-1,-1,-1,-1,-1,-1,-1,26.144,2,0,2,0,1,0,0,0,0,2,2,2,2,2,2,2,1
299,2312.954,-3408.242,-106.758,82.490,0.130671,-0.990253,-0.048205,0.991154,0.131620,-0.017048,0.023227,-0.045551,0.998692,0,0.27068,-1.00000,1.407,-0.005,-1,546.147,-1,519.318,13.543,447.071,437.085,510.654,558.687,-1,-1,-1,-1,854.187,-1,-1,32.164,2,0,2,0,1,0,0,0,0,2,2,2,2,0,2,2,1
300,2312.696,-3406.568,-108.363,82.468,0.131066,-0.989908,-0.053885,0.991202,0.131862,-0.011480,0.018470,-0.051906,0.998481,0,0.27063,-1.00000,1.694,-0.022,14.673,528.728,-1,509.171,13.489,435.408,427.276,494.685,567.083,-1,-1,-1,-1,822.477,-1,24.053,35.098,1,0,2,0,1,0,0,0,0,2,2,2,2,0,2,1,1
301,2312.552,-3404.547,-109.385,82.427,0.131769,-0.989582,-0.058001,0.991164,0.132423,-0.007570,0.015172,-0.056491,0.998288,0,0.27061,-1.00000,2.027,-0.040,14.694,516.888,-1,502.402,13.478,427.409,420.737,483.648,573.641,-1,-1,-1,-1,805.626,-1,23.999,35.534,1,0,2,0,1,0,0,0,0,2,2,2,2,0,2,1,1
302,2312.617,-3402.161,-109.712,82.381,0.132577,-0.989354,-0.060024,0.991072,0.133184,-0.006213,0.014141,-0.058665,0.998178,0,0.27061,-1.00000,2.387,-0.047,14.715,512.295,-1,500.439,13.466,424.429,418.458,478.675,577.106,-1,-1,-1,-1,798.588,-1,23.947,35.960,1,0,2,0,1,0,0,0,0,2,2,2,2,0,2,1,1
303,2312.922,-3399.430,-109.415,82.332,0.133410,-0.989240,-0.060054,0.990946,0.134074,-0.007152,0.015127,-0.058556,0.998170,0,0.27061,-1.00000,2.748,-0.048,14.733,514.052,-1,502.651,13.457,425.882,419.907,479.197,577.396,-1,-1,-1,-1,800.167,-1,23.905,36.323,1,0,2,0,1,0,0,0,0,2,2,2,2,0,2,1,1
304,2313.449,-3396.385,-108.680,82.282,0.134269,-0.989210,-0.058620,0.990793,0.135048,-0.009519,0.017333,-0.056802,0.998235,0,0.27060,-1.00000,3.090,-0.050,14.743,520.008,-1,507.376,13.453,430.169,423.815,483.616,575.305,-1,-1,-1,-1,807.306,-1,23.880,36.544,1,0,2,0,1,0,0,0,0,2,2,2,2,0,2,1,1
305,2314.148,-3393.051,-107.754,82.231,0.135155,-0.989213,-0.056478,0.990624,0.136053,-0.012355,0.019905,-0.054279,0.998327,0,0.27058,-1.00000,3.406,-0.052,14.748,527.599,-1,512.833,13.449,435.464,428.668,489.849,572.046,-1,-1,-1,-1,816.498,-1,23.868,35.160,1,0,2,0,1,0,0,0,0,2,2,2,2,0,2,1,1
306,2314.958,-3389.441,-106.865,82.177,0.136080,-0.989201,-0.054442,0.990448,0.137075,-0.014968,0.022269,-0.051885,0.998405,0,0.27055,-1.00000,3.700,-0.054,11.824,534.640,-1,517.822,13.445,440.331,433.008,495.774,568.917,-1,-1,-1,-1,824.859,-1,10.202,33.359,1,0,2,0,1,0,0,0,0,2,2,2,2,0,2,1,1
307,2315.823,-3385.570,-106.180,82.123,0.137007,-0.989148,-0.053052,0.990277,0.138074,-0.016972,0.024112,-0.050211,0.998448,0,0.27051,-1.00000,3.967,-0.054,-1,539.749,-1,521.643,13.428,443.872,436.225,499.907,566.697,-1,-1,-1,-1,835.123,-1,-1,32.065,2,0,2,0,1,0,0,0,0,2,2,2,2,0,2,2,1
308,2316.707,-3381.464,-105.782,82.068,0.137955,-0.989049,-0.052448,0.990114,0.139072,-0.018255,0.025349,-0.049412,0.998457,0,0.27046,-1.00000,4.200,-0.055,-1,542.406,-1,523.983,13.411,445.740,438.022,501.718,565.461,-1,-1,-1,-1,-1,-1,-1,31.596,2,0,2,0,1,0,0,0,0,2,2,2,2,2,2,2,1
309,2317.600,-3377.105,-105.693,82.006,0.139030,-0.988898,-0.052463,0.989939,0.140192,-0.019148,0.026290,-0.049273,0.998439,0,0.27041,-1.00000,4.449,-0.062,-1,543.245,-1,525.273,13.395,446.363,438.772,501.519,564.727,-1,-1,-1,-1,-1,-1,-1,31.729,2,0,2,0,1,0,0,0,0,2,2,2,2,2,2,2,1
310,2318.513,-3372.476,-105.873,81.933,0.140279,-0.988696,-0.052931,0.989738,0.141496,-0.019964,0.027227,-0.049587,0.998399,0,0.27035,-1.00000,4.718,-0.073,-1,543.039,-1,526.067,13.370,446.280,438.959,499.795,564.186,-1,-1,-1,-1,-1,-1,-1,32.355,2,0,2,0,1,0,0,0,0,2,2,2,2,2,2,2,1
311,2319.460,-3367.575,-106.221,81.853,0.141655,-0.988452,-0.053819,0.989511,0.142943,-0.020869,0.028321,-0.050299,0.998333,0,0.27031,-1.00000,4.991,-0.080,-1,542.391,-1,526.902,13.306,445.952,439.036,496.920,564.007,-1,-1,-1,-1,-1,-1,-1,33.160,2,0,2,0,1,0,0,0,0,2,2,2,2,2,2,2,1
312,2320.502,-3362.270,-106.613,81.754,0.143355,-0.988135,-0.055128,0.989213,0.144761,-0.022388,0.030103,-0.051324,0.998228,0,0.49758,-1.00000,5.407,-0.099,15.314,542.621,-1,529.184,13.267,446.404,440.034,493.375,564.421,-1,-1,-1,-1,-1,-1,12.767,33.335,1,0,2,0,1,0,0,0,0,2,2,2,2,2,2,1,1
313,2321.764,-3356.402,-106.923,81.617,0.145707,-0.987690,-0.056908,0.988781,0.147298,-0.024809,0.032886,-0.052655,0.998071,0,0.49756,-1.00000,6.001,-0.137,11.380,544.461,-1,533.877,13.334,448.294,442.647,489.471,565.793,-1,-1,-1,-1,-1,-1,9.323,32.547,1,0,2,0,1,0,0,0,0,2,2,2,2,2,2,1,1
314,2323.338,-3350.067,-107.085,81.427,0.148979,-0.987074,-0.059080,0.988187,0.150786,-0.027376,0.035931,-0.054304,0.997878,0,0.49766,-1.00000,6.528,-0.191,9.633,546.694,-1,539.631,13.404,450.632,445.869,485.285,568.320,-1,-1,-1,-1,-1,-1,22.403,31.418,1,0,2,0,1,0,0,0,0,2,2,2,2,2,2,1,1
315,2325.154,-3343.270,-107.081,81.202,0.152832,-0.986377,-0.060855,0.987488,0.154845,-0.029845,0.038861,-0.055532,0.997700,0,0.49795,-1.00000,7.036,-0.224,8.558,549.150,-1,545.620,13.444,453.131,449.078,482.122,570.368,-1,-1,-1,-1,-1,-1,22.372,30.385,1,0,2,0,1,0,0,0,0,2,2,2,2,2,2,1,1
316,2327.193,-3336.025,-106.911,80.959,0.157005,-0.985643,-0.062105,0.986728,0.159195,-0.032023,0.041450,-0.056252,0.997556,0,0.49834,-1.00000,7.526,-0.243,8.698,551.485,-1,551.018,13.534,455.410,451.924,480.117,571.669,-1,-1,-1,-1,-1,-1,22.323,29.583,1,0,2,0,1,0,0,0,0,2,2,2,2,2,2,1,1
317,2329.490,-3328.371,-106.603,80.691,0.161601,-0.984833,-0.063165,0.985892,0.163941,-0.033766,0.043609,-0.056818,0.997432,0,0.49877,-1.00000,7.991,-0.268,8.754,553.219,-1,556.509,13.605,457.311,454.237,478.583,572.922,-1,-1,-1,-1,-1,-1,22.296,28.191,1,0,2,0,1,0,0,0,0,2,2,2,2,2,2,1,1
318,2332.041,-3320.299,-106.283,80.394,0.166697,-0.983930,-0.063981,0.984949,0.169175,-0.035445,0.045699,-0.057110,0.997321,0,0.49927,-1.00000,8.466,-0.297,9.241,554.233,-1,561.646,13.633,459.064,456.287,477.406,573.553,-1,-1,-1,-1,-1,-1,22.286,26.901,1,0,2,0,1,0,0,0,0,2,2,2,2,2,2,1,1
319,2334.815,-3311.779,-106.004,80.078,0.172107,-0.982966,-0.064468,0.983907,0.174725,-0.037399,0.048027,-0.056994,0.997219,0,0.49987,-1.00000,8.960,-0.316,9.566,554.566,-1,566.922,13.642,461.054,458.453,476.733,573.114,-1,-1,-1,-1,-1,-1,22.284,26.765,1,0,2,0,1,0,0,0,0,2,2,2,2,2,2,1,1
320,2337.796,-3302.844,-105.758,79.745,0.177799,-0.981938,-0.064697,0.982772,0.180552,-0.039496,0.050463,-0.056560,0.997123,0,0.50050,-1.00000,9.419,-0.333,11.492,554.979,-1,572.116,13.622,463.090,460.788,476.429,571.818,-1,-1,-1,-1,-1,-1,9.214,27.265,1,0,2,0,1,0,0,0,0,2,2,2,2,2,2,1,1
321,2340.990,-3293.615,-105.457,79.408,0.183569,-0.980855,-0.065008,0.981609,0.186433,-0.041073,0.052407,-0.056273,0.997039,0,0.50117,-1.00000,9.767,-0.338,16.902,554.445,-1,576.336,25.694,464.338,462.443,475.928,570.983,-1,-1,-1,-1,-1,-1,11.960,26.594,1,0,2,0,1,0,0,0,0,2,2,2,2,2,2,1,1
322,2344.801,-3284.470,-105.039,78.943,0.191502,-0.979156,-0.067681,0.980005,0.194552,-0.041719,0.054017,-0.058338,0.996834,0,0.50183,-1.00000,9.907,-0.464,11.118,551.547,-1,581.946,26.272,464.547,463.891,471.630,575.912,-1,-1,-1,-1,-1,-1,22.538,27.495,1,0,2,0,1,0,0,0,0,2,2,2,2,2,2,1,1
323,2349.054,-3275.300,-104.598,78.394,0.200861,-0.977063,-0.070727,0.978018,0.204136,-0.042531,0.055994,-0.060630,0.996589,0,0.50304,-1.00000,10.108,-0.549,18.666,548.902,-1,588.815,24.540,465.135,465.853,466.975,581.665,-1,-1,-1,-1,-1,-1,22.523,25.654,1,0,2,0,1,0,0,0,0,2,2,2,2,2,2,1,1
324,2353.622,-3266.081,-104.108,77.826,0.210524,-0.974917,-0.072226,0.975867,0.213962,-0.043635,0.057994,-0.061297,0.996433,0,0.50460,-1.00000,10.288,-0.568,18.657,547.186,-1,594.595,23.403,466.061,467.616,465.065,583.903,-1,-1,-1,-1,-1,-1,22.520,24.460,1,0,2,0,1,0,0,0,0,2,2,2,2,2,2,1,1
325,2358.616,-3256.931,-103.556,77.233,0.220583,-0.972663,-0.072596,0.973508,0.224147,-0.045173,0.060211,-0.060708,0.996338,0,0.50623,-1.00000,10.424,-0.593,18.654,546.566,-1,600.123,23.092,467.603,470.271,465.323,583.468,-1,-1,-1,-1,-1,-1,22.519,24.134,1,0,2,0,1,0,0,0,0,2,2,2,2,2,2,1,1
326,2363.950,-3247.741,-103.008,76.627,0.230834,-0.970311,-0.072202,0.970957,0.234514,-0.047382,0.062908,-0.059167,0.996264,0,0.50798,-1.00000,10.626,-0.606,18.604,547.216,-1,606.703,23.526,470.042,473.732,467.143,580.873,-1,-1,-1,-1,-1,-1,22.501,24.555,1,0,2,0,1,0,0,0,0,2,2,2,2,2,2,1,1
327,2369.613,-3238.503,-102.481,75.987,0.241608,-0.967716,-0.071775,0.968125,0.245421,-0.050028,0.066028,-0.057400,0.996165,0,0.50977,-1.00000,10.835,-0.640,18.493,548.566,-1,614.942,24.078,473.396,477.842,469.322,577.794,-1,-1,-1,-1,-1,-1,22.464,25.059,1,0,2,0,1,0,0,0,0,2,2,2,2,2,2,1,1
328,2375.476,-3229.053,-101.988,75.335,0.252558,-0.964946,-0.071372,0.965070,0.256527,-0.053230,0.069673,-0.055435,0.996028,0,0.51170,-1.00000,11.121,-0.653,18.762,550.786,-1,624.560,24.022,482.207,482.796,471.760,574.227,-1,-1,-1,-1,-1,-1,22.557,25.176,1,0,2,0,1,0,0,0,0,2,2,2,2,2,2,1,1
329,2381.589,-3219.460,-101.504,74.660,0.263837,-0.961894,-0.071762,0.961771,0.268004,-0.056309,0.073396,-0.054162,0.995831,0,0.51366,-1.00000,11.375,-0.675,18.678,552.694,-1,635.250,24.068,512.757,488.025,473.022,572.221,-1,-1,-1,-1,-1,-1,22.527,25.169,1,0,2,0,1,0,0,0,0,2,2,2,2,2,2,1,1
330,2387.953,-3209.919,-100.971,73.959,0.275507,-0.958556,-0.072565,0.958241,0.279863,-0.058738,0.076612,-0.053352,0.995633,0,0.51570,-1.00000,11.469,-0.700,18.589,923.691,-1,645.265,24.300,541.035,492.558,473.576,571.375,-1,701.897,-1,-1,-1,-1,22.496,25.353,1,0,2,0,1,0,0,0,0,2,0,2,2,2,2,1,1
331,2394.415,-3200.227,-100.400,73.299,0.286459,-0.955291,-0.073214,0.954763,0.290994,-0.061244,0.079810,-0.052359,0.995434,0,0.51784,-1.00000,11.649,-0.660,18.446,943.641,-1,655.335,25.312,571.214,497.201,474.565,570.099,-1,622.704,-1,-1,-1,-1,22.449,26.309,1,0,2,0,1,0,0,0,0,2,0,2,2,2,2,1,1
332,2400.971,-3190.435,-99.726,72.659,0.297044,-0.952001,-0.073884,0.951281,0.301739,-0.063389,0.082640,-0.051455,0.995250,0,0.51980,-1.00000,11.784,-0.640,18.316,962.791,-1,664.824,26.070,740.746,499.778,475.621,569.201,-1,613.311,647.939,-1,-1,-1,22.408,27.007,1,0,2,0,1,0,0,0,0,2,0,0,2,2,2,1,1
333,2407.540,-3180.420,-98.947,72.035,0.307309,-0.948714,-0.074186,0.947783,0.312126,-0.065459,0.085257,-0.050196,0.995094,0,0.52166,-1.00000,11.977,-0.623,17.662,982.238,-1,673.746,21.821,752.711,503.919,477.468,567.724,-1,606.809,610.193,-1,-1,-1,22.247,28.201,1,0,2,0,1,0,0,0,0,2,0,0,2,2,2,1,1
334,2414.051,-3170.000,-98.071,71.451,0.316885,-0.945596,-0.073702,0.944381,0.321770,-0.067892,0.087913,-0.048089,0.994967,0,0.52343,-1.00000,12.287,-0.584,9.245,1002.462,-1,682.299,22.760,766.254,507.655,480.960,564.519,-1,601.506,601.696,-1,-1,-1,22.255,27.373,1,0,2,0,1,0,0,0,0,2,0,0,2,2,2,1,1
335,2420.846,-3159.592,-97.069,70.825,0.327129,-0.942113,-0.073546,0.940718,0.332049,-0.069232,0.089645,-0.046538,0.994886,0,0.52499,-1.00000,12.430,-0.626,17.738,-1,-1,688.957,23.688,775.675,510.118,483.696,562.868,-1,604.224,601.769,-1,-1,-1,22.262,26.206,1,2,2,0,1,0,0,0,0,2,0,0,2,2,2,1,1
336,2427.866,-3149.250,-95.981,70.176,0.337749,-0.938378,-0.073300,0.936879,0.342649,-0.069632,0.090458,-0.045155,0.994876,0,0.40207,-0.82079,12.500,-0.650,17.831,-1,-1,693.094,25.449,779.300,511.211,486.250,561.760,-1,614.557,609.267,-1,-1,-1,22.282,26.028,1,2,2,0,1,0,0,0,0,2,0,0,2,2,2,1,1
