timestep,x_cm,y_cm,z_cm,yaw_deg,basis_xx,basis_xy,basis_xz,basis_yx,basis_yy,basis_yz,basis_zx,basis_zy,basis_zz,teleport_flag,throttle_cmd,steering_cmd,cmd_move_cm,cmd_turn_deg,lidar_cm_0,lidar_cm_1,lidar_cm_2,lidar_cm_3,lidar_cm_4,lidar_cm_5,lidar_cm_6,lidar_cm_7,lidar_cm_8,lidar_cm_9,lidar_cm_10,lidar_cm_11,lidar_cm_12,lidar_cm_13,lidar_cm_14,lidar_cm_15,lidar_cm_16,lidar_class_0,lidar_class_1,lidar_class_2,lidar_class_3,lidar_class_4,lidar_class_5,lidar_class_6,lidar_class_7,lidar_class_8,lidar_class_9,lidar_class_10,lidar_class_11,lidar_class_12,lidar_class_13,lidar_class_14,lidar_class_15,lidar_class_16
0,-1638.986,-8859.813,246.663,-79.868,0.176495,0.984277,0.006900,-0.982995,0.175896,0.052731,0.050688,-0.016089,0.998585,1,0.08000,-0.12000,4.800,-0.240,-1,400.000,-1,400.000,-1,325.000,325.000,300.000,300.000,-1,-1,-1,-1,775.000,850.000,-1,-1,2,0,2,0,2,0,0,0,0,2,2,2,2,0,0,2,2
1,-1637.376,-8869.277,247.153,-80.348,0.168227,0.985725,0.006782,-0.984440,0.167645,0.052664,0.050775,-0.015536,0.998589,0,0.16000,-0.24000,9.600,-0.480,-1,400.000,-1,400.000,-1,325.000,325.000,300.000,300.000,-1,-1,-1,-1,775.000,850.000,-1,-1,2,0,2,0,2,0,0,0,0,2,2,2,2,0,0,2,2
2,-1635.141,-8883.503,247.890,-81.068,0.155803,0.987766,0.006612,-0.986476,0.155247,0.052564,0.050895,-0.014712,0.998596,0,0.24000,-0.36000,14.400,-0.720,-1,400.000,-1,400.000,-1,325.000,325.000,300.000,300.000,-1,-1,-1,-1,775.000,850.000,-1,-1,2,0,2,0,2,0,0,0,0,2,2,2,2,0,0,2,2
3,-1632.478,-8902.517,248.877,-82.028,0.139199,0.990244,0.006395,-0.988948,0.138678,0.052436,0.051037,-0.013623,0.998604,0,0.32000,-0.48000,19.200,-0.960,-1,400.000,-1,400.000,-1,325.000,325.000,300.000,300.000,-1,-1,-1,-1,800.000,850.000,-1,-1,2,0,2,0,2,0,0,0,0,2,2,2,2,0,0,2,2
4,-1629.648,-8926.350,250.119,-83.228,0.118390,0.992948,0.006140,-0.991647,0.117912,0.052279,0.051187,-0.012278,0.998614,0,0.40000,-0.60000,24.000,-1.200,-1,400.000,-1,400.000,-1,325.000,325.000,300.000,300.000,-1,-1,-1,-1,800.000,850.000,-1,-1,2,0,2,0,2,0,0,0,0,2,2,2,2,0,0,2,2
5,-1626.972,-8955.025,251.618,-84.668,0.093353,0.995616,0.005857,-0.994309,0.092924,0.052096,0.051324,-0.010687,0.998625,0,0.48000,-0.72000,28.800,-1.440,-1,400.000,-1,400.000,-1,325.000,325.000,300.000,300.000,-1,-1,-1,-1,800.000,850.000,-1,-1,2,0,2,0,2,0,0,0,0,2,2,2,2,0,0,2,2
6,-1624.814,-8988.556,253.378,-86.318,0.064590,0.997896,0.005560,-0.996586,0.064216,0.051887,0.051421,-0.008892,0.998637,0,0.56000,-0.82507,33.600,-1.650,-1,400.000,-1,400.000,-1,325.000,325.000,300.000,300.000,-1,-1,-1,-1,825.000,850.000,-1,-1,2,0,2,0,2,0,0,0,0,2,2,2,2,0,0,2,2
7,-1623.453,-9026.932,255.398,-87.968,0.035773,0.999346,0.005260,-0.998036,0.035454,0.051644,0.051424,-0.007097,0.998652,0,0.64000,-0.82507,38.400,-1.650,-1,400.000,-1,400.000,-1,325.000,325.000,300.000,300.000,-1,-1,-1,-1,825.000,825.000,-1,-1,2,0,2,0,2,0,0,0,0,2,2,2,2,0,0,2,2
8,-1623.165,-9070.131,257.681,-89.618,0.006926,0.999964,0.004970,-0.998658,0.006662,0.051364,0.051330,-0.005319,0.998668,0,0.72000,-0.82507,43.200,-1.650,-1,400.000,-1,400.000,-1,325.000,325.000,300.000,300.000,-1,-1,-1,-1,825.000,825.000,-1,-1,2,0,2,0,2,0,0,0,0,2,2,2,2,0,0,2,2
9,-1624.227,-9118.119,260.224,-91.268,-0.021925,0.999749,0.004698,-0.998451,-0.022136,0.051043,0.051134,-0.003571,0.998685,0,0.80000,-0.82507,48.000,-1.650,-1,425.000,-1,425.000,-1,350.000,350.000,300.000,300.000,-1,-1,-1,-1,850.000,825.000,-1,-1,2,0,2,0,2,0,0,0,0,2,2,2,2,0,0,2,2
10,-1626.820,-9168.977,262.917,-92.919,-0.050753,0.998701,0.004500,-0.997414,-0.050917,0.050714,0.050877,-0.001914,0.998703,0,0.84874,-0.82507,50.924,-1.650,-1,425.000,-1,425.000,-1,350.000,350.000,300.000,300.000,-1,-1,-1,-1,875.000,850.000,-1,-1,2,0,2,0,2,0,0,0,0,2,2,2,2,0,0,2,2
11,-1630.877,-9219.739,265.159,-94.569,-0.079486,0.996822,0.005370,-0.995598,-0.079654,0.049402,0.049672,-0.001420,0.998765,0,0.84874,-0.82507,50.924,-1.650,-1,425.000,-1,425.000,-1,350.000,350.000,300.000,300.000,-1,-1,-1,-1,875.000,825.000,-1,-1,2,0,2,0,2,0,0,0,0,2,2,2,2,0,0,2,2
12,-1636.393,-9270.363,267.216,-96.219,-0.108180,0.994115,0.005650,-0.992972,-0.108326,0.047659,0.047990,-0.000455,0.998848,0,0.84874,-0.82507,50.924,-1.650,-1,425.000,-1,400.000,-1,350.000,325.000,300.000,300.000,-1,-1,-1,-1,875.000,825.000,-1,-1,2,0,2,0,2,0,0,0,0,2,2,2,2,0,0,2,2
13,-1643.365,-9320.808,269.277,-97.869,-0.136781,0.990584,0.005916,-0.989520,-0.136908,0.045896,0.046274,0.000424,0.998929,0,0.84874,-0.82507,50.924,-1.650,-1,425.000,-1,400.000,-1,350.000,325.000,300.000,300.000,-1,-1,-1,-1,875.000,825.000,-1,-1,2,0,2,0,2,0,0,0,0,2,2,2,2,0,0,2,2
14,-1651.816,-9371.208,271.347,-99.518,-0.165251,0.986232,0.006169,-0.985246,-0.165362,0.044109,0.044522,0.001211,0.999008,0,0.85174,-0.82465,51.104,-1.649,-1,425.000,-1,400.000,-1,350.000,325.000,275.000,300.000,-1,-1,-1,-1,875.000,800.000,-1,-1,2,0,2,0,2,0,0,0,0,2,2,2,2,0,0,2,2
15,-1661.754,-9421.555,273.424,-101.166,-0.193557,0.981068,0.006412,-0.980158,-0.193654,0.042295,0.042736,0.001902,0.999085,0,0.85531,-0.82392,51.319,-1.648,-1,425.000,-1,400.000,-1,325.000,325.000,275.000,300.000,-1,-1,-1,-1,875.000,800.000,-1,-1,2,0,2,0,2,0,0,0,0,2,2,2,2,0,0,2,2
16,-1673.180,-9471.801,275.508,-102.812,-0.221666,0.975100,0.006647,-0.974264,-0.221752,0.040455,0.040922,0.002492,0.999159,0,0.85882,-0.82294,51.529,-1.646,-1,425.000,-1,400.000,-1,325.000,325.000,275.000,300.000,-1,-1,-1,-1,875.000,775.000,-1,-1,2,0,2,0,2,0,0,0,0,2,2,2,2,0,0,2,2
17,-1686.095,-9521.899,277.595,-104.455,-0.249548,0.968338,0.006875,-0.967573,-0.249625,0.038588,0.039083,0.002978,0.999232,0,0.86225,-0.82170,51.735,-1.643,-1,425.000,-1,400.000,-1,325.000,325.000,300.000,300.000,-1,-1,-1,-1,875.000,775.000,-1,-1,2,0,2,0,2,0,0,0,0,2,2,2,2,0,0,2,2
18,-1700.493,-9571.798,279.682,-106.096,-0.277172,0.960794,0.007099,-0.960099,-0.277242,0.036694,0.037223,0.003355,0.999301,0,0.86559,-0.82020,51.935,-1.640,-1,425.000,-1,400.000,-1,325.000,325.000,300.000,300.000,-1,-1,-1,-1,875.000,750.000,-1,-1,2,0,2,0,2,0,0,0,0,2,2,2,2,0,0,2,2
19,-1716.370,-9621.449,281.767,-107.733,-0.304507,0.952482,0.007320,-0.951854,-0.304574,0.034771,0.035348,0.003621,0.999368,0,0.86880,-0.81843,52.128,-1.637,-1,400.000,-1,400.000,-1,325.000,325.000,300.000,300.000,-1,-1,-1,-1,850.000,750.000,975.000,-1,2,0,2,0,2,0,0,0,0,2,2,2,2,0,0,1,2
20,-1734.304,-9673.154,283.946,-109.129,-0.327634,0.944774,0.007576,-0.944213,-0.327702,0.032757,0.033431,0.003579,0.999435,0,0.91210,-0.69843,54.726,-1.397,950.000,400.000,-1,375.000,-1,325.000,325.000,300.000,300.000,-1,-1,-1,-1,850.000,750.000,900.000,-1,1,0,2,0,2,0,0,0,0,2,2,2,2,1,0,1,2
21,-1753.343,-9724.659,286.082,-110.286,-0.346631,0.937967,0.008059,-0.937466,-0.346710,0.030806,0.031689,0.003123,0.999493,0,0.91519,-0.57843,54.911,-1.157,875.000,400.000,1000.000,375.000,-1,325.000,325.000,300.000,300.000,-1,-1,-1,-1,800.000,725.000,850.000,-1,1,0,1,0,2,0,0,0,0,2,2,2,2,1,0,1,2
22,-1773.267,-9776.018,287.903,-111.203,-0.361538,0.932303,0.010057,-0.931849,-0.361676,0.029126,0.030792,0.001158,0.999525,0,0.91815,-0.45843,55.089,-0.917,825.000,400.000,950.000,375.000,-1,325.000,325.000,300.000,300.000,-1,-1,-1,-1,750.000,725.000,800.000,-1,1,0,1,0,2,0,0,0,0,2,2,2,2,1,0,1,2
23,-1793.861,-9827.297,289.774,-111.880,-0.372473,0.927966,0.011969,-0.927556,-0.372664,0.027598,0.030071,-0.000822,0.999547,0,0.92099,-0.33843,55.260,-0.677,750.000,400.000,900.000,375.000,-1,325.000,325.000,300.000,300.000,-1,-1,-1,-1,700.000,725.000,750.000,-1,1,0,1,0,2,0,0,0,0,2,2,2,2,1,0,1,2
24,-1814.907,-9878.570,291.663,-112.317,-0.379485,0.925094,0.013890,-0.924730,-0.379727,0.026106,0.029425,-0.002938,0.999563,0,0.92374,-0.21843,55.424,-0.437,700.000,400.000,850.000,375.000,-1,325.000,325.000,300.000,300.000,-1,-1,-1,-1,650.000,725.000,675.000,-1,1,0,1,0,2,0,0,0,0,2,2,2,2,1,0,1,2
25,-1836.191,-9929.918,293.422,-112.514,-0.382615,0.923778,0.015529,-0.923445,-0.382901,0.025225,0.029248,-0.004689,0.999561,0,0.92641,-0.09843,55.585,-0.197,650.000,400.000,800.000,375.000,-1,325.000,325.000,275.000,300.000,-1,-1,-1,-1,625.000,725.000,625.000,-1,1,0,1,0,2,0,0,0,0,2,2,2,2,1,0,1,2
26,-1857.496,-9981.428,295.027,-112.471,-0.381884,0.924059,0.016706,-0.923748,-0.382202,0.024711,0.029219,-0.005995,0.999555,0,0.92902,0.02157,55.741,0.043,575.000,400.000,725.000,375.000,-1,325.000,325.000,300.000,300.000,-1,-1,-1,-1,575.000,725.000,575.000,950.000,1,0,1,0,2,0,0,0,0,2,2,2,2,1,0,1,1
27,-1878.604,-10033.185,296.551,-112.187,-0.377289,0.925930,0.017525,-0.925644,-0.377628,0.024089,0.028922,-0.007133,0.999556,0,0.93161,0.14157,55.896,0.283,525.000,400.000,675.000,375.000,-1,325.000,325.000,300.000,300.000,-1,-1,-1,-1,525.000,725.000,525.000,875.000,1,0,1,0,2,0,0,0,0,2,2,2,2,1,1,1,1
28,-1899.297,-10085.277,298.086,-111.664,-0.368792,0.929330,0.018414,-0.929071,-0.369155,0.023478,0.028617,-0.008449,0.999555,0,0.93419,0.26157,56.051,0.523,475.000,400.000,625.000,375.000,-1,325.000,325.000,300.000,300.000,-1,-1,-1,-1,475.000,650.000,475.000,825.000,1,0,1,0,2,0,0,0,0,2,2,2,2,1,1,1,1
29,-1919.349,-10137.786,299.629,-110.901,-0.356351,0.934151,0.019377,-0.933924,-0.356739,0.022879,0.028285,-0.009944,0.999550,0,0.93679,0.38157,56.207,0.763,425.000,400.000,550.000,375.000,950.000,325.000,325.000,300.000,300.000,-1,-1,-1,-1,425.000,600.000,425.000,725.000,1,1,1,0,1,0,0,0,0,2,2,2,2,1,1,1,1
30,-1938.533,-10190.787,301.177,-109.898,-0.339909,0.940237,0.020417,-0.940044,-0.340324,0.022289,0.027905,-0.011616,0.999543,0,0.93944,0.50157,56.366,1.003,375.000,350.000,500.000,375.000,825.000,325.000,325.000,300.000,300.000,-1,-1,-1,-1,375.000,525.000,375.000,650.000,1,1,1,0,1,0,0,0,0,2,2,2,2,1,1,1,1
31,-1956.524,-10242.641,302.704,-109.135,-0.327326,0.944668,0.021429,-0.944510,-0.327764,0.021732,0.027553,-0.013126,0.999534,0,0.91478,0.38157,54.887,0.763,325.000,300.000,425.000,375.000,725.000,300.000,325.000,300.000,300.000,-1,-1,-1,-1,350.000,475.000,325.000,575.000,1,1,1,0,1,1,0,0,0,2,2,2,2,1,1,1,1
32,-1974.088,-10294.797,304.291,-108.612,-0.318655,0.947602,0.022576,-0.947477,-0.319119,0.021242,0.027333,-0.014621,0.999519,0,0.91722,0.26157,55.033,0.523,275.000,275.000,375.000,350.000,650.000,275.000,300.000,300.000,300.000,-1,-1,-1,-1,300.000,400.000,275.000,525.000,1,1,1,1,1,1,1,0,0,2,2,2,2,1,1,1,1
33,-1991.668,-10347.865,305.933,-108.329,-0.313936,0.949147,0.023744,-0.949055,-0.314425,0.020772,0.027181,-0.016014,0.999502,0,0.93174,0.14157,55.904,0.283,225.000,225.000,325.000,300.000,550.000,225.000,250.000,300.000,300.000,-1,-1,-1,-1,250.000,350.000,225.000,450.000,1,1,1,1,1,1,1,0,0,2,2,2,2,1,1,1,1
34,-2009.284,-10401.176,307.658,-108.285,-0.313199,0.949367,0.024692,-0.949305,-0.313705,0.020242,0.026963,-0.017101,0.999490,0,0.93577,0.02157,56.146,0.043,175.000,175.000,275.000,250.000,475.000,175.000,225.000,300.000,300.000,-1,-1,-1,-1,200.000,300.000,175.000,375.000,1,1,1,1,1,1,1,0,0,2,2,2,2,1,1,1,1
35,-2027.079,-10454.685,315.573,-108.396,-0.315547,0.948875,0.008195,-0.947713,-0.315571,0.047491,0.047649,0.007219,0.998838,0,0.93980,-0.05518,56.388,-0.110,125.000,150.000,225.000,225.000,425.000,150.000,200.000,350.000,275.000,-1,775.000,625.000,-1,175.000,250.000,125.000,325.000,1,1,1,1,1,1,1,0,0,2,0,0,2,1,1,1,1
36,-2045.021,-10508.406,330.561,-108.505,-0.321317,0.946547,-0.028370,-0.942574,-0.316798,0.105799,0.091156,0.060735,0.993983,0,0.94383,-0.05450,56.630,-0.109,125.000,150.000,225.000,200.000,375.000,150.000,175.000,525.000,250.000,-1,250.000,100.000,650.000,175.000,225.000,125.000,300.000,1,1,1,1,1,1,1,0,0,2,0,0,0,1,1,1,1
37,-2063.095,-10562.343,345.582,-108.612,-0.330989,0.941381,-0.065183,-0.934061,-0.317034,0.164379,0.134078,0.115292,0.984241,0,0.94787,-0.05375,56.872,-0.107,125.000,150.000,200.000,175.000,325.000,125.000,150.000,625.000,225.000,-1,200.000,25.000,300.000,150.000,225.000,125.000,275.000,1,1,1,1,1,1,1,1,0,2,0,0,0,1,1,1,1
38,-5625.121,8445.761,18.392,101.575,-0.207690,-0.977356,-0.040512,0.969533,-0.200175,-0.141191,0.129884,-0.068601,0.989153,1,0.00000,0.00000,57.115,-0.106,-1,400.000,-1,300.000,-1,300.000,250.000,350.000,550.000,600.000,75.000,100.000,750.000,675.000,700.000,-1,-1,2,1,2,1,2,1,1,1,0,0,0,0,1,1,1,2,2
39,979.214,-2952.744,16.722,-167.486,-0.976277,0.216522,-0.000961,-0.216398,-0.975549,0.038409,0.007379,0.037706,0.999262,1,0.08000,0.12000,4.800,0.240,725.000,400.000,-1,375.000,-1,325.000,325.000,325.000,325.000,-1,-1,-1,-1,800.000,700.000,-1,-1,1,0,2,0,2,0,0,0,0,2,2,2,2,0,0,2,2
40,969.860,-2954.903,16.802,-167.006,-0.974430,0.224689,-0.001043,-0.224564,-0.973710,0.038197,0.007567,0.037455,0.999270,0,0.16000,0.24000,9.600,0.480,700.000,400.000,-1,375.000,-1,325.000,325.000,325.000,325.000,-1,-1,-1,-1,800.000,700.000,-1,-1,1,0,2,0,2,0,0,0,0,2,2,2,2,0,0,2,2
41,955.862,-2958.278,16.924,-166.442,-0.972172,0.234264,-0.001163,-0.234138,-0.971466,0.037861,0.007740,0.037080,0.999282,0,0.24000,0.28193,14.400,0.564,675.000,400.000,-1,375.000,-1,325.000,325.000,325.000,325.000,-1,-1,-1,-1,775.000,700.000,-1,-1,1,0,2,0,2,0,0,0,0,2,2,2,2,0,0,2,2
42,937.242,-2962.963,17.091,-165.878,-0.969818,0.243826,-0.001318,-0.243704,-0.969129,0.037390,0.007839,0.036583,0.999300,0,0.32000,0.28221,19.200,0.564,675.000,400.000,-1,375.000,-1,325.000,325.000,325.000,325.000,-1,-1,-1,-1,775.000,700.000,-1,-1,1,0,2,0,2,0,0,0,0,2,2,2,2,0,0,2,2
43,914.026,-2969.047,17.303,-165.313,-0.967366,0.253379,-0.001509,-0.253262,-0.966698,0.036779,0.007861,0.035961,0.999322,0,0.40000,0.28258,24.000,0.565,650.000,400.000,-1,375.000,-1,325.000,325.000,325.000,325.000,-1,-1,-1,-1,775.000,700.000,-1,-1,1,0,2,0,2,0,0,0,0,2,2,2,2,0,0,2,2
44,886.241,-2976.624,17.562,-164.747,-0.964815,0.262924,-0.001733,-0.262814,-0.964174,0.036024,0.007800,0.035212,0.999349,0,0.48000,0.28303,28.800,0.566,625.000,400.000,-1,375.000,-1,325.000,325.000,325.000,325.000,-1,-1,-1,-1,775.000,700.000,-1,-1,1,0,2,0,2,0,0,0,0,2,2,2,2,0,0,2,2
45,853.913,-2985.784,17.872,-164.180,-0.962164,0.272462,-0.001993,-0.272362,-0.961554,0.035122,0.007653,0.034336,0.999381,0,0.56000,0.28354,33.600,0.567,600.000,400.000,-1,375.000,-1,325.000,325.000,325.000,325.000,-1,-1,-1,-1,775.000,700.000,-1,-1,1,0,2,0,2,0,0,0,0,2,2,2,2,0,0,2,2
46,817.073,-2996.618,18.232,-163.611,-0.959414,0.281994,-0.002288,-0.281906,-0.958837,0.034070,0.007413,0.033332,0.999417,0,0.64000,0.28409,38.400,0.568,575.000,400.000,-1,375.000,-1,325.000,325.000,325.000,325.000,-1,-1,-1,-1,775.000,675.000,-1,-1,1,0,2,0,2,0,0,0,0,2,2,2,2,1,0,2,2
47,777.935,-3008.552,18.624,-163.042,-0.956562,0.291518,-0.002603,-0.291443,-0.956021,0.032931,0.007112,0.032259,0.999454,0,0.68196,0.28467,40.918,0.569,550.000,400.000,-1,375.000,-1,325.000,300.000,300.000,325.000,-1,-1,-1,-1,750.000,675.000,-1,-1,1,0,2,0,2,0,0,0,0,2,2,2,2,1,0,2,2
48,738.996,-3020.850,19.006,-162.472,-0.953610,0.301031,-0.002889,-0.300967,-0.953103,0.031846,0.006833,0.031238,0.999489,0,0.68058,0.28521,40.835,0.570,550.000,400.000,-1,375.000,-1,325.000,300.000,300.000,325.000,-1,-1,-1,-1,750.000,675.000,-1,-1,1,0,2,0,2,0,0,0,0,2,2,2,2,1,0,2,2
49,700.263,-3033.509,19.442,-161.900,-0.950559,0.310532,-0.002784,-0.310468,-0.950089,0.030685,0.006883,0.030032,0.999525,0,0.67916,0.28567,40.750,0.571,525.000,400.000,-1,375.000,-1,325.000,300.000,300.000,325.000,-1,-1,-1,-1,725.000,675.000,-1,-1,1,0,2,0,2,0,0,0,0,2,2,2,2,1,0,2,2
50,661.740,-3046.526,20.058,-161.328,-0.947409,0.320020,-0.001960,-0.319939,-0.946992,0.029078,0.007450,0.028176,0.999575,0,0.67771,0.28605,40.663,0.572,500.000,400.000,-1,375.000,-1,325.000,300.000,300.000,325.000,-1,-1,-1,-1,725.000,675.000,-1,-1,1,0,2,0,2,0,0,0,0,2,2,2,2,1,0,2,2
51,623.433,-3059.899,20.674,-160.755,-0.944160,0.329486,-0.001129,-0.329391,-0.943793,0.027505,0.007997,0.026341,0.999621,0,0.67623,0.28635,40.574,0.573,475.000,400.000,-1,375.000,-1,325.000,300.000,300.000,325.000,-1,-1,-1,-1,725.000,675.000,-1,-1,1,0,2,0,2,0,0,0,0,2,2,2,2,1,0,2,2
52,583.377,-3074.311,21.284,-160.211,-0.940983,0.338455,-0.000244,-0.338347,-0.940665,0.025875,0.008528,0.024430,0.999665,0,0.70949,0.27219,42.570,0.544,450.000,400.000,-1,375.000,-1,325.000,300.000,300.000,325.000,-1,-1,-1,-1,725.000,675.000,-1,-1,1,0,2,0,2,0,0,0,0,2,2,2,2,1,0,2,2
53,543.477,-3089.101,21.699,-159.661,-0.937683,0.347491,0.000462,-0.347378,-0.937408,0.024391,0.008909,0.022711,0.999702,0,0.70922,0.27526,42.553,0.551,450.000,400.000,-1,375.000,-1,325.000,300.000,300.000,325.000,-1,-1,-1,-1,725.000,675.000,-1,-1,1,0,2,0,2,0,0,1,0,2,2,2,2,1,0,2,2
54,499.307,-3106.171,22.348,-158.870,-0.932796,0.360401,0.001554,-0.360265,-0.932548,0.023745,0.010007,0.021590,0.999717,0,0.78922,0.39526,47.353,0.791,425.000,400.000,-1,375.000,-1,325.000,300.000,300.000,325.000,-1,-1,-1,-1,775.000,675.000,-1,-1,1,0,2,0,2,0,0,1,0,2,2,2,2,0,0,2,2
55,453.949,-3124.632,23.037,-157.853,-0.926249,0.376903,0.002691,-0.376744,-0.926025,0.023251,0.011256,0.020522,0.999726,0,0.81620,0.50846,48.972,1.017,400.000,400.000,-1,375.000,-1,325.000,300.000,275.000,325.000,-1,-1,-1,-1,775.000,675.000,-1,-1,1,0,2,0,2,0,0,1,0,2,2,2,2,0,0,2,2
56,408.950,-3143.891,23.728,-156.830,-0.919362,0.393393,0.003805,-0.393214,-0.919164,0.022789,0.012462,0.019455,0.999733,0,0.81579,0.51178,48.947,1.024,375.000,400.000,-1,375.000,-1,325.000,325.000,275.000,325.000,-1,-1,-1,-1,775.000,675.000,-1,-1,1,0,2,0,2,0,0,1,0,2,2,2,2,0,0,2,2
57,364.336,-3163.942,24.419,-155.799,-0.912132,0.409866,0.004894,-0.409669,-0.911960,0.022361,0.013628,0.018391,0.999738,0,0.81521,0.51517,48.912,1.030,375.000,400.000,-1,375.000,-1,325.000,325.000,250.000,325.000,-1,-1,-1,-1,775.000,675.000,-1,-1,1,1,2,0,2,0,0,1,0,2,2,2,2,0,0,2,2
58,320.134,-3184.777,25.109,-154.762,-0.904554,0.426317,0.005958,-0.426103,-0.904408,0.021968,0.014754,0.017332,0.999741,0,0.81445,0.51865,48.867,1.037,350.000,375.000,-1,375.000,-1,325.000,325.000,250.000,300.000,-1,-1,-1,-1,775.000,675.000,-1,-1,1,1,2,0,2,0,0,1,0,2,2,2,2,0,0,2,2
59,276.370,-3206.390,25.796,-153.718,-0.896624,0.442738,0.006995,-0.442510,-0.896503,0.021611,0.015839,0.016281,0.999742,0,0.81350,0.52220,48.810,1.044,350.000,375.000,-1,375.000,-1,325.000,325.000,250.000,300.000,-1,-1,-1,-1,775.000,675.000,-1,-1,1,1,2,0,2,0,0,1,0,2,2,2,2,0,0,2,2
60,233.070,-3228.772,27.216,-152.666,-0.888340,0.459102,0.008760,-0.458780,-0.888196,0.025084,0.019297,0.018264,0.999647,0,0.81237,0.52582,48.742,1.052,-1,400.000,-1,375.000,-1,325.000,325.000,225.000,300.000,-1,-1,-1,-1,800.000,675.000,-1,-1,2,1,2,0,2,0,0,1,0,2,2,2,2,0,0,2,2
61,190.262,-3251.914,29.525,-151.607,-0.879708,0.475382,0.011187,-0.474822,-0.879454,0.033252,0.025646,0.023940,0.999384,0,0.81104,0.52950,48.663,1.059,-1,425.000,-1,400.000,-1,350.000,325.000,225.000,300.000,-1,425.000,-1,-1,875.000,700.000,-1,-1,2,1,2,0,2,0,0,1,0,2,0,2,2,0,0,2,2
62,147.971,-3275.804,31.664,-150.540,-0.870715,0.491619,0.012899,-0.490841,-0.870366,0.039221,0.030509,0.027819,0.999147,0,0.80953,0.53324,48.572,1.066,-1,450.000,-1,400.000,-1,350.000,325.000,225.000,300.000,-1,375.000,575.000,-1,925.000,725.000,-1,-1,2,0,2,0,2,0,0,1,0,2,0,0,2,0,0,2,2
63,106.223,-3300.427,33.659,-149.469,-0.861373,0.507780,0.013996,-0.506848,-0.860973,0.042793,0.033779,0.029767,0.998986,0,0.80782,0.53571,48.469,1.071,-1,475.000,-1,400.000,-1,350.000,350.000,200.000,300.000,-1,375.000,400.000,-1,975.000,750.000,-1,-1,2,0,2,0,2,0,0,1,0,2,0,0,2,0,0,2,2
64,65.040,-3325.769,35.406,-148.395,-0.851692,0.523826,0.015087,-0.522789,-0.851292,0.044643,0.036228,0.030134,0.998889,0,0.80592,0.53710,48.355,1.074,-1,475.000,-1,400.000,-1,375.000,350.000,200.000,275.000,-1,375.000,375.000,-1,1000.000,750.000,-1,-1,2,0,2,0,2,0,0,1,0,2,0,0,2,0,0,2,2
65,24.446,-3351.811,36.858,-147.318,-0.841658,0.539747,0.016858,-0.538625,-0.841325,0.045341,0.038656,0.029081,0.998829,0,0.80383,0.53838,48.230,1.077,-1,475.000,-1,400.000,-1,375.000,350.000,200.000,275.000,-1,375.000,350.000,-1,1000.000,775.000,-1,-1,2,0,2,0,2,0,0,1,0,2,0,0,2,0,0,2,2
66,-15.538,-3378.538,37.952,-146.239,-0.831292,0.555531,0.018399,-0.554391,-0.831063,0.044554,0.040042,0.026837,0.998838,0,0.80156,0.53954,48.094,1.079,-1,475.000,-1,425.000,-1,375.000,350.000,175.000,300.000,-1,375.000,350.000,-1,-1,775.000,-1,-1,2,0,2,0,2,0,0,1,0,2,0,0,2,2,0,2,2
67,-54.891,-3405.930,38.708,-145.158,-0.820598,0.571163,0.019788,-0.570080,-0.820505,0.042194,0.040336,0.023343,0.998913,0,0.79913,0.54057,47.948,1.081,-1,475.000,-1,425.000,-1,375.000,350.000,175.000,300.000,-1,400.000,375.000,-1,1000.000,775.000,-1,-1,2,0,2,0,2,0,0,1,0,2,0,0,2,0,0,2,2
68,-93.594,-3433.970,39.150,-144.075,-0.809586,0.586625,0.021008,-0.585673,-0.809643,0.038295,0.039474,0.018699,0.999046,0,0.79655,0.54147,47.793,1.083,-1,475.000,-1,425.000,-1,375.000,350.000,150.000,300.000,-1,400.000,400.000,-1,975.000,775.000,-1,-1,2,0,2,0,2,0,0,1,0,2,0,0,2,0,0,2,2
69,-131.629,-3462.639,39.440,-142.990,-0.798291,0.601894,0.021340,-0.601138,-0.798461,0.033074,0.036946,0.013574,0.999225,0,0.79383,0.54224,47.630,1.084,-1,450.000,-1,400.000,-1,350.000,350.000,150.000,300.000,-1,450.000,500.000,-1,950.000,775.000,-1,-1,2,0,2,0,2,0,0,1,0,2,0,0,2,0,0,2,2
70,-168.980,-3491.920,39.396,-141.905,-0.786695,0.616956,0.021807,-0.616439,-0.786964,0.026276,0.033373,0.007228,0.999417,0,0.79100,0.54287,47.460,1.086,-1,450.000,-1,400.000,-1,350.000,350.000,150.000,300.000,-1,550.000,-1,-1,900.000,750.000,-1,-1,2,0,2,0,2,0,0,1,0,2,0,2,2,0,0,2,2
71,-205.632,-3521.793,39.023,-140.818,-0.774815,0.631787,0.022500,-0.631533,-0.775142,0.017934,0.028771,-0.000314,0.999586,0,0.78808,0.54337,47.285,1.087,-1,425.000,-1,400.000,-1,350.000,325.000,125.000,300.000,-1,675.000,-1,-1,850.000,750.000,-1,-1,2,0,2,0,2,0,0,1,0,2,0,2,2,0,0,2,2
72,-241.575,-3552.241,38.325,-139.730,-0.762672,0.646359,0.023507,-0.646371,-0.762980,0.008087,0.023162,-0.009026,0.999691,0,0.78510,0.54373,47.106,1.087,-1,400.000,-1,375.000,-1,325.000,325.000,125.000,300.000,-1,-1,-1,-1,775.000,725.000,-1,-1,2,0,2,0,2,0,0,1,0,2,2,2,2,0,0,2,2
73,-276.796,-3583.247,38.461,-138.642,-0.750258,0.660691,0.024506,-0.660832,-0.750528,0.002968,0.020354,-0.013968,0.999695,0,0.78208,0.54396,46.925,1.088,-1,400.000,-1,375.000,-1,325.000,325.000,125.000,300.000,-1,-1,-1,-1,750.000,700.000,-1,-1,2,0,2,0,2,0,0,1,0,2,2,2,2,0,0,2,2
74,-311.289,-3614.794,39.426,-137.554,-0.737567,0.674820,0.024773,-0.674967,-0.737842,0.003093,0.020366,-0.014440,0.999688,0,0.77906,0.54405,46.743,1.088,-1,400.000,-1,375.000,-1,325.000,325.000,125.000,300.000,-1,-1,-1,-1,750.000,700.000,-1,-1,2,0,2,0,2,0,0,1,0,2,2,2,2,0,0,2,2
75,-345.046,-3646.865,41.440,-136.466,-0.724745,0.688742,0.019483,-0.688811,-0.724930,0.003984,0.016868,-0.010532,0.999802,0,0.77604,0.54400,46.563,1.088,-1,400.000,-1,375.000,-1,325.000,300.000,125.000,300.000,-1,-1,-1,-1,750.000,675.000,-1,-1,2,0,2,0,2,0,0,1,0,2,2,2,2,0,0,2,2
76,-378.061,-3679.446,43.914,-135.379,-0.711679,0.702409,0.011610,-0.702407,-0.711758,0.004968,0.011753,-0.004620,0.999920,0,0.77308,0.54382,46.385,1.088,-1,400.000,-1,375.000,-1,325.000,300.000,150.000,275.000,-1,-1,-1,-1,750.000,650.000,-1,-1,2,0,2,0,2,0,0,1,0,2,2,2,2,0,0,2,2
77,-410.330,-3712.523,46.311,-134.292,-0.698293,0.715793,0.005265,-0.715780,-0.698312,0.004402,0.006828,-0.000694,0.999976,0,0.77018,0.54350,46.211,1.087,-1,400.000,-1,350.000,-1,325.000,300.000,150.000,275.000,-1,-1,-1,-1,725.000,650.000,-1,-1,2,0,2,0,2,0,0,1,0,2,2,2,2,0,0,2,2
78,-441.851,-3746.083,48.427,-133.206,-0.684620,0.728900,0.000400,-0.728895,-0.684617,0.003323,0.002696,0.001984,0.999994,0,0.76736,0.54307,46.042,1.086,-1,400.000,-1,350.000,1000.000,325.000,300.000,175.000,275.000,-1,-1,-1,-1,725.000,625.000,-1,-1,2,0,2,0,0,0,0,1,0,2,2,2,2,0,0,2,2
79,-472.622,-3780.114,50.221,-132.121,-0.670692,0.741730,-0.002986,-0.741736,-0.670689,0.001993,-0.000524,0.003552,0.999994,0,0.76466,0.54251,45.880,1.085,-1,375.000,-1,350.000,925.000,300.000,300.000,175.000,275.000,-1,-1,-1,-1,700.000,625.000,-1,-1,2,0,2,0,0,0,0,1,0,2,2,2,2,0,0,2,2
80,-500.133,-3811.455,51.628,-131.276,-0.659671,0.751538,-0.005000,-0.751550,-0.659676,0.000753,-0.002733,0.004255,0.999987,0,0.69504,0.42251,41.702,0.845,-1,375.000,-1,350.000,875.000,300.000,300.000,200.000,275.000,-1,-1,-1,-1,700.000,600.000,-1,-1,2,0,2,0,0,0,0,1,0,2,2,2,2,0,0,2,2
81,-527.215,-3842.974,52.839,-130.671,-0.651690,0.758462,-0.006069,-0.758474,-0.651703,-0.000340,-0.004213,0.004382,0.999982,0,0.69260,0.30251,41.556,0.605,-1,375.000,-1,350.000,850.000,300.000,300.000,200.000,275.000,-1,-1,-1,-1,700.000,600.000,-1,975.000,2,0,2,0,0,0,0,1,0,2,2,2,2,0,0,2,0
82,-553.993,-3874.543,53.919,-130.306,-0.646843,0.762599,-0.006141,-0.762610,-0.646859,-0.000796,-0.004579,0.004168,0.999981,0,0.68994,0.18251,41.396,0.365,-1,375.000,-1,350.000,850.000,300.000,300.000,225.000,275.000,-1,-1,-1,-1,700.000,600.000,-1,975.000,2,0,2,0,0,0,0,1,0,2,2,2,2,0,0,2,0
83,-580.592,-3906.040,54.749,-130.181,-0.645184,0.764011,-0.004988,-0.764017,-0.645196,-0.001087,-0.004049,0.003110,0.999987,0,0.68710,0.06251,41.226,0.125,-1,375.000,-1,350.000,850.000,300.000,300.000,225.000,275.000,425.000,-1,-1,-1,700.000,600.000,-1,975.000,2,0,2,0,0,0,0,1,0,1,2,2,2,0,0,2,0
84,-607.139,-3937.348,55.375,-130.296,-0.646728,0.762718,-0.002149,-0.762718,-0.646731,-0.001237,-0.002333,0.000839,0.999997,0,0.68413,-0.05749,41.048,-0.115,-1,375.000,-1,350.000,900.000,300.000,300.000,250.000,275.000,375.000,-1,-1,-1,700.000,600.000,-1,1000.000,2,0,2,0,0,0,0,1,0,1,2,2,2,0,0,2,0
85,-633.759,-3968.351,55.731,-130.651,-0.651443,0.758694,0.002317,-0.758698,-0.651442,-0.001292,0.000529,-0.002600,0.999996,0,0.68106,-0.17749,40.864,-0.355,-1,375.000,-1,350.000,950.000,300.000,300.000,275.000,275.000,325.000,-1,-1,-1,700.000,625.000,-1,-1,2,0,2,0,0,0,0,1,0,1,2,2,2,0,0,2,2
86,-660.577,-3998.937,55.769,-131.246,-0.659256,0.751871,0.008465,-0.751905,-0.659270,-0.001346,0.004569,-0.007252,0.999963,0,0.67796,-0.29749,40.677,-0.595,-1,375.000,-1,350.000,-1,300.000,300.000,300.000,275.000,300.000,-1,-1,-1,700.000,625.000,-1,-1,2,0,2,0,2,0,0,1,0,1,2,2,2,0,0,2,2
87,-687.713,-4028.990,55.389,-132.081,-0.670043,0.742141,0.016410,-0.742254,-0.670118,-0.001207,0.010101,-0.012989,0.999865,0,0.67486,-0.41749,40.492,-0.835,-1,375.000,-1,375.000,-1,300.000,300.000,300.000,275.000,275.000,-1,-1,-1,700.000,650.000,-1,-1,2,0,2,0,2,0,0,1,0,1,2,2,2,0,0,2,2
88,-715.284,-4058.397,54.592,-133.156,-0.683629,0.729352,0.026378,-0.729628,-0.683843,-0.001243,0.017132,-0.020096,0.999651,0,0.67183,-0.53749,40.310,-1.075,-1,375.000,-1,375.000,-1,325.000,300.000,325.000,300.000,250.000,-1,-1,-1,700.000,675.000,-1,-1,2,0,2,0,2,0,0,1,0,1,2,2,2,0,0,2,2
89,-743.393,-4087.046,53.380,-134.457,-0.699614,0.713478,0.038602,-0.714060,-0.700082,-0.001906,0.025665,-0.028897,0.999253,0,0.66892,-0.65076,40.135,-1.302,-1,400.000,-1,375.000,-1,325.000,325.000,300.000,300.000,250.000,-1,-1,-1,725.000,725.000,-1,-1,2,0,2,0,2,0,0,0,0,1,2,2,2,0,0,2,2
90,-772.031,-4114.931,54.340,-135.763,-0.715638,0.697340,0.039742,-0.697940,-0.716154,-0.001760,0.027234,-0.028997,0.999208,0,0.66619,-0.65276,39.971,-1.306,-1,375.000,-1,375.000,-1,325.000,325.000,300.000,300.000,275.000,350.000,-1,-1,725.000,725.000,-1,-1,2,0,2,0,2,0,0,0,0,1,1,2,2,0,0,2,2
91,-801.199,-4142.062,55.448,-137.072,-0.731367,0.680795,0.040243,-0.681393,-0.731916,-0.001594,0.028369,-0.028587,0.999189,0,0.66392,-0.65491,39.835,-1.310,-1,375.000,-1,375.000,-1,325.000,325.000,300.000,300.000,275.000,350.000,-1,-1,725.000,725.000,-1,-1,2,0,2,0,2,0,0,0,0,1,1,2,2,0,0,2,2
92,-830.900,-4168.444,56.574,-138.387,-0.746767,0.663835,0.040769,-0.664431,-0.747348,-0.001475,0.029490,-0.028190,0.999167,0,0.66210,-0.65720,39.726,-1.314,-1,375.000,-1,375.000,-1,325.000,325.000,300.000,300.000,300.000,350.000,-1,-1,725.000,725.000,-1,-1,2,0,2,0,2,0,0,0,0,1,1,2,2,0,0,2,2
93,-864.739,-4197.384,57.856,-139.461,-0.759057,0.649710,0.041355,-0.650308,-0.759670,-0.001353,0.030537,-0.027920,0.999144,0,0.74210,-0.53720,44.526,-1.074,-1,375.000,-1,375.000,-1,325.000,325.000,300.000,300.000,325.000,400.000,-1,-1,725.000,725.000,-1,-1,2,0,2,0,2,0,0,0,0,1,1,2,2,0,0,2,2
94,-902.688,-4228.895,59.292,-140.296,-0.768408,0.638580,0.042001,-0.639183,-0.769053,-0.001225,0.031519,-0.027788,0.999117,0,0.82210,-0.41720,49.326,-0.834,-1,375.000,-1,375.000,-1,325.000,325.000,300.000,300.000,375.000,425.000,975.000,-1,700.000,700.000,-1,-1,2,0,2,0,2,0,0,0,0,1,1,0,2,0,0,2,2
95,-944.169,-4262.489,61.044,-140.998,-0.776133,0.629120,0.042736,-0.629709,-0.776831,-0.000429,0.032929,-0.027244,0.999086,0,0.88963,-0.35099,53.378,-0.702,-1,375.000,-1,375.000,-1,325.000,325.000,300.000,300.000,400.000,475.000,875.000,-1,725.000,700.000,-1,-1,2,0,2,0,2,0,0,0,0,1,1,0,2,0,0,2,2
96,-986.088,-4295.585,62.950,-141.707,-0.783833,0.619469,0.043172,-0.620032,-0.784577,0.000462,0.034158,-0.026407,0.999068,0,0.89015,-0.35463,53.409,-0.709,-1,400.000,-1,375.000,-1,325.000,325.000,300.000,300.000,450.000,500.000,850.000,-1,725.000,700.000,-1,-1,2,0,2,0,2,0,0,0,0,1,1,0,2,0,0,2,2
97,-1028.459,-4328.188,64.859,-142.424,-0.791493,0.609619,0.043638,-0.610154,-0.792282,0.001320,0.035378,-0.025581,0.999047,0,0.89104,-0.35839,53.462,-0.717,-1,400.000,-1,375.000,975.000,325.000,325.000,300.000,300.000,500.000,550.000,675.000,-1,725.000,700.000,-1,-1,2,0,2,0,1,0,0,0,0,1,1,1,2,0,0,2,2
98,-1071.299,-4360.296,66.772,-143.148,-0.799109,0.599564,0.044133,-0.600072,-0.799943,0.002146,0.036590,-0.024768,0.999023,0,0.89228,-0.36226,53.537,-0.725,-1,400.000,-1,375.000,950.000,325.000,325.000,300.000,300.000,550.000,600.000,700.000,-1,725.000,700.000,-1,-1,2,0,2,0,1,0,0,0,0,1,1,1,2,0,0,2,2
99,-1114.621,-4391.909,68.746,-143.881,-0.806681,0.589298,0.044645,-0.589787,-0.807554,0.002677,0.037631,-0.024171,0.998999,0,0.89383,-0.36623,53.630,-0.732,-1,400.000,-1,375.000,900.000,325.000,325.000,300.000,300.000,575.000,625.000,725.000,-1,725.000,700.000,-1,975.000,2,0,2,0,1,0,0,0,0,1,1,1,2,0,0,2,1
100,-1158.438,-4423.024,70.802,-144.621,-0.814208,0.578815,0.045158,-0.579300,-0.815110,0.002817,0.038439,-0.023867,0.998976,0,0.89567,-0.37029,53.740,-0.741,-1,400.000,-1,375.000,850.000,325.000,325.000,300.000,300.000,625.000,675.000,775.000,-1,725.000,700.000,-1,925.000,2,0,2,0,1,0,0,0,0,1,1,1,2,0,0,2,1
101,-1202.761,-4453.634,72.868,-145.370,-0.821680,0.568116,0.045683,-0.568598,-0.822610,0.002902,0.039228,-0.023591,0.998952,0,0.89776,-0.37444,53.866,-0.749,-1,400.000,-1,375.000,825.000,325.000,325.000,300.000,300.000,675.000,725.000,800.000,-1,725.000,700.000,-1,875.000,2,0,2,0,1,0,0,0,0,1,1,1,2,0,0,2,1
102,-1247.600,-4483.734,75.005,-146.127,-0.829080,0.557194,0.046489,-0.557685,-0.830048,0.002846,0.040174,-0.023567,0.998915,0,0.90009,-0.37866,54.005,-0.757,-1,375.000,-1,375.000,775.000,325.000,325.000,300.000,300.000,725.000,750.000,850.000,-1,725.000,700.000,-1,825.000,2,0,2,0,1,0,0,0,0,1,1,1,2,0,0,2,1
103,-1292.965,-4513.315,77.285,-146.893,-0.836388,0.546042,0.047897,-0.546566,-0.837412,0.002531,0.041491,-0.024062,0.998849,0,0.90262,-0.38296,54.157,-0.766,-1,375.000,-1,375.000,725.000,325.000,325.000,300.000,300.000,775.000,800.000,875.000,-1,725.000,700.000,-1,775.000,2,0,2,0,1,0,0,0,0,1,1,1,2,0,0,2,1
104,-1338.865,-4542.367,79.721,-147.668,-0.843615,0.534670,0.049403,-0.535202,-0.844719,0.002860,0.043261,-0.024028,0.998775,0,0.90534,-0.38734,54.321,-0.775,-1,375.000,-1,375.000,675.000,325.000,325.000,300.000,300.000,800.000,850.000,925.000,-1,725.000,700.000,-1,725.000,2,0,2,0,1,0,0,0,0,1,1,1,2,0,1,2,1
105,-1388.663,-4572.761,82.348,-148.602,-0.852136,0.520823,0.051057,-0.521366,-0.853328,0.003098,0.045182,-0.023979,0.998691,0,0.97235,-0.46725,58.341,-0.934,-1,375.000,-1,375.000,650.000,325.000,325.000,300.000,300.000,850.000,850.000,875.000,-1,725.000,650.000,-1,675.000,2,0,2,0,1,0,0,0,0,1,0,0,2,0,1,2,1
106,-1439.062,-4602.398,85.107,-149.542,-0.860510,0.506762,0.052110,-0.507296,-0.861765,0.003380,0.046619,-0.023527,0.998636,0,0.97445,-0.46992,58.467,-0.940,-1,375.000,-1,375.000,600.000,325.000,325.000,300.000,300.000,925.000,850.000,850.000,-1,725.000,600.000,-1,625.000,2,0,2,0,1,0,0,0,0,1,0,0,2,0,1,2,1
107,-1490.577,-4631.606,87.928,-150.447,-0.868358,0.493090,0.053069,-0.493618,-0.869671,0.003555,0.047905,-0.023108,0.998585,0,0.98698,-0.45258,59.219,-0.905,-1,375.000,-1,375.000,550.000,325.000,325.000,300.000,300.000,975.000,850.000,850.000,-1,750.000,550.000,-1,575.000,2,0,2,0,1,0,0,0,0,1,0,0,2,0,1,2,1
108,-1542.755,-4660.107,91.050,-151.355,-0.875995,0.479265,0.054201,-0.479756,-0.877391,0.004421,0.049674,-0.022131,0.998520,0,0.99090,-0.45372,59.454,-0.907,-1,400.000,-1,375.000,500.000,325.000,325.000,300.000,300.000,-1,825.000,825.000,-1,750.000,525.000,-1,500.000,2,0,2,0,1,0,0,0,0,2,0,0,2,0,1,2,1
109,-1595.587,-4687.886,94.171,-152.265,-0.883428,0.465283,0.055371,-0.465743,-0.884906,0.005082,0.051362,-0.021299,0.998453,0,0.99483,-0.45486,59.690,-0.910,-1,400.000,-1,375.000,450.000,325.000,325.000,300.000,300.000,-1,825.000,825.000,-1,750.000,475.000,-1,450.000,2,0,2,0,1,0,0,0,0,2,0,0,2,1,1,2,1
110,-1649.067,-4714.927,97.284,-153.177,-0.890655,0.451146,0.056577,-0.451581,-0.892213,0.005576,0.052994,-0.020583,0.998383,0,0.99879,-0.45599,59.927,-0.912,-1,400.000,900.000,375.000,400.000,325.000,325.000,300.000,300.000,-1,800.000,800.000,-1,700.000,425.000,-1,400.000,2,0,1,1,1,0,0,0,0,2,0,0,2,1,1,2,1
111,-1703.036,-4741.144,100.382,-154.091,-0.897671,0.436858,0.057809,-0.437274,-0.899309,0.005904,0.054568,-0.019979,0.998310,0,1.00000,-0.45714,60.000,-0.914,-1,400.000,775.000,325.000,350.000,325.000,325.000,300.000,300.000,-1,775.000,800.000,-1,675.000,400.000,-1,350.000,2,0,1,1,1,0,0,0,0,2,0,0,2,1,1,2,1
112,-1753.164,-4764.258,103.221,-155.245,-0.906226,0.418659,0.058980,-0.419058,-0.907939,0.006014,0.056068,-0.019266,0.998241,0,0.92000,-0.57714,55.200,-1.154,-1,400.000,650.000,300.000,300.000,325.000,300.000,300.000,300.000,-1,750.000,800.000,-1,625.000,350.000,-1,300.000,2,0,1,1,1,0,1,0,0,2,0,0,2,1,1,2,1
113,-1799.350,-4784.434,105.805,-156.402,-0.914434,0.400252,0.060069,-0.400640,-0.916216,0.005967,0.057424,-0.018609,0.998176,0,0.84000,-0.57829,50.400,-1.157,-1,375.000,575.000,275.000,250.000,300.000,275.000,300.000,300.000,-1,725.000,775.000,-1,575.000,300.000,-1,250.000,2,1,1,1,1,1,1,0,0,2,0,0,2,1,1,2,1
114,-1841.497,-4801.841,108.195,-157.559,-0.922297,0.381668,0.060813,-0.382034,-0.924129,0.005940,0.058466,-0.017754,0.998132,0,0.76000,-0.57875,45.600,-1.157,-1,350.000,500.000,225.000,225.000,275.000,225.000,300.000,300.000,-1,700.000,775.000,-1,525.000,275.000,-1,225.000,2,1,1,1,1,1,1,0,0,2,0,0,2,1,1,2,1
115,-1880.668,-4817.099,110.609,-158.717,-0.929824,0.362919,0.060977,-0.363282,-0.931664,0.005413,0.058775,-0.017119,0.998124,0,0.70065,-0.57897,42.039,-1.158,-1,325.000,425.000,200.000,175.000,250.000,200.000,300.000,300.000,-1,750.000,800.000,-1,475.000,250.000,-1,175.000,2,1,1,1,1,1,1,0,0,2,0,0,2,1,1,2,1
116,-1920.312,-4831.627,115.581,-159.875,-0.936259,0.343949,0.071547,-0.344937,-0.938625,-0.001551,0.066623,-0.026131,0.997436,0,0.70368,-0.57900,42.221,-1.158,-1,300.000,400.000,200.000,150.000,225.000,175.000,300.000,325.000,-1,525.000,600.000,-1,450.000,225.000,-1,150.000,2,1,1,1,1,1,1,0,0,2,0,0,2,1,1,2,1
117,-1960.416,-4845.415,124.851,-161.033,-0.940655,0.324593,0.099034,-0.328012,-0.944462,-0.019988,0.087046,-0.051286,0.994883,0,0.70673,-0.57898,42.404,-1.158,-1,300.000,400.000,175.000,150.000,225.000,175.000,275.000,400.000,875.000,225.000,350.000,-1,475.000,225.000,-1,150.000,2,1,1,1,1,1,1,0,0,0,0,0,2,1,1,2,1
118,-2000.966,-4858.453,134.152,-162.191,-0.944021,0.304944,0.125829,-0.311930,-0.949276,-0.039677,0.107347,-0.076706,0.991258,0,0.70982,-0.57892,42.589,-1.158,-1,300.000,425.000,175.000,150.000,225.000,175.000,250.000,475.000,575.000,150.000,275.000,-1,525.000,225.000,-1,150.000,2,1,1,1,1,1,1,0,0,0,0,0,2,1,1,2,1
119,-2041.949,-4870.727,143.560,-163.349,-0.946450,0.285049,0.151587,-0.296713,-0.953054,-0.060407,0.127252,-0.102150,0.986596,0,0.71292,-0.57880,42.775,-1.158,-1,275.000,450.000,175.000,150.000,225.000,175.000,250.000,550.000,425.000,100.000,250.000,-1,-1,200.000,-1,150.000,2,1,1,1,1,1,1,0,1,0,0,0,2,2,1,2,1
120,327.974,-1639.823,-36.435,-44.903,0.708294,0.705285,0.029885,-0.705917,0.707679,0.029519,-0.000330,-0.042004,0.999117,1,0.00000,0.00000,42.963,-1.157,-1,375.000,-1,375.000,-1,300.000,300.000,300.000,300.000,-1,700.000,700.000,-1,650.000,650.000,-1,-1,2,0,2,0,2,0,0,0,0,2,1,1,2,0,0,2,2
121,331.388,-1643.197,-36.422,-44.663,0.711249,0.702313,0.029699,-0.702940,0.710626,0.029763,-0.000202,-0.042045,0.999116,0,0.08000,0.12000,4.800,0.240,-1,375.000,-1,375.000,-1,300.000,300.000,300.000,300.000,-1,700.000,700.000,-1,650.000,650.000,-1,-1,2,0,2,0,2,0,0,0,0,2,1,1,2,0,0,2,2
122,338.254,-1649.906,-36.394,-44.341,0.715202,0.698304,0.029300,-0.698918,0.714563,0.030231,0.000174,-0.042099,0.999113,0,0.16000,0.16112,9.600,0.322,-1,375.000,-1,375.000,-1,300.000,300.000,300.000,300.000,-1,700.000,725.000,-1,650.000,650.000,-1,-1,2,0,2,0,2,0,0,0,0,2,1,1,2,0,0,2,2
123,348.609,-1659.913,-36.352,-44.020,0.719121,0.694294,0.028669,-0.694885,0.718456,0.030915,0.000867,-0.042153,0.999111,0,0.24000,0.16026,14.400,0.321,-1,375.000,-1,375.000,-1,300.000,300.000,300.000,300.000,-1,700.000,725.000,-1,650.000,650.000,-1,-1,2,0,2,0,2,0,0,0,0,2,1,1,2,0,0,2,2
124,362.489,-1673.179,-36.297,-43.702,0.722995,0.690294,0.027794,-0.690851,0.722297,0.031818,0.001888,-0.042206,0.999107,0,0.32000,0.15898,19.200,0.318,-1,375.000,-1,375.000,-1,300.000,300.000,300.000,300.000,-1,650.000,725.000,-1,675.000,650.000,-1,-1,2,0,2,0,2,0,0,0,0,2,0,0,2,0,0,2,2
125,379.930,-1689.665,-36.163,-43.388,0.726809,0.686313,0.026893,-0.686833,0.726070,0.032893,0.003049,-0.042378,0.999097,0,0.40000,0.15728,24.000,0.315,-1,375.000,-1,375.000,-1,300.000,300.000,300.000,300.000,-1,625.000,650.000,-1,675.000,650.000,-1,-1,2,0,2,0,2,0,0,0,0,2,0,0,2,0,0,2,2
126,400.967,-1709.335,-35.878,-43.077,0.730547,0.682362,0.026125,-0.682850,0.729767,0.034011,0.004143,-0.042686,0.999080,0,0.48000,0.15515,28.800,0.310,-1,375.000,-1,375.000,-1,300.000,300.000,300.000,300.000,-1,575.000,625.000,-1,675.000,650.000,-1,-1,2,0,2,0,2,0,0,0,0,2,0,0,2,0,0,2,2
127,425.631,-1732.152,-35.537,-42.772,0.734209,0.678456,0.025196,-0.678901,0.733380,0.035308,0.005476,-0.043029,0.999059,0,0.56000,0.15259,33.600,0.305,-1,375.000,-1,375.000,-1,300.000,300.000,300.000,300.000,-1,525.000,575.000,-1,675.000,650.000,-1,-1,2,0,2,0,2,0,0,0,0,2,0,0,2,0,0,2,2
128,453.955,-1758.081,-35.136,-42.473,0.737785,0.674606,0.024101,-0.674999,0.736901,0.036787,0.007057,-0.043410,0.999032,0,0.64000,0.14960,38.400,0.299,-1,375.000,-1,375.000,-1,300.000,300.000,300.000,300.000,-1,500.000,550.000,-1,675.000,650.000,-1,-1,2,0,2,0,2,0,0,0,0,2,0,0,2,0,0,2,2
129,485.967,-1787.089,-34.667,-42.181,0.741265,0.670824,0.022835,-0.671154,0.740320,0.038455,0.008892,-0.043831,0.998999,0,0.72000,0.14619,43.200,0.292,-1,375.000,-1,375.000,-1,300.000,300.000,300.000,300.000,-1,475.000,500.000,-1,675.000,675.000,-1,-1,2,0,2,0,2,0,0,0,0,2,0,0,2,0,0,2,2
130,521.697,-1819.142,-34.123,-41.896,0.744640,0.667123,0.021390,-0.667376,0.743629,0.040318,0.010991,-0.044298,0.998958,0,0.80000,0.14236,48.000,0.285,-1,375.000,-1,375.000,-1,300.000,300.000,300.000,300.000,-1,450.000,475.000,-1,675.000,675.000,-1,-1,2,0,2,0,2,0,0,0,0,2,0,0,2,0,0,2,2
131,561.039,-1854.096,-33.498,-41.620,0.747901,0.663516,0.019767,-0.663676,0.746819,0.042376,0.013354,-0.044812,0.998906,0,0.87712,0.13809,52.627,0.276,-1,375.000,-1,375.000,-1,300.000,300.000,300.000,300.000,-1,425.000,475.000,-1,700.000,675.000,-1,-1,2,0,2,0,2,0,0,0,0,2,0,0,2,0,0,2,2
132,600.715,-1889.017,-32.777,-41.353,0.751036,0.660022,0.017778,-0.660068,0.749892,0.044407,0.015978,-0.045086,0.998855,0,0.88091,0.13342,52.855,0.267,-1,375.000,-1,375.000,-1,300.000,300.000,300.000,300.000,-1,425.000,450.000,-1,700.000,675.000,-1,-1,2,0,2,0,2,0,0,0,0,2,0,0,2,0,0,2,2
133,640.642,-1923.837,-32.013,-41.091,0.754093,0.656577,0.015788,-0.656502,0.752887,0.046552,0.018678,-0.045469,0.998791,0,0.88296,0.13090,52.978,0.262,-1,375.000,-1,375.000,-1,300.000,300.000,300.000,325.000,-1,400.000,450.000,-1,700.000,700.000,-1,-1,2,0,2,0,2,0,0,0,0,2,0,0,2,0,0,2,2
134,680.728,-1958.474,-31.219,-40.829,0.757131,0.653117,0.013803,-0.652912,0.755863,0.048749,0.021405,-0.045922,0.998716,0,0.88296,0.13090,52.978,0.262,-1,375.000,-1,375.000,-1,300.000,300.000,300.000,325.000,-1,400.000,425.000,-1,700.000,700.000,-1,-1,2,0,2,0,2,0,0,0,0,2,0,0,2,0,0,2,2
