timestep,x_cm,y_cm,z_cm,yaw_deg,basis_xx,basis_xy,basis_xz,basis_yx,basis_yy,basis_yz,basis_zx,basis_zy,basis_zz,teleport_flag,throttle_cmd,steering_cmd,cmd_move_cm,cmd_turn_deg,lidar_cm_0,lidar_cm_1,lidar_cm_2,lidar_cm_3,lidar_cm_4,lidar_cm_5,lidar_cm_6,lidar_cm_7,lidar_cm_8,lidar_cm_9,lidar_cm_10,lidar_cm_11,lidar_cm_12,lidar_cm_13,lidar_cm_14,lidar_cm_15,lidar_cm_16,lidar_class_0,lidar_class_1,lidar_class_2,lidar_class_3,lidar_class_4,lidar_class_5,lidar_class_6,lidar_class_7,lidar_class_8,lidar_class_9,lidar_class_10,lidar_class_11,lidar_class_12,lidar_class_13,lidar_class_14,lidar_class_15,lidar_class_16
0,8857.681,6227.318,-85.955,-57.443,0.537523,0.841928,0.047189,-0.843128,0.537552,0.013150,-0.014296,-0.046855,0.998799,1,0.08000,0.11723,4.800,0.234,-1,375.000,-1,375.000,-1,300.000,300.000,300.000,325.000,-1,500.000,450.000,-1,650.000,750.000,-1,-1,2,0,2,0,2,0,0,0,0,2,0,0,2,0,0,2,2
1,8862.880,6219.248,-86.095,-57.208,0.540984,0.839730,0.046800,-0.840913,0.541007,0.013257,-0.014187,-0.046527,0.998816,0,0.16000,0.11744,9.600,0.235,-1,375.000,-1,375.000,-1,300.000,300.000,300.000,325.000,-1,500.000,425.000,-1,650.000,750.000,-1,-1,2,0,2,0,2,0,0,0,0,2,0,0,2,0,0,2,2
2,8870.728,6207.175,-86.300,-56.972,0.544458,0.837514,0.046216,-0.838673,0.544471,0.013414,-0.013929,-0.046063,0.998841,0,0.24000,0.11791,14.400,0.236,-1,375.000,-1,375.000,-1,300.000,300.000,300.000,325.000,-1,500.000,425.000,-1,650.000,750.000,-1,-1,2,0,2,0,2,0,0,0,0,2,0,0,2,0,0,2,2
3,8881.260,6191.121,-86.568,-56.735,0.547953,0.835274,0.045437,-0.836400,0.547951,0.013623,-0.013518,-0.045469,0.998874,0,0.32000,0.11869,19.200,0.237,-1,375.000,-1,375.000,-1,300.000,300.000,300.000,325.000,-1,525.000,425.000,-1,650.000,750.000,-1,-1,2,0,2,0,2,0,0,0,0,2,0,0,2,0,0,2,2
4,8894.507,6171.109,-86.845,-56.495,0.551485,0.832995,0.044535,-0.834086,0.551454,0.014099,-0.012815,-0.044921,0.998908,0,0.40000,0.11985,24.000,0.240,-1,375.000,-1,375.000,-1,300.000,300.000,300.000,325.000,-1,525.000,425.000,-1,650.000,750.000,-1,-1,2,0,2,0,2,0,0,0,0,2,0,0,2,0,0,2,2
5,8910.507,6147.162,-87.162,-56.252,0.555063,0.830673,0.043455,-0.831723,0.554997,0.014672,-0.011929,-0.044287,0.998948,0,0.48000,0.12148,28.800,0.243,-1,375.000,-1,375.000,-1,300.000,300.000,300.000,325.000,-1,525.000,425.000,-1,650.000,750.000,-1,-1,2,0,2,0,2,0,0,0,0,2,0,0,2,0,0,2,2
6,8929.293,6119.304,-87.512,-56.005,0.558702,0.828294,0.042197,-0.829297,0.558597,0.015340,-0.010865,-0.043565,0.998992,0,0.56000,0.12371,33.600,0.247,-1,375.000,-1,375.000,-1,300.000,300.000,300.000,325.000,-1,525.000,425.000,-1,650.000,750.000,-1,-1,2,0,2,0,2,0,0,0,0,2,0,0,2,0,0,2,2
7,8950.903,6087.563,-87.881,-55.751,0.562421,0.825845,0.040783,-0.826795,0.562273,0.016102,-0.009633,-0.042775,0.999038,0,0.64000,0.12666,38.400,0.253,-1,375.000,-1,400.000,-1,300.000,300.000,300.000,325.000,-1,500.000,425.000,-1,650.000,750.000,-1,-1,2,0,2,0,2,0,0,0,0,2,0,0,2,0,0,2,2
8,8975.378,6051.964,-88.251,-55.490,0.566242,0.823305,0.039229,-0.824198,0.566048,0.016960,-0.008242,-0.041936,0.999086,0,0.72000,0.13047,43.200,0.261,-1,375.000,-1,400.000,-1,300.000,300.000,325.000,325.000,-1,500.000,425.000,-1,650.000,750.000,-1,-1,2,0,2,0,2,0,0,0,0,2,0,0,2,0,0,2,2
9,9002.758,6012.539,-88.613,-55.220,0.570194,0.820652,0.037529,-0.821483,0.569952,0.017918,-0.006685,-0.041046,0.999135,0,0.80000,0.13531,48.000,0.271,-1,375.000,-1,400.000,-1,300.000,325.000,325.000,325.000,-1,500.000,425.000,-1,675.000,750.000,-1,-1,2,0,2,0,2,0,0,0,0,2,0,0,2,0,0,2,2
10,9030.494,5973.020,-88.952,-54.937,0.574299,0.817862,0.035807,-0.818629,0.574016,0.018749,-0.005219,-0.040081,0.999183,0,0.80469,0.14135,48.282,0.283,-1,375.000,-1,400.000,-1,300.000,325.000,325.000,325.000,-1,525.000,450.000,-1,675.000,775.000,-1,-1,2,0,2,0,2,0,0,0,0,2,0,0,2,0,0,2,2
11,9058.258,5933.891,-89.341,-54.641,0.578568,0.814926,0.033990,-0.815624,0.578267,0.019103,-0.004088,-0.038776,0.999240,0,0.79963,0.14810,47.978,0.296,-1,375.000,-1,400.000,-1,300.000,325.000,325.000,325.000,-1,525.000,450.000,-1,675.000,775.000,-1,-1,2,0,2,0,2,0,0,0,0,2,0,0,2,0,0,2,2
12,9083.279,5898.702,-89.646,-54.584,0.579409,0.814394,0.032364,-0.815032,0.579092,0.019389,-0.002951,-0.037612,0.999288,0,0.71963,0.02810,43.178,0.056,-1,375.000,-1,400.000,-1,300.000,325.000,300.000,325.000,-1,525.000,450.000,-1,675.000,800.000,-1,-1,2,0,2,0,2,0,0,0,0,2,0,0,2,0,0,2,2
13,9105.740,5866.899,-89.860,-54.768,0.576832,0.816282,0.030799,-0.816861,0.576500,0.019630,-0.001732,-0.036481,0.999333,0,0.64891,-0.09190,38.935,-0.184,1000.000,375.000,-1,400.000,-1,325.000,325.000,300.000,325.000,-1,550.000,450.000,-1,675.000,800.000,-1,-1,1,0,2,0,2,0,0,0,0,2,0,0,2,0,0,2,2
14,9127.918,5834.996,-89.907,-55.192,0.570827,0.820572,0.028591,-0.821070,0.570481,0.019898,0.000017,-0.034834,0.999393,0,0.64757,-0.21190,38.854,-0.424,975.000,375.000,-1,400.000,-1,325.000,325.000,300.000,325.000,-1,550.000,450.000,925.000,700.000,825.000,-1,-1,1,0,2,0,2,0,0,0,0,2,0,0,1,0,0,2,2
15,9149.714,5802.855,-89.907,-55.856,0.561325,0.827173,0.026444,-0.827594,0.560968,0.020108,0.001798,-0.033172,0.999448,0,0.64725,-0.33190,38.835,-0.664,950.000,375.000,-1,400.000,-1,325.000,325.000,300.000,325.000,-1,575.000,475.000,900.000,700.000,850.000,-1,-1,1,0,2,0,2,0,0,0,0,2,0,0,1,0,0,2,2
16,9171.020,5770.345,-89.847,-56.760,0.548242,0.835965,0.024337,-0.836312,0.547881,0.020219,0.003569,-0.031438,0.999499,0,0.64783,-0.45190,38.870,-0.904,925.000,375.000,-1,400.000,-1,325.000,325.000,300.000,300.000,-1,575.000,475.000,900.000,700.000,875.000,-1,-1,1,0,2,0,2,0,0,0,0,2,0,0,1,0,0,2,2
17,9191.717,5737.345,-89.742,-57.903,0.531475,0.846780,0.022297,-0.847057,0.531113,0.020343,0.005384,-0.029699,0.999544,0,0.64922,-0.57190,38.953,-1.144,900.000,375.000,-1,400.000,-1,325.000,325.000,300.000,300.000,-1,600.000,500.000,900.000,725.000,900.000,1000.000,-1,1,0,2,0,2,0,0,0,0,2,0,0,1,0,0,1,2
18,9211.747,5703.789,-89.644,-59.166,0.512712,0.858313,0.020610,-0.858532,0.512352,0.020436,0.006981,-0.028172,0.999579,0,0.65132,-0.63117,39.079,-1.262,900.000,375.000,-1,400.000,-1,325.000,325.000,300.000,300.000,-1,650.000,500.000,925.000,725.000,925.000,1000.000,-1,1,0,2,0,2,0,0,0,0,2,0,0,1,0,0,1,2
19,9231.113,5669.678,-89.613,-60.414,0.493907,0.869290,0.019773,-0.869478,0.493551,0.020385,0.007961,-0.027261,0.999597,0,0.65375,-0.62395,39.225,-1.248,875.000,375.000,-1,400.000,-1,325.000,325.000,300.000,300.000,-1,675.000,550.000,950.000,725.000,925.000,-1,-1,1,0,2,0,2,0,0,0,0,2,0,0,1,0,0,2,2
20,9249.810,5635.031,-89.476,-61.647,0.475085,0.879729,0.019262,-0.879897,0.474733,0.020227,0.008650,-0.026558,0.999610,0,0.65616,-0.61671,39.369,-1.233,850.000,375.000,-1,400.000,-1,325.000,325.000,300.000,300.000,-1,750.000,600.000,975.000,725.000,950.000,-1,-1,1,0,2,0,2,0,0,0,0,2,0,0,1,0,0,2,2
21,9269.272,5597.420,-89.270,-62.641,0.459762,0.887845,0.018695,-0.887995,0.459419,0.019969,0.009141,-0.025782,0.999626,0,0.70580,-0.49671,42.348,-0.993,825.000,375.000,-1,400.000,-1,325.000,325.000,300.000,300.000,-1,800.000,650.000,1000.000,750.000,975.000,-1,-1,1,0,2,0,2,0,0,0,0,2,0,0,1,0,0,2,2
22,9290.387,5555.264,-88.980,-63.394,0.448044,0.893829,0.018052,-0.893962,0.447715,0.019595,0.009432,-0.024917,0.999645,0,0.78580,-0.37671,47.148,-0.753,800.000,375.000,-1,425.000,-1,325.000,325.000,300.000,300.000,-1,875.000,700.000,-1,775.000,975.000,-1,-1,1,0,2,0,2,0,0,0,0,2,0,0,2,0,0,2,2
23,9311.238,5512.688,-88.636,-63.907,0.440010,0.897824,0.017418,-0.897942,0.439697,0.019146,0.009531,-0.024064,0.999665,0,0.79013,-0.25671,47.408,-0.513,775.000,375.000,-1,425.000,-1,325.000,325.000,300.000,300.000,-1,925.000,750.000,-1,800.000,1000.000,-1,-1,1,0,2,0,2,0,0,0,0,2,0,0,2,0,0,2,2
24,9331.959,5469.860,-88.245,-64.181,0.435712,0.899929,0.016800,-0.900037,0.435416,0.018632,0.009453,-0.023239,0.999685,0,0.79295,-0.13671,47.577,-0.273,750.000,375.000,-1,425.000,-1,325.000,325.000,300.000,300.000,-1,1000.000,825.000,-1,825.000,-1,-1,-1,1,0,2,0,2,0,0,0,0,2,0,0,2,0,2,2,2
25,9352.725,5426.877,-87.811,-64.214,0.435176,0.900199,0.016206,-0.900298,0.434899,0.018064,0.009214,-0.022451,0.999705,0,0.79561,-0.01671,47.737,-0.033,725.000,375.000,-1,425.000,-1,325.000,325.000,275.000,300.000,-1,-1,875.000,-1,825.000,-1,-1,-1,1,0,2,0,2,0,0,0,0,2,2,0,2,0,2,2,2
26,9373.714,5383.827,-87.377,-64.008,0.438408,0.898643,0.015471,-0.898732,0.438150,0.017492,0.008941,-0.021573,0.999727,0,0.79824,0.10329,47.894,0.207,700.000,400.000,-1,450.000,-1,325.000,350.000,275.000,300.000,-1,-1,925.000,-1,850.000,-1,-1,-1,1,0,2,0,2,0,0,0,0,2,2,0,2,1,2,2,2
27,9395.111,5340.796,-87.031,-63.561,0.445389,0.895224,0.014229,-0.895293,0.445153,0.017003,0.008887,-0.020312,0.999754,0,0.80095,0.22329,48.057,0.447,675.000,400.000,-1,450.000,-1,325.000,350.000,275.000,300.000,-1,-1,950.000,-1,825.000,-1,-1,-1,1,0,2,0,2,0,0,0,0,2,2,0,2,1,2,2,2
28,9417.102,5297.869,-86.922,-62.874,0.456056,0.889863,0.012477,-0.889915,0.455868,0.015337,0.007960,-0.018098,0.999805,0,0.80387,0.34329,48.232,0.687,675.000,400.000,-1,450.000,-1,325.000,350.000,300.000,300.000,-1,-1,1000.000,-1,825.000,-1,-1,-1,1,0,2,0,2,0,0,0,0,2,2,0,2,1,2,2,2
29,9439.876,5255.130,-86.961,-61.948,0.470343,0.882426,0.010082,-0.882464,0.470226,0.012009,0.005856,-0.014546,0.999877,0,0.80714,0.46329,48.429,0.927,625.000,400.000,-1,450.000,-1,325.000,350.000,300.000,300.000,-1,-1,-1,-1,800.000,-1,-1,-1,1,0,2,0,2,0,0,0,0,2,2,2,2,1,2,2,2
30,9463.626,5212.666,-87.025,-60.781,0.488178,0.872709,0.007821,-0.872737,0.488116,0.008565,0.003657,-0.011007,0.999933,0,0.81089,0.58329,48.654,1.167,600.000,400.000,-1,450.000,-1,325.000,350.000,300.000,300.000,-1,-1,-1,-1,800.000,-1,-1,-1,1,0,2,0,2,0,0,0,0,2,2,2,2,1,2,2,2
31,9488.544,5170.574,-87.115,-59.375,0.509431,0.860493,0.005740,-0.860511,0.509408,0.004981,0.001362,-0.007477,0.999971,0,0.81525,0.70329,48.915,1.407,575.000,400.000,-1,450.000,-1,325.000,350.000,300.000,300.000,-1,-1,-1,-1,775.000,-1,-1,-1,1,0,2,0,2,0,0,0,0,2,2,2,2,1,2,2,2
32,9514.825,5128.957,-87.378,-57.728,0.533936,0.845515,0.004136,-0.845525,0.533933,0.001944,-0.000565,-0.004535,0.999990,0,0.82035,0.82329,49.221,1.647,525.000,400.000,-1,450.000,-1,325.000,350.000,300.000,300.000,-1,-1,-1,-1,750.000,-1,-1,-1,1,0,2,0,2,0,0,0,0,2,2,2,2,1,2,2,2
33,9542.662,5087.931,-87.670,-55.841,0.561480,0.827486,0.002877,-0.827487,0.561484,-0.000915,-0.002373,-0.001867,0.999995,0,0.82631,0.94329,49.579,1.887,475.000,400.000,-1,425.000,-1,325.000,350.000,300.000,300.000,-1,-1,-1,-1,725.000,-1,-1,-1,1,0,2,0,2,0,0,0,0,2,2,2,2,1,2,2,2
34,9572.161,5047.565,-87.881,-53.841,0.590018,0.807387,0.001985,-0.807380,0.590022,-0.003444,-0.003952,0.000429,0.999992,0,0.83326,1.00000,49.996,2.000,450.000,400.000,-1,425.000,-1,325.000,350.000,300.000,300.000,-1,-1,-1,-1,700.000,-1,-1,-1,1,0,2,0,2,0,0,0,0,2,2,2,2,1,2,2,2
35,9603.341,5007.882,-88.100,-51.841,0.617842,0.786301,0.001334,-0.786283,0.617837,-0.006023,-0.005559,0.002672,0.999981,0,0.84111,1.00000,50.467,2.000,400.000,400.000,-1,425.000,-1,350.000,350.000,300.000,300.000,-1,-1,-1,-1,675.000,-1,-1,-1,1,1,2,0,2,0,0,0,0,2,2,2,2,1,2,2,2
36,9636.219,4968.919,-88.618,-49.841,0.644906,0.764258,0.002459,-0.764218,0.644901,-0.008591,-0.008152,0.003661,0.999960,0,0.84968,1.00000,50.981,2.000,350.000,375.000,-1,425.000,-1,325.000,350.000,300.000,300.000,-1,-1,-1,-1,650.000,-1,500.000,-1,1,1,2,0,2,0,0,0,0,2,2,2,2,1,2,1,2
37,9670.809,4930.716,-89.129,-47.841,0.671183,0.741282,0.003765,-0.741214,0.671177,-0.011069,-0.010732,0.004638,0.999932,0,0.85893,1.00000,51.536,2.000,300.000,375.000,-1,425.000,-1,325.000,350.000,300.000,300.000,-1,-1,-1,-1,625.000,-1,425.000,-1,1,1,2,0,2,0,0,0,0,2,2,2,2,1,2,1,2
38,9706.981,4893.466,-89.630,-45.841,0.696638,0.717404,0.005242,-0.717300,0.696635,-0.013431,-0.013288,0.005596,0.999896,0,0.86538,1.00000,51.923,2.000,275.000,350.000,-1,425.000,-1,325.000,350.000,300.000,325.000,-1,-1,-1,-1,575.000,1000.000,350.000,-1,1,1,2,0,2,1,0,0,0,2,2,2,2,1,0,1,2
39,9744.578,4857.360,-90.316,-43.841,0.721252,0.692647,0.005944,-0.692505,0.721240,-0.015779,-0.015217,0.007265,0.999858,0,0.86877,1.00000,52.126,2.000,225.000,325.000,-1,425.000,-1,300.000,325.000,300.000,325.000,-1,-1,-1,-1,550.000,975.000,275.000,-1,1,1,2,0,2,1,0,0,0,2,2,2,2,1,0,1,2
40,9783.560,4822.458,-88.747,-41.841,0.745077,0.666922,-0.008687,-0.666939,0.744826,-0.020655,-0.007305,0.021183,0.999749,0,0.87207,1.00000,52.324,2.000,225.000,350.000,-1,450.000,-1,325.000,350.000,325.000,300.000,-1,-1,-1,-1,600.000,-1,300.000,-1,1,1,2,0,2,1,1,1,0,2,2,2,2,1,2,1,2
41,9823.884,4788.819,-87.240,-39.841,0.767809,0.640275,-0.022748,-0.640679,0.767353,-0.026465,0.000511,0.034894,0.999391,0,0.87523,1.00000,52.514,2.000,225.000,350.000,-1,475.000,-1,325.000,350.000,325.000,300.000,-1,-1,850.000,-1,650.000,-1,325.000,-1,1,1,2,0,2,1,1,1,0,2,2,0,2,1,2,1,2
42,9865.502,4756.498,-85.849,-37.841,0.789448,0.612767,-0.035908,-0.613765,0.788795,-0.033091,0.008048,0.048163,0.998807,0,0.87824,1.00000,52.694,2.000,225.000,350.000,-1,475.000,-1,325.000,375.000,350.000,300.000,-1,875.000,350.000,-1,725.000,-1,325.000,-1,1,1,2,0,2,1,1,1,0,2,0,0,2,1,2,1,2
43,9908.361,4725.553,-84.560,-35.841,0.809995,0.584453,-0.048194,-0.586236,0.809129,-0.040468,0.015344,0.061032,0.998018,0,0.88104,1.00000,52.862,2.000,250.000,375.000,-1,500.000,-1,350.000,400.000,350.000,275.000,-1,625.000,100.000,925.000,700.000,-1,375.000,-1,1,1,2,0,2,1,0,1,0,2,0,0,0,1,2,1,2
44,9952.400,4696.039,-83.236,-33.841,0.829476,0.555406,-0.059105,-0.558105,0.828359,-0.048374,0.022093,0.073112,0.997079,0,0.88359,1.00000,53.015,2.000,250.000,375.000,-1,500.000,-1,350.000,400.000,350.000,275.000,-1,475.000,75.000,800.000,675.000,-1,400.000,-1,1,1,2,0,2,1,0,1,0,2,0,0,0,1,2,1,2
45,9997.558,4668.011,-81.948,-31.841,0.847876,0.525671,-0.069108,-0.529421,0.846452,-0.056852,0.028611,0.084791,0.995988,0,0.88584,1.00000,53.150,2.000,250.000,400.000,-1,525.000,-1,375.000,425.000,350.000,275.000,-1,400.000,75.000,675.000,650.000,-1,425.000,-1,1,1,2,0,2,1,0,1,0,2,0,0,0,1,2,1,2
46,10043.765,4641.521,-80.578,-29.841,0.865166,0.495315,-0.078423,-0.500238,0.863420,-0.065331,0.035353,0.095752,0.994777,0,0.88772,1.00000,53.263,2.000,250.000,400.000,-1,550.000,-1,375.000,450.000,350.000,275.000,-1,325.000,75.000,600.000,625.000,-1,475.000,-1,1,1,2,0,2,1,0,1,0,2,0,0,0,1,2,1,2
47,10086.529,4618.722,-79.444,-28.081,0.879469,0.468089,-0.086180,-0.474179,0.877336,-0.073725,0.041099,0.105704,0.993548,0,0.80772,0.88000,48.463,1.760,225.000,400.000,-1,550.000,-1,400.000,450.000,350.000,275.000,-1,250.000,75.000,550.000,625.000,-1,450.000,-1,1,1,2,0,2,1,0,1,0,2,0,0,0,1,2,1,2
48,10129.130,4597.442,-78.405,-26.561,0.891076,0.444192,-0.093147,-0.451474,0.888523,-0.081841,0.046411,0.114980,0.992283,0,0.79370,0.76000,47.622,1.520,225.000,400.000,-1,575.000,-1,425.000,475.000,325.000,275.000,-1,225.000,75.000,500.000,600.000,-1,425.000,-1,1,1,2,0,2,1,0,1,0,2,0,0,0,1,2,1,2
49,10172.174,4577.129,-77.465,-25.281,0.900282,0.423789,-0.099473,-0.432273,0.897284,-0.089560,0.051301,0.123629,0.991002,0,0.79329,0.64000,47.597,1.280,225.000,400.000,-1,575.000,-1,425.000,475.000,325.000,250.000,-1,225.000,75.000,475.000,575.000,-1,400.000,-1,1,1,2,0,2,1,1,1,0,2,0,0,0,1,2,1,2
50,10215.551,4557.795,-76.564,-24.043,0.908742,0.403862,-0.105282,-0.413580,0.905259,-0.097246,0.056034,0.131914,0.989676,0,0.79154,0.61924,47.493,1.238,225.000,400.000,-1,550.000,-1,400.000,450.000,275.000,250.000,-1,225.000,75.000,425.000,550.000,-1,375.000,-1,1,1,2,1,2,1,1,1,0,2,0,0,0,1,2,1,2
51,10259.193,4539.481,-75.758,-22.785,0.916877,0.383485,-0.110794,-0.394476,0.912932,-0.104611,0.061031,0.139621,0.988322,0,0.78884,0.62887,47.330,1.258,225.000,375.000,-1,550.000,-1,375.000,450.000,250.000,250.000,-1,225.000,50.000,400.000,550.000,-1,350.000,-1,1,1,2,1,2,1,1,1,0,2,0,0,0,1,2,1,2
52,10303.031,4522.223,-75.118,-21.507,0.924643,0.362660,-0.116249,-0.374961,0.920338,-0.111274,0.066634,0.146477,0.986967,0,0.78526,0.63915,47.116,1.278,225.000,350.000,-1,525.000,-1,375.000,425.000,200.000,250.000,-1,225.000,50.000,375.000,525.000,-1,325.000,-1,1,1,2,1,2,1,1,1,0,2,0,0,0,1,2,1,2
53,2904.849,-4706.860,121.287,36.627,0.789968,-0.593654,0.153382,0.601834,0.798572,-0.008829,-0.117245,0.099285,0.988128,1,0.00000,0.00000,46.844,1.300,625.000,200.000,500.000,325.000,-1,200.000,225.000,500.000,-1,-1,0.000,0.000,-1,325.000,650.000,350.000,-1,0,1,0,1,2,1,1,0,2,2,1,1,2,0,1,0,2
54,2908.714,-4704.012,121.033,36.387,0.792213,-0.590275,0.154833,0.598580,0.801013,-0.008945,-0.118743,0.099767,0.987900,0,0.08000,-0.12000,4.800,-0.240,600.000,200.000,475.000,325.000,-1,200.000,225.000,500.000,-1,-1,0.000,0.000,-1,300.000,650.000,350.000,-1,0,1,0,1,2,1,1,0,2,2,1,1,2,0,1,0,2
55,2916.491,-4698.381,120.550,35.907,0.796659,-0.583483,0.157741,0.592053,0.805845,-0.009308,-0.121684,0.100806,0.987437,0,0.16000,-0.24000,9.600,-0.480,550.000,200.000,475.000,325.000,-1,175.000,225.000,500.000,-1,-1,-1,0.000,-1,300.000,675.000,325.000,-1,0,1,0,1,2,1,1,0,2,2,2,1,2,0,1,0,2
56,2928.261,-4690.082,119.888,35.187,0.803216,-0.573208,0.162101,0.582219,0.812969,-0.010159,-0.125960,0.102538,0.986722,0,0.24000,-0.36000,14.400,-0.720,500.000,200.000,425.000,325.000,-1,175.000,225.000,500.000,-1,-1,-1,0.000,-1,275.000,700.000,300.000,-1,0,1,0,1,2,1,1,0,2,2,2,1,2,0,1,0,2
57,2944.137,-4679.281,119.117,34.227,0.811748,-0.559354,0.167894,0.569028,0.822233,-0.011842,-0.131424,0.105149,0.985734,0,0.32000,-0.48000,19.200,-0.960,450.000,200.000,400.000,325.000,-1,175.000,225.000,525.000,-1,-1,-1,0.000,-1,275.000,750.000,250.000,-1,0,1,1,1,2,1,1,0,2,2,2,1,2,0,1,0,2
58,2964.261,-4666.197,118.317,33.027,0.822071,-0.541795,0.175093,0.552423,0.833434,-0.014741,-0.137942,0.108844,0.984441,0,0.40000,-0.60000,24.000,-1.200,375.000,175.000,400.000,325.000,-1,175.000,225.000,525.000,-1,-1,-1,0.000,-1,250.000,825.000,225.000,-1,0,1,1,1,2,1,1,0,2,2,2,1,2,0,1,0,2
59,2988.793,-4651.103,117.389,31.601,0.833772,-0.520644,0.183721,0.532459,0.846260,-0.018231,-0.145984,0.113024,0.982809,0,0.48000,-0.71293,28.800,-1.426,300.000,175.000,375.000,300.000,-1,175.000,225.000,525.000,-1,-1,-1,0.000,0.000,225.000,900.000,200.000,-1,0,1,1,1,2,1,1,0,2,2,2,1,1,0,1,0,2
60,8199.184,1639.834,-149.682,-56.286,0.547331,0.830824,0.100799,-0.829837,0.554383,-0.063485,-0.108626,-0.048900,0.992879,1,0.00000,0.00000,33.600,-1.420,-1,400.000,-1,400.000,-1,325.000,325.000,300.000,300.000,-1,-1,-1,-1,-1,750.000,-1,-1,2,0,2,0,2,0,0,0,0,2,2,2,2,2,0,2,2
61,8201.865,1635.852,-150.198,-56.046,0.550816,0.828512,0.100848,-0.827495,0.557870,-0.063504,-0.108874,-0.048472,0.992873,0,0.08000,0.12000,4.800,0.240,-1,400.000,-1,400.000,-1,325.000,325.000,300.000,300.000,-1,-1,-1,-1,-1,750.000,-1,-1,2,0,2,0,2,0,0,0,0,2,2,2,2,2,0,2,2
62,8207.293,1627.934,-151.234,-55.566,0.557757,0.823843,0.100948,-0.822768,0.564815,-0.063540,-0.109363,-0.047617,0.992861,0,0.16000,0.24000,9.600,0.480,-1,400.000,-1,400.000,-1,325.000,325.000,300.000,300.000,-1,-1,-1,-1,-1,750.000,-1,-1,2,0,2,0,2,0,0,0,0,2,2,2,2,2,0,2,2
63,8215.583,1616.160,-152.800,-54.846,0.568095,0.816730,0.101092,-0.815566,0.575158,-0.063604,-0.110091,-0.046314,0.992842,0,0.24000,0.36000,14.400,0.720,-1,400.000,-1,400.000,-1,325.000,325.000,300.000,300.000,-1,-1,-1,-1,-1,750.000,-1,-1,2,0,2,0,2,0,0,0,0,2,2,2,2,2,0,2,2
64,8226.899,1600.649,-154.918,-53.886,0.581741,0.807046,0.101266,-0.805753,0.588809,-0.063757,-0.111081,-0.044505,0.992814,0,0.32000,0.48000,19.200,0.960,-1,400.000,-1,400.000,-1,325.000,325.000,300.000,300.000,-1,-1,-1,-1,-1,750.000,-1,-1,2,0,2,0,2,0,0,0,0,2,2,2,2,2,0,2,2
65,8241.446,1581.560,-157.584,-52.686,0.598569,0.794616,0.101490,-0.793166,0.605641,-0.063924,-0.112262,-0.042235,0.992781,0,0.40000,0.60000,24.000,1.200,-1,400.000,-1,400.000,-1,325.000,325.000,300.000,300.000,-1,-1,-1,-1,-1,750.000,-1,-1,2,0,2,0,2,0,0,0,0,2,2,2,2,2,0,2,2
66,8259.472,1559.100,-160.809,-51.246,0.618417,0.779233,0.101769,-0.777596,0.625489,-0.064091,-0.113597,-0.039500,0.992741,0,0.48000,0.72000,28.800,1.440,-1,400.000,-1,400.000,-1,325.000,325.000,300.000,300.000,-1,-1,-1,-1,-1,750.000,-1,-1,2,0,2,0,2,0,0,0,0,2,2,2,2,2,0,2,2
67,8281.168,1533.444,-164.668,-49.779,0.638271,0.763052,0.101792,-0.761217,0.645307,-0.064251,-0.114714,-0.036476,0.992729,0,0.56000,0.73349,33.600,1.467,-1,400.000,-1,400.000,-1,325.000,325.000,300.000,300.000,-1,-1,-1,-1,-1,750.000,-1,-1,2,1,2,0,2,0,0,0,0,2,2,2,2,2,0,2,2
68,8306.710,1504.771,-169.156,-48.301,0.657876,0.746243,0.101592,-0.744200,0.664844,-0.064412,-0.115609,-0.033229,0.992739,0,0.64000,0.73880,38.400,1.478,-1,-1,-1,400.000,-1,325.000,325.000,300.000,300.000,-1,-1,-1,-1,-1,725.000,-1,-1,2,2,2,0,2,0,0,0,0,2,2,2,2,2,0,2,2
69,8336.276,1473.274,-174.226,-46.809,0.677229,0.728751,0.101406,-0.726503,0.684123,-0.064561,-0.116423,-0.029949,0.992748,0,0.72000,0.74615,43.200,1.492,-1,-1,-1,400.000,-1,325.000,325.000,300.000,300.000,-1,-1,-1,-1,-1,725.000,-1,-1,2,2,2,0,2,0,0,0,0,2,2,2,2,2,0,2,2
70,8370.039,1439.156,-179.878,-45.298,0.696355,0.710521,0.101238,-0.708072,0.703172,-0.064684,-0.117147,-0.026640,0.992757,0,0.80000,0.75566,48.000,1.511,-1,-1,-1,375.000,-1,325.000,325.000,300.000,300.000,-1,-1,-1,-1,-1,725.000,-1,-1,2,2,2,0,2,0,0,0,0,2,2,2,2,2,0,2,2
71,8408.171,1402.634,-186.110,-43.763,0.715279,0.691488,0.101091,-0.688843,0.722012,-0.064769,-0.117776,-0.023307,0.992767,0,0.88000,0.76746,52.800,1.535,-1,-1,-1,375.000,-1,700.000,325.000,300.000,300.000,-1,-1,-1,-1,-1,-1,-1,-1,2,2,2,0,2,1,0,0,0,2,2,2,2,2,2,2,2
72,8450.845,1363.945,-194.689,-42.199,0.732796,0.671459,0.110242,-0.669062,0.740529,-0.063031,-0.123960,-0.027570,0.991904,0,0.96000,0.78173,57.600,1.563,-1,-1,-1,375.000,-1,925.000,300.000,300.000,325.000,-1,-1,-1,-1,-1,-1,-1,-1,2,2,2,0,2,1,0,0,0,2,2,2,2,2,2,2,2
73,8496.414,1324.905,-206.637,-40.602,0.747703,0.650150,0.135076,-0.649156,0.758486,-0.057404,-0.139775,-0.044764,0.989171,0,1.00000,0.79869,60.000,1.597,-1,-1,-1,350.000,-1,950.000,450.000,250.000,325.000,-1,-1,-1,-1,-1,-1,-1,-1,2,2,2,0,2,1,1,1,0,2,2,2,2,2,2,2,2
74,8543.083,1287.187,-219.031,-38.967,0.761557,0.627596,0.161723,-0.628862,0.775922,-0.049787,-0.156730,-0.063785,0.985580,0,1.00000,0.81740,60.000,1.635,-1,-1,-1,450.000,-1,975.000,600.000,200.000,350.000,-1,-1,-1,-1,-1,-1,-1,-1,2,2,2,1,2,1,1,1,0,2,2,2,2,2,2,2,2
75,8590.713,1250.688,-231.866,-37.494,0.772040,0.606475,0.190114,-0.611093,0.790535,-0.040249,-0.174702,-0.085104,0.980937,0,1.00000,0.73649,60.000,1.473,-1,-1,-1,575.000,-1,950.000,650.000,175.000,375.000,-1,-1,-1,-1,-1,-1,-1,-1,2,2,2,1,2,1,1,1,0,2,2,2,2,2,2,2,2
76,8639.291,1215.461,-245.174,-35.991,0.781313,0.584206,0.219666,-0.593449,0.804369,-0.028441,-0.193307,-0.108139,0.975161,0,1.00000,0.75189,60.000,1.504,-1,-1,-1,650.000,-1,950.000,700.000,175.000,400.000,-1,-1,-1,-1,-1,-1,-1,-1,2,2,2,1,2,1,1,1,0,2,2,2,2,2,2,2,2
77,-3607.715,-2296.101,-42.917,168.441,-0.967347,-0.195818,0.160918,0.224088,-0.957419,0.182024,0.118423,0.212141,0.970037,1,0.00000,0.00000,60.000,1.536,-1,850.000,-1,400.000,0.000,475.000,375.000,675.000,75.000,175.000,100.000,-1,-1,-1,975.000,-1,0.000,2,0,2,0,0,0,0,0,1,1,1,2,2,2,0,2,0
78,5575.432,9511.008,35.825,-134.066,-0.694659,0.717680,0.048842,-0.719066,-0.694665,-0.019619,0.019849,-0.048749,0.998614,1,0.00000,0.00000,4.800,-0.240,-1,400.000,-1,400.000,-1,325.000,325.000,275.000,300.000,-1,-1,-1,-1,775.000,725.000,-1,-1,2,0,2,0,2,0,0,0,0,2,2,2,2,0,0,2,2
79,5572.079,9507.573,35.921,-134.306,-0.697655,0.714766,0.048858,-0.716153,-0.697668,-0.019602,0.020076,-0.048665,0.998613,0,0.08000,-0.12000,4.800,-0.240,-1,400.000,-1,400.000,-1,325.000,325.000,275.000,300.000,-1,-1,-1,-1,775.000,725.000,-1,-1,2,0,2,0,2,0,0,0,0,2,2,2,2,0,0,2,2
80,5565.333,9500.743,36.114,-134.647,-0.701883,0.710612,0.048891,-0.712000,-0.701907,-0.019571,0.020410,-0.048547,0.998612,0,0.16000,-0.17022,9.600,-0.340,-1,400.000,-1,400.000,-1,325.000,325.000,275.000,300.000,-1,-1,-1,-1,775.000,725.000,-1,-1,2,0,2,0,2,0,0,0,0,2,2,2,2,0,0,2,2
81,5555.152,9490.559,36.402,-134.991,-0.706126,0.706392,0.048944,-0.707781,-0.706162,-0.019527,0.020769,-0.048430,0.998611,0,0.24000,-0.17188,14.400,-0.344,-1,400.000,-1,400.000,-1,325.000,325.000,275.000,300.000,-1,-1,-1,-1,800.000,725.000,-1,-1,2,0,2,0,2,0,0,0,0,2,2,2,2,0,0,2,2
82,5541.495,9477.063,36.786,-135.340,-0.710411,0.702080,0.049001,-0.703470,-0.710458,-0.019473,0.021142,-0.048304,0.998609,0,0.32000,-0.17461,19.200,-0.349,-1,400.000,-1,400.000,-1,325.000,325.000,275.000,300.000,-1,-1,-1,-1,800.000,725.000,-1,-1,2,0,2,0,2,0,0,0,0,2,2,2,2,0,0,2,2
83,5524.319,9460.301,37.318,-135.697,-0.714773,0.697653,0.048776,-0.699030,-0.714830,-0.019375,0.021350,-0.047944,0.998622,0,0.40000,-0.17842,24.000,-0.357,-1,400.000,-1,400.000,1000.000,325.000,325.000,300.000,300.000,-1,-1,-1,-1,800.000,725.000,-1,-1,2,0,2,0,1,0,0,0,0,2,2,2,2,0,0,2,2
84,5503.580,9440.317,37.984,-136.063,-0.719232,0.693072,0.048546,-0.694440,-0.719288,-0.019457,0.021433,-0.047707,0.998631,0,0.48000,-0.18333,28.800,-0.367,-1,400.000,-1,400.000,975.000,325.000,325.000,300.000,300.000,-1,-1,-1,-1,800.000,725.000,-1,-1,2,0,2,0,1,0,0,0,0,2,2,2,2,0,0,2,2
85,5479.231,9417.164,38.774,-136.442,-0.723810,0.688306,0.048311,-0.689668,-0.723858,-0.019711,0.021403,-0.047586,0.998638,0,0.56000,-0.18938,33.600,-0.379,-1,400.000,-1,400.000,950.000,325.000,325.000,300.000,300.000,-1,-1,-1,-1,800.000,700.000,-1,-1,2,0,2,0,1,0,0,0,0,2,2,2,2,0,0,2,2
86,5451.222,9390.895,39.654,-136.835,-0.728530,0.683326,0.048065,-0.684682,-0.728567,-0.020030,0.021331,-0.047502,0.998643,0,0.64000,-0.19659,38.400,-0.393,-1,400.000,-1,400.000,925.000,325.000,325.000,300.000,300.000,-1,-1,-1,-1,800.000,700.000,-1,-1,2,0,2,0,1,0,0,0,0,2,2,2,2,0,0,2,2
87,5419.502,9361.568,40.615,-137.245,-0.733417,0.678095,0.047813,-0.679447,-0.733440,-0.020424,0.021219,-0.047466,0.998647,0,0.72000,-0.20503,43.200,-0.410,-1,400.000,-1,375.000,875.000,325.000,325.000,300.000,300.000,-1,-1,-1,-1,800.000,700.000,-1,975.000,2,0,2,0,1,0,0,0,0,2,2,2,2,0,0,2,1
88,5384.014,9329.248,41.644,-137.675,-0.738497,0.672578,0.047561,-0.673928,-0.738501,-0.020902,0.021066,-0.047489,0.998650,0,0.80000,-0.21474,48.000,-0.429,-1,400.000,-1,375.000,850.000,325.000,325.000,300.000,300.000,-1,-1,-1,-1,800.000,700.000,-1,950.000,2,0,2,0,1,0,0,0,0,2,2,2,2,0,0,2,1
89,5345.132,9294.394,42.719,-138.126,-0.743793,0.666733,0.047317,-0.668084,-0.743776,-0.021468,0.020880,-0.047579,0.998649,0,0.87027,-0.22580,52.216,-0.452,-1,400.000,-1,375.000,800.000,325.000,325.000,300.000,300.000,-1,-1,-1,-1,775.000,675.000,-1,900.000,2,0,2,0,1,0,0,0,0,2,2,2,2,0,0,2,1
90,5305.712,9259.643,43.967,-138.603,-0.749287,0.660501,0.048028,-0.661901,-0.749264,-0.022165,0.021345,-0.048398,0.998600,0,0.87584,-0.23815,52.550,-0.476,-1,400.000,-1,375.000,775.000,325.000,325.000,300.000,300.000,-1,-1,-1,-1,775.000,675.000,-1,850.000,2,0,2,0,1,0,0,0,0,2,2,2,2,0,0,2,1
91,5265.753,9225.034,45.410,-139.104,-0.754973,0.653866,0.049752,-0.655369,-0.754959,-0.022985,0.022532,-0.049959,0.998497,0,0.88105,-0.25080,52.863,-0.502,-1,400.000,-1,375.000,725.000,325.000,325.000,300.000,300.000,-1,-1,-1,-1,775.000,675.000,-1,800.000,2,0,2,0,1,0,0,0,0,2,2,2,2,0,0,2,1
92,5225.257,9190.606,46.818,-139.632,-0.760888,0.646833,0.051543,-0.648448,-0.760883,-0.023913,0.023750,-0.051618,0.998384,0,0.88588,-0.26377,53.153,-0.528,-1,400.000,-1,375.000,700.000,325.000,325.000,300.000,300.000,-1,-1,-1,-1,775.000,700.000,-1,750.000,2,0,2,0,1,0,0,0,0,2,2,2,2,0,0,2,1
93,5184.225,9156.402,48.192,-140.186,-0.767030,0.639385,0.053398,-0.641124,-0.767032,-0.024956,0.025001,-0.053377,0.998261,0,0.89030,-0.27705,53.418,-0.554,-1,400.000,-1,375.000,650.000,325.000,325.000,300.000,300.000,-1,-1,-1,-1,775.000,700.000,-1,725.000,2,0,2,0,1,0,0,0,0,2,2,2,2,0,1,2,1
94,5141.696,9121.597,49.618,-140.705,-0.772725,0.632348,0.055066,-0.634206,-0.772725,-0.026072,0.026065,-0.055070,0.998142,0,0.91592,-0.25968,54.955,-0.519,-1,400.000,-1,375.000,625.000,325.000,325.000,300.000,300.000,-1,-1,-1,-1,775.000,650.000,-1,675.000,2,0,2,0,1,0,0,0,0,2,2,2,2,0,1,2,1
95,5098.503,9086.931,51.200,-141.250,-0.778668,0.624910,0.056251,-0.626874,-0.778633,-0.027567,0.026572,-0.056728,0.998036,0,0.92305,-0.27254,55.383,-0.545,-1,400.000,-1,375.000,575.000,325.000,325.000,275.000,300.000,-1,-1,-1,-1,775.000,625.000,-1,625.000,2,0,2,0,1,0,0,0,0,2,2,2,2,0,1,2,1
96,5054.648,9052.447,52.753,-141.822,-0.784823,0.617048,0.057479,-0.619127,-0.784748,-0.029183,0.027100,-0.058490,0.997920,0,0.92982,-0.28580,55.789,-0.572,-1,400.000,-1,375.000,525.000,325.000,325.000,275.000,300.000,-1,-1,-1,-1,775.000,575.000,-1,575.000,2,0,2,0,1,0,0,0,0,2,2,2,2,0,1,2,1
97,5014.385,9021.161,54.120,-142.154,-0.788345,0.612434,0.058631,-0.614622,-0.788226,-0.030663,0.027435,-0.060208,0.997809,0,0.84982,-0.16580,50.989,-0.332,-1,400.000,-1,375.000,500.000,325.000,300.000,275.000,300.000,-1,-1,-1,-1,750.000,550.000,-1,525.000,2,0,2,0,1,0,0,0,0,2,2,2,2,0,1,2,1
98,4976.225,8991.610,55.697,-142.245,-0.789246,0.611161,0.059773,-0.613406,-0.789188,-0.030244,0.028688,-0.060535,0.997754,0,0.80441,-0.04580,48.265,-0.092,-1,400.000,-1,375.000,450.000,325.000,325.000,275.000,300.000,-1,-1,-1,-1,775.000,525.000,-1,500.000,2,0,2,0,1,0,0,0,0,2,2,2,2,0,1,2,1
99,4937.985,8961.837,57.237,-142.097,-0.787581,0.613191,0.060934,-0.615490,-0.787587,-0.029642,0.029815,-0.060849,0.997702,0,0.80772,0.07420,48.463,0.148,-1,400.000,-1,375.000,425.000,325.000,325.000,300.000,300.000,-1,-1,-1,-1,775.000,500.000,-1,450.000,2,0,2,0,1,0,0,0,0,2,2,2,2,0,1,2,1
100,4899.860,8931.737,58.685,-141.708,-0.783329,0.618500,0.062080,-0.620850,-0.783392,-0.029032,0.030677,-0.061284,0.997649,0,0.80959,0.19420,48.575,0.388,-1,400.000,-1,375.000,375.000,325.000,325.000,300.000,300.000,-1,-1,-1,-1,775.000,500.000,-1,425.000,2,0,2,0,1,0,0,0,0,2,2,2,2,0,1,2,1
101,4862.056,8901.216,60.025,-141.086,-0.776491,0.626953,0.063180,-0.629353,-0.776601,-0.028394,0.031264,-0.061810,0.997598,0,0.80978,0.31123,48.587,0.622,-1,400.000,-1,375.000,350.000,325.000,325.000,300.000,275.000,-1,-1,-1,-1,775.000,475.000,-1,375.000,2,0,2,1,1,0,0,0,0,2,2,2,2,0,1,2,1
102,4824.642,8870.378,61.315,-140.503,-0.769999,0.634802,0.064243,-0.637254,-0.770148,-0.027910,0.031759,-0.062429,0.997544,0,0.80808,0.29164,48.485,0.583,-1,400.000,-1,350.000,300.000,325.000,325.000,300.000,275.000,-1,-1,-1,-1,775.000,475.000,-1,350.000,2,0,2,1,1,0,0,0,0,2,2,2,2,0,1,2,1
103,4787.650,8839.291,62.927,-139.959,-0.763923,0.642000,0.065250,-0.644556,-0.764000,-0.029176,0.031120,-0.064346,0.997442,0,0.80533,0.27171,48.320,0.543,-1,400.000,-1,325.000,275.000,325.000,325.000,300.000,275.000,-1,-1,-1,-1,775.000,450.000,-1,325.000,2,0,2,1,1,0,0,0,0,2,2,2,2,0,1,2,1
104,4751.106,8808.029,64.455,-139.456,-0.758242,0.648606,0.066173,-0.651261,-0.758245,-0.030389,0.030465,-0.066138,0.997345,0,0.80153,0.25151,48.092,0.503,-1,400.000,-1,325.000,250.000,325.000,325.000,300.000,275.000,-1,-1,-1,-1,775.000,450.000,-1,275.000,2,0,2,1,1,0,1,0,0,2,2,2,2,0,1,2,1
105,4715.041,8776.654,65.887,-138.980,-0.752814,0.654807,0.067077,-0.657558,-0.752743,-0.031567,0.029821,-0.067871,0.997248,0,0.79671,0.23800,47.803,0.476,-1,400.000,-1,300.000,225.000,325.000,300.000,300.000,275.000,-1,-1,-1,-1,775.000,450.000,-1,250.000,2,0,2,1,1,0,1,0,0,2,2,2,2,0,1,2,1
106,4679.487,8745.229,67.223,-138.529,-0.747622,0.660638,0.067960,-0.663482,-0.747476,-0.032714,0.029187,-0.069548,0.997152,0,0.79085,0.22559,47.451,0.451,-1,400.000,-1,300.000,200.000,325.000,300.000,300.000,300.000,-1,-1,-1,-1,775.000,450.000,-1,225.000,2,0,2,1,1,0,1,0,0,2,2,2,2,0,1,2,1
107,4644.481,8713.811,71.149,-138.102,-0.741859,0.665602,0.081363,-0.669564,-0.741885,-0.035912,0.036459,-0.081119,0.996037,0,0.78395,0.21334,47.037,0.427,-1,425.000,-1,300.000,175.000,350.000,300.000,300.000,300.000,-1,750.000,-1,-1,800.000,500.000,-1,225.000,2,0,2,1,1,1,1,0,0,2,0,2,2,0,1,2,1
108,4610.048,8682.463,75.594,-137.700,-0.735938,0.669979,0.097590,-0.675519,-0.736291,-0.039352,0.045489,-0.094885,0.994448,0,0.77608,0.20126,46.565,0.403,-1,450.000,-1,325.000,200.000,375.000,325.000,275.000,300.000,975.000,400.000,650.000,-1,850.000,925.000,-1,250.000,2,0,2,1,1,0,1,0,1,0,0,0,2,0,0,2,1
109,4576.211,8651.246,79.395,-137.321,-0.730284,0.674032,0.111207,-0.681095,-0.730979,-0.042169,0.052867,-0.106538,0.992902,0,0.76728,0.18937,46.037,0.379,-1,450.000,-1,375.000,200.000,375.000,350.000,275.000,275.000,825.000,325.000,525.000,-1,900.000,-1,-1,300.000,2,0,2,1,1,0,1,0,1,0,0,0,2,0,2,2,1
110,4542.991,8620.216,82.574,-136.966,-0.724986,0.677817,0.122307,-0.686260,-0.725997,-0.044445,0.058669,-0.116156,0.991497,0,0.75762,0.17770,45.457,0.355,-1,475.000,-1,425.000,225.000,400.000,400.000,275.000,275.000,725.000,275.000,450.000,-1,925.000,-1,-1,-1,2,0,2,1,1,0,1,0,1,0,0,0,2,0,2,2,2
111,4510.405,8589.426,85.282,-136.633,-0.720078,0.681427,0.130938,-0.690991,-0.721423,-0.045599,0.063390,-0.123311,0.990341,0,0.74719,0.16627,44.831,0.333,-1,475.000,-1,475.000,250.000,400.000,425.000,275.000,250.000,675.000,250.000,425.000,-1,950.000,-1,-1,-1,2,0,2,1,1,0,0,0,1,0,0,0,2,0,2,2,2
112,4478.467,8558.922,87.655,-136.323,-0.715770,0.684941,0.136122,-0.695209,-0.717324,-0.046170,0.066020,-0.127680,0.989616,0,0.73607,0.15511,44.164,0.310,-1,475.000,-1,550.000,300.000,400.000,425.000,275.000,225.000,625.000,250.000,425.000,-1,975.000,-1,-1,-1,2,0,2,0,1,0,0,0,1,0,0,0,2,0,2,2,2
113,4447.188,8528.748,89.565,-136.034,-0.712004,0.688338,0.138711,-0.698965,-0.713651,-0.046371,0.067073,-0.129970,0.989247,0,0.72436,0.14426,43.461,0.289,-1,475.000,-1,550.000,-1,400.000,425.000,250.000,200.000,625.000,250.000,425.000,-1,975.000,-1,-1,-1,2,0,2,0,2,0,0,0,1,0,0,0,2,0,2,2,2
114,4416.573,8498.941,90.952,-135.767,-0.708726,0.691603,0.139254,-0.702305,-0.710368,-0.046310,0.066894,-0.130620,0.989173,0,0.71216,0.13377,42.729,0.268,-1,475.000,-1,575.000,-1,400.000,425.000,250.000,200.000,625.000,225.000,450.000,-1,975.000,-1,-1,-1,2,0,2,0,2,0,0,0,1,0,0,0,2,0,2,2,2
115,4386.624,8469.531,91.844,-135.520,-0.705919,0.694746,0.137866,-0.705253,-0.707460,-0.046031,0.065555,-0.129725,0.989381,0,0.69958,0.12366,41.975,0.247,-1,475.000,-1,550.000,-1,400.000,425.000,250.000,175.000,650.000,225.000,450.000,-1,950.000,-1,-1,-1,2,0,2,0,2,0,0,0,1,0,0,0,2,0,2,2,2
116,4357.341,8440.543,92.272,-135.287,-0.703494,0.697830,0.134651,-0.707895,-0.704845,-0.045588,0.063095,-0.127389,0.989844,0,0.68676,0.11649,41.205,0.233,-1,475.000,-1,550.000,-1,400.000,425.000,250.000,150.000,675.000,250.000,475.000,-1,925.000,-1,-1,-1,2,0,2,0,2,0,0,0,1,0,0,0,2,0,2,2,2
117,4328.726,8411.989,92.253,-135.054,-0.701259,0.701013,0.129679,-0.710416,-0.702343,-0.044982,0.059546,-0.123670,0.990535,0,0.67376,0.11612,40.426,0.232,-1,475.000,-1,525.000,-1,400.000,400.000,275.000,150.000,725.000,275.000,500.000,-1,900.000,-1,-1,-1,2,0,2,0,2,0,0,0,1,0,0,0,2,0,2,2,2
118,4300.782,8383.877,91.806,-134.821,-0.699159,0.704300,0.123039,-0.712849,-0.699923,-0.044210,0.054981,-0.118618,0.991417,0,0.66065,0.11645,39.639,0.233,-1,450.000,-1,525.000,-1,375.000,400.000,275.000,125.000,800.000,325.000,575.000,-1,875.000,-1,-1,-1,2,0,2,0,2,0,0,0,1,0,0,0,2,0,2,2,2
119,4273.503,8356.213,91.080,-134.587,-0.697108,0.707725,0.114745,-0.715231,-0.697584,-0.042661,0.049852,-0.111809,0.992478,0,0.64753,0.11742,38.852,0.235,-1,450.000,-1,500.000,-1,375.000,375.000,275.000,125.000,900.000,425.000,675.000,-1,850.000,-1,-1,-1,2,0,2,0,2,0,0,0,1,0,0,0,2,0,2,2,2
120,4246.885,8328.994,89.965,-134.349,-0.695075,0.711234,0.104957,-0.717603,-0.695242,-0.041044,0.043779,-0.103846,0.993629,0,0.63453,0.11901,38.072,0.238,-1,425.000,-1,475.000,-1,350.000,375.000,275.000,125.000,-1,600.000,800.000,-1,825.000,1000.000,-1,-1,2,0,2,0,2,0,0,0,1,2,0,0,2,0,0,2,2
121,4216.909,8298.344,88.465,-134.351,-0.696093,0.711909,0.092958,-0.717013,-0.695950,-0.039320,0.036701,-0.094022,0.994893,0,0.71453,-0.00099,42.872,-0.002,-1,425.000,-1,425.000,-1,350.000,350.000,275.000,100.000,-1,800.000,-1,-1,775.000,900.000,-1,-1,2,0,2,0,2,0,0,0,1,2,0,2,2,0,0,2,2
122,4183.444,8264.394,89.704,-134.593,-0.700665,0.708983,0.080076,-0.713240,-0.698970,-0.052251,0.018926,-0.093724,0.995418,0,0.79453,-0.12099,47.672,-0.242,-1,375.000,-1,400.000,-1,325.000,325.000,275.000,100.000,-1,-1,-1,-1,700.000,775.000,-1,-1,2,0,2,0,2,0,0,0,1,2,2,2,2,0,0,2,2
123,4146.741,8227.769,93.445,-135.075,-0.707299,0.702477,0.079085,-0.706850,-0.704306,-0.065691,0.009554,-0.102365,0.994701,0,0.86418,-0.24099,51.851,-0.482,825.000,375.000,-1,400.000,-1,300.000,325.000,275.000,125.000,-1,-1,-1,-1,650.000,750.000,-1,-1,0,0,2,0,2,0,0,0,1,2,2,2,2,0,0,2,2
124,4110.098,8192.114,97.092,-135.797,-0.716523,0.692917,0.080384,-0.697550,-0.712455,-0.076367,0.004354,-0.110790,0.993834,0,0.85211,-0.36099,51.126,-0.722,700.000,350.000,-1,400.000,-1,300.000,325.000,275.000,125.000,-1,-1,-1,-1,625.000,750.000,925.000,-1,0,0,2,0,2,0,0,0,1,2,2,2,2,0,0,0,2
125,4073.299,8157.494,100.194,-136.758,-0.728394,0.680400,0.080611,-0.685158,-0.723501,-0.084289,0.000972,-0.116627,0.993175,0,0.84205,-0.48099,50.523,-0.962,625.000,350.000,-1,400.000,-1,300.000,325.000,275.000,150.000,-1,-1,-1,-1,600.000,750.000,800.000,-1,0,0,2,0,2,0,0,0,1,2,2,2,2,0,0,0,2
126,4036.139,8123.981,102.854,-137.960,-0.742752,0.664801,0.079750,-0.669567,-0.737313,-0.089726,-0.000850,-0.120042,0.992768,0,0.83398,-0.60099,50.039,-1.202,575.000,350.000,-1,400.000,-1,300.000,325.000,250.000,150.000,-1,-1,-1,-1,600.000,750.000,750.000,-1,0,0,2,0,2,0,0,0,1,2,2,2,2,0,0,0,2
127,3998.426,8091.656,105.065,-139.402,-0.759372,0.645905,0.078498,-0.650656,-0.753655,-0.093006,-0.000912,-0.121701,0.992566,0,0.82780,-0.72099,49.668,-1.442,550.000,350.000,-1,400.000,-1,300.000,325.000,250.000,175.000,-1,-1,-1,-1,575.000,750.000,725.000,-1,0,0,2,0,2,0,0,0,1,2,2,2,2,0,0,0,2
128,3959.984,8060.620,106.903,-141.084,-0.778020,0.623497,0.077047,-0.628239,-0.772279,-0.094350,0.000675,-0.121810,0.992553,0,0.82341,-0.84099,49.404,-1.682,550.000,350.000,-1,400.000,-1,300.000,325.000,250.000,175.000,-1,-1,-1,-1,575.000,750.000,725.000,-1,0,0,2,0,2,0,0,0,1,2,2,2,2,0,0,0,2
129,3920.650,8030.991,108.400,-143.006,-0.798425,0.597347,0.075457,-0.602082,-0.792891,-0.093920,0.003727,-0.120419,0.992716,0,0.82068,-0.96099,49.241,-1.922,575.000,350.000,-1,400.000,-1,300.000,325.000,250.000,175.000,-1,-1,-1,-1,575.000,750.000,750.000,-1,0,0,2,0,2,0,0,0,1,2,2,2,2,0,0,0,2
130,3880.365,8002.795,109.651,-145.006,-0.818661,0.569481,0.074058,-0.574224,-0.813498,-0.092132,0.007778,-0.117950,0.992989,0,0.81949,-1.00000,49.169,-2.000,600.000,350.000,-1,400.000,-1,300.000,325.000,250.000,200.000,-1,-1,-1,-1,600.000,750.000,800.000,-1,0,0,2,0,2,0,0,0,1,2,2,2,2,0,0,0,2
131,3839.147,7976.038,110.734,-147.002,-0.837841,0.541034,0.072838,-0.545772,-0.833185,-0.089082,0.012491,-0.114390,0.993357,0,0.81897,-0.99782,49.138,-1.996,650.000,350.000,-1,400.000,-1,300.000,325.000,250.000,200.000,-1,-1,-1,-1,600.000,750.000,950.000,-1,0,0,2,0,2,0,0,0,1,2,2,2,2,0,0,0,2
132,3797.042,7950.731,111.780,-148.983,-0.855893,0.512212,0.071319,-0.516859,-0.851886,-0.084543,0.017452,-0.109222,0.993864,0,0.81870,-0.99037,49.122,-1.981,725.000,350.000,-1,400.000,-1,300.000,325.000,250.000,200.000,-1,-1,-1,-1,625.000,750.000,-1,-1,0,0,2,0,2,0,0,0,1,2,2,2,2,0,0,2,2
133,3754.096,7926.887,112.734,-150.949,-0.872754,0.483030,0.070582,-0.487588,-0.869566,-0.078182,0.023611,-0.102648,0.994437,0,0.81864,-0.98286,49.118,-1.966,875.000,375.000,-1,400.000,-1,300.000,325.000,250.000,225.000,-1,-1,-1,450.000,650.000,750.000,-1,-1,0,0,2,0,2,0,0,0,1,2,2,2,1,0,0,2,2
134,3710.357,7904.516,113.609,-152.899,-0.888431,0.453515,0.070818,-0.457962,-0.886212,-0.070000,0.031014,-0.094622,0.995030,0,0.81876,-0.97529,49.126,-1.951,-1,375.000,-1,400.000,-1,325.000,325.000,275.000,225.000,-1,-1,-1,375.000,675.000,750.000,-1,-1,2,0,2,0,2,0,0,0,1,2,2,2,1,0,0,2,2
135,3665.870,7883.627,114.255,-154.834,-0.902950,0.423668,0.072012,-0.427958,-0.901747,-0.060864,0.039150,-0.085775,0.995545,0,0.81908,-0.96766,49.145,-1.935,-1,375.000,-1,400.000,-1,325.000,325.000,275.000,225.000,-1,-1,-1,325.000,700.000,750.000,-1,-1,2,0,2,0,2,0,0,0,1,2,2,2,1,0,0,2,2
136,3620.681,7864.228,114.682,-156.754,-0.916310,0.393528,0.074249,-0.397583,-0.916156,-0.050861,0.048008,-0.076124,0.995942,0,0.81957,-0.96000,49.174,-1.920,-1,400.000,-1,400.000,-1,325.000,325.000,275.000,225.000,-1,-1,-1,300.000,750.000,750.000,-1,-1,2,0,2,0,2,0,0,0,1,2,2,2,1,0,0,2,2
