timestep,x_cm,y_cm,z_cm,yaw_deg,basis_xx,basis_xy,basis_xz,basis_yx,basis_yy,basis_yz,basis_zx,basis_zy,basis_zz,teleport_flag,throttle_cmd,steering_cmd,cmd_move_cm,cmd_turn_deg,lidar_cm_0,lidar_cm_1,lidar_cm_2,lidar_cm_3,lidar_cm_4,lidar_cm_5,lidar_cm_6,lidar_cm_7,lidar_cm_8,lidar_cm_9,lidar_cm_10,lidar_cm_11,lidar_cm_12,lidar_cm_13,lidar_cm_14,lidar_cm_15,lidar_cm_16,lidar_class_0,lidar_class_1,lidar_class_2,lidar_class_3,lidar_class_4,lidar_class_5,lidar_class_6,lidar_class_7,lidar_class_8,lidar_class_9,lidar_class_10,lidar_class_11,lidar_class_12,lidar_class_13,lidar_class_14,lidar_class_15,lidar_class_16
0,-6892.082,7543.512,92.704,176.397,-0.997024,-0.062803,0.044720,0.064140,-0.997515,0.029135,0.042779,0.031917,0.998575,1,0.08000,0.12000,4.800,0.240,-1,375.000,-1,375.000,-1,300.000,300.000,325.000,325.000,-1,425.000,425.000,-1,725.000,750.000,-1,-1,2,0,2,0,2,0,0,0,0,2,0,0,2,0,0,2,2
1,-6901.667,7544.035,93.116,176.877,-0.997493,-0.054444,0.045214,0.055796,-0.998016,0.029184,0.043536,0.031633,0.998551,0,0.16000,0.24000,9.600,0.480,-1,375.000,-1,375.000,-1,300.000,300.000,325.000,325.000,-1,425.000,425.000,-1,725.000,750.000,-1,-1,2,0,2,0,2,0,0,0,0,2,0,0,2,0,0,2,2
2,-6916.055,7544.639,93.740,177.597,-0.998064,-0.041899,0.045958,0.043271,-0.998634,0.029272,0.044669,0.031204,0.998514,0,0.24000,0.36000,14.400,0.720,-1,375.000,-1,375.000,-1,300.000,300.000,325.000,325.000,-1,450.000,425.000,-1,725.000,750.000,-1,-1,2,0,2,0,2,0,0,0,0,2,0,0,2,0,0,2,2
3,-6935.249,7545.123,94.581,178.557,-0.998580,-0.025163,0.046953,0.026562,-0.999214,0.029420,0.046176,0.030626,0.998464,0,0.32000,0.48000,19.200,0.960,-1,375.000,-1,375.000,-1,300.000,300.000,325.000,325.000,-1,450.000,425.000,-1,725.000,750.000,-1,-1,2,0,2,0,2,0,0,0,0,2,0,0,2,0,0,2,2
4,-6959.248,7545.224,95.645,179.757,-0.998829,-0.004231,0.048202,0.005665,-0.999544,0.029652,0.048055,0.029890,0.998397,0,0.40000,0.60000,24.000,1.200,-1,375.000,-1,375.000,-1,300.000,325.000,325.000,325.000,-1,450.000,450.000,-1,725.000,775.000,-1,-1,2,0,2,0,2,0,0,0,0,2,0,0,2,0,0,2,2
5,-6988.042,7544.623,96.940,181.197,-0.998545,0.020889,0.049705,-0.019413,-0.999361,0.029999,0.050300,0.028991,0.998313,0,0.48000,0.72000,28.800,1.440,-1,375.000,-1,400.000,-1,325.000,325.000,325.000,325.000,-1,450.000,450.000,-1,750.000,775.000,-1,-1,2,0,2,0,2,0,0,0,0,2,0,0,2,0,0,2,2
6,-7019.455,7543.143,98.375,182.697,-0.997573,0.047032,0.051348,-0.045508,-0.998500,0.030456,0.052703,0.028045,0.998216,0,0.52412,0.74967,31.447,1.499,-1,375.000,-1,400.000,-1,325.000,325.000,325.000,300.000,-1,450.000,425.000,-1,750.000,775.000,-1,-1,2,0,2,0,2,0,0,0,0,2,0,0,2,0,0,2,2
7,-7050.695,7540.848,99.824,184.202,-0.995906,0.073241,0.052981,-0.071669,-0.996947,0.030996,0.055089,0.027072,0.998114,0,0.52207,0.75245,31.324,1.505,-1,400.000,-1,400.000,-1,325.000,325.000,325.000,300.000,-1,425.000,400.000,-1,750.000,800.000,-1,-1,2,0,2,0,2,0,0,0,0,2,0,0,2,0,0,2,2
8,-7081.764,7537.741,101.288,185.713,-0.993538,0.099503,0.054601,-0.097882,-0.994696,0.031619,0.057458,0.026070,0.998007,0,0.52040,0.75541,31.224,1.511,-1,400.000,-1,400.000,-1,325.000,325.000,300.000,300.000,-1,400.000,375.000,-1,750.000,800.000,-1,-1,2,0,2,0,2,0,0,0,0,2,0,0,2,0,0,2,2
9,-7112.663,7533.821,102.769,187.230,-0.990461,0.125806,0.056206,-0.124134,-0.991739,0.032324,0.059808,0.025039,0.997896,0,0.51911,0.75852,31.147,1.517,-1,400.000,-1,400.000,-1,325.000,325.000,300.000,300.000,-1,375.000,350.000,-1,775.000,800.000,-1,-1,2,0,2,0,2,0,0,0,0,2,0,0,2,0,0,2,2
10,-7143.394,7529.090,104.265,188.753,-0.986669,0.152134,0.057793,-0.150410,-0.988069,0.033111,0.062140,0.023977,0.997779,0,0.51821,0.76179,31.092,1.524,-1,400.000,-1,400.000,-1,325.000,325.000,300.000,300.000,-1,350.000,325.000,-1,775.000,825.000,-1,-1,2,0,2,0,2,0,0,0,0,2,0,0,2,0,0,2,2
11,-7173.955,7523.545,105.917,190.284,-0.982171,0.178475,0.059054,-0.176742,-0.983690,0.033413,0.064054,0.022380,0.997695,0,0.51768,0.76521,31.061,1.530,-1,400.000,-1,400.000,-1,325.000,325.000,300.000,300.000,-1,350.000,325.000,-1,775.000,850.000,-1,-1,2,0,2,0,2,0,0,0,0,2,0,0,2,0,0,2,2
12,-7204.348,7517.185,107.671,191.821,-0.976993,0.204814,0.059466,-0.203122,-0.978587,0.033287,0.065011,0.020442,0.997675,0,0.51751,0.76877,31.051,1.538,-1,400.000,-1,400.000,-1,325.000,325.000,300.000,300.000,-1,350.000,350.000,-1,775.000,850.000,-1,-1,2,0,2,0,2,0,0,0,0,2,0,0,2,0,0,2,2
13,-7234.569,7510.005,109.422,193.366,-0.971081,0.231132,0.059827,-0.229480,-0.972746,0.033244,0.065880,0.018554,0.997655,0,0.51771,0.77247,31.063,1.545,-1,400.000,-1,400.000,-1,325.000,325.000,300.000,300.000,-1,375.000,350.000,-1,775.000,875.000,-1,-1,2,0,2,0,2,0,0,0,0,2,0,0,2,0,0,2,2
14,-7264.617,7502.000,111.193,194.919,-0.964424,0.257412,0.060215,-0.255801,-0.966159,0.033213,0.066727,0.016628,0.997633,0,0.51827,0.77630,31.096,1.553,-1,400.000,-1,400.000,-1,325.000,325.000,300.000,300.000,-1,375.000,375.000,-1,775.000,875.000,-1,-1,2,0,2,0,2,0,0,0,0,2,0,0,2,0,0,2,2
15,-7294.487,7493.164,113.183,196.479,-0.957067,0.283633,0.059792,-0.282038,-0.958808,0.033783,0.066911,0.015469,0.997639,0,0.51916,0.78026,31.150,1.561,-1,400.000,-1,400.000,-1,325.000,325.000,300.000,300.000,-1,400.000,400.000,-1,775.000,900.000,-1,-1,2,0,2,0,2,0,0,0,0,2,0,0,2,0,0,2,2
16,-7324.174,7483.491,115.184,198.048,-0.948959,0.309780,0.059274,-0.308209,-0.950702,0.034248,0.066961,0.014232,0.997654,0,0.52038,0.78434,31.223,1.569,-1,400.000,-1,400.000,-1,325.000,325.000,300.000,300.000,-1,450.000,450.000,-1,800.000,900.000,-1,-1,2,0,2,0,2,0,0,0,0,2,0,0,2,0,0,2,2
17,-7353.670,7472.974,117.163,199.625,-0.940092,0.335834,0.058677,-0.334306,-0.941835,0.034453,0.066835,0.012772,0.997682,0,0.52192,0.78854,31.315,1.577,-1,400.000,-1,400.000,-1,325.000,325.000,300.000,300.000,-1,475.000,500.000,-1,800.000,900.000,-1,-1,2,0,2,0,2,0,0,0,0,2,0,0,2,0,0,2,2
18,-7382.967,7461.604,119.166,201.211,-0.930454,0.361774,0.058098,-0.360290,-0.932197,0.034624,0.066685,0.011284,0.997710,0,0.52376,0.79285,31.426,1.586,-1,400.000,-1,400.000,-1,325.000,325.000,300.000,300.000,-1,525.000,525.000,-1,800.000,900.000,-1,-1,2,0,2,0,2,0,0,0,0,2,0,0,2,0,0,2,2
19,-7412.054,7449.375,121.194,202.805,-0.920039,0.387580,0.057536,-0.386142,-0.921784,0.034761,0.066509,0.009765,0.997738,0,0.52589,0.79727,31.553,1.595,-1,400.000,-1,400.000,-1,325.000,325.000,300.000,300.000,-1,575.000,575.000,-1,825.000,900.000,-1,-1,2,0,2,0,2,0,0,0,0,2,0,0,2,0,0,2,2
20,-7440.918,7436.276,123.253,204.409,-0.908840,0.413230,0.057016,-0.411839,-0.910590,0.034854,0.066321,0.008195,0.997765,0,0.52829,0.80180,31.697,1.604,-1,400.000,-1,400.000,-1,325.000,325.000,300.000,300.000,-1,600.000,625.000,-1,825.000,900.000,-1,-1,2,0,2,0,2,0,0,0,0,2,0,0,2,0,0,2,2
21,-7469.545,7422.301,125.339,206.022,-0.896854,0.438701,0.056528,-0.437359,-0.898609,0.034909,0.066111,0.006585,0.997791,0,0.53095,0.80643,31.857,1.613,-1,400.000,-1,400.000,-1,325.000,325.000,300.000,300.000,-1,650.000,675.000,-1,850.000,925.000,-1,-1,2,0,2,0,2,0,0,0,0,2,0,0,2,0,0,2,2
22,-7497.920,7407.439,127.452,207.644,-0.884075,0.463970,0.056068,-0.462679,-0.885837,0.034930,0.065873,0.004939,0.997816,0,0.53385,0.81116,32.031,1.622,-1,400.000,-1,400.000,-1,325.000,325.000,300.000,300.000,-1,700.000,725.000,-1,850.000,925.000,-1,-1,2,0,2,0,2,0,0,0,0,2,0,0,2,0,0,2,2
23,-7526.024,7391.684,129.590,209.276,-0.870501,0.489013,0.055636,-0.487775,-0.872271,0.034917,0.065605,0.003258,0.997840,0,0.53698,0.81598,32.219,1.632,-1,400.000,-1,400.000,-1,325.000,325.000,300.000,300.000,-1,750.000,775.000,-1,850.000,925.000,-1,-1,2,0,2,0,2,0,0,0,0,2,0,0,2,0,0,2,2
24,-7555.675,7373.808,131.904,211.086,-0.854612,0.516324,0.055212,-0.515147,-0.856392,0.034867,0.065286,0.001356,0.997866,0,0.57704,0.90506,34.623,1.810,-1,400.000,-1,400.000,-1,325.000,325.000,300.000,300.000,-1,800.000,825.000,-1,875.000,925.000,-1,-1,2,0,2,0,2,0,0,0,0,2,0,0,2,0,0,2,2
25,-7584.778,7354.981,134.232,212.898,-0.837844,0.543149,0.054828,-0.542035,-0.839636,0.034780,0.064927,-0.000578,0.997890,0,0.57770,0.90615,34.662,1.812,-1,400.000,-1,400.000,-1,325.000,325.000,300.000,300.000,-1,850.000,900.000,-1,875.000,925.000,-1,-1,2,0,2,0,2,0,0,0,0,2,0,0,2,0,0,2,2
26,-7613.305,7335.219,136.575,214.713,-0.820209,0.569463,0.054488,-0.568413,-0.822013,0.034658,0.064526,-0.002545,0.997913,0,0.57839,0.90731,34.704,1.815,-1,400.000,-1,400.000,-1,325.000,325.000,300.000,300.000,-1,925.000,950.000,-1,875.000,925.000,-1,-1,2,0,2,0,2,0,0,0,0,2,0,0,2,0,0,2,2
27,-7641.226,7314.535,138.929,216.530,-0.801720,0.595238,0.054192,-0.594255,-0.803537,0.034501,0.064082,-0.004544,0.997934,0,0.57913,0.90856,34.748,1.817,-1,400.000,-1,400.000,-1,325.000,325.000,300.000,325.000,-1,975.000,-1,-1,900.000,925.000,-1,-1,2,0,2,0,2,0,0,0,0,2,0,2,2,0,0,2,2
28,-7668.513,7292.947,141.139,218.350,-0.782390,0.620448,0.053944,-0.619518,-0.784222,0.034561,0.063747,-0.006379,0.997946,0,0.57990,0.90988,34.794,1.820,-1,400.000,-1,400.000,-1,325.000,325.000,300.000,325.000,-1,-1,-1,-1,900.000,950.000,-1,-1,2,0,2,0,2,0,0,0,0,2,2,2,2,0,0,2,2
29,-7695.137,7270.471,143.195,220.172,-0.762235,0.645066,0.053737,-0.644211,-0.764080,0.034262,0.063160,-0.008503,0.997967,0,0.58071,0.91128,34.843,1.823,-1,400.000,-1,400.000,-1,325.000,325.000,300.000,325.000,-1,-1,-1,-1,900.000,950.000,-1,-1,2,0,2,0,2,0,0,0,0,2,2,2,2,0,0,2,2
30,-7721.069,7247.123,145.251,221.998,-0.741270,0.669064,0.053587,-0.668291,-0.743128,0.033899,0.062503,-0.010684,0.997988,0,0.58157,0.91275,34.894,1.826,-1,400.000,-1,400.000,-1,325.000,325.000,300.000,325.000,-1,-1,-1,-1,925.000,975.000,-1,-1,2,0,2,0,2,0,0,0,0,2,2,2,2,0,0,2,2
31,-7746.282,7222.921,147.306,223.826,-0.719510,0.692419,0.053499,-0.691730,-0.721380,0.033476,0.061773,-0.012921,0.998007,0,0.58248,0.91431,34.949,1.829,-1,400.000,-1,400.000,-1,325.000,325.000,300.000,325.000,-1,-1,-1,-1,950.000,1000.000,-1,-1,2,0,2,0,2,0,0,0,0,2,2,2,2,0,0,2,2
32,-7774.184,7194.612,149.639,225.415,-0.700010,0.712131,0.053442,-0.711528,-0.701887,0.032904,0.060942,-0.014992,0.998029,0,0.66248,0.79431,39.749,1.589,-1,400.000,-1,425.000,-1,325.000,325.000,300.000,325.000,-1,-1,-1,-1,1000.000,-1,-1,-1,2,0,2,0,2,0,0,0,0,2,2,2,2,0,2,2,2
33,-7804.700,7162.156,152.171,226.764,-0.683058,0.728434,0.053067,-0.727912,-0.684914,0.032193,0.059796,-0.016639,0.998072,0,0.74248,0.67431,44.549,1.349,-1,400.000,-1,425.000,-1,325.000,325.000,300.000,325.000,-1,-1,-1,-1,-1,-1,-1,-1,2,0,2,0,2,0,0,0,0,2,2,2,2,2,2,2,2
34,-7837.802,7125.557,154.690,227.872,-0.668936,0.741543,0.051361,-0.741078,-0.670687,0.031345,0.057691,-0.017095,0.998188,0,0.82248,0.55431,49.349,1.109,-1,400.000,-1,425.000,-1,325.000,325.000,300.000,325.000,-1,-1,-1,-1,-1,-1,-1,-1,2,0,2,0,2,0,0,0,0,2,2,2,2,2,2,2,2
35,-7873.511,7084.851,157.447,228.741,-0.657733,0.751623,0.049503,-0.751215,-0.659366,0.030213,0.055349,-0.017315,0.998317,0,0.90248,0.43431,54.149,0.869,-1,400.000,-1,425.000,-1,325.000,325.000,300.000,325.000,-1,-1,-1,-1,-1,-1,-1,-1,2,0,2,0,2,0,0,0,0,2,2,2,2,2,2,2,2
36,-7910.540,7041.696,160.331,229.370,-0.649573,0.758811,0.047546,-0.758460,-0.651080,0.028867,0.052861,-0.017310,0.998452,0,0.94773,0.31431,56.864,0.629,-1,400.000,-1,425.000,-1,325.000,350.000,300.000,325.000,-1,-1,-1,-1,-1,-1,-1,-1,2,0,2,0,2,0,0,0,0,2,2,2,2,2,2,2,2
37,-7947.255,6998.313,163.202,229.758,-0.644539,0.763213,0.045561,-0.762913,-0.645921,0.027392,0.050335,-0.017104,0.998586,0,0.94724,0.19431,56.834,0.389,-1,400.000,-1,425.000,-1,325.000,350.000,300.000,325.000,-1,-1,-1,-1,-1,-1,-1,-1,2,0,2,0,2,0,0,0,0,2,2,2,2,2,2,2,2
38,-7983.825,6954.875,165.740,229.907,-0.642721,0.764897,0.042936,-0.764632,-0.643949,0.025835,0.047409,-0.016226,0.998744,0,0.94638,0.07431,56.783,0.149,-1,425.000,-1,425.000,-1,325.000,350.000,300.000,325.000,-1,-1,-1,-1,-1,-1,-1,-1,2,0,2,0,2,0,0,0,0,2,2,2,2,2,2,2,2
39,-8020.273,6911.433,168.039,230.003,-0.641634,0.765995,0.039449,-0.765754,-0.642678,0.024202,0.043891,-0.014680,0.998928,0,0.94512,0.04812,56.707,0.096,-1,425.000,-1,425.000,-1,325.000,350.000,325.000,325.000,-1,-1,-1,-1,-1,-1,-1,-1,2,0,2,0,2,0,0,0,0,2,2,2,2,2,2,2,2
40,-8056.589,6867.995,170.330,230.103,-0.640488,0.767128,0.035920,-0.766912,-0.641359,0.022468,0.040274,-0.013157,0.999102,0,0.94365,0.04981,56.619,0.100,-1,425.000,-1,425.000,-1,325.000,350.000,325.000,325.000,-1,-1,-1,-1,-1,-1,-1,-1,2,0,2,0,2,0,0,0,0,2,2,2,2,2,2,2,2
41,-8092.766,6824.567,172.614,230.205,-0.639287,0.768288,0.032350,-0.768099,-0.639998,0.020634,0.036557,-0.011657,0.999264,0,0.94205,0.05122,56.523,0.102,-1,425.000,-1,425.000,-1,325.000,350.000,325.000,325.000,-1,-1,-1,-1,-1,-1,-1,-1,2,0,2,0,2,0,0,0,0,2,2,2,2,2,2,2,2
42,-8128.798,6781.151,174.693,230.310,-0.637999,0.769462,0.029759,-0.769314,-0.638598,0.018680,0.033378,-0.010976,0.999383,0,0.94034,0.05236,56.420,0.105,-1,425.000,-1,425.000,-1,325.000,350.000,325.000,325.000,-1,-1,-1,-1,-1,-1,-1,-1,2,0,2,0,2,0,0,0,0,2,2,2,2,2,2,2,2
43,-8164.680,6737.752,176.686,230.416,-0.636664,0.770650,0.027533,-0.770544,-0.637170,0.016623,0.030354,-0.010632,0.999483,0,0.93854,0.05322,56.312,0.106,-1,450.000,-1,425.000,-1,350.000,350.000,325.000,325.000,-1,-1,-1,-1,-1,-1,-1,-1,2,0,2,0,2,0,0,0,0,2,2,2,2,2,2,2,2
44,-8200.410,6694.371,178.655,230.524,-0.635302,0.771847,0.025360,-0.771781,-0.635723,0.014470,0.027291,-0.010379,0.999574,0,0.93667,0.05380,56.200,0.108,-1,450.000,-1,425.000,-1,350.000,350.000,325.000,300.000,-1,-1,-1,-1,-1,-1,-1,-1,2,0,2,0,2,0,0,0,0,2,2,2,2,2,2,2,2
45,-8235.985,6651.012,179.942,230.632,-0.633922,0.773043,0.023392,-0.773033,-0.634262,0.011501,0.023727,-0.010792,0.999660,0,0.93477,0.05410,56.086,0.108,-1,450.000,-1,425.000,-1,350.000,350.000,325.000,300.000,-1,-1,-1,-1,-1,-1,-1,-1,2,0,2,0,2,0,0,0,0,2,2,2,2,2,2,2,2
46,-8271.406,6607.674,180.596,230.740,-0.632536,0.774224,0.021813,-0.774295,-0.632788,0.006883,0.019132,-0.012536,0.999738,0,0.93287,0.05412,55.972,0.108,-1,450.000,-1,425.000,-1,350.000,350.000,300.000,300.000,-1,-1,-1,-1,-1,-1,-1,-1,2,0,2,0,2,0,0,0,0,2,2,2,2,2,2,2,2
47,-8306.673,6564.357,181.211,230.848,-0.631153,0.775393,0.020290,-0.775523,-0.631316,0.002202,0.014517,-0.014345,0.999792,0,0.93097,0.05386,55.858,0.108,-1,450.000,-1,425.000,-1,350.000,350.000,300.000,300.000,-1,-1,-1,-1,-1,-1,-1,-1,2,0,2,0,2,0,0,0,0,2,2,2,2,2,2,2,2
48,-8341.790,6521.061,181.788,230.955,-0.629781,0.776545,0.018822,-0.776710,-0.629853,-0.002540,0.009883,-0.016218,0.999820,0,0.92912,0.05333,55.747,0.107,-1,450.000,-1,425.000,-1,350.000,350.000,300.000,325.000,-1,-1,-1,-1,-1,-1,-1,-1,2,0,2,0,2,0,0,0,0,2,2,2,2,2,2,2,2
49,-8376.760,6477.784,182.262,231.060,-0.628426,0.777676,0.017343,-0.777851,-0.628410,-0.007043,0.005421,-0.017916,0.999825,0,0.92733,0.05253,55.640,0.105,-1,450.000,-1,425.000,-1,350.000,350.000,300.000,325.000,-1,-1,-1,-1,-1,-1,-1,-1,2,0,2,0,2,0,0,0,0,2,2,2,2,2,2,2,2
50,-8411.588,6434.524,182.336,231.163,-0.627082,0.778798,0.015548,-0.778950,-0.627007,-0.009946,0.002003,-0.018348,0.999830,0,0.92563,0.05146,55.538,0.103,-1,450.000,-1,450.000,-1,350.000,350.000,300.000,325.000,-1,-1,-1,-1,-1,-1,-1,-1,2,0,2,0,2,0,0,0,0,2,2,2,2,2,2,2,2
51,-8446.281,6391.277,182.370,231.263,-0.625769,0.779887,0.013797,-0.780007,-0.625637,-0.012898,-0.001427,-0.018833,0.999822,0,0.92404,0.05013,55.443,0.100,-1,450.000,-1,450.000,-1,350.000,350.000,300.000,325.000,-1,-1,-1,-1,-1,-1,-1,-1,2,0,2,0,2,0,0,0,0,2,2,2,2,2,2,2,2
52,-8480.846,6348.040,182.228,231.360,-0.624495,0.780945,0.011445,-0.781011,-0.624315,-0.015898,-0.005270,-0.018866,0.999808,0,0.92258,0.04854,55.355,0.097,-1,450.000,-1,450.000,-1,350.000,350.000,300.000,325.000,-1,-1,-1,-1,-1,-1,-1,-1,2,0,2,0,2,0,0,0,0,2,2,2,2,2,2,2,2
53,-8516.694,6303.426,181.545,231.217,-0.626479,0.779410,0.006631,-0.779364,-0.626280,-0.019091,-0.010726,-0.017128,0.999796,0,0.95387,-0.07146,57.232,-0.143,-1,425.000,-1,425.000,-1,350.000,350.000,300.000,325.000,-1,-1,-1,-1,-1,975.000,-1,-1,2,0,2,0,2,0,0,0,0,2,2,2,2,2,0,2,2
54,-8552.668,6258.961,180.618,231.026,-0.629064,0.777353,0.000833,-0.777171,-0.628894,-0.022302,-0.016813,-0.014677,0.999751,0,0.95324,-0.09529,57.194,-0.191,-1,425.000,-1,425.000,-1,350.000,350.000,300.000,300.000,-1,-1,-1,-1,1000.000,925.000,-1,-1,2,0,2,0,2,0,0,0,0,2,2,2,2,0,0,2,2
55,-8588.762,6214.658,179.663,230.830,-0.631677,0.775216,-0.004902,-0.774894,-0.631576,-0.025520,-0.022879,-0.012322,0.999662,0,0.95241,-0.09823,57.145,-0.196,-1,425.000,-1,425.000,-1,350.000,350.000,300.000,300.000,-1,-1,-1,-1,975.000,900.000,-1,-1,2,0,2,0,2,0,0,0,0,2,2,2,2,0,0,2,2
56,-8624.972,6170.532,178.535,230.628,-0.634329,0.773001,-0.009806,-0.772540,-0.634315,-0.028752,-0.028445,-0.010663,0.999538,0,0.95136,-0.10093,57.081,-0.202,-1,425.000,-1,425.000,-1,325.000,325.000,300.000,300.000,-1,-1,-1,-1,950.000,850.000,-1,-1,2,0,2,0,2,0,0,0,0,2,2,2,2,0,0,2,2
57,-8661.293,6126.594,176.818,230.421,-0.637089,0.770701,-0.011730,-0.770119,-0.637095,-0.032042,-0.032168,-0.011380,0.999418,0,0.95009,-0.10338,57.005,-0.207,-1,425.000,-1,400.000,-1,325.000,325.000,300.000,300.000,-1,-1,-1,-1,925.000,850.000,-1,-1,2,0,2,0,2,0,0,0,0,2,2,2,2,0,0,2,2
58,-8697.718,6082.858,174.901,230.210,-0.639923,0.768334,-0.012692,-0.767627,-0.639919,-0.035380,-0.035305,-0.012898,0.999293,0,0.94863,-0.10556,56.918,-0.211,-1,425.000,-1,400.000,-1,325.000,325.000,300.000,300.000,-1,-1,-1,-1,900.000,825.000,-1,-1,2,0,2,0,2,0,0,0,0,2,2,2,2,0,0,2,2
59,-8734.244,6039.335,172.954,229.995,-0.642804,0.765911,-0.013564,-0.765068,-0.642783,-0.038754,-0.038401,-0.014534,0.999157,0,0.94699,-0.10748,56.819,-0.215,-1,425.000,-1,400.000,-1,325.000,325.000,300.000,300.000,-1,-1,-1,-1,875.000,825.000,-1,-1,2,0,2,0,2,0,0,0,0,2,2,2,2,0,0,2,2
60,-8770.866,5996.033,170.971,229.777,-0.645725,0.763435,-0.014341,-0.762443,-0.645678,-0.042194,-0.041472,-0.016311,0.999007,0,0.94519,-0.10913,56.711,-0.218,-1,425.000,-1,400.000,-1,325.000,325.000,300.000,300.000,-1,-1,-1,-1,875.000,800.000,-1,-1,2,0,2,0,2,0,0,0,0,2,2,2,2,0,0,2,2
61,-8807.580,5952.960,168.845,229.556,-0.648689,0.760908,-0.014918,-0.759730,-0.648591,-0.046256,-0.044873,-0.018672,0.998818,0,0.94326,-0.11051,56.596,-0.221,-1,400.000,-1,400.000,-1,325.000,325.000,300.000,300.000,-1,-1,-1,-1,850.000,800.000,-1,-1,2,0,2,0,2,0,0,0,0,2,2,2,2,0,0,2,2
62,-8841.695,5913.581,166.878,229.095,-0.654819,0.755629,-0.015411,-0.754273,-0.654662,-0.049895,-0.047791,-0.021048,0.998636,0,0.86836,-0.23051,52.101,-0.461,-1,400.000,-1,400.000,-1,325.000,325.000,300.000,300.000,-1,-1,-1,-1,825.000,775.000,-1,-1,2,0,2,0,2,0,0,0,0,2,2,2,2,0,0,2,2
63,-8876.065,5874.554,164.836,228.630,-0.660976,0.750240,-0.015820,-0.748683,-0.660739,-0.053831,-0.050839,-0.023737,0.998425,0,0.86672,-0.23274,52.003,-0.465,-1,400.000,-1,400.000,-1,325.000,325.000,300.000,300.000,-1,-1,-1,-1,800.000,750.000,-1,-1,2,0,2,0,2,0,0,0,0,2,2,2,2,0,0,2,2
64,-8910.684,5835.884,162.612,228.163,-0.667095,0.744794,-0.016338,-0.743062,-0.666793,-0.056976,-0.053330,-0.025868,0.998242,0,0.86504,-0.23335,51.903,-0.467,-1,400.000,-1,400.000,-1,325.000,325.000,300.000,325.000,-1,-1,-1,-1,800.000,750.000,-1,-1,2,0,2,0,2,0,0,0,0,2,2,2,2,0,0,2,2
65,-8945.549,5797.573,159.883,227.695,-0.673132,0.739322,-0.017203,-0.737529,-0.672843,-0.057740,-0.054264,-0.026179,0.998183,0,0.86333,-0.23376,51.800,-0.468,-1,400.000,-1,400.000,-1,325.000,325.000,300.000,325.000,-1,-1,-1,-1,800.000,750.000,-1,-1,2,0,2,0,2,0,0,0,0,2,2,2,2,0,0,2,2
66,-8980.656,5759.626,157.071,227.227,-0.679124,0.733801,-0.018058,-0.731969,-0.678858,-0.058076,-0.054875,-0.026223,0.998149,0,0.86160,-0.23398,51.696,-0.468,-1,400.000,-1,400.000,-1,325.000,325.000,300.000,325.000,-1,-1,-1,-1,800.000,725.000,-1,-1,2,0,2,0,2,0,0,0,0,2,2,2,2,0,0,2,2
67,-9016.000,5722.041,154.269,226.759,-0.685074,0.728230,-0.018831,-0.726362,-0.684827,-0.058402,-0.055426,-0.026332,0.998116,0,0.85987,-0.23400,51.592,-0.468,-1,400.000,-1,400.000,-1,325.000,325.000,300.000,300.000,-1,-1,-1,-1,800.000,725.000,-1,-1,2,0,2,0,2,0,0,0,0,2,2,2,2,0,0,2,2
68,-9051.578,5684.822,151.474,226.292,-0.690977,0.722613,-0.019522,-0.720711,-0.690745,-0.058720,-0.055917,-0.026504,0.998084,0,0.85815,-0.23382,51.489,-0.468,-1,400.000,-1,375.000,-1,325.000,325.000,300.000,300.000,-1,-1,-1,-1,775.000,725.000,-1,-1,2,0,2,0,2,0,0,0,0,2,2,2,2,1,0,2,2
69,-9087.388,5647.966,148.688,225.825,-0.696828,0.716955,-0.020133,-0.715021,-0.696606,-0.059032,-0.056348,-0.026740,0.998053,0,0.85646,-0.23345,51.387,-0.467,-1,400.000,-1,375.000,-1,325.000,325.000,300.000,300.000,-1,-1,-1,-1,750.000,700.000,-1,-1,2,0,2,0,2,0,0,0,0,2,2,2,2,1,0,2,2
70,-9123.426,5611.473,145.917,225.359,-0.702623,0.711263,-0.020632,-0.709299,-0.702405,-0.059344,-0.056701,-0.027062,0.998024,0,0.85480,-0.23289,51.288,-0.466,-1,400.000,-1,375.000,-1,325.000,325.000,300.000,300.000,-1,-1,-1,-1,725.000,700.000,-1,-1,2,0,2,0,2,0,0,0,0,2,2,2,2,1,0,2,2
71,-9159.690,5575.341,143.241,224.895,-0.708375,0.705534,-0.020644,-0.703552,-0.708132,-0.059701,-0.056740,-0.027767,0.998003,0,0.85320,-0.23214,51.192,-0.464,-1,400.000,-1,375.000,-1,325.000,325.000,300.000,300.000,-1,-1,-1,-1,700.000,700.000,-1,-1,2,0,2,0,2,0,0,0,0,2,2,2,2,1,0,2,2
72,-9199.486,5536.059,140.301,224.628,-0.711673,0.702214,-0.020399,-0.700217,-0.711395,-0.060112,-0.056723,-0.028496,0.997983,0,0.93196,-0.13340,55.917,-0.267,-1,400.000,-1,375.000,-1,325.000,325.000,300.000,300.000,-1,-1,-1,-1,650.000,675.000,975.000,-1,2,1,2,0,2,0,0,0,0,2,2,2,2,1,0,1,2
73,-9239.766,5496.662,137.259,224.365,-0.714941,0.698912,-0.019517,-0.696914,-0.714589,-0.060608,-0.056306,-0.029729,0.997971,0,0.93906,-0.13168,56.344,-0.263,-1,400.000,1000.000,375.000,-1,325.000,325.000,300.000,300.000,-1,-1,-1,-1,625.000,675.000,900.000,-1,2,1,1,0,2,0,0,0,0,2,2,2,2,1,0,1,2
74,-9282.529,5454.870,134.038,224.341,-0.715279,0.698596,-0.018437,-0.696600,-0.714849,-0.061145,-0.055895,-0.030893,0.997959,0,0.99657,-0.01168,59.794,-0.023,-1,375.000,950.000,375.000,-1,325.000,300.000,300.000,300.000,-1,-1,-1,-1,600.000,675.000,825.000,-1,2,1,1,0,2,0,0,0,0,2,2,2,2,1,0,1,2
75,-9325.281,5412.772,130.754,224.558,-0.712699,0.701266,-0.016924,-0.699284,-0.712174,-0.061721,-0.055336,-0.032154,0.997950,0,1.00000,0.10832,60.000,0.217,-1,375.000,875.000,375.000,-1,325.000,300.000,300.000,300.000,-1,-1,-1,-1,575.000,675.000,775.000,-1,2,1,1,0,2,0,0,0,0,2,2,2,2,1,0,1,2
76,-9367.696,5370.334,127.483,225.014,-0.707152,0.706895,-0.015342,-0.704930,-0.706538,-0.062274,-0.054860,-0.033222,0.997941,0,1.00000,0.22832,60.000,0.457,-1,350.000,825.000,375.000,-1,300.000,300.000,300.000,300.000,-1,-1,-1,-1,525.000,675.000,700.000,1000.000,2,1,1,0,2,1,0,0,0,2,2,2,2,1,1,1,1
77,-9409.714,5327.502,124.217,225.549,-0.700588,0.713435,-0.013673,-0.711489,-0.699881,-0.062846,-0.054406,-0.034301,0.997930,0,1.00000,0.26749,60.000,0.535,-1,350.000,750.000,375.000,-1,300.000,300.000,300.000,300.000,-1,-1,-1,-1,500.000,625.000,650.000,925.000,2,1,1,0,2,1,0,0,0,2,2,2,2,1,1,1,1
78,-9451.327,5284.279,120.959,226.086,-0.693941,0.719933,-0.011917,-0.718010,-0.693137,-0.063429,-0.053925,-0.035459,0.997915,0,1.00000,0.26845,60.000,0.537,-1,325.000,700.000,375.000,-1,275.000,300.000,300.000,300.000,-1,-1,-1,-1,475.000,575.000,575.000,825.000,2,1,1,0,2,1,1,0,0,2,2,2,2,1,1,1,1
79,-9492.533,5240.666,117.888,226.625,-0.687190,0.726406,-0.010204,-0.724554,-0.686324,-0.063095,-0.052836,-0.035965,0.997955,0,1.00000,0.26940,60.000,0.539,-1,300.000,650.000,350.000,-1,275.000,275.000,300.000,300.000,-1,-1,-1,-1,425.000,525.000,525.000,750.000,2,1,1,1,2,1,1,0,0,2,2,2,2,1,1,1,1
80,-9533.327,5196.669,115.600,227.166,-0.680259,0.732916,-0.009028,-0.731319,-0.679500,-0.058763,-0.049203,-0.033371,0.998231,0,1.00000,0.27034,60.000,0.541,-1,300.000,600.000,325.000,-1,250.000,275.000,325.000,300.000,-1,-1,-1,-1,400.000,475.000,475.000,675.000,2,1,1,1,2,1,1,0,0,2,2,2,2,1,1,1,1
81,-9573.702,5152.287,113.782,227.708,-0.673210,0.739406,-0.008116,-0.738109,-0.672609,-0.052833,-0.044524,-0.029577,0.998570,0,1.00000,0.27128,60.000,0.543,-1,275.000,550.000,300.000,900.000,250.000,250.000,325.000,300.000,-1,675.000,775.000,-1,375.000,450.000,450.000,600.000,2,1,1,1,1,1,1,0,0,2,0,0,2,1,1,1,1
82,-9613.654,5107.524,112.373,228.253,-0.666049,0.745869,-0.007559,-0.744907,-0.665646,-0.045049,-0.038632,-0.024374,0.998956,0,1.00000,0.27224,60.000,0.544,-1,250.000,500.000,275.000,800.000,225.000,225.000,350.000,300.000,-1,475.000,525.000,-1,350.000,400.000,400.000,525.000,2,1,1,1,1,1,1,0,0,2,0,0,2,1,1,1,1
83,-9653.178,5062.381,111.362,228.799,-0.658792,0.752289,-0.007415,-0.751665,-0.658594,-0.035393,-0.031510,-0.017743,0.999346,0,1.00000,0.27322,60.000,0.546,-1,250.000,450.000,250.000,675.000,200.000,225.000,350.000,300.000,-1,375.000,350.000,-1,325.000,375.000,375.000,475.000,2,1,1,1,1,1,1,0,0,2,0,0,2,1,1,1,1
84,-9692.267,5016.863,110.746,229.348,-0.651461,0.758643,-0.007738,-0.758329,-0.651434,-0.023887,-0.023162,-0.009694,0.999685,0,1.00000,0.27425,60.000,0.549,-1,225.000,425.000,250.000,575.000,200.000,200.000,375.000,300.000,-1,325.000,275.000,-1,300.000,325.000,350.000,400.000,2,1,1,1,1,1,1,0,0,2,0,0,2,1,1,1,1
85,-9730.915,4970.969,113.599,229.899,-0.644176,0.764853,0.006111,-0.764864,-0.644099,-0.010932,-0.004426,-0.011716,0.999922,0,1.00000,0.27536,60.000,0.551,-1,225.000,425.000,225.000,575.000,200.000,200.000,400.000,300.000,-1,225.000,200.000,-1,300.000,325.000,350.000,400.000,2,1,1,1,1,1,1,0,0,2,0,0,2,1,1,1,1
86,-9769.119,4924.703,118.107,230.452,-0.636356,0.770976,0.025448,-0.771155,-0.636635,0.003994,0.019280,-0.017082,0.999668,0,1.00000,0.27657,60.000,0.553,-1,225.000,450.000,225.000,650.000,200.000,200.000,425.000,325.000,-1,175.000,150.000,-1,300.000,350.000,-1,425.000,2,1,1,1,1,1,1,0,0,2,0,0,2,1,1,2,1
87,-9806.874,4878.068,123.142,231.008,-0.627845,0.777048,0.044806,-0.777063,-0.629071,0.021043,0.044538,-0.021605,0.998774,0,1.00000,0.27793,60.000,0.556,-1,225.000,-1,250.000,775.000,200.000,200.000,450.000,375.000,-1,125.000,125.000,-1,300.000,375.000,-1,475.000,2,1,2,1,1,1,1,0,0,2,0,0,2,1,1,2,1
88,-3607.628,-6887.291,-41.044,-152.074,-0.882145,0.468154,-0.051507,-0.468928,-0.883230,0.003388,-0.043906,0.027142,0.998667,1,0.00000,0.00000,60.000,0.559,-1,400.000,-1,425.000,-1,325.000,325.000,300.000,300.000,-1,-1,-1,-1,725.000,850.000,-1,-1,2,0,2,0,2,0,0,0,0,2,2,2,2,0,0,2,2
89,-3611.860,-6889.556,-41.254,-151.834,-0.880161,0.471845,-0.051761,-0.472631,-0.881254,0.003401,-0.044010,0.027457,0.998654,0,0.08000,0.12000,4.800,0.240,-1,400.000,-1,425.000,-1,325.000,325.000,300.000,300.000,-1,-1,-1,-1,725.000,850.000,-1,-1,2,0,2,0,2,0,0,0,0,2,2,2,2,0,0,2,2
90,-3620.285,-6894.159,-41.673,-151.354,-0.876146,0.479203,-0.052272,-0.480013,-0.877254,0.003426,-0.044214,0.028093,0.998627,0,0.16000,0.24000,9.600,0.480,-1,400.000,-1,400.000,-1,325.000,325.000,300.000,300.000,-1,-1,-1,-1,725.000,850.000,-1,-1,2,0,2,0,2,0,0,0,0,2,2,2,2,0,0,2,2
91,-3632.835,-6901.221,-42.297,-150.634,-0.870008,0.490175,-0.053044,-0.491023,-0.871140,0.003463,-0.044511,0.029058,0.998586,0,0.24000,0.36000,14.400,0.720,-1,375.000,-1,400.000,-1,325.000,325.000,300.000,300.000,-1,-1,-1,-1,725.000,825.000,-1,-1,2,0,2,0,2,0,0,0,0,2,2,2,2,0,0,2,2
92,-3649.437,-6910.864,-43.123,-149.851,-0.863159,0.502028,-0.054075,-0.502925,-0.864323,0.003517,-0.044972,0.030231,0.998531,0,0.32000,0.39189,19.200,0.784,-1,375.000,-1,400.000,-1,325.000,325.000,300.000,300.000,-1,-1,-1,-1,725.000,825.000,-1,-1,2,0,2,0,2,0,0,0,0,2,2,2,2,0,0,2,2
93,-3670.026,-6923.196,-44.150,-149.081,-0.856259,0.513570,-0.055365,-0.514527,-0.857467,0.003595,-0.045627,0.031566,0.998460,0,0.40000,0.38479,24.000,0.770,-1,375.000,-1,400.000,-1,325.000,325.000,300.000,300.000,-1,-1,-1,-1,700.000,825.000,-1,-1,2,0,2,0,2,0,0,0,0,2,2,2,2,0,0,2,2
94,-3694.537,-6938.318,-45.247,-148.329,-0.849383,0.524761,-0.056340,-0.525760,-0.850626,0.003495,-0.046090,0.032590,0.998406,0,0.48000,0.37594,28.800,0.752,-1,375.000,-1,400.000,-1,325.000,325.000,300.000,300.000,-1,-1,-1,-1,700.000,800.000,-1,-1,2,0,2,0,2,0,0,0,0,2,2,2,2,0,0,2,2
95,-3722.906,-6956.322,-46.438,-147.598,-0.842569,0.535551,-0.057113,-0.536583,-0.843841,0.003286,-0.046435,0.033415,0.998362,0,0.56000,0.36534,33.600,0.731,-1,375.000,-1,400.000,-1,325.000,325.000,300.000,300.000,-1,-1,-1,-1,700.000,800.000,-1,-1,2,0,2,0,2,0,0,0,0,2,2,2,2,0,0,2,2
96,-3752.347,-6975.521,-47.754,-146.892,-0.835858,0.545887,-0.057866,-0.546968,-0.837146,0.003471,-0.046548,0.034552,0.998318,0,0.58578,0.35300,35.147,0.706,-1,375.000,-1,400.000,-1,325.000,325.000,300.000,300.000,-1,-1,-1,-1,700.000,800.000,-1,-1,2,0,2,0,2,0,0,0,0,2,2,2,2,0,0,2,2
97,-3781.958,-6995.335,-49.255,-146.212,-0.829285,0.555750,-0.058542,-0.556920,-0.830554,0.004527,-0.046106,0.036357,0.998275,0,0.59382,0.34008,35.629,0.680,-1,375.000,-1,400.000,-1,325.000,325.000,300.000,300.000,-1,-1,-1,-1,700.000,800.000,-1,-1,2,0,2,0,2,0,0,0,0,2,2,2,2,0,0,2,2
98,-3811.742,-7015.762,-50.763,-145.558,-0.822855,0.565156,-0.059231,-0.566415,-0.824101,0.005612,-0.045641,0.038168,0.998229,0,0.60193,0.32699,36.116,0.654,-1,375.000,-1,400.000,-1,325.000,325.000,300.000,300.000,-1,-1,-1,-1,675.000,800.000,-1,-1,2,0,2,0,2,0,0,0,0,2,2,2,2,0,0,2,2
99,-3844.288,-7038.430,-52.414,-145.144,-0.818712,0.571055,-0.060055,-0.572411,-0.819938,0.006830,-0.045341,0.039967,0.998172,0,0.66105,0.20699,39.663,0.414,-1,375.000,-1,400.000,-1,325.000,325.000,300.000,300.000,-1,-1,-1,-1,675.000,800.000,-1,-1,2,0,2,0,2,0,0,0,0,2,2,2,2,0,0,2,2
100,-3876.894,-7061.287,-54.103,-144.970,-0.816927,0.573501,-0.061053,-0.574960,-0.818141,0.008120,-0.045293,0.041736,0.998102,0,0.66365,0.08699,39.819,0.174,-1,375.000,-1,400.000,-1,325.000,325.000,300.000,300.000,-1,-1,-1,-1,675.000,800.000,-1,-1,2,0,2,0,2,0,0,0,0,2,2,2,2,0,0,2,2
101,-3909.586,-7084.338,-55.818,-144.813,-0.815302,0.575693,-0.062129,-0.577263,-0.816504,0.009465,-0.045279,0.043582,0.998023,0,0.66670,0.07843,40.002,0.157,-1,375.000,-1,400.000,-1,325.000,325.000,300.000,300.000,-1,-1,-1,-1,675.000,775.000,-1,-1,2,0,2,0,2,0,0,0,0,2,2,2,2,0,0,2,2
102,-3942.387,-7107.588,-57.543,-144.670,-0.813811,0.577683,-0.063199,-0.579365,-0.814996,0.010843,-0.045243,0.045440,0.997942,0,0.67008,0.07155,40.205,0.143,-1,375.000,-1,400.000,-1,325.000,325.000,300.000,300.000,-1,-1,-1,-1,675.000,775.000,-1,-1,2,0,2,0,2,0,0,0,0,2,2,2,2,0,0,2,2
103,-3975.316,-7131.042,-59.278,-144.541,-0.812454,0.579473,-0.064264,-0.581272,-0.813617,0.012255,-0.045185,0.047311,0.997858,0,0.67381,0.06475,40.428,0.130,-1,375.000,-1,400.000,-1,325.000,325.000,300.000,300.000,-1,-1,-1,-1,675.000,750.000,-1,-1,2,0,2,0,2,0,0,0,0,2,2,2,2,0,0,2,2
104,-4008.396,-7154.705,-60.936,-144.425,-0.811240,0.581056,-0.065297,-0.582994,-0.812353,0.014177,-0.044807,0.049569,0.997765,0,0.67787,0.05802,40.672,0.116,-1,375.000,-1,400.000,-1,325.000,325.000,300.000,300.000,-1,-1,-1,-1,675.000,750.000,-1,-1,2,0,2,0,2,0,0,0,0,2,2,2,2,0,0,2,2
105,-4041.649,-7178.582,-62.682,-144.322,-0.810194,0.582453,-0.065830,-0.584507,-0.811229,0.016121,-0.044014,0.051540,0.997701,0,0.68229,0.05136,40.937,0.103,-1,375.000,-1,400.000,-1,325.000,325.000,300.000,300.000,-1,-1,-1,-1,675.000,750.000,-1,-1,2,0,2,0,2,0,0,0,0,2,2,2,2,0,0,2,2
106,-4070.877,-7199.834,-64.288,-143.979,-0.806724,0.587245,-0.065871,-0.589378,-0.807662,0.017760,-0.042772,0.053150,0.997670,0,0.60229,0.17136,36.137,0.343,-1,375.000,-1,400.000,-1,325.000,325.000,300.000,300.000,-1,-1,-1,-1,675.000,750.000,-1,-1,2,0,2,0,2,0,0,0,0,2,2,2,2,0,0,2,2
107,-4096.033,-7218.521,-65.654,-143.397,-0.800737,0.595376,-0.065927,-0.597583,-0.801577,0.019212,-0.041407,0.054780,0.997639,0,0.52229,0.29136,31.337,0.583,-1,375.000,-1,400.000,-1,325.000,325.000,300.000,300.000,-1,-1,-1,-1,675.000,750.000,-1,-1,2,0,2,0,2,0,0,0,0,2,2,2,2,0,0,2,2
108,-4117.106,-7234.649,-66.783,-142.574,-0.792132,0.606770,-0.066006,-0.609042,-0.792874,0.020459,-0.039921,0.056407,0.997609,0,0.44229,0.41136,26.537,0.823,-1,375.000,-1,400.000,-1,325.000,325.000,300.000,300.000,-1,-1,-1,-1,675.000,725.000,-1,-1,2,0,2,0,2,0,0,0,0,2,2,2,2,0,0,2,2
109,-4134.120,-7248.178,-67.678,-141.511,-0.780768,0.621314,-0.066115,-0.623645,-0.781412,0.021480,-0.038317,0.058004,0.997581,0,0.36229,0.53136,21.737,1.063,-1,375.000,-1,400.000,-1,325.000,325.000,300.000,300.000,-1,-1,-1,-1,675.000,725.000,-1,-1,2,0,2,0,2,0,0,0,0,2,2,2,2,0,0,2,2
110,-4147.176,-7258.968,-68.356,-140.434,-0.768971,0.635843,-0.066238,-0.638224,-0.769529,0.022277,-0.036808,0.059405,0.997555,0,0.28229,0.53866,16.937,1.077,-1,375.000,-1,400.000,-1,325.000,325.000,300.000,300.000,-1,-1,-1,-1,675.000,725.000,-1,-1,2,0,2,0,2,0,0,0,0,2,2,2,2,0,0,2,2
111,-4156.385,-7266.873,-68.826,-139.361,-0.756952,0.650092,-0.066364,-0.652509,-0.757437,0.022831,-0.035424,0.060585,0.997534,0,0.20229,0.53633,12.137,1.073,-1,375.000,-1,400.000,-1,325.000,325.000,300.000,300.000,-1,-1,-1,-1,675.000,725.000,-1,-1,2,0,2,0,2,0,0,0,0,2,2,2,2,0,0,2,2
112,-4161.862,-7271.755,-69.098,-138.292,-0.744703,0.664077,-0.066478,-0.666520,-0.745128,0.023130,-0.034175,0.061534,0.997520,0,0.12229,0.53473,7.337,1.069,-1,375.000,-1,400.000,-1,325.000,325.000,300.000,300.000,-1,-1,-1,-1,675.000,700.000,-1,-1,2,0,2,0,2,0,0,0,0,2,2,2,2,0,0,2,2
113,-4163.723,-7273.479,-69.181,-137.224,-0.732213,0.677815,-0.066569,-0.680272,-0.732593,0.023162,-0.033069,0.062244,0.997513,0,0.04229,0.53379,2.537,1.068,-1,375.000,-1,400.000,-1,300.000,325.000,300.000,300.000,-1,-1,-1,-1,675.000,700.000,-1,-1,2,0,2,0,2,0,0,0,0,2,2,2,2,0,0,2,2
114,-4162.091,-7271.912,-69.086,-136.157,-0.719472,0.691319,-0.066621,-0.693778,-0.719824,0.022920,-0.032111,0.062710,0.997515,0,-0.03771,0.53348,-2.263,1.067,-1,375.000,-1,400.000,-1,300.000,325.000,300.000,300.000,-1,-1,-1,-1,675.000,700.000,-1,-1,2,0,2,0,2,0,0,0,0,2,2,2,2,0,0,2,2
115,-4157.089,-7266.925,-68.820,-135.090,-0.706471,0.704599,-0.066622,-0.707049,-0.706810,0.022401,-0.031306,0.062931,0.997527,0,-0.11771,0.53375,-7.063,1.067,-1,375.000,-1,400.000,-1,300.000,325.000,300.000,300.000,-1,-1,-1,-1,675.000,700.000,-1,-1,2,0,2,0,2,0,0,0,0,2,2,2,2,0,0,2,2
116,-4148.845,-7258.395,-68.393,-134.021,-0.693200,0.717665,-0.066560,-0.720093,-0.693541,0.021606,-0.030656,0.062906,0.997548,0,-0.19771,0.53454,-11.863,1.069,-1,375.000,-1,400.000,-1,300.000,325.000,300.000,300.000,-1,-1,-1,-1,675.000,700.000,-1,-1,2,0,2,0,2,0,0,0,0,2,2,2,2,0,0,2,2
117,-4137.491,-7246.198,-67.814,-132.949,-0.679650,0.730523,-0.066421,-0.732916,-0.680009,0.020539,-0.030163,0.062640,0.997580,0,-0.27771,0.53582,-16.663,1.072,-1,375.000,-1,400.000,-1,300.000,325.000,300.000,300.000,-1,-1,-1,-1,675.000,700.000,-1,-1,2,0,2,0,2,0,0,0,0,2,2,2,2,0,0,2,2
118,-4123.165,-7230.216,-67.091,-131.874,-0.665813,0.743176,-0.066194,-0.745522,-0.666204,0.019208,-0.029824,0.062138,0.997622,0,-0.35771,0.53753,-21.463,1.075,-1,375.000,-1,400.000,-1,300.000,325.000,300.000,300.000,-1,-1,-1,-1,675.000,700.000,-1,-1,2,0,2,0,2,0,0,0,0,2,2,2,2,0,0,2,2
119,-4106.480,-7210.883,-66.257,-130.795,-0.651683,0.755625,-0.065878,-0.757913,-0.652116,0.017664,-0.029612,0.061441,0.997671,0,-0.42562,0.53963,-25.537,1.079,-1,375.000,-1,400.000,-1,300.000,325.000,300.000,325.000,-1,-1,975.000,-1,675.000,725.000,-1,-1,2,0,2,0,2,0,0,0,0,2,2,0,2,0,0,2,2
120,-4090.024,-7191.067,-65.441,-129.711,-0.637259,0.767860,-0.065513,-0.770089,-0.637732,0.016137,-0.029389,0.060734,0.997721,0,-0.42929,0.54198,-25.757,1.084,-1,375.000,-1,400.000,-1,300.000,325.000,300.000,325.000,-1,-1,950.000,-1,675.000,725.000,-1,-1,2,0,2,0,2,0,0,0,0,2,2,0,2,0,0,2,2
121,-4073.816,-7170.779,-64.643,-128.622,-0.622548,0.779869,-0.065100,-0.782038,-0.623059,0.014627,-0.029154,0.060016,0.997772,0,-0.43278,0.54421,-25.967,1.088,-1,375.000,-1,400.000,-1,300.000,325.000,300.000,325.000,-1,-1,925.000,-1,650.000,725.000,-1,-1,2,0,2,0,2,0,0,0,0,2,2,0,2,0,0,2,2
122,-4057.877,-7150.029,-63.866,-127.530,-0.607555,0.791643,-0.064639,-0.793751,-0.608101,0.013137,-0.028907,0.059289,0.997822,0,-0.43610,0.54632,-26.166,1.093,-1,375.000,-1,400.000,-1,300.000,325.000,300.000,325.000,-1,-1,875.000,-1,650.000,725.000,-1,-1,2,0,2,0,2,0,0,0,0,2,2,0,2,0,0,2,2
123,-4042.226,-7128.826,-63.109,-126.433,-0.592288,0.803170,-0.064131,-0.805217,-0.592865,0.011671,-0.028647,0.058552,0.997873,0,-0.43921,0.54827,-26.353,1.097,-1,375.000,-1,400.000,-1,300.000,325.000,300.000,325.000,-1,-1,850.000,-1,650.000,725.000,-1,-1,2,0,2,0,2,0,0,0,0,2,2,0,2,0,0,2,2
124,-4026.885,-7107.185,-62.316,-125.333,-0.576760,0.814429,-0.063663,-0.816428,-0.577352,0.010529,-0.028181,0.058049,0.997916,0,-0.44212,0.55008,-26.527,1.100,-1,375.000,-1,400.000,-1,300.000,325.000,300.000,325.000,-1,-1,800.000,-1,650.000,725.000,-1,-1,2,0,2,0,2,0,0,0,0,2,2,0,2,0,0,2,2
125,-4011.873,-7085.119,-61.517,-124.229,-0.560976,0.825416,-0.063206,-0.827372,-0.561573,0.009556,-0.027607,0.057655,0.997955,0,-0.44480,0.55173,-26.688,1.103,-1,375.000,-1,400.000,-1,300.000,325.000,300.000,325.000,-1,-1,750.000,-1,650.000,725.000,-1,-1,2,0,2,0,2,0,0,0,0,2,2,0,2,0,0,2,2
126,-3997.209,-7062.644,-60.822,-123.123,-0.544964,0.836140,-0.062319,-0.838032,-0.545553,0.008636,-0.026777,0.056932,0.998019,0,-0.44725,0.55320,-26.835,1.106,-1,375.000,-1,400.000,-1,300.000,325.000,300.000,325.000,-1,-1,700.000,-1,650.000,725.000,-1,-1,2,0,2,0,2,0,0,0,0,2,2,0,2,0,0,2,2
127,-3982.913,-7039.777,-60.159,-122.014,-0.528713,0.846579,-0.061375,-0.848405,-0.529291,0.007752,-0.025922,0.056169,0.998085,0,-0.44946,0.55450,-26.967,1.109,-1,375.000,-1,400.000,-1,300.000,325.000,300.000,325.000,-1,925.000,625.000,-1,650.000,725.000,-1,-1,2,0,2,0,2,0,0,0,0,2,0,0,2,0,0,2,2
128,-3971.448,-7020.805,-59.630,-121.145,-0.515838,0.854539,-0.060616,-0.856313,-0.516409,0.007049,-0.025279,0.055542,0.998136,0,-0.36946,0.43450,-22.167,0.869,-1,375.000,-1,400.000,-1,300.000,325.000,300.000,325.000,-1,875.000,600.000,-1,650.000,725.000,-1,-1,2,0,2,0,2,0,0,0,0,2,0,0,2,0,0,2,2
129,-3962.629,-7005.843,-59.094,-120.516,-0.506408,0.860156,-0.060694,-0.861924,-0.506996,0.006415,-0.025254,0.055562,0.998136,0,-0.28946,0.31450,-17.367,0.629,-1,375.000,-1,400.000,-1,300.000,325.000,300.000,325.000,-1,850.000,575.000,-1,650.000,725.000,-1,-1,2,0,2,0,2,0,0,0,0,2,0,0,2,0,0,2,2
130,-3956.321,-6994.973,-58.716,-120.127,-0.500542,0.863579,-0.060738,-0.865343,-0.501146,0.005954,-0.025297,0.055540,0.998136,0,-0.20946,0.19450,-12.567,0.389,-1,375.000,-1,400.000,-1,300.000,325.000,300.000,325.000,-1,850.000,575.000,-1,650.000,725.000,-1,-1,2,0,2,0,2,0,0,0,0,2,0,0,2,0,0,2,2
131,-3952.440,-6988.245,-58.490,-119.978,-0.498285,0.864882,-0.060755,-0.866641,-0.498900,0.005667,-0.025409,0.055476,0.998137,0,-0.12946,0.07450,-7.767,0.149,-1,375.000,-1,400.000,-1,300.000,325.000,300.000,325.000,-1,850.000,575.000,-1,675.000,725.000,-1,-1,2,0,2,0,2,0,0,0,0,2,0,0,2,0,0,2,2
132,-3950.953,-6985.677,-58.413,-120.069,-0.499652,0.864094,-0.060746,-0.865848,-0.500276,0.005553,-0.025592,0.055372,0.998138,0,-0.04946,-0.04550,-2.967,-0.091,-1,375.000,-1,400.000,-1,300.000,325.000,300.000,325.000,-1,850.000,575.000,-1,650.000,725.000,-1,-1,2,0,2,0,2,0,0,0,0,2,0,0,2,0,0,2,2
133,-3951.881,-6987.257,-58.487,-120.400,-0.504633,0.861196,-0.060716,-0.862947,-0.505264,0.005611,-0.025845,0.055226,0.998139,0,0.03054,-0.16550,1.833,-0.331,-1,375.000,-1,400.000,-1,300.000,325.000,300.000,325.000,-1,875.000,575.000,-1,650.000,725.000,-1,-1,2,0,2,0,2,0,0,0,0,2,0,0,2,0,0,2,2
134,-3955.294,-6992.944,-58.717,-120.971,-0.513193,0.856127,-0.060663,-0.857874,-0.513826,0.005838,-0.026173,0.055038,0.998141,0,0.11054,-0.28550,6.633,-0.571,-1,375.000,-1,400.000,-1,300.000,325.000,300.000,325.000,-1,900.000,600.000,-1,650.000,725.000,-1,-1,2,0,2,0,2,0,0,0,0,2,0,0,2,0,0,2,2
135,-3961.316,-7002.663,-59.108,-121.782,-0.525265,0.848779,-0.060589,-0.850524,-0.525900,0.006230,-0.026576,0.054805,0.998143,0,0.19054,-0.40550,11.433,-0.811,-1,375.000,-1,400.000,-1,300.000,325.000,300.000,325.000,-1,925.000,625.000,-1,650.000,725.000,-1,-1,2,0,2,0,2,0,0,0,0,2,0,0,2,0,0,2,2
136,-3970.117,-7016.302,-59.628,-122.833,-0.540741,0.838994,-0.060726,-0.840749,-0.541383,0.006760,-0.027204,0.054711,0.998132,0,0.27054,-0.52550,16.233,-1.051,-1,375.000,-1,400.000,-1,300.000,325.000,300.000,325.000,-1,975.000,650.000,-1,650.000,725.000,-1,-1,2,0,2,0,2,0,0,0,0,2,0,0,2,0,0,2,2
137,-3981.917,-7033.714,-60.193,-124.124,-0.559465,0.826565,-0.061560,-0.828368,-0.560135,0.007400,-0.028365,0.055134,0.998076,0,0.35054,-0.64550,21.033,-1.291,-1,375.000,-1,400.000,-1,300.000,325.000,300.000,325.000,-1,-1,725.000,-1,650.000,725.000,-1,-1,2,0,2,0,2,0,0,0,0,2,2,0,2,0,0,2,2
