timestep,x_cm,y_cm,z_cm,yaw_deg,basis_xx,basis_xy,basis_xz,basis_yx,basis_yy,basis_yz,basis_zx,basis_zy,basis_zz,teleport_flag,throttle_cmd,steering_cmd,cmd_move_cm,cmd_turn_deg,lidar_cm_0,lidar_cm_1,lidar_cm_2,lidar_cm_3,lidar_cm_4,lidar_cm_5,lidar_cm_6,lidar_cm_7,lidar_cm_8,lidar_cm_9,lidar_cm_10,lidar_cm_11,lidar_cm_12,lidar_cm_13,lidar_cm_14,lidar_cm_15,lidar_cm_16,lidar_class_0,lidar_class_1,lidar_class_2,lidar_class_3,lidar_class_4,lidar_class_5,lidar_class_6,lidar_class_7,lidar_class_8,lidar_class_9,lidar_class_10,lidar_class_11,lidar_class_12,lidar_class_13,lidar_class_14,lidar_class_15,lidar_class_16
0,-6889.045,-7538.750,-253.960,111.373,-0.362806,-0.930960,-0.041050,0.930444,-0.364333,0.039199,-0.051449,-0.023973,0.998388,1,0.08000,-0.11791,4.800,-0.236,-1,400.000,-1,375.000,-1,325.000,325.000,300.000,300.000,-1,725.000,900.000,-1,725.000,650.000,-1,-1,2,0,2,0,2,0,0,0,0,2,0,0,2,0,0,2,2
1,-6892.507,-7529.796,-254.434,111.137,-0.358972,-0.932445,-0.041050,0.931948,-0.360495,0.038933,-0.051101,-0.024281,0.998398,0,0.16000,-0.11791,9.600,-0.236,-1,400.000,-1,375.000,-1,325.000,325.000,300.000,300.000,-1,700.000,900.000,-1,725.000,650.000,-1,-1,2,0,2,0,2,0,0,0,0,2,0,0,2,0,0,2,2
2,-6897.644,-7516.343,-255.151,110.901,-0.355136,-0.933913,-0.041061,0.933443,-0.356651,0.038526,-0.050624,-0.024647,0.998414,0,0.24000,-0.11791,14.400,-0.236,-1,400.000,-1,375.000,-1,325.000,325.000,300.000,300.000,-1,700.000,875.000,-1,725.000,650.000,-1,-1,2,0,2,0,2,0,0,0,0,2,0,0,2,0,0,2,2
3,-6904.420,-7498.379,-256.111,110.665,-0.351296,-0.935363,-0.041086,0.934928,-0.352800,0.037973,-0.050014,-0.025072,0.998434,0,0.32000,-0.11791,19.200,-0.236,-1,400.000,-1,375.000,-1,325.000,325.000,300.000,300.000,-1,700.000,850.000,-1,725.000,650.000,-1,-1,2,0,2,0,2,0,0,0,0,2,0,0,2,0,0,2,2
4,-6912.798,-7475.889,-257.317,110.430,-0.347453,-0.936795,-0.041126,0.936403,-0.348943,0.037268,-0.049263,-0.025561,0.998459,0,0.40000,-0.11791,24.000,-0.236,-1,400.000,-1,375.000,-1,325.000,325.000,300.000,300.000,-1,675.000,825.000,-1,725.000,650.000,-1,-1,2,0,2,0,2,0,0,0,0,2,0,0,2,0,0,2,2
5,-6922.739,-7448.859,-258.771,110.194,-0.343607,-0.938210,-0.041184,0.937867,-0.345079,0.036404,-0.048367,-0.026117,0.998488,0,0.48000,-0.11791,28.800,-0.236,-1,400.000,-1,375.000,-1,325.000,325.000,300.000,300.000,-1,675.000,825.000,-1,725.000,650.000,-1,-1,2,0,2,0,2,0,0,0,0,2,0,0,2,0,0,2,2
6,-6934.208,-7417.277,-260.478,109.958,-0.339759,-0.939607,-0.041265,0.939322,-0.341209,0.035373,-0.047317,-0.026743,0.998522,0,0.56000,-0.11791,33.600,-0.236,-1,400.000,-1,375.000,-1,325.000,300.000,300.000,300.000,-1,675.000,800.000,-1,700.000,650.000,-1,-1,2,0,2,0,2,0,0,0,0,2,0,0,2,0,0,2,2
7,-6947.167,-7381.130,-262.440,109.722,-0.335909,-0.940985,-0.041371,0.940765,-0.337333,0.034165,-0.046105,-0.027444,0.998560,0,0.64000,-0.11791,38.400,-0.236,-1,400.000,-1,375.000,-1,325.000,300.000,325.000,300.000,-1,650.000,775.000,-1,700.000,650.000,-1,-1,2,0,2,0,2,0,0,0,0,2,0,0,2,0,0,2,2
8,-6961.578,-7340.405,-264.663,109.487,-0.332061,-0.942344,-0.041505,0.942197,-0.333453,0.032772,-0.044722,-0.028224,0.998601,0,0.72000,-0.11782,43.200,-0.236,-1,375.000,-1,375.000,-1,325.000,300.000,300.000,300.000,-1,650.000,750.000,-1,700.000,650.000,-1,-1,2,0,2,0,2,0,0,0,0,2,0,0,2,0,0,2,2
9,-6977.407,-7295.090,-266.999,109.254,-0.328220,-0.943651,-0.042351,0.943594,-0.329610,0.031419,-0.043608,-0.029650,0.998609,0,0.80000,-0.11632,48.000,-0.233,-1,375.000,-1,375.000,-1,300.000,300.000,300.000,300.000,-1,650.000,775.000,-1,700.000,650.000,-1,-1,2,0,2,0,2,0,0,0,0,2,0,0,2,0,0,2,2
10,-6994.620,-7245.174,-269.260,109.025,-0.324399,-0.944880,-0.044362,0.944985,-0.325806,0.029205,-0.042049,-0.032448,0.998589,0,0.88000,-0.11454,52.800,-0.229,-1,375.000,-1,375.000,-1,300.000,300.000,300.000,300.000,-1,650.000,775.000,-1,675.000,650.000,-1,-1,2,0,2,0,2,0,0,0,0,2,0,0,2,0,0,2,2
11,-7011.973,-7194.204,-271.421,108.800,-0.320646,-0.946038,-0.046889,0.946356,-0.322056,0.026284,-0.039967,-0.035945,0.998554,0,0.89738,-0.11245,53.843,-0.225,-1,375.000,-1,375.000,-1,300.000,300.000,300.000,300.000,-1,575.000,750.000,-1,675.000,650.000,-1,-1,2,0,2,0,2,0,0,0,0,2,0,0,2,0,0,2,2
12,-7029.252,-7142.806,-273.539,108.580,-0.316973,-0.947153,-0.049280,0.947668,-0.318377,0.023673,-0.038111,-0.039198,0.998504,0,0.90376,-0.11015,54.226,-0.220,-1,375.000,-1,375.000,-1,300.000,300.000,300.000,300.000,-1,525.000,675.000,-1,675.000,650.000,-1,-1,2,0,2,0,2,0,0,0,0,2,0,0,2,0,0,2,2
13,-7046.457,-7090.981,-275.212,108.364,-0.313435,-0.948289,-0.050057,0.948905,-0.314797,0.021948,-0.036571,-0.040620,0.998505,0,0.91010,-0.10768,54.606,-0.215,-1,375.000,-1,375.000,-1,300.000,300.000,300.000,325.000,-1,525.000,675.000,-1,675.000,650.000,-1,-1,2,0,2,0,2,0,0,0,0,2,0,0,2,0,0,2,2
14,-7063.588,-7038.734,-276.589,108.154,-0.310077,-0.949429,-0.049356,0.950104,-0.311317,0.019607,-0.033981,-0.040813,0.998589,0,0.91640,-0.10501,54.984,-0.210,-1,375.000,-1,375.000,-1,300.000,300.000,300.000,325.000,-1,525.000,650.000,-1,675.000,650.000,-1,-1,2,0,2,0,2,0,0,0,0,2,0,0,2,1,0,2,2
15,-7080.649,-6986.070,-277.973,107.950,-0.306812,-0.950525,-0.048673,0.951254,-0.307928,0.017195,-0.031332,-0.041024,0.998667,0,0.92264,-0.10213,55.359,-0.204,-1,375.000,-1,375.000,-1,300.000,300.000,300.000,325.000,-1,525.000,625.000,-1,700.000,650.000,-1,-1,2,0,2,0,2,0,0,0,0,2,0,0,2,1,0,2,2
16,-7097.640,-6932.994,-279.364,107.752,-0.303646,-0.951575,-0.048008,0.952355,-0.304637,0.014711,-0.028624,-0.041254,0.998739,0,0.92882,-0.09903,55.729,-0.198,-1,375.000,-1,375.000,-1,300.000,300.000,300.000,300.000,-1,500.000,600.000,-1,800.000,650.000,-1,-1,2,0,2,0,2,0,0,0,0,2,0,0,2,1,0,2,2
17,-7114.564,-6879.514,-280.763,107.561,-0.300589,-0.952577,-0.047363,0.953403,-0.301454,0.012157,-0.025858,-0.041502,0.998804,0,0.93491,-0.09569,56.095,-0.191,-1,375.000,-1,375.000,-1,300.000,300.000,300.000,300.000,-1,500.000,575.000,-1,-1,625.000,-1,-1,2,0,2,0,2,0,0,0,0,2,0,0,2,2,0,2,2
18,-7131.424,-6825.636,-282.169,107.376,-0.297649,-0.953531,-0.046736,0.954398,-0.298386,0.009532,-0.023035,-0.041767,0.998862,0,0.94090,-0.09210,56.454,-0.184,-1,375.000,-1,375.000,-1,300.000,300.000,325.000,300.000,-1,500.000,575.000,-1,-1,625.000,-1,-1,2,0,2,0,2,0,0,0,0,2,0,0,2,2,0,2,2
19,-7148.222,-6771.371,-283.582,107.200,-0.294836,-0.954434,-0.046127,0.955335,-0.295445,0.006839,-0.020155,-0.042050,0.998912,0,0.94677,-0.08824,56.806,-0.176,-1,375.000,-1,375.000,-1,325.000,300.000,325.000,300.000,-1,500.000,550.000,-1,-1,625.000,-1,-1,2,0,2,0,2,0,0,0,0,2,0,0,2,2,0,2,2
20,-7163.462,-6721.647,-284.875,107.040,-0.292284,-0.955244,-0.045589,0.956172,-0.292774,0.004327,-0.017480,-0.042326,0.998951,0,0.86677,-0.08002,52.006,-0.160,-1,375.000,-1,375.000,-1,300.000,300.000,325.000,300.000,-1,450.000,525.000,-1,-1,625.000,-1,-1,2,0,2,0,2,0,0,0,0,2,0,0,2,2,0,2,2
21,-7177.175,-6676.477,-286.047,106.888,-0.289855,-0.956006,-0.045117,0.956953,-0.290237,0.002009,-0.015015,-0.042593,0.998980,0,0.78677,-0.07595,47.206,-0.152,-1,375.000,-1,350.000,-1,300.000,300.000,300.000,300.000,-1,400.000,450.000,-1,-1,625.000,-1,-1,2,1,2,0,2,0,0,0,0,2,0,0,2,2,0,2,2
22,-7189.392,-6635.868,-286.982,106.744,-0.287526,-0.956705,-0.045213,0.957683,-0.287825,0.000098,-0.013107,-0.043271,0.998977,0,0.70677,-0.07201,42.406,-0.144,-1,375.000,-1,350.000,-1,300.000,300.000,300.000,300.000,-1,375.000,425.000,-1,-1,625.000,-1,-1,2,1,2,0,2,0,0,0,0,2,0,0,2,2,0,2,2
23,-7200.141,-6599.831,-287.499,106.607,-0.285304,-0.957323,-0.046197,0.958369,-0.285526,-0.001857,-0.011413,-0.044804,0.998931,0,0.62677,-0.06824,37.606,-0.136,-1,375.000,-1,350.000,-1,300.000,300.000,300.000,300.000,-1,375.000,425.000,-1,-1,625.000,-1,-1,2,1,2,0,2,0,0,0,0,2,0,0,2,2,0,2,2
24,-7209.447,-6568.372,-287.759,106.478,-0.283214,-0.957877,-0.047559,0.959011,-0.283336,-0.004290,-0.009366,-0.046825,0.998859,0,0.54677,-0.06472,32.806,-0.129,-1,375.000,-1,350.000,-1,300.000,300.000,300.000,300.000,-1,350.000,400.000,-1,-1,650.000,-1,-1,2,1,2,0,2,0,0,0,0,2,0,0,2,2,0,2,2
25,-7217.335,-6541.500,-287.982,106.355,-0.281226,-0.958403,-0.048733,0.959611,-0.281257,-0.006378,-0.007594,-0.048558,0.998791,0,0.46677,-0.06148,28.006,-0.123,-1,400.000,-1,350.000,-1,300.000,300.000,300.000,325.000,-1,350.000,400.000,-1,-1,650.000,-1,-1,2,1,2,0,2,0,0,0,0,2,0,0,2,2,0,2,2
26,-7223.824,-6519.219,-288.168,106.238,-0.279328,-0.958908,-0.049712,0.960176,-0.279276,-0.008115,-0.006102,-0.049999,0.998731,0,0.38677,-0.05858,23.206,-0.117,-1,400.000,-1,375.000,-1,300.000,300.000,300.000,325.000,-1,325.000,400.000,-1,-1,650.000,-1,-1,2,1,2,0,2,0,0,0,0,2,0,0,2,2,0,2,2
27,-7228.937,-6501.537,-288.285,106.126,-0.277498,-0.959403,-0.050410,0.960713,-0.277385,-0.009363,-0.005000,-0.051028,0.998685,0,0.30677,-0.05606,18.406,-0.112,-1,400.000,-1,375.000,-1,300.000,300.000,300.000,325.000,-1,325.000,400.000,-1,-1,650.000,-1,-1,2,1,2,0,2,0,0,0,0,2,0,0,2,2,0,2,2
28,-7232.692,-6488.459,-288.270,106.018,-0.275712,-0.959906,-0.050633,0.961230,-0.275572,-0.009857,-0.004491,-0.051388,0.998669,0,0.22677,-0.05397,13.606,-0.108,-1,425.000,-1,375.000,-1,300.000,300.000,300.000,325.000,-1,350.000,400.000,-1,-1,650.000,-1,-1,2,1,2,0,2,0,0,0,0,2,0,0,2,2,0,2,2
29,-7235.107,-6479.990,-288.261,105.913,-0.273972,-0.960396,-0.050783,0.961729,-0.273815,-0.010170,-0.004138,-0.051625,0.998658,0,0.14677,-0.05234,8.806,-0.105,-1,425.000,-1,375.000,-1,300.000,300.000,300.000,325.000,-1,350.000,400.000,-1,-1,650.000,-1,-1,2,1,2,0,2,0,0,0,0,2,0,0,2,2,0,2,2
30,-7236.198,-6476.135,-288.259,105.811,-0.272263,-0.960878,-0.050856,0.962215,-0.272096,-0.010303,-0.003938,-0.051740,0.998653,0,0.06677,-0.05120,4.006,-0.102,-1,425.000,-1,375.000,-1,300.000,300.000,300.000,325.000,-1,350.000,400.000,-1,-1,650.000,-1,-1,2,1,2,0,2,0,0,0,0,2,0,0,2,2,0,2,2
31,-7235.983,-6476.899,-288.264,105.710,-0.270566,-0.961357,-0.050852,0.962693,-0.270400,-0.010256,-0.003891,-0.051730,0.998654,0,-0.01323,-0.05056,-0.794,-0.101,-1,425.000,-1,375.000,-1,300.000,300.000,300.000,325.000,-1,350.000,400.000,-1,-1,650.000,-1,-1,2,1,2,0,2,0,0,0,0,2,0,0,2,2,0,2,2
32,-7235.664,-6478.041,-288.271,105.609,-0.268873,-0.961833,-0.050841,0.963168,-0.268707,-0.010194,-0.003857,-0.051710,0.998655,0,-0.01976,-0.05044,-1.185,-0.101,-1,425.000,-1,375.000,-1,300.000,300.000,300.000,325.000,-1,350.000,400.000,-1,-1,650.000,-1,-1,2,1,2,0,2,0,0,0,0,2,0,0,2,2,0,2,2
33,-7235.344,-6479.194,-288.277,105.508,-0.267181,-0.962305,-0.050830,0.963639,-0.267016,-0.010131,-0.003823,-0.051689,0.998656,0,-0.01995,-0.05036,-1.197,-0.101,-1,400.000,-1,375.000,-1,300.000,300.000,300.000,325.000,-1,350.000,400.000,-1,-1,650.000,-1,-1,2,1,2,0,2,0,0,0,0,2,0,0,2,2,0,2,2
34,-7235.023,-6480.359,-288.284,105.407,-0.265491,-0.962773,-0.050819,0.964106,-0.265327,-0.010069,-0.003790,-0.051668,0.998657,0,-0.02014,-0.05029,-1.208,-0.101,-1,400.000,-1,375.000,-1,300.000,300.000,300.000,325.000,-1,350.000,400.000,-1,-1,650.000,-1,-1,2,1,2,0,2,0,0,0,0,2,0,0,2,2,0,2,2
35,-7234.701,-6481.536,-288.290,105.307,-0.263802,-0.963238,-0.050807,0.964569,-0.263639,-0.010006,-0.003757,-0.051646,0.998658,0,-0.02033,-0.05021,-1.220,-0.100,-1,400.000,-1,375.000,-1,300.000,300.000,300.000,325.000,-1,350.000,400.000,-1,-1,650.000,-1,-1,2,1,2,0,2,0,0,0,0,2,0,0,2,2,0,2,2
36,-7234.378,-6482.724,-288.297,105.207,-0.262115,-0.963699,-0.050794,0.965029,-0.261953,-0.009942,-0.003724,-0.051624,0.998660,0,-0.02052,-0.05014,-1.231,-0.100,-1,400.000,-1,375.000,-1,300.000,300.000,300.000,325.000,-1,350.000,400.000,-1,-1,650.000,-1,-1,2,1,2,0,2,0,0,0,0,2,0,0,2,2,0,2,2
37,-7234.054,-6483.924,-288.304,105.107,-0.260430,-0.964156,-0.050781,0.965486,-0.260269,-0.009878,-0.003692,-0.051601,0.998661,0,-0.02072,-0.05007,-1.243,-0.100,-1,400.000,-1,375.000,-1,300.000,300.000,300.000,325.000,-1,350.000,400.000,-1,-1,650.000,-1,-1,2,1,2,0,2,0,0,0,0,2,0,0,2,2,0,2,2
38,-7233.729,-6485.136,-288.311,105.007,-0.258746,-0.964610,-0.050768,0.965938,-0.258586,-0.009814,-0.003661,-0.051578,0.998662,0,-0.02091,-0.05000,-1.255,-0.100,-1,400.000,-1,375.000,-1,300.000,300.000,300.000,325.000,-1,350.000,400.000,-1,-1,650.000,-1,-1,2,1,2,0,2,0,0,0,0,2,0,0,2,2,0,2,2
39,-7233.404,-6486.360,-288.318,104.907,-0.257063,-0.965061,-0.050754,0.966388,-0.256904,-0.009750,-0.003630,-0.051555,0.998664,0,-0.02111,-0.04994,-1.266,-0.100,-1,400.000,-1,375.000,-1,300.000,300.000,300.000,325.000,-1,350.000,400.000,-1,-1,650.000,-1,-1,2,1,2,0,2,0,0,0,0,2,0,0,2,2,0,2,2
40,-7233.077,-6487.595,-288.326,104.807,-0.255382,-0.965508,-0.050740,0.966833,-0.255224,-0.009685,-0.003599,-0.051531,0.998665,0,-0.02130,-0.04987,-1.278,-0.100,-1,400.000,-1,375.000,-1,300.000,300.000,300.000,325.000,-1,350.000,400.000,-1,-1,650.000,-1,-1,2,1,2,0,2,0,0,0,0,2,0,0,2,2,0,2,2
41,-7232.749,-6488.843,-288.333,104.707,-0.253703,-0.965951,-0.050725,0.967276,-0.253545,-0.009620,-0.003569,-0.051506,0.998666,0,-0.02150,-0.04981,-1.290,-0.100,-1,400.000,-1,375.000,-1,300.000,300.000,300.000,325.000,-1,350.000,400.000,-1,-1,650.000,-1,-1,2,1,2,0,2,0,0,0,0,2,0,0,2,2,0,2,2
42,-7232.421,-6490.102,-288.341,104.608,-0.252024,-0.966391,-0.050710,0.967715,-0.251868,-0.009554,-0.003539,-0.051481,0.998668,0,-0.02169,-0.04975,-1.302,-0.099,-1,400.000,-1,375.000,-1,300.000,300.000,300.000,325.000,-1,350.000,400.000,-1,-1,650.000,-1,-1,2,1,2,0,2,0,0,0,0,2,0,0,2,2,0,2,2
43,-7232.092,-6491.374,-288.349,104.508,-0.250347,-0.966828,-0.050694,0.968150,-0.250191,-0.009488,-0.003510,-0.051455,0.998669,0,-0.02189,-0.04969,-1.313,-0.099,-1,400.000,-1,375.000,-1,300.000,300.000,300.000,325.000,-1,325.000,400.000,-1,-1,650.000,-1,-1,2,1,2,0,2,0,0,0,0,2,0,0,2,2,0,2,2
44,-7232.963,-6487.998,-288.341,104.461,-0.249554,-0.967030,-0.050758,0.968355,-0.249392,-0.009609,-0.003367,-0.051550,0.998665,0,0.05811,-0.02365,3.487,-0.047,-1,400.000,-1,375.000,-1,300.000,300.000,300.000,325.000,-1,350.000,400.000,-1,-1,650.000,-1,-1,2,1,2,0,2,0,0,0,0,2,0,0,2,2,0,2,2
45,-7235.026,-6479.972,-288.321,104.415,-0.248785,-0.967220,-0.050906,0.968554,-0.248606,-0.009906,-0.003074,-0.051770,0.998654,0,0.13811,-0.02318,8.287,-0.046,-1,400.000,-1,375.000,-1,300.000,300.000,300.000,325.000,-1,350.000,400.000,-1,-1,650.000,-1,-1,2,1,2,0,2,0,0,0,0,2,0,0,2,2,0,2,2
46,-7238.274,-6467.295,-288.260,104.370,-0.248061,-0.967400,-0.051014,0.968741,-0.247855,-0.010438,-0.002547,-0.052008,0.998643,0,0.21811,-0.02218,13.087,-0.044,-1,400.000,-1,375.000,-1,300.000,300.000,300.000,325.000,-1,350.000,400.000,-1,-1,650.000,-1,-1,2,1,2,0,2,0,0,0,0,2,0,0,2,2,0,2,2
47,-7242.701,-6449.965,-288.194,104.329,-0.247395,-0.967558,-0.051255,0.968913,-0.247152,-0.011125,-0.001904,-0.052414,0.998624,0,0.29811,-0.02063,17.887,-0.041,-1,400.000,-1,375.000,-1,300.000,300.000,300.000,325.000,-1,350.000,400.000,-1,-1,650.000,-1,-1,2,1,2,0,2,0,0,0,0,2,0,0,2,2,0,2,2
48,-7248.302,-6427.980,-288.148,104.292,-0.246803,-0.967683,-0.051750,0.969065,-0.246518,-0.011914,-0.001228,-0.053090,0.998589,0,0.37811,-0.01852,22.687,-0.037,-1,425.000,-1,375.000,-1,300.000,300.000,300.000,325.000,-1,375.000,425.000,-1,-1,650.000,-1,-1,2,1,2,0,2,0,0,0,0,2,0,0,2,2,0,2,2
49,-7255.073,-6401.341,-288.147,104.261,-0.246300,-0.967764,-0.052632,0.969194,-0.245970,-0.012746,-0.000611,-0.054150,0.998533,0,0.45811,-0.01580,27.487,-0.032,-1,450.000,-1,350.000,-1,300.000,300.000,300.000,325.000,-1,375.000,450.000,-1,-1,650.000,-1,-1,2,1,2,0,2,0,0,0,0,2,0,0,2,2,0,2,2
50,-7263.014,-6370.046,-288.225,104.236,-0.245903,-0.967786,-0.054065,0.969295,-0.245529,-0.013548,-0.000163,-0.055736,0.998446,0,0.53811,-0.01243,32.287,-0.025,-1,475.000,-1,350.000,-1,300.000,300.000,300.000,325.000,-1,400.000,475.000,-1,-1,650.000,-1,-1,2,1,2,0,2,0,0,0,0,2,0,0,2,2,0,2,2
51,-7272.125,-6334.096,-288.421,104.219,-0.245628,-0.967731,-0.056239,0.969364,-0.245216,-0.014233,-0.000017,-0.058012,0.998316,0,0.61811,-0.00834,37.087,-0.017,-1,550.000,-1,350.000,-1,300.000,300.000,275.000,325.000,-1,425.000,500.000,-1,-1,650.000,-1,-1,2,1,2,0,2,0,0,0,0,2,0,0,2,2,0,2,2
52,-7282.411,-6293.492,-288.779,104.212,-0.245493,-0.967578,-0.059377,0.969398,-0.245052,-0.014703,-0.000324,-0.061170,0.998127,0,0.69811,-0.00347,41.887,-0.007,-1,625.000,-1,350.000,-1,300.000,300.000,275.000,325.000,-1,475.000,550.000,-1,-1,650.000,-1,-1,2,1,2,0,2,0,0,0,0,2,0,0,2,2,0,2,2
53,-7293.880,-6248.236,-289.351,104.217,-0.245510,-0.967297,-0.063731,0.969393,-0.245063,-0.014847,-0.001256,-0.065426,0.997857,0,0.77811,0.00230,46.687,0.005,-1,675.000,-1,350.000,-1,275.000,275.000,275.000,325.000,-1,500.000,600.000,-1,-1,625.000,-1,-1,2,1,2,0,2,0,0,0,0,2,0,0,2,2,0,2,2
54,-7306.545,-6198.331,-290.195,104.235,-0.245688,-0.966848,-0.069587,0.969344,-0.245275,-0.014543,-0.003007,-0.071027,0.997470,0,0.85811,0.00906,51.487,0.018,-1,725.000,-1,350.000,-1,275.000,275.000,275.000,325.000,-1,575.000,675.000,-1,-1,625.000,-1,-1,2,1,2,0,2,0,0,0,0,2,0,0,2,2,0,2,2
55,-7320.426,-6143.783,-291.377,104.269,-0.246026,-0.966179,-0.077265,0.969246,-0.245715,-0.013656,-0.005791,-0.078249,0.996917,0,0.93811,0.01697,56.287,0.034,-1,775.000,-1,325.000,-1,250.000,275.000,250.000,325.000,-1,650.000,825.000,-1,-1,600.000,-1,-1,2,1,2,0,2,0,0,1,0,2,0,0,2,2,0,2,2
56,-7334.573,-6088.406,-292.858,104.321,-0.246539,-0.965270,-0.086446,0.969086,-0.246424,-0.012167,-0.009558,-0.086773,0.996182,0,0.95259,0.02620,57.156,0.052,-1,800.000,-1,325.000,-1,250.000,250.000,250.000,350.000,-1,775.000,1000.000,-1,-1,575.000,-1,-1,2,1,2,0,2,1,0,1,0,2,0,0,2,2,0,2,2
57,-7349.724,-6030.350,-294.792,104.614,-0.250860,-0.963057,-0.097927,0.967909,-0.251101,-0.010054,-0.014907,-0.097307,0.995143,0,1.00000,0.14620,60.000,0.292,-1,825.000,-1,300.000,-1,250.000,250.000,275.000,350.000,-1,1000.000,-1,-1,-1,550.000,-1,-1,2,1,2,0,2,1,0,1,0,2,0,2,2,2,0,2,2
58,-7365.419,-5972.440,-297.038,105.146,-0.258842,-0.959393,-0.112095,0.965665,-0.259690,-0.007220,-0.022183,-0.110115,0.993671,0,1.00000,0.26620,60.000,0.532,-1,850.000,-1,300.000,-1,250.000,225.000,275.000,350.000,-1,-1,-1,-1,-1,525.000,-1,-1,2,1,2,0,2,1,0,1,0,2,2,2,2,2,0,2,2
59,-7381.903,-5914.749,-299.285,105.918,-0.270141,-0.953936,-0.130499,0.962273,-0.272067,-0.003179,-0.032472,-0.126435,0.991443,0,1.00000,0.38620,60.000,0.772,-1,825.000,-1,275.000,-1,250.000,225.000,300.000,375.000,-1,-1,-1,-1,-1,500.000,-1,-1,2,1,2,0,2,1,0,1,0,2,2,2,2,2,0,2,2
60,-7399.411,-5857.361,-302.087,106.931,-0.284674,-0.946554,-0.151646,0.957588,-0.288141,0.000923,-0.044569,-0.144952,0.988434,0,1.00000,0.50620,60.000,1.012,-1,800.000,-1,250.000,-1,275.000,200.000,300.000,400.000,950.000,-1,-1,-1,-1,450.000,-1,750.000,2,1,2,0,2,1,0,1,0,0,2,2,2,2,0,2,0
61,-7418.180,-5800.374,-305.375,108.183,-0.302098,-0.936999,-0.175415,0.951447,-0.307765,0.005388,-0.059035,-0.165270,0.984480,0,1.00000,0.62620,60.000,1.252,-1,775.000,-1,225.000,-1,275.000,175.000,300.000,425.000,850.000,-1,-1,-1,-1,400.000,-1,550.000,2,1,2,0,2,1,0,1,0,0,2,2,2,2,0,2,0
62,-7438.424,-5743.895,-307.936,109.676,-0.323595,-0.925853,-0.195147,0.943591,-0.331059,0.005998,-0.070158,-0.182198,0.980756,0,1.00000,0.74620,60.000,1.492,-1,775.000,-1,225.000,-1,300.000,175.000,300.000,450.000,700.000,0.000,-1,-1,-1,375.000,-1,450.000,2,1,2,0,2,1,0,1,0,0,0,2,2,2,0,2,0
63,477.384,-5458.503,33.319,92.017,-0.033735,-0.999020,0.028666,0.998044,-0.035185,-0.051672,0.052630,0.026867,0.998253,1,0.00000,0.00000,60.000,1.732,-1,400.000,-1,500.000,-1,300.000,350.000,275.000,300.000,-1,300.000,200.000,-1,-1,-1,-1,-1,2,1,2,1,2,1,1,1,0,2,0,0,2,2,2,2,2
64,477.195,-5453.707,33.495,92.257,-0.037893,-0.998862,0.028947,0.997857,-0.039369,-0.052261,0.053341,0.026905,0.998214,0,0.08000,0.12000,4.800,0.240,-1,400.000,-1,525.000,-1,300.000,350.000,275.000,300.000,-1,300.000,200.000,-1,-1,-1,-1,-1,2,1,2,1,2,1,1,1,0,2,0,0,2,2,2,2,2
65,476.736,-5444.118,33.849,92.737,-0.046206,-0.998496,0.029504,0.997429,-0.047736,-0.053445,0.054773,0.026959,0.998135,0,0.16000,0.24000,9.600,0.480,-1,425.000,-1,525.000,-1,300.000,350.000,275.000,300.000,-1,300.000,200.000,-1,-1,-1,-1,-1,2,1,2,1,2,1,1,1,0,2,0,0,2,2,2,2,2
66,-2295.762,4263.559,-21.329,-48.046,0.668577,0.743629,-0.004631,-0.743359,0.668480,0.023485,0.020559,-0.012259,0.999713,1,0.00000,0.00000,14.400,0.720,-1,400.000,-1,400.000,-1,325.000,325.000,300.000,300.000,-1,-1,-1,-1,875.000,-1,-1,-1,2,0,2,0,2,0,0,0,0,2,2,2,2,0,2,2,2
67,-2292.538,4260.003,-21.241,-47.806,0.671686,0.740821,-0.004628,-0.740552,0.671589,0.023486,0.020507,-0.012348,0.999713,0,0.08000,0.12000,4.800,0.240,-1,400.000,-1,400.000,-1,325.000,325.000,300.000,300.000,-1,-1,-1,-1,900.000,-1,-1,-1,2,0,2,0,2,0,0,0,0,2,2,2,2,0,2,2,2
68,-2286.035,4252.941,-21.065,-47.356,0.677489,0.735518,-0.004623,-0.735249,0.677390,0.023485,0.020405,-0.012512,0.999714,0,0.16000,0.22519,9.600,0.450,-1,400.000,-1,400.000,-1,325.000,325.000,300.000,300.000,-1,-1,-1,-1,900.000,-1,-1,-1,2,0,2,0,2,0,0,0,0,2,2,2,2,0,2,2,2
69,-2276.197,4242.425,-20.795,-46.910,0.683194,0.730222,-0.004613,-0.729955,0.683092,0.023481,0.020297,-0.012675,0.999714,0,0.24000,0.22297,14.400,0.446,-1,400.000,-1,400.000,-1,325.000,325.000,300.000,300.000,-1,-1,-1,-1,900.000,-1,-1,-1,2,0,2,0,2,0,0,0,0,2,2,2,2,0,2,2,2
70,-2262.974,4228.505,-20.444,-46.470,0.688785,0.724951,-0.004591,-0.724684,0.688680,0.023520,0.020213,-0.012873,0.999713,0,0.32000,0.22008,19.200,0.440,-1,400.000,-1,-1,-1,325.000,325.000,300.000,300.000,-1,-1,-1,-1,900.000,-1,-1,-1,2,0,2,2,2,0,0,0,0,2,2,2,2,0,2,2,2
71,-2246.313,4211.230,-20.013,-46.037,0.694245,0.719725,-0.004561,-0.719457,0.694136,0.023584,0.020139,-0.013092,0.999711,0,0.40000,0.21647,24.000,0.433,-1,400.000,-1,-1,-1,325.000,325.000,300.000,300.000,-1,-1,-1,-1,925.000,-1,-1,-1,2,0,2,2,2,0,0,0,0,2,2,2,2,0,2,2,2
72,-2226.167,4190.649,-19.450,-45.613,0.699560,0.714562,-0.004268,-0.714297,0.699442,0.023683,0.019908,-0.013520,0.999710,0,0.48000,0.21211,28.800,0.424,-1,400.000,-1,-1,-1,325.000,325.000,300.000,300.000,-1,-1,-1,-1,925.000,-1,-1,-1,2,0,2,2,2,0,0,0,0,2,2,2,2,0,2,2,2
73,-2202.491,4166.808,-18.775,-45.199,0.704711,0.709485,-0.003780,-0.709225,0.704580,0.023815,0.019560,-0.014102,0.999709,0,0.56000,0.20694,33.600,0.414,-1,400.000,-1,-1,-1,325.000,325.000,300.000,300.000,-1,-1,-1,-1,-1,-1,-1,-1,2,0,2,2,2,0,0,0,0,2,2,2,2,2,2,2,2
74,-2175.242,4139.752,-18.022,-44.797,0.709677,0.704520,-0.003225,-0.704267,0.709531,0.023966,0.019173,-0.014737,0.999708,0,0.64000,0.20090,38.400,0.402,-1,400.000,-1,-1,-1,325.000,325.000,300.000,300.000,-1,-1,-1,-1,-1,-1,-1,-1,2,0,2,2,2,0,0,0,0,2,2,2,2,2,2,2,2
75,-2144.381,4109.521,-17.198,-44.409,0.714438,0.699694,-0.002599,-0.699448,0.714276,0.024135,0.018744,-0.015425,0.999705,0,0.72000,0.19392,43.200,0.388,-1,425.000,-1,-1,-1,325.000,325.000,300.000,300.000,-1,-1,-1,-1,-1,-1,-1,-1,2,0,2,2,2,0,0,0,0,2,2,2,2,2,2,2,2
76,-2109.875,4076.156,-16.309,-44.037,0.718973,0.695035,-0.001898,-0.694798,0.718794,0.024322,0.018269,-0.016168,0.999702,0,0.80000,0.18593,48.000,0.372,-1,425.000,-1,-1,-1,325.000,-1,300.000,300.000,-1,-1,-1,-1,-1,-1,-1,-1,2,0,2,2,2,0,2,0,0,2,2,2,2,2,2,2,2
77,-2071.692,4039.688,-15.365,-43.684,0.723259,0.690576,-0.001118,-0.690349,0.723061,0.024525,0.017745,-0.016966,0.999699,0,0.88000,0.17685,52.800,0.354,-1,425.000,-1,-1,-1,325.000,-1,300.000,300.000,-1,-1,-1,-1,-1,-1,-1,-1,2,0,2,2,2,0,2,0,0,2,2,2,2,2,2,2,2
78,-2029.858,4000.196,-16.332,-43.350,0.727219,0.686406,0.000251,-0.686313,0.727115,0.016681,0.011268,-0.012303,0.999861,0,0.95883,0.16661,57.530,0.333,-1,425.000,-1,-1,-1,325.000,-1,300.000,275.000,-1,-1,-1,-1,-1,-1,-1,-1,2,0,2,2,2,0,2,0,1,2,2,2,2,2,2,2,2
79,-1988.005,3961.113,-23.601,-43.040,0.730948,0.682433,-0.000068,-0.682291,0.730795,-0.020443,-0.013901,0.014989,0.999791,0,0.95440,0.15516,57.264,0.310,-1,350.000,-1,-1,-1,275.000,925.000,325.000,225.000,-1,-1,-1,-1,-1,-1,-1,-1,2,0,2,2,2,0,1,0,1,2,2,2,2,2,2,2,2
80,-1946.188,3922.462,-31.144,-42.753,0.734866,0.678212,0.000005,-0.677045,0.733603,-0.058616,-0.039758,0.043072,0.998281,0,0.94903,0.14342,56.942,0.287,-1,300.000,-1,-1,-1,225.000,800.000,350.000,425.000,-1,-1,-1,-1,-1,-1,-1,-1,2,0,2,2,2,0,1,0,1,2,2,2,2,2,2,2,2
81,-1901.791,3882.096,-39.374,-42.291,0.741390,0.671074,0.000854,-0.667655,0.737739,-0.099890,-0.067664,0.073487,0.994998,0,1.00000,0.23120,60.000,0.462,-1,250.000,-1,-1,-1,225.000,675.000,400.000,475.000,-1,-1,-1,-1,875.000,-1,-1,-1,2,0,2,2,2,1,1,0,1,2,2,2,2,1,2,2,2
82,-1857.077,3842.080,-47.990,-41.848,0.748226,0.663441,0.001897,-0.656461,0.740762,-0.142585,-0.096002,0.105440,0.989781,0,1.00000,0.22126,60.000,0.443,-1,200.000,-1,-1,-1,275.000,575.000,425.000,500.000,-1,-1,-1,-1,750.000,-1,-1,-1,2,1,2,2,2,1,1,0,1,2,2,2,2,1,2,2,2
83,-1812.061,3802.399,-56.852,-41.428,0.755417,0.655236,0.003292,-0.643214,0.742496,-0.187018,-0.124985,0.139159,0.982351,0,1.00000,0.21029,60.000,0.421,-1,225.000,-1,900.000,-1,275.000,475.000,500.000,475.000,-1,-1,0.000,-1,650.000,-1,350.000,-1,2,1,2,1,2,1,1,0,1,2,2,0,2,1,2,0,2
84,-1766.762,3763.039,-66.061,-41.031,0.762954,0.646433,0.005053,-0.627830,0.742815,-0.232498,-0.154048,0.174213,0.972584,0,1.00000,0.19818,60.000,0.396,-1,250.000,-1,775.000,-1,250.000,425.000,600.000,450.000,-1,-1,0.000,0.000,550.000,-1,175.000,-1,2,1,2,1,2,1,1,0,1,2,2,0,0,1,2,0,2
85,-6539.848,8412.006,-15.686,48.221,0.662602,-0.745636,-0.070612,0.743709,0.666172,-0.055778,0.088629,-0.015556,0.995943,1,0.00000,0.00000,60.000,0.370,-1,275.000,-1,325.000,-1,225.000,250.000,400.000,375.000,-1,250.000,225.000,500.000,425.000,525.000,525.000,-1,2,1,2,1,2,1,1,0,1,2,0,1,1,1,1,1,2
86,-2951.692,-6887.282,-87.208,-19.323,0.943379,0.330740,-0.025432,-0.331307,0.943251,-0.022664,0.016493,0.029807,0.999420,1,0.00000,0.00000,4.800,-0.240,-1,400.000,-1,400.000,-1,325.000,325.000,300.000,300.000,-1,-1,-1,-1,750.000,750.000,-1,-1,2,0,2,0,2,0,0,0,0,2,2,2,2,0,0,2,2
87,-2947.169,-6888.889,-87.115,-19.563,0.941987,0.334687,-0.025378,-0.335253,0.941854,-0.022747,0.016290,0.029935,0.999419,0,0.08000,-0.12000,4.800,-0.240,-1,400.000,-1,400.000,-1,325.000,325.000,300.000,300.000,-1,-1,-1,-1,750.000,750.000,-1,-1,2,0,2,0,2,0,0,0,0,2,2,2,2,0,0,2,2
88,-2938.141,-6892.151,-86.932,-19.865,0.940213,0.339649,-0.025278,-0.340213,0.940070,-0.022893,0.015988,0.030125,0.999418,0,0.16000,-0.15111,9.600,-0.302,-1,400.000,-1,400.000,-1,325.000,325.000,300.000,300.000,-1,-1,-1,-1,725.000,750.000,-1,-1,2,0,2,0,2,0,0,0,0,2,2,2,2,0,0,2,2
89,-2924.623,-6897.116,-86.661,-20.167,0.938413,0.344600,-0.025138,-0.345162,0.938259,-0.023097,0.015627,0.030351,0.999417,0,0.24000,-0.15111,14.400,-0.302,-1,400.000,-1,400.000,-1,325.000,325.000,300.000,300.000,-1,-1,-1,-1,725.000,750.000,-1,-1,2,0,2,0,2,0,0,0,0,2,2,2,2,0,0,2,2
90,-2906.636,-6903.830,-86.305,-20.469,0.936588,0.349541,-0.024965,-0.350101,0.936421,-0.023355,0.015214,0.030614,0.999415,0,0.32000,-0.15111,19.200,-0.302,-1,400.000,-1,400.000,-1,325.000,325.000,300.000,300.000,-1,-1,-1,-1,725.000,725.000,-1,-1,2,0,2,0,2,0,0,0,0,2,2,2,2,0,0,2,2
91,-2884.196,-6912.341,-85.865,-20.772,0.934738,0.354473,-0.024766,-0.355030,0.934555,-0.023665,0.014757,0.030913,0.999413,0,0.40000,-0.15111,24.000,-0.302,-1,400.000,-1,400.000,-1,325.000,325.000,300.000,300.000,-1,-1,-1,-1,725.000,725.000,-1,-1,2,0,2,0,2,0,0,0,0,2,2,2,2,0,0,2,2
92,-2857.322,-6922.697,-85.343,-21.074,0.932863,0.359393,-0.024553,-0.359948,0.932663,-0.024022,0.014266,0.031247,0.999410,0,0.48000,-0.15111,28.800,-0.302,-1,375.000,-1,400.000,-1,325.000,325.000,300.000,300.000,-1,-1,-1,-1,725.000,725.000,-1,-1,2,0,2,0,2,0,0,0,0,2,2,2,2,0,0,2,2
93,-2826.033,-6934.943,-84.742,-21.376,0.930962,0.364304,-0.024339,-0.364856,0.930743,-0.024420,0.013757,0.031614,0.999405,0,0.56000,-0.15111,33.600,-0.302,-1,375.000,-1,400.000,-1,325.000,325.000,300.000,300.000,-1,-1,-1,-1,725.000,725.000,-1,-1,2,0,2,0,2,0,0,0,0,2,2,2,2,0,0,2,2
94,-2790.349,-6949.128,-84.065,-21.678,0.929035,0.369203,-0.024138,-0.369754,0.928797,-0.024852,0.013244,0.032013,0.999400,0,0.64000,-0.15111,38.400,-0.302,-1,375.000,-1,375.000,-1,325.000,325.000,300.000,300.000,-1,-1,-1,-1,725.000,725.000,-1,-1,2,0,2,0,2,0,0,0,0,2,2,2,2,0,0,2,2
95,-2750.289,-6965.297,-83.336,-21.980,0.927081,0.374093,-0.023999,-0.374643,0.926827,-0.025200,0.012816,0.032354,0.999394,0,0.72000,-0.15111,43.200,-0.302,-1,375.000,-1,375.000,-1,325.000,325.000,300.000,300.000,-1,-1,-1,-1,725.000,725.000,-1,-1,2,0,2,0,2,0,0,0,0,2,2,2,2,0,0,2,2
96,-2705.873,-6983.498,-82.686,-22.283,0.925091,0.378979,-0.024126,-0.379527,0.924848,-0.024824,0.012905,0.032121,0.999401,0,0.80000,-0.15111,48.000,-0.302,-1,375.000,-1,375.000,-1,325.000,325.000,300.000,300.000,-1,-1,-1,-1,725.000,725.000,-1,-1,2,0,2,0,2,0,0,0,0,2,2,2,2,0,0,2,2
97,-2657.122,-7003.775,-81.841,-22.585,0.923060,0.383848,-0.024926,-0.384420,0.922826,-0.024757,0.013500,0.032435,0.999383,0,0.88000,-0.15111,52.800,-0.302,-1,375.000,-1,375.000,-1,325.000,325.000,325.000,300.000,-1,-1,-1,-1,725.000,725.000,-1,-1,2,0,2,0,2,0,0,0,0,2,2,2,2,0,0,2,2
98,-2604.413,-7026.026,-80.928,-22.887,0.920999,0.388706,-0.025867,-0.389306,0.920777,-0.024698,0.014217,0.032817,0.999360,0,0.95356,-0.15111,57.214,-0.302,-1,375.000,-1,375.000,-1,325.000,325.000,325.000,300.000,-1,-1,-1,-1,725.000,725.000,-1,-1,2,0,2,0,2,0,0,0,0,2,2,2,2,0,0,2,2
99,-2551.821,-7048.555,-80.024,-23.189,0.918911,0.393552,-0.026830,-0.394182,0.918703,-0.024621,0.014959,0.033200,0.999337,0,0.95356,-0.15111,57.214,-0.302,-1,375.000,-1,375.000,-1,325.000,325.000,325.000,300.000,-1,-1,-1,-1,725.000,725.000,-1,-1,2,0,2,0,2,0,0,0,0,2,2,2,2,0,0,2,2
100,-2499.349,-7071.361,-79.103,-23.491,0.916796,0.398388,-0.027783,-0.399046,0.916603,-0.024508,0.015702,0.033556,0.999313,0,0.95356,-0.15111,57.214,-0.302,-1,375.000,-1,375.000,-1,325.000,325.000,325.000,300.000,-1,-1,-1,-1,725.000,725.000,-1,-1,2,0,2,0,2,0,0,0,0,2,2,2,2,0,0,2,2
101,-2446.998,-7094.444,-78.053,-23.794,0.914649,0.403218,-0.028866,-0.403901,0.914492,-0.023847,0.016782,0.033470,0.999299,0,0.95356,-0.15111,57.214,-0.302,-1,375.000,-1,375.000,-1,325.000,325.000,325.000,300.000,-1,-1,-1,-1,725.000,725.000,-1,-1,2,0,2,0,2,0,0,0,0,2,2,2,2,0,0,2,2
102,-2394.769,-7117.802,-76.982,-24.096,0.912474,0.408038,-0.029938,-0.408744,0.912356,-0.023137,0.017873,0.033349,0.999284,0,0.95356,-0.15111,57.214,-0.302,-1,375.000,-1,375.000,-1,325.000,325.000,300.000,300.000,-1,-1,-1,-1,725.000,725.000,-1,-1,2,0,2,0,2,0,0,0,0,2,2,2,2,0,0,2,2
103,-2342.665,-7141.436,-75.898,-24.398,0.910273,0.412846,-0.030990,-0.413574,0.910195,-0.022413,0.018954,0.033219,0.999268,0,0.95356,-0.15111,57.214,-0.302,-1,375.000,-1,375.000,-1,325.000,325.000,300.000,300.000,-1,-1,-1,-1,725.000,725.000,-1,-1,2,0,2,0,2,0,0,0,0,2,2,2,2,0,0,2,2
104,-2290.686,-7165.344,-74.801,-24.700,0.908047,0.417643,-0.032022,-0.418390,0.908009,-0.021677,0.020023,0.033081,0.999252,0,0.95356,-0.15111,57.214,-0.302,-1,375.000,-1,375.000,-1,325.000,325.000,300.000,300.000,-1,-1,-1,-1,725.000,725.000,-1,-1,2,0,2,0,2,0,0,0,0,2,2,2,2,0,0,2,2
105,-2238.833,-7189.526,-73.689,-25.003,0.905794,0.422429,-0.033033,-0.423194,0.905798,-0.020925,0.021082,0.032934,0.999235,0,0.95356,-0.15111,57.214,-0.302,-1,375.000,-1,375.000,-1,325.000,325.000,300.000,300.000,-1,-1,-1,-1,725.000,750.000,-1,-1,2,0,2,0,2,0,0,0,0,2,2,2,2,0,0,2,2
106,-2187.109,-7213.981,-72.564,-25.305,0.903515,0.427203,-0.034022,-0.427984,0.903561,-0.020167,0.022126,0.032782,0.999218,0,0.95356,-0.15111,57.214,-0.302,-1,375.000,-1,375.000,-1,325.000,325.000,300.000,300.000,-1,-1,-1,-1,750.000,750.000,-1,-1,2,0,2,0,2,0,0,0,0,2,2,2,2,0,0,2,2
107,-2135.515,-7238.708,-71.430,-25.607,0.901212,0.431965,-0.034984,-0.432761,0.901300,-0.019418,0.023143,0.032639,0.999199,0,0.95356,-0.15111,57.214,-0.302,-1,400.000,-1,400.000,-1,325.000,325.000,300.000,300.000,-1,-1,-1,-1,750.000,750.000,-1,-1,2,0,2,0,2,0,0,0,0,2,2,2,2,0,0,2,2
108,-2084.051,-7263.708,-70.155,-25.909,0.898892,0.436707,-0.035769,-0.437528,0.898997,-0.019343,0.023709,0.033037,0.999173,0,0.95356,-0.15111,57.214,-0.302,-1,400.000,-1,400.000,-1,325.000,325.000,300.000,300.000,-1,-1,825.000,-1,750.000,750.000,-1,-1,2,0,2,0,2,0,0,0,0,2,2,0,2,0,0,2,2
109,-2032.721,-7288.978,-68.848,-26.211,0.896548,0.441436,-0.036566,-0.442284,0.896666,-0.019361,0.024241,0.033530,0.999144,0,0.95356,-0.15111,57.214,-0.302,-1,400.000,-1,400.000,-1,325.000,325.000,300.000,300.000,-1,750.000,725.000,-1,750.000,750.000,-1,-1,2,0,2,0,2,0,0,0,0,2,0,0,2,0,0,2,2
110,-1981.524,-7314.518,-67.528,-26.514,0.894175,0.446151,-0.037408,-0.447029,0.894310,-0.019375,0.024810,0.034047,0.999112,0,0.95356,-0.15111,57.214,-0.302,-1,400.000,-1,400.000,-1,325.000,325.000,300.000,300.000,-1,750.000,725.000,-1,750.000,750.000,-1,-1,2,0,2,0,2,0,0,0,0,2,0,0,2,0,0,2,2
111,-1930.462,-7340.329,-66.208,-26.816,0.891780,0.450855,-0.038186,-0.451760,0.891929,-0.019377,0.025323,0.034531,0.999083,0,0.95356,-0.15111,57.214,-0.302,-1,400.000,-1,400.000,-1,325.000,325.000,300.000,300.000,-1,750.000,725.000,-1,775.000,750.000,-1,-1,2,0,2,0,2,0,0,0,0,2,0,0,2,0,0,2,2
112,-1879.538,-7366.408,-64.839,-27.118,0.889369,0.455549,-0.038696,-0.456470,0.889530,-0.019275,0.025641,0.034806,0.999065,0,0.95356,-0.15111,57.214,-0.302,-1,400.000,-1,400.000,-1,325.000,325.000,300.000,300.000,-1,775.000,750.000,-1,775.000,775.000,-1,-1,2,0,2,0,2,0,0,0,0,2,0,0,2,0,0,2,2
113,-1828.752,-7392.756,-63.400,-27.420,0.886947,0.460235,-0.038835,-0.461155,0.887115,-0.019030,0.025693,0.034788,0.999064,0,0.95356,-0.15111,57.214,-0.302,-1,400.000,-1,400.000,-1,325.000,325.000,300.000,300.000,-1,825.000,800.000,-1,775.000,775.000,-1,-1,2,0,2,0,2,0,0,0,0,2,0,0,2,0,0,2,2
114,-1782.253,-7416.944,-62.099,-27.482,0.886444,0.461198,-0.038903,-0.462118,0.886616,-0.018917,0.025768,0.034746,0.999064,0,0.87356,-0.03111,52.414,-0.062,-1,400.000,-1,400.000,-1,325.000,325.000,300.000,300.000,-1,875.000,825.000,-1,775.000,775.000,-1,-1,2,0,2,0,2,0,0,0,0,2,0,0,2,0,0,2,2
115,-1737.219,-7440.192,-60.839,-27.305,0.887869,0.458447,-0.038925,-0.459366,0.888047,-0.018860,0.025921,0.034625,0.999064,0,0.84469,0.08889,50.681,0.178,-1,400.000,-1,400.000,-1,325.000,325.000,300.000,300.000,-1,900.000,875.000,-1,775.000,775.000,-1,-1,2,0,2,0,2,0,0,0,0,2,0,0,2,0,0,2,2
116,-1692.016,-7463.112,-59.560,-26.887,0.891188,0.451963,-0.038912,-0.452879,0.891374,-0.018813,0.026182,0.034389,0.999066,0,0.84469,0.20889,50.681,0.418,-1,400.000,-1,400.000,-1,325.000,325.000,300.000,300.000,-1,950.000,925.000,-1,775.000,775.000,-1,-1,2,0,2,0,2,0,0,0,0,2,0,0,2,0,0,2,2
117,-1646.385,-7485.594,-58.248,-26.229,0.896318,0.441706,-0.038856,-0.442616,0.896515,-0.018773,0.026543,0.034025,0.999068,0,0.84782,0.32889,50.869,0.658,-1,400.000,-1,400.000,-1,325.000,325.000,300.000,300.000,-1,1000.000,975.000,-1,775.000,775.000,-1,-1,2,0,2,0,2,0,0,0,0,2,0,0,2,0,0,2,2
118,-1600.234,-7507.441,-56.900,-25.331,0.903130,0.427611,-0.038783,-0.428515,0.903340,-0.018746,0.027018,0.033549,0.999072,0,0.85102,0.44889,51.061,0.898,-1,400.000,-1,400.000,-1,325.000,325.000,300.000,300.000,-1,-1,-1,-1,775.000,775.000,-1,-1,2,0,2,0,2,0,0,0,0,2,2,2,2,0,0,2,2
119,-1553.533,-7528.508,-55.513,-24.280,0.910826,0.410974,-0.038696,-0.411871,0.911050,-0.018731,0.027556,0.032998,0.999075,0,0.85388,0.52561,51.233,1.051,-1,400.000,-1,400.000,-1,325.000,325.000,300.000,300.000,-1,-1,-1,-1,775.000,775.000,-1,-1,2,0,2,0,2,0,0,0,0,2,2,2,2,0,0,2,2
120,-1506.320,-7548.780,-54.088,-23.238,0.918155,0.394337,-0.038595,-0.395226,0.918393,-0.018720,0.028063,0.032442,0.999080,0,0.85635,0.52126,51.381,1.043,-1,400.000,-1,400.000,-1,325.000,325.000,300.000,300.000,-1,-1,-1,-1,800.000,775.000,-1,-1,2,0,2,0,2,0,0,0,0,2,2,2,2,0,0,2,2
121,-1458.634,-7568.245,-52.627,-22.204,0.925122,0.377715,-0.038481,-0.378596,0.925373,-0.018715,0.028540,0.031883,0.999084,0,0.85843,0.51673,51.506,1.033,-1,400.000,-1,400.000,-1,325.000,325.000,300.000,300.000,-1,-1,-1,-1,800.000,775.000,-1,-1,2,0,2,0,2,0,0,0,0,2,2,2,2,0,0,2,2
122,-1410.514,-7586.890,-51.119,-21.180,0.931730,0.361122,-0.038334,-0.361995,0.931991,-0.018776,0.028947,0.031371,0.999089,0,0.86011,0.51204,51.606,1.024,-1,400.000,-1,400.000,-1,325.000,325.000,300.000,300.000,-1,-1,-1,-1,800.000,775.000,-1,-1,2,0,2,0,2,0,0,0,0,2,2,2,2,0,0,2,2
123,-1361.999,-7604.707,-49.614,-20.166,0.937990,0.344572,-0.038000,-0.345429,0.938258,-0.018742,0.029196,0.030706,0.999102,0,0.86138,0.50722,51.683,1.014,-1,400.000,-1,400.000,-1,325.000,325.000,300.000,300.000,-1,-1,-1,-1,800.000,775.000,-1,-1,2,0,2,0,2,0,0,0,0,2,2,2,2,0,0,2,2
124,-1313.132,-7621.688,-48.131,-19.161,0.943908,0.328078,-0.037451,-0.328908,0.944180,-0.018541,0.029278,0.029819,0.999126,0,0.86223,0.50229,51.734,1.005,-1,400.000,-1,400.000,-1,325.000,325.000,300.000,300.000,-1,-1,-1,-1,800.000,775.000,-1,-1,2,0,2,0,2,0,0,0,0,2,2,2,2,0,0,2,2
125,-1263.951,-7637.826,-46.621,-18.166,0.949480,0.311648,-0.036916,-0.312451,0.949758,-0.018309,0.029355,0.028918,0.999151,0,0.86268,0.49730,51.761,0.995,-1,400.000,-1,400.000,-1,325.000,325.000,300.000,300.000,-1,-1,-1,-1,800.000,775.000,-1,-1,2,0,2,0,2,0,0,0,0,2,2,2,2,0,0,2,2
126,-1214.498,-7653.118,-45.129,-17.182,0.954711,0.295289,-0.036499,-0.296071,0.954993,-0.018183,0.029487,0.028166,0.999168,0,0.86272,0.49227,51.763,0.985,-1,400.000,-1,400.000,-1,325.000,325.000,300.000,300.000,-1,-1,-1,-1,800.000,775.000,-1,-1,2,0,2,0,2,0,0,0,0,2,2,2,2,0,0,2,2
127,-1164.812,-7667.560,-43.692,-16.207,0.959615,0.279008,-0.035968,-0.279776,0.959889,-0.018373,0.029399,0.027694,0.999184,0,0.86238,0.48725,51.743,0.974,-1,400.000,-1,400.000,-1,325.000,325.000,300.000,300.000,-1,-1,-1,-1,800.000,775.000,-1,-1,2,0,2,0,2,0,0,0,0,2,2,2,2,0,0,2,2
128,-1114.932,-7681.152,-42.231,-15.243,0.964196,0.262813,-0.035438,-0.263567,0.964463,-0.018531,0.029308,0.027208,0.999200,0,0.86165,0.48227,51.699,0.965,-1,400.000,-1,400.000,-1,325.000,325.000,300.000,300.000,-1,-1,-1,-1,800.000,775.000,-1,-1,2,0,2,0,2,0,0,0,0,2,2,2,2,0,0,2,2
129,-1064.894,-7693.895,-40.749,-14.287,0.968465,0.246690,-0.034910,-0.247429,0.968726,-0.018660,0.029215,0.026709,0.999216,0,0.86058,0.47795,51.635,0.956,-1,400.000,-1,400.000,-1,325.000,325.000,300.000,300.000,-1,-1,-1,-1,800.000,800.000,-1,-1,2,0,2,0,2,0,0,0,0,2,2,2,2,0,0,2,2
130,-1014.733,-7705.786,-39.247,-13.336,0.972445,0.230584,-0.034384,-0.231307,0.972700,-0.018760,0.029120,0.026196,0.999233,0,0.85918,0.47542,51.551,0.951,-1,400.000,-1,400.000,-1,325.000,325.000,300.000,300.000,-1,-1,-1,-1,800.000,800.000,-1,-1,2,0,2,0,2,0,0,0,0,2,2,2,2,0,0,2,2
131,-964.482,-7716.825,-37.725,-12.390,0.976140,0.214487,-0.033861,-0.215195,0.976389,-0.018832,0.029022,0.025670,0.999249,0,0.85750,0.47325,51.450,0.947,-1,400.000,-1,400.000,-1,325.000,325.000,300.000,300.000,-1,-1,-1,-1,800.000,800.000,-1,-1,2,0,2,0,2,0,0,0,0,2,2,2,2,0,0,2,2
132,-914.170,-7727.013,-36.185,-11.447,0.979555,0.198394,-0.033341,-0.199086,0.979800,-0.018878,0.028922,0.025130,0.999266,0,0.85556,0.47144,51.333,0.943,-1,400.000,-1,400.000,-1,325.000,325.000,300.000,300.000,-1,-1,-1,-1,800.000,800.000,-1,-1,2,0,2,0,2,0,0,0,0,2,2,2,2,0,0,2,2
133,-863.824,-7736.350,-34.629,-10.507,0.982696,0.182296,-0.032823,-0.182971,0.982937,-0.018899,0.028818,0.024578,0.999282,0,0.85340,0.47000,51.204,0.940,-1,400.000,-1,400.000,-1,325.000,325.000,300.000,300.000,-1,-1,-1,-1,800.000,825.000,-1,-1,2,0,2,0,2,0,0,0,0,2,2,2,2,0,0,2,2
134,-813.470,-7744.839,-33.056,-9.569,0.985565,0.166185,-0.032309,-0.166844,0.985802,-0.018895,0.028710,0.024013,0.999299,0,0.85108,0.46893,51.065,0.938,-1,400.000,-1,400.000,-1,325.000,325.000,300.000,300.000,-1,-1,-1,-1,800.000,825.000,-1,-1,2,0,2,0,2,0,0,0,0,2,2,2,2,0,0,2,2
135,-763.128,-7752.481,-31.469,-8.632,0.988166,0.150053,-0.031798,-0.150696,0.988400,-0.018868,0.028597,0.023436,0.999316,0,0.84864,0.46822,50.919,0.936,-1,400.000,-1,400.000,-1,325.000,325.000,300.000,300.000,-1,-1,-1,-1,825.000,825.000,-1,-1,2,0,2,0,2,0,0,0,0,2,2,2,2,0,0,2,2
136,-712.818,-7759.281,-29.868,-7.697,0.990502,0.133893,-0.031289,-0.134518,0.990732,-0.018818,0.028479,0.022848,0.999333,0,0.84614,0.46789,50.768,0.936,-1,400.000,-1,400.000,-1,325.000,325.000,300.000,300.000,-1,-1,-1,-1,825.000,825.000,-1,-1,2,0,2,0,2,0,0,0,0,2,2,2,2,0,0,2,2
137,-667.192,-7764.884,-28.508,-7.001,0.992069,0.121854,-0.030843,-0.122453,0.992305,-0.018338,0.028371,0.021970,0.999356,0,0.76614,0.34789,45.968,0.696,-1,400.000,-1,400.000,-1,325.000,325.000,300.000,300.000,-1,-1,-1,-1,825.000,850.000,-1,-1,2,0,2,0,2,0,0,0,0,2,2,2,2,0,0,2,2
