timestep,x_cm,y_cm,z_cm,yaw_deg,basis_xx,basis_xy,basis_xz,basis_yx,basis_yy,basis_yz,basis_zx,basis_zy,basis_zz,teleport_flag,throttle_cmd,steering_cmd,cmd_move_cm,cmd_turn_deg,lidar_cm_0,lidar_cm_1,lidar_cm_2,lidar_cm_3,lidar_cm_4,lidar_cm_5,lidar_cm_6,lidar_cm_7,lidar_cm_8,lidar_cm_9,lidar_cm_10,lidar_cm_11,lidar_cm_12,lidar_cm_13,lidar_cm_14,lidar_cm_15,lidar_cm_16,lidar_class_0,lidar_class_1,lidar_class_2,lidar_class_3,lidar_class_4,lidar_class_5,lidar_class_6,lidar_class_7,lidar_class_8,lidar_class_9,lidar_class_10,lidar_class_11,lidar_class_12,lidar_class_13,lidar_class_14,lidar_class_15,lidar_class_16
0,6235.729,-4265.526,-91.443,155.817,-0.909879,-0.409631,0.065741,0.409369,-0.912191,-0.018020,0.067350,0.010517,0.997674,1,-0.08000,0.12000,-4.800,0.240,-1,400.000,-1,450.000,-1,325.000,350.000,300.000,300.000,-1,-1,-1,-1,875.000,-1,-1,-1,2,0,2,0,2,0,0,0,0,2,2,2,2,0,2,2,2
1,6244.519,-4269.385,-92.047,156.297,-0.913270,-0.401978,0.065965,0.401675,-0.915598,-0.018382,0.067787,0.009709,0.997653,0,-0.16000,0.24000,-9.600,0.480,-1,400.000,-1,450.000,-1,325.000,350.000,300.000,300.000,-1,-1,-1,-1,875.000,-1,-1,-1,2,0,2,0,2,0,0,0,0,2,2,2,2,0,2,2,2
2,6257.776,-4275.007,-92.961,157.017,-0.918237,-0.390445,0.066288,0.390079,-0.920587,-0.018920,0.068411,0.008485,0.997621,0,-0.24000,0.36000,-14.400,0.720,-1,400.000,-1,450.000,-1,325.000,350.000,300.000,300.000,-1,-1,-1,-1,875.000,-1,-1,-1,2,0,2,0,2,0,0,0,0,2,2,2,2,0,2,2,2
3,6275.575,-4282.206,-94.192,157.977,-0.924634,-0.374971,0.066696,0.374519,-0.927011,-0.019630,0.069189,0.006828,0.997580,0,-0.32000,0.48000,-19.200,0.960,-1,400.000,-1,450.000,-1,325.000,350.000,300.000,300.000,-1,-1,-1,-1,850.000,-1,-1,-1,2,0,2,0,2,0,0,0,0,2,2,2,2,0,2,2,2
4,6298.007,-4290.737,-95.749,159.177,-0.932267,-0.355479,0.067170,0.354919,-0.934672,-0.020507,0.070072,0.004722,0.997531,0,-0.40000,0.60000,-24.000,1.200,-1,400.000,-1,450.000,-1,325.000,350.000,300.000,300.000,-1,-1,-1,-1,850.000,-1,-1,-1,2,0,2,0,2,0,0,0,0,2,2,2,2,0,2,2,2
5,6325.175,-4300.295,-97.644,160.617,-0.940890,-0.331882,0.067686,0.331188,-0.943319,-0.021546,0.071001,0.002144,0.997474,0,-0.48000,0.72000,-28.800,1.440,-1,400.000,-1,425.000,-1,325.000,350.000,300.000,300.000,-1,-1,-1,-1,825.000,-1,-1,-1,2,0,2,0,2,0,0,0,0,2,2,2,2,0,2,2,2
6,6357.184,-4310.512,-99.887,162.297,-0.950200,-0.304084,0.068218,0.303233,-0.952645,-0.022746,0.071905,-0.000927,0.997411,0,-0.56000,0.84000,-33.600,1.680,-1,400.000,-1,425.000,-1,325.000,350.000,300.000,300.000,-1,-1,-1,-1,825.000,-1,-1,-1,2,0,2,0,2,0,0,0,0,2,2,2,2,0,2,2,2
7,6394.136,-4320.956,-102.486,164.217,-0.959841,-0.271993,0.068737,0.270960,-0.962289,-0.024108,0.072702,-0.004515,0.997343,0,-0.64000,0.96000,-38.400,1.920,-1,400.000,-1,425.000,-1,325.000,350.000,300.000,300.000,-1,-1,-1,-1,800.000,-1,-1,-1,2,0,2,0,2,0,0,0,0,2,2,2,2,0,2,2,2
8,6436.092,-4331.248,-105.448,166.217,-0.968736,-0.238238,0.069226,0.237003,-0.971170,-0.025653,0.073342,-0.008444,0.997271,0,-0.72000,1.00000,-43.200,2.000,-1,400.000,-1,425.000,-1,325.000,325.000,300.000,300.000,-1,-1,1000.000,-1,775.000,-1,-1,-1,2,0,2,0,2,0,0,0,0,2,2,1,2,0,2,2,2
9,6479.744,-4340.354,-108.539,168.217,-0.976451,-0.204191,0.069634,0.202749,-0.978851,-0.027254,0.073726,-0.012494,0.997200,0,-0.74320,1.00000,-44.592,2.000,-1,400.000,-1,425.000,-1,325.000,325.000,300.000,300.000,-1,975.000,900.000,-1,775.000,-1,-1,-1,2,0,2,0,2,0,0,0,0,2,1,1,2,0,2,2,2
10,6524.216,-4348.023,-111.757,170.217,-0.982986,-0.169896,0.069807,0.168268,-0.985326,-0.028613,0.073644,-0.016380,0.997150,0,-0.75214,1.00000,-45.128,2.000,-1,400.000,-1,425.000,-1,325.000,325.000,300.000,300.000,-1,900.000,825.000,-1,750.000,-1,-1,-1,2,0,2,0,2,0,0,0,0,2,1,1,2,0,2,2,2
11,6569.390,-4354.198,-115.010,172.217,-0.988362,-0.135395,0.069341,0.133595,-0.990582,-0.029980,0.072747,-0.020367,0.997142,0,-0.75990,1.00000,-45.594,2.000,-1,375.000,-1,425.000,-1,325.000,325.000,300.000,300.000,-1,850.000,775.000,-1,725.000,975.000,-1,-1,2,0,2,0,2,0,0,0,0,2,1,1,2,0,0,2,2
12,6615.128,-4358.830,-118.216,174.217,-0.992522,-0.100733,0.068939,0.098771,-0.994618,-0.031308,0.071722,-0.024265,0.997129,0,-0.76620,1.00000,-45.972,2.000,-1,375.000,-1,425.000,-1,325.000,325.000,300.000,300.000,-1,775.000,725.000,-1,725.000,950.000,-1,-1,2,0,2,0,2,0,0,0,0,2,1,1,2,0,0,2,2
13,6661.271,-4361.882,-121.373,176.217,-0.995459,-0.065953,0.068635,0.063843,-0.997431,-0.032497,0.070602,-0.027967,0.997112,0,-0.77073,1.00000,-46.244,2.000,-1,375.000,-1,400.000,-1,325.000,325.000,300.000,300.000,-1,725.000,650.000,-1,700.000,925.000,-1,-1,2,0,2,0,2,0,0,0,0,2,1,1,2,0,0,2,2
14,6707.637,-4363.327,-124.494,178.217,-0.997179,-0.031100,0.068320,0.028852,-0.999017,-0.033648,0.069299,-0.031581,0.997096,0,-0.77314,1.00000,-46.389,2.000,-1,375.000,-1,400.000,-1,325.000,325.000,300.000,300.000,-1,650.000,600.000,-1,700.000,900.000,-1,-1,2,0,2,0,2,0,0,0,0,2,1,1,2,0,0,2,2
15,6754.022,-4363.152,-127.561,180.217,-0.997679,0.003784,0.067984,-0.006158,-0.999377,-0.034747,0.067810,-0.035085,0.997081,0,-0.77307,1.00000,-46.384,2.000,-1,375.000,-1,400.000,-1,325.000,325.000,300.000,300.000,-1,600.000,550.000,-1,700.000,875.000,-1,-1,2,0,2,0,2,0,0,0,0,2,1,1,2,0,0,2,2
16,6800.194,-4361.366,-130.552,182.217,-0.996962,0.038654,0.067617,-0.041142,-0.998512,-0.035785,0.066133,-0.038458,0.997069,0,-0.77012,1.00000,-46.207,2.000,-1,375.000,-1,400.000,-1,325.000,325.000,300.000,300.000,-1,550.000,500.000,-1,700.000,850.000,-1,-1,2,0,2,0,2,0,0,0,0,2,1,1,2,0,0,2,2
17,6845.905,-4357.997,-133.448,184.217,-0.995030,0.073469,0.067208,-0.076054,-0.996426,-0.036749,0.064268,-0.041678,0.997062,0,-0.76390,1.00000,-45.834,2.000,-1,375.000,-1,400.000,-1,325.000,325.000,300.000,325.000,-1,500.000,475.000,-1,700.000,825.000,-1,-1,2,0,2,0,2,0,0,0,0,2,1,0,2,0,0,2,2
18,6886.716,-4353.726,-135.977,185.977,-0.992329,0.104025,0.066793,-0.106685,-0.993583,-0.037560,0.062458,-0.044397,0.997060,0,-0.68390,0.88000,-41.034,1.760,-1,375.000,-1,400.000,-1,325.000,325.000,300.000,325.000,-1,450.000,425.000,-1,700.000,825.000,-1,-1,2,0,2,0,2,0,0,1,0,2,1,0,2,0,0,2,2
19,6922.641,-4349.000,-138.158,187.497,-0.989246,0.130331,0.066383,-0.133045,-0.990372,-0.038234,0.060761,-0.046655,0.997061,0,-0.60390,0.76000,-36.234,1.520,-1,375.000,-1,400.000,-1,325.000,325.000,300.000,325.000,-1,425.000,400.000,-1,700.000,800.000,-1,-1,2,0,2,0,2,0,0,1,0,2,1,0,2,0,0,2,2
20,6953.708,-4344.204,-140.008,188.777,-0.986112,0.152408,0.065989,-0.155161,-0.987127,-0.038789,0.059227,-0.048489,0.997066,0,-0.52390,0.64000,-31.434,1.280,-1,375.000,-1,400.000,-1,325.000,325.000,300.000,325.000,-1,375.000,375.000,-1,700.000,800.000,-1,-1,2,0,2,0,2,0,0,1,0,2,1,0,2,0,0,2,2
21,6979.952,-4339.664,-141.547,189.817,-0.983207,0.170288,0.065626,-0.173067,-0.984128,-0.039241,0.057902,-0.049939,0.997072,0,-0.44390,0.52000,-26.634,1.040,-1,375.000,-1,400.000,-1,325.000,325.000,300.000,325.000,-1,350.000,375.000,-1,700.000,775.000,-1,-1,2,0,2,0,2,0,0,1,0,2,1,0,2,0,0,2,2
22,7001.413,-4335.642,-142.788,190.617,-0.980754,0.184002,0.065308,-0.186797,-0.981600,-0.039600,0.056820,-0.051037,0.997079,0,-0.36390,0.40000,-21.834,0.800,-1,375.000,-1,400.000,-1,325.000,325.000,300.000,325.000,-1,350.000,350.000,-1,700.000,775.000,-1,-1,2,0,2,0,2,0,0,1,0,2,1,0,2,0,0,2,2
23,7018.124,-4332.341,-143.746,191.177,-0.978926,0.193579,0.065049,-0.196385,-0.979716,-0.039877,0.056010,-0.051811,0.997085,0,-0.28390,0.28000,-17.034,0.560,-1,375.000,-1,400.000,-1,325.000,325.000,300.000,325.000,-1,325.000,350.000,-1,700.000,775.000,-1,-1,2,0,2,0,2,0,0,1,0,2,1,0,2,0,0,2,2
24,7030.113,-4329.902,-144.431,191.497,-0.977842,0.199043,0.064857,-0.201854,-0.978595,-0.040079,0.055491,-0.052282,0.997089,0,-0.20390,0.16000,-12.234,0.320,-1,375.000,-1,400.000,-1,325.000,325.000,300.000,325.000,-1,325.000,325.000,-1,700.000,775.000,-1,-1,2,0,2,0,2,0,0,1,0,2,1,0,2,0,0,2,2
25,7037.396,-4328.411,-144.848,191.577,-0.977571,0.200407,0.064740,-0.203221,-0.978307,-0.040209,0.055277,-0.052463,0.997092,0,-0.12390,0.04000,-7.434,0.080,-1,375.000,-1,400.000,-1,325.000,325.000,300.000,325.000,-1,300.000,325.000,-1,700.000,775.000,-1,-1,2,0,2,0,2,0,0,1,0,2,1,0,2,0,0,2,2
26,7039.977,-4327.889,-145.000,191.417,-0.978130,0.197675,0.064700,-0.200488,-0.978868,-0.040269,0.055372,-0.052359,0.997092,0,-0.04390,-0.08000,-2.634,-0.160,-1,375.000,-1,400.000,-1,325.000,325.000,300.000,325.000,-1,300.000,325.000,-1,700.000,775.000,-1,-1,2,0,2,0,2,0,0,1,0,2,1,0,2,0,0,2,2
27,7037.851,-4328.303,-144.885,191.017,-0.979484,0.190841,0.064736,-0.193650,-0.980244,-0.040258,0.055774,-0.051969,0.997090,0,0.03610,-0.20000,2.166,-0.400,-1,375.000,-1,400.000,-1,325.000,325.000,300.000,325.000,-1,300.000,325.000,-1,700.000,775.000,-1,-1,2,0,2,0,2,0,0,1,0,2,1,0,2,0,0,2,2
28,7030.999,-4329.557,-144.498,190.377,-0.981548,0.179886,0.064842,-0.182687,-0.982350,-0.040175,0.056471,-0.051280,0.997086,0,0.11610,-0.32000,6.966,-0.640,-1,375.000,-1,400.000,-1,325.000,325.000,300.000,325.000,-1,325.000,325.000,-1,700.000,775.000,-1,-1,2,0,2,0,2,0,0,1,0,2,1,0,2,0,0,2,2
29,7019.397,-4331.515,-143.829,189.581,-0.983942,0.166225,0.065011,-0.169014,-0.984801,-0.040008,0.057372,-0.050353,0.997082,0,0.19610,-0.39812,11.766,-0.796,-1,375.000,-1,400.000,-1,325.000,325.000,300.000,325.000,-1,325.000,325.000,-1,700.000,775.000,-1,-1,2,0,2,0,2,0,0,1,0,2,1,0,2,0,0,2,2
30,7003.024,-4334.043,-142.867,188.779,-0.986157,0.152441,0.065235,-0.155213,-0.987081,-0.039740,0.058334,-0.049315,0.997078,0,0.27610,-0.40075,16.566,-0.801,-1,375.000,-1,400.000,-1,325.000,325.000,300.000,325.000,-1,350.000,350.000,-1,700.000,775.000,-1,-1,2,0,2,0,2,0,0,1,0,2,1,0,2,0,0,2,2
31,6981.864,-4337.004,-141.604,187.970,-0.988194,0.138493,0.065510,-0.141243,-0.989192,-0.039366,0.059350,-0.048154,0.997075,0,0.35610,-0.40462,21.366,-0.809,-1,375.000,-1,400.000,-1,325.000,325.000,300.000,325.000,-1,375.000,350.000,-1,700.000,800.000,-1,-1,2,0,2,0,2,0,0,1,0,2,1,0,2,0,0,2,2
32,6955.902,-4340.261,-140.031,187.150,-0.990054,0.124335,0.065830,-0.127056,-0.991133,-0.038881,0.060413,-0.046859,0.997073,0,0.43610,-0.40986,26.166,-0.820,-1,375.000,-1,400.000,-1,325.000,325.000,300.000,325.000,-1,400.000,375.000,-1,700.000,800.000,-1,-1,2,0,2,0,2,0,0,1,0,2,1,0,2,0,0,2,2
33,6925.123,-4343.667,-138.142,186.317,-0.991734,0.109916,0.066191,-0.112600,-0.992903,-0.038279,0.061514,-0.045415,0.997072,0,0.51610,-0.41662,30.966,-0.833,-1,375.000,-1,400.000,-1,325.000,325.000,300.000,325.000,-1,425.000,400.000,-1,700.000,800.000,-1,-1,2,0,2,0,2,0,0,1,0,2,1,0,2,0,0,2,2
34,6889.520,-4347.074,-135.927,185.467,-0.993231,0.095179,0.066588,-0.097818,-0.994496,-0.037553,0.062648,-0.043812,0.997074,0,0.59610,-0.42505,35.766,-0.850,-1,375.000,-1,400.000,-1,325.000,325.000,300.000,325.000,-1,450.000,425.000,-1,700.000,825.000,-1,-1,2,0,2,0,2,0,0,1,0,2,1,0,2,0,0,2,2
35,6852.005,-4350.089,-133.566,184.596,-0.994537,0.080064,0.066984,-0.082650,-0.995900,-0.036763,0.063766,-0.042099,0.997076,0,0.62725,-0.43529,37.635,-0.871,-1,375.000,-1,400.000,-1,325.000,325.000,300.000,325.000,-1,500.000,450.000,-1,700.000,825.000,-1,-1,2,0,2,0,2,0,0,0,0,2,1,0,2,0,0,2,2
36,6814.880,-4352.491,-131.203,183.703,-0.995640,0.064534,0.067354,-0.067062,-0.997101,-0.035961,0.064839,-0.040321,0.997081,0,0.62004,-0.44659,37.202,-0.893,-1,375.000,-1,400.000,-1,325.000,325.000,300.000,300.000,-1,525.000,500.000,-1,700.000,825.000,-1,-1,2,0,2,0,2,0,0,0,0,2,1,0,2,0,0,2,2
37,6778.044,-4354.283,-128.833,182.787,-0.996522,0.048581,0.067702,-0.051044,-0.998078,-0.035144,0.065864,-0.038477,0.997086,0,0.61466,-0.45825,36.880,-0.917,-1,375.000,-1,400.000,-1,325.000,325.000,300.000,300.000,-1,550.000,525.000,-1,700.000,850.000,-1,-1,2,0,2,0,2,0,0,0,0,2,1,0,2,0,0,2,2
38,6741.406,-4355.463,-126.452,181.846,-0.997164,0.032194,0.068030,-0.034588,-0.998813,-0.034311,0.066844,-0.036567,0.997093,0,0.61094,-0.47024,36.657,-0.940,-1,375.000,-1,400.000,-1,325.000,325.000,300.000,300.000,-1,600.000,550.000,-1,700.000,850.000,-1,-1,2,0,2,0,2,0,0,0,0,2,1,1,2,0,0,2,2
39,6709.556,-4356.099,-124.365,181.146,-0.997464,0.019982,0.068311,-0.022315,-0.999187,-0.033570,0.067585,-0.035009,0.997099,0,0.53094,-0.35024,31.857,-0.700,-1,375.000,-1,400.000,-1,325.000,325.000,300.000,300.000,-1,625.000,575.000,-1,700.000,875.000,-1,-1,2,0,2,0,2,0,0,0,0,2,1,1,2,0,0,2,2
40,6682.500,-4356.338,-122.582,180.505,-0.997609,0.008817,0.068543,-0.011095,-0.999396,-0.032932,0.068211,-0.033613,0.997105,0,0.45094,-0.32010,27.057,-0.640,-1,375.000,-1,400.000,-1,325.000,325.000,300.000,300.000,-1,650.000,600.000,-1,700.000,875.000,-1,-1,2,0,2,0,2,0,0,0,0,2,1,1,2,0,0,2,2
41,6660.244,-4356.277,-121.107,179.846,-0.997632,-0.002682,0.068722,0.000455,-0.999475,-0.032401,0.068773,-0.032293,0.997110,0,0.37094,-0.32960,22.257,-0.659,-1,375.000,-1,400.000,-1,325.000,325.000,300.000,300.000,-1,675.000,625.000,-1,700.000,900.000,-1,-1,2,0,2,0,2,0,0,0,0,2,1,1,2,0,0,2,2
42,6640.997,-4355.999,-119.825,179.171,-0.997521,-0.014459,0.068869,0.012282,-0.999414,-0.031937,0.069290,-0.031012,0.997114,0,0.32081,-0.33755,19.248,-0.675,-1,375.000,-1,400.000,-1,325.000,325.000,300.000,300.000,-1,700.000,650.000,-1,700.000,900.000,-1,-1,2,0,2,0,2,0,0,0,0,2,1,1,2,0,0,2,2
43,6621.735,-4355.488,-118.534,178.482,-0.997264,-0.026478,0.069013,0.024352,-0.999208,-0.031466,0.069791,-0.029699,0.997119,0,0.32115,-0.34452,19.269,-0.689,-1,375.000,-1,400.000,-1,325.000,325.000,300.000,300.000,-1,725.000,675.000,-1,700.000,925.000,-1,-1,2,0,2,0,2,0,0,0,0,2,1,1,2,0,0,2,2
44,6602.439,-4354.739,-117.234,177.779,-0.996854,-0.038740,0.069154,0.036667,-0.998847,-0.030988,0.070274,-0.028355,0.997125,0,0.32183,-0.35158,19.310,-0.703,-1,375.000,-1,400.000,-1,325.000,325.000,300.000,300.000,-1,750.000,700.000,-1,700.000,925.000,-1,-1,2,0,2,0,2,0,0,0,0,2,1,1,2,0,0,2,2
45,6583.094,-4353.746,-115.924,177.061,-0.996279,-0.051246,0.069293,0.049230,-0.998322,-0.030503,0.070740,-0.026979,0.997130,0,0.32285,-0.35875,19.371,-0.717,-1,375.000,-1,425.000,-1,325.000,325.000,300.000,300.000,-1,775.000,725.000,-1,700.000,950.000,-1,-1,2,0,2,0,2,0,0,0,0,2,1,1,2,0,0,2,2
46,6563.682,-4352.500,-114.580,176.329,-0.995529,-0.063999,0.069468,0.062046,-0.997625,-0.029928,0.071218,-0.025484,0.997135,0,0.32419,-0.36602,19.451,-0.732,-1,375.000,-1,425.000,-1,325.000,325.000,300.000,300.000,-1,800.000,725.000,-1,725.000,950.000,-1,-1,2,0,2,0,2,0,0,0,0,2,1,1,2,0,0,2,2
47,6544.190,-4350.994,-113.190,175.583,-0.994594,-0.076999,0.069668,0.075112,-0.996744,-0.029324,0.071699,-0.023933,0.997139,0,0.32584,-0.37339,19.551,-0.747,-1,375.000,-1,425.000,-1,325.000,325.000,300.000,300.000,-1,825.000,750.000,-1,725.000,975.000,-1,-1,2,0,2,0,2,0,0,0,0,2,1,1,2,0,0,2,2
48,6524.601,-4349.218,-111.793,174.821,-0.993480,-0.090247,0.069658,0.088434,-0.995668,-0.028703,0.071947,-0.022356,0.997158,0,0.32781,-0.38088,19.669,-0.762,-1,375.000,-1,425.000,-1,325.000,325.000,300.000,300.000,-1,850.000,800.000,-1,725.000,975.000,-1,-1,2,0,2,0,2,0,0,0,0,2,1,1,2,0,0,2,2
49,6504.904,-4347.163,-110.419,174.044,-0.992169,-0.103745,0.069550,0.102018,-0.994390,-0.027949,0.072060,-0.020635,0.997187,0,0.33008,-0.38849,19.805,-0.777,-1,375.000,-1,425.000,-1,325.000,325.000,300.000,300.000,-1,875.000,825.000,-1,725.000,1000.000,-1,-1,2,0,2,0,2,0,0,0,0,2,1,1,2,0,0,2,2
50,6485.083,-4344.817,-109.036,173.251,-0.990644,-0.117491,0.069430,0.115853,-0.992894,-0.027191,0.072131,-0.018893,0.997216,0,0.33265,-0.39622,19.959,-0.792,-1,375.000,-1,425.000,-1,325.000,325.000,300.000,300.000,-1,925.000,850.000,-1,750.000,1000.000,-1,-1,2,0,2,0,2,0,0,0,0,2,1,1,2,0,0,2,2
51,6465.127,-4342.170,-107.643,172.443,-0.988893,-0.131488,0.069296,0.129939,-0.991170,-0.026429,0.072159,-0.017131,0.997246,0,0.33552,-0.40407,20.131,-0.808,-1,400.000,-1,425.000,-1,325.000,325.000,300.000,300.000,-1,950.000,875.000,-1,750.000,1000.000,-1,-1,2,0,2,0,2,0,0,0,0,2,1,1,2,0,0,2,2
52,6445.023,-4339.208,-106.240,171.619,-0.986904,-0.145735,0.069146,0.144277,-0.989205,-0.025660,0.072139,-0.015348,0.997277,0,0.33867,-0.41206,20.320,-0.824,-1,400.000,-1,425.000,-1,325.000,325.000,300.000,300.000,-1,1000.000,925.000,-1,750.000,-1,-1,-1,2,0,2,0,2,0,0,0,0,2,1,1,2,0,2,2,2
53,6424.761,-4335.918,-104.828,170.779,-0.984666,-0.160231,0.068978,0.158866,-0.986987,-0.024885,0.072068,-0.013545,0.997308,0,0.34212,-0.42018,20.527,-0.840,-1,400.000,-1,425.000,-1,325.000,325.000,300.000,300.000,-1,-1,950.000,-1,750.000,-1,-1,-1,2,0,2,0,2,0,0,0,0,2,2,1,2,0,2,2,2
54,6404.330,-4332.287,-103.404,169.922,-0.982166,-0.174978,0.068791,0.173706,-0.984503,-0.024101,0.071942,-0.011722,0.997340,0,0.34585,-0.42844,20.751,-0.857,-1,400.000,-1,425.000,-1,325.000,325.000,300.000,300.000,-1,-1,975.000,-1,775.000,-1,-1,-1,2,0,2,0,2,0,0,0,0,2,2,1,2,0,2,2,2
55,6383.721,-4328.299,-101.971,169.048,-0.979391,-0.189973,0.068583,0.188796,-0.981740,-0.023308,0.071759,-0.009880,0.997373,0,0.34987,-0.43684,20.992,-0.874,-1,400.000,-1,425.000,-1,325.000,325.000,300.000,300.000,-1,-1,-1,-1,775.000,-1,-1,-1,2,0,2,0,2,0,0,0,0,2,2,2,2,0,2,2,2
56,6362.923,-4323.938,-100.527,168.157,-0.976327,-0.205216,0.068351,0.204136,-0.978684,-0.022505,0.071513,-0.008019,0.997407,0,0.35416,-0.44539,21.250,-0.891,-1,400.000,-1,425.000,-1,325.000,325.000,300.000,300.000,-1,-1,-1,-1,775.000,-1,-1,-1,2,0,2,0,2,0,0,0,0,2,2,2,2,0,2,2,2
57,6341.930,-4319.187,-99.073,167.249,-0.972961,-0.220706,0.068094,0.219723,-0.975321,-0.021689,0.071200,-0.006141,0.997443,0,0.35873,-0.45410,21.524,-0.908,-1,400.000,-1,425.000,-1,325.000,325.000,300.000,300.000,-1,-1,-1,-1,775.000,-1,-1,-1,2,0,2,0,2,0,0,0,0,2,2,2,2,0,2,2,2
58,6320.734,-4314.030,-97.610,166.323,-0.969277,-0.236440,0.067809,0.235556,-0.971637,-0.020860,0.070818,-0.004246,0.997480,0,0.36358,-0.46296,21.815,-0.926,-1,400.000,-1,425.000,-1,325.000,325.000,300.000,300.000,-1,-1,-1,-1,800.000,-1,-1,-1,2,0,2,0,2,0,0,0,0,2,2,2,2,0,2,2,2
59,6299.329,-4308.446,-96.137,165.379,-0.965262,-0.252417,0.067494,0.251633,-0.967616,-0.020014,0.070360,-0.002336,0.997519,0,0.36870,-0.47199,22.122,-0.944,-1,400.000,-1,425.000,-1,325.000,350.000,300.000,300.000,-1,-1,-1,-1,800.000,-1,-1,-1,2,0,2,0,2,0,0,0,0,2,2,2,2,0,2,2,2
60,6277.709,-4302.417,-94.655,164.417,-0.960899,-0.268634,0.067146,0.267951,-0.963242,-0.019151,0.069822,-0.000411,0.997559,0,0.37408,-0.48118,22.445,-0.962,-1,400.000,-1,425.000,-1,325.000,350.000,300.000,300.000,-1,-1,-1,-1,800.000,-1,-1,-1,2,0,2,0,2,0,0,0,0,2,2,2,2,0,2,2,2
61,6255.870,-4295.922,-93.165,163.436,-0.956174,-0.285087,0.066763,0.284505,-0.958500,-0.018268,0.069201,0.001527,0.997602,0,0.37973,-0.49054,22.784,-0.981,-1,400.000,-1,425.000,-1,325.000,350.000,300.000,300.000,-1,-1,-1,-1,825.000,-1,-1,-1,2,0,2,0,2,0,0,0,0,2,2,2,2,0,2,2,2
62,6232.053,-4288.384,-91.548,162.437,-0.951077,-0.301754,0.066305,0.301279,-0.953379,-0.017281,0.068429,0.003541,0.997650,0,0.41636,-0.49950,24.981,-0.999,-1,400.000,-1,450.000,-1,325.000,350.000,300.000,300.000,-1,-1,-1,-1,825.000,-1,-1,-1,2,0,2,0,2,0,0,0,0,2,2,2,2,0,2,2,2
63,6208.191,-4280.362,-89.938,161.419,-0.945590,-0.318635,0.065808,0.318268,-0.947861,-0.016273,0.067562,0.005557,0.997700,0,0.41957,-0.50881,25.174,-1.018,-1,400.000,-1,450.000,-1,325.000,350.000,300.000,300.000,-1,-1,-1,-1,825.000,-1,-1,-1,2,0,2,0,2,0,0,0,0,2,2,2,2,0,2,2,2
64,6184.277,-4271.839,-88.337,160.383,-0.939696,-0.335726,0.065268,0.335465,-0.941929,-0.015242,0.066595,0.007572,0.997751,0,0.42313,-0.51829,25.388,-1.037,-1,400.000,-1,450.000,-1,325.000,350.000,300.000,300.000,-1,-1,-1,-1,850.000,-1,-1,-1,2,0,2,0,2,0,0,0,0,2,2,2,2,0,2,2,2
65,6155.985,-4261.310,-86.454,159.586,-0.934977,-0.348783,0.064565,0.348633,-0.937156,-0.013940,0.065369,0.009476,0.997816,0,0.50313,-0.39829,30.188,-0.797,-1,400.000,-1,450.000,-1,325.000,350.000,300.000,275.000,-1,-1,-1,-1,850.000,-1,-1,-1,2,0,2,0,2,0,0,0,0,2,2,2,2,0,2,2,2
66,6126.107,-4249.859,-84.485,159.030,-0.931594,-0.357864,0.063763,0.357820,-0.933707,-0.012492,0.064007,0.011178,0.997887,0,0.53329,-0.27829,31.998,-0.557,-1,400.000,-1,450.000,-1,325.000,350.000,300.000,275.000,-1,-1,-1,-1,850.000,-1,-1,-1,2,0,2,0,2,0,0,0,0,2,2,2,2,0,2,2,2
67,6095.928,-4238.101,-82.520,158.713,-0.929660,-0.363011,0.062898,0.363066,-0.931699,-0.010963,0.062582,0.012644,0.997960,0,0.53981,-0.15829,32.389,-0.317,-1,400.000,-1,450.000,-1,325.000,350.000,300.000,275.000,-1,-1,-1,-1,850.000,-1,-1,-1,2,0,2,0,2,0,0,0,0,2,2,2,2,0,2,2,2
68,6065.370,-4226.148,-80.554,158.636,-0.929237,-0.364250,0.061970,0.364395,-0.931198,-0.009353,0.061113,0.013891,0.998034,0,0.54689,-0.03829,32.813,-0.077,-1,400.000,-1,450.000,-1,350.000,350.000,300.000,275.000,-1,-1,-1,-1,875.000,-1,-1,-1,2,0,2,0,2,0,0,0,0,2,2,2,2,0,2,2,2
69,6034.356,-4214.111,-78.585,158.787,-0.930261,-0.361795,0.060979,0.362023,-0.932138,-0.007664,0.059613,0.014946,0.998110,0,0.55446,0.07531,33.268,0.151,-1,400.000,-1,450.000,-1,350.000,350.000,300.000,275.000,-1,-1,-1,-1,875.000,-1,-1,-1,2,0,2,0,2,0,0,0,0,2,2,2,2,0,2,2,2
70,6002.869,-4201.969,-76.582,158.912,-0.931122,-0.359760,0.059878,0.360079,-0.932904,-0.005750,0.057929,0.016207,0.998189,0,0.56246,0.06230,33.748,0.125,-1,400.000,-1,450.000,-1,350.000,350.000,300.000,275.000,-1,-1,-1,-1,875.000,-1,-1,-1,2,0,2,0,2,0,0,0,0,2,2,2,2,0,2,2,2
71,5970.903,-4189.705,-74.605,159.010,-0.931820,-0.358154,0.058631,0.358557,-0.933500,-0.003851,0.056111,0.017434,0.998272,0,0.57064,0.04908,34.238,0.098,-1,425.000,-1,450.000,-1,350.000,350.000,300.000,275.000,-1,-1,-1,-1,875.000,-1,-1,-1,2,0,2,0,2,0,0,0,0,2,2,2,2,0,2,2,2
72,5938.453,-4177.302,-72.761,159.081,-0.932381,-0.356988,0.056790,0.357444,-0.933932,-0.002259,0.053844,0.018193,0.998384,0,0.57900,0.03562,34.740,0.071,-1,400.000,-1,450.000,-1,350.000,350.000,300.000,300.000,-1,-1,-1,-1,875.000,-1,-1,-1,2,0,2,0,2,0,0,0,0,2,2,2,2,0,2,2,2
73,5905.514,-4164.740,-70.929,159.125,-0.932770,-0.356268,0.054904,0.356772,-0.934191,-0.000651,0.051522,0.018981,0.998491,0,0.58755,0.02194,35.253,0.044,-1,400.000,-1,450.000,-1,350.000,350.000,300.000,300.000,-1,-1,-1,-1,875.000,-1,-1,-1,2,0,2,0,2,0,0,0,0,2,2,2,2,0,2,2,2
74,5872.081,-4152.001,-69.112,159.141,-0.932983,-0.356001,0.052972,0.356549,-0.934276,0.000978,0.049142,0.019800,0.998596,0,0.59631,0.00801,35.778,0.016,-1,400.000,-1,450.000,-1,350.000,350.000,275.000,300.000,-1,-1,-1,-1,875.000,-1,-1,-1,2,0,2,0,2,0,0,0,0,2,2,2,2,0,2,2,2
75,5838.148,-4139.063,-67.344,159.129,-0.933012,-0.356194,0.051130,0.356789,-0.934181,0.002712,0.046798,0.020773,0.998688,0,0.60526,-0.00616,36.316,-0.012,-1,400.000,-1,450.000,-1,350.000,350.000,275.000,300.000,-1,-1,-1,-1,875.000,-1,-1,-1,2,0,2,0,2,0,0,0,0,2,2,2,2,0,2,2,2
76,5803.711,-4125.904,-65.740,159.087,-0.932832,-0.356854,0.049791,0.357516,-0.933895,0.004797,0.044787,0.022276,0.998748,0,0.61443,-0.02058,36.866,-0.041,-1,400.000,-1,450.000,-1,350.000,350.000,275.000,300.000,-1,-1,-1,-1,875.000,1000.000,-1,-1,2,0,2,0,2,0,0,0,0,2,2,2,2,0,0,2,2
77,5768.763,-4112.502,-64.232,159.017,-0.932478,-0.357990,0.048246,0.358714,-0.933422,0.006974,0.042537,0.023810,0.998811,0,0.62383,-0.03526,37.430,-0.071,-1,400.000,-1,450.000,-1,325.000,350.000,275.000,300.000,-1,-1,-1,-1,875.000,975.000,-1,-1,2,0,2,0,2,0,0,0,0,2,2,2,2,0,0,2,2
78,5733.301,-4098.830,-62.769,158.917,-0.931934,-0.359611,0.046681,0.360392,-0.932755,0.009257,0.040213,0.025451,0.998867,0,0.63345,-0.05021,38.007,-0.100,-1,400.000,-1,450.000,-1,325.000,350.000,275.000,300.000,-1,-1,-1,-1,850.000,975.000,-1,-1,2,0,2,0,2,0,0,0,0,2,2,2,2,0,0,2,2
79,5697.318,-4084.863,-61.337,158.786,-0.931192,-0.361724,0.045123,0.362556,-0.931890,0.011572,0.037863,0.027136,0.998914,0,0.64331,-0.06543,38.598,-0.131,-1,400.000,-1,425.000,-1,325.000,350.000,275.000,300.000,-1,-1,-1,-1,850.000,950.000,-1,-1,2,0,2,0,2,0,0,0,0,2,2,2,2,0,0,2,2
80,5660.811,-4070.574,-59.939,158.624,-0.930247,-0.364338,0.043570,0.365214,-0.930820,0.013920,0.035484,0.028862,0.998953,0,0.65341,-0.08092,39.204,-0.162,-1,400.000,-1,425.000,-1,325.000,350.000,300.000,300.000,-1,-1,-1,-1,850.000,925.000,-1,-1,2,0,2,0,2,0,0,0,0,2,2,2,2,0,0,2,2
81,5623.774,-4055.934,-58.577,158.430,-0.929090,-0.367459,0.042025,0.368372,-0.929535,0.016303,0.033073,0.030628,0.998984,0,0.66376,-0.09671,39.826,-0.193,-1,400.000,-1,425.000,-1,325.000,350.000,300.000,300.000,-1,-1,-1,-1,850.000,900.000,-1,-1,2,0,2,0,2,0,0,0,0,2,2,2,2,0,0,2,2
82,5586.203,-4040.911,-57.254,158.205,-0.927712,-0.371094,0.040489,0.372038,-0.928029,0.018721,0.030628,0.032431,0.999005,0,0.67438,-0.11279,40.463,-0.226,-1,400.000,-1,425.000,-1,325.000,350.000,300.000,300.000,-1,-1,-1,-1,850.000,900.000,-1,-1,2,0,2,0,2,0,0,0,0,2,2,2,2,0,0,2,2
83,5548.096,-4025.474,-55.975,157.946,-0.926104,-0.375252,0.038963,0.376218,-0.926289,0.021176,0.028145,0.034269,0.999016,0,0.68526,-0.12917,41.116,-0.258,-1,400.000,-1,425.000,-1,325.000,350.000,300.000,300.000,-1,-1,-1,-1,825.000,875.000,-1,-1,2,0,2,0,2,0,0,0,0,2,2,2,2,0,0,2,2
84,5509.448,-4009.589,-54.744,157.655,-0.924254,-0.379938,0.037448,0.380918,-0.924306,0.023668,0.025621,0.036140,0.999018,0,0.69642,-0.14586,41.785,-0.292,-1,400.000,-1,425.000,-1,325.000,350.000,300.000,300.000,-1,-1,-1,-1,825.000,850.000,-1,-1,2,0,2,0,2,0,0,0,0,2,2,2,2,0,0,2,2
85,5470.521,-3993.341,-53.572,157.344,-0.922248,-0.384923,0.035957,0.385909,-0.922165,0.026181,0.023080,0.038021,0.999010,0,0.70305,-0.15550,42.183,-0.311,-1,400.000,-1,425.000,-1,325.000,350.000,300.000,300.000,-1,-1,-1,-1,825.000,825.000,-1,-1,2,0,2,0,2,0,0,0,0,2,2,2,2,0,0,2,2
86,5431.441,-3976.770,-52.465,157.020,-0.920130,-0.390091,0.034496,0.391075,-0.919911,0.028705,0.020536,0.039903,0.998993,0,0.70746,-0.16165,42.447,-0.323,-1,400.000,-1,425.000,-1,325.000,325.000,300.000,300.000,-1,-1,-1,-1,800.000,825.000,-1,-1,2,0,2,0,2,0,0,0,0,2,2,2,2,0,0,2,2
87,5392.210,-3959.863,-51.424,156.685,-0.917894,-0.395444,0.033069,0.396417,-0.917539,0.031230,0.017992,0.041775,0.998965,0,0.71199,-0.16787,42.719,-0.336,-1,400.000,-1,425.000,-1,325.000,325.000,300.000,300.000,-1,-1,-1,-1,800.000,800.000,-1,-1,2,0,2,0,2,0,0,0,0,2,2,2,2,0,0,2,2
88,5352.835,-3942.609,-50.600,156.337,-0.915525,-0.400991,0.031934,0.401939,-0.915079,0.032801,0.016069,0.042865,0.998952,0,0.71650,-0.17397,42.990,-0.348,-1,400.000,-1,400.000,-1,325.000,325.000,300.000,300.000,-1,-1,-1,-1,800.000,775.000,-1,-1,2,0,2,0,2,0,0,0,0,2,2,2,2,0,0,2,2
89,5313.565,-3925.116,-49.916,155.989,-0.913126,-0.406526,0.030608,0.407435,-0.912595,0.034170,0.014041,0.043672,0.998947,0,0.71650,-0.17397,42.990,-0.348,-1,400.000,-1,400.000,-1,325.000,325.000,300.000,300.000,-1,-1,-1,-1,775.000,775.000,-1,-1,2,0,2,0,2,0,0,0,0,2,2,2,2,0,0,2,2
90,5270.112,-3905.223,-49.348,155.401,-0.908975,-0.415859,0.028718,0.416695,-0.908354,0.035469,0.011336,0.044207,0.998958,0,0.79650,-0.29397,47.790,-0.588,-1,400.000,-1,400.000,-1,325.000,325.000,300.000,300.000,-1,-1,-1,-1,750.000,750.000,-1,-1,2,0,2,0,2,0,0,0,0,2,2,2,2,0,0,2,2
91,5226.246,-3884.368,-48.835,154.573,-0.902934,-0.428927,0.027050,0.429694,-0.902220,0.036924,0.008567,0.044963,0.998952,0,0.80952,-0.41397,48.571,-0.828,-1,400.000,-1,400.000,-1,325.000,325.000,300.000,300.000,-1,-1,-1,-1,750.000,750.000,-1,-1,2,0,2,0,2,0,0,0,0,2,2,2,2,0,0,2,2
92,5182.775,-3862.699,-48.436,153.505,-0.894837,-0.445652,0.025718,0.446354,-0.894037,0.038281,0.005933,0.045734,0.998936,0,0.80952,-0.53397,48.571,-1.068,-1,375.000,-1,400.000,-1,325.000,325.000,300.000,300.000,-1,-1,-1,-1,725.000,725.000,-1,-1,2,0,2,0,2,0,0,0,0,2,2,2,2,0,0,2,2
93,5139.811,-3840.044,-48.163,152.197,-0.884476,-0.465919,0.024921,0.466572,-0.883585,0.039852,0.003452,0.046875,0.998895,0,0.80952,-0.65397,48.571,-1.308,-1,375.000,-1,375.000,-1,325.000,325.000,300.000,300.000,-1,-1,-1,-1,700.000,725.000,-1,-1,2,0,2,0,2,0,0,0,0,2,2,2,2,0,0,2,2
94,5097.474,-3816.237,-47.958,150.649,-0.871612,-0.489587,0.024458,0.490196,-0.870622,0.041538,0.000957,0.048194,0.998838,0,0.80952,-0.77397,48.571,-1.548,-1,375.000,-1,375.000,-1,300.000,300.000,300.000,300.000,-1,-1,-1,-1,700.000,700.000,-1,-1,2,0,2,0,2,0,0,0,0,2,2,2,2,0,0,2,2
95,5055.820,-3791.253,-47.683,149.044,-0.857588,-0.513758,0.024409,0.514337,-0.856528,0.042641,-0.001000,0.049123,0.998792,0,0.80952,-0.80255,48.571,-1.605,-1,375.000,-1,375.000,-1,300.000,300.000,300.000,300.000,-1,-1,-1,-1,675.000,700.000,-1,-1,2,0,2,0,2,0,0,0,0,2,2,2,2,0,0,2,2
96,5014.883,-3765.112,-47.341,147.439,-0.842879,-0.537534,0.024729,0.538098,-0.841779,0.043118,-0.002361,0.049650,0.998764,0,0.80952,-0.80255,48.571,-1.605,-1,375.000,-1,375.000,-1,300.000,300.000,300.000,300.000,-1,-1,-1,-1,675.000,700.000,-1,-1,2,0,2,0,2,0,0,0,0,2,2,2,2,0,0,2,2
97,4974.690,-3737.831,-47.055,145.833,-0.827499,-0.560896,0.025328,0.561457,-0.826362,0.043499,-0.003469,0.050216,0.998732,0,0.80961,-0.80288,48.576,-1.606,-1,375.000,-1,375.000,-1,300.000,300.000,325.000,300.000,-1,-1,-1,-1,675.000,700.000,-1,-1,2,0,2,0,2,0,0,0,0,2,2,2,2,0,0,2,2
98,4935.248,-3709.409,-46.827,144.222,-0.811413,-0.583886,0.026206,0.584458,-0.810244,0.043757,-0.004316,0.050821,0.998698,0,0.81025,-0.80541,48.615,-1.611,-1,375.000,-1,375.000,-1,300.000,300.000,325.000,300.000,-1,-1,-1,-1,675.000,700.000,-1,-1,2,0,2,0,2,0,0,0,0,2,2,2,2,0,0,2,2
99,4896.591,-3679.860,-46.660,142.606,-0.794626,-0.606483,0.027358,0.607080,-0.793429,0.043860,-0.004894,0.051461,0.998663,0,0.81093,-0.80800,48.656,-1.616,-1,375.000,-1,375.000,-1,300.000,300.000,325.000,300.000,-1,-1,-1,-1,675.000,700.000,-1,-1,2,0,2,0,2,0,0,0,0,2,2,2,2,0,0,2,2
100,4858.752,-3649.203,-46.557,140.985,-0.777142,-0.628667,0.028778,0.629303,-0.775925,0.043782,-0.005195,0.052134,0.998627,0,0.81166,-0.81063,48.700,-1.621,-1,375.000,-1,375.000,-1,300.000,300.000,325.000,300.000,-1,-1,-1,-1,650.000,725.000,-1,-1,2,0,2,0,2,0,0,0,0,2,2,2,2,0,0,2,2
101,4821.763,-3617.453,-46.643,139.358,-0.758955,-0.650432,0.030432,0.651125,-0.757759,0.042868,-0.004822,0.052350,0.998617,0,0.81243,-0.81333,48.746,-1.627,-1,375.000,-1,375.000,-1,300.000,300.000,325.000,300.000,-1,-1,-1,-1,650.000,725.000,-1,-1,2,0,2,0,2,0,0,0,0,2,2,2,2,0,0,2,2
102,4785.658,-3584.630,-46.919,137.726,-0.740089,-0.671759,0.031748,0.672494,-0.738935,0.041556,-0.004456,0.052105,0.998632,0,0.81324,-0.81607,48.794,-1.632,-1,375.000,-1,375.000,-1,300.000,300.000,325.000,300.000,-1,-1,-1,-1,650.000,750.000,-1,-1,2,0,2,0,2,0,0,0,0,2,2,2,2,0,0,2,2
103,4750.469,-3550.753,-47.214,136.089,-0.720558,-0.692608,0.033030,0.693382,-0.719440,0.040342,-0.004179,0.051971,0.998640,0,0.81410,-0.81883,48.846,-1.638,-1,375.000,-1,375.000,-1,300.000,300.000,325.000,300.000,-1,-1,-1,-1,650.000,750.000,-1,-1,2,0,2,0,2,0,0,0,0,2,2,2,2,0,0,2,2
104,4716.227,-3515.842,-47.519,134.445,-0.700373,-0.712952,0.034316,0.713766,-0.699284,0.039238,-0.003978,0.051975,0.998640,0,0.81500,-0.82157,48.900,-1.643,-1,375.000,-1,375.000,-1,300.000,300.000,325.000,300.000,-1,-1,-1,-1,650.000,775.000,-1,-1,2,0,2,0,2,0,0,0,0,2,2,2,2,0,0,2,2
105,4682.966,-3479.920,-47.850,132.797,-0.679542,-0.732768,0.035697,0.733627,-0.678475,0.038255,-0.003812,0.052183,0.998630,0,0.81594,-0.82433,48.956,-1.649,-1,375.000,-1,400.000,-1,300.000,300.000,325.000,300.000,-1,-1,-1,-1,650.000,775.000,-1,-1,2,0,2,0,2,0,0,0,0,2,2,2,2,0,0,2,2
106,4650.716,-3443.007,-48.101,131.143,-0.658065,-0.752014,0.037754,0.752954,-0.657009,0.037411,-0.003329,0.053046,0.998587,0,0.81692,-0.82711,49.015,-1.654,-1,375.000,-1,400.000,-1,300.000,325.000,325.000,300.000,-1,-1,-1,-1,650.000,800.000,-1,-1,2,0,2,0,2,0,0,0,0,2,2,2,2,0,0,2,2
107,4619.509,-3405.129,-48.365,129.483,-0.635962,-0.770682,0.040009,0.771715,-0.634912,0.036647,-0.002842,0.054182,0.998527,0,0.81795,-0.82992,49.077,-1.660,-1,375.000,-1,400.000,-1,300.000,325.000,325.000,300.000,-1,-1,-1,-1,650.000,825.000,-1,-1,2,0,2,0,2,0,0,0,0,2,2,2,2,0,0,2,2
108,4589.377,-3366.309,-48.646,127.817,-0.613247,-0.788749,0.042457,0.789887,-0.612197,0.035949,-0.002362,0.055582,0.998451,0,0.81903,-0.83274,49.142,-1.665,-1,375.000,-1,400.000,-1,300.000,325.000,325.000,300.000,-1,-1,-1,-1,675.000,825.000,-1,-1,2,0,2,0,2,0,0,0,0,2,2,2,2,0,0,2,2
109,4560.350,-3326.572,-49.107,126.146,-0.589956,-0.806164,0.045304,0.807432,-0.588859,0.036039,-0.002376,0.057841,0.998323,0,0.82015,-0.83558,49.209,-1.671,-1,375.000,-1,400.000,-1,325.000,325.000,325.000,300.000,-1,625.000,575.000,-1,700.000,850.000,-1,-1,2,0,2,0,2,0,0,0,0,2,0,0,2,0,0,2,2
110,4532.459,-3285.946,-49.608,124.469,-0.566095,-0.822924,0.048305,0.824336,-0.564929,0.036404,-0.002669,0.060427,0.998169,0,0.82131,-0.83845,49.278,-1.677,-1,375.000,-1,425.000,-1,325.000,325.000,325.000,300.000,-1,575.000,525.000,-1,700.000,850.000,-1,-1,2,0,2,0,2,0,0,0,0,2,0,0,2,0,0,2,2
111,4505.733,-3244.458,-49.902,122.787,-0.541705,-0.839054,0.050438,0.840561,-0.540455,0.036962,-0.003754,0.062419,0.998043,0,0.82251,-0.84133,49.351,-1.683,-1,375.000,-1,425.000,-1,325.000,325.000,325.000,300.000,-1,600.000,550.000,-1,725.000,875.000,-1,-1,2,0,2,0,2,0,0,0,0,2,0,0,2,0,0,2,2
112,4480.203,-3202.136,-50.217,121.098,-0.516775,-0.854494,0.052761,0.856107,-0.515425,0.037648,-0.004976,0.064625,0.997897,0,0.82376,-0.84423,49.425,-1.688,-1,375.000,-1,425.000,-1,325.000,325.000,325.000,300.000,-1,650.000,575.000,-1,725.000,875.000,-1,-1,2,0,2,0,2,0,0,0,0,2,0,0,2,0,0,2,2
113,4455.897,-3159.010,-50.645,119.404,-0.491305,-0.869243,0.055102,0.870967,-0.489870,0.038010,-0.006048,0.066666,0.997757,0,0.82504,-0.84714,49.503,-1.694,-1,400.000,-1,425.000,-1,325.000,350.000,325.000,300.000,-1,700.000,600.000,-1,750.000,900.000,-1,-1,2,0,2,0,2,0,0,0,0,2,0,0,2,0,0,2,2
114,4432.845,-3115.112,-51.142,117.704,-0.465321,-0.883271,0.057517,0.885113,-0.463800,0.038266,-0.007123,0.068715,0.997611,0,0.82637,-0.85008,49.582,-1.700,-1,400.000,-1,425.000,-1,325.000,350.000,325.000,300.000,-1,750.000,625.000,-1,775.000,900.000,-1,-1,2,0,2,0,2,0,0,0,0,2,0,0,2,0,0,2,2
115,4411.075,-3070.472,-52.225,115.998,-0.438930,-0.896692,0.057300,0.898466,-0.437299,0.039100,-0.010004,0.068644,0.997591,0,0.82774,-0.85304,49.664,-1.706,-1,400.000,-1,425.000,-1,325.000,350.000,300.000,300.000,-1,875.000,700.000,-1,775.000,900.000,-1,-1,2,0,2,0,2,0,0,0,0,2,0,0,2,0,0,2,2
116,4390.615,-3025.124,-53.400,114.286,-0.412067,-0.909367,0.057025,0.911060,-0.410319,0.040097,-0.013065,0.068476,0.997567,0,0.82915,-0.85601,49.749,-1.712,-1,400.000,-1,425.000,-1,325.000,350.000,300.000,300.000,-1,1000.000,800.000,-1,775.000,900.000,-1,-1,2,0,2,0,2,0,0,0,0,2,0,0,2,0,0,2,2
117,4371.489,-2979.103,-54.586,112.568,-0.384766,-0.921257,0.056928,0.922867,-0.382871,0.041549,-0.016481,0.068524,0.997513,0,0.83059,-0.85900,49.836,-1.718,-1,400.000,-1,425.000,-1,325.000,350.000,300.000,300.000,-1,-1,950.000,-1,775.000,875.000,-1,-1,2,0,2,0,2,0,0,0,0,2,2,0,2,0,0,2,2
118,4353.725,-2932.445,-55.796,110.844,-0.357045,-0.932345,0.057016,0.933868,-0.354976,0.043382,-0.020207,0.068735,0.997430,0,0.83207,-0.86201,49.924,-1.724,-1,400.000,-1,425.000,-1,325.000,350.000,300.000,300.000,-1,-1,-1,-1,775.000,875.000,-1,-1,2,0,2,0,2,0,0,0,0,2,2,2,2,0,0,2,2
119,4339.124,-2889.747,-56.965,108.880,-0.325061,-0.943967,0.057108,0.945383,-0.322815,0.045185,-0.024218,0.068677,0.997345,0,0.75207,-0.98201,45.124,-1.964,-1,400.000,-1,425.000,-1,325.000,350.000,275.000,300.000,-1,-1,-1,-1,800.000,850.000,-1,-1,2,0,2,0,2,0,0,0,0,2,2,2,2,0,0,2,2
120,4326.857,-2849.315,-58.129,106.880,-0.292101,-0.954671,0.057267,0.955969,-0.289679,0.047002,-0.028283,0.068475,0.997252,0,0.70418,-1.00000,42.251,-2.000,-1,400.000,-1,425.000,-1,325.000,350.000,275.000,300.000,-1,-1,-1,-1,800.000,850.000,-1,-1,2,0,2,0,2,0,0,0,0,2,2,2,2,0,0,2,2
121,4315.979,-2808.371,-59.363,104.880,-0.258795,-0.964217,0.057532,0.965387,-0.256189,0.048936,-0.032446,0.068205,0.997144,0,0.70606,-1.00000,42.364,-2.000,-1,400.000,-1,425.000,-1,325.000,350.000,275.000,300.000,-1,-1,-1,-1,800.000,825.000,-1,-1,2,0,2,0,2,0,0,0,0,2,2,2,2,0,0,2,2
122,4306.511,-2766.956,-60.669,102.880,-0.225184,-0.972594,0.057908,0.973625,-0.222388,0.050969,-0.036694,0.067858,0.997020,0,0.70803,-1.00000,42.482,-2.000,-1,400.000,-1,400.000,-1,325.000,350.000,275.000,300.000,-1,-1,-1,-1,800.000,825.000,-1,-1,2,0,2,0,2,0,0,0,0,2,2,2,2,0,1,2,2
123,4298.470,-2725.116,-62.046,100.880,-0.191307,-0.979791,0.058399,0.980673,-0.188315,0.053086,-0.041016,0.067426,0.996881,0,0.71008,-1.00000,42.605,-2.000,-1,400.000,-1,400.000,-1,325.000,325.000,275.000,300.000,-1,-1,-1,-1,800.000,825.000,-1,-1,2,0,2,0,2,0,0,0,0,2,2,2,2,0,1,2,2
124,4291.875,-2682.894,-63.497,98.880,-0.157204,-0.985802,0.059004,0.986522,-0.154011,0.055267,-0.045395,0.066897,0.996727,0,0.71222,-1.00000,42.733,-2.000,-1,400.000,-1,400.000,-1,325.000,325.000,275.000,300.000,-1,-1,-1,-1,800.000,-1,-1,-1,2,0,2,0,2,0,0,0,0,2,2,2,2,0,2,2,2
125,4286.741,-2640.335,-65.140,96.880,-0.122918,-0.990590,0.060191,0.991183,-0.119515,0.057213,-0.049481,0.066693,0.996546,0,0.71443,-1.00000,42.866,-2.000,-1,400.000,-1,400.000,-1,325.000,325.000,300.000,300.000,-1,-1,-1,-1,800.000,-1,-1,-1,2,0,2,0,2,0,0,0,0,2,2,2,2,0,2,2,2
126,4283.084,-2597.486,-67.044,94.880,-0.088444,-0.994195,0.061271,0.994667,-0.084874,0.058596,-0.053055,0.066127,0.996400,0,0.71673,-1.00000,43.004,-2.000,-1,400.000,-1,400.000,-1,325.000,325.000,300.000,300.000,-1,-1,-1,-1,800.000,-1,-1,-1,2,0,2,0,2,0,0,0,0,2,2,2,2,0,2,2,2
127,4280.919,-2554.392,-69.506,92.880,-0.053698,-0.996716,0.060605,0.997006,-0.050134,0.058865,-0.055634,0.063585,0.996425,0,0.71911,-1.00000,43.147,-2.000,-1,400.000,-1,400.000,-1,325.000,325.000,300.000,300.000,-1,-1,-1,-1,800.000,-1,-1,-1,2,0,2,0,2,0,0,0,0,2,2,2,2,0,2,2,2
128,4280.256,-2511.102,-72.072,90.880,-0.018868,-0.998027,0.059884,0.998132,-0.015321,0.059138,-0.058104,0.060888,0.996452,0,0.72157,-1.00000,43.294,-2.000,-1,400.000,-1,400.000,-1,325.000,325.000,300.000,300.000,-1,-1,-1,-1,800.000,-1,-1,-1,2,0,2,0,2,0,0,0,0,2,2,2,2,0,2,2,2
129,4281.108,-2467.663,-74.736,88.880,0.016005,-0.998123,0.059113,0.998043,0.019522,0.059412,-0.060454,0.058046,0.996482,0,0.72411,-1.00000,43.446,-2.000,-1,400.000,-1,400.000,-1,325.000,325.000,300.000,300.000,-1,-1,-1,-1,800.000,-1,-1,-1,2,0,2,0,2,0,0,0,0,2,2,2,2,0,2,2,2
130,4283.484,-2424.124,-77.492,86.880,0.050877,-0.997002,0.058293,0.996736,0.054353,0.059686,-0.062675,0.055066,0.996514,0,0.72672,-1.00000,43.603,-2.000,-1,400.000,-1,400.000,-1,325.000,325.000,300.000,300.000,-1,-1,-1,-1,800.000,-1,-1,-1,2,0,2,0,2,0,0,0,0,2,2,2,2,0,2,2,2
131,4287.392,-2380.534,-80.336,84.880,0.085707,-0.994664,0.057422,0.994213,0.089130,0.059962,-0.064760,0.051950,0.996548,0,0.72941,-1.00000,43.764,-2.000,-1,400.000,-1,375.000,-1,325.000,325.000,275.000,300.000,-1,-1,-1,-1,800.000,-1,-1,-1,2,0,2,0,2,0,0,0,0,2,2,2,2,0,2,2,2
132,4292.839,-2336.942,-83.263,82.880,0.120452,-0.991110,0.056499,0.990476,0.123809,0.060241,-0.066701,0.048704,0.996584,0,0.73216,-1.00000,43.930,-2.000,-1,400.000,-1,375.000,-1,325.000,325.000,300.000,300.000,-1,-1,-1,-1,800.000,-1,-1,-1,2,0,2,0,2,0,0,0,0,2,2,2,2,0,2,2,2
133,4299.831,-2293.400,-86.268,80.880,0.155069,-0.986342,0.055521,0.985527,0.158348,0.060525,-0.068491,0.045332,0.996621,0,0.73499,-1.00000,44.099,-2.000,-1,400.000,-1,375.000,-1,325.000,325.000,300.000,300.000,-1,-1,-1,-1,800.000,-1,-1,-1,2,0,2,0,2,0,0,0,0,2,2,2,2,0,2,2,2
134,4308.372,-2249.959,-89.346,78.880,0.189516,-0.980365,0.054488,0.979370,0.192704,0.060817,-0.070123,0.041838,0.996661,0,0.73787,-1.00000,44.272,-2.000,-1,400.000,-1,375.000,-1,325.000,325.000,300.000,300.000,-1,-1,-1,-1,800.000,-1,-1,-1,2,0,2,0,2,1,0,0,0,2,2,2,2,0,2,2,2
135,4318.987,-2204.425,-92.655,76.880,0.223753,-0.973185,0.053337,0.972013,0.226834,0.061127,-0.071587,0.038167,0.996704,0,0.77924,-1.00000,46.754,-2.000,-1,400.000,-1,425.000,-1,325.000,325.000,300.000,300.000,-1,-1,-1,-1,800.000,-1,-1,-1,2,1,2,1,2,1,1,0,0,2,2,2,2,0,2,2,2
136,4331.286,-2158.913,-96.044,74.880,0.257736,-0.964809,0.052114,0.963463,0.260696,0.061453,-0.072876,0.034372,0.996749,0,0.78575,-1.00000,47.145,-2.000,-1,425.000,-1,-1,-1,350.000,350.000,300.000,300.000,-1,-1,-1,-1,825.000,-1,-1,-1,2,1,2,2,2,1,1,0,0,2,2,2,2,1,2,2,2
137,4345.283,-2113.478,-99.507,72.880,0.291420,-0.955244,0.050816,0.953730,0.294246,0.061797,-0.073984,0.030456,0.996794,0,0.79236,-1.00000,47.541,-2.000,-1,450.000,-1,-1,-1,375.000,400.000,300.000,300.000,-1,-1,-1,-1,975.000,-1,-1,-1,2,1,2,2,2,1,1,0,0,2,2,2,2,1,2,2,2
