timestep,x_cm,y_cm,z_cm,yaw_deg,basis_xx,basis_xy,basis_xz,basis_yx,basis_yy,basis_yz,basis_zx,basis_zy,basis_zz,teleport_flag,throttle_cmd,steering_cmd,cmd_move_cm,cmd_turn_deg,lidar_cm_0,lidar_cm_1,lidar_cm_2,lidar_cm_3,lidar_cm_4,lidar_cm_5,lidar_cm_6,lidar_cm_7,lidar_cm_8,lidar_cm_9,lidar_cm_10,lidar_cm_11,lidar_cm_12,lidar_cm_13,lidar_cm_14,lidar_cm_15,lidar_cm_16,lidar_class_0,lidar_class_1,lidar_class_2,lidar_class_3,lidar_class_4,lidar_class_5,lidar_class_6,lidar_class_7,lidar_class_8,lidar_class_9,lidar_class_10,lidar_class_11,lidar_class_12,lidar_class_13,lidar_class_14,lidar_class_15,lidar_class_16
0,3605.832,-3612.077,-34.609,68.099,0.373558,-0.927576,0.007519,0.926838,0.372907,-0.043714,0.037744,0.023299,0.999016,1,-0.08000,-0.12000,-4.800,-0.240,-1,400.000,-1,400.000,-1,325.000,325.000,300.000,300.000,-1,475.000,450.000,-1,875.000,850.000,-1,-1,2,0,2,0,2,0,0,0,0,2,1,1,2,0,0,2,2
1,3602.177,-3620.954,-34.970,67.619,0.381319,-0.924414,0.007388,0.923672,0.380662,-0.043888,0.037758,0.023560,0.999009,0,-0.16000,-0.24000,-9.600,-0.480,-1,400.000,-1,400.000,-1,325.000,325.000,300.000,300.000,-1,475.000,425.000,-1,875.000,850.000,-1,-1,2,0,2,0,2,0,0,0,0,2,1,1,2,0,0,2,2
2,3596.527,-3634.199,-35.509,66.899,0.392910,-0.919549,0.007191,0.918801,0.392245,-0.044150,0.037778,0.023955,0.998999,0,-0.24000,-0.36000,-14.400,-0.720,-1,400.000,-1,400.000,-1,325.000,325.000,300.000,300.000,-1,450.000,425.000,-1,875.000,850.000,-1,-1,2,0,2,0,2,0,0,0,0,2,1,1,2,0,0,2,2
3,3590.113,-3648.562,-36.094,65.939,0.408267,-0.912836,0.006978,0.912082,0.407591,-0.044450,0.037731,0.024512,0.998987,0,-0.26217,-0.48000,-15.730,-0.960,-1,400.000,-1,400.000,-1,325.000,325.000,300.000,300.000,-1,450.000,400.000,-1,875.000,825.000,-1,-1,2,0,2,0,2,0,0,0,0,2,1,1,2,0,0,2,2
4,3583.383,-3662.922,-36.679,64.888,0.424944,-0.905195,0.006762,0.904437,0.424254,-0.044759,0.037647,0.025136,0.998975,0,-0.26432,-0.52533,-15.859,-1.051,-1,400.000,-1,400.000,-1,325.000,325.000,300.000,300.000,-1,425.000,400.000,-1,875.000,825.000,-1,-1,2,0,2,0,2,0,0,0,0,2,1,1,2,0,0,2,2
5,3576.334,-3677.273,-37.264,63.843,0.441397,-0.897288,0.006542,0.896526,0.440693,-0.045073,0.037560,0.025760,0.998962,0,-0.26647,-0.52276,-15.988,-1.046,-1,400.000,-1,400.000,-1,325.000,325.000,300.000,300.000,-1,425.000,375.000,-1,875.000,825.000,-1,-1,2,0,2,0,2,0,0,0,0,2,1,1,2,0,0,2,2
6,3568.968,-3691.607,-37.850,62.802,0.457622,-0.889124,0.006317,0.888357,0.456905,-0.045390,0.037471,0.026383,0.998949,0,-0.26860,-0.52018,-16.116,-1.040,-1,400.000,-1,400.000,-1,325.000,325.000,300.000,300.000,-1,425.000,350.000,-1,875.000,825.000,-1,-1,2,0,2,0,2,0,0,0,0,2,1,1,2,0,0,2,2
7,3561.223,-3705.884,-38.433,61.522,0.477383,-0.878674,0.006087,0.877904,0.476648,-0.045726,0.037277,0.027173,0.998935,0,-0.27072,-0.64018,-16.243,-1.280,-1,400.000,-1,400.000,-1,325.000,325.000,300.000,300.000,-1,400.000,350.000,-1,875.000,825.000,-1,-1,2,0,2,0,2,0,0,0,0,2,1,1,2,0,0,2,2
8,3553.039,-3720.059,-39.007,60.001,0.500536,-0.865696,0.005839,0.864927,0.499780,-0.046061,0.036957,0.028106,0.998922,0,-0.27280,-0.76018,-16.368,-1.520,-1,400.000,-1,400.000,-1,325.000,325.000,300.000,300.000,-1,400.000,350.000,-1,875.000,825.000,-1,-1,2,0,2,0,2,0,0,0,0,2,1,1,2,0,0,2,2
9,3547.032,-3729.946,-39.381,58.721,0.519757,-0.854296,0.005615,0.853532,0.518989,-0.046197,0.036552,0.028804,0.998917,0,-0.19280,-0.64018,-11.568,-1.280,-1,400.000,-1,400.000,-1,325.000,325.000,300.000,300.000,-1,400.000,325.000,-1,850.000,825.000,-1,-1,2,0,2,0,2,0,0,0,0,2,1,1,2,0,0,2,2
10,3543.414,-3735.665,-39.590,57.681,0.535184,-0.844718,0.005469,0.843961,0.534405,-0.046272,0.036164,0.029379,0.998914,0,-0.11280,-0.52018,-6.768,-1.040,-1,400.000,-1,400.000,-1,325.000,325.000,300.000,300.000,-1,400.000,325.000,-1,850.000,825.000,-1,-1,2,0,2,0,2,0,0,0,0,2,1,1,2,0,0,2,2
11,3542.339,-3737.313,-39.640,56.880,0.546933,-0.837159,0.005402,0.836411,0.546145,-0.046289,0.035801,0.029835,0.998913,0,-0.03280,-0.40018,-1.968,-0.800,-1,400.000,-1,400.000,-1,325.000,325.000,300.000,300.000,-1,400.000,325.000,-1,850.000,825.000,-1,-1,2,0,2,0,2,0,0,0,0,2,1,1,2,0,0,2,2
12,3543.909,-3734.956,-39.533,56.320,0.555095,-0.831769,0.005415,0.831030,0.554301,-0.046252,0.035469,0.030175,0.998915,0,0.04720,-0.28018,2.832,-0.560,-1,400.000,-1,400.000,-1,325.000,325.000,300.000,300.000,-1,425.000,325.000,-1,875.000,825.000,-1,-1,2,0,2,0,2,0,0,0,0,2,1,1,2,0,0,2,2
13,3548.177,-3728.629,-39.273,56.000,0.559738,-0.828651,0.005509,0.827923,0.558939,-0.046164,0.035174,0.030401,0.998919,0,0.12720,-0.16018,7.632,-0.320,-1,400.000,-1,400.000,-1,325.000,325.000,300.000,300.000,-1,425.000,350.000,-1,875.000,825.000,-1,-1,2,0,2,0,2,0,0,0,0,2,1,1,2,0,0,2,2
14,3555.143,-3718.332,-38.861,55.919,0.560901,-0.827864,0.005686,0.827147,0.560099,-0.046024,0.034917,0.030518,0.998924,0,0.20720,-0.04018,12.432,-0.080,-1,400.000,-1,400.000,-1,325.000,325.000,300.000,300.000,-1,450.000,350.000,-1,875.000,825.000,-1,-1,2,0,2,0,2,0,0,0,0,2,1,1,2,0,0,2,2
15,3564.779,-3704.046,-38.294,56.002,0.559714,-0.828665,0.005944,0.827961,0.558909,-0.045833,0.034658,0.030575,0.998931,0,0.28720,0.04110,17.232,0.082,-1,400.000,-1,400.000,-1,325.000,325.000,300.000,300.000,-1,450.000,375.000,-1,875.000,825.000,-1,-1,2,0,2,0,2,0,0,0,0,2,1,1,2,0,0,2,2
16,3577.070,-3685.761,-37.572,56.089,0.558446,-0.829517,0.006281,0.828831,0.557639,-0.045590,0.034315,0.030666,0.998940,0,0.36720,0.04386,22.032,0.088,-1,400.000,-1,400.000,-1,325.000,325.000,300.000,300.000,-1,475.000,400.000,-1,875.000,825.000,-1,-1,2,0,2,0,2,0,0,0,0,2,1,1,2,0,0,2,2
17,3592.003,-3663.469,-36.679,56.184,0.557073,-0.830437,0.006678,0.829774,0.556264,-0.045220,0.033838,0.030732,0.998955,0,0.44720,0.04739,26.832,0.095,-1,400.000,-1,400.000,-1,325.000,325.000,300.000,300.000,-1,500.000,425.000,-1,875.000,800.000,-1,-1,2,0,2,0,2,0,0,0,0,2,1,1,2,0,0,2,2
18,3608.367,-3638.943,-35.693,56.287,0.555572,-0.831438,0.007115,0.830802,0.554764,-0.044777,0.033282,0.030788,0.998972,0,0.49139,0.05170,29.484,0.103,-1,400.000,-1,400.000,-1,325.000,325.000,300.000,300.000,-1,525.000,450.000,-1,875.000,800.000,-1,-1,2,0,2,0,2,0,0,0,0,2,1,1,2,0,0,2,2
19,3624.808,-3614.197,-34.708,56.400,0.553933,-0.832527,0.007574,0.831918,0.553124,-0.044345,0.032729,0.030865,0.998988,0,0.49516,0.05643,29.710,0.113,-1,400.000,-1,400.000,-1,325.000,325.000,300.000,300.000,-1,575.000,500.000,-1,875.000,800.000,-1,-1,2,0,2,0,2,0,0,0,0,2,1,1,2,0,0,2,2
20,3641.322,-3589.226,-33.723,56.523,0.552152,-0.833704,0.008054,0.833122,0.551342,-0.043923,0.032178,0.030963,0.999002,0,0.49897,0.06120,29.938,0.122,-1,400.000,-1,400.000,-1,325.000,325.000,300.000,300.000,-1,600.000,525.000,-1,875.000,800.000,-1,-1,2,0,2,0,2,0,0,0,0,2,1,1,2,0,0,2,2
21,3660.301,-3560.130,-32.597,56.885,0.546867,-0.837175,0.008625,0.836622,0.546058,-0.043398,0.031622,0.030949,0.999021,0,0.57897,0.18120,34.738,0.362,-1,400.000,-1,400.000,-1,325.000,325.000,300.000,300.000,-1,625.000,550.000,-1,875.000,800.000,-1,-1,2,0,2,0,2,0,0,0,0,2,1,1,2,0,0,2,2
22,3681.830,-3526.968,-31.357,57.007,0.545072,-0.838338,0.009250,0.837825,0.544267,-0.042687,0.030752,0.031017,0.999046,0,0.65897,0.06120,39.538,0.122,-1,400.000,-1,400.000,-1,325.000,325.000,300.000,300.000,-1,675.000,600.000,-1,875.000,800.000,-1,-1,2,0,2,0,2,0,0,0,0,2,1,1,2,0,0,2,2
23,3706.050,-3489.829,-29.995,56.890,0.546785,-0.837213,0.009972,0.836749,0.545983,-0.041886,0.029623,0.031246,0.999073,0,0.73897,-0.05880,44.338,-0.118,-1,400.000,-1,400.000,-1,325.000,325.000,300.000,300.000,-1,725.000,650.000,-1,875.000,800.000,-1,-1,2,0,2,0,2,0,0,0,0,2,1,1,2,0,0,2,2
24,3733.148,-3448.838,-28.618,56.532,0.551987,-0.833789,0.010342,0.833365,0.551197,-0.041034,0.028513,0.031269,0.999104,0,0.81897,-0.17880,49.138,-0.358,-1,425.000,-1,400.000,-1,325.000,325.000,300.000,300.000,-1,775.000,700.000,-1,875.000,800.000,-1,-1,2,0,2,0,2,0,0,0,0,2,1,1,2,0,0,2,2
25,3763.179,-3404.033,-27.160,56.168,0.557264,-0.830265,0.010780,0.829887,0.556490,-0.040080,0.027278,0.031281,0.999138,0,0.89897,-0.18225,53.938,-0.364,-1,425.000,-1,400.000,-1,325.000,325.000,300.000,300.000,-1,825.000,750.000,-1,875.000,800.000,-1,-1,2,0,2,0,2,0,0,0,0,2,1,1,2,0,0,2,2
26,3795.216,-3356.895,-25.770,55.799,0.562574,-0.826671,0.011165,0.826350,0.561835,-0.038561,0.025605,0.030920,0.999194,0,0.94992,-0.18461,56.995,-0.369,-1,425.000,-1,400.000,-1,325.000,325.000,300.000,300.000,-1,900.000,825.000,-1,875.000,800.000,-1,-1,2,0,2,0,2,0,0,0,0,2,1,1,2,0,0,2,2
27,3827.470,-3310.100,-24.625,55.424,0.567922,-0.823004,0.011347,0.822754,0.567251,-0.036087,0.023263,0.029831,0.999284,0,0.94723,-0.18747,56.834,-0.375,-1,425.000,-1,400.000,-1,325.000,325.000,300.000,300.000,-1,975.000,900.000,-1,875.000,800.000,-1,-1,2,0,2,0,2,0,0,0,0,2,1,1,2,0,0,2,2
28,3859.956,-3263.634,-23.514,55.042,0.573342,-0.819233,0.011659,0.819049,0.572733,-0.033713,0.020941,0.028878,0.999364,0,0.94494,-0.19067,56.696,-0.381,-1,400.000,-1,400.000,-1,325.000,325.000,300.000,300.000,-1,-1,950.000,-1,875.000,775.000,-1,-1,2,0,2,0,2,0,0,0,0,2,2,1,2,0,0,2,2
29,3892.691,-3217.479,-22.377,54.654,0.578840,-0.815356,0.011818,0.815224,0.578290,-0.031457,0.018814,0.027842,0.999435,0,0.94308,-0.19422,56.585,-0.388,-1,400.000,-1,400.000,-1,325.000,325.000,300.000,300.000,-1,-1,-1,-1,875.000,775.000,-1,-1,2,0,2,0,2,0,0,0,0,2,2,2,2,0,0,2,2
30,3925.696,-3171.622,-21.282,54.258,0.584429,-0.811357,0.011892,0.811264,0.583928,-0.029636,0.017101,0.026968,0.999490,0,0.94166,-0.19808,56.500,-0.396,-1,400.000,-1,400.000,-1,325.000,325.000,300.000,300.000,-1,-1,-1,-1,850.000,775.000,-1,-1,2,0,2,0,2,0,0,0,0,2,2,2,2,0,0,2,2
31,3958.988,-3126.045,-20.240,53.853,0.590115,-0.807229,0.012088,0.807171,0.589652,-0.028041,0.015508,0.026304,0.999534,0,0.94069,-0.20225,56.441,-0.405,-1,400.000,-1,400.000,-1,325.000,325.000,300.000,300.000,-1,-1,-1,-1,850.000,775.000,-1,-1,2,0,2,0,2,0,0,0,0,2,2,2,2,0,0,2,2
32,3992.590,-3080.734,-19.225,53.440,0.595898,-0.802965,0.012369,0.802939,0.595470,-0.026552,0.013955,0.025754,0.999571,0,0.94017,-0.20672,56.410,-0.413,-1,400.000,-1,400.000,-1,325.000,325.000,300.000,300.000,-1,-1,-1,-1,850.000,775.000,-1,-1,2,0,2,0,2,0,0,0,0,2,2,2,2,0,0,2,2
33,4026.524,-3035.676,-18.338,53.017,0.601785,-0.798552,0.013024,0.798564,0.601384,-0.025163,0.012262,0.025543,0.999599,0,0.94011,-0.21147,56.407,-0.423,-1,400.000,-1,400.000,-1,325.000,325.000,300.000,300.000,-1,-1,-1,-1,850.000,750.000,-1,-1,2,0,2,0,2,0,0,0,0,2,2,2,2,0,0,2,2
34,4060.810,-2990.857,-17.565,52.584,0.607780,-0.793988,0.013657,0.794034,0.607404,-0.023890,0.010674,0.025364,0.999621,0,0.94050,-0.21649,56.430,-0.433,-1,400.000,-1,400.000,-1,325.000,325.000,300.000,300.000,1000.000,-1,-1,-1,850.000,750.000,-1,-1,2,0,2,0,2,0,0,0,0,1,2,2,2,0,0,2,2
35,4095.474,-2946.265,-16.827,52.140,0.613887,-0.789265,0.014259,0.789341,0.613535,-0.022734,0.009195,0.025212,0.999640,0,0.94133,-0.22177,56.480,-0.444,-1,400.000,-1,400.000,-1,325.000,325.000,300.000,300.000,-1,-1,-1,-1,850.000,750.000,-1,-1,2,0,2,0,2,0,0,0,0,2,2,2,2,0,0,2,2
36,4130.538,-2901.890,-16.125,51.686,0.620110,-0.784375,0.014829,0.784476,0.619779,-0.021695,0.007826,0.025087,0.999655,0,0.94260,-0.22730,56.556,-0.455,-1,400.000,-1,400.000,-1,325.000,325.000,300.000,300.000,-1,-1,-1,-1,850.000,750.000,-1,-1,2,0,2,0,2,0,0,0,0,2,2,2,2,0,0,2,2
37,4166.025,-2857.722,-15.546,51.220,0.626455,-0.779315,0.014909,0.779428,0.626148,-0.020771,0.006852,0.024633,0.999673,0,0.94430,-0.23308,56.658,-0.466,-1,400.000,-1,375.000,-1,325.000,325.000,300.000,300.000,-1,-1,-1,-1,825.000,725.000,-1,-1,2,0,2,0,2,0,0,0,0,2,2,2,2,0,0,2,2
38,4201.960,-2813.754,-15.207,50.741,0.632928,-0.774086,0.013899,0.774182,0.632649,-0.019945,0.006646,0.023384,0.999704,0,0.94641,-0.23908,56.785,-0.478,-1,400.000,-1,375.000,-1,325.000,325.000,300.000,300.000,-1,-1,-1,-1,825.000,750.000,-1,-1,2,0,2,0,2,0,0,0,0,2,2,2,2,0,0,2,2
39,4238.367,-2769.979,-14.880,50.251,0.639526,-0.768660,0.012971,0.768742,0.639270,-0.019213,0.006476,0.022258,0.999731,0,0.94893,-0.24532,56.936,-0.491,-1,400.000,-1,400.000,-1,325.000,325.000,300.000,300.000,-1,-1,-1,-1,825.000,750.000,-1,-1,2,0,2,0,2,0,0,0,0,2,2,2,2,0,0,2,2
40,4276.961,-2724.389,-14.528,49.750,0.646210,-0.763063,0.012113,0.763132,0.645972,-0.018676,0.006427,0.021313,0.999752,0,0.99555,-0.25020,59.733,-0.500,-1,400.000,-1,400.000,-1,325.000,325.000,300.000,300.000,-1,-1,-1,-1,825.000,750.000,-1,-1,2,0,2,0,2,0,0,0,0,2,2,2,2,0,0,2,2
41,4315.967,-2679.103,-14.257,49.261,0.652683,-0.757550,0.011088,0.757611,0.652488,-0.016894,0.005563,0.019427,0.999796,0,0.99614,-0.24456,59.768,-0.489,-1,400.000,-1,400.000,-1,325.000,325.000,300.000,300.000,-1,-1,-1,-1,825.000,750.000,-1,-1,2,0,2,0,2,0,0,0,0,2,2,2,2,0,0,2,2
42,4355.356,-2634.137,-14.002,48.783,0.658959,-0.752111,0.010116,0.752165,0.658806,-0.014920,0.004557,0.017441,0.999838,0,0.99630,-0.23888,59.778,-0.478,-1,400.000,-1,400.000,-1,325.000,325.000,300.000,300.000,-1,-1,-1,-1,825.000,750.000,-1,-1,2,0,2,0,2,0,0,0,0,2,2,2,2,0,0,2,2
43,4395.099,-2589.504,-13.752,48.317,0.665045,-0.746746,0.009248,0.746795,0.664927,-0.013022,0.003575,0.015566,0.999872,0,0.99606,-0.23320,59.763,-0.466,-1,400.000,-1,400.000,-1,325.000,325.000,300.000,300.000,-1,-1,-1,-1,825.000,750.000,-1,-1,2,0,2,0,2,0,0,0,0,2,2,2,2,0,0,2,2
44,4435.170,-2545.217,-13.523,47.862,0.670943,-0.741460,0.008491,0.741504,0.670854,-0.011270,0.002660,0.013858,0.999900,0,0.99541,-0.22754,59.724,-0.455,-1,400.000,-1,375.000,-1,325.000,325.000,300.000,300.000,-1,-1,-1,-1,825.000,750.000,-1,-1,2,0,2,0,2,0,0,0,0,2,2,2,2,0,0,2,2
45,4475.540,-2501.287,-13.414,47.418,0.676663,-0.736250,0.007913,0.736290,0.676591,-0.010132,0.002106,0.012683,0.999917,0,0.99437,-0.22203,59.662,-0.444,-1,400.000,-1,375.000,-1,325.000,325.000,300.000,300.000,-1,-1,-1,-1,825.000,725.000,-1,-1,2,0,2,0,2,0,0,0,0,2,2,2,2,0,0,2,2
46,4516.188,-2457.728,-13.304,46.980,0.682265,-0.731067,0.007417,0.731103,0.682207,-0.009048,0.001555,0.011595,0.999932,0,0.99298,-0.21895,59.579,-0.438,-1,400.000,-1,375.000,-1,325.000,325.000,300.000,300.000,-1,-1,-1,-1,825.000,725.000,-1,-1,2,0,2,0,2,0,0,0,0,2,2,2,2,0,0,2,2
47,4557.093,-2414.552,-13.087,46.548,0.687762,-0.725907,0.006496,0.725935,0.687717,-0.007975,0.001322,0.010201,0.999947,0,0.99125,-0.21626,59.475,-0.433,-1,400.000,-1,375.000,-1,325.000,325.000,300.000,300.000,-1,-1,-1,-1,825.000,725.000,-1,-1,2,0,2,0,2,0,0,0,0,2,2,2,2,0,0,2,2
48,4595.159,-2375.305,-12.866,45.875,0.696232,-0.717794,0.005657,0.717816,0.696198,-0.007032,0.001109,0.008957,0.999959,0,0.91125,-0.33626,54.675,-0.673,-1,400.000,-1,375.000,-1,325.000,325.000,300.000,300.000,-1,-1,-1,-1,825.000,725.000,-1,-1,2,0,2,0,2,0,0,0,0,2,2,2,2,0,0,2,2
49,4630.420,-2340.032,-12.705,45.010,0.706988,-0.707207,0.005181,0.707226,0.706960,-0.006233,0.000745,0.008071,0.999967,0,0.83125,-0.43252,49.875,-0.865,-1,400.000,-1,375.000,-1,325.000,325.000,300.000,300.000,-1,-1,-1,-1,825.000,725.000,-1,-1,2,0,2,0,2,0,0,0,0,2,2,2,2,0,0,2,2
50,4662.764,-2308.637,-12.616,44.147,0.717551,-0.696487,0.005075,0.696506,0.717530,-0.005578,0.000243,0.007537,0.999972,0,0.75125,-0.43128,45.075,-0.863,-1,400.000,-1,375.000,-1,325.000,325.000,300.000,300.000,-1,-1,-1,-1,825.000,725.000,-1,-1,2,0,2,0,2,0,0,0,0,2,2,2,2,0,0,2,2
51,4692.674,-2280.464,-12.513,43.286,0.727933,-0.685629,0.005082,0.685648,0.727916,-0.005025,-0.000254,0.007142,0.999974,0,0.68482,-0.43047,41.089,-0.861,-1,400.000,-1,375.000,-1,325.000,325.000,300.000,300.000,-1,-1,-1,-1,825.000,725.000,-1,-1,2,0,2,0,2,0,0,0,0,2,2,2,2,0,0,2,2
52,4722.890,-2252.848,-12.523,42.426,0.738142,-0.674630,0.004528,0.674645,0.738129,-0.004417,-0.000362,0.006315,0.999980,0,0.68224,-0.43000,40.934,-0.860,-1,400.000,-1,375.000,-1,325.000,325.000,300.000,300.000,-1,-1,-1,-1,825.000,725.000,-1,-1,2,0,2,0,2,0,0,0,0,2,2,2,2,0,0,2,2
53,4753.399,-2225.793,-12.567,41.567,0.748181,-0.663484,0.003805,0.663495,0.748171,-0.003796,-0.000328,0.005365,0.999986,0,0.67962,-0.42980,40.777,-0.860,-1,400.000,-1,375.000,-1,325.000,325.000,300.000,300.000,-1,-1,-1,-1,825.000,725.000,-1,-1,2,0,2,0,2,0,0,0,0,2,2,2,2,0,0,2,2
54,4784.191,-2199.301,-12.608,40.707,0.758052,-0.652187,0.003115,0.652194,0.758045,-0.003191,-0.000280,0.004451,0.999990,0,0.67700,-0.42985,40.620,-0.860,-1,400.000,-1,375.000,-1,325.000,325.000,300.000,300.000,-1,-1,-1,-1,800.000,750.000,-1,-1,2,0,2,0,2,0,0,0,0,2,2,2,2,0,0,2,2
55,4815.258,-2173.374,-12.645,39.847,0.767759,-0.640734,0.002458,0.640739,0.767755,-0.002603,-0.000219,0.003574,0.999994,0,0.67440,-0.43015,40.464,-0.860,-1,400.000,-1,375.000,-1,325.000,325.000,300.000,300.000,-1,-1,-1,-1,800.000,750.000,-1,-1,2,0,2,0,2,0,0,0,0,2,2,2,2,0,0,2,2
56,4846.592,-2148.013,-12.658,38.985,0.777305,-0.629121,0.001832,0.629123,0.777302,-0.002140,-0.000077,0.002816,0.999996,0,0.67186,-0.43071,40.312,-0.861,-1,400.000,-1,375.000,-1,325.000,325.000,300.000,300.000,-1,-1,-1,-1,800.000,750.000,-1,-1,2,0,2,0,2,0,0,0,0,2,2,2,2,0,0,2,2
57,4878.189,-2123.217,-12.611,38.122,0.786694,-0.617342,0.001230,0.617343,0.786691,-0.001993,0.000263,0.002327,0.999997,0,0.66941,-0.43152,40.165,-0.863,-1,400.000,-1,375.000,-1,325.000,325.000,300.000,300.000,-1,-1,-1,-1,800.000,750.000,-1,-1,2,0,2,0,2,0,0,0,0,2,2,2,2,0,0,2,2
58,4910.046,-2098.987,-12.561,37.257,0.795926,-0.605394,0.000645,0.605394,0.795924,-0.001856,0.000610,0.001868,0.999998,0,0.66707,-0.43257,40.024,-0.865,-1,400.000,-1,375.000,-1,325.000,325.000,300.000,300.000,-1,-1,-1,-1,800.000,750.000,-1,-1,2,0,2,0,2,0,0,0,0,2,2,2,2,0,0,2,2
59,4942.160,-2075.319,-12.509,36.390,0.805002,-0.593272,0.000076,0.593271,0.805001,-0.001730,0.000966,0.001438,0.999998,0,0.66488,-0.43386,39.893,-0.868,-1,400.000,-1,375.000,-1,325.000,325.000,325.000,300.000,-1,-1,-1,-1,800.000,750.000,-1,-1,2,0,2,0,2,0,0,0,0,2,2,2,2,0,0,2,2
60,4974.530,-2052.214,-12.456,35.519,0.813925,-0.580970,-0.000479,0.580968,0.813925,-0.001615,0.001328,0.001037,0.999999,0,0.66285,-0.43539,39.771,-0.871,-1,400.000,-1,400.000,-1,325.000,325.000,325.000,300.000,-1,-1,-1,-1,800.000,750.000,-1,-1,2,0,2,0,2,0,0,0,0,2,2,2,2,0,0,2,2
61,5007.158,-2029.668,-12.514,34.644,0.822695,-0.568483,-0.000978,0.568482,0.822695,-0.000912,0.001323,0.000195,0.999999,0,0.66100,-0.43714,39.660,-0.874,-1,400.000,-1,400.000,-1,325.000,325.000,325.000,300.000,-1,-1,-1,-1,800.000,750.000,-1,-1,2,0,2,0,2,0,0,0,0,2,2,2,2,0,0,2,2
62,5040.046,-2007.679,-12.582,33.766,0.831311,-0.555806,-0.001440,0.555806,0.831312,-0.000159,0.001286,-0.000669,0.999999,0,0.65936,-0.43912,39.562,-0.878,-1,400.000,-1,400.000,-1,325.000,325.000,325.000,300.000,-1,-1,-1,-1,800.000,750.000,-1,-1,2,0,2,0,2,0,0,0,0,2,2,2,2,0,0,2,2
63,5073.198,-1986.246,-12.587,32.884,0.839773,-0.542934,-0.001855,0.542936,0.839774,0.000734,0.001160,-0.001624,0.999998,0,0.65795,-0.44131,39.477,-0.883,-1,400.000,-1,400.000,-1,325.000,325.000,325.000,300.000,-1,-1,-1,-1,800.000,750.000,-1,-1,2,0,2,0,2,0,0,0,0,2,2,2,2,0,0,2,2
64,5106.617,-1965.366,-12.546,31.996,0.848082,-0.529861,-0.002226,0.529865,0.848080,0.001683,0.000996,-0.002607,0.999996,0,0.65677,-0.44372,39.406,-0.887,-1,400.000,-1,400.000,-1,325.000,325.000,325.000,300.000,-1,-1,-1,-1,775.000,750.000,-1,-1,2,0,2,0,2,0,0,0,0,2,2,2,2,0,0,2,2
65,5140.311,-1945.038,-12.483,31.104,0.856233,-0.516583,-0.002564,0.516588,0.856230,0.002579,0.000863,-0.003533,0.999993,0,0.65584,-0.44633,39.350,-0.893,-1,400.000,-1,400.000,-1,325.000,325.000,325.000,300.000,-1,-1,-1,-1,775.000,775.000,-1,-1,2,0,2,0,2,0,0,0,0,2,2,2,2,0,0,2,2
66,5174.284,-1925.261,-12.405,30.205,0.864227,-0.503094,-0.002844,0.503102,0.864221,0.003413,0.000741,-0.004381,0.999990,0,0.65517,-0.44914,39.310,-0.898,-1,400.000,-1,400.000,-1,325.000,325.000,325.000,300.000,-1,-1,-1,-1,775.000,775.000,-1,-1,2,0,2,0,2,0,0,0,0,2,2,2,2,0,0,2,2
67,5208.544,-1906.034,-12.452,29.301,0.872059,-0.489391,-0.002886,0.489399,0.872052,0.003696,0.000708,-0.004635,0.999989,0,0.65477,-0.45215,39.286,-0.904,-1,400.000,-1,400.000,-1,325.000,325.000,325.000,300.000,-1,-1,-1,-1,775.000,775.000,-1,-1,2,0,2,0,2,0,0,0,0,2,2,2,2,0,0,2,2
68,5244.277,-1886.719,-12.492,28.393,0.879706,-0.475509,-0.002932,0.475518,0.879698,0.003880,0.000735,-0.004808,0.999988,0,0.67699,-0.45403,40.619,-0.908,-1,400.000,-1,400.000,-1,325.000,325.000,325.000,300.000,-1,-1,-1,-1,775.000,775.000,-1,-1,2,0,2,0,2,0,0,0,0,2,2,2,2,0,0,2,2
69,5280.217,-1868.023,-12.513,27.484,0.887137,-0.461496,-0.002977,0.461505,0.887128,0.003999,0.000795,-0.004922,0.999988,0,0.67521,-0.45440,40.513,-0.909,-1,400.000,-1,400.000,-1,325.000,325.000,325.000,300.000,-1,-1,-1,-1,775.000,800.000,-1,-1,2,0,2,0,2,0,0,0,0,2,2,2,2,0,0,2,2
70,5316.358,-1849.945,-12.515,26.574,0.894354,-0.447349,-0.003022,0.447358,0.894346,0.004057,0.000888,-0.004980,0.999987,0,0.67349,-0.45500,40.410,-0.910,-1,400.000,-1,400.000,-1,325.000,325.000,325.000,300.000,-1,-1,-1,-1,775.000,800.000,-1,-1,2,0,2,0,2,0,0,0,0,2,2,2,2,0,0,2,2
71,5352.693,-1832.488,-12.442,25.662,0.901360,-0.433062,-0.002798,0.433070,0.901352,0.003923,0.000823,-0.004748,0.999988,0,0.67186,-0.45585,40.311,-0.912,-1,400.000,-1,400.000,-1,325.000,325.000,325.000,300.000,-1,-1,-1,-1,775.000,800.000,-1,-1,2,0,2,0,2,0,0,0,0,2,2,2,2,0,0,2,2
72,5389.218,-1815.651,-12.331,24.748,0.908153,-0.418632,-0.002491,0.418638,0.908146,0.003678,0.000722,-0.004383,0.999990,0,0.67032,-0.45694,40.219,-0.914,-1,400.000,-1,400.000,-1,325.000,325.000,325.000,300.000,-1,-1,-1,-1,775.000,825.000,-1,-1,2,0,2,0,2,0,0,0,0,2,2,2,2,0,0,2,2
73,5425.931,-1799.434,-12.290,23.832,0.914734,-0.404052,-0.002088,0.404057,0.914726,0.003802,0.000374,-0.004322,0.999991,0,0.66891,-0.45827,40.135,-0.917,-1,400.000,-1,400.000,-1,325.000,325.000,325.000,300.000,-1,-1,-1,-1,775.000,825.000,-1,-1,2,0,2,0,2,0,0,0,0,2,2,2,2,0,0,2,2
74,5462.830,-1783.838,-12.248,22.912,0.921102,-0.389318,-0.001675,0.389322,0.921093,0.003927,0.000014,-0.004270,0.999991,0,0.66766,-0.45982,40.059,-0.920,-1,400.000,-1,400.000,-1,325.000,325.000,325.000,300.000,-1,-1,-1,-1,775.000,825.000,-1,-1,2,0,2,0,2,0,0,0,0,2,2,2,2,0,0,2,2
75,5499.915,-1768.863,-12.207,21.989,0.927256,-0.374427,-0.001311,0.374429,0.927247,0.004037,-0.000296,-0.004234,0.999991,0,0.66657,-0.46161,39.994,-0.923,-1,400.000,-1,400.000,-1,325.000,325.000,325.000,300.000,-1,-1,-1,-1,775.000,850.000,-1,-1,2,0,2,0,2,0,0,0,0,2,2,2,2,0,0,2,2
76,5541.647,-1752.587,-12.280,21.306,0.931654,-0.363343,-0.001495,0.363346,0.931644,0.004489,-0.000238,-0.004726,0.999989,0,0.74657,-0.34161,44.794,-0.683,-1,400.000,-1,400.000,-1,325.000,325.000,325.000,300.000,-1,-1,-1,-1,775.000,850.000,-1,-1,2,0,2,0,2,0,0,0,0,2,2,2,2,0,0,2,2
77,5587.990,-1734.925,-12.323,20.863,0.934437,-0.356124,-0.001587,0.356128,0.934424,0.004922,-0.000269,-0.005164,0.999987,0,0.82657,-0.22161,49.594,-0.443,-1,400.000,-1,400.000,-1,325.000,325.000,325.000,300.000,-1,-1,-1,-1,800.000,875.000,-1,-1,2,0,2,0,2,0,0,0,0,2,2,2,2,0,0,2,2
78,5638.625,-1715.833,-12.333,20.659,0.935695,-0.352807,-0.001600,0.352811,0.935680,0.005326,-0.000382,-0.005548,0.999985,0,0.90191,-0.10161,54.115,-0.203,-1,400.000,-1,400.000,-1,325.000,325.000,325.000,300.000,-1,-1,-1,-1,800.000,875.000,-1,-1,2,0,2,0,2,0,0,0,0,2,2,2,2,0,0,2,2
79,5689.259,-1696.703,-12.309,20.696,0.935468,-0.353408,-0.001550,0.353411,0.935451,0.005673,-0.000555,-0.005855,0.999983,0,0.90212,0.01839,54.127,0.037,-1,400.000,-1,400.000,-1,325.000,325.000,325.000,300.000,-1,-1,-1,-1,800.000,875.000,-1,-1,2,0,2,0,2,0,0,0,0,2,2,2,2,0,0,2,2
80,5739.832,-1677.317,-12.256,20.973,0.933750,-0.357922,-0.001461,0.357924,0.933732,0.005976,-0.000775,-0.006103,0.999981,0,0.90268,0.13839,54.161,0.277,-1,400.000,-1,400.000,-1,325.000,325.000,300.000,325.000,-1,-1,-1,-1,800.000,925.000,-1,-1,2,0,2,0,2,0,0,0,0,2,2,2,2,0,0,2,2
81,5790.277,-1657.457,-12.189,21.490,0.930484,-0.366329,-0.001370,0.366330,0.930464,0.006181,-0.000990,-0.006253,0.999980,0,0.90356,0.25839,54.213,0.517,-1,400.000,-1,425.000,-1,325.000,325.000,300.000,325.000,-1,-1,-1,-1,825.000,950.000,-1,-1,2,0,2,0,2,0,0,0,0,2,2,2,2,0,0,2,2
82,5840.517,-1636.907,-12.221,22.247,0.925565,-0.378587,-0.001309,0.378588,0.925547,0.005857,-0.001006,-0.005916,0.999982,0,0.90468,0.37839,54.281,0.757,-1,400.000,-1,425.000,-1,325.000,325.000,325.000,325.000,-1,-1,-1,-1,825.000,975.000,-1,-1,2,0,2,0,2,0,0,0,0,2,2,2,2,0,0,2,2
83,5890.466,-1615.454,-12.648,23.243,0.918838,-0.394635,0.000529,0.394629,0.918829,0.004575,-0.002292,-0.003995,0.999989,0,0.90601,0.49839,54.361,0.997,-1,400.000,-1,425.000,-1,325.000,325.000,325.000,300.000,-1,-1,-1,-1,825.000,975.000,-1,-1,2,0,2,0,2,0,0,0,0,2,2,2,2,0,0,2,2
84,5940.098,-1593.063,-13.049,24.282,0.911529,-0.411228,0.002386,0.411220,0.911530,0.003362,-0.003558,-0.002083,0.999992,0,0.90749,0.51933,54.449,1.039,-1,400.000,-1,425.000,-1,325.000,325.000,325.000,300.000,-1,-1,-1,-1,800.000,975.000,-1,-1,2,0,2,0,2,0,0,0,0,2,2,2,2,0,0,2,2
85,5984.968,-1571.808,-13.400,25.347,0.903726,-0.428092,0.004053,0.428086,0.903735,0.002352,-0.004670,-0.000391,0.999989,0,0.82749,0.53224,49.649,1.064,-1,400.000,-1,425.000,-1,325.000,325.000,325.000,300.000,-1,-1,-1,-1,800.000,975.000,-1,-1,2,0,2,0,2,0,0,0,0,2,2,2,2,0,0,2,2
86,6025.139,-1551.864,-13.800,26.403,0.895669,-0.444689,0.005369,0.444687,0.895685,0.001606,-0.005523,0.000949,0.999984,0,0.74749,0.52845,44.849,1.057,-1,400.000,-1,425.000,-1,325.000,325.000,325.000,300.000,-1,-1,-1,-1,800.000,975.000,-1,-1,2,0,2,0,2,0,0,0,0,2,2,2,2,0,0,2,2
87,6060.678,-1533.401,-14.173,27.453,0.887361,-0.461027,0.006682,0.461031,0.887383,0.000945,-0.006365,0.002242,0.999977,0,0.66749,0.52501,40.049,1.050,-1,400.000,-1,425.000,-1,325.000,325.000,325.000,300.000,-1,-1,-1,-1,800.000,975.000,-1,-1,2,0,2,0,2,0,0,0,0,2,2,2,2,0,0,2,2
88,6095.335,-1514.585,-14.683,28.497,0.878803,-0.477117,0.008103,0.477123,0.878836,0.001195,-0.007691,0.002816,0.999966,0,0.65726,0.52195,39.435,1.044,-1,400.000,-1,425.000,-1,325.000,325.000,325.000,300.000,-1,-1,-1,-1,800.000,975.000,-1,-1,2,0,2,0,2,0,0,0,0,2,2,2,2,0,0,2,2
89,6129.708,-1495.110,-15.227,29.535,0.870002,-0.492957,0.009512,0.492964,0.870048,0.001773,-0.009150,0.003147,0.999953,0,0.65843,0.51895,39.506,1.038,-1,400.000,-1,425.000,-1,325.000,325.000,325.000,300.000,-1,-1,-1,-1,775.000,950.000,-1,-1,2,0,2,0,2,0,0,0,0,2,2,2,2,0,0,2,2
90,6163.780,-1474.986,-15.750,30.568,0.860964,-0.508550,0.010854,0.508556,0.861025,0.002404,-0.010568,0.003451,0.999938,0,0.65953,0.51613,39.572,1.032,-1,400.000,-1,425.000,-1,325.000,325.000,325.000,300.000,-1,-1,-1,-1,775.000,950.000,-1,-1,2,0,2,0,2,0,0,0,0,2,2,2,2,0,0,2,2
91,6197.485,-1454.251,-16.250,31.600,0.851645,-0.523979,0.012127,0.523983,0.851723,0.003083,-0.011944,0.003729,0.999922,0,0.65953,0.51613,39.572,1.032,-1,400.000,-1,400.000,-1,325.000,325.000,325.000,325.000,-1,-1,-1,-1,750.000,950.000,-1,-1,2,0,2,0,2,0,0,0,0,2,2,2,2,0,0,2,2
92,6230.810,-1432.912,-16.728,32.632,0.842048,-0.539237,0.013329,0.539239,0.842144,0.003808,-0.013278,0.003981,0.999904,0,0.65953,0.51613,39.572,1.032,-1,400.000,-1,400.000,-1,325.000,325.000,300.000,325.000,-1,-1,-1,-1,750.000,925.000,-1,-1,2,0,2,0,2,0,0,0,0,2,2,2,2,0,0,2,2
93,6263.746,-1410.977,-17.183,33.664,0.832178,-0.554321,0.014458,0.554318,0.832293,0.004574,-0.014569,0.004208,0.999885,0,0.65953,0.51613,39.572,1.032,-1,400.000,-1,400.000,-1,325.000,325.000,300.000,325.000,-1,-1,-1,-1,750.000,925.000,-1,-1,2,0,2,0,2,0,0,0,0,2,2,2,2,0,0,2,2
94,6296.281,-1388.451,-17.607,34.697,0.822036,-0.569224,0.015513,0.569216,0.822170,0.005347,-0.015798,0.004435,0.999865,0,0.65953,0.51613,39.572,1.032,-1,375.000,-1,425.000,-1,325.000,325.000,300.000,325.000,-1,-1,-1,-1,750.000,925.000,-1,-1,2,0,2,0,2,0,0,0,0,2,2,2,2,0,0,2,2
95,6328.405,-1365.343,-17.948,35.729,0.811628,-0.583942,0.016480,0.583933,0.811781,0.005848,-0.016793,0.004877,0.999847,0,0.65953,0.51613,39.572,1.032,-1,375.000,-1,425.000,-1,325.000,325.000,300.000,325.000,-1,-1,-1,-1,725.000,925.000,-1,-1,2,0,2,0,2,0,0,0,0,2,2,2,2,0,0,2,2
96,6360.107,-1341.660,-18.431,36.761,0.800958,-0.598469,0.017360,0.598471,0.801125,0.005606,-0.017263,0.005900,0.999834,0,0.65953,0.51613,39.572,1.032,-1,375.000,-1,425.000,-1,325.000,325.000,300.000,325.000,-1,-1,-1,-1,725.000,925.000,-1,-1,2,0,2,0,2,0,0,0,0,2,2,2,2,0,0,2,2
97,6391.378,-1317.410,-19.058,37.793,0.790031,-0.612797,0.018195,0.612826,0.790205,0.004610,-0.017203,0.007509,0.999824,0,0.65953,0.51613,39.572,1.032,-1,375.000,-1,425.000,-1,325.000,325.000,300.000,325.000,-1,-1,-1,-1,750.000,925.000,-1,-1,2,0,2,0,2,0,0,0,0,2,2,2,2,0,0,2,2
98,6422.207,-1292.601,-19.655,38.826,0.778847,-0.626925,0.019024,0.626980,0.779026,0.003665,-0.017118,0.009073,0.999812,0,0.65953,0.51613,39.572,1.032,-1,375.000,-1,425.000,-1,325.000,325.000,300.000,325.000,-1,-1,-1,-1,750.000,925.000,-1,-1,2,0,2,0,2,0,0,0,0,2,2,2,2,0,0,2,2
99,6452.583,-1267.239,-20.223,39.858,0.767411,-0.640848,0.019844,0.640930,0.767594,0.002771,-0.017008,0.010592,0.999799,0,0.65953,0.51613,39.572,1.032,-1,375.000,-1,425.000,-1,325.000,325.000,300.000,325.000,-1,-1,-1,-1,750.000,925.000,-1,-1,2,0,2,0,2,0,0,0,0,2,2,2,2,0,0,2,2
100,6482.498,-1241.335,-20.783,40.890,0.755725,-0.654561,0.020713,0.654671,0.755911,0.001872,-0.016883,0.012146,0.999784,0,0.65953,0.51613,39.572,1.032,-1,375.000,-1,425.000,-1,325.000,325.000,300.000,325.000,-1,-1,-1,-1,750.000,925.000,-1,-1,2,0,2,0,2,0,0,0,0,2,2,2,2,0,0,2,2
101,6511.941,-1214.896,-21.625,41.922,0.743768,-0.668049,0.022811,0.668213,0.743970,0.000576,-0.017356,0.014814,0.999740,0,0.65953,0.51613,39.572,1.032,-1,375.000,-1,425.000,-1,325.000,325.000,300.000,325.000,-1,-1,-1,-1,750.000,925.000,-1,-1,2,0,2,0,2,0,0,0,0,2,2,2,2,0,0,2,2
102,6540.903,-1187.931,-22.429,42.955,0.731567,-0.681315,0.024887,0.681537,0.731784,-0.000611,-0.017795,0.017409,0.999690,0,0.65953,0.51613,39.572,1.032,-1,375.000,-1,425.000,-1,325.000,325.000,300.000,325.000,-1,-1,-1,-1,750.000,900.000,-1,-1,2,0,2,0,2,0,0,0,0,2,2,2,2,0,0,2,2
103,6569.378,-1160.445,-23.195,43.987,0.719127,-0.694356,0.026937,0.694640,0.719355,-0.001692,-0.018202,0.019928,0.999636,0,0.65960,0.51619,39.576,1.032,-1,375.000,-1,425.000,-1,325.000,325.000,300.000,325.000,-1,-1,-1,-1,750.000,900.000,-1,-1,2,0,2,0,2,0,0,0,0,2,2,2,2,0,0,2,2
104,6597.489,-1132.309,-23.926,45.025,0.706385,-0.707235,0.028967,0.707584,0.706624,-0.002672,-0.018579,0.022384,0.999577,0,0.66288,0.51892,39.773,1.038,-1,375.000,-1,425.000,-1,325.000,325.000,300.000,325.000,-1,-1,-1,-1,750.000,900.000,-1,-1,2,0,2,0,2,0,0,0,0,2,2,2,2,0,0,2,2
105,6625.223,-1103.521,-24.622,46.068,0.693342,-0.719943,0.030973,0.720360,0.693591,-0.003551,-0.018926,0.024774,0.999514,0,0.66623,0.52162,39.974,1.043,-1,375.000,-1,400.000,-1,325.000,325.000,300.000,325.000,-1,-1,-1,-1,750.000,875.000,-1,-1,2,0,2,0,2,0,0,0,0,2,2,2,2,0,0,2,2
106,6652.564,-1074.080,-25.325,47.117,0.680007,-0.732475,0.032725,0.732956,0.680262,-0.004313,-0.019102,0.026919,0.999455,0,0.66965,0.52429,40.179,1.049,-1,375.000,-1,400.000,-1,325.000,325.000,325.000,325.000,-1,-1,-1,-1,750.000,875.000,-1,-1,2,0,2,0,2,0,0,0,0,2,2,2,2,0,0,2,2
107,6679.499,-1043.985,-26.144,48.170,0.666409,-0.744836,0.033431,0.745354,0.666651,-0.004927,-0.018617,0.028201,0.999429,0,0.67313,0.52693,40.388,1.054,-1,375.000,-1,400.000,-1,325.000,325.000,325.000,325.000,-1,-1,-1,-1,750.000,875.000,-1,-1,2,0,2,0,2,0,0,0,0,2,2,2,2,0,0,2,2
108,6706.013,-1013.236,-26.906,49.230,0.652522,-0.757006,0.034032,0.757555,0.652748,-0.005485,-0.018062,0.029360,0.999406,0,0.67669,0.52954,40.601,1.059,-1,375.000,-1,400.000,-1,325.000,325.000,325.000,325.000,-1,-1,-1,-1,750.000,875.000,-1,-1,2,0,2,0,2,0,0,0,0,2,2,2,2,0,0,2,2
109,6732.090,-981.833,-27.635,50.294,0.638342,-0.768973,0.034641,0.769554,0.638554,-0.005995,-0.017510,0.030485,0.999382,0,0.68032,0.53212,40.819,1.064,-1,375.000,-1,400.000,-1,325.000,325.000,325.000,325.000,-1,-1,-1,-1,775.000,875.000,-1,-1,2,0,2,0,2,0,0,0,0,2,2,2,2,0,0,2,2
110,6757.715,-949.775,-28.330,51.363,0.623874,-0.780729,0.035258,0.781341,0.624071,-0.006456,-0.016963,0.031576,0.999357,0,0.68401,0.53466,41.041,1.069,-1,375.000,-1,400.000,-1,325.000,325.000,325.000,325.000,-1,-1,-1,-1,775.000,875.000,-1,-1,2,0,2,0,2,0,0,0,0,2,2,2,2,0,0,2,2
111,6784.589,-915.137,-29.045,52.192,0.612501,-0.789653,0.035934,0.790297,0.612684,-0.006958,-0.016522,0.032660,0.999330,0,0.73069,0.41466,43.841,0.829,-1,375.000,-1,400.000,-1,325.000,325.000,325.000,325.000,-1,-1,-1,-1,775.000,875.000,-1,-1,2,0,2,0,2,0,0,0,0,2,2,2,2,0,0,2,2
112,6811.249,-880.036,-29.707,52.782,0.604332,-0.795882,0.036810,0.796566,0.604506,-0.007466,-0.016310,0.033833,0.999294,0,0.73462,0.29466,44.077,0.589,-1,400.000,-1,400.000,-1,325.000,325.000,325.000,325.000,-1,-1,-1,-1,775.000,875.000,-1,-1,2,0,2,0,2,0,0,0,0,2,2,2,2,0,0,2,2
113,6837.833,-844.589,-30.299,53.131,0.599443,-0.799515,0.037996,0.800249,0.599614,-0.007986,-0.016398,0.035194,0.999246,0,0.73847,0.17466,44.308,0.349,975.000,400.000,-1,400.000,-1,325.000,325.000,325.000,325.000,-1,-1,-1,-1,775.000,900.000,-1,-1,1,0,2,0,2,0,0,0,0,2,2,2,2,0,0,2,2
114,6864.482,-808.913,-30.880,53.240,0.597888,-0.800619,0.039236,0.801407,0.598058,-0.008543,-0.016626,0.036552,0.999193,0,0.74217,0.05466,44.530,0.109,950.000,400.000,-1,425.000,-1,325.000,325.000,325.000,325.000,-1,-1,-1,-1,775.000,900.000,-1,-1,1,0,2,0,2,0,0,0,0,2,2,2,2,0,0,2,2
115,6891.338,-773.131,-31.529,53.110,0.599687,-0.799203,0.040621,0.800059,0.599846,-0.009501,-0.016773,0.038197,0.999129,0,0.74566,-0.06534,44.740,-0.131,925.000,400.000,-1,425.000,-1,325.000,325.000,325.000,325.000,-1,-1,-1,-1,800.000,900.000,975.000,-1,1,0,2,0,2,0,0,0,0,2,2,2,2,0,0,1,2
116,6918.542,-737.369,-32.494,52.739,0.604814,-0.795256,0.042038,0.796183,0.604966,-0.010459,-0.017114,0.039796,0.999061,0,0.74888,-0.18534,44.933,-0.371,875.000,400.000,-1,425.000,-1,325.000,325.000,325.000,325.000,-1,-1,-1,-1,800.000,900.000,950.000,-1,1,0,2,0,2,0,0,0,0,2,2,2,2,0,0,1,2
117,6946.231,-701.764,-33.690,52.128,0.613202,-0.788744,0.043199,0.789712,0.613393,-0.010245,-0.018417,0.040397,0.999014,0,0.75174,-0.30534,45.104,-0.611,850.000,400.000,-1,400.000,-1,325.000,325.000,325.000,325.000,-1,-1,-1,-1,800.000,900.000,900.000,-1,1,0,2,0,2,0,0,0,0,2,2,2,2,1,0,1,2
118,6974.537,-666.460,-34.911,51.278,0.624783,-0.779535,0.044400,0.780543,0.625023,-0.009970,-0.019979,0.040885,0.998964,0,0.75417,-0.42534,45.250,-0.851,800.000,400.000,-1,400.000,-1,325.000,325.000,325.000,325.000,-1,-1,-1,-1,775.000,900.000,875.000,-1,1,0,2,0,2,0,0,0,0,2,2,2,2,1,0,1,2
119,7003.583,-631.614,-36.162,50.187,0.639439,-0.767485,0.045657,0.768533,0.639738,-0.009657,-0.021797,0.041264,0.998910,0,0.75606,-0.54534,45.364,-1.091,775.000,400.000,-1,425.000,-1,325.000,325.000,325.000,325.000,-1,-1,-1,-1,750.000,900.000,825.000,-1,1,0,2,0,2,0,0,0,0,2,2,2,2,1,0,1,2
120,7033.480,-597.396,-37.451,48.856,0.657013,-0.752413,0.046987,0.753501,0.657381,-0.009330,-0.023869,0.041534,0.998852,0,0.75732,-0.66534,45.439,-1.331,725.000,400.000,-1,425.000,-1,325.000,325.000,300.000,325.000,-1,-1,-1,-1,725.000,900.000,800.000,-1,1,0,2,0,2,0,0,0,0,2,2,2,2,1,0,1,2
121,7064.324,-563.987,-38.755,47.286,0.677305,-0.734110,0.048386,0.735234,0.677756,-0.008889,-0.026268,0.041596,0.998789,0,0.75783,-0.78534,45.470,-1.571,700.000,400.000,-1,425.000,-1,325.000,325.000,300.000,325.000,-1,-1,-1,-1,700.000,900.000,775.000,-1,1,0,2,0,2,0,0,0,0,2,2,2,2,1,0,1,2
122,7096.194,-531.584,-40.086,45.475,0.700068,-0.712332,0.049886,0.713489,0.700616,-0.008409,-0.028961,0.041480,0.998720,0,0.75748,-0.90534,45.449,-1.811,675.000,400.000,-1,425.000,-1,325.000,325.000,300.000,300.000,-1,-1,-1,-1,700.000,875.000,750.000,-1,1,0,2,0,2,0,0,0,0,2,2,2,2,1,0,1,2
123,7129.030,-500.275,-41.464,43.637,0.722455,-0.689497,0.051508,0.690692,0.723104,-0.008063,-0.031687,0.041401,0.998640,0,0.75616,-0.91896,45.370,-1.838,650.000,400.000,-1,425.000,-1,325.000,325.000,300.000,300.000,-1,-1,-1,-1,700.000,875.000,700.000,-1,1,0,2,0,2,0,0,0,0,2,2,2,2,1,0,1,2
124,7162.751,-470.109,-43.043,41.816,0.743860,-0.666152,0.053980,0.667425,0.744634,-0.007992,-0.034872,0.041973,0.998510,0,0.75407,-0.91060,45.244,-1.821,600.000,400.000,-1,425.000,-1,325.000,325.000,300.000,300.000,-1,-1,-1,-1,675.000,875.000,675.000,-1,1,0,2,0,2,0,0,0,0,2,2,2,2,1,0,1,2
125,7197.275,-441.127,-44.726,40.012,0.764296,-0.642355,0.056842,0.643731,0.765208,-0.008187,-0.038237,0.042848,0.998350,0,0.75126,-0.90205,45.076,-1.804,575.000,400.000,-1,425.000,-1,325.000,325.000,300.000,300.000,-1,-1,-1,-1,675.000,875.000,675.000,-1,1,0,2,0,2,0,0,0,0,2,2,2,2,1,0,1,2
126,7232.522,-413.366,-46.447,38.225,0.783777,-0.618158,0.059780,0.619648,0.784833,-0.008611,-0.041595,0.043792,0.998174,0,0.74777,-0.89339,44.866,-1.787,550.000,400.000,-1,425.000,-1,325.000,325.000,300.000,300.000,-1,-1,-1,-1,675.000,875.000,675.000,-1,1,0,2,0,2,0,0,0,0,2,2,2,2,1,0,1,2
127,7270.238,-385.595,-48.292,36.364,0.803241,-0.592321,0.062928,0.593944,0.804453,-0.009307,-0.045110,0.044851,0.997975,0,0.78061,-0.93037,46.836,-1.861,525.000,400.000,-1,400.000,-1,325.000,325.000,300.000,300.000,-1,-1,-1,-1,675.000,850.000,700.000,-1,1,0,2,0,2,0,0,0,0,2,2,2,2,1,0,1,2
128,7308.818,-359.059,-50.252,34.522,0.821691,-0.566123,0.065792,0.567875,0.823052,-0.010161,-0.048398,0.045711,0.997782,0,0.78040,-0.92141,46.824,-1.843,525.000,400.000,-1,400.000,-1,325.000,325.000,300.000,300.000,-1,-1,-1,-1,675.000,850.000,775.000,-1,1,0,2,0,2,0,0,0,0,2,2,2,2,1,0,1,2
129,7348.169,-333.799,-52.683,32.698,0.839244,-0.539660,0.066609,0.541423,0.840684,-0.010548,-0.050305,0.044916,0.997723,0,0.77934,-0.91195,46.761,-1.824,525.000,400.000,-1,400.000,-1,325.000,325.000,300.000,300.000,-1,-1,-1,-1,700.000,850.000,-1,-1,1,0,2,0,2,0,0,0,0,2,2,2,2,1,0,2,2
130,7388.195,-309.851,-55.161,30.894,0.855769,-0.512943,0.067441,0.514722,0.857286,-0.011023,-0.052162,0.044146,0.997662,0,0.77739,-0.90204,46.643,-1.804,550.000,400.000,-1,400.000,-1,325.000,325.000,325.000,300.000,-1,-1,-1,-1,725.000,850.000,-1,-1,1,0,2,0,2,0,0,0,0,2,2,2,2,1,0,2,2
131,7428.797,-287.244,-57.877,29.110,0.871248,-0.486047,0.068449,0.487795,0.872894,-0.010572,-0.054610,0.042600,0.997599,0,0.77451,-0.89174,46.471,-1.783,575.000,400.000,-1,400.000,-1,325.000,325.000,300.000,300.000,-1,-1,-1,-1,750.000,850.000,-1,-1,1,0,2,0,2,0,0,0,0,2,2,2,2,1,0,2,2
132,7469.872,-266.001,-60.703,27.348,0.885702,-0.459009,0.069592,0.460711,0.887496,-0.009835,-0.057248,0.040773,0.997527,0,0.77071,-0.88111,46.243,-1.762,650.000,400.000,-1,400.000,-1,325.000,325.000,300.000,300.000,-1,-1,-1,-1,775.000,850.000,-1,-1,1,0,2,0,2,0,0,0,0,2,2,2,2,0,0,2,2
133,7511.319,-246.138,-63.556,25.607,0.899151,-0.431873,0.070805,0.433530,0.901092,-0.009206,-0.059826,0.038974,0.997448,0,0.76600,-0.87023,45.960,-1.740,-1,400.000,-1,400.000,-1,325.000,325.000,300.000,300.000,-1,-1,-1,-1,775.000,850.000,-1,-1,2,0,2,0,2,0,0,0,0,2,2,2,2,0,0,2,2
134,7553.036,-227.662,-66.427,23.889,0.911612,-0.404685,0.072065,0.406298,0.913699,-0.008681,-0.062332,0.037194,0.997362,0,0.76042,-0.85918,45.625,-1.718,-1,400.000,-1,400.000,-1,325.000,325.000,300.000,300.000,-1,-1,-1,-1,775.000,850.000,-1,-1,2,0,2,0,2,0,0,0,0,2,2,2,2,0,0,2,2
135,7599.654,-208.438,-69.625,22.411,0.921648,-0.380999,0.073517,0.382578,0.923887,-0.008204,-0.064796,0.035687,0.997260,0,0.84042,-0.73918,50.425,-1.478,-1,400.000,-1,400.000,-1,325.000,325.000,300.000,300.000,-1,-1,-1,-1,775.000,850.000,-1,-1,2,0,2,0,2,0,0,0,0,2,2,2,2,0,0,2,2
136,7651.152,-188.493,-73.146,21.172,0.929549,-0.360958,0.075149,0.362517,0.931945,-0.007774,-0.067229,0.034469,0.997142,0,0.92042,-0.61918,55.225,-1.238,-1,400.000,-1,400.000,-1,325.000,325.000,300.000,300.000,-1,-1,-1,-1,775.000,850.000,-1,-1,2,0,2,0,2,0,0,1,0,2,2,2,2,0,0,2,2
137,7704.976,-168.718,-76.816,20.174,0.935569,-0.344676,0.076865,0.346225,0.938122,-0.007406,-0.069557,0.033541,0.997014,0,0.95569,-0.49918,57.341,-0.998,-1,400.000,-1,400.000,-1,325.000,325.000,275.000,300.000,-1,-1,-1,-1,750.000,850.000,-1,-1,2,0,2,0,2,0,0,1,0,2,2,2,2,0,0,2,2
138,7758.668,-150.020,-80.475,19.201,0.941155,-0.328711,0.078586,0.330253,0.943866,-0.007126,-0.071833,0.032661,0.996882,0,0.94759,-0.48633,56.855,-0.973,-1,400.000,-1,400.000,-1,325.000,325.000,275.000,300.000,-1,-1,-1,-1,750.000,825.000,-1,-1,2,0,2,0,2,0,0,1,0,2,2,2,2,0,0,2,2
