timestep,x_cm,y_cm,z_cm,yaw_deg,basis_xx,basis_xy,basis_xz,basis_yx,basis_yy,basis_yz,basis_zx,basis_zy,basis_zz,teleport_flag,throttle_cmd,steering_cmd,cmd_move_cm,cmd_turn_deg,lidar_cm_0,lidar_cm_1,lidar_cm_2,lidar_cm_3,lidar_cm_4,lidar_cm_5,lidar_cm_6,lidar_cm_7,lidar_cm_8,lidar_cm_9,lidar_cm_10,lidar_cm_11,lidar_cm_12,lidar_cm_13,lidar_cm_14,lidar_cm_15,lidar_cm_16,lidar_class_0,lidar_class_1,lidar_class_2,lidar_class_3,lidar_class_4,lidar_class_5,lidar_class_6,lidar_class_7,lidar_class_8,lidar_class_9,lidar_class_10,lidar_class_11,lidar_class_12,lidar_class_13,lidar_class_14,lidar_class_15,lidar_class_16
0,331.499,-1643.086,-149.247,-42.840,0.734415,0.678701,0.000043,-0.676371,0.731900,-0.082727,-0.056178,0.060727,0.996572,1,0.08000,-0.12000,4.800,-0.240,-1,400.000,-1,400.000,-1,325.000,325.000,300.000,300.000,-1,375.000,375.000,-1,725.000,800.000,-1,-1,2,0,2,0,2,0,0,0,0,2,0,0,2,0,0,2,2
1,338.483,-1649.673,-149.860,-43.320,0.728701,0.684832,-0.000353,-0.682535,0.726214,-0.082215,-0.056047,0.060151,0.996615,0,0.16000,-0.24000,9.600,-0.480,-1,400.000,-1,400.000,-1,325.000,325.000,300.000,300.000,-1,375.000,375.000,-1,750.000,800.000,-1,-1,2,0,2,0,2,0,0,0,0,2,0,0,2,0,0,2,2
2,348.834,-1659.684,-150.797,-44.040,0.720032,0.693940,-0.000912,-0.691690,0.717589,-0.081434,-0.055856,0.059266,0.996678,0,0.24000,-0.36000,14.400,-0.720,-1,400.000,-1,400.000,-1,325.000,325.000,300.000,300.000,-1,375.000,375.000,-1,750.000,800.000,-1,-1,2,0,2,0,2,0,0,0,0,2,0,0,2,0,0,2,2
3,362.410,-1673.261,-152.074,-45.000,0.708293,0.705917,-0.001593,-0.703725,0.705913,-0.080369,-0.055609,0.058046,0.996764,0,0.32000,-0.48000,19.200,-0.960,-1,400.000,-1,400.000,-1,325.000,325.000,300.000,300.000,-1,350.000,350.000,-1,750.000,800.000,-1,-1,2,0,2,0,2,0,0,0,0,2,0,0,2,0,0,2,2
4,379.021,-1690.584,-153.533,-46.200,0.693367,0.720580,-0.002467,-0.718413,0.691008,-0.079941,-0.055899,0.057200,0.996797,0,0.40000,-0.60000,24.000,-1.200,-1,400.000,-1,400.000,-1,325.000,325.000,300.000,300.000,-1,350.000,350.000,-1,775.000,825.000,-1,-1,2,0,2,0,2,0,0,0,0,2,0,0,2,0,0,2,2
5,398.426,-1711.866,-155.329,-47.640,0.675051,0.737763,-0.003396,-0.735618,0.672723,-0.079443,-0.056325,0.056126,0.996834,0,0.48000,-0.72000,28.800,-1.440,-1,400.000,-1,400.000,-1,325.000,325.000,300.000,300.000,-1,350.000,350.000,-1,800.000,825.000,-1,-1,2,0,2,0,2,0,0,0,0,2,0,0,2,0,0,2,2
6,420.416,-1737.271,-157.360,-49.119,0.655780,0.754942,-0.003730,-0.752792,0.653523,-0.078820,-0.057067,0.054497,0.996882,0,0.56000,-0.73922,33.600,-1.478,-1,400.000,-1,400.000,-1,325.000,325.000,300.000,300.000,-1,375.000,375.000,-1,825.000,825.000,-1,-1,2,0,2,0,2,0,0,0,0,2,0,0,2,0,0,2,2
7,444.791,-1766.943,-159.747,-50.597,0.636064,0.771627,-0.003899,-0.769466,0.633888,-0.078154,-0.057834,0.052711,0.996934,0,0.64000,-0.73922,38.400,-1.478,-1,400.000,-1,400.000,-1,325.000,325.000,300.000,300.000,-1,400.000,400.000,-1,825.000,850.000,-1,-1,2,0,2,0,2,0,0,0,0,2,0,0,2,0,0,2,2
8,471.342,-1801.022,-162.505,-52.075,0.615913,0.787804,-0.003855,-0.785625,0.613831,-0.077491,-0.058681,0.050757,0.996986,0,0.72000,-0.73922,43.200,-1.478,-1,400.000,-1,400.000,-1,325.000,325.000,300.000,300.000,-1,425.000,425.000,-1,850.000,850.000,-1,-1,2,0,2,0,2,0,0,0,0,2,0,0,2,0,0,2,2
9,499.856,-1839.635,-165.648,-53.554,0.595342,0.803465,-0.003554,-0.801254,0.593363,-0.076889,-0.059668,0.048623,0.997033,0,0.80000,-0.73922,48.000,-1.478,-1,400.000,-1,400.000,-1,325.000,325.000,300.000,300.000,-1,475.000,450.000,-1,875.000,850.000,-1,-1,2,0,2,0,2,0,0,0,0,2,0,0,2,0,0,2,2
10,527.636,-1879.359,-168.904,-55.032,0.574364,0.818595,-0.003016,-0.816336,0.572497,-0.076438,-0.060845,0.046365,0.997070,0,0.80790,-0.73922,48.474,-1.478,-1,425.000,-1,400.000,-1,325.000,325.000,300.000,300.000,-1,500.000,500.000,-1,900.000,850.000,-1,-1,2,0,2,0,2,0,0,0,0,2,0,0,2,0,0,2,2
11,554.383,-1919.787,-172.277,-56.511,0.553002,0.833176,-0.002326,-0.830845,0.551242,-0.076348,-0.062329,0.044153,0.997079,0,0.80790,-0.73922,48.474,-1.478,-1,425.000,-1,400.000,-1,350.000,325.000,275.000,300.000,-1,550.000,550.000,-1,925.000,850.000,-1,-1,2,0,2,0,2,0,0,0,0,2,0,0,2,0,0,2,2
12,580.077,-1960.891,-175.738,-57.989,0.531266,0.847204,-0.001479,-0.844782,0.529613,-0.076509,-0.064036,0.041896,0.997068,0,0.80790,-0.73922,48.474,-1.478,-1,425.000,-1,400.000,-1,350.000,325.000,275.000,300.000,-1,625.000,600.000,-1,925.000,825.000,-1,-1,2,0,2,0,2,0,0,0,0,2,0,0,2,0,0,2,2
13,604.702,-2002.645,-179.209,-59.468,0.509178,0.860661,-0.000785,-0.858148,0.507622,-0.076821,-0.065718,0.039789,0.997045,0,0.80790,-0.73922,48.474,-1.478,-1,425.000,-1,425.000,-1,350.000,350.000,275.000,275.000,-1,675.000,650.000,-1,950.000,800.000,-1,-1,2,0,2,0,2,0,0,0,0,2,0,0,2,0,0,2,2
14,628.242,-2045.020,-182.754,-60.946,0.486740,0.873547,0.000104,-0.870928,0.485290,-0.077320,-0.067593,0.037544,0.997006,0,0.80790,-0.73922,48.474,-1.478,-1,425.000,-1,425.000,-1,350.000,350.000,275.000,275.000,-1,750.000,725.000,-1,975.000,800.000,-1,-1,2,0,2,0,2,0,0,0,0,2,0,0,2,0,0,2,2
15,650.681,-2087.988,-186.277,-62.425,0.463985,0.885842,0.001001,-0.883074,0.462624,-0.078484,-0.069987,0.035532,0.996915,0,0.80790,-0.73922,48.474,-1.478,-1,425.000,-1,400.000,-1,350.000,350.000,275.000,275.000,-1,850.000,825.000,-1,975.000,775.000,-1,-1,2,0,2,0,2,0,0,0,0,2,0,0,2,0,0,2,2
16,672.005,-2131.525,-189.920,-63.903,0.440891,0.897558,0.002218,-0.894627,0.439649,-0.079694,-0.072505,0.033153,0.996817,0,0.80797,-0.73927,48.478,-1.479,-1,425.000,-1,400.000,-1,350.000,350.000,275.000,275.000,-1,950.000,950.000,-1,950.000,750.000,-1,-1,2,0,2,0,2,0,0,0,0,2,0,0,2,0,0,2,2
17,692.301,-2175.832,-193.722,-65.388,0.417336,0.908742,0.004284,-0.905619,0.416283,-0.081016,-0.075406,0.029932,0.996704,0,0.81223,-0.74251,48.734,-1.485,-1,425.000,-1,400.000,-1,350.000,350.000,275.000,275.000,-1,-1,-1,-1,900.000,725.000,-1,-1,2,0,2,0,2,0,0,0,0,2,2,2,2,0,0,2,2
18,711.540,-2220.895,-197.565,-66.879,0.393344,0.919366,0.006843,-0.916038,0.392533,-0.082416,-0.078457,0.026149,0.996574,0,0.81663,-0.74565,48.998,-1.491,-1,425.000,-1,400.000,-1,350.000,325.000,275.000,275.000,-1,-1,-1,-1,875.000,700.000,-1,-1,2,0,2,0,2,0,0,0,0,2,2,2,2,0,0,2,2
19,729.696,-2266.700,-201.546,-68.377,0.368957,0.929399,0.009422,-0.925880,0.368410,-0.083786,-0.081342,0.022190,0.996439,0,0.82118,-0.74870,49.271,-1.497,-1,425.000,-1,400.000,-1,350.000,325.000,275.000,275.000,-1,-1,-1,-1,850.000,700.000,-1,-1,2,0,2,0,2,0,0,0,0,2,2,2,2,0,0,2,2
20,746.740,-2313.228,-205.659,-69.880,0.344194,0.938822,0.012021,-0.935129,0.343930,-0.085124,-0.084050,0.018058,0.996298,0,0.82587,-0.75165,49.552,-1.503,-1,425.000,-1,400.000,-1,350.000,325.000,275.000,275.000,-1,-1,-1,-1,800.000,675.000,-1,-1,2,0,2,0,2,0,0,0,0,2,2,2,2,0,0,2,2
21,762.302,-2358.792,-209.751,-71.143,0.323155,0.946235,0.014525,-0.942390,0.323168,-0.086392,-0.086441,0.014230,0.996155,0,0.80246,-0.63165,48.147,-1.263,-1,425.000,-1,375.000,975.000,350.000,325.000,275.000,275.000,-1,-1,-1,-1,775.000,650.000,-1,1000.000,2,0,2,0,1,0,0,0,0,2,2,2,2,0,0,2,1
22,777.134,-2404.897,-213.952,-72.167,0.305945,0.951897,0.017015,-0.947914,0.306231,-0.087643,-0.088638,0.010685,0.996007,0,0.80718,-0.51165,48.431,-1.023,-1,425.000,-1,375.000,925.000,350.000,325.000,275.000,275.000,-1,-1,-1,-1,750.000,625.000,-1,950.000,2,0,2,0,1,0,0,0,0,2,2,2,2,0,0,2,1
23,791.417,-2451.471,-218.257,-72.950,0.292645,0.956023,0.019488,-0.951911,0.293198,-0.088883,-0.090688,0.007460,0.995851,0,0.81192,-0.39165,48.715,-0.783,-1,400.000,-1,375.000,875.000,325.000,325.000,275.000,275.000,-1,-1,-1,-1,725.000,625.000,-1,900.000,2,0,2,0,1,0,0,0,0,2,2,2,2,0,0,2,1
24,805.339,-2498.448,-222.663,-73.493,0.283313,0.958776,0.021941,-0.954543,0.284125,-0.090118,-0.092637,0.004588,0.995689,0,0.81660,-0.27165,48.996,-0.543,-1,400.000,-1,350.000,850.000,325.000,300.000,275.000,275.000,-1,-1,-1,-1,700.000,600.000,-1,850.000,2,0,2,0,1,0,0,0,0,2,2,2,2,0,0,2,1
25,819.089,-2545.763,-227.166,-73.797,0.278000,0.960275,0.024259,-0.955918,0.279048,-0.091401,-0.094539,0.002220,0.995519,0,0.82119,-0.15165,49.271,-0.303,-1,375.000,-1,350.000,800.000,325.000,300.000,275.000,275.000,-1,-1,-1,-1,675.000,600.000,-1,800.000,2,0,2,0,1,0,0,0,0,2,2,2,2,0,0,2,1
26,832.860,-2593.347,-231.482,-73.860,0.276661,0.960585,0.027132,-0.956218,0.277987,-0.091489,-0.095426,-0.000633,0.995436,0,0.82562,-0.03165,49.537,-0.063,-1,375.000,-1,350.000,750.000,300.000,300.000,275.000,300.000,-1,-1,-1,-1,650.000,575.000,-1,750.000,2,0,2,0,1,0,0,0,0,2,2,2,2,0,0,2,1
27,846.849,-2641.130,-235.521,-73.683,0.279260,0.959713,0.031063,-0.955493,0.280946,-0.090016,-0.095117,-0.004543,0.995456,0,0.82981,0.08835,49.789,0.177,-1,375.000,-1,350.000,725.000,300.000,300.000,275.000,300.000,-1,-1,-1,-1,650.000,575.000,-1,725.000,2,0,2,0,1,0,0,0,0,2,2,2,2,0,0,2,1
28,861.252,-2689.033,-239.658,-73.266,0.285884,0.957622,0.035089,-0.953581,0.287911,-0.088268,-0.094629,-0.008226,0.995479,0,0.83369,0.20835,50.022,0.417,-1,350.000,-1,350.000,675.000,300.000,300.000,275.000,300.000,-1,-1,-1,-1,625.000,575.000,-1,675.000,2,0,2,0,1,0,0,0,0,2,2,2,2,0,0,2,1
29,876.266,-2736.967,-243.655,-72.610,0.296638,0.954237,0.037925,-0.950462,0.298861,-0.085458,-0.092882,-0.010696,0.995620,0,0.83717,0.32835,50.230,0.657,-1,350.000,-1,350.000,650.000,300.000,300.000,275.000,300.000,-1,-1,-1,-1,625.000,575.000,-1,650.000,2,0,2,0,1,0,0,0,0,2,2,2,2,0,1,2,1
30,892.083,-2784.829,-247.167,-71.713,0.311630,0.949444,0.037978,-0.945997,0.313759,-0.081515,-0.089310,-0.010525,0.995948,0,0.84015,0.44835,50.409,0.897,-1,350.000,-1,350.000,625.000,300.000,300.000,300.000,300.000,-1,-1,-1,-1,625.000,575.000,-1,650.000,2,0,2,0,1,0,0,0,0,2,2,2,2,0,1,2,1
31,908.893,-2832.502,-250.758,-70.576,0.330516,0.943038,0.037927,-0.939897,0.332534,-0.077553,-0.085748,-0.010015,0.996267,0,0.84251,0.56835,50.551,1.137,-1,375.000,-1,350.000,600.000,300.000,300.000,300.000,300.000,-1,-1,-1,-1,650.000,575.000,-1,625.000,2,0,2,0,1,0,0,0,0,2,2,2,2,0,1,2,1
32,925.016,-2876.039,-254.081,-69.680,0.345342,0.937722,0.037640,-0.934854,0.347253,-0.073915,-0.082382,-0.009662,0.996554,0,0.77379,0.44835,46.427,0.897,-1,375.000,-1,350.000,575.000,300.000,300.000,300.000,300.000,-1,-1,-1,-1,650.000,575.000,-1,625.000,2,0,2,0,1,0,0,0,0,2,2,2,2,0,1,2,1
33,941.660,-2919.451,-257.427,-69.023,0.356176,0.933681,0.037123,-0.931083,0.357978,-0.070253,-0.078883,-0.009542,0.996838,0,0.77490,0.32835,46.494,0.657,-1,375.000,-1,350.000,550.000,300.000,300.000,300.000,300.000,-1,-1,-1,-1,650.000,575.000,-1,625.000,2,0,2,0,1,0,0,0,0,2,2,2,2,0,0,2,1
34,958.639,-2962.791,-260.796,-68.606,0.363064,0.931052,0.036423,-0.928722,0.364758,-0.066536,-0.075234,-0.009670,0.997119,0,0.77581,0.20835,46.548,0.417,-1,375.000,-1,350.000,525.000,300.000,300.000,300.000,300.000,-1,-1,-1,-1,650.000,575.000,-1,625.000,2,0,2,0,1,0,0,0,0,2,2,2,2,0,0,2,1
35,975.769,-3006.122,-264.187,-68.430,0.366038,0.929919,0.035590,-0.927855,0.367627,-0.062732,-0.071419,-0.010060,0.997396,0,0.77657,0.08835,46.594,0.177,-1,375.000,-1,350.000,525.000,300.000,300.000,325.000,300.000,-1,475.000,-1,-1,650.000,550.000,-1,625.000,2,0,2,0,1,0,0,0,0,2,0,2,2,0,0,2,1
36,992.866,-3049.508,-267.604,-68.493,0.365111,0.930318,0.034677,-0.928520,0.366597,-0.058805,-0.067420,-0.010728,0.997667,0,0.77724,-0.03165,46.635,-0.063,-1,375.000,-1,350.000,500.000,300.000,300.000,325.000,300.000,1000.000,350.000,600.000,-1,625.000,550.000,-1,625.000,2,0,2,0,1,0,0,0,0,0,0,0,2,0,0,2,1
37,1009.747,-3093.021,-271.045,-68.796,0.360275,0.932236,0.033743,-0.930702,0.361663,-0.054720,-0.063216,-0.011691,0.997931,0,0.77789,-0.15165,46.673,-0.303,-1,375.000,-1,350.000,475.000,300.000,300.000,325.000,300.000,975.000,300.000,400.000,-1,625.000,550.000,-1,625.000,2,0,2,0,1,0,0,0,0,0,0,0,2,0,0,2,1
38,1026.229,-3136.730,-274.511,-69.339,0.351508,0.935608,0.032853,-0.934338,0.352802,-0.050441,-0.058783,-0.012966,0.998187,0,0.77856,-0.27165,46.714,-0.543,-1,375.000,-1,350.000,475.000,300.000,300.000,325.000,300.000,950.000,275.000,325.000,-1,625.000,550.000,-1,650.000,2,0,2,0,1,0,0,0,0,0,0,0,2,0,0,2,1
39,1042.128,-3180.703,-277.837,-70.123,0.338720,0.940315,0.032821,-0.939302,0.339968,-0.046184,-0.054586,-0.015185,0.998394,0,0.77932,-0.39165,46.759,-0.783,-1,375.000,-1,350.000,450.000,300.000,300.000,325.000,275.000,925.000,250.000,300.000,-1,625.000,550.000,-1,650.000,2,0,2,0,1,0,0,0,0,0,0,0,2,0,0,2,1
40,1057.257,-3225.003,-280.687,-71.146,0.321789,0.946163,0.035018,-0.945434,0.323096,-0.041998,-0.051051,-0.019593,0.998504,0,0.78022,-0.51165,46.813,-1.023,-1,350.000,-1,325.000,450.000,300.000,275.000,325.000,300.000,900.000,250.000,300.000,-1,600.000,550.000,-1,650.000,2,0,2,0,1,0,0,0,0,0,0,0,2,0,0,2,1
41,1071.574,-3269.642,-282.767,-72.221,0.303869,0.951892,0.039564,-0.951648,0.305231,-0.034633,-0.045043,-0.027127,0.998617,0,0.78131,-0.53759,46.879,-1.075,-1,350.000,-1,350.000,450.000,300.000,300.000,300.000,300.000,850.000,225.000,275.000,-1,600.000,575.000,-1,675.000,2,0,2,0,1,0,0,0,0,0,0,0,2,0,0,2,1
42,1085.060,-3314.600,-284.900,-73.306,0.285741,0.957278,0.044390,-0.957511,0.287085,-0.027482,-0.039052,-0.034651,0.998636,0,0.78230,-0.54248,46.938,-1.085,-1,350.000,-1,350.000,450.000,300.000,300.000,300.000,300.000,800.000,225.000,275.000,-1,600.000,575.000,1000.000,675.000,2,0,2,0,1,0,0,0,0,0,0,0,2,0,0,0,1
43,1098.060,-3360.611,-286.562,-74.225,0.270351,0.961573,0.047837,-0.962128,0.271641,-0.022801,-0.034919,-0.039861,0.998595,0,0.79688,-0.45951,47.813,-0.919,-1,350.000,-1,350.000,450.000,300.000,300.000,300.000,325.000,775.000,225.000,300.000,-1,600.000,575.000,975.000,625.000,2,0,2,0,1,0,0,0,0,0,0,0,2,0,0,0,1
44,1110.313,-3406.840,-287.077,-75.156,0.254921,0.965844,0.046481,-0.966502,0.255987,-0.018547,-0.029812,-0.040196,0.998747,0,0.79708,-0.46523,47.825,-0.930,-1,350.000,-1,350.000,450.000,300.000,300.000,300.000,325.000,800.000,250.000,300.000,-1,600.000,575.000,-1,600.000,2,0,2,0,1,0,0,0,0,0,0,0,2,0,1,2,1
45,1121.801,-3453.260,-287.467,-76.098,0.239250,0.969934,0.044573,-0.970653,0.240073,-0.014052,-0.024330,-0.039903,0.998907,0,0.79700,-0.47110,47.820,-0.942,-1,350.000,-1,350.000,450.000,300.000,300.000,300.000,325.000,800.000,275.000,325.000,-1,600.000,550.000,-1,575.000,2,0,2,0,1,0,0,0,1,0,0,0,2,0,1,2,1
46,1132.510,-3499.842,-287.852,-77.052,0.223297,0.973812,0.042769,-0.974568,0.223889,-0.009543,-0.018869,-0.039550,0.999039,0,0.79663,-0.47714,47.798,-0.954,-1,350.000,-1,350.000,450.000,300.000,300.000,300.000,300.000,825.000,300.000,350.000,-1,625.000,525.000,-1,525.000,2,0,2,0,1,0,0,0,1,0,0,0,2,1,1,2,1
47,1142.424,-3546.559,-288.219,-78.019,0.207058,0.977465,0.041104,-0.978237,0.207431,-0.004989,-0.013402,-0.039176,0.999142,0,0.79595,-0.48335,47.757,-0.967,-1,350.000,-1,350.000,425.000,300.000,300.000,325.000,300.000,825.000,325.000,350.000,-1,625.000,500.000,-1,500.000,2,0,2,0,1,0,0,0,1,0,0,0,2,1,1,2,1
48,1151.525,-3593.380,-288.558,-78.998,0.190531,0.980881,0.039616,-0.981649,0.190695,-0.000355,-0.007903,-0.038821,0.999215,0,0.79495,-0.48972,47.697,-0.979,-1,375.000,-1,350.000,425.000,300.000,300.000,325.000,275.000,850.000,350.000,375.000,-1,625.000,475.000,-1,450.000,2,0,2,0,1,0,0,0,1,0,0,0,2,1,1,2,1
49,1159.801,-3640.272,-288.857,-79.991,0.173718,0.984049,0.038347,-0.984793,0.173678,0.004385,-0.002345,-0.038526,0.999255,0,0.79361,-0.49624,47.617,-0.992,-1,375.000,-1,350.000,375.000,300.000,300.000,325.000,275.000,850.000,300.000,350.000,-1,625.000,450.000,-1,425.000,2,0,2,1,1,0,0,0,1,0,0,0,2,1,1,2,1
50,1167.236,-3687.203,-289.105,-80.997,0.156617,0.986953,0.037342,-0.987654,0.156378,0.009261,0.003300,-0.038331,0.999260,0,0.79193,-0.50292,47.516,-1.006,-1,375.000,-1,325.000,350.000,300.000,300.000,325.000,250.000,875.000,275.000,300.000,-1,625.000,425.000,-1,400.000,2,1,2,1,1,1,1,0,1,0,0,0,2,1,1,2,1
51,1173.818,-3734.137,-289.291,-82.016,0.139233,0.989581,0.036648,-0.990218,0.138793,0.014294,0.009059,-0.038279,0.999226,0,0.78989,-0.50974,47.393,-1.019,-1,350.000,-1,300.000,325.000,300.000,275.000,325.000,250.000,875.000,250.000,275.000,-1,625.000,400.000,-1,350.000,2,1,2,1,1,1,1,0,1,0,0,0,2,1,1,2,1
52,1180.363,-3785.918,-289.556,-82.796,0.125958,0.991391,0.035761,-0.991923,0.125320,0.019572,0.014922,-0.037938,0.999169,0,0.86989,-0.38974,52.193,-0.779,-1,350.000,-1,300.000,300.000,275.000,275.000,325.000,225.000,900.000,225.000,225.000,-1,625.000,375.000,-1,300.000,2,1,2,1,1,1,1,0,1,0,0,0,2,1,1,2,1
53,1186.907,-3841.926,-289.922,-83.335,0.116806,0.992554,0.034550,-0.992938,0.115983,0.024945,0.020752,-0.037220,0.999092,0,0.93982,-0.26974,56.389,-0.539,-1,325.000,-1,275.000,250.000,275.000,250.000,300.000,225.000,900.000,200.000,200.000,-1,625.000,350.000,-1,275.000,2,1,2,1,1,1,1,0,1,0,0,0,2,1,1,2,1
54,1193.032,-3897.628,-290.267,-83.724,0.110248,0.993342,0.033415,-0.993552,0.109252,0.030316,0.026463,-0.036542,0.998982,0,0.93394,-0.19429,56.037,-0.389,-1,325.000,-1,250.000,200.000,250.000,225.000,300.000,200.000,925.000,175.000,175.000,-1,625.000,300.000,-1,225.000,2,1,2,1,1,1,1,0,1,0,0,0,2,1,1,2,1
55,1198.739,-3952.952,-285.626,-84.118,0.104561,0.993267,0.049877,-0.993716,0.102331,0.045342,0.039933,-0.054305,0.997726,0,0.92695,-0.19712,55.617,-0.394,-1,325.000,-1,225.000,200.000,250.000,225.000,300.000,225.000,800.000,150.000,200.000,-1,775.000,300.000,-1,200.000,2,1,2,1,1,1,1,0,1,0,0,0,2,1,1,2,1
56,1204.018,-4007.860,-277.812,-84.517,0.099411,0.992965,0.064327,-0.993396,0.095316,0.063869,0.057288,-0.070251,0.995883,0,0.91931,-0.19951,55.159,-0.399,-1,350.000,-1,225.000,200.000,250.000,225.000,275.000,250.000,700.000,175.000,225.000,-1,900.000,325.000,-1,200.000,2,1,2,1,1,1,1,0,1,0,0,0,2,1,1,2,1
57,1208.867,-4062.316,-269.898,-84.920,0.094661,0.992499,0.077366,-0.992664,0.088233,0.082661,0.075215,-0.084624,0.993570,0,0.91115,-0.20144,54.669,-0.403,-1,375.000,-1,250.000,200.000,275.000,225.000,275.000,275.000,600.000,175.000,225.000,-1,975.000,325.000,-1,200.000,2,1,2,1,1,1,1,0,1,0,0,0,2,1,1,2,1
58,1213.976,-4121.570,-261.400,-85.083,0.094834,0.991252,0.091798,-0.991029,0.085283,0.102904,0.094175,-0.100733,0.990446,0,0.99115,-0.08144,59.469,-0.163,-1,400.000,-1,250.000,225.000,275.000,225.000,275.000,300.000,550.000,150.000,225.000,-1,-1,325.000,-1,225.000,2,1,2,1,1,1,1,0,1,0,0,0,2,2,1,2,1
59,3607.631,327.970,92.197,-27.173,0.888526,0.456573,-0.045424,-0.457055,0.889438,-0.000258,0.040284,0.020990,0.998968,1,0.00000,0.00000,60.000,-0.120,-1,375.000,-1,375.000,-1,300.000,325.000,325.000,325.000,-1,325.000,325.000,-1,675.000,775.000,-1,-1,2,0,2,0,2,0,0,0,0,2,0,0,2,0,0,2,2
60,3611.911,325.795,92.382,-26.933,0.890418,0.452845,-0.045685,-0.453324,0.891346,-0.000140,0.040658,0.020835,0.998956,0,0.08000,0.12000,4.800,0.240,-1,375.000,-1,375.000,-1,300.000,325.000,325.000,325.000,-1,325.000,325.000,-1,675.000,775.000,-1,-1,2,0,2,0,2,0,0,0,0,2,0,0,2,0,0,2,2
61,3620.505,321.519,92.755,-26.453,0.894156,0.445364,-0.046209,-0.445837,0.895114,0.000090,0.041402,0.020521,0.998932,0,0.16000,0.24000,9.600,0.480,-1,375.000,-1,375.000,-1,300.000,325.000,325.000,325.000,-1,325.000,325.000,-1,675.000,775.000,-1,-1,2,0,2,0,2,0,0,0,0,2,0,0,2,0,0,2,2
62,3633.471,315.253,93.318,-25.792,0.899191,0.435024,-0.047001,-0.435488,0.900195,0.000426,0.042495,0.020085,0.998895,0,0.24000,0.33011,14.400,0.660,-1,375.000,-1,400.000,-1,300.000,325.000,325.000,325.000,-1,325.000,325.000,-1,675.000,775.000,-1,-1,2,0,2,0,2,0,0,0,0,2,0,0,2,0,0,2,2
63,3650.853,307.099,94.070,-25.132,0.904091,0.424626,-0.048085,-0.425080,0.905155,0.000873,0.043895,0.019651,0.998843,0,0.32000,0.33011,19.200,0.660,-1,375.000,-1,400.000,-1,300.000,325.000,325.000,325.000,-1,325.000,325.000,-1,675.000,800.000,-1,-1,2,0,2,0,2,0,0,0,0,2,0,0,2,0,0,2,2
64,3672.697,297.157,95.018,-24.472,0.908854,0.414172,-0.049459,-0.414615,0.909996,0.001412,0.045592,0.019223,0.998775,0,0.40000,0.33011,24.000,0.660,-1,375.000,-1,400.000,-1,300.000,325.000,325.000,325.000,-1,300.000,300.000,-1,675.000,800.000,-1,-1,2,0,2,0,2,0,0,0,0,2,0,0,2,0,0,2,2
65,3699.046,285.529,96.166,-23.812,0.913479,0.403662,-0.051120,-0.404095,0.914715,0.002021,0.047576,0.018811,0.998690,0,0.48000,0.33011,28.800,0.660,-1,375.000,-1,400.000,-1,300.000,325.000,325.000,325.000,-1,300.000,300.000,-1,700.000,800.000,-1,-1,2,0,2,0,2,0,0,0,0,2,0,0,2,0,0,2,2
66,3729.940,272.319,97.522,-23.152,0.917964,0.393098,-0.053064,-0.393520,0.919312,0.002678,0.049835,0.018423,0.998588,0,0.56000,0.33011,33.600,0.660,-1,375.000,-1,400.000,-1,325.000,325.000,325.000,325.000,-1,300.000,300.000,-1,700.000,825.000,-1,-1,2,0,2,0,2,0,0,0,0,2,0,0,2,0,0,2,2
67,3765.420,257.629,99.093,-22.491,0.922308,0.382481,-0.055286,-0.382893,0.923787,0.003356,0.052357,0.018073,0.998465,0,0.64000,0.33011,38.400,0.660,-1,375.000,-1,400.000,-1,325.000,325.000,325.000,325.000,-1,275.000,275.000,-1,700.000,825.000,-1,-1,2,0,2,0,2,0,0,0,0,2,0,0,2,0,0,2,2
68,3805.522,241.564,100.898,-21.831,0.926509,0.371812,-0.057760,-0.372218,0.928137,0.003965,0.055084,0.017825,0.998323,0,0.72000,0.33011,43.200,0.660,-1,375.000,-1,400.000,-1,325.000,325.000,325.000,325.000,-1,275.000,275.000,-1,725.000,850.000,-1,-1,2,0,2,0,2,0,0,0,0,2,0,0,2,0,0,2,2
69,3850.139,224.285,103.328,-21.171,0.930610,0.361083,-0.059869,-0.361587,0.932335,0.002566,0.056744,0.019260,0.998203,0,0.79743,0.33011,47.846,0.660,-1,375.000,-1,400.000,-1,325.000,325.000,325.000,325.000,-1,300.000,275.000,-1,725.000,850.000,-1,-1,2,0,2,0,2,0,0,0,0,2,0,0,2,0,0,2,2
70,3894.952,207.521,105.825,-20.511,0.934578,0.350305,-0.062060,-0.350925,0.936403,0.000961,0.058450,0.020881,0.998072,0,0.79743,0.33011,47.846,0.660,-1,375.000,-1,400.000,-1,325.000,325.000,325.000,300.000,-1,325.000,300.000,-1,725.000,850.000,-1,-1,2,0,2,0,2,0,0,0,0,2,0,0,2,0,0,2,2
71,3939.955,191.275,108.363,-19.850,0.938419,0.339479,-0.064218,-0.340228,0.940343,-0.000782,0.060121,0.022583,0.997936,0,0.79743,0.33011,47.846,0.660,-1,375.000,-1,400.000,-1,325.000,325.000,325.000,300.000,-1,350.000,300.000,-1,750.000,875.000,-1,-1,2,0,2,0,2,0,0,0,0,2,0,0,2,0,0,2,2
72,3985.143,175.549,110.889,-19.190,0.942150,0.328609,-0.066102,-0.329485,0.944157,-0.002509,0.061586,0.024144,0.997810,0,0.79743,0.33011,47.846,0.660,-1,400.000,-1,400.000,-1,325.000,325.000,325.000,300.000,-1,375.000,325.000,-1,750.000,875.000,-1,-1,2,0,2,0,2,0,0,0,0,2,0,0,2,0,0,2,2
73,4030.508,160.344,113.706,-18.530,0.945866,0.317707,-0.066332,-0.318615,0.947878,-0.003310,0.061823,0.024265,0.997792,0,0.79743,0.33011,47.846,0.660,-1,400.000,-1,400.000,-1,325.000,325.000,325.000,300.000,-1,400.000,350.000,-1,750.000,850.000,-1,-1,2,0,2,0,2,0,0,0,0,2,0,0,2,0,0,2,2
74,4076.046,145.662,116.641,-17.870,0.949460,0.306765,-0.066495,-0.307683,0.951481,-0.003777,0.062110,0.024046,0.997780,0,0.79743,0.33011,47.846,0.660,-1,400.000,-1,400.000,-1,325.000,325.000,325.000,300.000,-1,450.000,400.000,-1,750.000,850.000,-1,-1,2,0,2,0,2,0,0,0,0,2,0,0,2,0,0,2,2
75,4121.749,131.506,119.589,-17.210,0.952927,0.295782,-0.066658,-0.296713,0.954957,-0.004299,0.062384,0.023875,0.997767,0,0.79743,0.33011,47.846,0.660,-1,400.000,-1,400.000,-1,325.000,325.000,325.000,325.000,-1,500.000,450.000,-1,750.000,850.000,-1,-1,2,0,2,0,2,0,0,0,0,2,0,0,2,0,0,2,2
76,4167.613,117.878,122.546,-16.549,0.956268,0.284759,-0.066812,-0.285707,0.958304,-0.004890,0.062634,0.023765,0.997754,0,0.79743,0.33011,47.846,0.660,-1,400.000,-1,400.000,-1,325.000,325.000,325.000,325.000,-1,550.000,500.000,-1,750.000,825.000,-1,-1,2,0,2,0,2,0,0,0,0,2,0,0,2,0,0,2,2
77,4213.631,104.779,125.512,-15.889,0.959482,0.273698,-0.066956,-0.274668,0.961523,-0.005547,0.062862,0.023713,0.997741,0,0.79743,0.33011,47.846,0.660,-1,400.000,-1,400.000,-1,325.000,325.000,325.000,325.000,-1,575.000,525.000,-1,750.000,825.000,-1,-1,2,0,2,0,2,0,0,0,0,2,0,0,2,0,0,2,2
78,4259.796,92.211,128.486,-15.229,0.962569,0.262601,-0.067089,-0.263595,0.964613,-0.006267,0.063069,0.023717,0.997727,0,0.79743,0.33011,47.846,0.660,-1,400.000,-1,400.000,-1,325.000,325.000,325.000,325.000,-1,625.000,575.000,-1,750.000,825.000,-1,-1,2,0,2,0,2,0,0,0,0,2,0,0,2,0,0,2,2
79,4306.104,80.176,131.468,-14.569,0.965529,0.251468,-0.067210,-0.252491,0.967574,-0.007047,0.063259,0.023774,0.997714,0,0.79743,0.33011,47.846,0.660,-1,400.000,-1,400.000,-1,325.000,325.000,325.000,325.000,-1,675.000,625.000,-1,750.000,800.000,-1,-1,2,0,2,0,2,0,0,0,0,2,0,0,2,0,0,2,2
80,4352.547,68.676,134.459,-13.908,0.968361,0.240301,-0.067319,-0.241356,0.970405,-0.007882,0.063432,0.023880,0.997700,0,0.79743,0.33011,47.846,0.660,-1,400.000,-1,400.000,-1,325.000,325.000,325.000,325.000,-1,725.000,675.000,-1,750.000,800.000,-1,-1,2,0,2,0,2,0,0,0,0,2,0,0,2,0,0,2,2
81,4399.119,57.711,137.459,-13.248,0.971065,0.229103,-0.067414,-0.230193,0.973106,-0.008770,0.063591,0.024034,0.997687,0,0.79743,0.33011,47.846,0.660,-1,400.000,-1,400.000,-1,325.000,325.000,325.000,325.000,-1,775.000,725.000,-1,750.000,775.000,-1,-1,2,0,2,0,2,0,0,0,0,2,0,0,2,0,0,2,2
82,4445.815,47.284,140.468,-12.588,0.973640,0.217874,-0.067494,-0.219002,0.975676,-0.009706,0.063738,0.024231,0.997672,0,0.79743,0.33011,47.846,0.660,-1,400.000,-1,400.000,-1,325.000,325.000,325.000,325.000,-1,800.000,750.000,-1,750.000,775.000,-1,-1,2,0,2,0,2,0,0,0,0,2,0,0,2,0,0,2,2
83,4494.539,36.778,143.593,-12.168,0.975211,0.210709,-0.067571,-0.211887,0.977236,-0.010678,0.063783,0.024731,0.997657,0,0.83074,0.21011,49.845,0.420,-1,400.000,-1,400.000,-1,325.000,325.000,325.000,325.000,-1,850.000,800.000,-1,750.000,775.000,-1,-1,2,0,2,0,2,0,0,0,0,2,0,0,2,0,0,2,2
84,4543.297,26.426,146.736,-11.987,0.975871,0.207630,-0.067574,-0.208871,0.977872,-0.011779,0.063633,0.025609,0.997645,0,0.83074,0.09011,49.845,0.180,-1,400.000,-1,400.000,-1,325.000,325.000,325.000,325.000,-1,925.000,850.000,-1,750.000,750.000,-1,-1,2,0,2,0,2,0,0,0,0,2,0,0,2,0,0,2,2
85,4592.052,16.062,149.842,-12.001,0.975842,0.207856,-0.067297,-0.209159,0.977797,-0.012849,0.063132,0.026614,0.997650,0,0.83074,-0.00680,49.845,-0.014,-1,400.000,-1,400.000,-1,325.000,325.000,325.000,350.000,-1,975.000,925.000,-1,775.000,750.000,-1,-1,2,0,2,0,2,0,0,0,0,2,0,0,2,0,0,2,2
86,4640.805,5.687,152.966,-12.015,0.975816,0.208083,-0.066966,-0.209444,0.977722,-0.013910,0.062580,0.027600,0.997658,0,0.83074,-0.00680,49.845,-0.014,-1,400.000,-1,375.000,-1,325.000,325.000,325.000,350.000,-1,-1,1000.000,-1,775.000,750.000,-1,-1,2,0,2,0,2,0,0,0,0,2,2,0,2,0,0,2,2
87,4689.555,-4.700,156.282,-12.028,0.975775,0.208313,-0.066846,-0.209685,0.977667,-0.014125,0.062411,0.027799,0.997663,0,0.83074,-0.00680,49.845,-0.014,-1,400.000,-1,375.000,-1,325.000,325.000,325.000,350.000,-1,-1,-1,-1,775.000,725.000,-1,-1,2,0,2,0,2,0,0,0,0,2,2,2,2,0,0,2,2
88,4738.303,-15.099,159.576,-12.042,0.975710,0.208547,-0.067069,-0.209903,0.977625,-0.013763,0.062698,0.027507,0.997653,0,0.83074,-0.00680,49.845,-0.014,-1,400.000,-1,375.000,-1,325.000,325.000,325.000,350.000,-1,-1,-1,-1,800.000,750.000,-1,-1,2,0,2,0,2,0,0,0,0,2,2,2,2,0,0,2,2
89,4787.048,-25.510,162.819,-12.055,0.975649,0.208779,-0.067228,-0.210132,0.977578,-0.013636,0.062874,0.027431,0.997644,0,0.83074,-0.00680,49.845,-0.014,-1,400.000,-1,375.000,-1,325.000,325.000,325.000,350.000,-1,-1,-1,-1,800.000,750.000,-1,-1,2,0,2,0,2,0,0,0,0,2,2,2,2,0,0,2,2
90,4835.791,-35.932,166.011,-12.069,0.975593,0.209011,-0.067329,-0.210373,0.977525,-0.013736,0.062945,0.027565,0.997636,0,0.83074,-0.00680,49.845,-0.014,-1,400.000,-1,375.000,-1,325.000,300.000,325.000,350.000,-1,-1,-1,-1,800.000,750.000,-1,-1,2,0,2,0,2,0,0,0,0,2,2,2,2,0,0,2,2
91,4884.531,-46.365,169.220,-12.083,0.975531,0.209242,-0.067510,-0.210612,0.977472,-0.013785,0.063105,0.027666,0.997623,0,0.83074,-0.00680,49.845,-0.014,-1,400.000,-1,375.000,-1,325.000,300.000,325.000,350.000,-1,-1,-1,-1,825.000,775.000,-1,-1,2,0,2,0,2,0,0,0,0,2,2,2,2,0,0,2,2
92,4933.269,-56.810,172.443,-12.096,0.975463,0.209473,-0.067771,-0.210852,0.977421,-0.013783,0.063354,0.027734,0.997606,0,0.83074,-0.00680,49.845,-0.014,-1,400.000,-1,375.000,-1,325.000,300.000,325.000,350.000,-1,-1,-1,-1,825.000,775.000,-1,-1,2,0,2,0,2,0,0,0,0,2,2,2,2,0,0,2,2
93,4982.004,-67.267,175.683,-12.110,0.975389,0.209705,-0.068113,-0.211090,0.977370,-0.013729,0.063692,0.027769,0.997583,0,0.83074,-0.00680,49.845,-0.014,-1,400.000,-1,375.000,-1,325.000,300.000,325.000,350.000,-1,-1,-1,-1,825.000,775.000,-1,-1,2,0,2,0,2,0,0,0,0,2,2,2,2,0,0,2,2
94,5030.737,-77.735,178.938,-12.123,0.975310,0.209937,-0.068535,-0.211327,0.977320,-0.013624,0.064120,0.027771,0.997556,0,0.83074,-0.00680,49.845,-0.014,-1,400.000,-1,375.000,-1,325.000,300.000,325.000,350.000,-1,-1,-1,-1,850.000,800.000,-1,-1,2,0,2,0,2,0,0,0,0,2,2,2,2,0,0,2,2
95,5079.468,-88.215,182.208,-12.137,0.975225,0.210169,-0.069037,-0.211564,0.977271,-0.013467,0.064637,0.027739,0.997523,0,0.83074,-0.00680,49.845,-0.014,-1,400.000,-1,400.000,-1,325.000,325.000,325.000,350.000,-1,-1,-1,-1,875.000,800.000,-1,-1,2,0,2,0,2,0,0,0,0,2,2,2,2,0,0,2,2
96,5128.196,-98.706,185.494,-12.151,0.975133,0.210401,-0.069619,-0.211799,0.977223,-0.013258,0.065244,0.027674,0.997486,0,0.83074,-0.00680,49.845,-0.014,-1,400.000,-1,400.000,-1,325.000,325.000,325.000,350.000,-1,-1,-1,-1,1000.000,800.000,-1,-1,2,0,2,0,2,0,0,0,0,2,2,2,2,0,0,2,2
97,5176.921,-109.209,188.794,-12.164,0.975035,0.210634,-0.070287,-0.212033,0.977176,-0.012989,0.065947,0.027568,0.997442,0,0.83074,-0.00680,49.845,-0.014,-1,425.000,-1,400.000,-1,325.000,325.000,325.000,350.000,-1,-1,-1,-1,-1,825.000,-1,-1,2,0,2,0,2,0,0,0,0,2,2,2,2,2,0,2,2
98,5225.644,-119.724,191.904,-12.178,0.974966,0.210871,-0.070528,-0.212206,0.977152,-0.011917,0.066404,0.026585,0.997439,0,0.83074,-0.00680,49.845,-0.014,-1,425.000,-1,400.000,-1,325.000,325.000,325.000,350.000,-1,-1,-1,-1,-1,825.000,-1,-1,2,0,2,0,2,0,0,0,0,2,2,2,2,2,0,2,2
99,5274.364,-130.251,194.886,-12.191,0.974937,0.211112,-0.070209,-0.212333,0.977143,-0.010331,0.066423,0.024979,0.997479,0,0.83074,-0.00680,49.845,-0.014,-1,425.000,-1,400.000,-1,325.000,325.000,325.000,350.000,-1,-1,-1,-1,-1,875.000,-1,-1,2,0,2,0,2,0,0,0,0,2,2,2,2,2,0,2,2
100,5323.082,-140.790,197.915,-12.205,0.974970,0.211352,-0.069021,-0.212446,0.977133,-0.008816,0.065580,0.023259,0.997576,0,0.83074,-0.00680,49.845,-0.014,-1,425.000,-1,400.000,-1,325.000,325.000,325.000,350.000,-1,-1,-1,-1,-1,900.000,-1,-1,2,0,2,0,2,0,0,0,0,2,2,2,2,2,0,2,2
101,5371.797,-151.339,200.648,-12.219,0.975067,0.211587,-0.066904,-0.212624,0.977095,-0.008695,0.063532,0.022704,0.997721,0,0.83074,-0.00680,49.845,-0.014,-1,425.000,-1,400.000,-1,325.000,325.000,300.000,350.000,-1,-1,-1,-1,-1,925.000,-1,-1,2,0,2,0,2,0,0,0,0,2,2,2,2,2,0,2,2
102,5420.510,-161.900,203.337,-12.232,0.975144,0.211820,-0.065002,-0.212818,0.977053,-0.008746,0.061658,0.022362,0.997847,0,0.83074,-0.00680,49.845,-0.014,-1,425.000,-1,400.000,-1,325.000,325.000,300.000,325.000,-1,-1,-1,-1,-1,950.000,-1,-1,2,0,2,0,2,0,0,0,0,2,2,2,2,2,0,2,2
103,5469.220,-172.472,205.999,-12.246,0.975208,0.212053,-0.063262,-0.213023,0.977006,-0.008923,0.059915,0.022178,0.997957,0,0.83074,-0.00680,49.845,-0.014,-1,425.000,-1,400.000,-1,325.000,325.000,300.000,325.000,-1,-1,-1,-1,-1,975.000,-1,-1,2,0,2,0,2,0,0,0,0,2,2,2,2,2,0,2,2
104,5513.276,-181.853,208.421,-12.019,0.976141,0.208193,-0.061686,-0.209130,0.977846,-0.009069,0.058431,0.021753,0.998054,0,0.75074,0.11320,45.045,0.226,-1,400.000,-1,400.000,-1,325.000,325.000,300.000,325.000,-1,-1,-1,-1,-1,1000.000,-1,-1,2,0,2,0,2,0,0,0,0,2,2,2,2,2,0,2,2
105,5552.705,-189.913,210.602,-11.553,0.977894,0.200229,-0.060267,-0.201127,0.979522,-0.009167,0.057197,0.021086,0.998140,0,0.67074,0.23320,40.245,0.466,-1,425.000,-1,400.000,-1,325.000,325.000,300.000,325.000,-1,-1,-1,-1,-1,-1,-1,-1,2,0,2,0,2,0,0,0,0,2,2,2,2,2,2,2,2
106,5589.454,-196.954,212.650,-10.847,0.980373,0.188141,-0.058923,-0.188994,0.981935,-0.009207,0.056127,0.020162,0.998220,0,0.62362,0.35320,37.417,0.706,-1,425.000,-1,400.000,-1,325.000,325.000,300.000,300.000,-1,-1,-1,-1,-1,-1,-1,-1,2,0,2,0,2,0,0,0,0,2,2,2,2,2,2,2,2
107,5626.313,-203.388,214.725,-9.900,0.983433,0.171901,-0.057532,-0.172699,0.984932,-0.009163,0.055090,0.018947,0.998302,0,0.62362,0.47320,37.417,0.946,-1,450.000,-1,400.000,-1,325.000,325.000,300.000,300.000,-1,-1,-1,-1,-1,-1,-1,-1,2,0,2,0,2,0,0,0,0,2,2,2,2,2,2,2,2
108,5663.287,-209.127,216.836,-8.823,0.986580,0.153351,-0.056065,-0.154086,0.988016,-0.009006,0.054012,0.017524,0.998387,0,0.62362,0.53879,37.417,1.078,-1,450.000,-1,425.000,-1,350.000,325.000,300.000,300.000,-1,-1,-1,-1,-1,-1,-1,-1,2,0,2,0,2,0,0,0,0,2,2,2,2,2,2,2,2
109,5700.363,-214.170,218.989,-7.745,0.989380,0.134747,-0.054509,-0.135414,0.990751,-0.008723,0.052830,0.016011,0.998475,0,0.62362,0.53879,37.417,1.078,-1,475.000,-1,425.000,-1,350.000,350.000,300.000,300.000,-1,-1,-1,-1,-1,-1,-1,-1,2,0,2,0,2,0,0,0,0,2,2,2,2,2,2,2,2
110,5737.527,-218.515,221.179,-6.667,0.991830,0.116093,-0.052874,-0.116689,0.993134,-0.008314,0.051546,0.014416,0.998567,0,0.62362,0.53879,37.417,1.078,-1,475.000,-1,450.000,-1,350.000,350.000,300.000,300.000,-1,-1,-1,-1,-1,-1,-1,-1,2,0,2,0,2,0,0,0,0,2,2,2,2,2,2,2,2
111,5774.765,-222.160,223.403,-5.590,0.993929,0.097398,-0.051169,-0.097919,0.995164,-0.007783,0.050164,0.012746,0.998660,0,0.62362,0.53879,37.417,1.078,-1,500.000,-1,450.000,-1,375.000,350.000,300.000,300.000,-1,-1,-1,-1,-1,-1,-1,-1,2,0,2,0,2,0,0,0,0,2,2,2,2,2,2,2,2
112,5812.066,-225.104,225.657,-4.512,0.995676,0.078667,-0.049403,-0.079112,0.996840,-0.007130,0.048686,0.011008,0.998753,0,0.62362,0.53879,37.417,1.078,-1,500.000,-1,475.000,-1,375.000,375.000,300.000,300.000,-1,-1,-1,-1,-1,-1,-1,-1,2,0,2,0,2,0,0,0,0,2,2,2,2,2,2,2,2
113,5849.416,-227.346,227.939,-3.435,0.997069,0.059907,-0.047584,-0.060276,0.998161,-0.006360,0.047116,0.009210,0.998847,0,0.62362,0.53879,37.417,1.078,-1,500.000,-1,475.000,-1,400.000,375.000,300.000,300.000,-1,-1,-1,-1,-1,-1,-1,-1,2,0,2,0,2,0,0,0,0,2,2,2,2,2,2,2,2
114,5886.801,-228.885,230.227,-2.357,0.998105,0.041125,-0.045776,-0.041415,0.999127,-0.005402,0.045514,0.007288,0.998937,0,0.62362,0.53879,37.417,1.078,-1,525.000,-1,500.000,-1,400.000,400.000,300.000,325.000,-1,-1,-1,-1,-1,-1,-1,-1,2,0,2,0,2,0,0,0,0,2,2,2,2,2,2,2,2
115,5924.209,-229.721,231.259,-1.279,0.998842,0.022329,-0.042608,-0.022496,0.999741,-0.003444,0.042520,0.004399,0.999086,0,0.62362,0.53879,37.417,1.078,-1,525.000,-1,500.000,-1,400.000,400.000,300.000,325.000,-1,-1,-1,-1,-1,-1,-1,-1,2,0,2,0,2,0,0,0,0,2,2,2,2,2,2,2,2
116,5961.625,-229.853,231.173,-0.202,0.999300,0.003523,-0.037231,-0.003675,0.999985,-0.004021,0.037216,0.004155,0.999299,0,0.62362,0.53879,37.417,1.078,-1,500.000,-1,500.000,-1,400.000,400.000,300.000,300.000,-1,-1,-1,-1,-1,-1,-1,-1,2,0,2,0,2,0,0,0,0,2,2,2,2,2,2,2,2
117,5999.037,-229.281,231.097,0.876,0.999377,-0.015284,-0.031803,0.015152,0.999876,-0.004386,0.031866,0.003902,0.999485,0,0.62362,0.53879,37.417,1.078,-1,500.000,-1,500.000,-1,400.000,400.000,300.000,300.000,-1,-1,-1,-1,-1,-1,-1,-1,2,0,2,0,2,0,0,0,0,2,2,2,2,2,2,2,2
118,6036.432,-228.006,231.029,1.953,0.999072,-0.034085,-0.026333,0.033977,0.999412,-0.004545,0.026472,0.003646,0.999643,0,0.62362,0.53879,37.417,1.078,-1,500.000,-1,475.000,-1,375.000,375.000,300.000,300.000,-1,-1,-1,-1,-1,-1,-1,-1,2,0,2,0,2,0,0,0,0,2,2,2,2,2,2,2,2
119,6073.797,-226.028,230.967,3.031,0.998384,-0.052874,-0.020826,0.052791,0.998595,-0.004503,0.021035,0.003397,0.999773,0,0.62362,0.53879,37.417,1.078,-1,475.000,-1,475.000,-1,375.000,375.000,275.000,275.000,-1,-1,-1,-1,-1,-1,-1,-1,2,0,2,0,2,0,0,0,0,2,2,2,2,2,2,2,2
120,6111.117,-223.347,230.907,4.108,0.997313,-0.071645,-0.015289,0.071587,0.997425,-0.004267,0.015556,0.003161,0.999874,0,0.62362,0.53879,37.417,1.078,-1,475.000,-1,475.000,-1,375.000,375.000,275.000,275.000,-1,-1,-1,-1,-1,-1,-1,-1,2,0,2,0,2,0,0,0,0,2,2,2,2,2,2,2,2
121,6148.381,-219.965,230.850,5.186,0.995859,-0.090390,-0.009729,0.090356,0.995902,-0.003840,0.010036,0.002945,0.999945,0,0.62362,0.53879,37.417,1.078,-1,475.000,-1,475.000,-1,375.000,375.000,275.000,275.000,-1,-1,-1,-1,-1,-1,-1,-1,2,0,2,0,2,0,0,0,0,2,2,2,2,2,2,2,2
122,6185.575,-215.883,230.792,6.264,0.994022,-0.109103,-0.004151,0.109090,0.994027,-0.003231,0.004478,0.002759,0.999986,0,0.62362,0.53879,37.417,1.078,-1,450.000,-1,475.000,-1,375.000,375.000,275.000,275.000,-1,-1,-1,-1,-1,-1,-1,-1,2,0,2,0,2,0,0,0,0,2,2,2,2,2,2,2,2
123,6222.685,-211.102,230.732,7.341,0.991802,-0.127778,0.001441,0.127781,0.991799,-0.002444,-0.001117,0.002608,0.999996,0,0.62362,0.53879,37.417,1.078,-1,450.000,-1,475.000,-1,350.000,350.000,275.000,275.000,-1,-1,-1,-1,-1,-1,-1,-1,2,0,2,0,2,0,0,0,0,2,2,2,2,2,2,2,2
124,6259.699,-205.624,230.668,8.419,0.989199,-0.146408,0.007040,0.146421,0.989221,-0.001485,-0.006746,0.002500,0.999974,0,0.62362,0.53879,37.417,1.078,-1,450.000,-1,475.000,-1,350.000,350.000,275.000,275.000,-1,-1,-1,-1,-1,-1,-1,-1,2,0,2,0,2,0,0,0,0,2,2,2,2,2,2,2,2
125,6296.603,-199.450,230.599,9.496,0.986215,-0.164985,0.012642,0.165003,0.986293,-0.000361,-0.012409,0.002442,0.999920,0,0.62362,0.53879,37.417,1.078,-1,450.000,-1,475.000,-1,350.000,350.000,275.000,275.000,-1,-1,-1,-1,-1,-1,-1,-1,2,0,2,0,2,0,0,0,0,2,2,2,2,2,2,2,2
126,6338.136,-191.877,230.504,10.334,0.983596,-0.179385,0.018953,0.179398,0.983776,0.001051,-0.018834,0.002367,0.999820,0,0.70362,0.41879,42.217,0.838,-1,450.000,-1,475.000,-1,350.000,350.000,275.000,275.000,-1,-1,-1,-1,-1,-1,-1,-1,2,0,2,0,2,0,0,0,0,2,2,2,2,2,2,2,2
127,6384.300,-182.961,230.377,10.932,0.981511,-0.189636,0.025975,0.189631,0.981852,0.002683,-0.026012,0.002292,0.999659,0,0.78362,0.29879,47.017,0.598,-1,450.000,-1,475.000,-1,350.000,350.000,275.000,300.000,-1,-1,-1,-1,-1,-1,-1,-1,2,0,2,0,2,0,0,0,0,2,2,2,2,2,2,2,2
128,6434.759,-172.888,230.212,11.289,0.980074,-0.195760,0.033662,0.195723,0.980649,0.004441,-0.033880,0.002236,0.999423,0,0.85755,0.17879,51.453,0.358,-1,425.000,-1,475.000,-1,350.000,350.000,275.000,300.000,-1,-1,-1,-1,975.000,-1,-1,-1,2,0,2,0,2,0,0,0,0,2,2,2,2,0,2,2,2
129,6485.196,-162.712,230.021,11.407,0.979375,-0.197772,0.041360,0.197691,0.980245,0.006090,-0.041747,0.002212,0.999126,0,0.85755,0.05879,51.453,0.118,-1,425.000,-1,475.000,-1,350.000,350.000,275.000,300.000,-1,-1,-1,-1,950.000,-1,-1,-1,2,0,2,0,2,0,0,0,0,2,2,2,2,0,2,2,2
130,6535.656,-152.644,228.613,11.284,0.979503,-0.195674,0.047817,0.195765,0.980647,0.002808,-0.047441,0.006611,0.998852,0,0.85755,-0.06121,51.453,-0.122,-1,425.000,-1,475.000,-1,350.000,350.000,300.000,300.000,-1,-1,-1,-1,925.000,-1,-1,-1,2,0,2,0,2,0,0,0,0,2,2,2,2,0,2,2,2
131,6586.178,-142.895,226.455,10.922,0.980328,-0.189453,0.055364,0.189922,0.981794,-0.003274,-0.053736,0.013724,0.998461,0,0.85755,-0.18121,51.453,-0.362,-1,450.000,-1,450.000,-1,350.000,350.000,300.000,275.000,-1,-1,-1,-1,900.000,-1,-1,-1,2,0,2,0,2,0,0,0,0,2,2,2,2,0,2,2,2
132,6636.799,-133.678,223.097,10.320,0.982016,-0.179115,0.059679,0.179732,0.983702,-0.005090,-0.057795,0.015724,0.998205,0,0.85755,-0.30121,51.453,-0.602,-1,425.000,-1,450.000,-1,350.000,350.000,300.000,275.000,-1,-1,-1,-1,900.000,-1,-1,-1,2,0,2,0,2,0,0,0,0,2,2,2,2,0,2,2,2
133,6687.551,-125.206,219.055,9.477,0.984273,-0.164635,0.064041,0.165242,0.986244,-0.004265,-0.062458,0.014781,0.997938,0,0.85755,-0.42121,51.453,-0.842,-1,425.000,-1,450.000,-1,350.000,350.000,300.000,275.000,-1,-1,-1,-1,875.000,1000.000,-1,-1,2,0,2,0,2,0,0,0,0,2,2,2,2,0,0,2,2
134,6738.454,-117.695,214.982,8.395,0.986921,-0.145978,0.068393,0.146563,0.989195,-0.003598,-0.067129,0.013575,0.997652,0,0.85755,-0.54121,51.453,-1.082,-1,425.000,-1,450.000,-1,350.000,350.000,300.000,275.000,-1,-1,-1,-1,850.000,975.000,-1,-1,2,0,2,0,2,0,0,0,0,2,2,2,2,0,0,2,2
135,6789.514,-111.340,210.879,7.094,0.989676,-0.123491,0.072744,0.124046,0.992272,-0.003141,-0.071794,0.012132,0.997346,0,0.85755,-0.65026,51.453,-1.301,-1,425.000,-1,425.000,-1,350.000,350.000,300.000,250.000,-1,-1,-1,-1,850.000,925.000,-1,-1,2,0,2,0,2,0,0,0,0,2,2,2,2,0,0,2,2
136,6840.705,-106.146,206.756,5.794,0.991901,-0.100940,0.077101,0.101467,0.994835,-0.002939,-0.076406,0.010739,0.997019,0,0.85755,-0.65026,51.453,-1.301,-1,425.000,-1,425.000,-1,350.000,350.000,275.000,250.000,-1,-1,-1,-1,825.000,900.000,-1,-1,2,0,2,0,2,0,0,0,0,2,2,2,2,0,0,2,2
137,6892.001,-102.116,202.614,4.493,0.993593,-0.078336,0.081459,0.078839,0.996883,-0.002984,-0.080971,0.009387,0.996672,0,0.85755,-0.65026,51.453,-1.301,-1,425.000,-1,425.000,-1,325.000,350.000,275.000,275.000,-1,-1,-1,-1,825.000,875.000,-1,-1,2,0,2,0,2,0,0,0,0,2,2,2,2,0,0,2,2
