timestep,x_cm,y_cm,z_cm,yaw_deg,basis_xx,basis_xy,basis_xz,basis_yx,basis_yy,basis_yz,basis_zx,basis_zy,basis_zz,teleport_flag,throttle_cmd,steering_cmd,cmd_move_cm,cmd_turn_deg,lidar_cm_0,lidar_cm_1,lidar_cm_2,lidar_cm_3,lidar_cm_4,lidar_cm_5,lidar_cm_6,lidar_cm_7,lidar_cm_8,lidar_cm_9,lidar_cm_10,lidar_cm_11,lidar_cm_12,lidar_cm_13,lidar_cm_14,lidar_cm_15,lidar_cm_16,lidar_class_0,lidar_class_1,lidar_class_2,lidar_class_3,lidar_class_4,lidar_class_5,lidar_class_6,lidar_class_7,lidar_class_8,lidar_class_9,lidar_class_10,lidar_class_11,lidar_class_12,lidar_class_13,lidar_class_14,lidar_class_15,lidar_class_16
0,-8194.399,-4264.234,25.556,-8.264,0.988838,0.143596,-0.039735,-0.145100,0.988689,-0.037948,0.033837,0.043290,0.998489,1,0.08000,-0.12000,4.800,-0.240,-1,400.000,-1,400.000,-1,325.000,325.000,300.000,300.000,-1,-1,-1,-1,775.000,850.000,-1,-1,2,0,2,0,2,0,0,0,0,2,2,2,2,0,0,2,2
1,-8184.910,-4265.693,25.870,-8.744,0.987608,0.151871,-0.039572,-0.153373,0.987431,-0.038169,0.033278,0.043765,0.998487,0,0.16000,-0.24000,9.600,-0.480,-1,400.000,-1,400.000,-1,325.000,325.000,300.000,300.000,-1,-1,-1,-1,775.000,850.000,-1,-1,2,0,2,0,2,0,0,0,0,2,2,2,2,0,0,2,2
2,-8170.706,-4268.061,26.332,-9.464,0.985633,0.164262,-0.039322,-0.165761,0.985414,-0.038503,0.032424,0.044468,0.998485,0,0.24000,-0.36000,14.400,-0.720,-1,400.000,-1,400.000,-1,325.000,325.000,300.000,300.000,-1,-1,-1,-1,775.000,875.000,-1,-1,2,0,2,0,2,0,0,0,0,2,2,2,2,0,0,2,2
3,-8151.823,-4271.534,26.931,-10.424,0.982758,0.180741,-0.038980,-0.182236,0.982483,-0.038954,0.031257,0.045386,0.998480,0,0.32000,-0.48000,19.200,-0.960,-1,400.000,-1,400.000,-1,325.000,325.000,300.000,300.000,-1,-1,-1,-1,775.000,875.000,-1,-1,2,0,2,0,2,0,0,0,0,2,2,2,2,0,0,2,2
4,-8128.315,-4276.369,27.651,-11.624,0.978778,0.201267,-0.038540,-0.202752,0.978432,-0.039528,0.029753,0.046503,0.998475,0,0.40000,-0.60000,24.000,-1.200,-1,400.000,-1,400.000,-1,325.000,325.000,300.000,300.000,-1,-1,-1,-1,775.000,875.000,-1,-1,2,0,2,0,2,0,0,0,0,2,2,2,2,0,0,2,2
5,-8100.259,-4282.879,28.473,-13.064,0.973438,0.225778,-0.037992,-0.227248,0.973006,-0.040227,0.027884,0.047792,0.998468,0,0.48000,-0.72000,28.800,-1.440,-1,400.000,-1,400.000,-1,325.000,325.000,300.000,300.000,-1,-1,-1,-1,775.000,875.000,-1,-1,2,0,2,0,2,0,0,0,0,2,2,2,2,0,0,2,2
6,-8067.765,-4291.429,29.373,-14.744,0.966434,0.254189,-0.037326,-0.255635,0.965901,-0.041058,0.025617,0.049222,0.998459,0,0.56000,-0.84000,33.600,-1.680,-1,400.000,-1,400.000,-1,325.000,325.000,300.000,300.000,-1,-1,-1,-1,775.000,875.000,-1,-1,2,0,2,0,2,0,0,0,0,2,2,2,2,0,0,2,2
7,-8030.977,-4302.440,30.319,-16.664,0.957418,0.286386,-0.036529,-0.287795,0.956769,-0.042027,0.022914,0.050750,0.998448,0,0.64000,-0.96000,38.400,-1.920,-1,400.000,-1,400.000,-1,325.000,325.000,300.000,300.000,-1,-1,-1,-1,800.000,875.000,-1,-1,2,0,2,0,2,0,0,0,0,2,2,2,2,0,0,2,2
8,-7990.040,-4316.239,31.284,-18.629,0.947086,0.319001,-0.035597,-0.320362,0.946312,-0.043139,0.019925,0.052260,0.998435,0,0.72000,-0.98256,43.200,-1.965,-1,400.000,-1,400.000,-1,325.000,325.000,300.000,300.000,-1,-1,-1,-1,800.000,875.000,-1,-1,2,0,2,0,2,0,0,0,0,2,2,2,2,0,0,2,2
9,-7945.108,-4333.127,32.163,-20.599,0.935614,0.351322,-0.034641,-0.352620,0.934730,-0.044025,0.016913,0.053405,0.998430,0,0.80000,-0.98500,48.000,-1.970,-1,400.000,-1,400.000,-1,325.000,325.000,300.000,300.000,-1,-1,-1,-1,800.000,875.000,-1,-1,2,0,2,0,2,0,0,0,0,2,2,2,2,0,0,2,2
10,-7896.352,-4353.394,32.922,-22.573,0.923026,0.383294,-0.033302,-0.384500,0.922037,-0.044798,0.013535,0.054155,0.998441,0,0.88000,-0.98695,52.800,-1.974,-1,400.000,-1,400.000,-1,325.000,325.000,300.000,300.000,-1,-1,-1,-1,800.000,875.000,-1,-1,2,0,2,0,2,0,0,0,0,2,2,2,2,0,0,2,2
11,-7845.630,-4376.565,33.571,-24.551,0.909315,0.414887,-0.031847,-0.415988,0.908225,-0.045631,0.009992,0.054741,0.998451,0,0.92939,-0.98932,55.764,-1.979,-1,400.000,-1,400.000,-1,325.000,325.000,300.000,300.000,-1,-1,-1,-1,800.000,875.000,-1,-1,2,0,2,0,2,0,0,0,0,2,2,2,2,0,0,2,2
12,-7795.695,-4401.501,34.061,-26.536,0.894477,0.446069,-0.030550,-0.447067,0.893288,-0.046564,0.006519,0.055309,0.998448,0,0.93023,-0.99206,55.814,-1.984,-1,400.000,-1,400.000,-1,325.000,325.000,300.000,300.000,-1,-1,-1,-1,825.000,875.000,-1,-1,2,0,2,0,2,0,0,0,0,2,2,2,2,0,0,2,2
13,-7746.490,-4428.256,34.281,-28.536,0.878427,0.476952,-0.029696,-0.477865,0.877138,-0.047686,0.003303,0.056079,0.998421,0,0.93348,-1.00000,56.009,-2.000,-1,400.000,-1,400.000,-1,325.000,325.000,300.000,300.000,-1,-1,-1,-1,825.000,875.000,-1,-1,2,0,2,0,2,0,0,0,0,2,2,2,2,0,0,2,2
14,-7698.245,-4456.715,34.333,-30.536,0.861312,0.507257,-0.028831,-0.508076,0.859931,-0.048757,0.000060,0.056644,0.998394,0,0.93354,-1.00000,56.012,-2.000,-1,400.000,-1,400.000,-1,325.000,325.000,300.000,300.000,-1,-1,-1,-1,825.000,875.000,-1,-1,2,0,2,0,2,0,0,0,0,2,2,2,2,0,0,2,2
15,-7651.020,-4486.842,34.152,-32.536,0.843157,0.536942,-0.027921,-0.537657,0.841677,-0.050055,-0.003376,0.057216,0.998356,0,0.93359,-1.00000,56.016,-2.000,-1,400.000,-1,400.000,-1,325.000,325.000,300.000,300.000,-1,-1,-1,-1,825.000,875.000,-1,-1,2,0,2,0,2,0,0,0,0,2,2,2,2,0,0,2,2
16,-7604.873,-4518.601,33.795,-34.536,0.823978,0.565978,-0.027012,-0.566581,0.822409,-0.051286,-0.006812,0.057563,0.998319,0,0.93365,-1.00000,56.019,-2.000,-1,400.000,-1,400.000,-1,325.000,325.000,300.000,300.000,-1,-1,-1,-1,850.000,875.000,-1,-1,2,0,2,0,2,0,0,0,0,2,2,2,2,0,0,2,2
17,-7559.859,-4551.952,33.174,-36.536,0.803806,0.594320,-0.026083,-0.594800,0.802135,-0.052840,-0.010481,0.057987,0.998262,0,0.93370,-1.00000,56.022,-2.000,-1,400.000,-1,400.000,-1,325.000,325.000,300.000,300.000,-1,-1,-1,-1,850.000,875.000,-1,-1,2,0,2,0,2,0,0,0,0,2,2,2,2,0,0,2,2
18,-7516.035,-4586.857,32.320,-38.536,0.782662,0.621938,-0.025171,-0.622283,0.780888,-0.054563,-0.014280,0.058368,0.998193,0,0.93375,-1.00000,56.025,-2.000,-1,400.000,-1,400.000,-1,325.000,325.000,300.000,300.000,-1,-1,-1,-1,850.000,850.000,-1,-1,2,0,2,0,2,0,0,0,0,2,2,2,2,0,0,2,2
19,-7476.964,-4619.986,31.389,-40.296,0.763268,0.645623,-0.024359,-0.645841,0.761412,-0.056047,-0.017638,0.058511,0.998131,0,0.85375,-0.88000,51.225,-1.760,-1,400.000,-1,400.000,-1,325.000,325.000,300.000,300.000,-1,-1,-1,-1,850.000,850.000,-1,-1,2,0,2,0,2,0,0,0,0,2,2,2,2,0,0,2,2
20,-7442.364,-4650.940,30.383,-41.816,0.745934,0.665600,-0.023623,-0.665706,0.744027,-0.057096,-0.020427,0.058316,0.998089,0,0.77375,-0.76000,46.425,-1.520,-1,400.000,-1,400.000,-1,325.000,325.000,300.000,300.000,-1,-1,-1,-1,850.000,850.000,-1,-1,2,0,2,0,2,0,0,0,0,2,2,2,2,0,0,2,2
21,-7411.472,-4679.845,29.378,-43.096,0.730931,0.682065,-0.022947,-0.682069,0.728984,-0.058011,-0.022839,0.058053,0.998052,0,0.70509,-0.64000,42.306,-1.280,-1,400.000,-1,400.000,-1,325.000,325.000,300.000,300.000,-1,-1,-1,-1,850.000,850.000,-1,-1,2,0,2,0,2,0,0,0,0,2,2,2,2,0,0,2,2
22,-7380.992,-4709.419,28.311,-44.136,0.718479,0.695192,-0.022263,-0.695097,0.716492,-0.058992,-0.025059,0.057860,0.998010,0,0.70782,-0.52000,42.469,-1.040,-1,400.000,-1,400.000,-1,325.000,325.000,300.000,300.000,-1,-1,-1,-1,850.000,850.000,-1,-1,2,0,2,0,2,0,0,0,0,2,2,2,2,0,0,2,2
23,-7350.932,-4739.647,27.167,-45.158,0.706001,0.707882,-0.021574,-0.707686,0.703978,-0.059960,-0.027257,0.057599,0.997968,0,0.71049,-0.51145,42.630,-1.023,-1,400.000,-1,400.000,-1,325.000,325.000,300.000,300.000,-1,-1,-1,-1,850.000,825.000,-1,-1,2,0,2,0,2,0,0,0,0,2,2,2,2,0,0,2,2
24,-7321.306,-4770.518,25.946,-46.179,0.693330,0.720318,-0.020878,-0.720018,0.691276,-0.060914,-0.029445,0.057265,0.997925,0,0.71310,-0.51007,42.786,-1.020,-1,400.000,-1,400.000,-1,325.000,325.000,300.000,300.000,-1,-1,-1,-1,850.000,825.000,-1,-1,2,0,2,0,2,0,0,0,0,2,2,2,2,0,0,2,2
25,-7292.131,-4802.021,24.612,-47.196,0.680476,0.732498,-0.019991,-0.732083,0.678403,-0.061840,-0.031736,0.056715,0.997886,0,0.71563,-0.50854,42.938,-1.017,-1,400.000,-1,400.000,-1,325.000,325.000,300.000,300.000,-1,-1,-1,-1,850.000,825.000,-1,-1,2,0,2,0,2,0,0,0,0,2,2,2,2,0,0,2,2
26,-7263.419,-4834.144,23.169,-48.209,0.667447,0.744417,-0.018925,-0.743875,0.665366,-0.062749,-0.034120,0.055959,0.997850,0,0.71806,-0.50685,43.084,-1.014,-1,400.000,-1,400.000,-1,325.000,325.000,300.000,300.000,-1,-1,-1,-1,850.000,825.000,-1,-1,2,0,2,0,2,0,0,0,0,2,2,2,2,0,0,2,2
27,-7235.188,-4866.875,21.621,-49.219,0.654252,0.756069,-0.017700,-0.755391,0.652175,-0.063651,-0.036581,0.055014,0.997815,0,0.72039,-0.50500,43.224,-1.010,-1,400.000,-1,400.000,-1,325.000,325.000,300.000,300.000,-1,-1,-1,-1,850.000,825.000,-1,-1,2,0,2,0,2,0,0,0,0,2,2,2,2,0,0,2,2
28,-7207.450,-4900.198,19.959,-50.225,0.640900,0.767452,-0.016270,-0.766625,0.638842,-0.064551,-0.039146,0.053844,0.997782,0,0.72261,-0.50299,43.357,-1.006,-1,400.000,-1,400.000,-1,325.000,325.000,300.000,300.000,-1,-1,-1,-1,850.000,800.000,-1,-1,2,0,2,0,2,0,0,0,0,2,2,2,2,1,0,2,2
29,-7180.221,-4934.099,18.228,-51.227,0.627404,0.778552,-0.014867,-0.777578,0.625369,-0.065461,-0.041668,0.052631,0.997744,0,0.72470,-0.50080,43.482,-1.002,-1,400.000,-1,400.000,-1,325.000,325.000,300.000,300.000,-1,-1,-1,-1,825.000,800.000,-1,-1,2,0,2,0,2,0,0,0,0,2,2,2,2,1,0,2,2
30,-7153.514,-4968.561,16.429,-52.224,0.613774,0.789366,-0.013490,-0.788246,0.611769,-0.066379,-0.044145,0.051375,0.997703,0,0.72664,-0.49845,43.599,-0.997,975.000,400.000,-1,400.000,-1,325.000,325.000,300.000,300.000,-1,-1,-1,-1,825.000,800.000,1000.000,-1,1,0,2,0,2,0,0,0,0,2,2,2,2,1,0,1,2
31,-7127.343,-5003.566,14.510,-53.216,0.600028,0.799883,-0.012388,-0.798631,0.598047,-0.067295,-0.046419,0.050272,0.997656,0,0.72843,-0.49592,43.706,-0.992,925.000,400.000,-1,400.000,-1,325.000,325.000,300.000,300.000,-1,-1,-1,-1,800.000,800.000,975.000,-1,1,0,2,0,2,0,0,0,0,2,2,2,2,1,0,1,2
32,-7101.722,-5039.095,12.510,-54.202,0.586176,0.810104,-0.011380,-0.808725,0.584220,-0.068202,-0.048602,0.049182,0.997607,0,0.73005,-0.49322,43.803,-0.986,875.000,400.000,-1,400.000,-1,325.000,325.000,300.000,300.000,-1,-1,-1,-1,800.000,800.000,950.000,-1,1,0,2,0,2,0,0,0,0,2,2,2,2,1,0,1,2
33,-7074.788,-5077.487,10.203,-54.949,0.575587,0.817669,-0.010832,-0.816193,0.573633,-0.069101,-0.050288,0.048615,0.997551,0,0.78161,-0.37322,46.897,-0.746,825.000,400.000,-1,400.000,-1,325.000,325.000,300.000,300.000,-1,-1,-1,-1,775.000,775.000,925.000,-1,1,0,2,0,2,0,0,0,0,2,2,2,2,1,0,1,2
34,-7048.146,-5116.187,7.843,-55.455,0.568349,0.822723,-0.010299,-0.821160,0.566394,-0.069952,-0.051718,0.048215,0.997497,0,0.78307,-0.25322,46.984,-0.506,775.000,400.000,-1,400.000,-1,325.000,325.000,300.000,300.000,-1,-1,-1,-1,775.000,775.000,900.000,-1,1,0,2,0,2,0,0,0,0,2,2,2,2,1,0,1,2
35,-7021.638,-5155.079,5.440,-55.721,0.564527,0.825357,-0.009773,-0.823718,0.562568,-0.070756,-0.052901,0.047994,0.997446,0,0.78444,-0.13322,47.067,-0.266,725.000,400.000,-1,400.000,-1,325.000,325.000,300.000,300.000,-1,-1,-1,-1,750.000,775.000,875.000,-1,1,0,2,0,2,0,0,0,0,2,2,2,2,1,0,1,2
36,-6995.102,-5194.048,3.028,-55.748,0.564150,0.825621,-0.009211,-0.823919,0.562191,-0.071410,-0.053779,0.047875,0.997405,0,0.78577,-0.01322,47.146,-0.026,700.000,400.000,-1,400.000,-1,325.000,325.000,300.000,300.000,-1,-1,-1,-1,725.000,775.000,850.000,-1,1,0,2,0,2,0,0,0,0,2,2,2,2,1,0,1,2
37,-6968.410,-5233.005,0.596,-55.581,0.566547,0.823984,-0.008635,-0.822228,0.564586,-0.071998,-0.054450,0.047890,0.997367,0,0.78707,0.08321,47.224,0.166,650.000,400.000,-1,400.000,-1,325.000,325.000,300.000,300.000,-1,-1,-1,-1,700.000,775.000,800.000,-1,1,0,2,0,2,0,0,0,0,2,2,2,2,1,0,1,2
38,-6941.557,-5271.944,-1.865,-55.409,0.569023,0.822282,-0.008063,-0.820472,0.567058,-0.072602,-0.055127,0.047928,0.997328,0,0.78834,0.08608,47.300,0.172,625.000,400.000,-1,400.000,-1,325.000,325.000,300.000,300.000,-1,-1,-1,-1,675.000,775.000,750.000,-1,1,0,2,0,2,0,0,0,0,2,2,2,2,1,0,1,2
39,-6914.544,-5310.855,-4.386,-55.231,0.571573,0.820518,-0.007453,-0.818658,0.569613,-0.073074,-0.055713,0.047869,0.997299,0,0.78947,0.08907,47.368,0.178,575.000,400.000,-1,400.000,-1,325.000,325.000,300.000,300.000,-1,-1,-1,-1,675.000,775.000,725.000,-1,1,0,2,0,2,0,0,0,0,2,2,2,2,1,0,1,2
40,-6887.373,-5349.727,-6.996,-55.047,0.574194,0.818691,-0.006762,-0.816794,0.572258,-0.073270,-0.056116,0.047594,0.997289,0,0.79044,0.09218,47.427,0.184,550.000,400.000,-1,400.000,-1,325.000,325.000,300.000,300.000,-1,-1,-1,-1,650.000,750.000,675.000,-1,1,0,2,0,2,0,0,0,0,2,2,2,2,1,0,1,2
41,-6860.045,-5388.548,-9.704,-54.856,0.576898,0.816794,-0.006044,-0.814864,0.574992,-0.073362,-0.056446,0.047247,0.997287,0,0.79125,0.09543,47.475,0.191,525.000,400.000,-1,400.000,-1,325.000,325.000,300.000,300.000,-1,-1,-1,-1,625.000,750.000,650.000,-1,1,0,2,0,2,0,0,0,0,2,2,2,2,1,0,1,2
42,-6832.562,-5427.304,-12.454,-54.658,0.579697,0.814814,-0.005368,-0.812846,0.577812,-0.073583,-0.056855,0.047020,0.997275,0,0.79187,0.09881,47.512,0.198,500.000,400.000,-1,400.000,-1,325.000,325.000,300.000,300.000,-1,-1,-1,-1,600.000,750.000,600.000,-1,1,0,2,0,2,0,0,0,0,2,2,2,2,1,0,1,2
43,-6804.925,-5465.984,-15.217,-54.454,0.582589,0.812753,-0.004699,-0.810747,0.580725,-0.073815,-0.057264,0.046813,0.997261,0,0.79230,0.10234,47.538,0.205,450.000,400.000,-1,400.000,-1,325.000,325.000,300.000,300.000,-1,-1,-1,-1,600.000,750.000,550.000,-1,1,0,2,0,2,0,0,0,0,2,2,2,2,1,0,1,2
44,-6777.138,-5504.571,-17.998,-54.242,0.585578,0.810606,-0.004015,-0.808561,0.583734,-0.074057,-0.057687,0.046613,0.997246,0,0.79252,0.10601,47.551,0.212,425.000,400.000,-1,400.000,-1,325.000,325.000,300.000,300.000,-1,-1,-1,-1,575.000,750.000,525.000,-1,1,1,2,0,2,0,0,0,0,2,2,2,2,1,0,1,2
45,-6749.203,-5543.051,-20.793,-54.022,0.588666,0.808370,-0.003327,-0.806285,0.586842,-0.074310,-0.058117,0.046426,0.997230,0,0.79251,0.10982,47.551,0.220,400.000,375.000,-1,400.000,-1,325.000,325.000,300.000,300.000,-1,-1,-1,-1,550.000,750.000,475.000,-1,1,1,2,0,2,0,0,0,0,2,2,2,2,1,0,1,2
46,-6721.124,-5581.408,-23.602,-53.794,0.591857,0.806039,-0.002635,-0.803914,0.590052,-0.074572,-0.058553,0.046254,0.997212,0,0.79226,0.11378,47.536,0.228,375.000,375.000,-1,400.000,-1,325.000,325.000,300.000,300.000,-1,-1,-1,-1,525.000,725.000,450.000,-1,1,1,2,0,2,0,0,0,0,2,2,2,2,1,0,1,2
47,-6692.906,-5619.624,-26.422,-53.559,0.595153,0.803610,-0.001941,-0.801444,0.593369,-0.074844,-0.058994,0.046099,0.997193,0,0.79176,0.11789,47.505,0.236,325.000,350.000,-1,400.000,-1,325.000,325.000,300.000,300.000,-1,-1,-1,-1,500.000,725.000,400.000,-1,1,1,2,0,2,0,0,1,0,2,2,2,2,1,0,1,2
48,-6664.553,-5657.683,-29.253,-53.314,0.598559,0.801078,-0.001243,-0.798870,0.596793,-0.075126,-0.059440,0.045961,0.997173,0,0.79099,0.12215,47.459,0.244,300.000,350.000,-1,400.000,-1,325.000,325.000,300.000,300.000,-1,-1,-1,-1,500.000,725.000,375.000,-1,1,1,2,0,2,0,0,1,0,2,2,2,2,1,0,1,2
49,-6636.069,-5695.565,-31.683,-53.061,0.602150,0.798379,-0.002583,-0.796228,0.600285,-0.075358,-0.058613,0.047434,0.997153,0,0.78993,0.12654,47.396,0.253,275.000,325.000,-1,400.000,-1,325.000,325.000,275.000,300.000,-1,-1,-1,-1,475.000,725.000,325.000,-1,1,1,2,0,2,1,0,1,0,2,2,2,2,1,0,1,2
50,-6607.459,-5733.249,-32.712,-52.799,0.606069,0.795335,-0.011105,-0.793625,0.603712,-0.075441,-0.053297,0.054536,0.997088,0,0.78859,0.13108,47.315,0.262,275.000,325.000,-1,400.000,-1,325.000,325.000,275.000,300.000,-1,-1,-1,-1,475.000,750.000,350.000,-1,1,1,2,0,2,1,0,1,0,2,2,2,2,1,0,1,2
51,-6578.730,-5770.719,-33.790,-52.528,0.610026,0.792142,-0.019493,-0.790922,0.607226,-0.075625,-0.048069,0.061551,0.996946,0,0.78695,0.13574,47.217,0.271,275.000,325.000,-1,400.000,-1,325.000,350.000,275.000,300.000,-1,-1,-1,-1,500.000,775.000,350.000,-1,1,1,2,0,2,1,0,1,0,2,2,2,2,1,1,1,2
52,-6549.888,-5807.955,-34.917,-52.247,0.614027,0.788797,-0.027748,-0.788117,0.610827,-0.075912,-0.042930,0.068480,0.996728,0,0.78500,0.14051,47.100,0.281,275.000,325.000,-1,425.000,-1,300.000,350.000,275.000,275.000,-1,-1,-1,-1,500.000,800.000,350.000,-1,1,1,2,0,2,1,1,1,0,2,2,2,2,1,1,1,2
53,-6520.940,-5844.938,-35.957,-51.956,0.618049,0.785328,-0.035723,-0.785245,0.614541,-0.075693,-0.037491,0.074833,0.996491,0,0.78276,0.14538,46.965,0.291,300.000,325.000,-1,425.000,-1,300.000,350.000,250.000,275.000,-1,-1,575.000,-1,525.000,825.000,350.000,-1,1,1,2,0,2,1,1,1,0,2,2,0,2,1,0,1,2
54,-6491.893,-5881.648,-36.948,-51.655,0.622098,0.781730,-0.043495,-0.782292,0.618367,-0.075102,-0.031813,0.080747,0.996227,0,0.78021,0.15033,46.813,0.301,300.000,325.000,-1,450.000,-1,300.000,350.000,250.000,275.000,-1,550.000,350.000,-1,550.000,825.000,375.000,-1,1,1,2,1,2,1,1,1,0,2,0,0,2,1,0,1,2
55,-6462.753,-5918.068,-38.021,-51.345,0.626192,0.777978,-0.051318,-0.779231,0.622278,-0.074629,-0.026126,0.086721,0.995890,0,0.77738,0.15513,46.643,0.310,300.000,325.000,-1,450.000,-1,325.000,350.000,250.000,275.000,-1,425.000,250.000,-1,575.000,850.000,375.000,-1,1,1,2,1,2,1,1,1,0,2,0,0,2,1,0,1,2
56,-6431.725,-5956.581,-39.232,-51.152,0.628604,0.775458,-0.059344,-0.777458,0.624556,-0.074092,-0.020392,0.092712,0.995484,0,0.82430,0.09647,49.458,0.193,325.000,350.000,-1,450.000,-1,325.000,350.000,250.000,275.000,-1,375.000,200.000,-1,625.000,875.000,400.000,-1,1,1,2,1,2,1,1,1,0,2,0,0,2,1,0,1,2
57,-6400.513,-5995.044,-40.503,-50.951,0.631056,0.772822,-0.067195,-0.775597,0.626919,-0.073641,-0.014786,0.098588,0.995019,0,0.82556,0.10058,49.534,0.201,325.000,350.000,-1,450.000,-1,325.000,350.000,250.000,275.000,-1,325.000,175.000,1000.000,775.000,900.000,-1,-1,1,1,2,1,2,1,1,1,0,2,0,0,0,1,0,2,2
58,-6369.125,-6033.435,-41.838,-50.741,0.633558,0.770064,-0.074865,-0.773639,0.629378,-0.073256,-0.009293,0.104331,0.994499,0,0.82651,0.10505,49.590,0.210,325.000,375.000,-1,450.000,-1,325.000,350.000,250.000,275.000,-1,300.000,150.000,850.000,-1,900.000,-1,-1,1,1,2,1,2,1,1,1,0,2,0,0,0,2,0,2,2
59,-6337.567,-6071.733,-43.233,-50.521,0.636128,0.767175,-0.082356,-0.771573,0.631943,-0.072954,-0.003925,0.109952,0.993929,0,0.82708,0.10995,49.625,0.220,350.000,375.000,-1,475.000,-1,350.000,375.000,225.000,250.000,-1,275.000,125.000,725.000,-1,925.000,-1,-1,1,1,2,1,2,1,1,1,0,2,0,0,0,2,0,2,2
60,-6305.849,-6109.909,-44.688,-50.290,0.638781,0.764146,-0.089664,-0.769387,0.634628,-0.072739,0.001320,0.115451,0.993312,0,0.82722,0.11531,49.633,0.231,-1,400.000,-1,500.000,-1,350.000,375.000,225.000,250.000,-1,250.000,100.000,650.000,-1,925.000,-1,-1,2,1,2,1,2,1,1,1,0,2,0,0,0,2,0,2,2
61,-6272.024,-6150.085,-46.265,-49.917,0.643236,0.759458,-0.097320,-0.765637,0.639137,-0.072829,0.006890,0.121358,0.992585,0,0.87532,0.18656,52.519,0.373,-1,425.000,-1,525.000,-1,375.000,400.000,225.000,250.000,-1,250.000,100.000,600.000,-1,950.000,-1,-1,2,1,2,0,2,1,1,1,0,2,0,0,0,2,0,2,2
62,-2295.760,-8855.081,-229.378,68.301,0.368144,-0.929034,-0.036972,0.927668,0.369693,-0.052536,0.062476,-0.014957,0.997934,1,0.00000,0.00000,52.464,0.386,-1,400.000,-1,400.000,-1,325.000,325.000,275.000,300.000,-1,725.000,625.000,-1,700.000,800.000,-1,-1,2,0,2,0,2,0,0,0,0,2,0,0,2,0,0,2,2
63,-2294.004,-8850.613,-229.065,68.541,0.364244,-0.930571,-0.036935,0.929211,0.365797,-0.052538,0.062401,-0.015183,0.997936,0,0.08000,0.12000,4.800,0.240,-1,400.000,-1,400.000,-1,325.000,325.000,275.000,300.000,-1,725.000,625.000,-1,700.000,800.000,-1,-1,2,0,2,0,2,0,0,0,0,2,0,0,2,0,0,2,2
64,-2290.567,-8841.650,-228.440,69.021,0.356426,-0.933596,-0.036855,0.932247,0.357986,-0.052550,0.062254,-0.015628,0.997938,0,0.16000,0.24000,9.600,0.480,-1,400.000,-1,400.000,-1,325.000,325.000,275.000,300.000,-1,750.000,625.000,-1,675.000,800.000,-1,-1,2,0,2,0,2,0,0,0,0,2,0,0,2,0,0,2,2
65,-2285.581,-8828.141,-227.511,69.741,0.344654,-0.938011,-0.036723,0.936678,0.346222,-0.052584,0.062039,-0.016274,0.997941,0,0.24000,0.36000,14.400,0.720,-1,400.000,-1,400.000,-1,325.000,325.000,275.000,300.000,-1,750.000,650.000,-1,675.000,800.000,-1,-1,2,0,2,0,2,0,0,0,0,2,0,0,2,0,0,2,2
66,-2279.203,-8810.031,-226.290,70.597,0.330582,-0.943070,-0.036525,0.941752,0.332159,-0.052658,0.061792,-0.016989,0.997944,0,0.32000,0.42821,19.200,0.856,-1,375.000,-1,400.000,-1,325.000,325.000,275.000,300.000,-1,750.000,650.000,-1,675.000,800.000,-1,-1,2,0,2,0,2,0,0,0,0,2,0,0,2,0,0,2,2
67,-2271.568,-8787.278,-224.792,71.452,0.316474,-0.947908,-0.036249,0.946601,0.318056,-0.052783,0.061562,-0.017609,0.997948,0,0.40000,0.42720,24.000,0.854,1000.000,375.000,-1,400.000,-1,325.000,325.000,275.000,300.000,-1,750.000,675.000,-1,675.000,800.000,-1,-1,0,0,2,0,2,0,0,0,0,2,0,0,2,0,0,2,2
68,-2262.814,-8759.840,-223.028,72.304,0.302342,-0.952524,-0.035885,0.951222,0.303925,-0.052971,0.061362,-0.018119,0.997951,0,0.48000,0.42595,28.800,0.852,975.000,375.000,-1,400.000,-1,325.000,325.000,275.000,300.000,-1,775.000,675.000,-1,675.000,800.000,-1,-1,0,0,2,0,2,0,0,0,0,2,0,0,2,0,0,2,2
69,-2253.076,-8727.682,-221.007,73.152,0.288198,-0.956915,-0.035424,0.955613,0.289777,-0.053235,0.061206,-0.018509,0.997954,0,0.56000,0.42447,33.600,0.849,950.000,375.000,-1,400.000,-1,325.000,325.000,275.000,300.000,-1,800.000,700.000,-1,675.000,800.000,-1,-1,0,0,2,0,2,0,0,0,0,2,0,0,2,0,0,2,2
70,-2242.490,-8690.770,-218.740,73.998,0.274054,-0.961082,-0.034855,0.959771,0.275623,-0.053586,0.061108,-0.018767,0.997955,0,0.64000,0.42275,38.400,0.846,925.000,375.000,-1,400.000,-1,325.000,325.000,275.000,300.000,-1,825.000,725.000,-1,650.000,800.000,-1,-1,0,0,2,0,2,0,0,0,0,2,0,0,2,0,0,2,2
71,-2231.192,-8649.074,-216.239,74.840,0.259921,-0.965025,-0.034168,0.963696,0.261477,-0.054037,0.061081,-0.018882,0.997954,0,0.72000,0.42079,43.200,0.842,900.000,375.000,-1,400.000,-1,325.000,325.000,275.000,300.000,-1,850.000,750.000,-1,650.000,800.000,-1,-1,0,0,2,0,2,0,0,0,0,2,0,0,2,0,0,2,2
72,-2219.645,-8603.847,-213.564,75.677,0.245820,-0.968745,-0.033265,0.967391,0.247349,-0.054535,0.061059,-0.018774,0.997958,0,0.77797,0.41861,46.678,0.837,875.000,375.000,-1,400.000,-1,300.000,325.000,275.000,300.000,-1,875.000,775.000,-1,650.000,800.000,-1,-1,0,0,2,0,2,0,0,0,0,2,0,0,2,0,0,2,2
73,-2208.754,-8558.450,-210.666,76.509,0.231805,-0.972259,-0.031291,0.970825,0.233253,-0.055611,0.061367,-0.017487,0.997962,0,0.77808,0.41625,46.685,0.833,875.000,375.000,-1,400.000,-1,300.000,325.000,275.000,300.000,-1,900.000,800.000,-1,650.000,800.000,-1,-1,0,0,2,0,2,0,0,0,0,2,0,0,2,0,0,2,2
74,-2198.520,-8512.903,-207.607,77.337,0.217857,-0.975563,-0.028559,0.973984,0.219190,-0.057550,0.062403,-0.015278,0.997934,0,0.77803,0.41391,46.682,0.828,900.000,375.000,-1,400.000,-1,300.000,325.000,300.000,300.000,-1,900.000,825.000,-1,650.000,800.000,-1,-1,0,0,2,0,2,0,0,0,0,2,0,0,2,0,0,2,2
75,-2189.864,-8471.925,-204.814,78.072,0.205435,-0.978318,-0.026266,0.976632,0.206664,-0.058988,0.063138,-0.013534,0.997913,0,0.69803,0.36744,41.882,0.735,900.000,375.000,-1,400.000,-1,300.000,325.000,300.000,300.000,-1,925.000,850.000,-1,650.000,800.000,-1,-1,0,0,2,0,2,0,0,0,0,2,0,0,2,0,0,2,2
76,-2182.663,-8435.549,-202.079,78.803,0.192964,-0.980880,-0.025282,0.979109,0.194171,-0.060362,0.064117,-0.013106,0.997856,0,0.61803,0.36538,37.082,0.731,900.000,375.000,-1,400.000,-1,300.000,325.000,300.000,300.000,-1,925.000,850.000,-1,650.000,800.000,-1,-1,0,0,2,0,2,0,0,0,0,2,0,0,2,0,0,2,2
77,-2176.797,-8403.804,-199.689,79.531,0.180491,-0.983272,-0.024491,0.981423,0.181686,-0.061630,0.065048,-0.012912,0.997799,0,0.53803,0.36420,32.282,0.728,925.000,375.000,-1,400.000,-1,300.000,325.000,300.000,300.000,-1,950.000,850.000,-1,650.000,800.000,-1,-1,0,0,2,0,2,0,0,0,0,2,0,0,2,0,0,2,2
78,-2172.147,-8376.718,-197.665,80.258,0.168014,-0.985498,-0.023782,0.983584,0.169201,-0.062724,0.065838,-0.012853,0.997748,0,0.45803,0.36335,27.482,0.727,925.000,375.000,-1,400.000,-1,300.000,325.000,300.000,300.000,-1,950.000,875.000,-1,650.000,800.000,-1,-1,0,0,2,0,2,0,0,0,0,2,0,0,2,0,0,2,2
79,-2168.592,-8354.316,-196.000,80.983,0.155527,-0.987560,-0.023172,0.985592,0.156711,-0.063639,0.066479,-0.012941,0.997704,0,0.37803,0.36269,22.682,0.725,925.000,375.000,-1,400.000,-1,300.000,325.000,300.000,300.000,-1,950.000,875.000,-1,650.000,800.000,-1,-1,0,0,2,0,2,0,0,0,0,2,0,0,2,0,0,2,2
80,-2166.013,-8336.621,-194.689,81.708,0.143027,-0.989459,-0.022680,0.987451,0.144212,-0.064373,0.066965,-0.013188,0.997668,0,0.29803,0.36220,17.882,0.724,925.000,375.000,-1,400.000,-1,300.000,325.000,300.000,300.000,-1,950.000,825.000,-1,650.000,800.000,-1,-1,0,0,2,0,2,0,0,0,0,2,0,0,2,0,0,2,2
81,-2164.290,-8323.653,-193.727,82.431,0.130509,-0.991196,-0.022320,0.989161,0.131703,-0.064918,0.067286,-0.013606,0.997641,0,0.21803,0.36185,13.082,0.724,925.000,375.000,-1,400.000,-1,300.000,325.000,300.000,300.000,-1,925.000,750.000,-1,650.000,800.000,-1,-1,0,0,2,0,2,0,0,0,0,2,0,0,2,0,0,2,2
82,-2163.303,-8315.430,-193.112,83.155,0.117970,-0.992771,-0.022107,0.990725,0.119180,-0.065270,0.067433,-0.014202,0.997623,0,0.13803,0.36161,8.282,0.723,925.000,375.000,-1,400.000,-1,300.000,325.000,300.000,300.000,-1,925.000,725.000,-1,650.000,800.000,-1,-1,0,0,2,0,2,0,0,0,0,2,0,0,2,0,0,2,2
83,-2162.931,-8311.968,-192.842,83.877,0.105408,-0.994184,-0.022053,0.992143,0.106643,-0.065424,0.067395,-0.014984,0.997614,0,0.05803,0.36148,3.482,0.723,925.000,375.000,-1,400.000,-1,300.000,325.000,300.000,300.000,-1,925.000,675.000,-1,625.000,800.000,-1,-1,0,0,2,0,2,0,0,0,0,2,0,0,2,0,0,2,2
84,-2163.056,-8313.280,-192.916,84.600,0.092823,-0.995436,-0.022173,0.993415,0.094091,-0.065372,0.067160,-0.015959,0.997615,0,-0.02197,0.36142,-1.318,0.723,925.000,375.000,-1,400.000,-1,300.000,325.000,300.000,300.000,-1,925.000,650.000,-1,625.000,800.000,-1,-1,0,0,2,0,2,0,0,0,0,2,0,0,2,0,0,2,2
85,-2163.555,-8319.377,-193.333,85.323,0.080214,-0.996524,-0.022477,0.994542,0.081523,-0.065110,0.066716,-0.017132,0.997625,0,-0.10197,0.36144,-6.118,0.723,900.000,375.000,-1,400.000,-1,300.000,325.000,300.000,300.000,-1,900.000,625.000,-1,625.000,800.000,-1,-1,0,0,2,0,2,0,0,0,0,2,0,0,2,0,0,2,2
86,-2164.308,-8330.269,-194.091,86.046,0.067581,-0.997449,-0.022979,0.995525,0.068940,-0.064631,0.066051,-0.018508,0.997645,0,-0.18197,0.36152,-10.918,0.723,900.000,375.000,-1,400.000,-1,300.000,325.000,300.000,300.000,-1,900.000,625.000,-1,625.000,775.000,-1,-1,0,0,2,0,2,0,0,0,0,2,0,0,2,0,0,2,2
87,-2164.678,-8336.376,-194.515,86.529,0.059138,-0.997978,-0.023278,0.996089,0.060527,-0.064362,0.065641,-0.019381,0.997655,0,-0.10197,0.24152,-6.118,0.483,900.000,375.000,-1,400.000,-1,300.000,325.000,300.000,300.000,-1,875.000,600.000,-1,625.000,775.000,-1,-1,0,0,2,0,2,0,0,0,0,2,0,0,2,0,0,2,2
88,-2164.752,-8337.692,-194.604,86.772,0.054891,-0.998219,-0.023361,0.996341,0.056293,-0.064306,0.065506,-0.019746,0.997657,0,-0.02197,0.12152,-1.318,0.243,900.000,350.000,-1,400.000,-1,300.000,325.000,300.000,300.000,-1,875.000,600.000,-1,625.000,775.000,-1,-1,0,0,2,0,2,0,0,0,0,2,0,0,2,0,0,2,2
89,-2164.556,-8334.216,-194.356,86.775,0.054844,-0.998225,-0.023223,0.996334,0.056240,-0.064463,0.065655,-0.019603,0.997650,0,0.05803,0.00152,3.482,0.003,900.000,375.000,-1,400.000,-1,300.000,325.000,300.000,300.000,-1,875.000,600.000,-1,625.000,775.000,-1,-1,0,0,2,0,2,0,0,0,0,2,0,0,2,0,0,2,2
90,-2164.056,-8325.948,-193.772,86.538,0.058997,-0.997996,-0.022868,0.996068,0.060369,-0.064833,0.066083,-0.018953,0.997634,0,0.13803,-0.11848,8.282,-0.237,900.000,375.000,-1,400.000,-1,300.000,325.000,300.000,300.000,-1,875.000,600.000,-1,625.000,775.000,-1,-1,0,0,2,0,2,0,0,0,0,2,0,0,2,0,0,2,2
91,-2163.158,-8312.897,-192.853,86.061,0.067347,-0.997480,-0.022306,0.995492,0.068676,-0.065410,0.066777,-0.017800,0.997609,0,0.21803,-0.23848,13.082,-0.477,900.000,375.000,-1,400.000,-1,300.000,325.000,300.000,300.000,-1,900.000,600.000,-1,625.000,800.000,-1,-1,0,0,2,0,2,0,0,0,0,2,0,0,2,0,0,2,2
92,-2161.706,-8295.074,-191.598,85.344,0.079888,-0.996571,-0.021555,0.994501,0.081154,-0.066187,0.067710,-0.016149,0.997574,0,0.29803,-0.35848,17.882,-0.717,925.000,375.000,-1,400.000,-1,300.000,325.000,300.000,300.000,-1,900.000,625.000,-1,625.000,800.000,-1,-1,0,0,2,0,2,0,0,0,0,2,0,0,2,0,0,2,2
93,-2159.487,-8272.501,-190.011,84.388,0.096608,-0.995108,-0.020643,0.992939,0.097790,-0.067154,0.068844,-0.014009,0.997529,0,0.37803,-0.47848,22.682,-0.957,925.000,375.000,-1,400.000,-1,300.000,325.000,300.000,300.000,-1,900.000,625.000,-1,650.000,800.000,-1,-1,0,0,2,0,2,0,0,0,0,2,0,0,2,0,0,2,2
94,-2156.229,-8245.212,-188.096,83.191,0.117482,-0.992882,-0.019601,0.990596,0.118560,-0.068291,0.070129,-0.011394,0.997473,0,0.45803,-0.59848,27.482,-1.197,950.000,375.000,-1,400.000,-1,300.000,325.000,300.000,300.000,-1,900.000,650.000,-1,650.000,825.000,-1,-1,0,0,2,0,2,0,0,0,0,2,0,0,2,0,0,2,2
95,-2151.599,-8213.264,-185.860,81.754,0.142474,-0.989626,-0.018471,0.987212,0.143425,-0.069575,0.071502,-0.008322,0.997406,0,0.53803,-0.71848,32.282,-1.437,975.000,375.000,-1,400.000,-1,300.000,325.000,300.000,300.000,-1,900.000,675.000,-1,650.000,825.000,-1,-1,0,0,2,0,2,0,0,0,0,2,0,0,2,0,0,2,2
96,-2145.208,-8176.736,-183.316,80.077,0.171526,-0.985028,-0.017296,0.982480,0.172329,-0.070971,0.072889,-0.004820,0.997328,0,0.61803,-0.83848,37.082,-1.677,-1,375.000,-1,400.000,-1,325.000,325.000,300.000,300.000,-1,925.000,700.000,-1,650.000,850.000,-1,-1,2,0,2,0,2,0,0,0,0,2,0,0,2,0,0,2,2
97,-2136.615,-8135.745,-180.481,78.160,0.204552,-0.978723,-0.016127,0.976039,0.205185,-0.072433,0.074201,-0.000924,0.997243,0,0.69803,-0.95848,41.882,-1.917,-1,375.000,-1,425.000,-1,325.000,325.000,300.000,300.000,-1,950.000,750.000,-1,675.000,850.000,-1,-1,2,0,2,0,2,0,0,0,0,2,0,0,2,0,0,2,2
98,-2125.940,-8092.414,-177.514,76.160,0.238761,-0.970962,-0.015050,0.968154,0.239216,-0.073848,0.075304,0.003062,0.997156,0,0.74378,-1.00000,44.627,-2.000,-1,375.000,-1,425.000,-1,325.000,325.000,300.000,300.000,-1,950.000,750.000,-1,675.000,875.000,-1,-1,2,0,2,0,2,0,0,0,0,2,0,0,2,0,0,2,2
99,-2113.753,-8049.458,-174.587,74.160,0.272679,-0.962002,-0.014057,0.959083,0.272950,-0.075213,0.076192,0.007027,0.997068,0,0.74418,-1.00000,44.651,-2.000,-1,375.000,-1,425.000,-1,325.000,325.000,275.000,300.000,-1,975.000,750.000,-1,700.000,875.000,-1,-1,2,0,2,0,2,0,0,0,0,2,0,0,2,0,0,2,2
100,-2100.066,-8006.929,-171.707,72.160,0.306261,-0.951857,-0.013148,0.948839,0.306347,-0.076525,0.076869,0.010961,0.996981,0,0.74461,-1.00000,44.677,-2.000,-1,375.000,-1,425.000,-1,325.000,325.000,275.000,300.000,-1,1000.000,775.000,-1,700.000,900.000,-1,-1,2,0,2,0,2,0,0,0,0,2,0,0,2,0,0,2,2
101,-2086.691,-7969.363,-169.045,70.400,0.335551,-0.941950,-0.011648,0.938899,0.335419,-0.077215,0.076640,0.014973,0.996946,0,0.66461,-0.88000,39.877,-1.760,-1,375.000,-1,425.000,-1,325.000,325.000,275.000,300.000,-1,-1,825.000,-1,725.000,900.000,-1,-1,2,0,2,0,2,0,0,0,0,2,2,0,2,0,0,2,2
102,-2074.053,-7936.642,-166.521,68.880,0.360661,-0.932651,-0.009229,0.929635,0.360260,-0.077402,0.075514,0.019336,0.996957,0,0.58461,-0.76000,35.077,-1.520,-1,375.000,-1,425.000,-1,325.000,325.000,275.000,300.000,-1,-1,950.000,-1,725.000,900.000,-1,-1,2,0,2,0,2,0,0,0,0,2,2,0,2,0,0,2,2
103,-2062.517,-7908.650,-164.351,67.600,0.381609,-0.924296,-0.007090,0.921311,0.380973,-0.077748,0.074563,0.023138,0.996948,0,0.50461,-0.64000,30.277,-1.280,-1,400.000,-1,425.000,-1,325.000,325.000,275.000,275.000,-1,-1,-1,-1,750.000,875.000,-1,-1,2,0,2,0,2,0,0,0,0,2,2,2,2,0,0,2,2
104,-2052.384,-7885.275,-162.565,66.560,0.398484,-0.917160,-0.005341,0.914211,0.397657,-0.078023,0.073684,0.026208,0.996937,0,0.42461,-0.52000,25.477,-1.040,-1,400.000,-1,425.000,-1,325.000,325.000,275.000,275.000,-1,-1,-1,-1,750.000,875.000,-1,-1,2,0,2,0,2,0,0,0,0,2,2,2,2,0,0,2,2
105,-2043.896,-7866.421,-161.143,65.760,0.411372,-0.911459,-0.003956,0.908545,0.410397,-0.078235,0.072931,0.028589,0.996927,0,0.34461,-0.40000,20.677,-0.800,-1,400.000,-1,425.000,-1,325.000,350.000,275.000,275.000,-1,-1,-1,-1,775.000,875.000,-1,-1,2,0,2,0,2,0,0,0,0,2,2,2,2,0,0,2,2
106,-2037.237,-7852.008,-160.067,65.200,0.420349,-0.907358,-0.002913,0.904474,0.419264,-0.078389,0.072349,0.030316,0.996919,0,0.26461,-0.28000,15.877,-0.560,-1,400.000,-1,425.000,-1,325.000,350.000,275.000,275.000,-1,-1,-1,-1,775.000,875.000,-1,-1,2,0,2,0,2,0,0,0,0,2,2,2,2,0,0,2,2
107,-2032.535,-7841.979,-159.325,64.880,0.425467,-0.904971,-0.002196,0.902108,0.424311,-0.078494,0.071966,0.031416,0.996912,0,0.18461,-0.16000,11.077,-0.320,-1,400.000,-1,425.000,-1,325.000,350.000,275.000,275.000,-1,-1,-1,-1,775.000,875.000,-1,-1,2,0,2,0,2,0,0,0,0,2,2,2,2,0,0,2,2
108,-2029.863,-7836.300,-158.906,64.800,0.426758,-0.904364,-0.001796,0.901511,0.425567,-0.078552,0.071804,0.031903,0.996908,0,0.10461,-0.04000,6.277,-0.080,-1,400.000,-1,425.000,-1,325.000,350.000,275.000,275.000,-1,-1,-1,-1,775.000,875.000,-1,-1,2,0,2,0,2,0,0,0,0,2,2,2,2,0,0,2,2
109,-2029.238,-7834.962,-158.807,64.960,0.424231,-0.905552,-0.001711,0.902698,0.423042,-0.078564,0.071868,0.031785,0.996908,0,0.02461,0.08000,1.477,0.160,-1,400.000,-1,425.000,-1,325.000,350.000,275.000,275.000,-1,-1,-1,-1,775.000,875.000,-1,-1,2,0,2,0,2,0,0,0,0,2,2,2,2,0,0,2,2
110,-2030.636,-7837.978,-159.029,65.128,0.421552,-0.906802,-0.001931,0.903939,0.420389,-0.078532,0.072025,0.031360,0.996910,0,-0.05539,0.08406,-3.323,0.168,-1,400.000,-1,425.000,-1,325.000,350.000,275.000,275.000,-1,-1,-1,-1,775.000,875.000,-1,-1,2,0,2,0,2,0,0,0,0,2,2,2,2,0,0,2,2
111,-2034.030,-7845.358,-159.574,65.296,0.418847,-0.908053,-0.002457,0.905176,0.417733,-0.078453,0.072266,0.030636,0.996915,0,-0.13539,0.08415,-8.123,0.168,-1,400.000,-1,425.000,-1,325.000,350.000,275.000,275.000,-1,-1,-1,-1,775.000,875.000,-1,-1,2,0,2,0,2,0,0,0,0,2,2,2,2,0,0,2,2
112,-2037.714,-7853.429,-160.173,65.465,0.416124,-0.909303,-0.003033,0.906412,0.415062,-0.078365,0.072516,0.029861,0.996920,0,-0.14786,0.08450,-8.872,0.169,-1,400.000,-1,425.000,-1,325.000,350.000,275.000,275.000,-1,-1,-1,-1,775.000,875.000,-1,-1,2,0,2,0,2,0,0,0,0,2,2,2,2,0,0,2,2
113,-2041.378,-7861.520,-160.776,65.635,0.413383,-0.910550,-0.003611,0.907645,0.412375,-0.078273,0.072761,0.029079,0.996925,0,-0.14804,0.08490,-8.882,0.170,-1,400.000,-1,425.000,-1,325.000,350.000,275.000,275.000,-1,-1,-1,-1,775.000,875.000,-1,-1,2,0,2,0,2,0,0,0,0,2,2,2,2,0,0,2,2
114,-2045.022,-7869.632,-161.383,65.805,0.410626,-0.911794,-0.004192,0.908877,0.409672,-0.078179,0.073001,0.028293,0.996931,0,-0.14821,0.08529,-8.893,0.171,-1,400.000,-1,425.000,-1,325.000,350.000,275.000,275.000,-1,-1,-1,-1,750.000,875.000,-1,-1,2,0,2,0,2,0,0,0,0,2,2,2,2,0,0,2,2
115,-2048.646,-7877.764,-161.995,65.977,0.407852,-0.913036,-0.004775,0.910106,0.406951,-0.078082,0.073235,0.027500,0.996935,0,-0.14839,0.08569,-8.903,0.171,-1,400.000,-1,425.000,-1,325.000,350.000,275.000,275.000,-1,-1,-1,-1,750.000,875.000,-1,-1,2,0,2,0,2,0,0,0,0,2,2,2,2,0,0,2,2
116,-2052.520,-7886.519,-162.658,66.132,0.405337,-0.914151,-0.005402,0.911210,0.404494,-0.077975,0.073466,0.026683,0.996941,0,-0.15955,0.07733,-9.573,0.155,-1,400.000,-1,425.000,-1,325.000,350.000,275.000,275.000,-1,-1,-1,-1,750.000,875.000,-1,-1,2,0,2,0,2,0,0,0,0,2,2,2,2,0,0,2,2
117,-2056.368,-7895.281,-163.324,66.287,0.402813,-0.915262,-0.006031,0.912311,0.402027,-0.077865,0.073691,0.025863,0.996946,0,-0.15951,0.07753,-9.571,0.155,-1,400.000,-1,425.000,-1,325.000,325.000,275.000,275.000,-1,-1,-1,-1,750.000,875.000,-1,-1,2,0,2,0,2,0,0,0,0,2,2,2,2,0,0,2,2
118,-2060.192,-7904.052,-163.993,66.442,0.400279,-0.916369,-0.006662,0.913408,0.399551,-0.077752,0.073911,0.025038,0.996951,0,-0.15947,0.07773,-9.568,0.155,-1,400.000,-1,425.000,-1,325.000,325.000,275.000,275.000,-1,-1,-1,-1,750.000,875.000,-1,-1,2,0,2,0,2,0,0,0,0,2,2,2,2,0,0,2,2
119,-2063.991,-7912.830,-164.667,66.598,0.397735,-0.917471,-0.007294,0.914501,0.397065,-0.077635,0.074124,0.024208,0.996955,0,-0.15942,0.07793,-9.565,0.156,-1,400.000,-1,425.000,-1,325.000,325.000,275.000,275.000,-1,-1,-1,-1,750.000,875.000,-1,-1,2,0,2,0,2,0,0,0,0,2,2,2,2,0,0,2,2
120,-2069.716,-7926.006,-165.683,66.514,0.399021,-0.916905,-0.008209,0.913928,0.398419,-0.077447,0.074282,0.023401,0.996963,0,-0.23942,-0.04207,-14.365,-0.084,-1,400.000,-1,425.000,-1,325.000,325.000,275.000,275.000,-1,-1,-1,-1,750.000,875.000,-1,-1,2,0,2,0,2,0,0,0,0,2,2,2,2,0,0,2,2
121,-2077.452,-7943.540,-167.046,66.190,0.404132,-0.914653,-0.009394,0.911671,0.403607,-0.077181,0.074385,0.022627,0.996973,0,-0.31942,-0.16207,-19.165,-0.324,-1,400.000,-1,425.000,-1,325.000,325.000,275.000,300.000,-1,-1,-1,-1,750.000,875.000,-1,-1,2,0,2,0,2,0,0,0,0,2,2,2,2,0,0,2,2
122,-2087.343,-7965.370,-168.733,65.626,0.413046,-0.910647,-0.010761,0.907656,0.412599,-0.076962,0.074525,0.022021,0.996976,0,-0.39942,-0.28207,-23.965,-0.564,-1,400.000,-1,425.000,-1,325.000,350.000,275.000,300.000,-1,-1,-1,-1,750.000,875.000,-1,-1,2,0,2,0,2,0,0,0,0,2,2,2,2,0,0,2,2
123,-2099.580,-7991.402,-170.760,64.821,0.425711,-0.904775,-0.012309,0.901773,0.425342,-0.076742,0.074670,0.021570,0.996975,0,-0.47942,-0.40207,-28.765,-0.804,-1,400.000,-1,425.000,-1,325.000,350.000,275.000,300.000,-1,-1,-1,-1,750.000,900.000,-1,-1,2,0,2,0,2,0,0,0,0,2,2,2,2,0,0,2,2
124,-2113.205,-8019.063,-172.950,63.777,0.442061,-0.896878,-0.013880,0.893867,0.441761,-0.076484,0.074729,0.021404,0.996974,0,-0.51391,-0.52207,-30.835,-1.044,-1,400.000,-1,425.000,-1,325.000,350.000,275.000,300.000,-1,-1,-1,-1,750.000,875.000,-1,-1,2,0,2,0,2,0,0,0,0,2,2,2,2,0,0,2,2
125,-2127.426,-8046.375,-175.093,62.493,0.462019,-0.886743,-0.015034,0.883738,0.461744,-0.076148,0.074466,0.021896,0.996983,0,-0.51320,-0.64207,-30.792,-1.284,-1,400.000,-1,425.000,-1,325.000,350.000,275.000,300.000,-1,-1,-1,-1,750.000,875.000,-1,-1,2,0,2,0,2,0,0,0,0,2,2,2,2,0,0,2,2
126,-2142.349,-8073.260,-177.149,60.969,0.485458,-0.874122,-0.015561,0.871144,0.485152,-0.075739,0.073754,0.023212,0.997006,0,-0.51249,-0.76207,-30.749,-1.524,-1,400.000,-1,425.000,-1,325.000,350.000,275.000,300.000,-1,-1,-1,-1,750.000,875.000,-1,-1,2,0,2,0,2,0,0,0,0,2,2,2,2,0,0,2,2
127,-2158.070,-8099.637,-179.231,59.205,0.512166,-0.858737,-0.016022,0.855783,0.511811,-0.075398,0.072947,0.024905,0.997025,0,-0.51178,-0.88207,-30.707,-1.764,-1,400.000,-1,425.000,-1,325.000,350.000,275.000,300.000,-1,-1,-1,-1,775.000,875.000,-1,-1,2,0,2,0,2,0,0,0,0,2,2,2,2,0,0,2,2
128,-2174.682,-8125.416,-181.335,57.205,0.541863,-0.840307,-0.016404,0.837375,0.541440,-0.075146,0.072028,0.026983,0.997038,0,-0.51113,-1.00000,-30.668,-2.000,-1,400.000,-1,425.000,-1,325.000,325.000,275.000,275.000,-1,-1,-1,-1,775.000,850.000,-1,-1,2,0,2,0,2,0,0,0,0,2,2,2,2,0,0,2,2
129,-2192.163,-8150.571,-183.449,55.205,0.570903,-0.820848,-0.016672,0.817936,0.570401,-0.074986,0.071061,0.029173,0.997045,0,-0.51055,-1.00000,-30.633,-2.000,-1,400.000,-1,425.000,-1,325.000,325.000,275.000,275.000,-1,-1,-1,-1,775.000,850.000,-1,-1,2,0,2,0,2,0,0,0,0,2,2,2,2,0,0,2,2
130,-2210.497,-8175.082,-185.575,53.205,0.599250,-0.800385,-0.016824,0.797493,0.598659,-0.074921,0.070038,0.031479,0.997048,0,-0.51016,-1.00000,-30.609,-2.000,-1,400.000,-1,425.000,-1,325.000,325.000,275.000,275.000,-1,-1,-1,-1,800.000,850.000,-1,-1,2,0,2,0,2,0,0,0,0,2,2,2,2,0,0,2,2
131,-2229.668,-8198.929,-187.712,51.205,0.626868,-0.778943,-0.016863,0.776069,0.626178,-0.074957,0.068946,0.033901,0.997044,0,-0.50996,-1.00000,-30.597,-2.000,-1,400.000,-1,425.000,-1,325.000,325.000,275.000,275.000,-1,-1,-1,-1,800.000,825.000,-1,-1,2,0,2,0,2,0,0,0,0,2,2,2,2,0,0,2,2
132,-2249.660,-8222.091,-189.862,49.205,0.653723,-0.756548,-0.016788,0.753693,0.652922,-0.075099,0.067777,0.036441,0.997035,0,-0.50995,-1.00000,-30.597,-2.000,-1,400.000,-1,400.000,-1,325.000,325.000,275.000,275.000,-1,-1,-1,-1,800.000,825.000,-1,-1,2,0,2,0,2,0,0,0,0,2,2,2,2,0,0,2,2
133,-2270.455,-8244.550,-191.948,47.205,0.679772,-0.733234,-0.016654,0.730421,0.678867,-0.075003,0.066301,0.038820,0.997044,0,-0.51014,-1.00000,-30.608,-2.000,-1,400.000,-1,400.000,-1,325.000,325.000,275.000,275.000,-1,950.000,-1,-1,800.000,800.000,-1,-1,2,0,2,0,2,0,0,0,0,2,0,2,2,0,0,2,2
134,-2292.038,-8266.286,-193.850,45.205,0.704965,-0.709046,-0.016713,0.706306,0.703993,-0.074329,0.064469,0.040594,0.997094,0,-0.51052,-1.00000,-30.631,-2.000,-1,400.000,-1,400.000,-1,325.000,325.000,275.000,275.000,-1,900.000,-1,-1,800.000,775.000,-1,-1,2,0,2,0,2,0,0,0,0,2,0,2,2,0,0,2,2
135,-2314.390,-8287.280,-195.601,43.205,0.729268,-0.684008,-0.017338,0.681322,0.728271,-0.073630,0.062990,0.041884,0.997135,0,-0.51110,-1.00000,-30.666,-2.000,-1,400.000,-1,400.000,-1,325.000,325.000,275.000,275.000,-1,825.000,950.000,-1,800.000,775.000,-1,-1,2,0,2,0,2,0,0,0,0,2,0,0,2,0,0,2,2
