timestep,x_cm,y_cm,z_cm,yaw_deg,basis_xx,basis_xy,basis_xz,basis_yx,basis_yy,basis_yz,basis_zx,basis_zy,basis_zz,teleport_flag,throttle_cmd,steering_cmd,cmd_move_cm,cmd_turn_deg,lidar_cm_0,lidar_cm_1,lidar_cm_2,lidar_cm_3,lidar_cm_4,lidar_cm_5,lidar_cm_6,lidar_cm_7,lidar_cm_8,lidar_cm_9,lidar_cm_10,lidar_cm_11,lidar_cm_12,lidar_cm_13,lidar_cm_14,lidar_cm_15,lidar_cm_16,lidar_class_0,lidar_class_1,lidar_class_2,lidar_class_3,lidar_class_4,lidar_class_5,lidar_class_6,lidar_class_7,lidar_class_8,lidar_class_9,lidar_class_10,lidar_class_11,lidar_class_12,lidar_class_13,lidar_class_14,lidar_class_15,lidar_class_16
0,4919.026,4264.030,-158.670,51.531,0.656281,-0.752569,0.054187,0.715507,0.597949,-0.361257,0.239470,0.275857,0.930890,1,0.00000,0.00000,4.800,0.240,100.000,-1,-1,-1,-1,-1,-1,275.000,200.000,-1,150.000,0.000,75.000,-1,-1,100.000,-1,1,2,2,2,2,2,2,1,0,2,0,0,0,2,2,1,2
1,-4922.467,2947.928,-28.890,-128.344,-0.620544,0.784156,0.004952,-0.784007,-0.620272,-0.024393,-0.016057,-0.019019,0.999690,1,0.08000,0.08022,4.800,0.160,-1,375.000,-1,375.000,-1,325.000,300.000,300.000,300.000,-1,550.000,575.000,-1,700.000,725.000,-1,-1,2,0,2,0,2,0,0,0,0,2,0,0,2,0,0,2,2
2,-4928.402,2940.383,-29.068,-128.187,-0.618393,0.785851,0.005278,-0.785709,-0.618119,-0.024299,-0.015833,-0.019174,0.999691,0,0.16000,0.07851,9.600,0.157,-1,375.000,-1,375.000,-1,325.000,300.000,300.000,300.000,-1,525.000,575.000,-1,700.000,725.000,-1,-1,2,0,2,0,2,0,0,0,0,2,0,0,2,0,0,2,2
3,-4937.275,2929.041,-29.274,-128.037,-0.616333,0.787465,0.005769,-0.787334,-0.616053,-0.024152,-0.015465,-0.019428,0.999692,0,0.24000,0.07511,14.400,0.150,-1,375.000,-1,375.000,-1,325.000,300.000,300.000,300.000,-1,525.000,575.000,-1,700.000,725.000,-1,-1,2,0,2,0,2,0,0,0,0,2,0,0,2,0,0,2,2
4,-4949.068,2913.890,-29.532,-127.897,-0.614407,0.788963,0.006396,-0.788849,-0.614124,-0.023853,-0.014891,-0.019701,0.999695,0,0.32000,0.06999,19.200,0.140,-1,375.000,-1,375.000,-1,325.000,300.000,300.000,300.000,-1,525.000,575.000,-1,700.000,725.000,-1,-1,2,0,2,0,2,0,0,0,0,2,0,0,2,0,0,2,2
5,-4963.768,2894.919,-29.856,-127.771,-0.612665,0.790310,0.007175,-0.790216,-0.612379,-0.023475,-0.014159,-0.020052,0.999699,0,0.40000,0.06317,24.000,0.126,-1,375.000,-1,375.000,-1,325.000,300.000,300.000,300.000,-1,525.000,575.000,-1,700.000,725.000,-1,-1,2,0,2,0,2,0,0,0,0,2,0,0,2,0,0,2,2
6,-4981.365,2872.120,-30.243,-127.661,-0.611155,0.791469,0.008102,-0.791400,-0.610866,-0.023021,-0.013271,-0.020481,0.999702,0,0.48000,0.05462,28.800,0.109,-1,375.000,-1,375.000,-1,325.000,325.000,300.000,300.000,-1,500.000,550.000,-1,700.000,725.000,-1,-1,2,0,2,0,2,0,0,0,0,2,0,0,2,0,0,2,2
7,-5001.853,2845.489,-30.624,-127.573,-0.609925,0.792410,0.008815,-0.792361,-0.609637,-0.022503,-0.012458,-0.020710,0.999708,0,0.56000,0.04433,33.600,0.089,-1,375.000,-1,375.000,-1,325.000,325.000,300.000,300.000,-1,525.000,575.000,-1,700.000,725.000,-1,-1,2,0,2,0,2,0,0,0,0,2,0,0,2,0,0,2,2
8,-5025.234,2815.027,-31.017,-127.508,-0.609026,0.793095,0.009410,-0.793065,-0.608743,-0.021929,-0.011663,-0.020818,0.999715,0,0.64000,0.03228,38.400,0.065,-1,375.000,-1,375.000,-1,325.000,325.000,300.000,300.000,-1,525.000,575.000,-1,700.000,725.000,-1,-1,2,0,2,0,2,0,0,0,0,2,0,0,2,0,0,2,2
9,-5050.227,2782.402,-31.434,-127.454,-0.608275,0.793663,0.010040,-0.793653,-0.607997,-0.021334,-0.010827,-0.020945,0.999722,0,0.68497,0.02686,41.098,0.054,-1,375.000,-1,375.000,-1,325.000,325.000,300.000,300.000,-1,550.000,575.000,-1,700.000,725.000,-1,-1,2,0,2,0,2,0,0,0,0,2,0,0,2,0,0,2,2
10,-5075.189,2749.754,-31.849,-127.401,-0.607523,0.794230,0.010666,-0.794239,-0.607251,-0.020762,-0.010013,-0.021084,0.999728,0,0.68497,0.02686,41.098,0.054,-1,375.000,-1,375.000,-1,325.000,325.000,300.000,300.000,-1,550.000,600.000,-1,700.000,725.000,-1,-1,2,0,2,0,2,0,0,0,0,2,0,0,2,0,0,2,2
11,-5100.121,2717.081,-32.258,-127.347,-0.606770,0.794797,0.011282,-0.794824,-0.606504,-0.020194,-0.009207,-0.021221,0.999732,0,0.68497,0.02686,41.098,0.054,-1,375.000,-1,400.000,-1,325.000,325.000,300.000,300.000,-1,575.000,600.000,-1,700.000,750.000,-1,-1,2,0,2,0,2,0,0,0,0,2,0,0,2,0,0,2,2
12,-5125.022,2684.386,-32.529,-127.293,-0.606008,0.795372,0.011722,-0.795419,-0.605764,-0.018961,-0.007981,-0.020814,0.999752,0,0.68497,0.02686,41.098,0.054,-1,375.000,-1,400.000,-1,325.000,325.000,300.000,300.000,-1,575.000,600.000,-1,700.000,750.000,-1,-1,2,0,2,0,2,0,0,0,0,2,0,0,2,0,0,2,2
13,-5149.893,2651.667,-32.800,-127.240,-0.605245,0.795946,0.012159,-0.796010,-0.605022,-0.017765,-0.006784,-0.020431,0.999768,0,0.68497,0.02686,41.098,0.054,-1,375.000,-1,400.000,-1,325.000,325.000,300.000,300.000,-1,575.000,600.000,-1,700.000,750.000,-1,-1,2,0,2,0,2,0,0,0,0,2,0,0,2,0,0,2,2
14,-5174.733,2618.925,-33.072,-127.186,-0.604482,0.796519,0.012594,-0.796599,-0.604280,-0.016605,-0.005617,-0.020070,0.999783,0,0.68497,0.02686,41.098,0.054,-1,375.000,-1,400.000,-1,325.000,325.000,300.000,300.000,-1,575.000,600.000,-1,725.000,750.000,-1,-1,2,0,2,0,2,0,0,0,0,2,0,0,2,0,0,2,2
15,-5201.581,2583.774,-33.403,-127.372,-0.607051,0.794559,0.012853,-0.794650,-0.606873,-0.015390,-0.004428,-0.019556,0.999799,0,0.73719,-0.09314,44.231,-0.186,-1,375.000,-1,400.000,-1,325.000,325.000,300.000,300.000,-1,575.000,600.000,-1,725.000,750.000,-1,-1,2,0,2,0,2,0,0,0,0,2,0,0,2,0,0,2,2
16,-5228.690,2548.824,-33.749,-127.798,-0.612930,0.790030,0.013025,-0.790131,-0.612774,-0.014213,-0.003248,-0.019003,0.999814,0,0.73719,-0.21314,44.231,-0.426,-1,375.000,-1,400.000,-1,325.000,325.000,300.000,300.000,-1,575.000,600.000,-1,725.000,750.000,-1,-1,2,0,2,0,2,0,0,0,0,2,0,0,2,0,0,2,2
17,-5256.203,2514.191,-33.982,-128.465,-0.622064,0.782853,0.013345,-0.782963,-0.621920,-0.013555,-0.002312,-0.018880,0.999819,0,0.73719,-0.33314,44.231,-0.666,-1,375.000,-1,400.000,-1,325.000,325.000,300.000,300.000,-1,600.000,625.000,-1,725.000,750.000,-1,-1,2,0,2,0,2,0,0,0,0,2,0,0,2,0,0,2,2
18,-5284.170,2479.923,-34.212,-129.217,-0.632284,0.774615,0.013695,-0.774735,-0.632153,-0.012933,-0.001361,-0.018787,0.999823,0,0.73719,-0.37640,44.231,-0.753,-1,375.000,-1,400.000,-1,325.000,325.000,300.000,300.000,-1,625.000,650.000,-1,700.000,750.000,-1,-1,2,0,2,0,2,0,0,0,0,2,0,0,2,0,0,2,2
19,-5312.583,2446.025,-34.438,-129.970,-0.642396,0.766244,0.014074,-0.766373,-0.642277,-0.012353,-0.000426,-0.018722,0.999825,0,0.73719,-0.37640,44.231,-0.753,-1,375.000,-1,400.000,-1,325.000,325.000,300.000,300.000,-1,650.000,650.000,-1,700.000,750.000,-1,-1,2,0,2,0,2,0,0,0,0,2,0,0,2,0,0,2,2
20,-5341.440,2412.503,-34.610,-130.723,-0.652399,0.757743,0.014223,-0.757876,-0.652292,-0.011807,0.000330,-0.018482,0.999829,0,0.73719,-0.37640,44.231,-0.753,-1,375.000,-1,400.000,-1,325.000,325.000,300.000,300.000,-1,675.000,675.000,-1,700.000,750.000,-1,-1,2,0,2,0,2,0,0,0,0,2,0,0,2,0,0,2,2
21,-5370.735,2379.363,-34.665,-131.476,-0.662295,0.749116,0.013807,-0.749243,-0.662199,-0.011269,0.000701,-0.017808,0.999841,0,0.73719,-0.37640,44.231,-0.753,-1,375.000,-1,400.000,-1,325.000,325.000,300.000,300.000,-1,700.000,700.000,-1,700.000,750.000,-1,-1,2,0,2,0,2,0,0,0,0,2,0,0,2,0,0,2,2
22,-5400.561,2346.510,-34.611,-132.234,-0.672144,0.740289,0.013915,-0.740419,-0.672059,-0.010782,0.001370,-0.017550,0.999845,0,0.73954,-0.37917,44.372,-0.758,-1,375.000,-1,400.000,-1,325.000,325.000,300.000,300.000,-1,725.000,750.000,-1,700.000,775.000,-1,-1,2,0,2,0,2,0,0,0,0,2,0,0,2,0,0,2,2
23,-5430.936,2313.935,-34.540,-132.999,-0.681960,0.731253,0.014097,-0.731386,-0.681885,-0.010334,0.002056,-0.017357,0.999847,0,0.74233,-0.38248,44.540,-0.765,-1,375.000,-1,400.000,-1,325.000,325.000,300.000,300.000,-1,775.000,775.000,-1,700.000,775.000,-1,-1,2,0,2,0,2,0,0,0,0,2,0,0,2,0,0,2,2
24,-5461.863,2281.652,-34.464,-133.771,-0.691739,0.722006,0.014304,-0.722143,-0.691673,-0.009923,0.002729,-0.017193,0.999848,0,0.74511,-0.38581,44.707,-0.772,-1,375.000,-1,400.000,-1,325.000,325.000,300.000,300.000,-1,800.000,800.000,-1,700.000,775.000,-1,-1,2,0,2,0,2,0,0,0,0,2,0,0,2,0,0,2,2
25,-5493.343,2249.673,-34.349,-134.549,-0.701477,0.712547,0.014368,-0.712684,-0.701420,-0.009533,0.003286,-0.016927,0.999851,0,0.74789,-0.38917,44.873,-0.778,-1,375.000,-1,400.000,-1,325.000,325.000,300.000,300.000,-1,825.000,825.000,-1,700.000,775.000,-1,-1,2,0,2,0,2,0,0,0,0,2,0,0,2,0,0,2,2
26,-5525.376,2218.012,-34.099,-135.334,-0.711177,0.702878,0.013798,-0.703005,-0.711127,-0.009100,0.003416,-0.016172,0.999863,0,0.75065,-0.39255,45.039,-0.785,-1,375.000,-1,400.000,-1,325.000,325.000,300.000,300.000,-1,875.000,875.000,-1,675.000,775.000,-1,-1,2,0,2,0,2,0,0,0,0,2,0,0,2,0,0,2,2
27,-5557.962,2186.682,-33.851,-136.126,-0.720825,0.692990,0.013281,-0.693108,-0.720781,-0.008700,0.003544,-0.015476,0.999874,0,0.75341,-0.39595,45.205,-0.792,-1,375.000,-1,400.000,-1,325.000,325.000,300.000,300.000,-1,950.000,925.000,-1,675.000,775.000,-1,-1,2,0,2,0,2,0,0,0,0,2,0,0,2,0,0,2,2
28,-5591.103,2155.697,-33.595,-136.925,-0.730417,0.682881,0.012812,-0.682991,-0.730379,-0.008284,0.003700,-0.014801,0.999884,0,0.75615,-0.39939,45.369,-0.799,-1,375.000,-1,400.000,-1,325.000,325.000,300.000,300.000,-1,1000.000,975.000,-1,675.000,775.000,-1,-1,2,0,2,0,2,0,0,0,0,2,0,0,2,0,0,2,2
29,-5624.796,2125.072,-33.329,-137.731,-0.739948,0.672550,0.012391,-0.672652,-0.739917,-0.007846,0.003892,-0.014141,0.999892,0,0.75887,-0.40286,45.532,-0.806,-1,375.000,-1,400.000,-1,325.000,325.000,300.000,300.000,-1,-1,-1,-1,675.000,775.000,-1,-1,2,0,2,0,2,0,0,0,0,2,2,2,2,0,0,2,2
30,-5659.042,2094.820,-33.068,-138.543,-0.749413,0.661993,0.012017,-0.662089,-0.749389,-0.007317,0.004162,-0.013440,0.999901,0,0.76157,-0.40636,45.694,-0.813,-1,375.000,-1,400.000,-1,325.000,325.000,300.000,300.000,-1,-1,-1,-1,675.000,775.000,-1,-1,2,0,2,0,2,0,0,0,0,2,2,2,2,0,0,2,2
31,-5693.839,2064.957,-32.854,-139.363,-0.758807,0.651211,0.011687,-0.651299,-0.758793,-0.006503,0.004633,-0.012546,0.999911,0,0.76424,-0.40990,45.854,-0.820,-1,375.000,-1,400.000,-1,325.000,325.000,300.000,300.000,-1,-1,-1,-1,675.000,775.000,-1,-1,2,0,2,0,2,0,0,0,0,2,2,2,2,0,0,2,2
32,-5729.185,2035.498,-32.504,-140.190,-0.768122,0.640202,0.011404,-0.640280,-0.768125,-0.005007,0.005554,-0.011148,0.999922,0,0.76688,-0.41348,46.013,-0.827,-1,375.000,-1,400.000,-1,325.000,325.000,300.000,300.000,-1,-1,-1,-1,675.000,775.000,-1,-1,2,0,2,0,2,0,0,0,0,2,2,2,2,0,0,2,2
33,-5765.077,2006.458,-32.089,-141.024,-0.777355,0.628962,0.011202,-0.629026,-0.777378,-0.003198,0.006697,-0.009532,0.999932,0,0.76949,-0.41710,46.169,-0.834,-1,375.000,-1,400.000,-1,325.000,325.000,300.000,300.000,-1,-1,-1,-1,675.000,775.000,-1,-1,2,0,2,0,2,0,0,0,0,2,2,2,2,0,0,2,2
34,-5801.514,1977.853,-31.662,-141.866,-0.786504,0.617486,0.011092,-0.617535,-0.786542,-0.001359,0.007885,-0.007918,0.999938,0,0.77206,-0.42076,46.323,-0.842,-1,375.000,-1,400.000,-1,325.000,325.000,300.000,300.000,-1,-1,-1,-1,675.000,775.000,-1,-1,2,0,2,0,2,0,0,0,0,2,2,2,2,0,0,2,2
35,-5838.491,1949.699,-31.288,-142.715,-0.795566,0.605772,0.010770,-0.605802,-0.795615,0.000581,0.008921,-0.006062,0.999942,0,0.77458,-0.42448,46.475,-0.849,-1,375.000,-1,400.000,-1,325.000,325.000,300.000,300.000,-1,-1,-1,-1,675.000,775.000,-1,-1,2,0,2,0,2,0,0,0,0,2,2,2,2,0,0,2,2
36,-5876.004,1922.014,-31.005,-143.571,-0.804536,0.593818,0.010072,-0.593824,-0.804590,0.002678,0.009694,-0.003827,0.999946,0,0.77705,-0.42825,46.623,-0.856,-1,375.000,-1,400.000,-1,325.000,325.000,300.000,300.000,-1,-1,-1,-1,675.000,775.000,-1,-1,2,0,2,0,2,0,0,0,0,2,2,2,2,0,0,2,2
37,-5914.048,1894.812,-30.637,-144.435,-0.813406,0.581619,0.009495,-0.581605,-0.813459,0.004493,0.010337,-0.001868,0.999945,0,0.77947,-0.43207,46.768,-0.864,-1,375.000,-1,400.000,-1,325.000,325.000,300.000,300.000,-1,-1,-1,-1,675.000,775.000,-1,-1,2,0,2,0,2,0,0,0,0,2,2,2,2,0,0,2,2
38,-5952.618,1868.113,-30.193,-145.307,-0.822167,0.569174,0.009028,-0.569142,-0.822217,0.006060,0.010872,-0.000156,0.999941,0,0.78183,-0.43595,46.910,-0.872,-1,375.000,-1,400.000,-1,325.000,325.000,300.000,300.000,-1,-1,-1,-1,675.000,775.000,-1,-1,2,0,2,0,2,0,0,0,0,2,2,2,2,0,0,2,2
39,-5991.707,1841.932,-29.730,-146.187,-0.830815,0.556481,0.008680,-0.556431,-0.830859,0.007637,0.011462,0.001515,0.999933,0,0.78411,-0.43990,47.047,-0.880,-1,375.000,-1,400.000,-1,325.000,325.000,300.000,300.000,-1,-1,-1,-1,675.000,775.000,-1,-1,2,0,2,0,2,0,0,0,0,2,2,2,2,0,0,2,2
40,-6031.308,1816.288,-29.250,-147.075,-0.839342,0.543538,0.008462,-0.543469,-0.839378,0.009215,0.012112,0.003135,0.999922,0,0.78632,-0.44392,47.179,-0.888,-1,375.000,-1,400.000,-1,325.000,325.000,300.000,300.000,-1,-1,-1,-1,675.000,775.000,-1,-1,2,0,2,0,2,0,0,0,0,2,2,2,2,0,0,2,2
41,-6071.414,1791.199,-28.742,-147.971,-0.847743,0.530343,0.008312,-0.530254,-0.847770,0.010808,0.012778,0.004755,0.999907,0,0.78844,-0.44801,47.307,-0.896,-1,375.000,-1,400.000,-1,325.000,325.000,300.000,300.000,-1,-1,-1,-1,675.000,775.000,-1,-1,2,0,2,0,2,0,0,0,0,2,2,2,2,0,0,2,2
42,-6112.014,1766.683,-28.248,-148.875,-0.856011,0.516892,0.008201,-0.516785,-0.856028,0.012202,0.013327,0.006207,0.999892,0,0.79047,-0.45218,47.428,-0.904,-1,375.000,-1,400.000,-1,325.000,325.000,300.000,300.000,-1,-1,-1,-1,675.000,775.000,-1,-1,2,0,2,0,2,0,0,0,0,2,2,2,2,0,0,2,2
43,-6153.101,1742.759,-27.783,-149.788,-0.864141,0.503184,0.008105,-0.503063,-0.864147,0.013313,0.013703,0.007427,0.999879,0,0.79240,-0.45642,47.544,-0.913,-1,375.000,-1,400.000,-1,325.000,325.000,300.000,300.000,-1,-1,-1,-1,675.000,775.000,-1,-1,2,0,2,0,2,0,0,0,0,2,2,2,2,0,0,2,2
44,-6190.289,1721.685,-27.335,-150.461,-0.869994,0.492997,0.008041,-0.492862,-0.869989,0.014341,0.014065,0.008514,0.999865,0,0.71240,-0.33642,42.744,-0.673,-1,375.000,-1,400.000,-1,300.000,325.000,300.000,300.000,-1,-1,-1,-1,675.000,775.000,-1,-1,2,0,2,0,2,0,0,0,0,2,2,2,2,0,0,2,2
45,-6223.441,1703.228,-26.802,-150.894,-0.873702,0.486405,0.007470,-0.486259,-0.873678,0.015494,0.014063,0.009904,0.999852,0,0.63240,-0.21642,37.944,-0.433,-1,375.000,-1,400.000,-1,300.000,325.000,300.000,300.000,-1,-1,-1,-1,675.000,775.000,-1,-1,2,0,2,0,2,0,0,0,0,2,2,2,2,0,0,2,2
46,-6252.454,1687.203,-26.292,-151.087,-0.875342,0.483455,0.006874,-0.483300,-0.875298,0.016567,0.014026,0.011180,0.999839,0,0.55240,-0.09642,33.144,-0.193,-1,375.000,-1,400.000,-1,300.000,325.000,300.000,300.000,-1,-1,-1,-1,675.000,775.000,-1,-1,2,0,2,0,2,0,0,0,0,2,2,2,2,0,0,2,2
47,-6277.254,1673.478,-25.840,-151.040,-0.874951,0.484169,0.006385,-0.484007,-0.874889,0.017489,0.014054,0.012211,0.999827,0,0.47240,0.02358,28.344,0.047,-1,375.000,-1,400.000,-1,300.000,325.000,300.000,300.000,-1,-1,-1,-1,675.000,775.000,-1,-1,2,0,2,0,2,0,0,0,0,2,2,2,2,0,0,2,2
48,-6297.796,1661.975,-25.454,-150.752,-0.872519,0.488543,0.005995,-0.488375,-0.872443,0.018246,0.014144,0.012992,0.999816,0,0.39240,0.14358,23.544,0.287,-1,375.000,-1,400.000,-1,300.000,325.000,300.000,300.000,-1,-1,-1,-1,675.000,775.000,-1,-1,2,0,2,0,2,0,0,0,0,2,2,2,2,0,0,2,2
49,-6314.066,1652.666,-25.137,-150.225,-0.867992,0.496546,0.005695,-0.496373,-0.867905,0.018828,0.014292,0.013516,0.999807,0,0.31240,0.26358,18.744,0.527,-1,375.000,-1,400.000,-1,300.000,325.000,300.000,300.000,-1,-1,-1,-1,650.000,775.000,-1,-1,2,0,2,0,2,0,0,0,0,2,2,2,2,0,0,2,2
50,-6326.076,1645.580,-24.895,-149.458,-0.861269,0.508120,0.005483,-0.507942,-0.861176,0.019227,0.014491,0.013774,0.999800,0,0.23240,0.38358,13.944,0.767,-1,375.000,-1,400.000,-1,300.000,325.000,300.000,300.000,-1,-1,-1,-1,650.000,750.000,-1,-1,2,0,2,0,2,0,0,0,0,2,2,2,2,0,0,2,2
51,-6333.886,1640.826,-24.734,-148.669,-0.854192,0.519930,0.005351,-0.519750,-0.854097,0.019457,0.014687,0.013839,0.999796,0,0.15240,0.39451,9.144,0.789,-1,375.000,-1,400.000,-1,300.000,325.000,300.000,300.000,-1,-1,-1,-1,650.000,750.000,-1,-1,2,0,2,0,2,0,0,0,0,2,2,2,2,0,0,2,2
52,-6337.566,1638.516,-24.657,-147.886,-0.847003,0.531561,0.005299,-0.531380,-0.846909,0.019520,0.014864,0.013718,0.999795,0,0.07240,0.39175,4.344,0.784,-1,375.000,-1,400.000,-1,300.000,325.000,300.000,300.000,-1,-1,-1,-1,650.000,750.000,-1,-1,2,0,2,0,2,0,0,0,0,2,2,2,2,0,0,2,2
53,-6337.183,1638.764,-24.668,-147.106,-0.839694,0.543033,0.005328,-0.542852,-0.839604,0.019416,0.015017,0.013411,0.999797,0,-0.00760,0.38966,-0.456,0.779,-1,375.000,-1,400.000,-1,300.000,325.000,300.000,300.000,-1,-1,-1,-1,650.000,750.000,-1,-1,2,0,2,0,2,0,0,0,0,2,2,2,2,0,0,2,2
54,-6332.809,1641.678,-24.768,-146.330,-0.832256,0.554365,0.005442,-0.554185,-0.832173,0.019143,0.015141,0.012916,0.999802,0,-0.08760,0.38824,-5.256,0.776,-1,375.000,-1,400.000,-1,300.000,325.000,300.000,300.000,-1,-1,-1,-1,650.000,750.000,-1,-1,2,0,2,0,2,0,0,0,0,2,2,2,2,0,0,2,2
55,-6324.516,1647.366,-24.957,-145.555,-0.824678,0.565574,0.005644,-0.565397,-0.824606,0.018705,0.015233,0.012235,0.999809,0,-0.16760,0.38748,-10.056,0.775,-1,375.000,-1,400.000,-1,300.000,325.000,300.000,300.000,-1,-1,-1,-1,650.000,750.000,-1,-1,2,0,2,0,2,0,0,0,0,2,2,2,2,0,0,2,2
56,-6312.380,1655.933,-25.233,-144.780,-0.816950,0.576679,0.005938,-0.576506,-0.816892,0.018106,0.015292,0.011368,0.999818,0,-0.24760,0.38737,-14.856,0.775,-1,375.000,-1,400.000,-1,300.000,325.000,300.000,300.000,-1,-1,1000.000,-1,650.000,750.000,-1,-1,2,0,2,0,2,0,0,0,0,2,2,0,2,0,0,2,2
57,-6296.477,1667.486,-25.595,-144.004,-0.809059,0.587694,0.006333,-0.587528,-0.809018,0.017350,0.015320,0.010317,0.999829,0,-0.32760,0.38792,-19.656,0.776,-1,375.000,-1,400.000,-1,300.000,325.000,300.000,300.000,-1,-1,950.000,-1,650.000,750.000,-1,-1,2,0,2,0,2,0,0,0,0,2,2,0,2,0,0,2,2
58,-6278.907,1680.618,-25.886,-143.226,-0.801000,0.598632,0.006252,-0.598477,-0.800967,0.016670,0.014986,0.009611,0.999842,0,-0.36559,0.38911,-21.935,0.778,-1,375.000,-1,400.000,-1,300.000,325.000,300.000,300.000,-1,-1,925.000,-1,650.000,750.000,-1,-1,2,0,2,0,2,0,0,0,0,2,2,0,2,0,0,2,2
59,-6261.491,1694.008,-26.154,-142.445,-0.792763,0.609500,0.006094,-0.609356,-0.792735,0.016014,0.014592,0.008982,0.999853,0,-0.36615,0.39059,-21.969,0.781,-1,375.000,-1,400.000,-1,300.000,325.000,300.000,300.000,-1,-1,925.000,-1,650.000,750.000,-1,-1,2,0,2,0,2,0,0,0,0,2,2,0,2,0,0,2,2
60,-6244.232,1707.658,-26.417,-141.661,-0.784346,0.620294,0.005951,-0.620161,-0.784325,0.015358,0.014194,0.008355,0.999864,0,-0.36673,0.39205,-22.004,0.784,-1,375.000,-1,400.000,-1,300.000,325.000,300.000,300.000,-1,-1,900.000,-1,650.000,750.000,-1,-1,2,0,2,0,2,0,0,0,0,2,2,0,2,0,0,2,2
61,-6227.135,1721.565,-26.673,-140.874,-0.775751,0.631012,0.005823,-0.630888,-0.775734,0.014704,0.013795,0.007733,0.999875,0,-0.36732,0.39351,-22.039,0.787,-1,375.000,-1,400.000,-1,300.000,325.000,300.000,300.000,-1,-1,900.000,-1,650.000,725.000,-1,-1,2,0,2,0,2,0,0,0,0,2,2,0,2,0,0,2,2
62,-6210.204,1735.730,-26.924,-140.084,-0.766977,0.641649,0.005709,-0.641535,-0.766965,0.014051,0.013395,0.007114,0.999885,0,-0.36792,0.39495,-22.075,0.790,-1,375.000,-1,400.000,-1,300.000,325.000,300.000,300.000,-1,-1,900.000,-1,650.000,725.000,-1,-1,2,0,2,0,2,0,0,0,0,2,2,0,2,0,0,2,2
63,-6193.443,1750.152,-27.169,-139.291,-0.758024,0.652202,0.005611,-0.652097,-0.758017,0.013401,0.012994,0.006499,0.999894,0,-0.36853,0.39638,-22.112,0.793,-1,375.000,-1,400.000,-1,300.000,325.000,300.000,300.000,-1,-1,875.000,-1,650.000,725.000,-1,-1,2,0,2,0,2,0,0,0,0,2,2,0,2,0,0,2,2
64,-6176.855,1764.829,-27.408,-138.495,-0.748893,0.662668,0.005529,-0.662571,-0.748891,0.012754,0.012592,0.005889,0.999903,0,-0.36915,0.39781,-22.149,0.796,-1,375.000,-1,400.000,-1,300.000,325.000,300.000,300.000,-1,-1,875.000,-1,650.000,725.000,-1,-1,2,0,2,0,2,0,0,0,0,2,2,0,2,0,0,2,2
65,-6160.446,1779.763,-27.665,-137.697,-0.739584,0.673042,0.005470,-0.672955,-0.739586,0.011978,0.012108,0.005178,0.999913,0,-0.36979,0.39922,-22.187,0.798,-1,375.000,-1,400.000,-1,300.000,325.000,300.000,300.000,-1,-1,875.000,-1,650.000,725.000,-1,-1,2,0,2,0,2,0,0,0,0,2,2,0,2,0,0,2,2
66,-6144.219,1794.950,-27.938,-136.896,-0.730098,0.683321,0.005440,-0.683245,-0.730105,0.011095,0.011554,0.004383,0.999924,0,-0.37043,0.40063,-22.226,0.801,-1,375.000,-1,400.000,-1,300.000,325.000,300.000,300.000,-1,-1,875.000,-1,650.000,725.000,-1,-1,2,0,2,0,2,0,0,0,0,2,2,0,2,0,0,2,2
67,-6128.178,1810.391,-28.204,-136.092,-0.720435,0.693501,0.005434,-0.693435,-0.720447,0.010214,0.010998,0.003591,0.999933,0,-0.37108,0.40202,-22.265,0.804,-1,375.000,-1,400.000,-1,300.000,325.000,300.000,300.000,-1,-1,875.000,-1,650.000,725.000,-1,-1,2,0,2,0,2,0,0,0,0,2,2,0,2,0,0,2,2
68,-6112.328,1826.084,-28.464,-135.285,-0.710596,0.703579,0.005451,-0.703523,-0.710611,0.009336,0.010442,0.002799,0.999942,0,-0.37174,0.40341,-22.304,0.807,-1,375.000,-1,400.000,-1,300.000,325.000,300.000,325.000,-1,-1,875.000,-1,650.000,725.000,-1,-1,2,0,2,0,2,0,0,0,0,2,2,0,2,0,0,2,2
69,-6100.012,1838.522,-28.664,-134.718,-0.703599,0.710576,0.005488,-0.710526,-0.703617,0.008659,0.010014,0.002193,0.999947,0,-0.29174,0.28341,-17.504,0.567,-1,375.000,-1,400.000,-1,300.000,325.000,300.000,325.000,-1,-1,875.000,-1,650.000,725.000,-1,-1,2,0,2,0,2,0,0,0,0,2,2,0,2,0,0,2,2
70,-6091.124,1847.601,-28.808,-134.391,-0.699534,0.714578,0.005531,-0.714534,-0.699553,0.008179,0.009714,0.001770,0.999951,0,-0.21174,0.16341,-12.704,0.327,-1,375.000,-1,400.000,-1,300.000,325.000,300.000,325.000,-1,-1,875.000,-1,650.000,725.000,-1,-1,2,0,2,0,2,0,0,0,0,2,2,0,2,0,0,2,2
71,-6085.603,1853.257,-28.899,-134.304,-0.698449,0.715638,0.005570,-0.715596,-0.698470,0.007895,0.009541,0.001528,0.999953,0,-0.13174,0.04341,-7.904,0.087,-1,375.000,-1,400.000,-1,300.000,325.000,300.000,325.000,-1,-1,900.000,-1,650.000,725.000,-1,-1,2,0,2,0,2,0,0,0,0,2,2,0,2,0,0,2,2
72,-6083.429,1855.473,-28.936,-134.458,-0.700360,0.713768,0.005600,-0.713727,-0.700381,0.007803,0.009492,0.001468,0.999954,0,-0.05174,-0.07659,-3.104,-0.153,-1,375.000,-1,400.000,-1,300.000,325.000,300.000,325.000,-1,-1,900.000,-1,650.000,725.000,-1,-1,2,0,2,0,2,0,0,0,0,2,2,0,2,0,0,2,2
73,-6084.625,1854.271,-28.923,-134.851,-0.705241,0.708945,0.005620,-0.708903,-0.705262,0.007902,0.009566,0.001589,0.999953,0,0.02826,-0.19659,1.696,-0.393,-1,375.000,-1,400.000,-1,300.000,325.000,300.000,325.000,-1,-1,925.000,-1,650.000,725.000,-1,-1,2,0,2,0,2,0,0,0,0,2,2,0,2,0,0,2,2
74,-6089.256,1849.717,-28.858,-135.484,-0.713033,0.701108,0.005632,-0.701062,-0.713053,0.008192,0.009759,0.001892,0.999951,0,0.10826,-0.31659,6.496,-0.633,-1,375.000,-1,400.000,-1,300.000,325.000,300.000,300.000,-1,-1,925.000,-1,650.000,725.000,-1,-1,2,0,2,0,2,0,0,0,0,2,2,0,2,0,0,2,2
75,-6097.430,1841.921,-28.740,-136.357,-0.723635,0.690159,0.005643,-0.690109,-0.723654,0.008670,0.010067,0.002379,0.999946,0,0.18826,-0.43659,11.296,-0.873,-1,375.000,-1,400.000,-1,300.000,325.000,300.000,300.000,-1,-1,950.000,-1,650.000,725.000,-1,-1,2,0,2,0,2,0,0,0,0,2,2,0,2,0,0,2,2
76,-6109.292,1831.041,-28.569,-137.470,-0.736908,0.675969,0.005663,-0.675912,-0.736924,0.009337,0.010485,0.003053,0.999940,0,0.26826,-0.55659,16.096,-1.113,-1,375.000,-1,400.000,-1,300.000,325.000,300.000,300.000,-1,-1,975.000,-1,650.000,725.000,-1,-1,2,0,2,0,2,0,0,0,0,2,2,0,2,0,0,2,2
77,-6125.020,1817.284,-28.342,-138.823,-0.752667,0.658376,0.005705,-0.658309,-0.752679,0.010191,0.011004,0.003915,0.999932,0,0.34826,-0.67659,20.896,-1.353,-1,375.000,-1,400.000,-1,300.000,325.000,300.000,300.000,-1,-1,1000.000,-1,650.000,750.000,-1,-1,2,0,2,0,2,0,0,0,0,2,2,0,2,0,0,2,2
78,-6144.823,1800.910,-28.056,-140.417,-0.770683,0.637192,0.005786,-0.637113,-0.770689,0.011230,0.011614,0.004968,0.999920,0,0.42826,-0.79659,25.696,-1.593,-1,375.000,-1,400.000,-1,300.000,325.000,300.000,300.000,-1,-1,-1,-1,650.000,750.000,-1,-1,2,0,2,0,2,0,0,0,0,2,2,2,2,0,0,2,2
79,-6168.935,1782.240,-27.771,-142.250,-0.790674,0.612209,0.005918,-0.612118,-0.790674,0.012124,0.012102,0.005963,0.999909,0,0.50826,-0.91659,30.496,-1.833,-1,375.000,-1,400.000,-1,300.000,325.000,300.000,300.000,-1,-1,-1,-1,650.000,750.000,-1,-1,2,0,2,0,2,0,0,0,0,2,2,2,2,0,0,2,2
80,-6197.580,1761.619,-27.447,-144.250,-0.811560,0.584238,0.006087,-0.584135,-0.811552,0.013044,0.012560,0.007030,0.999896,0,0.58826,-1.00000,35.296,-2.000,-1,375.000,-1,400.000,-1,300.000,325.000,300.000,300.000,-1,-1,-1,-1,650.000,750.000,-1,-1,2,0,2,0,2,0,0,0,0,2,2,2,2,0,0,2,2
81,-6230.918,1739.342,-27.057,-146.250,-0.831457,0.555554,0.006274,-0.555437,-0.831440,0.014078,0.013038,0.008221,0.999881,0,0.66826,-1.00000,40.096,-2.000,-1,375.000,-1,400.000,-1,300.000,325.000,300.000,300.000,-1,-1,-1,-1,650.000,775.000,-1,-1,2,0,2,0,2,0,0,0,0,2,2,2,2,0,0,2,2
82,-6269.095,1715.717,-26.597,-148.250,-0.850341,0.526193,0.006488,-0.526059,-0.850312,0.015226,0.013529,0.009534,0.999863,0,0.74826,-1.00000,44.896,-2.000,-1,375.000,-1,400.000,-1,300.000,325.000,300.000,300.000,-1,-1,-1,-1,650.000,775.000,-1,-1,2,0,2,0,2,0,0,0,0,2,2,2,2,0,0,2,2
83,-6312.241,1691.057,-25.897,-150.250,-0.868196,0.496186,0.005944,-0.496038,-0.868138,0.016797,0.013495,0.011634,0.999841,0,0.82826,-1.00000,49.696,-2.000,-1,375.000,-1,400.000,-1,300.000,325.000,300.000,300.000,-1,-1,-1,-1,675.000,775.000,-1,-1,2,0,2,0,2,0,0,0,0,2,2,2,2,0,0,2,2
84,-6360.468,1665.683,-25.008,-152.250,-0.884997,0.465570,0.004929,-0.465412,-0.884896,0.018759,0.013095,0.014308,0.999812,0,0.90826,-1.00000,54.496,-2.000,-1,375.000,-1,400.000,-1,300.000,325.000,300.000,300.000,-1,-1,-1,-1,675.000,775.000,-1,-1,2,0,2,0,2,0,0,0,0,2,2,2,2,0,0,2,2
85,-6410.815,1641.397,-24.080,-154.250,-0.900718,0.434385,0.003979,-0.434220,-0.900566,0.020828,0.012631,0.017033,0.999775,0,0.93163,-1.00000,55.898,-2.000,-1,375.000,-1,400.000,-1,300.000,325.000,300.000,300.000,-1,-1,-1,-1,675.000,775.000,-1,-1,2,0,2,0,2,0,0,0,0,2,2,2,2,0,0,2,2
86,-6462.111,1618.825,-23.320,-156.250,-0.915341,0.402666,0.003327,-0.402482,-0.915119,0.023761,0.012613,0.020410,0.999712,0,0.93405,-1.00000,56.043,-2.000,-1,375.000,-1,400.000,-1,300.000,325.000,300.000,300.000,-1,-1,-1,-1,675.000,775.000,-1,-1,2,0,2,0,2,0,0,0,0,2,2,2,2,0,0,2,2
87,-6514.294,1598.005,-22.885,-158.250,-0.928853,0.370445,0.001459,-0.370267,-0.928518,0.027508,0.011545,0.025011,0.999621,0,0.93638,-1.00000,56.183,-2.000,-1,375.000,-1,400.000,-1,300.000,325.000,300.000,300.000,-1,-1,-1,-1,675.000,775.000,-1,-1,2,0,2,0,2,0,0,0,0,2,2,2,2,0,0,2,2
88,-6567.297,1578.972,-22.844,-160.250,-0.941232,0.337757,-0.001859,-0.337638,-0.940721,0.032323,0.009168,0.031051,0.999476,0,0.93861,-1.00000,56.316,-2.000,-1,375.000,-1,400.000,-1,300.000,325.000,300.000,300.000,-1,-1,-1,-1,675.000,750.000,-1,-1,2,0,2,0,2,0,0,0,0,2,2,2,2,0,0,2,2
89,-6621.051,1561.763,-22.734,-162.250,-0.952449,0.304662,-0.004611,-0.304618,-0.951752,0.037080,0.006908,0.036722,0.999302,0,0.94070,-1.00000,56.442,-2.000,-1,375.000,-1,375.000,-1,300.000,300.000,300.000,275.000,-1,-1,-1,-1,675.000,750.000,-1,-1,2,0,2,0,2,0,0,0,0,2,2,2,2,0,0,2,2
90,-6675.485,1546.408,-22.800,-164.250,-0.962497,0.271210,-0.006681,-0.271250,-0.961625,0.041243,0.004761,0.041509,0.999127,0,0.94263,-1.00000,56.558,-2.000,-1,375.000,-1,375.000,-1,300.000,300.000,300.000,275.000,-1,-1,-1,-1,675.000,725.000,-1,-1,2,0,2,0,2,0,0,0,0,2,2,2,2,0,0,2,2
91,-6730.524,1532.938,-23.010,-166.250,-0.971362,0.237437,-0.008951,-0.237597,-0.970312,0.045193,0.002045,0.046025,0.998938,0,0.94438,-1.00000,56.663,-2.000,-1,375.000,-1,375.000,-1,300.000,300.000,300.000,275.000,-1,-1,-1,-1,675.000,700.000,-1,-1,2,0,2,0,2,0,0,0,1,2,2,2,2,0,0,2,2
92,-6786.090,1521.378,-23.347,-168.250,-0.979032,0.203382,-0.011475,-0.203702,-0.977779,0.049542,-0.001144,0.050841,0.998706,0,0.94591,-1.00000,56.755,-2.000,-1,350.000,-1,375.000,-1,300.000,300.000,300.000,300.000,-1,-1,-1,-1,675.000,675.000,-1,-1,2,0,2,0,2,0,0,0,1,2,2,2,2,0,0,2,2
93,-6842.100,1511.750,-23.881,-170.250,-0.985496,0.169085,-0.014434,-0.169627,-0.983999,0.054518,-0.004985,0.056176,0.998408,0,0.94719,-1.00000,56.831,-2.000,-1,350.000,-1,350.000,-1,300.000,300.000,300.000,350.000,-1,-1,-1,-1,650.000,700.000,-1,-1,2,0,2,0,2,0,0,0,1,2,2,2,2,0,1,2,2
94,-6898.471,1504.074,-24.679,-172.250,-0.990738,0.134593,-0.017980,-0.135445,-0.988944,0.060376,-0.009655,0.062252,0.998014,0,0.94818,-1.00000,56.891,-2.000,-1,350.000,-1,350.000,-1,275.000,275.000,300.000,400.000,-1,-1,-1,-1,650.000,-1,-1,-1,2,0,2,0,2,0,0,0,1,2,2,2,2,0,2,2,2
95,-6955.116,1498.366,-25.811,-174.250,-0.994744,0.099951,-0.022226,-0.101239,-0.992577,0.067390,-0.015325,0.069286,0.997479,0,0.94884,-1.00000,56.930,-2.000,-1,350.000,-1,325.000,-1,275.000,275.000,325.000,450.000,-1,-1,-1,-1,650.000,-1,-1,-1,2,0,2,0,2,0,0,0,1,2,2,2,2,0,2,2,2
96,-7011.942,1494.635,-27.344,-176.250,-0.997500,0.065210,-0.027246,-0.067109,-0.994858,0.075852,-0.022160,0.077491,0.996747,0,0.94913,-1.00000,56.948,-2.000,-1,325.000,-1,325.000,-1,275.000,275.000,325.000,500.000,-1,-1,-1,-1,625.000,-1,-1,-1,2,0,2,0,2,0,0,0,1,2,2,2,2,0,2,2,2
97,-7068.857,1492.888,-29.342,-178.250,-0.998990,0.030426,-0.033070,-0.033176,-0.995737,0.086063,-0.030310,0.087073,0.995741,0,0.94900,-1.00000,56.940,-2.000,-1,325.000,-1,300.000,-1,250.000,250.000,325.000,525.000,-1,-1,-1,-1,600.000,-1,-1,-1,2,0,2,1,2,0,0,0,1,2,2,2,2,0,2,2,2
98,-7125.763,1493.127,-31.868,-180.250,-0.999203,-0.004339,-0.039678,0.000417,-0.995154,0.098325,-0.039913,0.098230,0.994363,0,0.94840,-1.00000,56.904,-2.000,-1,300.000,-1,325.000,-1,250.000,225.000,350.000,550.000,-1,-1,-1,-1,550.000,-1,-1,-1,2,0,2,1,2,0,0,0,1,2,2,2,2,0,2,2,2
99,-7181.206,1495.061,-34.725,-182.010,-0.998306,-0.034857,-0.046593,0.029466,-0.993297,0.111771,-0.050177,0.110208,0.992641,0,0.92456,-0.88000,55.474,-1.760,-1,300.000,-1,325.000,-1,225.000,225.000,350.000,600.000,-1,-1,-1,-1,525.000,-1,-1,-1,2,0,2,1,2,0,0,0,1,2,2,2,2,0,2,2,2
100,-7236.449,1498.454,-38.321,-183.530,-0.996745,-0.061097,-0.052598,0.054028,-0.990471,0.126678,-0.059836,0.123424,0.990548,0,0.92240,-0.76000,55.344,-1.520,-1,275.000,-1,350.000,-1,225.000,200.000,375.000,625.000,-1,-1,-1,-1,500.000,975.000,-1,-1,2,0,2,1,2,0,0,0,1,2,2,2,2,0,1,2,2
101,-7291.393,1503.061,-41.788,-184.810,-0.995105,-0.083078,-0.053520,0.074903,-0.987325,0.139927,-0.064467,0.135234,0.988714,0,0.91891,-0.64000,55.135,-1.280,-1,275.000,-1,375.000,-1,200.000,175.000,375.000,650.000,-1,-1,-1,1000.000,475.000,925.000,1000.000,-1,2,0,2,1,2,0,0,0,1,2,2,2,0,0,1,0,2
102,-7345.951,1508.633,-45.300,-185.850,-0.993421,-0.100814,-0.054331,0.091490,-0.983985,0.152982,-0.068884,0.147005,0.986734,0,0.91399,-0.52000,54.840,-1.040,-1,250.000,-1,400.000,-1,200.000,175.000,400.000,675.000,-1,-1,-1,825.000,475.000,900.000,975.000,-1,2,0,2,1,2,0,0,0,1,2,2,2,0,0,1,0,2
103,-7400.042,1514.920,-48.887,-186.650,-0.991928,-0.114330,-0.054847,0.103856,-0.980655,0.165921,-0.072756,0.158886,0.984613,0,0.90755,-0.40000,54.453,-0.800,-1,250.000,-1,425.000,-1,200.000,175.000,400.000,700.000,-1,-1,0.000,650.000,450.000,850.000,950.000,-1,2,0,2,1,2,0,1,0,1,2,2,0,0,0,1,0,2
104,6231.356,-4919.492,-42.307,-174.906,-0.996018,0.088779,-0.008205,-0.088856,-0.995999,0.009532,-0.007326,0.010223,0.999921,1,0.00000,0.00000,53.972,-0.560,-1,400.000,-1,375.000,-1,325.000,300.000,325.000,325.000,-1,-1,-1,-1,775.000,725.000,-1,-1,2,0,2,0,2,0,0,0,0,2,2,2,2,0,0,2,2
105,6226.573,-4919.898,-42.340,-175.146,-0.996382,0.084606,-0.008100,-0.084682,-0.996363,0.009484,-0.007268,0.010135,0.999922,0,0.08000,-0.12000,4.800,-0.240,-1,400.000,-1,375.000,-1,325.000,300.000,325.000,325.000,-1,-1,-1,-1,775.000,725.000,-1,-1,2,0,2,0,2,0,0,0,0,2,2,2,2,0,0,2,2
106,6217.001,-4920.630,-42.407,-175.626,-0.997057,0.076256,-0.007889,-0.076329,-0.997039,0.009386,-0.007150,0.009960,0.999925,0,0.16000,-0.24000,9.600,-0.480,-1,400.000,-1,375.000,-1,325.000,300.000,325.000,325.000,-1,1000.000,-1,-1,775.000,725.000,-1,-1,2,0,2,0,2,0,0,0,0,2,0,2,2,0,0,2,2
107,6202.631,-4921.555,-42.511,-176.319,-0.997908,0.064200,-0.007568,-0.064269,-0.997890,0.009235,-0.006959,0.009702,0.999929,0,0.24000,-0.34626,14.400,-0.693,-1,400.000,-1,375.000,-1,325.000,300.000,325.000,325.000,-1,950.000,-1,-1,775.000,725.000,-1,-1,2,0,2,0,2,0,0,0,0,2,0,2,2,0,0,2,2
108,6183.457,-4922.555,-42.654,-177.014,-0.998617,0.052083,-0.007132,-0.052146,-0.998599,0.009019,-0.006652,0.009378,0.999934,0,0.32000,-0.34774,19.200,-0.695,-1,400.000,-1,375.000,-1,325.000,300.000,325.000,325.000,-1,925.000,-1,-1,775.000,725.000,-1,-1,2,0,2,0,2,0,0,0,0,2,0,2,2,0,0,2,2
109,6159.476,-4923.511,-42.838,-177.716,-0.999184,0.039853,-0.006580,-0.039909,-0.999165,0.008737,-0.006226,0.008992,0.999940,0,0.40000,-0.35077,24.000,-0.702,-1,400.000,-1,375.000,-1,325.000,300.000,325.000,325.000,-1,875.000,1000.000,-1,775.000,725.000,-1,-1,2,0,2,0,2,0,0,0,0,2,0,0,2,0,0,2,2
110,6130.687,-4924.302,-43.064,-178.427,-0.999606,0.027457,-0.005910,-0.027506,-0.999586,0.008387,-0.005677,0.008546,0.999947,0,0.48000,-0.35533,28.800,-0.711,-1,400.000,-1,375.000,-1,325.000,300.000,325.000,325.000,-1,825.000,925.000,-1,775.000,725.000,-1,-1,2,0,2,0,2,0,0,0,0,2,0,0,2,0,0,2,2
111,6097.090,-4924.801,-43.333,-179.149,-0.999877,0.014844,-0.005120,-0.014885,-0.999857,0.007971,-0.005001,0.008046,0.999955,0,0.56000,-0.36143,33.600,-0.723,-1,400.000,-1,375.000,-1,325.000,300.000,325.000,325.000,-1,775.000,875.000,-1,775.000,725.000,-1,-1,2,0,2,0,2,0,0,0,0,2,0,0,2,0,0,2,2
112,6058.691,-4924.876,-43.646,-179.888,-0.999989,0.001962,-0.004211,-0.001993,-0.999970,0.007487,-0.004196,0.007496,0.999963,0,0.64000,-0.36908,38.400,-0.738,-1,400.000,-1,375.000,-1,325.000,300.000,325.000,325.000,-1,725.000,825.000,-1,775.000,750.000,-1,-1,2,0,2,0,2,0,0,0,0,2,0,0,2,0,0,2,2
113,6015.493,-4924.390,-44.003,-180.644,-0.999932,-0.011242,-0.003179,0.011220,-0.999913,0.006939,-0.003257,0.006903,0.999971,0,0.72000,-0.37828,43.200,-0.757,-1,400.000,-1,375.000,-1,325.000,300.000,325.000,325.000,-1,675.000,750.000,-1,775.000,750.000,-1,-1,2,0,2,0,2,0,0,0,0,2,0,0,2,0,0,2,2
114,5967.508,-4923.206,-44.404,-181.414,-0.999694,-0.024669,-0.002024,0.024655,-0.999676,0.006329,-0.002179,0.006277,0.999978,0,0.80000,-0.38470,48.000,-0.769,-1,400.000,-1,375.000,-1,325.000,300.000,325.000,325.000,-1,625.000,700.000,-1,775.000,750.000,-1,-1,2,0,2,0,2,0,0,0,0,2,0,0,2,0,0,2,2
115,5914.755,-4920.974,-44.818,-182.423,-0.999106,-0.042276,-0.000833,0.042270,-0.999089,0.005780,-0.001077,0.005740,0.999983,0,0.88000,-0.50470,52.800,-1.009,-1,400.000,-1,375.000,-1,325.000,325.000,325.000,325.000,-1,575.000,650.000,-1,775.000,750.000,-1,-1,2,0,2,0,2,0,0,0,0,2,0,0,2,0,0,2,2
116,5857.263,-4917.452,-44.896,-183.506,-0.998129,-0.061146,-0.000540,0.061142,-0.998113,0.005651,-0.000885,0.005607,0.999984,0,0.96000,-0.54132,57.600,-1.083,-1,400.000,-1,400.000,-1,300.000,325.000,325.000,325.000,-1,600.000,675.000,-1,800.000,775.000,-1,-1,2,0,2,0,2,0,0,0,0,2,0,0,2,0,0,2,2
117,5797.458,-4912.637,-44.935,-184.602,-0.996776,-0.080240,-0.000418,0.080236,-0.996761,0.005424,-0.000852,0.005373,0.999985,0,0.99998,-0.54839,59.999,-1.097,-1,400.000,-1,400.000,-1,300.000,325.000,325.000,325.000,-1,650.000,725.000,-1,800.000,800.000,-1,-1,2,0,2,0,2,0,0,0,0,2,0,0,2,0,0,2,2
118,5738.050,-4906.694,-44.977,-185.713,-0.995033,-0.099541,-0.000275,0.099538,-0.995020,0.005261,-0.000797,0.005208,0.999986,0,0.99506,-0.55520,59.704,-1.110,-1,400.000,-1,400.000,-1,300.000,325.000,325.000,325.000,-1,700.000,750.000,-1,800.000,800.000,-1,-1,2,0,2,0,2,0,0,0,0,2,0,0,2,0,0,2,2
119,5679.091,-4899.627,-45.020,-186.836,-0.992892,-0.119019,-0.000108,0.119016,-0.992879,0.005168,-0.000722,0.005118,0.999987,0,0.98969,-0.56137,59.382,-1.123,-1,375.000,-1,400.000,-1,300.000,325.000,325.000,325.000,-1,750.000,800.000,-1,800.000,825.000,-1,-1,2,0,2,0,2,0,0,0,0,2,0,0,2,0,0,2,2
120,5620.626,-4891.442,-45.062,-187.969,-0.990343,-0.138642,0.000085,0.138641,-0.990329,0.005149,-0.000630,0.005111,0.999987,0,0.98391,-0.56691,59.035,-1.134,-1,375.000,-1,400.000,-1,300.000,325.000,325.000,325.000,-1,800.000,825.000,-1,825.000,850.000,-1,-1,2,0,2,0,2,0,0,0,0,2,0,0,2,0,0,2,2
121,5562.700,-4882.150,-45.102,-189.113,-0.987378,-0.158380,0.000306,0.158379,-0.987365,0.005210,-0.000522,0.005192,0.999986,0,0.97777,-0.57181,58.666,-1.144,-1,375.000,-1,400.000,-1,300.000,325.000,325.000,325.000,-1,825.000,875.000,-1,825.000,850.000,-1,-1,2,0,2,0,2,0,0,0,0,2,0,0,2,0,0,2,2
122,5505.354,-4871.765,-45.137,-190.265,-0.983994,-0.178201,0.000560,0.178201,-0.983980,0.005353,-0.000403,0.005367,0.999986,0,0.97132,-0.57606,58.279,-1.152,-1,400.000,-1,400.000,-1,325.000,325.000,325.000,325.000,-1,875.000,900.000,-1,850.000,875.000,-1,-1,2,0,2,0,2,0,0,0,0,2,0,0,2,0,0,2,2
123,5448.624,-4860.301,-45.166,-191.424,-0.980187,-0.198073,0.000849,0.198074,-0.980171,0.005583,-0.000274,0.005641,0.999984,0,0.96461,-0.57967,57.877,-1.159,-1,400.000,-1,400.000,-1,325.000,325.000,325.000,325.000,-1,925.000,925.000,-1,850.000,900.000,-1,-1,2,0,2,0,2,0,0,0,0,2,0,0,2,0,1,2,2
124,5392.543,-4847.776,-45.188,-192.590,-0.975956,-0.217965,0.001177,0.217968,-0.975938,0.005904,-0.000138,0.006018,0.999982,0,0.95771,-0.58264,57.463,-1.165,-1,400.000,-1,400.000,-1,325.000,325.000,325.000,325.000,-1,975.000,975.000,-1,850.000,-1,-1,-1,2,0,2,0,2,0,0,0,0,2,0,0,2,0,2,2,2
125,5337.140,-4834.209,-45.200,-193.760,-0.971302,-0.237845,0.001548,0.237850,-0.971281,0.006316,0.000001,0.006503,0.999979,0,0.95068,-0.58498,57.041,-1.170,-1,400.000,-1,425.000,-1,325.000,325.000,325.000,300.000,-1,1000.000,1000.000,-1,875.000,-1,-1,-1,2,0,2,0,2,0,0,0,0,2,0,0,2,0,2,2,2
126,5282.438,-4819.620,-45.307,-194.933,-0.966228,-0.257685,0.001348,0.257689,-0.966206,0.006542,-0.000383,0.006668,0.999978,0,0.94357,-0.58670,56.614,-1.173,-1,425.000,-1,425.000,-1,325.000,325.000,325.000,300.000,-1,-1,-1,-1,900.000,-1,-1,-1,2,0,2,0,2,0,0,0,0,2,2,2,2,0,2,2,2
127,5228.458,-4804.030,-45.646,-196.109,-0.960738,-0.277456,0.000136,0.277451,-0.960720,0.006149,-0.001576,0.005946,0.999981,0,0.93644,-0.58781,56.186,-1.176,-1,425.000,-1,425.000,-1,350.000,350.000,325.000,325.000,-1,-1,-1,-1,925.000,-1,-1,-1,2,0,2,0,2,0,0,0,0,2,2,2,2,0,2,2,2
128,5171.502,-4786.354,-46.018,-197.241,-0.955065,-0.296395,-0.001123,0.296383,-0.955051,0.005901,-0.002821,0.005303,0.999982,0,0.99392,-0.56636,59.635,-1.133,-1,425.000,-1,425.000,-1,350.000,350.000,325.000,325.000,-1,-1,-1,-1,925.000,-1,-1,-1,2,0,2,0,2,0,0,0,1,2,2,2,2,0,2,2,2
129,5115.202,-4767.639,-46.718,-198.388,-0.948939,-0.315448,-0.002845,0.315421,-0.948924,0.007231,-0.004981,0.005965,0.999970,0,0.98882,-0.57337,59.329,-1.147,-1,425.000,-1,425.000,-1,350.000,350.000,325.000,675.000,-1,-1,-1,-1,950.000,-1,-1,-1,2,0,2,0,2,0,0,0,1,2,2,2,2,0,2,2,2
130,5059.598,-4747.895,-47.761,-199.548,-0.942345,-0.334596,-0.005679,0.334543,-0.942341,0.008672,-0.008253,0.006272,0.999946,0,0.98342,-0.58010,59.005,-1.160,-1,425.000,-1,425.000,-1,350.000,350.000,325.000,800.000,-1,-1,-1,-1,925.000,-1,-1,-1,2,0,2,0,2,0,0,0,1,2,2,2,2,0,2,2,2
131,5004.727,-4727.138,-48.831,-200.721,-0.935275,-0.353818,-0.008571,0.353730,-0.935292,0.010236,-0.011638,0.006542,0.999911,0,0.97776,-0.58654,58.666,-1.173,-1,425.000,-1,425.000,-1,350.000,350.000,325.000,925.000,-1,-1,-1,-1,925.000,-1,-1,-1,2,0,2,0,2,0,0,0,1,2,2,2,2,0,2,2,2
132,4950.625,-4705.382,-49.911,-201.907,-0.927724,-0.373090,-0.011446,0.372961,-0.927770,0.011973,-0.015087,0.006839,0.999863,0,0.97187,-0.59271,58.312,-1.185,-1,425.000,-1,725.000,-1,325.000,350.000,325.000,-1,-1,-1,-1,-1,925.000,-1,-1,-1,2,0,2,1,2,0,0,0,2,2,2,2,2,0,2,2,2
133,4897.327,-4682.643,-51.002,-203.104,-0.919687,-0.392392,-0.014296,0.392212,-0.919770,0.013887,-0.018598,0.007164,0.999801,0,0.96576,-0.59860,57.946,-1.197,-1,425.000,-1,800.000,-1,325.000,325.000,325.000,-1,-1,-1,-1,-1,900.000,-1,-1,-1,2,0,2,1,2,0,0,0,2,2,2,2,2,0,2,2,2
134,4844.864,-4658.942,-52.102,-204.313,-0.911158,-0.411702,-0.017113,0.411460,-0.911288,0.015980,-0.022173,0.007519,0.999726,0,0.95947,-0.60422,57.568,-1.208,-1,425.000,-1,800.000,-1,325.000,325.000,325.000,-1,-1,-1,-1,-1,900.000,-1,-1,-1,2,0,2,1,2,0,0,0,2,2,2,2,2,0,2,2,2
135,4793.266,-4634.296,-53.210,-205.532,-0.902135,-0.430996,-0.019886,0.430682,-0.902319,0.018255,-0.025811,0.007904,0.999636,0,0.95302,-0.60957,57.181,-1.219,-1,425.000,-1,825.000,-1,325.000,325.000,325.000,-1,-1,-1,-1,-1,900.000,-1,-1,-1,2,0,2,1,2,0,0,0,2,2,2,2,2,0,2,2,2
136,4742.557,-4608.734,-58.003,-206.753,-0.892628,-0.450042,-0.026028,0.449023,-0.892751,0.037062,-0.039916,0.021395,0.998974,0,0.94644,-0.61066,56.786,-1.221,-1,400.000,-1,750.000,-1,300.000,300.000,325.000,-1,-1,-1,-1,-1,825.000,-1,-1,-1,2,0,2,1,2,0,0,0,2,2,2,2,2,0,2,2,2
