timestep,x_cm,y_cm,z_cm,yaw_deg,basis_xx,basis_xy,basis_xz,basis_yx,basis_yy,basis_yz,basis_zx,basis_zy,basis_zz,teleport_flag,throttle_cmd,steering_cmd,cmd_move_cm,cmd_turn_deg,lidar_cm_0,lidar_cm_1,lidar_cm_2,lidar_cm_3,lidar_cm_4,lidar_cm_5,lidar_cm_6,lidar_cm_7,lidar_cm_8,lidar_cm_9,lidar_cm_10,lidar_cm_11,lidar_cm_12,lidar_cm_13,lidar_cm_14,lidar_cm_15,lidar_cm_16,lidar_class_0,lidar_class_1,lidar_class_2,lidar_class_3,lidar_class_4,lidar_class_5,lidar_class_6,lidar_class_7,lidar_class_8,lidar_class_9,lidar_class_10,lidar_class_11,lidar_class_12,lidar_class_13,lidar_class_14,lidar_class_15,lidar_class_16
0,1639.680,7538.417,-200.957,-91.895,-0.029519,0.998104,-0.054018,-0.997319,-0.033029,-0.065291,-0.066951,0.051946,0.996403,1,0.08000,0.01139,4.800,0.023,-1,400.000,-1,425.000,-1,325.000,325.000,275.000,300.000,-1,-1,-1,650.000,925.000,975.000,-1,-1,2,0,2,0,2,0,0,0,0,2,2,2,1,0,0,2,2
1,1639.367,7528.822,-201.597,-91.869,-0.028999,0.998097,-0.054423,-0.997294,-0.032569,-0.065909,-0.067556,0.052365,0.996340,0,0.16000,0.01318,9.600,0.026,-1,400.000,-1,425.000,-1,325.000,325.000,275.000,300.000,-1,-1,-1,675.000,925.000,975.000,-1,-1,2,0,2,0,2,0,0,0,0,2,2,2,1,0,0,2,2
2,1638.906,7514.429,-202.557,-91.835,-0.028322,0.998083,-0.055030,-0.997251,-0.031984,-0.066836,-0.068468,0.052986,0.996245,0,0.24000,0.01677,14.400,0.034,-1,400.000,-1,425.000,-1,325.000,325.000,275.000,300.000,-1,-1,-1,700.000,925.000,975.000,-1,-1,2,0,2,0,2,0,0,0,0,2,2,2,1,0,0,2,2
3,1638.306,7495.238,-203.837,-91.791,-0.027426,0.998063,-0.055839,-0.997192,-0.031210,-0.068069,-0.069680,0.053815,0.996117,0,0.32000,0.02216,19.200,0.044,-1,400.000,-1,425.000,-1,325.000,325.000,275.000,300.000,-1,-1,-1,725.000,925.000,950.000,-1,-1,2,0,2,0,2,0,0,0,0,2,2,2,1,0,0,2,2
4,1637.581,7471.249,-205.438,-91.732,-0.026245,0.998038,-0.056846,-0.997118,-0.030185,-0.069607,-0.071186,0.054855,0.995954,0,0.40000,0.02938,24.000,0.059,-1,400.000,-1,425.000,-1,325.000,325.000,275.000,300.000,-1,-1,-1,750.000,925.000,950.000,-1,-1,2,0,2,0,2,0,0,0,0,2,2,2,1,0,0,2,2
5,1636.749,7442.461,-207.359,-91.655,-0.024713,0.998008,-0.058050,-0.997027,-0.028844,-0.071446,-0.072978,0.056111,0.995754,0,0.48000,0.03843,28.800,0.077,-1,400.000,-1,425.000,-1,325.000,325.000,275.000,300.000,-1,-1,-1,775.000,925.000,950.000,-1,-1,2,0,2,0,2,0,0,0,0,2,2,2,1,0,0,2,2
6,1635.837,7408.873,-209.599,-91.557,-0.022764,0.997972,-0.059446,-0.996920,-0.027123,-0.073583,-0.075046,0.057588,0.995516,0,0.56000,0.04935,33.600,0.099,-1,400.000,-1,425.000,-1,325.000,325.000,300.000,300.000,-1,-1,-1,825.000,925.000,925.000,-1,-1,2,0,2,0,2,0,0,0,0,2,2,2,1,0,0,2,2
7,1634.877,7370.484,-212.160,-91.432,-0.020329,0.997929,-0.061030,-0.996794,-0.024955,-0.076016,-0.077381,0.059289,0.995237,0,0.64000,0.06215,38.400,0.124,-1,425.000,-1,425.000,-1,325.000,325.000,300.000,300.000,-1,-1,-1,875.000,925.000,925.000,-1,-1,2,0,2,0,2,0,0,0,0,2,2,2,1,0,0,2,2
8,1634.009,7331.570,-214.753,-91.279,-0.017372,0.997886,-0.062618,-0.996668,-0.022275,-0.078469,-0.079698,0.061046,0.994948,0,0.64872,0.07687,38.923,0.154,-1,425.000,-1,425.000,-1,325.000,325.000,300.000,300.000,-1,-1,-1,925.000,900.000,900.000,-1,-1,2,0,2,0,2,0,0,0,0,2,2,2,1,0,0,2,2
9,1633.256,7292.124,-217.378,-91.095,-0.013883,0.997840,-0.064204,-0.996536,-0.019073,-0.080944,-0.081993,0.062858,0.994649,0,0.65756,0.09187,39.454,0.184,-1,425.000,-1,425.000,-1,325.000,325.000,300.000,300.000,-1,-1,-1,975.000,900.000,875.000,-1,-1,2,0,2,0,2,0,0,0,0,2,2,2,1,0,0,2,2
10,1632.410,7249.996,-220.185,-91.151,-0.014543,0.997715,-0.065973,-0.996297,-0.020050,-0.083603,-0.084735,0.064513,0.994313,0,0.70225,-0.02813,42.135,-0.056,-1,425.000,-1,425.000,-1,325.000,325.000,300.000,300.000,-1,-1,-1,-1,900.000,875.000,-1,-1,2,0,2,0,2,0,0,0,0,2,2,2,2,0,0,2,2
11,1631.330,7207.260,-223.518,-91.448,-0.019534,0.997592,-0.066541,-0.996016,-0.025209,-0.085537,-0.087008,0.064605,0.994111,0,0.71249,-0.14813,42.749,-0.296,-1,425.000,-1,425.000,-1,350.000,350.000,300.000,300.000,-1,-1,-1,-1,900.000,875.000,-1,-1,2,0,2,0,2,0,0,0,0,2,2,2,2,0,0,2,2
12,1629.826,7163.893,-227.947,-91.984,-0.028770,0.997374,-0.066466,-0.995568,-0.034546,-0.087466,-0.089532,0.063655,0.993948,0,0.72321,-0.26813,43.393,-0.536,-1,425.000,-1,425.000,-1,325.000,325.000,300.000,300.000,-1,-1,-1,-1,875.000,850.000,-1,-1,2,0,2,0,2,0,0,0,0,2,2,2,2,0,0,2,2
13,1627.703,7119.883,-232.488,-92.760,-0.042187,0.996899,-0.066421,-0.994830,-0.048059,-0.089459,-0.092373,0.062304,0.993773,0,0.73434,-0.38813,44.060,-0.776,-1,425.000,-1,425.000,-1,325.000,325.000,300.000,300.000,-1,-1,-1,-1,875.000,825.000,-1,-1,2,0,2,0,2,0,0,0,0,2,2,2,2,0,0,2,2
14,1624.755,7075.231,-237.144,-93.776,-0.059782,0.996000,-0.066413,-0.993633,-0.065740,-0.091493,-0.095493,0.060520,0.993589,0,0.74580,-0.50813,44.748,-1.016,-1,425.000,-1,400.000,-1,325.000,325.000,300.000,300.000,-1,-1,-1,-1,850.000,825.000,-1,-1,2,0,2,0,2,0,0,0,0,2,2,2,2,0,0,2,2
15,1620.858,7029.948,-241.917,-94.916,-0.079506,0.994615,-0.066478,-0.991933,-0.085544,-0.093550,-0.098733,0.058504,0.993393,0,0.75750,-0.56973,45.450,-1.139,-1,425.000,-1,400.000,-1,325.000,325.000,300.000,300.000,-1,-1,-1,-1,850.000,800.000,-1,-1,2,0,2,0,2,0,0,0,0,2,2,2,2,0,0,2,2
16,1616.015,6984.042,-246.803,-96.020,-0.098590,0.992895,-0.066636,-0.989896,-0.104709,-0.095608,-0.101906,0.056537,0.993186,0,0.76932,-0.55217,46.159,-1.104,-1,400.000,-1,400.000,-1,325.000,325.000,275.000,300.000,-1,-1,-1,-1,825.000,800.000,-1,-1,2,0,2,0,2,0,0,0,0,2,2,2,2,0,0,2,2
17,1610.230,6937.530,-251.802,-97.089,-0.117025,0.990874,-0.066881,-0.987562,-0.123225,-0.097657,-0.105007,0.054620,0.992970,0,0.78115,-0.53442,46.869,-1.069,-1,400.000,-1,400.000,-1,325.000,325.000,300.000,300.000,-1,-1,-1,-1,825.000,775.000,-1,-1,2,0,2,0,2,0,0,0,0,2,2,2,2,0,0,2,2
18,1603.506,6890.427,-256.911,-98.122,-0.134800,0.988591,-0.067206,-0.984966,-0.141082,-0.099686,-0.108030,0.052758,0.992747,0,0.79301,-0.51647,47.580,-1.033,-1,400.000,-1,400.000,-1,325.000,325.000,300.000,300.000,-1,-1,-1,-1,800.000,775.000,-1,-1,2,0,2,0,2,0,0,0,0,2,2,2,2,0,0,2,2
19,1595.851,6842.743,-262.131,-99.118,-0.151905,0.986080,-0.067605,-0.982146,-0.158271,-0.101685,-0.110970,0.050951,0.992517,0,0.80488,-0.49831,48.293,-0.997,-1,400.000,-1,400.000,-1,325.000,325.000,300.000,300.000,-1,-1,-1,-1,800.000,750.000,-1,-1,2,0,2,0,2,0,0,0,0,2,2,2,2,0,0,2,2
20,1587.274,6794.491,-267.460,-100.078,-0.168335,0.983377,-0.068070,-0.979136,-0.174783,-0.103647,-0.113822,0.049202,0.992282,0,0.81680,-0.47995,49.008,-0.960,-1,400.000,-1,400.000,-1,325.000,325.000,300.000,300.000,-1,-1,-1,-1,775.000,750.000,-1,-1,2,0,2,0,2,0,0,0,0,2,2,2,2,0,0,2,2
21,1577.783,6745.678,-272.897,-101.001,-0.184081,0.980515,-0.068593,-0.975973,-0.190613,-0.105562,-0.116580,0.047513,0.992044,0,0.82877,-0.46137,49.726,-0.923,-1,400.000,-1,400.000,-1,325.000,325.000,300.000,300.000,-1,-1,-1,-1,775.000,725.000,-1,-1,2,0,2,0,2,0,0,0,0,2,2,2,2,0,0,2,2
22,1567.392,6696.311,-278.441,-101.886,-0.199137,0.977528,-0.069167,-0.972690,-0.205753,-0.107423,-0.119240,0.045886,0.991805,0,0.84080,-0.44258,50.448,-0.885,-1,400.000,-1,375.000,-1,325.000,325.000,300.000,300.000,-1,-1,-1,-1,750.000,725.000,-1,-1,2,0,2,0,2,0,0,0,0,2,2,2,2,0,0,2,2
23,1556.214,6646.973,-284.027,-102.764,-0.214027,0.974332,-0.069784,-0.969204,-0.220722,-0.109202,-0.121802,0.044263,0.991567,0,0.84313,-0.43893,50.588,-0.878,-1,400.000,-1,375.000,-1,325.000,325.000,300.000,300.000,-1,-1,-1,-1,750.000,700.000,-1,-1,2,0,2,0,2,0,0,0,0,2,2,2,2,0,0,2,2
24,1544.281,6597.813,-289.978,-103.642,-0.229126,0.970961,-0.068822,-0.965596,-0.235654,-0.109965,-0.122990,0.041258,0.991550,0,0.84313,-0.43893,50.588,-0.878,-1,400.000,-1,375.000,-1,325.000,325.000,325.000,300.000,-1,-1,-1,-1,750.000,700.000,-1,-1,2,0,2,0,2,0,0,0,0,2,2,2,2,0,0,2,2
25,1531.597,6548.841,-295.959,-104.520,-0.244224,0.967353,-0.067694,-0.961829,-0.250532,-0.110085,-0.123450,0.038224,0.991614,0,0.84313,-0.43893,50.588,-0.878,-1,375.000,-1,375.000,-1,325.000,300.000,325.000,300.000,-1,-1,-1,-1,725.000,700.000,-1,-1,2,0,2,0,2,0,0,0,0,2,2,2,2,0,0,2,2
26,1518.165,6500.069,-302.027,-105.398,-0.259251,0.963500,-0.066752,-0.957862,-0.265351,-0.109952,-0.123651,0.035434,0.991693,0,0.84313,-0.43893,50.588,-0.878,-1,375.000,-1,375.000,-1,325.000,300.000,325.000,300.000,-1,-1,-1,-1,725.000,700.000,-1,-1,2,0,2,0,2,0,0,0,0,2,2,2,2,0,0,2,2
27,1503.987,6451.510,-308.234,-106.276,-0.274202,0.959399,-0.066078,-0.953742,-0.280104,-0.109166,-0.123242,0.033088,0.991825,0,0.84313,-0.43893,50.588,-0.878,-1,375.000,-1,375.000,-1,325.000,300.000,325.000,300.000,-1,-1,-1,-1,725.000,700.000,-1,-1,2,0,2,0,2,0,0,0,0,2,2,2,2,0,0,2,2
28,1489.066,6403.173,-314.423,-107.153,-0.289109,0.955070,-0.065239,-0.949398,-0.294794,-0.108354,-0.122718,0.030612,0.991969,0,0.84313,-0.43893,50.588,-0.878,-1,375.000,-1,375.000,-1,325.000,325.000,325.000,300.000,-1,-1,-1,-1,700.000,700.000,-1,-1,2,0,2,0,2,0,0,0,0,2,2,2,2,0,0,2,2
29,1473.407,6355.070,-320.616,-108.031,-0.303948,0.950511,-0.064376,-0.944824,-0.309414,-0.107562,-0.122157,0.028130,0.992112,0,0.84313,-0.43893,50.588,-0.878,-1,375.000,-1,375.000,-1,325.000,325.000,325.000,300.000,-1,-1,-1,-1,700.000,700.000,-1,-1,2,0,2,0,2,0,0,0,0,2,2,2,2,0,0,2,2
30,1457.013,6307.213,-326.807,-108.909,-0.318713,0.945722,-0.063503,-0.940026,-0.323962,-0.106767,-0.121545,0.025666,0.992254,0,0.84313,-0.43893,50.588,-0.878,-1,400.000,-1,375.000,-1,325.000,325.000,300.000,300.000,-1,-1,-1,-1,700.000,700.000,-1,-1,2,0,2,0,2,0,0,0,0,2,2,2,2,0,0,2,2
31,1439.888,6259.612,-332.993,-109.787,-0.333400,0.940704,-0.062616,-0.935003,-0.338434,-0.105981,-0.120888,0.023212,0.992395,0,0.84313,-0.43893,50.588,-0.878,-1,400.000,-1,375.000,-1,325.000,325.000,300.000,300.000,-1,-1,-1,-1,700.000,700.000,-1,-1,2,0,2,0,2,0,0,0,0,2,2,2,2,0,0,2,2
32,1422.035,6212.280,-339.173,-110.665,-0.348007,0.935459,-0.061714,-0.929756,-0.352826,-0.105204,-0.120189,0.020767,0.992534,0,0.84313,-0.43893,50.588,-0.878,-1,375.000,-1,375.000,-1,325.000,325.000,300.000,300.000,-1,-1,-1,-1,700.000,700.000,-1,-1,2,0,2,0,2,0,0,0,0,2,2,2,2,0,0,2,2
33,1403.460,6165.226,-345.343,-111.543,-0.362529,0.929987,-0.060799,-0.924286,-0.367134,-0.104438,-0.119448,0.018334,0.992671,0,0.84313,-0.43893,50.588,-0.878,-1,375.000,-1,375.000,-1,325.000,325.000,300.000,300.000,-1,-1,-1,-1,700.000,675.000,-1,-1,2,0,2,0,2,0,0,0,0,2,2,2,2,0,0,2,2
34,1384.166,6118.463,-351.501,-112.421,-0.376962,0.924292,-0.059871,-0.918596,-0.381355,-0.103685,-0.118667,0.015912,0.992807,0,0.84313,-0.43893,50.588,-0.878,-1,375.000,-1,375.000,-1,325.000,325.000,300.000,300.000,-1,-1,-1,-1,675.000,675.000,-1,-1,2,0,2,0,2,0,0,0,0,2,2,2,2,0,0,2,2
35,1364.157,6072.001,-357.644,-113.298,-0.391303,0.918373,-0.058930,-0.912685,-0.395485,-0.102945,-0.117848,0.013502,0.992940,0,0.84313,-0.43893,50.588,-0.878,-1,375.000,-1,375.000,-1,300.000,325.000,300.000,300.000,-1,-1,-1,-1,675.000,675.000,-1,-1,2,0,2,0,2,0,0,0,0,2,2,2,2,0,0,2,2
36,1343.440,6025.851,-363.707,-114.176,-0.405511,0.912230,-0.058281,-0.906548,-0.409520,-0.102297,-0.117186,0.011352,0.993045,0,0.84313,-0.43893,50.588,-0.878,-1,375.000,-1,375.000,-1,300.000,300.000,300.000,300.000,-1,-1,-1,-1,675.000,675.000,-1,-1,2,0,2,0,2,0,0,0,0,2,2,2,2,0,0,2,2
37,1322.017,5980.023,-369.597,-115.054,-0.419609,0.905868,-0.057725,-0.900207,-0.423457,-0.101545,-0.116431,0.009356,0.993155,0,0.84313,-0.43893,50.588,-0.878,-1,375.000,-1,375.000,-1,300.000,300.000,300.000,300.000,-1,675.000,-1,-1,675.000,675.000,-1,-1,2,0,2,0,2,0,0,0,0,2,0,2,2,0,0,2,2
38,1299.895,5934.530,-375.196,-115.932,-0.433551,0.899281,-0.057675,-0.893795,-0.437290,-0.099542,-0.114737,0.008393,0.993360,0,0.84313,-0.43893,50.588,-0.878,-1,375.000,-1,375.000,-1,300.000,300.000,300.000,300.000,-1,650.000,675.000,-1,675.000,675.000,-1,-1,2,0,2,0,2,0,0,0,0,2,0,0,2,0,0,2,2
39,1279.415,5893.578,-380.257,-116.570,-0.443628,0.894362,-0.057545,-0.889037,-0.447276,-0.097756,-0.113168,0.007792,0.993545,0,0.76313,-0.31893,45.788,-0.638,-1,375.000,-1,375.000,-1,300.000,300.000,325.000,300.000,-1,625.000,625.000,-1,675.000,675.000,-1,-1,2,0,2,0,2,0,0,0,0,2,0,0,2,0,0,2,2
40,1260.828,5857.048,-384.781,-116.968,-0.449896,0.891236,-0.057377,-0.886063,-0.453477,-0.096185,-0.111742,0.007566,0.993708,0,0.68313,-0.19893,40.988,-0.398,-1,375.000,-1,375.000,-1,300.000,300.000,325.000,300.000,-1,600.000,600.000,-1,675.000,675.000,-1,-1,2,0,2,0,2,0,0,0,0,2,0,0,2,0,0,2,2
41,1244.328,5824.841,-388.754,-117.126,-0.452394,0.889982,-0.057190,-0.884943,-0.455930,-0.094887,-0.110522,0.007684,0.993844,0,0.60313,-0.07893,36.188,-0.158,-1,375.000,-1,375.000,-1,300.000,300.000,325.000,300.000,-1,600.000,600.000,-1,675.000,675.000,-1,-1,2,0,2,0,2,0,0,0,0,2,0,0,2,0,0,2,2
42,1230.058,5796.886,-392.164,-117.044,-0.451139,0.890632,-0.056997,-0.885705,-0.454652,-0.093903,-0.109547,0.008120,0.993948,0,0.52313,0.04107,31.388,0.082,-1,375.000,-1,375.000,-1,300.000,300.000,325.000,300.000,-1,600.000,600.000,-1,675.000,675.000,-1,-1,2,0,2,0,2,0,0,0,0,2,0,0,2,0,0,2,2
43,1218.102,5773.138,-395.051,-116.721,-0.446114,0.893167,-0.056871,-0.888349,-0.449634,-0.093090,-0.108716,0.008993,0.994032,0,0.44313,0.16107,26.588,0.322,-1,375.000,-1,375.000,-1,300.000,300.000,325.000,300.000,-1,600.000,600.000,-1,675.000,675.000,-1,-1,2,0,2,0,2,0,0,0,0,2,0,0,2,0,0,2,2
44,1208.497,5753.582,-397.385,-116.159,-0.437306,0.897526,-0.056673,-0.892813,-0.440845,-0.092416,-0.107929,0.010184,0.994106,0,0.36313,0.28107,21.788,0.562,-1,375.000,-1,375.000,-1,300.000,300.000,325.000,300.000,-1,575.000,600.000,-1,675.000,675.000,-1,-1,2,0,2,0,2,0,0,0,0,2,0,0,2,0,0,2,2
45,1201.222,5738.231,-399.116,-115.357,-0.424688,0.903596,-0.056159,-0.898993,-0.428231,-0.091817,-0.107015,0.011493,0.994191,0,0.28313,0.40107,16.988,0.802,-1,375.000,-1,375.000,-1,300.000,300.000,325.000,300.000,-1,575.000,575.000,-1,650.000,675.000,-1,-1,2,0,2,0,2,0,0,0,0,2,0,0,2,0,0,2,2
46,1196.204,5727.125,-400.347,-114.315,-0.408134,0.911215,-0.055802,-0.906718,-0.411716,-0.091390,-0.106251,0.013297,0.994250,0,0.20313,0.52107,12.188,1.042,-1,375.000,-1,375.000,-1,300.000,300.000,325.000,300.000,-1,575.000,575.000,-1,650.000,675.000,-1,-1,2,0,2,0,2,0,0,0,0,2,0,0,2,0,0,2,2
47,1193.311,5720.327,-401.085,-113.053,-0.387876,0.920033,-0.055598,-0.915640,-0.391531,-0.091137,-0.105618,0.015558,0.994285,0,0.12313,0.63111,7.388,1.262,-1,375.000,-1,375.000,-1,300.000,300.000,325.000,300.000,-1,575.000,575.000,-1,650.000,675.000,-1,-1,2,0,2,0,2,0,0,0,0,2,0,0,2,0,0,2,2
48,1192.351,5717.925,-401.335,-111.791,-0.367411,0.928399,-0.055538,-0.924095,-0.371155,-0.091062,-0.105155,0.017865,0.994295,0,0.04313,0.63111,2.588,1.262,-1,375.000,-1,375.000,-1,300.000,300.000,325.000,300.000,-1,575.000,600.000,-1,650.000,675.000,-1,-1,2,0,2,0,2,0,0,0,0,2,0,0,2,0,0,2,2
49,1193.127,5719.997,-401.102,-110.528,-0.346750,0.936308,-0.055609,-0.932078,-0.350598,-0.091170,-0.104860,0.020218,0.994281,0,-0.03687,0.63111,-2.212,1.262,-1,375.000,-1,375.000,-1,300.000,300.000,325.000,300.000,-1,575.000,600.000,-1,650.000,675.000,-1,-1,2,0,2,0,2,0,0,0,0,2,0,0,2,0,0,2,2
50,1195.439,5726.608,-400.391,-109.266,-0.325903,0.943755,-0.055798,-0.939584,-0.329871,-0.091468,-0.104730,0.022617,0.994244,0,-0.11674,0.63111,-7.004,1.262,-1,375.000,-1,375.000,-1,300.000,300.000,325.000,300.000,-1,575.000,600.000,-1,650.000,675.000,-1,-1,2,0,2,0,2,0,0,0,0,2,0,0,2,0,0,2,2
51,1197.604,5733.269,-399.686,-108.004,-0.304899,0.950738,-0.055975,-0.946629,-0.308984,-0.091775,-0.104549,0.025005,0.994205,0,-0.11674,0.63111,-7.004,1.262,-1,375.000,-1,375.000,-1,300.000,300.000,325.000,300.000,-1,575.000,625.000,-1,650.000,675.000,-1,-1,2,0,2,0,2,0,0,0,0,2,0,0,2,0,0,2,2
52,1199.622,5739.977,-398.988,-106.742,-0.283747,0.957254,-0.056138,-0.953208,-0.287948,-0.092090,-0.104319,0.027381,0.994167,0,-0.11674,0.63111,-7.004,1.262,-1,375.000,-1,375.000,-1,300.000,300.000,325.000,300.000,-1,600.000,650.000,-1,675.000,675.000,-1,-1,2,0,2,0,2,0,0,0,0,2,0,0,2,0,0,2,2
53,1201.492,5746.727,-398.297,-105.479,-0.262459,0.963300,-0.056288,-0.959318,-0.266774,-0.092413,-0.104038,0.029743,0.994129,0,-0.11674,0.63111,-7.004,1.262,-1,375.000,-1,375.000,-1,300.000,300.000,325.000,300.000,-1,600.000,650.000,-1,675.000,675.000,-1,-1,2,0,2,0,2,0,0,0,0,2,0,0,2,0,0,2,2
54,1203.213,5753.516,-397.613,-104.217,-0.241044,0.968873,-0.056422,-0.964957,-0.245471,-0.092743,-0.103707,0.032090,0.994090,0,-0.11674,0.63111,-7.004,1.262,-1,375.000,-1,375.000,-1,300.000,300.000,325.000,300.000,-1,625.000,675.000,-1,675.000,675.000,-1,-1,2,0,2,0,2,0,0,0,0,2,0,0,2,0,0,2,2
55,1204.783,5760.342,-396.936,-102.955,-0.219515,0.973969,-0.056542,-0.970122,-0.224052,-0.093080,-0.103325,0.034420,0.994052,0,-0.11674,0.63111,-7.004,1.262,-1,375.000,-1,375.000,-1,300.000,300.000,325.000,300.000,-1,625.000,700.000,-1,675.000,675.000,-1,-1,2,0,2,0,2,0,0,0,0,2,0,0,2,0,0,2,2
56,1206.204,5767.201,-396.268,-101.693,-0.197882,0.978588,-0.056647,-0.974811,-0.202526,-0.093422,-0.102894,0.036733,0.994014,0,-0.11674,0.63111,-7.004,1.262,-1,375.000,-1,375.000,-1,300.000,300.000,325.000,300.000,-1,650.000,725.000,-1,675.000,675.000,-1,-1,2,0,2,0,2,0,0,0,0,2,0,0,2,0,0,2,2
57,1207.473,5774.089,-395.607,-100.430,-0.176155,0.982726,-0.056735,-0.979020,-0.180904,-0.093769,-0.102413,0.039026,0.993976,0,-0.11674,0.63111,-7.004,1.262,-1,375.000,-1,375.000,-1,300.000,300.000,325.000,300.000,-1,675.000,775.000,-1,675.000,675.000,-1,-1,2,0,2,0,2,0,0,0,0,2,0,0,2,0,0,2,2
58,1208.590,5781.004,-394.956,-99.168,-0.154346,0.986382,-0.056806,-0.982750,-0.159198,-0.094120,-0.101882,0.041299,0.993939,0,-0.11674,0.63111,-7.004,1.262,-1,375.000,-1,375.000,-1,300.000,300.000,325.000,300.000,-1,675.000,800.000,-1,675.000,675.000,-1,-1,2,0,2,0,2,0,0,0,0,2,0,0,2,0,0,2,2
59,1209.554,5787.942,-394.313,-97.906,-0.132466,0.989555,-0.056861,-0.985997,-0.137418,-0.094475,-0.101302,0.043550,0.993902,0,-0.11674,0.63111,-7.004,1.262,-1,375.000,-1,375.000,-1,300.000,300.000,325.000,300.000,-1,725.000,-1,-1,675.000,675.000,-1,-1,2,0,2,0,2,0,0,0,0,2,0,2,2,0,0,2,2
60,1210.365,5794.899,-393.680,-96.644,-0.110525,0.992243,-0.056898,-0.988762,-0.115575,-0.094831,-0.100672,0.045777,0.993866,0,-0.11674,0.63111,-7.004,1.262,-1,375.000,-1,375.000,-1,300.000,300.000,300.000,300.000,-1,750.000,-1,-1,675.000,675.000,-1,-1,2,0,2,0,2,0,0,0,0,2,0,2,2,0,0,2,2
61,1211.023,5801.872,-393.056,-95.382,-0.088535,0.994446,-0.056917,-0.991041,-0.093680,-0.095190,-0.099993,0.047980,0.993831,0,-0.11674,0.63111,-7.004,1.262,-1,375.000,-1,375.000,-1,300.000,300.000,300.000,300.000,-1,775.000,-1,-1,675.000,675.000,-1,-1,2,0,2,0,2,0,0,0,0,2,0,2,2,0,0,2,2
62,1211.528,5808.858,-392.442,-94.119,-0.066506,0.996161,-0.056919,-0.992836,-0.071744,-0.095548,-0.099265,0.050157,0.993796,0,-0.11674,0.63111,-7.004,1.262,-1,375.000,-1,375.000,-1,300.000,300.000,300.000,300.000,-1,-1,-1,-1,675.000,675.000,-1,-1,2,0,2,0,2,0,0,0,0,2,2,2,2,0,0,2,2
63,1211.878,5815.854,-391.836,-92.857,-0.044450,0.997390,-0.056895,-0.994144,-0.049777,-0.095914,-0.098495,0.052298,0.993762,0,-0.11674,0.63111,-7.004,1.262,-1,375.000,-1,375.000,-1,300.000,300.000,300.000,300.000,-1,-1,-1,-1,675.000,675.000,-1,-1,2,0,2,0,2,0,0,0,0,2,2,2,2,0,0,2,2
64,1212.074,5822.856,-391.223,-91.595,-0.022382,0.998135,-0.056785,-0.994961,-0.027791,-0.096333,-0.097732,0.054343,0.993728,0,-0.11674,0.63111,-7.004,1.262,-1,375.000,-1,375.000,-1,300.000,300.000,300.000,300.000,-1,-1,-1,-1,675.000,675.000,-1,-1,2,0,2,0,2,0,0,0,0,2,2,2,2,0,0,2,2
65,1212.116,5829.860,-390.620,-90.333,-0.000307,0.998394,-0.056655,-0.995292,-0.005796,-0.096747,-0.096920,0.056358,0.993695,0,-0.11674,0.63111,-7.004,1.262,-1,375.000,-1,375.000,-1,300.000,300.000,300.000,300.000,-1,-1,-1,-1,675.000,675.000,-1,-1,2,0,2,0,2,0,0,0,0,2,2,2,2,0,0,2,2
66,1212.004,5836.864,-390.028,-89.070,0.021762,0.998165,-0.056503,-0.995137,0.016196,-0.097156,-0.096062,0.058342,0.993664,0,-0.11674,0.63111,-7.004,1.262,-1,375.000,-1,375.000,-1,300.000,300.000,300.000,300.000,-1,-1,-1,-1,675.000,675.000,-1,-1,2,0,2,0,2,0,0,0,0,2,2,2,2,0,0,2,2
67,1211.737,5843.863,-389.447,-87.808,0.043814,0.997450,-0.056329,-0.994498,0.038175,-0.097557,-0.095158,0.060293,0.993635,0,-0.11674,0.63111,-7.004,1.262,-1,375.000,-1,375.000,-1,300.000,300.000,300.000,300.000,-1,-1,-1,-1,700.000,675.000,-1,-1,2,0,2,0,2,0,0,0,0,2,2,2,2,0,0,2,2
68,1211.317,5850.855,-388.871,-86.546,0.065836,0.996252,-0.056108,-0.993375,0.060131,-0.097926,-0.094185,0.062184,0.993611,0,-0.11674,0.63111,-7.004,1.262,-1,375.000,-1,375.000,-1,300.000,300.000,300.000,300.000,-1,-1,-1,-1,700.000,675.000,-1,-1,2,0,2,0,2,0,0,0,0,2,2,2,2,0,0,2,2
69,1210.742,5857.836,-388.292,-85.284,0.087814,0.994572,-0.055820,-0.991774,0.082053,-0.098241,-0.093127,0.063988,0.993596,0,-0.11674,0.63111,-7.004,1.262,-1,375.000,-1,375.000,-1,300.000,300.000,300.000,300.000,-1,-1,-1,-1,700.000,675.000,-1,-1,2,0,2,0,2,0,0,0,0,2,2,2,2,0,0,2,2
70,1210.014,5864.803,-387.727,-84.022,0.109743,0.992408,-0.055515,-0.989691,0.103930,-0.098543,-0.092025,0.065758,0.993583,0,-0.11674,0.63111,-7.004,1.262,-1,375.000,-1,375.000,-1,300.000,300.000,300.000,300.000,-1,-1,-1,-1,700.000,675.000,-1,-1,2,0,2,0,2,0,0,0,0,2,2,2,2,0,0,2,2
71,1209.729,5866.990,-387.531,-82.519,0.135754,0.989201,-0.055250,-0.986615,0.129892,-0.098586,-0.090345,0.067894,0.993594,0,-0.03674,0.75111,-2.204,1.502,-1,375.000,-1,375.000,-1,300.000,300.000,300.000,300.000,-1,-1,-1,-1,700.000,675.000,-1,-1,2,0,2,0,2,0,0,0,0,2,2,2,2,0,0,2,2
72,1210.147,5864.429,-387.702,-80.777,0.165782,0.984628,-0.054988,-0.982219,0.159880,-0.098412,-0.088108,0.070326,0.993625,0,0.04326,0.87111,2.596,1.742,-1,375.000,-1,375.000,-1,300.000,300.000,300.000,300.000,-1,-1,-1,-1,700.000,675.000,-1,-1,2,0,2,0,2,0,0,0,0,2,2,2,2,0,0,2,2
73,1211.586,5857.175,-388.254,-78.795,0.199732,0.978329,-0.054589,-0.976121,0.193806,-0.098115,-0.085409,0.072882,0.993677,0,0.12326,0.99111,7.396,1.982,-1,375.000,-1,375.000,-1,300.000,300.000,300.000,300.000,-1,-1,-1,-1,700.000,675.000,-1,-1,2,0,2,0,2,0,0,0,0,2,2,2,2,0,0,2,2
74,1214.375,5845.304,-389.169,-76.795,0.233718,0.970799,-0.054094,-0.968796,0.227791,-0.097705,-0.082530,0.075241,0.993744,0,0.20326,1.00000,12.196,2.000,-1,375.000,-1,375.000,-1,300.000,300.000,300.000,300.000,-1,-1,-1,-1,700.000,675.000,-1,-1,2,0,2,0,2,0,0,0,0,2,2,2,2,0,0,2,2
75,1218.834,5828.905,-390.421,-74.795,0.267396,0.962099,-0.053521,-0.960301,0.261490,-0.097181,-0.079502,0.077383,0.993827,0,0.28326,1.00000,16.996,2.000,-1,375.000,-1,375.000,-1,300.000,300.000,300.000,300.000,-1,-1,-1,-1,700.000,650.000,-1,-1,2,0,2,0,2,0,0,0,0,2,2,2,2,0,0,2,2
76,1225.283,5808.086,-391.985,-72.795,0.300728,0.952242,-0.052890,-0.950650,0.294863,-0.096541,-0.076335,0.079312,0.993923,0,0.36326,1.00000,21.796,2.000,-1,375.000,-1,375.000,-1,300.000,300.000,300.000,300.000,-1,-1,-1,-1,700.000,650.000,-1,-1,2,0,2,0,2,0,0,0,0,2,2,2,2,0,0,2,2
77,1234.034,5782.973,-393.763,-70.795,0.333683,0.941219,-0.052562,-0.939870,0.327863,-0.095661,-0.072805,0.081322,0.994025,0,0.44326,1.00000,26.596,2.000,-1,375.000,-1,375.000,-1,300.000,300.000,300.000,300.000,-1,-1,-1,-1,700.000,650.000,-1,-1,2,0,2,0,2,0,0,0,0,2,2,2,2,0,0,2,2
78,1245.392,5753.705,-395.758,-68.795,0.366219,0.929051,-0.052422,-0.927966,0.360452,-0.094625,-0.069015,0.083299,0.994132,0,0.52326,1.00000,31.396,2.000,-1,375.000,-1,375.000,-1,300.000,300.000,300.000,300.000,-1,-1,-1,-1,700.000,650.000,-1,-1,2,0,2,0,2,0,0,0,0,2,2,2,2,0,0,2,2
79,1259.656,5720.441,-397.956,-66.795,0.398295,0.915758,-0.052425,-0.914950,0.392592,-0.093472,-0.065016,0.085196,0.994241,0,0.60326,1.00000,36.196,2.000,-1,375.000,-1,375.000,-1,300.000,300.000,300.000,300.000,-1,-1,-1,-1,700.000,650.000,-1,-1,2,0,2,0,2,0,0,0,0,2,2,2,2,0,0,2,2
80,1277.116,5683.351,-400.297,-64.795,0.429875,0.901346,-0.052760,-0.900846,0.424241,-0.092179,-0.060703,0.087154,0.994344,0,0.68326,1.00000,40.996,2.000,-1,375.000,-1,375.000,-1,300.000,300.000,300.000,300.000,-1,-1,-1,-1,700.000,650.000,-1,-1,2,0,2,0,2,0,0,0,0,2,2,2,2,0,0,2,2
81,1298.055,5642.624,-402.773,-62.795,0.460918,0.885837,-0.053359,-0.885665,0.455360,-0.090800,-0.056137,0.089110,0.994439,0,0.76326,1.00000,45.796,2.000,-1,375.000,-1,375.000,-1,325.000,300.000,300.000,300.000,-1,-1,-1,-1,700.000,650.000,-1,-1,2,0,2,0,2,0,0,0,0,2,2,2,2,0,0,2,2
82,1321.711,5600.313,-405.254,-60.795,0.491390,0.869253,-0.054174,-0.869421,0.485912,-0.089423,-0.051408,0.091042,0.994519,0,0.80795,1.00000,48.477,2.000,-1,375.000,-1,375.000,-1,325.000,325.000,300.000,300.000,-1,-1,-1,-1,700.000,650.000,-1,-1,2,0,2,0,2,0,0,0,0,2,2,2,2,0,0,2,2
83,1349.124,5554.632,-407.837,-59.035,0.517689,0.853781,-0.055281,-0.854287,0.512298,-0.088001,-0.046813,0.092783,0.994585,0,0.88795,0.88000,53.277,1.760,-1,375.000,-1,375.000,-1,325.000,325.000,300.000,300.000,-1,-1,-1,-1,700.000,650.000,-1,-1,2,0,2,0,2,0,0,0,0,2,2,2,2,0,0,2,2
84,1379.980,5506.175,-410.439,-57.515,0.539985,0.839781,-0.056432,-0.840599,0.534694,-0.086574,-0.042529,0.094186,0.994646,0,0.95749,0.76000,57.449,1.520,-1,375.000,-1,375.000,-1,325.000,325.000,300.000,300.000,-1,1000.000,-1,-1,700.000,650.000,-1,-1,2,0,2,0,2,0,0,0,0,2,0,2,2,0,0,2,2
85,1411.911,5458.419,-412.899,-56.235,0.558448,0.827538,-0.057593,-0.828638,0.553260,-0.085214,-0.038654,0.095312,0.994697,0,0.95749,0.64000,57.449,1.280,-1,375.000,-1,375.000,-1,325.000,325.000,300.000,300.000,-1,875.000,900.000,-1,700.000,650.000,-1,-1,2,0,2,0,2,0,0,0,0,2,0,0,2,0,0,2,2
86,1444.702,5411.249,-415.020,-55.195,0.573237,0.817354,-0.057715,-0.818605,0.568186,-0.083967,-0.035838,0.095379,0.994796,0,0.95749,0.52000,57.449,1.040,-1,375.000,-1,375.000,1000.000,325.000,325.000,300.000,300.000,-1,825.000,875.000,-1,700.000,650.000,-1,-1,2,0,2,0,0,0,0,0,0,2,0,0,2,0,0,2,2
87,1478.149,5364.541,-416.998,-54.395,0.584471,0.809367,-0.057603,-0.810720,0.579561,-0.082717,-0.033564,0.095045,0.994907,0,0.95749,0.40000,57.449,0.800,-1,375.000,-1,375.000,1000.000,325.000,300.000,300.000,300.000,-1,825.000,850.000,-1,700.000,625.000,-1,-1,2,0,2,0,0,0,0,0,0,2,0,0,2,0,0,2,2
88,1512.050,5318.161,-418.840,-53.835,0.592218,0.803725,-0.057478,-0.805169,0.587488,-0.080998,-0.031333,0.094249,0.995056,0,0.95749,0.28000,57.449,0.560,-1,375.000,-1,375.000,1000.000,325.000,300.000,300.000,300.000,-1,800.000,825.000,-1,675.000,625.000,-1,-1,2,0,2,0,0,0,0,0,0,2,0,0,2,0,0,2,2
89,1546.208,5271.971,-420.238,-53.515,0.596465,0.800617,-0.056937,-0.802144,0.592105,-0.077303,-0.028178,0.091780,0.995381,0,0.95749,0.16000,57.449,0.320,-1,375.000,-1,375.000,-1,300.000,300.000,300.000,300.000,-1,675.000,725.000,-1,675.000,625.000,-1,-1,2,0,2,0,2,0,0,0,0,2,0,0,2,0,0,2,2
90,1580.431,5225.828,-421.647,-53.435,0.597369,0.799976,-0.056476,-0.801566,0.593360,-0.073594,-0.025363,0.089231,0.995688,0,0.95749,0.04000,57.449,0.080,-1,375.000,-1,375.000,-1,300.000,300.000,300.000,300.000,-1,575.000,675.000,-1,675.000,650.000,-1,-1,2,0,2,0,2,0,0,0,0,2,0,0,2,0,0,2,2
91,1614.524,5179.589,-423.086,-53.595,0.594936,0.801817,-0.056045,-0.803447,0.591262,-0.069869,-0.022885,0.086597,0.995981,0,0.95749,-0.08000,57.449,-0.160,-1,375.000,-1,375.000,-1,300.000,300.000,300.000,300.000,-1,500.000,625.000,-1,675.000,650.000,-1,-1,2,0,2,0,2,0,0,0,0,2,0,0,2,0,0,2,2
92,1648.295,5133.114,-424.348,-53.995,0.589196,0.806055,-0.055882,-0.807706,0.585745,-0.067189,-0.021425,0.084724,0.996174,0,0.95749,-0.20000,57.449,-0.400,-1,375.000,-1,375.000,-1,300.000,300.000,300.000,300.000,-1,500.000,600.000,-1,675.000,650.000,-1,-1,2,0,2,0,2,0,0,0,0,2,0,0,2,0,0,2,2
93,1681.545,5086.264,-425.387,-54.635,0.580053,0.812669,-0.055745,-0.814322,0.576791,-0.064743,-0.020461,0.082949,0.996344,0,0.95749,-0.32000,57.449,-0.640,-1,375.000,-1,375.000,-1,300.000,300.000,300.000,300.000,-1,500.000,575.000,-1,675.000,650.000,-1,-1,2,0,2,0,2,0,0,0,0,2,0,0,2,0,0,2,2
94,1714.071,5038.909,-426.496,-55.515,0.567414,0.821557,-0.055553,-0.823193,0.564328,-0.062350,-0.019874,0.081109,0.996507,0,0.95749,-0.44000,57.449,-0.880,-1,375.000,-1,375.000,-1,300.000,300.000,300.000,300.000,-1,500.000,575.000,-1,650.000,650.000,-1,-1,2,0,2,0,2,0,0,0,0,2,0,0,2,0,0,2,2
95,1745.667,4990.928,-427.249,-56.635,0.551117,0.832437,-0.057609,-0.834230,0.548166,-0.059789,-0.018192,0.081010,0.996547,0,0.95749,-0.56000,57.449,-1.120,-1,375.000,-1,375.000,-1,300.000,300.000,300.000,300.000,-1,475.000,550.000,-1,675.000,650.000,-1,-1,2,0,2,0,2,0,0,0,0,2,0,0,2,0,0,2,2
96,1776.116,4942.211,-428.062,-57.995,0.531073,0.845213,-0.059803,-0.847161,0.528254,-0.057147,-0.016710,0.081012,0.996573,0,0.95749,-0.68000,57.449,-1.360,-1,375.000,-1,375.000,-1,300.000,300.000,300.000,300.000,-1,475.000,525.000,-1,675.000,650.000,-1,-1,2,0,2,0,2,0,0,0,0,2,0,0,2,0,0,2,2
97,1805.245,4892.693,-428.992,-59.533,0.508065,0.859092,-0.061900,-0.861180,0.505379,-0.054412,-0.015462,0.080952,0.996598,0,0.95749,-0.76905,57.449,-1.538,-1,375.000,-1,375.000,-1,300.000,300.000,300.000,300.000,-1,450.000,500.000,-1,675.000,650.000,-1,-1,2,0,2,0,2,0,0,0,0,2,0,0,2,0,0,2,2
98,1833.036,4842.412,-430.047,-61.071,0.484684,0.872354,-0.063876,-0.874574,0.482141,-0.051576,-0.014195,0.080862,0.996624,0,0.95749,-0.76905,57.449,-1.538,-1,375.000,-1,375.000,-1,300.000,300.000,300.000,300.000,-1,425.000,425.000,-1,700.000,675.000,-1,-1,2,0,2,0,2,0,0,0,0,2,0,0,2,0,0,2,2
99,1859.466,4791.403,-431.227,-62.609,0.460948,0.884990,-0.065725,-0.887333,0.458556,-0.048641,-0.012908,0.080741,0.996652,0,0.95749,-0.76905,57.449,-1.538,-1,375.000,-1,375.000,-1,325.000,300.000,300.000,300.000,-1,375.000,400.000,-1,700.000,675.000,-1,-1,2,0,2,0,2,0,0,0,0,2,0,0,2,0,0,2,2
100,1884.518,4739.702,-432.530,-64.147,0.436875,0.896990,-0.067443,-0.899447,0.434642,-0.045614,-0.011602,0.080589,0.996680,0,0.95749,-0.76905,57.449,-1.538,-1,375.000,-1,375.000,-1,325.000,300.000,325.000,300.000,-1,350.000,350.000,-1,725.000,675.000,-1,-1,2,0,2,0,2,0,0,0,0,2,0,0,2,0,0,2,2
101,1908.171,4687.347,-433.485,-65.685,0.412558,0.908472,-0.066894,-0.910857,0.410471,-0.043047,-0.011649,0.078691,0.996831,0,0.95749,-0.76905,57.449,-1.538,-1,375.000,-1,375.000,-1,325.000,300.000,300.000,300.000,-1,350.000,375.000,-1,725.000,675.000,-1,-1,2,0,2,0,2,0,0,0,0,2,0,0,2,0,0,2,2
102,1930.411,4634.376,-434.387,-67.223,0.387909,0.919325,-0.066098,-0.921629,0.386006,-0.039983,-0.011244,0.076427,0.997012,0,0.95749,-0.76905,57.449,-1.538,-1,375.000,-1,375.000,-1,325.000,300.000,300.000,300.000,-1,350.000,375.000,-1,725.000,700.000,-1,-1,2,0,2,0,2,0,0,0,0,2,0,0,2,0,0,2,2
103,1951.220,4580.828,-435.255,-68.762,0.362945,0.929543,-0.064966,-0.931753,0.361264,-0.036394,-0.010360,0.073741,0.997224,0,0.95749,-0.76905,57.449,-1.538,-1,400.000,-1,375.000,-1,325.000,325.000,300.000,300.000,-1,325.000,375.000,-1,725.000,700.000,-1,-1,2,0,2,0,2,0,0,0,0,2,0,0,2,0,0,2,2
104,1970.584,4526.739,-436.251,-70.300,0.337724,0.939092,-0.063630,-0.941197,0.336250,-0.032916,-0.009515,0.071004,0.997431,0,0.95749,-0.76905,57.449,-1.538,-1,400.000,-1,375.000,-1,325.000,325.000,300.000,300.000,-1,325.000,375.000,-1,750.000,725.000,-1,-1,2,0,2,0,2,0,0,0,0,2,0,0,2,0,0,2,2
105,1988.491,4472.152,-436.761,-71.838,0.312391,0.947839,-0.063351,-0.949896,0.310942,-0.031826,-0.010467,0.070119,0.997484,0,0.95749,-0.76905,57.449,-1.538,-1,400.000,-1,375.000,-1,325.000,325.000,300.000,300.000,-1,375.000,425.000,-1,750.000,725.000,-1,-1,2,0,2,0,2,0,0,0,0,2,0,0,2,0,0,2,2
106,2004.926,4417.103,-437.283,-73.376,0.286825,0.955895,-0.063213,-0.957917,0.285404,-0.030670,-0.011276,0.069350,0.997529,0,0.95749,-0.76905,57.449,-1.538,-1,400.000,-1,375.000,-1,325.000,325.000,300.000,300.000,-1,400.000,450.000,-1,775.000,725.000,-1,-1,2,0,2,0,2,0,0,0,0,2,0,0,2,0,0,2,2
107,2018.841,4366.325,-437.862,-74.674,0.265082,0.962166,-0.062997,-0.964152,0.263689,-0.029632,-0.011899,0.068593,0.997574,0,0.87749,-0.64905,52.649,-1.298,-1,400.000,-1,375.000,-1,325.000,325.000,300.000,300.000,-1,450.000,475.000,-1,775.000,725.000,-1,-1,2,0,2,0,2,0,0,0,0,2,0,0,2,0,0,2,2
108,2030.732,4319.565,-438.465,-75.732,0.247251,0.966918,-0.062740,-0.968873,0.245889,-0.028698,-0.012322,0.067882,0.997617,0,0.80414,-0.52905,48.248,-1.058,-1,400.000,-1,375.000,-1,325.000,325.000,300.000,300.000,-1,475.000,500.000,-1,800.000,725.000,-1,-1,2,0,2,0,2,0,0,0,0,2,0,0,2,0,0,2,2
109,2041.806,4272.604,-439.137,-76.730,0.230348,0.971104,-0.062427,-0.973026,0.229017,-0.027784,-0.012684,0.067143,0.997663,0,0.80414,-0.49912,48.248,-0.998,-1,400.000,-1,375.000,-1,325.000,325.000,300.000,300.000,-1,500.000,550.000,-1,825.000,725.000,-1,-1,2,0,2,0,2,0,0,0,0,2,0,0,2,0,0,2,2
110,2052.060,4225.457,-439.877,-77.729,0.213374,0.974998,-0.062053,-0.976883,0.212076,-0.026890,-0.013057,0.066356,0.997711,0,0.80414,-0.49912,48.248,-0.998,-1,400.000,-1,375.000,-1,325.000,325.000,300.000,300.000,-1,525.000,575.000,-1,825.000,725.000,-1,-1,2,0,2,0,2,0,0,0,0,2,0,0,2,0,0,2,2
111,2061.492,4178.140,-440.681,-78.727,0.196336,0.978598,-0.061622,-0.980445,0.195068,-0.026013,-0.013436,0.065524,0.997761,0,0.80414,-0.49912,48.248,-0.998,-1,400.000,-1,400.000,-1,325.000,325.000,300.000,300.000,-1,550.000,600.000,-1,850.000,725.000,-1,-1,2,0,2,0,2,0,0,0,0,2,0,0,2,0,0,2,2
112,2070.097,4130.665,-441.549,-79.725,0.179237,0.981905,-0.061136,-0.983709,0.178000,-0.025154,-0.013816,0.064648,0.997812,0,0.80414,-0.49912,48.248,-0.998,-1,400.000,-1,400.000,-1,325.000,325.000,300.000,300.000,-1,600.000,625.000,-1,850.000,725.000,-1,-1,2,0,2,0,2,0,0,0,0,2,0,0,2,0,0,2,2
113,2077.874,4083.047,-442.479,-80.723,0.162082,0.984915,-0.060596,-0.986675,0.160876,-0.024308,-0.014193,0.063729,0.997866,0,0.80414,-0.49912,48.248,-0.998,-1,400.000,-1,400.000,-1,325.000,325.000,300.000,300.000,-1,625.000,650.000,-1,875.000,725.000,-1,-1,2,0,2,0,2,0,0,0,0,2,0,0,2,0,0,2,2
114,2084.821,4035.301,-443.424,-81.721,0.144887,0.987617,-0.060161,-0.989339,0.143700,-0.023641,-0.014703,0.062945,0.997909,0,0.80414,-0.49912,48.248,-0.998,-1,425.000,-1,400.000,-1,325.000,325.000,300.000,300.000,-1,650.000,675.000,-1,875.000,725.000,-1,-1,2,0,2,0,2,0,0,0,0,2,0,0,2,0,0,2,2
115,2090.934,3987.441,-444.419,-82.720,0.127649,0.990020,-0.059710,-0.991703,0.126478,-0.023005,-0.015224,0.062151,0.997951,0,0.80414,-0.49912,48.248,-0.998,-1,425.000,-1,400.000,-1,325.000,325.000,300.000,300.000,-1,675.000,700.000,-1,900.000,725.000,-1,-1,2,0,2,0,2,0,0,0,0,2,0,0,2,0,0,2,2
116,2096.213,3939.482,-445.303,-83.718,0.110386,0.992165,-0.058514,-0.993757,0.109221,-0.022756,-0.016186,0.060661,0.998027,0,0.80414,-0.49912,48.248,-0.998,-1,425.000,-1,400.000,-1,325.000,325.000,300.000,300.000,-1,700.000,750.000,-1,900.000,725.000,-1,-1,2,0,2,0,2,0,0,0,0,2,0,0,2,0,0,2,2
117,2100.654,3891.438,-446.198,-84.716,0.093107,0.994025,-0.056970,-0.995501,0.091930,-0.022963,-0.017589,0.058852,0.998112,0,0.80414,-0.49912,48.248,-0.998,-1,425.000,-1,400.000,-1,325.000,325.000,300.000,300.000,-1,750.000,800.000,-1,900.000,725.000,-1,-1,2,0,2,0,2,0,0,0,0,2,0,0,2,0,0,2,2
118,2104.258,3843.324,-447.270,-85.714,0.075818,0.995611,-0.054873,-0.996930,0.074608,-0.023765,-0.019567,0.056507,0.998210,0,0.80414,-0.49912,48.248,-0.998,-1,425.000,-1,375.000,-1,325.000,325.000,300.000,300.000,-1,825.000,850.000,-1,900.000,725.000,-1,-1,2,0,2,0,2,0,0,0,0,2,0,0,2,0,0,2,2
119,2107.023,3795.155,-448.398,-86.713,0.058491,0.996893,-0.052760,-0.998057,0.057259,-0.024562,-0.021465,0.054094,0.998305,0,0.80414,-0.49912,48.248,-0.998,-1,425.000,-1,375.000,-1,325.000,325.000,300.000,300.000,-1,875.000,925.000,-1,900.000,700.000,-1,-1,2,0,2,0,2,0,0,0,0,2,0,0,2,0,0,2,2
120,2108.948,3746.945,-449.579,-87.711,0.041133,0.997870,-0.050628,-0.998883,0.039888,-0.025349,-0.023276,0.051614,0.998396,0,0.80414,-0.49912,48.248,-0.998,-1,425.000,-1,375.000,-1,325.000,325.000,275.000,300.000,-1,950.000,975.000,-1,875.000,700.000,-1,-1,2,0,2,0,2,0,0,0,0,2,0,0,2,0,0,2,2
121,2110.033,3698.708,-450.807,-88.709,0.023748,0.998542,-0.048476,-0.999405,0.022501,-0.026124,-0.024996,0.049067,0.998483,0,0.80414,-0.49912,48.248,-0.998,-1,425.000,-1,375.000,1000.000,325.000,325.000,275.000,300.000,-1,1000.000,-1,-1,875.000,675.000,-1,-1,2,0,2,0,0,0,0,0,0,2,0,2,2,0,0,2,2
122,2110.278,3650.461,-452.077,-89.707,0.006343,0.998907,-0.046301,-0.999626,0.005101,-0.026884,-0.026618,0.046454,0.998566,0,0.80414,-0.49912,48.248,-0.998,-1,425.000,-1,375.000,950.000,325.000,325.000,275.000,300.000,-1,-1,-1,-1,875.000,675.000,-1,-1,2,0,2,0,0,0,0,0,0,2,2,2,2,0,0,2,2
123,2109.683,3602.216,-453.385,-90.706,-0.011077,0.998966,-0.044100,-0.999543,-0.012303,-0.027625,-0.028139,0.043774,0.998645,0,0.80414,-0.49912,48.248,-0.998,-1,425.000,-1,375.000,925.000,325.000,325.000,275.000,300.000,-1,-1,-1,-1,875.000,675.000,-1,-1,2,0,2,0,0,0,0,0,0,2,2,2,2,0,0,2,2
124,2108.247,3553.989,-454.726,-91.704,-0.028508,0.998716,-0.041871,-0.999157,-0.029709,-0.028345,-0.029553,0.041027,0.998721,0,0.80414,-0.49912,48.248,-0.998,-1,425.000,-1,375.000,900.000,325.000,325.000,275.000,300.000,-1,-1,-1,-1,850.000,650.000,-1,-1,2,0,2,0,0,0,0,0,0,2,2,2,2,0,0,2,2
125,2106.183,3506.025,-456.084,-92.462,-0.041763,0.998341,-0.039640,-0.998657,-0.042927,-0.028994,-0.030648,0.038376,0.998793,0,0.80014,-0.37912,48.008,-0.758,-1,425.000,-1,375.000,875.000,325.000,325.000,300.000,300.000,-1,-1,-1,-1,850.000,650.000,-1,-1,2,0,2,0,0,0,0,0,0,2,2,2,2,0,0,2,2
126,2103.640,3458.084,-457.456,-93.035,-0.051786,0.997958,-0.037394,-0.998161,-0.052905,-0.029584,-0.031502,0.035793,0.998863,0,0.80014,-0.28624,48.008,-0.572,-1,425.000,-1,375.000,850.000,325.000,300.000,300.000,300.000,-1,-1,-1,-1,850.000,650.000,-1,-1,2,0,2,0,0,0,0,0,0,2,2,2,2,0,0,2,2
127,2100.619,3410.171,-458.836,-93.607,-0.061812,0.997470,-0.035120,-0.997566,-0.062879,-0.030154,-0.032286,0.033170,0.998928,0,0.80014,-0.28624,48.008,-0.572,-1,425.000,-1,375.000,850.000,325.000,300.000,300.000,300.000,-1,-1,-1,-1,850.000,650.000,-1,1000.000,2,0,2,0,0,0,0,0,0,2,2,2,2,0,0,2,0
128,2097.119,3362.290,-460.220,-94.180,-0.071839,0.996876,-0.032816,-0.996870,-0.072849,-0.030702,-0.032996,0.030508,0.998990,0,0.80014,-0.28624,48.008,-0.572,-1,425.000,-1,350.000,825.000,325.000,300.000,300.000,300.000,-1,-1,-1,-1,825.000,625.000,-1,975.000,2,0,2,0,0,0,0,0,0,2,2,2,2,0,0,2,0
129,2093.141,3314.447,-461.607,-94.752,-0.081865,0.996177,-0.030481,-0.996076,-0.082812,-0.031226,-0.033631,0.027805,0.999047,0,0.80014,-0.28624,48.008,-0.572,-1,400.000,-1,350.000,800.000,325.000,300.000,300.000,300.000,-1,-1,-1,-1,825.000,625.000,-1,950.000,2,0,2,0,0,0,0,0,0,2,2,2,2,0,0,2,0
130,2088.685,3266.646,-463.148,-95.325,-0.091932,0.995388,-0.027418,-0.995204,-0.092770,-0.031023,-0.033424,0.024434,0.999143,0,0.80014,-0.28624,48.008,-0.572,-1,400.000,-1,350.000,800.000,325.000,300.000,300.000,300.000,-1,-1,-1,-1,825.000,625.000,-1,925.000,2,0,2,0,0,0,0,0,0,2,2,2,2,0,0,2,0
131,2083.752,3218.892,-464.621,-95.897,-0.102002,0.994492,-0.024100,-0.994237,-0.102719,-0.030676,-0.032983,0.020832,0.999239,0,0.80014,-0.28624,48.008,-0.572,-1,400.000,-1,350.000,800.000,325.000,300.000,300.000,300.000,-1,-1,-1,-1,800.000,625.000,-1,925.000,2,0,2,0,0,0,0,0,0,2,2,2,2,0,0,2,0
132,2078.340,3171.162,-466.070,-96.468,-0.112042,0.993489,-0.020653,-0.993174,-0.112636,-0.030290,-0.032419,0.017118,0.999328,0,0.80061,-0.28561,48.036,-0.571,-1,400.000,-1,350.000,800.000,325.000,300.000,300.000,300.000,-1,-1,-1,-1,800.000,625.000,-1,900.000,2,0,2,0,0,0,0,0,0,2,2,2,2,0,0,2,0
133,2072.455,3121.807,-467.553,-96.799,-0.117914,0.992877,-0.017049,-0.992520,-0.118384,-0.029833,-0.031639,0.013404,0.999409,0,0.82841,-0.16561,49.705,-0.331,-1,400.000,-1,350.000,800.000,325.000,300.000,300.000,300.000,-1,-1,-1,-1,800.000,625.000,-1,900.000,2,0,2,0,0,0,0,0,0,2,2,2,2,0,0,2,0
134,2066.475,3072.323,-469.013,-96.891,-0.119620,0.992729,-0.013419,-0.992345,-0.119970,-0.029308,-0.030704,0.009811,0.999480,0,0.83073,-0.04561,49.844,-0.091,-1,400.000,-1,350.000,800.000,325.000,300.000,300.000,300.000,-1,-1,-1,-1,775.000,625.000,-1,900.000,2,0,2,0,0,0,0,0,0,2,2,2,2,0,0,2,0
135,2060.608,3022.695,-470.390,-96.742,-0.117154,0.993064,-0.009970,-0.992676,-0.117394,-0.028515,-0.029487,0.006556,0.999544,0,0.83288,0.07439,49.973,0.149,-1,400.000,-1,350.000,800.000,325.000,300.000,300.000,300.000,-1,-1,-1,-1,775.000,625.000,-1,925.000,2,0,2,0,0,0,0,0,0,2,2,2,2,0,0,2,0
