timestep,x_cm,y_cm,z_cm,yaw_deg,basis_xx,basis_xy,basis_xz,basis_yx,basis_yy,basis_yz,basis_zx,basis_zy,basis_zz,teleport_flag,throttle_cmd,steering_cmd,cmd_move_cm,cmd_turn_deg,lidar_cm_0,lidar_cm_1,lidar_cm_2,lidar_cm_3,lidar_cm_4,lidar_cm_5,lidar_cm_6,lidar_cm_7,lidar_cm_8,lidar_cm_9,lidar_cm_10,lidar_cm_11,lidar_cm_12,lidar_cm_13,lidar_cm_14,lidar_cm_15,lidar_cm_16,lidar_class_0,lidar_class_1,lidar_class_2,lidar_class_3,lidar_class_4,lidar_class_5,lidar_class_6,lidar_class_7,lidar_class_8,lidar_class_9,lidar_class_10,lidar_class_11,lidar_class_12,lidar_class_13,lidar_class_14,lidar_class_15,lidar_class_16
0,2952.686,6891.981,-401.783,-101.857,-0.206336,0.978427,0.010282,-0.976968,-0.205421,-0.057749,-0.054392,-0.021961,0.998278,1,-0.08000,0.12000,-4.800,0.240,1000.000,375.000,-1,375.000,725.000,300.000,300.000,300.000,325.000,-1,525.000,500.000,-1,625.000,625.000,975.000,900.000,0,0,2,0,1,0,0,0,0,2,0,0,2,0,0,0,1
1,2954.580,6901.392,-401.247,-101.377,-0.198128,0.980123,0.010167,-0.978622,-0.197219,-0.058342,-0.055177,-0.021508,0.998245,0,-0.16000,0.24000,-9.600,0.480,1000.000,375.000,-1,375.000,725.000,300.000,300.000,300.000,325.000,-1,525.000,500.000,-1,625.000,625.000,975.000,900.000,0,0,2,0,1,0,0,0,0,2,0,0,2,0,0,0,1
2,2957.243,6915.544,-400.439,-100.657,-0.185790,0.982538,0.010018,-0.980972,-0.184890,-0.059238,-0.056352,-0.020834,0.998194,0,-0.24000,0.36000,-14.400,0.720,1000.000,375.000,-1,375.000,750.000,300.000,300.000,300.000,325.000,-1,550.000,500.000,-1,625.000,625.000,975.000,925.000,0,0,2,0,1,0,0,0,0,2,0,0,2,0,0,0,1
3,2959.687,6929.847,-399.613,-99.697,-0.169291,0.985516,0.009915,-0.983881,-0.168405,-0.060154,-0.057613,-0.019938,0.998140,0,-0.24184,0.48000,-14.510,0.960,-1,375.000,-1,375.000,750.000,300.000,300.000,300.000,325.000,-1,550.000,500.000,-1,625.000,625.000,975.000,950.000,2,0,2,0,1,0,0,0,0,2,0,0,2,0,0,0,1
4,2961.837,6944.242,-398.772,-98.497,-0.148599,0.988848,0.009869,-0.987139,-0.147732,-0.061086,-0.058947,-0.018819,0.998084,0,-0.24259,0.60000,-14.555,1.200,-1,375.000,-1,375.000,775.000,300.000,300.000,300.000,325.000,-1,550.000,525.000,-1,625.000,625.000,975.000,975.000,2,0,2,0,1,0,0,0,0,2,0,0,2,0,0,0,1
5,2963.634,6958.741,-397.919,-97.068,-0.123879,0.992248,0.009893,-0.990461,-0.123037,-0.062037,-0.060339,-0.017483,0.998025,0,-0.24350,0.71428,-14.610,1.429,-1,375.000,-1,375.000,800.000,300.000,300.000,300.000,325.000,-1,575.000,525.000,-1,625.000,625.000,975.000,975.000,2,0,2,0,1,0,0,0,0,2,0,0,2,0,0,0,0
6,2965.076,6973.343,-397.059,-95.640,-0.099091,0.995028,0.009973,-0.993163,-0.098273,-0.063005,-0.061711,-0.016148,0.997963,0,-0.24455,0.71400,-14.673,1.428,-1,375.000,-1,375.000,825.000,300.000,300.000,300.000,325.000,-1,575.000,525.000,-1,625.000,625.000,1000.000,950.000,2,0,2,0,1,0,0,0,0,2,0,0,2,0,0,0,0
7,2966.159,6988.039,-396.194,-94.213,-0.074250,0.997188,0.010110,-0.995244,-0.073457,-0.063986,-0.063063,-0.014813,0.997900,0,-0.24559,0.71374,-14.735,1.427,-1,375.000,-1,375.000,850.000,300.000,300.000,300.000,325.000,-1,575.000,525.000,-1,625.000,625.000,1000.000,950.000,2,0,2,0,1,0,0,0,0,2,0,0,2,0,0,0,0
8,2966.877,7002.817,-395.324,-92.786,-0.049373,0.998727,0.010305,-0.996702,-0.048602,-0.064978,-0.064394,-0.013479,0.997834,0,-0.24660,0.71348,-14.796,1.427,-1,375.000,-1,375.000,875.000,300.000,300.000,300.000,325.000,-1,575.000,550.000,-1,625.000,625.000,1000.000,950.000,2,0,2,0,1,0,0,0,0,2,0,0,2,0,0,0,0
9,2967.230,7017.669,-394.450,-91.360,-0.024473,0.999645,0.010558,-0.997539,-0.023725,-0.065978,-0.065704,-0.012146,0.997765,0,-0.24760,0.71324,-14.856,1.426,-1,375.000,-1,375.000,900.000,300.000,300.000,300.000,325.000,-1,600.000,550.000,-1,625.000,625.000,1000.000,950.000,2,0,2,0,1,0,0,0,0,2,0,0,2,0,0,0,0
10,2967.212,7032.583,-393.571,-89.934,0.000432,0.999941,0.010869,-0.997753,0.001160,-0.066983,-0.066992,-0.010816,0.997695,0,-0.24857,0.71301,-14.914,1.426,-1,375.000,-1,375.000,925.000,300.000,300.000,300.000,325.000,-1,600.000,550.000,-1,625.000,625.000,1000.000,950.000,2,0,2,0,1,0,0,0,0,2,0,0,2,0,0,0,0
11,2966.822,7047.549,-392.689,-88.508,0.025329,0.999616,0.011240,-0.997346,0.026036,-0.067992,-0.068258,-0.009488,0.997623,0,-0.24953,0.71279,-14.972,1.426,-1,375.000,-1,375.000,950.000,300.000,300.000,300.000,325.000,-1,600.000,550.000,-1,625.000,625.000,-1,950.000,2,0,2,0,1,0,0,0,0,2,0,0,2,0,0,2,0
12,2966.057,7062.557,-391.803,-87.083,0.050202,0.998671,0.011669,-0.996318,0.050890,-0.069000,-0.069502,-0.008162,0.997548,0,-0.25046,0.71257,-15.028,1.425,-1,350.000,-1,375.000,975.000,300.000,300.000,300.000,325.000,-1,600.000,550.000,-1,625.000,625.000,-1,950.000,2,0,2,0,1,0,0,0,0,2,0,0,2,0,0,2,0
13,2964.915,7077.597,-390.914,-85.658,0.075036,0.997107,0.012157,-0.994670,0.075706,-0.070005,-0.070722,-0.006840,0.997473,0,-0.25138,0.71237,-15.083,1.425,-1,350.000,-1,375.000,975.000,300.000,300.000,300.000,325.000,-1,625.000,550.000,-1,625.000,625.000,-1,950.000,2,0,2,0,0,0,0,0,0,2,0,0,2,0,0,2,0
14,2963.925,7087.832,-390.309,-84.473,0.095654,0.995335,0.012568,-0.992839,0.096307,-0.070681,-0.071562,-0.005717,0.997420,0,-0.17138,0.59237,-10.283,1.185,-1,350.000,-1,375.000,975.000,300.000,300.000,300.000,325.000,-1,625.000,550.000,-1,625.000,625.000,-1,925.000,2,0,2,0,0,0,0,0,0,2,0,0,2,0,0,2,0
15,2963.307,7093.280,-389.989,-83.529,0.112071,0.993617,0.012868,-0.991086,0.112705,-0.071033,-0.072030,-0.004792,0.997391,0,-0.09138,0.47237,-5.483,0.945,-1,350.000,-1,375.000,975.000,300.000,300.000,300.000,325.000,-1,625.000,525.000,-1,625.000,625.000,-1,925.000,2,0,2,0,0,0,0,0,0,2,0,0,2,0,0,2,0
16,2963.221,7093.958,-389.953,-82.824,0.124303,0.992159,0.013031,-0.989619,0.124918,-0.071064,-0.072135,-0.004062,0.997387,0,-0.01138,0.35237,-0.683,0.705,-1,350.000,-1,375.000,950.000,300.000,300.000,300.000,325.000,-1,600.000,525.000,-1,625.000,625.000,-1,925.000,2,0,2,0,0,0,0,0,0,2,0,0,2,0,0,2,0
17,2963.768,7089.877,-390.200,-82.359,0.132367,0.991115,0.013044,-0.988591,0.132961,-0.070779,-0.071884,-0.003527,0.997407,0,0.06862,0.23237,4.117,0.465,-1,350.000,-1,375.000,950.000,300.000,300.000,300.000,325.000,-1,600.000,525.000,-1,625.000,625.000,-1,925.000,2,0,2,0,0,0,0,0,0,2,0,0,2,0,0,2,0
18,2964.989,7081.044,-390.732,-82.134,0.136276,0.990587,0.012903,-0.988103,0.136848,-0.070179,-0.071284,-0.003185,0.997451,0,0.14862,0.11237,8.917,0.225,-1,350.000,-1,375.000,950.000,300.000,300.000,300.000,325.000,-1,575.000,525.000,-1,625.000,625.000,-1,925.000,2,0,2,0,0,0,0,0,0,2,0,0,2,0,0,2,0
19,2966.862,7067.456,-391.545,-82.150,0.136035,0.990624,0.012610,-0.988204,0.136584,-0.069264,-0.070337,-0.003039,0.997519,0,0.22862,-0.00763,13.717,-0.015,-1,350.000,-1,375.000,950.000,300.000,300.000,300.000,325.000,-1,575.000,500.000,-1,625.000,625.000,-1,925.000,2,0,2,0,0,0,0,0,0,2,0,0,2,0,0,2,0
20,2969.374,7049.110,-392.642,-82.204,0.135132,0.990752,0.012211,-0.988418,0.135652,-0.068032,-0.069059,-0.002877,0.997608,0,0.30862,-0.02695,18.517,-0.054,-1,375.000,-1,375.000,950.000,300.000,300.000,300.000,325.000,-1,550.000,500.000,-1,625.000,625.000,-1,925.000,2,0,2,0,0,0,0,0,0,2,0,0,2,0,0,2,0
21,2972.514,7026.006,-394.022,-82.260,0.134199,0.990885,0.011714,-0.988656,0.134683,-0.066481,-0.067453,-0.002659,0.997719,0,0.38862,-0.02804,23.317,-0.056,-1,375.000,-1,375.000,950.000,300.000,300.000,300.000,325.000,-1,550.000,475.000,-1,625.000,625.000,-1,925.000,2,0,2,0,0,0,0,0,0,2,0,0,2,0,0,2,0
22,2976.272,6998.142,-395.685,-82.319,0.133223,0.991024,0.011119,-0.988918,0.133665,-0.064615,-0.065522,-0.002388,0.997848,0,0.46862,-0.02942,28.117,-0.059,-1,375.000,-1,375.000,925.000,300.000,300.000,300.000,325.000,-1,525.000,475.000,-1,625.000,625.000,-1,925.000,2,0,2,0,0,0,0,0,0,2,0,0,2,0,0,2,0
23,2980.637,6965.516,-397.630,-82.381,0.132195,0.991169,0.010428,-0.989203,0.132590,-0.062436,-0.063267,-0.002062,0.997995,0,0.54862,-0.03109,32.917,-0.062,-1,375.000,-1,375.000,925.000,300.000,300.000,300.000,325.000,-1,500.000,450.000,-1,625.000,625.000,-1,925.000,2,0,2,0,0,0,0,0,0,2,0,0,2,0,0,2,0
24,2985.594,6928.126,-399.855,-82.447,0.131102,0.991322,0.009643,-0.989509,0.131446,-0.059945,-0.060692,-0.001683,0.998155,0,0.62862,-0.03306,37.717,-0.066,-1,375.000,-1,375.000,925.000,300.000,300.000,300.000,325.000,-1,500.000,450.000,-1,625.000,625.000,-1,925.000,2,0,2,0,0,0,0,0,0,2,0,0,2,0,0,2,0
25,2991.131,6885.972,-402.360,-82.517,0.129940,0.991483,0.008764,-0.989836,0.130229,-0.057145,-0.057799,-0.001249,0.998327,0,0.70862,-0.03516,42.517,-0.070,-1,375.000,-1,375.000,900.000,300.000,300.000,325.000,325.000,-1,475.000,425.000,-1,625.000,625.000,-1,925.000,2,0,2,0,0,0,0,0,0,2,0,0,2,0,0,2,0
26,2997.219,6839.161,-405.137,-82.590,0.128736,0.991648,0.007795,-0.990175,0.128969,-0.054046,-0.054600,-0.000761,0.998508,0,0.78676,-0.03640,47.205,-0.073,-1,375.000,-1,375.000,900.000,300.000,325.000,325.000,300.000,-1,450.000,425.000,-1,625.000,625.000,-1,925.000,2,0,2,0,0,0,0,0,0,2,0,0,2,0,0,2,0
27,3003.237,6792.407,-407.906,-82.665,0.127483,0.991817,0.006835,-0.990507,0.127666,-0.050963,-0.051419,-0.000274,0.998677,0,0.78567,-0.03766,47.140,-0.075,-1,375.000,-1,375.000,875.000,300.000,300.000,325.000,300.000,-1,425.000,375.000,-1,625.000,600.000,-1,900.000,2,0,2,0,0,0,0,0,0,2,0,0,2,0,0,2,0
28,3008.763,6750.430,-410.395,-82.501,0.130382,0.991446,0.005931,-0.990273,0.130516,-0.048219,-0.048580,0.000413,0.998819,0,0.70567,0.08234,42.340,0.165,-1,375.000,-1,375.000,875.000,300.000,300.000,300.000,300.000,-1,400.000,350.000,-1,625.000,600.000,-1,900.000,2,0,2,0,0,0,0,0,0,2,0,0,2,0,0,2,0
29,3013.925,6713.247,-412.607,-82.096,0.137428,0.990499,0.005047,-0.989439,0.137515,-0.045819,-0.046078,0.001303,0.998937,0,0.62567,0.20234,37.540,0.405,-1,375.000,-1,350.000,850.000,300.000,300.000,300.000,300.000,-1,350.000,325.000,-1,625.000,600.000,-1,900.000,2,0,2,0,0,0,0,0,0,2,0,0,2,0,0,2,0
30,3018.792,6680.871,-414.545,-81.451,0.148611,0.988887,0.004157,-0.987921,0.148650,-0.043770,-0.043901,0.002398,0.999033,0,0.54567,0.32234,32.740,0.645,-1,375.000,-1,350.000,850.000,300.000,300.000,300.000,300.000,-1,350.000,325.000,-1,625.000,600.000,-1,875.000,2,0,2,0,0,0,0,0,0,2,0,0,2,0,0,2,0
31,3023.371,6653.309,-416.211,-80.567,0.163910,0.986470,0.003245,-0.985579,0.163900,-0.042078,-0.042040,0.003698,0.999109,0,0.46567,0.44234,27.940,0.885,-1,375.000,-1,350.000,825.000,300.000,300.000,300.000,300.000,-1,325.000,300.000,-1,625.000,600.000,-1,875.000,2,0,2,0,0,0,0,0,0,2,0,0,2,0,0,2,0
32,3027.611,6630.561,-417.607,-79.442,0.183289,0.983056,0.002308,-0.982225,0.183230,-0.040748,-0.040480,0.005201,0.999167,0,0.38567,0.56234,23.140,1.125,-1,375.000,-1,350.000,825.000,300.000,300.000,300.000,300.000,-1,300.000,300.000,-1,625.000,600.000,-1,875.000,2,0,2,0,0,0,0,0,0,2,0,0,2,0,0,2,0
33,3031.400,6612.617,-418.583,-78.077,0.206676,0.978407,0.001994,-0.977605,0.206589,-0.040109,-0.039654,0.006340,0.999193,0,0.30567,0.68234,18.340,1.365,-1,375.000,-1,350.000,800.000,300.000,300.000,300.000,300.000,-1,325.000,300.000,-1,625.000,600.000,-1,850.000,2,0,2,0,0,0,0,0,0,2,0,0,2,0,0,2,0
34,3034.567,6599.453,-419.101,-76.473,0.233996,0.972235,0.002421,-0.971445,0.233905,-0.039777,-0.039239,0.006956,0.999206,0,0.22567,0.80234,13.540,1.605,-1,350.000,-1,350.000,800.000,300.000,300.000,300.000,300.000,-1,325.000,300.000,-1,625.000,600.000,-1,850.000,2,0,2,0,0,0,0,0,0,2,0,0,2,0,0,2,0
35,3036.884,6591.026,-419.285,-74.628,0.265168,0.964198,0.003028,-0.963429,0.265079,-0.039222,-0.038621,0.007483,0.999226,0,0.14567,0.92234,8.740,1.845,-1,375.000,-1,350.000,800.000,300.000,300.000,300.000,300.000,-1,325.000,300.000,-1,625.000,600.000,-1,875.000,2,0,2,0,0,0,0,0,0,2,0,0,2,0,0,2,0
36,3038.052,6587.263,-419.323,-72.763,0.296423,0.955051,0.003325,-0.954288,0.296322,-0.039078,-0.038307,0.008410,0.999231,0,0.06567,0.93268,3.940,1.865,-1,375.000,-1,350.000,800.000,300.000,300.000,300.000,300.000,-1,325.000,325.000,-1,650.000,600.000,-1,875.000,2,0,2,0,0,0,0,0,0,2,0,0,2,0,0,2,0
37,3037.770,6588.075,-419.215,-70.897,0.327376,0.944888,0.003372,-0.944118,0.327249,-0.039353,-0.038288,0.009700,0.999220,0,-0.01433,0.93269,-0.860,1.865,-1,375.000,-1,350.000,825.000,300.000,300.000,300.000,300.000,-1,325.000,325.000,-1,650.000,600.000,-1,900.000,2,0,2,0,0,0,0,0,0,2,0,0,2,0,0,2,0
38,3035.745,6593.361,-418.958,-69.032,0.357992,0.933719,0.003228,-0.932928,0.357827,-0.040053,-0.038553,0.011327,0.999192,0,-0.09433,0.93269,-5.660,1.865,-1,375.000,-1,350.000,825.000,300.000,300.000,300.000,300.000,-1,325.000,325.000,-1,650.000,600.000,-1,900.000,2,0,2,0,0,0,0,0,0,2,0,0,2,0,0,2,0
39,3031.686,6603.001,-418.550,-67.167,0.388236,0.921555,0.002953,-0.920731,0.388020,-0.041178,-0.039094,0.013268,0.999147,0,-0.17433,0.93263,-10.460,1.865,-1,375.000,-1,350.000,825.000,300.000,300.000,300.000,300.000,-1,325.000,325.000,-1,650.000,600.000,-1,875.000,2,0,2,0,0,0,0,0,0,2,0,0,2,0,0,2,0
40,3025.310,6616.865,-417.993,-65.302,0.418072,0.908410,0.002601,-0.907537,0.417793,-0.042728,-0.039902,0.015503,0.999083,0,-0.25433,0.93250,-15.260,1.865,-1,375.000,-1,350.000,825.000,300.000,300.000,300.000,300.000,-1,325.000,325.000,-1,650.000,600.000,-1,875.000,2,0,2,0,0,0,0,0,0,2,0,0,2,0,0,2,0
41,3016.340,6634.808,-417.244,-63.437,0.447461,0.894300,0.002311,-0.893370,0.447111,-0.044516,-0.040844,0.017854,0.999006,0,-0.33433,0.93228,-20.060,1.865,-1,375.000,-1,350.000,825.000,300.000,300.000,325.000,300.000,-1,325.000,325.000,-1,650.000,600.000,-1,875.000,2,0,2,0,0,0,0,0,0,2,0,0,2,0,0,2,0
42,3004.506,6656.671,-416.128,-61.573,0.476345,0.879255,0.002442,-0.878283,0.475946,-0.045760,-0.041396,0.019653,0.998950,0,-0.41433,0.93195,-24.860,1.864,-1,375.000,-1,350.000,825.000,300.000,300.000,325.000,300.000,-1,325.000,325.000,-1,650.000,600.000,-1,900.000,2,0,2,0,0,0,0,0,0,2,0,0,2,0,0,2,0
43,2989.546,6682.282,-414.812,-59.710,0.504710,0.863285,0.002667,-0.862265,0.504259,-0.047136,-0.042037,0.021491,0.998885,0,-0.49433,0.93150,-29.660,1.863,-1,375.000,-1,350.000,850.000,300.000,300.000,325.000,300.000,-1,300.000,325.000,-1,650.000,600.000,-1,900.000,2,0,2,0,0,0,0,0,0,2,0,0,2,0,0,2,0
44,2972.546,6709.329,-413.409,-57.848,0.532522,0.846411,0.003003,-0.845339,0.532020,-0.048554,-0.042694,0.023317,0.998816,0,-0.53243,0.93094,-31.946,1.862,-1,375.000,-1,350.000,875.000,300.000,300.000,325.000,300.000,-1,300.000,300.000,-1,675.000,600.000,-1,925.000,2,0,2,0,0,0,0,0,0,2,0,0,2,0,0,2,0
45,2954.653,6735.844,-412.022,-55.988,0.559748,0.828656,0.003453,-0.827530,0.559196,-0.049930,-0.043306,0.025091,0.998747,0,-0.53313,0.93030,-31.988,1.861,-1,375.000,-1,350.000,875.000,300.000,300.000,300.000,300.000,-1,300.000,300.000,-1,675.000,600.000,-1,950.000,2,0,2,0,0,0,0,0,0,2,0,0,2,0,0,2,0
46,2935.885,6761.799,-410.652,-54.128,0.586360,0.810040,0.004012,-0.808861,0.585761,-0.051258,-0.043871,0.026811,0.998677,0,-0.53383,0.92963,-32.030,1.859,-1,375.000,-1,375.000,900.000,300.000,300.000,300.000,300.000,-1,275.000,300.000,-1,675.000,600.000,-1,950.000,2,0,2,0,0,0,0,0,0,2,0,0,2,0,0,2,0
47,2916.259,6787.165,-409.186,-52.270,0.612334,0.790585,0.004779,-0.789332,0.611684,-0.052900,-0.044745,0.028620,0.998588,0,-0.53454,0.92892,-32.072,1.858,-1,375.000,-1,375.000,900.000,300.000,300.000,300.000,300.000,-1,275.000,300.000,-1,700.000,625.000,-1,975.000,2,0,2,0,0,0,0,0,0,2,0,0,2,0,0,2,0
48,2895.795,6811.916,-407.550,-50.414,0.637629,0.770319,0.006180,-0.768960,0.636944,-0.054799,-0.046149,0.030189,0.998478,0,-0.53526,0.92819,-32.115,1.856,-1,375.000,-1,375.000,900.000,300.000,300.000,300.000,300.000,-1,300.000,325.000,-1,675.000,625.000,-1,975.000,2,0,2,0,0,0,0,0,0,2,0,0,2,0,0,2,0
49,2874.511,6836.024,-405.940,-48.559,0.662228,0.749263,0.007684,-0.747796,0.661512,-0.056597,-0.047489,0.031734,0.998368,0,-0.53598,0.92744,-32.159,1.855,-1,375.000,-1,375.000,900.000,300.000,300.000,300.000,300.000,-1,300.000,350.000,-1,675.000,625.000,-1,975.000,2,0,2,0,0,0,0,0,0,2,0,0,2,0,0,2,0
50,2852.428,6859.463,-404.358,-46.706,0.686107,0.727441,0.009284,-0.725864,0.685364,-0.058289,-0.048765,0.033253,0.998257,0,-0.53672,0.92665,-32.203,1.853,-1,375.000,-1,375.000,900.000,300.000,300.000,300.000,300.000,-1,325.000,375.000,-1,675.000,625.000,-1,975.000,2,0,2,0,0,0,0,0,0,2,0,0,2,0,0,2,0
51,2829.568,6882.207,-402.807,-44.854,0.709241,0.704880,0.010972,-0.703192,0.708475,-0.059868,-0.049974,0.034746,0.998146,0,-0.53746,0.92583,-32.248,1.852,-1,375.000,-1,375.000,900.000,300.000,300.000,300.000,300.000,-1,350.000,400.000,-1,675.000,625.000,-1,975.000,2,0,2,0,0,0,0,0,0,2,0,0,2,0,0,2,0
52,2805.952,6904.233,-401.289,-43.004,0.731608,0.681606,0.012739,-0.679806,0.730823,-0.061330,-0.051113,0.036209,0.998036,0,-0.53822,0.92499,-32.293,1.850,-1,375.000,-1,375.000,900.000,300.000,300.000,300.000,300.000,-1,375.000,425.000,-1,675.000,625.000,-1,975.000,2,0,2,0,0,0,0,0,0,2,0,0,2,0,0,2,0
53,2781.604,6925.517,-399.545,-41.156,0.753234,0.657619,0.013230,-0.655747,0.752355,-0.062909,-0.051324,0.038710,0.997932,0,-0.53898,0.92412,-32.339,1.848,-1,375.000,-1,375.000,900.000,300.000,300.000,300.000,300.000,-1,400.000,475.000,-1,675.000,625.000,-1,975.000,2,0,2,0,0,0,0,0,0,2,0,0,2,0,0,2,0
54,2756.548,6946.034,-397.772,-39.310,0.774062,0.632966,0.013456,-0.631032,0.773069,-0.064520,-0.051241,0.041451,0.997826,0,-0.53975,0.92322,-32.385,1.846,-1,375.000,-1,375.000,900.000,300.000,300.000,300.000,300.000,-1,425.000,500.000,-1,675.000,625.000,-1,1000.000,2,0,2,0,0,0,0,0,0,2,0,0,2,0,0,2,0
55,2730.806,6965.763,-396.038,-37.465,0.794060,0.607684,0.013765,-0.605689,0.792951,-0.066103,-0.051085,0.044152,0.997718,0,-0.54053,0.92230,-32.432,1.845,-1,375.000,-1,375.000,900.000,300.000,300.000,300.000,300.000,-1,450.000,525.000,-1,700.000,650.000,-1,1000.000,2,0,2,0,0,0,0,0,0,2,0,0,2,0,0,2,0
56,2704.406,6984.681,-394.347,-35.622,0.813208,0.581802,0.014155,-0.579748,0.811983,-0.067654,-0.050854,0.046810,0.997608,0,-0.54132,0.92134,-32.479,1.843,-1,375.000,-1,375.000,925.000,300.000,300.000,300.000,300.000,-1,475.000,575.000,-1,700.000,650.000,-1,-1,2,0,2,0,0,0,0,0,0,2,0,0,2,0,0,2,2
57,2677.371,7002.768,-392.711,-33.782,0.831490,0.555348,0.014577,-0.553238,0.830146,-0.069179,-0.050519,0.049457,0.997498,0,-0.54211,0.92037,-32.526,1.841,-1,375.000,-1,375.000,925.000,325.000,300.000,300.000,275.000,-1,525.000,600.000,-1,700.000,650.000,-1,-1,2,0,2,0,0,0,0,0,0,2,0,0,2,0,0,2,2
58,2649.730,7020.004,-391.124,-31.943,0.848889,0.528356,0.015057,-0.526191,0.847425,-0.070666,-0.050097,0.052065,0.997386,0,-0.54291,0.91937,-32.574,1.839,-1,400.000,-1,375.000,925.000,325.000,300.000,300.000,275.000,-1,550.000,650.000,-1,700.000,650.000,-1,-1,2,0,2,0,0,0,0,0,0,2,0,0,2,0,0,2,2
59,2621.508,7036.369,-389.587,-30.106,0.865390,0.500855,0.015603,-0.498638,0.863806,-0.072108,-0.049594,0.054621,0.997275,0,-0.54371,0.91834,-32.623,1.837,-1,400.000,-1,375.000,950.000,325.000,300.000,300.000,275.000,-1,600.000,725.000,-1,725.000,650.000,-1,-1,2,0,2,0,0,0,0,0,0,2,0,0,2,0,0,2,2
60,2597.060,7049.650,-388.318,-28.510,0.879008,0.476534,0.016112,-0.474275,0.877319,-0.073307,-0.049069,0.056795,0.997179,0,-0.46371,0.79834,-27.823,1.597,-1,400.000,-1,375.000,950.000,325.000,300.000,300.000,275.000,-1,625.000,775.000,-1,725.000,650.000,-1,-1,2,0,2,0,0,0,0,0,0,2,0,0,2,0,0,2,2
61,2576.575,7060.158,-387.300,-27.153,0.890040,0.455581,0.016562,-0.453289,0.888263,-0.074278,-0.048551,0.058603,0.997100,0,-0.38371,0.67834,-23.023,1.357,-1,400.000,-1,375.000,950.000,325.000,300.000,300.000,275.000,-1,675.000,775.000,-1,725.000,650.000,-1,-1,2,0,2,0,0,0,0,0,0,2,0,0,2,0,0,2,2
62,2560.201,7068.158,-386.515,-26.036,0.898744,0.438146,0.016934,-0.435830,0.896895,-0.075036,-0.048065,0.060058,0.997037,0,-0.30371,0.55834,-18.223,1.117,-1,400.000,-1,375.000,950.000,325.000,300.000,300.000,275.000,-1,700.000,800.000,-1,725.000,650.000,-1,-1,2,0,2,0,0,0,0,0,0,2,0,0,2,0,0,2,2
63,2548.052,7073.865,-385.953,-25.159,0.905338,0.424343,0.017216,-0.422012,0.903433,-0.075596,-0.047632,0.061174,0.996990,0,-0.22371,0.43834,-13.423,0.877,-1,400.000,-1,375.000,975.000,325.000,325.000,300.000,275.000,-1,750.000,800.000,-1,725.000,650.000,-1,-1,2,0,2,0,0,0,0,0,0,2,0,0,2,0,0,2,2
64,2540.207,7077.445,-385.586,-24.523,0.909996,0.414256,0.017326,-0.411921,0.908045,-0.076003,-0.047218,0.062025,0.996957,0,-0.14371,0.31834,-8.623,0.637,-1,400.000,-1,375.000,975.000,325.000,325.000,300.000,275.000,-1,750.000,825.000,-1,725.000,650.000,-1,-1,2,0,2,0,0,0,0,0,0,2,0,0,2,0,0,2,2
65,2536.718,7079.008,-385.421,-24.126,0.912842,0.407945,0.017320,-0.405613,0.910860,-0.076235,-0.046876,0.062565,0.996939,0,-0.06371,0.19834,-3.823,0.397,-1,400.000,-1,375.000,975.000,325.000,325.000,300.000,275.000,-1,750.000,825.000,-1,725.000,650.000,-1,-1,2,0,2,0,0,0,0,0,0,2,0,0,2,0,0,2,2
66,2537.611,7078.611,-385.477,-23.969,0.913954,0.405449,0.017297,-0.403124,0.911964,-0.076243,-0.046687,0.062710,0.996939,0,0.01629,0.07834,0.977,0.157,-1,400.000,-1,375.000,975.000,325.000,325.000,300.000,275.000,-1,750.000,825.000,-1,725.000,650.000,-1,-1,2,0,2,0,0,0,0,0,0,2,0,0,2,0,0,2,2
67,2542.887,7076.256,-385.752,-24.053,0.913363,0.406781,0.017253,-0.404466,0.911388,-0.076027,-0.046651,0.062462,0.996956,0,0.09629,-0.04166,5.777,-0.083,-1,400.000,-1,375.000,975.000,325.000,325.000,300.000,275.000,-1,750.000,825.000,-1,725.000,650.000,-1,-1,2,0,2,0,0,0,0,0,0,2,0,0,2,0,0,2,2
68,2552.521,7071.890,-386.215,-24.376,0.911056,0.411931,0.017032,-0.409635,0.909106,-0.075666,-0.046654,0.061959,0.996988,0,0.17629,-0.16166,10.577,-0.323,-1,400.000,-1,375.000,975.000,325.000,325.000,300.000,275.000,-1,750.000,825.000,-1,725.000,650.000,-1,-1,2,0,2,0,0,0,0,0,0,2,0,0,2,0,0,2,2
69,2566.464,7065.406,-386.880,-24.939,0.906968,0.420869,0.016666,-0.418601,0.905056,-0.075138,-0.046707,0.061172,0.997034,0,0.25629,-0.28166,15.377,-0.563,-1,400.000,-1,375.000,975.000,325.000,325.000,300.000,275.000,-1,725.000,800.000,-1,725.000,650.000,-1,-1,2,0,2,0,0,0,0,0,0,2,0,0,2,0,0,2,2
70,2584.639,7056.642,-387.763,-25.743,0.900986,0.433546,0.016196,-0.431314,0.899128,-0.074414,-0.046825,0.060061,0.997096,0,0.33629,-0.40166,20.177,-0.803,-1,400.000,-1,375.000,950.000,325.000,300.000,300.000,275.000,-1,700.000,800.000,-1,725.000,650.000,-1,-1,2,0,2,0,0,0,0,0,0,2,0,0,2,0,0,2,2
71,2606.936,7045.384,-388.878,-26.786,0.892950,0.449885,0.015634,-0.447697,0.891161,-0.073481,-0.046991,0.058615,0.997174,0,0.41629,-0.52166,24.977,-1.043,-1,400.000,-1,375.000,950.000,325.000,300.000,300.000,275.000,-1,650.000,775.000,-1,725.000,650.000,-1,-1,2,0,2,0,0,0,0,0,0,2,0,0,2,0,0,2,2
72,2633.228,7031.404,-390.240,-27.999,0.883234,0.468693,0.014984,-0.466560,0.881526,-0.072342,-0.047115,0.056904,0.997267,0,0.49629,-0.60642,29.777,-1.213,-1,400.000,-1,375.000,950.000,325.000,300.000,300.000,275.000,-1,625.000,725.000,-1,725.000,650.000,-1,-1,2,0,2,0,0,0,0,0,0,2,0,0,2,0,0,2,2
73,2663.408,7014.529,-391.866,-29.210,0.873138,0.487265,0.014232,-0.485200,0.871513,-0.071036,-0.047017,0.055119,0.997372,0,0.57629,-0.60541,34.577,-1.211,-1,400.000,-1,375.000,950.000,325.000,300.000,300.000,275.000,-1,575.000,675.000,-1,725.000,650.000,-1,-1,2,0,2,0,0,0,0,0,0,2,0,0,2,0,0,2,2
74,2697.364,6994.591,-393.763,-30.418,0.862672,0.505587,0.013379,-0.503605,0.861129,-0.069560,-0.046690,0.053269,0.997488,0,0.65629,-0.60422,39.377,-1.208,-1,400.000,-1,375.000,925.000,325.000,300.000,300.000,275.000,-1,525.000,625.000,-1,700.000,650.000,-1,-1,2,0,2,0,0,0,0,0,0,2,0,0,2,0,0,2,2
75,2734.981,6971.426,-395.949,-31.624,0.851846,0.523646,0.012366,-0.521761,0.850383,-0.067933,-0.046089,0.051416,0.997613,0,0.73629,-0.60286,44.177,-1.206,-1,375.000,-1,375.000,925.000,325.000,300.000,300.000,275.000,-1,475.000,575.000,-1,700.000,650.000,-1,-1,2,0,2,0,0,0,0,0,0,2,0,0,2,0,0,2,2
76,2776.137,6944.875,-398.414,-32.826,0.840670,0.541430,0.011258,-0.539653,0.839286,-0.066131,-0.045254,0.049519,0.997747,0,0.81629,-0.60130,48.977,-1.203,-1,375.000,-1,375.000,925.000,300.000,300.000,300.000,275.000,-1,425.000,525.000,-1,700.000,650.000,-1,-1,2,0,2,0,0,0,0,0,0,2,0,0,2,0,0,2,2
77,2820.707,6914.783,-401.152,-34.025,0.829155,0.558928,0.010057,-0.557271,0.827851,-0.064125,-0.044167,0.047565,0.997891,0,0.89629,-0.59952,53.777,-1.199,-1,375.000,-1,375.000,900.000,300.000,300.000,300.000,275.000,-1,400.000,475.000,-1,675.000,650.000,-1,-1,2,0,2,0,0,0,0,0,0,2,0,0,2,0,0,2,2
78,2860.834,6886.700,-403.256,-34.984,0.819642,0.572788,0.010028,-0.571240,0.818498,-0.061202,-0.043263,0.044436,0.998075,0,0.81629,-0.47952,48.977,-0.959,-1,375.000,-1,375.000,925.000,300.000,300.000,300.000,275.000,-1,400.000,475.000,-1,675.000,625.000,-1,-1,2,0,2,0,0,0,0,0,0,2,0,0,2,0,0,2,2
79,2896.707,6860.918,-405.104,-35.704,0.812345,0.583086,0.010271,-0.581629,0.811346,-0.058534,-0.042463,0.041576,0.998233,0,0.73629,-0.35952,44.177,-0.719,-1,375.000,-1,375.000,925.000,300.000,300.000,300.000,300.000,-1,400.000,475.000,-1,675.000,625.000,-1,-1,2,0,2,0,0,0,0,0,0,2,0,0,2,0,0,2,2
80,2931.863,6835.204,-406.677,-36.183,0.807429,0.589890,0.009380,-0.588555,0.806497,-0.056253,-0.040748,0.039899,0.998372,0,0.72594,-0.23952,43.556,-0.479,-1,375.000,-1,375.000,950.000,300.000,300.000,300.000,300.000,-1,375.000,475.000,-1,675.000,625.000,-1,-1,2,0,2,0,0,0,0,0,0,2,0,0,2,0,0,2,2
81,2966.899,6809.352,-408.214,-36.422,0.804950,0.593283,0.008454,-0.592070,0.804075,-0.054008,-0.038839,0.038469,0.998505,0,0.72570,-0.11952,43.542,-0.239,-1,375.000,-1,375.000,975.000,300.000,300.000,300.000,300.000,-1,375.000,475.000,-1,675.000,625.000,-1,-1,2,0,2,0,0,0,0,0,0,2,0,0,2,0,0,2,2
82,3001.921,6783.511,-409.739,-36.421,0.804947,0.593298,0.007606,-0.592203,0.804124,-0.051776,-0.036835,0.037173,0.998630,0,0.72539,0.00048,43.523,0.001,-1,375.000,-1,375.000,975.000,300.000,300.000,300.000,300.000,-1,375.000,475.000,975.000,675.000,650.000,-1,-1,2,0,2,0,0,0,0,0,0,2,0,0,1,0,0,2,2
83,3037.025,6757.819,-411.249,-36.200,0.807211,0.590224,0.006803,-0.589240,0.806436,-0.049573,-0.034745,0.036007,0.998747,0,0.72503,0.11025,43.502,0.221,-1,375.000,-1,375.000,1000.000,300.000,300.000,300.000,300.000,-1,375.000,475.000,950.000,675.000,650.000,-1,-1,2,0,2,0,0,0,0,0,0,2,0,0,1,0,0,2,2
84,3072.212,6732.277,-412.662,-35.975,0.809511,0.587074,0.005992,-0.586180,0.808767,-0.047847,-0.032936,0.035220,0.998837,0,0.72468,0.11233,43.481,0.225,-1,375.000,-1,375.000,1000.000,300.000,300.000,300.000,300.000,-1,400.000,475.000,925.000,675.000,650.000,-1,-1,2,0,2,0,0,0,0,0,0,2,0,0,1,0,0,2,2
85,3107.493,6706.882,-414.006,-35.746,0.811847,0.583848,0.005174,-0.583030,0.811121,-0.046458,-0.031321,0.034701,0.998907,0,0.72450,0.11449,43.470,0.229,-1,375.000,-1,375.000,1000.000,300.000,300.000,300.000,300.000,-1,400.000,500.000,925.000,675.000,625.000,-1,-1,2,0,2,0,0,0,0,0,0,2,0,0,1,0,0,2,2
86,3142.876,6681.631,-415.339,-35.513,0.814215,0.580547,0.004334,-0.579802,0.813507,-0.045118,-0.029719,0.034223,0.998972,0,0.72449,0.11674,43.470,0.233,-1,375.000,-1,375.000,1000.000,300.000,300.000,300.000,300.000,-1,425.000,500.000,925.000,675.000,625.000,-1,-1,2,0,2,0,0,0,0,0,0,2,0,0,1,0,0,2,2
87,3178.372,6656.521,-416.659,-35.275,0.816617,0.577169,0.003474,-0.576494,0.815925,-0.043827,-0.028130,0.033787,0.999033,0,0.72466,0.11908,43.480,0.238,-1,375.000,-1,375.000,1000.000,300.000,325.000,300.000,300.000,-1,450.000,525.000,925.000,675.000,625.000,-1,-1,2,0,2,0,0,0,0,0,0,2,0,0,1,0,0,2,2
88,3213.991,6631.552,-417.831,-35.032,0.819063,0.573701,0.001906,-0.573110,0.818361,-0.042785,-0.026105,0.033951,0.999082,0,0.72499,0.12149,43.499,0.243,-1,375.000,-1,375.000,975.000,300.000,300.000,300.000,300.000,-1,450.000,525.000,925.000,675.000,625.000,-1,-1,2,0,2,0,0,0,0,0,0,2,0,0,1,0,0,2,2
89,3249.742,6606.720,-418.817,-34.784,0.821537,0.570156,0.000066,-0.569669,0.820840,-0.041227,-0.023560,0.033831,0.999150,0,0.72548,0.12399,43.529,0.248,-1,375.000,-1,375.000,975.000,300.000,300.000,300.000,300.000,-1,450.000,525.000,925.000,675.000,625.000,-1,-1,2,0,2,0,0,0,0,0,0,2,0,0,1,0,0,2,2
90,3285.633,6582.024,-419.640,-34.531,0.824035,0.566536,-0.001859,-0.566165,0.823367,-0.039026,-0.020579,0.033212,0.999236,0,0.72612,0.12655,43.567,0.253,-1,375.000,-1,375.000,1000.000,300.000,300.000,300.000,300.000,-1,450.000,525.000,950.000,700.000,625.000,-1,-1,2,0,2,0,0,0,0,0,0,2,0,0,1,0,0,2,2
91,3321.675,6557.463,-420.457,-34.272,0.826566,0.562827,-0.003824,-0.562564,0.825929,-0.036923,-0.017624,0.032671,0.999311,0,0.72691,0.12919,43.615,0.258,-1,375.000,-1,375.000,-1,325.000,300.000,300.000,300.000,-1,450.000,525.000,950.000,700.000,625.000,-1,-1,2,0,2,0,2,0,0,0,0,2,0,0,1,0,0,2,2
92,3357.875,6533.038,-421.248,-34.009,0.829128,0.559029,-0.005736,-0.558863,0.828525,-0.034891,-0.014752,0.032135,0.999375,0,0.72784,0.13189,43.670,0.264,-1,375.000,-1,375.000,-1,325.000,300.000,300.000,300.000,-1,450.000,500.000,975.000,700.000,650.000,-1,-1,2,0,2,0,2,0,0,0,0,2,0,0,1,0,0,2,2
93,3394.244,6508.747,-421.860,-33.739,0.831723,0.555147,-0.006920,-0.555052,0.831172,-0.032713,-0.012408,0.031049,0.999441,0,0.72891,0.13466,43.735,0.269,-1,375.000,-1,375.000,-1,325.000,300.000,300.000,300.000,-1,450.000,525.000,1000.000,700.000,650.000,-1,-1,2,0,2,0,2,0,0,0,0,2,0,0,1,0,0,2,2
94,3430.788,6484.591,-422.455,-33.464,0.834355,0.551168,-0.008127,-0.551135,0.833852,-0.030670,-0.010128,0.030068,0.999497,0,0.73011,0.13749,43.807,0.275,-1,375.000,-1,375.000,-1,325.000,300.000,300.000,300.000,-1,450.000,525.000,-1,700.000,650.000,-1,-1,2,0,2,0,2,0,0,0,0,2,0,0,2,0,0,2,2
95,3467.518,6460.571,-422.826,-33.184,0.837032,0.547076,-0.009253,-0.547087,0.836545,-0.029815,-0.008570,0.030018,0.999513,0,0.73144,0.14039,43.886,0.281,-1,375.000,-1,375.000,-1,325.000,300.000,300.000,275.000,-1,475.000,550.000,-1,725.000,650.000,-1,-1,2,0,2,0,2,0,0,0,0,2,0,0,2,0,0,2,2
96,3504.440,6436.688,-422.966,-32.897,0.839733,0.542897,-0.010507,-0.542962,0.839293,-0.027925,-0.006342,0.029155,0.999555,0,0.73289,0.14334,43.973,0.287,-1,400.000,-1,375.000,-1,325.000,300.000,300.000,275.000,-1,500.000,550.000,-1,725.000,650.000,-1,-1,2,0,2,0,2,0,0,0,0,2,0,0,2,0,0,2,2
97,3541.562,6412.943,-423.085,-32.604,0.842469,0.538616,-0.011797,-0.538730,0.842077,-0.026003,-0.004071,0.028262,0.999592,0,0.73445,0.14635,44.067,0.293,-1,400.000,-1,375.000,-1,325.000,300.000,300.000,300.000,-1,500.000,525.000,-1,725.000,650.000,-1,-1,2,0,2,0,2,0,0,0,0,2,0,0,2,0,0,2,2
98,3578.893,6389.338,-423.198,-32.305,0.845237,0.534230,-0.013120,-0.534388,0.844895,-0.024114,-0.001797,0.027393,0.999623,0,0.73613,0.14942,44.168,0.299,-1,400.000,-1,375.000,-1,325.000,300.000,300.000,300.000,-1,525.000,525.000,-1,725.000,675.000,-1,-1,2,0,2,0,2,0,0,0,0,2,0,0,2,0,0,2,2
99,3616.440,6365.876,-423.303,-32.000,0.848039,0.529736,-0.014474,-0.529933,0.847747,-0.022258,0.000480,0.026546,0.999647,0,0.73791,0.15254,44.275,0.305,-1,400.000,-1,375.000,-1,325.000,300.000,300.000,300.000,-1,525.000,500.000,-1,725.000,675.000,-1,-1,2,0,2,0,2,0,0,0,0,2,0,0,2,0,0,2,2
100,3654.210,6342.559,-423.402,-31.689,0.850873,0.525131,-0.015860,-0.525364,0.850632,-0.020436,0.002760,0.025721,0.999665,0,0.73979,0.15571,44.388,0.311,-1,400.000,-1,375.000,-1,325.000,300.000,300.000,300.000,-1,475.000,500.000,-1,750.000,675.000,-1,-1,2,0,2,0,2,0,0,0,0,2,0,0,2,0,0,2,2
101,3695.521,6317.602,-423.495,-31.137,0.855849,0.516931,-0.017453,-0.517198,0.855665,-0.018554,0.005343,0.024906,0.999676,0,0.80441,0.27571,48.265,0.551,-1,400.000,-1,375.000,-1,325.000,300.000,300.000,300.000,-1,425.000,475.000,-1,750.000,700.000,-1,-1,2,0,2,0,2,0,0,0,0,2,0,0,2,0,0,2,2
102,3737.289,6293.149,-423.572,-30.346,0.862865,0.505072,-0.019162,-0.505371,0.862739,-0.016798,0.008048,0.024178,0.999675,0,0.80666,0.39571,48.399,0.791,-1,400.000,-1,375.000,-1,325.000,325.000,300.000,300.000,-1,400.000,425.000,-1,750.000,700.000,-1,-1,2,0,2,0,2,0,0,0,0,2,0,0,2,0,0,2,2
103,3779.614,6269.384,-423.273,-29.315,0.871792,0.489471,-0.019907,-0.489778,0.871710,-0.015448,0.009792,0.023217,0.999682,0,0.80901,0.51571,48.541,1.031,-1,400.000,-1,375.000,-1,325.000,325.000,300.000,300.000,-1,400.000,450.000,-1,750.000,700.000,-1,-1,2,0,2,0,2,0,0,0,0,2,0,0,2,0,0,2,2
104,3822.587,6246.492,-422.754,-28.043,0.882426,0.470021,-0.020108,-0.470321,0.882381,-0.014214,0.011062,0.022000,0.999697,0,0.81150,0.63571,48.690,1.271,-1,400.000,-1,375.000,-1,325.000,325.000,300.000,300.000,-1,425.000,475.000,-1,750.000,700.000,-1,-1,2,0,2,0,2,0,0,0,0,2,0,0,2,0,0,2,2
105,3866.291,6224.672,-422.221,-26.532,0.894503,0.446595,-0.020420,-0.446889,0.894494,-0.013088,0.012421,0.020833,0.999706,0,0.81414,0.75571,48.849,1.511,-1,400.000,-1,375.000,-1,325.000,325.000,300.000,300.000,-1,450.000,500.000,-1,775.000,700.000,-1,-1,2,0,2,0,2,0,0,0,0,2,0,0,2,0,0,2,2
106,3910.701,6204.170,-421.681,-24.780,0.907721,0.419057,-0.020822,-0.419346,0.907746,-0.012077,0.013840,0.019694,0.999710,0,0.81523,0.87571,48.914,1.751,-1,400.000,-1,375.000,-1,325.000,325.000,300.000,300.000,-1,475.000,550.000,-1,775.000,700.000,-1,-1,2,0,2,0,2,0,0,0,0,2,0,0,2,0,0,2,2
107,3955.749,6185.109,-421.125,-22.934,0.920734,0.389605,-0.021390,-0.389891,0.920792,-0.011245,0.015315,0.018693,0.999708,0,0.81523,0.92304,48.914,1.846,-1,400.000,-1,375.000,-1,325.000,325.000,300.000,300.000,-1,500.000,575.000,-1,775.000,725.000,-1,-1,2,0,2,0,2,0,0,0,0,2,0,0,2,0,0,2,2
108,4001.387,6167.510,-420.510,-21.088,0.932793,0.359746,-0.021924,-0.360028,0.932883,-0.010498,0.016676,0.017685,0.999705,0,0.81523,0.92304,48.914,1.846,-1,400.000,-1,375.000,-1,325.000,325.000,300.000,300.000,-1,550.000,625.000,-1,775.000,725.000,-1,-1,2,0,2,0,2,0,0,0,0,2,0,0,2,0,0,2,2
109,4047.568,6151.389,-419.617,-19.242,0.943905,0.329517,-0.021481,-0.329768,0.944016,-0.009292,0.017216,0.015854,0.999726,0,0.81523,0.92304,48.914,1.846,-1,400.000,-1,375.000,-1,325.000,325.000,300.000,300.000,-1,600.000,675.000,-1,775.000,725.000,-1,-1,2,0,2,0,2,0,0,0,0,2,0,0,2,0,0,2,2
110,4094.245,6136.765,-418.743,-17.396,0.954038,0.298942,-0.021080,-0.299167,0.954164,-0.008378,0.017609,0.014300,0.999743,0,0.81523,0.92304,48.914,1.846,-1,400.000,-1,400.000,-1,325.000,325.000,300.000,300.000,-1,675.000,775.000,-1,775.000,725.000,-1,-1,2,0,2,0,2,0,0,0,0,2,0,0,2,0,0,2,2
111,4141.368,6123.652,-417.848,-15.550,0.963180,0.268054,-0.020772,-0.268256,0.963318,-0.007565,0.017983,0.012859,0.999756,0,0.81523,0.92304,48.914,1.846,-1,400.000,-1,400.000,-1,325.000,325.000,275.000,300.000,-1,750.000,850.000,-1,775.000,750.000,-1,-1,2,0,2,0,2,0,0,0,0,2,0,0,2,0,0,2,2
112,4188.890,6112.064,-416.931,-13.704,0.971320,0.236886,-0.020547,-0.237068,0.971469,-0.006855,0.018337,0.011529,0.999765,0,0.81523,0.92304,48.914,1.846,-1,400.000,-1,400.000,-1,325.000,325.000,275.000,300.000,-1,825.000,950.000,-1,775.000,750.000,-1,-1,2,0,2,0,2,0,0,0,0,2,0,0,2,0,0,2,2
113,4236.760,6102.013,-415.993,-11.858,0.978451,0.205471,-0.020392,-0.205634,0.978609,-0.006248,0.018672,0.010307,0.999773,0,0.81523,0.92304,48.914,1.846,-1,400.000,-1,400.000,-1,325.000,325.000,275.000,300.000,-1,900.000,-1,-1,775.000,750.000,-1,-1,2,0,2,0,2,0,0,0,0,2,0,2,2,0,0,2,2
114,4284.929,6093.509,-415.035,-10.012,0.984565,0.173841,-0.020298,-0.173989,0.984731,-0.005747,0.018989,0.009190,0.999777,0,0.81523,0.92304,48.914,1.846,-1,400.000,-1,400.000,-1,325.000,325.000,275.000,300.000,-1,975.000,-1,-1,775.000,750.000,-1,-1,2,0,2,0,2,0,0,0,0,2,0,2,2,0,0,2,2
115,4333.348,6086.561,-414.056,-8.166,0.989655,0.142029,-0.020253,-0.142163,0.989829,-0.005350,0.019287,0.008174,0.999781,0,0.81523,0.92304,48.914,1.846,-1,400.000,-1,400.000,-1,325.000,325.000,275.000,300.000,-1,-1,-1,-1,775.000,750.000,-1,-1,2,0,2,0,2,0,0,0,0,2,2,2,2,0,0,2,2
116,4381.964,6081.177,-413.058,-6.319,0.993718,0.110069,-0.020247,-0.110192,0.993897,-0.005056,0.019567,0.007255,0.999782,0,0.81523,0.92304,48.914,1.846,-1,400.000,-1,400.000,-1,325.000,325.000,275.000,300.000,-1,-1,-1,-1,775.000,750.000,-1,-1,2,0,2,0,2,0,0,0,0,2,2,2,2,0,0,2,2
117,4430.729,6077.362,-412.041,-4.473,0.996748,0.077995,-0.020270,-0.078108,0.996933,-0.004862,0.019829,0.006430,0.999783,0,0.81523,0.92304,48.914,1.846,-1,400.000,-1,400.000,-1,325.000,325.000,275.000,300.000,-1,-1,-1,-1,775.000,750.000,-1,-1,2,0,2,0,2,0,0,0,0,2,2,2,2,0,0,2,2
118,4479.592,6075.120,-411.005,-2.627,0.998742,0.045839,-0.020313,-0.045944,0.998933,-0.004767,0.020072,0.005694,0.999782,0,0.81523,0.92304,48.914,1.846,-1,400.000,-1,400.000,-1,325.000,325.000,275.000,300.000,-1,-1,-1,-1,775.000,750.000,-1,-1,2,0,2,0,2,0,0,0,0,2,2,2,2,0,0,2,2
119,4528.501,6074.453,-409.951,-0.781,0.999700,0.013635,-0.020366,-0.013735,0.999894,-0.004766,0.020299,0.005044,0.999781,0,0.81523,0.92304,48.914,1.846,-1,400.000,-1,400.000,-1,325.000,325.000,275.000,300.000,-1,-1,-1,-1,775.000,750.000,-1,-1,2,0,2,0,2,0,0,0,0,2,2,2,2,0,0,2,2
120,4577.407,6075.362,-408.881,1.065,0.999619,-0.018583,-0.020422,0.018488,0.999817,-0.004855,0.020508,0.004476,0.999780,0,0.81523,0.92304,48.914,1.846,-1,400.000,-1,400.000,-1,325.000,325.000,275.000,300.000,-1,-1,-1,-1,775.000,750.000,-1,-1,2,0,2,0,2,0,0,0,0,2,2,2,2,0,0,2,2
121,4626.258,6077.846,-407.883,2.911,0.998497,-0.050782,-0.020617,0.050689,0.998702,-0.005034,0.020846,0.003982,0.999775,0,0.81523,0.92304,48.914,1.846,-1,400.000,-1,400.000,-1,325.000,325.000,275.000,300.000,-1,-1,-1,-1,750.000,750.000,-1,-1,2,0,2,0,2,0,0,0,0,2,2,2,2,0,0,2,2
122,4675.004,6081.902,-406.914,4.757,0.996340,-0.082929,-0.020728,0.082838,0.996549,-0.005185,0.021086,0.003449,0.999772,0,0.81523,0.92304,48.914,1.846,-1,400.000,-1,400.000,-1,325.000,325.000,275.000,300.000,-1,-1,-1,-1,750.000,750.000,-1,-1,2,0,2,0,2,0,0,0,0,2,2,2,2,0,0,2,2
123,4723.593,6087.527,-405.936,6.603,0.993149,-0.114989,-0.020803,0.114899,0.993362,-0.005468,0.021293,0.003040,0.999769,0,0.81523,0.92304,48.914,1.846,-1,400.000,-1,400.000,-1,325.000,325.000,275.000,300.000,-1,-1,-1,-1,750.000,750.000,-1,-1,2,0,2,0,2,0,0,0,0,2,2,2,2,0,0,2,2
124,4771.976,6094.714,-404.950,8.449,0.988928,-0.146930,-0.020827,0.146839,0.989143,-0.005879,0.021464,0.002755,0.999766,0,0.81523,0.92304,48.914,1.846,-1,400.000,-1,400.000,-1,325.000,325.000,275.000,300.000,-1,-1,-1,-1,725.000,750.000,-1,-1,2,0,2,0,2,0,0,0,0,2,2,2,2,0,0,2,2
125,4820.103,6103.456,-403.960,10.295,0.983681,-0.178719,-0.020784,0.178623,0.983897,-0.006414,0.021595,0.002597,0.999763,0,0.81523,0.92304,48.914,1.846,-1,400.000,-1,400.000,-1,325.000,325.000,275.000,300.000,-1,-1,-1,-1,725.000,750.000,-1,-1,2,0,2,0,2,0,0,0,0,2,2,2,2,0,0,2,2
126,4867.923,6113.743,-402.965,12.141,0.977414,-0.210322,-0.020659,0.210219,0.977629,-0.007069,0.021684,0.002566,0.999762,0,0.81523,0.92304,48.914,1.846,-1,400.000,-1,400.000,-1,325.000,325.000,275.000,300.000,-1,-1,-1,-1,725.000,750.000,-1,-1,2,0,2,0,2,0,0,0,0,2,2,2,2,0,0,2,2
127,4915.387,6125.566,-401.967,13.987,0.970134,-0.241707,-0.020439,0.241594,0.970346,-0.007835,0.021726,0.002663,0.999760,0,0.81523,0.92304,48.914,1.846,-1,400.000,-1,400.000,-1,325.000,325.000,275.000,300.000,-1,-1,-1,-1,700.000,750.000,-1,-1,2,0,2,0,2,0,0,0,0,2,2,2,2,0,0,2,2
128,4962.445,6138.912,-400.968,15.833,0.961849,-0.272840,-0.020109,0.272717,0.962055,-0.008704,0.021720,0.002888,0.999760,0,0.81523,0.92304,48.914,1.846,-1,400.000,-1,400.000,-1,325.000,325.000,300.000,300.000,-1,-1,-1,-1,700.000,750.000,-1,-1,2,0,2,0,2,0,0,0,0,2,2,2,2,0,0,2,2
129,5009.049,6153.767,-399.969,17.679,0.952568,-0.303690,-0.019656,0.303554,0.952765,-0.009666,0.021663,0.003241,0.999760,0,0.81523,0.92304,48.914,1.846,-1,400.000,-1,400.000,-1,325.000,325.000,300.000,300.000,-1,-1,-1,-1,700.000,725.000,-1,-1,2,0,2,0,2,0,0,0,0,2,2,2,2,0,0,2,2
130,5053.066,6169.169,-399.013,19.286,0.943692,-0.330274,-0.019099,0.330124,0.943878,-0.010643,0.021543,0.003739,0.999761,0,0.77724,0.80304,46.634,1.606,-1,375.000,-1,400.000,-1,325.000,325.000,300.000,300.000,-1,-1,-1,-1,700.000,725.000,-1,-1,2,0,2,0,2,0,0,0,0,2,2,2,2,0,0,2,2
131,5096.703,6185.616,-398.052,20.652,0.935562,-0.352682,-0.018426,0.352516,0.935733,-0.011659,0.021354,0.004413,0.999762,0,0.77724,0.68304,46.634,1.366,-1,375.000,-1,400.000,-1,325.000,325.000,300.000,300.000,-1,-1,-1,-1,675.000,725.000,-1,-1,2,0,2,0,2,0,0,0,0,2,2,2,2,0,0,2,2
132,5140.009,6202.918,-397.084,21.778,0.928464,-0.371001,-0.017655,0.370821,0.928617,-0.012698,0.021105,0.005243,0.999764,0,0.77724,0.56304,46.634,1.126,-1,375.000,-1,400.000,-1,325.000,325.000,300.000,300.000,-1,-1,-1,-1,675.000,725.000,-1,-1,2,0,2,0,2,0,0,0,0,2,2,2,2,0,0,2,2
