timestep,x_cm,y_cm,z_cm,yaw_deg,basis_xx,basis_xy,basis_xz,basis_yx,basis_yy,basis_yz,basis_zx,basis_zy,basis_zz,teleport_flag,throttle_cmd,steering_cmd,cmd_move_cm,cmd_turn_deg,lidar_cm_0,lidar_cm_1,lidar_cm_2,lidar_cm_3,lidar_cm_4,lidar_cm_5,lidar_cm_6,lidar_cm_7,lidar_cm_8,lidar_cm_9,lidar_cm_10,lidar_cm_11,lidar_cm_12,lidar_cm_13,lidar_cm_14,lidar_cm_15,lidar_cm_16,lidar_class_0,lidar_class_1,lidar_class_2,lidar_class_3,lidar_class_4,lidar_class_5,lidar_class_6,lidar_class_7,lidar_class_8,lidar_class_9,lidar_class_10,lidar_class_11,lidar_class_12,lidar_class_13,lidar_class_14,lidar_class_15,lidar_class_16
0,-323.924,-4260.969,-68.949,32.657,0.841669,-0.539601,-0.020572,0.539588,0.841903,-0.006643,0.020904,-0.005509,0.999766,1,0.08000,0.12000,4.800,0.240,-1,425.000,-1,425.000,-1,350.000,350.000,300.000,300.000,-1,-1,-1,-1,875.000,-1,-1,-1,2,0,2,0,2,0,0,0,0,2,2,2,2,0,2,2,2
1,-315.886,-4255.721,-68.670,33.137,0.837133,-0.546634,-0.019989,0.546633,0.837351,-0.005978,0.020006,-0.005922,0.999782,0,0.16000,0.24000,9.600,0.480,-1,425.000,-1,425.000,-1,350.000,350.000,300.000,300.000,-1,-1,-1,-1,875.000,-1,-1,-1,2,0,2,0,2,0,0,0,0,2,2,2,2,0,2,2,2
2,-303.922,-4247.707,-68.258,33.816,0.830618,-0.556513,-0.019131,0.556529,0.830813,-0.004984,0.018668,-0.006507,0.999805,0,0.24000,0.33939,14.400,0.679,-1,425.000,-1,425.000,-1,325.000,350.000,300.000,300.000,-1,-1,-1,-1,875.000,-1,-1,-1,2,0,2,0,2,0,0,0,0,2,2,2,2,0,2,2,2
3,-288.098,-4236.834,-67.741,34.495,0.823994,-0.566314,-0.017950,0.566347,0.824159,-0.003707,0.016893,-0.007111,0.999832,0,0.32000,0.33939,19.200,0.679,-1,425.000,-1,425.000,-1,325.000,350.000,275.000,300.000,-1,-1,-1,-1,850.000,-1,-1,-1,2,0,2,0,2,0,0,0,0,2,2,2,2,0,2,2,2
4,-268.480,-4223.008,-67.129,35.173,0.817259,-0.576036,-0.016464,0.576083,0.817388,-0.002152,0.014697,-0.007726,0.999862,0,0.40000,0.33939,24.000,0.679,-1,400.000,-1,425.000,-1,325.000,325.000,275.000,300.000,-1,-1,-1,-1,850.000,1000.000,-1,-1,2,0,2,0,2,0,0,0,0,2,2,2,2,0,0,2,2
5,-245.137,-4206.140,-66.426,35.852,0.810412,-0.585676,-0.014732,0.585735,0.810502,-0.000316,0.012125,-0.008373,0.999891,0,0.48000,0.33939,28.800,0.679,-1,400.000,-1,425.000,-1,325.000,325.000,275.000,300.000,-1,-1,-1,-1,825.000,975.000,-1,-1,2,0,2,0,2,0,0,0,0,2,2,2,2,0,0,2,2
6,-218.138,-4186.140,-65.646,36.531,0.803452,-0.595233,-0.012782,0.595299,0.803502,0.001790,0.009205,-0.009048,0.999917,0,0.56000,0.33939,33.600,0.679,-1,400.000,-1,425.000,-1,325.000,325.000,275.000,300.000,-1,-1,-1,-1,825.000,975.000,-1,-1,2,0,2,0,2,0,0,0,0,2,2,2,2,0,0,2,2
7,-187.555,-4162.918,-65.312,37.210,0.796369,-0.604716,-0.010708,0.604765,0.796402,0.001772,0.007456,-0.007887,0.999941,0,0.64000,0.33939,38.400,0.679,-1,400.000,-1,425.000,-1,325.000,325.000,275.000,300.000,-1,-1,-1,-1,800.000,950.000,-1,-1,2,0,2,0,2,0,0,0,0,2,2,2,2,0,0,2,2
8,-153.461,-4136.388,-64.994,37.888,0.789174,-0.614112,-0.008433,0.614145,0.789192,0.001714,0.005603,-0.006532,0.999963,0,0.72000,0.33933,43.200,0.679,-1,400.000,-1,425.000,-1,325.000,325.000,275.000,300.000,-1,-1,-1,-1,800.000,950.000,-1,-1,2,0,2,0,2,0,0,0,0,2,2,2,2,0,0,2,2
9,-115.931,-4106.464,-64.684,38.566,0.781872,-0.623410,-0.005991,0.623428,0.781879,0.001732,0.003605,-0.005089,0.999981,0,0.80000,0.33887,48.000,0.678,-1,400.000,-1,425.000,-1,325.000,325.000,300.000,300.000,-1,-1,-1,-1,800.000,925.000,-1,-1,2,0,2,0,2,0,0,0,0,2,2,2,2,0,0,2,2
10,-77.003,-4074.667,-64.429,39.243,0.774470,-0.632601,-0.003465,0.632608,0.774470,0.001809,0.001540,-0.003593,0.999992,0,0.83772,0.33820,50.263,0.676,-1,400.000,-1,425.000,-1,325.000,325.000,300.000,300.000,-1,-1,-1,-1,800.000,900.000,-1,-1,2,0,2,0,2,0,0,0,0,2,2,2,2,0,0,2,2
11,-38.153,-4042.164,-64.566,39.917,0.766973,-0.641679,0.000547,0.641678,0.766972,0.001633,-0.001467,-0.000902,0.999999,0,0.84423,0.33732,50.654,0.675,-1,400.000,-1,425.000,-1,325.000,325.000,300.000,300.000,-1,-1,-1,-1,775.000,875.000,-1,-1,2,0,2,0,2,0,0,0,0,2,2,2,2,0,1,2,2
12,0.610,-4008.952,-64.708,40.590,0.759378,-0.650636,0.004282,0.650636,0.759388,0.001530,-0.004247,0.001624,0.999990,0,0.85076,0.33623,51.045,0.672,-1,400.000,-1,425.000,-1,325.000,325.000,300.000,300.000,-1,-1,-1,-1,775.000,825.000,-1,-1,2,0,2,0,2,0,0,0,0,2,2,2,2,0,1,2,2
13,39.277,-3975.030,-64.847,41.259,0.751696,-0.659465,0.007733,0.659475,0.751725,0.001442,-0.006764,0.004016,0.999969,0,0.85729,0.33492,51.437,0.670,-1,400.000,-1,400.000,-1,325.000,325.000,300.000,300.000,-1,-1,-1,-1,750.000,800.000,1000.000,-1,2,0,2,0,2,0,0,0,0,2,2,2,2,0,1,1,2
14,77.838,-3940.399,-64.998,41.926,0.743938,-0.668160,0.010887,0.668188,0.743991,0.001429,-0.009055,0.006211,0.999940,0,0.86382,0.33338,51.829,0.667,-1,400.000,-1,400.000,-1,325.000,325.000,300.000,300.000,-1,-1,-1,-1,750.000,775.000,950.000,-1,2,0,2,0,2,0,0,0,0,2,2,2,2,0,1,1,2
15,116.284,-3905.060,-65.351,42.589,0.736128,-0.676722,0.012757,0.676761,0.736201,0.001632,-0.010496,0.007432,0.999917,0,0.87033,0.33161,52.220,0.663,-1,375.000,-1,400.000,-1,325.000,325.000,300.000,300.000,-1,-1,-1,-1,725.000,725.000,900.000,-1,2,0,2,0,2,0,0,0,0,2,2,2,2,0,1,1,2
16,154.604,-3869.013,-65.786,43.249,0.728275,-0.685143,0.013951,0.685189,0.728363,0.001915,-0.011474,0.008165,0.999901,0,0.87683,0.32958,52.610,0.659,975.000,375.000,-1,400.000,-1,325.000,325.000,300.000,325.000,-1,-1,-1,-1,725.000,700.000,850.000,950.000,1,0,2,0,2,0,0,0,0,2,2,2,2,0,1,1,1
17,192.789,-3832.263,-66.241,43.903,0.720384,-0.693414,0.014980,0.693469,0.720484,0.002024,-0.012197,0.008930,0.999886,0,0.88329,0.32728,52.997,0.655,925.000,375.000,1000.000,400.000,-1,325.000,325.000,300.000,325.000,-1,-1,-1,-1,700.000,675.000,800.000,875.000,1,0,1,0,2,0,0,0,0,2,2,2,2,1,1,1,1
18,230.830,-3794.812,-66.682,44.553,0.712463,-0.701531,0.015831,0.701593,0.712574,0.002107,-0.012758,0.009606,0.999872,0,0.88970,0.32469,53.382,0.649,850.000,375.000,950.000,400.000,-1,325.000,325.000,300.000,325.000,-1,-1,-1,-1,675.000,650.000,750.000,800.000,1,0,1,0,2,0,0,0,0,2,2,2,2,1,1,1,1
19,268.715,-3756.666,-67.107,45.196,0.704526,-0.709487,0.016499,0.709556,0.704645,0.002171,-0.013166,0.010178,0.999862,0,0.89604,0.32180,53.762,0.644,800.000,375.000,900.000,400.000,1000.000,325.000,325.000,300.000,325.000,-1,-1,-1,-1,625.000,600.000,700.000,725.000,1,0,1,0,1,0,0,0,0,2,2,2,2,1,1,1,1
20,306.435,-3717.832,-67.536,45.833,0.696583,-0.717276,0.016970,0.717350,0.696709,0.002322,-0.013488,0.010556,0.999853,0,0.90230,0.31858,54.138,0.637,725.000,375.000,850.000,400.000,850.000,325.000,325.000,300.000,325.000,-1,-1,-1,-1,600.000,575.000,650.000,675.000,1,0,1,0,1,0,0,0,0,2,2,2,2,1,1,1,1
21,343.980,-3678.319,-67.979,46.463,0.688647,-0.724892,0.017229,0.724966,0.688779,0.002602,-0.013753,0.010699,0.999848,0,0.90844,0.31500,54.506,0.630,650.000,375.000,800.000,400.000,750.000,300.000,325.000,300.000,325.000,-1,-1,-1,-1,575.000,550.000,600.000,600.000,1,0,1,0,1,0,0,0,0,2,2,2,2,1,1,1,1
22,381.340,-3638.136,-68.505,47.085,0.680738,-0.732324,0.017279,0.732406,0.680864,0.002104,-0.013305,0.011223,0.999848,0,0.91445,0.31105,54.867,0.622,600.000,375.000,725.000,375.000,650.000,300.000,325.000,300.000,325.000,-1,-1,-1,-1,525.000,500.000,550.000,550.000,1,0,1,0,1,0,0,0,0,2,2,2,2,1,1,1,1
23,418.503,-3597.296,-69.229,47.699,0.672868,-0.739559,0.017356,0.739665,0.672975,0.000423,-0.011993,0.012553,0.999849,0,0.92030,0.30670,55.218,0.613,550.000,375.000,675.000,375.000,550.000,300.000,325.000,300.000,325.000,-1,-1,-1,-1,500.000,475.000,500.000,500.000,1,0,1,1,1,0,0,0,0,2,2,2,2,1,1,1,1
24,458.219,-3552.322,-69.929,48.552,0.661793,-0.749488,0.017265,0.749614,0.661874,-0.001328,-0.010431,0.013821,0.999850,0,1.00000,0.42670,60.000,0.853,475.000,375.000,625.000,350.000,475.000,300.000,325.000,300.000,325.000,-1,-1,-1,-1,450.000,450.000,450.000,425.000,1,1,1,1,1,0,0,0,0,2,2,2,2,1,1,1,1
25,497.069,-3506.599,-70.506,49.646,0.647388,-0.761968,0.017141,0.762110,0.647441,-0.003002,-0.008811,0.015006,0.999849,0,1.00000,0.54670,60.000,1.093,425.000,350.000,575.000,325.000,375.000,300.000,300.000,300.000,325.000,-1,-1,-1,-1,425.000,400.000,400.000,375.000,1,1,1,1,1,0,0,0,0,2,2,2,2,1,1,1,1
26,534.846,-3459.984,-70.968,50.979,0.629501,-0.776816,0.016915,0.776967,0.629524,-0.004576,-0.007094,0.016023,0.999846,0,1.00000,0.66670,60.000,1.333,375.000,300.000,500.000,300.000,325.000,300.000,300.000,300.000,325.000,-1,-1,-1,-1,375.000,375.000,350.000,325.000,1,1,1,1,1,1,0,0,0,2,2,2,2,1,1,1,1
27,571.327,-3412.349,-71.316,52.552,0.607957,-0.793797,0.016568,0.793953,0.607950,-0.006037,-0.005280,0.016824,0.999845,0,1.00000,0.78670,60.000,1.573,325.000,275.000,450.000,300.000,250.000,275.000,300.000,325.000,325.000,-1,-1,-1,-1,325.000,350.000,300.000,275.000,1,1,1,1,1,1,1,0,0,2,2,2,2,1,1,1,1
28,606.284,-3363.584,-69.997,54.366,0.582626,-0.812645,0.012437,0.812739,0.582531,-0.010647,0.001408,0.016311,0.999866,0,1.00000,0.90670,60.000,1.813,275.000,250.000,400.000,275.000,225.000,250.000,275.000,325.000,325.000,-1,-1,775.000,-1,300.000,325.000,250.000,225.000,1,1,1,1,1,1,1,0,0,2,2,0,2,1,1,1,1
29,639.684,-3313.739,-63.583,56.173,0.556896,-0.830579,0.002102,0.830243,0.556595,-0.029983,0.023733,0.018442,0.999548,0,1.00000,0.90353,60.000,1.807,300.000,225.000,375.000,275.000,200.000,225.000,250.000,350.000,350.000,-1,250.000,225.000,-1,275.000,300.000,250.000,200.000,1,1,1,1,1,1,1,0,1,2,0,0,2,1,1,1,1
30,671.521,-3262.879,-55.869,57.953,0.530783,-0.847453,-0.009665,0.846052,0.530505,-0.052534,0.049647,0.019707,0.998572,0,1.00000,0.89030,60.000,1.781,300.000,225.000,350.000,250.000,175.000,200.000,225.000,375.000,325.000,-1,150.000,150.000,-1,275.000,275.000,250.000,200.000,1,1,1,1,1,1,1,0,1,2,0,0,2,1,1,1,1
31,2295.772,2295.764,-129.531,-80.471,0.165931,0.985359,0.039178,-0.986090,0.165402,0.016398,0.009678,-0.041354,0.999098,1,0.00000,0.00000,60.000,2.000,-1,375.000,-1,375.000,-1,300.000,325.000,325.000,325.000,-1,500.000,400.000,-1,625.000,675.000,-1,-1,2,0,2,0,2,0,0,0,0,2,0,0,2,0,0,2,2
32,2296.587,2291.034,-129.485,-80.231,0.170060,0.984664,0.038947,-0.985386,0.169529,0.016586,0.009729,-0.041199,0.999104,0,0.08000,0.12000,4.800,0.240,-1,375.000,-1,375.000,-1,300.000,325.000,325.000,325.000,-1,500.000,400.000,-1,625.000,675.000,-1,-1,2,0,2,0,2,0,0,0,0,2,0,0,2,0,0,2,2
33,2298.295,2281.587,-129.396,-79.751,0.178311,0.983221,0.038483,-0.983925,0.177774,0.016964,0.009838,-0.040889,0.999115,0,0.16000,0.24000,9.600,0.480,-1,375.000,-1,375.000,-1,300.000,325.000,325.000,325.000,-1,500.000,400.000,-1,625.000,675.000,-1,-1,2,0,2,0,2,0,0,0,0,2,0,0,2,0,0,2,2
34,2301.034,2267.450,-129.268,-79.031,0.190663,0.980928,0.037778,-0.981604,0.190119,0.017535,0.010018,-0.040426,0.999132,0,0.24000,0.36000,14.400,0.720,-1,375.000,-1,375.000,-1,300.000,325.000,325.000,325.000,-1,475.000,400.000,-1,625.000,675.000,-1,-1,2,0,2,0,2,0,0,0,0,2,0,0,2,0,0,2,2
35,2305.002,2248.665,-129.107,-78.071,0.207086,0.977629,0.036824,-0.978269,0.206532,0.018302,0.010288,-0.039814,0.999154,0,0.32000,0.48000,19.200,0.960,-1,375.000,-1,375.000,-1,300.000,325.000,325.000,325.000,-1,475.000,375.000,-1,625.000,675.000,-1,-1,2,0,2,0,2,0,0,0,0,2,0,0,2,0,0,2,2
36,2310.453,2225.292,-128.919,-76.871,0.227534,0.973119,0.035610,-0.973712,0.226968,0.019270,0.010669,-0.039058,0.999180,0,0.40000,0.60000,24.000,1.200,-1,375.000,-1,375.000,-1,300.000,300.000,325.000,325.000,-1,450.000,350.000,-1,625.000,650.000,-1,-1,2,0,2,0,2,0,0,0,0,2,0,0,2,0,0,2,2
37,2317.610,2197.396,-128.708,-75.611,0.248911,0.967925,0.034132,-0.968460,0.248328,0.020441,0.011309,-0.038144,0.999208,0,0.48000,0.63024,28.800,1.260,-1,375.000,-1,375.000,-1,300.000,300.000,325.000,325.000,-1,450.000,325.000,750.000,625.000,650.000,-1,-1,2,0,2,0,2,0,0,0,0,2,0,0,1,0,0,2,2
38,2326.677,2165.043,-128.473,-74.343,0.270301,0.962231,0.032387,-0.962698,0.269698,0.021817,0.012258,-0.037076,0.999237,0,0.56000,0.63402,33.600,1.268,-1,375.000,-1,375.000,-1,300.000,300.000,325.000,325.000,-1,400.000,325.000,650.000,625.000,650.000,-1,-1,2,0,2,0,2,0,0,0,0,2,0,0,1,0,0,2,2
39,2337.862,2128.308,-128.210,-73.065,0.291731,0.956018,0.030369,-0.956405,0.291105,0.023397,0.013528,-0.035871,0.999265,0,0.64000,0.63902,38.400,1.278,-1,375.000,-1,375.000,-1,300.000,300.000,325.000,325.000,-1,375.000,300.000,625.000,625.000,650.000,-1,-1,2,0,2,0,2,0,0,0,0,2,0,0,1,0,0,2,2
40,2351.374,2087.275,-127.911,-71.774,0.313231,0.949262,0.028072,-0.949556,0.312584,0.025180,0.015127,-0.034544,0.999289,0,0.72000,0.64545,43.200,1.291,-1,375.000,-1,375.000,-1,300.000,300.000,325.000,325.000,-1,350.000,275.000,600.000,625.000,650.000,-1,-1,2,0,2,0,2,0,0,0,0,2,0,0,1,0,0,2,2
41,2367.160,2042.777,-127.367,-70.467,0.334834,0.941906,0.026430,-0.942134,0.334162,0.026817,0.016427,-0.033880,0.999291,0,0.78692,0.65351,47.215,1.307,-1,350.000,-1,350.000,-1,300.000,300.000,325.000,325.000,-1,350.000,300.000,600.000,625.000,625.000,-1,-1,2,0,2,0,2,0,0,0,0,2,0,0,1,0,0,2,2
42,2383.803,1999.102,-126.365,-69.140,0.356623,0.933884,0.026073,-0.934067,0.355864,0.029668,0.018428,-0.034934,0.999220,0,0.77898,0.66324,46.739,1.326,-1,350.000,-1,350.000,-1,300.000,300.000,325.000,325.000,-1,325.000,300.000,600.000,625.000,650.000,-1,-1,2,0,2,0,2,0,0,0,0,2,0,0,1,0,0,2,2
43,2401.323,1956.187,-125.218,-67.793,0.378582,0.925205,0.025927,-0.925333,0.377706,0.033131,0.020860,-0.036533,0.999115,0,0.77256,0.67375,46.353,1.348,-1,350.000,-1,375.000,-1,300.000,300.000,325.000,325.000,-1,325.000,300.000,600.000,650.000,650.000,-1,-1,2,0,2,0,2,0,0,0,0,2,0,0,1,0,0,2,2
44,2419.746,1913.974,-124.084,-66.423,0.400689,0.915857,0.025589,-0.915919,0.399696,0.036546,0.023243,-0.038081,0.999004,0,0.76765,0.68501,46.059,1.370,-1,375.000,-1,375.000,-1,300.000,300.000,325.000,325.000,-1,300.000,300.000,625.000,650.000,650.000,-1,-1,2,0,2,0,2,0,0,0,0,2,0,0,1,0,0,2,2
45,2439.104,1872.406,-122.866,-65.029,0.422928,0.905823,0.024854,-0.905811,0.421839,0.039486,0.025283,-0.039213,0.998911,0,0.76423,0.69698,45.854,1.394,-1,375.000,-1,375.000,-1,300.000,300.000,325.000,325.000,-1,300.000,300.000,625.000,650.000,650.000,-1,-1,2,0,2,0,2,0,0,0,0,2,0,0,1,0,0,2,2
46,2459.434,1831.436,-121.563,-63.610,0.445290,0.895071,0.023761,-0.894980,0.444132,0.041936,0.026983,-0.039939,0.998838,0,0.76228,0.70962,45.737,1.419,-1,375.000,-1,375.000,-1,300.000,300.000,325.000,325.000,-1,325.000,325.000,650.000,675.000,675.000,-1,-1,2,0,2,0,2,0,0,0,0,2,0,0,1,0,0,2,2
47,2480.775,1791.020,-120.221,-62.164,0.467784,0.883561,0.022311,-0.883374,0.466565,0.044355,0.028781,-0.040457,0.998767,0,0.76174,0.72291,45.704,1.446,-1,375.000,-1,375.000,-1,300.000,300.000,325.000,325.000,-1,325.000,350.000,675.000,675.000,675.000,-1,-1,2,0,2,0,2,0,0,0,0,2,0,0,1,0,0,2,2
48,2503.174,1751.122,-118.804,-60.690,0.490393,0.871264,0.020339,-0.870958,0.489130,0.046743,0.030777,-0.040637,0.998700,0,0.76259,0.73683,45.755,1.474,-1,375.000,-1,375.000,-1,300.000,300.000,325.000,325.000,-1,325.000,350.000,700.000,700.000,675.000,-1,-1,2,0,2,0,2,0,0,0,0,2,0,0,1,0,0,2,2
49,2526.679,1711.713,-117.403,-59.187,0.513107,0.858129,0.018333,-0.857703,0.511806,0.048993,0.032660,-0.040863,0.998631,0,0.76478,0.75137,45.887,1.503,-1,375.000,-1,375.000,-1,300.000,300.000,325.000,325.000,-1,350.000,325.000,750.000,725.000,700.000,-1,-1,2,0,2,0,2,0,0,0,0,2,0,0,1,0,0,2,2
50,2551.341,1672.769,-116.018,-57.654,0.535907,0.844119,0.016319,-0.843576,0.534574,0.051100,0.034411,-0.041151,0.998560,0,0.76827,0.76651,46.096,1.533,-1,375.000,-1,375.000,-1,300.000,300.000,325.000,325.000,-1,325.000,325.000,775.000,725.000,700.000,-1,-1,2,0,2,0,2,0,0,0,0,2,0,0,1,0,0,2,2
51,2577.216,1634.278,-114.708,-56.090,0.558777,0.829189,0.014629,-0.828544,0.557406,0.053035,0.035821,-0.041756,0.998485,0,0.77301,0.78224,46.380,1.564,-1,375.000,-1,375.000,-1,300.000,300.000,325.000,300.000,-1,325.000,325.000,825.000,750.000,725.000,-1,-1,2,0,2,0,2,0,0,0,0,2,0,0,1,0,0,2,2
52,2607.093,1592.723,-113.298,-54.285,0.584630,0.811199,0.012810,-0.810450,0.583221,0.054997,0.037143,-0.042535,0.998404,0,0.85301,0.90224,51.180,1.804,-1,400.000,-1,375.000,-1,325.000,300.000,325.000,300.000,-1,300.000,325.000,900.000,750.000,725.000,-1,-1,2,0,2,0,2,0,0,0,0,2,0,0,1,0,0,2,2
53,2639.157,1551.130,-111.887,-52.372,0.611408,0.791239,0.011009,-0.790391,0.609961,0.056824,0.038246,-0.043444,0.998324,0,0.87528,0.95686,52.517,1.914,-1,400.000,-1,375.000,-1,325.000,300.000,325.000,300.000,-1,300.000,325.000,1000.000,775.000,750.000,-1,-1,2,0,2,0,2,0,0,0,0,2,0,0,1,0,0,2,2
54,2672.918,1510.283,-110.085,-50.427,0.637948,0.769998,0.011222,-0.769146,0.636389,0.058514,0.037914,-0.045960,0.998224,0,0.88322,0.97234,52.993,1.945,-1,400.000,-1,375.000,-1,325.000,325.000,325.000,300.000,-1,325.000,350.000,-1,800.000,750.000,-1,-1,2,0,2,0,2,0,0,0,0,2,0,0,2,0,0,2,2
55,2708.417,1470.231,-108.171,-48.450,0.664172,0.747481,0.012142,-0.746666,0.662469,0.060204,0.036957,-0.049052,0.998112,0,0.89200,0.98825,53.520,1.976,-1,400.000,-1,375.000,-1,325.000,325.000,325.000,300.000,-1,350.000,400.000,-1,800.000,775.000,-1,-1,2,0,2,0,2,0,0,0,0,2,0,0,2,0,0,2,2
56,2745.687,1431.027,-106.313,-46.450,0.689894,0.723794,0.012988,-0.723022,0.688046,0.061900,0.035867,-0.052095,0.997998,0,0.90156,1.00000,54.094,2.000,-1,400.000,-1,400.000,-1,325.000,325.000,300.000,300.000,-1,400.000,450.000,-1,800.000,800.000,-1,-1,2,0,2,0,2,0,0,0,0,2,0,0,2,0,0,2,2
57,2784.744,1392.716,-104.513,-44.450,0.714765,0.699229,0.013761,-0.698505,0.712774,0.063592,0.034657,-0.055065,0.997881,0,0.91183,1.00000,54.710,2.000,875.000,400.000,-1,400.000,-1,325.000,325.000,300.000,300.000,-1,450.000,525.000,-1,825.000,800.000,-1,-1,1,0,2,0,2,0,0,0,0,2,0,0,2,0,0,2,2
58,2825.595,1355.350,-102.872,-42.450,0.738743,0.673832,0.014435,-0.673177,0.736637,0.064790,0.033024,-0.057580,0.997795,0,0.92273,1.00000,55.364,2.000,775.000,400.000,-1,400.000,-1,325.000,325.000,300.000,300.000,-1,500.000,575.000,-1,825.000,825.000,-1,-1,1,0,2,0,2,0,0,0,0,2,0,0,2,0,0,2,2
59,2863.935,1322.386,-101.467,-40.690,0.759091,0.650811,0.015011,-0.650227,0.756894,0.065697,0.031395,-0.059631,0.997727,0,0.84273,0.88000,50.564,1.760,700.000,400.000,-1,400.000,-1,325.000,325.000,300.000,300.000,-1,550.000,650.000,-1,825.000,825.000,-1,-1,1,0,2,0,2,0,0,0,0,2,0,0,2,0,0,2,2
60,2899.414,1293.481,-100.423,-39.170,0.776063,0.630465,0.015511,-0.629971,0.773841,0.065622,0.029370,-0.060698,0.997724,0,0.76273,0.76000,45.764,1.520,650.000,400.000,-1,400.000,-1,325.000,325.000,300.000,300.000,-1,600.000,725.000,-1,825.000,850.000,-1,-1,1,0,2,0,2,0,0,0,0,2,0,0,2,0,0,2,2
61,2934.878,1265.884,-99.443,-37.890,0.789928,0.612990,0.016034,-0.612583,0.787692,0.065451,0.027491,-0.061524,0.997727,0,0.74895,0.64000,44.937,1.280,625.000,400.000,-1,400.000,-1,325.000,325.000,300.000,300.000,-1,675.000,800.000,-1,825.000,850.000,-1,-1,1,0,2,0,2,0,0,0,0,2,0,0,2,0,0,2,2
62,2971.233,1238.638,-98.482,-36.850,0.800899,0.598569,0.016599,-0.598245,0.798658,0.065187,0.025762,-0.062138,0.997735,0,0.75720,0.52000,45.432,1.040,575.000,400.000,-1,400.000,-1,325.000,325.000,300.000,300.000,-1,750.000,875.000,-1,825.000,850.000,-1,-1,1,1,2,0,2,0,0,0,0,2,0,0,2,0,0,2,2
63,3008.030,1211.855,-97.451,-36.050,0.809144,0.587358,0.017220,-0.587123,0.806934,0.064373,0.023914,-0.062198,0.997777,0,0.75855,0.40000,45.513,0.800,550.000,400.000,-1,400.000,-1,325.000,325.000,300.000,300.000,-1,850.000,975.000,-1,825.000,875.000,-1,-1,1,0,2,0,2,0,0,0,0,2,0,0,2,0,0,2,2
64,3045.125,1185.404,-96.415,-35.490,0.814812,0.579449,0.017889,-0.579300,0.812645,0.063392,0.022195,-0.062016,0.997828,0,0.75934,0.28000,45.560,0.560,550.000,400.000,-1,400.000,-1,325.000,325.000,300.000,300.000,-1,950.000,-1,-1,825.000,875.000,-1,-1,1,0,2,0,2,0,0,0,0,2,0,2,2,0,0,2,2
65,3082.375,1159.156,-95.449,-35.170,0.818010,0.574904,0.018568,-0.574825,0.815873,0.062673,0.020882,-0.061940,0.997861,0,0.75949,0.16000,45.569,0.320,525.000,400.000,-1,400.000,-1,325.000,325.000,300.000,300.000,-1,-1,-1,-1,825.000,900.000,-1,-1,1,0,2,0,2,0,0,0,0,2,2,2,2,0,0,2,2
66,3119.634,1132.980,-94.518,-35.090,0.818792,0.573767,0.019249,-0.573745,0.816678,0.062079,0.019899,-0.061873,0.997886,0,0.75891,0.04000,45.535,0.080,550.000,400.000,-1,400.000,-1,325.000,325.000,300.000,300.000,-1,-1,-1,-1,825.000,925.000,-1,-1,1,0,2,0,2,0,0,0,0,2,2,2,2,0,0,2,2
67,3156.752,1106.747,-93.588,-35.250,0.817171,0.576051,0.019929,-0.576076,0.815080,0.061482,0.019174,-0.061722,0.997909,0,0.75753,-0.08000,45.452,-0.160,625.000,400.000,-1,400.000,-1,325.000,325.000,300.000,300.000,-1,-1,-1,-1,825.000,925.000,-1,-1,1,0,2,0,2,0,0,0,0,2,2,2,2,0,0,2,2
68,3193.574,1080.336,-92.501,-35.650,0.813120,0.581757,0.019849,-0.581779,0.811081,0.060666,0.019193,-0.060877,0.997961,0,0.75525,-0.20000,45.315,-0.400,-1,400.000,-1,400.000,-1,325.000,325.000,300.000,300.000,-1,-1,-1,-1,825.000,950.000,-1,-1,2,0,2,0,2,0,0,0,0,2,2,2,2,0,0,2,2
69,3229.940,1053.629,-91.054,-36.290,0.806570,0.590863,0.018019,-0.590779,0.804645,0.059385,0.020590,-0.058543,0.998073,0,0.75199,-0.32000,45.119,-0.640,-1,425.000,-1,425.000,-1,325.000,325.000,325.000,300.000,-1,-1,-1,-1,850.000,1000.000,-1,-1,2,0,2,0,2,0,0,0,0,2,2,2,2,0,0,2,2
70,3265.688,1026.523,-90.023,-37.170,0.797398,0.603173,0.018404,-0.603096,0.795504,0.058726,0.020781,-0.057927,0.998104,0,0.74769,-0.44000,44.861,-0.880,-1,425.000,-1,425.000,-1,325.000,325.000,300.000,300.000,-1,-1,-1,-1,850.000,-1,-1,-1,2,0,2,0,2,0,0,1,0,2,2,2,2,0,2,2,2
71,3300.646,998.926,-89.432,-38.290,0.785450,0.618563,0.021194,-0.618613,0.783505,0.058622,0.019656,-0.059156,0.998055,0,0.74231,-0.56000,44.538,-1.120,-1,400.000,-1,400.000,-1,325.000,325.000,275.000,300.000,-1,-1,-1,-1,850.000,-1,-1,-1,2,0,2,0,2,0,0,1,0,2,2,2,2,0,2,2,2
72,3334.640,970.756,-89.019,-39.650,0.770532,0.636906,0.025117,-0.637146,0.768510,0.058631,0.018040,-0.061180,0.997964,0,0.73581,-0.68000,44.149,-1.360,-1,400.000,-1,400.000,-1,325.000,325.000,250.000,300.000,-1,-1,-1,-1,825.000,-1,-1,-1,2,0,2,0,2,0,0,1,0,2,2,2,2,0,2,2,2
73,3367.490,941.946,-88.258,-41.250,0.752447,0.658123,0.026413,-0.658398,0.750435,0.057960,0.018323,-0.061002,0.997969,0,0.72823,-0.80000,43.694,-1.600,-1,400.000,-1,400.000,-1,325.000,325.000,225.000,300.000,-1,-1,-1,-1,825.000,-1,-1,-1,2,0,2,0,2,0,0,1,0,2,2,2,2,0,2,2,2
74,3399.116,912.550,-87.532,-42.906,0.733114,0.679559,0.027270,-0.679843,0.731128,0.057147,0.018897,-0.060434,0.997993,0,0.71961,-0.82801,43.177,-1.656,-1,400.000,-1,400.000,-1,325.000,325.000,225.000,300.000,-1,-1,-1,-1,800.000,-1,-1,-1,2,0,2,0,2,0,0,1,0,2,2,2,2,0,2,2,2
75,3429.491,882.637,-86.755,-44.560,0.713193,0.700406,0.028071,-0.700698,0.711235,0.056281,0.019454,-0.059808,0.998020,0,0.71051,-0.82702,42.631,-1.654,-1,400.000,-1,425.000,-1,325.000,325.000,225.000,300.000,-1,-1,-1,-1,800.000,-1,-1,-1,2,0,2,0,2,0,0,1,0,2,2,2,2,0,2,2,2
76,3458.604,852.262,-85.928,-46.214,0.692689,0.720660,0.028812,-0.720959,0.690763,0.055365,0.019997,-0.059123,0.998050,0,0.70122,-0.82651,42.073,-1.653,-1,400.000,-1,425.000,-1,325.000,325.000,225.000,300.000,-1,-1,-1,-1,800.000,-1,-1,-1,2,0,2,0,2,0,0,1,0,2,2,2,2,0,2,2,2
77,3486.454,821.476,-85.055,-47.866,0.671610,0.740318,0.029491,-0.740620,0.669717,0.054406,0.020528,-0.058381,0.998083,0,0.69189,-0.82645,41.513,-1.653,-1,400.000,-1,425.000,-1,325.000,325.000,225.000,300.000,-1,-1,-1,-1,825.000,-1,-1,-1,2,0,2,0,2,0,0,1,0,2,2,2,2,0,2,2,2
78,3513.045,790.319,-84.136,-49.520,0.649961,0.759371,0.030103,-0.759676,0.648104,0.053410,0.021048,-0.057583,0.998119,0,0.68267,-0.82684,40.960,-1.654,-1,400.000,-1,450.000,-1,325.000,325.000,250.000,300.000,-1,-1,-1,-1,850.000,-1,-1,-1,2,0,2,0,2,0,0,1,0,2,2,2,2,0,2,2,2
79,3538.387,758.827,-83.173,-51.175,0.627747,0.777814,0.030646,-0.778119,0.625929,0.052381,0.021560,-0.056728,0.998157,0,0.67370,-0.82765,40.422,-1.655,-1,400.000,-1,450.000,-1,325.000,350.000,250.000,300.000,-1,-1,-1,-1,875.000,-1,-1,-1,2,0,2,0,2,0,0,1,0,2,2,2,2,0,2,2,2
80,3562.495,727.026,-82.303,-52.833,0.604953,0.795659,0.030958,-0.795967,0.603214,0.050696,0.021662,-0.055311,0.998234,0,0.66510,-0.82886,39.906,-1.658,-1,400.000,-1,450.000,-1,325.000,350.000,275.000,300.000,-1,-1,-1,-1,875.000,-1,-1,-1,2,0,2,0,2,0,0,1,0,2,2,2,2,0,2,2,2
81,3585.387,694.935,-81.561,-54.494,0.581501,0.812982,0.030287,-0.813306,0.580022,0.045917,0.019763,-0.051333,0.998486,0,0.65697,-0.83046,39.418,-1.661,-1,400.000,-1,450.000,-1,325.000,350.000,300.000,300.000,-1,-1,-1,-1,875.000,-1,-1,-1,2,0,2,0,2,0,0,0,0,2,2,2,2,0,2,2,2
82,3607.084,662.571,-80.593,-56.159,0.557478,0.829684,0.029042,-0.830012,0.556288,0.040293,0.017274,-0.046568,0.998766,0,0.64940,-0.83242,38.964,-1.665,-1,400.000,-1,450.000,-1,325.000,350.000,300.000,300.000,675.000,-1,-1,-1,900.000,-1,-1,-1,2,0,2,0,2,0,0,0,0,1,2,2,2,0,2,2,2
83,3627.608,629.942,-80.010,-57.828,0.532984,0.845656,0.028185,-0.845971,0.531955,0.036842,0.016163,-0.043480,0.998924,0,0.64245,-0.83471,38.547,-1.669,-1,425.000,-1,450.000,-1,350.000,350.000,325.000,275.000,600.000,-1,-1,-1,900.000,-1,-1,-1,2,0,2,0,2,0,0,0,0,1,2,2,2,0,2,2,2
84,3648.631,594.592,-79.814,-59.258,0.511695,0.858712,0.027962,-0.859016,0.510723,0.035409,0.016125,-0.042138,0.998982,0,0.68547,-0.71471,41.128,-1.429,-1,425.000,-1,450.000,-1,350.000,350.000,325.000,275.000,550.000,-1,-1,-1,900.000,-1,-1,-1,2,0,2,0,2,0,0,0,0,1,2,2,2,0,2,2,2
85,3668.760,559.089,-79.746,-60.447,0.493748,0.869156,0.027957,-0.869453,0.492804,0.034588,0.016285,-0.041385,0.999011,0,0.68020,-0.59471,40.812,-1.189,-1,425.000,-1,450.000,-1,350.000,350.000,325.000,300.000,525.000,-1,-1,-1,925.000,-1,-1,-1,2,0,2,0,2,0,0,0,0,1,2,2,2,0,2,2,2
86,3688.173,523.469,-79.301,-61.409,0.479025,0.877379,0.027223,-0.877672,0.478192,0.031999,0.015057,-0.039222,0.999117,0,0.67611,-0.48073,40.566,-0.961,-1,425.000,-1,450.000,-1,350.000,350.000,325.000,300.000,525.000,-1,-1,-1,925.000,-1,-1,-1,2,0,2,0,2,0,0,0,0,1,2,2,2,0,2,2,2
87,3706.896,487.688,-78.874,-62.377,0.464057,0.885406,0.026611,-0.885699,0.463326,0.029418,0.013717,-0.037221,0.999213,0,0.67306,-0.48433,40.384,-0.969,-1,425.000,-1,450.000,-1,350.000,350.000,325.000,300.000,525.000,-1,-1,-1,925.000,-1,-1,-1,2,0,2,0,2,0,0,0,0,1,2,2,2,0,2,2,2
88,3724.942,451.726,-78.957,-63.354,0.448814,0.893166,0.028648,-0.893562,0.448170,0.026294,0.010645,-0.037400,0.999244,0,0.67059,-0.48816,40.236,-0.976,-1,425.000,-1,450.000,-1,350.000,350.000,300.000,300.000,550.000,-1,-1,-1,925.000,-1,-1,-1,2,0,2,0,2,0,0,0,0,1,2,2,2,0,2,2,2
89,3742.317,415.562,-79.013,-64.338,0.433307,0.900728,0.030559,-0.901214,0.432757,0.023121,0.007601,-0.037558,0.999266,0,0.66869,-0.49218,40.121,-0.984,-1,425.000,-1,450.000,-1,350.000,350.000,300.000,300.000,575.000,-1,-1,-1,925.000,-1,-1,-1,2,0,2,0,2,0,0,0,0,1,2,2,2,0,2,2,2
90,3759.029,379.177,-79.042,-65.331,0.417532,0.908086,0.032342,-0.908651,0.417083,0.019898,0.004579,-0.037696,0.999279,0,0.66733,-0.49640,40.040,-0.993,-1,425.000,-1,450.000,-1,350.000,350.000,300.000,300.000,575.000,-1,-1,-1,925.000,-1,-1,-1,2,0,2,0,2,0,0,0,0,1,2,2,2,0,2,2,2
91,3775.082,342.551,-79.045,-66.332,0.401485,0.915235,0.033998,-0.915864,0.401143,0.016625,0.001578,-0.037813,0.999284,0,0.66649,-0.50081,39.989,-1.002,-1,425.000,-1,450.000,-1,350.000,350.000,300.000,300.000,625.000,-1,-1,-1,925.000,-1,-1,-1,2,0,2,0,2,0,0,0,0,1,2,2,2,0,2,2,2
92,3790.479,305.666,-79.021,-67.343,0.385162,0.922165,0.035526,-0.922848,0.384934,0.013303,-0.001407,-0.037909,0.999280,0,0.66616,-0.50539,39.969,-1.011,-1,400.000,-1,450.000,-1,325.000,350.000,300.000,300.000,650.000,-1,-1,-1,900.000,-1,-1,-1,2,0,2,0,2,0,0,0,0,1,2,2,2,0,2,2,2
93,3805.220,268.505,-78.970,-68.363,0.368560,0.928870,0.036924,-0.929594,0.368452,0.009932,-0.004379,-0.037984,0.999269,0,0.66631,-0.51013,39.978,-1.020,-1,400.000,-1,450.000,-1,325.000,350.000,300.000,300.000,675.000,-1,-1,-1,900.000,-1,-1,-1,2,0,2,0,2,0,0,0,0,1,2,2,2,0,2,2,2
94,3819.304,231.050,-78.892,-69.393,0.351677,0.935342,0.038190,-0.936093,0.351693,0.006510,-0.007342,-0.038039,0.999249,0,0.66691,-0.51504,40.015,-1.030,-1,400.000,-1,450.000,-1,325.000,350.000,275.000,300.000,725.000,-1,-1,-1,900.000,-1,-1,-1,2,0,2,0,2,0,0,0,0,1,2,2,2,0,2,2,2
95,3832.726,193.287,-78.786,-70.434,0.334511,0.941571,0.039323,-0.942336,0.334655,0.003039,-0.010298,-0.038072,0.999222,0,0.66795,-0.52009,40.077,-1.040,-1,400.000,-1,450.000,-1,325.000,350.000,275.000,300.000,750.000,-1,-1,-1,900.000,-1,-1,-1,2,0,2,0,2,0,0,0,0,1,2,2,2,0,2,2,2
96,3845.481,155.202,-78.654,-71.484,0.317059,0.947548,0.040321,-0.948313,0.317335,-0.000481,-0.013251,-0.038085,0.999187,0,0.66941,-0.52529,40.164,-1.051,-1,400.000,-1,450.000,-1,325.000,350.000,275.000,300.000,825.000,-1,-1,-1,900.000,-1,-1,-1,2,0,2,0,2,0,0,0,0,1,2,2,2,0,2,2,2
97,3857.562,116.781,-78.493,-72.545,0.299320,0.953264,0.041182,-0.954015,0.299731,-0.004050,-0.016204,-0.038076,0.999143,0,0.67125,-0.53063,40.275,-1.061,-1,425.000,-1,475.000,-1,350.000,350.000,275.000,325.000,875.000,-1,-1,-1,900.000,-1,-1,-1,2,0,2,0,2,0,0,0,0,1,2,2,2,0,2,2,2
98,3868.959,78.013,-78.514,-73.618,0.281333,0.958734,0.040989,-0.959431,0.281849,-0.007294,-0.018546,-0.037275,0.999133,0,0.67347,-0.53610,40.408,-1.072,-1,425.000,-1,475.000,-1,350.000,350.000,300.000,325.000,950.000,-1,-1,-1,900.000,-1,-1,-1,2,0,2,0,2,0,0,0,0,1,2,2,2,0,2,2,2
99,3879.660,38.888,-79.052,-74.701,0.263123,0.963990,0.038589,-0.964547,0.263698,-0.010570,-0.020366,-0.034439,0.999199,0,0.67603,-0.54170,40.562,-1.083,-1,425.000,-1,475.000,-1,350.000,350.000,300.000,300.000,1000.000,-1,-1,-1,925.000,-1,-1,-1,2,0,2,0,2,0,0,0,0,1,2,2,2,0,2,2,2
100,3889.654,-0.602,-79.972,-75.796,0.244627,0.968990,0.034866,-0.969335,0.245265,-0.015307,-0.023384,-0.030052,0.999275,0,0.67892,-0.54743,40.735,-1.095,-1,425.000,-1,475.000,-1,350.000,350.000,300.000,300.000,-1,-1,-1,-1,925.000,-1,-1,-1,2,0,2,0,2,0,0,0,0,2,2,2,2,0,2,2,2
101,3898.927,-40.465,-80.871,-76.903,0.225871,0.973666,0.030920,-0.973799,0.226534,-0.019926,-0.026405,-0.025609,0.999323,0,0.68211,-0.55328,40.927,-1.107,-1,425.000,-1,450.000,-1,350.000,350.000,300.000,300.000,-1,-1,-1,-1,925.000,-1,-1,-1,2,0,2,0,2,0,0,0,0,2,2,2,2,0,2,2,2
102,3907.464,-80.706,-82.480,-78.021,0.206804,0.977940,0.029415,-0.977974,0.207493,-0.022678,-0.028281,-0.024078,0.999310,0,0.68560,-0.55924,41.136,-1.118,-1,425.000,-1,450.000,-1,350.000,350.000,300.000,300.000,-1,-1,-1,-1,925.000,-1,-1,-1,2,0,2,0,2,0,0,0,0,2,2,2,2,0,2,2,2
103,3915.249,-121.328,-84.554,-79.152,0.187368,0.981836,0.029847,-0.981791,0.188155,-0.026142,-0.031283,-0.024406,0.999213,0,0.68936,-0.56531,41.362,-1.131,-1,425.000,-1,450.000,-1,350.000,350.000,300.000,275.000,-1,-1,-1,-1,900.000,-1,-1,-1,2,0,2,0,2,0,0,0,0,2,2,2,2,0,2,2,2
104,3922.263,-162.336,-86.619,-80.295,0.167648,0.985387,0.030097,-0.985250,0.168531,-0.029648,-0.034287,-0.024683,0.999107,0,0.69337,-0.57150,41.602,-1.143,-1,425.000,-1,450.000,-1,350.000,350.000,300.000,275.000,-1,-1,-1,-1,900.000,-1,-1,-1,2,0,2,0,2,0,0,0,0,2,2,2,2,0,2,2,2
105,3928.486,-203.728,-88.666,-81.450,0.147644,0.988579,0.030201,-0.988336,0.148623,-0.033214,-0.037323,-0.024945,0.998992,0,0.69762,-0.57779,41.857,-1.156,-1,425.000,-1,450.000,-1,350.000,350.000,300.000,275.000,-1,-1,-1,-1,875.000,-1,-1,-1,2,0,2,0,2,0,0,0,0,2,2,2,2,0,2,2,2
106,3933.899,-245.505,-90.697,-82.619,0.127360,0.991398,0.030155,-0.991034,0.128433,-0.036840,-0.040396,-0.025193,0.998866,0,0.70210,-0.58419,42.126,-1.168,-1,425.000,-1,450.000,-1,350.000,350.000,275.000,275.000,-1,-1,-1,-1,875.000,1000.000,-1,-1,2,0,2,0,2,0,0,0,0,2,2,2,2,0,0,2,2
107,3938.479,-287.664,-92.712,-83.800,0.106798,0.993829,0.029955,-0.993328,0.107966,-0.040523,-0.043507,-0.025428,0.998729,0,0.70677,-0.59068,42.406,-1.181,-1,425.000,-1,425.000,-1,350.000,350.000,275.000,275.000,-1,-1,-1,-1,850.000,1000.000,-1,-1,2,0,2,0,2,0,0,0,0,2,2,2,2,0,0,2,2
108,3942.205,-330.200,-94.712,-84.994,0.085964,0.995858,0.029598,-0.995205,0.087223,-0.044262,-0.046660,-0.025651,0.998581,0,0.71164,-0.59727,42.698,-1.195,-1,400.000,-1,425.000,-1,325.000,350.000,275.000,275.000,-1,-1,-1,-1,850.000,975.000,-1,-1,2,0,2,0,2,0,0,0,0,2,2,2,2,0,0,2,2
109,3945.053,-373.107,-96.698,-86.202,0.064863,0.997470,0.029079,-0.996648,0.066210,-0.048054,-0.049858,-0.025864,0.998421,0,0.71668,-0.60395,43.001,-1.208,-1,400.000,-1,425.000,-1,325.000,350.000,275.000,275.000,-1,-1,-1,-1,825.000,950.000,-1,-1,2,0,2,0,2,0,0,0,0,2,2,2,2,0,0,2,2
110,3947.000,-416.378,-98.672,-87.424,0.043501,0.998650,0.028393,-0.997641,0.044932,-0.051897,-0.053103,-0.026069,0.998249,0,0.72189,-0.61073,43.313,-1.221,-1,400.000,-1,425.000,-1,325.000,325.000,275.000,275.000,-1,-1,-1,-1,825.000,925.000,-1,-1,2,0,2,0,2,0,0,0,0,2,2,2,2,0,0,2,2
111,3947.998,-461.563,-100.702,-88.735,0.020553,0.999411,0.027496,-0.998191,0.022066,-0.055928,-0.056502,-0.026297,0.998056,0,0.75327,-0.65566,45.196,-1.311,-1,400.000,-1,425.000,-1,325.000,325.000,300.000,300.000,-1,-1,-1,-1,800.000,900.000,-1,-1,2,0,2,0,2,0,0,0,0,2,2,2,2,0,0,2,2
112,3948.167,-511.560,-102.914,-89.806,0.001784,0.999650,0.026404,-0.998168,0.003377,-0.060403,-0.060471,-0.026248,0.997825,0,0.83327,-0.53566,49.996,-1.071,-1,400.000,-1,425.000,-1,325.000,325.000,300.000,300.000,-1,-1,-1,-1,775.000,875.000,-1,-1,2,0,2,0,2,0,0,0,0,2,2,2,2,0,0,2,2
113,3947.557,-566.353,-105.313,-90.638,-0.012794,0.999602,0.025148,-0.997802,-0.011127,-0.065320,-0.065014,-0.025928,0.997547,0,0.91327,-0.41566,54.796,-0.831,-1,400.000,-1,400.000,-1,325.000,325.000,300.000,300.000,-1,-1,-1,-1,775.000,850.000,-1,-1,2,0,2,0,2,0,0,0,0,2,2,2,2,0,0,2,2
114,3946.371,-621.615,-107.717,-91.229,-0.023171,0.999447,0.023852,-0.997296,-0.021443,-0.070287,-0.069737,-0.025416,0.997242,0,0.92123,-0.29566,55.274,-0.591,-1,400.000,-1,400.000,-1,325.000,325.000,300.000,300.000,-1,-1,-1,-1,750.000,825.000,-1,-1,2,0,2,0,2,0,0,0,0,2,2,2,2,0,0,2,2
115,3944.844,-676.979,-110.997,-91.580,-0.029342,0.999297,0.023354,-0.996963,-0.027571,-0.072832,-0.072137,-0.025420,0.997071,0,0.92307,-0.17566,55.384,-0.351,-1,400.000,-1,400.000,-1,325.000,325.000,300.000,300.000,-1,-1,-1,-1,750.000,800.000,-1,-1,2,0,2,0,2,0,0,0,0,2,2,2,2,0,0,2,2
116,3943.206,-732.431,-115.125,-91.692,-0.031213,0.999267,0.022176,-0.996880,-0.029513,-0.073207,-0.072498,-0.024392,0.997070,0,0.92462,-0.05566,55.477,-0.111,-1,400.000,-1,400.000,-1,325.000,325.000,300.000,300.000,-1,-1,-1,-1,725.000,775.000,-1,-1,2,0,2,0,2,0,0,0,0,2,2,2,2,0,0,2,2
117,3941.511,-787.953,-119.260,-91.747,-0.032111,0.999264,0.020995,-0.996823,-0.030486,-0.073580,-0.072886,-0.023291,0.997068,0,0.92578,-0.02787,55.547,-0.056,-1,400.000,-1,400.000,-1,325.000,325.000,300.000,300.000,-1,-1,-1,-1,725.000,775.000,-1,-1,2,0,2,0,2,0,0,0,0,2,2,2,2,0,0,2,2
118,3939.752,-843.524,-123.402,-91.813,-0.033180,0.999253,0.019812,-0.996760,-0.031631,-0.073953,-0.073271,-0.022201,0.997065,0,0.92665,-0.03280,55.599,-0.066,-1,400.000,-1,400.000,-1,325.000,325.000,300.000,300.000,-1,-1,-1,-1,725.000,750.000,-1,-1,2,0,2,0,2,0,0,0,0,2,2,2,2,0,0,2,2
119,3937.918,-899.128,-127.549,-91.889,-0.034423,0.999234,0.018628,-0.996690,-0.032950,-0.074325,-0.073655,-0.021124,0.997060,0,0.92724,-0.03778,55.634,-0.076,-1,400.000,-1,400.000,-1,325.000,325.000,300.000,300.000,-1,-1,-1,-1,700.000,750.000,-1,-1,2,0,2,0,2,0,0,0,0,2,2,2,2,0,0,2,2
120,3936.000,-954.749,-131.700,-91.974,-0.035839,0.999205,0.017442,-0.996611,-0.034442,-0.074698,-0.074037,-0.020060,0.997054,0,0.92756,-0.04278,55.654,-0.086,-1,400.000,-1,400.000,-1,325.000,325.000,300.000,300.000,-1,-1,-1,-1,700.000,725.000,-1,-1,2,0,2,0,2,0,0,0,0,2,2,2,2,0,0,2,2
121,3933.989,-1010.370,-135.853,-92.070,-0.037430,0.999167,0.016255,-0.996524,-0.036110,-0.075069,-0.074419,-0.019009,0.997046,0,0.92762,-0.04779,55.657,-0.096,-1,375.000,-1,400.000,-1,325.000,325.000,300.000,300.000,-1,-1,-1,-1,700.000,725.000,-1,-1,2,0,2,0,2,0,0,0,0,2,2,2,2,0,0,2,2
122,3931.877,-1065.974,-140.009,-92.175,-0.039195,0.999118,0.015068,-0.996428,-0.037952,-0.075440,-0.074801,-0.017971,0.997037,0,0.92740,-0.05279,55.644,-0.106,-1,375.000,-1,400.000,-1,325.000,325.000,300.000,300.000,-1,-1,-1,-1,675.000,700.000,-1,-1,2,0,2,0,2,0,0,0,0,2,2,2,2,0,0,2,2
123,3929.653,-1121.545,-144.166,-92.291,-0.041133,0.999057,0.013880,-0.996321,-0.039967,-0.075810,-0.075184,-0.016947,0.997026,0,0.92693,-0.05777,55.616,-0.116,-1,375.000,-1,375.000,-1,325.000,325.000,300.000,300.000,-1,-1,-1,-1,675.000,675.000,-1,-1,2,0,2,0,2,0,0,0,0,2,2,2,2,0,0,2,2
124,3927.310,-1177.067,-148.322,-92.416,-0.043238,0.998984,0.012692,-0.996203,-0.042150,-0.076179,-0.075566,-0.015937,0.997013,0,0.92619,-0.06257,55.572,-0.125,-1,375.000,-1,375.000,-1,300.000,300.000,300.000,300.000,-1,-1,-1,-1,675.000,675.000,-1,-1,2,0,2,0,2,0,0,0,0,2,2,2,2,0,0,2,2
125,3924.843,-1232.526,-152.477,-92.547,-0.045445,0.998901,0.011503,-0.996075,-0.044435,-0.076547,-0.075951,-0.014937,0.997000,0,0.92522,-0.06552,55.513,-0.131,-1,375.000,-1,375.000,-1,300.000,300.000,300.000,300.000,-1,-1,-1,-1,650.000,650.000,-1,-1,2,0,2,0,2,0,0,0,0,2,2,2,2,0,0,2,2
126,3922.247,-1287.905,-156.630,-92.684,-0.047746,0.998806,0.010315,-0.995938,-0.046814,-0.076913,-0.076338,-0.013945,0.996984,0,0.92401,-0.06821,55.440,-0.136,-1,350.000,-1,375.000,-1,300.000,300.000,300.000,300.000,-1,-1,-1,-1,650.000,650.000,-1,-1,2,0,2,0,2,0,0,0,0,2,2,2,2,0,0,2,2
127,3919.518,-1343.192,-160.417,-92.825,-0.050099,0.998704,0.009005,-0.995921,-0.049278,-0.075579,-0.075037,-0.012755,0.997099,0,0.92257,-0.07065,55.354,-0.141,-1,350.000,-1,375.000,-1,300.000,300.000,300.000,300.000,-1,-1,-1,-1,650.000,650.000,-1,-1,2,0,2,0,2,0,0,0,0,2,2,2,2,0,0,2,2
128,3916.655,-1398.373,-163.682,-92.970,-0.052605,0.998575,0.008978,-0.996011,-0.051817,-0.072641,-0.072073,-0.012763,0.997318,0,0.92093,-0.07283,55.256,-0.146,-1,375.000,-1,375.000,-1,300.000,300.000,300.000,300.000,-1,-1,-1,-1,650.000,650.000,-1,-1,2,0,2,0,2,0,0,0,0,2,2,2,2,0,0,2,2
129,3913.653,-1453.437,-166.938,-93.120,-0.055178,0.998436,0.008965,-0.996083,-0.054422,-0.069696,-0.069099,-0.012776,0.997528,0,0.91911,-0.07475,55.146,-0.149,-1,375.000,-1,375.000,-1,300.000,300.000,300.000,300.000,-1,-1,-1,-1,650.000,650.000,-1,-1,2,0,2,0,2,0,0,0,0,2,2,2,2,0,0,2,2
130,3910.512,-1508.374,-170.184,-93.273,-0.057809,0.998287,0.008968,-0.996136,-0.057085,-0.066743,-0.066117,-0.012792,0.997730,0,0.91712,-0.07640,55.027,-0.153,-1,375.000,-1,375.000,-1,300.000,300.000,300.000,300.000,-1,-1,-1,-1,650.000,650.000,-1,-1,2,0,2,0,2,0,0,0,0,2,2,2,2,0,0,2,2
131,3907.229,-1563.175,-173.421,-93.428,-0.060487,0.998129,0.008987,-0.996171,-0.059794,-0.063782,-0.063125,-0.012811,0.997923,0,0.91499,-0.07777,54.899,-0.156,-1,375.000,-1,375.000,-1,300.000,300.000,325.000,300.000,-1,-1,-1,-1,675.000,650.000,-1,-1,2,0,2,0,2,0,0,0,0,2,2,2,2,0,0,2,2
132,3903.803,-1617.832,-176.648,-93.586,-0.063204,0.997960,0.009023,-0.996188,-0.062542,-0.060812,-0.060123,-0.012832,0.998108,0,0.91274,-0.07887,54.765,-0.158,-1,375.000,-1,375.000,-1,300.000,300.000,325.000,300.000,-1,950.000,700.000,-1,675.000,650.000,-1,-1,2,0,2,0,2,0,0,0,0,2,0,0,2,0,0,2,2
133,3900.235,-1672.339,-179.864,-93.745,-0.065949,0.997782,0.009076,-0.996187,-0.065318,-0.057833,-0.057111,-0.012856,0.998285,0,0.91041,-0.07969,54.624,-0.159,-1,375.000,-1,375.000,-1,300.000,300.000,300.000,300.000,-1,675.000,550.000,-1,675.000,650.000,-1,-1,2,0,2,0,2,0,0,0,0,2,0,0,2,0,0,2,2
134,3896.524,-1726.693,-183.069,-93.906,-0.068713,0.997595,0.009147,-0.996169,-0.068112,-0.054843,-0.054088,-0.012881,0.998453,0,0.90801,-0.08024,54.481,-0.160,-1,375.000,-1,375.000,-1,300.000,300.000,300.000,300.000,-1,525.000,450.000,-1,675.000,650.000,-1,-1,2,0,2,0,2,0,0,0,0,2,0,0,2,0,0,2,2
135,3892.670,-1780.890,-186.263,-94.067,-0.071486,0.997399,0.009236,-0.996134,-0.070916,-0.051843,-0.051053,-0.012907,0.998613,0,0.90558,-0.08051,54.335,-0.161,-1,375.000,-1,375.000,-1,300.000,300.000,300.000,300.000,-1,450.000,400.000,-1,675.000,650.000,-1,-1,2,0,2,0,2,0,0,0,0,2,0,0,2,0,0,2,2
136,3888.675,-1834.931,-189.447,-94.228,-0.074259,0.997195,0.009343,-0.996083,-0.073718,-0.048832,-0.048006,-0.012933,0.998763,0,0.90314,-0.08051,54.189,-0.161,-1,375.000,-1,375.000,-1,300.000,300.000,300.000,300.000,-1,375.000,350.000,-1,700.000,650.000,-1,-1,2,0,2,0,2,0,0,0,0,2,0,0,2,0,0,2,2
137,3884.540,-1888.816,-192.620,-94.388,-0.077021,0.996985,0.009468,-0.996016,-0.076511,-0.045808,-0.044945,-0.012959,0.998905,0,0.90073,-0.08024,54.044,-0.160,-1,375.000,-1,375.000,-1,300.000,300.000,300.000,300.000,-1,350.000,325.000,-1,700.000,650.000,-1,-1,2,0,2,0,2,0,0,0,0,2,0,0,2,0,0,2,2
