timestep,x_cm,y_cm,z_cm,yaw_deg,basis_xx,basis_xy,basis_xz,basis_yx,basis_yy,basis_yz,basis_zx,basis_zy,basis_zz,teleport_flag,throttle_cmd,steering_cmd,cmd_move_cm,cmd_turn_deg,lidar_cm_0,lidar_cm_1,lidar_cm_2,lidar_cm_3,lidar_cm_4,lidar_cm_5,lidar_cm_6,lidar_cm_7,lidar_cm_8,lidar_cm_9,lidar_cm_10,lidar_cm_11,lidar_cm_12,lidar_cm_13,lidar_cm_14,lidar_cm_15,lidar_cm_16,lidar_class_0,lidar_class_1,lidar_class_2,lidar_class_3,lidar_class_4,lidar_class_5,lidar_class_6,lidar_class_7,lidar_class_8,lidar_class_9,lidar_class_10,lidar_class_11,lidar_class_12,lidar_class_13,lidar_class_14,lidar_class_15,lidar_class_16
0,8200.806,-2947.189,-252.112,69.844,0.344449,-0.938725,-0.012218,0.938714,0.344568,-0.009430,0.013062,-0.008221,0.999881,1,0.08000,0.12000,4.800,0.240,-1,400.000,-1,375.000,-1,325.000,300.000,300.000,300.000,-1,800.000,950.000,-1,750.000,675.000,-1,-1,2,0,2,0,2,0,0,0,0,2,0,0,2,0,0,2,2
1,8204.039,-2938.149,-251.983,70.324,0.336568,-0.941577,-0.012456,0.941567,0.336691,-0.009495,0.013135,-0.008533,0.999877,0,0.16000,0.24000,9.600,0.480,-1,400.000,-1,375.000,-1,325.000,300.000,300.000,300.000,-1,825.000,950.000,-1,750.000,675.000,-1,-1,2,0,2,0,2,0,0,0,0,2,0,0,2,0,0,2,2
2,8208.717,-2924.530,-251.790,71.044,0.324703,-0.945729,-0.012815,0.945723,0.324831,-0.009593,0.013235,-0.009004,0.999872,0,0.24000,0.36000,14.400,0.720,-1,400.000,-1,375.000,-1,325.000,300.000,300.000,300.000,-1,825.000,975.000,-1,750.000,675.000,-1,-1,2,0,2,0,2,0,0,0,0,2,0,0,2,0,0,2,2
3,8214.648,-2906.269,-251.532,72.004,0.308803,-0.951033,-0.013293,0.951032,0.308938,-0.009720,0.013351,-0.009640,0.999864,0,0.32000,0.48000,19.200,0.960,-1,400.000,-1,375.000,-1,325.000,300.000,300.000,300.000,-1,850.000,-1,-1,750.000,675.000,-1,-1,2,0,2,0,2,0,0,0,0,2,0,2,2,0,0,2,2
4,8221.583,-2883.293,-251.209,73.204,0.288806,-0.957287,-0.013890,0.957293,0.288951,-0.009876,0.013468,-0.010444,0.999855,0,0.40000,0.60000,24.000,1.200,-1,400.000,-1,375.000,-1,325.000,300.000,300.000,300.000,-1,875.000,-1,-1,775.000,675.000,-1,-1,2,0,2,0,2,0,0,0,0,2,0,2,2,0,0,2,2
5,8229.210,-2855.521,-250.822,74.644,0.264644,-0.964236,-0.014606,0.964251,0.264801,-0.010057,0.013565,-0.011422,0.999843,0,0.48000,0.72000,28.800,1.440,-1,400.000,-1,375.000,-1,325.000,300.000,300.000,300.000,-1,900.000,-1,-1,775.000,675.000,-1,-1,2,0,2,0,2,0,0,0,0,2,0,2,2,0,0,2,2
6,8237.154,-2822.874,-250.373,76.324,0.236245,-0.971571,-0.015438,0.971598,0.236415,-0.010258,0.013616,-0.012576,0.999828,0,0.56000,0.84000,33.600,1.680,-1,400.000,-1,375.000,-1,325.000,325.000,300.000,300.000,-1,950.000,-1,-1,775.000,675.000,-1,-1,2,0,2,0,2,0,0,0,0,2,0,2,2,0,0,2,2
7,8245.079,-2785.301,-249.863,78.089,0.206189,-0.978375,-0.016380,0.978417,0.206373,-0.010474,0.013628,-0.013867,0.999811,0,0.64000,0.88253,38.400,1.765,-1,400.000,-1,375.000,-1,325.000,325.000,300.000,300.000,-1,-1,-1,-1,775.000,675.000,-1,-1,2,0,2,0,2,0,0,0,0,2,2,2,2,0,0,2,2
8,8252.675,-2742.774,-249.295,79.874,0.175599,-0.984307,-0.017430,0.984368,0.175800,-0.010700,0.013596,-0.015278,0.999791,0,0.72000,0.89234,43.200,1.785,-1,400.000,-1,375.000,-1,325.000,325.000,300.000,300.000,-1,-1,-1,-1,800.000,675.000,-1,-1,2,0,2,0,2,0,0,0,0,2,2,2,2,0,0,2,2
9,8259.619,-2695.279,-248.671,81.682,0.144434,-0.989340,-0.018582,0.989422,0.144651,-0.010926,0.013498,-0.016807,0.999768,0,0.80000,0.90407,48.000,1.808,-1,400.000,-1,375.000,-1,325.000,325.000,300.000,300.000,-1,-1,-1,-1,800.000,675.000,-1,-1,2,0,2,0,2,0,0,0,0,2,2,2,2,0,0,2,2
10,8265.579,-2642.816,-248.011,83.517,0.112646,-0.993436,-0.019879,0.993546,0.112881,-0.011154,0.013325,-0.018494,0.999740,0,0.88000,0.91785,52.800,1.836,-1,400.000,-1,375.000,-1,325.000,325.000,300.000,300.000,-1,-1,-1,-1,800.000,675.000,-1,-1,2,0,2,0,2,0,0,0,0,2,2,2,2,0,0,2,2
11,8269.935,-2588.852,-247.359,85.385,0.080188,-0.996550,-0.021393,0.996695,0.080442,-0.011287,0.012969,-0.020417,0.999707,0,0.90233,0.93382,54.140,1.868,-1,400.000,-1,375.000,-1,325.000,325.000,300.000,300.000,-1,-1,-1,-1,825.000,675.000,-1,-1,2,0,2,0,2,0,0,0,0,2,2,2,2,0,0,2,2
12,8272.506,-2539.580,-246.717,87.013,0.051828,-0.998391,-0.023028,0.998576,0.052101,-0.011445,0.012626,-0.022402,0.999669,0,0.82233,0.81382,49.340,1.628,-1,400.000,-1,375.000,-1,325.000,325.000,300.000,300.000,-1,-1,-1,-1,825.000,700.000,-1,-1,2,0,2,0,2,0,0,0,0,2,2,2,2,0,0,2,2
13,8273.789,-2493.621,-246.142,88.400,0.027617,-0.999317,-0.024540,0.999544,0.027907,-0.011564,0.012241,-0.024209,0.999632,0,0.76628,0.69382,45.977,1.388,-1,400.000,-1,375.000,-1,325.000,325.000,300.000,300.000,-1,-1,-1,-1,825.000,700.000,-1,-1,2,0,2,0,2,0,0,0,0,2,2,2,2,0,0,2,2
14,8274.159,-2446.586,-245.574,89.548,0.007580,-0.999631,-0.026073,0.999901,0.007886,-0.011654,0.011856,-0.025983,0.999592,0,0.78394,0.57382,47.036,1.148,-1,400.000,-1,375.000,-1,325.000,325.000,300.000,300.000,-1,-1,-1,-1,825.000,700.000,-1,-1,2,0,2,0,2,0,0,0,0,2,2,2,2,0,0,2,2
15,8273.781,-2399.036,-245.018,90.456,-0.008270,-0.999584,-0.027616,0.999900,-0.007949,-0.011718,0.011494,-0.027710,0.999550,0,0.79253,0.45382,47.552,0.908,-1,400.000,-1,375.000,-1,325.000,325.000,300.000,300.000,-1,-1,-1,-1,850.000,700.000,-1,-1,2,0,2,0,2,0,0,0,0,2,2,2,2,0,0,2,2
16,8272.844,-2351.282,-244.475,91.123,-0.019931,-0.999376,-0.029159,0.999739,-0.019595,-0.011757,0.011179,-0.029386,0.999506,0,0.79606,0.33382,47.764,0.668,-1,400.000,-1,375.000,-1,325.000,325.000,300.000,300.000,-1,-1,-1,-1,850.000,700.000,-1,-1,2,0,2,0,2,0,0,0,0,2,2,2,2,0,0,2,2
17,8271.545,-2303.348,-243.941,91.551,-0.027402,-0.999153,-0.030706,0.999565,-0.027052,-0.011778,0.010937,-0.031016,0.999459,0,0.79920,0.21382,47.952,0.428,-1,400.000,-1,375.000,-1,325.000,325.000,300.000,300.000,-1,-1,-1,-1,850.000,700.000,-1,-1,2,0,2,0,2,0,0,0,0,2,2,2,2,0,0,2,2
18,8270.085,-2255.240,-243.410,91.739,-0.030688,-0.999008,-0.032259,0.999471,-0.030322,-0.011785,0.010795,-0.032604,0.999410,0,0.80216,0.09382,48.130,0.188,-1,400.000,-1,375.000,-1,325.000,325.000,300.000,300.000,-1,-1,-1,-1,850.000,700.000,-1,-1,2,0,2,0,2,0,0,0,0,2,2,2,2,0,0,2,2
19,8268.663,-2206.968,-242.875,91.686,-0.029791,-0.998984,-0.033820,0.999498,-0.029407,-0.011786,0.010779,-0.034154,0.999358,0,0.80488,-0.02618,48.293,-0.052,-1,400.000,-1,375.000,-1,325.000,325.000,300.000,300.000,-1,-1,-1,-1,850.000,700.000,-1,-1,2,0,2,0,2,0,0,0,0,2,2,2,2,0,0,2,2
20,8267.484,-2158.545,-242.327,91.394,-0.024712,-0.999068,-0.035390,0.999635,-0.024308,-0.011787,0.010916,-0.035668,0.999304,0,0.80729,-0.14618,48.437,-0.292,-1,400.000,-1,375.000,-1,325.000,325.000,300.000,300.000,-1,-1,-1,-1,850.000,700.000,-1,-1,2,0,2,0,2,0,0,0,0,2,2,2,2,0,0,2,2
21,8266.754,-2109.992,-241.757,90.861,-0.015450,-0.999197,-0.036968,0.999818,-0.015024,-0.011797,0.011232,-0.037143,0.999247,0,0.80930,-0.26618,48.558,-0.532,-1,400.000,1000.000,375.000,-1,325.000,325.000,300.000,300.000,-1,-1,-1,-1,850.000,700.000,-1,-1,2,0,1,0,2,0,0,0,0,2,2,2,2,0,0,2,2
22,8266.536,-2061.343,-241.165,90.256,-0.004911,-0.999245,-0.038552,0.999920,-0.004458,-0.011823,0.011643,-0.038607,0.999187,0,0.81083,-0.30289,48.650,-0.606,-1,400.000,950.000,375.000,-1,325.000,325.000,300.000,300.000,-1,-1,-1,-1,825.000,700.000,1000.000,-1,2,0,1,0,2,0,0,0,0,2,2,2,2,1,0,1,2
23,8266.923,-2011.158,-240.527,89.557,0.007235,-0.999166,-0.040189,0.999900,0.007718,-0.011872,0.012172,-0.040099,0.999122,0,0.83644,-0.34909,50.186,-0.698,-1,400.000,900.000,375.000,-1,325.000,325.000,300.000,300.000,-1,-1,-1,-1,775.000,700.000,925.000,-1,2,0,1,0,2,0,0,0,0,2,2,2,2,1,0,1,2
24,8267.927,-1960.589,-239.859,88.862,0.019334,-0.998933,-0.041937,0.999732,0.019851,-0.011945,0.012765,-0.041695,0.999049,0,0.84298,-0.34794,50.579,-0.696,1000.000,400.000,850.000,375.000,-1,325.000,325.000,300.000,300.000,-1,-1,-1,-1,725.000,700.000,875.000,-1,1,0,1,0,2,0,0,0,0,2,2,2,2,1,0,1,2
25,8269.555,-1909.642,-239.141,88.168,0.031376,-0.998539,-0.043999,0.999418,0.031931,-0.011985,0.013372,-0.043597,0.998960,0,0.84955,-0.34657,50.973,-0.693,925.000,400.000,800.000,375.000,-1,325.000,325.000,300.000,300.000,-1,-1,-1,-1,675.000,675.000,800.000,-1,1,0,1,0,2,0,0,0,0,2,2,2,2,1,1,1,2
26,8271.814,-1858.324,-238.382,87.478,0.043351,-0.997997,-0.046077,0.998961,0.043949,-0.012050,0.014051,-0.045507,0.998865,0,0.85613,-0.34497,51.368,-0.690,850.000,400.000,750.000,375.000,-1,325.000,325.000,300.000,300.000,-1,-1,-1,-1,650.000,650.000,750.000,-1,1,0,1,0,2,0,0,0,0,2,2,2,2,1,1,1,2
27,8274.710,-1806.643,-237.577,86.792,0.055249,-0.997310,-0.048170,0.998363,0.055894,-0.012141,0.014801,-0.047421,0.998765,0,0.86271,-0.34313,51.763,-0.686,775.000,400.000,725.000,375.000,-1,325.000,325.000,300.000,300.000,-1,-1,-1,-1,600.000,625.000,675.000,-1,1,0,1,0,2,0,0,0,0,2,2,2,2,1,1,1,2
28,8278.247,-1754.605,-236.724,86.110,0.067060,-0.996481,-0.050279,0.997627,0.067756,-0.012259,0.015623,-0.049338,0.998660,0,0.86930,-0.34102,52.158,-0.682,700.000,400.000,675.000,375.000,-1,325.000,325.000,300.000,300.000,-1,-1,-1,-1,550.000,575.000,625.000,-1,1,0,1,0,2,0,0,0,0,2,2,2,2,1,1,1,2
29,8282.431,-1702.219,-235.817,85.433,0.078771,-0.995515,-0.052403,0.996756,0.079522,-0.012404,0.016516,-0.051256,0.998549,0,0.87587,-0.33863,52.552,-0.677,625.000,400.000,625.000,375.000,-1,325.000,325.000,300.000,300.000,-1,-1,-1,-1,500.000,550.000,550.000,-1,1,0,1,0,2,0,0,0,0,2,2,2,2,1,1,1,2
30,8287.264,-1649.495,-234.852,84.761,0.090369,-0.994414,-0.054541,0.995755,0.091181,-0.012577,0.017480,-0.053173,0.998432,0,0.88241,-0.33594,52.945,-0.672,550.000,400.000,575.000,375.000,-1,325.000,325.000,300.000,300.000,-1,-1,-1,-1,450.000,525.000,500.000,-1,1,1,1,0,2,0,0,0,0,2,2,2,2,1,1,1,2
31,8292.750,-1596.443,-233.825,84.095,0.101842,-0.993184,-0.056694,0.994628,0.102719,-0.012779,0.018515,-0.055088,0.998310,0,0.88891,-0.33291,53.335,-0.666,475.000,350.000,525.000,375.000,-1,325.000,300.000,300.000,300.000,-1,-1,-1,-1,400.000,500.000,425.000,-1,1,1,1,1,2,1,0,0,0,2,2,2,2,1,1,1,2
32,8298.890,-1543.074,-232.731,83.436,0.113175,-0.991830,-0.058862,0.993381,0.114124,-0.013010,0.019621,-0.057000,0.998181,0,0.89534,-0.32951,53.721,-0.659,425.000,300.000,475.000,350.000,-1,300.000,300.000,300.000,300.000,-1,-1,-1,-1,350.000,450.000,375.000,-1,1,1,1,1,2,1,1,0,0,2,2,2,2,1,1,1,2
33,8305.684,-1489.401,-231.567,82.785,0.124353,-0.990359,-0.061044,0.992020,0.125379,-0.013270,0.020796,-0.058906,0.998047,0,0.90169,-0.32572,54.101,-0.651,350.000,275.000,425.000,325.000,-1,250.000,275.000,300.000,300.000,-1,975.000,-1,-1,300.000,425.000,325.000,-1,1,1,1,1,2,1,1,0,0,2,0,2,2,1,1,1,2
34,8313.130,-1435.437,-230.327,82.142,0.135359,-0.988776,-0.063239,0.990552,0.136469,-0.013561,0.022039,-0.060806,0.997906,0,0.90792,-0.32148,54.475,-0.643,275.000,225.000,375.000,275.000,-1,225.000,250.000,300.000,300.000,-1,900.000,-1,-1,250.000,400.000,250.000,-1,1,1,1,1,2,1,1,0,0,2,0,2,2,1,1,1,2
35,8321.227,-1381.199,-229.009,81.508,0.146175,-0.987091,-0.065448,0.988983,0.147376,-0.013882,0.023348,-0.062698,0.997759,0,0.91399,-0.31675,54.839,-0.633,225.000,200.000,325.000,250.000,-1,175.000,225.000,300.000,300.000,-1,850.000,-1,-1,225.000,350.000,200.000,-1,1,1,1,1,2,1,1,0,0,2,0,2,2,1,1,1,2
36,8329.981,-1326.704,-223.862,80.885,0.156496,-0.986176,-0.054461,0.986982,0.158218,-0.028873,0.037091,-0.049233,0.998098,0,0.91986,-0.31147,55.192,-0.623,175.000,175.000,300.000,250.000,-1,150.000,200.000,350.000,300.000,-1,475.000,575.000,-1,200.000,350.000,150.000,-1,1,1,1,1,2,1,1,0,0,2,0,0,2,1,1,1,2
37,8339.374,-1271.970,-212.044,80.274,0.167864,-0.985590,-0.020822,0.983135,0.168926,-0.070065,0.072573,-0.008710,0.997325,0,0.92548,-0.30556,55.529,-0.611,175.000,175.000,350.000,250.000,-1,150.000,200.000,475.000,275.000,-1,250.000,150.000,-1,200.000,450.000,150.000,-1,1,1,1,1,2,1,1,0,0,2,0,0,2,1,1,1,2
38,8349.373,-1217.015,-197.298,79.676,0.180572,-0.983561,0.001198,0.976668,0.179163,-0.118412,0.116250,0.022552,0.992964,0,0.93078,-0.29894,55.847,-0.598,175.000,175.000,450.000,325.000,-1,175.000,225.000,625.000,275.000,-1,175.000,75.000,575.000,200.000,-1,150.000,-1,1,1,1,1,2,1,1,1,0,2,0,0,0,1,2,1,2
39,328.693,-328.083,-744.365,-94.301,-0.138819,0.951794,0.273527,-0.967633,-0.071584,-0.241997,-0.210752,-0.298268,0.930924,1,0.00000,0.00000,56.140,-0.583,-1,450.000,675.000,325.000,425.000,325.000,275.000,300.000,600.000,475.000,-1,-1,-1,600.000,450.000,850.000,450.000,2,1,1,1,1,1,1,1,1,1,2,2,2,1,1,1,1
40,-6229.214,6882.992,-341.714,-63.584,0.445514,0.894943,-0.024377,-0.895021,0.444574,-0.035939,-0.021326,0.037829,0.999057,1,0.08000,0.12000,4.800,0.240,-1,375.000,-1,375.000,-1,300.000,325.000,300.000,300.000,-1,925.000,875.000,-1,700.000,725.000,-1,-1,2,0,2,0,2,0,0,0,0,2,0,0,2,0,0,2,2
41,-6224.871,6874.431,-341.911,-63.104,0.452989,0.891178,-0.024533,-0.891273,0.452051,-0.035815,-0.020827,0.038089,0.999057,0,0.16000,0.24000,9.600,0.480,-1,375.000,-1,375.000,-1,300.000,325.000,300.000,300.000,-1,925.000,875.000,-1,700.000,725.000,-1,-1,2,0,2,0,2,0,0,0,0,2,0,0,2,0,0,2,2
42,-6218.244,6861.646,-342.200,-62.598,0.460832,0.887142,-0.024774,-0.887257,0.459897,-0.035625,-0.020211,0.038398,0.999058,0,0.24000,0.25296,14.400,0.506,-1,375.000,-1,375.000,-1,300.000,325.000,300.000,300.000,-1,900.000,850.000,-1,700.000,725.000,-1,-1,2,0,2,0,2,0,0,0,0,2,0,0,2,0,0,2,2
43,-6209.256,6844.680,-342.574,-62.090,0.468664,0.883020,-0.025102,-0.883162,0.467734,-0.035369,-0.019491,0.038745,0.999059,0,0.32000,0.25384,19.200,0.508,-1,375.000,-1,375.000,-1,300.000,325.000,300.000,300.000,-1,875.000,850.000,-1,725.000,725.000,-1,-1,2,0,2,0,2,0,0,0,0,2,0,0,2,0,0,2,2
44,-6197.833,6823.573,-343.026,-61.580,0.476495,0.878807,-0.025518,-0.878979,0.475571,-0.035044,-0.018661,0.039128,0.999060,0,0.40000,0.25511,24.000,0.510,-1,375.000,-1,375.000,-1,300.000,325.000,325.000,300.000,-1,875.000,825.000,-1,725.000,725.000,-1,-1,2,0,2,0,2,0,0,0,0,2,0,0,2,0,0,2,2
45,-6183.900,6798.368,-343.547,-61.066,0.484337,0.874495,-0.026026,-0.874702,0.483421,-0.034647,-0.017717,0.039545,0.999061,0,0.48000,0.25677,28.800,0.514,-1,375.000,-1,375.000,-1,300.000,325.000,325.000,300.000,-1,850.000,825.000,-1,725.000,725.000,-1,-1,2,0,2,0,2,0,0,0,0,2,0,0,2,0,0,2,2
46,-6167.379,6769.110,-344.127,-60.549,0.492198,0.870076,-0.026622,-0.870324,0.491293,-0.034164,-0.016646,0.039985,0.999062,0,0.56000,0.25882,33.600,0.518,-1,375.000,-1,375.000,-1,300.000,325.000,325.000,300.000,-1,825.000,800.000,-1,725.000,725.000,-1,-1,2,0,2,0,2,0,0,0,0,2,0,0,2,0,0,2,2
47,-6148.194,6735.846,-344.752,-60.026,0.500089,0.865543,-0.027309,-0.865836,0.499198,-0.033588,-0.015439,0.040442,0.999063,0,0.64000,0.26128,38.400,0.523,-1,375.000,-1,375.000,-1,300.000,325.000,325.000,300.000,-1,825.000,775.000,-1,725.000,725.000,-1,-1,2,0,2,0,2,0,0,0,0,2,0,0,2,0,0,2,2
48,-6126.800,6699.530,-345.368,-59.498,0.508021,0.860891,-0.027939,-0.861227,0.507150,-0.032959,-0.014205,0.040806,0.999066,0,0.70249,0.26413,42.149,0.528,-1,375.000,-1,375.000,-1,300.000,325.000,325.000,300.000,-1,800.000,775.000,-1,725.000,725.000,-1,-1,2,0,2,0,2,0,0,0,0,2,0,0,2,0,0,2,2
49,-6105.050,6663.385,-345.936,-58.963,0.516003,0.856110,-0.028558,-0.856489,0.515153,-0.032316,-0.012954,0.041135,0.999070,0,0.70308,0.26730,42.185,0.535,-1,375.000,-1,375.000,-1,300.000,325.000,325.000,300.000,-1,775.000,750.000,-1,725.000,725.000,-1,-1,2,0,2,0,2,0,0,0,0,2,0,0,2,0,0,2,2
50,-6082.943,6627.421,-346.455,-58.422,0.524032,0.851199,-0.029174,-0.851618,0.523206,-0.031640,-0.011668,0.041425,0.999073,0,0.70358,0.27047,42.215,0.541,-1,375.000,-1,375.000,-1,300.000,325.000,325.000,325.000,-1,775.000,750.000,-1,750.000,725.000,-1,-1,2,0,2,0,2,0,0,0,0,2,0,0,2,0,0,2,2
51,-6060.481,6591.649,-346.918,-57.875,0.532105,0.846155,-0.029776,-0.846615,0.531308,-0.030899,-0.010325,0.041650,0.999079,0,0.70401,0.27363,42.240,0.547,-1,375.000,-1,375.000,-1,300.000,325.000,325.000,325.000,-1,750.000,725.000,-1,750.000,725.000,-1,-1,2,0,2,0,2,0,0,0,0,2,0,0,2,0,0,2,2
52,-6037.663,6556.077,-347.333,-57.321,0.540221,0.840975,-0.030380,-0.841476,0.539454,-0.030141,-0.008959,0.041847,0.999084,0,0.70435,0.27679,42.261,0.554,-1,375.000,-1,375.000,-1,300.000,325.000,325.000,325.000,-1,750.000,700.000,-1,750.000,725.000,-1,-1,2,0,2,0,2,0,0,0,0,2,0,0,2,0,0,2,2
53,-6014.490,6520.717,-347.700,-56.761,0.548376,0.835657,-0.030989,-0.836197,0.547642,-0.029365,-0.007568,0.042015,0.999088,0,0.70461,0.27994,42.277,0.560,-1,375.000,-1,375.000,-1,300.000,325.000,325.000,325.000,-1,725.000,700.000,-1,750.000,725.000,-1,-1,2,0,2,0,2,0,0,0,0,2,0,0,2,0,0,2,2
54,-5990.963,6485.579,-348.019,-56.195,0.556569,0.830200,-0.031600,-0.830779,0.555869,-0.028571,-0.006154,0.042154,0.999092,0,0.70479,0.28308,42.288,0.566,-1,400.000,-1,375.000,-1,300.000,325.000,325.000,325.000,-1,700.000,675.000,-1,750.000,725.000,-1,-1,2,0,2,0,2,0,0,0,0,2,0,0,2,0,0,2,2
55,-5967.082,6450.673,-348.344,-55.623,0.564807,0.824610,-0.031810,-0.825207,0.564138,-0.027944,-0.005097,0.042033,0.999103,0,0.70489,0.28621,42.293,0.572,-1,400.000,-1,375.000,-1,300.000,325.000,325.000,325.000,-1,700.000,675.000,-1,775.000,725.000,-1,-1,2,0,2,0,2,0,0,0,0,2,0,0,2,0,0,2,2
56,-5942.850,6416.009,-348.660,-55.044,0.573086,0.818881,-0.031716,-0.819484,0.572445,-0.027428,-0.004304,0.041709,0.999121,0,0.70491,0.28932,42.295,0.579,-1,400.000,-1,375.000,-1,300.000,300.000,325.000,325.000,-1,725.000,700.000,-1,775.000,725.000,-1,-1,2,0,2,0,2,0,0,0,0,2,0,0,2,0,0,2,2
57,-5918.268,6381.596,-348.929,-54.461,0.581373,0.813024,-0.031602,-0.813630,0.580761,-0.026889,-0.003508,0.041344,0.999139,0,0.70485,0.29165,42.291,0.583,-1,400.000,-1,375.000,-1,325.000,300.000,325.000,325.000,-1,725.000,725.000,-1,775.000,725.000,-1,-1,2,0,2,0,2,0,0,0,0,2,0,0,2,0,0,2,2
58,-5893.340,6347.444,-349.149,-53.873,0.589663,0.807036,-0.031466,-0.807645,0.589081,-0.026326,-0.002710,0.040937,0.999158,0,0.70470,0.29390,42.282,0.588,-1,400.000,-1,375.000,-1,325.000,300.000,325.000,325.000,-1,750.000,750.000,-1,775.000,725.000,-1,-1,2,0,2,0,2,0,0,0,0,2,0,0,2,0,0,2,2
59,-5868.068,6313.563,-349.313,-53.281,0.597951,0.800919,-0.031348,-0.801530,0.597400,-0.025738,-0.001887,0.040516,0.999177,0,0.70448,0.29607,42.269,0.592,-1,400.000,-1,375.000,-1,325.000,300.000,325.000,325.000,-1,750.000,750.000,-1,775.000,725.000,-1,-1,2,0,2,0,2,0,0,0,0,2,0,0,2,0,0,2,2
60,-5842.456,6279.960,-349.422,-52.685,0.606234,0.794673,-0.031237,-0.795286,0.605714,-0.025126,-0.001046,0.040074,0.999196,0,0.70417,0.29815,42.250,0.596,-1,400.000,-1,375.000,-1,325.000,300.000,325.000,325.000,-1,775.000,775.000,-1,775.000,725.000,-1,-1,2,0,2,0,2,0,0,0,0,2,0,0,2,0,0,2,2
61,-5816.508,6246.646,-349.474,-52.084,0.614507,0.788299,-0.031075,-0.788911,0.614019,-0.024490,-0.000225,0.039565,0.999217,0,0.70379,0.30014,42.227,0.600,-1,400.000,-1,375.000,-1,325.000,300.000,325.000,325.000,-1,775.000,800.000,-1,775.000,750.000,-1,-1,2,0,2,0,2,0,0,0,0,2,0,0,2,0,0,2,2
62,-5790.226,6213.629,-349.475,-51.480,0.622765,0.781799,-0.030890,-0.782409,0.622309,-0.023829,0.000593,0.039008,0.999239,0,0.70333,0.30204,42.200,0.604,-1,400.000,-1,375.000,-1,325.000,300.000,325.000,325.000,-1,800.000,825.000,-1,800.000,750.000,-1,-1,2,0,2,0,2,0,0,0,0,2,0,0,2,0,0,2,2
63,-5763.617,6180.918,-349.424,-50.873,0.631004,0.775173,-0.030680,-0.775778,0.630581,-0.023143,0.001407,0.038404,0.999261,0,0.70280,0.30385,42.168,0.608,-1,400.000,-1,375.000,-1,325.000,325.000,325.000,325.000,-1,825.000,850.000,-1,800.000,750.000,-1,-1,2,0,2,0,2,0,0,0,0,2,0,0,2,0,0,2,2
64,-5736.683,6148.520,-349.322,-50.261,0.639219,0.768422,-0.030448,-0.769022,0.638829,-0.022430,0.002216,0.037753,0.999285,0,0.70219,0.30557,42.132,0.611,-1,400.000,-1,375.000,-1,325.000,325.000,325.000,325.000,-1,850.000,875.000,-1,850.000,750.000,-1,-1,2,0,2,0,2,0,0,0,0,2,0,0,2,0,0,2,2
65,-5709.430,6116.443,-349.155,-49.647,0.647407,0.761549,-0.030138,-0.762139,0.647050,-0.021689,0.002984,0.037011,0.999310,0,0.70152,0.30720,42.091,0.614,-1,400.000,-1,375.000,-1,325.000,325.000,325.000,325.000,-1,850.000,900.000,-1,875.000,750.000,-1,-1,2,0,2,0,2,0,0,0,0,2,0,0,2,0,0,2,2
66,-5681.861,6084.696,-348.934,-49.030,0.655562,0.754554,-0.029794,-0.755132,0.655239,-0.020918,0.003738,0.036212,0.999337,0,0.70078,0.30873,42.047,0.617,-1,400.000,-1,400.000,-1,325.000,325.000,325.000,325.000,-1,875.000,925.000,-1,900.000,775.000,-1,-1,2,0,2,0,2,0,0,0,0,2,0,0,2,0,0,2,2
67,-5653.983,6053.285,-348.661,-48.409,0.663679,0.747438,-0.029428,-0.748004,0.663390,-0.020118,0.004485,0.035364,0.999364,0,0.69997,0.31016,41.998,0.620,-1,400.000,-1,400.000,-1,325.000,325.000,325.000,325.000,-1,900.000,975.000,-1,925.000,775.000,-1,-1,2,0,2,0,2,0,0,0,0,2,0,0,2,0,0,2,2
68,-5625.800,6022.218,-348.335,-47.786,0.671755,0.740204,-0.029040,-0.740755,0.671498,-0.019288,0.005223,0.034468,0.999392,0,0.69910,0.31150,41.946,0.623,-1,400.000,-1,400.000,-1,325.000,325.000,325.000,325.000,-1,950.000,1000.000,-1,950.000,775.000,-1,-1,2,0,2,0,2,0,0,0,0,2,0,0,2,0,0,2,2
69,-5597.316,5991.501,-348.104,-47.161,0.679795,0.732839,-0.028735,-0.733382,0.679548,-0.019119,0.005515,0.034071,0.999404,0,0.69818,0.31274,41.891,0.625,-1,400.000,-1,400.000,-1,325.000,325.000,325.000,325.000,-1,1000.000,-1,-1,975.000,775.000,-1,-1,2,0,2,0,2,0,0,0,0,2,0,2,2,0,0,2,2
70,-5568.538,5961.140,-347.972,-46.533,0.687793,0.725347,-0.028493,-0.725887,0.687534,-0.019634,0.005348,0.034187,0.999401,0,0.69721,0.31388,41.832,0.628,-1,400.000,-1,400.000,-1,325.000,325.000,325.000,325.000,-1,-1,-1,-1,1000.000,775.000,-1,-1,2,0,2,0,2,0,0,0,0,2,2,2,2,0,0,2,2
71,-5540.011,5931.942,-347.861,-45.665,0.698708,0.714851,-0.028198,-0.715387,0.698439,-0.020115,0.005315,0.034227,0.999400,0,0.68035,0.43388,40.821,0.868,-1,400.000,-1,400.000,-1,325.000,325.000,325.000,325.000,-1,-1,-1,-1,-1,775.000,-1,-1,2,0,2,0,2,0,0,0,0,2,2,2,2,2,0,2,2
72,-5510.954,5903.330,-347.805,-44.558,0.712399,0.701224,-0.027779,-0.701751,0.712139,-0.020093,0.005692,0.033808,0.999412,0,0.67966,0.55388,40.779,1.108,-1,400.000,-1,400.000,-1,325.000,325.000,325.000,325.000,-1,-1,-1,-1,-1,775.000,-1,-1,2,0,2,0,2,0,0,0,0,2,2,2,2,2,0,2,2
73,-5481.249,5875.425,-347.696,-43.210,0.728698,0.684291,-0.027293,-0.684808,0.728447,-0.020076,0.006144,0.033319,0.999426,0,0.67927,0.67388,40.756,1.348,-1,400.000,-1,400.000,-1,325.000,325.000,325.000,325.000,-1,-1,-1,-1,-1,775.000,-1,-1,2,0,2,0,2,0,0,0,0,2,2,2,2,2,0,2,2
74,-5450.785,5848.357,-347.527,-41.622,0.747381,0.663858,-0.026725,-0.664362,0.747142,-0.020042,0.006663,0.032734,0.999442,0,0.67921,0.79388,40.752,1.588,-1,425.000,-1,400.000,-1,325.000,325.000,325.000,300.000,-1,-1,-1,-1,-1,775.000,-1,-1,2,0,2,0,2,0,0,0,0,2,2,2,2,2,0,2,2
75,-5419.563,5822.141,-347.295,-40.020,0.765656,0.642722,-0.026077,-0.643211,0.765430,-0.019941,0.007143,0.032041,0.999461,0,0.67947,0.80114,40.768,1.602,-1,425.000,-1,400.000,-1,325.000,325.000,325.000,300.000,-1,-1,-1,-1,-1,825.000,-1,-1,2,0,2,0,2,0,0,0,0,2,2,2,2,2,0,2,2
76,-5387.607,5796.798,-346.991,-38.416,0.783355,0.621058,-0.025351,-0.621529,0.783141,-0.019818,0.007545,0.031281,0.999482,0,0.67976,0.80206,40.786,1.604,-1,425.000,-1,400.000,-1,325.000,325.000,325.000,300.000,-1,-1,-1,-1,-1,850.000,-1,-1,2,0,2,0,2,0,0,0,0,2,2,2,2,2,0,2,2
77,-5354.940,5772.351,-346.625,-36.810,0.800462,0.598881,-0.024546,-0.599332,0.800260,-0.019622,0.007892,0.030418,0.999506,0,0.68004,0.80300,40.803,1.606,-1,450.000,-1,400.000,-1,325.000,325.000,325.000,300.000,-1,-1,-1,-1,-1,900.000,-1,-1,2,0,2,0,2,0,0,0,0,2,2,2,2,2,0,2,2
78,-5321.586,5748.819,-346.509,-35.202,0.816990,0.576228,-0.022091,-0.576607,0.816803,-0.018882,0.007164,0.028165,0.999578,0,0.68033,0.80395,40.820,1.608,-1,450.000,-1,400.000,-1,350.000,325.000,325.000,300.000,-1,-1,-1,-1,-1,925.000,-1,-1,2,0,2,0,2,0,0,0,0,2,2,2,2,2,0,2,2
79,-5287.570,5726.224,-346.560,-33.592,0.832909,0.553102,-0.018454,-0.553382,0.832742,-0.017597,0.005635,0.024869,0.999675,0,0.68061,0.80492,40.837,1.610,-1,450.000,-1,400.000,-1,350.000,325.000,300.000,300.000,-1,-1,-1,-1,-1,950.000,-1,-1,2,0,2,0,2,0,0,0,0,2,2,2,2,2,0,2,2
80,-5252.917,5704.586,-346.559,-31.980,0.848180,0.529503,-0.014768,-0.529693,0.848037,-0.016050,0.004025,0.021436,0.999762,0,0.68089,0.80591,40.854,1.612,-1,450.000,-1,400.000,-1,350.000,325.000,300.000,300.000,-1,-1,-1,-1,-1,975.000,-1,-1,2,0,2,0,2,0,0,0,0,2,2,2,2,2,0,2,2
81,-5221.887,5686.228,-346.517,-30.608,0.860642,0.509080,-0.011491,-0.509204,0.860524,-0.014476,0.002519,0.018310,0.999829,0,0.60089,0.68591,36.054,1.372,-1,450.000,-1,425.000,-1,350.000,350.000,300.000,325.000,-1,-1,-1,-1,-1,975.000,-1,-1,2,0,2,0,2,0,0,0,0,2,2,2,2,2,0,2,2
82,-5194.680,5670.849,-346.453,-29.476,0.870549,0.492006,-0.008639,-0.492081,0.870453,-0.012963,0.001142,0.015536,0.999879,0,0.52089,0.56591,31.254,1.132,-1,450.000,-1,425.000,-1,350.000,350.000,300.000,325.000,-1,-1,-1,-1,-1,1000.000,-1,-1,2,0,2,0,2,0,0,0,0,2,2,2,2,2,0,2,2
83,-5171.451,5658.192,-346.425,-28.585,0.878111,0.478414,-0.006407,-0.478457,0.878033,-0.011668,0.000044,0.013311,0.999911,0,0.44089,0.44591,26.454,0.892,-1,450.000,-1,425.000,-1,350.000,350.000,300.000,325.000,-1,-1,-1,-1,-1,1000.000,-1,-1,2,0,2,0,2,0,0,0,0,2,2,2,2,2,0,2,2
84,-5152.320,5648.048,-346.509,-27.933,0.883500,0.468403,-0.005073,-0.468430,0.883435,-0.010780,-0.000568,0.011901,0.999929,0,0.36089,0.32591,21.654,0.652,-1,450.000,-1,425.000,-1,350.000,350.000,300.000,325.000,-1,-1,-1,-1,-1,-1,-1,-1,2,0,2,0,2,0,0,0,0,2,2,2,2,2,2,2,2
85,-5137.374,5640.261,-346.582,-27.521,0.886846,0.462047,-0.004067,-0.462063,0.886789,-0.010109,-0.001064,0.010844,0.999941,0,0.28089,0.20591,16.854,0.412,-1,450.000,-1,425.000,-1,350.000,350.000,300.000,325.000,-1,-1,-1,-1,-1,-1,-1,-1,2,0,2,0,2,0,0,0,0,2,2,2,2,2,2,2,2
86,-5126.667,5634.723,-346.644,-27.349,0.888229,0.459389,-0.003361,-0.459399,0.888177,-0.009667,-0.001455,0.010131,0.999948,0,0.20089,0.08591,12.054,0.172,-1,450.000,-1,425.000,-1,350.000,350.000,300.000,325.000,-1,-1,-1,-1,-1,-1,-1,-1,2,0,2,0,2,0,0,0,0,2,2,2,2,2,2,2,2
87,-5120.229,5631.383,-346.684,-27.417,0.887682,0.460448,-0.002892,-0.460453,0.887634,-0.009441,-0.001780,0.009712,0.999951,0,0.12089,-0.03409,7.254,-0.068,-1,450.000,-1,425.000,-1,350.000,350.000,300.000,325.000,-1,-1,-1,-1,-1,-1,-1,-1,2,0,2,0,2,0,0,0,0,2,2,2,2,2,2,2,2
88,-5118.057,5630.241,-346.702,-27.726,0.885193,0.465216,-0.002658,-0.465219,0.885145,-0.009435,-0.002036,0.009588,0.999952,0,0.04089,-0.15409,2.454,-0.308,-1,450.000,-1,425.000,-1,350.000,350.000,300.000,325.000,-1,-1,-1,-1,-1,-1,-1,-1,2,0,2,0,2,0,0,0,0,2,2,2,2,2,2,2,2
89,-5120.123,5631.353,-346.697,-28.274,0.880702,0.473663,-0.002661,-0.473665,0.880652,-0.009646,-0.002226,0.009756,0.999950,0,-0.03911,-0.27409,-2.346,-0.548,-1,450.000,-1,425.000,-1,350.000,350.000,300.000,325.000,-1,-1,-1,-1,-1,-1,-1,-1,2,0,2,0,2,0,0,0,0,2,2,2,2,2,2,2,2
90,-5126.375,5634.814,-346.664,-28.969,0.874888,0.484317,-0.002926,-0.484320,0.874833,-0.010040,-0.002303,0.010201,0.999945,0,-0.11911,-0.34779,-7.146,-0.696,-1,450.000,-1,425.000,-1,350.000,350.000,300.000,325.000,-1,-1,-1,-1,-1,-1,-1,-1,2,0,2,0,2,0,0,0,0,2,2,2,2,2,2,2,2
91,-5133.257,5638.734,-346.644,-29.665,0.868943,0.494902,-0.003336,-0.494908,0.868882,-0.010484,-0.002290,0.010761,0.999939,0,-0.13200,-0.34790,-7.920,-0.696,-1,450.000,-1,425.000,-1,350.000,350.000,300.000,325.000,-1,-1,-1,-1,-1,-1,-1,-1,2,0,2,0,2,0,0,0,0,2,2,2,2,2,2,2,2
92,-5140.123,5642.756,-346.620,-30.361,0.862867,0.505417,-0.003755,-0.505426,0.862801,-0.010916,-0.002278,0.011317,0.999933,0,-0.13263,-0.34801,-7.958,-0.696,-1,450.000,-1,425.000,-1,350.000,350.000,300.000,325.000,-1,-1,-1,-1,-1,1000.000,-1,-1,2,0,2,0,2,0,0,0,0,2,2,2,2,2,0,2,2
93,-5146.972,5646.881,-346.593,-31.057,0.856662,0.515860,-0.004182,-0.515872,0.856590,-0.011335,-0.002265,0.011867,0.999927,0,-0.13325,-0.34812,-7.995,-0.696,-1,450.000,-1,425.000,-1,350.000,350.000,300.000,325.000,-1,-1,-1,-1,-1,1000.000,-1,-1,2,0,2,0,2,0,0,0,0,2,2,2,2,2,0,2,2
94,-5153.802,5651.108,-346.563,-31.754,0.850329,0.526230,-0.004616,-0.526246,0.850251,-0.011741,-0.002253,0.012413,0.999920,0,-0.13387,-0.34821,-8.032,-0.696,-1,450.000,-1,425.000,-1,350.000,350.000,300.000,325.000,-1,-1,-1,-1,-1,1000.000,-1,-1,2,0,2,0,2,0,0,0,0,2,2,2,2,2,0,2,2
95,-5160.611,5655.438,-346.529,-32.450,0.843869,0.536525,-0.005058,-0.536544,0.843785,-0.012134,-0.002242,0.012953,0.999914,0,-0.13448,-0.34830,-8.069,-0.697,-1,450.000,-1,425.000,-1,350.000,350.000,300.000,325.000,-1,-1,-1,-1,-1,1000.000,-1,-1,2,0,2,0,2,0,0,0,0,2,2,2,2,2,0,2,2
96,-5167.398,5659.870,-346.491,-33.147,0.837283,0.546742,-0.005507,-0.546765,0.837192,-0.012513,-0.002231,0.013488,0.999907,0,-0.13510,-0.34838,-8.106,-0.697,-1,450.000,-1,425.000,-1,350.000,350.000,300.000,325.000,-1,-1,-1,-1,-1,975.000,-1,-1,2,0,2,0,2,0,0,0,0,2,2,2,2,2,0,2,2
97,-5174.161,5664.405,-346.456,-33.844,0.830571,0.556880,-0.005995,-0.556908,0.830474,-0.012889,-0.002198,0.014044,0.999899,0,-0.13571,-0.34845,-8.142,-0.697,-1,450.000,-1,425.000,-1,350.000,350.000,300.000,325.000,-1,-1,-1,-1,-1,975.000,-1,-1,2,0,2,0,2,0,0,0,0,2,2,2,2,2,0,2,2
98,-5180.898,5669.042,-346.464,-34.541,0.823735,0.566936,-0.006696,-0.566972,0.823630,-0.013312,-0.002032,0.014763,0.999889,0,-0.13632,-0.34851,-8.179,-0.697,-1,450.000,-1,425.000,-1,350.000,325.000,300.000,325.000,-1,-1,-1,-1,-1,975.000,-1,-1,2,0,2,0,2,0,0,0,0,2,2,2,2,2,0,2,2
99,-5187.607,5673.782,-346.468,-35.238,0.816775,0.576909,-0.007401,-0.576953,0.816662,-0.013715,-0.001868,0.015472,0.999879,0,-0.13692,-0.34856,-8.215,-0.697,-1,450.000,-1,400.000,-1,350.000,325.000,300.000,325.000,-1,-1,-1,-1,-1,975.000,-1,-1,2,0,2,0,2,0,0,0,0,2,2,2,2,2,0,2,2
100,-5194.288,5678.625,-346.466,-35.935,0.809693,0.586797,-0.008108,-0.586851,0.809573,-0.014096,-0.001708,0.016172,0.999868,0,-0.13752,-0.34861,-8.251,-0.697,-1,450.000,-1,400.000,-1,350.000,325.000,300.000,325.000,-1,-1,-1,-1,-1,950.000,-1,-1,2,0,2,0,2,0,0,0,0,2,2,2,2,2,0,2,2
101,-5200.938,5683.570,-346.460,-36.633,0.802491,0.596599,-0.008818,-0.596662,0.802362,-0.014456,-0.001550,0.016862,0.999857,0,-0.13812,-0.34864,-8.287,-0.697,-1,450.000,-1,400.000,-1,350.000,325.000,300.000,325.000,-1,-1,-1,-1,-1,950.000,-1,-1,2,0,2,0,2,0,0,0,0,2,2,2,2,2,0,2,2
102,-5207.556,5688.617,-346.450,-37.330,0.795169,0.606313,-0.009529,-0.606386,0.795033,-0.014795,-0.001394,0.017543,0.999845,0,-0.13872,-0.34867,-8.323,-0.697,-1,450.000,-1,400.000,-1,350.000,325.000,300.000,325.000,-1,-1,-1,-1,-1,950.000,-1,-1,2,0,2,0,2,0,0,0,0,2,2,2,2,2,0,2,2
103,-5214.141,5693.767,-346.435,-38.027,0.787729,0.615937,-0.010242,-0.616021,0.787585,-0.015112,-0.001242,0.018214,0.999833,0,-0.13931,-0.34869,-8.359,-0.697,-1,450.000,-1,400.000,-1,350.000,325.000,300.000,325.000,-1,-1,-1,-1,-1,950.000,-1,-1,2,0,2,0,2,0,0,0,0,2,2,2,2,2,0,2,2
104,-5216.908,5696.005,-346.428,-38.965,0.777548,0.628735,-0.010545,-0.628822,0.777398,-0.015341,-0.001448,0.018559,0.999827,0,-0.05931,-0.46869,-3.559,-0.937,-1,450.000,-1,400.000,-1,350.000,325.000,300.000,325.000,-1,-1,-1,-1,-1,925.000,-1,-1,2,0,2,0,2,0,0,0,0,2,2,2,2,2,0,2,2
105,-5215.959,5695.205,-346.433,-40.142,0.764469,0.644576,-0.010457,-0.644657,0.764314,-0.015504,-0.002001,0.018594,0.999825,0,0.02069,-0.58869,1.241,-1.177,-1,450.000,-1,400.000,-1,350.000,325.000,300.000,325.000,-1,-1,-1,-1,-1,925.000,-1,-1,2,0,2,0,2,0,0,0,0,2,2,2,2,2,0,2,2
106,-5211.439,5691.197,-346.451,-41.560,0.748298,0.663287,-0.010003,-0.663356,0.748140,-0.015637,-0.002888,0.018337,0.999828,0,0.10069,-0.70869,6.041,-1.417,-1,450.000,-1,400.000,-1,350.000,325.000,325.000,325.000,-1,-1,-1,-1,-1,925.000,-1,-1,2,0,2,0,2,0,0,0,0,2,2,2,2,2,0,2,2
107,-5203.538,5683.773,-346.483,-43.217,0.728810,0.684654,-0.009215,-0.684704,0.728650,-0.015784,-0.004092,0.017813,0.999833,0,0.18069,-0.82869,10.841,-1.657,-1,450.000,-1,400.000,-1,350.000,325.000,325.000,325.000,-1,-1,-1,-1,-1,925.000,-1,-1,2,0,2,0,2,0,0,0,0,2,2,2,2,2,0,2,2
108,-5192.478,5672.713,-346.532,-44.999,0.707170,0.706997,-0.008122,-0.707022,0.707011,-0.015977,-0.005553,0.017041,0.999839,0,0.26069,-0.89125,15.641,-1.782,-1,450.000,-1,400.000,-1,325.000,325.000,325.000,325.000,-1,-1,-1,-1,-1,900.000,-1,-1,2,0,2,0,2,0,0,0,0,2,2,2,2,2,0,2,2
109,-5178.481,5657.816,-346.602,-46.783,0.684835,0.728667,-0.006751,-0.728662,0.684680,-0.016238,-0.007210,0.016039,0.999845,0,0.34069,-0.89157,20.441,-1.783,-1,425.000,-1,400.000,-1,325.000,325.000,325.000,325.000,-1,-1,-1,-1,-1,900.000,-1,-1,2,0,2,0,2,0,0,0,0,2,2,2,2,2,0,2,2
110,-5161.777,5638.892,-346.836,-48.567,0.661820,0.749640,-0.005747,-0.749612,0.661668,-0.016637,-0.008669,0.015318,0.999845,0,0.42069,-0.89213,25.241,-1.784,-1,425.000,-1,375.000,-1,325.000,325.000,325.000,325.000,-1,-1,-1,-1,-1,900.000,-1,-1,2,0,2,0,2,0,0,0,0,2,2,2,2,2,0,2,2
111,-5142.610,5615.760,-347.228,-50.353,0.638137,0.769912,-0.004098,-0.769850,0.637994,-0.017135,-0.010578,0.014090,0.999845,0,0.50069,-0.89300,30.041,-1.786,-1,425.000,-1,375.000,-1,325.000,325.000,325.000,325.000,-1,-1,-1,-1,-1,900.000,-1,-1,2,0,2,0,2,0,0,0,0,2,2,2,2,2,0,2,2
112,-5121.227,5588.252,-347.678,-52.141,0.613793,0.789464,-0.002306,-0.789366,0.613665,-0.017804,-0.012640,0.012748,0.999839,0,0.58069,-0.89427,34.841,-1.789,-1,425.000,-1,375.000,-1,325.000,325.000,325.000,325.000,-1,-1,-1,-1,-1,875.000,-1,-1,2,0,2,0,2,0,0,0,0,2,2,2,2,2,0,2,2
113,-5097.890,5556.208,-348.184,-53.933,0.588796,0.808282,-0.000401,-0.808145,0.588687,-0.018670,-0.014855,0.011317,0.999826,0,0.66069,-0.89602,39.641,-1.792,-1,425.000,-1,375.000,-1,325.000,325.000,325.000,325.000,-1,-1,-1,-1,-1,875.000,-1,-1,2,0,2,0,2,0,0,0,0,2,2,2,2,2,0,2,2
114,-5072.865,5519.482,-348.744,-55.730,0.563148,0.826354,0.001583,-0.826176,0.563065,-0.019763,-0.017223,0.009822,0.999803,0,0.74069,-0.89834,44.441,-1.797,-1,425.000,-1,375.000,-1,325.000,325.000,325.000,325.000,-1,-1,-1,-1,-1,875.000,-1,-1,2,0,2,0,2,0,0,0,0,2,2,2,2,2,0,2,2
115,-5046.432,5477.937,-349.355,-57.533,0.536851,0.843669,0.003607,-0.843446,0.536800,-0.021107,-0.019743,0.008289,0.999771,0,0.82069,-0.90130,49.241,-1.803,-1,425.000,-1,375.000,-1,325.000,325.000,325.000,325.000,-1,-1,-1,-1,-1,875.000,-1,-1,2,0,2,0,2,0,0,0,0,2,2,2,2,2,0,2,2
116,-5020.775,5434.653,-349.968,-59.343,0.509907,0.860212,0.005460,-0.859941,0.509890,-0.022661,-0.022277,0.006860,0.999728,0,0.83861,-0.90500,50.316,-1.810,-1,425.000,-1,400.000,-1,325.000,325.000,350.000,325.000,-1,-1,-1,-1,-1,875.000,-1,-1,2,0,2,0,2,0,0,0,0,2,2,2,2,2,0,2,2
117,-4996.566,5390.686,-350.711,-61.161,0.482322,0.875966,0.006949,-0.875656,0.482341,-0.023943,-0.024325,0.005464,0.999689,0,0.83653,-0.90920,50.192,-1.818,-1,425.000,-1,400.000,-1,325.000,325.000,350.000,325.000,-1,-1,-1,-1,1000.000,875.000,-1,-1,2,0,2,0,2,0,0,0,0,2,2,2,2,0,0,2,2
118,-4973.807,5346.043,-351.988,-62.989,0.454079,0.890914,0.009166,-0.890622,0.454166,-0.022921,-0.024583,0.002244,0.999695,0,0.83516,-0.91377,50.110,-1.828,-1,425.000,-1,400.000,-1,325.000,325.000,325.000,325.000,-1,-1,-1,-1,1000.000,900.000,-1,-1,2,0,2,0,2,0,0,0,0,2,2,2,2,0,0,2,2
119,-4952.508,5300.727,-353.399,-64.826,0.425227,0.905021,0.010921,-0.904733,0.425368,-0.022813,-0.025292,-0.000180,0.999680,0,0.83453,-0.91871,50.072,-1.837,-1,425.000,-1,400.000,-1,325.000,325.000,325.000,325.000,-1,-1,-1,-1,1000.000,925.000,-1,-1,2,0,2,0,2,0,0,0,0,2,2,2,2,0,0,2,2
120,-4932.680,5254.743,-355.027,-66.674,0.395784,0.918266,0.011947,-0.917956,0.395961,-0.023921,-0.026697,-0.001499,0.999642,0,0.83461,-0.92399,50.077,-1.848,-1,425.000,-1,400.000,-1,325.000,325.000,325.000,325.000,-1,-1,-1,-1,975.000,925.000,-1,-1,2,0,2,0,2,0,0,0,0,2,2,2,2,0,0,2,2
121,-4914.336,5208.096,-356.641,-68.533,0.365750,0.930627,0.012684,-0.930289,0.365960,-0.025218,-0.028110,-0.002576,0.999602,0,0.83540,-0.92959,50.124,-1.859,-1,425.000,-1,400.000,-1,350.000,325.000,350.000,325.000,-1,-1,-1,-1,950.000,925.000,-1,-1,2,0,2,0,2,0,0,0,0,2,2,2,2,1,0,2,2
122,-4897.496,5160.792,-358.311,-70.404,0.335136,0.942076,0.013311,-0.941714,0.335380,-0.026363,-0.029300,-0.003700,0.999564,0,0.83687,-0.93550,50.212,-1.871,-1,425.000,-1,400.000,-1,350.000,325.000,350.000,325.000,-1,-1,-1,-1,900.000,925.000,-1,-1,2,0,2,0,2,0,0,0,0,2,2,2,2,1,0,2,2
123,-4882.180,5112.838,-360.320,-72.288,0.303914,0.952578,0.015195,-0.952193,0.304234,-0.027741,-0.031048,-0.006038,0.999500,0,0.83899,-0.94169,50.340,-1.883,-1,425.000,-1,400.000,-1,350.000,325.000,325.000,325.000,-1,-1,-1,-1,875.000,925.000,-1,-1,2,0,2,0,2,0,0,0,0,2,2,2,2,1,0,2,2
124,-4868.415,5064.246,-362.511,-74.184,0.272110,0.962103,0.017729,-0.961685,0.272540,-0.029742,-0.033447,-0.008956,0.999400,0,0.84174,-0.94815,50.505,-1.896,-1,425.000,-1,400.000,-1,325.000,325.000,325.000,325.000,-1,-1,-1,-1,850.000,925.000,-1,-1,2,0,2,0,2,0,0,0,0,2,2,2,2,1,0,2,2
125,-4856.228,5015.027,-364.687,-76.094,0.239776,0.970624,0.019914,-0.970166,0.240319,-0.032002,-0.035847,-0.011647,0.999289,0,0.84508,-0.95487,50.705,-1.910,1000.000,425.000,-1,400.000,-1,325.000,325.000,325.000,325.000,-1,-1,-1,-1,850.000,925.000,975.000,-1,1,0,2,0,2,0,0,0,0,2,2,2,2,1,0,1,2
126,-4844.894,4961.465,-367.003,-78.053,0.206320,0.978240,0.021852,-0.977729,0.206987,-0.034667,-0.038435,-0.014213,0.999160,0,0.91246,-0.97965,54.748,-1.959,900.000,425.000,-1,400.000,-1,325.000,325.000,325.000,325.000,-1,-1,-1,-1,875.000,925.000,925.000,-1,1,0,2,0,2,0,0,0,0,2,2,2,2,1,0,1,2
127,-4835.342,4907.291,-369.301,-80.001,0.172810,0.984678,0.023379,-0.984100,0.173600,-0.037545,-0.041028,-0.016519,0.999021,0,0.91683,-0.97425,55.010,-1.948,825.000,400.000,-1,400.000,-1,325.000,325.000,300.000,350.000,-1,-1,-1,-1,875.000,925.000,925.000,-1,1,0,2,0,2,0,0,0,0,2,2,2,2,0,0,1,2
128,-4827.595,4852.599,-371.576,-81.938,0.139310,0.989946,0.024490,-0.989288,0.140222,-0.040597,-0.043622,-0.018572,0.998875,0,0.92061,-0.96825,55.237,-1.936,775.000,400.000,-1,400.000,-1,325.000,325.000,300.000,350.000,-1,-1,-1,-1,875.000,900.000,925.000,-1,1,0,2,0,2,0,0,0,0,2,2,2,2,0,0,1,2
129,-4821.667,4797.493,-373.829,-83.861,0.105886,0.994059,0.025183,-0.993304,0.106915,-0.043783,-0.046215,-0.020378,0.998724,0,0.92374,-0.96164,55.424,-1.923,725.000,400.000,-1,400.000,-1,325.000,325.000,300.000,350.000,-1,-1,-1,-1,850.000,900.000,950.000,-1,1,0,2,0,2,0,0,0,0,2,2,2,2,0,0,1,2
130,-4817.568,4742.076,-376.055,-85.770,0.072601,0.997036,0.025461,-0.996166,0.073740,-0.047065,-0.048803,-0.021946,0.998567,0,0.92613,-0.95447,55.568,-1.909,700.000,400.000,-1,400.000,-1,325.000,325.000,325.000,350.000,-1,-1,-1,-1,850.000,900.000,-1,-1,1,0,2,0,2,0,0,0,0,2,2,2,2,0,0,2,2
131,-4815.298,4686.457,-378.253,-87.664,0.039517,0.998898,0.025329,-0.997897,0.040755,-0.050405,-0.051382,-0.023284,0.998408,0,0.92773,-0.94673,55.664,-1.893,700.000,400.000,-1,400.000,-1,325.000,325.000,325.000,350.000,-1,-1,-1,-1,825.000,875.000,-1,-1,1,0,2,0,2,0,0,0,0,2,2,2,2,0,0,2,2
132,-4814.851,4630.749,-380.421,-89.541,0.006690,0.999670,0.024798,-0.998521,0.008016,-0.053766,-0.053947,-0.024402,0.998246,0,0.92849,-0.93848,55.709,-1.877,725.000,400.000,-1,400.000,-1,325.000,325.000,325.000,350.000,-1,-1,-1,-1,825.000,875.000,-1,-1,1,0,2,0,2,0,0,0,0,2,2,2,2,0,0,2,2
133,-4816.094,4579.855,-382.772,-91.400,-0.025835,0.999365,0.024533,-0.998127,-0.024426,-0.056087,-0.055453,-0.025936,0.998124,0,0.84849,-0.92977,50.909,-1.860,750.000,400.000,-1,400.000,-1,325.000,325.000,325.000,350.000,-1,-1,-1,-1,825.000,875.000,-1,-1,1,0,2,0,2,0,0,0,0,2,2,2,2,0,0,2,2
134,-4818.701,4533.819,-385.670,-93.243,-0.058018,0.998022,0.024209,-0.996728,-0.056541,-0.057759,-0.056276,-0.027481,0.998037,0,0.76849,-0.92121,46.109,-1.842,800.000,400.000,-1,400.000,-1,325.000,325.000,325.000,350.000,-1,-1,-1,-1,800.000,850.000,-1,-1,1,0,2,0,2,0,0,0,0,2,2,2,2,0,0,2,2
135,-4822.350,4492.671,-388.237,-95.068,-0.089844,0.995673,0.023749,-0.994328,-0.088308,-0.059278,-0.056924,-0.028940,0.997959,0,0.68849,-0.91294,41.309,-1.826,950.000,400.000,-1,400.000,-1,325.000,325.000,300.000,350.000,-1,-1,-1,-1,800.000,850.000,-1,-1,1,0,2,0,2,0,0,0,0,2,2,2,2,0,0,2,2
136,-4826.580,4456.408,-390.484,-96.654,-0.117406,0.992813,0.023185,-0.991420,-0.115826,-0.060582,-0.057462,-0.030099,0.997894,0,0.60849,-0.79294,36.509,-1.586,-1,400.000,-1,400.000,-1,325.000,325.000,300.000,350.000,-1,-1,-1,-1,800.000,850.000,-1,-1,2,0,2,0,2,0,0,0,0,2,2,2,2,0,0,2,2
137,-4831.058,4425.016,-392.414,-98.119,-0.142776,0.989497,0.022596,-0.988062,-0.141160,-0.061708,-0.057870,-0.031137,0.997838,0,0.52849,-0.73232,31.709,-1.465,-1,400.000,-1,400.000,-1,325.000,325.000,300.000,350.000,-1,-1,-1,-1,800.000,850.000,-1,-1,2,0,2,0,2,0,0,0,0,2,2,2,2,0,0,2,2
