timestep,x_cm,y_cm,z_cm,yaw_deg,basis_xx,basis_xy,basis_xz,basis_yx,basis_yy,basis_yz,basis_zx,basis_zy,basis_zz,teleport_flag,throttle_cmd,steering_cmd,cmd_move_cm,cmd_turn_deg,lidar_cm_0,lidar_cm_1,lidar_cm_2,lidar_cm_3,lidar_cm_4,lidar_cm_5,lidar_cm_6,lidar_cm_7,lidar_cm_8,lidar_cm_9,lidar_cm_10,lidar_cm_11,lidar_cm_12,lidar_cm_13,lidar_cm_14,lidar_cm_15,lidar_cm_16,lidar_class_0,lidar_class_1,lidar_class_2,lidar_class_3,lidar_class_4,lidar_class_5,lidar_class_6,lidar_class_7,lidar_class_8,lidar_class_9,lidar_class_10,lidar_class_11,lidar_class_12,lidar_class_13,lidar_class_14,lidar_class_15,lidar_class_16
0,6812.519,4218.162,-200.746,-103.700,-0.236781,0.969784,0.058760,-0.971319,-0.237644,0.008058,0.021778,-0.055166,0.998240,0,0.31561,0.64582,0.155,0.019,-1,636.094,-1,707.578,-1,464.928,499.728,593.153,570.274,-1,-1,-1,-1,-1,-1,-1,-1,2,0,2,0,2,0,0,0,0,2,2,2,2,2,2,2,2
1,6812.372,4217.594,-196.403,-103.674,-0.236345,0.970171,0.053948,-0.971407,-0.237206,0.010075,0.022571,-0.050024,0.998493,0,0.31566,0.64563,0.587,0.026,-1,695.818,-1,721.089,-1,481.171,512.926,620.698,571.263,-1,-1,-1,-1,-1,-1,-1,-1,2,0,2,0,2,0,0,0,0,2,2,2,2,2,2,2,2
2,6812.057,4216.581,-193.138,-103.640,-0.235753,0.970506,0.050375,-0.971512,-0.236654,0.012655,0.024203,-0.045957,0.998650,0,0.31569,0.64551,1.061,0.034,-1,753.799,-1,734.709,-1,496.074,525.348,642.720,571.616,-1,-1,-1,-1,-1,-1,-1,-1,2,0,2,0,2,0,0,0,0,2,2,2,2,2,2,2,2
3,6811.659,4215.175,-191.045,-103.587,-0.234846,0.970865,0.047620,-0.971671,-0.235813,0.015726,0.026498,-0.042578,0.998742,0,0.31571,0.64541,1.461,0.053,-1,811.773,-1,747.084,-1,509.068,536.254,659.694,570.326,-1,-1,-1,-1,-1,-1,-1,-1,2,0,2,0,2,0,0,0,0,2,2,2,2,2,2,2,2
4,6811.181,4213.381,-190.102,-103.526,-0.233784,0.971210,0.045786,-0.971846,-0.234839,0.019147,0.029348,-0.040021,0.998768,0,0.31576,0.64523,1.856,0.062,-1,863.409,-1,758.386,-1,519.968,545.521,671.234,567.744,-1,-1,-1,-1,-1,-1,-1,-1,2,0,2,0,2,0,0,0,0,2,2,2,2,2,2,2,2
5,6810.650,4211.224,-190.238,-103.456,-0.232583,0.971528,0.045151,-0.972041,-0.233745,0.022350,0.032268,-0.038690,0.998730,0,0.31580,0.64505,2.222,0.070,-1,901.791,-1,767.604,-1,527.671,552.529,675.564,564.812,-1,-1,-1,-1,-1,-1,-1,-1,2,0,2,0,2,0,0,0,0,2,2,2,2,2,2,2,2
6,6810.104,4208.724,-191.352,-103.380,-0.231266,0.971798,0.046094,-0.972275,-0.232545,0.024585,0.034611,-0.039131,0.998635,0,0.31585,0.64487,2.559,0.077,-1,923.525,-1,773.299,-1,530.632,555.706,671.115,562.773,-1,-1,-1,-1,-1,-1,-1,-1,2,0,2,0,2,0,0,0,0,2,2,2,2,2,2,2,2
7,6809.584,4205.972,-193.344,-103.306,-0.229998,0.971957,0.049001,-0.972542,-0.231391,0.024886,0.035526,-0.041932,0.998489,0,0.31589,0.64469,2.801,0.074,-1,909.750,-1,773.172,-1,526.718,553.192,656.468,562.958,-1,-1,-1,-1,-1,-1,-1,-1,2,0,2,0,2,0,0,0,0,2,2,2,2,2,2,2,2
8,6809.145,4203.075,-196.130,-103.241,-0.228906,0.971947,0.054052,-0.972845,-0.230367,0.022456,0.034278,-0.047443,0.998286,0,0.31592,0.64459,2.930,0.065,-1,855.999,-1,764.997,-1,514.232,543.432,631.419,566.281,-1,-1,-1,-1,-1,-1,-1,-1,2,0,2,0,2,0,0,0,0,2,2,2,2,2,2,2,2
9,6808.927,4199.988,-199.244,-103.173,-0.227774,0.971963,0.058373,-0.973207,-0.229181,0.018565,0.031423,-0.052580,0.998122,0,0.31591,0.64460,3.095,0.068,-1,785.914,-1,748.917,-1,496.972,528.694,607.083,567.940,-1,-1,-1,-1,-1,-1,-1,-1,2,0,2,0,2,0,0,0,0,2,2,2,2,2,2,2,2
10,6808.808,4196.628,-202.062,-103.083,-0.226279,0.972242,0.059523,-0.973671,-0.227497,0.014472,0.027612,-0.054682,0.998122,0,0.31591,0.64460,3.362,0.090,-1,724.790,-1,726.545,-1,479.344,512.158,592.393,564.088,-1,-1,-1,-1,-1,-1,-1,-1,2,0,2,0,2,0,0,0,0,2,2,2,2,2,2,2,2
11,6808.559,4192.929,-204.213,-102.975,-0.224461,0.972787,0.057472,-0.974198,-0.225430,0.010891,0.023550,-0.053545,0.998288,0,0.31596,0.64442,3.708,0.108,-1,681.836,-1,701.991,-1,464.331,496.775,588.141,554.993,-1,-1,-1,-1,-1,-1,-1,-1,2,0,2,0,2,0,0,0,0,2,2,2,2,2,2,2,2
12,6808.107,4188.846,-205.434,-102.853,-0.222404,0.973495,0.053331,-0.974744,-0.223160,0.008588,0.020262,-0.050074,0.998540,0,0.31603,0.64415,4.108,0.122,-1,661.107,-1,681.870,-1,454.794,485.627,593.154,543.554,-1,-1,-1,-1,-1,-1,-1,-1,2,0,2,0,2,0,0,0,0,2,2,2,2,2,2,2,2
13,6807.537,4184.355,-205.536,-102.712,-0.220011,0.974250,0.049317,-0.975312,-0.220674,0.008359,0.019027,-0.046260,0.998748,0,0.31610,0.64384,4.527,0.141,-1,671.426,-1,673.353,-1,453.500,482.316,603.518,535.115,-1,-1,-1,-1,-1,-1,-1,-1,2,0,2,0,2,0,0,0,0,2,2,2,2,2,2,2,2
14,6806.948,4179.514,-204.675,-102.553,-0.217296,0.975010,0.046236,-0.975908,-0.217962,0.009805,0.019638,-0.042991,0.998882,0,0.30355,1.00000,4.877,0.159,-1,703.433,-1,675.611,-1,459.180,486.190,616.237,530.686,-1,-1,-1,-1,-1,-1,-1,-1,2,0,2,0,2,0,0,0,0,2,2,2,2,2,2,2,2
15,6806.384,4174.372,-203.215,-102.383,-0.214397,0.975743,0.044264,-0.976517,-0.215108,0.011923,0.021155,-0.040668,0.998949,0,0.30367,1.00000,5.173,0.170,-1,746.261,-1,684.381,-1,468.601,494.306,628.781,529.873,-1,-1,-1,-1,-1,-1,-1,-1,2,0,2,0,2,0,0,0,0,2,2,2,2,2,2,2,2
16,6805.844,4168.960,-201.572,-102.210,-0.211442,0.976428,0.043364,-0.977129,-0.212204,0.013758,0.022635,-0.039463,0.998965,0,0.30380,1.00000,5.438,0.173,-1,794.007,-1,695.474,-1,478.386,503.251,638.949,531.737,-1,-1,-1,-1,-1,-1,-1,-1,2,0,2,0,2,0,0,0,0,2,2,2,2,2,2,2,2
17,6805.343,4163.316,-200.074,-102.036,-0.208461,0.977061,0.043553,-0.977744,-0.209270,0.014890,0.023663,-0.039479,0.998940,0,0.30392,1.00000,5.667,0.174,-1,824.000,-1,707.142,-1,486.602,511.094,645.100,535.553,-1,-1,-1,-1,-1,-1,-1,-1,2,0,2,0,2,0,0,0,0,2,2,2,2,2,2,2,2
18,6804.946,4157.525,-198.903,-101.856,-0.205398,0.977655,0.044742,-0.978382,-0.206246,0.015197,0.024085,-0.040654,0.998883,0,0.30404,1.00000,5.804,0.179,-1,847.246,-1,716.627,-1,494.919,517.220,646.688,540.742,-1,-1,-1,-1,-1,-1,-1,-1,2,0,2,0,2,0,0,0,0,2,2,2,2,2,2,2,2
19,6804.668,4151.591,-198.153,-101.661,-0.202061,0.978262,0.046633,-0.979077,-0.202942,0.014942,0.024081,-0.042638,0.998800,0,0.30416,1.00000,5.941,0.195,-1,861.481,-1,722.509,-1,500.783,522.348,644.437,546.421,-1,-1,-1,-1,-1,-1,-1,-1,2,0,2,0,2,0,0,0,0,2,2,2,2,2,2,2,2
20,6804.507,4145.461,-197.874,-101.445,-0.198368,0.978914,0.048755,-0.979831,-0.199285,0.014695,0.024101,-0.044857,0.998703,0,0.30431,1.00000,6.131,0.216,-1,868.880,-1,727.124,-1,506.147,526.090,639.999,551.375,-1,-1,-1,-1,-1,-1,-1,-1,2,0,2,0,2,0,0,0,0,2,2,2,2,2,2,2,2
21,6804.438,4139.103,-198.022,-101.214,-0.194417,0.979619,0.050482,-0.980616,-0.195379,0.014820,0.024381,-0.046623,0.998615,0,0.30451,1.00000,6.359,0.231,-1,874.773,-1,730.665,-1,510.938,529.055,635.557,554.330,-1,-1,-1,-1,-1,-1,-1,-1,2,0,2,0,2,0,0,0,0,2,2,2,2,2,2,2,2
22,6804.448,4132.567,-198.479,-100.960,-0.190062,0.980424,0.051438,-0.981464,-0.191053,0.015051,0.024584,-0.047624,0.998563,0,0.30473,1.00000,6.536,0.254,-1,879.947,-1,732.014,-1,514.614,530.632,632.262,554.890,-1,-1,-1,-1,-1,-1,-1,-1,2,0,2,0,2,0,0,0,0,2,2,2,2,2,2,2,2
23,6804.527,4125.867,-199.121,-100.676,-0.185197,0.981361,0.051318,-0.982397,-0.186187,0.015200,0.024471,-0.047600,0.998567,0,0.30500,1.00000,6.701,0.284,-1,883.946,-1,730.450,-1,516.943,531.171,631.144,552.798,-1,-1,-1,-1,-1,-1,-1,-1,2,0,2,0,2,0,0,0,0,2,2,2,2,2,2,2,2
24,6804.667,4119.010,-199.843,-100.366,-0.179891,0.982414,0.050019,-0.983396,-0.180841,0.015129,0.023908,-0.046467,0.998634,0,0.30534,1.00000,6.858,0.309,-1,886.629,-1,725.796,-1,517.914,530.811,632.752,548.177,-1,-1,-1,-1,-1,-1,-1,-1,2,0,2,0,2,0,0,0,0,2,2,2,2,2,2,2,2
25,6804.912,4112.018,-200.564,-100.024,-0.174024,0.983595,0.047498,-0.984481,-0.174885,0.014579,0.022647,-0.044224,0.998765,0,0.30572,1.00000,6.996,0.342,-1,886.469,-1,717.879,-1,517.024,528.198,637.299,540.718,-1,-1,-1,-1,-1,-1,-1,-1,2,0,2,0,2,0,0,0,0,2,2,2,2,2,2,2,2
26,6805.323,4104.918,-201.235,-99.643,-0.167480,0.984886,0.044171,-0.985663,-0.168206,0.013249,0.020479,-0.041319,0.998936,0,0.30618,1.00000,7.112,0.381,-1,880.946,-1,708.226,-1,513.772,523.066,643.529,533.068,-1,-1,-1,-1,-1,-1,-1,-1,2,0,2,0,2,0,0,0,0,2,2,2,2,2,2,2,2
27,6805.981,4097.737,-201.700,-99.222,-0.160233,0.986215,0.041297,-0.986914,-0.160831,0.011561,0.018044,-0.038904,0.999080,0,0.30673,1.00000,7.211,0.421,-1,873.660,-1,699.364,-1,510.527,518.216,649.078,527.112,-1,-1,-1,-1,-1,-1,-1,-1,2,0,2,0,2,0,0,0,0,2,2,2,2,2,2,2,2
28,6806.779,4090.348,-201.891,-98.782,-0.152647,0.987470,0.040035,-0.988145,-0.153171,0.010372,0.016374,-0.037978,0.999144,0,0.30738,1.00000,7.432,0.440,-1,871.040,-1,696.141,-1,510.767,517.138,651.525,525.070,-1,-1,-1,-1,-1,-1,-1,-1,2,0,2,0,2,0,0,0,0,2,2,2,2,2,2,2,2
29,6807.862,4082.791,-201.817,-98.316,-0.144613,0.988673,0.040158,-0.989363,-0.145122,0.010037,0.015751,-0.038280,0.999143,0,0.30807,1.00000,7.634,0.466,-1,867.450,-1,699.147,-1,516.583,520.468,651.581,526.403,-1,-1,-1,-1,-1,-1,-1,-1,2,0,2,0,2,0,0,0,0,2,2,2,2,2,2,2,2
30,6809.148,4075.063,-201.532,-97.840,-0.136393,0.989787,0.041452,-0.990520,-0.136944,0.010761,0.016328,-0.039591,0.999083,0,0.30881,1.00000,7.834,0.476,-1,868.100,-1,708.449,-1,528.546,528.387,649.739,530.541,-1,-1,-1,-1,-1,-1,-1,-1,2,0,2,0,2,0,0,0,0,2,2,2,2,2,2,2,2
31,6810.355,4067.070,-201.130,-97.395,-0.128696,0.990716,0.043813,-0.991521,-0.129350,0.012419,0.017971,-0.041843,0.998963,0,0.30957,1.00000,8.084,0.445,-1,874.206,-1,720.765,-1,545.422,542.060,645.978,537.077,-1,-1,-1,-1,-1,-1,-1,-1,2,0,2,0,2,0,0,0,0,2,2,2,2,2,2,2,2
32,6811.544,4058.840,-200.721,-96.964,-0.121214,0.991560,0.045997,-0.992433,-0.121976,0.014128,0.019619,-0.043937,0.998842,0,0.31024,1.00000,8.315,0.432,-1,882.576,-1,735.933,-1,562.887,556.682,642.801,543.390,-1,-1,-1,-1,-1,-1,-1,-1,2,0,2,0,2,0,0,0,0,2,2,2,2,2,2,2,2
33,6812.879,4050.459,-200.443,-96.503,-0.113234,0.992450,0.047118,-0.993364,-0.114046,0.014906,0.020167,-0.045118,0.998778,0,0.31087,1.00000,8.487,0.460,-1,885.467,-1,746.312,-1,578.098,567.067,641.531,547.034,-1,-1,-1,-1,-1,-1,-1,-1,2,0,2,0,2,0,0,0,0,2,2,2,2,2,2,2,2
34,6814.305,4041.945,-200.371,-96.023,-0.104906,0.993345,0.047544,-0.994286,-0.105714,0.014808,0.019736,-0.045719,0.998759,0,0.31155,1.00000,8.632,0.480,-1,882.756,-1,752.111,-1,589.620,573.205,641.004,549.673,-1,-1,-1,-1,-1,-1,-1,-1,2,0,2,0,2,0,0,0,0,2,2,2,2,2,2,2,2
35,6815.740,4033.366,-200.453,-95.534,-0.096412,0.994195,0.047756,-0.995165,-0.097187,0.014174,0.018733,-0.046159,0.998758,0,0.36069,0.67290,8.698,0.489,-1,874.023,-1,754.471,-1,597.296,577.334,640.302,552.245,-1,-1,-1,-1,-1,-1,-1,-1,2,0,2,0,2,0,0,0,0,2,2,2,2,2,2,2,2
36,6817.322,4024.581,-200.672,-95.040,-0.087843,0.994993,0.047665,-0.995979,-0.088573,0.013414,0.017568,-0.046295,0.998773,0,0.36155,0.66977,8.926,0.493,-1,863.559,-1,755.914,-1,602.999,584.020,640.010,553.795,-1,-1,-1,-1,-1,-1,-1,-1,2,0,2,0,2,0,0,0,0,2,2,2,2,2,2,2,2
37,6819.079,4015.573,-201.025,-94.526,-0.078903,0.995752,0.047461,-0.996746,-0.079591,0.012779,0.016502,-0.046298,0.998791,0,0.36241,0.66664,9.178,0.514,-1,852.972,-1,759.765,-1,608.804,589.908,639.681,554.763,-1,-1,-1,-1,-1,-1,-1,-1,2,0,2,0,2,0,0,0,0,2,2,2,2,2,2,2,2
38,6821.022,4006.356,-201.437,-93.985,-0.069492,0.996455,0.047420,-0.997459,-0.070154,0.012439,0.015722,-0.046435,0.998798,0,0.36331,0.66334,9.420,0.541,-1,843.077,-1,763.110,-1,618.728,595.017,638.854,555.990,-1,-1,-1,-1,-1,-1,-1,-1,2,0,2,0,2,0,0,0,0,2,2,2,2,2,2,2,2
39,6823.151,3996.935,-201.835,-93.424,-0.059721,0.997074,0.047714,-0.998097,-0.060379,0.012489,0.015333,-0.046877,0.998783,0,0.36428,0.65980,9.659,0.561,-1,881.974,-1,768.518,-1,631.038,601.870,637.336,558.086,-1,-1,-1,-1,-1,-1,-1,-1,2,0,2,0,2,0,0,0,0,2,2,2,2,2,2,2,2
40,6825.609,3987.427,-202.138,-92.838,-0.049505,0.997613,0.048151,-0.998658,-0.050176,0.012834,0.015219,-0.047451,0.998758,0,0.36530,0.65610,9.821,0.586,-1,956.779,-1,775.761,-1,645.508,614.120,635.831,560.847,-1,-1,-1,-1,-1,-1,-1,-1,2,0,2,0,2,0,0,0,0,2,2,2,2,2,2,2,2
41,6828.167,3977.744,-202.298,-92.271,-0.039623,0.998000,0.049248,-0.999093,-0.040341,0.013664,0.015623,-0.048662,0.998693,0,0.36639,0.65214,10.015,0.567,-1,996.891,-1,791.122,-1,661.850,631.977,633.289,565.375,-1,-1,-1,-1,-1,-1,-1,-1,2,0,2,0,2,0,0,0,0,2,2,2,2,2,2,2,2
42,6830.780,3967.876,-202.306,-91.723,-0.030065,0.998256,0.050808,-0.999415,-0.030852,0.014769,0.016311,-0.050335,0.998599,0,0.36741,0.64842,10.208,0.548,-1,-1,-1,809.491,-1,678.831,652.170,630.179,572.503,-1,-1,-1,-1,-1,-1,-1,-1,2,2,2,0,2,0,0,0,0,2,2,2,2,2,2,2,2
43,6833.679,3957.979,-202.285,-91.155,-0.020154,0.998443,0.052021,-0.999667,-0.020963,0.015047,0.016114,-0.051700,0.998533,0,0.36837,0.64493,10.313,0.568,-1,-1,-1,818.817,-1,691.699,667.069,627.846,579.015,-1,-1,-1,-1,-1,-1,-1,-1,2,2,2,0,2,0,0,0,0,2,2,2,2,2,2,2,2
44,6836.642,3947.991,-202.251,-90.561,-0.009791,0.998516,0.053577,-0.999840,-0.010578,0.014437,0.014983,-0.053428,0.998459,0,0.36939,0.64123,10.418,0.594,-1,-1,-1,827.354,-1,699.683,680.303,624.452,586.552,-1,-1,-1,-1,-1,-1,-1,-1,2,2,2,0,2,0,0,0,0,2,2,2,2,2,2,2,2
45,6839.692,3937.948,-202.171,-89.955,0.000790,0.998458,0.055513,-0.999916,0.000071,0.012950,0.012926,-0.055518,0.998374,0,0.37047,0.63729,10.496,0.606,-1,-1,-1,835.779,-1,700.734,687.927,620.163,595.340,-1,-1,-1,-1,-1,-1,-1,-1,2,2,2,0,2,0,0,0,0,2,2,2,2,2,2,2,2
46,6843.010,3927.893,-202.084,-89.330,0.011696,0.998282,0.057404,-0.999872,0.011050,0.011557,0.010903,-0.057532,0.998284,0,0.37158,0.63325,10.589,0.625,-1,-1,-1,844.727,-1,700.722,695.775,616.149,604.160,-1,-1,-1,-1,-1,-1,-1,-1,2,2,2,0,2,0,0,0,0,2,2,2,2,2,2,2,2
47,6846.518,3918.106,-202.102,-88.706,0.022582,0.997992,0.059176,-0.999707,0.022028,0.010001,0.008677,-0.059384,0.998197,0,-0.16839,0.66301,10.397,0.624,-1,-1,-1,851.738,-1,699.034,705.158,612.217,612.264,-1,-1,-1,-1,-1,-1,-1,-1,2,2,2,0,2,0,0,0,0,2,2,2,2,2,2,2,2
48,6850.042,3909.070,-202.218,-88.128,0.032663,0.997584,0.061321,-0.999450,0.032252,0.007680,0.005684,-0.061538,0.998089,0,-0.16893,0.65871,9.699,0.578,-1,1001.745,-1,854.794,-1,692.719,708.733,607.164,621.750,-1,-1,-1,-1,-1,-1,-1,-1,2,0,2,0,2,0,0,0,0,2,2,2,2,2,2,2,2
49,6853.461,3900.652,-202.381,-87.606,0.041768,0.997069,0.064096,-0.999122,0.041473,0.005916,0.003241,-0.064287,0.997926,0,-0.16942,0.65470,9.086,0.522,-1,992.006,-1,856.040,-1,687.964,710.430,600.712,632.302,-1,-1,-1,-1,-1,-1,-1,-1,2,0,2,0,2,0,0,0,0,2,2,2,2,2,2,2,2
50,6856.673,3892.734,-202.540,-87.164,0.049480,0.996513,0.067189,-0.998773,0.049215,0.005595,0.002268,-0.067383,0.997725,0,-0.16987,0.65112,8.545,0.442,-1,985.917,-1,860.982,-1,689.102,716.378,593.869,643.905,-1,-1,-1,-1,-1,-1,-1,-1,2,0,2,0,2,0,0,0,0,2,2,2,2,2,2,2,2
51,6859.665,3885.280,-202.726,-86.764,0.056454,0.995968,0.069716,-0.998402,0.056153,0.006275,0.002335,-0.069958,0.997547,0,-0.17022,0.64825,8.032,0.400,-1,983.017,-1,867.938,-1,691.316,726.312,588.400,653.987,-1,-1,-1,-1,-1,-1,-1,-1,2,0,2,0,2,0,0,0,0,2,2,2,2,2,2,2,2
52,6862.454,3878.273,-202.990,-86.387,0.063023,0.995458,0.071359,-0.998009,0.062672,0.007143,0.002639,-0.071668,0.997425,0,-0.17054,0.64572,7.542,0.377,-1,981.367,-1,874.464,-1,691.521,737.052,584.722,661.047,-1,-1,-1,-1,-1,-1,-1,-1,2,0,2,0,2,0,0,0,0,2,2,2,2,2,2,2,2
53,6865.084,3871.695,-203.347,-86.014,0.069518,0.994967,0.072160,-0.997577,0.069140,0.007732,0.002704,-0.072523,0.997363,0,-0.17083,0.64335,7.084,0.373,-1,978.757,-1,879.606,-1,690.742,745.780,582.596,664.909,-1,-1,-1,-1,-1,-1,-1,-1,2,0,2,0,2,0,0,0,0,2,2,2,2,2,2,2,2
54,6868.093,3864.420,-203.845,-85.578,0.077100,0.994400,0.072282,-0.997021,0.076740,0.007742,0.002151,-0.072664,0.997354,0,-0.17113,0.64093,7.873,0.436,-1,973.779,-1,882.735,-1,687.232,750.497,581.634,666.131,-1,-1,-1,-1,-1,-1,-1,-1,2,0,2,0,2,0,0,0,0,2,2,2,2,2,2,2,2
55,6869.979,3859.930,-204.162,-85.306,0.081835,0.994015,0.072362,-0.996645,0.081512,0.007416,0.001473,-0.072726,0.997351,0,-0.17149,0.63803,4.869,0.272,-1,969.960,-1,883.667,-1,683.823,750.023,581.011,666.721,-1,-1,-1,-1,-1,-1,-1,-1,2,0,2,0,2,0,0,0,0,2,2,2,2,2,2,2,2
56,6872.234,3854.786,-204.465,-84.993,0.087284,0.993520,0.072797,-0.996183,0.087011,0.006920,0.000541,-0.073123,0.997323,0,-0.17172,0.63620,5.617,0.313,-1,965.140,-1,884.806,-1,679.524,749.185,579.731,668.986,-1,-1,-1,-1,-1,-1,-1,-1,2,0,2,0,2,0,0,0,0,2,2,2,2,2,2,2,2
57,6874.368,3850.154,-204.615,-84.704,0.092293,0.992986,0.073891,-0.995732,0.092052,0.006664,-0.000184,-0.074191,0.997244,0,-0.17198,0.63409,5.100,0.288,-1,960.804,-1,887.289,-1,676.308,749.120,577.368,674.268,-1,-1,-1,-1,-1,-1,-1,-1,2,0,2,0,2,0,0,0,0,2,2,2,2,2,2,2,2
58,6876.476,3845.697,-204.648,-84.416,0.097306,0.992416,0.075113,-0.995254,0.097024,0.007413,0.000069,-0.075478,0.997147,0,0.24455,0.71671,4.930,0.289,-1,958.788,-1,891.618,-1,676.745,752.500,574.974,680.931,-1,-1,-1,-1,-1,-1,-1,-1,2,0,2,0,2,0,0,0,0,2,2,2,2,2,2,2,2
59,6878.708,3841.033,-204.638,-84.100,0.102799,0.991813,0.075758,-0.994701,0.102384,0.009358,0.001525,-0.076319,0.997082,0,0.24491,0.71470,5.170,0.316,-1,959.758,-1,896.491,-1,681.424,760.491,573.865,686.680,-1,-1,-1,-1,-1,-1,-1,-1,2,0,2,0,2,0,0,0,0,2,2,2,2,2,2,2,2
60,6881.025,3836.238,-204.645,-83.769,0.108532,0.991185,0.075987,-0.994089,0.107990,0.011219,0.002914,-0.076756,0.997046,0,0.24530,0.71245,5.326,0.330,-1,960.789,-1,900.892,-1,685.838,764.001,573.586,691.085,-1,-1,-1,-1,-1,-1,-1,-1,2,0,2,0,2,0,0,0,0,2,2,2,2,2,2,2,2
61,6883.333,3831.305,-204.688,-83.441,0.114228,0.990515,0.076368,-0.993448,0.113607,0.012437,0.003643,-0.077288,0.997002,0,0.24572,0.71009,5.446,0.328,-1,960.189,-1,903.973,-1,684.403,765.566,572.926,695.282,-1,-1,-1,-1,-1,-1,-1,-1,2,0,2,0,2,0,0,0,0,2,2,2,2,2,2,2,2
62,6885.680,3826.279,-204.774,-83.106,0.120035,0.989792,0.076839,-0.992764,0.119406,0.012748,0.003443,-0.077813,0.996962,0,0.24612,0.70779,5.547,0.335,-1,957.423,-1,904.997,-1,679.913,764.718,572.036,698.813,-1,-1,-1,-1,-1,-1,-1,-1,2,0,2,0,2,0,0,0,0,2,2,2,2,2,2,2,2
63,6888.128,3821.213,-204.902,-82.748,0.126241,0.988978,0.077363,-0.991997,0.125671,0.012212,0.002355,-0.078286,0.996928,0,0.24654,0.70544,5.626,0.358,-1,952.638,-1,904.154,-1,673.010,761.545,570.977,701.904,-1,-1,-1,-1,-1,-1,-1,-1,2,0,2,0,2,0,0,0,0,2,2,2,2,2,2,2,2
64,6890.638,3816.058,-205.045,-82.378,0.132633,0.988070,0.078267,-0.991165,0.132146,0.011396,0.000917,-0.079087,0.996867,0,0.24699,0.70286,5.734,0.369,-1,946.829,-1,902.824,-1,665.188,757.557,569.116,706.190,-1,-1,-1,-1,-1,-1,-1,-1,2,0,2,0,2,0,0,0,0,2,2,2,2,2,2,2,2
65,6893.223,3810.828,-205.143,-82.007,0.139056,0.987073,0.079688,-0.990285,0.138635,0.010816,-0.000371,-0.080418,0.996761,0,0.24746,0.70020,5.834,0.371,-1,941.091,-1,902.307,-1,657.830,754.185,566.300,712.793,-1,-1,-1,-1,-1,-1,-1,-1,2,0,2,0,2,0,0,0,0,2,2,2,2,2,2,2,2
66,6895.907,3805.563,-205.151,-81.632,0.145531,0.985983,0.081595,-0.989353,0.145157,0.010533,-0.001458,-0.082260,0.996610,0,0.24793,0.69753,5.910,0.375,-1,935.641,-1,902.158,-1,668.405,751.370,562.720,721.932,-1,-1,-1,-1,-1,-1,-1,-1,2,0,2,0,2,0,0,0,0,2,2,2,2,2,2,2,2
67,6898.764,3800.331,-205.056,-81.234,0.152395,0.984774,0.083642,-0.988316,0.152077,0.010204,-0.002672,-0.084220,0.996444,0,0.24841,0.69482,5.961,0.398,-1,930.076,-1,902.004,-1,680.377,748.451,559.162,732.659,-1,-1,-1,-1,-1,-1,-1,-1,2,0,2,0,2,0,0,0,0,2,2,2,2,2,2,2,2
68,6901.781,3795.103,-204.881,-80.807,0.159766,0.983431,0.085667,-0.987146,0.159529,0.009648,-0.004178,-0.086107,0.996277,0,0.24893,0.69187,6.036,0.428,-1,923.233,-1,901.559,-1,692.959,743.621,555.922,743.875,-1,-1,-1,-1,-1,-1,-1,-1,2,0,2,0,2,0,0,0,0,2,2,2,2,2,2,2,2
69,6904.914,3789.818,-204.665,-80.369,0.167304,0.981991,0.087772,-0.985888,0.167169,0.008948,-0.005886,-0.088030,0.996100,0,0.24950,0.68860,6.144,0.438,-1,915.411,-1,900.889,-1,711.731,735.828,552.730,755.662,-1,-1,-1,-1,-1,-1,-1,-1,2,0,2,0,2,0,0,0,0,2,2,2,2,2,2,2,2
70,6908.114,3784.350,-204.481,-79.930,0.174839,0.980474,0.090008,-0.984567,0.174816,0.008201,-0.007694,-0.090053,0.995907,0,0.25010,0.68524,6.336,0.438,-1,907.315,-1,900.001,-1,735.027,727.841,549.318,768.009,-1,-1,-1,-1,-1,-1,-1,-1,2,0,2,0,2,0,0,0,0,2,2,2,2,2,2,2,2
71,6911.332,3778.692,-204.368,-79.512,0.182023,0.978931,0.092525,-0.983248,0.182121,0.007461,-0.009547,-0.092333,0.995682,0,0.25068,0.68192,6.509,0.419,-1,898.982,-1,898.656,-1,748.291,719.926,545.323,781.404,-1,-1,-1,-1,-1,-1,-1,-1,2,0,2,0,2,0,0,0,0,2,2,2,2,2,2,2,2
72,6914.571,3772.831,-204.370,-79.110,0.188911,0.977357,0.095325,-0.981927,0.189143,0.006678,-0.011504,-0.094863,0.995424,0,0.25122,0.67884,6.696,0.402,-1,890.219,-1,896.432,-1,760.396,711.835,540.651,795.706,-1,-1,-1,-1,-1,-1,-1,-1,2,0,2,0,2,0,0,0,0,2,2,2,2,2,2,2,2
73,6917.852,3766.748,-204.562,-78.714,0.195682,0.975762,0.097969,-0.980569,0.196099,0.005448,-0.013896,-0.097132,0.995175,0,0.25173,0.67599,6.911,0.396,-1,880.529,-1,892.162,-1,767.429,702.502,536.061,808.222,-1,-1,-1,-1,-1,-1,-1,-1,2,0,2,0,2,0,0,0,0,2,2,2,2,2,2,2,2
74,6921.147,3760.435,-204.981,-78.336,0.202141,0.974182,0.100543,-0.979214,0.202797,0.003761,-0.016726,-0.099213,0.994926,0,0.25221,0.67326,7.122,0.378,-1,869.877,-1,886.366,-1,771.475,692.013,531.328,818.981,-1,-1,-1,-1,-1,-1,-1,-1,2,0,2,0,2,0,0,0,0,2,2,2,2,2,2,2,2
75,6924.501,3753.935,-205.621,-77.956,0.208620,0.972559,0.102989,-0.977792,0.209570,0.001638,-0.019990,-0.101044,0.994681,0,0.25264,0.67077,7.314,0.380,-1,858.284,-1,879.123,-1,774.122,680.257,526.535,826.836,-1,-1,-1,-1,-1,-1,-1,-1,2,0,2,0,2,0,0,0,0,2,2,2,2,2,2,2,2
76,6927.848,3747.198,-206.420,-77.593,0.214793,0.970914,0.105779,-0.976379,0.216063,-0.000566,-0.023404,-0.103159,0.994389,0,0.25308,0.66831,7.522,0.363,-1,846.173,-1,871.401,-1,773.728,668.237,520.913,835.219,-1,-1,-1,-1,-1,-1,-1,-1,2,0,2,0,2,0,0,0,0,2,2,2,2,2,2,2,2
77,6931.153,3740.187,-207.210,-77.271,0.220256,0.969340,0.108935,-0.975091,0.221795,-0.002068,-0.026166,-0.105766,0.994047,0,0.25347,0.66610,7.752,0.322,-1,835.181,-1,865.116,-1,766.267,657.851,514.706,846.778,-1,-1,-1,-1,-1,-1,-1,-1,2,0,2,0,2,0,0,0,0,2,2,2,2,2,2,2,2
78,6934.576,3732.941,-207.865,-76.964,0.225483,0.967859,0.111384,-0.973848,0.227184,-0.002656,-0.027875,-0.107872,0.993774,0,0.25377,0.66437,8.013,0.308,-1,826.531,-1,860.739,-1,761.226,650.020,510.131,856.694,-1,-1,-1,-1,-1,-1,-1,-1,2,0,2,0,2,0,0,0,0,2,2,2,2,2,2,2,2
79,6938.165,3725.472,-208.398,-76.646,0.230877,0.966450,0.112561,-0.972553,0.232663,-0.002823,-0.028917,-0.108819,0.993641,0,0.25404,0.66285,8.286,0.318,-1,819.723,-1,857.129,-1,757.913,643.446,508.186,860.754,-1,-1,-1,-1,-1,-1,-1,-1,2,0,2,0,2,0,0,0,0,2,2,2,2,2,2,2,2
80,6941.864,3717.689,-208.898,-76.313,0.236515,0.965104,0.112404,-0.971175,0.238348,-0.002958,-0.029646,-0.108465,0.993658,0,0.39903,0.91065,8.617,0.333,-1,814.033,-1,852.953,-1,755.461,637.152,508.754,857.428,-1,-1,-1,-1,-1,-1,-1,-1,2,0,2,0,2,0,0,0,0,2,2,2,2,2,2,2,2
81,6945.750,3709.602,-209.437,-75.935,0.242908,0.963642,0.111312,-0.969573,0.244781,-0.003270,-0.030398,-0.107131,0.993780,0,0.39949,0.90901,8.973,0.378,-1,808.508,-1,847.655,-1,753.092,630.114,510.947,848.737,-1,-1,-1,-1,-1,-1,-1,-1,2,0,2,0,2,0,0,0,0,2,2,2,2,2,2,2,2
82,6950.018,3701.381,-209.995,-75.491,0.250414,0.961924,0.109523,-0.967641,0.252306,-0.003549,-0.031047,-0.105090,0.993978,0,0.40005,0.90699,9.262,0.444,-1,803.231,-1,839.550,-1,750.582,628.327,514.301,835.723,-1,-1,-1,-1,-1,-1,-1,-1,2,0,2,0,2,0,0,0,0,2,2,2,2,2,2,2,2
83,6954.673,3693.064,-210.605,-74.964,0.259297,0.959871,0.106826,-0.965278,0.261195,-0.003930,-0.031675,-0.102098,0.994270,0,0.40079,0.90431,9.532,0.527,-1,798.096,-1,830.737,-1,748.198,650.661,519.020,816.291,-1,-1,-1,-1,-1,-1,-1,-1,2,0,2,0,2,0,0,0,0,2,2,2,2,2,2,2,2
84,6959.479,3684.465,-211.360,-74.395,0.268859,0.957572,0.103777,-0.962635,0.270767,-0.004487,-0.032396,-0.098693,0.994590,0,0.40175,0.90081,9.851,0.569,-1,792.606,-1,821.206,-1,745.467,674.689,524.075,793.834,-1,-1,-1,-1,996.168,-1,-1,-1,2,0,2,0,2,0,0,0,0,2,2,2,2,0,2,2,2
85,6964.392,3675.563,-212.243,-73.824,0.278442,0.955146,0.100824,-0.959890,0.280334,-0.004820,-0.032868,-0.095438,0.994893,0,0.40282,0.89696,10.167,0.571,-1,786.935,-1,811.936,-1,742.912,694.118,528.310,771.653,-1,-1,-1,-1,979.738,-1,-1,-1,2,0,2,0,2,0,0,0,0,2,2,2,2,0,2,2,2
86,6969.477,3666.418,-213.204,-73.247,0.288081,0.952579,0.097989,-0.957034,0.289934,-0.004924,-0.033101,-0.092360,0.995175,0,0.40386,0.89318,10.464,0.576,-1,780.706,-1,803.014,-1,740.618,711.525,532.099,751.155,-1,-1,-1,-1,963.584,-1,-1,-1,2,0,2,0,2,0,0,0,0,2,2,2,2,0,2,2,2
87,6974.744,3657.071,-214.222,-72.673,0.297641,0.949875,0.095644,-0.954055,0.299568,-0.006132,-0.034476,-0.089424,0.995397,0,0.40491,0.88940,10.728,0.574,-1,772.505,-1,792.248,-1,735.276,725.867,535.448,731.589,-1,-1,-1,-1,945.283,-1,-1,-1,2,0,2,0,2,0,0,0,0,2,2,2,2,0,2,2,2
88,6980.183,3647.494,-215.306,-72.113,0.306925,0.947021,0.094596,-0.951002,0.309067,-0.008524,-0.037309,-0.087345,0.995479,0,0.40593,0.88571,11.014,0.560,-1,761.604,-1,779.499,-1,726.798,727.253,537.033,715.984,-1,-1,-1,-1,925.883,-1,-1,-1,2,0,2,0,2,0,0,0,0,2,2,2,2,0,2,2,2
89,6985.752,3637.651,-216.447,-71.579,0.315734,0.944009,0.095700,-0.947951,0.318212,-0.011437,-0.041249,-0.087108,0.995344,0,0.40689,0.88221,11.309,0.535,-1,748.248,-1,763.900,-1,716.121,719.438,535.145,708.174,-1,-1,-1,-1,905.799,-1,-1,-1,2,0,2,0,2,0,0,0,0,2,2,2,2,0,2,2,2
90,6991.532,3627.611,-217.636,-71.075,0.323977,0.940865,0.099052,-0.944940,0.326918,-0.014602,-0.046121,-0.088868,0.994975,0,0.40777,0.87906,11.585,0.503,-1,732.769,-1,746.727,-1,703.258,708.951,529.604,708.515,-1,-1,-1,-1,884.443,999.394,-1,-1,2,0,2,0,2,0,0,0,0,2,2,2,2,0,0,2,2
91,6997.521,3617.354,-219.059,-70.575,0.332113,0.937526,0.103661,-0.941786,0.335692,-0.018722,-0.052350,-0.091408,0.994437,0,0.40854,0.87627,11.878,0.500,967.726,714.836,-1,726.221,-1,688.034,696.719,522.100,710.740,-1,-1,-1,-1,861.319,974.513,-1,-1,0,0,2,0,2,0,0,0,0,2,2,2,2,0,0,2,2
92,7003.698,3606.882,-220.737,-70.079,0.340108,0.934006,0.109363,-0.938487,0.344506,-0.023624,-0.059741,-0.094601,0.993721,0,0.40928,0.87357,12.157,0.496,909.265,693.432,-1,703.667,-1,670.872,683.002,512.914,714.188,-1,-1,-1,-1,836.856,947.215,924.448,-1,0,0,2,0,2,0,0,0,0,2,2,2,2,0,0,0,2
93,7010.094,3596.188,-222.681,-69.589,0.347950,0.930351,0.115665,-0.935039,0.353339,-0.029238,-0.068070,-0.097978,0.992858,0,0.41000,0.87098,12.461,0.491,849.329,670.504,-1,679.337,-1,652.241,668.055,502.916,717.443,-1,-1,-1,-1,812.703,917.719,849.890,-1,0,0,2,0,2,0,0,0,0,2,2,2,2,0,0,0,2
94,7016.699,3585.116,-224.646,-69.134,0.355154,0.926961,0.120870,-0.931727,0.361501,-0.034666,-0.075828,-0.100306,0.992063,0,0.41068,0.86850,12.892,0.454,798.422,649.559,-1,656.090,-1,634.796,652.796,495.006,717.016,-1,-1,-1,-1,791.244,888.340,823.140,-1,0,0,2,0,2,0,0,0,0,2,2,2,2,0,0,0,2
95,7023.426,3573.523,-226.498,-68.718,0.361720,0.924001,0.124022,-0.928638,0.368861,-0.039674,-0.082406,-0.100821,0.991486,0,0.41124,0.86650,13.403,0.416,759.926,631.838,-1,634.763,-1,619.521,638.166,490.732,709.946,-1,-1,-1,-1,771.704,860.491,799.766,-1,0,0,2,0,2,0,0,0,0,2,2,2,2,0,0,0,2
96,7030.254,3561.392,-228.168,-68.321,0.367991,0.921389,0.125003,-0.925701,0.375686,-0.044028,-0.087529,-0.099513,0.991179,0,0.41164,0.86506,13.921,0.397,732.731,617.526,-1,622.383,-1,606.750,625.955,490.178,698.562,-1,-1,-1,-1,754.115,834.378,780.037,-1,0,0,2,0,2,0,0,0,0,2,2,2,2,0,0,0,2
97,7037.307,3548.851,-229.731,-67.914,0.374424,0.918861,0.124502,-0.922724,0.382481,-0.047844,-0.091581,-0.096967,0.991065,0,0.41194,0.86397,14.388,0.407,712.927,605.415,-1,624.191,-1,595.712,615.482,492.097,685.471,-1,-1,-1,-1,737.634,810.327,762.769,-1,0,0,2,0,2,0,0,0,0,2,2,2,2,0,0,0,2
98,7044.560,3536.074,-231.163,-67.490,0.381086,0.916147,0.124291,-0.919560,0.389526,-0.051745,-0.095821,-0.094573,0.990896,0,0.41223,0.86291,14.692,0.424,692.869,593.222,-1,626.509,-1,584.689,605.095,494.077,673.737,-1,-1,-1,-1,720.938,786.573,745.338,-1,0,0,2,0,2,0,0,0,0,2,2,2,2,0,0,0,2
99,7052.042,3523.129,-232.461,-67.059,0.387797,0.913275,0.124670,-0.916214,0.396723,-0.056243,-0.100824,-0.092413,0.990603,0,0.41254,0.86178,14.952,0.431,670.577,580.214,-1,618.622,-1,572.246,593.993,495.320,662.483,-1,-1,-1,-1,703.640,762.052,726.928,980.910,0,0,2,0,2,0,0,0,0,2,2,2,2,0,0,0,0
100,7059.810,3509.972,-233.749,-66.619,0.394612,0.910228,0.125566,-0.912727,0.404053,-0.060581,-0.105878,-0.090702,0.990234,0,0.41286,0.86064,15.279,0.440,647.545,567.051,-1,610.324,-1,559.029,583.042,495.885,656.061,-1,-1,-1,-1,686.092,738.155,703.992,946.775,0,0,2,0,2,0,0,0,0,2,2,2,2,0,0,0,0
101,7067.812,3496.715,-235.009,-66.177,0.401409,0.906991,0.127431,-0.909117,0.411462,-0.064853,-0.111254,-0.089817,0.989725,0,0.36557,0.88018,15.485,0.442,622.364,553.345,-1,602.118,1000.605,545.553,570.533,495.160,652.435,-1,-1,-1,-1,668.145,714.670,678.379,911.759,0,0,2,0,0,0,0,0,0,2,2,2,2,0,0,0,0
102,7075.983,3483.346,-236.191,-65.752,0.407901,0.903764,0.129723,-0.905586,0.418574,-0.068625,-0.116319,-0.089484,0.989173,0,0.36584,0.87905,15.668,0.425,596.031,540.170,978.985,594.490,967.505,532.666,558.543,493.797,650.835,-1,-1,-1,-1,650.519,693.801,581.009,879.293,0,0,0,0,0,0,0,0,0,2,2,2,2,0,0,0,0
103,7084.289,3469.841,-237.391,-65.343,0.414119,0.900589,0.132079,-0.902163,0.425376,-0.071821,-0.120864,-0.089414,0.988634,0,0.36606,0.87815,15.855,0.408,568.502,527.705,939.885,587.407,937.309,520.446,547.008,492.409,652.240,-1,-1,-1,-1,633.328,677.638,549.929,849.580,0,0,0,0,0,0,0,0,0,2,2,2,2,0,0,0,0
104,7092.787,3456.196,-238.689,-64.919,0.420623,0.897368,0.133442,-0.898691,0.432269,-0.074149,-0.124221,-0.088734,0.988279,0,0.36622,0.87750,16.074,0.425,547.712,516.748,909.354,580.571,909.762,509.441,536.486,491.929,654.075,-1,-1,-1,-1,616.938,661.510,529.635,822.904,0,0,0,0,0,0,0,0,0,2,2,2,2,0,0,0,0
105,7103.341,3439.808,-240.208,-64.350,0.429351,0.893221,0.133469,-0.894129,0.441223,-0.076528,-0.127246,-0.086482,0.988094,0,0.36640,0.87675,19.493,0.568,531.887,505.181,879.802,570.074,877.584,497.422,524.822,493.752,650.927,-1,-1,-1,-1,598.000,642.688,507.621,792.606,0,0,0,0,0,0,0,0,0,2,2,2,2,0,0,0,0
106,7110.477,3428.959,-240.961,-63.958,0.435358,0.890324,0.133371,-0.890946,0.447353,-0.078046,-0.129151,-0.084849,0.987988,0,0.36676,0.87530,12.985,0.392,523.764,498.049,862.161,562.690,857.402,489.951,517.549,495.765,648.458,-1,-1,-1,-1,585.716,630.560,494.103,773.650,0,0,0,0,0,0,0,0,0,2,2,2,2,0,0,0,0
107,7119.506,3415.369,-241.581,-63.474,0.442785,0.886786,0.132486,-0.887068,0.454775,-0.079306,-0.130579,-0.082408,0.988007,0,0.36703,0.87421,16.316,0.484,519.941,490.888,844.527,554.398,835.291,482.172,509.755,499.106,648.951,-1,-1,-1,-1,571.396,616.335,478.662,753.269,0,0,0,0,0,0,0,0,0,2,2,2,2,0,0,0,0
108,7128.540,3401.642,-241.908,-63.030,0.449600,0.883431,0.131944,-0.883532,0.461548,-0.079657,-0.131270,-0.080762,0.988051,0,0.36733,0.87295,16.433,0.444,516.071,481.079,834.772,546.913,816.629,475.586,503.061,501.946,652.859,-1,-1,-1,-1,557.832,603.034,464.139,736.788,0,0,0,0,0,0,0,0,0,2,2,2,2,0,0,0,0
109,7137.637,3387.980,-241.889,-62.617,0.455882,0.880078,0.132795,-0.880126,0.467966,-0.079915,-0.132474,-0.080444,0.987917,0,0.36752,0.87219,16.413,0.413,507.234,469.641,822.953,539.668,800.465,468.939,496.647,503.443,660.927,-1,-1,-1,-1,544.134,590.073,449.337,722.804,0,0,0,0,0,0,0,0,0,2,2,2,2,0,0,0,0
110,7146.868,3374.349,-241.558,-62.221,0.461885,0.876750,0.134063,-0.876808,0.474144,-0.079971,-0.133679,-0.080610,0.987741,0,0.36763,0.87175,16.463,0.396,498.605,458.546,812.663,531.802,786.398,462.513,490.736,504.960,671.132,-1,-1,-1,-1,530.660,577.543,438.226,709.534,0,0,0,0,0,0,0,0,0,2,2,2,2,0,0,0,0
111,7156.237,3360.669,-241.065,-61.812,0.468123,0.873417,0.134180,-0.873493,0.480341,-0.079264,-0.133683,-0.080100,0.987782,0,0.36768,0.87152,16.580,0.408,494.803,450.950,809.528,520.981,774.973,456.941,484.731,508.209,679.120,-1,-1,-1,-1,518.128,566.814,434.162,698.984,0,0,0,0,0,0,0,0,0,2,2,2,2,0,0,0,0
112,7165.755,3346.895,-240.513,-61.388,0.474724,0.870202,0.131853,-0.870263,0.486477,-0.077349,-0.131453,-0.078027,0.988247,0,0.36775,0.87123,16.743,0.424,499.640,447.746,817.800,511.515,766.664,453.625,480.086,514.397,683.814,-1,-1,-1,-1,507.189,576.167,510.396,692.751,0,0,0,0,0,0,0,0,0,2,2,2,2,0,0,0,0
113,7174.887,3332.713,-239.995,-61.093,0.479454,0.867844,0.130273,-0.868273,0.490667,-0.073121,-0.127379,-0.078055,0.988778,0,0.36785,0.87085,16.868,0.295,504.445,445.271,836.515,503.538,767.401,452.123,477.270,517.074,692.966,-1,-1,-1,-1,497.470,604.151,507.151,694.214,0,0,0,0,0,0,0,0,0,2,2,2,2,0,0,0,0
114,7183.462,3318.149,-239.560,-61.002,0.481166,0.866856,0.130538,-0.868112,0.491886,-0.066559,-0.121907,-0.081295,0.989207,0,0.36757,0.87198,16.901,0.091,505.370,441.497,865.077,496.182,779.871,452.044,476.278,513.800,708.895,-1,-1,-1,-1,488.749,611.967,503.975,706.080,0,0,0,0,0,0,0,0,0,2,2,2,2,0,0,0,0
115,7191.502,3303.259,-239.330,-61.087,0.480328,0.867238,0.131085,-0.869634,0.490341,-0.057461,-0.114108,-0.086396,0.989704,0,0.36674,0.87537,16.922,-0.085,507.043,439.737,907.815,489.697,802.441,453.727,478.126,507.518,728.480,-1,-1,-1,-1,481.654,611.140,503.183,731.442,0,0,0,0,0,0,0,0,0,2,2,2,2,0,0,0,0
116,7198.604,3288.052,-239.168,-61.393,0.476235,0.869399,0.131699,-0.873235,0.485193,-0.045263,-0.103251,-0.093449,0.990256,0,0.36543,0.88072,16.783,-0.307,512.062,440.767,975.758,484.593,843.677,456.376,482.582,498.797,747.942,-1,-1,-1,-1,477.169,613.842,506.749,770.290,0,0,0,0,0,0,0,0,0,2,2,2,2,0,0,0,0
117,7205.235,3272.601,-239.240,-61.778,0.470973,0.872411,0.130700,-0.877566,0.478436,-0.031241,-0.089787,-0.099985,0.990930,0,0.36353,0.88852,16.814,-0.385,524.681,437.599,-1,486.200,898.024,461.326,483.994,490.914,765.143,-1,-1,-1,-1,475.671,631.306,522.490,827.035,0,0,2,0,0,0,0,0,0,2,2,2,2,0,0,0,0
118,7212.048,3257.097,-239.964,-62.096,0.466614,0.874849,0.130041,-0.881131,0.472552,-0.017401,-0.076674,-0.106463,0.991356,0,0.36139,0.89726,16.935,-0.318,534.742,433.479,-1,491.203,959.770,464.736,484.537,481.250,781.389,-1,-1,-1,-1,495.765,659.400,542.541,886.354,0,0,2,0,0,0,0,0,0,2,2,2,2,0,0,0,0
119,7218.821,3241.555,-241.623,-62.381,0.462604,0.876630,0.132356,-0.884151,0.467184,-0.004048,-0.065384,-0.115150,0.991194,0,0.35940,0.90539,16.954,-0.285,530.827,427.337,-1,509.433,-1,465.233,481.907,466.179,801.378,-1,-1,-1,-1,511.786,685.998,549.457,946.569,0,0,2,0,2,0,0,0,0,2,2,2,2,0,0,0,0
120,7225.571,3226.003,-244.261,-62.655,0.458626,0.878055,0.136684,-0.886867,0.461951,0.008207,-0.055935,-0.124984,0.990581,0,0.35747,0.91327,16.953,-0.275,514.102,419.402,-1,525.421,-1,462.714,476.305,446.301,822.652,-1,-1,-1,-1,517.431,704.148,542.825,1001.757,0,0,2,0,2,0,0,0,0,2,2,2,2,0,0,0,0
121,7232.340,3210.581,-247.613,-62.921,0.454637,0.879354,0.141571,-0.889240,0.457158,0.016091,-0.050570,-0.133206,0.989797,0,0.35556,0.92110,16.842,-0.266,485.190,410.948,-1,517.835,-1,454.389,467.145,426.932,837.916,-1,-1,-1,-1,509.244,710.635,519.203,-1,0,0,2,0,2,0,0,0,0,2,2,2,2,0,0,0,2
122,7239.114,3195.344,-251.522,-63.150,0.451072,0.880472,0.145959,-0.891047,0.453568,0.017628,-0.050682,-0.138008,0.989134,0,0.35366,0.92886,16.675,-0.229,445.874,399.223,-1,504.116,-1,439.682,453.505,411.025,840.291,-1,-1,-1,-1,488.571,695.382,478.898,1003.285,0,0,2,0,2,0,0,0,0,2,2,2,2,0,0,0,0
123,7245.909,3180.202,-255.938,-63.312,0.448420,0.881278,0.149228,-0.892040,0.451784,0.012467,-0.056432,-0.138708,0.988724,0,0.69939,0.01127,16.597,-0.162,399.241,384.200,-1,484.147,-1,421.261,435.332,399.121,830.313,-1,-1,-1,-1,455.275,658.023,409.771,927.903,0,0,2,0,2,0,0,0,0,2,2,2,2,0,0,0,0
124,7252.749,3165.003,-260.864,-63.407,0.446638,0.881895,0.150915,-0.892191,0.451657,0.001136,-0.067160,-0.135152,0.988546,0,0.69612,0.01799,16.667,-0.095,356.392,366.404,-1,458.773,921.500,399.716,413.219,390.611,807.774,-1,-1,-1,-1,419.939,605.588,367.799,819.439,0,0,2,0,0,0,0,0,0,2,2,2,2,0,0,0,0
125,7259.707,3149.646,-266.516,-63.464,0.445293,0.882483,0.151453,-0.891698,0.452404,-0.014338,-0.081171,-0.128666,0.988360,0,0.69314,0.02412,16.860,-0.056,324.323,346.605,887.873,429.877,792.611,375.958,388.376,381.899,775.524,-1,-1,-1,-1,394.757,541.658,335.632,701.461,0,0,0,0,0,0,0,0,0,2,2,2,2,0,0,0,0
126,7266.977,3134.007,-272.465,-63.427,0.445367,0.883345,0.146118,-0.890411,0.454088,-0.031186,-0.093899,-0.116216,0.988775,0,0.69029,0.02997,17.246,0.037,298.822,327.707,762.099,399.252,674.779,352.417,363.802,379.840,733.258,-1,-1,-1,-1,371.857,480.953,307.990,592.107,0,0,0,0,0,0,0,0,0,2,2,2,2,0,0,0,0
127,7274.667,3117.850,-278.071,-63.227,0.448134,0.884238,0.131531,-0.888190,0.457092,-0.046759,-0.101468,-0.095870,0.990209,0,0.68783,0.03504,17.894,0.200,285.948,312.005,678.434,372.299,571.638,333.610,341.931,390.021,678.294,-1,-1,-1,-1,355.180,437.627,289.175,505.353,0,0,0,0,0,0,0,0,0,2,2,2,2,0,0,0,0
128,7282.462,3100.798,-283.309,-63.028,0.451023,0.885175,0.114207,-0.886266,0.459297,-0.059820,-0.105407,-0.074238,0.991654,0,0.68604,0.03872,18.749,0.199,278.287,298.473,623.700,351.497,488.968,318.087,322.065,404.032,627.358,-1,-1,-1,-1,342.461,409.001,273.615,434.313,0,0,0,0,0,0,0,0,0,2,2,2,2,0,0,0,0
129,7290.189,3083.076,-288.225,-62.917,0.452538,0.886078,0.100382,-0.884967,0.460096,-0.071727,-0.109741,-0.056375,0.992360,0,0.68405,0.04281,19.333,0.112,267.387,284.792,567.488,328.855,416.612,301.104,302.346,413.445,586.978,-1,-1,-1,-1,329.340,381.538,255.652,364.827,0,0,0,0,0,0,0,0,0,2,2,2,2,0,0,0,0
130,7297.968,3064.866,-292.802,-62.917,0.452189,0.887184,0.091813,-0.884298,0.459372,-0.083629,-0.116371,-0.043374,0.992258,0,0.68149,0.04808,19.802,-0.000,248.292,269.944,507.602,306.037,355.721,282.476,281.941,415.738,555.482,-1,-1,-1,-1,314.063,353.957,233.571,299.113,0,0,0,0,0,0,0,0,0,2,2,2,2,0,0,0,0
131,7305.958,3046.206,-297.110,-62.993,0.450581,0.888557,0.086272,-0.884043,0.457558,-0.095442,-0.124280,-0.033264,0.991689,0,0.67826,0.05472,20.299,-0.076,223.394,254.586,448.008,283.292,297.310,263.013,261.231,413.439,530.162,-1,-1,-1,-1,295.759,326.339,209.282,250.703,0,0,0,0,0,0,0,0,0,2,2,2,2,0,0,0,0
132,7314.053,3027.463,-300.564,-63.077,0.448888,0.890067,0.079250,-0.883916,0.455293,-0.106774,-0.131118,-0.022121,0.991120,0,0.67454,0.06237,20.417,-0.084,201.092,242.570,397.028,262.191,246.551,245.050,241.918,415.152,506.015,-1,-1,-1,-1,275.818,300.309,188.617,215.586,0,0,0,0,0,0,0,0,0,2,2,2,2,0,0,0,0
133,7323.613,3005.273,-302.888,-63.054,0.449029,0.891283,0.063142,-0.883335,0.453440,-0.118794,-0.134510,-0.002433,0.990909,0,0.67074,0.07020,24.161,0.023,184.432,233.863,364.648,240.514,192.409,228.457,222.700,434.608,472.520,-1,-1,-1,-1,256.989,274.063,172.792,186.004,0,0,0,0,0,0,0,0,0,2,2,2,2,0,0,0,0
134,7329.591,2990.847,-302.493,-63.001,0.450211,0.891690,0.046903,-0.883635,0.452469,-0.120249,-0.128447,0.012692,0.991635,0,0.66677,0.07836,15.616,0.053,183.566,230.844,382.222,232.078,176.532,222.353,215.884,460.562,451.324,-1,-1,-1,-1,250.831,264.614,168.864,171.296,0,0,0,0,0,0,0,0,0,2,2,2,2,0,0,0,0
135,7337.306,2972.787,-299.867,-62.916,0.452435,0.891483,0.023692,-0.884763,0.452038,-0.113384,-0.111789,0.030338,0.993269,0,0.66435,0.08333,19.638,0.085,222.462,228.272,444.539,228.598,168.156,220.026,213.740,501.731,431.695,-1,-1,-1,-1,262.655,261.495,175.315,158.399,0,0,0,0,0,0,0,0,0,2,2,2,2,0,0,0,0
136,7346.713,2956.522,-295.661,-62.466,0.460115,0.887859,-0.000606,-0.882609,0.457319,-0.108911,-0.096420,0.050646,0.994051,0,0.63221,0.64608,18.789,0.450,354.768,226.983,525.700,225.811,162.101,219.535,212.603,564.621,412.579,-1,-1,-1,-1,320.674,264.967,288.064,145.996,0,0,0,0,0,0,0,0,0,2,2,2,2,0,0,0,0
137,7356.678,2941.624,-290.450,-61.867,0.469829,0.882593,-0.017054,-0.878686,0.465721,-0.104947,-0.084682,0.064292,0.994332,0,0.63135,0.64793,17.924,0.600,513.907,230.580,611.890,223.560,161.149,217.008,215.726,620.758,402.875,-1,-1,-1,-1,366.133,277.443,390.026,146.818,0,0,0,0,0,0,0,0,0,2,2,2,2,0,0,0,0
138,7366.209,2929.276,-284.397,-61.414,0.477019,0.878569,-0.023860,-0.875425,0.472552,-0.101616,-0.078001,0.069360,0.994538,0,0.63139,0.64784,15.598,0.453,-1,255.891,682.755,227.321,170.802,213.197,219.402,659.974,404.705,-1,-1,-1,-1,403.577,293.852,482.665,168.825,2,0,0,0,0,0,0,0,0,2,2,2,2,0,0,0,0
139,7375.566,2920.065,-277.883,-60.841,0.485934,0.873590,-0.026631,-0.870925,0.481450,-0.098463,-0.073194,0.071040,0.994784,0,0.63118,0.64829,13.130,0.573,-1,278.742,752.068,234.009,201.915,216.060,220.496,695.746,411.308,-1,-1,-1,-1,437.861,314.758,580.623,218.331,2,0,0,0,0,0,0,0,0,2,2,2,2,0,0,0,0
140,7385.028,2912.342,-271.317,-60.328,0.494015,0.868931,-0.030140,-0.867089,0.489821,-0.090730,-0.064075,0.070956,0.995419,0,0.63208,0.64636,12.214,0.513,-1,304.201,861.610,244.971,234.308,238.563,224.958,725.764,416.938,-1,-1,-1,-1,486.973,345.432,-1,239.617,2,0,0,0,0,0,0,0,0,2,2,2,2,0,0,2,0
141,7394.408,2907.121,-265.014,-60.078,0.498088,0.866323,-0.037333,-0.865418,0.493943,-0.084096,-0.054414,0.074195,0.995758,0,0.63295,0.64449,10.735,0.250,-1,331.930,1001.494,262.188,265.471,262.343,234.697,777.863,420.875,-1,-1,-1,-1,544.964,376.319,-1,272.149,2,0,0,0,0,0,0,0,0,2,2,2,2,0,0,2,0
142,7402.363,2903.708,-259.038,-60.113,0.497811,0.866238,-0.042623,-0.866171,0.494079,-0.075057,-0.043958,0.074283,0.996268,0,0.63304,0.64429,8.656,-0.035,-1,360.899,-1,284.332,305.272,284.831,256.741,824.516,430.504,-1,-1,-1,-1,608.695,411.615,-1,323.793,2,0,2,0,0,0,0,0,0,2,2,2,2,0,0,2,0
143,7409.479,2899.896,-253.592,-60.196,0.496832,0.866677,-0.045045,-0.867384,0.494203,-0.058376,-0.028331,0.068075,0.997278,0,0.63215,0.64621,8.073,-0.083,-1,394.858,-1,314.228,368.454,311.012,284.850,821.179,447.001,-1,-1,-1,-1,701.439,464.587,-1,403.522,2,0,2,0,0,0,0,0,0,2,2,2,2,0,0,2,0
144,7416.051,2895.290,-249.141,-60.124,0.498108,0.865909,-0.045710,-0.867066,0.496828,-0.036860,-0.009208,0.057994,0.998274,0,0.63096,0.64877,8.025,0.073,-1,433.422,-1,350.608,455.495,340.030,315.232,787.787,465.648,-1,-1,-1,-1,894.953,527.612,-1,518.840,2,0,2,0,0,0,0,0,0,2,2,2,2,0,0,2,0
145,7423.053,2890.939,-245.915,-59.691,0.504640,0.861979,-0.048273,-0.863268,0.504485,-0.016239,0.010355,0.049868,0.998702,0,0.63035,0.65009,8.243,0.433,-1,474.758,-1,387.044,554.174,370.754,346.108,765.644,477.853,-1,-1,-1,-1,-1,597.343,-1,664.596,2,0,2,0,0,0,0,0,0,2,2,2,2,2,0,2,0
146,7430.510,2886.694,-243.953,-59.022,0.514477,0.855868,-0.052950,-0.856963,0.515364,0.003706,0.030460,0.043469,0.998590,0,0.63144,0.64773,8.581,0.669,-1,519.318,-1,424.539,668.748,401.829,377.721,749.921,484.153,-1,885.521,552.973,-1,-1,671.951,-1,848.947,2,0,2,0,0,0,0,0,0,2,0,0,2,2,0,2,0
147,7438.394,2882.369,-243.250,-58.187,0.526448,0.848107,-0.059730,-0.848646,0.528438,0.023513,0.051505,0.038311,0.997938,0,0.63364,0.64300,8.993,0.834,-1,569.002,-1,465.774,810.985,435.709,411.544,736.329,485.768,-1,592.899,430.668,-1,-1,754.487,-1,-1,2,0,2,0,0,0,0,0,0,2,0,0,2,2,0,2,2
148,7446.735,2877.845,-243.795,-57.244,0.539587,0.839117,-0.068759,-0.838686,0.542875,0.043502,0.073831,0.034194,0.996684,0,0.63657,0.63669,9.488,0.943,-1,633.688,-1,508.602,-1,471.999,447.405,723.107,482.876,-1,464.374,360.258,-1,-1,855.567,-1,-1,2,0,2,0,2,0,0,0,0,2,0,0,2,2,0,2,2
149,7455.449,2873.008,-245.448,-56.277,0.552562,0.829751,-0.078666,-0.827810,0.557341,0.064040,0.096981,0.029734,0.994842,0,0.63996,0.62941,9.966,0.967,-1,725.442,-1,555.108,-1,512.562,485.982,704.444,478.066,-1,376.387,306.267,866.124,-1,985.699,-1,-1,2,0,2,0,2,0,0,0,0,2,0,0,0,2,0,2,2
150,7464.389,2868.032,-247.756,-55.337,0.564792,0.820834,-0.085096,-0.816796,0.570745,0.084223,0.117702,0.021937,0.992807,0,0.64337,0.62206,10.232,0.940,-1,935.125,-1,604.356,-1,549.825,524.558,675.348,476.617,-1,315.157,263.806,791.146,-1,-1,-1,-1,2,0,2,0,2,0,0,0,0,2,0,0,0,2,2,2,2
151,7473.699,2862.964,-250.669,-54.420,0.576469,0.812295,-0.088658,-0.805797,0.583125,0.103233,0.135554,0.011929,0.990698,0,0.48862,1.00000,10.600,0.917,-1,-1,-1,650.483,-1,582.820,559.735,637.664,477.657,-1,266.246,228.474,746.807,-1,-1,-1,-1,2,2,2,0,2,0,0,0,0,2,0,0,0,2,2,2,2
152,7483.328,2858.072,-253.978,-53.509,0.588138,0.803379,-0.093147,-0.795084,0.595435,0.115320,0.148109,0.006236,0.988951,0,0.49097,1.00000,10.800,0.911,-1,-1,-1,681.898,-1,604.960,582.916,612.735,472.063,-1,235.128,206.507,721.788,-1,-1,-1,-1,2,2,2,0,2,0,0,0,0,2,0,0,0,2,2,2,2
153,7493.139,2853.542,-257.624,-52.551,0.600788,0.793051,-0.100613,-0.784419,0.609094,0.117013,0.154080,0.008622,0.988021,0,0.49330,1.00000,10.806,0.958,-1,-1,-1,688.808,-1,612.576,588.102,610.589,450.456,-1,217.742,192.831,695.380,-1,-1,-1,-1,2,2,2,0,2,0,0,0,0,2,0,0,0,2,2,2,2
154,7502.834,2849.079,-261.488,-51.584,0.614024,0.781635,-0.109640,-0.774252,0.623472,0.108703,0.153323,0.018143,0.988010,0,0.49583,1.00000,10.674,0.968,-1,-1,-1,667.928,-1,602.265,574.119,629.071,419.433,-1,210.660,182.122,670.687,-1,-1,-1,-1,2,2,2,0,2,0,0,0,0,2,0,0,0,2,2,2,2
155,7512.399,2844.873,-265.643,-50.544,0.628699,0.768356,-0.119860,-0.763860,0.639068,0.090054,0.145792,0.034939,0.988698,0,0.49840,1.00000,10.448,1.040,-1,-1,-1,621.488,-1,574.531,539.718,673.218,381.068,-1,216.468,181.608,648.929,-1,-1,-1,-1,2,2,2,0,2,0,0,0,0,2,0,0,0,2,2,2,2
156,7521.244,2839.921,-269.951,-49.668,0.641301,0.756394,-0.128842,-0.755344,0.651868,0.067257,0.134861,0.054188,0.989382,0,0.50125,1.00000,10.136,0.876,-1,-1,-1,564.724,-1,538.905,497.328,745.470,337.996,-1,230.690,186.863,635.659,-1,-1,-1,-1,2,2,2,0,2,0,0,0,0,2,0,0,0,2,2,2,2
157,7529.297,2834.019,-273.001,-49.126,0.648847,0.748589,-0.136423,-0.749735,0.659578,0.053434,0.129981,0.067611,0.989209,0,0.50342,1.00000,9.985,0.542,-1,-1,-1,532.528,-1,521.073,474.583,803.665,308.968,-1,236.319,186.294,621.912,-1,-1,-1,-1,2,2,2,0,2,0,0,0,0,2,0,0,0,2,2,2,2
158,7537.234,2829.041,-274.267,-48.613,0.655366,0.741351,-0.144549,-0.743699,0.666792,0.047958,0.131937,0.076071,0.988335,0,0.50427,1.00000,9.369,0.513,-1,-1,-1,527.454,-1,525.480,473.567,854.639,291.535,-1,232.098,179.629,607.559,-1,-1,-1,-1,2,2,2,0,2,0,0,0,0,2,0,0,0,2,2,2,2
159,7544.781,2825.014,-273.800,-48.131,0.660925,0.735021,-0.151397,-0.737422,0.673527,0.050697,0.139234,0.078137,0.987172,0,0.50516,1.00000,8.554,0.481,-1,-1,-1,545.672,891.019,549.969,491.352,882.204,286.657,-1,222.062,173.696,597.288,-1,-1,-1,-1,2,2,2,0,1,0,0,0,0,2,0,0,0,2,2,2,2
160,7551.785,2821.850,-271.754,-47.565,0.667186,0.728264,-0.156507,-0.729775,0.681169,0.058628,0.149304,0.075099,0.985935,0,0.50607,1.00000,7.686,0.566,-1,-1,-1,582.514,-1,589.267,522.576,881.108,288.639,-1,213.257,144.261,595.866,-1,-1,-1,-1,2,2,2,0,2,0,0,0,0,2,0,0,0,2,2,2,2
161,7558.459,2819.038,-268.224,-47.013,0.672907,0.722024,-0.160866,-0.721937,0.688413,0.069957,0.161253,0.069060,0.984494,0,0.50743,1.00000,7.242,0.552,-1,-1,-1,633.512,-1,649.216,568.338,868.348,298.129,-1,205.768,133.966,600.329,-1,-1,-1,-1,2,2,2,0,2,0,0,0,0,2,0,0,0,2,2,2,2
162,7564.941,2816.098,-263.440,-46.534,0.677418,0.716863,-0.164961,-0.714703,0.694483,0.083026,0.174080,0.061655,0.982799,0,0.50878,1.00000,7.117,0.479,-1,-1,-1,699.862,-1,756.266,627.662,855.877,312.865,-1,201.106,130.276,608.736,-1,-1,-1,-1,2,2,2,0,2,0,0,0,0,2,0,0,0,2,2,2,2
163,7571.224,2813.315,-257.826,-46.080,0.681536,0.711925,-0.169328,-0.707722,0.700087,0.094908,0.186112,0.055154,0.980979,0,0.50986,1.00000,6.872,0.454,-1,-1,-1,772.510,-1,900.848,698.359,856.035,328.941,-1,199.934,132.948,619.175,-1,-1,-1,-1,2,2,2,0,2,0,0,0,0,2,0,0,0,2,2,2,2
164,7577.519,2810.940,-251.909,-45.527,0.686911,0.705461,-0.174582,-0.699676,0.706912,0.103580,0.196486,0.051001,0.979179,0,0.51088,1.00000,6.728,0.552,-1,-1,-1,848.010,-1,-1,790.493,873.344,342.368,-1,201.211,139.695,629.918,-1,-1,-1,-1,2,2,2,0,2,2,0,0,0,2,0,0,0,2,2,2,2
165,7584.073,2808.716,-246.176,-44.873,0.693495,0.697290,-0.181249,-0.690421,0.715092,0.109368,0.205871,0.049292,0.977337,0,0.51230,1.00000,6.921,0.655,-1,-1,-1,928.050,-1,-1,909.573,899.890,353.700,-1,204.464,146.328,638.226,-1,-1,-1,-1,2,2,2,0,2,2,0,0,0,2,0,0,0,2,2,2,2
166,7590.959,2806.340,-241.126,-44.143,0.700891,0.687666,-0.189386,-0.680243,0.724304,0.112485,0.214525,0.049989,0.975438,0,0.51409,1.00000,7.285,0.729,-1,-1,-1,-1,-1,-1,-1,935.035,361.961,1004.117,206.974,150.245,643.127,-1,-1,-1,-1,2,2,2,2,2,2,2,0,0,0,0,0,0,2,2,2,2
167,7598.098,2803.797,-237.057,-43.378,0.708566,0.677134,-0.198552,-0.669551,0.733998,0.113793,0.222790,0.052311,0.973462,0,0.51611,1.00000,7.577,0.765,-1,-1,-1,-1,-1,-1,-1,975.022,363.300,977.738,206.774,150.079,644.926,-1,-1,-1,-1,2,2,2,2,2,2,2,0,0,0,0,0,0,2,2,2,2
168,7605.619,2801.015,-234.055,-42.586,0.716198,0.665862,-0.209018,-0.658260,0.744009,0.114648,0.231851,0.055477,0.971168,0,0.51821,1.00000,8.020,0.792,-1,-1,-1,-1,-1,-1,-1,-1,361.430,948.107,201.281,155.864,635.426,-1,-1,-1,-1,2,2,2,2,2,2,2,2,0,0,0,0,0,2,2,2,2
169,7613.613,2797.958,-232.136,-41.786,0.723433,0.654050,-0.221050,-0.646497,0.754120,0.115519,0.242254,0.059338,0.968397,0,0.52035,1.00000,8.559,0.801,-1,-1,-1,-1,-1,-1,-1,-1,356.673,920.720,190.027,160.911,619.512,-1,-1,-1,-1,2,2,2,2,2,2,2,2,0,0,0,0,0,2,2,2,2
170,7622.119,2794.677,-231.284,-40.985,0.730136,0.641702,-0.234777,-0.634366,0.764265,0.116099,0.253933,0.064166,0.965091,0,0.52246,1.00000,9.116,0.800,-1,-1,-1,-1,-1,-1,-1,-1,349.249,889.368,174.080,165.039,599.360,-1,-1,-1,-1,2,2,2,2,2,2,2,2,0,0,0,0,0,2,2,2,2
171,7631.156,2791.211,-231.468,-40.193,0.736210,0.628797,-0.250218,-0.621983,0.774391,0.115997,0.266705,0.070233,0.961216,0,0.52451,1.00000,9.679,0.793,-1,-1,-1,-1,-1,-1,-1,-1,339.837,856.249,170.556,168.348,570.714,-1,-1,-1,-1,2,2,2,2,2,2,2,2,0,0,0,0,0,2,2,2,2
172,7640.781,2787.496,-232.632,-39.412,0.741545,0.615293,-0.267443,-0.609362,0.784477,0.115214,0.280693,0.077533,0.956661,0,0.64999,0.88001,10.317,0.781,-1,-1,-1,-1,-1,-1,-1,-1,326.064,823.115,167.656,171.490,536.559,-1,-1,-1,-1,2,2,2,2,2,2,2,2,0,0,0,0,0,2,2,2,2
173,7651.028,2783.408,-234.691,-38.624,0.746254,0.600880,-0.286443,-0.596242,0.794708,0.113728,0.295975,0.085919,0.951324,0,0.65228,0.87472,11.033,0.787,-1,-1,-1,-1,-1,-1,-1,-1,309.760,788.700,163.224,174.976,494.663,-1,-1,-1,-1,2,2,2,2,2,2,2,2,0,0,0,0,0,2,2,2,2
174,7661.902,2779.020,-237.557,-37.831,0.750418,0.585213,-0.307242,-0.582744,0.805141,0.110264,0.311901,0.096299,0.945222,0,0.65449,0.86963,11.726,0.793,-1,-1,-1,-1,-1,-1,-1,-1,290.379,757.895,157.919,178.276,425.474,-1,-1,-1,-1,2,2,2,2,2,2,2,2,0,0,0,0,0,2,2,2,2
175,7673.445,2774.585,-241.156,-37.014,0.754419,0.567418,-0.329982,-0.568792,0.816032,0.102804,0.327609,0.110133,0.938373,0,0.65661,0.86473,12.365,0.817,-1,-1,-1,-1,-1,-1,-1,-1,267.083,734.062,152.455,181.563,294.985,-1,-1,-1,-1,2,2,2,2,2,2,2,2,0,0,0,0,0,2,2,2,2
176,7685.130,2770.396,-245.045,-36.093,0.760232,0.547242,-0.350104,-0.554233,0.827487,0.089945,0.338928,0.125660,0.932383,0,0.65878,0.85973,12.414,0.921,-1,-1,-1,-1,-1,-1,-1,-1,244.160,725.809,150.592,185.993,286.147,-1,-1,-1,-1,2,2,2,2,2,2,2,2,0,0,0,0,0,2,2,2,2
177,7696.164,2766.957,-248.261,-35.063,0.770338,0.527815,-0.357758,-0.540669,0.838121,0.072323,0.338017,0.137716,0.931009,0,0.66142,0.85364,11.557,1.030,-1,-1,-1,-1,-1,-1,-1,-1,226.668,745.871,156.656,188.194,284.901,-1,-1,-1,-1,2,2,2,2,2,2,2,2,0,0,0,0,0,2,2,2,2
178,7706.625,2764.228,-250.410,-33.972,0.784056,0.511132,-0.352136,-0.528298,0.847361,0.053665,0.325817,0.143956,0.934409,0,0.66470,0.84608,10.812,1.091,-1,-1,-1,-1,-1,-1,-1,-1,214.887,790.272,169.849,200.167,291.915,-1,-1,-1,-1,2,2,2,2,2,2,2,2,0,0,0,0,0,2,2,2,2
179,7716.591,2762.005,-251.073,-32.958,0.798486,0.500035,-0.335239,-0.517703,0.854551,0.041545,0.307253,0.140382,0.941217,0,0.66839,0.83756,10.211,1.015,-1,-1,-1,-1,-1,-1,-1,-1,211.710,836.673,188.805,219.193,307.403,-1,-1,-1,-1,2,2,2,2,2,2,2,2,0,0,0,0,0,2,2,2,2
180,7726.457,2760.413,-250.355,-31.985,0.812567,0.492443,-0.311824,-0.507449,0.860879,0.037193,0.286758,0.128013,0.949412,0,0.67187,0.82954,9.994,0.973,-1,-1,-1,-1,-1,-1,-1,-1,216.213,870.693,212.027,235.534,329.911,-1,-1,-1,-1,2,2,2,2,2,2,2,2,0,0,0,0,0,2,2,2,2
181,7736.908,2759.303,-248.843,-31.007,0.825633,0.484929,-0.288401,-0.496227,0.867368,0.037832,0.268496,0.111877,0.956762,0,0.67529,0.82165,10.510,0.978,-1,-1,-1,-1,-1,-1,-1,-1,228.523,889.135,235.826,252.801,355.730,-1,-1,-1,-1,2,2,2,2,2,2,2,2,0,0,0,0,0,2,2,2,2
182,7748.139,2758.338,-247.047,-30.009,0.837498,0.476101,-0.268187,-0.483705,0.874247,0.041490,0.254216,0.094975,0.962473,0,0.67879,0.81357,11.272,0.998,-1,-1,-1,-1,-1,-1,-1,-1,244.527,890.736,249.822,270.156,382.178,-1,-1,-1,-1,2,2,2,2,2,2,2,2,0,0,0,0,0,2,2,2,2
183,7760.106,2757.471,-245.243,-28.987,0.848586,0.465739,-0.250977,-0.470123,0.881398,0.046068,0.242666,0.078898,0.966896,0,0.68237,0.80532,11.998,1.022,-1,-1,-1,-1,-1,-1,-1,-1,260.703,884.015,263.688,287.630,447.170,-1,-1,-1,-1,2,2,2,2,2,2,2,2,0,0,0,0,0,2,2,2,2
184,7772.518,2756.801,-243.613,-27.934,0.859275,0.453943,-0.235758,-0.455621,0.888734,0.050605,0.232498,0.063933,0.970493,0,0.68601,0.79691,12.430,1.052,-1,-1,-1,-1,-1,-1,-1,995.478,276.283,875.893,277.551,305.295,503.991,-1,-1,-1,-1,2,2,2,2,2,2,2,0,0,0,0,0,0,2,2,2,2
185,7785.347,2756.312,-242.349,-26.851,0.869783,0.440703,-0.221944,-0.440330,0.896214,0.053941,0.222681,0.050811,0.973566,0,0.68980,0.78818,12.838,1.083,-1,-1,-1,-1,-1,-1,-1,925.666,290.442,870.946,291.722,323.379,554.359,-1,-1,-1,-1,2,2,2,2,2,2,2,0,0,0,0,0,0,2,2,2,2
186,7798.487,2755.476,-241.480,-25.896,0.878837,0.429009,-0.208800,-0.426657,0.902516,0.058551,0.213564,0.037629,0.976204,0,0.69372,0.77914,13.167,0.955,-1,-1,-1,-1,-1,-1,-1,864.291,305.294,863.415,305.951,341.989,598.036,-1,-1,-1,-1,2,2,2,2,2,2,2,0,0,0,0,0,0,2,2,2,2
187,7811.907,2754.786,-241.009,-24.884,0.888060,0.415667,-0.196394,-0.411924,0.909138,0.061538,0.204128,0.026250,0.978592,0,0.69697,0.77164,13.438,1.012,-1,-1,-1,-1,-1,-1,-1,815.521,317.724,860.725,320.744,361.781,639.114,-1,-1,-1,-1,2,2,2,2,2,2,2,0,0,0,0,0,0,2,2,2,2
188,7825.583,2754.048,-240.785,-23.833,0.897302,0.400991,-0.184542,-0.396382,0.915929,0.062888,0.194245,0.016719,0.980811,0,0.70046,0.76359,13.696,1.051,-1,-1,-1,-1,-1,-1,-1,776.062,327.375,864.160,336.476,382.835,675.883,-1,-1,-1,-1,2,2,2,2,2,2,2,0,0,0,0,0,0,2,2,2,2
189,7839.668,2753.214,-240.663,-22.776,0.906238,0.385519,-0.173514,-0.380494,0.922654,0.062719,0.184272,0.009182,0.982832,0,0.70407,0.75526,14.110,1.058,-1,-1,-1,-1,-1,-1,-1,746.133,334.990,873.994,353.271,405.125,708.314,-1,-1,-1,-1,2,2,2,2,2,2,2,0,0,0,0,0,0,2,2,2,2
190,7854.072,2752.247,-240.556,-21.753,0.914568,0.370113,-0.163041,-0.364928,0.928982,0.061807,0.174338,0.002971,0.984681,0,0.70764,0.74702,14.436,1.023,-1,-1,-1,-1,-1,-1,-1,722.785,340.911,888.577,371.033,428.442,738.883,-1,-1,-1,-1,2,2,2,2,2,2,2,0,0,0,0,0,0,2,2,2,2
191,7868.780,2750.869,-240.318,-20.910,0.921308,0.357445,-0.153049,-0.352006,0.933928,0.062214,0.165175,-0.003444,0.986258,0,0.71098,0.73931,14.772,0.842,-1,-1,-1,-1,-1,-1,-1,701.238,347.706,902.479,389.152,451.545,773.764,-1,-1,-1,-1,2,2,2,2,2,2,2,0,0,0,0,0,0,2,2,2,2
192,7883.675,2749.239,-239.921,-20.116,0.927537,0.345268,-0.143057,-0.339719,0.938459,0.062337,0.155776,-0.009221,0.987749,0,0.71339,0.73375,14.984,0.795,-1,-1,-1,-1,-1,-1,-1,683.455,354.149,922.121,408.404,475.853,809.589,-1,-1,-1,-1,2,2,2,2,2,2,2,0,0,0,0,0,0,2,2,2,2
193,7898.782,2747.519,-239.186,-19.353,0.933269,0.333396,-0.133627,-0.327799,0.942674,0.062559,0.146824,-0.014581,0.989055,0,0.71549,0.72892,15.205,0.763,-1,-1,-1,-1,-1,-1,-1,669.159,361.903,943.383,428.505,522.152,845.626,-1,-1,-1,-1,2,2,2,2,2,2,2,0,0,0,0,0,0,2,2,2,2
194,7914.155,2745.837,-238.093,-18.593,0.938709,0.321284,-0.124911,-0.315774,0.946793,0.062203,0.138250,-0.018947,0.990216,0,0.62696,0.43237,15.464,0.761,-1,-1,-1,-1,-1,-1,-1,659.733,369.430,968.713,449.618,616.891,880.524,-1,-1,-1,-1,2,2,2,2,2,2,2,0,0,0,0,0,0,2,2,2,2
195,7929.544,2744.116,-236.576,-17.851,0.943867,0.309257,-0.116087,-0.303977,0.950714,0.061170,0.129282,-0.022449,0.991354,0,0.62855,0.42817,15.485,0.741,-1,-1,-1,-1,-1,-1,-1,654.476,376.438,1001.845,555.901,680.585,918.107,-1,-1,-1,-1,2,2,2,2,2,2,2,0,0,0,0,0,0,2,2,2,2
196,7944.741,2742.502,-234.515,-17.138,0.948807,0.297395,-0.106398,-0.292576,0.954438,0.058711,0.119011,-0.024576,0.992589,0,0.63002,0.42430,15.283,0.714,-1,-1,-1,-1,-1,-1,-1,654.792,382.659,-1,622.347,758.761,963.728,-1,-1,-1,-1,2,2,2,2,2,2,2,0,0,2,0,0,0,2,2,2,2
197,7960.111,2740.992,-232.110,-16.452,0.953402,0.285780,-0.096715,-0.281541,0.957957,0.055247,0.108437,-0.025443,0.993778,0,0.63137,0.42072,15.444,0.686,-1,-1,-1,-1,-1,-1,-1,659.836,388.663,-1,703.747,837.942,-1,-1,-1,-1,-1,2,2,2,2,2,2,2,0,0,2,0,0,2,2,2,2,2
198,7975.715,2739.366,-229.653,-15.854,0.957302,0.275672,-0.087055,-0.271858,0.960864,0.053226,0.098321,-0.027286,0.994781,0,0.63260,0.41749,15.688,0.598,-1,-1,-1,-1,-1,-1,-1,662.630,396.423,-1,777.620,913.052,-1,-1,-1,-1,-1,2,2,2,2,2,2,2,0,0,2,0,0,2,2,2,2,2
199,7991.067,2737.743,-226.915,-15.407,0.960456,0.268478,-0.073778,-0.264688,0.962633,0.057259,0.086394,-0.035466,0.995630,0,0.63340,0.41537,15.438,0.446,-1,-1,-1,-1,-1,-1,-1,649.135,414.511,-1,866.552,1003.779,-1,-1,-1,-1,-1,2,2,2,2,2,2,2,0,0,2,0,0,2,2,2,2,2
200,8006.116,2736.579,-224.039,-15.025,0.963374,0.262320,-0.055672,-0.258592,0.963719,0.066148,0.071004,-0.049329,0.996256,0,0.63360,0.41485,15.094,0.382,-1,-1,-1,-1,-1,-1,-1,621.694,442.384,-1,983.927,-1,-1,-1,-1,-1,-1,2,2,2,2,2,2,2,0,0,2,0,2,2,2,2,2,2
201,8020.774,2735.794,-221.260,-14.724,0.965876,0.256997,-0.032195,-0.253823,0.963951,0.079829,0.051550,-0.068933,0.996289,0,0.63364,0.41475,14.679,0.301,-1,-1,-1,-1,-1,1006.040,998.001,579.059,482.740,-1,-1,-1,-1,-1,-1,-1,-1,2,2,2,2,2,0,0,0,0,2,2,2,2,2,2,2,2
202,8035.725,2735.191,-219.169,-14.446,0.967912,0.251178,-0.007417,-0.249354,0.963699,0.095431,0.031118,-0.090520,0.995408,0,0.63345,0.41525,14.963,0.277,-1,-1,-1,-1,-1,930.200,936.083,535.044,529.352,-1,-1,-1,-1,-1,-1,-1,-1,2,2,2,2,2,0,0,0,0,2,2,2,2,2,2,2,2
203,8051.244,2734.767,-218.135,-14.163,0.969528,0.244520,0.015018,-0.244667,0.963364,0.109856,0.012394,-0.110183,0.993834,0,0.63314,0.41605,15.525,0.283,-1,-1,-1,-1,-1,864.954,883.045,497.481,572.065,-1,-1,-1,-1,-1,-1,-1,-1,2,2,2,2,2,0,0,0,0,2,2,2,2,2,2,2,2
204,8067.331,2734.318,-217.922,-13.911,0.970670,0.238260,0.032112,-0.240407,0.962984,0.121928,-0.001872,-0.126071,0.992019,0,0.63281,0.41692,16.093,0.253,-1,-1,-1,-1,-1,820.231,846.329,465.913,608.634,-1,-1,-1,-1,-1,-1,-1,-1,2,2,2,2,2,0,0,0,0,2,2,2,2,2,2,2,2
205,8087.451,2733.107,-218.506,-13.566,0.972037,0.230607,0.044329,-0.234543,0.962714,0.134803,-0.011590,-0.141430,0.989880,0,0.63226,0.41838,20.156,0.345,-1,978.747,-1,-1,-1,792.648,825.250,437.059,646.821,-1,-1,-1,-1,-1,-1,-1,-1,2,0,2,2,2,0,0,0,0,2,2,2,2,2,2,2,2
206,8101.422,2731.903,-219.286,-13.282,0.973171,0.225313,0.046604,-0.229718,0.962885,0.141711,-0.012945,-0.148615,0.988810,0,0.63142,0.42058,14.023,0.284,-1,967.681,-1,-1,-1,790.676,825.686,424.142,664.215,-1,-1,-1,-1,-1,-1,-1,-1,2,0,2,2,2,0,0,0,0,2,2,2,2,2,2,2,2
207,8119.432,2730.102,-220.532,-12.852,0.974884,0.218138,0.044915,-0.222417,0.963984,0.145830,-0.011486,-0.152157,0.988290,0,0.63086,0.42208,18.100,0.430,-1,977.637,-1,-1,-1,798.779,834.143,418.114,671.323,-1,-1,-1,-1,-1,-1,-1,-1,2,0,2,2,2,0,0,0,0,2,2,2,2,2,2,2,2
208,8137.872,2727.971,-222.066,-12.366,0.976760,0.210417,0.040796,-0.214144,0.966076,0.144358,-0.009037,-0.149739,0.988684,0,0.63022,0.42376,18.563,0.486,-1,1001.309,-1,-1,-1,811.912,844.650,421.757,661.882,-1,-1,-1,-1,-1,-1,-1,-1,2,0,2,2,2,0,0,0,0,2,2,2,2,2,2,2,2
209,8156.488,2725.583,-223.943,-11.851,0.978648,0.202092,0.037509,-0.205363,0.969026,0.137165,-0.008628,-0.141940,0.989838,0,0.62956,0.42549,18.769,0.515,-1,-1,-1,-1,-1,818.739,846.144,433.753,636.589,-1,-1,-1,-1,-1,-1,-1,-1,2,2,2,2,2,0,0,0,0,2,2,2,2,2,2,2,2
210,8175.171,2723.044,-226.360,-11.346,0.980390,0.193563,0.036992,-0.196712,0.972483,0.124821,-0.011814,-0.129651,0.991489,0,0.62881,0.42748,18.855,0.506,-1,-1,-1,-1,-1,812.445,833.746,452.679,597.204,-1,-1,-1,-1,-1,-1,-1,-1,2,2,2,2,2,0,0,0,0,2,2,2,2,2,2,2,2
211,8193.914,2720.414,-229.475,-10.839,0.981996,0.184797,0.039163,-0.188018,0.976195,0.108132,-0.018248,-0.113549,0.993365,0,0.62785,0.43002,18.927,0.507,-1,-1,-1,-1,-1,794.217,808.741,478.902,548.838,-1,-1,-1,-1,-1,-1,-1,-1,2,2,2,2,2,0,0,0,0,2,2,2,2,2,2,2,2
212,8212.569,2717.683,-233.067,-10.395,0.983167,0.176799,0.046090,-0.180360,0.979458,0.090184,-0.029199,-0.096979,0.994858,0,0.62672,0.43299,18.854,0.444,-1,989.015,-1,971.392,-1,761.031,769.190,507.320,502.246,-1,-1,-1,-1,-1,-1,-1,-1,2,0,2,0,2,0,0,0,0,2,2,2,2,2,2,2,2
213,8231.016,2715.094,-236.806,-10.019,0.983678,0.169574,0.060182,-0.173780,0.982051,0.073327,-0.046668,-0.082588,0.995490,0,0.62519,0.43703,18.627,0.377,-1,925.238,-1,895.142,-1,710.972,714.153,528.667,462.746,-1,-1,-1,-1,-1,-1,-1,-1,2,0,2,0,2,0,0,0,0,2,2,2,2,2,2,2,2
214,8249.653,2712.715,-240.257,-9.720,0.983471,0.163434,0.077936,-0.168460,0.983697,0.062947,-0.066378,-0.075035,0.994969,0,0.62333,0.44195,18.789,0.299,310.196,849.371,-1,824.246,-1,657.347,660.093,537.529,439.318,-1,-1,-1,-1,-1,-1,-1,-1,1,0,2,0,2,0,0,0,0,2,2,2,2,2,2,2,2
215,8268.615,2710.829,-242.530,-9.466,0.983168,0.157809,0.092070,-0.163924,0.984453,0.063104,-0.080681,-0.077134,0.993751,0,0.62105,0.44797,19.055,0.254,294.399,794.267,-1,783.253,-1,623.185,627.435,530.286,438.911,-1,-1,-1,-1,-1,-1,-1,-1,1,0,2,0,2,0,0,0,0,2,2,2,2,2,2,2,2
216,8288.235,2709.744,-243.472,-9.136,0.983566,0.150657,0.099502,-0.158179,0.984740,0.072571,-0.087050,-0.087118,0.992387,0,0.61853,0.45463,19.650,0.330,277.592,767.988,-1,777.142,-1,611.738,619.497,511.775,459.489,-1,-1,-1,-1,-1,-1,-1,-1,1,0,2,0,2,0,0,0,0,2,2,2,2,2,2,2,2
217,8308.530,2709.361,-243.735,-8.725,0.984353,0.142127,0.104155,-0.151064,0.984983,0.083600,-0.090709,-0.098026,0.991041,0,0.61625,0.46064,20.299,0.411,259.821,754.198,-1,781.929,-1,609.344,620.107,492.852,488.400,-1,-1,-1,-1,-1,-1,199.175,-1,1,0,2,0,2,0,0,0,0,2,2,2,2,2,2,1,2
218,8329.166,2708.920,-244.117,-8.347,0.984814,0.134241,0.110091,-0.144487,0.985308,0.091060,-0.096250,-0.105584,0.989741,0,0.61419,0.46608,20.640,0.378,241.340,738.051,-1,777.560,-1,603.172,616.405,481.578,514.223,-1,-1,-1,-1,-1,-1,172.829,-1,1,0,2,0,2,0,0,0,0,2,2,2,2,2,2,1,2
219,8349.954,2708.182,-244.657,-8.002,0.984807,0.127023,0.118406,-0.138432,0.985931,0.093688,-0.104840,-0.108656,0.988536,0,0.61170,0.47266,20.801,0.345,215.842,717.001,-1,761.330,-1,590.584,604.522,479.621,530.509,-1,-1,-1,-1,-1,-1,148.070,-1,1,0,2,0,2,0,0,0,0,2,2,2,2,2,2,1,2
220,8369.789,2707.265,-245.299,-7.617,0.984401,0.119326,0.129293,-0.131647,0.987081,0.091329,-0.116725,-0.106926,0.987392,0,0.60870,0.48055,19.856,0.384,186.151,690.993,-1,732.957,-1,571.612,585.020,486.015,535.351,-1,-1,-1,-1,-1,-1,125.218,-1,1,0,2,0,2,0,0,0,0,2,2,2,2,2,2,1,2
221,8383.645,2706.222,-245.563,-7.188,0.982880,0.110139,0.147706,-0.123961,0.988389,0.087863,-0.136314,-0.104668,0.985121,0,0.60573,0.48840,13.895,0.429,168.668,644.370,-1,687.297,-1,536.857,550.163,490.732,536.388,-1,-1,-1,-1,-1,-1,102.427,-1,1,0,2,0,2,0,0,0,0,2,2,2,2,2,2,1,2
222,8386.056,2703.113,-244.400,-6.168,0.979306,0.086975,0.182745,-0.105839,0.989726,0.096127,-0.172507,-0.113480,0.978450,0,0.30890,0.30095,3.934,1.020,189.799,554.255,-1,619.493,-1,473.764,493.225,466.514,562.500,-1,-1,-1,-1,966.226,980.696,108.951,-1,1,0,2,0,2,0,0,0,0,2,2,2,2,0,0,1,2
223,8384.528,2697.847,-242.111,-4.795,0.975088,0.057060,0.214356,-0.081789,0.990746,0.108322,-0.206192,-0.123156,0.970730,0,0.31005,0.29498,5.482,1.374,220.955,484.324,-1,565.516,-1,422.501,447.319,441.683,597.265,-1,-1,-1,-1,809.665,886.712,126.846,-1,1,0,2,0,2,0,0,0,0,2,2,2,2,0,0,1,2
224,8383.760,2694.047,-239.799,-3.940,0.971851,0.041270,0.231955,-0.066938,0.992333,0.103899,-0.225889,-0.116500,0.967162,0,0.31199,0.28500,3.877,0.855,229.724,456.831,-1,531.019,-1,399.257,422.425,452.924,592.133,-1,-1,-1,-1,744.963,822.631,136.862,-1,1,0,2,0,2,0,0,0,0,2,2,2,2,0,0,1,2
225,8384.046,2690.625,-237.278,-3.276,0.971106,0.032769,0.236390,-0.055584,0.994344,0.090503,-0.232087,-0.101028,0.967434,0,0.31309,0.27934,3.433,0.664,231.460,459.936,-1,518.112,-1,398.151,416.813,486.661,567.799,-1,-1,-1,-1,749.032,795.746,141.132,-1,1,0,2,0,2,0,0,0,0,2,2,2,2,0,0,1,2
226,8385.226,2687.084,-234.853,-2.648,0.972603,0.026861,0.230915,-0.044976,0.996277,0.073544,-0.228080,-0.081914,0.970190,0,0.31376,0.27585,3.732,0.628,228.985,483.827,-1,521.376,-1,412.470,425.137,532.427,538.161,-1,-1,-1,-1,798.874,799.617,142.049,-1,1,0,2,0,2,0,0,0,0,2,2,2,2,0,0,1,2
227,8386.897,2683.356,-232.991,-2.036,0.975328,0.021576,0.219706,-0.034671,0.997833,0.055922,-0.218023,-0.062160,0.973962,0,0.31424,0.27335,4.086,0.612,224.825,520.089,-1,533.874,-1,435.171,441.396,579.140,508.737,-1,-1,-1,-1,880.168,822.001,141.183,-1,1,0,2,0,2,0,0,0,0,2,2,2,2,0,0,1,2
228,8388.774,2679.651,-232.138,-1.461,0.978351,0.016462,0.206295,-0.024951,0.998943,0.038616,-0.205442,-0.042927,0.977728,0,0.31461,0.27147,4.153,0.575,220.454,561.564,-1,549.538,-1,460.584,460.239,628.395,480.683,-1,-1,-1,-1,965.376,848.958,139.446,-1,1,0,2,0,2,0,0,0,0,2,2,2,2,0,0,1,2
229,8390.229,2677.391,-232.341,-1.276,0.981277,0.018430,0.191717,-0.021865,0.999636,0.015816,-0.191356,-0.019712,0.981323,0,0.31489,0.27004,2.689,0.184,213.876,610.633,-1,563.010,-1,487.898,479.100,688.562,443.676,-1,-1,-1,-1,-1,871.719,134.515,-1,1,0,2,0,2,0,0,0,0,2,2,2,2,2,0,1,2
230,8391.020,2675.307,-233.229,-1.128,0.984239,0.019879,0.175720,-0.019371,0.999802,-0.004604,-0.175777,0.001128,0.984429,0,0.31470,0.27102,2.229,0.149,208.704,665.012,-1,579.389,-1,517.402,500.342,746.975,411.050,-1,-1,-1,-1,-1,900.489,155.875,-1,1,0,2,0,2,0,0,0,0,2,2,2,2,2,0,1,2
231,8354.704,-915.011,-110.474,56.328,0.548226,-0.836291,-0.008123,0.822914,0.537673,0.183631,-0.149201,-0.107356,0.982962,1,0.31455,0.27180,0.000,0.000,-1,547.366,-1,440.785,-1,405.813,374.381,356.689,-1,995.522,-1,-1,-1,820.016,910.210,-1,-1,2,0,2,0,2,0,0,0,2,0,2,2,2,0,0,2,2
232,8355.081,-911.772,-106.501,56.280,0.549103,-0.835586,-0.016806,0.822733,0.536902,0.186672,-0.146958,-0.116329,0.982278,0,0.30555,0.88348,3.261,-0.048,-1,557.773,-1,467.666,-1,417.942,389.324,355.717,-1,961.611,-1,-1,-1,827.004,955.238,-1,-1,2,0,2,0,2,0,0,0,2,0,2,2,2,0,0,2,2
