timestep,x_cm,y_cm,z_cm,yaw_deg,basis_xx,basis_xy,basis_xz,basis_yx,basis_yy,basis_yz,basis_zx,basis_zy,basis_zz,teleport_flag,throttle_cmd,steering_cmd,cmd_move_cm,cmd_turn_deg,lidar_cm_0,lidar_cm_1,lidar_cm_2,lidar_cm_3,lidar_cm_4,lidar_cm_5,lidar_cm_6,lidar_cm_7,lidar_cm_8,lidar_cm_9,lidar_cm_10,lidar_cm_11,lidar_cm_12,lidar_cm_13,lidar_cm_14,lidar_cm_15,lidar_cm_16,lidar_class_0,lidar_class_1,lidar_class_2,lidar_class_3,lidar_class_4,lidar_class_5,lidar_class_6,lidar_class_7,lidar_class_8,lidar_class_9,lidar_class_10,lidar_class_11,lidar_class_12,lidar_class_13,lidar_class_14,lidar_class_15,lidar_class_16
0,-980.144,-1636.839,221.289,38.542,0.781919,-0.623070,-0.019662,0.623104,0.782122,-0.005059,0.018530,-0.008295,0.999794,1,0.08000,0.12000,4.800,0.240,-1,450.000,-1,400.000,-1,350.000,350.000,350.000,325.000,-1,-1,-1,-1,-1,850.000,-1,-1,2,0,2,0,2,0,0,0,0,2,2,2,2,2,0,2,2
1,-972.685,-1630.795,221.340,39.022,0.776687,-0.629598,-0.019076,0.629645,0.776872,-0.004195,0.017461,-0.008753,0.999809,0,0.16000,0.24000,9.600,0.480,-1,450.000,-1,400.000,-1,350.000,350.000,350.000,325.000,-1,-1,-1,-1,1000.000,850.000,-1,-1,2,0,2,0,2,0,0,0,0,2,2,2,2,0,0,2,2
2,-961.613,-1621.589,221.412,39.742,0.768736,-0.639306,-0.018228,0.639369,0.768894,-0.002868,0.015850,-0.009450,0.999830,0,0.24000,0.36000,14.400,0.720,-1,450.000,-1,400.000,-1,350.000,350.000,325.000,325.000,-1,-1,-1,-1,1000.000,825.000,-1,-1,2,0,2,0,2,0,0,0,0,2,2,2,2,0,0,2,2
3,-947.057,-1609.068,221.502,40.702,0.757945,-0.652093,-0.017159,0.652175,0.758068,-0.001044,0.013688,-0.010399,0.999852,0,0.32000,0.48000,19.200,0.960,-1,450.000,-1,400.000,-1,350.000,325.000,325.000,325.000,-1,-1,-1,-1,1000.000,825.000,-1,-1,2,0,2,0,2,0,0,0,0,2,2,2,2,0,0,2,2
4,-929.195,-1593.039,221.605,41.902,0.744156,-0.667816,-0.015922,0.667916,0.744235,0.001319,0.010969,-0.011616,0.999872,0,0.40000,0.60000,24.000,1.200,-1,450.000,-1,400.000,-1,350.000,325.000,325.000,325.000,-1,-1,-1,-1,975.000,825.000,-1,-1,2,0,2,0,2,0,0,0,0,2,2,2,2,0,0,2,2
5,-908.250,-1573.272,221.669,43.342,0.727175,-0.686297,-0.014575,0.686407,0.727206,0.004060,0.007812,-0.012957,0.999886,0,0.48000,0.72000,28.800,1.440,-1,450.000,-1,400.000,-1,350.000,325.000,325.000,325.000,-1,-1,-1,-1,950.000,825.000,-1,-1,2,0,2,0,2,0,0,0,0,2,2,2,2,0,0,2,2
6,-884.501,-1549.504,221.631,45.022,0.706782,-0.707309,-0.013163,0.707418,0.706761,0.006970,0.004373,-0.014238,0.999889,0,0.56000,0.84000,33.600,1.680,-1,425.000,-1,400.000,-1,350.000,325.000,325.000,300.000,-1,-1,-1,-1,925.000,800.000,-1,-1,2,0,2,0,2,0,0,0,0,2,2,2,2,0,0,2,2
7,-858.184,-1521.540,221.565,46.737,0.685337,-0.728128,-0.011922,0.728225,0.685258,0.010463,0.000552,-0.015852,0.999874,0,0.64000,0.85756,38.400,1.715,-1,425.000,-1,400.000,-1,350.000,325.000,325.000,300.000,-1,-1,-1,-1,925.000,800.000,-1,-1,2,0,2,0,2,0,0,0,0,2,2,2,2,0,0,2,2
8,-829.533,-1489.207,221.461,48.454,0.663264,-0.748306,-0.010942,0.748377,0.663115,0.014535,-0.003620,-0.017829,0.999834,0,0.72000,0.85838,43.200,1.717,-1,425.000,-1,400.000,-1,350.000,325.000,325.000,300.000,-1,-1,-1,-1,900.000,775.000,-1,-1,2,0,2,0,2,0,0,0,0,2,2,2,2,0,0,2,2
9,-798.791,-1452.344,221.306,50.173,0.640582,-0.767821,-0.010292,0.767847,0.640346,0.019170,-0.008129,-0.020182,0.999763,0,0.80000,0.85926,48.000,1.719,-1,425.000,-1,400.000,-1,325.000,325.000,325.000,300.000,-1,-1,-1,-1,875.000,775.000,1000.000,-1,2,0,2,0,2,0,0,0,0,2,2,2,2,0,0,1,2
10,-766.207,-1410.797,221.088,51.893,0.617314,-0.786653,-0.010038,0.786610,0.616969,0.024346,-0.012959,-0.022925,0.999653,0,0.88000,0.86021,52.800,1.720,975.000,425.000,-1,400.000,-1,325.000,325.000,325.000,275.000,-1,-1,-1,-1,850.000,750.000,950.000,-1,1,0,2,0,2,0,0,0,0,2,2,2,2,1,0,1,2
11,-732.040,-1364.425,220.780,53.615,0.593486,-0.804779,-0.010267,0.804640,0.593000,0.030097,-0.018133,-0.026124,0.999494,0,0.96000,0.86120,57.600,1.722,900.000,400.000,-1,400.000,-1,325.000,325.000,325.000,275.000,-1,-1,-1,-1,800.000,750.000,875.000,-1,1,0,2,0,2,0,0,0,0,2,2,2,2,1,0,1,2
12,-697.919,-1315.071,220.420,55.340,0.569121,-0.822179,-0.011074,0.821922,0.568457,0.036065,-0.023357,-0.029627,0.999288,0,1.00000,0.86223,60.000,1.724,850.000,400.000,-1,400.000,-1,325.000,325.000,300.000,300.000,-1,-1,-1,-1,750.000,725.000,800.000,-1,1,0,2,0,2,0,0,0,0,2,2,2,2,1,0,1,2
13,-665.300,-1264.712,220.030,57.066,0.544243,-0.838835,-0.012457,0.838446,0.543367,0.041962,-0.028430,-0.033282,0.999042,0,1.00000,0.86321,60.000,1.726,775.000,400.000,-1,375.000,-1,325.000,325.000,300.000,300.000,-1,-1,-1,-1,675.000,725.000,750.000,-1,1,0,2,0,2,0,0,0,0,2,2,2,2,1,0,1,2
14,-634.215,-1213.393,218.943,58.794,0.518787,-0.854800,-0.013287,0.854323,0.517799,0.044893,-0.031494,-0.034641,0.998903,0,1.00000,0.86405,60.000,1.728,725.000,400.000,950.000,375.000,-1,325.000,325.000,300.000,300.000,-1,-1,-1,-1,650.000,700.000,675.000,-1,1,0,1,0,2,0,0,0,0,2,2,2,2,1,0,1,2
15,-604.691,-1161.160,217.123,60.524,0.492750,-0.870071,-0.013234,0.869566,0.491783,0.044780,-0.032453,-0.033573,0.998909,0,1.00000,0.86476,60.000,1.730,675.000,400.000,875.000,375.000,-1,325.000,325.000,300.000,300.000,-1,-1,-1,-1,600.000,700.000,625.000,-1,1,0,1,0,2,0,0,0,0,2,2,2,2,1,0,1,2
16,-576.758,-1108.059,215.260,62.255,0.466254,-0.884543,-0.013821,0.884036,0.465291,0.044542,-0.032969,-0.032986,0.998912,0,1.00000,0.86531,60.000,1.731,625.000,400.000,800.000,375.000,-1,325.000,325.000,300.000,300.000,-1,-1,-1,-1,550.000,700.000,575.000,1000.000,1,0,1,0,2,0,0,0,0,2,2,2,2,1,0,1,1
17,-550.443,-1054.138,213.347,63.986,0.439324,-0.898208,-0.014714,0.897713,0.438358,0.044197,-0.033248,-0.032626,0.998914,0,1.00000,0.86571,60.000,1.731,575.000,400.000,725.000,375.000,-1,325.000,325.000,300.000,300.000,-1,-1,-1,-1,500.000,700.000,525.000,900.000,1,0,1,0,2,0,0,0,0,2,2,2,2,1,1,1,1
18,-525.769,-999.446,211.399,65.718,0.411984,-0.911057,-0.015638,0.910576,0.411015,0.043789,-0.033467,-0.032280,0.998918,0,1.00000,0.86596,60.000,1.732,525.000,375.000,650.000,375.000,-1,325.000,325.000,300.000,300.000,-1,-1,-1,-1,450.000,625.000,475.000,800.000,1,1,1,0,2,0,0,0,0,2,2,2,2,1,1,1,1
19,-502.759,-944.034,209.415,67.450,0.384265,-0.923074,-0.016578,0.922610,0.383294,0.043320,-0.033633,-0.031942,0.998924,0,1.00000,0.86604,60.000,1.732,475.000,350.000,575.000,375.000,900.000,325.000,325.000,300.000,300.000,-1,-1,-1,-1,425.000,550.000,425.000,700.000,1,1,1,0,1,0,0,0,0,2,2,2,2,1,1,1,1
20,-481.435,-887.951,207.395,69.182,0.356198,-0.934246,-0.017523,0.933801,0.355225,0.042795,-0.033756,-0.031607,0.998930,0,1.00000,0.86595,60.000,1.732,425.000,325.000,500.000,375.000,775.000,300.000,325.000,300.000,300.000,-1,-1,-1,-1,375.000,475.000,375.000,600.000,1,1,1,0,1,1,0,0,0,2,2,2,2,1,1,1,1
21,-461.815,-831.250,205.335,70.913,0.327813,-0.944562,-0.018461,0.944136,0.326840,0.042220,-0.033845,-0.031270,0.998938,0,1.00000,0.86568,60.000,1.731,375.000,275.000,450.000,350.000,650.000,250.000,300.000,300.000,300.000,-1,-1,-1,-1,325.000,425.000,325.000,525.000,1,1,1,1,1,1,1,0,0,2,2,2,2,1,1,1,1
22,-443.916,-773.982,203.265,72.644,0.299148,-0.954008,-0.019460,0.953601,0.298170,0.041720,-0.033999,-0.031038,0.998940,0,1.00000,0.86522,60.000,1.730,325.000,250.000,375.000,300.000,525.000,225.000,250.000,300.000,300.000,-1,-1,-1,-1,300.000,350.000,275.000,425.000,1,1,1,1,1,1,1,0,0,2,2,2,2,1,1,1,1
23,-427.754,-716.200,201.161,74.373,0.270237,-0.962574,-0.020549,0.962188,0.269248,0.041231,-0.034155,-0.030914,0.998938,0,1.00000,0.86456,60.000,1.729,250.000,200.000,300.000,250.000,425.000,200.000,200.000,300.000,300.000,-1,-1,-1,-1,250.000,300.000,225.000,350.000,1,1,1,1,1,1,1,0,0,2,2,2,2,1,1,1,1
24,-413.334,-657.960,203.576,76.100,0.240408,-0.970646,-0.007071,0.970478,0.240208,0.021759,-0.019422,-0.012093,0.999738,0,1.00000,0.86368,60.000,1.727,275.000,175.000,275.000,200.000,325.000,175.000,175.000,350.000,300.000,-1,525.000,475.000,-1,225.000,250.000,225.000,275.000,1,1,1,1,1,1,1,0,0,2,0,0,2,1,1,1,1
25,-400.679,-599.310,206.242,77.825,0.210862,-0.977480,0.008395,0.977508,0.210887,0.002192,-0.003913,0.007744,0.999962,0,1.00000,0.86258,60.000,1.725,325.000,175.000,225.000,175.000,250.000,150.000,150.000,400.000,275.000,-1,350.000,250.000,-1,200.000,200.000,225.000,225.000,1,1,1,1,1,1,1,0,0,2,0,0,2,1,1,1,1
26,-5575.426,-2295.762,137.036,81.749,0.143641,-0.989483,0.017063,0.989601,0.143484,-0.010117,0.007562,0.018338,0.999803,1,0.00000,0.00000,60.000,1.722,575.000,400.000,-1,400.000,-1,325.000,325.000,300.000,300.000,-1,400.000,375.000,725.000,625.000,800.000,600.000,-1,1,1,2,0,2,0,0,0,0,2,1,1,1,1,0,1,2
27,-5576.135,-2300.510,137.004,81.509,0.147788,-0.988872,0.017078,0.988989,0.147627,-0.010298,0.007662,0.018412,0.999801,0,-0.08000,-0.12000,-4.800,-0.240,575.000,400.000,-1,400.000,-1,325.000,325.000,300.000,300.000,-1,400.000,375.000,700.000,625.000,800.000,625.000,-1,1,1,2,0,2,0,0,0,0,2,1,1,1,1,0,1,2
28,-5577.617,-2309.995,136.939,81.118,0.154534,-0.987839,0.017108,0.987956,0.154368,-0.010662,0.007891,0.018550,0.999797,0,-0.16000,-0.19538,-9.600,-0.391,575.000,400.000,-1,400.000,-1,325.000,325.000,300.000,300.000,-1,375.000,375.000,700.000,625.000,800.000,625.000,-1,1,1,2,0,2,0,0,0,0,2,1,1,1,1,0,1,2
29,-5579.820,-2323.486,136.846,80.726,0.161305,-0.986756,0.017151,0.986870,0.161130,-0.011181,0.008270,0.018729,0.999790,0,-0.22784,-0.19622,-13.670,-0.392,600.000,400.000,-1,400.000,-1,325.000,325.000,300.000,300.000,-1,375.000,350.000,675.000,625.000,800.000,650.000,-1,1,1,2,0,2,0,0,0,0,2,1,1,1,1,0,1,2
30,-5582.125,-2337.014,136.755,80.331,0.168110,-0.985618,0.017183,0.985730,0.167925,-0.011699,0.008645,0.018904,0.999784,0,-0.22871,-0.19742,-13.723,-0.395,600.000,400.000,-1,400.000,-1,325.000,325.000,300.000,300.000,-1,350.000,325.000,650.000,650.000,800.000,650.000,-1,1,1,2,0,2,0,0,0,0,2,1,1,1,1,0,1,2
31,-5584.533,-2350.576,136.668,79.934,0.174948,-0.984427,0.017205,0.984536,0.174754,-0.012213,0.009016,0.019075,0.999777,0,-0.22958,-0.19863,-13.775,-0.397,625.000,425.000,-1,400.000,-1,325.000,325.000,300.000,300.000,-1,350.000,325.000,625.000,650.000,825.000,675.000,-1,1,1,2,0,2,0,0,0,0,2,1,1,1,1,0,1,2
32,-5587.044,-2364.172,136.584,79.534,0.181819,-0.983181,0.017216,0.983287,0.181616,-0.012723,0.009383,0.019241,0.999771,0,-0.23043,-0.19983,-13.826,-0.400,625.000,425.000,-1,400.000,-1,325.000,325.000,300.000,300.000,-1,325.000,300.000,600.000,675.000,825.000,700.000,-1,1,1,2,0,2,0,0,0,0,2,1,1,1,1,0,1,2
33,-5589.661,-2377.800,136.502,79.132,0.188723,-0.981880,0.017216,0.981982,0.188510,-0.013230,0.009745,0.019402,0.999764,0,-0.23128,-0.20104,-13.877,-0.402,650.000,425.000,-1,400.000,-1,325.000,325.000,300.000,300.000,-1,325.000,300.000,575.000,675.000,825.000,700.000,-1,1,0,2,0,2,0,0,0,0,2,1,1,1,1,0,1,2
34,-5592.383,-2391.458,136.424,78.728,0.195658,-0.980521,0.017205,0.980620,0.195437,-0.013733,0.010103,0.019558,0.999758,0,-0.23212,-0.20224,-13.927,-0.404,650.000,425.000,-1,400.000,-1,325.000,325.000,300.000,300.000,-1,300.000,275.000,575.000,675.000,825.000,725.000,-1,1,0,2,0,2,0,0,0,0,2,1,1,1,1,0,1,2
35,-5595.213,-2405.145,136.350,78.321,0.202625,-0.979106,0.017182,0.979201,0.202395,-0.014232,0.010457,0.019709,0.999751,0,-0.23294,-0.20346,-13.977,-0.407,675.000,425.000,-1,400.000,-1,325.000,325.000,300.000,300.000,-1,300.000,275.000,550.000,700.000,825.000,750.000,-1,1,0,2,0,2,0,0,0,0,2,1,1,1,1,0,1,2
36,-5598.150,-2418.860,136.279,77.911,0.209623,-0.977632,0.017149,0.977723,0.209384,-0.014726,0.010806,0.019854,0.999744,0,-0.23376,-0.20467,-14.026,-0.409,675.000,425.000,-1,400.000,-1,325.000,325.000,300.000,300.000,-1,275.000,250.000,525.000,700.000,825.000,750.000,-1,1,0,2,0,2,0,0,0,0,2,1,1,1,1,0,1,2
37,-5601.196,-2432.600,136.211,77.500,0.216651,-0.976099,0.017103,0.976185,0.216404,-0.015216,0.011151,0.019992,0.999738,0,-0.23456,-0.20588,-14.074,-0.412,700.000,425.000,-1,400.000,-1,325.000,325.000,300.000,300.000,-1,275.000,250.000,500.000,700.000,825.000,775.000,-1,1,0,2,0,2,0,0,0,0,2,1,1,1,1,0,1,2
38,-5604.352,-2446.364,136.147,77.085,0.223710,-0.974507,0.017046,0.974588,0.223454,-0.015700,0.011491,0.020125,0.999731,0,-0.23535,-0.20710,-14.121,-0.414,700.000,425.000,-1,400.000,-1,325.000,325.000,300.000,300.000,-1,250.000,225.000,475.000,725.000,800.000,800.000,-1,1,0,2,0,2,0,0,0,0,2,1,1,1,1,0,1,2
39,-5607.619,-2460.149,136.087,76.669,0.230798,-0.972854,0.016976,0.972930,0.230533,-0.016179,0.011826,0.020251,0.999725,0,-0.23612,-0.20831,-14.167,-0.417,725.000,425.000,-1,400.000,-1,325.000,325.000,300.000,300.000,-1,250.000,200.000,475.000,725.000,800.000,825.000,-1,1,0,2,0,2,0,0,0,0,2,1,1,1,1,0,1,2
40,-5610.997,-2473.955,136.031,76.250,0.237914,-0.971139,0.016895,0.971210,0.237642,-0.016652,0.012156,0.020370,0.999719,0,-0.23688,-0.20953,-14.213,-0.419,725.000,425.000,-1,400.000,-1,325.000,325.000,300.000,300.000,-1,225.000,200.000,450.000,725.000,800.000,825.000,-1,1,0,2,0,2,0,0,0,0,2,1,1,1,1,0,1,2
41,-5614.488,-2487.778,135.979,75.828,0.245060,-0.969362,0.016801,0.969428,0.244779,-0.017118,0.012481,0.020482,0.999712,0,-0.23762,-0.21075,-14.257,-0.421,750.000,425.000,-1,400.000,-1,325.000,325.000,300.000,325.000,-1,225.000,175.000,425.000,750.000,800.000,850.000,-1,1,0,2,0,2,0,0,0,0,2,1,1,1,1,0,1,2
42,-5618.092,-2501.618,135.932,75.404,0.252232,-0.967523,0.016694,0.967582,0.251944,-0.017578,0.012801,0.020587,0.999706,0,-0.23835,-0.21197,-14.301,-0.424,775.000,425.000,-1,400.000,-1,325.000,325.000,300.000,325.000,-1,200.000,175.000,400.000,750.000,800.000,875.000,-1,1,0,2,0,2,0,0,0,0,2,1,1,1,1,0,1,2
43,-5620.562,-2510.792,135.910,74.932,0.260200,-0.965412,0.016581,0.965468,0.259908,-0.017857,0.012930,0.020655,0.999703,0,-0.15835,-0.23607,-9.501,-0.472,775.000,425.000,-1,400.000,-1,325.000,325.000,300.000,325.000,-1,200.000,150.000,400.000,750.000,800.000,900.000,-1,1,0,2,0,2,0,0,0,0,2,1,1,1,1,0,1,2
44,-5621.821,-2515.321,135.909,74.458,0.268174,-0.963230,0.016478,0.963284,0.267882,-0.017964,0.012890,0.020690,0.999703,0,-0.07835,-0.23688,-4.701,-0.474,775.000,425.000,-1,400.000,-1,325.000,325.000,300.000,325.000,-1,200.000,150.000,375.000,775.000,800.000,925.000,-1,1,0,2,0,2,0,0,0,0,2,1,1,1,1,0,1,2
45,-5621.794,-2515.225,135.927,73.984,0.276139,-0.960978,0.016390,0.961034,0.275850,-0.017904,0.012684,0.020695,0.999705,0,0.00165,-0.23727,0.099,-0.475,775.000,425.000,-1,400.000,-1,325.000,325.000,300.000,325.000,-1,200.000,150.000,375.000,775.000,800.000,925.000,-1,1,0,2,0,2,0,0,0,0,2,1,1,1,1,0,1,2
46,-5620.403,-2510.527,135.962,73.509,0.284083,-0.958661,0.016324,0.958721,0.283800,-0.017681,0.012318,0.020674,0.999710,0,0.08165,-0.23727,4.899,-0.475,775.000,425.000,-1,400.000,-1,325.000,325.000,300.000,325.000,-1,200.000,175.000,375.000,775.000,800.000,950.000,-1,1,0,2,0,2,0,0,0,0,2,1,1,1,1,0,1,2
47,-5617.573,-2501.250,136.012,73.036,0.291991,-0.956283,0.016286,0.956348,0.291716,-0.017300,0.011793,0.020626,0.999718,0,0.16165,-0.23685,9.699,-0.474,775.000,425.000,-1,400.000,-1,325.000,325.000,300.000,325.000,-1,225.000,175.000,400.000,775.000,800.000,975.000,-1,1,0,2,0,2,0,0,0,0,2,1,1,1,1,0,1,2
48,-5613.228,-2487.417,136.076,72.563,0.299849,-0.953848,0.016277,0.953922,0.299586,-0.016764,0.011114,0.020553,0.999727,0,0.24165,-0.23604,14.499,-0.472,750.000,425.000,-1,400.000,-1,325.000,325.000,300.000,325.000,-1,225.000,200.000,400.000,800.000,800.000,975.000,-1,1,0,2,0,2,0,0,0,0,2,1,1,1,1,0,1,2
49,-5607.294,-2469.053,136.155,72.094,0.307643,-0.951362,0.016299,0.951446,0.307395,-0.016077,0.010285,0.020454,0.999738,0,0.32165,-0.23482,19.299,-0.470,750.000,425.000,-1,400.000,-1,325.000,325.000,300.000,325.000,-1,250.000,200.000,425.000,800.000,800.000,1000.000,-1,1,0,2,0,2,0,0,0,0,2,1,1,1,1,0,1,2
50,-5599.698,-2446.182,136.248,71.627,0.315361,-0.948831,0.016354,0.948926,0.315130,-0.015241,0.009308,0.020325,0.999750,0,0.40165,-0.23321,24.099,-0.466,725.000,425.000,-1,400.000,-1,325.000,325.000,300.000,325.000,-1,275.000,225.000,450.000,825.000,800.000,-1,-1,1,0,2,0,2,0,0,0,0,2,1,1,1,1,0,2,2
51,-5590.368,-2418.830,136.356,71.165,0.322989,-0.946260,0.016440,0.946367,0.322778,-0.014258,0.008186,0.020163,0.999763,0,0.48165,-0.23119,28.899,-0.462,700.000,425.000,-1,400.000,-1,325.000,325.000,300.000,300.000,-1,300.000,275.000,475.000,850.000,800.000,-1,-1,1,0,2,0,2,0,0,0,0,2,1,1,1,0,0,2,2
52,-5579.234,-2387.023,136.483,70.707,0.330514,-0.943656,0.016553,0.943776,0.330326,-0.013130,0.006923,0.019962,0.999777,0,0.56165,-0.22878,33.699,-0.458,675.000,400.000,-1,400.000,-1,325.000,325.000,300.000,300.000,-1,350.000,300.000,500.000,850.000,800.000,-1,-1,1,0,2,0,2,0,0,0,0,2,1,1,1,0,0,2,2
53,-5566.228,-2350.788,136.630,70.256,0.337923,-0.941026,0.016689,0.941158,0.337760,-0.011857,0.005521,0.019714,0.999790,0,0.64165,-0.22596,38.499,-0.452,650.000,400.000,-1,400.000,-1,325.000,325.000,300.000,300.000,-1,400.000,350.000,550.000,825.000,775.000,-1,-1,1,0,2,0,2,0,0,0,0,2,1,1,1,0,0,2,2
54,-5552.322,-2312.970,136.789,69.810,0.345204,-0.938377,0.016830,0.938519,0.345068,-0.010534,0.004078,0.019432,0.999803,0,0.67155,-0.22273,40.293,-0.445,650.000,400.000,-1,400.000,-1,325.000,325.000,300.000,300.000,-1,425.000,400.000,575.000,825.000,775.000,-1,-1,1,0,2,0,2,0,0,0,0,2,1,1,1,0,0,2,2
55,-5538.072,-2275.118,136.957,69.371,0.352355,-0.935712,0.016967,0.935863,0.352245,-0.009213,0.002645,0.019125,0.999814,0,0.67408,-0.21936,40.445,-0.439,625.000,400.000,-1,400.000,-1,325.000,325.000,300.000,300.000,-1,475.000,425.000,625.000,825.000,775.000,-1,-1,1,0,2,0,2,0,0,0,0,2,1,1,1,0,0,2,2
56,-5523.483,-2237.232,137.134,68.939,0.359376,-0.933036,0.017098,0.933192,0.359291,-0.007894,0.001222,0.018793,0.999823,0,0.67664,-0.21596,40.598,-0.432,600.000,400.000,-1,400.000,-1,325.000,325.000,300.000,300.000,-1,525.000,475.000,675.000,825.000,775.000,-1,-1,1,0,2,0,2,0,0,0,0,2,1,1,1,0,0,2,2
57,-5508.556,-2199.312,137.320,68.514,0.366265,-0.930351,0.017222,0.930511,0.366206,-0.006573,-0.000191,0.018433,0.999830,0,0.67921,-0.21256,40.753,-0.425,600.000,400.000,-1,375.000,-1,325.000,325.000,300.000,300.000,-1,575.000,525.000,700.000,825.000,775.000,-1,-1,1,0,2,0,2,0,0,0,0,2,1,1,1,0,0,2,2
58,-5493.295,-2161.357,137.517,68.096,0.373024,-0.927660,0.017338,0.927820,0.372991,-0.005252,-0.001595,0.018046,0.999836,0,0.68180,-0.20913,40.908,-0.418,600.000,400.000,-1,375.000,-1,325.000,325.000,300.000,300.000,-1,625.000,575.000,750.000,800.000,775.000,-1,-1,1,0,2,0,2,0,0,0,0,2,1,1,1,0,0,2,2
59,-5476.112,-2119.001,137.742,67.918,0.375885,-0.926503,0.017424,0.926661,0.375878,-0.003777,-0.003050,0.017566,0.999841,0,0.76180,-0.08913,45.708,-0.178,625.000,400.000,-1,375.000,-1,325.000,325.000,300.000,300.000,-1,675.000,625.000,800.000,800.000,775.000,-1,-1,1,0,2,0,2,0,0,0,0,2,1,1,1,0,0,2,2
60,-5458.627,-2076.247,137.819,67.758,0.378450,-0.925472,0.016640,0.925613,0.378462,-0.002521,-0.003965,0.016356,0.999858,0,0.76986,-0.07971,46.192,-0.159,625.000,400.000,-1,400.000,-1,325.000,325.000,300.000,300.000,-1,725.000,675.000,850.000,800.000,775.000,-1,-1,1,0,2,0,2,0,0,0,0,2,1,1,1,0,0,2,2
61,-5441.043,-2033.572,137.811,67.607,0.380901,-0.924490,0.015269,0.924605,0.380924,-0.001503,-0.004427,0.014691,0.999882,0,0.76926,-0.07594,46.156,-0.152,650.000,400.000,-1,400.000,-1,325.000,325.000,300.000,300.000,-1,775.000,725.000,900.000,800.000,775.000,-1,-1,1,0,2,0,2,0,0,0,0,2,1,1,1,0,0,2,2
62,-5423.371,-1990.987,137.850,67.462,0.383229,-0.923548,0.013933,0.923641,0.383258,-0.000592,-0.004793,0.013096,0.999903,0,0.76844,-0.07210,46.106,-0.144,725.000,400.000,-1,400.000,-1,325.000,325.000,300.000,300.000,-1,825.000,775.000,950.000,825.000,775.000,-1,-1,1,0,2,0,2,0,0,0,0,2,1,1,1,0,0,2,2
63,-5405.622,-1948.503,137.895,67.326,0.385428,-0.922653,0.012530,0.922723,0.385463,0.000397,-0.005196,0.011409,0.999921,0,0.76738,-0.06818,46.043,-0.136,-1,400.000,-1,400.000,-1,325.000,325.000,300.000,300.000,-1,875.000,825.000,1000.000,825.000,800.000,-1,-1,2,0,2,0,2,0,0,0,0,2,1,1,1,0,0,2,2
64,-5387.808,-1906.130,137.947,67.198,0.387499,-0.921804,0.011059,0.921853,0.387537,0.001463,-0.005635,0.009628,0.999938,0,0.76608,-0.06420,45.965,-0.128,-1,400.000,-1,400.000,-1,325.000,325.000,300.000,300.000,-1,925.000,875.000,-1,825.000,800.000,-1,-1,2,0,2,0,2,0,0,0,0,2,1,1,2,0,0,2,2
65,-5369.940,-1863.879,137.698,67.077,0.389442,-0.920994,0.010214,0.921036,0.389475,0.001331,-0.005204,0.008889,0.999947,0,0.76456,-0.06017,45.874,-0.120,-1,400.000,-1,400.000,-1,325.000,325.000,300.000,300.000,-1,975.000,925.000,-1,825.000,800.000,-1,-1,2,0,2,0,2,0,0,1,0,2,1,1,2,0,0,2,2
66,-5352.031,-1821.760,137.311,66.965,0.391247,-0.920232,0.009955,0.920271,0.391279,0.001447,-0.005227,0.008595,0.999949,0,0.76281,-0.05611,45.769,-0.112,-1,400.000,-1,400.000,-1,325.000,325.000,275.000,300.000,-1,-1,950.000,-1,825.000,800.000,-1,-1,2,0,2,0,2,0,0,1,0,2,2,1,2,0,0,2,2
67,-5334.092,-1779.781,136.784,66.861,0.392912,-0.919518,0.010309,0.919558,0.392949,0.001827,-0.005731,0.008762,0.999945,0,0.76085,-0.05204,45.651,-0.104,-1,400.000,-1,400.000,-1,325.000,325.000,250.000,300.000,-1,-1,1000.000,-1,850.000,800.000,-1,-1,2,0,2,0,2,0,0,1,0,2,2,1,2,0,0,2,2
68,-5316.131,-1737.954,136.246,66.761,0.394508,-0.918831,0.010679,0.918871,0.394552,0.002302,-0.006329,0.008905,0.999940,0,0.75868,-0.04996,45.521,-0.100,-1,400.000,-1,400.000,-1,325.000,325.000,250.000,300.000,-1,-1,-1,-1,850.000,800.000,-1,-1,2,0,2,0,2,0,0,1,0,2,2,2,2,0,0,2,2
69,-5298.155,-1696.286,135.698,66.664,0.396062,-0.918157,0.011067,0.918197,0.396114,0.002873,-0.007021,0.009023,0.999935,0,0.75632,-0.04875,45.379,-0.098,-1,400.000,-1,400.000,-1,325.000,325.000,250.000,300.000,-1,-1,-1,-1,850.000,800.000,-1,-1,2,0,2,0,2,0,0,1,0,2,2,2,2,0,0,2,2
70,-5280.170,-1654.789,135.139,66.568,0.397581,-0.917495,0.011470,0.917534,0.397642,0.003538,-0.007807,0.009118,0.999928,0,0.75378,-0.04770,45.227,-0.095,-1,400.000,-1,400.000,-1,325.000,325.000,225.000,300.000,-1,-1,-1,-1,850.000,775.000,-1,-1,2,0,2,0,2,0,0,1,0,2,2,2,2,0,0,2,2
71,-5263.877,-1617.791,134.645,66.233,0.402937,-0.915152,0.011742,0.915187,0.403007,0.004202,-0.008578,0.009053,0.999922,0,0.67378,-0.16770,40.427,-0.335,-1,400.000,-1,400.000,-1,325.000,325.000,225.000,300.000,-1,-1,-1,-1,850.000,775.000,-1,-1,2,0,2,0,2,0,0,1,0,2,2,2,2,0,0,2,2
72,-5249.192,-1585.331,134.218,65.657,0.412101,-0.911061,0.011868,0.911091,0.412178,0.004836,-0.009298,0.008820,0.999918,0,0.59378,-0.28770,35.627,-0.575,-1,400.000,-1,400.000,-1,325.000,325.000,225.000,300.000,-1,-1,-1,-1,850.000,775.000,-1,-1,2,0,2,0,2,0,0,1,0,2,2,2,2,0,0,2,2
73,-5236.087,-1557.428,133.850,64.842,0.425020,-0.905106,0.011895,0.905129,0.425103,0.005433,-0.009974,0.008458,0.999914,0,0.51378,-0.40770,30.827,-0.815,-1,400.000,-1,400.000,-1,325.000,325.000,225.000,300.000,-1,-1,-1,-1,850.000,775.000,-1,-1,2,0,2,0,2,0,0,1,0,2,2,2,2,0,0,2,2
74,-5224.601,-1534.073,133.538,63.813,0.441199,-0.897331,0.011847,0.897347,0.441286,0.005980,-0.010593,0.007992,0.999912,0,0.43378,-0.51437,26.027,-1.029,-1,400.000,-1,400.000,-1,325.000,325.000,250.000,300.000,-1,-1,-1,-1,850.000,775.000,-1,-1,2,0,2,0,2,0,0,1,0,2,2,2,2,0,0,2,2
75,-5214.893,-1515.196,133.280,62.785,0.457234,-0.889269,0.011770,0.889277,0.457323,0.006460,-0.011128,0.007513,0.999910,0,0.35378,-0.51424,21.227,-1.028,-1,400.000,-1,400.000,-1,325.000,325.000,250.000,300.000,-1,-1,-1,-1,850.000,750.000,-1,-1,2,0,2,0,2,0,0,1,0,2,2,2,2,0,0,2,2
76,-5207.119,-1500.725,133.079,61.756,0.473121,-0.880920,0.011675,0.880922,0.473212,0.006863,-0.011570,0.007038,0.999908,0,0.27378,-0.51421,16.427,-1.028,-1,400.000,-1,400.000,-1,325.000,325.000,250.000,300.000,-1,-1,-1,-1,850.000,750.000,-1,-1,2,0,2,0,2,0,0,1,0,2,2,2,2,0,0,2,2
77,-5201.434,-1490.582,132.946,60.728,0.488856,-0.872287,0.011618,0.872282,0.488950,0.007185,-0.011948,0.006621,0.999907,0,0.19378,-0.51424,11.627,-1.028,-1,400.000,-1,400.000,-1,325.000,325.000,250.000,300.000,-1,-1,-1,-1,850.000,750.000,-1,-1,2,0,2,0,2,0,0,1,0,2,2,2,2,0,0,2,2
78,-5197.989,-1484.688,132.920,59.699,0.504433,-0.863370,0.011794,0.863362,0.504530,0.007446,-0.012379,0.006426,0.999903,0,0.11378,-0.51429,6.827,-1.029,-1,400.000,-1,400.000,-1,325.000,325.000,250.000,300.000,-1,-1,-1,-1,850.000,750.000,-1,-1,2,0,2,0,2,0,0,1,0,2,2,2,2,0,0,2,2
79,-5196.935,-1482.956,132.945,58.670,0.519850,-0.854174,0.011908,0.854163,0.519949,0.007588,-0.012673,0.006227,0.999900,0,0.03378,-0.51434,2.027,-1.029,-1,400.000,-1,400.000,-1,325.000,325.000,250.000,300.000,-1,-1,-1,-1,825.000,750.000,-1,-1,2,0,2,0,2,0,0,1,0,2,2,2,2,0,0,2,2
80,-5198.420,-1485.299,133.034,57.642,0.535101,-0.844703,0.012013,0.844690,0.535201,0.007618,-0.012864,0.006071,0.999899,0,-0.04622,-0.51435,-2.773,-1.029,-1,400.000,-1,400.000,-1,325.000,325.000,275.000,300.000,-1,-1,-1,-1,825.000,750.000,-1,-1,2,0,2,0,2,0,0,1,0,2,2,2,2,0,0,2,2
81,-5202.587,-1491.622,133.189,56.613,0.550179,-0.834959,0.012099,0.834946,0.550280,0.007538,-0.012951,0.005955,0.999898,0,-0.12622,-0.51433,-7.573,-1.029,-1,400.000,-1,400.000,-1,325.000,325.000,275.000,300.000,-1,-1,-1,-1,825.000,750.000,-1,-1,2,0,2,0,2,0,0,1,0,2,2,2,2,0,0,2,2
82,-5209.580,-1501.829,133.399,55.585,0.565079,-0.824948,0.012091,0.824936,0.565179,0.007348,-0.012895,0.005822,0.999900,0,-0.20622,-0.51424,-12.373,-1.028,-1,400.000,-1,400.000,-1,325.000,325.000,275.000,300.000,-1,-1,-1,-1,825.000,750.000,-1,-1,2,0,2,0,2,0,0,1,0,2,2,2,2,0,0,2,2
83,-5219.539,-1515.820,133.641,54.556,0.579797,-0.814675,0.011843,0.814663,0.579892,0.007056,-0.012616,0.005557,0.999905,0,-0.28622,-0.51409,-17.173,-1.028,-1,400.000,-1,400.000,-1,325.000,325.000,250.000,300.000,-1,-1,-1,-1,825.000,750.000,-1,-1,2,0,2,0,2,0,0,1,0,2,2,2,2,0,0,2,2
84,-5232.600,-1533.490,133.879,53.529,0.594329,-0.804145,0.011141,0.804132,0.594413,0.006679,-0.011993,0.004989,0.999916,0,-0.36622,-0.51387,-21.973,-1.028,-1,400.000,-1,400.000,-1,325.000,325.000,250.000,300.000,-1,-1,-1,-1,825.000,750.000,-1,-1,2,0,2,0,2,0,0,1,0,2,2,2,2,0,0,2,2
85,-5247.787,-1553.284,134.118,52.502,0.608665,-0.793362,0.010131,0.793349,0.608735,0.006295,-0.011161,0.004205,0.999929,0,-0.41582,-0.51360,-24.949,-1.027,-1,400.000,-1,400.000,-1,325.000,325.000,250.000,300.000,-1,-1,-1,-1,825.000,775.000,-1,-1,2,0,2,0,2,0,0,1,0,2,2,2,2,0,0,2,2
86,-5263.318,-1572.790,134.505,51.475,0.622787,-0.782330,0.009817,0.782317,0.622852,0.005985,-0.010796,0.003953,0.999934,0,-0.41557,-0.51329,-24.934,-1.027,-1,400.000,-1,400.000,-1,325.000,325.000,250.000,300.000,-1,-1,-1,-1,825.000,775.000,-1,-1,2,0,2,0,2,0,0,1,0,2,2,2,2,0,0,2,2
87,-5279.185,-1592.004,134.902,50.449,0.636701,-0.771053,0.009477,0.771040,0.636761,0.005721,-0.010446,0.003665,0.999939,0,-0.41530,-0.51298,-24.918,-1.026,-1,400.000,-1,400.000,-1,325.000,325.000,250.000,300.000,-1,-1,-1,-1,825.000,775.000,-1,-1,2,0,2,0,2,0,0,1,0,2,2,2,2,0,0,2,2
88,-5295.383,-1610.918,135.307,49.424,0.650403,-0.759535,0.009114,0.759522,0.650458,0.005506,-0.010111,0.003342,0.999943,0,-0.41503,-0.51269,-24.902,-1.025,-1,400.000,-1,400.000,-1,325.000,325.000,250.000,300.000,-1,-1,-1,-1,825.000,775.000,-1,-1,2,0,2,0,2,0,0,1,0,2,2,2,2,0,0,2,2
89,-5311.905,-1629.527,135.721,48.399,0.663888,-0.747781,0.008730,0.747768,0.663939,0.005341,-0.009790,0.002982,0.999948,0,-0.41475,-0.51241,-24.885,-1.025,-1,400.000,-1,400.000,-1,325.000,325.000,225.000,300.000,-1,-1,-1,-1,825.000,775.000,-1,-1,2,0,2,0,2,0,0,1,0,2,2,2,2,0,0,2,2
90,-5328.746,-1647.825,136.138,47.375,0.677154,-0.735794,0.008349,0.735780,0.677201,0.005225,-0.009499,0.002605,0.999951,0,-0.41447,-0.51213,-24.868,-1.024,-1,400.000,-1,400.000,-1,325.000,325.000,225.000,325.000,-1,-1,-1,-1,825.000,775.000,-1,-1,2,0,2,0,2,0,0,1,0,2,2,2,2,0,0,2,2
91,-5345.898,-1665.806,136.551,46.351,0.690197,-0.723578,0.008006,0.723563,0.690239,0.005156,-0.009257,0.002234,0.999955,0,-0.41417,-0.51186,-24.850,-1.024,-1,400.000,-1,400.000,-1,325.000,325.000,225.000,325.000,-1,-1,-1,-1,825.000,775.000,-1,-1,2,0,2,0,2,0,0,1,0,2,2,2,2,0,0,2,2
92,-5363.357,-1683.465,136.962,45.328,0.703012,-0.711137,0.007693,0.711121,0.703051,0.005132,-0.009058,0.001863,0.999957,0,-0.41387,-0.51161,-24.832,-1.023,-1,400.000,-1,400.000,-1,325.000,325.000,225.000,325.000,-1,-1,-1,-1,825.000,775.000,-1,-1,2,0,2,0,2,0,0,1,0,2,2,2,2,0,0,2,2
93,-5381.114,-1700.797,137.307,44.305,0.715593,-0.698475,0.007719,0.698458,0.715632,0.005113,-0.009095,0.001733,0.999957,0,-0.41356,-0.51136,-24.814,-1.023,-1,400.000,-1,400.000,-1,325.000,325.000,225.000,325.000,-1,-1,-1,-1,825.000,775.000,-1,-1,2,0,2,0,2,0,0,1,0,2,2,2,2,0,0,2,2
94,-5395.741,-1714.457,137.495,43.042,0.730807,-0.682535,0.008173,0.682518,0.730851,0.005122,-0.009469,0.001835,0.999953,0,-0.33356,-0.63136,-20.014,-1.263,-1,400.000,-1,400.000,-1,325.000,325.000,225.000,325.000,-1,-1,-1,-1,825.000,775.000,-1,-1,2,0,2,0,2,0,0,1,0,2,2,2,2,0,0,2,2
95,-5407.128,-1724.545,137.633,41.539,0.748452,-0.663134,0.008549,0.663116,0.748498,0.005192,-0.009842,0.001783,0.999950,0,-0.25356,-0.75136,-15.214,-1.503,-1,400.000,-1,400.000,-1,325.000,325.000,225.000,325.000,-1,-1,-1,-1,825.000,775.000,-1,-1,2,0,2,0,2,0,0,1,0,2,2,2,2,0,0,2,2
96,-5415.108,-1731.236,137.722,39.981,0.766211,-0.642529,0.008845,0.642509,0.766260,0.005289,-0.010176,0.001630,0.999947,0,-0.17356,-0.77937,-10.414,-1.559,-1,400.000,-1,400.000,-1,325.000,325.000,225.000,325.000,-1,-1,-1,-1,825.000,775.000,-1,-1,2,0,2,0,2,0,0,1,0,2,2,2,2,0,0,2,2
97,-5419.506,-1734.725,137.757,38.422,0.783401,-0.621451,0.009068,0.621429,0.783452,0.005402,-0.010461,0.001403,0.999944,0,-0.09356,-0.77924,-5.614,-1.558,-1,400.000,-1,400.000,-1,325.000,325.000,225.000,325.000,-1,-1,-1,-1,825.000,775.000,-1,-1,2,0,2,0,2,0,0,1,0,2,2,2,2,0,0,2,2
98,-5420.157,-1735.213,137.736,36.864,0.800010,-0.599916,0.009225,0.599891,0.800063,0.005527,-0.010697,0.001112,0.999942,0,-0.01356,-0.77916,-0.814,-1.558,-1,400.000,-1,400.000,-1,325.000,325.000,225.000,325.000,-1,-1,-1,-1,800.000,775.000,-1,-1,2,0,2,0,2,0,0,1,0,2,2,2,2,0,0,2,2
99,-5416.903,-1732.909,137.656,35.306,0.816028,-0.577937,0.009327,0.577910,0.816081,0.005667,-0.010886,0.000766,0.999940,0,0.06644,-0.77915,3.986,-1.558,-1,400.000,-1,400.000,-1,325.000,325.000,225.000,325.000,-1,-1,-1,-1,800.000,750.000,-1,-1,2,0,2,0,2,0,0,1,0,2,2,2,2,0,0,2,2
100,-5409.597,-1728.028,137.516,33.747,0.831445,-0.555528,0.009379,0.555498,0.831497,0.005826,-0.011035,0.000366,0.999939,0,0.14644,-0.77923,8.786,-1.558,-1,400.000,-1,400.000,-1,325.000,325.000,250.000,325.000,875.000,-1,-1,-1,800.000,750.000,-1,-1,2,0,2,0,2,0,0,1,0,1,2,2,2,0,0,2,2
101,-5398.099,-1720.790,137.313,32.188,0.846250,-0.532703,0.009390,0.532670,0.846302,0.006011,-0.011148,-0.000085,0.999938,0,0.22644,-0.77941,13.586,-1.559,-1,400.000,-1,400.000,-1,325.000,325.000,250.000,325.000,600.000,-1,-1,-1,800.000,750.000,-1,-1,2,0,2,0,2,0,0,1,0,1,2,2,2,0,0,2,2
102,-5382.317,-1711.356,137.053,30.869,0.858288,-0.513084,0.009337,0.513046,0.858338,0.006223,-0.011207,-0.000551,0.999937,0,0.30644,-0.65941,18.386,-1.319,-1,400.000,-1,400.000,-1,325.000,325.000,275.000,325.000,500.000,-1,-1,-1,800.000,750.000,-1,-1,2,0,2,0,2,0,0,1,0,1,2,2,2,0,0,2,2
103,-5362.195,-1699.837,137.408,29.791,0.867758,-0.496832,0.012454,0.496807,0.867845,0.005201,-0.013392,0.001674,0.999909,0,0.38644,-0.53941,23.186,-1.079,-1,400.000,-1,375.000,-1,325.000,325.000,300.000,325.000,450.000,-1,-1,-1,775.000,750.000,-1,-1,2,0,2,0,2,0,0,1,0,1,2,2,2,0,0,2,2
104,-5337.706,-1686.289,137.699,28.952,0.874893,-0.484070,0.015429,0.484068,0.875021,0.004170,-0.015519,0.003820,0.999872,0,0.46644,-0.41941,27.986,-0.839,-1,400.000,-1,375.000,-1,325.000,325.000,300.000,325.000,425.000,-1,-1,-1,775.000,725.000,-1,-1,2,0,2,0,2,0,0,0,0,1,2,2,2,0,0,2,2
105,-5308.853,-1670.719,137.664,28.353,0.879874,-0.474897,0.017161,0.474908,0.880028,0.003670,-0.016845,0.004921,0.999846,0,0.54644,-0.29941,32.786,-0.599,-1,400.000,-1,375.000,-1,325.000,325.000,325.000,300.000,425.000,-1,-1,-1,775.000,725.000,-1,-1,2,0,2,0,2,0,0,0,0,1,2,2,2,0,0,2,2
106,-5275.664,-1653.076,137.242,27.994,0.882826,-0.469376,0.017445,0.469384,0.882985,0.003888,-0.017229,0.004756,0.999840,0,0.62644,-0.17941,37.586,-0.359,-1,400.000,-1,375.000,-1,325.000,325.000,325.000,300.000,425.000,-1,-1,-1,775.000,725.000,-1,-1,2,0,2,0,2,0,0,0,0,1,2,2,2,0,0,2,2
107,-5238.196,-1633.259,136.398,27.875,0.883824,-0.467547,0.015932,0.467530,0.883963,0.005043,-0.016441,0.002992,0.999860,0,0.70644,-0.05941,42.386,-0.119,-1,400.000,-1,375.000,-1,325.000,325.000,300.000,325.000,400.000,-1,-1,-1,775.000,725.000,-1,-1,2,0,2,0,2,0,0,0,0,1,2,2,2,0,0,2,2
108,-5196.515,-1611.140,135.073,27.954,0.883242,-0.468756,0.012324,0.468700,0.883327,0.007287,-0.014302,-0.000660,0.999897,0,0.78644,0.03911,47.186,0.078,-1,400.000,-1,375.000,-1,325.000,325.000,300.000,325.000,400.000,-1,-1,-1,775.000,725.000,-1,-1,2,0,2,0,2,0,0,0,0,1,2,2,2,0,0,2,2
109,-5150.626,-1586.711,133.651,28.028,0.882683,-0.469892,0.008463,0.469813,0.882711,0.009839,-0.012094,-0.004709,0.999916,0,0.86644,0.03703,51.986,0.074,-1,400.000,-1,400.000,-1,325.000,325.000,300.000,325.000,400.000,-1,-1,-1,750.000,750.000,-1,-1,2,0,2,0,2,0,0,0,0,1,2,2,2,0,0,2,2
110,-5102.169,-1560.841,132.847,28.097,0.882113,-0.470956,0.008757,0.470863,0.882140,0.010802,-0.012812,-0.005405,0.999903,0,0.91550,0.03459,54.930,0.069,-1,400.000,-1,400.000,-1,325.000,325.000,300.000,325.000,425.000,-1,-1,-1,750.000,725.000,-1,-1,2,0,2,0,2,0,0,0,0,1,2,2,2,0,0,2,2
111,-5053.782,-1534.939,132.056,28.161,0.881584,-0.471937,0.009204,0.471835,0.881615,0.011295,-0.013445,-0.005615,0.999894,0,0.91473,0.03188,54.884,0.064,-1,400.000,-1,400.000,-1,325.000,325.000,300.000,325.000,450.000,-1,-1,-1,750.000,725.000,-1,-1,2,0,2,0,2,0,0,0,0,1,2,2,2,0,0,2,2
112,-5005.444,-1509.000,131.374,28.219,0.881103,-0.472830,0.009440,0.472725,0.881136,0.011403,-0.013710,-0.005585,0.999890,0,0.91428,0.02902,54.857,0.058,-1,400.000,-1,375.000,-1,325.000,325.000,300.000,325.000,475.000,-1,-1,-1,725.000,725.000,-1,-1,2,0,2,0,2,0,0,0,0,1,2,2,2,0,0,2,2
113,-4957.138,-1483.022,130.711,28.271,0.880672,-0.473630,0.009550,0.473523,0.880705,0.011581,-0.013896,-0.005677,0.999887,0,0.91415,0.02604,54.849,0.052,-1,400.000,-1,375.000,-1,325.000,325.000,300.000,325.000,500.000,-1,-1,-1,700.000,700.000,975.000,-1,2,0,2,0,2,0,0,0,0,1,2,2,2,1,0,1,2
114,-4908.844,-1457.000,130.068,28.317,0.880293,-0.474335,0.009532,0.474224,0.880325,0.011829,-0.014002,-0.005893,0.999885,0,0.91431,0.02295,54.858,0.046,-1,400.000,-1,375.000,-1,325.000,325.000,300.000,325.000,550.000,-1,-1,-1,675.000,700.000,900.000,-1,2,0,2,0,2,0,0,0,0,1,2,2,2,1,0,1,2
115,-4860.545,-1430.933,129.444,28.356,0.879968,-0.474940,0.009386,0.474826,0.879996,0.012147,-0.014029,-0.006233,0.999882,0,0.91474,0.01974,54.884,0.039,-1,375.000,-1,375.000,-1,325.000,325.000,300.000,325.000,575.000,-1,-1,-1,650.000,700.000,850.000,-1,2,0,2,0,2,0,0,0,0,1,2,2,2,1,0,1,2
116,-4812.224,-1404.818,128.838,28.389,0.879699,-0.475443,0.009111,0.475325,0.879721,0.012535,-0.013975,-0.006696,0.999880,0,0.91543,0.01642,54.926,0.033,1000.000,375.000,-1,375.000,-1,325.000,325.000,300.000,325.000,625.000,-1,-1,-1,600.000,700.000,775.000,-1,1,0,2,0,2,0,0,0,0,1,2,2,2,1,0,1,2
117,-4763.866,-1378.654,128.252,28.415,0.879488,-0.475841,0.008707,0.475719,0.879501,0.012992,-0.013840,-0.007284,0.999878,0,0.91637,0.01301,54.982,0.026,925.000,375.000,950.000,375.000,-1,325.000,300.000,325.000,325.000,650.000,-1,-1,-1,575.000,675.000,725.000,-1,1,0,1,0,2,0,0,0,0,1,2,2,2,1,0,1,2
118,-4719.641,-1354.940,127.713,28.201,0.881265,-0.472552,0.008171,0.472431,0.881269,0.013172,-0.013425,-0.007747,0.999880,0,0.83637,-0.10699,50.182,-0.214,850.000,375.000,925.000,375.000,-1,325.000,300.000,325.000,325.000,700.000,-1,-1,-1,550.000,675.000,675.000,-1,1,1,1,0,2,0,0,0,0,1,2,2,2,1,0,1,2
119,-4675.217,-1331.570,127.187,27.747,0.884989,-0.465552,0.007507,0.465436,0.884982,0.013314,-0.012841,-0.008289,0.999883,0,0.83661,-0.22699,50.196,-0.454,750.000,350.000,875.000,375.000,-1,300.000,300.000,325.000,325.000,725.000,-1,-1,-1,525.000,675.000,600.000,-1,1,1,1,0,2,0,0,0,0,1,2,2,2,1,0,1,2
120,-4630.344,-1308.654,126.821,27.053,0.890575,-0.454794,0.006112,0.454685,0.890546,0.013765,-0.011703,-0.009480,0.999887,0,0.83976,-0.34699,50.386,-0.694,675.000,350.000,850.000,375.000,-1,300.000,300.000,325.000,325.000,775.000,-1,-1,-1,475.000,675.000,550.000,-1,1,1,1,0,2,1,0,0,0,1,2,2,2,1,0,1,2
121,-4584.941,-1286.392,126.518,26.119,0.897883,-0.440211,0.004399,0.440113,0.897827,0.014380,-0.010280,-0.010975,0.999887,0,0.84278,-0.46699,50.567,-0.934,575.000,325.000,850.000,375.000,-1,300.000,300.000,325.000,325.000,825.000,-1,-1,-1,450.000,675.000,500.000,-1,1,1,1,0,2,1,0,0,0,1,2,2,2,1,0,1,2
122,-4538.938,-1264.994,126.094,24.945,0.906724,-0.421718,0.002409,0.421644,0.906646,0.014471,-0.008287,-0.012106,0.999892,0,0.84561,-0.58699,50.737,-1.174,500.000,325.000,875.000,375.000,-1,300.000,300.000,300.000,325.000,875.000,-1,-1,-1,425.000,675.000,425.000,-1,1,1,1,0,2,1,0,0,0,1,2,2,2,1,0,1,2
123,-4492.278,-1244.676,125.739,23.531,0.916857,-0.399215,0.000737,0.399165,0.916769,0.014177,-0.006335,-0.012704,0.999899,0,0.84818,-0.70699,50.891,-1.414,425.000,300.000,900.000,375.000,-1,275.000,300.000,300.000,325.000,925.000,-1,-1,-1,400.000,675.000,375.000,-1,1,1,1,0,2,1,0,0,0,1,2,2,2,1,0,1,2
124,-4444.928,-1225.663,126.094,21.877,0.927992,-0.372597,-0.001326,0.372588,0.927933,0.010843,-0.002809,-0.010556,0.999940,0,0.85042,-0.82699,51.025,-1.654,350.000,300.000,975.000,375.000,-1,275.000,300.000,325.000,325.000,1000.000,875.000,-1,-1,400.000,700.000,325.000,-1,1,1,1,0,2,1,0,0,0,1,1,2,2,1,0,1,2
125,-4396.873,-1208.190,127.822,19.983,0.939776,-0.341742,-0.005759,0.341753,0.939789,0.000988,0.005075,-0.002897,0.999983,0,0.85221,-0.94699,51.133,-1.894,300.000,300.000,-1,400.000,-1,300.000,325.000,325.000,325.000,-1,525.000,475.000,-1,375.000,725.000,300.000,-1,1,1,2,0,2,1,0,0,0,2,0,0,2,1,0,1,2
126,-4348.188,-1192.318,129.790,18.056,0.950691,-0.309940,-0.011135,0.309843,0.950740,-0.009559,0.013549,0.005637,0.999892,0,0.85344,-0.96364,51.207,-1.927,275.000,300.000,-1,400.000,-1,300.000,325.000,350.000,300.000,-1,425.000,325.000,-1,375.000,750.000,275.000,-1,1,1,2,0,2,1,0,0,0,2,0,0,2,1,0,1,2
127,-4303.663,-1179.239,131.713,16.369,0.959331,-0.281789,-0.016732,0.281465,0.959376,-0.019360,0.021508,0.013863,0.999673,0,0.77344,-0.84364,46.407,-1.687,250.000,300.000,-1,425.000,-1,300.000,350.000,375.000,300.000,-1,375.000,250.000,-1,375.000,800.000,250.000,-1,1,1,2,0,2,1,0,0,0,2,0,0,2,1,0,1,2
128,-4263.459,-1168.523,133.515,14.921,0.966040,-0.257433,-0.022259,0.256789,0.966057,-0.028170,0.028756,0.021498,0.999355,0,0.69344,-0.72364,41.607,-1.447,225.000,300.000,-1,425.000,-1,325.000,350.000,400.000,300.000,-1,350.000,200.000,-1,400.000,825.000,250.000,-1,1,1,2,0,2,1,0,0,0,2,0,0,2,1,0,1,2
129,-4227.702,-1159.794,135.160,13.714,0.971127,-0.236981,-0.027447,0.235959,0.971099,-0.035926,0.035168,0.028412,0.998977,0,0.61344,-0.60364,36.807,-1.207,225.000,300.000,-1,450.000,-1,325.000,375.000,400.000,300.000,-1,300.000,175.000,-1,400.000,850.000,225.000,-1,1,1,2,0,2,1,0,0,0,2,0,0,2,1,0,1,2
130,-4196.484,-1152.728,136.622,12.747,0.974855,-0.220511,-0.032136,0.219088,0.974774,-0.042629,0.040726,0.034517,0.998574,0,0.53344,-0.48364,32.007,-0.967,200.000,300.000,-1,450.000,-1,325.000,375.000,425.000,275.000,-1,275.000,150.000,-1,425.000,875.000,225.000,-1,1,1,2,0,2,1,0,0,0,2,0,0,2,1,0,1,2
131,-4169.874,-1147.059,137.889,12.020,0.977441,-0.208080,-0.036222,0.206260,0.977303,-0.048331,0.045456,0.039770,0.998174,0,0.45344,-0.36364,27.207,-0.727,200.000,325.000,-1,450.000,-1,350.000,375.000,450.000,275.000,-1,275.000,125.000,975.000,425.000,900.000,225.000,-1,1,1,2,0,2,1,0,0,0,2,0,0,0,1,0,1,2
132,-4147.920,-1142.576,138.959,11.532,0.979051,-0.199724,-0.039618,0.197535,0.978856,-0.053112,0.049388,0.044173,0.997802,0,0.37344,-0.24364,22.407,-0.487,200.000,325.000,-1,475.000,-1,350.000,400.000,425.000,275.000,-1,250.000,125.000,900.000,450.000,925.000,225.000,-1,1,1,2,0,2,1,0,1,0,2,0,0,0,1,0,1,2
133,-4130.654,-1139.128,139.834,11.285,0.979799,-0.195466,-0.042266,0.192955,0.979548,-0.057043,0.052552,0.047735,0.997477,0,0.29344,-0.12364,17.607,-0.247,175.000,325.000,-1,475.000,-1,350.000,400.000,400.000,275.000,-1,250.000,125.000,825.000,475.000,950.000,200.000,-1,1,1,2,0,2,1,0,1,0,2,0,0,0,1,0,1,2
