timestep,x_cm,y_cm,z_cm,yaw_deg,basis_xx,basis_xy,basis_xz,basis_yx,basis_yy,basis_yz,basis_zx,basis_zy,basis_zz,teleport_flag,throttle_cmd,steering_cmd,cmd_move_cm,cmd_turn_deg,lidar_cm_0,lidar_cm_1,lidar_cm_2,lidar_cm_3,lidar_cm_4,lidar_cm_5,lidar_cm_6,lidar_cm_7,lidar_cm_8,lidar_cm_9,lidar_cm_10,lidar_cm_11,lidar_cm_12,lidar_cm_13,lidar_cm_14,lidar_cm_15,lidar_cm_16,lidar_class_0,lidar_class_1,lidar_class_2,lidar_class_3,lidar_class_4,lidar_class_5,lidar_class_6,lidar_class_7,lidar_class_8,lidar_class_9,lidar_class_10,lidar_class_11,lidar_class_12,lidar_class_13,lidar_class_14,lidar_class_15,lidar_class_16
0,-1640.707,-4268.280,18.129,-100.544,-0.182098,0.982779,-0.031390,-0.982790,-0.182922,-0.025746,-0.031045,0.026161,0.999176,1,0.08000,-0.12000,4.800,-0.240,550.000,375.000,-1,400.000,-1,325.000,325.000,300.000,300.000,-1,775.000,675.000,-1,575.000,700.000,600.000,-1,1,1,2,0,2,0,0,0,0,2,0,0,2,1,0,1,2
1,-1642.543,-4277.703,17.807,-101.024,-0.190331,0.981215,-0.031478,-0.981232,-0.191150,-0.025425,-0.030964,0.026048,0.999181,0,0.16000,-0.24000,9.600,-0.480,550.000,375.000,-1,400.000,-1,325.000,325.000,300.000,300.000,-1,775.000,675.000,-1,575.000,700.000,575.000,-1,1,1,2,0,2,0,0,0,0,2,0,0,2,1,0,1,2
2,-1645.473,-4291.801,17.318,-101.744,-0.202655,0.978740,-0.031595,-0.978764,-0.203465,-0.024952,-0.030850,0.025867,0.999189,0,0.24000,-0.36000,14.400,-0.720,525.000,375.000,-1,400.000,-1,325.000,325.000,300.000,300.000,-1,775.000,675.000,-1,600.000,700.000,575.000,-1,1,1,2,0,2,0,0,0,0,2,0,0,2,1,0,1,2
3,-1649.696,-4310.531,16.655,-102.704,-0.219038,0.975201,-0.031722,-0.975233,-0.219837,-0.024338,-0.030708,0.025605,0.999200,0,0.32000,-0.48000,19.200,-0.960,525.000,375.000,-1,400.000,-1,325.000,325.000,300.000,300.000,-1,775.000,675.000,-1,600.000,725.000,575.000,-1,1,1,2,0,2,0,0,0,0,2,0,0,2,1,0,1,2
4,-1655.463,-4333.828,15.806,-103.904,-0.239429,0.970392,-0.031836,-0.970433,-0.240214,-0.023600,-0.030548,0.025244,0.999214,0,0.40000,-0.60000,24.000,-1.200,500.000,375.000,-1,400.000,-1,325.000,325.000,300.000,300.000,-1,775.000,675.000,-1,600.000,725.000,575.000,-1,1,1,2,0,2,0,0,0,0,2,0,0,2,1,0,1,2
5,-1663.084,-4361.602,14.761,-105.344,-0.263760,0.964060,-0.031909,-0.964110,-0.264527,-0.022757,-0.030380,0.024761,0.999232,0,0.48000,-0.72000,28.800,-1.440,475.000,375.000,-1,400.000,-1,325.000,325.000,300.000,300.000,-1,775.000,700.000,-1,625.000,725.000,575.000,-1,1,0,2,0,2,0,0,0,0,2,0,0,2,1,0,1,2
6,-1672.921,-4393.729,13.503,-107.024,-0.291936,0.955906,-0.031909,-0.955961,-0.292681,-0.021839,-0.030215,0.024128,0.999252,0,0.56000,-0.84000,33.600,-1.680,475.000,375.000,-1,400.000,-1,325.000,325.000,300.000,300.000,-1,800.000,700.000,-1,625.000,725.000,600.000,-1,1,0,2,0,2,0,0,0,0,2,0,0,2,0,0,1,2
7,-1685.323,-4430.072,12.021,-108.842,-0.322150,0.946154,-0.031812,-0.946212,-0.322872,-0.020874,-0.030022,0.023376,0.999276,0,0.64000,-0.90919,38.400,-1.818,450.000,375.000,-1,400.000,-1,300.000,325.000,300.000,300.000,-1,800.000,700.000,-1,625.000,725.000,700.000,-1,1,0,2,0,2,0,0,0,0,2,0,0,2,0,0,1,2
8,-1700.553,-4470.498,10.322,-110.643,-0.351754,0.935556,-0.031689,-0.935618,-0.352452,-0.019912,-0.029798,0.022644,0.999299,0,0.72000,-0.90043,43.200,-1.801,450.000,375.000,-1,400.000,-1,300.000,325.000,300.000,300.000,-1,800.000,725.000,-1,625.000,725.000,825.000,-1,1,0,2,0,2,0,0,0,0,2,0,0,2,0,0,1,2
9,-1718.104,-4513.029,8.756,-112.424,-0.380634,0.924138,-0.032960,-0.924222,-0.381361,-0.019424,-0.030520,0.023069,0.999268,0,0.76683,-0.89070,46.010,-1.781,475.000,350.000,-1,400.000,-1,300.000,325.000,300.000,300.000,-1,875.000,775.000,-1,625.000,725.000,800.000,-1,1,0,2,0,2,0,0,0,0,2,0,0,2,0,0,1,2
10,-1736.856,-4554.785,7.625,-114.185,-0.408814,0.911934,-0.035328,-0.912136,-0.409550,-0.016652,-0.029654,0.025416,0.999237,0,0.76289,-0.88028,45.774,-1.761,550.000,375.000,-1,400.000,-1,300.000,325.000,300.000,300.000,-1,900.000,775.000,-1,650.000,725.000,775.000,-1,1,0,2,0,2,0,0,0,0,2,0,0,2,0,0,1,2
11,-1756.741,-4595.694,6.323,-115.924,-0.436281,0.899041,-0.037208,-0.899337,-0.437019,-0.014380,-0.029188,0.027189,0.999204,0,0.75809,-0.86964,45.485,-1.739,650.000,375.000,-1,400.000,-1,300.000,325.000,300.000,300.000,-1,925.000,800.000,-1,650.000,725.000,750.000,-1,1,0,2,0,2,0,0,0,0,2,0,0,2,0,0,1,2
12,-1777.687,-4635.689,5.073,-117.642,-0.463020,0.885484,-0.039119,-0.885893,-0.463745,-0.011581,-0.028396,0.029293,0.999167,0,0.75247,-0.85889,45.148,-1.718,675.000,375.000,-1,400.000,-1,300.000,325.000,300.000,300.000,-1,950.000,775.000,-1,650.000,725.000,725.000,-1,1,0,2,0,2,0,0,1,0,2,0,0,2,1,0,1,2
13,-1799.620,-4674.714,3.838,-119.338,-0.489019,0.871326,-0.040632,-0.871826,-0.489729,-0.009197,-0.027913,0.030927,0.999132,0,0.74610,-0.84811,44.766,-1.696,650.000,375.000,-1,400.000,-1,300.000,325.000,275.000,300.000,-1,975.000,750.000,-1,650.000,725.000,725.000,-1,1,0,2,0,2,0,0,1,0,2,0,0,2,1,0,1,2
14,-1822.472,-4712.716,2.702,-121.020,-0.514370,0.856556,-0.041654,-0.857112,-0.515074,-0.007617,-0.027979,0.031785,0.999103,0,0.73906,-0.84084,44.344,-1.682,625.000,375.000,-1,400.000,-1,300.000,325.000,275.000,300.000,-1,-1,775.000,-1,625.000,750.000,700.000,-1,1,0,2,0,2,0,0,1,0,2,2,0,2,1,0,1,2
15,-1848.476,-4753.596,1.376,-122.462,-0.535749,0.843299,-0.042668,-0.843914,-0.536444,-0.006023,-0.027968,0.032781,0.999071,0,0.80749,-0.72084,48.450,-1.442,600.000,375.000,-1,375.000,-1,300.000,325.000,250.000,275.000,-1,-1,800.000,-1,625.000,750.000,700.000,-1,1,0,2,0,2,0,0,1,0,2,2,0,2,1,0,1,2
16,-1875.066,-4793.522,0.075,-123.663,-0.553328,0.831845,-0.043156,-0.832505,-0.554000,-0.004501,-0.027653,0.033437,0.999058,0,0.79950,-0.60084,47.970,-1.202,575.000,375.000,-1,375.000,-1,300.000,325.000,250.000,275.000,-1,-1,825.000,-1,625.000,750.000,700.000,-1,1,0,2,0,2,0,0,1,0,2,2,0,2,1,0,1,2
17,-1902.056,-4832.610,-1.030,-124.625,-0.567275,0.822437,-0.042391,-0.823100,-0.567888,-0.003006,-0.026546,0.033186,0.999097,0,0.79169,-0.48084,47.501,-0.962,550.000,375.000,-1,400.000,-1,300.000,325.000,250.000,275.000,-1,1000.000,800.000,-1,650.000,750.000,750.000,-1,1,0,2,0,2,0,0,1,0,2,0,0,2,1,0,1,2
18,-1929.277,-4870.990,-2.140,-125.347,-0.577659,0.815228,-0.041393,-0.815887,-0.578208,-0.001620,-0.025254,0.032836,0.999142,0,0.78422,-0.36084,47.053,-0.722,550.000,375.000,-1,400.000,-1,325.000,325.000,250.000,300.000,-1,925.000,750.000,-1,650.000,775.000,-1,-1,1,0,2,0,2,0,0,1,0,2,0,0,2,1,0,2,2
19,-1956.574,-4908.799,-3.278,-125.828,-0.584561,0.810347,-0.040333,-0.810999,-0.585047,-0.000320,-0.023856,0.032523,0.999186,0,0.77722,-0.24084,46.633,-0.482,525.000,375.000,-1,400.000,-1,325.000,325.000,250.000,300.000,-1,875.000,725.000,-1,700.000,800.000,-1,-1,1,0,2,0,2,0,0,1,0,2,0,0,2,1,0,2,2
20,-1983.803,-4946.180,-4.450,-126.070,-0.588039,0.807877,-0.039304,-0.808523,-0.588464,0.000928,-0.022379,0.032324,0.999227,0,0.77079,-0.12084,46.247,-0.242,525.000,375.000,-1,400.000,-1,325.000,325.000,275.000,300.000,-1,825.000,725.000,-1,725.000,800.000,-1,-1,1,1,2,0,2,0,0,1,0,2,0,0,2,0,0,2,2
21,-2010.829,-4983.280,-5.649,-126.072,-0.588125,0.807861,-0.038331,-0.808502,-0.588489,0.002160,-0.020812,0.032261,0.999263,0,0.76500,-0.00084,45.900,-0.002,500.000,375.000,-1,400.000,-1,325.000,325.000,275.000,300.000,-1,800.000,700.000,-1,725.000,825.000,-1,-1,1,1,2,0,2,0,0,1,0,2,0,0,2,0,0,2,2
22,-2037.521,-5020.245,-6.870,-125.833,-0.584819,0.810300,-0.037438,-0.810938,-0.585122,0.003410,-0.019142,0.032354,0.999293,0,0.75991,0.11916,45.594,0.238,500.000,375.000,-1,400.000,-1,325.000,325.000,275.000,300.000,-1,775.000,675.000,-1,725.000,825.000,-1,-1,1,1,2,0,2,0,0,1,0,2,0,0,2,0,0,2,2
23,-2063.751,-5057.216,-7.741,-125.355,-0.578025,0.815109,-0.038541,-0.815809,-0.578303,0.004604,-0.018536,0.034103,0.999246,0,0.75552,0.23916,45.331,0.478,475.000,375.000,-1,400.000,-1,325.000,325.000,275.000,300.000,-1,800.000,700.000,-1,725.000,825.000,-1,-1,1,1,2,0,2,0,0,0,0,2,0,0,2,0,0,2,2
24,-2089.500,-5094.257,-8.619,-124.806,-0.570179,0.820554,-0.039833,-0.821324,-0.570433,0.005805,-0.017958,0.036026,0.999189,0,0.75185,0.27435,45.111,0.549,475.000,400.000,-1,400.000,-1,325.000,325.000,275.000,300.000,-1,825.000,725.000,-1,750.000,825.000,-1,-1,1,0,2,0,2,0,0,0,0,2,0,0,2,0,0,2,2
25,-2114.781,-5131.376,-9.529,-124.260,-0.562320,0.825893,-0.041191,-0.826737,-0.562545,0.007014,-0.017379,0.037999,0.999127,0,0.74852,0.27305,44.911,0.546,475.000,400.000,-1,400.000,-1,325.000,325.000,275.000,300.000,-1,850.000,750.000,-1,750.000,825.000,-1,-1,1,0,2,0,2,0,0,0,0,2,0,0,2,0,0,2,2
26,-2142.411,-5172.701,-10.160,-123.769,-0.555239,0.830555,-0.043457,-0.831548,-0.555355,0.010467,-0.015440,0.041948,0.999000,0,0.82852,0.24563,49.711,0.491,500.000,400.000,-1,400.000,-1,325.000,325.000,300.000,300.000,-1,850.000,750.000,-1,775.000,850.000,-1,-1,1,0,2,0,2,0,0,0,0,2,0,0,2,0,0,2,2
27,-2170.160,-5215.009,-10.433,-123.263,-0.547963,0.835206,-0.046559,-0.836415,-0.547861,0.016066,-0.012090,0.047746,0.998786,0,0.84327,0.25280,50.596,0.506,575.000,400.000,-1,425.000,-1,325.000,325.000,300.000,300.000,-1,775.000,600.000,-1,800.000,850.000,-1,-1,1,0,2,0,2,0,0,0,0,2,0,0,2,0,0,2,2
28,-2197.466,-5257.480,-10.971,-122.743,-0.540423,0.839940,-0.049442,-0.841341,-0.540115,0.020546,-0.009447,0.052701,0.998566,0,0.84153,0.26031,50.492,0.521,-1,425.000,-1,425.000,-1,350.000,350.000,300.000,300.000,-1,725.000,500.000,-1,850.000,875.000,-1,-1,2,0,2,0,2,0,0,1,0,2,0,0,2,0,0,2,2
29,-2224.304,-5300.092,-11.765,-122.207,-0.532599,0.844763,-0.052089,-0.846334,-0.532113,0.023950,-0.007486,0.056841,0.998355,0,0.83933,0.26798,50.360,0.536,-1,425.000,-1,425.000,-1,350.000,350.000,275.000,275.000,-1,700.000,475.000,-1,875.000,875.000,-1,-1,2,0,2,0,2,0,0,1,0,2,0,0,2,0,0,2,2
30,-2250.648,-5342.826,-12.562,-121.655,-0.524444,0.849724,-0.054110,-0.851417,-0.523880,0.025259,-0.006884,0.059317,0.998215,0,0.83669,0.27579,50.202,0.552,-1,425.000,-1,425.000,-1,350.000,350.000,275.000,275.000,-1,725.000,475.000,-1,875.000,875.000,-1,-1,2,0,2,0,2,0,0,1,0,2,0,0,2,0,0,2,2
31,-2276.473,-5385.659,-13.323,-121.088,-0.515937,0.854833,-0.055411,-0.856592,-0.515417,0.024403,-0.007700,0.060055,0.998165,0,0.83360,0.28372,50.016,0.567,-1,425.000,-1,425.000,-1,350.000,350.000,250.000,275.000,-1,800.000,550.000,-1,875.000,875.000,-1,-1,2,0,2,0,2,0,0,1,0,2,0,0,2,0,0,2,2
32,-2301.754,-5428.569,-14.277,-120.504,-0.507113,0.860041,-0.056271,-0.861832,-0.506687,0.022644,-0.009037,0.059979,0.998159,0,0.83007,0.29173,49.804,0.583,-1,425.000,-1,425.000,-1,350.000,350.000,250.000,275.000,-1,925.000,650.000,-1,875.000,875.000,-1,-1,2,0,2,0,2,0,0,1,0,2,0,0,2,0,0,2,2
33,-2326.467,-5471.536,-15.331,-119.905,-0.497990,0.865355,-0.056275,-0.867118,-0.497695,0.020148,-0.010573,0.058830,0.998212,0,0.82612,0.29976,49.567,0.600,-1,400.000,-1,425.000,-1,325.000,325.000,225.000,275.000,-1,-1,750.000,-1,850.000,875.000,-1,-1,2,0,2,0,2,0,0,1,0,2,2,0,2,0,0,2,2
34,-2350.598,-5514.533,-16.586,-119.300,-0.488713,0.870651,-0.055918,-0.872354,-0.488583,0.016893,-0.012613,0.057036,0.998292,0,0.82176,0.30241,49.306,0.605,-1,400.000,-1,425.000,-1,325.000,325.000,225.000,300.000,-1,-1,900.000,-1,825.000,850.000,-1,-1,2,0,2,0,2,0,0,1,0,2,2,0,2,0,0,2,2
35,-2374.133,-5557.534,-18.027,-118.690,-0.479294,0.875917,-0.055194,-0.877524,-0.479358,0.012934,-0.015128,0.054633,0.998392,0,0.81701,0.30477,49.021,0.610,-1,400.000,-1,400.000,-1,325.000,325.000,200.000,300.000,-1,-1,-1,-1,800.000,850.000,-1,-1,2,0,2,0,2,0,0,1,0,2,2,2,2,0,0,2,2
36,-2397.060,-5600.515,-18.841,-118.077,-0.469845,0.880986,-0.055763,-0.882614,-0.469940,0.012207,-0.015451,0.054953,0.998369,0,0.81190,0.30685,48.714,0.614,-1,400.000,-1,400.000,-1,325.000,325.000,200.000,300.000,-1,-1,-1,-1,800.000,850.000,-1,-1,2,0,2,0,2,0,0,1,0,2,2,2,2,0,0,2,2
37,-2419.372,-5643.452,-19.567,-117.459,-0.460303,0.885957,-0.056576,-0.887629,-0.460401,0.012067,-0.015357,0.055773,0.998325,0,0.80646,0.30864,48.388,0.617,-1,400.000,-1,400.000,-1,325.000,325.000,200.000,300.000,-1,-1,-1,-1,800.000,850.000,-1,-1,2,0,2,0,2,0,0,1,0,2,2,2,2,0,0,2,2
38,-2441.063,-5686.322,-20.312,-116.839,-0.450664,0.890846,-0.057409,-0.892564,-0.450761,0.011976,-0.015209,0.056638,0.998279,0,0.80076,0.31012,48.046,0.620,-1,400.000,-1,400.000,-1,325.000,325.000,200.000,300.000,-1,-1,-1,-1,800.000,850.000,-1,-1,2,0,2,0,2,0,0,1,0,2,2,2,2,0,0,2,2
39,-2462.131,-5729.107,-21.074,-116.216,-0.440937,0.895645,-0.058264,-0.897412,-0.441031,0.011931,-0.015010,0.057547,0.998230,0,0.79485,0.31131,47.691,0.623,-1,400.000,-1,400.000,-1,325.000,325.000,200.000,300.000,-1,-1,-1,-1,825.000,850.000,-1,-1,2,0,2,0,2,0,0,1,0,2,2,2,2,0,0,2,2
40,-2482.572,-5771.792,-21.261,-115.592,-0.430985,0.900220,-0.062102,-0.902206,-0.431160,0.011243,-0.016655,0.060874,0.998006,0,0.78878,0.31219,47.327,0.624,-1,400.000,-1,400.000,-1,325.000,325.000,200.000,300.000,-1,-1,-1,-1,800.000,825.000,-1,-1,2,0,2,0,2,0,0,1,0,2,2,2,2,0,0,2,2
41,-2502.390,-5814.363,-21.278,-114.966,-0.420901,0.904639,-0.066856,-0.906911,-0.421196,0.010311,-0.018832,0.064973,0.997709,0,0.78263,0.31278,46.958,0.626,-1,400.000,-1,400.000,-1,325.000,325.000,200.000,300.000,-1,-1,-1,-1,800.000,800.000,-1,-1,2,0,2,0,2,0,0,1,0,2,2,2,2,0,0,2,2
42,-2521.589,-5856.809,-21.647,-114.340,-0.410776,0.909021,-0.070308,-0.911498,-0.411210,0.008858,-0.020859,0.067724,0.997486,0,0.77644,0.31308,46.587,0.626,-1,400.000,-1,400.000,-1,325.000,325.000,200.000,300.000,-1,-1,-1,-1,800.000,800.000,-1,-1,2,0,2,0,2,0,0,1,0,2,2,2,2,0,0,2,2
43,-2542.451,-5903.770,-22.285,-113.954,-0.404427,0.911633,-0.073243,-0.914282,-0.405012,0.007344,-0.022969,0.069935,0.997287,0,0.85644,0.19308,51.387,0.386,-1,400.000,-1,400.000,-1,325.000,325.000,200.000,300.000,-1,-1,-1,-1,800.000,775.000,-1,-1,2,0,2,0,2,0,0,1,0,2,2,2,2,0,0,2,2
44,-2563.395,-5951.240,-23.153,-113.808,-0.401932,0.912565,-0.075332,-0.915337,-0.402642,0.006188,-0.024685,0.071441,0.997139,0,0.86475,0.07308,51.885,0.146,-1,400.000,-1,400.000,-1,325.000,325.000,200.000,300.000,-1,-1,-1,-1,800.000,775.000,-1,-1,2,0,2,0,2,0,0,1,0,2,2,2,2,0,0,2,2
45,-2584.218,-5998.226,-24.156,-113.902,-0.403303,0.911878,-0.076327,-0.914690,-0.404124,0.005060,-0.026231,0.071856,0.997070,0,0.85655,-0.04692,51.393,-0.094,-1,400.000,-1,400.000,-1,325.000,325.000,200.000,300.000,-1,-1,-1,-1,800.000,750.000,-1,-1,2,0,2,0,2,0,0,1,0,2,2,2,2,0,0,2,2
46,-2604.981,-6044.680,-25.357,-114.082,-0.406115,0.910638,-0.076214,-0.913415,-0.407008,0.004135,-0.027254,0.071295,0.997083,0,0.84804,-0.09015,50.883,-0.180,-1,400.000,-1,375.000,-1,325.000,325.000,225.000,300.000,-1,-1,-1,-1,775.000,750.000,-1,-1,2,0,2,0,2,0,0,1,0,2,2,2,2,0,0,2,2
47,-2625.690,-6090.616,-26.792,-114.266,-0.409063,0.909423,-0.074956,-0.912093,-0.409967,0.003609,-0.027447,0.069843,0.997180,0,0.83981,-0.09182,50.389,-0.184,-1,400.000,-1,400.000,-1,325.000,325.000,250.000,300.000,-1,-1,-1,-1,775.000,750.000,-1,-1,2,0,2,0,2,0,0,1,0,2,2,2,2,0,0,2,2
48,-2646.361,-6136.067,-28.466,-114.454,-0.412151,0.908218,-0.072608,-0.910720,-0.413010,0.003453,-0.026852,0.067549,0.997355,0,0.83217,-0.09389,49.930,-0.188,-1,400.000,-1,400.000,-1,325.000,325.000,250.000,300.000,-1,-1,-1,-1,775.000,775.000,-1,-1,2,0,2,0,2,0,0,1,0,2,2,2,2,0,0,2,2
49,-2667.009,-6181.066,-30.376,-114.646,-0.415383,0.907012,-0.069184,-0.909289,-0.416148,0.003648,-0.025482,0.064424,0.997597,0,0.82518,-0.09634,49.511,-0.193,-1,400.000,-1,400.000,-1,325.000,325.000,250.000,300.000,975.000,-1,-1,-1,775.000,775.000,-1,-1,2,0,2,0,2,0,0,1,0,1,2,2,2,0,0,2,2
50,-2687.654,-6225.652,-31.837,-114.845,-0.418552,0.905636,-0.068103,-0.907834,-0.419317,0.003340,-0.025532,0.063224,0.997673,0,0.81889,-0.09915,49.133,-0.198,-1,400.000,-1,400.000,-1,325.000,325.000,275.000,300.000,875.000,-1,-1,-1,775.000,775.000,-1,-1,2,0,2,0,2,0,0,1,0,1,2,2,2,0,0,2,2
51,-2708.315,-6269.861,-32.945,-115.049,-0.421702,0.904113,-0.068899,-0.906341,-0.422539,0.002663,-0.026705,0.063569,0.997620,0,0.81331,-0.10229,48.798,-0.205,-1,400.000,-1,400.000,-1,325.000,325.000,275.000,300.000,525.000,-1,-1,-1,775.000,775.000,-1,-1,2,0,2,0,2,0,0,1,0,1,2,2,2,0,0,2,2
52,-2729.015,-6313.730,-34.076,-115.261,-0.424959,0.902525,-0.069697,-0.904785,-0.425863,0.002086,-0.027799,0.063947,0.997566,0,0.80845,-0.10574,48.507,-0.211,-1,400.000,-1,400.000,-1,325.000,325.000,300.000,300.000,500.000,-1,-1,-1,775.000,775.000,-1,-1,2,0,2,0,2,0,0,1,0,1,2,2,2,0,0,2,2
53,-2749.775,-6357.295,-35.232,-115.480,-0.428332,0.900867,-0.070496,-0.903162,-0.429297,0.001608,-0.028815,0.064358,0.997511,0,0.80431,-0.10947,48.259,-0.219,-1,400.000,-1,400.000,-1,325.000,325.000,300.000,300.000,475.000,-1,-1,-1,750.000,750.000,-1,-1,2,0,2,0,2,0,0,1,0,1,2,2,2,0,0,2,2
54,-2770.618,-6400.591,-36.413,-115.706,-0.431827,0.899134,-0.071296,-0.901465,-0.432850,0.001228,-0.029757,0.064801,0.997454,0,0.80087,-0.11348,48.052,-0.227,-1,400.000,-1,400.000,-1,325.000,325.000,300.000,300.000,475.000,-1,-1,-1,750.000,750.000,-1,-1,2,0,2,0,2,0,0,1,0,1,2,2,2,0,0,2,2
55,-2791.567,-6443.652,-37.823,-115.942,-0.435522,0.897367,-0.071080,-0.899679,-0.436551,0.001176,-0.029975,0.064461,0.997470,0,0.79810,-0.11773,47.886,-0.235,-1,400.000,-1,400.000,-1,325.000,325.000,325.000,300.000,450.000,-1,-1,-1,750.000,750.000,-1,-1,2,0,2,0,2,0,0,1,0,1,2,2,2,0,0,2,2
56,-2812.643,-6486.509,-39.275,-116.186,-0.439349,0.895518,-0.070858,-0.897808,-0.440385,0.001105,-0.030215,0.064103,0.997486,0,0.79598,-0.12222,47.759,-0.244,-1,375.000,-1,400.000,-1,325.000,325.000,325.000,300.000,450.000,-1,-1,-1,750.000,750.000,-1,-1,2,0,2,0,2,0,0,0,0,1,2,2,2,0,0,2,2
57,-2833.868,-6529.192,-40.799,-116.440,-0.443305,0.893587,-0.070591,-0.895847,-0.444362,0.000813,-0.030642,0.063599,0.997505,0,0.79447,-0.12692,47.668,-0.254,-1,375.000,-1,400.000,-1,325.000,325.000,300.000,300.000,500.000,-1,-1,-1,750.000,750.000,-1,-1,2,0,2,0,2,0,0,0,0,1,2,2,2,0,0,2,2
58,-2855.265,-6571.726,-42.322,-116.704,-0.447407,0.891552,-0.070444,-0.893793,-0.448480,0.000652,-0.031012,0.063254,0.997515,0,0.79355,-0.13183,47.613,-0.264,-1,375.000,-1,400.000,-1,325.000,325.000,300.000,300.000,525.000,-1,-1,-1,750.000,750.000,-1,-1,2,0,2,0,2,0,0,0,0,1,2,2,2,0,0,2,2
59,-2876.854,-6614.138,-43.848,-116.978,-0.451657,0.889409,-0.070417,-0.891642,-0.452741,0.000624,-0.031326,0.063069,0.997517,0,0.79317,-0.13693,47.590,-0.274,-1,375.000,-1,400.000,-1,325.000,325.000,325.000,300.000,575.000,-1,-1,-1,750.000,750.000,-1,-1,2,0,2,0,2,0,0,0,0,1,2,2,2,0,0,2,2
60,-2898.657,-6656.449,-45.370,-117.262,-0.456059,0.887153,-0.070499,-0.889388,-0.457152,0.000712,-0.031597,0.063025,0.997512,0,0.79331,-0.14222,47.599,-0.284,-1,375.000,-1,400.000,-1,325.000,325.000,325.000,300.000,600.000,-1,-1,-1,750.000,750.000,-1,-1,2,0,2,0,2,0,0,0,0,1,2,2,2,0,0,2,2
61,-2920.695,-6698.681,-46.882,-117.558,-0.460618,0.884780,-0.070674,-0.887027,-0.461717,0.000881,-0.031852,0.063095,0.997499,0,0.79393,-0.14767,47.636,-0.295,-1,375.000,-1,400.000,-1,325.000,325.000,325.000,300.000,650.000,-1,-1,-1,750.000,750.000,-1,-1,2,0,2,0,2,0,0,0,0,1,2,2,2,0,0,2,2
62,-2942.989,-6740.851,-48.348,-117.864,-0.465350,0.882294,-0.070753,-0.884550,-0.466444,0.001199,-0.031944,0.063143,0.997493,0,0.79501,-0.15330,47.700,-0.307,-1,375.000,-1,400.000,-1,325.000,325.000,325.000,300.000,700.000,-1,-1,-1,750.000,750.000,-1,-1,2,0,2,0,2,0,0,0,0,1,2,2,2,0,0,2,2
63,-2965.560,-6782.976,-49.780,-118.182,-0.470255,0.879687,-0.070786,-0.881954,-0.471333,0.001659,-0.031905,0.063210,0.997490,0,0.79650,-0.15908,47.790,-0.318,-1,375.000,-1,400.000,-1,325.000,325.000,325.000,300.000,750.000,-1,-1,-1,750.000,750.000,-1,-1,2,0,2,0,2,0,0,0,0,1,2,2,2,0,0,2,2
64,-2988.427,-6825.070,-51.198,-118.512,-0.475331,0.876948,-0.070868,-0.879233,-0.476387,0.002245,-0.031792,0.063376,0.997483,0,0.79840,-0.16501,47.904,-0.330,-1,375.000,-1,400.000,-1,325.000,325.000,325.000,300.000,800.000,-1,-1,-1,775.000,750.000,-1,-1,2,0,2,0,2,0,0,0,0,1,2,2,2,0,0,2,2
65,-3011.610,-6867.146,-52.603,-118.854,-0.480579,0.874073,-0.070997,-0.876382,-0.481608,0.002960,-0.031605,0.063643,0.997472,0,0.80067,-0.17108,48.040,-0.342,-1,400.000,-1,400.000,-1,325.000,325.000,325.000,300.000,850.000,-1,-1,-1,775.000,775.000,-1,-1,2,0,2,0,2,0,0,0,0,1,2,2,2,0,0,2,2
66,-3035.130,-6909.215,-54.038,-119.209,-0.485997,0.871065,-0.071090,-0.873394,-0.487002,0.003608,-0.031478,0.063843,0.997463,0,0.80329,-0.17730,48.198,-0.355,-1,400.000,-1,400.000,-1,325.000,325.000,325.000,300.000,925.000,-1,-1,-1,775.000,775.000,-1,-1,2,0,2,0,2,0,0,0,0,1,2,2,2,0,0,2,2
67,-3059.007,-6951.286,-55.601,-119.576,-0.491575,0.867940,-0.070959,-0.870257,-0.492584,0.003712,-0.031732,0.063577,0.997472,0,0.80624,-0.18365,48.374,-0.367,-1,400.000,-1,400.000,-1,325.000,325.000,325.000,300.000,975.000,-1,-1,-1,775.000,775.000,-1,-1,2,0,2,0,2,0,0,0,0,1,2,2,2,0,0,2,2
68,-3083.261,-6993.368,-57.169,-119.957,-0.497330,0.864664,-0.070853,-0.866973,-0.498340,0.003876,-0.031957,0.063355,0.997479,0,0.80950,-0.19013,48.570,-0.380,-1,400.000,-1,400.000,-1,325.000,325.000,325.000,300.000,-1,-1,-1,-1,775.000,800.000,-1,-1,2,0,2,0,2,0,0,0,0,2,2,2,2,0,0,2,2
69,-3107.910,-7035.465,-58.760,-120.350,-0.503269,0.861235,-0.070680,-0.863534,-0.504274,0.004116,-0.032097,0.063106,0.997491,0,0.81305,-0.19673,48.783,-0.393,-1,400.000,-1,375.000,-1,325.000,325.000,325.000,325.000,-1,-1,-1,-1,775.000,800.000,-1,-1,2,0,2,0,2,0,0,0,0,2,2,2,2,0,0,2,2
70,-3132.975,-7077.583,-60.426,-120.757,-0.509410,0.857657,-0.070179,-0.859929,-0.510394,0.004468,-0.031987,0.062625,0.997524,0,0.81687,-0.20346,49.012,-0.407,-1,400.000,-1,400.000,-1,325.000,325.000,325.000,325.000,-1,-1,-1,-1,775.000,800.000,-1,-1,2,0,2,0,2,0,0,0,0,2,2,2,2,0,0,2,2
71,-3159.314,-7121.413,-62.135,-121.003,-0.513128,0.855472,-0.069767,-0.857728,-0.514081,0.004895,-0.031679,0.062353,0.997551,0,0.85225,-0.12304,51.135,-0.246,-1,400.000,-1,400.000,-1,325.000,325.000,325.000,325.000,-1,-1,-1,-1,775.000,825.000,-1,-1,2,0,2,0,2,0,0,0,0,2,2,2,2,0,0,2,2
72,-3185.995,-7165.357,-63.951,-121.264,-0.517033,0.853161,-0.069231,-0.855375,-0.517987,0.004771,-0.031790,0.061685,0.997589,0,0.85683,-0.13026,51.410,-0.261,-1,400.000,-1,400.000,-1,325.000,325.000,325.000,325.000,-1,-1,-1,-1,800.000,825.000,-1,-1,2,0,2,0,2,0,0,0,0,2,2,2,2,0,0,2,2
73,-3213.036,-7209.418,-65.764,-121.539,-0.521140,0.850695,-0.068775,-0.852872,-0.522099,0.004643,-0.031958,0.061076,0.997621,0,0.86162,-0.13760,51.697,-0.275,-1,400.000,-1,400.000,-1,325.000,325.000,325.000,325.000,-1,-1,-1,-1,800.000,825.000,-1,-1,2,0,2,0,2,0,0,0,0,2,2,2,2,0,0,2,2
74,-3240.459,-7253.595,-67.645,-121.829,-0.525427,0.848051,-0.068823,-0.850222,-0.526405,0.004528,-0.032388,0.060894,0.997619,0,0.86661,-0.14504,51.997,-0.290,-1,400.000,-1,400.000,-1,325.000,325.000,325.000,325.000,-1,-1,-1,-1,800.000,825.000,-1,-1,2,0,2,0,2,0,0,0,0,2,2,2,2,0,0,2,2
75,-3268.282,-7297.891,-69.616,-122.134,-0.529881,0.845218,-0.069523,-0.847421,-0.530904,0.004352,-0.033232,0.061221,0.997571,0,0.87180,-0.15260,52.308,-0.305,-1,400.000,-1,400.000,-1,325.000,325.000,325.000,325.000,-1,-1,-1,-1,800.000,825.000,-1,-1,2,0,2,0,2,0,0,0,0,2,2,2,2,0,0,2,2
76,-3296.525,-7342.302,-71.523,-122.455,-0.534528,0.842220,-0.070321,-0.844453,-0.535615,0.003955,-0.034334,0.061497,0.997517,0,0.87718,-0.16026,52.631,-0.321,-1,400.000,-1,400.000,-1,325.000,325.000,325.000,325.000,-1,-1,-1,-1,800.000,825.000,-1,-1,2,0,2,0,2,0,0,0,0,2,2,2,2,0,0,2,2
77,-3325.209,-7386.827,-73.418,-122.791,-0.539373,0.839042,-0.071303,-0.841316,-0.540532,0.003566,-0.035550,0.061912,0.997448,0,0.88274,-0.16803,52.964,-0.336,-1,400.000,-1,400.000,-1,325.000,325.000,325.000,325.000,-1,-1,-1,-1,800.000,825.000,-1,-1,2,0,2,0,2,0,0,0,0,2,2,2,2,0,0,2,2
78,-3354.354,-7431.462,-75.389,-123.142,-0.544395,0.835666,-0.072782,-0.838009,-0.545647,0.003158,-0.037074,0.062712,0.997343,0,0.88847,-0.17591,53.308,-0.352,-1,400.000,-1,400.000,-1,325.000,325.000,325.000,325.000,-1,-1,-1,-1,825.000,825.000,-1,-1,2,0,2,0,2,0,0,0,0,2,2,2,2,0,0,2,2
79,-3383.980,-7476.205,-77.573,-123.510,-0.549667,0.832128,-0.073686,-0.834509,-0.550987,0.002840,-0.038236,0.063053,0.997277,0,0.89436,-0.18389,53.662,-0.368,-1,375.000,-1,400.000,-1,325.000,325.000,325.000,325.000,-1,-1,-1,-1,825.000,825.000,-1,-1,2,0,2,0,2,0,0,0,0,2,2,2,2,0,0,2,2
80,-3414.107,-7521.050,-79.755,-123.894,-0.555145,0.828397,-0.074651,-0.830818,-0.556538,0.002550,-0.039433,0.063437,0.997206,0,0.90041,-0.19197,54.025,-0.384,-1,375.000,-1,400.000,-1,325.000,325.000,325.000,325.000,-1,-1,-1,-1,825.000,825.000,-1,-1,2,0,2,0,2,0,0,0,0,2,2,2,2,0,0,2,2
81,-3444.891,-7566.166,-81.946,-124.307,-0.561001,0.824348,-0.075684,-0.826815,-0.562469,0.002292,-0.040681,0.063863,0.997129,0,0.91029,-0.20616,54.617,-0.412,-1,400.000,-1,400.000,-1,325.000,325.000,325.000,325.000,-1,-1,-1,-1,825.000,825.000,-1,-1,2,0,2,0,2,0,0,0,0,2,2,2,2,0,0,2,2
82,-3476.079,-7611.162,-84.125,-124.727,-0.566940,0.820173,-0.076779,-0.822690,-0.568486,0.002068,-0.041951,0.064338,0.997046,0,0.91247,-0.21023,54.748,-0.420,-1,400.000,-1,400.000,-1,325.000,325.000,325.000,325.000,-1,-1,-1,-1,850.000,825.000,-1,-1,2,0,2,0,2,0,0,0,0,2,2,2,2,0,0,2,2
83,-3507.674,-7656.025,-86.313,-125.156,-0.572969,0.815874,-0.077828,-0.818439,-0.574590,0.001888,-0.043178,0.064779,0.996965,0,0.91452,-0.21435,54.871,-0.429,-1,400.000,-1,400.000,-1,325.000,325.000,325.000,325.000,-1,-1,-1,-1,850.000,825.000,-1,-1,2,0,2,0,2,0,0,0,0,2,2,2,2,0,0,2,2
84,-3539.677,-7700.738,-88.619,-125.593,-0.579130,0.811469,-0.078278,-0.814046,-0.580797,0.001781,-0.044018,0.064753,0.996930,0,0.91642,-0.21850,54.985,-0.437,-1,400.000,-1,400.000,-1,325.000,325.000,325.000,325.000,-1,-1,-1,-1,850.000,825.000,-1,-1,2,0,2,0,2,0,0,0,0,2,2,2,2,0,0,2,2
85,-3572.088,-7745.285,-90.911,-126.038,-0.585371,0.806928,-0.078792,-0.809522,-0.587087,0.001704,-0.044883,0.064782,0.996890,0,0.91817,-0.22270,55.090,-0.445,-1,400.000,-1,400.000,-1,325.000,325.000,325.000,325.000,-1,-1,-1,-1,850.000,850.000,-1,-1,2,0,2,0,2,0,0,0,0,2,2,2,2,0,0,2,2
86,-3604.908,-7789.652,-93.301,-126.492,-0.591685,0.802260,-0.079291,-0.804858,-0.593466,0.001355,-0.045970,0.064620,0.996851,0,0.91977,-0.22693,55.186,-0.454,-1,400.000,-1,400.000,-1,325.000,325.000,325.000,325.000,-1,-1,-1,-1,875.000,850.000,-1,-1,2,0,2,0,2,0,0,0,0,2,2,2,2,0,0,2,2
87,-3638.138,-7833.821,-96.169,-126.954,-0.598061,0.797480,-0.079674,-0.800039,-0.599948,0.000319,-0.047546,0.063933,0.996821,0,0.92121,-0.23119,55.273,-0.462,-1,400.000,-1,400.000,-1,325.000,325.000,325.000,325.000,-1,-1,-1,-1,875.000,850.000,-1,-1,2,0,2,0,2,0,0,0,0,2,2,2,2,0,0,2,2
88,-3671.043,-7877.065,-99.197,-127.267,-0.602307,0.794258,-0.079874,-0.796722,-0.604344,-0.001679,-0.049604,0.062626,0.996804,0,0.90566,-0.15644,54.340,-0.313,-1,400.000,-1,400.000,-1,325.000,325.000,325.000,325.000,-1,-1,-1,-1,850.000,850.000,-1,-1,2,0,2,0,2,0,0,0,0,2,2,2,2,0,0,2,2
89,-3704.563,-7920.645,-102.250,-127.565,-0.606326,0.791164,-0.080173,-0.793539,-0.608509,-0.003589,-0.051626,0.061444,0.996774,0,0.91633,-0.14891,54.980,-0.298,-1,400.000,-1,400.000,-1,325.000,325.000,325.000,325.000,-1,-1,-1,-1,850.000,825.000,-1,-1,2,0,2,0,2,0,0,0,0,2,2,2,2,0,0,2,2
90,-3738.443,-7964.207,-105.358,-127.872,-0.610456,0.787935,-0.080629,-0.790243,-0.612772,-0.005157,-0.053470,0.060568,0.996731,0,0.91975,-0.15348,55.185,-0.307,-1,400.000,-1,400.000,-1,325.000,325.000,325.000,325.000,-1,-1,-1,-1,825.000,825.000,-1,-1,2,0,2,0,2,0,0,0,0,2,2,2,2,0,0,2,2
91,-3772.682,-8007.735,-108.536,-128.188,-0.614701,0.784564,-0.081254,-0.786834,-0.617133,-0.006304,-0.055090,0.060058,0.996674,0,0.92300,-0.15820,55.380,-0.316,-1,400.000,-1,400.000,-1,325.000,325.000,325.000,325.000,-1,-1,-1,-1,825.000,825.000,-1,-1,2,0,2,0,2,0,0,0,0,2,2,2,2,0,0,2,2
92,-3807.283,-8051.211,-111.705,-128.514,-0.619056,0.781059,-0.081962,-0.783296,-0.621604,-0.007386,-0.056717,0.059628,0.996608,0,0.92607,-0.16306,55.564,-0.326,-1,400.000,-1,400.000,975.000,325.000,325.000,325.000,325.000,-1,-1,-1,-1,825.000,825.000,-1,-1,2,0,2,0,1,0,0,0,0,2,2,2,2,0,0,2,2
93,-3842.246,-8094.617,-114.864,-128.851,-0.623521,0.777415,-0.082755,-0.779626,-0.626189,-0.008400,-0.058351,0.059280,0.996535,0,0.92893,-0.16807,55.736,-0.336,-1,400.000,-1,400.000,950.000,325.000,325.000,325.000,325.000,-1,-1,-1,-1,825.000,800.000,-1,-1,2,0,2,0,1,0,0,0,0,2,2,2,2,0,0,2,2
94,-3877.571,-8137.934,-118.233,-129.197,-0.628006,0.773589,-0.084669,-0.775843,-0.630857,-0.009331,-0.060633,0.059830,0.996365,0,0.93157,-0.17323,55.894,-0.346,-1,400.000,-1,400.000,900.000,325.000,325.000,325.000,325.000,-1,-1,-1,-1,800.000,800.000,-1,-1,2,0,2,0,1,0,0,0,0,2,2,2,2,0,0,2,2
95,-3913.257,-8181.142,-121.689,-129.554,-0.632559,0.769595,-0.087135,-0.771929,-0.635628,-0.010166,-0.063210,0.060831,0.996145,0,0.93399,-0.17855,56.039,-0.357,-1,400.000,-1,400.000,875.000,325.000,325.000,325.000,325.000,-1,-1,-1,-1,800.000,775.000,-1,-1,2,0,2,0,1,0,0,0,0,2,2,2,2,0,0,2,2
96,-3951.758,-8226.826,-125.346,-130.123,-0.639891,0.763200,-0.089807,-0.765617,-0.643204,-0.010939,-0.066113,0.061758,0.995899,0,0.99572,-0.28455,59.743,-0.569,-1,400.000,-1,400.000,825.000,325.000,325.000,325.000,325.000,-1,-1,-1,-1,800.000,775.000,-1,-1,2,0,2,0,1,0,0,0,0,2,2,2,2,0,0,2,2
97,-3990.903,-8272.299,-129.042,-130.723,-0.647574,0.756392,-0.092299,-0.758885,-0.651121,-0.011579,-0.068856,0.062546,0.995664,0,1.00000,-0.29972,60.000,-0.599,-1,400.000,-1,400.000,775.000,325.000,325.000,325.000,300.000,-1,-1,-1,-1,775.000,750.000,-1,-1,2,0,2,0,1,0,0,0,0,2,2,2,2,0,0,2,2
98,-4030.709,-8317.193,-133.105,-131.562,-0.658511,0.746815,-0.092897,-0.749254,-0.662172,-0.012142,-0.070582,0.061608,0.995602,0,1.00000,-0.41972,60.000,-0.839,-1,400.000,-1,400.000,750.000,325.000,325.000,325.000,300.000,-1,-1,-1,-1,775.000,750.000,-1,-1,2,0,2,0,1,0,0,0,0,2,2,2,2,0,0,2,2
99,-4071.355,-8361.328,-137.431,-132.642,-0.672526,0.734306,-0.092217,-0.736598,-0.676213,-0.012647,-0.071645,0.059422,0.995659,0,1.00000,-0.53972,60.000,-1.079,-1,400.000,-1,400.000,700.000,325.000,325.000,325.000,300.000,-1,-1,-1,-1,775.000,750.000,-1,-1,2,0,2,0,1,0,0,0,0,2,2,2,2,0,0,2,2
100,-4113.007,-8404.516,-141.773,-133.961,-0.689322,0.718640,-0.091604,-0.720783,-0.693038,-0.013033,-0.072851,0.057043,0.995710,0,1.00000,-0.65972,60.000,-1.319,-1,400.000,-1,400.000,675.000,325.000,325.000,325.000,325.000,-1,-1,-1,-1,775.000,750.000,-1,-1,2,0,2,0,1,0,0,0,0,2,2,2,2,0,0,2,2
101,-4155.819,-8446.555,-146.172,-135.520,-0.708690,0.699619,-0.091055,-0.701598,-0.712446,-0.013462,-0.074290,0.054343,0.995755,0,1.00000,-0.77972,60.000,-1.559,-1,400.000,-1,400.000,625.000,325.000,325.000,325.000,325.000,-1,-1,-1,-1,775.000,750.000,-1,-1,2,0,2,0,1,0,0,0,0,2,2,2,2,0,0,2,2
102,-4199.930,-8487.228,-150.683,-137.320,-0.730372,0.677017,-0.090582,-0.678799,-0.734188,-0.014152,-0.076086,0.051151,0.995788,0,1.00000,-0.89972,60.000,-1.799,-1,400.000,-1,400.000,575.000,325.000,325.000,325.000,325.000,-1,-1,-1,-1,750.000,750.000,-1,-1,2,0,2,0,1,0,0,0,0,2,2,2,2,0,0,2,2
103,-4245.395,-8526.381,-155.356,-139.264,-0.752970,0.651840,-0.090229,-0.653380,-0.756874,-0.015359,-0.078304,0.047389,0.995803,0,1.00000,-0.97211,60.000,-1.944,-1,400.000,-1,400.000,525.000,325.000,325.000,325.000,325.000,-1,-1,-1,-1,750.000,750.000,-1,-1,2,0,2,0,1,0,0,0,0,2,2,2,2,0,0,2,2
104,-4292.178,-8563.950,-160.077,-141.232,-0.774955,0.625566,-0.090066,-0.626872,-0.778948,-0.016501,-0.080479,0.043672,0.995799,0,1.00000,-0.98413,60.000,-1.968,-1,400.000,-1,375.000,475.000,325.000,325.000,325.000,325.000,-1,-1,-1,-1,750.000,750.000,-1,-1,2,0,2,1,1,0,0,0,0,2,2,2,2,0,0,2,2
105,-4340.239,-8599.869,-164.896,-143.225,-0.796278,0.598187,-0.090081,-0.599302,-0.800340,-0.017125,-0.082339,0.040349,0.995787,0,1.00000,-0.99631,60.000,-1.993,-1,375.000,-1,375.000,425.000,325.000,325.000,325.000,325.000,-1,-1,-1,-1,725.000,750.000,-1,-1,2,0,2,1,1,0,0,0,0,2,2,2,2,0,0,2,2
106,-4389.524,-8634.090,-169.881,-145.225,-0.816713,0.569950,-0.090205,-0.570946,-0.820814,-0.016887,-0.083666,0.037710,0.995780,0,1.00000,-1.00000,60.000,-2.000,-1,375.000,-1,375.000,375.000,325.000,325.000,325.000,325.000,-1,-1,-1,-1,725.000,750.000,-1,-1,2,0,2,1,1,0,0,0,0,2,2,2,2,0,0,2,2
107,-4439.973,-8666.570,-174.976,-147.225,-0.836153,0.540999,-0.090379,-0.541930,-0.840271,-0.016042,-0.084621,0.035566,0.995778,0,1.00000,-1.00000,60.000,-2.000,-1,375.000,-1,400.000,325.000,325.000,325.000,325.000,325.000,-1,-1,-1,-1,725.000,750.000,-1,-1,2,0,2,0,1,0,0,0,0,2,2,2,2,0,0,2,2
108,-4491.524,-8697.269,-180.075,-149.225,-0.854564,0.511380,-0.090610,-0.512257,-0.858700,-0.015068,-0.085513,0.033539,0.995772,0,1.00000,-1.00000,60.000,-2.000,-1,375.000,-1,400.000,300.000,325.000,325.000,325.000,325.000,-1,-1,-1,-1,725.000,750.000,-1,-1,2,0,2,0,1,0,0,0,0,2,2,2,2,0,0,2,2
109,-4539.796,-8724.042,-183.445,-150.985,-0.870440,0.484862,-0.085104,-0.485333,-0.874174,-0.016461,-0.082377,0.026976,0.996236,0,0.92000,-0.88000,55.200,-1.760,-1,400.000,-1,400.000,275.000,325.000,325.000,300.000,325.000,-1,-1,-1,-1,750.000,800.000,-1,-1,2,0,2,0,1,0,0,0,0,2,2,2,2,0,0,2,2
110,-4584.503,-8747.309,-185.544,-152.505,-0.883825,0.461600,-0.076015,-0.461508,-0.886914,-0.019826,-0.076570,0.017559,0.996910,0,0.84000,-0.76000,50.400,-1.520,-1,400.000,-1,425.000,275.000,325.000,350.000,300.000,350.000,-1,-1,-1,-1,775.000,850.000,-1,-1,2,0,2,0,1,0,0,0,0,2,2,2,2,0,0,2,2
111,-4627.278,-8768.371,-187.853,-153.785,-0.894523,0.441720,-0.068650,-0.441239,-0.897099,-0.022844,-0.071677,0.009856,0.997379,0,0.79468,-0.64000,47.681,-1.280,-1,425.000,-1,450.000,275.000,350.000,350.000,300.000,375.000,-1,600.000,650.000,-1,800.000,900.000,-1,-1,2,0,2,0,1,0,0,0,1,2,0,0,2,0,0,2,2
112,-4670.474,-8788.675,-190.521,-154.825,-0.902850,0.425382,-0.062547,-0.424634,-0.905007,-0.025465,-0.067438,0.003569,0.997717,0,0.79550,-0.52000,47.730,-1.040,-1,425.000,-1,475.000,250.000,350.000,375.000,300.000,350.000,-1,450.000,525.000,-1,850.000,950.000,-1,-1,2,0,2,0,1,0,0,0,1,2,0,0,2,0,0,2,2
113,-4713.889,-8808.347,-193.646,-155.625,-0.909041,0.412707,-0.057594,-0.411787,-0.910863,-0.027576,-0.063841,-0.001352,0.997959,0,0.79442,-0.40000,47.665,-0.800,-1,425.000,-1,475.000,250.000,375.000,375.000,300.000,300.000,-1,350.000,450.000,-1,850.000,1000.000,-1,-1,2,0,2,0,1,0,0,0,1,2,0,0,2,0,0,2,2
114,-4757.320,-8827.517,-197.191,-156.185,-0.913228,0.403781,-0.054541,-0.402774,-0.914845,-0.028837,-0.061540,-0.004367,0.998095,0,0.79122,-0.28000,47.473,-0.560,-1,450.000,-1,500.000,250.000,375.000,375.000,300.000,275.000,-1,275.000,400.000,-1,875.000,-1,-1,-1,2,0,2,0,1,0,0,0,1,2,0,0,2,0,2,2,2
115,-4800.552,-8846.310,-201.200,-156.505,-0.915529,0.398664,-0.053602,-0.397643,-0.917082,-0.028981,-0.060711,-0.005218,0.998142,0,0.78567,-0.16000,47.140,-0.320,-1,450.000,-1,500.000,250.000,375.000,375.000,300.000,250.000,-1,250.000,375.000,-1,875.000,-1,-1,-1,2,0,2,0,1,0,0,0,1,2,0,0,2,0,2,2,2
116,-4843.366,-8864.850,-205.698,-156.585,-0.916002,0.397386,-0.054999,-0.396436,-0.917645,-0.027688,-0.061472,-0.003558,0.998102,0,0.77760,-0.04000,46.656,-0.080,-1,450.000,-1,500.000,250.000,375.000,375.000,300.000,200.000,-1,250.000,375.000,-1,875.000,1000.000,-1,-1,2,0,2,0,1,0,0,0,1,2,0,0,2,0,0,2,2
117,-4885.537,-8883.252,-210.740,-156.425,-0.914635,0.399949,-0.059025,-0.399179,-0.916537,-0.024818,-0.064024,0.000862,0.997948,0,0.76684,0.08000,46.010,0.160,-1,425.000,-1,475.000,275.000,350.000,375.000,300.000,175.000,-1,300.000,400.000,-1,850.000,975.000,-1,-1,2,0,2,0,1,0,0,0,1,2,0,0,2,0,0,2,2
118,-4926.836,-8901.617,-216.377,-156.025,-0.911342,0.406324,-0.066004,-0.405901,-0.913691,-0.020304,-0.068557,0.008287,0.997613,0,0.75330,0.20000,45.198,0.400,-1,425.000,-1,450.000,300.000,350.000,350.000,300.000,150.000,-1,375.000,475.000,-1,825.000,900.000,-1,-1,2,0,2,0,1,0,0,0,1,2,0,0,2,0,0,2,2
119,-4967.038,-8920.035,-222.658,-155.385,-0.905955,0.416444,-0.076285,-0.416634,-0.908964,-0.014168,-0.075240,0.018947,0.996985,0,0.73698,0.32000,44.219,0.640,-1,400.000,-1,425.000,350.000,325.000,350.000,300.000,125.000,-1,725.000,700.000,-1,775.000,800.000,-1,-1,2,0,2,0,1,0,0,0,1,2,0,0,2,0,0,2,2
120,-5005.921,-8938.578,-229.302,-154.505,-0.898345,0.430214,-0.088838,-0.431330,-0.902165,-0.007220,-0.083253,0.031832,0.996020,0,0.71794,0.44000,43.077,0.880,-1,375.000,-1,400.000,450.000,325.000,325.000,325.000,125.000,-1,-1,-1,-1,725.000,725.000,-1,-1,2,0,2,0,1,0,0,0,1,2,2,2,2,0,0,2,2
121,-5040.465,-8955.528,-232.526,-153.865,-0.893479,0.440246,-0.088763,-0.441439,-0.897266,-0.006774,-0.082627,0.033131,0.996030,0,0.64130,0.32000,38.478,0.640,-1,375.000,-1,375.000,725.000,325.000,325.000,325.000,100.000,-1,-1,-1,-1,750.000,725.000,-1,-1,2,0,2,0,1,0,0,0,1,2,2,2,2,0,0,2,2
122,-5073.856,-8972.202,-235.623,-153.465,-0.890386,0.446486,-0.088675,-0.447736,-0.894143,-0.006362,-0.082129,0.034039,0.996040,0,0.62206,0.20000,37.324,0.400,-1,375.000,-1,375.000,-1,325.000,325.000,325.000,100.000,-1,-1,-1,-1,750.000,725.000,-1,-1,2,0,2,0,2,0,0,0,1,2,2,2,2,0,0,2,2
123,-5106.248,-8988.489,-237.839,-153.305,-0.889049,0.449015,-0.089315,-0.450036,-0.892960,-0.009489,-0.084016,0.031759,0.995958,0,0.60425,0.08000,36.255,0.160,-1,375.000,-1,375.000,-1,300.000,325.000,300.000,125.000,-1,-1,-1,-1,725.000,700.000,-1,-1,2,0,2,0,2,0,0,0,1,2,2,2,2,0,0,2,2
124,-5137.796,-9004.296,-238.753,-153.385,-0.889450,0.447857,-0.091124,-0.448170,-0.893764,-0.018144,-0.089569,0.024701,0.995674,0,0.58810,-0.04000,35.286,-0.080,-1,375.000,-1,375.000,-1,300.000,300.000,300.000,125.000,-1,-1,-1,-1,700.000,700.000,-1,-1,2,0,2,0,2,0,0,0,1,2,2,2,2,0,0,2,2
125,-5168.660,-9019.546,-240.031,-153.705,-0.891768,0.442914,-0.092610,-0.442627,-0.896364,-0.024741,-0.093971,0.018929,0.995395,0,0.57376,-0.16000,34.425,-0.320,-1,350.000,-1,375.000,-1,300.000,300.000,300.000,125.000,-1,-1,-1,-1,675.000,700.000,-1,-1,2,0,2,0,2,0,0,0,1,2,2,2,2,0,0,2,2
126,-5199.000,-9034.170,-241.554,-154.265,-0.895969,0.434167,-0.093475,-0.433380,-0.900724,-0.029634,-0.097061,0.013959,0.995180,0,0.56132,-0.28000,33.679,-0.560,-1,350.000,-1,375.000,-1,300.000,300.000,300.000,125.000,-1,-1,-1,-1,650.000,675.000,-1,-1,2,0,2,0,2,0,0,0,1,2,2,2,2,0,0,2,2
127,-5228.968,-9048.104,-243.371,-155.065,-0.901903,0.421569,-0.094076,-0.420405,-0.906742,-0.032849,-0.099151,0.009923,0.995023,0,0.55081,-0.40000,33.049,-0.800,-1,350.000,-1,375.000,-1,300.000,300.000,300.000,150.000,-1,-1,-1,-1,650.000,675.000,-1,-1,2,0,2,0,2,0,0,0,1,2,2,2,2,0,0,2,2
128,-5258.681,-9061.358,-245.427,-155.960,-0.908362,0.407358,-0.094538,-0.405930,-0.913243,-0.034758,-0.100496,0.006803,0.994914,0,0.54224,-0.44771,32.534,-0.895,-1,350.000,-1,375.000,-1,300.000,300.000,300.000,150.000,-1,-1,-1,-1,625.000,675.000,-1,-1,2,0,2,0,2,0,0,0,1,2,2,2,2,0,0,2,2
129,-5288.175,-9073.966,-247.668,-156.854,-0.914608,0.393064,-0.094832,-0.391470,-0.919500,-0.035650,-0.101211,0.004518,0.994855,0,0.53459,-0.44703,32.076,-0.894,-1,350.000,-1,375.000,-1,300.000,300.000,300.000,150.000,-1,-1,-1,-1,625.000,675.000,-1,-1,2,0,2,0,2,0,0,0,1,2,2,2,2,0,0,2,2
130,-5317.452,-9085.945,-250.081,-157.747,-0.920638,0.378701,-0.094927,-0.377037,-0.925514,-0.035600,-0.101338,0.003016,0.994848,0,0.52722,-0.44608,31.633,-0.892,-1,350.000,-1,375.000,-1,300.000,300.000,300.000,150.000,-1,-1,-1,-1,625.000,675.000,-1,-1,2,0,2,0,2,0,0,0,1,2,2,2,2,0,0,2,2
131,-5346.515,-9097.314,-252.691,-158.636,-0.926468,0.364284,-0.094626,-0.362626,-0.931286,-0.034781,-0.100794,0.002091,0.994905,0,0.52013,-0.44490,31.208,-0.890,-1,350.000,-1,375.000,-1,300.000,300.000,300.000,150.000,-1,-1,-1,-1,625.000,675.000,-1,-1,2,0,2,0,2,0,0,0,1,2,2,2,2,0,0,2,2
132,-5375.369,-9108.088,-255.425,-159.523,-0.932084,0.349824,-0.094035,-0.348265,-0.936813,-0.033045,-0.099653,0.001948,0.995020,0,0.51334,-0.44349,30.800,-0.887,-1,350.000,-1,375.000,-1,300.000,300.000,300.000,150.000,-1,-1,-1,-1,650.000,675.000,-1,-1,2,0,2,0,2,0,0,0,1,2,2,2,2,0,0,2,2
133,-5404.018,-9118.285,-258.235,-160.407,-0.937492,0.335333,-0.093068,-0.333974,-0.942096,-0.030280,-0.097833,0.002695,0.995199,0,0.50683,-0.44187,30.410,-0.884,-1,350.000,-1,375.000,-1,300.000,300.000,300.000,175.000,-1,-1,-1,-1,650.000,675.000,-1,-1,2,0,2,0,2,0,0,0,1,2,2,2,2,0,0,2,2
134,-5432.467,-9127.921,-261.174,-161.287,-0.942680,0.320821,-0.091806,-0.319719,-0.947131,-0.026869,-0.095572,0.004024,0.995414,0,0.50063,-0.44005,30.038,-0.880,-1,350.000,-1,375.000,-1,300.000,300.000,300.000,175.000,-1,-1,-1,-1,650.000,675.000,-1,-1,2,0,2,0,2,0,0,0,1,2,2,2,2,0,0,2,2
