timestep,x_cm,y_cm,z_cm,yaw_deg,basis_xx,basis_xy,basis_xz,basis_yx,basis_yy,basis_yz,basis_zx,basis_zy,basis_zz,teleport_flag,throttle_cmd,steering_cmd,cmd_move_cm,cmd_turn_deg,lidar_cm_0,lidar_cm_1,lidar_cm_2,lidar_cm_3,lidar_cm_4,lidar_cm_5,lidar_cm_6,lidar_cm_7,lidar_cm_8,lidar_cm_9,lidar_cm_10,lidar_cm_11,lidar_cm_12,lidar_cm_13,lidar_cm_14,lidar_cm_15,lidar_cm_16,lidar_class_0,lidar_class_1,lidar_class_2,lidar_class_3,lidar_class_4,lidar_class_5,lidar_class_6,lidar_class_7,lidar_class_8,lidar_class_9,lidar_class_10,lidar_class_11,lidar_class_12,lidar_class_13,lidar_class_14,lidar_class_15,lidar_class_16
0,-8197.336,-4268.003,227.675,-67.786,0.377712,0.925666,0.021792,-0.925721,0.378017,-0.012010,-0.019355,-0.015637,0.999690,1,0.08000,-0.12000,4.800,-0.240,-1,400.000,-1,400.000,-1,325.000,325.000,275.000,275.000,-1,-1,-1,-1,800.000,775.000,-1,-1,2,0,2,0,2,0,0,0,0,2,2,2,2,0,0,2,2
1,-8193.781,-4276.920,227.533,-68.266,0.369938,0.928797,0.021979,-0.928854,0.370247,-0.012119,-0.019394,-0.015932,0.999685,0,0.16000,-0.24000,9.600,-0.480,-1,400.000,-1,400.000,-1,325.000,325.000,300.000,275.000,-1,-1,-1,-1,800.000,775.000,-1,-1,2,0,2,0,2,0,0,0,0,2,2,2,2,0,0,2,2
2,-8188.608,-4290.359,227.315,-68.947,0.358870,0.933122,0.022276,-0.933185,0.359187,-0.012258,-0.019439,-0.016389,0.999677,0,0.24000,-0.34026,14.400,-0.681,-1,400.000,-1,400.000,-1,325.000,325.000,300.000,275.000,-1,-1,-1,-1,800.000,775.000,-1,-1,2,0,2,0,2,0,0,0,0,2,2,2,2,0,0,2,2
3,-8181.924,-4308.358,227.006,-69.629,0.347717,0.937324,0.022713,-0.937396,0.348044,-0.012395,-0.019523,-0.016981,0.999665,0,0.32000,-0.34123,19.200,-0.682,-1,400.000,-1,400.000,-1,325.000,325.000,300.000,300.000,-1,-1,-1,-1,800.000,775.000,-1,-1,2,0,2,0,2,0,0,0,0,2,2,2,2,0,0,2,2
4,-8173.839,-4330.955,226.599,-70.314,0.336467,0.941407,0.023300,-0.941491,0.336807,-0.012513,-0.019628,-0.017726,0.999650,0,0.40000,-0.34257,24.000,-0.685,-1,400.000,-1,400.000,-1,325.000,325.000,300.000,300.000,-1,-1,-1,-1,800.000,775.000,-1,-1,2,0,2,0,2,0,0,0,0,2,2,2,2,0,0,2,2
5,-8164.464,-4358.187,226.088,-71.003,0.325107,0.945371,0.024050,-0.945471,0.325462,-0.012596,-0.019735,-0.018643,0.999631,0,0.48000,-0.34433,28.800,-0.689,-1,400.000,-1,400.000,-1,325.000,325.000,300.000,300.000,-1,-1,-1,-1,800.000,775.000,-1,-1,2,0,2,0,2,0,0,0,0,2,2,2,2,0,0,2,2
6,-8153.911,-4390.087,225.464,-71.696,0.313624,0.949219,0.024976,-0.949340,0.313996,-0.012623,-0.019825,-0.019752,0.999608,0,0.56000,-0.34654,33.600,-0.693,-1,400.000,-1,400.000,-1,325.000,325.000,300.000,300.000,-1,-1,-1,-1,800.000,775.000,-1,-1,2,0,2,0,2,0,0,0,0,2,2,2,2,0,0,2,2
7,-8142.296,-4426.688,224.716,-72.395,0.302001,0.952950,0.026094,-0.953100,0.302393,-0.012576,-0.019875,-0.021072,0.999580,0,0.64000,-0.34925,38.400,-0.699,-1,400.000,-1,400.000,-1,325.000,325.000,300.000,300.000,-1,-1,-1,-1,775.000,775.000,-1,-1,2,0,2,0,2,0,0,0,0,2,2,2,2,0,0,2,2
8,-8129.737,-4468.022,223.834,-73.100,0.290222,0.956567,0.027418,-0.956753,0.290635,-0.012435,-0.019864,-0.022624,0.999547,0,0.72000,-0.35249,43.200,-0.705,-1,400.000,-1,400.000,-1,325.000,325.000,300.000,300.000,-1,-1,-1,-1,775.000,775.000,-1,-1,2,0,2,0,2,0,0,0,0,2,2,2,2,0,0,2,2
9,-8116.362,-4514.121,222.822,-73.821,0.278117,0.960109,0.029025,-0.960343,0.278554,-0.012204,-0.019802,-0.024480,0.999504,0,0.80000,-0.36077,48.000,-0.722,-1,400.000,-1,400.000,-1,325.000,325.000,300.000,300.000,-1,-1,-1,-1,775.000,775.000,-1,-1,2,0,2,0,2,0,0,0,0,2,2,2,2,0,0,2,2
10,-8102.732,-4563.381,221.653,-74.534,0.266108,0.963452,0.030764,-0.963735,0.266578,-0.012265,-0.020018,-0.026384,0.999451,0,0.85185,-0.35633,51.111,-0.713,-1,400.000,-1,400.000,-1,325.000,325.000,300.000,300.000,-1,-1,-1,-1,775.000,775.000,-1,-1,2,0,2,0,2,0,0,0,0,2,2,2,2,0,0,2,2
11,-8089.704,-4612.816,220.352,-75.237,0.254214,0.966607,0.032347,-0.966933,0.254721,-0.012590,-0.020409,-0.028077,0.999397,0,0.85204,-0.35162,51.122,-0.703,-1,400.000,-1,400.000,-1,325.000,325.000,300.000,300.000,-1,-1,-1,-1,750.000,775.000,-1,-1,2,0,2,0,2,0,0,0,0,2,2,2,2,0,0,2,2
12,-8077.278,-4662.397,219.114,-75.931,0.242437,0.969580,0.033748,-0.969940,0.242987,-0.013190,-0.020989,-0.029535,0.999343,0,0.85191,-0.34692,51.114,-0.694,-1,400.000,-1,400.000,-1,325.000,325.000,300.000,300.000,-1,-1,-1,-1,750.000,775.000,-1,-1,2,0,2,0,2,0,0,0,0,2,2,2,2,0,0,2,2
13,-8066.375,-4707.410,218.230,-76.385,0.234728,0.971466,0.033998,-0.971826,0.235297,-0.013773,-0.021380,-0.029807,0.999327,0,0.77191,-0.22692,46.314,-0.454,-1,400.000,-1,400.000,-1,325.000,325.000,300.000,275.000,-1,-1,-1,-1,725.000,775.000,-1,-1,2,0,2,0,2,0,0,0,0,2,2,2,2,0,0,2,2
14,-8056.753,-4747.794,217.448,-76.599,0.231086,0.972335,0.034118,-0.972691,0.231669,-0.014192,-0.021703,-0.029907,0.999317,0,0.69191,-0.10692,41.514,-0.214,-1,400.000,-1,400.000,-1,325.000,325.000,300.000,275.000,-1,-1,-1,-1,725.000,775.000,-1,-1,2,0,2,0,2,0,0,0,0,2,2,2,2,0,0,2,2
15,-8047.515,-4786.487,216.681,-76.572,0.231516,0.972228,0.034255,-0.972580,0.232113,-0.014566,-0.022112,-0.029943,0.999307,0,0.66302,0.01308,39.781,0.026,-1,400.000,-1,400.000,-1,325.000,325.000,300.000,275.000,-1,-1,-1,-1,725.000,750.000,-1,-1,2,0,2,0,2,0,0,0,0,2,2,2,2,0,0,2,2
16,-8038.104,-4825.113,215.894,-76.306,0.236014,0.971140,0.034412,-0.971486,0.236627,-0.014925,-0.022637,-0.029908,0.999296,0,0.66259,0.13308,39.756,0.266,-1,375.000,-1,400.000,-1,325.000,325.000,300.000,275.000,-1,-1,-1,-1,725.000,750.000,-1,-1,2,0,2,0,2,0,0,0,0,2,2,2,2,0,0,2,2
17,-8028.356,-4863.635,215.126,-75.800,0.244568,0.969011,0.034707,-0.969356,0.245196,-0.015115,-0.023157,-0.029946,0.999283,0,0.66226,0.25308,39.736,0.506,-1,375.000,-1,400.000,-1,325.000,325.000,300.000,300.000,-1,-1,-1,-1,725.000,750.000,-1,-1,2,0,2,0,2,0,0,0,0,2,2,2,2,0,0,2,2
18,-8018.111,-4902.015,214.345,-75.054,0.257149,0.965736,0.035045,-0.966079,0.257794,-0.015253,-0.023764,-0.029934,0.999269,0,0.66207,0.37308,39.724,0.746,-1,375.000,-1,400.000,-1,325.000,325.000,300.000,300.000,-1,-1,-1,-1,700.000,750.000,-1,-1,2,0,2,0,2,0,0,0,0,2,2,2,2,0,0,2,2
19,-8007.207,-4940.211,213.548,-74.068,0.273716,0.961158,0.035424,-0.961500,0.274378,-0.015330,-0.024454,-0.029864,0.999255,0,0.66204,0.49308,39.722,0.986,-1,375.000,-1,400.000,-1,325.000,325.000,300.000,300.000,-1,-1,-1,-1,700.000,750.000,-1,-1,2,0,2,0,2,0,0,0,0,2,2,2,2,0,0,2,2
20,-7995.589,-4978.206,212.735,-72.997,0.291611,0.955867,0.035805,-0.956207,0.292289,-0.015335,-0.025123,-0.029765,0.999241,0,0.66219,0.53529,39.731,1.071,-1,375.000,-1,400.000,-1,325.000,325.000,300.000,300.000,-1,-1,-1,-1,700.000,750.000,-1,-1,2,0,2,0,2,0,0,0,0,2,2,2,2,0,0,2,2
21,-7981.597,-5020.481,211.802,-71.687,0.313382,0.948936,0.036229,-0.949275,0.314077,-0.015244,-0.025844,-0.029614,0.999227,0,0.74219,0.65529,44.531,1.311,-1,375.000,-1,400.000,-1,325.000,325.000,300.000,300.000,-1,-1,-1,-1,675.000,750.000,-1,-1,2,0,2,0,2,0,0,0,0,2,2,2,2,0,0,2,2
22,-7964.989,-5066.933,210.739,-70.327,0.335800,0.941221,0.036633,-0.941562,0.336506,-0.015011,-0.026456,-0.029451,0.999216,0,0.82219,0.67983,49.331,1.360,-1,375.000,-1,400.000,-1,325.000,325.000,300.000,300.000,-1,-1,-1,-1,675.000,750.000,-1,-1,2,0,2,0,2,0,0,0,0,2,2,2,2,0,0,2,2
23,-7945.558,-5117.456,209.538,-68.963,0.358106,0.932948,0.036980,-0.933294,0.358817,-0.014590,-0.026881,-0.029288,0.999210,0,0.90219,0.68197,54.131,1.364,-1,375.000,-1,400.000,-1,300.000,325.000,300.000,300.000,-1,-1,-1,-1,675.000,750.000,-1,-1,2,0,2,0,2,0,0,0,0,2,2,2,2,0,0,2,2
24,-7924.063,-5169.594,208.058,-67.594,0.380329,0.924136,0.036376,-0.924471,0.381006,-0.013711,-0.026531,-0.028413,0.999244,0,0.93991,0.68428,56.395,1.369,-1,375.000,-1,400.000,-1,300.000,325.000,300.000,300.000,-1,-1,-1,-1,650.000,750.000,-1,-1,2,0,2,0,2,0,0,0,0,2,2,2,2,0,0,2,2
25,-7901.325,-5221.201,206.660,-66.221,0.402454,0.914779,0.034798,-0.915089,0.403062,-0.012402,-0.025371,-0.026852,0.999317,0,0.93990,0.68663,56.394,1.373,-1,375.000,-1,400.000,-1,325.000,325.000,300.000,300.000,-1,-1,-1,-1,650.000,750.000,-1,-1,2,0,2,0,2,0,0,0,0,2,2,2,2,0,0,2,2
26,-7877.355,-5272.242,205.301,-64.843,0.424430,0.904863,0.032908,-0.905146,0.424960,-0.010914,-0.023860,-0.025155,0.999399,0,0.93983,0.68890,56.390,1.378,-1,375.000,-1,400.000,-1,325.000,325.000,300.000,300.000,-1,-1,-1,-1,650.000,750.000,-1,-1,2,0,2,0,2,0,0,0,0,2,2,2,2,0,0,2,2
27,-7851.528,-5324.035,203.887,-63.496,0.445687,0.894655,0.030924,-0.894916,0.446138,-0.009283,-0.022101,-0.023537,0.999479,0,0.96459,0.67372,57.876,1.347,-1,375.000,-1,400.000,-1,325.000,325.000,300.000,300.000,-1,-1,-1,-1,650.000,750.000,-1,-1,2,0,2,0,2,0,0,0,0,2,2,2,2,0,0,2,2
28,-7824.417,-5375.326,202.661,-62.139,0.466830,0.883883,0.028633,-0.884102,0.467218,-0.008411,-0.020813,-0.021388,0.999555,0,0.96692,0.67836,58.015,1.357,-1,375.000,-1,400.000,-1,325.000,325.000,300.000,300.000,-1,-1,-1,-1,650.000,750.000,-1,-1,2,0,2,0,2,0,0,0,0,2,2,2,2,0,0,2,2
29,-7796.024,-5426.073,201.511,-60.773,0.487844,0.872528,0.026518,-0.872711,0.488178,-0.007634,-0.019606,-0.019418,0.999619,0,0.96916,0.68307,58.150,1.366,-1,375.000,-1,400.000,-1,300.000,325.000,300.000,300.000,-1,-1,-1,-1,650.000,750.000,-1,-1,2,0,2,0,2,0,0,0,0,2,2,2,2,0,0,2,2
30,-7766.357,-5476.234,200.425,-59.397,0.508724,0.860589,0.024235,-0.860737,0.509004,-0.006847,-0.018228,-0.017376,0.999683,0,0.97131,0.68785,58.278,1.376,-1,375.000,-1,400.000,-1,300.000,325.000,300.000,300.000,-1,-1,-1,-1,650.000,750.000,-1,-1,2,0,2,0,2,0,0,0,0,2,2,2,2,0,0,2,2
31,-7735.967,-5524.459,199.406,-57.782,0.532852,0.845923,0.021956,-0.846040,0.533085,-0.006123,-0.016884,-0.015313,0.999740,0,0.95003,0.80785,57.002,1.616,-1,375.000,-1,400.000,-1,300.000,325.000,300.000,300.000,-1,-1,625.000,-1,650.000,750.000,-1,-1,2,0,2,0,2,0,0,0,0,2,2,0,2,0,0,2,2
32,-7703.956,-5571.786,198.424,-55.926,0.560027,0.828242,0.019634,-0.828329,0.560215,-0.005456,-0.015518,-0.013208,0.999792,0,0.95226,0.92785,57.136,1.856,-1,375.000,-1,400.000,-1,300.000,325.000,300.000,300.000,-1,700.000,500.000,-1,650.000,750.000,-1,-1,2,0,2,0,2,0,0,0,0,2,0,0,2,0,0,2,2
33,-7670.225,-5618.087,197.479,-53.926,0.588645,0.808207,0.017283,-0.808269,0.588794,-0.004850,-0.014096,-0.011114,0.999839,0,0.95476,1.00000,57.286,2.000,-1,375.000,-1,400.000,-1,300.000,325.000,300.000,300.000,-1,575.000,475.000,-1,650.000,750.000,-1,-1,2,0,2,0,2,0,0,0,0,2,0,0,2,1,0,2,2
34,-7634.799,-5663.310,196.571,-51.926,0.616540,0.787182,0.014922,-0.787223,0.616654,-0.004293,-0.012581,-0.009100,0.999879,0,0.95744,1.00000,57.446,2.000,-1,375.000,-1,375.000,-1,300.000,300.000,300.000,300.000,-1,525.000,450.000,-1,-1,750.000,-1,-1,2,0,2,0,2,0,0,0,0,2,0,0,2,2,0,2,2
35,-7597.715,-5707.390,195.714,-49.926,0.643677,0.765193,0.012606,-0.765218,0.643760,-0.003788,-0.011014,-0.007208,0.999913,0,0.96008,1.00000,57.605,2.000,-1,375.000,-1,375.000,-1,300.000,300.000,300.000,300.000,-1,500.000,450.000,-1,-1,725.000,-1,-1,2,0,2,0,2,0,0,0,0,2,0,0,2,2,0,2,2
36,-7559.010,-5750.265,195.042,-47.926,0.670024,0.742266,0.010418,-0.742285,0.670079,-0.002689,-0.008977,-0.005931,0.999942,0,0.96268,1.00000,57.761,2.000,-1,375.000,-1,375.000,-1,300.000,300.000,300.000,300.000,-1,475.000,425.000,-1,-1,725.000,-1,-1,2,0,2,0,2,0,0,0,0,2,0,0,2,2,0,2,2
37,-7518.728,-5791.871,194.648,-45.926,0.695549,0.718430,0.008343,-0.718452,0.695576,-0.000541,-0.006192,-0.005618,0.999965,0,0.96520,1.00000,57.912,2.000,-1,375.000,-1,375.000,-1,300.000,300.000,300.000,300.000,-1,450.000,400.000,-1,-1,750.000,-1,-1,2,0,2,0,2,0,0,0,0,2,0,0,2,2,0,2,2
38,-7476.912,-5832.148,194.471,-43.926,0.720219,0.693720,0.006090,-0.693736,0.720229,0.000702,-0.003899,-0.004731,0.999981,0,0.96764,1.00000,58.058,2.000,-1,-1,-1,375.000,-1,300.000,300.000,300.000,325.000,-1,425.000,375.000,-1,-1,750.000,-1,-1,2,2,2,0,2,0,0,0,0,2,0,0,2,2,0,2,2
39,-7433.612,-5871.034,194.287,-41.926,0.744003,0.668166,0.003772,-0.668173,0.744004,0.001293,-0.001942,-0.003482,0.999992,0,0.96997,1.00000,58.198,2.000,-1,-1,-1,400.000,-1,300.000,300.000,300.000,325.000,-1,425.000,400.000,-1,-1,750.000,-1,-1,2,2,2,0,2,0,0,0,0,2,0,0,2,2,0,2,2
40,-7388.880,-5908.470,194.155,-39.926,0.766874,0.641795,0.001472,-0.641797,0.766872,0.001799,0.000026,-0.002324,0.999997,0,0.97216,1.00000,58.330,2.000,-1,-1,-1,400.000,-1,1000.000,325.000,300.000,325.000,-1,425.000,400.000,-1,-1,925.000,-1,-1,2,2,2,0,2,1,0,0,0,2,0,0,2,2,1,2,2
41,-7341.552,-5945.349,194.073,-37.926,0.788806,0.614642,-0.000860,-0.614639,0.788805,0.002225,0.002046,-0.001226,0.999997,0,1.00000,1.00000,60.000,2.000,-1,-1,-1,400.000,-1,-1,325.000,300.000,325.000,-1,425.000,400.000,-1,-1,950.000,-1,-1,2,2,2,0,2,2,0,0,0,2,0,0,2,2,1,2,2
42,-7296.927,-5977.968,191.163,-36.166,0.807259,0.590083,0.011673,-0.590172,0.807251,0.006520,-0.005575,-0.012152,0.999911,0,0.92126,0.88000,55.276,1.760,-1,-1,-1,375.000,-1,-1,825.000,275.000,325.000,-1,550.000,575.000,-1,-1,950.000,-1,-1,2,2,2,1,2,2,1,0,0,2,0,0,2,2,1,2,2
43,-7251.099,-6009.608,180.444,-34.646,0.820812,0.567627,0.063774,-0.569857,0.821412,0.023352,-0.039129,-0.055510,0.997691,0,0.92811,0.76000,55.687,1.520,-1,-1,-1,525.000,975.000,-1,750.000,200.000,375.000,-1,-1,-1,-1,-1,900.000,-1,1000.000,2,2,2,1,1,2,1,0,0,2,2,2,2,2,1,2,1
44,-7204.222,-6040.410,169.513,-33.366,0.828840,0.547211,0.116550,-0.554662,0.830963,0.043021,-0.073307,-0.100303,0.992253,0,0.93479,0.64000,56.087,1.280,-1,-1,-1,525.000,875.000,950.000,675.000,125.000,425.000,-1,-1,-1,-1,-1,850.000,-1,900.000,2,2,2,1,1,1,1,0,0,2,2,2,2,2,1,2,1
45,-7156.444,-6070.532,158.371,-32.326,0.831441,0.528942,0.170080,-0.545066,0.835864,0.065066,-0.107747,-0.146803,0.983280,0,0.94124,0.52000,56.474,1.040,-1,-1,-1,525.000,775.000,850.000,600.000,50.000,525.000,1000.000,0.000,-1,-1,-1,800.000,-1,825.000,2,2,2,1,1,1,1,0,0,0,0,2,2,2,1,2,1
46,-3966.915,7877.035,-114.499,112.248,-0.361232,-0.925201,-0.116251,0.900642,-0.378475,0.213543,-0.241569,-0.027562,0.969992,1,0.00000,0.00000,56.843,0.800,-1,-1,-1,900.000,925.000,-1,-1,250.000,250.000,-1,-1,-1,-1,-1,-1,-1,-1,2,2,2,1,1,2,2,1,0,2,2,2,2,2,2,2,2
47,-3968.752,7881.472,-116.148,112.488,-0.364724,-0.923617,-0.117929,0.898423,-0.382351,0.215971,-0.244565,-0.027180,0.969252,0,0.08000,0.12000,4.800,0.240,-1,-1,-1,900.000,950.000,-1,-1,250.000,250.000,-1,-1,-1,-1,-1,-1,-1,-1,2,2,2,1,1,2,2,1,0,2,2,2,2,2,2,2,2
48,-3972.481,7890.322,-119.408,112.843,-0.369642,-0.921239,-0.121174,0.894776,-0.388073,0.220850,-0.250480,-0.026788,0.967751,0,0.16000,0.17759,9.600,0.355,-1,-1,-1,875.000,925.000,-1,-1,250.000,250.000,-1,-1,-1,-1,-1,-1,-1,-1,2,2,2,1,1,2,2,1,0,2,2,2,2,2,2,2,2
49,-9510.818,-6887.618,312.655,-138.559,-0.683575,0.632740,0.363820,-0.694900,-0.716661,-0.059251,0.223245,-0.293321,0.929583,1,0.00000,0.00000,14.400,0.359,-1,-1,-1,-1,100.000,-1,-1,200.000,175.000,75.000,0.000,150.000,-1,-1,-1,-1,-1,2,2,2,2,1,2,2,0,1,0,0,0,2,2,2,2,2
50,8203.215,3610.194,235.604,32.254,0.842549,-0.533255,0.075827,0.534708,0.845036,0.001348,-0.064796,0.039409,0.997120,1,0.08000,-0.12000,4.800,-0.240,-1,400.000,-1,-1,-1,325.000,325.000,325.000,325.000,-1,-1,-1,-1,775.000,-1,-1,-1,2,0,2,2,2,0,0,0,0,2,2,2,2,0,2,2,2
51,8211.376,3615.249,234.957,31.774,0.846991,-0.526173,0.075816,0.527588,0.849499,0.001593,-0.065244,0.038650,0.997121,0,0.16000,-0.24000,9.600,-0.480,-1,400.000,-1,-1,-1,325.000,325.000,325.000,325.000,-1,-1,-1,-1,775.000,-1,-1,-1,2,0,2,2,2,0,0,0,0,2,2,2,2,0,2,2,2
52,8223.713,3622.677,233.983,31.054,0.853542,-0.515479,0.075821,0.516839,0.856080,0.001948,-0.065913,0.037525,0.997120,0,0.24000,-0.36000,14.400,-0.720,-1,400.000,-1,-1,-1,325.000,325.000,325.000,325.000,-1,-1,-1,-1,775.000,-1,-1,-1,2,0,2,2,2,0,0,0,0,2,2,2,2,0,2,2,2
53,8240.325,3632.304,232.677,30.094,0.862063,-0.501090,0.075867,0.502380,0.864644,0.002395,-0.066798,0.036050,0.997115,0,0.32000,-0.48000,19.200,-0.960,-1,400.000,-1,-1,-1,325.000,325.000,325.000,325.000,-1,-1,-1,-1,775.000,-1,-1,-1,2,0,2,2,2,0,0,0,0,2,2,2,2,0,2,2,2
54,8261.338,3643.900,231.036,28.894,0.872371,-0.482903,0.075985,0.484107,0.875004,0.002912,-0.067893,0.034245,0.997105,0,0.40000,-0.60000,24.000,-1.200,-1,400.000,-1,-1,-1,325.000,325.000,325.000,325.000,-1,-1,-1,-1,775.000,-1,-1,-1,2,0,2,2,2,0,0,0,0,2,2,2,2,0,2,2,2
55,8286.895,3657.177,229.055,27.454,0.884229,-0.460794,0.076212,0.461900,0.886925,0.003468,-0.069192,0.032136,0.997086,0,0.48000,-0.72000,28.800,-1.440,-1,400.000,-1,-1,-1,325.000,350.000,325.000,325.000,-1,-1,-1,-1,750.000,-1,-1,-1,2,0,2,2,2,0,1,0,0,2,2,2,2,0,2,2,2
56,8317.153,3671.786,226.727,25.774,0.897349,-0.434626,0.076587,0.435624,0.900120,0.004025,-0.070687,0.029752,0.997055,0,0.56000,-0.84000,33.600,-1.680,-1,400.000,-1,-1,-1,325.000,475.000,325.000,325.000,-1,-1,-1,-1,750.000,-1,-1,-1,2,0,2,2,2,0,1,0,0,2,2,2,2,0,2,2,2
57,8352.274,3687.315,224.049,23.854,0.911387,-0.404254,0.077152,0.405138,0.914244,0.004532,-0.072368,0.027127,0.997009,0,0.64000,-0.96000,38.400,-1.920,-1,400.000,-1,-1,-1,350.000,575.000,300.000,325.000,-1,-1,-1,-1,750.000,-1,-1,-1,2,1,2,2,2,1,1,0,0,2,2,2,2,0,2,2,2
58,8392.370,3703.395,221.024,21.854,0.924904,-0.372127,0.077935,0.372899,0.927859,0.004949,-0.074154,0.024484,0.996946,0,0.72000,-1.00000,43.200,-2.000,-1,425.000,-1,-1,-1,425.000,675.000,300.000,325.000,-1,-1,-1,-1,725.000,-1,-1,-1,2,1,2,2,2,1,1,0,0,2,2,2,2,0,2,2,2
59,8437.517,3719.696,217.527,19.854,0.937291,-0.339535,0.078756,0.340243,0.940326,0.004664,-0.075640,0.022424,0.996883,0,0.80000,-1.00000,48.000,-2.000,-1,450.000,-1,-1,-1,475.000,750.000,300.000,325.000,-1,-1,-1,-1,725.000,-1,-1,-1,2,1,2,2,2,1,1,0,0,2,2,2,2,0,2,2,2
60,8487.777,3735.885,209.864,17.854,0.947226,-0.306403,0.094237,0.308309,0.951267,-0.006014,-0.087802,0.034751,0.995532,0,0.88000,-1.00000,52.800,-2.000,-1,450.000,-1,-1,-1,500.000,800.000,325.000,275.000,-1,-1,-1,-1,675.000,-1,-1,-1,2,1,2,2,2,1,1,0,0,2,2,2,2,0,2,2,2
61,8543.191,3751.635,194.609,15.854,0.952421,-0.272427,0.136665,0.279831,0.959301,-0.037884,-0.120782,0.074325,0.989893,0,0.96000,-1.00000,57.600,-2.000,-1,425.000,-1,-1,-1,475.000,725.000,375.000,200.000,-1,-1,-1,-1,575.000,-1,-1,-1,2,1,2,2,2,1,1,0,0,2,2,2,2,1,2,2,2
62,8601.451,3766.030,178.522,13.854,0.954859,-0.237834,0.177986,0.253981,0.964382,-0.073897,-0.154072,0.115766,0.981254,0,1.00000,-1.00000,60.000,-2.000,-1,400.000,-1,-1,-1,425.000,675.000,425.000,125.000,-1,-1,-1,-1,550.000,-1,550.000,-1,2,1,2,2,2,1,1,0,0,2,2,2,2,1,2,0,2
63,6231.387,-6231.379,525.679,-113.943,-0.409228,0.912134,-0.023313,-0.908571,-0.405016,0.102279,0.083850,0.063037,0.994483,1,0.00000,0.00000,60.000,-2.000,-1,250.000,-1,300.000,700.000,225.000,250.000,500.000,375.000,-1,100.000,75.000,800.000,-1,450.000,-1,550.000,2,1,2,1,1,1,1,0,0,2,0,0,0,2,1,2,1
64,-2948.508,331.556,725.565,48.383,0.664168,-0.747481,-0.012392,0.747583,0.664052,0.012451,-0.001077,-0.017534,0.999846,1,0.08000,0.12000,4.800,0.240,-1,400.000,-1,375.000,-1,325.000,325.000,325.000,325.000,-1,-1,-1,-1,900.000,750.000,-1,-1,2,0,2,0,2,0,0,0,0,2,2,2,2,0,0,2,2
65,-2942.193,338.786,725.522,48.863,0.657888,-0.753017,-0.012196,0.753114,0.657766,0.012735,-0.001568,-0.017563,0.999845,0,0.16000,0.24000,9.600,0.480,-1,400.000,-1,375.000,-1,325.000,325.000,325.000,325.000,-1,-1,-1,-1,900.000,750.000,-1,-1,2,0,2,0,2,0,0,0,0,2,2,2,2,0,0,2,2
66,-2932.857,349.749,725.457,49.583,0.648381,-0.761223,-0.011909,0.761312,0.648251,0.013180,-0.002313,-0.017612,0.999842,0,0.24000,0.36000,14.400,0.720,-1,400.000,-1,375.000,-1,325.000,325.000,325.000,325.000,-1,-1,-1,-1,925.000,750.000,-1,-1,2,0,2,0,2,0,0,0,0,2,2,2,2,0,0,2,2
67,-2920.655,364.574,725.382,50.543,0.635547,-0.771975,-0.011553,0.772055,0.635405,0.013857,-0.003356,-0.017727,0.999837,0,0.32000,0.48000,19.200,0.960,-1,400.000,-1,375.000,-1,325.000,325.000,325.000,325.000,-1,-1,-1,-1,925.000,750.000,-1,-1,2,0,2,0,2,0,0,0,0,2,2,2,2,0,0,2,2
68,-2905.794,383.419,725.292,51.743,0.619255,-0.785111,-0.011143,0.785176,0.619097,0.014767,-0.004695,-0.017894,0.999829,0,0.40000,0.60000,24.000,1.200,-1,425.000,-1,375.000,-1,325.000,325.000,325.000,300.000,-1,-1,-1,-1,925.000,750.000,-1,-1,2,0,2,0,2,0,0,0,0,2,2,2,2,0,0,2,2
69,-2888.468,406.424,725.204,53.014,0.601696,-0.798654,-0.010684,0.798701,0.601518,0.015920,-0.006287,-0.018112,0.999816,0,0.48000,0.63584,28.800,1.272,-1,425.000,-1,375.000,-1,325.000,325.000,325.000,300.000,-1,-1,-1,-1,925.000,750.000,-1,-1,2,0,2,0,2,0,0,0,0,2,2,2,2,0,0,2,2
70,-2868.847,433.700,725.081,54.270,0.584064,-0.811640,-0.010424,0.811668,0.583862,0.017317,-0.007969,-0.018575,0.999796,0,0.56000,0.62802,33.600,1.256,-1,425.000,-1,375.000,-1,325.000,325.000,325.000,300.000,-1,-1,-1,-1,925.000,775.000,-1,-1,2,0,2,0,2,0,0,0,0,2,2,2,2,0,0,2,2
71,-2847.102,465.350,724.734,55.508,0.566417,-0.824040,-0.011390,0.824069,0.566175,0.018890,-0.009118,-0.020086,0.999757,0,0.64000,0.61894,38.400,1.238,-1,425.000,-1,375.000,-1,325.000,325.000,325.000,300.000,-1,-1,-1,-1,-1,775.000,-1,-1,2,0,2,0,2,0,0,0,0,2,2,2,2,2,0,2,2
72,-2823.401,501.468,724.354,56.725,0.548813,-0.835850,-0.012622,0.835881,0.548522,0.020666,-0.010351,-0.021893,0.999707,0,0.72000,0.60860,43.200,1.217,-1,425.000,-1,375.000,-1,325.000,325.000,325.000,300.000,-1,-1,-1,-1,-1,800.000,-1,-1,2,0,2,0,2,0,0,0,0,2,2,2,2,2,0,2,2
73,-2798.732,540.824,723.960,57.919,0.531315,-0.847058,-0.014073,0.847094,0.530962,0.022587,-0.011660,-0.023922,0.999646,0,0.77414,0.59694,46.448,1.194,-1,425.000,-1,375.000,-1,325.000,325.000,325.000,300.000,-1,-1,-1,-1,-1,825.000,-1,-1,2,0,2,0,2,0,0,0,0,2,2,2,2,2,0,2,2
74,-2774.711,580.942,723.464,59.088,0.513980,-0.857656,-0.015851,0.857697,0.513541,0.025110,-0.013396,-0.026502,0.999559,0,0.77933,0.58437,46.760,1.169,-1,425.000,-1,400.000,-1,325.000,325.000,325.000,300.000,-1,-1,-1,-1,-1,825.000,-1,-1,2,0,2,0,2,0,0,0,0,2,2,2,2,2,0,2,2
75,-2751.338,621.808,722.784,60.231,0.496850,-0.867647,-0.018147,0.867692,0.496277,0.028622,-0.015827,-0.029967,0.999426,0,0.78464,0.57165,47.078,1.143,-1,425.000,-1,400.000,-1,325.000,325.000,325.000,300.000,-1,-1,-1,-1,-1,850.000,-1,-1,2,0,2,0,2,0,0,0,0,2,2,2,2,2,0,2,2
76,-2728.611,663.408,722.112,61.349,0.479934,-0.877062,-0.020622,0.877113,0.479206,0.032156,-0.018321,-0.033520,0.999270,0,0.79006,0.55879,47.404,1.118,-1,425.000,-1,400.000,-1,325.000,325.000,300.000,300.000,-1,-1,-1,-1,-1,850.000,-1,-1,2,0,2,0,2,0,0,0,0,2,2,2,2,2,0,2,2
77,-2705.693,707.329,721.422,62.441,0.463247,-0.885921,-0.023370,0.885981,0.462333,0.035844,-0.020951,-0.037310,0.999084,0,0.82567,0.54628,49.540,1.093,-1,425.000,-1,400.000,-1,325.000,325.000,300.000,325.000,-1,-1,-1,-1,-1,875.000,-1,-1,2,0,2,0,2,0,0,0,0,2,2,2,2,2,0,2,2
78,-2683.520,751.828,720.381,63.512,0.446695,-0.894321,-0.025569,0.894401,0.445649,0.037991,-0.022581,-0.039839,0.998951,0,0.82863,0.53553,49.718,1.071,-1,425.000,-1,400.000,-1,325.000,325.000,300.000,325.000,-1,-1,-1,-1,-1,875.000,-1,-1,2,0,2,0,2,0,0,0,0,2,2,2,2,2,0,2,2
79,-2660.027,801.024,718.957,64.473,0.431707,-0.901600,-0.027336,0.901703,0.430563,0.039341,-0.023700,-0.041632,0.998852,0,0.90863,0.48026,54.518,0.961,-1,425.000,-1,400.000,-1,325.000,325.000,300.000,325.000,-1,-1,-1,-1,-1,-1,-1,-1,2,0,2,0,2,0,0,0,0,2,2,2,2,2,2,2,2
80,-2636.786,851.841,716.967,65.423,0.416774,-0.908619,-0.026672,0.908624,0.415562,0.041364,-0.026500,-0.041475,0.998788,0,0.93131,0.47487,55.879,0.950,-1,425.000,-1,400.000,-1,325.000,325.000,300.000,325.000,-1,-1,-1,-1,-1,-1,-1,-1,2,0,2,0,2,0,0,0,0,2,2,2,2,2,2,2,2
81,-2614.184,903.482,714.941,66.362,0.401903,-0.915315,-0.025921,0.915208,0.400623,0.043535,-0.029464,-0.041220,0.998716,0,0.93952,0.46943,56.371,0.939,-1,425.000,-1,400.000,-1,325.000,325.000,300.000,300.000,-1,-1,-1,-1,-1,-1,-1,-1,2,0,2,0,2,0,0,0,0,2,2,2,2,2,2,2,2
82,-2591.692,956.977,712.858,67.196,0.388606,-0.921062,-0.025123,0.920830,0.387256,0.045889,-0.032538,-0.040966,0.998631,0,0.96717,0.41717,58.030,0.834,-1,-1,-1,400.000,-1,325.000,325.000,300.000,300.000,-1,-1,-1,-1,-1,-1,-1,-1,2,2,2,0,2,0,0,0,0,2,2,2,2,2,2,2,2
83,-2569.703,1011.432,710.745,68.011,0.375541,-0.926487,-0.024299,0.926117,0.374122,0.048380,-0.035733,-0.040672,0.998533,0,0.97879,0.40745,58.728,0.815,-1,-1,-1,400.000,-1,325.000,325.000,325.000,300.000,-1,-1,-1,-1,-1,-1,-1,-1,2,2,2,0,2,0,0,0,0,2,2,2,2,2,2,2,2
84,-2548.212,1066.855,708.600,68.806,0.362726,-0.931600,-0.023475,0.931078,0.361237,0.051004,-0.039035,-0.040357,0.998423,0,0.99073,0.39745,59.444,0.795,-1,-1,-1,400.000,-1,-1,325.000,325.000,300.000,-1,-1,-1,-1,-1,-1,-1,-1,2,2,2,0,2,2,0,0,0,2,2,2,2,2,2,2,2
85,-2527.279,1123.085,706.429,69.580,0.350176,-0.936410,-0.022652,0.935722,0.348618,0.053753,-0.042438,-0.040019,0.998297,0,1.00000,0.38719,60.000,0.774,-1,-1,-1,-1,-1,-1,-1,325.000,300.000,-1,-1,-1,-1,-1,-1,-1,-1,2,2,2,2,2,2,2,0,0,2,2,2,2,2,2,2,2
86,-2507.086,1179.586,704.251,70.334,0.337905,-0.940927,-0.021843,0.940060,0.336280,0.056599,-0.045910,-0.039659,0.998158,0,1.00000,0.37671,60.000,0.753,-1,-1,-1,-1,-1,-1,-1,325.000,300.000,-1,-1,-1,-1,-1,-1,-1,-1,2,2,2,2,2,2,2,0,0,2,2,2,2,2,2,2,2
87,-2487.618,1236.339,701.767,71.066,0.325960,-0.945115,-0.022521,0.944140,0.324217,0.059013,-0.048472,-0.040499,0.998003,0,1.00000,0.36610,60.000,0.732,-1,-1,-1,-1,-1,-1,-1,325.000,300.000,-1,-1,-1,-1,-1,-1,-1,-1,2,2,2,2,2,2,2,0,0,2,2,2,2,2,2,2,2
88,-2468.885,1293.345,691.207,71.776,0.317220,-0.947209,-0.046542,0.945273,0.311857,0.095938,-0.076359,-0.074428,0.994299,0,1.00000,0.35539,60.000,0.711,-1,-1,-1,-1,-1,-1,-1,250.000,350.000,-1,-1,-1,-1,-1,-1,-1,-1,2,2,2,2,2,2,2,0,0,2,2,2,2,2,2,2,2
89,-2450.869,1350.583,679.068,72.466,0.311449,-0.947231,-0.075850,0.944023,0.299284,0.138744,-0.108722,-0.114816,0.987419,0,1.00000,0.34460,60.000,0.689,-1,-1,-1,-1,-1,-1,-1,175.000,400.000,-1,-1,-1,-1,-1,-1,-1,-1,2,2,2,2,2,2,2,0,0,2,2,2,2,2,2,2,2
90,-3856.099,7871.581,-90.990,103.336,-0.220404,-0.972413,-0.076383,0.958084,-0.230518,0.170105,-0.183020,-0.035690,0.982461,1,0.00000,0.00000,60.000,0.668,-1,-1,-1,575.000,-1,-1,900.000,375.000,325.000,-1,-1,-1,-1,-1,950.000,-1,-1,2,2,2,1,2,2,1,1,0,2,2,2,2,2,1,2,2
91,-3857.226,7876.247,-91.986,103.576,-0.224493,-0.971472,-0.076447,0.956898,-0.234597,0.171205,-0.184255,-0.034718,0.982265,0,0.08000,0.12000,4.800,0.240,-1,-1,-1,600.000,-1,-1,900.000,375.000,325.000,-1,-1,-1,-1,-1,950.000,-1,-1,2,2,2,1,2,2,1,1,0,2,2,2,2,2,1,2,2
92,-3859.556,7885.561,-94.005,104.056,-0.232668,-0.969539,-0.076543,0.954449,-0.242744,0.173503,-0.186798,-0.032688,0.981854,0,0.16000,0.24000,9.600,0.480,-1,-1,-1,600.000,-1,-1,900.000,375.000,300.000,-1,-1,-1,-1,-1,975.000,-1,-1,2,2,2,1,2,2,1,1,0,2,2,2,2,2,1,2,2
93,-3863.227,7899.487,-97.104,104.776,-0.244924,-0.966511,-0.076611,0.950584,-0.254934,0.177198,-0.190794,-0.029425,0.981189,0,0.24000,0.36000,14.400,0.720,-1,-1,-1,625.000,900.000,-1,925.000,375.000,300.000,-1,-1,-1,-1,-1,1000.000,-1,-1,2,2,2,1,0,2,1,1,0,2,2,2,2,2,1,2,2
94,-3868.407,7917.978,-101.329,105.655,-0.259863,-0.962602,-0.076609,0.945464,-0.269764,0.182550,-0.196389,-0.024993,0.980207,0,0.32000,0.43952,19.200,0.879,-1,-1,-1,675.000,675.000,-1,950.000,400.000,300.000,-1,-1,-1,-1,-1,-1,-1,-1,2,2,2,1,0,2,1,1,0,2,2,2,2,2,2,2,2
95,6887.253,-3607.630,517.382,94.446,-0.077849,-0.994143,-0.074963,0.996956,-0.077299,-0.010215,0.004360,-0.075530,0.997134,1,0.00000,0.00000,24.000,0.886,-1,500.000,-1,350.000,175.000,425.000,425.000,250.000,350.000,-1,100.000,250.000,-1,750.000,450.000,-1,200.000,2,1,2,1,1,1,1,0,1,2,0,0,2,1,1,2,1
96,6886.900,-3602.843,517.436,94.206,-0.073740,-0.994349,-0.076364,0.997264,-0.073126,-0.010811,0.005165,-0.076952,0.997021,0,0.08000,-0.12000,4.800,-0.240,-1,500.000,-1,350.000,150.000,425.000,425.000,250.000,350.000,-1,75.000,250.000,-1,750.000,450.000,-1,200.000,2,1,2,1,1,1,1,0,1,2,0,0,2,1,1,2,1
97,6886.274,-3593.263,517.559,93.726,-0.065529,-0.994700,-0.079231,0.997827,-0.064779,-0.012006,0.006810,-0.079845,0.996784,0,0.16000,-0.24000,9.600,-0.480,-1,475.000,-1,350.000,150.000,425.000,425.000,250.000,350.000,-1,75.000,250.000,-1,750.000,425.000,-1,200.000,2,1,2,1,1,1,1,0,1,2,0,0,2,1,1,2,1
98,6885.515,-3578.882,517.777,93.006,-0.053230,-0.995069,-0.083691,0.998538,-0.052255,-0.013800,0.009359,-0.084304,0.996396,0,0.24000,-0.36000,14.400,-0.720,-1,475.000,-1,350.000,150.000,425.000,400.000,250.000,350.000,-1,75.000,225.000,-1,725.000,425.000,-1,200.000,2,1,2,1,1,1,1,0,1,2,0,0,2,1,1,2,1
99,6884.761,-3559.696,518.058,92.234,-0.040127,-0.995187,-0.089397,0.999114,-0.038826,-0.016254,0.012704,-0.089970,0.995863,0,0.32000,-0.38595,19.200,-0.772,-1,475.000,1000.000,350.000,150.000,425.000,400.000,250.000,350.000,925.000,75.000,225.000,-1,725.000,425.000,-1,175.000,2,1,1,1,1,1,1,0,1,0,0,0,2,1,1,2,1
100,6884.146,-3535.703,518.420,91.452,-0.026985,-0.994978,-0.096386,0.999493,-0.025227,-0.019412,0.016883,-0.096861,0.995155,0,0.40000,-0.39089,24.000,-0.782,-1,475.000,975.000,325.000,150.000,425.000,375.000,225.000,325.000,700.000,50.000,225.000,-1,700.000,400.000,-1,175.000,2,1,1,1,1,1,1,0,1,0,0,0,2,1,1,2,1
101,6883.808,-3506.904,518.901,90.655,-0.013753,-0.994393,-0.104847,0.999664,-0.011368,-0.023313,0.021990,-0.105132,0.994215,0,0.48000,-0.39872,28.800,-0.797,-1,450.000,975.000,325.000,125.000,400.000,350.000,225.000,325.000,575.000,50.000,225.000,-1,675.000,400.000,-1,175.000,2,1,1,1,1,1,1,0,1,0,0,0,2,1,1,2,1
102,6883.893,-3473.303,519.545,89.836,-0.000392,-0.993364,-0.115011,0.999604,0.002847,-0.027999,0.028141,-0.114977,0.992970,0,0.56000,-0.40961,33.600,-0.819,-1,450.000,-1,300.000,125.000,400.000,350.000,225.000,300.000,475.000,50.000,225.000,-1,650.000,375.000,-1,150.000,2,1,2,1,1,1,1,0,1,0,0,0,2,1,1,2,1
103,6884.556,-3434.907,520.407,88.988,0.013119,-0.991795,-0.127167,0.999284,0.017516,-0.033523,0.035475,-0.126636,0.991315,0,0.64000,-0.42379,38.400,-0.848,-1,425.000,-1,300.000,125.000,375.000,325.000,225.000,275.000,375.000,25.000,200.000,-1,650.000,350.000,-1,150.000,2,1,2,1,1,1,1,0,1,0,0,0,2,1,1,2,1
104,6885.966,-3391.728,521.552,88.105,0.026774,-0.989551,-0.141677,0.998665,0.032740,-0.039947,0.044168,-0.140419,0.989107,0,0.72000,-0.44158,43.200,-0.883,-1,425.000,-1,275.000,100.000,375.000,300.000,225.000,275.000,325.000,25.000,200.000,-1,625.000,350.000,1000.000,125.000,2,1,2,1,1,1,1,0,1,0,0,0,2,1,1,1,1
105,-9510.716,-8854.906,147.356,-45.446,0.730483,0.682710,-0.017358,-0.637156,0.672153,-0.377150,-0.245817,0.286562,0.925989,1,0.00000,0.00000,48.000,-0.927,0.000,300.000,925.000,575.000,-1,300.000,375.000,-1,350.000,-1,-1,0.000,0.000,500.000,875.000,0.000,-1,0,1,1,1,2,1,1,2,1,2,2,0,1,1,1,0,2
106,-2295.787,7543.191,-7.189,150.815,-0.874017,-0.485502,-0.019537,0.480210,-0.869226,0.117659,-0.074106,0.093454,0.992862,1,0.00000,0.00000,4.800,0.006,-1,375.000,-1,400.000,-1,325.000,325.000,325.000,325.000,-1,625.000,475.000,650.000,750.000,775.000,-1,-1,2,0,2,0,2,0,0,0,0,2,1,1,1,0,0,2,2
107,-2291.587,7540.868,-6.834,151.055,-0.876037,-0.481845,-0.019630,0.476566,-0.871232,0.117643,-0.073788,0.093704,0.992862,0,-0.08000,0.12000,-4.800,0.240,-1,375.000,-1,400.000,-1,325.000,325.000,325.000,325.000,-1,600.000,475.000,650.000,750.000,775.000,-1,-1,2,0,2,0,2,0,0,0,0,2,1,1,1,0,0,2,2
108,-2283.147,7536.291,-6.130,151.535,-0.880029,-0.474507,-0.019814,0.469253,-0.875197,0.117611,-0.073148,0.094203,0.992862,0,-0.16000,0.24000,-9.600,0.480,-1,375.000,-1,400.000,-1,325.000,325.000,325.000,325.000,-1,575.000,450.000,625.000,750.000,775.000,-1,-1,2,0,2,0,2,0,0,0,0,2,1,1,1,0,0,2,2
109,-2270.403,7529.586,-5.089,152.255,-0.885902,-0.463439,-0.020080,0.458224,-0.881027,0.117567,-0.072177,0.094952,0.992862,0,-0.24000,0.36000,-14.400,0.720,-1,375.000,-1,400.000,-1,325.000,325.000,325.000,325.000,-1,550.000,450.000,625.000,725.000,775.000,-1,-1,2,0,2,0,2,0,0,0,0,2,1,1,1,0,0,2,2
110,-2253.263,7520.932,-3.730,153.215,-0.893515,-0.448569,-0.020421,0.443408,-0.888583,0.117515,-0.070859,0.095947,0.992861,0,-0.32000,0.48000,-19.200,0.960,-1,375.000,-1,400.000,-1,325.000,325.000,325.000,325.000,-1,525.000,425.000,625.000,725.000,750.000,-1,-1,2,0,2,0,2,0,0,0,0,2,1,1,1,0,0,2,2
111,-2231.616,7510.565,-2.075,154.415,-0.902679,-0.429810,-0.020822,0.424717,-0.897674,0.117460,-0.069177,0.097185,0.992859,0,-0.40000,0.60000,-24.000,1.200,-1,375.000,-1,400.000,-1,325.000,325.000,325.000,325.000,-1,475.000,375.000,600.000,725.000,750.000,-1,-1,2,0,2,0,2,0,0,0,0,2,1,1,1,0,0,2,2
112,-2205.386,7498.669,-0.137,155.607,-0.911392,-0.410990,-0.021277,0.405960,-0.906318,0.117409,-0.067538,0.098368,0.992856,0,-0.48000,0.59617,-28.800,1.192,-1,375.000,-1,400.000,-1,325.000,325.000,325.000,325.000,-1,450.000,350.000,575.000,725.000,750.000,-1,-1,2,0,2,0,2,0,0,0,0,2,1,1,1,0,0,2,2
113,-2174.508,7485.418,2.069,156.777,-0.919559,-0.392347,-0.021780,0.387375,-0.914421,0.117368,-0.065965,0.099489,0.992850,0,-0.56000,0.58521,-33.600,1.170,-1,375.000,-1,400.000,-1,325.000,325.000,325.000,325.000,-1,400.000,325.000,550.000,725.000,750.000,-1,-1,2,0,2,0,2,0,0,0,0,2,1,1,1,0,0,2,2
114,-2139.630,7471.270,4.477,157.922,-0.927176,-0.373960,-0.022313,0.369039,-0.921977,0.117343,-0.064453,0.100563,0.992841,0,-0.62729,0.57236,-37.637,1.145,-1,375.000,-1,400.000,-1,300.000,325.000,325.000,325.000,-1,350.000,275.000,525.000,725.000,750.000,-1,-1,2,0,2,0,2,0,0,0,0,2,1,1,1,0,0,2,2
115,-2103.915,7457.585,6.859,159.038,-0.934246,-0.355897,-0.022823,0.351026,-0.928985,0.117338,-0.062963,0.101611,0.992830,0,-0.63743,0.55792,-38.246,1.116,-1,375.000,-1,400.000,-1,300.000,325.000,325.000,325.000,-1,300.000,225.000,500.000,725.000,750.000,-1,-1,2,0,2,0,2,0,0,0,0,2,1,1,1,0,0,2,2
116,-2067.370,7444.372,9.218,160.124,-0.940791,-0.338184,-0.023305,0.333364,-0.935468,0.117333,-0.061482,0.102617,0.992819,0,-0.64766,0.54320,-38.859,1.086,-1,375.000,-1,375.000,-1,300.000,325.000,325.000,325.000,-1,250.000,200.000,475.000,725.000,750.000,-1,-1,2,0,2,0,2,0,0,0,0,2,1,1,1,0,0,2,2
117,-2030.002,7431.636,11.569,161.181,-0.946833,-0.320849,-0.023736,0.316087,-0.941455,0.117264,-0.059970,0.103526,0.992817,0,-0.65795,0.52822,-39.477,1.056,-1,375.000,-1,375.000,-1,300.000,325.000,325.000,325.000,-1,225.000,150.000,425.000,725.000,750.000,-1,-1,2,0,2,0,2,0,0,0,0,2,1,1,1,0,0,2,2
118,-1991.822,7419.390,15.711,162.207,-0.952122,-0.304117,-0.031241,0.298979,-0.947599,0.112549,-0.063831,0.097820,0.993155,0,-0.66827,0.51298,-40.096,1.026,-1,375.000,-1,375.000,-1,300.000,300.000,300.000,325.000,-1,200.000,125.000,425.000,700.000,725.000,-1,-1,2,0,2,0,2,0,0,0,0,2,1,1,1,0,0,2,2
119,-1952.840,7407.632,20.409,163.202,-0.956811,-0.287831,-0.040818,0.282294,-0.953446,0.106068,-0.069447,0.089965,0.993521,0,-0.67860,0.49748,-40.716,0.995,-1,375.000,-1,375.000,-1,300.000,300.000,300.000,350.000,-1,225.000,125.000,450.000,675.000,725.000,-1,-1,2,0,2,0,2,0,0,0,0,2,1,1,1,0,0,2,2
120,-1913.073,7396.361,25.117,164.165,-0.960995,-0.271947,-0.050323,0.266137,-0.958818,0.099188,-0.075225,0.081926,0.993795,0,-0.68890,0.48173,-41.334,0.963,-1,350.000,-1,375.000,-1,300.000,300.000,300.000,375.000,-1,225.000,125.000,450.000,625.000,700.000,-1,-1,2,0,2,0,2,0,0,0,0,2,1,1,1,0,0,2,2
121,-1872.536,7385.580,29.939,165.097,-0.964710,-0.256474,-0.059627,0.250470,-0.963677,0.092692,-0.081234,0.074486,0.993908,0,-0.69912,0.46575,-41.947,0.931,-1,350.000,-1,375.000,-1,300.000,300.000,275.000,400.000,-1,250.000,125.000,475.000,600.000,700.000,-1,-1,2,0,2,0,2,0,0,0,0,2,1,1,1,0,0,2,2
122,-1831.248,7375.287,35.315,165.996,-0.967901,-0.241410,-0.069922,0.235016,-0.967941,0.088645,-0.089081,0.069367,0.993606,0,-0.70920,0.44954,-42.552,0.899,900.000,325.000,-1,375.000,-1,275.000,300.000,275.000,425.000,-1,325.000,125.000,475.000,575.000,675.000,900.000,-1,0,0,2,0,2,0,0,0,0,2,1,1,1,0,0,0,2
123,-1789.234,7365.485,40.637,166.862,-0.970638,-0.226830,-0.080067,0.220173,-0.971830,0.084082,-0.096884,0.063984,0.993237,0,-0.71908,0.43313,-43.145,0.866,725.000,325.000,-1,375.000,-1,275.000,300.000,275.000,450.000,-1,-1,125.000,500.000,550.000,650.000,750.000,-1,0,0,2,0,2,0,0,0,0,2,2,1,1,0,0,0,2
124,-1746.520,7356.172,45.907,167.695,-0.972947,-0.212750,-0.090065,0.205962,-0.975363,0.079040,-0.104661,0.058352,0.992795,0,-0.72865,0.41654,-43.719,0.833,600.000,325.000,-1,375.000,-1,275.000,300.000,275.000,475.000,-1,-1,150.000,525.000,525.000,650.000,625.000,-1,0,0,2,0,2,0,0,0,1,2,2,1,1,0,0,0,2
125,-1708.385,7348.413,50.518,168.495,-0.974981,-0.199175,-0.098703,0.192387,-0.978512,0.074176,-0.111356,0.053331,0.992349,0,-0.64865,0.39979,-38.919,0.800,525.000,325.000,-1,350.000,-1,275.000,275.000,275.000,475.000,-1,-1,150.000,525.000,500.000,625.000,550.000,-1,0,0,2,0,2,0,0,0,1,2,2,1,1,0,0,0,2
126,-1674.864,7342.060,54.511,169.265,-0.976796,-0.186051,-0.106089,0.179353,-0.981320,0.069602,-0.117057,0.048959,0.991918,0,-0.56865,0.38494,-34.119,0.770,450.000,300.000,-1,350.000,-1,275.000,275.000,275.000,475.000,-1,-1,175.000,-1,500.000,625.000,500.000,-1,0,0,2,0,2,0,0,0,1,2,2,1,2,0,0,0,2
127,-1645.991,7336.975,57.920,170.009,-0.978441,-0.173324,-0.112302,0.166770,-0.983824,0.065408,-0.121822,0.045270,0.991519,0,-0.48865,0.37197,-29.319,0.744,425.000,300.000,-1,350.000,-1,275.000,275.000,275.000,450.000,-1,-1,175.000,-1,475.000,600.000,450.000,-1,0,0,2,0,2,0,0,0,1,2,2,1,2,0,0,0,2
128,-1621.794,7333.026,60.771,170.730,-0.979957,-0.160939,-0.117400,0.154553,-0.986058,0.061671,-0.125689,0.042291,0.991168,0,-0.40865,0.36086,-24.519,0.722,400.000,300.000,-1,350.000,-1,275.000,275.000,275.000,450.000,-1,-1,175.000,-1,475.000,600.000,425.000,-1,0,0,2,0,2,0,0,0,1,2,2,1,2,0,0,0,2
129,-1602.296,7330.089,63.081,171.433,-0.981379,-0.148839,-0.121419,0.142619,-0.988050,0.058453,-0.128668,0.040048,0.990879,0,-0.32865,0.35160,-19.719,0.703,375.000,300.000,-1,350.000,-1,250.000,275.000,275.000,450.000,-1,-1,175.000,-1,450.000,600.000,400.000,-1,0,0,2,0,2,0,0,0,1,2,2,1,2,0,0,0,2
130,-1587.519,7328.045,64.864,172.122,-0.982736,-0.136967,-0.124378,0.130892,-0.989825,0.055807,-0.130756,0.038563,0.990664,0,-0.24865,0.34415,-14.919,0.688,350.000,300.000,-1,350.000,-1,250.000,275.000,275.000,450.000,-1,-1,175.000,-1,450.000,600.000,375.000,-1,0,0,2,0,2,0,0,0,1,2,2,1,2,0,0,0,2
131,-1577.480,7326.776,66.126,172.799,-0.984054,-0.125264,-0.126279,0.119298,-0.991401,0.053779,-0.131930,0.037856,0.990536,0,-0.16865,0.33852,-10.119,0.677,350.000,300.000,-1,350.000,-1,250.000,275.000,275.000,475.000,-1,-1,175.000,-1,450.000,575.000,375.000,-1,0,0,2,0,2,0,0,0,1,2,2,1,2,0,0,0,2
132,-1572.196,7326.171,66.870,173.468,-0.985353,-0.113673,-0.127112,0.107770,-0.992793,0.052410,-0.132154,0.037943,0.990503,0,-0.08865,0.33470,-5.319,0.669,350.000,300.000,-1,350.000,-1,250.000,275.000,275.000,475.000,-1,-1,150.000,-1,450.000,575.000,375.000,-1,0,0,2,0,2,0,0,0,1,2,2,1,2,0,0,0,2
133,-1571.680,7326.118,67.094,174.134,-0.986649,-0.102133,-0.126855,0.096243,-0.994012,0.051738,-0.131379,0.038838,0.990571,0,-0.00865,0.33268,-0.519,0.665,350.000,300.000,-1,350.000,-1,250.000,275.000,275.000,475.000,-1,-1,150.000,-1,450.000,575.000,375.000,-1,0,0,2,0,2,0,0,0,1,2,2,1,2,0,0,0,2
134,-1575.943,7326.505,66.795,174.799,-0.987952,-0.090584,-0.125477,0.084656,-0.995063,0.051801,-0.129550,0.040554,0.990743,0,0.07135,0.33249,4.281,0.665,350.000,300.000,-1,350.000,-1,250.000,275.000,275.000,475.000,-1,-1,125.000,-1,450.000,575.000,375.000,-1,0,0,2,0,2,0,0,0,1,2,2,1,2,0,0,0,2
135,-1584.995,7327.222,65.867,175.467,-0.989307,-0.078962,-0.122624,0.072925,-0.995930,0.052974,-0.126308,0.043465,0.991038,0,0.15135,0.33413,9.081,0.668,375.000,300.000,-1,350.000,-1,250.000,275.000,275.000,500.000,-1,-1,125.000,-1,450.000,575.000,375.000,-1,0,0,2,0,2,0,0,0,1,2,2,1,2,0,0,0,2
136,-1598.843,7328.154,64.346,176.142,-0.990689,-0.067207,-0.118400,0.061017,-0.996611,0.055160,-0.121706,0.047422,0.991433,0,0.23135,0.33763,13.881,0.675,375.000,300.000,-1,350.000,-1,250.000,275.000,275.000,500.000,-1,-1,100.000,-1,475.000,575.000,400.000,-1,0,0,2,0,2,0,0,0,1,2,2,1,2,0,0,0,2
137,-1617.494,7329.185,62.295,176.828,-0.992058,-0.055256,-0.112990,0.048912,-0.997108,0.058165,-0.115877,0.052177,0.991892,0,0.31135,0.34304,18.681,0.686,425.000,300.000,-1,350.000,-1,275.000,275.000,275.000,525.000,-1,-1,100.000,-1,475.000,575.000,450.000,-1,0,0,2,0,2,0,0,0,1,2,2,1,2,0,0,0,2
138,-1640.952,7330.194,59.715,177.529,-0.993393,-0.043044,-0.106381,0.036578,-0.997406,0.062002,-0.108774,0.057702,0.992390,0,0.39135,0.35038,23.481,0.701,475.000,300.000,-1,350.000,-1,275.000,275.000,275.000,525.000,-1,300.000,75.000,-1,500.000,600.000,475.000,-1,0,0,2,0,2,0,0,0,0,2,1,1,2,0,0,0,2
