timestep,x_cm,y_cm,z_cm,yaw_deg,basis_xx,basis_xy,basis_xz,basis_yx,basis_yy,basis_yz,basis_zx,basis_zy,basis_zz,teleport_flag,throttle_cmd,steering_cmd,cmd_move_cm,cmd_turn_deg,lidar_cm_0,lidar_cm_1,lidar_cm_2,lidar_cm_3,lidar_cm_4,lidar_cm_5,lidar_cm_6,lidar_cm_7,lidar_cm_8,lidar_cm_9,lidar_cm_10,lidar_cm_11,lidar_cm_12,lidar_cm_13,lidar_cm_14,lidar_cm_15,lidar_cm_16,lidar_class_0,lidar_class_1,lidar_class_2,lidar_class_3,lidar_class_4,lidar_class_5,lidar_class_6,lidar_class_7,lidar_class_8,lidar_class_9,lidar_class_10,lidar_class_11,lidar_class_12,lidar_class_13,lidar_class_14,lidar_class_15,lidar_class_16
0,982.072,-6235.792,-100.791,67.685,0.380145,-0.924926,0.001136,0.923823,0.379631,-0.049307,0.045174,0.019793,0.998783,1,-0.08000,0.12000,-4.800,0.240,-1,400.000,-1,375.000,900.000,325.000,300.000,300.000,300.000,-1,600.000,675.000,-1,750.000,650.000,-1,-1,2,0,2,0,0,0,0,0,0,2,0,0,2,0,0,2,2
1,978.502,-6244.704,-101.233,68.165,0.372392,-0.928074,0.001564,0.926978,0.371869,-0.049254,0.045130,0.019792,0.998785,0,-0.16000,0.24000,-9.600,0.480,-1,400.000,-1,375.000,925.000,325.000,300.000,300.000,300.000,-1,600.000,675.000,-1,750.000,650.000,-1,-1,2,0,2,0,0,0,0,0,0,2,0,0,2,0,0,2,2
2,973.314,-6258.137,-101.897,68.885,0.360714,-0.932674,0.002197,0.931587,0.360177,-0.049169,0.045068,0.019783,0.998788,0,-0.24000,0.36000,-14.400,0.720,-1,400.000,-1,375.000,925.000,325.000,300.000,300.000,300.000,-1,600.000,700.000,-1,775.000,650.000,-1,-1,2,0,2,0,0,0,0,0,0,2,0,0,2,0,0,2,2
3,966.698,-6276.161,-102.783,69.845,0.345054,-0.938578,0.003023,0.937504,0.344501,-0.049047,0.044993,0.019758,0.998792,0,-0.32000,0.48000,-19.200,0.960,-1,400.000,-1,375.000,925.000,325.000,300.000,300.000,300.000,-1,600.000,700.000,-1,775.000,650.000,-1,-1,2,0,2,0,0,0,0,0,0,2,0,0,2,0,0,2,2
4,958.902,-6298.860,-103.894,71.045,0.325342,-0.945588,0.004026,0.944529,0.324769,-0.048880,0.044913,0.019706,0.998797,0,-0.40000,0.60000,-24.000,1.200,-1,400.000,-1,375.000,950.000,325.000,300.000,300.000,300.000,-1,625.000,700.000,-1,775.000,650.000,-1,-1,2,0,2,0,0,0,0,0,0,2,0,0,2,0,0,2,2
5,950.720,-6324.786,-105.152,72.485,0.301496,-0.953454,0.005119,0.952412,0.300905,-0.048667,0.044862,0.019548,0.998802,0,-0.45310,0.72000,-27.186,1.440,-1,400.000,-1,375.000,950.000,325.000,300.000,300.000,300.000,-1,625.000,700.000,-1,775.000,650.000,-1,-1,2,0,2,0,0,0,0,0,0,2,0,0,2,0,0,2,2
6,943.302,-6350.940,-106.407,74.165,0.273427,-0.961873,0.006151,0.960845,0.272825,-0.048417,0.044893,0.019149,0.998808,0,-0.45310,0.84000,-27.186,1.680,-1,400.000,-1,375.000,975.000,325.000,325.000,300.000,300.000,-1,650.000,725.000,-1,775.000,650.000,-1,-1,2,0,2,0,0,0,0,0,0,2,0,0,2,0,0,2,2
7,936.764,-6377.329,-107.663,76.085,0.241054,-0.970486,0.007115,0.969468,0.240448,-0.048129,0.044997,0.018499,0.998816,0,-0.45310,0.96000,-27.186,1.920,-1,400.000,-1,375.000,1000.000,325.000,325.000,300.000,275.000,-1,650.000,750.000,-1,775.000,675.000,-1,-1,2,0,2,0,0,0,0,0,0,2,0,0,2,0,0,2,2
8,931.137,-6403.926,-108.924,78.054,0.207558,-0.978190,0.008016,0.977182,0.206953,-0.047818,0.045116,0.017758,0.998824,0,-0.45310,0.98484,-27.186,1.970,-1,400.000,-1,375.000,-1,325.000,325.000,300.000,275.000,-1,675.000,750.000,-1,775.000,675.000,-1,-1,2,0,2,0,2,0,0,0,0,2,0,0,2,0,0,2,2
9,926.427,-6430.702,-110.190,80.024,0.173815,-0.984738,0.008853,0.983739,0.173212,-0.047494,0.045236,0.016965,0.998832,0,-0.45310,0.98484,-27.186,1.970,-1,400.000,-1,375.000,-1,325.000,325.000,300.000,275.000,-1,700.000,775.000,-1,775.000,675.000,-1,-1,2,0,2,0,2,0,0,0,0,2,0,0,2,0,0,2,2
10,922.641,-6457.623,-111.463,81.994,0.139864,-0.990124,0.009626,0.989131,0.139265,-0.047160,0.045354,0.016117,0.998841,0,-0.45310,0.98484,-27.186,1.970,-1,400.000,-1,375.000,-1,325.000,325.000,300.000,275.000,-1,725.000,775.000,-1,775.000,675.000,-1,-1,2,0,2,0,2,0,0,0,0,2,0,0,2,0,0,2,2
11,919.782,-6484.659,-112.740,83.963,0.105745,-0.994340,0.010330,0.993353,0.105153,-0.046820,0.045469,0.015212,0.998850,0,-0.45310,0.98484,-27.186,1.970,-1,400.000,-1,375.000,-1,325.000,325.000,300.000,275.000,-1,725.000,775.000,-1,775.000,675.000,-1,-1,2,0,2,0,2,0,0,0,0,2,0,0,2,0,0,2,2
12,917.854,-6511.777,-114.023,85.933,0.071497,-0.997381,0.010963,0.996399,0.070916,-0.046478,0.045579,0.014247,0.998859,0,-0.45310,0.98484,-27.186,1.970,-1,400.000,-1,375.000,-1,325.000,325.000,300.000,275.000,-1,725.000,750.000,-1,775.000,675.000,-1,-1,2,0,2,0,2,0,0,0,0,2,0,0,2,0,0,2,2
13,916.859,-6538.945,-115.310,87.903,0.037163,-0.999243,0.011524,0.998265,0.036594,-0.046137,0.045681,0.013219,0.998869,0,-0.45310,0.98484,-27.186,1.970,-1,400.000,-1,375.000,-1,325.000,325.000,300.000,275.000,-1,725.000,725.000,-1,775.000,700.000,-1,-1,2,0,2,0,2,0,0,0,0,2,0,0,2,0,0,2,2
14,916.799,-6566.131,-116.581,89.872,0.002776,-0.999925,0.011898,0.998945,0.002228,-0.045867,0.045837,0.012013,0.998877,0,-0.45310,0.98484,-27.186,1.970,-1,400.000,-1,375.000,-1,325.000,325.000,300.000,275.000,-1,700.000,700.000,-1,775.000,700.000,-1,-1,2,0,2,0,2,0,0,0,0,2,0,0,2,0,0,2,2
15,917.531,-6588.505,-117.469,91.872,-0.032154,-0.999409,0.012133,0.998447,-0.032671,-0.045132,0.045502,0.010663,0.998907,0,-0.37310,1.00000,-22.386,2.000,-1,400.000,-1,375.000,-1,325.000,325.000,300.000,275.000,-1,675.000,700.000,-1,775.000,700.000,-1,-1,2,0,2,0,2,0,0,0,0,2,0,0,2,0,0,2,2
16,918.719,-6606.052,-118.176,93.872,-0.067046,-0.997674,0.012309,0.996725,-0.067531,-0.044490,0.045218,0.009286,0.998934,0,-0.29310,1.00000,-17.586,2.000,-1,400.000,-1,400.000,-1,325.000,325.000,300.000,275.000,-1,675.000,675.000,-1,775.000,700.000,-1,-1,2,0,2,0,2,0,0,0,0,2,0,0,2,0,0,2,2
17,920.027,-6618.771,-118.709,95.872,-0.101855,-0.994721,0.012456,0.993781,-0.102309,-0.043963,0.045005,0.007901,0.998956,0,-0.21310,1.00000,-12.786,2.000,-1,400.000,-1,400.000,-1,325.000,325.000,300.000,275.000,-1,675.000,675.000,-1,775.000,725.000,-1,-1,2,0,2,0,2,0,0,0,0,2,0,0,2,0,0,2,2
18,921.121,-6626.682,-119.068,97.872,-0.136538,-0.990555,0.012613,0.989619,-0.136963,-0.043546,0.044862,0.006536,0.998972,0,-0.13310,1.00000,-7.986,2.000,-1,400.000,-1,400.000,-1,325.000,325.000,300.000,275.000,-1,675.000,650.000,-1,775.000,725.000,-1,-1,2,0,2,0,2,0,0,0,0,2,0,0,2,0,0,2,2
19,921.667,-6629.821,-119.255,99.872,-0.171051,-0.985179,0.012817,0.984244,-0.171451,-0.043226,0.044783,0.005221,0.998983,0,-0.05310,1.00000,-3.186,2.000,-1,400.000,-1,400.000,-1,325.000,325.000,300.000,275.000,-1,675.000,650.000,-1,775.000,725.000,-1,-1,2,0,2,0,2,0,0,0,0,2,0,0,2,0,0,2,2
20,921.336,-6628.242,-119.270,101.872,-0.205351,-0.978601,0.013103,0.977664,-0.205730,-0.042990,0.044766,0.003982,0.998990,0,0.02690,1.00000,1.614,2.000,-1,400.000,-1,400.000,-1,325.000,325.000,300.000,275.000,-1,675.000,650.000,-1,775.000,725.000,-1,-1,2,0,2,0,2,0,0,0,0,2,0,0,2,0,0,2,2
21,919.798,-6622.015,-119.046,103.872,-0.239409,-0.970829,0.013202,0.969894,-0.239759,-0.042676,0.044596,0.002587,0.999002,0,0.10690,1.00000,6.414,2.000,-1,400.000,-1,400.000,-1,325.000,325.000,300.000,275.000,-1,675.000,675.000,-1,775.000,750.000,-1,-1,2,0,2,0,2,0,0,0,0,2,0,0,2,0,0,2,2
22,916.731,-6611.229,-118.611,105.872,-0.273176,-0.961873,0.013240,0.960941,-0.273495,-0.042336,0.044343,0.001158,0.999016,0,0.18690,1.00000,11.214,2.000,-1,400.000,-1,400.000,-1,325.000,325.000,300.000,275.000,-1,675.000,675.000,-1,775.000,750.000,-1,-1,2,0,2,0,2,0,0,0,0,2,0,0,2,0,0,2,2
23,911.817,-6595.988,-117.946,107.872,-0.306613,-0.951743,0.013218,0.950808,-0.306897,-0.042166,0.044188,-0.000361,0.999023,0,0.26690,1.00000,16.014,2.000,-1,400.000,-1,400.000,-1,325.000,325.000,300.000,275.000,-1,700.000,675.000,-1,750.000,750.000,-1,-1,2,0,2,0,2,0,0,0,0,2,0,0,2,0,0,2,2
24,904.742,-6576.413,-117.094,109.872,-0.339670,-0.940451,0.013275,0.939514,-0.339925,-0.042008,0.044019,-0.001797,0.999029,0,0.34690,1.00000,20.814,2.000,-1,400.000,-1,400.000,-1,325.000,325.000,300.000,275.000,-1,725.000,675.000,-1,750.000,750.000,-1,-1,2,0,2,0,2,0,0,0,0,2,0,0,2,0,0,2,2
25,895.199,-6552.643,-116.063,111.872,-0.372308,-0.928012,0.013446,0.927074,-0.372538,-0.041826,0.043825,-0.003107,0.999034,0,0.42690,1.00000,25.614,2.000,-1,400.000,-1,400.000,-1,325.000,325.000,300.000,275.000,-1,750.000,675.000,-1,750.000,750.000,-1,-1,2,0,2,0,2,0,0,0,0,2,0,0,2,0,0,2,2
26,882.891,-6524.831,-114.764,113.872,-0.404495,-0.914440,0.013546,0.913486,-0.404696,-0.042000,0.043888,-0.004615,0.999026,0,0.50690,1.00000,30.414,2.000,-1,400.000,-1,400.000,-1,325.000,325.000,300.000,275.000,-1,775.000,650.000,-1,725.000,750.000,-1,-1,2,0,2,0,2,0,0,0,0,2,0,0,2,0,0,2,2
27,867.525,-6493.147,-113.070,115.872,-0.436205,-0.899748,0.013364,0.898741,-0.436357,-0.043096,0.044607,-0.006788,0.998982,0,0.58690,1.00000,35.214,2.000,-1,400.000,-1,400.000,-1,325.000,325.000,300.000,275.000,-1,725.000,650.000,-1,725.000,750.000,-1,-1,2,0,2,0,2,0,0,0,0,2,0,0,2,0,0,2,2
28,848.818,-6457.775,-111.127,117.872,-0.467366,-0.883959,0.013578,0.882911,-0.467486,-0.043864,0.045121,-0.008513,0.998945,0,0.66690,1.00000,40.014,2.000,-1,400.000,-1,400.000,-1,325.000,325.000,300.000,275.000,-1,725.000,650.000,-1,725.000,775.000,-1,-1,2,0,2,0,2,0,0,0,0,2,0,0,2,0,0,2,2
29,828.778,-6422.885,-109.183,119.872,-0.497944,-0.867095,0.014059,0.866018,-0.498045,-0.044310,0.045423,-0.009888,0.998919,0,0.67060,1.00000,40.236,2.000,-1,400.000,-1,400.000,-1,325.000,325.000,300.000,275.000,-1,725.000,650.000,-1,725.000,775.000,-1,-1,2,0,2,0,2,0,0,0,0,2,0,0,2,0,0,2,2
30,807.532,-6388.716,-107.292,121.872,-0.527907,-0.849175,0.014703,0.848075,-0.527996,-0.044607,0.045643,-0.011079,0.998896,0,0.67060,1.00000,40.236,2.000,-1,400.000,-1,400.000,-1,325.000,325.000,300.000,300.000,-1,725.000,650.000,-1,725.000,800.000,-1,-1,2,0,2,0,2,0,0,0,0,2,0,0,2,0,0,2,2
31,785.107,-6355.309,-105.457,123.872,-0.557219,-0.830221,0.015497,0.829102,-0.557304,-0.044742,0.045782,-0.012083,0.998878,0,0.67060,1.00000,40.236,2.000,-1,400.000,-1,400.000,-1,325.000,325.000,300.000,300.000,-1,725.000,650.000,-1,725.000,800.000,-1,-1,2,0,2,0,2,0,0,0,0,2,0,0,2,0,0,2,2
32,761.529,-6322.705,-103.713,125.872,-0.585851,-0.810256,0.016255,0.809127,-0.585931,-0.044692,0.045737,-0.013031,0.998869,0,0.67060,1.00000,40.236,2.000,-1,375.000,-1,400.000,-1,325.000,325.000,300.000,300.000,-1,725.000,650.000,-1,700.000,825.000,-1,-1,2,0,2,0,2,0,0,0,0,2,0,0,2,0,0,2,2
33,736.828,-6290.943,-102.010,127.872,-0.613757,-0.789306,0.017244,0.788172,-0.613847,-0.044469,0.045685,-0.013702,0.998862,0,0.67060,1.00000,40.236,2.000,-1,375.000,-1,400.000,-1,325.000,325.000,300.000,300.000,-1,725.000,675.000,-1,700.000,825.000,-1,-1,2,0,2,0,2,0,0,0,0,2,0,0,2,0,0,2,2
34,711.033,-6260.063,-100.141,129.872,-0.640862,-0.767407,0.019542,0.766258,-0.641023,-0.044027,0.046313,-0.013241,0.998839,0,0.67060,1.00000,40.236,2.000,-1,375.000,-1,400.000,-1,325.000,325.000,300.000,300.000,-1,725.000,650.000,-1,700.000,825.000,-1,-1,2,0,2,0,2,0,0,0,0,2,0,0,2,0,0,2,2
35,684.177,-6230.102,-98.332,131.872,-0.667178,-0.744575,0.021953,0.743421,-0.667420,-0.043300,0.046892,-0.012568,0.998821,0,0.67060,1.00000,40.236,2.000,-1,375.000,-1,425.000,-1,325.000,325.000,300.000,300.000,-1,725.000,650.000,-1,700.000,825.000,-1,-1,2,0,2,0,2,0,0,0,0,2,0,0,2,0,0,2,2
36,656.291,-6201.097,-96.585,133.872,-0.692674,-0.720837,0.024454,0.719690,-0.693007,-0.042279,0.047424,-0.011686,0.998807,0,0.67060,1.00000,40.236,2.000,-1,375.000,-1,425.000,-1,325.000,325.000,300.000,300.000,-1,700.000,600.000,-1,700.000,825.000,-1,-1,2,0,2,0,2,0,0,0,0,2,0,0,2,0,0,2,2
37,627.410,-6173.082,-94.876,135.872,-0.717324,-0.696220,0.026911,0.695095,-0.717749,-0.040975,0.047843,-0.010687,0.998798,0,0.67060,1.00000,40.236,2.000,-1,375.000,-1,425.000,-1,325.000,325.000,300.000,300.000,-1,700.000,550.000,1000.000,700.000,800.000,-1,-1,2,0,2,0,2,0,0,0,0,2,0,0,0,0,0,2,2
38,594.136,-6142.733,-92.979,137.632,-0.738277,-0.673857,0.029398,0.672772,-0.738804,-0.039318,0.048214,-0.009250,0.998794,0,0.75060,0.88000,45.036,1.760,-1,375.000,-1,400.000,-1,325.000,325.000,300.000,275.000,-1,725.000,525.000,1000.000,700.000,800.000,-1,-1,2,0,2,0,2,0,0,0,0,2,0,0,0,0,0,2,2
39,556.438,-6110.138,-90.676,139.152,-0.755841,-0.654028,0.030853,0.653003,-0.756426,-0.037515,0.047874,-0.008209,0.998820,0,0.83060,0.76000,49.836,1.520,-1,375.000,-1,400.000,-1,325.000,325.000,300.000,275.000,-1,725.000,550.000,1000.000,700.000,800.000,-1,-1,2,0,2,0,2,0,0,0,0,2,0,0,0,0,0,2,2
40,515.991,-6076.716,-88.194,140.432,-0.770231,-0.636972,0.031777,0.636018,-0.770853,-0.035604,0.047174,-0.007212,0.998861,0,0.87448,0.64000,52.469,1.280,-1,375.000,-1,400.000,-1,325.000,325.000,300.000,275.000,-1,775.000,600.000,-1,675.000,775.000,-1,-1,2,0,2,0,2,0,0,0,0,2,0,0,2,0,0,2,2
41,474.944,-6044.033,-85.801,141.472,-0.781629,-0.622882,0.032782,0.622004,-0.782294,-0.033566,0.046553,-0.005845,0.998899,0,0.87448,0.52000,52.469,1.040,-1,375.000,-1,400.000,-1,325.000,325.000,300.000,275.000,-1,825.000,625.000,-1,675.000,775.000,-1,-1,2,0,2,0,2,0,0,0,0,2,0,0,2,0,0,2,2
42,433.444,-6011.927,-83.470,142.272,-0.790207,-0.611904,0.033866,0.611106,-0.790921,-0.031522,0.046074,-0.004214,0.998929,0,0.87448,0.40000,52.469,0.800,-1,375.000,-1,400.000,-1,300.000,325.000,300.000,275.000,-1,875.000,675.000,-1,650.000,750.000,-1,-1,2,0,2,0,2,0,0,0,0,2,0,0,2,0,0,2,2
43,391.633,-5980.228,-80.652,142.832,-0.796102,-0.604144,0.035091,0.603307,-0.796863,-0.032083,0.047346,-0.004371,0.998869,0,0.87448,0.28000,52.469,0.560,-1,375.000,-1,400.000,-1,300.000,325.000,300.000,275.000,-1,875.000,675.000,-1,650.000,775.000,-1,-1,2,0,2,0,2,0,0,0,0,2,0,0,2,0,0,2,2
44,349.646,-5948.763,-77.910,143.152,-0.799407,-0.599684,0.036424,0.598814,-0.800226,-0.032577,0.048683,-0.004231,0.998805,0,0.87448,0.16000,52.469,0.320,-1,375.000,-1,400.000,-1,325.000,325.000,300.000,300.000,-1,875.000,700.000,-1,650.000,775.000,-1,-1,2,0,2,0,2,0,0,0,0,2,0,0,2,0,0,2,2
45,307.614,-5917.356,-75.242,143.232,-0.800179,-0.598567,0.037831,0.597668,-0.801064,-0.033010,0.050064,-0.003804,0.998739,0,0.87448,0.04000,52.469,0.080,-1,375.000,-1,400.000,-1,325.000,325.000,300.000,300.000,-1,875.000,700.000,-1,650.000,800.000,-1,-1,2,0,2,0,2,0,0,0,0,2,0,0,2,0,0,2,2
46,265.671,-5885.833,-72.650,143.072,-0.798431,-0.600803,0.039279,0.599883,-0.799391,-0.033386,0.051458,-0.003093,0.998670,0,0.87448,-0.08000,52.469,-0.160,-1,375.000,-1,400.000,-1,325.000,325.000,300.000,300.000,-1,875.000,725.000,-1,650.000,800.000,-1,-1,2,0,2,0,2,0,0,0,0,2,0,0,2,0,0,2,2
47,223.948,-5854.017,-70.009,142.672,-0.794138,-0.606372,0.040725,0.605470,-0.795180,-0.033087,0.052447,-0.001618,0.998622,0,0.87448,-0.20000,52.469,-0.400,-1,375.000,-1,400.000,-1,325.000,325.000,275.000,300.000,-1,925.000,750.000,-1,650.000,800.000,-1,-1,2,0,2,0,2,0,0,0,0,2,0,0,2,0,0,2,2
48,182.584,-5821.737,-67.135,142.032,-0.787231,-0.615216,0.042152,0.614426,-0.788357,-0.031201,0.052426,0.001337,0.998624,0,0.87448,-0.32000,52.469,-0.640,-1,375.000,-1,400.000,-1,325.000,325.000,275.000,300.000,-1,1000.000,825.000,-1,650.000,775.000,-1,-1,2,0,2,0,2,0,0,0,0,2,0,0,2,0,0,2,2
49,141.720,-5788.826,-64.413,141.152,-0.777599,-0.627246,0.043602,0.626556,-0.778810,-0.029729,0.052605,0.004202,0.998607,0,0.87448,-0.44000,52.469,-0.880,-1,375.000,-1,400.000,-1,325.000,325.000,300.000,300.000,-1,-1,875.000,-1,650.000,775.000,-1,-1,2,0,2,0,2,0,0,0,0,2,2,0,2,0,0,2,2
50,101.507,-5755.123,-61.763,140.032,-0.765095,-0.642338,0.045063,0.641756,-0.766387,-0.028284,0.052704,0.007279,0.998584,0,0.87448,-0.56000,52.469,-1.120,-1,375.000,-1,400.000,-1,325.000,325.000,300.000,300.000,-1,-1,950.000,-1,650.000,750.000,-1,-1,2,0,2,0,2,0,0,0,0,2,2,0,2,0,0,2,2
51,62.104,-5720.475,-58.882,138.672,-0.749443,-0.660318,0.048113,0.659887,-0.750893,-0.026616,0.053703,0.011802,0.998487,0,0.87448,-0.68000,52.469,-1.360,-1,375.000,-1,400.000,-1,325.000,325.000,300.000,300.000,-1,-1,1000.000,-1,650.000,750.000,-1,-1,2,0,2,0,2,0,0,0,0,2,2,0,2,0,0,2,2
52,23.685,-5684.741,-56.013,137.072,-0.730488,-0.680979,0.051531,0.680723,-0.732111,-0.025078,0.054804,0.016759,0.998356,0,0.87448,-0.80000,52.469,-1.600,-1,375.000,-1,400.000,-1,325.000,325.000,300.000,300.000,-1,-1,-1,-1,675.000,750.000,-1,-1,2,0,2,0,2,0,0,0,0,2,2,2,2,0,0,2,2
53,-13.568,-5647.791,-53.229,135.232,-0.708005,-0.704066,0.054962,0.704002,-0.709799,-0.023798,0.055768,0.021845,0.998205,0,0.87448,-0.92000,52.469,-1.840,-1,375.000,-1,400.000,-1,325.000,325.000,300.000,300.000,-1,-1,-1,-1,675.000,750.000,-1,-1,2,0,2,0,2,0,0,0,0,2,2,2,2,0,0,2,2
54,-49.509,-5609.565,-50.542,133.232,-0.682751,-0.728318,0.058346,0.728458,-0.684710,-0.022829,0.056577,0.026916,0.998035,0,0.87448,-1.00000,52.469,-2.000,-1,375.000,-1,400.000,-1,325.000,325.000,300.000,300.000,-1,-1,-1,-1,700.000,750.000,-1,-1,2,0,2,0,2,0,0,0,0,2,2,2,2,0,0,2,2
55,-84.094,-5570.107,-47.753,131.232,-0.656736,-0.751682,0.060586,0.751992,-0.658798,-0.022226,0.056621,0.030963,0.997915,0,0.87448,-1.00000,52.469,-2.000,-1,375.000,-1,400.000,-1,325.000,325.000,300.000,300.000,-1,-1,-1,-1,700.000,750.000,-1,-1,2,0,2,0,2,0,0,0,0,2,2,2,2,0,0,2,2
56,-114.398,-5533.310,-45.076,129.472,-0.633258,-0.771496,0.061473,0.771917,-0.635347,-0.021886,0.055941,0.033593,0.997869,0,0.79448,-0.88000,47.669,-1.760,-1,375.000,-1,400.000,-1,325.000,325.000,300.000,300.000,-1,-1,-1,-1,700.000,750.000,-1,-1,2,0,2,0,2,0,0,0,0,2,2,2,2,0,0,2,2
57,-140.764,-5499.508,-42.740,127.952,-0.612501,-0.788017,0.062216,0.788532,-0.614612,-0.021664,0.055310,0.035790,0.997828,0,0.71448,-0.76000,42.869,-1.520,-1,375.000,-1,400.000,-1,325.000,325.000,300.000,300.000,-1,-1,-1,-1,700.000,750.000,-1,-1,2,0,2,0,2,0,0,0,0,2,2,2,2,0,0,2,2
58,-163.501,-5468.974,-40.721,126.672,-0.594688,-0.801497,0.062837,0.802090,-0.596816,-0.021523,0.054753,0.037601,0.997792,0,0.63448,-0.64000,38.069,-1.280,-1,375.000,-1,400.000,-1,325.000,325.000,300.000,300.000,-1,-1,-1,-1,700.000,750.000,-1,-1,2,0,2,0,2,0,0,0,0,2,2,2,2,0,0,2,2
59,-182.884,-5441.934,-38.994,125.632,-0.579998,-0.812152,0.063335,0.812808,-0.582137,-0.021430,0.054274,0.039050,0.997762,0,0.55448,-0.52000,33.269,-1.040,-1,375.000,-1,400.000,-1,325.000,325.000,300.000,300.000,-1,-1,-1,-1,700.000,750.000,-1,-1,2,0,2,0,2,0,0,0,0,2,2,2,2,0,0,2,2
60,-199.145,-5418.566,-37.544,124.832,-0.568566,-0.820164,0.063746,0.820870,-0.570716,-0.021360,0.053899,0.040183,0.997738,0,0.47448,-0.40000,28.469,-0.800,-1,375.000,-1,400.000,-1,325.000,325.000,275.000,275.000,-1,-1,-1,-1,725.000,750.000,-1,-1,2,0,2,0,2,0,0,0,0,2,2,2,2,0,0,2,2
61,-212.474,-5399.007,-36.356,124.272,-0.560495,-0.825674,0.064090,0.826419,-0.562653,-0.021293,0.053641,0.041031,0.997717,0,0.39448,-0.28000,23.669,-0.560,-1,375.000,-1,400.000,-1,325.000,325.000,275.000,275.000,-1,-1,-1,-1,725.000,750.000,-1,-1,2,0,2,0,2,0,0,0,0,2,2,2,2,0,0,2,2
62,-223.013,-5383.356,-35.418,123.952,-0.555853,-0.828784,0.064375,0.829557,-0.558019,-0.021213,0.053504,0.041612,0.997700,0,0.31448,-0.16000,18.869,-0.320,-1,375.000,-1,400.000,-1,325.000,325.000,275.000,275.000,-1,-1,-1,-1,725.000,750.000,-1,-1,2,0,2,0,2,0,0,0,0,2,2,2,2,0,0,2,2
63,-230.854,-5371.674,-34.721,123.872,-0.554681,-0.829551,0.064609,0.830342,-0.556854,-0.021110,0.053490,0.041938,0.997687,0,0.23448,-0.04000,14.069,-0.080,-1,375.000,-1,400.000,-1,325.000,325.000,275.000,275.000,-1,-1,-1,-1,725.000,750.000,-1,-1,2,0,2,0,2,0,0,0,0,2,2,2,2,0,0,2,2
64,-236.042,-5363.993,-34.261,124.032,-0.556987,-0.827990,0.064791,0.828790,-0.559167,-0.020977,0.053598,0.042014,0.997678,0,0.15448,0.08000,9.269,0.160,-1,375.000,-1,400.000,-1,325.000,325.000,275.000,275.000,-1,-1,-1,-1,725.000,750.000,-1,-1,2,0,2,0,2,0,0,0,0,2,2,2,2,0,0,2,2
65,-238.569,-5360.307,-34.034,124.432,-0.562752,-0.824072,0.064919,0.824871,-0.564938,-0.020812,0.053825,0.041838,0.997674,0,0.07448,0.20000,4.469,0.400,-1,375.000,-1,400.000,-1,325.000,325.000,275.000,275.000,-1,-1,-1,-1,725.000,750.000,-1,-1,2,0,2,0,2,0,0,0,0,2,2,2,2,0,0,2,2
66,-238.378,-5360.578,-34.043,125.072,-0.571928,-0.817726,0.064983,0.818513,-0.574118,-0.020614,0.054164,0.041399,0.997673,0,-0.00552,0.32000,-0.331,0.640,-1,375.000,-1,400.000,-1,325.000,325.000,275.000,275.000,-1,-1,-1,-1,725.000,750.000,-1,-1,2,0,2,0,2,0,0,0,0,2,2,2,2,0,0,2,2
67,-235.371,-5364.735,-34.294,125.878,-0.583379,-0.809598,0.064963,0.810365,-0.585570,-0.020415,0.054568,0.040734,0.997679,0,-0.08552,0.40266,-5.131,0.805,-1,375.000,-1,400.000,-1,325.000,325.000,275.000,275.000,-1,-1,-1,-1,725.000,750.000,-1,-1,2,0,2,0,2,0,0,0,0,2,2,2,2,0,0,2,2
68,-229.438,-5372.700,-34.793,126.683,-0.594722,-0.801313,0.064835,0.802052,-0.596910,-0.020275,0.054947,0.039943,0.997690,0,-0.16552,0.40266,-9.931,0.805,-1,375.000,-1,400.000,-1,325.000,325.000,275.000,275.000,-1,-1,-1,-1,725.000,750.000,-1,-1,2,0,2,0,2,0,0,0,0,2,2,2,2,0,0,2,2
69,-220.472,-5384.388,-35.549,127.488,-0.605954,-0.792873,0.064593,0.793576,-0.608136,-0.020203,0.055300,0.039017,0.997707,0,-0.24552,0.40266,-14.731,0.805,-1,375.000,-1,400.000,-1,325.000,325.000,300.000,275.000,-1,-1,-1,-1,700.000,750.000,-1,-1,2,0,2,0,2,0,0,0,0,2,2,2,2,0,0,2,2
70,-209.792,-5397.914,-36.447,128.294,-0.617070,-0.784278,0.064282,0.784939,-0.619244,-0.020180,0.055633,0.038005,0.997728,0,-0.28723,0.40266,-17.234,0.805,-1,375.000,-1,400.000,-1,325.000,325.000,300.000,275.000,-1,-1,-1,-1,700.000,750.000,-1,-1,2,0,2,0,2,0,0,0,0,2,2,2,2,0,0,2,2
71,-198.922,-5411.288,-37.359,129.099,-0.628066,-0.775527,0.063955,0.776146,-0.630231,-0.020176,0.055954,0.036966,0.997749,0,-0.28723,0.40266,-17.234,0.805,-1,375.000,-1,400.000,-1,325.000,325.000,300.000,275.000,-1,-1,-1,-1,700.000,750.000,-1,-1,2,0,2,0,2,0,0,0,0,2,2,2,2,0,0,2,2
72,-187.866,-5424.508,-38.284,129.904,-0.638939,-0.766623,0.063612,0.767197,-0.641094,-0.020194,0.056262,0.035900,0.997770,0,-0.28723,0.40266,-17.234,0.805,-1,375.000,-1,400.000,-1,325.000,325.000,300.000,275.000,-1,-1,-1,-1,700.000,750.000,-1,-1,2,0,2,0,2,0,0,0,0,2,2,2,2,0,0,2,2
73,-176.625,-5437.572,-39.222,130.710,-0.649687,-0.757565,0.063254,0.758095,-0.651830,-0.020231,0.056557,0.034808,0.997792,0,-0.28723,0.40266,-17.234,0.805,-1,375.000,-1,400.000,-1,325.000,325.000,300.000,300.000,-1,-1,-1,-1,700.000,750.000,-1,-1,2,0,2,0,2,0,0,0,0,2,2,2,2,0,0,2,2
74,-165.202,-5450.476,-40.173,131.515,-0.660308,-0.748358,0.062881,0.748841,-0.662439,-0.020290,0.056839,0.033690,0.997815,0,-0.28723,0.40266,-17.234,0.805,-1,375.000,-1,400.000,-1,325.000,325.000,300.000,300.000,-1,-1,-1,-1,700.000,750.000,-1,-1,2,0,2,0,2,0,0,0,0,2,2,2,2,0,0,2,2
75,-153.598,-5463.219,-41.136,132.320,-0.670799,-0.739001,0.062495,0.739437,-0.672917,-0.020370,0.057107,0.032547,0.997837,0,-0.28723,0.40266,-17.234,0.805,-1,375.000,-1,400.000,-1,325.000,325.000,300.000,300.000,-1,-1,-1,-1,700.000,750.000,-1,-1,2,0,2,0,2,0,0,0,0,2,2,2,2,0,0,2,2
76,-141.816,-5475.797,-42.112,133.126,-0.681159,-0.729498,0.062094,0.729885,-0.683263,-0.020472,0.057361,0.031377,0.997860,0,-0.28723,0.40266,-17.234,0.805,-1,375.000,-1,400.000,-1,325.000,325.000,300.000,300.000,-1,-1,-1,-1,700.000,750.000,-1,-1,2,0,2,0,2,0,0,0,0,2,2,2,2,0,0,2,2
77,-129.859,-5488.208,-43.101,133.931,-0.691385,-0.719849,0.061681,0.720187,-0.693475,-0.020595,0.057600,0.030183,0.997883,0,-0.28723,0.40266,-17.234,0.805,-1,375.000,-1,400.000,-1,325.000,325.000,300.000,300.000,-1,-1,-1,-1,700.000,750.000,-1,-1,2,0,2,0,2,0,0,0,0,2,2,2,2,0,0,2,2
78,-117.729,-5500.450,-44.102,134.736,-0.701475,-0.710056,0.061256,0.710344,-0.703549,-0.020741,0.057824,0.028963,0.997907,0,-0.28723,0.40266,-17.234,0.805,-1,375.000,-1,400.000,-1,325.000,325.000,300.000,300.000,-1,-1,950.000,-1,700.000,750.000,-1,-1,2,0,2,0,2,0,0,0,0,2,2,0,2,0,0,2,2
79,-105.427,-5512.520,-45.114,135.542,-0.711428,-0.700122,0.060819,0.700359,-0.713485,-0.020910,0.058033,0.027719,0.997930,0,-0.28723,0.40266,-17.234,0.805,-1,375.000,-1,400.000,-1,325.000,325.000,300.000,300.000,-1,-1,875.000,-1,675.000,750.000,-1,-1,2,0,2,0,2,0,0,0,0,2,2,0,2,0,0,2,2
80,-92.957,-5524.416,-46.138,136.347,-0.721241,-0.690049,0.060370,0.690233,-0.723279,-0.021101,0.058225,0.026450,0.997953,0,-0.28723,0.40266,-17.234,0.805,-1,375.000,-1,400.000,-1,325.000,325.000,300.000,300.000,-1,-1,800.000,-1,675.000,750.000,-1,-1,2,0,2,0,2,0,0,0,0,2,2,0,2,0,0,2,2
81,-80.322,-5536.136,-47.174,137.152,-0.730911,-0.679838,0.059911,0.679969,-0.732931,-0.021316,0.058402,0.025158,0.997976,0,-0.28723,0.40266,-17.234,0.805,-1,375.000,-1,400.000,-1,325.000,325.000,300.000,300.000,-1,-1,750.000,-1,675.000,750.000,-1,-1,2,0,2,0,2,0,0,0,0,2,2,0,2,0,0,2,2
82,-67.522,-5547.677,-48.138,137.958,-0.740465,-0.669495,0.059059,0.669560,-0.742443,-0.021617,0.058320,0.023537,0.998020,0,-0.28723,0.40266,-17.234,0.805,-1,375.000,-1,400.000,-1,325.000,325.000,300.000,300.000,-1,-1,725.000,-1,675.000,750.000,-1,-1,2,0,2,0,2,0,0,0,0,2,2,0,2,0,0,2,2
83,-54.562,-5559.037,-49.021,138.763,-0.749900,-0.659024,0.057771,0.659008,-0.751813,-0.022030,0.057951,0.021551,0.998087,0,-0.28723,0.40266,-17.234,0.805,-1,375.000,-1,400.000,-1,325.000,325.000,300.000,300.000,-1,-1,725.000,-1,675.000,750.000,-1,-1,2,0,2,0,2,0,0,0,0,2,2,0,2,0,0,2,2
84,-41.443,-5570.213,-49.913,139.568,-0.759186,-0.648419,0.056476,0.648323,-0.761033,-0.022490,0.057563,0.019540,0.998151,0,-0.28723,0.40266,-17.234,0.805,-1,375.000,-1,400.000,-1,325.000,325.000,300.000,300.000,-1,-1,750.000,-1,675.000,750.000,-1,-1,2,0,2,0,2,0,0,0,0,2,2,0,2,0,0,2,2
85,-31.853,-5578.127,-50.564,140.466,-0.769331,-0.636434,0.055514,0.636272,-0.771127,-0.022832,0.057340,0.017757,0.998197,0,-0.20723,0.44896,-12.434,0.898,-1,375.000,-1,400.000,-1,325.000,325.000,300.000,300.000,-1,-1,750.000,-1,675.000,750.000,-1,-1,2,0,2,0,2,0,0,0,0,2,2,0,2,0,0,2,2
86,-25.889,-5582.894,-50.969,141.364,-0.779264,-0.624287,0.054891,0.624074,-0.781025,-0.023046,0.057259,0.016297,0.998226,0,-0.12723,0.44896,-7.634,0.898,-1,375.000,-1,400.000,-1,300.000,325.000,300.000,300.000,-1,-1,700.000,-1,675.000,750.000,-1,-1,2,0,2,0,2,0,0,0,0,2,2,0,2,0,0,2,2
87,-23.648,-5584.628,-51.122,142.262,-0.788983,-0.611982,0.054631,0.611734,-0.790726,-0.023106,0.057338,0.015189,0.998239,0,-0.04723,0.44896,-2.834,0.898,-1,375.000,-1,400.000,-1,300.000,325.000,300.000,300.000,-1,-1,675.000,-1,650.000,750.000,-1,-1,2,0,2,0,2,0,0,0,0,2,2,0,2,0,0,2,2
88,-25.221,-5583.449,-51.020,143.160,-0.798484,-0.599522,0.054738,0.599255,-0.800228,-0.022987,0.057585,0.014447,0.998236,0,0.03277,0.44896,1.966,0.898,-1,375.000,-1,400.000,-1,300.000,325.000,300.000,300.000,-1,-1,625.000,-1,650.000,725.000,-1,-1,2,0,2,0,2,0,0,0,0,2,2,0,2,0,0,2,2
89,-30.699,-5579.478,-50.662,144.058,-0.807767,-0.586911,0.055214,0.586642,-0.809529,-0.022668,0.058001,0.014080,0.998217,0,0.11277,0.44896,6.766,0.898,-1,375.000,-1,400.000,-1,300.000,325.000,300.000,300.000,-1,1000.000,575.000,-1,650.000,725.000,-1,-1,2,0,2,0,2,0,0,0,0,2,0,0,2,0,0,2,2
90,-40.168,-5572.836,-50.049,144.956,-0.816827,-0.574152,0.056065,0.573899,-0.818627,-0.022123,0.058598,0.014105,0.998182,0,0.19277,0.44896,11.566,0.898,-1,375.000,-1,400.000,-1,300.000,325.000,300.000,300.000,-1,900.000,525.000,-1,650.000,725.000,-1,-1,2,0,2,0,2,0,0,0,0,2,0,0,2,0,0,2,2
91,-53.713,-5563.650,-49.185,145.854,-0.825660,-0.561250,0.057306,0.561033,-0.827519,-0.021323,0.059389,0.014545,0.998129,0,0.27277,0.44896,16.366,0.898,-1,375.000,-1,400.000,-1,300.000,325.000,300.000,300.000,-1,800.000,500.000,-1,650.000,725.000,-1,-1,2,0,2,0,2,0,0,0,0,2,0,0,2,0,0,2,2
92,-71.415,-5552.046,-48.073,146.752,-0.834264,-0.548206,0.058945,0.548049,-0.836201,-0.020241,0.060386,0.015419,0.998056,0,0.35277,0.44896,21.166,0.898,-1,375.000,-1,400.000,-1,300.000,325.000,300.000,300.000,-1,725.000,475.000,1000.000,650.000,725.000,-1,-1,2,0,2,0,2,0,0,0,0,2,0,0,0,0,0,2,2
93,-93.351,-5538.151,-46.455,147.649,-0.842711,-0.535031,0.059832,0.534918,-0.844685,-0.019251,0.060839,0.015782,0.998023,0,0.43277,0.44896,25.966,0.898,-1,375.000,-1,400.000,-1,300.000,325.000,300.000,300.000,-1,700.000,475.000,1000.000,650.000,725.000,-1,-1,2,0,2,0,2,0,0,0,0,2,0,0,0,0,0,2,2
94,-119.596,-5522.098,-44.506,148.547,-0.850949,-0.521724,0.060735,0.521664,-0.852959,-0.018107,0.061251,0.016275,0.997990,0,0.51277,0.44896,30.766,0.898,-1,375.000,-1,375.000,-1,300.000,300.000,300.000,300.000,-1,700.000,475.000,1000.000,650.000,725.000,-1,-1,2,0,2,0,2,0,0,0,0,2,0,0,0,0,0,2,2
95,-150.224,-5504.018,-42.267,149.445,-0.858967,-0.508287,0.061801,0.508297,-0.861019,-0.016746,0.061724,0.017029,0.997948,0,0.59277,0.44896,35.566,0.898,-1,375.000,-1,375.000,-1,300.000,300.000,300.000,300.000,-1,700.000,500.000,1000.000,675.000,700.000,-1,-1,2,0,2,0,2,0,0,0,0,2,0,0,0,0,0,2,2
96,-185.302,-5484.045,-39.519,150.343,-0.866746,-0.494731,0.063185,0.494762,-0.868877,-0.016246,0.062938,0.017181,0.997870,0,0.67277,0.44896,40.366,0.898,-1,375.000,-1,375.000,-1,300.000,300.000,300.000,300.000,-1,675.000,500.000,-1,675.000,700.000,-1,-1,2,0,2,0,2,0,0,0,0,2,0,0,2,0,0,2,2
97,-224.897,-5462.314,-36.157,151.241,-0.874271,-0.481060,0.065048,0.481035,-0.876535,-0.017078,0.065233,0.016359,0.997736,0,0.75277,0.44896,45.166,0.898,-1,375.000,-1,375.000,-1,300.000,300.000,300.000,300.000,-1,650.000,500.000,-1,675.000,725.000,-1,-1,2,0,2,0,2,0,0,0,0,2,0,0,2,0,0,2,2
98,-269.072,-5438.963,-32.467,152.139,-0.881555,-0.467271,0.067226,0.467188,-0.883976,-0.017923,0.067802,0.015607,0.997577,0,0.83277,0.44896,49.966,0.898,-1,375.000,-1,375.000,-1,300.000,300.000,300.000,300.000,-1,625.000,500.000,-1,700.000,725.000,-1,-1,2,0,2,0,2,0,0,0,0,2,0,0,2,0,0,2,2
99,-317.885,-5414.131,-28.454,153.037,-0.888592,-0.453365,0.069739,0.453223,-0.891200,-0.018769,0.070660,0.014930,0.997389,0,0.91277,0.44896,54.766,0.898,-1,375.000,-1,375.000,-1,300.000,325.000,300.000,300.000,-1,625.000,500.000,-1,700.000,750.000,-1,-1,2,0,2,0,2,0,0,0,0,2,0,0,2,0,0,2,2
100,-368.761,-5388.982,-24.346,153.695,-0.893537,-0.443104,0.072456,0.442913,-0.896351,-0.019565,0.073615,0.014609,0.997180,0,0.94587,0.32896,56.752,0.658,-1,375.000,-1,400.000,-1,300.000,325.000,300.000,300.000,-1,600.000,500.000,-1,725.000,750.000,-1,-1,2,0,2,0,2,0,0,0,0,2,0,0,2,0,0,2,2
101,-419.818,-5364.204,-20.288,154.113,-0.896525,-0.436555,0.075254,0.436326,-0.899559,-0.020320,0.076566,0.014618,0.996957,0,0.94587,0.20896,56.752,0.418,-1,375.000,-1,400.000,-1,325.000,325.000,300.000,300.000,-1,600.000,500.000,-1,725.000,775.000,-1,-1,2,0,2,0,2,0,0,0,0,2,0,0,2,0,0,2,2
102,-470.953,-5339.584,-16.282,154.291,-0.897638,-0.433757,0.078102,0.433503,-0.900906,-0.021069,0.079502,0.014945,0.996723,0,0.94587,0.08896,56.752,0.178,-1,375.000,-1,400.000,-1,325.000,325.000,300.000,325.000,-1,550.000,425.000,-1,750.000,800.000,-1,-1,2,0,2,0,2,0,0,0,0,2,0,0,2,0,0,2,2
103,-522.061,-5314.910,-12.104,154.229,-0.896940,-0.434722,0.080716,0.434542,-0.900413,-0.020718,0.081685,0.016492,0.996522,0,0.94587,-0.03104,56.752,-0.062,-1,400.000,-1,400.000,-1,325.000,325.000,300.000,325.000,-1,500.000,400.000,-1,775.000,825.000,-1,-1,2,0,2,0,2,0,0,0,0,2,0,0,2,0,0,2,2
104,-573.038,-5289.967,-7.688,153.927,-0.894429,-0.439440,0.083008,0.439465,-0.898060,-0.018951,0.082874,0.019528,0.996369,0,0.94587,-0.15104,56.752,-0.302,-1,400.000,-1,400.000,-1,325.000,325.000,300.000,300.000,-1,500.000,400.000,-1,775.000,825.000,-1,-1,2,0,2,0,2,0,0,0,0,2,0,0,2,0,0,2,2
105,-623.777,-5264.543,-3.412,153.384,-0.890070,-0.447891,0.084669,0.448096,-0.893811,-0.017639,0.083579,0.022240,0.996253,0,0.94587,-0.27104,56.752,-0.542,-1,400.000,-1,400.000,-1,325.000,325.000,300.000,300.000,-1,525.000,425.000,-1,825.000,825.000,-1,-1,2,0,2,0,2,0,0,0,0,2,0,0,2,0,0,2,2
106,-674.164,-5238.429,0.822,152.602,-0.883705,-0.460016,0.086320,0.460423,-0.887550,-0.016326,0.084124,0.025316,0.996134,0,0.94587,-0.39104,56.752,-0.782,-1,400.000,-1,400.000,-1,325.000,325.000,300.000,300.000,-1,550.000,425.000,-1,875.000,850.000,-1,-1,2,0,2,0,2,0,0,0,0,2,0,0,2,0,0,2,2
107,-724.078,-5211.421,4.992,151.580,-0.875183,-0.475730,0.087957,0.476366,-0.879120,-0.014960,0.084441,0.028807,0.996012,0,0.94587,-0.51104,56.752,-1.022,-1,400.000,-1,400.000,-1,325.000,325.000,300.000,300.000,-1,575.000,450.000,-1,925.000,850.000,-1,-1,2,0,2,0,2,0,0,0,0,2,0,0,2,0,0,2,2
108,-773.384,-5183.319,9.668,150.318,-0.864545,-0.494952,0.087087,0.495681,-0.868383,-0.014570,0.082836,0.030571,0.996094,0,0.94587,-0.63104,56.752,-1.262,-1,400.000,-1,400.000,-1,325.000,325.000,300.000,300.000,-1,700.000,550.000,-1,950.000,850.000,-1,-1,2,0,2,0,2,0,0,0,0,2,0,0,2,0,0,2,2
109,-822.088,-5154.114,14.272,149.051,-0.853454,-0.514006,0.086110,0.514820,-0.857181,-0.014184,0.081102,0.032226,0.996185,0,0.94649,-0.63352,56.789,-1.267,-1,400.000,-1,400.000,-1,325.000,325.000,300.000,300.000,-1,825.000,675.000,-1,975.000,850.000,-1,-1,2,0,2,0,2,0,0,0,0,2,0,0,2,0,0,2,2
110,-870.327,-5123.716,18.735,147.782,-0.841933,-0.532831,0.085085,0.533759,-0.845531,-0.013357,0.079059,0.034169,0.996284,0,0.95031,-0.63459,57.018,-1.269,-1,400.000,-1,400.000,-1,325.000,325.000,300.000,300.000,-1,-1,800.000,-1,1000.000,850.000,-1,-1,2,0,2,0,2,0,0,0,0,2,2,0,2,0,0,2,2
111,-918.075,-5092.127,23.111,146.511,-0.829983,-0.551417,0.084065,0.552465,-0.833445,-0.012354,0.076875,0.036189,0.996384,0,0.95419,-0.63553,57.251,-1.271,-1,400.000,-1,400.000,-1,325.000,325.000,300.000,300.000,-1,-1,1000.000,-1,1000.000,850.000,-1,-1,2,0,2,0,2,0,0,0,0,2,2,0,2,0,1,2,2
112,-965.303,-5059.350,27.417,145.238,-0.817609,-0.569750,0.083067,0.570918,-0.820930,-0.011278,0.074618,0.038203,0.996480,0,0.95813,-0.63636,57.488,-1.273,-1,400.000,-1,400.000,-1,325.000,325.000,300.000,300.000,-1,-1,-1,-1,-1,850.000,-1,-1,2,0,2,0,2,0,0,0,0,2,2,2,2,2,1,2,2
113,-1011.985,-5025.390,31.651,143.964,-0.804817,-0.587817,0.082097,0.589104,-0.807994,-0.010130,0.072289,0.040211,0.996573,0,0.96213,-0.63707,57.728,-1.274,-1,400.000,-1,400.000,-1,325.000,325.000,300.000,300.000,-1,-1,-1,-1,-1,825.000,-1,-1,2,0,2,0,2,0,0,0,0,2,2,2,2,2,1,2,2
114,-1058.093,-4990.252,35.808,142.689,-0.791616,-0.605604,0.081160,0.607008,-0.794646,-0.008911,0.069890,0.042210,0.996661,0,0.96618,-0.63764,57.971,-1.275,-1,425.000,-1,400.000,-1,325.000,325.000,300.000,300.000,-1,-1,-1,-1,-1,800.000,-1,-1,2,0,2,0,2,0,0,0,0,2,2,2,2,2,1,2,2
115,-1103.600,-4953.942,39.781,141.413,-0.778005,-0.623110,0.080259,0.624593,-0.780908,-0.008162,0.067761,0.043779,0.996741,0,0.97029,-0.63808,58.217,-1.276,-1,425.000,-1,400.000,-1,325.000,325.000,300.000,300.000,-1,-1,-1,-1,975.000,775.000,-1,-1,2,0,2,0,2,0,0,0,0,2,2,2,2,1,1,2,2
116,-1148.477,-4916.467,43.620,140.136,-0.764003,-0.640317,0.079331,0.641860,-0.766784,-0.007576,0.065681,0.045131,0.996820,0,0.97445,-0.63838,58.467,-1.277,-1,425.000,-1,400.000,-1,325.000,325.000,300.000,300.000,-1,-1,-1,-1,950.000,725.000,-1,1000.000,2,0,2,0,2,0,0,0,0,2,2,2,2,1,1,2,1
117,-1192.698,-4877.835,47.310,138.859,-0.749673,-0.657221,0.077784,0.658790,-0.752294,-0.007023,0.063132,0.045979,0.996946,0,0.97865,-0.63853,58.719,-1.277,-1,450.000,975.000,400.000,-1,350.000,325.000,300.000,300.000,-1,-1,-1,-1,925.000,700.000,-1,950.000,2,0,1,0,2,0,0,0,0,2,2,2,2,1,1,2,1
118,-1236.235,-4838.054,50.657,137.582,-0.735089,-0.673834,0.074780,0.675347,-0.737471,-0.006594,0.059591,0.045656,0.997178,0,0.98290,-0.63852,58.974,-1.277,-1,450.000,900.000,400.000,-1,350.000,325.000,300.000,300.000,-1,-1,-1,-1,900.000,675.000,1000.000,900.000,2,0,1,0,2,0,0,0,0,2,2,2,2,1,1,1,1
119,-1279.059,-4797.135,53.583,136.305,-0.720252,-0.690146,0.070249,0.691527,-0.722324,-0.006200,0.055021,0.044114,0.997510,0,0.98719,-0.63835,59.231,-1.277,950.000,425.000,825.000,400.000,-1,350.000,325.000,300.000,300.000,-1,-1,-1,-1,850.000,625.000,925.000,875.000,1,0,1,0,2,0,0,0,0,2,2,2,2,1,1,1,1
120,-1321.146,-4755.089,56.437,135.029,-0.705028,-0.706101,0.066014,0.707375,-0.706817,-0.005531,0.050565,0.042797,0.997803,0,0.99151,-0.63800,59.490,-1.276,875.000,425.000,750.000,400.000,-1,325.000,325.000,300.000,300.000,-1,-1,-1,-1,800.000,575.000,875.000,825.000,1,0,1,1,2,0,0,0,0,2,2,2,2,1,1,1,1
121,-1362.467,-4711.929,59.215,133.754,-0.689430,-0.721686,0.062093,0.722875,-0.690963,-0.004609,0.046230,0.041708,0.998060,0,0.99586,-0.63747,59.751,-1.275,775.000,425.000,675.000,375.000,-1,325.000,325.000,300.000,300.000,-1,-1,-1,-1,700.000,550.000,800.000,775.000,1,0,1,1,2,0,1,0,0,2,2,2,2,1,1,1,1
122,-1402.986,-4667.678,61.863,132.481,-0.673462,-0.736884,0.058741,0.738018,-0.674772,-0.003436,0.042169,0.041039,0.998267,0,1.00000,-0.63674,60.000,-1.273,725.000,425.000,600.000,350.000,-1,325.000,300.000,300.000,300.000,-1,-1,-1,-1,600.000,500.000,750.000,725.000,1,0,1,1,2,1,1,0,0,2,2,2,2,1,1,1,1
123,-1442.514,-4622.539,64.330,131.209,-0.657149,-0.751680,0.055963,0.752792,-0.658256,-0.001817,0.038203,0.040934,0.998431,0,1.00000,-0.63579,60.000,-1.272,650.000,400.000,550.000,325.000,-1,300.000,275.000,325.000,300.000,-1,-1,-1,-1,525.000,450.000,675.000,675.000,1,1,1,1,2,1,1,0,0,2,2,2,2,1,1,1,1
124,-1481.033,-4576.536,66.706,129.940,-0.640522,-0.766073,0.053519,0.767172,-0.641441,0.000002,0.034328,0.041060,0.998567,0,1.00000,-0.63462,60.000,-1.269,600.000,350.000,475.000,300.000,-1,275.000,250.000,325.000,300.000,-1,-1,-1,-1,450.000,425.000,600.000,625.000,1,1,1,1,2,1,1,0,0,2,2,2,2,1,1,1,1
125,-1518.526,-4529.693,68.989,128.673,-0.623600,-0.780051,0.051419,0.781146,-0.624345,0.001996,0.030546,0.041410,0.998675,0,1.00000,-0.63319,60.000,-1.266,550.000,300.000,400.000,275.000,-1,250.000,225.000,325.000,300.000,-1,-1,-1,-1,375.000,375.000,525.000,575.000,1,1,1,1,2,1,1,0,0,2,2,2,2,1,1,1,1
126,-1554.977,-4482.034,71.140,127.410,-0.606402,-0.793609,0.049617,0.794700,-0.606989,0.003945,0.026986,0.041823,0.998761,0,1.00000,-0.63150,60.000,-1.263,500.000,250.000,350.000,250.000,-1,200.000,200.000,325.000,300.000,-1,-1,-1,-1,300.000,325.000,425.000,525.000,1,1,1,1,2,1,1,0,0,2,2,2,2,1,1,1,1
127,-1590.372,-4433.586,73.124,126.151,-0.588945,-0.806743,0.048059,0.807824,-0.589397,0.005657,0.023762,0.042155,0.998828,0,1.00000,-0.62951,60.000,-1.259,425.000,200.000,300.000,225.000,-1,175.000,175.000,325.000,300.000,-1,-1,-1,-1,250.000,275.000,325.000,450.000,1,1,1,1,2,1,1,0,0,2,2,2,2,1,1,1,1
128,-1624.698,-4384.375,74.676,124.897,-0.571231,-0.819481,0.046329,0.820501,-0.571615,0.005792,0.021736,0.041321,0.998909,0,1.00000,-0.62719,60.000,-1.254,325.000,150.000,225.000,175.000,-1,125.000,150.000,325.000,300.000,-1,-1,-1,-1,175.000,225.000,250.000,400.000,1,1,1,1,2,1,1,0,0,2,2,2,2,1,1,1,1
129,-1655.106,-4338.303,82.277,123.403,-0.547713,-0.832969,0.078565,0.835625,-0.549298,0.001706,0.041735,0.066585,0.996908,0,0.92000,-0.74719,55.200,-1.494,275.000,150.000,225.000,175.000,-1,125.000,150.000,400.000,275.000,-1,-1,-1,-1,175.000,225.000,200.000,400.000,1,1,1,1,2,1,1,0,0,2,2,2,2,1,1,1,1
130,-1640.033,-4263.558,103.485,93.005,-0.036758,-0.985576,0.165192,0.994840,-0.051732,-0.087276,0.094563,0.161132,0.982392,1,0.00000,0.00000,50.400,-1.734,125.000,300.000,-1,625.000,-1,350.000,575.000,500.000,250.000,-1,150.000,0.000,400.000,375.000,-1,150.000,-1,1,1,2,0,2,1,0,1,0,2,0,0,0,1,2,1,2
131,-1640.310,-4258.767,103.988,93.245,-0.040437,-0.985013,0.167674,0.994537,-0.055841,-0.088193,0.096234,0.163192,0.981890,0,0.08000,0.12000,4.800,0.240,125.000,300.000,-1,625.000,-1,350.000,575.000,500.000,250.000,-1,150.000,0.000,400.000,375.000,-1,150.000,-1,1,1,2,0,2,1,0,1,0,2,0,0,0,1,2,1,2
132,-1640.945,-4249.189,105.012,93.725,-0.047753,-0.983811,0.172732,0.993879,-0.064045,-0.090010,0.099616,0.167376,0.980848,0,0.16000,0.24000,9.600,0.480,125.000,300.000,-1,650.000,-1,350.000,575.000,500.000,250.000,-1,150.000,0.000,375.000,375.000,-1,150.000,-1,1,1,2,0,2,1,0,1,0,2,0,0,0,1,2,1,2
133,-1642.079,-4234.835,106.596,94.445,-0.058619,-0.981818,0.180547,0.992766,-0.076317,-0.092685,0.104779,0.173808,0.979190,0,0.24000,0.36000,14.400,0.720,125.000,275.000,-1,650.000,-1,350.000,600.000,500.000,250.000,-1,150.000,0.000,350.000,350.000,-1,150.000,-1,1,1,2,0,2,1,1,1,0,2,0,0,0,1,2,1,2
134,-1643.913,-4215.725,108.791,95.405,-0.072892,-0.978802,0.191399,0.991051,-0.092604,-0.096140,0.111826,0.182678,0.976793,0,0.32000,0.48000,19.200,0.960,125.000,275.000,-1,675.000,-1,325.000,575.000,500.000,225.000,-1,150.000,0.000,300.000,350.000,-1,150.000,-1,1,1,2,0,2,1,1,1,0,2,0,0,0,1,2,1,2
135,-1646.709,-4191.891,111.671,96.605,-0.090361,-0.974441,0.205668,0.988545,-0.112827,-0.100248,0.120890,0.194254,0.973474,0,0.40000,0.60000,24.000,1.200,125.000,275.000,-1,700.000,-1,325.000,575.000,500.000,225.000,-1,150.000,0.000,275.000,350.000,-1,125.000,-1,1,1,2,0,2,1,1,1,0,2,0,0,0,1,2,1,2
