timestep,x_cm,y_cm,z_cm,yaw_deg,basis_xx,basis_xy,basis_xz,basis_yx,basis_yy,basis_yz,basis_zx,basis_zy,basis_zz,teleport_flag,throttle_cmd,steering_cmd,cmd_move_cm,cmd_turn_deg,lidar_cm_0,lidar_cm_1,lidar_cm_2,lidar_cm_3,lidar_cm_4,lidar_cm_5,lidar_cm_6,lidar_cm_7,lidar_cm_8,lidar_cm_9,lidar_cm_10,lidar_cm_11,lidar_cm_12,lidar_cm_13,lidar_cm_14,lidar_cm_15,lidar_cm_16,lidar_class_0,lidar_class_1,lidar_class_2,lidar_class_3,lidar_class_4,lidar_class_5,lidar_class_6,lidar_class_7,lidar_class_8,lidar_class_9,lidar_class_10,lidar_class_11,lidar_class_12,lidar_class_13,lidar_class_14,lidar_class_15,lidar_class_16
0,8202.360,8195.577,241.782,-48.097,0.667679,0.744160,-0.020771,-0.742684,0.667756,0.050230,0.051249,-0.018112,0.998522,1,0.08000,0.12000,4.800,0.240,-1,425.000,-1,400.000,-1,325.000,325.000,325.000,300.000,-1,975.000,825.000,-1,1000.000,875.000,-1,-1,2,0,2,0,2,0,0,0,0,2,1,1,2,0,0,2,2
1,8208.831,8188.486,242.228,-47.617,0.673906,0.738534,-0.020451,-0.737081,0.673961,0.049878,0.050619,-0.018539,0.998546,0,0.16000,0.24000,9.600,0.480,-1,425.000,-1,400.000,-1,325.000,325.000,325.000,300.000,-1,975.000,825.000,-1,1000.000,875.000,-1,-1,2,0,2,0,2,0,0,0,0,2,1,1,2,0,0,2,2
2,8218.661,8177.964,242.897,-46.950,0.682481,0.730631,-0.019957,-0.729213,0.682505,0.049346,0.049674,-0.019125,0.998582,0,0.24000,0.33348,14.400,0.667,-1,425.000,-1,400.000,-1,325.000,325.000,325.000,300.000,-1,975.000,825.000,-1,1000.000,875.000,-1,-1,2,0,2,0,2,0,0,0,0,2,1,1,2,0,0,2,2
3,8231.931,8164.088,243.731,-46.279,0.691029,0.722572,-0.019226,-0.721186,0.691007,0.048989,0.048683,-0.019987,0.998614,0,0.32000,0.33567,19.200,0.671,-1,425.000,-1,400.000,-1,325.000,325.000,325.000,300.000,-1,1000.000,850.000,-1,1000.000,875.000,-1,-1,2,0,2,0,2,0,0,0,0,2,1,1,2,0,0,2,2
4,8248.723,8146.940,244.741,-45.602,0.699562,0.714338,-0.018271,-0.712986,0.699484,0.048713,0.047579,-0.021051,0.998646,0,0.40000,0.33860,24.000,0.677,-1,425.000,-1,400.000,-1,325.000,325.000,325.000,300.000,-1,1000.000,875.000,-1,1000.000,875.000,-1,-1,2,0,2,0,2,0,0,0,0,2,1,1,2,0,0,2,2
5,8269.117,8126.605,245.974,-44.917,0.708099,0.705910,-0.016923,-0.704601,0.707948,0.048453,0.046185,-0.022386,0.998682,0,0.48000,0.34228,28.800,0.685,-1,425.000,-1,400.000,-1,325.000,325.000,325.000,300.000,-1,-1,900.000,-1,1000.000,875.000,-1,-1,2,0,2,0,2,0,0,0,0,2,2,1,2,0,0,2,2
6,8293.195,8103.171,247.396,-44.224,0.716649,0.697266,-0.015296,-0.696008,0.716414,0.048196,0.044564,-0.023894,0.998721,0,0.56000,0.34672,33.600,0.693,-1,425.000,-1,400.000,-1,325.000,325.000,325.000,300.000,-1,-1,925.000,-1,1000.000,875.000,-1,-1,2,0,2,0,2,0,0,0,0,2,2,1,2,0,0,2,2
7,8321.041,8076.728,248.986,-43.520,0.725221,0.688385,-0.013437,-0.687188,0.724897,0.047932,0.042736,-0.025528,0.998760,0,0.64000,0.35194,38.400,0.704,-1,425.000,-1,400.000,-1,325.000,325.000,300.000,300.000,-1,-1,950.000,-1,1000.000,900.000,-1,-1,2,0,2,0,2,0,0,0,0,2,2,1,2,0,0,2,2
8,8352.736,8047.375,250.732,-42.804,0.733826,0.679243,-0.011347,-0.678118,0.733407,0.047654,0.040691,-0.027275,0.998799,0,0.72000,0.35793,43.200,0.716,-1,425.000,-1,400.000,-1,325.000,325.000,300.000,300.000,-1,-1,1000.000,-1,1000.000,900.000,-1,-1,2,0,2,0,2,0,0,0,0,2,2,1,2,0,0,2,2
9,8388.365,8015.211,252.620,-42.075,0.742472,0.669817,-0.009029,-0.668775,0.741955,0.047356,0.038419,-0.029122,0.998837,0,0.80000,0.36470,48.000,0.729,-1,425.000,-1,400.000,-1,325.000,325.000,300.000,300.000,-1,-1,-1,-1,1000.000,925.000,-1,-1,2,0,2,0,2,0,0,0,0,2,2,2,2,0,0,2,2
10,8428.014,7980.342,254.637,-41.330,0.751167,0.660081,-0.006482,-0.659135,0.750552,0.047027,0.035907,-0.031053,0.998873,0,0.88000,0.37225,52.800,0.745,-1,425.000,-1,425.000,-1,350.000,325.000,300.000,300.000,-1,-1,-1,-1,-1,925.000,-1,-1,2,0,2,0,2,0,0,0,0,2,2,2,2,2,0,2,2
11,8471.785,7942.902,256.467,-40.544,0.760234,0.649646,-0.002174,-0.648854,0.759463,0.046950,0.032152,-0.034283,0.998895,0,0.96000,0.39331,57.600,0.787,-1,425.000,-1,425.000,-1,325.000,325.000,300.000,300.000,-1,-1,-1,-1,1000.000,925.000,-1,-1,2,0,2,0,2,0,0,0,0,2,2,2,2,0,0,2,2
12,8516.869,7905.381,258.059,-39.770,0.768976,0.639273,0.002337,-0.638677,0.768091,0.046130,0.027694,-0.036966,0.998933,0,0.97758,0.38675,58.655,0.774,-1,425.000,-1,425.000,-1,325.000,325.000,300.000,300.000,-1,-1,-1,-1,1000.000,925.000,-1,-1,2,0,2,0,2,0,0,0,0,2,2,2,2,0,0,2,2
13,8562.426,7868.478,259.577,-39.010,0.777401,0.628968,0.006816,-0.628577,0.776427,0.045299,0.023200,-0.039500,0.998950,0,0.97716,0.37998,58.629,0.760,-1,425.000,-1,425.000,-1,325.000,325.000,300.000,300.000,-1,-1,-1,-1,975.000,925.000,-1,-1,2,0,2,0,2,0,0,0,0,2,2,2,2,0,0,2,2
14,8608.416,7832.207,260.969,-38.264,0.785514,0.618747,0.010971,-0.618556,0.784483,0.044441,0.018891,-0.041695,0.998952,0,0.97620,0.37313,58.572,0.746,-1,425.000,-1,425.000,-1,325.000,325.000,300.000,300.000,-1,-1,-1,-1,975.000,925.000,-1,-1,2,0,2,0,2,0,0,0,0,2,2,2,2,0,0,2,2
15,8654.794,7796.580,261.895,-37.531,0.793327,0.608651,0.013249,-0.608591,0.792309,0.043159,0.015772,-0.042303,0.998980,0,0.97471,0.36627,58.483,0.733,-1,425.000,-1,425.000,-1,325.000,325.000,300.000,300.000,-1,-1,-1,-1,975.000,950.000,-1,-1,2,0,2,0,2,0,0,0,0,2,2,2,2,0,0,2,2
16,8701.520,7761.609,262.726,-36.813,0.800863,0.598647,0.015481,-0.598712,0.799863,0.042000,0.012761,-0.042905,0.998998,0,0.97273,0.35944,58.364,0.719,-1,400.000,-1,425.000,-1,325.000,325.000,300.000,300.000,-1,-1,-1,-1,975.000,950.000,-1,-1,2,0,2,0,2,0,0,0,0,2,2,2,2,0,0,2,2
17,8748.557,7727.305,263.402,-36.103,0.808162,0.588695,0.017680,-0.588882,0.807200,0.040572,0.009613,-0.043200,0.999020,0,0.97029,0.35456,58.217,0.709,-1,400.000,-1,425.000,-1,325.000,325.000,300.000,300.000,-1,-1,-1,-1,975.000,950.000,-1,-1,2,0,2,0,2,0,0,0,0,2,2,2,2,0,0,2,2
18,8795.871,7693.681,263.755,-35.400,0.815259,0.578754,0.019903,-0.579067,0.814392,0.038034,0.005803,-0.042533,0.999078,0,0.96741,0.35182,58.045,0.704,-1,400.000,-1,425.000,-1,325.000,325.000,300.000,300.000,-1,-1,-1,-1,950.000,925.000,-1,-1,2,0,2,0,2,0,0,0,0,2,2,2,2,0,0,2,2
19,8843.431,7660.748,264.039,-34.701,0.822184,0.568792,0.022110,-0.569218,0.821417,0.035579,0.002075,-0.041838,0.999122,0,0.96416,0.34952,57.850,0.699,-1,400.000,-1,425.000,-1,325.000,325.000,300.000,300.000,-1,-1,-1,-1,950.000,925.000,-1,-1,2,0,2,0,2,0,0,0,0,2,2,2,2,0,0,2,2
20,8891.210,7628.514,264.255,-34.005,0.828947,0.558799,0.024299,-0.559325,0.828283,0.033207,-0.001570,-0.041118,0.999153,0,0.96059,0.34766,57.635,0.695,-1,400.000,-1,400.000,-1,325.000,325.000,300.000,300.000,-1,-1,-1,-1,950.000,925.000,-1,-1,2,0,2,0,2,0,0,0,0,2,2,2,2,0,0,2,2
21,8939.183,7596.986,264.402,-33.313,0.835558,0.548764,0.026467,-0.549378,0.835002,0.030916,-0.005134,-0.040373,0.999171,0,0.95676,0.34625,57.406,0.692,-1,425.000,-1,400.000,-1,325.000,325.000,325.000,300.000,-1,-1,-1,-1,950.000,925.000,-1,-1,2,0,2,0,2,0,0,0,0,2,2,2,2,0,0,2,2
22,8987.329,7566.169,264.364,-32.622,0.842037,0.538675,0.028335,-0.539357,0.841579,0.028957,-0.008248,-0.039666,0.999179,0,0.95275,0.34529,57.165,0.691,-1,425.000,-1,400.000,-1,325.000,325.000,325.000,300.000,-1,-1,-1,-1,950.000,925.000,-1,-1,2,0,2,0,2,0,0,0,0,2,2,2,2,0,0,2,2
23,9035.633,7536.064,263.873,-31.933,0.848415,0.528509,0.029486,-0.529235,0.848004,0.028266,-0.010066,-0.039586,0.999165,0,0.94862,0.34479,56.917,0.690,-1,425.000,-1,400.000,-1,325.000,325.000,325.000,300.000,-1,-1,-1,-1,950.000,950.000,-1,-1,2,0,2,0,2,0,0,0,0,2,2,2,2,0,0,2,2
24,9084.082,7506.672,263.333,-31.243,0.854670,0.518269,0.030612,-0.519037,0.854306,0.027592,-0.011852,-0.039471,0.999150,0,0.94446,0.34474,56.668,0.689,-1,425.000,-1,400.000,-1,350.000,325.000,325.000,300.000,-1,-1,-1,-1,975.000,950.000,-1,-1,2,0,2,0,2,0,0,0,0,2,2,2,2,0,0,2,2
25,9132.670,7477.993,262.401,-30.553,0.860760,0.507914,0.033400,-0.508797,0.860444,0.027576,-0.014732,-0.040730,0.999062,0,0.94034,0.34513,56.420,0.690,-1,425.000,-1,400.000,-1,350.000,325.000,300.000,300.000,-1,-1,-1,-1,950.000,950.000,-1,-1,2,0,2,0,2,0,0,0,0,2,2,2,2,0,0,2,2
26,9181.391,7450.022,261.246,-29.861,0.866706,0.497445,0.037005,-0.498489,0.866445,0.027955,-0.018157,-0.042675,0.998924,0,0.93633,0.34597,56.180,0.692,-1,425.000,-1,425.000,-1,350.000,325.000,300.000,300.000,-1,-1,-1,-1,950.000,950.000,-1,-1,2,0,2,0,2,0,0,0,0,2,2,2,2,0,0,2,2
27,9230.248,7422.756,260.045,-29.167,0.872534,0.486867,0.040563,-0.488078,0.872338,0.028412,-0.021552,-0.044588,0.998773,0,0.93250,0.34723,55.950,0.694,-1,425.000,-1,425.000,-1,325.000,325.000,300.000,300.000,-1,-1,-1,-1,925.000,950.000,-1,-1,2,0,2,0,2,0,0,0,0,2,2,2,2,0,0,2,2
28,9279.244,7396.190,258.644,-28.469,0.878280,0.476179,0.043328,-0.477523,0.878153,0.028632,-0.024414,-0.045836,0.998651,0,0.92891,0.34891,55.735,0.698,-1,425.000,-1,425.000,-1,325.000,325.000,300.000,300.000,-1,-1,-1,-1,925.000,950.000,-1,-1,2,0,2,0,2,0,0,0,0,2,2,2,2,0,0,2,2
29,9328.386,7370.317,257.065,-27.767,0.883951,0.465371,0.045398,-0.466811,0.883894,0.028626,-0.026805,-0.046496,0.998559,0,0.92562,0.35099,55.537,0.702,-1,425.000,-1,425.000,-1,325.000,325.000,300.000,300.000,-1,-1,-1,-1,900.000,950.000,-1,-1,2,0,2,0,2,0,0,0,0,2,2,2,2,0,0,2,2
30,9373.664,7347.421,255.277,-26.825,0.891364,0.450791,0.047510,-0.452290,0.891455,0.027243,-0.030072,-0.045771,0.998499,0,0.84562,0.47099,50.737,0.942,-1,425.000,-1,425.000,-1,325.000,325.000,300.000,325.000,-1,-1,-1,-1,900.000,950.000,-1,-1,2,0,2,0,2,0,0,0,0,2,2,2,2,0,0,2,2
31,9415.036,7327.456,253.557,-25.760,0.899472,0.434167,0.049483,-0.435704,0.899721,0.025766,-0.033334,-0.044736,0.998443,0,0.76562,0.53243,45.937,1.065,-1,425.000,-1,425.000,-1,325.000,325.000,300.000,325.000,-1,-1,-1,-1,900.000,925.000,-1,-1,2,0,2,0,2,0,0,0,0,2,2,2,2,0,0,2,2
32,9452.412,7310.273,251.982,-24.690,0.907320,0.417304,0.051269,-0.418871,0.907715,0.024519,-0.036306,-0.043722,0.998384,0,0.68562,0.53515,41.137,1.070,-1,425.000,-1,400.000,-1,325.000,325.000,300.000,325.000,-1,-1,-1,-1,875.000,900.000,-1,-1,2,0,2,0,2,0,0,0,0,2,2,2,2,0,0,2,2
33,9485.707,7295.716,250.559,-23.614,0.914899,0.400207,0.052868,-0.401795,0.915428,0.023483,-0.038999,-0.042727,0.998325,0,0.60562,0.53785,36.337,1.076,-1,400.000,-1,400.000,-1,325.000,325.000,300.000,325.000,-1,-1,-1,-1,875.000,900.000,-1,-1,2,0,2,0,2,0,0,0,0,2,2,2,2,0,0,2,2
34,9514.837,7283.631,249.298,-22.533,0.922201,0.382883,0.054275,-0.384486,0.922853,0.022641,-0.041419,-0.041748,0.998269,0,0.52562,0.54044,31.537,1.081,-1,400.000,-1,400.000,-1,325.000,325.000,300.000,325.000,-1,-1,-1,-1,875.000,900.000,-1,-1,2,0,2,0,2,0,0,0,0,2,2,2,2,0,0,2,2
35,9539.722,7273.854,248.204,-21.447,0.929218,0.365342,0.055487,-0.366954,0.929979,0.021978,-0.043572,-0.040783,0.998218,0,0.44562,0.54286,26.737,1.086,-1,400.000,-1,400.000,-1,325.000,325.000,300.000,325.000,-1,-1,-1,-1,875.000,875.000,-1,-1,2,0,2,0,2,0,0,0,0,2,2,2,2,0,0,2,2
36,9560.289,7266.222,247.286,-20.357,0.935940,0.347597,0.056498,-0.349212,0.936798,0.021476,-0.045462,-0.039830,0.998172,0,0.36562,0.54504,21.937,1.090,-1,400.000,-1,400.000,-1,325.000,325.000,300.000,325.000,-1,-1,-1,-1,850.000,875.000,-1,-1,2,0,2,0,2,0,0,0,0,2,2,2,2,0,0,2,2
37,9576.467,7260.568,246.552,-19.263,0.942358,0.329663,0.057303,-0.331275,0.943298,0.021119,-0.047092,-0.038885,0.998133,0,0.28562,0.54692,17.137,1.094,-1,400.000,-1,400.000,-1,325.000,325.000,300.000,325.000,-1,-1,-1,-1,850.000,875.000,-1,-1,2,0,2,0,2,0,0,0,0,2,2,2,2,0,0,2,2
38,9588.189,7256.721,246.011,-18.167,0.948463,0.311555,0.057897,-0.313161,0.949470,0.020892,-0.048462,-0.037946,0.998104,0,0.20562,0.54846,12.337,1.097,-1,400.000,-1,400.000,-1,325.000,325.000,325.000,325.000,-1,-1,-1,-1,850.000,875.000,-1,-1,2,0,2,0,2,0,0,0,0,2,2,2,2,0,0,2,2
39,9595.394,7254.509,245.669,-17.067,0.954245,0.293293,0.058272,-0.294888,0.955306,0.020778,-0.049574,-0.037011,0.998084,0,0.12562,0.54961,7.537,1.099,-1,400.000,-1,400.000,-1,325.000,325.000,325.000,325.000,-1,-1,-1,-1,850.000,875.000,-1,-1,2,0,2,0,2,0,0,0,0,2,2,2,2,0,0,2,2
40,9598.026,7253.755,245.535,-15.967,0.959697,0.274898,0.058423,-0.276477,0.960796,0.020760,-0.050425,-0.036075,0.998076,0,0.04562,0.55034,2.737,1.101,-1,400.000,-1,400.000,-1,325.000,325.000,325.000,325.000,-1,-1,-1,-1,850.000,850.000,-1,-1,2,0,2,0,2,0,0,0,0,2,2,2,2,0,0,2,2
41,9596.032,7254.284,245.617,-14.865,0.964811,0.256391,0.058342,-0.257948,0.965934,0.020821,-0.051016,-0.035138,0.998080,0,-0.03438,0.55061,-2.063,1.101,-1,400.000,-1,400.000,-1,325.000,325.000,300.000,300.000,-1,-1,-1,-1,850.000,850.000,-1,-1,2,0,2,0,2,0,0,0,0,2,2,2,2,0,0,2,2
42,9589.366,7255.916,245.923,-13.765,0.969581,0.237794,0.058023,-0.239325,0.970713,0.020946,-0.051342,-0.034195,0.998096,0,-0.11438,0.55040,-6.863,1.101,-1,400.000,-1,400.000,-1,325.000,325.000,300.000,300.000,-1,-1,-1,-1,850.000,850.000,-1,-1,2,0,2,0,2,0,0,0,0,2,2,2,2,0,0,2,2
43,9577.987,7258.473,246.460,-12.665,0.974002,0.219133,0.057460,-0.220632,0.975129,0.021116,-0.051403,-0.033245,0.998124,0,-0.19438,0.54969,-11.663,1.099,-1,400.000,-1,400.000,-1,325.000,325.000,300.000,300.000,-1,-1,-1,-1,875.000,850.000,-1,-1,2,0,2,0,2,0,0,0,0,2,2,2,2,0,0,2,2
44,9561.859,7261.774,247.235,-11.568,0.978069,0.200431,0.056647,-0.201893,0.979176,0.021315,-0.051195,-0.032284,0.998167,0,-0.27438,0.54846,-16.463,1.097,-1,400.000,-1,400.000,-1,325.000,325.000,300.000,300.000,-1,-1,-1,-1,875.000,850.000,-1,-1,2,0,2,0,2,0,0,0,0,2,2,2,2,0,0,2,2
45,9540.950,7265.639,248.256,-10.475,0.981779,0.181716,0.055580,-0.183133,0.982852,0.021525,-0.050715,-0.031311,0.998222,0,-0.35438,0.54669,-21.263,1.093,-1,400.000,-1,400.000,-1,325.000,325.000,300.000,300.000,-1,-1,-1,-1,875.000,850.000,-1,-1,2,0,2,0,2,0,0,0,0,2,2,2,2,0,0,2,2
46,9516.569,7269.669,249.463,-9.386,0.985127,0.163012,0.054324,-0.164380,0.986158,0.021715,-0.050032,-0.030322,0.998287,0,-0.41186,0.54439,-24.712,1.089,-1,425.000,-1,400.000,-1,325.000,325.000,300.000,300.000,-1,-1,-1,-1,875.000,875.000,-1,-1,2,0,2,0,2,0,0,0,0,2,2,2,2,0,0,2,2
47,9492.004,7273.253,250.697,-8.303,0.988105,0.144342,0.053051,-0.145659,0.989094,0.021846,-0.049319,-0.029313,0.998353,0,-0.41375,0.54168,-24.825,1.083,-1,425.000,-1,400.000,-1,325.000,325.000,300.000,325.000,-1,-1,-1,-1,875.000,875.000,-1,-1,2,0,2,0,2,0,0,0,0,2,2,2,2,0,0,2,2
48,9467.261,7276.390,251.957,-7.225,0.990715,0.125714,0.051764,-0.126980,0.991663,0.021916,-0.048577,-0.028285,0.998419,0,-0.41567,0.53893,-24.940,1.078,-1,425.000,-1,400.000,-1,325.000,325.000,300.000,325.000,-1,-1,-1,-1,900.000,875.000,-1,-1,2,0,2,0,2,0,0,0,0,2,2,2,2,0,0,2,2
49,9447.234,7278.522,252.995,-6.080,0.993084,0.105879,0.050724,-0.107095,0.994008,0.021887,-0.048102,-0.027168,0.998473,0,-0.33567,0.57243,-20.140,1.145,-1,425.000,-1,400.000,-1,325.000,325.000,300.000,325.000,-1,-1,-1,-1,900.000,875.000,-1,-1,2,0,2,0,2,0,0,0,0,2,2,2,2,0,0,2,2
50,9431.951,7279.843,253.803,-4.940,0.995036,0.086079,0.049935,-0.087251,0.995948,0.021785,-0.047857,-0.026034,0.998515,0,-0.25567,0.57016,-15.340,1.140,-1,425.000,-1,400.000,-1,325.000,325.000,300.000,325.000,-1,-1,-1,-1,900.000,875.000,-1,-1,2,0,2,0,2,0,0,0,0,2,2,2,2,0,0,2,2
51,9421.433,7280.541,254.374,-3.803,0.996576,0.066304,0.049402,-0.067437,0.997489,0.021629,-0.047844,-0.024887,0.998545,0,-0.17567,0.56841,-10.540,1.137,-1,425.000,-1,400.000,-1,325.000,325.000,300.000,325.000,-1,-1,-1,-1,900.000,875.000,-1,-1,2,0,2,0,2,0,0,0,0,2,2,2,2,0,0,2,2
52,9415.699,7280.808,254.701,-2.669,0.997707,0.046545,0.049126,-0.047644,0.998634,0.021438,-0.048061,-0.023729,0.998562,0,-0.09567,0.56719,-5.740,1.134,-1,425.000,-1,400.000,-1,325.000,325.000,300.000,325.000,-1,-1,-1,-1,900.000,875.000,-1,-1,2,0,2,0,2,0,0,0,0,2,2,2,2,0,0,2,2
53,9414.759,7280.833,254.778,-1.536,0.998434,0.026790,0.049107,-0.027860,0.999386,0.021229,-0.048509,-0.022564,0.998568,0,-0.01567,0.56652,-0.940,1.133,-1,425.000,-1,400.000,-1,325.000,325.000,300.000,300.000,-1,-1,-1,-1,900.000,875.000,-1,-1,2,0,2,0,2,0,0,0,0,2,2,2,2,0,0,2,2
54,9418.619,7280.806,254.578,-0.403,0.998753,0.007027,0.049418,-0.008079,0.999744,0.021113,-0.049257,-0.021486,0.998555,0,0.06433,0.56640,3.860,1.133,-1,425.000,-1,400.000,-1,325.000,325.000,300.000,300.000,-1,-1,-1,-1,900.000,875.000,-1,-1,2,0,2,0,2,0,0,0,0,2,2,2,2,0,0,2,2
55,9427.278,7280.916,254.113,0.731,0.998668,-0.012756,0.049995,0.011716,0.999710,0.021039,-0.050249,-0.020425,0.998528,0,0.14433,0.56687,8.660,1.134,-1,425.000,-1,400.000,-1,325.000,325.000,300.000,300.000,-1,-1,-1,-1,900.000,875.000,-1,-1,2,0,2,0,2,0,0,0,0,2,2,2,2,0,0,2,2
56,9440.731,7281.354,253.369,1.867,0.998178,-0.032572,0.050782,0.031537,0.999281,0.021053,-0.051431,-0.019413,0.998488,0,0.22433,0.56795,13.460,1.136,-1,425.000,-1,400.000,-1,325.000,325.000,300.000,300.000,-1,-1,-1,-1,900.000,875.000,-1,-1,2,0,2,0,2,0,0,0,0,2,2,2,2,0,0,2,2
57,9458.965,7282.311,252.338,3.006,0.997282,-0.052435,0.051762,0.051398,0.998454,0.021185,-0.052793,-0.018467,0.998435,0,0.30433,0.56965,18.260,1.139,-1,425.000,-1,400.000,-1,325.000,325.000,300.000,300.000,-1,-1,-1,-1,900.000,850.000,-1,-1,2,0,2,0,2,0,0,0,0,2,2,2,2,0,0,2,2
58,9481.965,7283.980,251.032,4.150,0.995970,-0.072361,0.052989,0.071314,0.997225,0.021387,-0.054389,-0.017522,0.998366,0,0.38433,0.57200,23.060,1.144,-1,400.000,-1,400.000,-1,325.000,325.000,300.000,300.000,-1,-1,-1,-1,875.000,850.000,-1,-1,2,0,2,0,2,0,0,0,0,2,2,2,2,0,0,2,2
59,9509.706,7286.553,249.448,5.300,0.994235,-0.092363,0.054461,0.091302,0.995587,0.021676,-0.056223,-0.016578,0.998281,0,0.46433,0.57504,27.860,1.150,-1,400.000,-1,400.000,-1,325.000,325.000,300.000,300.000,-1,-1,-1,-1,875.000,850.000,-1,-1,2,0,2,0,2,0,0,0,0,2,2,2,2,0,0,2,2
60,9542.158,7290.227,247.581,6.458,0.992067,-0.112459,0.056178,0.111376,0.993533,0.022068,-0.058297,-0.015636,0.998177,0,0.54433,0.57878,32.660,1.158,-1,400.000,-1,400.000,-1,325.000,325.000,300.000,300.000,-1,-1,-1,-1,875.000,850.000,-1,-1,2,0,2,0,2,0,0,0,0,2,2,2,2,0,0,2,2
61,9579.287,7295.197,245.427,7.624,0.989454,-0.132664,0.058139,0.131551,0.991052,0.022581,-0.060615,-0.014695,0.998053,0,0.62433,0.58325,37.460,1.167,-1,400.000,-1,400.000,-1,325.000,325.000,300.000,300.000,-1,-1,-1,-1,850.000,850.000,-1,-1,2,0,2,0,2,0,0,0,0,2,2,2,2,0,0,2,2
62,9619.064,7301.355,243.100,8.801,0.986389,-0.152995,0.060237,0.151848,0.988131,0.023209,-0.063073,-0.013746,0.997914,0,0.67084,0.58848,40.251,1.177,-1,400.000,-1,400.000,-1,325.000,325.000,300.000,325.000,-1,-1,-1,-1,850.000,825.000,-1,-1,2,0,2,0,2,0,0,0,0,2,2,2,2,0,0,2,2
63,9658.893,7308.371,240.749,9.990,0.982867,-0.173458,0.062333,0.172274,0.984758,0.023928,-0.065533,-0.012779,0.997769,0,0.67402,0.59420,40.441,1.188,-1,400.000,-1,400.000,-1,325.000,325.000,300.000,325.000,-1,-1,-1,-1,850.000,825.000,-1,-1,2,0,2,0,2,0,0,0,0,2,2,2,2,0,0,2,2
64,9698.968,7316.116,238.368,10.938,0.979718,-0.189735,0.064447,0.188508,0.981762,0.024680,-0.067954,-0.012031,0.997616,0,0.68028,0.47420,40.817,0.948,-1,400.000,-1,400.000,-1,325.000,325.000,300.000,325.000,-1,-1,-1,-1,825.000,825.000,-1,-1,2,0,2,0,2,0,0,0,0,2,2,2,2,0,0,2,2
65,9739.170,7324.402,235.968,11.647,0.977149,-0.201860,0.066579,0.200581,0.979347,0.025440,-0.070339,-0.011504,0.997457,0,0.68410,0.35420,41.046,0.708,-1,400.000,-1,400.000,-1,325.000,325.000,300.000,325.000,-1,-1,-1,-1,825.000,825.000,-1,-1,2,0,2,0,2,0,0,0,0,2,2,2,2,0,0,2,2
66,9779.543,7333.068,233.498,12.115,0.975320,-0.209861,0.068626,0.208540,0.977669,0.025954,-0.072540,-0.011002,0.997305,0,0.68821,0.23420,41.293,0.468,-1,400.000,-1,400.000,-1,325.000,325.000,300.000,325.000,-1,-1,-1,-1,800.000,800.000,-1,-1,2,0,2,0,2,0,0,0,0,2,2,2,2,0,0,2,2
67,9820.136,7341.950,230.679,12.343,0.974346,-0.213759,0.070403,0.212493,0.976840,0.025096,-0.074137,-0.009492,0.997203,0,0.69255,0.11420,41.553,0.228,-1,400.000,-1,400.000,-1,325.000,325.000,300.000,300.000,-1,-1,-1,-1,800.000,800.000,-1,-1,2,0,2,0,2,0,0,0,0,2,2,2,2,0,0,2,2
68,9860.995,7350.882,227.786,12.332,0.974246,-0.213564,0.072360,0.212356,0.976895,0.024082,-0.075831,-0.008096,0.997088,0,0.69706,-0.00580,41.823,-0.012,-1,400.000,-1,400.000,-1,325.000,325.000,325.000,300.000,-1,-1,-1,-1,800.000,775.000,-1,-1,2,0,2,0,2,0,0,0,0,2,2,2,2,0,0,2,2
69,9902.165,7359.694,224.657,12.080,0.975097,-0.209273,0.073426,0.208070,0.977826,0.023752,-0.076769,-0.007882,0.997018,0,0.70171,-0.12580,42.102,-0.252,-1,400.000,-1,400.000,-1,325.000,325.000,325.000,300.000,-1,-1,-1,-1,800.000,775.000,-1,-1,2,0,2,0,2,0,0,0,0,2,2,2,2,0,0,2,2
70,9943.652,7368.388,221.252,11.836,0.975945,-0.205099,0.073931,0.203836,0.978703,0.024322,-0.077345,-0.008667,0.996967,0,0.70646,-0.12217,42.388,-0.244,-1,400.000,-1,400.000,-1,325.000,325.000,325.000,300.000,-1,-1,-1,-1,775.000,775.000,-1,-1,2,0,2,0,2,0,0,0,0,2,2,2,2,0,0,2,2
71,9985.455,7376.972,217.820,11.604,0.976729,-0.201140,0.074457,0.199817,0.979517,0.024891,-0.077938,-0.009434,0.996914,0,0.71126,-0.11580,42.676,-0.232,-1,400.000,-1,400.000,-1,325.000,325.000,325.000,300.000,-1,-1,-1,-1,775.000,775.000,-1,-1,2,0,2,0,2,0,0,0,0,2,2,2,2,0,0,2,2
72,10027.577,7385.454,214.368,11.385,0.977451,-0.197398,0.074986,0.196016,0.980271,0.025428,-0.078527,-0.010156,0.996860,0,0.71612,-0.10937,42.967,-0.219,-1,400.000,-1,400.000,-1,325.000,325.000,325.000,300.000,-1,-1,-1,-1,775.000,750.000,-1,-1,2,0,2,0,2,0,0,0,0,2,2,2,2,0,0,2,2
73,10070.056,7393.849,210.890,11.178,0.978121,-0.193843,0.075521,0.192406,0.980973,0.025936,-0.079111,-0.010838,0.996807,0,0.72168,-0.10380,43.301,-0.208,-1,400.000,-1,400.000,-1,325.000,325.000,325.000,300.000,-1,-1,-1,-1,750.000,750.000,-1,-1,2,0,2,0,2,0,0,0,0,2,2,2,2,0,0,2,2
74,10112.728,7402.128,207.401,10.980,0.978745,-0.190455,0.076057,0.188963,0.981629,0.026413,-0.079690,-0.011479,0.996754,0,0.72445,-0.09889,43.467,-0.198,-1,400.000,-1,400.000,-1,325.000,325.000,325.000,300.000,-1,-1,-1,-1,750.000,750.000,-1,-1,2,0,2,0,2,0,0,0,0,2,2,2,2,0,0,2,2
75,10155.498,7410.277,203.908,10.786,0.979343,-0.187136,0.076593,0.185593,0.982260,0.026858,-0.080260,-0.012088,0.996701,0,0.72566,-0.09678,43.540,-0.194,-1,400.000,-1,400.000,-1,325.000,325.000,300.000,300.000,-1,-1,-1,-1,750.000,750.000,-1,-1,2,0,2,0,2,0,0,0,0,2,2,2,2,0,0,2,2
76,10198.296,7418.281,200.417,10.593,0.979930,-0.183815,0.077126,0.182222,0.982879,0.027272,-0.080819,-0.012670,0.996648,0,0.72566,-0.09678,43.540,-0.194,-1,400.000,-1,400.000,-1,325.000,325.000,300.000,300.000,-1,-1,-1,-1,725.000,750.000,-1,-1,2,0,2,0,2,0,0,0,0,2,2,2,2,0,0,2,2
77,10241.121,7426.140,196.928,10.399,0.980506,-0.180492,0.077658,0.178851,0.983487,0.027655,-0.081367,-0.013227,0.996596,0,0.72566,-0.09678,43.540,-0.194,-1,400.000,-1,400.000,-1,325.000,325.000,300.000,300.000,-1,-1,-1,-1,725.000,725.000,-1,-1,2,0,2,0,2,0,0,0,0,2,2,2,2,0,0,2,2
78,10287.341,7434.662,193.164,10.446,0.980312,-0.181289,0.078247,0.179611,0.983338,0.028036,-0.082026,-0.013430,0.996540,0,0.78331,0.02322,46.999,0.046,-1,400.000,-1,400.000,-1,325.000,325.000,300.000,300.000,-1,-1,-1,-1,725.000,725.000,-1,-1,2,0,2,0,2,0,0,0,0,2,2,2,2,0,0,2,2
79,10333.517,7443.414,189.400,10.732,0.979343,-0.186203,0.078844,0.184503,0.982422,0.028390,-0.082744,-0.013257,0.996483,0,0.78331,0.14322,46.999,0.286,-1,375.000,-1,375.000,-1,325.000,325.000,300.000,300.000,-1,-1,-1,-1,700.000,725.000,-1,-1,2,0,2,0,2,0,0,0,0,2,2,2,2,0,0,2,2
80,10379.612,7452.590,185.632,11.259,0.977536,-0.195223,0.079445,0.193516,0.980677,0.028726,-0.083518,-0.012706,0.996425,0,0.78331,0.26322,46.999,0.526,-1,375.000,-1,375.000,-1,325.000,325.000,300.000,300.000,-1,-1,-1,-1,700.000,725.000,-1,-1,2,0,2,0,2,0,0,0,0,2,2,2,2,0,0,2,2
81,10425.579,7462.381,181.859,12.025,0.974778,-0.208326,0.080047,0.206627,0.977989,0.029048,-0.084336,-0.011775,0.996368,0,0.78331,0.38322,46.999,0.766,-1,375.000,-1,375.000,-1,325.000,325.000,300.000,300.000,-1,-1,-1,-1,700.000,700.000,-1,-1,2,0,2,0,2,0,0,0,0,2,2,2,2,0,0,2,2
82,10471.368,7472.978,178.025,13.032,0.970954,-0.225476,0.080051,0.223835,0.974195,0.029027,-0.084530,-0.010265,0.996368,0,0.78331,0.50322,46.999,1.006,-1,375.000,-1,375.000,-1,300.000,300.000,300.000,300.000,-1,-1,-1,-1,675.000,700.000,-1,-1,2,0,2,0,2,0,0,0,0,2,2,2,2,0,0,2,2
83,10516.914,7484.569,174.296,14.278,0.965841,-0.246617,0.079569,0.245030,0.969073,0.029283,-0.084330,-0.008786,0.996399,0,0.78331,0.62322,46.999,1.246,-1,375.000,-1,375.000,-1,300.000,300.000,300.000,300.000,-1,-1,-1,-1,675.000,700.000,-1,-1,2,0,2,0,2,0,0,0,0,2,2,2,2,0,0,2,2
84,10562.145,7497.338,170.540,15.764,0.959146,-0.271676,0.078936,0.270154,0.962363,0.029573,-0.083999,-0.007040,0.996441,0,0.78331,0.74322,46.999,1.486,-1,375.000,-1,375.000,-1,300.000,300.000,300.000,300.000,-1,-1,-1,-1,675.000,700.000,-1,-1,2,0,2,0,2,0,0,0,0,2,2,2,2,0,0,2,2
85,10606.971,7511.463,166.798,17.491,0.950577,-0.300550,0.077928,0.299126,0.953754,0.029631,-0.083230,-0.004856,0.996519,0,0.78331,0.86322,46.999,1.726,-1,375.000,-1,375.000,-1,300.000,300.000,300.000,300.000,-1,-1,-1,-1,675.000,700.000,-1,-1,2,0,2,0,2,0,0,0,0,2,2,2,2,0,0,2,2
86,10651.285,7527.118,163.158,19.457,0.939762,-0.333104,0.076736,0.331835,0.942888,0.029111,-0.082050,-0.001894,0.996626,0,0.78331,0.98322,46.999,1.966,-1,375.000,-1,375.000,-1,300.000,300.000,300.000,300.000,-1,-1,-1,-1,675.000,700.000,-1,-1,2,0,2,0,2,0,0,0,0,2,2,2,2,0,0,2,2
87,10695.027,7544.310,159.521,21.457,0.927618,-0.365808,0.075563,0.364698,0.930690,0.028493,-0.080748,0.001127,0.996734,0,0.78331,1.00000,46.999,2.000,-1,375.000,-1,375.000,-1,300.000,300.000,300.000,300.000,-1,-1,-1,-1,675.000,700.000,-1,-1,2,0,2,0,2,0,0,0,0,2,2,2,2,0,0,2,2
88,10738.141,7563.018,155.893,23.457,0.914335,-0.398062,0.074416,0.397114,0.917349,0.027770,-0.079320,0.004161,0.996841,0,0.78331,1.00000,46.999,2.000,-1,375.000,-1,375.000,-1,300.000,300.000,300.000,300.000,-1,-1,-1,-1,675.000,700.000,-1,-1,2,0,2,0,2,0,0,0,0,2,2,2,2,0,0,2,2
89,10780.576,7583.220,152.277,25.457,0.899930,-0.429827,0.073306,0.429043,0.902882,0.026938,-0.077765,0.007209,0.996946,0,0.78331,1.00000,46.999,2.000,-1,375.000,-1,375.000,-1,300.000,300.000,325.000,300.000,-1,-1,-1,-1,675.000,675.000,-1,-1,2,0,2,0,2,0,0,0,0,2,2,2,2,0,0,2,2
90,10822.280,7604.890,148.680,27.457,0.884422,-0.461063,0.072241,0.460445,0.887308,0.025995,-0.076086,0.010272,0.997048,0,0.78331,1.00000,46.999,2.000,-1,375.000,-1,375.000,-1,300.000,300.000,325.000,300.000,-1,-1,-1,-1,675.000,675.000,-1,-1,2,0,2,0,2,0,0,0,0,2,2,2,2,0,0,2,2
91,10863.203,7628.003,145.191,29.457,0.867858,-0.491733,0.070859,0.491265,0.870648,0.025093,-0.074033,0.013033,0.997171,0,0.78331,1.00000,46.999,2.000,-1,375.000,-1,375.000,-1,300.000,300.000,325.000,300.000,-1,-1,-1,-1,650.000,675.000,-1,-1,2,0,2,0,2,0,0,0,0,2,2,2,2,0,0,2,2
92,10903.294,7652.530,141.760,31.457,0.850241,-0.521799,0.069392,0.521478,0.852924,0.024107,-0.071765,0.015690,0.997298,0,0.78331,1.00000,46.999,2.000,-1,375.000,-1,375.000,-1,300.000,300.000,325.000,300.000,-1,-1,-1,-1,650.000,675.000,-1,-1,2,0,2,0,2,0,0,0,0,2,2,2,2,0,0,2,2
93,10942.504,7678.441,138.378,33.457,0.831589,-0.551223,0.067915,0.551047,0.834157,0.022999,-0.069329,0.018299,0.997426,0,0.78331,1.00000,46.999,2.000,-1,375.000,-1,375.000,-1,300.000,300.000,325.000,300.000,-1,-1,-1,-1,650.000,675.000,-1,-1,2,0,2,0,2,0,0,0,0,2,2,2,2,0,0,2,2
94,10980.786,7705.705,135.217,35.457,0.811915,-0.579977,0.066482,0.579892,0.814381,0.022558,-0.067225,0.020238,0.997533,0,0.78331,1.00000,46.999,2.000,-1,375.000,-1,375.000,-1,300.000,300.000,325.000,300.000,-1,725.000,725.000,-1,650.000,675.000,-1,-1,2,0,2,0,2,0,0,0,0,2,0,0,2,0,0,2,2
95,11018.093,7734.289,132.170,37.457,0.791252,-0.608024,0.065014,0.608012,0.793616,0.022257,-0.065129,0.021918,0.997636,0,0.78331,1.00000,46.999,2.000,-1,375.000,-1,375.000,-1,300.000,300.000,325.000,300.000,-1,625.000,700.000,-1,650.000,675.000,-1,-1,2,0,2,0,2,0,0,0,0,2,0,0,2,0,0,2,2
96,11054.380,7764.157,129.189,39.457,0.769628,-0.635327,0.063500,0.635387,0.771885,0.021853,-0.062898,0.023528,0.997743,0,0.78331,1.00000,46.999,2.000,-1,375.000,-1,375.000,-1,300.000,300.000,325.000,300.000,-1,600.000,675.000,-1,650.000,675.000,-1,-1,2,0,2,0,2,0,0,0,0,2,0,0,2,0,0,2,2
97,11089.603,7795.273,126.433,41.457,0.747090,-0.661850,0.061736,0.662005,0.749209,0.020838,-0.060045,0.025301,0.997875,0,0.78331,1.00000,46.999,2.000,-1,375.000,-1,375.000,-1,300.000,300.000,325.000,300.000,-1,575.000,625.000,-1,650.000,675.000,-1,-1,2,0,2,0,2,0,0,0,0,2,0,0,2,0,0,2,2
98,11123.718,7827.599,123.949,43.457,0.723662,-0.687554,0.059858,0.687844,0.725613,0.018908,-0.056434,0.027490,0.998028,0,0.78331,1.00000,46.999,2.000,-1,375.000,-1,375.000,-1,300.000,300.000,325.000,300.000,-1,525.000,575.000,-1,650.000,700.000,-1,-1,2,0,2,0,2,0,0,0,0,2,0,0,2,0,0,2,2
99,11156.683,7861.097,121.526,45.457,0.699347,-0.712414,0.058144,0.712834,0.701131,0.016820,-0.052749,0.029684,0.998166,0,0.78331,1.00000,46.999,2.000,-1,375.000,-1,375.000,-1,300.000,300.000,325.000,300.000,-1,475.000,525.000,-1,650.000,700.000,-1,-1,2,0,2,0,2,0,0,0,0,2,0,0,2,0,0,2,2
100,11188.460,7895.725,119.169,47.457,0.674175,-0.736399,0.056608,0.736945,0.675796,0.014589,-0.048999,0.031881,0.998290,0,0.78331,1.00000,46.999,2.000,-1,375.000,-1,375.000,-1,300.000,300.000,325.000,300.000,-1,450.000,500.000,-1,650.000,700.000,-1,-1,2,0,2,0,2,0,0,0,0,2,0,0,2,0,0,2,2
101,11219.009,7931.440,116.880,49.457,0.648178,-0.759481,0.055263,0.760146,0.649637,0.012234,-0.045192,0.034078,0.998397,0,0.78331,1.00000,46.999,2.000,-1,375.000,-1,375.000,-1,300.000,300.000,325.000,300.000,-1,450.000,475.000,-1,650.000,700.000,-1,-1,2,0,2,0,2,0,0,0,0,2,0,0,2,0,0,2,2
102,11248.292,7968.200,114.794,51.457,0.621366,-0.781627,0.054444,0.782408,0.622686,0.010039,-0.041748,0.036360,0.998466,0,0.78331,1.00000,46.999,2.000,-1,375.000,-1,375.000,-1,300.000,300.000,325.000,300.000,-1,450.000,475.000,-1,675.000,700.000,-1,-1,2,0,2,0,2,0,0,0,0,2,0,0,2,0,0,2,2
103,11276.275,8005.960,112.915,53.457,0.593769,-0.802809,0.054182,0.803705,0.594974,0.008030,-0.038683,0.038779,0.998499,0,0.78331,1.00000,46.999,2.000,-1,375.000,-1,375.000,-1,300.000,300.000,325.000,300.000,-1,450.000,475.000,-1,675.000,700.000,-1,-1,2,0,2,0,2,0,0,0,0,2,0,0,2,0,0,2,2
104,11302.923,8044.673,111.126,55.457,0.565452,-0.823007,0.054066,0.824011,0.566541,0.006074,-0.035629,0.041117,0.998519,0,0.78331,1.00000,46.999,2.000,-1,375.000,-1,375.000,-1,300.000,300.000,325.000,300.000,-1,475.000,475.000,-1,650.000,700.000,-1,-1,2,0,2,0,2,0,0,0,0,2,0,0,2,0,0,2,2
105,11328.203,8084.293,109.603,57.457,0.536495,-0.842222,0.053257,0.843294,0.537437,0.004096,-0.032072,0.042714,0.998572,0,0.78331,1.00000,46.999,2.000,-1,375.000,-1,375.000,-1,300.000,300.000,325.000,300.000,-1,475.000,450.000,-1,675.000,725.000,-1,-1,2,0,2,0,2,0,0,0,0,2,0,0,2,0,0,2,2
106,11352.086,8124.771,108.332,59.457,0.506924,-0.860431,0.051834,0.861534,0.507696,0.002032,-0.028064,0.043627,0.998654,0,0.78331,1.00000,46.999,2.000,-1,375.000,-1,375.000,-1,300.000,300.000,325.000,300.000,-1,450.000,425.000,-1,675.000,725.000,-1,-1,2,0,2,0,2,0,0,0,0,2,0,0,2,0,0,2,2
107,11374.542,8166.057,107.146,61.457,0.476731,-0.877592,0.050593,0.878718,0.477340,-0.000046,-0.024110,0.044479,0.998719,0,0.78331,1.00000,46.999,2.000,-1,375.000,-1,375.000,-1,300.000,300.000,325.000,300.000,-1,425.000,425.000,-1,675.000,725.000,-1,-1,2,0,2,0,2,0,0,0,0,2,0,0,2,0,0,2,2
108,11395.543,8208.102,106.047,63.457,0.445954,-0.893685,0.049525,0.894828,0.446406,-0.002123,-0.020211,0.045263,0.998771,0,0.78331,1.00000,46.999,2.000,-1,375.000,-1,375.000,-1,300.000,325.000,325.000,300.000,-1,400.000,425.000,-1,675.000,725.000,-1,-1,2,0,2,0,2,0,0,0,0,2,0,0,2,0,0,2,2
109,11417.255,8255.130,105.000,65.217,0.418435,-0.906961,0.048306,0.908096,0.418742,-0.004061,-0.016545,0.045566,0.998824,0,0.86331,0.88000,51.799,1.760,-1,375.000,-1,400.000,-1,300.000,325.000,300.000,300.000,-1,400.000,400.000,-1,675.000,725.000,-1,-1,2,0,2,0,2,0,0,0,0,2,0,0,2,0,0,2,2
110,11438.098,8303.616,104.012,66.737,0.394363,-0.917743,0.047177,0.918862,0.394534,-0.006022,-0.013086,0.045723,0.998868,0,0.87961,0.76000,52.777,1.520,-1,375.000,-1,400.000,-1,300.000,325.000,300.000,300.000,-1,375.000,400.000,-1,675.000,725.000,-1,-1,2,0,2,0,2,0,0,0,0,2,0,0,2,0,0,2,2
111,11457.853,8352.556,103.076,68.017,0.373890,-0.926322,0.046191,0.927421,0.373933,-0.008043,-0.009822,0.045845,0.998900,0,0.87961,0.64000,52.777,1.280,-1,375.000,-1,400.000,-1,300.000,325.000,300.000,300.000,-1,375.000,375.000,-1,675.000,725.000,-1,-1,2,0,2,0,2,0,0,0,0,2,0,0,2,0,0,2,2
112,11476.717,8401.846,102.186,69.057,0.357135,-0.932952,0.045342,0.934028,0.357056,-0.010102,-0.006765,0.045959,0.998920,0,0.87961,0.52000,52.777,1.040,-1,375.000,-1,400.000,-1,300.000,325.000,300.000,300.000,-1,375.000,375.000,-1,675.000,725.000,-1,-1,2,0,2,0,2,0,0,0,0,2,0,0,2,0,0,2,2
113,11494.890,8451.395,101.673,69.857,0.344131,-0.937780,0.046277,0.938908,0.343971,-0.011628,-0.005014,0.047451,0.998861,0,0.87961,0.40000,52.777,0.800,-1,375.000,-1,375.000,-1,300.000,325.000,300.000,300.000,-1,400.000,400.000,-1,675.000,725.000,-1,-1,2,0,2,0,2,0,0,0,0,2,0,0,2,0,0,2,2
114,11512.578,8501.119,101.331,70.417,0.335022,-0.941002,0.047705,0.942205,0.334755,-0.013713,-0.003065,0.049543,0.998767,0,0.87961,0.28000,52.777,0.560,-1,375.000,-1,375.000,-1,300.000,300.000,300.000,300.000,-1,400.000,400.000,-1,675.000,700.000,-1,-1,2,0,2,0,2,0,0,0,0,2,0,0,2,0,0,2,2
115,11529.987,8550.942,101.038,70.737,0.329837,-0.942749,0.049313,0.944037,0.329457,-0.015876,-0.001279,0.051790,0.998657,0,0.87961,0.16000,52.777,0.320,-1,375.000,-1,375.000,-1,300.000,300.000,325.000,300.000,-1,425.000,425.000,-1,700.000,700.000,-1,-1,2,0,2,0,2,0,0,0,0,2,0,0,2,0,0,2,2
116,11547.327,8600.789,100.897,70.817,0.328577,-0.943115,0.050712,0.944477,0.328108,-0.017554,-0.000083,0.053664,0.998559,0,0.87961,0.04000,52.777,0.080,-1,375.000,-1,375.000,-1,300.000,300.000,325.000,300.000,-1,450.000,425.000,-1,700.000,700.000,-1,-1,2,0,2,0,2,0,0,0,0,2,0,0,2,0,0,2,2
117,11564.807,8650.587,101.118,70.657,0.331256,-0.942159,0.051042,0.943541,0.330728,-0.018722,0.000758,0.054362,0.998521,0,0.87961,-0.08000,52.777,-0.160,-1,375.000,-1,375.000,-1,300.000,300.000,325.000,300.000,-1,500.000,475.000,-1,725.000,700.000,-1,-1,2,0,2,0,2,0,0,0,0,2,0,0,2,0,0,2,2
118,11582.635,8700.261,101.526,70.257,0.337900,-0.939820,0.050612,0.941180,0.337295,-0.020311,0.002017,0.054498,0.998512,0,0.87961,-0.20000,52.777,-0.400,-1,375.000,-1,375.000,-1,300.000,300.000,325.000,300.000,-1,525.000,500.000,-1,725.000,700.000,-1,-1,2,0,2,0,2,0,0,0,0,2,0,0,2,0,0,2,2
119,11601.016,8749.734,101.920,69.617,0.348448,-0.935979,0.050271,0.937323,0.347766,-0.022018,0.003126,0.054792,0.998493,0,0.87961,-0.32000,52.777,-0.640,-1,375.000,-1,375.000,-1,300.000,300.000,325.000,300.000,-1,550.000,525.000,-1,750.000,725.000,-1,-1,2,0,2,0,2,0,0,0,0,2,0,0,2,0,0,2,2
120,11620.155,8798.918,102.254,68.737,0.362845,-0.930512,0.049903,0.931841,0.362094,-0.023675,0.003961,0.055092,0.998473,0,0.87961,-0.44000,52.777,-0.880,-1,375.000,-1,375.000,-1,300.000,325.000,325.000,300.000,-1,575.000,550.000,-1,750.000,725.000,-1,-1,2,0,2,0,2,0,0,0,0,2,0,0,2,0,0,2,2
121,11640.252,8847.719,102.450,67.617,0.381007,-0.923256,0.049323,0.924562,0.380212,-0.024964,0.004295,0.055114,0.998471,0,0.87961,-0.56000,52.777,-1.120,-1,375.000,-1,375.000,-1,300.000,325.000,325.000,300.000,-1,600.000,575.000,-1,750.000,725.000,-1,-1,2,0,2,0,2,0,0,0,0,2,0,0,2,0,0,2,2
122,11661.502,8896.030,102.584,66.257,0.402849,-0.913967,0.048754,0.915256,0.402016,-0.026267,0.004407,0.055204,0.998465,0,0.87961,-0.68000,52.777,-1.360,-1,375.000,-1,375.000,-1,325.000,325.000,325.000,300.000,-1,625.000,600.000,-1,750.000,725.000,-1,-1,2,0,2,0,2,0,0,0,0,2,0,0,2,0,0,2,2
123,11684.092,8943.728,102.647,64.657,0.428242,-0.902378,0.048187,0.903654,0.427375,-0.027576,0.004290,0.055354,0.998458,0,0.87961,-0.80000,52.777,-1.600,-1,375.000,-1,375.000,-1,325.000,325.000,325.000,325.000,-1,650.000,600.000,-1,750.000,725.000,-1,-1,2,0,2,0,2,0,0,0,0,2,0,0,2,0,0,2,2
124,11708.202,8990.676,102.627,62.817,0.457021,-0.888181,0.047618,0.889447,0.456124,-0.028889,0.003939,0.055556,0.998448,0,0.87961,-0.92000,52.777,-1.840,-1,400.000,-1,400.000,-1,325.000,325.000,325.000,325.000,-1,700.000,625.000,-1,750.000,725.000,-1,-1,2,0,2,0,2,0,0,0,0,2,0,0,2,0,0,2,2
125,11733.936,9036.755,102.626,60.817,0.487745,-0.871688,0.047583,0.872981,0.486824,-0.030115,0.003086,0.056228,0.998413,0,0.87961,-1.00000,52.777,-2.000,-1,400.000,-1,400.000,-1,325.000,325.000,325.000,325.000,-1,725.000,675.000,-1,750.000,750.000,-1,-1,2,0,2,0,2,0,0,0,0,2,0,0,2,0,0,2,2
126,11761.262,9081.908,102.632,58.817,0.517864,-0.854117,0.047974,0.855461,0.516919,-0.031341,0.001970,0.057270,0.998357,0,0.87961,-1.00000,52.777,-2.000,-1,400.000,-1,400.000,-1,325.000,325.000,325.000,325.000,-1,800.000,725.000,-1,750.000,750.000,-1,-1,2,0,2,0,2,0,0,0,0,2,0,0,2,0,0,2,2
127,11790.148,9126.079,102.423,56.817,0.547328,-0.835532,0.048139,0.836918,0.546397,-0.031924,0.000371,0.057762,0.998330,0,0.87961,-1.00000,52.777,-2.000,-1,400.000,-1,400.000,-1,325.000,325.000,300.000,325.000,-1,850.000,775.000,-1,725.000,725.000,-1,-1,2,0,2,0,2,0,0,0,0,2,0,0,2,0,0,2,2
128,11820.557,9169.215,102.119,54.817,0.576122,-0.815925,0.048482,0.817363,0.575202,-0.032566,-0.001315,0.058390,0.998293,0,0.87961,-1.00000,52.777,-2.000,-1,375.000,-1,400.000,-1,325.000,325.000,300.000,300.000,-1,900.000,825.000,-1,725.000,725.000,-1,-1,2,0,2,0,2,0,0,0,0,2,0,0,2,0,0,2,2
129,11852.453,9211.264,101.774,52.817,0.604218,-0.795307,0.049073,0.796814,0.603292,-0.033558,-0.002917,0.059378,0.998231,0,0.87961,-1.00000,52.777,-2.000,-1,375.000,-1,400.000,-1,325.000,325.000,325.000,300.000,-1,950.000,850.000,-1,725.000,725.000,-1,-1,2,0,2,0,2,0,0,0,0,2,0,0,2,0,0,2,2
130,11885.797,9252.174,101.391,50.817,0.631580,-0.773705,0.049881,0.775298,0.630629,-0.034926,-0.004434,0.060732,0.998144,0,0.87961,-1.00000,52.777,-2.000,-1,375.000,-1,375.000,-1,325.000,325.000,325.000,300.000,-1,1000.000,875.000,-1,725.000,725.000,-1,-1,2,0,2,0,2,0,0,0,0,2,0,0,2,0,0,2,2
131,11920.549,9291.895,101.069,48.817,0.658168,-0.751214,0.049922,0.752846,0.657237,-0.035528,-0.006121,0.060967,0.998121,0,0.87961,-1.00000,52.777,-2.000,-1,375.000,-1,375.000,-1,325.000,325.000,325.000,300.000,-1,-1,950.000,-1,725.000,725.000,-1,-1,2,0,2,0,2,0,0,0,0,2,2,0,2,0,0,2,2
132,11956.666,9330.379,100.714,46.817,0.683961,-0.727808,0.049933,0.729478,0.683044,-0.036239,-0.007731,0.061211,0.998095,0,0.87961,-1.00000,52.777,-2.000,-1,375.000,-1,375.000,-1,325.000,325.000,325.000,300.000,-1,-1,1000.000,-1,725.000,725.000,-1,-1,2,0,2,0,2,0,0,0,0,2,2,0,2,0,0,2,2
133,11994.104,9367.579,100.308,44.817,0.708926,-0.703506,0.050038,0.705223,0.708007,-0.037246,-0.009224,0.061692,0.998053,0,0.87961,-1.00000,52.777,-2.000,-1,375.000,-1,375.000,-1,325.000,325.000,325.000,300.000,-1,-1,-1,-1,725.000,725.000,-1,-1,2,0,2,0,2,0,0,0,0,2,2,2,2,0,0,2,2
134,12032.818,9403.450,99.851,42.817,0.733032,-0.678338,0.050203,0.680111,0.732095,-0.038548,-0.010604,0.062400,0.997995,0,0.87961,-1.00000,52.777,-2.000,-1,375.000,-1,400.000,-1,325.000,325.000,325.000,300.000,-1,-1,-1,-1,700.000,725.000,-1,-1,2,0,2,0,2,0,0,0,0,2,2,2,2,0,0,2,2
135,12072.760,9437.949,99.312,40.817,0.756247,-0.652343,0.050389,0.654176,0.755285,-0.039979,-0.011978,0.063197,0.997929,0,0.87961,-1.00000,52.777,-2.000,-1,375.000,-1,400.000,-1,325.000,325.000,325.000,300.000,-1,-1,-1,-1,700.000,725.000,-1,-1,2,0,2,0,2,0,0,0,0,2,2,2,2,0,0,2,2
136,12111.391,9469.296,98.568,39.057,0.775895,-0.628831,0.050582,0.630713,0.774956,-0.040552,-0.013698,0.063367,0.997896,0,0.82915,-0.88000,49.749,-1.760,-1,375.000,-1,375.000,-1,325.000,325.000,325.000,300.000,-1,-1,-1,-1,700.000,725.000,-1,-1,2,0,2,0,2,0,0,0,0,2,2,2,2,0,0,2,2
137,12150.841,9499.608,97.733,37.537,0.792282,-0.608046,0.050692,0.609969,0.791354,-0.041193,-0.015068,0.063557,0.997864,0,0.82915,-0.76000,49.749,-1.520,-1,375.000,-1,375.000,-1,300.000,325.000,325.000,300.000,-1,-1,-1,-1,700.000,725.000,-1,-1,2,0,2,0,2,0,0,0,0,2,2,2,2,0,0,2,2
138,12190.958,9529.030,96.812,36.257,0.805686,-0.590232,0.049961,0.592137,0.804759,-0.041678,-0.015607,0.063164,0.997881,0,0.82915,-0.64000,49.749,-1.280,-1,375.000,-1,375.000,-1,300.000,325.000,325.000,300.000,-1,-1,-1,-1,700.000,725.000,-1,-1,2,0,2,0,2,0,0,0,0,2,2,2,2,0,0,2,2
139,12231.602,9557.719,95.968,35.217,0.816292,-0.575539,0.049223,0.577422,0.815355,-0.042188,-0.015853,0.062860,0.997896,0,0.82915,-0.52000,49.749,-1.040,-1,375.000,-1,375.000,-1,300.000,325.000,325.000,300.000,-1,-1,-1,-1,700.000,725.000,-1,-1,2,0,2,0,2,0,0,0,0,2,2,2,2,0,0,2,2
