timestep,x_cm,y_cm,z_cm,yaw_deg,basis_xx,basis_xy,basis_xz,basis_yx,basis_yy,basis_yz,basis_zx,basis_zy,basis_zz,teleport_flag,throttle_cmd,steering_cmd,cmd_move_cm,cmd_turn_deg,lidar_cm_0,lidar_cm_1,lidar_cm_2,lidar_cm_3,lidar_cm_4,lidar_cm_5,lidar_cm_6,lidar_cm_7,lidar_cm_8,lidar_cm_9,lidar_cm_10,lidar_cm_11,lidar_cm_12,lidar_cm_13,lidar_cm_14,lidar_cm_15,lidar_cm_16,lidar_class_0,lidar_class_1,lidar_class_2,lidar_class_3,lidar_class_4,lidar_class_5,lidar_class_6,lidar_class_7,lidar_class_8,lidar_class_9,lidar_class_10,lidar_class_11,lidar_class_12,lidar_class_13,lidar_class_14,lidar_class_15,lidar_class_16
0,6234.931,-6234.564,20.295,-41.973,0.741751,0.668636,-0.052261,-0.668667,0.743307,0.019457,0.051856,0.020513,0.998444,1,0.08000,-0.12000,4.800,-0.240,-1,400.000,-1,425.000,550.000,325.000,325.000,325.000,325.000,-1,-1,-1,-1,850.000,750.000,-1,-1,2,0,2,0,1,0,0,0,0,2,2,2,2,0,1,2,2
1,6242.014,-6241.044,20.765,-42.453,0.736140,0.674834,-0.051938,-0.674885,0.737673,0.019195,0.051266,0.020922,0.998466,0,0.16000,-0.24000,9.600,-0.480,-1,400.000,-1,400.000,525.000,325.000,325.000,325.000,325.000,-1,-1,-1,-1,850.000,725.000,-1,-1,2,0,2,0,1,0,0,0,0,2,2,2,2,0,1,2,2
2,6252.526,-6250.886,21.469,-43.114,0.728321,0.683301,-0.051459,-0.683380,0.729821,0.018786,0.050392,0.021484,0.998498,0,0.24000,-0.33089,14.400,-0.662,-1,400.000,-1,400.000,525.000,325.000,325.000,325.000,325.000,-1,-1,-1,-1,850.000,725.000,-1,-1,2,0,2,0,1,0,0,0,0,2,2,2,2,0,1,2,2
3,6266.389,-6264.169,22.413,-43.778,0.720400,0.691693,-0.050833,-0.691805,0.721855,0.018215,0.049294,0.022045,0.998541,0,0.32000,-0.33157,19.200,-0.663,-1,400.000,-1,400.000,500.000,325.000,325.000,325.000,325.000,-1,-1,-1,-1,850.000,725.000,-1,-1,2,0,2,0,1,0,0,0,0,2,2,2,2,0,1,2,2
4,6283.523,-6280.974,23.559,-44.443,0.712358,0.700028,-0.050063,-0.700168,0.713761,0.017627,0.048072,0.022496,0.998591,0,0.40000,-0.33293,24.000,-0.666,-1,400.000,-1,400.000,475.000,325.000,325.000,300.000,325.000,-1,-1,-1,-1,825.000,700.000,-1,-1,2,0,2,1,1,0,0,0,0,2,2,2,2,0,1,2,2
5,6303.848,-6301.379,24.802,-45.114,0.704150,0.708315,-0.049630,-0.708493,0.705514,0.016961,0.047028,0.023219,0.998624,0,0.48000,-0.33500,28.800,-0.670,-1,400.000,-1,400.000,450.000,325.000,325.000,300.000,325.000,-1,-1,-1,-1,825.000,700.000,-1,-1,2,0,2,1,1,0,0,0,0,2,2,2,2,0,1,2,2
6,6327.277,-6325.463,26.240,-45.789,0.695778,0.716572,-0.049169,-0.716792,0.697100,0.016153,0.045850,0.024005,0.998660,0,0.56000,-0.33782,33.600,-0.676,-1,400.000,-1,400.000,425.000,325.000,325.000,300.000,325.000,-1,-1,-1,-1,825.000,725.000,-1,-1,2,0,2,1,1,0,0,0,0,2,2,2,2,0,1,2,2
7,6353.724,-6353.304,27.870,-46.472,0.687223,0.724814,-0.048685,-0.725080,0.688497,0.015199,0.044536,0.024856,0.998699,0,0.64000,-0.34142,38.400,-0.683,-1,400.000,-1,375.000,400.000,325.000,325.000,300.000,325.000,-1,-1,-1,-1,825.000,750.000,-1,-1,2,0,2,1,1,0,0,0,0,2,2,2,2,0,1,2,2
8,6383.096,-6384.982,29.688,-47.164,0.678460,0.733055,-0.048184,-0.733373,0.679680,0.014095,0.043082,0.025773,0.998739,0,0.72000,-0.34585,43.200,-0.692,-1,400.000,-1,375.000,375.000,325.000,325.000,300.000,300.000,-1,-1,-1,-1,825.000,850.000,-1,-1,2,0,2,1,1,0,1,0,0,2,2,2,2,0,1,2,2
9,6415.298,-6420.578,31.688,-47.866,0.669464,0.741313,-0.047669,-0.741685,0.670625,0.012838,0.041485,0.026761,0.998781,0,0.80000,-0.35120,48.000,-0.702,-1,400.000,-1,375.000,350.000,325.000,325.000,300.000,300.000,-1,-1,-1,-1,850.000,900.000,-1,-1,2,0,2,1,1,0,1,0,0,2,2,2,2,0,0,2,2
10,6448.956,-6458.730,33.788,-48.581,0.660204,0.749604,-0.047161,-0.750031,0.661303,0.011476,0.039790,0.027796,0.998821,0,0.84795,-0.35754,50.877,-0.715,-1,400.000,-1,350.000,300.000,325.000,325.000,300.000,300.000,-1,-1,-1,-1,850.000,875.000,-1,-1,2,0,2,1,1,0,1,0,0,2,2,2,2,0,1,2,2
11,6482.123,-6497.306,36.829,-49.310,0.650637,0.758015,-0.045654,-0.758285,0.651756,0.014742,0.040930,0.025027,0.998849,0,0.84791,-0.36463,50.874,-0.729,-1,400.000,-1,375.000,300.000,325.000,325.000,300.000,325.000,-1,-1,-1,-1,875.000,875.000,-1,-1,2,0,2,1,1,0,1,0,0,2,2,2,2,0,1,2,2
12,6514.767,-6536.289,40.939,-50.054,0.640783,0.766533,-0.042702,-0.766385,0.641958,0.023315,0.045285,0.017787,0.998816,0,0.84742,-0.37200,50.845,-0.744,-1,425.000,-1,400.000,325.000,350.000,350.000,300.000,325.000,-1,-1,-1,-1,925.000,875.000,-1,-1,2,0,2,1,1,0,1,0,1,2,2,2,2,0,1,2,2
13,6546.856,-6575.655,44.670,-50.814,0.630650,0.775042,-0.039883,-0.774546,0.631799,0.030139,0.048557,0.011884,0.998750,0,0.84645,-0.37967,50.787,-0.759,-1,450.000,-1,425.000,350.000,375.000,375.000,300.000,300.000,-1,-1,-1,-1,950.000,875.000,-1,-1,2,0,2,1,1,0,0,0,1,2,2,2,2,0,1,2,2
14,6578.354,-6615.383,48.026,-51.589,0.620207,0.783554,-0.037250,-0.782794,0.621281,0.035266,0.050776,0.007287,0.998684,0,0.84498,-0.38763,50.699,-0.775,-1,450.000,-1,475.000,375.000,375.000,375.000,300.000,275.000,-1,-1,-1,-1,975.000,875.000,-1,-1,2,0,2,1,1,0,0,0,1,2,2,2,2,0,1,2,2
15,6609.228,-6655.446,50.979,-52.381,0.609425,0.792079,-0.034802,-0.791129,0.610407,0.038961,0.052104,0.003789,0.998634,0,0.84298,-0.39587,50.579,-0.792,-1,475.000,-1,525.000,425.000,375.000,400.000,275.000,250.000,-1,-1,-1,-1,1000.000,875.000,-1,-1,2,0,2,0,1,0,0,0,1,2,2,2,2,0,1,2,2
16,6639.441,-6695.818,53.257,-53.190,0.598278,0.800622,-0.032675,-0.799503,0.599169,0.042321,0.053461,0.000804,0.998570,0,0.84042,-0.40440,50.425,-0.809,-1,475.000,-1,525.000,500.000,400.000,400.000,275.000,250.000,-1,-1,-1,-1,-1,875.000,-1,-1,2,0,2,0,1,0,0,0,1,2,2,2,2,2,1,2,2
17,6668.958,-6736.469,55.149,-54.016,0.586741,0.809180,-0.031037,-0.807971,0.587560,0.044216,0.054015,-0.000867,0.998540,0,0.83729,-0.41318,50.237,-0.826,-1,475.000,-1,550.000,600.000,400.000,425.000,275.000,225.000,-1,-1,-1,-1,-1,850.000,-1,-1,2,0,2,0,1,0,0,0,1,2,2,2,2,2,1,2,2
18,6697.745,-6777.369,56.710,-54.860,0.574806,0.817750,-0.029709,-0.816527,0.575571,0.044732,0.053679,-0.001454,0.998557,0,0.83358,-0.42219,50.015,-0.844,-1,475.000,-1,525.000,625.000,400.000,425.000,275.000,200.000,-1,-1,-1,-1,-1,825.000,-1,-1,2,0,2,1,1,0,0,0,1,2,2,2,2,2,1,2,2
19,6725.767,-6818.484,57.707,-55.723,0.562527,0.826324,-0.027416,-0.825161,0.563191,0.043868,0.051690,-0.002054,0.998661,0,0.82928,-0.43141,49.757,-0.863,-1,475.000,-1,525.000,600.000,400.000,425.000,275.000,200.000,-1,-1,-1,-1,-1,800.000,-1,-1,2,0,2,1,1,0,0,0,1,2,2,2,2,2,1,2,2
20,6752.994,-6859.782,58.413,-56.605,0.549822,0.834892,-0.025523,-0.833847,0.550411,0.041785,0.048934,-0.001692,0.998801,0,0.82442,-0.44079,49.465,-0.882,-1,475.000,-1,500.000,550.000,400.000,425.000,275.000,175.000,-1,-1,-1,-1,-1,775.000,-1,-1,2,0,2,1,1,0,0,0,1,2,2,2,2,2,1,2,2
21,6779.396,-6901.227,58.845,-57.501,0.536751,0.843397,-0.024062,-0.842515,0.537290,0.038583,0.045470,-0.000437,0.998966,0,0.81902,-0.44797,49.141,-0.896,-1,475.000,-1,475.000,500.000,400.000,400.000,275.000,175.000,-1,-1,-1,-1,-1,725.000,-1,1000.000,2,0,2,1,1,0,0,0,1,2,2,2,2,2,1,2,1
22,6804.958,-6942.779,59.018,-58.402,0.523455,0.851741,-0.023071,-0.851049,0.523961,0.034353,0.041348,0.001652,0.999143,0,0.81309,-0.45050,48.785,-0.901,-1,475.000,-1,450.000,450.000,400.000,400.000,275.000,150.000,-1,-1,-1,-1,1000.000,700.000,-1,850.000,2,0,2,1,1,0,1,0,1,2,2,2,2,0,1,2,1
23,6829.663,-6984.398,58.921,-59.307,0.509954,0.859907,-0.022512,-0.859418,0.510432,0.029340,0.036720,0.004385,0.999316,0,0.80666,-0.45272,48.400,-0.905,-1,475.000,-1,425.000,400.000,375.000,375.000,275.000,150.000,-1,-1,-1,-1,975.000,650.000,-1,725.000,2,0,2,1,1,0,1,0,1,2,2,2,2,0,1,2,1
24,6856.285,-7030.457,58.269,-59.973,0.499946,0.865751,-0.022991,-0.865516,0.500396,0.022064,0.030606,0.008869,0.999492,0,0.88666,-0.33272,53.200,-0.665,-1,450.000,-1,400.000,350.000,375.000,350.000,275.000,125.000,-1,-1,-1,-1,925.000,600.000,-1,600.000,2,1,2,1,1,1,1,0,1,2,2,2,2,0,1,2,1
25,6883.355,-7078.105,59.129,-60.398,0.493789,0.869451,-0.015099,-0.869419,0.493958,0.010807,0.016854,0.007792,0.999828,0,0.91335,-0.21272,54.801,-0.425,-1,425.000,-1,350.000,300.000,350.000,325.000,275.000,125.000,-1,-1,-1,-1,850.000,550.000,-1,500.000,2,1,2,1,1,1,1,0,1,2,2,2,2,0,1,2,1
26,6909.952,-7125.277,59.803,-60.583,0.491153,0.871048,-0.006694,-0.871073,0.491143,-0.003113,0.000576,0.007360,0.999973,0,0.90258,-0.09272,54.155,-0.185,-1,400.000,-1,325.000,275.000,325.000,300.000,275.000,125.000,-1,-1,-1,-1,750.000,500.000,-1,400.000,2,1,2,1,1,1,1,0,1,2,2,2,2,0,1,2,1
27,6936.248,-7171.810,61.506,-60.529,0.491987,0.870599,0.002375,-0.870543,0.491983,-0.010357,-0.010185,0.003028,0.999944,0,0.89080,0.02728,53.448,0.055,-1,375.000,-1,300.000,250.000,300.000,275.000,275.000,125.000,-1,-1,-1,-1,700.000,450.000,-1,350.000,2,1,2,1,1,1,1,0,1,2,2,2,2,0,1,2,1
28,6962.410,-7217.553,66.037,-60.234,0.496326,0.868001,0.015332,-0.868078,0.496420,-0.002841,-0.010077,-0.011900,0.999878,0,0.87827,0.14728,52.696,0.295,-1,375.000,-1,300.000,300.000,300.000,275.000,275.000,150.000,-1,-1,-1,-1,700.000,475.000,-1,350.000,2,1,2,1,1,1,1,0,1,2,2,2,2,0,1,2,1
29,6988.607,-7262.375,70.357,-59.700,0.504332,0.863100,0.026600,-0.863471,0.504361,0.006089,-0.008161,-0.026039,0.999628,0,0.86526,0.26728,51.916,0.535,-1,375.000,-1,325.000,325.000,300.000,300.000,250.000,175.000,-1,-1,-1,-1,700.000,500.000,-1,400.000,2,1,2,1,1,1,1,0,1,2,2,2,2,0,1,2,1
30,7014.999,-7306.161,73.927,-58.925,0.515961,0.855888,0.035215,-0.856592,0.515793,0.014401,-0.005838,-0.037595,0.999276,0,0.85209,0.38728,51.126,0.775,-1,400.000,-1,325.000,350.000,325.000,300.000,250.000,200.000,-1,-1,-1,-1,700.000,550.000,-1,450.000,2,1,2,1,1,1,1,0,1,2,2,2,2,0,1,2,1
31,1639.856,-7543.237,-235.435,-123.731,-0.555765,0.829710,-0.052020,-0.831294,-0.553991,0.045209,0.008692,0.068370,0.997622,1,0.00000,0.00000,50.344,1.015,-1,375.000,-1,375.000,-1,325.000,325.000,325.000,300.000,950.000,750.000,725.000,-1,775.000,725.000,-1,-1,2,0,2,0,2,0,0,0,0,1,1,0,2,0,0,2,2
32,1637.207,-7547.240,-235.391,-123.491,-0.552295,0.832026,-0.051984,-0.833600,-0.550513,0.045250,0.009031,0.068325,0.997622,0,0.08000,0.12000,4.800,0.240,-1,375.000,-1,375.000,-1,325.000,325.000,325.000,300.000,950.000,775.000,725.000,-1,775.000,725.000,-1,-1,2,0,2,0,2,0,0,0,0,1,1,0,2,0,0,2,2
33,1631.978,-7555.291,-235.298,-123.011,-0.545327,0.836614,-0.051910,-0.838167,-0.543527,0.045331,0.009710,0.068229,0.997622,0,0.16000,0.24000,9.600,0.480,-1,400.000,-1,375.000,-1,325.000,325.000,325.000,300.000,950.000,775.000,725.000,-1,775.000,725.000,-1,-1,2,0,2,0,2,0,0,0,0,1,0,0,2,0,0,2,2
34,1624.285,-7567.463,-235.143,-122.291,-0.534803,0.843387,-0.051797,-0.844908,-0.532977,0.045448,0.010724,0.068069,0.997623,0,0.24000,0.36000,14.400,0.720,-1,400.000,-1,375.000,-1,325.000,325.000,325.000,300.000,950.000,775.000,750.000,-1,775.000,725.000,-1,-1,2,0,2,0,2,0,0,0,0,1,0,0,2,0,0,2,2
35,1614.302,-7583.863,-234.911,-121.331,-0.520640,0.852213,-0.051641,-0.853691,-0.518780,0.045600,0.012071,0.067826,0.997624,0,0.32000,0.48000,19.200,0.960,-1,400.000,-1,375.000,-1,325.000,325.000,325.000,300.000,950.000,775.000,750.000,-1,775.000,725.000,-1,-1,2,0,2,0,2,0,0,0,0,1,0,0,2,0,0,2,2
36,1602.255,-7604.620,-234.581,-120.131,-0.502731,0.862911,-0.051437,-0.864334,-0.500831,0.045781,0.013744,0.067475,0.997626,0,0.40000,0.60000,24.000,1.200,-1,400.000,-1,375.000,-1,325.000,325.000,325.000,300.000,950.000,800.000,750.000,-1,775.000,725.000,-1,-1,2,0,2,0,2,0,0,0,0,1,0,0,2,0,0,2,2
37,1588.330,-7629.829,-234.132,-118.915,-0.484367,0.873366,-0.051188,-0.874728,-0.482427,0.045994,0.015475,0.067054,0.997629,0,0.48000,0.60776,28.800,1.216,-1,400.000,-1,375.000,-1,325.000,325.000,325.000,300.000,975.000,800.000,775.000,-1,775.000,725.000,-1,-1,2,0,2,0,2,0,0,0,0,1,0,0,2,0,0,2,2
38,1572.701,-7659.572,-233.548,-117.720,-0.466103,0.883266,-0.050891,-0.884563,-0.464123,0.046235,0.017218,0.066567,0.997633,0,0.56000,0.59749,33.600,1.195,-1,400.000,-1,375.000,-1,325.000,325.000,325.000,300.000,975.000,825.000,775.000,-1,775.000,725.000,-1,-1,2,0,2,0,2,0,0,0,0,1,0,0,2,0,0,2,2
39,1555.537,-7693.922,-232.810,-116.549,-0.448006,0.892601,-0.050543,-0.893829,-0.445990,0.046505,0.018968,0.066012,0.997639,0,0.64000,0.58558,38.400,1.171,-1,400.000,-1,375.000,-1,325.000,325.000,325.000,300.000,1000.000,825.000,800.000,-1,800.000,725.000,-1,-1,2,0,2,0,2,0,0,0,0,1,0,0,2,0,0,2,2
40,1537.004,-7732.944,-231.911,-115.405,-0.430149,0.901367,-0.050097,-0.902520,-0.428097,0.046812,0.020749,0.065350,0.997647,0,0.72000,0.57205,43.200,1.144,-1,400.000,-1,375.000,-1,325.000,325.000,325.000,300.000,-1,850.000,825.000,-1,800.000,725.000,-1,-1,2,0,2,0,2,0,0,0,0,2,0,0,2,0,0,2,2
41,1517.258,-7776.694,-230.849,-114.291,-0.412597,0.909567,-0.049514,-0.910635,-0.410518,0.047103,0.022517,0.064524,0.997662,0,0.80000,0.55688,48.000,1.114,-1,400.000,-1,375.000,-1,325.000,325.000,325.000,300.000,-1,875.000,850.000,-1,800.000,725.000,-1,-1,2,0,2,0,2,0,0,0,0,2,0,0,2,0,0,2,2
42,1497.826,-7822.004,-229.781,-113.211,-0.395398,0.917221,-0.048640,-0.918199,-0.393332,0.046906,0.023892,0.063208,0.997714,0,0.82169,0.54007,49.301,1.080,-1,400.000,-1,375.000,-1,325.000,325.000,325.000,300.000,-1,900.000,900.000,-1,800.000,725.000,-1,-1,2,0,2,0,2,0,0,0,0,2,0,0,2,0,0,2,2
43,1478.989,-7868.239,-228.673,-112.165,-0.378594,0.924339,-0.047583,-0.925224,-0.376565,0.046459,0.025026,0.061614,0.997786,0,0.83210,0.52284,49.926,1.046,-1,400.000,-1,375.000,-1,325.000,325.000,300.000,300.000,-1,950.000,950.000,-1,800.000,725.000,-1,-1,2,0,2,0,2,0,0,0,0,2,0,0,2,0,0,2,2
44,1460.744,-7915.386,-227.468,-111.155,-0.362226,0.930931,-0.046484,-0.931725,-0.360236,0.046031,0.026106,0.059984,0.997858,0,0.84256,0.50541,50.554,1.011,-1,400.000,-1,375.000,-1,325.000,325.000,300.000,300.000,-1,1000.000,1000.000,-1,800.000,725.000,-1,-1,2,0,2,0,2,0,0,0,0,2,0,0,2,0,0,2,2
45,1445.167,-7958.406,-226.290,-109.904,-0.341819,0.938666,-0.045454,-0.939366,-0.339863,0.045665,0.027416,0.058307,0.997922,0,0.76256,0.62541,45.754,1.251,-1,400.000,-1,375.000,-1,325.000,325.000,300.000,300.000,-1,-1,-1,-1,800.000,725.000,-1,-1,2,0,2,0,2,0,0,0,0,2,2,2,2,0,0,2,2
46,1431.111,-8000.623,-225.134,-108.413,-0.317281,0.947274,-0.044778,-0.947898,-0.315354,0.045179,0.028676,0.056779,0.997975,0,0.74160,0.74541,44.496,1.491,-1,400.000,-1,375.000,-1,325.000,325.000,300.000,300.000,-1,-1,-1,-1,800.000,725.000,-1,-1,2,0,2,0,2,0,0,0,0,2,2,2,2,0,0,2,2
47,1418.193,-8043.728,-223.916,-106.682,-0.288520,0.956451,-0.044255,-0.957005,-0.286624,0.044584,0.029958,0.055216,0.998025,0,0.75000,0.86541,45.000,1.731,-1,400.000,-1,375.000,-1,325.000,325.000,300.000,300.000,-1,-1,-1,-1,800.000,725.000,-1,-1,2,0,2,0,2,0,0,0,0,2,2,2,2,0,0,2,2
48,1406.631,-8087.757,-222.581,-104.711,-0.255447,0.965837,-0.043657,-0.966314,-0.253587,0.043946,0.031374,0.053412,0.998080,0,0.75872,0.98541,45.523,1.971,-1,400.000,-1,375.000,-1,325.000,325.000,300.000,300.000,-1,-1,-1,-1,800.000,725.000,-1,-1,2,0,2,0,2,0,0,0,0,2,2,2,2,0,0,2,2
49,1396.494,-8132.692,-221.126,-102.711,-0.221565,0.974198,-0.042969,-0.974597,-0.219748,0.043256,0.032698,0.051462,0.998140,0,0.76774,1.00000,46.065,2.000,-1,400.000,-1,375.000,-1,325.000,325.000,300.000,300.000,-1,-1,-1,-1,800.000,700.000,-1,-1,2,0,2,0,2,0,0,0,0,2,2,2,2,0,0,2,2
50,1387.831,-8178.486,-219.555,-100.711,-0.187401,0.981377,-0.042191,-0.981699,-0.185634,0.042514,0.033890,0.049386,0.998205,0,0.77678,1.00000,46.607,2.000,-1,400.000,-1,375.000,-1,325.000,325.000,300.000,300.000,-1,-1,-1,-1,825.000,700.000,-1,-1,2,0,2,0,2,0,0,0,0,2,2,2,2,0,0,2,2
51,1380.689,-8225.090,-217.873,-98.711,-0.152996,0.987362,-0.041324,-0.987609,-0.151288,0.041721,0.034942,0.047195,0.998274,0,0.78580,1.00000,47.148,2.000,-1,400.000,-1,375.000,-1,325.000,325.000,300.000,300.000,-1,-1,-1,-1,825.000,700.000,-1,-1,2,0,2,0,2,0,0,0,0,2,2,2,2,0,0,2,2
52,1375.114,-8272.449,-216.086,-96.711,-0.118392,0.992146,-0.040367,-0.992320,-0.116750,0.040878,0.035844,0.044897,0.998348,0,0.79478,1.00000,47.687,2.000,1000.000,400.000,-1,375.000,-1,325.000,325.000,300.000,300.000,-1,-1,-1,-1,825.000,700.000,-1,-1,1,0,2,0,2,0,0,0,0,2,2,2,2,0,0,2,2
53,1371.152,-8320.509,-214.199,-94.711,-0.083632,0.995721,-0.039324,-0.995825,-0.082062,0.039984,0.036586,0.042503,0.998426,0,0.80372,1.00000,48.223,2.000,950.000,400.000,-1,375.000,-1,325.000,325.000,300.000,300.000,-1,-1,-1,-1,825.000,700.000,-1,-1,1,0,2,0,2,0,0,0,0,2,2,2,2,0,0,2,2
54,1368.844,-8369.210,-212.218,-92.711,-0.048758,0.998080,-0.038193,-0.998119,-0.047266,0.039040,0.037160,0.040025,0.998507,0,0.81261,1.00000,48.757,2.000,875.000,400.000,-1,375.000,-1,325.000,325.000,300.000,300.000,-1,-1,-1,-1,800.000,700.000,-1,-1,1,0,2,0,2,0,0,0,0,2,2,2,2,1,0,2,2
55,1368.231,-8418.493,-210.150,-90.711,-0.013814,0.999221,-0.036976,-0.999199,-0.012406,0.038046,0.037557,0.037472,0.998592,0,0.82144,1.00000,49.287,2.000,825.000,400.000,-1,375.000,-1,325.000,325.000,300.000,300.000,-1,-1,-1,-1,775.000,700.000,-1,-1,1,0,2,0,2,0,0,0,0,2,2,2,2,1,0,2,2
56,1369.350,-8468.272,-208.004,-88.711,0.021154,0.999140,-0.035673,-0.999060,0.022476,0.037062,0.037832,0.034855,0.998676,0,0.82988,1.00000,49.793,2.000,775.000,400.000,-1,375.000,-1,325.000,325.000,300.000,300.000,-1,-1,-1,-1,725.000,700.000,1000.000,-1,1,0,2,0,2,0,0,0,0,2,2,2,2,1,0,1,2
57,1372.221,-8518.262,-205.821,-86.711,0.056093,0.997830,-0.034485,-0.997699,0.057336,0.036175,0.038074,0.032376,0.998750,0,0.83453,1.00000,50.072,2.000,700.000,400.000,-1,375.000,-1,325.000,325.000,300.000,300.000,-1,-1,-1,-1,700.000,725.000,875.000,-1,1,0,2,0,2,0,0,0,0,2,2,2,2,1,0,1,2
58,1376.861,-8568.404,-203.747,-84.711,0.090937,0.995294,-0.033480,-0.995094,0.092132,0.036054,0.038969,0.030037,0.998789,0,0.83928,1.00000,50.357,2.000,675.000,400.000,-1,375.000,-1,325.000,325.000,300.000,300.000,-1,-1,-1,-1,675.000,725.000,775.000,-1,1,1,2,0,2,0,0,0,0,2,2,2,2,1,0,1,2
59,1383.286,-8618.642,-201.536,-82.711,0.125641,0.991529,-0.032928,-0.991255,0.126818,0.036487,0.040354,0.028056,0.998791,0,0.84413,1.00000,50.648,2.000,625.000,400.000,-1,375.000,-1,325.000,325.000,300.000,300.000,-1,-1,-1,-1,650.000,725.000,725.000,-1,1,1,2,0,2,0,0,0,0,2,2,2,2,1,0,1,2
60,1391.508,-8668.918,-199.174,-80.711,0.160168,0.986540,-0.032939,-0.986200,0.161352,0.037094,0.041909,0.026544,0.998769,0,0.84906,1.00000,50.943,2.000,575.000,400.000,-1,400.000,-1,325.000,325.000,300.000,300.000,-1,-1,-1,-1,625.000,725.000,650.000,-1,1,1,2,0,2,0,0,0,0,2,2,2,2,1,0,1,2
61,1401.539,-8719.170,-196.660,-78.711,0.194470,0.980333,-0.033594,-0.979936,0.195688,0.037844,0.043674,0.025561,0.998719,0,0.85406,1.00000,51.244,2.000,550.000,375.000,-1,400.000,-1,325.000,325.000,300.000,300.000,-1,-1,-1,-1,600.000,725.000,600.000,-1,1,1,2,0,2,0,0,0,0,2,2,2,2,1,0,1,2
62,1413.388,-8769.337,-193.992,-76.711,0.228498,0.972916,-0.034971,-0.972472,0.229784,0.038697,0.045685,0.025167,0.998639,0,0.85913,1.00000,51.548,2.000,525.000,375.000,-1,400.000,-1,350.000,325.000,325.000,300.000,-1,-1,-1,-1,575.000,750.000,550.000,-1,1,1,2,0,2,0,0,0,0,2,2,2,2,1,0,1,2
63,1427.061,-8819.357,-191.171,-74.711,0.262202,0.964298,-0.037145,-0.963820,0.263597,0.039601,0.047978,0.025417,0.998525,0,0.86425,1.00000,51.855,2.000,475.000,375.000,-1,400.000,-1,325.000,350.000,325.000,300.000,-1,-1,-1,-1,550.000,750.000,525.000,-1,1,1,2,0,2,1,0,0,0,2,2,2,2,1,0,1,2
64,1442.565,-8869.165,-188.196,-72.711,0.295531,0.954488,-0.040182,-0.953993,0.297083,0.040496,0.050590,0.026365,0.998371,0,0.86941,1.00000,52.165,2.000,450.000,350.000,-1,400.000,-1,325.000,350.000,325.000,275.000,-1,-1,-1,-1,525.000,775.000,475.000,-1,1,1,2,0,2,1,0,0,0,2,2,2,2,1,0,1,2
65,1459.900,-8918.695,-185.069,-70.711,0.328434,0.943495,-0.044145,-0.943007,0.330197,0.041311,0.053553,0.028061,0.998171,0,0.87459,1.00000,52.476,2.000,425.000,350.000,-1,425.000,-1,325.000,350.000,325.000,275.000,-1,-1,-1,-1,525.000,775.000,450.000,-1,1,1,2,0,2,1,0,0,0,2,2,2,2,1,0,1,2
66,1479.067,-8967.879,-181.791,-68.711,0.360858,0.931328,-0.049086,-0.930884,0.362897,0.041967,0.056898,0.030549,0.997912,0,0.87978,1.00000,52.787,2.000,425.000,325.000,-1,425.000,-1,300.000,350.000,350.000,275.000,-1,-1,-1,-1,500.000,800.000,425.000,-1,1,1,2,0,2,1,1,0,0,2,2,2,2,1,0,1,2
67,1500.061,-9016.648,-178.367,-66.711,0.392747,0.917998,-0.055048,-0.917644,0.395137,0.042377,0.060653,0.033871,0.997584,0,0.88494,1.00000,53.096,2.000,400.000,325.000,-1,425.000,-1,300.000,350.000,350.000,275.000,-1,-1,-1,-1,475.000,825.000,400.000,-1,1,1,2,0,2,1,1,0,0,2,2,2,2,1,0,1,2
68,1522.877,-9064.932,-174.792,-64.711,0.424048,0.903513,-0.062034,-0.903317,0.426870,0.042439,0.064824,0.038040,0.997171,0,0.89005,1.00000,53.403,2.000,375.000,300.000,-1,450.000,-1,300.000,325.000,375.000,275.000,-1,-1,-1,-1,475.000,825.000,375.000,-1,1,1,2,0,2,1,1,0,0,2,2,2,2,1,1,1,2
69,1547.502,-9112.658,-171.056,-62.711,0.454705,0.887885,-0.070024,-0.887929,0.458049,0.042109,0.069462,0.043030,0.996656,0,0.89507,1.00000,53.704,2.000,350.000,300.000,-1,425.000,-1,275.000,325.000,400.000,275.000,-1,725.000,425.000,-1,450.000,750.000,350.000,-1,1,1,2,1,2,1,1,0,0,2,0,0,2,1,1,1,2
70,1573.922,-9159.750,-166.941,-60.711,0.484659,0.871155,-0.078700,-0.871463,0.488643,0.042200,0.075219,0.048132,0.996005,0,0.89996,1.00000,53.997,2.000,350.000,300.000,-1,400.000,-1,275.000,300.000,400.000,275.000,-1,500.000,300.000,-1,450.000,725.000,325.000,-1,1,1,2,1,2,1,1,1,0,2,0,0,2,1,1,1,2
71,1599.302,-9201.897,-163.086,-58.951,0.510352,0.855497,-0.087551,-0.856155,0.515024,0.041819,0.080867,0.053615,0.995282,0,0.81996,0.88000,49.197,1.760,350.000,300.000,1000.000,400.000,-1,275.000,300.000,400.000,250.000,-1,425.000,225.000,950.000,450.000,675.000,325.000,-1,1,1,1,1,2,1,1,1,0,2,0,0,0,1,1,1,2
72,1623.207,-9239.309,-159.520,-57.431,0.531975,0.841265,-0.096308,-0.842350,0.537363,0.041077,0.086309,0.059273,0.994504,0,0.73996,0.76000,44.397,1.520,325.000,275.000,975.000,375.000,-1,250.000,300.000,425.000,250.000,-1,375.000,175.000,800.000,425.000,650.000,300.000,975.000,1,1,1,1,2,1,1,1,0,2,0,0,0,1,1,1,1
73,-8199.148,2295.765,-109.893,30.371,0.860300,-0.505511,0.065900,0.505603,0.862608,0.016498,-0.065185,0.019126,0.997690,1,0.00000,0.00000,39.597,1.280,-1,375.000,-1,350.000,-1,300.000,300.000,175.000,275.000,275.000,-1,-1,-1,700.000,600.000,-1,-1,2,0,2,0,2,0,0,1,0,1,2,2,2,0,0,2,2
74,-8195.016,2298.209,-110.097,30.611,0.858169,-0.509118,0.065919,0.509213,0.860480,0.016606,-0.065176,0.019316,0.997687,0,0.08000,0.12000,4.800,0.240,-1,375.000,-1,350.000,-1,300.000,300.000,175.000,275.000,300.000,-1,-1,-1,700.000,600.000,-1,-1,2,0,2,0,2,0,0,1,0,1,2,2,2,0,0,2,2
75,-8186.785,2303.149,-110.422,30.967,0.854954,-0.514447,0.066320,0.514565,0.857291,0.016599,-0.065395,0.019934,0.997660,0,0.16000,0.17796,9.600,0.356,-1,375.000,-1,350.000,-1,300.000,300.000,175.000,275.000,300.000,-1,-1,-1,700.000,600.000,-1,-1,2,0,2,0,2,0,0,1,0,1,2,2,2,0,0,2,2
76,-8174.484,2310.635,-110.805,31.322,0.851664,-0.519738,0.067383,0.519912,0.854064,0.016302,-0.066022,0.021149,0.997594,0,0.24000,0.17757,14.400,0.355,-1,375.000,-1,350.000,1000.000,300.000,300.000,175.000,275.000,300.000,-1,-1,-1,700.000,600.000,-1,-1,2,0,2,0,0,0,0,1,0,1,2,2,2,0,0,2,2
77,-8158.144,2320.717,-111.277,31.676,0.848313,-0.524984,0.068967,0.525244,0.850805,0.015777,-0.066960,0.022841,0.997494,0,0.32000,0.17697,19.200,0.354,-1,375.000,-1,350.000,950.000,300.000,300.000,200.000,275.000,300.000,-1,-1,-1,675.000,600.000,-1,-1,2,0,2,0,0,0,0,1,0,1,2,2,2,0,0,2,2
78,-8137.797,2333.446,-111.882,32.029,0.844919,-0.530180,0.070854,0.530546,0.847521,0.015107,-0.068059,0.024827,0.997372,0,0.40000,0.17614,24.000,0.352,-1,375.000,-1,350.000,900.000,300.000,300.000,200.000,275.000,300.000,-1,-1,-1,675.000,600.000,-1,1000.000,2,0,2,0,0,0,0,1,0,1,2,2,2,0,0,2,0
79,-8113.475,2348.869,-112.675,32.379,0.841512,-0.535321,0.072722,0.535800,0.844222,0.014406,-0.069106,0.026842,0.997248,0,0.48000,0.17503,28.800,0.350,-1,375.000,-1,350.000,875.000,300.000,300.000,225.000,275.000,300.000,-1,-1,-1,675.000,600.000,-1,950.000,2,0,2,0,0,0,0,1,0,1,2,2,2,0,0,2,0
80,-8085.208,2367.034,-113.740,32.726,0.838127,-0.540401,0.074230,0.540982,0.840921,0.013785,-0.069871,0.028603,0.997146,0,0.56000,0.17362,33.600,0.347,-1,375.000,-1,350.000,825.000,300.000,300.000,225.000,275.000,300.000,-1,-1,-1,675.000,575.000,-1,900.000,2,0,2,0,0,0,0,1,0,1,2,2,2,0,0,2,0
81,-8056.893,2385.471,-114.984,33.070,0.834815,-0.545420,0.074841,0.546053,0.837641,0.013544,-0.070077,0.029560,0.997103,0,0.56314,0.17184,33.788,0.344,-1,375.000,-1,350.000,825.000,300.000,300.000,250.000,275.000,300.000,-1,-1,-1,675.000,575.000,-1,900.000,2,0,2,0,0,0,0,1,0,1,2,2,2,0,0,2,0
82,-8028.861,2403.962,-116.363,33.410,0.831582,-0.550379,0.074536,0.550998,0.834392,0.013838,-0.069808,0.029562,0.997122,0,0.55970,0.16992,33.582,0.340,-1,375.000,-1,350.000,825.000,300.000,300.000,275.000,275.000,300.000,-1,-1,-1,675.000,575.000,-1,900.000,2,0,2,0,0,0,0,1,0,1,2,2,2,0,0,2,0
83,-8001.094,2422.512,-117.926,33.745,0.828434,-0.555271,0.073291,0.555830,0.831171,0.014425,-0.068928,0.028787,0.997206,0,0.55654,0.16787,33.393,0.336,-1,375.000,-1,350.000,825.000,300.000,300.000,275.000,275.000,300.000,-1,-1,-1,675.000,575.000,-1,900.000,2,0,2,0,0,0,0,1,0,1,2,2,2,0,0,2,0
84,-7973.579,2441.125,-119.671,34.077,0.825372,-0.560094,0.071106,0.560547,0.827981,0.015289,-0.067438,0.027239,0.997352,0,0.55367,0.16571,33.220,0.331,-1,375.000,-1,350.000,875.000,300.000,300.000,300.000,275.000,300.000,-1,-1,-1,650.000,600.000,-1,950.000,2,0,2,0,0,0,0,1,0,1,2,2,2,0,0,2,0
85,-7946.298,2459.806,-121.591,34.404,0.822397,-0.564843,0.067943,0.565153,0.824823,0.016424,-0.065318,0.024891,0.997554,0,0.55106,0.16344,33.064,0.327,-1,375.000,-1,350.000,925.000,300.000,300.000,325.000,275.000,300.000,-1,-1,-1,650.000,600.000,-1,1000.000,2,0,2,0,0,0,0,1,0,1,2,2,2,0,0,2,0
86,-7919.239,2478.560,-123.641,34.726,0.819517,-0.569515,0.063588,0.569643,0.821698,0.017876,-0.062431,0.021573,0.997816,0,0.54873,0.16107,32.924,0.322,-1,375.000,-1,350.000,-1,300.000,300.000,350.000,275.000,300.000,-1,-1,-1,650.000,600.000,-1,-1,2,0,2,0,2,0,0,1,0,1,2,2,2,0,0,2,2
87,-7892.386,2497.393,-125.874,35.043,0.816708,-0.574102,0.058270,0.574035,0.818597,0.019555,-0.058926,0.017478,0.998109,0,0.54665,0.15860,32.799,0.317,-1,375.000,-1,350.000,-1,300.000,300.000,350.000,275.000,300.000,-1,-1,-1,650.000,625.000,-1,-1,2,0,2,0,2,0,0,1,0,1,2,2,2,0,0,2,2
88,-7865.726,2516.308,-128.291,35.355,0.813957,-0.578594,0.051981,0.578334,0.815518,0.021450,-0.054802,0.012603,0.998418,0,0.54482,0.15604,32.689,0.312,-1,375.000,-1,350.000,-1,300.000,300.000,350.000,300.000,300.000,-1,-1,-1,650.000,625.000,-1,-1,2,0,2,0,2,0,0,0,0,1,2,2,2,0,0,2,2
89,-7839.244,2535.310,-130.892,35.662,0.811252,-0.582984,0.044711,0.582550,0.812454,0.023546,-0.050053,0.006945,0.998722,0,0.54324,0.15338,32.594,0.307,-1,375.000,-1,375.000,-1,300.000,300.000,325.000,300.000,275.000,-1,-1,-1,650.000,650.000,-1,-1,2,0,2,0,2,0,0,0,0,1,2,2,2,0,0,2,2
90,-7812.929,2554.404,-133.605,35.963,0.808576,-0.587263,0.036434,0.586712,0.809396,0.025432,-0.044424,0.000813,0.999012,0,0.54189,0.15065,32.513,0.301,-1,375.000,-1,375.000,-1,325.000,300.000,325.000,300.000,275.000,-1,-1,-1,675.000,675.000,-1,-1,2,0,2,0,2,0,0,0,0,1,2,2,2,0,0,2,2
91,-7786.768,2573.593,-136.458,36.259,0.805906,-0.591421,0.027148,0.590823,0.806341,0.027239,-0.038000,-0.005912,0.999260,0,0.54076,0.14782,32.445,0.296,-1,375.000,-1,375.000,-1,325.000,325.000,300.000,300.000,275.000,-1,-1,-1,675.000,725.000,-1,-1,2,0,2,0,2,0,0,0,0,1,2,2,2,0,0,2,2
92,-7760.747,2592.882,-137.909,36.549,0.802980,-0.595489,0.024813,0.594913,0.803333,0.027090,-0.036065,-0.006991,0.999325,0,0.53985,0.14493,32.391,0.290,-1,375.000,-1,375.000,-1,325.000,325.000,300.000,300.000,300.000,-1,-1,-1,675.000,725.000,-1,-1,2,0,2,0,2,0,0,0,0,1,2,2,2,0,0,2,2
93,-7734.855,2612.274,-138.962,36.832,0.800029,-0.599464,0.024435,0.598917,0.800376,0.026401,-0.035384,-0.006487,0.999353,0,0.53914,0.14195,32.348,0.284,-1,375.000,-1,375.000,-1,325.000,325.000,300.000,300.000,300.000,-1,-1,-1,675.000,725.000,-1,-1,2,0,2,0,2,0,0,0,0,1,2,2,2,0,0,2,2
94,-7709.083,2631.773,-140.009,37.110,0.797122,-0.603339,0.024054,0.602821,0.797462,0.025702,-0.034690,-0.005987,0.999380,0,0.53863,0.13890,32.318,0.278,-1,375.000,-1,375.000,-1,325.000,325.000,300.000,300.000,325.000,1000.000,-1,-1,675.000,725.000,-1,-1,2,0,2,0,2,0,0,0,0,1,0,2,2,0,0,2,2
95,-7683.418,2651.382,-141.051,37.382,0.794262,-0.607114,0.023672,0.606624,0.794596,0.024993,-0.033983,-0.005491,0.999407,0,0.53832,0.13578,32.299,0.272,-1,375.000,-1,400.000,-1,325.000,325.000,300.000,300.000,350.000,950.000,-1,-1,675.000,725.000,-1,-1,2,0,2,0,2,0,0,0,0,1,0,2,2,0,0,2,2
96,-7657.850,2671.105,-142.088,37.647,0.791452,-0.610787,0.023287,0.610325,0.791779,0.024274,-0.033264,-0.004999,0.999434,0,0.53818,0.13260,32.291,0.265,-1,375.000,-1,400.000,-1,300.000,325.000,300.000,300.000,375.000,900.000,950.000,-1,675.000,725.000,-1,-1,2,0,2,0,2,0,0,0,0,1,0,0,2,0,0,2,2
97,-7632.370,2690.945,-143.115,37.906,0.788696,-0.614357,0.022899,0.613923,0.789015,0.023535,-0.032527,-0.004504,0.999461,0,0.53822,0.12934,32.293,0.259,-1,375.000,-1,400.000,-1,300.000,325.000,300.000,300.000,400.000,875.000,925.000,-1,675.000,725.000,-1,-1,2,0,2,0,2,0,0,0,0,1,0,0,2,0,0,2,2
98,-7606.968,2710.904,-144.068,38.158,0.785994,-0.617824,0.022507,0.617426,0.786307,0.022492,-0.031593,-0.003782,0.999494,0,0.53842,0.12602,32.305,0.252,-1,375.000,-1,400.000,-1,300.000,325.000,300.000,300.000,400.000,825.000,875.000,-1,675.000,725.000,-1,-1,2,0,2,0,2,0,0,0,0,1,0,0,2,0,0,2,2
99,-7581.634,2730.985,-145.017,38.403,0.783351,-0.621186,0.022113,0.620823,0.783657,0.021438,-0.030646,-0.003065,0.999526,0,0.53879,0.12264,32.327,0.245,-1,375.000,-1,400.000,-1,300.000,325.000,300.000,300.000,425.000,800.000,825.000,-1,675.000,725.000,-1,-1,2,0,2,0,2,0,0,0,0,1,0,0,2,0,0,2,2
100,-7556.360,2751.191,-145.964,38.641,0.780769,-0.624442,0.021719,0.624114,0.781067,0.020373,-0.029686,-0.002351,0.999557,0,0.53931,0.11920,32.358,0.238,-1,375.000,-1,400.000,-1,300.000,325.000,300.000,300.000,450.000,775.000,800.000,-1,675.000,725.000,-1,-1,2,0,2,0,2,0,0,0,0,1,0,0,2,0,0,2,2
101,-7531.137,2771.524,-146.907,38.873,0.778250,-0.627593,0.021324,0.627298,0.778540,0.019297,-0.028712,-0.001642,0.999586,0,0.53997,0.11570,32.398,0.231,-1,375.000,-1,375.000,-1,300.000,325.000,300.000,300.000,475.000,750.000,775.000,-1,675.000,725.000,-1,-1,2,0,2,0,2,0,0,0,0,1,0,0,2,0,0,2,2
102,-7505.956,2791.986,-147.847,39.097,0.775797,-0.630636,0.020926,0.630373,0.776078,0.018209,-0.027724,-0.000935,0.999615,0,0.54078,0.11213,32.447,0.224,-1,375.000,-1,375.000,-1,300.000,325.000,300.000,300.000,500.000,725.000,750.000,-1,675.000,725.000,-1,-1,2,0,2,0,2,0,0,0,0,1,0,0,2,0,0,2,2
103,-7480.809,2812.579,-148.784,39.314,0.773412,-0.633571,0.020527,0.633340,0.773684,0.017111,-0.026722,-0.000233,0.999643,0,0.54172,0.10851,32.503,0.217,-1,375.000,-1,375.000,-1,300.000,325.000,300.000,300.000,525.000,725.000,725.000,-1,675.000,725.000,-1,-1,2,0,2,0,2,0,0,0,0,1,0,0,2,0,0,2,2
104,-7455.688,2833.304,-149.718,39.524,0.771098,-0.636398,0.020125,0.636197,0.771361,0.016000,-0.025706,0.000466,0.999669,0,0.54279,0.10484,32.567,0.210,-1,375.000,-1,375.000,-1,300.000,325.000,300.000,300.000,525.000,700.000,700.000,-1,675.000,725.000,-1,-1,2,0,2,0,2,0,0,0,0,1,0,0,2,0,0,2,2
105,-7430.584,2854.165,-150.598,39.726,0.768857,-0.639116,0.019715,0.638938,0.769110,0.015124,-0.024829,0.000968,0.999691,0,0.54399,0.10110,32.639,0.202,-1,375.000,-1,375.000,-1,300.000,325.000,300.000,300.000,550.000,700.000,675.000,-1,675.000,725.000,-1,-1,2,0,2,0,2,0,0,0,0,1,0,0,2,0,0,2,2
106,-7401.774,2878.074,-151.591,39.688,0.769293,-0.638608,0.019184,0.638453,0.769531,0.014156,-0.023803,0.001358,0.999716,0,0.62399,-0.01890,37.439,-0.038,-1,375.000,-1,375.000,-1,300.000,325.000,300.000,300.000,575.000,675.000,650.000,-1,675.000,725.000,-1,-1,2,0,2,0,2,0,0,0,0,1,1,0,2,0,0,2,2
107,-7369.139,2904.890,-152.703,39.410,0.772397,-0.634870,0.018518,0.634737,0.772617,0.013069,-0.022605,0.001660,0.999743,0,0.70399,-0.13890,42.239,-0.278,-1,375.000,-1,375.000,-1,300.000,325.000,300.000,300.000,625.000,675.000,625.000,-1,675.000,725.000,-1,-1,2,0,2,0,2,0,0,0,0,1,0,0,2,0,0,2,2
108,-7332.527,2934.425,-153.928,38.893,0.778124,-0.627861,0.017698,0.627752,0.778323,0.011881,-0.021234,0.001865,0.999773,0,0.78399,-0.25890,47.039,-0.518,-1,375.000,-1,375.000,-1,300.000,300.000,300.000,300.000,650.000,625.000,600.000,-1,675.000,725.000,-1,-1,2,0,2,0,2,0,0,0,0,1,0,0,2,0,0,2,2
109,-7291.855,2966.567,-154.910,38.319,0.784391,-0.620037,0.016864,0.619950,0.784570,0.010578,-0.019790,0.002158,0.999802,0,0.86399,-0.28683,51.839,-0.574,-1,375.000,-1,375.000,-1,300.000,325.000,300.000,300.000,700.000,625.000,575.000,-1,675.000,725.000,-1,-1,2,0,2,0,2,0,0,0,0,1,0,0,2,0,0,2,2
110,-7250.632,2998.465,-155.772,37.732,0.790720,-0.611969,0.015991,0.611903,0.790878,0.009299,-0.018338,0.002432,0.999829,0,0.86873,-0.29340,52.124,-0.587,-1,375.000,-1,375.000,-1,300.000,325.000,300.000,300.000,725.000,625.000,575.000,-1,675.000,725.000,-1,-1,2,0,2,0,2,0,0,0,0,1,0,0,2,0,0,2,2
111,-7208.935,3030.036,-156.621,37.132,0.797108,-0.603649,0.015102,0.603601,0.797246,0.008044,-0.016896,0.002703,0.999854,0,0.87167,-0.30016,52.300,-0.600,-1,375.000,-1,375.000,-1,300.000,325.000,300.000,300.000,775.000,625.000,575.000,-1,675.000,725.000,-1,-1,2,0,2,0,2,0,0,0,0,1,0,0,2,0,0,2,2
112,-7166.742,3061.278,-157.459,36.518,0.803550,-0.595067,0.014194,0.595036,0.803670,0.006814,-0.015462,0.002971,0.999876,0,0.87501,-0.30709,52.501,-0.614,-1,375.000,-1,375.000,-1,300.000,325.000,300.000,300.000,825.000,625.000,575.000,-1,675.000,725.000,-1,-1,2,0,2,0,2,0,0,0,0,1,0,0,2,0,0,2,2
113,-7124.027,3092.186,-158.280,35.889,0.810045,-0.586217,0.013292,0.586200,0.810147,0.005602,-0.014053,0.003254,0.999896,0,0.87873,-0.31418,52.724,-0.628,-1,375.000,-1,375.000,-1,325.000,325.000,300.000,300.000,850.000,625.000,575.000,-1,675.000,725.000,-1,-1,2,0,2,0,2,0,0,0,0,1,0,0,2,0,0,2,2
114,-7080.769,3122.753,-158.972,35.246,0.816578,-0.577089,0.012963,0.577088,0.816671,0.004246,-0.013037,0.004014,0.999907,0,0.88281,-0.32143,52.969,-0.643,-1,375.000,-1,400.000,-1,325.000,325.000,300.000,300.000,900.000,650.000,575.000,-1,675.000,725.000,-1,-1,2,0,2,0,2,0,0,0,0,1,0,0,2,0,0,2,2
115,-7036.945,3152.973,-159.651,34.589,0.823156,-0.567675,0.012617,0.567688,0.823239,0.002901,-0.012034,0.004775,0.999916,0,0.88722,-0.32883,53.233,-0.658,-1,375.000,-1,400.000,-1,325.000,325.000,300.000,300.000,950.000,675.000,600.000,-1,675.000,750.000,-1,-1,2,0,2,0,2,0,0,0,0,1,0,0,2,0,0,2,2
116,-6992.534,3182.834,-160.311,33.916,0.829772,-0.557968,0.012252,0.557993,0.829844,0.001530,-0.011021,0.005567,0.999924,0,0.89194,-0.33638,53.516,-0.673,-1,375.000,-1,400.000,-1,325.000,325.000,300.000,300.000,1000.000,675.000,625.000,-1,675.000,750.000,-1,-1,2,0,2,0,2,0,0,0,0,1,0,0,2,0,0,2,2
117,-6947.517,3212.324,-160.895,33.228,0.836422,-0.547957,0.011837,0.547997,0.836480,-0.000163,-0.009812,0.006623,0.999930,0,0.89695,-0.34407,53.817,-0.688,-1,375.000,-1,400.000,-1,325.000,325.000,300.000,300.000,-1,700.000,625.000,-1,700.000,750.000,-1,-1,2,0,2,0,2,0,0,0,0,2,0,0,2,0,0,2,2
118,-6901.872,3241.430,-161.370,32.524,0.843101,-0.537635,0.011342,0.537691,0.843139,-0.002351,-0.008299,0.008080,0.999933,0,0.90224,-0.35190,54.135,-0.704,-1,375.000,-1,400.000,-1,325.000,325.000,300.000,300.000,-1,725.000,625.000,-1,700.000,750.000,-1,-1,2,0,2,0,2,0,0,0,0,2,0,0,2,0,0,2,2
119,-6855.583,3270.135,-161.843,31.804,0.849799,-0.526995,0.010813,0.527062,0.849815,-0.004476,-0.006830,0.009503,0.999932,0,0.90779,-0.35987,54.468,-0.720,-1,375.000,-1,400.000,-1,325.000,325.000,300.000,300.000,-1,725.000,650.000,-1,700.000,750.000,-1,-1,2,0,2,0,2,0,0,0,0,2,0,0,2,0,0,2,2
120,-6808.631,3298.423,-162.313,31.068,0.856510,-0.516029,0.010250,0.516103,0.856502,-0.006539,-0.005405,0.010891,0.999926,0,0.91359,-0.36797,54.815,-0.736,-1,375.000,-1,400.000,-1,325.000,325.000,300.000,300.000,-1,725.000,650.000,-1,700.000,750.000,-1,-1,2,0,2,0,2,0,0,0,0,2,0,0,2,0,0,2,2
121,-6760.895,3326.338,-162.770,30.318,0.863206,-0.504759,0.009663,0.504835,0.863174,-0.008488,-0.004056,0.012205,0.999917,0,0.92164,-0.37524,55.298,-0.750,-1,375.000,-1,400.000,-1,325.000,325.000,300.000,300.000,-1,750.000,650.000,-1,725.000,750.000,-1,-1,2,0,2,0,2,0,0,0,0,2,0,0,2,0,0,2,2
122,-6712.574,3353.736,-163.012,29.553,0.869871,-0.493194,0.009204,0.493269,0.869826,-0.009383,-0.003378,0.012702,0.999914,0,0.92581,-0.38224,55.548,-0.764,-1,375.000,-1,400.000,-1,325.000,325.000,300.000,300.000,-1,800.000,700.000,-1,725.000,775.000,-1,-1,2,0,2,0,2,0,0,0,0,2,0,0,2,0,0,2,2
123,-6667.594,3378.699,-163.210,29.029,0.874354,-0.485209,0.008806,0.485281,0.874300,-0.010092,-0.002802,0.013098,0.999910,0,0.85737,-0.26224,51.442,-0.524,-1,375.000,-1,400.000,-1,325.000,325.000,300.000,300.000,-1,825.000,725.000,-1,725.000,775.000,-1,-1,2,0,2,0,2,0,0,0,0,2,0,0,2,0,0,2,2
124,-6622.165,3403.394,-163.404,28.528,0.878563,-0.477552,0.008407,0.477620,0.878500,-0.010771,-0.002242,0.013478,0.999907,0,0.86180,-0.25022,51.708,-0.500,-1,375.000,-1,400.000,-1,325.000,325.000,300.000,300.000,-1,875.000,775.000,-1,725.000,775.000,-1,-1,2,0,2,0,2,0,0,0,0,2,0,0,2,0,0,2,2
125,-6576.518,3427.694,-163.594,28.028,0.882707,-0.469855,0.008002,0.469921,0.882635,-0.011411,-0.001701,0.013833,0.999903,0,0.86186,-0.25031,51.712,-0.501,-1,375.000,-1,400.000,-1,325.000,325.000,300.000,300.000,-1,900.000,800.000,-1,750.000,775.000,-1,-1,2,0,2,0,2,0,0,0,0,2,0,0,2,0,0,2,2
126,-6530.660,3451.594,-163.782,27.527,0.886783,-0.462123,0.007608,0.462185,0.886702,-0.012019,-0.001191,0.014174,0.999899,0,0.86186,-0.25031,51.712,-0.501,-1,400.000,-1,400.000,-1,325.000,325.000,300.000,300.000,-1,925.000,825.000,-1,750.000,775.000,-1,-1,2,0,2,0,2,0,0,0,0,2,0,0,2,0,0,2,2
127,-6484.595,3475.092,-163.969,27.027,0.890791,-0.454356,0.007224,0.454413,0.890702,-0.012596,-0.000711,0.014503,0.999895,0,0.86186,-0.25031,51.712,-0.501,-1,400.000,-1,400.000,-1,325.000,325.000,300.000,300.000,-1,950.000,850.000,-1,750.000,775.000,-1,-1,2,0,2,0,2,0,0,0,0,2,0,0,2,0,0,2,2
128,-6438.327,3498.186,-164.133,26.526,0.894730,-0.446554,0.006955,0.446608,0.894633,-0.013191,-0.000332,0.014908,0.999889,0,0.86186,-0.25031,51.712,-0.501,-1,400.000,-1,400.000,-1,325.000,325.000,300.000,300.000,-1,975.000,900.000,-1,750.000,775.000,-1,-1,2,0,2,0,2,0,0,0,0,2,0,0,2,0,0,2,2
129,-6391.859,3520.876,-164.220,26.025,0.898598,-0.438715,0.007106,0.438773,0.898490,-0.013899,-0.000287,0.015608,0.999878,0,0.86186,-0.25031,51.712,-0.501,-1,400.000,-1,400.000,-1,325.000,325.000,300.000,300.000,-1,-1,950.000,-1,750.000,775.000,-1,-1,2,0,2,0,2,0,0,0,0,2,2,0,2,0,0,2,2
130,-6345.194,3543.159,-164.283,25.525,0.902395,-0.430843,0.007539,0.430909,0.902278,-0.014557,-0.000530,0.016385,0.999866,0,0.86186,-0.25031,51.712,-0.501,-1,400.000,-1,400.000,-1,325.000,325.000,300.000,300.000,-1,-1,1000.000,-1,750.000,775.000,-1,-1,2,0,2,0,2,0,0,0,0,2,2,0,2,0,0,2,2
131,-6298.337,3565.033,-164.358,25.024,0.906124,-0.422938,0.007951,0.423012,0.905997,-0.015160,-0.000792,0.017100,0.999853,0,0.86186,-0.25031,51.712,-0.501,-1,400.000,-1,400.000,-1,325.000,325.000,300.000,300.000,-1,-1,-1,-1,750.000,775.000,-1,-1,2,0,2,0,2,0,0,0,0,2,2,2,2,0,0,2,2
132,-6250.942,3586.654,-164.445,24.522,0.909793,-0.414979,0.008348,0.415062,0.909657,-0.015711,-0.001074,0.017759,0.999842,0,0.86822,-0.25099,52.093,-0.502,-1,400.000,-1,400.000,-1,325.000,325.000,300.000,300.000,-1,-1,-1,-1,775.000,775.000,-1,-1,2,0,2,0,2,0,0,0,0,2,2,2,2,0,0,2,2
133,-6202.989,3608.024,-164.544,24.019,0.913400,-0.406969,0.008730,0.407060,0.913257,-0.016212,-0.001375,0.018362,0.999830,0,0.87500,-0.25163,52.500,-0.503,-1,400.000,-1,400.000,-1,325.000,325.000,300.000,300.000,-1,-1,-1,-1,775.000,775.000,-1,-1,2,0,2,0,2,0,0,0,0,2,2,2,2,0,0,2,2
134,-6154.472,3629.134,-164.655,23.514,0.916945,-0.398910,0.009099,0.399010,0.916795,-0.016662,-0.001695,0.018908,0.999820,0,0.88184,-0.25219,52.910,-0.504,-1,400.000,-1,400.000,-1,325.000,325.000,300.000,300.000,-1,-1,-1,-1,775.000,775.000,-1,-1,2,0,2,0,2,0,0,0,0,2,2,2,2,0,0,2,2
135,-6105.390,3649.978,-164.779,23.009,0.920425,-0.390805,0.009456,0.390914,0.920269,-0.017060,-0.002035,0.019399,0.999810,0,0.88875,-0.25267,53.325,-0.505,-1,400.000,-1,400.000,-1,325.000,325.000,300.000,300.000,-1,-1,-1,-1,775.000,775.000,-1,-1,2,0,2,0,2,0,0,0,0,2,2,2,2,0,0,2,2
