timestep,x_cm,y_cm,z_cm,yaw_deg,basis_xx,basis_xy,basis_xz,basis_yx,basis_yy,basis_yz,basis_zx,basis_zy,basis_zz,teleport_flag,throttle_cmd,steering_cmd,cmd_move_cm,cmd_turn_deg,lidar_cm_0,lidar_cm_1,lidar_cm_2,lidar_cm_3,lidar_cm_4,lidar_cm_5,lidar_cm_6,lidar_cm_7,lidar_cm_8,lidar_cm_9,lidar_cm_10,lidar_cm_11,lidar_cm_12,lidar_cm_13,lidar_cm_14,lidar_cm_15,lidar_cm_16,lidar_class_0,lidar_class_1,lidar_class_2,lidar_class_3,lidar_class_4,lidar_class_5,lidar_class_6,lidar_class_7,lidar_class_8,lidar_class_9,lidar_class_10,lidar_class_11,lidar_class_12,lidar_class_13,lidar_class_14,lidar_class_15,lidar_class_16
0,11354.051,1560.002,-220.022,27.113,0.893951,-0.448075,0.009003,0.436541,0.875134,0.208741,-0.101410,-0.182674,0.977929,0,0.08000,0.12000,4.800,0.240,-1,-1,-1,225.000,525.000,825.000,300.000,225.000,525.000,500.000,0.000,-1,-1,-1,525.000,-1,225.000,2,2,2,1,0,1,1,1,0,0,0,2,2,2,1,2,0
1,6887.289,7543.220,-66.321,-80.529,0.164519,0.986337,0.008540,-0.986364,0.164551,-0.003144,-0.004507,-0.007906,0.999959,1,0.00000,0.00000,9.600,0.480,-1,375.000,-1,400.000,-1,325.000,325.000,325.000,325.000,-1,-1,-1,-1,725.000,775.000,-1,-1,2,0,2,0,2,0,0,0,0,2,2,2,2,0,0,2,2
2,6888.087,7538.487,-66.344,-80.430,0.166208,0.986055,0.008427,-0.986081,0.166239,-0.003118,-0.004476,-0.007791,0.999960,0,0.08000,0.04903,4.800,0.098,-1,375.000,-1,400.000,-1,325.000,325.000,325.000,325.000,-1,-1,-1,-1,725.000,775.000,-1,-1,2,0,2,0,2,0,0,0,0,2,2,2,2,0,0,2,2
3,6889.699,7529.024,-66.391,-80.332,0.167900,0.985770,0.008205,-0.985794,0.167930,-0.003067,-0.004401,-0.007573,0.999962,0,0.16000,0.04911,9.600,0.098,-1,375.000,-1,400.000,-1,325.000,325.000,325.000,325.000,-1,-1,-1,-1,725.000,775.000,-1,-1,2,0,2,0,2,0,0,0,0,2,2,2,2,0,0,2,2
4,6892.141,7514.832,-66.461,-80.234,0.169598,0.985482,0.007874,-0.985504,0.169626,-0.002990,-0.004283,-0.007253,0.999965,0,0.24000,0.04929,14.400,0.099,-1,375.000,-1,400.000,-1,325.000,325.000,325.000,325.000,-1,-1,-1,-1,725.000,775.000,-1,-1,2,0,2,0,2,0,0,0,0,2,2,2,2,0,0,2,2
5,6895.431,7495.916,-66.553,-80.135,0.171306,0.985190,0.007435,-0.985209,0.171331,-0.002889,-0.004120,-0.006831,0.999968,0,0.32000,0.04956,19.200,0.099,-1,375.000,-1,400.000,-1,325.000,325.000,325.000,325.000,-1,-1,-1,-1,725.000,775.000,-1,-1,2,0,2,0,2,0,0,0,0,2,2,2,2,0,0,2,2
6,6899.584,7472.278,-66.663,-80.035,0.173026,0.984893,0.006888,-0.984909,0.173049,-0.002763,-0.003913,-0.006306,0.999972,0,0.40000,0.04994,24.000,0.100,-1,375.000,-1,400.000,-1,325.000,325.000,325.000,325.000,-1,-1,-1,-1,725.000,775.000,-1,-1,2,0,2,0,2,0,0,0,0,2,2,2,2,0,0,2,2
7,6904.618,7443.922,-66.788,-79.934,0.174764,0.984591,0.006232,-0.984604,0.174782,-0.002614,-0.003663,-0.005679,0.999977,0,0.48000,0.05042,28.800,0.101,-1,375.000,-1,400.000,-1,325.000,325.000,325.000,325.000,-1,-1,-1,-1,725.000,775.000,-1,-1,2,0,2,0,2,0,0,0,0,2,2,2,2,0,0,2,2
8,6910.550,7410.849,-66.923,-79.832,0.176521,0.984282,0.005466,-0.984291,0.176536,-0.002445,-0.003371,-0.004949,0.999982,0,0.56000,0.05101,33.600,0.102,-1,375.000,-1,400.000,-1,325.000,325.000,325.000,325.000,-1,-1,-1,-1,725.000,775.000,-1,-1,2,0,2,0,2,0,0,0,0,2,2,2,2,0,0,2,2
9,6917.397,7373.065,-67.063,-79.728,0.178302,0.983965,0.004591,-0.983971,0.178313,-0.002256,-0.003039,-0.004115,0.999987,0,0.64000,0.05172,38.400,0.103,-1,375.000,-1,400.000,-1,325.000,325.000,325.000,325.000,-1,-1,-1,-1,725.000,775.000,-1,-1,2,0,2,0,2,0,0,0,0,2,2,2,2,0,0,2,2
10,6925.178,7330.571,-67.203,-79.623,0.180110,0.983640,0.003605,-0.983643,0.180118,-0.002052,-0.002667,-0.003176,0.999991,0,0.72000,0.05254,43.200,0.105,-1,375.000,-1,400.000,-1,325.000,325.000,325.000,325.000,-1,-1,-1,-1,725.000,775.000,-1,-1,2,0,2,0,2,0,0,0,0,2,2,2,2,0,0,2,2
11,6933.277,7286.800,-67.325,-79.516,0.181950,0.983304,0.002586,-0.983305,0.181955,-0.001849,-0.002289,-0.002206,0.999995,0,0.74190,0.05350,44.514,0.107,-1,375.000,-1,400.000,-1,325.000,325.000,325.000,325.000,-1,-1,-1,-1,725.000,775.000,-1,-1,2,0,2,0,2,0,0,0,0,2,2,2,2,0,0,2,2
12,6941.523,7242.709,-67.410,-79.407,0.183824,0.982958,0.001625,-0.982957,0.183826,-0.001683,-0.001953,-0.001288,0.999997,0,0.74759,0.05451,44.855,0.109,-1,375.000,-1,400.000,-1,325.000,325.000,325.000,325.000,-1,-1,-1,-1,725.000,775.000,-1,-1,2,0,2,0,2,0,0,0,0,2,2,2,2,0,0,2,2
13,6949.918,7198.297,-67.463,-79.296,0.185732,0.982600,0.000691,-0.982599,0.185732,-0.001524,-0.001626,-0.000396,0.999999,0,0.75331,0.05556,45.199,0.111,-1,375.000,-1,400.000,-1,325.000,325.000,325.000,325.000,-1,-1,-1,-1,750.000,800.000,-1,-1,2,0,2,0,2,0,0,0,0,2,2,2,2,0,0,2,2
14,6958.465,7153.562,-67.523,-79.183,0.187676,0.982231,-0.000177,-0.982230,0.187675,-0.001307,-0.001250,0.000419,0.999999,0,0.75907,0.05665,45.544,0.113,-1,400.000,-1,400.000,-1,325.000,325.000,325.000,325.000,-1,-1,-1,-1,-1,800.000,-1,-1,2,0,2,0,2,0,0,0,0,2,2,2,2,2,0,2,2
15,6967.169,7108.503,-67.655,-79.067,0.189657,0.981850,-0.000679,-0.981850,0.189656,-0.001200,-0.001050,0.000894,0.999999,0,0.76487,0.05779,45.892,0.116,-1,400.000,-1,400.000,-1,325.000,325.000,325.000,325.000,-1,-1,-1,-1,-1,800.000,-1,-1,2,0,2,0,2,0,0,0,0,2,2,2,2,2,0,2,2
16,6976.033,7063.119,-67.773,-78.949,0.191678,0.981457,-0.001182,-0.981457,0.191677,-0.001108,-0.000861,0.001373,0.999999,0,0.77070,0.05897,46.242,0.118,-1,400.000,-1,400.000,-1,325.000,325.000,300.000,325.000,-1,-1,-1,-1,-1,800.000,-1,-1,2,0,2,0,2,0,0,0,0,2,2,2,2,2,0,2,2
17,6985.060,7017.408,-67.876,-78.829,0.193741,0.981051,-0.001687,-0.981053,0.193739,-0.001031,-0.000685,0.001855,0.999998,0,0.77656,0.06021,46.594,0.120,-1,400.000,-1,400.000,-1,325.000,325.000,300.000,325.000,-1,-1,1000.000,-1,-1,800.000,-1,-1,2,0,2,0,2,0,0,0,0,2,2,0,2,2,0,2,2
18,6994.254,6971.370,-67.965,-78.706,0.195847,0.980632,-0.002194,-0.980634,0.195845,-0.000970,-0.000522,0.002341,0.999997,0,0.78246,0.06151,46.947,0.123,-1,400.000,-1,400.000,-1,325.000,325.000,300.000,325.000,-1,-1,975.000,-1,-1,800.000,-1,-1,2,0,2,0,2,0,0,0,0,2,2,0,2,2,0,2,2
19,7003.620,6925.003,-68.039,-78.580,0.197998,0.980199,-0.002701,-0.980202,0.197996,-0.000926,-0.000372,0.002831,0.999996,0,0.78838,0.06287,47.303,0.126,-1,400.000,-1,400.000,-1,325.000,325.000,300.000,325.000,-1,-1,975.000,-1,-1,800.000,-1,-1,2,0,2,1,2,0,0,0,0,2,2,0,2,2,0,2,2
20,7013.161,6878.308,-68.097,-78.452,0.200198,0.979750,-0.003210,-0.979755,0.200196,-0.000898,-0.000237,0.003325,0.999994,0,0.79434,0.06431,47.660,0.129,-1,400.000,-1,400.000,-1,325.000,325.000,300.000,325.000,-1,-1,1000.000,-1,-1,800.000,-1,-1,2,0,2,1,2,0,0,0,0,2,2,0,2,2,1,2,2
21,7022.883,6831.283,-68.138,-78.320,0.202448,0.979286,-0.003720,-0.979293,0.202446,-0.000888,-0.000117,0.003822,0.999993,0,0.80032,0.06583,48.019,0.132,-1,400.000,-1,400.000,-1,325.000,325.000,300.000,325.000,-1,-1,-1,-1,-1,825.000,-1,-1,2,1,2,1,2,0,1,0,0,2,2,2,2,2,1,2,2
22,7032.789,6783.928,-68.162,-78.185,0.204753,0.978805,-0.004230,-0.978814,0.204751,-0.000896,-0.000011,0.004324,0.999991,0,0.80633,0.06744,48.380,0.135,-1,-1,-1,425.000,-1,350.000,350.000,300.000,325.000,-1,-1,-1,-1,-1,850.000,-1,-1,2,2,2,1,2,1,1,0,0,2,2,2,2,2,1,2,2
23,7042.884,6736.244,-68.168,-78.047,0.207115,0.978305,-0.004740,-0.978317,0.207113,-0.000923,0.000078,0.004829,0.999988,0,0.81236,0.06916,48.741,0.138,-1,-1,-1,450.000,-1,375.000,375.000,300.000,325.000,-1,-1,-1,-1,-1,875.000,-1,-1,2,2,2,1,2,1,1,0,0,2,2,2,2,2,1,2,2
24,7053.173,6688.230,-68.156,-77.905,0.209538,0.977786,-0.005251,-0.977801,0.209536,-0.000970,0.000151,0.005337,0.999986,0,0.81840,0.07099,49.104,0.142,-1,-1,-1,450.000,-1,450.000,400.000,300.000,325.000,-1,-1,-1,-1,-1,900.000,-1,-1,2,2,2,1,2,1,1,0,0,2,2,2,2,2,1,2,2
25,7063.662,6639.887,-68.149,-77.759,0.212027,0.977246,-0.005838,-0.977264,0.212024,-0.001133,0.000131,0.005946,0.999982,0,0.82446,0.07295,49.468,0.146,-1,-1,-1,475.000,-1,525.000,425.000,300.000,325.000,-1,-1,-1,-1,-1,950.000,-1,-1,2,2,2,1,2,1,1,0,0,2,2,2,2,2,1,2,2
26,7075.081,6586.834,-68.202,-77.853,0.210424,0.977587,-0.006702,-0.977610,0.210418,-0.001685,-0.000237,0.006907,0.999976,0,0.90446,-0.04705,54.268,-0.094,-1,-1,-1,500.000,-1,625.000,475.000,300.000,325.000,-1,-1,-1,-1,-1,975.000,-1,-1,2,2,2,1,2,1,1,0,0,2,2,2,2,2,1,2,2
27,7086.705,6531.510,-68.518,-78.135,0.205626,0.978594,-0.008473,-0.978630,0.205604,-0.003332,-0.001519,0.008977,0.999959,0,0.94221,-0.14088,56.532,-0.282,-1,-1,-1,500.000,-1,750.000,525.000,300.000,325.000,-1,-1,-1,-1,-1,975.000,-1,-1,2,2,2,1,2,1,1,0,0,2,2,2,2,2,1,2,2
28,7098.142,6475.750,-70.552,-78.408,0.200974,0.979590,-0.003519,-0.979564,0.200937,-0.008872,-0.007984,0.005230,0.999954,0,0.94868,-0.13672,56.921,-0.273,-1,-1,-1,525.000,-1,750.000,550.000,300.000,325.000,-1,-1,-1,-1,-1,950.000,-1,-1,2,2,2,1,2,1,1,0,0,2,2,2,2,2,1,2,2
29,7109.398,6419.565,-75.749,-78.672,0.196113,0.980468,0.014938,-0.980271,0.196411,-0.022183,-0.024683,-0.010293,0.999642,0,0.95501,-0.13206,57.300,-0.264,-1,-1,-1,500.000,-1,700.000,525.000,250.000,325.000,-1,-1,-1,-1,-1,875.000,-1,-1,2,2,2,1,2,1,1,0,0,2,2,2,2,2,1,2,2
30,7120.481,6362.970,-81.278,-78.926,0.190824,0.981049,0.033612,-0.980707,0.192014,-0.036676,-0.042434,-0.025965,0.998762,0,0.96115,-0.12684,57.669,-0.254,-1,-1,-1,475.000,-1,650.000,500.000,225.000,325.000,-1,-1,-1,-1,-1,825.000,-1,-1,2,2,2,1,2,1,1,0,0,2,2,2,2,2,1,2,2
31,7131.396,6305.981,-87.137,-79.168,0.185067,0.981324,0.052473,-0.980819,0.187769,-0.052316,-0.061191,-0.041785,0.997251,0,0.96704,-0.12096,58.022,-0.242,-1,-1,-1,450.000,-1,600.000,475.000,175.000,350.000,-1,-1,-1,-1,-1,750.000,-1,-1,2,2,2,1,2,1,1,0,0,2,2,2,2,2,1,2,2
32,8855.077,-9511.024,-188.175,139.213,-0.755894,-0.652862,-0.048944,0.653750,-0.756705,-0.002900,-0.035143,-0.034189,0.998797,1,0.00000,0.00000,58.356,-0.229,-1,375.000,-1,375.000,-1,325.000,325.000,300.000,300.000,-1,725.000,775.000,-1,725.000,725.000,-1,-1,2,0,2,0,2,0,0,0,0,2,0,0,2,0,0,2,2
33,8851.456,-9507.873,-188.337,138.973,-0.753160,-0.656023,-0.048823,0.656914,-0.753959,-0.003016,-0.034832,-0.034345,0.998803,0,0.08000,-0.12000,4.800,-0.240,-1,400.000,-1,375.000,-1,325.000,325.000,300.000,300.000,-1,700.000,750.000,-1,725.000,725.000,-1,-1,2,0,2,0,2,0,0,0,0,2,0,0,2,0,0,2,2
34,8844.266,-9501.511,-188.658,138.493,-0.747654,-0.662309,-0.048585,0.663207,-0.748429,-0.003253,-0.034208,-0.034654,0.998814,0,0.16000,-0.24000,9.600,-0.480,-1,400.000,-1,375.000,-1,325.000,325.000,300.000,300.000,-1,700.000,750.000,-1,725.000,725.000,-1,-1,2,0,2,0,2,0,0,0,0,2,0,0,2,0,0,2,2
35,8833.603,-9491.833,-189.135,137.773,-0.739296,-0.671650,-0.048232,0.672558,-0.740036,-0.003617,-0.033265,-0.035113,0.998830,0,0.24000,-0.36000,14.400,-0.720,-1,400.000,-1,375.000,-1,325.000,325.000,300.000,300.000,-1,675.000,725.000,-1,725.000,725.000,-1,-1,2,0,2,0,2,0,0,0,0,2,0,0,2,0,0,2,2
36,8819.604,-9478.693,-189.761,136.813,-0.727972,-0.683940,-0.047774,0.684860,-0.728663,-0.004118,-0.031995,-0.035717,0.998850,0,0.32000,-0.48000,19.200,-0.960,-1,400.000,-1,375.000,-1,325.000,325.000,300.000,300.000,-1,650.000,700.000,-1,725.000,725.000,-1,-1,2,0,2,0,2,0,0,0,0,2,0,0,2,0,0,2,2
37,8802.452,-9461.906,-190.511,135.613,-0.713529,-0.699033,-0.047226,0.699965,-0.714162,-0.004709,-0.030435,-0.036417,0.998873,0,0.40000,-0.60000,24.000,-1.200,-1,400.000,-1,375.000,-1,325.000,325.000,300.000,300.000,-1,625.000,675.000,-1,725.000,725.000,-1,-1,2,0,2,0,2,0,0,0,0,2,0,0,2,0,0,2,2
38,8782.309,-9441.321,-191.313,134.378,-0.698328,-0.714239,-0.046910,0.715193,-0.698907,-0.005396,-0.028932,-0.037318,0.998885,0,0.48000,-0.61749,28.800,-1.235,-1,400.000,-1,375.000,-1,325.000,325.000,300.000,300.000,-1,600.000,650.000,-1,725.000,725.000,-1,-1,2,0,2,0,2,0,0,0,0,2,0,0,2,0,0,2,2
39,8759.332,-9416.805,-192.216,133.143,-0.682807,-0.729110,-0.046623,0.730087,-0.683326,-0.006203,-0.027336,-0.038275,0.998893,0,0.56000,-0.61749,33.600,-1.235,-1,400.000,-1,375.000,-1,325.000,325.000,300.000,300.000,-1,600.000,625.000,-1,725.000,750.000,-1,-1,2,0,2,0,2,0,0,0,0,2,0,0,2,0,0,2,2
40,8733.683,-9388.228,-193.210,131.908,-0.666971,-0.743639,-0.046383,0.744642,-0.667426,-0.007125,-0.025659,-0.039291,0.998898,0,0.64000,-0.61749,38.400,-1.235,-1,400.000,-1,375.000,-1,325.000,325.000,300.000,300.000,-1,575.000,625.000,-1,750.000,750.000,-1,-1,2,0,2,0,2,0,0,0,0,2,0,0,2,0,0,2,2
41,8705.527,-9355.463,-194.283,130.673,-0.650827,-0.757818,-0.046206,0.758849,-0.651216,-0.008150,-0.023914,-0.040367,0.998899,0,0.72000,-0.61749,43.200,-1.235,-1,400.000,-1,400.000,-1,325.000,325.000,300.000,300.000,-1,575.000,625.000,-1,750.000,750.000,-1,-1,2,0,2,0,2,0,0,0,0,2,0,0,2,0,0,2,2
42,8675.035,-9318.393,-195.423,129.438,-0.634384,-0.771642,-0.046109,0.772702,-0.634702,-0.009268,-0.022114,-0.041508,0.998893,0,0.80000,-0.61749,48.000,-1.235,-1,400.000,-1,400.000,-1,325.000,325.000,300.000,300.000,-1,575.000,625.000,-1,750.000,750.000,-1,-1,2,0,2,0,2,0,0,0,0,2,0,0,2,0,0,2,2
43,8642.380,-9276.902,-196.617,128.203,-0.617648,-0.785102,-0.046109,0.786194,-0.617892,-0.010465,-0.020274,-0.042714,0.998882,0,0.88000,-0.61749,52.800,-1.235,-1,400.000,-1,400.000,-1,325.000,325.000,300.000,300.000,-1,575.000,625.000,-1,750.000,750.000,-1,-1,2,0,2,0,2,0,0,0,0,2,0,0,2,0,0,2,2
44,8608.839,-9232.341,-197.875,126.968,-0.600620,-0.798203,-0.046125,0.799317,-0.600801,-0.011389,-0.018622,-0.043709,0.998871,0,0.92955,-0.61749,55.773,-1.235,-1,400.000,-1,400.000,-1,325.000,325.000,300.000,300.000,-1,600.000,625.000,-1,750.000,775.000,-1,-1,2,0,2,0,2,0,0,0,0,2,0,0,2,0,0,2,2
45,8578.896,-9191.089,-198.950,125.974,-0.586708,-0.808495,-0.045925,0.809616,-0.586835,-0.012083,-0.017182,-0.044271,0.998872,0,0.84955,-0.49749,50.973,-0.995,-1,400.000,-1,400.000,-1,325.000,325.000,300.000,300.000,-1,600.000,650.000,-1,750.000,775.000,-1,-1,2,0,2,0,2,0,0,0,0,2,0,0,2,0,0,2,2
46,8552.268,-9153.368,-199.886,125.219,-0.576035,-0.816140,-0.045819,0.817268,-0.576119,-0.012696,-0.016036,-0.044760,0.998869,0,0.76955,-0.37749,46.173,-0.755,-1,400.000,-1,400.000,-1,325.000,325.000,300.000,300.000,-1,625.000,650.000,-1,750.000,775.000,-1,-1,2,0,2,0,2,0,0,0,0,2,0,0,2,0,0,2,2
47,8528.713,-9119.354,-200.697,124.704,-0.568701,-0.821270,-0.045778,0.822405,-0.568749,-0.013229,-0.015172,-0.045172,0.998864,0,0.68955,-0.25749,41.373,-0.515,-1,400.000,-1,400.000,-1,325.000,325.000,300.000,300.000,-1,625.000,675.000,-1,750.000,775.000,-1,-1,2,0,2,0,2,0,0,0,0,2,0,0,2,0,0,2,2
48,8507.614,-9088.573,-201.382,124.429,-0.564768,-0.823981,-0.045738,0.825120,-0.564796,-0.013553,-0.014665,-0.045394,0.998862,0,0.62197,-0.13749,37.318,-0.275,-1,400.000,-1,400.000,-1,325.000,325.000,300.000,300.000,-1,650.000,675.000,-1,750.000,775.000,-1,-1,2,0,2,0,2,0,0,0,0,2,0,0,2,0,0,2,2
49,8486.534,-9057.779,-201.938,124.394,-0.564263,-0.824338,-0.045549,0.825463,-0.564300,-0.013274,-0.014761,-0.045089,0.998874,0,0.62197,-0.01749,37.318,-0.035,-1,400.000,-1,400.000,-1,325.000,325.000,300.000,300.000,-1,700.000,725.000,-1,775.000,775.000,-1,-1,2,0,2,0,2,0,0,0,0,2,0,0,2,0,0,2,2
50,8465.344,-9027.060,-202.493,124.599,-0.567204,-0.822325,-0.045404,0.823440,-0.567254,-0.013006,-0.015061,-0.044765,0.998884,0,0.62197,0.10251,37.318,0.205,-1,400.000,-1,400.000,-1,325.000,325.000,300.000,300.000,-1,725.000,775.000,-1,775.000,775.000,-1,-1,2,0,2,0,2,0,0,0,0,2,0,0,2,0,0,2,2
51,8443.916,-8996.507,-203.056,125.044,-0.573564,-0.817907,-0.045298,0.819013,-0.573633,-0.012751,-0.015555,-0.044413,0.998892,0,0.62197,0.22251,37.318,0.445,-1,400.000,-1,400.000,-1,325.000,325.000,300.000,300.000,-1,775.000,825.000,-1,775.000,775.000,-1,-1,2,0,2,0,2,0,0,0,0,2,0,0,2,0,0,2,2
52,8422.125,-8966.213,-203.638,125.729,-0.583290,-0.811005,-0.045205,0.812102,-0.583381,-0.012511,-0.016225,-0.044009,0.998899,0,0.62197,0.34251,37.318,0.685,-1,400.000,-1,400.000,-1,325.000,325.000,300.000,300.000,-1,825.000,875.000,-1,775.000,775.000,-1,-1,2,0,2,0,2,0,0,0,0,2,0,0,2,0,0,2,2
53,8399.847,-8936.274,-204.261,126.654,-0.596289,-0.801495,-0.045212,0.802587,-0.596409,-0.012285,-0.017119,-0.043612,0.998902,0,0.62197,0.46251,37.318,0.925,-1,400.000,-1,400.000,-1,325.000,325.000,300.000,300.000,-1,875.000,925.000,-1,775.000,775.000,-1,-1,2,0,2,0,2,0,0,0,0,2,0,0,2,0,0,2,2
54,8376.965,-8906.794,-204.918,127.819,-0.612443,-0.789219,-0.045245,0.790306,-0.612593,-0.012079,-0.018184,-0.043155,0.998903,0,0.62197,0.58251,37.318,1.165,-1,400.000,-1,400.000,-1,325.000,325.000,300.000,300.000,-1,925.000,975.000,-1,775.000,775.000,-1,-1,2,0,2,0,2,0,0,0,0,2,0,0,2,0,0,2,2
55,8353.367,-8877.885,-205.610,129.224,-0.631590,-0.773979,-0.045281,0.775060,-0.631775,-0.011897,-0.019400,-0.042609,0.998903,0,0.62197,0.70251,37.318,1.405,-1,400.000,-1,400.000,-1,325.000,325.000,300.000,300.000,-1,1000.000,-1,-1,775.000,775.000,-1,-1,2,0,2,0,2,0,0,0,0,2,0,2,2,0,0,2,2
56,8328.949,-8849.664,-206.344,130.869,-0.653528,-0.755545,-0.045318,0.756618,-0.653752,-0.011740,-0.020756,-0.041961,0.998904,0,0.62197,0.82251,37.318,1.645,-1,400.000,-1,400.000,-1,325.000,325.000,300.000,300.000,-1,-1,-1,-1,775.000,775.000,-1,-1,2,0,2,0,2,0,0,0,0,2,2,2,2,0,0,2,2
57,8303.616,-8822.263,-207.124,132.754,-0.678007,-0.733655,-0.045352,0.734719,-0.678272,-0.011611,-0.022242,-0.041193,0.998904,0,0.62197,0.94251,37.318,1.885,-1,400.000,-1,400.000,-1,325.000,325.000,300.000,300.000,-1,-1,-1,-1,775.000,775.000,-1,-1,2,0,2,0,2,0,0,0,0,2,2,2,2,0,0,2,2
58,8277.342,-8795.761,-207.966,134.754,-0.703183,-0.709563,-0.045327,0.710613,-0.703489,-0.011503,-0.023725,-0.040299,0.998906,0,0.62197,1.00000,37.318,2.000,-1,400.000,-1,400.000,-1,325.000,325.000,300.000,300.000,-1,-1,-1,-1,775.000,775.000,-1,-1,2,0,2,0,2,0,0,0,0,2,2,2,2,0,0,2,2
59,8250.160,-8770.193,-208.936,136.754,-0.727522,-0.684612,-0.044921,0.685632,-0.727859,-0.011389,-0.024900,-0.039085,0.998926,0,0.62197,1.00000,37.318,2.000,-1,400.000,-1,400.000,-1,325.000,325.000,300.000,300.000,-1,-1,-1,-1,775.000,775.000,-1,-1,2,0,2,0,2,0,0,0,0,2,2,2,2,0,0,2,2
60,8218.609,-8742.292,-210.074,138.514,-0.748213,-0.661963,-0.044530,0.662955,-0.748575,-0.011284,-0.025864,-0.037964,0.998944,0,0.70197,0.88000,42.118,1.760,-1,400.000,-1,400.000,-1,325.000,325.000,300.000,300.000,-1,-1,-1,-1,775.000,775.000,-1,-1,2,0,2,0,2,0,0,0,0,2,2,2,2,0,0,2,2
61,8182.650,-8712.155,-211.391,140.034,-0.765517,-0.641898,-0.044158,0.642863,-0.765900,-0.011157,-0.026659,-0.036929,0.998962,0,0.78197,0.76000,46.918,1.520,-1,400.000,-1,400.000,-1,325.000,325.000,300.000,300.000,-1,-1,-1,-1,775.000,775.000,-1,-1,2,0,2,0,2,0,0,0,0,2,2,2,2,0,0,2,2
62,8142.280,-8679.828,-212.889,141.314,-0.779674,-0.624650,-0.043815,0.625590,-0.780074,-0.011017,-0.027297,-0.036000,0.998979,0,0.86197,0.64000,51.718,1.280,-1,400.000,-1,400.000,-1,325.000,325.000,300.000,300.000,-1,-1,-1,-1,775.000,775.000,-1,-1,2,0,2,0,2,0,0,0,0,2,2,2,2,0,0,2,2
63,8100.314,-8647.455,-214.444,142.354,-0.790891,-0.610408,-0.043526,0.611323,-0.791308,-0.010775,-0.027865,-0.035130,0.998994,0,0.88337,0.52000,53.002,1.040,-1,400.000,-1,400.000,-1,325.000,325.000,300.000,300.000,-1,-1,-1,-1,800.000,775.000,-1,-1,2,0,2,0,2,0,0,0,0,2,2,2,2,0,0,2,2
64,8057.899,-8615.671,-215.982,143.154,-0.799338,-0.599319,-0.043304,0.600207,-0.799779,-0.010293,-0.028465,-0.034219,0.999009,0,0.88337,0.40000,53.002,0.800,-1,400.000,-1,400.000,-1,325.000,325.000,300.000,300.000,-1,-1,-1,-1,800.000,800.000,-1,-1,2,0,2,0,2,0,0,0,0,2,2,2,2,0,0,2,2
65,8015.176,-8584.303,-217.545,143.714,-0.805158,-0.591489,-0.043146,0.592353,-0.805619,-0.009796,-0.028965,-0.033445,0.999021,0,0.88337,0.28000,53.002,0.560,-1,400.000,-1,400.000,-1,325.000,325.000,300.000,300.000,-1,-1,-1,-1,800.000,800.000,-1,-1,2,0,2,0,2,0,0,0,0,2,2,2,2,0,0,2,2
66,7972.278,-8553.174,-219.141,144.034,-0.808446,-0.586994,-0.043048,0.587835,-0.808928,-0.009222,-0.029409,-0.032761,0.999030,0,0.88337,0.16000,53.002,0.320,-1,400.000,-1,400.000,-1,325.000,325.000,300.000,300.000,-1,-1,-1,-1,800.000,800.000,-1,-1,2,0,2,0,2,0,0,0,0,2,2,2,2,0,0,2,2
67,7929.337,-8522.105,-220.783,144.114,-0.809252,-0.585870,-0.043206,0.586701,-0.809756,-0.008732,-0.029871,-0.032415,0.999028,0,0.88337,0.04000,53.002,0.080,-1,400.000,-1,400.000,-1,325.000,325.000,300.000,300.000,-1,-1,-1,-1,800.000,800.000,-1,-1,2,0,2,0,2,0,0,0,0,2,2,2,2,0,0,2,2
68,7886.482,-8490.916,-222.439,143.954,-0.807596,-0.588131,-0.043484,0.588959,-0.808120,-0.008289,-0.030265,-0.032304,0.999020,0,0.88337,-0.08000,53.002,-0.160,-1,400.000,-1,400.000,-1,325.000,325.000,300.000,300.000,-1,-1,-1,-1,800.000,775.000,-1,-1,2,0,2,0,2,0,0,0,0,2,2,2,2,0,0,2,2
69,7843.846,-8459.430,-224.096,143.554,-0.803449,-0.593757,-0.043839,0.594588,-0.803992,-0.007878,-0.030568,-0.032396,0.999008,0,0.88337,-0.20000,53.002,-0.400,-1,400.000,-1,400.000,-1,325.000,325.000,300.000,300.000,-1,-1,-1,-1,800.000,775.000,-1,-1,2,0,2,0,2,0,0,0,0,2,2,2,2,0,0,2,2
70,7802.108,-8428.425,-225.742,143.394,-0.801766,-0.595998,-0.044250,0.596835,-0.802328,-0.007598,-0.030974,-0.032502,0.998992,0,0.86657,-0.08000,51.994,-0.160,-1,400.000,-1,400.000,-1,325.000,325.000,300.000,300.000,-1,-1,-1,-1,800.000,775.000,-1,-1,2,0,2,0,2,0,0,0,0,2,2,2,2,0,0,2,2
71,7760.327,-8397.479,-227.395,143.474,-0.802570,-0.594874,-0.044785,0.595723,-0.803156,-0.007426,-0.031551,-0.032639,0.998969,0,0.86657,0.04000,51.994,0.080,-1,400.000,-1,400.000,-1,325.000,325.000,300.000,300.000,-1,-1,-1,-1,775.000,775.000,-1,-1,2,0,2,0,2,0,0,0,0,2,2,2,2,0,0,2,2
72,7718.373,-8366.766,-229.070,143.794,-0.805851,-0.590378,-0.045355,0.591238,-0.806464,-0.007292,-0.032273,-0.032692,0.998944,0,0.86657,0.16000,51.994,0.320,-1,400.000,-1,400.000,-1,325.000,325.000,300.000,300.000,-1,-1,-1,-1,775.000,775.000,-1,-1,2,0,2,0,2,0,0,0,0,2,2,2,2,0,0,2,2
73,7676.121,-8336.465,-230.776,144.354,-0.811554,-0.582469,-0.045944,0.583338,-0.812197,-0.007196,-0.033124,-0.032641,0.998918,0,0.86657,0.28000,51.994,0.560,-1,400.000,-1,400.000,-1,325.000,325.000,300.000,300.000,-1,-1,-1,-1,775.000,775.000,-1,-1,2,0,2,0,2,0,0,0,0,2,2,2,2,0,0,2,2
74,7633.450,-8306.757,-232.590,145.154,-0.819573,-0.571080,-0.046565,0.571947,-0.820262,-0.006801,-0.034312,-0.032206,0.998892,0,0.86657,0.40000,51.994,0.800,-1,400.000,-1,400.000,-1,325.000,325.000,300.000,300.000,-1,-1,-1,-1,775.000,775.000,-1,-1,2,0,2,0,2,0,0,0,0,2,2,2,2,0,0,2,2
75,7590.247,-8277.828,-234.470,146.194,-0.829767,-0.556109,-0.047210,0.556968,-0.830510,-0.006336,-0.035685,-0.031552,0.998865,0,0.86657,0.52000,51.994,1.040,-1,400.000,-1,400.000,-1,325.000,325.000,300.000,300.000,-1,-1,-1,-1,775.000,775.000,-1,-1,2,0,2,0,2,0,0,0,0,2,2,2,2,0,0,2,2
76,7546.453,-8249.803,-236.396,147.384,-0.841105,-0.538749,-0.047872,0.539597,-0.841903,-0.005916,-0.037117,-0.030807,0.998836,0,0.86657,0.59518,51.994,1.190,-1,400.000,-1,400.000,-1,325.000,325.000,300.000,300.000,-1,-1,-1,-1,750.000,775.000,-1,-1,2,0,2,0,2,0,0,0,0,2,2,2,2,0,0,2,2
77,7502.086,-8222.694,-238.381,148.574,-0.852083,-0.521156,-0.048488,0.521990,-0.852934,-0.005517,-0.038481,-0.030011,0.998809,0,0.86657,0.59518,51.994,1.190,-1,400.000,-1,400.000,-1,325.000,325.000,300.000,300.000,-1,-1,-1,-1,750.000,750.000,-1,-1,2,0,2,0,2,0,0,0,0,2,2,2,2,0,0,2,2
78,7457.165,-8196.512,-240.418,149.765,-0.862696,-0.503337,-0.049077,0.504155,-0.863598,-0.005146,-0.039793,-0.029182,0.998782,0,0.86657,0.59518,51.994,1.190,-1,400.000,-1,400.000,-1,325.000,325.000,300.000,300.000,-1,-1,-1,-1,750.000,750.000,-1,-1,2,0,2,0,2,0,0,0,0,2,2,2,2,0,0,2,2
79,7415.920,-8173.576,-242.299,150.922,-0.872657,-0.485805,-0.049636,0.486610,-0.873606,-0.004852,-0.041006,-0.028387,0.998756,0,0.78657,0.57857,47.194,1.157,-1,400.000,-1,400.000,-1,325.000,325.000,300.000,300.000,-1,-1,-1,-1,750.000,750.000,-1,-1,2,0,2,0,2,0,0,0,0,2,2,2,2,0,0,2,2
80,7378.461,-8153.724,-244.027,152.079,-0.882266,-0.468074,-0.050142,0.468866,-0.883257,-0.004675,-0.042100,-0.027634,0.998731,0,0.70657,0.57857,42.394,1.157,-1,400.000,-1,400.000,-1,325.000,325.000,300.000,300.000,-1,-1,-1,-1,725.000,725.000,-1,-1,2,0,2,0,2,0,0,0,0,2,2,2,2,0,0,2,2
81,7344.894,-8136.795,-245.604,153.236,-0.891520,-0.450150,-0.050569,0.450933,-0.892546,-0.004666,-0.043035,-0.026963,0.998710,0,0.62657,0.57857,37.594,1.157,-1,400.000,-1,400.000,-1,325.000,325.000,300.000,300.000,-1,-1,-1,-1,725.000,725.000,-1,-1,2,0,2,0,2,0,0,0,0,2,2,2,2,0,0,2,2
82,7315.322,-8122.622,-247.000,154.393,-0.900414,-0.432042,-0.050932,0.432814,-0.901471,-0.004688,-0.043889,-0.026265,0.998691,0,0.54657,0.57857,32.794,1.157,-1,375.000,-1,400.000,-1,325.000,325.000,300.000,300.000,-1,-1,-1,-1,725.000,725.000,-1,-1,2,0,2,0,2,0,0,0,0,2,2,2,2,0,0,2,2
83,7289.838,-8111.035,-248.195,155.550,-0.908947,-0.413757,-0.051184,0.414515,-0.910030,-0.004704,-0.044632,-0.025492,0.998678,0,0.46657,0.57857,27.994,1.157,-1,375.000,-1,375.000,-1,325.000,325.000,300.000,300.000,-1,-1,-1,-1,725.000,725.000,-1,-1,2,0,2,0,2,0,0,0,0,2,2,2,2,0,0,2,2
84,7268.535,-8101.864,-249.167,156.708,-0.917120,-0.395305,-0.051243,0.396040,-0.918221,-0.004658,-0.045212,-0.024566,0.998675,0,0.38657,0.57857,23.194,1.157,-1,375.000,-1,375.000,-1,325.000,325.000,300.000,300.000,-1,-1,-1,-1,725.000,725.000,-1,-1,2,0,2,0,2,0,0,0,0,2,2,2,2,0,0,2,2
85,7251.497,-8094.933,-249.944,157.865,-0.924919,-0.376690,-0.051279,0.377402,-0.926038,-0.004623,-0.045745,-0.023629,0.998674,0,0.30657,0.57857,18.394,1.157,-1,375.000,-1,375.000,-1,325.000,325.000,300.000,300.000,-1,-1,-1,-1,725.000,725.000,-1,-1,2,0,2,0,2,0,0,0,0,2,2,2,2,0,0,2,2
86,7238.804,-8090.065,-250.522,159.022,-0.932342,-0.357920,-0.051294,0.358608,-0.933477,-0.004595,-0.046237,-0.022679,0.998673,0,0.22657,0.57857,13.594,1.157,-1,375.000,-1,375.000,-1,325.000,325.000,300.000,300.000,-1,-1,-1,-1,725.000,700.000,-1,-1,2,0,2,0,2,0,0,0,0,2,2,2,2,0,0,2,2
87,7230.531,-8087.083,-250.896,160.179,-0.939386,-0.339003,-0.051289,0.339667,-0.940534,-0.004572,-0.046689,-0.021716,0.998673,0,0.14657,0.57857,8.794,1.157,-1,375.000,-1,375.000,-1,325.000,325.000,300.000,300.000,-1,-1,-1,-1,725.000,700.000,-1,-1,2,0,2,0,2,0,0,0,0,2,2,2,2,0,0,2,2
88,7226.747,-8085.805,-251.061,161.336,-0.946047,-0.319947,-0.051267,0.320587,-0.947208,-0.004553,-0.047104,-0.020743,0.998675,0,0.06657,0.57857,3.994,1.157,-1,375.000,-1,375.000,-1,325.000,325.000,300.000,300.000,-1,-1,-1,-1,725.000,700.000,-1,-1,2,0,2,0,2,0,0,0,0,2,2,2,2,0,0,2,2
89,7218.372,-8083.124,-251.443,162.253,-0.951051,-0.304750,-0.051272,0.305370,-0.952223,-0.004532,-0.047442,-0.019967,0.998674,0,0.14657,0.45857,8.794,0.917,-1,375.000,-1,375.000,-1,325.000,325.000,300.000,300.000,-1,-1,-1,-1,725.000,700.000,-1,-1,2,0,2,0,2,0,0,0,0,2,2,2,2,0,0,2,2
90,7205.377,-8079.134,-252.043,162.930,-0.954588,-0.293479,-0.051301,0.294084,-0.955769,-0.004510,-0.047708,-0.019392,0.998673,0,0.22657,0.33857,13.594,0.677,-1,375.000,-1,375.000,-1,325.000,325.000,300.000,300.000,-1,-1,-1,-1,725.000,700.000,-1,-1,2,0,2,0,2,0,0,0,0,2,2,2,2,0,0,2,2
91,7187.753,-8073.869,-252.863,163.367,-0.956799,-0.286180,-0.051351,0.286777,-0.957987,-0.004491,-0.047909,-0.019023,0.998671,0,0.30657,0.21857,18.394,0.437,-1,375.000,-1,375.000,-1,325.000,325.000,300.000,300.000,-1,-1,-1,-1,725.000,700.000,-1,-1,2,0,2,0,2,0,0,0,0,2,2,2,2,0,0,2,2
92,7165.507,-8067.306,-253.907,163.565,-0.957775,-0.282884,-0.051411,0.283476,-0.958969,-0.004471,-0.048037,-0.018856,0.998668,0,0.38657,0.09857,23.194,0.197,-1,375.000,-1,375.000,-1,325.000,325.000,300.000,300.000,-1,-1,-1,-1,725.000,700.000,-1,-1,2,0,2,0,2,0,0,0,0,2,2,2,2,0,0,2,2
93,7138.663,-8059.366,-255.220,163.522,-0.957569,-0.283602,-0.051298,0.284186,-0.958759,-0.004326,-0.047956,-0.018720,0.998674,0,0.46657,-0.02143,27.994,-0.043,-1,375.000,-1,375.000,-1,325.000,300.000,300.000,300.000,-1,-1,-1,-1,700.000,700.000,-1,-1,2,0,2,0,2,0,0,0,0,2,2,2,2,0,0,2,2
94,7107.262,-8049.909,-256.687,163.239,-0.956169,-0.288330,-0.051050,0.288924,-0.957342,-0.004502,-0.047574,-0.019055,0.998686,0,0.54657,-0.14143,32.794,-0.283,-1,375.000,-1,375.000,-1,325.000,300.000,300.000,300.000,-1,-1,-1,-1,700.000,700.000,-1,-1,2,0,2,0,2,0,0,0,0,2,2,2,2,0,0,2,2
95,7071.322,-8038.880,-258.329,162.941,-0.954673,-0.293306,-0.050703,0.293918,-0.955818,-0.004906,-0.047024,-0.019586,0.998702,0,0.62657,-0.14911,37.594,-0.298,-1,375.000,-1,375.000,-1,325.000,300.000,300.000,300.000,-1,-1,-1,-1,700.000,700.000,-1,-1,2,0,2,0,2,0,0,0,0,2,2,2,2,0,0,2,2
96,7030.859,-8026.233,-260.133,162.642,-0.953164,-0.298274,-0.050117,0.298898,-0.954270,-0.005275,-0.046251,-0.020008,0.998729,0,0.70657,-0.14911,42.394,-0.298,-1,375.000,-1,375.000,-1,325.000,300.000,300.000,300.000,-1,-1,-1,-1,700.000,700.000,-1,-1,2,0,2,0,2,0,0,0,0,2,2,2,2,0,0,2,2
97,6985.888,-8011.919,-262.121,162.344,-0.951635,-0.303235,-0.049392,0.303869,-0.952697,-0.005698,-0.045328,-0.020431,0.998763,0,0.78657,-0.14911,47.194,-0.298,-1,375.000,-1,375.000,-1,325.000,300.000,300.000,300.000,-1,-1,-1,-1,700.000,700.000,-1,-1,2,0,2,0,2,0,0,0,0,2,2,2,2,0,0,2,2
98,6937.222,-7996.150,-264.266,162.046,-0.950085,-0.308186,-0.048572,0.308831,-0.951097,-0.006203,-0.044284,-0.020894,0.998800,0,0.85263,-0.14911,51.158,-0.298,-1,375.000,-1,375.000,-1,325.000,325.000,300.000,300.000,-1,-1,-1,-1,700.000,700.000,-1,-1,2,0,2,0,2,0,0,0,0,2,2,2,2,0,0,2,2
99,6888.638,-7980.127,-266.399,161.748,-0.948511,-0.313129,-0.047715,0.313786,-0.949470,-0.006757,-0.043188,-0.021381,0.998838,0,0.85263,-0.14911,51.158,-0.298,-1,375.000,-1,375.000,-1,325.000,325.000,300.000,300.000,-1,-1,-1,-1,675.000,700.000,-1,-1,2,0,2,0,2,0,0,0,0,2,2,2,2,0,0,2,2
100,6840.138,-7963.852,-268.520,161.450,-0.946913,-0.318064,-0.046821,0.318731,-0.947817,-0.007360,-0.042037,-0.021893,0.998876,0,0.85263,-0.14911,51.158,-0.298,-1,375.000,-1,375.000,-1,325.000,325.000,300.000,300.000,-1,-1,-1,-1,675.000,700.000,-1,-1,2,0,2,0,2,0,0,0,0,2,2,2,2,0,0,2,2
101,6791.724,-7947.325,-270.630,161.151,-0.945290,-0.322989,-0.045891,0.323667,-0.946137,-0.008014,-0.040831,-0.022429,0.998914,0,0.85263,-0.14911,51.158,-0.298,-1,375.000,-1,375.000,-1,325.000,325.000,300.000,300.000,-1,-1,-1,-1,675.000,700.000,-1,-1,2,0,2,0,2,0,0,0,0,2,2,2,2,0,0,2,2
102,6743.397,-7930.546,-272.728,160.853,-0.943642,-0.327905,-0.044924,0.328594,-0.944431,-0.008720,-0.039568,-0.022990,0.998952,0,0.85263,-0.14911,51.158,-0.298,-1,375.000,-1,375.000,-1,300.000,325.000,300.000,300.000,-1,-1,-1,-1,675.000,700.000,-1,-1,2,0,2,0,2,0,0,0,0,2,2,2,2,0,0,2,2
103,6695.157,-7913.516,-274.815,160.555,-0.941970,-0.332811,-0.043921,0.333511,-0.942699,-0.009480,-0.038249,-0.023578,0.998990,0,0.85263,-0.14911,51.158,-0.298,-1,375.000,-1,375.000,-1,300.000,300.000,300.000,300.000,-1,-1,-1,-1,675.000,700.000,-1,-1,2,0,2,0,2,0,0,0,0,2,2,2,2,0,0,2,2
104,6647.007,-7896.234,-276.832,160.257,-0.940268,-0.337711,-0.042976,0.338411,-0.940945,-0.010015,-0.037056,-0.023960,0.999026,0,0.85263,-0.14911,51.158,-0.298,-1,375.000,-1,375.000,-1,300.000,300.000,300.000,300.000,-1,-1,-1,-1,675.000,675.000,-1,-1,2,0,2,0,2,0,0,0,0,2,2,2,2,0,0,2,2
105,6598.948,-7878.702,-278.586,159.958,-0.938577,-0.342608,-0.041139,0.343264,-0.939187,-0.009896,-0.035247,-0.023410,0.999104,0,0.85263,-0.14911,51.158,-0.298,-1,375.000,-1,375.000,-1,300.000,300.000,300.000,300.000,-1,-1,-1,-1,675.000,700.000,-1,-1,2,0,2,0,2,0,0,0,0,2,2,2,2,0,0,2,2
106,6550.980,-7860.920,-280.194,159.660,-0.936881,-0.347499,-0.038714,0.348092,-0.937411,-0.009583,-0.032961,-0.022454,0.999204,0,0.85263,-0.14911,51.158,-0.298,-1,375.000,-1,375.000,-1,300.000,300.000,300.000,300.000,-1,750.000,750.000,-1,675.000,700.000,-1,-1,2,0,2,0,2,0,0,0,0,2,0,0,2,0,0,2,2
107,6503.106,-7842.889,-281.800,159.362,-0.935153,-0.352381,-0.036293,0.352915,-0.935609,-0.009338,-0.030666,-0.021540,0.999298,0,0.85263,-0.14911,51.158,-0.298,-1,375.000,-1,375.000,-1,300.000,300.000,300.000,300.000,-1,675.000,650.000,-1,675.000,700.000,-1,-1,2,0,2,0,2,0,0,0,0,2,0,0,2,0,0,2,2
108,6455.326,-7824.608,-283.208,159.064,-0.933368,-0.357249,-0.034591,0.357751,-0.933770,-0.009406,-0.028939,-0.021154,0.999357,0,0.85263,-0.14911,51.158,-0.298,-1,375.000,-1,375.000,-1,300.000,300.000,300.000,300.000,-1,650.000,625.000,-1,675.000,700.000,-1,-1,2,0,2,0,2,0,0,0,0,2,0,0,2,0,0,2,2
109,6407.642,-7806.080,-284.386,158.766,-0.931563,-0.362103,-0.032751,0.362589,-0.931894,-0.010156,-0.026842,-0.021336,0.999412,0,0.85263,-0.14911,51.158,-0.298,-1,375.000,-1,375.000,-1,300.000,300.000,300.000,300.000,-1,600.000,600.000,-1,675.000,700.000,-1,-1,2,0,2,0,2,0,0,0,0,2,0,0,2,0,0,2,2
110,6364.592,-7788.885,-285.411,158.227,-0.928178,-0.370838,-0.031078,0.371312,-0.928443,-0.010987,-0.024780,-0.021738,0.999457,0,0.77263,-0.26911,46.358,-0.538,-1,375.000,-1,375.000,-1,300.000,300.000,300.000,300.000,-1,600.000,575.000,-1,700.000,725.000,-1,-1,2,0,2,0,2,0,0,0,0,2,0,0,2,0,0,2,2
111,6326.212,-7772.947,-286.321,157.449,-0.923103,-0.383410,-0.029625,0.383873,-0.923311,-0.011748,-0.022849,-0.022217,0.999492,0,0.69263,-0.38911,41.558,-0.778,-1,375.000,-1,375.000,-1,300.000,325.000,300.000,300.000,-1,575.000,550.000,-1,700.000,725.000,-1,-1,2,0,2,0,2,0,0,0,0,2,0,0,2,0,0,2,2
112,6292.481,-7758.341,-287.116,156.586,-0.917266,-0.397262,-0.028386,0.397716,-0.917424,-0.012446,-0.021098,-0.022706,0.999520,0,0.61263,-0.43130,36.758,-0.863,-1,375.000,-1,375.000,-1,325.000,325.000,300.000,300.000,-1,575.000,550.000,-1,700.000,725.000,-1,-1,2,0,2,0,2,0,0,0,0,2,0,0,2,0,0,2,2
113,6263.349,-7745.202,-287.799,155.724,-0.911214,-0.411024,-0.027352,0.411469,-0.911330,-0.013075,-0.019553,-0.023169,0.999540,0,0.53263,-0.43130,31.958,-0.863,-1,375.000,-1,375.000,-1,325.000,325.000,300.000,300.000,-1,550.000,525.000,-1,700.000,750.000,-1,-1,2,0,2,0,2,0,0,0,0,2,0,0,2,0,0,2,2
114,6238.764,-7733.666,-288.374,154.861,-0.904949,-0.424693,-0.026509,0.425130,-0.905030,-0.013634,-0.018201,-0.023608,0.999556,0,0.45263,-0.43130,27.158,-0.863,-1,375.000,-1,400.000,-1,325.000,325.000,300.000,300.000,-1,550.000,525.000,-1,700.000,750.000,-1,-1,2,0,2,0,2,0,0,0,0,2,0,0,2,0,0,2,2
115,6218.669,-7723.864,-288.843,153.999,-0.898474,-0.438265,-0.025845,0.438696,-0.898525,-0.014122,-0.017033,-0.024026,0.999566,0,0.37263,-0.43130,22.358,-0.863,-1,375.000,-1,400.000,-1,325.000,325.000,300.000,300.000,-1,550.000,525.000,-1,700.000,750.000,-1,-1,2,0,2,0,2,0,0,0,0,2,0,0,2,0,0,2,2
116,6203.006,-7715.931,-289.210,153.136,-0.891791,-0.451738,-0.025349,0.452164,-0.891816,-0.014534,-0.016041,-0.024423,0.999573,0,0.29263,-0.43130,17.558,-0.863,-1,375.000,-1,400.000,-1,325.000,325.000,300.000,300.000,-1,550.000,525.000,-1,725.000,750.000,-1,-1,2,0,2,0,2,0,0,0,0,2,0,0,2,0,0,2,2
117,6191.714,-7709.995,-289.479,152.274,-0.884900,-0.465108,-0.025010,0.465532,-0.884906,-0.014871,-0.015215,-0.024802,0.999577,0,0.21263,-0.43130,12.758,-0.863,-1,375.000,-1,400.000,-1,325.000,325.000,300.000,300.000,-1,550.000,525.000,-1,725.000,750.000,-1,-1,2,0,2,0,2,0,0,0,0,2,0,0,2,0,0,2,2
118,6184.726,-7706.187,-289.653,151.411,-0.877806,-0.478373,-0.024821,0.478795,-0.877796,-0.015127,-0.014551,-0.025163,0.999577,0,0.13263,-0.43130,7.958,-0.863,-1,375.000,-1,400.000,-1,325.000,325.000,300.000,300.000,-1,550.000,525.000,-1,725.000,750.000,-1,-1,2,0,2,0,2,0,0,0,0,2,0,0,2,0,0,2,2
119,6181.977,-7704.635,-289.736,150.548,-0.870509,-0.491529,-0.024773,0.491953,-0.870487,-0.015302,-0.014043,-0.025507,0.999576,0,0.05263,-0.43130,3.158,-0.863,-1,375.000,-1,400.000,-1,325.000,325.000,300.000,300.000,-1,550.000,525.000,-1,725.000,750.000,-1,-1,2,0,2,0,2,0,0,0,0,2,0,0,2,0,0,2,2
120,6183.395,-7705.464,-289.730,149.686,-0.863010,-0.504574,-0.024860,0.505001,-0.862982,-0.015389,-0.013689,-0.025836,0.999572,0,-0.02737,-0.43130,-1.642,-0.863,-1,375.000,-1,400.000,-1,325.000,325.000,300.000,300.000,-1,550.000,525.000,-1,725.000,750.000,-1,-1,2,0,2,0,2,0,0,0,0,2,0,0,2,0,0,2,2
121,6188.906,-7708.799,-289.640,148.823,-0.855313,-0.517505,-0.025079,0.517936,-0.855281,-0.015385,-0.013487,-0.026148,0.999567,0,-0.10737,-0.43130,-6.442,-0.863,-1,375.000,-1,400.000,-1,325.000,325.000,300.000,300.000,-1,550.000,525.000,-1,725.000,750.000,-1,-1,2,0,2,0,2,0,0,0,0,2,0,0,2,0,0,2,2
122,6198.436,-7714.763,-289.468,147.961,-0.847418,-0.530318,-0.025424,0.530757,-0.847386,-0.015283,-0.013439,-0.026445,0.999560,0,-0.18737,-0.43130,-11.242,-0.863,-1,375.000,-1,400.000,-1,325.000,325.000,300.000,300.000,-1,550.000,525.000,-1,725.000,750.000,-1,-1,2,0,2,0,2,0,0,0,0,2,0,0,2,0,0,2,2
123,6211.906,-7723.478,-289.219,147.098,-0.839326,-0.543011,-0.025896,0.543459,-0.839300,-0.015076,-0.013548,-0.026727,0.999551,0,-0.26737,-0.43130,-16.042,-0.863,-1,375.000,-1,400.000,-1,325.000,325.000,300.000,300.000,-1,550.000,525.000,-1,725.000,750.000,-1,-1,2,0,2,0,2,0,0,0,0,2,0,0,2,0,0,2,2
124,6229.232,-7735.062,-288.895,146.235,-0.831041,-0.555580,-0.026492,0.556040,-0.831025,-0.014754,-0.013819,-0.026992,0.999540,0,-0.34737,-0.43130,-20.842,-0.863,-1,375.000,-1,400.000,-1,325.000,325.000,300.000,300.000,-1,550.000,525.000,-1,725.000,750.000,-1,-1,2,0,2,0,2,0,0,0,0,2,0,0,2,0,0,2,2
125,6249.868,-7749.312,-288.509,145.373,-0.822562,-0.568024,-0.027199,0.568497,-0.822561,-0.014319,-0.014239,-0.027241,0.999527,0,-0.41797,-0.43130,-25.078,-0.863,-1,375.000,-1,400.000,-1,325.000,325.000,300.000,300.000,-1,550.000,550.000,-1,725.000,750.000,-1,-1,2,0,2,0,2,0,0,0,0,2,0,0,2,0,0,2,2
126,6270.287,-7763.871,-288.132,144.510,-0.813897,-0.580339,-0.027904,0.580824,-0.813911,-0.013855,-0.014671,-0.027484,0.999515,0,-0.41797,-0.43130,-25.078,-0.863,-1,375.000,-1,400.000,-1,325.000,325.000,300.000,300.000,-1,550.000,550.000,-1,725.000,750.000,-1,-1,2,0,2,0,2,0,0,0,0,2,0,0,2,0,0,2,2
127,6290.485,-7778.737,-287.765,143.648,-0.805046,-0.592523,-0.028606,0.593020,-0.805077,-0.013360,-0.015114,-0.027720,0.999501,0,-0.41797,-0.43130,-25.078,-0.863,-1,375.000,-1,375.000,-1,325.000,325.000,300.000,300.000,-1,550.000,550.000,-1,700.000,750.000,-1,-1,2,0,2,0,2,0,0,0,0,2,0,0,2,0,0,2,2
128,6310.456,-7793.904,-287.390,142.785,-0.796010,-0.604573,-0.029307,0.605081,-0.796062,-0.012750,-0.015622,-0.027882,0.999489,0,-0.41797,-0.43130,-25.078,-0.863,-1,375.000,-1,375.000,-1,325.000,325.000,300.000,300.000,-1,550.000,550.000,-1,700.000,750.000,-1,-1,2,0,2,0,2,0,0,0,0,2,0,0,2,0,0,2,2
129,6330.197,-7809.370,-286.959,141.922,-0.786790,-0.616491,-0.030004,0.617004,-0.786872,-0.011765,-0.016356,-0.027769,0.999481,0,-0.41797,-0.43130,-25.078,-0.863,-1,375.000,-1,375.000,-1,325.000,325.000,300.000,300.000,-1,575.000,550.000,-1,700.000,725.000,-1,-1,2,0,2,0,2,0,0,0,0,2,0,0,2,0,0,2,2
130,6349.702,-7825.132,-286.451,141.060,-0.777396,-0.628263,-0.030684,0.628787,-0.777498,-0.011178,-0.016834,-0.027983,0.999467,0,-0.41797,-0.43130,-25.078,-0.863,-1,375.000,-1,375.000,-1,300.000,325.000,300.000,300.000,-1,575.000,575.000,-1,700.000,725.000,-1,-1,2,0,2,0,2,0,0,0,0,2,0,0,2,0,0,2,2
131,6368.969,-7841.186,-285.925,140.197,-0.767825,-0.639891,-0.031361,0.640427,-0.767944,-0.010702,-0.017236,-0.028302,0.999451,0,-0.41797,-0.43130,-25.078,-0.863,-1,375.000,-1,375.000,-1,300.000,325.000,300.000,300.000,-1,600.000,575.000,-1,700.000,725.000,-1,-1,2,0,2,0,2,0,0,0,0,2,0,0,2,0,0,2,2
132,6387.991,-7857.528,-285.410,139.335,-0.758081,-0.651374,-0.032035,0.651922,-0.758217,-0.010211,-0.017638,-0.028625,0.999435,0,-0.41797,-0.43130,-25.078,-0.863,-1,375.000,-1,375.000,-1,300.000,325.000,300.000,300.000,-1,600.000,600.000,-1,700.000,725.000,-1,-1,2,0,2,0,2,0,0,0,0,2,0,0,2,0,0,2,2
133,6406.765,-7874.154,-284.903,138.472,-0.748163,-0.662708,-0.032705,0.663269,-0.748318,-0.009706,-0.018041,-0.028954,0.999418,0,-0.41797,-0.43130,-25.078,-0.863,-1,375.000,-1,375.000,-1,300.000,325.000,300.000,300.000,-1,625.000,625.000,-1,700.000,725.000,-1,-1,2,0,2,0,2,0,0,0,0,2,0,0,2,0,0,2,2
134,6425.287,-7891.062,-284.407,137.609,-0.738076,-0.673892,-0.033372,0.674466,-0.738249,-0.009187,-0.018446,-0.029289,0.999401,0,-0.41797,-0.43130,-25.078,-0.863,-1,375.000,-1,375.000,-1,300.000,325.000,300.000,300.000,-1,650.000,650.000,-1,700.000,725.000,-1,-1,2,0,2,0,2,0,0,0,0,2,0,0,2,0,0,2,2
135,6440.114,-7904.895,-284.011,136.987,-0.730688,-0.681869,-0.033910,0.682452,-0.730878,-0.008750,-0.018818,-0.029535,0.999387,0,-0.33797,-0.31130,-20.278,-0.623,-1,375.000,-1,375.000,-1,300.000,325.000,300.000,300.000,-1,675.000,675.000,-1,700.000,725.000,-1,-1,2,0,2,0,2,0,0,0,0,2,0,0,2,0,0,2,2
136,6451.360,-7915.529,-283.712,136.604,-0.726101,-0.686731,-0.034323,0.687321,-0.726305,-0.008403,-0.019158,-0.029692,0.999375,0,-0.25797,-0.19130,-15.478,-0.383,-1,375.000,-1,375.000,-1,300.000,325.000,300.000,300.000,-1,700.000,675.000,-1,700.000,725.000,-1,-1,2,0,2,0,2,0,0,0,0,2,0,0,2,0,0,2,2
