timestep,x_cm,y_cm,z_cm,yaw_deg,basis_xx,basis_xy,basis_xz,basis_yx,basis_yy,basis_yz,basis_zx,basis_zy,basis_zz,teleport_flag,throttle_cmd,steering_cmd,cmd_move_cm,cmd_turn_deg,lidar_cm_0,lidar_cm_1,lidar_cm_2,lidar_cm_3,lidar_cm_4,lidar_cm_5,lidar_cm_6,lidar_cm_7,lidar_cm_8,lidar_cm_9,lidar_cm_10,lidar_cm_11,lidar_cm_12,lidar_cm_13,lidar_cm_14,lidar_cm_15,lidar_cm_16,lidar_class_0,lidar_class_1,lidar_class_2,lidar_class_3,lidar_class_4,lidar_class_5,lidar_class_6,lidar_class_7,lidar_class_8,lidar_class_9,lidar_class_10,lidar_class_11,lidar_class_12,lidar_class_13,lidar_class_14,lidar_class_15,lidar_class_16
0,-2300.051,6885.132,24.563,-153.318,-0.893469,0.449000,-0.010535,-0.449100,-0.893419,0.010557,-0.004672,0.014164,0.999889,1,0.08000,-0.12000,4.800,-0.240,-1,400.000,925.000,375.000,525.000,325.000,325.000,300.000,300.000,525.000,475.000,650.000,-1,700.000,500.000,-1,500.000,2,0,1,1,1,0,0,0,0,1,1,1,2,1,1,2,1
1,-2308.665,6880.893,24.511,-153.798,-0.897195,0.441501,-0.010892,-0.441604,-0.897151,0.010301,-0.005224,0.014052,0.999888,0,0.16000,-0.24000,9.600,-0.480,-1,400.000,900.000,375.000,525.000,325.000,325.000,300.000,300.000,550.000,475.000,650.000,-1,700.000,500.000,-1,475.000,2,0,1,1,1,0,0,0,0,1,1,1,2,1,1,2,1
2,-2321.664,6874.698,24.429,-154.518,-0.902664,0.430193,-0.011430,-0.430303,-0.902630,0.009923,-0.006048,0.013876,0.999885,0,0.24000,-0.36000,14.400,-0.720,-1,400.000,875.000,375.000,500.000,325.000,325.000,300.000,300.000,575.000,475.000,625.000,-1,675.000,475.000,-1,475.000,2,0,1,1,1,0,0,0,0,1,1,1,2,1,1,2,1
3,-2339.132,6866.729,24.313,-155.478,-0.909735,0.415011,-0.012153,-0.415128,-0.909714,0.009433,-0.007141,0.013627,0.999882,0,0.32000,-0.48000,19.200,-0.960,-1,400.000,850.000,350.000,475.000,325.000,325.000,300.000,300.000,575.000,500.000,625.000,-1,650.000,475.000,-1,450.000,2,0,1,1,1,0,0,0,0,1,1,1,2,1,1,2,1
4,-2361.171,6857.227,24.156,-156.678,-0.918213,0.395870,-0.013065,-0.395995,-0.918210,0.008841,-0.008496,0.013292,0.999876,0,0.40000,-0.60000,24.000,-1.200,-1,400.000,800.000,350.000,475.000,325.000,325.000,300.000,300.000,625.000,525.000,625.000,-1,625.000,450.000,-1,425.000,2,0,1,1,1,0,1,0,0,1,1,1,2,1,1,2,1
5,-2387.896,6846.493,23.952,-158.118,-0.927855,0.372673,-0.014169,-0.372805,-0.927874,0.008164,-0.010104,0.012857,0.999866,0,0.48000,-0.72000,28.800,-1.440,-1,400.000,750.000,325.000,450.000,325.000,325.000,300.000,300.000,650.000,525.000,650.000,-1,575.000,425.000,-1,400.000,2,0,1,1,1,0,1,0,0,1,1,1,2,1,1,2,1
6,-2419.429,6834.890,23.694,-159.798,-0.938360,0.345312,-0.015469,-0.345452,-0.938407,0.007422,-0.011953,0.012308,0.999853,0,0.56000,-0.84000,33.600,-1.680,-1,400.000,700.000,325.000,425.000,325.000,300.000,300.000,300.000,700.000,550.000,650.000,-1,525.000,400.000,875.000,375.000,2,1,1,1,1,1,1,0,0,1,1,1,2,1,1,1,1
7,-2455.891,6822.844,23.373,-161.718,-0.949377,0.313680,-0.016968,-0.313826,-0.949457,0.006639,-0.014028,0.011628,0.999834,0,0.64000,-0.96000,38.400,-1.920,-1,350.000,625.000,300.000,400.000,300.000,275.000,300.000,300.000,750.000,600.000,675.000,-1,500.000,375.000,700.000,350.000,2,1,1,1,1,1,1,0,0,1,1,1,2,1,1,1,1
8,-2497.358,6810.732,22.985,-163.718,-0.959715,0.280356,-0.018656,-0.280505,-0.959835,0.005824,-0.016274,0.010823,0.999809,0,0.72000,-1.00000,43.200,-2.000,-1,325.000,575.000,275.000,350.000,275.000,250.000,300.000,300.000,825.000,625.000,700.000,-1,450.000,350.000,575.000,325.000,2,1,1,1,1,1,1,0,0,1,1,1,2,1,1,1,1
9,-2540.729,6799.691,22.556,-165.718,-0.968880,0.246690,-0.020408,-0.246838,-0.969043,0.005062,-0.018527,0.009942,0.999779,0,0.74591,-1.00000,44.754,-2.000,-1,300.000,500.000,250.000,325.000,250.000,225.000,300.000,300.000,900.000,675.000,725.000,-1,400.000,300.000,475.000,275.000,2,1,1,1,1,1,1,0,0,1,1,1,2,1,1,1,1
10,-2584.830,6790.090,22.148,-167.718,-0.976889,0.212723,-0.020901,-0.212858,-0.977073,0.004461,-0.019473,0.008806,0.999772,0,0.75222,-1.00000,45.133,-2.000,550.000,275.000,450.000,225.000,275.000,225.000,200.000,300.000,300.000,1000.000,700.000,750.000,-1,350.000,275.000,400.000,250.000,1,1,1,1,1,1,1,0,0,1,1,1,2,1,1,1,1
11,-2629.616,6781.965,24.685,-169.718,-0.983884,0.178500,-0.010499,-0.178451,-0.983934,-0.005432,-0.011300,-0.003471,0.999930,0,0.75864,-1.00000,45.518,-2.000,425.000,250.000,425.000,200.000,300.000,200.000,200.000,300.000,350.000,-1,725.000,775.000,-1,325.000,275.000,350.000,250.000,1,1,1,1,1,1,1,0,0,2,1,1,2,1,1,1,1
12,-2675.047,6775.350,27.488,-171.718,-0.989572,0.144039,0.000809,-0.144036,-0.989471,-0.014148,-0.001238,-0.014117,0.999900,0,0.76516,-1.00000,45.909,-2.000,350.000,225.000,400.000,200.000,350.000,200.000,175.000,300.000,375.000,-1,750.000,775.000,-1,300.000,250.000,300.000,250.000,1,1,1,1,1,1,1,0,0,2,1,1,2,1,1,1,1
13,-2721.076,6770.284,34.021,-173.718,-0.993726,0.109426,0.023103,-0.109594,-0.993957,-0.006161,0.022290,-0.008654,0.999714,0,0.77177,-1.00000,46.306,-2.000,375.000,225.000,425.000,200.000,-1,200.000,200.000,325.000,375.000,-1,300.000,450.000,-1,325.000,275.000,300.000,300.000,1,1,1,1,2,1,1,0,0,2,0,0,2,1,1,1,1
14,-2767.656,6766.797,40.450,-175.718,-0.996160,0.074673,0.045706,-0.074717,-0.997204,0.000744,0.045634,-0.002674,0.998955,0,0.77847,-1.00000,46.708,-2.000,375.000,225.000,450.000,200.000,-1,200.000,200.000,375.000,400.000,-1,150.000,175.000,-1,325.000,275.000,325.000,350.000,1,1,1,1,2,1,1,0,0,2,0,0,2,1,1,1,1
15,-2819.118,6764.529,47.376,-177.478,-0.996525,0.044011,0.070717,-0.043673,-0.999026,0.006321,0.070926,0.003210,0.997476,0,0.85847,-0.88000,51.508,-1.760,425.000,250.000,-1,225.000,-1,200.000,200.000,400.000,400.000,-1,100.000,125.000,-1,350.000,300.000,350.000,525.000,1,1,2,1,2,1,1,0,0,2,0,0,2,1,1,1,1
16,-3607.632,8199.153,-14.390,83.829,0.107551,-0.993852,-0.026296,0.994197,0.107455,0.005040,-0.002184,-0.026685,0.999642,1,0.00000,0.00000,56.308,-1.520,650.000,375.000,-1,400.000,975.000,325.000,325.000,300.000,300.000,-1,400.000,375.000,-1,625.000,800.000,700.000,-1,1,1,2,0,1,0,0,0,0,2,1,1,2,1,0,1,2
17,-3608.128,8194.379,-14.377,84.069,0.103388,-0.994292,-0.026360,0.994638,0.103291,0.005022,-0.002270,-0.026738,0.999640,0,-0.08000,0.12000,-4.800,0.240,650.000,375.000,-1,400.000,975.000,325.000,325.000,300.000,300.000,-1,375.000,375.000,-1,625.000,800.000,700.000,-1,1,1,2,0,1,0,0,0,0,2,1,1,2,1,0,1,2
18,-3609.065,8184.825,-14.350,84.396,0.097714,-0.994862,-0.026487,0.995212,0.097615,0.004985,-0.002374,-0.026847,0.999637,0,-0.16000,0.16348,-9.600,0.327,650.000,400.000,-1,400.000,975.000,325.000,325.000,300.000,300.000,-1,375.000,350.000,-1,625.000,800.000,700.000,-1,1,1,2,0,1,0,0,0,0,2,1,1,2,1,0,1,2
19,-3610.392,8170.486,-14.310,84.715,0.092176,-0.995385,-0.026675,0.995740,0.092077,0.004931,-0.002452,-0.027016,0.999632,0,-0.24000,0.15943,-14.400,0.319,675.000,400.000,-1,400.000,1000.000,325.000,325.000,300.000,300.000,-1,350.000,350.000,-1,625.000,800.000,700.000,-1,1,1,2,0,1,0,0,0,0,2,1,1,2,1,0,1,2
20,-3612.058,8151.358,-14.254,85.022,0.086847,-0.995858,-0.026924,0.996219,0.086747,0.004859,-0.002504,-0.027244,0.999626,0,-0.32000,0.15335,-19.200,0.307,700.000,400.000,-1,400.000,1000.000,325.000,325.000,300.000,300.000,-1,350.000,325.000,-1,625.000,800.000,725.000,-1,1,0,2,0,1,0,0,0,0,2,1,1,2,1,0,1,2
21,-3613.990,8127.795,-14.183,85.312,0.081796,-0.996277,-0.027228,0.996646,0.081696,0.004773,-0.002531,-0.027527,0.999618,0,-0.39404,0.14524,-23.643,0.290,700.000,400.000,-1,400.000,-1,325.000,325.000,300.000,300.000,1000.000,325.000,300.000,-1,650.000,800.000,750.000,-1,1,0,2,0,2,0,0,0,0,1,1,1,2,1,0,1,2
22,-3615.845,8103.792,-14.109,85.583,0.077092,-0.996644,-0.027536,0.997021,0.076991,0.004686,-0.002550,-0.027815,0.999610,0,-0.40124,0.13524,-24.074,0.270,725.000,400.000,-1,400.000,-1,325.000,325.000,300.000,300.000,950.000,300.000,275.000,-1,650.000,800.000,750.000,-1,1,0,2,0,2,0,0,0,0,1,1,1,2,1,0,1,2
23,-3617.626,8079.343,-14.033,85.833,0.072739,-0.996962,-0.027848,0.997348,0.072639,0.004599,-0.002562,-0.028108,0.999602,0,-0.40856,0.12506,-24.514,0.250,750.000,400.000,-1,400.000,-1,325.000,325.000,300.000,300.000,925.000,275.000,250.000,-1,650.000,800.000,775.000,-1,1,0,2,0,2,0,0,0,0,1,1,1,2,1,0,1,2
24,-3619.340,8054.441,-13.953,86.062,0.068747,-0.997237,-0.028163,0.997631,0.068646,0.004511,-0.002565,-0.028406,0.999593,0,-0.41601,0.11470,-24.961,0.229,775.000,400.000,-1,400.000,-1,325.000,325.000,300.000,300.000,875.000,250.000,225.000,-1,650.000,800.000,800.000,-1,1,0,2,0,2,0,0,0,0,1,1,1,2,1,0,1,2
25,-3620.994,8029.080,-13.870,86.270,0.065120,-0.997471,-0.028483,0.997874,0.065020,0.004422,-0.002559,-0.028710,0.999585,0,-0.42359,0.10414,-25.415,0.208,800.000,400.000,-1,400.000,-1,325.000,325.000,300.000,300.000,825.000,225.000,200.000,-1,675.000,800.000,825.000,-1,1,0,2,0,2,0,0,0,0,1,1,1,2,1,0,1,2
26,-3622.593,8003.252,-13.785,86.457,0.061867,-0.997669,-0.028807,0.998081,0.061768,0.004333,-0.002544,-0.029020,0.999576,0,-0.43129,0.09339,-25.877,0.187,825.000,400.000,-1,400.000,-1,325.000,325.000,300.000,300.000,775.000,175.000,175.000,-1,675.000,800.000,850.000,-1,1,0,2,0,2,0,0,0,0,1,1,1,2,1,0,1,2
27,-3624.145,7976.950,-13.697,86.622,0.058995,-0.997833,-0.029135,0.998255,0.058896,0.004243,-0.002518,-0.029335,0.999566,0,-0.43913,0.08244,-26.348,0.165,850.000,400.000,-1,400.000,-1,325.000,325.000,300.000,300.000,750.000,150.000,150.000,-1,700.000,800.000,875.000,-1,1,0,2,0,2,0,0,0,0,1,1,1,2,1,0,1,2
28,-3625.659,7950.167,-13.607,86.765,0.056510,-0.997967,-0.029469,0.998399,0.056412,0.004153,-0.002482,-0.029656,0.999557,0,-0.44709,0.07129,-26.826,0.143,900.000,400.000,-1,400.000,-1,325.000,325.000,300.000,300.000,700.000,125.000,125.000,-1,700.000,800.000,900.000,-1,1,0,2,0,2,0,0,0,0,1,1,1,2,1,0,1,2
29,-3627.144,7922.896,-13.514,86.885,0.054420,-0.998073,-0.029808,0.998515,0.054323,0.004061,-0.002434,-0.029984,0.999547,0,-0.45520,0.05994,-27.312,0.120,925.000,400.000,-1,400.000,-1,325.000,325.000,300.000,300.000,650.000,100.000,100.000,-1,700.000,800.000,900.000,-1,1,0,2,0,2,0,0,0,0,1,1,1,2,1,0,1,2
30,-3628.608,7895.128,-13.420,86.981,0.052733,-0.998153,-0.030152,0.998606,0.052637,0.003969,-0.002374,-0.030319,0.999537,0,-0.46343,0.04839,-27.806,0.097,950.000,400.000,-1,400.000,-1,325.000,325.000,300.000,300.000,625.000,75.000,75.000,-1,725.000,800.000,925.000,-1,1,0,2,0,2,0,0,0,0,1,1,1,2,1,0,1,2
31,-3630.064,7866.857,-12.751,87.055,0.051516,-0.998143,-0.032511,0.998664,0.051357,0.005724,-0.004044,-0.032763,0.999455,0,-0.47181,0.03662,-28.309,0.073,975.000,375.000,-1,400.000,-1,325.000,325.000,300.000,300.000,575.000,50.000,50.000,-1,725.000,800.000,950.000,-1,1,0,2,0,2,0,0,0,0,1,1,1,2,1,0,1,2
32,-3631.523,7838.075,-9.852,87.104,0.050983,-0.998046,-0.036118,0.998620,0.050491,0.014419,-0.012567,-0.036803,0.999244,0,-0.48032,0.02464,-28.819,0.049,975.000,375.000,-1,400.000,-1,300.000,325.000,300.000,325.000,575.000,50.000,25.000,-1,700.000,775.000,950.000,-1,1,0,2,0,2,0,0,0,0,1,1,1,2,0,0,1,2
33,-3632.993,7808.775,-5.476,87.129,0.050986,-0.998122,-0.033949,0.998365,0.050060,0.027588,-0.025837,-0.035300,0.999043,0,-0.48896,0.01245,-29.338,0.025,975.000,375.000,-1,375.000,-1,300.000,300.000,325.000,325.000,600.000,25.000,25.000,-1,675.000,725.000,925.000,-1,1,0,2,0,2,0,0,0,0,1,1,1,2,0,0,1,2
34,-3634.108,7784.263,-1.794,87.394,0.046680,-0.998410,-0.031608,0.998219,0.045448,0.038640,-0.037142,-0.033355,0.998753,0,-0.40896,0.13245,-24.538,0.265,975.000,350.000,-1,375.000,-1,300.000,300.000,325.000,350.000,650.000,25.000,25.000,-1,625.000,675.000,925.000,-1,1,0,2,0,2,0,0,0,0,1,1,1,2,0,0,1,2
35,-3634.832,7764.539,1.179,87.899,0.038062,-0.998851,-0.029118,0.998196,0.036651,0.047564,-0.046442,-0.030876,0.998444,0,-0.32896,0.25245,-19.738,0.505,1000.000,350.000,-1,350.000,-1,300.000,300.000,350.000,350.000,675.000,25.000,25.000,-1,625.000,650.000,925.000,-1,1,0,2,0,2,0,0,0,0,1,1,1,2,0,0,1,2
36,-3635.184,7749.606,3.435,88.644,0.025133,-0.999333,-0.026497,0.998240,0.023664,0.054379,-0.053716,-0.027818,0.998169,0,-0.24896,0.37245,-14.938,0.745,1000.000,350.000,-1,350.000,-1,300.000,300.000,350.000,350.000,675.000,25.000,0.000,-1,600.000,625.000,925.000,-1,1,0,2,0,2,0,0,0,0,1,1,1,2,0,0,1,2
37,-3635.270,7739.469,4.966,89.509,0.010003,-0.999662,-0.024009,0.998215,0.008569,0.059101,-0.058875,-0.024557,0.997963,0,-0.16896,0.43268,-10.138,0.865,-1,350.000,-1,350.000,-1,275.000,275.000,375.000,350.000,700.000,25.000,0.000,-1,600.000,600.000,925.000,-1,2,0,2,0,2,0,0,0,0,1,1,1,2,0,0,1,2
38,-3635.235,7734.132,5.773,90.366,-0.005036,-0.999747,-0.021905,0.998073,-0.006380,0.061724,-0.061848,-0.021552,0.997853,0,-0.08896,0.42839,-5.338,0.857,-1,350.000,-1,350.000,-1,275.000,275.000,375.000,350.000,700.000,25.000,0.000,-1,600.000,575.000,925.000,-1,2,0,2,0,2,0,0,0,0,1,1,1,2,0,0,1,2
39,-3635.222,7733.594,5.860,91.218,-0.020031,-0.999596,-0.020147,0.997834,-0.021251,0.062262,-0.062665,-0.018856,0.997856,0,-0.00896,0.42612,-0.538,0.852,-1,350.000,-1,350.000,-1,275.000,275.000,375.000,325.000,700.000,25.000,0.000,-1,600.000,575.000,950.000,-1,2,0,2,0,2,0,0,0,0,1,1,1,2,0,0,1,2
40,-3635.376,7737.853,5.235,92.070,-0.035034,-0.999211,-0.018698,0.997501,-0.036110,0.060723,-0.061350,-0.016523,0.997980,0,0.07104,0.42589,4.262,0.852,-1,350.000,-1,350.000,-1,275.000,275.000,375.000,325.000,700.000,25.000,25.000,-1,600.000,575.000,950.000,-1,2,0,2,0,2,0,0,0,0,1,1,1,2,0,0,1,2
41,-3635.874,7746.901,3.902,93.161,-0.054251,-0.998382,-0.017049,0.996836,-0.055145,0.057239,-0.058086,-0.013890,0.998215,0,0.15104,0.54589,9.062,1.092,-1,350.000,-1,350.000,-1,300.000,275.000,375.000,325.000,675.000,25.000,25.000,-1,600.000,600.000,975.000,-1,2,0,2,0,2,0,0,0,0,1,1,1,2,0,0,1,2
42,-3636.959,7760.720,1.867,94.493,-0.077648,-0.996865,-0.015163,0.995577,-0.078337,0.051865,-0.052891,-0.011068,0.998539,0,0.23104,0.66589,13.862,1.332,-1,350.000,-1,350.000,-1,300.000,300.000,375.000,325.000,625.000,25.000,25.000,-1,625.000,600.000,975.000,-1,2,0,2,0,2,0,0,0,0,1,1,1,2,0,0,1,2
43,-3638.930,7779.277,-0.867,96.065,-0.105174,-0.994369,-0.012962,0.993400,-0.105654,0.044659,-0.045777,-0.008180,0.998918,0,0.31104,0.78589,18.662,1.572,-1,375.000,-1,350.000,-1,300.000,300.000,375.000,300.000,550.000,25.000,25.000,-1,650.000,625.000,1000.000,-1,2,0,2,0,2,0,0,0,0,1,1,1,2,0,0,1,2
44,-3642.145,7802.516,-4.304,97.877,-0.136757,-0.990551,-0.010318,0.989923,-0.137042,0.035667,-0.036744,-0.005337,0.999310,0,0.39104,0.90589,23.462,1.812,-1,375.000,-1,350.000,-1,300.000,300.000,375.000,300.000,500.000,25.000,50.000,-1,675.000,625.000,-1,-1,2,0,2,0,2,0,0,0,0,1,1,1,2,0,0,2,2
45,-3646.993,7830.359,-7.613,99.877,-0.171300,-0.985162,-0.010592,0.984815,-0.171528,0.026775,-0.028194,-0.005845,0.999585,0,0.47104,1.00000,28.262,2.000,-1,375.000,-1,375.000,-1,300.000,300.000,375.000,300.000,450.000,25.000,50.000,-1,700.000,675.000,-1,-1,2,0,2,0,2,0,0,0,0,1,1,1,2,0,0,2,2
46,-3653.798,7862.713,-9.952,101.877,-0.205461,-0.978505,-0.017715,0.978404,-0.205790,0.019374,-0.022603,-0.013351,0.999655,0,0.55104,1.00000,33.062,2.000,-1,375.000,-1,375.000,-1,300.000,300.000,350.000,300.000,425.000,50.000,75.000,-1,725.000,700.000,-1,-1,2,0,2,0,2,0,0,0,0,1,1,1,2,0,0,2,2
47,-3662.249,7896.912,-12.544,103.877,-0.239461,-0.970586,-0.024908,0.970769,-0.239779,0.010660,-0.016319,-0.021627,0.999633,0,0.58714,1.00000,35.229,2.000,-1,375.000,-1,375.000,-1,325.000,325.000,325.000,300.000,400.000,75.000,100.000,-1,725.000,750.000,-1,-1,2,0,2,0,2,0,0,0,0,1,1,1,2,0,0,2,2
48,-3672.087,7931.495,-14.713,105.877,-0.273243,-0.961474,-0.030111,0.961877,-0.273463,0.003355,-0.011460,-0.028047,0.999541,0,0.59925,1.00000,35.955,2.000,-1,400.000,-1,400.000,-1,325.000,325.000,300.000,300.000,400.000,100.000,150.000,-1,750.000,750.000,-1,-1,2,0,2,0,2,0,0,0,0,1,1,1,2,0,1,2,2
49,-3683.352,7966.419,-15.160,107.877,-0.306631,-0.951362,-0.029797,0.951750,-0.306857,0.003234,-0.012220,-0.027367,0.999551,0,0.61161,1.00000,36.696,2.000,-1,400.000,-1,400.000,-1,325.000,325.000,300.000,300.000,425.000,125.000,175.000,-1,750.000,750.000,-1,-1,2,0,2,0,2,0,0,0,0,1,1,1,2,0,1,2,2
50,-3696.085,8001.639,-15.645,109.877,-0.339646,-0.940090,-0.029524,0.940464,-0.339878,0.003092,-0.012941,-0.026716,0.999559,0,0.62418,1.00000,37.451,2.000,-1,400.000,-1,400.000,-1,325.000,325.000,300.000,300.000,450.000,175.000,225.000,-1,750.000,700.000,-1,-1,2,0,2,0,2,0,0,0,0,1,1,1,2,0,1,2,2
51,-3710.324,8037.102,-16.164,111.877,-0.372249,-0.927671,-0.029275,0.928033,-0.372486,0.002918,-0.013611,-0.026082,0.999567,0,0.63692,1.00000,38.215,2.000,-1,400.000,-1,400.000,-1,325.000,325.000,300.000,300.000,475.000,225.000,275.000,-1,750.000,675.000,-1,-1,2,0,2,0,2,0,0,0,0,1,1,1,2,1,1,2,2
52,-3726.105,8072.753,-16.754,113.877,-0.404398,-0.914125,-0.028951,0.914471,-0.404642,0.002878,-0.014346,-0.025311,0.999577,0,0.64979,1.00000,38.987,2.000,-1,400.000,1000.000,400.000,-1,325.000,325.000,300.000,300.000,500.000,275.000,325.000,-1,750.000,650.000,-1,-1,2,0,1,0,2,0,0,0,0,1,1,1,2,1,1,2,2
53,-3743.460,8108.531,-17.382,115.877,-0.436056,-0.899464,-0.028636,0.899794,-0.436307,0.002841,-0.015050,-0.024528,0.999586,0,0.66276,1.00000,39.765,2.000,-1,400.000,975.000,400.000,-1,325.000,325.000,300.000,300.000,525.000,300.000,375.000,-1,750.000,625.000,-1,975.000,2,0,1,0,2,0,0,0,0,1,1,1,2,1,1,2,1
54,-3762.418,8144.373,-18.041,117.877,-0.467185,-0.883705,-0.028344,0.884020,-0.467440,0.002780,-0.015706,-0.023758,0.999594,0,0.67578,1.00000,40.547,2.000,-1,375.000,975.000,400.000,-1,325.000,325.000,300.000,300.000,550.000,350.000,425.000,-1,725.000,600.000,-1,850.000,2,0,1,0,2,0,0,0,0,1,1,1,2,1,1,2,1
55,-3783.006,8180.211,-18.729,119.877,-0.497745,-0.866869,-0.028076,0.867170,-0.498005,0.002693,-0.016316,-0.023006,0.999602,0,0.68884,1.00000,41.331,2.000,-1,400.000,975.000,400.000,-1,325.000,325.000,300.000,300.000,575.000,400.000,500.000,-1,725.000,575.000,-1,750.000,2,0,1,1,2,0,0,0,0,1,1,1,2,1,1,2,1
56,-3805.246,8215.973,-19.445,121.877,-0.527700,-0.848975,-0.027832,0.849263,-0.527964,0.002577,-0.016882,-0.022277,0.999609,0,0.70190,1.00000,42.114,2.000,-1,400.000,975.000,375.000,-1,325.000,325.000,300.000,300.000,600.000,475.000,550.000,-1,725.000,550.000,-1,675.000,2,0,1,1,2,0,0,0,0,1,1,1,2,1,1,2,1
57,-3829.157,8251.587,-20.186,123.877,-0.557013,-0.830044,-0.027614,0.830321,-0.557280,0.002429,-0.017405,-0.021575,0.999616,0,0.71494,1.00000,42.896,2.000,1000.000,400.000,975.000,375.000,800.000,325.000,325.000,300.000,300.000,625.000,525.000,625.000,-1,725.000,525.000,-1,600.000,1,0,1,1,1,0,0,0,0,1,1,1,2,1,1,2,1
58,-3857.109,8290.235,-21.035,125.877,-0.585647,-0.810101,-0.027470,0.810369,-0.585916,0.002231,-0.017902,-0.020954,0.999620,0,0.79494,1.00000,47.696,2.000,950.000,400.000,975.000,350.000,650.000,325.000,325.000,325.000,300.000,650.000,600.000,700.000,-1,725.000,500.000,-1,550.000,1,0,1,1,1,0,0,0,0,1,1,1,2,1,1,2,1
59,-3883.304,8324.204,-21.933,127.637,-0.610239,-0.791724,-0.027946,0.791997,-0.610521,0.002029,-0.018668,-0.020895,0.999607,0,0.71494,0.88000,42.896,1.760,900.000,400.000,975.000,350.000,550.000,325.000,325.000,300.000,300.000,700.000,650.000,775.000,-1,725.000,450.000,1000.000,475.000,1,0,1,1,1,0,1,0,0,1,1,1,2,1,1,1,1
60,-3908.650,8355.330,-22.791,129.157,-0.631015,-0.775251,-0.028384,0.775531,-0.631308,0.001782,-0.019300,-0.020889,0.999595,0,0.66902,0.76000,40.141,1.520,875.000,400.000,975.000,325.000,475.000,325.000,300.000,300.000,300.000,725.000,725.000,850.000,-1,700.000,450.000,975.000,425.000,1,0,1,1,1,0,1,0,0,1,1,1,2,1,1,1,1
61,-3935.037,8386.293,-23.661,130.437,-0.648164,-0.760953,-0.028870,0.761242,-0.648466,0.001484,-0.019851,-0.021015,0.999582,0,0.67802,0.64000,40.681,1.280,825.000,400.000,975.000,325.000,425.000,325.000,300.000,300.000,300.000,750.000,775.000,950.000,-1,700.000,425.000,925.000,400.000,1,0,1,1,1,0,1,0,0,1,1,1,2,1,1,1,1
62,-3962.321,8417.158,-24.539,131.477,-0.661856,-0.749054,-0.029401,0.749355,-0.662167,0.001146,-0.020326,-0.021273,0.999567,0,0.68659,0.52000,41.195,1.040,800.000,400.000,975.000,300.000,375.000,325.000,275.000,300.000,300.000,775.000,850.000,-1,-1,675.000,400.000,875.000,350.000,1,0,1,1,1,0,1,0,0,1,1,2,2,1,1,1,1
63,-3990.365,8448.002,-25.422,132.277,-0.672236,-0.739730,-0.029975,0.740046,-0.672556,0.000776,-0.020734,-0.021661,0.999550,0,0.69479,0.40000,41.687,0.800,750.000,400.000,950.000,275.000,325.000,325.000,275.000,300.000,325.000,800.000,900.000,-1,-1,675.000,375.000,850.000,300.000,1,0,1,1,1,1,1,0,0,1,1,2,2,1,1,1,1
64,-4019.032,8478.917,-24.748,132.837,-0.679488,-0.733006,-0.031606,0.733506,-0.679647,-0.007061,-0.016305,-0.027981,0.999475,0,0.70268,0.28000,42.161,0.560,725.000,400.000,975.000,275.000,300.000,325.000,275.000,300.000,325.000,825.000,900.000,-1,-1,675.000,375.000,825.000,300.000,1,0,1,1,1,1,1,0,1,1,1,2,2,1,1,1,1
65,-4048.187,8510.007,-23.745,133.157,-0.683680,-0.729021,-0.033323,0.729703,-0.683563,-0.016556,-0.010709,-0.035635,0.999307,0,0.71037,0.16000,42.622,0.320,700.000,425.000,-1,275.000,275.000,325.000,275.000,300.000,350.000,825.000,700.000,875.000,-1,675.000,375.000,775.000,275.000,1,1,2,1,1,1,1,0,1,1,0,0,2,1,1,1,1
66,-4077.697,8541.386,-22.482,133.237,-0.684870,-0.727812,-0.035252,0.728652,-0.684342,-0.027247,-0.004294,-0.044348,0.999007,0,0.71791,0.04000,43.075,0.080,675.000,400.000,-1,275.000,275.000,300.000,250.000,300.000,350.000,825.000,425.000,650.000,-1,650.000,375.000,750.000,250.000,1,1,2,1,1,1,1,0,1,1,0,0,2,1,1,1,1
67,-4107.427,8573.175,-20.958,133.077,-0.683091,-0.729369,-0.037515,0.730327,-0.681978,-0.039088,0.002925,-0.054099,0.998531,0,0.72542,-0.08000,43.525,-0.160,650.000,400.000,-1,275.000,250.000,300.000,250.000,300.000,375.000,825.000,300.000,475.000,-1,650.000,375.000,750.000,250.000,1,1,2,1,1,1,1,0,1,1,0,0,2,1,1,1,1
68,-4137.287,8605.462,-19.171,132.754,-0.679336,-0.732725,-0.040197,0.733746,-0.677427,-0.052056,0.010912,-0.064858,0.997835,0,0.73298,-0.16126,43.979,-0.323,625.000,400.000,-1,275.000,250.000,300.000,250.000,275.000,400.000,800.000,225.000,400.000,-1,625.000,375.000,725.000,225.000,1,1,2,1,1,1,1,0,1,1,0,0,2,1,1,1,1
69,-4167.255,8638.270,-17.118,132.398,-0.675266,-0.736303,-0.043293,0.737312,-0.672297,-0.066238,0.019666,-0.076649,0.996864,0,0.74056,-0.17801,44.434,-0.356,600.000,400.000,-1,275.000,250.000,300.000,250.000,275.000,425.000,800.000,150.000,325.000,-1,625.000,375.000,700.000,225.000,1,1,2,1,1,1,1,0,1,1,0,0,2,1,1,1,1
70,-4197.299,8671.613,-14.790,132.007,-0.670888,-0.740077,-0.046856,0.740985,-0.666543,-0.081623,0.029176,-0.089480,0.995561,0,0.74801,-0.19543,44.881,-0.391,575.000,375.000,-1,275.000,225.000,300.000,250.000,275.000,450.000,725.000,125.000,300.000,-1,600.000,400.000,725.000,225.000,1,1,2,1,1,1,1,0,1,0,0,0,2,1,1,1,1
71,-4227.384,8705.503,-12.180,131.580,-0.666212,-0.744020,-0.050947,0.744720,-0.660115,-0.098188,0.039423,-0.103355,0.993863,0,0.75527,-0.21356,45.316,-0.427,550.000,375.000,-1,275.000,225.000,300.000,250.000,275.000,500.000,575.000,75.000,275.000,-1,600.000,400.000,-1,250.000,1,1,2,1,1,1,1,0,1,0,0,0,2,1,1,2,1
72,-4257.467,8739.951,-10.434,131.115,-0.660905,-0.748479,-0.054629,0.748994,-0.653293,-0.110524,0.047036,-0.113963,0.992371,0,0.76223,-0.23248,45.734,-0.465,525.000,375.000,-1,275.000,225.000,300.000,250.000,250.000,525.000,500.000,75.000,250.000,-1,600.000,400.000,-1,250.000,1,1,2,1,1,1,1,0,1,0,0,0,2,1,1,2,1
73,-4287.503,8774.963,-8.926,130.611,-0.655114,-0.753258,-0.058552,0.753569,-0.645868,-0.122424,0.054400,-0.124325,0.990749,0,0.76881,-0.25224,46.129,-0.504,500.000,350.000,-1,275.000,225.000,275.000,250.000,250.000,550.000,450.000,50.000,225.000,-1,625.000,425.000,-1,250.000,1,1,2,1,1,1,1,0,1,0,0,0,2,1,1,2,1
74,-4317.430,8810.548,-5.549,130.065,-0.648815,-0.759118,-0.052726,0.757887,-0.638445,-0.134146,0.068170,-0.126996,0.989558,0,0.77489,-0.27292,46.493,-0.546,525.000,375.000,-1,275.000,225.000,275.000,250.000,275.000,525.000,400.000,25.000,200.000,-1,-1,425.000,-1,275.000,1,1,2,1,1,1,1,0,1,0,0,0,2,2,1,2,1
75,-4347.195,8846.694,-1.572,129.476,-0.641781,-0.765614,-0.044181,0.762295,-0.630582,-0.145852,0.083807,-0.127284,0.988319,0,0.78034,-0.29459,46.820,-0.589,675.000,375.000,-1,300.000,250.000,300.000,275.000,275.000,500.000,400.000,25.000,175.000,-1,-1,625.000,-1,300.000,1,1,2,1,1,1,1,0,1,0,0,0,2,2,1,2,1
76,-8199.152,2951.690,-68.809,-156.076,-0.912717,0.405237,-0.052251,-0.406577,-0.913443,0.017779,-0.040524,0.037471,0.998476,1,0.00000,0.00000,47.100,-0.635,-1,400.000,-1,400.000,-1,325.000,325.000,300.000,300.000,-1,-1,-1,-1,750.000,775.000,-1,-1,2,0,2,0,2,0,0,0,0,2,2,2,2,0,0,2,2
77,-8203.548,2949.761,-69.006,-156.316,-0.914404,0.401410,-0.052304,-0.402748,-0.915139,0.017757,-0.040737,0.037302,0.998473,0,0.08000,-0.12000,4.800,-0.240,-1,400.000,-1,400.000,-1,325.000,325.000,300.000,300.000,-1,-1,-1,-1,750.000,775.000,-1,-1,2,0,2,0,2,0,0,0,0,2,2,2,2,0,0,2,2
78,-8212.372,2945.979,-69.403,-156.796,-0.917729,0.393734,-0.052410,-0.395068,-0.918481,0.017715,-0.041163,0.036963,0.998468,0,0.16000,-0.24000,9.600,-0.480,-1,400.000,-1,400.000,-1,325.000,325.000,300.000,300.000,-1,-1,-1,-1,750.000,750.000,-1,-1,2,0,2,0,2,0,0,0,0,2,2,2,2,0,0,2,2
79,-8225.677,2940.472,-70.005,-157.516,-0.922596,0.382169,-0.052573,-0.383497,-0.923373,0.017656,-0.041797,0.036451,0.998461,0,0.24000,-0.36000,14.400,-0.720,-1,400.000,-1,400.000,-1,325.000,325.000,300.000,300.000,-1,-1,-1,-1,750.000,750.000,-1,-1,2,0,2,0,2,0,0,0,0,2,2,2,2,0,0,2,2
80,-8243.539,2933.429,-70.818,-158.476,-0.928858,0.366654,-0.052794,-0.367973,-0.929670,0.017586,-0.042633,0.035761,0.998451,0,0.32000,-0.48000,19.200,-0.960,-1,400.000,-1,400.000,-1,325.000,325.000,300.000,300.000,-1,-1,-1,-1,750.000,750.000,-1,-1,2,0,2,0,2,0,0,0,0,2,2,2,2,0,0,2,2
81,-8266.045,2925.093,-71.852,-159.676,-0.936320,0.347114,-0.053075,-0.348423,-0.937174,0.017510,-0.043663,0.034887,0.998437,0,0.40000,-0.60000,24.000,-1.200,-1,400.000,-1,400.000,-1,325.000,325.000,300.000,300.000,-1,-1,-1,-1,750.000,750.000,-1,-1,2,0,2,0,2,0,0,0,0,2,2,2,2,0,0,2,2
82,-8293.295,2915.772,-73.114,-161.116,-0.944731,0.323465,-0.053422,-0.324761,-0.945635,0.017436,-0.044877,0.033822,0.998420,0,0.48000,-0.72000,28.800,-1.440,-1,400.000,-1,400.000,-1,325.000,325.000,300.000,300.000,-1,-1,-1,-1,750.000,750.000,-1,-1,2,0,2,0,2,0,0,0,0,2,2,2,2,0,0,2,2
83,-8325.384,2905.807,-74.616,-162.747,-0.953535,0.296432,-0.053836,-0.297712,-0.954497,0.017374,-0.046236,0.032595,0.998399,0,0.56000,-0.81547,33.600,-1.631,-1,400.000,-1,400.000,-1,325.000,325.000,300.000,300.000,-1,-1,-1,-1,750.000,750.000,-1,-1,2,0,2,0,2,0,0,0,0,2,2,2,2,0,0,2,2
84,-8362.366,2895.467,-76.364,-164.378,-0.961563,0.269157,-0.054326,-0.270422,-0.962586,0.017331,-0.047629,0.031356,0.998373,0,0.64000,-0.81547,38.400,-1.631,-1,400.000,-1,400.000,-1,325.000,325.000,300.000,300.000,-1,-1,-1,-1,750.000,750.000,-1,-1,2,0,2,0,2,0,0,0,0,2,2,2,2,0,0,2,2
85,-8401.967,2885.601,-78.254,-166.009,-0.968809,0.241660,-0.054857,-0.242911,-0.969894,0.017316,-0.049021,0.030101,0.998344,0,0.68019,-0.81547,40.811,-1.631,-1,400.000,-1,400.000,-1,325.000,325.000,300.000,300.000,-1,-1,-1,-1,725.000,750.000,-1,-1,2,0,2,0,2,0,0,0,0,2,2,2,2,0,0,2,2
86,-8441.832,2876.865,-80.176,-167.640,-0.975269,0.213966,-0.055392,-0.215202,-0.976416,0.017332,-0.050377,0.028824,0.998314,0,0.68019,-0.81547,40.811,-1.631,-1,375.000,-1,400.000,-1,325.000,325.000,300.000,300.000,-1,-1,-1,-1,725.000,750.000,-1,-1,2,0,2,0,2,0,0,0,0,2,2,2,2,0,0,2,2
87,-8481.930,2869.268,-82.162,-169.271,-0.980943,0.186095,-0.055856,-0.187321,-0.982143,0.017519,-0.051599,0.027648,0.998285,0,0.68019,-0.81547,40.811,-1.631,-1,375.000,-1,400.000,-1,325.000,325.000,300.000,300.000,-1,-1,-1,-1,725.000,725.000,-1,-1,2,0,2,0,2,0,0,0,0,2,2,2,2,0,0,2,2
88,-8522.228,2862.815,-84.161,-170.902,-0.985838,0.158072,-0.056009,-0.159277,-0.987075,0.017720,-0.052484,0.026390,0.998273,0,0.68019,-0.81547,40.811,-1.631,-1,375.000,-1,400.000,-1,325.000,325.000,300.000,300.000,-1,-1,-1,-1,725.000,725.000,-1,-1,2,0,2,0,2,0,0,0,0,2,2,2,2,0,0,2,2
89,-8562.694,2857.511,-86.195,-172.533,-0.989942,0.129920,-0.056005,-0.131092,-0.991211,0.017787,-0.053202,0.024950,0.998272,0,0.68019,-0.81547,40.811,-1.631,-1,375.000,-1,400.000,-1,325.000,325.000,300.000,300.000,-1,-1,-1,-1,725.000,725.000,-1,-1,2,0,2,0,2,0,0,0,0,2,2,2,2,0,0,2,2
90,-8603.293,2853.362,-88.244,-174.164,-0.993271,0.101659,-0.055477,-0.102792,-0.994541,0.017960,-0.053349,0.023542,0.998298,0,0.68019,-0.81547,40.811,-1.631,-1,375.000,-1,400.000,-1,325.000,325.000,300.000,300.000,-1,-1,-1,-1,725.000,725.000,-1,-1,2,0,2,0,2,0,0,0,0,2,2,2,2,0,0,2,2
91,-8643.995,2850.369,-90.309,-175.795,-0.995796,0.073314,-0.054912,-0.074408,-0.997063,0.018143,-0.053421,0.022153,0.998326,0,0.68019,-0.81547,40.811,-1.631,-1,375.000,-1,400.000,-1,325.000,325.000,300.000,300.000,-1,-1,-1,-1,725.000,725.000,-1,-1,2,0,2,0,2,0,0,0,0,2,2,2,2,0,0,2,2
92,-8684.765,2848.536,-92.398,-177.426,-0.997512,0.044908,-0.054340,-0.045961,-0.998776,0.018286,-0.053453,0.020738,0.998355,0,0.68019,-0.81547,40.811,-1.631,-1,375.000,-1,400.000,-1,325.000,325.000,300.000,300.000,-1,-1,-1,-1,725.000,725.000,-1,-1,2,0,2,0,2,0,0,0,0,2,2,2,2,0,0,2,2
93,-8725.571,2847.865,-94.511,-179.056,-0.998418,0.016464,-0.053765,-0.017475,-0.999678,0.018386,-0.053445,0.019297,0.998384,0,0.68019,-0.81547,40.811,-1.631,-1,375.000,-1,400.000,-1,325.000,325.000,300.000,300.000,-1,-1,-1,-1,700.000,725.000,-1,-1,2,0,2,0,2,0,0,0,0,2,2,2,2,0,0,2,2
94,-8766.379,2848.355,-96.645,-180.687,-0.998512,-0.011995,-0.053188,0.011028,-0.999769,0.018441,-0.053396,0.017827,0.998414,0,0.68019,-0.81547,40.811,-1.631,-1,400.000,-1,400.000,-1,325.000,325.000,300.000,300.000,-1,-1,-1,-1,700.000,700.000,-1,-1,2,0,2,0,2,0,0,0,0,2,2,2,2,0,0,2,2
95,-8807.157,2850.006,-98.800,-182.318,-0.997796,-0.040446,-0.052613,0.039524,-0.999048,0.018448,-0.053309,0.016328,0.998445,0,0.68019,-0.81547,40.811,-1.631,-1,400.000,-1,400.000,-1,325.000,325.000,300.000,300.000,-1,-1,-1,-1,700.000,700.000,-1,-1,2,0,2,0,2,0,0,0,0,2,2,2,2,0,0,2,2
96,-8847.871,2852.817,-100.973,-183.949,-0.996268,-0.068866,-0.052043,0.067990,-0.997516,0.018406,-0.053181,0.014799,0.998475,0,0.68019,-0.81547,40.811,-1.631,-1,400.000,-1,400.000,-1,325.000,325.000,300.000,300.000,-1,-1,-1,-1,700.000,700.000,-1,-1,2,0,2,0,2,0,0,0,0,2,2,2,2,0,0,2,2
97,-8888.489,2856.785,-103.163,-185.580,-0.993929,-0.097230,-0.051482,0.096404,-0.995174,0.018312,-0.053014,0.013237,0.998506,0,0.68019,-0.81547,40.811,-1.631,-1,375.000,-1,400.000,-1,325.000,325.000,300.000,300.000,-1,-1,-1,-1,700.000,700.000,-1,-1,2,0,2,0,2,0,0,0,0,2,2,2,2,0,0,2,2
98,-8928.977,2861.908,-105.368,-187.211,-0.990783,-0.125518,-0.050935,0.124741,-0.992023,0.018164,-0.052809,0.011643,0.998537,0,0.68019,-0.81547,40.811,-1.631,-1,375.000,-1,400.000,-1,325.000,325.000,300.000,300.000,-1,-1,-1,-1,700.000,700.000,-1,-1,2,0,2,0,2,0,0,0,0,2,2,2,2,0,0,2,2
99,-8969.304,2868.181,-107.587,-188.842,-0.986831,-0.153704,-0.050405,0.152979,-0.988066,0.017962,-0.052564,0.010015,0.998567,0,0.68019,-0.81547,40.811,-1.631,-1,375.000,-1,375.000,-1,325.000,325.000,300.000,300.000,-1,-1,-1,-1,700.000,700.000,-1,-1,2,0,2,0,2,0,0,0,0,2,2,2,2,0,0,2,2
100,-9009.435,2875.600,-109.818,-190.473,-0.982075,-0.181766,-0.049896,0.181094,-0.983306,0.017705,-0.052281,0.008352,0.998597,0,0.68019,-0.81547,40.811,-1.631,-1,375.000,-1,375.000,-1,325.000,325.000,300.000,300.000,-1,-1,-1,-1,675.000,700.000,-1,-1,2,0,2,0,2,0,0,0,0,2,2,2,2,0,0,2,2
101,-9049.339,2884.157,-112.060,-192.104,-0.976520,-0.209681,-0.049413,0.209065,-0.977747,0.017391,-0.051960,0.006652,0.998627,0,0.68019,-0.81547,40.811,-1.631,-1,375.000,-1,375.000,-1,325.000,325.000,300.000,300.000,-1,-1,-1,-1,675.000,700.000,-1,-1,2,0,2,0,2,0,0,0,0,2,2,2,2,0,0,2,2
102,-9088.983,2893.847,-114.310,-193.735,-0.970171,-0.237427,-0.048960,0.236867,-0.971393,0.017020,-0.051600,0.004916,0.998656,0,0.68019,-0.81547,40.811,-1.631,-1,375.000,-1,375.000,-1,325.000,325.000,300.000,300.000,-1,-1,-1,-1,675.000,700.000,-1,-1,2,0,2,0,2,0,0,0,0,2,2,2,2,0,0,2,2
103,-9128.335,2904.661,-116.481,-195.366,-0.963027,-0.264979,-0.048634,0.264457,-0.964248,0.016983,-0.051396,0.003494,0.998672,0,0.68019,-0.81547,40.811,-1.631,-1,375.000,-1,375.000,-1,300.000,300.000,300.000,300.000,-1,-1,-1,-1,675.000,700.000,-1,-1,2,0,2,0,2,0,0,0,0,2,2,2,2,0,0,2,2
104,-9167.364,2916.591,-118.381,-196.997,-0.955152,-0.292316,-0.047292,0.291793,-0.956317,0.017762,-0.050418,0.003166,0.998723,0,0.68019,-0.81547,40.811,-1.631,-1,375.000,-1,375.000,-1,300.000,300.000,300.000,300.000,-1,-1,-1,-1,675.000,700.000,-1,-1,2,0,2,0,2,0,0,0,0,2,2,2,2,0,0,2,2
105,-9206.037,2929.627,-120.289,-198.628,-0.946500,-0.319416,-0.045939,0.318897,-0.947611,0.018419,-0.049415,0.002783,0.998774,0,0.68019,-0.81547,40.811,-1.631,-1,375.000,-1,375.000,-1,300.000,300.000,300.000,300.000,-1,-1,-1,-1,675.000,700.000,-1,-1,2,0,2,0,2,0,0,0,0,2,2,2,2,0,0,2,2
106,-9244.324,2943.758,-122.194,-200.259,-0.937078,-0.346257,-0.044622,0.345747,-0.938137,0.018928,-0.048416,0.002309,0.998825,0,0.68019,-0.81547,40.811,-1.631,-1,375.000,-1,375.000,-1,300.000,300.000,300.000,300.000,-1,-1,-1,-1,675.000,700.000,-1,-1,2,0,2,0,2,0,0,0,0,2,2,2,2,0,0,2,2
107,-9282.192,2958.973,-124.037,-201.890,-0.926880,-0.372818,-0.043586,0.372329,-0.927903,0.019162,-0.047587,0.001532,0.998866,0,0.68019,-0.81547,40.811,-1.631,-1,375.000,-1,375.000,-1,300.000,300.000,300.000,300.000,-1,-1,-1,-1,675.000,700.000,-1,-1,2,0,2,0,2,0,0,0,0,2,2,2,2,0,0,2,2
108,-9321.928,2976.070,-125.924,-203.280,-0.917600,-0.395233,-0.042447,0.394776,-0.918581,0.018999,-0.046500,0.000676,0.998918,0,0.72095,-0.69547,43.257,-1.391,-1,375.000,-1,375.000,-1,300.000,300.000,300.000,300.000,-1,-1,975.000,-1,675.000,700.000,-1,-1,2,0,2,0,2,0,0,0,0,2,2,0,2,0,0,2,2
109,-9361.308,2993.968,-127.706,-204.442,-0.909449,-0.413766,-0.041237,0.413363,-0.910383,0.018265,-0.045098,-0.000435,0.998982,0,0.72095,-0.58057,43.257,-1.161,-1,375.000,-1,375.000,-1,300.000,300.000,300.000,300.000,-1,925.000,850.000,-1,675.000,700.000,-1,-1,2,0,2,0,2,0,0,0,0,2,0,0,2,0,0,2,2
110,-9400.318,3012.661,-129.496,-205.603,-0.900920,-0.432129,-0.040093,0.431779,-0.901810,0.017471,-0.043706,-0.001572,0.999043,0,0.72095,-0.58057,43.257,-1.161,-1,375.000,-1,375.000,-1,300.000,300.000,300.000,300.000,-1,850.000,800.000,-1,675.000,725.000,-1,-1,2,0,2,0,2,0,0,0,0,2,0,0,2,0,0,2,2
111,-9438.948,3032.143,-131.292,-206.764,-0.892019,-0.450310,-0.039020,0.450011,-0.892868,0.016620,-0.042323,-0.002734,0.999100,0,0.72108,-0.58044,43.265,-1.161,-1,375.000,-1,375.000,-1,300.000,300.000,300.000,300.000,-1,800.000,775.000,-1,675.000,725.000,-1,-1,2,0,2,0,2,0,0,0,0,2,0,0,2,0,0,2,2
112,-9477.320,3052.476,-133.060,-207.918,-0.882810,-0.468205,-0.037819,0.467954,-0.883612,0.015797,-0.040814,-0.003752,0.999160,0,0.72378,-0.57721,43.427,-1.154,-1,375.000,-1,375.000,-1,300.000,325.000,300.000,300.000,-1,775.000,725.000,-1,675.000,725.000,-1,-1,2,0,2,0,2,0,0,0,0,2,0,0,2,0,0,2,2
113,-9515.403,3073.643,-134.799,-209.066,-0.873304,-0.485807,-0.036487,0.485598,-0.874054,0.014995,-0.039177,-0.004623,0.999222,0,0.72618,-0.57381,43.571,-1.148,-1,375.000,-1,375.000,-1,325.000,325.000,300.000,300.000,-1,725.000,700.000,-1,700.000,725.000,-1,-1,2,0,2,0,2,0,0,0,0,2,0,0,2,0,0,2,2
114,-9553.167,3095.627,-136.547,-210.206,-0.863506,-0.503106,-0.035224,0.502938,-0.864207,0.014127,-0.037548,-0.005517,0.999280,0,0.72828,-0.57027,43.697,-1.141,-1,375.000,-1,400.000,-1,325.000,325.000,300.000,300.000,-1,700.000,675.000,-1,700.000,750.000,-1,-1,2,0,2,0,2,0,0,0,0,2,0,0,2,0,0,2,2
115,-9590.581,3118.410,-138.303,-211.339,-0.853430,-0.520096,-0.034032,0.519968,-0.854084,0.013198,-0.035931,-0.006432,0.999334,0,0.73008,-0.56659,43.805,-1.133,-1,375.000,-1,400.000,-1,325.000,325.000,300.000,300.000,-1,675.000,650.000,-1,700.000,750.000,-1,-1,2,0,2,0,2,0,0,0,0,2,0,0,2,0,0,2,2
116,-9627.614,3141.971,-140.067,-212.465,-0.843087,-0.536770,-0.032916,0.536681,-0.843697,0.012212,-0.034326,-0.007370,0.999384,0,0.73155,-0.56279,43.893,-1.126,-1,375.000,-1,400.000,-1,325.000,325.000,300.000,300.000,-1,650.000,625.000,-1,700.000,750.000,-1,-1,2,0,2,0,2,0,0,0,0,2,0,0,2,0,0,2,2
117,-9664.239,3166.289,-141.617,-213.583,-0.832484,-0.553126,-0.031976,0.553039,-0.833064,0.012306,-0.033445,-0.007439,0.999413,0,0.73271,-0.55891,43.963,-1.118,-1,375.000,-1,400.000,-1,325.000,325.000,300.000,300.000,-1,650.000,625.000,-1,700.000,750.000,-1,-1,2,0,2,0,2,0,0,0,0,2,0,0,2,0,0,2,2
118,-9700.427,3191.340,-143.122,-214.693,-0.821639,-0.569160,-0.031090,0.569067,-0.822194,0.012609,-0.032739,-0.007332,0.999437,0,0.73355,-0.55495,44.013,-1.110,-1,375.000,-1,400.000,-1,325.000,325.000,300.000,300.000,-1,675.000,650.000,-1,700.000,750.000,-1,-1,2,0,2,0,2,0,0,0,0,2,0,0,2,0,0,2,2
119,-9736.152,3217.101,-144.633,-215.795,-0.810566,-0.584866,-0.030233,0.584770,-0.811097,0.012857,-0.032042,-0.007258,0.999460,0,0.73407,-0.55096,44.044,-1.102,-1,375.000,-1,400.000,-1,325.000,325.000,300.000,300.000,-1,675.000,650.000,-1,700.000,750.000,-1,-1,2,0,2,0,2,0,0,0,0,2,0,0,2,0,0,2,2
120,-9771.389,3243.546,-146.055,-216.889,-0.799292,-0.600246,-0.028927,0.600140,-0.799786,0.013180,-0.031047,-0.006825,0.999495,0,0.73428,-0.54695,44.057,-1.094,-1,375.000,-1,400.000,-1,325.000,325.000,300.000,300.000,-1,700.000,650.000,-1,725.000,775.000,-1,-1,2,0,2,0,2,0,0,0,0,2,0,0,2,0,0,2,2
121,-9806.114,3270.652,-147.453,-217.974,-0.787815,-0.615298,-0.027511,0.615183,-0.788270,0.013468,-0.029973,-0.006314,0.999531,0,0.73419,-0.54296,44.052,-1.086,-1,375.000,-1,400.000,-1,325.000,325.000,300.000,300.000,-1,700.000,650.000,-1,725.000,775.000,-1,-1,2,0,2,0,2,0,0,0,0,2,0,0,2,0,0,2,2
122,-9840.306,3298.392,-148.860,-219.052,-0.776138,-0.630021,-0.026160,0.629900,-0.776556,0.013676,-0.028930,-0.005864,0.999564,0,0.73382,-0.53901,44.029,-1.078,-1,375.000,-1,400.000,-1,325.000,325.000,300.000,300.000,-1,700.000,650.000,-1,725.000,775.000,-1,-1,2,0,2,0,2,0,0,0,0,2,0,0,2,0,0,2,2
123,-9873.943,3326.741,-150.275,-220.123,-0.764262,-0.644426,-0.024876,0.644302,-0.764647,0.013809,-0.027920,-0.005474,0.999595,0,0.73318,-0.53547,43.991,-1.071,-1,375.000,-1,400.000,-1,325.000,325.000,300.000,300.000,-1,700.000,650.000,-1,750.000,775.000,-1,-1,2,0,2,0,2,0,0,0,0,2,0,0,2,0,0,2,2
124,-9907.007,3355.676,-151.696,-221.190,-0.752165,-0.658549,-0.023664,0.658424,-0.752520,0.013870,-0.026942,-0.005149,0.999624,0,0.73229,-0.53330,43.937,-1.067,-1,400.000,-1,400.000,-1,325.000,325.000,300.000,300.000,-1,725.000,650.000,-1,750.000,775.000,-1,-1,2,0,2,0,2,0,0,0,0,2,0,0,2,0,0,2,2
125,-9939.479,3385.174,-152.917,-222.253,-0.739829,-0.672394,-0.023217,0.672268,-0.740175,0.014025,-0.026615,-0.005232,0.999632,0,0.73117,-0.53141,43.870,-1.063,-1,400.000,-1,400.000,-1,325.000,325.000,300.000,300.000,-1,750.000,700.000,-1,750.000,775.000,-1,-1,2,0,2,0,2,0,0,0,0,2,0,0,2,0,0,2,2
126,-9971.343,3415.214,-154.086,-223.312,-0.727271,-0.685966,-0.022961,0.685839,-0.727614,0.014273,-0.026497,-0.005367,0.999634,0,0.72985,-0.52980,43.791,-1.060,-1,400.000,-1,400.000,-1,325.000,325.000,300.000,300.000,-1,800.000,750.000,-1,750.000,800.000,-1,-1,2,0,2,0,2,0,0,0,0,2,0,0,2,0,0,2,2
127,-10002.583,3445.774,-155.265,-224.369,-0.714495,-0.699271,-0.022741,0.699142,-0.714835,0.014494,-0.026391,-0.005543,0.999636,0,0.72837,-0.52848,43.702,-1.057,-1,400.000,-1,400.000,-1,325.000,325.000,300.000,300.000,-1,875.000,800.000,-1,750.000,800.000,-1,-1,2,0,2,0,2,0,0,0,0,2,0,0,2,0,0,2,2
128,-10033.187,3476.835,-156.454,-225.424,-0.701501,-0.712312,-0.022556,0.712184,-0.701840,0.014691,-0.026295,-0.005759,0.999638,0,0.72674,-0.52745,43.605,-1.055,-1,400.000,-1,400.000,-1,325.000,325.000,300.000,300.000,-1,925.000,850.000,-1,750.000,800.000,-1,-1,2,0,2,0,2,0,0,0,0,2,0,0,2,0,0,2,2
129,-10063.144,3508.378,-157.653,-226.478,-0.688286,-0.725094,-0.022408,0.724966,-0.688624,0.014865,-0.026209,-0.006014,0.999638,0,0.72502,-0.52672,43.501,-1.053,-1,400.000,-1,400.000,-1,325.000,325.000,300.000,300.000,-1,975.000,900.000,-1,775.000,800.000,-1,-1,2,0,2,0,2,0,0,0,0,2,0,0,2,0,0,2,2
130,-10092.443,3540.386,-158.860,-227.530,-0.674848,-0.737619,-0.022296,0.737494,-0.675187,0.015018,-0.026132,-0.006309,0.999639,0,0.72322,-0.52627,43.393,-1.053,-1,400.000,-1,400.000,-1,325.000,325.000,300.000,300.000,-1,-1,950.000,-1,775.000,800.000,-1,-1,2,0,2,0,2,0,0,0,0,2,2,0,2,0,0,2,2
