timestep,x_cm,y_cm,z_cm,yaw_deg,basis_xx,basis_xy,basis_xz,basis_yx,basis_yy,basis_yz,basis_zx,basis_zy,basis_zz,teleport_flag,throttle_cmd,steering_cmd,cmd_move_cm,cmd_turn_deg,lidar_cm_0,lidar_cm_1,lidar_cm_2,lidar_cm_3,lidar_cm_4,lidar_cm_5,lidar_cm_6,lidar_cm_7,lidar_cm_8,lidar_cm_9,lidar_cm_10,lidar_cm_11,lidar_cm_12,lidar_cm_13,lidar_cm_14,lidar_cm_15,lidar_cm_16,lidar_class_0,lidar_class_1,lidar_class_2,lidar_class_3,lidar_class_4,lidar_class_5,lidar_class_6,lidar_class_7,lidar_class_8,lidar_class_9,lidar_class_10,lidar_class_11,lidar_class_12,lidar_class_13,lidar_class_14,lidar_class_15,lidar_class_16
0,2948.168,4916.234,380.852,-137.269,-0.734137,0.678554,0.024642,-0.678221,-0.734550,0.021288,0.032546,-0.001084,0.999470,1,0.08000,-0.12000,4.800,-0.240,450.000,150.000,200.000,150.000,525.000,125.000,125.000,425.000,375.000,-1,350.000,400.000,-1,175.000,175.000,250.000,250.000,1,1,1,1,1,1,1,0,0,2,0,0,2,1,1,1,1
1,2941.062,4909.778,382.823,-137.749,-0.739735,0.672374,0.026572,-0.671792,-0.740206,0.028109,0.038568,0.002943,0.999252,0,0.16000,-0.24000,9.600,-0.480,425.000,150.000,200.000,150.000,575.000,125.000,125.000,425.000,375.000,-1,300.000,325.000,-1,175.000,175.000,250.000,275.000,1,1,1,1,1,1,1,0,0,2,0,0,2,1,1,1,1
2,2930.282,4900.229,385.729,-138.469,-0.748002,0.662997,0.030452,-0.661931,-0.748572,0.038574,0.048370,0.008696,0.998792,0,0.24000,-0.36000,14.400,-0.720,400.000,150.000,200.000,150.000,625.000,125.000,125.000,475.000,375.000,-1,250.000,225.000,-1,175.000,200.000,225.000,275.000,1,1,1,1,1,1,1,0,0,2,0,0,2,1,1,1,1
3,2915.709,4887.725,389.671,-139.377,-0.758191,0.650991,0.036831,-0.649050,-0.758915,0.052752,0.062293,0.016091,0.997928,0,0.32000,-0.45400,19.200,-0.908,350.000,150.000,200.000,150.000,750.000,125.000,125.000,500.000,375.000,-1,175.000,150.000,-1,175.000,200.000,225.000,275.000,1,1,1,1,1,1,1,0,0,2,0,0,2,1,1,1,1
4,-9511.018,983.906,-159.989,10.473,0.983359,-0.181659,0.002360,0.181632,0.982761,-0.034498,0.003948,0.034353,0.999402,1,0.00000,0.00000,24.000,-0.891,750.000,300.000,-1,350.000,-1,250.000,250.000,350.000,350.000,825.000,-1,-1,-1,825.000,-1,800.000,-1,0,0,2,1,2,0,0,0,1,1,2,2,2,1,2,1,2
5,-9506.295,984.759,-159.962,10.233,0.984111,-0.177536,0.002594,0.177516,0.983485,-0.035280,0.003712,0.035180,0.999374,0,0.08000,-0.12000,4.800,-0.240,750.000,300.000,-1,-1,-1,250.000,250.000,350.000,350.000,825.000,-1,-1,-1,825.000,-1,800.000,-1,0,0,2,2,2,0,0,0,1,1,2,2,2,1,2,1,2
6,-9496.834,986.386,-159.915,9.753,0.985563,-0.169280,0.003068,0.169277,0.984879,-0.036868,0.003220,0.036855,0.999315,0,0.16000,-0.24000,9.600,-0.480,750.000,300.000,-1,-1,-1,250.000,250.000,375.000,350.000,850.000,-1,-1,-1,850.000,-1,825.000,-1,0,0,2,2,2,0,0,0,1,1,2,2,2,1,2,1,2
7,-9482.612,988.648,-159.862,9.033,0.987611,-0.156875,0.003786,0.156902,0.986831,-0.039314,0.002431,0.039421,0.999220,0,0.24000,-0.36000,14.400,-0.720,750.000,300.000,-1,-1,-1,250.000,225.000,375.000,350.000,850.000,-1,-1,-1,875.000,-1,825.000,-1,0,0,2,2,2,0,0,0,1,1,2,2,2,1,2,1,2
8,-9463.603,991.346,-159.824,8.073,0.990098,-0.140299,0.004759,0.140374,0.989178,-0.042694,0.001283,0.042939,0.999077,0,0.32000,-0.48000,19.200,-0.960,750.000,300.000,-1,-1,-1,250.000,225.000,375.000,350.000,850.000,-1,-1,-1,900.000,-1,850.000,-1,0,0,2,2,2,0,0,0,1,1,2,2,2,1,2,1,2
9,-9439.775,994.220,-159.833,6.873,0.992813,-0.119528,0.005999,0.119678,0.991694,-0.047122,-0.000316,0.047502,0.998871,0,0.40000,-0.60000,24.000,-1.200,725.000,300.000,-1,-1,-1,250.000,225.000,375.000,350.000,850.000,-1,-1,-1,950.000,-1,900.000,-1,0,0,2,2,2,0,1,0,1,1,2,2,2,1,2,1,2
10,-9411.112,997.027,-159.874,5.586,0.995236,-0.097210,0.007487,0.097470,0.993856,-0.052444,-0.002343,0.052924,0.998596,0,0.48000,-0.64313,28.800,-1.286,725.000,650.000,-1,-1,-1,225.000,225.000,375.000,375.000,825.000,-1,-1,-1,1000.000,-1,950.000,-1,0,1,2,2,2,0,1,0,1,1,2,2,2,1,2,1,2
11,-9377.606,999.547,-159.954,4.294,0.997159,-0.074749,0.009250,0.075164,0.995446,-0.058629,-0.004826,0.059158,0.998237,0,0.56000,-0.64603,33.600,-1.292,725.000,750.000,-1,-1,-1,225.000,-1,375.000,375.000,850.000,-1,-1,-1,-1,-1,1000.000,-1,0,1,2,2,2,0,2,0,1,1,2,2,2,2,2,1,2
12,-9339.258,1001.557,-160.111,2.994,0.998577,-0.052115,0.011341,0.052751,0.996436,-0.065820,-0.007870,0.066325,0.997767,0,0.64000,-0.65021,38.400,-1.300,725.000,825.000,-1,-1,-1,-1,-1,375.000,400.000,850.000,-1,-1,-1,-1,-1,-1,-1,0,1,2,2,2,2,2,0,1,1,2,2,2,2,2,2,2
13,-9296.076,1002.832,-160.387,1.682,0.999476,-0.029278,0.013825,0.030225,0.996786,-0.074195,-0.011608,0.074574,0.997148,0,0.72000,-0.65576,43.200,-1.312,700.000,925.000,-1,-1,-1,-1,-1,375.000,400.000,850.000,-1,-1,-1,-1,-1,-1,-1,0,1,2,2,2,2,2,0,1,1,2,2,2,2,2,2,2
14,-9248.076,1003.139,-160.837,0.357,0.999840,-0.006205,0.016779,0.007593,0.996439,-0.083975,-0.016199,0.084089,0.996327,0,0.80000,-0.66282,48.000,-1.326,725.000,-1,-1,-1,-1,-1,-1,375.000,425.000,875.000,-1,-1,-1,-1,-1,-1,-1,1,2,2,2,2,2,2,0,1,1,2,2,2,2,2,2,2
15,-9195.283,1002.241,-161.521,-0.986,0.999647,0.017136,0.020307,-0.015123,0.995319,-0.095455,-0.021848,0.095114,0.995227,0,0.88000,-0.67155,52.800,-1.343,775.000,-1,-1,-1,-1,-1,-1,375.000,450.000,900.000,-1,-1,-1,-1,-1,-1,-1,1,2,2,2,2,2,2,0,1,1,2,2,2,2,2,2,2
16,-9137.843,999.886,-178.759,-2.351,0.996688,0.040770,0.070366,-0.032759,0.993229,-0.111463,-0.074434,0.108788,0.991274,0,0.95800,-0.68212,57.480,-1.364,0.000,-1,-1,-1,-1,-1,-1,325.000,400.000,1000.000,-1,0.000,-1,-1,-1,0.000,-1,0,2,2,2,2,2,2,0,1,1,2,1,2,2,2,0,2
17,5575.472,-4919.490,-351.471,-52.036,0.621739,0.783218,0.003181,-0.768878,0.611120,-0.188042,-0.149222,0.114467,0.982156,1,0.00000,0.00000,57.108,-1.389,-1,400.000,-1,425.000,-1,325.000,325.000,300.000,275.000,-1,-1,-1,-1,700.000,800.000,-1,-1,2,0,2,0,2,0,0,0,0,2,2,2,2,0,0,2,2
18,5572.564,-4915.732,-350.804,-52.276,0.618442,0.785825,0.002961,-0.771499,0.607875,-0.187820,-0.149394,0.113871,0.982199,0,-0.07919,-0.12000,-4.752,-0.240,-1,400.000,-1,425.000,-1,325.000,325.000,300.000,275.000,-1,-1,-1,-1,700.000,800.000,-1,-1,2,0,2,0,2,0,0,0,0,2,2,2,2,0,0,2,2
19,5569.712,-4911.983,-350.103,-52.756,0.611784,0.791020,0.002789,-0.776701,0.601370,-0.187321,-0.149852,0.112433,0.982295,0,-0.07852,-0.24000,-4.711,-0.480,-1,400.000,-1,425.000,-1,325.000,325.000,300.000,275.000,-1,-1,-1,-1,700.000,825.000,-1,-1,2,0,2,0,2,0,0,0,0,2,2,2,2,0,0,2,2
20,5566.945,-4908.253,-349.377,-53.476,0.601699,0.798719,0.002671,-0.784397,0.591534,-0.186574,-0.150600,0.110167,0.982437,0,-0.07742,-0.36000,-4.645,-0.720,-1,400.000,-1,425.000,-1,325.000,325.000,300.000,275.000,-1,-1,-1,-1,725.000,825.000,-1,-1,2,0,2,0,2,0,0,0,0,2,2,2,2,0,0,2,2
21,5564.282,-4904.559,-348.661,-54.239,0.590900,0.806741,0.002569,-0.792410,0.580995,-0.185824,-0.151404,0.107767,0.982580,0,-0.07591,-0.38162,-4.554,-0.763,-1,400.000,-1,425.000,-1,325.000,350.000,300.000,275.000,-1,-1,-1,-1,725.000,825.000,-1,-1,2,0,2,0,2,0,0,0,0,2,2,2,2,0,0,2,2
22,5561.722,-4900.908,-347.956,-55.002,0.579999,0.814613,0.002484,-0.800274,0.570355,-0.185087,-0.152191,0.105362,0.982719,0,-0.07433,-0.38129,-4.460,-0.763,-1,400.000,-1,425.000,-1,325.000,350.000,300.000,275.000,-1,-1,-1,-1,725.000,825.000,-1,-1,2,0,2,0,2,0,0,0,0,2,2,2,2,0,0,2,2
23,5559.263,-4897.300,-347.261,-55.764,0.569000,0.822334,0.002416,-0.807986,0.559614,-0.184364,-0.152961,0.102951,0.982855,0,-0.07278,-0.38094,-4.367,-0.762,-1,400.000,-1,425.000,-1,325.000,350.000,300.000,275.000,-1,-1,-1,-1,725.000,825.000,-1,-1,2,0,2,0,2,0,0,0,0,2,2,2,2,0,0,2,2
24,5556.903,-4893.736,-346.576,-56.525,0.557905,0.829901,0.002364,-0.815545,0.548777,-0.183656,-0.153714,0.100534,0.982988,0,-0.07125,-0.38057,-4.275,-0.761,-1,400.000,-1,425.000,-1,325.000,350.000,300.000,275.000,-1,-1,-1,-1,750.000,850.000,-1,-1,2,0,2,0,2,0,0,0,0,2,2,2,2,0,0,2,2
25,5554.639,-4890.217,-345.901,-57.285,0.546717,0.837314,0.002328,-0.822950,0.537846,-0.182962,-0.154449,0.098113,0.983117,0,-0.06975,-0.38018,-4.185,-0.760,-1,400.000,-1,450.000,-1,325.000,350.000,300.000,275.000,-1,-1,-1,-1,750.000,850.000,-1,-1,2,0,2,0,2,0,0,0,0,2,2,2,2,0,0,2,2
26,5552.470,-4886.743,-345.237,-58.045,0.535439,0.844571,0.002307,-0.830198,0.526824,-0.182282,-0.155166,0.095686,0.983244,0,-0.06827,-0.37977,-4.096,-0.760,-1,400.000,-1,450.000,-1,325.000,350.000,300.000,275.000,-1,-1,-1,-1,750.000,850.000,-1,-1,2,0,2,0,2,0,0,0,0,2,2,2,2,0,0,2,2
27,5550.392,-4883.316,-344.583,-58.804,0.524073,0.851670,0.002301,-0.837289,0.515714,-0.181618,-0.155865,0.093254,0.983367,0,-0.06681,-0.37935,-4.008,-0.759,-1,400.000,-1,450.000,-1,325.000,350.000,300.000,275.000,-1,-1,-1,-1,750.000,850.000,-1,-1,2,0,2,0,2,0,0,0,0,2,2,2,2,0,0,2,2
28,5548.403,-4879.936,-343.940,-59.562,0.512623,0.858611,0.002310,-0.844222,0.504519,-0.180968,-0.156546,0.090818,0.983486,0,-0.06538,-0.37891,-3.923,-0.758,-1,400.000,-1,450.000,-1,325.000,350.000,300.000,275.000,-1,-1,-1,-1,775.000,850.000,-1,-1,2,0,2,0,2,0,0,0,0,2,2,2,2,0,0,2,2
29,5546.500,-4876.603,-343.307,-60.318,0.501092,0.865391,0.002332,-0.850995,0.493242,-0.180333,-0.157209,0.088378,0.983603,0,-0.06397,-0.37845,-3.838,-0.757,-1,400.000,-1,450.000,-1,350.000,350.000,300.000,275.000,-1,-1,-1,-1,775.000,875.000,-1,-1,2,0,2,0,2,0,0,0,0,2,2,2,2,0,0,2,2
30,5544.682,-4873.318,-342.685,-61.074,0.489481,0.872011,0.002369,-0.857607,0.481885,-0.179713,-0.157853,0.085935,0.983716,0,-0.06259,-0.37798,-3.755,-0.756,-1,400.000,-1,450.000,-1,350.000,350.000,300.000,275.000,-1,-1,-1,-1,775.000,875.000,-1,-1,2,0,2,0,2,0,0,0,0,2,2,2,2,0,0,2,2
31,5542.946,-4870.081,-342.073,-61.829,0.477795,0.878468,0.002419,-0.864058,0.470451,-0.179109,-0.158479,0.083487,0.983826,0,-0.06123,-0.37749,-3.674,-0.755,-1,400.000,-1,450.000,-1,350.000,350.000,300.000,275.000,-1,-1,-1,-1,775.000,875.000,-1,-1,2,0,2,0,2,0,0,0,0,2,2,2,2,0,0,2,2
32,5541.289,-4866.891,-341.471,-62.583,0.466036,0.884762,0.002482,-0.870346,0.458943,-0.178520,-0.159086,0.081037,0.983933,0,-0.05990,-0.37700,-3.594,-0.754,-1,400.000,-1,450.000,-1,350.000,350.000,300.000,275.000,-1,-1,-1,-1,800.000,875.000,-1,-1,2,0,2,0,2,0,0,0,0,2,2,2,2,0,0,2,2
33,5539.710,-4863.751,-340.880,-63.336,0.454207,0.890893,0.002557,-0.876470,0.447365,-0.177946,-0.159675,0.078583,0.984037,0,-0.05860,-0.37649,-3.516,-0.753,-1,425.000,-1,450.000,-1,350.000,350.000,300.000,275.000,-1,-1,-1,-1,800.000,875.000,-1,-1,2,0,2,0,2,0,0,0,0,2,2,2,2,0,0,2,2
34,5538.205,-4860.658,-340.300,-64.087,0.442330,0.896848,0.002644,-0.882421,0.435737,-0.177388,-0.160242,0.076131,0.984137,0,-0.05732,-0.37534,-3.439,-0.751,-1,425.000,-1,450.000,-1,350.000,350.000,300.000,275.000,-1,-1,-1,-1,800.000,875.000,-1,-1,2,0,2,0,2,0,0,0,0,2,2,2,2,0,0,2,2
35,5536.773,-4857.614,-339.729,-64.833,0.430443,0.902614,0.002742,-0.888182,0.424098,-0.176846,-0.160787,0.073687,0.984235,0,-0.05607,-0.37313,-3.364,-0.746,-1,425.000,-1,450.000,-1,350.000,350.000,300.000,275.000,-1,-1,-1,-1,800.000,875.000,-1,-1,2,0,2,0,2,0,0,0,0,2,2,2,2,0,0,2,2
36,5535.411,-4854.618,-339.169,-65.575,0.418548,0.908190,0.002850,-0.893754,0.412449,-0.176321,-0.161309,0.071252,0.984329,0,-0.05486,-0.37093,-3.292,-0.742,-1,425.000,-1,450.000,-1,350.000,350.000,300.000,275.000,-1,-1,-1,-1,825.000,900.000,-1,-1,2,0,2,0,2,0,0,0,0,2,2,2,2,0,0,2,2
37,5534.115,-4851.670,-338.618,-66.313,0.406649,0.913580,0.002968,-0.899141,0.400793,-0.175813,-0.161808,0.068826,0.984419,0,-0.05367,-0.36876,-3.220,-0.738,-1,425.000,-1,450.000,-1,350.000,350.000,300.000,275.000,-1,-1,-1,-1,825.000,900.000,-1,-1,2,0,2,0,2,0,0,0,0,2,2,2,2,0,0,2,2
38,5534.736,-4853.122,-338.902,-66.810,0.398585,0.917126,0.003159,-0.902623,0.392888,-0.175815,-0.162486,0.067226,0.984418,0,0.02633,-0.24876,1.580,-0.498,-1,425.000,-1,450.000,-1,350.000,350.000,300.000,275.000,-1,-1,-1,-1,825.000,900.000,-1,-1,2,0,2,0,2,0,0,0,0,2,2,2,2,0,0,2,2
39,5537.222,-4858.998,-340.023,-67.068,0.394406,0.918930,0.003415,-0.904300,0.388782,-0.176325,-0.163358,0.066456,0.984326,0,0.10633,-0.12876,6.380,-0.258,-1,425.000,-1,450.000,-1,350.000,350.000,300.000,275.000,-1,-1,-1,-1,825.000,900.000,-1,-1,2,0,2,0,2,0,0,0,0,2,2,2,2,0,0,2,2
40,5541.575,-4869.296,-341.984,-67.085,0.394137,0.919044,0.003726,-0.904222,0.388499,-0.177346,-0.164437,0.066529,0.984141,0,0.18633,-0.00876,11.180,-0.018,-1,425.000,-1,450.000,-1,350.000,350.000,300.000,275.000,-1,-1,-1,-1,825.000,875.000,-1,-1,2,0,2,0,2,0,0,0,0,2,2,2,2,0,0,2,2
41,5547.854,-4883.991,-344.784,-66.863,0.397782,0.917471,0.004088,-0.902387,0.392040,-0.178891,-0.165730,0.067471,0.983860,0,0.26633,0.11124,15.980,0.222,-1,425.000,-1,450.000,-1,350.000,350.000,300.000,275.000,-1,-1,-1,-1,800.000,875.000,-1,-1,2,0,2,0,2,0,0,0,0,2,2,2,2,0,0,2,2
42,5556.125,-4903.054,-348.427,-66.548,0.402937,0.915216,0.004529,-0.899789,0.397041,-0.180937,-0.167395,0.068831,0.983484,0,0.34633,0.15749,20.780,0.315,-1,425.000,-1,450.000,-1,350.000,350.000,300.000,275.000,-1,-1,-1,-1,800.000,850.000,-1,-1,2,0,2,0,2,0,0,0,0,2,2,2,2,0,0,2,2
43,5566.430,-4926.467,-352.917,-66.243,0.407933,0.912998,0.005058,-0.897131,0.401860,-0.183479,-0.169549,0.070310,0.983011,0,0.42633,0.15235,25.580,0.305,-1,400.000,-1,450.000,-1,350.000,350.000,300.000,275.000,-1,-1,-1,-1,775.000,825.000,-1,-1,2,0,2,0,2,0,0,0,0,2,2,2,2,0,0,2,2
44,5578.812,-4954.210,-358.260,-65.951,0.412747,0.910828,0.005648,-0.894419,0.406468,-0.186544,-0.172205,0.071944,0.982430,0,0.50633,0.14623,30.380,0.292,-1,400.000,-1,425.000,-1,325.000,350.000,275.000,275.000,-1,-1,-1,-1,750.000,825.000,-1,-1,2,0,2,0,2,0,0,0,0,2,2,2,2,0,0,2,2
45,5593.305,-4986.267,-364.460,-65.672,0.417358,0.908721,0.006265,-0.891658,0.410833,-0.190164,-0.175380,0.073780,0.981732,0,0.58633,0.13917,35.180,0.278,-1,400.000,-1,425.000,-1,325.000,350.000,275.000,275.000,-1,-1,-1,-1,750.000,800.000,-1,-1,2,0,2,0,2,0,0,0,0,2,2,2,2,0,0,2,2
46,5609.800,-5022.687,-371.532,-65.634,0.418143,0.908355,0.006888,-0.890505,0.411399,-0.194296,-0.179324,0.075110,0.980919,0,0.66633,0.01917,39.980,0.038,-1,400.000,-1,400.000,975.000,325.000,325.000,275.000,275.000,-1,-1,-1,-1,725.000,775.000,-1,-1,2,0,2,0,1,0,0,0,0,2,2,2,2,0,0,2,2
47,5627.518,-5062.180,-379.224,-65.836,0.415107,0.909742,0.007425,-0.890994,0.408175,-0.198805,-0.183892,0.075910,0.980011,0,0.72138,-0.10083,43.283,-0.202,-1,400.000,-1,400.000,925.000,325.000,325.000,275.000,275.000,-1,-1,-1,-1,700.000,725.000,-1,-1,2,0,2,0,1,0,0,0,0,2,2,2,2,0,0,2,2
48,5644.905,-5101.747,-386.947,-66.277,0.408216,0.912852,0.007787,-0.893163,0.401146,-0.203328,-0.188732,0.076047,0.979080,0,0.72028,-0.22083,43.217,-0.442,-1,375.000,-1,400.000,900.000,325.000,325.000,275.000,275.000,-1,-1,-1,-1,675.000,700.000,-1,-1,2,0,2,0,1,0,0,0,0,2,2,2,2,0,0,2,2
49,5661.800,-5141.472,-394.999,-66.959,0.397624,0.917525,0.006638,-0.897028,0.390242,-0.207488,-0.192966,0.076547,0.978215,0,0.71944,-0.34083,43.166,-0.682,1000.000,375.000,-1,375.000,850.000,300.000,325.000,275.000,275.000,-1,-1,-1,-1,675.000,675.000,-1,-1,0,0,2,0,1,0,0,0,0,2,2,2,2,0,0,2,2
50,5678.042,-5181.436,-403.251,-67.881,0.383186,0.923660,0.004565,-0.902431,0.375424,-0.211367,-0.196945,0.076874,0.977396,0,0.71895,-0.46083,43.137,-0.922,975.000,375.000,-1,375.000,800.000,300.000,300.000,275.000,250.000,-1,-1,-1,-1,650.000,675.000,-1,950.000,0,0,2,0,1,0,0,0,0,2,2,2,2,0,0,2,1
51,5693.569,-5221.678,-410.913,-68.898,0.366667,0.930345,0.003754,-0.908791,0.359030,-0.212597,-0.199136,0.074541,0.977133,0,0.71886,-0.50864,43.132,-1.017,975.000,375.000,-1,375.000,750.000,300.000,300.000,300.000,250.000,-1,-1,-1,-1,650.000,650.000,-1,900.000,0,0,2,0,1,0,0,0,0,2,2,2,2,0,0,2,1
52,5709.395,-5264.665,-419.060,-69.786,0.352169,0.935932,0.002873,-0.914120,0.344618,-0.213597,-0.200902,0.072596,0.976918,0,0.76346,-0.44400,45.808,-0.888,975.000,375.000,-1,375.000,725.000,300.000,300.000,300.000,275.000,-1,-1,-1,-1,650.000,650.000,-1,850.000,0,0,2,0,1,0,0,0,0,2,2,2,2,0,0,2,1
53,5724.664,-5308.220,-427.350,-70.679,0.337544,0.941308,0.001759,-0.919251,0.330036,-0.214602,-0.202587,0.070821,0.976700,0,0.76922,-0.44637,46.153,-0.893,1000.000,375.000,-1,375.000,675.000,300.000,300.000,300.000,275.000,-1,-1,-1,-1,650.000,650.000,-1,800.000,0,0,2,0,1,0,0,0,0,2,2,2,2,0,1,2,1
54,5739.357,-5352.333,-436.470,-71.575,0.322271,0.946645,0.002317,-0.924804,0.315357,-0.212809,-0.202185,0.066440,0.977091,0,0.77493,-0.44843,46.496,-0.897,1000.000,375.000,-1,375.000,650.000,300.000,300.000,300.000,275.000,-1,-1,-1,-1,675.000,625.000,-1,775.000,0,0,2,0,1,0,0,0,0,2,2,2,2,0,1,2,1
55,5753.458,-5396.996,-445.547,-72.476,0.307031,0.951698,0.001776,-0.930271,0.300511,-0.210451,-0.200819,0.062962,0.977603,0,0.78061,-0.45017,46.836,-0.900,-1,375.000,-1,375.000,625.000,300.000,300.000,300.000,275.000,-1,-1,-1,-1,675.000,625.000,-1,750.000,2,0,2,0,1,0,0,0,0,2,2,2,2,0,1,2,1
56,5766.950,-5442.198,-454.776,-73.379,0.291677,0.956516,0.001205,-0.935507,0.285532,-0.208080,-0.199376,0.059565,0.978111,0,0.78623,-0.45157,47.174,-0.903,-1,375.000,-1,375.000,600.000,300.000,300.000,300.000,275.000,-1,-1,-1,-1,700.000,600.000,-1,700.000,2,0,2,0,1,0,0,0,0,2,2,2,2,1,1,2,1
57,5779.816,-5487.928,-464.154,-74.284,0.276224,0.961093,0.000609,-0.940507,0.270438,-0.205694,-0.197855,0.056244,0.978616,0,0.79178,-0.45261,47.507,-0.905,-1,375.000,-1,375.000,550.000,300.000,300.000,300.000,275.000,-1,-1,-1,-1,-1,600.000,-1,675.000,2,0,2,0,1,0,0,0,0,2,2,2,2,2,1,2,1
58,5792.042,-5534.174,-473.676,-75.191,0.260688,0.965423,-0.000007,-0.945265,0.255244,-0.203285,-0.196254,0.053000,0.979120,0,0.79726,-0.45326,47.835,-0.907,-1,375.000,-1,375.000,525.000,325.000,300.000,300.000,275.000,-1,-1,-1,-1,-1,575.000,-1,650.000,2,0,2,0,1,0,0,0,0,2,2,2,2,2,1,2,1
59,5803.612,-5580.922,-483.336,-76.098,0.245087,0.969501,-0.000638,-0.949776,0.239969,-0.200848,-0.194569,0.049831,0.979622,0,0.80265,-0.45350,48.159,-0.907,-1,400.000,-1,375.000,500.000,325.000,300.000,300.000,275.000,-1,-1,-1,-1,-1,575.000,-1,625.000,2,0,2,1,1,0,0,0,0,2,2,2,2,2,1,2,1
60,5814.512,-5628.155,-493.128,-77.004,0.229439,0.973322,-0.001279,-0.954037,0.224632,-0.198378,-0.192799,0.046736,0.980125,0,0.80794,-0.45330,48.476,-0.907,-1,400.000,-1,375.000,450.000,325.000,300.000,300.000,275.000,-1,-1,-1,-1,-1,550.000,-1,575.000,2,0,2,1,1,0,0,0,0,2,2,2,2,2,1,2,1
61,5824.729,-5675.859,-503.045,-77.910,0.213764,0.976884,-0.001925,-0.958043,0.209255,-0.195871,-0.190940,0.043714,0.980628,0,0.81311,-0.45263,48.787,-0.905,-1,400.000,-1,350.000,425.000,325.000,300.000,275.000,250.000,-1,-1,-1,-1,-1,550.000,-1,550.000,2,1,2,1,1,1,1,0,0,2,2,2,2,2,1,2,1
62,5834.253,-5724.014,-513.081,-78.812,0.198082,0.980182,-0.002567,-0.961793,0.193859,-0.193320,-0.188991,0.040762,0.981132,0,0.81815,-0.45146,49.089,-0.903,-1,425.000,-1,350.000,400.000,325.000,300.000,275.000,250.000,-1,500.000,525.000,-1,-1,525.000,-1,500.000,2,1,2,1,1,1,1,0,0,2,0,0,2,2,1,2,1
63,5843.072,-5772.602,-523.229,-79.712,0.182416,0.983216,-0.003199,-0.965284,0.178468,-0.190723,-0.186951,0.037879,0.981639,0,0.82304,-0.44975,49.382,-0.900,-1,425.000,-1,325.000,375.000,325.000,300.000,275.000,250.000,-1,425.000,475.000,-1,-1,525.000,-1,475.000,2,1,2,1,1,1,1,0,0,2,0,0,2,2,1,2,1
64,5851.177,-5821.600,-533.479,-80.607,0.166789,0.985985,-0.003814,-0.968516,0.163107,-0.188075,-0.184817,0.035062,0.982147,0,0.82775,-0.44746,49.665,-0.895,-1,450.000,-1,325.000,325.000,325.000,300.000,275.000,250.000,-1,375.000,425.000,-1,-1,500.000,-1,425.000,2,1,2,1,1,1,1,0,0,2,0,0,2,2,1,2,1
65,5858.561,-5870.986,-543.621,-81.496,0.151096,0.988513,-0.003593,-0.971403,0.147805,-0.185824,-0.183159,0.031567,0.982576,0,0.83226,-0.44454,49.936,-0.889,-1,450.000,-1,325.000,300.000,325.000,300.000,275.000,250.000,-1,350.000,400.000,-1,-1,475.000,-1,375.000,2,1,2,1,1,1,1,0,0,2,0,0,2,2,1,2,1
66,5865.219,-5920.733,-551.828,-82.378,0.134158,0.990953,0.003589,-0.974717,0.132611,-0.179838,-0.178687,0.020629,0.983690,0,0.83654,-0.44094,50.192,-0.882,-1,475.000,-1,325.000,300.000,325.000,300.000,275.000,275.000,-1,300.000,375.000,-1,-1,475.000,-1,375.000,2,1,2,1,1,1,1,0,0,2,0,0,2,2,1,2,1
67,5871.148,-5970.814,-559.948,-83.251,0.117143,0.993036,0.012525,-0.977406,0.117515,-0.175694,-0.175942,0.008339,0.984365,0,0.84055,-0.43659,50.433,-0.873,-1,500.000,-1,325.000,275.000,325.000,300.000,275.000,275.000,-1,300.000,400.000,-1,-1,475.000,-1,375.000,2,1,2,1,1,1,1,0,0,2,0,0,2,2,1,2,1
68,5876.348,-6021.200,-568.358,-84.114,0.100134,0.994716,0.022670,-0.979653,0.102549,-0.172520,-0.173933,-0.004934,0.984745,0,0.84423,-0.43144,50.654,-0.863,-1,500.000,-1,325.000,275.000,325.000,300.000,250.000,300.000,-1,300.000,425.000,-1,-1,475.000,-1,350.000,2,1,2,1,1,1,1,0,0,2,0,0,2,2,1,2,1
69,5880.818,-6071.854,-576.819,-84.965,0.083338,0.995974,0.033012,-0.981619,0.087754,-0.169478,-0.171692,-0.018281,0.984981,0,0.84754,-0.42541,50.852,-0.851,-1,525.000,-1,300.000,250.000,350.000,300.000,250.000,300.000,850.000,300.000,450.000,-1,-1,475.000,-1,350.000,2,1,2,1,1,1,1,0,0,0,0,0,2,2,1,2,1
70,5884.562,-6122.739,-585.301,-85.802,0.066809,0.996816,0.043523,-0.983320,0.073175,-0.166517,-0.169172,-0.031672,0.985078,0,0.85039,-0.41839,51.023,-0.837,-1,525.000,-1,300.000,250.000,350.000,275.000,250.000,325.000,750.000,300.000,475.000,-1,-1,450.000,-1,325.000,2,1,2,1,1,1,1,0,0,0,0,0,2,2,1,2,1
71,5887.588,-6173.810,-593.776,-86.622,0.050607,0.997248,0.054180,-0.984771,0.058861,-0.163588,-0.166327,-0.045076,0.985040,0,0.85270,-0.41030,51.162,-0.821,-1,-1,-1,300.000,225.000,350.000,275.000,225.000,325.000,650.000,300.000,500.000,-1,-1,450.000,-1,300.000,2,2,2,1,1,1,1,0,1,0,0,0,2,2,1,2,1
72,5889.905,-6225.018,-602.216,-87.424,0.034796,0.997281,0.064960,-0.985993,0.044866,-0.160640,-0.163117,-0.058461,0.984873,0,0.85435,-0.40099,51.261,-0.802,-1,-1,-1,300.000,225.000,350.000,275.000,225.000,275.000,575.000,250.000,500.000,-1,-1,450.000,-1,300.000,2,2,2,1,1,1,1,1,1,0,0,0,2,2,1,2,1
73,5891.528,-6276.303,-610.591,-88.205,0.019449,0.996930,0.075844,-0.987005,0.031247,-0.157625,-0.159511,-0.071793,0.984582,0,0.85519,-0.39033,51.311,-0.781,-1,-1,-1,300.000,200.000,350.000,275.000,250.000,250.000,500.000,175.000,500.000,-1,-1,425.000,-1,275.000,2,2,2,1,1,1,1,1,1,0,0,0,2,2,1,2,1
74,5892.475,-6327.595,-618.874,-88.961,0.004642,0.996214,0.086810,-0.987828,0.018066,-0.154496,-0.155479,-0.085036,0.984172,0,0.85503,-0.37816,51.302,-0.756,-1,-1,-1,300.000,200.000,350.000,275.000,250.000,250.000,450.000,150.000,500.000,-1,-1,425.000,-1,250.000,2,2,2,1,1,1,1,1,1,0,0,0,2,2,1,2,1
75,5892.771,-6378.812,-627.035,-89.690,-0.009539,0.995157,0.097838,-0.988487,0.005391,-0.151211,-0.151007,-0.098154,0.983648,0,0.85364,-0.36427,51.218,-0.729,-1,-1,-1,275.000,175.000,375.000,275.000,275.000,225.000,400.000,100.000,500.000,-1,-1,400.000,-1,250.000,2,2,2,1,1,1,1,1,1,0,0,0,2,2,1,2,1
76,5892.447,-6429.853,-635.045,-90.387,-0.023004,0.993786,0.108904,-0.989004,-0.006704,-0.147735,-0.146086,-0.111105,0.983013,0,0.85071,-0.34845,51.042,-0.697,-1,-1,-1,275.000,175.000,400.000,275.000,300.000,200.000,375.000,75.000,425.000,-1,-1,400.000,-1,225.000,2,2,2,1,1,1,1,1,1,0,0,0,2,2,1,2,1
77,5891.684,-6483.193,-643.391,-90.843,-0.032152,0.992195,0.120478,-0.989503,-0.014606,-0.143775,-0.140893,-0.123836,0.982249,0,0.88911,-0.22845,53.346,-0.457,-1,-1,-1,275.000,175.000,400.000,275.000,325.000,200.000,325.000,50.000,400.000,-1,-1,375.000,-1,200.000,2,2,2,1,1,1,1,1,1,0,0,0,2,2,1,2,1
78,5890.727,-6536.087,-651.679,-91.060,-0.036947,0.990568,0.131950,-0.990040,-0.018333,-0.139589,-0.135853,-0.135793,0.981379,0,0.88174,-0.10845,52.904,-0.217,-1,-1,-1,275.000,150.000,425.000,275.000,350.000,175.000,300.000,50.000,375.000,-1,-1,375.000,-1,175.000,2,2,2,1,1,1,1,1,1,0,0,0,2,2,1,2,1
79,-4919.143,5575.059,146.165,-135.014,-0.721593,0.681891,0.119703,-0.686446,-0.682225,-0.251717,-0.089979,-0.263807,0.960370,1,0.00000,0.00000,52.301,0.023,100.000,225.000,800.000,350.000,-1,225.000,275.000,200.000,275.000,-1,-1,-1,225.000,325.000,575.000,125.000,-1,0,0,1,0,2,0,0,0,1,2,2,2,1,0,0,0,2
80,-5574.324,3606.322,139.392,-137.815,-0.642806,0.563882,0.518495,-0.743499,-0.622209,-0.245082,0.184415,-0.543041,0.819205,1,0.00000,0.00000,4.800,-0.240,-1,-1,-1,-1,250.000,-1,-1,300.000,400.000,0.000,0.000,300.000,-1,-1,-1,-1,-1,2,2,2,2,1,2,2,1,1,1,0,0,2,2,2,2,2
81,-8855.377,-5580.217,-613.186,-93.906,-0.064614,0.994205,-0.085911,-0.997052,-0.067888,-0.035750,-0.041375,0.083347,0.995661,1,0.08000,-0.12000,4.800,-0.240,-1,350.000,-1,350.000,825.000,300.000,300.000,325.000,350.000,875.000,300.000,275.000,-1,600.000,575.000,-1,800.000,2,0,2,0,0,0,0,0,0,1,0,0,2,0,0,2,0
82,-8856.112,-5589.789,-613.602,-94.386,-0.073015,0.993629,-0.085845,-0.996490,-0.076217,-0.034632,-0.040954,0.083015,0.995706,0,0.16000,-0.24000,9.600,-0.480,-1,350.000,-1,350.000,825.000,300.000,300.000,325.000,350.000,900.000,300.000,275.000,-1,600.000,575.000,-1,825.000,2,0,2,0,0,0,0,0,0,1,0,0,2,0,0,2,0
83,-8857.394,-5604.132,-614.239,-95.106,-0.085607,0.992635,-0.085716,-0.995513,-0.088701,-0.032953,-0.040313,0.082511,0.995774,0,0.24000,-0.36000,14.400,-0.720,-1,350.000,-1,350.000,825.000,300.000,300.000,325.000,350.000,1000.000,300.000,275.000,-1,600.000,575.000,-1,825.000,2,0,2,0,0,0,0,0,0,1,0,0,2,0,0,2,0
84,-8859.423,-5623.225,-615.113,-96.066,-0.102376,0.991065,-0.085490,-0.993963,-0.105325,-0.030714,-0.039444,0.081830,0.995866,0,0.32000,-0.48000,19.200,-0.960,-1,350.000,-1,350.000,825.000,300.000,300.000,325.000,350.000,-1,275.000,250.000,-1,600.000,575.000,-1,825.000,2,0,2,0,0,0,0,0,0,2,0,0,2,0,0,2,0
85,-8862.398,-5646.552,-616.220,-97.266,-0.123295,0.988712,-0.085125,-0.991627,-0.126066,-0.027971,-0.038387,0.080964,0.995978,0,0.39192,-0.60000,23.515,-1.200,-1,350.000,-1,350.000,825.000,300.000,300.000,300.000,350.000,-1,275.000,250.000,-1,600.000,575.000,-1,850.000,2,0,2,0,0,0,0,0,0,2,0,0,2,0,0,2,0
86,-8866.027,-5670.245,-617.397,-98.706,-0.148284,0.985316,-0.084637,-0.988230,-0.150886,-0.025188,-0.037589,0.079906,0.996093,0,0.39947,-0.72000,23.968,-1.440,-1,350.000,-1,350.000,825.000,300.000,300.000,300.000,350.000,-1,250.000,225.000,-1,600.000,575.000,-1,850.000,2,0,2,0,0,0,0,0,0,2,0,0,2,0,0,2,0
87,-8870.434,-5694.285,-618.655,-100.386,-0.177287,0.980568,-0.083997,-0.983462,-0.179726,-0.022365,-0.037027,0.078643,0.996215,0,0.40733,-0.84000,24.440,-1.680,-1,350.000,-1,350.000,825.000,300.000,300.000,300.000,350.000,-1,250.000,225.000,-1,600.000,600.000,-1,875.000,2,0,2,0,0,0,0,0,0,2,0,0,2,0,0,2,0
88,-8875.750,-5718.643,-620.005,-102.306,-0.210221,0.974109,-0.083175,-0.976966,-0.212503,-0.019502,-0.036672,0.077159,0.996344,0,0.41551,-0.96000,24.931,-1.920,-1,350.000,-1,350.000,825.000,300.000,300.000,300.000,350.000,-1,225.000,225.000,-1,600.000,600.000,-1,850.000,2,0,2,0,0,0,0,0,0,2,0,0,2,0,0,2,0
89,-8882.006,-5743.307,-621.446,-104.230,-0.242999,0.966539,-0.082175,-0.969352,-0.245116,-0.016587,-0.036175,0.075626,0.996480,0,0.42406,-0.96200,25.443,-1.924,-1,350.000,-1,350.000,825.000,300.000,300.000,300.000,325.000,-1,225.000,200.000,-1,600.000,600.000,-1,850.000,2,0,2,0,0,0,0,0,0,2,0,0,2,0,0,2,0
90,-8889.223,-5768.252,-622.980,-106.133,-0.275165,0.957979,-0.080992,-0.960742,-0.277110,-0.013620,-0.035492,0.074065,0.996622,0,0.43279,-0.95150,25.967,-1.903,-1,350.000,-1,350.000,825.000,300.000,300.000,300.000,325.000,-1,200.000,200.000,875.000,600.000,600.000,-1,850.000,2,0,2,0,0,0,0,0,0,2,0,0,1,0,0,2,0
91,-8897.419,-5793.452,-624.606,-108.015,-0.306688,0.948474,-0.079616,-0.951180,-0.308453,-0.010605,-0.034617,0.072477,0.996769,0,0.44165,-0.94085,26.499,-1.882,-1,350.000,-1,350.000,825.000,300.000,300.000,300.000,325.000,-1,200.000,200.000,825.000,600.000,600.000,-1,850.000,2,0,2,0,0,0,0,0,0,2,0,0,1,0,0,2,0
92,-8906.611,-5818.880,-625.833,-109.875,-0.337350,0.937937,-0.080428,-0.940724,-0.339069,-0.008361,-0.035113,0.072840,0.996725,0,0.45062,-0.93008,27.037,-1.860,-1,350.000,-1,350.000,800.000,300.000,300.000,300.000,325.000,-1,225.000,200.000,800.000,600.000,600.000,-1,825.000,2,0,2,0,0,0,0,0,0,2,0,0,1,0,0,2,0
93,-8916.814,-5844.503,-626.983,-111.714,-0.367316,0.926506,-0.081637,-0.929431,-0.368955,-0.005444,-0.035164,0.073876,0.996647,0,0.45964,-0.91918,27.579,-1.838,-1,350.000,-1,350.000,775.000,300.000,300.000,300.000,325.000,-1,225.000,200.000,775.000,600.000,600.000,-1,800.000,2,0,2,0,0,0,0,0,0,2,0,0,1,0,0,2,0
94,-8928.040,-5870.288,-628.094,-113.530,-0.396583,0.914240,-0.082991,-0.917345,-0.398090,-0.001764,-0.034650,0.075432,0.996549,0,0.46870,-0.90816,28.122,-1.816,-1,350.000,-1,350.000,775.000,300.000,300.000,325.000,325.000,-1,250.000,225.000,775.000,600.000,600.000,-1,800.000,2,0,2,0,0,0,0,0,0,2,0,0,1,0,0,2,0
95,-8940.301,-5896.201,-629.286,-115.324,-0.425114,0.901219,-0.084154,-0.904502,-0.426465,0.002122,-0.033976,0.077019,0.996451,0,0.47777,-0.89703,28.666,-1.794,-1,350.000,-1,350.000,750.000,300.000,300.000,325.000,325.000,-1,250.000,225.000,775.000,600.000,600.000,-1,775.000,2,0,2,0,0,0,0,0,0,2,0,0,1,0,0,2,0
96,-8953.604,-5922.206,-630.563,-117.096,-0.452894,0.887492,-0.085112,-0.890947,-0.454065,0.006175,-0.033166,0.078626,0.996352,0,0.48681,-0.88580,29.209,-1.772,-1,350.000,-1,350.000,750.000,300.000,300.000,325.000,300.000,-1,275.000,225.000,775.000,625.000,600.000,-1,750.000,2,0,2,0,0,0,0,0,0,2,0,0,1,0,0,2,0
97,-8967.955,-5948.265,-631.937,-118.844,-0.479905,0.873111,-0.085835,-0.876726,-0.480879,0.010305,-0.032279,0.080199,0.996256,0,0.49581,-0.87447,29.749,-1.749,-1,350.000,-1,375.000,725.000,300.000,300.000,325.000,300.000,-1,275.000,225.000,775.000,625.000,575.000,-1,750.000,2,0,2,0,0,0,0,0,0,2,0,0,1,0,0,2,0
98,-8983.357,-5974.342,-633.389,-120.571,-0.506139,0.858117,-0.086362,-0.861885,-0.506894,0.014578,-0.031266,0.081813,0.996157,0,0.50475,-0.86305,30.285,-1.726,-1,350.000,-1,375.000,725.000,300.000,300.000,325.000,300.000,-1,275.000,225.000,775.000,625.000,575.000,-1,725.000,2,0,2,0,0,0,0,0,0,2,0,0,1,0,0,2,0
99,-8999.812,-6000.398,-634.352,-122.274,-0.531496,0.842700,-0.085839,-0.846464,-0.532191,0.016482,-0.031794,0.081420,0.996173,0,0.51360,-0.85155,30.816,-1.703,-1,350.000,-1,375.000,700.000,300.000,300.000,325.000,300.000,-1,300.000,250.000,800.000,625.000,575.000,1000.000,725.000,2,0,2,0,0,0,0,0,0,2,0,0,1,0,0,0,0
100,-9017.318,-6026.395,-635.349,-123.954,-0.556050,0.826768,-0.085222,-0.830520,-0.556689,0.018286,-0.032324,0.080947,0.996194,0,0.52235,-0.83998,31.341,-1.680,-1,350.000,-1,350.000,700.000,300.000,300.000,325.000,300.000,-1,325.000,275.000,800.000,625.000,575.000,975.000,700.000,2,0,2,0,0,0,0,0,0,2,0,0,1,0,0,0,0
101,-9035.870,-6052.298,-636.407,-125.610,-0.579802,0.810357,-0.084567,-0.814098,-0.580379,0.020120,-0.032777,0.080511,0.996215,0,0.53099,-0.82835,31.860,-1.657,-1,350.000,-1,350.000,675.000,300.000,300.000,325.000,300.000,-1,375.000,300.000,825.000,600.000,550.000,925.000,675.000,2,0,2,0,0,0,0,0,0,2,0,0,1,0,0,0,0
102,-9058.037,-6081.497,-637.671,-127.204,-0.602220,0.793914,-0.083853,-0.797651,-0.602711,0.022189,-0.032923,0.080248,0.996231,0,0.61099,-0.79706,36.660,-1.594,-1,350.000,-1,350.000,675.000,300.000,300.000,325.000,300.000,-1,400.000,325.000,825.000,600.000,550.000,900.000,675.000,2,0,2,0,0,0,0,0,0,2,0,0,0,0,0,0,0
103,-9081.651,-6110.881,-639.010,-128.786,-0.624007,0.776986,-0.083116,-0.780722,-0.624405,0.024329,-0.032995,0.080073,0.996243,0,0.62827,-0.79088,37.696,-1.582,-1,350.000,-1,350.000,650.000,300.000,300.000,325.000,300.000,-1,400.000,350.000,825.000,600.000,550.000,875.000,650.000,2,0,2,0,0,0,0,0,0,2,0,0,0,0,0,0,0
104,-9106.373,-6139.975,-640.402,-130.355,-0.645153,0.759601,-0.082368,-0.763339,-0.645453,0.026516,-0.033023,0.079981,0.996249,0,0.63629,-0.78463,38.177,-1.569,975.000,350.000,-1,325.000,650.000,300.000,300.000,325.000,300.000,-1,400.000,400.000,850.000,600.000,525.000,850.000,625.000,0,0,2,0,0,0,0,0,0,2,0,0,0,0,0,0,0
105,-9134.956,-6172.070,-641.236,-131.685,-0.662961,0.744571,-0.078082,-0.748038,-0.663032,0.028764,-0.030355,0.077478,0.996532,0,0.71629,-0.66463,42.977,-1.329,950.000,350.000,-1,325.000,650.000,300.000,300.000,325.000,300.000,-1,375.000,375.000,850.000,600.000,525.000,850.000,625.000,0,0,2,0,0,0,0,0,0,2,0,0,0,0,0,0,0
106,-9167.403,-6207.139,-641.927,-132.774,-0.677438,0.732014,-0.072341,-0.735111,-0.677235,0.031047,-0.026265,0.074211,0.996897,0,0.79629,-0.54463,47.777,-1.089,925.000,350.000,-1,325.000,675.000,300.000,300.000,300.000,300.000,-1,350.000,325.000,875.000,600.000,525.000,850.000,650.000,0,0,2,0,0,0,0,0,0,2,0,0,0,0,0,0,0
107,-9203.678,-6245.198,-642.634,-133.623,-0.688660,0.722070,-0.066050,-0.724772,-0.688176,0.033452,-0.021300,0.070908,0.997255,0,0.87629,-0.42463,52.577,-0.849,925.000,375.000,-1,350.000,650.000,300.000,300.000,300.000,300.000,-1,300.000,300.000,900.000,575.000,550.000,825.000,675.000,0,0,2,0,1,0,0,0,0,2,0,0,0,0,0,0,0
108,-9241.531,-6284.077,-643.197,-134.232,-0.696691,0.714849,-0.060099,-0.717190,-0.695950,0.035955,-0.016124,0.068152,0.997545,0,0.90437,-0.30463,54.262,-0.609,900.000,375.000,-1,350.000,625.000,300.000,300.000,300.000,300.000,-1,300.000,300.000,900.000,575.000,550.000,800.000,675.000,0,0,2,0,1,0,0,0,0,2,0,0,0,0,0,0,1
109,-9280.007,-6323.090,-643.438,-134.602,-0.701591,0.710424,-0.055391,-0.712490,-0.700616,0.038666,-0.011339,0.066593,0.997716,0,0.91324,-0.18463,54.794,-0.369,900.000,350.000,-1,325.000,575.000,300.000,300.000,300.000,300.000,-1,275.000,275.000,925.000,575.000,550.000,775.000,650.000,1,0,2,0,1,0,0,0,0,2,0,0,0,0,0,0,1
110,-9318.928,-6362.378,-643.623,-134.731,-0.703487,0.708912,-0.050497,-0.710683,-0.702287,0.041511,-0.006035,0.065090,0.997861,0,0.92171,-0.06463,55.303,-0.129,875.000,350.000,975.000,325.000,550.000,300.000,275.000,300.000,300.000,-1,275.000,275.000,950.000,550.000,550.000,775.000,600.000,0,0,1,0,1,0,0,0,0,2,0,0,0,0,0,0,1
111,-9358.111,-6402.084,-643.714,-134.620,-0.702392,0.710331,-0.045553,-0.711790,-0.700977,0.044558,-0.000281,0.063721,0.997968,0,0.92973,0.05537,55.784,0.111,850.000,350.000,925.000,325.000,525.000,300.000,275.000,300.000,300.000,-1,275.000,250.000,975.000,550.000,550.000,750.000,575.000,0,0,1,0,1,0,0,0,0,2,0,0,0,0,0,0,1
112,-9397.365,-6442.351,-643.695,-134.270,-0.698288,0.714665,-0.040598,-0.715793,-0.696671,0.047862,0.005922,0.062482,0.998029,0,0.93725,0.17537,56.235,0.351,825.000,350.000,900.000,325.000,475.000,300.000,275.000,300.000,300.000,-1,250.000,250.000,975.000,550.000,550.000,750.000,525.000,0,0,1,0,1,0,0,0,0,2,0,0,0,0,1,0,1
113,-9436.347,-6482.900,-643.390,-133.872,-0.693570,0.719497,-0.035839,-0.720275,-0.691717,0.052257,0.012808,0.062058,0.997990,0,0.93747,0.19863,56.248,0.397,825.000,350.000,850.000,350.000,450.000,300.000,275.000,300.000,300.000,-1,250.000,250.000,1000.000,550.000,525.000,750.000,500.000,0,0,1,0,1,0,0,0,0,2,0,0,0,0,1,0,1
114,-9475.020,-6523.669,-642.704,-133.491,-0.689037,0.724046,-0.031378,-0.724434,-0.686883,0.058198,0.020585,0.062832,0.997812,0,0.93655,0.19052,56.193,0.381,825.000,350.000,825.000,350.000,400.000,275.000,300.000,300.000,300.000,-1,225.000,225.000,975.000,550.000,500.000,775.000,450.000,0,0,1,0,1,0,0,0,0,2,0,0,0,0,1,0,1
115,-9513.370,-6564.617,-641.418,-133.127,-0.684747,0.728265,-0.027408,-0.728165,-0.682138,0.066808,0.029958,0.065704,0.997389,0,0.93503,0.18219,56.102,0.364,875.000,350.000,775.000,350.000,375.000,300.000,300.000,300.000,300.000,-1,225.000,225.000,975.000,575.000,475.000,800.000,400.000,0,0,1,0,1,0,0,0,0,2,0,0,0,0,1,0,1
116,-9552.928,-6607.538,-639.718,-132.670,-0.679256,0.733525,-0.023495,-0.732813,-0.676158,0.076132,0.039958,0.068931,0.996821,0,0.97282,0.22860,58.369,0.457,950.000,350.000,750.000,350.000,325.000,300.000,300.000,325.000,300.000,-1,175.000,200.000,925.000,575.000,450.000,850.000,375.000,0,0,1,0,1,0,0,0,0,2,0,0,0,0,1,0,1
117,-9592.283,-6650.901,-636.858,-132.228,-0.673720,0.738742,-0.018996,-0.737491,-0.670499,0.080860,0.046998,0.068486,0.996544,0,0.97598,0.22102,58.559,0.442,975.000,350.000,725.000,350.000,300.000,300.000,300.000,325.000,300.000,-1,175.000,225.000,925.000,575.000,425.000,875.000,325.000,0,0,1,0,1,0,0,0,0,2,0,0,0,0,1,0,1
118,-9631.419,-6694.668,-633.502,-131.802,-0.668261,0.743789,-0.014319,-0.742036,-0.665068,0.084064,0.053003,0.066802,0.996357,0,0.97854,0.21285,58.712,0.426,975.000,350.000,675.000,325.000,250.000,300.000,300.000,325.000,300.000,-1,200.000,250.000,950.000,600.000,375.000,875.000,300.000,0,0,1,1,1,0,0,0,0,2,0,0,0,0,1,0,1
119,-9670.317,-6738.798,-630.004,-131.394,-0.662964,0.748589,-0.009716,-0.746324,-0.659825,0.087358,0.058984,0.065167,0.996130,0,0.98043,0.20407,58.826,0.408,1000.000,350.000,650.000,300.000,225.000,300.000,300.000,325.000,300.000,-1,225.000,275.000,975.000,600.000,350.000,900.000,250.000,0,0,1,1,1,0,0,0,0,2,0,0,0,0,1,0,1
120,-9708.959,-6783.242,-626.366,-131.004,-0.657850,0.753131,-0.005191,-0.750344,-0.654790,0.090736,0.064937,0.063585,0.995861,0,0.98155,0.19464,58.893,0.389,1000.000,350.000,600.000,275.000,175.000,300.000,300.000,325.000,300.000,-1,225.000,275.000,975.000,600.000,325.000,900.000,200.000,0,0,1,1,1,0,0,0,0,2,0,0,0,0,1,0,1
121,-9746.556,-6827.454,-622.276,-130.375,-0.649422,0.760428,0.000848,-0.757011,-0.646608,0.093987,0.072019,0.060395,0.995573,0,0.96725,0.31464,58.035,0.629,-1,350.000,575.000,250.000,150.000,300.000,275.000,325.000,300.000,-1,225.000,300.000,1000.000,600.000,300.000,925.000,175.000,2,0,1,1,1,0,1,0,1,2,0,0,0,0,1,0,1
122,-9783.486,-6872.133,-615.190,-129.566,-0.637647,0.770062,0.020267,-0.765326,-0.636281,0.097069,0.087645,0.046385,0.995071,0,0.96606,0.40461,57.964,0.809,-1,375.000,575.000,250.000,125.000,300.000,275.000,300.000,275.000,925.000,200.000,275.000,-1,625.000,275.000,-1,150.000,2,0,1,1,1,0,1,0,1,0,0,0,2,0,1,2,1
123,-9819.706,-6917.184,-603.472,-128.782,-0.623517,0.779440,0.060826,-0.773091,-0.626281,0.100507,0.116433,0.015644,0.993075,0,0.96330,0.39202,57.798,0.784,-1,425.000,700.000,250.000,125.000,350.000,275.000,300.000,275.000,600.000,150.000,250.000,-1,700.000,300.000,-1,150.000,2,0,1,1,1,0,1,0,1,0,0,0,2,1,1,2,1
124,-9855.173,-6962.523,-592.032,-128.024,-0.608066,0.787674,0.099122,-0.780785,-0.615941,0.104845,0.143636,-0.013640,0.989537,0,0.95924,0.37873,57.555,0.757,-1,450.000,-1,250.000,125.000,350.000,275.000,275.000,250.000,450.000,125.000,200.000,-1,775.000,300.000,-1,150.000,2,0,2,1,1,1,1,0,1,0,0,0,2,1,1,2,1
125,-9889.857,-7008.057,-580.564,-127.295,-0.591885,0.794884,0.133536,-0.788273,-0.605428,0.109921,0.168221,-0.040202,0.984929,0,0.95382,0.36478,57.229,0.730,-1,500.000,-1,250.000,125.000,375.000,275.000,275.000,250.000,350.000,75.000,175.000,-1,900.000,325.000,-1,150.000,2,0,2,1,1,1,1,0,1,0,0,0,2,1,1,2,1
126,-9923.734,-7053.686,-569.155,-126.594,-0.575319,0.801209,0.164535,-0.795443,-0.594909,0.115560,0.190471,-0.064394,0.979579,0,0.94701,0.35026,56.820,0.701,-1,525.000,-1,275.000,125.000,375.000,275.000,250.000,225.000,300.000,50.000,150.000,-1,-1,325.000,-1,150.000,2,1,2,1,1,1,1,0,1,0,0,0,2,2,1,2,1
127,-9956.785,-7099.313,-557.528,-125.924,-0.559061,0.806858,0.190868,-0.802173,-0.584579,0.121593,0.209686,-0.085132,0.974056,0,0.93883,0.33529,56.330,0.671,-1,550.000,-1,275.000,125.000,375.000,275.000,250.000,225.000,250.000,50.000,150.000,-1,-1,350.000,-1,150.000,2,1,2,1,1,1,1,0,1,0,0,0,2,2,1,2,1
128,-9988.993,-7144.845,-546.084,-125.284,-0.542808,0.811874,0.214989,-0.808352,-0.574493,0.128546,0.227873,-0.104012,0.968120,0,0.92936,0.32003,55.762,0.640,-1,575.000,-1,275.000,125.000,400.000,300.000,225.000,200.000,225.000,50.000,150.000,-1,-1,375.000,-1,150.000,2,1,2,1,1,1,1,0,1,0,0,0,2,2,1,2,1
129,-10020.344,-7190.200,-534.849,-124.663,-0.526562,0.816457,0.236920,-0.814067,-0.564561,0.136261,0.245007,-0.121119,0.961926,0,0.91875,0.31041,55.125,0.621,-1,625.000,-1,275.000,125.000,425.000,325.000,225.000,200.000,200.000,25.000,150.000,-1,-1,450.000,-1,150.000,2,1,2,1,1,1,1,0,1,0,0,0,2,2,1,2,1
130,-10050.813,-7235.314,-523.967,-124.047,-0.510248,0.820763,0.256895,-0.819556,-0.554591,0.144071,0.260719,-0.137028,0.955640,0,0.90714,0.30799,54.428,0.616,-1,700.000,-1,325.000,100.000,475.000,350.000,225.000,175.000,200.000,0.000,150.000,-1,-1,-1,-1,150.000,2,1,2,1,1,1,1,0,1,0,0,0,2,2,2,2,1
131,6231.348,3607.631,162.269,74.564,0.267077,-0.963484,0.019180,0.962945,0.266047,-0.044215,0.037498,0.030279,0.998838,1,0.00000,0.00000,59.228,0.376,-1,425.000,-1,425.000,675.000,350.000,350.000,275.000,300.000,-1,-1,-1,-1,925.000,625.000,-1,725.000,2,0,2,0,1,0,0,0,0,2,2,2,2,0,1,2,1
