timestep,x_cm,y_cm,z_cm,yaw_deg,basis_xx,basis_xy,basis_xz,basis_yx,basis_yy,basis_yz,basis_zx,basis_zy,basis_zz,teleport_flag,throttle_cmd,steering_cmd,cmd_move_cm,cmd_turn_deg,lidar_cm_0,lidar_cm_1,lidar_cm_2,lidar_cm_3,lidar_cm_4,lidar_cm_5,lidar_cm_6,lidar_cm_7,lidar_cm_8,lidar_cm_9,lidar_cm_10,lidar_cm_11,lidar_cm_12,lidar_cm_13,lidar_cm_14,lidar_cm_15,lidar_cm_16,lidar_class_0,lidar_class_1,lidar_class_2,lidar_class_3,lidar_class_4,lidar_class_5,lidar_class_6,lidar_class_7,lidar_class_8,lidar_class_9,lidar_class_10,lidar_class_11,lidar_class_12,lidar_class_13,lidar_class_14,lidar_class_15,lidar_class_16
0,4918.333,-5570.764,99.528,103.853,-0.238043,-0.970427,-0.040086,0.970458,-0.239316,0.030633,-0.039320,-0.031610,0.998727,1,0.08000,-0.12000,4.800,-0.240,600.000,350.000,-1,400.000,950.000,300.000,325.000,250.000,375.000,-1,400.000,200.000,375.000,550.000,625.000,650.000,900.000,0,0,2,0,0,0,0,0,0,2,1,1,1,0,0,0,0
1,4916.113,-5561.424,99.035,103.373,-0.230016,-0.972446,-0.037965,0.972443,-0.231190,0.030091,-0.038039,-0.029997,0.998826,0,0.16000,-0.24000,9.600,-0.480,625.000,350.000,-1,400.000,925.000,300.000,325.000,275.000,350.000,-1,425.000,200.000,375.000,550.000,625.000,650.000,875.000,0,0,2,0,0,0,0,0,0,2,1,1,1,0,0,0,0
2,4912.950,-5547.376,98.305,102.695,-0.218649,-0.975180,-0.034881,0.975134,-0.219684,0.029213,-0.036151,-0.027626,0.998964,0,0.24000,-0.33893,14.400,-0.678,650.000,350.000,-1,400.000,925.000,300.000,325.000,275.000,350.000,-1,425.000,200.000,375.000,550.000,625.000,650.000,875.000,0,0,2,0,0,0,0,0,0,2,1,1,1,0,0,0,0
3,4908.950,-5528.597,97.331,102.028,-0.207466,-0.977754,-0.030917,0.977663,-0.208327,0.027831,-0.033652,-0.024453,0.999134,0,0.32000,-0.33372,19.200,-0.667,650.000,350.000,-1,375.000,900.000,300.000,325.000,275.000,350.000,-1,450.000,225.000,400.000,550.000,600.000,675.000,875.000,0,0,2,0,0,0,0,0,0,2,1,1,1,0,0,0,0
4,4904.218,-5505.068,96.132,101.374,-0.196509,-0.980152,-0.026178,0.980024,-0.197177,0.025954,-0.030600,-0.020555,0.999320,0,0.40000,-0.32680,24.000,-0.654,675.000,350.000,-1,375.000,875.000,300.000,325.000,275.000,350.000,-1,475.000,250.000,400.000,550.000,600.000,675.000,850.000,0,0,2,0,0,0,0,0,0,2,1,1,1,0,0,0,0
5,4898.854,-5476.773,94.731,100.738,-0.185826,-0.982363,-0.020774,0.982210,-0.186296,0.023605,-0.027059,-0.016018,0.999505,0,0.48000,-0.31814,28.800,-0.636,675.000,350.000,-1,375.000,850.000,300.000,325.000,275.000,325.000,-1,500.000,250.000,400.000,550.000,600.000,700.000,825.000,0,0,2,0,0,0,0,0,0,2,1,1,1,0,0,0,0
6,4893.274,-5445.512,93.239,100.123,-0.175450,-0.984372,-0.015146,0.984212,-0.175744,0.020984,-0.023317,-0.011225,0.999665,0,0.52926,-0.30773,31.755,-0.615,700.000,350.000,-1,375.000,800.000,300.000,325.000,275.000,325.000,-1,550.000,275.000,425.000,550.000,600.000,725.000,800.000,0,0,2,0,0,0,0,0,0,2,1,1,1,0,0,0,0
7,4887.957,-5413.835,91.789,99.530,-0.165407,-0.986177,-0.009788,0.986028,-0.165564,0.018344,-0.019711,-0.006617,0.999784,0,0.53533,-0.29622,32.120,-0.592,725.000,350.000,-1,375.000,775.000,300.000,300.000,275.000,300.000,-1,575.000,275.000,425.000,550.000,575.000,725.000,775.000,0,0,2,0,0,0,0,0,0,2,1,1,1,0,0,0,0
8,4882.913,-5380.858,90.382,98.698,-0.151166,-0.988497,-0.004694,0.988375,-0.151222,0.015703,-0.016232,-0.002266,0.999866,0,0.55602,-0.41622,33.361,-0.832,750.000,350.000,-1,350.000,750.000,300.000,300.000,275.000,300.000,-1,600.000,300.000,450.000,550.000,575.000,750.000,750.000,0,0,2,0,0,0,0,0,0,2,1,1,1,0,0,0,0
9,4878.428,-5347.360,89.059,97.625,-0.132705,-0.991156,-0.000078,0.991070,-0.132694,0.013095,-0.012990,0.001661,0.999914,0,0.56327,-0.53622,33.796,-1.072,750.000,350.000,-1,350.000,700.000,300.000,300.000,275.000,300.000,-1,650.000,325.000,450.000,550.000,575.000,775.000,725.000,0,0,2,0,0,0,0,0,0,2,1,1,1,0,0,0,0
10,4874.659,-5313.288,87.822,96.313,-0.110004,-0.993923,0.004005,0.993881,-0.109957,0.010491,-0.009987,0.005135,0.999937,0,0.57133,-0.65622,34.280,-1.312,775.000,350.000,-1,350.000,675.000,300.000,300.000,275.000,275.000,-1,675.000,350.000,450.000,550.000,550.000,775.000,700.000,0,0,2,0,0,0,0,0,0,2,1,1,1,0,0,0,0
11,4871.770,-5278.601,86.670,94.760,-0.083047,-0.996517,0.007501,0.996519,-0.082987,0.007873,-0.007223,0.008129,0.999941,0,0.58012,-0.77622,34.807,-1.552,775.000,350.000,-1,350.000,650.000,300.000,300.000,300.000,275.000,-1,700.000,400.000,475.000,550.000,550.000,775.000,675.000,0,0,2,0,0,0,0,0,0,2,1,1,1,0,0,0,0
12,4869.938,-5243.274,86.630,92.968,-0.051819,-0.998635,0.006491,0.998638,-0.051778,0.006421,-0.006076,0.006815,0.999958,0,0.58958,-0.89622,35.375,-1.792,750.000,325.000,-1,325.000,650.000,275.000,300.000,275.000,275.000,-1,725.000,525.000,500.000,550.000,550.000,750.000,675.000,0,0,2,0,0,0,0,0,0,2,1,1,1,0,0,0,0
13,4869.330,-5207.301,87.567,90.968,-0.016911,-0.999835,0.006587,0.999854,-0.016894,0.002541,-0.002429,0.006629,0.999975,0,0.59964,-1.00000,35.979,-2.000,775.000,350.000,-1,350.000,650.000,300.000,300.000,300.000,275.000,-1,750.000,725.000,525.000,550.000,550.000,750.000,675.000,0,0,2,0,0,0,0,0,0,2,1,1,1,0,0,0,0
14,4869.990,-5170.696,88.742,88.968,0.018025,-0.999811,0.007272,0.999835,0.018010,-0.002174,0.002042,0.007310,0.999971,0,0.61018,-1.00000,36.611,-2.000,800.000,350.000,-1,350.000,700.000,300.000,300.000,300.000,275.000,-1,775.000,775.000,525.000,575.000,550.000,775.000,700.000,0,0,2,0,0,0,0,0,0,2,1,1,1,0,0,0,0
15,4871.959,-5133.512,89.915,86.968,0.052944,-0.998569,0.007512,0.998576,0.052892,-0.006968,0.006561,0.007870,0.999948,0,0.62060,-1.00000,37.236,-2.000,825.000,350.000,-1,350.000,725.000,300.000,300.000,300.000,275.000,-1,650.000,725.000,550.000,575.000,550.000,775.000,725.000,0,0,2,0,0,0,0,0,0,2,0,0,1,0,0,0,0
16,4875.279,-5095.805,91.085,84.968,0.087798,-0.996112,0.007296,0.996076,0.087709,-0.011808,0.011122,0.008305,0.999904,0,0.63088,-1.00000,37.853,-2.000,825.000,350.000,-1,350.000,750.000,300.000,300.000,300.000,300.000,-1,550.000,600.000,575.000,575.000,575.000,775.000,750.000,0,0,2,0,0,0,0,0,0,2,0,0,1,0,0,0,0
17,4879.987,-5057.632,92.250,82.968,0.122542,-0.992441,0.006618,0.992339,0.122419,-0.016659,0.015723,0.008609,0.999839,0,0.64103,-1.00000,38.462,-2.000,825.000,350.000,-1,350.000,750.000,300.000,300.000,325.000,300.000,-1,450.000,500.000,575.000,575.000,575.000,800.000,775.000,0,0,2,0,1,0,0,0,0,2,0,0,1,0,0,0,0
18,4886.119,-5019.055,93.410,80.968,0.157129,-0.987563,0.005472,0.987368,0.156979,-0.021483,0.020356,0.008778,0.999754,0,0.65102,-1.00000,39.061,-2.000,825.000,350.000,-1,350.000,725.000,300.000,300.000,325.000,300.000,-1,400.000,450.000,600.000,600.000,575.000,800.000,800.000,0,0,2,0,1,0,0,0,0,2,0,0,1,0,0,0,0
19,4892.535,-4985.400,94.407,79.208,0.187400,-0.982275,0.004109,0.981981,0.187236,-0.025610,0.024387,0.008834,0.999664,0,0.57102,-0.88000,34.261,-1.760,825.000,375.000,-1,350.000,700.000,300.000,300.000,300.000,300.000,-1,350.000,400.000,625.000,600.000,575.000,825.000,825.000,0,0,2,0,1,0,0,0,0,2,0,0,1,0,0,0,0
20,4898.817,-4956.616,95.247,77.688,0.213392,-0.976963,0.002675,0.976570,0.213226,-0.029065,0.027825,0.008815,0.999574,0,0.49102,-0.76000,29.461,-1.520,825.000,375.000,-1,350.000,700.000,300.000,300.000,300.000,300.000,-1,325.000,375.000,625.000,600.000,575.000,825.000,850.000,0,0,2,0,1,0,0,0,0,2,0,0,1,0,0,0,1
21,4905.053,-4930.821,95.998,76.408,0.235155,-0.971957,0.001185,0.971466,0.234997,-0.032086,0.030908,0.008696,0.999484,0,0.44230,-0.64000,26.538,-1.280,825.000,375.000,-1,350.000,675.000,300.000,300.000,300.000,300.000,-1,300.000,350.000,650.000,600.000,600.000,825.000,850.000,0,0,2,0,1,0,0,0,0,2,0,0,1,0,0,0,1
22,4911.850,-4904.789,96.769,75.368,0.252739,-0.967534,-0.000480,0.966936,0.252600,-0.035053,0.034037,0.008395,0.999385,0,0.44841,-0.52000,26.905,-1.040,825.000,375.000,-1,350.000,675.000,300.000,300.000,300.000,300.000,-1,275.000,325.000,650.000,600.000,600.000,850.000,825.000,0,0,2,0,1,0,0,0,0,2,0,0,1,0,0,0,1
23,4920.286,-4874.227,97.706,74.568,0.266187,-0.963918,-0.002556,0.963182,0.266086,-0.038455,0.037747,0.007774,0.999257,0,0.52841,-0.40000,31.705,-0.800,850.000,375.000,-1,350.000,675.000,300.000,300.000,300.000,300.000,-1,250.000,300.000,675.000,600.000,600.000,850.000,850.000,0,0,2,0,1,0,0,0,0,2,0,0,1,0,0,0,1
24,4930.087,-4840.092,98.778,73.980,0.276005,-0.961143,-0.004965,0.960242,0.275964,-0.042191,0.041922,0.006877,0.999097,0,0.59190,-0.29393,35.514,-0.588,850.000,375.000,-1,350.000,675.000,300.000,300.000,300.000,300.000,-1,250.000,300.000,700.000,600.000,600.000,875.000,850.000,0,0,2,0,1,0,0,0,0,2,0,0,1,0,0,0,1
25,4940.309,-4805.807,99.859,73.399,0.285659,-0.958302,-0.007498,0.957221,0.285696,-0.045888,0.046117,0.005931,0.998918,0,0.59625,-0.29045,35.775,-0.581,850.000,375.000,-1,375.000,675.000,300.000,300.000,275.000,325.000,-1,225.000,275.000,725.000,600.000,600.000,900.000,875.000,0,0,2,0,1,0,0,0,0,2,0,0,1,0,0,0,1
26,4950.949,-4771.379,100.947,72.825,0.295150,-0.955397,-0.010154,0.954124,0.295283,-0.049545,0.050333,0.004935,0.998720,0,0.60057,-0.28700,36.034,-0.574,850.000,375.000,-1,375.000,675.000,300.000,300.000,275.000,300.000,-1,225.000,250.000,725.000,600.000,625.000,900.000,900.000,0,0,2,0,1,0,0,0,0,2,0,0,1,0,0,0,1
27,4962.009,-4736.813,102.044,72.258,0.304479,-0.952431,-0.012930,0.950955,0.304728,-0.053157,0.054568,0.003889,0.998502,0,0.60486,-0.28360,36.292,-0.567,875.000,350.000,-1,375.000,675.000,300.000,300.000,275.000,300.000,-1,200.000,250.000,750.000,600.000,625.000,925.000,975.000,0,0,2,0,1,0,0,0,0,2,0,0,1,0,0,0,1
28,4973.486,-4702.116,103.149,71.698,0.313645,-0.949408,-0.015826,0.947717,0.314032,-0.056722,0.058822,0.002792,0.998265,0,0.60909,-0.28025,36.546,-0.560,875.000,350.000,-1,375.000,675.000,300.000,300.000,275.000,300.000,1000.000,200.000,250.000,775.000,600.000,625.000,925.000,-1,0,0,2,0,1,0,0,0,0,0,0,0,1,0,0,0,2
29,4985.378,-4667.295,104.940,71.144,0.322849,-0.946323,-0.015540,0.944488,0.323193,-0.059061,0.060914,0.004390,0.998133,0,0.61326,-0.27695,36.796,-0.554,875.000,350.000,-1,350.000,675.000,300.000,300.000,275.000,300.000,-1,225.000,250.000,800.000,600.000,625.000,950.000,-1,0,0,2,0,1,0,0,0,0,2,0,0,1,0,0,0,2
30,4997.683,-4632.357,107.079,70.596,0.331986,-0.943175,-0.014327,0.941118,0.332214,-0.062693,0.063890,0.007330,0.997930,0,0.61735,-0.27372,37.041,-0.547,925.000,350.000,-1,350.000,650.000,300.000,300.000,275.000,300.000,-1,225.000,275.000,800.000,600.000,625.000,1000.000,-1,0,0,2,0,1,0,0,0,0,2,0,0,1,0,0,0,2
31,5011.795,-4592.967,109.603,70.289,0.337190,-0.941350,-0.012753,0.938999,0.337260,-0.067353,0.067703,0.010736,0.997648,0,0.69735,-0.15372,41.841,-0.307,1000.000,350.000,-1,350.000,650.000,300.000,300.000,275.000,300.000,-1,250.000,275.000,825.000,625.000,625.000,-1,-1,0,0,2,0,1,0,0,0,0,2,0,0,1,0,1,2,2
32,5027.241,-4550.008,112.362,70.221,0.338469,-0.940913,-0.011057,0.938224,0.338353,-0.072475,0.071934,0.014157,0.997309,0,0.76084,-0.03372,45.650,-0.067,-1,350.000,-1,350.000,675.000,300.000,300.000,300.000,275.000,-1,275.000,300.000,850.000,625.000,625.000,-1,-1,2,0,2,0,1,0,0,0,0,2,0,0,1,0,1,2,2
33,5042.697,-4506.864,115.732,70.290,0.337389,-0.941304,-0.010757,0.938413,0.337213,-0.075288,0.074496,0.015306,0.997104,0,0.76382,0.03453,45.829,0.069,-1,350.000,-1,350.000,700.000,300.000,300.000,300.000,275.000,-1,300.000,325.000,875.000,625.000,625.000,-1,-1,2,0,2,0,1,0,0,0,0,2,0,0,1,0,1,2,2
34,5058.147,-4463.563,119.656,70.364,0.336108,-0.941745,-0.012181,0.938679,0.336014,-0.077308,0.076897,0.014550,0.996933,0,0.76622,0.03661,45.973,0.073,-1,350.000,-1,350.000,-1,300.000,300.000,300.000,275.000,-1,325.000,350.000,925.000,625.000,650.000,-1,-1,2,0,2,0,2,0,0,0,0,2,0,0,1,0,1,2,2
35,5073.581,-4420.121,123.883,70.441,0.334723,-0.942210,-0.014151,0.938899,0.334749,-0.080069,0.080179,0.013514,0.996689,0,0.76837,0.03860,46.102,0.077,-1,350.000,-1,375.000,-1,300.000,300.000,300.000,300.000,-1,375.000,375.000,975.000,650.000,650.000,-1,-1,2,0,2,0,2,0,0,0,1,2,0,0,1,0,1,2,2
36,5088.991,-4376.552,128.178,70.522,0.333288,-0.942692,-0.015863,0.939108,0.333419,-0.083113,0.083639,0.012804,0.996414,0,0.77022,0.04053,46.213,0.081,-1,375.000,-1,375.000,-1,300.000,300.000,300.000,300.000,-1,400.000,400.000,1000.000,650.000,675.000,-1,-1,2,0,2,0,2,0,0,0,1,2,0,0,1,0,0,2,2
37,5104.367,-4332.873,132.468,70.607,0.331786,-0.943192,-0.017515,0.939330,0.332027,-0.086119,0.087042,0.012121,0.996131,0,0.77176,0.04239,46.306,0.085,-1,375.000,-1,375.000,-1,300.000,300.000,300.000,300.000,-1,425.000,450.000,-1,650.000,700.000,-1,-1,2,0,2,0,2,0,0,0,1,2,0,0,2,0,0,2,2
38,5119.700,-4289.102,136.751,70.695,0.330220,-0.943711,-0.019105,0.939566,0.330573,-0.089085,0.090386,0.011467,0.995841,0,0.77297,0.04421,46.378,0.088,-1,375.000,-1,375.000,-1,300.000,300.000,300.000,275.000,-1,450.000,475.000,-1,675.000,700.000,-1,-1,2,0,2,0,2,0,0,0,1,2,0,0,2,0,0,2,2
39,5134.980,-4245.256,141.024,70.787,0.328591,-0.944247,-0.020633,0.939816,0.329059,-0.092010,0.093669,0.010842,0.995544,0,0.77386,0.04602,46.432,0.092,-1,375.000,-1,375.000,-1,300.000,300.000,275.000,275.000,-1,475.000,475.000,-1,675.000,725.000,-1,-1,2,0,2,0,2,0,0,0,1,2,0,0,2,0,0,2,2
40,5150.191,-4201.350,145.288,70.892,0.326750,-0.944852,-0.022099,0.940131,0.327337,-0.094892,0.096893,0.010230,0.995242,0,0.77442,0.05230,46.465,0.105,-1,375.000,-1,375.000,-1,300.000,325.000,275.000,275.000,-1,500.000,500.000,-1,700.000,750.000,-1,-1,2,0,2,0,2,0,0,0,1,2,0,0,2,0,0,2,2
41,5165.158,-4157.293,149.547,71.236,0.320923,-0.946813,-0.023513,0.941801,0.321651,-0.097734,0.100099,0.009221,0.994935,0,0.77549,0.17230,46.529,0.345,-1,375.000,-1,400.000,-1,325.000,325.000,275.000,275.000,-1,475.000,525.000,-1,700.000,750.000,-1,-1,2,0,2,0,2,0,0,0,1,2,0,0,2,0,0,2,2
42,5179.663,-4113.124,153.797,71.821,0.311087,-0.950057,-0.024824,0.944753,0.311978,-0.100559,0.103281,0.007830,0.994621,0,0.77482,0.29230,46.489,0.585,-1,375.000,-1,400.000,-1,325.000,325.000,275.000,275.000,-1,475.000,525.000,-1,700.000,775.000,-1,-1,2,0,2,0,2,0,0,0,1,2,0,0,2,0,0,2,2
43,5193.503,-4068.837,158.037,72.646,0.297204,-0.954460,-0.025984,0.948863,0.298276,-0.103392,0.106434,0.006073,0.994301,0,0.77331,0.41230,46.398,0.825,-1,375.000,-1,400.000,-1,325.000,325.000,275.000,275.000,-1,450.000,450.000,-1,725.000,800.000,-1,-1,2,0,2,0,2,0,0,0,1,2,0,0,2,0,0,2,2
44,5206.575,-4024.458,162.357,73.587,0.281340,-0.959242,-0.026513,0.953371,0.282549,-0.106066,0.109234,0.004564,0.994006,0,0.77105,0.47092,46.263,0.942,-1,375.000,-1,400.000,-1,325.000,325.000,275.000,250.000,-1,450.000,375.000,-1,725.000,825.000,-1,-1,2,0,2,0,2,0,0,0,1,2,0,0,2,0,0,2,2
45,5218.781,-3980.355,166.974,74.530,0.265569,-0.963761,-0.025244,0.957693,0.266728,-0.108076,0.110892,0.004525,0.993822,0,0.76268,0.47138,45.761,0.943,-1,375.000,-1,400.000,-1,325.000,325.000,275.000,250.000,-1,450.000,375.000,-1,725.000,825.000,-1,-1,2,0,2,0,2,0,0,0,1,2,0,0,2,0,0,2,2
46,5230.124,-3936.581,171.554,75.473,0.249752,-0.968018,-0.023781,0.961751,0.250839,-0.110068,0.112513,0.004619,0.993640,0,0.75365,0.47124,45.219,0.942,-1,400.000,-1,400.000,-1,325.000,325.000,275.000,250.000,-1,450.000,350.000,-1,750.000,850.000,-1,-1,2,0,2,0,2,0,0,0,1,2,0,0,2,0,0,2,2
47,5240.618,-3893.147,176.099,76.416,0.233866,-0.972015,-0.022229,0.965562,0.234872,-0.111912,0.114001,0.004709,0.993470,0,0.74472,0.47154,44.683,0.943,-1,400.000,-1,400.000,-1,325.000,325.000,275.000,250.000,-1,425.000,350.000,-1,750.000,850.000,-1,-1,2,0,2,0,2,0,0,0,1,2,0,0,2,0,0,2,2
48,5250.282,-3850.058,181.014,77.360,0.217759,-0.975760,-0.021763,0.969308,0.218819,-0.112070,0.114115,0.003309,0.993462,0,0.73600,0.47226,44.160,0.945,-1,400.000,-1,400.000,-1,325.000,325.000,275.000,250.000,-1,475.000,375.000,-1,775.000,850.000,-1,-1,2,0,2,0,2,0,0,0,1,2,0,0,2,0,0,2,2
49,5259.130,-3807.306,185.970,78.307,0.201636,-0.979244,-0.020568,0.972833,0.202667,-0.111906,0.113752,0.002555,0.993506,0,0.72762,0.47338,43.657,0.947,-1,400.000,-1,400.000,-1,325.000,325.000,275.000,250.000,-1,500.000,425.000,-1,775.000,875.000,-1,-1,2,0,2,0,2,0,0,0,1,2,0,0,2,0,0,2,2
50,5267.179,-3764.883,190.884,79.257,0.185422,-0.982471,-0.019234,0.976104,0.186407,-0.111682,0.113309,0.001934,0.993558,0,0.71968,0.47488,43.181,0.950,-1,400.000,-1,400.000,-1,325.000,325.000,300.000,275.000,-1,550.000,475.000,-1,775.000,875.000,-1,-1,2,0,2,0,2,0,0,0,1,2,0,0,2,0,0,2,2
51,5274.445,-3722.771,195.730,80.210,0.169092,-0.985438,-0.017907,0.979114,0.170033,-0.111470,0.112891,0.001315,0.993606,0,0.71224,0.47675,42.734,0.953,-1,400.000,-1,400.000,-1,325.000,325.000,300.000,275.000,-1,600.000,525.000,-1,775.000,875.000,-1,-1,2,0,2,0,2,0,0,0,1,2,0,0,2,0,0,2,2
52,5280.943,-3680.950,200.515,81.168,0.152637,-0.988143,-0.016589,0.981858,0.153534,-0.111271,0.112499,0.000696,0.993652,0,0.70537,0.47895,42.322,0.958,-1,375.000,-1,400.000,-1,325.000,325.000,300.000,275.000,-1,650.000,550.000,-1,775.000,875.000,-1,-1,2,0,2,0,2,0,0,0,1,2,0,0,2,0,0,2,2
53,5286.685,-3639.398,205.243,82.131,0.136051,-0.990584,-0.015280,0.984336,0.136906,-0.111086,0.112132,0.000073,0.993693,0,0.69912,0.48148,41.947,0.963,-1,375.000,-1,400.000,-1,325.000,325.000,300.000,275.000,-1,700.000,600.000,825.000,775.000,875.000,-1,-1,2,0,2,0,2,0,0,0,1,2,0,0,1,0,0,2,2
54,5291.684,-3598.089,209.920,83.100,0.119326,-0.992757,-0.013979,0.986541,0.120141,-0.110916,0.111792,-0.000555,0.993731,0,0.69351,0.48430,41.611,0.969,-1,375.000,-1,400.000,-1,325.000,325.000,300.000,300.000,-1,725.000,625.000,725.000,775.000,875.000,-1,-1,2,0,2,0,2,0,0,0,1,2,0,0,1,0,0,2,2
55,5295.949,-3556.996,214.555,84.075,0.102459,-0.994656,-0.012685,0.988471,0.103234,-0.110763,0.111480,-0.001191,0.993766,0,0.68856,0.48741,41.314,0.975,-1,400.000,-1,400.000,-1,325.000,325.000,300.000,300.000,-1,775.000,675.000,675.000,775.000,875.000,-1,-1,2,0,2,0,2,0,0,0,0,2,0,0,1,0,0,2,2
56,5299.487,-3516.093,219.151,85.056,0.085442,-0.996278,-0.011400,0.990119,0.086180,-0.110627,0.111197,-0.001835,0.993797,0,0.68427,0.49077,41.056,0.982,-1,400.000,-1,425.000,-1,325.000,325.000,300.000,300.000,-1,800.000,700.000,625.000,775.000,875.000,-1,-1,2,0,2,0,2,0,0,0,0,2,0,0,1,0,0,2,2
57,5302.304,-3475.352,223.715,86.045,0.068274,-0.997615,-0.010122,0.991479,0.068975,-0.110509,0.110944,-0.002490,0.993824,0,0.68064,0.49438,40.838,0.989,-1,400.000,-1,425.000,-1,325.000,325.000,300.000,300.000,-1,850.000,750.000,625.000,800.000,875.000,-1,-1,2,0,2,0,2,0,0,0,0,2,0,0,1,0,0,2,2
58,5304.403,-3434.748,228.253,87.041,0.050949,-0.998662,-0.008850,0.992545,0.051616,-0.110412,0.110721,-0.003159,0.993846,0,0.67765,0.49822,40.659,0.996,-1,400.000,-1,425.000,-1,325.000,325.000,300.000,300.000,-1,875.000,775.000,625.000,800.000,875.000,-1,-1,2,0,2,0,2,0,0,0,0,2,0,0,1,0,0,2,2
59,5305.784,-3394.254,232.770,88.046,0.033466,-0.999411,-0.007585,0.993309,0.034099,-0.110336,0.110530,-0.003841,0.993865,0,0.67528,0.50228,40.517,1.005,-1,400.000,-1,425.000,-1,325.000,325.000,300.000,300.000,-1,900.000,800.000,650.000,800.000,875.000,-1,-1,2,0,2,0,2,0,0,0,0,2,0,0,1,0,0,2,2
60,5306.448,-3353.848,237.272,89.059,0.015823,-0.999855,-0.006325,0.993765,0.016424,-0.110283,0.110371,-0.004540,0.993880,0,0.67352,0.50653,40.411,1.013,-1,400.000,-1,425.000,-1,325.000,325.000,300.000,300.000,-1,925.000,825.000,675.000,800.000,875.000,-1,-1,2,0,2,0,2,0,0,0,0,2,0,0,1,0,0,2,2
61,5306.391,-3313.508,241.764,90.081,-0.001983,-0.999985,-0.005070,0.993902,-0.001412,-0.110254,0.110245,-0.005257,0.993891,0,0.67234,0.51098,40.340,1.022,-1,400.000,-1,425.000,-1,325.000,325.000,300.000,300.000,-1,950.000,850.000,675.000,825.000,900.000,-1,-1,2,0,2,0,2,0,0,0,0,2,0,0,1,0,0,2,2
62,5305.608,-3273.213,246.214,91.112,-0.019931,-0.999795,-0.003645,0.993721,-0.019408,-0.110193,0.110100,-0.005818,0.993904,0,0.67171,0.51561,40.303,1.031,-1,400.000,-1,425.000,-1,325.000,325.000,300.000,300.000,-1,975.000,875.000,700.000,825.000,900.000,-1,-1,2,0,2,0,2,0,0,0,0,2,0,0,1,0,0,2,2
63,5304.115,-3237.330,249.884,92.383,-0.042120,-0.999109,-0.002605,0.993143,-0.041584,-0.109263,0.109057,-0.007189,0.994009,0,0.59858,0.63561,35.915,1.271,-1,400.000,-1,425.000,-1,325.000,325.000,300.000,300.000,-1,-1,925.000,725.000,850.000,900.000,-1,-1,2,0,2,0,2,0,0,0,0,2,2,0,1,0,0,2,2
64,5301.676,-3201.502,253.542,93.895,-0.068495,-0.997650,-0.001616,0.991792,-0.067917,-0.108331,0.107967,-0.009023,0.994114,0,0.59851,0.75561,35.911,1.511,-1,400.000,-1,425.000,-1,325.000,325.000,300.000,300.000,-1,-1,950.000,750.000,850.000,900.000,-1,-1,2,0,2,0,2,0,0,0,0,2,2,0,1,0,0,2,2
65,5298.145,-3165.756,257.195,95.640,-0.098906,-0.995097,-0.000639,0.989344,-0.098266,-0.107434,0.106844,-0.011258,0.994212,0,0.59867,0.87256,35.920,1.745,-1,400.000,-1,425.000,-1,325.000,325.000,300.000,300.000,-1,-1,975.000,800.000,850.000,900.000,-1,-1,2,0,2,0,2,0,0,0,0,2,2,0,1,0,0,2,2
66,5293.519,-3130.110,260.846,97.394,-0.129394,-0.991593,0.000255,0.985946,-0.128685,-0.106537,0.105674,-0.013534,0.994309,0,0.59910,0.87731,35.946,1.755,-1,400.000,-1,425.000,-1,325.000,325.000,300.000,300.000,-1,-1,1000.000,825.000,875.000,900.000,-1,-1,2,0,2,0,2,0,0,0,0,2,2,0,1,0,0,2,2
67,5287.788,-3094.566,264.490,99.159,-0.159931,-0.987128,0.001088,0.981585,-0.159149,-0.105656,0.104469,-0.015829,0.994402,0,0.60005,0.88220,36.003,1.764,-1,400.000,-1,425.000,-1,325.000,325.000,300.000,300.000,-1,-1,-1,875.000,875.000,900.000,-1,-1,2,0,2,0,2,0,0,0,0,2,2,2,1,0,0,2,2
68,5280.943,-3059.132,268.121,100.933,-0.190487,-0.981688,0.001891,0.976246,-0.189632,-0.104805,0.103244,-0.018118,0.994491,0,0.60149,0.88724,36.089,1.774,-1,400.000,-1,400.000,-1,325.000,325.000,300.000,300.000,-1,-1,-1,925.000,875.000,900.000,-1,-1,2,0,2,0,2,0,0,0,0,2,2,2,1,0,0,2,2
69,5272.973,-3023.818,271.742,102.718,-0.221034,-0.975263,0.002660,0.969918,-0.220106,-0.103979,0.101993,-0.020403,0.994576,0,0.60338,0.89240,36.203,1.785,-1,400.000,-1,400.000,-1,325.000,325.000,300.000,300.000,-1,-1,950.000,975.000,900.000,900.000,-1,-1,2,0,2,0,2,0,0,0,0,2,2,1,1,0,0,2,2
70,5263.865,-2988.637,275.355,104.513,-0.251543,-0.967840,0.003392,0.962592,-0.250541,-0.103176,0.100708,-0.022688,0.994657,0,0.60569,0.89769,36.341,1.795,-1,400.000,-1,400.000,-1,325.000,325.000,300.000,300.000,-1,-1,875.000,-1,900.000,900.000,-1,-1,2,0,2,0,2,0,0,0,0,2,2,1,2,0,0,2,2
71,5253.607,-2953.605,278.913,106.320,-0.282004,-0.959405,0.003852,0.954268,-0.280905,-0.102295,0.099225,-0.025172,0.994747,0,0.60839,0.90310,36.503,1.806,-1,400.000,-1,400.000,-1,325.000,325.000,300.000,300.000,-1,-1,825.000,-1,900.000,925.000,-1,-1,2,0,2,0,2,0,0,0,0,2,2,1,2,0,0,2,2
72,5242.187,-2918.741,282.456,108.137,-0.312371,-0.949951,0.004194,0.944928,-0.311167,-0.101420,0.097649,-0.027718,0.994835,0,0.61145,0.90862,36.687,1.817,-1,400.000,-1,425.000,-1,325.000,325.000,300.000,300.000,-1,-1,800.000,-1,925.000,925.000,-1,-1,2,0,2,0,2,0,0,0,0,2,2,1,2,0,0,2,2
73,5229.590,-2884.068,286.003,109.965,-0.342613,-0.939466,0.004375,0.934564,-0.341294,-0.100541,0.095948,-0.030358,0.994923,0,0.61484,0.91425,36.891,1.828,-1,400.000,-1,425.000,-1,325.000,325.000,300.000,300.000,-1,-1,775.000,-1,925.000,925.000,-1,-1,2,0,2,0,2,0,0,0,0,2,2,1,2,0,0,2,2
74,5215.803,-2849.612,289.543,111.805,-0.372692,-0.927944,0.004438,0.923167,-0.371250,-0.099683,0.094148,-0.033054,0.995009,0,0.61853,0.91997,37.112,1.840,-1,400.000,-1,425.000,-1,325.000,325.000,300.000,300.000,-1,1000.000,775.000,-1,925.000,950.000,-1,-1,2,0,2,0,2,0,0,0,0,2,1,1,2,0,0,2,2
75,5200.816,-2815.402,293.075,113.657,-0.402572,-0.915378,0.004376,0.910729,-0.401000,-0.098850,0.092240,-0.035809,0.995093,0,0.62250,0.92579,37.350,1.852,-1,400.000,-1,425.000,-1,325.000,325.000,300.000,300.000,-1,975.000,775.000,-1,925.000,950.000,-1,-1,2,0,2,0,2,0,0,0,0,2,1,1,2,0,0,2,2
76,5184.615,-2781.469,296.601,115.520,-0.432217,-0.901760,0.004183,0.897245,-0.430508,-0.098047,0.090216,-0.038624,0.995173,0,0.62670,0.93170,37.602,1.863,-1,400.000,-1,425.000,-1,325.000,325.000,300.000,325.000,-1,950.000,800.000,-1,925.000,975.000,-1,-1,2,0,2,0,2,0,0,0,0,2,1,1,2,0,0,2,2
77,5167.190,-2747.849,300.004,117.396,-0.461555,-0.887101,0.004377,0.882696,-0.459743,-0.097384,0.088402,-0.041084,0.995237,0,0.63113,0.93769,37.868,1.875,-1,400.000,-1,425.000,-1,325.000,325.000,300.000,325.000,-1,950.000,825.000,-1,925.000,975.000,-1,-1,2,0,2,0,2,0,0,0,0,2,1,1,2,0,0,2,2
78,5148.531,-2714.580,303.347,119.283,-0.490567,-0.871391,0.004679,0.867089,-0.488664,-0.096772,0.086612,-0.043416,0.995296,0,0.63574,0.94375,38.144,1.888,-1,400.000,-1,425.000,-1,325.000,325.000,300.000,325.000,-1,950.000,850.000,-1,950.000,1000.000,-1,-1,2,0,2,0,2,0,0,0,0,2,1,1,2,0,0,2,2
79,5128.632,-2681.703,306.498,121.183,-0.519184,-0.854647,0.005168,0.850504,-0.517244,-0.095401,0.084207,-0.045135,0.995426,0,0.64051,0.94989,38.431,1.900,-1,400.000,-1,425.000,-1,325.000,350.000,300.000,325.000,-1,950.000,900.000,-1,925.000,1000.000,-1,-1,2,0,2,0,2,0,0,0,0,2,1,1,2,0,0,2,2
80,5107.487,-2649.261,309.467,123.095,-0.547375,-0.836868,0.005746,0.832937,-0.545444,-0.093312,0.081224,-0.046290,0.995620,0,0.64542,0.95608,38.725,1.912,-1,425.000,-1,425.000,-1,325.000,350.000,300.000,300.000,-1,975.000,950.000,-1,925.000,1000.000,-1,-1,2,0,2,0,2,0,0,0,0,2,1,1,2,0,0,2,2
81,5085.090,-2617.302,312.388,125.020,-0.575136,-0.818035,0.006158,0.814326,-0.573214,-0.091096,0.078050,-0.047378,0.995823,0,0.65045,0.96234,39.027,1.925,-1,425.000,-1,425.000,-1,325.000,350.000,300.000,300.000,-1,-1,1000.000,-1,925.000,1000.000,-1,-1,2,0,2,0,2,0,0,0,0,2,2,1,2,0,0,2,2
82,5061.408,-2585.898,315.253,127.020,-0.603299,-0.797489,0.006385,0.794015,-0.601382,-0.088765,0.074629,-0.048482,0.996032,0,0.65556,1.00000,39.333,2.000,-1,425.000,-1,425.000,-1,325.000,350.000,300.000,300.000,-1,-1,-1,-1,900.000,1000.000,-1,-1,2,0,2,0,2,0,0,0,0,2,2,2,2,0,0,2,2
83,5036.448,-2555.099,318.062,129.020,-0.630729,-0.775977,0.006414,0.772747,-0.628817,-0.086327,0.071020,-0.049493,0.996246,0,0.66073,1.00000,39.644,2.000,-1,425.000,-1,425.000,-1,325.000,350.000,300.000,300.000,-1,-1,-1,-1,900.000,1000.000,-1,-1,2,0,2,0,2,0,0,0,0,2,2,2,2,0,0,2,2
84,5007.419,-2521.446,321.055,130.780,-0.654229,-0.756271,0.006191,0.753282,-0.652329,-0.083856,0.067456,-0.050198,0.996459,0,0.74073,0.88000,44.444,1.760,-1,425.000,-1,425.000,-1,325.000,350.000,300.000,300.000,-1,-1,-1,-1,900.000,975.000,-1,-1,2,0,2,0,2,0,0,0,0,2,2,2,2,0,0,2,2
85,4974.278,-2485.025,324.126,132.300,-0.674041,-0.738673,0.005655,0.735897,-0.672134,-0.081799,0.064223,-0.050974,0.996633,0,0.82073,0.76000,49.244,1.520,-1,425.000,-1,425.000,-1,350.000,350.000,300.000,300.000,-1,-1,-1,-1,875.000,975.000,-1,-1,2,0,2,0,2,0,0,0,0,2,2,2,2,0,0,2,2
86,4939.744,-2448.736,327.078,133.580,-0.690335,-0.723473,0.005049,0.720935,-0.688466,-0.079163,0.060748,-0.051009,0.996849,0,0.83492,0.64000,50.095,1.280,-1,425.000,-1,425.000,-1,350.000,350.000,325.000,300.000,-1,-1,-1,-1,875.000,975.000,-1,-1,2,0,2,0,2,0,0,0,0,2,2,2,2,0,0,2,2
87,4904.281,-2412.799,329.944,134.620,-0.703305,-0.710875,0.004338,0.708582,-0.701501,-0.076213,0.057221,-0.050527,0.997082,0,0.84149,0.52000,50.489,1.040,-1,425.000,-1,425.000,-1,350.000,350.000,325.000,300.000,-1,-1,-1,-1,875.000,950.000,-1,-1,2,0,2,0,2,0,0,0,0,2,2,2,2,0,0,2,2
88,4868.037,-2377.083,332.765,135.420,-0.713120,-0.701033,0.003494,0.698963,-0.711380,-0.073409,0.053948,-0.049907,0.997296,0,0.84809,0.40000,50.885,0.800,-1,425.000,-1,425.000,-1,350.000,350.000,325.000,300.000,-1,-1,-1,-1,850.000,950.000,-1,-1,2,0,2,0,2,0,0,0,0,2,2,2,2,0,0,2,2
89,4831.132,-2341.474,335.522,136.023,-0.720430,-0.693523,0.002531,0.691652,-0.718745,-0.070867,0.050967,-0.049305,0.997483,0,0.85472,0.30171,51.283,0.603,-1,425.000,-1,425.000,-1,350.000,350.000,325.000,300.000,-1,-1,-1,-1,850.000,925.000,-1,-1,2,0,2,0,2,0,0,0,0,2,2,2,2,0,1,2,2
90,4793.565,-2305.980,338.065,136.625,-0.727665,-0.685933,0.000446,0.684300,-0.725977,-0.068491,0.047304,-0.049533,0.997652,0,0.86139,0.30071,51.683,0.601,-1,400.000,-1,425.000,-1,350.000,350.000,325.000,300.000,-1,-1,-1,-1,825.000,875.000,-1,-1,2,0,2,0,2,0,0,0,0,2,2,2,2,0,1,2,2
91,4755.334,-2270.608,340.423,137.224,-0.734805,-0.678273,-0.002606,0.676910,-0.733074,-0.066291,0.043053,-0.050475,0.997797,0,0.86808,0.29952,52.085,0.599,-1,400.000,-1,425.000,-1,325.000,350.000,325.000,300.000,-1,-1,-1,-1,800.000,825.000,-1,-1,2,0,2,0,2,0,0,0,0,2,2,2,2,0,1,2,2
92,4716.439,-2235.365,342.485,137.820,-0.741798,-0.670608,-0.004523,0.669456,-0.740093,-0.063959,0.039543,-0.050473,0.997942,0,0.87480,0.29812,52.488,0.596,-1,400.000,-1,425.000,-1,325.000,350.000,300.000,300.000,-1,-1,-1,-1,800.000,775.000,-1,-1,2,0,2,0,2,0,0,0,0,2,2,2,2,0,1,2,2
93,4676.879,-2200.258,344.384,138.413,-0.748657,-0.662933,-0.005726,0.661951,-0.747017,-0.061531,0.036513,-0.049856,0.998089,0,0.88152,0.29650,52.891,0.593,-1,400.000,-1,425.000,-1,325.000,325.000,300.000,300.000,-1,-1,-1,-1,775.000,725.000,-1,-1,2,0,2,0,2,0,0,0,0,2,2,2,2,0,1,2,2
94,4636.656,-2165.295,346.287,139.002,-0.755386,-0.655248,-0.006483,0.654408,-0.753833,-0.059036,0.033796,-0.048837,0.998235,0,0.88825,0.29464,53.295,0.589,-1,400.000,-1,425.000,-1,325.000,325.000,300.000,300.000,-1,-1,-1,-1,775.000,675.000,-1,950.000,2,0,2,1,2,0,0,0,0,2,2,2,2,0,1,2,1
95,4595.771,-2130.484,348.124,139.587,-0.761988,-0.647552,-0.007145,0.646841,-0.760527,-0.056526,0.031169,-0.047694,0.998376,0,0.89496,0.29253,53.698,0.585,-1,400.000,975.000,400.000,-1,325.000,325.000,300.000,300.000,-1,-1,-1,-1,775.000,625.000,-1,850.000,2,0,1,1,2,0,0,0,0,2,2,2,2,0,1,2,1
96,4558.351,-2099.008,349.732,139.932,-0.765830,-0.642997,-0.007700,0.642389,-0.764456,-0.054253,0.028998,-0.046495,0.998498,0,0.81496,0.17253,48.898,0.345,-1,400.000,925.000,400.000,-1,325.000,325.000,300.000,300.000,-1,-1,-1,-1,750.000,600.000,-1,775.000,2,0,1,1,2,0,0,0,0,2,2,2,2,0,1,2,1
97,4524.552,-2070.684,351.136,140.037,-0.766971,-0.641630,-0.008160,0.641103,-0.765677,-0.052212,0.027253,-0.045277,0.998603,0,0.73496,0.05253,44.098,0.105,-1,400.000,875.000,375.000,-1,325.000,325.000,300.000,300.000,-1,-1,-1,-1,750.000,550.000,-1,725.000,2,0,1,1,2,0,1,0,0,2,2,2,2,0,1,2,1
98,4494.492,-2045.373,352.276,139.902,-0.765424,-0.643474,-0.008160,0.642995,-0.764215,-0.050325,0.026147,-0.043767,0.998700,0,0.65496,-0.06747,39.298,-0.135,-1,400.000,825.000,375.000,-1,325.000,325.000,300.000,300.000,-1,-1,-1,-1,750.000,525.000,-1,675.000,2,0,1,1,2,0,1,0,0,2,2,2,2,0,1,2,1
99,4468.249,-2022.980,353.265,139.527,-0.761171,-0.648501,-0.008067,0.648050,-0.760035,-0.048763,0.025492,-0.042344,0.998778,0,0.57496,-0.18747,34.498,-0.375,-1,400.000,800.000,350.000,-1,325.000,300.000,300.000,300.000,-1,-1,-1,-1,725.000,525.000,-1,625.000,2,0,1,1,2,0,1,0,0,2,2,2,2,1,1,2,1
100,4445.866,-2003.462,354.130,138.913,-0.754148,-0.656656,-0.008007,0.656222,-0.753071,-0.047501,0.025162,-0.041077,0.998839,0,0.49496,-0.30747,29.698,-0.615,-1,400.000,750.000,350.000,-1,325.000,300.000,300.000,300.000,-1,-1,-1,-1,675.000,500.000,-1,600.000,2,0,1,1,2,0,1,0,0,2,2,2,2,1,1,2,1
101,4427.346,-1986.820,354.864,138.058,-0.744253,-0.667851,-0.007977,0.667426,-0.743224,-0.046477,0.025111,-0.039915,0.998888,0,0.41496,-0.42747,24.898,-0.855,-1,400.000,725.000,325.000,-1,325.000,300.000,300.000,300.000,-1,-1,-1,-1,650.000,475.000,-1,600.000,2,0,1,1,2,1,1,0,0,2,2,2,2,1,1,2,1
102,4412.657,-1973.103,355.467,136.963,-0.731346,-0.681960,-0.007974,0.681536,-0.730357,-0.045688,0.025333,-0.038848,0.998924,0,0.33496,-0.54747,20.098,-1.095,-1,400.000,700.000,325.000,-1,300.000,275.000,300.000,300.000,-1,-1,-1,-1,600.000,475.000,950.000,575.000,2,0,1,1,2,1,1,0,0,2,2,2,2,1,1,1,1
103,4401.722,-1962.405,355.937,135.628,-0.715257,-0.698816,-0.008003,0.698385,-0.714298,-0.045127,0.025819,-0.037867,0.998949,0,0.25496,-0.66747,15.298,-1.335,-1,400.000,675.000,325.000,-1,300.000,275.000,300.000,300.000,-1,-1,-1,-1,575.000,475.000,900.000,575.000,2,1,1,1,2,1,1,0,0,2,2,2,2,1,1,1,1
104,4394.423,-1954.859,356.269,134.053,-0.695781,-0.718209,-0.008070,0.717763,-0.694846,-0.044791,0.026562,-0.036956,0.998964,0,0.17496,-0.78747,10.498,-1.575,-1,375.000,650.000,325.000,-1,300.000,275.000,300.000,300.000,-1,-1,-1,-1,550.000,475.000,825.000,600.000,2,1,1,1,2,1,1,0,0,2,2,2,2,1,1,1,1
105,4390.581,-1950.652,356.455,132.403,-0.674825,-0.737933,-0.008170,0.737467,-0.673905,-0.044658,0.027449,-0.036161,0.998969,0,0.09496,-0.82471,5.698,-1.649,-1,375.000,650.000,325.000,-1,300.000,275.000,300.000,300.000,-1,-1,-1,-1,525.000,475.000,775.000,625.000,2,1,1,1,2,1,1,0,0,2,2,2,2,1,1,1,1
106,4389.995,-1949.971,356.484,130.761,-0.653406,-0.756962,-0.008308,0.756473,-0.652494,-0.044722,0.028432,-0.035506,0.998965,0,0.01496,-0.82117,0.898,-1.642,-1,350.000,650.000,325.000,-1,275.000,275.000,300.000,300.000,-1,-1,-1,-1,500.000,475.000,725.000,650.000,2,1,1,1,2,1,1,0,0,2,2,2,2,1,1,1,1
107,4392.457,-1952.998,356.345,129.126,-0.631553,-0.775286,-0.008496,0.774770,-0.630640,-0.044984,0.029517,-0.034992,0.998952,0,-0.06504,-0.81755,-3.902,-1.635,-1,350.000,650.000,350.000,-1,275.000,275.000,300.000,300.000,-1,-1,-1,-1,500.000,500.000,700.000,725.000,2,1,1,1,2,1,1,0,0,2,2,2,2,1,1,1,1
108,4397.754,-1959.902,356.026,127.498,-0.609291,-0.792898,-0.008747,0.792352,-0.608370,-0.045442,0.030710,-0.034618,0.998929,0,-0.14504,-0.81394,-8.702,-1.628,950.000,350.000,675.000,350.000,-1,275.000,275.000,300.000,300.000,-1,-1,-1,-1,500.000,525.000,675.000,900.000,1,1,1,1,2,1,1,0,0,2,2,2,2,1,1,1,1
109,4405.667,-1970.842,355.517,125.877,-0.586642,-0.809795,-0.009072,0.809213,-0.585704,-0.046096,0.032015,-0.034383,0.998896,0,-0.22504,-0.81041,-13.502,-1.621,925.000,350.000,675.000,350.000,-1,300.000,300.000,300.000,300.000,-1,-1,-1,-1,500.000,550.000,650.000,-1,1,1,1,1,2,1,1,0,0,2,2,2,2,1,1,1,2
110,4410.596,-1978.013,355.183,124.496,-0.566973,-0.823684,-0.009333,0.823075,-0.566026,-0.046496,0.033015,-0.034044,0.998875,0,-0.14504,-0.69041,-8.702,-1.381,875.000,350.000,700.000,375.000,-1,300.000,300.000,300.000,300.000,-1,-1,-1,-1,475.000,575.000,625.000,-1,1,1,1,1,2,1,1,0,0,2,2,2,2,1,1,1,2
111,4412.741,-1981.272,355.036,123.356,-0.550468,-0.834802,-0.009516,0.834175,-0.549523,-0.046653,0.033717,-0.033619,0.998866,0,-0.06504,-0.57041,-3.902,-1.141,850.000,350.000,700.000,375.000,-1,300.000,300.000,300.000,300.000,-1,-1,-1,-1,475.000,600.000,625.000,-1,1,1,1,1,2,1,1,0,0,2,2,2,2,1,1,1,2
112,4412.260,-1980.515,355.080,122.455,-0.537275,-0.843352,-0.009607,0.842716,-0.536340,-0.046579,0.034130,-0.033122,0.998868,0,0.01496,-0.45041,0.898,-0.901,800.000,350.000,700.000,375.000,-1,300.000,300.000,300.000,300.000,-1,-1,-1,-1,475.000,600.000,600.000,-1,1,1,1,1,2,1,1,0,0,2,2,2,2,1,1,1,2
113,4409.258,-1975.672,355.321,121.794,-0.527506,-0.849497,-0.009600,0.848860,-0.526587,-0.046284,0.034263,-0.032564,0.998882,0,0.09496,-0.33041,5.698,-0.661,775.000,350.000,700.000,375.000,-1,275.000,300.000,300.000,300.000,-1,-1,-1,-1,475.000,600.000,575.000,-1,1,1,1,1,2,1,1,0,0,2,2,2,2,1,1,1,2
114,4403.793,-1966.708,355.758,121.373,-0.521238,-0.853359,-0.009492,0.852729,-0.520344,-0.045773,0.034121,-0.031953,0.998907,0,0.17496,-0.21041,10.498,-0.421,750.000,325.000,700.000,375.000,-1,275.000,300.000,300.000,300.000,-1,-1,-1,-1,475.000,600.000,575.000,-1,1,1,1,1,2,1,1,0,0,2,2,2,2,1,1,1,2
115,4395.870,-1953.622,356.391,121.192,-0.518521,-0.855015,-0.009285,0.854400,-0.517659,-0.045050,0.033712,-0.031292,0.998942,0,0.25496,-0.09041,15.298,-0.181,725.000,325.000,675.000,375.000,-1,275.000,300.000,300.000,300.000,-1,-1,-1,-1,450.000,600.000,550.000,-1,1,1,1,1,2,1,1,0,0,2,2,2,2,1,1,1,2
116,4385.443,-1936.440,357.215,121.252,-0.519377,-0.854498,-0.008984,0.853907,-0.518553,-0.044114,0.033036,-0.030583,0.998986,0,0.33496,0.02959,20.098,0.059,700.000,325.000,675.000,375.000,-1,275.000,275.000,300.000,300.000,-1,-1,-1,-1,450.000,575.000,525.000,-1,1,1,1,1,2,1,1,0,0,2,2,2,2,1,1,1,2
117,4372.416,-1915.223,358.225,121.551,-0.523799,-0.851798,-0.008598,0.851237,-0.523020,-0.042962,0.032098,-0.029823,0.999040,0,0.41496,0.14959,24.898,0.299,650.000,300.000,625.000,350.000,-1,275.000,275.000,300.000,300.000,-1,-1,-1,-1,425.000,550.000,500.000,-1,1,1,1,1,2,1,1,0,0,2,2,2,2,1,1,1,2
118,4356.639,-1890.062,359.411,122.090,-0.531755,-0.846859,-0.008140,0.846335,-0.531026,-0.041589,0.030898,-0.029005,0.999102,0,0.49496,0.26959,29.698,0.539,625.000,300.000,600.000,350.000,-1,250.000,275.000,300.000,300.000,-1,-1,-1,-1,400.000,525.000,475.000,-1,1,1,1,1,2,1,1,0,0,2,2,2,2,1,1,1,2
119,4337.916,-1861.087,360.540,122.869,-0.543209,-0.839559,-0.007991,0.839056,-0.542493,-0.041075,0.030149,-0.029017,0.999124,0,0.57496,0.38959,34.498,0.779,600.000,275.000,550.000,325.000,-1,250.000,250.000,300.000,300.000,-1,-1,-1,-1,375.000,475.000,450.000,-1,1,1,1,1,2,1,1,0,0,2,2,2,2,1,1,1,2
120,4316.005,-1828.465,361.678,123.888,-0.558056,-0.829765,-0.007990,0.829275,-0.557332,-0.041032,0.029594,-0.029524,0.999126,0,0.65496,0.50959,39.298,1.019,550.000,275.000,525.000,300.000,-1,225.000,250.000,300.000,300.000,-1,-1,-1,-1,350.000,425.000,400.000,-1,1,1,1,1,2,1,1,0,0,2,2,2,2,1,1,1,2
121,4290.618,-1792.408,362.930,125.147,-0.576151,-0.817305,-0.007919,0.816835,-0.575423,-0.040849,0.028829,-0.030004,0.999134,0,0.73496,0.62959,44.098,1.259,500.000,250.000,475.000,275.000,-1,225.000,225.000,300.000,300.000,-1,-1,-1,-1,325.000,400.000,375.000,650.000,1,1,1,1,2,1,1,0,0,2,2,2,2,1,1,1,1
122,4261.432,-1753.176,364.276,126.647,-0.597327,-0.801960,-0.007777,0.801514,-0.596602,-0.040515,0.027852,-0.030434,0.999149,0,0.81496,0.74959,48.898,1.499,475.000,225.000,425.000,250.000,-1,200.000,200.000,300.000,300.000,-1,-1,-1,-1,300.000,350.000,325.000,450.000,1,1,1,1,2,1,1,0,0,2,2,2,2,1,1,1,1
123,4229.848,-1713.228,369.088,128.330,-0.620813,-0.783941,-0.005227,0.783068,-0.619776,-0.051796,0.037365,-0.036248,0.998644,0,0.84874,0.84145,50.924,1.683,475.000,225.000,400.000,225.000,-1,175.000,200.000,300.000,325.000,-1,-1,-1,-1,275.000,325.000,325.000,400.000,1,1,1,1,2,1,1,0,0,2,2,2,2,1,1,1,1
124,4196.845,-1673.902,375.626,130.004,-0.643561,-0.765388,0.003261,0.763593,-0.642333,-0.065826,0.052477,-0.039873,0.997826,0,0.85564,0.83737,51.338,1.675,500.000,225.000,375.000,225.000,-1,175.000,200.000,300.000,325.000,-1,400.000,425.000,-1,275.000,300.000,325.000,375.000,1,1,1,1,2,1,1,0,0,2,0,0,2,1,1,1,1
125,4162.438,-1635.244,382.999,131.670,-0.665542,-0.746241,0.013370,0.743048,-0.664168,-0.082222,0.070238,-0.044787,0.996524,0,0.86248,0.83270,51.749,1.665,575.000,225.000,375.000,225.000,-1,175.000,175.000,325.000,375.000,-1,225.000,250.000,-1,275.000,300.000,350.000,325.000,1,1,1,1,2,1,1,0,0,2,0,0,2,1,1,1,1
126,-9511.026,983.904,506.642,114.261,-0.413370,-0.910487,0.011804,0.906638,-0.410351,0.098085,-0.084461,0.051247,0.995108,1,0.00000,0.00000,52.155,1.655,-1,400.000,-1,425.000,-1,325.000,325.000,300.000,300.000,-1,-1,-1,-1,725.000,825.000,-1,-1,2,0,2,0,2,0,0,0,0,2,2,2,2,0,0,2,2
127,-9513.017,988.272,506.241,114.501,-0.417199,-0.908739,0.011798,0.904880,-0.414151,0.098338,-0.084477,0.051703,0.995083,0,0.08000,0.12000,4.800,0.240,-1,375.000,-1,425.000,-1,325.000,325.000,300.000,300.000,-1,-1,-1,-1,725.000,825.000,-1,-1,2,0,2,0,2,0,0,0,0,2,2,2,2,0,0,2,2
128,-9517.071,996.974,505.444,114.981,-0.424836,-0.905194,0.011788,0.901318,-0.421729,0.098845,-0.084502,0.052617,0.995033,0,0.16000,0.24000,9.600,0.480,-1,375.000,-1,425.000,-1,325.000,325.000,300.000,300.000,-1,-1,-1,-1,725.000,825.000,-1,-1,2,0,2,0,2,0,0,0,0,2,2,2,2,0,0,2,2
129,-9523.317,1009.949,504.257,115.701,-0.436234,-0.899756,0.011772,0.895855,-0.433039,0.099607,-0.084525,0.053998,0.994957,0,0.24000,0.36000,14.400,0.720,-1,375.000,-1,400.000,-1,325.000,325.000,300.000,300.000,-1,-1,-1,-1,700.000,800.000,-1,-1,2,0,2,0,2,0,0,0,0,2,2,2,2,0,0,2,2
130,-9531.933,1027.107,502.688,116.661,-0.451322,-0.892284,0.011749,0.888349,-0.448007,0.100628,-0.084525,0.055853,0.994855,0,0.32000,0.48000,19.200,0.960,-1,375.000,-1,400.000,-1,325.000,325.000,300.000,300.000,-1,-1,-1,-1,700.000,800.000,-1,-1,2,0,2,0,2,0,0,0,0,2,2,2,2,0,0,2,2
131,-9543.150,1048.324,500.751,117.861,-0.470002,-0.882587,0.011719,0.878613,-0.466533,0.101913,-0.084480,0.058196,0.994724,0,0.40000,0.60000,24.000,1.200,625.000,375.000,-1,400.000,-1,325.000,325.000,300.000,300.000,-1,-1,-1,-1,700.000,775.000,-1,-1,1,0,2,0,2,0,0,0,0,2,2,2,2,0,0,2,2
132,-9557.246,1073.438,498.461,119.301,-0.492142,-0.870436,0.011680,0.866418,-0.488482,0.103467,-0.084357,0.061040,0.994564,0,0.48000,0.72000,28.800,1.440,550.000,375.000,-1,400.000,-1,325.000,325.000,300.000,300.000,-1,-1,-1,-1,675.000,775.000,-1,-1,1,0,2,0,2,0,0,0,0,2,2,2,2,0,0,2,2
