timestep,x_cm,y_cm,z_cm,yaw_deg,basis_xx,basis_xy,basis_xz,basis_yx,basis_yy,basis_yz,basis_zx,basis_zy,basis_zz,teleport_flag,throttle_cmd,steering_cmd,cmd_move_cm,cmd_turn_deg,lidar_cm_0,lidar_cm_1,lidar_cm_2,lidar_cm_3,lidar_cm_4,lidar_cm_5,lidar_cm_6,lidar_cm_7,lidar_cm_8,lidar_cm_9,lidar_cm_10,lidar_cm_11,lidar_cm_12,lidar_cm_13,lidar_cm_14,lidar_cm_15,lidar_cm_16,lidar_class_0,lidar_class_1,lidar_class_2,lidar_class_3,lidar_class_4,lidar_class_5,lidar_class_6,lidar_class_7,lidar_class_8,lidar_class_9,lidar_class_10,lidar_class_11,lidar_class_12,lidar_class_13,lidar_class_14,lidar_class_15,lidar_class_16
0,-6232.410,1644.514,59.761,102.536,-0.215893,-0.975392,-0.044732,0.976020,-0.216885,0.018601,-0.027845,-0.039643,0.998826,1,0.08000,-0.08844,4.800,-0.177,-1,350.000,-1,375.000,-1,300.000,300.000,325.000,325.000,-1,-1,-1,-1,650.000,-1,-1,-1,2,0,2,1,2,0,0,0,1,2,2,2,2,0,2,2,2
1,-6234.464,1653.892,59.533,102.356,-0.212853,-0.976078,-0.044340,0.976698,-0.213825,0.018431,-0.027471,-0.039383,0.998846,0,0.16000,-0.08991,9.600,-0.180,-1,350.000,-1,375.000,-1,300.000,300.000,325.000,325.000,-1,-1,-1,-1,650.000,-1,-1,-1,2,0,2,1,2,0,0,0,1,2,2,2,2,0,2,2,2
2,-6237.499,1667.969,59.201,102.168,-0.209672,-0.976790,-0.043809,0.977400,-0.210617,0.018146,-0.026951,-0.039014,0.998875,0,0.24000,-0.09422,14.400,-0.188,-1,350.000,-1,375.000,-1,300.000,300.000,325.000,325.000,-1,-1,1000.000,-1,650.000,-1,-1,-1,2,0,2,1,2,0,0,0,1,2,2,0,2,0,2,2,2
3,-6241.480,1686.751,58.770,101.965,-0.206253,-0.977547,-0.043149,0.978146,-0.207162,0.017735,-0.026276,-0.038548,0.998911,0,0.32000,-0.10139,19.200,-0.203,-1,350.000,-1,375.000,-1,300.000,300.000,325.000,325.000,-1,-1,975.000,-1,650.000,-1,-1,-1,2,0,2,1,2,0,0,0,1,2,2,0,2,0,2,2,2
4,-6246.363,1710.249,58.244,101.742,-0.202495,-0.978366,-0.042373,0.978953,-0.203361,0.017185,-0.025430,-0.038001,0.998954,0,0.40000,-0.11148,24.000,-0.223,-1,350.000,-1,375.000,-1,300.000,275.000,325.000,350.000,-1,-1,950.000,-1,650.000,1000.000,-1,-1,2,0,2,1,2,0,0,0,1,2,2,0,2,0,1,2,2
5,-6252.101,1738.472,57.631,101.493,-0.198294,-0.979264,-0.041498,0.979839,-0.199109,0.016476,-0.024397,-0.037394,0.999003,0,0.48000,-0.12459,28.800,-0.249,-1,350.000,-1,375.000,-1,300.000,275.000,325.000,350.000,-1,-1,925.000,-1,650.000,975.000,-1,-1,2,0,2,1,2,0,0,0,1,2,2,0,2,0,1,2,2
6,-6258.634,1771.431,56.937,101.211,-0.193541,-0.980254,-0.040542,0.980819,-0.194298,0.015589,-0.023159,-0.036747,0.999056,0,0.56000,-0.14081,33.600,-0.282,-1,350.000,-1,350.000,-1,300.000,275.000,325.000,350.000,-1,-1,900.000,-1,650.000,975.000,-1,-1,2,0,2,1,2,0,0,0,1,2,2,0,2,0,1,2,2
7,-6265.888,1809.139,56.169,100.891,-0.188123,-0.981350,-0.039528,0.981906,-0.188814,0.014505,-0.021698,-0.036084,0.999113,0,0.64000,-0.16030,38.400,-0.321,-1,350.000,-1,350.000,-1,300.000,275.000,325.000,375.000,-1,-1,875.000,-1,650.000,950.000,-1,-1,2,0,2,1,2,0,0,0,1,2,2,0,2,0,1,2,2
8,-6273.779,1851.613,55.336,100.524,-0.181921,-0.982560,-0.038475,0.983110,-0.182540,0.013206,-0.019999,-0.035422,0.999172,0,0.72000,-0.18317,43.200,-0.366,-1,350.000,-1,350.000,-1,300.000,275.000,325.000,375.000,-1,1000.000,825.000,-1,650.000,925.000,-1,-1,2,0,2,1,2,0,0,0,1,2,0,0,2,0,1,2,2
9,-6282.200,1898.868,54.445,100.105,-0.174812,-0.983891,-0.037403,0.984436,-0.175353,0.011678,-0.018049,-0.034779,0.999232,0,0.80000,-0.20954,48.000,-0.419,-1,350.000,-1,350.000,-1,300.000,275.000,325.000,375.000,-1,975.000,800.000,-1,650.000,900.000,-1,-1,2,0,2,1,2,0,0,0,1,2,0,0,2,0,1,2,2
10,-6291.040,1950.923,52.986,99.640,-0.166919,-0.985368,-0.034479,0.985840,-0.167364,0.010432,-0.016050,-0.032249,0.999351,0,0.88000,-0.23284,52.800,-0.466,-1,350.000,-1,350.000,-1,275.000,275.000,325.000,400.000,-1,925.000,750.000,-1,650.000,875.000,-1,-1,2,0,2,1,2,0,0,0,1,2,0,0,2,0,1,2,2
11,-6300.208,2007.788,50.891,99.160,-0.158757,-0.986885,-0.029234,0.987193,-0.159137,0.011160,-0.015665,-0.027088,0.999510,0,0.96000,-0.23972,57.600,-0.479,-1,350.000,-1,325.000,-1,275.000,275.000,325.000,400.000,-1,950.000,750.000,-1,650.000,825.000,-1,-1,2,0,2,1,2,0,0,0,1,2,0,0,2,0,1,2,2
12,-6309.249,2067.103,49.416,98.669,-0.150379,-0.988369,-0.022655,0.988503,-0.150686,0.012494,-0.015762,-0.020516,0.999665,0,1.00000,-0.24586,60.000,-0.492,-1,350.000,-1,325.000,-1,275.000,275.000,325.000,400.000,-1,-1,800.000,-1,650.000,775.000,-1,-1,2,0,2,1,2,0,0,0,1,2,2,0,2,0,1,2,2
13,-6317.771,2126.495,48.172,98.167,-0.141820,-0.989753,-0.016588,0.989769,-0.142048,0.013428,-0.015647,-0.014513,0.999772,0,1.00000,-0.25064,60.000,-0.501,-1,350.000,-1,300.000,-1,275.000,250.000,325.000,400.000,-1,-1,850.000,-1,650.000,725.000,-1,-1,2,0,2,0,2,0,0,0,1,2,2,0,2,0,1,2,2
14,-6325.733,2185.707,47.110,97.660,-0.133135,-0.991036,-0.011094,0.990977,-0.133285,0.014108,-0.015461,-0.009115,0.999839,0,0.99574,-0.25371,59.744,-0.507,-1,350.000,-1,300.000,-1,275.000,250.000,350.000,425.000,-1,-1,900.000,-1,650.000,675.000,-1,-1,2,0,2,0,2,0,0,0,1,2,2,0,2,0,1,2,2
15,-6332.942,2243.181,46.220,97.150,-0.124384,-0.992215,-0.006187,0.992117,-0.124463,0.014616,-0.015272,-0.004320,0.999874,0,0.96541,-0.25501,57.925,-0.510,-1,325.000,-1,275.000,-1,275.000,250.000,350.000,525.000,-1,-1,975.000,-1,650.000,650.000,-1,-1,2,0,2,0,2,0,0,0,1,2,2,0,2,0,1,2,2
16,-6339.436,2298.963,45.464,96.641,-0.115629,-0.993291,-0.001738,0.993177,-0.115642,0.015034,-0.015134,0.000012,0.999885,0,0.93598,-0.25458,56.159,-0.509,-1,325.000,-1,275.000,-1,275.000,250.000,350.000,-1,-1,-1,-1,-1,650.000,625.000,-1,975.000,2,0,2,0,2,0,0,0,2,2,2,2,2,0,1,2,1
17,-6345.259,2353.134,44.811,96.135,-0.106927,-0.994264,0.002365,0.994152,-0.106878,0.015429,-0.015088,0.004001,0.999878,0,0.90806,-0.25259,54.483,-0.505,-1,325.000,-1,275.000,1000.000,250.000,250.000,350.000,-1,-1,-1,-1,-1,625.000,575.000,-1,900.000,2,0,2,0,1,0,0,0,2,2,2,2,2,0,1,2,1
18,-6350.458,2405.804,44.231,95.637,-0.098331,-0.995134,0.006223,0.995038,-0.098223,0.015851,-0.015163,0.007750,0.999855,0,0.88209,-0.24922,52.925,-0.498,-1,325.000,-1,275.000,950.000,250.000,225.000,375.000,-1,-1,-1,0.000,-1,625.000,550.000,-1,850.000,2,0,2,0,1,0,0,0,2,2,2,0,2,0,1,2,1
19,-6355.079,2457.097,43.702,95.148,-0.089888,-0.995903,0.009918,0.995833,-0.089719,0.016338,-0.015382,0.011345,0.999817,0,0.85835,-0.24462,51.501,-0.489,-1,325.000,-1,275.000,875.000,250.000,225.000,375.000,-1,-1,-1,0.000,-1,625.000,525.000,-1,800.000,2,0,2,0,1,0,0,0,2,2,2,0,2,0,1,2,1
20,-6359.168,2507.148,43.205,94.670,-0.081637,-0.996570,0.013522,0.996538,-0.081405,0.016917,-0.015758,0.014856,0.999765,0,0.83696,-0.23895,50.217,-0.478,-1,325.000,-1,250.000,825.000,250.000,225.000,375.000,-1,-1,-1,0.000,-1,625.000,500.000,-1,750.000,2,0,2,0,1,0,0,0,2,2,2,0,2,0,1,2,1
21,-6362.767,2556.092,42.724,94.205,-0.073616,-0.997140,0.017095,0.997153,-0.073316,0.017604,-0.016300,0.018342,0.999699,0,0.81794,-0.23235,49.076,-0.465,-1,325.000,-1,250.000,775.000,250.000,225.000,375.000,-1,-1,-1,0.000,-1,625.000,500.000,-1,675.000,2,0,2,0,1,0,0,0,2,2,2,0,2,0,1,2,1
22,-6365.917,2604.062,42.154,93.755,-0.065857,-0.997607,0.021043,0.997689,-0.065480,0.018161,-0.016739,0.022190,0.999614,0,0.80122,-0.22492,48.073,-0.450,-1,325.000,-1,250.000,725.000,250.000,225.000,375.000,-1,-1,-1,0.000,-1,600.000,475.000,-1,625.000,2,0,2,0,1,0,0,0,2,2,2,0,2,0,1,2,1
23,-6368.652,2651.185,42.562,93.322,-0.058182,-0.998061,0.022115,0.998249,-0.057929,0.011924,-0.010620,0.022770,0.999684,0,0.78671,-0.21676,47.202,-0.434,-1,325.000,-1,250.000,675.000,250.000,225.000,375.000,-1,-1,-1,0.000,-1,650.000,475.000,-1,600.000,2,0,2,0,1,0,0,0,2,2,2,0,2,0,1,2,1
24,-6371.283,2703.120,43.509,92.899,-0.050653,-0.998475,0.021947,0.998710,-0.050565,0.004580,-0.003463,0.022151,0.999749,0,0.86671,-0.21136,52.002,-0.423,-1,350.000,-1,275.000,650.000,250.000,225.000,375.000,-1,-1,-1,0.000,-1,675.000,500.000,-1,600.000,2,0,2,0,1,0,0,0,2,2,2,0,2,0,1,2,1
25,-6373.605,2756.638,44.544,92.485,-0.043277,-0.998832,0.021504,0.999057,-0.043344,-0.002625,0.003554,0.021370,0.999765,0,0.89280,-0.20717,53.568,-0.414,-1,350.000,-1,275.000,625.000,275.000,250.000,375.000,-1,-1,0.000,0.000,-1,725.000,500.000,-1,575.000,2,0,2,0,1,0,0,0,2,2,0,0,2,0,1,2,1
26,-6375.517,2809.259,45.611,92.081,-0.036103,-0.999131,0.020848,0.999297,-0.036305,-0.009376,0.010125,0.020495,0.999739,0,0.87759,-0.20187,52.655,-0.404,-1,375.000,-1,275.000,575.000,275.000,250.000,375.000,-1,-1,0.000,0.000,-1,775.000,500.000,-1,550.000,2,0,2,0,1,0,0,0,2,2,0,0,2,0,1,2,1
27,-6377.044,2861.031,46.712,91.690,-0.029161,-0.999375,0.019990,0.999441,-0.029479,-0.015778,0.016357,0.019519,0.999676,0,0.86323,-0.19571,51.794,-0.391,-1,375.000,-1,300.000,550.000,275.000,250.000,375.000,-1,-1,0.000,0.000,-1,800.000,525.000,-1,575.000,2,0,2,1,1,0,0,0,2,2,0,0,2,0,0,2,0
28,-6378.212,2912.002,47.846,91.312,-0.022481,-0.999568,0.018941,0.999497,-0.022895,-0.021923,0.022348,0.018438,0.999580,0,0.84975,-0.18874,50.985,-0.377,-1,400.000,-1,300.000,500.000,300.000,275.000,375.000,-1,-1,0.000,0.000,-1,850.000,575.000,-1,950.000,2,0,2,1,1,0,0,0,2,2,0,0,2,0,0,2,0
29,-6378.804,2960.827,48.980,90.695,-0.011644,-0.999775,0.017750,0.999561,-0.012121,-0.027037,0.027246,0.017428,0.999477,0,0.81380,-0.30874,48.828,-0.617,-1,400.000,-1,325.000,525.000,300.000,275.000,375.000,-1,-1,0.000,0.000,-1,900.000,600.000,-1,-1,2,0,2,1,0,0,0,0,2,2,0,0,2,0,0,2,2
30,-6378.667,3009.066,50.214,89.837,0.003352,-0.999864,0.016151,0.999500,0.002842,-0.031489,0.031439,0.016248,0.999374,0,0.80398,-0.42874,48.239,-0.857,-1,400.000,-1,325.000,650.000,300.000,275.000,375.000,-1,-1,0.000,0.000,-1,925.000,600.000,-1,-1,2,0,2,0,0,0,0,0,2,2,0,0,2,0,0,2,2
31,-6377.615,3056.836,51.615,88.740,0.022498,-0.999650,0.013925,0.999129,0.021993,-0.035450,0.035132,0.014710,0.999274,0,0.79635,-0.54874,47.781,-1.097,-1,425.000,-1,325.000,775.000,300.000,275.000,375.000,-1,-1,0.000,0.000,-1,950.000,625.000,-1,-1,2,0,2,0,0,0,0,0,2,2,0,0,2,0,0,2,2
32,-6375.464,3104.235,53.246,87.402,0.045778,-0.998893,0.010868,0.998208,0.045321,-0.039079,0.038543,0.012638,0.999177,0,0.79079,-0.66874,47.447,-1.337,-1,425.000,-1,325.000,925.000,325.000,300.000,375.000,-1,-1,0.000,0.000,-1,975.000,650.000,-1,-1,2,0,2,0,0,0,0,0,2,2,0,0,2,0,0,2,2
33,-6372.167,3151.348,55.084,85.998,0.070157,-0.997511,0.007080,0.996635,0.069791,-0.042977,0.042376,0.010071,0.999051,0,0.78714,-0.70218,47.229,-1.404,-1,425.000,-1,350.000,975.000,325.000,300.000,375.000,-1,-1,0.000,0.000,-1,-1,675.000,-1,-1,2,0,2,0,1,0,0,0,2,2,0,0,2,2,0,2,2
34,-6367.748,3198.204,57.096,84.612,0.094122,-0.995557,0.002638,0.994448,0.093891,-0.047511,0.047052,0.007095,0.998867,0,0.78438,-0.69273,47.063,-1.385,-1,450.000,-1,350.000,950.000,325.000,300.000,375.000,-1,-1,0.000,0.000,-1,-1,700.000,-1,-1,2,0,2,0,1,0,0,0,2,2,0,0,2,2,0,2,2
35,-6362.229,3244.800,59.278,83.246,0.117631,-0.993054,-0.002528,0.991656,0.117600,-0.052808,0.052739,0.003705,0.998601,0,0.78202,-0.68302,46.921,-1.366,-1,450.000,-1,375.000,925.000,350.000,325.000,375.000,-1,-1,0.000,0.000,-1,-1,725.000,-1,-1,2,0,2,0,1,0,0,0,2,2,0,0,2,2,0,2,2
36,-6355.634,3291.139,61.542,81.900,0.140624,-0.990024,-0.008789,0.988278,0.140898,-0.058768,0.059420,-0.000422,0.998233,0,0.78008,-0.67306,46.805,-1.346,-1,475.000,-1,400.000,925.000,350.000,325.000,350.000,-1,-1,0.000,0.000,-1,-1,775.000,-1,-1,2,0,2,0,1,0,0,0,2,2,0,0,2,2,0,2,2
37,-6348.857,3332.948,64.238,80.794,0.159260,-0.987099,-0.016483,0.985220,0.159980,-0.061222,0.063069,-0.006489,0.997988,0,0.70590,-0.55306,42.354,-1.106,-1,475.000,-1,400.000,900.000,350.000,350.000,350.000,-1,-1,0.000,0.000,-1,-1,825.000,-1,-1,2,0,2,0,1,0,0,0,2,2,0,0,2,2,0,2,2
38,-6341.465,3374.563,65.728,79.928,0.174057,-0.984557,-0.018743,0.982769,0.174881,-0.059852,0.062205,-0.008003,0.998031,0,0.70445,-0.43306,42.267,-0.866,-1,475.000,-1,400.000,875.000,350.000,350.000,350.000,-1,-1,0.000,0.000,-1,-1,825.000,-1,-1,2,0,2,0,1,0,0,0,2,2,0,0,2,2,0,2,2
39,-6333.641,3415.974,67.011,79.302,0.184747,-0.982581,-0.020073,0.980839,0.185628,-0.059131,0.061827,-0.008764,0.998048,0,0.70238,-0.31306,42.143,-0.626,-1,475.000,-1,400.000,850.000,350.000,350.000,350.000,-1,-1,0.000,0.000,-1,-1,825.000,-1,-1,2,0,2,0,1,0,0,0,2,2,0,0,2,2,0,2,2
40,-6325.569,3457.180,68.161,78.916,0.191336,-0.981305,-0.020767,0.979584,0.192245,-0.058792,0.061685,-0.009094,0.998054,0,0.69983,-0.19306,41.990,-0.386,-1,475.000,-1,400.000,800.000,350.000,325.000,350.000,-1,-1,0.000,0.000,-1,-1,825.000,-1,-1,2,0,2,0,1,0,0,0,2,2,0,0,2,2,0,2,2
41,-6317.425,3498.195,69.249,78.770,0.193824,-0.980810,-0.021087,0.979104,0.194746,-0.058555,0.061538,-0.009297,0.998061,0,0.69694,-0.07306,41.816,-0.146,-1,475.000,-1,400.000,800.000,350.000,325.000,350.000,-1,-1,0.000,0.000,-1,-1,825.000,-1,-1,2,0,2,0,1,0,0,0,2,2,0,0,2,2,0,2,2
42,-6309.341,3539.034,70.381,78.802,0.193244,-0.980917,-0.021425,0.979246,0.194183,-0.058055,0.061108,-0.009761,0.998083,0,0.69385,0.01643,41.631,0.033,-1,475.000,-1,400.000,800.000,350.000,325.000,350.000,500.000,-1,0.000,0.000,-1,-1,825.000,-1,-1,2,0,2,0,1,0,0,0,1,2,0,0,2,2,0,2,2
43,-6301.329,3579.710,71.690,78.857,0.192257,-0.981091,-0.022307,0.979500,0.193239,-0.056908,0.060142,-0.010909,0.998130,0,0.69095,0.02750,41.457,0.055,-1,475.000,-1,400.000,775.000,350.000,325.000,350.000,350.000,-1,0.000,0.000,-1,-1,825.000,-1,-1,2,0,2,0,1,0,0,0,1,2,0,0,2,2,0,2,2
44,-6293.396,3620.277,73.180,78.935,0.190854,-0.981331,-0.023746,0.979866,0.191902,-0.055101,0.058629,-0.012752,0.998198,0,0.68893,0.03891,41.336,0.078,-1,475.000,-1,400.000,775.000,350.000,325.000,350.000,275.000,-1,0.000,0.000,-1,-1,825.000,-1,-1,2,0,2,0,1,0,0,0,1,2,0,0,2,2,0,2,2
45,-6285.548,3660.788,74.856,79.037,0.189028,-0.981634,-0.025759,0.980342,0.190160,-0.052623,0.056555,-0.015305,0.998282,0,0.68775,0.05065,41.265,0.101,-1,475.000,-1,400.000,800.000,350.000,325.000,350.000,225.000,-1,0.000,0.000,-1,-1,825.000,-1,-1,2,0,2,0,1,0,0,0,0,2,0,0,2,2,0,2,2
46,-6277.794,3701.296,76.721,79.162,0.186775,-0.981993,-0.028365,0.980923,0.188000,-0.049463,0.053904,-0.018585,0.998373,0,0.68739,0.06271,41.243,0.125,-1,475.000,-1,400.000,800.000,350.000,325.000,350.000,225.000,-1,0.000,0.000,-1,-1,825.000,-1,-1,2,0,2,0,1,0,0,0,0,2,0,0,2,2,0,2,2
47,-6270.141,3741.848,78.782,79.312,0.184093,-0.982401,-0.031585,0.981602,0.185410,-0.045608,0.050662,-0.022608,0.998460,0,0.68781,0.07509,41.269,0.150,-1,475.000,-1,400.000,825.000,350.000,325.000,325.000,250.000,-1,0.000,0.000,-1,-1,800.000,-1,-1,2,0,2,0,1,0,0,0,0,2,0,0,2,2,0,2,2
48,-6262.600,3782.494,81.043,79.488,0.180984,-0.982847,-0.035445,0.982371,0.182377,-0.041049,0.046810,-0.027391,0.998528,0,0.68900,0.08780,41.340,0.176,-1,450.000,-1,400.000,850.000,350.000,325.000,325.000,250.000,-1,0.000,0.000,-1,1000.000,800.000,-1,-1,2,0,2,0,1,0,0,0,0,2,0,0,2,1,0,2,2
49,-6255.182,3823.280,83.509,79.689,0.177450,-0.983318,-0.039972,0.983219,0.178887,-0.035778,0.042331,-0.032952,0.998560,0,0.69092,0.10081,41.455,0.202,-1,450.000,-1,400.000,-1,350.000,325.000,325.000,250.000,-1,0.000,0.000,-1,975.000,800.000,-1,-1,2,0,2,0,2,0,0,0,0,2,0,0,2,1,0,2,2
50,-6247.900,3864.251,86.187,79.918,0.173499,-0.983796,-0.045196,0.984131,0.174927,-0.029787,0.037210,-0.039311,0.998534,0,0.69356,0.11415,41.614,0.228,-1,450.000,-1,400.000,-1,350.000,325.000,325.000,275.000,-1,175.000,0.000,-1,925.000,800.000,-1,-1,2,0,2,0,2,0,0,0,0,2,0,0,2,1,0,2,2
51,-6240.768,3905.451,88.994,80.173,0.169131,-0.984247,-0.051496,0.985092,0.170481,-0.023026,0.031442,-0.046834,0.998408,0,0.69689,0.12781,41.813,0.256,-1,450.000,-1,400.000,-1,350.000,325.000,300.000,275.000,-1,-1,950.000,-1,900.000,800.000,-1,-1,2,0,2,0,2,0,0,0,0,2,2,0,2,1,0,2,2
52,-6233.802,3946.922,91.844,80.457,0.164384,-0.984618,-0.059202,0.986091,0.165529,-0.014965,0.024534,-0.055919,0.998134,0,0.70089,0.14180,42.053,0.284,-1,425.000,-1,400.000,-1,350.000,325.000,300.000,300.000,-1,-1,-1,-1,850.000,775.000,-1,-1,2,0,2,0,2,0,0,0,0,2,2,2,2,1,0,2,2
53,-6227.015,3988.706,93.456,80.769,0.159119,-0.985241,-0.063093,0.987036,0.160118,-0.011076,0.021015,-0.060512,0.997946,0,0.70554,0.15611,42.332,0.312,1000.000,425.000,-1,400.000,-1,350.000,325.000,300.000,300.000,-1,-1,-1,-1,825.000,800.000,-1,-1,1,0,2,0,2,0,0,0,0,2,2,2,2,1,0,2,2
54,-6220.425,4030.843,93.976,81.111,0.153318,-0.986140,-0.063417,0.987985,0.154237,-0.009824,0.019469,-0.061148,0.997939,0,0.71082,0.17076,42.649,0.342,950.000,425.000,-1,400.000,-1,350.000,325.000,300.000,300.000,-1,-1,-1,-1,800.000,800.000,-1,-1,1,0,2,0,2,0,0,0,0,2,2,2,2,1,0,2,2
55,-6214.056,4073.372,94.491,81.482,0.146998,-0.987078,-0.063778,0.988975,0.147834,-0.008553,0.017871,-0.061818,0.997927,0,0.71673,0.18575,43.004,0.371,925.000,425.000,-1,400.000,-1,350.000,325.000,300.000,300.000,-1,-1,-1,-1,800.000,800.000,-1,-1,1,0,2,0,2,0,0,0,0,2,2,2,2,1,0,2,2
56,-6207.931,4116.332,94.999,81.884,0.140147,-0.988048,-0.064180,0.989998,0.140895,-0.007263,0.016219,-0.062520,0.997912,0,0.72324,0.20108,43.395,0.402,875.000,425.000,-1,400.000,-1,325.000,325.000,300.000,300.000,-1,-1,-1,-1,775.000,800.000,-1,-1,1,0,2,0,2,0,0,0,0,2,2,2,2,1,0,2,2
57,-6201.482,4164.093,95.551,82.309,0.132917,-0.989015,-0.064675,0.991023,0.133567,-0.005817,0.014392,-0.063321,0.997889,0,0.80324,0.21217,48.195,0.424,825.000,425.000,-1,400.000,-1,325.000,325.000,300.000,300.000,-1,-1,-1,-1,775.000,800.000,1000.000,-1,1,0,2,0,2,0,0,0,0,2,2,2,2,1,0,1,2
58,-6195.018,4214.925,96.122,82.752,0.125358,-0.989963,-0.065253,0.992034,0.125902,-0.004268,0.012441,-0.064198,0.997860,0,0.85402,0.22172,51.241,0.443,775.000,425.000,-1,400.000,-1,325.000,325.000,300.000,300.000,-1,-1,-1,-1,750.000,825.000,950.000,-1,1,1,2,0,2,0,0,0,0,2,2,2,2,1,0,1,2
59,-6188.956,4265.898,96.677,83.217,0.117429,-0.990894,-0.065878,0.993026,0.117862,-0.002708,0.010448,-0.065100,0.997824,0,0.85554,0.23235,51.333,0.465,725.000,425.000,-1,400.000,-1,325.000,325.000,300.000,300.000,-1,-1,-1,-1,750.000,825.000,900.000,-1,1,1,2,0,2,0,0,0,0,2,2,2,2,1,0,1,2
60,-6183.318,4317.006,97.214,83.704,0.109111,-0.991799,-0.066548,0.993994,0.109429,-0.001137,0.008410,-0.066024,0.997783,0,0.85697,0.24350,51.418,0.487,675.000,400.000,-1,400.000,-1,325.000,325.000,300.000,300.000,-1,-1,-1,-1,725.000,825.000,850.000,-1,1,1,2,0,2,0,0,0,0,2,2,2,2,1,0,1,2
61,-6178.053,4367.363,97.733,84.030,0.103565,-0.992346,-0.067260,0.994601,0.103772,0.000426,0.006557,-0.066941,0.997735,0,0.84386,0.16316,50.632,0.326,650.000,400.000,-1,400.000,-1,350.000,325.000,300.000,300.000,-1,-1,-1,-1,700.000,825.000,800.000,-1,1,1,2,0,2,0,0,0,0,2,2,2,2,1,0,1,2
62,-6173.086,4417.856,98.240,84.380,0.097607,-0.992899,-0.068009,0.995214,0.097698,0.001996,0.004663,-0.067878,0.997683,0,0.84561,0.17511,50.737,0.350,600.000,400.000,-1,400.000,-1,350.000,325.000,300.000,300.000,-1,-1,-1,-1,700.000,850.000,750.000,-1,1,1,2,0,2,0,0,0,0,2,2,2,2,1,0,1,2
63,-6168.441,4468.444,98.732,84.753,0.091262,-0.993448,-0.068792,0.995823,0.091233,0.003571,0.002729,-0.068831,0.997625,0,0.84668,0.18631,50.801,0.373,550.000,400.000,-1,400.000,-1,350.000,325.000,300.000,300.000,-1,-1,-1,-1,675.000,850.000,700.000,-1,1,1,2,0,2,0,0,0,0,2,2,2,2,1,0,1,2
64,-6164.156,4518.720,99.206,85.126,0.084902,-0.993955,-0.069602,0.996389,0.084750,0.005139,0.000791,-0.069787,0.997562,0,0.84098,0.18673,50.459,0.373,525.000,400.000,-1,425.000,-1,350.000,350.000,300.000,300.000,-1,-1,-1,-1,675.000,850.000,650.000,-1,1,1,2,0,2,0,0,0,0,2,2,2,2,1,0,1,2
65,-6160.226,4568.690,99.623,85.501,0.078506,-0.994411,-0.070592,0.996913,0.078236,0.006594,-0.001034,-0.070892,0.997483,0,0.83542,0.18752,50.125,0.375,475.000,400.000,-1,425.000,-1,350.000,350.000,300.000,300.000,-1,-1,-1,-1,650.000,850.000,600.000,-1,1,1,2,0,2,0,0,0,0,2,2,2,2,1,0,1,2
66,-6156.505,4623.489,100.109,86.117,0.067783,-0.995263,-0.069690,0.997700,0.067562,0.005537,-0.000803,-0.069905,0.997553,0,0.91542,0.30752,54.925,0.615,450.000,400.000,-1,425.000,-1,375.000,350.000,300.000,300.000,-1,-1,-1,-1,650.000,875.000,575.000,-1,1,1,2,0,2,0,0,0,0,2,2,2,2,1,0,1,2
67,-6153.496,4680.299,99.964,86.972,0.052929,-0.996425,-0.065847,0.998597,0.052716,0.004968,-0.001479,-0.066018,0.997817,0,0.94817,0.42752,56.890,0.855,425.000,400.000,-1,425.000,-1,375.000,350.000,300.000,300.000,-1,-1,-1,-1,750.000,900.000,525.000,-1,1,1,2,0,2,0,0,0,0,2,2,2,2,1,0,1,2
68,-6151.354,4737.308,99.802,87.851,0.037627,-0.997380,-0.061789,0.999290,0.037425,0.004412,-0.002088,-0.061911,0.998080,0,0.95082,0.43973,57.049,0.879,400.000,400.000,-1,450.000,-1,375.000,375.000,325.000,275.000,-1,-1,-1,-1,-1,900.000,500.000,-1,1,1,2,0,2,0,0,0,0,2,2,2,2,2,0,1,2
69,-6150.097,4794.480,99.635,88.744,0.022065,-0.998105,-0.057441,0.999753,0.021882,0.003822,-0.002557,-0.057512,0.998342,0,0.95310,0.44651,57.186,0.893,350.000,400.000,-1,450.000,-1,400.000,375.000,325.000,275.000,-1,-1,-1,-1,-1,925.000,450.000,-1,1,1,2,0,2,0,0,0,0,2,2,2,2,2,0,1,2
70,-6149.745,4851.776,99.479,89.652,0.006232,-0.998590,-0.052725,0.999977,0.006074,0.003159,-0.002834,-0.052743,0.998604,0,0.95496,0.45371,57.297,0.907,325.000,400.000,-1,450.000,-1,400.000,375.000,325.000,275.000,-1,-1,-1,-1,-1,925.000,425.000,-1,1,1,2,0,2,0,0,0,0,2,2,2,2,2,0,1,2
71,-6150.317,4909.151,99.347,90.574,-0.009886,-0.998820,-0.047553,0.999947,-0.010011,0.002388,-0.002862,-0.047527,0.998866,0,0.95631,0.46137,57.379,0.923,300.000,400.000,-1,450.000,-1,400.000,375.000,325.000,250.000,-1,-1,-1,725.000,-1,950.000,400.000,-1,1,1,2,0,2,0,0,1,0,2,2,2,1,2,0,1,2
72,-6151.830,4966.557,99.254,91.513,-0.026301,-0.998778,-0.041836,0.999651,-0.026386,0.001481,-0.002583,-0.041783,0.999123,0,0.95710,0.46953,57.426,0.939,275.000,400.000,-1,475.000,-1,400.000,400.000,300.000,250.000,-1,-1,-1,650.000,-1,975.000,350.000,-1,1,1,2,0,2,1,0,1,0,2,2,2,1,2,0,1,2
73,-6154.302,5023.938,99.215,92.470,-0.043023,-0.998444,-0.035480,0.999072,-0.043065,0.000412,-0.001939,-0.035429,0.999370,0,0.95724,0.47823,57.435,0.956,250.000,450.000,-1,475.000,-1,425.000,400.000,300.000,250.000,-1,-1,-1,625.000,-1,-1,325.000,-1,1,1,2,0,2,1,0,1,0,2,2,2,1,2,2,1,2
74,-6157.748,5081.234,99.243,93.445,-0.060062,-0.997791,-0.028385,0.998194,-0.060063,-0.000833,-0.000873,-0.028383,0.999597,0,0.95666,0.48752,57.399,0.975,250.000,500.000,-1,500.000,-1,425.000,425.000,275.000,250.000,-1,-1,-1,625.000,-1,-1,-1,-1,1,1,2,0,2,1,0,1,0,2,2,2,1,2,2,2,2
75,-6162.182,5138.377,99.353,94.440,-0.077423,-0.996789,-0.020450,0.996998,-0.077392,-0.002262,0.000672,-0.020564,0.999788,0,0.95525,0.49742,57.315,0.995,225.000,-1,-1,500.000,-1,450.000,425.000,275.000,250.000,-1,-1,-1,600.000,-1,-1,-1,-1,1,2,2,0,2,1,0,1,0,2,2,2,1,2,2,2,2
76,-6167.616,5195.294,99.560,95.456,-0.095107,-0.995400,-0.011572,0.995463,-0.095068,-0.003872,0.002754,-0.011888,0.999926,0,0.95293,0.50798,57.176,1.016,-1,-1,-1,525.000,-1,475.000,450.000,250.000,250.000,-1,-1,475.000,600.000,-1,-1,-1,-1,2,2,2,0,2,1,0,1,0,2,2,0,1,2,2,2,2
77,-6174.060,5251.905,99.428,96.494,-0.113101,-0.993584,0.000136,0.993562,-0.113099,-0.006638,0.006610,-0.000615,0.999978,0,0.94961,0.51920,56.977,1.038,-1,-1,-1,525.000,-1,525.000,475.000,250.000,250.000,-1,-1,300.000,575.000,-1,-1,-1,-1,2,2,2,0,2,1,0,1,0,2,2,0,1,2,2,2,2
78,-6181.518,5308.125,97.962,97.556,-0.131463,-0.991290,0.007874,0.991310,-0.131495,-0.003697,0.004700,0.007319,0.999962,0,0.94521,0.53109,56.712,1.062,-1,-1,-1,525.000,-1,550.000,475.000,250.000,250.000,-1,-1,275.000,550.000,-1,-1,-1,-1,2,2,2,0,2,1,0,1,0,2,2,0,1,2,2,2,2
79,-6189.990,5363.864,93.910,98.643,-0.150315,-0.988631,0.003865,0.988614,-0.150283,0.007529,-0.006863,0.004953,0.999964,0,0.93966,0.54363,56.379,1.087,-1,-1,-1,500.000,-1,550.000,450.000,200.000,250.000,-1,-1,525.000,600.000,-1,-1,-1,-1,2,2,2,0,2,1,0,1,0,2,2,0,1,2,2,2,2
80,-6199.476,5419.030,89.624,99.757,-0.169477,-0.985533,-0.001228,0.985348,-0.169470,0.019208,-0.019138,0.002045,0.999815,0,0.93292,0.55678,55.975,1.114,-1,-1,-1,500.000,-1,-1,425.000,175.000,250.000,-1,-1,-1,675.000,-1,-1,-1,-1,2,2,2,0,2,2,1,1,0,2,2,2,1,2,2,2,2
81,-6209.970,5473.530,85.099,100.898,-0.188916,-0.981965,-0.007489,0.981465,-0.189059,0.031365,-0.032215,-0.001425,0.999480,0,0.92500,0.57044,55.500,1.141,-1,-1,-1,-1,-1,-1,425.000,150.000,250.000,-1,-1,-1,750.000,-1,-1,-1,-1,2,2,2,2,2,2,1,1,0,2,2,2,1,2,2,2,2
82,-6221.456,5527.274,80.333,102.063,-0.208518,-0.977903,-0.015008,0.976928,-0.208985,0.044012,-0.046176,-0.005484,0.998918,0,0.91594,0.58260,54.956,1.165,-1,-1,-1,-1,-1,-1,425.000,125.000,250.000,-1,-1,-1,875.000,-1,-1,-1,-1,2,2,2,2,2,2,1,1,0,2,2,2,1,2,2,2,2
83,-6233.900,5580.182,75.324,103.234,-0.227893,-0.973393,-0.023891,0.971766,-0.228915,0.057167,-0.061115,-0.010188,0.998079,0,0.90582,0.58541,54.349,1.171,-1,-1,-1,-1,-1,-1,-1,75.000,250.000,-1,-1,-1,1000.000,-1,-1,-1,-1,2,2,2,2,2,2,2,1,0,2,2,2,1,2,2,2,2
84,-6247.262,5632.179,70.077,104.409,-0.246946,-0.968426,-0.034191,0.965958,-0.248817,0.070814,-0.077085,-0.015540,0.996903,0,0.89474,0.58770,53.684,1.175,-1,-1,-1,-1,-1,-1,-1,75.000,250.000,-1,-1,-1,-1,-1,-1,-1,-1,2,2,2,2,2,2,2,1,0,2,2,2,2,2,2,2,2
85,-6262.459,5687.546,64.101,105.345,-0.261288,-0.964102,-0.047289,0.960458,-0.264557,0.086778,-0.096174,-0.022745,0.995105,0,0.95684,0.46770,57.411,0.935,-1,-1,-1,-1,-1,-1,-1,75.000,250.000,-1,-1,-1,-1,-1,-1,-1,-1,2,2,2,2,2,2,2,1,0,2,2,2,2,2,2,2,2
86,-6278.087,5741.879,57.904,106.040,-0.270909,-0.960603,-0.062049,0.955468,-0.276176,0.103961,-0.117002,-0.031121,0.992644,0,0.94217,0.34770,56.530,0.695,-1,-1,-1,-1,-1,-1,-1,100.000,250.000,-1,-1,-1,-1,-1,-1,-1,-1,2,2,2,2,2,2,2,1,0,2,2,2,2,2,2,2,2
87,-6293.880,5795.178,51.547,106.495,-0.275718,-0.958052,-0.078206,0.951050,-0.283705,0.122534,-0.139581,-0.040593,0.989378,0,0.92637,0.22770,55.582,0.455,-1,-1,-1,-1,-1,-1,-1,100.000,275.000,-1,-1,-1,-1,-1,-1,-1,-1,2,2,2,2,2,2,2,1,0,2,2,2,2,2,2,2,2
88,-6309.594,5847.473,45.063,106.711,-0.275639,-0.956523,-0.095329,0.947201,-0.287168,0.142632,-0.163806,-0.050981,0.985174,0,0.90992,0.10770,54.595,0.215,-1,-1,-1,-1,-1,-1,-1,125.000,275.000,-1,-1,-1,-1,-1,-1,-1,-1,2,2,2,2,2,2,2,1,0,2,2,2,2,2,2,2,2
89,-327.529,-8198.828,-31.777,-42.339,0.775388,0.631339,0.013561,-0.571842,0.692882,0.439216,0.267898,-0.348318,0.898279,1,0.00000,0.00000,53.600,0.009,0.000,425.000,-1,-1,-1,550.000,775.000,400.000,-1,-1,0.000,0.000,-1,600.000,-1,0.000,-1,1,1,2,2,2,1,1,1,2,2,1,1,2,1,2,1,2
90,2955.316,980.739,300.973,-41.089,0.752606,0.657159,0.041541,-0.654957,0.753607,-0.055746,-0.067940,0.014747,0.997580,1,0.08000,-0.12000,4.800,-0.240,-1,400.000,-1,400.000,-1,325.000,325.000,325.000,300.000,-1,-1,-1,-1,875.000,725.000,-1,-1,2,0,2,0,2,0,0,0,0,2,2,2,2,0,0,2,2
91,2962.499,974.369,300.388,-41.569,0.747048,0.663455,0.041795,-0.661237,0.748081,-0.056039,-0.068446,0.014227,0.997553,0,0.16000,-0.24000,9.600,-0.480,-1,400.000,-1,400.000,-1,325.000,325.000,325.000,300.000,-1,-1,-1,-1,875.000,725.000,-1,-1,2,0,2,0,2,0,0,0,0,2,2,2,2,0,0,2,2
92,2973.151,964.680,299.508,-42.289,0.738613,0.672810,0.042158,-0.670570,0.739693,-0.056478,-0.069183,0.013445,0.997513,0,0.24000,-0.36000,14.400,-0.720,-1,400.000,-1,400.000,-1,325.000,325.000,325.000,300.000,-1,-1,-1,-1,875.000,700.000,-1,-1,2,0,2,0,2,0,0,0,0,2,2,2,2,0,0,2,2
93,2987.139,951.527,298.330,-43.236,0.727339,0.684954,0.042611,-0.682686,0.728480,-0.057058,-0.070123,0.012410,0.997461,0,0.32000,-0.47357,19.200,-0.947,-1,400.000,-1,400.000,-1,325.000,325.000,325.000,300.000,-1,-1,-1,-1,850.000,700.000,-1,-1,2,0,2,0,2,0,0,0,0,2,2,2,2,0,0,2,2
94,3004.349,934.799,296.718,-44.188,0.715797,0.696969,0.043231,-0.694708,0.717019,-0.057141,-0.070823,0.010869,0.997430,0,0.40000,-0.47573,24.000,-0.951,-1,400.000,-1,400.000,-1,325.000,325.000,325.000,300.000,-1,-1,-1,-1,850.000,700.000,-1,-1,2,0,2,0,2,0,0,0,0,2,2,2,2,0,0,2,2
95,3024.662,914.383,294.647,-45.145,0.703962,0.708863,0.044163,-0.706661,0.705294,-0.056485,-0.071188,0.008555,0.997426,0,0.48000,-0.47849,28.800,-0.957,-1,400.000,-1,375.000,-1,325.000,325.000,325.000,300.000,-1,-1,-1,-1,850.000,700.000,-1,-1,2,0,2,0,2,0,0,0,0,2,2,2,2,0,0,2,2
96,3047.957,890.169,292.234,-46.108,0.691832,0.720639,0.045247,-0.718501,0.693284,-0.055802,-0.071582,0.006096,0.997416,0,0.56000,-0.48189,33.600,-0.964,-1,400.000,-1,375.000,-1,325.000,325.000,325.000,300.000,-1,-1,-1,-1,850.000,675.000,-1,-1,2,0,2,0,2,0,0,0,0,2,2,2,2,0,0,2,2
97,3074.106,862.048,289.478,-47.080,0.679391,0.732304,0.046465,-0.730237,0.680969,-0.055101,-0.071992,0.003504,0.997399,0,0.64000,-0.48596,38.400,-0.972,-1,400.000,-1,375.000,-1,325.000,325.000,325.000,300.000,-1,-1,-1,-1,825.000,675.000,-1,-1,2,0,2,0,2,0,0,0,0,2,2,2,2,0,0,2,2
98,3102.978,829.914,286.381,-48.062,0.666618,0.743865,0.047800,-0.741874,0.668329,-0.054390,-0.072405,0.000796,0.997375,0,0.72000,-0.49072,43.200,-0.981,-1,400.000,-1,375.000,-1,325.000,325.000,325.000,300.000,-1,-1,-1,-1,800.000,675.000,-1,-1,2,0,2,0,2,0,0,0,0,2,2,2,2,0,0,2,2
99,3134.435,793.658,282.943,-49.054,0.653496,0.755328,0.049228,-0.753421,0.655344,-0.053677,-0.072805,-0.002011,0.997344,0,0.80000,-0.49620,48.000,-0.992,-1,400.000,-1,375.000,-1,325.000,325.000,325.000,300.000,-1,-1,-1,-1,800.000,675.000,-1,-1,2,0,2,0,2,0,0,0,0,2,2,2,2,0,0,2,2
100,3168.333,753.176,279.166,-50.059,0.640002,0.766697,0.050726,-0.764881,0.641991,-0.052969,-0.073176,-0.004899,0.997307,0,0.88000,-0.50244,52.800,-1.005,-1,400.000,-1,375.000,-1,325.000,300.000,325.000,300.000,-1,-1,-1,-1,775.000,650.000,-1,-1,2,0,2,0,2,0,0,0,0,2,2,2,2,0,0,2,2
101,3203.442,709.706,275.328,-51.075,0.626126,0.777939,0.052707,-0.776293,0.628279,-0.051335,-0.073050,-0.008774,0.997290,0,0.93129,-0.50797,55.878,-1.016,-1,400.000,-1,375.000,-1,325.000,300.000,325.000,300.000,-1,-1,-1,-1,750.000,650.000,-1,-1,2,0,2,0,2,0,0,0,0,2,2,2,2,0,0,2,2
102,3237.775,665.620,271.556,-52.091,0.612004,0.788913,0.055373,-0.787507,0.614354,-0.049017,-0.072689,-0.013608,0.997262,0,0.93129,-0.50797,55.878,-1.016,-1,400.000,-1,375.000,-1,325.000,300.000,325.000,300.000,-1,-1,-1,-1,725.000,650.000,-1,-1,2,0,2,0,2,0,0,0,0,2,2,2,2,0,0,2,2
103,3271.321,620.933,267.826,-53.107,0.597704,0.799622,0.057910,-0.798466,0.600224,-0.046731,-0.072126,-0.018308,0.997227,0,0.93129,-0.50797,55.878,-1.016,-1,400.000,-1,375.000,-1,300.000,300.000,325.000,325.000,-1,-1,-1,-1,700.000,650.000,-1,-1,2,0,2,0,2,0,0,0,0,2,2,2,2,0,0,2,2
104,3304.069,575.658,264.139,-54.123,0.583232,0.810063,0.060321,-0.809165,0.585897,-0.044470,-0.071366,-0.022873,0.997188,0,0.93129,-0.50797,55.878,-1.016,-1,375.000,-1,350.000,-1,300.000,300.000,325.000,325.000,-1,-1,-1,-1,700.000,650.000,-1,-1,2,0,2,0,2,0,0,0,0,2,2,2,2,0,0,2,2
105,3333.441,533.870,260.851,-54.899,0.572047,0.817849,0.062330,-0.817167,0.574821,-0.042659,-0.070717,-0.026532,0.997144,0,0.85129,-0.38797,51.078,-0.776,-1,375.000,-1,350.000,-1,300.000,300.000,300.000,325.000,-1,-1,-1,-1,675.000,625.000,-1,-1,2,0,2,0,2,0,0,0,0,2,2,2,2,0,0,2,2
106,3360.358,494.804,257.641,-55.435,0.564319,0.823138,0.063155,-0.822624,0.567109,-0.040957,-0.069528,-0.028840,0.997163,0,0.79069,-0.26797,47.441,-0.536,-1,375.000,-1,350.000,-1,300.000,300.000,300.000,325.000,-1,-1,-1,-1,675.000,625.000,-1,-1,2,0,2,0,2,0,0,0,0,2,2,2,2,0,0,2,2
107,3387.072,455.599,254.446,-55.731,0.560031,0.826008,0.063834,-0.825652,0.562818,-0.039186,-0.068295,-0.030760,0.997191,0,0.79069,-0.14797,47.441,-0.296,-1,375.000,-1,350.000,-1,300.000,300.000,300.000,325.000,-1,-1,-1,-1,650.000,625.000,-1,1000.000,2,0,2,0,2,0,0,0,0,2,2,2,2,0,0,2,0
108,3413.747,416.368,251.553,-55.787,0.559329,0.826545,0.063045,-0.826297,0.562002,-0.037233,-0.066206,-0.031268,0.997316,0,0.79069,-0.02797,47.441,-0.056,-1,375.000,-1,350.000,-1,300.000,300.000,325.000,325.000,-1,-1,-1,-1,650.000,625.000,-1,1000.000,2,0,2,0,2,0,0,0,0,2,2,2,2,0,0,2,0
109,3440.548,377.222,248.780,-55.603,0.562138,0.824739,0.061695,-0.824576,0.564657,-0.035166,-0.063839,-0.031104,0.997475,0,0.79069,0.09203,47.441,0.184,-1,375.000,-1,350.000,-1,300.000,300.000,325.000,325.000,-1,625.000,-1,-1,675.000,625.000,-1,975.000,2,0,2,0,2,0,0,0,0,2,0,2,2,0,0,2,0
110,3467.603,338.253,246.023,-55.229,0.567666,0.821047,0.060306,-0.820958,0.570032,-0.033044,-0.061507,-0.030750,0.997633,0,0.79069,0.18689,47.441,0.374,-1,375.000,-1,350.000,-1,300.000,300.000,325.000,325.000,-1,575.000,-1,-1,675.000,600.000,-1,975.000,2,0,2,0,2,0,0,0,0,2,0,2,2,0,0,2,0
111,3494.912,299.460,243.293,-54.855,0.573172,0.817320,0.058833,-0.817301,0.575382,-0.030893,-0.059101,-0.030377,0.997790,0,0.79069,0.18689,47.441,0.374,-1,375.000,-1,375.000,-1,300.000,300.000,325.000,300.000,-1,525.000,-1,-1,675.000,600.000,-1,975.000,2,0,2,0,2,0,0,0,0,2,0,2,2,0,0,2,0
112,3522.473,260.847,240.593,-54.481,0.578655,0.813559,0.057276,-0.813605,0.580709,-0.028715,-0.056622,-0.029984,0.997945,0,0.79069,0.18689,47.441,0.374,-1,375.000,-1,350.000,-1,300.000,300.000,325.000,300.000,-1,500.000,575.000,-1,675.000,600.000,-1,950.000,2,0,2,0,2,0,0,0,0,2,0,0,2,0,0,2,0
113,3550.286,222.414,237.921,-54.107,0.584113,0.809763,0.055634,-0.809869,0.586011,-0.026511,-0.054070,-0.029571,0.998099,0,0.79069,0.18689,47.441,0.374,-1,375.000,-1,350.000,-1,300.000,300.000,325.000,300.000,-1,450.000,500.000,-1,675.000,600.000,-1,950.000,2,0,2,0,2,0,0,0,0,2,0,0,2,0,0,2,0
114,3578.349,184.163,235.531,-53.734,0.589468,0.805911,0.055084,-0.806105,0.591273,-0.024329,-0.052177,-0.030062,0.998185,0,0.79069,0.18689,47.441,0.374,-1,375.000,-1,350.000,-1,300.000,300.000,325.000,300.000,-1,425.000,500.000,-1,650.000,600.000,-1,950.000,2,0,2,0,2,0,0,0,0,2,0,0,2,0,0,2,0
115,3609.372,142.817,232.920,-53.120,0.598136,0.799500,0.055066,-0.799830,0.599849,-0.021287,-0.050050,-0.031311,0.998256,0,0.86152,0.30689,51.691,0.614,-1,375.000,-1,350.000,-1,300.000,300.000,325.000,300.000,-1,400.000,475.000,-1,650.000,600.000,-1,925.000,2,0,2,0,2,0,0,0,0,2,0,0,2,0,0,2,0
116,3641.006,101.937,230.306,-52.266,0.610055,0.790451,0.054964,-0.790892,0.611678,-0.018435,-0.048192,-0.032224,0.998318,0,0.86152,0.42689,51.691,0.854,-1,375.000,-1,350.000,-1,300.000,300.000,325.000,300.000,-1,400.000,475.000,-1,650.000,600.000,-1,925.000,2,0,2,0,2,0,0,0,0,2,0,0,2,0,0,2,0
117,3673.416,61.668,227.904,-51.172,0.625113,0.778595,0.054992,-0.779180,0.626626,-0.014775,-0.045963,-0.033612,0.998377,0,0.86152,0.54689,51.691,1.094,-1,375.000,-1,350.000,-1,300.000,300.000,325.000,325.000,-1,375.000,475.000,-1,650.000,575.000,-1,925.000,2,0,2,0,2,0,0,0,0,2,0,0,2,0,0,2,0
118,3706.754,22.165,225.759,-49.839,0.643162,0.763743,0.055126,-0.764510,0.644533,-0.010034,-0.043194,-0.035691,0.998429,0,0.86152,0.66689,51.691,1.334,-1,375.000,-1,350.000,-1,300.000,300.000,325.000,325.000,-1,350.000,450.000,-1,625.000,600.000,-1,925.000,2,0,2,0,2,0,0,0,0,2,0,0,2,0,0,2,0
119,3741.165,-16.407,223.649,-48.265,0.664002,0.745699,0.055080,-0.746632,0.665217,-0.005205,-0.040522,-0.037669,0.998468,0,0.86152,0.78689,51.691,1.574,-1,375.000,-1,350.000,-1,300.000,300.000,325.000,325.000,-1,350.000,450.000,-1,625.000,600.000,-1,950.000,2,0,2,0,2,0,0,0,0,2,0,0,2,0,0,2,0
120,3776.779,-53.871,221.564,-46.451,0.687390,0.724218,0.054811,-0.725297,0.688436,-0.000292,-0.037945,-0.039553,0.998497,0,0.86152,0.90689,51.691,1.814,-1,375.000,-1,350.000,-1,300.000,300.000,325.000,325.000,-1,325.000,450.000,-1,650.000,600.000,-1,950.000,2,0,2,0,2,0,0,0,0,2,0,0,2,0,0,2,0
121,3813.679,-90.069,219.509,-44.451,0.712372,0.699700,0.054273,-0.700905,0.713240,0.004632,-0.035469,-0.041340,0.998515,0,0.86152,1.00000,51.691,2.000,-1,375.000,-1,350.000,-1,300.000,300.000,325.000,325.000,-1,325.000,450.000,-1,650.000,600.000,-1,950.000,2,0,2,0,2,0,0,0,0,2,0,0,2,0,0,2,0
122,3851.819,-124.958,217.835,-42.451,0.736472,0.674371,0.053231,-0.675616,0.737212,0.007849,-0.033950,-0.041744,0.998551,0,0.86152,1.00000,51.691,2.000,-1,375.000,-1,350.000,-1,300.000,300.000,325.000,325.000,-1,350.000,475.000,-1,650.000,600.000,-1,925.000,2,0,2,0,2,0,0,0,0,2,0,0,2,0,0,2,0
123,3891.154,-158.495,216.247,-40.451,0.759692,0.648226,0.051690,-0.649488,0.760292,0.011021,-0.032156,-0.041945,0.998602,0,0.86152,1.00000,51.691,2.000,-1,375.000,-1,350.000,-1,300.000,300.000,325.000,325.000,-1,375.000,500.000,-1,650.000,600.000,-1,925.000,2,0,2,0,2,0,0,0,0,2,0,0,2,0,0,2,0
124,3931.635,-190.639,214.676,-38.451,0.781983,0.621290,0.050015,-0.622562,0.782442,0.014172,-0.030328,-0.042220,0.998648,0,0.86152,1.00000,51.691,2.000,-1,375.000,-1,350.000,-1,300.000,300.000,325.000,325.000,-1,350.000,475.000,-1,650.000,600.000,-1,900.000,2,0,2,0,2,0,0,0,0,2,0,0,2,0,0,2,0
125,3973.213,-221.350,213.120,-36.451,0.803318,0.593596,0.048211,-0.594869,0.803637,0.017281,-0.028486,-0.042562,0.998688,0,0.86152,1.00000,51.691,2.000,-1,375.000,-1,350.000,1000.000,300.000,300.000,325.000,300.000,-1,325.000,450.000,-1,675.000,600.000,-1,900.000,2,0,2,0,0,0,0,0,0,2,0,0,2,0,0,2,0
126,4015.838,-250.591,211.570,-34.451,0.823671,0.565179,0.046254,-0.566443,0.823850,0.020317,-0.026624,-0.042935,0.998723,0,0.86152,1.00000,51.691,2.000,-1,375.000,-1,350.000,975.000,300.000,300.000,325.000,300.000,-1,300.000,425.000,-1,675.000,600.000,-1,900.000,2,0,2,0,0,0,0,0,0,2,0,0,2,0,0,2,0
127,4059.457,-278.327,209.987,-32.451,0.843022,0.536077,0.044000,-0.537314,0.843063,0.023200,-0.024658,-0.043200,0.998762,0,0.86152,1.00000,51.691,2.000,-1,375.000,-1,350.000,950.000,300.000,300.000,325.000,300.000,-1,275.000,400.000,-1,675.000,600.000,-1,900.000,2,0,2,0,0,0,0,0,0,2,0,0,2,0,0,2,0
128,4104.018,-304.523,208.675,-30.451,0.861295,0.506299,0.042810,-0.507562,0.861210,0.026405,-0.023500,-0.044471,0.998734,0,0.86152,1.00000,51.691,2.000,-1,375.000,-1,350.000,925.000,300.000,300.000,300.000,300.000,-1,275.000,425.000,-1,675.000,600.000,-1,900.000,2,0,2,0,0,0,0,0,0,2,0,0,2,0,0,2,0
129,4149.466,-329.148,207.630,-28.451,0.878501,0.475885,0.042068,-0.477211,0.878264,0.030362,-0.022498,-0.046749,0.998653,0,0.86152,1.00000,51.691,2.000,-1,375.000,-1,350.000,925.000,300.000,300.000,300.000,300.000,-1,300.000,450.000,-1,675.000,600.000,-1,900.000,2,0,2,0,0,0,0,0,0,2,0,0,2,0,0,2,0
130,4195.868,-352.232,206.597,-26.451,0.894634,0.444894,0.041214,-0.446278,0.894235,0.034339,-0.021578,-0.049114,0.998560,0,0.86379,1.00000,51.827,2.000,-1,375.000,-1,350.000,925.000,300.000,300.000,300.000,300.000,-1,325.000,475.000,-1,675.000,600.000,-1,900.000,2,0,2,0,0,0,0,0,0,2,0,0,2,0,0,2,0
131,4243.410,-373.847,205.558,-24.451,0.909676,0.413364,0.040254,-0.414800,0.909106,0.038301,-0.020763,-0.051539,0.998455,0,0.87043,1.00000,52.226,2.000,-1,375.000,-1,350.000,925.000,300.000,300.000,300.000,300.000,1000.000,325.000,500.000,-1,675.000,600.000,-1,900.000,2,0,2,0,0,0,0,0,0,0,0,0,2,0,0,2,0
132,4292.054,-393.946,204.505,-22.451,0.923606,0.381335,0.039196,-0.382819,0.922858,0.042231,-0.020068,-0.054009,0.998339,0,0.87722,1.00000,52.633,2.000,-1,375.000,-1,350.000,925.000,300.000,300.000,300.000,300.000,1000.000,350.000,550.000,-1,675.000,600.000,-1,925.000,2,0,2,0,0,0,0,0,0,0,0,0,2,0,0,2,0
133,4341.758,-412.479,203.432,-20.451,0.936407,0.348847,0.038048,-0.350373,0.935474,0.046109,-0.019507,-0.056508,0.998212,0,0.88413,1.00000,53.048,2.000,-1,375.000,-1,350.000,950.000,300.000,300.000,300.000,300.000,975.000,375.000,575.000,-1,700.000,600.000,-1,925.000,2,0,2,0,0,0,0,0,0,0,0,0,2,0,0,2,0
134,4392.477,-429.399,202.330,-18.451,0.948064,0.315941,0.036818,-0.317506,0.946942,0.049919,-0.019093,-0.059017,0.998074,0,0.89112,1.00000,53.467,2.000,-1,375.000,-1,350.000,950.000,300.000,300.000,300.000,300.000,950.000,400.000,625.000,-1,700.000,600.000,-1,950.000,2,0,2,0,0,0,0,0,0,0,0,0,2,0,0,2,0
135,4444.162,-444.658,201.190,-16.451,0.958563,0.282658,0.035519,-0.284258,0.957246,0.053641,-0.018838,-0.061515,0.997928,0,0.89819,1.00000,53.891,2.000,-1,375.000,-1,350.000,950.000,300.000,300.000,300.000,300.000,950.000,425.000,675.000,-1,700.000,600.000,-1,975.000,2,0,2,0,0,0,0,0,0,0,0,0,2,0,0,2,0
136,4496.759,-458.211,200.004,-14.451,0.967888,0.249049,0.034161,-0.250680,0.966375,0.057256,-0.018752,-0.063981,0.997775,0,0.90528,0.99974,54.317,1.999,-1,375.000,-1,350.000,975.000,300.000,300.000,300.000,300.000,950.000,450.000,725.000,-1,700.000,600.000,-1,1000.000,2,0,2,0,0,0,0,0,0,0,0,0,2,0,0,2,0
137,4550.212,-470.016,198.873,-12.456,0.976016,0.215217,0.032792,-0.216872,0.974338,0.060266,-0.018980,-0.065932,0.997644,0,0.91236,0.99785,54.742,1.996,-1,375.000,-1,350.000,975.000,300.000,300.000,300.000,300.000,950.000,500.000,800.000,-1,700.000,600.000,-1,975.000,2,0,2,0,0,0,0,0,0,0,0,0,2,0,0,2,1
