timestep,x_cm,y_cm,z_cm,yaw_deg,basis_xx,basis_xy,basis_xz,basis_yx,basis_yy,basis_yz,basis_zx,basis_zy,basis_zz,teleport_flag,throttle_cmd,steering_cmd,cmd_move_cm,cmd_turn_deg,lidar_cm_0,lidar_cm_1,lidar_cm_2,lidar_cm_3,lidar_cm_4,lidar_cm_5,lidar_cm_6,lidar_cm_7,lidar_cm_8,lidar_cm_9,lidar_cm_10,lidar_cm_11,lidar_cm_12,lidar_cm_13,lidar_cm_14,lidar_cm_15,lidar_cm_16,lidar_class_0,lidar_class_1,lidar_class_2,lidar_class_3,lidar_class_4,lidar_class_5,lidar_class_6,lidar_class_7,lidar_class_8,lidar_class_9,lidar_class_10,lidar_class_11,lidar_class_12,lidar_class_13,lidar_class_14,lidar_class_15,lidar_class_16
0,3612.269,6886.053,-346.470,-14.994,0.964285,0.258633,0.057122,-0.259645,0.965642,0.010935,-0.052331,-0.025376,0.998307,1,0.08000,-0.12000,4.800,-0.240,-1,400.000,-1,375.000,-1,325.000,325.000,300.000,300.000,-1,550.000,575.000,-1,725.000,750.000,-1,-1,2,0,2,0,2,0,0,0,0,2,0,0,2,0,0,2,2
1,3621.521,6883.491,-346.998,-15.474,0.962098,0.266710,0.056858,-0.267736,0.963428,0.011114,-0.051815,-0.025916,0.998320,0,0.16000,-0.24000,9.600,-0.480,-1,400.000,-1,375.000,-1,325.000,325.000,300.000,300.000,-1,550.000,575.000,-1,725.000,750.000,-1,-1,2,0,2,0,2,0,0,0,0,2,0,0,2,0,0,2,2
2,3635.350,6879.476,-347.786,-16.194,0.958690,0.278789,0.056474,-0.279836,0.959980,0.011396,-0.051036,-0.026729,0.998339,0,0.24000,-0.36000,14.400,-0.720,-1,400.000,-1,400.000,-1,325.000,325.000,300.000,300.000,-1,550.000,575.000,-1,725.000,750.000,-1,-1,2,0,2,0,2,0,0,0,0,2,0,0,2,0,0,2,2
3,3653.717,6873.883,-348.826,-16.936,0.955025,0.291190,0.055991,-0.292259,0.956267,0.011780,-0.050112,-0.027614,0.998362,0,0.32000,-0.37098,19.200,-0.742,-1,400.000,-1,400.000,-1,325.000,325.000,300.000,300.000,-1,550.000,575.000,-1,725.000,750.000,-1,-1,2,0,2,0,2,0,0,0,0,2,0,0,2,0,0,2,2
4,3676.584,6866.596,-350.112,-17.677,0.951209,0.303530,0.055422,-0.304623,0.952394,0.012268,-0.049060,-0.028553,0.998388,0,0.40000,-0.37065,24.000,-0.741,-1,400.000,-1,400.000,-1,325.000,325.000,300.000,300.000,-1,550.000,575.000,-1,725.000,775.000,-1,-1,2,0,2,0,2,0,0,0,0,2,0,0,2,0,0,2,2
5,3703.909,6857.497,-351.642,-18.418,0.947242,0.315804,0.054778,-0.316922,0.948365,0.012861,-0.047888,-0.029543,0.998416,0,0.48000,-0.37024,28.800,-0.740,-1,400.000,-1,400.000,-1,325.000,325.000,300.000,300.000,-1,575.000,600.000,-1,725.000,775.000,-1,-1,2,0,2,0,2,0,0,0,0,2,0,0,2,0,0,2,2
6,3735.648,6846.471,-353.413,-19.157,0.943127,0.328006,0.054069,-0.329150,0.944180,0.013557,-0.046604,-0.030583,0.998445,0,0.56000,-0.36973,33.600,-0.739,-1,400.000,-1,400.000,-1,325.000,325.000,300.000,300.000,-1,575.000,600.000,-1,750.000,800.000,-1,-1,2,0,2,0,2,0,0,0,0,2,0,0,2,0,0,2,2
7,3771.756,6833.404,-355.420,-19.895,0.938865,0.340133,0.053308,-0.341302,0.939844,0.014352,-0.045219,-0.031669,0.998475,0,0.64000,-0.36912,38.400,-0.738,-1,400.000,-1,400.000,-1,325.000,325.000,300.000,300.000,-1,575.000,600.000,-1,750.000,825.000,-1,-1,2,0,2,0,2,0,0,0,0,2,0,0,2,0,0,2,2
8,3812.186,6818.182,-357.660,-20.632,0.934459,0.352177,0.052510,-0.353372,0.935359,0.015234,-0.043751,-0.032791,0.998504,0,0.72000,-0.36838,43.200,-0.737,-1,400.000,-1,400.000,-1,325.000,325.000,300.000,300.000,-1,550.000,625.000,-1,750.000,850.000,-1,-1,2,0,2,0,2,0,0,0,0,2,0,0,2,0,0,2,2
9,3856.887,6800.693,-359.849,-21.367,0.929882,0.364146,0.052118,-0.365321,0.930764,0.014811,-0.043116,-0.032812,0.998531,0,0.80000,-0.36750,48.000,-0.735,-1,400.000,-1,400.000,-1,325.000,325.000,300.000,300.000,-1,600.000,650.000,-1,750.000,875.000,-1,-1,2,0,2,0,2,0,0,0,0,2,0,0,2,0,0,2,2
10,3902.356,6782.230,-362.057,-22.100,0.925170,0.376023,0.051640,-0.377173,0.926032,0.014332,-0.042431,-0.032737,0.998563,0,0.81792,-0.36645,49.075,-0.733,-1,400.000,-1,400.000,-1,325.000,325.000,300.000,300.000,-1,625.000,675.000,-1,750.000,875.000,-1,-1,2,0,2,0,2,0,0,0,0,2,0,0,2,0,0,2,2
11,3947.554,6763.202,-364.249,-22.831,0.920322,0.387801,0.051167,-0.388927,0.921165,0.013851,-0.041762,-0.032648,0.998594,0,0.81732,-0.36530,49.039,-0.731,-1,400.000,-1,400.000,-1,325.000,325.000,300.000,300.000,-1,650.000,700.000,-1,775.000,900.000,-1,-1,2,0,2,0,2,0,0,0,0,2,0,0,2,0,0,2,2
12,3992.477,6743.614,-366.374,-23.559,0.915352,0.399481,0.050456,-0.400568,0.916171,0.013239,-0.040937,-0.032329,0.998639,0,0.81680,-0.36408,49.008,-0.728,-1,400.000,-1,400.000,-1,325.000,325.000,300.000,300.000,-1,675.000,725.000,-1,775.000,925.000,-1,-1,2,0,2,0,2,0,0,0,0,2,0,0,2,0,0,2,2
13,4037.124,6723.470,-368.356,-24.284,0.910218,0.411047,0.050427,-0.412133,0.911031,0.012979,-0.040606,-0.032596,0.998643,0,0.81635,-0.36279,48.981,-0.726,-1,400.000,-1,400.000,-1,325.000,325.000,300.000,300.000,-1,725.000,775.000,-1,800.000,975.000,-1,-1,2,0,2,0,2,0,0,0,0,2,0,0,2,0,0,2,2
14,4081.493,6702.773,-370.327,-25.007,0.904950,0.422503,0.050567,-0.423594,0.905762,0.012748,-0.040416,-0.032956,0.998639,0,0.81598,-0.36142,48.959,-0.723,-1,400.000,-1,400.000,-1,325.000,325.000,300.000,300.000,-1,800.000,825.000,-1,800.000,1000.000,-1,-1,2,0,2,0,2,0,0,0,0,2,0,0,2,0,0,2,2
15,4125.583,6681.529,-372.334,-25.727,0.899554,0.433847,0.050789,-0.434942,0.900373,0.012404,-0.040347,-0.033248,0.998632,0,0.81568,-0.35999,48.941,-0.720,-1,400.000,-1,400.000,-1,325.000,325.000,300.000,300.000,-1,850.000,875.000,-1,800.000,-1,-1,-1,2,0,2,0,2,0,0,0,0,2,0,0,2,0,2,2,2
16,4169.391,6659.740,-374.357,-26.444,0.894036,0.445075,0.051067,-0.446175,0.894865,0.012037,-0.040340,-0.033546,0.998623,0,0.81546,-0.35849,48.928,-0.717,-1,400.000,-1,425.000,-1,325.000,325.000,300.000,300.000,-1,925.000,950.000,-1,825.000,-1,-1,-1,2,0,2,0,2,0,0,0,0,2,0,0,2,0,2,2,2
17,4212.917,6637.411,-376.396,-27.158,0.888399,0.456185,0.051401,-0.457291,0.889241,0.011644,-0.040396,-0.033850,0.998610,0,0.81532,-0.35693,48.919,-0.714,-1,400.000,-1,425.000,-1,325.000,325.000,300.000,300.000,-1,975.000,-1,-1,825.000,-1,-1,-1,2,0,2,0,2,0,0,0,0,2,0,2,2,0,2,2,2
18,4256.159,6614.546,-378.453,-27.869,0.882648,0.467173,0.051791,-0.468286,0.883506,0.011222,-0.040515,-0.034158,0.998595,0,0.81525,-0.35530,48.915,-0.711,-1,400.000,-1,425.000,-1,325.000,325.000,300.000,300.000,-1,-1,-1,-1,825.000,-1,-1,-1,2,0,2,0,2,0,0,0,0,2,2,2,2,0,2,2,2
19,4299.116,6591.149,-380.680,-28.576,0.876772,0.478047,0.052363,-0.479142,0.877680,0.010050,-0.041154,-0.033901,0.998578,0,0.81526,-0.35362,48.915,-0.707,-1,400.000,-1,425.000,-1,325.000,325.000,300.000,300.000,-1,-1,-1,-1,850.000,-1,-1,-1,2,0,2,0,2,0,0,0,0,2,2,2,2,0,2,2,2
20,4341.787,6567.223,-383.141,-29.280,0.870771,0.488808,0.053138,-0.489848,0.871773,0.007829,-0.042498,-0.032847,0.998556,0,0.81534,-0.35187,48.920,-0.704,-1,400.000,-1,425.000,-1,325.000,325.000,300.000,300.000,-1,-1,-1,-1,850.000,-1,-1,-1,2,0,2,0,2,0,0,0,0,2,2,2,2,0,2,2,2
21,4384.170,6542.772,-385.630,-29.980,0.864667,0.499442,0.053930,-0.500420,0.865765,0.005524,-0.043931,-0.031764,0.998529,0,0.81549,-0.35007,48.930,-0.700,-1,400.000,-1,425.000,-1,325.000,325.000,300.000,300.000,-1,-1,-1,-1,850.000,-1,-1,-1,2,0,2,0,2,0,0,0,0,2,2,2,2,0,2,2,2
22,4426.264,6517.802,-388.133,-30.676,0.858462,0.509947,0.054745,-0.510855,0.859662,0.003066,-0.045498,-0.030599,0.998496,0,0.81572,-0.34822,48.943,-0.696,-1,400.000,-1,450.000,-1,325.000,325.000,300.000,300.000,-1,-1,-1,-1,850.000,-1,-1,-1,2,0,2,0,2,0,0,0,0,2,2,2,2,0,2,2,2
23,4468.068,6492.315,-390.657,-31.369,0.852161,0.520320,0.055576,-0.521148,0.853466,0.000475,-0.047185,-0.029368,0.998454,0,0.81602,-0.34631,48.961,-0.693,-1,400.000,-1,450.000,-1,325.000,325.000,300.000,300.000,-1,-1,-1,-1,850.000,-1,-1,-1,2,0,2,0,2,0,0,0,0,2,2,2,2,0,2,2,2
24,4509.582,6466.315,-393.183,-32.057,0.845755,0.530562,0.056596,-0.531295,0.847184,-0.002445,-0.049244,-0.028001,0.998394,0,0.81638,-0.34435,48.983,-0.689,-1,400.000,-1,450.000,-1,325.000,350.000,300.000,300.000,-1,-1,-1,-1,850.000,-1,-1,-1,2,0,2,0,2,0,0,0,0,2,2,2,2,0,2,2,2
25,4551.549,6439.328,-395.911,-32.743,0.839217,0.540672,0.058219,-0.541324,0.840798,-0.005282,-0.051806,-0.027083,0.998290,0,0.83158,-0.34270,49.895,-0.685,-1,400.000,-1,450.000,-1,325.000,350.000,300.000,300.000,-1,-1,-1,-1,875.000,-1,-1,-1,2,0,2,0,2,0,0,0,0,2,2,2,2,0,2,2,2
26,4593.727,6411.729,-398.710,-33.199,0.834749,0.547361,0.059918,-0.547920,0.836491,-0.008130,-0.054570,-0.026044,0.998170,0,0.84008,-0.22800,50.405,-0.456,-1,400.000,-1,450.000,-1,325.000,350.000,300.000,325.000,-1,-1,-1,-1,875.000,-1,-1,-1,2,0,2,0,2,0,0,0,0,2,2,2,2,0,2,2,2
27,4635.654,6383.814,-401.562,-33.655,0.830220,0.554017,0.061643,-0.554473,0.832129,-0.011000,-0.057389,-0.025047,0.998038,0,0.83948,-0.22804,50.369,-0.456,-1,400.000,-1,450.000,-1,325.000,350.000,300.000,325.000,-1,-1,-1,-1,875.000,-1,-1,-1,2,0,2,0,2,0,0,0,0,2,2,2,2,0,2,2,2
28,4677.327,6355.587,-404.476,-34.111,0.825635,0.560635,0.063358,-0.560979,0.827713,-0.013905,-0.060238,-0.024062,0.997894,0,0.83889,-0.22800,50.333,-0.456,-1,400.000,-1,450.000,-1,325.000,350.000,300.000,325.000,-1,-1,-1,-1,875.000,-1,-1,-1,2,0,2,0,2,0,0,0,0,2,2,2,2,0,2,2,2
29,4718.746,6327.049,-407.469,-34.567,0.821002,0.567215,0.064985,-0.567431,0.823248,-0.016867,-0.063066,-0.023026,0.997744,0,0.83829,-0.22786,50.298,-0.456,-1,400.000,-1,450.000,-1,325.000,350.000,300.000,325.000,-1,-1,-1,-1,875.000,-1,-1,-1,2,0,2,0,2,0,0,0,0,2,2,2,2,0,2,2,2
30,4759.908,6298.203,-410.521,-35.022,0.816316,0.573751,0.066617,-0.573830,0.818734,-0.019857,-0.065935,-0.022017,0.997581,0,0.83771,-0.22763,50.263,-0.455,-1,400.000,-1,450.000,-1,325.000,350.000,300.000,325.000,-1,-1,-1,-1,875.000,-1,-1,-1,2,0,2,0,2,0,0,0,0,2,2,2,2,0,2,2,2
31,4800.812,6269.052,-413.642,-35.477,0.811579,0.580242,0.068256,-0.580169,0.814173,-0.022925,-0.068874,-0.020995,0.997404,0,0.83715,-0.22731,50.229,-0.455,-1,400.000,-1,450.000,-1,325.000,350.000,300.000,325.000,-1,-1,-1,-1,875.000,1000.000,-1,-1,2,0,2,0,2,0,0,0,0,2,2,2,2,0,0,2,2
32,4841.458,6239.595,-416.944,-35.930,0.806801,0.586690,0.069763,-0.586418,0.809576,-0.026480,-0.072014,-0.019546,0.997212,0,0.83661,-0.22691,50.196,-0.454,-1,400.000,-1,450.000,-1,325.000,350.000,300.000,325.000,-1,-1,-1,-1,850.000,975.000,-1,-1,2,0,2,0,2,0,0,0,0,2,2,2,2,0,0,2,2
33,4881.845,6209.837,-420.642,-36.383,0.802108,0.593099,0.069693,-0.592558,0.804953,-0.030429,-0.074147,-0.016890,0.997104,0,0.83609,-0.22642,50.166,-0.453,-1,425.000,-1,450.000,-1,350.000,350.000,300.000,325.000,-1,-1,-1,-1,850.000,950.000,-1,-1,2,0,2,0,2,0,0,0,0,2,2,2,2,0,0,2,2
34,4921.972,6179.779,-424.717,-36.835,0.797246,0.599438,0.071219,-0.598683,0.800269,-0.033897,-0.077313,-0.015613,0.996885,0,0.83561,-0.22584,50.137,-0.452,-1,400.000,-1,425.000,-1,325.000,350.000,300.000,300.000,-1,-1,-1,-1,850.000,925.000,-1,-1,2,0,2,0,2,0,0,0,0,2,2,2,2,0,0,2,2
35,4961.842,6149.422,-428.868,-37.285,0.792339,0.605720,0.072816,-0.604743,0.795546,-0.037314,-0.080530,-0.014469,0.996647,0,0.83516,-0.22517,50.110,-0.450,-1,400.000,-1,425.000,-1,325.000,350.000,300.000,300.000,-1,-1,-1,-1,850.000,900.000,-1,-1,2,0,2,0,2,0,0,0,0,2,2,2,2,0,0,2,2
36,5001.452,6118.770,-433.062,-37.734,0.787402,0.611943,0.074317,-0.610732,0.790789,-0.040724,-0.083689,-0.013322,0.996403,0,0.83476,-0.22442,50.085,-0.449,-1,400.000,-1,425.000,-1,325.000,350.000,300.000,300.000,-1,-1,-1,-1,825.000,875.000,-1,-1,2,0,2,0,2,0,0,0,0,2,2,2,2,0,0,2,2
37,5040.806,6087.822,-437.428,-38.181,0.782443,0.618101,0.075720,-0.616703,0.785996,-0.043455,-0.086375,-0.012695,0.996182,0,0.83439,-0.22359,50.064,-0.447,-1,400.000,-1,425.000,-1,325.000,325.000,300.000,300.000,-1,-1,-1,-1,825.000,850.000,-1,-1,2,0,2,0,2,0,0,0,0,2,2,2,2,0,0,2,2
38,5079.902,6056.582,-441.862,-38.627,0.777460,0.624196,0.077037,-0.622614,0.781173,-0.046046,-0.088921,-0.012166,0.995964,0,0.83408,-0.22267,50.045,-0.445,-1,400.000,-1,425.000,-1,325.000,325.000,300.000,300.000,-1,-1,-1,-1,800.000,850.000,-1,-1,2,0,2,0,2,0,0,0,0,2,2,2,2,0,0,2,2
39,5118.744,6025.050,-446.344,-39.070,0.772456,0.630226,0.078273,-0.628457,0.776324,-0.048598,-0.091392,-0.011652,0.995747,0,0.83381,-0.22168,50.029,-0.443,-1,400.000,-1,425.000,-1,325.000,325.000,300.000,300.000,-1,-1,-1,-1,800.000,825.000,-1,-1,2,0,2,0,2,0,0,0,0,2,2,2,2,0,0,2,2
40,5157.331,5993.228,-450.876,-39.511,0.767433,0.636189,0.079438,-0.634231,0.771453,-0.051106,-0.093796,-0.011161,0.995529,0,0.83360,-0.22060,50.016,-0.441,-1,400.000,-1,400.000,-1,325.000,325.000,300.000,300.000,-1,-1,-1,-1,775.000,800.000,-1,-1,2,0,2,0,2,0,0,0,0,2,2,2,2,0,0,2,2
41,5195.667,5961.117,-455.471,-39.950,0.762390,0.642083,0.080573,-0.639933,0.766561,-0.053578,-0.096166,-0.010714,0.995308,0,0.83344,-0.21945,50.006,-0.439,-1,400.000,-1,400.000,-1,325.000,325.000,300.000,300.000,-1,-1,-1,-1,775.000,800.000,-1,-1,2,0,2,0,2,0,0,0,0,2,2,2,2,0,0,2,2
42,5233.981,5928.649,-460.122,-40.278,0.758573,0.646465,0.081548,-0.644110,0.762878,-0.056035,-0.098436,-0.010019,0.995093,0,0.83700,-0.16401,50.220,-0.328,-1,400.000,-1,400.000,-1,325.000,325.000,300.000,300.000,-1,-1,-1,-1,750.000,775.000,-1,-1,2,0,2,0,2,0,0,0,0,2,2,2,2,0,0,2,2
43,5272.078,5895.987,-464.796,-40.607,0.754731,0.650842,0.082377,-0.648283,0.759156,-0.058407,-0.100551,-0.009322,0.994888,0,0.83637,-0.16461,50.182,-0.329,-1,400.000,-1,400.000,-1,325.000,325.000,300.000,300.000,-1,-1,-1,-1,750.000,750.000,-1,-1,2,0,2,0,2,0,0,0,0,2,2,2,2,0,0,2,2
44,5310.442,5862.713,-469.553,-40.936,0.750881,0.655192,0.083070,-0.652429,0.755414,-0.060718,-0.102534,-0.008606,0.994692,0,0.84637,-0.16438,50.782,-0.329,-1,400.000,-1,400.000,-1,325.000,325.000,300.000,300.000,-1,-1,-1,-1,725.000,750.000,-1,-1,2,0,2,0,2,0,0,0,0,2,2,2,2,0,0,2,2
45,5348.598,5829.236,-474.409,-41.262,0.747088,0.659487,0.083284,-0.656515,0.751678,-0.062998,-0.104149,-0.007613,0.994533,0,0.84600,-0.16307,50.760,-0.326,-1,400.000,-1,400.000,-1,325.000,325.000,300.000,300.000,-1,-1,-1,-1,725.000,725.000,-1,-1,2,0,2,0,2,0,0,0,0,2,2,2,2,0,0,2,2
46,5386.543,5795.563,-479.546,-41.586,0.743320,0.663725,0.083332,-0.660675,0.747939,-0.063991,-0.104800,-0.007489,0.994465,0,0.84552,-0.16191,50.731,-0.324,-1,375.000,-1,375.000,-1,325.000,325.000,300.000,300.000,-1,-1,-1,-1,700.000,725.000,-1,-1,2,0,2,0,2,0,0,0,0,2,2,2,2,0,0,2,2
47,5424.273,5761.701,-484.814,-41.908,0.739558,0.667913,0.083346,-0.664861,0.744198,-0.064262,-0.104947,-0.007888,0.994447,0,0.84495,-0.16088,50.697,-0.322,-1,375.000,-1,375.000,-1,325.000,325.000,300.000,300.000,-1,-1,-1,-1,700.000,700.000,-1,-1,2,0,2,0,2,0,0,0,0,2,2,2,2,0,0,2,2
48,5461.783,5727.655,-490.080,-42.228,0.735801,0.672057,0.083292,-0.669006,0.740454,-0.064490,-0.105015,-0.008270,0.994436,0,0.84429,-0.16000,50.657,-0.320,-1,375.000,-1,375.000,-1,300.000,300.000,300.000,300.000,-1,-1,-1,-1,675.000,675.000,-1,-1,2,0,2,0,2,0,0,0,0,2,2,2,2,0,0,2,2
49,5499.072,5693.432,-495.343,-42.546,0.732045,0.676161,0.083170,-0.673116,0.736704,-0.064676,-0.105003,-0.008638,0.994434,0,0.84355,-0.15926,50.613,-0.319,-1,375.000,-1,375.000,-1,300.000,300.000,300.000,300.000,-1,-1,-1,-1,675.000,675.000,-1,-1,2,0,2,0,2,0,0,0,0,2,2,2,2,0,0,2,2
50,5536.135,5659.034,-500.473,-42.864,0.728285,0.680225,0.083032,-0.677256,0.732942,-0.064197,-0.104526,-0.009480,0.994477,0,0.84276,-0.15867,50.565,-0.317,-1,375.000,-1,375.000,-1,300.000,300.000,300.000,300.000,-1,-1,-1,-1,675.000,650.000,-1,-1,2,0,2,0,2,0,0,0,0,2,2,2,2,0,0,2,2
51,5572.970,5624.468,-505.572,-43.180,0.724520,0.684257,0.082846,-0.681379,0.729167,-0.063553,-0.103895,-0.010404,0.994534,0,0.84191,-0.15823,50.515,-0.316,-1,375.000,-1,375.000,1000.000,300.000,300.000,300.000,300.000,-1,-1,-1,-1,650.000,650.000,-1,-1,2,0,2,0,0,0,0,0,0,2,2,2,2,0,0,2,2
52,5609.576,5589.735,-510.612,-43.496,0.720769,0.688261,0.082402,-0.685479,0.725377,-0.062818,-0.103008,-0.011208,0.994617,0,0.84103,-0.15794,50.462,-0.316,-1,375.000,-1,375.000,975.000,300.000,300.000,300.000,300.000,-1,-1,-1,-1,650.000,650.000,-1,1000.000,2,0,2,0,0,0,0,0,0,2,2,2,2,0,0,2,0
53,5645.951,5554.839,-515.564,-43.812,0.717049,0.692241,0.081507,-0.689563,0.721570,-0.061961,-0.101705,-0.011775,0.994745,0,0.84013,-0.15779,50.408,-0.316,-1,375.000,-1,375.000,950.000,300.000,300.000,300.000,300.000,-1,-1,-1,-1,650.000,625.000,-1,975.000,2,0,2,0,0,0,0,0,0,2,2,2,2,0,0,2,0
54,5682.094,5519.781,-520.479,-44.127,0.713322,0.696200,0.080480,-0.693630,0.717742,-0.061024,-0.100249,-0.012294,0.994886,0,0.83922,-0.15779,50.353,-0.316,-1,375.000,-1,375.000,950.000,300.000,300.000,300.000,300.000,-1,-1,-1,-1,625.000,625.000,-1,975.000,2,0,2,0,0,0,0,0,0,2,2,2,2,0,0,2,0
55,5715.125,5487.657,-524.943,-44.203,0.712513,0.697146,0.079450,-0.694661,0.716822,-0.060101,-0.098851,-0.012368,0.995025,0,0.76793,-0.03779,46.076,-0.076,-1,375.000,-1,375.000,925.000,300.000,300.000,300.000,300.000,-1,-1,-1,-1,625.000,625.000,-1,950.000,2,0,2,0,0,0,0,0,0,2,2,2,2,0,0,2,0
56,5748.217,5455.657,-529.363,-44.038,0.714638,0.695089,0.078384,-0.692676,0.718823,-0.059109,-0.097430,-0.012053,0.995169,0,0.76723,0.08221,46.034,0.164,-1,375.000,-1,375.000,900.000,300.000,300.000,300.000,300.000,-1,-1,-1,-1,625.000,600.000,-1,925.000,2,0,2,0,0,0,0,0,0,2,2,2,2,0,0,2,0
57,5781.509,5423.916,-533.743,-43.634,0.719669,0.690004,0.077279,-0.687651,0.723717,-0.058050,-0.095983,-0.011364,0.995318,0,0.76665,0.20221,45.999,0.404,-1,350.000,-1,375.000,875.000,300.000,300.000,300.000,325.000,-1,-1,-1,-1,625.000,600.000,1000.000,900.000,2,0,2,0,0,0,0,0,0,2,2,2,2,0,0,0,0
58,5815.137,5392.569,-538.049,-42.990,0.727559,0.681829,0.075939,-0.679522,0.731441,-0.056960,-0.094382,-0.010160,0.995484,0,0.76622,0.32221,45.973,0.644,-1,350.000,-1,350.000,850.000,300.000,300.000,325.000,325.000,-1,-1,-1,-1,600.000,600.000,975.000,875.000,2,0,2,0,0,0,0,0,0,2,2,2,2,0,0,0,0
59,5849.230,5361.756,-542.127,-42.105,0.738280,0.670472,0.073548,-0.668176,0.741893,-0.055990,-0.092105,-0.007807,0.995719,0,0.76591,0.44221,45.954,0.884,-1,350.000,-1,350.000,850.000,300.000,300.000,325.000,325.000,-1,-1,-1,-1,600.000,575.000,975.000,850.000,2,0,2,0,0,0,0,0,0,2,2,2,2,0,0,0,0
60,5883.832,5331.533,-546.163,-41.135,0.749813,0.657826,0.071038,-0.655541,0.753151,-0.055039,-0.089708,-0.005299,0.995954,0,0.76572,0.48507,45.943,0.970,-1,350.000,-1,350.000,825.000,300.000,300.000,325.000,325.000,-1,700.000,675.000,-1,600.000,575.000,975.000,825.000,2,0,2,0,0,0,0,0,0,2,0,0,2,0,0,0,0
61,5918.934,5301.905,-549.932,-40.166,0.761113,0.644999,0.068434,-0.642822,0.764175,-0.053065,-0.086523,-0.003602,0.996243,0,0.76559,0.48453,45.935,0.969,-1,350.000,-1,350.000,825.000,300.000,300.000,325.000,300.000,-1,550.000,550.000,-1,625.000,575.000,1000.000,800.000,2,0,2,0,1,0,0,0,0,2,0,0,2,0,0,0,0
62,5954.527,5272.878,-553.471,-39.198,0.772180,0.632000,0.065684,-0.630005,0.774964,-0.050243,-0.082656,-0.002585,0.996575,0,0.76547,0.48396,45.928,0.968,-1,350.000,-1,350.000,800.000,300.000,300.000,325.000,300.000,-1,475.000,450.000,-1,625.000,575.000,-1,800.000,2,0,2,0,1,0,0,0,0,2,0,0,2,0,0,2,0
63,5986.727,5247.293,-556.585,-38.470,0.780377,0.622105,0.063221,-0.620269,0.782932,-0.047794,-0.079231,-0.001917,0.996854,0,0.68547,0.36396,41.128,0.728,-1,350.000,-1,350.000,775.000,300.000,300.000,325.000,300.000,-1,400.000,400.000,-1,625.000,575.000,-1,800.000,2,0,2,0,1,0,0,0,0,2,0,0,2,0,0,2,1
64,6015.360,5224.936,-559.218,-37.982,0.785811,0.615415,0.061365,-0.613727,0.788201,-0.045586,-0.076422,-0.001840,0.997074,0,0.60547,0.24396,36.328,0.488,-1,375.000,-1,350.000,750.000,300.000,300.000,325.000,300.000,-1,375.000,375.000,-1,625.000,575.000,-1,800.000,2,0,2,0,1,0,0,0,0,2,0,0,2,0,0,2,1
65,6040.294,5205.641,-561.472,-37.734,0.788601,0.611999,0.059717,-0.610442,0.790856,-0.043668,-0.073953,-0.002017,0.997260,0,0.52547,0.12396,31.528,0.248,-1,375.000,-1,350.000,750.000,300.000,300.000,325.000,300.000,-1,375.000,375.000,-1,625.000,575.000,-1,775.000,2,0,2,0,1,0,0,0,0,2,0,0,2,0,0,2,1
66,6061.435,5189.286,-563.355,-37.726,0.788792,0.611889,0.058301,-0.610450,0.790940,-0.042006,-0.071816,-0.002456,0.997415,0,0.44547,0.00396,26.728,0.008,-1,375.000,-1,350.000,725.000,300.000,300.000,325.000,300.000,-1,350.000,350.000,-1,625.000,575.000,-1,775.000,2,0,2,0,1,0,0,0,0,2,0,0,2,0,0,2,1
67,6078.724,5175.799,-564.873,-37.958,0.786387,0.615087,0.057135,-0.613755,0.788453,-0.040574,-0.070005,-0.003160,0.997542,0,0.36547,-0.11604,21.928,-0.232,-1,375.000,-1,350.000,725.000,300.000,300.000,325.000,300.000,-1,325.000,350.000,-1,625.000,575.000,-1,750.000,2,0,2,0,1,0,0,0,0,2,0,0,2,0,0,2,1
68,6092.142,5165.153,-566.034,-38.428,0.781373,0.621525,0.056236,-0.620292,0.783383,-0.039357,-0.068515,-0.004130,0.997642,0,0.28547,-0.23478,17.128,-0.470,-1,375.000,-1,350.000,725.000,300.000,300.000,325.000,300.000,-1,325.000,350.000,-1,625.000,575.000,-1,750.000,2,0,2,0,1,0,0,0,0,2,0,0,2,0,0,2,1
69,6101.737,5157.412,-566.837,-38.898,0.776280,0.627932,0.055599,-0.626768,0.778253,-0.038535,-0.067467,-0.004934,0.997709,0,0.20547,-0.23514,12.328,-0.470,-1,375.000,-1,350.000,700.000,300.000,300.000,325.000,300.000,-1,325.000,350.000,-1,625.000,575.000,-1,725.000,2,0,2,0,1,0,0,0,0,2,0,0,2,0,0,2,1
70,6107.557,5152.637,-567.315,-39.369,0.771111,0.634301,0.055226,-0.633189,0.773066,-0.037969,-0.066777,-0.005690,0.997752,0,0.12547,-0.23531,7.528,-0.471,-1,375.000,-1,350.000,700.000,300.000,300.000,325.000,300.000,-1,325.000,325.000,-1,625.000,575.000,-1,725.000,2,0,2,0,1,0,0,0,0,2,0,0,2,0,0,2,1
71,6109.652,5150.889,-567.474,-39.839,0.765872,0.640626,0.055118,-0.639550,0.767826,-0.037658,-0.066446,-0.006409,0.997769,0,0.04547,-0.23530,2.728,-0.471,-1,375.000,-1,350.000,700.000,300.000,300.000,325.000,300.000,-1,325.000,325.000,-1,625.000,575.000,1000.000,725.000,2,0,2,0,1,0,0,0,0,2,0,0,2,0,0,0,1
72,6108.072,5152.229,-567.315,-40.310,0.760567,0.646903,0.055273,-0.645848,0.762539,-0.037611,-0.066478,-0.007092,0.997763,0,-0.03453,-0.23512,-2.072,-0.470,-1,350.000,-1,350.000,725.000,300.000,300.000,325.000,300.000,-1,325.000,325.000,-1,625.000,575.000,1000.000,725.000,2,0,2,0,1,0,0,0,0,2,0,0,2,0,0,0,1
73,6105.749,5154.233,-567.092,-40.779,0.755213,0.653127,0.055484,-0.652088,0.757209,-0.037623,-0.066585,-0.007767,0.997751,0,-0.05113,-0.23476,-3.068,-0.470,-1,350.000,-1,350.000,725.000,300.000,300.000,325.000,300.000,-1,325.000,325.000,-1,600.000,575.000,1000.000,725.000,2,0,2,0,1,0,0,0,0,2,0,0,2,0,0,0,1
74,6103.439,5156.259,-566.870,-41.248,0.749818,0.659296,0.055696,-0.658275,0.751836,-0.037640,-0.066690,-0.008440,0.997738,0,-0.05121,-0.23438,-3.072,-0.469,-1,350.000,-1,350.000,725.000,300.000,300.000,325.000,300.000,-1,325.000,325.000,-1,600.000,575.000,1000.000,725.000,2,0,2,0,1,0,0,0,0,2,0,0,2,0,0,0,1
75,6101.142,5158.307,-566.648,-41.716,0.744380,0.665411,0.055909,-0.664407,0.746421,-0.037663,-0.066793,-0.009111,0.997725,0,-0.05128,-0.23400,-3.077,-0.468,-1,350.000,-1,350.000,725.000,300.000,300.000,325.000,300.000,-1,325.000,325.000,-1,600.000,575.000,975.000,725.000,2,0,2,0,1,0,0,0,0,2,0,0,2,0,0,0,1
76,6098.859,5160.376,-566.428,-42.183,0.738902,0.671472,0.056124,-0.670484,0.740966,-0.037691,-0.066895,-0.009780,0.997712,0,-0.05137,-0.23362,-3.082,-0.467,-1,350.000,-1,350.000,750.000,300.000,300.000,325.000,300.000,-1,325.000,325.000,-1,600.000,575.000,975.000,725.000,2,0,2,0,1,0,0,0,0,2,0,0,2,0,0,0,1
77,6096.588,5162.468,-566.200,-42.650,0.733382,0.677478,0.056338,-0.676505,0.735469,-0.037764,-0.067019,-0.010417,0.997697,0,-0.05146,-0.23325,-3.087,-0.467,-1,350.000,-1,350.000,750.000,300.000,300.000,325.000,300.000,-1,325.000,325.000,-1,600.000,575.000,975.000,725.000,2,0,2,0,1,0,0,0,0,2,0,0,2,0,0,0,1
78,6094.330,5164.582,-565.973,-43.116,0.727823,0.683430,0.056551,-0.682471,0.729933,-0.037843,-0.067142,-0.011051,0.997682,0,-0.05155,-0.23288,-3.093,-0.466,-1,350.000,-1,350.000,750.000,300.000,300.000,325.000,300.000,-1,325.000,325.000,-1,600.000,575.000,975.000,725.000,2,0,2,0,1,0,0,0,0,2,0,0,2,0,0,0,1
79,6092.086,5166.719,-565.746,-43.581,0.722223,0.689327,0.056765,-0.688382,0.724356,-0.037929,-0.067263,-0.011683,0.997667,0,-0.05165,-0.23252,-3.099,-0.465,-1,350.000,-1,350.000,775.000,300.000,300.000,325.000,300.000,-1,325.000,325.000,-1,600.000,575.000,950.000,725.000,2,0,2,0,1,0,0,0,0,2,0,0,2,0,0,0,1
80,6089.854,5168.877,-565.521,-44.045,0.716585,0.695169,0.056979,-0.694238,0.718741,-0.038019,-0.067383,-0.012313,0.997651,0,-0.05175,-0.23216,-3.105,-0.464,-1,350.000,-1,350.000,775.000,300.000,300.000,325.000,300.000,-1,325.000,325.000,-1,600.000,575.000,950.000,750.000,2,0,2,0,1,0,0,0,0,2,0,0,2,0,0,0,1
81,6087.635,5171.059,-565.295,-44.509,0.710907,0.700956,0.057193,-0.700039,0.713087,-0.038116,-0.067501,-0.012940,0.997635,0,-0.05186,-0.23181,-3.112,-0.464,-1,350.000,-1,350.000,775.000,300.000,300.000,325.000,300.000,-1,325.000,325.000,-1,600.000,575.000,950.000,750.000,2,0,2,0,1,0,0,0,0,2,0,0,2,0,0,0,1
82,6085.429,5173.263,-565.071,-44.971,0.705192,0.706689,0.057407,-0.705785,0.707394,-0.038218,-0.067617,-0.013566,0.997619,0,-0.05197,-0.23146,-3.118,-0.463,-1,350.000,-1,350.000,800.000,300.000,300.000,325.000,300.000,-1,325.000,325.000,-1,600.000,575.000,950.000,750.000,2,0,2,0,1,0,0,0,0,2,0,0,2,0,0,0,1
83,6083.236,5175.490,-564.847,-45.434,0.699438,0.712366,0.057620,-0.711476,0.701664,-0.038326,-0.067732,-0.014189,0.997603,0,-0.05209,-0.23111,-3.125,-0.462,-1,350.000,-1,350.000,800.000,300.000,300.000,325.000,300.000,-1,325.000,325.000,-1,600.000,575.000,950.000,750.000,2,0,2,0,1,0,0,0,0,2,0,0,2,0,0,0,1
84,6081.056,5177.739,-564.624,-45.895,0.693648,0.717989,0.057833,-0.717112,0.695897,-0.038439,-0.067845,-0.014810,0.997586,0,-0.05221,-0.23077,-3.133,-0.462,-1,350.000,-1,350.000,825.000,300.000,300.000,325.000,300.000,-1,325.000,325.000,-1,600.000,575.000,925.000,750.000,2,0,2,0,1,0,0,0,0,2,0,0,2,0,0,0,1
85,6078.889,5180.012,-564.402,-46.356,0.687820,0.723556,0.058046,-0.722693,0.690093,-0.038558,-0.067956,-0.015428,0.997569,0,-0.05234,-0.23043,-3.140,-0.461,-1,350.000,-1,350.000,825.000,300.000,300.000,325.000,300.000,-1,325.000,325.000,-1,600.000,575.000,925.000,750.000,2,0,2,0,1,0,0,0,0,2,0,0,2,0,0,0,1
86,6076.734,5182.308,-564.180,-46.816,0.681957,0.729069,0.058258,-0.728219,0.684252,-0.038683,-0.068066,-0.016045,0.997552,0,-0.05247,-0.23010,-3.148,-0.460,-1,350.000,-1,350.000,850.000,300.000,300.000,325.000,300.000,-1,325.000,325.000,-1,600.000,575.000,925.000,750.000,2,0,2,0,1,0,0,0,0,2,0,0,2,0,0,0,1
87,6074.593,5184.626,-563.959,-47.276,0.676057,0.734526,0.058470,-0.733689,0.678376,-0.038814,-0.068174,-0.016658,0.997534,0,-0.05261,-0.22977,-3.156,-0.460,-1,350.000,-1,350.000,875.000,300.000,300.000,325.000,300.000,-1,325.000,325.000,-1,600.000,575.000,925.000,750.000,2,0,2,0,1,0,0,0,0,2,0,0,2,0,0,0,1
88,6072.464,5186.969,-563.739,-47.735,0.670122,0.739928,0.058680,-0.739104,0.672465,-0.038950,-0.068281,-0.017269,0.997517,0,-0.05275,-0.22944,-3.165,-0.459,-1,350.000,-1,350.000,875.000,300.000,300.000,325.000,300.000,-1,325.000,350.000,-1,600.000,600.000,925.000,750.000,2,0,2,0,1,0,0,0,0,2,0,0,2,0,0,0,1
89,6070.349,5189.334,-563.519,-48.193,0.664152,0.745274,0.058890,-0.744463,0.666518,-0.039093,-0.068386,-0.017878,0.997499,0,-0.05289,-0.22912,-3.174,-0.458,-1,350.000,-1,350.000,900.000,300.000,300.000,325.000,300.000,-1,325.000,350.000,-1,600.000,600.000,900.000,775.000,2,0,2,0,1,0,0,0,0,2,0,0,2,0,0,0,1
90,6068.247,5191.724,-563.300,-48.651,0.658148,0.750566,0.059098,-0.749767,0.660537,-0.039241,-0.068489,-0.018484,0.997481,0,-0.05304,-0.22881,-3.183,-0.458,-1,350.000,-1,350.000,900.000,300.000,300.000,325.000,300.000,-1,325.000,350.000,-1,600.000,600.000,900.000,775.000,2,0,2,0,0,0,0,0,0,2,0,0,2,0,0,0,1
91,6069.301,5190.497,-563.398,-49.348,0.648941,0.758537,0.059131,-0.757788,0.651337,-0.038960,-0.068066,-0.019526,0.997490,0,0.02696,-0.34881,1.617,-0.698,1000.000,350.000,-1,350.000,900.000,300.000,300.000,325.000,300.000,-1,325.000,325.000,-1,600.000,600.000,900.000,775.000,0,0,2,0,0,0,0,0,0,2,0,0,2,0,0,0,1
92,6073.401,5185.560,-563.810,-50.286,0.636434,0.769071,0.059005,-0.768407,0.638818,-0.038242,-0.067104,-0.021001,0.997525,0,0.10696,-0.46881,6.417,-0.938,975.000,350.000,-1,350.000,925.000,300.000,300.000,325.000,300.000,-1,325.000,325.000,-1,600.000,600.000,900.000,775.000,0,0,2,0,0,0,0,0,0,2,0,0,2,0,0,0,1
93,6080.398,5176.793,-564.533,-51.411,0.621214,0.781437,0.058738,-0.780890,0.623567,-0.037087,-0.065608,-0.022828,0.997584,0,0.18696,-0.56262,11.217,-1.125,975.000,350.000,-1,350.000,925.000,300.000,300.000,300.000,325.000,-1,325.000,325.000,-1,600.000,600.000,875.000,775.000,0,0,2,0,0,0,0,0,0,2,0,0,2,0,0,0,1
94,6090.142,5164.080,-565.558,-52.535,0.605787,0.793487,0.058318,-0.793077,0.608085,-0.035523,-0.063649,-0.024731,0.997666,0,0.26696,-0.56221,16.017,-1.124,950.000,350.000,-1,350.000,925.000,300.000,300.000,300.000,325.000,-1,325.000,325.000,-1,600.000,600.000,875.000,775.000,0,0,2,0,0,0,0,0,0,2,0,0,2,0,0,0,1
95,6102.478,5147.312,-566.839,-53.659,0.590158,0.805222,0.057716,-0.804954,0.592379,-0.033718,-0.061340,-0.026559,0.997763,0,0.34696,-0.56185,20.817,-1.124,925.000,350.000,1000.000,350.000,950.000,300.000,300.000,300.000,325.000,-1,300.000,300.000,-1,600.000,600.000,875.000,775.000,0,0,1,0,0,0,0,0,0,2,0,0,2,0,0,0,1
96,6117.252,5126.384,-568.356,-54.782,0.574335,0.816639,0.056928,-0.816514,0.576456,-0.031691,-0.058697,-0.028281,0.997875,0,0.42696,-0.56151,25.617,-1.123,925.000,350.000,975.000,350.000,975.000,300.000,300.000,300.000,325.000,-1,300.000,300.000,-1,600.000,600.000,850.000,800.000,0,0,1,0,0,0,0,0,0,2,0,0,2,0,1,0,1
97,6134.303,5101.196,-570.116,-55.905,0.558322,0.827733,0.055994,-0.827756,0.560321,-0.029328,-0.055650,-0.029975,0.998000,0,0.50696,-0.56118,30.417,-1.122,900.000,350.000,950.000,350.000,975.000,300.000,300.000,300.000,300.000,-1,300.000,300.000,-1,575.000,600.000,850.000,775.000,0,0,1,0,0,0,0,0,0,2,0,0,2,0,1,0,1
98,6153.471,5071.651,-572.101,-57.026,0.542127,0.838500,0.054920,-0.838674,0.543983,-0.026630,-0.052205,-0.031623,0.998136,0,0.58696,-0.56084,35.217,-1.122,875.000,350.000,925.000,350.000,1000.000,300.000,300.000,300.000,300.000,-1,300.000,275.000,-1,575.000,575.000,850.000,775.000,0,0,1,0,0,0,0,0,0,2,0,0,2,0,1,0,1
99,6174.590,5037.661,-574.116,-58.147,0.525808,0.848958,0.052885,-0.849251,0.527461,-0.023625,-0.047952,-0.032490,0.998321,0,0.66696,-0.56046,40.017,-1.121,875.000,350.000,875.000,350.000,-1,300.000,300.000,300.000,300.000,-1,275.000,275.000,-1,575.000,575.000,850.000,775.000,0,0,1,0,2,0,0,0,0,2,0,0,2,0,1,0,1
100,6197.652,4999.233,-575.872,-59.028,0.512989,0.857003,0.048863,-0.857313,0.514369,-0.020943,-0.043081,-0.031147,0.998586,0,0.74696,-0.44046,44.817,-0.881,925.000,350.000,850.000,350.000,-1,300.000,300.000,300.000,300.000,-1,275.000,250.000,-1,600.000,575.000,900.000,775.000,0,0,1,0,2,0,0,0,0,2,0,0,2,0,1,0,1
101,6222.623,4956.358,-577.760,-59.782,0.501972,0.863740,0.044463,-0.864052,0.503080,-0.017996,-0.037913,-0.029385,0.998849,0,0.82696,-0.37678,49.617,-0.754,950.000,350.000,800.000,375.000,-1,300.000,300.000,300.000,300.000,-1,275.000,250.000,-1,600.000,550.000,900.000,750.000,0,0,1,0,2,0,0,0,0,2,0,0,2,0,1,1,1
102,6248.867,4909.905,-579.706,-60.535,0.490864,0.870328,0.039779,-0.870630,0.491714,-0.014861,-0.032493,-0.027338,0.999098,0,0.88923,-0.37651,53.354,-0.753,1000.000,350.000,775.000,375.000,-1,300.000,300.000,300.000,300.000,-1,275.000,225.000,-1,600.000,525.000,825.000,700.000,0,0,1,1,2,0,0,0,0,2,0,0,2,0,1,1,1
103,6274.609,4862.907,-581.569,-61.287,0.479646,0.876759,0.035121,-0.877042,0.480271,-0.011742,-0.027163,-0.025171,0.999314,0,0.89310,-0.37618,53.586,-0.752,1000.000,350.000,725.000,350.000,-1,300.000,300.000,325.000,300.000,-1,275.000,225.000,-1,575.000,500.000,775.000,675.000,1,0,1,1,2,0,0,0,0,2,0,0,2,1,1,1,1
104,6299.843,4815.370,-583.295,-62.038,0.468324,0.883027,0.030596,-0.883289,0.468754,-0.008398,-0.021758,-0.023092,0.999497,0,0.89700,-0.37574,53.820,-0.751,925.000,350.000,700.000,350.000,-1,300.000,300.000,325.000,275.000,-1,250.000,225.000,-1,550.000,500.000,700.000,650.000,1,0,1,1,2,0,1,0,0,2,0,0,2,1,1,1,1
105,6324.560,4767.298,-584.748,-62.789,0.456908,0.889120,0.026474,-0.889372,0.457164,-0.004244,-0.015877,-0.021606,0.999640,0,0.90091,-0.37519,54.054,-0.750,825.000,375.000,650.000,325.000,-1,300.000,275.000,325.000,275.000,-1,250.000,225.000,-1,500.000,475.000,650.000,625.000,1,0,1,1,2,0,1,0,0,2,0,0,2,1,1,1,1
106,6348.752,4718.696,-585.744,-63.538,0.445364,0.895024,0.024119,-0.895280,0.445504,-0.000473,-0.011169,-0.021383,0.999709,0,0.90483,-0.37452,54.290,-0.749,750.000,350.000,600.000,300.000,-1,300.000,275.000,325.000,275.000,-1,275.000,225.000,-1,450.000,450.000,575.000,575.000,1,1,1,1,2,1,1,0,0,2,0,0,2,1,1,1,1
107,6372.410,4669.570,-586.340,-64.285,0.433728,0.900743,0.023267,-0.901013,0.433783,0.002905,-0.007476,-0.022224,0.999725,0,0.90877,-0.37373,54.526,-0.747,650.000,325.000,550.000,300.000,-1,275.000,250.000,325.000,275.000,-1,300.000,250.000,-1,425.000,425.000,525.000,550.000,1,1,1,1,2,1,1,0,0,2,0,0,2,1,1,1,1
108,6395.527,4619.926,-586.044,-65.031,0.422095,0.906230,0.024146,-0.906550,0.421987,0.009683,-0.001414,-0.025977,0.999662,0,0.91271,-0.37279,54.762,-0.746,575.000,300.000,525.000,275.000,-1,250.000,250.000,300.000,300.000,-1,300.000,275.000,-1,375.000,400.000,450.000,525.000,1,1,1,1,2,1,1,0,0,2,0,0,2,1,1,1,1
109,6418.097,4569.771,-585.314,-65.774,0.410485,0.911500,0.025898,-0.911850,0.410135,0.017858,0.005656,-0.030945,0.999505,0,0.91665,-0.37170,54.999,-0.743,475.000,275.000,475.000,275.000,-1,225.000,225.000,300.000,300.000,-1,300.000,275.000,-1,350.000,375.000,400.000,525.000,1,1,1,1,2,1,1,0,0,2,0,0,2,1,1,1,1
110,6440.110,4519.111,-584.276,-66.515,0.398919,0.916549,0.028297,-0.916889,0.398237,0.026868,0.013357,-0.036663,0.999238,0,0.92059,-0.37045,55.236,-0.741,400.000,250.000,450.000,250.000,-1,200.000,225.000,300.000,325.000,-1,275.000,300.000,-1,300.000,375.000,325.000,525.000,1,1,1,1,2,1,1,0,0,2,0,0,2,1,1,1,1
111,6461.560,4467.954,-582.424,-67.253,0.387339,0.921446,0.030088,-0.921720,0.386333,0.034324,0.020003,-0.041027,0.998958,0,0.92453,-0.36900,55.472,-0.738,325.000,225.000,425.000,250.000,-1,200.000,200.000,300.000,325.000,-1,275.000,325.000,-1,275.000,350.000,275.000,500.000,1,1,1,1,2,1,1,0,0,2,0,0,2,1,1,1,1
112,6482.434,4416.304,-576.234,-67.988,0.375602,0.926703,0.012069,-0.925892,0.374639,0.048670,0.040581,-0.029455,0.998742,0,0.92844,-0.36735,55.707,-0.735,300.000,200.000,425.000,250.000,-1,200.000,200.000,325.000,325.000,-1,250.000,275.000,-1,275.000,350.000,250.000,600.000,1,1,1,1,2,1,1,0,0,2,0,0,2,1,1,1,1
113,6502.735,4364.175,-568.735,-68.719,0.363043,0.931715,-0.010337,-0.929492,0.362908,0.065902,0.065153,-0.014317,0.997773,0,0.93233,-0.36545,55.940,-0.731,300.000,200.000,425.000,250.000,-1,200.000,200.000,375.000,325.000,-1,200.000,200.000,825.000,275.000,375.000,250.000,850.000,1,1,1,1,2,1,1,0,0,2,0,0,0,1,1,1,1
114,-8199.152,1639.831,-63.978,75.656,0.247620,-0.968811,0.009470,0.968713,0.247740,0.014851,-0.016733,0.005496,0.999845,1,0.00000,0.00000,56.170,-0.727,-1,375.000,-1,375.000,-1,300.000,300.000,325.000,325.000,-1,525.000,550.000,-1,775.000,725.000,-1,-1,2,0,2,0,2,0,0,0,0,2,0,0,2,0,0,2,2
115,-8197.983,1644.486,-64.060,75.896,0.243562,-0.969840,0.009354,0.969744,0.243680,0.014727,-0.016563,0.005484,0.999848,0,0.08000,0.12000,4.800,0.240,-1,375.000,-1,375.000,-1,300.000,300.000,325.000,325.000,-1,525.000,550.000,-1,775.000,725.000,-1,-1,2,0,2,0,2,0,0,0,0,2,0,0,2,0,0,2,2
116,-8195.721,1653.816,-64.222,76.376,0.235433,-0.971848,0.009124,0.971755,0.235547,0.014482,-0.016223,0.005457,0.999854,0,0.16000,0.24000,9.600,0.480,-1,375.000,-1,375.000,-1,300.000,300.000,325.000,325.000,-1,525.000,550.000,-1,775.000,725.000,-1,-1,2,0,2,0,2,0,0,0,0,2,0,0,2,0,0,2,2
117,-8192.489,1667.848,-64.463,77.026,0.224400,-0.974458,0.008785,0.974370,0.224507,0.014112,-0.015723,0.005393,0.999862,0,0.24000,0.32500,14.400,0.650,-1,375.000,-1,375.000,-1,300.000,300.000,325.000,325.000,-1,525.000,550.000,-1,800.000,750.000,-1,-1,2,0,2,0,2,0,0,0,0,2,0,0,2,0,0,2,2
118,-8188.390,1686.606,-64.777,77.674,0.213364,-0.976937,0.008353,0.976857,0.213462,0.013607,-0.015076,0.005256,0.999873,0,0.32000,0.32428,19.200,0.649,-1,375.000,-1,375.000,-1,300.000,300.000,325.000,325.000,-1,525.000,550.000,-1,800.000,750.000,-1,-1,2,0,2,0,2,0,0,0,0,2,0,0,2,0,0,2,2
119,-8183.532,1710.109,-65.162,78.321,0.202334,-0.979285,0.007830,0.979212,0.202423,0.012969,-0.014285,0.005043,0.999885,0,0.40000,0.32334,24.000,0.647,-1,375.000,-1,375.000,-1,300.000,300.000,325.000,325.000,-1,525.000,575.000,-1,800.000,750.000,-1,-1,2,0,2,0,2,0,0,0,0,2,0,0,2,0,0,2,2
120,-8178.020,1738.376,-65.614,78.966,0.191319,-0.981501,0.007220,0.981437,0.191396,0.012200,-0.013356,0.004752,0.999900,0,0.48000,0.32221,28.800,0.644,-1,400.000,-1,375.000,-1,300.000,300.000,325.000,325.000,-1,550.000,575.000,-1,825.000,750.000,-1,-1,2,0,2,0,2,0,0,0,0,2,0,0,2,0,0,2,2
121,-8171.958,1771.425,-66.131,79.607,0.180327,-0.983585,0.006528,0.983530,0.180392,0.011302,-0.012294,0.004383,0.999915,0,0.56000,0.32087,33.600,0.642,-1,400.000,-1,375.000,-1,300.000,300.000,325.000,325.000,-1,550.000,575.000,-1,825.000,775.000,-1,-1,2,0,2,0,2,0,0,0,0,2,0,0,2,0,0,2,2
122,-8165.600,1808.415,-66.697,80.246,0.169365,-0.985537,0.005775,0.985491,0.169417,0.010299,-0.011129,0.003947,0.999930,0,0.62555,0.31933,37.533,0.639,-1,400.000,-1,400.000,-1,325.000,325.000,325.000,325.000,-1,550.000,600.000,-1,850.000,775.000,-1,-1,2,0,2,0,2,0,0,0,0,2,0,0,2,0,0,2,2
123,-8159.650,1845.480,-67.252,80.881,0.158438,-0.987356,0.005039,0.987318,0.158480,0.009303,-0.009984,0.003502,0.999944,0,0.62565,0.31764,37.539,0.635,-1,400.000,-1,400.000,-1,325.000,325.000,325.000,325.000,-1,550.000,600.000,-1,850.000,800.000,-1,-1,2,0,2,0,2,0,0,0,0,2,0,0,2,0,0,2,2
124,-8153.229,1887.329,-67.859,81.277,0.151634,-0.988428,0.004235,0.988398,0.151665,0.008163,-0.008711,0.002949,0.999958,0,0.70565,0.19764,42.339,0.395,-1,400.000,-1,400.000,-1,325.000,325.000,325.000,325.000,-1,525.000,600.000,-1,875.000,800.000,-1,-1,2,0,2,0,2,0,0,0,0,2,0,0,2,0,0,2,2
125,-8146.206,1933.942,-68.461,81.432,0.148963,-0.988836,0.003604,0.988815,0.148985,0.007006,-0.007465,0.002520,0.999969,0,0.78565,0.07764,47.139,0.155,-1,400.000,-1,400.000,-1,325.000,325.000,325.000,325.000,-1,500.000,575.000,-1,900.000,825.000,-1,-1,2,0,2,0,2,0,0,0,0,2,0,0,2,0,0,2,2
126,-8138.392,1985.289,-69.257,81.347,0.150434,-0.988617,0.002464,0.988594,0.150448,0.006922,-0.007214,0.001394,0.999973,0,0.86565,-0.04236,51.939,-0.085,-1,400.000,-1,400.000,-1,325.000,325.000,325.000,325.000,-1,500.000,600.000,-1,900.000,825.000,-1,-1,2,0,2,0,2,0,0,0,0,2,0,0,2,0,0,2,2
127,-8129.575,2041.339,-70.106,81.060,0.155398,-0.987851,0.001433,0.987818,0.155405,0.008035,-0.008160,0.000167,0.999967,0,0.94565,-0.14370,56.739,-0.287,-1,400.000,-1,400.000,-1,325.000,325.000,325.000,325.000,-1,575.000,675.000,-1,900.000,825.000,-1,-1,2,0,2,0,2,0,0,0,0,2,0,0,2,0,0,2,2
128,-8120.450,2097.483,-71.088,80.769,0.160407,-0.987050,0.001101,0.987003,0.160410,0.009713,-0.009764,-0.000472,0.999952,0,0.94801,-0.14520,56.881,-0.290,-1,400.000,-1,400.000,-1,325.000,325.000,325.000,325.000,-1,700.000,825.000,-1,900.000,825.000,-1,-1,2,0,2,0,2,0,0,0,0,2,0,0,2,0,0,2,2
129,-8111.041,2153.570,-72.050,80.476,0.165460,-0.986216,0.000819,0.986151,0.165459,0.011401,-0.011380,-0.001079,0.999935,0,0.94785,-0.14660,56.871,-0.293,-1,400.000,-1,400.000,-1,325.000,325.000,325.000,300.000,-1,825.000,925.000,-1,900.000,825.000,-1,-1,2,0,2,0,2,0,0,0,0,2,0,0,2,0,0,2,2
130,-8101.344,2209.593,-72.992,80.180,0.170554,-0.985348,0.000589,0.985262,0.170547,0.013101,-0.013009,-0.001654,0.999914,0,0.94759,-0.14788,56.856,-0.296,-1,400.000,-1,400.000,-1,325.000,325.000,325.000,300.000,-1,975.000,-1,-1,900.000,825.000,-1,-1,2,0,2,0,2,0,0,0,0,2,0,2,2,0,0,2,2
131,-8091.360,2265.544,-73.911,79.882,0.175684,-0.984446,0.000413,0.984337,0.175671,0.014811,-0.014653,-0.002195,0.999890,0,0.94726,-0.14904,56.835,-0.298,-1,400.000,-1,400.000,-1,325.000,325.000,325.000,300.000,-1,-1,-1,-1,875.000,825.000,-1,-1,2,0,2,0,2,0,0,0,0,2,2,2,2,0,0,2,2
132,-8081.087,2321.419,-74.808,79.582,0.180846,-0.983511,0.000293,0.983376,0.180826,0.016533,-0.016313,-0.002702,0.999863,0,0.94685,-0.15009,56.811,-0.300,-1,400.000,-1,400.000,-1,325.000,325.000,325.000,300.000,-1,-1,-1,-1,875.000,825.000,-1,-1,2,0,2,0,2,0,0,0,0,2,2,2,2,0,0,2,2
133,-8070.525,2377.210,-75.680,79.280,0.186034,-0.982543,0.000229,0.982379,0.186007,0.018266,-0.017990,-0.003173,0.999833,0,0.94637,-0.15101,56.782,-0.302,-1,400.000,-1,400.000,-1,325.000,325.000,325.000,300.000,-1,-1,-1,-1,875.000,825.000,-1,-1,2,0,2,0,2,0,0,0,0,2,2,2,2,0,0,2,2
