timestep,x_cm,y_cm,z_cm,yaw_deg,basis_xx,basis_xy,basis_xz,basis_yx,basis_yy,basis_yz,basis_zx,basis_zy,basis_zz,teleport_flag,throttle_cmd,steering_cmd,cmd_move_cm,cmd_turn_deg,lidar_cm_0,lidar_cm_1,lidar_cm_2,lidar_cm_3,lidar_cm_4,lidar_cm_5,lidar_cm_6,lidar_cm_7,lidar_cm_8,lidar_cm_9,lidar_cm_10,lidar_cm_11,lidar_cm_12,lidar_cm_13,lidar_cm_14,lidar_cm_15,lidar_cm_16,lidar_class_0,lidar_class_1,lidar_class_2,lidar_class_3,lidar_class_4,lidar_class_5,lidar_class_6,lidar_class_7,lidar_class_8,lidar_class_9,lidar_class_10,lidar_class_11,lidar_class_12,lidar_class_13,lidar_class_14,lidar_class_15,lidar_class_16
0,-1644.229,-9512.942,-248.035,-156.361,-0.915338,0.400962,0.037218,-0.400964,-0.916061,0.007730,0.037194,-0.007847,0.999277,1,0.08000,-0.09117,4.800,-0.182,575.000,400.000,-1,400.000,575.000,325.000,325.000,300.000,300.000,-1,-1,-1,-1,725.000,800.000,700.000,-1,1,0,2,0,1,0,0,0,0,2,2,2,2,1,0,1,2
1,-1653.020,-9516.800,-247.660,-156.303,-0.914937,0.401883,0.037157,-0.401889,-0.915656,0.007644,0.037095,-0.007940,0.999280,0,0.16000,0.02883,9.600,0.058,550.000,400.000,-1,400.000,575.000,325.000,325.000,300.000,300.000,-1,-1,-1,-1,700.000,800.000,700.000,-1,1,0,2,0,1,0,0,0,0,2,2,2,2,1,0,1,2
2,-1666.176,-9522.656,-247.099,-156.006,-0.912839,0.406634,0.037062,-0.406648,-0.913554,0.007502,0.036908,-0.008223,0.999285,0,0.24000,0.14883,14.400,0.298,550.000,400.000,-1,400.000,575.000,325.000,325.000,300.000,300.000,-1,-1,-1,-1,700.000,800.000,675.000,-1,1,0,2,0,1,0,0,0,0,2,2,2,2,1,0,1,2
3,-1683.663,-9530.583,-246.356,-155.616,-0.910054,0.412841,0.036938,-0.412865,-0.910763,0.007321,0.036664,-0.008588,0.999291,0,0.32000,0.19498,19.200,0.390,525.000,400.000,-1,400.000,575.000,325.000,325.000,300.000,300.000,-1,-1,-1,-1,700.000,800.000,675.000,-1,1,0,2,0,1,0,0,0,0,2,2,2,2,1,0,1,2
4,-1705.453,-9540.643,-245.432,-155.217,-0.907166,0.419161,0.036793,-0.419197,-0.907868,0.007113,0.036385,-0.008970,0.999298,0,0.40000,0.19916,24.000,0.398,525.000,400.000,-1,400.000,600.000,325.000,325.000,300.000,300.000,-1,-1,-1,-1,675.000,800.000,650.000,-1,1,0,2,0,1,0,0,0,0,2,2,2,2,1,0,1,2
5,-1731.513,-9552.902,-244.333,-154.808,-0.904153,0.425636,0.036630,-0.425683,-0.904846,0.006886,0.036076,-0.009367,0.999305,0,0.48000,0.20470,28.800,0.409,500.000,400.000,-1,400.000,625.000,325.000,325.000,300.000,300.000,-1,-1,-1,-1,675.000,800.000,625.000,-1,1,0,2,0,1,0,0,0,0,2,2,2,2,1,0,1,2
6,-1761.811,-9567.428,-243.062,-154.385,-0.900989,0.432308,0.036456,-0.432367,-0.901673,0.006650,0.035746,-0.009771,0.999313,0,0.56000,0.21168,33.600,0.423,475.000,400.000,-1,400.000,650.000,325.000,325.000,300.000,300.000,-1,-1,-1,-1,650.000,800.000,575.000,-1,1,0,2,0,1,0,0,0,0,2,2,2,2,1,0,1,2
7,-1796.187,-9584.236,-241.631,-153.944,-0.897645,0.439223,0.036277,-0.439294,-0.898320,0.006417,0.035406,-0.010176,0.999321,0,0.63775,0.22016,38.265,0.440,450.000,400.000,-1,400.000,725.000,325.000,325.000,300.000,300.000,-1,-1,-1,-1,625.000,800.000,550.000,-1,1,0,2,0,1,0,0,0,0,2,2,2,2,1,0,1,2
8,-1830.224,-9601.214,-240.216,-153.489,-0.894124,0.446347,0.036282,-0.446429,-0.894797,0.006258,0.035258,-0.010601,0.999322,0,0.63395,0.22768,38.037,0.455,425.000,400.000,-1,400.000,-1,325.000,325.000,300.000,300.000,-1,-1,-1,-1,625.000,800.000,525.000,-1,1,0,2,0,2,0,0,0,0,2,2,2,2,1,0,1,2
9,-1863.932,-9618.376,-238.852,-153.019,-0.890424,0.453675,0.036378,-0.453763,-0.891100,0.006277,0.035265,-0.010918,0.999318,0,0.63043,0.23516,37.826,0.470,400.000,400.000,-1,400.000,-1,325.000,325.000,300.000,300.000,-1,-1,-1,-1,600.000,800.000,500.000,-1,1,0,2,0,2,0,0,0,0,2,2,2,2,1,0,1,2
10,-1897.323,-9635.734,-237.516,-152.533,-0.886544,0.461207,0.036427,-0.461300,-0.887222,0.006323,0.035235,-0.011198,0.999316,0,0.62720,0.24272,37.632,0.485,375.000,400.000,-1,400.000,-1,325.000,325.000,300.000,300.000,-1,-1,-1,-1,600.000,800.000,475.000,-1,1,0,2,0,2,0,0,0,0,2,2,2,2,1,0,1,2
11,-1930.404,-9653.299,-236.333,-152.032,-0.882498,0.468944,0.035888,-0.469026,-0.883159,0.006628,0.034803,-0.010983,0.999334,0,0.62427,0.25036,37.456,0.501,350.000,400.000,-1,400.000,-1,325.000,325.000,300.000,300.000,-1,-1,-1,-1,575.000,775.000,425.000,-1,1,0,2,0,2,0,0,0,0,2,2,2,2,1,0,1,2
12,-1963.187,-9671.087,-235.149,-151.516,-0.878253,0.476882,0.035431,-0.476955,-0.878901,0.006891,0.034426,-0.010847,0.999348,0,0.62162,0.25807,37.297,0.516,325.000,375.000,-1,400.000,-1,325.000,325.000,300.000,300.000,-1,-1,-1,-1,550.000,775.000,400.000,-1,1,0,2,0,2,0,0,1,0,2,2,2,2,1,0,1,2
13,-1995.678,-9689.109,-233.961,-150.985,-0.873802,0.485017,0.035055,-0.485085,-0.874438,0.007114,0.034104,-0.010788,0.999360,0,0.61926,0.26583,37.155,0.532,300.000,375.000,-1,400.000,-1,325.000,325.000,300.000,300.000,-1,-1,-1,-1,550.000,775.000,375.000,-1,1,1,2,0,2,0,0,1,0,2,2,2,2,1,0,1,2
14,-2031.409,-9709.287,-232.643,-150.545,-0.870068,0.491706,0.034729,-0.491768,-0.870695,0.007330,0.033843,-0.010701,0.999370,0,0.68391,0.21961,41.035,0.439,275.000,375.000,-1,400.000,-1,325.000,325.000,275.000,275.000,-1,-1,-1,-1,525.000,775.000,350.000,-1,1,1,2,0,2,0,0,1,1,2,2,2,2,1,0,1,2
15,-2067.072,-9729.810,-231.295,-150.080,-0.866057,0.498758,0.034421,-0.498815,-0.866676,0.007537,0.033591,-0.010642,0.999379,0,0.68578,0.23255,41.147,0.465,250.000,350.000,-1,400.000,-1,325.000,325.000,275.000,275.000,-1,-1,-1,-1,525.000,775.000,300.000,-1,1,1,2,0,2,0,0,1,1,2,2,2,2,1,0,1,2
16,-2102.661,-9750.700,-229.909,-149.588,-0.861754,0.506179,0.034094,-0.506230,-0.862363,0.007749,0.033324,-0.010582,0.999389,0,0.68778,0.24590,41.267,0.492,225.000,350.000,-1,400.000,-1,325.000,325.000,275.000,250.000,-1,-1,-1,-1,525.000,750.000,275.000,-1,1,1,2,0,2,0,0,1,1,2,2,2,2,1,0,1,2
17,-2138.168,-9771.976,-228.162,-149.069,-0.857123,0.513982,0.034095,-0.513972,-0.857752,0.009722,0.034243,-0.009191,0.999371,0,0.68989,0.25967,41.393,0.519,200.000,325.000,-1,400.000,-1,325.000,325.000,250.000,250.000,-1,-1,-1,-1,525.000,750.000,250.000,-1,1,1,2,0,2,0,0,1,1,2,2,2,2,1,0,1,2
18,-2170.210,-9791.758,-224.846,-148.310,-0.850171,0.525326,0.035234,-0.524931,-0.850900,0.020396,0.040695,-0.001155,0.999171,0,0.62760,0.37967,37.656,0.759,200.000,350.000,-1,400.000,-1,325.000,325.000,250.000,250.000,-1,-1,-1,-1,550.000,800.000,275.000,-1,1,1,2,0,2,1,0,1,1,2,2,2,2,1,0,1,2
19,-2202.020,-9812.173,-221.538,-147.310,-0.840843,0.540075,0.036090,-0.539229,-0.841592,0.030919,0.047071,0.006538,0.998870,0,0.62995,0.49967,37.797,0.999,200.000,350.000,-1,425.000,-1,325.000,350.000,250.000,250.000,-1,-1,-1,-1,600.000,825.000,300.000,-1,1,1,2,0,2,1,0,1,1,2,2,2,2,1,0,1,2
20,-2233.521,-9833.366,-218.239,-146.071,-0.828962,0.558109,0.036549,-0.556754,-0.829651,0.041277,0.053361,0.013868,0.998479,0,0.63275,0.61967,37.965,1.239,200.000,350.000,-1,425.000,-1,325.000,350.000,250.000,250.000,-1,725.000,450.000,-1,675.000,850.000,300.000,-1,1,1,2,0,2,1,0,1,1,2,0,0,2,1,0,1,2
21,-2264.627,-9855.483,-214.937,-144.592,-0.814317,0.579271,0.036512,-0.577352,-0.814867,0.051536,0.059606,0.020886,0.998003,0,0.63612,0.73967,38.167,1.479,225.000,350.000,-1,450.000,-1,325.000,350.000,250.000,275.000,-1,525.000,325.000,-1,875.000,875.000,325.000,-1,1,1,2,0,2,1,0,1,1,2,0,0,2,0,0,1,2
22,-2295.249,-9878.670,-211.617,-142.872,-0.796662,0.603360,0.035872,-0.600828,-0.796989,0.061759,0.065853,0.027648,0.997446,0,0.64014,0.85967,38.409,1.719,225.000,375.000,-1,450.000,-1,350.000,375.000,250.000,275.000,-1,425.000,250.000,-1,925.000,900.000,375.000,-1,1,1,2,0,2,1,1,1,1,2,0,0,2,1,0,1,2
23,-2325.282,-9903.071,-208.264,-140.913,-0.775723,0.630128,0.034516,-0.626935,-0.775737,0.072009,0.072150,0.034220,0.996807,0,0.64494,0.97967,38.696,1.959,225.000,375.000,-1,475.000,-1,350.000,375.000,250.000,300.000,-1,375.000,200.000,-1,975.000,925.000,-1,-1,1,1,2,0,2,1,1,1,0,2,0,0,2,1,0,2,2
24,-2354.701,-9928.729,-204.879,-138.913,-0.753479,0.656665,0.032563,-0.652797,-0.753099,0.081844,0.078267,0.040411,0.996113,0,0.65058,1.00000,39.035,2.000,225.000,375.000,-1,475.000,-1,350.000,375.000,250.000,275.000,-1,325.000,150.000,750.000,1000.000,950.000,-1,-1,1,1,2,0,2,1,1,1,0,2,0,0,0,1,0,2,2
25,-2383.475,-9955.651,-201.617,-136.913,-0.730400,0.682359,0.030031,-0.677758,-0.729520,0.091898,0.084616,0.046769,0.995315,0,0.65673,1.00000,39.404,2.000,225.000,400.000,-1,475.000,-1,350.000,400.000,250.000,275.000,-1,300.000,125.000,475.000,-1,975.000,-1,-1,1,1,2,0,2,1,1,1,0,2,0,0,1,2,0,2,2
26,-2411.567,-9983.838,-198.456,-134.913,-0.706528,0.707174,0.026899,-0.701791,-0.705033,0.102068,0.091144,0.053236,0.994414,0,0.66326,1.00000,39.796,2.000,225.000,400.000,-1,500.000,-1,375.000,425.000,250.000,275.000,-1,250.000,100.000,350.000,-1,1000.000,-1,-1,1,1,2,0,2,1,0,1,0,2,0,0,1,2,0,2,2
27,-2438.938,-10013.290,-195.280,-132.913,-0.681884,0.731092,0.023219,-0.724927,-0.679686,0.111839,0.097547,0.059429,0.993455,0,0.67010,1.00000,40.206,2.000,225.000,425.000,-1,500.000,-1,400.000,425.000,250.000,275.000,-1,225.000,75.000,325.000,-1,-1,-1,-1,1,1,2,0,2,1,0,1,0,2,0,0,1,2,2,2,2
28,-2465.541,-10043.999,-192.084,-130.913,-0.656499,0.754087,0.019019,-0.747146,-0.653514,0.121217,0.103837,0.065369,0.992444,0,0.67716,1.00000,40.629,2.000,225.000,425.000,-1,525.000,-1,400.000,450.000,250.000,275.000,-1,225.000,50.000,300.000,-1,-1,-1,-1,1,1,2,0,2,1,0,1,0,2,0,0,1,2,2,2,2
29,-2493.738,-10078.641,-188.611,-129.153,-0.633589,0.773516,0.015417,-0.765734,-0.629812,0.130339,0.110529,0.070776,0.991350,0,0.74445,0.88000,44.667,1.760,225.000,450.000,-1,525.000,-1,425.000,450.000,250.000,275.000,-1,200.000,50.000,325.000,-1,-1,-1,-1,1,1,2,0,2,1,0,1,0,2,0,0,1,2,2,2,2
30,-2521.256,-10114.341,-184.972,-127.633,-0.613304,0.789734,0.013363,-0.781051,-0.608905,0.138543,0.117549,0.074532,0.990266,0,0.75123,0.76000,45.074,1.520,250.000,475.000,-1,550.000,-1,475.000,475.000,225.000,275.000,-1,200.000,50.000,325.000,-1,-1,-1,-1,1,1,2,0,2,1,0,1,0,2,0,0,1,2,2,2,2
31,-2548.177,-10150.930,-181.810,-126.353,-0.596067,0.802871,0.010127,-0.793454,-0.590915,0.145778,0.123025,0.078858,0.989266,0,0.75708,0.64000,45.425,1.280,250.000,550.000,-1,550.000,-1,525.000,475.000,225.000,250.000,-1,175.000,50.000,350.000,-1,975.000,-1,-1,1,1,2,0,2,1,0,1,0,2,0,0,1,2,1,2,2
32,2296.343,-8199.208,-291.382,-94.888,-0.063709,0.945651,0.318882,-0.995886,-0.080877,0.040875,0.064443,-0.314966,0.946913,1,0.00000,0.00000,45.705,1.040,325.000,225.000,-1,575.000,-1,175.000,250.000,725.000,-1,-1,0.000,0.000,-1,375.000,-1,275.000,-1,1,1,2,0,2,1,0,1,2,2,1,0,2,1,2,1,2
33,-2948.220,3604.316,-226.893,-43.667,0.723133,0.690279,-0.024354,-0.690615,0.723166,-0.009039,0.011372,0.023355,0.999663,1,0.08000,0.12000,4.800,0.240,-1,400.000,-1,400.000,-1,325.000,325.000,325.000,300.000,-1,-1,-1,-1,975.000,750.000,-1,-1,2,0,2,0,2,0,0,0,0,2,2,2,2,1,0,2,2
34,-2941.220,3597.746,-226.746,-43.187,0.728896,0.684200,-0.024122,-0.684531,0.728926,-0.009140,0.011329,0.023174,0.999667,0,0.16000,0.24000,9.600,0.480,-1,400.000,-1,400.000,-1,325.000,325.000,325.000,300.000,-1,-1,-1,-1,975.000,750.000,-1,-1,2,0,2,0,2,0,0,0,0,2,2,2,2,1,0,2,2
35,-2930.598,3588.023,-226.522,-42.467,0.737444,0.674990,-0.023778,-0.675315,0.737471,-0.009282,0.011270,0.022903,0.999674,0,0.24000,0.36000,14.400,0.720,-1,400.000,-1,400.000,-1,325.000,325.000,325.000,300.000,-1,-1,-1,-1,1000.000,750.000,-1,-1,2,1,2,0,2,0,0,0,0,2,2,2,2,1,0,2,2
36,-2916.220,3575.299,-226.225,-41.507,0.748658,0.662545,-0.023363,-0.662861,0.748682,-0.009462,0.011222,0.022570,0.999682,0,0.32000,0.48000,19.200,0.960,-1,400.000,-1,400.000,-1,325.000,325.000,325.000,300.000,-1,-1,-1,-1,1000.000,725.000,-1,-1,2,1,2,0,2,0,0,0,0,2,2,2,2,1,0,2,2
37,-2897.918,3559.774,-225.883,-40.307,0.762377,0.646724,-0.023020,-0.647035,0.762398,-0.009694,0.011281,0.022285,0.999688,0,0.40000,0.60000,24.000,1.200,-1,425.000,-1,400.000,-1,325.000,325.000,325.000,300.000,-1,-1,-1,-1,-1,725.000,-1,-1,2,1,2,0,2,0,0,0,0,2,2,2,2,2,0,2,2
38,-2875.494,3541.701,-225.456,-38.867,0.778397,0.627366,-0.022604,-0.627670,0.778416,-0.009942,0.011358,0.021927,0.999695,0,0.48000,0.72000,28.800,1.440,-1,450.000,-1,400.000,-1,325.000,325.000,325.000,300.000,-1,-1,-1,-1,-1,725.000,-1,-1,2,1,2,0,2,0,0,0,0,2,2,2,2,2,0,2,2
39,-2848.726,3521.393,-225.010,-37.187,0.796461,0.604284,-0.022124,-0.604576,0.796487,-0.009820,0.011687,0.021197,0.999707,0,0.56000,0.84000,33.600,1.680,-1,475.000,-1,400.000,-1,325.000,325.000,325.000,300.000,-1,-1,-1,-1,-1,725.000,-1,-1,2,1,2,0,2,0,0,0,0,2,2,2,2,2,0,2,2
40,-2817.374,3499.221,-224.499,-35.267,0.816267,0.577271,-0.021606,-0.577548,0.816302,-0.009501,0.012153,0.020234,0.999721,0,0.64000,0.96000,38.400,1.920,-1,525.000,-1,400.000,-1,325.000,325.000,325.000,300.000,-1,-1,-1,-1,-1,725.000,-1,-1,2,1,2,0,2,1,0,0,0,2,2,2,2,2,0,2,2
41,-2781.254,3475.524,-223.896,-33.267,0.835922,0.548443,-0.021080,-0.548702,0.835969,-0.009084,0.012640,0.019160,0.999737,0,0.72000,1.00000,43.200,2.000,-1,550.000,-1,375.000,-1,350.000,325.000,325.000,300.000,-1,-1,-1,-1,-1,750.000,-1,-1,2,1,2,0,2,1,0,0,0,2,2,2,2,2,0,2,2
42,-2740.226,3450.610,-223.195,-31.267,0.854560,0.518945,-0.020565,-0.519186,0.854618,-0.008569,0.013129,0.017999,0.999752,0,0.80000,1.00000,48.000,2.000,-1,600.000,-1,400.000,-1,375.000,325.000,300.000,300.000,-1,-1,-1,-1,-1,750.000,-1,-1,2,1,2,0,2,1,1,0,0,2,2,2,2,2,0,2,2
43,-2695.695,3425.652,-223.559,-29.267,0.872249,0.488846,-0.014520,-0.488962,0.872286,-0.005716,0.009871,0.012085,0.999878,0,0.85080,1.00000,51.048,2.000,-1,625.000,-1,375.000,-1,375.000,325.000,300.000,300.000,-1,-1,-1,-1,-1,725.000,-1,-1,2,1,2,0,2,1,1,0,0,2,2,2,2,2,0,2,2
44,-2650.073,3402.137,-225.808,-27.267,0.888880,0.458139,0.000536,-0.458139,0.888879,0.001693,0.000299,-0.001751,0.999998,0,0.85543,1.00000,51.326,2.000,-1,600.000,-1,375.000,-1,375.000,325.000,275.000,325.000,-1,-1,-1,-1,-1,700.000,-1,-1,2,1,2,0,2,1,1,0,0,2,2,2,2,2,0,2,2
45,-2599.417,3377.970,-228.174,-25.507,0.902414,0.430565,0.016194,-0.430752,0.902409,0.010575,-0.010060,-0.016518,0.999813,0,0.93543,0.88000,56.126,1.760,-1,575.000,-1,350.000,-1,350.000,300.000,250.000,325.000,-1,-1,-1,-1,-1,650.000,-1,-1,2,1,2,0,2,1,1,0,0,2,2,2,2,2,0,2,2
46,-2544.806,3353.676,-230.587,-23.987,0.913175,0.406329,0.031770,-0.407042,0.913181,0.020434,-0.020709,-0.031591,0.999286,0,0.99618,0.76000,59.771,1.520,-1,550.000,-1,325.000,-1,350.000,300.000,200.000,350.000,-1,-1,-1,-1,-1,600.000,-1,-1,2,1,2,0,2,1,1,0,0,2,2,2,2,2,0,2,2
47,-2489.471,3330.530,-233.013,-22.707,0.921500,0.385622,0.046183,-0.387137,0.921537,0.029911,-0.031025,-0.045442,0.998485,0,0.99967,0.64000,59.980,1.280,-1,525.000,-1,300.000,-1,325.000,275.000,200.000,350.000,-1,-1,-1,-1,-1,550.000,-1,-1,2,1,2,0,2,1,1,1,0,2,2,2,2,2,0,2,2
48,-2433.706,3308.387,-235.469,-21.667,0.927651,0.368597,0.059996,-0.371128,0.927793,0.038261,-0.041561,-0.057759,0.997465,0,1.00000,0.52000,60.000,1.040,-1,475.000,-1,300.000,-1,325.000,275.000,225.000,350.000,-1,-1,-1,-1,-1,525.000,-1,-1,2,1,2,0,2,1,1,1,0,2,2,2,2,2,0,2,2
49,-2377.636,3287.027,-237.535,-20.867,0.931912,0.355331,0.072666,-0.359077,0.932124,0.046997,-0.051035,-0.069890,0.996248,0,1.00000,0.40000,60.000,0.800,-1,-1,-1,275.000,-1,300.000,250.000,250.000,375.000,-1,-1,-1,-1,-1,475.000,-1,-1,2,2,2,0,2,1,1,1,0,2,2,2,2,2,0,2,2
50,-2321.284,3266.423,-239.468,-20.097,0.935719,0.342479,0.084484,-0.347577,0.936022,0.055244,-0.060158,-0.081058,0.994892,0,1.00000,0.38510,60.000,0.770,-1,-1,-1,250.000,-1,300.000,225.000,250.000,375.000,-1,-1,-1,-1,-1,450.000,-1,650.000,2,2,2,0,2,1,1,1,0,2,2,2,2,2,0,2,1
51,-2264.651,3246.604,-241.220,-19.303,0.939440,0.329165,0.095409,-0.335740,0.939815,0.063454,-0.068780,-0.091644,0.993414,0,1.00000,0.39721,60.000,0.794,-1,-1,-1,250.000,-1,275.000,225.000,275.000,400.000,-1,-1,-1,-1,-1,425.000,-1,550.000,2,2,2,0,2,1,1,1,0,2,2,2,2,2,0,2,0
52,-2207.807,3227.621,-242.821,-18.481,0.943092,0.315352,0.105500,-0.323511,0.943504,0.071706,-0.076927,-0.101756,0.991831,0,0.99882,0.41055,59.929,0.821,-1,-1,-1,225.000,925.000,275.000,200.000,300.000,400.000,-1,-1,-1,-1,-1,850.000,-1,475.000,2,2,2,0,0,1,1,1,0,2,2,2,2,2,1,2,0
53,-6887.259,9511.051,-268.831,46.861,0.660674,-0.727418,-0.185396,0.726787,0.681643,-0.084522,0.187857,-0.078902,0.979022,1,0.00000,0.00000,59.650,0.850,-1,375.000,-1,250.000,150.000,275.000,250.000,250.000,575.000,250.000,0.000,150.000,-1,625.000,375.000,-1,175.000,2,1,2,1,1,1,1,0,1,0,0,0,2,1,1,2,1
54,1644.598,-328.518,-216.536,173.619,-0.993330,-0.111006,-0.031189,0.112383,-0.992574,-0.046550,-0.025790,-0.049744,0.998429,1,-0.08000,-0.12000,-4.800,-0.240,-1,400.000,-1,400.000,-1,325.000,325.000,300.000,300.000,-1,-1,-1,-1,750.000,750.000,-1,-1,2,0,2,0,2,0,0,0,0,2,2,2,2,0,0,2,2
55,1654.129,-329.665,-216.301,173.139,-0.992366,-0.119316,-0.031211,0.120688,-0.991599,-0.046541,-0.025395,-0.049952,0.998429,0,-0.16000,-0.24000,-9.600,-0.480,-1,400.000,-1,400.000,-1,325.000,325.000,300.000,300.000,-1,-1,-1,-1,750.000,750.000,-1,-1,2,0,2,0,2,0,0,0,0,2,2,2,2,0,0,2,2
56,1665.259,-331.146,-216.036,172.419,-0.990789,-0.131765,-0.031230,0.133127,-0.990007,-0.046510,-0.024789,-0.050239,0.998430,0,-0.18713,-0.36000,-11.228,-0.720,-1,400.000,-1,400.000,-1,325.000,325.000,300.000,300.000,-1,-1,-1,-1,750.000,750.000,-1,-1,2,0,2,0,2,0,0,0,0,2,2,2,2,0,0,2,2
57,1676.562,-332.844,-215.779,171.459,-0.988444,-0.148331,-0.031238,0.149679,-0.987643,-0.046449,-0.023963,-0.050588,0.998432,0,-0.19051,-0.48000,-11.431,-0.960,-1,400.000,-1,400.000,-1,325.000,325.000,300.000,300.000,-1,-1,-1,-1,750.000,750.000,-1,-1,2,0,2,0,2,0,0,0,0,2,2,2,2,0,0,2,2
58,1688.036,-334.799,-215.534,170.333,-0.985341,-0.167710,-0.031234,0.169040,-0.984518,-0.046366,-0.022974,-0.050966,0.998436,0,-0.19400,-0.56308,-11.640,-1.126,-1,400.000,-1,400.000,-1,325.000,325.000,300.000,300.000,-1,-1,-1,-1,750.000,750.000,-1,-1,2,0,2,0,2,0,0,0,0,2,2,2,2,0,0,2,2
59,1699.682,-337.017,-215.298,169.216,-0.981891,-0.186857,-0.031217,0.188168,-0.981046,-0.046278,-0.021978,-0.051314,0.998441,0,-0.19759,-0.55821,-11.856,-1.116,-1,400.000,-1,400.000,-1,325.000,325.000,300.000,300.000,-1,1000.000,-1,-1,750.000,750.000,-1,-1,2,0,2,0,2,0,0,0,0,2,1,2,2,0,0,2,2
60,1711.499,-339.505,-215.073,168.110,-0.978105,-0.205763,-0.031188,0.207054,-0.977239,-0.046186,-0.020974,-0.051632,0.998446,0,-0.20126,-0.55322,-12.076,-1.106,-1,400.000,-1,400.000,-1,325.000,325.000,300.000,300.000,-1,1000.000,1000.000,-1,750.000,750.000,-1,-1,2,0,2,0,2,0,0,0,0,2,1,1,2,0,0,2,2
61,1723.484,-342.269,-214.858,167.013,-0.973995,-0.224419,-0.031146,0.225689,-0.973109,-0.046089,-0.019965,-0.051920,0.998452,0,-0.20500,-0.54814,-12.300,-1.096,-1,400.000,-1,400.000,-1,325.000,325.000,300.000,300.000,-1,1000.000,975.000,-1,750.000,750.000,-1,-1,2,0,2,0,2,0,0,0,0,2,1,1,2,0,0,2,2
62,1735.637,-345.316,-214.655,165.928,-0.969574,-0.242817,-0.031091,0.244065,-0.968668,-0.045988,-0.018950,-0.052177,0.998458,0,-0.20882,-0.54295,-12.529,-1.086,-1,400.000,-1,400.000,-1,325.000,325.000,300.000,300.000,-1,975.000,975.000,-1,750.000,750.000,-1,-1,2,0,2,0,2,0,0,0,0,2,1,1,2,0,0,2,2
63,1747.954,-348.650,-214.464,164.852,-0.964854,-0.260950,-0.031022,0.262175,-0.963929,-0.045883,-0.017930,-0.052403,0.998465,0,-0.21269,-0.53765,-12.762,-1.075,-1,400.000,-1,400.000,-1,325.000,325.000,300.000,300.000,-1,975.000,950.000,-1,750.000,750.000,-1,-1,2,0,2,0,2,0,0,0,0,2,1,1,2,0,0,2,2
64,1760.435,-352.279,-214.285,163.788,-0.959848,-0.278810,-0.030939,0.280011,-0.958905,-0.045772,-0.016906,-0.052598,0.998473,0,-0.21664,-0.53225,-12.998,-1.064,-1,400.000,-1,400.000,-1,325.000,325.000,300.000,300.000,-1,975.000,950.000,-1,750.000,750.000,-1,-1,2,0,2,0,2,0,0,0,0,2,1,1,2,0,0,2,2
65,1773.077,-356.208,-214.118,162.734,-0.954569,-0.296390,-0.030842,0.297567,-0.953609,-0.045658,-0.015879,-0.052761,0.998481,0,-0.22064,-0.52674,-13.238,-1.053,-1,400.000,-1,400.000,-1,325.000,325.000,300.000,300.000,-1,975.000,925.000,-1,750.000,750.000,-1,-1,2,0,2,0,2,0,0,0,0,2,1,1,2,0,0,2,2
66,1785.876,-360.443,-213.965,161.692,-0.949030,-0.313684,-0.030729,0.314836,-0.948053,-0.045538,-0.014848,-0.052892,0.998490,0,-0.22470,-0.52112,-13.482,-1.042,-1,400.000,-1,400.000,-1,325.000,325.000,300.000,300.000,-1,950.000,925.000,-1,750.000,750.000,-1,-1,2,0,2,0,2,0,0,0,0,2,1,1,2,0,0,2,2
67,1798.830,-364.989,-213.826,160.661,-0.943244,-0.330687,-0.030600,0.331813,-0.942251,-0.045414,-0.013815,-0.052990,0.998499,0,-0.22881,-0.51540,-13.729,-1.031,-1,400.000,-1,400.000,-1,325.000,325.000,300.000,300.000,-1,950.000,925.000,-1,750.000,750.000,-1,-1,2,0,2,0,2,0,0,0,0,2,1,1,2,0,0,2,2
68,1811.913,-369.909,-213.710,159.390,-0.935693,-0.351502,-0.030430,0.352594,-0.934681,-0.045261,-0.012533,-0.053080,0.998512,0,-0.23297,-0.63540,-13.978,-1.271,-1,400.000,-1,400.000,-1,325.000,325.000,300.000,300.000,-1,950.000,900.000,-1,750.000,775.000,-1,-1,2,0,2,0,2,0,0,0,0,2,1,1,2,0,0,2,2
69,1825.095,-375.268,-213.622,157.880,-0.926118,-0.376022,-0.030212,0.377073,-0.925086,-0.045080,-0.010997,-0.053141,0.998526,0,-0.23717,-0.75540,-14.230,-1.511,-1,400.000,-1,400.000,-1,325.000,325.000,300.000,300.000,-1,950.000,900.000,-1,750.000,775.000,-1,-1,2,0,2,0,2,0,0,0,0,2,1,1,2,0,0,2,2
70,1838.360,-381.077,-213.560,156.347,-0.915753,-0.400623,-0.029961,0.401631,-0.914700,-0.044892,-0.009421,-0.053144,0.998542,0,-0.24136,-0.76611,-14.482,-1.532,-1,400.000,-1,400.000,-1,325.000,325.000,300.000,300.000,-1,950.000,900.000,-1,750.000,775.000,-1,-1,2,0,2,0,2,0,0,0,0,2,1,1,2,0,0,2,2
71,1851.690,-387.348,-213.478,154.803,-0.904648,-0.425129,-0.029626,0.426090,-0.903565,-0.044918,-0.007673,-0.053258,0.998551,0,-0.24553,-0.77223,-14.732,-1.544,-1,400.000,-1,400.000,-1,325.000,325.000,300.000,300.000,-1,925.000,900.000,-1,750.000,775.000,-1,-1,2,0,2,0,2,0,0,0,0,2,0,1,2,0,0,2,2
72,1865.066,-394.091,-213.421,153.246,-0.892791,-0.449520,-0.029266,0.450433,-0.891678,-0.044952,-0.005889,-0.053315,0.998560,0,-0.24966,-0.77844,-14.980,-1.557,-1,400.000,-1,400.000,-1,325.000,325.000,300.000,300.000,-1,875.000,875.000,-1,750.000,775.000,-1,-1,2,0,2,0,2,0,0,0,0,2,0,1,2,0,0,2,2
73,1878.467,-401.314,-213.342,151.677,-0.880168,-0.473769,-0.029104,0.474643,-0.879023,-0.045081,-0.004225,-0.053493,0.998559,0,-0.25374,-0.78473,-15.224,-1.569,-1,400.000,-1,400.000,-1,325.000,325.000,300.000,300.000,-1,825.000,875.000,-1,750.000,775.000,-1,-1,2,0,2,0,2,0,0,0,0,2,0,1,2,0,0,2,2
74,1891.872,-409.024,-213.242,150.094,-0.866773,-0.497851,-0.029146,0.498696,-0.865593,-0.045286,-0.002682,-0.053788,0.998549,0,-0.25774,-0.79110,-15.464,-1.582,-1,400.000,-1,400.000,-1,325.000,325.000,300.000,300.000,-1,800.000,850.000,-1,750.000,775.000,-1,-1,2,0,2,0,2,0,0,0,0,2,0,0,2,0,0,2,2
75,1905.256,-417.226,-213.155,148.499,-0.852600,-0.521744,-0.029252,0.522562,-0.851386,-0.045497,-0.001167,-0.054077,0.998536,0,-0.26163,-0.79753,-15.698,-1.595,-1,400.000,-1,400.000,-1,325.000,325.000,300.000,300.000,-1,775.000,825.000,-1,750.000,775.000,-1,-1,2,0,2,0,2,0,0,0,0,2,0,0,2,0,0,2,2
76,1918.594,-425.924,-213.087,146.891,-0.837645,-0.545422,-0.029404,0.546214,-0.836398,-0.045698,0.000331,-0.054340,0.998522,0,-0.26540,-0.80402,-15.924,-1.608,-1,400.000,-1,400.000,-1,325.000,325.000,300.000,300.000,-1,750.000,800.000,-1,750.000,750.000,-1,-1,2,0,2,0,2,0,0,0,0,2,0,0,2,0,0,2,2
77,1931.859,-435.119,-213.044,145.270,-0.821903,-0.568859,-0.029578,0.569625,-0.820624,-0.045878,0.001826,-0.054556,0.998509,0,-0.26901,-0.81056,-16.141,-1.621,-1,400.000,-1,400.000,-1,325.000,325.000,300.000,300.000,-1,725.000,775.000,-1,750.000,750.000,-1,-1,2,0,2,0,2,0,0,0,0,2,0,0,2,0,0,2,2
78,1945.022,-444.811,-213.027,143.636,-0.805369,-0.592026,-0.029771,0.592765,-0.804059,-0.046033,0.003315,-0.054721,0.998496,0,-0.27244,-0.81712,-16.346,-1.634,-1,400.000,-1,400.000,-1,325.000,325.000,300.000,300.000,-1,700.000,750.000,-1,750.000,750.000,-1,-1,2,0,2,0,2,0,0,0,0,2,0,0,2,0,0,2,2
79,1958.052,-454.995,-213.038,141.989,-0.788040,-0.614893,-0.029982,0.615605,-0.786702,-0.046159,0.004796,-0.054832,0.998484,0,-0.27565,-0.82370,-16.539,-1.647,-1,400.000,-1,400.000,-1,325.000,325.000,300.000,300.000,-1,675.000,725.000,-1,750.000,750.000,-1,-1,2,0,2,0,2,0,0,0,0,2,0,0,2,0,0,2,2
80,1970.919,-465.667,-213.078,140.328,-0.769916,-0.637430,-0.030206,0.638115,-0.768551,-0.046252,0.006268,-0.054885,0.998473,0,-0.27861,-0.83029,-16.717,-1.661,-1,400.000,-1,400.000,-1,325.000,325.000,300.000,300.000,-1,675.000,700.000,-1,750.000,750.000,-1,-1,2,0,2,0,2,0,0,0,0,2,0,0,2,0,0,2,2
81,1979.900,-473.499,-213.119,138.907,-0.753898,-0.656288,-0.030393,0.656949,-0.752512,-0.046303,0.007517,-0.054875,0.998465,0,-0.19861,-0.71029,-11.917,-1.421,-1,400.000,-1,400.000,-1,325.000,325.000,300.000,300.000,-1,650.000,700.000,-1,750.000,750.000,-1,-1,2,0,2,0,2,0,0,0,0,2,0,0,2,0,0,2,2
82,1985.166,-478.286,-213.147,137.727,-0.740234,-0.671655,-0.030538,0.672295,-0.738832,-0.046331,0.008556,-0.054826,0.998459,0,-0.11861,-0.59029,-7.117,-1.181,-1,400.000,-1,400.000,-1,325.000,325.000,300.000,300.000,-1,650.000,675.000,-1,750.000,750.000,-1,-1,2,0,2,0,2,0,0,0,0,2,0,0,2,0,0,2,2
83,1986.854,-479.872,-213.149,136.786,-0.729124,-0.683696,-0.030638,0.684317,-0.727710,-0.046347,0.009392,-0.054759,0.998455,0,-0.03861,-0.47029,-2.317,-0.941,-1,400.000,-1,400.000,-1,325.000,325.000,300.000,300.000,-1,650.000,675.000,-1,750.000,750.000,-1,-1,2,0,2,0,2,0,0,0,0,2,0,0,2,0,0,2,2
84,1985.065,-478.149,-213.117,136.086,-0.720722,-0.692545,-0.030692,0.693152,-0.719299,-0.046364,0.010033,-0.054690,0.998453,0,0.04139,-0.35029,2.483,-0.701,-1,400.000,-1,400.000,-1,325.000,325.000,300.000,300.000,-1,650.000,675.000,-1,750.000,750.000,-1,-1,2,0,2,0,2,0,0,0,0,2,0,0,2,0,0,2,2
85,1979.859,-473.056,-213.044,135.625,-0.715140,-0.698307,-0.030699,0.698903,-0.713711,-0.046387,0.010482,-0.054629,0.998452,0,0.12139,-0.23029,7.283,-0.461,-1,400.000,-1,400.000,-1,325.000,325.000,300.000,300.000,-1,650.000,675.000,-1,750.000,750.000,-1,-1,2,0,2,0,2,0,0,0,0,2,0,0,2,0,0,2,2
86,1971.255,-464.572,-212.930,135.404,-0.712451,-0.701051,-0.030659,0.701639,-0.711019,-0.046416,0.010741,-0.054581,0.998452,0,0.20139,-0.11029,12.083,-0.221,-1,400.000,-1,400.000,-1,325.000,325.000,300.000,300.000,-1,675.000,700.000,-1,750.000,750.000,-1,-1,2,0,2,0,2,0,0,0,0,2,0,0,2,0,0,2,2
87,1959.229,-452.722,-212.776,135.424,-0.712691,-0.700812,-0.030572,0.701395,-0.711258,-0.046450,0.010808,-0.054547,0.998453,0,0.28139,0.00971,16.883,0.019,-1,400.000,-1,400.000,-1,325.000,325.000,300.000,300.000,-1,675.000,700.000,-1,775.000,750.000,-1,-1,2,0,2,0,2,0,0,0,0,2,0,0,2,0,0,2,2
88,1943.715,-437.574,-212.588,135.683,-0.715855,-0.697585,-0.030436,0.698167,-0.714425,-0.046478,0.010678,-0.054521,0.998456,0,0.36139,0.12971,21.683,0.259,-1,400.000,-1,400.000,-1,325.000,325.000,300.000,300.000,-1,700.000,725.000,-1,775.000,750.000,-1,-1,2,0,2,0,2,0,0,0,0,2,0,0,2,0,0,2,2
89,1924.760,-419.078,-212.352,135.703,-0.716094,-0.697346,-0.030290,0.697920,-0.714664,-0.046511,0.010787,-0.054447,0.998458,0,0.44139,0.00971,26.483,0.019,-1,400.000,-1,400.000,-1,325.000,325.000,300.000,300.000,-1,725.000,750.000,-1,775.000,750.000,-1,-1,2,0,2,0,2,0,0,0,0,2,0,0,2,0,0,2,2
90,1902.454,-397.145,-212.061,135.482,-0.713412,-0.700097,-0.030131,0.700656,-0.711979,-0.046554,0.011139,-0.054324,0.998461,0,0.52139,-0.11029,31.283,-0.221,-1,400.000,-1,400.000,-1,325.000,325.000,300.000,300.000,-1,750.000,775.000,-1,775.000,750.000,-1,-1,2,0,2,0,2,0,0,0,0,2,0,0,2,0,0,2,2
91,1876.930,-371.639,-211.671,135.022,-0.707771,-0.705800,-0.030109,0.706345,-0.706330,-0.046628,0.011643,-0.054270,0.998458,0,0.60139,-0.23029,36.083,-0.461,-1,400.000,-1,400.000,-1,325.000,325.000,300.000,300.000,-1,775.000,800.000,-1,775.000,750.000,-1,-1,2,0,2,0,2,0,0,0,0,2,0,0,2,0,0,2,2
92,1848.366,-342.389,-211.144,134.321,-0.699107,-0.714394,-0.029851,0.714907,-0.697658,-0.046702,0.012538,-0.053990,0.998463,0,0.68139,-0.35029,40.883,-0.701,-1,400.000,-1,400.000,-1,325.000,325.000,300.000,300.000,-1,825.000,825.000,-1,775.000,750.000,-1,-1,2,0,2,0,2,0,0,0,0,2,0,0,2,0,0,2,2
93,1816.989,-309.186,-210.530,133.380,-0.687309,-0.725765,-0.029534,0.726236,-0.685850,-0.046811,0.013718,-0.053622,0.998467,0,0.76139,-0.47029,45.683,-0.941,-1,400.000,-1,400.000,-1,325.000,325.000,300.000,300.000,-1,850.000,850.000,-1,775.000,750.000,-1,-1,2,0,2,0,2,0,0,0,0,2,0,0,2,0,0,2,2
94,1783.078,-271.787,-209.828,132.200,-0.672238,-0.739758,-0.029221,0.740180,-0.670766,-0.046977,0.015152,-0.053208,0.998468,0,0.84139,-0.59029,50.483,-1.181,-1,400.000,-1,400.000,-1,325.000,325.000,300.000,300.000,-1,900.000,900.000,-1,775.000,750.000,-1,-1,2,0,2,0,2,0,0,0,0,2,0,0,2,0,0,2,2
95,1747.792,-230.876,-208.966,130.779,-0.653723,-0.756167,-0.029290,0.756551,-0.652226,-0.047232,0.016612,-0.053037,0.998454,0,0.90043,-0.71029,54.026,-1.421,-1,400.000,-1,400.000,-1,325.000,325.000,300.000,300.000,-1,950.000,950.000,-1,775.000,750.000,-1,-1,2,0,2,0,2,0,0,0,0,2,0,0,2,0,0,2,2
96,1713.201,-188.340,-207.965,129.119,-0.631570,-0.774746,-0.029796,0.775108,-0.630037,-0.047560,0.018074,-0.053133,0.998424,0,0.91375,-0.83029,54.825,-1.661,-1,400.000,-1,400.000,-1,325.000,325.000,300.000,300.000,-1,1000.000,1000.000,-1,775.000,750.000,-1,-1,2,0,2,0,2,0,0,0,0,2,0,0,2,0,0,2,2
97,1679.358,-144.195,-206.909,127.474,-0.609117,-0.792498,-0.030375,0.792840,-0.607544,-0.047911,0.019515,-0.053266,0.998390,0,0.92707,-0.82208,55.624,-1.644,-1,400.000,-1,400.000,-1,325.000,325.000,300.000,300.000,-1,-1,-1,-1,775.000,750.000,-1,-1,2,0,2,0,2,0,0,0,0,2,2,2,2,0,0,2,2
98,1646.301,-98.480,-205.803,125.871,-0.586747,-0.809176,-0.031028,0.809500,-0.585130,-0.048290,0.020920,-0.053451,0.998351,0,0.94025,-0.80152,56.415,-1.603,-1,400.000,-1,375.000,-1,325.000,325.000,300.000,300.000,-1,-1,-1,-1,775.000,750.000,-1,-1,2,0,2,0,2,0,0,0,0,2,2,2,2,0,0,2,2
99,1614.061,-51.235,-204.480,124.310,-0.564534,-0.824793,-0.031903,0.825100,-0.562841,-0.049189,0.022614,-0.054092,0.998280,0,0.95327,-0.78083,57.196,-1.562,-1,400.000,-1,375.000,-1,325.000,325.000,300.000,300.000,-1,-1,-1,-1,775.000,750.000,-1,-1,2,0,2,0,2,0,0,0,0,2,2,2,2,0,0,2,2
100,1582.675,-2.514,-202.949,122.789,-0.542519,-0.839395,-0.032995,0.839686,-0.540723,-0.050462,0.024517,-0.055082,0.998181,0,0.96591,-0.76043,57.955,-1.521,-1,400.000,-1,400.000,-1,325.000,325.000,300.000,300.000,-1,-1,-1,-1,775.000,750.000,-1,-1,2,0,2,0,2,0,0,0,0,2,2,2,2,0,0,2,2
101,1552.593,47.023,-201.358,121.268,-0.520120,-0.853412,-0.034102,0.853688,-0.518230,-0.051510,0.026286,-0.055904,0.998090,0,0.96591,-0.76043,57.955,-1.521,-1,400.000,-1,400.000,-1,325.000,325.000,300.000,300.000,-1,-1,-1,-1,775.000,750.000,-1,-1,2,0,2,0,2,0,0,0,0,2,2,2,2,0,0,2,2
102,1523.837,97.342,-199.683,119.747,-0.497348,-0.866838,-0.035164,0.867104,-0.495382,-0.052226,0.027852,-0.056465,0.998016,0,0.96591,-0.76043,57.955,-1.521,-1,400.000,-1,400.000,-1,325.000,325.000,300.000,300.000,-1,-1,-1,-1,775.000,750.000,-1,-1,2,0,2,0,2,0,0,0,0,2,2,2,2,0,0,2,2
103,1496.427,148.405,-197.895,118.226,-0.474211,-0.879671,-0.036106,0.879929,-0.472195,-0.052510,0.029142,-0.056672,0.997967,0,0.96591,-0.76043,57.955,-1.521,-1,400.000,-1,400.000,-1,325.000,325.000,300.000,300.000,-1,-1,-1,-1,800.000,750.000,-1,-1,2,0,2,0,2,0,0,0,0,2,2,2,2,0,0,2,2
104,1470.382,200.179,-196.057,116.705,-0.450744,-0.891888,-0.036960,0.892132,-0.448679,-0.052803,0.030511,-0.056774,0.997921,0,0.96591,-0.76043,57.955,-1.521,-1,400.000,-1,400.000,-1,325.000,325.000,300.000,300.000,-1,-1,-1,-1,800.000,775.000,-1,-1,2,0,2,0,2,0,0,0,0,2,2,2,2,0,0,2,2
105,1445.720,252.625,-194.187,115.185,-0.426962,-0.903477,-0.037850,0.903707,-0.424847,-0.053089,0.031884,-0.056872,0.997872,0,0.96591,-0.76043,57.955,-1.521,-1,400.000,-1,400.000,-1,325.000,325.000,300.000,300.000,-1,-1,-1,-1,800.000,775.000,-1,-1,2,0,2,0,2,0,0,0,0,2,2,2,2,0,0,2,2
106,1422.459,305.707,-192.298,113.664,-0.402883,-0.914427,-0.038843,0.914648,-0.400714,-0.053355,0.033225,-0.057023,0.997820,0,0.96591,-0.76043,57.955,-1.521,-1,400.000,-1,400.000,-1,325.000,325.000,300.000,300.000,-1,-1,-1,-1,800.000,775.000,-1,-1,2,0,2,0,2,0,0,0,0,2,2,2,2,0,0,2,2
107,1400.614,359.388,-190.384,112.143,-0.378525,-0.924729,-0.039927,0.924946,-0.376299,-0.053604,0.034545,-0.057221,0.997764,0,0.96591,-0.76043,57.955,-1.521,-1,400.000,-1,400.000,-1,325.000,325.000,300.000,300.000,-1,-1,-1,-1,825.000,750.000,-1,-1,2,0,2,0,2,0,0,0,0,2,2,2,2,0,0,2,2
108,1380.203,413.630,-188.440,110.622,-0.353905,-0.934378,-0.041096,0.934594,-0.351619,-0.053838,0.035855,-0.057462,0.997704,0,0.96591,-0.76043,57.955,-1.521,-1,400.000,-1,400.000,-1,325.000,325.000,300.000,300.000,-1,-1,-1,-1,825.000,750.000,-1,-1,2,0,2,0,2,0,0,0,0,2,2,2,2,0,0,2,2
109,1361.238,468.395,-186.461,109.101,-0.329041,-0.943366,-0.042339,0.943584,-0.326690,-0.054062,0.037168,-0.057739,0.997640,0,0.96591,-0.76043,57.955,-1.521,-1,400.000,-1,400.000,-1,325.000,325.000,300.000,300.000,-1,-1,-1,-1,825.000,750.000,-1,-1,2,0,2,0,2,0,0,0,0,2,2,2,2,0,0,2,2
110,1343.733,523.643,-184.442,107.580,-0.303950,-0.951687,-0.043650,0.951910,-0.301532,-0.054280,0.038495,-0.058049,0.997571,0,0.96591,-0.76043,57.955,-1.521,-1,425.000,-1,400.000,-1,325.000,325.000,300.000,300.000,-1,-1,-1,-1,825.000,750.000,-1,-1,2,0,2,0,2,0,0,0,0,2,2,2,2,0,0,2,2
111,1327.700,579.337,-182.284,106.059,-0.278653,-0.959335,-0.045054,0.959566,-0.276161,-0.054482,0.039825,-0.058414,0.997498,0,0.96591,-0.76043,57.955,-1.521,-1,425.000,-1,400.000,-1,325.000,325.000,300.000,300.000,-1,-1,-1,-1,850.000,750.000,-1,-1,2,0,2,0,2,0,0,0,0,2,2,2,2,0,0,2,2
112,1313.151,635.437,-179.886,104.539,-0.253160,-0.966276,-0.047131,0.966570,-0.250589,-0.054294,0.040652,-0.059300,0.997412,0,0.96591,-0.76043,57.955,-1.521,-1,425.000,-1,400.000,-1,325.000,325.000,275.000,300.000,-1,-1,-1,-1,850.000,750.000,-1,-1,2,0,2,0,2,0,0,0,0,2,2,2,2,0,0,2,2
113,1300.961,687.175,-177.649,103.258,-0.231554,-0.971583,-0.049082,0.971949,-0.228914,-0.053984,0.041214,-0.060206,0.997335,0,0.88591,-0.64043,53.155,-1.281,-1,425.000,-1,400.000,-1,325.000,325.000,275.000,300.000,-1,-1,-1,-1,850.000,750.000,-1,-1,2,0,2,0,2,0,0,0,0,2,2,2,2,0,0,2,2
114,1290.728,734.435,-175.572,102.217,-0.213911,-0.975534,-0.050756,0.975968,-0.211217,-0.053602,0.041571,-0.061002,0.997272,0,0.80591,-0.52043,48.355,-1.041,-1,425.000,-1,400.000,-1,325.000,325.000,275.000,300.000,-1,-1,-1,-1,850.000,750.000,-1,-1,2,0,2,0,2,0,0,0,0,2,2,2,2,0,0,2,2
115,1282.106,777.129,-173.692,101.416,-0.200292,-0.978342,-0.052244,0.978845,-0.197551,-0.053249,0.041775,-0.061804,0.997214,0,0.72591,-0.40043,43.555,-0.801,-1,425.000,-1,400.000,-1,325.000,325.000,275.000,300.000,-1,-1,-1,-1,850.000,750.000,-1,-1,2,0,2,0,2,0,0,0,0,2,2,2,2,0,0,2,2
116,1274.807,815.190,-172.021,100.855,-0.190738,-0.980179,-0.053558,0.980749,-0.187955,-0.052960,0.041844,-0.062629,0.997159,0,0.64591,-0.28043,38.755,-0.561,-1,425.000,-1,400.000,-1,325.000,325.000,275.000,300.000,-1,-1,-1,-1,850.000,750.000,-1,-1,2,0,2,0,2,0,0,0,0,2,2,2,2,0,0,2,2
117,1268.599,848.573,-170.563,100.534,-0.185273,-0.981164,-0.054687,0.981800,-0.182454,-0.052727,0.041756,-0.063461,0.997110,0,0.56591,-0.16043,33.955,-0.321,-1,425.000,-1,400.000,-1,325.000,325.000,275.000,300.000,-1,-1,-1,-1,850.000,750.000,-1,-1,2,0,2,0,2,0,0,0,0,2,2,2,2,0,0,2,2
118,1263.309,877.244,-169.319,100.453,-0.183906,-0.981369,-0.055623,0.982068,-0.181059,-0.052542,0.041492,-0.064288,0.997068,0,0.48591,-0.04043,29.155,-0.081,-1,425.000,-1,400.000,-1,325.000,325.000,275.000,300.000,-1,-1,-1,-1,850.000,750.000,-1,-1,2,0,2,0,2,0,0,0,0,2,2,2,2,0,0,2,2
119,1258.823,901.182,-168.290,100.612,-0.186641,-0.980810,-0.056359,0.981571,-0.183774,-0.052400,0.041037,-0.065100,0.997035,0,0.40591,0.07957,24.355,0.159,-1,425.000,-1,400.000,-1,325.000,325.000,275.000,300.000,-1,-1,-1,-1,850.000,750.000,-1,-1,2,0,2,0,2,0,0,0,0,2,2,2,2,0,0,2,2
120,1255.087,920.376,-167.475,101.012,-0.193468,-0.979455,-0.056894,0.980275,-0.190593,-0.052297,0.040379,-0.065889,0.997010,0,0.32591,0.19957,19.555,0.399,-1,425.000,-1,400.000,-1,325.000,325.000,275.000,300.000,-1,-1,-1,-1,850.000,750.000,-1,-1,2,0,2,0,2,0,0,0,0,2,2,2,2,0,0,2,2
121,1252.107,934.827,-166.869,101.651,-0.204371,-0.977219,-0.057227,0.978096,-0.201496,-0.052229,0.039508,-0.066647,0.996994,0,0.24591,0.31957,14.755,0.639,-1,425.000,-1,400.000,-1,325.000,325.000,275.000,300.000,-1,-1,-1,-1,850.000,750.000,-1,-1,2,0,2,0,2,0,0,0,0,2,2,2,2,0,0,2,2
122,1249.946,944.544,-166.465,102.530,-0.219320,-0.973965,-0.057362,0.974896,-0.216456,-0.052192,0.038417,-0.067369,0.996988,0,0.16591,0.43957,9.955,0.879,-1,425.000,-1,400.000,-1,325.000,325.000,275.000,300.000,-1,-1,-1,-1,850.000,775.000,-1,-1,2,0,2,0,2,0,0,0,0,2,2,2,2,0,0,2,2
123,1248.729,949.552,-166.254,103.649,-0.238269,-0.969507,-0.057307,0.970490,-0.235426,-0.052185,0.037102,-0.068050,0.996992,0,0.08591,0.55957,5.155,1.119,-1,425.000,-1,400.000,-1,325.000,325.000,275.000,300.000,-1,-1,-1,-1,850.000,775.000,-1,-1,2,0,2,0,2,0,0,0,0,2,2,2,2,0,0,2,2
124,1248.637,949.894,-166.223,105.008,-0.261157,-0.963608,-0.057072,0.964641,-0.258345,-0.052208,0.035563,-0.068689,0.997004,0,0.00591,0.67957,0.355,1.359,-1,425.000,-1,400.000,-1,325.000,325.000,275.000,300.000,-1,-1,-1,-1,850.000,775.000,-1,-1,2,0,2,0,2,0,0,0,0,2,2,2,2,0,0,2,2
125,1249.907,945.634,-166.358,106.607,-0.287896,-0.955983,-0.056673,0.957065,-0.285123,-0.052261,0.033802,-0.069286,0.997024,0,-0.07409,0.79957,-4.445,1.599,-1,400.000,-1,400.000,-1,325.000,325.000,275.000,300.000,-1,-1,-1,-1,850.000,775.000,-1,-1,2,0,2,0,2,0,0,0,0,2,2,2,2,0,0,2,2
126,1252.832,936.862,-166.639,108.446,-0.318370,-0.946303,-0.056130,0.947432,-0.315645,-0.052350,0.031821,-0.069846,0.997050,0,-0.15409,0.91957,-9.245,1.839,-1,400.000,-1,400.000,-1,350.000,325.000,275.000,300.000,-1,-1,-1,-1,850.000,800.000,-1,-1,2,0,2,0,2,0,0,0,0,2,2,2,2,0,0,2,2
127,1254.355,932.685,-166.758,110.046,-0.344601,-0.937091,-0.055767,0.938269,-0.341917,-0.052381,0.030019,-0.070375,0.997069,0,-0.07409,0.79957,-4.445,1.599,-1,400.000,-1,400.000,-1,325.000,325.000,275.000,300.000,-1,-1,-1,-1,850.000,800.000,-1,-1,2,0,2,0,2,0,0,0,0,2,2,2,2,0,0,2,2
128,1254.225,933.015,-166.732,111.405,-0.366683,-0.928685,-0.055563,0.929913,-0.364035,-0.052352,0.028391,-0.070866,0.997082,0,0.00591,0.67957,0.355,1.359,-1,400.000,-1,400.000,-1,325.000,325.000,275.000,300.000,-1,-1,-1,-1,850.000,800.000,-1,-1,2,0,2,0,2,0,0,0,0,2,2,2,2,0,0,2,2
129,1252.250,937.776,-166.573,112.524,-0.384707,-0.921368,-0.055506,0.922645,-0.382092,-0.052258,0.026941,-0.071316,0.997090,0,0.08591,0.55957,5.155,1.119,-1,400.000,-1,400.000,-1,325.000,325.000,275.000,300.000,-1,-1,-1,-1,850.000,825.000,-1,-1,2,0,2,0,2,0,0,0,0,2,2,2,2,0,0,2,2
130,1248.296,946.911,-166.294,113.403,-0.398758,-0.915370,-0.055583,0.916697,-0.396172,-0.052099,0.025670,-0.071727,0.997094,0,0.16591,0.43957,9.955,0.879,-1,400.000,-1,400.000,-1,325.000,325.000,275.000,300.000,-1,-1,-1,-1,850.000,825.000,-1,-1,2,0,2,0,2,0,0,0,0,2,2,2,2,0,0,2,2
131,1242.284,960.385,-165.904,114.042,-0.408907,-0.910869,-0.055786,0.912245,-0.406347,-0.051875,0.024583,-0.072103,0.997094,0,0.24591,0.31957,14.755,0.639,-1,400.000,-1,400.000,-1,325.000,325.000,275.000,300.000,-1,-1,-1,-1,850.000,825.000,-1,-1,2,0,2,0,2,0,0,0,0,2,2,2,2,0,0,2,2
132,1234.193,978.187,-165.411,114.441,-0.415209,-0.907994,-0.056113,0.909417,-0.412672,-0.051590,0.023687,-0.072451,0.997091,0,0.32591,0.19957,19.555,0.399,-1,400.000,-1,400.000,-1,325.000,325.000,275.000,300.000,-1,-1,-1,-1,850.000,825.000,-1,-1,2,0,2,0,2,0,0,0,0,2,2,2,2,0,0,2,2
133,1224.054,1000.331,-164.822,114.600,-0.417701,-0.906822,-0.056564,0.908293,-0.415182,-0.051250,0.022990,-0.072784,0.997083,0,0.40591,0.07957,24.355,0.159,-1,400.000,-1,400.000,-1,325.000,325.000,275.000,300.000,-1,-1,-1,-1,850.000,825.000,-1,-1,2,0,2,0,2,0,0,0,0,2,2,2,2,0,0,2,2
134,1211.954,1026.857,-164.141,114.519,-0.416398,-0.907385,-0.057145,0.908904,-0.413892,-0.050864,0.022501,-0.073119,0.997069,0,0.48591,-0.04043,29.155,-0.081,-1,400.000,-1,400.000,-1,325.000,325.000,275.000,300.000,-1,-1,-1,-1,850.000,825.000,-1,-1,2,0,2,0,2,0,0,0,0,2,2,2,2,0,0,2,2
135,1198.035,1057.828,-163.369,114.199,-0.411293,-0.909664,-0.057866,0.911232,-0.408793,-0.050445,0.022232,-0.073477,0.997049,0,0.56591,-0.16043,33.955,-0.321,-1,400.000,-1,400.000,-1,325.000,325.000,275.000,300.000,-1,-1,-1,-1,850.000,850.000,-1,-1,2,0,2,0,2,0,0,0,0,2,2,2,2,0,0,2,2
