timestep,x_cm,y_cm,z_cm,yaw_deg,basis_xx,basis_xy,basis_xz,basis_yx,basis_yy,basis_yz,basis_zx,basis_zy,basis_zz,teleport_flag,throttle_cmd,steering_cmd,cmd_move_cm,cmd_turn_deg,lidar_cm_0,lidar_cm_1,lidar_cm_2,lidar_cm_3,lidar_cm_4,lidar_cm_5,lidar_cm_6,lidar_cm_7,lidar_cm_8,lidar_cm_9,lidar_cm_10,lidar_cm_11,lidar_cm_12,lidar_cm_13,lidar_cm_14,lidar_cm_15,lidar_cm_16,lidar_class_0,lidar_class_1,lidar_class_2,lidar_class_3,lidar_class_4,lidar_class_5,lidar_class_6,lidar_class_7,lidar_class_8,lidar_class_9,lidar_class_10,lidar_class_11,lidar_class_12,lidar_class_13,lidar_class_14,lidar_class_15,lidar_class_16
0,-8851.049,-9513.616,-3.076,-32.818,0.840478,0.541799,-0.007060,-0.541790,0.840136,-0.025186,-0.007715,0.024994,0.999658,1,0.08000,-0.12000,4.800,-0.240,-1,400.000,-1,400.000,-1,325.000,325.000,325.000,325.000,-1,-1,-1,-1,800.000,850.000,-1,-1,2,0,2,0,2,0,0,0,0,2,2,2,2,0,0,2,2
1,-8843.025,-9518.886,-3.125,-33.298,0.835913,0.548815,-0.007170,-0.548804,0.835563,-0.025475,-0.007990,0.025229,0.999650,0,0.16000,-0.24000,9.600,-0.480,-1,400.000,-1,400.000,-1,325.000,325.000,325.000,325.000,-1,-1,-1,-1,800.000,850.000,-1,-1,2,0,2,0,2,0,0,0,0,2,2,2,2,0,0,2,2
2,-8831.089,-9526.942,-3.202,-34.018,0.828955,0.559266,-0.007353,-0.559252,0.828593,-0.025912,-0.008399,0.025592,0.999637,0,0.24000,-0.36000,14.400,-0.720,-1,400.000,-1,400.000,-1,325.000,325.000,325.000,325.000,-1,-1,-1,-1,800.000,850.000,-1,-1,2,0,2,0,2,0,0,0,0,2,2,2,2,0,0,2,2
3,-8815.357,-9537.948,-3.309,-34.978,0.819476,0.573063,-0.007631,-0.573044,0.819096,-0.026501,-0.008936,0.026090,0.999620,0,0.32000,-0.48000,19.200,-0.960,-1,400.000,-1,400.000,-1,325.000,325.000,325.000,325.000,-1,-1,-1,-1,800.000,850.000,-1,-1,2,0,2,0,2,0,0,0,0,2,2,2,2,0,0,2,2
4,-8795.946,-9552.063,-3.560,-36.022,0.808907,0.587889,-0.007509,-0.587855,0.808513,-0.027101,-0.009861,0.026337,0.999604,0,0.40000,-0.52204,24.000,-1.044,-1,400.000,-1,400.000,-1,325.000,325.000,325.000,325.000,-1,-1,-1,-1,800.000,850.000,-1,-1,2,0,2,0,2,0,0,0,0,2,2,2,2,0,0,2,2
5,-8772.965,-9569.421,-3.942,-37.066,0.798070,0.602523,-0.007089,-0.602463,0.797664,-0.027764,-0.011074,0.026428,0.999589,0,0.48000,-0.52204,28.800,-1.044,-1,400.000,-1,400.000,-1,325.000,325.000,325.000,325.000,-1,-1,-1,-1,800.000,850.000,-1,-1,2,0,2,0,2,0,0,0,0,2,2,2,2,0,0,2,2
6,-8746.528,-9590.159,-4.459,-38.110,0.786968,0.616958,-0.006679,-0.616874,0.786554,-0.028284,-0.012197,0.026379,0.999578,0,0.56000,-0.52204,33.600,-1.044,-1,400.000,-1,400.000,-1,325.000,325.000,325.000,325.000,-1,-1,-1,-1,800.000,850.000,-1,-1,2,0,2,0,2,0,0,0,0,2,2,2,2,0,0,2,2
7,-8716.750,-9614.405,-5.089,-39.154,0.775603,0.631190,-0.006278,-0.631080,0.775183,-0.028794,-0.013308,0.026295,0.999566,0,0.64000,-0.52204,38.400,-1.044,-1,400.000,-1,400.000,-1,325.000,325.000,325.000,325.000,-1,-1,-1,-1,800.000,850.000,-1,-1,2,0,2,0,2,0,0,0,0,2,2,2,2,0,0,2,2
8,-8683.753,-9642.288,-5.806,-40.198,0.763983,0.645210,-0.005893,-0.645074,0.763553,-0.029437,-0.014493,0.026291,0.999549,0,0.72000,-0.52204,43.200,-1.044,-1,400.000,-1,400.000,-1,325.000,325.000,325.000,325.000,-1,-1,-1,-1,800.000,850.000,-1,-1,2,0,2,0,2,0,0,0,0,2,2,2,2,0,0,2,2
9,-8647.661,-9673.931,-6.613,-41.242,0.752110,0.659014,-0.005536,-0.658849,0.751668,-0.030222,-0.015756,0.026378,0.999528,0,0.80000,-0.52204,48.000,-1.044,-1,400.000,-1,400.000,-1,325.000,325.000,325.000,325.000,-1,-1,-1,-1,800.000,850.000,-1,-1,2,0,2,0,2,0,0,0,0,2,2,2,2,0,0,2,2
10,-8610.515,-9707.716,-7.487,-42.286,0.739988,0.672601,-0.005113,-0.672402,0.739533,-0.031090,-0.017130,0.026444,0.999504,0,0.83686,-0.52204,50.212,-1.044,-1,400.000,-1,400.000,-1,325.000,325.000,300.000,300.000,-1,-1,-1,-1,800.000,850.000,-1,-1,2,0,2,0,2,0,0,0,0,2,2,2,2,0,0,2,2
11,-8573.990,-9742.171,-8.421,-43.330,0.727620,0.685966,-0.004485,-0.685726,0.727156,-0.031983,-0.018678,0.026347,0.999478,0,0.83686,-0.52204,50.212,-1.044,-1,400.000,-1,400.000,-1,325.000,325.000,300.000,300.000,-1,-1,-1,-1,800.000,850.000,-1,-1,2,0,2,0,2,0,0,0,0,2,2,2,2,0,0,2,2
12,-8538.100,-9777.287,-9.429,-44.374,0.715015,0.699098,-0.003965,-0.698811,0.714532,-0.033270,-0.020426,0.026559,0.999439,0,0.83686,-0.52204,50.212,-1.044,-1,400.000,-1,400.000,-1,325.000,325.000,300.000,300.000,-1,-1,-1,-1,800.000,850.000,-1,-1,2,0,2,0,2,0,0,0,0,2,2,2,2,0,0,2,2
13,-8499.863,-9815.763,-10.654,-45.179,0.705160,0.709039,-0.003593,-0.708689,0.704633,-0.035377,-0.022552,0.027493,0.999368,0,0.90408,-0.40204,54.245,-0.804,-1,400.000,-1,400.000,-1,325.000,325.000,300.000,300.000,-1,-1,-1,-1,800.000,850.000,-1,-1,2,0,2,0,2,0,0,0,0,2,2,2,2,0,0,2,2
14,-8462.006,-9854.614,-11.873,-45.743,0.698175,0.715920,-0.003320,-0.715506,0.697597,-0.037534,-0.024555,0.028581,0.999290,0,0.90408,-0.28204,54.245,-0.564,-1,400.000,-1,400.000,-1,325.000,325.000,300.000,300.000,-1,-1,-1,-1,800.000,825.000,-1,-1,2,0,2,0,2,0,0,0,0,2,2,2,2,0,0,2,2
15,-8424.420,-9893.727,-13.157,-46.142,0.693209,0.720729,-0.003454,-0.720258,0.692566,-0.039758,-0.026263,0.030048,0.999203,0,0.90408,-0.19947,54.245,-0.399,-1,400.000,-1,400.000,-1,325.000,325.000,300.000,300.000,-1,-1,-1,-1,800.000,825.000,-1,-1,2,0,2,0,2,0,0,0,0,2,2,2,2,0,0,2,2
16,-8387.108,-9933.101,-14.474,-46.541,0.688211,0.725501,-0.003676,-0.724976,0.687501,-0.041863,-0.027845,0.031475,0.999117,0,0.90408,-0.19947,54.245,-0.399,-1,400.000,-1,400.000,-1,325.000,325.000,300.000,300.000,-1,-1,-1,-1,800.000,825.000,-1,-1,2,0,2,0,2,0,0,0,0,2,2,2,2,0,0,2,2
17,-8350.071,-9972.734,-16.046,-46.939,0.683158,0.730261,-0.003748,-0.729711,0.682424,-0.042652,-0.028589,0.031873,0.999083,0,0.90408,-0.19947,54.245,-0.399,-1,400.000,-1,400.000,-1,325.000,325.000,325.000,300.000,-1,-1,-1,-1,800.000,825.000,-1,-1,2,0,2,0,2,0,0,0,0,2,2,2,2,0,0,2,2
18,-8313.311,-10012.624,-17.611,-47.338,0.678072,0.734985,-0.003847,-0.734410,0.677314,-0.043456,-0.029333,0.032292,0.999048,0,0.90408,-0.19947,54.245,-0.399,-1,400.000,-1,400.000,-1,325.000,325.000,325.000,300.000,-1,-1,-1,-1,800.000,825.000,-1,-1,2,0,2,0,2,0,0,0,0,2,2,2,2,0,0,2,2
19,-8276.803,-10052.802,-19.172,-47.740,0.672922,0.739703,-0.003975,-0.739102,0.672137,-0.044275,-0.030079,0.032731,0.999011,0,0.90478,-0.20076,54.287,-0.402,-1,400.000,-1,400.000,-1,325.000,325.000,325.000,300.000,-1,-1,-1,-1,800.000,800.000,-1,-1,2,0,2,0,2,0,0,0,0,2,2,2,2,0,0,2,2
20,-8240.502,-10093.331,-20.731,-48.149,0.667637,0.744476,-0.004131,-0.743849,0.666824,-0.045111,-0.030829,0.033191,0.998973,0,0.90683,-0.20470,54.410,-0.409,-1,400.000,-1,400.000,-1,325.000,325.000,325.000,300.000,-1,-1,-1,-1,800.000,800.000,-1,-1,2,0,2,0,2,0,0,0,0,2,2,2,2,0,0,2,2
21,-8204.420,-10134.209,-22.494,-48.567,0.662206,0.749313,-0.003514,-0.748627,0.661384,-0.046139,-0.032249,0.033184,0.998929,0,0.90874,-0.20868,54.524,-0.417,-1,400.000,-1,400.000,-1,325.000,325.000,325.000,300.000,-1,-1,-1,-1,800.000,800.000,-1,-1,2,0,2,0,2,0,0,0,0,2,2,2,2,0,0,2,2
22,-8168.574,-10175.435,-24.375,-48.992,0.656625,0.754213,-0.002575,-0.753462,0.655811,-0.046977,-0.033742,0.032787,0.998893,0,0.91051,-0.21269,54.631,-0.425,-1,400.000,-1,400.000,-1,325.000,325.000,325.000,325.000,-1,-1,-1,-1,800.000,800.000,-1,-1,2,0,2,0,2,0,0,0,0,2,2,2,2,0,0,2,2
23,-8132.977,-10217.005,-26.282,-49.426,0.650896,0.759165,-0.001627,-0.758353,0.650097,-0.047692,-0.035148,0.032276,0.998861,0,0.91214,-0.21672,54.728,-0.433,-1,400.000,-1,400.000,-1,325.000,325.000,300.000,325.000,-1,-1,-1,-1,800.000,800.000,-1,-1,2,0,2,0,2,0,0,0,0,2,2,2,2,0,0,2,2
24,-8097.644,-10258.916,-28.212,-49.867,0.645023,0.764162,-0.000829,-0.763291,0.644236,-0.048442,-0.036483,0.031879,0.998826,0,0.91362,-0.22078,54.817,-0.442,-1,400.000,-1,400.000,-1,325.000,325.000,300.000,325.000,-1,-1,-1,-1,800.000,800.000,-1,-1,2,0,2,0,2,0,0,0,0,2,2,2,2,0,0,2,2
25,-8062.589,-10301.164,-30.322,-50.317,0.639021,0.769188,-0.000914,-0.768285,0.638212,-0.049237,-0.037289,0.032166,0.998787,0,0.91495,-0.22486,54.897,-0.450,-1,400.000,-1,400.000,-1,325.000,325.000,300.000,325.000,-1,-1,-1,-1,800.000,775.000,-1,-1,2,0,2,0,2,0,0,0,0,2,2,2,2,0,0,2,2
26,-8027.829,-10343.745,-32.429,-50.775,0.632871,0.774257,-0.001032,-0.773319,0.632038,-0.050048,-0.038098,0.032472,0.998746,0,0.91613,-0.22895,54.968,-0.458,-1,400.000,-1,400.000,-1,325.000,325.000,300.000,325.000,-1,-1,-1,-1,800.000,775.000,-1,-1,2,0,2,0,2,0,0,0,0,2,2,2,2,0,0,2,2
27,-7993.378,-10386.656,-34.534,-51.241,0.626570,0.779364,-0.001182,-0.778393,0.625712,-0.050875,-0.038910,0.032797,0.998704,0,0.91715,-0.23305,55.029,-0.466,-1,400.000,-1,400.000,-1,325.000,325.000,300.000,300.000,-1,-1,-1,-1,800.000,775.000,-1,-1,2,0,2,0,2,0,0,0,0,2,2,2,2,0,0,2,2
28,-7959.252,-10429.891,-36.646,-51.715,0.620118,0.784507,-0.001376,-0.783500,0.619232,-0.051761,-0.039755,0.033176,0.998659,0,0.91801,-0.23715,55.081,-0.474,-1,400.000,-1,400.000,-1,325.000,325.000,300.000,300.000,-1,-1,-1,-1,800.000,775.000,-1,-1,2,0,2,0,2,0,0,0,0,2,2,2,2,0,0,2,2
29,-7925.465,-10473.446,-38.898,-52.198,0.613499,0.789695,-0.000984,-0.788627,0.612604,-0.052768,-0.041067,0.033149,0.998606,0,0.91872,-0.24124,55.123,-0.482,-1,400.000,-1,400.000,-1,325.000,325.000,300.000,300.000,-1,-1,-1,-1,775.000,775.000,-1,-1,2,0,2,0,2,0,0,0,0,2,2,2,2,0,0,2,2
30,-7892.032,-10517.314,-41.152,-52.688,0.606724,0.794912,-0.000607,-0.793781,0.605820,-0.053800,-0.042399,0.033123,0.998552,0,0.91926,-0.24532,55.156,-0.491,-1,400.000,-1,400.000,-1,325.000,325.000,300.000,300.000,-1,-1,-1,-1,775.000,750.000,-1,-1,2,0,2,0,2,0,0,0,0,2,2,2,2,0,0,2,2
31,-7858.968,-10561.490,-43.396,-53.187,0.599793,0.800155,-0.000304,-0.798960,0.598876,-0.054858,-0.043713,0.033146,0.998494,0,0.91965,-0.24939,55.179,-0.499,-1,400.000,-1,400.000,-1,325.000,325.000,300.000,300.000,-1,-1,-1,-1,775.000,750.000,-1,-1,2,0,2,0,2,0,0,0,0,2,2,2,2,0,0,2,2
32,-7826.289,-10605.968,-45.738,-53.694,0.592689,0.805431,0.000067,-0.804192,0.591782,-0.055403,-0.044664,0.032783,0.998464,0,0.91987,-0.25342,55.192,-0.507,-1,400.000,-1,400.000,-1,325.000,325.000,325.000,300.000,-1,-1,-1,-1,775.000,750.000,-1,-1,2,0,2,0,2,0,0,0,0,2,2,2,2,0,0,2,2
33,-7796.641,-10646.716,-48.002,-53.961,0.588920,0.808191,0.000378,-0.806940,0.588034,-0.055360,-0.044964,0.032298,0.998466,0,0.83987,-0.13342,50.392,-0.267,-1,400.000,-1,400.000,-1,325.000,325.000,325.000,300.000,-1,-1,-1,-1,775.000,725.000,-1,-1,2,0,2,0,2,0,0,0,0,2,2,2,2,0,0,2,2
34,-7769.835,-10683.595,-50.057,-53.987,0.588535,0.808471,0.000543,-0.807216,0.587659,-0.055309,-0.045035,0.032113,0.998469,0,0.75987,-0.01342,45.592,-0.027,-1,400.000,-1,375.000,-1,325.000,325.000,325.000,300.000,-1,-1,-1,-1,775.000,725.000,-1,-1,2,0,2,0,2,0,0,0,0,2,2,2,2,0,0,2,2
35,-7745.728,-10716.502,-51.878,-53.774,0.591535,0.806279,0.000695,-0.805025,0.590662,-0.055247,-0.044955,0.032121,0.998472,0,0.67987,0.10658,40.792,0.213,-1,400.000,-1,400.000,-1,325.000,325.000,325.000,300.000,-1,-1,-1,-1,775.000,725.000,-1,-1,2,0,2,0,2,0,0,0,0,2,2,2,2,0,0,2,2
36,-7721.813,-10748.611,-53.660,-53.321,0.597887,0.801580,0.000938,-0.800328,0.597019,-0.055168,-0.044782,0.032233,0.998477,0,0.66727,0.22658,40.036,0.453,-1,400.000,-1,400.000,-1,325.000,325.000,325.000,300.000,-1,-1,-1,-1,775.000,725.000,-1,-1,2,0,2,0,2,0,0,0,0,2,2,2,2,0,0,2,2
37,-7697.554,-10780.372,-55.411,-52.628,0.607535,0.794292,0.001203,-0.793047,0.606667,-0.055059,-0.044463,0.032497,0.998482,0,0.66610,0.34658,39.966,0.693,-1,400.000,-1,400.000,-1,325.000,325.000,325.000,300.000,-1,-1,-1,-1,775.000,725.000,-1,-1,2,0,2,0,2,0,0,0,0,2,2,2,2,0,0,2,2
38,-7672.838,-10811.662,-57.124,-51.695,0.620386,0.784296,0.001479,-0.783063,0.619514,-0.054913,-0.043984,0.032909,0.998490,0,0.66457,0.46658,39.874,0.933,-1,400.000,-1,400.000,-1,325.000,325.000,325.000,300.000,-1,-1,-1,-1,775.000,725.000,-1,-1,2,0,2,0,2,0,0,0,0,2,2,2,2,0,0,2,2
39,-7647.559,-10842.351,-58.791,-50.522,0.636308,0.771433,0.001769,-0.770217,0.635430,-0.054721,-0.043338,0.033457,0.998500,0,0.66267,0.58658,39.760,1.173,-1,400.000,-1,400.000,-1,325.000,325.000,325.000,300.000,-1,-1,-1,-1,775.000,725.000,-1,-1,2,0,2,0,2,0,0,0,0,2,2,2,2,0,0,2,2
40,-7621.620,-10872.305,-60.405,-49.109,0.655133,0.755511,0.002074,-0.754316,0.654247,-0.054475,-0.042514,0.034124,0.998513,0,0.66040,0.70658,39.624,1.413,-1,400.000,-1,400.000,-1,325.000,325.000,325.000,300.000,-1,-1,-1,-1,775.000,725.000,-1,-1,2,0,2,0,2,0,0,0,0,2,2,2,2,0,0,2,2
41,-7595.039,-10901.480,-61.967,-47.665,0.673952,0.738771,0.002361,-0.737601,0.673058,-0.054196,-0.041627,0.034784,0.998528,0,0.65780,0.72183,39.468,1.444,-1,400.000,-1,400.000,-1,325.000,325.000,325.000,325.000,-1,-1,-1,-1,775.000,725.000,-1,-1,2,0,2,0,2,0,0,0,0,2,2,2,2,0,0,2,2
42,-7567.845,-10929.859,-63.564,-46.222,0.692345,0.721563,0.002502,-0.720409,0.691426,-0.054222,-0.040854,0.035738,0.998526,0,0.65510,0.72153,39.306,1.443,-1,400.000,-1,375.000,-1,325.000,325.000,325.000,300.000,-1,-1,-1,-1,775.000,700.000,-1,-1,2,0,2,0,2,0,0,0,0,2,2,2,2,0,0,2,2
43,-7540.060,-10957.429,-65.143,-44.779,0.710300,0.703894,0.002642,-0.702752,0.709351,-0.054416,-0.040177,0.036795,0.998515,0,0.65237,0.72153,39.142,1.443,-1,400.000,-1,375.000,-1,325.000,325.000,325.000,300.000,-1,-1,-1,-1,775.000,700.000,-1,-1,2,0,2,0,2,0,0,0,0,2,2,2,2,0,0,2,2
44,-7511.707,-10984.180,-66.662,-43.335,0.727809,0.685774,0.002813,-0.684643,0.726833,-0.054576,-0.039471,0.037795,0.998506,0,0.64967,0.72183,38.980,1.444,-1,400.000,-1,375.000,-1,325.000,325.000,325.000,300.000,-1,-1,-1,-1,775.000,700.000,-1,-1,2,0,2,0,2,0,0,0,0,2,2,2,2,0,0,2,2
45,-7482.807,-11010.101,-68.130,-41.890,0.744868,0.667206,0.003015,-0.666089,0.743868,-0.054650,-0.038705,0.038698,0.998501,0,0.64704,0.72243,38.822,1.445,-1,400.000,-1,375.000,-1,325.000,325.000,325.000,300.000,-1,-1,-1,-1,775.000,700.000,-1,-1,2,0,2,0,2,0,0,0,0,2,2,2,2,0,0,2,2
46,-7453.376,-11035.186,-69.604,-40.444,0.761464,0.648198,0.003254,-0.647109,0.760458,-0.054348,-0.037703,0.039278,0.998517,0,0.64452,0.72332,38.671,1.447,-1,400.000,-1,375.000,-1,325.000,325.000,325.000,300.000,-1,-1,-1,-1,775.000,700.000,-1,-1,2,0,2,0,2,0,0,0,0,2,2,2,2,0,0,2,2
47,-7427.142,-11056.610,-70.853,-39.237,0.774936,0.632030,0.003466,-0.630965,0.773926,-0.054047,-0.036841,0.039696,0.998532,0,0.56452,0.60332,33.871,1.207,-1,400.000,-1,375.000,-1,325.000,325.000,325.000,300.000,-1,-1,-1,-1,775.000,700.000,-1,-1,2,0,2,0,2,0,0,0,0,2,2,2,2,0,0,2,2
48,-7404.319,-11074.616,-71.896,-38.270,0.785479,0.618877,0.003647,-0.617832,0.784470,-0.053761,-0.036133,0.039975,0.998547,0,0.48452,0.48332,29.071,0.967,-1,400.000,-1,375.000,-1,325.000,325.000,325.000,300.000,-1,-1,-1,-1,775.000,700.000,-1,-1,2,0,2,0,2,0,0,0,0,2,2,2,2,0,0,2,2
49,-7385.074,-11089.406,-72.735,-37.544,0.793256,0.608876,0.003795,-0.607849,0.792252,-0.053447,-0.035549,0.040090,0.998563,0,0.40452,0.36332,24.271,0.727,-1,400.000,-1,375.000,-1,325.000,325.000,325.000,300.000,-1,-1,-1,-1,775.000,700.000,-1,-1,2,0,2,0,2,0,0,0,0,2,2,2,2,0,0,2,2
50,-7369.536,-11101.139,-73.363,-37.057,0.798390,0.602128,0.003904,-0.601120,0.797398,-0.053016,-0.035036,0.039980,0.998586,0,0.32452,0.24332,19.471,0.487,-1,400.000,-1,375.000,-1,325.000,325.000,325.000,300.000,-1,-1,-1,-1,775.000,700.000,-1,-1,2,0,2,0,2,0,0,0,0,2,2,2,2,0,0,2,2
51,-7357.790,-11109.929,-73.829,-36.810,0.800968,0.598693,0.003981,-0.597699,0.799988,-0.052677,-0.034722,0.039813,0.998604,0,0.24452,0.12332,14.671,0.247,-1,400.000,-1,375.000,-1,325.000,325.000,325.000,300.000,-1,-1,-1,-1,775.000,700.000,-1,-1,2,0,2,0,2,0,0,0,0,2,2,2,2,0,0,2,2
52,-7349.886,-11115.843,-74.141,-36.804,0.801034,0.598606,0.004027,-0.597618,0.800065,-0.052432,-0.034608,0.039593,0.998616,0,0.16452,0.00332,9.871,0.007,-1,400.000,-1,375.000,-1,325.000,325.000,325.000,300.000,-1,-1,-1,-1,775.000,700.000,-1,-1,2,0,2,0,2,0,0,0,0,2,2,2,2,0,0,2,2
53,-7345.839,-11118.897,-74.300,-37.037,0.798587,0.601866,0.004047,-0.600879,0.797629,-0.052283,-0.034696,0.039321,0.998624,0,0.08452,-0.11668,5.071,-0.233,-1,400.000,-1,375.000,-1,325.000,325.000,325.000,300.000,-1,-1,-1,-1,775.000,700.000,-1,-1,2,0,2,0,2,0,0,0,0,2,2,2,2,0,0,2,2
54,-7345.624,-11119.063,-74.306,-37.510,0.793587,0.608443,0.004042,-0.607450,0.792639,-0.052230,-0.034983,0.038994,0.998627,0,0.00452,-0.23668,0.271,-0.473,-1,400.000,-1,375.000,-1,325.000,325.000,325.000,300.000,-1,-1,-1,-1,775.000,700.000,-1,-1,2,0,2,0,2,0,0,0,0,2,2,2,2,0,0,2,2
55,-7349.182,-11116.261,-74.155,-38.224,0.785953,0.618273,0.004013,-0.617268,0.785014,-0.052272,-0.035469,0.038606,0.998625,0,-0.07548,-0.35668,-4.529,-0.713,-1,400.000,-1,375.000,-1,325.000,325.000,325.000,300.000,-1,-1,-1,-1,775.000,700.000,-1,-1,2,0,2,0,2,0,0,0,0,2,2,2,2,0,0,2,2
56,-7356.419,-11110.375,-73.842,-39.121,0.776176,0.630504,0.003963,-0.629481,0.775246,-0.052413,-0.036119,0.038187,0.998618,0,-0.15548,-0.44875,-9.329,-0.897,-1,400.000,-1,375.000,-1,325.000,325.000,325.000,300.000,-1,-1,-1,-1,775.000,700.000,-1,-1,2,0,2,0,2,0,0,0,0,2,2,2,2,0,0,2,2
57,-7367.240,-11101.289,-73.361,-40.020,0.766201,0.642589,0.003891,-0.641545,0.765275,-0.052669,-0.036822,0.037858,0.998604,0,-0.23548,-0.44918,-14.129,-0.898,-1,400.000,-1,375.000,-1,325.000,325.000,325.000,300.000,-1,-1,-1,-1,775.000,700.000,-1,-1,2,0,2,0,2,0,0,0,0,2,2,2,2,0,0,2,2
58,-7381.543,-11088.891,-72.706,-40.919,0.756026,0.654531,0.003796,-0.653462,0.755099,-0.053037,-0.037580,0.037616,0.998585,0,-0.31548,-0.44979,-18.929,-0.900,-1,400.000,-1,375.000,-1,325.000,325.000,325.000,300.000,-1,-1,-1,-1,775.000,700.000,-1,-1,2,0,2,0,2,0,0,0,0,2,2,2,2,0,0,2,2
59,-7398.532,-11073.690,-71.877,-41.820,0.745647,0.666331,0.003685,-0.665239,0.744720,-0.053378,-0.038312,0.037350,0.998568,0,-0.37995,-0.45053,-22.797,-0.901,-1,400.000,-1,375.000,-1,325.000,325.000,325.000,300.000,-1,-1,-1,-1,775.000,700.000,-1,-1,2,0,2,0,2,0,0,0,0,2,2,2,2,0,0,2,2
60,-7415.224,-11058.276,-70.999,-42.723,0.735062,0.677991,0.003583,-0.676881,0.734142,-0.053547,-0.038935,0.036935,0.998559,0,-0.37867,-0.45132,-22.720,-0.903,-1,400.000,-1,375.000,-1,325.000,325.000,325.000,300.000,-1,-1,-1,-1,775.000,700.000,-1,-1,2,0,2,0,2,0,0,0,0,2,2,2,2,0,0,2,2
61,-7431.612,-11042.656,-70.105,-43.627,0.724277,0.689501,0.003487,-0.688374,0.723365,-0.053701,-0.039549,0.036494,0.998551,0,-0.37733,-0.45201,-22.640,-0.904,-1,400.000,-1,375.000,-1,325.000,325.000,325.000,300.000,-1,-1,-1,-1,775.000,700.000,-1,-1,2,0,2,0,2,0,0,0,0,2,2,2,2,0,0,2,2
62,-7447.691,-11026.837,-69.196,-44.532,0.713296,0.700854,0.003394,-0.699711,0.712394,-0.053839,-0.040152,0.036028,0.998544,0,-0.37594,-0.45260,-22.556,-0.905,-1,400.000,-1,375.000,-1,325.000,325.000,325.000,300.000,-1,-1,-1,-1,775.000,700.000,-1,-1,2,0,2,0,2,0,0,0,0,2,2,2,2,0,0,2,2
63,-7463.457,-11010.828,-68.271,-45.438,0.702125,0.712046,0.003307,-0.710887,0.701233,-0.053963,-0.040743,0.035537,0.998537,0,-0.37449,-0.45309,-22.470,-0.906,-1,400.000,-1,375.000,-1,325.000,325.000,325.000,300.000,-1,-1,-1,-1,775.000,700.000,-1,-1,2,0,2,0,2,0,0,0,0,2,2,2,2,0,0,2,2
64,-7478.907,-10994.635,-67.333,-46.345,0.690768,0.723069,0.003226,-0.721894,0.689887,-0.054071,-0.041322,0.035022,0.998532,0,-0.37301,-0.45346,-22.381,-0.907,-1,400.000,-1,375.000,-1,325.000,325.000,325.000,300.000,-1,-1,-1,-1,775.000,700.000,-1,-1,2,0,2,0,2,0,0,0,0,2,2,2,2,0,0,2,2
65,-7494.037,-10978.266,-66.381,-47.253,0.679230,0.733918,0.003150,-0.732729,0.678362,-0.054164,-0.041889,0.034482,0.998527,0,-0.37151,-0.45374,-22.290,-0.907,-1,400.000,-1,375.000,-1,325.000,325.000,325.000,300.000,-1,-1,-1,-1,775.000,700.000,-1,-1,2,0,2,0,2,0,0,0,0,2,2,2,2,0,0,2,2
66,-7508.845,-10961.728,-65.415,-48.161,0.667517,0.744589,0.003081,-0.743384,0.666661,-0.054242,-0.042442,0.033917,0.998523,0,-0.36998,-0.45391,-22.199,-0.908,-1,400.000,-1,375.000,-1,325.000,325.000,325.000,300.000,-1,-1,-1,-1,750.000,700.000,-1,-1,2,0,2,0,2,0,0,0,0,2,2,2,2,0,0,2,2
67,-7523.329,-10945.027,-64.436,-49.069,0.655632,0.755074,0.003018,-0.753856,0.654792,-0.054305,-0.042981,0.033329,0.998520,0,-0.36845,-0.45398,-22.107,-0.908,-1,400.000,-1,375.000,-1,325.000,325.000,325.000,300.000,-1,-1,-1,-1,750.000,700.000,-1,-1,2,0,2,0,2,0,0,0,0,2,2,2,2,0,0,2,2
68,-7537.486,-10928.169,-63.444,-49.976,0.643583,0.765370,0.002963,-0.764138,0.642758,-0.054354,-0.043506,0.032717,0.998517,0,-0.36691,-0.45395,-22.015,-0.908,-1,400.000,-1,375.000,-1,325.000,325.000,325.000,325.000,-1,-1,-1,-1,750.000,700.000,-1,-1,2,0,2,0,2,0,0,0,0,2,2,2,2,0,0,2,2
69,-7551.318,-10911.160,-62.447,-50.884,0.631376,0.775472,0.002900,-0.774228,0.630566,-0.054378,-0.043997,0.032088,0.998516,0,-0.36538,-0.45382,-21.923,-0.908,-1,400.000,-1,375.000,-1,325.000,325.000,325.000,325.000,-1,-1,-1,-1,750.000,700.000,-1,-1,2,0,2,0,2,0,0,0,0,2,2,2,2,0,0,2,2
70,-7561.965,-10897.750,-61.716,-51.552,0.622295,0.782777,0.002807,-0.781527,0.621496,-0.054397,-0.044326,0.031657,0.998515,0,-0.28538,-0.33382,-17.123,-0.668,-1,400.000,-1,375.000,-1,325.000,325.000,325.000,325.000,-1,-1,-1,-1,750.000,700.000,-1,-1,2,0,2,0,2,0,0,0,0,2,2,2,2,0,0,2,2
71,-7569.555,-10888.042,-61.200,-51.979,0.616436,0.787400,0.002729,-0.786142,0.615641,-0.054470,-0.044570,0.031432,0.998512,0,-0.20538,-0.21382,-12.323,-0.428,-1,400.000,-1,375.000,-1,325.000,325.000,325.000,325.000,-1,-1,-1,-1,750.000,725.000,-1,-1,2,0,2,0,2,0,0,0,0,2,2,2,2,0,0,2,2
72,-7574.170,-10882.100,-60.885,-52.167,0.613855,0.789414,0.002685,-0.788154,0.613060,-0.054505,-0.044673,0.031342,0.998510,0,-0.12538,-0.09382,-7.523,-0.188,-1,400.000,-1,375.000,-1,325.000,325.000,325.000,325.000,-1,-1,-1,-1,750.000,725.000,-1,-1,2,0,2,0,2,0,0,0,0,2,2,2,2,0,0,2,2
73,-7575.842,-10879.951,-60.771,-52.115,0.614577,0.788853,0.002676,-0.787593,0.613780,-0.054503,-0.044638,0.031389,0.998510,0,-0.04538,0.02618,-2.723,0.052,-1,400.000,-1,375.000,-1,325.000,325.000,325.000,325.000,-1,-1,-1,-1,750.000,725.000,-1,-1,2,0,2,0,2,0,0,0,0,2,2,2,2,0,0,2,2
74,-7574.558,-10881.584,-60.859,-51.822,0.618594,0.785706,0.002703,-0.784451,0.617794,-0.054465,-0.044463,0.031572,0.998512,0,0.03462,0.14618,2.077,0.292,-1,400.000,-1,375.000,-1,325.000,325.000,325.000,325.000,-1,-1,-1,-1,750.000,725.000,-1,-1,2,0,2,0,2,0,0,0,0,2,2,2,2,0,0,2,2
75,-7570.257,-10886.950,-61.145,-51.290,0.625868,0.779924,0.002765,-0.778679,0.625061,-0.054389,-0.044147,0.031887,0.998516,0,0.11462,0.26618,6.877,0.532,-1,400.000,-1,375.000,-1,325.000,325.000,325.000,325.000,-1,-1,-1,-1,775.000,725.000,-1,-1,2,0,2,0,2,0,0,0,0,2,2,2,2,0,0,2,2
76,-7562.860,-10895.985,-61.626,-50.694,0.633950,0.773369,0.002854,-0.772133,0.633137,-0.054292,-0.043795,0.032215,0.998521,0,0.19462,0.29814,11.677,0.596,-1,400.000,-1,375.000,-1,325.000,325.000,325.000,325.000,-1,-1,-1,-1,775.000,725.000,-1,-1,2,0,2,0,2,0,0,0,0,2,2,2,2,0,0,2,2
77,-7552.290,-10908.625,-62.329,-50.098,0.641962,0.766731,0.002935,-0.765499,0.641138,-0.054341,-0.043547,0.032639,0.998518,0,0.27462,0.29798,16.477,0.596,-1,400.000,-1,375.000,-1,325.000,325.000,325.000,325.000,-1,-1,-1,-1,775.000,700.000,-1,-1,2,0,2,0,2,0,0,0,0,2,2,2,2,0,0,2,2
78,-7538.472,-10924.804,-63.256,-49.502,0.649901,0.760013,0.002977,-0.758785,0.649064,-0.054417,-0.043290,0.033107,0.998514,0,0.35462,0.29781,21.277,0.596,-1,400.000,-1,375.000,-1,325.000,325.000,325.000,325.000,-1,-1,-1,-1,775.000,700.000,-1,-1,2,0,2,0,2,0,0,0,0,2,2,2,2,0,0,2,2
79,-7521.332,-10944.457,-64.416,-48.907,0.657761,0.753220,0.003060,-0.752004,0.656919,-0.054293,-0.042905,0.033410,0.998520,0,0.43462,0.29767,26.077,0.595,-1,400.000,-1,375.000,-1,325.000,325.000,325.000,300.000,-1,-1,-1,-1,750.000,700.000,-1,-1,2,0,2,0,2,0,0,0,0,2,2,2,2,0,0,2,2
80,-7500.797,-10967.515,-65.769,-48.312,0.665547,0.746349,0.003161,-0.745146,0.664702,-0.054119,-0.042493,0.033663,0.998530,0,0.51462,0.29759,30.877,0.595,-1,400.000,-1,375.000,-1,325.000,325.000,325.000,300.000,-1,-1,-1,-1,750.000,700.000,-1,-1,2,0,2,0,2,0,0,0,0,2,2,2,2,0,0,2,2
81,-7476.793,-10993.909,-67.306,-47.716,0.673260,0.739399,0.003277,-0.738209,0.672416,-0.053892,-0.042052,0.033865,0.998541,0,0.59462,0.29763,35.677,0.595,-1,400.000,-1,375.000,-1,325.000,325.000,325.000,300.000,-1,-1,-1,-1,750.000,700.000,-1,-1,2,0,2,0,2,0,0,0,0,2,2,2,2,0,0,2,2
82,-7449.250,-11023.570,-69.018,-47.121,0.680905,0.732364,0.003405,-0.731191,0.680063,-0.053611,-0.041578,0.034014,0.998556,0,0.67462,0.29784,40.477,0.596,-1,400.000,-1,375.000,-1,325.000,325.000,325.000,300.000,-1,-1,-1,-1,750.000,700.000,-1,-1,2,0,2,0,2,0,0,0,0,2,2,2,2,0,0,2,2
83,-7418.097,-11056.426,-70.892,-46.524,0.688486,0.725241,0.003541,-0.724086,0.687649,-0.053271,-0.041069,0.034112,0.998574,0,0.75462,0.29828,45.277,0.597,-1,400.000,-1,375.000,-1,325.000,325.000,325.000,300.000,-1,-1,-1,-1,750.000,700.000,-1,-1,2,0,2,0,2,0,0,0,0,2,2,2,2,0,0,2,2
84,-7383.264,-11092.403,-72.847,-45.926,0.696003,0.718030,0.003726,-0.716907,0.695187,-0.052529,-0.040308,0.033889,0.998612,0,0.83462,0.29903,50.077,0.598,-1,400.000,-1,375.000,-1,325.000,325.000,325.000,300.000,-1,-1,-1,-1,750.000,700.000,-1,-1,2,0,2,0,2,0,0,0,0,2,2,2,2,0,0,2,2
85,-7345.042,-11130.744,-74.822,-45.088,0.706408,0.707794,0.003946,-0.706723,0.705625,-0.051354,-0.039133,0.033488,0.998673,0,0.90231,0.41903,54.138,0.838,-1,400.000,-1,375.000,-1,325.000,325.000,325.000,300.000,-1,-1,-1,-1,750.000,700.000,-1,-1,2,0,2,0,2,0,0,0,0,2,2,2,2,0,0,2,2
86,-7306.301,-11168.388,-76.737,-44.178,0.717538,0.696507,0.004163,-0.695486,0.716786,-0.050169,-0.037927,0.033103,0.998732,0,0.90030,0.45500,54.018,0.910,-1,400.000,-1,375.000,-1,325.000,300.000,300.000,300.000,-1,-1,-1,-1,750.000,700.000,-1,-1,2,0,2,0,2,0,0,0,0,2,2,2,2,0,0,2,2
87,-7267.045,-11205.335,-78.684,-43.264,0.728524,0.685003,0.004855,-0.684019,0.727823,-0.048900,-0.037030,0.032303,0.998792,0,0.89846,0.45697,53.908,0.914,-1,400.000,-1,375.000,-1,325.000,300.000,300.000,300.000,-1,-1,-1,-1,750.000,700.000,-1,-1,2,0,2,0,2,0,0,0,0,2,2,2,2,0,0,2,2
88,-7227.272,-11241.584,-80.566,-42.345,0.739382,0.673264,0.005498,-0.672318,0.738731,-0.047594,-0.036105,0.031494,0.998852,0,0.89690,0.45931,53.814,0.919,-1,400.000,-1,375.000,-1,325.000,300.000,300.000,300.000,-1,-1,-1,-1,750.000,700.000,-1,-1,2,0,2,0,2,0,0,0,0,2,2,2,2,0,0,2,2
89,-7186.975,-11277.137,-82.401,-41.421,0.750113,0.661282,0.006095,-0.660378,0.749513,-0.046159,-0.035093,0.030599,0.998915,0,0.89564,0.46201,53.739,0.924,-1,400.000,-1,375.000,-1,325.000,300.000,300.000,300.000,-1,-1,-1,-1,750.000,700.000,-1,-1,2,0,2,0,2,0,0,0,0,2,2,2,2,0,0,2,2
90,-7146.149,-11311.995,-84.168,-40.491,0.760721,0.649045,0.006640,-0.648184,0.760170,-0.044706,-0.034064,0.029705,0.998978,0,0.89472,0.46507,53.683,0.930,-1,400.000,-1,375.000,-1,325.000,300.000,300.000,300.000,-1,-1,-1,-1,750.000,700.000,-1,-1,2,0,2,0,2,0,0,0,0,2,2,2,2,0,0,2,2
91,-7104.784,-11346.160,-85.977,-39.554,0.771217,0.636537,0.006633,-0.635731,0.770693,-0.043342,-0.032700,0.029209,0.999038,0,0.89417,0.46847,53.650,0.937,-1,400.000,-1,375.000,-1,325.000,300.000,300.000,300.000,-1,-1,-1,-1,750.000,675.000,-1,-1,2,0,2,0,2,0,0,0,0,2,2,2,2,0,0,2,2
92,-7062.869,-11379.632,-87.732,-38.610,0.781592,0.623756,0.006522,-0.623005,0.781090,-0.041992,-0.031287,0.028757,0.999097,0,0.89400,0.47220,53.640,0.944,-1,400.000,-1,375.000,-1,325.000,300.000,300.000,300.000,-1,-1,-1,-1,750.000,675.000,-1,-1,2,0,2,0,2,0,0,0,0,2,2,2,2,0,0,2,2
93,-7020.393,-11412.411,-89.417,-37.657,0.791841,0.610694,0.006385,-0.609996,0.791361,-0.040642,-0.029873,0.028287,0.999153,0,0.89423,0.47624,53.654,0.952,-1,400.000,-1,375.000,-1,325.000,300.000,300.000,300.000,-1,-1,-1,-1,750.000,675.000,-1,-1,2,0,2,0,2,0,0,0,0,2,2,2,2,0,0,2,2
94,-6977.341,-11444.496,-91.077,-36.696,0.801965,0.597338,0.006232,-0.596686,0.801502,-0.039507,-0.028593,0.027965,0.999200,0,0.89487,0.48060,53.692,0.961,-1,400.000,-1,375.000,-1,325.000,300.000,300.000,300.000,-1,-1,-1,-1,750.000,675.000,-1,-1,2,0,2,0,2,0,0,0,0,2,2,2,2,0,0,2,2
95,-6933.701,-11475.884,-92.674,-35.726,0.811959,0.583682,0.006245,-0.583064,0.811512,-0.038539,-0.027563,0.027651,0.999238,0,0.89594,0.48526,53.756,0.971,-1,400.000,-1,375.000,-1,325.000,300.000,300.000,300.000,-1,-1,-1,-1,750.000,675.000,-1,-1,2,0,2,0,2,0,0,0,0,2,2,2,2,0,0,2,2
96,-6889.457,-11506.572,-94.081,-34.745,0.821809,0.569723,0.006782,-0.569129,0.821398,-0.037390,-0.026873,0.026868,0.999278,0,0.89742,0.49021,53.845,0.980,-1,400.000,-1,375.000,-1,325.000,300.000,300.000,300.000,-1,-1,-1,-1,750.000,675.000,-1,-1,2,0,2,0,2,0,0,0,0,2,2,2,2,0,0,2,2
97,-6844.593,-11536.554,-95.373,-33.754,0.831525,0.555442,0.007048,-0.554877,0.831141,-0.036283,-0.026011,0.026259,0.999317,0,0.89933,0.49544,53.960,0.991,-1,400.000,-1,375.000,-1,325.000,300.000,300.000,300.000,-1,-1,-1,-1,750.000,675.000,-1,-1,2,0,2,0,2,0,0,0,0,2,2,2,2,0,0,2,2
98,-6799.095,-11565.823,-96.570,-32.752,0.841100,0.540832,0.007149,-0.540299,0.840737,-0.035197,-0.025046,0.025742,0.999355,0,0.90166,0.50094,54.100,1.002,-1,400.000,-1,375.000,-1,325.000,300.000,300.000,300.000,-1,-1,-1,-1,750.000,675.000,-1,-1,2,0,2,0,2,0,0,0,0,2,2,2,2,0,0,2,2
99,-6752.946,-11594.369,-97.715,-31.739,0.850525,0.525886,0.007233,-0.525385,0.850184,-0.034028,-0.024044,0.025142,0.999395,0,0.90440,0.50670,54.264,1.013,-1,400.000,-1,375.000,-1,325.000,300.000,300.000,300.000,-1,-1,-1,-1,750.000,650.000,-1,-1,2,0,2,0,2,0,0,0,0,2,2,2,2,0,0,2,2
100,-6706.131,-11622.181,-98.892,-30.714,0.859788,0.510599,0.007239,-0.510144,0.859480,-0.032354,-0.022741,0.024124,0.999450,0,0.90756,0.51272,54.454,1.025,-1,400.000,-1,375.000,-1,325.000,300.000,300.000,300.000,-1,-1,-1,-1,750.000,650.000,-1,-1,2,0,2,0,2,0,0,0,0,2,2,2,2,0,0,2,2
101,-6658.681,-11649.222,-100.004,-29.679,0.868861,0.495003,0.007218,-0.494591,0.868584,-0.030672,-0.021452,0.023080,0.999503,0,0.91024,0.51749,54.615,1.035,-1,400.000,-1,375.000,-1,325.000,300.000,300.000,300.000,-1,-1,-1,-1,750.000,650.000,-1,-1,2,0,2,0,2,0,0,0,0,2,2,2,2,0,0,2,2
102,-6610.750,-11675.403,-101.057,-28.644,0.877651,0.479245,0.007214,-0.478873,0.877406,-0.028972,-0.020214,0.021973,0.999554,0,0.91024,0.51749,54.615,1.035,-1,400.000,-1,375.000,-1,325.000,300.000,300.000,300.000,-1,-1,-1,-1,750.000,650.000,-1,-1,2,0,2,0,2,0,0,0,0,2,2,2,2,0,0,2,2
103,-6562.354,-11700.713,-102.047,-27.609,0.886157,0.463330,0.007197,-0.462996,0.885941,-0.027267,-0.019010,0.020831,0.999602,0,0.91024,0.51749,54.615,1.035,-1,400.000,-1,375.000,-1,325.000,300.000,300.000,300.000,-1,-1,-1,-1,750.000,650.000,-1,-1,2,0,2,0,2,0,0,0,0,2,2,2,2,0,0,2,2
104,-6513.509,-11725.145,-102.971,-26.574,0.894374,0.447262,0.007153,-0.446964,0.894186,-0.025565,-0.017831,0.019668,0.999648,0,0.91024,0.51749,54.615,1.035,-1,400.000,-1,375.000,-1,325.000,300.000,300.000,300.000,-1,-1,-1,-1,725.000,650.000,-1,-1,2,0,2,0,2,0,0,0,0,2,2,2,2,0,0,2,2
105,-6464.231,-11748.690,-103.886,-25.539,0.902304,0.431046,0.006855,-0.430784,0.902136,-0.023979,-0.016520,0.018684,0.999689,0,0.91024,0.51749,54.615,1.035,-1,400.000,-1,375.000,-1,325.000,300.000,300.000,300.000,-1,-1,-1,-1,725.000,650.000,-1,-1,2,0,2,0,2,0,0,0,0,2,2,2,2,0,0,2,2
106,-6414.536,-11771.342,-104.778,-24.504,0.909942,0.414687,0.006376,-0.414460,0.909789,-0.022496,-0.015129,0.017827,0.999727,0,0.91024,0.51749,54.615,1.035,-1,400.000,-1,375.000,-1,325.000,300.000,300.000,300.000,-1,-1,-1,-1,725.000,650.000,-1,-1,2,0,2,0,2,0,0,0,0,2,2,2,2,0,0,2,2
107,-6364.439,-11793.092,-105.513,-23.469,0.917283,0.398195,0.005784,-0.398008,0.917151,-0.020596,-0.013506,0.016590,0.999771,0,0.91024,0.51749,54.615,1.035,-1,400.000,-1,375.000,-1,325.000,325.000,300.000,300.000,-1,-1,-1,-1,725.000,650.000,-1,-1,2,0,2,0,2,0,0,0,0,2,2,2,2,0,0,2,2
108,-6313.958,-11813.934,-106.151,-22.434,0.924325,0.381572,0.005135,-0.381423,0.924214,-0.018554,-0.011826,0.015191,0.999815,0,0.91024,0.51749,54.615,1.035,-1,400.000,-1,375.000,-1,325.000,325.000,300.000,300.000,-1,1000.000,-1,-1,725.000,675.000,-1,-1,2,0,2,0,2,0,0,0,0,2,0,2,2,0,0,2,2
109,-6263.108,-11833.861,-106.738,-21.399,0.931066,0.364823,0.004485,-0.364707,0.930975,-0.016576,-0.010222,0.013797,0.999853,0,0.91024,0.51749,54.615,1.035,-1,400.000,-1,375.000,-1,325.000,325.000,300.000,300.000,-1,975.000,-1,-1,725.000,675.000,-1,-1,2,0,2,0,2,0,0,0,0,2,0,2,2,0,0,2,2
110,-6211.907,-11852.866,-107.243,-20.364,0.937504,0.347953,0.003891,-0.347863,0.937428,-0.014826,-0.008806,0.012546,0.999883,0,0.91024,0.51749,54.615,1.035,-1,400.000,-1,375.000,-1,325.000,325.000,300.000,300.000,-1,975.000,-1,-1,725.000,675.000,-1,-1,2,0,2,0,2,0,0,0,0,2,0,2,2,0,0,2,2
111,-6160.371,-11870.943,-107.659,-19.329,0.943636,0.330968,0.003381,-0.330898,0.943572,-0.013345,-0.007607,0.011474,0.999905,0,0.91024,0.51749,54.615,1.035,-1,400.000,-1,375.000,-1,325.000,325.000,300.000,300.000,-1,1000.000,-1,-1,725.000,675.000,-1,-1,2,0,2,0,2,0,0,0,0,2,0,2,2,0,0,2,2
112,-6108.516,-11888.086,-108.035,-18.294,0.949460,0.313874,0.002887,-0.313821,0.949408,-0.011905,-0.006478,0.010397,0.999925,0,0.91024,0.51749,54.615,1.035,-1,400.000,-1,375.000,-1,325.000,325.000,300.000,300.000,-1,1000.000,-1,-1,725.000,675.000,-1,-1,2,0,2,0,2,0,0,0,0,2,0,2,2,0,0,2,2
113,-6056.361,-11904.290,-108.372,-17.259,0.954975,0.296677,0.002413,-0.296637,0.954932,-0.010505,-0.005421,0.009316,0.999942,0,0.91024,0.51749,54.615,1.035,-1,400.000,-1,375.000,-1,325.000,325.000,300.000,300.000,-1,-1,-1,-1,725.000,675.000,-1,-1,2,0,2,0,2,0,0,0,0,2,2,2,2,0,0,2,2
114,-6008.589,-11918.408,-108.643,-16.464,0.958999,0.283402,0.001993,-0.283373,0.958965,-0.009234,-0.004528,0.008290,0.999955,0,0.83024,0.39749,49.815,0.795,-1,400.000,-1,375.000,-1,325.000,325.000,300.000,300.000,-1,-1,-1,-1,725.000,675.000,-1,-1,2,0,2,0,2,0,0,0,0,2,2,2,2,0,0,2,2
115,-5965.298,-11930.747,-108.865,-15.909,0.961699,0.274102,0.001606,-0.274081,0.961673,-0.008037,-0.003747,0.007289,0.999966,0,0.75024,0.27749,45.015,0.555,-1,400.000,-1,375.000,-1,325.000,325.000,300.000,300.000,-1,-1,-1,-1,725.000,675.000,-1,-1,2,0,2,0,2,0,0,0,0,2,2,2,2,0,0,2,2
116,-5926.564,-11941.557,-108.930,-15.594,0.963192,0.268812,0.000794,-0.268800,0.963169,-0.007276,-0.002721,0.006795,0.999973,0,0.67024,0.15749,40.215,0.315,-1,400.000,-1,375.000,-1,325.000,325.000,300.000,300.000,-1,950.000,-1,-1,725.000,675.000,-1,-1,2,0,2,0,2,0,0,0,0,2,0,2,2,0,0,2,2
117,-5890.300,-11951.627,-108.956,-15.519,0.963543,0.267552,-0.000009,-0.267547,0.963523,-0.006568,-0.001749,0.006331,0.999978,0,0.62726,0.03749,37.636,0.075,-1,400.000,-1,375.000,-1,325.000,325.000,300.000,300.000,-1,825.000,-1,-1,725.000,675.000,-1,-1,2,0,2,0,2,0,0,0,0,2,0,2,2,0,0,2,2
118,-5854.066,-11961.801,-108.956,-15.684,0.962768,0.270327,-0.000821,-0.270327,0.962751,-0.005818,-0.000783,0.005824,0.999983,0,0.62726,-0.08251,37.636,-0.165,-1,400.000,-1,375.000,-1,325.000,325.000,300.000,300.000,-1,750.000,-1,-1,725.000,675.000,-1,-1,2,0,2,0,2,0,0,0,0,2,0,2,2,0,0,2,2
119,-5817.904,-11972.231,-108.930,-16.089,0.960832,0.277127,-0.001665,-0.277132,0.960819,-0.005002,0.000213,0.005268,0.999986,0,0.62726,-0.20251,37.636,-0.405,-1,400.000,-1,375.000,-1,325.000,325.000,300.000,300.000,-1,725.000,975.000,-1,725.000,675.000,-1,-1,2,0,2,0,2,0,0,0,0,2,0,0,2,0,0,2,2
120,-5781.862,-11983.068,-108.801,-16.734,0.957649,0.287927,-0.002656,-0.287935,0.957642,-0.003775,0.001456,0.004380,0.999989,0,0.62726,-0.32251,37.636,-0.645,-1,400.000,-1,375.000,-1,325.000,325.000,325.000,300.000,-1,675.000,825.000,-1,725.000,675.000,-1,-1,2,0,2,0,2,0,0,0,0,2,0,0,2,0,0,2,2
121,-5745.992,-11994.459,-108.655,-17.619,0.953084,0.302685,-0.003632,-0.302695,0.953084,-0.002493,0.002707,0.003475,0.999990,0,0.62726,-0.44251,37.636,-0.885,-1,400.000,-1,375.000,-1,325.000,325.000,325.000,300.000,-1,625.000,775.000,-1,700.000,675.000,-1,-1,2,0,2,0,2,0,0,0,0,2,0,0,2,0,0,2,2
122,-5710.327,-12006.476,-108.481,-18.620,0.947645,0.319294,-0.004535,-0.319302,0.947652,-0.001131,0.003936,0.002519,0.999989,0,0.62726,-0.50063,37.636,-1.001,-1,400.000,-1,375.000,-1,325.000,325.000,300.000,300.000,-1,575.000,700.000,-1,700.000,675.000,-1,-1,2,0,2,0,2,0,0,0,0,2,0,0,2,0,0,2,2
123,-5674.876,-12019.115,-108.264,-19.622,0.941916,0.335806,-0.005285,-0.335809,0.941930,0.000337,0.005092,0.001457,0.999986,0,0.62726,-0.50063,37.636,-1.001,-1,400.000,-1,375.000,-1,325.000,325.000,300.000,300.000,-1,550.000,675.000,-1,700.000,675.000,-1,-1,2,0,2,0,2,0,0,0,0,2,0,0,2,0,0,2,2
124,-5639.652,-12032.371,-108.031,-20.623,0.935900,0.352215,-0.005993,-0.352210,0.935919,0.001834,0.006255,0.000395,0.999980,0,0.62726,-0.50063,37.636,-1.001,-1,400.000,-1,375.000,-1,325.000,325.000,300.000,300.000,-1,525.000,650.000,-1,700.000,675.000,-1,-1,2,0,2,0,2,0,0,0,0,2,0,0,2,0,0,2,2
125,-5604.665,-12046.240,-107.782,-21.624,0.929598,0.368515,-0.006658,-0.368501,0.929621,0.003354,0.007426,-0.000665,0.999972,0,0.62726,-0.50063,37.636,-1.001,-1,400.000,-1,375.000,-1,325.000,325.000,300.000,300.000,-1,500.000,600.000,-1,700.000,675.000,-1,-1,2,0,2,0,2,0,0,0,0,2,0,0,2,0,0,2,2
126,-5569.926,-12060.719,-107.515,-22.625,0.923012,0.384703,-0.007277,-0.384676,0.923039,0.004897,0.008601,-0.001721,0.999962,0,0.62726,-0.50063,37.636,-1.001,-1,400.000,-1,375.000,-1,325.000,325.000,300.000,300.000,-1,475.000,575.000,-1,700.000,675.000,-1,-1,2,0,2,0,2,0,0,0,0,2,0,0,2,0,0,2,2
127,-5535.445,-12075.802,-107.230,-23.627,0.916144,0.400773,-0.007850,-0.400730,0.916173,0.006458,0.009780,-0.002771,0.999948,0,0.62726,-0.50063,37.636,-1.001,-1,400.000,-1,375.000,-1,325.000,300.000,300.000,300.000,-1,475.000,575.000,-1,700.000,675.000,-1,-1,2,0,2,0,2,0,0,0,0,2,0,0,2,0,0,2,2
128,-5501.233,-12091.486,-106.927,-24.628,0.908996,0.416720,-0.008374,-0.416660,0.909027,0.008034,0.010960,-0.003814,0.999933,0,0.62726,-0.50063,37.636,-1.001,-1,375.000,-1,375.000,-1,325.000,300.000,300.000,300.000,-1,450.000,550.000,-1,675.000,675.000,-1,-1,2,0,2,0,2,0,0,0,0,2,0,0,2,0,0,2,2
129,-5467.300,-12107.765,-106.603,-25.629,0.901572,0.432539,-0.008849,-0.432459,0.901602,0.009622,0.012140,-0.004848,0.999915,0,0.62726,-0.50063,37.636,-1.001,-1,375.000,-1,375.000,-1,325.000,300.000,300.000,300.000,-1,450.000,525.000,-1,675.000,675.000,-1,-1,2,0,2,0,2,0,0,0,0,2,0,0,2,0,0,2,2
130,-5433.657,-12124.634,-106.260,-26.630,0.893873,0.448225,-0.009274,-0.448123,0.893901,0.011218,0.013319,-0.005871,0.999894,0,0.62726,-0.50063,37.636,-1.001,-1,375.000,-1,375.000,-1,325.000,300.000,300.000,300.000,-1,450.000,525.000,-1,675.000,675.000,-1,-1,2,0,2,0,2,0,0,0,0,2,0,0,2,0,0,2,2
131,-5400.314,-12142.089,-105.841,-27.632,0.885901,0.463775,-0.009595,-0.463653,0.885928,0.012543,0.014318,-0.006663,0.999875,0,0.62726,-0.50063,37.636,-1.001,-1,375.000,-1,375.000,-1,300.000,300.000,300.000,300.000,-1,450.000,525.000,-1,675.000,675.000,-1,-1,2,0,2,0,2,0,0,0,0,2,0,0,2,0,0,2,2
132,-5367.280,-12160.124,-105.327,-28.633,0.877660,0.479183,-0.009809,-0.479046,0.877686,0.013494,0.015075,-0.007145,0.999861,0,0.62726,-0.50063,37.636,-1.001,-1,375.000,-1,375.000,-1,300.000,300.000,300.000,300.000,-1,450.000,525.000,-1,675.000,675.000,-1,-1,2,0,2,0,2,0,0,0,0,2,0,0,2,0,0,2,2
133,-5330.308,-12180.952,-104.685,-29.394,0.871213,0.490800,-0.010195,-0.490645,0.871239,0.014511,0.016005,-0.007640,0.999843,0,0.70726,-0.38063,42.436,-0.761,-1,375.000,-1,375.000,-1,300.000,300.000,300.000,300.000,-1,450.000,525.000,-1,675.000,675.000,-1,-1,2,0,2,0,2,0,0,0,0,2,0,0,2,0,0,2,2
134,-5289.366,-12204.510,-103.688,-29.915,0.866690,0.498707,-0.011833,-0.498529,0.866740,0.015167,0.017820,-0.007246,0.999815,0,0.78726,-0.26063,47.236,-0.521,-1,375.000,-1,375.000,-1,300.000,300.000,300.000,300.000,-1,475.000,525.000,-1,675.000,675.000,-1,-1,2,0,2,0,2,0,0,0,0,2,0,0,2,0,0,2,2
135,-5244.391,-12230.682,-102.441,-30.197,0.864194,0.502959,-0.014177,-0.502755,0.864287,0.015684,0.020142,-0.006427,0.999776,0,0.86726,-0.14063,52.036,-0.281,-1,375.000,-1,375.000,-1,300.000,300.000,300.000,300.000,-1,475.000,525.000,-1,675.000,700.000,-1,-1,2,0,2,0,2,0,0,0,0,2,0,0,2,0,0,2,2
136,-5195.697,-12259.065,-101.070,-30.238,0.863787,0.503583,-0.016610,-0.503353,0.863928,0.016262,0.022539,-0.005686,0.999730,0,0.93936,-0.02063,56.362,-0.041,-1,375.000,-1,375.000,-1,300.000,300.000,300.000,300.000,-1,475.000,525.000,-1,675.000,700.000,-1,-1,2,0,2,0,2,0,0,0,0,2,0,0,2,0,0,2,2
137,-5146.906,-12287.280,-99.616,-30.039,0.865488,0.500584,-0.018577,-0.500326,0.865671,0.016964,0.024574,-0.005388,0.999684,0,0.93936,0.09937,56.362,0.199,-1,375.000,-1,375.000,-1,300.000,300.000,300.000,300.000,-1,475.000,525.000,-1,700.000,700.000,-1,-1,2,0,2,0,2,0,0,0,0,2,0,0,2,0,0,2,2
