timestep,x_cm,y_cm,z_cm,yaw_deg,basis_xx,basis_xy,basis_xz,basis_yx,basis_yy,basis_yz,basis_zx,basis_zy,basis_zz,teleport_flag,throttle_cmd,steering_cmd,cmd_move_cm,cmd_turn_deg,lidar_cm_0,lidar_cm_1,lidar_cm_2,lidar_cm_3,lidar_cm_4,lidar_cm_5,lidar_cm_6,lidar_cm_7,lidar_cm_8,lidar_cm_9,lidar_cm_10,lidar_cm_11,lidar_cm_12,lidar_cm_13,lidar_cm_14,lidar_cm_15,lidar_cm_16,lidar_class_0,lidar_class_1,lidar_class_2,lidar_class_3,lidar_class_4,lidar_class_5,lidar_class_6,lidar_class_7,lidar_class_8,lidar_class_9,lidar_class_10,lidar_class_11,lidar_class_12,lidar_class_13,lidar_class_14,lidar_class_15,lidar_class_16
0,7522.818,1396.226,536.537,132.149,-0.670784,-0.740294,-0.044878,0.741085,-0.671410,-0.001509,-0.029014,-0.034271,0.998991,0,0.39384,0.33022,1.786,0.008,-1,576.817,-1,796.618,-1,491.432,529.153,726.376,554.179,-1,-1,-1,-1,-1,-1,-1,-1,2,0,2,0,2,0,0,0,0,2,2,2,2,2,2,2,2
1,7521.182,1398.038,542.746,132.174,-0.671220,-0.740180,-0.039967,0.740919,-0.671568,-0.005959,-0.022430,-0.033612,0.999183,0,0.39384,0.33022,2.441,0.025,-1,611.538,-1,856.962,-1,520.097,559.365,761.911,570.990,-1,-1,-1,-1,-1,-1,-1,-1,2,0,2,0,2,0,0,0,0,2,2,2,2,2,2,2,2
2,7519.189,1400.194,549.155,132.185,-0.671446,-0.740129,-0.037019,0.740880,-0.671532,-0.011903,-0.016050,-0.035419,0.999244,0,0.39384,0.33022,2.936,0.011,-1,645.659,-1,930.526,-1,549.381,591.588,785.882,593.647,-1,-1,-1,-1,-1,-1,-1,-1,2,0,2,0,2,0,0,0,0,2,2,2,2,2,2,2,2
3,7516.902,1402.575,554.993,132.192,-0.671583,-0.740034,-0.036416,0.740854,-0.671404,-0.018761,-0.010566,-0.039579,0.999161,0,0.39384,0.33022,3.301,0.007,-1,675.443,-1,-1,-1,574.676,621.830,794.472,620.212,-1,-1,-1,-1,-1,-1,-1,-1,2,0,2,2,2,0,0,0,0,2,2,2,2,2,2,2,2
4,7514.271,1405.217,559.799,132.193,-0.671618,-0.739981,-0.036842,0.740880,-0.671114,-0.026515,-0.005105,-0.045104,0.998969,0,0.39384,0.33022,3.728,0.001,-1,701.678,-1,-1,-1,597.774,651.513,790.796,647.791,-1,-1,-1,-1,-1,-1,-1,-1,2,0,2,2,2,0,0,0,0,2,2,2,2,2,2,2,2
5,7511.311,1408.186,563.376,132.197,-0.671681,-0.739930,-0.036717,0.740839,-0.670752,-0.035346,0.001525,-0.050943,0.998700,0,0.39384,0.33022,4.193,0.004,-1,728.306,-1,-1,-1,621.796,684.685,779.847,670.966,-1,-1,-1,-1,-1,-1,-1,-1,2,0,2,2,2,0,0,0,0,2,2,2,2,2,2,2,2
6,7508.062,1411.505,565.666,132.183,-0.671472,-0.740172,-0.035654,0.740966,-0.670007,-0.045381,0.009701,-0.056890,0.998333,0,0.39384,0.33022,4.644,-0.014,-1,756.593,-1,-1,-1,650.550,720.440,763.166,689.609,-1,-1,-1,-1,-1,-1,-1,-1,2,0,2,2,2,0,0,0,0,2,2,2,2,2,2,2,2
7,7504.607,1415.185,566.682,132.155,-0.671016,-0.740664,-0.033977,0.741191,-0.668892,-0.056735,0.019294,-0.063253,0.997811,0,0.39384,0.33022,5.048,-0.028,-1,786.271,-1,-1,-1,682.075,759.987,739.963,706.877,-1,-1,-1,-1,-1,-1,-1,-1,2,0,2,2,2,0,0,0,0,2,2,2,2,2,2,2,2
8,7500.954,1419.244,566.486,132.125,-0.670449,-0.741256,-0.032207,0.741348,-0.667514,-0.069490,0.030011,-0.070467,0.997063,0,0.39384,0.33022,5.461,-0.030,-1,816.529,-1,-1,-1,714.271,803.659,709.475,723.787,-1,-1,-1,-1,-1,-1,-1,-1,2,0,2,2,2,0,0,0,0,2,2,2,2,2,2,2,2
9,7497.142,1423.619,565.265,132.093,-0.669783,-0.741880,-0.031709,0.741444,-0.665832,-0.083243,0.040644,-0.079265,0.996025,0,0.39384,0.33022,5.803,-0.032,-1,842.861,-1,-1,-1,744.022,848.210,671.132,742.413,-1,-1,-1,-1,-1,-1,-1,-1,2,0,2,2,2,0,0,0,0,2,2,2,2,2,2,2,2
10,7493.253,1427.963,563.546,132.044,-0.668968,-0.742532,-0.033577,0.741806,-0.664096,-0.093272,0.046959,-0.087304,0.995074,0,0.39384,0.33022,5.830,-0.049,-1,852.892,-1,-1,-1,763.698,874.289,635.608,758.285,-1,-1,-1,-1,-1,-1,-1,-1,2,0,2,2,2,0,0,0,0,2,2,2,2,2,2,2,2
11,7489.424,1432.226,561.669,131.985,-0.668207,-0.742971,-0.038634,0.742521,-0.662758,-0.097027,0.046483,-0.093521,0.994532,0,0.39384,0.33022,5.730,-0.060,-1,838.521,-1,-1,-1,756.911,870.928,607.253,769.047,-1,-1,-1,-1,-1,-1,-1,-1,2,0,2,2,2,0,0,0,0,2,2,2,2,2,2,2,2
12,7485.662,1436.500,559.644,131.913,-0.667489,-0.743170,-0.046432,0.743582,-0.661972,-0.094225,0.039288,-0.097420,0.994468,0,0.39384,0.33022,5.693,-0.071,-1,801.937,-1,-1,-1,724.308,839.225,585.578,773.109,-1,-1,-1,-1,-1,-1,-1,-1,2,0,2,2,2,0,0,0,0,2,2,2,2,2,2,2,2
13,7481.959,1440.891,557.322,131.827,-0.666645,-0.743269,-0.055988,0.744902,-0.661664,-0.085566,0.026554,-0.098748,0.994758,0,0.39384,0.33022,5.744,-0.087,-1,750.457,-1,-1,-1,679.137,784.415,570.011,769.388,-1,-1,-1,-1,-1,-1,-1,-1,2,0,2,2,2,0,0,0,0,2,2,2,2,2,2,2,2
14,7478.231,1445.581,554.691,131.722,-0.665480,-0.743606,-0.064696,0.746332,-0.661608,-0.072544,0.011141,-0.096561,0.995265,0,0.39384,0.33022,5.991,-0.104,-1,697.255,-1,-1,-1,628.754,722.707,562.961,755.989,-1,-1,-1,-1,-1,-1,-1,-1,2,0,2,2,2,0,0,0,0,2,2,2,2,2,2,2,2
15,7474.387,1450.878,552.041,131.611,-0.664063,-0.744512,-0.068720,0.747672,-0.661583,-0.057395,-0.002733,-0.089493,0.995984,0,0.39384,0.33022,6.545,-0.112,-1,656.723,-1,-1,-1,587.329,671.446,569.838,731.504,-1,-1,-1,-1,-1,-1,-1,-1,2,0,2,2,2,0,0,0,0,2,2,2,2,2,2,2,2
16,7470.369,1456.803,549.466,131.503,-0.662597,-0.745886,-0.067968,0.748843,-0.661458,-0.041323,-0.014135,-0.078278,0.996831,0,0.33568,0.56288,7.159,-0.107,-1,628.786,-1,-1,-1,556.995,630.935,590.326,699.141,-1,-1,-1,-1,-1,-1,-1,-1,2,0,2,2,2,0,0,0,0,2,2,2,2,2,2,2,2
17,7466.189,1463.252,547.015,131.418,-0.661357,-0.747327,-0.064104,0.749700,-0.661300,-0.025150,-0.023596,-0.064692,0.997626,0,0.33568,0.56288,7.685,-0.086,-1,609.177,-1,999.017,-1,533.353,598.039,622.459,662.411,-1,-1,-1,-1,-1,-1,-1,-1,2,0,2,0,2,0,0,0,0,2,2,2,2,2,2,2,2
18,7461.842,1470.131,544.769,131.349,-0.660310,-0.748674,-0.058971,0.750320,-0.661006,-0.009601,-0.031792,-0.050586,0.998214,0,0.33568,0.56288,8.138,-0.068,-1,594.295,-1,917.702,-1,514.394,570.615,661.402,627.623,-1,-1,-1,-1,-1,-1,-1,-1,2,0,2,0,2,0,0,0,0,2,2,2,2,2,2,2,2
19,7457.300,1477.274,542.879,131.283,-0.659254,-0.749938,-0.054571,0.750865,-0.660436,0.005049,-0.039827,-0.037647,0.998497,0,0.33568,0.56288,8.465,-0.066,-1,580.332,-1,845.295,-1,498.047,546.042,701.503,598.051,-1,-1,-1,-1,-1,-1,-1,-1,2,0,2,0,2,0,0,0,0,2,2,2,2,2,2,2,2
20,7452.527,1484.500,541.506,131.230,-0.658307,-0.750991,-0.051427,0.751189,-0.659804,0.019322,-0.048443,-0.025911,0.998490,0,0.33568,0.56288,8.660,-0.053,-1,565.908,-1,786.167,-1,482.278,523.852,744.453,573.463,-1,-1,-1,-1,-1,-1,-1,-1,2,0,2,0,2,0,0,0,0,2,2,2,2,2,2,2,2
21,7447.524,1491.680,540.793,131.200,-0.657582,-0.751764,-0.049365,0.751154,-0.659264,0.033736,-0.057906,-0.014896,0.998211,0,0.33568,0.56288,8.751,-0.030,-1,551.231,-1,731.540,-1,467.011,503.068,797.463,552.709,-1,-1,-1,-1,-1,-1,-1,-1,2,0,2,0,2,0,0,0,0,2,2,2,2,2,2,2,2
22,7442.283,1498.811,540.784,131.203,-0.657193,-0.752166,-0.048417,0.750639,-0.658957,0.048138,-0.068113,-0.004707,0.997667,0,0.33568,0.56288,8.850,0.003,-1,536.687,-1,686.097,-1,452.519,483.684,848.646,534.329,-1,-1,-1,-1,997.045,-1,-1,-1,2,0,2,0,2,0,0,0,0,2,2,2,2,0,2,2,2
23,7436.799,1506.053,541.330,131.224,-0.656972,-0.752378,-0.048106,0.749832,-0.658715,0.062026,-0.078356,0.004678,0.996915,0,0.33568,0.56288,9.083,0.021,-1,523.550,-1,647.346,-1,439.627,466.528,-1,519.862,-1,-1,-1,-1,958.665,-1,-1,-1,2,0,2,0,2,0,0,2,0,2,2,2,2,0,2,2,2
24,7431.115,1513.455,542.268,131.255,-0.656894,-0.752497,-0.047316,0.748905,-0.658455,0.074687,-0.087357,0.013626,0.996084,0,0.33568,0.56288,9.333,0.032,-1,514.259,-1,616.668,-1,429.887,453.179,-1,508.075,-1,-1,-1,-1,930.520,-1,-1,-1,2,0,2,0,2,0,0,2,0,2,2,2,2,0,2,2,2
25,7425.199,1520.928,543.789,131.282,-0.656978,-0.752495,-0.046172,0.748287,-0.658320,0.081740,-0.091905,0.019151,0.995584,0,0.33568,0.56288,9.532,0.027,-1,513.688,-1,606.817,-1,427.772,449.553,-1,504.752,-1,-1,-1,-1,924.531,-1,-1,-1,2,0,2,0,2,0,0,2,0,2,2,2,2,0,2,2,2
26,7418.932,1528.409,545.678,131.311,-0.657392,-0.752194,-0.045179,0.747994,-0.658638,0.081857,-0.091329,0.020018,0.995620,0,0.33568,0.56288,9.759,0.029,-1,521.850,-1,618.665,-1,433.367,456.075,-1,509.644,-1,-1,-1,-1,940.158,-1,-1,-1,2,0,2,0,2,0,0,2,0,2,2,2,2,0,2,2,2
27,7412.234,1535.898,547.492,131.348,-0.658158,-0.751553,-0.044681,0.747897,-0.659466,0.075858,-0.086477,0.016510,0.996117,0,0.33568,0.56288,10.047,0.037,-1,536.093,-1,647.420,-1,446.144,471.210,-1,520.803,-1,-1,-1,-1,969.006,-1,-1,-1,2,0,2,0,2,0,0,2,0,2,2,2,2,0,2,2,2
28,7405.137,1543.414,548.768,131.389,-0.659104,-0.750701,-0.045043,0.747888,-0.660572,0.065638,-0.079029,0.009575,0.996826,0,0.33568,0.56288,10.338,0.041,-1,552.540,-1,688.738,-1,462.313,492.622,-1,536.773,-1,-1,-1,-1,1001.192,-1,-1,-1,2,0,2,0,2,0,0,2,0,2,2,2,2,0,2,2,2
29,7397.608,1550.823,549.167,131.472,-0.660592,-0.749358,-0.045610,0.747410,-0.662163,0.054023,-0.070684,0.001597,0.997497,0,0.33568,0.56288,10.563,0.082,-1,568.248,-1,738.365,-1,478.840,514.241,-1,553.926,-1,-1,-1,-1,-1,-1,-1,-1,2,0,2,0,2,0,0,2,0,2,2,2,2,2,2,2,2
30,7389.634,1557.910,548.517,131.659,-0.663364,-0.746871,-0.046167,0.745627,-0.664945,0.043454,-0.063153,-0.005598,0.997988,0,0.33568,0.56288,10.668,0.187,-1,579.960,-1,782.619,-1,492.193,531.734,866.802,568.880,-1,-1,-1,-1,-1,-1,-1,-1,2,0,2,0,2,0,0,0,0,2,2,2,2,2,2,2,2
31,7381.534,1564.884,546.879,131.869,-0.666337,-0.744060,-0.048678,0.743448,-0.667965,0.033280,-0.057278,-0.014014,0.998260,0,0.33568,0.56288,10.689,0.211,-1,584.292,-1,816.335,-1,499.829,544.018,795.461,584.206,-1,-1,-1,-1,-1,-1,-1,-1,2,0,2,0,2,0,0,0,0,2,2,2,2,2,2,2,2
32,7373.250,1571.823,544.315,132.099,-0.669482,-0.740968,-0.052530,0.740968,-0.671135,0.023319,-0.052533,-0.023311,0.998347,0,0.33568,0.56288,10.806,0.229,-1,582.781,-1,845.410,-1,502.262,551.737,725.979,598.879,-1,-1,-1,-1,-1,-1,-1,-1,2,0,2,0,2,0,0,0,0,2,2,2,2,2,2,2,2
33,7364.898,1578.768,541.341,132.350,-0.672878,-0.737702,-0.055054,0.738191,-0.674429,0.014816,-0.048060,-0.030671,0.998373,0,0.33568,0.56288,10.863,0.251,-1,581.162,-1,865.933,-1,503.480,557.352,674.994,606.984,-1,-1,-1,-1,-1,-1,-1,-1,2,0,2,0,2,0,0,0,0,2,2,2,2,2,2,2,2
34,7356.869,1585.391,538.920,132.662,-0.677009,-0.734088,-0.052674,0.734634,-0.678361,0.011818,-0.044407,-0.030696,0.998542,0,0.33568,0.56288,10.408,0.313,-1,584.467,-1,875.037,-1,505.495,560.505,662.147,604.082,-1,-1,-1,-1,-1,-1,-1,-1,2,0,2,0,2,0,0,0,0,2,2,2,2,2,2,2,2
35,7349.290,1591.795,537.537,133.023,-0.681693,-0.730208,-0.045731,0.730437,-0.682824,0.014636,-0.041913,-0.023426,0.998847,0,0.33568,0.56288,9.922,0.361,-1,593.473,-1,872.423,-1,508.909,561.587,688.153,592.280,-1,-1,-1,-1,-1,-1,-1,-1,2,0,2,0,2,0,0,0,0,2,2,2,2,2,2,2,2
36,7342.555,1598.600,537.424,133.233,-0.684397,-0.728116,-0.038052,0.727979,-0.685310,0.019936,-0.040593,-0.014056,0.999077,0,0.33568,0.56288,9.575,0.210,-1,605.670,-1,867.260,-1,514.066,563.910,732.097,579.479,-1,-1,-1,-1,-1,-1,-1,-1,2,0,2,0,2,0,0,0,0,2,2,2,2,2,2,2,2
37,7336.093,1605.629,538.318,133.386,-0.686369,-0.726668,-0.029182,0.726159,-0.686984,0.027297,-0.039884,-0.002455,0.999201,0,0.33568,0.56288,9.548,0.154,-1,621.591,-1,860.008,-1,521.200,567.468,807.782,564.380,-1,-1,-1,-1,-1,-1,-1,1001.661,2,0,2,0,2,0,0,0,0,2,2,2,2,2,2,2,1
38,7329.672,1612.839,539.838,133.522,-0.688100,-0.725329,-0.020408,0.724549,-0.688341,0.034857,-0.039330,0.009199,0.999184,0,0.33568,0.56288,9.654,0.136,-1,638.034,-1,852.496,-1,531.102,572.597,907.261,551.089,-1,-1,-1,-1,-1,-1,-1,988.793,2,0,2,0,2,0,0,0,0,2,2,2,2,2,2,2,1
39,7323.162,1620.120,541.645,133.665,-0.689908,-0.723784,-0.012796,0.722821,-0.689738,0.042324,-0.039459,0.019951,0.999022,0,0.33568,0.56288,9.768,0.143,-1,653.779,-1,844.806,-1,540.146,577.128,-1,540.271,-1,-1,-1,-1,-1,-1,-1,975.689,2,0,2,0,2,0,0,2,0,2,2,2,2,2,2,2,1
40,7316.450,1627.273,543.460,133.843,-0.692103,-0.721765,-0.006970,0.720623,-0.691494,0.050376,-0.041180,0.029843,0.998706,0,0.33568,0.56288,9.809,0.178,-1,664.938,-1,832.410,-1,545.245,577.829,-1,531.132,-1,-1,-1,-1,-1,-1,-1,-1,2,0,2,0,2,0,0,2,0,2,2,2,2,2,2,2,2
41,7309.504,1634.253,544.975,134.085,-0.695026,-0.718977,-0.003207,0.717588,-0.693948,0.059191,-0.044782,0.038837,0.998242,0,0.33568,0.56288,9.847,0.242,-1,668.885,-1,813.488,-1,544.784,573.031,-1,523.170,-1,-1,-1,-1,-1,-1,-1,-1,2,0,2,0,2,0,0,2,0,2,2,2,2,2,2,2,2
42,7302.330,1641.135,545.895,134.356,-0.698239,-0.715864,-0.001439,0.714116,-0.696671,0.068468,-0.050016,0.046780,0.997652,0,0.33568,0.56288,9.941,0.271,-1,665.180,-1,789.025,-1,538.829,563.036,-1,516.776,-1,-1,-1,-1,-1,-1,-1,-1,2,0,2,0,2,0,0,2,0,2,2,2,2,2,2,2,2
43,7294.961,1647.958,545.996,134.639,-0.701504,-0.712664,-0.001516,0.710411,-0.699452,0.077992,-0.056643,0.053634,0.996953,0,0.33568,0.56288,10.043,0.283,-1,654.442,-1,759.230,-1,527.681,548.412,-1,510.418,-1,-1,-1,-1,-1,-1,-1,-1,2,0,2,0,2,0,0,2,0,2,2,2,2,2,2,2,2
44,7287.558,1654.569,545.146,134.916,-0.704574,-0.709622,-0.003515,0.706639,-0.702050,0.088246,-0.065089,0.059692,0.996092,0,-0.12428,0.60264,9.926,0.278,-1,635.477,-1,721.774,-1,510.559,528.014,-1,502.152,-1,-1,-1,-1,-1,-1,-1,-1,2,0,2,0,2,0,0,2,0,2,2,2,2,2,2,2,2
45,7280.364,1660.827,543.306,135.176,-0.707242,-0.706931,-0.007543,0.702903,-0.704275,0.099624,-0.075740,0.065156,0.994997,0,-0.12428,0.60264,9.534,0.260,-1,608.057,-1,677.209,-1,487.231,501.663,-1,492.500,-1,-1,-1,-1,-1,-1,-1,-1,2,0,2,0,2,0,0,2,0,2,2,2,2,2,2,2,2
46,7273.369,1666.679,540.475,135.442,-0.709746,-0.704333,-0.013253,0.698876,-0.706362,0.112357,-0.088498,0.070483,0.993580,0,-0.12428,0.60264,9.121,0.266,-1,573.803,-1,627.505,988.358,459.509,470.915,-1,481.058,-1,-1,-1,-1,-1,-1,-1,-1,2,0,2,0,1,0,0,2,0,2,2,2,2,2,2,2,2
47,7266.558,1672.218,536.592,135.704,-0.711909,-0.701957,-0.021050,0.694624,-0.708251,0.126011,-0.103363,0.075086,0.991806,0,-0.12428,0.60264,8.779,0.262,-1,534.157,-1,571.580,966.505,428.494,436.667,-1,468.486,-1,-1,-1,-1,967.326,989.861,-1,-1,2,0,2,0,1,0,0,2,0,2,2,2,2,0,0,2,2
48,7259.641,1677.229,532.190,136.020,-0.714639,-0.698843,-0.030158,0.689629,-0.711121,0.136813,-0.117057,0.076973,0.990138,0,-0.12428,0.60264,8.541,0.316,-1,495.057,-1,522.674,945.297,398.617,404.892,-1,458.877,-1,-1,-1,-1,869.813,914.634,-1,-1,2,0,2,0,1,0,0,2,0,2,2,2,2,0,0,2,2
49,7252.402,1681.504,528.236,136.378,-0.718302,-0.694706,-0.037773,0.684564,-0.715418,0.139818,-0.124156,0.074574,0.989456,0,-0.12428,0.60264,8.407,0.357,-1,469.183,-1,496.701,926.633,379.647,385.589,-1,457.364,-1,-1,-1,-1,814.260,874.333,-1,-1,2,0,2,0,1,0,0,2,0,2,2,2,2,0,0,2,2
50,7244.870,1685.217,525.258,136.728,-0.722681,-0.689953,-0.041196,0.680363,-0.720609,0.133527,-0.121814,0.068469,0.990188,0,-0.12428,0.60264,8.397,0.350,-1,462.680,-1,498.232,911.687,376.167,383.938,-1,463.515,-1,-1,-1,-1,804.122,874.013,-1,-1,2,0,2,0,1,0,0,2,0,2,2,2,2,0,0,2,2
51,7237.300,1688.647,523.251,137.029,-0.727160,-0.685249,-0.040899,0.677406,-0.725934,0.118918,-0.111178,0.058767,0.992061,0,-0.12428,0.60264,8.311,0.301,-1,473.021,-1,523.596,900.941,386.555,397.511,-1,477.253,-1,-1,-1,-1,834.611,911.595,-1,-1,2,0,2,0,1,0,0,2,0,2,2,2,2,0,0,2,2
52,7229.730,1691.136,521.939,137.382,-0.732406,-0.679807,-0.037998,0.673915,-0.731753,0.101867,-0.097055,0.049001,0.994072,0,-0.12428,0.60264,7.969,0.353,-1,492.295,-1,560.925,891.669,403.075,417.808,-1,493.537,-1,-1,-1,-1,892.491,968.926,-1,-1,2,0,2,0,1,0,0,2,0,2,2,2,2,0,0,2,2
53,7222.600,1693.079,520.968,137.728,-0.737420,-0.674494,-0.035624,0.670334,-0.737303,0.083887,-0.082847,0.037980,0.995838,0,-0.12428,0.60264,7.390,0.347,-1,512.320,-1,599.978,884.190,421.079,440.311,-1,512.879,-1,-1,-1,-1,966.337,-1,-1,-1,2,0,2,0,1,0,0,2,0,2,2,2,2,0,2,2,2
54,7216.052,1695.044,520.347,138.069,-0.742068,-0.669422,-0.034782,0.666538,-0.742389,0.067719,-0.071155,0.027069,0.997098,0,-0.12428,0.60264,6.836,0.341,-1,529.101,-1,637.298,877.109,436.767,460.725,901.575,531.565,-1,-1,-1,-1,-1,-1,-1,-1,2,0,2,0,1,0,0,0,0,2,2,2,2,2,2,2,2
55,7210.047,1697.235,520.295,138.387,-0.746137,-0.664876,-0.034930,0.662758,-0.746716,0.056275,-0.063498,0.018839,0.997804,0,-0.12428,0.60264,6.393,0.318,-1,540.776,-1,662.862,869.368,448.387,475.145,825.583,547.895,-1,-1,-1,-1,-1,-1,-1,-1,2,0,2,0,1,0,0,0,0,2,2,2,2,2,2,2,2
56,7204.472,1699.605,520.734,138.664,-0.749511,-0.661051,-0.035294,0.659289,-0.750201,0.050354,-0.059764,0.014472,0.998108,0,-0.12428,0.60264,6.058,0.277,-1,547.824,-1,676.460,860.697,455.108,483.681,793.160,559.456,-1,-1,-1,-1,-1,-1,-1,-1,2,0,2,0,1,0,0,0,0,2,2,2,2,2,2,2,2
57,7199.314,1702.087,521.454,138.927,-0.752536,-0.657593,-0.035509,0.655852,-0.753238,0.049899,-0.059560,0.014262,0.998123,0,-0.12428,0.60264,5.724,0.263,-1,550.488,-1,677.070,850.653,457.165,485.497,799.727,564.692,-1,-1,-1,-1,-1,-1,-1,-1,2,0,2,0,1,0,0,0,0,2,2,2,2,2,2,2,2
58,7194.618,1704.850,522.187,139.137,-0.754838,-0.654950,-0.035498,0.652999,-0.755479,0.053324,-0.061742,0.017071,0.997946,0,-0.12428,0.60264,5.449,0.210,-1,549.917,-1,668.612,840.251,455.793,482.511,833.007,564.585,-1,-1,-1,-1,-1,-1,-1,-1,2,0,2,0,1,0,0,0,0,2,2,2,2,2,2,2,2
59,7190.251,1707.741,522.616,139.321,-0.756759,-0.652774,-0.034672,0.650426,-0.757212,0.059795,-0.065286,0.022699,0.997608,0,-0.12428,0.60264,5.237,0.184,-1,547.391,-1,653.351,829.422,451.974,475.873,890.353,559.111,-1,-1,-1,-1,-1,-1,-1,-1,2,0,2,0,1,0,0,0,0,2,2,2,2,2,2,2,2
60,7186.147,1710.673,522.488,139.499,-0.758560,-0.650766,-0.033038,0.647904,-0.758678,0.068033,-0.069338,0.030202,0.997136,0,-0.12428,0.60264,5.044,0.177,-1,543.474,-1,634.068,818.308,446.445,466.775,-1,547.418,-1,-1,-1,-1,-1,-1,-1,-1,2,0,2,0,1,0,0,2,0,2,2,2,2,2,2,2,2
61,7182.226,1713.584,521.703,139.674,-0.760323,-0.648815,-0.030799,0.645402,-0.759970,0.076820,-0.073248,0.038531,0.996569,0,-0.12428,0.60264,4.884,0.175,-1,538.682,-1,613.594,807.211,439.911,456.749,-1,533.251,-1,-1,-1,-1,-1,-1,-1,-1,2,0,2,0,1,0,0,2,0,2,2,2,2,2,2,2,2
62,7178.429,1716.463,520.545,139.834,-0.761981,-0.646976,-0.028407,0.643151,-0.761151,0.083699,-0.075773,0.045507,0.996086,0,-0.12428,0.60264,4.765,0.160,-1,535.008,-1,598.269,797.111,434.671,448.781,-1,520.904,-1,-1,-1,-1,-1,-1,-1,-1,2,0,2,0,1,0,0,2,0,2,2,2,2,2,2,2,2
63,7174.449,1719.341,519.309,140.019,-0.764068,-0.644631,-0.025502,0.640709,-0.762856,0.086849,-0.075440,0.050019,0.995895,0,0.35081,0.97946,4.912,0.185,-1,535.584,-1,591.204,841.936,433.437,445.769,-1,512.862,-1,-1,-1,-1,-1,996.547,-1,-1,2,0,2,0,1,0,0,2,0,2,2,2,2,2,0,2,2
64,7169.819,1722.061,518.136,140.279,-0.767166,-0.641086,-0.021553,0.637383,-0.765651,0.086730,-0.072103,0.052799,0.995999,0,0.35081,0.97946,5.370,0.261,-1,541.575,-1,591.790,912.423,436.773,447.878,-1,508.372,-1,-1,-1,-1,-1,997.878,-1,-1,2,0,2,0,1,0,0,2,0,2,2,2,2,2,0,2,2
65,7164.698,1724.465,517.194,140.603,-0.770980,-0.636601,-0.018140,0.633228,-0.769309,0.084767,-0.067918,0.053867,0.996236,0,0.35081,0.97946,5.657,0.323,-1,549.648,-1,595.641,1004.735,441.639,451.986,-1,507.465,-1,-1,-1,-1,-1,1005.303,-1,-1,2,0,2,0,1,0,0,2,0,2,2,2,2,2,0,2,2
66,7159.273,1726.969,516.515,140.927,-0.774762,-0.632037,-0.016506,0.629017,-0.773173,0.080877,-0.063880,0.052278,0.996587,0,0.35081,0.97946,5.975,0.325,-1,556.510,-1,601.892,-1,446.495,456.989,-1,512.174,-1,-1,-1,-1,-1,-1,-1,-1,2,0,2,0,2,0,0,2,0,2,2,2,2,2,2,2,2
67,7153.599,1729.429,516.163,141.248,-0.778407,-0.627541,-0.016553,0.624780,-0.777009,0.076858,-0.061093,0.049485,0.996905,0,0.35081,0.97946,6.185,0.321,-1,560.494,-1,607.070,-1,449.858,460.927,-1,519.458,-1,-1,-1,-1,-1,-1,-1,-1,2,0,2,0,2,0,0,2,0,2,2,2,2,2,2,2,2
68,7147.815,1731.703,516.190,141.565,-0.781899,-0.623149,-0.017878,0.620512,-0.780710,0.073873,-0.059991,0.046668,0.997107,0,0.35081,0.97946,6.214,0.316,-1,561.480,-1,609.300,-1,451.249,462.731,-1,527.540,-1,-1,-1,-1,-1,-1,-1,-1,2,0,2,0,2,0,0,2,0,2,2,2,2,2,2,2,2
69,7141.917,1733.852,516.426,141.901,-0.785522,-0.618525,-0.019552,0.615908,-0.784486,0.072379,-0.060106,0.044812,0.997186,0,0.35081,0.97946,6.277,0.336,-1,560.811,-1,608.269,-1,451.182,462.665,-1,534.624,-1,-1,-1,-1,-1,-1,-1,-1,2,0,2,0,2,0,0,2,0,2,2,2,2,2,2,2,2
70,7135.861,1736.223,516.649,142.241,-0.789160,-0.613837,-0.020765,0.611227,-0.788223,0.071458,-0.060231,0.043699,0.997227,0,0.35081,0.97946,6.504,0.340,-1,560.685,-1,606.608,-1,451.226,462.502,-1,540.631,-1,-1,-1,-1,-1,-1,-1,-1,2,0,2,0,2,0,0,2,0,2,2,2,2,2,2,2,2
71,7129.580,1738.699,516.722,142.604,-0.793025,-0.608833,-0.020817,0.606219,-0.792068,0.071603,-0.060083,0.044163,0.997216,0,0.35081,0.97946,6.752,0.363,-1,561.973,-1,604.603,-1,451.836,462.165,-1,543.965,-1,-1,-1,-1,-1,-1,-1,-1,2,0,2,0,2,0,0,2,0,2,2,2,2,2,2,2,2
72,7123.133,1741.286,516.620,142.982,-0.797019,-0.603620,-0.020103,0.600988,-0.795960,0.072527,-0.059780,0.045724,0.997164,0,0.35081,0.97946,6.946,0.378,-1,563.966,-1,601.044,-1,452.559,461.487,-1,545.131,-1,-1,-1,-1,-1,1005.013,-1,-1,2,0,2,0,2,0,0,2,0,2,2,2,2,2,0,2,2
73,7116.528,1743.938,516.344,143.371,-0.801100,-0.598230,-0.018957,0.595581,-0.799893,0.073858,-0.059347,0.047877,0.997089,0,0.35081,0.97946,7.118,0.389,-1,566.221,-1,596.822,-1,452.997,460.511,-1,542.363,-1,-1,-1,-1,-1,994.422,-1,-1,2,0,2,0,2,0,0,2,0,2,2,2,2,2,0,2,2
74,7109.766,1746.367,515.948,143.796,-0.805520,-0.592309,-0.017563,0.589630,-0.804121,0.075668,-0.058942,0.050596,0.996978,0,0.35081,0.97946,7.185,0.425,-1,568.415,-1,591.606,-1,453.149,459.000,-1,538.822,-1,-1,-1,-1,-1,981.758,-1,-1,2,0,2,0,2,0,0,2,0,2,2,2,2,2,0,2,2
75,7102.889,1748.651,515.490,144.238,-0.810079,-0.586092,-0.016344,0.583435,-0.808542,0.076581,-0.058098,0.052501,0.996929,0,0.35081,0.97946,7.247,0.442,-1,570.844,-1,587.618,-1,453.715,458.141,-1,536.666,-1,-1,-1,-1,-1,972.123,-1,-1,2,0,2,0,2,0,0,2,0,2,2,2,2,2,0,2,2
76,7095.910,1750.846,515.009,144.682,-0.814634,-0.579767,-0.015509,0.577188,-0.813048,0.076199,-0.056787,0.053123,0.996972,0,0.35081,0.97946,7.316,0.444,-1,574.158,-1,585.390,-1,454.771,458.185,-1,536.752,-1,-1,-1,-1,-1,966.663,-1,-1,2,0,2,0,2,0,0,2,0,2,2,2,2,2,0,2,2
77,7088.862,1753.333,514.560,145.076,-0.818676,-0.574055,-0.015222,0.571617,-0.817165,0.074125,-0.054991,0.051983,0.997133,0,0.35081,0.97946,7.474,0.395,-1,577.885,-1,585.757,-1,456.506,459.556,-1,540.136,-1,-1,-1,-1,-1,967.222,-1,-1,2,0,2,0,2,0,0,2,0,2,2,2,2,2,0,2,2
78,7081.656,1755.871,514.184,145.474,-0.822691,-0.568288,-0.015118,0.565969,-0.821256,0.072243,-0.053471,0.050878,0.997272,0,0.35081,0.97946,7.640,0.398,-1,581.171,-1,585.657,-1,457.959,460.623,-1,543.668,-1,-1,-1,-1,-1,966.578,-1,-1,2,0,2,0,2,0,0,2,0,2,2,2,2,2,0,2,2
79,7074.314,1758.265,513.857,145.906,-0.826971,-0.562039,-0.015203,0.559775,-0.825569,0.071324,-0.052638,0.050473,0.997337,0,0.35081,0.97946,7.722,0.432,-1,583.298,-1,583.509,-1,458.435,460.747,-1,546.053,-1,-1,-1,-1,-1,961.103,-1,-1,2,0,2,0,2,0,0,2,0,2,2,2,2,2,0,2,2
80,7066.843,1760.476,513.558,146.366,-0.831467,-0.555368,-0.015144,0.553132,-0.830057,0.071072,-0.052042,0.050717,0.997356,0,0.35081,0.97946,7.791,0.460,-1,585.380,-1,580.280,-1,458.631,460.803,-1,548.516,-1,-1,-1,-1,-1,953.081,-1,-1,2,0,2,0,2,0,0,2,0,2,2,2,2,2,0,2,2
81,7059.303,1762.480,513.298,146.839,-0.836041,-0.548470,-0.014663,0.546279,-0.834597,0.070903,-0.051126,0.051267,0.997375,0,0.35081,0.97946,7.802,0.473,-1,588.707,-1,577.763,-1,459.470,460.854,-1,550.788,-1,-1,-1,-1,-1,947.473,-1,-1,2,0,2,0,2,0,0,2,0,2,2,2,2,2,0,2,2
82,7051.693,1764.491,513.035,147.302,-0.840479,-0.541664,-0.013974,0.539543,-0.839005,0.070448,-0.049883,0.051670,0.997418,0,0.35081,0.97946,7.871,0.463,-1,592.838,-1,576.973,-1,461.117,461.368,-1,553.159,-1,-1,-1,-1,-1,945.662,-1,-1,2,0,2,0,2,0,0,2,0,2,2,2,2,2,0,2,2
83,7044.002,1766.734,512.766,147.748,-0.844715,-0.535052,-0.013284,0.533013,-0.843228,0.069741,-0.048517,0.051830,0.997477,0,0.35081,0.97946,8.011,0.446,-1,597.174,-1,576.716,-1,463.351,462.156,-1,554.036,-1,-1,-1,-1,-1,945.173,-1,-1,2,0,2,0,2,0,0,2,0,2,2,2,2,2,0,2,2
84,7036.240,1768.713,512.535,148.228,-0.849179,-0.527958,-0.012483,0.525947,-0.847607,0.070299,-0.047696,0.053131,0.997448,0,0.35081,0.97946,8.011,0.479,-1,601.050,-1,574.329,-1,464.853,461.879,-1,552.542,-1,-1,-1,-1,-1,939.301,-1,-1,2,0,2,0,2,0,0,2,0,2,2,2,2,2,0,2,2
85,7028.485,1770.539,512.343,148.714,-0.853641,-0.520726,-0.011893,0.518733,-0.851992,0.070897,-0.047051,0.054351,0.997413,0,0.35081,0.97946,7.967,0.487,-1,605.973,-1,571.653,-1,466.088,461.387,-1,551.296,-1,-1,-1,-1,-1,932.693,-1,-1,2,0,2,0,2,0,0,2,0,2,2,2,2,2,0,2,2
86,7020.708,1772.491,512.150,149.157,-0.857674,-0.514070,-0.011293,0.512150,-0.856015,0.070293,-0.045803,0.054505,0.997462,0,0.35081,0.97946,8.018,0.443,-1,613.554,-1,571.048,-1,467.940,462.115,-1,553.128,-1,-1,-1,-1,-1,931.779,-1,-1,2,0,2,0,2,0,0,2,0,2,2,2,2,2,0,2,2
87,7012.790,1774.797,511.877,149.556,-0.861295,-0.507994,-0.010620,0.506205,-0.859693,0.068441,-0.043897,0.053572,0.997599,0,0.35081,0.97946,8.247,0.399,-1,622.105,-1,571.762,-1,470.595,464.015,-1,557.835,-1,-1,-1,-1,-1,936.593,-1,-1,2,0,2,0,2,0,0,2,0,2,2,2,2,2,0,2,2
88,7004.694,1776.945,511.521,150.000,-0.865246,-0.501250,-0.009904,0.499549,-0.863645,0.067580,-0.042428,0.053525,0.997665,0,0.35081,0.97946,8.376,0.444,-1,629.144,-1,570.646,-1,472.432,464.791,-1,560.446,-1,-1,-1,-1,-1,936.451,-1,-1,2,0,2,0,2,0,0,2,0,2,2,2,2,2,0,2,2
89,6996.507,1778.939,511.087,150.460,-0.869267,-0.494252,-0.009425,0.492602,-0.867648,0.067307,-0.041444,0.053865,0.997688,0,0.35081,0.97946,8.426,0.460,-1,634.672,-1,568.054,-1,473.297,465.116,-1,561.941,-1,-1,-1,-1,-1,937.771,-1,-1,2,0,2,0,2,0,0,2,0,2,2,2,2,2,0,2,2
90,6988.246,1780.870,510.613,150.922,-0.873234,-0.487212,-0.009289,0.485597,-0.871615,0.066954,-0.040717,0.053956,0.997713,0,0.35081,0.97946,8.484,0.462,-1,638.891,-1,564.992,-1,473.570,465.338,-1,563.831,-1,-1,-1,-1,-1,941.646,-1,-1,2,0,2,0,2,0,0,2,0,2,2,2,2,2,0,2,2
91,6979.922,1782.626,510.189,151.417,-0.877415,-0.479639,-0.009452,0.478044,-0.875809,0.066575,-0.040211,0.053896,0.997737,0,0.44410,1.00000,8.508,0.495,-1,642.327,-1,562.736,-1,473.504,465.260,-1,566.200,-1,-1,-1,-1,-1,944.850,-1,-1,2,0,2,0,2,0,0,2,0,2,2,2,2,2,0,2,2
92,6971.571,1784.173,509.943,151.927,-0.881654,-0.471795,-0.009828,0.470231,-0.880098,0.065653,-0.039624,0.053261,0.997794,0,0.44410,1.00000,8.493,0.510,-1,646.039,-1,561.620,-1,474.530,465.799,-1,570.209,-1,-1,-1,-1,-1,950.534,-1,-1,2,0,2,0,2,0,0,2,0,2,2,2,2,2,0,2,2
93,6963.017,1786.023,509.732,152.377,-0.885376,-0.464776,-0.009614,0.463324,-0.883920,0.063369,-0.037950,0.051651,0.997944,0,0.44410,1.00000,8.752,0.450,-1,655.029,-1,563.695,-1,478.258,468.151,-1,576.757,-1,-1,-1,-1,-1,964.767,-1,-1,2,0,2,0,2,0,0,2,0,2,2,2,2,2,0,2,2
94,6954.179,1787.937,509.471,152.838,-0.889146,-0.457541,-0.008676,0.456212,-0.887734,0.061640,-0.035905,0.050849,0.998061,0,0.44410,1.00000,9.043,0.462,-1,667.085,-1,565.849,-1,482.816,470.546,-1,581.390,-1,-1,-1,-1,-1,980.649,-1,-1,2,0,2,0,2,0,0,2,0,2,2,2,2,2,0,2,2
95,6945.198,1789.496,509.194,153.378,-0.893446,-0.449105,-0.007708,0.447830,-0.891973,0.061915,-0.034682,0.051866,0.998052,0,0.44410,1.00000,9.115,0.540,-1,678.155,-1,564.736,-1,486.070,471.202,-1,581.837,-1,-1,-1,-1,-1,992.977,-1,-1,2,0,2,0,2,0,0,2,0,2,2,2,2,2,0,2,2
96,6936.123,1791.128,508.915,153.914,-0.897615,-0.440719,-0.007412,0.439468,-0.896111,0.062067,-0.033996,0.052455,0.998044,0,0.44410,1.00000,9.221,0.536,-1,686.430,-1,562.775,-1,488.196,471.045,-1,583.202,-1,-1,-1,-1,-1,1001.336,-1,-1,2,0,2,0,2,0,0,2,0,2,2,2,2,2,0,2,2
97,6926.803,1792.768,508.569,154.443,-0.901650,-0.432408,-0.007132,0.431174,-0.900106,0.062426,-0.033413,0.053211,0.998024,0,0.44410,1.00000,9.463,0.529,-1,694.284,-1,560.303,-1,490.015,470.542,-1,584.089,-1,-1,-1,-1,-1,-1,-1,-1,2,0,2,0,2,0,0,2,0,2,2,2,2,2,2,2,2
98,6917.316,1794.172,508.183,154.994,-0.905774,-0.423703,-0.006936,0.422479,-0.904188,0.062898,-0.032921,0.054041,0.997996,0,0.44410,1.00000,9.590,0.552,-1,701.009,-1,557.381,-1,491.351,470.927,-1,586.358,-1,-1,-1,-1,-1,-1,-1,-1,2,0,2,0,2,0,0,2,0,2,2,2,2,2,2,2,2
99,6907.722,1795.396,507.801,155.568,-0.909974,-0.414605,-0.007043,0.413396,-0.908387,0.062745,-0.032412,0.054184,0.998005,0,0.44410,1.00000,9.672,0.574,-1,708.071,-1,555.919,-1,492.486,472.168,-1,590.368,-1,-1,-1,-1,-1,-1,-1,-1,2,0,2,0,2,0,0,2,0,2,2,2,2,2,2,2,2
100,6898.078,1796.531,507.449,156.121,-0.913937,-0.405785,-0.007565,0.404596,-0.912411,0.061715,-0.031946,0.053343,0.998065,0,0.44410,1.00000,9.711,0.553,-1,714.078,-1,556.550,-1,493.418,473.567,-1,595.531,-1,-1,-1,-1,-1,-1,-1,-1,2,0,2,0,2,0,0,2,0,2,2,2,2,2,2,2,2
101,6888.648,1797.384,507.159,156.648,-0.917611,-0.397386,-0.008687,0.396173,-0.916145,0.061034,-0.032212,0.052564,0.998098,0,0.44410,1.00000,9.468,0.527,-1,717.209,-1,555.788,-1,494.996,473.689,-1,600.356,-1,-1,-1,-1,-1,-1,-1,-1,2,0,2,0,2,0,0,2,0,2,2,2,2,2,2,2,2
102,6879.542,1798.024,506.962,157.161,-0.921108,-0.389175,-0.010149,0.387928,-0.919724,0.060170,-0.032751,0.051486,0.998137,0,0.44410,1.00000,9.129,0.513,-1,718.810,-1,554.901,-1,496.071,473.532,-1,606.073,-1,-1,-1,-1,-1,-1,-1,-1,2,0,2,0,2,0,0,2,0,2,2,2,2,2,2,2,2
103,6870.462,1798.949,506.869,157.635,-0.924310,-0.381489,-0.010797,0.380308,-0.923074,0.057446,-0.031881,0.048992,0.998290,0,0.44410,1.00000,9.127,0.474,-1,725.045,-1,558.072,-1,500.198,476.506,-1,618.122,-1,-1,-1,-1,-1,-1,-1,-1,2,0,2,0,2,0,0,2,0,2,2,2,2,2,2,2,2
104,6861.283,1800.034,506.867,158.100,-0.927416,-0.373884,-0.010484,0.372813,-0.926293,0.054703,-0.030164,0.046824,0.998448,0,0.44410,1.00000,9.243,0.465,-1,736.083,-1,563.060,-1,506.600,481.271,-1,630.256,-1,-1,-1,-1,-1,-1,-1,-1,2,0,2,0,2,0,0,2,0,2,2,2,2,2,2,2,2
105,6851.964,1801.142,506.868,158.560,-0.930429,-0.366351,-0.009427,0.365382,-0.929335,0.053214,-0.028256,0.046067,0.998539,0,0.44410,1.00000,9.385,0.460,-1,750.319,-1,567.596,-1,513.864,485.651,-1,638.539,-1,-1,-1,-1,-1,-1,-1,-1,2,0,2,0,2,0,0,2,0,2,2,2,2,2,2,2,2
106,6842.403,1802.521,506.752,158.998,-0.933251,-0.359140,-0.007748,0.358280,-0.932145,0.052351,-0.026024,0.046081,0.998599,0,0.44410,1.00000,9.660,0.438,-1,769.411,-1,572.342,-1,521.798,492.041,-1,643.935,-1,-1,-1,-1,-1,-1,-1,-1,2,0,2,0,2,0,0,2,0,2,2,2,2,2,2,2,2
107,6832.581,1804.056,506.498,159.421,-0.935917,-0.352172,-0.005927,0.351405,-0.934759,0.052343,-0.023974,0.046906,0.998612,0,0.44410,1.00000,9.942,0.423,-1,788.687,-1,579.701,-1,529.267,498.780,-1,645.857,-1,-1,-1,-1,-1,-1,-1,-1,2,0,2,0,2,0,0,2,0,2,2,2,2,2,2,2,2
108,6820.479,1805.919,506.038,159.945,-0.939125,-0.343547,-0.004483,0.342836,-0.937879,0.053356,-0.022535,0.048571,0.998565,0,0.44410,1.00000,12.245,0.524,-1,805.695,-1,584.370,-1,536.803,504.290,-1,646.405,-1,-1,-1,-1,-1,-1,-1,-1,2,0,2,0,2,0,0,2,0,2,2,2,2,2,2,2,2
109,6812.215,1807.177,505.678,160.299,-0.941231,-0.337739,-0.004148,0.337035,-0.939934,0.054150,-0.022187,0.049570,0.998524,0,0.44410,1.00000,8.358,0.354,-1,813.745,-1,585.908,-1,540.323,506.577,-1,646.249,-1,-1,-1,-1,-1,-1,-1,-1,2,0,2,0,2,0,0,2,0,2,2,2,2,2,2,2,2
110,6801.709,1808.638,505.215,160.758,-0.943895,-0.330214,-0.004487,0.329475,-0.942536,0.055433,-0.022534,0.050845,0.998452,0,0.44410,1.00000,10.607,0.459,-1,820.051,-1,585.922,-1,542.791,507.757,-1,645.869,-1,-1,-1,-1,-1,-1,-1,-1,2,0,2,0,2,0,0,2,0,2,2,2,2,2,2,2,2
111,6791.373,1809.806,504.853,161.237,-0.946571,-0.322433,-0.006381,0.321560,-0.945146,0.057427,-0.024547,0.052307,0.998329,0,0.44410,1.00000,10.402,0.479,-1,819.160,-1,582.021,-1,541.341,505.444,-1,644.957,-1,-1,-1,-1,-1,-1,-1,-1,2,0,2,0,2,0,0,2,0,2,2,2,2,2,2,2,2
112,6781.064,1811.011,504.602,161.689,-0.949027,-0.315076,-0.008687,0.314068,-0.947603,0.058397,-0.026631,0.052692,0.998256,0,0.44410,1.00000,10.379,0.452,-1,816.347,-1,579.013,-1,539.745,503.390,-1,647.179,-1,-1,-1,-1,-1,-1,-1,-1,2,0,2,0,2,0,0,2,0,2,2,2,2,2,2,2,2
113,6770.419,1812.268,504.476,162.124,-0.951381,-0.307864,-0.009658,0.306846,-0.950034,0.057276,-0.026809,0.051528,0.998312,0,0.44410,1.00000,10.719,0.435,-1,822.030,-1,582.178,-1,542.980,506.178,-1,654.832,-1,-1,-1,-1,-1,-1,-1,-1,2,0,2,0,2,0,0,2,0,2,2,2,2,2,2,2,2
114,6759.442,1813.424,504.462,162.567,-0.953755,-0.300432,-0.009602,0.299490,-0.952518,0.054909,-0.025643,0.049494,0.998445,0,0.44410,1.00000,11.038,0.443,-1,834.346,-1,591.384,-1,549.817,513.977,-1,667.099,-1,-1,-1,-1,-1,-1,-1,-1,2,0,2,0,2,0,0,2,0,2,2,2,2,2,2,2,2
115,6748.110,1814.700,504.442,162.992,-0.955998,-0.293244,-0.008688,0.292423,-0.954868,0.052118,-0.023580,0.047284,0.998603,0,0.44410,1.00000,11.404,0.425,-1,851.659,-1,604.104,-1,559.049,523.652,-1,679.980,-1,-1,-1,-1,-1,-1,-1,-1,2,0,2,0,2,0,0,2,0,2,2,2,2,2,2,2,2
116,6736.447,1815.974,504.363,163.429,-0.958246,-0.285850,-0.007419,0.285140,-0.957170,0.050214,-0.021455,0.046002,0.998711,0,0.44410,1.00000,11.732,0.437,-1,871.842,-1,615.721,-1,570.078,533.361,-1,686.138,-1,-1,-1,-1,-1,-1,-1,-1,2,0,2,0,2,0,0,2,0,2,2,2,2,2,2,2,2
117,6724.599,1817.233,504.205,163.865,-0.960420,-0.278479,-0.006518,0.277841,-0.959369,0.049138,-0.019937,0.045382,0.998771,0,0.29483,0.45398,11.914,0.436,-1,890.821,-1,625.030,-1,579.320,541.414,-1,689.730,-1,-1,-1,-1,-1,-1,-1,-1,2,0,2,0,2,0,0,2,0,2,2,2,2,2,2,2,2
118,6712.757,1818.549,504.030,164.275,-0.962391,-0.271584,-0.006691,0.270961,-0.961375,0.048360,-0.019567,0.044728,0.998808,0,0.29483,0.45398,11.915,0.410,-1,902.197,-1,631.101,-1,584.732,546.644,-1,693.826,-1,-1,-1,-1,-1,-1,-1,-1,2,0,2,0,2,0,0,2,0,2,2,2,2,2,2,2,2
119,6700.895,1819.866,503.872,164.669,-0.964220,-0.264995,-0.007520,0.264347,-0.963228,0.048088,-0.019987,0.044379,0.998815,0,0.29483,0.45398,11.935,0.393,-1,909.482,-1,635.091,-1,588.159,550.115,-1,696.831,-1,-1,-1,-1,-1,-1,-1,-1,2,0,2,0,2,0,0,2,0,2,2,2,2,2,2,2,2
120,6688.994,1821.065,503.694,165.073,-0.966045,-0.258233,-0.008490,0.257540,-0.965049,0.048517,-0.020722,0.044683,0.998786,0,0.29483,0.45398,11.962,0.404,-1,916.152,-1,637.883,-1,590.855,553.184,-1,697.407,-1,-1,-1,-1,-1,-1,-1,-1,2,0,2,0,2,0,0,2,0,2,2,2,2,2,2,2,2
121,6677.017,1822.286,503.477,165.457,-0.967739,-0.251778,-0.009440,0.251041,-0.966741,0.048885,-0.021434,0.044938,0.998760,0,0.29483,0.45398,12.039,0.385,-1,922.560,-1,640.590,-1,593.471,556.011,-1,697.953,-1,-1,-1,-1,-1,-1,-1,-1,2,0,2,0,2,0,0,2,0,2,2,2,2,2,2,2,2
122,6664.979,1823.499,503.259,165.835,-0.969357,-0.245434,-0.010470,0.244658,-0.968376,0.048901,-0.022141,0.044841,0.998749,0,0.29483,0.45398,12.099,0.377,-1,928.760,-1,643.278,-1,596.412,558.570,-1,696.825,-1,-1,-1,-1,-1,-1,-1,-1,2,0,2,0,2,0,0,2,0,2,2,2,2,2,2,2,2
123,6652.889,1824.689,503.078,166.208,-0.970909,-0.239158,-0.011826,0.238339,-0.969976,0.048377,-0.023041,0.044151,0.998759,0,0.29483,0.45398,12.148,0.373,-1,933.610,-1,645.953,-1,599.165,560.865,-1,693.176,-1,-1,-1,-1,-1,-1,-1,-1,2,0,2,0,2,0,0,2,0,2,2,2,2,2,2,2,2
124,6640.668,1825.897,502.893,166.569,-0.972381,-0.233046,-0.012805,0.232202,-0.971489,0.047860,-0.023593,0.043565,0.998772,0,0.29483,0.45398,12.281,0.362,-1,940.936,-1,649.492,-1,602.933,563.981,-1,688.511,-1,-1,-1,-1,-1,-1,-1,-1,2,0,2,0,2,0,0,2,0,2,2,2,2,2,2,2,2
125,6628.304,1827.094,502.710,166.925,-0.973799,-0.227019,-0.013329,0.226171,-0.972938,0.047313,-0.023710,0.043059,0.998791,0,0.29483,0.45398,12.422,0.355,-1,951.369,-1,654.261,-1,607.996,568.178,-1,683.543,-1,-1,-1,-1,-1,-1,-1,-1,2,0,2,0,2,0,0,2,0,2,2,2,2,2,2,2,2
126,6615.809,1828.283,502.531,167.277,-0.975178,-0.221012,-0.013496,0.220174,-0.974336,0.046828,-0.023499,0.042694,0.998812,0,0.29483,0.45398,12.552,0.353,-1,964.038,-1,660.369,-1,613.932,573.450,-1,678.048,-1,-1,-1,-1,-1,-1,-1,-1,2,0,2,0,2,0,0,2,0,2,2,2,2,2,2,2,2
127,6603.223,1829.441,502.391,167.631,-0.976524,-0.214983,-0.013516,0.214156,-0.975691,0.046513,-0.023186,0.042526,0.998826,0,0.29483,0.45398,12.639,0.353,-1,976.252,-1,666.795,-1,619.701,579.576,-1,671.947,-1,-1,-1,-1,-1,-1,-1,-1,2,0,2,0,2,0,0,2,0,2,2,2,2,2,2,2,2
128,6590.603,1830.414,502.313,168.001,-0.977891,-0.208667,-0.013691,0.207844,-0.977069,0.046230,-0.023024,0.042362,0.998837,0,0.29483,0.45398,12.657,0.370,-1,990.342,-1,673.021,-1,625.302,585.569,-1,665.354,-1,-1,-1,-1,-1,-1,-1,-1,2,0,2,0,2,0,0,2,0,2,2,2,2,2,2,2,2
129,6578.018,1831.442,502.227,168.338,-0.979094,-0.202918,-0.014146,0.202092,-0.978298,0.045726,-0.023117,0.041911,0.998854,0,0.29483,0.45398,12.627,0.337,-1,1002.602,-1,678.152,-1,630.694,590.568,-1,658.641,-1,-1,-1,-1,-1,-1,-1,-1,2,0,2,0,2,0,0,2,0,2,2,2,2,2,2,2,2
130,6565.320,1832.443,502.098,168.666,-0.980229,-0.197311,-0.014796,0.196476,-0.979468,0.045173,-0.023406,0.041373,0.998870,0,0.29483,0.45398,12.737,0.328,-1,-1,-1,682.666,-1,635.546,594.634,-1,651.900,-1,-1,-1,-1,-1,-1,-1,-1,2,2,2,0,2,0,0,2,0,2,2,2,2,2,2,2,2
131,6552.551,1833.364,501.897,168.999,-0.981335,-0.191632,-0.016091,0.190764,-0.980627,0.044502,-0.024307,0.040602,0.998880,0,0.29483,0.45398,12.802,0.333,-1,-1,-1,685.472,-1,638.369,597.014,-1,644.341,-1,-1,-1,-1,-1,-1,-1,-1,2,2,2,0,2,0,0,2,0,2,2,2,2,2,2,2,2
132,6539.697,1834.146,501.631,169.348,-0.982445,-0.185697,-0.017875,0.184778,-0.981802,0.043830,-0.025689,0.039758,0.998879,0,0.29483,0.45398,12.877,0.349,-1,-1,-1,687.013,-1,639.633,598.072,-1,636.499,-1,-1,-1,-1,-1,-1,-1,-1,2,2,2,0,2,0,0,2,0,2,2,2,2,2,2,2,2
133,6526.707,1834.755,501.257,169.728,-0.983614,-0.179231,-0.019477,0.178258,-0.983016,0.043627,-0.026966,0.039440,0.998858,0,0.29483,0.45398,13.004,0.380,-1,-1,-1,688.263,-1,641.101,599.497,-1,626.156,-1,-1,-1,-1,-1,-1,-1,-1,2,2,2,0,2,0,0,2,0,2,2,2,2,2,2,2,2
134,6513.584,1835.142,500.755,170.145,-0.984857,-0.172115,-0.020835,0.171089,-0.984284,0.043737,-0.028035,0.039510,0.998826,0,0.29483,0.45398,13.128,0.417,-1,-1,-1,689.623,-1,642.974,601.240,-1,614.164,-1,-1,-1,-1,-1,-1,-1,-1,2,2,2,0,2,0,0,2,0,2,2,2,2,2,2,2,2
135,6500.361,1835.260,500.208,170.598,-0.986162,-0.164349,-0.021794,0.163289,-0.985608,0.043755,-0.028671,0.039591,0.998805,0,0.29483,0.45398,13.224,0.453,-1,-1,-1,692.349,-1,646.038,604.116,-1,602.643,-1,-1,-1,-1,-1,-1,-1,-1,2,2,2,0,2,0,0,2,0,2,2,2,2,2,2,2,2
136,6487.099,1834.997,499.676,171.105,-0.987556,-0.155643,-0.022544,0.154558,-0.987013,0.043780,-0.029066,0.039751,0.998787,0,0.29483,0.45398,13.265,0.507,-1,-1,-1,696.016,-1,650.171,607.827,-1,590.519,-1,-1,-1,-1,-1,-1,-1,-1,2,2,2,0,2,0,0,2,0,2,2,2,2,2,2,2,2
137,6473.753,1834.691,499.135,171.592,-0.988823,-0.147249,-0.023376,0.146157,-0.988324,0.043054,-0.029442,0.039156,0.998799,0,0.29483,0.45398,13.349,0.487,-1,-1,-1,699.994,-1,654.245,611.658,-1,580.733,-1,-1,-1,-1,-1,-1,-1,-1,2,2,2,0,2,0,0,2,0,2,2,2,2,2,2,2,2
138,6460.313,1834.401,498.599,172.050,-0.989944,-0.139349,-0.024354,0.138253,-0.989504,0.042036,-0.029956,0.038246,0.998819,0,0.29483,0.45398,13.443,0.458,-1,-1,-1,703.331,-1,657.789,615.133,-1,572.012,-1,-1,-1,-1,-1,-1,-1,-1,2,2,2,0,2,0,0,2,0,2,2,2,2,2,2,2,2
139,6446.804,1834.211,498.137,172.469,-0.990909,-0.132110,-0.025442,0.131004,-0.990530,0.041096,-0.030631,0.037389,0.998831,0,0.29483,0.45398,13.511,0.419,-1,-1,-1,706.176,-1,660.995,618.030,-1,563.609,-1,-1,-1,-1,-1,-1,-1,-1,2,2,2,0,2,0,0,2,0,2,2,2,2,2,2,2,2
140,6433.223,1833.980,497.702,172.890,-0.991804,-0.124868,-0.027061,0.123713,-0.991478,0.040834,-0.031929,0.037151,0.998799,0,0.29483,0.45398,13.584,0.421,-1,-1,-1,706.805,-1,662.716,619.311,-1,554.760,-1,-1,-1,-1,-1,-1,-1,-1,2,2,2,0,2,0,0,2,0,2,2,2,2,2,2,2,2
141,6419.567,1833.539,497.140,173.351,-0.992701,-0.116979,-0.029339,0.115725,-0.992421,0.041328,-0.033952,0.037631,0.998715,0,0.29483,0.45398,13.662,0.461,-1,-1,-1,704.828,-1,662.382,618.565,-1,543.756,-1,-1,-1,-1,-1,-1,-1,-1,2,2,2,0,2,0,0,2,0,2,2,2,2,2,2,2,2
142,6405.871,1832.874,496.403,173.850,-0.993595,-0.108442,-0.031766,0.107065,-0.993353,0.042273,-0.036139,0.038601,0.998601,0,0.29483,0.45398,13.713,0.499,-1,-1,-1,701.719,-1,661.345,617.000,-1,530.890,-1,-1,-1,-1,-1,-1,-1,-1,2,2,2,0,2,0,0,2,0,2,2,2,2,2,2,2,2
143,6392.159,1831.864,495.578,174.380,-0.994467,-0.099352,-0.034116,0.097860,-0.994274,0.042929,-0.038186,0.039352,0.998496,0,0.29483,0.45398,13.749,0.530,-1,-1,-1,699.159,-1,660.507,615.732,-1,518.175,-1,-1,-1,-1,-1,-1,-1,-1,2,2,2,0,2,0,0,2,0,2,2,2,2,2,2,2,2
144,6378.675,1830.771,494.648,174.884,-0.995171,-0.090718,-0.037480,0.089100,-0.995103,0.042797,-0.041179,0.039251,0.998381,0,-0.10259,1.00000,13.528,0.504,-1,-1,-1,694.242,-1,656.739,611.826,-1,507.282,-1,-1,-1,-1,-1,-1,-1,-1,2,2,2,0,2,0,0,2,0,2,2,2,2,2,2,2,2
145,6365.767,1829.526,493.671,175.372,-0.995716,-0.082375,-0.041998,0.080604,-0.995850,0.042254,-0.045305,0.038688,0.998224,0,-0.10259,1.00000,12.969,0.488,-1,-1,-1,686.249,-1,649.293,604.936,-1,498.337,-1,-1,-1,-1,-1,1000.812,-1,1001.368,2,2,2,0,2,0,0,2,0,2,2,2,2,2,1,2,1
146,6353.342,1828.122,492.670,175.857,-0.996165,-0.074066,-0.046570,0.072152,-0.996528,0.041537,-0.049485,0.038017,0.998051,0,-0.10259,1.00000,12.503,0.485,-1,-1,-1,678.029,-1,641.528,597.844,-1,491.588,-1,-1,-1,-1,-1,990.365,-1,989.885,2,2,2,0,2,0,0,2,0,2,2,2,2,2,1,2,1
147,6339.069,1826.192,491.445,176.459,-0.996655,-0.063688,-0.051222,0.061676,-0.997297,0.039944,-0.053627,0.036651,0.997888,0,-0.10259,1.00000,14.403,0.602,-1,-1,-1,670.917,-1,634.320,591.465,-1,484.739,-1,-1,-1,-1,-1,978.598,-1,976.917,2,2,2,0,2,0,0,2,0,2,2,2,2,2,1,2,1
148,6329.958,1824.704,490.583,176.867,-0.996970,-0.056589,-0.053379,0.054566,-0.997763,0.038627,-0.055446,0.035598,0.997827,0,-0.10297,1.00000,9.232,0.408,-1,-1,-1,668.587,-1,631.787,589.288,-1,480.445,-1,-1,-1,-1,-1,971.233,-1,968.810,2,2,2,0,2,0,0,2,0,2,2,2,2,2,1,2,1
149,6318.887,1822.845,489.585,177.339,-0.997306,-0.048391,-0.055129,0.046355,-0.998216,0.037626,-0.056851,0.034969,0.997770,0,-0.10330,1.00000,11.226,0.472,-1,-1,-1,667.344,963.673,631.179,588.470,-1,474.116,-1,-1,-1,-1,-1,962.323,-1,959.078,2,2,2,0,1,0,0,2,0,2,2,2,2,2,1,2,1
150,6308.153,1821.131,488.737,177.772,-0.997588,-0.040876,-0.056093,0.038817,-0.998549,0.037323,-0.057537,0.035056,0.997728,0,-0.10368,1.00000,10.870,0.433,-1,-1,-1,667.532,952.353,633.414,589.553,-1,467.037,-1,-1,-1,-1,-1,953.668,-1,949.694,2,2,2,0,1,0,0,2,0,2,2,2,2,2,1,2,1
151,6297.908,1819.307,488.105,178.230,-0.997827,-0.032992,-0.057028,0.030840,-0.998794,0.038201,-0.058220,0.036359,0.997641,0,-0.10402,1.00000,10.406,0.458,-1,-1,-1,667.397,941.520,636.486,590.964,-1,458.091,-1,-1,-1,-1,-1,945.660,-1,940.857,2,2,2,0,1,0,0,2,0,2,2,2,2,2,1,2,1
152,6288.225,1817.424,487.628,178.704,-0.997940,-0.024886,-0.059130,0.022574,-0.998967,0.039442,-0.060050,0.038026,0.997471,0,-0.10439,1.00000,9.864,0.474,-1,-1,-1,664.807,931.259,636.843,589.870,-1,451.044,-1,-1,-1,-1,-1,938.389,-1,932.610,2,2,2,0,1,0,0,2,0,2,2,2,2,2,1,2,1
153,6279.040,1815.529,487.189,179.161,-0.997912,-0.017115,-0.062277,0.014619,-0.999080,0.040320,-0.062910,0.039326,0.997244,0,-0.10478,1.00000,9.379,0.457,-1,-1,-1,659.960,921.641,634.190,586.461,-1,446.449,-1,-1,-1,-1,-1,931.688,-1,924.889,2,2,2,0,1,0,0,2,0,2,2,2,2,2,1,2,1
154,6270.216,1813.687,486.683,179.589,-0.997790,-0.009816,-0.065723,0.007158,-0.999152,0.040554,-0.066065,0.039994,0.997013,0,-0.10515,1.00000,9.014,0.428,-1,-1,-1,654.514,912.547,630.160,582.519,-1,442.794,-1,-1,-1,-1,-1,925.317,-1,917.540,2,2,2,0,1,0,0,2,0,2,2,2,2,2,1,2,1
155,6261.708,1811.863,486.082,179.994,-0.997614,-0.002889,-0.068983,0.000100,-0.999184,0.040393,-0.069044,0.040290,0.996800,0,-0.10550,1.00000,8.702,0.405,-1,-1,-1,649.401,903.906,626.045,578.634,-1,439.583,-1,-1,-1,-1,-1,919.219,-1,910.527,2,2,2,0,1,0,0,2,0,2,2,2,2,2,1,2,1
156,6253.497,1810.049,485.406,-179.619,-0.997410,0.003754,-0.071826,-0.006639,-0.999179,0.039972,-0.071617,0.040345,0.996616,0,-0.10583,1.00000,8.409,0.387,-1,-1,-1,645.140,895.675,622.548,575.382,-1,436.659,-1,-1,-1,-1,-1,913.371,-1,903.827,2,2,2,0,1,0,0,2,0,2,2,2,2,2,1,2,1
157,6245.259,1808.207,484.696,-179.234,-0.997254,0.010383,-0.073319,-0.013333,-0.999116,0.039864,-0.072841,0.040732,0.996511,0,0.38611,0.59624,8.441,0.385,-1,-1,-1,643.790,887.505,622.501,575.060,-1,433.224,-1,-1,-1,-1,-1,907.467,-1,897.159,2,2,2,0,1,0,0,2,0,2,2,2,2,2,1,2,1
158,6236.681,1806.138,483.996,-178.811,-0.997146,0.017689,-0.073396,-0.020703,-0.998965,0.040499,-0.072604,0.041903,0.996480,0,0.38724,0.59624,8.824,0.423,-1,-1,-1,646.020,879.053,626.709,578.233,-1,428.623,-1,-1,-1,-1,-1,901.417,-1,890.341,2,2,2,0,1,0,0,2,0,2,2,2,2,2,1,2,1
159,6227.935,1803.795,483.323,-178.354,-0.996997,0.025592,-0.073092,-0.028648,-0.998745,0.041077,-0.071949,0.043047,0.996479,0,0.38850,0.59624,9.054,0.457,-1,-1,-1,649.705,870.533,633.170,582.672,-1,424.174,-1,-1,-1,-1,-1,895.453,-1,883.562,2,2,2,0,1,0,0,2,0,2,2,2,2,2,1,2,1
160,6219.034,1801.270,482.590,-177.891,-0.996741,0.033647,-0.073321,-0.036709,-0.998492,0.040814,-0.071837,0.043372,0.996473,0,0.38987,0.59624,9.252,0.463,-1,-1,-1,652.606,862.007,637.965,585.953,-1,421.132,-1,-1,-1,-1,-1,889.521,-1,876.777,2,2,2,0,1,0,0,2,0,2,2,2,2,2,1,2,1
161,6210.016,1798.577,481.791,-177.426,-0.996336,0.041736,-0.074649,-0.044794,-0.998205,0.039764,-0.072855,0.042962,0.996417,0,0.39126,0.59624,9.412,0.465,-1,-1,-1,653.125,853.521,639.272,586.637,-1,422.157,-1,-1,-1,-1,-1,883.673,-1,870.009,2,2,2,0,1,0,0,2,0,2,2,2,2,2,1,2,1
162,6200.939,1795.680,480.976,-176.939,-0.995748,0.050163,-0.077258,-0.053244,-0.997845,0.038353,-0.075167,0.042303,0.996273,0,0.39265,0.59624,9.528,0.487,-1,-1,-1,650.705,845.100,637.181,584.512,-1,423.471,-1,-1,-1,-1,-1,878.070,-1,863.359,2,2,2,0,1,0,0,2,0,2,2,2,2,2,1,2,1
163,6191.812,1792.670,480.224,-176.433,-0.994958,0.058853,-0.081212,-0.062023,-0.997386,0.037079,-0.078818,0.041929,0.996007,0,0.39411,0.59624,9.611,0.506,-1,-1,-1,645.094,836.738,632.413,579.792,-1,424.398,-1,-1,-1,-1,-1,872.709,-1,856.808,2,2,2,0,1,0,0,2,0,2,2,2,2,2,1,2,1
164,6182.461,1789.669,479.504,-175.940,-0.994059,0.067298,-0.085548,-0.070563,-0.996867,0.035734,-0.082875,0.041559,0.995693,0,0.39564,0.59624,9.820,0.493,-1,-1,-1,639.483,828.306,626.731,574.284,-1,425.375,-1,-1,-1,-1,-1,867.197,-1,850.103,2,2,2,0,1,0,0,2,0,2,2,2,2,2,1,2,1
165,6172.810,1786.567,478.753,-175.433,-0.993083,0.075959,-0.089530,-0.079320,-0.996249,0.034594,-0.086566,0.041457,0.995383,0,0.39713,0.59624,10.137,0.506,-1,-1,-1,634.695,819.711,622.314,569.758,-1,425.559,-1,-1,-1,-1,-1,861.553,-1,843.250,2,2,2,0,1,0,0,2,0,2,2,2,2,2,1,2,1
166,6162.836,1783.422,477.954,-174.944,-0.992086,0.084333,-0.093021,-0.087781,-0.995572,0.033620,-0.089774,0.041520,0.995096,0,0.39864,0.59624,10.458,0.490,-1,-1,-1,630.838,810.964,619.235,566.672,-1,425.429,-1,-1,-1,-1,-1,855.602,-1,836.145,2,2,2,0,1,0,0,2,0,2,2,2,2,2,1,2,1
167,6152.530,1780.241,477.103,-174.463,-0.991059,0.092533,-0.096125,-0.096071,-0.994833,0.032835,-0.092590,0.041777,0.994828,0,0.40010,0.59624,10.785,0.480,-1,1004.723,-1,627.683,802.028,617.243,564.853,-1,424.935,-1,-1,-1,-1,-1,849.356,-1,828.776,2,0,2,0,1,0,0,2,0,2,2,2,2,2,1,2,1
168,6141.939,1776.940,476.207,-173.963,-0.989912,0.101015,-0.099345,-0.104686,-0.993976,0.032444,-0.095469,0.042517,0.994524,0,0.40152,0.59624,11.094,0.500,-1,995.243,-1,624.145,792.941,615.317,562.910,-1,424.077,-1,-1,-1,-1,-1,843.055,-1,821.287,2,0,2,0,1,0,0,2,0,2,2,2,2,2,1,2,1
169,6131.135,1773.353,475.227,-173.418,-0.988570,0.110175,-0.102908,-0.114069,-0.992933,0.032733,-0.098575,0.044097,0.994152,0,0.40299,0.59624,11.384,0.545,-1,985.874,-1,619.676,783.823,612.935,560.437,-1,423.024,-1,-1,-1,-1,-1,836.994,-1,813.895,2,0,2,0,1,0,0,2,0,2,2,2,2,2,1,2,1
170,6120.134,1769.489,474.207,-172.844,-0.987041,0.119817,-0.106741,-0.123929,-0.991751,0.032732,-0.101939,0.045536,0.993748,0,0.40462,0.59624,11.660,0.574,-1,974.727,-1,615.022,774.713,609.648,557.563,-1,422.212,-1,-1,-1,-1,-1,831.098,-1,806.586,2,0,2,0,1,0,0,2,0,2,2,2,2,2,1,2,1
171,6109.057,1765.262,473.249,-172.225,-0.985303,0.130257,-0.110502,-0.134525,-0.990391,0.032062,-0.105263,0.046456,0.993359,0,0.40634,0.59624,11.856,0.618,-1,963.387,-1,611.846,765.749,606.716,555.335,-1,422.551,-1,-1,-1,-1,-1,825.582,-1,799.564,2,0,2,0,1,0,0,2,0,2,2,2,2,2,1,2,1
172,6097.936,1760.658,472.353,-171.556,-0.983316,0.141608,-0.114178,-0.145979,-0.988807,0.030833,-0.108534,0.046986,0.992982,0,0.40821,0.59624,12.037,0.670,-1,952.494,-1,609.677,756.983,604.183,553.400,-1,423.852,-1,-1,-1,-1,-1,820.547,-1,792.910,2,0,2,0,1,0,0,2,0,2,2,2,2,2,1,2,1
173,6086.625,1755.821,471.435,-170.886,-0.981200,0.153019,-0.117605,-0.157417,-0.987106,0.029007,-0.111650,0.046975,0.992637,0,0.41025,0.59624,12.301,0.670,-1,940.659,-1,609.533,748.268,603.051,551.920,-1,426.055,-1,-1,-1,-1,-1,815.532,-1,786.281,2,0,2,0,1,0,0,2,0,2,2,2,2,2,1,2,1
174,6075.053,1750.816,470.401,-170.227,-0.979000,0.164264,-0.120734,-0.168619,-0.985319,0.026716,-0.114573,0.046513,0.992325,0,0.41229,0.59624,12.608,0.658,-1,929.115,-1,609.872,739.505,602.104,550.744,-1,428.654,-1,-1,-1,-1,-1,810.355,-1,779.524,2,0,2,0,1,0,0,2,0,2,2,2,2,2,1,2,1
175,6063.251,1745.598,469.241,-169.561,-0.976628,0.175622,-0.123915,-0.179937,-0.983374,0.024442,-0.117563,0.046168,0.991992,0,0.41429,0.59624,12.904,0.667,-1,917.321,-1,609.808,730.747,600.799,549.295,-1,431.075,-1,-1,-1,-1,-1,-1,-1,772.767,2,0,2,0,1,0,0,2,0,2,2,2,2,2,2,2,1
176,6051.302,1740.113,468.018,-168.872,-0.974010,0.187270,-0.127415,-0.191588,-0.981220,0.022411,-0.120825,0.046239,0.991596,0,0.41630,0.59624,13.148,0.689,-1,904.885,-1,608.906,722.111,599.221,548.165,-1,432.927,-1,-1,-1,-1,-1,-1,-1,766.177,2,0,2,0,1,0,0,2,0,2,2,2,2,2,2,2,1
177,6039.277,1734.344,466.811,-168.164,-0.971200,0.199165,-0.130781,-0.203538,-0.978846,0.020825,-0.123867,0.046844,0.991193,0,0.41839,0.59624,13.337,0.708,-1,894.738,-1,608.406,713.671,598.692,547.710,-1,434.210,-1,-1,-1,-1,-1,-1,-1,759.824,2,0,2,0,1,0,0,2,0,2,2,2,2,2,2,2,1
178,6027.076,1728.416,465.566,-167.466,-0.968306,0.210853,-0.133883,-0.215271,-0.976364,0.019265,-0.126656,0.047475,0.990810,0,0.42055,0.59624,13.565,0.698,-1,886.212,-1,608.379,705.261,598.818,548.542,-1,435.421,-1,-1,-1,-1,-1,-1,-1,753.426,2,0,2,0,1,0,0,2,0,2,2,2,2,2,2,2,1
179,6014.839,1722.185,464.287,-166.734,-0.965104,0.223014,-0.137255,-0.227534,-0.973604,0.017974,-0.129624,0.048577,0.990373,0,0.42266,0.59624,13.732,0.732,-1,878.303,-1,607.382,697.118,598.546,548.887,-1,435.916,-1,-1,-1,-1,-1,-1,-1,747.399,2,0,2,0,1,0,0,2,0,2,2,2,2,2,2,2,1
180,6002.870,1715.545,463.039,-165.943,-0.961413,0.236017,-0.141352,-0.240715,-0.970449,0.016865,-0.133195,0.050240,0.989816,0,0.42489,0.59379,13.687,0.791,-1,868.306,-1,606.382,689.634,596.782,547.806,-1,435.674,-1,-1,-1,-1,-1,-1,-1,742.255,2,0,2,0,1,0,0,2,0,2,2,2,2,2,2,2,1
181,5991.055,1708.792,461.747,-165.148,-0.957458,0.249095,-0.145690,-0.253901,-0.967113,0.015077,-0.137143,0.051426,0.989215,0,0.42732,0.58661,13.609,0.795,-1,855.697,-1,605.476,682.517,593.583,545.658,-1,436.387,-1,-1,-1,-1,-1,-1,-1,-1,2,0,2,0,1,0,0,2,0,2,2,2,2,2,2,2,2
182,5979.109,1701.697,460.386,-164.312,-0.953181,0.262851,-0.149518,-0.267720,-0.963408,0.013064,-0.140613,0.052482,0.988673,0,0.42978,0.57938,13.893,0.836,-1,844.085,-1,606.124,675.628,591.585,544.804,-1,437.440,-1,-1,-1,-1,-1,-1,-1,-1,2,0,2,0,1,0,0,2,0,2,2,2,2,2,2,2,2
183,5967.118,1694.372,459.006,-163.448,-0.948526,0.277011,-0.153507,-0.281901,-0.959385,0.010618,-0.144331,0.053345,0.988091,0,0.25385,0.45397,14.052,0.863,-1,831.249,-1,606.399,669.028,588.570,544.433,-1,438.824,-1,-1,-1,-1,-1,-1,-1,-1,2,0,2,0,1,0,0,2,0,2,2,2,2,2,2,2,2
184,5955.084,1686.930,457.623,-162.627,-0.943811,0.290463,-0.157647,-0.295278,-0.955382,0.007507,-0.148432,0.053635,0.987467,0,0.25542,0.44607,14.149,0.821,-1,816.832,-1,605.791,662.550,584.295,543.042,-1,440.770,-1,-1,-1,-1,-1,-1,-1,-1,2,0,2,0,1,0,0,2,0,2,2,2,2,2,2,2,2
185,5942.894,1679.365,456.125,-161.866,-0.939266,0.303039,-0.161081,-0.307618,-0.951503,0.003681,-0.152154,0.053008,0.986934,0,0.25691,0.43860,14.347,0.761,-1,803.866,-1,606.212,655.970,580.547,542.255,-1,443.837,-1,-1,-1,-1,-1,-1,-1,-1,2,0,2,0,1,0,0,2,0,2,2,2,2,2,2,2,2
186,5930.554,1671.704,454.474,-161.141,-0.934798,0.315122,-0.163863,-0.319304,-0.947652,-0.000860,-0.155556,0.051518,0.986483,0,0.25828,0.43174,14.524,0.725,-1,791.039,-1,608.883,649.298,577.065,541.881,-1,448.009,-1,-1,-1,-1,-1,-1,-1,-1,2,0,2,0,1,0,0,2,0,2,2,2,2,2,2,2,2
187,5918.070,1663.980,452.692,-160.456,-0.930395,0.326616,-0.166392,-0.330283,-0.943863,-0.005933,-0.158989,0.049436,0.986042,0,0.25957,0.42525,14.680,0.686,-1,777.498,-1,611.362,642.516,572.592,541.095,-1,452.966,-1,-1,-1,-1,-1,-1,-1,-1,2,0,2,0,1,0,0,2,0,2,2,2,2,2,2,2,2
188,5905.494,1656.192,450.864,-159.809,-0.926055,0.337491,-0.168883,-0.340553,-0.940156,-0.011386,-0.162619,0.046970,0.985570,0,0.26078,0.41916,14.793,0.646,-1,763.236,-1,613.212,635.667,567.275,539.283,-1,458.429,-1,-1,-1,-1,-1,-1,-1,-1,2,0,2,0,1,0,0,2,0,2,2,2,2,2,2,2,2
189,5892.812,1648.339,449.040,-159.203,-0.921788,0.347624,-0.171650,-0.350096,-0.936566,-0.016648,-0.166549,0.044748,0.985017,0,0.26191,0.41348,14.916,0.606,-1,748.864,-1,613.832,-1,561.468,536.672,-1,463.457,-1,-1,-1,-1,-1,-1,-1,-1,2,0,2,0,2,0,0,2,0,2,2,2,2,2,2,2,2
190,5880.030,1640.412,447.224,-158.612,-0.917440,0.357327,-0.174989,-0.359318,-0.932973,-0.021281,-0.170864,0.043352,0.984340,0,0.26296,0.40820,15.040,0.591,-1,734.679,-1,613.295,-1,555.120,533.077,-1,467.100,-1,-1,-1,-1,-1,-1,-1,-1,2,0,2,0,2,0,0,2,0,2,2,2,2,2,2,2,2
191,5867.084,1632.482,445.338,-158.029,-0.913017,0.366805,-0.178475,-0.368347,-0.929335,-0.025646,-0.175270,0.042325,0.983610,0,0.26398,0.40309,15.182,0.583,-1,720.900,-1,612.125,-1,548.660,529.205,-1,469.975,-1,-1,-1,-1,-1,-1,-1,-1,2,0,2,0,2,0,0,2,0,2,2,2,2,2,2,2,2
192,5854.000,1624.459,443.373,-157.478,-0.908738,0.375645,-0.181897,-0.376818,-0.925820,-0.029419,-0.179455,0.041808,0.982877,0,0.26498,0.39806,15.348,0.551,-1,708.678,-1,610.835,-1,542.845,525.680,-1,471.546,-1,-1,-1,-1,-1,-1,-1,-1,2,0,2,0,2,0,0,2,0,2,2,2,2,2,2,2,2
193,5840.844,1616.353,441.412,-156.937,-0.904397,0.384105,-0.185821,-0.385063,-0.922322,-0.032391,-0.183828,0.042258,0.982050,0,0.26592,0.39337,15.453,0.541,-1,697.248,-1,608.635,-1,536.981,521.630,-1,471.317,-1,-1,-1,-1,-1,-1,-1,-1,2,0,2,0,2,0,0,2,0,2,2,2,2,2,2,2,2
194,5827.676,1608.118,439.495,-156.383,-0.899784,0.392546,-0.190517,-0.393423,-0.918698,-0.034832,-0.188701,0.043612,0.981066,0,0.26683,0.38878,15.530,0.554,-1,685.577,-1,604.669,-1,530.617,516.505,-1,469.703,-1,-1,-1,-1,-1,-1,-1,-1,2,0,2,0,2,0,0,2,0,2,2,2,2,2,2,2,2
195,5814.430,1599.704,437.566,-155.827,-0.895082,0.400942,-0.195127,-0.401760,-0.914991,-0.037160,-0.193438,0.045133,0.980074,0,0.26777,0.38406,15.693,0.556,-1,674.770,-1,601.054,-1,524.744,511.783,-1,467.850,-1,-1,-1,-1,-1,-1,-1,-1,2,0,2,0,2,0,0,2,0,2,2,2,2,2,2,2,2
196,5801.094,1591.049,435.577,-155.274,-0.890503,0.409418,-0.198444,-0.410071,-0.911187,-0.039742,-0.197091,0.045986,0.979306,0,0.26872,0.37933,15.898,0.553,-1,666.591,-1,600.637,-1,520.606,509.544,-1,467.120,-1,-1,-1,-1,-1,-1,-1,-1,2,0,2,0,2,0,0,2,0,2,2,2,2,2,2,2,2
197,5787.653,1582.099,433.407,-154.713,-0.886054,0.418281,-0.199872,-0.418597,-0.907164,-0.042775,-0.199209,0.045764,0.978888,0,0.26965,0.37464,16.148,0.562,-1,661.263,-1,604.690,-1,518.928,510.430,-1,467.986,-1,-1,-1,-1,-1,-1,-1,-1,2,0,2,0,2,0,0,2,0,2,2,2,2,2,2,2,2
198,5774.104,1572.897,431.010,-154.162,-0.881803,0.427102,-0.200021,-0.427004,-0.903085,-0.045879,-0.200231,0.044953,0.978717,0,0.27060,0.36986,16.379,0.551,-1,657.899,-1,611.624,-1,518.810,511.838,-1,469.220,-1,-1,-1,-1,-1,-1,-1,-1,2,0,2,0,2,0,0,2,0,2,2,2,2,2,2,2,2
199,5760.427,1563.532,428.351,-153.631,-0.877697,0.435659,-0.199625,-0.435107,-0.899044,-0.049016,-0.200826,0.043837,0.978646,0,0.27153,0.36521,16.576,0.531,-1,654.823,-1,618.576,-1,518.702,513.601,-1,470.121,-1,-1,-1,-1,-1,-1,-1,-1,2,0,2,0,2,0,0,2,0,2,2,2,2,2,2,2,2
200,5746.647,1554.037,425.459,-153.118,-0.873613,0.443838,-0.199520,-0.442863,-0.895079,-0.052020,-0.201675,0.042914,0.978512,0,0.27241,0.36076,16.734,0.513,-1,650.709,-1,621.934,-1,517.647,514.270,-1,470.096,-1,-1,-1,-1,1001.133,-1,1003.017,-1,2,0,2,0,2,0,0,2,0,2,2,2,2,1,2,1,2
201,5732.824,1544.483,422.372,-152.627,-0.869384,0.451364,-0.201100,-0.450120,-0.891299,-0.054568,-0.203870,0.043078,0.978050,0,0.27326,0.35650,16.804,0.491,-1,643.550,-1,620.281,-1,513.742,511.496,-1,467.595,-1,-1,-1,-1,984.114,-1,986.776,-1,2,0,2,0,2,0,0,2,0,2,2,2,2,1,2,1,2
202,5718.913,1534.872,419.125,-152.147,-0.864970,0.458468,-0.204042,-0.457066,-0.887616,-0.056825,-0.207163,0.044109,0.977311,0,0.27406,0.35247,16.908,0.480,-1,634.000,-1,614.664,-1,507.589,506.008,-1,463.715,-1,-1,-1,-1,967.082,-1,970.472,-1,2,0,2,0,2,0,0,2,0,2,2,2,2,1,2,1,2
203,5704.841,1525.180,415.735,-151.698,-0.860674,0.465078,-0.207229,-0.463455,-0.884129,-0.059379,-0.210833,0.044935,0.976489,0,0.27484,0.34855,17.087,0.449,-1,623.290,-1,607.894,-1,500.567,499.653,-1,459.746,-1,-1,-1,-1,949.944,-1,954.017,-1,2,0,2,0,2,0,0,2,0,2,2,2,2,1,2,1,2
204,5690.669,1515.389,412.385,-151.285,-0.856640,0.471336,-0.209787,-0.469281,-0.880819,-0.062714,-0.214344,0.044726,0.975734,0,0.27556,0.34496,17.226,0.413,-1,612.647,-1,602.456,-1,493.870,494.065,-1,457.530,-1,-1,-1,-1,932.726,-1,937.459,-1,2,0,2,0,2,0,0,2,0,2,2,2,2,1,2,1,2
205,5676.273,1505.432,408.966,-150.919,-0.853106,0.477255,-0.210805,-0.474470,-0.877719,-0.066994,-0.217001,0.042867,0.975230,0,0.27620,0.34173,17.503,0.367,-1,603.104,-1,600.250,-1,488.262,490.210,-1,458.346,-1,-1,-1,-1,915.226,-1,920.628,-1,2,0,2,0,2,0,0,2,0,2,2,2,2,1,2,1,2
206,5661.616,1495.115,405.331,-150.550,-0.849688,0.483300,-0.210835,-0.479757,-0.874510,-0.071177,-0.218777,0.040671,0.974927,0,0.61354,0.71233,17.925,0.369,-1,594.911,-1,600.151,-1,483.911,487.077,-1,459.435,-1,-1,-1,-1,897.230,-1,903.421,-1,2,0,2,0,2,0,0,2,0,2,2,2,2,1,2,1,2
207,5646.591,1484.324,401.409,-150.179,-0.846468,0.489368,-0.209790,-0.485193,-0.871220,-0.074587,-0.219273,0.038653,0.974898,0,0.61476,0.70959,18.498,0.371,-1,589.080,-1,600.035,-1,481.475,485.681,-1,459.840,-1,-1,-1,-1,878.535,-1,885.678,-1,2,0,2,0,2,0,0,2,0,2,2,2,2,1,2,1,2
208,5631.161,1473.065,397.216,-149.778,-0.843192,0.495738,-0.208016,-0.491175,-0.867667,-0.076819,-0.218571,0.037399,0.975104,0,0.61597,0.70684,19.101,0.400,-1,585.936,-1,601.814,-1,480.880,485.893,-1,458.691,-1,-1,-1,-1,859.143,-1,867.439,-1,2,0,2,0,2,0,0,2,0,2,2,2,2,1,2,1,2
209,5615.550,1461.172,392.721,-149.267,-0.839049,0.503370,-0.206435,-0.498845,-0.863232,-0.077361,-0.217143,0.038069,0.975397,0,0.61730,0.70383,19.624,0.511,-1,584.708,-1,603.021,-1,481.131,486.358,-1,454.163,-1,-1,-1,-1,839.186,-1,848.956,-1,2,0,2,0,2,0,0,2,0,2,2,2,2,1,2,1,2
210,5600.101,1448.394,387.911,-148.603,-0.833462,0.512446,-0.206737,-0.508687,-0.857665,-0.075151,-0.215822,0.042529,0.975506,0,0.61911,0.69972,20.049,0.664,-1,584.501,-1,599.726,-1,480.793,485.240,-1,444.815,-1,-1,-1,-1,818.835,-1,830.438,-1,2,0,2,0,2,0,0,2,0,2,2,2,2,1,2,1,2
211,5584.800,1434.950,382.957,-147.795,-0.826404,0.522988,-0.208663,-0.520509,-0.850885,-0.071172,-0.214771,0.049794,0.975394,0,0.62160,0.69408,20.368,0.808,-1,584.756,-1,593.669,-1,479.759,482.627,-1,432.574,-1,-1,-1,-1,798.371,-1,812.120,-1,2,0,2,0,2,0,0,2,0,2,2,2,2,1,2,1,2
212,5569.783,1420.674,378.023,-146.857,-0.818110,0.534959,-0.210984,-0.534204,-0.842810,-0.065556,-0.212889,0.059077,0.975289,0,0.62473,0.68700,20.719,0.939,-1,588.563,-1,587.731,-1,479.682,480.540,-1,418.503,-1,-1,-1,-1,777.850,1007.354,794.100,-1,2,0,2,0,2,0,0,2,0,2,2,2,2,1,0,1,2
213,5554.791,1405.630,373.004,-145.832,-0.809059,0.548009,-0.212389,-0.549174,-0.833626,-0.058950,-0.209358,0.068945,0.975405,0,0.62845,0.67859,21.239,1.024,-1,593.575,-1,584.072,-1,482.115,480.459,-1,404.638,-1,-1,-1,-1,757.145,1007.620,776.203,-1,2,0,2,0,2,0,0,2,0,2,2,2,2,1,0,1,2
214,5539.688,1390.024,368.204,-144.802,-0.799660,0.561566,-0.212575,-0.564057,-0.823921,-0.054718,-0.205873,0.076149,0.975612,0,0.63254,0.66933,21.717,1.030,-1,597.001,-1,582.361,-1,484.519,481.243,-1,397.494,-1,-1,-1,-1,736.312,-1,-1,-1,2,0,2,0,2,0,0,2,0,2,2,2,2,1,2,2,2
215,5524.546,1373.819,363.778,-143.783,-0.789809,0.575396,-0.212418,-0.578417,-0.813942,-0.054138,-0.204047,0.080108,0.975678,0,0.63665,0.66002,22.178,1.019,-1,595.507,-1,580.142,-1,484.351,480.489,-1,395.578,-1,-1,-1,-1,715.318,-1,-1,-1,2,0,2,0,2,0,0,2,0,2,2,2,2,1,2,2,2
216,5509.404,1357.115,359.660,-142.781,-0.779429,0.589231,-0.212830,-0.592033,-0.803867,-0.057396,-0.204907,0.081267,0.975402,0,0.64070,0.65083,22.545,1.002,-1,587.010,-1,574.961,-1,479.200,475.919,-1,397.886,-1,-1,-1,-1,694.158,-1,-1,-1,2,0,2,0,2,0,0,2,0,2,2,2,2,1,2,2,2
217,5494.228,1339.855,355.602,-141.803,-0.768706,0.602772,-0.213910,-0.604840,-0.793824,-0.063346,-0.207990,0.080687,0.974797,0,0.64469,0.64181,22.983,0.977,-1,573.587,663.527,566.501,-1,469.855,468.054,-1,404.084,-1,-1,-1,-1,672.638,1000.050,-1,-1,2,0,1,0,2,0,0,2,0,2,2,2,2,1,0,2,2
218,5478.958,1322.078,351.360,-140.844,-0.757724,0.616025,-0.215330,-0.617014,-0.783746,-0.070967,-0.212482,0.079088,0.973959,0,0.64856,0.63305,23.435,0.959,-1,555.755,636.678,555.183,-1,458.526,457.861,-1,411.491,-1,-1,-1,-1,650.685,978.818,-1,-1,2,0,1,0,2,0,0,2,0,2,2,2,2,1,0,2,2
219,5463.556,1303.723,346.631,-139.926,-0.747033,0.628774,-0.215836,-0.628482,-0.773802,-0.078994,-0.216684,0.076638,0.973229,0,0.65234,0.62448,23.960,0.918,-1,537.368,609.728,543.732,-1,446.878,447.576,-1,420.342,-1,-1,-1,-1,628.074,958.671,-1,-1,2,0,1,0,2,0,0,2,0,2,2,2,2,1,0,2,2
220,5448.059,1284.757,341.298,-139.014,-0.736402,0.641377,-0.215284,-0.639838,-0.763637,-0.086404,-0.219816,0.074119,0.972722,0,0.65594,0.61633,24.492,0.912,-1,520.035,582.620,533.431,-1,435.887,437.959,-1,428.687,-1,-1,-1,-1,604.851,940.595,-1,-1,2,0,1,0,2,0,0,2,0,2,2,2,2,1,0,2,2
221,5429.024,1261.256,334.198,-137.993,-0.724722,0.655417,-0.212621,-0.652691,-0.751890,-0.093036,-0.220845,0.071350,0.972696,0,0.65950,0.60825,30.243,1.020,-1,503.458,549.899,525.481,-1,425.671,429.366,-1,438.639,-1,-1,-1,-1,575.744,931.264,-1,-1,2,0,1,0,2,0,0,2,0,2,2,2,2,1,0,2,2
222,5415.965,1245.174,329.244,-137.371,-0.717731,0.663828,-0.210228,-0.660668,-0.744573,-0.095546,-0.219956,0.070314,0.972972,0,0.66344,0.59934,20.716,0.623,-1,495.513,527.922,522.544,-1,419.969,425.317,-1,444.130,-1,-1,-1,-1,755.531,931.485,-1,-1,2,0,1,0,2,0,0,2,0,2,2,2,2,0,0,2,2
223,5399.167,1224.646,323.001,-136.648,-0.709729,0.673352,-0.207080,-0.670038,-0.735994,-0.096761,-0.217564,0.070077,0.973527,0,0.66579,0.59401,26.525,0.723,-1,488.588,500.185,520.805,-1,414.984,422.312,-1,449.462,-1,-1,-1,-1,743.515,932.321,-1,-1,2,0,1,0,2,0,0,2,0,2,2,2,2,0,0,2,2
224,5381.964,1203.601,316.925,-135.956,-0.702113,0.682146,-0.204242,-0.679075,-0.727743,-0.096157,-0.214229,0.071182,0.974186,0,0.66848,0.58793,27.182,0.692,-1,484.556,472.133,520.503,-1,412.380,421.030,-1,453.793,-1,-1,-1,-1,736.589,935.945,-1,-1,2,0,1,0,2,0,0,2,0,2,2,2,2,0,0,2,2
225,5364.335,1182.121,311.137,-135.301,-0.694841,0.690183,-0.202098,-0.687574,-0.719923,-0.094626,-0.210804,0.073207,0.974783,0,0.67101,0.58219,27.788,0.654,-1,481.652,443.722,520.854,-1,410.939,420.535,-1,458.440,-1,-1,-1,-1,732.292,940.164,-1,-1,2,0,1,0,2,0,0,2,0,2,2,2,2,0,0,2,2
226,5346.509,1160.112,305.571,-134.641,-0.687277,0.697913,-0.201412,-0.695937,-0.712091,-0.092727,-0.208139,0.076441,0.975108,0,0.67336,0.57686,28.322,0.660,-1,477.878,414.888,519.820,-1,408.549,417.905,-1,461.947,-1,-1,-1,-1,727.420,935.828,-1,-1,2,0,1,0,2,0,0,2,0,2,2,2,2,0,0,2,2
227,5328.563,1137.604,300.252,-133.967,-0.679326,0.705850,-0.200728,-0.704263,-0.703955,-0.091980,-0.206228,0.078881,0.975319,0,0.67573,0.57150,28.787,0.674,-1,472.941,385.684,518.372,-1,403.977,414.391,-1,467.524,-1,-1,-1,-1,417.186,421.608,-1,-1,2,0,1,0,2,0,0,2,0,2,2,2,2,1,1,2,2
228,5310.712,1114.368,295.044,-133.239,-0.670609,0.714277,-0.200232,-0.713144,-0.695076,-0.091078,-0.204231,0.081717,0.975506,0,0.67815,0.56602,29.301,0.728,-1,468.363,356.149,407.694,-1,399.240,398.711,-1,473.396,-1,-1,-1,-1,387.904,386.496,-1,-1,2,0,1,1,2,1,1,2,0,2,2,2,2,1,1,2,2
229,5293.215,1090.283,289.868,-132.402,-0.660504,0.723690,-0.200020,-0.723287,-0.684771,-0.089131,-0.201470,0.085801,0.975729,0,0.68081,0.55999,29.770,0.837,-1,465.288,326.443,370.225,-1,366.904,363.947,-1,478.466,-1,-1,-1,-1,358.545,351.098,-1,-1,2,0,1,1,2,1,1,2,0,2,2,2,2,1,1,2,2
230,5276.073,1065.388,284.700,-131.489,-0.649407,0.733870,-0.199262,-0.734293,-0.673289,-0.086578,-0.197698,0.090093,0.976114,0,0.68396,0.55286,30.225,0.913,-1,462.509,296.649,332.700,-1,334.506,328.890,-1,482.717,-1,-1,-1,-1,329.029,315.675,-1,-1,2,0,1,1,2,1,1,2,0,2,2,2,2,1,1,2,2
231,5259.428,1039.633,279.396,-130.487,-0.637106,0.744899,-0.198042,-0.746303,-0.660399,-0.083095,-0.192684,0.094859,0.976665,0,0.68745,0.54496,30.666,1.003,-1,461.384,266.852,295.235,-1,302.176,293.630,-1,486.642,-1,-1,-1,-1,708.330,280.327,-1,-1,2,0,1,1,2,1,1,2,0,2,2,2,2,0,1,2,2
232,5243.144,1013.167,274.016,-129.455,-0.624303,0.756344,-0.195419,-0.758546,-0.646723,-0.079737,-0.186691,0.098454,0.977473,0,0.69135,0.53614,31.075,1.032,-1,461.644,-1,258.125,-1,269.889,258.310,-1,492.733,-1,-1,-1,-1,711.610,245.306,-1,-1,2,0,2,1,2,1,1,2,0,2,2,2,2,0,1,2,2
233,5227.044,986.107,268.626,-128.466,-0.611845,0.767507,-0.191255,-0.770142,-0.633183,-0.077203,-0.180353,0.100057,0.978500,0,0.69538,0.52701,31.487,0.990,-1,461.248,-1,221.509,-1,237.472,222.971,-1,498.161,-1,-1,-1,-1,713.686,210.712,-1,-1,2,0,2,1,2,1,1,2,0,2,2,2,2,0,1,2,2
234,5211.045,958.579,263.241,-127.524,-0.599817,0.778118,-0.186418,-0.781025,-0.619995,-0.074876,-0.173841,0.100685,0.979613,0,0.55904,0.69577,31.840,0.942,-1,459.544,-1,185.372,-1,204.911,187.627,-1,504.923,-1,-1,-1,-1,716.665,176.515,-1,229.035,2,0,2,1,2,1,1,2,0,2,2,2,2,0,1,2,1
235,5195.434,930.609,257.913,-126.562,-0.587254,0.788536,-0.182605,-0.791845,-0.606439,-0.072206,-0.167675,0.102191,0.980531,0,0.56194,0.68754,32.032,0.962,-1,457.842,-1,149.740,-1,172.540,152.418,-1,510.296,-1,-1,-1,960.227,719.383,142.715,-1,193.142,2,0,2,1,2,1,1,2,0,2,2,2,1,0,1,2,1
236,5180.409,902.198,252.875,-125.550,-0.573690,0.799015,-0.180152,-0.802806,-0.592144,-0.069777,-0.162429,0.104596,0.981161,0,0.56493,0.67909,32.139,1.012,-1,456.553,-1,114.666,168.627,140.520,117.418,-1,511.602,-1,-1,-1,914.520,720.169,109.361,-1,157.474,2,0,2,1,1,1,1,2,0,2,2,2,1,0,1,2,1
237,5166.095,873.240,248.083,-124.448,-0.558629,0.809767,-0.179473,-0.814387,-0.576518,-0.066338,-0.157188,0.109102,0.981524,0,0.56810,0.67011,32.303,1.102,-1,455.843,-1,80.131,129.804,379.355,82.594,-1,508.047,-1,-1,-1,870.638,724.404,76.467,-1,121.880,2,0,2,1,1,0,1,2,0,2,2,2,1,0,1,2,1
238,5152.206,843.862,243.614,-123.341,-0.543297,0.820309,-0.178665,-0.825806,-0.560504,-0.062285,-0.151235,0.113704,0.981937,0,0.57160,0.66020,32.495,1.107,-1,456.348,-1,46.210,91.747,377.486,47.945,-1,504.935,-1,-1,-1,830.917,732.828,44.127,-1,86.617,2,0,2,1,1,0,1,2,0,2,2,2,1,0,1,2,1
239,5141.721,822.273,240.863,-123.429,-0.544077,0.820108,-0.177209,-0.824226,-0.561924,-0.069947,-0.156943,0.108004,0.981684,0,0.57512,0.65021,24.001,-0.088,-1,438.872,-1,488.923,67.563,365.767,378.610,-1,515.760,-1,-1,-1,832.338,697.747,906.818,-1,63.747,2,0,2,0,1,0,0,2,0,2,2,2,1,0,0,2,1
240,5140.617,812.781,241.077,-125.137,-0.565959,0.801529,-0.192982,-0.804186,-0.588281,-0.084918,-0.181591,0.107133,0.977521,0,0.57452,0.65191,9.556,-1.708,-1,404.363,-1,10.679,66.189,340.570,10.976,-1,509.146,-1,-1,-1,898.904,624.115,800.516,934.279,61.898,2,0,2,1,1,0,1,2,0,2,2,2,1,0,0,0,1
