timestep,x_cm,y_cm,z_cm,yaw_deg,basis_xx,basis_xy,basis_xz,basis_yx,basis_yy,basis_yz,basis_zx,basis_zy,basis_zz,teleport_flag,throttle_cmd,steering_cmd,cmd_move_cm,cmd_turn_deg,lidar_cm_0,lidar_cm_1,lidar_cm_2,lidar_cm_3,lidar_cm_4,lidar_cm_5,lidar_cm_6,lidar_cm_7,lidar_cm_8,lidar_cm_9,lidar_cm_10,lidar_cm_11,lidar_cm_12,lidar_cm_13,lidar_cm_14,lidar_cm_15,lidar_cm_16,lidar_class_0,lidar_class_1,lidar_class_2,lidar_class_3,lidar_class_4,lidar_class_5,lidar_class_6,lidar_class_7,lidar_class_8,lidar_class_9,lidar_class_10,lidar_class_11,lidar_class_12,lidar_class_13,lidar_class_14,lidar_class_15,lidar_class_16
0,-8194.651,-2294.081,-1.514,20.492,0.934245,-0.350026,-0.068318,0.350313,0.936597,-0.008133,0.066833,-0.016335,0.997630,1,0.08000,-0.12000,4.800,-0.240,-1,400.000,-1,400.000,-1,325.000,325.000,300.000,300.000,-1,900.000,850.000,-1,750.000,775.000,-1,-1,2,0,2,0,2,0,0,0,0,2,0,0,2,0,0,2,2
1,-8185.630,-2290.796,-0.864,20.012,0.937154,-0.342172,-0.068265,0.342429,0.939507,-0.008261,0.066962,-0.015635,0.997633,0,0.16000,-0.24000,9.600,-0.480,-1,400.000,-1,400.000,-1,325.000,325.000,300.000,300.000,-1,925.000,875.000,-1,750.000,775.000,-1,-1,2,0,2,0,2,0,0,0,0,2,0,0,2,0,0,2,2
2,-8172.039,-2286.039,0.113,19.292,0.941394,-0.330344,-0.068194,0.330558,0.943748,-0.008447,0.067148,-0.014590,0.997636,0,0.24000,-0.36000,14.400,-0.720,-1,400.000,-1,400.000,-1,325.000,325.000,300.000,300.000,-1,950.000,875.000,-1,750.000,775.000,-1,-1,2,0,2,0,2,0,0,0,0,2,0,0,2,0,0,2,2
3,-8153.813,-2280.000,1.419,18.332,0.946814,-0.314492,-0.068110,0.314649,0.949168,-0.008684,0.067379,-0.013209,0.997640,0,0.32000,-0.48000,19.200,-0.960,-1,400.000,-1,400.000,-1,325.000,325.000,300.000,300.000,-1,975.000,925.000,-1,750.000,775.000,-1,-1,2,0,2,0,2,0,0,0,0,2,0,0,2,0,0,2,2
4,-8130.878,-2272.931,3.057,17.132,0.953212,-0.294551,-0.068025,0.294639,0.955567,-0.008963,0.067642,-0.011500,0.997643,0,0.40000,-0.60000,24.000,-1.200,-1,400.000,-1,400.000,-1,325.000,325.000,300.000,300.000,-1,-1,950.000,-1,750.000,775.000,-1,-1,2,0,2,0,2,0,0,0,0,2,2,0,2,0,0,2,2
5,-8103.151,-2265.141,5.029,15.692,0.960333,-0.270450,-0.067947,0.270457,0.962687,-0.009272,0.067919,-0.009473,0.997646,0,0.48000,-0.72000,28.800,-1.440,-1,400.000,-1,400.000,-1,325.000,325.000,300.000,300.000,-1,-1,1000.000,-1,750.000,775.000,-1,-1,2,0,2,0,2,0,0,0,0,2,2,0,2,0,0,2,2
6,-8070.551,-2257.006,7.336,14.012,0.967870,-0.242115,-0.067887,0.242030,0.970221,-0.009596,0.068189,-0.007143,0.997647,0,0.56000,-0.84000,33.600,-1.680,-1,400.000,-1,400.000,-1,325.000,325.000,300.000,300.000,-1,-1,-1,-1,750.000,775.000,-1,-1,2,0,2,0,2,0,0,0,0,2,2,2,2,0,0,2,2
7,-8033.022,-2248.873,9.977,12.227,0.974957,-0.211788,-0.067853,0.211608,0.977304,-0.009918,0.068413,-0.004689,0.997646,0,0.64000,-0.89223,38.400,-1.784,-1,400.000,-1,400.000,-1,325.000,325.000,300.000,300.000,-1,-1,-1,-1,750.000,775.000,-1,-1,2,0,2,0,2,0,0,0,0,2,2,2,2,0,0,2,2
8,-7990.537,-2241.048,12.951,10.435,0.981117,-0.181127,-0.067847,0.180852,0.983457,-0.010219,0.068576,-0.002244,0.997643,0,0.72000,-0.89595,43.200,-1.792,-1,400.000,-1,400.000,-1,325.000,325.000,300.000,300.000,-1,-1,-1,-1,775.000,775.000,-1,-1,2,0,2,0,2,0,0,0,0,2,2,2,2,0,0,2,2
9,-7943.081,-2233.842,16.256,8.635,0.986334,-0.150133,-0.067869,0.149766,0.988666,-0.010487,0.068674,0.000179,0.997639,0,0.80000,-0.90039,48.000,-1.801,-1,400.000,-1,400.000,-1,325.000,325.000,300.000,300.000,-1,-1,-1,-1,775.000,775.000,-1,-1,2,0,2,0,2,0,0,0,0,2,2,2,2,0,0,2,2
10,-7891.438,-2227.662,19.830,6.823,0.990593,-0.118809,-0.067897,0.118353,0.992914,-0.010726,0.068691,0.002590,0.997635,0,0.86685,-0.90561,52.011,-1.811,-1,400.000,-1,400.000,-1,325.000,325.000,300.000,300.000,-1,-1,-1,-1,775.000,775.000,-1,-1,2,0,2,0,2,0,0,0,0,2,2,2,2,0,0,2,2
11,-7844.426,-2223.340,23.014,5.252,0.993494,-0.091539,-0.067748,0.090994,0.995790,-0.011092,0.068478,0.004855,0.997641,0,0.78685,-0.78561,47.211,-1.571,-1,400.000,-1,400.000,-1,325.000,325.000,300.000,300.000,-1,-1,-1,-1,775.000,775.000,-1,-1,2,0,2,0,2,0,0,0,0,2,2,2,2,0,0,2,2
12,-7802.105,-2220.568,25.831,3.747,0.995577,-0.065345,-0.067501,0.064733,0.997840,-0.011219,0.068088,0.006800,0.997656,0,0.70685,-0.75273,42.411,-1.505,-1,400.000,-1,400.000,-1,325.000,325.000,300.000,300.000,-1,-1,-1,-1,775.000,775.000,-1,-1,2,0,2,0,2,0,0,0,0,2,2,2,2,0,0,2,2
13,-7760.800,-2218.959,28.567,2.231,0.996976,-0.038923,-0.067261,0.038247,0.999204,-0.011310,0.067648,0.008703,0.997671,0,0.68895,-0.75798,41.337,-1.516,-1,400.000,-1,400.000,-1,325.000,325.000,300.000,300.000,-1,-1,-1,-1,775.000,775.000,-1,-1,2,0,2,0,2,0,0,0,0,2,2,2,2,0,0,2,2
14,-7719.278,-2218.448,31.307,0.704,0.997676,-0.012290,-0.067023,0.011553,0.999869,-0.011378,0.067154,0.010577,0.997687,0,0.69207,-0.76326,41.524,-1.527,-1,400.000,-1,400.000,-1,325.000,325.000,300.000,300.000,-1,-1,-1,-1,775.000,775.000,-1,-1,2,0,2,0,2,0,0,0,0,2,2,2,2,0,0,2,2
15,-7676.966,-2219.070,34.087,-0.842,0.997660,0.014689,-0.066779,-0.015485,0.999815,-0.011425,0.066598,0.012432,0.997702,0,0.70529,-0.77297,42.317,-1.546,-1,400.000,-1,400.000,-1,325.000,325.000,300.000,300.000,-1,-1,-1,-1,775.000,775.000,-1,-1,2,0,2,0,2,0,0,0,0,2,2,2,2,0,0,2,2
16,-7634.352,-2220.846,36.876,-2.387,0.996915,0.041653,-0.066528,-0.042506,0.999031,-0.011450,0.065987,0.014243,0.997719,0,0.71085,-0.77290,42.651,-1.546,-1,400.000,-1,400.000,-1,325.000,325.000,300.000,300.000,-1,-1,-1,-1,775.000,775.000,-1,-1,2,0,2,0,2,0,0,0,0,2,2,2,2,0,0,2,2
17,-7591.466,-2223.794,39.670,-3.933,0.995443,0.068573,-0.066269,-0.069479,0.997518,-0.011456,0.065319,0.016008,0.997736,0,0.71645,-0.77252,42.987,-1.545,-1,400.000,-1,400.000,-1,325.000,325.000,300.000,300.000,-1,-1,-1,-1,775.000,775.000,-1,-1,2,0,2,0,2,0,0,0,0,2,2,2,2,0,0,2,2
18,-7548.338,-2227.928,42.467,-5.476,0.993247,0.095417,-0.065998,-0.096372,0.995280,-0.011443,0.064595,0.017726,0.997754,0,0.72208,-0.77182,43.325,-1.544,-1,400.000,-1,400.000,-1,325.000,325.000,300.000,300.000,-1,-1,-1,-1,775.000,775.000,-1,-1,2,0,2,0,2,0,0,0,0,2,2,2,2,0,0,2,2
19,-7505.002,-2233.262,45.266,-7.018,0.990333,0.122154,-0.065713,-0.123157,0.992322,-0.011414,0.063814,0.019397,0.997773,0,0.72772,-0.77079,43.663,-1.542,-1,400.000,-1,400.000,-1,325.000,325.000,300.000,300.000,-1,-1,-1,-1,775.000,775.000,-1,-1,2,0,2,0,2,0,0,0,0,2,2,2,2,0,0,2,2
20,-7461.491,-2239.808,48.062,-8.557,0.986709,0.148753,-0.065411,-0.149800,0.988651,-0.011371,0.062977,0.021019,0.997794,0,0.73334,-0.76941,44.001,-1.539,-1,400.000,-1,400.000,-1,325.000,325.000,300.000,300.000,-1,-1,-1,-1,775.000,775.000,-1,-1,2,0,2,0,2,0,0,0,0,2,2,2,2,0,0,2,2
21,-7417.841,-2247.576,50.855,-10.092,0.982382,0.175183,-0.065090,-0.176270,0.984277,-0.011317,0.062084,0.022591,0.997815,0,0.73893,-0.76766,44.336,-1.535,-1,400.000,-1,400.000,-1,325.000,325.000,300.000,300.000,-1,-1,-1,-1,775.000,775.000,-1,-1,2,0,2,0,2,0,0,0,0,2,2,2,2,0,0,2,2
22,-7374.090,-2256.575,53.640,-11.623,0.977364,0.201412,-0.064749,-0.202538,0.979210,-0.011254,0.061136,0.024113,0.997838,0,0.74445,-0.76554,44.667,-1.531,-1,400.000,-1,400.000,-1,325.000,325.000,300.000,300.000,-1,-1,-1,-1,775.000,775.000,-1,-1,2,0,2,0,2,0,0,0,0,2,2,2,2,0,0,2,2
23,-7330.276,-2266.810,56.415,-13.149,0.971668,0.227410,-0.064385,-0.228571,0.973463,-0.011185,0.060133,0.025585,0.997862,0,0.74989,-0.76302,44.994,-1.526,-1,400.000,-1,400.000,-1,325.000,325.000,300.000,300.000,-1,-1,-1,-1,775.000,775.000,-1,-1,2,0,2,0,2,0,0,0,0,2,2,2,2,0,0,2,2
24,-7286.440,-2278.284,59.164,-14.669,0.965307,0.253145,-0.064029,-0.254336,0.967053,-0.011045,0.059123,0.026947,0.997887,0,0.75521,-0.76008,45.313,-1.520,-1,400.000,-1,400.000,-1,325.000,325.000,300.000,300.000,-1,-1,-1,-1,775.000,775.000,-1,-1,2,0,2,0,2,0,0,0,0,2,2,2,2,1,0,2,2
25,-7242.625,-2290.999,61.827,-16.183,0.958304,0.278591,-0.063569,-0.279790,0.960002,-0.010634,0.058064,0.027976,0.997921,0,0.76038,-0.75672,45.623,-1.513,-1,400.000,-1,400.000,-1,325.000,325.000,300.000,300.000,-1,-1,-1,-1,750.000,775.000,-1,-1,2,0,2,0,2,0,0,0,0,2,2,2,2,1,0,2,2
26,-7198.875,-2304.951,64.450,-17.688,0.950679,0.303714,-0.062984,-0.304914,0.952326,-0.010165,0.056894,0.028868,0.997963,0,0.76535,-0.75291,45.921,-1.506,-1,400.000,-1,400.000,-1,325.000,325.000,300.000,300.000,-1,-1,-1,-1,725.000,775.000,-1,-1,2,0,2,0,2,0,0,0,0,2,2,2,2,1,0,2,2
27,-7155.235,-2320.136,67.039,-19.186,0.942447,0.328486,-0.062375,-0.329685,0.944041,-0.009714,0.055693,0.029719,0.998006,0,0.77010,-0.74864,46.206,-1.497,-1,400.000,-1,400.000,-1,325.000,325.000,300.000,300.000,-1,-1,-1,-1,700.000,775.000,975.000,-1,2,0,2,0,2,0,0,0,0,2,2,2,2,1,0,1,2
28,-7111.752,-2336.543,69.545,-20.674,0.933619,0.352876,-0.061924,-0.354084,0.935167,-0.009391,0.054596,0.030694,0.998037,0,0.77458,-0.74389,46.475,-1.488,-1,400.000,-1,400.000,-1,325.000,325.000,300.000,300.000,-1,-1,-1,-1,675.000,775.000,900.000,-1,2,0,2,0,2,0,0,0,0,2,2,2,2,1,0,1,2
29,-7068.477,-2354.160,71.985,-22.151,0.924236,0.376856,-0.061379,-0.378076,0.925729,-0.009207,0.053351,0.031715,0.998072,0,0.77873,-0.73864,46.724,-1.477,975.000,400.000,-1,400.000,-1,325.000,325.000,300.000,300.000,-1,-1,-1,-1,675.000,750.000,850.000,-1,1,0,2,0,2,0,0,0,0,2,2,2,2,1,0,1,2
30,-7025.458,-2372.969,74.381,-23.617,0.914323,0.400399,-0.060782,-0.401629,0.915758,-0.009050,0.052038,0.032687,0.998110,0,0.78252,-0.73287,46.951,-1.466,875.000,400.000,-1,400.000,-1,325.000,325.000,300.000,300.000,-1,-1,-1,-1,650.000,750.000,825.000,-1,1,0,2,0,2,0,0,0,0,2,2,2,2,1,0,1,2
31,-6982.747,-2392.948,76.738,-25.070,0.903906,0.423481,-0.060144,-0.424717,0.905282,-0.008886,0.050684,0.033576,0.998150,0,0.78587,-0.72658,47.152,-1.453,775.000,400.000,-1,400.000,-1,325.000,325.000,300.000,300.000,-1,-1,-1,-1,650.000,750.000,800.000,-1,1,0,2,0,2,0,0,0,0,2,2,2,2,1,0,1,2
32,-6940.398,-2414.071,79.119,-26.509,0.892998,0.446073,-0.059780,-0.447329,0.894326,-0.008863,0.049509,0.034656,0.998172,0,0.78874,-0.71973,47.325,-1.439,700.000,400.000,-1,400.000,-1,325.000,325.000,300.000,300.000,-1,-1,-1,-1,625.000,750.000,775.000,-1,1,0,2,0,2,0,0,0,0,2,2,2,2,1,0,1,2
33,-6898.464,-2436.305,81.491,-27.934,0.881639,0.468151,-0.059555,-0.469434,0.882923,-0.008897,0.048418,0.035801,0.998185,0,0.79106,-0.71233,47.464,-1.425,625.000,400.000,-1,400.000,-1,325.000,325.000,300.000,300.000,-1,-1,-1,-1,625.000,750.000,775.000,-1,1,1,2,0,2,0,0,0,0,2,2,2,2,1,0,1,2
34,-6857.000,-2459.614,83.822,-29.343,0.869872,0.489696,-0.059335,-0.491003,0.871112,-0.008920,0.047319,0.036893,0.998198,0,0.79277,-0.70437,47.566,-1.409,600.000,375.000,-1,400.000,-1,325.000,325.000,300.000,300.000,-1,-1,-1,-1,625.000,750.000,800.000,-1,1,1,2,0,2,0,0,0,0,2,2,2,2,1,0,1,2
35,-6816.061,-2483.954,86.108,-30.734,0.857731,0.510689,-0.059119,-0.512017,0.858929,-0.008931,0.046217,0.037931,0.998211,0,0.79379,-0.69583,47.628,-1.392,600.000,375.000,-1,400.000,-1,325.000,325.000,300.000,300.000,-1,-1,-1,-1,650.000,750.000,850.000,-1,1,1,2,0,2,0,0,0,0,2,2,2,2,1,0,1,2
36,-6775.704,-2509.277,88.346,-32.108,0.845253,0.531109,-0.058905,-0.532458,0.846409,-0.008931,0.045115,0.038914,0.998224,0,0.79407,-0.68673,47.644,-1.373,575.000,375.000,-1,400.000,-1,325.000,325.000,300.000,300.000,-1,-1,-1,-1,650.000,750.000,-1,-1,1,1,2,0,2,1,0,0,0,2,2,2,2,1,0,2,2
37,-6735.983,-2535.529,90.497,-33.462,0.832473,0.550946,-0.058712,-0.552305,0.833596,-0.008731,0.044131,0.039695,0.998237,0,0.79353,-0.67706,47.612,-1.354,575.000,375.000,-1,400.000,-1,325.000,325.000,300.000,300.000,-1,-1,-1,-1,675.000,750.000,-1,-1,1,1,2,0,2,1,0,0,0,2,2,2,2,1,0,2,2
38,-6696.953,-2562.651,92.574,-34.796,0.819430,0.570185,-0.058518,-0.571548,0.820525,-0.008419,0.043215,0.040344,0.998251,0,0.79212,-0.66686,47.527,-1.334,575.000,375.000,-1,400.000,-1,325.000,325.000,300.000,300.000,-1,-1,-1,-1,700.000,725.000,-1,-1,1,1,2,0,2,1,0,0,0,2,2,2,2,1,0,2,2
39,-6658.668,-2590.576,94.651,-36.108,0.806159,0.588817,-0.058326,-0.590172,0.807240,-0.007806,0.042487,0.040715,0.998267,0,0.78979,-0.65613,47.388,-1.312,625.000,375.000,-1,400.000,-1,325.000,325.000,300.000,300.000,-1,-1,-1,-1,750.000,725.000,-1,-1,1,1,2,0,2,1,0,0,0,2,2,2,2,1,0,2,2
40,-6621.177,-2619.235,97.378,-37.398,0.792489,0.606758,-0.061693,-0.608290,0.793674,-0.008025,0.044095,0.043887,0.998063,0,0.78650,-0.64494,47.190,-1.290,-1,375.000,-1,400.000,-1,325.000,325.000,300.000,300.000,-1,-1,-1,-1,800.000,750.000,-1,-1,2,1,2,0,2,1,0,0,0,2,2,2,2,0,0,2,2
41,-6584.529,-2648.556,99.973,-38.664,0.778681,0.624074,-0.064712,-0.625768,0.779968,-0.007968,0.045501,0.046699,0.997872,0,0.78222,-0.63331,46.933,-1.267,-1,400.000,-1,400.000,-1,325.000,325.000,300.000,300.000,-1,-1,-1,-1,825.000,750.000,-1,-1,2,1,2,0,2,0,0,1,0,2,2,2,2,0,0,2,2
42,-6548.768,-2678.462,102.302,-39.907,0.764819,0.640784,-0.066693,-0.642582,0.766180,-0.007524,0.046278,0.048610,0.997745,0,0.77695,-0.62134,46.617,-1.243,-1,425.000,-1,400.000,-1,325.000,325.000,300.000,300.000,-1,-1,-1,-1,825.000,775.000,-1,-1,2,0,2,0,2,0,0,1,0,2,2,2,2,0,0,2,2
43,-6509.909,-2712.133,104.632,-40.910,0.753394,0.654061,-0.067839,-0.655906,0.754812,-0.006808,0.046753,0.049625,0.997673,0,0.85695,-0.50134,51.417,-1.003,-1,425.000,-1,400.000,-1,325.000,325.000,275.000,300.000,-1,-1,-1,-1,850.000,775.000,-1,-1,2,0,2,0,2,0,0,1,0,2,2,2,2,0,0,2,2
44,-6470.159,-2747.515,106.881,-41.672,0.744596,0.664035,-0.068078,-0.665890,0.746022,-0.006375,0.046555,0.050079,0.997660,0,0.88694,-0.38134,53.216,-0.763,-1,425.000,-1,400.000,-1,325.000,325.000,275.000,300.000,-1,-1,-1,-1,850.000,775.000,-1,-1,2,0,2,0,2,0,0,1,0,2,2,2,2,0,0,2,2
45,-6431.078,-2782.946,108.871,-42.195,0.738539,0.670826,-0.067476,-0.672639,0.739948,-0.005836,0.046013,0.049697,0.997704,0,0.87918,-0.26134,52.751,-0.523,-1,425.000,-1,400.000,-1,325.000,325.000,250.000,300.000,-1,-1,-1,-1,825.000,775.000,-1,-1,2,0,2,0,2,0,0,1,0,2,2,2,2,0,0,2,2
46,-6392.528,-2818.244,110.664,-42.478,0.735309,0.674509,-0.066011,-0.676228,0.736674,-0.005205,0.045118,0.048466,0.997805,0,0.87115,-0.14134,52.269,-0.283,-1,425.000,-1,400.000,-1,325.000,325.000,250.000,300.000,-1,-1,-1,-1,825.000,775.000,-1,-1,2,0,2,0,2,0,0,1,0,2,2,2,2,0,0,2,2
47,-6354.363,-2853.242,112.289,-42.520,0.734942,0.675122,-0.063800,-0.676705,0.736241,-0.004495,0.043938,0.046477,0.997953,0,0.86305,-0.02134,51.783,-0.043,-1,400.000,-1,400.000,-1,325.000,325.000,250.000,300.000,-1,-1,-1,-1,800.000,750.000,-1,-1,2,0,2,0,2,0,0,1,0,2,2,2,2,0,0,2,2
48,-6316.434,-2887.786,113.777,-42.323,0.737434,0.672663,-0.060960,-0.674079,0.738650,-0.003698,0.042541,0.043819,0.998133,0,0.85504,0.09866,51.302,0.197,-1,400.000,-1,400.000,-1,325.000,325.000,225.000,300.000,-1,-1,-1,-1,800.000,750.000,-1,-1,2,0,2,0,2,0,0,1,0,2,2,2,2,0,0,2,2
49,-6278.587,-2921.729,115.149,-41.886,0.742741,0.667096,-0.057611,-0.668325,0.743864,-0.002839,0.040961,0.040611,0.998335,0,0.84730,0.21866,50.838,0.437,-1,400.000,-1,400.000,-1,325.000,325.000,225.000,300.000,-1,-1,-1,-1,775.000,750.000,-1,-1,2,0,2,0,2,0,0,1,0,2,2,2,2,0,0,2,2
50,-6240.673,-2954.933,116.852,-41.208,0.750663,0.658309,-0.055988,-0.659435,0.751758,-0.002233,0.040619,0.038596,0.998429,0,0.83997,0.33866,50.398,0.677,-1,400.000,-1,375.000,-1,325.000,325.000,225.000,300.000,-1,-1,-1,-1,775.000,725.000,-1,-1,2,0,2,0,2,0,0,1,0,2,2,2,2,0,0,2,2
51,-6202.542,-2987.260,118.965,-40.291,0.761094,0.646209,-0.056134,-0.647310,0.762224,-0.001916,0.041548,0.037794,0.998421,0,0.83317,0.45866,49.990,0.917,-1,400.000,-1,375.000,-1,325.000,325.000,225.000,300.000,-1,-1,-1,-1,775.000,725.000,-1,-1,2,0,2,0,2,0,0,1,0,2,2,2,2,0,0,2,2
52,-6164.128,-3018.668,121.144,-39.270,0.772492,0.632545,-0.056070,-0.633608,0.773653,-0.001551,0.042398,0.036724,0.998426,0,0.82699,0.51067,49.620,1.021,-1,400.000,-1,375.000,-1,325.000,325.000,225.000,300.000,-1,-1,-1,-1,775.000,725.000,-1,-1,2,0,2,0,2,0,0,1,0,2,2,2,2,0,0,2,2
53,-6125.437,-3049.167,123.772,-38.248,0.783681,0.618634,-0.056002,-0.619752,0.784790,-0.003402,0.041846,0.037373,0.998425,0,0.82112,0.51087,49.267,1.022,-1,400.000,-1,375.000,-1,325.000,325.000,225.000,300.000,-1,-1,-1,-1,775.000,725.000,-1,-1,2,0,2,0,2,0,0,1,0,2,2,2,2,0,0,2,2
54,-6086.486,-3078.760,126.509,-37.226,0.794629,0.604521,-0.055855,-0.605710,0.795665,-0.005702,0.040994,0.038363,0.998423,0,0.81529,0.51079,48.918,1.022,-1,400.000,-1,375.000,-1,325.000,325.000,225.000,300.000,-1,-1,-1,-1,775.000,725.000,-1,-1,2,0,2,0,2,0,0,1,0,2,2,2,2,0,0,2,2
55,-6047.291,-3107.452,129.144,-36.206,0.805309,0.590237,-0.055647,-0.591469,0.806294,-0.007380,0.040512,0.038857,0.998423,0,0.80958,0.51043,48.575,1.021,-1,400.000,-1,375.000,-1,325.000,325.000,225.000,300.000,-1,-1,-1,-1,775.000,725.000,-1,-1,2,0,2,0,2,0,0,1,0,2,2,2,2,0,0,2,2
56,-6007.864,-3135.250,131.681,-35.186,0.815713,0.575796,-0.055413,-0.577045,0.816669,-0.008449,0.040389,0.038868,0.998428,0,0.80403,0.50981,48.242,1.020,-1,400.000,-1,375.000,-1,325.000,325.000,250.000,300.000,-1,-1,-1,-1,775.000,725.000,-1,-1,2,0,2,0,2,0,0,1,0,2,2,2,2,0,0,2,2
57,-5968.214,-3162.164,134.089,-34.168,0.825842,0.561211,-0.055017,-0.562444,0.826787,-0.008877,0.040505,0.038275,0.998446,0,0.79869,0.50893,47.921,1.018,-1,400.000,-1,375.000,-1,325.000,325.000,250.000,300.000,-1,-1,-1,-1,775.000,725.000,-1,-1,2,0,2,0,2,0,0,1,0,2,2,2,2,0,0,2,2
58,-5928.350,-3188.204,136.387,-33.152,0.835685,0.546491,-0.054580,-0.547684,0.836640,-0.008701,0.040909,0.037163,0.998472,0,0.79359,0.50780,47.615,1.016,-1,400.000,-1,375.000,-1,325.000,325.000,250.000,300.000,-1,-1,-1,-1,775.000,725.000,-1,-1,2,0,2,0,2,0,0,1,0,2,2,2,2,0,0,2,2
59,-5888.278,-3213.381,138.593,-32.140,0.845231,0.531646,-0.054196,-0.532778,0.846218,-0.007959,0.041630,0.035601,0.998499,0,0.78876,0.50644,47.326,1.013,-1,400.000,-1,375.000,-1,325.000,325.000,250.000,300.000,-1,-1,-1,-1,775.000,725.000,-1,-1,2,0,2,0,2,0,0,1,0,2,2,2,2,0,0,2,2
60,-5848.000,-3237.708,140.709,-31.130,0.854476,0.516688,-0.053895,-0.517736,0.855515,-0.006662,0.042665,0.033596,0.998524,0,0.78423,0.50486,47.054,1.010,-1,400.000,-1,375.000,-1,325.000,325.000,250.000,300.000,-1,-1,-1,-1,775.000,725.000,-1,-1,2,0,2,0,2,0,0,1,0,2,2,2,2,0,0,2,2
61,-5807.520,-3261.197,142.735,-30.124,0.863415,0.501625,-0.053737,-0.502570,0.864523,-0.004838,0.044030,0.031184,0.998543,0,0.78002,0.50307,46.801,1.006,-1,400.000,-1,375.000,-1,325.000,325.000,250.000,300.000,-1,-1,-1,-1,800.000,750.000,-1,-1,2,0,2,0,2,0,0,1,0,2,2,2,2,0,0,2,2
62,-5766.839,-3283.861,144.670,-29.122,0.872044,0.486469,-0.053733,-0.487289,0.873237,-0.002522,0.045695,0.028382,0.998552,0,0.77614,0.50107,46.569,1.002,-1,400.000,-1,400.000,-1,325.000,325.000,275.000,300.000,-1,-1,-1,-1,800.000,750.000,-1,-1,2,0,2,0,2,0,0,1,0,2,2,2,2,0,0,2,2
63,-5725.957,-3305.713,146.479,-28.124,0.880367,0.471227,-0.053841,-0.471909,0.881647,0.000059,0.047497,0.025356,0.998549,0,0.77260,0.49888,46.356,0.998,-1,400.000,-1,400.000,-1,325.000,325.000,275.000,300.000,-1,-1,-1,-1,800.000,750.000,-1,-1,2,0,2,0,2,0,0,1,0,2,2,2,2,0,0,2,2
64,-5684.873,-3326.766,148.149,-27.131,0.888382,0.455911,-0.054058,-0.456441,0.889749,0.002809,0.049378,0.022179,0.998534,0,0.76939,0.49652,46.164,0.993,-1,400.000,-1,400.000,-1,325.000,325.000,275.000,300.000,-1,-1,-1,-1,825.000,775.000,-1,-1,2,0,2,0,2,0,0,1,0,2,2,2,2,0,0,2,2
65,-5643.587,-3347.031,150.097,-26.143,0.896113,0.440521,-0.054052,-0.440959,0.897517,0.004185,0.050356,0.020084,0.998529,0,0.76653,0.49398,45.992,0.988,-1,400.000,-1,400.000,-1,325.000,325.000,275.000,300.000,-1,-1,-1,-1,825.000,775.000,-1,-1,2,0,2,0,2,0,0,1,0,2,2,2,2,0,0,2,2
66,-5602.097,-3366.520,152.360,-25.160,0.903564,0.425073,-0.053709,-0.425488,0.904955,0.004015,0.050311,0.019225,0.998549,0,0.76399,0.49129,45.839,0.983,-1,400.000,-1,400.000,-1,325.000,325.000,275.000,300.000,-1,-1,-1,-1,825.000,800.000,-1,-1,2,0,2,0,2,0,0,1,0,2,2,2,2,0,0,2,2
67,-5564.587,-3383.172,154.402,-23.938,0.912457,0.405676,-0.053383,-0.406064,0.913837,0.003856,0.050348,0.018158,0.998567,0,0.68399,0.61129,41.039,1.223,-1,400.000,-1,400.000,-1,325.000,325.000,275.000,300.000,-1,-1,-1,-1,825.000,800.000,-1,-1,2,0,2,0,2,0,0,1,0,2,2,2,2,0,0,2,2
68,-5527.498,-3398.658,156.418,-22.662,0.921291,0.385240,-0.053042,-0.385599,0.922659,0.003707,0.050368,0.017037,0.998585,0,0.66988,0.63778,40.193,1.276,-1,400.000,-1,400.000,-1,325.000,325.000,300.000,300.000,-1,-1,-1,-1,825.000,825.000,-1,-1,2,0,2,0,2,0,0,1,0,2,2,2,2,0,0,2,2
69,-5490.106,-3413.306,158.450,-21.392,0.929634,0.364698,-0.052681,-0.365028,0.930990,0.003570,0.050347,0.015911,0.998605,0,0.66931,0.63512,40.159,1.270,-1,400.000,-1,400.000,-1,325.000,325.000,300.000,300.000,-1,-1,-1,-1,825.000,825.000,-1,-1,2,0,2,0,2,0,0,1,0,2,2,2,2,0,0,2,2
70,-5452.423,-3427.116,160.497,-20.127,0.937488,0.344066,-0.052300,-0.344366,0.938829,0.003444,0.050286,0.014781,0.998625,0,0.66890,0.63240,40.134,1.265,-1,400.000,-1,400.000,-1,325.000,325.000,300.000,300.000,-1,-1,-1,-1,825.000,825.000,-1,-1,2,0,2,0,2,0,0,1,0,2,2,2,2,0,0,2,2
71,-5414.462,-3440.090,162.557,-18.868,0.944853,0.323356,-0.051901,-0.323627,0.946179,0.003332,0.050185,0.013648,0.998647,0,0.66862,0.62961,40.117,1.259,-1,400.000,-1,400.000,-1,325.000,325.000,300.000,300.000,-1,-1,-1,-1,825.000,850.000,-1,-1,2,0,2,0,2,0,0,1,0,2,2,2,2,0,0,2,2
72,-5376.233,-3452.228,164.631,-17.614,0.951731,0.302584,-0.051484,-0.302825,0.953041,0.003235,0.050046,0.012512,0.998669,0,0.66849,0.62677,40.109,1.254,-1,400.000,-1,400.000,-1,325.000,325.000,300.000,300.000,-1,-1,-1,-1,850.000,850.000,-1,-1,2,0,2,0,2,0,0,1,0,2,2,2,2,0,0,2,2
73,-5337.750,-3463.530,166.709,-16.367,0.958124,0.281763,-0.051067,-0.281973,0.959417,0.003192,0.049894,0.011341,0.998690,0,0.66848,0.62388,40.109,1.248,-1,400.000,-1,400.000,-1,325.000,325.000,300.000,300.000,-1,-1,-1,-1,850.000,850.000,-1,-1,2,0,2,0,2,0,0,1,0,2,2,2,2,0,0,2,2
74,-5299.025,-3473.997,168.759,-15.125,0.964036,0.260907,-0.050615,-0.261076,0.965312,0.003371,0.049738,0.009965,0.998713,0,0.66859,0.62094,40.115,1.242,-1,400.000,-1,400.000,-1,325.000,325.000,300.000,300.000,-1,-1,-1,-1,850.000,875.000,-1,-1,2,0,2,0,2,0,0,1,0,2,2,2,2,0,0,2,2
75,-5260.070,-3483.629,170.713,-13.889,0.969491,0.240030,-0.049728,-0.240137,0.970731,0.003911,0.049212,0.008150,0.998755,0,0.66881,0.61794,40.129,1.236,-1,400.000,-1,400.000,-1,325.000,325.000,300.000,300.000,-1,-1,-1,-1,850.000,875.000,-1,-1,2,0,2,0,2,0,0,0,0,2,2,2,2,0,0,2,2
76,-5220.897,-3492.428,172.675,-12.659,0.974469,0.219143,-0.048859,-0.219188,0.975672,0.004497,0.048656,0.006328,0.998796,0,0.66914,0.61491,40.148,1.230,-1,400.000,-1,425.000,-1,325.000,325.000,300.000,300.000,-1,-1,-1,-1,850.000,900.000,-1,-1,2,0,2,0,2,0,0,0,0,2,2,2,2,0,0,2,2
77,-5177.746,-3501.153,174.681,-11.431,0.978986,0.198182,-0.048059,-0.198190,0.980153,0.004647,0.048026,0.004976,0.998834,0,0.73375,0.61409,44.025,1.228,-1,400.000,-1,425.000,-1,325.000,325.000,300.000,300.000,-1,-1,-1,-1,825.000,900.000,-1,-1,2,0,2,0,2,0,0,0,0,2,2,2,2,0,0,2,2
78,-5134.523,-3508.932,176.432,-10.202,0.983073,0.177120,-0.046850,-0.177139,0.984179,0.003790,0.046780,0.004573,0.998895,0,0.73195,0.61430,43.917,1.229,-1,400.000,-1,425.000,-1,325.000,325.000,300.000,300.000,-1,-1,-1,-1,825.000,900.000,-1,-1,2,0,2,0,2,0,0,0,0,2,2,2,2,0,0,2,2
79,-5091.251,-3515.765,178.181,-8.973,0.986707,0.155974,-0.045616,-0.156001,0.987752,0.002979,0.045522,0.004176,0.998955,0,0.73015,0.61441,43.809,1.229,-1,400.000,-1,425.000,-1,325.000,325.000,300.000,300.000,-1,-1,-1,-1,825.000,900.000,-1,-1,2,0,2,0,2,0,0,0,0,2,2,2,2,0,0,2,2
80,-5047.949,-3521.654,179.930,-7.745,0.989885,0.134755,-0.044362,-0.134790,0.990872,0.002218,0.044256,0.003784,0.999013,0,0.72835,0.61442,43.701,1.229,-1,400.000,-1,425.000,-1,325.000,325.000,300.000,300.000,-1,-1,-1,-1,825.000,900.000,-1,-1,2,0,2,0,2,0,0,0,0,2,2,2,2,0,0,2,2
81,-5004.636,-3526.601,181.678,-6.516,0.992606,0.113478,-0.043094,-0.113519,0.993535,0.001509,0.042986,0.003395,0.999070,0,0.72657,0.61433,43.594,1.229,-1,400.000,-1,400.000,-1,325.000,325.000,300.000,300.000,-1,-1,-1,-1,800.000,900.000,-1,-1,2,0,2,0,2,0,0,0,0,2,2,2,2,0,0,2,2
82,-4961.332,-3530.609,183.426,-5.288,0.994866,0.092155,-0.041817,-0.092200,0.995740,0.000852,0.041717,0.003008,0.999125,0,0.72482,0.61414,43.489,1.228,-1,400.000,-1,400.000,-1,325.000,325.000,300.000,300.000,-1,-1,-1,-1,800.000,900.000,-1,-1,2,0,2,0,2,0,0,0,0,2,2,2,2,0,0,2,2
83,-4918.056,-3533.681,185.175,-4.060,0.996667,0.070799,-0.040535,-0.070847,0.997487,0.000250,0.040451,0.002622,0.999178,0,0.72309,0.61385,43.385,1.228,-1,400.000,-1,400.000,-1,325.000,325.000,300.000,300.000,-1,-1,-1,-1,800.000,900.000,-1,-1,2,0,2,0,2,0,0,0,0,2,2,2,2,0,0,2,2
84,-4874.826,-3535.820,186.926,-2.833,0.998006,0.049424,-0.039256,-0.049474,0.998775,-0.000296,0.039193,0.002237,0.999229,0,0.72139,0.61347,43.283,1.227,-1,400.000,-1,400.000,-1,325.000,325.000,300.000,300.000,-1,-1,-1,-1,775.000,875.000,-1,-1,2,0,2,0,2,0,0,0,0,2,2,2,2,0,0,2,2
85,-4831.659,-3537.031,188.679,-1.607,0.998885,0.028043,-0.037983,-0.028093,0.999605,-0.000785,0.037946,0.001851,0.999278,0,0.71973,0.61299,43.184,1.226,-1,400.000,-1,400.000,-1,325.000,325.000,300.000,300.000,-1,-1,-1,-1,775.000,875.000,-1,-1,2,0,2,0,2,0,0,0,0,2,2,2,2,0,0,2,2
86,-4788.573,-3537.318,190.435,-0.382,0.999303,0.006669,-0.036723,-0.006719,0.999977,-0.001218,0.036714,0.001464,0.999325,0,0.71812,0.61242,43.087,1.225,-1,400.000,-1,400.000,-1,325.000,325.000,300.000,300.000,-1,-1,-1,-1,775.000,875.000,-1,-1,2,0,2,0,2,0,0,0,0,2,2,2,2,0,0,2,2
87,-4745.585,-3536.687,192.194,0.841,0.999262,-0.014685,-0.035481,0.014637,0.999892,-0.001595,0.035501,0.001074,0.999369,0,0.71655,0.61177,42.993,1.224,-1,400.000,-1,400.000,-1,325.000,325.000,300.000,300.000,-1,-1,-1,-1,775.000,875.000,-1,-1,2,0,2,0,2,0,0,0,0,2,2,2,2,0,0,2,2
88,-4702.711,-3535.142,193.957,2.063,0.998764,-0.036006,-0.034262,0.035962,0.999351,-0.001915,0.034308,0.000681,0.999411,0,0.71503,0.61102,42.902,1.222,-1,400.000,-1,400.000,-1,325.000,325.000,300.000,300.000,-1,-1,-1,-1,750.000,875.000,-1,-1,2,0,2,0,2,0,0,0,0,2,2,2,2,0,0,2,2
89,-4659.967,-3532.690,195.725,3.284,0.997810,-0.057282,-0.033070,0.057241,0.998358,-0.002181,0.033141,0.000283,0.999451,0,0.71357,0.61019,42.814,1.220,-1,400.000,-1,400.000,-1,325.000,325.000,300.000,300.000,-1,-1,-1,-1,750.000,850.000,-1,-1,2,0,2,0,2,0,0,0,0,2,2,2,2,0,0,2,2
90,-4617.368,-3529.335,197.483,4.502,0.996402,-0.078500,-0.031949,0.078462,0.996914,-0.002448,0.032043,-0.000068,0.999486,0,0.71217,0.60927,42.730,1.219,-1,400.000,-1,400.000,-1,325.000,325.000,300.000,300.000,-1,-1,-1,-1,750.000,850.000,-1,-1,2,0,2,0,2,0,0,0,0,2,2,2,2,0,0,2,2
91,-4574.931,-3525.085,198.857,5.719,0.994533,-0.099648,-0.031203,0.099567,0.995022,-0.004144,0.031460,0.001015,0.999504,0,0.71083,0.60828,42.650,1.217,-1,400.000,-1,400.000,-1,325.000,325.000,300.000,300.000,-1,-1,-1,-1,750.000,850.000,-1,-1,2,0,2,0,2,0,0,0,0,2,2,2,2,0,0,2,2
92,-4528.938,-3519.490,200.147,6.936,0.992208,-0.120762,-0.030656,0.120654,0.992680,-0.005365,0.031079,0.001625,0.999516,0,0.77220,0.60858,46.332,1.217,-1,400.000,-1,400.000,-1,325.000,325.000,300.000,300.000,-1,-1,-1,-1,725.000,850.000,-1,-1,2,0,2,0,2,0,0,0,0,2,2,2,2,0,0,2,2
93,-4483.126,-3512.922,201.425,8.158,0.989423,-0.141910,-0.030075,0.141780,0.989877,-0.006428,0.030683,0.002096,0.999527,0,0.77135,0.61116,46.281,1.222,-1,400.000,-1,400.000,-1,325.000,325.000,300.000,300.000,-1,-1,-1,-1,725.000,825.000,-1,-1,2,0,2,0,2,0,0,0,0,2,2,2,2,0,0,2,2
94,-4432.693,-3504.807,202.853,9.141,0.986861,-0.158860,-0.029475,0.158704,0.987297,-0.007554,0.030301,0.002777,0.999537,0,0.85135,0.49116,51.081,0.982,-1,375.000,-1,400.000,-1,325.000,325.000,300.000,300.000,-1,-1,-1,-1,725.000,825.000,-1,-1,2,0,2,0,2,0,0,0,0,2,2,2,2,0,0,2,2
95,-4380.052,-3495.636,204.367,9.883,0.984737,-0.171637,-0.028884,0.171454,0.985154,-0.008701,0.029949,0.003615,0.999545,0,0.89056,0.37116,53.434,0.742,-1,375.000,-1,400.000,-1,325.000,325.000,300.000,300.000,-1,-1,-1,-1,725.000,825.000,-1,-1,2,0,2,0,2,0,0,1,0,2,2,2,2,0,0,2,2
96,-4325.081,-3485.084,205.988,10.865,0.981665,-0.188501,-0.028303,0.188292,0.982063,-0.009877,0.029657,0.004367,0.999551,0,0.93292,0.49116,55.975,0.982,-1,375.000,-1,400.000,-1,325.000,325.000,300.000,300.000,-1,-1,-1,-1,725.000,825.000,-1,-1,2,0,2,0,2,0,0,1,0,2,2,2,2,0,0,2,2
97,-4270.723,-3473.641,207.633,11.888,0.978157,-0.206005,-0.027771,0.205773,0.978538,-0.011015,0.029445,0.005060,0.999554,0,0.92582,0.51155,55.549,1.023,-1,375.000,-1,400.000,-1,325.000,325.000,300.000,300.000,-1,-1,-1,-1,725.000,800.000,-1,-1,2,0,2,0,2,0,0,1,0,2,2,2,2,0,0,2,2
98,-4217.015,-3461.318,209.302,12.923,0.974292,-0.223632,-0.027292,0.223376,0.974657,-0.012115,0.029309,0.005707,0.999554,0,0.91839,0.51707,55.104,1.034,-1,375.000,-1,400.000,-1,325.000,325.000,300.000,300.000,-1,-1,-1,-1,700.000,800.000,-1,-1,2,0,2,0,2,0,0,1,0,2,2,2,2,0,0,2,2
99,-4163.998,-3448.132,210.998,13.966,0.970066,-0.241349,-0.026867,0.241072,0.970418,-0.013176,0.029252,0.006305,0.999552,0,0.91055,0.52191,54.633,1.044,-1,375.000,-1,400.000,-1,325.000,325.000,300.000,300.000,-1,-1,-1,-1,700.000,800.000,-1,-1,2,0,2,0,2,0,0,1,0,2,2,2,2,0,0,2,2
100,-4111.705,-3434.102,212.726,15.019,0.965479,-0.259127,-0.026518,0.258828,0.965819,-0.014186,0.029287,0.006833,0.999548,0,0.90236,0.52608,54.142,1.052,-1,375.000,-1,400.000,-1,325.000,325.000,300.000,300.000,-1,-1,-1,-1,700.000,800.000,-1,-1,2,0,2,0,2,0,0,1,0,2,2,2,2,0,0,2,2
101,-4060.169,-3419.248,214.483,16.078,0.960531,-0.276934,-0.026227,0.276616,0.960861,-0.015162,0.029400,0.007308,0.999541,0,0.89390,0.52957,53.634,1.059,-1,375.000,-1,400.000,-1,325.000,325.000,275.000,325.000,-1,-1,-1,-1,700.000,775.000,-1,-1,2,0,2,0,2,0,0,1,0,2,2,2,2,0,0,2,2
102,-4009.415,-3403.592,216.205,17.143,0.955220,-0.294741,-0.026106,0.294393,0.955544,-0.016382,0.029774,0.007963,0.999525,0,0.88524,0.53241,53.115,1.065,-1,375.000,-1,400.000,-1,325.000,325.000,275.000,325.000,-1,-1,-1,-1,700.000,775.000,-1,-1,2,0,2,0,2,0,0,1,0,2,2,2,2,0,0,2,2
103,-3959.461,-3387.157,217.832,18.212,0.949552,-0.312517,-0.026142,0.312123,0.949869,-0.018097,0.030487,0.009024,0.999494,0,0.87647,0.53459,52.588,1.069,-1,375.000,-1,400.000,-1,325.000,325.000,275.000,325.000,-1,-1,-1,-1,700.000,775.000,-1,-1,2,0,2,0,2,0,0,1,0,2,2,2,2,0,0,2,2
104,-3910.323,-3369.964,219.486,19.284,0.943536,-0.330234,-0.026157,0.329794,0.943846,-0.019791,0.031224,0.010047,0.999462,0,0.86765,0.53613,52.059,1.072,-1,375.000,-1,400.000,-1,325.000,325.000,275.000,325.000,-1,-1,-1,-1,700.000,775.000,-1,-1,2,0,2,0,2,0,0,1,0,2,2,2,2,0,0,2,2
105,-3862.010,-3352.037,221.163,20.358,0.937177,-0.347866,-0.026251,0.347379,0.937480,-0.021403,0.032055,0.010939,0.999426,0,0.85886,0.53705,51.532,1.074,-1,375.000,-1,400.000,-1,325.000,325.000,275.000,325.000,-1,-1,-1,-1,700.000,775.000,-1,-1,2,0,2,0,2,0,0,1,0,2,2,2,2,0,0,2,2
106,-3814.528,-3333.397,222.814,21.433,0.930474,-0.365387,-0.026653,0.364856,0.930785,-0.022805,0.033141,0.011495,0.999385,0,0.85016,0.53738,51.010,1.075,-1,375.000,-1,400.000,-1,325.000,325.000,275.000,325.000,-1,-1,-1,-1,700.000,775.000,-1,-1,2,0,2,0,2,0,0,1,0,2,2,2,2,0,0,2,2
107,-3767.877,-3314.067,224.486,22.507,0.923447,-0.382771,-0.027037,0.382199,0.923767,-0.024070,0.034189,0.011894,0.999345,0,0.84162,0.53712,50.497,1.074,-1,375.000,-1,400.000,-1,325.000,325.000,275.000,325.000,-1,-1,-1,-1,700.000,775.000,-1,-1,2,0,2,0,2,0,0,1,0,2,2,2,2,0,0,2,2
108,-3722.054,-3294.066,226.198,23.580,0.916107,-0.399995,-0.027435,0.399381,0.916436,-0.025300,0.035262,0.012221,0.999303,0,0.83329,0.53631,49.997,1.073,-1,375.000,-1,400.000,-1,300.000,325.000,275.000,325.000,-1,-1,975.000,-1,700.000,775.000,-1,-1,2,0,2,0,2,0,0,1,0,2,2,0,2,0,0,2,2
109,-3677.053,-3273.416,227.950,24.650,0.908463,-0.417037,-0.027844,0.416382,0.908804,-0.026480,0.036348,0.012463,0.999261,0,0.82521,0.53497,49.513,1.070,-1,375.000,-1,400.000,-1,300.000,325.000,275.000,325.000,-1,-1,925.000,-1,700.000,775.000,-1,-1,2,0,2,0,2,0,0,1,0,2,2,0,2,0,0,2,2
110,-3632.865,-3252.134,229.743,25.716,0.900530,-0.433875,-0.028265,0.433179,0.900885,-0.027610,0.037442,0.012620,0.999219,0,0.81744,0.53311,49.046,1.066,-1,375.000,-1,400.000,-1,300.000,325.000,275.000,325.000,-1,-1,850.000,-1,700.000,750.000,-1,-1,2,0,2,0,2,0,0,1,0,2,2,0,2,0,0,2,2
111,-3589.476,-3230.238,231.579,26.777,0.892320,-0.450490,-0.028694,0.449755,0.892692,-0.028672,0.038532,0.012679,0.999177,0,0.81000,0.53077,48.600,1.062,-1,375.000,-1,400.000,-1,300.000,325.000,275.000,325.000,-1,1000.000,775.000,-1,700.000,750.000,-1,-1,2,0,2,0,2,0,0,1,0,2,0,0,2,0,0,2,2
112,-3546.874,-3207.745,233.458,27.833,0.883849,-0.466864,-0.029137,0.466091,0.884239,-0.029679,0.039620,0.012652,0.999135,0,0.80293,0.52796,48.176,1.056,-1,375.000,-1,400.000,-1,300.000,325.000,275.000,325.000,-1,950.000,725.000,-1,725.000,750.000,-1,-1,2,0,2,0,2,0,0,1,0,2,0,0,2,0,0,2,2
113,-3505.043,-3184.669,235.380,28.883,0.875131,-0.482981,-0.029595,0.482172,0.875541,-0.030636,0.040708,0.012541,0.999092,0,0.79623,0.52471,47.774,1.049,-1,375.000,-1,400.000,-1,300.000,325.000,300.000,325.000,-1,875.000,675.000,-1,725.000,750.000,-1,-1,2,0,2,0,2,0,0,1,0,2,0,0,2,0,0,2,2
114,-3463.965,-3161.025,237.344,29.925,0.866181,-0.498825,-0.030069,0.497980,0.866614,-0.031543,0.041793,0.012349,0.999050,0,0.78994,0.52104,47.396,1.042,-1,375.000,-1,400.000,-1,300.000,325.000,300.000,325.000,-1,825.000,650.000,-1,725.000,750.000,-1,-1,2,0,2,0,2,0,0,1,0,2,0,0,2,0,0,2,2
115,-3423.624,-3136.825,239.332,30.959,0.857015,-0.514383,-0.030572,0.513500,0.857474,-0.032490,0.042927,0.012146,0.999004,0,0.78406,0.51696,47.043,1.034,-1,375.000,-1,400.000,-1,300.000,325.000,300.000,325.000,-1,775.000,625.000,-1,725.000,775.000,-1,-1,2,0,2,0,2,0,0,1,0,2,0,0,2,0,0,2,2
116,-3384.000,-3112.081,241.358,31.984,0.847651,-0.529642,-0.031093,0.528720,0.848138,-0.033420,0.044071,0.011889,0.998958,0,0.77859,0.51251,46.715,1.025,-1,375.000,-1,400.000,-1,325.000,325.000,300.000,325.000,-1,725.000,625.000,-1,725.000,775.000,-1,-1,2,0,2,0,2,0,0,1,0,2,0,0,2,0,0,2,2
117,-3345.075,-3086.803,243.407,32.999,0.838109,-0.544590,-0.031533,0.543631,0.838622,-0.034336,0.045144,0.011635,0.998913,0,0.77354,0.50769,46.412,1.015,-1,375.000,-1,400.000,-1,325.000,325.000,300.000,325.000,-1,700.000,625.000,-1,725.000,775.000,-1,-1,2,0,2,0,2,0,0,1,0,2,0,0,2,0,0,2,2
118,-3306.829,-3061.002,245.451,34.004,0.828413,-0.559217,-0.031761,0.558222,0.828942,-0.035277,0.046056,0.011494,0.998873,0,0.76891,0.50253,46.135,1.005,-1,375.000,-1,400.000,-1,325.000,325.000,300.000,325.000,-1,700.000,650.000,-1,750.000,775.000,-1,-1,2,0,2,0,2,0,0,0,0,2,0,0,2,0,0,2,2
119,-3269.244,-3034.687,247.531,34.998,0.818571,-0.573515,-0.031963,0.572485,0.819117,-0.036174,0.046928,0.011313,0.998834,0,0.76469,0.49703,45.882,0.994,-1,375.000,-1,400.000,-1,325.000,325.000,300.000,325.000,-1,700.000,650.000,-1,750.000,775.000,-1,-1,2,0,2,0,2,0,0,0,0,2,0,0,2,0,0,2,2
120,-3232.301,-3007.865,249.648,35.981,0.808602,-0.587477,-0.032140,0.586414,0.809165,-0.037028,0.047760,0.011093,0.998797,0,0.76088,0.49122,45.653,0.982,-1,375.000,-1,400.000,-1,325.000,325.000,325.000,325.000,-1,725.000,650.000,-1,750.000,775.000,-1,-1,2,0,2,0,2,0,0,0,0,2,0,0,2,0,0,2,2
121,-3195.981,-2980.544,251.804,36.951,0.798524,-0.601096,-0.032294,0.600002,0.799103,-0.037836,0.048549,0.010837,0.998762,0,0.75748,0.48511,45.449,0.970,-1,400.000,-1,400.000,-1,325.000,325.000,325.000,325.000,-1,725.000,675.000,-1,775.000,800.000,-1,-1,2,0,2,0,2,0,0,0,0,2,0,0,2,0,0,2,2
122,-3160.265,-2952.731,253.973,37.908,0.788353,-0.614367,-0.032460,0.613244,0.788951,-0.038589,0.049317,0.010516,0.998728,0,0.75447,0.47871,45.268,0.957,-1,400.000,-1,400.000,-1,325.000,325.000,325.000,325.000,-1,725.000,675.000,-1,775.000,800.000,-1,-1,2,0,2,0,2,0,0,0,0,2,0,0,2,0,0,2,2
123,-3125.134,-2924.433,256.124,38.852,0.778117,-0.627283,-0.032394,0.626133,0.778723,-0.039343,0.049905,0.010331,0.998701,0,0.75184,0.47202,45.110,0.944,-1,400.000,-1,400.000,-1,325.000,325.000,325.000,325.000,-1,750.000,700.000,-1,775.000,800.000,-1,-1,2,0,2,0,2,0,0,0,0,2,0,0,2,0,0,2,2
124,-3086.741,-2892.543,258.549,39.713,0.768603,-0.638910,-0.032302,0.637731,0.769213,-0.040123,0.050482,0.010239,0.998672,0,0.83184,0.43034,49.910,0.861,-1,400.000,-1,400.000,-1,325.000,325.000,325.000,325.000,-1,775.000,725.000,-1,775.000,800.000,-1,-1,2,0,2,0,2,0,0,0,0,2,0,0,2,0,0,2,2
125,-3048.781,-2860.056,261.021,40.558,0.759099,-0.650180,-0.032182,0.648974,0.759713,-0.040845,0.051006,0.010120,0.998647,0,0.83273,0.42228,49.964,0.845,-1,400.000,-1,400.000,-1,325.000,325.000,325.000,325.000,-1,800.000,750.000,-1,800.000,825.000,-1,-1,2,0,2,0,2,0,0,0,0,2,0,0,2,0,0,2,2
126,-3011.397,-2827.115,263.511,41.385,0.749625,-0.661087,-0.032043,0.659863,0.750244,-0.041405,0.051412,0.009894,0.998629,0,0.83043,0.41381,49.826,0.828,-1,400.000,-1,400.000,-1,325.000,325.000,325.000,325.000,-1,825.000,775.000,-1,800.000,825.000,-1,-1,2,0,2,0,2,0,0,0,0,2,0,0,2,0,0,2,2
127,-2974.563,-2793.721,265.951,42.195,0.740199,-0.671630,-0.031914,0.670415,0.740828,-0.041433,0.051471,0.009273,0.998631,0,0.82864,0.40499,49.719,0.810,-1,400.000,-1,400.000,-1,325.000,325.000,325.000,300.000,-1,850.000,825.000,-1,800.000,825.000,-1,-1,2,0,2,0,2,0,0,0,0,2,0,0,2,0,0,2,2
128,-2938.250,-2759.875,268.425,42.987,0.730842,-0.681806,-0.031782,0.680604,0.731482,-0.041381,0.051461,0.008612,0.998638,0,0.82735,0.39583,49.641,0.792,-1,400.000,-1,400.000,-1,325.000,325.000,325.000,300.000,-1,900.000,875.000,-1,800.000,825.000,-1,-1,2,0,2,0,2,0,0,0,0,2,0,0,2,0,0,2,2
129,-2902.432,-2725.575,270.936,43.760,0.721575,-0.691612,-0.031648,0.690426,0.722226,-0.041248,0.051385,0.007913,0.998648,0,0.82654,0.38633,49.592,0.773,-1,400.000,-1,400.000,-1,325.000,325.000,325.000,300.000,-1,950.000,925.000,-1,800.000,850.000,-1,-1,2,0,2,0,2,0,0,0,0,2,0,0,2,0,0,2,2
130,-2867.083,-2690.822,273.372,44.513,0.712417,-0.701048,-0.031525,0.699888,0.713078,-0.040945,0.051184,0.007106,0.998664,0,0.82619,0.37651,49.572,0.753,-1,400.000,-1,400.000,-1,325.000,325.000,300.000,300.000,-1,1000.000,975.000,-1,800.000,850.000,-1,-1,2,0,2,0,2,0,0,0,0,2,0,0,2,0,0,2,2
131,-2832.176,-2655.616,275.786,45.245,0.703386,-0.710114,-0.031409,0.708983,0.704059,-0.040547,0.050906,0.006252,0.998684,0,0.82630,0.36637,49.578,0.733,-1,400.000,-1,400.000,-1,325.000,325.000,300.000,300.000,-1,-1,-1,-1,800.000,875.000,-1,-1,2,0,2,0,2,0,0,0,0,2,2,2,2,0,0,2,2
132,-2797.687,-2619.955,278.223,45.957,0.694502,-0.718810,-0.031298,0.717711,0.695186,-0.040080,0.050568,0.005373,0.998706,0,0.82685,0.35591,49.611,0.712,-1,400.000,-1,400.000,-1,325.000,325.000,300.000,300.000,-1,-1,-1,-1,800.000,875.000,-1,-1,2,0,2,0,2,0,0,0,0,2,2,2,2,0,0,2,2
133,-2767.074,-2587.231,280.445,46.909,0.682454,-0.730262,-0.031205,0.729199,0.683153,-0.039623,0.050253,0.004286,0.998727,0,0.74685,0.47591,44.811,0.952,-1,400.000,-1,400.000,-1,325.000,325.000,300.000,300.000,-1,-1,-1,-1,800.000,875.000,-1,-1,2,0,2,0,2,0,0,0,0,2,2,2,2,0,0,2,2
134,-2740.353,-2557.450,282.448,48.101,0.667099,-0.744317,-0.031144,0.743291,0.667819,-0.039189,0.049968,0.002994,0.998746,0,0.66685,0.59591,40.011,1.192,-1,400.000,-1,400.000,-1,325.000,325.000,300.000,300.000,-1,-1,-1,-1,825.000,900.000,-1,-1,2,0,2,0,2,0,0,0,0,2,2,2,2,0,0,2,2
135,-2717.501,-2530.663,284.196,49.533,0.648271,-0.760774,-0.031093,0.759779,0.649014,-0.038937,0.049802,0.001617,0.998758,0,0.58685,0.71591,35.211,1.432,-1,400.000,-1,400.000,-1,325.000,325.000,300.000,300.000,-1,-1,-1,-1,825.000,900.000,-1,-1,2,0,2,0,2,0,0,0,0,2,2,2,2,0,0,2,2
136,-2696.531,-2504.578,285.858,51.204,0.625773,-0.779386,-0.031062,0.778423,0.626544,-0.038750,0.049663,0.000069,0.998766,0,0.55781,0.83591,33.469,1.672,-1,400.000,-1,425.000,-1,325.000,325.000,300.000,325.000,-1,-1,-1,-1,825.000,900.000,-1,-1,2,0,2,0,2,0,0,0,0,2,2,2,2,0,0,2,2
137,-2676.283,-2477.593,287.474,53.116,0.599407,-0.799854,-0.030728,0.798926,0.600193,-0.038546,0.049274,-0.001445,0.998784,0,0.56228,0.95591,33.737,1.912,-1,400.000,-1,425.000,-1,325.000,325.000,300.000,325.000,-1,-1,-1,-1,825.000,900.000,-1,-1,2,0,2,0,2,0,0,0,0,2,2,2,2,0,0,2,2
138,-2656.817,-2449.673,289.075,55.116,0.571118,-0.820311,-0.030252,0.819422,0.571911,-0.038290,0.048711,-0.002921,0.998809,0,0.56726,1.00000,34.036,2.000,-1,400.000,-1,425.000,-1,325.000,325.000,300.000,325.000,-1,-1,-1,-1,825.000,900.000,-1,-1,2,0,2,0,2,0,0,0,0,2,2,2,2,0,0,2,2
