timestep,x_cm,y_cm,z_cm,yaw_deg,basis_xx,basis_xy,basis_xz,basis_yx,basis_yy,basis_yz,basis_zx,basis_zy,basis_zz,teleport_flag,throttle_cmd,steering_cmd,cmd_move_cm,cmd_turn_deg,lidar_cm_0,lidar_cm_1,lidar_cm_2,lidar_cm_3,lidar_cm_4,lidar_cm_5,lidar_cm_6,lidar_cm_7,lidar_cm_8,lidar_cm_9,lidar_cm_10,lidar_cm_11,lidar_cm_12,lidar_cm_13,lidar_cm_14,lidar_cm_15,lidar_cm_16,lidar_class_0,lidar_class_1,lidar_class_2,lidar_class_3,lidar_class_4,lidar_class_5,lidar_class_6,lidar_class_7,lidar_class_8,lidar_class_9,lidar_class_10,lidar_class_11,lidar_class_12,lidar_class_13,lidar_class_14,lidar_class_15,lidar_class_16
0,6885.583,1635.344,-324.837,69.453,0.351977,-0.934931,-0.044900,0.935780,0.350425,0.038969,-0.020699,-0.055733,0.998231,1,-0.08000,-0.12000,-4.800,-0.240,-1,350.000,-1,400.000,-1,300.000,300.000,275.000,250.000,-1,-1,-1,300.000,650.000,750.000,-1,-1,2,0,2,0,2,0,0,0,1,2,2,2,1,0,0,2,2
1,6882.139,1626.383,-325.187,68.973,0.359738,-0.932023,-0.043848,0.932846,0.358268,0.037990,-0.019698,-0.054570,0.998316,0,-0.16000,-0.24000,-9.600,-0.480,-1,350.000,-1,400.000,-1,300.000,300.000,275.000,225.000,-1,-1,-1,300.000,650.000,750.000,-1,-1,2,0,2,0,2,0,0,0,1,2,2,2,1,0,0,2,2
2,6877.387,1614.465,-325.757,68.253,0.371327,-0.927543,-0.042202,0.928327,0.369990,0.036290,-0.018046,-0.052652,0.998450,0,-0.21385,-0.36000,-12.831,-0.720,-1,350.000,-1,375.000,-1,300.000,300.000,275.000,225.000,-1,-1,-1,300.000,650.000,750.000,-1,-1,2,0,2,0,2,0,0,0,1,2,2,2,1,0,0,2,2
3,6872.483,1602.741,-326.535,67.293,0.386691,-0.921340,-0.040033,0.922075,0.385531,0.033808,-0.015714,-0.049987,0.998626,0,-0.21180,-0.48000,-12.708,-0.960,-1,350.000,-1,400.000,-1,300.000,300.000,275.000,200.000,-1,-1,-1,300.000,675.000,750.000,-1,-1,2,0,2,0,2,0,0,0,1,2,2,2,1,0,0,2,2
4,6867.410,1591.252,-327.500,66.165,0.404616,-0.913718,-0.037489,0.914397,0.403663,0.030560,-0.012790,-0.046645,0.998830,0,-0.20933,-0.56413,-12.560,-1.128,-1,375.000,-1,400.000,-1,300.000,325.000,275.000,200.000,-1,-1,-1,325.000,675.000,750.000,-1,-1,2,0,2,0,2,0,0,0,1,2,2,2,1,0,0,2,2
5,6862.183,1580.016,-328.561,65.036,0.422402,-0.905737,-0.034888,0.906358,0.421657,0.026842,-0.009601,-0.042959,0.999031,0,-0.20654,-0.56448,-12.392,-1.129,-1,375.000,-1,400.000,-1,300.000,325.000,275.000,175.000,-1,-1,-1,-1,700.000,750.000,-1,-1,2,0,2,0,2,0,0,0,1,2,2,2,2,0,0,2,2
6,6856.809,1569.040,-329.714,63.907,0.440044,-0.897396,-0.032260,0.897955,0.439503,0.022659,-0.006156,-0.038940,0.999223,0,-0.20369,-0.56479,-12.221,-1.130,-1,375.000,-1,400.000,-1,300.000,325.000,275.000,175.000,-1,-1,-1,-1,700.000,750.000,-1,-1,2,0,2,0,2,0,0,0,1,2,2,2,2,0,0,2,2
7,6851.300,1558.326,-330.957,62.776,0.457539,-0.888695,-0.029637,0.889186,0.457191,0.018019,-0.002464,-0.034597,0.999398,0,-0.20079,-0.56507,-12.047,-1.130,-1,375.000,-1,400.000,-1,325.000,325.000,300.000,175.000,-1,-1,-1,-1,725.000,750.000,-1,-1,2,0,2,0,2,0,0,0,1,2,2,2,2,0,0,2,2
8,6845.665,1547.879,-332.286,61.646,0.474882,-0.879634,-0.027047,0.880048,0.474709,0.012929,0.001466,-0.029942,0.999551,0,-0.19784,-0.56531,-11.870,-1.131,-1,375.000,-1,400.000,775.000,325.000,325.000,300.000,150.000,-1,-1,-1,-1,750.000,750.000,-1,-1,2,0,2,0,1,0,0,0,1,2,2,2,2,0,1,2,2
9,6839.912,1537.700,-333.697,60.515,0.492070,-0.870210,-0.024521,0.870538,0.492046,0.007403,0.005623,-0.024989,0.999672,0,-0.19486,-0.56551,-11.692,-1.131,-1,400.000,-1,400.000,675.000,325.000,325.000,300.000,150.000,-1,-1,-1,-1,775.000,725.000,-1,-1,2,0,2,0,1,0,0,0,1,2,2,2,2,0,1,2,2
10,6834.050,1527.793,-334.629,59.383,0.509116,-0.860390,-0.023017,0.860657,0.509170,0.003904,0.008360,-0.021798,0.999727,0,-0.19185,-0.56567,-11.511,-1.131,-1,400.000,-1,400.000,650.000,325.000,325.000,300.000,150.000,-1,-1,-1,-1,775.000,725.000,-1,-1,2,0,2,0,1,0,0,0,1,2,2,2,2,0,1,2,2
11,6828.089,1518.159,-334.713,58.252,0.526009,-0.850168,-0.022996,0.850435,0.526063,0.004125,0.008590,-0.021726,0.999727,0,-0.18883,-0.56580,-11.330,-1.132,-1,400.000,-1,400.000,625.000,325.000,325.000,300.000,150.000,-1,1000.000,-1,-1,775.000,725.000,-1,-1,2,0,2,0,1,0,0,0,1,2,0,2,2,0,1,2,2
12,6822.037,1508.797,-334.802,57.120,0.542700,-0.839613,-0.022961,0.839880,0.542754,0.004340,0.008818,-0.021640,0.999727,0,-0.18580,-0.56590,-11.148,-1.132,-1,400.000,-1,400.000,600.000,325.000,325.000,300.000,125.000,-1,975.000,-1,-1,775.000,700.000,-1,-1,2,0,2,0,1,0,0,0,1,2,0,2,2,0,1,2,2
13,6815.903,1499.707,-334.418,55.988,0.559133,-0.828696,-0.025185,0.829012,0.559213,0.004366,0.010466,-0.023320,0.999673,0,-0.18277,-0.56596,-10.966,-1.132,-1,400.000,-1,400.000,600.000,325.000,325.000,300.000,150.000,-1,875.000,-1,-1,775.000,700.000,-1,-1,2,0,2,0,1,0,0,0,1,2,0,2,2,0,1,2,2
14,6806.880,1486.778,-333.427,55.096,0.571833,-0.819806,-0.030427,0.820252,0.571986,0.004266,0.013906,-0.027397,0.999528,0,-0.26277,-0.44596,-15.766,-0.892,-1,400.000,-1,400.000,625.000,325.000,325.000,300.000,150.000,-1,750.000,900.000,-1,800.000,725.000,-1,-1,2,0,2,0,1,0,0,0,1,2,0,0,2,0,1,2,2
15,6796.431,1472.160,-332.524,54.444,0.580977,-0.813153,-0.035320,0.813741,0.581211,0.004280,0.017048,-0.031228,0.999367,0,-0.29947,-0.32596,-17.968,-0.652,-1,400.000,-1,425.000,650.000,325.000,325.000,300.000,150.000,-1,650.000,800.000,-1,825.000,750.000,-1,-1,2,0,2,0,1,0,0,0,1,2,0,0,2,0,1,2,2
16,6785.983,1457.763,-331.799,54.032,0.586670,-0.808869,-0.039356,0.809589,0.586981,0.004344,0.019588,-0.034411,0.999216,0,-0.29649,-0.20596,-17.789,-0.412,-1,425.000,-1,425.000,675.000,350.000,350.000,300.000,150.000,-1,600.000,750.000,-1,825.000,750.000,-1,-1,2,0,2,0,1,0,0,0,1,2,0,0,2,0,1,2,2
17,6775.581,1443.521,-331.242,53.860,0.588973,-0.807030,-0.042580,0.807865,0.589351,0.004389,0.021553,-0.036983,0.999083,0,-0.29394,-0.08596,-17.636,-0.172,-1,425.000,-1,425.000,675.000,350.000,350.000,300.000,150.000,-1,550.000,700.000,-1,850.000,775.000,-1,-1,2,0,2,0,1,0,0,0,1,2,0,0,2,0,1,2,2
18,6765.271,1429.369,-330.841,53.928,0.587914,-0.807668,-0.045042,0.808597,0.588347,0.004367,0.022973,-0.038988,0.998976,0,-0.29182,0.03404,-17.509,0.068,-1,425.000,-1,450.000,700.000,350.000,350.000,300.000,150.000,-1,500.000,675.000,-1,850.000,800.000,-1,-1,2,0,2,0,1,0,0,0,1,2,0,0,2,0,1,2,2
19,6755.075,1415.261,-330.551,54.146,0.584766,-0.809842,-0.046964,0.810847,0.585243,0.004290,0.024011,-0.040589,0.998887,0,-0.29012,0.10863,-17.407,0.217,-1,425.000,-1,450.000,725.000,350.000,350.000,275.000,150.000,-1,475.000,625.000,-1,850.000,800.000,-1,-1,2,0,2,0,1,0,0,0,1,2,0,0,2,0,1,2,2
20,6744.982,1401.184,-330.311,54.363,0.581611,-0.812011,-0.048647,0.813086,0.582129,0.004214,0.024898,-0.042005,0.998807,0,-0.28869,0.10881,-17.321,0.218,-1,425.000,-1,450.000,750.000,350.000,350.000,275.000,175.000,-1,450.000,600.000,-1,850.000,825.000,-1,-1,2,0,2,0,1,0,0,0,1,2,0,0,2,0,1,2,2
21,6734.992,1387.136,-330.122,54.581,0.578451,-0.814177,-0.050097,0.815314,0.579004,0.004141,0.025634,-0.043240,0.998736,0,-0.28729,0.10901,-17.237,0.218,-1,425.000,-1,450.000,750.000,350.000,350.000,275.000,175.000,-1,450.000,600.000,-1,875.000,825.000,-1,-1,2,0,2,0,1,0,0,0,1,2,0,0,2,0,1,2,2
22,6725.103,1373.119,-330.007,54.800,0.575284,-0.816345,-0.051281,0.817531,0.575871,0.003954,0.026303,-0.044198,0.998676,0,-0.28591,0.10923,-17.155,0.218,-1,425.000,-1,450.000,775.000,350.000,375.000,275.000,175.000,-1,425.000,575.000,-1,875.000,850.000,-1,-1,2,0,2,0,1,0,0,0,1,2,0,0,2,0,1,2,2
23,6715.314,1359.129,-329.941,55.019,0.572111,-0.818511,-0.052238,0.819737,0.572727,0.003777,0.026827,-0.044982,0.998628,0,-0.28457,0.10948,-17.074,0.219,-1,425.000,-1,450.000,800.000,350.000,375.000,275.000,175.000,-1,400.000,550.000,-1,875.000,850.000,-1,-1,2,0,2,0,1,0,0,0,1,2,0,0,2,0,1,2,2
24,6705.623,1345.167,-329.920,55.238,0.568933,-0.820676,-0.052975,0.821934,0.569572,0.003615,0.027206,-0.045598,0.998589,0,-0.28326,0.10974,-16.995,0.219,-1,425.000,-1,450.000,800.000,350.000,375.000,275.000,175.000,-1,400.000,550.000,-1,875.000,850.000,-1,-1,2,0,2,0,1,0,0,0,1,2,0,0,2,0,1,2,2
25,6696.030,1331.231,-329.945,55.458,0.565749,-0.822840,-0.053494,0.824121,0.566404,0.003471,0.027443,-0.046049,0.998562,0,-0.28198,0.11003,-16.919,0.220,-1,425.000,-1,475.000,825.000,350.000,375.000,275.000,175.000,-1,375.000,525.000,-1,875.000,875.000,-1,-1,2,0,2,0,1,0,0,0,1,2,0,0,2,0,1,2,2
26,6686.533,1317.320,-330.014,55.679,0.562559,-0.825005,-0.053799,0.826298,0.563223,0.003347,0.027540,-0.046337,0.998546,0,-0.28073,0.11033,-16.844,0.221,-1,450.000,-1,475.000,825.000,375.000,375.000,275.000,175.000,-1,375.000,525.000,-1,875.000,875.000,-1,-1,2,0,2,0,1,0,0,0,1,2,0,0,2,0,1,2,2
27,6677.130,1303.433,-330.126,55.900,0.559363,-0.827169,-0.053895,0.828467,0.560029,0.003244,0.027499,-0.046465,0.998541,0,-0.27952,0.11066,-16.771,0.221,-1,450.000,-1,475.000,850.000,375.000,375.000,275.000,175.000,-1,375.000,525.000,-1,875.000,875.000,-1,-1,2,0,2,0,1,0,0,0,1,2,0,0,2,0,1,2,2
28,6667.821,1289.568,-330.282,56.122,0.556158,-0.829334,-0.053786,0.830627,0.556820,0.003166,0.027323,-0.046436,0.998547,0,-0.27834,0.11100,-16.700,0.222,-1,450.000,-1,475.000,850.000,375.000,375.000,275.000,200.000,-1,375.000,525.000,-1,875.000,900.000,-1,-1,2,0,2,0,1,0,0,0,1,2,0,0,2,0,1,2,2
29,6658.604,1275.723,-330.480,56.345,0.552946,-0.831499,-0.053474,0.832779,0.553597,0.003113,0.027014,-0.046253,0.998564,0,-0.27719,0.11137,-16.632,0.223,-1,450.000,-1,475.000,875.000,375.000,375.000,275.000,200.000,-1,350.000,525.000,-1,875.000,900.000,-1,-1,2,0,2,0,1,0,0,0,1,2,0,0,2,0,1,2,2
30,6649.478,1261.899,-330.719,56.569,0.549724,-0.833665,-0.052963,0.834923,0.550358,0.003088,0.026574,-0.045918,0.998592,0,-0.27608,0.11175,-16.565,0.223,-1,425.000,-1,475.000,875.000,375.000,375.000,275.000,200.000,-1,350.000,525.000,-1,875.000,900.000,-1,-1,2,0,2,0,1,0,0,0,1,2,0,0,2,0,1,2,2
31,6640.441,1248.093,-330.999,56.793,0.546493,-0.835832,-0.052257,0.837060,0.547102,0.003093,0.026005,-0.045432,0.998629,0,-0.27501,0.11214,-16.501,0.224,-1,425.000,-1,450.000,875.000,350.000,375.000,275.000,200.000,-1,350.000,525.000,-1,875.000,900.000,-1,-1,2,0,2,0,1,0,0,0,1,2,0,0,2,0,1,2,2
32,6631.493,1234.303,-331.316,57.018,0.543250,-0.838000,-0.051341,0.839190,0.543830,0.003131,0.025297,-0.044785,0.998676,0,-0.27398,0.11256,-16.439,0.225,-1,425.000,-1,450.000,900.000,350.000,375.000,275.000,200.000,-1,350.000,525.000,-1,850.000,900.000,-1,-1,2,0,2,0,1,0,0,0,1,2,0,0,2,0,1,2,2
33,6622.631,1220.529,-331.620,57.244,0.540008,-0.840175,-0.049970,0.841309,0.540545,0.003230,0.024297,-0.043784,0.998746,0,-0.27298,0.11299,-16.379,0.226,-1,425.000,-1,450.000,900.000,350.000,375.000,275.000,200.000,-1,375.000,525.000,-1,850.000,900.000,-1,-1,2,0,2,0,1,0,0,0,1,2,0,0,2,0,1,2,2
34,6613.855,1206.768,-331.926,57.471,0.536747,-0.842356,-0.048352,0.843421,0.537244,0.003172,0.023305,-0.042484,0.998825,0,-0.27201,0.11344,-16.321,0.227,-1,425.000,-1,450.000,900.000,350.000,375.000,275.000,200.000,-1,375.000,550.000,-1,850.000,900.000,-1,-1,2,0,2,0,1,0,0,0,1,2,0,0,2,0,1,2,2
35,6605.164,1193.020,-332.270,57.699,0.533470,-0.844537,-0.046554,0.845527,0.533923,0.003149,0.022197,-0.041043,0.998911,0,-0.27109,0.11390,-16.265,0.228,-1,425.000,-1,450.000,900.000,350.000,350.000,275.000,200.000,-1,375.000,550.000,-1,850.000,925.000,-1,-1,2,0,2,0,1,0,0,0,1,2,0,0,2,0,1,2,2
36,6599.117,1183.279,-332.624,58.166,0.526629,-0.848915,-0.044788,0.849836,0.527039,0.003050,0.021015,-0.039669,0.998992,0,-0.19109,0.23390,-11.465,0.468,-1,425.000,-1,450.000,900.000,350.000,350.000,275.000,200.000,-1,400.000,575.000,-1,825.000,900.000,-1,-1,2,0,2,0,1,0,0,0,1,2,0,0,2,0,0,2,2
37,6595.672,1177.572,-332.962,58.874,0.516164,-0.855401,-0.043170,0.856260,0.516537,0.002878,0.019837,-0.038450,0.999064,0,-0.11109,0.35390,-6.665,0.708,-1,425.000,-1,450.000,925.000,350.000,350.000,275.000,200.000,-1,400.000,575.000,-1,825.000,900.000,-1,-1,2,0,2,0,1,0,0,0,1,2,0,0,2,0,0,2,2
38,6594.734,1175.960,-333.278,59.822,0.501996,-0.863863,-0.041736,0.864668,0.502336,0.002641,0.018684,-0.037413,0.999125,0,-0.03109,0.47390,-1.865,0.948,-1,425.000,-1,450.000,925.000,350.000,350.000,275.000,200.000,-1,425.000,600.000,-1,825.000,875.000,-1,-1,2,0,2,0,1,0,0,0,1,2,0,0,2,0,0,2,2
39,6596.157,1178.526,-333.582,61.010,0.484025,-0.874119,-0.040443,0.874878,0.484337,0.002354,0.017530,-0.036522,0.999179,0,0.04891,0.59390,2.935,1.188,-1,425.000,-1,450.000,950.000,350.000,350.000,275.000,200.000,-1,450.000,625.000,-1,825.000,875.000,-1,-1,2,0,2,0,1,0,0,0,1,2,0,0,2,0,0,2,2
40,6599.736,1185.383,-333.897,62.438,0.462137,-0.885942,-0.039187,0.886659,0.462420,0.002049,0.016305,-0.035692,0.999230,0,0.12891,0.71390,7.735,1.428,-1,425.000,-1,425.000,1000.000,350.000,350.000,275.000,200.000,-1,475.000,675.000,-1,800.000,875.000,-1,-1,2,0,2,0,1,0,0,0,1,2,0,0,2,0,0,2,2
41,6605.210,1196.659,-334.259,64.105,0.436202,-0.899054,-0.037823,0.899725,0.436453,0.001775,0.014912,-0.034805,0.999283,0,0.20891,0.83390,12.535,1.668,-1,425.000,-1,425.000,-1,350.000,350.000,275.000,200.000,-1,525.000,700.000,-1,800.000,850.000,-1,-1,2,0,2,0,2,0,0,0,1,2,0,0,2,0,0,2,2
42,6612.293,1212.481,-334.641,65.885,0.408119,-0.912209,-0.036237,0.912832,0.408333,0.001640,0.013301,-0.033748,0.999342,0,0.28891,0.88994,17.335,1.780,-1,400.000,-1,425.000,-1,350.000,350.000,275.000,200.000,-1,575.000,750.000,-1,800.000,850.000,-1,-1,2,0,2,0,2,0,0,0,1,2,0,0,2,0,0,2,2
43,6620.705,1232.954,-335.007,67.665,0.379665,-0.924492,-0.034200,0.925055,0.379830,0.001786,0.011339,-0.032315,0.999413,0,0.36891,0.88965,22.135,1.779,-1,400.000,-1,425.000,-1,350.000,350.000,300.000,175.000,-1,650.000,825.000,-1,775.000,825.000,-1,-1,2,0,2,0,2,0,0,0,1,2,0,0,2,0,0,2,2
44,6630.163,1258.174,-335.400,69.443,0.350855,-0.935892,-0.031725,0.936384,0.350972,0.001987,0.009275,-0.030404,0.999495,0,0.44891,0.88938,26.935,1.779,-1,400.000,-1,425.000,-1,325.000,350.000,300.000,175.000,-1,750.000,875.000,-1,775.000,825.000,-1,-1,2,0,2,0,2,0,0,0,1,2,0,0,2,0,0,2,2
45,6640.379,1288.219,-335.885,71.222,0.321716,-0.946400,-0.028754,0.946811,0.321781,0.002462,0.006922,-0.028017,0.999583,0,0.52891,0.88919,31.735,1.778,-1,400.000,-1,400.000,-1,325.000,325.000,300.000,175.000,-1,850.000,975.000,-1,775.000,800.000,-1,-1,2,0,2,0,2,0,0,0,1,2,0,0,2,0,0,2,2
46,6651.062,1323.157,-336.500,73.000,0.292270,-0.956003,-0.025232,0.956327,0.292280,0.003353,0.004169,-0.025111,0.999676,0,0.60891,0.88913,36.535,1.778,-1,400.000,-1,400.000,-1,325.000,325.000,300.000,175.000,-1,1000.000,-1,-1,750.000,775.000,-1,-1,2,0,2,0,2,0,0,0,1,2,0,2,2,0,0,2,2
47,6661.433,1361.272,-337.255,74.779,0.262528,-0.964691,-0.021228,0.964924,0.262489,0.004662,0.001075,-0.021708,0.999764,0,0.65835,0.88929,39.501,1.779,-1,400.000,-1,400.000,-1,325.000,325.000,300.000,175.000,-1,-1,-1,-1,750.000,750.000,-1,-1,2,0,2,0,2,0,0,0,1,2,2,2,2,0,0,2,2
48,6670.527,1399.317,-337.782,76.558,0.232476,-0.972426,-0.018536,0.972602,0.232419,0.005197,-0.000745,-0.019236,0.999815,0,0.65195,0.88970,39.117,1.779,-1,375.000,-1,400.000,-1,325.000,325.000,300.000,175.000,-1,-1,-1,-1,750.000,750.000,-1,-1,2,0,2,0,2,0,0,0,1,2,2,2,2,0,0,2,2
49,6678.359,1437.265,-337.741,78.339,0.202141,-0.979183,-0.018406,0.979356,0.202090,0.004599,-0.000783,-0.018955,0.999820,0,0.64580,0.89036,38.748,1.781,-1,375.000,-1,400.000,-1,325.000,325.000,300.000,200.000,-1,-1,-1,475.000,750.000,750.000,-1,-1,2,0,2,0,2,0,0,0,1,2,2,2,1,0,0,2,2
50,6686.011,1480.135,-337.718,79.879,0.175733,-0.984269,-0.018220,0.984438,0.175691,0.003912,-0.000649,-0.018624,0.999826,0,0.72580,0.77036,43.548,1.541,-1,375.000,-1,400.000,-1,325.000,325.000,300.000,200.000,-1,-1,-1,300.000,750.000,750.000,-1,-1,2,0,2,0,2,0,0,0,1,2,2,2,1,0,0,2,2
51,6692.684,1523.139,-337.718,81.180,0.153337,-0.988010,-0.017995,0.988174,0.153304,0.003220,-0.000423,-0.018276,0.999833,0,0.72531,0.65036,43.519,1.301,-1,375.000,-1,400.000,-1,325.000,325.000,300.000,225.000,-1,-1,-1,275.000,750.000,775.000,-1,-1,2,0,2,0,2,0,0,0,1,2,2,2,1,0,0,2,2
52,6698.521,1565.984,-336.799,82.241,0.135070,-0.990618,-0.020783,0.990832,0.134979,0.005715,-0.002856,-0.021364,0.999768,0,0.72068,0.53036,43.241,1.061,-1,375.000,-1,400.000,-1,325.000,325.000,300.000,250.000,-1,-1,-1,300.000,750.000,775.000,-1,-1,2,0,2,0,2,0,0,0,1,2,2,2,1,0,0,2,2
53,6703.716,1608.681,-336.129,83.062,0.120908,-0.992400,-0.022868,0.992653,0.120770,0.007323,-0.004505,-0.023585,0.999712,0,0.71686,0.41036,43.012,0.821,-1,375.000,-1,400.000,-1,325.000,325.000,300.000,275.000,-1,-1,-1,300.000,725.000,775.000,-1,-1,2,0,2,0,2,0,0,0,1,2,2,2,1,0,0,2,2
54,6708.459,1651.246,-335.776,83.642,0.110862,-0.993547,-0.023960,0.993822,0.110703,0.007867,-0.005164,-0.024684,0.999682,0,0.71381,0.29036,42.829,0.581,-1,375.000,-1,400.000,-1,325.000,325.000,300.000,300.000,-1,-1,-1,325.000,725.000,775.000,-1,-1,2,0,2,0,2,0,0,0,1,2,2,2,1,0,0,2,2
55,6712.933,1693.699,-335.669,83.983,0.104948,-0.994182,-0.024250,0.994465,0.104792,0.007618,-0.005032,-0.024915,0.999677,0,0.71147,0.17036,42.688,0.341,-1,375.000,-1,400.000,-1,325.000,325.000,300.000,300.000,-1,-1,-1,325.000,725.000,775.000,-1,-1,2,0,2,0,2,0,0,0,0,2,2,2,1,0,0,2,2
56,6717.323,1736.059,-335.746,84.084,0.103180,-0.994375,-0.023925,0.994653,0.103045,0.006788,-0.004285,-0.024498,0.999691,0,0.70979,0.05036,42.587,0.101,-1,375.000,-1,400.000,-1,325.000,325.000,300.000,300.000,-1,-1,-1,350.000,750.000,800.000,-1,-1,2,0,2,0,2,0,0,0,0,2,2,2,1,0,0,2,2
57,6721.809,1778.343,-335.955,83.944,0.105566,-0.994143,-0.023159,0.994408,0.105465,0.005543,-0.003068,-0.023615,0.999716,0,0.70869,-0.06964,42.521,-0.139,-1,375.000,-1,400.000,-1,325.000,325.000,300.000,300.000,-1,-1,-1,350.000,750.000,800.000,-1,-1,2,0,2,0,2,0,0,0,0,2,2,2,1,0,0,2,2
58,6726.557,1820.564,-336.251,83.584,0.111777,-0.993487,-0.022118,0.993732,0.111715,0.004019,-0.001522,-0.022429,0.999747,0,0.70811,-0.18008,42.487,-0.360,-1,400.000,-1,400.000,-1,325.000,325.000,300.000,300.000,-1,-1,-1,375.000,750.000,800.000,-1,-1,2,0,2,0,2,0,0,0,0,2,2,2,1,0,0,2,2
59,6731.566,1862.746,-336.579,83.229,0.117904,-0.992803,-0.020991,0.993025,0.117880,0.002382,0.000110,-0.021125,0.999777,0,0.70798,-0.17774,42.479,-0.355,-1,400.000,-1,400.000,-1,325.000,325.000,300.000,300.000,-1,-1,-1,400.000,775.000,825.000,-1,-1,2,0,2,0,2,0,0,0,0,2,2,2,1,0,0,2,2
60,6736.834,1904.900,-336.947,82.878,0.123945,-0.992092,-0.019755,0.992287,0.123957,0.000608,0.001845,-0.019678,0.999805,0,0.70803,-0.17532,42.482,-0.351,-1,400.000,-1,400.000,-1,325.000,325.000,300.000,300.000,-1,-1,-1,425.000,800.000,825.000,-1,-1,2,0,2,0,2,0,0,0,0,2,2,2,1,0,0,2,2
61,6742.357,1947.035,-337.312,82.532,0.129906,-0.991360,-0.018151,0.991521,0.129945,-0.001015,0.003364,-0.017865,0.999835,0,0.70825,-0.17285,42.495,-0.346,-1,400.000,-1,400.000,-1,325.000,325.000,300.000,300.000,-1,-1,-1,425.000,800.000,850.000,-1,-1,2,0,2,0,2,0,0,0,0,2,2,2,1,0,0,2,2
62,6748.134,1989.158,-337.785,82.192,0.135786,-0.990600,-0.016543,0.990728,0.135841,-0.002245,0.004471,-0.016085,0.999861,0,0.70863,-0.17032,42.518,-0.341,-1,400.000,-1,400.000,-1,325.000,325.000,300.000,300.000,-1,-1,-1,450.000,825.000,850.000,-1,-1,2,0,2,0,2,0,0,0,0,2,2,2,1,0,0,2,2
63,6754.161,2031.279,-337.817,81.856,0.141597,-0.989790,-0.016309,0.989917,0.141639,-0.001459,0.003754,-0.015938,0.999866,0,0.70916,-0.16773,42.550,-0.335,-1,400.000,-1,400.000,-1,325.000,325.000,300.000,300.000,-1,-1,-1,475.000,825.000,850.000,-1,-1,2,0,2,0,2,0,0,0,0,2,2,2,1,0,0,2,2
64,6760.438,2073.404,-337.906,81.526,0.147316,-0.988963,-0.015836,0.989086,0.147341,-0.000451,0.002780,-0.015597,0.999874,0,0.70984,-0.16510,42.590,-0.330,-1,400.000,-1,400.000,-1,325.000,325.000,300.000,300.000,-1,-1,-1,525.000,825.000,850.000,-1,-1,2,0,2,0,2,0,0,0,0,2,2,2,1,0,0,2,2
65,6766.960,2115.541,-337.997,81.201,0.152937,-0.988117,-0.015362,0.988234,0.152946,0.000564,0.001793,-0.015267,0.999882,0,0.71064,-0.16241,42.638,-0.325,-1,400.000,-1,400.000,-1,325.000,325.000,300.000,300.000,-1,-1,-1,550.000,825.000,850.000,-1,-1,2,0,2,0,2,0,0,0,0,2,2,2,1,0,0,2,2
66,6773.725,2157.695,-338.091,80.882,0.158458,-0.987253,-0.014886,0.987365,0.158452,0.001586,0.000793,-0.014949,0.999888,0,0.71157,-0.15968,42.694,-0.319,-1,400.000,-1,400.000,-1,325.000,325.000,300.000,300.000,-1,-1,-1,575.000,825.000,825.000,-1,-1,2,0,2,0,2,0,0,0,0,2,2,2,1,0,0,2,2
67,6780.732,2199.874,-338.188,80.568,0.163879,-0.986375,-0.014409,0.986480,0.163858,0.002616,-0.000219,-0.014642,0.999893,0,0.71261,-0.15690,42.757,-0.314,-1,400.000,-1,400.000,-1,325.000,325.000,300.000,300.000,-1,-1,-1,625.000,825.000,825.000,-1,-1,2,0,2,0,2,0,0,0,0,2,2,2,1,0,0,2,2
68,6787.977,2242.082,-338.290,80.260,0.169196,-0.985484,-0.013930,0.985582,0.169161,0.003653,-0.001244,-0.014347,0.999896,0,0.71376,-0.15408,42.826,-0.308,-1,400.000,-1,400.000,-1,325.000,325.000,300.000,300.000,-1,-1,-1,650.000,825.000,825.000,-1,-1,2,0,2,0,2,0,0,0,0,2,2,2,1,0,0,2,2
69,6795.458,2284.325,-338.395,79.957,0.174410,-0.984581,-0.013449,0.984670,0.174362,0.004699,-0.002281,-0.014062,0.999899,0,0.71501,-0.15122,42.901,-0.302,-1,400.000,-1,400.000,-1,325.000,325.000,300.000,300.000,-1,-1,-1,675.000,825.000,825.000,-1,-1,2,0,2,0,2,0,0,0,0,2,2,2,1,0,0,2,2
70,6803.172,2326.609,-338.506,79.661,0.179519,-0.983669,-0.012967,0.983749,0.179458,0.005752,-0.003331,-0.013789,0.999899,0,0.71635,-0.14832,42.981,-0.297,-1,400.000,-1,400.000,-1,325.000,325.000,300.000,300.000,-1,-1,-1,725.000,850.000,825.000,-1,-1,2,0,2,0,2,0,0,0,0,2,2,2,1,0,0,2,2
71,6811.117,2368.937,-338.623,79.370,0.184521,-0.982749,-0.012484,0.982819,0.184448,0.006813,-0.004393,-0.013526,0.999899,0,0.71779,-0.14538,43.067,-0.291,-1,400.000,-1,400.000,-1,325.000,325.000,300.000,300.000,-1,-1,-1,750.000,850.000,825.000,-1,-1,2,0,2,0,2,0,0,0,0,2,2,2,1,0,0,2,2
72,6819.289,2411.314,-338.745,79.085,0.189416,-0.981824,-0.011999,0.981882,0.189331,0.007883,-0.005468,-0.013275,0.999897,0,0.71931,-0.14241,43.158,-0.285,-1,400.000,-1,400.000,-1,325.000,325.000,300.000,300.000,-1,-1,-1,800.000,850.000,800.000,-1,-1,2,0,2,0,2,0,0,0,0,2,2,2,1,0,0,2,2
73,6828.801,2458.320,-338.887,78.560,0.198414,-0.980051,-0.011457,0.980096,0.198317,0.009072,-0.006619,-0.013029,0.999893,0,0.79931,-0.26241,47.958,-0.525,-1,400.000,-1,400.000,-1,325.000,325.000,300.000,300.000,-1,-1,-1,825.000,850.000,800.000,-1,-1,2,0,2,0,2,0,0,0,0,2,2,2,1,0,0,2,2
74,6839.247,2506.617,-339.037,77.796,0.211490,-0.977319,-0.010891,0.977349,0.211382,0.010303,-0.007768,-0.012823,0.999888,0,0.82356,-0.38241,49.414,-0.765,-1,400.000,-1,400.000,-1,325.000,325.000,300.000,300.000,-1,-1,-1,875.000,850.000,800.000,-1,-1,2,0,2,0,2,0,0,0,0,2,2,2,1,0,0,2,2
75,6850.535,2554.710,-339.221,76.791,0.228607,-0.973463,-0.010449,0.973479,0.228488,0.011479,-0.008787,-0.012796,0.999880,0,0.82333,-0.50241,49.400,-1.005,-1,425.000,-1,400.000,-1,325.000,325.000,300.000,300.000,-1,-1,-1,925.000,850.000,800.000,-1,-1,2,0,2,0,2,0,0,0,0,2,2,2,1,0,0,2,2
76,6862.865,2602.547,-339.694,75.546,0.249723,-0.968253,-0.011134,0.968268,0.249578,0.012934,-0.009745,-0.014011,0.999854,0,0.82333,-0.62241,49.400,-1.245,-1,425.000,-1,400.000,-1,325.000,325.000,300.000,300.000,-1,-1,-1,950.000,850.000,800.000,-1,-1,2,0,2,0,2,0,0,0,0,2,2,2,1,0,0,2,2
77,6876.434,2650.059,-340.245,74.061,0.274758,-0.961438,-0.012024,0.961452,0.274577,0.014775,-0.010904,-0.015620,0.999819,0,0.82354,-0.74241,49.412,-1.485,-1,425.000,-1,400.000,-1,325.000,325.000,300.000,300.000,-1,-1,-1,1000.000,825.000,775.000,-1,-1,2,0,2,0,2,0,0,0,0,2,2,2,1,0,0,2,2
78,6891.259,2697.219,-340.873,72.548,0.300075,-0.953832,-0.012610,0.953843,0.299862,0.016327,-0.011792,-0.016927,0.999787,0,0.82392,-0.75656,49.435,-1.513,-1,400.000,-1,400.000,-1,325.000,325.000,300.000,300.000,-1,-1,-1,-1,825.000,775.000,-1,-1,2,0,2,0,2,0,0,0,0,2,2,2,2,0,0,2,2
79,6907.331,2743.996,-341.603,71.038,0.325126,-0.945584,-0.012791,0.945588,0.324888,0.017653,-0.012537,-0.017835,0.999762,0,0.82434,-0.75501,49.460,-1.510,-1,400.000,-1,400.000,-1,325.000,325.000,275.000,300.000,-1,-1,-1,-1,825.000,775.000,-1,-1,2,0,2,0,2,0,0,0,0,2,2,2,2,0,0,2,2
80,6924.636,2790.357,-342.344,69.531,0.349900,-0.936699,-0.012841,0.936692,0.349637,0.019027,-0.013333,-0.018685,0.999737,0,0.82477,-0.75345,49.486,-1.507,-1,400.000,-1,400.000,-1,325.000,325.000,300.000,300.000,-1,-1,-1,-1,800.000,750.000,-1,-1,2,0,2,0,2,0,0,0,0,2,2,2,2,0,0,2,2
81,6943.161,2836.274,-343.065,68.027,0.374382,-0.927185,-0.012903,0.927168,0.374092,0.020394,-0.014082,-0.019598,0.999709,0,0.82521,-0.75189,49.513,-1.504,-1,400.000,-1,400.000,-1,325.000,325.000,300.000,300.000,-1,-1,-1,-1,800.000,750.000,-1,-1,2,0,2,0,2,0,0,0,0,2,2,2,2,0,0,2,2
82,6962.894,2881.714,-343.766,66.527,0.398556,-0.917052,-0.012983,0.917025,0.398237,0.021754,-0.014779,-0.020576,0.999679,0,0.82566,-0.75032,49.540,-1.501,-1,400.000,-1,400.000,-1,325.000,325.000,300.000,300.000,-1,-1,-1,-1,775.000,750.000,-1,-1,2,0,2,0,2,0,0,0,0,2,2,2,2,0,0,2,2
83,6983.819,2926.649,-344.449,65.029,0.422408,-0.906312,-0.013087,0.906275,0.422057,0.023106,-0.015418,-0.021620,0.999647,0,0.82612,-0.74875,49.567,-1.497,-1,400.000,-1,375.000,-1,325.000,325.000,300.000,300.000,-1,-1,-1,-1,775.000,725.000,-1,-1,2,0,2,0,2,0,0,0,0,2,2,2,2,0,0,2,2
84,7005.921,2971.047,-344.996,63.535,0.445909,-0.894984,-0.012958,0.894942,0.445542,0.023894,-0.015611,-0.022252,0.999631,0,0.82659,-0.74717,49.595,-1.494,-1,400.000,-1,375.000,-1,325.000,325.000,300.000,300.000,-1,-1,-1,-1,750.000,725.000,-1,-1,2,0,2,0,2,0,0,0,0,2,2,2,2,0,0,2,2
85,7029.184,3014.880,-345.454,62.044,0.469052,-0.883079,-0.012741,0.883035,0.468678,0.024318,-0.015503,-0.022657,0.999623,0,0.82706,-0.74560,49.624,-1.491,-1,400.000,-1,375.000,-1,325.000,325.000,300.000,300.000,-1,-1,-1,-1,750.000,725.000,-1,-1,2,0,2,0,2,0,0,0,0,2,2,2,2,0,0,2,2
86,7053.592,3058.119,-345.882,60.556,0.491828,-0.870602,-0.012582,0.870559,0.491447,0.024651,-0.015278,-0.023077,0.999617,0,0.82754,-0.74403,49.652,-1.488,-1,400.000,-1,375.000,-1,325.000,325.000,300.000,300.000,-1,-1,-1,-1,750.000,725.000,-1,-1,2,0,2,0,2,0,0,0,0,2,2,2,2,0,0,2,2
87,7079.127,3100.736,-346.336,59.071,0.514224,-0.857561,-0.012777,0.857529,0.513834,0.024857,-0.014751,-0.023739,0.999609,0,0.82802,-0.74245,49.681,-1.485,-1,400.000,-1,375.000,-1,325.000,325.000,300.000,300.000,-1,-1,-1,-1,750.000,725.000,-1,-1,2,0,2,0,2,0,0,0,0,2,2,2,2,0,0,2,2
88,7105.699,3142.790,-346.922,57.713,0.534405,-0.845115,-0.013869,0.845118,0.533998,0.024922,-0.013656,-0.025040,0.999593,0,0.82908,-0.67904,49.745,-1.358,-1,400.000,-1,375.000,-1,325.000,325.000,300.000,300.000,-1,-1,-1,-1,725.000,725.000,-1,-1,2,0,2,0,2,0,0,0,0,2,2,2,2,0,0,2,2
89,7133.273,3184.225,-347.470,56.358,0.554236,-0.832225,-0.014984,0.832266,0.553814,0.024966,-0.012479,-0.026308,0.999576,0,0.82952,-0.67746,49.771,-1.355,-1,375.000,-1,375.000,-1,325.000,325.000,300.000,300.000,-1,-1,-1,-1,725.000,725.000,-1,-1,2,0,2,0,2,0,0,0,0,2,2,2,2,0,0,2,2
90,7161.831,3225.021,-347.950,55.006,0.573705,-0.818904,-0.016074,0.818986,0.573275,0.024834,-0.011122,-0.027412,0.999562,0,0.82997,-0.67587,49.798,-1.352,-1,375.000,-1,375.000,-1,325.000,325.000,300.000,300.000,-1,-1,-1,-1,725.000,725.000,-1,-1,2,0,2,0,2,0,0,0,0,2,2,2,2,0,0,2,2
91,7191.359,3265.156,-348.395,53.657,0.592806,-0.805163,-0.017147,0.805287,0.592372,0.024649,-0.009689,-0.028421,0.999549,0,0.83043,-0.67428,49.826,-1.349,-1,375.000,-1,375.000,-1,325.000,325.000,300.000,300.000,-1,-1,-1,-1,725.000,725.000,-1,-1,2,0,2,0,2,0,0,0,0,2,2,2,2,0,0,2,2
92,7221.837,3304.608,-348.805,52.312,0.611530,-0.791011,-0.018225,0.791179,0.611097,0.024423,-0.008182,-0.029354,0.999536,0,0.83090,-0.67268,49.854,-1.345,-1,375.000,-1,375.000,-1,325.000,325.000,300.000,300.000,-1,-1,-1,-1,725.000,725.000,-1,-1,2,0,2,0,2,0,0,0,0,2,2,2,2,0,0,2,2
93,7253.249,3343.357,-349.179,50.970,0.629870,-0.776461,-0.019310,0.776673,0.629441,0.024152,-0.006599,-0.030210,0.999522,0,0.83137,-0.67108,49.882,-1.342,-1,375.000,-1,375.000,-1,325.000,325.000,300.000,300.000,-1,-1,-1,-1,725.000,725.000,-1,-1,2,0,2,0,2,0,0,0,0,2,2,2,2,0,0,2,2
94,7285.577,3381.384,-349.559,49.631,0.647814,-0.761526,-0.020370,0.761783,0.647400,0.023644,-0.004818,-0.030834,0.999513,0,0.83185,-0.66947,49.911,-1.339,-1,375.000,-1,400.000,-1,325.000,325.000,300.000,300.000,-1,-1,-1,-1,725.000,750.000,-1,-1,2,0,2,0,2,0,0,0,0,2,2,2,2,0,0,2,2
95,7318.802,3418.668,-349.819,48.295,0.665364,-0.746225,-0.020973,0.746512,0.664973,0.023029,-0.003239,-0.030979,0.999515,0,0.83233,-0.66786,49.940,-1.336,-1,375.000,-1,400.000,-1,325.000,325.000,300.000,300.000,-1,-1,-1,-1,725.000,750.000,-1,-1,2,0,2,0,2,0,0,0,0,2,2,2,2,0,0,2,2
96,7352.904,3455.191,-349.942,46.963,0.682515,-0.730565,-0.021147,0.730869,0.682152,0.022365,-0.001914,-0.030720,0.999526,0,0.83282,-0.66625,49.969,-1.332,-1,375.000,-1,400.000,-1,325.000,325.000,300.000,300.000,-1,-1,-1,-1,725.000,750.000,-1,-1,2,0,2,0,2,0,0,0,0,2,2,2,2,0,0,2,2
97,7387.866,3490.934,-350.004,45.633,0.699258,-0.714552,-0.021297,0.714869,0.698923,0.021663,-0.000594,-0.030372,0.999538,0,0.83330,-0.66464,49.998,-1.329,-1,375.000,-1,400.000,-1,325.000,325.000,300.000,300.000,-1,-1,-1,-1,725.000,750.000,-1,-1,2,0,2,0,2,0,0,0,0,2,2,2,2,0,0,2,2
98,7423.666,3525.878,-350.006,44.307,0.715587,-0.698195,-0.021425,0.698523,0.715281,0.020921,0.000718,-0.029937,0.999552,0,0.83380,-0.66302,50.028,-1.326,-1,375.000,-1,400.000,-1,325.000,325.000,300.000,300.000,-1,975.000,-1,-1,725.000,775.000,-1,-1,2,0,2,0,2,0,0,0,0,2,0,2,2,0,0,2,2
99,7460.285,3560.008,-349.948,42.985,0.731495,-0.681507,-0.021533,0.681844,0.731220,0.020140,0.002020,-0.029414,0.999565,0,0.83429,-0.66141,50.057,-1.323,-1,375.000,-1,400.000,-1,325.000,325.000,300.000,300.000,-1,825.000,-1,-1,750.000,775.000,-1,-1,2,0,2,0,2,0,0,0,0,2,0,2,2,0,0,2,2
100,7497.702,3593.304,-349.814,41.665,0.746975,-0.664493,-0.021839,0.664844,0.746728,0.019506,0.003346,-0.029090,0.999571,0,0.83478,-0.65979,50.087,-1.320,-1,375.000,-1,400.000,-1,325.000,325.000,300.000,300.000,-1,750.000,-1,-1,750.000,775.000,-1,-1,2,0,2,0,2,0,0,0,0,2,0,2,2,0,0,2,2
101,7535.897,3625.751,-349.645,40.349,0.762027,-0.647167,-0.022130,0.647530,0.761800,0.019116,0.004487,-0.028897,0.999572,0,0.83528,-0.65818,50.117,-1.316,-1,375.000,-1,400.000,-1,325.000,325.000,300.000,300.000,-1,775.000,950.000,-1,750.000,800.000,-1,-1,2,0,2,0,2,0,0,0,0,2,0,0,2,0,0,2,2
102,7575.176,3657.601,-349.395,39.037,0.776623,-0.629571,-0.022288,0.629942,0.776417,0.018704,0.005529,-0.028566,0.999577,0,0.84281,-0.65561,50.569,-1.311,-1,375.000,-1,400.000,-1,325.000,325.000,300.000,300.000,-1,800.000,900.000,-1,750.000,800.000,-1,-1,2,0,2,0,2,0,0,0,0,2,0,0,2,0,0,2,2
103,7616.572,3689.904,-349.076,37.966,0.788245,-0.614953,-0.022418,0.615327,0.788060,0.018271,0.006431,-0.028196,0.999582,0,0.87514,-0.53561,52.508,-1.071,-1,375.000,-1,400.000,-1,325.000,325.000,300.000,300.000,-1,825.000,875.000,-1,750.000,800.000,-1,-1,2,0,2,0,2,0,0,0,0,2,0,0,2,0,0,2,2
104,7658.480,3721.638,-348.703,37.135,0.797074,-0.603462,-0.022516,0.603839,0.796907,0.017828,0.007185,-0.027807,0.999588,0,0.87612,-0.41561,52.567,-0.831,-1,375.000,-1,400.000,-1,325.000,325.000,300.000,300.000,-1,875.000,900.000,-1,750.000,800.000,-1,-1,2,0,2,0,2,0,0,0,0,2,0,0,2,0,0,2,2
105,7700.756,3752.971,-348.293,36.544,0.803250,-0.595214,-0.022589,0.595591,0.803101,0.017340,0.007820,-0.027382,0.999594,0,0.87702,-0.29561,52.621,-0.591,-1,375.000,-1,400.000,-1,325.000,325.000,300.000,300.000,-1,900.000,925.000,-1,750.000,825.000,-1,-1,2,0,2,0,2,0,0,0,0,2,0,0,2,0,0,2,2
106,7743.262,3784.072,-347.850,36.193,0.806876,-0.590287,-0.022639,0.590662,0.806744,0.016812,0.008340,-0.026937,0.999602,0,0.87782,-0.17561,52.669,-0.351,-1,400.000,-1,400.000,-1,325.000,325.000,300.000,300.000,-1,950.000,950.000,-1,775.000,825.000,-1,-1,2,0,2,0,2,0,0,0,0,2,0,0,2,0,0,2,2
107,7785.860,3815.113,-347.382,36.081,0.808014,-0.588727,-0.022671,0.589098,0.807898,0.016247,0.008751,-0.026483,0.999611,0,0.87847,-0.05561,52.708,-0.111,-1,400.000,-1,400.000,-1,325.000,325.000,300.000,300.000,-1,975.000,1000.000,-1,775.000,825.000,-1,-1,2,0,2,0,2,0,0,0,0,2,0,0,2,0,0,2,2
108,7828.411,3846.267,-347.050,36.210,0.806697,-0.590557,-0.021971,0.590903,0.806595,0.015451,0.008597,-0.025447,0.999639,0,0.87894,0.06439,52.736,0.129,-1,400.000,-1,400.000,-1,325.000,325.000,300.000,300.000,-1,-1,-1,-1,775.000,825.000,-1,-1,2,0,2,0,2,0,0,0,0,2,2,2,2,0,0,2,2
109,7870.773,3877.703,-346.786,36.579,0.802893,-0.595751,-0.021068,0.596068,0.802797,0.014807,0.008092,-0.024446,0.999668,0,0.87921,0.18439,52.753,0.369,-1,400.000,-1,400.000,-1,325.000,325.000,300.000,300.000,-1,-1,-1,-1,775.000,825.000,-1,-1,2,0,2,0,2,0,0,0,0,2,2,2,2,0,0,2,2
110,7912.801,3909.590,-346.543,37.188,0.796533,-0.604261,-0.020089,0.604550,0.796441,0.014209,0.007414,-0.023463,0.999697,0,0.87925,0.30439,52.755,0.609,-1,400.000,-1,400.000,-1,325.000,325.000,300.000,300.000,-1,-1,-1,-1,775.000,825.000,-1,-1,2,0,2,0,2,0,0,0,0,2,2,2,2,0,0,2,2
111,7954.409,3941.999,-346.311,37.916,0.788801,-0.614354,-0.019035,0.614613,0.788712,0.013595,0.006661,-0.022423,0.999726,0,0.87902,0.36428,52.741,0.729,-1,400.000,-1,400.000,-1,325.000,325.000,300.000,300.000,-1,-1,-1,-1,775.000,800.000,-1,-1,2,0,2,0,2,0,0,0,0,2,2,2,2,0,0,2,2
112,7995.584,3974.915,-346.145,38.640,0.780990,-0.624279,-0.018178,0.624514,0.780905,0.013022,0.006066,-0.021522,0.999750,0,0.87857,0.36184,52.714,0.724,-1,400.000,-1,400.000,-1,325.000,325.000,325.000,300.000,-1,-1,-1,-1,750.000,800.000,-1,-1,2,0,2,0,2,0,0,0,0,2,2,2,2,0,0,2,2
113,8036.312,4008.323,-345.984,39.361,0.773086,-0.634064,-0.017320,0.634278,0.773004,0.012536,0.005440,-0.020677,0.999771,0,0.87795,0.36039,52.677,0.721,-1,400.000,-1,400.000,-1,325.000,325.000,325.000,300.000,-1,-1,-1,-1,750.000,800.000,-1,-1,2,0,2,0,2,0,0,0,0,2,2,2,2,0,0,2,2
114,8076.583,4042.209,-345.773,40.079,0.765091,-0.643713,-0.016412,0.643906,0.765005,0.012338,0.004614,-0.020007,0.999789,0,0.87718,0.35911,52.631,0.718,-1,400.000,-1,400.000,-1,325.000,325.000,325.000,300.000,-1,-1,-1,-1,750.000,775.000,-1,-1,2,0,2,0,2,0,0,0,0,2,2,2,2,0,0,2,2
115,8116.386,4076.560,-345.568,40.795,0.757000,-0.653232,-0.015456,0.653404,0.756912,0.012162,0.003754,-0.019305,0.999807,0,0.87627,0.35802,52.576,0.716,-1,400.000,-1,400.000,-1,325.000,325.000,325.000,300.000,-1,-1,-1,-1,750.000,775.000,-1,-1,2,0,2,0,2,0,0,0,0,2,2,2,2,0,0,2,2
116,8155.712,4111.363,-345.460,41.509,0.748815,-0.662621,-0.014475,0.662774,0.748715,0.012495,0.002558,-0.018950,0.999817,0,0.87524,0.35712,52.514,0.714,-1,400.000,-1,400.000,-1,325.000,325.000,325.000,300.000,-1,-1,-1,-1,750.000,775.000,-1,-1,2,0,2,0,2,0,0,0,0,2,2,2,2,0,0,2,2
117,8192.460,4144.918,-345.407,42.400,0.738444,-0.674179,-0.013525,0.674313,0.738330,0.013074,0.001172,-0.018774,0.999823,0,0.82938,0.44523,49.763,0.890,-1,400.000,-1,400.000,-1,325.000,325.000,325.000,300.000,-1,-1,-1,-1,725.000,750.000,-1,-1,2,0,2,0,2,0,0,0,0,2,2,2,2,0,0,2,2
118,8228.627,4178.988,-345.352,43.289,0.727905,-0.685563,-0.012552,0.685678,0.727778,0.013625,-0.000206,-0.018525,0.999828,0,0.82813,0.44475,49.688,0.890,-1,375.000,-1,400.000,-1,325.000,325.000,325.000,300.000,-1,-1,-1,-1,725.000,750.000,-1,-1,2,0,2,0,2,0,0,0,0,2,2,2,2,0,0,2,2
119,8264.206,4213.560,-345.318,44.178,0.717196,-0.696776,-0.011554,0.696870,0.717060,0.014028,-0.001489,-0.018112,0.999835,0,0.82682,0.44446,49.609,0.889,-1,375.000,-1,400.000,-1,325.000,325.000,325.000,300.000,-1,-1,-1,-1,725.000,725.000,-1,-1,2,0,2,0,2,0,0,0,0,2,2,2,2,0,0,2,2
120,8299.188,4248.623,-345.308,45.067,0.706305,-0.707821,-0.011063,0.707905,0.706174,0.013750,-0.001920,-0.017543,0.999844,0,0.82549,0.44436,49.529,0.889,-1,375.000,-1,400.000,-1,325.000,325.000,325.000,300.000,-1,-1,-1,-1,725.000,725.000,-1,-1,2,0,2,0,2,0,0,0,0,2,2,2,2,0,0,2,2
121,8333.566,4284.167,-345.275,45.956,0.695240,-0.718699,-0.010653,0.718774,0.695114,0.013400,-0.002225,-0.016974,0.999853,0,0.82415,0.44445,49.449,0.889,-1,375.000,-1,375.000,-1,325.000,325.000,325.000,300.000,-1,-1,-1,-1,725.000,725.000,-1,-1,2,0,2,0,2,0,0,0,0,2,2,2,2,0,0,2,2
122,8367.334,4320.184,-345.236,46.845,0.683999,-0.729409,-0.010392,0.729479,0.683880,0.012982,-0.002363,-0.016460,0.999862,0,0.82285,0.44474,49.371,0.889,1000.000,375.000,-1,375.000,-1,300.000,325.000,325.000,300.000,-1,-1,-1,-1,700.000,725.000,-1,-1,1,0,2,0,2,0,0,0,0,2,2,2,2,0,0,2,2
123,8400.488,4356.665,-345.216,47.736,0.672578,-0.739953,-0.010400,0.740023,0.672466,0.012497,-0.002254,-0.016102,0.999868,0,0.82159,0.44521,49.295,0.890,950.000,375.000,-1,375.000,-1,300.000,325.000,325.000,300.000,-1,-1,-1,-1,700.000,725.000,1000.000,-1,1,0,2,0,2,0,0,0,0,2,2,2,2,0,0,1,2
124,8433.984,4394.718,-345.174,48.644,0.660752,-0.750531,-0.010479,0.750602,0.660648,0.011907,-0.002013,-0.015733,0.999874,0,0.84493,0.45445,50.696,0.909,925.000,375.000,-1,375.000,-1,300.000,300.000,325.000,325.000,-1,-1,-1,-1,700.000,725.000,950.000,-1,1,0,2,0,2,0,0,0,0,2,2,2,2,0,0,1,2
125,8466.892,4433.312,-345.094,49.547,0.648845,-0.760845,-0.010711,0.760919,0.648750,0.011222,-0.001589,-0.015432,0.999880,0,0.84533,0.45115,50.720,0.902,875.000,375.000,-1,375.000,-1,300.000,300.000,325.000,300.000,-1,-1,-1,-1,700.000,700.000,925.000,-1,1,0,2,0,2,0,0,0,0,2,2,2,2,0,0,1,2
126,8501.144,4474.435,-344.955,50.209,0.639997,-0.768296,-0.011166,0.768377,0.639914,0.010387,-0.000835,-0.015227,0.999884,0,0.89198,0.33115,53.519,0.662,825.000,375.000,-1,375.000,-1,300.000,300.000,325.000,325.000,-1,-1,-1,-1,700.000,700.000,875.000,-1,1,0,2,0,2,0,0,0,0,2,2,2,2,0,0,1,2
127,8535.092,4515.811,-344.844,50.631,0.634308,-0.772994,-0.011593,0.773081,0.634235,0.009596,-0.000065,-0.015049,0.999887,0,0.89201,0.21115,53.520,0.422,800.000,375.000,-1,375.000,-1,300.000,300.000,325.000,325.000,-1,-1,-1,-1,700.000,700.000,825.000,-1,1,0,2,0,2,0,0,0,0,2,2,2,2,0,0,1,2
128,8568.905,4557.290,-344.752,50.814,0.631835,-0.775010,-0.011991,0.775102,0.631774,0.008832,0.000731,-0.014874,0.999889,0,0.89192,0.09115,53.515,0.182,750.000,375.000,-1,375.000,-1,300.000,300.000,325.000,325.000,-1,-1,-1,-1,700.000,700.000,775.000,-1,1,0,2,0,2,0,0,0,0,2,2,2,2,0,0,1,2
129,8602.754,4598.727,-344.628,50.756,0.632604,-0.774377,-0.012313,0.774473,0.632558,0.007861,0.001702,-0.014509,0.999893,0,0.89175,-0.02885,53.505,-0.058,700.000,375.000,-1,375.000,-1,300.000,300.000,325.000,325.000,-1,-1,-1,-1,700.000,675.000,725.000,-1,1,0,2,0,2,0,0,0,0,2,2,2,2,0,0,1,2
130,8636.809,4639.978,-344.574,50.458,0.636601,-0.771082,-0.013134,0.771187,0.636574,0.006680,0.003209,-0.014381,0.999891,0,0.89154,-0.14885,53.492,-0.298,650.000,375.000,-1,375.000,-1,300.000,300.000,325.000,300.000,-1,-1,-1,-1,700.000,675.000,675.000,-1,1,0,2,0,2,0,0,0,0,2,2,2,2,1,0,1,2
131,8671.241,4680.898,-344.453,49.921,0.643788,-0.765075,-0.014038,0.765189,0.643783,0.005467,0.004854,-0.014261,0.999887,0,0.89132,-0.26885,53.479,-0.538,600.000,375.000,1000.000,375.000,-1,300.000,300.000,325.000,300.000,-1,-1,-1,-1,675.000,675.000,650.000,-1,1,0,1,0,2,0,0,0,0,2,2,2,2,1,0,1,2
132,8706.219,4721.338,-344.173,49.143,0.654093,-0.756268,-0.014887,0.756387,0.654109,0.004429,0.006388,-0.014158,0.999879,0,0.89113,-0.38885,53.468,-0.778,550.000,375.000,975.000,375.000,-1,300.000,300.000,325.000,300.000,-1,-1,-1,-1,625.000,675.000,600.000,-1,1,0,1,0,2,0,0,0,0,2,2,2,2,1,0,1,2
133,8742.746,4762.084,-343.785,48.125,0.667401,-0.744534,-0.015640,0.744655,0.667441,0.003224,0.008038,-0.013798,0.999872,0,0.91203,-0.50885,54.722,-1.018,525.000,375.000,950.000,375.000,-1,300.000,300.000,325.000,300.000,-1,-1,-1,-1,600.000,650.000,550.000,-1,1,0,1,0,2,0,0,0,0,2,2,2,2,1,0,1,2
134,8780.214,4802.077,-343.286,46.868,0.683561,-0.729712,-0.016287,0.729828,0.683628,0.001851,0.009784,-0.013152,0.999866,0,0.91337,-0.62885,54.802,-1.258,475.000,375.000,925.000,375.000,-1,300.000,300.000,325.000,300.000,-1,-1,800.000,-1,575.000,650.000,525.000,-1,1,0,1,0,2,0,0,0,0,2,2,0,2,1,0,1,2
135,8818.749,4841.113,-342.671,45.370,0.702380,-0.711603,-0.016843,0.711708,0.702476,0.000288,0.011627,-0.012190,0.999858,0,0.91420,-0.74885,54.852,-1.498,425.000,375.000,925.000,375.000,-1,300.000,300.000,325.000,300.000,-1,925.000,600.000,-1,550.000,650.000,475.000,-1,1,0,1,0,2,0,0,0,0,2,0,0,2,1,0,1,2
136,8858.459,4878.971,-341.910,43.632,0.723613,-0.689983,-0.017521,0.690071,0.723741,-0.001382,0.013634,-0.011091,0.999846,0,0.91441,-0.86885,54.864,-1.738,400.000,375.000,950.000,375.000,-1,300.000,300.000,325.000,300.000,-1,700.000,575.000,-1,525.000,650.000,450.000,-1,1,0,1,0,2,0,0,0,0,2,0,0,2,1,0,1,2
