timestep,x_cm,y_cm,z_cm,yaw_deg,basis_xx,basis_xy,basis_xz,basis_yx,basis_yy,basis_yz,basis_zx,basis_zy,basis_zz,teleport_flag,throttle_cmd,steering_cmd,cmd_move_cm,cmd_turn_deg,lidar_cm_0,lidar_cm_1,lidar_cm_2,lidar_cm_3,lidar_cm_4,lidar_cm_5,lidar_cm_6,lidar_cm_7,lidar_cm_8,lidar_cm_9,lidar_cm_10,lidar_cm_11,lidar_cm_12,lidar_cm_13,lidar_cm_14,lidar_cm_15,lidar_cm_16,lidar_class_0,lidar_class_1,lidar_class_2,lidar_class_3,lidar_class_4,lidar_class_5,lidar_class_6,lidar_class_7,lidar_class_8,lidar_class_9,lidar_class_10,lidar_class_11,lidar_class_12,lidar_class_13,lidar_class_14,lidar_class_15,lidar_class_16
0,-4914.985,-5577.079,342.570,-20.168,0.938460,0.344727,-0.021347,-0.344178,0.938554,0.025664,0.028882,-0.016737,0.999443,1,0.08000,-0.12000,4.800,-0.240,650.000,375.000,900.000,400.000,-1,325.000,325.000,325.000,300.000,-1,500.000,525.000,-1,500.000,650.000,550.000,-1,1,1,1,0,2,0,0,0,0,2,0,0,2,1,1,1,2
1,-4906.001,-5580.464,342.815,-20.648,0.935538,0.352579,-0.021357,-0.352029,0.935636,0.025710,0.029048,-0.016535,0.999441,0,0.16000,-0.24000,9.600,-0.480,625.000,375.000,900.000,400.000,-1,325.000,325.000,325.000,300.000,-1,500.000,525.000,-1,500.000,650.000,525.000,-1,1,1,1,0,2,0,0,0,0,2,0,0,2,1,1,1,2
2,-4892.591,-5585.711,343.187,-21.368,0.931032,0.364310,-0.021374,-0.363760,0.931136,0.025765,0.029289,-0.016213,0.999439,0,0.24000,-0.36000,14.400,-0.720,575.000,375.000,900.000,400.000,-1,325.000,325.000,325.000,300.000,-1,525.000,525.000,-1,475.000,650.000,500.000,-1,1,1,1,0,2,0,0,0,0,2,0,0,2,1,1,1,2
3,-4874.801,-5592.931,343.680,-22.091,0.926359,0.376034,-0.021374,-0.375485,0.926470,0.025764,0.029490,-0.015841,0.999440,0,0.32000,-0.36154,19.200,-0.723,550.000,350.000,900.000,425.000,-1,325.000,325.000,325.000,300.000,-1,525.000,550.000,-1,475.000,650.000,475.000,-1,1,1,1,0,2,0,0,0,0,2,0,0,2,1,1,1,2
4,-4852.676,-5602.231,344.298,-22.798,0.921651,0.387431,-0.021347,-0.386886,0.921770,0.025679,0.029626,-0.015408,0.999442,0,0.40000,-0.35322,24.000,-0.706,500.000,350.000,875.000,425.000,-1,325.000,325.000,325.000,300.000,-1,550.000,575.000,-1,450.000,625.000,450.000,-1,1,1,1,0,2,1,0,0,0,2,0,0,2,1,1,1,2
5,-4826.261,-5613.708,345.048,-23.485,0.916939,0.398460,-0.021283,-0.397923,0.917065,0.025481,0.029671,-0.014896,0.999449,0,0.48000,-0.34353,28.800,-0.687,450.000,325.000,850.000,425.000,-1,325.000,325.000,325.000,300.000,-1,600.000,600.000,-1,450.000,625.000,425.000,-1,1,1,1,0,2,1,0,0,0,2,0,0,2,1,1,1,2
6,-4795.602,-5627.454,345.935,-24.149,0.912256,0.409073,-0.021167,-0.408550,0.912390,0.025138,0.029596,-0.014284,0.999460,0,0.56000,-0.33228,33.600,-0.665,425.000,325.000,825.000,425.000,-1,300.000,325.000,325.000,300.000,-1,625.000,625.000,-1,425.000,600.000,375.000,-1,1,1,1,1,2,1,1,0,0,2,0,0,2,1,1,1,2
7,-4760.740,-5643.554,346.967,-24.788,0.907642,0.419220,-0.020981,-0.418716,0.907784,0.024608,0.029362,-0.013550,0.999477,0,0.64000,-0.31926,38.400,-0.639,375.000,300.000,800.000,400.000,-1,300.000,325.000,325.000,300.000,-1,675.000,675.000,-1,400.000,575.000,325.000,-1,1,1,1,1,2,1,1,0,0,2,0,0,2,1,1,1,2
8,-4721.715,-5662.081,348.197,-25.396,0.903144,0.428841,-0.020646,-0.428372,0.903294,0.023622,0.028779,-0.012490,0.999508,0,0.72000,-0.30419,43.200,-0.608,300.000,300.000,775.000,375.000,-1,275.000,300.000,325.000,300.000,-1,725.000,725.000,-1,375.000,575.000,300.000,-1,1,1,1,1,2,1,1,0,0,2,0,0,2,1,1,1,2
9,-4678.561,-5683.100,349.547,-25.970,0.898820,0.437867,-0.019858,-0.437443,0.898967,0.022399,0.027660,-0.011446,0.999552,0,0.80000,-0.28677,48.000,-0.574,250.000,275.000,725.000,350.000,-1,250.000,275.000,325.000,300.000,-1,800.000,800.000,-1,350.000,550.000,250.000,-1,1,1,1,1,2,1,1,0,0,2,0,0,2,1,1,1,2
10,-4631.309,-5706.662,354.060,-26.503,0.894290,0.446242,-0.033357,-0.446019,0.894910,0.014284,0.036225,0.002104,0.999341,0,0.88000,-0.26662,52.800,-0.533,225.000,275.000,725.000,350.000,-1,250.000,275.000,350.000,275.000,-1,750.000,725.000,-1,350.000,550.000,250.000,-1,1,1,1,1,2,1,1,0,0,2,0,0,2,1,1,1,2
11,-4579.980,-5732.799,359.282,-26.989,0.889752,0.453752,-0.049503,-0.454084,0.890945,0.004974,0.046361,0.018053,0.998762,0,0.96000,-0.24326,57.600,-0.487,225.000,250.000,750.000,350.000,-1,250.000,275.000,400.000,275.000,-1,600.000,425.000,-1,350.000,575.000,225.000,-1,1,1,1,1,2,1,1,1,0,2,0,0,2,1,1,1,2
12,-4526.717,-5760.425,364.650,-27.422,0.885329,0.460265,-0.065940,-0.461522,0.887118,-0.004392,0.056475,0.034321,0.997814,0,1.00000,-0.21614,60.000,-0.432,225.000,250.000,-1,325.000,-1,250.000,275.000,400.000,275.000,-1,500.000,200.000,-1,350.000,650.000,225.000,-1,1,1,2,1,2,1,1,1,0,2,0,0,2,1,1,1,2
13,-4473.631,-5788.391,369.571,-27.793,0.881008,0.465657,-0.083594,-0.468298,0.883456,-0.014200,0.067239,0.051657,0.996399,0,1.00000,-0.18568,60.000,-0.371,225.000,250.000,-1,325.000,-1,225.000,250.000,425.000,275.000,-1,400.000,100.000,-1,350.000,-1,225.000,-1,1,1,2,1,2,1,1,1,0,2,0,0,2,1,2,1,2
14,-4420.693,-5816.639,375.396,-28.098,0.876757,0.469991,-0.102006,-0.474086,0.880274,-0.018995,0.080865,0.065014,0.994602,0,1.00000,-0.15268,60.000,-0.305,225.000,250.000,-1,325.000,-1,225.000,250.000,425.000,275.000,-1,300.000,75.000,800.000,375.000,-1,225.000,-1,1,1,2,1,2,1,1,1,0,2,0,0,0,1,2,1,2
15,-4367.873,-5845.111,383.840,-28.332,0.872277,0.473489,-0.122234,-0.478213,0.878176,-0.010861,0.102201,0.067928,0.992442,0,1.00000,-0.11696,60.000,-0.234,250.000,275.000,-1,375.000,-1,250.000,275.000,425.000,300.000,-1,200.000,75.000,600.000,400.000,-1,250.000,-1,1,1,2,1,2,1,1,1,0,2,0,0,0,1,2,1,2
16,-4919.450,4919.487,92.493,-96.219,-0.109671,0.991045,0.076174,-0.993817,-0.107999,-0.025752,-0.017295,-0.078527,0.996762,1,0.00000,0.00000,60.000,-0.157,-1,450.000,-1,425.000,-1,350.000,350.000,275.000,300.000,-1,-1,-1,-1,-1,-1,-1,-1,2,0,2,0,2,0,0,0,0,2,2,2,2,2,2,2,2
17,-4919.990,4914.717,92.423,-96.459,-0.113855,0.990582,0.076051,-0.993342,-0.112149,-0.026348,-0.017571,-0.078544,0.996756,0,0.08000,-0.12000,4.800,-0.240,-1,450.000,-1,425.000,-1,350.000,350.000,275.000,275.000,-1,-1,-1,-1,-1,-1,-1,-1,2,0,2,0,2,0,0,0,0,2,2,2,2,2,2,2,2
18,-4921.149,4905.187,92.289,-96.939,-0.122215,0.989606,0.075788,-0.992338,-0.120443,-0.027539,-0.018124,-0.078573,0.996744,0,0.16000,-0.24000,9.600,-0.480,-1,450.000,-1,425.000,-1,350.000,350.000,275.000,275.000,-1,-1,-1,-1,-1,1000.000,-1,-1,2,0,2,0,2,0,0,0,0,2,2,2,2,2,0,2,2
19,-4923.069,4890.915,92.104,-97.659,-0.134738,0.988012,0.075352,-0.990700,-0.132869,-0.029317,-0.018953,-0.078602,0.996726,0,0.24000,-0.36000,14.400,-0.720,-1,425.000,-1,425.000,-1,350.000,350.000,300.000,275.000,-1,-1,-1,-1,-1,1000.000,-1,-1,2,0,2,0,2,0,0,0,0,2,2,2,2,2,0,2,2
20,-4925.946,4871.931,91.887,-98.619,-0.151401,0.985646,0.074697,-0.988269,-0.149404,-0.031673,-0.020058,-0.078616,0.996703,0,0.32000,-0.48000,19.200,-0.960,-1,425.000,-1,425.000,-1,350.000,350.000,300.000,275.000,-1,-1,-1,-1,-1,975.000,-1,-1,2,0,2,0,2,0,0,0,0,2,2,2,2,2,0,2,2
21,-4930.006,4848.276,91.654,-99.741,-0.170822,0.982536,0.073771,-0.985067,-0.168665,-0.034582,-0.021535,-0.078577,0.996675,0,0.40000,-0.56069,24.000,-1.121,-1,425.000,-1,425.000,-1,350.000,350.000,300.000,300.000,-1,-1,-1,-1,1000.000,950.000,-1,-1,2,0,2,0,2,0,0,0,0,2,2,2,2,0,0,2,2
22,-4935.433,4819.991,91.415,-100.861,-0.190198,0.979061,0.072552,-0.981462,-0.187848,-0.038010,-0.023585,-0.078436,0.996640,0,0.48000,-0.56022,28.800,-1.120,-1,425.000,-1,425.000,-1,350.000,350.000,300.000,300.000,-1,-1,-1,-1,975.000,925.000,-1,-1,2,0,2,0,2,0,0,0,0,2,2,2,2,0,0,2,2
23,-4942.408,4787.122,91.183,-101.981,-0.209520,0.975222,0.071014,-0.977453,-0.206946,-0.041937,-0.026202,-0.078200,0.996593,0,0.56000,-0.55979,33.600,-1.120,-1,425.000,-1,425.000,-1,350.000,325.000,300.000,300.000,-1,-1,-1,-1,950.000,900.000,-1,-1,2,0,2,0,2,0,0,0,0,2,2,2,2,0,0,2,2
24,-4951.111,4749.720,90.970,-103.100,-0.228781,0.971020,0.069139,-0.973035,-0.225957,-0.046339,-0.029374,-0.077876,0.996530,0,0.64000,-0.55949,38.400,-1.119,-1,425.000,-1,400.000,-1,350.000,325.000,300.000,300.000,-1,-1,-1,-1,925.000,875.000,-1,-1,2,0,2,0,2,0,0,0,0,2,2,2,2,0,0,2,2
25,-4961.722,4707.842,90.788,-104.218,-0.247975,0.966453,0.066911,-0.968201,-0.244880,-0.051191,-0.033089,-0.077478,0.996445,0,0.72000,-0.55937,43.200,-1.119,-1,425.000,-1,400.000,-1,350.000,325.000,325.000,300.000,-1,-1,-1,-1,900.000,850.000,-1,-1,2,0,2,0,2,0,0,0,0,2,2,2,2,0,0,2,2
26,-4974.416,4661.550,90.235,-105.337,-0.267069,0.961396,0.066273,-0.963005,-0.263682,-0.055617,-0.035995,-0.078675,0.996250,0,0.80000,-0.55951,48.000,-1.119,-1,425.000,-1,400.000,-1,325.000,325.000,325.000,300.000,-1,-1,-1,-1,875.000,825.000,-1,-1,2,0,2,0,2,0,0,0,0,2,2,2,2,0,0,2,2
27,-4988.948,4612.338,88.838,-106.457,-0.286121,0.955684,0.069303,-0.957455,-0.282313,-0.059830,-0.037614,-0.083474,0.995800,0,0.85519,-0.55999,51.311,-1.120,-1,425.000,-1,400.000,-1,325.000,325.000,300.000,300.000,-1,-1,-1,-1,850.000,825.000,-1,-1,2,0,2,0,2,0,0,0,0,2,2,2,2,0,0,2,2
28,-5004.426,4563.461,87.454,-107.579,-0.305123,0.949558,0.072392,-0.951498,-0.300836,-0.064412,-0.039385,-0.088535,0.995294,0,0.85447,-0.56086,51.268,-1.122,-1,425.000,-1,400.000,-1,325.000,325.000,300.000,325.000,-1,-1,-1,-1,825.000,825.000,-1,-1,2,0,2,0,2,0,0,0,0,2,2,2,2,0,0,2,2
29,-5020.851,4514.932,85.709,-108.703,-0.323895,0.943176,0.074238,-0.945255,-0.319307,-0.067350,-0.039818,-0.091988,0.994964,0,0.85387,-0.56209,51.232,-1.124,-1,425.000,-1,400.000,-1,325.000,325.000,300.000,325.000,-1,-1,-1,-1,800.000,800.000,-1,-1,2,0,2,0,2,0,0,0,0,2,2,2,2,0,0,2,2
30,-5038.221,4466.762,83.488,-109.831,-0.342445,0.936585,0.074428,-0.938716,-0.337757,-0.068796,-0.039295,-0.093426,0.994850,0,0.85342,-0.56369,51.205,-1.127,-1,425.000,-1,400.000,-1,325.000,325.000,300.000,325.000,-1,-1,-1,-1,775.000,800.000,-1,-1,2,0,2,0,2,0,0,0,0,2,2,2,2,0,0,2,2
31,-5056.533,4418.958,81.223,-110.962,-0.360937,0.929647,0.074030,-0.931768,-0.356149,-0.070467,-0.039143,-0.094413,0.994763,0,0.85317,-0.56563,51.190,-1.131,-1,400.000,-1,400.000,-1,325.000,325.000,300.000,325.000,-1,-1,-1,-1,750.000,800.000,-1,-1,2,0,2,0,2,0,0,0,0,2,2,2,2,0,0,2,2
32,-5075.789,4371.528,79.088,-112.098,-0.379347,0.922325,0.073572,-0.924439,-0.374475,-0.071982,-0.038840,-0.095319,0.994689,0,0.85314,-0.56792,51.188,-1.136,-1,400.000,-1,400.000,-1,325.000,325.000,300.000,325.000,-1,-1,-1,-1,750.000,775.000,-1,-1,2,0,2,0,2,0,0,0,0,2,2,2,2,0,0,2,2
33,-5095.991,4324.479,77.069,-113.239,-0.397684,0.914606,0.073102,-0.916718,-0.392735,-0.073406,-0.038428,-0.096207,0.994619,0,0.85336,-0.57055,51.202,-1.141,-1,400.000,-1,400.000,-1,325.000,325.000,300.000,325.000,-1,-1,-1,-1,725.000,775.000,-1,-1,2,0,2,0,2,0,0,0,0,2,2,2,2,0,0,2,2
34,-5117.589,4276.860,75.130,-114.398,-0.416145,0.906394,0.072622,-0.908508,-0.411125,-0.074765,-0.037910,-0.097090,0.994553,0,0.87144,-0.57971,52.287,-1.159,-1,400.000,-1,400.000,-1,325.000,325.000,300.000,325.000,-1,-1,-1,-1,725.000,775.000,-1,-1,2,0,2,0,2,0,0,0,0,2,2,2,2,0,0,2,2
35,-5140.312,4229.333,73.300,-115.554,-0.434374,0.897838,0.072148,-0.899960,-0.429291,-0.076038,-0.037297,-0.097959,0.994491,0,0.87798,-0.57798,52.679,-1.156,-1,400.000,-1,400.000,-1,325.000,325.000,300.000,325.000,-1,-1,-1,-1,700.000,750.000,-1,-1,2,0,2,0,2,0,0,0,0,2,2,2,2,0,0,2,2
36,-5164.161,4181.926,71.583,-116.706,-0.452354,0.888952,0.071693,-0.891088,-0.447213,-0.077225,-0.036588,-0.098818,0.994433,0,0.88443,-0.57588,53.066,-1.152,-1,400.000,-1,400.000,-1,325.000,325.000,300.000,325.000,-1,-1,-1,-1,700.000,750.000,975.000,-1,2,0,2,0,2,0,0,0,0,2,2,2,2,0,0,1,2
37,-5189.131,4134.668,69.981,-117.853,-0.470068,0.879748,0.071271,-0.881905,-0.464875,-0.078330,-0.035779,-0.099675,0.994377,0,0.89080,-0.57340,53.448,-1.147,950.000,375.000,-1,400.000,-1,325.000,325.000,300.000,325.000,-1,-1,-1,-1,700.000,750.000,925.000,-1,1,0,2,0,2,0,0,0,0,2,2,2,2,0,0,1,2
38,-5215.219,4087.590,68.285,-118.994,-0.487492,0.870215,0.071253,-0.872440,-0.482246,-0.079291,-0.034639,-0.100818,0.994302,0,0.89703,-0.57051,53.822,-1.141,875.000,375.000,-1,400.000,-1,325.000,325.000,300.000,325.000,-1,-1,-1,-1,675.000,750.000,875.000,-1,1,0,2,0,2,0,0,0,0,2,2,2,2,0,0,1,2
39,-5242.417,4040.722,66.459,-120.128,-0.504610,0.860381,0.071503,-0.862706,-0.499312,-0.080157,-0.033263,-0.102134,0.994214,0,0.90311,-0.56721,54.187,-1.134,800.000,375.000,-1,375.000,-1,300.000,325.000,300.000,325.000,-1,-1,-1,-1,675.000,725.000,825.000,-1,1,0,2,0,2,0,0,0,0,2,2,2,2,0,0,1,2
40,-5270.716,3994.097,65.084,-121.255,-0.521303,0.850390,0.071275,-0.852818,-0.516134,-0.079417,-0.030748,-0.102185,0.994290,0,0.90900,-0.56347,54.540,-1.127,750.000,375.000,-1,375.000,-1,300.000,325.000,325.000,325.000,-1,-1,-1,-1,675.000,725.000,775.000,-1,1,0,2,0,2,0,0,0,0,2,2,2,2,0,0,1,2
41,-5300.103,3947.747,63.964,-122.374,-0.537628,0.840187,0.071006,-0.842726,-0.532658,-0.078023,-0.027732,-0.101786,0.994420,0,0.91466,-0.55926,54.879,-1.119,700.000,375.000,-1,400.000,-1,300.000,325.000,325.000,325.000,-1,-1,-1,-1,675.000,750.000,725.000,-1,1,0,2,0,2,0,0,0,0,2,2,2,2,0,0,1,2
42,-5330.559,3901.705,62.932,-123.483,-0.553630,0.829733,0.070973,-0.832393,-0.548831,-0.076858,-0.024819,-0.101628,0.994513,0,0.92004,-0.55458,55.203,-1.109,650.000,375.000,-1,400.000,-1,300.000,325.000,325.000,325.000,-1,-1,-1,-1,675.000,750.000,675.000,-1,1,0,2,0,2,0,0,0,0,2,2,2,2,1,0,1,2
43,-5362.064,3856.005,61.985,-124.582,-0.569290,0.819066,0.070991,-0.821842,-0.564649,-0.075812,-0.022010,-0.101502,0.994592,0,0.92511,-0.54939,55.507,-1.099,600.000,375.000,-1,400.000,-1,300.000,325.000,325.000,325.000,-1,-1,-1,-1,650.000,750.000,625.000,-1,1,0,2,0,2,0,0,0,0,2,2,2,2,1,0,1,2
44,-5394.597,3810.683,60.891,-125.669,-0.584531,0.808274,0.070827,-0.811158,-0.580141,-0.073889,-0.018633,-0.100642,0.994748,0,0.92980,-0.54368,55.788,-1.087,575.000,375.000,-1,400.000,-1,300.000,325.000,300.000,325.000,-1,-1,-1,-1,625.000,750.000,600.000,-1,1,0,2,0,2,0,0,0,0,2,2,2,2,1,0,1,2
45,-5428.926,3764.320,59.863,-126.516,-0.596252,0.799669,0.070802,-0.802642,-0.592078,-0.072178,-0.015798,-0.099865,0.994876,0,0.96146,-0.42368,57.688,-0.847,525.000,375.000,-1,400.000,-1,325.000,325.000,300.000,325.000,-1,-1,-1,-1,575.000,750.000,550.000,-1,1,0,2,0,2,0,0,0,0,2,2,2,2,1,0,1,2
46,-5463.893,3718.128,58.917,-127.124,-0.604559,0.793398,0.070911,-0.796446,-0.600559,-0.070731,-0.013532,-0.099238,0.994972,0,0.96557,-0.30368,57.934,-0.607,475.000,375.000,-1,400.000,-1,325.000,325.000,300.000,325.000,-1,-1,-1,-1,550.000,750.000,500.000,-1,1,0,2,0,2,0,0,0,0,2,2,2,2,1,0,1,2
47,-5499.295,3671.977,58.135,-127.491,-0.609508,0.789538,0.071616,-0.792696,-0.605639,-0.069529,-0.011522,-0.099148,0.995006,0,0.96941,-0.18368,58.165,-0.367,425.000,375.000,-1,400.000,-1,325.000,325.000,300.000,325.000,-1,-1,-1,-1,525.000,775.000,450.000,-1,1,0,2,0,2,0,0,0,0,2,2,2,2,1,0,1,2
48,-5534.931,3625.734,57.371,-127.618,-0.611169,0.788191,0.072305,-0.791436,-0.607394,-0.068575,-0.010132,-0.099136,0.995022,0,0.97302,-0.06368,58.381,-0.127,375.000,375.000,-1,400.000,-1,325.000,325.000,300.000,325.000,-1,-1,-1,-1,475.000,775.000,400.000,-1,1,0,2,0,2,0,0,0,0,2,2,2,2,1,0,1,2
49,-5570.600,3579.259,56.603,-127.506,-0.609555,0.789378,0.072974,-0.792689,-0.605839,-0.067848,-0.009347,-0.099203,0.995023,0,0.97642,0.05632,58.585,0.113,325.000,375.000,-1,400.000,-1,325.000,325.000,300.000,325.000,-1,-1,-1,-1,450.000,775.000,350.000,-1,1,1,2,0,2,0,0,0,0,2,2,2,2,1,0,1,2
50,-5606.101,3532.411,55.614,-127.153,-0.604597,0.793145,0.073368,-0.796486,-0.601010,-0.066311,-0.008500,-0.098528,0.995098,0,0.97965,0.17632,58.779,0.353,275.000,350.000,-1,400.000,-1,325.000,325.000,275.000,325.000,-1,-1,825.000,-1,400.000,750.000,300.000,-1,1,1,2,0,2,0,0,0,0,2,2,0,2,1,0,1,2
51,-5641.226,3485.050,54.858,-126.561,-0.596339,0.799471,0.072295,-0.802684,-0.592886,-0.064686,-0.008852,-0.096604,0.995283,0,0.98277,0.29632,58.966,0.593,225.000,300.000,-1,400.000,-1,325.000,325.000,275.000,325.000,-1,700.000,625.000,-1,375.000,725.000,250.000,-1,1,1,2,0,2,1,0,0,0,2,0,0,2,1,0,1,2
52,-5675.782,3437.047,54.197,-125.746,-0.584935,0.808008,0.070532,-0.811018,-0.581595,-0.063223,-0.010064,-0.094184,0.995504,0,0.98580,0.40733,59.148,0.815,175.000,275.000,-1,400.000,-1,300.000,325.000,300.000,325.000,-1,750.000,650.000,-1,325.000,700.000,200.000,-1,1,1,2,0,2,1,0,0,0,2,0,0,2,1,0,1,2
53,-5709.741,3388.404,53.462,-124.918,-0.573219,0.816496,0.068945,-0.819324,-0.569974,-0.061951,-0.011286,-0.091999,0.995695,0,0.98876,0.41404,59.325,0.828,150.000,250.000,-1,400.000,-1,250.000,325.000,300.000,325.000,-1,800.000,675.000,-1,300.000,675.000,150.000,-1,1,1,2,0,2,1,1,0,0,2,0,0,2,1,0,1,2
54,-5743.091,3339.157,59.069,-124.075,-0.559817,0.826605,0.057698,-0.828573,-0.559137,-0.028841,0.008421,-0.063953,0.997917,0,0.99129,0.42119,59.478,0.842,125.000,250.000,-1,425.000,-1,250.000,325.000,350.000,300.000,-1,425.000,250.000,-1,300.000,725.000,125.000,-1,1,1,2,0,2,1,1,0,0,2,0,0,2,1,0,1,2
55,-5775.761,3289.307,67.013,-123.218,-0.546672,0.836310,0.041659,-0.836562,-0.547637,0.016076,0.036258,-0.026062,0.999003,0,0.99334,0.42883,59.600,0.858,125.000,250.000,-1,475.000,-1,275.000,375.000,400.000,275.000,-1,275.000,100.000,725.000,350.000,825.000,125.000,-1,1,1,2,0,2,1,1,1,0,2,0,0,0,1,0,1,2
56,-5807.696,3238.876,74.118,-122.344,-0.534439,0.844820,0.025570,-0.842952,-0.534977,0.056852,0.061709,0.008829,0.998055,0,0.99481,0.43701,59.689,0.874,100.000,275.000,-1,500.000,-1,325.000,450.000,400.000,250.000,-1,225.000,50.000,425.000,400.000,900.000,125.000,-1,1,1,2,0,2,1,0,1,0,2,0,0,0,1,0,1,2
57,-5838.854,3187.902,80.455,-121.452,-0.522849,0.852371,0.009616,-0.848220,-0.521356,0.093331,0.084566,0.040641,0.995589,0,0.99563,0.44579,59.738,0.892,100.000,325.000,-1,550.000,-1,375.000,500.000,400.000,250.000,-1,200.000,25.000,300.000,500.000,975.000,125.000,-1,1,1,2,0,2,1,0,1,0,2,0,0,0,1,0,1,2
58,-5869.189,3136.430,86.118,-120.542,-0.511619,0.859193,-0.005834,-0.852779,-0.506947,0.125595,0.104953,0.069232,0.992064,0,0.99569,0.45523,59.742,0.910,100.000,350.000,-1,575.000,-1,600.000,525.000,375.000,225.000,-1,175.000,25.000,225.000,600.000,-1,100.000,-1,1,1,2,0,2,0,0,1,0,2,0,0,0,1,2,1,2
59,-5898.656,3084.511,91.571,-119.611,-0.500344,0.865633,-0.018302,-0.856793,-0.491968,0.154507,0.124742,0.092988,0.987822,0,0.99489,0.46536,59.693,0.931,75.000,425.000,-1,625.000,-1,625.000,575.000,325.000,225.000,-1,175.000,0.000,175.000,600.000,-1,100.000,-1,1,1,2,0,2,1,0,1,0,2,0,0,0,1,2,1,2
60,-5927.204,3032.203,96.832,-118.659,-0.488772,0.871968,-0.027800,-0.860451,-0.476568,0.180295,0.143963,0.112044,0.983220,0,0.99310,0.47625,59.586,0.953,75.000,475.000,-1,650.000,-1,575.000,625.000,250.000,225.000,-1,150.000,0.000,150.000,600.000,-1,100.000,-1,1,1,2,0,2,1,1,1,0,2,0,0,0,1,2,1,2
61,1639.764,-2951.800,325.736,-172.673,-0.963135,0.127088,-0.237105,-0.102891,-0.988387,-0.111824,-0.248563,-0.083305,0.965027,1,0.00000,0.00000,59.413,0.976,975.000,675.000,950.000,450.000,275.000,550.000,525.000,50.000,125.000,-1,-1,-1,-1,875.000,550.000,-1,475.000,1,1,1,1,1,1,1,1,1,2,2,2,2,1,1,2,1
62,983.895,3607.414,13.713,179.813,-0.998845,-0.003207,0.047945,0.011531,-0.984611,0.174381,0.046648,0.174732,0.983510,1,0.00000,0.00000,4.800,-0.155,-1,-1,-1,-1,-1,350.000,350.000,275.000,275.000,-1,-1,-1,-1,-1,-1,-1,-1,2,2,2,2,2,0,0,0,0,2,2,2,2,2,2,2,2
63,979.096,3607.410,13.950,180.053,-0.998871,0.000918,0.047495,0.007386,-0.984653,0.174367,0.046927,0.174521,0.983535,0,0.08000,0.12000,4.800,0.240,-1,-1,-1,-1,-1,350.000,350.000,275.000,275.000,-1,-1,-1,-1,-1,-1,-1,-1,2,2,2,2,2,0,0,0,0,2,2,2,2,2,2,2,2
64,969.498,3607.321,14.439,180.533,-0.998872,0.009167,0.046597,-0.000905,-0.984687,0.174328,0.047482,0.174090,0.983584,0,0.16000,0.24000,9.600,0.480,-1,-1,-1,-1,-1,350.000,350.000,275.000,275.000,-1,-1,-1,-1,-1,-1,-1,-1,2,2,2,2,2,1,1,0,0,2,2,2,2,2,2,2,2
65,955.104,3607.008,15.205,181.253,-0.998743,0.021543,0.045251,-0.013343,-0.984612,0.174243,0.048309,0.173420,0.983662,0,0.24000,0.36000,14.400,0.720,-1,-1,-1,-1,-1,325.000,325.000,275.000,300.000,-1,-1,-1,-1,-1,-1,-1,-1,2,2,2,2,2,0,0,0,0,2,2,2,2,2,2,2,2
66,935.921,3606.268,16.286,182.213,-0.998330,0.038043,0.043463,-0.029929,-0.984277,0.174076,0.049402,0.172484,0.983773,0,0.32000,0.48000,19.200,0.960,-1,-1,-1,-1,-1,-1,-1,275.000,300.000,-1,-1,-1,-1,-1,-1,-1,-1,2,2,2,2,2,2,2,0,0,2,2,2,2,2,2,2,2
67,911.968,3604.841,17.727,183.413,-0.997426,0.058660,0.041238,-0.050655,-0.983480,0.173783,0.050751,0.171246,0.983920,0,0.40000,0.60000,24.000,1.200,-1,-1,-1,-1,-1,-1,-1,275.000,300.000,-1,-1,-1,-1,-1,-1,-1,-1,2,2,2,2,2,2,2,0,0,2,2,2,2,2,2,2,2
68,883.276,3602.408,19.587,184.853,-0.995770,0.083380,0.038588,-0.075508,-0.981969,0.173307,0.052343,0.169660,0.984112,0,0.48000,0.72000,28.800,1.440,-1,-1,-1,-1,-1,-1,-1,275.000,300.000,-1,-1,-1,-1,-1,-1,-1,-1,2,2,2,2,2,2,2,0,0,2,2,2,2,2,2,2,2
69,849.884,3598.721,21.906,186.305,-0.993487,0.108268,0.035514,-0.100609,-0.979834,0.172635,0.053489,0.167938,0.984345,0,0.56000,0.72601,33.600,1.452,-1,-1,-1,-1,-1,-1,-1,275.000,300.000,-1,-1,-1,-1,-1,-1,-1,-1,2,2,2,2,2,2,2,0,0,2,2,2,2,2,2,2,2
70,811.839,3593.548,24.722,187.749,-0.990604,0.132959,0.032024,-0.125596,-0.977105,0.171734,0.054125,0.166098,0.984623,0,0.64000,0.72175,38.400,1.444,-1,-1,-1,-1,-1,-1,-1,300.000,300.000,-1,-1,-1,-1,-1,-1,-1,-1,2,2,2,2,2,2,2,0,0,2,2,2,2,2,2,2,2
71,769.197,3586.659,28.074,189.183,-0.987131,0.157421,0.028133,-0.150434,-0.973796,0.170562,0.054246,0.164135,0.984945,0,0.72000,0.71696,43.200,1.434,-1,-1,-1,-1,-1,-1,-1,300.000,300.000,-1,-1,-1,-1,-1,-1,-1,-1,2,2,2,2,2,2,2,0,0,2,2,2,2,2,2,2,2
72,722.021,3577.830,31.999,190.606,-0.983080,0.181619,0.023855,-0.175086,-0.969926,0.169080,0.053846,0.162042,0.985314,0,0.80000,0.71149,48.000,1.423,-1,-1,-1,-1,-1,-1,-1,300.000,325.000,-1,-1,-1,-1,-1,-1,-1,-1,2,2,2,2,2,2,2,0,0,2,2,2,2,2,2,2,2
73,670.393,3566.797,29.948,192.016,-0.978834,0.204658,-0.000081,-0.201050,-0.961503,0.187325,0.038259,0.183376,0.982298,0,0.88000,0.70519,52.800,1.410,-1,-1,-1,-1,-1,-1,-1,325.000,275.000,-1,-1,-1,-1,-1,-1,-1,-1,2,2,2,2,2,2,2,0,0,2,2,2,2,2,2,2,2
74,614.397,3553.331,20.956,193.412,-0.972821,0.225652,-0.051973,-0.231553,-0.946314,0.225549,0.001712,0.231453,0.972845,0,0.96000,0.69786,57.600,1.396,-1,-1,-1,-1,-1,-1,-1,375.000,175.000,-1,-1,-1,-1,-1,-1,-1,-1,2,2,2,2,2,2,2,0,0,2,2,2,2,2,2,2,2
75,6231.311,2295.693,363.999,148.782,-0.851746,-0.515363,0.094502,0.521941,-0.850356,0.066868,0.045899,0.106279,0.993276,1,0.00000,0.00000,60.000,1.378,-1,375.000,-1,375.000,-1,300.000,300.000,300.000,275.000,-1,200.000,275.000,-1,750.000,675.000,-1,-1,2,0,2,0,2,0,0,0,0,2,0,0,2,0,0,2,2
76,6227.196,2298.164,364.247,149.016,-0.853824,-0.511904,0.094552,0.518475,-0.852503,0.066493,0.046567,0.105796,0.993297,0,0.08000,0.11728,4.800,0.235,-1,375.000,-1,375.000,-1,300.000,300.000,300.000,275.000,-1,225.000,275.000,-1,750.000,675.000,-1,-1,2,0,2,0,2,0,0,0,0,2,0,0,2,0,0,2,2
77,6218.946,2303.074,364.722,149.248,-0.855840,-0.508492,0.094729,0.515051,-0.854636,0.065725,0.047538,0.105041,0.993331,0,0.16000,0.11590,9.600,0.232,-1,375.000,-1,375.000,-1,300.000,300.000,300.000,275.000,-1,225.000,275.000,-1,750.000,675.000,-1,-1,2,0,2,0,2,0,0,0,0,2,0,0,2,0,0,2,2
78,6206.543,2310.388,365.430,149.475,-0.857778,-0.505157,0.095046,0.511698,-0.856735,0.064579,0.048807,0.104029,0.993376,0,0.24000,0.11346,14.400,0.227,-1,375.000,-1,375.000,-1,300.000,300.000,300.000,275.000,-1,225.000,275.000,-1,750.000,700.000,-1,-1,2,0,2,0,2,0,0,0,0,2,0,0,2,0,0,2,2
79,6189.967,2320.078,366.376,149.695,-0.859618,-0.501929,0.095516,0.508448,-0.858779,0.063074,0.050369,0.102785,0.993428,0,0.32000,0.10998,19.200,0.220,-1,375.000,-1,375.000,-1,300.000,300.000,300.000,300.000,-1,225.000,300.000,-1,775.000,700.000,-1,-1,2,0,2,0,2,0,0,0,0,2,0,0,2,0,0,2,2
80,6169.203,2332.113,367.567,149.906,-0.861344,-0.498840,0.096158,0.505332,-0.860749,0.061239,0.052220,0.101339,0.993480,0,0.40000,0.10544,24.000,0.211,-1,375.000,-1,375.000,-1,300.000,300.000,300.000,300.000,-1,225.000,300.000,-1,775.000,725.000,-1,-1,2,0,2,0,2,0,0,0,0,2,0,0,2,0,0,2,2
81,6144.236,2346.469,369.011,150.106,-0.862936,-0.495918,0.096990,0.502381,-0.862624,0.059105,0.054355,0.099729,0.993529,0,0.48000,0.09985,28.800,0.200,-1,375.000,-1,375.000,-1,300.000,300.000,300.000,300.000,-1,250.000,300.000,-1,775.000,750.000,-1,-1,2,0,2,0,2,0,0,0,0,2,0,0,2,0,0,2,2
82,6115.053,2363.122,370.716,150.292,-0.864378,-0.493193,0.098032,0.499627,-0.864382,0.056711,0.056768,0.097999,0.993566,0,0.56000,0.09321,33.600,0.186,-1,400.000,-1,375.000,-1,300.000,300.000,300.000,300.000,-1,250.000,325.000,-1,800.000,775.000,-1,-1,2,0,2,0,2,0,0,0,0,2,0,0,2,0,0,2,2
83,6081.644,2382.054,372.775,150.463,-0.865641,-0.490681,0.099493,0.497121,-0.865975,0.054385,0.059473,0.096538,0.993551,0,0.64000,0.08553,38.400,0.171,-1,400.000,-1,375.000,-1,325.000,300.000,300.000,300.000,-1,250.000,325.000,-1,800.000,800.000,-1,-1,2,0,2,0,2,0,0,0,0,2,0,0,2,0,0,2,2
84,6044.001,2403.250,375.414,150.617,-0.866767,-0.488370,0.101046,0.494898,-0.867311,0.053366,0.061576,0.096263,0.993449,0,0.72000,0.07683,43.200,0.154,-1,400.000,-1,375.000,-1,325.000,325.000,300.000,300.000,-1,275.000,350.000,-1,825.000,825.000,-1,-1,2,0,2,0,2,0,0,0,0,2,0,0,2,0,0,2,2
85,6002.072,2426.614,378.370,150.871,-0.868723,-0.484525,0.102740,0.491152,-0.869498,0.052375,0.063955,0.095960,0.993328,0,0.80000,0.12729,48.000,0.255,-1,400.000,-1,400.000,-1,325.000,325.000,300.000,300.000,-1,300.000,375.000,-1,825.000,875.000,-1,-1,2,0,2,0,2,0,0,0,0,2,0,0,2,1,0,2,2
86,5957.053,2451.451,381.339,151.115,-0.870666,-0.480869,0.103470,0.487476,-0.871642,0.051060,0.065636,0.094896,0.993321,0,0.85692,0.12194,51.415,0.244,-1,400.000,-1,400.000,-1,325.000,325.000,300.000,300.000,-1,325.000,400.000,-1,825.000,900.000,-1,-1,2,0,2,0,2,0,0,0,0,2,0,0,2,1,0,2,2
87,5911.628,2476.273,384.273,151.348,-0.872543,-0.477381,0.103809,0.483929,-0.873692,0.049758,0.066943,0.093652,0.993352,0,0.86275,0.11638,51.765,0.233,-1,425.000,-1,400.000,-1,325.000,325.000,300.000,300.000,-1,375.000,425.000,-1,825.000,950.000,-1,-1,2,0,2,0,2,0,0,0,0,2,0,0,2,1,0,2,2
88,5865.812,2501.074,387.247,151.574,-0.874360,-0.473977,0.104115,0.480472,-0.875661,0.048618,0.068126,0.092534,0.993376,0,0.86830,0.11311,52.098,0.226,-1,425.000,-1,400.000,-1,325.000,325.000,300.000,300.000,-1,400.000,475.000,-1,800.000,975.000,-1,-1,2,0,2,0,2,0,0,0,0,2,0,0,2,1,0,2,2
89,5819.622,2525.847,390.388,151.796,-0.876184,-0.470655,0.103851,0.477036,-0.877604,0.047412,0.068825,0.091082,0.993462,0,0.87357,0.11066,52.414,0.221,-1,425.000,-1,425.000,1000.000,325.000,325.000,300.000,300.000,-1,425.000,500.000,-1,775.000,-1,-1,-1,2,0,2,0,1,0,0,0,0,2,0,0,2,1,2,2,2
90,5773.074,2550.587,393.864,152.013,-0.878096,-0.467424,0.102291,0.473549,-0.879575,0.045821,0.068555,0.088675,0.993699,0,0.87857,0.10869,52.714,0.217,-1,425.000,-1,425.000,1000.000,350.000,325.000,300.000,300.000,-1,500.000,575.000,-1,750.000,-1,-1,-1,2,0,2,0,1,0,0,0,0,2,0,0,2,1,2,2,2
91,5726.182,2575.285,397.196,152.227,-0.880010,-0.464195,0.100528,0.470118,-0.881444,0.045226,0.067616,0.087060,0.993906,0,0.88332,0.10721,52.999,0.214,-1,425.000,-1,425.000,975.000,350.000,325.000,300.000,300.000,-1,550.000,650.000,-1,725.000,-1,-1,-1,2,0,2,0,1,0,0,0,0,2,0,0,2,1,2,2,2
92,5678.958,2599.932,400.262,152.440,-0.881956,-0.460937,0.098440,0.466737,-0.883189,0.046196,0.065647,0.086688,0.994070,0,0.88783,0.10626,53.270,0.213,-1,425.000,-1,425.000,950.000,325.000,325.000,300.000,300.000,-1,650.000,725.000,-1,700.000,-1,-1,-1,2,0,2,0,1,0,0,0,0,2,0,0,2,1,2,2,2
93,5631.414,2624.523,403.294,152.652,-0.883900,-0.457670,0.096229,0.463367,-0.884885,0.047641,0.063347,0.086699,0.994218,0,0.89212,0.10587,53.527,0.212,-1,425.000,-1,425.000,925.000,325.000,325.000,300.000,300.000,-1,750.000,825.000,-1,650.000,-1,-1,-1,2,1,2,0,1,0,0,0,0,2,0,0,2,1,2,2,2
94,5583.561,2649.049,406.337,152.864,-0.885841,-0.454382,0.093932,0.459982,-0.886556,0.049355,0.060850,0.086927,0.994355,0,0.89621,0.10606,53.773,0.212,-1,400.000,-1,425.000,900.000,325.000,325.000,300.000,300.000,-1,850.000,950.000,-1,625.000,-1,1000.000,-1,2,1,2,0,1,0,0,0,0,2,0,0,2,1,2,1,2
95,5535.407,2673.502,409.390,153.077,-0.887789,-0.451054,0.091547,0.456561,-0.888210,0.051337,0.058157,0.087373,0.994477,0,0.90013,0.10686,54.008,0.214,-1,375.000,-1,425.000,850.000,325.000,325.000,300.000,300.000,-1,975.000,-1,-1,575.000,-1,925.000,-1,2,1,2,0,1,0,0,0,0,2,0,2,2,1,2,1,2
96,5486.958,2697.875,412.518,153.294,-0.889765,-0.447657,0.089001,0.453085,-0.889836,0.053912,0.055062,0.088294,0.994571,0,0.90391,0.10829,54.235,0.217,975.000,375.000,-1,425.000,825.000,325.000,325.000,300.000,300.000,-1,-1,-1,-1,550.000,-1,825.000,-1,1,1,2,0,1,1,0,0,0,2,2,2,2,1,2,1,2
97,5438.219,2722.159,415.655,153.515,-0.891767,-0.444179,0.086356,0.449524,-0.891463,0.056756,0.051773,0.089432,0.994646,0,0.90757,0.11040,54.454,0.221,925.000,350.000,-1,425.000,825.000,300.000,325.000,300.000,300.000,-1,-1,-1,-1,500.000,-1,725.000,-1,1,1,2,1,1,1,1,0,0,2,2,2,2,1,2,1,2
98,5389.193,2746.346,418.641,153.741,-0.893772,-0.440625,0.083791,0.445856,-0.893155,0.059052,0.048818,0.090137,0.994732,0,0.91115,0.11321,54.669,0.226,850.000,325.000,-1,425.000,825.000,275.000,325.000,300.000,300.000,-1,-1,-1,-1,475.000,-1,650.000,-1,1,1,2,1,1,1,1,0,0,2,2,2,2,1,2,1,2
99,5339.878,2770.425,421.403,153.975,-0.895780,-0.436982,0.081394,0.442066,-0.894944,0.060436,0.046434,0.090119,0.994848,0,0.91467,0.11675,54.880,0.233,800.000,300.000,-1,400.000,850.000,275.000,300.000,300.000,300.000,-1,-1,-1,-1,425.000,-1,575.000,-1,1,1,2,1,1,1,1,0,0,2,2,2,2,1,2,1,2
100,5290.271,2794.384,424.868,154.217,-0.897586,-0.433075,0.082371,0.438397,-0.896534,0.063523,0.046338,0.093129,0.994575,0,0.91816,0.12107,55.090,0.242,750.000,275.000,-1,425.000,-1,250.000,300.000,325.000,300.000,-1,-1,-1,-1,400.000,-1,525.000,-1,1,1,2,1,2,1,1,0,0,2,2,2,2,1,2,1,2
101,5240.369,2818.211,428.731,154.469,-0.899307,-0.428923,0.085272,0.434725,-0.898017,0.067671,0.047550,0.097927,0.994057,0,0.92165,0.12620,55.299,0.252,675.000,275.000,-1,425.000,-1,250.000,300.000,325.000,300.000,-1,-1,-1,-1,375.000,-1,475.000,-1,1,1,2,1,2,1,1,0,0,2,2,2,2,1,2,1,2
102,5190.167,2841.896,432.835,154.734,-0.901002,-0.424517,0.089338,0.430976,-0.899443,0.072545,0.049558,0.103866,0.993356,0,0.92515,0.13221,55.509,0.264,625.000,250.000,-1,450.000,-1,250.000,300.000,350.000,300.000,-1,-1,-1,-1,350.000,-1,425.000,-1,1,1,2,1,2,1,1,1,0,2,2,2,2,1,2,1,2
103,5139.656,2865.422,436.831,155.012,-0.902545,-0.419762,0.095979,0.427278,-0.900674,0.078862,0.053343,0.112186,0.992254,0,0.92868,0.13914,55.721,0.278,575.000,250.000,-1,500.000,-1,225.000,300.000,375.000,300.000,-1,-1,-1,-1,350.000,-1,400.000,-1,1,1,2,1,2,1,1,1,0,2,2,2,2,1,2,1,2
104,5087.862,2889.447,441.305,155.098,-0.902326,-0.417926,0.105572,0.426927,-0.900280,0.085031,0.059508,0.121797,0.990770,0,0.95158,0.04321,57.095,0.086,525.000,250.000,-1,650.000,-1,250.000,325.000,450.000,300.000,-1,-1,-1,-1,375.000,-1,375.000,-1,1,1,2,1,2,1,1,0,0,2,2,2,2,1,2,1,2
105,5035.823,2913.464,446.193,155.205,-0.901974,-0.415706,0.116752,0.426536,-0.899862,0.091186,0.067155,0.132046,0.988966,0,0.95520,0.05310,57.312,0.106,475.000,250.000,-1,825.000,-1,250.000,350.000,500.000,275.000,-1,-1,-1,-1,400.000,-1,350.000,-1,1,1,2,1,2,1,1,0,0,2,2,2,2,1,2,1,2
106,-5609.293,-4049.885,352.467,84.564,0.101257,-0.989168,0.106276,0.993091,0.094131,-0.070066,0.059303,0.112636,0.991865,1,0.00000,0.00000,57.521,0.129,-1,150.000,-1,-1,-1,100.000,175.000,575.000,450.000,-1,300.000,150.000,550.000,-1,-1,-1,-1,2,1,2,2,2,1,1,0,1,2,0,0,0,2,2,2,2
107,331.391,6234.719,-222.789,44.465,0.713694,-0.700408,0.008348,0.700454,0.713601,-0.011732,0.002260,0.014220,0.999896,1,0.08000,0.12000,4.800,0.240,625.000,350.000,875.000,350.000,450.000,300.000,300.000,325.000,300.000,-1,325.000,300.000,-1,525.000,550.000,550.000,500.000,1,0,1,0,1,0,0,0,0,2,0,0,2,1,1,1,1
108,338.185,6241.501,-222.713,44.945,0.707808,-0.706363,0.007700,0.706397,0.707709,-0.012291,0.003233,0.014139,0.999895,0,0.16000,0.24000,9.600,0.480,625.000,350.000,875.000,350.000,450.000,300.000,300.000,325.000,300.000,-1,325.000,300.000,-1,500.000,550.000,550.000,500.000,1,0,1,0,1,0,0,0,0,2,0,0,2,1,1,1,1
109,348.253,6251.797,-222.592,45.641,0.699196,-0.714898,0.006726,0.714914,0.699088,-0.013148,0.004697,0.014002,0.999891,0,0.24000,0.34758,14.400,0.695,625.000,350.000,850.000,350.000,425.000,300.000,300.000,325.000,300.000,-1,325.000,300.000,-1,500.000,550.000,525.000,500.000,1,0,1,0,1,0,0,0,0,2,0,0,2,1,1,1,1
110,361.511,6265.684,-222.427,46.329,0.690570,-0.723245,0.005438,0.723236,0.690452,-0.014336,0.006614,0.013833,0.999882,0,0.32000,0.34411,19.200,0.688,625.000,350.000,825.000,350.000,425.000,300.000,300.000,325.000,300.000,-1,300.000,275.000,-1,500.000,550.000,525.000,500.000,1,0,1,0,1,0,0,0,0,2,0,0,2,1,1,1,1
111,377.877,6283.239,-222.162,47.009,0.681949,-0.731389,0.003875,0.731346,0.681825,-0.015723,0.008858,0.013556,0.999869,0,0.40000,0.33991,24.000,0.680,600.000,350.000,800.000,350.000,425.000,300.000,300.000,325.000,325.000,-1,300.000,275.000,-1,475.000,550.000,500.000,500.000,1,0,1,0,1,0,0,0,0,2,0,0,2,1,1,1,1
112,397.267,6304.533,-221.686,47.679,0.673359,-0.739311,0.002470,0.739232,0.673228,-0.017324,0.011145,0.013491,0.999847,0,0.48000,0.33493,28.800,0.670,600.000,350.000,750.000,350.000,400.000,300.000,300.000,325.000,325.000,-1,300.000,275.000,-1,475.000,550.000,500.000,500.000,1,1,1,0,1,0,0,0,0,2,0,0,2,1,1,1,1
113,419.603,6329.635,-221.085,48.337,0.664826,-0.746997,0.000877,0.746870,0.664691,-0.019272,0.013813,0.013467,0.999814,0,0.56000,0.32913,33.600,0.658,575.000,350.000,725.000,350.000,400.000,300.000,300.000,325.000,325.000,-1,300.000,275.000,-1,450.000,575.000,475.000,500.000,1,1,1,0,1,0,0,0,0,2,0,0,2,1,1,1,1
114,444.805,6358.608,-220.337,48.982,0.656379,-0.754431,-0.000899,0.754243,0.656241,-0.021586,0.016875,0.013490,0.999767,0,0.64000,0.32245,38.400,0.645,525.000,325.000,675.000,350.000,400.000,300.000,300.000,325.000,325.000,-1,300.000,275.000,-1,425.000,600.000,450.000,550.000,1,1,1,1,1,0,0,0,0,2,0,0,2,1,1,1,1
115,472.797,6391.512,-219.416,49.611,0.648046,-0.761596,-0.002853,0.761330,0.647910,-0.024290,0.020347,0.013569,0.999701,0,0.72000,0.31483,43.200,0.630,500.000,325.000,650.000,350.000,375.000,300.000,300.000,325.000,325.000,-1,300.000,275.000,-1,400.000,625.000,400.000,900.000,1,1,1,1,1,1,0,0,0,2,0,0,2,1,1,1,1
116,503.507,6428.403,-218.296,50.224,0.639859,-0.768477,-0.004978,0.768110,0.639731,-0.027409,0.024248,0.013714,0.999612,0,0.80000,0.30622,48.000,0.612,450.000,300.000,600.000,350.000,375.000,275.000,300.000,325.000,325.000,-1,300.000,275.000,-1,375.000,575.000,375.000,850.000,1,1,1,1,1,1,0,0,0,2,0,0,2,1,1,1,1
117,536.866,6469.330,-216.805,50.817,0.631861,-0.775049,-0.007110,0.774537,0.631734,-0.031699,0.029060,0.014523,0.999472,0,0.88000,0.29657,52.800,0.593,400.000,275.000,550.000,350.000,400.000,250.000,300.000,325.000,325.000,-1,300.000,275.000,-1,350.000,550.000,325.000,775.000,1,1,1,1,1,1,0,0,1,2,0,0,2,1,1,1,1
118,572.809,6514.341,-213.546,51.389,0.624217,-0.781214,-0.007627,0.780263,0.623889,-0.044179,0.039271,0.021626,0.998995,0,0.96000,0.28586,57.600,0.572,375.000,250.000,500.000,375.000,-1,250.000,275.000,350.000,300.000,-1,275.000,250.000,-1,325.000,500.000,325.000,700.000,1,1,1,1,2,1,1,0,1,2,0,0,2,1,1,1,1
119,609.799,6561.584,-208.736,51.937,0.616831,-0.787018,-0.011060,0.785250,0.616285,-0.059787,0.053869,0.028194,0.998150,0,1.00000,0.27409,60.000,0.548,375.000,250.000,475.000,350.000,1000.000,225.000,275.000,375.000,275.000,-1,250.000,200.000,950.000,325.000,450.000,300.000,650.000,1,1,1,1,1,1,1,0,1,2,0,0,0,1,1,1,1
120,646.134,6609.334,-203.261,52.725,0.606169,-0.795216,-0.013818,0.792229,0.605244,-0.077797,0.070228,0.036211,0.996873,0,1.00000,0.39409,60.000,0.788,375.000,225.000,450.000,325.000,900.000,225.000,250.000,400.000,250.000,-1,225.000,175.000,850.000,300.000,425.000,300.000,600.000,1,1,1,1,1,1,1,0,1,2,0,0,0,1,1,1,1
121,681.644,6657.701,-197.728,53.705,0.593062,-0.805068,-0.011967,0.800683,0.591266,-0.096496,0.084762,0.047647,0.995261,0,1.00000,0.49018,60.000,0.980,350.000,225.000,425.000,275.000,775.000,200.000,225.000,450.000,225.000,-1,200.000,150.000,800.000,275.000,375.000,275.000,525.000,1,1,1,1,1,1,1,0,1,2,0,0,0,1,1,1,1
122,716.312,6706.674,-192.035,54.691,0.580197,-0.814456,-0.005761,0.808633,0.576866,-0.115492,0.097386,0.062350,0.993292,0,1.00000,0.49266,60.000,0.985,350.000,200.000,375.000,250.000,625.000,175.000,200.000,500.000,200.000,-1,175.000,100.000,650.000,250.000,350.000,250.000,425.000,1,1,1,1,1,1,1,0,1,2,0,0,0,1,1,1,1
123,750.121,6756.245,-186.434,55.681,0.567779,-0.823163,0.005419,0.815959,0.561916,-0.135869,0.108797,0.081565,0.990712,0,1.00000,0.49535,60.000,0.991,325.000,175.000,350.000,225.000,475.000,150.000,175.000,575.000,200.000,-1,175.000,75.000,550.000,225.000,300.000,225.000,350.000,1,1,1,1,1,1,1,0,1,2,0,0,0,1,1,1,1
124,7542.646,-327.860,408.499,80.715,0.129511,-0.934618,-0.331233,0.987226,0.152797,-0.045134,0.092794,-0.321156,0.942469,1,0.00000,0.00000,60.000,0.997,675.000,275.000,-1,450.000,-1,200.000,250.000,600.000,975.000,600.000,0.000,0.000,-1,550.000,-1,700.000,-1,1,1,2,0,2,1,0,1,0,1,1,0,2,1,2,1,2
125,-8857.064,-5571.050,194.791,113.447,-0.397108,-0.912026,-0.102536,0.917739,-0.395558,-0.035906,-0.007812,-0.108360,0.994081,1,0.08000,-0.12000,4.800,-0.240,975.000,375.000,-1,400.000,-1,325.000,325.000,300.000,275.000,-1,-1,-1,-1,675.000,700.000,-1,-1,0,0,2,0,2,0,0,0,0,2,2,2,2,0,0,2,2
126,-8860.810,-5562.210,194.765,112.967,-0.389496,-0.915310,-0.102474,0.921002,-0.387904,-0.035853,-0.006933,-0.108344,0.994089,0,0.16000,-0.24000,9.600,-0.480,975.000,375.000,-1,400.000,-1,325.000,325.000,300.000,275.000,-1,-1,-1,-1,675.000,700.000,1000.000,-1,0,0,2,0,2,0,0,0,0,2,2,2,2,0,0,0,2
127,-8866.262,-5548.881,194.744,112.247,-0.378029,-0.920116,-0.102376,0.925777,-0.376374,-0.035783,-0.005607,-0.108304,0.994102,0,0.24000,-0.36000,14.400,-0.720,950.000,375.000,-1,400.000,-1,325.000,325.000,300.000,275.000,-1,-1,-1,-1,675.000,700.000,1000.000,-1,0,0,2,0,2,0,0,0,0,2,2,2,2,0,0,0,2
128,-8873.232,-5530.990,194.752,111.287,-0.362650,-0.926301,-0.102237,0.931918,-0.360908,-0.035705,-0.003824,-0.108225,0.994119,0,0.32000,-0.48000,19.200,-0.960,950.000,375.000,-1,400.000,-1,325.000,325.000,300.000,275.000,-1,-1,-1,-1,675.000,700.000,1000.000,-1,0,0,2,0,2,0,0,0,0,2,2,2,2,0,0,0,2
129,-8881.475,-5508.448,194.816,110.087,-0.343286,-0.933670,-0.102052,0.939230,-0.341435,-0.035635,-0.001573,-0.108083,0.994141,0,0.40000,-0.60000,24.000,-1.200,925.000,375.000,-1,400.000,-1,325.000,325.000,300.000,275.000,-1,-1,-1,-1,650.000,675.000,975.000,-1,0,0,2,0,2,0,0,0,0,2,2,2,2,0,0,0,2
130,-8890.693,-5481.161,194.968,108.669,-0.320210,-0.941859,-0.101820,0.947346,-0.318228,-0.035584,0.001113,-0.107853,0.994166,0,0.48000,-0.70916,28.800,-1.418,900.000,375.000,-1,400.000,-1,325.000,325.000,300.000,275.000,-1,-1,-1,-1,650.000,675.000,975.000,-1,0,0,2,0,2,0,0,0,0,2,2,2,2,0,0,0,2
131,-8900.657,-5449.071,195.229,107.250,-0.296937,-0.949483,-0.101545,0.954890,-0.294829,-0.035517,0.003784,-0.107510,0.994197,0,0.56000,-0.70916,33.600,-1.418,875.000,375.000,-1,375.000,-1,325.000,325.000,300.000,275.000,-1,-1,-1,-1,650.000,675.000,950.000,-1,0,0,2,0,2,0,0,0,0,2,2,2,2,0,0,0,2
132,-8911.132,-5412.125,195.623,105.832,-0.273482,-0.956537,-0.101214,0.961856,-0.271251,-0.035449,0.006454,-0.107048,0.994233,0,0.64000,-0.70916,38.400,-1.418,850.000,375.000,-1,375.000,-1,300.000,325.000,300.000,275.000,-1,-1,-1,-1,650.000,675.000,950.000,-1,0,0,2,0,2,0,0,0,0,2,2,2,2,0,0,0,2
133,-8921.884,-5370.283,196.172,104.414,-0.249859,-0.963019,-0.100818,0.968239,-0.247508,-0.035398,0.009135,-0.106460,0.994275,0,0.72000,-0.70916,43.200,-1.418,825.000,375.000,-1,375.000,-1,300.000,300.000,300.000,275.000,-1,-1,-1,-1,625.000,675.000,925.000,-1,0,0,2,0,2,0,0,0,0,2,2,2,2,0,0,0,2
134,-8932.873,-5323.556,196.875,103.235,-0.230112,-0.967978,-0.100337,0.973098,-0.227669,-0.035311,0.011337,-0.105763,0.994327,0,0.80000,-0.58916,48.000,-1.178,800.000,350.000,-1,375.000,-1,300.000,300.000,300.000,275.000,-1,-1,-1,-1,625.000,650.000,900.000,-1,0,0,2,0,2,0,0,0,0,2,2,2,2,0,0,0,2
