timestep,x_cm,y_cm,z_cm,yaw_deg,basis_xx,basis_xy,basis_xz,basis_yx,basis_yy,basis_yz,basis_zx,basis_zy,basis_zz,teleport_flag,throttle_cmd,steering_cmd,cmd_move_cm,cmd_turn_deg,lidar_cm_0,lidar_cm_1,lidar_cm_2,lidar_cm_3,lidar_cm_4,lidar_cm_5,lidar_cm_6,lidar_cm_7,lidar_cm_8,lidar_cm_9,lidar_cm_10,lidar_cm_11,lidar_cm_12,lidar_cm_13,lidar_cm_14,lidar_cm_15,lidar_cm_16,lidar_class_0,lidar_class_1,lidar_class_2,lidar_class_3,lidar_class_4,lidar_class_5,lidar_class_6,lidar_class_7,lidar_class_8,lidar_class_9,lidar_class_10,lidar_class_11,lidar_class_12,lidar_class_13,lidar_class_14,lidar_class_15,lidar_class_16
0,-1641.930,-6235.673,-74.347,-115.940,-0.437482,0.899227,-0.000787,-0.899114,-0.437412,0.016270,0.014286,0.007825,0.999867,1,0.08000,0.12000,4.800,0.240,-1,375.000,-1,425.000,-1,325.000,325.000,300.000,225.000,-1,-1,-1,800.000,800.000,925.000,-1,-1,2,0,2,0,2,0,0,0,1,2,2,2,1,0,0,2,2
1,-1646.057,-6244.340,-73.809,-115.460,-0.429921,0.902866,-0.000534,-0.902772,-0.429867,0.014751,0.013089,0.006824,0.999891,0,0.16000,0.24000,9.600,0.480,-1,375.000,-1,425.000,-1,325.000,325.000,300.000,250.000,-1,-1,-1,725.000,800.000,925.000,-1,-1,2,0,2,0,2,0,0,0,1,2,2,2,1,0,0,2,2
2,-1652.083,-6257.419,-73.045,-114.740,-0.418527,0.908204,-0.000201,-0.908132,-0.418491,0.012678,0.011430,0.005489,0.999920,0,0.24000,0.36000,14.400,0.720,-1,375.000,-1,425.000,-1,325.000,325.000,300.000,250.000,-1,-1,-1,625.000,800.000,925.000,-1,-1,2,0,2,0,2,0,0,0,1,2,2,2,1,0,0,2,2
3,-1659.825,-6274.989,-72.108,-113.780,-0.403239,0.915095,0.000144,-0.915046,-0.403219,0.010288,0.009472,0.004017,0.999947,0,0.32000,0.48000,19.200,0.960,-1,375.000,-1,425.000,-1,325.000,325.000,300.000,275.000,-1,-1,-1,500.000,775.000,900.000,-1,-1,2,0,2,0,2,0,0,0,1,2,2,2,1,0,0,2,2
4,-1669.040,-6297.149,-71.066,-112.580,-0.383977,0.923343,0.000393,-0.923313,-0.383968,0.007878,0.007425,0.002662,0.999969,0,0.40000,0.60000,24.000,1.200,-1,375.000,-1,425.000,-1,325.000,325.000,300.000,275.000,-1,-1,-1,450.000,775.000,900.000,-1,-1,2,0,2,0,2,0,0,0,1,2,2,2,1,0,0,2,2
5,-1679.427,-6324.011,-70.001,-111.140,-0.360647,0.932702,0.000383,-0.932686,-0.360643,0.005795,0.005543,0.001733,0.999983,0,0.48000,0.72000,28.800,1.440,-1,375.000,-1,400.000,-1,300.000,325.000,300.000,300.000,-1,-1,-1,425.000,750.000,900.000,-1,-1,2,0,2,0,2,0,0,0,1,2,2,2,1,0,0,2,2
6,-1690.664,-6355.676,-69.015,-109.537,-0.334426,0.942422,-0.000200,-0.942413,-0.334422,0.004455,0.004131,0.001678,0.999990,0,0.56000,0.80116,33.600,1.602,-1,375.000,-1,400.000,-1,300.000,325.000,300.000,325.000,-1,-1,-1,425.000,750.000,875.000,-1,-1,2,0,2,0,2,0,0,0,1,2,2,2,1,0,0,2,2
7,-1702.485,-6392.211,-68.210,-107.929,-0.307853,0.951432,-0.001787,-0.951428,-0.307843,0.004223,0.003468,0.003000,0.999989,0,0.64000,0.80402,38.400,1.608,-1,375.000,-1,425.000,-1,325.000,325.000,300.000,350.000,-1,-1,-1,425.000,750.000,875.000,-1,-1,2,0,2,0,2,0,0,0,0,2,2,2,1,0,0,2,2
8,-1714.042,-6431.699,-67.669,-106.314,-0.280923,0.959720,-0.004417,-0.959723,-0.280900,0.005180,0.003731,0.005694,0.999977,0,0.68573,0.80760,41.144,1.615,-1,375.000,-1,425.000,-1,325.000,325.000,300.000,350.000,-1,-1,-1,425.000,775.000,875.000,-1,-1,2,0,2,0,2,0,0,0,0,2,2,2,1,0,0,2,2
9,-1724.396,-6471.194,-67.429,-104.691,-0.253643,0.967266,-0.007889,-0.967285,-0.253590,0.007152,0.004917,0.009445,0.999943,0,0.68051,0.81175,40.830,1.623,-1,375.000,-1,425.000,-1,325.000,325.000,325.000,350.000,-1,-1,-1,425.000,775.000,875.000,-1,-1,2,0,2,0,2,0,0,0,0,2,2,2,1,0,0,2,2
10,-1734.745,-6514.949,-67.808,-103.307,-0.230269,0.973061,-0.011338,-0.973095,-0.230151,0.010824,0.007923,0.013526,0.999877,0,0.74937,0.69175,44.962,1.383,-1,400.000,-1,425.000,-1,325.000,325.000,325.000,325.000,-1,-1,-1,425.000,800.000,875.000,-1,-1,2,0,2,0,2,0,0,0,0,2,2,2,1,0,0,2,2
11,-1744.183,-6558.742,-68.674,-102.164,-0.210882,0.977398,-0.014920,-0.977450,-0.210673,0.014410,0.010941,0.017623,0.999785,0,0.74663,0.57175,44.798,1.143,-1,400.000,-1,425.000,-1,325.000,325.000,325.000,325.000,-1,-1,-1,450.000,825.000,875.000,-1,-1,2,0,2,0,2,0,0,0,0,2,2,2,1,1,0,2,2
12,-1752.913,-6602.596,-69.425,-101.260,-0.195531,0.980527,-0.018283,-0.980603,-0.195221,0.017484,0.013574,0.021348,0.999680,0,0.74525,0.45175,44.715,0.903,-1,400.000,-1,425.000,-1,325.000,325.000,325.000,325.000,-1,-1,-1,450.000,850.000,900.000,-1,-1,2,0,2,0,2,0,0,0,0,2,2,2,1,1,0,2,2
13,-1761.133,-6646.536,-69.214,-100.597,-0.184141,0.982716,-0.018990,-0.982824,-0.183852,0.016000,0.012232,0.021610,0.999692,0,0.74504,0.33175,44.702,0.663,1000.000,400.000,-1,425.000,-1,325.000,325.000,325.000,325.000,-1,-1,-1,500.000,825.000,875.000,-1,-1,1,0,2,0,2,0,0,0,0,2,2,2,1,1,0,2,2
14,-1769.037,-6690.581,-69.068,-100.173,-0.176847,0.984036,-0.019956,-0.984181,-0.176581,0.014367,0.010614,0.022181,0.999698,0,0.74581,0.21175,44.748,0.423,950.000,400.000,-1,425.000,-1,325.000,325.000,325.000,325.000,-1,-1,-1,525.000,825.000,875.000,-1,-1,1,0,2,0,2,0,0,0,0,2,2,2,1,1,0,2,2
15,-1776.816,-6734.745,-68.911,-99.990,-0.173666,0.984583,-0.020889,-0.984764,-0.173427,0.012772,0.008952,0.022789,0.999700,0,0.74741,0.09175,44.845,0.183,925.000,400.000,-1,425.000,-1,325.000,325.000,325.000,300.000,-1,-1,-1,575.000,825.000,850.000,-1,-1,1,0,2,0,2,0,0,0,0,2,2,2,1,1,0,2,2
16,-1784.663,-6779.038,-68.745,-100.046,-0.174606,0.984396,-0.021827,-0.984612,-0.174395,0.011229,0.007247,0.023452,0.999699,0,0.74971,-0.02825,44.983,-0.057,875.000,400.000,-1,425.000,-1,325.000,325.000,325.000,300.000,-1,-1,-1,625.000,825.000,850.000,-1,-1,1,0,2,0,2,0,0,0,0,2,2,2,1,1,0,2,2
17,-1792.770,-6823.461,-68.570,-100.343,-0.179664,0.983464,-0.022806,-0.983713,-0.179484,0.009756,0.005501,0.024188,0.999692,0,0.75260,-0.14825,45.156,-0.297,850.000,400.000,-1,400.000,-1,325.000,325.000,325.000,300.000,-1,-1,-1,650.000,825.000,825.000,-1,-1,1,0,2,0,2,0,0,0,0,2,2,2,1,0,0,2,2
18,-1801.331,-6868.003,-68.386,-100.879,-0.188830,0.981720,-0.023863,-0.982003,-0.188681,0.008375,0.003720,0.025015,0.999680,0,0.75597,-0.26825,45.358,-0.537,825.000,400.000,-1,400.000,-1,325.000,325.000,325.000,300.000,-1,-1,-1,700.000,825.000,825.000,-1,-1,1,0,2,0,2,0,0,0,0,2,2,2,1,0,0,2,2
19,-1810.540,-6912.648,-68.193,-101.656,-0.202079,0.979049,-0.025033,-0.979367,-0.201963,0.007112,0.001907,0.025954,0.999661,0,0.75975,-0.38825,45.585,-0.777,800.000,400.000,-1,400.000,-1,325.000,325.000,325.000,300.000,-1,-1,-1,750.000,825.000,825.000,-1,-1,1,0,2,0,2,0,0,0,0,2,2,2,1,0,0,2,2
20,-1820.594,-6957.363,-67.988,-102.672,-0.219376,0.975285,-0.026350,-0.975640,-0.219294,0.005996,0.000069,0.027024,0.999635,0,0.76386,-0.50825,45.831,-1.017,775.000,400.000,-1,400.000,-1,325.000,325.000,350.000,300.000,-1,-1,-1,800.000,825.000,800.000,-1,-1,1,0,2,0,2,0,0,0,0,2,2,2,1,0,0,2,2
21,-1831.690,-7002.103,-67.872,-103.929,-0.240658,0.970220,-0.027523,-0.970608,-0.240622,0.004644,-0.002117,0.027832,0.999610,0,0.76824,-0.62825,46.094,-1.257,800.000,400.000,-1,400.000,-1,325.000,325.000,350.000,300.000,-1,-1,-1,850.000,825.000,800.000,-1,-1,1,0,2,0,2,0,0,0,0,2,2,2,1,0,0,2,2
22,-1845.037,-7051.216,-67.915,-105.204,-0.262117,0.964616,-0.028485,-0.965023,-0.262152,0.002547,-0.005011,0.028156,0.999591,0,0.84824,-0.63760,50.894,-1.275,800.000,400.000,-1,400.000,-1,325.000,325.000,350.000,300.000,-1,-1,-1,900.000,825.000,775.000,-1,-1,1,0,2,0,2,0,0,0,0,2,2,2,1,0,0,2,2
23,-1860.553,-7103.724,-67.978,-106.462,-0.283147,0.958616,-0.029708,-0.959043,-0.283262,0.000344,-0.008086,0.028588,0.999559,0,0.91254,-0.62896,54.753,-1.258,900.000,400.000,-1,400.000,-1,325.000,325.000,350.000,300.000,-1,-1,-1,950.000,800.000,775.000,-1,-1,1,0,2,0,2,0,0,0,0,2,2,2,1,0,0,2,2
24,-1877.166,-7155.776,-68.379,-107.701,-0.303763,0.952289,-0.029566,-0.952693,-0.303930,-0.001240,-0.010167,0.027791,0.999562,0,0.91064,-0.61950,54.638,-1.239,-1,400.000,-1,400.000,-1,325.000,325.000,350.000,300.000,-1,-1,-1,1000.000,800.000,750.000,-1,-1,2,0,2,0,2,0,0,0,0,2,2,2,1,0,0,2,2
25,-1894.830,-7207.306,-68.952,-108.920,-0.323926,0.945639,-0.028951,-0.946004,-0.324141,-0.002943,-0.012168,0.026435,0.999576,0,0.90789,-0.60975,54.473,-1.220,-1,400.000,-1,400.000,-1,325.000,325.000,350.000,300.000,-1,-1,-1,-1,775.000,750.000,-1,-1,2,0,2,0,2,0,0,0,0,2,2,2,2,0,0,2,2
26,-1913.494,-7258.253,-69.518,-110.120,-0.343618,0.938675,-0.028562,-0.939003,-0.343878,-0.004594,-0.014134,0.025241,0.999581,0,0.90430,-0.59981,54.258,-1.200,-1,400.000,-1,400.000,-1,325.000,325.000,325.000,325.000,-1,-1,-1,-1,775.000,750.000,-1,-1,2,0,2,0,2,0,0,0,0,2,2,2,2,0,0,2,2
27,-1933.108,-7308.559,-70.270,-111.299,-0.362839,0.931405,-0.028854,-0.931723,-0.363130,-0.005382,-0.015490,0.024931,0.999569,0,0.89991,-0.58974,53.995,-1.179,-1,400.000,-1,400.000,-1,325.000,325.000,325.000,325.000,-1,-1,-1,-1,750.000,725.000,-1,-1,2,0,2,0,2,0,0,1,0,2,2,2,2,0,0,2,2
28,-1953.617,-7358.174,-71.070,-112.459,-0.381583,0.923866,-0.029430,-0.924186,-0.381899,-0.005750,-0.016552,0.025005,0.999550,0,0.89477,-0.57964,53.686,-1.159,-1,400.000,-1,375.000,-1,325.000,325.000,300.000,325.000,-1,-1,-1,-1,750.000,725.000,-1,-1,2,0,2,0,2,0,0,1,0,2,2,2,2,0,0,2,2
29,-1974.974,-7407.048,-71.848,-113.604,-0.399951,0.916041,-0.030149,-0.916368,-0.400292,-0.006027,-0.017590,0.025217,0.999527,0,0.88894,-0.57283,53.337,-1.146,-1,400.000,-1,375.000,-1,325.000,325.000,300.000,325.000,-1,-1,-1,-1,725.000,725.000,-1,-1,2,0,2,0,2,0,0,1,0,2,2,2,2,0,0,2,2
30,-1995.110,-7451.211,-72.526,-114.510,-0.414354,0.909591,-0.030896,-0.909929,-0.414718,-0.006191,-0.018444,0.025548,0.999503,0,0.80894,-0.45283,48.537,-0.906,-1,400.000,-1,375.000,-1,325.000,325.000,300.000,325.000,-1,-1,-1,-1,725.000,725.000,-1,-1,2,0,2,0,2,0,0,1,0,2,2,2,2,0,0,2,2
31,-2013.715,-7490.793,-73.107,-115.176,-0.424869,0.904702,-0.031632,-0.905053,-0.425253,-0.006271,-0.019125,0.025964,0.999480,0,0.72894,-0.33283,43.737,-0.666,-1,375.000,-1,375.000,-1,325.000,300.000,300.000,325.000,-1,-1,-1,-1,725.000,700.000,-1,-1,2,0,2,0,2,0,0,1,0,2,2,2,2,0,0,2,2
32,-2030.540,-7525.907,-73.712,-115.601,-0.431576,0.901518,-0.031755,-0.901871,-0.431962,-0.006167,-0.019276,0.025977,0.999477,0,0.64894,-0.21283,38.937,-0.426,-1,375.000,-1,375.000,-1,325.000,300.000,300.000,325.000,-1,-1,-1,-1,700.000,700.000,-1,-1,2,0,2,0,2,0,0,1,0,2,2,2,2,0,0,2,2
33,-2046.832,-7559.627,-74.358,-115.787,-0.434509,0.900119,-0.031430,-0.900467,-0.434884,-0.005940,-0.019015,0.025721,0.999488,0,0.62416,-0.09283,37.450,-0.186,-1,375.000,-1,375.000,-1,325.000,300.000,300.000,325.000,-1,-1,-1,-1,700.000,700.000,-1,-1,2,0,2,0,2,0,0,1,0,2,2,2,2,0,0,2,2
34,-2062.985,-7593.141,-74.982,-115.733,-0.433671,0.900536,-0.031061,-0.900879,-0.434033,-0.005690,-0.018606,0.025514,0.999501,0,0.62007,0.02717,37.204,0.054,-1,375.000,-1,375.000,-1,300.000,300.000,300.000,325.000,-1,-1,-1,-1,700.000,675.000,-1,-1,2,0,2,0,2,0,0,1,0,2,2,2,2,0,0,2,2
35,-2078.872,-7626.542,-75.582,-115.438,-0.429057,0.902757,-0.030646,-0.903097,-0.429403,-0.005421,-0.018054,0.025350,0.999516,0,0.61645,0.14717,36.987,0.294,-1,375.000,-1,375.000,-1,300.000,300.000,300.000,325.000,-1,-1,-1,-1,700.000,675.000,-1,-1,2,0,2,0,2,0,0,1,0,2,2,2,2,0,0,2,2
36,-2094.368,-7659.921,-76.156,-114.904,-0.420640,0.906726,-0.030185,-0.907062,-0.420967,-0.005137,-0.017364,0.025219,0.999531,0,0.61334,0.26717,36.800,0.534,-1,375.000,-1,375.000,1000.000,300.000,300.000,300.000,325.000,-1,-1,-1,-1,700.000,675.000,-1,1000.000,2,0,2,0,1,0,0,1,0,2,2,2,2,0,0,2,1
37,-2109.403,-7693.340,-76.702,-114.222,-0.409837,0.911676,-0.029688,-0.912008,-0.410144,-0.004834,-0.016584,0.025094,0.999548,0,0.61075,0.34106,36.645,0.682,-1,375.000,-1,375.000,950.000,300.000,300.000,300.000,325.000,-1,-1,-1,-1,700.000,675.000,-1,975.000,2,0,2,0,1,0,0,1,0,2,2,2,2,0,0,2,1
38,-2123.984,-7726.811,-77.222,-113.540,-0.398973,0.916498,-0.029175,-0.916827,-0.399260,-0.004510,-0.015782,0.024949,0.999564,0,0.60850,0.34114,36.510,0.682,-1,375.000,-1,375.000,925.000,300.000,300.000,300.000,325.000,-1,-1,-1,-1,700.000,650.000,-1,950.000,2,0,2,0,1,0,0,1,0,2,2,2,2,0,0,2,1
39,-2138.114,-7760.330,-77.750,-112.857,-0.388059,0.921194,-0.028483,-0.921515,-0.388322,-0.004118,-0.014854,0.024650,0.999586,0,0.60625,0.34112,36.375,0.682,-1,375.000,-1,375.000,875.000,300.000,300.000,325.000,325.000,-1,-1,-1,-1,700.000,650.000,-1,925.000,2,0,2,0,1,0,0,1,0,2,2,2,2,0,0,2,1
40,-2151.793,-7793.891,-78.251,-112.175,-0.377094,0.925758,-0.027790,-0.926071,-0.377332,-0.003705,-0.013915,0.024338,0.999607,0,0.60403,0.34100,36.242,0.682,-1,375.000,-1,375.000,850.000,300.000,300.000,325.000,325.000,-1,-1,-1,-1,700.000,650.000,-1,925.000,2,0,2,0,1,0,0,1,0,2,2,2,2,0,0,2,1
41,-2165.024,-7827.490,-78.662,-111.494,-0.366083,0.930182,-0.027268,-0.930494,-0.366294,-0.002995,-0.012774,0.024276,0.999624,0,0.60184,0.34078,36.110,0.682,-1,375.000,-1,375.000,825.000,300.000,300.000,325.000,325.000,-1,-1,-1,-1,700.000,650.000,-1,900.000,2,0,2,0,1,0,0,0,0,2,2,2,2,0,0,2,1
42,-2177.808,-7861.122,-79.038,-110.813,-0.355032,0.934470,-0.026788,-0.934782,-0.355214,-0.002237,-0.011605,0.024246,0.999639,0,0.59968,0.34045,35.981,0.681,-1,375.000,-1,375.000,800.000,300.000,300.000,325.000,325.000,-1,-1,-1,-1,700.000,625.000,-1,875.000,2,0,2,0,1,0,0,0,0,2,2,2,2,0,0,2,1
43,-2190.149,-7894.785,-79.417,-110.133,-0.343945,0.938618,-0.026417,-0.938933,-0.344097,-0.001322,-0.010331,0.024349,0.999650,0,0.59756,0.34003,35.853,0.680,-1,375.000,-1,375.000,775.000,300.000,300.000,325.000,325.000,-1,-1,-1,-1,700.000,625.000,-1,875.000,2,0,2,0,1,0,0,0,0,2,2,2,2,0,0,2,1
44,-2202.048,-7928.474,-79.770,-109.454,-0.332826,0.942627,-0.026083,-0.942945,-0.332949,-0.000380,-0.009043,0.024469,0.999660,0,0.59549,0.33951,35.729,0.679,-1,375.000,-1,350.000,750.000,300.000,300.000,325.000,325.000,-1,-1,-1,-1,700.000,625.000,-1,850.000,2,0,2,0,1,0,0,0,0,2,2,2,2,0,0,2,1
45,-2213.510,-7962.188,-80.034,-108.776,-0.321678,0.946502,-0.025628,-0.946816,-0.321776,0.000335,-0.007929,0.024373,0.999671,0,0.59347,0.33889,35.608,0.678,-1,375.000,-1,350.000,725.000,300.000,300.000,325.000,325.000,-1,-1,-1,-1,700.000,625.000,-1,850.000,2,0,2,0,1,0,0,0,0,2,2,2,2,0,0,2,1
46,-2224.536,-7995.922,-80.071,-108.100,-0.310526,0.950254,-0.024316,-0.950544,-0.310586,0.001361,-0.006259,0.023536,0.999703,0,0.59151,0.33819,35.491,0.676,-1,375.000,-1,350.000,725.000,300.000,300.000,325.000,325.000,-1,-1,-1,-1,700.000,625.000,-1,850.000,2,0,2,0,1,0,0,0,0,2,2,2,2,0,0,2,1
47,-2235.130,-8029.675,-80.018,-107.425,-0.299359,0.953869,-0.022763,-0.954130,-0.299381,0.002491,-0.004438,0.022465,0.999738,0,0.58961,0.33739,35.377,0.675,-1,375.000,-1,350.000,700.000,300.000,300.000,325.000,325.000,-1,825.000,-1,-1,725.000,625.000,-1,850.000,2,0,2,0,1,0,0,0,0,2,0,2,2,0,0,2,1
48,-2245.295,-8063.445,-79.931,-106.752,-0.288175,0.957343,-0.021208,-0.957574,-0.288164,0.003641,-0.002626,0.021357,0.999768,0,0.58778,0.33650,35.267,0.673,-1,375.000,-1,350.000,700.000,300.000,300.000,325.000,325.000,-1,750.000,850.000,-1,725.000,625.000,-1,850.000,2,0,2,0,1,0,0,0,0,2,0,0,2,0,0,2,1
49,-2255.034,-8097.231,-79.809,-106.081,-0.276979,0.960675,-0.019651,-0.960876,-0.276938,0.004807,-0.000824,0.020213,0.999795,0,0.58603,0.33553,35.162,0.671,-1,375.000,-1,350.000,675.000,300.000,300.000,325.000,325.000,-1,675.000,800.000,-1,725.000,625.000,-1,850.000,2,0,2,0,1,0,0,0,0,2,0,0,2,0,0,2,1
50,-2264.352,-8131.030,-79.657,-105.412,-0.265775,0.963865,-0.018095,-0.964035,-0.265710,0.005990,0.000965,0.019036,0.999818,0,0.58434,0.33447,35.061,0.669,-1,375.000,-1,350.000,675.000,300.000,300.000,325.000,325.000,-1,625.000,750.000,-1,750.000,625.000,-1,850.000,2,0,2,0,1,0,0,0,0,2,0,0,2,0,0,2,1
51,-2273.252,-8164.843,-79.475,-104.745,-0.254569,0.966913,-0.016542,-0.967051,-0.254482,0.007186,0.002739,0.017827,0.999837,0,0.58274,0.33333,34.964,0.667,-1,375.000,-1,350.000,675.000,300.000,300.000,325.000,325.000,-1,600.000,700.000,-1,750.000,625.000,-1,850.000,2,0,2,0,1,0,0,0,0,2,0,0,2,0,0,2,1
52,-2283.086,-8203.372,-79.231,-104.319,-0.247386,0.968804,-0.014804,-0.968906,-0.247281,0.008561,0.004633,0.016462,0.999854,0,0.66274,0.21333,39.764,0.427,-1,375.000,-1,350.000,650.000,300.000,300.000,325.000,325.000,-1,550.000,650.000,-1,750.000,625.000,-1,850.000,2,0,2,0,1,0,0,0,0,2,0,0,2,0,0,2,1
53,-2293.967,-8246.587,-78.916,-104.132,-0.244248,0.969627,-0.012868,-0.969690,-0.244129,0.010128,0.006679,0.014952,0.999866,0,0.74274,0.09333,44.564,0.187,-1,375.000,-1,350.000,650.000,300.000,300.000,325.000,325.000,-1,500.000,600.000,-1,775.000,625.000,-1,850.000,2,0,2,0,1,0,0,0,0,2,0,0,2,0,0,2,1
54,-2305.985,-8294.466,-78.519,-104.091,-0.243560,0.969827,-0.010715,-0.969845,-0.243433,0.011906,0.008938,0.013292,0.999872,0,0.82274,0.02074,49.364,0.041,-1,400.000,-1,350.000,625.000,300.000,300.000,325.000,325.000,-1,450.000,575.000,-1,775.000,625.000,-1,825.000,2,0,2,0,1,0,0,0,0,2,0,0,2,0,0,2,1
55,-2317.949,-8342.259,-78.074,-104.054,-0.242944,0.970003,-0.008546,-0.969975,-0.242816,0.013731,0.011244,0.011626,0.999869,0,0.82112,0.01838,49.267,0.037,-1,400.000,-1,350.000,625.000,300.000,300.000,325.000,325.000,-1,425.000,525.000,-1,775.000,650.000,-1,800.000,2,0,2,0,1,0,0,0,0,2,0,0,2,0,0,2,1
56,-2329.843,-8389.885,-77.584,-104.022,-0.242407,0.970154,-0.006365,-0.970079,-0.242286,0.015600,0.013592,0.009956,0.999858,0,0.81814,0.01576,49.088,0.032,-1,400.000,-1,375.000,600.000,325.000,300.000,325.000,325.000,-1,400.000,500.000,-1,800.000,650.000,-1,800.000,2,0,2,0,1,0,0,0,0,2,0,0,2,0,0,2,1
57,-2341.678,-8437.362,-77.049,-103.996,-0.241959,0.970278,-0.004172,-0.970155,-0.241853,0.017512,0.015982,0.008284,0.999838,0,0.81551,0.01290,48.930,0.026,-1,400.000,-1,375.000,600.000,325.000,300.000,325.000,325.000,-1,350.000,450.000,-1,800.000,650.000,-1,775.000,2,0,2,0,1,0,0,0,0,2,0,0,2,0,0,2,1
58,-2354.868,-8489.449,-76.334,-104.211,-0.245566,0.969378,-0.002072,-0.969208,-0.245482,0.019362,0.018260,0.006763,0.999810,0,0.89551,-0.10710,53.730,-0.214,-1,400.000,-1,375.000,575.000,325.000,300.000,325.000,325.000,875.000,350.000,425.000,-1,825.000,650.000,-1,750.000,2,0,2,0,1,0,0,0,0,1,0,0,2,0,0,2,1
59,-2368.792,-8542.655,-75.574,-104.665,-0.253212,0.967411,0.000212,-0.967196,-0.253161,0.021006,0.020375,0.005113,0.999779,0,0.91663,-0.22710,54.998,-0.454,-1,400.000,-1,375.000,550.000,325.000,300.000,325.000,325.000,775.000,325.000,425.000,-1,850.000,650.000,-1,725.000,2,0,2,0,1,0,0,0,0,1,0,0,2,0,0,2,1
60,-2383.166,-8595.664,-74.588,-105.171,-0.261705,0.965143,0.002913,-0.964894,-0.261705,0.022134,0.022125,0.002982,0.999751,0,0.91540,-0.25324,54.924,-0.506,-1,400.000,-1,375.000,525.000,325.000,300.000,325.000,325.000,725.000,325.000,425.000,-1,875.000,650.000,-1,700.000,2,0,2,0,1,0,0,0,0,1,0,0,2,0,0,2,1
61,-2397.996,-8648.449,-73.426,-105.693,-0.270414,0.962727,0.005732,-0.962465,-0.270475,0.022448,0.023162,0.000553,0.999732,0,0.91381,-0.26060,54.828,-0.521,-1,400.000,-1,375.000,500.000,325.000,300.000,325.000,325.000,725.000,350.000,450.000,-1,875.000,650.000,-1,650.000,2,0,2,0,1,0,0,0,0,1,0,0,2,0,0,2,1
62,-2413.285,-8700.976,-72.200,-106.229,-0.279349,0.960152,0.008447,-0.959885,-0.279471,0.022747,0.024201,-0.001754,0.999706,0,0.91178,-0.26808,54.707,-0.536,-1,400.000,-1,375.000,475.000,325.000,300.000,325.000,325.000,725.000,375.000,475.000,-1,900.000,650.000,-1,625.000,2,0,2,0,1,0,0,0,1,1,0,0,2,0,1,2,1
63,-2429.036,-8753.213,-70.885,-106.780,-0.288508,0.957413,0.011147,-0.957143,-0.288695,0.023070,0.025305,-0.004013,0.999672,0,0.90932,-0.27565,54.559,-0.551,-1,400.000,-1,375.000,450.000,325.000,300.000,325.000,325.000,725.000,400.000,500.000,-1,900.000,625.000,-1,575.000,2,0,2,0,1,0,0,0,1,1,0,0,2,0,1,2,1
64,-2445.252,-8805.125,-69.479,-107.347,-0.297889,0.954500,0.013830,-0.954233,-0.298144,0.023417,0.026475,-0.006222,0.999630,0,0.90644,-0.28328,54.386,-0.567,-1,400.000,-1,375.000,425.000,325.000,300.000,325.000,300.000,725.000,425.000,500.000,-1,925.000,625.000,-1,550.000,2,0,2,0,1,0,0,0,1,1,0,0,2,0,1,2,1
65,-2461.931,-8856.683,-67.985,-107.927,-0.307474,0.951413,0.016508,-0.951153,-0.307802,0.023769,0.027696,-0.008393,0.999581,0,0.90314,-0.29048,54.188,-0.581,-1,400.000,-1,375.000,400.000,325.000,300.000,325.000,300.000,750.000,425.000,525.000,-1,925.000,600.000,-1,525.000,2,0,2,0,1,0,0,0,1,1,0,0,2,0,1,2,1
66,-2479.068,-8907.856,-66.398,-108.514,-0.317117,0.948193,0.019175,-0.947944,-0.317522,0.024131,0.028969,-0.010524,0.999525,0,0.89944,-0.29335,53.967,-0.587,-1,400.000,-1,350.000,375.000,325.000,300.000,325.000,300.000,775.000,450.000,550.000,-1,925.000,600.000,-1,475.000,2,0,2,0,1,0,0,0,1,1,0,0,2,0,1,2,1
67,-2496.652,-8958.619,-64.712,-109.106,-0.326806,0.944840,0.021812,-0.944605,-0.327291,0.024527,0.030312,-0.012588,0.999461,0,0.89537,-0.29592,53.722,-0.592,-1,425.000,-1,350.000,350.000,325.000,300.000,325.000,275.000,775.000,450.000,575.000,-1,925.000,600.000,-1,450.000,2,0,2,0,1,0,0,0,1,1,0,0,2,1,1,2,1
68,-2514.674,-9008.946,-62.925,-109.702,-0.336529,0.941357,0.024418,-0.941139,-0.337098,0.024957,0.031725,-0.014582,0.999390,0,0.89093,-0.29818,53.456,-0.596,-1,425.000,-1,375.000,325.000,325.000,300.000,325.000,275.000,800.000,450.000,600.000,-1,900.000,575.000,-1,400.000,2,0,2,0,1,0,0,0,1,1,0,0,2,1,1,2,1
69,-2533.123,-9058.813,-61.035,-110.303,-0.346273,0.937745,0.026992,-0.937546,-0.346931,0.025422,0.033204,-0.016503,0.999312,0,0.88618,-0.30013,53.171,-0.600,-1,425.000,-1,375.000,300.000,325.000,325.000,325.000,275.000,800.000,450.000,625.000,-1,875.000,575.000,-1,375.000,2,0,2,0,1,0,0,0,1,1,0,0,2,1,1,2,1
70,-2551.988,-9108.202,-59.126,-110.906,-0.356007,0.934003,0.029954,-0.933827,-0.356776,0.026054,0.035022,-0.018696,0.999212,0,0.88116,-0.30176,52.869,-0.604,-1,425.000,-1,375.000,275.000,325.000,325.000,325.000,250.000,825.000,450.000,625.000,-1,850.000,575.000,-1,350.000,2,0,2,1,1,0,0,0,1,1,0,0,2,1,1,2,1
71,-2571.260,-9157.097,-57.583,-111.512,-0.365721,0.930098,0.034134,-0.930051,-0.366606,0.024591,0.035386,-0.022753,0.999115,0,0.87592,-0.30306,52.555,-0.606,-1,425.000,-1,375.000,250.000,325.000,325.000,325.000,250.000,850.000,450.000,650.000,-1,825.000,600.000,-1,325.000,2,0,2,1,1,0,0,0,1,1,0,0,2,1,1,2,1
72,-2590.927,-9205.484,-55.979,-112.120,-0.375424,0.926059,0.038353,-0.926167,-0.376417,0.022924,0.035666,-0.026915,0.999001,0,0.87052,-0.30405,52.231,-0.608,-1,425.000,-1,350.000,225.000,350.000,325.000,325.000,250.000,850.000,475.000,675.000,-1,800.000,600.000,-1,300.000,2,0,2,1,1,0,0,0,1,1,0,0,2,1,1,2,1
73,-2612.874,-9258.123,-53.002,-112.635,-0.383264,0.922385,0.048111,-0.922799,-0.384616,0.022630,0.039378,-0.035723,0.998586,0,0.95052,-0.25740,57.031,-0.515,-1,450.000,-1,350.000,200.000,350.000,350.000,300.000,225.000,850.000,400.000,650.000,-1,750.000,700.000,-1,350.000,2,0,2,1,1,0,0,0,1,1,0,0,2,1,1,2,1
74,-2635.285,-9310.503,-48.909,-113.169,-0.390948,0.918277,0.062669,-0.919237,-0.392983,0.023837,0.046517,-0.048288,0.997750,0,0.94954,-0.26684,56.973,-0.534,-1,475.000,-1,375.000,225.000,375.000,350.000,300.000,225.000,850.000,300.000,550.000,-1,725.000,875.000,-1,-1,2,0,2,1,1,0,1,0,1,1,0,0,2,1,1,2,2
75,-2658.154,-9362.553,-45.866,-113.722,-0.399196,0.914043,0.071893,-0.915491,-0.401662,0.023310,0.050183,-0.056512,0.997140,0,0.94753,-0.27675,56.852,-0.553,-1,475.000,-1,400.000,275.000,375.000,350.000,300.000,225.000,850.000,250.000,525.000,-1,700.000,850.000,-1,-1,2,0,2,1,1,0,1,0,1,1,0,0,2,1,1,2,2
76,-2681.119,-9412.919,-42.964,-114.516,-0.411255,0.907998,0.080053,-0.909960,-0.414102,0.022214,0.053320,-0.063709,0.996543,0,0.92255,-0.39675,55.353,-0.793,-1,475.000,-1,400.000,325.000,375.000,375.000,300.000,225.000,850.000,225.000,500.000,-1,675.000,850.000,925.000,-1,2,1,2,1,1,0,1,0,1,1,0,0,2,1,1,1,2
77,-2704.911,-9462.699,-40.121,-115.549,-0.427054,0.899997,0.087351,-0.902487,-0.430228,0.020524,0.056052,-0.070068,0.995966,0,0.91956,-0.51675,55.173,-1.033,-1,450.000,-1,425.000,-1,400.000,375.000,300.000,225.000,875.000,225.000,500.000,-1,625.000,825.000,825.000,-1,2,1,2,1,2,0,1,0,1,1,0,0,2,1,1,1,2
78,-2729.718,-9511.768,-37.312,-116.823,-0.446510,0.889856,0.093727,-0.892871,-0.449943,0.018230,0.058393,-0.075546,0.995431,0,0.91638,-0.63675,54.983,-1.273,-1,425.000,-1,450.000,-1,400.000,375.000,300.000,200.000,875.000,200.000,475.000,-1,575.000,800.000,725.000,-1,2,1,2,1,2,1,1,0,1,1,0,0,2,1,1,1,2
79,-2755.719,-9559.991,-34.519,-118.336,-0.469502,0.877346,0.099156,-0.880864,-0.473120,0.015353,0.060383,-0.080135,0.994953,0,0.91308,-0.75675,54.785,-1.513,850.000,400.000,-1,500.000,-1,375.000,400.000,300.000,200.000,875.000,200.000,475.000,-1,550.000,800.000,625.000,-1,1,1,2,1,2,1,1,0,1,1,0,0,2,1,1,1,2
80,-2783.084,-9607.222,-31.716,-120.090,-0.495865,0.862195,0.103624,-0.866179,-0.499592,0.011939,0.062064,-0.083836,0.994545,0,0.90974,-0.87675,54.585,-1.753,650.000,375.000,1000.000,525.000,-1,375.000,425.000,300.000,175.000,900.000,200.000,500.000,-1,500.000,775.000,550.000,-1,1,1,1,1,2,1,1,0,1,1,0,0,2,1,1,1,2
81,-2811.852,-9653.378,-29.084,-121.937,-0.523195,0.845406,0.107498,-0.849836,-0.526983,0.008233,0.063610,-0.087048,0.994171,0,0.90642,-0.92375,54.385,-1.847,525.000,350.000,950.000,525.000,-1,350.000,400.000,300.000,175.000,925.000,200.000,500.000,-1,475.000,775.000,475.000,-1,1,1,1,1,2,1,1,0,1,1,0,0,2,1,1,1,2
82,-2841.983,-9698.388,-26.968,-123.802,-0.550106,0.827519,0.112230,-0.832493,-0.554018,0.004472,0.065878,-0.090970,0.993672,0,0.90273,-0.93236,54.164,-1.865,425.000,350.000,925.000,500.000,-1,325.000,375.000,300.000,150.000,925.000,150.000,475.000,-1,450.000,800.000,400.000,-1,1,1,1,1,2,1,1,0,1,1,0,0,2,1,1,1,2
83,-2873.426,-9742.176,-24.928,-125.684,-0.576804,0.808652,0.115667,-0.814087,-0.580743,0.000439,0.067528,-0.093910,0.993288,0,0.89844,-0.94122,53.906,-1.882,325.000,325.000,900.000,500.000,-1,325.000,375.000,300.000,150.000,925.000,75.000,475.000,-1,425.000,850.000,325.000,-1,1,1,1,1,2,1,1,0,1,1,0,0,2,1,1,1,2
84,-2906.130,-9784.664,-20.007,-127.573,-0.602683,0.789791,0.114036,-0.794138,-0.607633,0.011311,0.078225,-0.083743,0.993412,0,0.89357,-0.94438,53.614,-1.889,300.000,325.000,-1,500.000,-1,300.000,375.000,325.000,150.000,1000.000,75.000,325.000,-1,425.000,-1,300.000,-1,1,1,2,1,2,1,1,0,1,0,0,0,2,1,2,1,2
85,-4919.493,8855.067,29.645,-88.277,0.034626,0.998729,0.036616,-0.992409,0.030034,0.119257,0.118005,-0.040467,0.992188,1,0.00000,0.00000,53.285,-1.894,-1,350.000,-1,225.000,325.000,250.000,200.000,350.000,475.000,475.000,50.000,125.000,-1,-1,350.000,-1,275.000,2,1,2,1,1,1,1,1,1,0,0,0,2,2,1,2,1
86,2953.971,-8859.311,-172.084,-61.776,0.473120,0.880620,0.025819,-0.880971,0.472669,0.021788,0.006984,-0.033054,0.999429,1,0.08000,-0.12000,4.800,-0.240,-1,400.000,-1,400.000,-1,325.000,325.000,300.000,300.000,-1,-1,-1,-1,750.000,800.000,-1,-1,2,0,2,0,2,0,0,0,0,2,2,2,2,0,0,2,2
87,2958.440,-8867.808,-172.021,-62.256,0.465730,0.884549,0.025849,-0.884897,0.465275,0.021814,0.007269,-0.033034,0.999428,0,0.16000,-0.24000,9.600,-0.480,-1,400.000,-1,400.000,-1,325.000,325.000,300.000,300.000,-1,-1,-1,-1,750.000,800.000,-1,-1,2,0,2,0,2,0,0,0,0,2,2,2,2,0,0,2,2
88,2964.983,-8880.635,-171.919,-62.976,0.454584,0.890327,0.025891,-0.890671,0.454124,0.021846,0.007693,-0.032991,0.999426,0,0.24000,-0.36000,14.400,-0.720,-1,400.000,-1,400.000,-1,325.000,325.000,300.000,300.000,-1,-1,-1,-1,750.000,800.000,-1,-1,2,0,2,0,2,0,0,0,0,2,2,2,2,0,0,2,2
89,2973.419,-8897.883,-171.768,-63.936,0.439612,0.897813,0.025936,-0.898150,0.439145,0.021877,0.008251,-0.032912,0.999424,0,0.32000,-0.48000,19.200,-0.960,-1,400.000,-1,400.000,-1,325.000,325.000,300.000,300.000,-1,-1,-1,-1,750.000,825.000,-1,-1,2,0,2,0,2,0,0,0,0,2,2,2,2,0,0,2,2
90,2983.510,-8919.658,-171.560,-65.136,0.420723,0.906817,0.025977,-0.907145,0.420248,0.021895,0.008938,-0.032777,0.999423,0,0.40000,-0.60000,24.000,-1.200,-1,400.000,-1,400.000,-1,325.000,325.000,300.000,300.000,-1,-1,-1,-1,750.000,825.000,-1,-1,2,0,2,0,2,0,0,0,0,2,2,2,2,0,0,2,2
91,2994.959,-8946.085,-171.280,-66.576,0.397813,0.917098,0.026004,-0.917415,0.397329,0.021890,0.009744,-0.032564,0.999422,0,0.48000,-0.72000,28.800,-1.440,-1,400.000,-1,400.000,-1,325.000,325.000,300.000,300.000,-1,-1,-1,-1,775.000,825.000,-1,-1,2,0,2,0,2,0,0,0,0,2,2,2,2,0,0,2,2
92,3007.513,-8977.252,-170.915,-68.061,0.373916,0.927098,0.026002,-0.927403,0.373426,0.021844,0.010542,-0.032282,0.999423,0,0.56000,-0.74269,33.600,-1.485,-1,400.000,-1,400.000,-1,325.000,325.000,300.000,300.000,-1,-1,-1,-1,775.000,825.000,-1,-1,2,0,2,0,2,0,0,0,0,2,2,2,2,0,0,2,2
93,3020.931,-9013.231,-170.455,-69.546,0.349767,0.936477,0.025959,-0.936769,0.349273,0.021748,0.011300,-0.031924,0.999426,0,0.64000,-0.74269,38.400,-1.485,-1,400.000,-1,400.000,-1,325.000,325.000,300.000,300.000,-1,-1,-1,-1,775.000,825.000,-1,-1,2,0,2,0,2,0,0,0,0,2,2,2,2,0,0,2,2
94,3034.973,-9054.086,-169.891,-71.032,0.325380,0.945230,0.025860,-0.945507,0.324885,0.021597,0.012013,-0.031478,0.999432,0,0.72000,-0.74269,43.200,-1.485,-1,400.000,-1,400.000,-1,325.000,325.000,300.000,300.000,-1,-1,-1,-1,775.000,850.000,-1,-1,2,0,2,0,2,0,0,0,0,2,2,2,2,0,0,2,2
95,3049.393,-9099.869,-169.229,-72.517,0.300773,0.953351,0.025622,-0.953611,0.300279,0.021416,0.012724,-0.030874,0.999442,0,0.80000,-0.74269,48.000,-1.485,-1,400.000,-1,400.000,-1,325.000,325.000,300.000,300.000,-1,-1,-1,-1,775.000,850.000,-1,-1,2,0,2,0,2,0,0,0,0,2,2,2,2,0,0,2,2
96,3063.794,-9150.099,-168.573,-74.002,0.275951,0.960848,0.024921,-0.961081,0.275475,0.020915,0.013231,-0.029722,0.999471,0,0.87089,-0.74269,52.253,-1.485,-1,400.000,-1,400.000,-1,325.000,325.000,300.000,300.000,-1,-1,-1,-1,775.000,850.000,-1,-1,2,0,2,0,2,0,0,0,0,2,2,2,2,0,0,2,2
97,3076.887,-9200.685,-167.989,-75.488,0.250926,0.967714,0.023791,-0.967914,0.250488,0.019940,0.013337,-0.028031,0.999518,0,0.87089,-0.74269,52.253,-1.485,-1,400.000,-1,400.000,-1,325.000,325.000,300.000,300.000,-1,-1,-1,-1,800.000,850.000,-1,-1,2,0,2,0,2,0,0,0,0,2,2,2,2,0,0,2,2
98,3088.665,-9251.594,-167.383,-76.973,0.225734,0.973925,0.022656,-0.974095,0.225329,0.019100,0.013497,-0.026381,0.999561,0,0.87089,-0.74269,52.253,-1.485,-1,400.000,-1,400.000,-1,325.000,325.000,300.000,300.000,-1,-1,-1,-1,800.000,850.000,-1,-1,2,0,2,0,2,0,0,0,0,2,2,2,2,0,0,2,2
99,3099.120,-9302.791,-167.008,-78.459,0.200388,0.979454,0.022690,-0.979631,0.200011,0.017862,0.012957,-0.025807,0.999583,0,0.87089,-0.74269,52.253,-1.485,-1,400.000,-1,400.000,-1,325.000,325.000,300.000,300.000,-1,-1,-1,-1,800.000,850.000,-1,-1,2,0,2,0,2,0,0,0,0,2,2,2,2,0,0,2,2
100,3108.244,-9354.242,-166.604,-79.944,0.174906,0.984323,0.022703,-0.984508,0.174557,0.016554,0.012331,-0.025247,0.999605,0,0.87089,-0.74269,52.253,-1.485,-1,400.000,-1,400.000,-1,325.000,325.000,300.000,300.000,-1,-1,-1,-1,800.000,850.000,-1,-1,2,0,2,0,2,0,0,0,0,2,2,2,2,0,0,2,2
101,3116.983,-9410.622,-166.121,-81.189,0.153439,0.987900,0.022582,-0.988092,0.153124,0.015085,0.011444,-0.024627,0.999631,0,0.95089,-0.62269,57.053,-1.245,-1,400.000,-1,400.000,-1,325.000,325.000,300.000,300.000,-1,-1,-1,-1,800.000,850.000,-1,-1,2,0,2,0,2,0,0,0,0,2,2,2,2,0,0,2,2
102,3124.817,-9467.778,-165.598,-82.195,0.136048,0.990450,0.022357,-0.990648,0.135769,0.013575,0.010410,-0.023995,0.999658,0,0.96152,-0.50269,57.691,-1.005,-1,400.000,-1,400.000,-1,325.000,325.000,300.000,300.000,-1,-1,-1,-1,775.000,825.000,-1,-1,2,0,2,0,2,0,0,0,0,2,2,2,2,0,0,2,2
103,3131.888,-9525.035,-165.049,-82.960,0.122771,0.992190,0.022055,-0.992392,0.122528,0.012049,0.009253,-0.023366,0.999684,0,0.96152,-0.38269,57.691,-0.765,-1,400.000,-1,400.000,-1,325.000,325.000,300.000,300.000,-1,-1,-1,-1,775.000,825.000,-1,-1,2,0,2,0,2,0,0,0,0,2,2,2,2,0,0,2,2
104,3138.433,-9582.353,-164.480,-83.485,0.113633,0.993286,0.021697,-0.993491,0.113427,0.010514,0.007982,-0.022751,0.999709,0,0.96152,-0.26269,57.691,-0.525,-1,400.000,-1,400.000,-1,325.000,325.000,300.000,300.000,-1,-1,-1,-1,775.000,825.000,-1,-1,2,0,2,0,2,0,0,0,0,2,2,2,2,0,0,2,2
105,3144.693,-9639.704,-163.899,-83.771,0.108649,0.993852,0.021307,-0.994058,0.108480,0.008973,0.006606,-0.022155,0.999733,0,0.96152,-0.14269,57.691,-0.285,-1,400.000,-1,400.000,-1,325.000,325.000,300.000,300.000,-1,-1,-1,-1,775.000,825.000,-1,-1,2,0,2,0,2,0,0,0,0,2,2,2,2,0,0,2,2
106,3150.907,-9697.059,-163.311,-83.816,0.107828,0.993950,0.020904,-0.994156,0.107694,0.007428,0.005132,-0.021583,0.999754,0,0.96152,-0.02269,57.691,-0.045,-1,400.000,-1,400.000,-1,325.000,325.000,300.000,300.000,-1,-1,-1,-1,775.000,825.000,-1,-1,2,0,2,0,2,0,0,0,0,2,2,2,2,0,0,2,2
107,3157.317,-9754.393,-162.723,-83.622,0.111169,0.993590,0.020509,-0.993795,0.111071,0.005883,0.003568,-0.021036,0.999772,0,0.96152,0.09731,57.691,0.195,-1,400.000,-1,400.000,-1,325.000,325.000,300.000,300.000,-1,-1,-1,-1,750.000,800.000,-1,-1,2,0,2,0,2,0,0,0,0,2,2,2,2,0,0,2,2
108,3163.971,-9811.699,-162.176,-83.376,0.115389,0.993120,0.019948,-0.993318,0.115322,0.004501,0.002170,-0.020334,0.999791,0,0.96152,0.12255,57.691,0.245,-1,400.000,-1,400.000,-1,325.000,325.000,300.000,300.000,-1,-1,-1,-1,750.000,800.000,-1,-1,2,0,2,0,2,0,0,0,0,2,2,2,2,0,0,2,2
109,3170.870,-9868.976,-161.957,-83.131,0.119618,0.992650,0.018391,-0.992819,0.119573,0.003534,0.001309,-0.018681,0.999825,0,0.96152,0.12255,57.691,0.245,-1,400.000,-1,400.000,-1,325.000,325.000,300.000,300.000,-1,-1,-1,-1,750.000,775.000,-1,-1,2,0,2,0,2,0,0,0,0,2,2,2,2,0,0,2,2
110,3178.014,-9926.223,-162.012,-82.886,0.123856,0.992140,0.017851,-0.992300,0.123819,0.003147,0.000912,-0.018103,0.999836,0,0.96152,0.12255,57.691,0.245,-1,400.000,-1,400.000,-1,325.000,325.000,300.000,300.000,-1,-1,-1,-1,750.000,775.000,-1,-1,2,0,2,0,2,0,0,0,0,2,2,2,2,0,0,2,2
111,3184.569,-9978.706,-162.068,-82.881,0.123938,0.992137,0.017397,-0.992290,0.123908,0.002772,0.000595,-0.017606,0.999845,0,0.88152,0.00255,52.891,0.005,-1,400.000,-1,400.000,-1,325.000,325.000,300.000,300.000,-1,-1,-1,-1,750.000,775.000,-1,-1,2,0,2,0,2,0,0,0,0,2,2,2,2,0,0,2,2
112,3190.333,-10026.451,-162.114,-83.116,0.119865,0.992645,0.016980,-0.992790,0.119841,0.002434,0.000381,-0.017150,0.999853,0,0.80152,-0.11745,48.091,-0.235,-1,400.000,-1,400.000,-1,325.000,325.000,300.000,300.000,-1,-1,-1,-1,725.000,750.000,-1,-1,2,0,2,0,2,0,0,0,0,2,2,2,2,0,0,2,2
113,3195.626,-10073.575,-162.151,-83.591,0.111629,0.993612,0.016562,-0.993750,0.111610,0.002100,0.000238,-0.016693,0.999861,0,0.79034,-0.23745,47.420,-0.475,-1,400.000,-1,400.000,-1,325.000,325.000,300.000,300.000,-1,-1,-1,-1,725.000,750.000,-1,-1,2,0,2,0,2,0,0,0,0,2,2,2,2,0,0,2,2
114,3200.346,-10120.760,-162.178,-84.287,0.099548,0.994902,0.016131,-0.995033,0.099532,0.001763,0.000148,-0.016226,0.999868,0,0.79034,-0.34802,47.420,-0.696,-1,400.000,-1,400.000,-1,325.000,325.000,300.000,300.000,-1,-1,-1,-1,725.000,750.000,-1,-1,2,0,2,0,2,0,0,0,0,2,2,2,2,0,0,2,2
115,3204.493,-10167.998,-162.191,-84.983,0.087451,0.996045,0.015690,-0.996169,0.087439,0.001420,0.000043,-0.015754,0.999876,0,0.79034,-0.34802,47.420,-0.696,-1,400.000,-1,400.000,-1,325.000,325.000,300.000,300.000,-1,-1,-1,-1,700.000,750.000,-1,-1,2,0,2,0,2,0,0,0,0,2,2,2,2,0,0,2,2
116,3208.066,-10215.284,-162.192,-85.679,0.075341,0.997041,0.015239,-0.997158,0.075334,0.001072,-0.000079,-0.015276,0.999883,0,0.79034,-0.34802,47.420,-0.696,-1,400.000,-1,400.000,-1,325.000,325.000,300.000,300.000,-1,-1,-1,-1,700.000,725.000,-1,-1,2,0,2,0,2,0,0,0,0,2,2,2,2,0,0,2,2
117,3211.064,-10262.609,-162.182,-86.375,0.063220,0.997890,0.014778,-0.998000,0.063217,0.000718,-0.000217,-0.014794,0.999891,0,0.79034,-0.34802,47.420,-0.696,-1,375.000,-1,400.000,-1,325.000,325.000,300.000,300.000,-1,-1,-1,-1,700.000,725.000,-1,-1,2,0,2,0,2,0,0,0,0,2,2,2,2,0,0,2,2
118,3213.487,-10309.968,-162.159,-87.071,0.051090,0.998591,0.014312,-0.998694,0.051090,0.000356,-0.000376,-0.014312,0.999898,0,0.79034,-0.34802,47.420,-0.696,-1,375.000,-1,375.000,-1,325.000,325.000,300.000,300.000,-1,-1,-1,-1,675.000,725.000,-1,-1,2,0,2,0,2,0,0,0,0,2,2,2,2,0,0,2,2
119,3215.334,-10357.352,-162.118,-87.767,0.038952,0.999145,0.013864,-0.999241,0.038956,-0.000031,-0.000571,-0.013852,0.999904,0,0.79034,-0.34802,47.420,-0.696,-1,375.000,-1,375.000,-1,300.000,325.000,300.000,300.000,-1,-1,-1,-1,675.000,725.000,-1,-1,2,0,2,0,2,0,0,0,0,2,2,2,2,0,0,2,2
120,3216.606,-10404.755,-162.068,-88.463,0.026808,0.999551,0.013406,-0.999640,0.026816,-0.000424,-0.000784,-0.013390,0.999910,0,0.79034,-0.34802,47.420,-0.696,-1,375.000,-1,375.000,-1,300.000,300.000,300.000,300.000,-1,-1,-1,-1,675.000,700.000,-1,-1,2,0,2,0,2,0,0,0,0,2,2,2,2,0,0,2,2
121,3217.521,-10453.288,-162.009,-88.919,0.018847,0.999739,0.012938,-0.999822,0.018859,-0.000830,-0.001074,-0.012920,0.999916,0,0.80903,-0.22802,48.542,-0.456,-1,375.000,-1,375.000,-1,300.000,300.000,300.000,300.000,-1,-1,-1,-1,675.000,700.000,-1,-1,2,0,2,0,2,0,0,0,0,2,2,2,2,0,0,2,2
122,3218.254,-10501.824,-161.944,-89.135,0.015076,0.999807,0.012590,-0.999886,0.015090,-0.000980,-0.001170,-0.012574,0.999920,0,0.80903,-0.10802,48.542,-0.216,-1,375.000,-1,375.000,-1,300.000,300.000,300.000,300.000,-1,-1,-1,-1,650.000,700.000,-1,-1,2,0,2,0,2,0,0,0,0,2,2,2,2,0,0,2,2
123,3219.007,-10550.360,-161.449,-89.111,0.015516,0.999808,0.011956,-0.999879,0.015508,0.000790,0.000604,-0.011967,0.999928,0,0.80903,0.01198,48.542,0.024,-1,375.000,-1,375.000,-1,300.000,300.000,300.000,300.000,-1,-1,-1,-1,675.000,700.000,-1,-1,2,0,2,0,2,0,0,0,0,2,2,2,2,0,0,2,2
124,3219.983,-10598.892,-160.955,-88.847,0.020142,0.999733,0.011352,-0.999794,0.020114,0.002562,0.002333,-0.011401,0.999932,0,0.80903,0.13198,48.542,0.264,-1,375.000,-1,375.000,-1,300.000,300.000,300.000,300.000,-1,-1,-1,-1,650.000,700.000,-1,-1,2,0,2,0,2,0,0,0,0,2,2,2,2,0,0,2,2
125,3221.386,-10647.413,-160.462,-88.343,0.028952,0.999523,0.010759,-0.999573,0.028907,0.004335,0.004022,-0.010879,0.999933,0,0.80903,0.25198,48.542,0.504,-1,375.000,-1,375.000,-1,300.000,300.000,300.000,300.000,-1,-1,-1,-1,650.000,700.000,-1,-1,2,0,2,0,2,0,0,0,0,2,2,2,2,0,0,2,2
126,3223.419,-10695.913,-159.973,-87.599,0.041943,0.999068,0.010156,-0.999104,0.041882,0.006112,0.005681,-0.010403,0.999930,0,0.80903,0.37198,48.542,0.744,-1,375.000,-1,375.000,-1,300.000,300.000,300.000,300.000,-1,-1,-1,-1,650.000,700.000,-1,-1,2,0,2,0,2,0,0,0,0,2,2,2,2,0,0,2,2
127,3226.285,-10744.370,-159.489,-86.616,0.059107,0.998206,0.009522,-0.998225,0.059033,0.007895,0.007318,-0.009971,0.999924,0,0.80903,0.49198,48.542,0.984,-1,375.000,-1,375.000,-1,300.000,300.000,300.000,325.000,-1,-1,-1,-1,650.000,675.000,-1,-1,2,0,2,0,2,0,0,0,0,2,2,2,2,0,0,2,2
128,3230.185,-10792.754,-159.009,-85.392,0.080428,0.996721,0.008836,-0.996720,0.080342,0.009683,0.008942,-0.009586,0.999914,0,0.80903,0.61198,48.542,1.224,-1,375.000,-1,375.000,-1,300.000,300.000,325.000,300.000,-1,-1,-1,-1,650.000,675.000,-1,-1,2,0,2,0,2,0,0,0,0,2,2,2,2,0,0,2,2
129,3235.320,-10841.024,-158.535,-83.928,0.105876,0.994346,0.008079,-0.994323,0.105781,0.011477,0.010558,-0.009249,0.999901,0,0.80903,0.73198,48.542,1.464,-1,375.000,-1,375.000,-1,300.000,325.000,325.000,300.000,-1,-1,875.000,-1,650.000,675.000,-1,-1,2,0,2,0,2,0,0,0,0,2,2,0,2,0,0,2,2
130,3241.888,-10889.119,-158.068,-82.224,0.135405,0.990764,0.007231,-0.990716,0.135302,0.013274,0.012173,-0.008962,0.999886,0,0.80903,0.85198,48.542,1.704,-1,375.000,-1,375.000,-1,300.000,325.000,325.000,300.000,-1,800.000,700.000,-1,650.000,675.000,-1,-1,2,0,2,0,2,0,0,0,0,2,0,0,2,0,0,2,2
131,3250.083,-10936.964,-157.608,-80.280,0.168942,0.985606,0.006274,-0.985530,0.168833,0.015067,0.013791,-0.008729,0.999867,0,0.80903,0.97198,48.542,1.944,-1,375.000,-1,375.000,-1,300.000,300.000,325.000,300.000,-1,650.000,575.000,-1,650.000,650.000,-1,-1,2,0,2,0,2,0,0,0,0,2,0,0,2,0,0,2,2
132,3259.944,-10984.494,-157.154,-78.280,0.203239,0.979115,0.005205,-0.979007,0.203127,0.016855,0.015446,-0.008522,0.999844,0,0.80903,1.00000,48.542,2.000,-1,375.000,-1,375.000,-1,300.000,300.000,325.000,300.000,-1,525.000,500.000,-1,650.000,650.000,-1,-1,2,0,2,0,2,0,0,0,0,2,0,0,2,0,0,2,2
133,3271.457,-11031.650,-156.705,-76.280,0.237287,0.971431,0.004034,-0.971288,0.237175,0.018630,0.017141,-0.008339,0.999818,0,0.80903,1.00000,48.542,2.000,-1,375.000,-1,375.000,-1,300.000,300.000,325.000,300.000,-1,475.000,450.000,-1,650.000,650.000,-1,-1,2,0,2,0,2,0,0,0,0,2,0,0,2,0,0,2,2
134,3284.609,-11078.376,-156.187,-74.280,0.271048,0.962561,0.003146,-0.962386,0.270932,0.020225,0.018615,-0.008510,0.999791,0,0.80903,1.00000,48.542,2.000,-1,375.000,-1,350.000,-1,300.000,300.000,325.000,300.000,-1,450.000,425.000,-1,650.000,650.000,-1,-1,2,0,2,0,2,0,0,0,0,2,0,0,2,0,0,2,2
