timestep,x_cm,y_cm,z_cm,yaw_deg,basis_xx,basis_xy,basis_xz,basis_yx,basis_yy,basis_yz,basis_zx,basis_zy,basis_zz,teleport_flag,throttle_cmd,steering_cmd,cmd_move_cm,cmd_turn_deg,lidar_cm_0,lidar_cm_1,lidar_cm_2,lidar_cm_3,lidar_cm_4,lidar_cm_5,lidar_cm_6,lidar_cm_7,lidar_cm_8,lidar_cm_9,lidar_cm_10,lidar_cm_11,lidar_cm_12,lidar_cm_13,lidar_cm_14,lidar_cm_15,lidar_cm_16,lidar_class_0,lidar_class_1,lidar_class_2,lidar_class_3,lidar_class_4,lidar_class_5,lidar_class_6,lidar_class_7,lidar_class_8,lidar_class_9,lidar_class_10,lidar_class_11,lidar_class_12,lidar_class_13,lidar_class_14,lidar_class_15,lidar_class_16
0,8859.882,-2951.923,-356.968,-2.964,0.997951,0.051591,0.037845,-0.048932,0.996478,-0.068093,-0.041225,0.066101,0.996961,1,0.08000,-0.12000,4.800,-0.240,-1,375.000,-1,325.000,525.000,300.000,275.000,475.000,250.000,275.000,-1,-1,-1,600.000,525.000,-1,550.000,2,0,2,0,0,0,0,0,0,1,2,2,2,0,0,2,0
1,8869.464,-2952.500,-357.416,-3.444,0.997571,0.059944,0.035472,-0.057497,0.996135,-0.066397,-0.039315,0.064196,0.997163,0,0.16000,-0.24000,9.600,-0.480,-1,375.000,-1,325.000,550.000,300.000,275.000,450.000,250.000,275.000,-1,-1,-1,625.000,525.000,-1,575.000,2,0,2,0,0,0,0,0,0,1,2,2,2,0,0,2,0
2,8883.828,-2953.518,-358.112,-4.045,0.997004,0.070405,0.032040,-0.068266,0.995639,-0.063576,-0.036377,0.061198,0.997463,0,0.24000,-0.30056,14.400,-0.601,-1,375.000,-1,325.000,575.000,300.000,275.000,450.000,250.000,275.000,375.000,-1,-1,625.000,525.000,-1,600.000,2,0,2,0,0,0,0,0,0,1,1,2,2,0,0,2,0
3,8902.965,-2955.076,-359.066,-4.650,0.996335,0.080929,0.027708,-0.079174,0.995086,-0.059451,-0.032383,0.057039,0.997847,0,0.32000,-0.30234,19.200,-0.605,-1,375.000,-1,325.000,625.000,300.000,275.000,450.000,250.000,300.000,325.000,-1,-1,625.000,525.000,-1,650.000,2,0,2,0,0,0,0,0,0,1,1,2,2,0,0,2,0
4,8926.863,-2957.279,-360.280,-5.259,0.995547,0.091536,0.022519,-0.090215,0.994458,-0.053982,-0.027335,0.051710,0.998288,0,0.40000,-0.30476,24.000,-0.610,-1,375.000,-1,325.000,675.000,300.000,300.000,425.000,275.000,300.000,275.000,-1,-1,625.000,550.000,-1,725.000,2,0,2,0,0,0,0,0,0,1,1,2,2,0,0,2,0
5,8955.511,-2960.229,-361.752,-5.875,0.994621,0.102249,0.016532,-0.101374,0.993730,-0.047156,-0.021250,0.045226,0.998751,0,0.48000,-0.30784,28.800,-0.616,-1,375.000,-1,350.000,775.000,300.000,300.000,400.000,275.000,325.000,250.000,-1,-1,625.000,575.000,-1,825.000,2,0,2,0,0,0,0,0,0,1,1,2,2,0,0,2,0
6,8988.895,-2964.034,-363.474,-6.498,0.993536,0.113088,0.009827,-0.112626,0.992872,-0.038984,-0.014166,0.037625,0.999192,0,0.56000,-0.31161,33.600,-0.623,-1,375.000,-1,350.000,950.000,300.000,300.000,375.000,275.000,325.000,200.000,-1,-1,625.000,600.000,-1,975.000,2,0,2,0,0,0,0,0,0,1,1,2,2,0,0,2,0
7,9026.997,-2968.803,-365.433,-7.130,0.992270,0.124072,0.002505,-0.123945,0.991850,-0.029515,-0.006146,0.028976,0.999561,0,0.64000,-0.31610,38.400,-0.632,-1,375.000,-1,350.000,-1,300.000,300.000,350.000,275.000,350.000,175.000,775.000,-1,625.000,625.000,-1,-1,2,0,2,0,2,0,0,0,0,1,1,1,2,0,0,2,2
8,9069.800,-2974.648,-367.607,-7.773,0.990801,0.135220,-0.005312,-0.135297,0.990626,-0.018833,0.002716,0.019378,0.999809,0,0.72000,-0.32133,43.200,-0.643,-1,375.000,-1,375.000,-1,300.000,300.000,325.000,275.000,375.000,150.000,525.000,-1,650.000,650.000,-1,-1,2,0,2,0,2,0,0,0,0,1,1,1,2,0,0,2,2
9,9114.675,-2981.299,-369.849,-8.427,0.989117,0.146551,-0.013071,-0.146658,0.989158,-0.007663,0.011806,0.009497,0.999885,0,0.75608,-0.32733,45.365,-0.655,-1,375.000,-1,375.000,-1,300.000,300.000,300.000,300.000,400.000,125.000,425.000,-1,650.000,700.000,-1,-1,2,0,2,0,2,0,0,0,0,1,1,1,2,0,0,2,2
10,9159.613,-2988.493,-370.212,-9.095,0.987296,0.158067,-0.016194,-0.158162,0.987402,-0.004772,0.015236,0.007273,0.999857,0,0.75849,-0.33374,45.509,-0.667,-1,375.000,-1,375.000,-1,300.000,300.000,300.000,300.000,450.000,150.000,400.000,-1,650.000,700.000,-1,-1,2,0,2,0,2,0,0,0,0,1,1,1,2,0,0,2,2
11,9204.630,-2996.248,-369.372,-9.776,0.985324,0.169780,-0.017629,-0.169926,0.985431,-0.007098,0.016167,0.009990,0.999819,0,0.76134,-0.34029,45.680,-0.681,-1,375.000,-1,375.000,-1,300.000,300.000,300.000,300.000,525.000,175.000,425.000,-1,650.000,700.000,-1,-1,2,0,2,0,2,0,0,0,0,1,1,1,2,0,0,2,2
12,9249.742,-3004.584,-368.321,-10.469,0.983172,0.181698,-0.018948,-0.181883,0.983283,-0.008554,0.017077,0.011857,0.999784,0,0.76460,-0.34695,45.876,-0.694,-1,375.000,-1,375.000,-1,300.000,300.000,300.000,300.000,600.000,225.000,425.000,-1,650.000,700.000,-1,-1,2,0,2,0,2,0,0,0,0,1,1,1,2,0,0,2,2
13,9294.961,-3013.518,-367.035,-11.177,0.980818,0.193822,-0.020696,-0.194037,0.980954,-0.008923,0.018573,0.012767,0.999746,0,0.76822,-0.35372,46.093,-0.707,-1,375.000,-1,375.000,-1,300.000,300.000,300.000,300.000,675.000,275.000,425.000,-1,650.000,700.000,-1,-1,2,0,2,0,2,0,0,0,0,1,1,1,2,0,0,2,2
14,9340.296,-3023.070,-365.767,-11.898,0.978263,0.206152,-0.022429,-0.206398,0.978425,-0.009230,0.020042,0.013659,0.999706,0,0.77217,-0.36061,46.330,-0.721,-1,375.000,-1,375.000,-1,300.000,300.000,300.000,300.000,775.000,300.000,450.000,-1,650.000,700.000,-1,-1,2,0,2,0,2,0,0,0,0,1,1,1,2,0,0,2,2
15,9385.754,-3033.259,-364.518,-12.633,0.975496,0.218687,-0.024146,-0.218964,0.975687,-0.009474,0.021487,0.014529,0.999664,0,0.77642,-0.36760,46.585,-0.735,-1,375.000,-1,375.000,-1,300.000,325.000,300.000,300.000,850.000,350.000,475.000,-1,675.000,725.000,-1,-1,2,0,2,0,2,0,0,0,0,1,1,1,2,0,0,2,2
16,9431.339,-3044.104,-363.292,-13.383,0.972509,0.231426,-0.025846,-0.231735,0.972731,-0.009654,0.022907,0.015378,0.999619,0,0.78095,-0.37469,46.857,-0.749,-1,375.000,-1,375.000,-1,300.000,325.000,300.000,300.000,950.000,375.000,475.000,-1,675.000,725.000,-1,-1,2,0,2,0,2,0,0,0,0,1,1,1,2,0,0,2,2
17,9477.053,-3055.625,-362.089,-14.146,0.969292,0.244369,-0.027528,-0.244711,0.969547,-0.009767,0.024303,0.016203,0.999573,0,0.78573,-0.38189,47.144,-0.764,-1,375.000,-1,375.000,-1,300.000,325.000,300.000,300.000,-1,425.000,500.000,-1,675.000,725.000,-1,-1,2,0,2,0,2,0,0,0,0,2,1,1,2,0,0,2,2
18,9522.897,-3067.844,-360.912,-14.925,0.965834,0.257514,-0.029191,-0.257888,0.966125,-0.009811,0.025676,0.017004,0.999526,0,0.79074,-0.38918,47.444,-0.778,-1,375.000,-1,400.000,-1,325.000,325.000,300.000,300.000,-1,475.000,525.000,-1,675.000,725.000,-1,-1,2,0,2,0,2,0,0,0,0,2,1,1,2,0,0,2,2
19,9568.869,-3080.782,-359.763,-15.718,0.962125,0.270859,-0.030833,-0.271265,0.962455,-0.009784,0.027025,0.017777,0.999477,0,0.79596,-0.39657,47.758,-0.793,-1,375.000,-1,400.000,-1,325.000,325.000,300.000,300.000,-1,500.000,550.000,-1,675.000,725.000,-1,-1,2,0,2,0,2,0,0,0,0,2,1,1,2,0,0,2,2
20,9614.965,-3094.459,-358.644,-16.526,0.958156,0.284402,-0.032452,-0.284840,0.958526,-0.009684,0.028352,0.018522,0.999426,0,0.80137,-0.40405,48.082,-0.808,-1,375.000,-1,400.000,-1,325.000,325.000,300.000,300.000,-1,550.000,550.000,-1,675.000,725.000,-1,-1,2,0,2,0,2,0,0,0,0,2,1,1,2,0,0,2,2
21,9661.181,-3108.897,-357.560,-17.349,0.953915,0.298140,-0.034047,-0.298609,0.954328,-0.009508,0.029657,0.019237,0.999375,0,0.80697,-0.41161,48.418,-0.823,-1,375.000,-1,400.000,-1,300.000,325.000,300.000,300.000,-1,600.000,575.000,-1,675.000,725.000,-1,-1,2,0,2,0,2,0,0,0,0,2,1,1,2,0,0,2,2
22,9707.509,-3124.117,-356.447,-18.188,0.949381,0.312069,-0.035899,-0.312578,0.949845,-0.009440,0.031152,0.020184,0.999311,0,0.81273,-0.41927,48.764,-0.839,-1,375.000,-1,400.000,-1,300.000,325.000,300.000,300.000,-1,625.000,600.000,-1,675.000,725.000,-1,-1,2,0,2,0,2,0,0,0,0,2,1,1,2,0,0,2,2
23,9753.940,-3140.142,-355.171,-19.042,0.944565,0.326180,-0.037464,-0.326754,0.945054,-0.010237,0.032067,0.021911,0.999246,0,0.81865,-0.42701,49.119,-0.854,-1,375.000,-1,400.000,-1,300.000,325.000,300.000,300.000,-1,675.000,650.000,-1,675.000,725.000,-1,-1,2,0,2,0,2,0,0,0,0,2,1,1,2,0,0,2,2
24,9800.465,-3156.993,-353.635,-19.911,0.939431,0.340463,-0.039421,-0.341152,0.939930,-0.012119,0.032927,0.024834,0.999149,0,0.82471,-0.43484,49.483,-0.870,-1,375.000,-1,400.000,-1,300.000,325.000,300.000,300.000,-1,725.000,675.000,-1,675.000,725.000,-1,-1,2,0,2,0,2,0,0,0,0,2,1,1,2,0,0,2,2
25,9847.072,-3174.693,-352.054,-20.797,0.933963,0.354918,-0.041789,-0.355746,0.934475,-0.014158,0.034026,0.028090,0.999026,0,0.83090,-0.44275,49.854,-0.886,-1,375.000,-1,400.000,-1,300.000,325.000,300.000,300.000,-1,725.000,625.000,-1,700.000,725.000,-1,-1,2,0,2,0,2,0,0,0,0,2,0,0,2,0,0,2,2
26,9893.746,-3193.264,-350.512,-21.698,0.928163,0.369540,-0.044201,-0.370516,0.928686,-0.016120,0.035092,0.031339,0.998893,0,0.83721,-0.45074,50.233,-0.901,-1,375.000,-1,400.000,-1,300.000,325.000,300.000,300.000,-1,700.000,600.000,-1,700.000,725.000,-1,-1,2,0,2,0,2,0,0,0,0,2,0,0,2,0,0,2,2
27,9940.472,-3212.728,-348.679,-22.616,0.922080,0.384341,-0.045283,-0.385400,0.922589,-0.017243,0.035150,0.033352,0.998825,0,0.84363,-0.45881,50.618,-0.918,-1,375.000,-1,375.000,-1,300.000,325.000,300.000,300.000,-1,725.000,650.000,-1,700.000,725.000,-1,-1,2,0,2,0,2,0,0,0,0,2,0,0,2,0,0,2,2
28,9987.233,-3233.108,-346.727,-23.550,0.915645,0.399308,-0.046338,-0.400427,0.916158,-0.017682,0.035393,0.034746,0.998769,0,0.85016,-0.46696,51.009,-0.934,-1,375.000,-1,375.000,-1,300.000,325.000,300.000,300.000,-1,775.000,675.000,-1,700.000,750.000,-1,-1,2,0,2,0,2,0,0,0,0,2,0,0,2,0,0,2,2
29,10034.011,-3254.426,-344.692,-24.500,0.908837,0.414436,-0.047528,-0.415598,0.909381,-0.017480,0.035976,0.035639,0.998717,0,0.85678,-0.47518,51.407,-0.950,-1,375.000,-1,400.000,-1,325.000,325.000,300.000,300.000,-1,775.000,700.000,-1,700.000,750.000,-1,-1,2,0,2,0,2,0,0,0,0,2,0,0,2,0,0,2,2
30,10076.179,-3274.278,-342.864,-25.211,0.903573,0.425670,-0.048598,-0.426863,0.904154,-0.017099,0.036662,0.036195,0.998672,0,0.77678,-0.35518,46.607,-0.710,-1,375.000,-1,400.000,-1,325.000,325.000,300.000,300.000,-1,775.000,700.000,-1,725.000,750.000,-1,-1,2,0,2,0,2,0,0,0,0,2,0,0,2,0,0,2,2
31,10113.856,-3292.395,-341.257,-25.681,0.899997,0.433072,-0.049530,-0.434291,0.900618,-0.016717,0.037368,0.036556,0.998633,0,0.69678,-0.23518,41.807,-0.470,-1,375.000,-1,400.000,-1,325.000,325.000,300.000,300.000,-1,800.000,725.000,-1,725.000,750.000,-1,-1,2,0,2,0,2,0,0,0,0,2,0,0,2,0,0,2,2
32,10149.314,-3309.621,-339.764,-25.911,0.898201,0.436687,-0.050394,-0.437925,0.898863,-0.016333,0.038165,0.036739,0.998596,0,0.65701,-0.11518,39.421,-0.230,-1,375.000,-1,400.000,-1,325.000,325.000,300.000,300.000,-1,800.000,725.000,-1,725.000,775.000,-1,-1,2,0,2,0,2,0,0,0,0,2,0,0,2,0,0,2,2
33,10184.992,-3327.103,-338.282,-26.105,0.896673,0.439715,-0.051260,-0.440972,0.897379,-0.015941,0.038990,0.036898,0.998558,0,0.66218,-0.09668,39.731,-0.193,-1,375.000,-1,400.000,-1,325.000,325.000,300.000,300.000,-1,800.000,725.000,-1,725.000,775.000,-1,-1,2,0,2,0,2,0,0,0,0,2,0,0,2,0,0,2,2
34,10220.625,-3344.713,-336.789,-26.299,0.895133,0.442746,-0.052081,-0.444028,0.895875,-0.015727,0.039695,0.037204,0.998519,0,0.66245,-0.09701,39.747,-0.194,-1,375.000,-1,400.000,-1,325.000,325.000,300.000,300.000,-1,800.000,750.000,-1,725.000,775.000,-1,-1,2,0,2,0,2,0,0,0,0,2,0,0,2,0,0,2,2
35,10256.198,-3362.443,-335.291,-26.493,0.893585,0.445770,-0.052867,-0.447081,0.894356,-0.015661,0.040301,0.037630,0.998479,0,0.66245,-0.09701,39.747,-0.194,-1,375.000,-1,400.000,-1,325.000,325.000,300.000,300.000,-1,800.000,750.000,-1,725.000,775.000,-1,-1,2,0,2,0,2,0,0,0,0,2,0,0,2,0,0,2,2
36,10291.711,-3380.294,-333.819,-26.687,0.892026,0.448789,-0.053652,-0.450129,0.892827,-0.015587,0.040907,0.038054,0.998438,0,0.66245,-0.09701,39.747,-0.194,-1,400.000,-1,400.000,-1,325.000,325.000,300.000,300.000,-1,825.000,775.000,-1,750.000,775.000,-1,-1,2,0,2,0,2,0,0,0,0,2,0,0,2,0,0,2,2
37,10327.164,-3398.265,-332.374,-26.881,0.890456,0.451802,-0.054436,-0.453172,0.891288,-0.015504,0.041513,0.038475,0.998397,0,0.66245,-0.09701,39.747,-0.194,-1,400.000,-1,400.000,-1,325.000,325.000,300.000,300.000,-1,825.000,775.000,-1,750.000,800.000,-1,-1,2,0,2,0,2,0,0,0,0,2,0,0,2,0,0,2,2
38,10362.555,-3416.355,-330.796,-27.075,0.888891,0.454799,-0.055053,-0.456226,0.889716,-0.016223,0.041603,0.039538,0.998352,0,0.66245,-0.09701,39.747,-0.194,-1,400.000,-1,400.000,-1,325.000,325.000,300.000,300.000,-1,850.000,825.000,-1,750.000,800.000,-1,-1,2,0,2,0,2,0,0,0,0,2,0,0,2,0,0,2,2
39,10397.885,-3434.566,-329.229,-27.269,0.887317,0.457788,-0.055658,-0.459275,0.888131,-0.017017,0.041642,0.040662,0.998305,0,0.66245,-0.09701,39.747,-0.194,-1,400.000,-1,400.000,-1,325.000,325.000,300.000,300.000,-1,900.000,850.000,-1,750.000,800.000,-1,-1,2,0,2,0,2,0,0,0,0,2,0,0,2,0,0,2,2
40,10433.154,-3452.895,-327.672,-27.463,0.885729,0.460770,-0.056344,-0.462323,0.886532,-0.017842,0.041729,0.041852,0.998252,0,0.66245,-0.09701,39.747,-0.194,-1,400.000,-1,400.000,-1,325.000,325.000,300.000,300.000,-1,925.000,875.000,-1,750.000,800.000,-1,-1,2,0,2,0,2,0,0,0,0,2,0,0,2,0,0,2,2
41,10468.360,-3471.344,-326.132,-27.657,0.884128,0.463745,-0.057077,-0.465367,0.884921,-0.018685,0.041843,0.043082,0.998195,0,0.66245,-0.09701,39.747,-0.194,-1,400.000,-1,400.000,-1,325.000,325.000,300.000,300.000,-1,950.000,900.000,-1,750.000,800.000,-1,-1,2,0,2,0,2,0,0,0,0,2,0,0,2,0,0,2,2
42,10503.503,-3489.912,-324.617,-27.851,0.882517,0.466714,-0.057817,-0.468406,0.883297,-0.019528,0.041956,0.044316,0.998136,0,0.66245,-0.09701,39.747,-0.194,-1,400.000,-1,400.000,-1,325.000,325.000,300.000,300.000,-1,1000.000,925.000,-1,775.000,800.000,-1,-1,2,0,2,0,2,0,0,0,0,2,0,0,2,0,0,2,2
43,10538.583,-3508.599,-323.129,-28.045,0.880894,0.469676,-0.058566,-0.471440,0.881663,-0.020370,0.042068,0.045554,0.998076,0,0.66245,-0.09701,39.747,-0.194,-1,400.000,-1,400.000,-1,325.000,325.000,300.000,300.000,-1,-1,950.000,-1,775.000,800.000,-1,-1,2,0,2,0,2,0,0,0,0,2,2,0,2,0,0,2,2
44,10573.600,-3527.405,-321.614,-28.239,0.879274,0.472636,-0.059099,-0.474458,0.880025,-0.021115,0.042029,0.046606,0.998029,0,0.66245,-0.09701,39.747,-0.194,-1,400.000,-1,400.000,-1,325.000,325.000,300.000,300.000,-1,-1,975.000,-1,775.000,800.000,-1,-1,2,0,2,0,2,0,0,0,0,2,2,0,2,0,0,2,2
45,10608.553,-3546.329,-319.968,-28.433,0.877682,0.475602,-0.058964,-0.477440,0.878399,-0.021575,0.041533,0.047088,0.998027,0,0.66245,-0.09701,39.747,-0.194,-1,400.000,-1,400.000,-1,325.000,325.000,300.000,300.000,-1,-1,-1,-1,775.000,800.000,-1,-1,2,0,2,0,2,0,0,0,0,2,2,2,2,0,0,2,2
46,10643.441,-3565.372,-318.322,-28.627,0.876087,0.478565,-0.058720,-0.480411,0.876768,-0.021992,0.040959,0.047477,0.998032,0,0.66245,-0.09701,39.747,-0.194,-1,400.000,-1,400.000,-1,325.000,325.000,300.000,300.000,-1,-1,-1,-1,775.000,800.000,-1,-1,2,0,2,0,2,0,0,0,0,2,2,2,2,0,0,2,2
47,10678.264,-3584.533,-316.678,-28.821,0.874478,0.481524,-0.058499,-0.483375,0.875129,-0.022304,0.040454,0.047781,0.998038,0,0.66245,-0.09701,39.747,-0.194,-1,400.000,-1,400.000,-1,325.000,325.000,300.000,300.000,-1,-1,-1,-1,800.000,775.000,-1,-1,2,0,2,0,2,0,0,0,0,2,2,2,2,0,0,2,2
48,10713.023,-3603.811,-315.048,-29.015,0.872859,0.484479,-0.058291,-0.486332,0.873483,-0.022562,0.039985,0.048042,0.998045,0,0.66245,-0.09701,39.747,-0.194,-1,400.000,-1,400.000,-1,325.000,325.000,300.000,300.000,-1,-1,-1,-1,800.000,775.000,-1,-1,2,0,2,0,2,0,0,0,0,2,2,2,2,0,0,2,2
49,10747.716,-3623.208,-313.443,-29.209,0.871229,0.487427,-0.058086,-0.489283,0.871826,-0.022822,0.039517,0.048303,0.998051,0,0.66245,-0.09701,39.747,-0.194,-1,400.000,-1,400.000,-1,325.000,325.000,300.000,300.000,-1,-1,-1,-1,800.000,775.000,-1,-1,2,0,2,0,2,0,0,0,0,2,2,2,2,0,0,2,2
50,10782.343,-3642.721,-311.864,-29.403,0.869590,0.490371,-0.057885,-0.492229,0.870160,-0.023084,0.039049,0.048566,0.998056,0,0.66245,-0.09701,39.747,-0.194,-1,400.000,-1,400.000,-1,325.000,325.000,300.000,300.000,-1,-1,-1,-1,800.000,800.000,-1,-1,2,0,2,0,2,0,0,0,0,2,2,2,2,0,0,2,2
51,10816.904,-3662.352,-310.311,-29.597,0.867940,0.493308,-0.057687,-0.495168,0.868483,-0.023349,0.038582,0.048830,0.998062,0,0.66245,-0.09701,39.747,-0.194,-1,400.000,-1,400.000,-1,325.000,325.000,300.000,300.000,-1,-1,-1,-1,800.000,800.000,-1,-1,2,0,2,0,2,0,0,0,0,2,2,2,2,0,0,2,2
52,10851.398,-3682.100,-308.783,-29.791,0.866280,0.496239,-0.057498,-0.498103,0.866796,-0.023618,0.038119,0.049100,0.998066,0,0.66245,-0.09701,39.747,-0.194,-1,400.000,-1,400.000,-1,325.000,325.000,300.000,300.000,-1,-1,-1,-1,800.000,800.000,-1,-1,2,0,2,0,2,0,0,0,0,2,2,2,2,0,0,2,2
53,10885.825,-3701.964,-307.267,-29.985,0.864606,0.499163,-0.057381,-0.501034,0.865097,-0.023917,0.037702,0.049429,0.998066,0,0.66245,-0.09701,39.747,-0.194,-1,400.000,-1,400.000,-1,325.000,325.000,300.000,300.000,-1,-1,-1,-1,800.000,800.000,-1,-1,2,0,2,0,2,0,0,0,0,2,2,2,2,0,0,2,2
54,10920.185,-3721.945,-305.779,-30.179,0.862922,0.502082,-0.057263,-0.503960,0.863388,-0.024215,0.037282,0.049754,0.998065,0,0.66245,-0.09701,39.747,-0.194,-1,400.000,-1,400.000,-1,325.000,325.000,300.000,300.000,-1,-1,-1,-1,800.000,800.000,-1,-1,2,0,2,0,2,0,0,0,0,2,2,2,2,0,0,2,2
55,10954.477,-3742.042,-304.318,-30.373,0.861229,0.504994,-0.057144,-0.506879,0.861669,-0.024514,0.036860,0.050077,0.998065,0,0.66245,-0.09701,39.747,-0.194,-1,400.000,-1,400.000,-1,325.000,325.000,300.000,300.000,-1,-1,-1,-1,800.000,800.000,-1,-1,2,0,2,0,2,0,0,0,0,2,2,2,2,0,0,2,2
56,10988.700,-3762.255,-302.865,-30.567,0.859528,0.507899,-0.057011,-0.509793,0.859937,-0.024910,0.036374,0.050475,0.998063,0,0.66245,-0.09701,39.747,-0.194,-1,400.000,-1,400.000,-1,325.000,325.000,300.000,300.000,-1,-1,-1,-1,825.000,800.000,-1,-1,2,0,2,0,2,0,0,0,0,2,2,2,2,0,0,2,2
57,11022.855,-3782.584,-301.434,-30.761,0.857818,0.510797,-0.056872,-0.512701,0.858193,-0.025339,0.035864,0.050895,0.998060,0,0.66245,-0.09701,39.747,-0.194,-1,400.000,-1,400.000,-1,325.000,325.000,300.000,300.000,-1,-1,-1,-1,825.000,800.000,-1,-1,2,0,2,0,2,0,0,0,0,2,2,2,2,0,0,2,2
58,11061.153,-3805.337,-299.851,-30.715,0.858243,0.510100,-0.056717,-0.512013,0.858590,-0.025820,0.035526,0.051199,0.998056,0,0.74245,0.02299,44.547,0.046,-1,400.000,-1,400.000,-1,325.000,325.000,300.000,300.000,-1,-1,-1,-1,825.000,800.000,-1,-1,2,0,2,0,2,0,0,0,0,2,2,2,2,0,0,2,2
59,11102.851,-3829.830,-298.271,-30.429,0.860824,0.505816,-0.055961,-0.507699,0.861139,-0.026122,0.034977,0.050898,0.998091,0,0.80598,0.14299,48.359,0.286,-1,400.000,-1,400.000,-1,325.000,325.000,300.000,300.000,-1,-1,-1,-1,825.000,800.000,-1,-1,2,0,2,0,2,0,0,0,0,2,2,2,2,0,0,2,2
60,11144.771,-3853.939,-296.694,-29.903,0.865474,0.497900,-0.055231,-0.499754,0.865764,-0.026431,0.034657,0.050477,0.998124,0,0.80598,0.26299,48.359,0.526,-1,400.000,-1,400.000,-1,325.000,325.000,300.000,300.000,-1,-1,-1,-1,825.000,800.000,-1,-1,2,0,2,0,2,0,0,0,0,2,2,2,2,0,0,2,2
61,11187.010,-3877.485,-295.111,-29.137,0.872091,0.486295,-0.054535,-0.488120,0.872366,-0.026744,0.034569,0.049943,0.998154,0,0.80598,0.38299,48.359,0.766,-1,400.000,-1,400.000,-1,325.000,325.000,300.000,300.000,-1,-1,-1,-1,825.000,800.000,-1,-1,2,0,2,0,2,0,0,0,0,2,2,2,2,0,0,2,2
62,11229.656,-3900.286,-293.484,-28.131,0.880530,0.470921,-0.053852,-0.472716,0.880803,-0.026959,0.034737,0.049194,0.998185,0,0.80598,0.50299,48.359,1.006,-1,400.000,-1,400.000,-1,325.000,325.000,300.000,300.000,-1,-1,-1,-1,850.000,800.000,-1,-1,2,0,2,0,2,0,0,0,0,2,2,2,2,0,0,2,2
63,11272.787,-3922.155,-291.757,-26.885,0.890599,0.451682,-0.053081,-0.453432,0.890884,-0.026936,0.035123,0.048058,0.998227,0,0.80598,0.62299,48.359,1.246,-1,400.000,-1,400.000,-1,325.000,325.000,300.000,300.000,-1,-1,-1,-1,850.000,800.000,-1,-1,2,0,2,0,2,0,0,0,0,2,2,2,2,0,0,2,2
64,11316.471,-3942.897,-290.054,-25.399,0.902052,0.428448,-0.052296,-0.430163,0.902342,-0.027197,0.035537,0.047029,0.998261,0,0.80598,0.74299,48.359,1.486,-1,400.000,-1,400.000,-1,325.000,325.000,300.000,300.000,-1,-1,-1,-1,850.000,800.000,-1,-1,2,0,2,0,2,0,0,0,0,2,2,2,2,0,0,2,2
65,11360.760,-3962.315,-288.372,-23.673,0.914590,0.401093,-0.051473,-0.402780,0.914876,-0.027752,0.035960,0.046114,0.998289,0,0.80598,0.86299,48.359,1.726,-1,400.000,-1,400.000,-1,325.000,325.000,300.000,300.000,-1,-1,-1,-1,850.000,800.000,-1,-1,2,0,2,0,2,0,0,0,0,2,2,2,2,0,0,2,2
66,11405.689,-3980.201,-286.638,-21.707,0.927853,0.369488,-0.050662,-0.371149,0.928141,-0.028335,0.036552,0.045094,0.998314,0,0.80598,0.98299,48.359,1.966,-1,400.000,-1,400.000,-1,325.000,325.000,300.000,300.000,-1,-1,-1,-1,850.000,800.000,-1,-1,2,0,2,0,2,0,0,0,0,2,2,2,2,0,0,2,2
67,11451.215,-3996.509,-284.836,-19.707,0.940226,0.336886,-0.049835,-0.338525,0.940511,-0.028997,0.037102,0.044134,0.998336,0,0.80598,1.00000,48.359,2.000,-1,400.000,-1,400.000,-1,325.000,325.000,300.000,300.000,-1,-1,-1,-1,850.000,800.000,-1,-1,2,0,2,0,2,0,0,0,0,2,2,2,2,0,0,2,2
68,11497.282,-4011.218,-282.982,-17.707,0.951452,0.303870,-0.049014,-0.305487,0.951734,-0.029647,0.037639,0.043181,0.998358,0,0.80598,1.00000,48.359,2.000,-1,400.000,-1,400.000,-1,325.000,325.000,300.000,300.000,-1,-1,-1,-1,850.000,825.000,-1,-1,2,0,2,0,2,0,0,0,0,2,2,2,2,0,0,2,2
69,11543.835,-4024.310,-281.076,-15.707,0.961518,0.270481,-0.048198,-0.272078,0.961799,-0.030284,0.038165,0.042232,0.998379,0,0.80598,1.00000,48.359,2.000,-1,400.000,-1,400.000,-1,325.000,325.000,300.000,300.000,-1,-1,-1,-1,850.000,825.000,-1,-1,2,0,2,0,2,0,0,0,0,2,2,2,2,0,0,2,2
70,11590.816,-4035.769,-279.119,-13.707,0.970412,0.236759,-0.047386,-0.238336,0.970691,-0.030903,0.038680,0.041282,0.998399,0,0.80598,1.00000,48.359,2.000,-1,400.000,-1,400.000,-1,325.000,325.000,300.000,300.000,-1,-1,-1,-1,850.000,825.000,-1,-1,2,0,2,0,2,0,0,0,0,2,2,2,2,0,0,2,2
71,11638.168,-4045.582,-277.109,-11.707,0.978123,0.202746,-0.046577,-0.204304,0.978401,-0.031502,0.039184,0.040329,0.998418,0,0.80598,1.00000,48.359,2.000,-1,400.000,-1,400.000,-1,325.000,325.000,300.000,300.000,-1,-1,-1,-1,875.000,825.000,-1,-1,2,0,2,0,2,0,0,0,0,2,2,2,2,0,0,2,2
72,11685.834,-4053.737,-275.047,-9.707,0.984641,0.168483,-0.045771,-0.170022,0.984918,-0.032078,0.039676,0.039368,0.998437,0,0.80598,1.00000,48.359,2.000,-1,400.000,-1,400.000,-1,325.000,325.000,300.000,300.000,-1,-1,-1,-1,875.000,825.000,-1,-1,2,0,2,0,2,0,0,0,0,2,2,2,2,0,0,2,2
73,11733.756,-4060.222,-272.932,-7.707,0.989959,0.134013,-0.044967,-0.135532,0.990236,-0.032628,0.040156,0.038395,0.998455,0,0.80598,1.00000,48.359,2.000,-1,425.000,-1,400.000,-1,325.000,325.000,300.000,300.000,-1,-1,-1,-1,875.000,825.000,-1,-1,2,0,2,0,2,0,0,0,0,2,2,2,2,0,0,2,2
74,11781.875,-4065.032,-270.759,-5.707,0.994071,0.099377,-0.044134,-0.100865,0.994357,-0.032865,0.040619,0.037122,0.998485,0,0.80598,1.00000,48.359,2.000,-1,425.000,-1,400.000,-1,325.000,325.000,300.000,300.000,-1,-1,-1,-1,875.000,850.000,-1,-1,2,0,2,0,2,0,0,0,0,2,2,2,2,0,0,2,2
75,11830.942,-4068.419,-268.874,-3.947,0.996713,0.068796,-0.042779,-0.070190,0.997020,-0.031993,0.040451,0.034891,0.998572,0,0.81973,0.88000,49.184,1.760,-1,425.000,-1,425.000,-1,325.000,325.000,300.000,300.000,-1,-1,-1,-1,875.000,850.000,-1,-1,2,0,2,0,2,0,0,0,0,2,2,2,2,0,0,2,2
76,11880.081,-4070.502,-267.311,-2.427,0.998261,0.042326,-0.041037,-0.043663,0.998526,-0.032246,0.039611,0.033982,0.998637,0,0.81973,0.76000,49.184,1.520,-1,425.000,-1,400.000,-1,325.000,325.000,300.000,300.000,-1,-1,-1,-1,875.000,850.000,-1,-1,2,0,2,0,2,0,0,0,0,2,2,2,2,0,0,2,2
77,11929.255,-4071.488,-265.724,-1.147,0.999027,0.020011,-0.039312,-0.021290,0.999248,-0.032408,0.038634,0.033213,0.998701,0,0.81973,0.64000,49.184,1.280,-1,400.000,-1,400.000,-1,325.000,325.000,300.000,300.000,-1,-1,-1,-1,875.000,825.000,-1,-1,2,0,2,0,2,0,0,0,0,2,2,2,2,0,0,2,2
78,11978.438,-4071.580,-264.118,-0.107,0.999291,0.001871,-0.037602,-0.003094,0.999467,-0.032495,0.037521,0.032588,0.998764,0,0.81973,0.52000,49.184,1.040,-1,400.000,-1,400.000,-1,325.000,325.000,300.000,300.000,-1,-1,-1,-1,875.000,825.000,-1,-1,2,0,2,0,2,0,0,0,0,2,2,2,2,0,0,2,2
79,12027.618,-4070.986,-262.497,0.693,0.999282,-0.012084,-0.035903,0.010917,0.999411,-0.032522,0.036275,0.032106,0.998826,0,0.81973,0.40000,49.184,0.800,-1,400.000,-1,400.000,-1,325.000,325.000,300.000,300.000,-1,-1,-1,-1,875.000,825.000,-1,-1,2,0,2,0,2,0,0,0,0,2,2,2,2,0,0,2,2
80,12076.790,-4069.911,-260.867,1.253,0.999176,-0.021852,-0.034212,0.020741,0.999256,-0.032505,0.034897,0.031768,0.998886,0,0.81973,0.28000,49.184,0.560,-1,400.000,-1,400.000,-1,325.000,325.000,300.000,300.000,-1,-1,-1,-1,850.000,825.000,-1,-1,2,0,2,0,2,0,0,0,0,2,2,2,2,0,0,2,2
81,12125.952,-4068.457,-259.229,1.694,0.999034,-0.029539,-0.032523,0.028483,0.999067,-0.032460,0.033452,0.031503,0.998944,0,0.81973,0.22039,49.184,0.441,-1,400.000,-1,400.000,-1,325.000,325.000,300.000,300.000,-1,-1,-1,-1,850.000,825.000,-1,-1,2,0,2,0,2,0,0,0,0,2,2,2,2,0,0,2,2
82,12175.102,-4066.626,-257.582,2.134,0.998831,-0.037224,-0.030834,0.036224,0.998819,-0.032394,0.032004,0.031239,0.998999,0,0.81973,0.22039,49.184,0.441,-1,400.000,-1,400.000,-1,325.000,325.000,300.000,300.000,-1,-1,-1,-1,850.000,800.000,-1,-1,2,0,2,0,2,0,0,0,0,2,2,2,2,0,0,2,2
83,12229.020,-4063.975,-255.757,2.815,0.998374,-0.049090,-0.028977,0.048150,0.998318,-0.032283,0.030513,0.030835,0.999059,0,0.89973,0.34039,53.984,0.681,-1,400.000,-1,400.000,-1,325.000,325.000,300.000,300.000,-1,-1,-1,-1,850.000,800.000,-1,-1,2,0,2,0,2,0,0,0,0,2,2,2,2,0,0,2,2
84,12284.076,-4060.380,-253.868,3.736,0.997510,-0.065128,-0.027077,0.064250,0.997417,-0.032108,0.029098,0.030289,0.999118,0,0.91956,0.46039,55.173,0.921,-1,400.000,-1,400.000,-1,325.000,325.000,300.000,300.000,-1,-1,-1,-1,850.000,800.000,-1,-1,2,0,2,0,2,0,0,0,0,2,2,2,2,0,0,2,2
85,12339.048,-4055.671,-251.953,4.897,0.996035,-0.085322,-0.025177,0.084506,0.995914,-0.031850,0.027791,0.029596,0.999176,0,0.91956,0.58039,55.173,1.161,-1,400.000,-1,400.000,-1,325.000,325.000,300.000,300.000,-1,-1,-1,-1,850.000,800.000,-1,-1,2,0,2,0,2,0,0,0,0,2,2,2,2,0,0,2,2
86,12393.888,-4049.619,-249.998,6.297,0.993698,-0.109645,-0.023299,0.108892,0.993555,-0.031467,0.026599,0.028732,0.999233,0,0.91956,0.70039,55.173,1.401,-1,400.000,-1,400.000,-1,325.000,325.000,300.000,300.000,-1,-1,-1,-1,850.000,800.000,-1,-1,2,0,2,0,2,0,0,0,0,2,2,2,2,0,0,2,2
87,12448.550,-4042.125,-248.173,7.807,0.990500,-0.135790,-0.021692,0.135074,0.990331,-0.031623,0.025777,0.028393,0.999264,0,0.91956,0.75500,55.173,1.510,-1,400.000,-1,400.000,-1,325.000,325.000,300.000,300.000,-1,-1,-1,-1,850.000,800.000,-1,-1,2,0,2,0,2,0,0,0,0,2,2,2,2,0,0,2,2
88,12502.995,-4033.192,-246.628,9.317,0.986610,-0.161838,-0.020232,0.161137,0.986398,-0.032477,0.025213,0.028782,0.999268,0,0.91956,0.75500,55.173,1.510,-1,400.000,-1,400.000,-1,325.000,325.000,300.000,300.000,-1,-1,-1,-1,850.000,800.000,-1,-1,2,0,2,0,2,0,0,0,0,2,2,2,2,0,0,2,2
89,12557.186,-4022.828,-245.406,10.827,0.982019,-0.187780,-0.019419,0.187109,0.981819,-0.031973,0.025069,0.027764,0.999300,0,0.91956,0.75500,55.173,1.510,-1,400.000,-1,400.000,-1,325.000,325.000,300.000,300.000,-1,-1,-1,-1,850.000,800.000,-1,-1,2,0,2,0,2,0,0,0,0,2,2,2,2,0,0,2,2
90,12611.085,-4011.039,-244.192,12.337,0.976747,-0.213593,-0.018511,0.212959,0.976560,-0.031303,0.024764,0.026633,0.999338,0,0.91956,0.75500,55.173,1.510,-1,400.000,-1,400.000,-1,325.000,325.000,300.000,300.000,-1,-1,-1,-1,850.000,800.000,-1,-1,2,0,2,0,2,0,0,0,0,2,2,2,2,0,0,2,2
91,12664.655,-3997.835,-242.960,13.847,0.970796,-0.239260,-0.017586,0.238662,0.970620,-0.030605,0.024392,0.025514,0.999377,0,0.91956,0.75500,55.173,1.510,-1,400.000,-1,400.000,-1,325.000,325.000,300.000,300.000,-1,-1,-1,-1,850.000,800.000,-1,-1,2,0,2,0,2,0,0,0,0,2,2,2,2,0,0,2,2
92,12717.858,-3983.223,-241.711,15.357,0.964170,-0.264761,-0.016642,0.264200,0.964005,-0.029875,0.023953,0.024407,0.999415,0,0.91956,0.75500,55.173,1.510,-1,400.000,-1,400.000,-1,325.000,325.000,300.000,300.000,-1,-1,-1,-1,825.000,800.000,-1,-1,2,0,2,0,2,0,0,0,0,2,2,2,2,0,0,2,2
93,12770.658,-3967.214,-240.448,16.867,0.956874,-0.290080,-0.015678,0.289556,0.956718,-0.029110,0.023443,0.023315,0.999453,0,0.91956,0.75500,55.173,1.510,-1,400.000,-1,400.000,-1,325.000,325.000,300.000,300.000,-1,-1,-1,-1,825.000,800.000,-1,-1,2,0,2,0,2,0,0,0,0,2,2,2,2,0,0,2,2
94,12823.018,-3949.820,-239.172,18.377,0.948912,-0.315198,-0.014698,0.314710,0.948765,-0.028323,0.022872,0.022251,0.999491,0,0.91956,0.75500,55.173,1.510,-1,400.000,-1,400.000,-1,325.000,325.000,300.000,300.000,-1,-1,-1,-1,825.000,800.000,-1,-1,2,0,2,0,2,0,0,0,0,2,2,2,2,0,0,2,2
95,12874.901,-3931.052,-237.886,19.887,0.940290,-0.340097,-0.013699,0.339646,0.940151,-0.027504,0.022233,0.021209,0.999528,0,0.91956,0.75500,55.173,1.510,-1,400.000,-1,400.000,-1,325.000,325.000,300.000,300.000,-1,-1,-1,-1,825.000,800.000,-1,-1,2,0,2,0,2,0,0,0,0,2,2,2,2,0,0,2,2
96,12926.271,-3910.923,-236.586,21.397,0.931015,-0.364761,-0.012669,0.364348,0.930883,-0.026609,0.021499,0.020158,0.999566,0,0.91956,0.75500,55.173,1.510,-1,400.000,-1,400.000,-1,325.000,325.000,300.000,300.000,-1,-1,-1,-1,825.000,800.000,-1,-1,2,0,2,0,2,0,0,0,0,2,2,2,2,0,0,2,2
97,12977.093,-3889.447,-235.277,22.907,0.921092,-0.389173,-0.011612,0.388797,0.920967,-0.025644,0.020675,0.019106,0.999604,0,0.91956,0.75500,55.173,1.510,-1,400.000,-1,400.000,-1,325.000,325.000,300.000,300.000,-1,-1,-1,-1,825.000,800.000,-1,-1,2,0,2,0,2,0,0,0,0,2,2,2,2,0,0,2,2
98,13027.332,-3866.640,-234.076,24.417,0.910527,-0.413311,-0.010665,0.412960,0.910402,-0.025128,0.020095,0.018476,0.999627,0,0.91956,0.75500,55.173,1.510,-1,400.000,-1,400.000,-1,325.000,325.000,300.000,300.000,-1,-1,-1,-1,825.000,800.000,-1,-1,2,0,2,0,2,0,0,0,0,2,2,2,2,0,0,2,2
99,13076.952,-3842.517,-232.947,25.927,0.899333,-0.437161,-0.009557,0.436833,0.899201,-0.024803,0.019436,0.018131,0.999647,0,0.91956,0.75500,55.173,1.510,-1,400.000,-1,400.000,-1,325.000,325.000,300.000,300.000,-1,-1,-1,-1,825.000,800.000,-1,-1,2,0,2,0,2,0,0,0,0,2,2,2,2,0,0,2,2
100,13125.919,-3817.094,-231.851,27.437,0.887514,-0.460706,-0.008297,0.460403,0.887372,-0.024499,0.018649,0.017923,0.999665,0,0.91956,0.75500,55.173,1.510,-1,400.000,-1,400.000,-1,325.000,325.000,300.000,300.000,-1,-1,-1,-1,825.000,800.000,-1,-1,2,0,2,0,2,0,0,0,0,2,2,2,2,0,0,2,2
101,13174.199,-3790.390,-230.765,28.947,0.875078,-0.483931,-0.007002,0.483654,0.874926,-0.024158,0.017817,0.017754,0.999684,0,0.91956,0.75500,55.173,1.510,-1,400.000,-1,400.000,-1,325.000,325.000,300.000,300.000,-1,-1,-1,-1,825.000,800.000,-1,-1,2,0,2,0,2,0,0,0,0,2,2,2,2,0,0,2,2
102,13221.759,-3762.422,-229.743,30.457,0.862031,-0.506822,-0.005934,0.506567,0.861875,-0.023682,0.017117,0.017409,0.999702,0,0.91956,0.75500,55.173,1.510,-1,400.000,-1,400.000,-1,325.000,325.000,300.000,300.000,-1,-1,-1,-1,825.000,800.000,-1,-1,2,0,2,0,2,0,0,0,0,2,2,2,2,0,0,2,2
103,13268.592,-3733.196,-228.815,31.967,0.848385,-0.529354,-0.005229,0.529118,0.848235,-0.023046,0.016635,0.016785,0.999721,0,0.92007,0.75470,55.204,1.509,-1,400.000,-1,400.000,-1,325.000,325.000,300.000,300.000,-1,-1,-1,-1,800.000,800.000,-1,-1,2,0,2,0,2,0,0,0,0,2,2,2,2,0,0,2,2
104,13315.294,-3702.332,-227.892,33.459,0.834313,-0.551272,-0.004505,0.551056,0.834168,-0.022399,0.016106,0.016206,0.999739,0,0.93299,0.74624,55.980,1.492,-1,400.000,-1,400.000,-1,325.000,325.000,300.000,300.000,-1,-1,-1,-1,800.000,800.000,-1,-1,2,0,2,0,2,0,0,0,0,2,2,2,2,0,0,2,2
105,13361.790,-3669.857,-227.001,34.932,0.819869,-0.572540,-0.003754,0.572343,0.819729,-0.021628,0.015460,0.015583,0.999759,0,0.94524,0.73652,56.714,1.473,-1,400.000,-1,400.000,-1,325.000,325.000,300.000,300.000,-1,-1,-1,-1,800.000,800.000,-1,-1,2,0,2,0,2,0,0,0,0,2,2,2,2,0,0,2,2
106,13408.002,-3635.807,-226.128,36.383,0.805109,-0.593120,-0.002992,0.592944,0.804975,-0.020817,0.014755,0.014986,0.999779,0,0.95669,0.72554,57.401,1.451,-1,400.000,-1,400.000,-1,325.000,325.000,300.000,300.000,-1,-1,-1,-1,800.000,800.000,-1,-1,2,0,2,0,2,0,0,0,0,2,2,2,2,0,0,2,2
107,13453.851,-3600.231,-225.264,37.810,0.790094,-0.612981,-0.002218,0.612825,0.789965,-0.020009,0.014018,0.014450,0.999797,0,0.96722,0.71330,58.033,1.427,-1,400.000,-1,400.000,-1,325.000,325.000,300.000,300.000,-1,-1,-1,-1,800.000,800.000,-1,-1,2,0,2,0,2,0,0,0,0,2,2,2,2,0,0,2,2
108,13499.259,-3563.184,-224.409,39.210,0.774886,-0.632099,-0.001486,0.631961,0.774762,-0.019198,0.013286,0.013937,0.999815,0,0.97671,0.69982,58.603,1.400,-1,400.000,-1,400.000,-1,325.000,325.000,300.000,300.000,-1,-1,-1,-1,775.000,800.000,-1,-1,2,0,2,0,2,0,0,0,0,2,2,2,2,0,0,2,2
109,13544.147,-3524.738,-223.593,40.580,0.759550,-0.650449,-0.000749,0.650328,0.759429,-0.018477,0.012587,0.013547,0.999829,0,0.98504,0.68514,59.102,1.370,-1,400.000,-1,400.000,-1,325.000,325.000,300.000,300.000,-1,-1,-1,-1,775.000,800.000,-1,-1,2,0,2,0,2,0,0,0,0,2,2,2,2,0,0,2,2
110,13588.440,-3484.971,-222.850,41.919,0.744149,-0.668014,0.000006,0.667906,0.744028,-0.017994,0.012016,0.013395,0.999838,0,0.99209,0.66931,59.525,1.339,-1,400.000,-1,400.000,-1,325.000,325.000,300.000,300.000,-1,-1,-1,-1,775.000,800.000,-1,-1,2,0,2,0,2,0,0,0,0,2,2,2,2,0,0,2,2
111,13632.063,-3443.972,-222.134,43.223,0.728746,-0.684784,0.000775,0.684689,0.728625,-0.017513,0.011428,0.013293,0.999846,0,0.99776,0.65241,59.866,1.305,-1,400.000,-1,400.000,-1,325.000,325.000,300.000,300.000,-1,-1,-1,-1,775.000,800.000,-1,-1,2,0,2,0,2,0,0,0,0,2,2,2,2,0,0,2,2
112,13674.864,-3401.923,-221.448,44.492,0.713402,-0.700753,0.001552,0.700671,0.713281,-0.017036,0.010831,0.013241,0.999854,0,1.00000,0.63451,60.000,1.269,-1,400.000,-1,400.000,-1,325.000,325.000,300.000,300.000,-1,-1,-1,-1,750.000,800.000,-1,-1,2,0,2,0,2,0,0,0,0,2,2,2,2,0,0,2,2
113,13716.750,-3358.964,-220.795,45.724,0.698178,-0.715920,0.002478,0.715851,0.698053,-0.016715,0.010237,0.013443,0.999857,0,1.00000,0.61578,60.000,1.232,-1,400.000,-1,400.000,-1,325.000,325.000,300.000,300.000,-1,-1,-1,-1,750.000,800.000,-1,-1,2,0,2,0,2,0,0,0,0,2,2,2,2,0,0,2,2
114,13756.144,-3317.138,-220.174,46.716,0.685688,-0.727887,0.003556,0.727830,0.685553,-0.016721,0.009733,0.014054,0.999854,0,0.95761,0.49578,57.456,0.992,-1,400.000,-1,400.000,-1,325.000,325.000,300.000,300.000,-1,-1,-1,-1,750.000,800.000,-1,-1,2,0,2,0,2,0,0,0,0,2,2,2,2,0,0,2,2
115,13794.981,-3274.803,-219.575,47.467,0.676085,-0.736809,0.004610,0.736766,0.675940,-0.016752,0.009227,0.014722,0.999849,0,0.95752,0.37578,57.451,0.752,-1,400.000,-1,400.000,-1,325.000,325.000,300.000,300.000,-1,-1,-1,-1,750.000,775.000,-1,-1,2,0,2,0,2,0,0,0,0,2,2,2,2,0,0,2,2
116,13833.403,-3232.164,-219.001,47.979,0.669482,-0.742807,0.005633,0.742777,0.669328,-0.016814,0.008719,0.015441,0.999843,0,0.95661,0.25578,57.396,0.512,-1,400.000,-1,400.000,-1,325.000,325.000,300.000,300.000,-1,-1,-1,-1,750.000,775.000,-1,-1,2,0,2,0,2,0,0,0,0,2,2,2,2,0,0,2,2
117,13871.559,-3189.412,-218.460,48.250,0.665955,-0.745963,0.006573,0.745946,0.665792,-0.016887,0.008220,0.016149,0.999836,0,0.95505,0.13578,57.303,0.272,-1,400.000,-1,400.000,-1,325.000,325.000,300.000,300.000,-1,-1,-1,-1,725.000,775.000,-1,-1,2,0,2,0,2,0,0,0,0,2,2,2,2,0,0,2,2
118,13909.612,-3146.729,-217.965,48.282,0.665545,-0.746322,0.007353,0.746318,0.665374,-0.016955,0.007761,0.016772,0.999829,0,0.95304,0.01578,57.182,0.032,-1,400.000,-1,400.000,-1,325.000,325.000,300.000,300.000,-1,-1,-1,-1,725.000,775.000,-1,-1,2,0,2,0,2,0,0,0,0,2,2,2,2,0,0,2,2
119,13947.728,-3104.288,-217.505,48.073,0.668255,-0.743888,0.008093,0.743896,0.668077,-0.017062,0.007285,0.017422,0.999822,0,0.95074,-0.10422,57.044,-0.208,-1,400.000,-1,400.000,-1,325.000,325.000,300.000,300.000,-1,-1,-1,-1,725.000,750.000,-1,-1,2,0,2,0,2,0,0,0,0,2,2,2,2,0,0,2,2
120,13986.077,-3062.254,-217.083,47.625,0.674057,-0.738627,0.008787,0.738649,0.673871,-0.017209,0.006790,0.018091,0.999813,0,0.94832,-0.22422,56.899,-0.448,-1,375.000,-1,400.000,-1,325.000,325.000,300.000,300.000,-1,-1,-1,-1,725.000,750.000,-1,-1,2,0,2,0,2,0,0,0,0,2,2,2,2,0,0,2,2
121,14024.830,-3020.788,-216.698,46.936,0.682882,-0.730469,0.009408,0.730502,0.682689,-0.017394,0.006283,0.018751,0.999804,0,0.94593,-0.34422,56.756,-0.688,-1,375.000,-1,400.000,-1,325.000,325.000,300.000,300.000,-1,-1,-1,-1,700.000,750.000,-1,-1,2,0,2,0,2,0,0,0,0,2,2,2,2,0,0,2,2
122,14064.159,-2980.051,-216.237,46.008,0.694628,-0.719308,0.009388,0.719343,0.694433,-0.017560,0.006112,0.018951,0.999802,0,0.94373,-0.46422,56.624,-0.928,-1,375.000,-1,400.000,-1,325.000,325.000,300.000,300.000,-1,-1,-1,-1,700.000,750.000,-1,-1,2,0,2,0,2,0,0,0,0,2,2,2,2,0,0,2,2
123,14104.230,-2940.204,-215.822,44.840,0.709151,-0.704995,0.009317,0.705031,0.708953,-0.017772,0.005924,0.019172,0.999799,0,0.94185,-0.58422,56.511,-1.168,-1,375.000,1000.000,400.000,-1,325.000,325.000,300.000,300.000,-1,-1,-1,-1,700.000,750.000,-1,-1,2,0,1,0,2,0,0,0,0,2,2,2,2,0,0,2,2
124,14145.199,-2901.406,-215.406,43.441,0.726151,-0.687471,0.009442,0.687513,0.725947,-0.018063,0.005564,0.019608,0.999792,0,0.94041,-0.69946,56.424,-1.399,-1,375.000,950.000,400.000,-1,325.000,325.000,300.000,300.000,-1,-1,-1,-1,700.000,750.000,-1,-1,2,0,1,0,2,0,0,0,0,2,2,2,2,0,0,2,2
125,14187.071,-2863.669,-215.004,42.027,0.742895,-0.669337,0.009737,0.669388,0.742682,-0.018507,0.005156,0.020266,0.999781,0,0.93947,-0.70707,56.368,-1.414,-1,375.000,900.000,400.000,-1,325.000,325.000,300.000,300.000,-1,-1,-1,-1,700.000,750.000,-1,-1,2,0,1,0,2,0,0,0,0,2,2,2,2,0,0,2,2
126,14229.817,-2827.034,-214.670,40.598,0.759354,-0.650601,0.009986,0.650659,0.759129,-0.019137,0.004870,0.021030,0.999767,0,0.93827,-0.71438,56.296,-1.429,-1,375.000,850.000,400.000,-1,325.000,325.000,300.000,300.000,-1,-1,-1,-1,700.000,750.000,975.000,-1,2,0,1,0,2,0,0,0,0,2,2,2,2,1,0,1,2
127,14273.403,-2791.542,-214.370,39.155,0.775496,-0.631270,0.010175,0.631335,0.775257,-0.019789,0.004604,0.021771,0.999752,0,0.93682,-0.72141,56.209,-1.443,-1,375.000,800.000,400.000,-1,325.000,325.000,300.000,300.000,-1,-1,-1,-1,625.000,750.000,850.000,-1,2,0,1,0,2,0,0,0,0,2,2,2,2,1,0,1,2
128,14317.797,-2757.233,-214.106,37.699,0.791290,-0.611354,0.010302,0.611426,0.791037,-0.020459,0.004359,0.022488,0.999738,0,0.93510,-0.72813,56.106,-1.456,-1,375.000,775.000,400.000,-1,325.000,325.000,300.000,300.000,-1,-1,-1,-1,575.000,750.000,750.000,-1,2,0,1,0,2,0,0,0,0,2,2,2,2,1,0,1,2
129,14362.960,-2724.142,-213.881,36.230,0.806705,-0.590864,0.010384,0.590940,0.806438,-0.021146,0.004121,0.023195,0.999722,0,0.93314,-0.73454,55.989,-1.469,950.000,375.000,725.000,400.000,-1,325.000,325.000,300.000,300.000,-1,-1,-1,-1,525.000,750.000,650.000,-1,1,1,1,0,2,0,0,0,0,2,2,2,2,1,0,1,2
130,14408.855,-2692.305,-213.641,34.748,0.821713,-0.569807,0.010420,0.569887,0.821424,-0.022172,0.004074,0.024157,0.999700,0,0.93094,-0.74063,55.856,-1.481,775.000,350.000,700.000,400.000,-1,325.000,325.000,300.000,300.000,-1,-1,-1,-1,475.000,750.000,575.000,-1,1,1,1,0,2,1,0,0,0,2,2,2,2,1,0,1,2
131,14455.441,-2661.755,-213.329,33.256,0.836286,-0.548196,0.010303,0.548275,0.835961,-0.023741,0.004402,0.025503,0.999665,0,0.92850,-0.74639,55.710,-1.493,650.000,325.000,650.000,400.000,-1,300.000,325.000,300.000,300.000,-1,-1,-1,-1,425.000,750.000,500.000,-1,1,1,1,0,2,1,0,0,1,2,2,2,2,1,0,1,2
132,14502.677,-2632.522,-213.050,31.752,0.850392,-0.526053,0.010057,0.526128,0.850029,-0.025300,0.004761,0.026807,0.999629,0,0.92583,-0.75183,55.550,-1.504,525.000,300.000,625.000,400.000,-1,300.000,325.000,300.000,300.000,-1,-1,-1,-1,400.000,750.000,425.000,-1,1,1,1,0,2,1,0,0,1,2,2,2,2,1,0,1,2
133,14550.519,-2604.634,-212.800,30.238,0.864002,-0.503395,0.009711,0.503463,0.863600,-0.026846,0.005128,0.028084,0.999592,0,0.92295,-0.75692,55.377,-1.514,400.000,275.000,600.000,400.000,-1,275.000,325.000,300.000,300.000,-1,-1,-1,-1,350.000,750.000,350.000,-1,1,1,1,0,2,1,0,0,1,2,2,2,2,1,0,1,2
134,14603.015,-2575.577,-212.513,28.964,0.874989,-0.484055,0.009278,0.484111,0.874545,-0.028418,0.005641,0.029357,0.999553,0,1.00000,-0.63692,60.000,-1.274,325.000,250.000,550.000,400.000,-1,275.000,325.000,300.000,300.000,-1,-1,-1,-1,325.000,750.000,275.000,-1,1,1,1,0,2,1,0,0,1,2,2,2,2,1,0,1,2
135,14656.083,-2547.581,-209.284,27.808,0.884716,-0.466092,0.006031,0.465879,0.883737,-0.044349,0.015341,0.042046,0.998998,0,1.00000,-0.57829,60.000,-1.157,250.000,250.000,550.000,425.000,-1,250.000,350.000,325.000,300.000,-1,850.000,650.000,-1,300.000,800.000,225.000,-1,1,1,1,0,2,1,0,0,1,2,0,0,2,1,0,1,2
136,14709.698,-2520.645,-204.980,26.662,0.894066,-0.447934,0.000963,0.447022,0.892104,-0.065738,0.028587,0.059204,0.997836,0,1.00000,-0.57300,60.000,-1.146,225.000,250.000,550.000,450.000,-1,250.000,375.000,375.000,275.000,-1,450.000,300.000,-1,300.000,875.000,200.000,-1,1,1,1,0,2,1,1,0,1,2,0,0,2,1,0,1,2
