timestep,x_cm,y_cm,z_cm,yaw_deg,basis_xx,basis_xy,basis_xz,basis_yx,basis_yy,basis_yz,basis_zx,basis_zy,basis_zz,teleport_flag,throttle_cmd,steering_cmd,cmd_move_cm,cmd_turn_deg,lidar_cm_0,lidar_cm_1,lidar_cm_2,lidar_cm_3,lidar_cm_4,lidar_cm_5,lidar_cm_6,lidar_cm_7,lidar_cm_8,lidar_cm_9,lidar_cm_10,lidar_cm_11,lidar_cm_12,lidar_cm_13,lidar_cm_14,lidar_cm_15,lidar_cm_16,lidar_class_0,lidar_class_1,lidar_class_2,lidar_class_3,lidar_class_4,lidar_class_5,lidar_class_6,lidar_class_7,lidar_class_8,lidar_class_9,lidar_class_10,lidar_class_11,lidar_class_12,lidar_class_13,lidar_class_14,lidar_class_15,lidar_class_16
0,-7543.221,-1639.830,57.113,171.388,-0.988420,-0.149740,0.024582,0.149689,-0.988725,-0.003887,0.024887,-0.000162,0.999690,1,0.00000,0.00000,4.800,0.240,-1,425.000,-1,450.000,-1,325.000,350.000,300.000,300.000,-1,-1,-1,-1,-1,-1,-1,-1,2,0,2,0,2,0,0,0,0,2,2,2,2,2,2,2,2
1,-7547.970,-1639.132,57.232,171.628,-0.989048,-0.145597,0.024197,0.145552,-0.989344,-0.003617,0.024466,-0.000056,0.999701,0,0.08000,0.12000,4.800,0.240,-1,425.000,-1,450.000,-1,325.000,350.000,300.000,275.000,-1,-1,-1,-1,-1,-1,-1,-1,2,0,2,0,2,0,0,0,0,2,2,2,2,2,2,2,2
2,-7557.479,-1637.813,57.469,172.108,-0.990252,-0.137303,0.023428,0.137269,-0.990529,-0.003088,0.023630,0.000158,0.999721,0,0.16000,0.24000,9.600,0.480,-1,425.000,-1,450.000,-1,325.000,350.000,300.000,275.000,-1,-1,-1,-1,-1,-1,-1,-1,2,0,2,0,2,0,0,0,0,2,2,2,2,2,2,2,2
3,-7571.766,-1636.016,57.824,172.828,-0.991926,-0.124846,0.022279,0.124825,-0.992176,-0.002315,0.022394,0.000484,0.999749,0,0.24000,0.36000,14.400,0.720,-1,425.000,-1,450.000,-1,325.000,350.000,300.000,275.000,-1,-1,-1,-1,-1,-1,-1,-1,2,0,2,0,2,0,0,0,0,2,2,2,2,2,2,2,2
4,-7590.853,-1633.938,58.297,173.788,-0.993912,-0.108205,0.020756,0.108200,-0.994128,-0.001328,0.020778,0.000926,0.999784,0,0.32000,0.48000,19.200,0.960,-1,425.000,-1,450.000,-1,325.000,350.000,300.000,300.000,-1,-1,-1,-1,-1,-1,-1,-1,2,0,2,0,2,0,0,0,0,2,2,2,2,2,2,2,2
5,-7614.762,-1631.842,58.890,174.988,-0.995998,-0.087361,0.018867,0.087374,-0.996176,-0.000162,0.018809,0.001487,0.999822,0,0.40000,0.60000,24.000,1.200,-1,425.000,-1,450.000,-1,325.000,350.000,300.000,300.000,-1,-1,-1,-1,-1,-1,-1,-1,2,0,2,0,2,0,0,0,0,2,2,2,2,2,2,2,2
6,-7643.506,-1630.047,59.604,176.428,-0.997919,-0.062300,0.016627,0.062327,-0.998055,0.001133,0.016524,0.002167,0.999861,0,0.48000,0.72000,28.800,1.440,-1,425.000,-1,475.000,-1,325.000,350.000,300.000,300.000,-1,-1,-1,-1,-1,-1,-1,-1,2,0,2,0,2,0,0,0,0,2,2,2,2,2,2,2,2
7,-7677.087,-1628.938,60.445,178.108,-0.999356,-0.033013,0.014059,0.033051,-0.999451,0.002500,0.013969,0.002963,0.999898,0,0.56000,0.84000,33.600,1.680,-1,425.000,-1,475.000,-1,325.000,350.000,300.000,300.000,-1,-1,-1,-1,-1,-1,-1,-1,2,0,2,0,2,0,0,0,0,2,2,2,2,2,2,2,2
8,-7715.487,-1628.957,61.421,180.028,-0.999937,0.000492,0.011196,-0.000448,-0.999992,0.003865,0.011198,0.003860,0.999930,0,0.64000,0.96000,38.400,1.920,975.000,425.000,-1,475.000,-1,350.000,350.000,300.000,300.000,-1,-1,-1,-1,1000.000,-1,-1,-1,1,0,2,0,2,0,0,0,0,2,2,2,2,0,2,2,2
9,-7758.660,-1630.486,62.540,182.028,-0.999341,0.035390,0.008078,-0.035349,-0.999362,0.005197,0.008256,0.004908,0.999954,0,0.72000,1.00000,43.200,2.000,900.000,425.000,-1,475.000,-1,350.000,350.000,300.000,325.000,-1,-1,-1,-1,975.000,-1,-1,-1,1,0,2,0,2,0,0,0,0,2,2,2,2,0,2,2,2
10,-7806.541,-1633.858,63.810,184.028,-0.997518,0.070245,0.004744,-0.070214,-0.997511,0.006460,0.005186,0.006111,0.999968,0,0.80000,1.00000,48.000,2.000,825.000,425.000,-1,475.000,-1,350.000,350.000,300.000,325.000,-1,-1,-1,-1,950.000,-1,-1,-1,1,0,2,0,2,0,0,0,0,2,2,2,2,0,2,2,2
11,-7859.049,-1639.403,64.803,186.028,-0.994470,0.105013,0.001605,-0.104994,-0.994429,0.009300,0.002573,0.009080,0.999955,0,0.88000,1.00000,52.800,2.000,750.000,425.000,-1,475.000,-1,350.000,375.000,325.000,325.000,-1,-1,-1,-1,950.000,-1,-1,-1,1,0,2,0,2,0,0,0,0,2,2,2,2,0,2,2,2
12,-7912.858,-1646.994,64.414,188.028,-0.990199,0.139641,-0.002345,-0.139661,-0.990069,0.016080,-0.000077,0.016249,0.999868,0,0.90570,1.00000,54.342,2.000,700.000,425.000,-1,475.000,-1,350.000,375.000,325.000,325.000,-1,-1,-1,-1,950.000,-1,-1,-1,1,0,2,0,2,0,0,0,0,2,2,2,2,0,2,2,2
13,-7966.407,-1656.463,63.070,190.028,-0.984703,0.174100,-0.006944,-0.174200,-0.984541,0.018231,-0.003663,0.019162,0.999810,0,0.90633,1.00000,54.380,2.000,625.000,425.000,-1,475.000,-1,350.000,350.000,325.000,300.000,-1,-1,-1,-1,925.000,-1,-1,-1,1,0,2,0,2,0,0,0,0,2,2,2,2,0,2,2,2
14,-8019.625,-1667.803,61.763,192.028,-0.977988,0.208343,-0.011534,-0.208540,-0.977813,0.019845,-0.007143,0.021814,0.999737,0,0.90688,1.00000,54.413,2.000,575.000,425.000,-1,450.000,-1,350.000,350.000,325.000,300.000,-1,-1,-1,-1,900.000,1000.000,-1,-1,1,0,2,0,2,0,0,0,0,2,2,2,2,0,0,2,2
15,-8072.441,-1681.000,60.542,194.028,-0.970063,0.242327,-0.016005,-0.242632,-0.969889,0.021095,-0.010411,0.024347,0.999649,0,0.90732,1.00000,54.439,2.000,525.000,425.000,-1,450.000,-1,350.000,350.000,300.000,300.000,-1,-1,-1,-1,850.000,975.000,825.000,-1,1,0,2,0,2,0,0,0,0,2,2,2,2,1,0,1,2
16,-8124.784,-1696.037,59.419,196.028,-0.960939,0.276011,-0.020349,-0.276432,-0.960782,0.021988,-0.013482,0.026754,0.999551,0,0.90767,1.00000,54.460,2.000,475.000,400.000,-1,450.000,-1,325.000,350.000,300.000,300.000,-1,-1,-1,-1,800.000,950.000,675.000,-1,1,0,2,0,2,0,0,0,0,2,2,2,2,1,0,1,2
17,-8176.583,-1712.896,58.405,198.028,-0.950630,0.309354,-0.024556,-0.309895,-0.950504,0.022529,-0.016371,0.029027,0.999445,0,0.90789,1.00000,54.474,2.000,425.000,400.000,-1,425.000,-1,325.000,350.000,300.000,325.000,-1,-1,-1,-1,725.000,925.000,600.000,-1,1,0,2,0,2,0,0,0,0,2,2,2,2,1,0,1,2
18,-8227.768,-1731.555,57.513,200.028,-0.939149,0.342316,-0.028617,-0.342979,-0.939068,0.022724,-0.019094,0.031156,0.999332,0,0.90800,1.00000,54.480,2.000,375.000,400.000,-1,425.000,-1,325.000,350.000,300.000,325.000,-1,-1,-1,-1,675.000,875.000,525.000,-1,1,0,2,0,2,0,0,0,0,2,2,2,2,1,0,1,2
19,-8278.269,-1751.988,56.738,202.028,-0.926511,0.374856,-0.032577,-0.375642,-0.926489,0.022607,-0.021708,0.033183,0.999214,0,0.90797,1.00000,54.478,2.000,325.000,400.000,-1,425.000,-1,325.000,325.000,300.000,325.000,-1,-1,-1,-1,625.000,850.000,450.000,-1,1,0,2,0,2,0,0,0,0,2,2,2,2,1,0,1,2
20,-8328.017,-1774.167,56.067,204.028,-0.912727,0.406933,-0.036541,-0.407847,-0.912779,0.022235,-0.024305,0.035198,0.999085,0,0.90780,1.00000,54.468,2.000,300.000,375.000,-1,425.000,-1,325.000,325.000,300.000,325.000,-1,-1,-1,-1,550.000,850.000,375.000,-1,1,0,2,0,2,0,0,0,0,2,2,2,2,1,0,1,2
21,-8372.738,-1795.776,55.595,205.788,-0.899665,0.434750,-0.039939,-0.435772,-0.899799,0.021560,-0.026564,0.036802,0.998969,0,0.82780,0.88000,49.668,1.760,250.000,375.000,-1,400.000,-1,325.000,325.000,300.000,325.000,-1,-1,-1,-1,525.000,825.000,325.000,975.000,1,0,2,0,2,0,0,1,0,2,2,2,2,1,0,1,1
22,-8412.605,-1816.361,54.657,207.308,-0.887740,0.458402,-0.042251,-0.459571,-0.887828,0.023597,-0.026694,0.040366,0.998828,0,0.74780,0.76000,44.868,1.520,225.000,375.000,-1,400.000,-1,325.000,325.000,275.000,325.000,-1,-1,-1,-1,475.000,800.000,275.000,925.000,1,0,2,0,2,0,0,1,0,2,2,2,2,1,1,1,1
23,-8451.562,-1837.593,53.718,208.588,-0.877210,0.478045,-0.044446,-0.479371,-0.877229,0.025957,-0.026581,0.044076,0.998674,0,0.73945,0.64000,44.367,1.280,200.000,350.000,-1,400.000,-1,325.000,325.000,275.000,325.000,-1,-1,-1,-1,450.000,775.000,250.000,850.000,1,1,2,0,2,0,0,1,0,2,2,2,2,1,1,1,1
24,-8490.051,-1859.485,52.974,209.628,-0.868335,0.493818,-0.046243,-0.495279,-0.868283,0.027994,-0.026328,0.047211,0.998538,0,0.73799,0.52000,44.279,1.040,175.000,350.000,-1,400.000,900.000,325.000,325.000,250.000,325.000,-1,-1,-1,-1,425.000,750.000,200.000,825.000,1,1,2,0,1,0,0,1,0,2,2,2,2,1,1,1,1
25,-8528.117,-1881.845,52.288,210.428,-0.861293,0.505817,-0.048215,-0.507426,-0.861173,0.029996,-0.026349,0.050301,0.998387,0,0.73580,0.40000,44.148,0.800,150.000,325.000,-1,400.000,825.000,325.000,325.000,250.000,325.000,-1,-1,-1,-1,400.000,725.000,175.000,775.000,1,1,2,0,1,0,0,1,0,2,2,2,2,1,1,1,1
26,-8569.502,-1906.709,53.492,210.988,-0.856442,0.513888,-0.049253,-0.515835,-0.855654,0.042074,-0.020522,0.061441,0.997900,0,0.80467,0.28000,48.280,0.560,125.000,300.000,-1,400.000,750.000,325.000,325.000,225.000,325.000,-1,-1,-1,-1,400.000,675.000,150.000,725.000,1,1,2,0,1,0,0,1,0,2,2,2,2,1,1,1,1
27,-8610.812,-1931.861,57.695,211.308,-0.854134,0.517773,-0.048632,-0.520024,-0.851314,0.069559,-0.005385,0.084703,0.996392,0,0.80608,0.16000,48.365,0.320,125.000,325.000,-1,450.000,700.000,350.000,375.000,225.000,300.000,-1,-1,175.000,-1,425.000,650.000,150.000,700.000,1,1,2,0,1,1,0,1,0,2,2,0,2,1,1,1,1
28,-8652.055,-1957.182,60.929,211.516,-0.853028,0.519894,-0.045322,-0.521759,-0.847874,0.094215,0.010555,0.104016,0.994520,0,0.80660,0.10368,48.396,0.207,125.000,325.000,-1,475.000,675.000,350.000,400.000,225.000,275.000,-1,900.000,125.000,-1,500.000,625.000,150.000,650.000,1,1,2,0,1,1,0,1,0,2,0,0,2,1,1,1,1
29,-8693.184,-1982.659,63.889,211.739,-0.851825,0.522109,-0.042384,-0.523202,-0.844070,0.117493,0.025569,0.122258,0.992169,0,0.80634,0.11191,48.380,0.224,125.000,350.000,-1,525.000,625.000,375.000,450.000,200.000,275.000,-1,225.000,75.000,725.000,-1,600.000,150.000,625.000,1,1,2,0,1,1,1,1,0,2,0,0,0,2,1,1,1
30,-8734.947,-2009.004,66.618,212.203,-0.848478,0.527687,-0.040396,-0.527728,-0.837851,0.139674,0.039858,0.139828,0.989373,0,0.82296,0.23191,49.378,0.464,125.000,375.000,-1,525.000,575.000,400.000,450.000,200.000,250.000,-1,200.000,50.000,550.000,-1,575.000,175.000,575.000,1,1,2,1,1,1,1,1,0,2,0,0,0,2,1,1,1
31,-8776.330,-2035.824,68.655,212.907,-0.842820,0.536719,-0.039833,-0.535675,-0.829420,0.158475,0.052018,0.154903,0.986559,0,0.82190,0.35191,49.314,0.704,125.000,425.000,-1,500.000,525.000,425.000,475.000,200.000,250.000,-1,200.000,50.000,450.000,-1,550.000,175.000,550.000,1,1,2,1,1,1,1,1,0,2,0,0,0,2,1,1,1
32,-8817.205,-2063.283,70.481,213.851,-0.834832,0.549003,-0.040622,-0.546842,-0.818521,0.176033,0.063393,0.169172,0.983546,0,0.82072,0.47191,49.243,0.944,125.000,475.000,-1,475.000,475.000,475.000,525.000,175.000,250.000,-1,200.000,25.000,375.000,-1,525.000,200.000,500.000,1,1,2,1,1,1,1,1,0,2,0,0,0,2,1,1,1
33,-8857.440,-2091.539,72.168,215.035,-0.824380,0.564408,-0.042913,-0.561172,-0.805023,0.192416,0.074055,0.182705,0.980375,0,0.81947,0.59191,49.168,1.184,125.000,825.000,-1,450.000,425.000,600.000,500.000,175.000,225.000,-1,175.000,25.000,325.000,-1,500.000,-1,450.000,1,1,2,1,1,1,1,1,0,2,0,0,0,2,1,2,1
34,-8896.904,-2120.731,73.762,216.446,-0.811415,0.582595,-0.046790,-0.578388,-0.788873,0.207720,0.084106,0.195610,0.977069,0,0.81819,0.70592,49.091,1.412,125.000,825.000,-1,425.000,375.000,575.000,475.000,175.000,225.000,-1,175.000,25.000,300.000,-1,475.000,-1,425.000,1,1,2,1,1,1,1,1,0,2,0,0,0,2,1,2,1
35,7543.227,-5575.457,-345.965,-81.845,0.151413,0.987420,0.045552,-0.974725,0.141491,0.172890,0.164270,-0.070579,0.983887,1,0.00000,0.00000,49.013,1.427,-1,425.000,-1,225.000,200.000,275.000,200.000,325.000,450.000,325.000,50.000,125.000,-1,-1,300.000,-1,200.000,2,1,2,1,1,1,1,0,1,0,0,0,2,2,1,2,1
36,-327.968,-9511.017,-185.080,120.667,-0.509462,-0.860088,0.026427,0.859890,-0.510014,-0.021784,0.032214,0.011626,0.999413,1,0.00000,0.00000,4.800,-0.240,-1,375.000,-1,350.000,775.000,300.000,300.000,175.000,250.000,300.000,500.000,-1,-1,675.000,600.000,-1,900.000,2,0,2,0,0,0,0,1,0,1,1,2,2,0,0,2,0
37,-330.434,-9506.898,-184.858,120.907,-0.513057,-0.857944,0.026548,0.857747,-0.513612,-0.021728,0.032277,0.011624,0.999411,0,0.08000,0.12000,4.800,0.240,-1,375.000,-1,350.000,775.000,300.000,300.000,175.000,250.000,300.000,500.000,-1,-1,675.000,600.000,-1,900.000,2,0,2,0,0,0,0,1,0,1,1,2,2,0,0,2,0
38,-335.434,-9498.703,-184.416,121.387,-0.520222,-0.853611,0.026803,0.853417,-0.520782,-0.021592,0.032389,0.011641,0.999408,0,0.16000,0.24000,9.600,0.480,-1,375.000,-1,350.000,775.000,300.000,300.000,175.000,250.000,300.000,525.000,-1,-1,675.000,600.000,-1,900.000,2,0,2,0,0,0,0,1,0,1,1,2,2,0,0,2,0
39,-343.087,-9486.506,-183.758,122.107,-0.530899,-0.846998,0.027205,0.846811,-0.531466,-0.021334,0.032529,0.011711,0.999402,0,0.24000,0.36000,14.400,0.720,-1,375.000,-1,350.000,775.000,300.000,300.000,175.000,250.000,300.000,550.000,-1,-1,675.000,600.000,-1,900.000,2,0,2,0,0,0,0,1,0,1,1,2,2,0,0,2,0
40,-353.563,-9470.415,-182.895,123.067,-0.545004,-0.837973,0.027771,0.837797,-0.545582,-0.020909,0.032673,0.011871,0.999396,0,0.32000,0.48000,19.200,0.960,-1,375.000,-1,350.000,775.000,300.000,300.000,175.000,250.000,325.000,575.000,-1,-1,675.000,600.000,-1,900.000,2,0,2,0,0,0,0,1,0,1,1,2,2,0,0,2,0
41,-367.076,-9450.581,-181.580,124.267,-0.562423,-0.826371,0.028144,0.826167,-0.563016,-0.021473,0.033590,0.011174,0.999373,0,0.40000,0.60000,24.000,1.200,-1,375.000,-1,350.000,775.000,300.000,300.000,175.000,250.000,325.000,625.000,-1,-1,675.000,600.000,-1,925.000,2,0,2,0,0,0,0,1,0,1,1,2,2,0,0,2,0
42,-383.885,-9427.195,-180.011,125.707,-0.582998,-0.811969,0.028641,0.811730,-0.583610,-0.022225,0.034761,0.010291,0.999343,0,0.48000,0.72000,28.800,1.440,-1,375.000,-1,350.000,800.000,300.000,300.000,175.000,250.000,350.000,675.000,-1,-1,675.000,600.000,-1,950.000,2,0,2,0,0,0,0,1,0,1,1,2,2,0,0,2,0
43,-404.287,-9400.498,-178.207,127.387,-0.606543,-0.794518,0.029093,0.794238,-0.607171,-0.023003,0.035941,0.009154,0.999312,0,0.56000,0.84000,33.600,1.680,-1,375.000,-1,350.000,825.000,300.000,300.000,200.000,250.000,375.000,775.000,-1,-1,675.000,600.000,-1,-1,2,0,2,0,0,0,0,1,0,1,1,2,2,0,0,2,2
44,-428.612,-9370.785,-175.861,129.307,-0.632884,-0.773746,0.027841,0.773404,-0.633463,-0.023883,0.036116,0.006418,0.999327,0,0.64000,0.96000,38.400,1.920,-1,375.000,-1,350.000,850.000,325.000,300.000,200.000,250.000,375.000,-1,-1,-1,675.000,600.000,-1,-1,2,0,2,0,0,0,0,1,0,1,2,2,2,0,0,2,2
45,-457.122,-9338.340,-173.351,131.307,-0.659557,-0.751177,0.026784,0.750778,-0.660090,-0.024780,0.036294,0.003765,0.999334,0,0.71986,1.00000,43.192,2.000,-1,375.000,-1,350.000,925.000,325.000,300.000,200.000,250.000,400.000,-1,-1,-1,675.000,625.000,-1,-1,2,0,2,0,0,0,0,1,0,1,2,2,2,0,0,2,2
46,-486.715,-9306.945,-171.079,133.307,-0.685421,-0.727688,0.025858,0.727219,-0.685908,-0.026129,0.036750,0.000895,0.999324,0,0.71906,1.00000,43.144,2.000,-1,375.000,-1,350.000,-1,325.000,300.000,225.000,275.000,425.000,-1,-1,-1,650.000,625.000,-1,-1,2,0,2,0,2,0,0,1,0,1,2,2,2,0,0,2,2
47,-517.356,-9276.630,-169.064,135.307,-0.710444,-0.703305,0.025106,0.702751,-0.710884,-0.028012,0.037549,-0.002257,0.999292,0,0.71839,1.00000,43.103,2.000,-1,375.000,-1,350.000,-1,325.000,300.000,225.000,275.000,450.000,-1,-1,-1,650.000,625.000,-1,-1,2,0,2,0,2,0,0,1,0,1,2,2,2,0,0,2,2
48,-549.013,-9247.425,-167.274,137.307,-0.734598,-0.678057,0.024567,0.677387,-0.734985,-0.030726,0.038891,-0.005930,0.999226,0,0.71784,1.00000,43.070,2.000,-1,375.000,-1,375.000,-1,325.000,300.000,225.000,275.000,450.000,-1,-1,-1,650.000,625.000,-1,-1,2,0,2,0,2,0,0,1,0,1,2,2,2,0,0,2,2
49,-581.650,-9219.359,-165.437,139.307,-0.757813,-0.651975,0.025458,0.651135,-0.758180,-0.034430,0.041749,-0.009515,0.999083,0,0.71741,1.00000,43.045,2.000,-1,375.000,-1,375.000,-1,325.000,325.000,250.000,275.000,450.000,-1,-1,-1,650.000,650.000,-1,-1,2,0,2,0,2,0,0,1,0,1,2,2,2,0,0,2,2
50,-615.233,-9192.462,-163.739,141.307,-0.780064,-0.625094,0.027516,0.624034,-0.780442,-0.038636,0.045626,-0.012968,0.998874,0,0.71710,1.00000,43.026,2.000,-1,375.000,-1,375.000,-1,325.000,325.000,250.000,275.000,425.000,-1,975.000,-1,650.000,650.000,-1,-1,2,0,2,0,2,0,0,1,0,1,2,0,2,0,0,2,2
51,-649.724,-9166.760,-162.333,143.307,-0.801348,-0.597441,0.030086,0.596097,-0.801735,-0.043478,0.050097,-0.016907,0.998601,0,0.71689,1.00000,43.014,2.000,-1,375.000,-1,375.000,-1,325.000,325.000,250.000,275.000,425.000,975.000,825.000,-1,675.000,675.000,-1,-1,2,0,2,0,2,0,0,1,0,1,0,0,2,0,0,2,2
52,-685.086,-9142.281,-161.229,145.307,-0.821632,-0.569048,0.033247,0.567341,-0.822026,-0.048960,0.055191,-0.021365,0.998247,0,0.71679,1.00000,43.007,2.000,-1,375.000,-1,375.000,-1,325.000,325.000,275.000,275.000,400.000,700.000,625.000,-1,675.000,675.000,-1,-1,2,0,2,0,2,0,0,1,0,1,0,0,2,0,0,2,2
53,-721.280,-9119.051,-160.433,147.307,-0.840881,-0.539949,0.037080,0.537780,-0.841285,-0.055071,0.060931,-0.026367,0.997794,0,0.71678,1.00000,43.007,2.000,-1,375.000,-1,375.000,-1,325.000,325.000,275.000,275.000,375.000,550.000,500.000,1000.000,675.000,700.000,-1,-1,2,0,2,0,2,0,0,1,0,1,0,0,0,0,0,2,2
54,-756.108,-9098.181,-158.374,149.067,-0.857009,-0.513833,0.038877,0.511551,-0.857433,-0.055901,0.062058,-0.028020,0.997679,0,0.67671,0.88000,40.603,1.760,-1,375.000,-1,375.000,-1,325.000,325.000,275.000,275.000,375.000,525.000,450.000,975.000,675.000,700.000,-1,-1,2,0,2,0,2,0,0,1,0,1,0,0,0,0,0,2,2
55,-791.469,-9078.245,-155.750,150.587,-0.870291,-0.490915,0.039957,0.488705,-0.870773,-0.054051,0.061328,-0.027513,0.997738,0,0.67656,0.76000,40.594,1.520,-1,375.000,-1,375.000,-1,325.000,325.000,275.000,275.000,400.000,575.000,475.000,1000.000,675.000,700.000,-1,-1,2,0,2,0,2,0,0,1,0,1,0,0,0,0,0,2,2
56,-827.235,-9059.122,-153.028,151.867,-0.880984,-0.471343,0.041272,0.469149,-0.881526,-0.053015,0.061371,-0.027342,0.997740,0,0.67595,0.64000,40.557,1.280,-1,375.000,-1,375.000,-1,325.000,325.000,300.000,275.000,425.000,600.000,475.000,-1,675.000,700.000,-1,-1,2,0,2,0,2,0,0,1,0,1,0,0,2,0,0,2,2
57,-863.286,-9040.679,-150.025,152.907,-0.889321,-0.455254,0.043031,0.452963,-0.889915,-0.053626,0.062708,-0.028199,0.997633,0,0.67491,0.52000,40.495,1.040,-1,375.000,-1,375.000,-1,325.000,325.000,300.000,275.000,425.000,625.000,475.000,-1,675.000,725.000,-1,-1,2,0,2,0,2,0,0,1,0,1,0,0,2,0,0,2,2
58,-899.515,-9022.779,-147.116,153.707,-0.895506,-0.442778,0.044908,0.440393,-0.896172,-0.054129,0.064212,-0.028695,0.997524,0,0.67348,0.40000,40.409,0.800,-1,375.000,-1,375.000,-1,325.000,325.000,300.000,275.000,425.000,625.000,475.000,-1,675.000,725.000,-1,-1,2,0,2,0,2,0,0,0,0,1,0,0,2,0,0,2,2
59,-935.821,-9005.281,-144.294,154.267,-0.899695,-0.433996,0.046865,0.431519,-0.900452,-0.054563,0.065879,-0.028867,0.997410,0,0.67171,0.28000,40.303,0.560,-1,375.000,-1,375.000,-1,325.000,325.000,300.000,300.000,425.000,625.000,500.000,-1,675.000,725.000,-1,-1,2,0,2,0,2,0,0,0,0,1,0,0,2,0,0,2,2
60,-972.112,-8988.038,-141.552,154.587,-0.902000,-0.428962,0.048866,0.426395,-0.902865,-0.054968,0.067699,-0.028745,0.997292,0,0.66965,0.16000,40.179,0.320,-1,375.000,-1,400.000,-1,325.000,325.000,300.000,300.000,425.000,625.000,500.000,-1,675.000,725.000,-1,-1,2,0,2,0,2,0,0,0,0,1,0,0,2,0,0,2,2
61,-1008.302,-8970.905,-138.884,154.667,-0.902485,-0.427705,0.050878,0.425051,-0.903473,-0.055385,0.069655,-0.028358,0.997168,0,0.66734,0.04000,40.040,0.080,-1,375.000,-1,400.000,-1,325.000,325.000,275.000,300.000,425.000,625.000,500.000,-1,700.000,750.000,-1,-1,2,0,2,0,2,0,0,0,0,1,0,0,2,0,0,2,2
62,-1044.309,-8953.736,-136.283,154.507,-0.901168,-0.430234,0.052866,0.427494,-0.902291,-0.055854,0.071731,-0.027734,0.997038,0,0.66485,-0.08000,39.891,-0.160,-1,375.000,-1,400.000,-1,325.000,325.000,275.000,300.000,425.000,625.000,500.000,-1,700.000,750.000,-1,-1,2,0,2,0,2,0,0,0,0,1,0,0,2,0,0,2,2
63,-1080.055,-8936.384,-133.746,154.107,-0.898018,-0.436533,0.054798,0.433707,-0.899286,-0.056416,0.073906,-0.026896,0.996902,0,0.66224,-0.20000,39.734,-0.400,-1,375.000,-1,400.000,-1,325.000,325.000,275.000,300.000,425.000,625.000,525.000,-1,700.000,750.000,-1,-1,2,0,2,0,2,0,0,0,0,1,0,0,2,0,0,2,2
64,-1115.461,-8918.705,-131.183,153.467,-0.892983,-0.446559,0.056274,0.443644,-0.894371,-0.057276,0.075907,-0.026181,0.996771,0,0.65957,-0.32000,39.574,-0.640,-1,375.000,-1,400.000,-1,325.000,325.000,275.000,300.000,425.000,650.000,500.000,-1,700.000,750.000,-1,-1,2,0,2,0,2,0,0,0,0,1,0,0,2,0,0,2,2
65,-1150.509,-8900.672,-128.599,152.773,-0.887414,-0.457365,0.057566,0.454382,-0.888920,-0.057948,0.077675,-0.025267,0.996658,0,0.65691,-0.34683,39.415,-0.694,-1,375.000,-1,400.000,-1,325.000,325.000,275.000,300.000,425.000,675.000,450.000,-1,700.000,750.000,-1,-1,2,0,2,0,2,0,0,0,0,1,0,0,2,0,0,2,2
66,-1185.213,-8882.276,-125.687,152.073,-0.881674,-0.468229,0.058414,0.465330,-0.883309,-0.056855,0.078218,-0.022945,0.996672,0,0.65464,-0.35039,39.278,-0.701,-1,375.000,-1,400.000,-1,325.000,325.000,275.000,300.000,450.000,725.000,475.000,-1,700.000,750.000,-1,-1,2,0,2,0,2,0,0,0,0,1,0,0,2,0,0,2,2
67,-1219.592,-8863.503,-122.811,151.364,-0.875742,-0.479136,0.059203,0.476321,-0.877497,-0.055838,0.078705,-0.020700,0.996683,0,0.65284,-0.35414,39.170,-0.708,-1,375.000,-1,400.000,-1,325.000,325.000,275.000,300.000,450.000,750.000,500.000,-1,725.000,750.000,-1,-1,2,0,2,0,2,0,0,0,0,1,0,0,2,0,0,2,2
68,-1253.664,-8844.343,-119.895,150.648,-0.869584,-0.490089,0.060298,0.487362,-0.871482,-0.054747,0.079380,-0.018220,0.996678,0,0.65150,-0.35805,39.090,-0.716,-1,375.000,-1,400.000,-1,325.000,325.000,275.000,300.000,475.000,800.000,525.000,-1,725.000,725.000,-1,-1,2,0,2,0,2,0,0,0,0,1,0,0,2,0,0,2,2
69,-1287.444,-8824.780,-116.978,149.924,-0.863209,-0.501087,0.061502,0.498451,-0.865255,-0.053674,0.080110,-0.015676,0.996663,0,0.65060,-0.36213,39.036,-0.724,-1,375.000,-1,400.000,-1,325.000,325.000,275.000,300.000,500.000,800.000,525.000,-1,725.000,725.000,-1,-1,2,0,2,0,2,0,0,0,0,1,0,0,2,0,0,2,2
70,-1320.947,-8804.801,-114.073,149.191,-0.856612,-0.512131,0.062755,0.509586,-0.858807,-0.052646,0.080856,-0.013118,0.996639,0,0.65012,-0.36637,39.007,-0.733,-1,375.000,-1,400.000,-1,325.000,325.000,275.000,300.000,525.000,775.000,550.000,-1,725.000,725.000,-1,-1,2,0,2,0,2,0,0,0,0,1,0,0,2,0,0,2,2
71,-1354.185,-8784.392,-111.113,148.450,-0.849763,-0.523220,0.064376,0.520775,-0.852136,-0.051550,0.081829,-0.010280,0.996593,0,0.65006,-0.37076,39.004,-0.742,-1,375.000,-1,400.000,-1,325.000,325.000,275.000,275.000,575.000,750.000,550.000,-1,750.000,725.000,-1,-1,2,0,2,0,2,0,0,0,0,1,0,0,2,0,0,2,2
72,-1387.170,-8763.540,-108.058,147.699,-0.842655,-0.534352,0.066336,0.532017,-0.845231,-0.050413,0.083008,-0.007188,0.996523,0,0.65039,-0.37530,39.023,-0.751,-1,400.000,-1,400.000,-1,325.000,325.000,275.000,275.000,600.000,725.000,550.000,-1,750.000,700.000,-1,-1,2,0,2,0,2,0,0,0,0,1,0,0,2,0,0,2,2
73,-1417.026,-8744.290,-104.944,147.188,-0.837834,-0.541867,0.066437,0.539588,-0.840442,-0.050011,0.082936,-0.006052,0.996536,0,0.59205,-0.25530,35.523,-0.511,-1,400.000,-1,400.000,-1,325.000,325.000,300.000,275.000,625.000,800.000,600.000,-1,775.000,700.000,-1,-1,2,0,2,0,2,0,0,0,0,1,0,0,2,0,0,2,2
74,-1446.847,-8724.863,-101.862,146.918,-0.835253,-0.545833,0.066475,0.543597,-0.837877,-0.049637,0.082791,-0.005324,0.996553,0,0.59318,-0.13530,35.591,-0.271,-1,400.000,-1,400.000,1000.000,325.000,325.000,300.000,275.000,650.000,900.000,650.000,-1,775.000,700.000,-1,-1,2,0,2,0,1,0,0,0,0,1,0,0,2,0,0,2,2
75,-1476.739,-8705.368,-98.812,146.887,-0.834961,-0.546281,0.066461,0.544077,-0.837587,-0.049272,0.082583,-0.004980,0.996572,0,0.59480,-0.01530,35.688,-0.031,-1,400.000,-1,400.000,975.000,325.000,325.000,300.000,275.000,675.000,1000.000,700.000,-1,775.000,700.000,-1,-1,2,0,2,0,1,0,0,0,0,1,0,0,2,0,0,2,2
76,-1506.804,-8685.915,-95.762,147.097,-0.836962,-0.543216,0.066421,0.541021,-0.839578,-0.049043,0.082406,-0.005112,0.996586,0,0.59682,0.10470,35.809,0.209,-1,400.000,-1,400.000,950.000,325.000,325.000,300.000,275.000,700.000,-1,750.000,-1,775.000,700.000,-1,-1,2,0,2,0,1,0,0,0,0,1,2,0,2,0,0,2,2
77,-1537.133,-8666.611,-92.624,147.522,-0.840988,-0.536961,0.066418,0.534721,-0.843586,-0.049358,0.082533,-0.005994,0.996570,0,0.59919,0.21282,35.951,0.426,-1,400.000,-1,400.000,950.000,325.000,325.000,300.000,275.000,725.000,-1,775.000,-1,800.000,700.000,-1,-1,2,0,2,0,1,0,0,0,0,1,2,0,2,0,0,2,2
78,-1567.735,-8647.442,-89.510,147.939,-0.844880,-0.530812,0.066452,0.528529,-0.847462,-0.049654,0.082673,-0.006830,0.996553,0,0.60184,0.20822,36.110,0.416,-1,400.000,-1,400.000,925.000,325.000,325.000,300.000,275.000,775.000,-1,800.000,-1,800.000,675.000,-1,-1,2,0,2,0,1,0,0,0,0,1,2,0,2,0,0,2,2
79,-1598.612,-8628.406,-86.420,148.346,-0.848639,-0.524774,0.066522,0.522448,-0.851208,-0.049931,0.082827,-0.007620,0.996535,0,0.60455,0.20358,36.273,0.407,-1,400.000,-1,375.000,900.000,325.000,325.000,300.000,275.000,800.000,-1,825.000,-1,800.000,675.000,-1,-1,2,0,2,0,1,0,0,0,0,1,2,0,2,0,0,2,2
80,-1629.763,-8609.499,-83.355,148.744,-0.852266,-0.518848,0.066626,0.516483,-0.854825,-0.050190,0.082995,-0.008364,0.996515,0,0.60733,0.19890,36.440,0.398,-1,400.000,-1,375.000,900.000,325.000,325.000,300.000,275.000,825.000,-1,850.000,-1,800.000,675.000,-1,-1,2,0,2,0,1,0,0,0,0,1,2,0,2,0,0,2,2
81,-1661.188,-8590.715,-80.314,149.132,-0.855765,-0.513039,0.066765,0.510635,-0.858317,-0.050431,0.083179,-0.009064,0.996493,0,0.61018,0.19417,36.611,0.388,-1,400.000,-1,375.000,875.000,325.000,325.000,300.000,275.000,850.000,-1,850.000,-1,825.000,675.000,-1,-1,2,0,2,0,1,0,0,0,0,1,2,0,2,0,0,2,2
82,-1696.788,-8569.561,-76.847,149.280,-0.857076,-0.510813,0.067019,0.508351,-0.859638,-0.051015,0.083671,-0.009654,0.996447,0,0.69018,0.07417,41.411,0.148,-1,400.000,-1,375.000,850.000,325.000,325.000,300.000,275.000,900.000,-1,875.000,-1,825.000,675.000,-1,-1,2,0,2,0,1,0,0,0,0,1,2,0,2,0,0,2,2
83,-1732.784,-8548.236,-73.203,149.357,-0.857728,-0.509664,0.067417,0.507071,-0.860305,-0.052478,0.084745,-0.010827,0.996344,0,0.69729,0.03807,41.838,0.076,-1,400.000,-1,375.000,825.000,325.000,325.000,300.000,300.000,925.000,1000.000,875.000,-1,825.000,700.000,-1,-1,2,0,2,0,1,0,0,0,0,1,0,0,2,0,0,2,2
84,-1768.793,-8526.960,-69.597,149.424,-0.858298,-0.508647,0.067841,0.505916,-0.860891,-0.053993,0.085867,-0.012020,0.996234,0,0.69709,0.03362,41.825,0.067,-1,400.000,-1,375.000,800.000,325.000,325.000,300.000,300.000,950.000,975.000,875.000,-1,850.000,700.000,-1,1000.000,2,0,2,0,1,0,0,0,0,1,0,0,2,0,0,2,1
85,-1804.804,-8505.734,-65.952,149.482,-0.858789,-0.507765,0.068235,0.504924,-0.861399,-0.055174,0.086793,-0.012930,0.996142,0,0.69668,0.02916,41.801,0.058,-1,400.000,-1,375.000,800.000,325.000,325.000,300.000,300.000,1000.000,975.000,900.000,-1,850.000,700.000,-1,975.000,2,0,2,0,1,0,0,0,0,1,0,0,2,0,0,2,1
86,-1840.801,-8484.556,-62.302,149.532,-0.859200,-0.507017,0.068619,0.504080,-0.861827,-0.056184,0.087624,-0.013683,0.996060,0,0.69607,0.02469,41.764,0.049,-1,425.000,-1,375.000,775.000,350.000,325.000,300.000,300.000,-1,975.000,900.000,-1,850.000,700.000,-1,950.000,2,0,2,0,1,0,0,0,0,2,0,0,2,0,0,2,1
87,-1876.772,-8463.429,-58.671,149.572,-0.859531,-0.506403,0.069010,0.503375,-0.862177,-0.057142,0.088436,-0.014378,0.995978,0,0.69527,0.02022,41.716,0.040,-1,425.000,-1,375.000,750.000,350.000,325.000,275.000,300.000,-1,975.000,925.000,-1,875.000,700.000,-1,925.000,2,0,2,0,1,0,0,0,0,2,0,0,2,0,0,2,1
88,-1912.703,-8442.351,-55.151,149.604,-0.859868,-0.505921,0.068339,0.502836,-0.862442,-0.057872,0.088217,-0.015399,0.995982,0,0.69429,0.01577,41.657,0.032,-1,425.000,-1,375.000,725.000,350.000,325.000,275.000,300.000,-1,-1,975.000,-1,850.000,700.000,-1,900.000,2,0,2,0,1,0,0,0,0,2,2,0,2,0,0,2,1
89,-1948.581,-8421.323,-51.648,149.626,-0.860126,-0.505572,0.067676,0.502437,-0.862630,-0.058542,0.087977,-0.016351,0.995988,0,0.69312,0.01135,41.587,0.023,-1,425.000,-1,375.000,700.000,350.000,325.000,275.000,300.000,-1,-1,1000.000,-1,850.000,700.000,-1,875.000,2,0,2,0,1,0,0,0,0,2,2,0,2,0,0,2,1
90,-1984.397,-8400.346,-48.172,149.643,-0.860326,-0.505309,0.067096,0.502122,-0.862765,-0.059238,0.087822,-0.017274,0.995986,0,0.69177,0.00845,41.506,0.017,-1,425.000,-1,375.000,675.000,350.000,325.000,275.000,300.000,-1,-1,-1,-1,850.000,700.000,-1,850.000,2,0,2,0,1,0,0,0,0,2,2,2,2,0,0,2,1
91,-2021.816,-8378.498,-44.568,149.720,-0.861050,-0.504141,0.066595,0.500894,-0.863428,-0.059983,0.087740,-0.018292,0.995975,0,0.72218,0.03847,43.331,0.077,-1,425.000,-1,375.000,650.000,350.000,325.000,275.000,275.000,-1,-1,-1,-1,825.000,700.000,-1,825.000,2,0,2,0,1,0,0,0,0,2,2,2,2,0,0,2,1
92,-2059.312,-8356.663,-40.892,149.787,-0.861705,-0.503126,0.065792,0.499810,-0.863991,-0.060909,0.087489,-0.019602,0.995973,0,0.72317,0.03325,43.390,0.067,-1,425.000,-1,375.000,625.000,325.000,325.000,275.000,275.000,-1,-1,-1,-1,825.000,700.000,-1,800.000,2,0,2,0,1,0,0,0,0,2,2,2,2,0,0,2,1
93,-2096.866,-8334.843,-37.151,149.842,-0.862287,-0.502269,0.064714,0.498876,-0.864452,-0.062006,0.087086,-0.021183,0.995976,0,0.72389,0.02789,43.433,0.056,-1,425.000,-1,375.000,600.000,325.000,325.000,275.000,275.000,-1,-1,-1,-1,800.000,700.000,-1,775.000,2,0,2,0,1,0,0,0,0,2,2,2,2,0,0,2,1
94,-2134.461,-8313.039,-33.428,149.887,-0.862764,-0.501576,0.063715,0.498106,-0.864815,-0.063137,0.086769,-0.022735,0.995969,0,0.72433,0.02237,43.460,0.045,-1,425.000,-1,375.000,600.000,325.000,325.000,275.000,275.000,-1,-1,-1,-1,800.000,700.000,-1,725.000,2,0,2,0,1,0,0,0,0,2,2,2,2,0,0,2,1
95,-2172.076,-8291.253,-29.837,149.920,-0.863138,-0.501059,0.062716,0.497556,-0.865085,-0.063769,0.086207,-0.023837,0.995992,0,0.72448,0.01671,43.469,0.033,-1,425.000,-1,375.000,575.000,325.000,325.000,275.000,275.000,-1,-1,-1,-1,775.000,700.000,-1,700.000,2,0,2,0,1,0,0,0,0,2,2,2,2,0,1,2,1
96,-2209.692,-8269.485,-26.275,149.942,-0.863403,-0.500716,0.061788,0.497181,-0.865254,-0.064395,0.085706,-0.024879,0.996010,0,0.72434,0.01092,43.460,0.022,-1,425.000,-1,375.000,550.000,325.000,325.000,300.000,275.000,-1,-1,-1,-1,775.000,675.000,-1,675.000,2,0,2,0,1,0,0,0,0,2,2,2,2,0,1,2,1
97,-2247.288,-8247.737,-22.692,149.952,-0.863572,-0.500550,0.060762,0.496978,-0.865316,-0.065131,0.085180,-0.026047,0.996025,0,0.72389,0.00500,43.433,0.010,-1,425.000,-1,375.000,525.000,325.000,325.000,300.000,275.000,-1,-1,-1,-1,750.000,675.000,-1,650.000,2,0,2,0,1,0,0,0,0,2,2,2,2,0,1,2,1
98,-2284.844,-8226.011,-18.895,149.950,-0.863707,-0.500554,0.058788,0.496935,-0.865250,-0.066309,0.084057,-0.028058,0.996066,0,0.72313,-0.00103,43.388,-0.002,-1,400.000,-1,375.000,500.000,325.000,325.000,300.000,275.000,-1,-1,-1,-1,750.000,650.000,-1,625.000,2,0,2,0,1,0,0,0,0,2,2,2,2,0,1,2,1
99,-2322.339,-8204.308,-15.108,149.936,-0.863729,-0.500741,0.056839,0.497076,-0.865074,-0.067545,0.082992,-0.030088,0.996096,0,0.72205,-0.00717,43.323,-0.014,-1,400.000,-1,375.000,475.000,325.000,300.000,300.000,275.000,-1,-1,-1,-1,725.000,625.000,-1,575.000,2,0,2,0,1,0,0,0,0,2,2,2,2,0,1,2,1
100,-2359.751,-8182.629,-11.333,149.909,-0.863637,-0.501114,0.054916,0.497402,-0.864785,-0.068839,0.081987,-0.032137,0.996115,0,0.72066,-0.01340,43.239,-0.027,-1,400.000,-1,375.000,450.000,325.000,300.000,300.000,275.000,-1,-1,-1,-1,725.000,600.000,-1,550.000,2,0,2,0,1,0,0,0,0,2,2,2,2,0,1,2,1
101,-2392.920,-8163.202,-7.981,149.642,-0.861413,-0.505110,0.053210,0.501363,-0.862399,-0.070019,0.081256,-0.033638,0.996126,0,0.64066,-0.13340,38.439,-0.267,-1,400.000,-1,375.000,425.000,325.000,300.000,300.000,275.000,-1,-1,-1,-1,700.000,575.000,-1,525.000,2,0,2,0,1,0,0,0,0,2,2,2,2,0,1,2,1
102,-2421.801,-8145.954,-5.050,149.152,-0.857160,-0.512449,0.051701,0.508677,-0.858020,-0.071060,0.080775,-0.034610,0.996131,0,0.56066,-0.24498,33.639,-0.490,-1,375.000,-1,375.000,400.000,325.000,300.000,300.000,275.000,-1,-1,-1,-1,700.000,575.000,-1,500.000,2,0,2,0,1,0,0,0,0,2,2,2,2,0,1,2,1
103,-2446.431,-8130.952,-2.554,148.654,-0.852725,-0.519874,0.050911,0.516030,-0.853508,-0.072367,0.081074,-0.035437,0.996078,0,0.48066,-0.24904,28.839,-0.498,-1,375.000,-1,375.000,400.000,300.000,300.000,300.000,275.000,-1,-1,-1,-1,675.000,550.000,-1,475.000,2,0,2,0,1,0,0,0,0,2,2,2,2,0,1,2,1
104,-2466.851,-8118.266,-0.377,148.150,-0.848105,-0.527369,0.050985,0.523439,-0.848889,-0.073472,0.082028,-0.035624,0.995993,0,0.40066,-0.25237,24.039,-0.505,-1,375.000,-1,375.000,375.000,300.000,300.000,300.000,275.000,-1,-1,-1,-1,675.000,550.000,-1,450.000,2,0,2,0,1,0,0,0,0,2,2,2,2,0,1,2,1
105,-2483.102,-8107.968,1.378,147.640,-0.843367,-0.534904,0.051080,0.530906,-0.844163,-0.074349,0.082890,-0.035585,0.995923,0,0.32066,-0.25499,19.239,-0.510,-1,375.000,-1,375.000,350.000,300.000,300.000,300.000,300.000,-1,-1,-1,-1,675.000,525.000,-1,450.000,2,0,2,0,1,0,0,0,0,2,2,2,2,0,1,2,1
106,-2495.229,-8100.130,2.704,147.126,-0.838522,-0.542457,0.051198,0.538407,-0.839341,-0.074996,0.083655,-0.035320,0.995869,0,0.24066,-0.25686,14.439,-0.514,-1,375.000,-1,375.000,350.000,300.000,300.000,300.000,300.000,-1,-1,-1,-1,675.000,525.000,-1,425.000,2,0,2,0,1,0,0,0,0,2,2,2,2,0,1,2,1
107,-2503.278,-8094.825,3.599,146.610,-0.833584,-0.550002,0.051342,0.545920,-0.834437,-0.075410,0.084317,-0.034832,0.995830,0,0.16066,-0.25798,9.639,-0.516,-1,375.000,-1,375.000,350.000,300.000,300.000,300.000,300.000,-1,-1,-1,-1,675.000,500.000,-1,425.000,2,0,2,0,1,0,0,0,0,2,2,2,2,0,1,2,1
108,-2507.294,-8092.125,4.056,146.093,-0.828565,-0.557518,0.051515,0.553423,-0.829463,-0.075590,0.084872,-0.034122,0.995807,0,0.08066,-0.25834,4.839,-0.517,-1,375.000,-1,375.000,350.000,300.000,300.000,300.000,300.000,-1,-1,-1,-1,675.000,500.000,-1,400.000,2,0,2,0,1,0,0,0,0,2,2,2,2,0,1,2,1
109,-2507.327,-8092.102,4.072,145.577,-0.823481,-0.564982,0.051720,0.560893,-0.824436,-0.075531,0.085314,-0.033189,0.995801,0,0.00066,-0.25794,0.039,-0.516,-1,375.000,-1,375.000,325.000,300.000,300.000,300.000,300.000,-1,-1,-1,-1,675.000,500.000,-1,400.000,2,0,2,0,1,0,0,0,0,2,2,2,2,0,1,2,1
110,-2503.424,-8094.828,3.645,145.064,-0.818347,-0.572370,0.051963,0.568308,-0.819369,-0.075231,0.085637,-0.032034,0.995811,0,-0.07934,-0.25678,-4.761,-0.514,-1,375.000,-1,375.000,350.000,300.000,300.000,300.000,300.000,-1,-1,-1,-1,675.000,500.000,-1,400.000,2,0,2,0,1,0,0,0,0,2,2,2,2,0,1,2,1
111,-2495.635,-8100.372,2.769,144.554,-0.813180,-0.579662,0.052247,0.575647,-0.814280,-0.074686,0.085837,-0.030658,0.995837,0,-0.15934,-0.25487,-9.561,-0.510,-1,375.000,-1,375.000,350.000,300.000,300.000,300.000,300.000,-1,-1,-1,-1,675.000,500.000,-1,400.000,2,0,2,0,1,0,0,0,0,2,2,2,2,0,1,2,1
112,-2484.009,-8108.803,1.444,144.050,-0.807997,-0.586836,0.052578,0.582890,-0.809184,-0.073893,0.085908,-0.029058,0.995879,0,-0.23934,-0.25220,-14.361,-0.504,-1,375.000,-1,375.000,350.000,300.000,300.000,300.000,300.000,-1,-1,-1,-1,675.000,500.000,-1,400.000,2,0,2,0,1,0,0,0,0,2,2,2,2,0,1,2,1
113,-2468.597,-8120.186,-0.333,143.552,-0.802815,-0.593872,0.052960,0.590016,-0.804099,-0.072847,0.085847,-0.027235,0.995936,0,-0.31934,-0.24880,-19.161,-0.498,-1,375.000,-1,375.000,350.000,300.000,300.000,300.000,300.000,-1,-1,-1,-1,675.000,500.000,-1,425.000,2,0,2,0,1,0,0,0,0,2,2,2,2,0,1,2,1
114,-2449.445,-8134.584,-2.563,143.063,-0.797652,-0.600750,0.053399,0.597006,-0.799040,-0.071543,0.085648,-0.025187,0.996007,0,-0.39934,-0.24467,-23.961,-0.489,-1,375.000,-1,375.000,375.000,300.000,300.000,300.000,275.000,-1,-1,-1,-1,675.000,500.000,-1,425.000,2,0,2,0,1,0,0,0,0,2,2,2,2,0,1,2,1
115,-2426.956,-8151.788,-5.205,142.583,-0.792526,-0.607451,0.053896,0.603840,-0.794026,-0.070002,0.085318,-0.022934,0.996090,0,-0.47191,-0.23985,-28.315,-0.480,-1,375.000,-1,375.000,375.000,325.000,300.000,300.000,275.000,-1,-1,-1,-1,675.000,525.000,-1,450.000,2,0,2,0,1,0,0,0,0,2,2,2,2,0,1,2,1
116,-2404.701,-8169.105,-7.842,142.114,-0.787460,-0.613959,0.054411,0.610481,-0.789067,-0.068460,0.084966,-0.020693,0.996169,0,-0.46997,-0.23444,-28.198,-0.469,-1,375.000,-1,350.000,400.000,325.000,300.000,300.000,275.000,-1,-1,-1,-1,700.000,525.000,-1,450.000,2,0,2,0,1,0,0,0,0,2,2,2,2,0,1,2,1
117,-2382.664,-8186.536,-10.473,141.656,-0.782455,-0.620278,0.054944,0.616934,-0.784165,-0.066918,0.084593,-0.018463,0.996245,0,-0.46829,-0.22916,-28.098,-0.458,-1,375.000,-1,350.000,400.000,325.000,300.000,300.000,275.000,-1,-1,-1,-1,700.000,525.000,-1,475.000,2,0,2,0,1,0,0,0,0,2,2,2,2,0,1,2,1
118,-2364.569,-8201.211,-12.450,140.958,-0.774780,-0.629810,0.055264,0.626557,-0.776573,-0.066043,0.084511,-0.016543,0.996285,0,-0.38829,-0.34916,-23.298,-0.698,-1,400.000,-1,350.000,425.000,325.000,300.000,300.000,275.000,-1,-1,-1,-1,700.000,550.000,-1,475.000,2,0,2,0,1,0,0,0,0,2,2,2,2,0,1,2,1
119,-2350.364,-8213.059,-13.938,140.168,-0.765992,-0.640467,0.055296,0.637287,-0.767841,-0.065462,0.084385,-0.014904,0.996322,0,-0.30829,-0.39474,-18.498,-0.789,-1,400.000,-1,350.000,425.000,325.000,300.000,300.000,300.000,-1,-1,-1,-1,700.000,550.000,-1,500.000,2,0,2,0,1,0,0,0,0,2,2,2,2,0,1,2,1
120,-2339.966,-8221.975,-15.033,139.387,-0.757160,-0.650887,0.055271,0.647771,-0.759056,-0.065011,0.084268,-0.013421,0.996353,0,-0.22829,-0.39047,-13.698,-0.781,-1,400.000,-1,350.000,425.000,325.000,300.000,300.000,300.000,-1,-1,-1,-1,700.000,550.000,-1,500.000,2,0,2,0,1,0,0,0,0,2,2,2,2,0,1,2,1
121,-2333.291,-8227.858,-15.732,138.613,-0.748274,-0.661091,0.055172,0.658030,-0.750208,-0.064692,0.084158,-0.012102,0.996379,0,-0.14829,-0.38696,-8.898,-0.774,-1,400.000,-1,350.000,425.000,300.000,300.000,300.000,300.000,-1,-1,-1,-1,700.000,550.000,-1,500.000,2,0,2,0,1,0,0,0,0,2,2,2,2,0,1,2,1
122,-2330.253,-8230.608,-16.033,137.845,-0.739324,-0.671101,0.054988,0.668083,-0.741285,-0.064508,0.084053,-0.010956,0.996401,0,-0.06829,-0.38417,-4.098,-0.768,-1,400.000,-1,350.000,425.000,300.000,300.000,300.000,300.000,-1,-1,-1,-1,700.000,550.000,-1,500.000,2,0,2,0,1,0,0,0,0,2,2,2,2,0,1,2,1
123,-2330.767,-8230.130,-15.933,137.081,-0.730298,-0.680934,0.054708,0.677949,-0.732277,-0.064466,0.083958,-0.009990,0.996419,0,0.01171,-0.38208,0.702,-0.764,-1,400.000,-1,350.000,425.000,300.000,300.000,300.000,300.000,-1,-1,-1,-1,700.000,550.000,-1,500.000,2,0,2,0,1,0,0,0,0,2,2,2,2,0,1,2,1
124,-2334.747,-8226.329,-15.407,136.319,-0.721174,-0.690610,0.054469,0.687647,-0.723170,-0.064552,0.083970,-0.009098,0.996427,0,0.09171,-0.38066,5.502,-0.761,-1,375.000,-1,350.000,425.000,300.000,300.000,300.000,300.000,-1,-1,-1,-1,675.000,525.000,-1,475.000,2,0,2,0,1,0,0,0,0,2,2,2,2,0,1,2,1
125,-2342.102,-8219.116,-14.383,135.560,-0.711889,-0.700146,0.054866,0.697172,-0.713955,-0.064956,0.084651,-0.007990,0.996379,0,0.17171,-0.37991,10.302,-0.760,-1,375.000,-1,350.000,425.000,300.000,300.000,300.000,300.000,-1,-1,-1,-1,675.000,525.000,-1,475.000,2,0,2,0,1,0,0,0,0,2,2,2,2,0,1,2,1
126,-2352.789,-8208.444,-13.003,135.040,-0.705450,-0.706597,0.055327,0.703564,-0.707576,-0.065824,0.085659,-0.007510,0.996296,0,0.25171,-0.25991,15.102,-0.520,-1,375.000,-1,350.000,400.000,300.000,300.000,300.000,300.000,-1,-1,-1,-1,700.000,500.000,-1,450.000,2,0,2,0,1,0,0,0,0,2,2,2,2,0,1,2,1
127,-2366.785,-8194.294,-11.217,134.687,-0.701029,-0.710939,0.055895,0.707819,-0.703215,-0.066940,0.086897,-0.007364,0.996190,0,0.33171,-0.17631,19.902,-0.353,-1,375.000,-1,350.000,400.000,300.000,300.000,300.000,300.000,-1,-1,-1,-1,700.000,500.000,-1,450.000,2,0,2,0,1,0,0,0,0,2,2,2,2,0,1,2,1
128,-2384.047,-8176.623,-9.008,134.330,-0.696517,-0.715304,0.056603,0.712071,-0.698775,-0.068324,0.088425,-0.007283,0.996056,0,0.41171,-0.17838,24.702,-0.357,-1,375.000,-1,350.000,375.000,300.000,300.000,300.000,300.000,-1,975.000,-1,-1,700.000,475.000,-1,425.000,2,0,2,0,1,0,0,0,0,2,0,2,2,0,1,2,1
129,-2404.530,-8155.389,-6.376,133.968,-0.691894,-0.719709,0.057464,0.716335,-0.694238,-0.069977,0.090257,-0.007253,0.995892,0,0.49171,-0.18115,29.502,-0.362,-1,375.000,-1,375.000,350.000,300.000,300.000,300.000,300.000,-1,875.000,-1,-1,700.000,475.000,-1,400.000,2,0,2,0,1,0,0,0,0,2,0,2,2,0,1,2,1
130,-2428.185,-8130.547,-3.240,133.599,-0.687171,-0.724167,0.058120,0.720625,-0.689583,-0.071934,0.092171,-0.007548,0.995715,0,0.57171,-0.18466,34.302,-0.369,-1,375.000,-1,375.000,325.000,325.000,300.000,300.000,300.000,-1,775.000,-1,-1,700.000,450.000,-1,375.000,2,0,2,1,1,0,0,0,0,2,0,2,2,0,1,2,1
131,-2454.963,-8102.052,0.601,133.221,-0.682412,-0.728692,0.057639,0.724952,-0.684784,-0.074269,0.093590,-0.008897,0.995571,0,0.65171,-0.18897,39.102,-0.378,-1,375.000,-1,350.000,300.000,325.000,300.000,300.000,300.000,-1,725.000,1000.000,-1,700.000,425.000,-1,350.000,2,0,2,1,1,0,0,0,0,2,0,0,2,0,1,2,1
132,-2484.810,-8069.856,4.929,132.832,-0.677502,-0.733304,0.057062,0.729338,-0.679820,-0.076880,0.095168,-0.010469,0.995406,0,0.73171,-0.19413,43.902,-0.388,-1,375.000,-1,325.000,275.000,325.000,300.000,300.000,300.000,-1,600.000,975.000,-1,700.000,400.000,-1,300.000,2,0,2,1,1,0,0,0,0,2,0,0,2,0,1,2,1
133,-2517.528,-8033.779,9.752,132.204,-0.669456,-0.740703,0.056460,0.736488,-0.671728,-0.079791,0.097028,-0.011835,0.995211,0,0.81171,-0.31413,48.702,-0.628,-1,375.000,-1,300.000,250.000,325.000,300.000,300.000,300.000,-1,450.000,925.000,-1,675.000,375.000,-1,275.000,2,0,2,1,1,0,0,0,0,2,0,0,2,1,1,2,1
