timestep,x_cm,y_cm,z_cm,yaw_deg,basis_xx,basis_xy,basis_xz,basis_yx,basis_yy,basis_yz,basis_zx,basis_zy,basis_zz,teleport_flag,throttle_cmd,steering_cmd,cmd_move_cm,cmd_turn_deg,lidar_cm_0,lidar_cm_1,lidar_cm_2,lidar_cm_3,lidar_cm_4,lidar_cm_5,lidar_cm_6,lidar_cm_7,lidar_cm_8,lidar_cm_9,lidar_cm_10,lidar_cm_11,lidar_cm_12,lidar_cm_13,lidar_cm_14,lidar_cm_15,lidar_cm_16,lidar_class_0,lidar_class_1,lidar_class_2,lidar_class_3,lidar_class_4,lidar_class_5,lidar_class_6,lidar_class_7,lidar_class_8,lidar_class_9,lidar_class_10,lidar_class_11,lidar_class_12,lidar_class_13,lidar_class_14,lidar_class_15,lidar_class_16
0,4759.185,3864.826,-251.269,101.370,-0.193028,-0.979096,0.064115,0.978564,-0.196880,-0.060428,0.071788,0.051077,0.996111,1,0.08000,-0.12000,4.800,-0.240,250.000,300.000,-1,475.000,-1,275.000,325.000,400.000,250.000,-1,200.000,75.000,475.000,500.000,-1,300.000,-1,1,1,2,1,2,1,1,1,0,2,0,0,0,1,2,1,2
1,4757.370,3874.254,-250.823,100.890,-0.184553,-0.980611,0.065890,0.980048,-0.188652,-0.062580,0.073797,0.053026,0.995863,0,0.16000,-0.24000,9.600,-0.480,250.000,300.000,-1,475.000,-1,275.000,325.000,400.000,250.000,-1,200.000,75.000,475.000,525.000,-1,325.000,-1,1,1,2,1,2,1,1,1,0,2,0,0,0,1,2,1,2
2,4754.825,3888.428,-250.118,100.170,-0.171828,-0.982758,0.068279,0.982140,-0.176288,-0.065750,0.076653,0.055762,0.995497,0,0.24000,-0.36000,14.400,-0.720,250.000,325.000,-1,500.000,-1,300.000,350.000,400.000,250.000,-1,200.000,75.000,450.000,525.000,-1,375.000,-1,1,1,2,1,2,1,1,1,0,2,0,0,0,1,2,1,2
3,4751.748,3907.381,-249.180,99.210,-0.154816,-0.985373,0.071218,0.984669,-0.159765,-0.070009,0.080363,0.059287,0.995001,0,0.32000,-0.48000,19.200,-0.960,300.000,325.000,-1,500.000,-1,300.000,350.000,375.000,250.000,-1,200.000,75.000,425.000,550.000,-1,450.000,-1,1,1,2,1,2,1,1,1,0,2,0,0,0,1,2,1,2
4,4748.399,3931.148,-248.021,98.010,-0.133485,-0.988245,0.074517,0.987409,-0.139058,-0.075405,0.084880,0.063513,0.994365,0,0.40000,-0.60000,24.000,-1.200,-1,350.000,-1,525.000,-1,325.000,375.000,350.000,250.000,-1,200.000,75.000,400.000,600.000,-1,-1,-1,2,1,2,1,2,1,1,1,0,2,0,0,0,1,2,2,2
5,4745.098,3959.760,-246.549,96.570,-0.107802,-0.991078,0.078375,0.990120,-0.114139,-0.081450,0.089669,0.068821,0.993591,0,0.48000,-0.72000,28.800,-1.440,-1,350.000,-1,575.000,-1,325.000,375.000,325.000,250.000,-1,200.000,75.000,400.000,625.000,-1,-1,-1,2,1,2,1,2,1,1,1,0,2,0,0,0,1,2,2,2
6,4742.225,3993.238,-244.378,94.890,-0.078204,-0.993439,0.083451,0.993078,-0.084986,-0.081078,0.087638,0.076532,0.993208,0,0.56000,-0.84000,33.600,-1.680,-1,375.000,-1,575.000,-1,325.000,400.000,300.000,250.000,-1,250.000,100.000,400.000,650.000,-1,-1,-1,2,1,2,0,2,1,1,1,0,2,0,0,0,1,2,2,2
7,4263.558,-9511.017,-155.669,124.400,-0.564729,-0.825088,-0.017658,0.825036,-0.564952,0.012075,-0.019939,-0.007750,0.999771,1,0.00000,0.00000,37.634,-1.767,-1,400.000,-1,400.000,-1,325.000,325.000,300.000,300.000,-1,475.000,575.000,925.000,800.000,725.000,-1,-1,2,0,2,0,2,0,0,0,0,2,1,1,1,0,0,2,2
8,4260.863,-9507.045,-155.762,124.160,-0.561266,-0.827446,-0.017707,0.827396,-0.561490,0.012037,-0.019902,-0.007894,0.999771,0,0.08000,-0.12000,4.800,-0.240,-1,400.000,-1,400.000,-1,325.000,325.000,300.000,300.000,-1,475.000,575.000,925.000,800.000,725.000,-1,-1,2,0,2,0,2,0,0,0,0,2,1,1,1,0,0,2,2
9,4255.534,-9499.060,-155.948,123.722,-0.554918,-0.831714,-0.017804,0.831669,-0.555144,0.011959,-0.019830,-0.008170,0.999770,0,0.16000,-0.21912,9.600,-0.438,-1,400.000,-1,400.000,-1,325.000,325.000,300.000,300.000,-1,500.000,575.000,925.000,800.000,725.000,-1,-1,2,0,2,0,2,0,0,0,0,2,1,1,1,0,0,2,2
10,4247.630,-9487.023,-156.234,123.288,-0.548599,-0.835893,-0.017947,0.835853,-0.548826,0.011843,-0.019749,-0.008504,0.999769,0,0.24000,-0.21700,14.400,-0.434,-1,400.000,-1,400.000,-1,325.000,325.000,300.000,300.000,-1,500.000,575.000,925.000,800.000,725.000,-1,-1,2,0,2,0,2,0,0,0,0,2,1,1,1,0,0,2,2
11,4237.212,-9470.895,-156.622,122.860,-0.542337,-0.839965,-0.018138,0.839931,-0.542568,0.011687,-0.019657,-0.008896,0.999767,0,0.32000,-0.21390,19.200,-0.428,-1,400.000,-1,400.000,-1,325.000,325.000,300.000,300.000,-1,525.000,600.000,950.000,800.000,725.000,-1,-1,2,0,2,0,2,0,0,0,0,2,1,1,1,0,0,2,2
12,4224.338,-9450.640,-157.125,122.440,-0.536166,-0.843913,-0.018363,0.843885,-0.536400,0.011536,-0.019586,-0.009311,0.999765,0,0.40000,-0.20979,24.000,-0.420,-1,400.000,-1,400.000,-1,325.000,325.000,300.000,300.000,-1,550.000,625.000,975.000,800.000,725.000,-1,-1,2,0,2,0,2,0,0,0,0,2,1,1,1,0,0,2,2
13,4209.063,-9426.225,-157.745,122.031,-0.530118,-0.847719,-0.018629,0.847699,-0.530356,0.011380,-0.019527,-0.009759,0.999762,0,0.48000,-0.20464,28.800,-0.409,-1,400.000,-1,400.000,-1,325.000,325.000,300.000,300.000,-1,575.000,650.000,1000.000,800.000,725.000,-1,-1,2,0,2,0,2,0,0,0,0,2,1,1,1,0,0,2,2
14,4191.440,-9397.618,-158.482,121.634,-0.524228,-0.851367,-0.018944,0.851356,-0.524470,0.011196,-0.019468,-0.010259,0.999758,0,0.56000,-0.19840,33.600,-0.397,-1,400.000,-1,375.000,-1,325.000,325.000,300.000,300.000,-1,600.000,675.000,-1,800.000,725.000,-1,-1,2,0,2,0,2,0,0,0,0,2,1,1,2,0,0,2,2
15,4171.518,-9364.790,-159.342,121.252,-0.518531,-0.854841,-0.019313,0.854839,-0.518778,0.010983,-0.019407,-0.010814,0.999753,0,0.64000,-0.19104,38.400,-0.382,-1,400.000,-1,375.000,-1,325.000,325.000,300.000,300.000,-1,625.000,700.000,-1,775.000,725.000,-1,-1,2,0,2,0,2,0,0,0,0,2,1,1,2,0,0,2,2
16,4149.341,-9327.717,-160.198,120.887,-0.513050,-0.858118,-0.020360,0.858132,-0.513315,0.010823,-0.019738,-0.011919,0.999734,0,0.72000,-0.18250,43.200,-0.365,-1,400.000,-1,375.000,-1,325.000,325.000,300.000,300.000,-1,675.000,750.000,-1,775.000,725.000,-1,-1,2,0,2,0,2,0,0,0,0,2,1,1,2,0,0,2,2
17,4124.948,-9286.376,-161.177,120.542,-0.507837,-0.861184,-0.021526,0.861218,-0.508124,0.010648,-0.020108,-0.013131,0.999712,0,0.80000,-0.17274,48.000,-0.345,-1,400.000,-1,375.000,-1,325.000,325.000,300.000,300.000,-1,725.000,800.000,-1,775.000,725.000,-1,-1,2,0,2,0,2,0,0,0,0,2,1,1,2,0,0,2,2
18,4100.366,-9244.171,-162.140,120.218,-0.502939,-0.864020,-0.022821,0.864084,-0.503245,0.010178,-0.020279,-0.014601,0.999688,0,0.81404,-0.16169,48.843,-0.323,-1,400.000,-1,375.000,-1,325.000,325.000,300.000,300.000,-1,775.000,850.000,-1,775.000,725.000,-1,-1,2,0,2,0,2,0,0,0,0,2,1,1,2,0,0,2,2
19,4075.841,-9201.553,-163.023,119.918,-0.498373,-0.866621,-0.024330,0.866730,-0.498693,0.009177,-0.020086,-0.016514,0.999662,0,0.81952,-0.15020,49.171,-0.300,-1,400.000,-1,375.000,-1,325.000,325.000,300.000,300.000,-1,825.000,875.000,-1,775.000,725.000,-1,-1,2,0,2,0,2,0,0,0,0,2,1,1,2,0,0,2,2
20,4051.368,-9158.546,-163.944,119.641,-0.494152,-0.868991,-0.025851,0.869148,-0.494484,0.008168,-0.019881,-0.018432,0.999632,0,0.82471,-0.13840,49.482,-0.277,-1,400.000,-1,375.000,-1,325.000,325.000,300.000,300.000,-1,850.000,925.000,-1,750.000,725.000,-1,-1,2,0,2,0,2,0,0,0,0,2,1,1,2,0,0,2,2
21,4025.573,-9112.972,-164.956,119.509,-0.492109,-0.870101,-0.027452,0.870311,-0.492452,0.007099,-0.019695,-0.020399,0.999598,0,0.87280,-0.06633,52.368,-0.133,-1,400.000,-1,375.000,-1,325.000,325.000,300.000,300.000,-1,900.000,975.000,-1,750.000,700.000,-1,-1,2,0,2,0,2,0,0,0,0,2,1,1,2,0,0,2,2
22,3999.781,-9067.197,-165.911,119.399,-0.490416,-0.871011,-0.028845,0.871264,-0.490773,0.006471,-0.019793,-0.021958,0.999563,0,0.87568,-0.05472,52.541,-0.109,-1,400.000,-1,375.000,-1,325.000,325.000,300.000,300.000,-1,975.000,-1,-1,750.000,700.000,-1,-1,2,0,2,0,2,0,0,0,0,2,1,2,2,0,0,2,2
23,3973.989,-9021.263,-166.830,119.314,-0.489090,-0.871719,-0.029952,0.872007,-0.489457,0.005992,-0.019884,-0.023187,0.999533,0,0.87800,-0.04280,52.680,-0.086,-1,400.000,-1,375.000,-1,325.000,325.000,300.000,300.000,-1,-1,-1,-1,750.000,700.000,-1,-1,2,0,2,0,2,0,0,0,0,2,2,2,2,0,0,2,2
24,3948.195,-8975.209,-167.659,119.252,-0.488157,-0.872228,-0.030366,0.872537,-0.488518,0.005395,-0.019540,-0.023862,0.999524,0,0.87975,-0.03061,52.785,-0.061,-1,400.000,-1,375.000,-1,325.000,325.000,300.000,300.000,-1,-1,-1,-1,750.000,700.000,-1,-1,2,0,2,0,2,0,0,0,0,2,2,2,2,0,0,2,2
25,3922.396,-8929.078,-168.465,119.216,-0.487614,-0.872529,-0.030431,0.872853,-0.487960,0.004735,-0.018980,-0.024253,0.999526,0,0.88092,-0.01817,52.855,-0.036,-1,400.000,-1,375.000,-1,325.000,325.000,300.000,300.000,-1,-1,-1,-1,750.000,700.000,-1,-1,2,0,2,0,2,0,0,0,0,2,2,2,2,0,0,2,2
26,3896.590,-8882.913,-169.308,119.205,-0.487457,-0.872615,-0.030460,0.872953,-0.487788,0.004065,-0.018405,-0.024609,0.999528,0,0.88148,-0.00551,52.889,-0.011,-1,400.000,-1,375.000,-1,325.000,325.000,300.000,300.000,-1,-1,-1,-1,750.000,700.000,-1,-1,2,0,2,0,2,0,0,0,0,2,2,2,2,0,0,2,2
27,3870.773,-8836.755,-170.221,119.220,-0.487698,-0.872486,-0.030302,0.872833,-0.488008,0.003362,-0.017721,-0.024809,0.999535,0,0.88145,0.00732,52.887,0.015,-1,400.000,-1,375.000,-1,325.000,325.000,300.000,300.000,-1,-1,-1,-1,750.000,675.000,-1,-1,2,0,2,0,2,0,0,0,0,2,2,2,2,0,0,2,2
28,3844.942,-8790.650,-171.173,119.260,-0.488335,-0.872137,-0.030100,0.872490,-0.488624,0.002654,-0.017022,-0.024966,0.999543,0,0.88081,0.02028,52.849,0.041,-1,400.000,-1,375.000,-1,325.000,325.000,300.000,300.000,-1,-1,-1,-1,750.000,675.000,-1,-1,2,0,2,0,2,0,0,0,0,2,2,2,2,0,0,2,2
29,3819.093,-8744.639,-172.158,119.327,-0.489369,-0.871565,-0.029873,0.871924,-0.489637,0.001945,-0.016322,-0.025095,0.999552,0,0.87958,0.03334,52.775,0.067,-1,400.000,-1,375.000,-1,325.000,325.000,300.000,300.000,-1,-1,-1,-1,725.000,675.000,-1,-1,2,0,2,0,2,0,0,0,0,2,2,2,2,0,0,2,2
30,3793.223,-8698.764,-173.178,119.420,-0.490800,-0.870768,-0.029620,0.871132,-0.491047,0.001238,-0.015623,-0.025195,0.999560,0,0.87777,0.04642,52.666,0.093,-1,400.000,-1,375.000,-1,325.000,325.000,300.000,300.000,-1,-1,-1,-1,725.000,675.000,-1,-1,2,0,2,0,2,0,0,0,0,2,2,2,2,0,0,2,2
31,3767.329,-8653.068,-174.034,119.539,-0.492601,-0.869729,-0.030249,0.870117,-0.492845,0.000681,-0.015500,-0.025984,0.999542,0,0.87539,0.05949,52.523,0.119,-1,400.000,-1,375.000,-1,325.000,325.000,300.000,300.000,-1,-1,-1,-1,725.000,675.000,-1,-1,2,0,2,0,2,0,0,0,0,2,2,2,2,0,0,2,2
32,3741.405,-8607.589,-174.915,119.684,-0.494794,-0.868461,-0.030892,0.868874,-0.495034,0.000134,-0.015409,-0.026775,0.999523,0,0.87247,0.07249,52.348,0.145,-1,400.000,-1,375.000,-1,325.000,300.000,300.000,300.000,-1,-1,-1,-1,725.000,675.000,-1,-1,2,0,2,0,2,0,0,0,0,2,2,2,2,0,0,2,2
33,3715.448,-8562.367,-175.498,119.854,-0.497385,-0.866936,-0.032087,0.867412,-0.497588,-0.001882,-0.014335,-0.028769,0.999483,0,0.86904,0.08524,52.143,0.170,-1,400.000,-1,375.000,-1,325.000,300.000,300.000,300.000,-1,-1,-1,-1,725.000,675.000,-1,-1,2,0,2,0,2,0,0,0,0,2,2,2,2,1,0,2,2
34,3689.464,-8517.430,-176.076,120.037,-0.500159,-0.865293,-0.033306,0.865834,-0.500316,-0.004064,-0.013147,-0.030870,0.999437,0,0.86514,0.09126,51.908,0.183,-1,375.000,-1,375.000,-1,325.000,300.000,300.000,300.000,-1,-1,-1,-1,725.000,675.000,-1,-1,2,0,2,0,2,0,0,0,0,2,2,2,2,1,0,2,2
35,3662.825,-8471.634,-176.674,120.186,-0.502433,-0.863929,-0.034461,0.864533,-0.502538,-0.006158,-0.011998,-0.032887,0.999387,0,0.88300,0.07471,52.980,0.149,-1,375.000,-1,375.000,-1,325.000,300.000,300.000,300.000,-1,-1,-1,-1,750.000,675.000,-1,-1,2,0,2,0,2,0,0,0,0,2,2,2,2,1,0,2,2
36,3633.695,-8422.332,-177.270,120.576,-0.508308,-0.860445,-0.035450,0.861102,-0.508370,-0.007938,-0.011192,-0.034561,0.999340,0,0.95441,0.19471,57.264,0.389,-1,375.000,-1,375.000,-1,300.000,300.000,300.000,300.000,-1,1000.000,-1,-1,750.000,675.000,-1,-1,2,0,2,0,2,0,0,0,0,2,0,2,2,1,0,2,2
37,3604.122,-8373.510,-177.803,121.205,-0.517737,-0.854777,-0.036115,0.855470,-0.517772,-0.009115,-0.010908,-0.035615,0.999306,0,0.95134,0.31471,57.080,0.629,-1,375.000,-1,375.000,-1,300.000,300.000,300.000,300.000,-1,-1,-1,-1,750.000,675.000,-1,-1,2,0,2,0,2,0,0,0,0,2,2,2,2,1,0,2,2
38,3573.901,-8325.287,-178.358,122.074,-0.530662,-0.846801,-0.036421,0.847517,-0.530669,-0.010279,-0.010623,-0.036322,0.999284,0,0.94850,0.43471,56.910,0.869,-1,375.000,-1,375.000,-1,300.000,300.000,300.000,300.000,-1,-1,-1,-1,750.000,675.000,-1,-1,2,0,2,0,2,0,0,0,0,2,2,2,2,1,0,2,2
39,3542.835,-8277.783,-178.599,123.184,-0.547021,-0.836368,-0.035445,0.837067,-0.546966,-0.012114,-0.009255,-0.036296,0.999298,0,0.94602,0.55471,56.761,1.109,-1,375.000,-1,375.000,-1,300.000,300.000,300.000,300.000,-1,900.000,-1,-1,750.000,675.000,-1,-1,2,0,2,0,2,0,0,0,0,2,0,2,2,1,0,2,2
40,3510.728,-8231.125,-178.925,124.533,-0.566625,-0.823258,-0.034388,0.823936,-0.566512,-0.013894,-0.008043,-0.036206,0.999312,0,0.94397,0.67471,56.638,1.349,-1,375.000,-1,375.000,-1,325.000,300.000,300.000,300.000,-1,825.000,-1,-1,725.000,675.000,-1,-1,2,0,2,0,2,0,0,0,0,2,0,2,2,1,0,2,2
41,3477.393,-8185.449,-179.350,126.123,-0.589297,-0.807233,-0.033220,0.807886,-0.589133,-0.015572,-0.007001,-0.036015,0.999327,0,0.94245,0.79471,56.547,1.589,-1,400.000,-1,375.000,-1,325.000,300.000,300.000,300.000,-1,775.000,925.000,-1,725.000,700.000,-1,-1,2,1,2,0,2,0,0,0,0,2,0,0,2,1,0,2,2
42,3442.651,-8140.904,-179.885,127.952,-0.614817,-0.788023,-0.031921,0.788646,-0.614610,-0.017116,-0.006131,-0.035697,0.999344,0,0.94152,0.91471,56.491,1.829,-1,400.000,-1,375.000,-1,325.000,325.000,300.000,300.000,-1,725.000,850.000,-1,725.000,700.000,-1,-1,2,1,2,0,2,0,0,0,0,2,0,0,2,1,0,2,2
43,3406.387,-8097.613,-180.423,129.952,-0.641979,-0.766095,-0.031000,0.766701,-0.641738,-0.018505,-0.005717,-0.035647,0.999348,0,0.94124,1.00000,56.474,2.000,-1,425.000,-1,375.000,-1,325.000,325.000,300.000,300.000,-1,725.000,850.000,-1,725.000,700.000,-1,-1,2,1,2,0,2,1,0,0,0,2,0,0,2,0,0,2,2
44,3368.626,-8055.606,-180.772,131.952,-0.668315,-0.743197,-0.031851,0.743850,-0.668051,-0.019858,-0.006520,-0.036963,0.999295,0,0.94140,1.00000,56.484,2.000,-1,425.000,-1,375.000,-1,325.000,325.000,-1,300.000,-1,775.000,900.000,-1,700.000,700.000,-1,-1,2,1,2,0,2,1,0,2,0,2,0,0,2,0,0,2,2
45,3328.002,-8013.120,-183.035,133.712,-0.690550,-0.722073,-0.041848,0.723169,-0.690318,-0.022065,-0.012956,-0.045500,0.998880,0,0.97972,0.88000,58.783,1.760,-1,400.000,-1,375.000,-1,300.000,300.000,-1,300.000,-1,-1,-1,-1,650.000,675.000,-1,-1,2,1,2,0,2,1,0,2,0,2,2,2,2,1,0,2,2
46,3286.327,-7971.790,-185.127,135.232,-0.709164,-0.703256,-0.050167,0.704806,-0.708975,-0.024556,-0.018298,-0.052772,0.998439,0,0.97823,0.76000,58.694,1.520,-1,375.000,-1,350.000,-1,300.000,300.000,-1,300.000,-1,-1,-1,-1,625.000,650.000,-1,-1,2,1,2,0,2,1,0,2,0,2,2,2,2,0,0,2,2
47,3243.860,-7931.514,-186.976,136.512,-0.724429,-0.687009,-0.056764,0.688987,-0.724260,-0.027280,-0.022371,-0.058872,0.998015,0,0.97549,0.64000,58.529,1.280,-1,350.000,-1,350.000,-1,275.000,275.000,-1,300.000,-1,-1,-1,-1,575.000,625.000,1000.000,-1,2,1,2,0,2,1,0,2,0,2,2,2,2,0,0,0,2
48,3200.849,-7892.179,-188.491,137.552,-0.736574,-0.673539,-0.061671,0.675892,-0.736380,-0.030227,-0.025054,-0.063948,0.997639,0,0.97143,0.52000,58.286,1.040,-1,350.000,-1,350.000,-1,275.000,275.000,-1,325.000,-1,-1,-1,-1,550.000,625.000,825.000,-1,2,1,2,0,2,1,0,2,0,2,2,2,2,0,0,0,2
49,3157.536,-7853.665,-189.596,138.352,-0.745754,-0.663010,-0.065334,0.665680,-0.745508,-0.032970,-0.026847,-0.068079,0.997319,0,0.96600,0.40000,57.960,0.800,-1,325.000,-1,350.000,-1,275.000,275.000,-1,325.000,-1,-1,-1,-1,525.000,600.000,775.000,-1,2,1,2,0,2,0,0,2,0,2,2,2,2,0,0,0,2
50,3114.160,-7815.845,-190.383,138.912,-0.752147,-0.655571,-0.067093,0.658430,-0.751814,-0.035295,-0.027304,-0.070723,0.997122,0,0.95915,0.28000,57.549,0.560,-1,325.000,-1,325.000,-1,250.000,275.000,-1,325.000,-1,-1,-1,-1,525.000,600.000,700.000,-1,2,1,2,0,2,0,0,2,0,2,2,2,2,0,0,1,2
51,3070.949,-7778.590,-190.761,139.232,-0.755849,-0.651322,-0.066865,0.654208,-0.755417,-0.036831,-0.026523,-0.071582,0.997082,0,0.95090,0.16000,57.054,0.320,-1,300.000,-1,325.000,-1,250.000,275.000,-1,325.000,-1,-1,-1,-1,525.000,600.000,650.000,-1,2,0,2,0,2,0,0,2,0,2,2,2,2,0,0,0,2
52,3028.127,-7741.770,-190.471,139.312,-0.756899,-0.650336,-0.064546,0.653060,-0.756407,-0.036899,-0.024827,-0.070082,0.997232,0,0.94126,0.04000,56.476,0.080,-1,300.000,-1,325.000,-1,250.000,275.000,-1,325.000,-1,-1,-1,-1,525.000,600.000,700.000,-1,2,0,2,0,2,0,0,2,0,2,2,2,2,0,0,0,2
53,2985.905,-7705.259,-189.601,139.152,-0.755347,-0.652564,-0.060091,0.654986,-0.754724,-0.037223,-0.021062,-0.067475,0.997499,0,0.93032,-0.08000,55.819,-0.160,975.000,325.000,-1,350.000,-1,275.000,275.000,-1,325.000,-1,-1,-1,-1,550.000,625.000,800.000,-1,1,0,2,0,2,0,0,2,0,2,2,2,2,0,0,0,2
54,2944.479,-7668.938,-188.294,138.762,-0.751232,-0.657876,-0.053383,0.659852,-0.750482,-0.037055,-0.015686,-0.063062,0.997886,0,0.91822,-0.19499,55.093,-0.390,950.000,325.000,-1,350.000,-1,275.000,275.000,-1,325.000,-1,-1,-1,-1,575.000,650.000,-1,-1,0,0,2,0,2,0,0,2,0,2,2,2,2,0,0,2,2
55,2903.888,-7632.853,-186.624,138.368,-0.747053,-0.663254,-0.044799,0.664702,-0.746208,-0.036672,-0.009106,-0.057174,0.998323,0,0.90520,-0.19689,54.312,-0.394,-1,350.000,-1,350.000,-1,275.000,300.000,-1,300.000,-1,-1,-1,-1,625.000,675.000,-1,-1,2,0,2,0,2,0,0,2,0,2,2,2,2,0,0,2,2
56,2864.118,-7597.000,-186.133,137.969,-0.742909,-0.668484,-0.034857,0.669383,-0.741614,-0.043998,0.003562,-0.056019,0.998423,0,0.89241,-0.19975,53.545,-0.399,-1,350.000,-1,375.000,-1,300.000,300.000,-1,325.000,-1,600.000,750.000,-1,675.000,750.000,-1,-1,2,0,2,0,2,0,0,2,0,2,0,0,2,0,0,2,2
57,2825.149,-7561.366,-185.680,137.562,-0.738551,-0.673772,-0.023955,0.673962,-0.736886,-0.052670,0.017835,-0.055044,0.998325,0,0.88008,-0.20352,52.805,-0.407,-1,375.000,-1,400.000,-1,325.000,325.000,-1,325.000,-1,125.000,200.000,-1,750.000,825.000,-1,-1,2,0,2,0,2,0,0,2,0,2,0,0,2,0,0,2,2
58,2786.952,-7525.931,-186.845,137.145,-0.733873,-0.678884,-0.023371,0.678848,-0.731730,-0.061135,0.024403,-0.060730,0.997856,0,0.86836,-0.20814,52.102,-0.416,-1,400.000,-1,425.000,-1,325.000,325.000,-1,325.000,-1,0.000,50.000,-1,775.000,900.000,-1,-1,2,0,2,0,2,0,0,2,0,2,0,0,2,0,0,2,2
59,2749.497,-7490.662,-187.613,136.718,-0.728999,-0.684131,-0.022924,0.683869,-0.726447,-0.067802,0.029732,-0.065104,0.997435,0,0.85744,-0.21358,51.446,-0.427,-1,400.000,-1,425.000,-1,325.000,325.000,-1,325.000,-1,0.000,0.000,-1,775.000,925.000,-1,-1,2,0,2,0,2,0,0,2,0,2,1,0,2,0,0,2,2
60,2712.749,-7455.520,-187.966,136.279,-0.723895,-0.689536,-0.022718,0.689082,-0.721023,-0.072746,0.033781,-0.068315,0.997092,0,0.84743,-0.21977,50.846,-0.440,-1,400.000,-1,425.000,-1,325.000,350.000,-1,325.000,-1,0.000,0.000,-1,800.000,975.000,-1,-1,2,0,2,0,2,0,0,2,0,2,1,0,2,0,0,2,2
61,2676.667,-7420.464,-187.978,135.825,-0.718535,-0.695129,-0.022442,0.694519,-0.715451,-0.075980,0.036760,-0.070181,0.996857,0,0.83845,-0.22667,50.307,-0.453,-1,400.000,-1,450.000,-1,325.000,350.000,-1,325.000,-1,25.000,0.000,-1,800.000,1000.000,-1,-1,2,0,2,0,2,0,0,2,0,2,1,1,2,0,0,2,2
62,2641.210,-7385.447,-187.656,135.357,-0.712891,-0.700927,-0.022071,0.700207,-0.709716,-0.077549,0.038692,-0.070738,0.996744,0,0.83056,-0.23423,49.833,-0.468,-1,400.000,-1,450.000,-1,325.000,350.000,-1,325.000,-1,25.000,0.000,-1,800.000,-1,-1,-1,2,0,2,0,2,0,0,2,0,2,1,1,2,0,2,2,2
63,2606.338,-7350.417,-187.007,134.872,-0.706940,-0.706944,-0.021568,0.706164,-0.703796,-0.077487,0.039600,-0.070010,0.996760,0,0.82380,-0.24242,49.428,-0.485,-1,400.000,-1,450.000,-1,325.000,350.000,-1,325.000,-1,0.000,0.000,-1,-1,-1,-1,-1,2,0,2,0,2,0,0,2,0,2,1,0,2,2,2,2,2
64,2572.010,-7315.324,-186.032,134.370,-0.700663,-0.713187,-0.020895,0.712399,-0.697667,-0.075822,0.039497,-0.068011,0.996902,0,0.81819,-0.25119,49.091,-0.502,-1,400.000,-1,450.000,-1,325.000,350.000,-1,325.000,-1,0.000,0.000,-1,-1,-1,-1,-1,2,0,2,0,2,0,0,2,0,2,1,0,2,2,2,2,2
65,2538.188,-7280.112,-184.709,133.849,-0.694035,-0.719654,-0.020346,0.718938,-0.691299,-0.072340,0.037994,-0.064834,0.997173,0,0.81373,-0.26050,48.824,-0.521,-1,400.000,-1,450.000,-1,325.000,350.000,425.000,325.000,-1,0.000,0.000,-1,-1,-1,-1,-1,2,0,2,0,2,0,0,1,0,2,1,0,2,2,2,2,2
66,2504.838,-7244.728,-183.079,133.308,-0.687035,-0.726351,-0.019929,0.725789,-0.684672,-0.066748,0.034838,-0.060322,0.997571,0,0.81040,-0.27034,48.624,-0.541,-1,400.000,-1,450.000,-1,325.000,350.000,300.000,325.000,-1,0.000,25.000,-1,-1,1000.000,-1,-1,2,0,2,0,2,0,0,1,0,2,0,0,2,2,0,2,2
67,2471.928,-7209.117,-181.118,132.747,-0.679669,-0.733268,-0.019191,0.732877,-0.677748,-0.059570,0.030674,-0.054553,0.998040,0,0.80816,-0.28067,48.490,-0.561,-1,400.000,-1,425.000,-1,325.000,350.000,275.000,325.000,-1,25.000,250.000,-1,-1,975.000,-1,-1,2,0,2,0,2,0,0,0,0,2,0,1,2,2,0,2,2
68,2442.456,-7176.865,-179.062,132.425,-0.675327,-0.737295,-0.018157,0.737064,-0.673841,-0.051717,0.025896,-0.048309,0.998497,0,0.72816,-0.16067,43.690,-0.321,-1,400.000,-1,425.000,-1,325.000,325.000,275.000,325.000,-1,500.000,400.000,-1,-1,925.000,-1,-1,2,0,2,0,2,0,0,0,0,2,1,0,2,2,0,2,2
69,2416.263,-7148.120,-177.020,132.344,-0.674081,-0.738462,-0.016993,0.738363,-0.672986,-0.043702,0.020837,-0.042006,0.998900,0,0.64816,-0.04067,38.890,-0.081,-1,400.000,-1,400.000,-1,325.000,325.000,300.000,300.000,-1,650.000,650.000,-1,-1,875.000,-1,-1,2,0,2,0,2,0,0,0,0,2,0,0,2,2,0,2,2
70,2393.232,-7122.986,-175.198,132.503,-0.675970,-0.736756,-0.015950,0.736752,-0.675176,-0.036527,0.016142,-0.036442,0.999205,0,0.56816,0.07933,34.090,0.159,-1,400.000,-1,400.000,-1,325.000,325.000,300.000,300.000,-1,-1,-1,-1,-1,850.000,-1,-1,2,0,2,0,2,0,0,0,0,2,2,2,2,2,0,2,2
71,2373.294,-7101.530,-174.760,132.901,-0.681069,-0.732044,-0.015994,0.732054,-0.680289,-0.036117,0.015558,-0.036306,0.999220,0,0.48816,0.19933,29.290,0.399,-1,400.000,-1,400.000,-1,325.000,325.000,300.000,300.000,-1,-1,-1,-1,-1,850.000,-1,-1,2,0,2,0,2,0,0,0,0,2,2,2,2,2,0,2,2
72,2356.424,-7083.778,-174.400,133.540,-0.689176,-0.724416,-0.016061,0.724442,-0.688406,-0.035795,0.014874,-0.036305,0.999230,0,0.40816,0.31933,24.490,0.639,-1,400.000,-1,400.000,-1,325.000,325.000,300.000,300.000,-1,-1,-1,-1,-1,850.000,-1,-1,2,0,2,0,2,0,0,0,0,2,2,2,2,2,0,2,2
73,2342.643,-7069.715,-174.123,134.419,-0.700192,-0.713772,-0.016146,0.713816,-0.699431,-0.035531,0.014068,-0.036404,0.999238,0,0.32816,0.43933,19.690,0.879,-1,400.000,-1,400.000,-1,325.000,325.000,300.000,300.000,-1,-1,-1,-1,-1,850.000,-1,-1,2,0,2,0,2,0,0,0,0,2,2,2,2,2,0,2,2
74,2332.016,-7059.286,-173.935,135.537,-0.713981,-0.699977,-0.016242,0.700043,-0.713229,-0.035281,0.013112,-0.036560,0.999245,0,0.24816,0.55933,14.890,1.119,-1,400.000,-1,400.000,-1,325.000,325.000,300.000,300.000,-1,-1,-1,-1,-1,850.000,-1,-1,2,0,2,0,2,0,0,0,0,2,2,2,2,2,0,2,2
75,2324.670,-7052.370,-173.813,136.726,-0.728342,-0.685019,-0.016343,0.685106,-0.727596,-0.035122,0.012168,-0.036778,0.999249,0,0.16816,0.59457,10.090,1.189,-1,400.000,-1,400.000,-1,325.000,325.000,300.000,300.000,-1,-1,-1,-1,-1,825.000,-1,-1,2,0,2,0,2,0,0,0,0,2,2,2,2,2,0,2,2
76,2320.745,-7048.824,-173.750,137.911,-0.742335,-0.669827,-0.016439,0.669934,-0.741593,-0.035050,0.011286,-0.037032,0.999250,0,0.08816,0.59220,5.290,1.184,-1,400.000,-1,400.000,-1,325.000,325.000,300.000,300.000,-1,-1,-1,-1,-1,825.000,-1,-1,2,0,2,0,2,0,0,0,0,2,2,2,2,2,0,2,2
77,2320.374,-7048.504,-173.739,139.093,-0.755985,-0.654380,-0.016524,0.654505,-0.755244,-0.035061,0.010464,-0.037320,0.999249,0,0.00816,0.59097,0.490,1.182,-1,400.000,-1,400.000,-1,325.000,325.000,300.000,300.000,-1,-1,-1,-1,-1,825.000,-1,-1,2,0,2,0,2,0,0,0,0,2,2,2,2,2,0,2,2
78,2323.690,-7051.259,-173.773,140.274,-0.769312,-0.638658,-0.016592,0.638800,-0.768570,-0.035152,0.009698,-0.037641,0.999244,0,-0.07184,0.59086,-4.310,1.182,-1,400.000,-1,400.000,-1,325.000,325.000,300.000,300.000,-1,-1,-1,-1,-1,825.000,-1,-1,2,0,2,0,2,0,0,0,0,2,2,2,2,2,0,2,2
79,2323.308,-7050.953,-173.762,141.216,-0.779698,-0.625935,-0.016657,0.626091,-0.778957,-0.035167,0.009037,-0.037848,0.999243,0,0.00816,0.47086,0.490,0.942,-1,400.000,-1,400.000,-1,325.000,325.000,300.000,300.000,-1,-1,-1,-1,-1,825.000,-1,-1,2,0,2,0,2,0,0,0,0,2,2,2,2,2,0,2,2
80,2319.144,-7047.690,-173.714,141.918,-0.787298,-0.616345,-0.016723,0.616514,-0.786561,-0.035107,0.008484,-0.037949,0.999244,0,0.08816,0.35086,5.290,0.702,-1,400.000,-1,400.000,-1,325.000,325.000,300.000,300.000,-1,-1,-1,-1,-1,825.000,-1,-1,2,0,2,0,2,0,0,0,0,2,2,2,2,2,0,2,2
81,2311.152,-7041.531,-173.629,142.380,-0.792234,-0.609987,-0.016793,0.610165,-0.791502,-0.034972,0.008041,-0.037952,0.999247,0,0.16816,0.23086,10.090,0.462,-1,400.000,-1,400.000,-1,325.000,325.000,300.000,300.000,-1,-1,-1,-1,-1,825.000,-1,-1,2,0,2,0,2,0,0,0,0,2,2,2,2,2,0,2,2
82,2299.324,-7032.488,-173.510,142.601,-0.794583,-0.606921,-0.016867,0.607107,-0.793860,-0.034761,0.007707,-0.037861,0.999253,0,0.24816,0.11086,14.890,0.222,-1,400.000,-1,400.000,-1,325.000,325.000,300.000,300.000,-1,-1,-1,-1,-1,825.000,-1,-1,2,1,2,0,2,0,0,0,0,2,2,2,2,2,0,2,2
83,2283.638,-7020.586,-173.356,142.810,-0.796781,-0.604030,-0.016963,0.604224,-0.796068,-0.034484,0.007325,-0.037726,0.999261,0,0.32816,0.10431,19.690,0.209,-1,-1,-1,400.000,-1,325.000,325.000,300.000,300.000,-1,-1,-1,-1,-1,-1,-1,-1,2,2,2,0,2,0,0,0,0,2,2,2,2,2,2,2,2
84,2264.077,-7005.851,-173.168,143.010,-0.798880,-0.601248,-0.017085,0.601451,-0.798180,-0.034141,0.006891,-0.037550,0.999271,0,0.40816,0.10011,24.490,0.200,-1,-1,-1,400.000,-1,325.000,325.000,300.000,300.000,-1,-1,-1,-1,-1,-1,-1,-1,2,2,2,0,2,0,0,0,0,2,2,2,2,2,2,2,2
85,2240.624,-6988.306,-172.947,143.200,-0.800857,-0.598607,-0.017234,0.598821,-0.800172,-0.033734,0.006403,-0.037336,0.999282,0,0.48816,0.09484,29.290,0.190,-1,-1,-1,400.000,-1,325.000,325.000,300.000,300.000,-1,-1,-1,-1,-1,-1,-1,-1,2,2,2,0,2,0,0,0,0,2,2,2,2,2,2,2,2
86,2213.265,-6967.970,-172.694,143.377,-0.802692,-0.596139,-0.017415,0.596365,-0.802024,-0.033265,0.005863,-0.037087,0.999295,0,0.56816,0.08846,34.090,0.177,-1,-1,-1,400.000,-1,325.000,325.000,300.000,300.000,-1,-1,-1,-1,-1,-1,-1,-1,2,2,2,0,2,0,0,0,0,2,2,2,2,2,2,2,2
87,2182.024,-6944.809,-172.410,143.448,-0.803419,-0.595153,-0.017621,0.595390,-0.802770,-0.032743,0.005341,-0.036798,0.999308,0,0.64816,0.03544,38.890,0.071,-1,-1,-1,400.000,-1,325.000,325.000,300.000,300.000,-1,-1,-1,-1,-1,-1,-1,-1,2,2,2,0,2,1,0,0,0,2,2,2,2,2,2,2,2
88,2149.338,-6920.632,-172.118,143.511,-0.804063,-0.594276,-0.017849,0.594525,-0.803431,-0.032221,0.004808,-0.036519,0.999321,0,0.67760,0.03149,40.656,0.063,-1,-1,-1,400.000,-1,-1,325.000,300.000,325.000,-1,-1,-1,-1,-1,-1,-1,-1,2,2,2,0,2,2,0,0,0,2,2,2,2,2,2,2,2
89,2116.453,-6896.356,-171.829,143.565,-0.804621,-0.593513,-0.018089,0.593773,-0.804007,-0.031717,0.004281,-0.036261,0.999333,0,0.68124,0.02739,40.875,0.055,-1,-1,-1,400.000,-1,-1,325.000,300.000,325.000,-1,-1,-1,-1,-1,-1,-1,-1,2,2,2,0,2,2,0,0,0,2,2,2,2,2,2,2,2
90,2083.370,-6871.976,-171.656,143.612,-0.805099,-0.592873,-0.017822,0.593126,-0.804509,-0.031090,0.004094,-0.035602,0.999358,0,0.68492,0.02332,41.095,0.047,-1,-1,-1,400.000,-1,-1,-1,300.000,300.000,-1,-1,-1,-1,-1,-1,-1,-1,2,2,2,0,2,2,2,0,0,2,2,2,2,2,2,2,2
91,2050.090,-6847.492,-173.936,143.651,-0.805303,-0.592107,-0.029933,0.592849,-0.804604,-0.033793,-0.004075,-0.044960,0.998980,0,0.68861,0.01929,41.317,0.039,-1,-1,-1,700.000,-1,-1,-1,275.000,325.000,-1,-1,-1,-1,-1,-1,-1,-1,2,2,2,1,2,2,2,0,0,2,2,2,2,2,2,2,2
92,2016.606,-6822.910,-180.797,143.681,-0.804255,-0.590689,-0.065267,0.593662,-0.803577,-0.042774,-0.027181,-0.073148,0.996951,0,0.69229,0.01532,41.537,0.031,-1,-1,-1,650.000,-1,-1,1000.000,225.000,350.000,-1,-1,-1,-1,-1,-1,-1,-1,2,2,2,1,2,2,1,0,0,2,2,2,2,2,2,2,2
93,1982.927,-6798.223,-187.683,143.704,-0.801915,-0.588896,-0.100672,0.595328,-0.801807,-0.051865,-0.050176,-0.101524,0.993567,0,0.69593,0.01142,41.756,0.023,-1,-1,-1,625.000,-1,-1,900.000,175.000,375.000,-1,-1,-1,-1,-1,-1,-1,-1,2,2,2,1,2,2,1,0,0,2,2,2,2,2,2,2,2
94,1949.060,-6773.428,-194.592,143.719,-0.798275,-0.586707,-0.136132,0.597856,-0.799273,-0.061078,-0.072971,-0.130144,0.988806,0,0.69950,0.00763,41.970,0.015,-1,-1,-1,600.000,-1,-1,825.000,125.000,400.000,-1,-1,-1,-1,-1,950.000,-1,-1,2,2,2,1,2,2,1,0,0,2,2,2,2,2,1,2,2
95,1915.011,-6748.525,-201.521,143.727,-0.793334,-0.584097,-0.171617,0.601256,-0.795948,-0.070421,-0.095465,-0.159053,0.982644,0,0.70298,0.00395,42.179,0.008,-1,-1,-1,575.000,-1,975.000,750.000,75.000,450.000,-1,-1,-1,-1,-1,900.000,-1,-1,2,2,2,1,2,1,1,0,0,2,2,2,2,2,1,2,2
96,1880.791,-6723.516,-208.481,143.728,-0.787104,-0.581042,-0.207022,0.605524,-0.791808,-0.079882,-0.117507,-0.188233,0.975070,0,0.70631,0.00041,42.378,0.001,-1,-1,-1,550.000,-1,925.000,675.000,50.000,550.000,-1,0.000,-1,-1,-1,850.000,-1,975.000,2,2,2,1,2,1,1,0,0,2,0,2,2,2,1,2,1
97,1846.411,-6698.403,-215.482,143.722,-0.779616,-0.577516,-0.242230,0.610652,-0.786832,-0.089442,-0.138940,-0.217649,0.966087,0,0.70946,-0.00297,42.568,-0.006,-1,-1,-1,525.000,-1,825.000,625.000,0.000,650.000,-1,0.000,-1,-1,-1,800.000,-1,175.000,2,2,2,1,2,1,1,1,0,2,0,2,2,2,1,2,0
98,7543.219,2951.692,-185.560,-111.434,-0.364304,0.930763,0.031019,-0.929822,-0.365395,0.043793,0.052095,-0.012888,0.998559,1,0.00000,0.00000,42.718,-0.011,-1,400.000,-1,450.000,-1,325.000,350.000,225.000,350.000,-1,950.000,850.000,-1,775.000,950.000,-1,-1,2,0,2,0,2,0,0,0,0,2,1,1,2,0,0,2,2
99,7541.446,2947.231,-185.155,-111.674,-0.368287,0.929239,0.029644,-0.928305,-0.369297,0.043245,0.051132,-0.011592,0.998625,0,0.08000,-0.12000,4.800,-0.240,-1,400.000,-1,450.000,-1,325.000,350.000,250.000,350.000,-1,950.000,875.000,-1,775.000,950.000,-1,-1,2,0,2,0,2,0,0,0,0,2,1,1,2,0,0,2,2
100,7537.826,2938.340,-184.349,-112.154,-0.376226,0.926137,0.026898,-0.925220,-0.377078,0.042189,0.049216,-0.009014,0.998748,0,0.16000,-0.24000,9.600,-0.480,-1,400.000,-1,425.000,-1,325.000,350.000,250.000,350.000,-1,975.000,900.000,-1,775.000,925.000,-1,-1,2,0,2,0,2,0,0,0,0,2,1,1,2,0,0,2,2
101,7532.229,2925.073,-183.152,-112.874,-0.388063,0.921351,0.022790,-0.920466,-0.388697,0.040709,0.046366,-0.005180,0.998911,0,0.24000,-0.36000,14.400,-0.720,-1,400.000,-1,425.000,-1,325.000,350.000,250.000,350.000,-1,-1,950.000,-1,775.000,900.000,-1,-1,2,0,2,0,2,0,0,0,0,2,2,1,2,0,0,2,2
102,7524.471,2907.511,-181.581,-113.834,-0.403712,0.914722,0.017355,-0.913893,-0.404085,0.038929,0.042622,-0.000144,0.999091,0,0.32000,-0.48000,19.200,-0.960,-1,400.000,-1,425.000,-1,325.000,325.000,250.000,325.000,-1,-1,1000.000,-1,750.000,875.000,-1,-1,2,0,2,0,2,0,0,0,0,2,2,1,2,0,0,2,2
103,7514.316,2885.765,-179.663,-115.034,-0.423053,0.906042,0.010665,-0.905306,-0.423145,0.037018,0.038053,0.006006,0.999258,0,0.40000,-0.60000,24.000,-1.200,-1,400.000,-1,425.000,-1,325.000,325.000,275.000,325.000,-1,-1,-1,-1,750.000,850.000,-1,-1,2,0,2,0,2,0,0,0,0,2,2,2,2,0,0,2,2
104,7501.479,2859.985,-177.439,-116.474,-0.445934,0.895061,0.002856,-0.894466,-0.445750,0.035183,0.032764,0.013135,0.999377,0,0.48000,-0.72000,28.800,-1.440,-1,400.000,-1,400.000,-1,325.000,325.000,275.000,325.000,-1,-1,-1,-1,750.000,825.000,-1,-1,2,0,2,0,2,0,0,0,0,2,2,2,2,0,0,2,2
105,7485.627,2830.360,-174.965,-118.154,-0.472168,0.881489,-0.005844,-0.881098,-0.471735,0.033662,0.026916,0.021043,0.999416,0,0.56000,-0.84000,33.600,-1.680,-1,375.000,-1,400.000,-1,325.000,325.000,300.000,325.000,-1,-1,-1,-1,725.000,775.000,-1,-1,2,0,2,0,2,0,0,0,0,2,2,2,2,0,0,2,2
106,7466.458,2797.087,-172.809,-119.950,-0.499654,0.866134,-0.012605,-0.865938,-0.499060,0.033031,0.022319,0.027419,0.999375,0,0.64000,-0.89823,38.400,-1.796,-1,375.000,-1,400.000,-1,325.000,325.000,300.000,325.000,-1,-1,-1,-1,725.000,750.000,-1,-1,2,0,2,0,2,0,0,0,0,2,2,2,2,0,0,2,2
107,7443.723,2760.353,-171.924,-121.753,-0.526665,0.849978,-0.012664,-0.849793,-0.526052,0.033487,0.021801,0.028399,0.999359,0,0.72000,-0.90157,43.200,-1.803,-1,375.000,-1,400.000,-1,325.000,325.000,300.000,325.000,-1,-1,-1,-1,725.000,750.000,-1,-1,2,0,2,0,2,0,0,0,0,2,2,2,2,0,0,2,2
108,7419.420,2723.723,-171.052,-123.564,-0.553265,0.832908,-0.012725,-0.832733,-0.552630,0.033988,0.021276,0.029401,0.999341,0,0.73265,-0.90535,43.959,-1.811,-1,375.000,-1,400.000,-1,325.000,325.000,300.000,325.000,-1,-1,-1,-1,725.000,775.000,-1,-1,2,0,2,0,2,0,0,0,0,2,2,2,2,0,0,2,2
109,7393.874,2687.752,-170.180,-125.382,-0.579425,0.814925,-0.012826,-0.814759,-0.578762,0.034662,0.020824,0.030534,0.999317,0,0.73532,-0.90922,44.119,-1.818,-1,375.000,-1,400.000,-1,325.000,325.000,300.000,325.000,-1,-1,-1,-1,725.000,775.000,-1,-1,2,0,2,0,2,0,0,0,0,2,2,2,2,0,0,2,2
110,7367.091,2652.477,-169.326,-127.209,-0.605110,0.796037,-0.012927,-0.795881,-0.604416,0.035420,0.020382,0.031722,0.999289,0,0.73817,-0.91312,44.290,-1.826,-1,375.000,-1,400.000,-1,325.000,325.000,300.000,325.000,-1,-1,-1,-1,725.000,775.000,-1,-1,2,0,2,0,2,0,0,0,0,2,2,2,2,0,0,2,2
111,7339.080,2617.939,-168.499,-129.043,-0.630286,0.776254,-0.013017,-0.776107,-0.629559,0.036229,0.019928,0.032937,0.999259,0,0.74115,-0.91704,44.469,-1.834,-1,375.000,-1,400.000,-1,325.000,325.000,300.000,300.000,-1,-1,-1,-1,725.000,775.000,-1,-1,2,0,2,0,2,0,0,0,0,2,2,2,2,0,0,2,2
112,7309.852,2584.178,-167.701,-130.885,-0.654919,0.755585,-0.013092,-0.755448,-0.654158,0.037088,0.019459,0.034180,0.999226,0,0.74424,-0.92099,44.654,-1.842,-1,375.000,-1,400.000,-1,325.000,325.000,300.000,300.000,-1,-1,-1,-1,725.000,800.000,-1,-1,2,0,2,0,2,0,0,0,0,2,2,2,2,0,0,2,2
113,7279.420,2551.238,-166.968,-132.735,-0.678978,0.734038,-0.013321,-0.733917,-0.678175,0.038011,0.018867,0.035585,0.999189,0,0.74743,-0.92496,44.846,-1.850,-1,375.000,-1,400.000,-1,325.000,325.000,300.000,300.000,-1,-1,-1,-1,725.000,800.000,-1,-1,2,0,2,0,2,0,0,0,0,2,2,2,2,0,0,2,2
114,7251.429,2522.599,-166.348,-134.345,-0.699332,0.714661,-0.013924,-0.714575,-0.698497,0.038519,0.017802,0.036887,0.999161,0,0.66743,-0.80496,40.046,-1.610,-1,375.000,-1,400.000,-1,325.000,325.000,300.000,300.000,-1,-1,-1,-1,725.000,800.000,-1,-1,2,0,2,0,2,0,0,0,0,2,2,2,2,0,0,2,2
115,7226.198,2497.989,-165.820,-135.715,-0.716217,0.697728,-0.014469,-0.697674,-0.715353,0.039007,0.016866,0.038032,0.999134,0,0.58743,-0.68496,35.246,-1.370,-1,375.000,-1,400.000,-1,325.000,325.000,300.000,300.000,-1,-1,-1,-1,725.000,800.000,-1,-1,2,0,2,0,2,0,0,0,0,2,2,2,2,0,0,2,2
116,7203.988,2477.165,-165.379,-136.845,-0.729835,0.683460,-0.014952,-0.683434,-0.728945,0.039466,0.016074,0.039022,0.999109,0,0.50743,-0.56496,30.446,-1.130,-1,375.000,-1,400.000,-1,325.000,325.000,300.000,300.000,-1,-1,-1,-1,750.000,800.000,-1,-1,2,0,2,0,2,0,0,0,0,2,2,2,2,0,0,2,2
117,7182.349,2457.497,-164.965,-137.734,-0.740362,0.672031,-0.015427,-0.672031,-0.739445,0.039932,0.015428,0.039931,0.999083,0,0.48736,-0.44496,29.242,-0.890,-1,375.000,-1,400.000,-1,325.000,325.000,300.000,300.000,-1,-1,-1,-1,750.000,800.000,-1,-1,2,0,2,0,2,0,0,0,0,2,2,2,2,0,0,2,2
118,7160.391,2437.990,-164.555,-138.384,-0.747938,0.663577,-0.015920,-0.663601,-0.746995,0.040415,0.014927,0.040792,0.999056,0,0.48952,-0.32496,29.371,-0.650,-1,375.000,-1,400.000,-1,325.000,325.000,300.000,300.000,-1,-1,-1,-1,750.000,825.000,-1,-1,2,0,2,0,2,0,0,0,0,2,2,2,2,0,0,2,2
119,7138.195,2418.560,-164.144,-138.801,-0.752749,0.658103,-0.016431,-0.658147,-0.751778,0.040908,0.014570,0.041607,0.999028,0,0.49166,-0.20844,29.499,-0.417,-1,375.000,-1,400.000,-1,325.000,325.000,300.000,300.000,-1,-1,-1,-1,750.000,825.000,-1,-1,2,0,2,0,2,0,0,0,0,2,2,2,2,0,0,2,2
120,7115.763,2399.205,-163.749,-139.213,-0.757460,0.652663,-0.016875,-0.652725,-0.756462,0.041405,0.014258,0.042378,0.999000,0,0.49378,-0.20584,29.627,-0.412,-1,375.000,-1,400.000,-1,325.000,325.000,300.000,300.000,-1,-1,-1,-1,750.000,825.000,-1,-1,2,0,2,0,2,0,0,0,0,2,2,2,2,0,0,2,2
121,7093.097,2379.928,-163.377,-139.619,-0.762074,0.647261,-0.017210,-0.647338,-0.761051,0.041896,0.014020,0.043069,0.998974,0,0.49591,-0.20323,29.755,-0.406,-1,400.000,-1,400.000,-1,325.000,325.000,300.000,300.000,-1,-1,-1,-1,750.000,825.000,-1,-1,2,0,2,0,2,0,0,0,0,2,2,2,2,0,0,2,2
122,7070.199,2360.727,-163.005,-140.021,-0.766590,0.641896,-0.017555,-0.641988,-0.765541,0.042402,0.013779,0.043775,0.998946,0,0.49805,-0.20061,29.883,-0.401,-1,400.000,-1,400.000,-1,325.000,325.000,300.000,300.000,-1,-1,-1,-1,750.000,825.000,-1,-1,2,0,2,0,2,0,0,0,0,2,2,2,2,0,0,2,2
123,7047.069,2341.604,-162.633,-140.417,-0.771011,0.636570,-0.017910,-0.636678,-0.769934,0.042924,0.013535,0.044497,0.998918,0,0.50019,-0.19798,30.012,-0.396,-1,400.000,-1,400.000,-1,325.000,325.000,300.000,300.000,-1,-1,-1,-1,750.000,825.000,-1,-1,2,0,2,0,2,0,0,0,0,2,2,2,2,0,0,2,2
124,7023.710,2322.557,-162.261,-140.807,-0.775336,0.631285,-0.018274,-0.631409,-0.774231,0.043461,0.013288,0.045235,0.998888,0,0.50234,-0.19534,30.140,-0.391,-1,400.000,-1,400.000,-1,325.000,325.000,300.000,300.000,-1,-1,-1,-1,750.000,850.000,-1,-1,2,0,2,0,2,0,0,0,0,2,2,2,2,0,0,2,2
125,7000.122,2303.586,-161.878,-141.193,-0.779567,0.626042,-0.018612,-0.626183,-0.778433,0.044006,0.013061,0.045960,0.998858,0,0.50449,-0.19268,30.269,-0.385,-1,400.000,-1,400.000,-1,325.000,325.000,325.000,300.000,-1,-1,-1,-1,750.000,850.000,-1,-1,2,0,2,0,2,0,0,0,0,2,2,2,2,0,0,2,2
126,6976.308,2284.692,-161.453,-141.573,-0.783705,0.620844,-0.018950,-0.621001,-0.782542,0.044564,0.012837,0.046693,0.998827,0,0.50665,-0.19003,30.399,-0.380,-1,400.000,-1,400.000,-1,325.000,325.000,325.000,300.000,-1,-1,-1,-1,750.000,850.000,-1,-1,2,0,2,0,2,0,0,0,0,2,2,2,2,0,0,2,2
127,6952.268,2265.875,-161.148,-141.947,-0.787740,0.615706,-0.019304,-0.615887,-0.786577,0.044494,0.012212,0.046939,0.998823,0,0.50881,-0.18736,30.529,-0.375,-1,400.000,-1,400.000,-1,325.000,325.000,300.000,300.000,-1,-1,-1,-1,750.000,850.000,-1,-1,2,0,2,0,2,0,0,0,0,2,2,2,2,0,0,2,2
128,6928.005,2247.133,-160.854,-142.317,-0.791682,0.610617,-0.019674,-0.610825,-0.790522,0.044370,0.011540,0.047144,0.998821,0,0.51098,-0.18468,30.659,-0.369,-1,400.000,-1,400.000,-1,325.000,325.000,300.000,300.000,-1,-1,-1,-1,750.000,850.000,-1,-1,2,0,2,0,2,0,0,0,0,2,2,2,2,0,0,2,2
129,6903.519,2228.467,-160.559,-142.681,-0.795534,0.605577,-0.020062,-0.605811,-0.794377,0.044248,0.010858,0.047355,0.998819,0,0.51315,-0.18199,30.789,-0.364,-1,400.000,-1,400.000,-1,325.000,325.000,300.000,300.000,-1,-1,-1,-1,750.000,850.000,-1,-1,2,0,2,0,2,0,0,0,0,2,2,2,2,0,0,2,2
130,6878.813,2209.876,-160.265,-143.039,-0.799297,0.600587,-0.020468,-0.600850,-0.798143,0.044128,0.010167,0.047570,0.998816,0,0.51533,-0.17929,30.920,-0.359,-1,400.000,-1,400.000,-1,325.000,325.000,300.000,300.000,-1,-1,-1,-1,750.000,875.000,-1,-1,2,0,2,0,2,0,0,0,0,2,2,2,2,0,0,2,2
131,6853.888,2191.360,-159.971,-143.392,-0.802972,0.595650,-0.020891,-0.595941,-0.801821,0.044012,0.009465,0.047790,0.998813,0,0.51751,-0.17658,31.051,-0.353,-1,400.000,-1,400.000,-1,325.000,325.000,300.000,300.000,-1,-1,-1,-1,750.000,875.000,-1,-1,2,0,2,0,2,0,0,0,0,2,2,2,2,0,0,2,2
132,6828.744,2172.917,-159.676,-143.740,-0.806561,0.590766,-0.021332,-0.591087,-0.805413,0.043898,0.008753,0.048015,0.998808,0,0.51970,-0.17386,31.182,-0.348,-1,400.000,-1,400.000,-1,325.000,325.000,300.000,300.000,-1,-1,-1,-1,750.000,875.000,-1,-1,2,0,2,0,2,0,0,0,0,2,2,2,2,0,0,2,2
133,6803.385,2154.548,-159.381,-144.082,-0.810063,0.585938,-0.021789,-0.586288,-0.808918,0.043787,0.008031,0.048245,0.998803,0,0.52189,-0.17113,31.313,-0.342,-1,400.000,-1,400.000,-1,325.000,325.000,300.000,300.000,-1,-1,-1,-1,750.000,875.000,-1,-1,2,0,2,0,2,0,0,0,0,2,2,2,2,0,0,2,2
134,6777.810,2136.251,-159.086,-144.419,-0.813480,0.581167,-0.022264,-0.581547,-0.812339,0.043680,0.007299,0.048480,0.998797,0,0.52409,-0.16839,31.445,-0.337,-1,400.000,-1,400.000,-1,325.000,325.000,300.000,300.000,-1,-1,-1,-1,750.000,875.000,-1,-1,2,0,2,0,2,0,0,0,0,2,2,2,2,0,0,2,2
135,6752.023,2118.026,-158.856,-144.750,-0.816819,0.576446,-0.022738,-0.576855,-0.815667,0.043886,0.006751,0.048963,0.998778,0,0.52629,-0.16565,31.578,-0.331,-1,400.000,-1,400.000,-1,325.000,325.000,300.000,300.000,-1,-1,-1,-1,750.000,875.000,-1,-1,2,0,2,0,2,0,0,0,0,2,2,2,2,0,0,2,2
136,6730.131,2102.607,-158.687,-144.842,-0.817734,0.575131,-0.023127,-0.575559,-0.816564,0.044227,0.006552,0.049476,0.998754,0,0.44629,-0.04565,26.778,-0.091,-1,400.000,-1,400.000,-1,325.000,325.000,300.000,300.000,-1,-1,-1,-1,750.000,875.000,-1,-1,2,0,2,0,2,0,0,0,0,2,2,2,2,0,0,2,2
137,6712.196,2089.904,-158.541,-144.693,-0.816240,0.577237,-0.023436,-0.577675,-0.815052,0.044529,0.006602,0.049885,0.998733,0,0.36629,0.07435,21.978,0.149,-1,400.000,-1,400.000,-1,325.000,325.000,300.000,300.000,-1,-1,-1,-1,750.000,875.000,-1,-1,2,0,2,0,2,0,0,0,0,2,2,2,2,0,0,2,2
