timestep,x_cm,y_cm,z_cm,yaw_deg,basis_xx,basis_xy,basis_xz,basis_yx,basis_yy,basis_yz,basis_zx,basis_zy,basis_zz,teleport_flag,throttle_cmd,steering_cmd,cmd_move_cm,cmd_turn_deg,lidar_cm_0,lidar_cm_1,lidar_cm_2,lidar_cm_3,lidar_cm_4,lidar_cm_5,lidar_cm_6,lidar_cm_7,lidar_cm_8,lidar_cm_9,lidar_cm_10,lidar_cm_11,lidar_cm_12,lidar_cm_13,lidar_cm_14,lidar_cm_15,lidar_cm_16,lidar_class_0,lidar_class_1,lidar_class_2,lidar_class_3,lidar_class_4,lidar_class_5,lidar_class_6,lidar_class_7,lidar_class_8,lidar_class_9,lidar_class_10,lidar_class_11,lidar_class_12,lidar_class_13,lidar_class_14,lidar_class_15,lidar_class_16
0,1636.781,-3607.431,120.421,-3.665,0.997884,0.063910,-0.011947,-0.063743,0.997871,0.013827,0.012805,-0.013036,0.999833,1,-0.05093,0.12000,-3.056,0.240,650.000,400.000,-1,400.000,-1,325.000,325.000,300.000,300.000,-1,-1,-1,-1,625.000,875.000,675.000,-1,1,1,2,0,2,0,0,0,0,2,2,2,2,1,0,1,2
1,1633.724,-3607.261,120.381,-3.185,0.998384,0.055548,-0.012007,-0.055380,0.998369,0.013837,0.012756,-0.013149,0.999832,0,-0.05103,0.24000,-3.062,0.480,650.000,400.000,-1,400.000,-1,325.000,325.000,300.000,300.000,-1,-1,-1,-1,625.000,875.000,675.000,-1,1,1,2,0,2,0,0,0,0,2,2,2,2,1,0,1,2
2,1630.685,-3607.130,120.342,-2.465,0.999002,0.042998,-0.012068,-0.042830,0.998986,0.013846,0.012652,-0.013316,0.999831,0,-0.05070,0.36000,-3.042,0.720,675.000,400.000,-1,400.000,-1,325.000,325.000,300.000,300.000,-1,-1,-1,-1,625.000,875.000,675.000,-1,1,1,2,0,2,0,0,0,0,2,2,2,2,1,0,1,2
3,1627.690,-3607.052,120.305,-1.505,0.999582,0.026254,-0.012130,-0.026085,0.999564,0.013855,0.012489,-0.013533,0.999830,0,-0.04994,0.48000,-2.996,0.960,675.000,400.000,-1,400.000,-1,325.000,325.000,300.000,300.000,-1,-1,-1,-1,625.000,875.000,675.000,-1,1,1,2,0,2,0,0,0,0,2,2,2,2,1,0,1,2
4,1624.762,-3607.036,120.270,-0.305,0.999912,0.005315,-0.012192,-0.005146,0.999891,0.013863,0.012264,-0.013799,0.999830,0,-0.04880,0.60000,-2.928,1.200,675.000,400.000,-1,400.000,-1,325.000,325.000,300.000,300.000,-1,-1,-1,-1,625.000,875.000,675.000,-1,1,1,2,0,2,0,0,0,0,2,2,2,2,1,0,1,2
5,1621.923,-3607.092,120.238,1.135,0.999729,-0.019814,-0.012254,0.019983,0.999704,0.013868,0.011975,-0.014109,0.999829,0,-0.04733,0.72000,-2.840,1.440,700.000,400.000,-1,400.000,-1,325.000,325.000,300.000,300.000,-1,-1,-1,-1,600.000,875.000,675.000,-1,1,1,2,0,2,0,0,0,0,2,2,2,2,1,0,1,2
6,1619.192,-3607.226,120.210,2.815,0.998717,-0.049114,-0.012316,0.049283,0.998689,0.013870,0.011618,-0.014459,0.999828,0,-0.04556,0.84000,-2.734,1.680,700.000,400.000,-1,400.000,-1,325.000,325.000,300.000,300.000,-1,-1,-1,-1,600.000,875.000,700.000,-1,1,0,2,0,2,0,0,0,0,2,2,2,2,1,0,1,2
7,1616.586,-3607.433,120.187,4.543,0.996782,-0.079205,-0.012376,0.079375,0.996748,0.013868,0.011237,-0.014805,0.999827,0,-0.04358,0.86397,-2.615,1.728,750.000,400.000,-1,400.000,-1,325.000,325.000,300.000,300.000,-1,-1,-1,-1,600.000,875.000,700.000,-1,1,0,2,0,2,0,0,0,0,2,2,2,2,1,0,1,2
8,1614.098,-3607.706,120.168,6.255,0.993970,-0.108948,-0.012435,0.109117,0.993932,0.013862,0.010849,-0.015135,0.999827,0,-0.04171,0.85600,-2.503,1.712,775.000,400.000,-1,400.000,-1,325.000,325.000,300.000,300.000,-1,-1,-1,-1,600.000,875.000,700.000,-1,1,0,2,0,2,0,0,0,0,2,2,2,2,1,0,1,2
9,1611.718,-3608.038,120.152,7.952,0.990308,-0.138323,-0.012491,0.138492,0.990267,0.013852,0.010454,-0.015448,0.999826,0,-0.04005,0.84818,-2.403,1.696,800.000,400.000,-1,400.000,-1,325.000,325.000,300.000,300.000,-1,-1,-1,-1,600.000,875.000,700.000,-1,1,0,2,0,2,0,0,0,0,2,2,2,2,1,0,1,2
10,1609.435,-3608.426,120.140,9.633,0.985824,-0.167312,-0.012546,0.167480,0.985778,0.013840,0.010053,-0.015745,0.999826,0,-0.03860,0.84051,-2.316,1.681,850.000,400.000,-1,400.000,-1,325.000,325.000,300.000,300.000,-1,-1,-1,-1,600.000,875.000,725.000,-1,1,0,2,0,2,0,0,0,0,2,2,2,2,1,0,1,2
11,1607.237,-3608.865,120.132,11.299,0.980543,-0.195899,-0.012600,0.196066,0.980493,0.013824,0.009646,-0.016025,0.999825,0,-0.03735,0.83297,-2.241,1.666,875.000,400.000,-1,400.000,-1,325.000,325.000,300.000,300.000,-1,-1,-1,-1,625.000,875.000,725.000,-1,1,0,2,0,2,0,0,0,0,2,2,2,2,1,0,1,2
12,1605.115,-3609.353,120.126,12.950,0.974491,-0.224068,-0.012651,0.224234,0.974437,0.013804,0.009235,-0.016289,0.999825,0,-0.03629,0.82555,-2.177,1.651,925.000,400.000,-1,400.000,-1,325.000,325.000,300.000,300.000,-1,-1,-1,-1,625.000,875.000,750.000,-1,1,0,2,0,2,0,0,0,0,2,2,2,2,1,0,1,2
13,1603.059,-3609.888,120.123,14.586,0.967695,-0.251804,-0.012701,0.251970,0.967637,0.013782,0.008820,-0.016537,0.999824,0,-0.03542,0.81827,-2.125,1.637,950.000,400.000,-1,400.000,-1,325.000,325.000,300.000,300.000,-1,-1,-1,-1,625.000,875.000,775.000,-1,1,0,2,0,2,0,0,0,0,2,2,2,2,1,0,1,2
14,1605.630,-3609.151,120.157,15.983,0.961272,-0.275311,-0.012664,0.275475,0.961209,0.013778,0.008380,-0.016733,0.999825,0,0.04458,0.69827,2.675,1.397,1000.000,400.000,-1,400.000,-1,325.000,325.000,300.000,300.000,-1,-1,-1,-1,625.000,875.000,800.000,-1,1,0,2,0,2,0,0,0,0,2,2,2,2,1,0,1,2
15,1612.773,-3606.948,120.224,17.139,0.955521,-0.294655,-0.012544,0.294816,0.955454,0.013799,0.007919,-0.016883,0.999826,0,0.12458,0.57827,7.475,1.157,-1,400.000,-1,400.000,-1,325.000,325.000,300.000,300.000,-1,-1,-1,-1,625.000,875.000,800.000,-1,2,0,2,1,2,0,0,0,0,2,2,2,2,1,0,1,2
16,1624.443,-3603.144,120.321,18.056,0.950689,-0.309900,-0.012341,0.310057,0.950617,0.013847,0.007440,-0.016991,0.999828,0,0.20458,0.45827,12.275,0.917,-1,400.000,-1,400.000,-1,325.000,325.000,300.000,300.000,-1,-1,-1,-1,625.000,875.000,800.000,-1,2,0,2,1,2,0,0,0,0,2,2,2,2,1,1,1,2
17,1640.614,-3597.660,120.447,18.732,0.946968,-0.321103,-0.012057,0.321254,0.946891,0.013925,0.006945,-0.017060,0.999830,0,0.28458,0.33827,17.075,0.677,-1,400.000,1000.000,400.000,-1,325.000,325.000,300.000,300.000,-1,-1,-1,-1,625.000,825.000,800.000,-1,2,0,1,1,2,0,0,0,0,2,2,2,2,1,1,1,2
18,1661.276,-3590.477,120.601,19.169,0.944499,-0.328307,-0.011693,0.328453,0.944416,0.014033,0.006436,-0.017094,0.999833,0,0.36458,0.21827,21.875,0.437,1000.000,400.000,975.000,400.000,-1,325.000,325.000,300.000,300.000,-1,-1,-1,-1,600.000,800.000,775.000,-1,1,0,1,1,2,0,0,0,0,2,2,2,2,1,1,1,2
19,1686.411,-3581.546,120.785,19.561,0.942234,-0.334766,-0.011250,0.334904,0.942146,0.014171,0.005855,-0.017120,0.999836,0,0.44458,0.19616,26.675,0.392,975.000,400.000,950.000,400.000,-1,325.000,325.000,300.000,300.000,-1,-1,-1,-1,575.000,775.000,750.000,-1,1,0,1,1,2,0,0,0,0,2,2,2,2,1,1,1,2
20,1715.996,-3570.805,120.997,19.953,0.939928,-0.341205,-0.010731,0.341335,0.939832,0.014341,0.005192,-0.017142,0.999840,0,0.52458,0.19604,31.475,0.392,925.000,400.000,900.000,400.000,-1,325.000,325.000,300.000,300.000,-1,-1,-1,-1,575.000,750.000,725.000,-1,1,0,1,1,2,0,1,0,0,2,2,2,2,1,1,1,2
21,1750.008,-3558.193,121.238,20.346,0.937576,-0.347632,-0.010137,0.347751,0.937474,0.014547,0.004446,-0.017164,0.999843,0,0.60458,0.19614,36.275,0.392,875.000,400.000,850.000,375.000,-1,325.000,325.000,300.000,300.000,-1,-1,-1,-1,550.000,700.000,675.000,-1,1,1,1,1,2,1,1,0,0,2,2,2,2,1,1,1,2
22,1788.422,-3543.648,121.507,20.739,0.935178,-0.354052,-0.009469,0.354160,0.935068,0.014791,0.003617,-0.017186,0.999846,0,0.68458,0.19644,41.075,0.393,825.000,375.000,800.000,375.000,-1,300.000,300.000,300.000,300.000,-1,-1,-1,-1,500.000,675.000,650.000,-1,1,1,1,1,2,1,1,0,0,2,2,2,2,1,1,1,2
23,1831.211,-3527.109,121.803,21.132,0.932730,-0.360471,-0.008729,0.360567,0.932612,0.015076,0.002706,-0.017209,0.999848,0,0.76458,0.19693,45.875,0.394,775.000,350.000,750.000,375.000,-1,300.000,300.000,300.000,300.000,-1,-1,-1,-1,475.000,625.000,600.000,-1,1,1,1,1,2,1,1,0,0,2,2,2,2,1,1,1,2
24,1878.351,-3508.514,122.026,21.528,0.930226,-0.366898,-0.008056,0.366981,0.930108,0.014957,0.002006,-0.016870,0.999856,0,0.84458,0.19762,50.675,0.395,700.000,325.000,700.000,350.000,-1,275.000,275.000,300.000,300.000,-1,-1,-1,-1,450.000,575.000,550.000,-1,1,1,1,1,2,1,1,0,0,2,2,2,2,1,1,1,2
25,1929.814,-3487.801,122.036,21.925,0.927670,-0.373341,-0.006734,0.373401,0.927562,0.014163,0.000959,-0.015653,0.999877,0,0.92458,0.19851,55.475,0.397,625.000,300.000,625.000,325.000,-1,250.000,275.000,300.000,300.000,-1,-1,-1,-1,400.000,525.000,475.000,-1,1,1,1,1,2,1,1,0,0,2,2,2,2,1,1,1,2
26,1985.317,-3465.010,122.212,22.324,0.925049,-0.379800,-0.006002,0.379848,0.924947,0.013725,0.000339,-0.014976,0.999888,0,1.00000,0.19964,60.000,0.399,550.000,275.000,575.000,300.000,-1,250.000,250.000,300.000,300.000,-1,-1,-1,-1,375.000,475.000,425.000,-1,1,1,1,1,2,1,1,0,0,2,2,2,2,1,1,1,2
27,2040.659,-3441.831,122.836,22.726,0.922356,-0.386275,-0.007196,0.386340,0.922245,0.014359,0.001090,-0.016025,0.999871,0,1.00000,0.20101,60.000,0.402,475.000,250.000,500.000,300.000,-1,225.000,225.000,300.000,300.000,-1,-1,-1,-1,325.000,450.000,350.000,-1,1,1,1,1,2,1,1,0,0,2,2,2,2,1,1,1,2
28,2095.835,-3418.260,123.760,23.131,0.919576,-0.392756,-0.011083,0.392894,0.919437,0.016425,0.003740,-0.019458,0.999804,0,1.00000,0.20237,60.000,0.405,375.000,225.000,450.000,275.000,-1,200.000,225.000,300.000,325.000,-1,-1,-1,-1,300.000,400.000,300.000,-1,1,1,1,1,2,1,1,0,0,2,2,2,2,1,1,1,2
29,2150.844,-3394.300,128.603,23.538,0.916546,-0.399338,-0.021721,0.399470,0.916744,0.001959,0.019131,-0.010473,0.999762,0,1.00000,0.20373,60.000,0.407,375.000,225.000,450.000,275.000,-1,200.000,200.000,325.000,325.000,-1,1000.000,825.000,-1,275.000,400.000,275.000,-1,1,1,1,1,2,1,1,0,0,2,0,0,2,1,1,1,2
30,2205.783,-3370.177,134.836,23.706,0.914945,-0.402037,-0.035245,0.401689,0.915623,-0.016783,0.039018,0.001198,0.999238,0,1.00000,0.08373,60.000,0.167,425.000,200.000,425.000,275.000,-1,200.000,200.000,375.000,325.000,-1,300.000,250.000,-1,275.000,400.000,300.000,-1,1,1,1,1,2,1,1,0,0,2,0,0,2,1,1,1,2
31,-2295.767,-6231.347,81.137,25.282,0.903869,-0.426677,-0.031108,0.427575,0.903387,0.032724,0.014140,-0.042879,0.998980,1,0.00000,0.00000,60.000,-0.073,-1,400.000,-1,400.000,-1,325.000,325.000,300.000,300.000,-1,-1,-1,-1,750.000,775.000,-1,-1,2,0,2,0,2,0,0,0,0,2,2,2,2,0,0,2,2
32,-2291.418,-6229.315,81.205,25.042,0.905648,-0.422890,-0.031081,0.423790,0.905169,0.032745,0.014286,-0.042827,0.998980,0,0.08000,-0.12000,4.800,-0.240,-1,400.000,-1,400.000,-1,325.000,325.000,300.000,300.000,-1,-1,-1,-1,750.000,775.000,-1,-1,2,0,2,0,2,0,0,0,0,2,2,2,2,0,0,2,2
33,-2282.686,-6225.325,81.345,24.562,0.909158,-0.415294,-0.031026,0.416196,0.908684,0.032785,0.014578,-0.042720,0.998981,0,0.16000,-0.24000,9.600,-0.480,-1,400.000,-1,400.000,-1,325.000,325.000,300.000,300.000,-1,-1,-1,-1,750.000,775.000,-1,-1,2,0,2,0,2,0,0,0,0,2,2,2,2,0,0,2,2
34,-2269.515,-6219.504,81.563,23.842,0.914304,-0.403845,-0.030942,0.404751,0.913837,0.032841,0.015013,-0.042551,0.998982,0,0.24000,-0.36000,14.400,-0.720,-1,400.000,-1,400.000,-1,325.000,325.000,300.000,300.000,-1,-1,-1,-1,750.000,775.000,-1,-1,2,0,2,0,2,0,0,0,0,2,2,2,2,0,0,2,2
35,-2251.826,-6212.039,81.867,22.882,0.920941,-0.388482,-0.030825,0.389391,0.920484,0.032910,0.015588,-0.042311,0.998983,0,0.32000,-0.48000,19.200,-0.960,-1,400.000,-1,400.000,-1,325.000,325.000,300.000,300.000,-1,-1,-1,-1,750.000,775.000,-1,-1,2,0,2,0,2,0,0,0,0,2,2,2,2,0,0,2,2
36,-2229.523,-6203.172,82.270,21.682,0.928874,-0.369125,-0.030671,0.370038,0.928431,0.032986,0.016300,-0.041989,0.998985,0,0.40000,-0.60000,24.000,-1.200,-1,400.000,-1,400.000,-1,325.000,325.000,300.000,300.000,-1,-1,-1,-1,750.000,775.000,-1,-1,2,0,2,0,2,0,0,0,0,2,2,2,2,0,0,2,2
37,-2202.502,-6193.208,82.784,20.242,0.937856,-0.345683,-0.030477,0.346600,0.937430,0.033062,0.017141,-0.041570,0.998989,0,0.48000,-0.72000,28.800,-1.440,-1,400.000,-1,400.000,-1,325.000,325.000,300.000,300.000,-1,-1,-1,-1,750.000,775.000,-1,-1,2,0,2,0,2,0,0,0,0,2,2,2,2,0,0,2,2
38,-2170.670,-6182.451,83.424,18.672,0.946977,-0.319875,-0.030241,0.320795,0.946569,0.033132,0.018027,-0.041076,0.998993,0,0.56000,-0.78503,33.600,-1.570,-1,400.000,-1,400.000,-1,325.000,325.000,300.000,300.000,-1,-1,-1,-1,750.000,775.000,-1,-1,2,0,2,0,2,0,0,0,0,2,2,2,2,0,0,2,2
39,-2133.967,-6171.159,84.202,17.102,0.955389,-0.293826,-0.029962,0.294747,0.954999,0.033195,0.018860,-0.040545,0.999000,0,0.64000,-0.78503,38.400,-1.570,-1,400.000,-1,400.000,-1,325.000,325.000,300.000,300.000,-1,-1,-1,-1,750.000,775.000,-1,-1,2,0,2,0,2,0,0,0,0,2,2,2,2,0,0,2,2
40,-2092.344,-6159.592,85.128,15.532,0.963087,-0.267555,-0.029639,0.268475,0.962713,0.033245,0.019639,-0.039975,0.999008,0,0.72000,-0.78503,43.200,-1.570,-1,400.000,-1,400.000,-1,325.000,325.000,300.000,300.000,-1,-1,-1,-1,750.000,775.000,-1,-1,2,0,2,0,2,0,0,0,0,2,2,2,2,0,0,2,2
41,-2048.823,-6148.772,86.140,13.962,0.970062,-0.241083,-0.029294,0.241999,0.969706,0.033269,0.020386,-0.039362,0.999017,0,0.74743,-0.78503,44.846,-1.570,-1,400.000,-1,400.000,-1,325.000,325.000,300.000,300.000,-1,-1,-1,-1,750.000,775.000,-1,-1,2,0,2,0,2,0,0,0,0,2,2,2,2,0,0,2,2
42,-2005.022,-6139.149,87.136,12.391,0.976307,-0.214431,-0.029047,0.215341,0.975981,0.033002,0.021273,-0.038475,0.999033,0,0.74743,-0.78503,44.846,-1.570,-1,400.000,-1,400.000,-1,325.000,325.000,300.000,300.000,-1,-1,-1,-1,750.000,775.000,-1,-1,2,0,2,0,2,0,0,0,0,2,2,2,2,0,0,2,2
43,-1960.974,-6130.730,88.144,10.821,0.981822,-0.187617,-0.028724,0.188515,0.981529,0.032592,0.022079,-0.037414,0.999056,0,0.74743,-0.78503,44.846,-1.570,-1,400.000,-1,400.000,-1,325.000,325.000,300.000,300.000,-1,-1,-1,-1,750.000,775.000,-1,-1,2,0,2,0,2,0,0,0,0,2,2,2,2,0,0,2,2
44,-1916.711,-6123.521,89.175,9.251,0.986598,-0.160660,-0.028497,0.161548,0.986338,0.032234,0.022929,-0.036406,0.999074,0,0.74743,-0.78503,44.846,-1.570,-1,400.000,-1,400.000,-1,325.000,325.000,300.000,300.000,-1,-1,-1,-1,750.000,775.000,-1,-1,2,0,2,0,2,0,0,0,0,2,2,2,2,0,0,2,2
45,-1872.268,-6117.527,90.193,7.681,0.990633,-0.133578,-0.028333,0.134464,0.990399,0.032087,0.023775,-0.035596,0.999083,0,0.74743,-0.78503,44.846,-1.570,-1,400.000,-1,400.000,-1,325.000,325.000,300.000,300.000,-1,-1,-1,-1,750.000,775.000,-1,-1,2,0,2,0,2,0,0,0,0,2,2,2,2,0,0,2,2
46,-1827.677,-6112.753,91.256,6.111,0.993925,-0.106395,-0.028158,0.107277,0.993717,0.031917,0.024585,-0.034743,0.999094,0,0.74743,-0.78503,44.846,-1.570,-1,400.000,-1,400.000,-1,325.000,325.000,300.000,300.000,-1,-1,-1,-1,750.000,775.000,-1,-1,2,0,2,0,2,0,0,0,0,2,2,2,2,0,0,2,2
47,-1782.972,-6109.203,92.361,4.541,0.996472,-0.079131,-0.027972,0.080007,0.996289,0.031724,0.025358,-0.033850,0.999105,0,0.74743,-0.78503,44.846,-1.570,-1,400.000,-1,400.000,-1,325.000,325.000,300.000,300.000,-1,-1,-1,-1,750.000,775.000,-1,-1,2,0,2,0,2,0,0,0,0,2,2,2,2,0,0,2,2
48,-1738.186,-6106.879,93.507,2.971,0.998271,-0.051805,-0.027777,0.052674,0.998115,0.031510,0.026092,-0.032919,0.999117,0,0.74743,-0.78503,44.846,-1.570,-1,400.000,-1,400.000,-1,325.000,325.000,300.000,300.000,-1,-1,-1,-1,750.000,775.000,-1,-1,2,0,2,0,2,0,0,0,0,2,2,2,2,0,0,2,2
49,-1693.354,-6105.783,94.693,1.401,0.999321,-0.024439,-0.027573,0.025299,0.999191,0.031274,0.026786,-0.031951,0.999130,0,0.74743,-0.78503,44.846,-1.570,-1,400.000,-1,400.000,-1,325.000,325.000,300.000,300.000,-1,-1,-1,-1,750.000,800.000,-1,-1,2,0,2,0,2,0,0,0,0,2,2,2,2,0,0,2,2
50,-1648.508,-6105.915,95.916,-0.169,0.999621,0.002947,-0.027362,-0.002098,0.999517,0.031018,0.027440,-0.030948,0.999144,0,0.74743,-0.78503,44.846,-1.570,-1,400.000,-1,400.000,-1,325.000,325.000,300.000,300.000,-1,-1,-1,-1,750.000,800.000,-1,-1,2,0,2,0,2,0,0,0,0,2,2,2,2,0,0,2,2
51,-1603.683,-6107.277,97.174,-1.739,0.999171,0.030333,-0.027144,-0.029495,0.999092,0.030740,0.028052,-0.029914,0.999159,0,0.74743,-0.78503,44.846,-1.570,-1,400.000,-1,400.000,-1,325.000,325.000,300.000,300.000,-1,-1,-1,-1,750.000,800.000,-1,-1,2,0,2,0,2,0,0,0,0,2,2,2,2,0,0,2,2
52,-1558.912,-6109.866,98.466,-3.309,0.997971,0.057698,-0.026920,-0.056873,0.997917,0.030442,0.028621,-0.028849,0.999174,0,0.74743,-0.78503,44.846,-1.570,-1,400.000,-1,400.000,-1,325.000,325.000,300.000,300.000,-1,-1,-1,-1,775.000,800.000,-1,-1,2,0,2,0,2,0,0,0,0,2,2,2,2,0,0,2,2
53,-1514.229,-6113.680,99.790,-4.879,0.996022,0.085021,-0.026692,-0.084211,0.995993,0.030124,0.029146,-0.027756,0.999190,0,0.74743,-0.78503,44.846,-1.570,-1,400.000,-1,400.000,-1,325.000,325.000,300.000,300.000,-1,-1,-1,-1,775.000,800.000,-1,-1,2,0,2,0,2,0,0,0,0,2,2,2,2,0,0,2,2
54,-1469.667,-6118.718,101.143,-6.449,0.993324,0.112281,-0.026460,-0.111487,0.993319,0.029787,0.029628,-0.026638,0.999206,0,0.74743,-0.78503,44.846,-1.570,-1,400.000,-1,400.000,-1,325.000,325.000,300.000,300.000,-1,-1,-1,-1,775.000,800.000,-1,-1,2,0,2,0,2,0,0,0,0,2,2,2,2,0,0,2,2
55,-1425.260,-6124.974,102.525,-8.019,0.989880,0.139460,-0.026224,-0.138683,0.989899,0.029430,0.030064,-0.025495,0.999223,0,0.74743,-0.78503,44.846,-1.570,-1,400.000,-1,400.000,-1,325.000,325.000,300.000,300.000,-1,-1,-1,-1,775.000,800.000,-1,-1,2,0,2,0,2,0,0,0,0,2,2,2,2,0,0,2,2
56,-1381.041,-6132.445,103.932,-9.589,0.985693,0.166534,-0.025987,-0.165776,0.985735,0.029055,0.030455,-0.024332,0.999240,0,0.74743,-0.78503,44.846,-1.570,-1,400.000,-1,400.000,-1,325.000,325.000,300.000,300.000,-1,-1,-1,-1,775.000,800.000,-1,-1,2,0,2,0,2,0,0,0,0,2,2,2,2,0,0,2,2
57,-1337.043,-6141.125,105.330,-11.159,0.980766,0.193485,-0.025741,-0.192741,0.980827,0.028800,0.030819,-0.023285,0.999254,0,0.74743,-0.78503,44.846,-1.570,-1,400.000,-1,400.000,-1,325.000,325.000,300.000,300.000,-1,-1,-1,-1,775.000,800.000,-1,-1,2,0,2,0,2,0,0,0,0,2,2,2,2,0,0,2,2
58,-1293.300,-6151.007,106.721,-12.729,0.975103,0.220291,-0.025401,-0.219562,0.975178,0.028633,0.031078,-0.022343,0.999267,0,0.74743,-0.78503,44.846,-1.570,-1,400.000,-1,400.000,-1,325.000,325.000,300.000,300.000,-1,-1,-1,-1,775.000,800.000,-1,-1,2,0,2,0,2,0,0,0,0,2,2,2,2,0,0,2,2
59,-1249.844,-6162.083,108.116,-14.299,0.968707,0.246933,-0.025107,-0.246220,0.968798,0.028401,0.031336,-0.021330,0.999281,0,0.74743,-0.78503,44.846,-1.570,-1,400.000,-1,400.000,-1,325.000,325.000,300.000,300.000,-1,-1,-1,-1,775.000,800.000,-1,-1,2,0,2,0,2,0,0,0,0,2,2,2,2,0,0,2,2
60,-1206.707,-6174.346,109.491,-15.869,0.961583,0.273391,-0.024824,-0.272699,0.961692,0.028012,0.031531,-0.020166,0.999299,0,0.74743,-0.78503,44.846,-1.570,-1,400.000,-1,400.000,-1,325.000,325.000,300.000,300.000,-1,-1,-1,-1,775.000,800.000,-1,-1,2,0,2,0,2,0,0,0,0,2,2,2,2,0,0,2,2
61,-1159.282,-6189.027,111.014,-17.200,0.954983,0.295646,-0.024499,-0.294979,0.955108,0.027506,0.031531,-0.019041,0.999321,0,0.82743,-0.66503,49.646,-1.330,-1,400.000,-1,400.000,-1,325.000,325.000,300.000,300.000,-1,-1,-1,-1,775.000,800.000,-1,-1,2,0,2,0,2,0,0,0,0,2,2,2,2,0,0,2,2
62,-1110.490,-6205.153,112.598,-18.290,0.949192,0.313768,-0.024169,-0.313127,0.949328,0.026967,0.031406,-0.018029,0.999344,0,0.85647,-0.54503,51.388,-1.090,-1,400.000,-1,400.000,-1,325.000,325.000,300.000,300.000,-1,-1,-1,-1,775.000,800.000,-1,-1,2,0,2,0,2,0,0,0,0,2,2,2,2,0,0,2,2
63,-1061.942,-6222.002,114.183,-19.140,0.944438,0.327823,-0.023846,-0.327206,0.944584,0.026418,0.031184,-0.017147,0.999367,0,0.85647,-0.42503,51.388,-0.850,-1,400.000,-1,400.000,-1,325.000,325.000,300.000,300.000,-1,-1,-1,-1,800.000,800.000,-1,-1,2,0,2,0,2,0,0,0,0,2,2,2,2,0,0,2,2
64,-1013.577,-6239.367,115.764,-19.750,0.940900,0.337866,-0.023525,-0.337273,0.941051,0.025861,0.030876,-0.016398,0.999389,0,0.85647,-0.30503,51.388,-0.610,-1,400.000,-1,400.000,-1,325.000,325.000,300.000,300.000,-1,-1,-1,-1,800.000,800.000,-1,-1,2,0,2,0,2,0,0,0,0,2,2,2,2,0,0,2,2
65,-965.325,-6257.044,117.339,-20.120,0.938705,0.343940,-0.023206,-0.343371,0.938859,0.025302,0.030490,-0.015782,0.999410,0,0.85647,-0.18503,51.388,-0.370,-1,400.000,-1,400.000,-1,325.000,325.000,300.000,300.000,-1,-1,-1,-1,800.000,825.000,-1,-1,2,0,2,0,2,0,0,0,0,2,2,2,2,0,0,2,2
66,-917.113,-6274.830,118.903,-20.250,0.937929,0.346073,-0.022887,-0.345526,0.938083,0.024742,0.030032,-0.015299,0.999432,0,0.85647,-0.06503,51.388,-0.130,-1,400.000,-1,400.000,-1,325.000,325.000,300.000,300.000,-1,-1,-1,-1,800.000,825.000,-1,-1,2,0,2,0,2,0,0,0,0,2,2,2,2,0,0,2,2
67,-868.867,-6292.523,120.452,-20.140,0.938598,0.344274,-0.022564,-0.343748,0.938750,0.024187,0.029508,-0.014945,0.999453,0,0.85647,0.05497,51.388,0.110,-1,400.000,-1,400.000,-1,325.000,325.000,300.000,300.000,-1,-1,-1,-1,800.000,825.000,-1,-1,2,0,2,0,2,0,0,0,0,2,2,2,2,0,0,2,2
68,-820.558,-6310.045,121.987,-19.935,0.939828,0.340922,-0.022237,-0.340417,0.939977,0.023636,0.028960,-0.014644,0.999473,0,0.85647,0.10225,51.388,0.205,-1,400.000,-1,400.000,-1,325.000,325.000,300.000,300.000,-1,-1,-1,-1,800.000,825.000,-1,-1,2,0,2,0,2,0,0,0,0,2,2,2,2,0,0,2,2
69,-772.187,-6327.393,123.506,-19.731,0.941047,0.337567,-0.021907,-0.337081,0.941192,0.023096,0.028415,-0.014350,0.999493,0,0.85647,0.10225,51.388,0.205,-1,400.000,-1,400.000,-1,325.000,325.000,300.000,300.000,-1,-1,-1,-1,800.000,825.000,-1,-1,2,0,2,0,2,0,0,0,0,2,2,2,2,0,0,2,2
70,-723.754,-6344.569,124.974,-19.526,0.942252,0.334206,-0.021627,-0.333734,0.942393,0.022739,0.027981,-0.014209,0.999507,0,0.85647,0.10225,51.388,0.205,-1,400.000,-1,400.000,-1,325.000,325.000,300.000,300.000,-1,-1,-1,-1,800.000,825.000,-1,-1,2,0,2,0,2,0,0,0,0,2,2,2,2,0,0,2,2
71,-675.260,-6361.572,126.322,-19.322,0.943456,0.330839,-0.020877,-0.330379,0.943576,0.022682,0.027203,-0.014503,0.999525,0,0.85647,0.10225,51.388,0.205,-1,400.000,-1,400.000,-1,325.000,325.000,300.000,300.000,-1,-1,-1,-1,800.000,825.000,-1,-1,2,0,2,0,2,0,0,0,0,2,2,2,2,0,0,2,2
72,-626.706,-6378.402,127.655,-19.117,0.944648,0.327467,-0.020123,-0.327019,0.944747,0.022637,0.026424,-0.014804,0.999541,0,0.85647,0.10225,51.388,0.205,-1,400.000,-1,400.000,-1,325.000,325.000,300.000,300.000,-1,-1,-1,-1,800.000,825.000,-1,-1,2,0,2,0,2,0,0,0,0,2,2,2,2,0,0,2,2
73,-578.092,-6395.058,128.939,-18.913,0.945827,0.324092,-0.019410,-0.323656,0.945906,0.022576,0.025677,-0.015071,0.999557,0,0.85647,0.10225,51.388,0.205,-1,400.000,-1,400.000,-1,325.000,325.000,300.000,300.000,-1,-1,-1,-1,825.000,825.000,-1,-1,2,0,2,0,2,0,0,0,0,2,2,2,2,0,0,2,2
74,-529.419,-6411.541,130.108,-18.708,0.946992,0.320714,-0.018670,-0.320300,0.947058,0.022133,0.024780,-0.014979,0.999581,0,0.85647,0.10225,51.388,0.205,-1,400.000,-1,400.000,-1,325.000,325.000,300.000,300.000,-1,-1,-1,-1,825.000,825.000,-1,-1,2,0,2,0,2,0,0,0,0,2,2,2,2,0,0,2,2
75,-480.688,-6427.850,131.204,-18.504,0.948146,0.317333,-0.017831,-0.316948,0.948201,0.021432,0.023708,-0.014669,0.999611,0,0.85647,0.10225,51.388,0.205,-1,400.000,-1,400.000,-1,325.000,325.000,300.000,300.000,-1,-1,-1,-1,825.000,825.000,-1,-1,2,0,2,0,2,0,0,0,0,2,2,2,2,0,0,2,2
76,-431.898,-6443.985,132.285,-18.299,0.949288,0.313948,-0.016988,-0.313591,0.949332,0.020737,0.022637,-0.014358,0.999641,0,0.85647,0.10225,51.388,0.205,-1,400.000,-1,400.000,-1,325.000,325.000,300.000,300.000,-1,-1,-1,-1,800.000,825.000,-1,-1,2,0,2,0,2,0,0,0,0,2,2,2,2,0,0,2,2
77,-383.051,-6459.945,133.350,-18.095,0.950417,0.310559,-0.016140,-0.310229,0.950450,0.020048,0.021566,-0.014047,0.999669,0,0.85647,0.10225,51.388,0.205,-1,400.000,-1,400.000,-1,325.000,325.000,300.000,300.000,-1,-1,-1,-1,800.000,825.000,-1,-1,2,0,2,0,2,0,0,0,0,2,2,2,2,0,0,2,2
78,-334.148,-6475.732,134.401,-17.890,0.951533,0.307166,-0.015288,-0.306862,0.951557,0.019365,0.020496,-0.013735,0.999696,0,0.85647,0.10225,51.388,0.205,-1,400.000,-1,400.000,-1,325.000,325.000,300.000,300.000,-1,-1,-1,-1,800.000,825.000,-1,-1,2,0,2,0,2,0,0,0,0,2,2,2,2,0,0,2,2
79,-285.189,-6491.343,135.438,-17.686,0.952636,0.303769,-0.014432,-0.303491,0.952651,0.018689,0.019425,-0.013424,0.999721,0,0.85647,0.10225,51.388,0.205,-1,400.000,-1,400.000,-1,325.000,325.000,300.000,300.000,-1,-1,-1,-1,800.000,825.000,-1,-1,2,0,2,0,2,0,0,0,0,2,2,2,2,0,0,2,2
80,-236.174,-6506.780,136.460,-17.481,0.953727,0.300368,-0.013571,-0.300114,0.953733,0.018019,0.018356,-0.013112,0.999746,0,0.85647,0.10225,51.388,0.205,-1,400.000,-1,400.000,-1,325.000,325.000,300.000,300.000,-1,-1,-1,-1,800.000,825.000,-1,-1,2,0,2,0,2,0,0,0,0,2,2,2,2,0,0,2,2
81,-187.104,-6522.041,137.467,-17.277,0.954804,0.296963,-0.012707,-0.296732,0.954803,0.017355,0.017287,-0.012800,0.999769,0,0.85647,0.10225,51.388,0.205,-1,400.000,-1,400.000,-1,325.000,325.000,300.000,300.000,-1,-1,-1,-1,800.000,825.000,-1,-1,2,0,2,0,2,0,0,0,0,2,2,2,2,0,0,2,2
82,-137.980,-6537.128,138.461,-17.072,0.955869,0.293554,-0.011839,-0.293345,0.955861,0.016698,0.016218,-0.012488,0.999790,0,0.85647,0.10225,51.388,0.205,-1,400.000,-1,400.000,-1,325.000,325.000,300.000,300.000,-1,-1,-1,-1,800.000,825.000,-1,-1,2,0,2,0,2,0,0,0,0,2,2,2,2,0,0,2,2
83,-88.803,-6552.039,139.415,-16.868,0.956920,0.290142,-0.011016,-0.289951,0.956905,0.016169,0.015232,-0.012278,0.999809,0,0.85647,0.10225,51.388,0.205,-1,400.000,-1,400.000,-1,325.000,325.000,300.000,300.000,-1,-1,-1,-1,800.000,825.000,-1,-1,2,0,2,0,2,0,0,0,0,2,2,2,2,0,0,2,2
84,-42.418,-6566.134,140.163,-16.903,0.956750,0.290734,-0.010175,-0.290554,0.956723,0.016107,0.014418,-0.012454,0.999819,0,0.80799,-0.01775,48.479,-0.035,-1,400.000,-1,400.000,-1,325.000,325.000,300.000,300.000,-1,-1,-1,-1,800.000,825.000,-1,-1,2,0,2,0,2,0,0,0,0,2,2,2,2,0,0,2,2
85,3.898,-6580.453,140.819,-17.179,0.955353,0.295329,-0.009031,-0.295163,0.955310,0.016167,0.013402,-0.012780,0.999829,0,0.80799,-0.13775,48.479,-0.275,-1,400.000,-1,400.000,-1,325.000,325.000,300.000,300.000,-1,-1,-1,-1,800.000,825.000,-1,-1,2,0,2,0,2,0,0,0,0,2,2,2,2,0,0,2,2
86,50.084,-6595.187,141.455,-17.694,0.952668,0.303911,-0.007889,-0.303758,0.952611,0.016251,0.012454,-0.013085,0.999837,0,0.80799,-0.25775,48.479,-0.515,-1,400.000,-1,400.000,-1,325.000,325.000,300.000,300.000,-1,-1,-1,-1,800.000,825.000,-1,-1,2,0,2,0,2,0,0,0,0,2,2,2,2,0,0,2,2
87,96.071,-6610.530,141.964,-18.450,0.948583,0.316446,-0.007190,-0.316304,0.948522,0.016021,0.011889,-0.012923,0.999846,0,0.80799,-0.37775,48.479,-0.755,-1,400.000,-1,400.000,-1,325.000,325.000,300.000,300.000,-1,-1,-1,-1,800.000,825.000,-1,-1,2,0,2,0,2,0,0,0,0,2,2,2,2,0,0,2,2
88,141.849,-6626.489,142.357,-19.220,0.944250,0.329167,-0.006322,-0.329044,0.944191,0.015282,0.011000,-0.012350,0.999863,0,0.80799,-0.38502,48.479,-0.770,-1,400.000,-1,400.000,-1,325.000,325.000,300.000,300.000,-1,-1,-1,-1,800.000,825.000,-1,-1,2,0,2,0,2,0,0,0,0,2,2,2,2,0,0,2,2
89,187.407,-6643.062,142.744,-19.990,0.939746,0.341829,-0.005457,-0.341724,0.939688,0.014520,0.010091,-0.011781,0.999880,0,0.80799,-0.38502,48.479,-0.770,-1,400.000,-1,400.000,-1,325.000,325.000,300.000,300.000,-1,-1,-1,-1,800.000,825.000,-1,-1,2,0,2,0,2,0,0,0,0,2,2,2,2,0,0,2,2
90,232.739,-6660.245,143.127,-20.760,0.935072,0.354429,-0.004598,-0.354340,0.935015,0.013751,0.009173,-0.011229,0.999895,0,0.80799,-0.38502,48.479,-0.770,-1,400.000,-1,400.000,-1,325.000,325.000,300.000,300.000,-1,-1,-1,-1,800.000,825.000,-1,-1,2,0,2,0,2,0,0,0,0,2,2,2,2,0,0,2,2
91,277.836,-6678.037,143.506,-21.530,0.930227,0.366965,-0.003748,-0.366892,0.930173,0.012976,0.008248,-0.010696,0.999909,0,0.80799,-0.38502,48.479,-0.770,-1,400.000,-1,400.000,-1,325.000,325.000,300.000,300.000,-1,-1,-1,-1,800.000,825.000,-1,-1,2,0,2,0,2,0,0,0,0,2,2,2,2,0,0,2,2
92,322.689,-6696.432,143.879,-22.300,0.925214,0.379435,-0.002904,-0.379376,0.925162,0.012194,0.007314,-0.010181,0.999921,0,0.80799,-0.38502,48.479,-0.770,-1,400.000,-1,400.000,-1,325.000,325.000,300.000,300.000,-1,-1,-1,-1,800.000,825.000,-1,-1,2,0,2,0,2,0,0,0,0,2,2,2,2,0,0,2,2
93,367.291,-6715.429,144.248,-23.070,0.920033,0.391836,-0.002068,-0.391790,0.919984,0.011408,0.006373,-0.009685,0.999933,0,0.80799,-0.38502,48.479,-0.770,-1,400.000,-1,400.000,-1,325.000,325.000,300.000,300.000,-1,-1,-1,-1,800.000,800.000,-1,-1,2,0,2,0,2,0,0,0,0,2,2,2,2,0,0,2,2
94,411.634,-6735.024,144.610,-23.840,0.914685,0.404166,-0.001240,-0.404132,0.914639,0.010617,0.005426,-0.009210,0.999943,0,0.80799,-0.38502,48.479,-0.770,-1,400.000,-1,400.000,-1,325.000,325.000,300.000,300.000,-1,-1,-1,-1,800.000,800.000,-1,-1,2,0,2,0,2,0,0,0,0,2,2,2,2,0,0,2,2
95,455.710,-6755.212,144.966,-24.610,0.909171,0.416424,-0.000420,-0.416400,0.909129,0.009823,0.004472,-0.008756,0.999952,0,0.80799,-0.38502,48.479,-0.770,-1,400.000,-1,400.000,-1,325.000,325.000,300.000,300.000,-1,-1,-1,-1,800.000,800.000,-1,-1,2,0,2,0,2,0,0,0,0,2,2,2,2,0,0,2,2
96,499.510,-6775.992,145.315,-25.380,0.903492,0.428606,0.000393,-0.428591,0.903453,0.009027,0.003514,-0.008324,0.999959,0,0.80799,-0.38502,48.479,-0.770,-1,400.000,-1,400.000,-1,325.000,325.000,300.000,300.000,-1,-1,-1,-1,800.000,800.000,-1,-1,2,0,2,0,2,0,0,0,0,2,2,2,2,0,0,2,2
97,543.027,-6797.358,145.547,-26.150,0.897650,0.440709,0.001076,-0.440700,0.897611,0.008781,0.002904,-0.008356,0.999961,0,0.80799,-0.38502,48.479,-0.770,-1,400.000,-1,400.000,-1,325.000,325.000,300.000,300.000,-1,-1,-1,-1,800.000,800.000,-1,-1,2,0,2,0,2,0,0,0,0,2,2,2,2,0,0,2,2
98,586.253,-6819.306,145.739,-26.920,0.891645,0.452732,0.001777,-0.452729,0.891607,0.008566,0.002294,-0.008442,0.999962,0,0.80799,-0.38502,48.479,-0.770,-1,400.000,-1,400.000,-1,325.000,325.000,300.000,300.000,-1,-1,-1,-1,800.000,800.000,-1,-1,2,0,2,0,2,0,0,0,0,2,2,2,2,0,0,2,2
99,629.201,-6841.845,145.866,-27.690,0.885478,0.464675,0.002524,-0.464679,0.885440,0.008370,0.001654,-0.008585,0.999962,0,0.80839,-0.38510,48.503,-0.770,-1,400.000,-1,400.000,-1,325.000,325.000,300.000,300.000,-1,-1,-1,-1,800.000,800.000,-1,-1,2,0,2,0,2,0,0,0,0,2,2,2,2,0,0,2,2
100,672.164,-6865.137,145.987,-28.463,0.879129,0.476573,0.003290,-0.476584,0.879091,0.008177,0.001005,-0.008757,0.999961,0,0.81451,-0.38636,48.870,-0.773,-1,400.000,-1,400.000,-1,325.000,325.000,300.000,300.000,-1,-1,-1,-1,800.000,800.000,-1,-1,2,0,2,0,2,0,0,0,0,2,2,2,2,0,0,2,2
101,715.133,-6889.188,146.100,-29.238,0.872599,0.488420,0.004076,-0.488437,0.872563,0.007987,0.000345,-0.008960,0.999960,0,0.82071,-0.38751,49.242,-0.775,-1,400.000,-1,400.000,-1,325.000,325.000,300.000,300.000,-1,-1,-1,-1,800.000,800.000,-1,-1,2,0,2,0,2,0,0,0,0,2,2,2,2,0,0,2,2
102,758.098,-6914.009,146.120,-30.015,0.865893,0.500209,0.004512,-0.500230,0.865859,0.007656,-0.000078,-0.008886,0.999961,0,0.82699,-0.38855,49.619,-0.777,-1,400.000,-1,400.000,-1,325.000,325.000,300.000,300.000,-1,-1,-1,-1,800.000,800.000,-1,-1,2,0,2,0,2,0,0,0,0,2,2,2,2,0,0,2,2
103,801.049,-6939.608,146.099,-30.794,0.859010,0.511935,0.004822,-0.511958,0.858980,0.007284,-0.000413,-0.008726,0.999962,0,0.83334,-0.38949,50.001,-0.779,-1,400.000,-1,400.000,-1,325.000,325.000,300.000,300.000,-1,-1,-1,-1,800.000,775.000,-1,-1,2,0,2,0,2,0,0,0,0,2,2,2,2,0,0,2,2
104,843.977,-6965.991,146.055,-31.575,0.851954,0.523591,0.005173,-0.523616,0.851927,0.006890,-0.000800,-0.008579,0.999963,0,0.83978,-0.39030,50.387,-0.781,-1,400.000,-1,400.000,-1,325.000,325.000,300.000,300.000,-1,-1,-1,-1,800.000,775.000,-1,-1,2,0,2,0,2,0,0,0,0,2,2,2,2,0,0,2,2
105,886.870,-6993.166,145.968,-32.357,0.844726,0.535170,0.005552,-0.535198,0.844703,0.006353,-0.001290,-0.008338,0.999964,0,0.84629,-0.39099,50.778,-0.782,-1,400.000,-1,400.000,-1,325.000,325.000,300.000,300.000,-1,-1,-1,-1,800.000,775.000,-1,-1,2,0,2,0,2,0,0,0,0,2,2,2,2,0,0,2,2
106,929.720,-7021.142,145.876,-33.140,0.837330,0.546666,0.005919,-0.546696,0.837311,0.005827,-0.001771,-0.008115,0.999966,0,0.85288,-0.39156,51.173,-0.783,-1,400.000,-1,400.000,-1,325.000,325.000,300.000,300.000,-1,-1,-1,-1,800.000,775.000,-1,-1,2,0,2,0,2,0,0,0,0,2,2,2,2,0,0,2,2
107,972.514,-7049.924,145.778,-33.924,0.829768,0.558073,0.006275,-0.558104,0.829754,0.005312,-0.002242,-0.007910,0.999966,0,0.85955,-0.39200,51.573,-0.784,-1,400.000,-1,400.000,-1,325.000,325.000,300.000,300.000,-1,-1,-1,-1,800.000,775.000,-1,-1,2,0,2,0,2,0,0,0,0,2,2,2,2,0,1,2,2
108,1015.242,-7079.520,145.674,-34.708,0.822045,0.569384,0.006621,-0.569416,0.822036,0.004810,-0.002703,-0.007724,0.999967,0,0.86629,-0.39230,51.977,-0.785,-1,400.000,-1,400.000,-1,325.000,325.000,300.000,300.000,-1,-1,-1,-1,800.000,750.000,-1,-1,2,0,2,0,2,0,0,0,0,2,2,2,2,0,1,2,2
109,1057.894,-7109.936,145.564,-35.493,0.814165,0.580592,0.006956,-0.580625,0.814160,0.004324,-0.003153,-0.007559,0.999966,0,0.87310,-0.39246,52.386,-0.785,-1,400.000,-1,400.000,-1,325.000,325.000,300.000,300.000,-1,-1,-1,-1,800.000,725.000,-1,-1,2,0,2,0,2,0,0,0,0,2,2,2,2,0,1,2,2
110,1100.458,-7141.178,145.427,-36.278,0.806132,0.591691,0.007277,-0.591725,0.806130,0.003952,-0.003528,-0.007492,0.999966,0,0.87998,-0.39246,52.799,-0.785,-1,400.000,-1,400.000,-1,325.000,325.000,300.000,300.000,-1,-1,-1,-1,800.000,700.000,-1,1000.000,2,0,2,0,2,0,0,0,0,2,2,2,2,0,1,2,1
111,1142.923,-7173.251,145.247,-37.063,0.797951,0.602674,0.007589,-0.602710,0.797951,0.003731,-0.003807,-0.007552,0.999964,0,0.88694,-0.39231,53.216,-0.785,-1,400.000,975.000,400.000,-1,325.000,325.000,300.000,300.000,-1,-1,-1,-1,800.000,675.000,1000.000,975.000,2,0,1,0,2,0,0,0,0,2,2,2,2,0,1,1,1
112,1185.278,-7206.160,145.060,-37.847,0.789627,0.613536,0.007900,-0.613573,0.789630,0.003537,-0.004068,-0.007640,0.999963,0,0.89395,-0.39200,53.637,-0.784,975.000,400.000,925.000,400.000,-1,325.000,325.000,300.000,300.000,-1,-1,-1,-1,750.000,625.000,950.000,925.000,1,0,1,0,2,0,0,0,0,2,2,2,2,1,1,1,1
113,1230.775,-7242.833,144.832,-38.871,0.778533,0.627548,0.008359,-0.627589,0.778538,0.003409,-0.004369,-0.007900,0.999959,0,0.97395,-0.51200,58.437,-1.024,900.000,400.000,850.000,400.000,-1,325.000,325.000,300.000,300.000,-1,-1,-1,-1,675.000,600.000,900.000,875.000,1,0,1,0,2,1,1,0,0,2,2,2,2,1,1,1,1
114,1276.647,-7281.508,144.542,-40.135,0.764494,0.644566,0.009131,-0.644613,0.764501,0.003390,-0.004795,-0.008478,0.999953,0,1.00000,-0.63200,60.000,-1.264,825.000,400.000,800.000,375.000,-1,300.000,300.000,300.000,300.000,-1,-1,-1,-1,625.000,575.000,825.000,850.000,1,1,1,1,2,1,1,0,0,2,2,2,2,1,1,1,1
115,1321.488,-7321.374,144.251,-41.639,0.747306,0.664406,0.009898,-0.664460,0.747316,0.003425,-0.005121,-0.009137,0.999945,0,1.00000,-0.75200,60.000,-1.504,775.000,375.000,725.000,375.000,-1,300.000,300.000,300.000,300.000,-1,-1,-1,-1,550.000,550.000,750.000,850.000,1,1,1,1,2,1,1,0,0,2,2,2,2,1,1,1,1
116,1365.095,-7362.587,143.970,-43.383,0.726733,0.686837,0.010664,-0.686899,0.726745,0.003474,-0.005364,-0.009849,0.999937,0,1.00000,-0.87200,60.000,-1.744,725.000,350.000,675.000,350.000,-1,275.000,275.000,300.000,300.000,-1,-1,-1,-1,500.000,500.000,675.000,900.000,1,1,1,1,2,1,1,0,0,2,2,2,2,1,1,1,1
117,1407.249,-7405.284,143.676,-45.367,0.702513,0.711581,0.011291,-0.711650,0.702526,0.003482,-0.005454,-0.010481,0.999930,0,1.00000,-0.99200,60.000,-1.984,650.000,300.000,600.000,325.000,-1,250.000,275.000,300.000,300.000,-1,-1,-1,-1,450.000,475.000,575.000,-1,1,1,1,1,2,1,1,0,0,2,2,2,2,1,1,1,2
118,1447.900,-7449.414,143.378,-47.350,0.677462,0.735463,0.011807,-0.735538,0.677475,0.003472,-0.005446,-0.011037,0.999924,0,1.00000,-0.99165,60.000,-1.983,575.000,275.000,550.000,325.000,-1,250.000,250.000,300.000,300.000,-1,-1,-1,-1,375.000,450.000,475.000,-1,1,1,1,1,2,1,1,0,0,2,2,2,2,1,1,1,2
119,1487.008,-7494.917,143.963,-49.321,0.651799,0.758352,0.007770,-0.758387,0.651796,0.003294,-0.002566,-0.008040,0.999964,0,1.00000,-0.98554,60.000,-1.971,500.000,250.000,500.000,300.000,-1,225.000,250.000,325.000,300.000,-1,-1,-1,-1,350.000,425.000,375.000,-1,1,1,1,1,2,1,1,0,0,2,2,2,2,1,1,1,2
120,1524.541,-7541.729,146.503,-51.278,0.625511,0.780189,-0.006476,-0.780187,0.625537,0.003404,0.006707,0.002923,0.999973,0,1.00000,-0.97846,60.000,-1.957,425.000,250.000,475.000,300.000,-1,225.000,225.000,350.000,300.000,-1,-1,-1,-1,325.000,450.000,325.000,-1,1,1,1,1,2,1,1,0,0,2,2,2,2,1,1,1,2
121,1560.468,-7589.783,149.688,-53.219,0.598424,0.800819,-0.024012,-0.800976,0.598679,0.004612,0.018069,0.016473,0.999701,0,1.00000,-0.97032,60.000,-1.941,375.000,225.000,-1,300.000,-1,200.000,225.000,375.000,300.000,-1,600.000,425.000,-1,300.000,525.000,300.000,-1,1,1,2,1,2,1,1,0,0,2,0,0,2,1,1,1,2
122,1594.768,-7639.014,153.472,-55.141,0.570445,0.820127,-0.044534,-0.820737,0.571261,0.007212,0.031355,0.032436,0.998982,0,1.00000,-0.96100,60.000,-1.922,325.000,225.000,-1,300.000,-1,200.000,225.000,425.000,275.000,-1,400.000,225.000,-1,275.000,725.000,250.000,-1,1,1,2,1,2,1,1,0,0,2,0,0,2,1,1,1,2
123,1627.421,-7689.353,157.727,-57.041,0.541467,0.838000,-0.067597,-0.839428,0.543342,0.011810,0.046625,0.050348,0.997643,0,1.00000,-0.95033,60.000,-1.901,275.000,200.000,-1,325.000,-1,200.000,225.000,500.000,275.000,-1,300.000,150.000,825.000,275.000,-1,225.000,-1,1,1,2,1,2,1,1,0,0,2,0,0,0,1,2,1,2
124,-2295.731,8855.048,293.828,-137.500,-0.738552,0.673295,-0.034848,-0.673609,-0.734766,0.079812,0.028132,0.082419,0.996201,1,0.00000,0.00000,60.000,-1.876,-1,475.000,-1,400.000,925.000,350.000,325.000,375.000,600.000,-1,0.000,125.000,-1,-1,625.000,-1,825.000,2,0,2,0,1,0,0,0,1,2,1,1,2,2,1,2,1
125,-2299.256,8851.791,293.711,-137.260,-0.735737,0.676352,-0.035201,-0.676673,-0.731922,0.080021,0.028358,0.082694,0.996171,0,0.08000,0.12000,4.800,0.240,-1,475.000,-1,400.000,900.000,350.000,325.000,375.000,600.000,-1,0.000,125.000,-1,-1,625.000,-1,825.000,2,0,2,0,1,0,0,0,1,2,1,1,2,2,1,2,1
126,-2306.268,8845.235,293.549,-136.931,-0.731852,0.680524,-0.035786,-0.680866,-0.728000,0.080233,0.028549,0.083084,0.996134,0,0.16000,0.16459,9.600,0.329,-1,475.000,-1,400.000,875.000,350.000,325.000,375.000,575.000,-1,0.000,125.000,-1,-1,625.000,-1,800.000,2,0,2,0,1,0,0,0,1,2,1,1,2,2,1,2,1
127,-2316.730,8835.340,293.399,-136.596,-0.727867,0.684743,-0.036561,-0.685125,-0.723987,0.080294,0.028511,0.083493,0.996100,0,0.24000,0.16741,14.400,0.335,-1,475.000,-1,400.000,850.000,350.000,325.000,375.000,575.000,-1,0.000,150.000,-1,-1,625.000,-1,775.000,2,0,2,0,1,0,0,0,1,2,1,1,2,2,1,2,1
128,-2330.599,8822.064,293.177,-136.252,-0.723747,0.689074,-0.036971,-0.689475,-0.719874,0.080030,0.028532,0.083412,0.996107,0,0.32000,0.17171,19.200,0.343,-1,475.000,-1,400.000,800.000,350.000,325.000,375.000,550.000,-1,0.000,150.000,-1,-1,625.000,-1,750.000,2,0,2,1,1,0,0,0,1,2,1,1,2,2,1,2,1
129,-2347.834,8805.362,292.898,-135.897,-0.719447,0.693566,-0.036914,-0.693958,-0.715633,0.079318,0.028595,0.082682,0.996166,0,0.40000,0.17757,24.000,0.355,-1,475.000,-1,400.000,750.000,350.000,325.000,375.000,525.000,-1,0.000,175.000,-1,-1,600.000,-1,725.000,2,0,2,1,1,0,0,0,1,2,1,1,2,2,1,2,1
130,-2368.386,8785.187,292.807,-135.527,-0.714890,0.698275,-0.036654,-0.698677,-0.711239,0.077398,0.027976,0.080941,0.996326,0,0.48000,0.18510,28.800,0.370,-1,475.000,-1,375.000,700.000,350.000,325.000,375.000,500.000,-1,0.000,200.000,-1,-1,600.000,-1,700.000,2,0,2,1,1,0,0,0,1,2,1,1,2,2,1,2,1
131,-2392.204,8761.488,292.881,-135.138,-0.710037,0.703233,-0.036193,-0.703655,-0.706633,0.074425,0.026762,0.078312,0.996570,0,0.56000,0.19439,33.600,0.389,-1,475.000,-1,375.000,650.000,350.000,325.000,375.000,475.000,-1,0.000,250.000,-1,-1,575.000,-1,650.000,2,0,2,1,1,0,0,0,1,2,1,1,2,2,1,2,1
132,-2416.541,8736.923,293.061,-134.727,-0.704861,0.708448,-0.035661,-0.708895,-0.701732,0.070989,0.025268,0.075317,0.996839,0,0.57632,0.20552,34.579,0.411,-1,475.000,-1,375.000,625.000,350.000,325.000,375.000,450.000,-1,0.000,300.000,-1,-1,550.000,-1,600.000,2,0,2,1,1,0,0,0,1,2,1,1,2,2,1,2,1
133,-2440.602,8712.265,293.345,-134.293,-0.699344,0.713924,-0.035077,-0.714397,-0.696507,0.067190,0.023537,0.072048,0.997123,0,0.57422,0.21730,34.453,0.435,-1,475.000,-1,375.000,575.000,350.000,325.000,375.000,425.000,-1,0.000,350.000,-1,1000.000,525.000,-1,575.000,2,0,2,1,1,0,0,0,1,2,1,1,2,1,1,2,1
134,-2464.433,8687.449,293.735,-133.834,-0.693476,0.719657,-0.034426,-0.720157,-0.690944,0.063017,0.021564,0.068493,0.997419,0,0.57342,0.22931,34.405,0.459,-1,450.000,-1,350.000,525.000,350.000,325.000,375.000,400.000,-1,0.000,425.000,-1,975.000,525.000,-1,525.000,2,0,2,1,1,0,0,0,1,2,1,1,2,1,1,2,1
135,-2488.068,8662.418,294.233,-133.351,-0.687245,0.725644,-0.033691,-0.726168,-0.685027,0.058455,0.019339,0.064638,0.997721,0,0.57378,0.24157,34.427,0.483,-1,450.000,-1,350.000,500.000,350.000,325.000,350.000,375.000,-1,0.000,0.000,-1,925.000,500.000,-1,500.000,2,0,2,1,1,0,1,0,1,2,0,1,2,1,1,2,1
136,-2511.538,8637.116,294.843,-132.843,-0.680639,0.731882,-0.032851,-0.732426,-0.678743,0.053489,0.016850,0.060468,0.998028,0,0.57518,0.25407,34.511,0.508,-1,450.000,-1,325.000,450.000,350.000,325.000,350.000,325.000,-1,0.000,0.000,-1,900.000,475.000,-1,475.000,2,0,2,1,1,0,1,0,1,2,0,1,2,1,1,2,1
137,-2534.866,8611.494,295.548,-132.309,-0.673643,0.738370,-0.031870,-0.738924,-0.672077,0.047998,0.014022,0.055883,0.998339,0,0.57753,0.26681,34.652,0.534,-1,450.000,-1,325.000,425.000,350.000,300.000,350.000,300.000,-1,0.000,0.000,-1,875.000,475.000,-1,425.000,2,0,2,1,1,0,1,0,1,2,0,1,2,1,1,2,1
