timestep,x_cm,y_cm,z_cm,yaw_deg,basis_xx,basis_xy,basis_xz,basis_yx,basis_yy,basis_yz,basis_zx,basis_zy,basis_zz,teleport_flag,throttle_cmd,steering_cmd,cmd_move_cm,cmd_turn_deg,lidar_cm_0,lidar_cm_1,lidar_cm_2,lidar_cm_3,lidar_cm_4,lidar_cm_5,lidar_cm_6,lidar_cm_7,lidar_cm_8,lidar_cm_9,lidar_cm_10,lidar_cm_11,lidar_cm_12,lidar_cm_13,lidar_cm_14,lidar_cm_15,lidar_cm_16,lidar_class_0,lidar_class_1,lidar_class_2,lidar_class_3,lidar_class_4,lidar_class_5,lidar_class_6,lidar_class_7,lidar_class_8,lidar_class_9,lidar_class_10,lidar_class_11,lidar_class_12,lidar_class_13,lidar_class_14,lidar_class_15,lidar_class_16
0,-8435.661,-7375.998,-357.080,139.408,-0.748954,-0.650165,0.127884,0.648735,-0.758777,-0.058311,0.134948,0.039291,0.990073,1,-0.08000,-0.12000,-4.800,-0.240,-1,325.000,-1,275.000,350.000,250.000,250.000,350.000,400.000,-1,150.000,175.000,-1,550.000,925.000,-1,-1,2,1,2,1,1,1,1,0,1,2,0,0,2,1,1,2,2
1,-8428.424,-7382.306,-358.492,138.928,-0.743663,-0.656450,0.126644,0.655325,-0.753247,-0.056278,0.132338,0.041141,0.990351,0,-0.16000,-0.24000,-9.600,-0.480,-1,325.000,-1,275.000,350.000,250.000,250.000,350.000,400.000,-1,150.000,175.000,-1,550.000,900.000,-1,-1,2,1,2,1,1,1,1,0,1,2,0,0,2,1,1,2,2
2,-8417.688,-7391.905,-360.622,138.208,-0.735655,-0.665791,0.124633,0.665089,-0.744859,-0.053309,0.128326,0.043675,0.990770,0,-0.24000,-0.36000,-14.400,-0.720,-1,300.000,-1,275.000,350.000,250.000,250.000,350.000,400.000,-1,150.000,175.000,-1,525.000,900.000,-1,-1,2,1,2,1,1,1,1,0,0,2,0,0,2,1,1,2,2
3,-8406.839,-7401.857,-362.763,137.473,-0.727349,-0.675219,0.122647,0.674923,-0.736171,-0.050323,0.124268,0.046174,0.991174,0,-0.24536,-0.36764,-14.721,-0.735,-1,300.000,-1,275.000,325.000,250.000,250.000,350.000,400.000,-1,175.000,200.000,-1,525.000,875.000,-1,450.000,2,1,2,1,1,1,1,0,0,2,0,0,2,1,1,2,1
4,-8396.050,-7412.010,-364.882,136.744,-0.718998,-0.684449,0.120711,0.684531,-0.727442,-0.047383,0.120241,0.048562,0.991556,0,-0.24690,-0.36432,-14.814,-0.729,-1,300.000,-1,275.000,325.000,250.000,250.000,350.000,400.000,-1,200.000,200.000,-1,500.000,850.000,875.000,400.000,2,1,2,1,1,1,1,0,0,2,0,0,2,1,1,1,1
5,-8385.321,-7422.366,-366.977,136.022,-0.710604,-0.693486,0.118823,0.693922,-0.718674,-0.044492,0.116250,0.050838,0.991918,0,-0.24852,-0.36116,-14.911,-0.722,-1,300.000,-1,275.000,325.000,250.000,250.000,350.000,375.000,-1,200.000,225.000,-1,500.000,550.000,825.000,375.000,2,1,2,1,1,1,1,0,0,2,0,0,2,1,1,1,1
6,-8374.649,-7432.926,-369.046,135.306,-0.702166,-0.702337,0.116983,0.703101,-0.709868,-0.041654,0.112298,0.053003,0.992260,0,-0.25021,-0.35814,-15.012,-0.716,-1,300.000,-1,300.000,325.000,250.000,250.000,350.000,375.000,-1,225.000,250.000,-1,500.000,475.000,775.000,375.000,2,1,2,1,1,1,1,0,0,2,0,0,2,1,1,1,1
7,-8364.036,-7443.692,-371.089,134.595,-0.693686,-0.711007,0.115189,0.712075,-0.701026,-0.038874,0.108390,0.055057,0.992583,0,-0.25196,-0.35526,-15.118,-0.711,-1,300.000,-1,300.000,350.000,250.000,250.000,350.000,375.000,-1,250.000,250.000,-1,475.000,450.000,750.000,375.000,2,1,2,1,1,1,1,0,0,2,0,0,2,1,1,1,1
8,-8356.872,-7451.118,-372.455,133.980,-0.686181,-0.718425,0.114109,0.719721,-0.693282,-0.036915,0.105630,0.056796,0.992782,0,-0.17196,-0.30770,-10.318,-0.615,-1,300.000,-1,300.000,350.000,250.000,250.000,350.000,375.000,-1,275.000,275.000,-1,475.000,450.000,725.000,375.000,2,1,2,1,1,1,1,0,0,2,0,0,2,1,1,1,1
9,-8353.083,-7455.130,-373.169,133.369,-0.678535,-0.725703,0.113778,0.727186,-0.685513,-0.035663,0.103877,0.058539,0.992866,0,-0.09196,-0.30545,-5.518,-0.611,-1,275.000,-1,300.000,350.000,250.000,250.000,350.000,375.000,-1,275.000,275.000,-1,475.000,450.000,700.000,375.000,2,1,2,1,1,1,1,0,0,2,0,0,2,1,1,1,1
10,-8352.597,-7455.658,-373.249,132.762,-0.670749,-0.732843,0.114182,0.734483,-0.677719,-0.035095,0.103102,0.060325,0.992840,0,-0.01196,-0.30334,-0.718,-0.607,-1,275.000,-1,300.000,350.000,250.000,250.000,350.000,375.000,-1,275.000,275.000,-1,475.000,450.000,700.000,375.000,2,1,2,1,1,1,1,0,0,2,0,0,2,1,1,1,1
11,-8355.339,-7452.633,-372.704,132.159,-0.662819,-0.739845,0.115324,0.741620,-0.669896,-0.035204,0.103300,0.062192,0.992704,0,0.06804,-0.30132,4.082,-0.603,-1,275.000,-1,300.000,350.000,250.000,250.000,350.000,350.000,-1,275.000,275.000,-1,450.000,450.000,675.000,375.000,2,1,2,1,1,1,1,0,0,2,0,0,2,1,1,1,1
12,-8361.234,-7445.987,-371.532,131.561,-0.654739,-0.746710,0.117223,0.748598,-0.662046,-0.036004,0.104492,0.064180,0.992453,0,0.14804,-0.29933,8.882,-0.599,-1,275.000,-1,300.000,325.000,250.000,250.000,350.000,350.000,-1,275.000,250.000,-1,450.000,450.000,675.000,350.000,2,1,2,1,1,1,1,0,0,2,0,0,2,1,1,1,1
13,-8370.207,-7435.657,-369.722,130.966,-0.646495,-0.753435,0.119915,0.755417,-0.654169,-0.037530,0.106721,0.066323,0.992074,0,0.22804,-0.29734,13.682,-0.595,-1,275.000,-1,300.000,325.000,250.000,250.000,350.000,375.000,-1,250.000,225.000,-1,450.000,450.000,675.000,350.000,2,1,2,1,1,1,1,0,0,2,0,0,2,1,1,1,1
14,-8382.182,-7421.578,-367.255,130.376,-0.638070,-0.760018,0.123449,0.762072,-0.646266,-0.039836,0.110057,0.068659,0.991551,0,0.30804,-0.29529,18.482,-0.591,-1,275.000,-1,300.000,325.000,250.000,250.000,375.000,375.000,-1,225.000,225.000,-1,450.000,450.000,675.000,350.000,2,1,2,1,1,1,1,0,0,2,0,0,2,1,1,1,1
15,-8397.086,-7403.688,-364.100,129.789,-0.629441,-0.766453,0.127886,0.768553,-0.638340,-0.042999,0.114591,0.071222,0.990856,0,0.38804,-0.29314,23.282,-0.586,-1,275.000,-1,300.000,300.000,250.000,250.000,375.000,375.000,-1,200.000,200.000,-1,475.000,475.000,700.000,325.000,2,1,2,1,1,1,1,0,0,2,0,0,2,1,1,1,1
16,-8408.831,-7389.416,-361.551,129.443,-0.624122,-0.770200,0.131392,0.772296,-0.633617,-0.045707,0.118455,0.072947,0.990276,0,0.30804,-0.17314,18.482,-0.346,-1,275.000,-1,300.000,300.000,250.000,250.000,375.000,375.000,-1,200.000,175.000,-1,475.000,500.000,700.000,325.000,2,1,2,1,1,1,1,0,0,2,0,0,2,1,1,1,1
17,-8417.483,-7378.815,-359.638,129.210,-0.620457,-0.772705,0.134015,0.774785,-0.630416,-0.047793,0.121415,0.074179,0.989826,0,0.22804,-0.11671,13.682,-0.233,-1,275.000,-1,300.000,300.000,250.000,250.000,375.000,375.000,-1,175.000,150.000,-1,475.000,550.000,725.000,325.000,2,1,2,1,1,1,1,0,0,2,0,0,2,1,1,1,1
18,-8423.072,-7371.910,-358.386,128.978,-0.616970,-0.775181,0.135804,0.777273,-0.627242,-0.049134,0.123270,0.075243,0.989517,0,0.14804,-0.11563,8.882,-0.231,-1,300.000,-1,300.000,275.000,250.000,250.000,400.000,375.000,-1,175.000,150.000,-1,475.000,975.000,725.000,325.000,2,1,2,1,1,1,1,0,0,2,0,0,2,1,1,1,1
19,-8425.810,-7368.500,-357.769,128.749,-0.613660,-0.777632,0.136785,0.779765,-0.624093,-0.049742,0.124048,0.076135,0.989351,0,0.07288,-0.11462,4.373,-0.229,-1,300.000,-1,300.000,275.000,250.000,250.000,400.000,375.000,-1,175.000,150.000,-1,475.000,975.000,725.000,325.000,2,1,2,1,1,1,1,0,0,2,0,0,2,1,1,1,1
20,-8428.554,-7365.054,-357.147,128.522,-0.610362,-0.780049,0.137774,0.782223,-0.620959,-0.050365,0.124839,0.077029,0.989182,0,0.07341,-0.11370,4.405,-0.227,-1,300.000,-1,300.000,275.000,250.000,250.000,400.000,375.000,-1,175.000,150.000,-1,475.000,975.000,725.000,325.000,2,1,2,1,1,1,1,0,0,2,0,0,2,1,1,1,1
21,-8431.305,-7361.573,-356.519,128.296,-0.607077,-0.782432,0.138771,0.784647,-0.617841,-0.051001,0.125643,0.077925,0.989010,0,0.07394,-0.11277,4.436,-0.226,-1,300.000,-1,300.000,275.000,250.000,250.000,400.000,375.000,-1,175.000,150.000,-1,475.000,975.000,725.000,300.000,2,1,2,1,1,1,1,0,0,2,0,0,2,1,1,1,1
22,-8434.062,-7358.056,-355.886,128.072,-0.603803,-0.784783,0.139776,0.787038,-0.614738,-0.051651,0.126461,0.078822,0.988835,0,0.07447,-0.11183,4.468,-0.224,-1,300.000,-1,300.000,275.000,250.000,250.000,400.000,375.000,-1,175.000,150.000,-1,475.000,975.000,725.000,300.000,2,1,2,1,1,1,1,0,0,2,0,0,2,1,1,1,1
23,-8436.824,-7354.503,-355.248,127.851,-0.600543,-0.787100,0.140789,0.789395,-0.611652,-0.052316,0.127292,0.079720,0.988656,0,0.07500,-0.11089,4.500,-0.222,-1,300.000,-1,300.000,275.000,250.000,250.000,400.000,375.000,-1,175.000,150.000,-1,475.000,975.000,725.000,300.000,2,1,2,1,1,1,1,0,0,2,0,0,2,1,1,1,1
24,-8439.592,-7350.915,-354.605,127.631,-0.597296,-0.789384,0.141810,0.791719,-0.608583,-0.052995,0.128136,0.080620,0.988474,0,0.07552,-0.10995,4.531,-0.220,-1,300.000,-1,300.000,275.000,250.000,250.000,400.000,375.000,-1,175.000,125.000,-1,475.000,975.000,-1,300.000,2,1,2,1,1,1,1,0,0,2,0,0,2,1,1,2,1
25,-8442.366,-7347.291,-353.956,127.413,-0.594062,-0.791636,0.142839,0.794009,-0.605530,-0.053688,0.128995,0.081521,0.988289,0,0.07605,-0.10899,4.563,-0.218,-1,300.000,-1,300.000,275.000,250.000,250.000,400.000,375.000,-1,175.000,125.000,-1,475.000,975.000,-1,300.000,2,1,2,1,1,1,1,0,0,2,0,0,2,1,1,2,1
26,-8445.145,-7343.631,-353.324,127.197,-0.590862,-0.793861,0.143761,0.796263,-0.602500,-0.054394,0.129797,0.082332,0.988116,0,0.07658,-0.10803,4.595,-0.216,-1,300.000,-1,300.000,275.000,250.000,250.000,400.000,375.000,-1,175.000,125.000,-1,500.000,975.000,-1,300.000,2,1,2,1,1,1,1,0,0,2,0,0,2,1,1,2,1
27,-8447.929,-7339.936,-352.700,126.983,-0.587689,-0.796056,0.144622,0.798481,-0.599492,-0.055112,0.130572,0.083089,0.987951,0,0.07710,-0.10706,4.626,-0.214,-1,300.000,-1,300.000,250.000,250.000,250.000,400.000,375.000,-1,150.000,125.000,-1,525.000,950.000,-1,300.000,2,1,2,1,1,1,1,0,0,2,0,0,2,1,1,2,1
28,-8450.718,-7336.206,-352.073,126.770,-0.584533,-0.798221,0.145484,0.800667,-0.596502,-0.055843,0.131357,0.083842,0.987783,0,0.07763,-0.10609,4.658,-0.212,-1,300.000,-1,300.000,250.000,250.000,250.000,425.000,375.000,-1,150.000,125.000,-1,525.000,950.000,-1,300.000,2,1,2,1,1,1,1,0,0,2,0,0,2,1,1,2,1
29,-983.897,3607.623,-420.612,-153.872,-0.897859,0.440264,-0.004148,-0.439991,-0.897566,-0.027980,-0.016042,-0.023297,0.999600,1,0.00000,0.00000,4.689,-0.210,-1,400.000,-1,400.000,-1,325.000,325.000,275.000,300.000,-1,750.000,750.000,-1,750.000,775.000,-1,-1,2,0,2,0,2,0,0,0,0,2,0,0,2,0,0,2,2
30,-988.215,3605.527,-420.679,-154.103,-0.899625,0.436642,-0.004229,-0.436370,-0.899335,-0.027883,-0.015978,-0.023239,0.999602,0,0.08000,-0.11551,4.800,-0.231,-1,400.000,-1,400.000,-1,325.000,325.000,275.000,300.000,-1,775.000,750.000,-1,750.000,775.000,-1,-1,2,0,2,0,2,0,0,0,0,2,0,0,2,0,0,2,2
31,-996.867,3601.369,-420.824,-154.333,-0.901373,0.433022,-0.004377,-0.432751,-0.901088,-0.027696,-0.015937,-0.023070,0.999607,0,0.16000,-0.11525,9.600,-0.230,-1,400.000,-1,400.000,-1,325.000,325.000,275.000,300.000,-1,775.000,775.000,-1,750.000,775.000,-1,-1,2,0,2,0,2,0,0,0,0,2,0,0,2,0,0,2,2
32,-1009.872,3595.184,-421.047,-154.563,-0.903097,0.429413,-0.004588,-0.429142,-0.902820,-0.027421,-0.015918,-0.022795,0.999613,0,0.24000,-0.11472,14.400,-0.229,-1,400.000,-1,400.000,-1,325.000,325.000,275.000,300.000,-1,800.000,775.000,-1,750.000,775.000,-1,-1,2,0,2,0,2,0,0,0,0,2,0,0,2,0,0,2,2
33,-1027.243,3587.006,-421.349,-154.790,-0.904793,0.425823,-0.004858,-0.425554,-0.904528,-0.027065,-0.015919,-0.022421,0.999622,0,0.32000,-0.11391,19.200,-0.228,-1,400.000,-1,400.000,-1,325.000,325.000,300.000,300.000,-1,825.000,800.000,-1,750.000,775.000,-1,-1,2,0,2,0,2,0,0,0,0,2,0,0,2,0,0,2,2
34,-1048.997,3576.869,-421.731,-155.016,-0.906459,0.422263,-0.005179,-0.421994,-0.906207,-0.026634,-0.015940,-0.021957,0.999632,0,0.40000,-0.11280,24.000,-0.226,-1,400.000,-1,400.000,-1,325.000,325.000,300.000,300.000,-1,850.000,825.000,-1,750.000,775.000,-1,-1,2,0,2,0,2,0,0,0,0,2,0,0,2,0,0,2,2
35,-1075.149,3564.807,-422.195,-155.239,-0.908088,0.418742,-0.005548,-0.418474,-0.907853,-0.026135,-0.015981,-0.021411,0.999643,0,0.48000,-0.11135,28.800,-0.223,-1,400.000,-1,400.000,-1,325.000,325.000,300.000,300.000,-1,900.000,875.000,-1,750.000,775.000,-1,-1,2,0,2,0,2,0,0,0,0,2,0,0,2,0,0,2,2
36,-1105.714,3550.851,-422.745,-155.458,-0.909677,0.415275,-0.005958,-0.415007,-0.909458,-0.025577,-0.016040,-0.020794,0.999655,0,0.56000,-0.10951,33.600,-0.219,-1,400.000,-1,400.000,-1,325.000,325.000,300.000,300.000,-1,925.000,900.000,-1,725.000,775.000,-1,-1,2,0,2,0,2,0,0,0,0,2,0,0,2,0,0,2,2
37,-1140.704,3535.032,-423.384,-155.672,-0.911218,0.411874,-0.006403,-0.411609,-0.911019,-0.024968,-0.016116,-0.020116,0.999668,0,0.64000,-0.10720,38.400,-0.214,-1,400.000,-1,400.000,-1,325.000,325.000,300.000,275.000,-1,975.000,950.000,-1,725.000,775.000,-1,-1,2,0,2,0,2,0,0,0,0,2,0,0,2,0,0,2,2
38,-1179.312,3517.746,-424.096,-155.881,-0.912706,0.408559,-0.006869,-0.408295,-0.912526,-0.024343,-0.016213,-0.019413,0.999680,0,0.70501,-0.10435,42.300,-0.209,-1,400.000,-1,400.000,-1,325.000,325.000,300.000,275.000,-1,-1,1000.000,-1,725.000,775.000,-1,-1,2,0,2,0,2,0,0,0,0,2,2,0,2,0,0,2,2
39,-1217.981,3500.597,-424.683,-156.083,-0.914140,0.405342,-0.006855,-0.405082,-0.913962,-0.024114,-0.016040,-0.019267,0.999686,0,0.70502,-0.10095,42.301,-0.202,-1,400.000,-1,400.000,-1,325.000,325.000,300.000,275.000,-1,-1,-1,-1,725.000,775.000,-1,-1,2,0,2,0,2,0,0,0,0,2,2,2,2,0,0,2,2
40,-1256.715,3483.576,-425.306,-156.277,-0.915509,0.402238,-0.006929,-0.401982,-0.915336,-0.023870,-0.015944,-0.019068,0.999691,0,0.70515,-0.09726,42.309,-0.195,-1,400.000,-1,400.000,-1,325.000,325.000,300.000,275.000,-1,-1,-1,-1,725.000,775.000,-1,-1,2,0,2,0,2,0,0,0,0,2,2,2,2,0,0,2,2
41,-1295.518,3466.674,-425.998,-156.464,-0.916810,0.399258,-0.007221,-0.399002,-0.916648,-0.023541,-0.016018,-0.018701,0.999697,0,0.70541,-0.09328,42.325,-0.187,-1,400.000,-1,400.000,-1,325.000,325.000,300.000,275.000,-1,-1,-1,-1,725.000,775.000,-1,-1,2,0,2,0,2,0,0,0,0,2,2,2,2,0,0,2,2
42,-1334.396,3449.884,-426.700,-156.642,-0.918043,0.396410,-0.007492,-0.396154,-0.917890,-0.023250,-0.016093,-0.018377,0.999702,0,0.70581,-0.08903,42.349,-0.178,-1,400.000,-1,400.000,-1,325.000,325.000,300.000,275.000,-1,-1,-1,-1,725.000,775.000,-1,-1,2,0,2,0,2,0,0,0,0,2,2,2,2,0,0,2,2
43,-1373.354,3433.195,-427.414,-156.811,-0.919205,0.393703,-0.007741,-0.393447,-0.919059,-0.022999,-0.016169,-0.018095,0.999706,0,0.70637,-0.08449,42.382,-0.169,-1,400.000,-1,400.000,-1,325.000,325.000,300.000,275.000,-1,-1,-1,-1,725.000,775.000,-1,-1,2,0,2,0,2,0,0,0,0,2,2,2,2,0,0,2,2
44,-1412.398,3416.599,-428.118,-156.970,-0.920292,0.391148,-0.008066,-0.390891,-0.920156,-0.022734,-0.016315,-0.017769,0.999709,0,0.70707,-0.07967,42.424,-0.159,-1,400.000,-1,400.000,-1,325.000,325.000,300.000,275.000,-1,-1,-1,-1,725.000,775.000,-1,-1,2,0,2,0,2,0,0,0,0,2,2,2,2,0,0,2,2
45,-1455.986,3398.427,-428.905,-157.370,-0.922991,0.384728,-0.008457,-0.384470,-0.922865,-0.022418,-0.016430,-0.017440,0.999713,0,0.78707,-0.19967,47.224,-0.399,-1,400.000,-1,400.000,-1,325.000,325.000,300.000,275.000,-1,-1,-1,-1,725.000,775.000,-1,-1,2,0,2,0,2,0,0,0,0,2,2,2,2,0,0,2,2
46,-1504.225,3378.946,-429.776,-158.009,-0.927222,0.374408,-0.008848,-0.374151,-0.927106,-0.022052,-0.016459,-0.017136,0.999718,0,0.86707,-0.31967,52.024,-0.639,-1,400.000,-1,400.000,-1,325.000,325.000,300.000,300.000,-1,-1,-1,-1,725.000,775.000,-1,-1,2,0,2,0,2,0,0,0,0,2,2,2,2,0,0,2,2
47,-1554.887,3359.385,-430.687,-158.888,-0.932854,0.360137,-0.009205,-0.359882,-0.932746,-0.021669,-0.016390,-0.016901,0.999723,0,0.90511,-0.43967,54.307,-0.879,-1,400.000,-1,400.000,-1,325.000,325.000,300.000,300.000,-1,-1,-1,-1,725.000,775.000,-1,-1,2,0,2,0,2,0,0,0,0,2,2,2,2,0,0,2,2
48,-1605.921,3340.818,-431.597,-160.008,-0.939707,0.341848,-0.009502,-0.341596,-0.939606,-0.021290,-0.016206,-0.016760,0.999728,0,0.90511,-0.55967,54.307,-1.119,-1,400.000,-1,400.000,-1,325.000,325.000,275.000,300.000,-1,-1,-1,-1,725.000,750.000,-1,-1,2,0,2,0,2,0,0,0,0,2,2,2,2,0,0,2,2
49,-1657.373,3323.442,-432.501,-161.339,-0.947393,0.319925,-0.009732,-0.319677,-0.947296,-0.020927,-0.015914,-0.016715,0.999734,0,0.90511,-0.66569,54.307,-1.331,-1,400.000,-1,400.000,-1,325.000,325.000,275.000,300.000,-1,-1,-1,-1,725.000,750.000,-1,-1,2,0,2,0,2,0,0,0,0,2,2,2,2,0,0,2,2
50,-1709.215,3307.265,-433.392,-162.670,-0.954568,0.297828,-0.009897,-0.297584,-0.954473,-0.020625,-0.015589,-0.016743,0.999738,0,0.90511,-0.66569,54.307,-1.331,-1,400.000,-1,400.000,-1,325.000,325.000,275.000,300.000,-1,-1,-1,-1,725.000,750.000,-1,-1,2,0,2,0,2,0,0,0,0,2,2,2,2,0,0,2,2
51,-1761.419,3292.298,-434.204,-164.002,-0.961230,0.275571,-0.009874,-0.275338,-0.961138,-0.020076,-0.015023,-0.016579,0.999750,0,0.90511,-0.66569,54.307,-1.331,-1,400.000,-1,400.000,-1,325.000,325.000,275.000,300.000,-1,-1,-1,-1,725.000,750.000,-1,-1,2,0,2,0,2,0,0,0,0,2,2,2,2,0,0,2,2
52,-1813.956,3278.547,-434.919,-165.333,-0.967372,0.253164,-0.009967,-0.252933,-0.967277,-0.020005,-0.014706,-0.016831,0.999750,0,0.90511,-0.66569,54.307,-1.331,-1,400.000,-1,400.000,-1,325.000,325.000,275.000,300.000,-1,-1,-1,-1,725.000,750.000,-1,-1,2,0,2,0,2,0,0,0,0,2,2,2,2,0,0,2,2
53,-1866.798,3266.021,-435.575,-166.664,-0.972991,0.230619,-0.010159,-0.230382,-0.972889,-0.020287,-0.014562,-0.017398,0.999743,0,0.90511,-0.66569,54.307,-1.331,-1,400.000,-1,400.000,-1,325.000,325.000,275.000,300.000,-1,-1,-1,-1,725.000,750.000,-1,-1,2,0,2,0,2,0,0,0,0,2,2,2,2,0,0,2,2
54,-1919.918,3254.726,-436.277,-167.996,-0.978086,0.207950,-0.010253,-0.207712,-0.977976,-0.020463,-0.014282,-0.017885,0.999738,0,0.90511,-0.66569,54.307,-1.331,-1,400.000,-1,400.000,-1,325.000,325.000,275.000,300.000,-1,-1,-1,-1,725.000,750.000,-1,-1,2,0,2,0,2,0,0,0,0,2,2,2,2,0,0,2,2
55,-1973.285,3244.668,-437.025,-169.327,-0.982654,0.185169,-0.010152,-0.184935,-0.982537,-0.020508,-0.013772,-0.018275,0.999738,0,0.90511,-0.66569,54.307,-1.331,-1,400.000,-1,400.000,-1,325.000,325.000,275.000,300.000,-1,-1,-1,-1,725.000,750.000,-1,-1,2,0,2,0,2,0,0,0,0,2,2,2,2,0,0,2,2
56,-2026.872,3235.853,-437.751,-170.659,-0.986693,0.162289,-0.010017,-0.162059,-0.986567,-0.020575,-0.013221,-0.018678,0.999738,0,0.90511,-0.66569,54.307,-1.331,-1,400.000,-1,400.000,-1,325.000,325.000,275.000,300.000,-1,-1,-1,-1,725.000,750.000,-1,-1,2,0,2,0,2,0,0,0,0,2,2,2,2,0,0,2,2
57,-2080.649,3228.286,-438.378,-171.990,-0.990200,0.139322,-0.009690,-0.139105,-0.990069,-0.020306,-0.012423,-0.018759,0.999747,0,0.90511,-0.66569,54.307,-1.331,-1,400.000,-1,400.000,-1,325.000,325.000,275.000,300.000,-1,-1,-1,-1,725.000,750.000,-1,-1,2,0,2,0,2,0,0,0,0,2,2,2,2,0,0,2,2
58,-2134.587,3221.970,-438.992,-173.321,-0.993172,0.116280,-0.009374,-0.116074,-0.993037,-0.020093,-0.011645,-0.018868,0.999754,0,0.90511,-0.66569,54.307,-1.331,-1,400.000,-1,400.000,-1,325.000,325.000,275.000,300.000,-1,-1,-1,-1,725.000,750.000,-1,-1,2,0,2,0,2,0,0,0,0,2,2,2,2,0,0,2,2
59,-2188.658,3216.909,-439.591,-174.653,-0.995608,0.093175,-0.009071,-0.092980,-0.995468,-0.019933,-0.010888,-0.019002,0.999760,0,0.90511,-0.66569,54.307,-1.331,-1,400.000,-1,400.000,-1,325.000,325.000,275.000,300.000,-1,-1,-1,-1,700.000,750.000,-1,-1,2,0,2,0,2,0,0,0,0,2,2,2,2,0,0,2,2
60,-2242.831,3213.106,-440.176,-175.984,-0.997507,0.070020,-0.008789,-0.069835,-0.997362,-0.019822,-0.010154,-0.019159,0.999765,0,0.90511,-0.66569,54.307,-1.331,-1,400.000,-1,400.000,-1,325.000,325.000,300.000,300.000,-1,-1,-1,-1,700.000,750.000,-1,-1,2,0,2,0,2,0,0,0,0,2,2,2,2,0,0,2,2
61,-2295.899,3210.840,-440.741,-177.556,-0.999054,0.042643,-0.008561,-0.042467,-0.998902,-0.019804,-0.009396,-0.019422,0.999767,0,0.88527,-0.78569,53.116,-1.571,-1,400.000,-1,400.000,-1,325.000,325.000,300.000,300.000,-1,-1,-1,-1,700.000,750.000,-1,-1,2,0,2,0,2,0,0,0,0,2,2,2,2,0,0,2,2
62,-2349.013,3210.253,-441.234,-179.367,-0.999902,0.011047,-0.008591,-0.010877,-0.999748,-0.019635,-0.008806,-0.019540,0.999770,0,0.88527,-0.90569,53.116,-1.811,-1,400.000,-1,400.000,-1,325.000,325.000,275.000,300.000,-1,-1,-1,-1,700.000,750.000,-1,-1,2,0,2,0,2,0,0,0,0,2,2,2,2,0,0,2,2
63,-2402.114,3211.521,-441.702,-181.367,-0.999678,-0.023850,-0.008714,0.024016,-0.999522,-0.019488,-0.008245,-0.019691,0.999772,0,0.88527,-1.00000,53.116,-2.000,-1,375.000,-1,400.000,-1,325.000,325.000,275.000,300.000,-1,-1,-1,-1,700.000,750.000,-1,-1,2,0,2,0,2,0,0,0,0,2,2,2,2,0,0,2,2
64,-2455.139,3214.640,-442.098,-183.367,-0.998238,-0.058718,-0.008579,0.058874,-0.998081,-0.019179,-0.007436,-0.019650,0.999779,0,0.88527,-1.00000,53.116,-2.000,-1,375.000,-1,400.000,-1,325.000,325.000,275.000,300.000,-1,-1,-1,-1,700.000,750.000,-1,-1,2,0,2,0,2,0,0,0,0,2,2,2,2,0,0,2,2
65,-2508.022,3219.608,-442.469,-185.367,-0.995583,-0.093515,-0.008353,0.093659,-0.995425,-0.018914,-0.006546,-0.019613,0.999786,0,0.88527,-1.00000,53.116,-2.000,-1,375.000,-1,400.000,-1,325.000,325.000,300.000,300.000,-1,-1,-1,-1,700.000,750.000,-1,-1,2,0,2,0,2,0,0,0,0,2,2,2,2,0,0,2,2
66,-2560.700,3226.419,-442.827,-187.367,-0.991716,-0.128198,-0.008098,0.128330,-0.991554,-0.018745,-0.005627,-0.019629,0.999791,0,0.88527,-1.00000,53.116,-2.000,-1,375.000,-1,400.000,-1,325.000,325.000,300.000,300.000,-1,-1,-1,-1,700.000,750.000,-1,-1,2,0,2,0,2,0,0,0,0,2,2,2,2,0,0,2,2
67,-2613.109,3235.064,-443.010,-189.367,-0.986641,-0.162726,-0.007666,0.162841,-0.986488,-0.018026,-0.004629,-0.019034,0.999808,0,0.88527,-1.00000,53.116,-2.000,-1,375.000,-1,400.000,-1,325.000,325.000,300.000,300.000,-1,-1,-1,-1,700.000,750.000,-1,-1,2,0,2,0,2,0,0,0,0,2,2,2,2,0,0,2,2
68,-2665.183,3245.533,-443.037,-191.367,-0.980368,-0.197059,-0.006826,0.197149,-0.980228,-0.016914,-0.003358,-0.017927,0.999834,0,0.88527,-1.00000,53.116,-2.000,-1,375.000,-1,400.000,-1,325.000,325.000,300.000,300.000,-1,-1,-1,-1,700.000,750.000,-1,-1,2,0,2,0,2,0,0,0,0,2,2,2,2,0,0,2,2
69,-2716.861,3257.813,-442.985,-193.367,-0.972900,-0.231152,-0.005888,0.231218,-0.972766,-0.016268,-0.001968,-0.017189,0.999850,0,0.88527,-1.00000,53.116,-2.000,-1,375.000,-1,400.000,-1,325.000,325.000,300.000,300.000,-1,-1,-1,-1,700.000,750.000,-1,-1,2,0,2,0,2,0,0,0,0,2,2,2,2,0,0,2,2
70,-2768.078,3271.889,-442.896,-195.367,-0.964246,-0.264962,-0.004904,0.265007,-0.964115,-0.015943,-0.000504,-0.016672,0.999861,0,0.88527,-1.00000,53.116,-2.000,-1,375.000,-1,400.000,-1,325.000,325.000,300.000,300.000,-1,-1,-1,-1,700.000,750.000,-1,-1,2,0,2,0,2,0,0,0,0,2,2,2,2,0,0,2,2
71,-2818.773,3287.744,-442.760,-197.367,-0.954418,-0.298449,-0.003888,0.298473,-0.954284,-0.015993,0.001063,-0.016425,0.999865,0,0.88527,-1.00000,53.116,-2.000,-1,375.000,-1,400.000,-1,325.000,325.000,300.000,300.000,-1,-1,-1,-1,700.000,750.000,-1,-1,2,0,2,0,2,0,0,0,0,2,2,2,2,0,0,2,2
72,-2868.884,3305.358,-442.559,-199.367,-0.943426,-0.331571,-0.002849,0.331571,-0.943286,-0.016510,0.002787,-0.016521,0.999860,0,0.88527,-1.00000,53.116,-2.000,-1,375.000,-1,400.000,-1,325.000,325.000,300.000,300.000,-1,1000.000,-1,-1,725.000,750.000,-1,-1,2,0,2,0,2,0,0,0,0,2,0,2,2,0,0,2,2
73,-2918.350,3324.711,-442.329,-201.367,-0.931284,-0.364288,-0.001972,0.364268,-0.931138,-0.017057,0.004378,-0.016603,0.999853,0,0.88527,-1.00000,53.116,-2.000,-1,400.000,-1,400.000,-1,325.000,325.000,300.000,300.000,-1,950.000,-1,-1,725.000,750.000,-1,-1,2,0,2,0,2,0,0,0,0,2,0,2,2,0,0,2,2
74,-2967.110,3345.778,-442.051,-203.367,-0.918007,-0.396563,-0.001290,0.396523,-0.917858,-0.017503,0.005757,-0.016579,0.999846,0,0.88527,-1.00000,53.116,-2.000,-1,400.000,-1,400.000,-1,325.000,325.000,300.000,300.000,-1,925.000,-1,-1,725.000,750.000,-1,-1,2,0,2,0,2,0,0,0,0,2,0,2,2,0,0,2,2
75,-3015.105,3368.534,-441.768,-205.367,-0.903611,-0.428354,-0.000740,0.428296,-0.903458,-0.018050,0.007063,-0.016627,0.999837,0,0.88527,-1.00000,53.116,-2.000,-1,400.000,-1,400.000,-1,325.000,325.000,300.000,300.000,-1,900.000,1000.000,-1,725.000,750.000,-1,-1,2,0,2,0,2,0,0,0,0,2,0,0,2,0,0,2,2
76,-3062.277,3392.951,-441.484,-207.367,-0.888114,-0.459622,-0.000330,0.459547,-0.887957,-0.018689,0.008296,-0.016750,0.999825,0,0.88527,-1.00000,53.116,-2.000,-1,400.000,-1,400.000,-1,325.000,325.000,300.000,300.000,-1,875.000,975.000,-1,750.000,750.000,-1,-1,2,0,2,0,2,0,0,0,0,2,0,0,2,0,0,2,2
77,-3108.567,3418.999,-441.164,-209.367,-0.871536,-0.490331,-0.000100,0.490242,-0.871374,-0.019223,0.009339,-0.016803,0.999815,0,0.88527,-1.00000,53.116,-2.000,-1,400.000,-1,400.000,-1,325.000,325.000,300.000,300.000,-1,875.000,975.000,-1,750.000,750.000,-1,-1,2,0,2,0,2,0,0,0,0,2,0,0,2,0,0,2,2
78,-3153.921,3446.647,-440.680,-211.367,-0.853894,-0.520447,-0.000119,0.520356,-0.853739,-0.018971,0.009771,-0.016261,0.999820,0,0.88527,-1.00000,53.116,-2.000,-1,400.000,-1,400.000,-1,325.000,325.000,300.000,300.000,-1,900.000,1000.000,-1,750.000,750.000,-1,-1,2,0,2,0,2,0,0,0,0,2,0,0,2,0,0,2,2
79,-3198.282,3475.861,-440.178,-213.367,-0.835211,-0.549930,-0.000071,0.549835,-0.835063,-0.018768,0.010262,-0.015714,0.999824,0,0.88527,-1.00000,53.116,-2.000,-1,400.000,-1,400.000,-1,325.000,325.000,300.000,300.000,-1,950.000,-1,-1,750.000,750.000,-1,-1,2,0,2,0,2,0,0,0,0,2,0,2,2,0,0,2,2
80,-3241.596,3506.606,-439.597,-215.367,-0.815508,-0.578746,0.000368,0.578641,-0.815372,-0.018535,0.011027,-0.014903,0.999828,0,0.88527,-1.00000,53.116,-2.000,-1,400.000,-1,400.000,-1,325.000,325.000,300.000,300.000,-1,975.000,-1,-1,750.000,750.000,-1,-1,2,0,2,0,2,0,0,0,0,2,0,2,2,0,0,2,2
81,-3283.811,3538.843,-439.043,-217.367,-0.794812,-0.606855,0.000670,0.606742,-0.794685,-0.018451,0.011730,-0.014258,0.999830,0,0.88527,-1.00000,53.116,-2.000,-1,400.000,-1,400.000,-1,325.000,325.000,300.000,300.000,-1,1000.000,-1,-1,750.000,750.000,-1,-1,2,0,2,0,2,0,0,0,0,2,0,2,2,0,0,2,2
82,-3328.740,3575.391,-438.477,-219.127,-0.775798,-0.630980,0.000909,0.630860,-0.775677,-0.018482,0.012367,-0.013765,0.999829,0,0.96527,-0.88000,57.916,-1.760,-1,400.000,-1,400.000,-1,325.000,325.000,300.000,300.000,-1,1000.000,-1,-1,750.000,725.000,-1,-1,2,0,2,0,2,0,0,0,0,2,0,2,2,0,0,2,2
83,-3373.395,3613.728,-437.824,-220.647,-0.758787,-0.651337,0.001186,0.651208,-0.758671,-0.018599,0.013014,-0.013340,0.999826,0,0.98090,-0.76000,58.854,-1.520,-1,400.000,-1,400.000,-1,325.000,325.000,300.000,300.000,-1,-1,-1,-1,750.000,725.000,-1,-1,2,0,2,0,2,0,0,0,0,2,2,2,2,0,0,2,2
84,-3417.182,3653.054,-436.887,-221.927,-0.744044,-0.668128,0.001831,0.667986,-0.743938,-0.018735,0.013880,-0.012717,0.999823,0,0.98090,-0.64000,58.854,-1.280,-1,400.000,-1,400.000,-1,325.000,325.000,300.000,300.000,-1,-1,-1,-1,750.000,725.000,-1,-1,2,0,2,0,2,0,0,0,0,2,2,2,2,0,0,2,2
85,-3460.249,3693.167,-435.904,-222.967,-0.731795,-0.681522,0.002018,0.681372,-0.731690,-0.019020,0.014439,-0.012543,0.999817,0,0.98090,-0.52000,58.854,-1.040,-1,400.000,-1,400.000,-1,325.000,325.000,300.000,300.000,-1,-1,-1,-1,750.000,725.000,-1,-1,2,0,2,0,2,0,0,0,0,2,2,2,2,0,0,2,2
86,-3502.751,3733.878,-434.958,-223.767,-0.722209,-0.691672,0.002128,0.691514,-0.722104,-0.019362,0.014928,-0.012512,0.999810,0,0.98090,-0.40000,58.854,-0.800,-1,400.000,-1,400.000,-1,325.000,325.000,300.000,300.000,-1,-1,-1,-1,750.000,725.000,-1,-1,2,0,2,0,2,0,0,0,0,2,2,2,2,0,0,2,2
87,-3544.853,3775.003,-434.052,-224.327,-0.715416,-0.698696,0.002175,0.698530,-0.715308,-0.019743,0.015350,-0.012605,0.999803,0,0.98090,-0.28000,58.854,-0.560,-1,400.000,-1,375.000,-1,325.000,325.000,300.000,300.000,-1,-1,-1,-1,750.000,725.000,-1,-1,2,0,2,0,2,0,0,0,0,2,2,2,2,0,0,2,2
88,-3586.733,3816.369,-433.073,-224.647,-0.711509,-0.702674,0.002116,0.702494,-0.711389,-0.020708,0.016056,-0.013247,0.999783,0,0.98109,-0.16000,58.866,-0.320,-1,400.000,-1,375.000,-1,325.000,325.000,300.000,300.000,-1,-1,-1,-1,725.000,725.000,-1,-1,2,0,2,0,2,0,0,0,0,2,2,2,2,0,0,2,2
89,-3628.533,3857.830,-432.131,-224.767,-0.710043,-0.704155,0.002023,0.703959,-0.709908,-0.021729,0.016737,-0.014004,0.999762,0,0.98125,-0.06000,58.875,-0.120,-1,400.000,-1,400.000,-1,325.000,325.000,300.000,300.000,-1,-1,-1,-1,725.000,750.000,-1,-1,2,0,2,0,2,0,0,0,0,2,2,2,2,0,0,2,2
90,-3670.247,3899.384,-431.083,-224.889,-0.708544,-0.705664,0.001926,0.705452,-0.708392,-0.022756,0.017423,-0.014765,0.999739,0,0.98132,-0.06128,58.879,-0.123,-1,400.000,-1,400.000,-1,325.000,325.000,300.000,300.000,-1,-1,-1,-1,725.000,750.000,-1,-1,2,0,2,0,2,0,0,0,0,2,2,2,2,0,0,2,2
91,-3708.318,3937.791,-430.108,-225.252,-0.704071,-0.710128,0.001853,0.709901,-0.703907,-0.023552,0.018029,-0.015267,0.999721,0,0.90132,-0.18128,54.079,-0.363,-1,400.000,-1,400.000,-1,325.000,325.000,300.000,300.000,-1,-1,-1,-1,725.000,750.000,-1,-1,2,0,2,0,2,0,0,0,0,2,2,2,2,0,0,2,2
92,-3745.149,3975.738,-429.188,-225.855,-0.696571,-0.717486,0.001754,0.717244,-0.696395,-0.024390,0.018721,-0.015731,0.999701,0,0.88136,-0.30128,52.882,-0.603,-1,400.000,-1,400.000,-1,325.000,325.000,300.000,300.000,-1,-1,-1,-1,725.000,750.000,-1,-1,2,0,2,0,2,0,0,0,0,2,2,2,2,0,0,2,2
93,-3781.417,4014.220,-428.297,-226.697,-0.685954,-0.727644,0.001605,0.727384,-0.685764,-0.025300,0.019510,-0.016187,0.999679,0,0.88133,-0.42128,52.880,-0.843,-1,400.000,-1,400.000,-1,325.000,325.000,300.000,300.000,-1,-1,-1,-1,725.000,750.000,-1,-1,2,0,2,0,2,0,0,0,0,2,2,2,2,0,0,2,2
94,-3816.950,4053.380,-427.283,-227.780,-0.672086,-0.740472,0.001506,0.740206,-0.671896,-0.025521,0.019909,-0.016037,0.999673,0,0.88130,-0.54128,52.878,-1.083,-1,400.000,-1,400.000,-1,325.000,325.000,300.000,300.000,-1,-1,-1,-1,725.000,750.000,-1,-1,2,0,2,0,2,0,0,0,0,2,2,2,2,0,0,2,2
95,-3851.569,4093.349,-426.202,-229.102,-0.654814,-0.755789,0.001509,0.755520,-0.654631,-0.025451,0.020224,-0.015526,0.999675,0,0.88129,-0.66128,52.877,-1.323,-1,375.000,-1,400.000,-1,325.000,325.000,300.000,300.000,-1,-1,-1,-1,725.000,750.000,-1,-1,2,0,2,0,2,0,0,0,0,2,2,2,2,0,0,2,2
96,-3885.085,4134.247,-425.032,-230.665,-0.633952,-0.773370,0.001988,0.773089,-0.633788,-0.025418,0.020918,-0.014577,0.999675,0,0.88130,-0.78128,52.878,-1.563,-1,375.000,-1,400.000,-1,325.000,325.000,300.000,300.000,-1,-1,-1,-1,725.000,750.000,-1,-1,2,0,2,0,2,0,0,0,0,2,2,2,2,0,0,2,2
97,-3917.301,4176.182,-423.866,-232.467,-0.609303,-0.792934,0.002434,0.792641,-0.609156,-0.025466,0.021675,-0.013587,0.999673,0,0.88134,-0.90128,52.880,-1.803,-1,375.000,-1,400.000,-1,325.000,325.000,300.000,300.000,-1,-1,-1,-1,725.000,750.000,-1,-1,2,0,2,0,2,0,0,0,0,2,2,2,2,0,0,2,2
98,-3948.035,4219.219,-422.591,-234.467,-0.581239,-0.813726,0.003423,0.813412,-0.581123,-0.025636,0.022850,-0.012117,0.999665,0,0.88141,-1.00000,52.885,-2.000,-1,400.000,-1,400.000,-1,325.000,325.000,300.000,300.000,-1,-1,-1,-1,750.000,750.000,-1,-1,2,0,2,0,2,0,0,0,0,2,2,2,2,0,0,2,2
99,-3977.253,4263.308,-421.328,-236.467,-0.552466,-0.833524,0.004315,0.833189,-0.552379,-0.025941,0.024006,-0.010737,0.999654,0,0.88153,-1.00000,52.892,-2.000,-1,400.000,-1,400.000,-1,325.000,325.000,300.000,300.000,-1,-1,-1,-1,750.000,750.000,-1,-1,2,0,2,0,2,0,0,0,0,2,2,2,2,0,0,2,2
100,-4004.919,4308.396,-420.009,-238.467,-0.523026,-0.852303,0.004794,0.851951,-0.522958,-0.026333,0.024951,-0.009688,0.999642,0,0.88166,-1.00000,52.900,-2.000,-1,400.000,-1,400.000,-1,325.000,325.000,300.000,300.000,-1,-1,-1,-1,750.000,750.000,-1,-1,2,0,2,0,2,0,0,0,0,2,2,2,2,0,0,2,2
101,-4028.803,4350.147,-418.793,-240.227,-0.496594,-0.867969,0.005004,0.867603,-0.496538,-0.026746,0.025700,-0.008940,0.999630,0,0.80166,-0.88000,48.100,-1.760,-1,400.000,-1,400.000,-1,325.000,325.000,300.000,300.000,-1,-1,-1,-1,750.000,750.000,-1,-1,2,0,2,0,2,0,0,0,0,2,2,2,2,0,0,2,2
102,-4051.441,4392.274,-417.598,-241.747,-0.473388,-0.880839,0.005158,0.880458,-0.473343,-0.027206,0.026405,-0.008337,0.999617,0,0.79708,-0.76000,47.825,-1.520,-1,400.000,-1,400.000,-1,325.000,325.000,300.000,300.000,-1,-1,-1,-1,750.000,750.000,-1,-1,2,0,2,0,2,0,0,0,0,2,2,2,2,0,0,2,2
103,-4073.135,4434.903,-416.419,-243.027,-0.453587,-0.891196,0.005270,0.890800,-0.453550,-0.027701,0.027077,-0.007870,0.999602,0,0.79719,-0.64000,47.831,-1.280,-1,400.000,-1,400.000,-1,325.000,325.000,300.000,300.000,-1,-1,-1,-1,750.000,750.000,-1,-1,2,0,2,0,2,0,0,0,0,2,2,2,2,0,0,2,2
104,-4094.054,4477.921,-415.186,-244.067,-0.437340,-0.899282,0.005040,0.898875,-0.437300,-0.028150,0.027519,-0.007780,0.999591,0,0.79725,-0.52000,47.835,-1.040,-1,400.000,-1,400.000,-1,325.000,325.000,300.000,300.000,-1,-1,-1,-1,750.000,750.000,-1,-1,2,0,2,0,2,0,0,0,0,2,2,2,2,0,0,2,2
105,-4114.371,4521.229,-413.958,-244.867,-0.424747,-0.905300,0.004746,0.904882,-0.424701,-0.028593,0.027901,-0.007850,0.999580,0,0.79727,-0.40000,47.836,-0.800,-1,400.000,-1,400.000,-1,325.000,325.000,300.000,300.000,-1,-1,-1,-1,750.000,750.000,-1,-1,2,0,2,0,2,0,0,0,0,2,2,2,2,0,0,2,2
106,-4134.262,4564.730,-412.706,-245.427,-0.415889,-0.909405,0.004351,0.908974,-0.415831,-0.029179,0.028344,-0.008180,0.999565,0,0.79722,-0.28000,47.833,-0.560,-1,400.000,-1,400.000,-1,325.000,325.000,300.000,300.000,-1,-1,-1,-1,750.000,750.000,-1,-1,2,0,2,0,2,0,0,0,0,2,2,2,2,0,0,2,2
107,-4153.907,4608.334,-411.445,-245.747,-0.410814,-0.911710,0.003983,0.911268,-0.410745,-0.029671,0.028688,-0.008560,0.999552,0,0.79709,-0.16000,47.825,-0.320,-1,400.000,-1,400.000,-1,325.000,325.000,300.000,300.000,-1,-1,-1,-1,750.000,750.000,-1,-1,2,0,2,0,2,0,0,0,0,2,2,2,2,0,0,2,2
108,-4173.486,4651.955,-410.138,-245.827,-0.409548,-0.912281,0.003747,0.911833,-0.409470,-0.029897,0.028809,-0.008828,0.999546,0,0.79688,-0.04000,47.813,-0.080,-1,400.000,-1,400.000,-1,325.000,325.000,300.000,300.000,-1,-1,-1,-1,750.000,750.000,-1,-1,2,0,2,0,2,0,0,0,0,2,2,2,2,0,0,2,2
109,-4193.379,4695.947,-408.765,-245.667,-0.412096,-0.911133,0.003670,0.910689,-0.412016,-0.029816,0.028678,-0.008945,0.999549,0,0.80468,0.08000,48.281,0.160,-1,400.000,-1,400.000,-1,325.000,325.000,300.000,300.000,-1,-1,-1,-1,750.000,750.000,-1,-1,2,0,2,0,2,0,0,0,0,2,2,2,2,0,0,2,2
110,-4213.615,4739.877,-407.372,-245.267,-0.418448,-0.908233,0.003687,0.907796,-0.418366,-0.029598,0.028425,-0.009038,0.999555,0,0.80611,0.20000,48.367,0.400,-1,400.000,-1,400.000,-1,325.000,325.000,300.000,300.000,-1,-1,-1,-1,750.000,750.000,-1,-1,2,0,2,0,2,0,0,0,0,2,2,2,2,0,0,2,2
111,-4234.375,4783.653,-405.944,-244.627,-0.428562,-0.903504,0.003981,0.903069,-0.428485,-0.029456,0.028319,-0.009028,0.999558,0,0.80748,0.32000,48.449,0.640,-1,400.000,-1,400.000,-1,325.000,325.000,300.000,300.000,-1,-1,-1,-1,750.000,750.000,-1,-1,2,0,2,0,2,0,0,0,0,2,2,2,2,0,0,2,2
112,-4255.842,4827.177,-404.539,-243.747,-0.442384,-0.896816,0.004280,0.896383,-0.442310,-0.029307,0.028176,-0.009128,0.999561,0,0.80884,0.44000,48.530,0.880,-1,400.000,-1,400.000,-1,325.000,325.000,300.000,300.000,-1,-1,-1,-1,750.000,750.000,-1,-1,2,0,2,0,2,0,0,0,0,2,2,2,2,0,0,2,2
113,-4278.029,4870.432,-403.151,-242.845,-0.456456,-0.889734,0.004593,0.889305,-0.456386,-0.029141,0.028024,-0.009217,0.999565,0,0.81022,0.45141,48.613,0.903,-1,400.000,-1,400.000,-1,325.000,325.000,300.000,300.000,-1,-1,-1,-1,750.000,750.000,-1,-1,2,0,2,0,2,0,0,0,0,2,2,2,2,0,0,2,2
114,-4300.938,4913.400,-401.782,-241.935,-0.470523,-0.882374,0.004919,0.881948,-0.470457,-0.028958,0.027866,-0.009287,0.999569,0,0.81157,0.45495,48.694,0.910,-1,400.000,-1,400.000,-1,325.000,325.000,300.000,300.000,-1,-1,-1,-1,750.000,750.000,-1,-1,2,0,2,0,2,0,0,0,0,2,2,2,2,0,0,2,2
115,-4325.805,4958.754,-400.331,-241.265,-0.480801,-0.876814,0.005263,0.876389,-0.480741,-0.028803,0.027784,-0.009236,0.999571,0,0.86207,0.33495,51.724,0.670,-1,400.000,-1,400.000,-1,325.000,325.000,300.000,300.000,-1,-1,-1,-1,725.000,750.000,-1,-1,2,0,2,0,2,0,0,0,0,2,2,2,2,0,0,2,2
116,-4351.044,5003.979,-398.816,-240.835,-0.487365,-0.873181,0.005482,0.872750,-0.487306,-0.028987,0.027982,-0.009343,0.999565,0,0.86318,0.21495,51.791,0.430,-1,400.000,-1,400.000,-1,325.000,325.000,300.000,300.000,-1,-1,-1,-1,725.000,750.000,-1,-1,2,0,2,0,2,0,0,0,0,2,2,2,2,0,0,2,2
117,-4376.457,5049.163,-397.317,-240.645,-0.490252,-0.871562,0.005723,0.871123,-0.490197,-0.029163,0.028223,-0.009312,0.999558,0,0.86400,0.09495,51.840,0.190,-1,400.000,-1,400.000,-1,325.000,325.000,300.000,300.000,-1,-1,-1,-1,725.000,750.000,-1,-1,2,0,2,0,2,0,0,0,0,2,2,2,2,0,0,2,2
118,-4401.844,5094.393,-395.822,-240.695,-0.489486,-0.871991,0.005916,0.871546,-0.489436,-0.029331,0.028472,-0.009201,0.999552,0,0.86447,-0.02505,51.868,-0.050,-1,400.000,-1,400.000,-1,325.000,325.000,300.000,300.000,-1,-1,-1,-1,725.000,750.000,-1,-1,2,0,2,0,2,0,0,0,0,2,2,2,2,0,0,2,2
119,-4427.004,5139.755,-394.318,-240.985,-0.485062,-0.874459,0.006003,0.874009,-0.485015,-0.029490,0.028700,-0.009058,0.999547,0,0.86454,-0.14505,51.872,-0.290,-1,400.000,-1,400.000,-1,325.000,325.000,300.000,300.000,-1,-1,-1,-1,725.000,750.000,-1,-1,2,0,2,0,2,0,0,0,0,2,2,2,2,0,0,2,2
120,-4451.733,5185.328,-392.813,-241.515,-0.476948,-0.878911,0.006056,0.878452,-0.476904,-0.029726,0.029015,-0.008857,0.999540,0,0.86416,-0.26505,51.850,-0.530,-1,400.000,-1,400.000,-1,325.000,325.000,300.000,300.000,-1,-1,-1,-1,725.000,750.000,-1,-1,2,0,2,0,2,0,0,0,0,2,2,2,2,0,0,2,2
121,-4475.822,5231.184,-391.284,-242.285,-0.465091,-0.885242,0.006020,0.884772,-0.465049,-0.030145,0.029486,-0.008694,0.999527,0,0.86330,-0.38505,51.798,-0.770,-1,400.000,-1,400.000,-1,325.000,325.000,300.000,300.000,-1,-1,-1,-1,725.000,750.000,-1,-1,2,0,2,0,2,0,0,0,0,2,2,2,2,0,0,2,2
122,-4499.062,5277.383,-389.766,-243.296,-0.449412,-0.893305,0.005948,0.892821,-0.449372,-0.030597,0.030005,-0.008440,0.999514,0,0.86192,-0.50505,51.715,-1.010,-1,400.000,-1,400.000,-1,325.000,325.000,300.000,300.000,-1,-1,-1,-1,725.000,750.000,-1,-1,2,0,2,0,2,0,0,0,0,2,2,2,2,0,0,2,2
123,-4521.871,5324.991,-388.222,-244.401,-0.432092,-0.901811,0.005821,0.901312,-0.432054,-0.031096,0.030558,-0.008190,0.999499,0,0.87983,-0.55276,52.790,-1.106,-1,375.000,-1,400.000,-1,325.000,325.000,300.000,300.000,-1,-1,-1,-1,725.000,750.000,-1,-1,2,0,2,0,2,0,0,0,0,2,2,2,2,0,0,2,2
124,-4543.771,5373.031,-386.586,-245.494,-0.414809,-0.909889,0.005914,0.909382,-0.414781,-0.031302,0.030934,-0.007607,0.999492,0,0.87993,-0.54629,52.796,-1.093,-1,375.000,-1,400.000,-1,325.000,325.000,300.000,300.000,-1,-1,-1,-1,725.000,725.000,-1,-1,2,0,2,0,2,0,0,0,0,2,2,2,2,0,0,2,2
125,-4564.751,5421.451,-384.845,-246.573,-0.397573,-0.917547,0.006519,0.917024,-0.397571,-0.031677,0.031657,-0.006616,0.999477,0,0.87949,-0.53967,52.770,-1.079,-1,375.000,-1,400.000,-1,325.000,325.000,300.000,300.000,-1,-1,-1,-1,725.000,725.000,-1,-1,2,0,2,0,2,0,0,0,0,2,2,2,2,0,0,2,2
126,-4584.804,5470.198,-383.079,-247.639,-0.380409,-0.924790,0.007214,0.924249,-0.380436,-0.032128,0.032456,-0.005554,0.999458,0,0.87851,-0.53294,52.711,-1.066,-1,400.000,-1,400.000,-1,325.000,325.000,300.000,300.000,-1,-1,-1,-1,725.000,725.000,-1,-1,2,0,2,0,2,0,0,0,0,2,2,2,2,0,0,2,2
127,-4603.926,5519.221,-381.320,-248.691,-0.363333,-0.931626,0.007857,0.931066,-0.363390,-0.032616,0.033241,-0.004536,0.999437,0,0.87700,-0.52616,52.620,-1.052,-1,400.000,-1,400.000,-1,325.000,325.000,300.000,300.000,-1,-1,-1,-1,725.000,725.000,-1,-1,2,0,2,0,2,0,0,0,0,2,2,2,2,0,0,2,2
128,-4622.114,5568.469,-379.511,-249.730,-0.346365,-0.938064,0.008192,0.937489,-0.346442,-0.033054,0.033845,-0.003769,0.999420,0,0.87499,-0.51938,52.499,-1.039,-1,400.000,-1,400.000,-1,325.000,325.000,300.000,300.000,-1,-1,-1,-1,725.000,725.000,-1,-1,2,0,2,0,2,0,0,0,0,2,2,2,2,0,0,2,2
129,-4639.369,5617.894,-377.701,-250.755,-0.329508,-0.944115,0.008433,0.943526,-0.329601,-0.033496,0.034404,-0.003080,0.999403,0,0.87251,-0.51266,52.350,-1.025,-1,400.000,-1,400.000,-1,325.000,325.000,300.000,300.000,-1,-1,-1,-1,725.000,725.000,-1,-1,2,0,2,0,2,0,0,0,0,2,2,2,2,0,0,2,2
130,-4655.688,5667.452,-375.904,-251.774,-0.312658,-0.949827,0.008639,0.949222,-0.312768,-0.033959,0.034957,-0.002418,0.999386,0,0.86959,-0.50925,52.175,-1.019,-1,400.000,-1,400.000,-1,325.000,325.000,300.000,300.000,-1,-1,-1,-1,725.000,725.000,-1,-1,2,0,2,0,2,0,0,0,0,2,2,2,2,0,0,2,2
131,-4671.068,5717.101,-374.121,-252.788,-0.295786,-0.955214,0.008808,0.954594,-0.295912,-0.034440,0.035504,-0.001779,0.999368,0,0.86628,-0.50696,51.977,-1.014,-1,400.000,-1,400.000,-1,325.000,325.000,300.000,300.000,-1,-1,-1,-1,725.000,725.000,-1,-1,2,0,2,0,2,0,0,0,0,2,2,2,2,0,0,2,2
132,-4685.510,5766.804,-372.353,-253.798,-0.278885,-0.960283,0.008940,0.959648,-0.279026,-0.034937,0.036044,-0.001164,0.999350,0,0.86264,-0.50507,51.758,-1.010,-1,400.000,-1,400.000,-1,325.000,325.000,300.000,300.000,-1,-1,-1,-1,725.000,725.000,-1,-1,2,0,2,0,2,0,0,0,0,2,2,2,2,0,0,2,2
133,-4699.015,5816.526,-370.600,-254.805,-0.261948,-0.965040,0.009035,0.964389,-0.262103,-0.035447,0.036576,-0.000572,0.999331,0,0.85872,-0.50361,51.523,-1.007,-1,400.000,-1,400.000,-1,325.000,325.000,300.000,300.000,-1,-1,-1,-1,725.000,725.000,-1,-1,2,0,2,0,2,0,0,0,0,2,2,2,2,0,0,2,2
134,-4711.584,5866.237,-368.798,-255.810,-0.244975,-0.969489,0.008842,0.968822,-0.245134,-0.035953,0.037023,-0.000242,0.999314,0,0.85460,-0.50257,51.276,-1.005,-1,375.000,-1,400.000,-1,325.000,325.000,300.000,300.000,-1,-1,-1,-1,725.000,725.000,-1,-1,2,0,2,0,2,0,0,0,0,2,2,2,2,0,0,2,2
