timestep,x_cm,y_cm,z_cm,yaw_deg,basis_xx,basis_xy,basis_xz,basis_yx,basis_yy,basis_yz,basis_zx,basis_zy,basis_zz,teleport_flag,throttle_cmd,steering_cmd,cmd_move_cm,cmd_turn_deg,lidar_cm_0,lidar_cm_1,lidar_cm_2,lidar_cm_3,lidar_cm_4,lidar_cm_5,lidar_cm_6,lidar_cm_7,lidar_cm_8,lidar_cm_9,lidar_cm_10,lidar_cm_11,lidar_cm_12,lidar_cm_13,lidar_cm_14,lidar_cm_15,lidar_cm_16,lidar_class_0,lidar_class_1,lidar_class_2,lidar_class_3,lidar_class_4,lidar_class_5,lidar_class_6,lidar_class_7,lidar_class_8,lidar_class_9,lidar_class_10,lidar_class_11,lidar_class_12,lidar_class_13,lidar_class_14,lidar_class_15,lidar_class_16
0,331.727,-4260.576,20.824,38.416,0.783460,-0.621366,0.009750,0.621244,0.783510,0.012957,-0.015691,-0.004094,0.999869,1,0.08000,-0.12000,4.800,-0.240,-1,350.000,-1,375.000,-1,300.000,300.000,325.000,100.000,-1,875.000,475.000,425.000,625.000,625.000,-1,-1,2,0,2,0,2,0,0,0,1,2,1,0,1,0,0,2,2
1,339.299,-4254.674,20.743,37.936,0.788640,-0.614781,0.009559,0.614669,0.788689,0.012362,-0.015139,-0.003874,0.999878,0,0.16000,-0.24000,9.600,-0.480,-1,350.000,-1,375.000,-1,300.000,300.000,325.000,100.000,-1,900.000,475.000,425.000,625.000,625.000,-1,-1,2,0,2,0,2,0,0,0,1,2,1,0,1,0,0,2,2
2,350.742,-4245.934,20.630,37.373,0.794652,-0.606996,0.009223,0.606897,0.794697,0.011498,-0.014309,-0.003539,0.999891,0,0.24000,-0.28173,14.400,-0.563,-1,350.000,-1,375.000,-1,300.000,300.000,325.000,100.000,-1,925.000,475.000,450.000,625.000,625.000,-1,-1,2,0,2,0,2,0,0,0,1,2,1,0,1,0,0,2,2
3,366.114,-4234.430,20.495,36.809,0.800593,-0.599145,0.008714,0.599063,0.800635,0.010375,-0.013193,-0.003086,0.999908,0,0.32000,-0.28198,19.200,-0.564,-1,350.000,-1,375.000,-1,300.000,300.000,325.000,100.000,-1,950.000,475.000,450.000,625.000,625.000,-1,-1,2,0,2,0,2,0,0,0,1,2,1,0,1,0,0,2,2
4,385.471,-4220.241,20.350,36.244,0.806465,-0.591228,0.008020,0.591165,0.806501,0.008981,-0.011778,-0.002502,0.999928,0,0.40000,-0.28230,24.000,-0.565,-1,350.000,-1,375.000,-1,300.000,300.000,325.000,100.000,-1,575.000,450.000,475.000,625.000,625.000,-1,-1,2,0,2,0,2,0,0,0,1,2,0,0,1,0,0,2,2
5,408.865,-4203.443,20.206,35.679,0.812267,-0.583243,0.007127,0.583200,0.812296,0.007304,-0.010049,-0.001776,0.999948,0,0.48000,-0.28264,28.800,-0.565,-1,350.000,-1,375.000,-1,300.000,300.000,325.000,100.000,-1,525.000,450.000,500.000,625.000,625.000,-1,-1,2,0,2,0,2,0,0,0,1,2,0,0,1,0,0,2,2
6,436.350,-4184.117,20.082,35.113,0.817996,-0.575192,0.006017,0.575168,0.818018,0.005328,-0.007987,-0.000897,0.999968,0,0.56000,-0.28296,33.600,-0.566,-1,350.000,-1,375.000,-1,300.000,300.000,325.000,100.000,-1,500.000,425.000,500.000,625.000,625.000,-1,-1,2,0,2,0,2,0,0,0,1,2,0,0,1,0,0,2,2
7,467.979,-4162.341,21.624,34.547,0.823655,-0.567068,0.005211,0.566997,0.823650,0.010682,-0.010349,-0.005843,0.999929,0,0.64000,-0.28321,38.400,-0.566,-1,350.000,-1,350.000,-1,300.000,300.000,325.000,100.000,-1,-1,625.000,550.000,600.000,625.000,-1,-1,2,0,2,0,2,0,0,0,1,2,2,0,1,0,0,2,2
8,503.801,-4138.195,24.542,33.980,0.829263,-0.558837,0.004793,0.558623,0.829133,0.021875,-0.016199,-0.015463,0.999749,0,0.72000,-0.28331,43.200,-0.567,-1,325.000,-1,350.000,-1,275.000,300.000,300.000,125.000,-1,-1,-1,575.000,575.000,625.000,875.000,-1,2,0,2,0,2,0,0,0,1,2,2,2,1,0,0,0,2
9,543.866,-4111.760,27.235,33.414,0.834808,-0.550525,0.004225,0.550150,0.834480,0.031260,-0.020735,-0.023772,0.999502,0,0.80000,-0.28318,48.000,-0.566,875.000,325.000,-1,350.000,-1,275.000,300.000,300.000,125.000,-1,-1,-1,625.000,550.000,600.000,750.000,-1,0,0,2,0,2,0,0,0,1,2,2,2,1,0,0,0,2
10,585.506,-4084.872,29.414,32.848,0.840259,-0.542176,0.003220,0.541696,0.839739,0.037475,-0.023022,-0.029744,0.999292,0,0.82610,-0.28273,49.566,-0.565,775.000,325.000,-1,350.000,-1,275.000,275.000,300.000,150.000,-1,-1,-1,650.000,525.000,600.000,675.000,-1,0,0,2,0,2,0,0,0,1,2,2,2,1,0,0,0,2
11,627.043,-4058.627,31.105,32.284,0.845597,-0.533821,0.001059,0.533351,0.844932,0.040341,-0.022430,-0.033547,0.999185,0,0.81890,-0.28192,49.134,-0.564,700.000,325.000,-1,350.000,-1,275.000,275.000,300.000,175.000,-1,-1,-1,650.000,525.000,600.000,650.000,-1,0,0,2,0,2,0,0,0,1,2,2,2,1,0,0,0,2
12,668.485,-4033.009,32.136,31.723,0.850794,-0.525497,-0.001457,0.525132,0.850094,0.039709,-0.019629,-0.034549,0.999210,0,0.81201,-0.28078,48.721,-0.562,700.000,325.000,-1,350.000,-1,275.000,275.000,300.000,175.000,-1,-1,-1,325.000,525.000,600.000,650.000,-1,0,0,2,0,2,0,0,0,1,2,2,2,1,0,0,0,2
13,709.841,-4008.000,32.531,31.164,0.855845,-0.517213,-0.004414,0.517023,0.855226,0.035717,-0.014698,-0.032850,0.999352,0,0.80550,-0.27932,48.330,-0.559,725.000,325.000,-1,350.000,-1,275.000,300.000,300.000,200.000,-1,-1,-1,250.000,525.000,625.000,650.000,-1,0,0,2,0,2,0,0,0,1,2,2,2,1,0,0,0,2
14,751.123,-3983.579,32.199,30.609,0.860755,-0.508964,-0.007580,0.508952,0.860299,0.029215,-0.008348,-0.029005,0.999544,0,0.79942,-0.27756,47.965,-0.555,775.000,325.000,-1,350.000,-1,275.000,300.000,300.000,200.000,-1,-1,-1,225.000,525.000,625.000,700.000,-1,0,0,2,0,2,0,0,0,1,2,2,2,1,0,0,0,2
15,792.348,-3959.725,31.401,30.058,0.865524,-0.500754,-0.010643,0.500867,0.865306,0.019412,-0.000511,-0.022132,0.999755,0,0.79380,-0.27552,47.628,-0.551,950.000,325.000,-1,350.000,-1,275.000,300.000,300.000,225.000,-1,-1,-1,200.000,550.000,650.000,775.000,-1,0,0,2,0,2,0,0,0,1,2,2,2,1,0,0,0,2
16,833.529,-3936.418,30.042,29.512,0.870162,-0.492560,-0.014269,0.492681,0.870185,0.006602,0.009165,-0.012775,0.999876,0,0.78866,-0.27321,47.319,-0.546,-1,325.000,-1,350.000,-1,275.000,300.000,300.000,250.000,-1,800.000,775.000,200.000,575.000,675.000,900.000,-1,2,0,2,0,2,0,0,0,1,2,0,0,1,0,0,0,2
17,874.684,-3913.634,28.295,28.970,0.874672,-0.484356,-0.018666,0.484255,0.874871,-0.009908,0.021129,-0.000373,0.999777,0,0.78401,-0.27066,47.041,-0.541,-1,350.000,-1,375.000,-1,300.000,300.000,325.000,250.000,-1,550.000,500.000,175.000,625.000,700.000,-1,-1,2,0,2,0,2,0,0,0,1,2,0,0,1,0,0,2,2
18,915.831,-3891.352,26.760,28.435,0.879074,-0.476122,-0.023167,0.475566,0.879302,-0.025807,0.032658,0.011669,0.999398,0,0.77987,-0.26787,46.792,-0.536,-1,375.000,-1,375.000,-1,300.000,300.000,350.000,275.000,-1,325.000,275.000,175.000,650.000,750.000,-1,-1,2,0,2,0,2,0,0,0,1,2,0,0,1,0,0,2,2
19,956.989,-3869.555,28.293,27.905,0.883385,-0.467966,-0.025268,0.467310,0.883653,-0.027897,0.035383,0.012836,0.999291,0,0.77622,-0.26486,46.573,-0.530,-1,375.000,-1,375.000,-1,300.000,300.000,350.000,275.000,-1,325.000,275.000,200.000,650.000,775.000,-1,-1,2,0,2,0,2,0,0,0,1,2,0,0,1,0,0,2,2
20,998.176,-3848.222,29.915,27.382,0.887567,-0.459869,-0.027305,0.459106,0.887876,-0.029970,0.038026,0.014065,0.999178,0,0.77305,-0.26164,46.383,-0.523,-1,375.000,-1,375.000,-1,300.000,300.000,350.000,300.000,-1,325.000,275.000,225.000,675.000,800.000,-1,-1,2,0,2,0,2,0,0,0,1,2,0,0,1,0,0,2,2
21,1039.408,-3827.335,31.625,26.865,0.891619,-0.451838,-0.029282,0.450963,0.891968,-0.032028,0.040590,0.015352,0.999058,0,0.77036,-0.25824,46.221,-0.516,-1,375.000,-1,375.000,-1,300.000,300.000,350.000,300.000,-1,325.000,275.000,225.000,700.000,825.000,-1,-1,2,0,2,0,2,0,0,0,1,2,0,0,1,0,0,2,2
22,1080.705,-3806.874,33.420,26.356,0.895542,-0.443882,-0.031199,0.442887,0.895930,-0.034074,0.043077,0.016697,0.998932,0,0.76812,-0.25465,46.087,-0.509,-1,375.000,-1,375.000,-1,300.000,300.000,350.000,325.000,-1,325.000,275.000,250.000,725.000,850.000,-1,-1,2,0,2,0,2,0,0,0,1,2,0,0,1,0,0,2,2
23,1122.081,-3786.823,35.299,25.854,0.899335,-0.436008,-0.033060,0.434887,0.899761,-0.036108,0.045490,0.018096,0.998801,0,0.76631,-0.25089,45.979,-0.502,-1,375.000,-1,400.000,-1,300.000,300.000,350.000,325.000,-1,325.000,275.000,275.000,750.000,875.000,-1,-1,2,0,2,0,2,0,0,0,1,2,0,0,1,0,0,2,2
24,1163.554,-3767.165,37.261,25.360,0.903000,-0.428224,-0.034866,0.426970,0.903461,-0.038135,0.047830,0.019549,0.998664,0,0.76492,-0.24697,45.895,-0.494,-1,375.000,-1,400.000,-1,300.000,325.000,350.000,325.000,-1,325.000,275.000,300.000,775.000,925.000,-1,-1,2,0,2,0,2,0,0,0,0,2,0,0,1,0,0,2,2
25,1205.137,-3747.885,39.500,24.874,0.906543,-0.420541,-0.036402,0.419198,0.907045,-0.039262,0.049530,0.020333,0.998566,0,0.76392,-0.24290,45.835,-0.486,-1,375.000,-1,425.000,-1,325.000,325.000,350.000,325.000,-1,350.000,300.000,325.000,800.000,975.000,-1,-1,2,0,2,0,2,0,0,0,0,2,0,0,1,0,0,2,2
26,1242.440,-3730.784,41.597,24.628,0.908288,-0.416642,-0.037711,0.415225,0.908832,-0.040142,0.050998,0.020802,0.998482,0,0.68392,-0.12290,41.035,-0.246,-1,400.000,-1,425.000,-1,325.000,325.000,350.000,325.000,-1,350.000,325.000,325.000,825.000,1000.000,-1,-1,2,0,2,0,2,0,0,0,0,2,0,0,1,0,0,2,2
27,1275.380,-3715.686,43.099,24.623,0.908350,-0.416537,-0.037380,0.415050,0.908845,-0.041634,0.051315,0.022303,0.998433,0,0.60392,-0.00290,36.235,-0.006,-1,400.000,-1,425.000,-1,325.000,325.000,350.000,325.000,-1,375.000,350.000,350.000,825.000,-1,-1,-1,2,0,2,0,2,0,0,0,0,2,0,0,1,0,2,2,2
28,1303.903,-3702.472,44.368,24.857,0.906647,-0.420240,-0.037275,0.418698,0.907117,-0.042786,0.051794,0.023185,0.998389,0,0.52392,0.11710,31.435,0.234,-1,400.000,-1,425.000,-1,325.000,325.000,350.000,325.000,-1,400.000,350.000,375.000,850.000,-1,-1,-1,2,0,2,0,2,0,0,0,0,2,0,0,1,0,2,2,2
29,1327.977,-3691.076,45.468,25.331,0.903147,-0.427727,-0.037071,0.426144,0.903597,-0.043754,0.052212,0.023718,0.998354,0,0.44392,0.23710,26.635,0.474,-1,400.000,-1,425.000,-1,325.000,325.000,350.000,325.000,-1,400.000,375.000,375.000,850.000,-1,-1,-1,2,0,2,0,2,0,0,0,0,2,0,0,1,0,2,2,2
30,1347.595,-3681.488,46.392,26.045,0.897755,-0.438956,-0.036787,0.437345,0.898191,-0.044518,0.052584,0.023877,0.998331,0,0.36392,0.35710,21.835,0.714,-1,400.000,-1,425.000,-1,325.000,350.000,350.000,325.000,-1,425.000,375.000,400.000,850.000,-1,-1,-1,2,0,2,0,2,0,0,0,0,2,0,0,1,0,2,2,2
31,1362.774,-3673.755,47.132,26.999,0.890330,-0.453855,-0.036442,0.452231,0.890762,-0.045065,0.052914,0.023643,0.998319,0,0.28392,0.47710,17.035,0.954,-1,400.000,-1,425.000,-1,325.000,350.000,350.000,325.000,-1,425.000,400.000,400.000,850.000,-1,-1,-1,2,0,2,0,2,0,0,0,0,2,0,0,1,0,2,2,2
32,1373.557,-3667.974,47.682,28.194,0.880685,-0.472328,-0.036048,0.470705,0.881123,-0.045387,0.053201,0.023004,0.998319,0,0.20392,0.59710,12.235,1.194,-1,400.000,-1,425.000,-1,325.000,350.000,350.000,325.000,-1,425.000,400.000,400.000,850.000,-1,-1,-1,2,0,2,0,2,0,0,0,0,2,0,0,1,0,2,2,2
33,1380.021,-3664.299,48.035,29.628,0.868593,-0.494245,-0.035619,0.492637,0.869045,-0.045483,0.053434,0.021959,0.998330,0,0.12392,0.71710,7.435,1.434,-1,400.000,-1,425.000,-1,325.000,350.000,350.000,325.000,-1,450.000,400.000,425.000,850.000,-1,-1,-1,2,0,2,0,2,0,0,0,0,2,0,0,1,0,2,2,2
34,1382.272,-3662.930,48.189,31.302,0.853783,-0.519440,-0.035163,0.517862,0.854261,-0.045359,0.053599,0.020517,0.998352,0,0.04392,0.83710,2.635,1.674,-1,400.000,-1,425.000,-1,325.000,325.000,350.000,325.000,-1,450.000,425.000,425.000,850.000,-1,-1,-1,2,0,2,0,2,0,0,0,0,2,0,0,1,0,2,2,2
35,1380.458,-3664.110,48.103,33.017,0.837845,-0.544792,-0.034895,0.543254,0.838361,-0.045003,0.053772,0.018749,0.998377,0,-0.03608,0.85749,-2.165,1.715,-1,400.000,-1,425.000,-1,325.000,325.000,350.000,325.000,-1,450.000,425.000,425.000,850.000,1000.000,-1,-1,2,0,2,0,2,0,0,0,0,2,0,0,1,0,0,2,2
36,1382.630,-3662.618,48.190,34.492,0.823524,-0.566208,-0.034888,0.564697,0.824084,-0.044743,0.054085,0.017146,0.998389,0,0.04392,0.73749,2.635,1.475,-1,400.000,-1,425.000,-1,325.000,325.000,350.000,325.000,-1,450.000,425.000,425.000,850.000,1000.000,-1,-1,2,0,2,0,2,0,0,0,0,2,0,0,1,0,0,2,2
37,1388.648,-3658.252,48.514,35.965,0.808676,-0.587223,-0.034815,0.585736,0.809273,-0.044616,0.054375,0.015687,0.998397,0,0.12392,0.73667,7.435,1.473,-1,400.000,-1,425.000,-1,325.000,325.000,350.000,325.000,-1,450.000,450.000,425.000,850.000,1000.000,-1,-1,2,0,2,0,2,0,0,0,0,2,0,0,1,0,0,2,2
38,1398.363,-3650.814,49.080,37.441,0.793275,-0.607876,-0.034675,0.606408,0.793903,-0.044593,0.054635,0.014347,0.998403,0,0.20392,0.73763,12.235,1.475,-1,400.000,-1,425.000,-1,325.000,325.000,350.000,325.000,-1,450.000,475.000,450.000,850.000,975.000,-1,-1,2,0,2,0,2,0,0,0,0,2,0,0,1,0,0,2,2
39,1411.617,-3640.112,49.929,38.919,0.777322,-0.628167,-0.034294,0.626716,0.777966,-0.044683,0.054748,0.013240,0.998412,0,0.28392,0.73926,17.035,1.479,-1,400.000,-1,425.000,-1,325.000,325.000,350.000,325.000,-1,475.000,500.000,450.000,850.000,975.000,-1,-1,2,0,2,0,2,0,0,0,0,2,0,0,1,0,0,2,2
40,1428.245,-3625.960,51.031,40.402,0.760816,-0.648100,-0.033545,0.646665,0.761454,-0.044866,0.054621,0.012442,0.998430,0,0.36392,0.74158,21.835,1.483,-1,400.000,-1,425.000,-1,325.000,325.000,350.000,325.000,-1,500.000,525.000,500.000,850.000,975.000,-1,-1,2,0,2,0,2,0,0,0,0,2,0,0,1,0,0,2,2
41,1448.072,-3608.175,52.304,41.891,0.743763,-0.667672,-0.032103,0.666256,0.744356,-0.045140,0.054035,0.012184,0.998465,0,0.44392,0.74461,26.635,1.489,-1,400.000,-1,425.000,-1,325.000,325.000,350.000,325.000,-1,550.000,575.000,525.000,850.000,950.000,-1,-1,2,0,2,0,2,0,0,0,0,2,0,0,1,0,0,2,2
42,1470.917,-3586.581,53.871,43.388,0.726124,-0.686888,-0.030474,0.685495,0.726663,-0.045349,0.053294,0.012039,0.998506,0,0.52392,0.74837,31.435,1.497,-1,400.000,-1,425.000,-1,325.000,325.000,350.000,325.000,-1,600.000,625.000,575.000,850.000,950.000,-1,-1,2,0,2,0,2,0,0,0,0,2,0,1,1,0,0,2,2
43,1496.586,-3561.006,55.661,44.894,0.707861,-0.705750,-0.029138,0.704385,0.708366,-0.045392,0.052676,0.011607,0.998544,0,0.60392,0.75291,36.235,1.506,-1,400.000,-1,425.000,-1,325.000,325.000,350.000,325.000,-1,650.000,650.000,675.000,850.000,925.000,-1,-1,2,0,2,0,2,0,0,0,0,2,0,1,1,0,0,2,2
44,1524.880,-3531.284,57.739,46.410,0.688968,-0.724254,-0.027908,0.722921,0.689445,-0.045276,0.052032,0.011018,0.998585,0,0.68392,0.75823,41.035,1.516,-1,400.000,-1,425.000,-1,325.000,325.000,350.000,325.000,-1,725.000,675.000,800.000,875.000,925.000,-1,-1,2,0,2,0,2,0,0,0,0,2,0,1,1,0,0,2,2
45,1555.585,-3497.255,60.145,47.939,0.669430,-0.742395,-0.026709,0.741103,0.669883,-0.044978,0.051283,0.010315,0.998631,0,0.76392,0.76435,45.835,1.529,-1,400.000,-1,425.000,-1,325.000,325.000,350.000,325.000,-1,800.000,700.000,-1,875.000,900.000,-1,-1,2,0,2,0,2,0,0,0,0,2,1,1,2,0,0,2,2
46,1587.570,-3459.830,62.829,49.482,0.649225,-0.760165,-0.025594,0.758923,0.649661,-0.044456,0.050421,0.009438,0.998683,0,0.82051,0.77129,49.231,1.543,-1,400.000,-1,425.000,-1,325.000,325.000,350.000,325.000,-1,825.000,725.000,-1,875.000,900.000,-1,-1,2,0,2,0,2,0,0,0,0,2,1,1,2,0,0,2,2
47,1618.706,-3421.326,65.629,51.039,0.628336,-0.777552,-0.024639,0.776369,0.628763,-0.043682,0.049457,0.008318,0.998742,0,0.82529,0.77884,49.517,1.558,-1,425.000,-1,425.000,-1,325.000,325.000,350.000,325.000,-1,850.000,750.000,-1,875.000,900.000,-1,-1,2,0,2,0,2,0,0,0,0,2,1,1,2,0,0,2,2
48,1648.961,-3381.737,68.430,52.612,0.606767,-0.794525,-0.023730,0.793386,0.607186,-0.043180,0.048716,0.007373,0.998785,0,0.83044,0.78653,49.826,1.573,-1,425.000,-1,400.000,-1,325.000,325.000,350.000,325.000,-1,875.000,775.000,-1,875.000,875.000,-1,-1,2,0,2,0,2,0,0,0,0,2,1,1,2,0,0,2,2
49,1678.299,-3341.058,70.399,54.201,0.584498,-0.811063,-0.023203,0.810012,0.584932,-0.041648,0.047351,0.005549,0.998863,0,0.83591,0.79433,50.155,1.589,-1,425.000,-1,400.000,-1,325.000,325.000,350.000,325.000,-1,900.000,825.000,-1,875.000,875.000,-1,-1,2,0,2,0,2,0,0,0,0,2,1,1,2,0,0,2,2
50,1706.680,-3299.288,72.207,55.806,0.561529,-0.827133,-0.023150,0.826214,0.561999,-0.039086,0.045340,0.002821,0.998968,0,0.84168,0.80225,50.501,1.605,-1,425.000,-1,400.000,-1,325.000,325.000,350.000,325.000,-1,925.000,850.000,-1,875.000,850.000,-1,-1,2,0,2,0,2,0,0,0,0,2,1,1,2,0,0,2,2
51,1734.064,-3256.427,74.082,57.426,0.537882,-0.842699,-0.023266,0.841901,0.538385,-0.036672,0.043429,0.000138,0.999056,0,0.84770,0.81028,50.862,1.621,-1,425.000,-1,400.000,-1,325.000,325.000,350.000,325.000,-1,950.000,875.000,-1,875.000,825.000,-1,-1,2,0,2,0,2,0,0,0,0,2,1,1,2,0,0,2,2
52,1760.405,-3212.479,76.019,59.063,0.513560,-0.857731,-0.023538,0.857044,0.514093,-0.034405,0.041611,-0.002504,0.999131,0,0.85395,0.81842,51.237,1.637,-1,400.000,-1,400.000,-1,325.000,325.000,350.000,350.000,-1,1000.000,925.000,-1,875.000,825.000,-1,-1,2,0,2,0,2,0,0,0,0,2,1,1,2,0,0,2,2
53,1785.655,-3167.453,77.797,60.716,0.488580,-0.872201,-0.023569,0.871578,0.489129,-0.033237,0.040518,-0.004304,0.999170,0,0.86039,0.82664,51.623,1.653,-1,400.000,-1,400.000,-1,325.000,325.000,350.000,350.000,-1,-1,950.000,-1,875.000,800.000,-1,-1,2,0,2,0,2,0,0,0,0,2,2,1,2,0,0,2,2
54,1809.767,-3121.359,79.617,62.386,0.462939,-0.886076,-0.023584,0.885515,0.463500,-0.032103,0.039377,-0.006022,0.999206,0,0.86699,0.83496,52.020,1.670,-1,400.000,-1,400.000,-1,325.000,325.000,350.000,350.000,-1,-1,1000.000,-1,900.000,775.000,-1,-1,2,0,2,0,2,0,0,0,0,2,2,1,2,0,0,2,2
55,1830.602,-3078.984,81.082,63.816,0.440716,-0.897363,-0.022557,0.896862,0.441243,-0.030729,0.037528,-0.006688,0.999273,0,0.78699,0.71496,47.220,1.430,-1,400.000,-1,400.000,-1,325.000,325.000,350.000,325.000,-1,-1,-1,-1,900.000,775.000,-1,-1,2,0,2,0,2,0,0,0,0,2,2,2,2,0,0,2,2
56,1850.243,-3036.854,82.603,65.006,0.422013,-0.906328,-0.021797,0.905886,0.422510,-0.029251,0.035721,-0.007401,0.999334,0,0.77473,0.59496,46.484,1.190,-1,400.000,-1,375.000,-1,325.000,325.000,350.000,325.000,-1,-1,-1,-1,900.000,750.000,-1,-1,2,0,2,0,2,0,0,0,0,2,2,2,2,0,0,2,2
57,1869.331,-2994.070,84.211,65.956,0.406951,-0.913203,-0.021249,0.912819,0.407424,-0.027679,0.033934,-0.008132,0.999391,0,0.78082,0.47496,46.849,0.950,-1,400.000,-1,375.000,-1,325.000,325.000,350.000,325.000,-1,-1,-1,-1,900.000,750.000,-1,-1,2,0,2,0,2,0,0,0,0,2,2,2,2,0,0,2,2
58,1888.034,-2950.713,85.909,66.666,0.395625,-0.918175,-0.020870,0.917848,0.396076,-0.026057,0.032191,-0.008846,0.999443,0,0.78698,0.35496,47.219,0.710,-1,400.000,-1,375.000,-1,325.000,300.000,350.000,325.000,-1,-1,-1,-1,900.000,750.000,-1,-1,2,0,2,0,2,0,0,0,0,2,2,2,2,0,0,2,2
59,1906.525,-2906.862,87.700,67.136,0.388099,-0.921387,-0.020615,0.921112,0.388530,-0.024430,0.030519,-0.009507,0.999489,0,0.79317,0.23496,47.590,0.470,-1,400.000,-1,375.000,-1,325.000,300.000,350.000,325.000,-1,-1,-1,-1,900.000,725.000,-1,-1,2,0,2,0,2,0,0,0,0,2,2,2,2,0,0,2,2
60,1924.941,-2862.693,89.585,67.366,0.384417,-0.922933,-0.020437,0.922706,0.384828,-0.022843,0.028947,-0.010077,0.999530,0,0.79758,0.11496,47.855,0.230,-1,400.000,-1,375.000,-1,325.000,300.000,375.000,325.000,-1,-1,-1,-1,900.000,725.000,-1,-1,2,0,2,0,2,0,0,0,0,2,2,2,2,0,0,2,2
61,1943.366,-2818.528,91.562,67.356,0.384597,-0.922862,-0.020292,0.922675,0.384988,-0.021345,0.027511,-0.010513,0.999566,0,0.79758,-0.00504,47.855,-0.010,-1,400.000,-1,375.000,-1,325.000,300.000,375.000,325.000,-1,-1,-1,-1,875.000,725.000,-1,-1,2,0,2,0,2,0,0,0,0,2,2,2,2,0,0,2,2
62,1961.983,-2774.443,93.451,67.106,0.388667,-0.921176,-0.019274,0.921020,0.389014,-0.019737,0.025679,-0.010081,0.999619,0,0.79758,-0.12504,47.855,-0.250,-1,400.000,-1,375.000,-1,325.000,300.000,375.000,325.000,-1,-1,-1,-1,875.000,725.000,-1,-1,2,0,2,0,2,0,0,0,0,2,2,2,2,0,0,2,2
63,1980.976,-2730.519,95.028,66.615,0.396522,-0.917808,-0.019977,0.917680,0.396876,-0.018801,0.025184,-0.010877,0.999624,0,0.79758,-0.24504,47.855,-0.490,-1,400.000,-1,375.000,-1,325.000,300.000,375.000,325.000,-1,-1,-1,-1,850.000,725.000,-1,-1,2,0,2,0,2,0,0,0,0,2,2,2,2,0,0,2,2
64,2000.528,-2686.840,96.438,65.885,0.408152,-0.912660,-0.021520,0.912571,0.408532,-0.017769,0.025008,-0.012386,0.999611,0,0.79758,-0.36504,47.855,-0.730,-1,400.000,-1,375.000,-1,325.000,300.000,375.000,350.000,-1,-1,-1,-1,850.000,725.000,-1,-1,2,0,2,0,2,0,0,0,0,2,2,2,2,0,0,2,2
65,2020.791,-2643.487,97.727,64.949,0.422983,-0.905835,-0.023428,0.905808,0.423385,-0.016025,0.024435,-0.014443,0.999597,0,0.79758,-0.46835,47.855,-0.937,-1,400.000,-1,375.000,-1,325.000,300.000,350.000,350.000,-1,-1,-1,-1,825.000,725.000,-1,-1,2,0,2,0,2,0,0,0,0,2,2,2,2,0,0,2,2
66,2041.759,-2600.471,98.834,64.012,0.437658,-0.898749,-0.026547,0.898798,0.438116,-0.014701,0.024843,-0.017426,0.999539,0,0.79758,-0.46835,47.855,-0.937,-1,400.000,-1,375.000,-1,300.000,300.000,350.000,350.000,-1,-1,-1,-1,800.000,725.000,-1,-1,2,0,2,0,2,0,0,0,0,2,2,2,2,0,0,2,2
67,2063.428,-2557.804,100.047,63.075,0.452218,-0.891421,-0.029455,0.891548,0.452727,-0.013442,0.025317,-0.020182,0.999476,0,0.79758,-0.46835,47.855,-0.937,-1,400.000,-1,375.000,-1,300.000,300.000,350.000,350.000,-1,-1,-1,-1,800.000,725.000,-1,-1,2,0,2,0,2,0,0,0,0,2,2,2,2,0,0,2,2
68,2085.792,-2515.496,101.136,62.139,0.466657,-0.883870,-0.031715,0.884040,0.467223,-0.013260,0.026538,-0.021850,0.999409,0,0.79758,-0.46835,47.855,-0.937,-1,400.000,-1,375.000,-1,300.000,300.000,350.000,350.000,-1,-1,-1,-1,800.000,725.000,-1,-1,2,0,2,0,2,0,0,0,0,2,2,2,2,0,0,2,2
69,2108.845,-2473.560,102.340,61.202,0.480971,-0.876085,-0.033802,0.876296,0.481594,-0.013158,0.027806,-0.023292,0.999342,0,0.79758,-0.46835,47.855,-0.937,-1,400.000,-1,375.000,-1,300.000,300.000,350.000,350.000,-1,-1,-1,-1,775.000,725.000,-1,-1,2,0,2,0,2,0,0,0,0,2,2,2,2,0,0,2,2
70,2132.580,-2432.006,103.469,60.265,0.495198,-0.868085,-0.034760,0.868314,0.495846,-0.012922,0.028453,-0.023783,0.999312,0,0.79758,-0.46835,47.855,-0.937,-1,375.000,-1,375.000,-1,300.000,300.000,350.000,350.000,-1,-1,-1,-1,775.000,725.000,-1,-1,2,0,2,0,2,0,0,0,0,2,2,2,2,0,0,2,2
71,2156.992,-2390.846,104.652,59.328,0.509313,-0.859863,-0.035165,0.860098,0.509971,-0.012686,0.028841,-0.023784,0.999301,0,0.79758,-0.46835,47.855,-0.937,-1,375.000,-1,375.000,-1,300.000,300.000,350.000,350.000,-1,-1,-1,-1,775.000,700.000,-1,-1,2,0,2,0,2,0,0,0,0,2,2,2,2,0,0,2,2
72,2179.516,-2354.153,105.845,58.456,0.522337,-0.852002,-0.035436,0.852238,0.523003,-0.012544,0.029220,-0.023648,0.999293,0,0.71758,-0.43612,43.055,-0.872,-1,375.000,-1,375.000,-1,300.000,300.000,350.000,350.000,-1,-1,-1,-1,775.000,700.000,-1,-1,2,0,2,0,2,0,0,0,0,2,2,2,2,0,0,2,2
73,2201.509,-2319.518,107.101,57.584,0.535243,-0.843947,-0.035606,0.844179,0.535916,-0.012481,0.029615,-0.023378,0.999288,0,0.68380,-0.43612,41.028,-0.872,-1,375.000,-1,375.000,-1,300.000,300.000,350.000,350.000,-1,475.000,-1,-1,775.000,700.000,-1,-1,2,0,2,0,2,0,0,0,0,2,0,2,2,0,0,2,2
74,2224.028,-2285.222,108.473,56.712,0.548027,-0.835699,-0.035690,0.835922,0.548706,-0.012485,0.030017,-0.022992,0.999285,0,0.68380,-0.43612,41.028,-0.872,-1,375.000,-1,375.000,-1,300.000,300.000,350.000,350.000,-1,525.000,-1,-1,800.000,700.000,-1,-1,2,0,2,0,2,0,0,0,0,2,0,2,2,0,0,2,2
75,2247.066,-2251.273,109.964,55.839,0.560687,-0.827259,-0.035687,0.827469,0.561371,-0.012559,0.030423,-0.022488,0.999284,0,0.68380,-0.43612,41.028,-0.872,-1,375.000,-1,375.000,-1,300.000,300.000,350.000,350.000,-1,575.000,-1,-1,800.000,725.000,-1,-1,2,0,2,0,2,0,0,0,0,2,0,2,2,0,0,2,2
76,2270.617,-2217.679,111.574,54.967,0.573219,-0.818628,-0.035597,0.818822,0.573907,-0.012703,0.030828,-0.021866,0.999285,0,0.68380,-0.43612,41.028,-0.872,-1,375.000,-1,375.000,-1,300.000,300.000,350.000,350.000,-1,625.000,-1,-1,800.000,725.000,-1,-1,2,0,2,0,2,0,0,0,0,2,0,2,2,0,0,2,2
77,2294.678,-2184.447,113.139,54.095,0.585607,-0.809811,-0.035647,0.809974,0.586313,-0.013382,0.031737,-0.021037,0.999275,0,0.68380,-0.43612,41.028,-0.872,-1,400.000,-1,375.000,-1,300.000,300.000,350.000,350.000,-1,650.000,-1,-1,800.000,750.000,-1,-1,2,0,2,0,2,0,0,0,0,2,0,2,2,0,0,2,2
78,2319.242,-2151.585,114.525,53.223,0.597818,-0.800800,-0.036524,0.800933,0.598579,-0.014507,0.033480,-0.020581,0.999227,0,0.68380,-0.43612,41.028,-0.872,-1,400.000,-1,375.000,-1,300.000,300.000,350.000,350.000,-1,650.000,-1,-1,800.000,775.000,-1,-1,2,0,2,0,2,0,0,0,0,2,0,2,2,0,0,2,2
79,2344.303,-2119.100,115.760,52.351,0.609893,-0.791587,-0.037681,0.791735,0.610694,-0.014420,0.034426,-0.021039,0.999186,0,0.68380,-0.43612,41.028,-0.872,-1,400.000,-1,375.000,-1,300.000,300.000,350.000,350.000,-1,650.000,700.000,-1,825.000,800.000,-1,-1,2,0,2,0,2,0,0,0,0,2,0,0,2,0,0,2,2
80,2369.855,-2087.001,117.103,51.478,0.621829,-0.782194,-0.038758,0.782352,0.622670,-0.014431,0.035421,-0.021349,0.999144,0,0.68380,-0.43612,41.028,-0.872,-1,400.000,-1,375.000,-1,325.000,300.000,350.000,350.000,-1,675.000,725.000,-1,825.000,825.000,-1,-1,2,0,2,0,2,0,0,0,0,2,0,0,2,0,0,2,2
81,2395.894,-2055.295,118.523,50.606,0.633621,-0.772619,-0.039792,0.772788,0.634501,-0.014383,0.036360,-0.021638,0.999104,0,0.68380,-0.43612,41.028,-0.872,-1,400.000,-1,375.000,-1,325.000,300.000,350.000,350.000,-1,675.000,725.000,-1,825.000,850.000,-1,-1,2,0,2,0,2,0,0,0,0,2,0,0,2,0,0,2,2
82,2422.412,-2023.989,119.926,49.734,0.645271,-0.762860,-0.040875,0.763061,0.646179,-0.013780,0.036925,-0.022298,0.999069,0,0.68380,-0.43612,41.028,-0.872,-1,400.000,-1,375.000,-1,325.000,300.000,350.000,350.000,-1,700.000,750.000,-1,825.000,850.000,-1,-1,2,0,2,0,2,0,0,0,0,2,0,0,2,0,0,2,2
83,2449.403,-1993.090,121.406,48.862,0.656773,-0.752924,-0.041891,0.753159,0.657708,-0.013116,0.037427,-0.022936,0.999036,0,0.68380,-0.43612,41.028,-0.872,-1,400.000,-1,375.000,-1,325.000,300.000,350.000,350.000,-1,750.000,775.000,-1,825.000,875.000,-1,-1,2,0,2,0,2,0,0,0,0,2,0,0,2,0,0,2,2
84,2476.862,-1962.605,122.966,47.989,0.668127,-0.742814,-0.042833,0.743083,0.669084,-0.012393,0.037865,-0.023549,0.999005,0,0.68380,-0.43612,41.028,-0.872,-1,400.000,-1,400.000,-1,325.000,300.000,325.000,350.000,-1,775.000,800.000,-1,825.000,900.000,-1,-1,2,0,2,0,2,0,0,0,0,2,0,0,2,0,0,2,2
85,2504.781,-1932.542,124.604,47.117,0.679329,-0.732532,-0.043699,0.732837,0.680305,-0.011612,0.038234,-0.024136,0.998977,0,0.68380,-0.43612,41.028,-0.872,-1,400.000,-1,400.000,-1,325.000,300.000,325.000,350.000,-1,825.000,850.000,-1,850.000,900.000,-1,-1,2,0,2,0,2,0,0,0,0,2,0,0,2,0,0,2,2
86,2533.155,-1902.908,126.321,46.245,0.690377,-0.722081,-0.044482,0.722423,0.691368,-0.010775,0.038534,-0.024696,0.998952,0,0.68380,-0.43612,41.028,-0.872,-1,400.000,-1,400.000,-1,325.000,325.000,325.000,350.000,-1,850.000,900.000,-1,875.000,925.000,-1,-1,2,0,2,0,2,0,0,0,0,2,0,0,2,0,0,2,2
87,2561.977,-1873.709,127.768,45.373,0.701301,-0.711486,-0.044325,0.711805,0.702293,-0.010857,0.038854,-0.023937,0.998958,0,0.68380,-0.43612,41.028,-0.872,-1,400.000,-1,400.000,-1,325.000,325.000,325.000,350.000,-1,900.000,925.000,-1,900.000,950.000,-1,-1,2,0,2,0,2,0,0,0,0,2,0,0,2,0,0,2,2
88,2591.240,-1844.952,129.016,44.500,0.712115,-0.700741,-0.043049,0.700999,0.713072,-0.011316,0.038627,-0.022119,0.999009,0,0.68380,-0.43612,41.028,-0.872,-1,400.000,-1,425.000,-1,325.000,325.000,325.000,350.000,-1,-1,975.000,-1,900.000,975.000,-1,-1,2,0,2,0,2,0,0,0,0,2,2,0,2,0,0,2,2
89,2620.938,-1816.645,130.334,43.628,0.722770,-0.689833,-0.041647,0.690029,0.723686,-0.011757,0.038250,-0.020240,0.999063,0,0.68380,-0.43612,41.028,-0.872,-1,400.000,-1,425.000,-1,325.000,325.000,325.000,350.000,-1,-1,-1,-1,925.000,975.000,-1,-1,2,0,2,0,2,0,0,0,0,2,2,2,2,0,0,2,2
90,2651.062,-1788.792,131.723,42.756,0.733262,-0.678761,-0.040116,0.678899,0.734131,-0.012185,0.037721,-0.018300,0.999121,0,0.68380,-0.43612,41.028,-0.872,-1,400.000,-1,425.000,-1,325.000,325.000,325.000,350.000,-1,-1,-1,-1,950.000,975.000,-1,-1,2,0,2,0,2,0,0,0,0,2,2,2,2,0,0,2,2
91,2681.608,-1761.402,133.183,41.884,0.743589,-0.667530,-0.038454,0.667610,0.744404,-0.012605,0.037039,-0.016299,0.999181,0,0.68380,-0.43612,41.028,-0.872,-1,400.000,-1,425.000,-1,325.000,325.000,325.000,350.000,-1,-1,-1,-1,950.000,1000.000,-1,-1,2,0,2,0,2,0,0,0,0,2,2,2,2,0,0,2,2
92,2712.567,-1734.479,134.712,41.011,0.753747,-0.656141,-0.036657,0.656167,0.754504,-0.013023,0.036203,-0.014237,0.999243,0,0.68380,-0.43612,41.028,-0.872,-1,425.000,-1,425.000,-1,325.000,325.000,325.000,350.000,-1,-1,-1,-1,975.000,1000.000,-1,-1,2,0,2,0,2,0,0,0,0,2,2,2,2,0,0,2,2
93,2743.932,-1708.031,136.052,40.139,0.763679,-0.644589,-0.036040,0.644589,0.764416,-0.013183,0.036047,-0.013163,0.999263,0,0.68380,-0.43612,41.028,-0.872,-1,425.000,-1,425.000,-1,325.000,350.000,325.000,350.000,-1,-1,-1,-1,1000.000,1000.000,-1,-1,2,0,2,0,2,0,0,0,0,2,2,2,2,0,0,2,2
94,2775.696,-1682.063,137.447,39.267,0.773437,-0.632886,-0.035347,0.632862,0.774150,-0.013298,0.035780,-0.012084,0.999287,0,0.68380,-0.43612,41.028,-0.872,-1,425.000,-1,425.000,-1,350.000,350.000,325.000,350.000,-1,-1,-1,-1,1000.000,-1,-1,-1,2,0,2,0,2,0,0,0,0,2,2,2,2,0,2,2,2
95,2807.851,-1656.582,138.914,38.395,0.783022,-0.621036,-0.034492,0.620988,0.783706,-0.013391,0.035348,-0.010934,0.999315,0,0.68380,-0.43612,41.028,-0.872,-1,425.000,-1,425.000,-1,350.000,350.000,325.000,350.000,-1,-1,-1,-1,-1,-1,-1,-1,2,0,2,0,2,0,0,0,0,2,2,2,2,2,2,2,2
96,2844.081,-1628.518,140.224,37.762,0.789893,-0.612360,-0.032929,0.612284,0.790522,-0.013527,0.034314,-0.009477,0.999366,0,0.76380,-0.31612,45.828,-0.632,-1,425.000,-1,425.000,-1,350.000,350.000,325.000,350.000,-1,-1,-1,-1,-1,-1,-1,-1,2,0,2,0,2,0,0,0,0,2,2,2,2,2,2,2,2
97,2882.669,-1599.047,141.218,37.370,0.794158,-0.606936,-0.030684,0.606881,0.794700,-0.012146,0.031757,-0.008976,0.999455,0,0.80925,-0.19612,48.555,-0.392,-1,425.000,-1,425.000,-1,350.000,350.000,325.000,350.000,-1,-1,-1,-1,1000.000,-1,-1,-1,2,0,2,0,2,0,0,0,0,2,2,2,2,0,2,2,2
98,2921.335,-1569.679,142.085,37.218,0.795858,-0.604820,-0.028339,0.604814,0.796307,-0.009757,0.028468,-0.009375,0.999551,0,0.80925,-0.07612,48.555,-0.152,-1,425.000,-1,425.000,-1,350.000,350.000,325.000,350.000,-1,-1,-1,-1,1000.000,1000.000,-1,-1,2,0,2,0,2,0,0,0,0,2,2,2,2,0,0,2,2
99,2959.956,-1540.251,143.008,37.306,0.795014,-0.606036,-0.025945,0.606074,0.795375,-0.007272,0.025043,-0.009943,0.999637,0,0.80925,0.04388,48.555,0.088,-1,425.000,-1,425.000,-1,350.000,350.000,325.000,350.000,-1,-1,-1,-1,975.000,975.000,-1,-1,2,0,2,0,2,0,0,0,0,2,2,2,2,0,0,2,2
100,2998.408,-1510.603,143.986,37.633,0.791611,-0.610571,-0.023545,0.610647,0.791889,-0.004645,0.021481,-0.010701,0.999712,0,0.80925,0.16388,48.555,0.328,-1,425.000,-1,425.000,-1,325.000,325.000,325.000,350.000,-1,-1,-1,-1,950.000,975.000,-1,-1,2,0,2,0,2,0,0,0,0,2,2,2,2,0,0,2,2
101,3036.565,-1480.575,145.021,38.201,0.785593,-0.618381,-0.021184,0.618489,0.785792,-0.001826,0.017776,-0.011667,0.999774,0,0.80925,0.28388,48.555,0.568,-1,425.000,-1,425.000,-1,325.000,325.000,325.000,350.000,-1,-1,-1,-1,925.000,950.000,-1,-1,2,0,2,0,2,0,0,0,0,2,2,2,2,0,0,2,2
102,3074.294,-1450.013,145.771,39.009,0.776853,-0.629398,-0.018903,0.629505,0.776997,-0.000373,0.014922,-0.011609,0.999821,0,0.80925,0.40388,48.555,0.808,-1,425.000,-1,425.000,-1,325.000,325.000,325.000,350.000,-1,-1,-1,-1,925.000,925.000,-1,-1,2,0,2,0,2,0,0,0,0,2,2,2,2,0,0,2,2
103,3111.459,-1418.766,146.367,40.057,0.765260,-0.643505,-0.016686,0.643599,0.765363,0.000355,0.012542,-0.011011,0.999861,0,0.80925,0.52388,48.555,1.048,-1,425.000,-1,425.000,-1,325.000,325.000,325.000,325.000,-1,-1,-1,-1,925.000,925.000,-1,-1,2,0,2,0,2,0,0,0,0,2,2,2,2,0,0,2,2
104,3147.911,-1386.691,146.885,41.344,0.750647,-0.660543,-0.014580,0.660632,0.750708,0.001795,0.009760,-0.010980,0.999892,0,0.80925,0.64388,48.555,1.288,-1,425.000,-1,425.000,-1,325.000,325.000,325.000,325.000,-1,-1,-1,-1,900.000,900.000,-1,-1,2,0,2,0,2,0,0,0,0,2,2,2,2,0,0,2,2
105,3183.496,-1353.656,147.292,42.872,0.732808,-0.680318,-0.012674,0.680405,0.732824,0.004195,0.006434,-0.011697,0.999911,0,0.80925,0.76388,48.555,1.528,-1,425.000,-1,425.000,-1,325.000,325.000,300.000,325.000,-1,-1,-1,-1,875.000,875.000,-1,-1,2,0,2,0,2,0,0,0,0,2,2,2,2,0,0,2,2
106,3218.053,-1319.548,147.630,44.625,0.711695,-0.702409,-0.010544,0.702483,0.711667,0.006834,0.002704,-0.012271,0.999921,0,0.80925,0.87640,48.555,1.753,-1,425.000,-1,400.000,-1,325.000,325.000,300.000,325.000,-1,-1,-1,-1,875.000,875.000,-1,-1,2,0,2,0,2,0,0,0,0,2,2,2,2,0,0,2,2
107,3251.551,-1284.398,147.885,46.378,0.689914,-0.723845,-0.008145,0.723890,0.689846,0.009800,-0.001475,-0.012658,0.999919,0,0.80925,0.87640,48.555,1.753,-1,400.000,-1,400.000,-1,325.000,325.000,300.000,325.000,-1,-1,-1,-1,825.000,850.000,-1,-1,2,0,2,0,2,0,0,0,0,2,2,2,2,0,0,2,2
108,3283.959,-1248.241,148.197,48.130,0.667482,-0.744600,-0.006163,0.744604,0.667377,0.013165,-0.005689,-0.013376,0.999894,0,0.80925,0.87640,48.555,1.753,-1,400.000,-1,400.000,-1,325.000,325.000,300.000,325.000,-1,-1,-1,-1,800.000,825.000,-1,-1,2,0,2,0,2,0,0,0,0,2,2,2,2,0,0,2,2
109,3315.245,-1211.109,148.120,49.883,0.644407,-0.764671,-0.004217,0.764634,0.644294,0.014847,-0.008636,-0.012792,0.999881,0,0.80925,0.87640,48.555,1.753,-1,400.000,-1,400.000,-1,325.000,325.000,300.000,325.000,-1,-1,-1,-1,800.000,800.000,-1,-1,2,0,2,0,2,0,0,0,0,2,2,2,2,0,0,2,2
110,3345.381,-1173.038,147.885,51.636,0.620718,-0.784030,-0.002393,0.783957,0.620611,0.015919,-0.010996,-0.011757,0.999870,0,0.80925,0.87640,48.555,1.753,-1,400.000,-1,400.000,-1,325.000,325.000,300.000,325.000,-1,-1,-1,-1,775.000,800.000,-1,-1,2,0,2,0,2,0,0,0,0,2,2,2,2,0,0,2,2
111,3374.338,-1134.063,147.488,53.389,0.596451,-0.802648,-0.001734,0.802549,0.596341,0.017121,-0.012709,-0.011604,0.999852,0,0.80925,0.87640,48.555,1.753,-1,400.000,-1,400.000,-1,325.000,325.000,300.000,325.000,-1,-1,-1,-1,775.000,800.000,-1,-1,2,0,2,0,2,0,0,0,0,2,2,2,2,0,0,2,2
112,3402.090,-1094.220,146.806,55.142,0.571630,-0.820509,-0.001716,0.820390,0.571509,0.018387,-0.014105,-0.011918,0.999829,0,0.80925,0.87640,48.555,1.753,-1,400.000,-1,400.000,-1,325.000,325.000,300.000,325.000,-1,-1,-1,-1,750.000,775.000,-1,-1,2,0,2,0,2,0,0,0,0,2,2,2,2,0,0,2,2
113,3428.610,-1053.547,145.898,56.894,0.546266,-0.837611,-0.000698,0.837455,0.546147,0.019817,-0.016217,-0.011410,0.999803,0,0.80925,0.87640,48.555,1.753,-1,400.000,-1,400.000,-1,325.000,325.000,300.000,325.000,-1,-1,-1,-1,750.000,775.000,-1,-1,2,0,2,0,2,0,0,0,0,2,2,2,2,0,0,2,2
114,3453.873,-1012.082,145.018,58.647,0.520391,-0.853928,0.000102,0.853732,0.520274,0.021355,-0.018289,-0.011026,0.999772,0,0.80925,0.87640,48.555,1.753,-1,400.000,-1,400.000,-1,325.000,325.000,325.000,325.000,-1,-1,-1,-1,725.000,750.000,-1,-1,2,0,2,0,2,0,0,0,0,2,2,2,2,0,0,2,2
115,3478.032,-969.551,144.157,60.402,0.493999,-0.869462,0.000693,0.869224,0.493883,0.022997,-0.020338,-0.010758,0.999735,0,0.81522,0.87738,48.913,1.755,-1,400.000,-1,400.000,-1,325.000,325.000,325.000,325.000,-1,-1,-1,-1,725.000,725.000,-1,-1,2,0,2,0,2,0,0,0,0,2,2,2,2,0,0,2,2
116,3501.053,-925.964,143.315,62.158,0.467125,-0.884191,0.001075,0.883908,0.467006,0.024731,-0.022369,-0.010602,0.999694,0,0.82155,0.87808,49.293,1.756,-1,400.000,-1,400.000,-1,325.000,325.000,325.000,325.000,-1,-1,-1,-1,700.000,700.000,-1,-1,2,0,2,0,2,0,0,0,0,2,2,2,2,0,0,2,2
117,3522.898,-881.345,142.488,63.915,0.439804,-0.898093,0.001249,0.897762,0.439680,0.026545,-0.024389,-0.010553,0.999647,0,0.82799,0.87841,49.680,1.757,-1,375.000,-1,375.000,-1,325.000,325.000,325.000,325.000,-1,-1,-1,-1,700.000,700.000,-1,-1,2,0,2,0,2,0,0,0,0,2,2,2,2,0,0,2,2
118,3543.525,-835.720,141.485,65.672,0.412059,-0.911156,0.001629,0.910791,0.411944,0.027623,-0.025840,-0.009898,0.999617,0,0.83453,0.87837,50.072,1.757,-1,375.000,-1,375.000,-1,325.000,325.000,325.000,325.000,-1,-1,-1,-1,675.000,675.000,-1,-1,2,0,2,0,2,0,0,0,0,2,2,2,2,0,0,2,2
119,3560.727,-793.843,140.551,67.668,0.380056,-0.924962,0.001809,0.924566,0.379949,0.028568,-0.027112,-0.009185,0.999590,0,0.75453,0.99837,45.272,1.997,-1,375.000,-1,375.000,-1,300.000,300.000,325.000,325.000,-1,-1,-1,-1,675.000,650.000,-1,-1,2,0,2,0,2,0,0,0,0,2,2,2,2,0,0,2,2
120,3574.789,-755.893,139.575,69.668,0.347558,-0.937658,0.001012,0.937246,0.347437,0.029275,-0.027801,-0.009227,0.999571,0,0.67453,1.00000,40.472,2.000,-1,375.000,975.000,375.000,-1,300.000,300.000,325.000,325.000,-1,-1,-1,-1,675.000,650.000,-1,-1,2,0,1,0,2,0,0,0,0,2,2,2,2,0,0,2,2
121,3586.010,-722.032,138.706,71.667,0.314671,-0.949201,0.000082,0.948775,0.314533,0.029910,-0.028417,-0.009334,0.999553,0,0.59453,0.99904,35.672,1.998,-1,375.000,950.000,375.000,-1,300.000,300.000,325.000,325.000,-1,-1,-1,-1,675.000,625.000,-1,-1,2,0,1,0,2,0,0,0,0,2,2,2,2,0,0,2,2
122,3594.694,-692.407,138.124,73.661,0.281444,-0.959577,-0.000331,0.959154,0.281310,0.029799,-0.028501,-0.008704,0.999556,0,0.51453,0.99720,30.872,1.994,-1,375.000,925.000,350.000,-1,300.000,300.000,325.000,325.000,-1,-1,-1,-1,675.000,625.000,-1,-1,2,0,1,0,2,0,0,0,0,2,2,2,2,0,0,2,2
123,3601.156,-667.148,137.632,75.651,0.247949,-0.968773,-0.000728,0.968349,0.247818,0.029784,-0.028673,-0.008090,0.999556,0,0.43453,0.99506,26.072,1.990,-1,375.000,900.000,350.000,-1,300.000,300.000,325.000,325.000,-1,-1,-1,-1,675.000,625.000,-1,950.000,2,0,1,0,2,0,0,0,0,2,2,2,2,0,0,2,1
124,3605.710,-646.370,137.222,77.636,0.214235,-0.976781,-0.001109,0.976353,0.214108,0.029869,-0.028938,-0.007482,0.999553,0,0.35453,0.99270,21.272,1.985,-1,375.000,900.000,350.000,-1,300.000,300.000,325.000,325.000,-1,-1,-1,-1,675.000,625.000,-1,900.000,2,0,1,0,2,0,0,0,0,2,2,2,2,0,0,2,1
125,3608.679,-630.168,136.893,79.617,0.180350,-0.983601,-0.001462,0.983167,0.180226,0.030038,-0.029282,-0.006855,0.999548,0,0.27453,0.99019,16.472,1.980,-1,375.000,925.000,350.000,-1,300.000,300.000,325.000,325.000,-1,-1,-1,-1,675.000,625.000,-1,850.000,2,0,1,0,2,0,0,0,0,2,2,2,2,0,0,2,1
126,3610.386,-618.622,136.553,81.592,0.146326,-0.989235,-0.001480,0.988799,0.146217,0.029959,-0.029420,-0.005848,0.999550,0,0.19453,0.98762,11.672,1.975,-1,375.000,950.000,350.000,950.000,300.000,300.000,325.000,325.000,-1,-1,-1,-1,675.000,625.000,-1,825.000,2,0,1,0,1,0,0,0,0,2,2,2,2,0,0,2,1
127,3611.156,-611.793,136.393,83.562,0.112225,-0.993681,-0.001833,0.993251,0.112122,0.029673,-0.029280,-0.005150,0.999558,0,0.11453,0.98508,6.872,1.970,-1,375.000,975.000,350.000,925.000,300.000,300.000,325.000,300.000,-1,-1,-1,-1,675.000,625.000,-1,800.000,2,0,1,0,1,0,0,0,0,2,2,2,2,0,0,2,1
128,3611.318,-609.728,136.347,85.528,0.078078,-0.996945,-0.002192,0.996518,0.077979,0.029524,-0.029263,-0.004489,0.999562,0,0.03453,0.98263,2.072,1.965,-1,375.000,-1,350.000,875.000,300.000,300.000,325.000,300.000,-1,-1,-1,-1,675.000,625.000,-1,775.000,2,0,2,0,1,0,0,0,0,2,2,2,2,0,0,2,1
129,3611.199,-612.453,136.374,87.488,0.043913,-0.999032,-0.002386,0.998600,0.043824,0.029613,-0.029480,-0.003683,0.999559,0,-0.04547,0.98037,-2.728,1.961,-1,375.000,-1,350.000,850.000,300.000,300.000,325.000,300.000,-1,-1,-1,-1,700.000,625.000,-1,775.000,2,0,2,0,1,0,0,0,0,2,2,2,2,0,0,2,1
130,3611.126,-619.981,136.475,89.445,0.009764,-0.999949,-0.002428,0.999505,0.009687,0.029933,-0.029908,-0.002719,0.999549,0,-0.12547,0.97836,-7.528,1.957,-1,375.000,-1,350.000,825.000,300.000,300.000,325.000,300.000,-1,-1,-1,-1,700.000,625.000,-1,775.000,2,0,2,0,1,0,0,0,0,2,2,2,2,0,0,2,1
131,3611.427,-632.306,136.651,91.398,-0.024342,-0.999701,-0.002331,0.999238,-0.024402,0.030477,-0.030525,-0.001587,0.999533,0,-0.20547,0.97666,-12.328,1.953,-1,375.000,-1,350.000,825.000,300.000,300.000,300.000,300.000,-1,-1,-1,-1,700.000,625.000,-1,750.000,2,0,2,0,1,0,0,0,0,2,2,2,2,0,0,2,1
132,3612.295,-647.143,136.934,93.349,-0.058386,-0.998292,-0.001890,0.997813,-0.058417,0.030934,-0.030991,-0.000079,0.999520,0,-0.24771,0.97533,-14.863,1.951,-1,375.000,-1,350.000,825.000,300.000,300.000,300.000,300.000,-1,-1,-1,-1,725.000,625.000,-1,775.000,2,0,2,0,1,0,0,0,0,2,2,2,2,0,0,2,1
133,3613.680,-662.082,137.149,95.297,-0.092320,-0.995728,-0.001646,0.995259,-0.092327,0.030592,-0.030613,0.001186,0.999531,0,-0.25006,0.97427,-15.003,1.949,-1,375.000,-1,350.000,825.000,300.000,300.000,300.000,300.000,-1,-1,-1,-1,725.000,625.000,-1,775.000,2,0,2,0,1,0,0,0,0,2,2,2,2,0,0,2,1
134,3615.590,-677.105,137.357,97.244,-0.126113,-0.992015,-0.001382,0.991557,-0.126097,0.030226,-0.030159,0.002442,0.999542,0,-0.25239,0.97333,-15.144,1.947,-1,375.000,-1,350.000,825.000,300.000,300.000,300.000,300.000,-1,-1,-1,-1,725.000,625.000,-1,775.000,2,0,2,0,1,0,0,0,0,2,2,2,2,0,0,2,1
135,3618.030,-692.192,137.606,99.189,-0.159729,-0.987160,-0.001180,0.986718,-0.159693,0.029745,-0.029552,0.003587,0.999557,0,-0.25471,0.97250,-15.283,1.945,-1,375.000,-1,350.000,825.000,300.000,300.000,300.000,300.000,-1,-1,-1,-1,750.000,650.000,-1,800.000,2,0,2,0,1,0,0,0,0,2,2,2,2,0,0,2,1
136,3621.008,-707.322,137.898,101.133,-0.193132,-0.981172,-0.001038,0.980750,-0.193080,0.029130,-0.028782,0.004608,0.999575,0,-0.25700,0.97179,-15.420,1.944,-1,400.000,-1,375.000,825.000,325.000,300.000,300.000,300.000,-1,-1,-1,-1,750.000,650.000,-1,800.000,2,0,2,0,1,0,0,0,0,2,2,2,2,0,0,2,1
137,3624.527,-722.475,138.197,103.075,-0.226293,-0.974059,-0.000834,0.973658,-0.226224,0.028514,-0.027963,0.005640,0.999593,0,-0.25927,0.97118,-15.556,1.942,-1,400.000,-1,375.000,825.000,325.000,300.000,300.000,300.000,-1,-1,-1,-1,775.000,650.000,-1,825.000,2,0,2,0,1,0,0,0,0,2,2,2,2,0,0,2,1
