timestep,x_cm,y_cm,z_cm,yaw_deg,basis_xx,basis_xy,basis_xz,basis_yx,basis_yy,basis_yz,basis_zx,basis_zy,basis_zz,teleport_flag,throttle_cmd,steering_cmd,cmd_move_cm,cmd_turn_deg,lidar_cm_0,lidar_cm_1,lidar_cm_2,lidar_cm_3,lidar_cm_4,lidar_cm_5,lidar_cm_6,lidar_cm_7,lidar_cm_8,lidar_cm_9,lidar_cm_10,lidar_cm_11,lidar_cm_12,lidar_cm_13,lidar_cm_14,lidar_cm_15,lidar_cm_16,lidar_class_0,lidar_class_1,lidar_class_2,lidar_class_3,lidar_class_4,lidar_class_5,lidar_class_6,lidar_class_7,lidar_class_8,lidar_class_9,lidar_class_10,lidar_class_11,lidar_class_12,lidar_class_13,lidar_class_14,lidar_class_15,lidar_class_16
0,2955.976,-1637.664,26.251,-152.733,-0.887029,0.456571,0.068712,-0.460410,-0.885849,-0.057391,0.034665,-0.082544,0.995984,1,-0.08000,0.12000,-4.800,0.240,-1,375.000,-1,375.000,-1,325.000,300.000,300.000,300.000,-1,475.000,575.000,-1,700.000,675.000,-1,-1,2,0,2,0,2,0,0,0,0,2,0,0,2,0,0,2,2
1,2964.476,-1633.200,25.902,-152.293,-0.883538,0.463351,0.068313,-0.467152,-0.882304,-0.057523,0.033620,-0.082736,0.996004,0,-0.16000,0.21993,-9.600,0.440,-1,375.000,-1,375.000,-1,325.000,300.000,300.000,300.000,-1,475.000,575.000,-1,700.000,675.000,-1,-1,2,0,2,0,2,0,0,0,0,2,0,0,2,0,0,2,2
2,2977.174,-1626.408,25.396,-151.853,-0.880008,0.470105,0.067735,-0.473854,-0.878710,-0.057721,0.032384,-0.082891,0.996032,0,-0.24000,0.21993,-14.400,0.440,-1,375.000,-1,375.000,-1,300.000,300.000,300.000,300.000,-1,475.000,575.000,-1,700.000,675.000,-1,-1,2,0,2,0,2,0,0,0,0,2,0,0,2,0,0,2,2
3,2994.034,-1617.221,24.738,-151.414,-0.876439,0.476832,0.066978,-0.480517,-0.875066,-0.057984,0.030961,-0.083004,0.996068,0,-0.32000,0.21993,-19.200,0.440,-1,375.000,-1,375.000,-1,300.000,300.000,300.000,300.000,-1,475.000,575.000,-1,700.000,675.000,-1,-1,2,0,2,0,2,0,0,0,0,2,0,0,2,0,0,2,2
4,3013.223,-1606.573,24.000,-150.974,-0.872825,0.483533,0.066119,-0.487144,-0.871374,-0.058285,0.029432,-0.083082,0.996108,0,-0.36576,0.21993,-21.945,0.440,-1,375.000,-1,375.000,-1,300.000,300.000,300.000,300.000,-1,475.000,575.000,-1,700.000,675.000,-1,-1,2,0,2,0,2,0,0,0,0,2,0,0,2,0,0,2,2
5,3032.331,-1595.778,23.276,-150.534,-0.869160,0.490206,0.065264,-0.493743,-0.867632,-0.058586,0.027905,-0.083144,0.996147,0,-0.36576,0.21993,-21.945,0.440,-1,375.000,-1,375.000,-1,300.000,300.000,300.000,300.000,-1,450.000,575.000,-1,700.000,675.000,-1,-1,2,0,2,0,2,0,0,0,0,2,0,0,2,0,0,2,2
6,3051.354,-1584.837,22.564,-150.094,-0.865443,0.496850,0.064410,-0.500313,-0.863840,-0.058889,0.026381,-0.083190,0.996184,0,-0.36576,0.21993,-21.945,0.440,-1,375.000,-1,375.000,-1,300.000,300.000,300.000,300.000,-1,450.000,575.000,-1,700.000,675.000,-1,-1,2,0,2,0,2,0,0,0,0,2,0,0,2,0,0,2,2
7,3070.294,-1573.750,21.864,-149.654,-0.861674,0.503466,0.063559,-0.506853,-0.859998,-0.059193,0.024859,-0.083220,0.996221,0,-0.36576,0.21993,-21.945,0.440,-1,375.000,-1,375.000,-1,300.000,300.000,300.000,300.000,-1,450.000,575.000,-1,700.000,675.000,-1,-1,2,0,2,0,2,0,0,0,0,2,0,0,2,0,0,2,2
8,3089.147,-1562.517,21.151,-149.214,-0.857848,0.510048,0.062838,-0.513370,-0.856099,-0.059545,0.023425,-0.083339,0.996246,0,-0.36576,0.21993,-21.945,0.440,-1,375.000,-1,375.000,-1,300.000,300.000,300.000,300.000,-1,450.000,575.000,-1,700.000,675.000,-1,-1,2,0,2,0,2,0,0,0,0,2,0,0,2,0,0,2,2
9,3103.846,-1553.690,20.685,-149.014,-0.856091,0.513045,0.062395,-0.516319,-0.854338,-0.059340,0.022862,-0.083016,0.996286,0,-0.28576,0.09993,-17.145,0.200,-1,375.000,-1,375.000,-1,300.000,300.000,300.000,300.000,-1,425.000,550.000,-1,700.000,675.000,-1,-1,2,0,2,0,2,0,0,0,0,2,0,0,2,0,0,2,2
10,3114.434,-1547.342,20.368,-149.055,-0.856463,0.512463,0.062072,-0.515706,-0.854724,-0.059108,0.022764,-0.082635,0.996320,0,-0.20576,-0.02007,-12.345,-0.040,-1,375.000,-1,375.000,-1,300.000,300.000,300.000,300.000,-1,425.000,550.000,-1,700.000,675.000,-1,-1,2,0,2,0,2,0,0,0,0,2,0,0,2,0,0,2,2
11,3120.924,-1543.493,20.172,-149.335,-0.858961,0.508291,0.061850,-0.511522,-0.857243,-0.058986,0.023038,-0.082305,0.996341,0,-0.12576,-0.14007,-7.545,-0.280,-1,375.000,-1,375.000,-1,300.000,300.000,300.000,300.000,-1,400.000,525.000,-1,700.000,675.000,-1,-1,2,0,2,0,2,0,0,0,0,2,0,0,2,0,0,2,2
12,3123.297,-1542.114,20.101,-149.855,-0.863533,0.500500,0.061727,-0.503736,-0.861842,-0.058975,0.023682,-0.082021,0.996349,0,-0.04576,-0.26007,-2.745,-0.520,-1,375.000,-1,375.000,-1,300.000,300.000,300.000,300.000,-1,400.000,525.000,-1,700.000,675.000,-1,-1,2,0,2,0,2,0,0,0,0,2,0,0,2,0,0,2,2
13,3121.506,-1543.122,20.164,-150.615,-0.870081,0.489032,0.061703,-0.492291,-0.868424,-0.059077,0.024694,-0.081778,0.996345,0,0.03424,-0.38007,2.055,-0.760,-1,375.000,-1,375.000,-1,300.000,300.000,300.000,300.000,-1,400.000,525.000,-1,700.000,675.000,-1,-1,2,0,2,0,2,0,0,0,0,2,0,0,2,0,0,2,2
14,3115.475,-1546.381,20.370,-151.615,-0.878459,0.473808,0.061779,-0.477107,-0.876843,-0.059300,0.026074,-0.081568,0.996327,0,0.11424,-0.50007,6.855,-1.000,-1,375.000,-1,375.000,-1,300.000,300.000,300.000,300.000,-1,400.000,525.000,-1,700.000,675.000,-1,-1,2,0,2,0,2,0,0,0,0,2,0,0,2,0,0,2,2
15,3105.103,-1551.698,20.812,-152.855,-0.888455,0.454738,0.062139,-0.458097,-0.886928,-0.059209,0.028188,-0.081071,0.996310,0,0.19424,-0.62007,11.655,-1.240,-1,375.000,-1,375.000,-1,300.000,300.000,300.000,300.000,-1,400.000,500.000,-1,700.000,675.000,-1,-1,2,0,2,0,2,0,0,0,0,2,0,0,2,0,0,2,2
16,3090.270,-1558.824,21.491,-154.335,-0.899822,0.431702,0.062877,-0.435149,-0.898431,-0.058881,0.031072,-0.080343,0.996283,0,0.27424,-0.74007,16.455,-1.480,-1,375.000,-1,375.000,-1,300.000,300.000,300.000,300.000,-1,400.000,500.000,-1,700.000,675.000,-1,-1,2,0,2,0,2,0,0,0,0,2,0,0,2,0,0,2,2
17,3070.843,-1567.449,22.412,-156.056,-0.912277,0.404568,0.063846,-0.408120,-0.911051,-0.058520,0.034491,-0.079444,0.996242,0,0.35424,-0.86007,21.255,-1.720,-1,375.000,-1,375.000,-1,300.000,300.000,300.000,300.000,-1,400.000,475.000,-1,700.000,675.000,-1,-1,2,0,2,0,2,0,0,0,0,2,0,0,2,0,0,2,2
18,3046.681,-1577.202,23.605,-158.016,-0.925466,0.373202,0.065055,-0.376875,-0.924437,-0.058153,0.038437,-0.078337,0.996186,0,0.43424,-0.98007,26.055,-1.960,-1,375.000,-1,375.000,-1,300.000,300.000,300.000,300.000,-1,400.000,475.000,-1,700.000,675.000,-1,-1,2,0,2,0,2,0,0,0,0,2,0,0,2,0,0,2,2
19,3017.682,-1587.745,25.089,-160.016,-0.937801,0.340745,0.066502,-0.344549,-0.936986,-0.057817,0.042611,-0.077134,0.996110,0,0.51424,-1.00000,30.855,-2.000,-1,375.000,-1,375.000,-1,300.000,300.000,300.000,300.000,-1,400.000,475.000,-1,700.000,675.000,-1,-1,2,0,2,0,2,0,0,0,0,2,0,0,2,0,0,2,2
20,2983.767,-1598.752,26.887,-162.016,-0.948983,0.307867,0.068188,-0.311812,-0.948401,-0.057529,0.046959,-0.075856,0.996012,0,0.59424,-1.00000,35.655,-2.000,-1,375.000,-1,375.000,-1,300.000,300.000,325.000,300.000,-1,400.000,475.000,-1,700.000,675.000,-1,-1,2,0,2,0,2,0,0,0,0,2,0,0,2,0,0,2,2
21,2944.875,-1609.891,29.022,-164.016,-0.958996,0.274609,0.070117,-0.278704,-0.958666,-0.057303,0.051483,-0.074495,0.995892,0,0.67424,-1.00000,40.455,-2.000,-1,375.000,-1,375.000,-1,325.000,300.000,325.000,300.000,-1,425.000,475.000,-1,700.000,675.000,-1,-1,2,0,2,0,2,0,0,0,0,2,0,0,2,0,0,2,2
22,2903.994,-1620.070,31.348,-166.016,-0.967837,0.241011,0.072149,-0.245256,-0.967771,-0.057171,0.056045,-0.073027,0.995754,0,0.70212,-1.00000,42.127,-2.000,-1,375.000,-1,375.000,-1,325.000,300.000,325.000,300.000,-1,425.000,475.000,-1,725.000,675.000,-1,-1,2,0,2,0,2,0,0,0,0,2,0,0,2,0,0,2,2
23,2858.130,-1630.004,34.027,-167.776,-0.974608,0.211195,0.074407,-0.215598,-0.974811,-0.057103,0.060473,-0.071695,0.995592,0,0.78212,-0.88000,46.927,-1.760,-1,375.000,-1,375.000,-1,325.000,325.000,325.000,300.000,-1,450.000,500.000,-1,725.000,700.000,-1,-1,2,0,2,0,2,0,0,0,0,2,0,0,2,0,0,2,2
24,2807.301,-1639.611,37.064,-169.296,-0.979673,0.185278,0.076891,-0.189849,-0.980152,-0.057085,0.064788,-0.070522,0.995404,0,0.86212,-0.76000,51.727,-1.520,-1,375.000,-1,375.000,-1,325.000,325.000,325.000,300.000,-1,400.000,475.000,-1,725.000,700.000,-1,-1,2,0,2,0,2,0,0,0,0,2,0,0,2,0,0,2,2
25,2755.679,-1648.177,40.208,-170.576,-0.983368,0.163348,0.079403,-0.168085,-0.984117,-0.057116,0.068812,-0.069513,0.995205,0,0.87211,-0.64000,52.327,-1.280,-1,375.000,-1,375.000,-1,325.000,325.000,325.000,300.000,-1,375.000,425.000,-1,725.000,700.000,-1,-1,2,0,2,0,2,0,0,0,0,2,0,0,2,0,0,2,2
26,2703.911,-1655.806,43.410,-171.616,-0.985966,0.145468,0.081912,-0.150366,-0.986976,-0.057172,0.072529,-0.068686,0.994998,0,0.87211,-0.52000,52.327,-1.040,-1,375.000,-1,375.000,-1,325.000,325.000,300.000,300.000,-1,325.000,375.000,-1,725.000,700.000,-1,-1,2,0,2,0,2,0,0,0,0,2,0,0,2,0,0,2,2
27,2652.041,-1662.712,46.777,-172.416,-0.987718,0.131675,0.084117,-0.136751,-0.988922,-0.057721,0.075585,-0.068515,0.994783,0,0.87211,-0.40000,52.327,-0.800,-1,375.000,-1,375.000,-1,325.000,325.000,300.000,300.000,-1,325.000,350.000,-1,725.000,725.000,-1,-1,2,0,2,0,2,0,0,0,0,2,0,0,2,0,0,2,2
28,2600.106,-1669.112,50.581,-172.976,-0.988803,0.121990,0.085952,-0.127338,-0.990059,-0.059732,0.077811,-0.070008,0.994507,0,0.87211,-0.28000,52.327,-0.560,-1,375.000,-1,375.000,-1,325.000,325.000,300.000,300.000,-1,325.000,375.000,-1,725.000,725.000,-1,-1,2,0,2,0,2,0,0,0,0,2,0,0,2,0,0,2,2
29,2548.137,-1675.220,54.899,-173.296,-0.989416,0.116460,0.086564,-0.121860,-0.990736,-0.059941,0.078781,-0.069856,0.994441,0,0.87211,-0.16000,52.327,-0.320,-1,375.000,-1,375.000,-1,325.000,325.000,300.000,300.000,-1,375.000,425.000,-1,725.000,725.000,-1,-1,2,0,2,0,2,0,0,0,0,2,0,0,2,0,0,2,2
30,2496.159,-1681.256,59.252,-173.376,-0.989516,0.115076,0.087268,-0.120530,-0.990894,-0.060016,0.079567,-0.069906,0.994375,0,0.87211,-0.04000,52.327,-0.080,-1,375.000,-1,375.000,-1,325.000,325.000,300.000,300.000,-1,425.000,450.000,-1,725.000,750.000,-1,-1,2,0,2,0,2,0,0,0,0,2,0,0,2,0,0,2,2
31,2444.194,-1687.393,63.595,-173.266,-0.989231,0.116973,0.087974,-0.122486,-0.990649,-0.060097,0.080121,-0.070225,0.994308,0,0.87211,0.05492,52.327,0.110,-1,400.000,-1,375.000,-1,325.000,325.000,300.000,300.000,-1,450.000,500.000,-1,750.000,750.000,-1,-1,2,0,2,0,2,0,0,0,0,2,0,0,2,0,0,2,2
32,2392.240,-1693.628,67.929,-173.156,-0.988942,0.118870,0.088682,-0.124441,-0.990401,-0.060176,0.080678,-0.070546,0.994241,0,0.87211,0.05492,52.327,0.110,-1,400.000,-1,375.000,-1,325.000,325.000,300.000,300.000,-1,500.000,525.000,-1,750.000,750.000,-1,-1,2,0,2,0,2,0,0,0,0,2,0,0,2,0,0,2,2
33,2340.298,-1699.964,72.254,-173.046,-0.988648,0.120765,0.089395,-0.126397,-0.990148,-0.060253,0.081238,-0.070868,0.994172,0,0.87211,0.05492,52.327,0.110,-1,400.000,-1,375.000,-1,325.000,325.000,300.000,300.000,-1,550.000,575.000,-1,750.000,750.000,-1,-1,2,0,2,0,2,0,0,0,0,2,0,0,2,0,0,2,2
34,2288.368,-1706.399,76.570,-172.936,-0.988349,0.122661,0.090111,-0.128353,-0.989892,-0.060329,0.081800,-0.071192,0.994103,0,0.87211,0.05492,52.327,0.110,-1,400.000,-1,375.000,-1,325.000,325.000,300.000,300.000,-1,575.000,600.000,-1,750.000,750.000,-1,-1,2,0,2,0,2,0,0,0,0,2,0,0,2,0,0,2,2
35,2236.451,-1712.933,80.877,-172.826,-0.988046,0.124555,0.090831,-0.130308,-0.989632,-0.060402,0.082365,-0.071516,0.994033,0,0.87211,0.05492,52.327,0.110,-1,400.000,-1,400.000,-1,325.000,325.000,300.000,300.000,-1,600.000,650.000,-1,750.000,775.000,-1,-1,2,0,2,0,2,0,0,0,0,2,0,0,2,0,0,2,2
36,2184.546,-1719.567,85.175,-172.717,-0.987739,0.126450,0.091554,-0.132264,-0.989368,-0.060474,0.082934,-0.071842,0.993962,0,0.87211,0.05492,52.327,0.110,-1,400.000,-1,400.000,-1,325.000,325.000,300.000,300.000,-1,650.000,675.000,-1,750.000,775.000,-1,-1,2,0,2,0,2,0,0,0,0,2,0,0,2,0,0,2,2
37,2130.319,-1726.372,89.671,-172.847,-0.987953,0.124202,0.092317,-0.130074,-0.989654,-0.060552,0.083841,-0.071831,0.993887,0,0.91087,-0.06508,54.652,-0.130,-1,400.000,-1,400.000,-1,325.000,325.000,300.000,300.000,-1,675.000,700.000,-1,750.000,775.000,-1,-1,2,0,2,0,2,0,0,0,0,2,0,0,2,0,0,2,2
38,2076.049,-1732.827,94.190,-173.217,-0.988664,0.117809,0.093088,-0.123733,-0.990461,-0.060641,0.085056,-0.071471,0.993810,0,0.91087,-0.18508,54.652,-0.370,-1,400.000,-1,400.000,-1,325.000,325.000,300.000,300.000,-1,700.000,750.000,-1,750.000,775.000,-1,-1,2,0,2,0,2,0,0,0,0,2,0,0,2,0,0,2,2
39,2021.713,-1738.703,98.749,-173.827,-0.989790,0.107260,0.093866,-0.113229,-0.991710,-0.060747,0.086572,-0.070755,0.993730,0,0.91087,-0.30508,54.652,-0.610,-1,400.000,-1,400.000,-1,325.000,325.000,300.000,300.000,-1,750.000,775.000,-1,750.000,800.000,-1,-1,2,0,2,0,2,0,0,0,0,2,0,0,2,0,0,2,2
40,1967.296,-1743.772,103.393,-174.677,-0.991234,0.092541,0.094293,-0.098535,-0.993261,-0.061023,0.088010,-0.069779,0.993673,0,0.91087,-0.42508,54.652,-0.850,-1,400.000,-1,400.000,-1,325.000,325.000,300.000,300.000,-1,775.000,800.000,-1,750.000,825.000,-1,-1,2,0,2,0,2,0,0,0,0,2,0,0,2,0,0,2,2
41,1912.792,-1747.804,108.202,-175.767,-0.992835,0.073637,0.094110,-0.079548,-0.994982,-0.060680,0.089170,-0.067731,0.993711,0,0.91087,-0.54508,54.652,-1.090,-1,400.000,-1,400.000,-1,325.000,325.000,300.000,300.000,-1,825.000,850.000,-1,750.000,850.000,-1,-1,2,0,2,0,2,0,0,0,0,2,0,0,2,0,0,2,2
42,1858.218,-1750.723,113.149,-176.936,-0.994150,0.053341,0.093917,-0.059138,-0.996441,-0.060062,0.090379,-0.065265,0.993767,0,0.91087,-0.58423,54.652,-1.168,-1,400.000,-1,400.000,-1,325.000,325.000,300.000,300.000,-1,900.000,900.000,-1,750.000,875.000,-1,-1,2,0,2,0,2,0,0,0,0,2,0,0,2,0,0,2,2
43,1803.595,-1752.529,118.161,-178.104,-0.995050,0.033015,0.093727,-0.038695,-0.997481,-0.059442,0.091529,-0.062775,0.993822,0,0.91087,-0.58423,54.652,-1.168,-1,400.000,-1,400.000,-1,325.000,325.000,300.000,300.000,-1,950.000,950.000,-1,750.000,900.000,-1,-1,2,0,2,0,2,0,0,0,0,2,0,0,2,0,0,2,2
44,1748.946,-1753.221,123.232,-179.273,-0.995536,0.012670,0.093532,-0.018229,-0.998102,-0.058817,0.092609,-0.060260,0.993877,0,0.91087,-0.58423,54.652,-1.168,-1,400.000,-1,400.000,-1,325.000,325.000,300.000,300.000,-1,-1,-1,-1,750.000,925.000,-1,-1,2,0,2,0,2,0,0,0,0,2,2,2,2,0,0,2,2
45,1694.295,-1752.799,128.358,-180.441,-0.995606,-0.007687,0.093324,0.002254,-0.998303,-0.058183,0.093613,-0.057717,0.993934,0,0.91087,-0.58423,54.652,-1.168,-1,400.000,-1,400.000,-1,325.000,325.000,300.000,300.000,-1,-1,-1,-1,775.000,975.000,-1,-1,2,0,2,0,2,0,0,0,0,2,2,2,2,0,0,2,2
46,1639.664,-1751.262,133.536,-181.610,-0.995262,-0.028047,0.093094,0.022745,-0.998084,-0.057535,0.094529,-0.055145,0.993994,0,0.91087,-0.58423,54.652,-1.168,-1,400.000,-1,400.000,-1,325.000,325.000,300.000,300.000,-1,-1,-1,-1,775.000,1000.000,-1,-1,2,0,2,0,2,0,0,0,0,2,2,2,2,0,0,2,2
47,1585.076,-1748.612,138.760,-182.778,-0.994504,-0.048401,0.092835,0.043236,-0.997445,-0.056867,0.095351,-0.052540,0.994056,0,0.91087,-0.58423,54.652,-1.168,-1,400.000,-1,400.000,-1,325.000,325.000,300.000,300.000,-1,-1,-1,-1,800.000,-1,-1,-1,2,0,2,0,2,0,0,0,0,2,2,2,2,0,2,2,2
48,1530.553,-1744.849,144.025,-183.947,-0.993333,-0.068740,0.092541,0.063718,-0.996386,-0.056173,0.096068,-0.049902,0.994123,0,0.91087,-0.58423,54.652,-1.168,-1,400.000,-1,425.000,-1,325.000,325.000,300.000,300.000,-1,-1,-1,-1,800.000,-1,-1,-1,2,0,2,0,2,0,0,0,0,2,2,2,2,0,2,2,2
49,1476.119,-1739.975,149.328,-185.115,-0.991750,-0.089056,0.092205,0.084184,-0.994906,-0.055446,0.096674,-0.047227,0.994195,0,0.91087,-0.58423,54.652,-1.168,-1,400.000,-1,425.000,-1,325.000,325.000,300.000,300.000,-1,-1,-1,-1,800.000,-1,-1,-1,2,0,2,0,2,0,0,0,0,2,2,2,2,0,2,2,2
50,1421.795,-1733.992,154.664,-186.283,-0.989754,-0.109339,0.091822,0.104625,-0.993007,-0.054681,0.097159,-0.044514,0.994273,0,0.91087,-0.58423,54.652,-1.168,-1,400.000,-1,425.000,-1,325.000,325.000,300.000,300.000,-1,-1,-1,-1,825.000,-1,-1,-1,2,0,2,0,2,0,0,0,0,2,2,2,2,0,2,2,2
51,1367.604,-1726.903,160.028,-187.452,-0.987349,-0.129581,0.091386,0.125033,-0.990689,-0.053868,0.097515,-0.041760,0.994358,0,0.91087,-0.58423,54.652,-1.168,-1,400.000,-1,450.000,-1,325.000,350.000,300.000,300.000,-1,-1,-1,-1,925.000,-1,-1,-1,2,0,2,0,2,0,0,0,0,2,2,2,2,0,2,2,2
52,1313.570,-1718.711,165.278,-188.620,-0.984615,-0.149770,0.090008,0.145389,-0.987930,-0.053441,0.096925,-0.039533,0.994506,0,0.91087,-0.58423,54.652,-1.168,-1,425.000,-1,450.000,-1,350.000,350.000,300.000,300.000,-1,-1,-1,-1,-1,-1,-1,-1,2,0,2,0,2,0,0,0,0,2,2,2,2,2,2,2,2
53,1259.714,-1709.419,170.294,-189.789,-0.981524,-0.169897,0.088007,0.165689,-0.984745,-0.053153,0.095695,-0.037589,0.994701,0,0.91087,-0.58423,54.652,-1.168,-1,425.000,-1,450.000,-1,350.000,350.000,300.000,300.000,-1,-1,-1,-1,-1,-1,-1,-1,2,0,2,0,2,0,0,0,0,2,2,2,2,2,2,2,2
54,1206.059,-1699.030,174.731,-190.957,-0.978100,-0.189970,0.085037,0.186185,-0.981216,-0.050495,0.093032,-0.033557,0.995097,0,0.91087,-0.58423,54.652,-1.168,-1,425.000,-1,450.000,-1,350.000,350.000,300.000,300.000,-1,-1,-1,-1,-1,-1,-1,-1,2,0,2,0,2,0,0,0,0,2,2,2,2,2,2,2,2
55,1152.626,-1687.549,179.144,-192.126,-0.974264,-0.209966,0.082003,0.206597,-0.977262,-0.047704,0.090155,-0.029535,0.995490,0,0.91087,-0.58423,54.652,-1.168,-1,400.000,-1,450.000,-1,350.000,350.000,300.000,300.000,-1,-1,-1,-1,-1,-1,-1,-1,2,0,2,0,2,0,0,0,0,2,2,2,2,2,2,2,2
56,1099.440,-1674.981,183.526,-193.294,-0.970016,-0.229876,0.078906,0.226914,-0.972885,-0.044775,0.087059,-0.025527,0.995876,0,0.91087,-0.58423,54.652,-1.168,-1,400.000,-1,450.000,-1,350.000,350.000,300.000,300.000,-1,-1,-1,-1,-1,-1,-1,-1,2,0,2,0,2,0,0,0,0,2,2,2,2,2,2,2,2
57,1046.520,-1661.332,187.867,-194.463,-0.965359,-0.249691,0.075745,0.247124,-0.968086,-0.041700,0.083739,-0.021537,0.996255,0,0.91087,-0.58423,54.652,-1.168,-1,400.000,-1,450.000,-1,350.000,350.000,300.000,300.000,-1,-1,-1,-1,-1,-1,-1,-1,2,0,2,0,2,0,0,0,0,2,2,2,2,2,2,2,2
58,993.890,-1646.606,192.158,-195.631,-0.960294,-0.269401,0.072521,0.267218,-0.962868,-0.038473,0.080193,-0.017567,0.996625,0,0.91087,-0.58423,54.652,-1.168,-1,425.000,-1,450.000,-1,350.000,350.000,300.000,275.000,-1,-1,-1,-1,-1,-1,-1,-1,2,0,2,0,2,0,0,0,0,2,2,2,2,2,2,2,2
59,941.571,-1630.811,196.392,-196.800,-0.954823,-0.288997,0.069235,0.287182,-0.957233,-0.035089,0.076415,-0.013620,0.996983,0,0.91087,-0.58423,54.652,-1.168,-1,425.000,-1,450.000,-1,325.000,350.000,300.000,275.000,-1,-1,-1,-1,-1,-1,-1,-1,2,0,2,0,2,0,0,0,0,2,2,2,2,2,2,2,2
60,889.585,-1613.952,200.559,-197.968,-0.948949,-0.308471,0.065891,0.307008,-0.951184,-0.031540,0.072404,-0.009701,0.997328,0,0.91087,-0.58423,54.652,-1.168,-1,450.000,-1,475.000,-1,350.000,350.000,300.000,275.000,-1,-1,-1,-1,-1,-1,-1,-1,2,0,2,0,2,0,0,0,0,2,2,2,2,2,2,2,2
61,837.953,-1596.036,204.654,-199.136,-0.942673,-0.327813,0.062491,0.326683,-0.944725,-0.027820,0.068156,-0.005811,0.997658,0,0.91087,-0.58423,54.652,-1.168,-1,475.000,-1,475.000,-1,350.000,350.000,300.000,275.000,-1,-1,-1,-1,-1,-1,-1,-1,2,0,2,0,2,0,0,0,0,2,2,2,2,2,2,2,2
62,786.698,-1577.072,208.667,-200.305,-0.935999,-0.347015,0.059038,0.346195,-0.937857,-0.023924,0.063671,-0.001954,0.997969,0,0.91087,-0.58423,54.652,-1.168,-1,475.000,-1,475.000,-1,375.000,375.000,300.000,275.000,-1,-1,-1,-1,-1,-1,-1,-1,2,0,2,0,2,0,0,0,0,2,2,2,2,2,2,2,2
63,735.840,-1557.066,212.285,-201.473,-0.928901,-0.366069,0.056003,0.365446,-0.930588,-0.021356,0.059933,0.000629,0.998202,0,0.91087,-0.58423,54.652,-1.168,-1,500.000,-1,500.000,-1,375.000,375.000,300.000,275.000,-1,-1,-1,-1,-1,-1,-1,-1,2,0,2,0,2,0,0,0,0,2,2,2,2,2,2,2,2
64,685.401,-1536.026,214.786,-202.642,-0.921649,-0.384969,0.048594,0.384376,-0.922929,-0.021381,0.053080,-0.001028,0.998590,0,0.91087,-0.58423,54.652,-1.168,-1,500.000,-1,500.000,-1,375.000,375.000,275.000,275.000,-1,-1,-1,-1,-1,-1,-1,-1,2,0,2,0,2,0,0,0,0,2,2,2,2,2,2,2,2
65,635.401,-1513.963,217.020,-203.810,-0.914000,-0.403707,0.040310,0.403148,-0.914882,-0.021500,0.045559,-0.003400,0.998956,0,0.91087,-0.58423,54.652,-1.168,-1,500.000,-1,475.000,-1,375.000,375.000,275.000,300.000,-1,-1,-1,-1,-1,-1,-1,-1,2,0,2,0,2,0,0,0,0,2,2,2,2,2,2,2,2
66,585.861,-1490.885,219.035,-204.979,-0.905908,-0.422274,0.031854,0.421777,-0.906449,-0.021311,0.037873,-0.005870,0.999265,0,0.91087,-0.58423,54.652,-1.168,-1,475.000,-1,475.000,-1,375.000,375.000,250.000,300.000,-1,-1,-1,-1,-1,-1,-1,-1,2,0,2,0,2,0,0,0,0,2,2,2,2,2,2,2,2
67,536.802,-1466.801,220.464,-206.147,-0.897308,-0.440669,0.025475,0.440274,-0.897646,-0.019757,0.031574,-0.006512,0.999480,0,0.91087,-0.58423,54.652,-1.168,-1,475.000,-1,475.000,-1,375.000,375.000,275.000,300.000,-1,-1,-1,-1,-1,-1,-1,-1,2,0,2,0,2,0,0,0,0,2,2,2,2,2,2,2,2
68,492.487,-1443.968,221.473,-207.260,-0.888729,-0.458016,0.019536,0.457739,-0.888922,-0.017133,0.025213,-0.006284,0.999662,0,0.83087,-0.55628,49.852,-1.113,-1,475.000,-1,475.000,-1,375.000,375.000,275.000,300.000,-1,-1,-1,-1,-1,-1,-1,-1,2,0,2,0,2,0,0,0,0,2,2,2,2,2,2,2,2
69,450.533,-1421.309,221.983,-208.372,-0.879775,-0.475194,0.013656,0.475048,-0.879869,-0.012649,0.018026,-0.004642,0.999827,0,0.79471,-0.55628,47.683,-1.113,-1,475.000,-1,450.000,-1,375.000,375.000,275.000,300.000,-1,-1,-1,-1,-1,-1,-1,-1,2,0,2,0,2,0,0,0,0,2,2,2,2,2,2,2,2
70,409.026,-1397.840,222.432,-209.485,-0.870450,-0.492192,0.008000,0.492135,-0.870481,-0.008049,0.010925,-0.003069,0.999936,0,0.79471,-0.55628,47.683,-1.113,-1,450.000,-1,450.000,-1,375.000,350.000,275.000,300.000,-1,-1,-1,-1,-1,975.000,-1,-1,2,0,2,0,2,0,0,0,0,2,2,2,2,2,0,2,2
71,367.983,-1373.570,222.814,-210.597,-0.860761,-0.509003,0.002577,0.508994,-0.860764,-0.003346,0.003921,-0.001569,0.999991,0,0.79471,-0.55628,47.683,-1.113,-1,450.000,-1,425.000,-1,350.000,350.000,300.000,300.000,-1,-1,-1,-1,-1,925.000,-1,-1,2,0,2,0,2,0,0,0,0,2,2,2,2,2,0,2,2
72,327.252,-1348.401,223.154,-211.713,-0.850691,-0.525659,-0.002612,0.525657,-0.850695,0.001343,-0.002928,-0.000231,0.999996,0,0.79800,-0.55758,47.880,-1.115,-1,450.000,-1,425.000,-1,350.000,350.000,300.000,275.000,-1,-1,-1,-1,-1,875.000,-1,-1,2,0,2,0,2,0,0,0,0,2,2,2,2,2,0,2,2
73,286.740,-1322.261,223.464,-212.832,-0.840231,-0.542176,-0.007569,0.542144,-0.840265,0.005938,-0.009580,0.000885,0.999954,0,0.80355,-0.55964,48.213,-1.119,-1,450.000,-1,400.000,-1,350.000,350.000,300.000,275.000,-1,-1,-1,-1,-1,825.000,-1,-1,2,0,2,0,2,0,0,0,0,2,2,2,2,2,0,2,2
74,246.466,-1295.142,223.722,-213.955,-0.829385,-0.558542,-0.012304,0.558446,-0.829474,0.010500,-0.016071,0.001837,0.999869,0,0.80922,-0.56158,48.553,-1.123,-1,450.000,-1,400.000,-1,350.000,325.000,300.000,275.000,-1,-1,-1,-1,-1,800.000,-1,-1,2,0,2,0,2,0,0,0,0,2,2,2,2,2,0,2,2
75,206.450,-1267.037,223.615,-215.082,-0.818161,-0.574746,-0.016716,0.574591,-0.818331,0.013412,-0.021388,0.001368,0.999770,0,0.81499,-0.56340,48.900,-1.127,-1,450.000,-1,400.000,-1,350.000,325.000,300.000,275.000,-1,-1,-1,-1,-1,750.000,-1,-1,2,0,2,0,2,0,0,0,0,2,2,2,2,2,0,2,2
76,166.710,-1237.940,222.770,-216.212,-0.806568,-0.590774,-0.020819,0.590640,-0.806834,0.012734,-0.024321,-0.002026,0.999702,0,0.82088,-0.56509,49.253,-1.130,-1,450.000,-1,400.000,-1,350.000,325.000,300.000,275.000,-1,-1,-1,-1,1000.000,750.000,-1,-1,2,0,2,0,2,0,0,0,0,2,2,2,2,0,0,2,2
77,127.268,-1207.844,221.793,-217.345,-0.794612,-0.606607,-0.024893,0.606525,-0.794980,0.011609,-0.026832,-0.005874,0.999623,0,0.82687,-0.56665,49.612,-1.133,-1,450.000,-1,400.000,-1,350.000,325.000,300.000,275.000,-1,-1,-1,-1,975.000,750.000,-1,-1,2,0,2,0,2,0,0,0,0,2,2,2,2,0,0,2,2
78,88.144,-1176.745,220.686,-218.481,-0.782286,-0.622230,-0.029318,0.622227,-0.782769,0.010326,-0.029374,-0.010165,0.999517,0,0.83298,-0.56807,49.979,-1.136,-1,450.000,-1,375.000,-1,350.000,325.000,300.000,275.000,-1,-1,-1,-1,925.000,725.000,-1,-1,2,0,2,0,2,0,0,0,0,2,2,2,2,0,1,2,2
79,49.358,-1144.637,219.200,-219.620,-0.769538,-0.637615,-0.035472,0.637754,-0.770191,0.008714,-0.032876,-0.015917,0.999333,0,0.83919,-0.56935,50.351,-1.139,-1,425.000,-1,375.000,-1,325.000,325.000,300.000,300.000,-1,-1,-1,-1,875.000,700.000,-1,975.000,2,0,2,0,2,0,0,0,0,2,2,2,2,0,1,2,1
80,10.932,-1111.516,217.712,-220.761,-0.756437,-0.652755,-0.041399,0.653071,-0.757262,0.007243,-0.036078,-0.021558,0.999116,0,0.84550,-0.57047,50.730,-1.141,-1,425.000,-1,375.000,-1,325.000,325.000,300.000,300.000,-1,-1,-1,-1,825.000,675.000,-1,925.000,2,0,2,0,2,0,0,0,0,2,2,2,2,0,1,2,1
81,-27.114,-1077.379,216.222,-221.904,-0.742994,-0.667640,-0.047086,0.668163,-0.743992,0.005896,-0.038968,-0.027081,0.998873,0,0.85192,-0.57145,51.115,-1.143,-1,400.000,-1,375.000,-1,325.000,300.000,300.000,300.000,-1,-1,-1,-1,800.000,650.000,-1,875.000,2,0,2,0,2,0,0,0,0,2,2,2,2,0,1,2,1
82,-64.755,-1042.221,214.729,-223.049,-0.729223,-0.682258,-0.052521,0.683015,-0.730390,0.004655,-0.041537,-0.032478,0.998609,0,0.85844,-0.57227,51.506,-1.145,-1,400.000,-1,375.000,-1,325.000,300.000,300.000,300.000,-1,-1,-1,-1,750.000,625.000,-1,825.000,2,0,2,0,2,0,0,0,0,2,2,2,2,0,1,2,1
83,-101.971,-1006.040,212.837,-224.194,-0.715297,-0.696653,-0.054998,0.697552,-0.716524,0.003843,-0.042085,-0.035615,0.998479,0,0.86506,-0.57292,51.904,-1.146,-1,400.000,-1,375.000,-1,300.000,300.000,300.000,325.000,-1,-1,-1,-1,725.000,600.000,-1,775.000,2,0,2,0,2,0,0,0,0,2,2,2,2,0,1,2,1
84,-138.737,-968.835,211.122,-225.341,-0.701210,-0.710818,-0.055162,0.711773,-0.702402,0.003207,-0.041026,-0.037014,0.998472,0,0.87178,-0.57340,52.307,-1.147,-1,400.000,-1,375.000,-1,300.000,300.000,300.000,325.000,-1,-1,-1,-1,725.000,575.000,-1,750.000,2,0,2,0,2,0,0,0,0,2,2,2,2,0,1,2,1
85,-175.032,-930.603,209.457,-226.489,-0.686857,-0.724706,-0.055042,0.725712,-0.687994,0.002427,-0.039627,-0.038277,0.998481,0,0.87860,-0.57370,52.716,-1.147,-1,375.000,950.000,375.000,-1,300.000,300.000,325.000,325.000,-1,-1,-1,-1,725.000,550.000,-1,725.000,2,0,1,1,2,0,0,0,0,2,2,2,2,0,1,2,1
86,-210.834,-891.346,207.877,-227.636,-0.672238,-0.738304,-0.054803,0.739360,-0.673309,0.001471,-0.037986,-0.039531,0.998496,0,0.88551,-0.57381,53.131,-1.148,-1,375.000,850.000,350.000,-1,300.000,300.000,325.000,325.000,-1,-1,-1,-1,700.000,525.000,-1,675.000,2,0,1,1,2,0,0,0,0,2,2,2,2,0,1,2,1
87,-246.119,-851.064,206.390,-228.784,-0.657364,-0.751601,-0.054490,0.752707,-0.658355,0.000327,-0.036119,-0.040800,0.998514,0,0.89251,-0.57372,53.551,-1.147,-1,375.000,775.000,350.000,-1,300.000,300.000,325.000,325.000,-1,-1,-1,-1,700.000,500.000,-1,650.000,2,0,1,1,2,0,0,0,0,2,2,2,2,1,1,2,1
88,-280.865,-809.759,204.985,-229.931,-0.642249,-0.764588,-0.054058,0.765742,-0.643147,-0.001012,-0.033993,-0.042045,0.998537,0,0.89960,-0.57343,53.976,-1.147,-1,375.000,725.000,325.000,-1,300.000,300.000,325.000,325.000,-1,-1,-1,-1,650.000,475.000,-1,600.000,2,0,1,1,2,0,1,0,0,2,2,2,2,1,1,2,1
89,-315.048,-767.431,203.660,-231.076,-0.626904,-0.777256,-0.053519,0.778454,-0.627696,-0.002542,-0.031617,-0.043256,0.998564,0,0.90678,-0.57293,54.407,-1.146,-1,375.000,675.000,325.000,-1,300.000,275.000,350.000,325.000,-1,-1,-1,-1,600.000,450.000,-1,575.000,2,0,1,1,2,0,1,0,0,2,2,2,2,1,1,2,1
90,-348.646,-724.086,201.912,-232.221,-0.611369,-0.789551,-0.053265,0.790851,-0.611981,-0.005851,-0.027977,-0.045702,0.998563,0,0.91403,-0.57219,54.842,-1.144,-1,375.000,625.000,300.000,-1,300.000,275.000,350.000,325.000,-1,-1,-1,-1,525.000,425.000,-1,525.000,2,1,1,1,2,1,1,0,0,2,2,2,2,1,1,2,1
91,-381.636,-679.727,200.505,-233.363,-0.595657,-0.801469,-0.053288,0.802899,-0.596024,-0.010460,-0.023377,-0.049016,0.998524,0,0.92136,-0.57120,55.282,-1.142,-1,350.000,575.000,300.000,-1,275.000,250.000,350.000,325.000,-1,-1,-1,-1,475.000,400.000,-1,500.000,2,1,1,1,2,1,1,0,0,2,2,2,2,1,1,2,1
92,-413.996,-634.360,199.582,-234.503,-0.579799,-0.812985,-0.053733,0.814568,-0.579831,-0.016589,-0.017669,-0.053387,0.998418,0,0.92876,-0.56996,55.726,-1.140,-1,325.000,525.000,275.000,-1,250.000,250.000,350.000,325.000,-1,400.000,650.000,-1,425.000,400.000,-1,475.000,2,1,1,1,2,1,1,0,0,2,0,0,2,1,1,2,1
93,-445.702,-587.990,199.143,-235.640,-0.563830,-0.824079,-0.054684,0.825819,-0.563416,-0.024192,-0.010874,-0.058800,0.998211,0,0.93622,-0.56842,56.173,-1.137,-1,275.000,475.000,275.000,-1,225.000,225.000,325.000,350.000,-1,275.000,450.000,-1,375.000,375.000,-1,450.000,2,1,1,1,2,1,1,0,0,2,0,0,2,1,1,2,1
94,-476.733,-540.624,199.411,-236.773,-0.547750,-0.834775,-0.055862,0.836633,-0.546822,-0.032102,-0.003749,-0.064319,0.997922,0,0.94375,-0.56658,56.625,-1.133,-1,250.000,450.000,250.000,-1,225.000,225.000,325.000,375.000,-1,225.000,350.000,-1,325.000,350.000,-1,450.000,2,1,1,1,2,1,1,0,0,2,0,0,2,1,1,2,1
95,-507.066,-492.272,200.348,-237.902,-0.531592,-0.845058,-0.057331,0.846992,-0.530065,-0.040437,0.003783,-0.070055,0.997536,0,0.95131,-0.56440,57.079,-1.129,-1,225.000,400.000,225.000,-1,200.000,200.000,325.000,375.000,-1,200.000,325.000,-1,300.000,325.000,525.000,425.000,2,1,1,1,2,1,1,0,0,2,0,0,2,1,1,1,1
96,-538.154,-440.953,203.939,-238.791,-0.519205,-0.853235,-0.049152,0.854435,-0.516927,-0.052226,0.019153,-0.069113,0.997425,0,1.00000,-0.44440,60.000,-0.889,-1,200.000,375.000,225.000,-1,175.000,200.000,325.000,400.000,-1,150.000,225.000,-1,275.000,325.000,-1,425.000,2,1,1,1,2,1,1,0,0,2,0,0,2,1,1,2,1
97,-568.652,-389.279,210.947,-239.440,-0.510181,-0.859636,-0.027207,0.858901,-0.507588,-0.068150,0.044775,-0.058137,0.997304,0,1.00000,-0.32440,60.000,-0.649,-1,200.000,375.000,225.000,-1,175.000,200.000,375.000,400.000,-1,125.000,125.000,-1,275.000,325.000,-1,600.000,2,1,1,1,2,1,1,0,0,2,0,0,2,1,1,2,1
98,-598.784,-337.390,218.437,-239.848,-0.504061,-0.863640,-0.006938,0.860742,-0.501676,-0.086278,0.071032,-0.049461,0.996247,0,1.00000,-0.20440,60.000,-0.409,-1,200.000,375.000,225.000,-1,175.000,200.000,425.000,425.000,-1,100.000,75.000,-1,350.000,325.000,-1,-1,2,1,1,1,2,1,1,0,0,2,0,0,2,1,1,2,2
99,4919.483,4919.491,-53.353,125.049,-0.575563,-0.817746,-0.004419,0.815582,-0.573629,-0.076001,0.059614,-0.047348,0.997098,1,0.00000,0.00000,60.000,-0.287,400.000,375.000,-1,350.000,-1,300.000,300.000,300.000,300.000,-1,300.000,325.000,-1,550.000,625.000,450.000,-1,1,0,2,0,2,0,0,0,0,2,0,0,2,1,0,1,2
100,4916.710,4923.409,-53.097,125.289,-0.578982,-0.815330,-0.004092,0.813142,-0.577045,-0.076277,0.059829,-0.047490,0.997078,0,0.08000,0.12000,4.800,0.240,400.000,375.000,1000.000,350.000,-1,300.000,300.000,300.000,300.000,-1,300.000,325.000,-1,550.000,625.000,450.000,-1,1,0,1,0,2,0,0,0,0,2,0,0,2,1,0,1,2
101,4911.099,4931.198,-52.590,125.769,-0.585789,-0.810456,-0.003432,0.808221,-0.583848,-0.076816,0.060252,-0.047772,0.997039,0,0.16000,0.24000,9.600,0.480,400.000,375.000,975.000,350.000,-1,300.000,300.000,300.000,300.000,-1,275.000,325.000,-1,550.000,625.000,450.000,-1,1,0,1,0,2,0,0,0,0,2,0,0,2,1,0,1,2
102,4902.535,4942.775,-51.778,126.489,-0.595932,-0.803031,-0.002503,0.800712,-0.593968,-0.077866,0.061042,-0.048407,0.996961,0,0.24000,0.36000,14.400,0.720,375.000,375.000,950.000,350.000,-1,300.000,300.000,300.000,300.000,-1,275.000,325.000,-1,525.000,625.000,425.000,-1,1,0,1,0,2,0,0,0,0,2,0,0,2,1,0,1,2
103,4890.861,4958.018,-50.710,127.449,-0.609306,-0.792934,-0.001236,0.790502,-0.607313,-0.079229,0.062072,-0.049252,0.996856,0,0.32000,0.48000,19.200,0.960,375.000,375.000,900.000,350.000,-1,300.000,300.000,300.000,300.000,-1,275.000,300.000,-1,500.000,625.000,425.000,-1,1,0,1,0,2,0,0,0,0,2,0,0,2,1,0,1,2
104,4875.896,4976.782,-49.391,128.573,-0.624742,-0.780831,0.000395,0.778255,-0.622722,-0.080841,0.063369,-0.050198,0.996727,0,0.40000,0.56203,24.000,1.124,350.000,375.000,875.000,350.000,-1,300.000,300.000,300.000,300.000,-1,250.000,300.000,-1,475.000,650.000,400.000,-1,1,0,1,0,2,0,0,0,0,2,0,0,2,1,0,1,2
105,4857.498,4998.939,-47.811,129.703,-0.640015,-0.768359,0.002403,0.765605,-0.637979,-0.082651,0.065039,-0.051058,0.996576,0,0.48000,0.56527,28.800,1.131,325.000,375.000,825.000,350.000,-1,300.000,300.000,300.000,275.000,-1,250.000,275.000,-1,475.000,650.000,375.000,-1,1,0,1,0,2,0,0,0,0,2,0,0,2,1,0,1,2
106,4835.523,5024.356,-45.561,130.844,-0.655244,-0.755412,0.002822,0.752544,-0.653072,-0.084707,0.065831,-0.053380,0.996402,0,0.56000,0.57043,33.600,1.141,300.000,375.000,775.000,375.000,-1,300.000,300.000,300.000,275.000,-1,250.000,300.000,-1,450.000,650.000,325.000,-1,1,1,1,0,2,0,0,0,0,2,0,0,2,1,0,1,2
107,4809.827,5052.892,-42.828,131.999,-0.670435,-0.741964,0.002480,0.739004,-0.668052,-0.087057,0.066250,-0.056533,0.996200,0,0.64000,0.57758,38.400,1.155,275.000,350.000,700.000,375.000,-1,300.000,300.000,300.000,300.000,-1,275.000,325.000,-1,400.000,650.000,300.000,-1,1,1,1,0,2,0,0,0,0,2,0,0,2,1,0,1,2
108,4780.268,5084.396,-39.815,133.173,-0.685590,-0.727985,0.002277,0.724913,-0.682978,-0.089680,0.066841,-0.059834,0.995968,0,0.72000,0.58682,43.200,1.174,250.000,325.000,650.000,375.000,-1,300.000,300.000,300.000,300.000,-1,300.000,350.000,-1,375.000,650.000,275.000,-1,1,1,1,0,2,0,0,0,0,2,0,0,2,1,0,1,2
109,4746.701,5118.707,-36.539,134.370,-0.700741,-0.713412,0.002231,0.710206,-0.697881,-0.092573,0.067599,-0.063285,0.995703,0,0.80000,0.59825,48.000,1.197,200.000,300.000,575.000,375.000,-1,300.000,300.000,300.000,300.000,-1,325.000,400.000,-1,350.000,675.000,225.000,-1,1,1,1,0,2,0,0,0,0,2,0,0,2,1,0,1,2
110,4708.980,5155.652,-33.018,135.594,-0.715922,-0.698176,0.002363,0.694810,-0.712794,-0.095728,0.068519,-0.066892,0.995405,0,0.88000,0.61205,52.800,1.224,150.000,250.000,525.000,375.000,-1,275.000,300.000,300.000,300.000,-1,350.000,425.000,-1,300.000,650.000,175.000,950.000,1,1,1,0,2,1,0,0,0,2,0,0,2,1,1,1,1
111,4669.767,5192.419,-26.622,136.850,-0.730460,-0.682727,0.017675,0.678378,-0.728312,-0.096772,0.078942,-0.058697,0.995150,0,0.89587,0.62837,53.752,1.257,125.000,250.000,475.000,400.000,-1,250.000,325.000,325.000,300.000,-1,325.000,375.000,-1,275.000,575.000,150.000,850.000,1,1,1,0,2,1,0,1,0,2,0,0,2,1,1,1,1
112,4629.744,5228.293,-15.624,138.142,-0.742893,-0.666964,0.057174,0.661172,-0.744428,-0.093164,0.104699,-0.031409,0.994008,0,0.89569,0.64559,53.742,1.291,125.000,225.000,450.000,425.000,-1,250.000,325.000,325.000,275.000,-1,275.000,250.000,925.000,275.000,550.000,150.000,775.000,1,1,1,1,2,1,1,1,0,2,0,0,0,1,1,1,1
113,4588.934,5263.186,-4.568,139.468,-0.753804,-0.649868,0.097221,0.643942,-0.760039,-0.087631,0.130840,-0.003452,0.991398,0,0.89476,0.66328,53.685,1.327,125.000,225.000,450.000,400.000,-1,225.000,300.000,325.000,250.000,-1,250.000,150.000,550.000,250.000,500.000,125.000,725.000,1,1,1,1,2,1,1,1,0,2,0,0,0,1,1,1,1
114,4544.475,5299.638,7.338,140.634,-0.760401,-0.634028,0.140707,0.629565,-0.772813,-0.080053,0.159496,0.027712,0.986810,0,0.95803,0.58296,57.482,1.166,125.000,225.000,425.000,375.000,-1,225.000,275.000,325.000,250.000,-1,225.000,75.000,350.000,250.000,475.000,125.000,650.000,1,1,1,1,2,1,1,1,0,2,0,0,0,1,1,1,1
115,4499.071,5335.280,19.539,141.833,-0.765168,-0.616833,0.184489,0.615808,-0.784793,-0.069864,0.187879,0.060152,0.980348,0,0.96183,0.59966,57.710,1.199,125.000,200.000,400.000,325.000,-1,200.000,250.000,325.000,225.000,-1,175.000,25.000,250.000,250.000,425.000,125.000,600.000,1,1,1,1,2,1,1,1,0,2,0,0,0,1,1,1,1
116,-8855.117,-1639.838,-89.442,103.229,-0.227536,-0.971152,0.071348,0.973586,-0.228306,-0.002719,0.018930,0.068844,0.997448,1,0.00000,0.00000,57.890,1.234,-1,400.000,-1,400.000,-1,325.000,325.000,300.000,300.000,-1,750.000,625.000,-1,775.000,775.000,-1,-1,2,0,2,0,2,0,0,0,0,2,0,0,2,0,0,2,2
117,-8856.235,-1635.170,-89.358,103.469,-0.231589,-0.970186,0.071449,0.972623,-0.232371,-0.002725,0.019247,0.068861,0.997441,0,0.08000,0.12000,4.800,0.240,-1,400.000,-1,400.000,-1,325.000,325.000,300.000,300.000,-1,750.000,625.000,-1,775.000,775.000,-1,-1,2,0,2,0,2,0,0,0,0,2,0,0,2,0,0,2,2
118,-8858.549,-1625.853,-89.185,103.949,-0.239683,-0.968204,0.071653,0.970648,-0.240490,-0.002735,0.019880,0.068894,0.997426,0,0.16000,0.24000,9.600,0.480,-1,400.000,-1,400.000,-1,325.000,325.000,300.000,300.000,-1,750.000,625.000,-1,775.000,775.000,-1,-1,2,0,2,0,2,0,0,0,0,2,0,0,2,0,0,2,2
119,-8862.196,-1611.923,-88.913,104.669,-0.251792,-0.965102,0.071962,0.967557,-0.252637,-0.002745,0.020829,0.068936,0.997404,0,0.24000,0.36000,14.400,0.720,-1,400.000,-1,400.000,-1,325.000,325.000,300.000,300.000,-1,750.000,625.000,-1,775.000,775.000,-1,-1,2,0,2,0,2,0,0,0,0,2,0,0,2,0,0,2,2
120,-8867.369,-1593.433,-88.530,105.629,-0.267875,-0.960731,0.072379,0.963200,-0.268771,-0.002746,0.022091,0.068980,0.997373,0,0.32000,0.48000,19.200,0.960,-1,400.000,-1,400.000,-1,325.000,325.000,300.000,300.000,-1,750.000,625.000,-1,775.000,775.000,-1,-1,2,0,2,0,2,0,0,0,0,2,0,0,2,0,0,2,2
121,-8874.292,-1570.454,-88.018,106.767,-0.286833,-0.955203,0.072901,0.957690,-0.287788,-0.002727,0.023585,0.069035,0.997335,0,0.40000,0.56871,24.000,1.137,-1,400.000,-1,400.000,-1,325.000,325.000,300.000,300.000,-1,750.000,650.000,-1,775.000,775.000,-1,-1,2,0,2,0,2,0,0,0,0,2,0,0,2,0,0,2,2
122,-8883.148,-1543.050,-87.363,107.907,-0.305714,-0.949281,0.073512,0.951793,-0.306730,-0.002675,0.025088,0.069151,0.997291,0,0.48000,0.56994,28.800,1.140,-1,400.000,-1,400.000,-1,325.000,325.000,300.000,300.000,-1,750.000,650.000,-1,775.000,775.000,-1,-1,2,0,2,0,2,0,0,0,0,2,0,0,2,0,0,2,2
123,-8894.115,-1511.291,-86.550,109.050,-0.324526,-0.942961,0.074208,0.945503,-0.325603,-0.002577,0.026592,0.069328,0.997239,0,0.56000,0.57156,33.600,1.143,-1,400.000,-1,400.000,-1,325.000,325.000,300.000,300.000,-1,750.000,675.000,-1,775.000,775.000,-1,-1,2,0,2,0,2,0,0,0,0,2,0,0,2,0,0,2,2
124,-8907.372,-1475.253,-85.561,110.197,-0.343273,-0.936238,0.074983,0.938816,-0.344412,-0.002414,0.028085,0.069566,0.997182,0,0.64000,0.57361,38.400,1.147,-1,400.000,-1,400.000,-1,325.000,325.000,300.000,300.000,-1,775.000,700.000,-1,800.000,775.000,-1,-1,2,0,2,0,2,0,0,0,0,2,0,0,2,0,0,2,2
125,-8923.100,-1435.018,-84.378,111.349,-0.361965,-0.929103,0.075826,0.931723,-0.363163,-0.002168,0.029552,0.069864,0.997119,0,0.72000,0.57617,43.200,1.152,-1,400.000,-1,400.000,-1,325.000,325.000,300.000,300.000,-1,800.000,725.000,-1,800.000,775.000,-1,-1,2,0,2,0,2,0,0,0,0,2,0,0,2,0,0,2,2
126,-8939.256,-1396.474,-83.081,112.742,-0.384390,-0.920013,0.076287,0.922649,-0.385636,-0.001744,0.031023,0.069716,0.997084,0,0.69656,0.69617,41.793,1.392,-1,400.000,-1,400.000,-1,325.000,325.000,300.000,300.000,-1,825.000,775.000,-1,800.000,775.000,-1,-1,2,0,2,0,2,0,0,0,0,2,0,0,2,0,0,2,2
127,-8956.517,-1358.376,-81.672,114.374,-0.410392,-0.908680,0.076673,0.911319,-0.411699,-0.001363,0.032804,0.069314,0.997055,0,0.69712,0.81617,41.827,1.632,-1,400.000,-1,400.000,-1,325.000,325.000,300.000,300.000,-1,850.000,800.000,-1,825.000,775.000,-1,-1,2,0,2,0,2,0,0,0,0,2,0,0,2,0,0,2,2
128,-8975.036,-1320.817,-80.131,116.246,-0.439804,-0.894788,0.076988,0.897413,-0.441190,-0.001107,0.034957,0.068604,0.997031,0,0.69796,0.93617,41.878,1.872,-1,400.000,-1,400.000,-1,325.000,325.000,300.000,300.000,-1,875.000,850.000,-1,825.000,775.000,-1,-1,2,0,2,0,2,0,0,0,0,2,0,0,2,0,0,2,2
129,-8994.870,-1283.854,-78.500,118.218,-0.470271,-0.879127,0.077335,0.881739,-0.471737,-0.000779,0.037166,0.067823,0.997005,0,0.69914,0.98577,41.949,1.972,-1,400.000,-1,400.000,-1,325.000,325.000,300.000,300.000,-1,925.000,875.000,-1,825.000,800.000,-1,-1,2,0,2,0,2,0,0,0,0,2,0,0,2,0,0,2,2
130,-9016.016,-1247.517,-76.782,120.198,-0.500311,-0.862351,0.077712,0.864953,-0.501853,-0.000369,0.039318,0.067033,0.996976,0,0.70073,0.98988,42.044,1.980,-1,400.000,-1,400.000,-1,325.000,325.000,300.000,300.000,-1,950.000,925.000,-1,850.000,800.000,-1,-1,2,0,2,0,2,0,0,0,0,2,0,0,2,0,0,2,2
131,-9038.475,-1211.833,-75.000,122.186,-0.529884,-0.844468,0.078074,0.847055,-0.531506,0.000012,0.041486,0.066139,0.996948,0,0.70273,0.99427,42.164,1.989,-1,400.000,-1,400.000,-1,325.000,325.000,300.000,300.000,-1,975.000,950.000,-1,850.000,800.000,-1,-1,2,0,2,0,2,0,0,0,0,2,0,0,2,0,0,2,2
132,-9062.246,-1176.834,-73.169,124.184,-0.558955,-0.825483,0.078404,0.828045,-0.560661,0.000297,0.043713,0.065088,0.996922,0,0.70516,0.99892,42.310,1.998,-1,400.000,-1,400.000,-1,325.000,325.000,300.000,300.000,-1,-1,975.000,-1,850.000,800.000,-1,-1,2,0,2,0,2,0,0,0,0,2,2,0,2,0,0,2,2
133,-9087.245,-1142.656,-71.260,126.184,-0.587381,-0.805469,0.078764,0.808009,-0.589169,0.000663,0.045872,0.064032,0.996893,0,0.70576,1.00000,42.346,2.000,-1,425.000,-1,400.000,-1,325.000,325.000,325.000,300.000,-1,-1,1000.000,-1,875.000,800.000,-1,-1,2,0,2,0,2,0,0,0,0,2,2,0,2,0,0,2,2
134,-9113.421,-1109.371,-69.432,128.184,-0.615161,-0.784501,0.078329,0.786972,-0.616987,0.001119,0.047450,0.062331,0.996927,0,0.70576,1.00000,42.346,2.000,-1,425.000,-1,400.000,-1,325.000,325.000,325.000,300.000,-1,-1,-1,-1,875.000,825.000,-1,-1,2,0,2,0,2,0,0,0,0,2,2,2,2,0,0,2,2
