timestep,x_cm,y_cm,z_cm,yaw_deg,basis_xx,basis_xy,basis_xz,basis_yx,basis_yy,basis_yz,basis_zx,basis_zy,basis_zz,teleport_flag,throttle_cmd,steering_cmd,cmd_move_cm,cmd_turn_deg,lidar_cm_0,lidar_cm_1,lidar_cm_2,lidar_cm_3,lidar_cm_4,lidar_cm_5,lidar_cm_6,lidar_cm_7,lidar_cm_8,lidar_cm_9,lidar_cm_10,lidar_cm_11,lidar_cm_12,lidar_cm_13,lidar_cm_14,lidar_cm_15,lidar_cm_16,lidar_class_0,lidar_class_1,lidar_class_2,lidar_class_3,lidar_class_4,lidar_class_5,lidar_class_6,lidar_class_7,lidar_class_8,lidar_class_9,lidar_class_10,lidar_class_11,lidar_class_12,lidar_class_13,lidar_class_14,lidar_class_15,lidar_class_16
0,7547.892,2294.637,-249.566,-15.026,0.962729,0.257032,-0.084184,-0.265479,0.957534,-0.112466,0.051702,0.130623,0.990083,1,0.08000,0.12000,4.800,0.240,325.000,500.000,-1,450.000,625.000,400.000,375.000,250.000,275.000,-1,400.000,275.000,-1,-1,900.000,-1,875.000,1,1,2,0,1,0,0,1,0,2,0,0,2,2,1,2,1
1,7557.184,2292.228,-249.124,-14.546,0.964784,0.248977,-0.084867,-0.257612,0.959562,-0.113479,0.053182,0.131345,0.989909,0,0.16000,0.24000,9.600,0.480,300.000,500.000,-1,450.000,625.000,400.000,375.000,250.000,275.000,-1,400.000,250.000,-1,-1,925.000,-1,900.000,1,1,2,0,1,0,0,1,0,2,0,0,2,2,1,2,1
2,7571.166,2288.790,-248.431,-13.826,0.967737,0.236864,-0.085910,-0.245789,0.962470,-0.115061,0.055432,0.132464,0.989637,0,0.24000,0.36000,14.400,0.720,300.000,500.000,-1,475.000,625.000,400.000,400.000,250.000,275.000,-1,375.000,250.000,-1,-1,925.000,-1,900.000,1,1,2,0,1,0,0,1,0,2,0,0,2,2,1,2,1
3,7589.883,2284.519,-247.453,-12.866,0.971434,0.220658,-0.087329,-0.229991,0.966099,-0.117291,0.058487,0.134025,0.989251,0,0.32000,0.48000,19.200,0.960,300.000,500.000,-1,475.000,625.000,425.000,400.000,250.000,275.000,-1,375.000,250.000,-1,-1,950.000,-1,925.000,1,1,2,0,1,0,0,1,0,2,0,0,2,2,1,2,1
4,7613.386,2279.672,-246.145,-11.666,0.975666,0.200321,-0.089148,-0.210195,0.970232,-0.120283,0.062400,0.136094,0.988729,0,0.40000,0.60000,24.000,1.200,275.000,525.000,-1,475.000,650.000,425.000,400.000,250.000,275.000,-1,375.000,225.000,-1,-1,975.000,-1,975.000,1,1,2,0,1,0,0,1,0,2,0,0,2,2,1,2,1
5,7641.727,2274.566,-244.447,-10.226,0.980172,0.175809,-0.091398,-0.186390,0.974595,-0.124194,0.067241,0.138767,0.988040,0,0.48000,0.72000,28.800,1.440,275.000,525.000,-1,475.000,650.000,425.000,400.000,250.000,275.000,-1,350.000,200.000,-1,-1,-1,-1,-1,1,1,2,0,1,0,0,1,0,2,0,0,2,2,2,2,2
6,7674.945,2269.528,-242.327,-8.639,0.984401,0.148689,-0.094052,-0.160144,0.978624,-0.129028,0.072857,0.142077,0.987171,0,0.56000,0.79323,33.600,1.586,250.000,525.000,-1,500.000,675.000,450.000,425.000,250.000,275.000,-1,325.000,175.000,-1,-1,-1,-1,-1,1,1,2,0,1,0,0,1,0,2,0,0,2,2,2,2,2
7,7713.054,2264.836,-239.771,-7.035,0.987874,0.121163,-0.097081,-0.133659,0.981831,-0.134693,0.078998,0.146036,0.986120,0,0.64000,0.80212,38.400,1.604,-1,550.000,-1,500.000,725.000,450.000,425.000,225.000,275.000,-1,325.000,175.000,925.000,-1,-1,-1,-1,2,1,2,0,1,0,0,1,0,2,0,0,0,2,2,2,2
8,7756.060,2260.779,-236.714,-5.406,0.990564,0.093138,-0.100540,-0.106887,0.984167,-0.141389,0.085779,0.150801,0.984835,0,0.72000,0.81444,43.200,1.629,-1,575.000,-1,525.000,750.000,475.000,450.000,225.000,275.000,-1,300.000,150.000,825.000,-1,-1,-1,-1,2,1,2,0,1,0,0,1,0,2,0,0,0,2,2,2,2
9,7803.955,2257.659,-233.086,-3.745,0.992432,0.064516,-0.104485,-0.079794,0.985558,-0.149360,0.093340,0.156567,0.983247,0,0.80000,0.83041,48.000,1.661,-1,650.000,-1,550.000,775.000,500.000,475.000,225.000,250.000,-1,300.000,125.000,700.000,-1,-1,-1,-1,2,1,2,0,1,0,0,1,0,2,0,0,0,2,2,2,2
10,-4263.560,-6887.277,-352.470,11.604,0.979270,-0.201029,0.024866,0.199914,0.978945,0.041252,-0.032636,-0.035425,0.998839,1,0.00000,0.00000,52.800,1.701,-1,375.000,-1,375.000,-1,325.000,325.000,300.000,300.000,-1,450.000,425.000,725.000,725.000,675.000,-1,-1,2,0,2,0,2,0,0,0,0,2,1,1,1,0,0,2,2
11,-4258.859,-6886.306,-352.628,11.672,0.979034,-0.202188,0.024731,0.201079,0.978707,0.041235,-0.032542,-0.035398,0.998843,0,0.08000,0.03394,4.800,0.068,-1,375.000,-1,375.000,-1,325.000,325.000,300.000,300.000,-1,450.000,425.000,725.000,725.000,675.000,-1,-1,2,0,2,0,2,0,0,0,0,2,1,1,1,0,0,2,2
12,-4249.460,-6884.353,-352.945,11.741,0.978800,-0.203354,0.024461,0.202255,0.978466,0.041201,-0.032313,-0.035380,0.998851,0,0.16000,0.03410,9.600,0.068,-1,375.000,-1,375.000,-1,325.000,325.000,300.000,300.000,-1,450.000,425.000,725.000,725.000,675.000,-1,-1,2,0,2,0,2,0,0,0,0,2,1,1,1,0,0,2,2
13,-4235.365,-6881.406,-353.420,11.809,0.978565,-0.204529,0.024056,0.203446,0.978221,0.041149,-0.031948,-0.035372,0.998863,0,0.24000,0.03443,14.400,0.069,-1,375.000,-1,375.000,-1,325.000,325.000,300.000,300.000,-1,475.000,450.000,725.000,725.000,675.000,-1,-1,2,0,2,0,2,0,0,0,0,2,1,1,1,0,0,2,2
14,-4216.576,-6877.454,-354.055,11.879,0.978328,-0.205722,0.023517,0.204660,0.977971,0.041078,-0.031450,-0.035375,0.998879,0,0.32000,0.03494,19.200,0.070,-1,400.000,-1,375.000,-1,325.000,325.000,300.000,300.000,-1,475.000,475.000,700.000,725.000,675.000,-1,-1,2,0,2,0,2,0,0,0,0,2,1,1,1,0,0,2,2
15,-4193.097,-6872.484,-354.851,11.951,0.978087,-0.206940,0.022843,0.205903,0.977713,0.040990,-0.030817,-0.035389,0.998898,0,0.40000,0.03567,24.000,0.071,-1,400.000,-1,375.000,-1,325.000,325.000,300.000,300.000,-1,500.000,475.000,700.000,725.000,675.000,-1,-1,2,0,2,0,2,0,0,0,0,2,1,1,1,0,0,2,2
16,-4164.929,-6866.484,-355.808,12.024,0.977840,-0.208190,0.022036,0.207185,0.977447,0.040885,-0.030051,-0.035413,0.998921,0,0.48000,0.03664,28.800,0.073,-1,400.000,-1,375.000,-1,325.000,325.000,300.000,300.000,-1,525.000,500.000,700.000,725.000,675.000,-1,-1,2,0,2,0,2,0,0,0,0,2,1,1,1,0,0,2,2
17,-4132.075,-6859.441,-356.929,12.100,0.977585,-0.209482,0.021095,0.208514,0.977170,0.040762,-0.029152,-0.035450,0.998946,0,0.56000,0.03789,33.600,0.076,-1,375.000,-1,375.000,-1,325.000,325.000,300.000,300.000,-1,550.000,550.000,700.000,725.000,675.000,-1,-1,2,0,2,0,2,0,0,0,0,2,1,1,1,0,0,2,2
18,-4094.539,-6851.341,-358.214,12.179,0.977318,-0.210828,0.020020,0.209901,0.976878,0.040623,-0.028122,-0.035500,0.998974,0,0.64000,0.03948,38.400,0.079,-1,375.000,-1,375.000,-1,325.000,325.000,300.000,300.000,-1,575.000,575.000,700.000,725.000,675.000,-1,-1,2,0,2,0,2,0,0,0,0,2,1,1,1,0,0,2,2
19,-4052.325,-6842.166,-359.666,12.262,0.977036,-0.212241,0.018813,0.211361,0.976570,0.040469,-0.026961,-0.035563,0.999004,0,0.72000,0.04146,43.200,0.083,-1,375.000,-1,375.000,-1,325.000,300.000,300.000,300.000,-1,600.000,600.000,700.000,725.000,675.000,-1,-1,2,0,2,0,2,0,0,0,0,2,1,1,1,0,0,2,2
20,-4005.436,-6831.900,-361.286,12.349,0.976735,-0.213736,0.017472,0.212907,0.976241,0.040299,-0.025670,-0.035641,0.999035,0,0.80000,0.04388,48.000,0.088,-1,375.000,-1,375.000,-1,325.000,300.000,300.000,300.000,-1,625.000,650.000,700.000,725.000,675.000,-1,-1,2,0,2,0,2,0,0,0,0,2,1,1,1,0,0,2,2
21,-3953.962,-6820.542,-362.690,12.443,0.976411,-0.215319,0.016114,0.214506,0.975837,0.041587,-0.024679,-0.037149,0.999005,0,0.87854,0.04680,52.712,0.094,-1,375.000,-1,375.000,-1,325.000,300.000,300.000,300.000,-1,625.000,650.000,725.000,725.000,675.000,-1,-1,2,0,2,0,2,0,0,0,0,2,0,0,1,0,0,2,2
22,-3902.642,-6809.123,-363.951,12.544,0.976064,-0.217014,0.014267,0.216229,0.975381,0.043331,-0.023319,-0.039209,0.998959,0,0.87625,0.05028,52.575,0.101,-1,375.000,-1,375.000,-1,325.000,300.000,300.000,300.000,-1,600.000,650.000,725.000,725.000,700.000,-1,-1,2,0,2,0,2,0,0,0,0,2,0,0,1,0,0,2,2
23,-3856.070,-6798.469,-364.909,12.884,0.974775,-0.222799,0.013196,0.222032,0.974036,0.044219,-0.022706,-0.040173,0.998935,0,0.79625,0.17028,47.775,0.341,-1,375.000,-1,375.000,-1,325.000,300.000,300.000,300.000,-1,625.000,650.000,725.000,725.000,700.000,-1,-1,2,0,2,0,2,0,0,0,0,2,0,0,1,0,0,2,2
24,-3814.276,-6788.463,-365.636,13.465,0.972483,-0.232656,0.012136,0.231921,0.971724,0.044338,-0.022108,-0.040303,0.998943,0,0.71625,0.29028,42.975,0.581,-1,375.000,-1,375.000,-1,325.000,300.000,300.000,300.000,-1,625.000,675.000,725.000,750.000,700.000,-1,-1,2,0,2,0,2,0,0,0,0,2,0,0,1,0,0,2,2
25,-3777.282,-6779.043,-366.314,14.285,0.969066,-0.246548,0.011199,0.245837,0.968291,0.044456,-0.021805,-0.040328,0.998949,0,0.63625,0.41028,38.175,0.821,-1,375.000,-1,375.000,-1,325.000,300.000,300.000,300.000,-1,650.000,675.000,725.000,750.000,725.000,-1,-1,2,0,2,0,2,0,0,0,0,2,0,0,1,0,0,2,2
26,-3745.097,-6770.211,-366.941,15.346,0.964349,-0.264429,0.010387,0.263734,0.963566,0.044564,-0.021793,-0.040235,0.998953,0,0.55625,0.53028,33.375,1.061,-1,400.000,-1,375.000,-1,325.000,325.000,300.000,300.000,-1,650.000,700.000,725.000,750.000,725.000,-1,-1,2,0,2,0,2,0,0,0,0,2,0,0,1,0,0,2,2
27,-3715.716,-6761.498,-367.551,16.518,0.958750,-0.284088,0.009652,0.283405,0.957960,0.044647,-0.021930,-0.040070,0.998956,0,0.51076,0.58613,30.646,1.172,-1,400.000,-1,375.000,-1,325.000,325.000,300.000,300.000,-1,650.000,700.000,725.000,750.000,725.000,-1,-1,2,0,2,0,2,0,0,0,0,2,0,0,1,0,0,2,2
28,-3686.587,-6752.204,-368.189,17.696,0.952717,-0.303728,0.008934,0.303056,0.951924,0.044703,-0.022083,-0.039882,0.998960,0,0.50960,0.58910,30.576,1.178,-1,400.000,-1,375.000,-1,325.000,325.000,300.000,300.000,-1,675.000,725.000,725.000,750.000,725.000,-1,-1,2,0,2,0,2,0,0,0,0,2,0,0,1,0,0,2,2
29,-3657.704,-6742.326,-368.857,18.881,0.946246,-0.323343,0.008234,0.322682,0.945450,0.044734,-0.022249,-0.039672,0.998965,0,0.50877,0.59221,30.526,1.184,-1,400.000,-1,375.000,-1,325.000,325.000,300.000,300.000,-1,675.000,725.000,750.000,775.000,750.000,-1,-1,2,0,2,0,2,0,0,0,0,2,0,0,1,0,0,2,2
30,-3629.062,-6731.861,-369.559,20.072,0.939332,-0.342926,0.007566,0.342275,0.938535,0.044729,-0.022439,-0.039426,0.998970,0,0.50824,0.59545,30.494,1.191,-1,400.000,-1,375.000,-1,325.000,325.000,300.000,300.000,-1,675.000,750.000,750.000,775.000,750.000,-1,-1,2,0,2,0,2,0,0,0,0,2,0,0,1,0,0,2,2
31,-3600.657,-6720.804,-370.294,21.269,0.931969,-0.362472,0.006932,0.361830,0.931172,0.044692,-0.022655,-0.039143,0.998977,0,0.50802,0.59882,30.481,1.198,-1,400.000,-1,375.000,-1,325.000,325.000,300.000,300.000,-1,700.000,750.000,775.000,775.000,750.000,-1,-1,2,0,2,0,2,0,0,0,0,2,0,0,1,0,0,2,2
32,-3572.486,-6709.150,-371.064,22.474,0.924152,-0.381972,0.006334,0.381338,0.923358,0.044623,-0.022894,-0.038823,0.998984,0,0.50810,0.60230,30.486,1.205,-1,400.000,-1,375.000,-1,325.000,325.000,300.000,300.000,-1,700.000,775.000,775.000,775.000,750.000,-1,-1,2,0,2,0,2,0,0,0,0,2,0,0,1,0,0,2,2
33,-3544.547,-6696.894,-371.870,23.686,0.915876,-0.401420,0.005774,0.400793,0.915086,0.044525,-0.023157,-0.038465,0.998992,0,0.50848,0.60591,30.509,1.212,-1,400.000,-1,400.000,-1,325.000,325.000,300.000,300.000,-1,725.000,775.000,800.000,775.000,750.000,-1,-1,2,0,2,0,2,0,0,0,0,2,0,0,1,0,0,2,2
34,-3516.839,-6684.030,-372.711,24.905,0.907135,-0.420807,0.005254,0.420186,0.906351,0.044398,-0.023444,-0.038067,0.999000,0,0.50915,0.60962,30.549,1.219,-1,400.000,-1,400.000,-1,325.000,325.000,300.000,300.000,-1,725.000,800.000,825.000,775.000,775.000,-1,-1,2,0,2,0,2,0,0,0,0,2,0,0,1,0,0,2,2
35,-3489.361,-6670.550,-373.589,26.132,0.897924,-0.440125,0.004773,0.439509,0.897148,0.044245,-0.023755,-0.037631,0.999009,0,0.51010,0.61345,30.606,1.227,-1,400.000,-1,400.000,-1,325.000,325.000,300.000,300.000,-1,750.000,825.000,850.000,775.000,775.000,-1,-1,2,0,2,0,2,0,0,0,0,2,0,0,1,0,0,2,2
36,-3462.116,-6656.448,-374.504,27.366,0.888238,-0.459363,0.004334,0.458752,0.887471,0.044067,-0.024090,-0.037154,0.999019,0,0.51132,0.61738,30.679,1.235,-1,400.000,-1,400.000,-1,325.000,325.000,300.000,300.000,-1,775.000,825.000,900.000,775.000,775.000,-1,-1,2,0,2,0,2,0,0,0,0,2,0,0,1,0,0,2,2
37,-3435.104,-6641.715,-375.413,28.609,0.878073,-0.478511,0.003976,0.477896,0.877310,0.044074,-0.024578,-0.036800,0.999020,0,0.51280,0.62142,30.768,1.243,-1,400.000,-1,400.000,-1,325.000,325.000,300.000,300.000,-1,775.000,850.000,950.000,800.000,775.000,-1,-1,2,0,2,0,2,0,0,0,0,2,0,0,1,0,0,2,2
38,-3408.331,-6626.344,-376.227,29.860,0.867427,-0.497551,0.003743,0.496913,0.866651,0.044654,-0.025462,-0.036874,0.998996,0,0.51454,0.62556,30.872,1.251,-1,400.000,-1,400.000,-1,325.000,325.000,300.000,300.000,-1,825.000,900.000,1000.000,775.000,775.000,-1,-1,2,0,2,0,2,0,0,0,0,2,0,0,1,0,0,2,2
39,-3381.800,-6610.327,-377.039,31.120,0.856290,-0.516484,0.003492,0.515830,0.855509,0.044995,-0.026226,-0.036728,0.998981,0,0.51652,0.62980,30.991,1.260,-1,400.000,-1,400.000,-1,325.000,325.000,300.000,300.000,-1,875.000,950.000,-1,775.000,800.000,-1,-1,2,0,2,0,2,0,0,0,0,2,0,0,2,0,0,2,2
40,-3355.518,-6593.656,-377.894,32.388,0.844657,-0.535297,0.003280,0.534625,0.843874,0.045309,-0.027022,-0.036517,0.998968,0,0.51873,0.63413,31.124,1.268,-1,400.000,-1,400.000,-1,325.000,325.000,300.000,300.000,-1,925.000,1000.000,-1,800.000,800.000,-1,-1,2,0,2,0,2,0,0,0,0,2,0,0,2,0,0,2,2
41,-3329.493,-6576.322,-378.846,33.665,0.832522,-0.553982,0.003339,0.553284,0.831748,0.045526,-0.027997,-0.036054,0.998958,0,0.52117,0.63856,31.270,1.277,-1,400.000,-1,400.000,-1,325.000,325.000,300.000,300.000,-1,975.000,-1,-1,775.000,800.000,-1,-1,2,0,2,0,2,0,0,0,0,2,0,2,2,0,0,2,2
42,-3303.733,-6558.317,-379.833,34.952,0.819883,-0.572522,0.003397,0.571798,0.819118,0.045744,-0.028972,-0.035563,0.998947,0,0.52381,0.64308,31.429,1.286,-1,400.000,-1,400.000,-1,325.000,325.000,300.000,300.000,-1,-1,-1,-1,775.000,800.000,-1,-1,2,0,2,0,2,0,0,0,0,2,2,2,2,0,0,2,2
43,-3278.248,-6539.633,-380.856,36.247,0.806735,-0.590904,0.003455,0.590154,0.805981,0.045965,-0.029945,-0.035043,0.998937,0,0.52667,0.64768,31.600,1.295,-1,400.000,-1,400.000,-1,325.000,325.000,300.000,300.000,-1,-1,-1,-1,775.000,800.000,-1,-1,2,0,2,0,2,0,0,0,0,2,2,2,2,0,0,2,2
44,-3253.050,-6520.262,-381.915,37.552,0.793075,-0.609114,0.003511,0.608339,0.792332,0.046187,-0.030915,-0.034494,0.998927,0,0.52971,0.65237,31.783,1.305,-1,400.000,-1,400.000,-1,325.000,325.000,300.000,300.000,-1,-1,-1,-1,775.000,800.000,-1,-1,2,0,2,0,2,0,0,0,0,2,2,2,2,0,0,2,2
45,-3228.153,-6500.197,-383.011,38.866,0.778898,-0.627140,0.003567,0.626339,0.778168,0.046410,-0.031881,-0.033915,0.998916,0,0.53294,0.65715,31.976,1.314,-1,400.000,-1,400.000,-1,325.000,325.000,300.000,300.000,-1,-1,-1,-1,775.000,800.000,-1,-1,2,0,2,0,2,0,0,0,0,2,2,2,2,0,0,2,2
46,-3203.570,-6479.431,-384.144,40.190,0.764202,-0.644966,0.003620,0.644140,0.763485,0.046640,-0.032845,-0.033311,0.998905,0,0.53634,0.66201,32.180,1.324,-1,400.000,-1,400.000,-1,325.000,325.000,300.000,300.000,-1,-1,-1,-1,775.000,800.000,-1,-1,2,0,2,0,2,0,0,0,0,2,2,2,2,0,0,2,2
47,-3179.318,-6457.956,-385.281,41.524,0.748979,-0.662582,0.003855,0.661725,0.748283,0.046824,-0.033909,-0.032519,0.998896,0,0.53990,0.66695,32.394,1.334,-1,400.000,-1,400.000,-1,325.000,325.000,300.000,300.000,-1,-1,-1,-1,775.000,800.000,-1,-1,2,0,2,0,2,0,0,0,0,2,2,2,2,0,0,2,2
48,-3155.412,-6435.767,-386.407,42.868,0.733225,-0.679973,0.004361,0.679079,0.732562,0.046956,-0.035124,-0.031468,0.998887,0,0.54361,0.67196,32.616,1.344,-1,400.000,-1,400.000,-1,325.000,325.000,300.000,300.000,-1,-1,-1,-1,775.000,800.000,-1,-1,2,0,2,0,2,0,0,0,0,2,2,2,2,0,0,2,2
49,-3131.872,-6412.859,-387.578,44.222,0.716940,-0.697118,0.004862,0.696189,0.716313,0.047089,-0.036309,-0.030375,0.998879,0,0.54745,0.67705,32.847,1.354,-1,400.000,-1,400.000,-1,325.000,325.000,300.000,300.000,-1,-1,-1,-1,775.000,800.000,-1,-1,2,0,2,0,2,0,0,0,0,2,2,2,2,0,0,2,2
50,-3108.717,-6389.226,-388.793,45.586,0.700124,-0.714001,0.005357,0.713037,0.699534,0.047221,-0.037464,-0.029241,0.998870,0,0.55143,0.68221,33.086,1.364,-1,400.000,-1,400.000,-1,325.000,325.000,300.000,300.000,-1,-1,-1,-1,750.000,800.000,-1,-1,2,0,2,0,2,0,0,0,0,2,2,2,2,0,0,2,2
51,-3085.421,-6364.252,-390.086,46.991,0.682395,-0.730960,0.005859,0.729964,0.681844,0.047354,-0.038609,-0.028037,0.998861,0,0.56921,0.70237,34.153,1.405,-1,400.000,-1,400.000,-1,325.000,325.000,300.000,300.000,-1,-1,-1,-1,750.000,800.000,-1,-1,2,0,2,0,2,0,0,0,0,2,2,2,2,0,0,2,2
52,-3062.635,-6338.588,-391.423,48.400,0.664193,-0.747534,0.006354,0.746506,0.663682,0.047481,-0.039711,-0.026793,0.998852,0,0.57199,0.70465,34.319,1.409,-1,400.000,-1,400.000,-1,325.000,325.000,300.000,300.000,-1,-1,-1,-1,750.000,800.000,-1,-1,2,0,2,0,2,0,0,0,0,2,2,2,2,0,0,2,2
53,-3040.378,-6312.238,-392.786,49.814,0.645529,-0.763706,0.006761,0.762650,0.645058,0.047602,-0.040716,-0.025572,0.998843,0,0.57487,0.70687,34.492,1.414,-1,400.000,-1,400.000,-1,325.000,325.000,300.000,300.000,-1,-1,-1,-1,750.000,800.000,-1,-1,2,0,2,0,2,0,0,0,0,2,2,2,2,0,0,2,2
54,-3016.565,-6282.844,-394.274,50.988,0.629738,-0.776777,0.006954,0.775702,0.629293,0.047716,-0.041441,-0.024655,0.998837,0,0.63050,0.58687,37.830,1.174,-1,400.000,-1,400.000,-1,325.000,325.000,300.000,300.000,-1,-1,-1,-1,750.000,800.000,-1,-1,2,0,2,0,2,0,0,0,0,2,2,2,2,0,0,2,2
55,-2993.112,-6252.910,-395.811,51.922,0.616984,-0.786944,0.007151,0.785853,0.616563,0.047808,-0.042031,-0.023877,0.998831,0,0.63378,0.46687,38.027,0.934,-1,400.000,-1,400.000,-1,325.000,325.000,300.000,300.000,-1,-1,-1,-1,725.000,800.000,-1,-1,2,0,2,0,2,0,0,0,0,2,2,2,2,0,0,2,2
56,-2969.904,-6222.539,-397.394,52.615,0.607399,-0.794363,0.007349,0.793259,0.606998,0.047883,-0.042497,-0.023255,0.998826,0,0.63706,0.34687,38.224,0.694,-1,400.000,-1,400.000,-1,325.000,325.000,300.000,300.000,-1,-1,-1,-1,725.000,800.000,-1,-1,2,0,2,0,2,0,0,0,0,2,2,2,2,0,0,2,2
57,-2946.929,-6191.747,-399.039,53.272,0.598244,-0.801278,0.007568,0.800167,0.597866,0.047848,-0.042864,-0.022569,0.998826,0,0.64030,0.32827,38.418,0.657,-1,400.000,-1,400.000,-1,325.000,325.000,300.000,300.000,-1,-1,-1,-1,725.000,800.000,-1,-1,2,0,2,0,2,0,0,0,0,2,2,2,2,0,0,2,2
58,-2924.197,-6160.536,-400.758,53.934,0.588931,-0.808146,0.007828,0.807033,0.588581,0.047639,-0.043107,-0.021739,0.998834,0,0.64354,0.33091,38.612,0.662,-1,400.000,-1,400.000,-1,325.000,325.000,300.000,300.000,-1,-1,-1,-1,725.000,800.000,-1,-1,2,0,2,0,2,0,0,0,0,2,2,2,2,0,0,2,2
59,-2901.717,-6128.903,-402.503,54.601,0.579463,-0.814959,0.008089,0.813846,0.579142,0.047420,-0.043330,-0.020895,0.998842,0,0.64678,0.33357,38.807,0.667,1000.000,400.000,-1,400.000,-1,325.000,325.000,300.000,300.000,-1,-1,-1,-1,725.000,800.000,-1,-1,1,0,2,0,2,0,0,0,0,2,2,2,2,0,0,2,2
60,-2879.498,-6096.848,-404.218,55.273,0.569828,-0.821718,0.008661,0.820599,0.569550,0.047225,-0.043739,-0.019803,0.998847,0,0.65004,0.33625,39.002,0.673,950.000,375.000,-1,400.000,-1,325.000,325.000,300.000,300.000,-1,-1,-1,-1,725.000,775.000,-1,-1,1,0,2,0,2,0,0,0,0,2,2,2,2,0,0,2,2
61,-2857.551,-6064.370,-405.958,55.951,0.560035,-0.828417,0.009254,0.827291,0.559800,0.047044,-0.044152,-0.018691,0.998850,0,0.65330,0.33896,39.198,0.678,925.000,375.000,-1,400.000,-1,325.000,325.000,300.000,300.000,-1,-1,-1,-1,725.000,775.000,-1,-1,1,0,2,0,2,0,0,0,0,2,2,2,2,0,0,2,2
62,-2835.885,-6031.469,-407.728,56.635,0.550083,-0.835052,0.009840,0.833921,0.549890,0.046874,-0.044554,-0.017579,0.998852,0,0.65657,0.34170,39.394,0.683,900.000,375.000,-1,400.000,-1,325.000,325.000,300.000,300.000,-1,-1,-1,-1,725.000,775.000,-1,-1,1,0,2,0,2,0,0,0,0,2,2,2,2,0,0,2,2
63,-2814.511,-5998.145,-409.528,57.324,0.539971,-0.841619,0.010421,0.840483,0.539820,0.046716,-0.044942,-0.016467,0.998854,0,0.65983,0.34447,39.590,0.689,875.000,375.000,-1,400.000,-1,325.000,325.000,300.000,300.000,-1,-1,-1,-1,725.000,775.000,-1,-1,1,0,2,0,2,0,0,0,0,2,2,2,2,0,0,2,2
64,-2793.438,-5964.399,-411.239,58.018,0.529682,-0.848122,0.011201,0.847005,0.529592,0.045983,-0.044931,-0.014869,0.998879,0,0.66310,0.34728,39.786,0.695,825.000,375.000,-1,400.000,-1,325.000,325.000,300.000,300.000,-1,-1,-1,-1,725.000,775.000,975.000,-1,1,0,2,0,2,0,0,0,0,2,2,2,2,0,0,1,2
65,-2772.677,-5930.230,-412.966,58.718,0.519228,-0.854551,0.012015,0.853458,0.519199,0.045192,-0.044857,-0.013211,0.998906,0,0.66636,0.35012,39.981,0.700,800.000,375.000,-1,400.000,-1,325.000,325.000,300.000,300.000,-1,-1,-1,-1,725.000,775.000,950.000,-1,1,0,2,0,2,0,0,0,0,2,2,2,2,1,0,1,2
66,-2752.240,-5895.640,-414.720,59.424,0.508609,-0.860902,0.012841,0.859833,0.508640,0.044411,-0.044765,-0.011547,0.998931,0,0.66961,0.35301,40.177,0.706,775.000,375.000,-1,400.000,-1,325.000,325.000,300.000,300.000,-1,-1,-1,-1,700.000,750.000,900.000,-1,1,0,2,0,2,0,0,0,0,2,2,2,2,1,0,1,2
67,-2732.138,-5860.630,-416.502,60.136,0.497824,-0.867170,0.013677,0.866128,0.497914,0.043639,-0.044653,-0.009879,0.998954,0,0.67285,0.35594,40.371,0.712,750.000,375.000,-1,400.000,-1,325.000,325.000,300.000,300.000,-1,-1,-1,-1,700.000,750.000,875.000,-1,1,0,2,0,2,0,0,0,0,2,2,2,2,1,0,1,2
68,-2712.381,-5825.201,-418.298,60.854,0.486871,-0.873353,0.014500,0.872336,0.487017,0.042937,-0.044561,-0.008256,0.998973,0,0.67607,0.35893,40.564,0.718,725.000,375.000,-1,400.000,-1,325.000,325.000,300.000,300.000,-1,-1,-1,-1,675.000,750.000,825.000,-1,1,0,2,0,2,0,0,0,0,2,2,2,2,1,0,1,2
69,-2692.982,-5789.358,-420.067,61.578,0.475754,-0.879447,0.015233,0.878447,0.475949,0.042475,-0.044605,-0.006826,0.998981,0,0.67928,0.36197,40.757,0.724,700.000,375.000,-1,400.000,-1,325.000,325.000,300.000,300.000,-1,-1,-1,-1,675.000,750.000,800.000,-1,1,0,2,0,2,0,0,0,0,2,2,2,2,1,0,1,2
70,-2673.953,-5753.101,-421.865,62.308,0.464464,-0.885448,0.015974,0.884467,0.464707,0.042011,-0.044622,-0.005384,0.998989,0,0.68245,0.36508,40.947,0.730,675.000,375.000,-1,400.000,-1,325.000,325.000,300.000,300.000,-1,-1,-1,-1,650.000,750.000,750.000,-1,1,0,2,0,2,0,0,0,0,2,2,2,2,1,0,1,2
71,-2655.307,-5716.434,-423.535,63.045,0.453029,-0.891352,0.015995,0.890402,0.453289,0.041396,-0.044149,-0.004511,0.999015,0,0.68560,0.36825,41.136,0.737,625.000,375.000,-1,400.000,-1,325.000,325.000,300.000,300.000,-1,-1,-1,-1,625.000,750.000,725.000,-1,1,0,2,0,2,0,0,0,0,2,2,2,2,1,0,1,2
72,-2637.055,-5679.361,-425.221,63.788,0.441420,-0.897158,0.015975,0.896240,0.441694,0.040747,-0.043613,-0.003670,0.999042,0,0.68870,0.37150,41.322,0.743,600.000,375.000,-1,400.000,-1,325.000,325.000,300.000,300.000,-1,-1,-1,-1,625.000,750.000,700.000,-1,1,0,2,0,2,0,0,0,0,2,2,2,2,1,0,1,2
73,-2617.047,-5637.805,-427.127,64.291,0.433519,-0.901003,0.015946,0.900120,0.433802,0.039993,-0.042951,-0.002985,0.999073,0,0.76870,0.25150,46.122,0.503,575.000,375.000,-1,400.000,-1,325.000,325.000,300.000,300.000,-1,-1,-1,-1,600.000,750.000,650.000,-1,1,0,2,0,2,0,0,0,0,2,2,2,2,1,0,1,2
74,-2595.167,-5591.823,-429.256,64.554,0.429376,-0.902986,0.015886,0.902141,0.429662,0.039135,-0.042164,-0.002472,0.999108,0,0.84870,0.13150,50.922,0.263,525.000,375.000,-1,400.000,-1,325.000,325.000,300.000,300.000,-1,-1,-1,-1,600.000,725.000,625.000,-1,1,1,2,0,2,0,0,0,0,2,2,2,2,1,0,1,2
75,-2571.246,-5541.497,-431.611,64.577,0.429016,-0.903159,0.015768,0.902354,0.429300,0.038180,-0.041251,-0.002151,0.999146,0,0.92870,0.01150,55.722,0.023,500.000,375.000,-1,400.000,-1,325.000,325.000,300.000,300.000,-1,-1,-1,-1,600.000,725.000,600.000,-1,1,1,2,0,2,0,0,0,0,2,2,2,2,1,0,1,2
76,-2545.437,-5487.331,-434.162,64.523,0.429872,-0.902755,0.015623,0.901992,0.430152,0.037150,-0.040258,-0.001878,0.999188,0,1.00000,-0.02701,60.000,-0.054,450.000,375.000,-1,400.000,-1,325.000,325.000,300.000,300.000,-1,-1,-1,-1,600.000,725.000,550.000,-1,1,1,2,0,2,1,0,0,0,2,2,2,2,1,0,1,2
77,-2519.592,-5433.183,-436.728,64.485,0.430473,-0.902471,0.015434,0.901750,0.430747,0.036115,-0.039241,-0.001629,0.999228,0,1.00000,-0.01888,60.000,-0.038,425.000,350.000,-1,400.000,-1,325.000,325.000,300.000,300.000,-1,-1,-1,-1,600.000,725.000,525.000,-1,1,1,2,0,2,1,0,0,0,2,2,2,2,1,0,1,2
78,-2493.727,-5379.044,-439.214,64.464,0.430786,-0.902317,0.015692,0.901632,0.431071,0.035186,-0.038514,-0.001009,0.999258,0,1.00000,-0.01028,60.000,-0.021,400.000,350.000,-1,400.000,-1,300.000,325.000,300.000,325.000,-1,-1,-1,-1,600.000,700.000,500.000,-1,1,1,2,0,2,1,0,0,0,2,2,2,2,1,0,1,2
79,-2467.861,-5324.906,-441.451,64.462,0.430780,-0.902300,0.016850,0.901670,0.431109,0.033714,-0.037684,0.000670,0.999289,0,1.00000,-0.00120,60.000,-0.002,375.000,350.000,-1,375.000,-1,300.000,325.000,300.000,300.000,-1,-1,975.000,-1,625.000,700.000,500.000,-1,1,1,2,0,2,0,0,0,0,2,2,0,2,1,0,1,2
80,-2442.010,-5270.761,-442.165,64.479,0.430379,-0.902392,0.021504,0.902089,0.430829,0.024941,-0.031772,0.008665,0.999458,0,1.00000,0.00837,60.000,0.017,375.000,375.000,-1,400.000,-1,325.000,325.000,325.000,300.000,-1,850.000,675.000,-1,700.000,700.000,625.000,-1,1,1,2,0,2,0,0,0,0,2,0,0,2,1,0,1,2
81,-2416.195,-5216.599,-443.167,64.516,0.429736,-0.902594,0.025504,0.902559,0.430212,0.017439,-0.026712,0.015525,0.999523,0,1.00000,0.01845,60.000,0.037,400.000,400.000,-1,400.000,-1,325.000,325.000,325.000,300.000,-1,650.000,500.000,-1,700.000,725.000,675.000,-1,1,1,2,0,2,0,0,0,0,2,0,0,2,1,0,1,2
82,-2390.435,-5162.411,-444.371,64.574,0.428807,-0.902940,0.028694,0.903110,0.429255,0.011541,-0.022737,0.020965,0.999522,0,1.00000,0.02903,60.000,0.058,425.000,400.000,-1,400.000,-1,325.000,325.000,325.000,300.000,-1,575.000,425.000,-1,675.000,725.000,675.000,-1,1,0,2,0,2,0,0,1,0,2,0,0,2,1,0,1,2
83,-2364.751,-5108.186,-445.712,64.654,0.427551,-0.903461,0.030957,0.903770,0.427953,0.007479,-0.020006,0.024780,0.999493,0,1.00000,0.04009,60.000,0.080,450.000,425.000,-1,400.000,-1,325.000,325.000,300.000,300.000,-1,550.000,400.000,-1,650.000,725.000,650.000,-1,1,0,2,0,2,0,0,1,0,2,0,0,2,1,0,1,2
84,-2339.164,-5053.916,-446.850,64.757,0.426009,-0.904209,0.030374,0.904566,0.426315,0.004100,-0.016656,0.025728,0.999530,0,1.00000,0.05162,60.000,0.103,475.000,425.000,-1,400.000,-1,325.000,325.000,275.000,300.000,-1,500.000,375.000,-1,625.000,725.000,625.000,-1,1,0,2,0,2,0,0,1,0,2,0,0,2,1,0,1,2
85,-2313.698,-4999.588,-448.235,64.884,0.424080,-0.905157,0.029109,0.905515,0.424309,0.001930,-0.014098,0.025540,0.999574,0,1.00000,0.06356,60.000,0.127,450.000,425.000,-1,400.000,-1,350.000,325.000,250.000,300.000,-1,500.000,375.000,-1,600.000,725.000,600.000,-1,1,0,2,0,2,0,0,1,0,2,0,0,2,1,0,1,2
86,-2288.374,-4945.194,-449.863,65.036,0.421746,-0.906307,0.027172,0.906630,0.421925,0.000936,-0.012313,0.024241,0.999630,0,1.00000,0.07586,60.000,0.152,425.000,400.000,-1,400.000,-1,325.000,325.000,225.000,300.000,-1,475.000,375.000,-1,575.000,725.000,550.000,-1,1,1,2,0,2,0,0,1,0,2,0,0,2,1,0,1,2
87,-2263.219,-4890.722,-451.726,65.213,0.418997,-0.907655,0.024572,0.907917,0.419148,0.001080,-0.011280,0.021857,0.999697,0,1.00000,0.08844,60.000,0.177,400.000,375.000,-1,400.000,-1,325.000,325.000,225.000,300.000,-1,475.000,375.000,-1,550.000,725.000,500.000,-1,1,1,2,0,2,0,0,1,0,2,0,0,2,1,0,1,2
88,-2238.242,-4836.168,-453.825,65.401,0.416058,-0.909089,0.021298,0.909272,0.416197,0.002347,-0.010998,0.018389,0.999770,0,1.00000,0.09399,60.000,0.188,350.000,350.000,-1,400.000,-1,325.000,325.000,200.000,300.000,-1,450.000,375.000,-1,500.000,725.000,450.000,-1,1,1,2,0,2,1,0,1,0,2,0,0,2,1,0,1,2
89,-2213.482,-4781.601,-456.154,65.594,0.413025,-0.910554,0.017349,0.910647,0.413157,0.004715,-0.011461,0.013851,0.999838,0,0.99870,0.09666,59.922,0.193,300.000,325.000,-1,400.000,-1,300.000,325.000,175.000,325.000,-1,450.000,375.000,-1,475.000,700.000,400.000,-1,1,1,2,1,2,1,1,1,0,2,0,0,2,1,0,1,2
90,-2189.150,-4727.481,-458.317,65.792,0.409892,-0.912017,0.014615,0.912029,0.410036,0.008596,-0.013833,0.009806,0.999856,0,0.98896,0.09875,59.338,0.198,275.000,300.000,-1,375.000,-1,275.000,300.000,175.000,325.000,-1,525.000,475.000,-1,425.000,700.000,325.000,-1,1,1,2,1,2,1,1,1,0,2,0,0,2,1,0,1,2
91,-2165.259,-4673.840,-458.313,65.992,0.406572,-0.913395,0.020220,0.913455,0.406819,0.009930,-0.017296,0.014433,0.999746,0,0.97869,0.10025,58.721,0.201,250.000,300.000,-1,350.000,-1,275.000,300.000,175.000,325.000,-1,775.000,700.000,-1,400.000,650.000,275.000,-1,1,1,2,1,2,1,1,1,0,2,0,0,2,1,0,1,2
92,-2141.818,-4620.694,-455.134,66.194,0.403365,-0.914453,0.032746,0.914998,0.403427,-0.004973,-0.008663,0.031969,0.999451,0,0.96810,0.10115,58.086,0.202,250.000,300.000,-1,375.000,-1,275.000,300.000,200.000,300.000,-1,700.000,550.000,-1,425.000,675.000,300.000,-1,1,1,2,1,2,1,1,1,0,2,0,0,2,1,0,1,2
93,-2118.826,-4568.051,-452.202,66.397,0.400423,-0.915274,0.043986,0.916330,0.399923,-0.020023,0.000735,0.048323,0.998832,0,0.95742,0.10146,57.445,0.203,275.000,300.000,-1,400.000,-1,275.000,300.000,225.000,275.000,-1,600.000,450.000,-1,450.000,725.000,300.000,-1,1,1,2,1,2,1,1,1,0,2,0,0,2,1,0,1,2
94,-2096.273,-4515.908,-449.611,66.600,0.397694,-0.915973,0.053225,0.917465,0.396381,-0.033757,0.009823,0.062257,0.998012,0,0.94686,0.10119,56.811,0.202,275.000,325.000,-1,400.000,-1,275.000,325.000,250.000,275.000,-1,550.000,400.000,975.000,475.000,750.000,325.000,-1,1,1,2,1,2,1,1,1,0,2,0,0,0,1,0,1,2
95,-2074.145,-4464.250,-447.085,66.801,0.395076,-0.916691,0.059935,0.918473,0.392885,-0.045256,0.017939,0.072928,0.997176,0,0.93662,0.10036,56.197,0.201,300.000,325.000,-1,425.000,-1,300.000,325.000,250.000,275.000,-1,525.000,375.000,850.000,525.000,775.000,350.000,-1,1,1,2,0,2,1,1,1,0,2,0,0,0,1,0,1,2
96,-2050.525,-4409.095,-444.383,66.807,0.395740,-0.916177,0.063322,0.917943,0.392534,-0.057421,0.027751,0.080850,0.996340,0,1.00000,0.00344,60.000,0.007,300.000,325.000,-1,450.000,-1,300.000,350.000,250.000,275.000,-1,475.000,325.000,750.000,-1,825.000,375.000,-1,1,1,2,0,2,1,1,1,0,2,0,0,0,2,0,1,2
97,-2026.933,-4353.926,-442.435,66.838,0.396042,-0.915857,0.066011,0.917494,0.391815,-0.068458,0.036834,0.087677,0.995468,0,1.00000,0.01537,60.000,0.031,300.000,350.000,-1,450.000,-1,325.000,375.000,250.000,250.000,-1,450.000,300.000,675.000,-1,875.000,400.000,-1,1,1,2,0,2,1,1,1,0,2,0,0,0,2,0,1,2
98,-2003.140,-4298.844,-441.271,66.629,0.400144,-0.913935,0.067875,0.915357,0.394948,-0.078343,0.044794,0.093478,0.994613,0,1.00000,-0.10463,60.000,-0.209,300.000,375.000,-1,475.000,-1,350.000,400.000,250.000,250.000,-1,425.000,250.000,625.000,-1,925.000,-1,-1,1,1,2,0,2,1,1,1,0,2,0,0,0,2,0,2,2
99,-1978.969,-4244.079,-440.571,66.180,0.407980,-0.910540,0.066853,0.911470,0.401982,-0.087359,0.052670,0.096576,0.993931,0,0.99768,-0.22463,59.861,-0.449,-1,450.000,-1,500.000,-1,375.000,425.000,250.000,250.000,-1,350.000,200.000,575.000,-1,1000.000,-1,-1,2,1,2,0,2,1,0,1,0,2,1,0,0,2,0,2,2
100,-1954.299,-4189.965,-440.319,65.490,0.419415,-0.905656,0.062275,0.905770,0.412915,-0.095301,0.060595,0.096378,0.993499,0,0.99117,-0.34463,59.470,-0.689,-1,575.000,-1,500.000,-1,425.000,450.000,225.000,250.000,-1,300.000,150.000,550.000,-1,-1,-1,-1,2,1,2,0,2,1,0,1,0,2,0,0,0,2,2,2,2
101,-2295.747,-983.905,-446.863,-111.573,-0.367030,0.928524,0.055964,-0.930127,-0.367130,-0.008873,0.012307,-0.055311,0.998393,1,0.00000,0.00000,58.883,-0.929,-1,400.000,-1,400.000,-1,325.000,325.000,300.000,300.000,-1,-1,-1,-1,825.000,825.000,-1,-1,2,0,2,0,2,0,0,0,0,2,2,2,2,0,0,2,2
102,-2294.000,-979.434,-446.918,-111.333,-0.363133,0.930048,0.056083,-0.931657,-0.363235,-0.008728,0.012254,-0.055419,0.998388,0,-0.08000,0.12000,-4.800,0.240,-1,400.000,-1,400.000,-1,325.000,325.000,300.000,300.000,-1,-1,-1,-1,825.000,850.000,-1,-1,2,0,2,0,2,0,0,0,0,2,2,2,2,0,0,2,2
103,-2290.575,-970.466,-447.027,-110.905,-0.356153,0.932729,0.056320,-0.934348,-0.356262,-0.008441,0.012192,-0.055629,0.998377,0,-0.16000,0.21434,-9.600,0.429,-1,400.000,-1,400.000,-1,325.000,325.000,300.000,300.000,-1,-1,-1,-1,825.000,850.000,-1,-1,2,0,2,0,2,0,0,0,0,2,2,2,2,0,0,2,2
104,-2285.538,-956.975,-447.190,-110.473,-0.349098,0.935371,0.056680,-0.937006,-0.349222,-0.008023,0.012290,-0.055910,0.998360,0,-0.24000,0.21576,-14.400,0.432,-1,400.000,-1,400.000,-1,325.000,325.000,300.000,300.000,-1,-1,-1,-1,825.000,850.000,-1,-1,2,0,2,0,2,0,0,0,0,2,2,2,2,0,0,2,2
105,-2278.959,-938.937,-447.406,-110.038,-0.341945,0.937980,0.057164,-0.939636,-0.342093,-0.007477,0.012542,-0.056270,0.998337,0,-0.32000,0.21781,-19.200,0.436,-1,400.000,-1,425.000,-1,325.000,325.000,300.000,300.000,-1,-1,-1,-1,825.000,850.000,-1,-1,2,0,2,0,2,0,0,0,0,2,2,2,2,0,0,2,2
106,-2270.909,-916.327,-447.675,-109.597,-0.334678,0.940560,0.057774,-0.942244,-0.334859,-0.006807,0.012944,-0.056715,0.998306,0,-0.40000,0.22039,-24.000,0.441,-1,400.000,-1,425.000,-1,325.000,325.000,300.000,300.000,-1,-1,-1,-1,825.000,850.000,-1,-1,2,0,2,0,2,0,0,0,0,2,2,2,2,0,0,2,2
107,-2261.461,-889.121,-447.999,-109.150,-0.327282,0.943113,0.058514,-0.944831,-0.327504,-0.006015,0.013490,-0.057254,0.998268,0,-0.48000,0.22338,-28.800,0.447,-1,400.000,-1,425.000,-1,325.000,325.000,300.000,300.000,-1,-1,-1,-1,825.000,850.000,-1,-1,2,0,2,0,2,0,0,0,0,2,2,2,2,0,0,2,2
108,-2252.210,-861.785,-448.324,-108.697,-0.319758,0.945644,0.059259,-0.947396,-0.320022,-0.005233,0.014016,-0.057815,0.998229,0,-0.48098,0.22665,-28.859,0.453,-1,400.000,-1,425.000,-1,325.000,325.000,300.000,300.000,-1,-1,-1,-1,825.000,875.000,-1,-1,2,0,2,0,2,0,0,0,0,2,2,2,2,0,0,2,2
109,-2243.320,-834.808,-448.644,-108.238,-0.312119,0.948147,0.059998,-0.949932,-0.312423,-0.004473,0.014504,-0.058390,0.998189,0,-0.47340,0.22958,-28.404,0.459,-1,400.000,-1,425.000,-1,325.000,325.000,300.000,300.000,-1,-1,-1,-1,825.000,875.000,-1,-1,2,0,2,0,2,0,0,0,0,2,2,2,2,0,0,2,2
110,-2234.793,-808.207,-448.958,-107.773,-0.304376,0.950614,0.060727,-0.952434,-0.304721,-0.003734,0.014955,-0.058976,0.998147,0,-0.46557,0.23211,-27.934,0.464,-1,400.000,-1,425.000,-1,325.000,325.000,300.000,300.000,-1,-1,-1,-1,825.000,875.000,-1,-1,2,0,2,0,2,0,0,0,0,2,2,2,2,0,0,2,2
111,-2226.626,-781.996,-449.264,-107.305,-0.296544,0.953040,0.061448,-0.954895,-0.296927,-0.003018,0.015369,-0.059572,0.998106,0,-0.45756,0.23425,-27.454,0.468,-1,400.000,-1,425.000,-1,325.000,325.000,300.000,300.000,-1,-1,-1,-1,825.000,875.000,-1,-1,2,0,2,0,2,0,0,0,0,2,2,2,2,0,0,2,2
112,-2218.817,-756.187,-449.562,-106.833,-0.288635,0.955419,0.062159,-0.957310,-0.289055,-0.002323,0.015747,-0.060176,0.998064,0,-0.44941,0.23601,-26.965,0.472,-1,400.000,-1,425.000,-1,325.000,325.000,300.000,300.000,-1,-1,-1,-1,825.000,875.000,-1,-1,2,0,2,0,2,0,0,0,0,2,2,2,2,0,0,2,2
113,-2211.362,-730.788,-449.884,-106.358,-0.280669,0.957753,0.062716,-0.959671,-0.281120,-0.001709,0.015994,-0.060667,0.998030,0,-0.44117,0.23740,-26.470,0.475,-1,400.000,-1,425.000,-1,325.000,325.000,300.000,300.000,-1,-1,-1,-1,825.000,875.000,-1,-1,2,0,2,0,2,0,0,0,0,2,2,2,2,0,0,2,2
114,-2204.254,-705.806,-450.236,-105.881,-0.272661,0.960039,0.063094,-0.961976,-0.273133,-0.001188,0.016092,-0.061019,0.998007,0,-0.43289,0.23844,-25.973,0.477,-1,400.000,-1,425.000,-1,325.000,325.000,300.000,300.000,-1,-1,-1,-1,825.000,875.000,-1,-1,2,0,2,0,2,0,0,0,0,2,2,2,2,0,0,2,2
115,-2197.488,-681.244,-450.567,-105.403,-0.264613,0.962262,0.063496,-0.964220,-0.265103,-0.000735,0.016126,-0.061418,0.997982,0,-0.42461,0.23914,-25.476,0.478,-1,400.000,-1,425.000,-1,325.000,325.000,300.000,300.000,-1,-1,-1,-1,800.000,900.000,-1,-1,2,0,2,0,2,0,0,0,0,2,2,2,2,0,0,2,2
116,-2191.053,-657.105,-450.885,-104.924,-0.256536,0.964420,0.063897,-0.966400,-0.257042,-0.000313,0.016123,-0.061831,0.997956,0,-0.41637,0.23951,-24.982,0.479,-1,400.000,-1,425.000,-1,325.000,325.000,300.000,300.000,-1,-1,-1,-1,800.000,900.000,-1,-1,2,0,2,0,2,0,0,0,0,2,2,2,2,0,0,2,2
117,-2184.943,-633.385,-451.191,-104.445,-0.248441,0.966511,0.064294,-0.968513,-0.248961,0.000085,0.016089,-0.062249,0.997931,0,-0.40822,0.23958,-24.493,0.479,-1,400.000,-1,425.000,-1,325.000,325.000,300.000,300.000,-1,-1,-1,-1,800.000,900.000,-1,-1,2,0,2,0,2,0,0,0,0,2,2,2,2,0,0,2,2
118,-2179.148,-610.083,-451.486,-103.966,-0.240338,0.968532,0.064687,-0.970557,-0.240871,0.000460,0.016027,-0.062671,0.997906,0,-0.40019,0.23935,-24.012,0.479,-1,400.000,-1,425.000,-1,325.000,325.000,300.000,300.000,-1,-1,-1,-1,800.000,900.000,-1,-1,2,0,2,0,2,0,0,0,0,2,2,2,2,0,0,2,2
119,-2173.657,-587.194,-451.815,-103.488,-0.232244,0.970469,0.065219,-0.972529,-0.232779,0.000626,0.015789,-0.063282,0.997871,0,-0.39231,0.23884,-23.539,0.478,-1,400.000,-1,425.000,-1,325.000,325.000,300.000,300.000,-1,-1,-1,-1,800.000,875.000,-1,-1,2,0,2,0,2,0,0,0,0,2,2,2,2,0,0,2,2
120,-2168.461,-564.710,-452.108,-103.012,-0.224175,0.972338,0.065614,-0.974428,-0.224699,0.000621,0.015347,-0.063797,0.997845,0,-0.38461,0.23807,-23.077,0.476,-1,400.000,-1,425.000,-1,325.000,325.000,300.000,300.000,-1,-1,-1,-1,800.000,875.000,-1,-1,2,0,2,0,2,0,0,0,0,2,2,2,2,0,0,2,2
121,-2163.548,-542.623,-452.357,-102.538,-0.216135,0.974139,0.065862,-0.976251,-0.216640,0.000536,0.014790,-0.064182,0.997829,0,-0.37711,0.23706,-22.626,0.474,-1,400.000,-1,425.000,-1,325.000,325.000,300.000,300.000,-1,-1,-1,-1,800.000,875.000,-1,-1,2,0,2,0,2,0,0,1,0,2,2,2,2,0,0,2,2
122,-2158.909,-520.924,-452.593,-102.066,-0.208124,0.975866,0.066108,-0.977999,-0.208609,0.000440,0.014221,-0.064562,0.997812,0,-0.36983,0.23581,-22.190,0.472,-1,400.000,-1,425.000,-1,325.000,325.000,300.000,300.000,-1,-1,-1,-1,775.000,875.000,-1,-1,2,0,2,0,2,0,0,1,0,2,2,2,2,0,0,2,2
123,-2154.533,-499.601,-452.818,-101.598,-0.200151,0.977516,0.066353,-0.979670,-0.200615,0.000335,0.013638,-0.064937,0.997796,0,-0.36278,0.23435,-21.767,0.469,-1,400.000,-1,400.000,-1,325.000,325.000,300.000,300.000,-1,-1,1000.000,-1,775.000,875.000,-1,-1,2,0,2,0,2,0,0,1,0,2,2,0,2,0,0,2,2
124,-2150.408,-478.643,-453.030,-101.132,-0.192222,0.979089,0.066596,-0.981265,-0.192664,0.000220,0.013046,-0.065307,0.997780,0,-0.35599,0.23268,-21.359,0.465,-1,400.000,-1,400.000,-1,325.000,325.000,300.000,300.000,-1,-1,1000.000,-1,775.000,875.000,-1,-1,2,0,2,0,2,0,0,1,0,2,2,0,2,0,0,2,2
125,-2146.525,-458.038,-453.230,-100.671,-0.184345,0.980586,0.066839,-0.982783,-0.184764,0.000097,0.012444,-0.065670,0.997764,0,-0.34946,0.23083,-20.967,0.462,-1,400.000,-1,400.000,-1,325.000,325.000,300.000,300.000,-1,-1,975.000,-1,775.000,875.000,-1,-1,2,0,2,0,2,0,0,1,0,2,2,0,2,0,0,2,2
126,-2142.874,-437.773,-453.420,-100.213,-0.176527,0.982007,0.067080,-0.984225,-0.176923,-0.000034,0.011834,-0.066028,0.997748,0,-0.34320,0.22879,-20.592,0.458,-1,400.000,-1,400.000,-1,325.000,325.000,300.000,300.000,-1,1000.000,950.000,-1,775.000,850.000,-1,-1,2,0,2,0,2,0,0,1,0,2,0,0,2,0,0,2,2
127,-2140.133,-422.220,-453.566,-99.996,-0.172806,0.982656,0.067276,-0.984889,-0.173190,-0.000134,0.011520,-0.066282,0.997734,0,-0.26320,0.10879,-15.792,0.218,-1,400.000,-1,400.000,-1,325.000,325.000,300.000,300.000,-1,975.000,950.000,-1,775.000,850.000,-1,-1,2,0,2,0,2,0,0,1,0,2,0,0,2,0,0,2,2
128,-2138.220,-411.396,-453.672,-100.018,-0.173190,0.982578,0.067421,-0.984821,-0.173572,-0.000198,0.011508,-0.066432,0.997725,0,-0.18320,-0.01121,-10.992,-0.022,1000.000,400.000,-1,400.000,-1,325.000,325.000,300.000,300.000,-1,975.000,950.000,-1,775.000,850.000,-1,-1,1,0,2,0,2,0,0,1,0,2,0,0,2,0,0,2,2
129,-2137.118,-405.304,-453.738,-100.252,-0.177200,0.981856,0.067515,-0.984105,-0.177590,-0.000224,0.011770,-0.066482,0.997718,0,-0.10320,-0.11720,-6.192,-0.234,-1,400.000,-1,400.000,-1,325.000,325.000,300.000,300.000,-1,975.000,950.000,-1,775.000,850.000,-1,-1,2,0,2,0,2,0,0,1,0,2,0,0,2,0,0,2,2
130,-2136.865,-403.935,-453.756,-100.488,-0.181231,0.981118,0.067547,-0.983367,-0.181631,-0.000222,0.012050,-0.066463,0.997716,0,-0.02320,-0.11794,-1.392,-0.236,-1,400.000,-1,400.000,-1,325.000,325.000,300.000,300.000,-1,975.000,950.000,-1,775.000,850.000,-1,-1,2,0,2,0,2,0,0,1,0,2,0,0,2,0,0,2,2
131,-2137.500,-407.284,-453.724,-100.724,-0.185264,0.980367,0.067516,-0.982611,-0.185675,-0.000193,0.012347,-0.066378,0.997718,0,0.05680,-0.11810,3.408,-0.236,-1,400.000,-1,400.000,-1,325.000,325.000,300.000,300.000,-1,975.000,950.000,-1,775.000,850.000,-1,-1,2,0,2,0,2,0,0,1,0,2,0,0,2,0,0,2,2
132,-2139.060,-415.343,-453.641,-100.960,-0.189280,0.979605,0.067424,-0.981842,-0.189703,-0.000138,0.012655,-0.066226,0.997724,0,0.13680,-0.11770,8.208,-0.235,-1,400.000,-1,400.000,-1,325.000,325.000,300.000,300.000,-1,975.000,950.000,-1,775.000,850.000,-1,-1,2,0,2,0,2,0,0,1,0,2,0,0,2,0,0,2,2
133,-2141.586,-428.103,-453.503,-101.193,-0.193263,0.978838,0.067271,-0.981061,-0.193697,-0.000059,0.012972,-0.066009,0.997735,0,0.21680,-0.11678,13.008,-0.234,-1,400.000,-1,400.000,-1,325.000,325.000,300.000,300.000,-1,1000.000,950.000,-1,775.000,850.000,-1,-1,2,0,2,0,2,0,0,1,0,2,0,0,2,0,0,2,2
134,-2145.113,-445.559,-453.311,-101.424,-0.197194,0.978068,0.067058,-0.980274,-0.197642,0.000040,0.013293,-0.065727,0.997749,0,0.29680,-0.11537,17.808,-0.231,-1,400.000,-1,400.000,-1,325.000,325.000,300.000,300.000,-1,1000.000,975.000,-1,775.000,875.000,-1,-1,2,0,2,0,2,0,0,1,0,2,0,0,2,0,0,2,2
