timestep,x_cm,y_cm,z_cm,yaw_deg,basis_xx,basis_xy,basis_xz,basis_yx,basis_yy,basis_yz,basis_zx,basis_zy,basis_zz,teleport_flag,throttle_cmd,steering_cmd,cmd_move_cm,cmd_turn_deg,lidar_cm_0,lidar_cm_1,lidar_cm_2,lidar_cm_3,lidar_cm_4,lidar_cm_5,lidar_cm_6,lidar_cm_7,lidar_cm_8,lidar_cm_9,lidar_cm_10,lidar_cm_11,lidar_cm_12,lidar_cm_13,lidar_cm_14,lidar_cm_15,lidar_cm_16,lidar_class_0,lidar_class_1,lidar_class_2,lidar_class_3,lidar_class_4,lidar_class_5,lidar_class_6,lidar_class_7,lidar_class_8,lidar_class_9,lidar_class_10,lidar_class_11,lidar_class_12,lidar_class_13,lidar_class_14,lidar_class_15,lidar_class_16
0,988.067,5573.044,314.442,150.300,-0.868662,-0.495357,0.006864,0.495031,-0.868461,-0.026824,0.019249,-0.019903,0.999617,1,-0.08000,-0.12000,-4.800,-0.240,-1,400.000,-1,425.000,-1,325.000,325.000,300.000,300.000,-1,-1,-1,-1,825.000,925.000,-1,-1,2,0,2,0,2,0,0,0,0,2,2,2,2,0,0,2,2
1,996.365,5568.218,314.273,149.820,-0.864483,-0.502615,0.006948,0.502279,-0.864280,-0.027143,0.019647,-0.019975,0.999607,0,-0.16000,-0.24000,-9.600,-0.480,-1,400.000,-1,425.000,-1,325.000,325.000,300.000,300.000,-1,-1,-1,-1,825.000,925.000,-1,-1,2,0,2,0,2,0,0,0,0,2,2,2,2,0,0,2,2
2,1008.721,5560.824,314.013,149.100,-0.858100,-0.513435,0.007068,0.513084,-0.857894,-0.027620,0.020244,-0.020074,0.999594,0,-0.24000,-0.36000,-14.400,-0.720,-1,400.000,-1,425.000,-1,325.000,325.000,300.000,300.000,-1,-1,-1,-1,825.000,925.000,-1,-1,2,0,2,0,2,0,0,0,0,2,2,2,2,0,0,2,2
3,1025.029,5550.689,313.654,148.140,-0.849378,-0.527735,0.007219,0.527365,-0.849169,-0.028252,0.021040,-0.020190,0.999575,0,-0.32000,-0.48000,-19.200,-0.960,-1,400.000,-1,425.000,-1,325.000,325.000,300.000,300.000,-1,-1,-1,-1,825.000,925.000,-1,-1,2,0,2,0,2,0,0,0,0,2,2,2,2,0,0,2,2
4,1045.143,5537.597,313.167,146.940,-0.838141,-0.545402,0.007483,0.545006,-0.837930,-0.029006,0.022090,-0.020233,0.999551,0,-0.40000,-0.60000,-24.000,-1.200,-1,400.000,-1,425.000,-1,325.000,325.000,300.000,300.000,-1,-1,-1,-1,825.000,925.000,-1,-1,2,0,2,0,2,0,0,0,0,2,2,2,2,0,0,2,2
5,1068.934,5521.366,312.507,145.696,-0.826098,-0.563469,0.007995,0.563040,-0.825891,-0.029831,0.023412,-0.020142,0.999523,0,-0.48000,-0.62211,-28.800,-1.244,-1,400.000,-1,425.000,-1,325.000,325.000,300.000,300.000,-1,-1,-1,-1,825.000,925.000,-1,-1,2,0,2,0,2,0,0,0,0,2,2,2,2,0,0,2,2
6,1093.274,5503.973,311.791,144.452,-0.813665,-0.581271,0.008511,0.580806,-0.813463,-0.030685,0.024760,-0.020024,0.999493,0,-0.49860,-0.62211,-29.916,-1.244,-1,400.000,-1,425.000,-1,325.000,325.000,300.000,300.000,-1,-1,-1,-1,825.000,925.000,-1,-1,2,0,2,0,2,0,0,0,0,2,2,2,2,0,0,2,2
7,1117.231,5486.056,311.012,143.208,-0.800847,-0.598801,0.009007,0.598304,-0.800654,-0.031378,0.026000,-0.019740,0.999467,0,-0.49860,-0.62211,-29.916,-1.244,-1,400.000,-1,425.000,-1,325.000,325.000,300.000,300.000,-1,-1,-1,-1,850.000,925.000,-1,-1,2,0,2,0,2,0,0,0,0,2,2,2,2,0,0,2,2
8,1140.794,5467.623,310.184,141.963,-0.787650,-0.616050,0.009493,0.615524,-0.787469,-0.031978,0.027175,-0.019345,0.999443,0,-0.49860,-0.62211,-29.916,-1.244,-1,400.000,-1,425.000,-1,325.000,325.000,300.000,300.000,-1,-1,-1,-1,850.000,925.000,-1,-1,2,0,2,0,2,0,0,0,0,2,2,2,2,0,0,2,2
9,1163.951,5448.682,309.328,140.719,-0.774080,-0.633009,0.009973,0.632453,-0.773913,-0.032586,0.028345,-0.018916,0.999419,0,-0.49860,-0.62211,-29.916,-1.244,-1,400.000,-1,425.000,-1,325.000,325.000,300.000,300.000,-1,-1,-1,-1,850.000,925.000,-1,-1,2,0,2,0,2,0,0,0,0,2,2,2,2,0,0,2,2
10,1186.691,5429.243,308.445,139.475,-0.760145,-0.649670,0.010447,0.649084,-0.759992,-0.033200,0.029508,-0.018456,0.999394,0,-0.49860,-0.62211,-29.916,-1.244,-1,400.000,-1,425.000,-1,325.000,325.000,300.000,300.000,-1,-1,-1,-1,850.000,925.000,-1,-1,2,0,2,0,2,0,0,0,0,2,2,2,2,0,0,2,2
11,1209.003,5409.315,307.535,138.231,-0.745849,-0.666025,0.010912,0.665409,-0.745713,-0.033820,0.030662,-0.017963,0.999368,0,-0.49860,-0.62211,-29.916,-1.244,-1,400.000,-1,425.000,-1,325.000,325.000,300.000,300.000,-1,-1,-1,-1,850.000,925.000,-1,-1,2,0,2,0,2,0,0,0,0,2,2,2,2,0,0,2,2
12,1227.439,5392.259,306.751,137.227,-0.734054,-0.678997,0.011294,0.678355,-0.733931,-0.034344,0.031609,-0.017550,0.999346,0,-0.41860,-0.50211,-25.116,-1.004,-1,400.000,-1,400.000,-1,325.000,325.000,300.000,300.000,-1,975.000,1000.000,-1,850.000,925.000,-1,-1,2,0,2,0,2,0,0,0,0,2,0,0,2,0,0,2,2
13,1242.167,5378.265,306.110,136.462,-0.724926,-0.688729,0.011570,0.688067,-0.724813,-0.034775,0.032336,-0.017249,0.999328,0,-0.33860,-0.38211,-20.316,-0.764,-1,400.000,-1,400.000,-1,325.000,325.000,300.000,300.000,-1,925.000,950.000,-1,850.000,925.000,-1,-1,2,0,2,0,2,0,0,0,0,2,0,0,2,0,0,2,2
14,1253.317,5367.474,305.630,135.938,-0.718592,-0.695334,0.011696,0.694657,-0.718484,-0.035115,0.032820,-0.017109,0.999315,0,-0.25860,-0.26211,-15.516,-0.524,-1,400.000,-1,400.000,-1,325.000,325.000,300.000,300.000,-1,900.000,900.000,-1,850.000,925.000,-1,-1,2,0,2,0,2,0,0,0,0,2,0,0,2,0,0,2,2
15,1260.980,5359.984,305.297,135.654,-0.715133,-0.698890,0.011771,0.698203,-0.715026,-0.035352,0.033123,-0.017063,0.999306,0,-0.17860,-0.14211,-10.716,-0.284,-1,400.000,-1,400.000,-1,325.000,325.000,300.000,300.000,-1,875.000,875.000,-1,850.000,900.000,-1,-1,2,0,2,0,2,0,0,0,0,2,0,0,2,0,0,2,2
16,1265.208,5355.845,305.114,135.610,-0.714593,-0.699441,0.011805,0.698749,-0.714486,-0.035484,0.033254,-0.017108,0.999301,0,-0.09860,-0.02211,-5.916,-0.044,-1,400.000,-1,400.000,-1,325.000,325.000,300.000,300.000,-1,875.000,875.000,-1,850.000,900.000,-1,-1,2,0,2,0,2,0,0,0,0,2,0,0,2,0,0,2,2
17,1266.008,5355.067,305.080,135.805,-0.716980,-0.696993,0.011806,0.696302,-0.716870,-0.035513,0.033215,-0.017241,0.999299,0,-0.01860,0.09789,-1.116,0.196,-1,400.000,-1,400.000,-1,325.000,325.000,300.000,300.000,-1,850.000,875.000,-1,850.000,900.000,-1,-1,2,0,2,0,2,0,0,0,0,2,0,0,2,0,0,2,2
18,1263.347,5357.615,305.196,136.241,-0.722263,-0.691518,0.011774,0.690830,-0.722148,-0.035437,0.033008,-0.017461,0.999303,0,0.06140,0.21789,3.684,0.436,-1,400.000,-1,400.000,-1,325.000,325.000,300.000,300.000,-1,875.000,875.000,-1,850.000,900.000,-1,-1,2,0,2,0,2,0,0,0,0,2,0,0,2,0,0,2,2
19,1257.151,5363.410,305.459,136.917,-0.730372,-0.682949,0.011706,0.682270,-0.730250,-0.035256,0.032626,-0.017764,0.999310,0,0.14140,0.33789,8.484,0.676,-1,400.000,-1,400.000,-1,325.000,325.000,300.000,300.000,-1,875.000,900.000,-1,850.000,900.000,-1,-1,2,0,2,0,2,0,0,0,0,2,0,0,2,0,0,2,2
20,1247.305,5372.327,305.867,137.833,-0.741199,-0.671186,0.011593,0.670520,-0.741067,-0.034972,0.032064,-0.018147,0.999321,0,0.22140,0.45789,13.284,0.916,-1,400.000,-1,400.000,-1,325.000,325.000,300.000,300.000,-1,925.000,925.000,-1,850.000,925.000,-1,-1,2,0,2,0,2,0,0,0,0,2,0,0,2,0,0,2,2
21,1233.660,5384.194,306.421,138.989,-0.754592,-0.656095,0.011396,0.655448,-0.754448,-0.034590,0.031292,-0.018632,0.999337,0,0.30140,0.57789,18.084,1.156,-1,400.000,-1,400.000,-1,325.000,325.000,300.000,300.000,-1,950.000,975.000,-1,850.000,925.000,-1,-1,2,0,2,0,2,0,0,0,0,2,0,0,2,0,0,2,2
22,1216.031,5398.785,307.123,140.384,-0.770358,-0.637516,0.011052,0.636893,-0.770197,-0.034125,0.030267,-0.019250,0.999356,0,0.38140,0.69789,22.884,1.396,-1,400.000,-1,425.000,-1,325.000,325.000,300.000,300.000,-1,-1,-1,-1,850.000,925.000,-1,-1,2,0,2,0,2,0,0,0,0,2,2,2,2,0,0,2,2
23,1194.243,5415.863,307.946,141.910,-0.787069,-0.616773,0.010638,0.616179,-0.786891,-0.033566,0.029073,-0.019864,0.999380,0,0.46140,0.76296,27.684,1.526,-1,400.000,-1,425.000,-1,325.000,325.000,300.000,300.000,-1,-1,-1,-1,850.000,925.000,-1,-1,2,0,2,0,2,0,0,0,0,2,2,2,2,0,0,2,2
24,1168.152,5435.214,308.876,143.436,-0.803222,-0.595593,0.010157,0.595033,-0.803027,-0.032913,0.027759,-0.020392,0.999407,0,0.54140,0.76296,32.484,1.526,-1,400.000,-1,425.000,-1,325.000,325.000,300.000,300.000,-1,-1,-1,-1,825.000,925.000,-1,-1,2,0,2,0,2,0,0,0,0,2,2,2,2,0,0,2,2
25,1140.483,5454.615,309.806,144.962,-0.818803,-0.573993,0.009655,0.573466,-0.818595,-0.032242,0.026410,-0.020863,0.999433,0,0.56322,0.76296,33.793,1.526,-1,400.000,-1,425.000,-1,325.000,325.000,300.000,300.000,-1,-1,-1,-1,825.000,925.000,-1,-1,2,0,2,0,2,0,0,0,0,2,2,2,2,0,0,2,2
26,1112.307,5473.273,310.688,146.488,-0.833803,-0.551986,0.009147,0.551495,-0.833582,-0.031527,0.025028,-0.021243,0.999461,0,0.56322,0.76296,33.793,1.526,-1,400.000,-1,425.000,-1,325.000,325.000,300.000,300.000,-1,-1,-1,-1,825.000,925.000,-1,-1,2,0,2,0,2,0,0,0,0,2,2,2,2,0,0,2,2
27,1079.487,5493.579,311.589,148.254,-0.850420,-0.526035,0.008532,0.525589,-0.850194,-0.030445,0.023269,-0.021407,0.999500,0,0.64322,0.88296,38.593,1.766,-1,400.000,-1,425.000,-1,325.000,325.000,300.000,300.000,-1,-1,-1,-1,825.000,925.000,-1,-1,2,0,2,0,2,0,0,0,0,2,2,2,2,0,0,2,2
28,1041.812,5515.108,312.537,150.254,-0.868263,-0.496042,0.007818,0.495647,-0.868032,-0.029229,0.021285,-0.021504,0.999542,0,0.72322,1.00000,43.393,2.000,-1,400.000,-1,425.000,-1,325.000,325.000,300.000,300.000,-1,-1,-1,-1,825.000,925.000,-1,-1,2,0,2,0,2,0,0,0,0,2,2,2,2,0,0,2,2
29,999.160,5537.545,313.429,152.254,-0.885044,-0.465450,0.007382,0.465102,-0.884823,-0.027724,0.019436,-0.021104,0.999588,0,0.80322,1.00000,48.193,2.000,-1,400.000,-1,425.000,-1,325.000,325.000,300.000,300.000,-1,-1,-1,-1,800.000,900.000,-1,-1,2,0,2,0,2,0,0,0,0,2,2,2,2,0,0,2,2
30,951.427,5560.564,314.310,154.254,-0.900745,-0.434292,0.006929,0.433993,-0.900540,-0.026028,0.017544,-0.020437,0.999637,0,0.88322,1.00000,52.993,2.000,-1,400.000,-1,425.000,-1,325.000,325.000,300.000,300.000,-1,-1,-1,-1,800.000,900.000,-1,-1,2,0,2,0,2,0,0,0,0,2,2,2,2,0,0,2,2
31,898.812,5583.711,315.179,156.254,-0.915351,-0.402606,0.006379,0.402355,-0.915164,-0.024190,0.015577,-0.019576,0.999687,0,0.95802,1.00000,57.481,2.000,-1,400.000,-1,425.000,-1,325.000,325.000,300.000,300.000,-1,-1,-1,-1,800.000,900.000,-1,-1,2,0,2,0,2,0,0,0,0,2,2,2,2,0,0,2,2
32,845.422,5605.008,315.962,158.254,-0.928843,-0.370429,0.005777,0.370223,-0.928674,-0.022360,0.013648,-0.018630,0.999733,0,0.95802,1.00000,57.481,2.000,-1,400.000,-1,425.000,-1,325.000,325.000,300.000,300.000,-1,-1,-1,-1,800.000,900.000,-1,-1,2,0,2,0,2,0,0,0,0,2,2,2,2,0,0,2,2
33,791.320,5624.428,316.665,160.254,-0.941204,-0.337799,0.005128,0.337633,-0.941053,-0.020550,0.011768,-0.017610,0.999776,0,0.95802,1.00000,57.481,2.000,-1,400.000,-1,425.000,-1,325.000,325.000,300.000,300.000,-1,-1,-1,-1,800.000,875.000,-1,-1,2,0,2,0,2,0,0,0,0,2,2,2,2,0,0,2,2
34,736.574,5641.948,317.292,162.254,-0.952420,-0.304757,0.004443,0.304627,-0.952287,-0.018773,0.009952,-0.016527,0.999814,0,0.95802,1.00000,57.481,2.000,-1,400.000,-1,425.000,-1,325.000,325.000,300.000,300.000,-1,-1,-1,-1,800.000,875.000,-1,-1,2,0,2,0,2,0,0,0,0,2,2,2,2,0,0,2,2
35,681.250,5657.547,317.775,164.254,-0.962477,-0.271341,0.003432,0.271245,-0.962355,-0.017279,0.007991,-0.015700,0.999845,0,0.95802,1.00000,57.481,2.000,-1,400.000,-1,425.000,-1,325.000,325.000,300.000,300.000,-1,-1,-1,-1,775.000,875.000,-1,-1,2,0,2,0,2,0,0,0,0,2,2,2,2,0,0,2,2
36,625.415,5671.206,318.153,166.254,-0.971362,-0.237592,0.002277,0.237527,-0.971249,-0.015998,0.006012,-0.014999,0.999869,0,0.95802,1.00000,57.481,2.000,-1,400.000,-1,425.000,-1,325.000,325.000,300.000,300.000,-1,-1,-1,-1,775.000,850.000,-1,-1,2,0,2,0,2,0,0,0,0,2,2,2,2,0,0,2,2
37,569.138,5682.908,318.372,168.254,-0.979063,-0.203554,0.001421,0.203513,-0.978965,-0.014512,0.004345,-0.013920,0.999894,0,0.95802,1.00000,57.481,2.000,-1,400.000,-1,400.000,-1,325.000,325.000,300.000,300.000,-1,-1,-1,-1,775.000,850.000,-1,-1,2,0,2,0,2,0,0,0,0,2,2,2,2,0,0,2,2
38,512.486,5692.638,318.489,170.254,-0.985570,-0.169268,0.000620,0.169246,-0.985489,-0.012952,0.002804,-0.012660,0.999916,0,0.95802,1.00000,57.481,2.000,-1,400.000,-1,400.000,-1,325.000,325.000,300.000,300.000,-1,-1,-1,-1,775.000,850.000,-1,-1,2,0,2,0,2,0,0,0,0,2,2,2,2,0,0,2,2
39,455.529,5700.386,318.549,172.254,-0.990876,-0.134774,-0.000138,0.134767,-0.990811,-0.011462,0.001408,-0.011376,0.999934,0,0.95802,1.00000,57.481,2.000,-1,400.000,-1,400.000,-1,325.000,325.000,300.000,300.000,-1,-1,-1,-1,775.000,825.000,-1,-1,2,0,2,0,2,0,0,0,0,2,2,2,2,0,0,2,2
40,398.337,5706.141,318.561,174.254,-0.994976,-0.100114,-0.000854,0.100118,-0.994925,-0.010042,0.000156,-0.010077,0.999949,0,0.95802,1.00000,57.481,2.000,-1,400.000,-1,400.000,-1,325.000,325.000,300.000,300.000,-1,-1,-1,-1,775.000,825.000,-1,-1,2,0,2,0,2,0,0,0,0,2,2,2,2,0,0,2,2
41,340.978,5709.897,318.530,176.254,-0.997862,-0.065332,-0.001528,0.065343,-0.997825,-0.008694,-0.000957,-0.008775,0.999961,0,0.95802,1.00000,57.481,2.000,-1,400.000,-1,400.000,-1,325.000,325.000,300.000,300.000,-1,-1,-1,-1,775.000,825.000,-1,-1,2,0,2,0,2,0,0,0,0,2,2,2,2,0,0,2,2
42,283.524,5711.648,318.464,178.254,-0.999533,-0.030469,-0.002162,0.030484,-0.999508,-0.007417,-0.001935,-0.007479,0.999970,0,0.95802,1.00000,57.481,2.000,-1,400.000,-1,400.000,-1,325.000,325.000,300.000,300.000,-1,-1,-1,-1,775.000,800.000,-1,-1,2,0,2,0,2,0,0,0,0,2,2,2,2,0,0,2,2
43,226.043,5711.393,318.371,180.254,-0.999986,0.004432,-0.002755,-0.004415,-0.999971,-0.006212,-0.002782,-0.006200,0.999977,0,0.95802,1.00000,57.481,2.000,-1,400.000,-1,400.000,-1,325.000,325.000,300.000,300.000,-1,-1,-1,-1,775.000,800.000,-1,-1,2,0,2,0,2,0,0,0,0,2,2,2,2,0,0,2,2
44,168.606,5709.133,318.257,182.254,-0.999221,0.039328,-0.003308,-0.039311,-0.999214,-0.005082,-0.003506,-0.004948,0.999982,0,0.95802,1.00000,57.481,2.000,-1,400.000,-1,400.000,-1,325.000,325.000,300.000,300.000,-1,-1,-1,-1,775.000,800.000,-1,-1,2,0,2,0,2,0,0,0,0,2,2,2,2,0,0,2,2
45,116.054,5705.445,318.142,184.014,-0.997540,0.069999,-0.003783,-0.069983,-0.997540,-0.004107,-0.004062,-0.003833,0.999984,0,0.87802,0.88000,52.681,1.760,-1,400.000,-1,400.000,-1,325.000,325.000,300.000,300.000,-1,-1,-1,-1,775.000,800.000,-1,-1,2,0,2,0,2,0,0,0,0,2,2,2,2,0,0,2,2
46,68.396,5700.828,318.033,185.534,-0.995330,0.096435,-0.004190,-0.096422,-0.995335,-0.003271,-0.004486,-0.002852,0.999986,0,0.79802,0.76000,47.881,1.520,-1,400.000,-1,400.000,-1,325.000,325.000,300.000,300.000,-1,-1,-1,-1,775.000,800.000,-1,-1,2,0,2,0,2,0,0,0,0,2,2,2,2,0,0,2,2
47,22.638,5695.360,317.917,186.814,-0.992926,0.118646,-0.004538,-0.118635,-0.992935,-0.002460,-0.004797,-0.001904,0.999987,0,0.76805,0.64000,46.083,1.280,-1,400.000,-1,400.000,-1,325.000,325.000,300.000,300.000,-1,-1,-1,-1,775.000,775.000,-1,-1,2,0,2,0,2,0,0,0,0,2,2,2,2,0,0,2,2
48,-23.013,5689.063,317.757,187.854,-0.990607,0.136648,-0.004911,-0.136643,-0.990619,-0.001501,-0.005070,-0.000816,0.999987,0,0.76805,0.52000,46.083,1.040,-1,400.000,-1,400.000,-1,325.000,325.000,325.000,300.000,-1,-1,-1,-1,775.000,775.000,-1,-1,2,0,2,0,2,0,0,0,0,2,2,2,2,0,0,2,2
49,-68.571,5682.129,317.456,188.654,-0.988602,0.150466,-0.005088,-0.150463,-0.988615,-0.001101,-0.005196,-0.000323,0.999986,0,0.76805,0.40000,46.083,0.800,-1,400.000,-1,400.000,-1,325.000,325.000,325.000,300.000,-1,-1,-1,-1,775.000,775.000,-1,-1,2,0,2,0,2,0,0,0,0,2,2,2,2,0,0,2,2
50,-114.060,5674.750,317.097,189.214,-0.987083,0.160122,-0.005368,-0.160119,-0.987097,-0.000970,-0.005454,-0.000098,0.999985,0,0.76805,0.28000,46.083,0.560,-1,400.000,-1,400.000,-1,325.000,325.000,300.000,300.000,-1,-1,-1,-1,775.000,775.000,-1,-1,2,0,2,0,2,0,0,0,0,2,2,2,2,0,0,2,2
51,-159.507,5667.117,316.736,189.534,-0.986171,0.165632,-0.005652,-0.165630,-0.986188,-0.000863,-0.005717,0.000085,0.999984,0,0.76805,0.16000,46.083,0.320,-1,400.000,-1,400.000,-1,325.000,325.000,300.000,300.000,-1,-1,-1,-1,775.000,775.000,-1,-1,2,0,2,0,2,0,0,0,0,2,2,2,2,0,0,2,2
52,-204.943,5659.421,316.375,189.614,-0.985937,0.167009,-0.005947,-0.167007,-0.985955,-0.000773,-0.005993,0.000231,0.999982,0,0.76805,0.04000,46.083,0.080,-1,400.000,-1,400.000,-1,325.000,325.000,300.000,300.000,-1,-1,-1,-1,775.000,775.000,-1,-1,2,0,2,0,2,0,0,0,0,2,2,2,2,0,0,2,2
53,-250.400,5651.852,316.015,189.454,-0.986398,0.164255,-0.006259,-0.164254,-0.986418,-0.000691,-0.006288,0.000347,0.999980,0,0.76805,-0.08000,46.083,-0.160,-1,400.000,-1,400.000,-1,325.000,325.000,300.000,300.000,-1,-1,-1,-1,775.000,775.000,-1,-1,2,0,2,0,2,0,0,0,0,2,2,2,2,0,0,2,2
54,-295.909,5644.600,315.658,189.054,-0.987519,0.157364,-0.006593,-0.157364,-0.987541,-0.000608,-0.006607,0.000437,0.999978,0,0.76805,-0.20000,46.083,-0.400,-1,400.000,-1,400.000,-1,325.000,325.000,300.000,300.000,-1,-1,-1,-1,775.000,775.000,-1,-1,2,0,2,0,2,0,0,0,0,2,2,2,2,0,0,2,2
55,-341.494,5637.845,315.305,188.429,-0.989173,0.146588,-0.006953,-0.146588,-0.989197,-0.000515,-0.006953,0.000510,0.999976,0,0.76805,-0.31234,46.083,-0.625,-1,400.000,-1,400.000,-1,325.000,325.000,300.000,300.000,-1,-1,-1,-1,775.000,775.000,-1,-1,2,0,2,0,2,0,0,0,0,2,2,2,2,0,0,2,2
56,-387.151,5631.587,314.960,187.805,-0.990710,0.135795,-0.007338,-0.135796,-0.990737,-0.000401,-0.007324,0.000599,0.999973,0,0.76805,-0.31234,46.083,-0.625,-1,400.000,-1,400.000,-1,325.000,325.000,300.000,300.000,-1,-1,-1,-1,775.000,750.000,-1,-1,2,0,2,0,2,0,0,0,0,2,2,2,2,0,0,2,2
57,-432.872,5625.827,314.621,187.180,-0.992128,0.124986,-0.007746,-0.124987,-0.992158,-0.000265,-0.007718,0.000705,0.999970,0,0.76805,-0.31234,46.083,-0.625,-1,400.000,-1,400.000,-1,325.000,325.000,300.000,300.000,-1,-1,-1,-1,775.000,750.000,-1,-1,2,0,2,0,2,0,0,0,0,2,2,2,2,0,0,2,2
58,-478.654,5620.566,314.289,186.555,-0.993429,0.114161,-0.008174,-0.114164,-0.993462,-0.000107,-0.008133,0.000827,0.999967,0,0.76805,-0.31234,46.083,-0.625,-1,400.000,-1,400.000,-1,325.000,325.000,300.000,300.000,-1,-1,-1,-1,775.000,750.000,-1,-1,2,0,2,0,2,0,0,0,0,2,2,2,2,0,0,2,2
59,-524.491,5615.805,313.963,185.931,-0.994610,0.103323,-0.008622,-0.103328,-0.994647,0.000073,-0.008568,0.000963,0.999963,0,0.76805,-0.31234,46.083,-0.625,-1,400.000,-1,400.000,-1,325.000,325.000,300.000,300.000,-1,-1,-1,-1,775.000,750.000,-1,-1,2,0,2,0,2,0,0,0,0,2,2,2,2,0,0,2,2
60,-570.377,5611.543,313.642,185.306,-0.995674,0.092473,-0.009085,-0.092479,-0.995715,0.000275,-0.009021,0.001114,0.999959,0,0.76805,-0.31234,46.083,-0.625,-1,400.000,-1,400.000,-1,325.000,325.000,300.000,300.000,-1,-1,-1,-1,775.000,750.000,-1,-1,2,0,2,0,2,0,0,0,0,2,2,2,2,0,0,2,2
61,-616.344,5607.778,313.326,184.682,-0.996617,0.081627,-0.009563,-0.081635,-0.996662,0.000501,-0.009490,0.001280,0.999954,0,0.76869,-0.31190,46.121,-0.624,-1,400.000,-1,400.000,-1,325.000,325.000,300.000,300.000,-1,-1,-1,-1,775.000,750.000,-1,-1,2,0,2,0,2,0,0,0,0,2,2,2,2,0,0,2,2
62,-662.487,5604.502,313.020,184.062,-0.997439,0.070830,-0.009913,-0.070840,-0.997487,0.000736,-0.009836,0.001436,0.999951,0,0.77098,-0.31023,46.259,-0.620,-1,400.000,-1,375.000,-1,325.000,325.000,300.000,300.000,-1,-1,-1,-1,775.000,725.000,-1,-1,2,0,2,0,2,0,0,0,0,2,2,2,2,0,0,2,2
63,-708.793,5601.715,312.633,183.445,-0.998146,0.060086,-0.009732,-0.060094,-0.998193,0.000508,-0.009684,0.001092,0.999953,0,0.77317,-0.30845,46.390,-0.617,-1,400.000,-1,375.000,-1,325.000,325.000,300.000,300.000,-1,-1,-1,-1,775.000,725.000,-1,-1,2,0,2,0,2,0,0,0,0,2,2,2,2,0,0,2,2
64,-755.251,5599.417,312.240,182.832,-0.998734,0.049401,-0.009509,-0.049406,-0.998779,0.000267,-0.009484,0.000737,0.999955,0,0.77524,-0.30655,46.515,-0.613,-1,400.000,-1,375.000,-1,325.000,325.000,300.000,300.000,-1,-1,-1,-1,750.000,725.000,-1,-1,2,0,2,0,2,0,0,0,0,2,2,2,2,0,0,2,2
65,-801.848,5597.608,311.846,182.223,-0.999205,0.038781,-0.009288,-0.038783,-0.999248,0.000032,-0.009280,0.000392,0.999957,0,0.77720,-0.30455,46.632,-0.609,-1,400.000,-1,375.000,-1,325.000,325.000,300.000,300.000,-1,-1,-1,-1,750.000,725.000,-1,-1,2,0,2,0,2,0,0,0,0,2,2,2,2,0,0,2,2
66,-848.571,5596.289,311.451,181.618,-0.999560,0.028230,-0.009069,-0.028229,-0.999601,-0.000197,-0.009071,0.000059,0.999959,0,0.77903,-0.30244,46.742,-0.605,-1,400.000,-1,375.000,-1,325.000,325.000,300.000,300.000,-1,-1,-1,-1,750.000,725.000,-1,-1,2,0,2,0,2,0,0,0,0,2,2,2,2,0,0,2,2
67,-895.407,5595.457,311.057,181.017,-0.999803,0.017753,-0.008849,-0.017750,-0.999842,-0.000420,-0.008855,-0.000263,0.999961,0,0.78073,-0.30022,46.844,-0.600,-1,400.000,-1,400.000,-1,325.000,325.000,300.000,300.000,-1,-1,-1,-1,750.000,725.000,-1,-1,2,0,2,0,2,0,0,0,0,2,2,2,2,0,0,2,2
68,-942.343,5595.112,310.662,180.421,-0.999936,0.007355,-0.008629,-0.007350,-0.999973,-0.000638,-0.008633,-0.000574,0.999963,0,0.78228,-0.29789,46.937,-0.596,-1,400.000,-1,400.000,-1,325.000,325.000,300.000,300.000,-1,-1,-1,-1,750.000,725.000,-1,-1,2,0,2,0,2,0,0,0,0,2,2,2,2,0,0,2,2
69,-989.363,5595.251,310.269,179.831,-0.999960,-0.002958,-0.008406,0.002965,-0.999995,-0.000850,-0.008403,-0.000874,0.999964,0,0.78368,-0.29546,47.021,-0.591,-1,400.000,-1,400.000,-1,325.000,325.000,300.000,300.000,-1,-1,-1,-1,750.000,725.000,-1,-1,2,0,2,0,2,0,0,0,0,2,2,2,2,0,0,2,2
70,-1036.454,5595.872,309.877,179.245,-0.999880,-0.013182,-0.008180,0.013191,-0.999912,-0.001056,-0.008166,-0.001163,0.999966,0,0.78492,-0.29292,47.095,-0.586,-1,400.000,-1,375.000,-1,325.000,325.000,300.000,300.000,-1,-1,-1,-1,750.000,725.000,-1,-1,2,0,2,0,2,0,0,0,0,2,2,2,2,0,0,2,2
71,-1083.601,5596.971,309.486,178.664,-0.999697,-0.023313,-0.007950,0.023324,-0.999727,-0.001256,-0.007919,-0.001441,0.999968,0,0.78599,-0.29028,47.159,-0.581,-1,400.000,-1,375.000,-1,325.000,325.000,300.000,300.000,-1,-1,-1,-1,750.000,700.000,-1,-1,2,0,2,0,2,0,0,0,0,2,2,2,2,0,0,2,2
72,-1130.788,5598.546,309.098,178.089,-0.999414,-0.033346,-0.007715,0.033358,-0.999442,-0.001452,-0.007663,-0.001708,0.999969,0,0.78689,-0.28754,47.213,-0.575,-1,400.000,-1,375.000,-1,325.000,325.000,300.000,300.000,-1,-1,-1,-1,750.000,700.000,-1,-1,2,0,2,0,2,0,0,0,0,2,2,2,2,0,0,2,2
73,-1177.999,5600.591,308.711,177.520,-0.999035,-0.043277,-0.007474,0.043291,-0.999061,-0.001643,-0.007396,-0.001965,0.999971,0,0.78760,-0.28472,47.256,-0.569,-1,375.000,-1,375.000,-1,325.000,325.000,300.000,300.000,-1,-1,-1,-1,750.000,700.000,-1,-1,2,0,2,0,2,0,0,0,0,2,2,2,2,0,0,2,2
74,-1229.993,5603.142,308.286,177.190,-0.998772,-0.049021,-0.007200,0.049035,-0.998795,-0.001846,-0.007101,-0.002197,0.999972,0,0.86760,-0.16472,52.056,-0.329,-1,375.000,-1,375.000,-1,300.000,300.000,300.000,300.000,-1,-1,-1,-1,750.000,700.000,-1,-1,2,0,2,0,2,0,0,0,0,2,2,2,2,0,0,2,2
75,-1283.364,5605.911,307.851,177.031,-0.998634,-0.051798,-0.006913,0.051814,-0.998655,-0.002052,-0.006797,-0.002408,0.999974,0,0.89072,-0.07968,53.443,-0.159,-1,375.000,-1,375.000,-1,300.000,300.000,300.000,300.000,-1,-1,-1,-1,725.000,700.000,-1,-1,2,0,2,0,2,0,0,0,0,2,2,2,2,0,0,2,2
76,-1336.753,5608.823,307.572,176.878,-0.998495,-0.054465,-0.006357,0.054479,-0.998513,-0.002081,-0.006234,-0.002424,0.999978,0,0.89113,-0.07649,53.468,-0.153,-1,375.000,-1,375.000,-1,300.000,300.000,300.000,300.000,-1,-1,-1,-1,725.000,700.000,-1,-1,2,0,2,0,2,0,0,0,0,2,2,2,2,0,0,2,2
77,-1390.145,5611.872,307.554,176.731,-0.998359,-0.057017,-0.005325,0.057032,-0.998369,-0.002739,-0.005160,-0.003039,0.999982,0,0.89133,-0.07324,53.480,-0.146,-1,375.000,-1,375.000,-1,300.000,300.000,300.000,300.000,-1,-1,-1,-1,750.000,700.000,-1,-1,2,0,2,0,2,0,0,0,0,2,2,2,2,0,0,2,2
78,-1443.531,5615.052,307.540,176.592,-0.998222,-0.059454,-0.004288,0.059468,-0.998224,-0.003398,-0.004078,-0.003647,0.999985,0,0.89133,-0.06992,53.480,-0.140,-1,375.000,-1,375.000,-1,300.000,300.000,300.000,300.000,-1,-1,-1,-1,750.000,700.000,-1,-1,2,0,2,0,2,0,0,0,0,2,2,2,2,0,0,2,2
79,-1496.896,5618.355,307.532,176.458,-0.998085,-0.061772,-0.003244,0.061785,-0.998081,-0.004058,-0.002987,-0.004250,0.999987,0,0.89112,-0.06656,53.467,-0.133,-1,375.000,-1,375.000,-1,300.000,300.000,325.000,300.000,-1,-1,-1,-1,750.000,700.000,-1,-1,2,0,2,0,2,0,0,0,0,2,2,2,2,0,0,2,2
80,-1550.229,5621.773,307.529,176.332,-0.997949,-0.063972,-0.002194,0.063982,-0.997940,-0.004716,-0.001888,-0.004847,0.999986,0,0.89070,-0.06315,53.442,-0.126,-1,375.000,-1,375.000,-1,300.000,300.000,325.000,325.000,-1,-1,-1,-1,750.000,700.000,-1,-1,2,0,2,0,2,0,0,0,0,2,2,2,2,0,0,2,2
81,-1603.517,5625.301,307.532,176.213,-0.997816,-0.066052,-0.001139,0.066057,-0.997801,-0.005374,-0.000781,-0.005438,0.999985,0,0.89008,-0.05972,53.405,-0.119,-1,375.000,-1,375.000,-1,325.000,300.000,325.000,325.000,-1,-1,-1,-1,750.000,700.000,-1,-1,2,0,2,0,2,0,0,0,0,2,2,2,2,0,0,2,2
82,-1656.748,5628.930,307.540,176.100,-0.997685,-0.068012,-0.000077,0.068011,-0.997666,-0.006031,0.000333,-0.006023,0.999982,0,0.88925,-0.05627,53.355,-0.113,-1,400.000,-1,375.000,-1,325.000,300.000,325.000,325.000,-1,975.000,1000.000,-1,750.000,700.000,-1,-1,2,0,2,0,2,0,0,0,0,2,0,0,2,0,0,2,2
83,-1709.911,5632.652,307.554,175.995,-0.997557,-0.069851,0.000990,0.069843,-0.997536,-0.006687,0.001455,-0.006601,0.999977,0,0.88822,-0.05282,53.293,-0.106,-1,400.000,-1,375.000,-1,325.000,325.000,325.000,325.000,-1,900.000,925.000,-1,750.000,725.000,-1,-1,2,0,2,0,2,0,0,0,0,2,0,0,2,0,0,2,2
84,-1762.995,5636.463,307.575,175.894,-0.997432,-0.071597,0.002063,0.071580,-0.997408,-0.007340,0.002583,-0.007173,0.999971,0,0.88700,-0.05015,53.220,-0.100,-1,400.000,-1,375.000,-1,325.000,325.000,325.000,325.000,-1,825.000,850.000,-1,775.000,725.000,-1,-1,2,0,2,0,2,0,0,0,0,2,0,0,2,0,0,2,2
85,-1815.988,5640.357,307.601,175.797,-0.997306,-0.073291,0.003142,0.073264,-0.997281,-0.007991,0.003719,-0.007739,0.999963,0,0.88560,-0.04869,53.136,-0.097,-1,400.000,-1,375.000,-1,325.000,325.000,325.000,300.000,-1,775.000,825.000,-1,775.000,725.000,-1,-1,2,0,2,0,2,0,0,0,0,2,0,0,2,0,0,2,2
86,-1868.880,5644.332,307.634,175.702,-0.997179,-0.074940,0.004226,0.074902,-0.997153,-0.008640,0.004861,-0.008299,0.999954,0,0.88403,-0.04738,53.042,-0.095,-1,400.000,-1,375.000,-1,325.000,325.000,325.000,300.000,-1,725.000,775.000,-1,775.000,725.000,-1,-1,2,0,2,0,2,0,0,0,0,2,0,0,2,0,0,2,2
87,-1921.663,5648.385,307.673,175.610,-0.997052,-0.076550,0.005316,0.076498,-0.997026,-0.009286,0.006011,-0.008852,0.999943,0,0.88230,-0.04625,52.938,-0.093,-1,400.000,-1,375.000,-1,325.000,325.000,325.000,300.000,-1,675.000,725.000,-1,775.000,725.000,-1,-1,2,0,2,0,2,0,0,0,0,2,0,0,2,0,0,2,2
88,-1974.328,5652.512,307.810,175.519,-0.996924,-0.078126,0.006167,0.078065,-0.996903,-0.009536,0.006892,-0.009025,0.999936,0,0.88044,-0.04529,52.826,-0.091,-1,400.000,-1,375.000,-1,325.000,325.000,325.000,300.000,-1,650.000,725.000,-1,800.000,725.000,-1,-1,2,0,2,0,2,0,0,0,0,2,0,0,2,0,0,2,2
89,-2026.868,5656.712,308.194,175.430,-0.996801,-0.079674,0.006354,0.079607,-0.996774,-0.010261,0.007151,-0.009723,0.999927,0,0.87846,-0.04451,52.708,-0.089,-1,400.000,-1,375.000,-1,325.000,325.000,325.000,300.000,-1,700.000,750.000,-1,800.000,-1,-1,-1,2,0,2,0,2,0,0,0,0,2,0,0,2,0,2,2,2
90,-2079.278,5660.982,308.604,175.342,-0.996676,-0.081201,0.006511,0.081126,-0.996643,-0.011043,0.007386,-0.010478,0.999918,0,0.87639,-0.04391,52.584,-0.088,-1,400.000,-1,375.000,-1,325.000,325.000,325.000,300.000,-1,725.000,800.000,-1,800.000,-1,-1,-1,2,0,2,0,2,0,0,0,0,2,0,0,2,0,2,2,2
91,-2131.554,5665.321,309.022,175.255,-0.996551,-0.082713,0.006671,0.082631,-0.996510,-0.011814,0.007625,-0.011222,0.999908,0,0.87426,-0.04348,52.455,-0.087,-1,400.000,-1,375.000,-1,325.000,325.000,325.000,300.000,-1,750.000,850.000,-1,800.000,-1,-1,-1,2,0,2,0,2,0,0,0,0,2,0,0,2,0,2,2,2
92,-2184.674,5669.587,309.450,175.408,-0.996767,-0.080050,0.006821,0.079960,-0.996718,-0.012600,0.007807,-0.012014,0.999897,0,0.88818,0.07652,53.291,0.153,-1,400.000,-1,375.000,-1,325.000,325.000,325.000,300.000,-1,800.000,900.000,-1,800.000,-1,-1,-1,2,0,2,0,2,0,0,0,0,2,0,0,2,0,2,2,2
93,-2237.702,5673.480,309.875,175.801,-0.997292,-0.073210,0.006953,0.073113,-0.997234,-0.013394,0.007915,-0.012849,0.999886,0,0.88618,0.19652,53.171,0.393,-1,400.000,-1,375.000,-1,325.000,325.000,325.000,300.000,-1,825.000,950.000,-1,800.000,-1,-1,-1,2,0,2,0,2,0,0,0,0,2,0,0,2,0,2,2,2
94,-2292.722,5676.908,310.311,176.434,-0.998039,-0.062187,0.007066,0.062082,-0.997970,-0.014231,0.007937,-0.013764,0.999874,0,0.91878,0.31652,55.127,0.633,-1,400.000,-1,375.000,-1,325.000,325.000,325.000,300.000,-1,875.000,1000.000,-1,825.000,-1,-1,-1,2,0,2,0,2,0,0,0,0,2,0,0,2,0,2,2,2
95,-2347.731,5679.495,310.734,177.307,-0.998871,-0.046974,0.007150,0.046862,-0.998787,-0.015090,0.007850,-0.014738,0.999861,0,0.91782,0.43652,55.069,0.873,-1,400.000,-1,-1,-1,325.000,325.000,325.000,300.000,-1,925.000,-1,-1,825.000,-1,-1,-1,2,0,2,2,2,1,1,0,0,2,0,2,2,0,2,2,2
96,-2406.946,5681.624,311.189,177.940,-0.999328,-0.035935,0.007239,0.035816,-0.999230,-0.016021,0.007810,-0.015751,0.999845,0,0.98756,0.31652,59.253,0.633,-1,400.000,-1,-1,-1,325.000,350.000,325.000,300.000,-1,975.000,-1,-1,825.000,-1,-1,-1,2,0,2,2,2,1,1,0,0,2,0,2,2,0,2,2,2
97,-2466.926,5683.151,311.642,178.542,-0.999649,-0.025446,0.007319,0.025319,-0.999535,-0.016978,0.007747,-0.016787,0.999829,0,1.00000,0.30066,60.000,0.601,-1,400.000,-1,-1,-1,325.000,375.000,325.000,300.000,-1,-1,-1,-1,825.000,-1,-1,-1,2,0,2,2,2,1,1,0,0,2,2,2,2,0,2,2,2
98,-2526.919,5684.089,312.086,179.104,-0.999850,-0.015639,0.007388,0.015505,-0.999719,-0.017948,0.007666,-0.017831,0.999812,0,1.00000,0.28104,60.000,0.562,-1,400.000,-1,-1,-1,350.000,425.000,325.000,300.000,-1,-1,-1,-1,850.000,-1,-1,-1,2,0,2,2,2,1,1,0,0,2,2,2,2,0,2,2,2
99,-2586.918,5684.481,312.522,179.626,-0.999951,-0.006528,0.007447,0.006386,-0.999800,-0.018932,0.007569,-0.018883,0.999793,0,1.00000,0.26109,60.000,0.522,-1,400.000,-1,-1,-1,350.000,450.000,325.000,300.000,-1,-1,-1,-1,850.000,-1,-1,-1,2,0,2,2,2,1,1,0,0,2,2,2,2,0,2,2,2
100,-2646.917,5684.348,311.336,180.127,-0.999994,0.002222,0.002590,-0.002259,-0.999895,-0.014289,0.002558,-0.014295,0.999895,0,1.00000,0.25070,60.000,0.501,-1,400.000,-1,1000.000,-1,325.000,450.000,325.000,300.000,-1,-1,-1,-1,825.000,-1,-1,-1,2,0,2,1,2,1,1,0,0,2,2,2,2,0,2,2,2
101,-2706.611,5683.713,307.003,180.611,-0.999872,0.010666,-0.011927,-0.010680,-0.999942,0.001129,-0.011914,0.001256,0.999928,0,0.99495,0.24191,59.697,0.484,-1,375.000,-1,875.000,-1,300.000,425.000,325.000,250.000,-1,-1,-1,-1,750.000,-1,-1,-1,2,0,2,1,2,1,1,0,0,2,2,2,2,0,2,2,2
102,-2761.503,5682.893,303.128,180.855,-0.999575,0.014920,-0.025046,-0.015293,-0.999774,0.014782,-0.024820,0.015158,0.999577,0,0.91495,0.12191,54.897,0.244,-1,350.000,-1,800.000,-1,275.000,400.000,350.000,225.000,-1,-1,-1,-1,675.000,-1,-1,-1,2,0,2,1,2,1,1,0,0,2,2,2,2,0,2,2,2
103,-2811.595,5682.141,299.653,180.859,-0.999213,0.014982,-0.036738,-0.015982,-0.999506,0.027079,-0.036314,0.027645,0.998958,0,0.83495,0.00191,50.097,0.004,-1,325.000,-1,725.000,-1,275.000,375.000,350.000,200.000,-1,-1,-1,-1,600.000,-1,-1,-1,2,0,2,1,2,1,1,0,0,2,2,2,2,0,2,2,2
104,-2856.891,5681.646,296.529,180.623,-0.998836,0.010858,-0.047003,-0.012668,-0.999183,0.038382,-0.046548,0.038933,0.998157,0,0.75495,-0.11809,45.297,-0.236,-1,300.000,-1,675.000,-1,250.000,375.000,375.000,175.000,-1,-1,-1,-1,575.000,-1,-1,-1,2,0,2,1,2,1,1,0,0,2,2,2,2,0,2,2,2
105,-2897.636,5681.538,293.693,180.146,-0.998433,0.002552,-0.055901,-0.005299,-0.998783,0.049041,-0.055708,0.049261,0.997231,0,0.67908,-0.23809,40.745,-0.476,-1,275.000,-1,625.000,-1,250.000,375.000,375.000,150.000,-1,-1,-1,-1,525.000,950.000,-1,-1,2,0,2,1,2,1,1,0,0,2,2,2,2,0,1,2,2
106,-2938.172,5681.937,290.807,179.430,-0.997873,-0.009927,-0.064427,0.006029,-0.998155,0.060411,-0.064908,0.059894,0.996092,0,0.67561,-0.35809,40.536,-0.716,-1,250.000,-1,575.000,-1,225.000,375.000,400.000,150.000,-1,-1,-1,-1,475.000,900.000,-1,-1,2,0,2,1,2,1,1,0,1,2,2,2,2,0,1,2,2
107,-2978.534,5683.007,287.828,178.474,-0.997011,-0.026563,-0.072547,0.021269,-0.997121,0.072785,-0.074271,0.071025,0.994706,0,0.67290,-0.47809,40.374,-0.956,-1,250.000,-1,550.000,-1,225.000,375.000,425.000,175.000,-1,-1,-1,-1,450.000,850.000,-1,-1,2,0,2,1,2,1,1,0,1,2,2,2,2,0,1,2,2
108,-3018.750,5684.912,284.717,177.278,-0.995656,-0.047329,-0.080186,0.040357,-0.995438,0.086452,-0.083912,0.082841,0.993024,0,0.67099,-0.59809,40.259,-1.196,-1,225.000,-1,525.000,-1,225.000,350.000,425.000,175.000,-1,-1,-1,-1,400.000,800.000,775.000,-1,2,0,2,1,2,1,1,0,1,2,2,2,2,0,1,0,2
109,-3058.843,5687.818,281.442,175.842,-0.993571,-0.072181,-0.087219,0.063199,-0.992807,0.101689,-0.093931,0.095523,0.990985,0,0.66992,-0.71809,40.195,-1.436,-1,225.000,-1,500.000,-1,225.000,350.000,475.000,200.000,-1,-1,-1,-1,350.000,750.000,575.000,-1,2,1,2,1,2,1,1,0,1,2,2,2,2,0,1,0,2
110,-3098.822,5691.892,277.971,174.165,-0.990483,-0.101047,-0.093452,0.089678,-0.988866,0.118754,-0.104411,0.109243,0.988516,0,0.66971,-0.83809,40.182,-1.676,-1,225.000,1000.000,475.000,-1,225.000,325.000,500.000,200.000,-1,-1,-1,-1,325.000,700.000,450.000,1000.000,2,1,1,1,2,1,1,0,1,2,2,2,2,0,1,0,1
111,9511.018,2951.695,47.436,-10.615,0.982578,0.184207,0.024680,-0.183913,0.982847,-0.013696,-0.026780,0.008918,0.999602,1,0.00000,0.00000,40.222,-1.916,-1,400.000,-1,400.000,-1,325.000,325.000,300.000,300.000,-1,400.000,375.000,-1,800.000,725.000,-1,-1,2,0,2,0,2,0,0,0,0,2,1,1,2,0,0,2,2
112,9515.733,2950.796,47.313,-10.790,0.982009,0.187207,0.024740,-0.186914,0.982281,-0.013687,-0.026864,0.008817,0.999600,0,0.08000,-0.08749,4.800,-0.175,-1,400.000,-1,400.000,-1,325.000,325.000,300.000,300.000,-1,400.000,375.000,-1,800.000,725.000,-1,-1,2,0,2,0,2,0,0,0,0,2,1,1,2,0,0,2,2
113,9525.158,2948.970,47.067,-10.964,0.981432,0.190192,0.024853,-0.189900,0.981708,-0.013663,-0.026997,0.008690,0.999598,0,0.16000,-0.08707,9.600,-0.174,-1,400.000,-1,400.000,-1,325.000,325.000,300.000,300.000,-1,400.000,375.000,-1,800.000,725.000,-1,-1,2,0,2,0,2,0,0,0,0,2,1,1,2,0,0,2,2
114,9539.287,2946.189,46.698,-11.137,0.980851,0.193147,0.025018,-0.192855,0.981133,-0.013624,-0.027178,0.008539,0.999594,0,0.24000,-0.08623,14.400,-0.172,-1,400.000,-1,400.000,-1,325.000,325.000,300.000,300.000,-1,425.000,400.000,-1,775.000,725.000,-1,-1,2,0,2,0,2,0,0,0,0,2,1,1,2,0,0,2,2
115,9558.114,2942.424,46.206,-11.307,0.980268,0.196056,0.025233,-0.195765,0.980557,-0.013570,-0.027402,0.008362,0.999590,0,0.32000,-0.08498,19.200,-0.170,-1,400.000,-1,400.000,-1,325.000,325.000,300.000,300.000,-1,450.000,425.000,-1,775.000,725.000,-1,-1,2,0,2,0,2,0,0,0,0,2,1,1,2,0,0,2,2
116,9581.634,2937.650,45.590,-11.473,0.979687,0.198907,0.025493,-0.198616,0.979984,-0.013499,-0.027667,0.008161,0.999584,0,0.40000,-0.08330,24.000,-0.167,-1,400.000,-1,400.000,-1,325.000,325.000,300.000,300.000,-1,475.000,450.000,-1,775.000,725.000,-1,-1,2,0,2,0,2,0,0,0,0,2,1,1,2,0,0,2,2
117,9609.842,2931.842,44.853,-11.636,0.979111,0.201685,0.025794,-0.201395,0.979418,-0.013410,-0.027968,0.007935,0.999577,0,0.48000,-0.08121,28.800,-0.162,-1,400.000,-1,375.000,-1,325.000,325.000,300.000,300.000,-1,500.000,475.000,-1,775.000,725.000,-1,-1,2,0,2,0,2,0,0,0,0,2,1,1,2,0,0,2,2
118,9642.733,2924.974,43.993,-11.793,0.978544,0.204375,0.026132,-0.204086,0.978863,-0.013302,-0.028298,0.007683,0.999570,0,0.56000,-0.07869,33.600,-0.157,-1,400.000,-1,375.000,-1,325.000,325.000,300.000,300.000,-1,525.000,500.000,-1,775.000,725.000,-1,-1,2,0,2,0,2,0,0,0,0,2,1,1,2,0,0,2,2
119,9680.302,2917.027,43.012,-11.945,0.977990,0.206963,0.026500,-0.206676,0.978321,-0.013173,-0.028652,0.007406,0.999562,0,0.64000,-0.07576,38.400,-0.152,-1,400.000,-1,375.000,-1,325.000,325.000,300.000,300.000,-1,575.000,550.000,-1,775.000,725.000,-1,-1,2,0,2,0,2,0,0,0,0,2,1,1,2,0,0,2,2
120,9722.544,2907.979,41.911,-12.090,0.977453,0.209436,0.026891,-0.209151,0.977797,-0.013021,-0.029021,0.007103,0.999554,0,0.72000,-0.07241,43.200,-0.145,-1,400.000,-1,375.000,-1,325.000,325.000,300.000,300.000,-1,625.000,575.000,-1,775.000,700.000,-1,-1,2,0,2,0,2,0,0,0,0,2,1,1,2,0,0,2,2
121,9769.455,2897.813,40.682,-12.227,0.976937,0.211778,0.027276,-0.211498,0.977295,-0.012801,-0.029368,0.006737,0.999546,0,0.80000,-0.06863,48.000,-0.137,-1,400.000,-1,375.000,-1,325.000,325.000,300.000,300.000,-1,675.000,625.000,-1,775.000,700.000,-1,-1,2,0,2,0,2,0,0,0,0,2,1,1,2,0,0,2,2
122,9821.032,2886.515,39.176,-12.356,0.976456,0.213977,0.027336,-0.213726,0.976822,-0.011822,-0.029232,0.005701,0.999556,0,0.88000,-0.06444,52.800,-0.129,-1,400.000,-1,375.000,-1,325.000,325.000,300.000,300.000,-1,725.000,675.000,-1,775.000,700.000,-1,-1,2,0,2,0,2,0,0,0,0,2,1,1,2,0,0,2,2
123,9875.070,2874.560,37.607,-12.475,0.976006,0.216017,0.027381,-0.215797,0.976378,-0.010807,-0.029069,0.004639,0.999567,0,0.92241,-0.05982,55.345,-0.120,-1,400.000,-1,375.000,-1,325.000,325.000,300.000,300.000,-1,775.000,750.000,-1,750.000,700.000,-1,-1,2,0,2,0,2,0,0,0,0,2,1,1,2,0,0,2,2
124,9924.444,2863.745,36.181,-12.355,0.976462,0.213967,0.027208,-0.213772,0.976833,-0.009887,-0.028694,0.003838,0.999581,0,0.84241,0.06018,50.545,0.120,-1,400.000,-1,375.000,-1,325.000,325.000,300.000,300.000,-1,825.000,800.000,-1,750.000,700.000,-1,-1,2,0,2,0,2,0,0,0,0,2,1,1,2,0,0,2,2
125,9969.190,2854.238,34.937,-11.995,0.977795,0.207819,0.026968,-0.207651,0.978162,-0.008919,-0.028233,0.003121,0.999597,0,0.76241,0.18018,45.745,0.360,-1,400.000,-1,375.000,-1,325.000,325.000,300.000,300.000,-1,875.000,825.000,-1,750.000,700.000,-1,-1,2,0,2,0,2,0,0,0,0,2,1,1,2,0,0,2,2
126,10009.328,2846.149,33.837,-11.394,0.979926,0.197559,0.026739,-0.197412,0.980288,-0.008045,-0.027802,0.002604,0.999610,0,0.68241,0.30018,40.945,0.600,-1,400.000,-1,375.000,-1,325.000,325.000,300.000,300.000,-1,900.000,875.000,-1,750.000,700.000,-1,-1,2,0,2,0,2,0,0,0,0,2,1,1,2,0,0,2,2
127,10044.862,2839.529,32.875,-10.554,0.982725,0.183160,0.026527,-0.183030,0.983080,-0.007267,-0.027409,0.002287,0.999622,0,0.60241,0.42018,36.145,0.840,-1,400.000,-1,375.000,-1,325.000,325.000,300.000,300.000,-1,925.000,900.000,-1,750.000,700.000,-1,-1,2,0,2,0,2,0,0,0,0,2,1,1,2,0,0,2,2
128,10075.779,2834.370,32.046,-9.474,0.986010,0.164592,0.026334,-0.164474,0.986359,-0.006590,-0.027059,0.002166,0.999631,0,0.52241,0.54018,31.345,1.080,-1,400.000,-1,375.000,-1,325.000,325.000,300.000,300.000,-1,950.000,925.000,-1,750.000,700.000,-1,-1,2,0,2,0,2,0,0,0,0,2,1,1,2,0,0,2,2
129,10105.005,2830.068,31.268,-8.373,0.988995,0.145619,0.026151,-0.145512,0.989339,-0.005956,-0.026740,0.002085,0.999640,0,0.49235,0.55019,29.541,1.100,-1,400.000,-1,375.000,-1,325.000,325.000,300.000,300.000,-1,975.000,975.000,-1,750.000,675.000,-1,-1,2,0,2,0,2,0,0,0,0,2,1,1,2,0,0,2,2
130,10134.432,2826.315,30.492,-7.268,0.991626,0.126502,0.025971,-0.126406,0.991964,-0.005328,-0.026436,0.002001,0.999649,0,0.49442,0.55281,29.665,1.106,-1,400.000,-1,375.000,-1,325.000,325.000,300.000,300.000,-1,1000.000,1000.000,-1,750.000,675.000,-1,-1,2,0,2,0,2,0,0,0,0,2,1,1,2,0,0,2,2
131,10164.051,2823.120,29.715,-6.157,0.993898,0.107247,0.025794,-0.107161,0.994231,-0.004706,-0.026150,0.001913,0.999656,0,0.49652,0.55544,29.791,1.111,-1,400.000,-1,375.000,-1,325.000,325.000,300.000,300.000,-1,-1,-1,-1,750.000,675.000,-1,-1,2,0,2,0,2,0,0,0,0,2,2,2,2,0,0,2,2
132,10193.855,2820.492,28.938,-5.040,0.995803,0.087859,0.025622,-0.087783,0.996131,-0.004091,-0.025882,0.001825,0.999663,0,0.49865,0.55809,29.919,1.116,-1,400.000,-1,375.000,-1,325.000,325.000,300.000,300.000,-1,-1,-1,-1,750.000,675.000,-1,-1,2,0,2,0,2,0,0,0,0,2,2,2,2,0,0,2,2
133,10223.832,2818.438,28.160,-3.919,0.997337,0.068345,0.025456,-0.068279,0.997660,-0.003483,-0.025635,0.001736,0.999670,0,0.50080,0.56075,30.048,1.121,-1,400.000,-1,375.000,-1,325.000,325.000,300.000,300.000,-1,-1,-1,-1,750.000,675.000,-1,-1,2,0,2,0,2,0,0,0,0,2,2,2,2,0,0,2,2
134,10253.975,2816.968,27.380,-2.792,0.998492,0.048712,0.025299,-0.048655,0.998811,-0.002883,-0.025409,0.001648,0.999676,0,0.50297,0.56342,30.178,1.127,-1,400.000,-1,375.000,-1,325.000,325.000,300.000,300.000,-1,-1,-1,-1,725.000,675.000,-1,-1,2,0,2,0,2,0,0,0,0,2,2,2,2,0,0,2,2
135,10284.271,2816.116,26.596,-1.610,0.999289,0.028094,0.025149,-0.028045,0.999604,-0.002292,-0.025204,0.001585,0.999681,0,0.50515,0.59113,30.309,1.182,-1,400.000,-1,375.000,-1,325.000,325.000,300.000,300.000,-1,-1,-1,-1,725.000,675.000,-1,-1,2,0,2,0,2,0,0,0,0,2,2,2,2,0,0,2,2
136,10314.711,2815.886,25.809,-0.433,0.999659,0.007557,0.025012,-0.007517,0.999970,-0.001710,-0.025024,0.001522,0.999686,0,0.50734,0.58843,30.440,1.177,-1,400.000,-1,375.000,-1,325.000,325.000,300.000,300.000,-1,-1,-1,-1,725.000,675.000,-1,-1,2,0,2,0,2,0,0,0,0,2,2,2,2,0,0,2,2
137,10345.281,2816.280,25.018,0.738,0.999607,-0.012888,0.024888,0.012920,0.999916,-0.001138,-0.024871,0.001459,0.999690,0,0.50954,0.58573,30.572,1.171,-1,400.000,-1,375.000,-1,325.000,300.000,300.000,300.000,-1,-1,-1,-1,725.000,675.000,-1,-1,2,0,2,0,2,0,0,0,0,2,2,2,2,0,0,2,2
138,10375.968,2817.301,24.221,1.904,0.999140,-0.033234,0.024778,0.033258,0.999447,-0.000575,-0.024746,0.001399,0.999693,0,0.51174,0.58302,30.704,1.166,-1,400.000,-1,375.000,-1,325.000,300.000,300.000,300.000,-1,-1,-1,-1,725.000,675.000,-1,-1,2,0,2,0,2,0,0,0,0,2,2,2,2,0,0,2,2
