timestep,x_cm,y_cm,z_cm,yaw_deg,basis_xx,basis_xy,basis_xz,basis_yx,basis_yy,basis_yz,basis_zx,basis_zy,basis_zz,teleport_flag,throttle_cmd,steering_cmd,cmd_move_cm,cmd_turn_deg,lidar_cm_0,lidar_cm_1,lidar_cm_2,lidar_cm_3,lidar_cm_4,lidar_cm_5,lidar_cm_6,lidar_cm_7,lidar_cm_8,lidar_cm_9,lidar_cm_10,lidar_cm_11,lidar_cm_12,lidar_cm_13,lidar_cm_14,lidar_cm_15,lidar_cm_16,lidar_class_0,lidar_class_1,lidar_class_2,lidar_class_3,lidar_class_4,lidar_class_5,lidar_class_6,lidar_class_7,lidar_class_8,lidar_class_9,lidar_class_10,lidar_class_11,lidar_class_12,lidar_class_13,lidar_class_14,lidar_class_15,lidar_class_16
0,-6233.229,2956.114,137.438,112.963,-0.390212,-0.920692,0.007859,0.920685,-0.390102,0.012628,-0.008560,0.012163,0.999889,1,0.08000,-0.12000,4.800,-0.240,1000.000,425.000,750.000,450.000,525.000,350.000,375.000,300.000,200.000,-1,300.000,425.000,-1,625.000,700.000,775.000,-1,1,0,1,1,1,0,0,0,1,2,0,0,2,1,1,1,2
1,-6236.900,2964.985,137.267,112.483,-0.382479,-0.923934,0.007467,0.923926,-0.382378,0.012146,-0.008367,0.011544,0.999898,0,0.16000,-0.24000,9.600,-0.480,975.000,425.000,750.000,450.000,475.000,350.000,375.000,300.000,200.000,-1,300.000,425.000,-1,600.000,700.000,750.000,-1,1,0,1,1,1,0,0,0,1,2,0,0,2,1,1,1,2
2,-6242.239,2978.358,137.013,111.763,-0.370829,-0.928676,0.006844,0.928666,-0.370741,0.011397,-0.008047,0.010582,0.999912,0,0.24000,-0.36000,14.400,-0.720,925.000,425.000,725.000,450.000,450.000,350.000,375.000,300.000,200.000,-1,300.000,400.000,-1,575.000,725.000,725.000,-1,1,0,1,1,1,0,1,0,1,2,0,0,2,1,1,1,2
3,-6249.114,2996.286,136.594,110.981,-0.358120,-0.933655,0.006265,0.933644,-0.358044,0.010679,-0.007728,0.009674,0.999923,0,0.32000,-0.39073,19.200,-0.781,875.000,425.000,725.000,450.000,425.000,350.000,375.000,300.000,200.000,-1,275.000,400.000,-1,575.000,725.000,700.000,-1,1,0,1,1,1,0,1,0,1,2,0,0,2,1,1,1,2
4,-6257.399,3018.810,135.974,110.195,-0.345277,-0.938483,0.005846,0.938471,-0.345209,0.010115,-0.007475,0.008978,0.999932,0,0.40000,-0.39286,24.000,-0.786,825.000,425.000,700.000,425.000,425.000,350.000,350.000,300.000,200.000,-1,275.000,400.000,-1,550.000,725.000,650.000,-1,1,0,1,1,1,0,1,0,1,2,0,0,2,1,1,1,2
5,-6266.967,3045.974,135.141,109.403,-0.332263,-0.943170,0.005620,0.943158,-0.332201,0.009743,-0.007322,0.008538,0.999937,0,0.48000,-0.39613,28.800,-0.792,775.000,425.000,675.000,425.000,450.000,350.000,350.000,300.000,175.000,-1,275.000,375.000,-1,500.000,750.000,625.000,-1,1,1,1,1,1,1,1,0,1,2,0,0,2,1,1,1,2
6,-6277.686,3077.819,134.078,108.604,-0.319075,-0.947713,0.005639,0.947701,-0.319013,0.009618,-0.007316,0.008413,0.999938,0,0.56000,-0.39960,33.600,-0.799,700.000,400.000,650.000,425.000,450.000,325.000,325.000,300.000,175.000,-1,275.000,375.000,-1,475.000,750.000,575.000,-1,1,1,1,1,1,1,1,0,1,2,0,0,2,1,1,1,2
7,-6289.425,3114.380,132.762,107.801,-0.305768,-0.952087,0.005971,0.952076,-0.305703,0.009813,-0.007517,0.008686,0.999934,0,0.64000,-0.40141,38.400,-0.803,625.000,350.000,625.000,425.000,450.000,325.000,325.000,300.000,175.000,-1,275.000,375.000,-1,450.000,725.000,500.000,-1,1,1,1,1,1,1,1,0,1,2,0,0,2,1,1,1,2
8,-6302.052,3155.694,131.173,106.994,-0.292342,-0.956290,0.006690,0.956280,-0.292266,0.010400,-0.007990,0.009438,0.999924,0,0.72000,-0.40333,43.200,-0.807,550.000,325.000,575.000,400.000,450.000,300.000,300.000,300.000,150.000,-1,275.000,375.000,-1,400.000,725.000,450.000,-1,1,1,1,1,1,1,1,0,1,2,0,0,2,1,1,1,2
9,-6315.431,3201.792,129.787,106.184,-0.278794,-0.960334,0.005703,0.960296,-0.278710,0.012345,-0.010266,0.008918,0.999908,0,0.80000,-0.40529,48.000,-0.811,475.000,300.000,550.000,375.000,475.000,275.000,275.000,300.000,150.000,-1,325.000,450.000,-1,350.000,700.000,400.000,-1,1,1,1,1,1,1,1,0,1,2,0,0,2,1,1,1,2
10,-6329.425,3252.704,129.327,105.370,-0.265078,-0.964227,-0.000338,0.964067,-0.265041,0.018130,-0.017571,0.004480,0.999836,0,0.88000,-0.40718,52.800,-0.814,375.000,250.000,475.000,350.000,475.000,225.000,275.000,275.000,150.000,-1,600.000,750.000,-1,300.000,650.000,325.000,-1,1,1,1,1,1,1,1,0,1,2,0,0,2,1,1,1,2
11,-6344.134,3308.394,128.203,104.795,-0.255332,-0.966843,-0.004536,0.966507,-0.255364,0.025576,-0.025886,0.002147,0.999663,0,0.96000,-0.28718,57.600,-0.574,275.000,225.000,425.000,325.000,475.000,200.000,250.000,275.000,150.000,-1,-1,-1,-1,250.000,575.000,250.000,-1,1,1,1,1,1,1,1,0,1,2,2,2,2,1,1,1,2
12,-6358.807,3365.292,127.369,104.461,-0.249715,-0.968311,-0.004089,0.967789,-0.249716,0.032043,-0.032049,0.004044,0.999478,0,0.97930,-0.16718,58.758,-0.334,200.000,175.000,350.000,300.000,475.000,175.000,200.000,275.000,125.000,-1,-1,-1,-1,225.000,500.000,175.000,-1,1,1,1,1,1,1,1,0,1,2,2,2,2,1,1,1,2
13,-6373.217,3421.528,132.907,104.366,-0.248632,-0.968132,0.030038,0.968467,-0.247970,0.024137,-0.015920,0.035092,0.999257,0,0.96757,-0.04718,58.054,-0.094,175.000,175.000,350.000,300.000,550.000,150.000,200.000,350.000,125.000,-1,-1,-1,-1,200.000,475.000,150.000,-1,1,1,1,1,1,1,1,0,1,2,2,2,2,1,1,1,2
14,-3607.537,-8854.925,347.145,-24.297,0.914597,0.403598,-0.024910,-0.388434,0.894014,0.223289,0.112389,-0.194543,0.974434,1,0.00000,0.00000,57.302,0.077,850.000,675.000,-1,850.000,900.000,625.000,700.000,225.000,125.000,225.000,100.000,350.000,-1,-1,-1,-1,-1,1,0,2,1,1,0,0,0,1,0,0,0,2,2,2,2,2
15,-5575.037,-988.683,268.666,-85.439,0.080188,0.996290,-0.031239,-0.996562,0.079475,-0.023424,-0.020854,0.033010,0.999237,1,0.08000,0.12000,4.800,0.240,-1,375.000,-1,350.000,-1,300.000,300.000,400.000,275.000,375.000,-1,-1,-1,725.000,625.000,-1,-1,2,0,2,0,2,0,0,1,0,1,2,2,2,0,0,2,2
16,-5574.194,-998.246,268.475,-84.959,0.088481,0.995631,-0.029843,-0.995877,0.087822,-0.022721,-0.020001,0.031731,0.999296,0,0.16000,0.24000,9.600,0.480,-1,375.000,-1,350.000,-1,300.000,300.000,400.000,275.000,375.000,-1,-1,-1,725.000,625.000,-1,-1,2,0,2,0,2,0,0,1,0,1,2,2,2,0,0,2,2
17,-5572.749,-1012.573,268.201,-84.239,0.100917,0.994506,-0.027815,-0.994718,0.100332,-0.021665,-0.018756,0.029855,0.999378,0,0.24000,0.36000,14.400,0.720,-1,375.000,-1,350.000,-1,300.000,300.000,400.000,275.000,375.000,-1,-1,-1,725.000,625.000,-1,-1,2,0,2,0,2,0,0,0,0,1,2,2,2,0,0,2,2
18,-5570.503,-1031.641,267.855,-83.279,0.117483,0.992754,-0.025226,-0.992927,0.116989,-0.020254,-0.017156,0.027427,0.999477,0,0.32000,0.48000,19.200,0.960,-1,375.000,-1,350.000,-1,300.000,300.000,400.000,275.000,375.000,-1,-1,-1,725.000,625.000,-1,-1,2,0,2,0,2,0,0,0,0,1,2,2,2,0,0,2,2
19,-5567.196,-1055.412,267.451,-82.079,0.138160,0.990162,-0.022162,-0.990293,0.137764,-0.018482,-0.015247,0.024500,0.999584,0,0.40000,0.60000,24.000,1.200,-1,375.000,-1,350.000,-1,300.000,300.000,375.000,275.000,375.000,-1,-1,-1,725.000,650.000,-1,-1,2,0,2,0,2,0,0,0,0,1,2,2,2,0,0,2,2
20,-5562.512,-1083.829,267.007,-80.639,0.162911,0.986463,-0.018720,-0.986554,0.162616,-0.016341,-0.013075,0.021130,0.999691,0,0.48000,0.72000,28.800,1.440,-1,375.000,-1,350.000,-1,300.000,300.000,375.000,275.000,400.000,-1,-1,-1,725.000,650.000,-1,-1,2,0,2,0,2,0,0,0,0,1,2,2,2,0,0,2,2
21,-5556.321,-1115.562,266.549,-78.959,0.191683,0.981341,-0.015090,-0.981398,0.191480,-0.013913,-0.010764,0.017476,0.999789,0,0.53886,0.84000,32.332,1.680,-1,375.000,-1,350.000,-1,300.000,300.000,375.000,300.000,400.000,-1,-1,-1,725.000,675.000,-1,-1,2,0,2,0,2,0,0,0,0,1,2,2,2,0,0,2,2
22,-5549.000,-1147.374,266.121,-77.039,0.224393,0.974430,-0.011564,-0.974461,0.224264,-0.011426,-0.008540,0.013833,0.999868,0,0.54407,0.96000,32.644,1.920,-1,375.000,-1,375.000,-1,300.000,300.000,350.000,300.000,425.000,-1,-1,-1,725.000,675.000,-1,-1,2,0,2,0,2,0,0,0,0,1,2,2,2,0,0,2,2
23,-5540.520,-1179.291,265.733,-75.119,0.256867,0.966411,-0.008316,-0.966425,0.256794,-0.008854,-0.006421,0.010311,0.999926,0,0.55040,0.95993,33.024,1.920,-1,375.000,-1,375.000,-1,300.000,300.000,350.000,300.000,425.000,-1,-1,-1,725.000,700.000,-1,-1,2,0,2,0,2,0,0,0,0,1,2,2,2,0,0,2,2
24,-5530.875,-1211.269,265.381,-73.217,0.288778,0.957381,-0.005331,-0.957386,0.288745,-0.006185,-0.004383,0.006890,0.999967,0,0.55668,0.95125,33.401,1.902,-1,400.000,-1,375.000,-1,325.000,300.000,350.000,300.000,450.000,-1,-1,-1,725.000,700.000,-1,-1,2,0,2,0,2,0,0,0,0,1,2,2,2,0,0,2,2
25,-5520.066,-1243.261,264.996,-71.332,0.320097,0.947380,-0.002846,-0.947382,0.320088,-0.003308,-0.002223,0.003755,0.999990,0,0.56282,0.94256,33.769,1.885,-1,400.000,-1,375.000,-1,325.000,300.000,325.000,300.000,450.000,-1,-1,-1,750.000,725.000,-1,-1,2,0,2,0,2,0,0,0,0,1,2,2,2,0,0,2,2
26,-5508.094,-1275.222,264.569,-69.464,0.350798,0.936451,-0.000754,-0.936451,0.350797,-0.000486,-0.000191,0.000877,1.000000,0,0.56883,0.93387,34.130,1.868,-1,400.000,-1,375.000,-1,325.000,325.000,325.000,300.000,475.000,-1,-1,-1,750.000,725.000,-1,-1,2,0,2,0,2,0,0,0,0,1,2,2,2,0,0,2,2
27,-5494.961,-1307.106,264.139,-67.614,0.380854,0.924634,0.001130,-0.924633,0.380851,0.002412,0.001800,-0.001963,0.999996,0,0.57471,0.92517,34.482,1.850,-1,400.000,-1,375.000,-1,325.000,325.000,325.000,300.000,475.000,-1,-1,-1,775.000,750.000,-1,-1,2,0,2,0,2,0,0,0,0,1,2,2,2,0,0,2,2
28,-5480.674,-1338.868,263.701,-65.781,0.410245,0.911971,0.002843,-0.911967,0.410227,0.005434,0.003790,-0.004822,0.999981,0,0.58046,0.91648,34.828,1.833,-1,400.000,-1,400.000,-1,325.000,325.000,325.000,300.000,500.000,-1,-1,-1,800.000,775.000,-1,-1,2,0,2,0,2,0,0,0,0,1,2,2,2,0,0,2,2
29,-5465.239,-1370.464,263.176,-63.965,0.438950,0.898501,0.004271,-0.898494,0.438907,0.008328,0.005608,-0.007493,0.999956,0,0.58609,0.90778,35.165,1.816,-1,400.000,-1,400.000,-1,325.000,325.000,300.000,300.000,500.000,-1,-1,-1,800.000,775.000,-1,-1,2,0,2,0,2,0,0,0,0,1,2,2,2,0,0,2,2
30,-5448.666,-1401.853,262.856,-62.167,0.466944,0.884272,0.005134,-0.884261,0.466878,0.010381,0.006783,-0.009387,0.999933,0,0.59159,0.89909,35.495,1.798,-1,400.000,-1,400.000,-1,325.000,325.000,300.000,325.000,525.000,-1,-1,-1,825.000,800.000,-1,-1,2,0,2,0,2,0,0,0,0,1,2,2,2,0,0,2,2
31,-5430.966,-1432.993,263.024,-60.386,0.494196,0.869337,0.004979,-0.869327,0.494132,0.010190,0.006398,-0.009364,0.999936,0,0.59697,0.89040,35.818,1.781,-1,400.000,-1,400.000,-1,325.000,325.000,300.000,325.000,550.000,-1,-1,-1,825.000,800.000,-1,-1,2,0,2,0,2,0,0,0,0,1,2,2,2,0,0,2,2
32,-5412.152,-1463.843,263.196,-58.623,0.520712,0.853719,0.004880,-0.853711,0.520650,0.010024,0.006017,-0.009386,0.999938,0,0.60224,0.88172,36.135,1.763,-1,400.000,-1,400.000,-1,325.000,325.000,300.000,325.000,575.000,-1,-1,-1,850.000,800.000,-1,-1,2,0,2,0,2,0,0,0,0,1,2,2,2,0,0,2,2
33,-5392.237,-1494.364,263.374,-56.877,0.546481,0.837458,0.004838,-0.837453,0.546421,0.009887,0.005636,-0.009454,0.999939,0,0.60740,0.87304,36.444,1.746,-1,400.000,-1,400.000,-1,325.000,325.000,300.000,325.000,600.000,-1,-1,-1,850.000,800.000,-1,-1,2,0,2,0,2,0,0,0,0,1,2,2,2,0,0,2,2
34,-5371.238,-1524.520,263.558,-55.148,0.571495,0.820591,0.004852,-0.820589,0.571435,0.009784,0.005256,-0.009573,0.999940,0,0.61244,0.86437,36.746,1.729,-1,400.000,-1,400.000,-1,325.000,325.000,300.000,325.000,625.000,-1,-1,-1,875.000,800.000,-1,-1,2,0,2,0,2,0,0,0,0,1,2,2,2,0,0,2,2
35,-5349.172,-1554.272,263.747,-53.436,0.595746,0.803158,0.004930,-0.803158,0.595686,0.009720,0.004870,-0.009750,0.999941,0,0.61737,0.85570,37.042,1.711,-1,400.000,-1,400.000,-1,325.000,325.000,300.000,325.000,650.000,-1,-1,-1,875.000,800.000,-1,-1,2,0,2,0,2,0,0,0,0,1,2,2,2,0,0,2,2
36,-5326.056,-1583.586,263.895,-51.742,0.619228,0.785193,0.005312,-0.785199,0.619167,0.009698,0.004326,-0.010177,0.999939,0,0.62220,0.84704,37.332,1.694,-1,400.000,-1,400.000,-1,325.000,325.000,300.000,325.000,700.000,-1,-1,-1,900.000,800.000,-1,-1,2,0,2,0,2,0,0,0,0,1,2,2,2,0,0,2,2
37,-5301.910,-1612.429,263.903,-50.066,0.641936,0.766731,0.006521,-0.766751,0.641870,0.009757,0.003295,-0.011263,0.999931,0,0.62693,0.83839,37.616,1.677,-1,400.000,-1,400.000,-1,325.000,325.000,300.000,325.000,725.000,-1,-1,-1,900.000,750.000,-1,-1,2,0,2,0,2,0,0,0,0,1,2,2,2,0,1,2,2
38,-5276.754,-1640.768,263.911,-48.406,0.663866,0.747811,0.007823,-0.747848,0.663796,0.009928,0.002232,-0.012442,0.999920,0,0.63156,0.82974,37.893,1.659,-1,400.000,-1,375.000,-1,325.000,325.000,300.000,325.000,750.000,-1,-1,-1,875.000,725.000,1000.000,-1,2,0,2,0,2,0,0,0,0,1,2,2,2,1,1,1,2
39,-5247.630,-1671.985,263.922,-46.987,0.682180,0.731124,0.009361,-0.731183,0.682104,0.010227,0.001092,-0.013821,0.999904,0,0.71156,0.70974,42.693,1.419,975.000,400.000,1000.000,375.000,-1,325.000,325.000,300.000,325.000,775.000,-1,-1,-1,850.000,675.000,950.000,1000.000,1,0,1,0,2,0,0,0,0,1,2,2,2,1,1,1,1
40,-5215.686,-1704.841,263.925,-45.807,0.697075,0.716913,0.011040,-0.716998,0.696994,0.010641,-0.000067,-0.015333,0.999882,0,0.76375,0.58974,45.825,1.179,950.000,425.000,950.000,375.000,-1,325.000,325.000,300.000,325.000,800.000,-1,-1,-1,800.000,650.000,900.000,925.000,1,0,1,1,2,0,0,0,0,1,2,2,2,1,1,1,1
41,-5183.092,-1737.285,263.875,-44.868,0.708726,0.705373,0.012546,-0.705483,0.708639,0.011111,-0.001053,-0.016726,0.999860,0,0.76649,0.46974,45.989,0.939,900.000,425.000,925.000,375.000,-1,325.000,325.000,300.000,325.000,825.000,-1,-1,-1,775.000,600.000,850.000,825.000,1,0,1,1,2,0,0,0,0,1,2,2,2,1,1,1,1
42,-5150.008,-1769.421,263.751,-44.168,0.717274,0.696655,0.013779,-0.696789,0.717183,0.011594,-0.001805,-0.017917,0.999838,0,0.76871,0.34974,46.123,0.699,850.000,425.000,875.000,375.000,-1,325.000,325.000,300.000,325.000,825.000,-1,-1,-1,725.000,575.000,800.000,750.000,1,0,1,1,2,0,0,0,0,1,2,2,2,1,1,1,1
43,-5116.588,-1801.368,263.607,-43.709,0.722828,0.690866,0.014988,-0.691024,0.722731,0.012092,-0.002478,-0.019098,0.999815,0,0.77055,0.22974,46.233,0.459,800.000,425.000,825.000,375.000,-1,325.000,325.000,300.000,325.000,825.000,-1,-1,-1,700.000,550.000,750.000,700.000,1,0,1,1,2,0,0,0,0,1,2,2,2,1,1,1,1
44,-5079.563,-1836.489,263.456,-43.489,0.725455,0.688073,0.016425,-0.688262,0.725352,0.012651,-0.003209,-0.020483,0.999785,0,0.85055,0.10974,51.033,0.219,725.000,425.000,775.000,350.000,-1,325.000,325.000,300.000,325.000,850.000,-1,-1,-1,675.000,525.000,700.000,625.000,1,0,1,1,2,0,1,0,0,1,2,2,2,1,1,1,1
45,-5039.069,-1874.928,263.302,-43.510,0.725191,0.688310,0.018116,-0.688536,0.725081,0.013263,-0.004007,-0.022092,0.999748,0,0.93055,-0.01026,55.833,-0.021,675.000,425.000,725.000,350.000,850.000,325.000,300.000,300.000,325.000,850.000,-1,-1,-1,625.000,475.000,650.000,575.000,1,0,1,1,1,0,1,0,0,1,2,2,2,1,1,1,1
46,-4998.259,-1914.022,263.039,-43.770,0.722026,0.691579,0.019900,-0.691846,0.721923,0.013286,-0.005178,-0.023361,0.999714,0,0.94190,-0.13026,56.514,-0.261,600.000,425.000,675.000,325.000,700.000,325.000,300.000,300.000,325.000,875.000,-1,-1,-1,575.000,450.000,600.000,500.000,1,0,1,1,1,0,1,0,0,1,2,2,2,1,1,1,1
47,-4957.413,-1953.809,262.672,-44.247,0.716206,0.697550,0.021758,-0.697857,0.716125,0.012707,-0.006718,-0.024285,0.999683,0,0.95035,-0.23849,57.021,-0.477,550.000,425.000,600.000,300.000,600.000,325.000,275.000,300.000,325.000,875.000,-1,-1,-1,525.000,400.000,550.000,450.000,1,0,1,1,1,1,1,0,0,1,2,2,2,1,1,1,1
48,-4916.532,-1994.329,262.845,-44.747,0.710074,0.703718,0.023991,-0.704094,0.709956,0.014625,-0.006740,-0.027277,0.999605,0,0.95933,-0.24998,57.560,-0.500,475.000,400.000,550.000,275.000,525.000,300.000,250.000,300.000,325.000,900.000,-1,-1,-1,475.000,375.000,500.000,400.000,1,1,1,1,1,1,1,0,0,1,2,2,2,1,1,1,1
49,-4875.611,-2035.636,263.612,-45.271,0.703636,0.710055,0.026785,-0.710545,0.703367,0.020013,-0.004630,-0.033114,0.999441,0,0.96907,-0.26197,58.144,-0.524,425.000,350.000,475.000,250.000,450.000,275.000,225.000,300.000,350.000,900.000,-1,-1,-1,425.000,325.000,450.000,350.000,1,1,1,1,1,1,1,0,0,1,2,2,2,1,1,1,1
50,-4834.649,-2077.782,264.806,-45.820,0.696922,0.716504,0.030375,-0.717147,0.696282,0.029862,0.000246,-0.042595,0.999092,0,0.97955,-0.27447,58.773,-0.549,375.000,325.000,425.000,225.000,425.000,250.000,225.000,300.000,375.000,925.000,-1,-1,-1,400.000,300.000,400.000,300.000,1,1,1,1,1,1,1,0,0,1,2,2,2,1,1,1,1
51,-4793.645,-2120.823,266.683,-46.395,0.689949,0.723023,0.034753,-0.723823,0.688645,0.042999,0.007157,-0.054822,0.998470,0,0.99076,-0.28749,59.445,-0.575,325.000,275.000,375.000,225.000,375.000,225.000,200.000,300.000,400.000,925.000,-1,-1,-1,350.000,275.000,350.000,275.000,1,1,1,1,1,1,1,0,0,1,2,2,2,1,1,1,1
52,-4752.716,-2164.696,269.254,-46.997,0.682771,0.729535,0.040041,-0.730455,0.680370,0.059425,0.016110,-0.069822,0.997429,0,1.00000,-0.30104,60.000,-0.602,275.000,250.000,350.000,200.000,350.000,200.000,175.000,275.000,450.000,900.000,300.000,850.000,-1,300.000,250.000,300.000,250.000,1,1,1,1,1,1,1,0,0,1,0,0,2,1,1,1,1
53,4919.503,-9511.209,108.469,-176.669,-0.998341,0.057217,0.006508,-0.057475,-0.983039,-0.174157,-0.003567,-0.174242,0.984696,1,0.00000,0.00000,60.000,-0.630,350.000,375.000,-1,625.000,-1,375.000,425.000,200.000,50.000,700.000,-1,-1,-1,600.000,-1,525.000,-1,0,0,2,0,2,0,0,0,1,0,2,2,2,0,2,0,2
54,-1643.996,8852.697,33.986,-150.182,-0.867310,0.497230,-0.023146,-0.496795,-0.867584,-0.022197,-0.031118,-0.007753,0.999486,1,0.08000,-0.01491,4.800,-0.030,-1,400.000,-1,400.000,-1,325.000,325.000,300.000,300.000,500.000,425.000,500.000,-1,725.000,725.000,-1,-1,2,0,2,0,2,0,0,0,0,1,1,1,2,0,0,2,2
55,-1652.327,8847.928,33.699,-150.213,-0.867580,0.496758,-0.023161,-0.496324,-0.867855,-0.022151,-0.031104,-0.007723,0.999486,0,0.16000,-0.01558,9.600,-0.031,-1,400.000,-1,400.000,-1,325.000,325.000,300.000,300.000,500.000,425.000,500.000,-1,725.000,725.000,-1,-1,2,0,2,0,2,0,0,0,0,1,1,1,2,0,0,2,2
56,-1664.829,8840.781,33.267,-150.247,-0.867873,0.496246,-0.023183,-0.495813,-0.868148,-0.022081,-0.031083,-0.007669,0.999487,0,0.24000,-0.01693,14.400,-0.034,-1,375.000,-1,400.000,-1,325.000,325.000,300.000,300.000,525.000,450.000,525.000,-1,725.000,725.000,-1,-1,2,0,2,0,2,0,0,0,0,1,1,1,2,0,0,2,2
57,-1681.504,8831.264,32.690,-150.285,-0.868200,0.495671,-0.023209,-0.495242,-0.868477,-0.021982,-0.031052,-0.007591,0.999489,0,0.32000,-0.01896,19.200,-0.038,-1,375.000,-1,400.000,-1,325.000,325.000,300.000,300.000,550.000,475.000,550.000,-1,725.000,725.000,-1,-1,2,0,2,0,2,0,0,0,0,1,1,1,2,0,0,2,2
58,-1702.357,8819.384,31.967,-150.328,-0.868574,0.495014,-0.023237,-0.494589,-0.868853,-0.021850,-0.031006,-0.007485,0.999491,0,0.40000,-0.02168,24.000,-0.043,-1,375.000,-1,375.000,-1,325.000,325.000,300.000,300.000,575.000,500.000,575.000,-1,700.000,725.000,-1,-1,2,0,2,0,2,0,0,0,0,1,1,1,2,0,0,2,2
59,-1727.393,8805.149,31.096,-150.379,-0.869006,0.494254,-0.023265,-0.493833,-0.869287,-0.021680,-0.030940,-0.007351,0.999494,0,0.48000,-0.02509,28.800,-0.050,-1,375.000,-1,375.000,-1,325.000,325.000,300.000,300.000,600.000,525.000,600.000,-1,700.000,725.000,-1,-1,2,0,2,0,2,0,0,0,0,1,1,1,2,0,0,2,2
60,-1754.626,8789.702,30.181,-150.437,-0.869513,0.493367,-0.023139,-0.492951,-0.869790,-0.021540,-0.030753,-0.007323,0.999500,0,0.52181,-0.02920,31.309,-0.058,-1,375.000,-1,375.000,-1,325.000,325.000,300.000,300.000,650.000,550.000,625.000,-1,700.000,725.000,-1,-1,2,0,2,0,2,0,0,0,0,1,1,1,2,0,0,2,2
61,-1782.019,8774.206,29.264,-150.504,-0.870098,0.492344,-0.022974,-0.491933,-0.870370,-0.021396,-0.030530,-0.007315,0.999507,0,0.52454,-0.03370,31.472,-0.067,-1,375.000,-1,375.000,-1,325.000,325.000,300.000,300.000,675.000,575.000,650.000,-1,700.000,700.000,-1,-1,2,0,2,0,2,0,0,0,0,1,1,1,2,0,0,2,2
62,-1809.580,8758.664,28.340,-150.581,-0.870759,0.491181,-0.022795,-0.490777,-0.871027,-0.021234,-0.030285,-0.007302,0.999515,0,0.52735,-0.03825,31.641,-0.077,-1,375.000,-1,375.000,-1,325.000,325.000,300.000,300.000,725.000,600.000,675.000,-1,700.000,700.000,-1,-1,2,0,2,0,2,0,0,0,0,1,1,1,2,0,0,2,2
63,-1837.316,8743.078,27.409,-150.667,-0.871498,0.489878,-0.022605,-0.489479,-0.871760,-0.021061,-0.030023,-0.007290,0.999523,0,0.53026,-0.04285,31.815,-0.086,-1,375.000,-1,375.000,-1,325.000,325.000,300.000,300.000,775.000,650.000,725.000,-1,700.000,700.000,-1,-1,2,0,2,0,2,0,0,0,0,1,1,1,2,0,0,2,2
64,-1865.235,8727.450,26.473,-150.762,-0.872314,0.488432,-0.022404,-0.488040,-0.872571,-0.020888,-0.029751,-0.007287,0.999531,0,0.53325,-0.04750,31.995,-0.095,-1,375.000,-1,375.000,-1,325.000,325.000,300.000,300.000,825.000,675.000,750.000,-1,700.000,700.000,-1,-1,2,0,2,0,2,0,0,0,0,1,1,1,2,0,0,2,2
65,-1893.344,8711.783,25.534,-150.866,-0.873209,0.486842,-0.022181,-0.486455,-0.873460,-0.020717,-0.029460,-0.007300,0.999539,0,0.53633,-0.05219,32.180,-0.104,-1,375.000,-1,375.000,-1,325.000,325.000,300.000,300.000,875.000,700.000,775.000,-1,700.000,700.000,-1,-1,2,0,2,0,2,0,0,0,0,1,1,1,2,0,0,2,2
66,-1921.649,8696.080,24.683,-150.980,-0.874191,0.485103,-0.021541,-0.484722,-0.874423,-0.020713,-0.028884,-0.007666,0.999553,0,0.53949,-0.05694,32.369,-0.114,-1,375.000,-1,375.000,-1,325.000,325.000,300.000,300.000,950.000,725.000,800.000,-1,700.000,700.000,-1,-1,2,0,2,0,2,0,0,0,0,1,1,1,2,0,0,2,2
67,-1950.158,8680.344,23.828,-151.103,-0.875252,0.483217,-0.020885,-0.482839,-0.875464,-0.020713,-0.028293,-0.008045,0.999567,0,0.54273,-0.06173,32.564,-0.123,-1,375.000,-1,375.000,-1,325.000,325.000,300.000,300.000,-1,775.000,850.000,-1,700.000,700.000,-1,-1,2,0,2,0,2,0,0,0,0,2,1,1,2,0,0,2,2
68,-1981.753,8662.821,22.883,-150.987,-0.874285,0.484995,-0.020133,-0.484624,-0.874477,-0.020723,-0.027656,-0.008360,0.999583,0,0.60215,0.05827,36.129,0.117,-1,375.000,-1,375.000,-1,325.000,325.000,300.000,300.000,-1,800.000,875.000,-1,700.000,700.000,-1,-1,2,0,2,0,2,0,0,0,0,2,1,1,2,0,0,2,2
69,-2013.441,8644.988,21.934,-150.630,-0.871268,0.490426,-0.019352,-0.490063,-0.871441,-0.020731,-0.027031,-0.008579,0.999598,0,0.60602,0.17827,36.361,0.357,-1,375.000,-1,375.000,-1,325.000,325.000,300.000,300.000,-1,850.000,925.000,-1,675.000,700.000,-1,-1,2,0,2,0,2,0,0,0,0,2,1,1,2,0,0,2,2
70,-2045.151,8626.706,20.980,-150.034,-0.866132,0.499472,-0.018542,-0.499117,-0.866286,-0.020726,-0.026415,-0.008696,0.999613,0,0.61005,0.29827,36.603,0.597,-1,375.000,-1,375.000,-1,325.000,325.000,300.000,300.000,-1,875.000,950.000,-1,675.000,700.000,-1,-1,2,0,2,0,2,0,0,0,0,2,1,1,2,0,0,2,2
71,-2076.804,8607.834,20.055,-149.197,-0.858760,0.512067,-0.017872,-0.511723,-0.858903,-0.020631,-0.025914,-0.008571,0.999627,0,0.61420,0.41827,36.852,0.837,-1,375.000,-1,375.000,-1,325.000,325.000,300.000,300.000,-1,925.000,1000.000,-1,675.000,700.000,-1,-1,2,0,2,0,2,0,0,0,0,2,1,1,2,0,0,2,2
72,-2108.315,8588.236,19.206,-148.121,-0.848998,0.528116,-0.017184,-0.527794,-0.849135,-0.020096,-0.025205,-0.007992,0.999650,0,0.61846,0.53827,37.108,1.077,-1,375.000,-1,375.000,-1,325.000,325.000,300.000,300.000,-1,975.000,-1,-1,675.000,700.000,-1,-1,2,0,2,0,2,0,0,0,0,2,1,2,2,0,0,2,2
73,-2139.584,8567.778,18.421,-146.804,-0.836650,0.547490,-0.016463,-0.547201,-0.836783,-0.019134,-0.024251,-0.007000,0.999681,0,0.62279,0.65827,37.368,1.317,-1,375.000,-1,375.000,-1,325.000,325.000,300.000,300.000,-1,-1,-1,-1,675.000,725.000,-1,-1,2,0,2,0,2,0,0,0,0,2,2,2,2,0,0,2,2
74,-2170.502,8546.327,17.636,-145.248,-0.821478,0.570022,-0.015773,-0.569766,-0.821608,-0.018067,-0.023258,-0.005855,0.999712,0,0.62718,0.77827,37.631,1.557,-1,375.000,-1,375.000,-1,325.000,325.000,300.000,300.000,-1,-1,-1,-1,700.000,725.000,-1,-1,2,0,2,0,2,0,0,0,0,2,2,2,2,0,0,2,2
75,-2200.945,8523.761,16.864,-143.451,-0.803210,0.595504,-0.015132,-0.595284,-0.803340,-0.016802,-0.022162,-0.004488,0.999744,0,0.63158,0.89827,37.895,1.797,-1,375.000,-1,375.000,-1,325.000,325.000,300.000,300.000,-1,-1,-1,-1,700.000,725.000,-1,-1,2,0,2,0,2,0,0,0,0,2,2,2,2,0,0,2,2
76,-2230.876,8500.091,16.115,-141.662,-0.784231,0.620298,-0.014563,-0.620116,-0.784361,-0.015287,-0.020905,-0.002958,0.999777,0,0.63598,0.89455,38.159,1.789,-1,375.000,-1,375.000,-1,325.000,325.000,300.000,300.000,-1,1000.000,975.000,-1,700.000,725.000,-1,-1,2,0,2,0,2,0,0,0,0,2,0,0,2,0,0,2,2
77,-2260.254,8475.337,15.355,-139.884,-0.764609,0.644340,-0.014083,-0.644196,-0.764737,-0.013722,-0.019611,-0.001420,0.999807,0,0.64028,0.88910,38.417,1.778,-1,375.000,-1,400.000,-1,325.000,325.000,300.000,300.000,-1,850.000,800.000,-1,700.000,725.000,-1,-1,2,0,2,0,2,0,0,0,0,2,0,0,2,0,0,2,2
78,-2289.044,8449.521,14.609,-138.116,-0.744376,0.667620,-0.013689,-0.667508,-0.744502,-0.012234,-0.018359,0.000031,0.999831,0,0.64449,0.88369,38.669,1.767,-1,375.000,-1,375.000,-1,325.000,325.000,300.000,300.000,-1,775.000,725.000,-1,700.000,725.000,-1,-1,2,0,2,0,2,0,0,0,0,2,0,0,2,0,0,2,2
79,-2317.206,8422.665,13.897,-136.360,-0.723564,0.690128,-0.013364,-0.690043,-0.723686,-0.010909,-0.017200,0.001329,0.999851,0,0.64858,0.87830,38.915,1.757,-1,375.000,-1,375.000,-1,325.000,325.000,300.000,300.000,-1,725.000,675.000,-1,700.000,725.000,-1,-1,2,0,2,0,2,0,0,0,0,2,0,0,2,0,0,2,2
80,-2344.705,8394.793,13.182,-134.614,-0.702205,0.711854,-0.013115,-0.711795,-0.702322,-0.009575,-0.016027,0.002612,0.999868,0,0.65257,0.87295,39.154,1.746,-1,375.000,-1,375.000,-1,325.000,325.000,300.000,300.000,-1,700.000,650.000,-1,700.000,725.000,-1,-1,2,0,2,0,2,0,0,0,0,2,0,0,2,0,0,2,2
81,-2371.505,8365.931,12.592,-132.879,-0.680330,0.732793,-0.012853,-0.732748,-0.680443,-0.008830,-0.015216,0.003410,0.999878,0,0.65644,0.86763,39.386,1.735,-1,375.000,-1,375.000,-1,325.000,325.000,300.000,300.000,-1,675.000,650.000,-1,700.000,725.000,-1,-1,2,0,2,0,2,0,0,0,0,2,0,0,2,0,0,2,2
82,-2397.573,8336.105,12.004,-131.154,-0.657970,0.752939,-0.012628,-0.752907,-0.658078,-0.008095,-0.014405,0.004181,0.999887,0,0.66020,0.86235,39.612,1.725,-1,375.000,-1,375.000,-1,325.000,325.000,300.000,300.000,-1,675.000,625.000,-1,700.000,725.000,-1,-1,2,0,2,0,2,0,0,0,0,2,0,0,2,0,0,2,2
83,-2422.875,8305.345,11.415,-129.440,-0.635154,0.772285,-0.012444,-0.772266,-0.635257,-0.007350,-0.013581,0.004941,0.999896,0,0.66383,0.85711,39.830,1.714,-1,375.000,-1,375.000,-1,325.000,325.000,300.000,300.000,-1,675.000,625.000,-1,700.000,725.000,-1,-1,2,0,2,0,2,0,0,0,0,2,0,0,2,0,0,2,2
84,-2447.381,8273.678,10.961,-127.736,-0.611924,0.790831,-0.011651,-0.790820,-0.612013,-0.006587,-0.012340,0.005183,0.999910,0,0.66735,0.85192,40.041,1.704,-1,375.000,-1,375.000,-1,325.000,325.000,300.000,300.000,-1,650.000,625.000,-1,700.000,725.000,-1,-1,2,0,2,0,2,0,0,0,0,2,0,0,2,0,0,2,2
85,-2471.061,8241.137,10.548,-126.042,-0.588300,0.808572,-0.010709,-0.808568,-0.588374,-0.005771,-0.010967,0.005264,0.999926,0,0.67075,0.84676,40.245,1.694,-1,375.000,-1,400.000,-1,325.000,325.000,300.000,300.000,-1,650.000,625.000,-1,700.000,750.000,-1,-1,2,0,2,0,2,0,0,0,0,2,0,0,2,0,0,2,2
86,-2493.777,8207.899,10.133,-124.349,-0.564171,0.825599,-0.009846,-0.825602,-0.564231,-0.004908,-0.009608,0.005360,0.999939,0,0.67099,0.84640,40.259,1.693,-1,375.000,-1,400.000,-1,325.000,325.000,300.000,300.000,-1,625.000,600.000,-1,700.000,750.000,-1,-1,2,0,2,0,2,0,0,0,0,2,0,0,2,0,0,2,2
87,-2518.249,8170.065,9.654,-122.897,-0.543071,0.839639,-0.008948,-0.839647,-0.543118,-0.003895,-0.008130,0.005398,0.999952,0,0.75099,0.72640,45.059,1.453,-1,375.000,-1,400.000,-1,325.000,325.000,300.000,300.000,-1,625.000,600.000,-1,700.000,750.000,-1,-1,2,0,2,0,2,0,0,0,0,2,0,0,2,0,0,2,2
88,-2544.322,8127.822,9.111,-121.684,-0.525191,0.850946,-0.008024,-0.850959,-0.525225,-0.002757,-0.006561,0.005380,0.999964,0,0.82735,0.60640,49.641,1.213,-1,375.000,-1,400.000,-1,325.000,325.000,300.000,300.000,-1,600.000,600.000,-1,700.000,750.000,-1,-1,2,0,2,0,2,0,0,0,0,2,0,0,2,0,0,2,2
89,-2569.674,8085.143,8.559,-120.711,-0.510680,0.859741,-0.007159,-0.859756,-0.510702,-0.001620,-0.005049,0.005328,0.999973,0,0.82735,0.48640,49.641,0.973,-1,375.000,-1,400.000,-1,325.000,325.000,300.000,300.000,-1,600.000,600.000,-1,700.000,750.000,-1,-1,2,0,2,0,2,0,0,0,0,2,0,0,2,0,0,2,2
90,-2594.479,8042.144,8.105,-119.978,-0.499650,0.866201,-0.006736,-0.866219,-0.499665,-0.000562,-0.003853,0.005554,0.999977,0,0.82735,0.36640,49.641,0.733,-1,375.000,-1,400.000,-1,325.000,325.000,300.000,300.000,-1,575.000,600.000,-1,700.000,775.000,-1,-1,2,0,2,0,2,0,0,0,0,2,0,0,2,0,0,2,2
91,-2618.912,7998.932,7.804,-119.486,-0.492183,0.870462,-0.007128,-0.870486,-0.492194,0.000326,-0.003224,0.006365,0.999975,0,0.82735,0.24640,49.641,0.493,-1,375.000,-1,400.000,-1,325.000,325.000,300.000,300.000,-1,600.000,625.000,-1,700.000,775.000,-1,-1,2,0,2,0,2,0,0,0,0,2,0,0,2,0,0,2,2
92,-2643.154,7955.613,7.514,-119.233,-0.488340,0.872620,-0.007612,-0.872649,-0.488346,0.001207,-0.002664,0.007232,0.999970,0,0.82735,0.12640,49.641,0.253,-1,375.000,-1,400.000,-1,325.000,325.000,300.000,300.000,-1,625.000,650.000,-1,700.000,775.000,-1,-1,2,0,2,0,2,0,0,0,0,2,0,0,2,0,0,2,2
93,-2667.387,7912.289,7.387,-119.220,-0.488150,0.872718,-0.008480,-0.872758,-0.488145,0.002839,-0.001662,0.008787,0.999960,0,0.82735,0.00640,49.641,0.013,-1,375.000,-1,400.000,-1,325.000,325.000,300.000,300.000,-1,650.000,650.000,-1,700.000,775.000,-1,-1,2,0,2,0,2,0,0,0,0,2,0,0,2,0,0,2,2
94,-2691.791,7869.061,7.262,-119.447,-0.491613,0.870763,-0.009420,-0.870813,-0.491594,0.004395,-0.000804,0.010364,0.999946,0,0.82735,-0.11360,49.641,-0.227,-1,375.000,-1,400.000,-1,325.000,325.000,300.000,300.000,-1,675.000,650.000,-1,725.000,775.000,-1,-1,2,0,2,0,2,0,0,0,0,2,0,0,2,0,0,2,2
95,-2716.481,7825.996,7.170,-119.826,-0.497359,0.867480,-0.010598,-0.867545,-0.497325,0.005852,-0.000194,0.012105,0.999927,0,0.82735,-0.18921,49.641,-0.378,-1,375.000,-1,400.000,-1,325.000,325.000,300.000,300.000,-1,700.000,675.000,-1,725.000,775.000,-1,-1,2,0,2,0,2,0,0,0,0,2,0,0,2,0,0,2,2
96,-2741.454,7783.094,7.127,-120.204,-0.503082,0.864161,-0.011604,-0.864239,-0.503034,0.006939,0.000159,0.013519,0.999909,0,0.82735,-0.18921,49.641,-0.378,-1,375.000,-1,400.000,-1,325.000,325.000,300.000,300.000,-1,725.000,700.000,-1,725.000,775.000,-1,-1,2,0,2,0,2,0,0,0,0,2,0,0,2,0,0,2,2
97,-2766.710,7740.358,7.171,-120.582,-0.508779,0.860808,-0.012382,-0.860897,-0.508724,0.007486,0.000145,0.014468,0.999895,0,0.82735,-0.18921,49.641,-0.378,-1,375.000,-1,400.000,-1,325.000,325.000,300.000,300.000,-1,775.000,750.000,-1,725.000,775.000,-1,-1,2,0,2,0,2,0,0,0,0,2,0,0,2,0,0,2,2
98,-2792.247,7697.790,7.180,-120.961,-0.514453,0.857418,-0.013142,-0.857518,-0.514391,0.008023,0.000119,0.015397,0.999881,0,0.82735,-0.18921,49.641,-0.378,-1,375.000,-1,400.000,-1,325.000,325.000,300.000,300.000,-1,825.000,800.000,-1,725.000,775.000,-1,-1,2,0,2,0,2,0,0,0,0,2,0,0,2,0,0,2,2
99,-2818.066,7655.391,7.315,-121.339,-0.520112,0.853998,-0.013121,-0.854098,-0.520040,0.008648,0.000562,0.015705,0.999877,0,0.82735,-0.18921,49.641,-0.378,-1,375.000,-1,400.000,-1,325.000,325.000,300.000,300.000,-1,875.000,825.000,-1,725.000,775.000,-1,-1,2,0,2,0,2,0,0,0,0,2,0,0,2,0,0,2,2
100,-2844.164,7613.164,7.419,-121.718,-0.525747,0.850541,-0.013055,-0.850640,-0.525667,0.009256,0.001010,0.015972,0.999872,0,0.82735,-0.18921,49.641,-0.378,-1,375.000,-1,400.000,-1,325.000,325.000,300.000,300.000,-1,900.000,850.000,-1,725.000,775.000,-1,-1,2,0,2,0,2,0,0,0,0,2,0,0,2,0,0,2,2
101,-2870.540,7571.111,7.486,-122.096,-0.531360,0.847047,-0.012984,-0.847145,-0.531270,0.009841,0.001438,0.016229,0.999867,0,0.82735,-0.18921,49.641,-0.378,-1,400.000,-1,400.000,-1,325.000,325.000,300.000,300.000,-1,925.000,875.000,-1,725.000,775.000,-1,-1,2,0,2,0,2,0,0,0,0,2,0,0,2,0,0,2,2
102,-2897.193,7529.232,7.513,-122.474,-0.536949,0.843516,-0.012908,-0.843613,-0.536851,0.010404,0.001847,0.016476,0.999863,0,0.82735,-0.18921,49.641,-0.378,-1,400.000,-1,400.000,-1,325.000,325.000,300.000,300.000,-1,950.000,925.000,-1,725.000,775.000,-1,-1,2,0,2,0,2,0,0,0,0,2,0,0,2,0,0,2,2
103,-2924.123,7487.530,7.505,-122.853,-0.542514,0.839949,-0.012820,-0.840044,-0.542408,0.010925,0.002223,0.016696,0.999858,0,0.82735,-0.18921,49.641,-0.378,-1,400.000,-1,400.000,-1,325.000,325.000,300.000,300.000,-1,975.000,950.000,-1,725.000,775.000,-1,-1,2,0,2,0,2,0,0,0,0,2,0,0,2,0,0,2,2
104,-2951.327,7446.008,7.477,-123.231,-0.548054,0.836346,-0.012699,-0.836439,-0.547943,0.011336,0.002523,0.016835,0.999855,0,0.82735,-0.18921,49.641,-0.378,-1,400.000,-1,400.000,-1,325.000,325.000,300.000,300.000,-1,1000.000,975.000,-1,725.000,775.000,-1,-1,2,0,2,0,2,0,0,0,0,2,0,0,2,0,0,2,2
105,-2978.804,7404.665,7.501,-123.610,-0.553567,0.832702,-0.013049,-0.832801,-0.553450,0.011682,0.002506,0.017334,0.999847,0,0.82735,-0.18921,49.641,-0.378,-1,400.000,-1,400.000,-1,325.000,325.000,300.000,300.000,-1,-1,1000.000,-1,725.000,775.000,-1,-1,2,0,2,0,2,0,0,0,0,2,2,0,2,0,0,2,2
106,-3006.555,7363.505,7.587,-123.988,-0.559053,0.829015,-0.013896,-0.829129,-0.558928,0.012007,0.002187,0.018234,0.999831,0,0.82735,-0.18921,49.641,-0.378,-1,375.000,-1,400.000,-1,325.000,325.000,300.000,300.000,-1,-1,-1,-1,725.000,750.000,-1,-1,2,0,2,0,2,0,0,0,0,2,2,2,2,0,0,2,2
107,-3034.576,7322.529,7.640,-124.367,-0.564514,0.825292,-0.014747,-0.825421,-0.564382,0.012366,0.001883,0.019153,0.999815,0,0.82735,-0.18921,49.641,-0.378,-1,375.000,-1,400.000,-1,325.000,325.000,300.000,300.000,-1,-1,-1,-1,725.000,750.000,-1,-1,2,0,2,0,2,0,0,0,0,2,2,2,2,0,0,2,2
108,-3064.710,7278.873,7.734,-124.616,-0.568098,0.822810,-0.015761,-0.822959,-0.567948,0.013155,0.001872,0.020444,0.999789,0,0.88411,-0.12450,53.047,-0.249,-1,400.000,-1,400.000,-1,325.000,325.000,300.000,300.000,-1,-1,-1,-1,750.000,750.000,-1,-1,2,0,2,0,2,0,0,0,0,2,2,2,2,0,0,2,2
109,-3095.033,7235.347,7.822,-124.865,-0.571673,0.820309,-0.016827,-0.820479,-0.571501,0.014136,0.001980,0.021887,0.999758,0,0.88411,-0.12450,53.047,-0.249,-1,400.000,-1,400.000,-1,325.000,325.000,300.000,300.000,-1,-1,-1,-1,750.000,750.000,-1,-1,2,0,2,0,2,0,0,0,0,2,2,2,2,0,0,2,2
110,-3125.545,7191.954,7.863,-125.114,-0.575237,0.817792,-0.017880,-0.817984,-0.575042,0.015105,0.002071,0.023314,0.999726,0,0.88411,-0.12450,53.047,-0.249,-1,400.000,-1,400.000,-1,325.000,325.000,300.000,300.000,-1,-1,-1,-1,750.000,750.000,-1,-1,2,0,2,0,2,0,0,0,0,2,2,2,2,0,0,2,2
111,-3156.246,7148.694,7.857,-125.363,-0.578790,0.815257,-0.018920,-0.815474,-0.578571,0.016059,0.002146,0.024724,0.999692,0,0.88411,-0.12450,53.047,-0.249,-1,400.000,-1,400.000,-1,325.000,325.000,300.000,300.000,-1,-1,-1,-1,750.000,750.000,-1,-1,2,0,2,0,2,0,0,0,0,2,2,2,2,0,0,2,2
112,-3187.134,7105.567,7.954,-125.612,-0.582322,0.812718,-0.019757,-0.812956,-0.582096,0.016321,0.001764,0.025566,0.999672,0,0.88411,-0.12450,53.047,-0.249,-1,400.000,-1,400.000,-1,325.000,325.000,300.000,300.000,-1,-1,-1,-1,750.000,725.000,-1,-1,2,0,2,0,2,0,0,0,0,2,2,2,2,0,0,2,2
113,-3218.209,7062.576,8.036,-125.861,-0.585840,0.810166,-0.020547,-0.810425,-0.585612,0.016420,0.001271,0.026271,0.999654,0,0.88411,-0.12450,53.047,-0.249,-1,400.000,-1,400.000,-1,325.000,325.000,300.000,300.000,-1,-1,-1,-1,750.000,725.000,-1,-1,2,0,2,0,2,0,0,0,0,2,2,2,2,0,0,2,2
114,-3249.471,7019.719,8.247,-126.109,-0.589358,0.807613,-0.020476,-0.807871,-0.589126,0.016554,0.001306,0.026299,0.999653,0,0.88411,-0.12450,53.047,-0.249,-1,400.000,-1,400.000,-1,325.000,325.000,300.000,300.000,-1,-1,-1,-1,750.000,725.000,-1,-1,2,0,2,0,2,0,0,0,0,2,2,2,2,0,0,2,2
115,-3280.920,6977.000,8.503,-126.358,-0.592869,0.805052,-0.019953,-0.805298,-0.592636,0.016696,0.001617,0.025966,0.999662,0,0.88411,-0.12450,53.047,-0.249,-1,400.000,-1,400.000,-1,325.000,325.000,300.000,300.000,-1,-1,-1,-1,775.000,725.000,-1,-1,2,0,2,0,2,0,0,0,0,2,2,2,2,0,0,2,2
116,-3312.553,6934.417,8.753,-126.607,-0.596370,0.802479,-0.019209,-0.802707,-0.596136,0.016832,0.002056,0.025458,0.999674,0,0.88411,-0.12450,53.047,-0.249,-1,400.000,-1,400.000,-1,325.000,325.000,300.000,300.000,-1,-1,-1,-1,775.000,750.000,-1,-1,2,0,2,0,2,0,0,0,0,2,2,2,2,0,0,2,2
117,-3344.371,6891.972,8.953,-126.856,-0.599860,0.799892,-0.018459,-0.800101,-0.599626,0.016953,0.002492,0.024938,0.999686,0,0.88411,-0.12450,53.047,-0.249,-1,400.000,-1,400.000,-1,325.000,325.000,300.000,300.000,-1,-1,-1,-1,775.000,750.000,-1,-1,2,0,2,0,2,0,0,0,0,2,2,2,2,0,0,2,2
118,-3376.374,6849.666,9.112,-127.105,-0.603338,0.797288,-0.017748,-0.797480,-0.603104,0.017057,0.002895,0.024445,0.999697,0,0.88411,-0.12450,53.047,-0.249,-1,400.000,-1,400.000,-1,325.000,325.000,300.000,300.000,-1,-1,-1,-1,775.000,750.000,-1,-1,2,0,2,0,2,0,0,0,0,2,2,2,2,0,0,2,2
119,-3408.560,6807.499,9.229,-127.354,-0.606803,0.794669,-0.017069,-0.794845,-0.606570,0.017145,0.003271,0.023971,0.999707,0,0.88411,-0.12450,53.047,-0.249,-1,400.000,-1,400.000,-1,325.000,325.000,300.000,300.000,-1,-1,-1,-1,775.000,750.000,-1,-1,2,0,2,0,2,0,0,0,0,2,2,2,2,0,0,2,2
120,-3440.928,6765.473,9.388,-127.603,-0.610253,0.792027,-0.016867,-0.792200,-0.610019,0.017210,0.003341,0.023865,0.999710,0,0.88411,-0.12450,53.047,-0.249,-1,400.000,-1,400.000,-1,325.000,325.000,300.000,300.000,-1,-1,-1,-1,775.000,750.000,-1,-1,2,0,2,0,2,0,0,0,0,2,2,2,2,0,0,2,2
121,-3473.480,6723.587,9.527,-127.852,-0.613689,0.789369,-0.016813,-0.789541,-0.613455,0.017262,0.003312,0.023868,0.999710,0,0.88411,-0.12450,53.047,-0.249,-1,400.000,-1,400.000,-1,325.000,325.000,300.000,300.000,-1,-1,-1,-1,775.000,750.000,-1,-1,2,0,2,0,2,0,0,0,0,2,2,2,2,0,0,2,2
122,-3506.212,6681.844,9.614,-128.101,-0.617114,0.786696,-0.016745,-0.786867,-0.616880,0.017305,0.003285,0.023855,0.999710,0,0.88411,-0.12450,53.047,-0.249,-1,400.000,-1,400.000,-1,325.000,325.000,300.000,300.000,-1,-1,-1,-1,775.000,750.000,-1,-1,2,0,2,0,2,0,0,0,0,2,2,2,2,0,0,2,2
123,-3539.126,6640.243,9.649,-128.350,-0.620527,0.784008,-0.016665,-0.784178,-0.620293,0.017346,0.003262,0.023832,0.999711,0,0.88411,-0.12450,53.047,-0.249,-1,400.000,-1,400.000,-1,325.000,325.000,300.000,300.000,-1,-1,-1,-1,775.000,750.000,-1,-1,2,0,2,0,2,0,0,0,0,2,2,2,2,0,0,2,2
124,-3572.221,6598.785,9.635,-128.599,-0.623929,0.781306,-0.016575,-0.781475,-0.623695,0.017386,0.003246,0.023800,0.999711,0,0.88411,-0.12450,53.047,-0.249,-1,400.000,-1,400.000,-1,325.000,325.000,300.000,300.000,-1,-1,-1,-1,775.000,750.000,-1,-1,2,0,2,0,2,0,0,0,0,2,2,2,2,0,0,2,2
125,-3605.495,6557.472,9.567,-128.848,-0.627318,0.778589,-0.016471,-0.778756,-0.627085,0.017412,0.003228,0.023749,0.999713,0,0.88411,-0.12450,53.047,-0.249,-1,400.000,-1,400.000,-1,325.000,325.000,300.000,300.000,-1,-1,-1,-1,775.000,725.000,-1,-1,2,0,2,0,2,0,0,0,0,2,2,2,2,0,0,2,2
126,-3638.948,6516.304,9.699,-129.097,-0.630699,0.775855,-0.016396,-0.776021,-0.630461,0.017624,0.003337,0.023839,0.999710,0,0.88411,-0.12450,53.047,-0.249,-1,400.000,-1,400.000,-1,325.000,325.000,300.000,300.000,-1,-1,-1,-1,775.000,725.000,-1,-1,2,0,2,0,2,0,0,0,0,2,2,2,2,0,0,2,2
127,-3672.581,6475.281,9.930,-129.346,-0.634064,0.773110,-0.016249,-0.773274,-0.633829,0.017555,0.003273,0.023696,0.999714,0,0.88411,-0.12450,53.047,-0.249,-1,400.000,-1,400.000,-1,325.000,325.000,300.000,300.000,-1,-1,-1,-1,800.000,725.000,-1,-1,2,0,2,0,2,0,0,0,0,2,2,2,2,0,0,2,2
128,-3706.391,6434.405,10.211,-129.595,-0.637411,0.770358,-0.015988,-0.770519,-0.637191,0.016994,0.002904,0.023151,0.999728,0,0.88411,-0.12450,53.047,-0.249,-1,400.000,-1,400.000,-1,325.000,325.000,300.000,300.000,-1,-1,-1,-1,800.000,725.000,-1,-1,2,0,2,0,2,0,0,0,0,2,2,2,2,0,0,2,2
129,-3740.378,6393.677,10.439,-129.844,-0.640746,0.767592,-0.015717,-0.767749,-0.640541,0.016409,0.002528,0.022580,0.999742,0,0.88411,-0.12450,53.047,-0.249,-1,400.000,-1,400.000,-1,325.000,325.000,300.000,300.000,-1,-1,-1,-1,800.000,725.000,-1,-1,2,0,2,0,2,0,0,0,0,2,2,2,2,0,0,2,2
130,-3774.542,6353.096,10.615,-130.093,-0.644069,0.764811,-0.015436,-0.764964,-0.643879,0.015800,0.002146,0.021984,0.999756,0,0.88411,-0.12450,53.047,-0.249,-1,400.000,-1,400.000,-1,325.000,325.000,300.000,300.000,-1,-1,-1,-1,800.000,725.000,-1,-1,2,0,2,0,2,0,0,0,0,2,2,2,2,0,0,2,2
131,-3808.882,6312.664,10.733,-130.342,-0.647381,0.762016,-0.015161,-0.762165,-0.647205,0.015169,0.001747,0.021375,0.999770,0,0.88411,-0.12450,53.047,-0.249,-1,400.000,-1,400.000,-1,325.000,325.000,300.000,300.000,-1,-1,-1,-1,800.000,725.000,-1,-1,2,0,2,0,2,0,0,0,0,2,2,2,2,0,0,2,2
132,-3843.398,6272.382,10.783,-130.591,-0.650679,0.759206,-0.014949,-0.759352,-0.650519,0.014517,0.001297,0.020798,0.999783,0,0.88411,-0.12450,53.047,-0.249,-1,400.000,-1,400.000,-1,325.000,325.000,300.000,300.000,-1,-1,-1,-1,800.000,725.000,-1,-1,2,0,2,0,2,0,0,0,0,2,2,2,2,0,0,2,2
133,-3878.088,6232.251,10.849,-130.840,-0.653968,0.756385,-0.014403,-0.756521,-0.653823,0.013830,0.001044,0.019940,0.999801,0,0.88411,-0.12450,53.047,-0.249,-1,400.000,-1,375.000,-1,325.000,325.000,300.000,300.000,-1,-1,-1,-1,775.000,725.000,-1,-1,2,0,2,0,2,0,0,0,0,2,2,2,2,0,0,2,2
