timestep,x_cm,y_cm,z_cm,yaw_deg,basis_xx,basis_xy,basis_xz,basis_yx,basis_yy,basis_yz,basis_zx,basis_zy,basis_zz,teleport_flag,throttle_cmd,steering_cmd,cmd_move_cm,cmd_turn_deg,lidar_cm_0,lidar_cm_1,lidar_cm_2,lidar_cm_3,lidar_cm_4,lidar_cm_5,lidar_cm_6,lidar_cm_7,lidar_cm_8,lidar_cm_9,lidar_cm_10,lidar_cm_11,lidar_cm_12,lidar_cm_13,lidar_cm_14,lidar_cm_15,lidar_cm_16,lidar_class_0,lidar_class_1,lidar_class_2,lidar_class_3,lidar_class_4,lidar_class_5,lidar_class_6,lidar_class_7,lidar_class_8,lidar_class_9,lidar_class_10,lidar_class_11,lidar_class_12,lidar_class_13,lidar_class_14,lidar_class_15,lidar_class_16
0,4920.239,3612.369,341.523,80.903,0.157200,-0.986366,-0.048693,0.987381,0.157936,-0.011633,0.019165,-0.046250,0.998746,1,0.08000,0.12000,4.800,0.240,-1,400.000,-1,375.000,-1,325.000,300.000,300.000,300.000,-1,700.000,775.000,-1,750.000,675.000,-1,-1,2,0,2,0,2,0,0,0,0,2,0,0,2,0,0,2,2
1,4921.678,3621.861,341.708,81.383,0.148919,-0.987631,-0.049070,0.988666,0.149663,-0.011849,0.019046,-0.046749,0.998725,0,0.16000,0.24000,9.600,0.480,-1,400.000,-1,375.000,-1,325.000,300.000,300.000,300.000,-1,700.000,775.000,-1,750.000,675.000,-1,-1,2,0,2,0,2,0,0,0,0,2,0,0,2,0,0,2,2
2,4923.656,3636.124,341.977,82.103,0.136479,-0.989399,-0.049627,0.990464,0.137236,-0.012173,0.018854,-0.047492,0.998694,0,0.24000,0.36000,14.400,0.720,-1,400.000,-1,375.000,-1,325.000,300.000,300.000,325.000,-1,700.000,775.000,-1,775.000,675.000,-1,-1,2,0,2,0,2,0,0,0,0,2,0,0,2,0,0,2,2
3,4925.974,3655.183,342.319,83.063,0.119861,-0.991513,-0.050352,0.992617,0.120634,-0.012605,0.018572,-0.048469,0.998652,0,0.32000,0.48000,19.200,0.960,-1,400.000,-1,375.000,-1,325.000,300.000,300.000,300.000,-1,700.000,800.000,-1,775.000,675.000,-1,-1,2,0,2,0,2,0,0,0,0,2,0,0,2,0,0,2,2
4,4928.372,3679.063,342.721,84.263,0.099045,-0.993763,-0.051231,0.994917,0.099837,-0.013145,0.018177,-0.049668,0.998600,0,0.40000,0.60000,24.000,1.200,-1,400.000,-1,375.000,-1,325.000,300.000,300.000,300.000,-1,700.000,800.000,-1,775.000,675.000,-1,-1,2,0,2,0,2,0,0,0,0,2,0,0,2,0,0,2,2
5,4930.529,3707.782,343.163,85.703,0.074014,-0.995888,-0.052246,0.997101,0.074827,-0.013788,0.017640,-0.051074,0.998539,0,0.48000,0.72000,28.800,1.440,-1,400.000,-1,375.000,-1,325.000,300.000,300.000,300.000,-1,700.000,800.000,-1,775.000,700.000,-1,-1,2,0,2,0,2,0,0,0,0,2,0,0,2,0,0,2,2
6,4932.062,3741.346,343.623,87.383,0.044760,-0.997571,-0.053376,0.998854,0.045594,-0.014526,0.016924,-0.052665,0.998469,0,0.56000,0.84000,33.600,1.680,-1,400.000,-1,375.000,-1,325.000,300.000,300.000,300.000,-1,725.000,825.000,-1,800.000,700.000,-1,-1,2,0,2,0,2,0,0,0,0,2,0,0,2,0,0,2,2
7,4932.497,3777.227,344.038,89.303,0.011295,-0.998449,-0.054521,0.999809,0.012145,-0.015295,0.015933,-0.054338,0.998395,0,0.59806,0.96000,35.884,1.920,-1,400.000,-1,375.000,-1,325.000,325.000,300.000,300.000,-1,750.000,825.000,-1,800.000,700.000,-1,-1,2,0,2,0,2,0,0,0,0,2,0,0,2,0,0,2,2
8,4931.677,3813.218,344.372,91.303,-0.023565,-0.998175,-0.055601,0.999614,-0.022706,-0.016038,0.014746,-0.055958,0.998324,0,0.60003,1.00000,36.002,2.000,-1,400.000,-1,375.000,-1,325.000,325.000,300.000,300.000,-1,775.000,825.000,-1,800.000,700.000,-1,-1,2,0,2,0,2,0,0,0,0,2,0,0,2,0,0,2,2
9,4929.594,3849.296,344.623,93.303,-0.058385,-0.996687,-0.056618,0.998204,-0.057523,-0.016745,0.013433,-0.057493,0.998256,0,0.60232,1.00000,36.139,2.000,-1,400.000,-1,375.000,-1,325.000,325.000,300.000,300.000,-1,800.000,850.000,-1,825.000,725.000,-1,-1,2,0,2,0,2,0,0,0,0,2,0,0,2,0,0,2,2
10,4926.240,3885.415,344.787,95.303,-0.093123,-0.993989,-0.057573,0.995582,-0.092264,-0.017407,0.011991,-0.058940,0.998190,0,0.60457,1.00000,36.274,2.000,-1,400.000,-1,375.000,-1,325.000,325.000,300.000,300.000,-1,825.000,875.000,-1,825.000,725.000,-1,-1,2,0,2,0,2,0,0,0,0,2,0,0,2,0,0,2,2
11,4921.611,3921.525,344.978,97.303,-0.127714,-0.990057,-0.058960,0.991761,-0.126883,-0.017629,0.009973,-0.060726,0.998105,0,0.60678,1.00000,36.407,2.000,-1,400.000,-1,375.000,-1,325.000,325.000,300.000,300.000,-1,850.000,925.000,-1,825.000,725.000,-1,-1,2,0,2,0,2,0,0,0,0,2,0,0,2,0,0,2,2
12,4915.702,3957.581,345.127,99.303,-0.162113,-0.984911,-0.060570,0.986744,-0.161340,-0.017473,0.007437,-0.062600,0.998011,0,0.60896,1.00000,36.537,2.000,-1,400.000,-1,375.000,-1,325.000,325.000,300.000,300.000,-1,925.000,1000.000,-1,825.000,750.000,-1,-1,2,0,2,0,2,0,0,0,0,2,0,0,2,0,0,2,2
13,4907.880,3996.709,345.240,101.303,-0.196288,-0.978571,-0.062209,0.980535,-0.195593,-0.017140,0.004605,-0.064362,0.997916,0,0.66506,1.00000,39.904,2.000,-1,400.000,-1,375.000,-1,325.000,325.000,300.000,300.000,-1,-1,-1,-1,825.000,750.000,-1,-1,2,0,2,0,2,0,0,0,0,2,2,2,2,0,0,2,2
14,4897.774,4040.255,345.372,103.063,-0.226152,-0.972011,-0.063640,0.974090,-0.225534,-0.016835,0.002011,-0.065798,0.997831,0,0.74506,0.88000,44.704,1.760,-1,400.000,-1,375.000,-1,325.000,325.000,300.000,300.000,-1,-1,-1,-1,825.000,775.000,-1,-1,2,0,2,0,2,0,0,0,0,2,2,2,2,0,0,2,2
15,4885.309,4088.163,345.432,104.583,-0.251755,-0.965594,-0.065172,0.967791,-0.251214,-0.016503,-0.000437,-0.067228,0.997738,0,0.82506,0.76000,49.504,1.520,-1,400.000,-1,375.000,-1,325.000,325.000,300.000,300.000,-1,-1,-1,-1,825.000,775.000,-1,-1,2,0,2,0,2,0,0,0,0,2,2,2,2,0,0,2,2
16,4870.667,4139.681,345.402,105.863,-0.273159,-0.959647,-0.066800,0.961965,-0.272694,-0.016161,-0.002707,-0.068673,0.997636,0,0.89265,0.64000,53.559,1.280,-1,400.000,-1,375.000,-1,325.000,325.000,300.000,300.000,-1,-1,-1,-1,825.000,775.000,-1,-1,2,0,2,0,2,0,0,0,0,2,2,2,2,0,0,2,2
17,4855.147,4190.749,345.279,106.903,-0.290434,-0.954447,-0.068409,0.956883,-0.290039,-0.015853,-0.004711,-0.070064,0.997531,0,0.88957,0.52000,53.374,1.040,-1,400.000,-1,375.000,-1,325.000,325.000,300.000,300.000,-1,-1,-1,-1,825.000,800.000,-1,-1,2,0,2,0,2,0,0,0,0,2,2,2,2,0,0,2,2
18,4838.994,4241.350,345.073,107.703,-0.303640,-0.950212,-0.070001,0.952765,-0.303308,-0.015589,-0.006419,-0.071428,0.997425,0,0.88530,0.40000,53.118,0.800,-1,400.000,-1,400.000,-1,325.000,325.000,300.000,300.000,-1,-1,-1,-1,800.000,800.000,-1,-1,2,0,2,0,2,0,0,0,0,2,2,2,2,0,0,2,2
19,4822.331,4291.441,344.786,108.398,-0.315061,-0.946368,-0.071588,0.949038,-0.314787,-0.015382,-0.007978,-0.072786,0.997316,0,0.87983,0.34769,52.790,0.695,-1,400.000,-1,400.000,-1,325.000,325.000,300.000,300.000,-1,-1,-1,-1,800.000,800.000,-1,-1,2,0,2,0,2,0,0,0,0,2,2,2,2,0,0,2,2
20,4805.179,4340.983,344.414,109.094,-0.326443,-0.942380,-0.073180,0.945169,-0.326226,-0.015240,-0.009512,-0.074143,0.997202,0,0.87379,0.34798,52.427,0.696,-1,400.000,-1,400.000,-1,325.000,325.000,300.000,300.000,-1,-1,-1,-1,800.000,800.000,-1,-1,2,0,2,0,2,0,0,0,0,2,2,2,2,0,0,2,2
21,4787.551,4389.969,343.929,109.790,-0.337760,-0.938263,-0.074707,0.941167,-0.337607,-0.015054,-0.011097,-0.075396,0.997092,0,0.86770,0.34769,52.062,0.695,-1,400.000,-1,400.000,-1,325.000,325.000,300.000,300.000,-1,-1,-1,-1,775.000,800.000,-1,-1,2,0,2,0,2,0,0,1,0,2,2,2,2,0,0,2,2
22,4769.460,4438.395,343.327,110.484,-0.348993,-0.934025,-0.076160,0.937039,-0.348912,-0.014811,-0.012740,-0.076534,0.996986,0,0.86159,0.34684,51.695,0.694,-1,400.000,-1,400.000,-1,325.000,325.000,300.000,300.000,-1,-1,-1,-1,775.000,800.000,-1,-1,2,0,2,0,2,0,0,1,0,2,2,2,2,0,0,2,2
23,4750.918,4486.257,342.617,111.174,-0.360132,-0.929674,-0.077528,0.932792,-0.360119,-0.014635,-0.014313,-0.077588,0.996883,0,0.85549,0.34544,51.329,0.691,-1,400.000,-1,400.000,-1,325.000,325.000,300.000,300.000,-1,-1,-1,-1,775.000,800.000,-1,-1,2,0,2,0,2,0,0,1,0,2,2,2,2,0,0,2,2
24,4731.940,4533.557,341.733,111.861,-0.371161,-0.925237,-0.078594,0.928433,-0.371219,-0.014410,-0.015843,-0.078317,0.996803,0,0.84943,0.34351,50.966,0.687,-1,400.000,-1,400.000,-1,325.000,325.000,275.000,300.000,-1,-1,-1,-1,750.000,800.000,-1,-1,2,0,2,0,2,0,0,1,0,2,2,2,2,0,0,2,2
25,4712.537,4580.297,340.561,112.544,-0.382019,-0.920753,-0.079222,0.923980,-0.382208,-0.013364,-0.017974,-0.078305,0.996767,0,0.84345,0.34104,50.607,0.682,-1,400.000,-1,400.000,-1,325.000,325.000,275.000,300.000,-1,-1,-1,-1,750.000,800.000,-1,-1,2,0,2,0,2,0,0,1,0,2,2,2,2,0,0,2,2
26,4692.724,4626.480,339.344,113.220,-0.392732,-0.916168,-0.079981,0.919436,-0.393042,-0.012493,-0.019990,-0.078444,0.996718,0,0.83757,0.33807,50.254,0.676,-1,400.000,-1,400.000,-1,325.000,325.000,275.000,300.000,-1,-1,-1,-1,725.000,800.000,-1,-1,2,0,2,0,2,0,0,1,0,2,2,2,2,0,0,2,2
27,4672.512,4672.114,338.097,113.889,-0.403283,-0.911499,-0.080827,0.914812,-0.403709,-0.011730,-0.021939,-0.078672,0.996659,0,0.83184,0.33461,49.910,0.669,-1,400.000,-1,400.000,-1,325.000,325.000,275.000,300.000,-1,-1,-1,-1,725.000,800.000,-1,-1,2,0,2,0,2,0,0,1,0,2,2,2,2,0,0,2,2
28,4651.913,4717.207,336.902,114.550,-0.413641,-0.906778,-0.081571,0.910122,-0.414203,-0.010711,-0.024075,-0.078670,0.996610,0,0.82627,0.33067,49.576,0.661,-1,375.000,-1,400.000,-1,325.000,325.000,250.000,300.000,-1,-1,-1,-1,725.000,775.000,-1,-1,2,0,2,0,2,0,0,1,0,2,2,2,2,0,0,2,2
29,4630.940,4761.773,335.803,115.203,-0.423856,-0.902032,-0.081754,0.905365,-0.424516,-0.009992,-0.025693,-0.078252,0.996602,0,0.82090,0.32626,49.254,0.653,-1,375.000,-1,400.000,-1,325.000,325.000,250.000,300.000,-1,-1,-1,-1,700.000,775.000,-1,-1,2,0,2,0,2,0,0,1,0,2,2,2,2,0,0,2,2
30,4609.603,4805.823,334.767,115.846,-0.433904,-0.897262,-0.081538,0.900557,-0.434633,-0.009515,-0.026902,-0.077558,0.996625,0,0.81577,0.32140,48.946,0.643,-1,375.000,-1,400.000,-1,325.000,325.000,250.000,300.000,-1,-1,-1,-1,700.000,775.000,-1,-1,2,0,2,0,2,0,0,1,0,2,2,2,2,0,0,2,2
31,4587.911,4849.373,333.710,116.478,-0.443742,-0.892455,-0.081350,0.895718,-0.444528,-0.009171,-0.027977,-0.076936,0.996643,0,0.81089,0.31610,48.654,0.632,-1,375.000,-1,400.000,-1,325.000,325.000,250.000,300.000,-1,-1,-1,-1,700.000,750.000,-1,-1,2,0,2,0,2,0,0,1,0,2,2,2,2,0,0,2,2
32,4565.874,4892.440,332.632,117.098,-0.453358,-0.887624,-0.081184,0.890860,-0.454190,-0.008963,-0.028917,-0.076387,0.996659,0,0.80630,0.31038,48.378,0.621,-1,375.000,-1,400.000,-1,325.000,325.000,250.000,300.000,-1,-1,-1,-1,700.000,750.000,-1,-1,2,0,2,0,2,0,0,1,0,2,2,2,2,0,0,2,2
33,4543.501,4935.043,331.509,117.707,-0.462749,-0.882788,-0.080923,0.885994,-0.463612,-0.008913,-0.029649,-0.075822,0.996681,0,0.80201,0.30426,48.121,0.609,-1,375.000,-1,400.000,-1,300.000,325.000,250.000,300.000,-1,-1,-1,-1,700.000,750.000,-1,-1,2,0,2,0,2,0,0,1,0,2,2,2,2,0,0,2,2
34,4520.799,4977.202,330.337,118.302,-0.471906,-0.877962,-0.080541,0.881133,-0.472783,-0.009021,-0.030158,-0.075224,0.996710,0,0.79806,0.29773,47.884,0.595,-1,375.000,-1,400.000,-1,300.000,325.000,275.000,325.000,-1,-1,-1,-1,700.000,750.000,-1,-1,2,0,2,0,2,0,0,1,0,2,2,2,2,0,0,2,2
35,4497.774,5018.939,329.140,118.884,-0.480812,-0.873153,-0.080141,0.876292,-0.481691,-0.009266,-0.030512,-0.074683,0.996740,0,0.79445,0.29082,47.667,0.582,-1,375.000,-1,400.000,-1,300.000,325.000,275.000,325.000,-1,-1,-1,-1,700.000,750.000,-1,-1,2,0,2,0,2,0,0,1,0,2,2,2,2,0,0,2,2
36,4474.433,5060.277,327.919,119.451,-0.489459,-0.868375,-0.079720,0.871485,-0.490327,-0.009648,-0.030711,-0.074197,0.996771,0,0.79121,0.28354,47.473,0.567,-1,375.000,-1,400.000,-1,300.000,325.000,275.000,325.000,-1,-1,-1,-1,700.000,750.000,-1,-1,2,0,2,0,2,0,0,1,0,2,2,2,2,0,0,2,2
37,4450.782,5101.240,326.531,120.003,-0.497885,-0.863673,-0.078610,0.866713,-0.498702,-0.010267,-0.030335,-0.073244,0.996853,0,0.78835,0.27590,47.301,0.552,-1,375.000,-1,400.000,-1,300.000,325.000,300.000,325.000,-1,-1,-1,-1,700.000,750.000,-1,-1,2,0,2,0,2,0,0,1,0,2,2,2,2,0,0,2,2
38,4426.823,5141.853,325.053,120.539,-0.506054,-0.859043,-0.077162,0.861993,-0.506799,-0.011055,-0.029609,-0.072107,0.996957,0,0.78589,0.26790,47.153,0.536,-1,375.000,-1,400.000,-1,300.000,325.000,300.000,325.000,-1,-1,-1,-1,700.000,750.000,-1,-1,2,0,2,0,2,0,0,1,0,2,2,2,2,0,0,2,2
39,4402.562,5182.141,323.562,121.058,-0.513926,-0.854480,-0.075788,0.857349,-0.514600,-0.011847,-0.028878,-0.071065,0.997054,0,0.78382,0.25956,47.029,0.519,-1,375.000,-1,400.000,-1,300.000,325.000,300.000,325.000,-1,-1,-1,-1,700.000,750.000,-1,-1,2,0,2,0,2,0,0,0,0,2,2,2,2,0,0,2,2
40,4378.000,5222.130,322.031,121.560,-0.521489,-0.850004,-0.074446,0.852791,-0.522102,-0.012525,-0.028222,-0.070019,0.997146,0,0.78217,0.25089,46.930,0.502,-1,375.000,-1,400.000,-1,300.000,325.000,300.000,325.000,-1,-1,-1,-1,700.000,750.000,-1,-1,2,0,2,0,2,0,0,0,0,2,2,2,2,0,0,2,2
41,4354.575,5259.186,320.607,122.301,-0.532535,-0.843229,-0.073286,0.845949,-0.533098,-0.013289,-0.027863,-0.069073,0.997222,0,0.73066,0.37089,43.840,0.742,-1,375.000,-1,400.000,-1,300.000,325.000,300.000,325.000,-1,-1,-1,-1,700.000,750.000,-1,-1,2,0,2,0,2,0,0,0,0,2,2,2,2,0,0,2,2
42,4330.516,5295.837,319.180,123.283,-0.546984,-0.834023,-0.072210,0.836684,-0.547502,-0.014183,-0.027706,-0.068175,0.997289,0,0.73072,0.49089,43.843,0.982,-1,375.000,-1,400.000,-1,300.000,325.000,300.000,325.000,-1,-1,-1,-1,700.000,750.000,-1,-1,2,0,2,0,2,0,0,0,0,2,2,2,2,0,0,2,2
43,4305.646,5332.017,317.740,124.505,-0.564717,-0.822207,-0.071209,0.824818,-0.565193,-0.015215,-0.027737,-0.067327,0.997345,0,0.73174,0.61089,43.905,1.222,-1,375.000,-1,400.000,-1,300.000,325.000,300.000,325.000,-1,-1,-1,-1,700.000,750.000,-1,-1,2,0,2,0,2,0,0,0,0,2,2,2,2,0,0,2,2
44,4279.795,5367.643,316.431,125.967,-0.585558,-0.807598,-0.070061,0.810132,-0.586039,-0.015631,-0.028435,-0.065911,0.997420,0,0.73362,0.73089,44.017,1.462,-1,375.000,-1,400.000,-1,300.000,325.000,300.000,325.000,-1,-1,-1,-1,700.000,725.000,-1,-1,2,0,2,0,2,0,0,0,0,2,2,2,2,0,0,2,2
45,4252.801,5402.610,315.092,127.669,-0.609326,-0.789915,-0.068966,0.792375,-0.609824,-0.016032,-0.029393,-0.064415,0.997490,0,0.73625,0.85089,44.175,1.702,-1,375.000,-1,375.000,-1,300.000,325.000,300.000,325.000,-1,-1,700.000,-1,675.000,725.000,-1,-1,2,0,2,0,2,0,0,0,0,2,2,0,2,0,0,2,2
46,4224.514,5436.793,313.677,129.610,-0.635778,-0.768877,-0.067925,0.771264,-0.636304,-0.016391,-0.030618,-0.062809,0.997556,0,0.73950,0.97089,44.370,1.942,-1,375.000,-1,375.000,-1,300.000,325.000,300.000,325.000,-1,750.000,575.000,-1,675.000,725.000,-1,-1,2,0,2,0,2,0,0,0,0,2,0,0,2,0,0,2,2
47,4194.900,5470.138,312.206,131.610,-0.662261,-0.746274,-0.066973,0.748596,-0.662814,-0.016787,-0.031863,-0.061253,0.997614,0,0.74329,1.00000,44.598,2.000,-1,375.000,-1,375.000,-1,300.000,325.000,300.000,325.000,-1,650.000,525.000,-1,675.000,725.000,-1,-1,2,0,2,0,2,0,0,0,0,2,0,0,2,0,0,2,2
48,4163.983,5502.594,310.682,133.610,-0.687937,-0.722752,-0.066113,0.725016,-0.688517,-0.017222,-0.033073,-0.059781,0.997663,0,0.74710,1.00000,44.826,2.000,-1,375.000,-1,375.000,-1,300.000,325.000,300.000,325.000,-1,600.000,500.000,-1,675.000,700.000,-1,-1,2,0,2,0,2,0,0,0,0,2,0,0,2,0,0,2,2
49,4131.794,5534.105,309.108,135.610,-0.712776,-0.698340,-0.065349,0.700554,-0.713379,-0.017705,-0.034254,-0.058400,0.997705,0,0.75077,1.00000,45.046,2.000,-1,375.000,-1,375.000,-1,300.000,300.000,300.000,325.000,-1,575.000,525.000,-1,675.000,700.000,-1,-1,2,0,2,0,2,0,0,0,0,2,0,0,2,0,0,2,2
50,4102.184,5561.362,307.682,137.370,-0.733921,-0.676147,-0.064694,0.678321,-0.734541,-0.018171,-0.035234,-0.057219,0.997740,0,0.67077,0.88000,40.246,1.760,-1,375.000,-1,375.000,-1,300.000,300.000,300.000,325.000,-1,550.000,550.000,-1,675.000,700.000,-1,-1,2,0,2,0,2,0,0,0,0,2,0,0,2,0,0,2,2
51,4075.478,5584.668,306.415,138.890,-0.751628,-0.656462,-0.064129,0.658603,-0.752261,-0.018606,-0.036027,-0.056220,0.997768,0,0.59077,0.76000,35.446,1.520,-1,375.000,-1,375.000,-1,300.000,300.000,300.000,325.000,-1,575.000,550.000,-1,675.000,700.000,-1,-1,2,0,2,0,2,0,0,0,0,2,0,0,2,0,0,2,2
52,4051.891,5604.232,305.277,140.328,-0.767892,-0.637418,-0.063566,0.639525,-0.768536,-0.018994,-0.036746,-0.055237,0.997797,0,0.51077,0.71879,30.646,1.438,-1,375.000,-1,375.000,-1,300.000,300.000,300.000,325.000,-1,575.000,575.000,-1,675.000,700.000,-1,-1,2,0,2,0,2,0,0,0,0,2,0,0,2,0,0,2,2
53,4031.593,5620.232,304.272,141.755,-0.783556,-0.618118,-0.063006,0.620191,-0.784213,-0.019323,-0.037466,-0.054216,0.997826,0,0.43077,0.71341,25.846,1.427,-1,375.000,-1,375.000,-1,300.000,300.000,300.000,325.000,-1,575.000,575.000,-1,675.000,700.000,-1,-1,2,0,2,0,2,0,0,0,0,2,0,0,2,0,0,2,2
54,4014.748,5632.847,303.503,143.173,-0.798654,-0.598563,-0.062245,0.600586,-0.799322,-0.019527,-0.038066,-0.052979,0.997870,0,0.35077,0.70898,21.046,1.418,-1,375.000,-1,375.000,-1,300.000,300.000,300.000,325.000,-1,575.000,575.000,-1,675.000,700.000,-1,-1,2,0,2,0,2,0,0,0,0,2,0,0,2,0,0,2,2
55,4001.509,5642.262,302.896,144.584,-0.813181,-0.578736,-0.061652,0.580717,-0.813868,-0.019682,-0.038786,-0.051807,0.997904,0,0.27077,0.70547,16.246,1.411,-1,375.000,-1,375.000,-1,300.000,300.000,300.000,325.000,-1,575.000,575.000,-1,675.000,700.000,-1,-1,2,0,2,0,2,0,0,0,0,2,0,0,2,0,0,2,2
56,3992.022,5648.665,302.449,145.989,-0.827154,-0.558628,-0.061245,0.560575,-0.827867,-0.019796,-0.039644,-0.050707,0.997926,0,0.19077,0.70285,11.446,1.406,-1,375.000,-1,375.000,-1,300.000,300.000,300.000,325.000,-1,575.000,575.000,-1,675.000,700.000,-1,-1,2,0,2,0,2,0,0,0,0,2,0,0,2,0,0,2,2
57,3986.424,5652.246,302.170,147.392,-0.840586,-0.538231,-0.061010,0.540151,-0.841333,-0.019872,-0.040634,-0.049658,0.997939,0,0.11077,0.70109,6.646,1.402,-1,375.000,-1,375.000,-1,300.000,300.000,300.000,325.000,-1,575.000,600.000,-1,675.000,700.000,-1,-1,2,0,2,0,2,0,0,0,0,2,0,0,2,0,0,2,2
58,3984.846,5653.203,302.066,148.792,-0.853489,-0.517537,-0.060935,0.519436,-0.854277,-0.019911,-0.041751,-0.048645,0.997943,0,0.03077,0.70012,1.846,1.400,-1,375.000,-1,375.000,-1,300.000,300.000,300.000,325.000,-1,575.000,600.000,-1,675.000,700.000,-1,-1,2,0,2,0,2,0,0,0,0,2,0,0,2,0,0,2,2
59,3987.409,5651.735,302.145,150.191,-0.865868,-0.496538,-0.061009,0.498422,-0.866706,-0.019917,-0.042987,-0.047654,0.997938,0,-0.04923,0.69986,-2.954,1.400,-1,375.000,-1,375.000,-1,300.000,300.000,300.000,325.000,-1,550.000,600.000,-1,675.000,675.000,-1,-1,2,0,2,0,2,0,0,0,0,2,0,0,2,0,0,2,2
60,3994.230,5648.046,302.435,151.592,-0.877734,-0.475231,-0.061140,0.477097,-0.878626,-0.019862,-0.044280,-0.046603,0.997932,0,-0.12923,0.70024,-7.754,1.400,-1,375.000,-1,375.000,-1,300.000,300.000,300.000,325.000,-1,550.000,625.000,-1,700.000,675.000,-1,-1,2,0,2,0,2,0,0,0,0,2,0,0,2,0,0,2,2
61,4005.416,5642.346,302.939,152.994,-0.889086,-0.453609,-0.061360,0.455459,-0.890037,-0.019763,-0.045649,-0.045518,0.997920,0,-0.20923,0.70114,-12.554,1.402,-1,375.000,-1,375.000,-1,300.000,300.000,300.000,325.000,-1,550.000,625.000,-1,700.000,675.000,-1,-1,2,0,2,0,2,0,0,0,0,2,0,0,2,0,0,2,2
62,4021.067,5634.848,303.679,154.399,-0.899923,-0.431674,-0.061619,0.433504,-0.900939,-0.019604,-0.047052,-0.044354,0.997907,0,-0.28923,0.70245,-17.354,1.405,-1,375.000,-1,375.000,-1,300.000,300.000,300.000,325.000,-1,550.000,625.000,-1,700.000,675.000,-1,-1,2,0,2,0,2,0,0,0,0,2,0,0,2,0,0,2,2
63,4041.276,5625.769,304.734,155.807,-0.910259,-0.409433,-0.061596,0.411218,-0.911334,-0.019227,-0.048262,-0.042830,0.997916,0,-0.36923,0.70402,-22.154,1.408,-1,375.000,-1,375.000,-1,300.000,300.000,300.000,325.000,-1,550.000,625.000,-1,700.000,675.000,-1,-1,2,0,2,0,2,0,0,0,0,2,0,0,2,0,0,2,2
64,4066.128,5615.333,306.052,157.219,-0.920067,-0.386887,-0.061599,0.388623,-0.921205,-0.018777,-0.049481,-0.041215,0.997924,0,-0.44923,0.70570,-26.954,1.411,-1,375.000,-1,375.000,-1,300.000,300.000,300.000,300.000,-1,550.000,625.000,-1,700.000,675.000,-1,-1,2,0,2,0,2,0,0,0,0,2,0,0,2,0,0,2,2
65,4091.981,5605.220,307.517,158.633,-0.929330,-0.364056,-0.061723,0.365726,-0.930550,-0.017946,-0.050903,-0.039251,0.997932,0,-0.46268,0.70732,-27.761,1.415,-1,375.000,-1,375.000,-1,325.000,300.000,300.000,300.000,-1,550.000,675.000,-1,700.000,675.000,-1,-1,2,0,2,0,2,0,0,0,0,2,0,0,2,0,0,2,2
66,4117.778,5595.857,309.016,160.050,-0.938038,-0.340960,-0.061894,0.342558,-0.939342,-0.017027,-0.052334,-0.037174,0.997937,0,-0.45739,0.70851,-27.444,1.417,-1,375.000,-1,375.000,-1,325.000,325.000,300.000,300.000,-1,550.000,700.000,-1,700.000,675.000,-1,-1,2,0,2,0,2,0,0,0,0,2,0,0,2,0,0,2,2
67,4143.494,5587.238,310.527,161.469,-0.946181,-0.317628,-0.062084,0.319150,-0.947567,-0.016116,-0.053710,-0.035063,0.997941,0,-0.45204,0.70922,-27.122,1.418,-1,375.000,-1,375.000,-1,325.000,325.000,300.000,300.000,-1,575.000,750.000,-1,725.000,675.000,-1,-1,2,0,2,0,2,0,0,0,0,2,0,0,2,0,0,2,2
68,4164.801,5580.581,311.789,162.647,-0.952505,-0.298091,-0.062256,0.299549,-0.953957,-0.015366,-0.054809,-0.033285,0.997942,0,-0.37204,0.58922,-22.322,1.178,-1,400.000,-1,375.000,-1,325.000,325.000,300.000,300.000,-1,600.000,775.000,-1,725.000,675.000,-1,-1,2,0,2,0,2,0,0,0,0,2,0,0,2,0,0,2,2
69,4181.609,5575.630,312.791,163.586,-0.957253,-0.282440,-0.062399,0.283847,-0.958756,-0.014778,-0.055652,-0.031858,0.997942,0,-0.29204,0.46922,-17.522,0.938,-1,400.000,-1,375.000,-1,325.000,325.000,300.000,300.000,-1,625.000,825.000,-1,725.000,675.000,-1,-1,2,0,2,0,2,0,0,0,0,2,0,0,2,0,0,2,2
70,4193.856,5572.184,313.524,164.284,-0.960621,-0.270741,-0.062508,0.272109,-0.962160,-0.014350,-0.056257,-0.030794,0.997941,0,-0.21204,0.34922,-12.722,0.698,-1,400.000,-1,375.000,-1,325.000,325.000,325.000,300.000,-1,650.000,850.000,-1,725.000,675.000,-1,-1,2,0,2,0,2,0,0,0,0,2,0,0,2,0,0,2,2
71,4201.499,5570.100,313.983,164.742,-0.962754,-0.263040,-0.062577,0.264382,-0.964315,-0.014082,-0.056640,-0.030102,0.997941,0,-0.13204,0.22922,-7.922,0.458,-1,400.000,-1,375.000,-1,325.000,325.000,325.000,300.000,-1,650.000,875.000,-1,725.000,675.000,-1,-1,2,0,2,0,2,0,0,0,0,2,0,0,2,0,0,2,2
72,4204.514,5569.290,314.163,164.961,-0.963749,-0.259364,-0.062603,0.260694,-0.965320,-0.013972,-0.056808,-0.029786,0.997941,0,-0.05204,0.10922,-3.122,0.218,-1,400.000,-1,375.000,-1,325.000,325.000,325.000,300.000,-1,650.000,875.000,-1,725.000,675.000,-1,-1,2,0,2,0,2,0,0,0,0,2,0,0,2,0,0,2,2
73,4202.894,5569.726,314.065,164.939,-0.963652,-0.259726,-0.062586,0.261060,-0.965221,-0.014020,-0.056768,-0.029849,0.997941,0,0.02796,-0.01078,1.678,-0.022,-1,400.000,-1,375.000,-1,325.000,325.000,325.000,300.000,-1,650.000,875.000,-1,725.000,675.000,-1,-1,2,0,2,0,2,0,0,0,0,2,0,0,2,0,0,2,2
74,4196.646,5571.437,313.689,164.678,-0.962459,-0.264127,-0.062525,0.265477,-0.964012,-0.014225,-0.056518,-0.030290,0.997942,0,0.10796,-0.13078,6.478,-0.262,-1,400.000,-1,375.000,-1,325.000,325.000,325.000,300.000,-1,650.000,875.000,-1,725.000,675.000,-1,-1,2,0,2,0,2,0,0,0,0,2,0,0,2,0,0,2,2
75,4185.790,5574.492,313.037,164.283,-0.960622,-0.270758,-0.062419,0.272135,-0.962149,-0.014575,-0.056110,-0.030987,0.997944,0,0.18796,-0.19742,11.278,-0.395,-1,400.000,-1,375.000,-1,325.000,325.000,300.000,300.000,-1,650.000,850.000,-1,725.000,675.000,-1,-1,2,0,2,0,2,0,0,0,0,2,0,0,2,0,0,2,2
76,4170.344,5578.953,312.112,163.889,-0.958745,-0.277364,-0.062266,0.278774,-0.960239,-0.015054,-0.055614,-0.031791,0.997946,0,0.26796,-0.19711,16.078,-0.394,-1,400.000,-1,375.000,-1,325.000,325.000,300.000,300.000,-1,625.000,825.000,-1,725.000,675.000,-1,-1,2,0,2,0,2,0,0,0,0,2,0,0,2,0,0,2,2
77,4150.326,5584.884,310.918,163.495,-0.956829,-0.283945,-0.062070,0.285392,-0.958283,-0.015665,-0.055033,-0.032704,0.997949,0,0.34796,-0.19677,20.878,-0.394,-1,400.000,-1,375.000,-1,325.000,325.000,300.000,300.000,-1,600.000,800.000,-1,725.000,675.000,-1,-1,2,0,2,0,2,0,0,0,0,2,0,0,2,0,0,2,2
78,4125.757,5592.347,309.462,163.102,-0.954874,-0.290501,-0.061839,0.291991,-0.956280,-0.016410,-0.054368,-0.033726,0.997951,0,0.42796,-0.19649,25.678,-0.393,-1,375.000,-1,375.000,-1,325.000,325.000,300.000,300.000,-1,600.000,775.000,-1,725.000,675.000,-1,-1,2,0,2,0,2,0,0,0,0,2,0,0,2,0,0,2,2
79,4096.656,5601.405,307.752,162.709,-0.952878,-0.297037,-0.061582,0.298576,-0.954229,-0.017291,-0.053627,-0.034863,0.997952,0,0.50796,-0.19636,30.478,-0.393,-1,375.000,-1,375.000,-1,325.000,325.000,300.000,300.000,-1,575.000,775.000,-1,725.000,675.000,-1,-1,2,0,2,0,2,0,0,0,0,2,0,0,2,0,0,2,2
80,4063.045,5612.121,305.798,162.316,-0.950837,-0.303561,-0.061309,0.305154,-0.952127,-0.018311,-0.052816,-0.036120,0.997951,0,0.58796,-0.19650,35.278,-0.393,-1,375.000,-1,375.000,-1,325.000,300.000,300.000,300.000,-1,575.000,750.000,-1,700.000,675.000,-1,-1,2,0,2,0,2,0,0,0,0,2,0,0,2,0,0,2,2
81,4028.465,5623.408,303.847,161.922,-0.948740,-0.310090,-0.061127,0.311731,-0.949977,-0.019196,-0.052117,-0.037267,0.997945,0,0.60626,-0.19704,36.376,-0.394,-1,375.000,-1,375.000,-1,300.000,300.000,300.000,300.000,-1,600.000,750.000,-1,700.000,675.000,-1,-1,2,0,2,0,2,0,0,0,0,2,0,0,2,0,0,2,2
82,3989.356,5636.290,301.773,161.768,-0.947923,-0.312636,-0.060825,0.314299,-0.949118,-0.019771,-0.051549,-0.037859,0.997953,0,0.68626,-0.07704,41.176,-0.154,1000.000,375.000,-1,375.000,-1,300.000,300.000,300.000,300.000,-1,600.000,750.000,-1,700.000,675.000,-1,-1,1,0,2,0,2,0,0,0,0,2,0,0,2,0,0,2,2
83,3945.667,5650.608,299.614,161.854,-0.948449,-0.311214,-0.059917,0.312855,-0.949589,-0.020070,-0.050651,-0.037781,0.998002,0,0.76626,0.04296,45.976,0.086,975.000,375.000,-1,375.000,-1,300.000,300.000,300.000,300.000,-1,625.000,750.000,-1,700.000,675.000,-1,-1,1,0,2,0,2,0,0,0,0,2,0,0,2,0,0,2,2
84,3901.935,5664.666,297.473,162.180,-0.950259,-0.305810,-0.059054,0.307430,-0.951352,-0.020417,-0.049938,-0.037556,0.998046,0,0.76561,0.16296,45.936,0.326,925.000,375.000,-1,375.000,-1,300.000,300.000,300.000,300.000,-1,650.000,750.000,-1,700.000,675.000,-1,-1,1,0,2,0,2,0,0,0,0,2,0,0,2,0,0,2,2
85,3858.224,5678.243,295.319,162.746,-0.953292,-0.296403,-0.058132,0.297994,-0.954343,-0.020727,-0.049334,-0.037082,0.998094,0,0.76286,0.28296,45.771,0.566,900.000,375.000,-1,375.000,-1,300.000,300.000,300.000,300.000,-1,650.000,775.000,-1,700.000,675.000,-1,-1,1,0,2,0,2,0,0,0,0,2,0,0,2,0,0,2,2
86,3814.447,5691.167,293.276,163.552,-0.957442,-0.282953,-0.056935,0.284526,-0.958426,-0.021567,-0.048466,-0.036848,0.998145,0,0.76075,0.40296,45.645,0.806,875.000,375.000,-1,375.000,-1,300.000,300.000,325.000,300.000,-1,650.000,775.000,-1,700.000,675.000,-1,-1,1,0,2,0,2,0,0,0,0,2,0,0,2,0,0,2,2
87,3770.529,5703.266,291.273,164.598,-0.962527,-0.265413,-0.055663,0.266973,-0.963439,-0.022612,-0.047626,-0.036626,0.998194,0,0.75924,0.52296,45.555,1.046,850.000,375.000,-1,375.000,-1,300.000,300.000,300.000,300.000,-1,650.000,750.000,-1,700.000,675.000,-1,-1,1,0,2,0,2,0,0,0,0,2,0,0,2,0,0,2,2
88,3726.405,5714.362,289.254,165.884,-0.968317,-0.243729,-0.054395,0.245271,-0.969166,-0.023641,-0.046956,-0.036233,0.998240,0,0.75831,0.64296,45.499,1.286,825.000,375.000,-1,375.000,-1,300.000,300.000,300.000,300.000,-1,650.000,750.000,-1,700.000,675.000,-1,-1,1,0,2,0,2,0,0,0,0,2,0,0,2,0,0,2,2
89,3682.024,5724.275,287.209,167.410,-0.974538,-0.217839,-0.053129,0.219360,-0.975333,-0.024637,-0.046452,-0.035664,0.998284,0,0.75791,0.76296,45.475,1.526,775.000,375.000,-1,375.000,-1,325.000,300.000,300.000,300.000,-1,650.000,750.000,-1,700.000,700.000,-1,-1,1,0,2,0,2,0,0,0,0,2,0,0,2,0,0,2,2
90,3637.354,5732.816,285.129,169.176,-0.980859,-0.187684,-0.051866,0.189181,-0.981609,-0.025588,-0.046110,-0.034910,0.998326,0,0.75799,0.88296,45.479,1.766,750.000,375.000,-1,375.000,-1,325.000,300.000,300.000,300.000,-1,625.000,775.000,-1,725.000,700.000,1000.000,-1,1,0,2,0,2,0,0,0,0,2,0,0,2,0,0,1,2
91,3592.382,5739.798,283.007,171.176,-0.986880,-0.153317,-0.050607,0.154786,-0.987593,-0.026477,-0.045920,-0.033963,0.998368,0,0.75852,1.00000,45.511,2.000,700.000,375.000,-1,375.000,-1,325.000,300.000,300.000,300.000,-1,625.000,800.000,-1,725.000,700.000,900.000,-1,1,0,2,0,2,0,0,0,0,2,0,0,2,0,0,1,2
92,3547.140,5745.213,280.840,173.176,-0.991695,-0.118761,-0.049359,0.120201,-0.992374,-0.027305,-0.045740,-0.033011,0.998408,0,0.75943,1.00000,45.566,2.000,675.000,375.000,-1,375.000,-1,325.000,325.000,300.000,300.000,-1,625.000,825.000,-1,700.000,700.000,825.000,-1,1,0,2,0,2,0,0,0,0,2,0,0,2,1,0,1,2
93,3501.683,5749.050,278.627,175.176,-0.995298,-0.084058,-0.048124,0.085470,-0.995945,-0.028068,-0.045569,-0.032049,0.998447,0,0.76030,1.00000,45.618,2.000,625.000,375.000,-1,375.000,-1,325.000,325.000,300.000,300.000,-1,625.000,850.000,-1,675.000,700.000,750.000,-1,1,0,2,0,2,0,0,0,0,2,0,0,2,1,0,1,2
94,3451.327,5751.535,276.133,177.176,-0.997690,-0.049250,-0.046782,0.050633,-0.998301,-0.028848,-0.045281,-0.031150,0.998488,0,0.84030,1.00000,50.418,2.000,600.000,400.000,-1,375.000,-1,325.000,325.000,300.000,300.000,-1,625.000,875.000,-1,650.000,700.000,675.000,-1,1,0,2,0,2,0,0,0,0,2,0,0,2,1,0,1,2
95,3400.005,5752.274,273.544,179.176,-0.998864,-0.014380,-0.045436,0.015733,-0.999439,-0.029561,-0.044986,-0.030243,0.998530,0,0.85546,1.00000,51.327,2.000,550.000,375.000,-1,375.000,-1,325.000,325.000,300.000,300.000,-1,625.000,875.000,-1,625.000,700.000,625.000,-1,1,1,2,0,2,0,0,0,0,2,0,0,2,1,0,1,2
96,3348.323,5751.213,270.885,181.176,-0.998816,0.020509,-0.044106,-0.019187,-0.999360,-0.030189,-0.044697,-0.029307,0.998571,0,0.86156,1.00000,51.693,2.000,500.000,375.000,-1,375.000,-1,325.000,325.000,300.000,300.000,-1,600.000,875.000,-1,600.000,700.000,575.000,950.000,1,1,2,0,2,0,0,0,0,2,0,0,2,1,0,1,1
97,3296.400,5748.333,268.178,183.176,-0.997546,0.055375,-0.042850,-0.054081,-0.998061,-0.030800,-0.044472,-0.028407,0.998607,0,0.86671,1.00000,52.003,2.000,475.000,375.000,-1,375.000,-1,325.000,325.000,300.000,300.000,-1,600.000,850.000,-1,550.000,725.000,500.000,875.000,1,1,2,0,2,0,0,0,0,2,0,0,2,1,1,1,1
98,3244.296,5743.613,265.923,185.176,-0.995049,0.090175,-0.041790,-0.088892,-0.995540,-0.031598,-0.044453,-0.027727,0.998627,0,0.87197,1.00000,52.318,2.000,425.000,350.000,-1,375.000,950.000,325.000,325.000,300.000,300.000,-1,625.000,925.000,-1,525.000,675.000,450.000,825.000,1,1,2,0,1,0,0,0,0,2,0,0,2,1,1,1,1
99,3192.069,5737.040,264.458,187.176,-0.991403,0.124877,-0.039059,-0.123808,-0.991891,-0.028701,-0.042326,-0.023618,0.998825,0,0.87732,1.00000,52.639,2.000,400.000,350.000,-1,400.000,825.000,325.000,325.000,300.000,300.000,-1,600.000,725.000,-1,500.000,650.000,425.000,775.000,1,1,2,0,1,0,0,0,0,2,0,0,2,1,1,1,1
100,3139.100,5728.713,263.111,188.936,-0.987211,0.155298,-0.036022,-0.154471,-0.987688,-0.024723,-0.039418,-0.018842,0.999045,0,0.89368,0.88000,53.621,1.760,375.000,350.000,-1,400.000,750.000,325.000,325.000,325.000,300.000,-1,575.000,650.000,-1,500.000,625.000,400.000,725.000,1,1,2,0,1,1,0,0,0,2,0,0,2,1,1,1,1
101,3086.064,5718.928,261.914,190.456,-0.982854,0.181458,-0.032722,-0.180887,-0.983307,-0.019667,-0.035745,-0.013411,0.999271,0,0.89886,0.76000,53.932,1.520,350.000,325.000,-1,400.000,700.000,325.000,325.000,325.000,300.000,-1,525.000,550.000,-1,475.000,600.000,375.000,675.000,1,1,2,0,1,1,0,0,0,2,0,0,2,1,1,1,1
102,3032.976,5707.901,260.879,191.736,-0.978664,0.203391,-0.029147,-0.203073,-0.979070,-0.013513,-0.031286,-0.007305,0.999484,0,0.90368,0.64000,54.221,1.280,325.000,325.000,-1,425.000,650.000,325.000,350.000,350.000,300.000,-1,500.000,475.000,-1,450.000,575.000,350.000,625.000,1,1,2,0,1,1,0,0,0,2,0,0,2,1,1,1,1
103,2979.866,5695.750,260.009,192.887,-0.974482,0.223034,-0.025324,-0.222947,-0.974811,-0.006241,-0.026078,-0.000435,0.999660,0,0.90804,0.57581,54.483,1.152,325.000,325.000,-1,400.000,575.000,300.000,350.000,375.000,300.000,-1,450.000,400.000,-1,450.000,550.000,325.000,575.000,1,1,2,1,1,1,0,0,0,2,0,0,2,1,1,1,1
104,2926.783,5682.467,259.311,194.049,-0.969855,0.242746,-0.021327,-0.242847,-0.970062,0.002222,-0.020149,0.007334,0.999770,0,0.91201,0.58089,54.721,1.162,300.000,300.000,-1,400.000,525.000,300.000,350.000,375.000,275.000,-1,425.000,325.000,-1,425.000,525.000,300.000,550.000,1,1,2,1,1,1,1,0,0,2,0,0,2,1,1,1,1
105,2873.767,5668.040,258.800,195.222,-0.964773,0.262521,-0.017196,-0.262740,-0.964792,0.011971,-0.013448,0.016067,0.999780,0,0.91572,0.58634,54.943,1.173,275.000,300.000,-1,375.000,475.000,300.000,350.000,400.000,275.000,-1,375.000,250.000,-1,425.000,500.000,300.000,500.000,1,1,2,1,1,1,1,0,0,2,0,0,2,1,1,1,1
106,2820.866,5652.461,258.488,196.406,-0.959223,0.282351,-0.012981,-0.282587,-0.958964,0.023096,-0.005927,0.025823,0.999649,0,0.91914,0.59222,55.148,1.184,250.000,300.000,-1,350.000,425.000,275.000,325.000,425.000,275.000,-1,325.000,175.000,-1,425.000,475.000,275.000,450.000,1,1,2,1,1,1,1,0,0,2,0,0,2,1,1,1,1
107,2768.128,5635.724,258.390,197.603,-0.953197,0.302223,-0.008744,-0.302340,-0.952532,0.035689,0.002457,0.036663,0.999325,0,0.92217,0.59861,55.330,1.197,250.000,275.000,-1,350.000,400.000,275.000,300.000,450.000,275.000,-1,275.000,150.000,850.000,475.000,450.000,250.000,425.000,1,1,2,1,1,1,1,1,0,2,0,0,0,1,1,1,1
108,2715.610,5617.822,258.541,198.815,-0.946686,0.322126,-0.004598,-0.321947,-0.945451,0.049728,0.011672,0.048557,0.998752,0,0.92475,0.60559,55.485,1.211,225.000,300.000,-1,325.000,350.000,275.000,300.000,450.000,250.000,-1,250.000,125.000,700.000,-1,450.000,225.000,375.000,1,1,2,1,1,1,1,1,0,2,0,0,0,2,1,1,1
109,2663.373,5598.760,260.667,200.041,-0.939618,0.342173,0.005984,-0.341203,-0.938019,0.060828,0.026427,0.055113,0.998130,0,0.92677,0.61325,55.606,1.226,225.000,300.000,-1,325.000,325.000,275.000,275.000,425.000,275.000,-1,225.000,100.000,575.000,-1,450.000,225.000,350.000,1,1,2,1,1,1,1,1,0,2,0,0,0,2,1,1,1
110,2611.485,5578.544,265.468,201.284,-0.931617,0.362474,0.026516,-0.360083,-0.930443,0.067940,0.049298,0.053746,0.997337,0,0.92810,0.62169,55.686,1.243,225.000,350.000,-1,350.000,350.000,300.000,300.000,400.000,300.000,-1,175.000,75.000,525.000,-1,500.000,225.000,400.000,1,1,2,1,1,1,1,1,0,2,0,0,0,2,1,1,1
111,-9069.709,-5384.779,221.503,118.512,-0.472101,-0.870796,0.137242,0.880602,-0.473042,0.027758,0.040750,0.133960,0.990149,1,0.00000,0.00000,55.716,1.262,550.000,250.000,-1,500.000,-1,225.000,275.000,400.000,325.000,775.000,150.000,75.000,900.000,700.000,975.000,400.000,-1,1,1,2,1,2,1,1,1,0,1,0,0,0,1,1,1,2
112,-5572.026,-8858.477,-59.926,-44.967,0.707593,0.706575,0.007988,-0.705973,0.707383,-0.034808,-0.030245,0.018991,0.999362,1,0.08000,0.12000,4.800,0.240,-1,375.000,-1,375.000,-1,300.000,300.000,175.000,325.000,-1,300.000,300.000,-1,700.000,700.000,-1,-1,2,0,2,0,2,0,0,1,0,2,0,0,2,0,0,2,2
113,-5565.178,-8865.204,-60.247,-44.487,0.713495,0.700620,0.007535,-0.700039,0.713273,-0.034458,-0.029516,0.019311,0.999378,0,0.16000,0.24000,9.600,0.480,-1,375.000,-1,375.000,-1,300.000,300.000,175.000,325.000,-1,300.000,300.000,-1,700.000,700.000,-1,-1,2,0,2,0,2,0,0,1,0,2,0,0,2,0,0,2,2
114,-5554.817,-8875.205,-60.725,-43.989,0.719566,0.694390,0.006882,-0.693839,0.719331,-0.033913,-0.028499,0.019627,0.999401,0,0.24000,0.24900,14.400,0.498,-1,375.000,-1,375.000,-1,300.000,300.000,175.000,325.000,-1,300.000,300.000,-1,700.000,700.000,-1,-1,2,0,2,0,2,0,0,1,0,2,0,0,2,0,0,2,2
115,-5540.888,-8888.419,-61.350,-43.491,0.725583,0.688108,0.006038,-0.687597,0.725334,-0.033177,-0.027209,0.019921,0.999431,0,0.32000,0.24896,19.200,0.498,-1,375.000,-1,375.000,-1,300.000,300.000,175.000,325.000,-1,300.000,300.000,-1,700.000,700.000,-1,-1,2,0,2,0,2,0,0,1,0,2,0,0,2,0,0,2,2
116,-5523.334,-8904.785,-61.960,-42.994,0.731544,0.681775,0.005166,-0.681293,0.731276,-0.032791,-0.026134,0.020468,0.999449,0,0.40000,0.24884,24.000,0.498,-1,375.000,-1,375.000,-1,300.000,300.000,175.000,325.000,-1,300.000,300.000,-1,700.000,700.000,-1,-1,2,0,2,0,2,0,0,1,0,2,0,0,2,0,0,2,2
117,-5502.098,-8924.241,-61.915,-42.497,0.737481,0.675355,0.004086,-0.674815,0.737109,-0.035979,-0.027310,0.023776,0.999344,0,0.48000,0.24854,28.800,0.497,-1,375.000,-1,375.000,-1,300.000,300.000,175.000,300.000,-1,375.000,375.000,-1,700.000,700.000,-1,-1,2,0,2,0,2,0,0,1,0,2,0,0,2,0,0,2,2
118,-5477.128,-8946.723,-61.906,-42.001,0.743355,0.668891,0.002928,-0.668290,0.742860,-0.039333,-0.028484,0.027282,0.999222,0,0.56000,0.24794,33.600,0.496,-1,375.000,-1,375.000,-1,300.000,300.000,200.000,300.000,-1,475.000,450.000,-1,700.000,675.000,-1,-1,2,0,2,0,2,0,0,1,0,2,0,0,2,0,0,2,2
119,-5448.371,-8972.171,-61.975,-41.507,0.749151,0.662397,0.001718,-0.661743,0.748521,-0.042583,-0.029493,0.030765,0.999091,0,0.64000,0.24688,38.400,0.494,-1,375.000,-1,375.000,-1,300.000,300.000,200.000,300.000,-1,550.000,525.000,-1,700.000,675.000,-1,-1,2,0,2,0,2,0,0,1,0,2,0,0,2,0,0,2,2
120,-5415.775,-9000.521,-62.167,-41.017,0.754849,0.655898,0.000475,-0.655205,0.754084,-0.045418,-0.030148,0.033972,0.998968,0,0.72000,0.24519,43.200,0.490,-1,375.000,-1,375.000,-1,300.000,300.000,200.000,300.000,-1,650.000,625.000,-1,700.000,650.000,-1,-1,2,0,2,0,2,0,0,1,0,2,0,0,2,0,0,2,2
121,-5379.292,-9031.714,-62.536,-40.531,0.760424,0.649427,-0.000790,-0.648723,0.759542,-0.047479,-0.030234,0.036617,0.998872,0,0.80000,0.24266,48.000,0.485,-1,375.000,-1,350.000,-1,300.000,300.000,225.000,300.000,-1,725.000,700.000,-1,700.000,650.000,-1,-1,2,0,2,0,2,0,0,1,0,2,0,0,2,0,0,2,2
122,-5343.112,-9062.128,-63.078,-40.053,0.765840,0.643028,-0.001928,-0.642350,0.764888,-0.048297,-0.029581,0.038226,0.998831,0,0.78776,0.23905,47.266,0.478,-1,375.000,-1,350.000,-1,300.000,300.000,225.000,300.000,-1,800.000,750.000,-1,725.000,650.000,-1,-1,2,0,2,0,2,0,0,1,0,2,0,0,2,0,0,2,2
123,-5307.331,-9091.711,-63.771,-39.584,0.771086,0.636723,-0.003026,-0.636106,0.770111,-0.047939,-0.028194,0.038890,0.998846,0,0.77378,0.23470,46.427,0.469,-1,375.000,-1,350.000,-1,300.000,300.000,250.000,300.000,-1,825.000,800.000,-1,725.000,650.000,-1,-1,2,0,2,0,2,0,0,1,0,2,0,0,2,0,0,2,2
124,-5271.914,-9120.519,-64.634,-39.124,0.776150,0.630536,-0.004003,-0.630005,0.775200,-0.046465,-0.026195,0.038585,0.998912,0,0.76091,0.22968,45.655,0.459,-1,375.000,-1,350.000,-1,300.000,300.000,250.000,300.000,-1,825.000,800.000,-1,725.000,650.000,-1,-1,2,0,2,0,2,0,0,1,0,2,0,0,2,0,0,2,2
125,-5236.821,-9148.610,-65.677,-38.676,0.781024,0.624482,-0.004891,-0.624053,0.780142,-0.044008,-0.023667,0.037423,0.999019,0,0.74918,0.22404,44.951,0.448,-1,375.000,-1,375.000,-1,300.000,300.000,275.000,300.000,-1,825.000,800.000,-1,725.000,675.000,-1,-1,2,0,2,0,2,0,0,1,0,2,0,0,2,0,0,2,2
126,-5202.017,-9176.039,-66.873,-38.241,0.785703,0.618578,-0.005718,-0.618262,0.784927,-0.040513,-0.020572,0.035366,0.999163,0,0.73857,0.21784,44.314,0.436,-1,400.000,-1,375.000,-1,325.000,300.000,275.000,300.000,-1,775.000,750.000,-1,750.000,675.000,-1,-1,2,0,2,0,2,0,0,1,0,2,0,0,2,0,0,2,2
127,-5167.462,-9202.861,-68.199,-37.818,0.790182,0.612839,-0.006438,-0.612637,0.789544,-0.035999,-0.016979,0.032390,0.999331,0,0.72905,0.21112,43.743,0.422,-1,400.000,-1,375.000,-1,325.000,300.000,300.000,300.000,575.000,725.000,700.000,-1,750.000,700.000,-1,-1,2,0,2,0,2,0,0,1,0,1,0,0,2,0,0,2,2
128,-5133.120,-9229.129,-69.575,-37.411,0.794460,0.607279,-0.006722,-0.607174,0.793986,-0.030411,-0.013130,0.028242,0.999515,0,0.72060,0.20393,43.236,0.408,-1,400.000,-1,375.000,-1,325.000,325.000,300.000,300.000,500.000,650.000,650.000,-1,750.000,700.000,-1,-1,2,0,2,0,2,0,0,1,0,1,0,0,2,0,0,2,2
129,-5098.956,-9254.892,-71.097,-37.018,0.798539,0.601901,-0.007045,-0.601879,0.798230,-0.023879,-0.008749,0.023308,0.999690,0,0.71316,0.19629,42.789,0.393,-1,400.000,-1,375.000,-1,325.000,325.000,300.000,325.000,450.000,575.000,575.000,-1,750.000,725.000,-1,-1,2,0,2,0,2,0,0,1,0,1,0,0,2,0,0,2,2
130,-5064.934,-9280.197,-71.849,-36.641,0.802454,0.596670,-0.007259,-0.596676,0.802204,-0.021153,-0.006798,0.021305,0.999750,0,0.70669,0.18823,42.401,0.376,-1,400.000,-1,400.000,-1,325.000,325.000,300.000,325.000,425.000,550.000,575.000,-1,775.000,750.000,-1,-1,2,0,2,0,2,0,0,0,0,1,0,0,2,0,0,2,2
131,-5034.710,-9302.566,-72.136,-36.505,0.803868,0.594763,-0.007339,-0.594774,0.803629,-0.020601,-0.006355,0.020925,0.999761,0,0.62669,0.06823,37.601,0.136,-1,400.000,-1,400.000,-1,325.000,325.000,300.000,325.000,425.000,575.000,600.000,-1,775.000,750.000,-1,-1,2,0,2,0,2,0,0,0,0,1,0,0,2,0,0,2,2
132,-5008.279,-9322.202,-72.449,-36.609,0.802791,0.596216,-0.007346,-0.596228,0.802555,-0.020448,-0.006296,0.020795,0.999764,0,0.54877,-0.05177,32.926,-0.104,-1,400.000,-1,400.000,-1,325.000,325.000,300.000,325.000,425.000,600.000,625.000,-1,750.000,750.000,-1,-1,2,0,2,0,2,0,0,0,0,1,0,0,2,0,0,2,2
133,-4982.199,-9341.820,-72.751,-36.952,0.799201,0.601019,-0.007304,-0.601030,0.798969,-0.020276,-0.006350,0.020594,0.999768,0,0.54392,-0.17177,32.635,-0.344,-1,400.000,-1,400.000,-1,325.000,325.000,300.000,325.000,450.000,625.000,650.000,-1,750.000,750.000,-1,-1,2,0,2,0,2,0,0,0,0,1,0,0,2,0,0,2,2
