timestep,x_cm,y_cm,z_cm,yaw_deg,basis_xx,basis_xy,basis_xz,basis_yx,basis_yy,basis_yz,basis_zx,basis_zy,basis_zz,teleport_flag,throttle_cmd,steering_cmd,cmd_move_cm,cmd_turn_deg,lidar_cm_0,lidar_cm_1,lidar_cm_2,lidar_cm_3,lidar_cm_4,lidar_cm_5,lidar_cm_6,lidar_cm_7,lidar_cm_8,lidar_cm_9,lidar_cm_10,lidar_cm_11,lidar_cm_12,lidar_cm_13,lidar_cm_14,lidar_cm_15,lidar_cm_16,lidar_class_0,lidar_class_1,lidar_class_2,lidar_class_3,lidar_class_4,lidar_class_5,lidar_class_6,lidar_class_7,lidar_class_8,lidar_class_9,lidar_class_10,lidar_class_11,lidar_class_12,lidar_class_13,lidar_class_14,lidar_class_15,lidar_class_16
0,-3607.626,-5575.429,372.037,-129.974,-0.642327,0.766221,-0.017929,-0.764895,-0.642345,-0.048256,-0.048491,-0.017282,0.998674,1,0.00000,0.00000,4.800,0.240,-1,375.000,-1,400.000,-1,300.000,300.000,325.000,350.000,-1,-1,-1,-1,650.000,700.000,-1,-1,2,0,2,0,2,0,0,0,0,2,2,2,2,0,0,2,2
1,-3610.694,-5579.120,371.882,-129.734,-0.639111,0.768906,-0.017924,-0.767571,-0.639130,-0.048451,-0.048710,-0.017208,0.998665,0,0.08000,0.12000,4.800,0.240,-1,375.000,-1,375.000,-1,300.000,300.000,325.000,350.000,-1,-1,-1,-1,650.000,700.000,-1,-1,2,0,2,0,2,0,0,0,0,2,2,2,2,0,0,2,2
2,-3616.769,-5586.554,371.572,-129.254,-0.632645,0.774235,-0.017898,-0.772882,-0.632668,-0.048838,-0.049135,-0.017064,0.998646,0,0.16000,0.24000,9.600,0.480,-1,375.000,-1,375.000,-1,300.000,300.000,325.000,375.000,-1,-1,-1,-1,650.000,675.000,-1,-1,2,0,2,0,2,0,0,0,0,2,2,2,2,0,0,2,2
3,-3625.740,-5597.818,370.878,-128.534,-0.622844,0.782138,-0.018059,-0.780807,-0.622900,-0.048340,-0.049058,-0.016007,0.998668,0,0.24000,0.36000,14.400,0.720,-1,375.000,-1,375.000,-1,300.000,300.000,325.000,375.000,-1,-1,-1,-1,650.000,675.000,-1,-1,2,0,2,0,2,0,0,0,0,2,2,2,2,0,0,2,2
4,-3637.448,-5613.034,369.863,-127.574,-0.609615,0.792485,-0.018347,-0.791206,-0.609724,-0.047223,-0.048610,-0.014271,0.998716,0,0.32000,0.48000,19.200,0.960,-1,375.000,-1,375.000,-1,300.000,300.000,325.000,350.000,-1,-1,-1,-1,650.000,675.000,-1,-1,2,0,2,0,2,0,0,0,0,2,2,2,2,0,0,2,2
5,-3651.682,-5632.358,368.623,-126.374,-0.592843,0.805102,-0.018651,-0.803886,-0.593010,-0.045898,-0.048013,-0.012217,0.998772,0,0.40000,0.60000,24.000,1.200,-1,375.000,-1,375.000,-1,300.000,300.000,325.000,350.000,-1,-1,-1,-1,650.000,675.000,1000.000,-1,2,0,2,0,2,0,0,0,0,2,2,2,2,0,0,1,2
6,-3668.174,-5655.968,367.177,-124.934,-0.572378,0.819771,-0.018932,-0.818628,-0.572605,-0.044409,-0.047246,-0.009921,0.998834,0,0.48000,0.72000,28.800,1.440,-1,375.000,-1,375.000,-1,300.000,300.000,325.000,350.000,-1,-1,-1,-1,650.000,650.000,1000.000,-1,2,0,2,0,2,0,0,0,0,2,2,2,2,0,0,1,2
7,-3686.680,-5684.012,365.552,-123.419,-0.550465,0.834638,-0.019162,-0.833572,-0.550746,-0.042862,-0.046327,-0.007621,0.998897,0,0.56000,0.75738,33.600,1.515,-1,375.000,-1,375.000,-1,300.000,300.000,325.000,350.000,-1,-1,-1,-1,650.000,650.000,975.000,-1,2,0,2,0,2,0,0,0,0,2,2,2,2,0,0,1,2
8,-3706.973,-5716.612,363.743,-121.902,-0.528135,0.848945,-0.019145,-0.847958,-0.528453,-0.041287,-0.045167,-0.005571,0.998964,0,0.64000,0.75888,38.400,1.518,-1,375.000,-1,375.000,-1,300.000,300.000,325.000,350.000,-1,-1,-1,-1,650.000,650.000,950.000,-1,2,0,2,0,2,0,0,0,0,2,2,2,2,0,0,1,2
9,-3728.821,-5753.880,361.773,-120.381,-0.505406,0.862677,-0.018802,-0.861772,-0.505741,-0.039681,-0.043741,-0.003853,0.999035,0,0.72000,0.76037,43.200,1.521,-1,375.000,-1,375.000,-1,300.000,300.000,325.000,350.000,-1,-1,-1,-1,650.000,625.000,900.000,-1,2,0,2,0,2,0,0,0,0,2,2,2,2,0,0,1,2
10,-3751.988,-5795.919,359.690,-118.857,-0.482292,0.875822,-0.018192,-0.874998,-0.482629,-0.038057,-0.042111,-0.002436,0.999110,0,0.80000,0.76173,48.000,1.523,-1,375.000,-1,375.000,-1,300.000,300.000,325.000,350.000,-1,-1,-1,-1,650.000,625.000,875.000,-1,2,0,2,0,2,0,0,0,0,2,2,2,2,0,0,1,2
11,-3776.230,-5842.824,357.665,-117.332,-0.458804,0.888364,-0.017567,-0.887646,-0.459139,-0.035714,-0.039793,-0.000792,0.999208,0,0.88000,0.76287,52.800,1.526,-1,375.000,1000.000,350.000,-1,300.000,300.000,350.000,350.000,-1,-1,150.000,-1,650.000,625.000,850.000,-1,2,0,1,0,2,0,0,0,0,2,2,0,2,0,0,1,2
12,-3801.303,-5894.680,355.723,-115.804,-0.434970,0.900286,-0.016918,-0.899693,-0.435298,-0.032675,-0.036782,0.001009,0.999323,0,0.96000,0.76367,57.600,1.527,-1,375.000,925.000,350.000,-1,300.000,300.000,350.000,350.000,-1,-1,175.000,-1,675.000,625.000,825.000,-1,2,0,1,0,2,0,0,0,0,2,2,0,2,0,0,1,2
13,-3825.971,-5949.375,353.835,-114.276,-0.410831,0.911571,-0.015993,-0.911092,-0.411135,-0.029660,-0.033613,0.002386,0.999432,0,1.00000,0.76402,60.000,1.528,-1,375.000,850.000,350.000,-1,300.000,300.000,350.000,325.000,-1,350.000,225.000,-1,650.000,625.000,775.000,-1,2,0,1,0,2,0,0,0,0,2,0,0,2,1,0,1,2
14,-3849.173,-6004.707,352.106,-112.749,-0.386423,0.922203,-0.014763,-0.921816,-0.386692,-0.026907,-0.030522,0.003212,0.999529,0,1.00000,0.76363,60.000,1.527,-1,375.000,775.000,350.000,-1,300.000,300.000,350.000,325.000,-1,125.000,250.000,-1,600.000,625.000,750.000,1000.000,2,0,1,0,2,0,0,0,0,2,0,0,2,1,0,1,1
15,-3870.894,-6060.637,350.630,-111.224,-0.361808,0.932165,-0.012779,-0.931854,-0.362020,-0.024277,-0.027256,0.003125,0.999624,0,1.00000,0.76226,60.000,1.525,-1,375.000,725.000,350.000,-1,300.000,300.000,350.000,325.000,-1,150.000,275.000,-1,575.000,625.000,725.000,925.000,2,0,1,0,2,0,0,0,0,2,0,0,2,1,0,1,1
16,-3891.124,-6117.123,349.322,-109.705,-0.337022,0.941440,-0.010364,-0.941191,-0.337172,-0.021760,-0.023980,0.002421,0.999710,0,1.00000,0.75984,60.000,1.520,-1,375.000,650.000,350.000,-1,300.000,300.000,350.000,325.000,-1,175.000,300.000,-1,550.000,625.000,700.000,825.000,2,0,1,0,2,0,0,0,0,2,0,0,2,1,0,1,1
17,-3909.856,-6174.124,348.121,-108.192,-0.312109,0.950014,-0.007755,-0.949817,-0.312203,-0.019401,-0.020852,0.001311,0.999782,0,1.00000,0.75634,60.000,1.513,-1,375.000,600.000,350.000,-1,300.000,300.000,350.000,325.000,-1,200.000,325.000,-1,500.000,575.000,650.000,750.000,2,0,1,0,2,0,0,0,0,2,0,0,2,1,1,1,1
18,-3927.087,-6231.597,347.016,-106.689,-0.287128,0.957879,-0.004960,-0.957725,-0.287171,-0.017180,-0.017880,-0.000183,0.999840,0,1.00000,0.75169,60.000,1.503,-1,375.000,550.000,350.000,-1,300.000,300.000,350.000,325.000,-1,225.000,350.000,-1,475.000,525.000,625.000,650.000,2,1,1,0,2,0,0,0,0,2,0,0,2,1,1,1,1
19,-3942.815,-6289.498,345.998,-105.197,-0.262139,0.965028,-0.001983,-0.964913,-0.262138,-0.015075,-0.015067,-0.002039,0.999884,0,1.00000,0.74583,60.000,1.492,-1,350.000,500.000,350.000,-1,300.000,300.000,325.000,300.000,-1,250.000,375.000,-1,425.000,450.000,600.000,575.000,2,1,1,0,2,0,0,0,0,2,0,0,2,1,1,1,1
20,-3957.045,-6347.786,344.981,-103.720,-0.237207,0.971458,0.001515,-0.971383,-0.237169,-0.012904,-0.012176,-0.004533,0.999916,0,1.00000,0.73869,60.000,1.477,-1,300.000,450.000,325.000,675.000,275.000,300.000,325.000,300.000,-1,275.000,400.000,-1,400.000,400.000,575.000,500.000,2,1,1,1,1,1,1,0,0,2,0,0,2,1,1,1,1
21,-3969.785,-6406.418,343.994,-102.259,-0.212395,0.977170,0.005259,-0.977139,-0.212330,-0.010745,-0.009383,-0.007421,0.999928,0,1.00000,0.73017,60.000,1.460,-1,275.000,375.000,275.000,525.000,250.000,250.000,325.000,300.000,-1,275.000,425.000,-1,350.000,325.000,550.000,425.000,2,1,1,1,1,1,1,0,0,2,0,0,2,1,1,1,1
22,-3981.047,-6465.352,343.093,-100.819,-0.187772,0.982172,0.008938,-0.982188,-0.187696,-0.008729,-0.006896,-0.010418,0.999922,0,1.00000,0.72017,60.000,1.440,1000.000,250.000,325.000,225.000,425.000,225.000,225.000,325.000,300.000,-1,275.000,425.000,-1,325.000,275.000,550.000,325.000,1,1,1,1,1,1,1,0,0,2,0,0,2,1,1,1,1
23,-3990.848,-6524.546,342.497,-99.402,-0.163414,0.986489,0.011612,-0.986546,-0.163344,-0.006793,-0.004804,-0.012566,0.999910,0,1.00000,0.70859,60.000,1.417,950.000,225.000,275.000,200.000,325.000,175.000,175.000,325.000,300.000,-1,300.000,450.000,-1,275.000,225.000,525.000,250.000,1,1,1,1,1,1,1,0,0,2,0,0,2,1,1,1,1
24,-3999.211,-6583.960,344.724,-98.011,-0.139349,0.990235,0.004131,-0.990231,-0.139367,0.004370,0.004903,-0.003482,0.999982,0,1.00000,0.69526,60.000,1.391,950.000,200.000,250.000,150.000,225.000,150.000,150.000,350.000,300.000,-1,275.000,350.000,-1,250.000,175.000,725.000,175.000,1,1,1,1,1,1,1,0,0,2,0,0,2,1,1,1,1
25,-4006.158,-6643.559,357.037,-96.651,-0.114321,0.992750,0.037110,-0.992496,-0.115764,0.039375,0.043385,-0.032330,0.998535,0,1.00000,0.68003,60.000,1.360,-1,200.000,250.000,150.000,225.000,175.000,125.000,350.000,375.000,950.000,150.000,225.000,-1,300.000,175.000,775.000,175.000,2,1,1,1,1,1,1,0,0,0,0,0,2,1,1,1,1
26,-5574.828,-4263.554,438.172,-82.726,0.061949,0.957256,0.282529,-0.971968,0.122187,-0.200871,-0.226807,-0.262165,0.937992,1,0.00000,0.00000,60.000,1.325,225.000,300.000,775.000,300.000,150.000,325.000,325.000,325.000,225.000,-1,25.000,25.000,-1,400.000,400.000,275.000,200.000,0,0,0,1,1,0,1,1,1,2,1,1,2,0,1,0,1
27,9515.203,7540.855,-24.861,-29.621,0.869006,0.493230,-0.039400,-0.488014,0.867508,0.096294,0.081675,-0.064452,0.994573,1,0.08000,-0.12000,4.800,-0.240,550.000,375.000,-1,400.000,-1,325.000,325.000,300.000,300.000,-1,-1,-1,-1,525.000,750.000,525.000,-1,1,1,2,0,2,0,0,0,0,2,2,2,2,1,1,1,2
28,9523.509,7536.040,-24.093,-30.101,0.864841,0.500501,-0.039345,-0.495275,0.863382,0.096306,0.082171,-0.063803,0.994574,0,0.16000,-0.24000,9.600,-0.480,525.000,375.000,-1,400.000,-1,325.000,325.000,300.000,300.000,-1,-1,-1,-1,525.000,775.000,525.000,-1,1,1,2,0,2,0,0,0,0,2,2,2,2,1,1,1,2
29,9535.875,7528.661,-22.933,-30.821,0.858480,0.511343,-0.039253,-0.506103,0.857077,0.096327,0.082899,-0.062829,0.994575,0,0.24000,-0.36000,14.400,-0.720,500.000,375.000,-1,400.000,-1,325.000,325.000,300.000,300.000,-1,-1,-1,-1,525.000,775.000,500.000,-1,1,1,2,0,2,0,0,0,0,2,2,2,2,1,1,1,2
30,9552.196,7518.548,-21.369,-31.781,0.849787,0.525673,-0.039112,-0.520416,0.848458,0.096358,0.083838,-0.061530,0.994578,0,0.32000,-0.48000,19.200,-0.960,475.000,375.000,-1,400.000,-1,325.000,325.000,300.000,300.000,-1,-1,-1,-1,500.000,775.000,500.000,-1,1,1,2,0,2,0,0,0,0,2,2,2,2,1,1,1,2
31,9572.368,7505.544,-19.394,-32.804,0.840257,0.540789,-0.038924,-0.535518,0.839005,0.096387,0.084783,-0.060145,0.994583,0,0.40000,-0.51169,24.000,-1.023,450.000,375.000,-1,400.000,-1,325.000,325.000,300.000,300.000,-1,-1,-1,-1,500.000,775.000,475.000,-1,1,1,2,0,2,0,0,0,0,2,2,2,2,1,1,1,2
32,9596.296,7489.515,-16.982,-33.817,0.830553,0.555588,-0.038784,-0.550305,0.829383,0.096376,0.085712,-0.058702,0.994589,0,0.48000,-0.50660,28.800,-1.013,425.000,350.000,-1,400.000,-1,325.000,325.000,300.000,300.000,-1,-1,-1,-1,500.000,800.000,450.000,-1,1,1,2,0,2,0,0,0,0,2,2,2,2,1,1,1,2
33,9623.879,7470.328,-14.106,-34.819,0.820696,0.570050,-0.038729,-0.564760,0.819621,0.096272,0.086623,-0.057137,0.994601,0,0.56000,-0.50071,33.600,-1.001,400.000,350.000,-1,400.000,-1,325.000,325.000,300.000,300.000,-1,-1,-1,-1,475.000,800.000,425.000,-1,1,1,2,0,2,1,0,0,0,2,2,2,2,1,1,1,2
34,9655.021,7447.861,-10.735,-35.807,0.810724,0.584155,-0.038595,-0.578892,0.809752,0.095844,0.087240,-0.055360,0.994648,0,0.64000,-0.49394,38.400,-0.988,350.000,325.000,-1,400.000,-1,325.000,325.000,300.000,300.000,-1,-1,-1,-1,450.000,825.000,400.000,-1,1,1,2,0,2,1,0,0,0,2,2,2,2,1,1,1,2
35,9689.622,7421.995,-6.926,-36.779,0.800675,0.597868,-0.038380,-0.592640,0.799798,0.095398,0.087732,-0.053637,0.994699,0,0.72000,-0.48616,43.200,-0.972,325.000,325.000,-1,400.000,-1,300.000,325.000,300.000,300.000,-1,-1,-1,-1,450.000,850.000,350.000,-1,1,1,2,0,2,1,0,0,0,2,2,2,2,1,1,1,2
36,9727.583,7392.619,-2.679,-37.734,0.790590,0.611162,-0.038056,-0.605978,0.789795,0.094941,0.088081,-0.051999,0.994755,0,0.80000,-0.47727,48.000,-0.955,300.000,300.000,-1,400.000,-1,300.000,325.000,300.000,300.000,-1,-1,-1,-1,425.000,-1,325.000,-1,1,1,2,0,2,1,1,0,0,2,2,2,2,1,2,1,2
37,9768.807,7359.626,3.479,-38.668,0.779971,0.624187,-0.045116,-0.618852,0.780010,0.092766,0.093094,-0.044435,0.994665,0,0.88000,-0.46713,52.800,-0.934,275.000,300.000,-1,425.000,-1,275.000,325.000,300.000,300.000,-1,-1,-1,-1,425.000,-1,300.000,-1,1,1,2,1,2,1,1,0,0,2,2,2,2,1,2,1,2
38,9809.609,7325.892,10.652,-39.579,0.768909,0.636795,-0.057185,-0.631293,0.770329,0.089791,0.101229,-0.032941,0.994318,0,0.88232,-0.45558,52.939,-0.911,275.000,300.000,-1,425.000,-1,275.000,325.000,325.000,275.000,-1,-1,-1,-1,425.000,-1,300.000,-1,1,1,2,1,2,1,1,1,0,2,2,2,2,1,2,1,2
39,9849.726,7291.668,17.751,-40.466,0.757803,0.648838,-0.068872,-0.643310,0.760612,0.087299,0.109028,-0.021849,0.993799,0,0.87883,-0.44339,52.730,-0.887,275.000,300.000,-1,450.000,-1,275.000,325.000,325.000,275.000,-1,725.000,525.000,-1,425.000,-1,300.000,-1,1,1,2,1,2,1,1,1,0,2,0,0,2,1,2,1,2
40,9889.116,7257.031,24.375,-41.327,0.746679,0.660325,-0.080260,-0.655106,0.750917,0.083424,0.115356,-0.009712,0.993277,0,0.87418,-0.43064,52.451,-0.861,275.000,300.000,-1,450.000,-1,275.000,325.000,300.000,275.000,-1,600.000,400.000,-1,425.000,-1,300.000,-1,1,1,2,1,2,1,1,1,0,2,0,0,2,1,2,1,2
41,9927.738,7222.061,30.784,-42.162,0.735594,0.671225,-0.091430,-0.666506,0.741250,0.079490,0.121129,0.002467,0.992634,0,0.86834,-0.41740,52.101,-0.835,275.000,300.000,-1,475.000,-1,275.000,325.000,300.000,275.000,-1,525.000,300.000,-1,425.000,-1,300.000,-1,1,1,2,1,2,1,1,1,0,2,0,0,2,1,2,1,2
42,9965.559,7186.837,37.037,-42.969,0.724574,0.681536,-0.102479,-0.677450,0.731643,0.075900,0.126707,0.014429,0.991835,0,0.86134,-0.40376,51.681,-0.808,275.000,300.000,-1,500.000,-1,275.000,350.000,275.000,275.000,-1,475.000,250.000,-1,450.000,-1,300.000,-1,1,1,2,1,2,1,1,1,0,2,0,0,2,1,2,1,2
43,10006.116,7147.693,43.761,-43.992,0.710549,0.694302,-0.114305,-0.691043,0.719161,0.072568,0.132588,0.027427,0.990792,0,0.93941,-0.51153,56.364,-1.023,275.000,300.000,-1,525.000,-1,300.000,350.000,275.000,250.000,-1,425.000,175.000,800.000,550.000,-1,300.000,-1,1,1,2,1,2,1,1,1,0,2,0,0,0,1,2,1,2
44,10046.100,7107.731,50.447,-44.994,0.696464,0.706455,-0.125934,-0.704187,0.706609,0.069454,0.138052,0.040308,0.989604,0,0.94214,-0.50069,56.528,-1.001,275.000,325.000,-1,600.000,-1,325.000,375.000,275.000,250.000,-1,400.000,150.000,650.000,-1,1000.000,300.000,-1,1,1,2,1,2,1,1,1,0,2,0,0,0,2,1,1,2
45,10085.468,7067.024,57.092,-45.971,0.682385,0.717972,-0.137356,-0.716854,0.694045,0.066502,0.143078,0.053084,0.988287,0,0.94378,-0.48853,56.627,-0.977,275.000,375.000,-1,650.000,-1,350.000,425.000,250.000,250.000,-1,375.000,125.000,550.000,-1,1000.000,300.000,-1,1,1,2,1,2,1,1,1,0,2,0,0,0,2,1,1,2
46,-2295.727,6231.347,-70.735,-64.376,0.422729,0.900710,-0.100113,-0.895857,0.432007,0.103971,0.136897,0.045736,0.989529,1,0.00000,0.00000,56.644,-0.950,550.000,275.000,-1,275.000,-1,225.000,225.000,375.000,475.000,475.000,75.000,100.000,550.000,375.000,425.000,375.000,600.000,1,1,2,1,2,1,1,0,1,1,0,0,1,1,1,1,1
47,4918.290,332.614,-321.308,104.477,-0.249592,-0.968189,-0.017696,0.967932,-0.249980,0.024848,-0.028481,-0.010927,0.999535,1,0.08000,-0.12000,4.800,-0.240,675.000,350.000,550.000,375.000,500.000,300.000,300.000,275.000,450.000,-1,-1,125.000,375.000,500.000,425.000,575.000,450.000,1,0,1,1,1,0,0,0,0,2,2,1,1,1,1,1,1
48,4915.968,341.929,-321.761,103.997,-0.241548,-0.970269,-0.015230,0.970003,-0.241865,0.024413,-0.027370,-0.008876,0.999586,0,0.16000,-0.24000,9.600,-0.480,675.000,350.000,550.000,350.000,500.000,300.000,300.000,275.000,425.000,-1,-1,150.000,375.000,475.000,425.000,575.000,450.000,1,0,1,1,1,0,0,0,0,2,2,1,1,1,1,1,1
49,4912.662,355.944,-322.425,103.277,-0.229439,-0.973253,-0.011631,0.972982,-0.229659,0.023732,-0.025768,-0.005872,0.999651,0,0.24000,-0.36000,14.400,-0.720,650.000,350.000,525.000,350.000,475.000,300.000,300.000,275.000,425.000,-1,-1,150.000,375.000,475.000,400.000,550.000,450.000,1,0,1,1,1,0,0,0,0,2,2,1,1,1,1,1,1
50,4908.566,374.702,-323.282,102.317,-0.213217,-0.976980,-0.007020,0.976716,-0.213324,0.022776,-0.023749,-0.002000,0.999716,0,0.32000,-0.48000,19.200,-0.960,625.000,350.000,500.000,350.000,475.000,300.000,325.000,275.000,425.000,-1,-1,175.000,375.000,450.000,400.000,525.000,425.000,1,0,1,1,1,0,1,0,0,2,2,1,1,1,1,1,1
51,4903.939,398.252,-324.310,101.117,-0.192828,-0.981231,-0.001550,0.980999,-0.192816,0.021513,-0.021409,0.002627,0.999767,0,0.40000,-0.60000,24.000,-1.200,575.000,350.000,475.000,325.000,450.000,300.000,300.000,275.000,400.000,-1,-1,200.000,375.000,425.000,375.000,500.000,400.000,1,1,1,1,1,0,1,0,0,2,2,1,1,1,1,1,1
52,4899.485,424.373,-325.381,99.677,-0.168207,-0.985743,0.004098,0.985565,-0.168093,0.020140,-0.019165,0.007426,0.999789,0,0.44164,-0.72000,26.498,-1.440,525.000,325.000,450.000,300.000,425.000,300.000,300.000,275.000,400.000,-1,-1,225.000,375.000,400.000,375.000,475.000,375.000,1,1,1,1,1,1,1,0,0,2,2,1,1,1,1,1,1
53,4895.732,451.078,-326.400,97.997,-0.139309,-0.990204,0.009412,0.990097,-0.139115,0.018821,-0.017327,0.011941,0.999779,0,0.44946,-0.84000,26.967,-1.680,500.000,325.000,425.000,300.000,400.000,275.000,275.000,300.000,375.000,-1,-1,275.000,375.000,375.000,350.000,425.000,375.000,1,1,1,1,1,1,1,0,0,2,2,1,1,1,1,1,1
54,4892.771,478.400,-327.381,96.185,-0.107977,-0.994049,0.014403,0.994028,-0.107722,0.017454,-0.015799,0.016202,0.999744,0,0.45803,-0.90619,27.482,-1.812,450.000,300.000,400.000,275.000,375.000,250.000,250.000,300.000,375.000,-1,-1,325.000,400.000,350.000,325.000,400.000,350.000,1,1,1,1,1,1,1,0,0,2,2,1,1,1,1,1,1
55,4890.625,506.337,-328.338,94.392,-0.076858,-0.996859,0.019087,0.996937,-0.076558,0.015955,-0.014444,0.020254,0.999691,0,0.46699,-0.89658,28.019,-1.793,400.000,275.000,375.000,250.000,375.000,250.000,225.000,300.000,350.000,-1,-1,425.000,400.000,325.000,300.000,350.000,325.000,1,1,1,1,1,1,1,0,0,2,2,1,1,1,1,1,1
56,4889.320,534.856,-329.272,92.618,-0.045990,-0.998666,0.023457,0.998854,-0.045661,0.014357,-0.013267,0.024090,0.999622,0,0.47582,-0.88689,28.549,-1.774,350.000,250.000,350.000,250.000,350.000,225.000,225.000,300.000,350.000,-1,-1,-1,400.000,300.000,300.000,300.000,300.000,1,1,1,1,1,1,1,0,0,2,2,2,1,1,1,1,1
57,4888.880,563.924,-330.186,90.864,-0.015411,-0.999503,0.027515,0.999806,-0.015066,0.012687,-0.012267,0.027705,0.999541,0,0.48451,-0.87714,29.071,-1.754,300.000,225.000,300.000,225.000,325.000,200.000,200.000,300.000,325.000,-1,-1,-1,425.000,275.000,275.000,275.000,275.000,1,1,1,1,1,1,1,0,0,2,2,2,1,1,1,1,1
58,4889.264,597.792,-331.253,89.349,0.011010,-0.999429,0.031947,0.999880,0.011350,0.010502,-0.010858,0.031828,0.999434,0,0.56451,-0.75714,33.871,-1.514,250.000,200.000,275.000,200.000,300.000,175.000,175.000,300.000,325.000,-1,-1,-1,425.000,225.000,250.000,225.000,250.000,1,1,1,1,1,1,1,0,0,2,2,2,1,1,1,1,1
59,4890.631,636.439,-332.463,87.971,0.035076,-0.998711,0.036689,0.999343,0.035387,0.007871,-0.009160,0.036389,0.999296,0,0.64451,-0.68932,38.671,-1.379,200.000,175.000,250.000,175.000,250.000,150.000,150.000,300.000,325.000,-1,-1,-1,450.000,200.000,225.000,200.000,225.000,1,1,1,1,1,1,1,0,0,2,2,2,1,1,1,1,1
60,4893.183,679.835,-327.556,86.616,0.059631,-0.996682,0.055398,0.998163,0.058942,-0.013998,0.010686,0.056131,0.998366,0,0.72451,-0.67756,43.471,-1.355,200.000,150.000,225.000,175.000,225.000,150.000,150.000,350.000,300.000,-1,-1,-1,425.000,200.000,200.000,175.000,200.000,1,1,1,1,1,1,1,0,0,2,2,2,1,1,1,1,1
61,4897.030,726.648,-314.843,85.287,0.085342,-0.994541,0.060046,0.995052,0.081998,-0.056112,0.050882,0.064538,0.996617,0,0.78278,-0.66443,46.967,-1.329,200.000,175.000,250.000,175.000,275.000,150.000,150.000,425.000,325.000,-1,200.000,75.000,425.000,200.000,225.000,175.000,225.000,1,1,1,1,1,1,1,0,0,2,0,0,1,1,1,1,1
62,983.854,-6887.286,10.255,89.093,0.012529,-0.995653,0.092296,0.999282,0.015768,0.034450,-0.035756,0.091798,0.995135,1,0.00000,0.00000,47.625,-1.300,-1,375.000,-1,375.000,-1,300.000,300.000,325.000,325.000,-1,-1,-1,-1,675.000,675.000,-1,-1,2,0,2,0,2,0,0,0,0,2,2,2,2,0,0,2,2
63,983.909,-6882.486,10.083,89.333,0.008392,-0.995693,0.092330,0.999347,0.011597,0.034228,-0.035151,0.091983,0.995140,0,0.08000,0.12000,4.800,0.240,-1,375.000,-1,375.000,-1,300.000,300.000,325.000,325.000,-1,-1,-1,-1,675.000,675.000,-1,-1,2,0,2,0,2,0,0,0,0,2,2,2,2,0,0,2,2
64,983.940,-6872.887,9.746,89.813,0.000119,-0.995722,0.092400,0.999424,0.003255,0.033784,-0.033940,0.092342,0.995149,0,0.16000,0.24000,9.600,0.480,-1,375.000,-1,375.000,-1,300.000,300.000,325.000,325.000,-1,-1,950.000,-1,675.000,675.000,-1,-1,2,0,2,0,2,0,0,0,0,2,2,0,2,0,0,2,2
65,983.805,-6858.488,9.258,90.533,-0.012288,-0.995636,0.092509,0.999409,-0.009257,0.033118,-0.032117,0.092861,0.995161,0,0.24000,0.36000,14.400,0.720,-1,375.000,-1,375.000,-1,300.000,300.000,325.000,325.000,-1,-1,675.000,-1,675.000,675.000,-1,-1,2,0,2,0,2,0,0,0,0,2,2,0,2,0,0,2,2
66,983.352,-6839.294,8.631,91.350,-0.026351,-0.995349,0.092656,0.999205,-0.023452,0.032234,-0.029911,0.093432,0.995176,0,0.32000,0.40852,19.200,0.817,-1,375.000,-1,375.000,-1,300.000,300.000,325.000,325.000,-1,650.000,425.000,-1,700.000,675.000,-1,-1,2,0,2,0,2,0,0,0,0,2,0,0,2,0,0,2,2
67,982.445,-6815.312,7.878,92.162,-0.040311,-0.994865,0.092841,0.998809,-0.037566,0.031134,-0.027486,0.093985,0.995194,0,0.40000,0.40635,24.000,0.813,-1,375.000,-1,375.000,-1,300.000,300.000,325.000,325.000,-1,400.000,400.000,-1,700.000,675.000,-1,-1,2,0,2,0,2,0,0,0,0,2,0,0,2,0,0,2,2
68,980.952,-6786.552,7.011,92.970,-0.054148,-0.994187,0.093064,0.998224,-0.051576,0.029819,-0.024846,0.094513,0.995214,0,0.48000,0.40365,28.800,0.807,-1,375.000,-1,375.000,-1,300.000,300.000,325.000,325.000,-1,375.000,375.000,-1,700.000,650.000,-1,-1,2,0,2,0,2,0,0,0,0,2,0,0,2,0,0,2,2
69,978.741,-6753.026,6.044,93.771,-0.067840,-0.993321,0.093329,0.997454,-0.065464,0.028290,-0.021991,0.095011,0.995233,0,0.56000,0.40042,33.600,0.801,-1,375.000,-1,375.000,-1,300.000,300.000,325.000,325.000,-1,350.000,350.000,-1,700.000,650.000,-1,-1,2,0,2,0,2,0,0,0,0,2,0,0,2,0,0,2,2
70,975.726,-6714.745,4.986,94.501,-0.080287,-0.992364,0.093632,0.996590,-0.078124,0.026549,-0.019032,0.095444,0.995253,0,0.64000,0.36537,38.400,0.731,-1,375.000,-1,375.000,-1,300.000,300.000,325.000,325.000,-1,325.000,350.000,-1,700.000,650.000,-1,-1,2,0,2,0,2,0,0,0,0,2,0,0,2,0,0,2,2
71,971.784,-6671.726,3.848,95.234,-0.092735,-0.991245,0.093983,0.995565,-0.090807,0.024599,-0.015849,0.095847,0.995270,0,0.72000,0.36643,43.200,0.733,-1,375.000,-1,375.000,-1,300.000,300.000,325.000,325.000,-1,300.000,325.000,-1,725.000,650.000,-1,-1,2,0,2,0,2,0,0,0,0,2,0,0,2,0,0,2,2
72,966.791,-6623.987,2.643,95.969,-0.105185,-0.989963,0.094388,0.994375,-0.103514,0.022442,-0.012446,0.096218,0.995283,0,0.80000,0.36760,48.000,0.735,-1,375.000,-1,375.000,-1,300.000,300.000,325.000,325.000,-1,275.000,300.000,-1,725.000,650.000,975.000,-1,2,0,2,0,2,0,0,0,0,2,0,0,2,0,0,1,2
73,960.624,-6571.549,1.695,96.707,-0.117672,-0.988624,0.093679,0.993009,-0.116262,0.020388,-0.009265,0.095424,0.995394,0,0.88000,0.36889,52.800,0.738,-1,375.000,-1,375.000,-1,300.000,300.000,300.000,325.000,-1,275.000,300.000,-1,725.000,650.000,925.000,-1,2,0,2,0,2,0,0,0,0,2,0,0,2,0,0,1,2
74,953.605,-6517.834,1.474,97.448,-0.130193,-0.987276,0.091304,0.991469,-0.129061,0.018223,-0.006207,0.092898,0.995656,0,0.90289,0.37029,54.173,0.741,-1,375.000,-1,375.000,-1,300.000,300.000,300.000,325.000,-1,300.000,350.000,-1,725.000,675.000,875.000,-1,2,0,2,0,2,0,0,0,0,2,0,0,2,1,0,1,2
75,945.829,-6463.811,1.694,98.191,-0.142772,-0.985611,0.090483,0.989750,-0.141872,0.016342,-0.003270,0.091889,0.995764,0,0.90967,0.37166,54.580,0.743,975.000,375.000,-1,375.000,-1,300.000,300.000,300.000,325.000,-1,325.000,375.000,-1,700.000,675.000,850.000,-1,1,0,2,0,2,0,0,0,0,2,0,0,2,1,0,1,2
76,937.648,-6410.311,1.941,98.694,-0.151236,-0.984418,0.089714,0.988497,-0.150538,0.014529,-0.000797,0.090879,0.995862,0,0.90204,0.25166,54.123,0.503,925.000,375.000,-1,375.000,-1,300.000,300.000,300.000,325.000,-1,350.000,425.000,-1,650.000,700.000,800.000,-1,1,0,2,0,2,0,0,0,0,2,0,0,2,1,0,1,2
77,929.159,-6356.449,2.198,98.958,-0.155594,-0.983807,0.088962,0.987820,-0.155075,0.012756,0.001247,0.089864,0.995953,0,0.90878,0.13166,54.527,0.263,850.000,400.000,1000.000,375.000,-1,325.000,300.000,300.000,325.000,-1,400.000,450.000,-1,625.000,700.000,725.000,-1,1,0,1,0,2,0,0,0,0,2,0,0,2,1,0,1,2
78,920.585,-6302.193,2.447,98.981,-0.155854,-0.983834,0.088211,0.987776,-0.155490,0.011023,0.002871,0.088851,0.996041,0,0.91548,0.01166,54.929,0.023,775.000,400.000,950.000,375.000,-1,325.000,300.000,300.000,325.000,-1,425.000,475.000,-1,575.000,725.000,675.000,-1,1,0,1,0,2,0,0,0,0,2,0,0,2,1,0,1,2
79,912.122,-6247.518,2.671,98.799,-0.152606,-0.984411,0.087442,0.988278,-0.152377,0.009326,0.004144,0.087841,0.996126,0,0.92210,-0.09102,55.326,-0.182,725.000,400.000,925.000,375.000,-1,325.000,300.000,300.000,325.000,-1,450.000,500.000,-1,550.000,725.000,625.000,-1,1,0,1,0,2,0,0,0,0,2,0,0,2,1,0,1,2
80,903.770,-6192.432,2.869,98.623,-0.149463,-0.984963,0.086650,0.988752,-0.149366,0.007647,0.005411,0.086818,0.996209,0,0.92860,-0.08801,55.716,-0.176,650.000,400.000,875.000,375.000,-1,325.000,300.000,325.000,325.000,-1,475.000,525.000,-1,500.000,750.000,575.000,-1,1,1,1,0,2,0,0,0,0,2,0,0,2,1,0,1,2
81,895.523,-6136.938,3.042,98.454,-0.146436,-0.985489,0.085835,0.989198,-0.146465,0.005985,0.006674,0.085784,0.996291,0,0.93504,-0.08472,56.102,-0.169,575.000,350.000,825.000,375.000,-1,300.000,300.000,300.000,325.000,-1,500.000,550.000,-1,450.000,775.000,500.000,-1,1,1,1,0,2,1,1,0,0,2,0,0,2,1,0,1,2
82,887.379,-6081.045,3.191,98.291,-0.143533,-0.985989,0.084998,0.989614,-0.143687,0.004341,0.007933,0.084738,0.996372,0,0.94140,-0.08114,56.484,-0.162,500.000,325.000,775.000,400.000,-1,300.000,300.000,300.000,325.000,-1,525.000,575.000,-1,425.000,775.000,450.000,-1,1,1,1,0,2,1,1,0,0,2,0,0,2,1,0,1,2
83,879.332,-6024.757,3.316,98.137,-0.140768,-0.986461,0.084140,0.990000,-0.141041,0.002714,0.009190,0.083681,0.996450,0,0.94766,-0.07721,56.859,-0.154,425.000,300.000,725.000,400.000,-1,275.000,300.000,300.000,325.000,-1,500.000,575.000,-1,375.000,800.000,400.000,-1,1,1,1,0,2,1,1,0,0,2,0,0,2,1,0,1,2
84,871.887,-5973.233,3.422,98.222,-0.142132,-0.986330,0.083374,0.989790,-0.142526,0.001234,0.010666,0.082699,0.996518,0,0.86766,0.04279,52.059,0.086,375.000,275.000,675.000,400.000,-1,250.000,275.000,300.000,300.000,-1,475.000,575.000,-1,350.000,800.000,325.000,-1,1,1,1,1,2,1,1,0,0,2,0,0,2,1,0,1,2
85,864.450,-5923.743,3.672,98.548,-0.147685,-0.985625,0.082056,0.988965,-0.148146,0.000470,0.011693,0.081220,0.996628,0,0.83410,0.16279,50.046,0.326,325.000,250.000,625.000,375.000,-1,225.000,275.000,300.000,300.000,-1,475.000,575.000,-1,325.000,825.000,275.000,-1,1,1,1,1,2,1,1,0,0,2,0,0,2,1,0,1,2
86,856.472,-5874.004,3.880,99.114,-0.157444,-0.984215,0.080827,0.987457,-0.157884,0.000959,0.011817,0.079964,0.996728,0,0.83958,0.28279,50.375,0.566,250.000,225.000,550.000,350.000,-1,200.000,250.000,300.000,300.000,-1,525.000,650.000,-1,275.000,825.000,225.000,-1,1,1,1,1,2,1,1,0,0,2,0,0,2,1,0,1,2
87,847.724,-5824.053,6.908,99.919,-0.170426,-0.981054,0.092128,0.985164,-0.171559,-0.004457,0.020177,0.090002,0.995737,0,0.84520,0.40279,50.712,0.806,225.000,200.000,525.000,350.000,-1,200.000,250.000,325.000,300.000,-1,450.000,475.000,-1,250.000,900.000,200.000,-1,1,1,1,1,2,1,1,0,0,2,0,0,2,1,0,1,2
88,837.983,-5773.929,12.242,100.965,-0.186199,-0.975877,0.113991,0.981853,-0.189067,-0.014792,0.035987,0.109168,0.993372,0,0.85101,0.52279,51.061,1.046,225.000,200.000,500.000,350.000,-1,200.000,250.000,400.000,275.000,-1,350.000,275.000,-1,250.000,1000.000,200.000,-1,1,1,1,1,2,1,1,0,0,2,0,0,2,1,0,1,2
89,827.036,-5723.685,17.855,102.250,-0.205194,-0.969044,0.137294,0.977309,-0.210405,-0.024424,0.052555,0.129167,0.990229,0,0.85705,0.64279,51.423,1.286,200.000,200.000,475.000,325.000,-1,175.000,225.000,450.000,275.000,-1,300.000,175.000,-1,250.000,-1,175.000,-1,1,1,1,1,2,1,1,0,0,2,0,0,2,1,2,1,2
90,-2951.662,-3607.617,346.064,-71.616,0.316948,0.946048,0.067367,-0.948189,0.314417,0.045605,0.021964,-0.078331,0.996685,1,0.00000,0.00000,51.800,1.526,-1,425.000,-1,375.000,-1,325.000,300.000,325.000,350.000,625.000,-1,-1,-1,-1,750.000,-1,-1,2,0,2,0,2,0,0,0,0,1,2,2,2,2,0,2,2
91,-2950.145,-3612.171,346.182,-71.580,0.317533,0.945824,0.067746,-0.947997,0.314997,0.045584,0.021774,-0.078697,0.996661,0,0.08000,0.01783,4.800,0.036,-1,425.000,-1,375.000,-1,325.000,300.000,325.000,350.000,625.000,-1,-1,-1,-1,775.000,-1,-1,2,0,2,0,2,0,0,0,0,1,2,2,2,2,0,2,2
92,-2947.106,-3621.277,346.414,-71.547,0.318067,0.945590,0.068504,-0.947826,0.315520,0.045538,0.021446,-0.079414,0.996611,0,0.16000,0.01639,9.600,0.033,-1,425.000,-1,375.000,-1,325.000,300.000,325.000,350.000,625.000,0.000,-1,-1,-1,775.000,-1,-1,2,0,2,0,2,0,0,0,0,1,0,2,2,2,0,2,2
93,-2942.541,-3634.934,346.758,-71.520,0.318503,0.945360,0.069642,-0.947689,0.315938,0.045471,0.020984,-0.080482,0.996535,0,0.24000,0.01350,14.400,0.027,-1,425.000,-1,375.000,-1,325.000,300.000,325.000,350.000,625.000,0.000,-1,-1,-1,775.000,-1,-1,2,0,2,0,2,0,0,0,0,1,0,2,2,2,0,2,2
94,-2936.448,-3653.142,347.211,-71.502,0.318792,0.945149,0.071164,-0.947605,0.316203,0.045387,0.020395,-0.081905,0.996431,0,0.32000,0.00914,19.200,0.018,-1,425.000,-1,375.000,-1,325.000,325.000,325.000,350.000,650.000,0.000,-1,-1,-1,775.000,-1,-1,2,0,2,0,2,0,0,0,0,1,0,2,2,2,0,2,2
95,-2928.829,-3675.900,347.771,-71.496,0.318883,0.944973,0.073073,-0.947590,0.316264,0.045288,0.019686,-0.083685,0.996298,0,0.40000,0.00328,24.000,0.007,-1,425.000,-1,375.000,-1,325.000,325.000,325.000,350.000,650.000,0.000,-1,-1,-1,775.000,-1,-1,2,0,2,0,2,0,0,0,0,1,0,2,2,2,0,2,2
96,-2919.690,-3703.212,348.433,-71.504,0.318726,0.944845,0.075372,-0.947659,0.316071,0.045181,0.018866,-0.085827,0.996131,0,0.48000,-0.00411,28.800,-0.008,-1,425.000,-1,375.000,-1,325.000,325.000,325.000,350.000,675.000,0.000,-1,-1,1000.000,775.000,-1,-1,2,0,2,0,2,0,0,0,0,1,0,2,2,0,0,2,2
97,-2909.043,-3735.080,349.194,-71.530,0.318266,0.944782,0.078064,-0.947831,0.315570,0.045068,0.017945,-0.088335,0.995929,0,0.56000,-0.01308,33.600,-0.026,-1,425.000,-1,375.000,-1,325.000,325.000,325.000,350.000,700.000,0.000,-1,-1,1000.000,800.000,-1,-1,2,0,2,0,2,0,0,0,0,1,0,2,2,0,0,2,2
98,-2896.904,-3771.511,350.050,-71.577,0.317450,0.944796,0.081152,-0.948124,0.314707,0.044955,0.016934,-0.091213,0.995687,0,0.64000,-0.02368,38.400,-0.047,-1,425.000,-1,375.000,-1,325.000,325.000,325.000,350.000,725.000,0.000,-1,-1,1000.000,800.000,-1,-1,2,0,2,0,2,0,0,0,0,1,0,2,2,0,0,2,2
99,-2884.403,-3809.188,350.919,-71.649,0.316224,0.944927,0.084355,-0.948551,0.313433,0.044850,0.015941,-0.094197,0.995426,0,0.66162,-0.03597,39.697,-0.072,-1,425.000,-1,400.000,-1,325.000,325.000,325.000,350.000,775.000,0.000,-1,-1,975.000,825.000,-1,-1,2,0,2,0,2,0,0,0,0,1,0,2,2,0,0,2,2
100,-2871.871,-3847.175,351.727,-71.747,0.314580,0.945203,0.087360,-0.949110,0.311736,0.044841,0.015150,-0.097020,0.995167,0,0.66668,-0.04886,40.001,-0.098,-1,425.000,-1,400.000,-1,350.000,325.000,325.000,375.000,800.000,-1,-1,-1,975.000,850.000,-1,-1,2,0,2,0,2,0,0,0,0,1,2,2,2,0,0,2,2
101,-2859.319,-3885.501,352.388,-71.871,0.312510,0.945656,0.089850,-0.949802,0.309617,0.044875,0.014617,-0.099364,0.994944,0,0.67215,-0.06203,40.329,-0.124,-1,425.000,-1,400.000,-1,350.000,325.000,325.000,375.000,825.000,-1,-1,-1,975.000,900.000,-1,-1,2,0,2,0,2,0,0,0,0,1,2,2,2,0,0,2,2
102,-2846.760,-3924.196,352.897,-72.022,0.309946,0.946293,0.091992,-0.950656,0.307066,0.044315,0.013687,-0.101188,0.994773,0,0.67803,-0.07550,40.682,-0.151,-1,425.000,-1,400.000,-1,350.000,325.000,325.000,375.000,875.000,-1,-1,-1,975.000,925.000,-1,-1,2,0,2,0,2,0,0,0,0,1,2,2,2,0,0,2,2
103,-2834.207,-3963.289,353.408,-72.201,0.306924,0.947063,0.094180,-0.951648,0.304057,0.043766,0.012813,-0.103058,0.994593,0,0.68432,-0.08927,41.059,-0.179,-1,425.000,-1,400.000,-1,350.000,325.000,325.000,375.000,900.000,-1,-1,-1,975.000,950.000,-1,-1,2,0,2,0,2,0,0,0,0,1,2,2,2,0,0,2,2
104,-2821.673,-4002.810,353.904,-72.407,0.303440,0.947956,0.096460,-0.952774,0.300576,0.043300,0.012053,-0.105043,0.994395,0,0.69101,-0.10335,41.461,-0.207,-1,425.000,-1,400.000,-1,350.000,325.000,325.000,375.000,950.000,-1,-1,-1,975.000,975.000,-1,-1,2,0,2,0,2,0,0,0,0,1,2,2,2,0,0,2,2
105,-2809.174,-4042.790,354.176,-72.643,0.299445,0.949005,0.098604,-0.954049,0.296622,0.042488,0.011073,-0.106796,0.994219,0,0.69813,-0.11774,41.888,-0.235,-1,425.000,-1,400.000,-1,350.000,325.000,325.000,375.000,1000.000,-1,-1,-1,975.000,1000.000,-1,-1,2,0,2,0,2,0,0,0,0,1,2,2,2,0,0,2,2
106,-2796.728,-4083.259,354.284,-72.908,0.294899,0.950223,0.100554,-0.955480,0.292187,0.041042,0.009619,-0.108181,0.994085,0,0.70566,-0.13245,42.340,-0.265,-1,425.000,-1,400.000,-1,350.000,325.000,325.000,375.000,-1,-1,-1,-1,975.000,-1,-1,-1,2,0,2,0,2,0,0,0,0,2,2,2,2,0,2,2,2
107,-2784.352,-4124.249,354.415,-73.203,0.289848,0.951567,0.102509,-0.957037,0.287247,0.039613,0.008249,-0.109587,0.993943,0,0.71361,-0.14750,42.817,-0.295,-1,425.000,-1,400.000,-1,325.000,325.000,325.000,375.000,-1,-1,-1,-1,975.000,-1,-1,-1,2,0,2,0,2,0,0,0,0,2,2,2,2,0,2,2,2
108,-2772.067,-4165.791,354.573,-73.528,0.284279,0.953033,0.104466,-0.958716,0.281787,0.038199,0.006967,-0.111012,0.993795,0,0.72200,-0.16288,43.320,-0.326,-1,425.000,-1,400.000,-1,325.000,325.000,325.000,375.000,-1,-1,-1,-1,950.000,-1,-1,-1,2,0,2,0,2,0,0,0,0,2,2,2,2,0,2,2,2
109,-2759.894,-4207.917,354.759,-73.886,0.278178,0.954616,0.106423,-0.960512,0.275794,0.036797,0.005776,-0.112456,0.993640,0,0.73082,-0.17862,43.849,-0.357,-1,425.000,-1,400.000,-1,325.000,325.000,325.000,375.000,-1,-1,-1,-1,950.000,-1,-1,-1,2,0,2,0,2,0,0,0,0,2,2,2,2,0,2,2,2
110,-2747.857,-4250.659,354.978,-74.275,0.271532,0.956308,0.108375,-0.962418,0.269254,0.035406,0.004678,-0.113916,0.993479,0,0.74008,-0.19472,44.405,-0.389,-1,400.000,-1,400.000,-1,325.000,325.000,325.000,375.000,-1,-1,-1,-1,950.000,-1,-1,-1,2,0,2,0,2,0,0,0,0,2,2,2,2,0,2,2,2
111,-2735.982,-4294.051,355.233,-74.697,0.264326,0.958103,0.110319,-0.964427,0.262153,0.034023,0.003677,-0.115388,0.993314,0,0.74978,-0.21118,44.987,-0.422,-1,400.000,-1,425.000,-1,325.000,325.000,325.000,375.000,-1,-1,-1,-1,950.000,-1,-1,-1,2,0,2,0,2,0,0,0,0,2,2,2,2,0,2,2,2
112,-2724.296,-4338.125,355.527,-75.154,0.256544,0.959992,0.112253,-0.966529,0.254474,0.032647,0.002775,-0.116871,0.993143,0,0.75994,-0.22803,45.596,-0.456,-1,400.000,-1,425.000,-1,325.000,325.000,325.000,375.000,-1,-1,-1,-1,925.000,-1,-1,-1,2,0,2,0,2,0,0,0,0,2,2,2,2,0,2,2,2
113,-2712.830,-4382.915,355.864,-75.644,0.248172,0.961964,0.114172,-0.968714,0.246202,0.031275,0.001976,-0.118361,0.992969,0,0.77056,-0.24527,46.233,-0.491,-1,400.000,-1,425.000,-1,325.000,325.000,325.000,375.000,-1,-1,-1,-1,925.000,-1,-1,-1,2,0,2,0,2,0,0,0,0,2,2,2,2,0,2,2,2
114,-2701.617,-4428.454,356.248,-76.170,0.239194,0.964009,0.116071,-0.970971,0.237320,0.029905,0.001283,-0.119855,0.992791,0,0.78164,-0.26291,46.898,-0.526,-1,425.000,-1,450.000,-1,325.000,350.000,325.000,400.000,-1,-1,-1,-1,925.000,-1,-1,-1,2,0,2,0,2,0,0,0,0,2,2,2,2,0,2,2,2
115,-2690.692,-4474.775,356.685,-76.732,0.229592,0.966114,0.117947,-0.973287,0.227813,0.028535,0.000698,-0.121348,0.992610,0,0.79319,-0.28096,47.592,-0.562,-1,425.000,-1,450.000,-1,350.000,350.000,325.000,400.000,-1,-1,-1,-1,925.000,-1,-1,-1,2,0,2,0,2,0,0,0,0,2,2,2,2,0,2,2,2
116,-2680.136,-4521.674,357.172,-77.318,0.219559,0.968218,0.119783,-0.975599,0.217871,0.027171,0.000210,-0.122826,0.992428,0,0.80118,-0.29326,48.071,-0.587,-1,425.000,-1,450.000,-1,350.000,350.000,325.000,400.000,-1,-1,-1,-1,925.000,-1,-1,-1,2,0,2,0,2,0,0,0,0,2,2,2,2,0,2,2,2
117,-2669.838,-4568.766,357.130,-77.665,0.213513,0.969585,0.119656,-0.976940,0.212026,0.025174,-0.000962,-0.122272,0.992496,0,0.80341,-0.17326,48.204,-0.347,-1,425.000,-1,450.000,-1,350.000,350.000,325.000,400.000,-1,-1,-1,-1,925.000,-1,-1,-1,2,0,2,0,2,0,0,0,0,2,2,2,2,0,2,2,2
118,-2659.631,-4615.877,356.622,-77.771,0.211356,0.970249,0.118094,-0.977402,0.210282,0.021625,-0.003852,-0.119995,0.992767,0,0.80341,-0.05326,48.204,-0.107,-1,425.000,-1,450.000,-1,350.000,350.000,325.000,375.000,-1,-1,-1,-1,925.000,-1,-1,-1,2,0,2,0,2,0,0,0,0,2,2,2,2,0,2,2,2
119,-2649.313,-4662.964,356.006,-77.638,0.213250,0.970001,0.116717,-0.976971,0.212595,0.018176,-0.007183,-0.117905,0.992999,0,0.80341,0.06674,48.204,0.133,-1,425.000,-1,450.000,-1,350.000,350.000,325.000,375.000,-1,-1,-1,-1,900.000,-1,-1,-1,2,0,2,0,2,0,0,0,0,2,2,2,2,0,2,2,2
120,-2638.686,-4709.982,354.773,-77.264,0.219043,0.968666,0.117072,-0.975640,0.218930,0.013986,-0.012083,-0.117283,0.993025,0,0.80341,0.18674,48.204,0.373,-1,425.000,-1,450.000,-1,350.000,350.000,325.000,350.000,-1,-1,-1,-1,875.000,-1,-1,-1,2,0,2,0,2,0,0,0,0,2,2,2,2,0,2,2,2
121,-2627.557,-4756.884,353.328,-76.651,0.228908,0.966398,0.116943,-0.973299,0.229320,0.010102,-0.017055,-0.116133,0.993087,0,0.80341,0.30674,48.204,0.613,-1,425.000,-1,450.000,-1,350.000,350.000,325.000,350.000,-1,-1,-1,-1,850.000,-1,-1,-1,2,0,2,0,2,0,0,0,0,2,2,2,2,0,2,2,2
122,-2615.730,-4803.614,351.788,-75.798,0.242750,0.962993,0.117119,-0.969826,0.243719,0.006192,-0.022581,-0.115088,0.993099,0,0.80341,0.42674,48.204,0.853,-1,400.000,-1,450.000,-1,325.000,350.000,325.000,350.000,-1,-1,-1,-1,825.000,-1,-1,-1,2,0,2,0,2,0,0,0,0,2,2,2,2,0,2,2,2
123,-2603.014,-4850.109,350.182,-74.704,0.260545,0.958293,0.117437,-0.965041,0.262087,0.002395,-0.028484,-0.113955,0.993077,0,0.80341,0.54674,48.204,1.093,-1,400.000,-1,425.000,-1,325.000,350.000,325.000,350.000,-1,-1,-1,-1,800.000,1000.000,-1,-1,2,0,2,0,2,0,0,0,0,2,2,2,2,0,0,2,2
124,-2589.351,-4896.335,348.506,-73.534,0.279535,0.952868,0.117912,-0.959519,0.281641,-0.001248,-0.034398,-0.112790,0.993023,0,0.80341,0.58512,48.204,1.170,-1,400.000,-1,425.000,-1,325.000,325.000,325.000,350.000,-1,-1,-1,-1,775.000,950.000,-1,-1,2,0,2,0,2,0,0,0,0,2,2,2,2,0,0,2,2
125,-2574.746,-4942.273,346.762,-72.364,0.298430,0.947043,0.118531,-0.953586,0.301083,-0.004718,-0.040156,-0.111622,0.992939,0,0.80341,0.58512,48.204,1.170,-1,400.000,-1,425.000,-1,325.000,325.000,300.000,350.000,-1,-1,-1,-1,775.000,925.000,-1,-1,2,0,2,0,2,0,0,0,0,2,2,2,2,0,0,2,2
126,-2559.207,-4987.902,344.954,-71.193,0.317221,0.940820,0.119286,-0.947247,0.320404,-0.008005,-0.045751,-0.110454,0.992828,0,0.80341,0.58512,48.204,1.170,-1,375.000,-1,425.000,-1,325.000,325.000,300.000,350.000,-1,-1,-1,-1,750.000,875.000,-1,-1,2,0,2,0,2,0,0,0,0,2,2,2,2,0,0,2,2
127,-2542.739,-5033.205,343.084,-70.023,0.335901,0.934201,0.120165,-0.940506,0.339595,-0.011097,-0.051174,-0.109288,0.992692,0,0.80341,0.58512,48.204,1.170,-1,375.000,-1,400.000,-1,325.000,325.000,300.000,350.000,-1,-1,-1,-1,725.000,850.000,-1,-1,2,0,2,0,2,0,0,0,0,2,2,2,2,0,0,2,2
128,-2525.349,-5078.162,341.155,-68.853,0.354460,0.927189,0.121156,-0.933367,0.358650,-0.013986,-0.056421,-0.108125,0.992535,0,0.80341,0.58512,48.204,1.170,-1,375.000,-1,400.000,-1,300.000,325.000,300.000,350.000,-1,-1,-1,-1,725.000,825.000,-1,-1,2,0,2,0,2,0,0,0,0,2,2,2,2,0,0,2,2
129,-2507.045,-5122.755,339.166,-67.683,0.372894,0.919788,0.122227,-0.925836,0.377559,-0.016658,-0.061470,-0.106950,0.992362,0,0.80341,0.58512,48.204,1.170,-1,375.000,-1,400.000,-1,300.000,325.000,300.000,350.000,-1,-1,-1,-1,700.000,800.000,-1,-1,2,0,2,0,2,0,0,0,0,2,2,2,2,0,0,2,2
130,-2487.825,-5166.989,336.277,-66.509,0.391732,0.912270,0.119619,-0.917855,0.396502,-0.018090,-0.063932,-0.102706,0.992655,0,0.80384,0.58696,48.231,1.174,-1,375.000,-1,400.000,-1,300.000,325.000,325.000,325.000,-1,-1,-1,-1,700.000,800.000,-1,-1,2,0,2,0,2,0,0,0,0,2,2,2,2,0,0,2,2
131,-2467.888,-5210.903,333.319,-65.575,0.406635,0.906072,0.116963,-0.911197,0.411494,-0.019824,-0.066092,-0.098515,0.992938,0,0.80381,0.46696,48.228,0.934,-1,375.000,-1,400.000,-1,300.000,300.000,325.000,325.000,-1,-1,-1,-1,700.000,775.000,-1,-1,2,0,2,0,2,0,0,0,0,2,2,2,2,0,0,2,2
132,-2447.406,-5254.600,330.358,-64.881,0.417683,0.901369,0.114344,-0.906058,0.422600,-0.021639,-0.067826,-0.094564,0.993206,0,0.80433,0.34696,48.260,0.694,-1,375.000,-1,400.000,-1,300.000,300.000,325.000,325.000,-1,-1,-1,-1,700.000,750.000,-1,-1,2,0,2,0,2,0,0,0,0,2,2,2,2,0,0,2,2
133,-2426.503,-5298.128,327.433,-64.343,0.426242,0.897674,0.111797,-0.901958,0.431189,-0.023391,-0.069203,-0.090866,0.993456,0,0.80479,0.26884,48.287,0.538,-1,375.000,-1,375.000,-1,300.000,300.000,325.000,325.000,-1,-1,-1,-1,700.000,750.000,-1,-1,2,0,2,0,2,0,0,0,0,2,2,2,2,0,0,2,2
