timestep,x_cm,y_cm,z_cm,yaw_deg,basis_xx,basis_xy,basis_xz,basis_yx,basis_yy,basis_yz,basis_zx,basis_zy,basis_zz,teleport_flag,throttle_cmd,steering_cmd,cmd_move_cm,cmd_turn_deg,lidar_cm_0,lidar_cm_1,lidar_cm_2,lidar_cm_3,lidar_cm_4,lidar_cm_5,lidar_cm_6,lidar_cm_7,lidar_cm_8,lidar_cm_9,lidar_cm_10,lidar_cm_11,lidar_cm_12,lidar_cm_13,lidar_cm_14,lidar_cm_15,lidar_cm_16,lidar_class_0,lidar_class_1,lidar_class_2,lidar_class_3,lidar_class_4,lidar_class_5,lidar_class_6,lidar_class_7,lidar_class_8,lidar_class_9,lidar_class_10,lidar_class_11,lidar_class_12,lidar_class_13,lidar_class_14,lidar_class_15,lidar_class_16
0,-988.184,3605.465,-141.039,-153.503,-0.895287,0.445433,-0.007094,-0.445030,-0.893527,0.059638,0.020226,0.056550,0.998195,1,0.08000,0.12000,4.800,0.240,-1,425.000,-1,400.000,-1,325.000,325.000,300.000,325.000,-1,-1,-1,-1,875.000,775.000,-1,-1,2,0,2,0,2,0,0,0,0,2,2,2,2,0,0,2,2
1,-996.740,3601.111,-140.803,-153.023,-0.891524,0.452918,-0.007165,-0.452514,-0.889793,0.059159,0.020419,0.055984,0.998223,0,0.16000,0.24000,9.600,0.480,-1,425.000,-1,400.000,-1,325.000,325.000,300.000,325.000,-1,-1,-1,-1,875.000,775.000,-1,-1,2,0,2,0,2,0,0,0,0,2,2,2,2,0,0,2,2
2,-1009.490,3594.418,-140.438,-152.303,-0.885761,0.464086,-0.007254,-0.463680,-0.884074,0.058430,0.020703,0.055119,0.998265,0,0.24000,0.36000,14.400,0.720,-1,425.000,-1,400.000,-1,325.000,325.000,300.000,325.000,-1,-1,-1,-1,875.000,775.000,-1,-1,2,0,2,0,2,0,0,0,0,2,2,2,2,0,0,2,2
3,-1026.366,3585.262,-139.945,-151.515,-0.879290,0.476231,-0.007361,-0.475829,-0.877660,0.057451,0.020900,0.054019,0.998321,0,0.32000,0.39406,19.200,0.788,-1,425.000,-1,400.000,-1,325.000,325.000,300.000,325.000,-1,-1,-1,-1,875.000,775.000,-1,-1,2,0,2,0,2,0,0,0,0,2,2,2,2,0,0,2,2
4,-1047.301,3573.528,-139.322,-150.727,-0.872648,0.488292,-0.007473,-0.487900,-0.871087,0.056219,0.020941,0.052706,0.998390,0,0.40000,0.39406,24.000,0.788,-1,425.000,-1,400.000,-1,325.000,325.000,300.000,325.000,-1,-1,-1,-1,875.000,775.000,-1,-1,2,0,2,0,2,0,0,0,0,2,2,2,2,0,0,2,2
5,-1072.228,3559.102,-138.566,-149.939,-0.865838,0.500268,-0.007575,-0.499891,-0.864357,0.054727,0.020831,0.051171,0.998473,0,0.48000,0.39406,28.800,0.788,-1,425.000,-1,400.000,-1,325.000,325.000,300.000,325.000,-1,-1,-1,-1,875.000,775.000,-1,-1,2,0,2,0,2,0,0,0,0,2,2,2,2,0,0,2,2
6,-1101.074,3541.873,-137.893,-149.151,-0.858862,0.512134,-0.008621,-0.511819,-0.857436,0.053332,0.019921,0.050217,0.998540,0,0.56000,0.39406,33.600,0.788,-1,425.000,-1,400.000,-1,325.000,325.000,300.000,325.000,-1,-1,-1,-1,875.000,775.000,-1,-1,2,0,2,0,2,0,0,0,0,2,2,2,2,0,0,2,2
7,-1133.767,3521.732,-137.140,-148.363,-0.851720,0.523906,-0.009750,-0.523657,-0.850353,0.051801,0.018848,0.049226,0.998610,0,0.64000,0.39406,38.400,0.788,-1,425.000,-1,400.000,-1,325.000,325.000,300.000,325.000,-1,-1,-1,-1,875.000,775.000,-1,-1,2,0,2,0,2,0,0,0,0,2,2,2,2,0,0,2,2
8,-1170.232,3498.568,-136.420,-147.574,-0.844421,0.535570,-0.010844,-0.535377,-0.843091,0.050685,0.018003,0.048606,0.998656,0,0.72000,0.39410,43.200,0.788,-1,400.000,-1,400.000,-1,325.000,325.000,300.000,325.000,-1,-1,-1,-1,850.000,775.000,-1,-1,2,0,2,0,2,0,0,0,0,2,2,2,2,0,0,2,2
9,-1210.388,3472.272,-135.608,-146.781,-0.836904,0.547219,-0.011959,-0.547085,-0.835619,0.049384,0.017031,0.047873,0.998708,0,0.80000,0.39693,48.000,0.794,-1,400.000,-1,400.000,-1,325.000,325.000,300.000,325.000,-1,-1,-1,-1,850.000,750.000,-1,-1,2,0,2,0,2,0,0,0,0,2,2,2,2,0,0,2,2
10,-1253.124,3443.424,-134.698,-145.978,-0.829141,0.558891,-0.012910,-0.558809,-0.827912,0.047892,0.016078,0.046923,0.998769,0,0.85938,0.40114,51.563,0.802,-1,400.000,-1,400.000,-1,325.000,325.000,300.000,300.000,-1,-1,-1,-1,850.000,750.000,-1,-1,2,0,2,0,2,0,0,0,0,2,2,2,2,0,0,2,2
11,-1292.634,3416.185,-133.813,-145.416,-0.823596,0.567017,-0.013497,-0.566973,-0.822428,0.046402,0.015211,0.045869,0.998832,0,0.79982,0.28114,47.989,0.562,-1,400.000,-1,400.000,-1,325.000,325.000,300.000,300.000,-1,-1,-1,-1,850.000,750.000,-1,-1,2,0,2,0,2,0,0,0,0,2,2,2,2,0,0,2,2
12,-1332.628,3388.279,-132.915,-145.094,-0.820371,0.571663,-0.013926,-0.571655,-0.819268,0.044839,0.014224,0.044745,0.998897,0,0.81279,0.16114,48.767,0.322,-1,400.000,-1,400.000,-1,325.000,325.000,300.000,300.000,-1,-1,-1,-1,825.000,750.000,-1,-1,2,0,2,0,2,0,0,0,0,2,2,2,2,0,0,2,2
13,-1373.142,3359.747,-132.012,-144.844,-0.817851,0.575255,-0.014214,-0.575277,-0.816815,0.043228,0.013257,0.043531,0.998964,0,0.82589,0.12471,49.553,0.249,-1,400.000,-1,375.000,-1,325.000,325.000,325.000,300.000,-1,-1,-1,-1,825.000,725.000,-1,-1,2,0,2,0,2,0,0,0,0,2,2,2,2,0,0,2,2
14,-1414.174,3330.574,-131.306,-144.586,-0.815214,0.578983,-0.014305,-0.579038,-0.814287,0.040629,0.011876,0.041404,0.999072,0,0.83910,0.12915,50.346,0.258,-1,400.000,-1,375.000,-1,325.000,325.000,300.000,300.000,-1,-1,-1,-1,800.000,725.000,-1,-1,2,0,2,0,2,0,0,0,0,2,2,2,2,0,0,2,2
15,-1455.720,3300.742,-130.637,-144.319,-0.812469,0.582834,-0.014060,-0.582906,-0.811654,0.037930,0.010695,0.039013,0.999181,0,0.85244,0.13373,51.146,0.267,-1,400.000,-1,375.000,-1,325.000,325.000,300.000,300.000,-1,-1,-1,-1,800.000,725.000,-1,-1,2,0,2,0,2,0,0,0,0,2,2,2,2,0,0,2,2
16,-1497.774,3270.236,-129.951,-144.042,-0.809612,0.586804,-0.013742,-0.586887,-0.808903,0.035216,0.009549,0.036577,0.999285,0,0.86590,0.13844,51.954,0.277,-1,400.000,-1,375.000,-1,325.000,300.000,300.000,300.000,-1,-1,-1,-1,775.000,725.000,-1,-1,2,0,2,0,2,0,0,0,0,2,2,2,2,0,1,2,2
17,-1540.332,3239.039,-129.236,-143.755,-0.806639,0.590894,-0.013346,-0.590984,-0.806027,0.032543,0.008472,0.034137,0.999381,0,0.87946,0.14331,52.768,0.287,-1,400.000,-1,375.000,-1,325.000,300.000,300.000,300.000,-1,-1,-1,-1,775.000,-1,-1,-1,2,0,2,0,2,0,0,0,0,2,2,2,2,0,2,2,2
18,-1583.386,3207.134,-128.503,-143.458,-0.803558,0.595088,-0.012820,-0.595169,-0.802995,0.031182,0.008262,0.032687,0.999431,0,0.89312,0.14834,53.587,0.297,-1,400.000,-1,375.000,-1,325.000,300.000,300.000,300.000,-1,-1,-1,-1,775.000,-1,-1,-1,2,0,2,0,2,0,0,0,0,2,2,2,2,0,2,2,2
19,-1626.926,3174.504,-127.925,-143.151,-0.800358,0.599398,-0.012196,-0.599460,-0.799814,0.030745,0.008674,0.031918,0.999453,0,0.90684,0.15354,54.410,0.307,-1,400.000,-1,375.000,-1,325.000,300.000,300.000,300.000,-1,-1,-1,-1,-1,-1,-1,-1,2,0,2,0,2,0,0,0,0,2,2,2,2,2,2,2,2
20,-1670.944,3141.133,-127.314,-142.833,-0.797022,0.603841,-0.011508,-0.603881,-0.796496,0.030351,0.009161,0.031140,0.999473,0,0.92062,0.15892,55.237,0.318,-1,400.000,-1,375.000,-1,325.000,300.000,325.000,300.000,-1,-1,-1,-1,-1,-1,-1,-1,2,0,2,1,2,0,0,0,0,2,2,2,2,2,2,2,2
21,-1715.426,3107.007,-126.667,-142.504,-0.793543,0.608419,-0.010753,-0.608437,-0.793035,0.030006,0.009728,0.030354,0.999492,0,0.93442,0.16451,56.065,0.329,-1,400.000,-1,400.000,-1,325.000,325.000,325.000,300.000,-1,-1,-1,-1,-1,-1,-1,-1,2,0,2,1,2,0,0,0,0,2,2,2,2,2,2,2,2
22,-1760.358,3072.109,-125.956,-142.164,-0.789912,0.613139,-0.009932,-0.613133,-0.789425,0.029586,0.010299,0.029460,0.999513,0,0.94821,0.17031,56.893,0.341,-1,400.000,-1,450.000,-1,325.000,325.000,325.000,300.000,-1,-1,-1,-1,-1,-1,-1,-1,2,0,2,1,2,0,0,0,0,2,2,2,2,2,2,2,2
23,-1805.723,3036.425,-125.155,-141.811,-0.786121,0.618006,-0.009041,-0.617978,-0.785661,0.028975,0.010804,0.028365,0.999539,0,0.96196,0.17634,57.718,0.353,-1,400.000,-1,-1,-1,325.000,350.000,325.000,325.000,-1,-1,-1,-1,-1,-1,-1,-1,2,0,2,2,2,0,1,0,0,2,2,2,2,2,2,2,2
24,-1851.501,2999.942,-124.302,-141.446,-0.782163,0.623022,-0.008073,-0.622971,-0.781731,0.028362,0.011359,0.027213,0.999565,0,0.97562,0.18262,58.537,0.365,-1,400.000,-1,-1,-1,325.000,-1,325.000,325.000,-1,-1,-1,-1,-1,-1,-1,-1,2,0,2,2,2,0,2,0,0,2,2,2,2,2,2,2,2
25,-1897.667,2962.647,-123.419,-141.068,-0.778028,0.628189,-0.007143,-0.628117,-0.777623,0.027773,0.011892,0.026095,0.999589,0,0.98914,0.18917,59.349,0.378,-1,400.000,-1,-1,-1,-1,-1,325.000,325.000,-1,-1,-1,-1,-1,-1,-1,-1,2,1,2,2,2,2,2,0,0,2,2,2,2,2,2,2,2
26,-1944.081,2924.624,-123.565,-140.676,-0.773710,0.633473,-0.009235,-0.633453,-0.773280,0.027846,0.010498,0.027395,0.999570,0,1.00000,0.19601,60.000,0.392,-1,-1,-1,-1,-1,-1,-1,325.000,300.000,-1,-1,-1,-1,-1,-1,-1,-1,2,2,2,2,2,2,2,0,0,2,2,2,2,2,2,2,2
27,-1990.223,2886.272,-124.742,-140.269,-0.769169,0.638840,-0.016192,-0.639017,-0.768649,0.028897,0.006014,0.032574,0.999451,0,1.00000,0.20313,60.000,0.406,-1,-1,-1,-1,-1,-1,-1,325.000,300.000,-1,-1,-1,-1,-1,-1,-1,-1,2,2,2,2,2,2,2,0,0,2,2,2,2,2,2,2,2
28,-2036.082,2847.581,-126.944,-139.848,-0.764297,0.644250,-0.028127,-0.644862,-0.763677,0.030837,-0.001613,0.041706,0.999129,0,1.00000,0.21044,60.000,0.421,-1,-1,-1,-1,-1,-1,-1,325.000,275.000,-1,-1,-1,-1,-1,-1,-1,-1,2,2,2,2,2,2,2,0,0,2,2,2,2,2,2,2,2
29,-2081.642,2808.539,-130.095,-139.413,-0.758898,0.649618,-0.045497,-0.651086,-0.758258,0.033635,-0.012649,0.055148,0.998398,0,1.00000,0.21795,60.000,0.436,-1,-1,-1,-1,-1,-1,-1,350.000,225.000,-1,-1,-1,-1,-1,-1,-1,-1,2,2,2,2,2,2,2,0,0,2,2,2,2,2,2,2,2
30,-2126.891,2769.137,-134.196,-138.961,-0.752686,0.654819,-0.068379,-0.657822,-0.752256,0.037171,-0.027098,0.072959,0.996967,0,1.00000,0.22564,60.000,0.451,-1,-1,-1,-1,-1,-1,-1,375.000,200.000,-1,-1,-1,-1,-1,-1,-1,-1,2,2,2,2,2,2,2,1,0,2,2,2,2,2,2,2,2
31,-2171.814,2729.361,-139.327,-138.494,-0.745312,0.659704,-0.096436,-0.665217,-0.745509,0.041258,-0.044676,0.094901,0.994484,0,1.00000,0.23351,60.000,0.467,-1,-1,-1,-1,-1,-1,-1,400.000,150.000,-1,-1,-1,-1,-1,-1,-1,-1,2,2,2,2,2,2,2,1,0,2,2,2,2,2,2,2,2
32,4919.490,9511.015,-85.530,160.712,-0.943639,-0.330209,0.022512,0.329340,-0.943555,-0.035196,0.032863,-0.025798,0.999127,1,0.00000,0.00000,60.000,0.227,-1,425.000,-1,400.000,-1,350.000,325.000,275.000,275.000,-1,-1,-1,-1,925.000,775.000,-1,-1,2,0,2,0,2,0,0,0,0,2,2,2,2,0,0,2,2
33,4914.952,9512.582,-85.365,160.952,-0.945021,-0.326252,0.022245,0.325389,-0.944924,-0.035234,0.032515,-0.026058,0.999131,0,0.08000,0.12000,4.800,0.240,-1,425.000,-1,400.000,-1,350.000,325.000,275.000,275.000,-1,-1,-1,-1,925.000,775.000,-1,-1,2,0,2,0,2,0,0,0,0,2,2,2,2,0,0,2,2
34,4905.854,9515.643,-85.039,161.404,-0.947579,-0.318782,0.021714,0.317931,-0.947456,-0.035309,0.031829,-0.026555,0.999141,0,0.16000,0.22605,9.600,0.452,-1,425.000,-1,400.000,-1,350.000,325.000,275.000,275.000,-1,-1,-1,-1,925.000,775.000,-1,-1,2,0,2,0,2,0,0,0,0,2,2,2,2,0,0,2,2
35,4892.170,9520.127,-84.558,161.856,-0.950087,-0.311284,0.020921,0.310452,-0.949929,-0.035426,0.030901,-0.027163,0.999153,0,0.24000,0.22626,14.400,0.453,-1,425.000,-1,400.000,-1,350.000,325.000,275.000,275.000,-1,-1,-1,-1,925.000,800.000,-1,-1,2,0,2,0,2,0,0,0,0,2,2,2,2,0,0,2,2
36,4873.878,9525.961,-83.926,162.310,-0.952543,-0.303756,0.019871,0.302949,-0.952342,-0.035582,0.029732,-0.027874,0.999169,0,0.32000,0.22656,19.200,0.453,-1,425.000,-1,400.000,-1,350.000,325.000,275.000,275.000,-1,-1,-1,-1,925.000,775.000,-1,-1,2,0,2,0,2,0,0,0,0,2,2,2,2,0,0,2,2
37,4850.955,9533.072,-83.147,162.764,-0.954947,-0.296195,0.018566,0.295421,-0.954697,-0.035777,0.028322,-0.028680,0.999187,0,0.40000,0.22696,24.000,0.454,-1,425.000,-1,400.000,-1,350.000,325.000,275.000,275.000,-1,-1,-1,-1,925.000,775.000,-1,-1,2,0,2,0,2,0,0,0,0,2,2,2,2,0,0,2,2
38,4823.382,9541.387,-82.225,163.218,-0.957299,-0.288598,0.017010,0.287866,-0.956993,-0.036009,0.026671,-0.029574,0.999207,0,0.48000,0.22743,28.800,0.455,-1,425.000,-1,400.000,-1,350.000,325.000,275.000,275.000,-1,-1,-1,-1,925.000,775.000,-1,-1,2,0,2,0,2,0,0,0,0,2,2,2,2,0,0,2,2
39,4791.137,9550.832,-81.164,163.674,-0.959597,-0.280966,0.015206,0.280284,-0.959231,-0.036277,0.024778,-0.030549,0.999226,0,0.56000,0.22796,33.600,0.456,-1,425.000,-1,400.000,-1,350.000,325.000,275.000,275.000,-1,-1,-1,-1,900.000,775.000,-1,-1,2,0,2,0,2,0,0,0,0,2,2,2,2,0,0,2,2
40,4754.200,9561.331,-79.969,164.131,-0.961840,-0.273298,0.013156,0.272675,-0.961410,-0.036581,0.022646,-0.031598,0.999244,0,0.64000,0.22849,38.400,0.457,-1,425.000,-1,400.000,-1,350.000,325.000,275.000,275.000,-1,-1,-1,-1,900.000,775.000,-1,-1,2,0,2,0,2,0,0,0,0,2,2,2,2,0,0,2,2
41,4712.553,9572.810,-78.646,164.589,-0.964024,-0.265594,0.010863,0.265042,-0.963530,-0.036919,0.020272,-0.032712,0.999259,0,0.72000,0.22900,43.200,0.458,-1,425.000,-1,400.000,-1,325.000,325.000,275.000,275.000,-1,-1,-1,-1,875.000,775.000,-1,-1,2,0,2,0,2,0,0,0,0,2,2,2,2,0,0,2,2
42,4669.501,9584.306,-77.373,165.048,-0.966144,-0.257857,0.008663,0.257370,-0.965581,-0.037610,0.018063,-0.034107,0.999255,0,0.74268,0.22943,44.561,0.459,-1,425.000,-1,400.000,-1,325.000,325.000,275.000,275.000,-1,-1,-1,-1,875.000,775.000,-1,-1,2,0,2,0,2,0,0,0,0,2,2,2,2,0,0,2,2
43,4626.489,9595.423,-76.404,165.508,-0.968201,-0.250085,0.006619,0.249642,-0.967532,-0.039505,0.016284,-0.036596,0.999197,0,0.74043,0.22972,44.426,0.459,-1,425.000,-1,400.000,-1,325.000,325.000,275.000,275.000,-1,-1,-1,-1,850.000,775.000,-1,-1,2,0,2,0,2,0,0,0,0,2,2,2,2,0,0,2,2
44,4583.521,9606.161,-75.545,165.967,-0.970195,-0.242289,0.004279,0.241907,-0.969404,-0.041672,0.014245,-0.039395,0.999122,0,0.73816,0.22984,44.290,0.460,-1,425.000,-1,400.000,-1,325.000,325.000,275.000,300.000,-1,-1,-1,-1,850.000,775.000,-1,-1,2,0,2,0,2,0,0,0,0,2,2,2,2,0,0,2,2
45,4540.599,9616.522,-74.791,166.427,-0.972118,-0.234482,0.002308,0.234161,-0.971219,-0.043609,0.012467,-0.041853,0.999046,0,0.73591,0.22979,44.155,0.460,-1,425.000,-1,400.000,-1,325.000,325.000,275.000,300.000,-1,-1,-1,-1,825.000,775.000,-1,-1,2,0,2,0,2,0,0,0,0,2,2,2,2,0,0,2,2
46,4497.726,9626.509,-74.422,166.886,-0.973969,-0.226680,0.001191,0.226406,-0.973022,-0.044358,0.011214,-0.042934,0.999015,0,0.73368,0.22959,44.021,0.459,-1,425.000,-1,400.000,-1,325.000,325.000,275.000,300.000,-1,-1,-1,-1,825.000,775.000,-1,-1,2,0,2,0,2,0,0,0,0,2,2,2,2,0,0,2,2
47,4454.904,9636.124,-74.141,167.344,-0.975752,-0.218880,-0.000028,0.218661,-0.974771,-0.044817,0.009782,-0.043736,0.998995,0,0.73148,0.22923,43.889,0.458,-1,425.000,-1,400.000,-1,325.000,325.000,275.000,300.000,-1,-1,-1,-1,825.000,775.000,-1,-1,2,0,2,0,2,0,0,0,0,2,2,2,2,0,0,2,2
48,4412.133,9645.369,-73.879,167.802,-0.977467,-0.211084,-0.001215,0.210921,-0.976454,-0.045270,0.008369,-0.044507,0.998974,0,0.72932,0.22871,43.759,0.457,-1,400.000,-1,400.000,-1,325.000,325.000,275.000,300.000,-1,-1,-1,-1,800.000,775.000,-1,-1,2,0,2,0,2,0,0,0,0,2,2,2,2,0,0,2,2
49,4369.413,9654.249,-73.636,168.258,-0.979114,-0.203298,-0.002372,0.203192,-0.978071,-0.045717,0.006974,-0.045245,0.998952,0,0.72722,0.22803,43.633,0.456,-1,400.000,-1,400.000,-1,325.000,325.000,275.000,300.000,-1,-1,-1,-1,800.000,775.000,-1,-1,2,0,2,0,2,0,0,0,0,2,2,2,2,0,0,2,2
50,4323.907,9663.528,-73.398,168.474,-0.979870,-0.199601,-0.003663,0.199555,-0.978797,-0.046206,0.005637,-0.046007,0.998925,0,0.77404,0.10803,46.442,0.216,-1,400.000,-1,400.000,-1,325.000,325.000,275.000,300.000,-1,-1,-1,-1,800.000,750.000,-1,-1,2,0,2,0,2,0,0,0,0,2,2,2,2,0,0,2,2
51,4278.553,9672.796,-73.173,168.450,-0.979782,-0.200003,-0.005018,0.200017,-0.978678,-0.046711,0.004431,-0.046770,0.998896,0,0.77151,-0.01197,46.291,-0.024,-1,400.000,-1,400.000,-1,325.000,325.000,275.000,300.000,-1,-1,-1,-1,775.000,750.000,-1,-1,2,0,2,0,2,0,0,0,0,2,2,2,2,0,0,2,2
52,4233.406,9682.238,-72.957,168.186,-0.978845,-0.204502,-0.006451,0.204576,-0.977710,-0.047237,0.003353,-0.047557,0.998863,0,0.76873,-0.13197,46.124,-0.264,-1,400.000,-1,400.000,-1,325.000,325.000,275.000,300.000,-1,-1,-1,-1,775.000,750.000,-1,-1,2,0,2,0,2,0,0,0,0,2,2,2,2,0,0,2,2
53,4188.519,9692.039,-72.742,167.682,-0.977001,-0.213085,-0.007980,0.213221,-0.975835,-0.047788,0.002396,-0.048390,0.998826,0,0.76574,-0.25197,45.945,-0.504,-1,400.000,-1,400.000,-1,325.000,325.000,275.000,300.000,-1,-1,-1,-1,775.000,750.000,-1,-1,2,0,2,0,2,0,0,0,0,2,2,2,2,0,0,2,2
54,4143.946,9702.380,-72.499,166.938,-0.974144,-0.225728,-0.009511,0.225922,-0.972948,-0.048280,0.001644,-0.049180,0.998789,0,0.76260,-0.37197,45.756,-0.744,-1,400.000,-1,375.000,-1,325.000,325.000,275.000,300.000,-1,-1,-1,-1,750.000,725.000,-1,-1,2,0,2,0,2,0,0,0,0,2,2,2,2,0,0,2,2
55,4099.745,9713.438,-72.014,165.954,-0.970122,-0.242403,-0.010193,0.242611,-0.968933,-0.048058,0.001773,-0.049095,0.998793,0,0.75938,-0.49197,45.563,-0.984,-1,400.000,-1,375.000,-1,325.000,325.000,275.000,300.000,-1,-1,-1,-1,750.000,725.000,-1,-1,2,0,2,0,2,0,0,0,0,2,2,2,2,0,0,2,2
56,4055.977,9725.387,-71.479,164.730,-0.964722,-0.263046,-0.010821,0.263260,-0.963541,-0.047785,0.002143,-0.048948,0.998799,0,0.75616,-0.61197,45.369,-1.224,-1,400.000,-1,375.000,-1,325.000,325.000,275.000,300.000,-1,-1,-1,-1,750.000,725.000,-1,-1,2,0,2,0,2,0,0,0,0,2,2,2,2,0,0,2,2
57,4012.677,9738.286,-70.985,163.411,-0.958412,-0.285166,-0.011234,0.285372,-0.957217,-0.047933,0.002915,-0.049145,0.998787,0,0.75301,-0.65986,45.180,-1.320,-1,400.000,-1,375.000,-1,325.000,325.000,275.000,300.000,-1,-1,-1,-1,750.000,700.000,-1,-1,2,0,2,0,2,0,0,0,0,2,2,2,2,0,0,2,2
58,3969.847,9752.132,-70.542,162.085,-0.951569,-0.307230,-0.011273,0.307408,-0.950335,-0.048621,0.004225,-0.049731,0.998754,0,0.75021,-0.66296,45.012,-1.326,-1,400.000,-1,375.000,-1,325.000,325.000,275.000,300.000,-1,-1,-1,-1,750.000,700.000,-1,-1,2,0,2,0,2,0,0,0,0,2,2,2,2,0,0,2,2
59,3931.825,9765.225,-70.110,160.999,-0.945586,-0.325176,-0.011267,0.325327,-0.944316,-0.049293,0.005390,-0.050276,0.998721,0,0.67021,-0.54296,40.212,-1.086,-1,400.000,-1,375.000,-1,325.000,325.000,275.000,300.000,1000.000,-1,-1,-1,750.000,700.000,-1,-1,2,0,2,0,2,0,0,0,0,1,2,2,2,0,0,2,2
60,3892.790,9779.314,-69.661,160.153,-0.940693,-0.339070,-0.011303,0.339198,-0.939378,-0.050134,0.006381,-0.050994,0.998679,0,0.69166,-0.42296,41.500,-0.846,-1,400.000,-1,375.000,-1,325.000,325.000,275.000,300.000,925.000,-1,-1,-1,750.000,700.000,-1,-1,2,0,2,0,2,0,0,0,0,1,2,2,2,0,0,2,2
61,3854.076,9793.753,-69.300,159.547,-0.937067,-0.348975,-0.011023,0.349070,-0.935714,-0.050878,0.007440,-0.051524,0.998644,0,0.68865,-0.30296,41.319,-0.606,-1,400.000,-1,375.000,-1,325.000,325.000,275.000,300.000,900.000,-1,-1,-1,750.000,700.000,-1,-1,2,0,2,0,2,0,0,0,0,1,2,2,2,0,0,2,2
62,3815.596,9808.384,-68.995,159.181,-0.934831,-0.354935,-0.010564,0.354992,-0.933443,-0.051625,0.008462,-0.052011,0.998611,0,0.68612,-0.18296,41.167,-0.366,-1,400.000,-1,375.000,-1,325.000,325.000,275.000,300.000,900.000,-1,-1,-1,775.000,700.000,-1,-1,2,0,2,0,2,0,0,0,0,1,2,2,2,0,0,2,2
63,3777.318,9823.193,-68.659,158.850,-0.932775,-0.360318,-0.010076,0.360333,-0.931343,-0.052545,0.009548,-0.052643,0.998568,0,0.68405,-0.16576,41.043,-0.332,-1,400.000,-1,375.000,-1,325.000,325.000,275.000,300.000,900.000,-1,-1,-1,775.000,725.000,-1,-1,2,0,2,0,2,0,0,0,0,1,2,2,2,0,0,2,2
64,3739.231,9838.184,-68.197,158.515,-0.930672,-0.365733,-0.009429,0.365689,-0.929166,-0.054058,0.011010,-0.053758,0.998493,0,0.68218,-0.16742,40.931,-0.335,-1,400.000,-1,375.000,-1,325.000,325.000,275.000,300.000,875.000,-1,-1,-1,775.000,725.000,-1,-1,2,0,2,0,2,0,0,0,0,1,2,2,2,0,0,2,2
65,3701.328,9853.362,-67.736,158.176,-0.928514,-0.371194,-0.008809,0.371089,-0.926932,-0.055584,0.012467,-0.054879,0.998415,0,0.68049,-0.16927,40.829,-0.339,-1,400.000,-1,375.000,-1,325.000,325.000,275.000,300.000,900.000,-1,-1,-1,775.000,725.000,-1,-1,2,0,2,0,2,0,0,0,0,1,2,2,2,0,0,2,2
66,3663.600,9868.732,-67.277,157.834,-0.926296,-0.376706,-0.008218,0.376539,-0.924638,-0.057122,0.013920,-0.056007,0.998333,0,0.67896,-0.17130,40.738,-0.343,-1,400.000,-1,400.000,-1,325.000,325.000,275.000,300.000,900.000,-1,-1,-1,800.000,750.000,-1,-1,2,0,2,0,2,0,0,0,0,1,2,2,2,0,0,2,2
67,3626.041,9884.299,-66.800,157.487,-0.924016,-0.382276,-0.007684,0.382047,-0.922285,-0.058574,0.015305,-0.057059,0.998253,0,0.67763,-0.17350,40.658,-0.347,-1,400.000,-1,400.000,-1,325.000,325.000,275.000,300.000,900.000,-1,-1,-1,800.000,750.000,-1,-1,2,0,2,0,2,0,0,0,0,1,2,2,2,0,0,2,2
68,3588.640,9900.071,-66.125,157.135,-0.921660,-0.387926,-0.007457,0.387665,-0.919907,-0.059053,0.016048,-0.057318,0.998227,0,0.67649,-0.17588,40.590,-0.352,-1,400.000,-1,400.000,-1,325.000,325.000,300.000,300.000,900.000,-1,-1,-1,800.000,775.000,-1,-1,2,0,2,0,2,0,0,0,0,1,2,2,2,0,0,2,2
69,3551.390,9916.053,-65.446,156.778,-0.919235,-0.393642,-0.007253,0.393352,-0.917460,-0.059518,0.016774,-0.057564,0.998201,0,0.67556,-0.17843,40.534,-0.357,-1,400.000,-1,400.000,-1,325.000,325.000,300.000,300.000,925.000,-1,-1,-1,825.000,775.000,-1,-1,2,0,2,0,2,0,0,0,0,1,2,2,2,0,0,2,2
70,3509.766,9934.013,-64.702,156.661,-0.918436,-0.395506,-0.007040,0.395192,-0.916639,-0.059962,0.017262,-0.057853,0.998176,0,0.75556,-0.05843,45.334,-0.117,-1,400.000,-1,400.000,-1,325.000,325.000,300.000,275.000,950.000,-1,-1,-1,825.000,775.000,-1,-1,2,0,2,0,2,0,0,0,0,1,2,2,2,0,0,2,2
71,3463.692,9953.775,-63.909,156.784,-0.919287,-0.393528,-0.006814,0.393198,-0.917470,-0.060362,0.017503,-0.058170,0.998153,0,0.83556,0.06157,50.134,0.123,-1,400.000,-1,400.000,-1,325.000,325.000,300.000,275.000,950.000,-1,-1,-1,825.000,800.000,-1,-1,2,0,2,0,2,0,0,0,0,1,2,2,2,0,0,2,2
72,3413.719,9974.836,-63.091,157.147,-0.921763,-0.387698,-0.006583,0.387361,-0.919930,-0.060672,0.017466,-0.058476,0.998136,0,0.90382,0.18157,54.229,0.363,-1,400.000,-1,400.000,-1,325.000,325.000,300.000,275.000,975.000,-1,-1,-1,850.000,800.000,-1,-1,2,0,2,0,2,0,0,0,0,1,2,2,2,0,0,2,2
73,3363.495,9995.382,-62.291,157.750,-0.925787,-0.377991,-0.006417,0.377663,-0.923954,-0.060656,0.016998,-0.058578,0.998138,0,0.90442,0.30157,54.265,0.603,-1,425.000,-1,400.000,-1,325.000,325.000,300.000,275.000,1000.000,-1,-1,-1,875.000,825.000,-1,-1,2,0,2,0,2,0,0,0,0,1,2,2,2,0,0,2,2
74,3312.918,10015.209,-61.695,158.594,-0.931240,-0.364341,-0.006844,0.364062,-0.929383,-0.060873,0.015818,-0.059179,0.998122,0,0.90541,0.42157,54.325,0.843,-1,425.000,-1,400.000,-1,350.000,325.000,300.000,275.000,-1,-1,-1,-1,875.000,825.000,-1,-1,2,0,2,0,2,0,0,0,0,2,2,2,2,0,0,2,2
75,3261.901,10034.104,-61.218,159.677,-0.937949,-0.346694,-0.007395,0.346480,-0.936067,-0.061080,0.014254,-0.059852,0.998106,0,0.90674,0.54157,54.404,1.083,-1,425.000,-1,400.000,-1,350.000,325.000,300.000,275.000,-1,-1,-1,-1,900.000,850.000,-1,-1,2,0,2,0,2,0,0,0,0,2,2,2,2,0,0,2,2
76,3210.396,10051.921,-60.719,160.916,-0.945214,-0.326344,-0.008403,0.326226,-0.943288,-0.061510,0.012147,-0.060881,0.998071,0,0.90833,0.61974,54.500,1.239,-1,425.000,-1,400.000,-1,350.000,325.000,300.000,275.000,-1,-1,-1,-1,900.000,850.000,-1,-1,2,0,2,0,2,0,0,0,0,2,2,2,2,0,0,2,2
77,3158.421,10068.661,-60.305,162.147,-0.951980,-0.305993,-0.010114,0.306020,-0.950023,-0.061708,0.009273,-0.061840,0.998043,0,0.91008,0.61527,54.605,1.231,-1,425.000,-1,400.000,-1,350.000,325.000,300.000,275.000,-1,-1,-1,-1,900.000,875.000,-1,-1,2,0,2,0,2,0,0,0,0,2,2,2,2,0,0,2,2
78,3105.998,10084.320,-60.147,163.368,-0.958254,-0.285666,-0.011996,0.285855,-0.956315,-0.061229,0.006019,-0.062102,0.998052,0,0.91188,0.61077,54.713,1.222,-1,425.000,-1,400.000,-1,325.000,325.000,300.000,275.000,-1,-1,-1,-1,900.000,875.000,-1,-1,2,0,2,0,2,0,0,0,0,2,2,2,2,0,0,2,2
79,3053.149,10098.895,-60.100,164.581,-0.964049,-0.265365,-0.013829,0.265710,-0.962140,-0.060708,0.002805,-0.062200,0.998060,0,0.91371,0.60624,54.823,1.212,-1,400.000,-1,400.000,-1,325.000,325.000,300.000,275.000,-1,-1,-1,-1,900.000,875.000,-1,-1,2,0,2,0,2,0,0,0,0,2,2,2,2,0,0,2,2
80,2999.896,10112.386,-60.161,165.784,-0.969372,-0.245102,-0.015614,0.245598,-0.967504,-0.060146,-0.000365,-0.062139,0.998067,0,0.91558,0.60167,54.935,1.203,-1,400.000,-1,400.000,-1,325.000,325.000,300.000,275.000,-1,-1,-1,-1,900.000,900.000,-1,-1,2,0,2,0,2,0,0,0,0,2,2,2,2,0,0,2,2
81,2946.263,10124.789,-60.325,166.978,-0.974230,-0.224888,-0.017357,0.225530,-0.972415,-0.059547,-0.003487,-0.061927,0.998075,0,0.91749,0.59708,55.049,1.194,-1,400.000,-1,400.000,-1,325.000,325.000,300.000,275.000,-1,-1,-1,-1,875.000,900.000,-1,-1,2,0,2,0,2,0,0,0,0,2,2,2,2,0,0,2,2
82,2889.928,10136.833,-60.592,167.932,-0.977800,-0.208668,-0.019119,0.209445,-0.976046,-0.058887,-0.006374,-0.061584,0.998082,0,0.96014,0.47708,57.608,0.954,-1,400.000,-1,400.000,-1,325.000,325.000,300.000,275.000,-1,-1,-1,-1,875.000,900.000,-1,-1,2,0,2,0,2,0,0,0,0,2,2,2,2,0,0,2,2
83,2831.442,10148.576,-60.948,168.647,-0.980283,-0.196492,-0.020898,0.197394,-0.978597,-0.058161,-0.009022,-0.061140,0.998088,0,0.99422,0.35708,59.653,0.714,-1,425.000,-1,425.000,-1,325.000,325.000,300.000,275.000,-1,-1,-1,-1,875.000,900.000,-1,-1,2,0,2,0,2,0,0,0,0,2,2,2,2,0,0,2,2
84,2772.477,10159.669,-61.378,169.345,-0.982561,-0.184554,-0.022664,0.185575,-0.980952,-0.057395,-0.011639,-0.060600,0.998094,0,1.00000,0.34925,60.000,0.698,-1,425.000,-1,425.000,-1,350.000,325.000,300.000,275.000,-1,-1,-1,-1,875.000,900.000,-1,-1,2,0,2,0,2,0,0,0,0,2,2,2,2,0,0,2,2
85,2713.382,10170.047,-61.877,170.040,-0.984680,-0.172652,-0.024409,0.173787,-0.983156,-0.056597,-0.014226,-0.059972,0.998099,0,1.00000,0.34739,60.000,0.695,-1,425.000,-1,425.000,-1,350.000,350.000,300.000,300.000,-1,-1,-1,-1,875.000,900.000,-1,-1,2,0,2,0,2,0,0,0,0,2,2,2,2,0,1,2,2
86,2654.165,10179.712,-62.565,170.730,-0.986643,-0.160794,-0.026078,0.162042,-0.985178,-0.056277,-0.016642,-0.059751,0.998075,0,1.00000,0.34523,60.000,0.690,-1,425.000,-1,425.000,-1,350.000,350.000,300.000,300.000,-1,-1,-1,-1,875.000,850.000,-1,-1,2,0,2,0,2,0,0,0,0,2,2,2,2,0,1,2,2
87,2594.837,10188.666,-63.777,171.416,-0.988423,-0.148982,-0.028707,0.150430,-0.986945,-0.057540,-0.019760,-0.061192,0.997930,0,1.00000,0.34277,60.000,0.686,-1,425.000,-1,425.000,-1,350.000,350.000,300.000,300.000,-1,-1,-1,-1,875.000,800.000,-1,950.000,2,0,2,0,2,0,0,0,0,2,2,2,2,0,1,2,1
88,2535.408,10196.917,-65.633,172.096,-0.990045,-0.137266,-0.031144,0.138861,-0.988688,-0.056686,-0.023011,-0.060446,0.997906,0,1.00000,0.33997,60.000,0.680,-1,425.000,-1,425.000,-1,350.000,350.000,275.000,300.000,-1,-1,-1,-1,850.000,750.000,-1,875.000,2,0,2,0,2,0,0,0,0,2,2,2,2,0,1,2,1
89,2475.885,10204.469,-67.644,172.769,-0.991501,-0.125641,-0.033779,0.127379,-0.990302,-0.055468,-0.026482,-0.059300,0.997889,0,1.00000,0.33682,60.000,0.674,-1,425.000,-1,425.000,925.000,350.000,350.000,275.000,300.000,-1,-1,-1,-1,850.000,675.000,-1,800.000,2,0,2,0,1,0,0,0,0,2,2,2,2,0,1,2,1
90,2416.278,10211.328,-69.714,173.436,-0.992800,-0.114120,-0.036390,0.115990,-0.991767,-0.054271,-0.029897,-0.058101,0.997863,0,1.00000,0.33329,60.000,0.667,-1,425.000,-1,425.000,825.000,350.000,350.000,275.000,300.000,-1,-1,-1,-1,825.000,625.000,-1,725.000,2,0,2,0,1,0,0,0,0,2,2,2,2,0,1,2,1
91,2356.597,10217.502,-71.839,174.095,-0.993947,-0.102717,-0.038980,0.104710,-0.993085,-0.053092,-0.033257,-0.056852,0.997829,0,1.00000,0.32937,60.000,0.659,-1,400.000,-1,425.000,725.000,325.000,325.000,275.000,300.000,-1,-1,-1,-1,825.000,575.000,-1,650.000,2,0,2,0,1,0,0,0,0,2,2,2,2,0,1,2,1
92,2296.849,10222.998,-74.018,174.745,-0.994943,-0.091450,-0.041548,0.093556,-0.994259,-0.051932,-0.036561,-0.055557,0.997786,0,1.00000,0.32503,60.000,0.650,-1,400.000,-1,425.000,650.000,325.000,325.000,275.000,300.000,-1,-1,-1,-1,800.000,525.000,-1,600.000,2,0,2,1,1,0,0,0,0,2,2,2,2,0,1,2,1
93,2237.043,10227.826,-76.246,175.385,-0.995792,-0.080337,-0.044097,0.082546,-0.995292,-0.050790,-0.039809,-0.054216,0.997735,0,1.00000,0.32022,60.000,0.640,-1,400.000,-1,375.000,575.000,325.000,325.000,275.000,300.000,-1,-1,-1,-1,800.000,500.000,-1,525.000,2,0,2,1,1,1,1,0,0,2,2,2,2,0,1,2,1
94,2177.188,10231.996,-78.520,176.015,-0.996499,-0.069396,-0.046627,0.071698,-0.996189,-0.049665,-0.043003,-0.052834,0.997677,0,1.00000,0.31493,60.000,0.630,-1,400.000,-1,350.000,500.000,325.000,300.000,300.000,300.000,-1,-1,-1,-1,775.000,450.000,-1,450.000,2,0,2,1,1,1,1,0,0,2,2,2,2,0,1,2,1
95,2117.292,10235.520,-80.838,176.633,-0.997069,-0.058648,-0.049139,0.061034,-0.996954,-0.048556,-0.046142,-0.051413,0.997611,0,1.00000,0.30910,60.000,0.618,-1,400.000,-1,325.000,425.000,325.000,300.000,300.000,300.000,-1,-1,-1,-1,775.000,400.000,-1,400.000,2,0,2,1,1,1,1,0,0,2,2,2,2,0,1,2,1
96,2057.362,10238.411,-83.196,177.239,-0.997506,-0.048114,-0.051636,0.050575,-0.997592,-0.047463,-0.049228,-0.049956,0.997537,0,1.00000,0.30270,60.000,0.605,-1,400.000,-1,300.000,350.000,325.000,275.000,300.000,300.000,-1,-1,-1,-1,775.000,375.000,-1,325.000,2,0,2,1,1,1,1,0,0,2,2,2,2,0,1,2,1
97,1997.404,10240.684,-85.590,177.830,-0.997818,-0.037818,-0.054117,0.040345,-0.998109,-0.046385,-0.052261,-0.048467,0.997457,0,1.00000,0.29568,60.000,0.591,-1,400.000,-1,275.000,275.000,325.000,250.000,300.000,300.000,-1,-1,-1,-1,750.000,350.000,-1,275.000,2,0,2,1,1,1,1,0,0,2,2,2,2,0,1,2,1
98,1937.428,10242.349,-86.782,178.406,-0.998365,-0.027775,-0.049950,0.030411,-0.998141,-0.052810,-0.048391,-0.054243,0.997355,0,1.00000,0.28797,60.000,0.576,-1,400.000,-1,250.000,225.000,325.000,250.000,300.000,325.000,-1,-1,-1,-1,775.000,325.000,-1,225.000,2,0,2,1,1,1,1,0,0,2,2,2,2,0,1,2,1
99,1877.440,10243.418,-84.672,178.965,-0.999249,-0.018013,-0.034298,0.020464,-0.997157,-0.072519,-0.032894,-0.073166,0.996777,0,1.00000,0.27953,60.000,0.559,-1,450.000,-1,250.000,200.000,350.000,250.000,275.000,375.000,-1,-1,-1,-1,850.000,325.000,-1,200.000,2,0,2,1,1,1,1,0,0,2,2,2,2,0,1,2,1
100,1817.443,10243.918,-82.686,179.506,-0.999791,-0.008592,-0.018540,0.010255,-0.995745,-0.091576,-0.017674,-0.091747,0.995625,0,1.00000,0.27027,60.000,0.541,-1,475.000,-1,250.000,200.000,400.000,275.000,275.000,425.000,-1,650.000,-1,-1,950.000,350.000,-1,200.000,2,0,2,1,1,1,1,0,0,2,0,2,2,0,1,2,1
101,1757.444,10243.871,-80.843,180.026,-0.999996,0.000449,-0.002785,-0.000140,-0.993940,-0.109927,-0.002817,-0.109926,0.993936,0,1.00000,0.26012,60.000,0.520,-1,525.000,-1,275.000,175.000,425.000,275.000,250.000,475.000,850.000,175.000,375.000,-1,-1,350.000,-1,175.000,2,0,2,1,1,1,1,0,0,0,0,0,2,2,1,2,1
102,1697.447,10243.301,-79.161,180.524,-0.999876,0.009068,0.012861,-0.010635,-0.991778,-0.127525,0.011599,-0.127646,0.991752,0,1.00000,0.24900,60.000,0.498,-1,550.000,-1,275.000,150.000,475.000,300.000,250.000,550.000,550.000,125.000,250.000,-1,-1,375.000,-1,175.000,2,0,2,1,1,1,1,0,0,0,0,0,2,2,1,2,1
103,1637.457,10242.232,-77.656,180.997,-0.999451,0.017225,0.028300,-0.021137,-0.989302,-0.144341,0.025511,-0.144859,0.989123,0,1.00000,0.23682,60.000,0.474,-1,575.000,-1,300.000,150.000,525.000,325.000,225.000,475.000,425.000,75.000,225.000,-1,-1,400.000,-1,175.000,2,0,2,1,1,0,1,0,1,0,0,0,2,2,1,2,1
104,1577.471,10240.917,-76.250,181.231,-0.998841,0.021202,0.043219,-0.027908,-0.986557,-0.161017,0.039224,-0.162037,0.986005,0,1.00000,0.11682,60.000,0.234,-1,625.000,-1,300.000,125.000,550.000,350.000,225.000,400.000,325.000,50.000,200.000,-1,-1,525.000,-1,150.000,2,0,2,1,1,0,1,0,1,0,0,0,2,2,1,2,1
105,1517.483,10239.604,-74.844,181.225,-0.998115,0.021027,0.057657,-0.031007,-0.983527,-0.178079,0.052963,-0.179531,0.982326,0,1.00000,-0.00318,60.000,-0.006,-1,650.000,-1,350.000,125.000,600.000,425.000,225.000,325.000,275.000,50.000,200.000,-1,-1,650.000,-1,150.000,2,0,2,1,1,0,1,0,1,0,0,0,2,2,1,2,1
106,-327.966,-8199.152,-238.309,-27.008,0.890944,0.454072,-0.006150,-0.454114,0.890865,-0.011809,0.000117,0.013314,0.999911,1,0.00000,0.00000,60.000,-0.246,-1,400.000,-1,400.000,-1,325.000,325.000,300.000,300.000,-1,-1,-1,-1,750.000,750.000,-1,-1,2,0,2,0,2,0,0,0,0,2,2,2,2,0,0,2,2
107,-323.698,-8201.349,-238.319,-27.248,0.889034,0.457800,-0.006135,-0.457841,0.888956,-0.011752,0.000073,0.013257,0.999912,0,0.08000,-0.12000,4.800,-0.240,-1,400.000,-1,400.000,-1,325.000,325.000,300.000,300.000,-1,-1,-1,-1,750.000,725.000,-1,-1,2,0,2,0,2,0,0,0,0,2,2,2,2,0,0,2,2
108,-315.178,-8205.773,-238.335,-27.441,0.887484,0.460798,-0.006119,-0.460839,0.887407,-0.011652,0.000060,0.013161,0.999913,0,0.16000,-0.09669,9.600,-0.193,-1,400.000,-1,400.000,-1,325.000,325.000,300.000,300.000,-1,-1,-1,-1,750.000,725.000,-1,-1,2,0,2,0,2,0,0,0,0,2,2,2,2,0,0,2,2
109,-302.421,-8212.452,-238.358,-27.632,0.885948,0.463745,-0.006095,-0.463785,0.885873,-0.011506,0.000063,0.013020,0.999915,0,0.24000,-0.09518,14.400,-0.190,-1,400.000,-1,400.000,-1,325.000,325.000,300.000,300.000,-1,-1,-1,-1,750.000,725.000,-1,-1,2,0,2,0,2,0,0,0,0,2,2,2,2,0,0,2,2
110,-285.440,-8221.412,-238.389,-27.817,0.884439,0.466617,-0.006058,-0.466656,0.884366,-0.011310,0.000080,0.012830,0.999918,0,0.32000,-0.09293,19.200,-0.186,-1,400.000,-1,400.000,-1,325.000,325.000,300.000,300.000,-1,-1,-1,-1,750.000,725.000,-1,-1,2,0,2,0,2,0,0,0,0,2,2,2,2,0,0,2,2
111,-264.248,-8232.678,-238.430,-27.997,0.882969,0.469393,-0.006001,-0.469432,0.882900,-0.011062,0.000106,0.012584,0.999921,0,0.40000,-0.08995,24.000,-0.180,-1,400.000,-1,400.000,-1,325.000,325.000,300.000,300.000,-1,-1,-1,-1,750.000,725.000,-1,-1,2,0,2,0,2,0,0,0,0,2,2,2,2,0,0,2,2
112,-238.860,-8246.274,-238.482,-28.170,0.881551,0.472052,-0.005916,-0.472089,0.881485,-0.010759,0.000136,0.012277,0.999925,0,0.48000,-0.08627,28.800,-0.173,-1,400.000,-1,400.000,-1,325.000,325.000,300.000,300.000,-1,-1,-1,-1,750.000,725.000,-1,-1,2,0,2,0,2,0,0,0,0,2,2,2,2,0,0,2,2
113,-209.285,-8262.221,-238.546,-28.334,0.880198,0.474572,-0.005793,-0.474607,0.880136,-0.010396,0.000164,0.011900,0.999929,0,0.56000,-0.08189,33.600,-0.164,-1,400.000,-1,400.000,-1,325.000,325.000,300.000,300.000,-1,-1,-1,-1,750.000,725.000,-1,-1,2,0,2,0,2,0,0,0,0,2,2,2,2,0,0,2,2
114,-175.534,-8280.536,-238.625,-28.487,0.878922,0.476933,-0.005620,-0.476966,0.878865,-0.009971,0.000184,0.011444,0.999934,0,0.64000,-0.07682,38.400,-0.154,-1,400.000,-1,400.000,-1,325.000,325.000,300.000,300.000,-1,-1,-1,-1,750.000,725.000,-1,-1,2,0,2,0,2,0,0,0,0,2,2,2,2,0,0,2,2
115,-137.707,-8301.402,-238.550,-28.881,0.875624,0.482959,-0.005764,-0.482993,0.875566,-0.010070,0.000183,0.011601,0.999933,0,0.72000,-0.19682,43.200,-0.394,-1,400.000,-1,400.000,-1,325.000,325.000,300.000,300.000,-1,-1,-1,-1,750.000,725.000,-1,-1,2,0,2,0,2,0,0,0,0,2,2,2,2,0,0,2,2
116,-95.936,-8325.049,-238.475,-29.515,0.870229,0.492611,-0.005930,-0.492647,0.870170,-0.010159,0.000156,0.011762,0.999931,0,0.80000,-0.31682,48.000,-0.634,-1,400.000,-1,400.000,-1,325.000,325.000,300.000,300.000,-1,-1,-1,-1,750.000,725.000,-1,-1,2,0,2,0,2,0,0,0,0,2,2,2,2,0,0,2,2
117,-52.531,-8350.493,-238.382,-30.379,0.862694,0.505688,-0.006231,-0.505727,0.862633,-0.010265,0.000184,0.012007,0.999928,0,0.83856,-0.43245,50.314,-0.865,-1,400.000,-1,400.000,-1,325.000,325.000,300.000,300.000,-1,-1,-1,-1,775.000,725.000,-1,-1,2,0,2,0,2,0,0,0,0,2,2,2,2,0,0,2,2
118,-9.493,-8376.609,-238.310,-31.250,0.854912,0.518732,-0.006499,-0.518773,0.854850,-0.010305,0.000210,0.012181,0.999926,0,0.83903,-0.43517,50.342,-0.870,-1,400.000,-1,400.000,-1,325.000,325.000,300.000,300.000,-1,-1,-1,-1,775.000,725.000,-1,-1,2,0,2,0,2,0,0,0,0,2,2,2,2,0,0,2,2
119,33.177,-8403.403,-238.267,-32.126,0.846878,0.531746,-0.006695,-0.531788,0.846815,-0.010265,0.000211,0.012253,0.999925,0,0.83975,-0.43818,50.385,-0.876,-1,400.000,-1,400.000,-1,325.000,325.000,300.000,300.000,-1,-1,-1,-1,775.000,700.000,-1,-1,2,0,2,0,2,0,0,0,0,2,2,2,2,0,0,2,2
120,75.479,-8430.884,-238.252,-33.009,0.838583,0.544732,-0.006809,-0.544774,0.838521,-0.010146,0.000183,0.012217,0.999925,0,0.84073,-0.44146,50.444,-0.883,-1,400.000,-1,375.000,-1,325.000,325.000,300.000,300.000,-1,-1,-1,-1,775.000,700.000,-1,-1,2,0,2,0,2,0,0,0,0,2,2,2,2,0,0,2,2
121,117.372,-8459.029,-238.250,-33.895,0.830064,0.557627,-0.006766,-0.557668,0.830005,-0.009926,0.000080,0.012012,0.999928,0,0.84116,-0.44276,50.470,-0.886,-1,400.000,-1,375.000,-1,325.000,325.000,300.000,300.000,-1,-1,-1,-1,775.000,700.000,-1,-1,2,0,2,0,2,0,0,0,0,2,2,2,2,0,0,2,2
122,158.825,-8487.819,-238.118,-34.780,0.821344,0.570394,-0.006717,-0.570433,0.821296,-0.008848,0.000470,0.011098,0.999938,0,0.84116,-0.44276,50.470,-0.886,-1,400.000,-1,375.000,-1,325.000,325.000,300.000,300.000,-1,-1,-1,-1,775.000,700.000,-1,-1,2,0,2,0,2,0,0,0,0,2,2,2,2,0,0,2,2
123,199.828,-8517.245,-237.913,-35.666,0.812426,0.583027,-0.006607,-0.583064,0.812395,-0.007187,0.001178,0.009691,0.999952,0,0.84116,-0.44276,50.470,-0.886,-1,400.000,-1,375.000,-1,325.000,325.000,300.000,300.000,-1,-1,-1,-1,775.000,700.000,-1,-1,2,0,2,0,2,0,0,0,0,2,2,2,2,0,0,2,2
124,236.629,-8544.290,-237.785,-36.311,0.805802,0.592150,-0.006424,-0.592182,0.805784,-0.005754,0.001769,0.008441,0.999963,0,0.76116,-0.32276,45.670,-0.646,-1,400.000,-1,375.000,-1,325.000,325.000,300.000,300.000,-1,-1,-1,-1,775.000,700.000,-1,-1,2,0,2,0,2,0,0,0,0,2,2,2,2,0,0,2,2
125,273.208,-8571.572,-237.695,-36.717,0.801589,0.597844,-0.006192,-0.597871,0.801580,-0.004340,0.002369,0.007181,0.999971,0,0.76054,-0.20276,45.633,-0.406,-1,400.000,-1,375.000,-1,325.000,325.000,300.000,300.000,-1,-1,-1,-1,750.000,700.000,-1,-1,2,0,2,0,2,0,0,0,0,2,2,2,2,0,0,2,2
126,309.687,-8598.988,-237.633,-36.927,0.799388,0.600786,-0.005928,-0.600807,0.799388,-0.002910,0.002990,0.005888,0.999978,0,0.76054,-0.10510,45.633,-0.210,-1,400.000,-1,375.000,-1,325.000,325.000,300.000,300.000,-1,-1,-1,-1,750.000,700.000,-1,-1,2,0,2,0,2,0,0,0,0,2,2,2,2,0,0,2,2
127,346.155,-8626.604,-237.512,-37.136,0.797187,0.603706,-0.005609,-0.603723,0.797192,-0.001872,0.003341,0.004879,0.999983,0,0.76241,-0.10469,45.744,-0.209,-1,400.000,-1,375.000,-1,325.000,325.000,300.000,300.000,-1,-1,-1,-1,750.000,725.000,-1,-1,2,0,2,0,2,0,0,0,0,2,2,2,2,0,0,2,2
128,382.795,-8654.560,-237.372,-37.343,0.795005,0.606581,-0.005242,-0.606593,0.795012,-0.001006,0.003557,0.003980,0.999986,0,0.76812,-0.10336,46.087,-0.207,-1,400.000,-1,375.000,-1,325.000,325.000,300.000,300.000,-1,-1,-1,-1,750.000,725.000,-1,-1,2,0,2,0,2,0,0,0,0,2,2,2,2,0,0,2,2
129,419.608,-8682.856,-237.249,-37.547,0.792843,0.609407,-0.004831,-0.609415,0.792852,-0.000141,0.003744,0.003056,0.999988,0,0.77385,-0.10192,46.431,-0.204,-1,400.000,-1,375.000,-1,325.000,325.000,300.000,300.000,-1,-1,-1,-1,750.000,700.000,-1,-1,2,0,2,0,2,0,0,0,0,2,2,2,2,0,0,2,2
130,456.593,-8711.490,-237.116,-37.748,0.790704,0.612183,-0.004374,-0.612186,0.790713,0.000595,0.003823,0.002207,0.999990,0,0.77957,-0.10037,46.774,-0.201,-1,400.000,-1,375.000,-1,325.000,325.000,300.000,300.000,-1,-1,-1,-1,725.000,700.000,-1,-1,2,0,2,0,2,0,0,0,0,2,2,2,2,0,0,2,2
131,493.751,-8740.464,-237.008,-37.945,0.788592,0.614904,-0.003874,-0.614904,0.788601,0.001373,0.003900,0.001299,0.999992,0,0.78531,-0.09869,47.118,-0.197,-1,400.000,-1,375.000,-1,325.000,325.000,300.000,300.000,-1,-1,-1,-1,725.000,700.000,-1,-1,2,0,2,0,2,0,0,0,0,2,2,2,2,0,0,2,2
132,531.080,-8769.775,-236.926,-38.139,0.786510,0.617568,-0.003330,-0.617564,0.786517,0.002194,0.003974,0.000331,0.999992,0,0.79103,-0.09689,47.462,-0.194,-1,400.000,-1,375.000,-1,325.000,325.000,300.000,300.000,-1,-1,-1,-1,725.000,700.000,-1,-1,2,0,2,0,2,0,0,0,0,2,2,2,2,0,0,2,2
133,568.582,-8799.422,-236.842,-38.329,0.784461,0.620172,-0.002879,-0.620165,0.784466,0.003025,0.004135,-0.000587,0.999991,0,0.79675,-0.09496,47.805,-0.190,-1,375.000,-1,375.000,-1,325.000,325.000,300.000,300.000,-1,-1,-1,-1,700.000,675.000,-1,-1,2,0,2,0,2,0,0,0,0,2,2,2,2,0,0,2,2
134,606.255,-8829.404,-236.664,-38.514,0.782446,0.622712,-0.003009,-0.622701,0.782451,0.003757,0.004693,-0.001066,0.999988,0,0.80246,-0.09288,48.148,-0.186,-1,375.000,-1,375.000,-1,325.000,325.000,300.000,300.000,-1,-1,-1,-1,700.000,675.000,1000.000,-1,2,0,2,0,2,0,0,0,0,2,2,2,2,0,0,1,2
135,647.715,-8862.336,-236.490,-38.460,0.783034,0.621970,-0.003234,-0.621956,0.783039,0.004567,0.005372,-0.001565,0.999984,0,0.88246,0.02712,52.948,0.054,-1,375.000,-1,375.000,-1,325.000,300.000,300.000,300.000,-1,-1,-1,-1,700.000,675.000,950.000,-1,2,0,2,0,2,0,0,0,0,2,2,2,2,0,0,1,2
136,692.122,-8897.238,-235.720,-38.166,0.786217,0.617940,-0.003556,-0.617920,0.786222,0.005426,0.006149,-0.002068,0.999979,0,0.94135,0.14712,56.481,0.294,-1,375.000,-1,375.000,-1,300.000,300.000,300.000,300.000,-1,-1,-1,-1,700.000,675.000,900.000,-1,2,0,2,0,2,0,0,0,0,2,2,2,2,1,0,1,2
137,737.171,-8931.970,-234.955,-37.632,0.791943,0.610582,-0.003932,-0.610555,0.791949,0.006278,0.006947,-0.002571,0.999973,0,0.94805,0.26712,56.883,0.534,-1,375.000,-1,375.000,-1,300.000,300.000,300.000,300.000,-1,-1,-1,-1,675.000,675.000,850.000,-1,2,0,2,0,2,0,0,0,0,2,2,2,2,1,0,1,2
138,783.012,-8966.336,-234.267,-36.858,0.800119,0.599824,-0.004507,-0.599790,0.800126,0.007070,0.007847,-0.002953,0.999965,0,0.95487,0.38712,57.292,0.774,975.000,375.000,-1,375.000,-1,300.000,300.000,300.000,300.000,-1,-1,-1,-1,650.000,675.000,800.000,-1,1,0,2,0,2,0,0,0,0,2,2,2,2,1,0,1,2
