timestep,x_cm,y_cm,z_cm,yaw_deg,basis_xx,basis_xy,basis_xz,basis_yx,basis_yy,basis_yz,basis_zx,basis_zy,basis_zz,teleport_flag,throttle_cmd,steering_cmd,cmd_move_cm,cmd_turn_deg,lidar_cm_0,lidar_cm_1,lidar_cm_2,lidar_cm_3,lidar_cm_4,lidar_cm_5,lidar_cm_6,lidar_cm_7,lidar_cm_8,lidar_cm_9,lidar_cm_10,lidar_cm_11,lidar_cm_12,lidar_cm_13,lidar_cm_14,lidar_cm_15,lidar_cm_16,lidar_class_0,lidar_class_1,lidar_class_2,lidar_class_3,lidar_class_4,lidar_class_5,lidar_class_6,lidar_class_7,lidar_class_8,lidar_class_9,lidar_class_10,lidar_class_11,lidar_class_12,lidar_class_13,lidar_class_14,lidar_class_15,lidar_class_16
0,-2293.933,-2947.257,-11.280,67.559,0.381761,-0.924075,0.018536,0.924259,0.381642,-0.009759,0.001944,0.020858,0.999781,1,0.08000,-0.12000,4.800,-0.240,575.000,400.000,-1,375.000,-1,325.000,325.000,300.000,300.000,-1,-1,-1,-1,700.000,700.000,-1,-1,1,0,2,0,2,0,0,0,0,2,2,2,2,0,0,2,2
1,-2290.194,-2938.415,-11.273,67.079,0.389491,-0.920848,0.018341,0.921028,0.389371,-0.009873,0.001950,0.020738,0.999783,0,0.16000,-0.24000,9.600,-0.480,575.000,375.000,-1,375.000,-1,325.000,325.000,300.000,300.000,-1,-1,-1,-1,700.000,700.000,-1,-1,1,0,2,0,2,0,0,0,0,2,2,2,2,0,0,2,2
2,-2284.420,-2925.224,-11.267,66.359,0.401034,-0.915886,0.018038,0.916061,0.400913,-0.010034,0.001958,0.020548,0.999787,0,0.24000,-0.36000,14.400,-0.720,575.000,375.000,-1,375.000,-1,325.000,325.000,300.000,300.000,-1,-1,-1,-1,675.000,700.000,-1,-1,1,0,2,0,2,0,0,0,0,2,2,2,2,0,0,2,2
3,-2276.427,-2907.766,-11.267,65.399,0.416325,-0.909045,0.017615,0.909214,0.416204,-0.010231,0.001969,0.020275,0.999793,0,0.32000,-0.48000,19.200,-0.960,600.000,375.000,-1,375.000,-1,325.000,325.000,300.000,300.000,-1,-1,-1,-1,675.000,675.000,-1,-1,1,0,2,0,2,0,0,0,0,2,2,2,2,0,0,2,2
4,-2265.981,-2886.159,-11.280,64.199,0.435274,-0.900136,0.017056,0.900296,0.435154,-0.010447,0.001982,0.019903,0.999800,0,0.40000,-0.60000,24.000,-1.200,625.000,375.000,-1,375.000,-1,325.000,325.000,300.000,300.000,-1,-1,-1,-1,675.000,675.000,-1,-1,1,0,2,0,2,0,0,0,0,2,2,2,2,0,0,2,2
5,-2252.832,-2860.536,-11.311,62.835,0.456589,-0.889528,0.016345,0.889676,0.456469,-0.010668,0.002028,0.019413,0.999809,0,0.48000,-0.68223,28.800,-1.364,675.000,375.000,-1,375.000,-1,325.000,300.000,300.000,300.000,-1,-1,-1,-1,675.000,675.000,-1,-1,1,0,2,0,2,0,0,0,0,2,2,2,2,0,0,2,2
6,-2236.791,-2831.012,-11.359,61.483,0.477453,-0.878521,0.015468,0.878655,0.477334,-0.010891,0.002184,0.018790,0.999821,0,0.56000,-0.67594,33.600,-1.352,775.000,375.000,-1,375.000,-1,300.000,300.000,300.000,300.000,-1,-1,-1,-1,675.000,675.000,-1,-1,1,0,2,0,2,0,0,0,0,2,2,2,2,0,0,2,2
7,-2217.675,-2797.708,-11.366,60.145,0.497840,-0.867145,0.014629,0.867265,0.497720,-0.011227,0.002454,0.018277,0.999830,0,0.64000,-0.66892,38.400,-1.338,-1,375.000,-1,375.000,-1,300.000,300.000,300.000,300.000,-1,-1,-1,-1,675.000,675.000,-1,-1,2,0,2,0,2,0,0,0,0,2,2,2,2,0,0,2,2
8,-2195.311,-2760.747,-11.142,58.823,0.517730,-0.855423,0.014396,0.855539,0.517595,-0.012209,0.002992,0.018637,0.999822,0,0.72000,-0.66116,43.200,-1.322,-1,375.000,-1,375.000,-1,300.000,300.000,300.000,300.000,-1,975.000,975.000,-1,650.000,675.000,-1,-1,2,0,2,0,2,0,0,0,0,2,0,0,2,0,0,2,2
9,-2169.533,-2720.257,-10.907,57.518,0.537096,-0.843404,0.014023,0.843513,0.536944,-0.013295,0.003684,0.018969,0.999813,0,0.80000,-0.65268,48.000,-1.305,-1,375.000,-1,375.000,-1,300.000,300.000,300.000,300.000,-1,875.000,900.000,-1,650.000,675.000,-1,-1,2,0,2,0,2,0,0,0,0,2,0,0,2,0,0,2,2
10,-2140.185,-2676.365,-10.420,56.231,0.555935,-0.831110,0.013874,0.831209,0.555739,-0.015683,0.005324,0.020251,0.999781,0,0.88000,-0.64352,52.800,-1.287,-1,375.000,-1,375.000,-1,300.000,300.000,300.000,300.000,-1,775.000,775.000,-1,675.000,675.000,-1,-1,2,0,2,0,2,0,0,0,0,2,0,0,2,0,0,2,2
11,-2109.406,-2632.480,-9.909,54.956,0.574323,-0.818516,0.013599,0.818598,0.574077,-0.018240,0.007123,0.021608,0.999741,0,0.89336,-0.63747,53.601,-1.275,-1,375.000,-1,375.000,-1,300.000,300.000,300.000,300.000,-1,675.000,675.000,-1,675.000,675.000,-1,-1,2,0,2,0,2,0,0,1,0,2,0,0,2,0,0,2,2
12,-2077.889,-2589.598,-9.416,53.685,0.592360,-0.805566,0.013152,0.805624,0.592064,-0.020741,0.008922,0.022882,0.999698,0,0.88698,-0.63512,53.219,-1.270,-1,375.000,-1,375.000,-1,300.000,300.000,275.000,300.000,-1,625.000,625.000,-1,675.000,675.000,-1,-1,2,0,2,0,2,0,0,1,0,2,0,0,2,0,0,2,2
13,-2045.684,-2547.749,-8.939,52.419,0.610055,-0.792260,0.012533,0.792287,0.609709,-0.023160,0.010707,0.024059,0.999653,0,0.88010,-0.63330,52.806,-1.267,-1,375.000,-1,375.000,-1,300.000,300.000,275.000,300.000,-1,575.000,575.000,-1,675.000,675.000,-1,-1,2,0,2,0,2,0,0,1,0,2,0,0,2,0,0,2,2
14,-2012.836,-2506.960,-8.274,51.155,0.627405,-0.778611,0.011351,0.778598,0.627033,-0.024789,0.012184,0.024391,0.999628,0,0.87285,-0.63202,52.371,-1.264,-1,375.000,-1,375.000,-1,300.000,300.000,275.000,300.000,-1,575.000,550.000,-1,675.000,675.000,-1,-1,2,0,2,0,2,0,0,1,0,2,0,0,2,0,0,2,2
15,-1979.386,-2467.248,-7.597,49.892,0.644425,-0.764603,0.009885,0.764543,0.644034,-0.026330,0.013766,0.024525,0.999604,0,0.86536,-0.63127,51.922,-1.263,-1,375.000,-1,375.000,-1,300.000,300.000,275.000,300.000,-1,550.000,550.000,-1,675.000,675.000,-1,-1,2,0,2,0,2,0,0,1,0,2,0,0,2,0,0,2,2
16,-1945.371,-2428.624,-6.940,48.630,0.661124,-0.750231,0.008293,0.750120,0.660719,-0.027773,0.015357,0.024582,0.999580,0,0.85778,-0.63106,51.467,-1.262,-1,375.000,-1,375.000,-1,300.000,300.000,300.000,300.000,-1,550.000,525.000,-1,675.000,700.000,-1,-1,2,0,2,0,2,0,0,1,0,2,0,0,2,0,0,2,2
17,-1910.819,-2391.092,-6.304,47.367,0.677505,-0.735489,0.006581,0.735323,0.677091,-0.029111,0.016955,0.024562,0.999555,0,0.85025,-0.63137,51.015,-1.263,-1,375.000,-1,375.000,-1,300.000,300.000,300.000,300.000,-1,525.000,525.000,-1,675.000,700.000,-1,-1,2,0,2,0,2,0,0,0,0,2,0,0,2,0,0,2,2
18,-1878.915,-2357.655,-5.710,46.345,0.690528,-0.723290,0.004849,0.723069,0.690114,-0.030234,0.018522,0.024383,0.999531,0,0.77025,-0.51137,46.215,-1.023,-1,375.000,-1,375.000,-1,300.000,300.000,300.000,300.000,-1,500.000,525.000,-1,675.000,700.000,-1,-1,2,0,2,0,2,0,0,0,0,2,0,0,2,0,0,2,2
19,-1849.919,-2328.084,-4.907,45.562,0.700346,-0.713795,0.003514,0.713528,0.699931,-0.031208,0.019816,0.024364,0.999507,0,0.69025,-0.39137,41.415,-0.783,-1,375.000,-1,375.000,-1,300.000,300.000,300.000,300.000,-1,500.000,525.000,-1,700.000,700.000,-1,-1,2,0,2,0,2,0,0,0,0,2,0,0,2,0,0,2,2
20,-1822.372,-2300.519,-4.142,45.019,0.707076,-0.707134,0.002261,0.706823,0.706662,-0.032096,0.021098,0.024293,0.999482,0,0.64950,-0.27137,38.970,-0.543,-1,375.000,-1,375.000,-1,300.000,300.000,300.000,300.000,-1,500.000,525.000,-1,700.000,725.000,-1,-1,2,0,2,0,2,0,0,0,0,2,0,0,2,0,0,2,2
21,-1794.856,-2273.273,-3.366,44.716,0.710801,-0.703393,0.001027,0.703035,0.710391,-0.032969,0.022460,0.024156,0.999456,0,0.64539,-0.15137,38.723,-0.303,-1,375.000,-1,375.000,-1,300.000,325.000,300.000,300.000,-1,475.000,525.000,-1,700.000,725.000,-1,-1,2,0,2,0,2,0,0,0,0,2,0,0,2,0,0,2,2
22,-1767.454,-2246.201,-2.471,44.654,0.711574,-0.702611,0.000345,0.702215,0.711157,-0.033905,0.023577,0.024368,0.999425,0,0.64199,-0.03137,38.519,-0.063,-1,375.000,-1,375.000,-1,300.000,325.000,300.000,300.000,-1,500.000,525.000,-1,700.000,725.000,-1,-1,2,0,2,0,2,0,0,0,0,2,0,0,2,0,0,2,2
23,-1740.252,-2219.159,-1.502,44.831,0.709405,-0.704801,-0.000027,0.704372,0.708973,-0.034888,0.024608,0.024730,0.999391,0,0.63928,0.08863,38.357,0.177,-1,375.000,-1,375.000,-1,300.000,325.000,300.000,300.000,-1,525.000,550.000,-1,700.000,725.000,-1,-1,2,0,2,0,2,0,0,0,0,2,0,0,2,0,0,2,2
24,-1713.335,-2192.007,-0.520,45.248,0.704260,-0.709942,-0.000422,0.709474,0.703818,-0.035883,0.025772,0.024972,0.999356,0,0.63722,0.20863,38.233,0.417,-1,375.000,-1,375.000,-1,325.000,325.000,300.000,300.000,-1,525.000,550.000,-1,700.000,725.000,-1,-1,2,0,2,0,2,0,0,0,0,2,0,0,2,0,0,2,2
25,-1686.790,-2164.610,0.481,45.905,0.696077,-0.717966,-0.000826,0.717457,0.695625,-0.036899,0.027067,0.025092,0.999319,0,0.63578,0.32863,38.147,0.657,-1,375.000,-1,375.000,-1,325.000,325.000,300.000,300.000,-1,550.000,550.000,-1,700.000,725.000,-1,-1,2,0,2,0,2,0,0,0,0,2,0,0,2,0,0,2,2
26,-1660.714,-2136.838,1.514,46.803,0.684756,-0.728771,-0.001220,0.728214,0.684296,-0.037987,0.028518,0.025124,0.999277,0,0.63492,0.44863,38.095,0.897,-1,375.000,-1,375.000,-1,325.000,325.000,300.000,300.000,-1,550.000,525.000,-1,700.000,725.000,-1,-1,2,0,2,0,2,0,0,0,0,2,0,0,2,0,0,2,2
27,-1635.207,-2108.569,2.596,47.940,0.670166,-0.742209,-0.001575,0.741598,0.669697,-0.039226,0.030168,0.025120,0.999229,0,0.63458,0.56863,38.075,1.137,-1,375.000,-1,375.000,-1,325.000,325.000,300.000,300.000,-1,575.000,525.000,-1,700.000,725.000,-1,-1,2,0,2,0,2,0,0,0,0,2,0,0,2,0,0,2,2
28,-1610.381,-2079.689,3.720,49.317,0.652141,-0.758096,-0.001908,0.757428,0.651668,-0.040403,0.031873,0.024904,0.999182,0,0.63474,0.68863,38.084,1.377,-1,375.000,-1,375.000,-1,325.000,325.000,300.000,300.000,-1,550.000,525.000,-1,700.000,725.000,-1,-1,2,0,2,0,2,0,0,0,0,2,0,0,2,0,0,2,2
29,-1586.358,-2050.091,4.966,50.935,0.630488,-0.776196,-0.002233,0.775474,0.630021,-0.041407,0.033547,0.024375,0.999140,0,0.63534,0.80863,38.120,1.617,-1,375.000,-1,375.000,-1,325.000,325.000,300.000,300.000,-1,550.000,525.000,-1,725.000,725.000,-1,-1,2,0,2,0,2,0,0,0,0,2,0,0,2,0,0,2,2
30,-1563.269,-2019.683,6.281,52.792,0.605005,-0.796218,-0.002466,0.795434,0.604542,-0.042591,0.035403,0.023807,0.999090,0,0.63635,0.92863,38.181,1.857,-1,375.000,-1,375.000,-1,325.000,325.000,300.000,300.000,-1,550.000,525.000,-1,725.000,725.000,-1,-1,2,0,2,0,2,0,0,0,0,2,0,0,2,0,0,2,2
31,-1541.208,-1988.418,7.633,54.792,0.576853,-0.816844,-0.002620,0.815997,0.576395,-0.043781,0.037272,0.023118,0.999038,0,0.63774,1.00000,38.264,2.000,-1,375.000,-1,375.000,-1,325.000,325.000,300.000,300.000,-1,550.000,500.000,-1,725.000,725.000,-1,-1,2,0,2,0,2,0,0,0,0,2,0,0,2,0,0,2,2
32,-1520.199,-1956.324,9.021,56.792,0.547997,-0.836476,-0.002682,0.835566,0.547546,-0.044977,0.039090,0.022406,0.998984,0,0.63932,1.00000,38.359,2.000,-1,375.000,-1,375.000,-1,325.000,325.000,300.000,300.000,-1,525.000,500.000,-1,725.000,725.000,-1,-1,2,0,2,0,2,0,0,0,0,2,0,0,2,0,0,2,2
33,-1500.275,-1923.436,10.444,58.792,0.518474,-0.855089,-0.002651,0.854117,0.518028,-0.046171,0.040853,0.021674,0.998930,0,0.64087,1.00000,38.452,2.000,-1,375.000,-1,375.000,-1,325.000,325.000,300.000,300.000,-1,525.000,500.000,-1,725.000,725.000,-1,-1,2,0,2,0,2,0,0,0,0,2,0,0,2,0,0,2,2
34,-1481.466,-1889.794,11.940,60.792,0.488314,-0.872664,-0.002600,0.871635,0.487879,-0.047178,0.042439,0.020771,0.998883,0,0.64238,1.00000,38.543,2.000,-1,375.000,-1,375.000,-1,325.000,325.000,300.000,300.000,-1,525.000,525.000,-1,750.000,725.000,-1,-1,2,0,2,0,2,0,0,0,0,2,0,0,2,0,0,2,2
35,-1463.803,-1855.438,13.634,62.792,0.457537,-0.889186,-0.002790,0.888127,0.457141,-0.047461,0.043477,0.019237,0.998869,0,0.64385,1.00000,38.631,2.000,-1,375.000,-1,375.000,-1,325.000,325.000,300.000,300.000,-1,550.000,550.000,-1,750.000,725.000,-1,-1,2,0,2,0,2,0,0,0,0,2,0,0,2,0,0,2,2
36,-1447.313,-1820.409,15.373,64.792,0.426197,-0.904626,-0.003022,0.903536,0.425843,-0.047763,0.044495,0.017626,0.998854,0,0.64528,1.00000,38.717,2.000,-1,375.000,-1,375.000,-1,325.000,325.000,300.000,300.000,-1,575.000,575.000,-1,750.000,725.000,-1,-1,2,0,2,0,2,0,0,0,0,2,0,0,2,0,0,2,2
37,-1432.022,-1784.748,17.204,66.792,0.394324,-0.918965,-0.003518,0.917838,0.394025,-0.048154,0.045638,0.015759,0.998834,0,0.64667,1.00000,38.800,2.000,-1,375.000,-1,375.000,-1,325.000,325.000,300.000,300.000,-1,600.000,600.000,-1,750.000,725.000,-1,-1,2,0,2,0,2,0,0,0,0,2,0,0,2,0,0,2,2
38,-1417.956,-1748.500,19.060,68.792,0.361968,-0.932182,-0.003976,0.931020,0.361723,-0.048568,0.046712,0.013878,0.998812,0,0.64803,1.00000,38.882,2.000,-1,375.000,-1,375.000,-1,325.000,325.000,300.000,300.000,-1,625.000,625.000,-1,750.000,750.000,-1,-1,2,0,2,0,2,0,0,0,0,2,0,0,2,0,0,2,2
39,-1403.412,-1707.311,21.165,70.552,0.333123,-0.942873,-0.004425,0.941674,0.332930,-0.049065,0.047735,0.012178,0.998786,0,0.72803,0.88000,43.682,1.760,-1,400.000,-1,400.000,-1,325.000,325.000,300.000,300.000,-1,650.000,650.000,-1,750.000,750.000,-1,-1,2,0,2,0,2,0,0,0,0,2,0,0,2,0,0,2,2
40,-1389.920,-1665.609,23.293,72.072,0.307955,-0.951389,-0.004824,0.950156,0.307807,-0.049581,0.048656,0.010685,0.998758,0,0.73051,0.76000,43.831,1.520,-1,400.000,-1,400.000,-1,325.000,325.000,300.000,300.000,-1,675.000,675.000,-1,775.000,750.000,-1,-1,2,0,2,0,2,0,0,0,0,2,0,0,2,0,0,2,2
41,-1377.355,-1623.591,25.435,73.352,0.286589,-0.958040,-0.005180,0.956774,0.286482,-0.050109,0.049490,0.009404,0.998730,0,0.73094,0.64000,43.856,1.280,-1,400.000,-1,400.000,-1,325.000,325.000,300.000,300.000,-1,700.000,700.000,-1,775.000,750.000,-1,-1,2,0,2,0,2,0,0,0,0,2,0,0,2,0,0,2,2
42,-1365.553,-1581.345,27.589,74.392,0.269121,-0.963091,-0.005499,0.961794,0.269048,-0.050641,0.050251,0.008340,0.998702,0,0.73106,0.52000,43.864,1.040,-1,400.000,-1,400.000,-1,325.000,325.000,300.000,300.000,-1,725.000,725.000,-1,775.000,775.000,-1,-1,2,0,2,0,2,0,0,0,0,2,0,0,2,0,0,2,2
43,-1354.344,-1538.947,29.750,75.192,0.255621,-0.966760,-0.005788,0.965433,0.255577,-0.051173,0.050951,0.007493,0.998673,0,0.73092,0.40000,43.855,0.800,-1,400.000,-1,400.000,-1,325.000,325.000,300.000,300.000,-1,750.000,750.000,-1,775.000,775.000,-1,-1,2,0,2,0,2,0,0,0,0,2,0,0,2,0,0,2,2
44,-1343.556,-1496.463,31.915,75.752,0.246138,-0.969216,-0.006055,0.967860,0.246117,-0.051702,0.051601,0.006865,0.998644,0,0.73053,0.28000,43.832,0.560,-1,400.000,-1,400.000,-1,325.000,325.000,300.000,300.000,-1,775.000,750.000,-1,775.000,775.000,-1,-1,2,0,2,0,2,0,0,0,0,2,0,0,2,0,0,2,2
45,-1333.117,-1453.929,34.084,76.211,0.238350,-0.971159,-0.006306,0.969774,0.238350,-0.052226,0.052223,0.006333,0.998615,0,0.72994,0.22939,43.797,0.459,-1,400.000,-1,400.000,-1,325.000,325.000,300.000,300.000,-1,775.000,775.000,-1,775.000,775.000,-1,-1,2,0,2,0,2,0,0,0,0,2,0,0,2,0,0,2,2
46,-1323.023,-1411.348,36.256,76.665,0.230628,-0.973020,-0.006542,0.971607,0.230647,-0.052746,0.052832,0.005809,0.998587,0,0.72935,0.22701,43.761,0.454,-1,400.000,-1,400.000,-1,325.000,325.000,300.000,300.000,-1,800.000,800.000,-1,800.000,800.000,-1,-1,2,0,2,0,2,0,0,0,0,2,0,0,2,0,0,2,2
47,-1313.270,-1368.716,38.470,77.114,0.222985,-0.974800,-0.006577,0.973364,0.223015,-0.053173,0.053300,0.005455,0.998564,0,0.72889,0.22452,43.733,0.449,-1,400.000,-1,400.000,-1,325.000,325.000,300.000,300.000,-1,825.000,825.000,-1,800.000,800.000,-1,-1,2,0,2,0,2,0,0,0,0,2,0,0,2,0,0,2,2
48,-1303.851,-1326.029,40.670,77.557,0.215415,-0.976500,-0.006594,0.975062,0.215458,-0.053212,0.053382,0.005033,0.998561,0,0.72856,0.22192,43.713,0.444,-1,400.000,-1,400.000,-1,325.000,325.000,300.000,300.000,-1,875.000,850.000,-1,825.000,800.000,-1,-1,2,0,2,0,2,0,0,0,0,2,0,0,2,0,0,2,2
49,-1294.762,-1283.284,42.869,77.996,0.207926,-0.978122,-0.006600,0.976688,0.207980,-0.053150,0.053360,0.004605,0.998565,0,0.72835,0.21921,43.701,0.438,-1,400.000,-1,400.000,-1,325.000,325.000,300.000,300.000,-1,900.000,900.000,-1,825.000,800.000,-1,-1,2,0,2,0,2,0,0,0,0,2,0,0,2,0,1,2,2
50,-1285.698,-1239.002,45.176,78.432,0.200455,-0.979680,-0.006661,0.978267,0.200524,-0.052770,0.053033,0.004062,0.998584,0,0.75332,0.21819,45.199,0.436,-1,400.000,-1,400.000,-1,325.000,325.000,300.000,300.000,-1,975.000,950.000,-1,825.000,775.000,-1,-1,2,0,2,0,2,0,0,0,0,2,0,0,2,0,1,2,2
51,-1276.987,-1194.730,47.409,78.868,0.192997,-0.981178,-0.006418,0.979798,0.193066,-0.052164,0.052421,0.003779,0.998618,0,0.75203,0.21793,45.122,0.436,-1,400.000,-1,400.000,-1,325.000,325.000,300.000,300.000,-1,-1,-1,-1,825.000,750.000,-1,975.000,2,0,2,0,2,0,0,0,0,2,2,2,2,0,1,2,1
52,-1268.626,-1150.466,49.639,79.303,0.185541,-0.982617,-0.006183,0.981270,0.185611,-0.051553,0.051804,0.003498,0.998651,0,0.75077,0.21752,45.046,0.435,-1,400.000,-1,400.000,975.000,325.000,325.000,300.000,300.000,-1,-1,-1,-1,850.000,725.000,-1,925.000,2,0,2,0,1,0,0,0,0,2,2,2,2,0,1,2,1
53,-1260.613,-1106.214,51.864,79.737,0.178093,-0.983996,-0.005955,0.982682,0.178164,-0.050937,0.051183,0.003220,0.998684,0,0.74953,0.21698,44.972,0.434,-1,400.000,-1,400.000,925.000,325.000,325.000,300.000,300.000,-1,-1,-1,-1,850.000,700.000,-1,875.000,2,0,2,0,1,0,0,0,0,2,2,2,2,0,1,2,1
54,-1252.947,-1061.973,54.084,80.170,0.170658,-0.985314,-0.005734,0.984032,0.170729,-0.050317,0.050557,0.002944,0.998717,0,0.74834,0.21630,44.900,0.433,-1,400.000,-1,400.000,875.000,325.000,325.000,300.000,300.000,-1,-1,-1,-1,850.000,675.000,-1,825.000,2,0,2,0,1,0,0,0,0,2,2,2,2,0,1,2,1
55,-1244.735,-1013.517,56.515,80.381,0.167030,-0.985936,-0.005508,0.984691,0.167096,-0.049633,0.049856,0.002867,0.998752,0,0.81913,0.10560,49.148,0.211,-1,400.000,-1,400.000,800.000,325.000,325.000,300.000,300.000,-1,-1,-1,-1,850.000,650.000,-1,775.000,2,0,2,0,1,0,0,0,0,2,2,2,2,0,1,2,1
56,-1236.647,-964.742,58.960,80.585,0.163526,-0.986525,-0.005284,0.985314,0.163588,-0.048941,0.049146,0.002797,0.998788,0,0.82401,0.10192,49.440,0.204,-1,400.000,-1,400.000,750.000,325.000,325.000,300.000,300.000,-1,-1,-1,-1,875.000,650.000,-1,725.000,2,0,2,0,1,0,0,0,0,2,2,2,2,0,1,2,1
57,-1228.680,-915.659,61.416,80.781,0.160155,-0.987079,-0.005061,0.985903,0.160212,-0.048240,0.048428,0.002736,0.998823,0,0.82876,0.09800,49.726,0.196,-1,400.000,-1,400.000,700.000,325.000,325.000,300.000,300.000,-1,-1,-1,-1,875.000,625.000,-1,675.000,2,0,2,1,1,0,0,0,0,2,2,2,2,0,1,2,1
58,-1220.831,-866.278,63.885,80.968,0.156927,-0.987598,-0.004841,0.986458,0.156979,-0.047531,0.047701,0.002683,0.998858,0,0.83336,0.09381,50.001,0.188,-1,400.000,-1,400.000,650.000,325.000,325.000,300.000,300.000,-1,-1,-1,-1,875.000,600.000,-1,650.000,2,0,2,1,1,0,0,0,0,2,2,2,2,0,1,2,1
59,-1213.095,-816.609,66.366,81.147,0.153851,-0.988083,-0.004623,0.986977,0.153898,-0.046814,0.046967,0.002640,0.998893,0,0.83778,0.08934,50.267,0.179,-1,425.000,-1,400.000,575.000,325.000,325.000,300.000,300.000,-1,-1,-1,-1,900.000,575.000,-1,600.000,2,0,2,1,1,0,0,0,0,2,2,2,2,0,1,2,1
60,-1205.950,-768.424,68.768,81.566,0.146627,-0.989182,-0.004423,0.988110,0.146674,-0.046111,0.046261,0.002391,0.998927,0,0.81187,0.20934,48.712,0.419,-1,425.000,-1,375.000,525.000,325.000,325.000,300.000,300.000,-1,-1,-1,-1,900.000,575.000,-1,550.000,2,0,2,1,1,0,0,0,0,2,2,2,2,0,1,2,1
61,-1199.331,-719.945,71.180,82.224,0.135240,-0.990804,-0.004242,0.989765,0.135293,-0.045398,0.045555,0.001941,0.998960,0,0.81548,0.32934,48.929,0.659,-1,425.000,-1,375.000,475.000,350.000,325.000,300.000,300.000,-1,-1,-1,-1,925.000,550.000,-1,500.000,2,0,2,1,1,0,0,0,0,2,2,2,2,0,1,2,1
62,-1193.421,-671.191,73.464,83.089,0.120233,-0.992735,-0.004629,0.991736,0.120320,-0.044525,0.044758,0.000762,0.998998,0,0.81852,0.43250,49.111,0.865,-1,425.000,-1,375.000,450.000,350.000,350.000,300.000,300.000,-1,-1,-1,-1,925.000,550.000,-1,475.000,2,0,2,1,1,0,0,0,0,2,2,2,2,0,1,2,1
63,-1188.222,-622.214,75.474,83.940,0.105406,-0.994411,-0.005993,0.993477,0.105567,-0.043123,0.043514,-0.001409,0.999052,0,0.82087,0.42538,49.252,0.851,-1,425.000,-1,375.000,400.000,350.000,350.000,300.000,300.000,-1,-1,-1,-1,925.000,550.000,-1,450.000,2,0,2,1,1,0,0,0,0,2,2,2,2,0,1,2,1
64,-1183.727,-573.058,77.791,84.776,0.090763,-0.995835,-0.008662,0.994914,0.091054,-0.043078,0.043688,-0.004708,0.999034,0,0.82269,0.41776,49.362,0.836,-1,425.000,-1,375.000,375.000,350.000,350.000,300.000,300.000,-1,-1,-1,-1,950.000,550.000,-1,425.000,2,0,2,1,1,0,0,0,0,2,2,2,2,0,1,2,1
65,-1179.930,-523.769,80.093,85.595,0.076386,-0.997015,-0.011278,0.996115,0.076805,-0.043082,0.043820,-0.007944,0.999008,0,0.82392,0.40963,49.435,0.819,-1,425.000,-1,375.000,325.000,350.000,350.000,300.000,325.000,-1,-1,-1,-1,950.000,550.000,-1,400.000,2,0,2,1,1,0,0,0,0,2,2,2,2,0,1,2,1
66,-1176.821,-474.397,82.359,86.397,0.062301,-0.997963,-0.013751,0.997094,0.062840,-0.043067,0.043843,-0.011027,0.998978,0,0.82449,0.40098,49.470,0.802,-1,425.000,-1,400.000,300.000,350.000,350.000,300.000,325.000,-1,-1,-1,-1,975.000,550.000,-1,375.000,2,0,2,1,1,0,0,0,0,2,2,2,2,0,1,2,1
67,-1174.388,-424.996,84.563,87.181,0.048537,-0.998693,-0.015995,0.997865,0.049184,-0.042965,0.043696,-0.013875,0.998949,0,0.82435,0.39181,49.461,0.784,-1,425.000,-1,400.000,300.000,350.000,350.000,275.000,325.000,-1,-1,-1,-1,975.000,575.000,-1,375.000,2,0,2,1,1,0,0,0,0,2,2,2,2,0,1,2,1
68,-1172.617,-375.621,86.684,87.945,0.035119,-0.999222,-0.017935,0.998444,0.035858,-0.042707,0.043317,-0.016408,0.998927,0,0.82344,0.38212,49.406,0.764,-1,425.000,-1,400.000,275.000,350.000,375.000,275.000,325.000,-1,-1,-1,-1,975.000,600.000,-1,350.000,2,0,2,1,1,0,0,0,0,2,2,2,2,0,1,2,1
69,-1171.489,-326.333,88.700,88.689,0.022074,-0.999566,-0.019507,0.998846,0.022882,-0.042225,0.042653,-0.018552,0.998918,0,0.82169,0.37192,49.302,0.744,-1,450.000,-1,425.000,250.000,350.000,375.000,275.000,300.000,-1,-1,-1,-1,1000.000,650.000,-1,350.000,2,0,2,1,1,0,0,0,1,2,2,2,2,0,1,2,1
70,-1170.984,-277.191,90.594,89.411,0.009426,-0.999742,-0.020651,0.999088,0.010276,-0.041453,0.041654,-0.020242,0.998927,0,0.81907,0.36123,49.144,0.722,-1,450.000,-1,425.000,225.000,375.000,375.000,275.000,275.000,-1,-1,-1,-1,1000.000,675.000,-1,325.000,2,0,2,1,1,0,0,0,1,2,2,2,2,0,1,2,1
71,-1171.079,-228.259,92.348,90.111,-0.002803,-0.999769,-0.021322,0.999185,-0.001941,-0.040328,0.040277,-0.021417,0.998959,0,0.81553,0.35008,48.932,0.700,-1,450.000,-1,450.000,225.000,375.000,375.000,275.000,250.000,-1,-1,-1,-1,975.000,700.000,-1,325.000,2,0,2,1,1,0,0,0,1,2,2,2,2,1,1,2,1
72,-1171.749,-179.601,93.946,90.788,-0.014595,-0.999663,-0.021480,0.999153,-0.013754,-0.038793,0.038484,-0.022028,0.999016,0,0.81106,0.33852,48.663,0.677,-1,450.000,-1,450.000,200.000,375.000,375.000,275.000,225.000,-1,-1,-1,-1,975.000,750.000,-1,450.000,2,0,2,1,1,0,0,0,1,2,2,2,2,1,1,2,1
73,-1172.965,-131.278,95.376,91.441,-0.025938,-0.999441,-0.021098,0.999006,-0.025150,-0.036796,0.036245,-0.022031,0.999100,0,0.80563,0.32660,48.338,0.653,-1,450.000,-1,475.000,200.000,375.000,375.000,275.000,200.000,-1,-1,-1,-1,950.000,775.000,-1,825.000,2,0,2,1,1,0,0,0,1,2,2,2,2,1,1,2,1
74,-1174.698,-83.353,96.628,92.070,-0.036822,-0.999119,-0.020156,0.998759,-0.036117,-0.034292,0.033534,-0.021394,0.999209,0,0.79929,0.31441,47.957,0.629,-1,450.000,-1,475.000,200.000,375.000,375.000,300.000,175.000,-1,-1,-1,-1,950.000,800.000,-1,850.000,2,0,2,1,1,0,0,0,1,2,2,2,2,1,1,2,1
75,-1176.915,-35.881,97.693,92.674,-0.047246,-0.998709,-0.018643,0.998423,-0.046650,-0.031244,0.030334,-0.020090,0.999338,0,0.79206,0.30202,47.524,0.604,-1,450.000,-1,500.000,225.000,375.000,375.000,300.000,175.000,-1,-1,-1,-1,925.000,775.000,-1,825.000,2,0,2,1,1,0,0,0,1,2,2,2,2,1,1,2,1
76,-1179.584,11.085,98.401,93.253,-0.057178,-0.998232,-0.016249,0.998050,-0.056744,-0.026016,0.025048,-0.017705,0.999529,0,0.78403,0.28955,47.042,0.579,-1,450.000,-1,500.000,250.000,375.000,375.000,300.000,150.000,-1,-1,-1,-1,900.000,725.000,-1,775.000,2,0,2,0,1,0,0,0,1,2,2,2,2,1,1,2,1
77,-1182.687,57.497,98.161,93.825,-0.066976,-0.997648,-0.014570,0.997592,-0.066694,-0.019054,0.018038,-0.015811,0.999712,0,0.77528,0.28558,46.517,0.571,-1,425.000,-1,475.000,250.000,350.000,375.000,300.000,150.000,-1,-1,-1,-1,850.000,700.000,-1,725.000,2,0,2,0,1,0,0,0,1,2,2,2,2,1,1,2,1
78,-1186.206,103.316,97.820,94.392,-0.076723,-0.996967,-0.013058,0.996993,-0.076569,-0.011917,0.010881,-0.013934,0.999844,0,0.76590,0.28362,45.954,0.567,-1,425.000,-1,450.000,275.000,350.000,350.000,300.000,125.000,-1,-1,-1,-1,800.000,650.000,-1,675.000,2,0,2,0,1,0,0,0,1,2,2,2,2,1,1,2,1
79,-1190.125,148.508,97.420,94.956,-0.086436,-0.996192,-0.011448,0.996250,-0.086385,-0.004808,0.003800,-0.011821,0.999923,0,0.75602,0.28211,45.361,0.564,-1,400.000,975.000,450.000,275.000,325.000,350.000,300.000,125.000,-1,-1,-1,-1,750.000,625.000,-1,625.000,2,0,1,0,1,0,0,0,1,2,2,2,2,1,1,2,1
80,-1194.428,193.047,96.952,95.518,-0.096131,-0.995321,-0.009697,0.995364,-0.096157,0.002233,-0.003155,-0.009437,0.999950,0,0.74578,0.28105,44.747,0.562,-1,400.000,900.000,425.000,300.000,325.000,325.000,300.000,125.000,-1,-1,-1,-1,725.000,575.000,-1,575.000,2,0,1,0,1,0,0,0,1,2,2,2,2,1,1,2,1
81,-1199.100,236.921,97.215,96.079,-0.105824,-0.994329,-0.010509,0.994356,-0.105895,0.006454,-0.007530,-0.009766,0.999924,0,0.73536,0.28045,44.122,0.561,-1,375.000,875.000,425.000,325.000,325.000,325.000,275.000,125.000,-1,-1,-1,-1,700.000,525.000,-1,525.000,2,0,1,0,1,0,0,0,1,2,2,2,2,1,1,2,1
82,-1204.130,280.124,97.700,96.640,-0.115501,-0.993234,-0.012074,0.993249,-0.115617,0.009455,-0.010787,-0.010901,0.999882,0,0.72492,0.28028,43.495,0.561,-1,375.000,825.000,425.000,350.000,325.000,325.000,275.000,125.000,-1,-1,-1,-1,700.000,500.000,-1,500.000,2,0,1,1,1,0,0,0,1,2,2,2,2,1,1,2,1
83,-1209.504,322.663,98.112,97.201,-0.125173,-0.992045,-0.013372,0.992040,-0.125337,0.012166,-0.013745,-0.011743,0.999837,0,0.71462,0.28054,42.877,0.561,-1,375.000,800.000,375.000,400.000,325.000,325.000,275.000,125.000,-1,-1,-1,-1,700.000,450.000,-1,450.000,2,0,1,1,1,0,0,0,1,2,2,2,2,1,1,2,1
84,-1215.215,364.552,98.442,97.763,-0.134860,-0.990761,-0.014359,0.990729,-0.135067,0.014576,-0.016381,-0.012260,0.999791,0,0.70459,0.28120,42.276,0.562,-1,375.000,775.000,350.000,400.000,325.000,325.000,275.000,150.000,-1,-1,-1,-1,700.000,425.000,-1,425.000,2,1,1,1,1,0,1,0,1,2,2,2,2,0,1,2,1
85,-1221.255,405.811,98.683,98.328,-0.144578,-0.989380,-0.014994,0.989317,-0.144822,0.016676,-0.018670,-0.012423,0.999749,0,0.69498,0.28224,41.699,0.564,-1,350.000,750.000,325.000,350.000,300.000,300.000,275.000,150.000,-1,-1,-1,-1,700.000,400.000,-1,400.000,2,1,1,1,1,1,1,0,1,2,2,2,2,0,1,2,1
86,-1227.618,446.468,98.828,98.895,-0.154341,-0.987900,-0.015237,0.987803,-0.154611,0.018460,-0.020592,-0.012202,0.999713,0,0.68587,0.28365,41.152,0.567,-1,350.000,725.000,300.000,325.000,300.000,275.000,275.000,150.000,-1,-1,-1,325.000,675.000,375.000,-1,350.000,2,1,1,1,1,1,1,0,1,2,2,2,1,0,1,2,1
87,-1234.301,486.555,98.869,99.466,-0.164163,-0.986318,-0.015049,0.986185,-0.164445,0.019924,-0.022126,-0.011571,0.999688,0,0.67734,0.28538,40.641,0.571,-1,350.000,725.000,275.000,300.000,275.000,275.000,275.000,150.000,-1,-1,-1,250.000,675.000,350.000,-1,325.000,2,1,1,1,1,1,1,0,1,2,2,2,1,0,1,2,1
88,-1241.304,526.108,98.800,100.041,-0.174057,-0.984630,-0.014390,0.984461,-0.174335,0.021066,-0.023251,-0.010500,0.999675,0,0.66946,0.28743,40.168,0.575,-1,325.000,725.000,250.000,275.000,275.000,250.000,275.000,175.000,-1,-1,-1,225.000,675.000,325.000,-1,275.000,2,1,1,1,1,1,1,0,1,2,2,2,1,0,1,2,1
89,-1248.627,565.163,98.613,100.620,-0.184032,-0.982831,-0.013220,0.982629,-0.184288,0.021885,-0.023946,-0.008963,0.999673,0,0.66226,0.28977,39.736,0.580,-1,325.000,725.000,225.000,250.000,250.000,225.000,275.000,175.000,-1,-1,-1,200.000,675.000,300.000,-1,225.000,2,1,1,1,1,1,1,0,1,2,2,2,1,0,1,2,1
90,-1256.272,603.758,98.144,101.205,-0.194114,-0.980919,-0.010843,0.980692,-0.194313,0.022044,-0.023731,-0.006354,0.999698,0,0.65576,0.29238,39.345,0.585,-1,325.000,-1,225.000,200.000,250.000,200.000,300.000,175.000,-1,-1,-1,200.000,675.000,275.000,-1,200.000,2,1,2,1,1,1,1,0,1,2,2,2,1,0,1,2,1
91,-1265.474,646.933,101.668,102.030,-0.208269,-0.977873,-0.019714,0.978040,-0.208381,0.003776,-0.007800,-0.018495,0.999799,0,0.73576,0.41238,44.145,0.825,-1,350.000,-1,225.000,175.000,250.000,200.000,275.000,200.000,-1,-1,-1,200.000,750.000,275.000,-1,175.000,2,1,2,1,1,1,1,0,1,2,2,2,1,0,1,2,1
92,-1275.576,690.866,106.938,102.944,-0.224468,-0.973920,-0.033061,0.974386,-0.223841,-0.021635,0.013671,-0.037070,0.999219,0,0.75131,0.45710,45.079,0.914,-1,450.000,-1,225.000,175.000,275.000,225.000,275.000,225.000,-1,-1,-1,225.000,875.000,275.000,-1,175.000,2,0,2,1,1,1,1,0,1,2,2,2,1,0,1,2,1
93,-1287.531,739.292,111.856,103.858,-0.241378,-0.969363,-0.045528,0.969725,-0.239148,-0.049415,0.037013,-0.056077,0.997740,0,0.83131,0.45735,49.879,0.915,-1,500.000,-1,225.000,150.000,325.000,225.000,275.000,275.000,-1,275.000,575.000,250.000,-1,300.000,-1,150.000,2,0,2,1,1,1,1,0,1,2,0,0,1,2,1,2,1
94,-1301.671,792.114,116.374,104.976,-0.262356,-0.963294,-0.056859,0.963068,-0.257685,-0.078092,0.060574,-0.075247,0.995323,0,0.91131,0.55886,54.679,1.118,-1,575.000,-1,250.000,150.000,375.000,250.000,250.000,300.000,650.000,75.000,225.000,275.000,-1,325.000,-1,150.000,2,0,2,1,1,1,1,0,1,0,0,0,1,2,1,2,1
95,-1317.814,848.100,121.584,106.069,-0.283371,-0.956397,-0.070753,0.955693,-0.275490,-0.103709,0.079696,-0.097006,0.992088,0,0.97107,0.54642,58.264,1.093,-1,625.000,-1,275.000,125.000,475.000,300.000,250.000,300.000,425.000,50.000,200.000,300.000,-1,375.000,-1,150.000,2,0,2,1,1,1,1,0,1,0,0,0,1,2,1,2,1
96,-1335.297,905.500,126.404,106.922,-0.300566,-0.950091,-0.083590,0.948908,-0.289056,-0.126571,0.096091,-0.117362,0.988429,0,1.00000,0.42642,60.000,0.853,-1,650.000,-1,300.000,125.000,600.000,350.000,225.000,300.000,300.000,25.000,175.000,350.000,-1,500.000,-1,150.000,2,0,2,1,1,0,1,0,1,0,0,0,1,2,1,2,1
97,327.959,-7543.198,-31.537,111.285,-0.360431,-0.931770,0.043513,0.922812,-0.362993,-0.129049,0.136039,-0.006359,0.990683,1,0.00000,0.00000,60.000,0.613,-1,275.000,-1,225.000,-1,225.000,200.000,400.000,550.000,600.000,50.000,100.000,-1,400.000,325.000,475.000,-1,2,1,2,1,2,1,1,0,0,0,0,0,2,1,1,1,2
98,-2295.119,-332.724,101.688,-82.589,0.130706,0.989366,0.063803,-0.991074,0.128686,0.034822,0.026241,-0.067785,0.997355,1,0.08000,-0.12000,4.800,-0.240,-1,550.000,-1,400.000,150.000,475.000,500.000,250.000,300.000,800.000,100.000,300.000,-1,-1,800.000,-1,225.000,2,0,2,1,1,0,0,0,1,0,0,0,2,2,1,2,1
99,-2293.959,-342.254,101.985,-83.069,0.122565,0.990228,0.066529,-0.992074,0.120371,0.036053,0.027693,-0.070421,0.997133,0,0.16000,-0.24000,9.600,-0.480,-1,550.000,-1,400.000,150.000,475.000,500.000,250.000,300.000,725.000,100.000,300.000,-1,-1,800.000,-1,200.000,2,0,2,1,1,0,0,0,1,0,0,0,2,2,1,2,1
100,-2292.349,-356.564,102.369,-83.589,0.113800,0.991021,0.070192,-0.993059,0.111352,0.037863,0.029707,-0.074013,0.996815,0,0.24000,-0.25994,14.400,-0.520,-1,575.000,-1,400.000,150.000,475.000,525.000,250.000,300.000,675.000,100.000,300.000,-1,-1,800.000,-1,200.000,2,0,2,1,1,0,0,0,1,0,0,0,2,2,1,2,1
101,-2290.376,-375.663,102.836,-84.112,0.105055,0.991653,0.074752,-0.993943,0.102263,0.040257,0.032277,-0.078528,0.996389,0,0.32000,-0.26159,19.200,-0.523,-1,575.000,-1,400.000,150.000,500.000,525.000,250.000,275.000,600.000,75.000,275.000,-1,-1,825.000,-1,200.000,2,0,2,1,1,0,0,0,1,0,0,0,2,2,1,2,1
102,-2288.130,-399.558,103.396,-84.641,0.096312,0.992109,0.080271,-0.994720,0.093066,0.043246,0.035434,-0.084012,0.995835,0,0.40000,-0.26435,24.000,-0.529,-1,575.000,-1,425.000,150.000,500.000,550.000,250.000,275.000,550.000,75.000,275.000,-1,-1,850.000,-1,200.000,2,0,2,1,1,0,0,0,1,0,0,0,2,2,1,2,1
103,-2285.703,-428.256,104.062,-85.178,0.087555,0.992370,0.086814,-0.995388,0.083724,0.046836,0.039210,-0.090514,0.995123,0,0.48000,-0.26827,28.800,-0.537,-1,600.000,-1,425.000,125.000,525.000,550.000,250.000,250.000,500.000,75.000,275.000,-1,-1,900.000,-1,175.000,2,0,2,1,1,0,1,0,1,0,0,0,2,2,1,2,1
104,-2283.190,-461.763,104.847,-85.724,0.078773,0.992407,0.094457,-0.995937,0.074195,0.051038,0.043643,-0.098094,0.994220,0,0.56000,-0.27342,33.600,-0.547,-1,625.000,-1,450.000,125.000,525.000,575.000,250.000,250.000,450.000,50.000,250.000,-1,-1,-1,-1,175.000,2,0,2,1,1,0,1,0,1,0,0,0,2,2,2,2,1
105,-2280.693,-500.083,105.770,-86.284,0.069960,0.992187,0.103295,-0.996356,0.064438,0.055871,0.048779,-0.106827,0.993080,0,0.64000,-0.27990,38.400,-0.560,-1,625.000,-1,475.000,125.000,550.000,575.000,250.000,225.000,400.000,50.000,250.000,-1,-1,-1,-1,175.000,2,0,2,1,1,0,1,0,1,0,0,0,2,2,2,2,1
106,6887.099,4263.557,69.090,95.825,-0.083558,-0.983298,0.161690,0.990078,-0.100314,-0.098400,0.112977,0.151864,0.981923,1,0.00000,0.00000,38.838,-0.576,-1,-1,-1,225.000,125.000,325.000,225.000,150.000,300.000,150.000,675.000,550.000,600.000,-1,275.000,-1,125.000,2,2,2,1,1,1,1,1,1,1,0,0,0,2,1,2,1
107,-4263.557,-8199.151,23.572,24.846,0.906291,-0.420100,0.046402,0.420539,0.907275,0.000330,-0.042238,0.019215,0.998923,1,0.00000,0.00000,4.800,0.240,-1,400.000,700.000,375.000,475.000,325.000,325.000,300.000,300.000,-1,875.000,975.000,-1,650.000,475.000,875.000,475.000,2,0,1,1,1,0,0,0,0,2,0,0,2,1,1,1,1
108,-4259.193,-8197.153,23.369,24.606,0.908046,-0.416297,0.046359,0.416729,0.909031,0.000379,-0.042300,0.018975,0.998925,0,0.08000,-0.12000,4.800,-0.240,-1,400.000,700.000,375.000,475.000,325.000,325.000,300.000,300.000,-1,875.000,975.000,-1,625.000,475.000,850.000,475.000,2,0,1,1,1,0,0,0,0,2,0,0,2,1,1,1,1
109,-4250.432,-8193.229,22.962,24.126,0.911508,-0.408671,0.046272,0.409089,0.912494,0.000479,-0.042419,0.018493,0.998929,0,0.16000,-0.24000,9.600,-0.480,-1,400.000,675.000,375.000,475.000,325.000,325.000,300.000,300.000,-1,875.000,975.000,-1,625.000,450.000,825.000,450.000,2,0,1,1,1,0,0,0,0,2,0,0,2,1,1,1,1
110,-4237.217,-8187.509,22.346,23.406,0.916581,-0.397178,0.046139,0.397574,0.917570,0.000633,-0.042587,0.017763,0.998935,0,0.24000,-0.36000,14.400,-0.720,-1,400.000,675.000,350.000,475.000,325.000,325.000,300.000,300.000,-1,875.000,975.000,-1,600.000,450.000,800.000,450.000,2,0,1,1,1,0,0,0,0,2,0,0,2,1,1,1,1
111,-4219.471,-8180.178,21.517,22.446,0.923120,-0.381755,0.045958,0.382123,0.924111,0.000845,-0.042793,0.016781,0.998943,0,0.32000,-0.48000,19.200,-0.960,1000.000,400.000,650.000,350.000,450.000,325.000,325.000,300.000,300.000,-1,875.000,975.000,-1,575.000,425.000,750.000,425.000,1,0,1,1,1,0,0,0,0,2,0,0,2,1,1,1,1
112,-4197.102,-8171.482,20.469,21.246,0.930929,-0.362325,0.045727,0.362657,0.931922,0.001122,-0.043021,0.015539,0.998953,0,0.40000,-0.60000,24.000,-1.200,925.000,400.000,600.000,325.000,425.000,325.000,325.000,300.000,300.000,-1,875.000,975.000,-1,550.000,425.000,700.000,400.000,1,0,1,1,1,0,1,0,0,2,0,0,2,1,1,1,1
113,-4170.006,-8161.723,19.196,19.806,0.939761,-0.338799,0.045443,0.339086,0.940754,0.001470,-0.043249,0.014028,0.998966,0,0.48000,-0.72000,28.800,-1.440,850.000,400.000,575.000,325.000,425.000,325.000,300.000,300.000,300.000,-1,875.000,975.000,-1,500.000,400.000,650.000,400.000,1,1,1,1,1,0,1,0,0,2,0,0,2,1,1,1,1
114,-4138.073,-8151.270,17.690,18.126,0.949313,-0.311081,0.045100,0.311315,0.950305,0.001897,-0.043449,0.012239,0.998981,0,0.56000,-0.84000,33.600,-1.680,750.000,375.000,525.000,300.000,400.000,300.000,275.000,300.000,300.000,-1,850.000,950.000,-1,475.000,375.000,575.000,375.000,1,1,1,1,1,1,1,0,0,2,0,0,2,1,1,1,1
115,-4101.203,-8140.538,15.947,16.230,0.959109,-0.279484,0.044695,0.279659,0.960096,0.002412,-0.043586,0.010186,0.998998,0,0.64000,-0.94774,38.400,-1.895,650.000,325.000,500.000,275.000,375.000,275.000,250.000,300.000,300.000,-1,850.000,950.000,-1,425.000,350.000,525.000,325.000,1,1,1,1,1,1,1,0,0,2,0,0,2,1,1,1,1
116,-4059.349,-8129.840,13.958,14.338,0.967845,-0.247627,0.044230,0.247740,0.968822,0.003005,-0.043595,0.008050,0.999017,0,0.72000,-0.94633,43.200,-1.893,550.000,300.000,450.000,250.000,325.000,250.000,250.000,300.000,300.000,-1,850.000,950.000,-1,375.000,325.000,450.000,300.000,1,1,1,1,1,1,1,0,0,2,0,0,2,1,1,1,1
117,-4012.477,-8119.494,11.723,12.448,0.975516,-0.215541,0.043700,0.215589,0.976477,0.003679,-0.043465,0.005832,0.999038,0,0.80000,-0.94506,48.000,-1.890,450.000,275.000,400.000,225.000,300.000,225.000,200.000,300.000,300.000,-1,850.000,950.000,-1,325.000,275.000,375.000,275.000,1,1,1,1,1,1,1,0,0,2,0,0,2,1,1,1,1
118,-3960.572,-8109.817,10.373,10.560,0.982265,-0.183261,0.039637,0.183084,0.983064,0.008082,-0.040447,-0.000682,0.999181,0,0.88000,-0.94388,52.800,-1.888,350.000,225.000,350.000,200.000,275.000,200.000,200.000,300.000,300.000,-1,750.000,850.000,-1,275.000,250.000,300.000,225.000,1,1,1,1,1,1,1,0,0,2,0,0,2,1,1,1,1
119,-3903.632,-8101.127,12.319,8.674,0.988285,-0.150784,0.023616,0.150215,0.988355,0.024279,-0.027002,-0.020447,0.999426,0,0.96000,-0.94277,57.600,-1.886,275.000,200.000,325.000,200.000,300.000,175.000,175.000,300.000,350.000,-1,350.000,525.000,-1,250.000,250.000,225.000,225.000,1,1,1,1,1,1,1,0,0,2,0,0,2,1,1,1,1
120,-3844.054,-8094.035,20.677,6.791,0.992946,-0.118232,-0.008916,0.118345,0.992882,0.013399,0.007268,-0.014360,0.999870,0,1.00000,-0.94172,60.000,-1.883,250.000,200.000,350.000,200.000,400.000,175.000,175.000,350.000,375.000,-1,175.000,225.000,-1,250.000,250.000,225.000,275.000,1,1,1,1,1,1,1,0,0,2,0,0,2,1,1,1,1
121,4263.561,4263.559,-41.179,-77.690,0.213725,0.976753,0.016597,-0.976522,0.213144,0.031208,0.026945,-0.022877,0.999375,1,0.00000,0.00000,60.000,-1.881,600.000,400.000,-1,375.000,-1,325.000,325.000,300.000,300.000,-1,750.000,825.000,-1,750.000,725.000,-1,-1,1,0,2,0,2,0,0,0,0,2,0,0,2,0,0,2,2
122,4264.565,4258.865,-41.045,-77.930,0.209632,0.977639,0.016598,-0.977404,0.209051,0.031279,0.027110,-0.022780,0.999373,0,0.08000,-0.12000,4.800,-0.240,600.000,400.000,-1,375.000,-1,325.000,325.000,300.000,300.000,-1,750.000,825.000,-1,750.000,725.000,-1,-1,1,0,2,0,2,0,0,0,0,2,0,0,2,0,0,2,2
123,4266.494,4249.461,-40.776,-78.410,0.201437,0.979361,0.016604,-0.979117,0.200854,0.031423,0.027439,-0.022587,0.999368,0,0.16000,-0.24000,9.600,-0.480,600.000,400.000,-1,375.000,-1,325.000,325.000,300.000,300.000,-1,750.000,825.000,-1,750.000,725.000,-1,-1,1,0,2,0,2,0,0,0,0,2,0,0,2,0,0,2,2
124,4269.255,4235.328,-40.372,-78.942,0.192342,0.981187,0.016618,-0.980932,0.191756,0.031639,0.027857,-0.022387,0.999361,0,0.24000,-0.26592,14.400,-0.532,625.000,400.000,-1,375.000,-1,325.000,325.000,300.000,300.000,-1,750.000,825.000,-1,750.000,725.000,-1,-1,1,0,2,0,2,0,0,0,0,2,0,0,2,0,0,2,2
125,4272.764,4216.451,-39.833,-79.472,0.183269,0.982922,0.016645,-0.982654,0.182678,0.031930,0.028344,-0.022208,0.999351,0,0.32000,-0.26484,19.200,-0.530,625.000,400.000,-1,375.000,-1,325.000,325.000,300.000,300.000,-1,750.000,825.000,-1,750.000,725.000,-1,-1,1,0,2,0,2,0,0,0,0,2,0,0,2,0,0,2,2
126,4276.932,4192.816,-39.158,-79.999,0.174225,0.984565,0.016687,-0.984282,0.173627,0.032298,0.028902,-0.022051,0.999339,0,0.40000,-0.26359,24.000,-0.527,625.000,400.000,-1,375.000,-1,325.000,325.000,300.000,300.000,-1,750.000,825.000,-1,750.000,725.000,-1,-1,1,0,2,0,2,0,0,0,0,2,0,0,2,0,0,2,2
127,4281.673,4164.409,-38.345,-80.523,0.165213,0.986116,0.016747,-0.985816,0.164607,0.032744,0.029532,-0.021919,0.999323,0,0.48000,-0.26227,28.800,-0.525,650.000,400.000,-1,375.000,-1,325.000,325.000,300.000,300.000,-1,775.000,825.000,-1,750.000,725.000,-1,-1,1,0,2,0,2,0,0,0,0,2,0,0,2,0,0,2,2
128,4286.903,4131.218,-37.393,-81.045,0.156232,0.987577,0.016830,-0.987257,0.155614,0.033269,0.030237,-0.021813,0.999305,0,0.56000,-0.26106,33.600,-0.522,650.000,400.000,-1,375.000,-1,325.000,325.000,300.000,300.000,-1,775.000,825.000,-1,750.000,725.000,-1,-1,1,0,2,0,2,0,0,0,0,2,0,0,2,0,0,2,2
129,4292.536,4093.233,-36.302,-81.566,0.147273,0.988951,0.016937,-0.988609,0.146642,0.033877,0.031019,-0.021733,0.999282,0,0.64000,-0.26010,38.400,-0.520,675.000,400.000,-1,400.000,-1,325.000,325.000,300.000,300.000,-1,775.000,825.000,-1,750.000,725.000,-1,-1,1,0,2,0,2,0,0,0,0,2,0,0,2,0,0,2,2
130,4298.484,4050.445,-35.070,-82.085,0.138321,0.990240,0.017073,-0.989874,0.137674,0.034568,0.031880,-0.021682,0.999257,0,0.72000,-0.25961,43.200,-0.519,700.000,400.000,-1,400.000,-1,325.000,325.000,300.000,300.000,-1,775.000,825.000,-1,750.000,725.000,-1,-1,1,0,2,0,2,0,0,0,0,2,0,0,2,0,0,2,2
131,4304.018,4007.811,-33.839,-82.604,0.129352,0.991449,0.017227,-0.991058,0.128688,0.035265,0.032746,-0.021634,0.999230,0,0.71652,-0.25981,42.991,-0.520,-1,400.000,-1,400.000,-1,325.000,325.000,300.000,300.000,-1,800.000,825.000,-1,750.000,725.000,-1,-1,2,0,2,0,2,0,0,0,0,2,0,0,2,0,0,2,2
132,4309.081,3965.815,-32.598,-83.126,0.120341,0.992578,0.017499,-0.992166,0.119658,0.035895,0.033535,-0.021681,0.999202,0,0.70500,-0.26077,42.300,-0.522,-1,400.000,-1,400.000,-1,325.000,325.000,300.000,300.000,-1,800.000,850.000,-1,750.000,725.000,-1,-1,2,0,2,0,2,0,0,0,0,2,0,0,2,0,0,2,2
133,4313.684,3924.441,-31.257,-83.651,0.111273,0.993623,0.018216,-0.993202,0.110558,0.036428,0.034182,-0.022146,0.999170,0,0.69382,-0.26247,41.629,-0.525,-1,400.000,-1,400.000,-1,325.000,325.000,300.000,300.000,-1,825.000,850.000,-1,750.000,725.000,-1,-1,2,0,2,0,2,0,0,0,0,2,0,0,2,0,0,2,2
