timestep,x_cm,y_cm,z_cm,yaw_deg,basis_xx,basis_xy,basis_xz,basis_yx,basis_yy,basis_yz,basis_zx,basis_zy,basis_zz,teleport_flag,throttle_cmd,steering_cmd,cmd_move_cm,cmd_turn_deg,lidar_cm_0,lidar_cm_1,lidar_cm_2,lidar_cm_3,lidar_cm_4,lidar_cm_5,lidar_cm_6,lidar_cm_7,lidar_cm_8,lidar_cm_9,lidar_cm_10,lidar_cm_11,lidar_cm_12,lidar_cm_13,lidar_cm_14,lidar_cm_15,lidar_cm_16,lidar_class_0,lidar_class_1,lidar_class_2,lidar_class_3,lidar_class_4,lidar_class_5,lidar_class_6,lidar_class_7,lidar_class_8,lidar_class_9,lidar_class_10,lidar_class_11,lidar_class_12,lidar_class_13,lidar_class_14,lidar_class_15,lidar_class_16
0,6889.612,-6883.088,8.899,60.788,0.488411,-0.871411,0.045810,0.872580,0.487253,-0.034487,0.007731,0.056817,0.998355,1,0.08000,0.12000,4.800,0.240,-1,400.000,-1,400.000,-1,325.000,325.000,325.000,300.000,525.000,775.000,800.000,-1,775.000,800.000,-1,-1,2,0,2,0,2,0,0,0,0,1,0,0,2,0,0,2,2
1,6894.227,-6874.670,8.976,61.268,0.481109,-0.875467,0.045735,0.876621,0.479938,-0.034555,0.008302,0.056717,0.998356,0,0.16000,0.24000,9.600,0.480,-1,400.000,-1,400.000,-1,325.000,325.000,325.000,300.000,525.000,775.000,800.000,-1,775.000,800.000,-1,-1,2,0,2,0,2,0,0,0,0,1,0,0,2,0,0,2,2
2,6900.990,-6861.957,9.101,61.988,0.470093,-0.881437,0.045626,0.882569,0.468903,-0.034660,0.009156,0.056561,0.998357,0,0.24000,0.36000,14.400,0.720,-1,400.000,-1,400.000,-1,325.000,325.000,325.000,300.000,525.000,775.000,800.000,-1,775.000,800.000,-1,-1,2,0,2,0,2,0,0,0,0,1,0,0,2,0,0,2,2
3,6909.722,-6844.858,9.285,62.948,0.455291,-0.889180,0.045491,0.890283,0.454075,-0.034802,0.010289,0.056345,0.998358,0,0.32000,0.48000,19.200,0.960,-1,400.000,-1,400.000,-1,325.000,325.000,325.000,300.000,550.000,775.000,825.000,-1,775.000,800.000,-1,-1,2,0,2,0,2,0,0,0,0,1,0,0,2,0,0,2,2
4,6920.187,-6823.260,9.543,64.148,0.436608,-0.898509,0.045336,0.899576,0.435361,-0.034984,0.011696,0.056058,0.998359,0,0.40000,0.60000,24.000,1.200,-1,400.000,-1,400.000,-1,325.000,325.000,325.000,300.000,575.000,800.000,825.000,-1,775.000,825.000,-1,-1,2,0,2,0,2,0,0,0,0,1,0,0,2,0,0,2,2
5,6932.089,-6797.036,9.891,65.588,0.413936,-0.909185,0.045171,0.910208,0.412653,-0.035208,0.013371,0.055689,0.998359,0,0.48000,0.72000,28.800,1.440,-1,400.000,-1,400.000,-1,325.000,325.000,325.000,300.000,575.000,800.000,850.000,-1,775.000,825.000,-1,-1,2,0,2,0,2,0,0,0,0,1,0,0,2,0,0,2,2
6,6945.152,-6766.079,10.346,67.122,0.389492,-0.919930,0.045005,0.920905,0.388168,-0.035491,0.015180,0.055268,0.998356,0,0.56000,0.76720,33.600,1.534,-1,400.000,-1,400.000,-1,325.000,325.000,325.000,300.000,600.000,825.000,875.000,-1,775.000,825.000,-1,-1,2,0,2,0,2,0,0,0,0,1,0,0,2,0,0,2,2
7,6959.130,-6730.315,10.923,68.652,0.364851,-0.929985,0.044851,0.930910,0.363486,-0.035843,0.017031,0.054830,0.998350,0,0.64000,0.76471,38.400,1.529,-1,400.000,-1,400.000,-1,325.000,325.000,325.000,300.000,625.000,850.000,900.000,-1,775.000,825.000,-1,-1,2,0,2,0,2,0,0,0,0,1,0,0,2,0,0,2,2
8,6973.589,-6690.208,11.626,70.176,0.340046,-0.939345,0.044726,0.940219,0.338636,-0.036256,0.018911,0.054381,0.998341,0,0.71057,0.76188,42.634,1.524,-1,400.000,-1,400.000,-1,325.000,325.000,325.000,300.000,675.000,850.000,900.000,-1,775.000,850.000,-1,-1,2,0,2,0,2,0,0,0,0,1,0,0,2,0,0,2,2
9,6987.002,-6649.667,12.419,71.693,0.315100,-0.948001,0.044782,0.948833,0.313647,-0.036616,0.020666,0.054028,0.998326,0,0.71171,0.75874,42.703,1.517,-1,400.000,-1,400.000,-1,325.000,325.000,325.000,300.000,700.000,875.000,925.000,-1,-1,850.000,-1,-1,2,0,2,0,2,0,0,0,0,1,0,0,2,2,0,2,2
10,6999.362,-6608.719,13.273,73.204,0.290032,-0.955963,0.044909,0.956758,0.288543,-0.036825,0.022245,0.053647,0.998312,0,0.71288,0.75560,42.773,1.511,-1,400.000,-1,400.000,-1,325.000,325.000,325.000,300.000,725.000,925.000,975.000,-1,-1,850.000,-1,-1,2,0,2,0,2,0,0,0,0,1,0,0,2,2,0,2,2
11,7010.661,-6567.392,14.142,74.709,0.264854,-0.963241,0.044924,0.963999,0.263346,-0.036810,0.023626,0.053055,0.998312,0,0.71407,0.75245,42.844,1.505,-1,400.000,-1,400.000,-1,325.000,325.000,325.000,300.000,750.000,975.000,-1,-1,-1,850.000,-1,-1,2,0,2,0,2,0,0,0,0,1,0,2,2,2,0,2,2
12,7020.892,-6525.713,15.073,76.208,0.239599,-0.969831,0.044955,0.970551,0.238073,-0.036774,0.024962,0.052442,0.998312,0,0.71528,0.74929,42.917,1.499,-1,400.000,-1,400.000,-1,325.000,325.000,325.000,300.000,775.000,-1,-1,-1,-1,-1,-1,-1,2,0,2,0,2,0,0,0,0,1,2,2,2,2,2,2,2
13,7030.051,-6483.709,16.075,77.700,0.214272,-0.975736,0.045024,0.976429,0.212743,-0.036429,0.025967,0.051769,0.998321,0,0.71651,0.74614,42.991,1.492,-1,400.000,-1,400.000,-1,325.000,325.000,325.000,300.000,825.000,-1,-1,-1,-1,-1,-1,-1,2,0,2,0,2,0,0,0,0,1,2,2,2,2,2,2,2
14,7038.131,-6441.409,17.022,79.186,0.188898,-0.980938,0.045590,0.981638,0.187371,-0.035756,0.026532,0.051507,0.998320,0,0.71775,0.74297,43.065,1.486,-1,400.000,-1,400.000,-1,325.000,325.000,325.000,300.000,850.000,-1,-1,-1,-1,-1,-1,-1,2,0,2,0,2,0,0,0,0,1,2,2,2,2,2,2,2
15,7045.128,-6398.840,18.026,80.666,0.163506,-0.985463,0.046136,0.986171,0.161982,-0.035048,0.027066,0.051228,0.998320,0,0.71901,0.73981,43.140,1.480,-1,400.000,-1,400.000,-1,325.000,325.000,325.000,300.000,875.000,-1,-1,-1,-1,-1,-1,-1,2,0,2,0,2,0,0,0,0,1,2,2,2,2,2,2,2
16,7051.817,-6351.369,19.204,81.979,0.140867,-0.988926,0.046719,0.989650,0.139351,-0.034267,0.027377,0.051062,0.998320,0,0.79901,0.65676,47.940,1.314,-1,400.000,-1,400.000,-1,325.000,325.000,325.000,300.000,925.000,-1,-1,-1,-1,-1,-1,-1,2,0,2,0,2,0,0,0,0,1,2,2,2,2,2,2,2
17,7057.819,-6300.334,20.527,83.293,0.118145,-0.991868,0.047317,0.992612,0.116640,-0.033406,0.027616,0.050915,0.998321,0,0.85646,0.65692,51.388,1.314,-1,400.000,-1,400.000,-1,325.000,325.000,325.000,300.000,950.000,-1,-1,-1,-1,-1,-1,-1,2,0,2,0,2,0,0,0,0,1,2,2,2,2,2,2,2
18,7062.686,-6248.772,21.920,84.607,0.095356,-0.994291,0.047886,0.995054,0.093863,-0.032510,0.027829,0.050749,0.998324,0,0.86319,0.65706,51.791,1.314,-1,-1,-1,400.000,-1,325.000,325.000,325.000,300.000,1000.000,-1,-1,-1,-1,-1,-1,-1,2,2,2,0,2,0,0,0,0,1,2,2,2,2,2,2,2
19,7066.399,-6196.704,23.385,85.921,0.072516,-0.996191,0.048416,0.996974,0.071038,-0.031582,0.028022,0.050559,0.998328,0,0.87002,0.65700,52.201,1.314,-1,-1,-1,-1,-1,325.000,325.000,325.000,300.000,-1,-1,-1,-1,-1,-1,-1,-1,2,2,2,2,2,1,0,0,0,2,2,2,2,2,2,2,2
20,7068.938,-6144.149,24.923,87.235,0.049646,-0.997569,0.048898,0.998369,0.048185,-0.030629,0.028198,0.050339,0.998334,0,0.87694,0.65674,52.616,1.313,-1,-1,-1,-1,-1,-1,-1,325.000,300.000,-1,-1,-1,-1,-1,-1,-1,-1,2,2,2,2,2,2,2,0,0,2,2,2,2,2,2,2,2
21,7070.283,-6091.129,26.535,88.547,0.026765,-0.998424,0.049324,0.999239,0.025322,-0.029658,0.028362,0.050080,0.998342,0,0.88395,0.65627,53.037,1.313,-1,-1,-1,-1,-1,-1,-1,325.000,300.000,-1,-1,-1,-1,-1,-1,-1,-1,2,2,2,2,2,2,2,0,0,2,2,2,2,2,2,2,2
22,7070.415,-6037.666,28.222,89.858,0.003893,-0.998757,0.049686,0.999586,0.002469,-0.028677,0.028518,0.049777,0.998353,0,0.89106,0.65558,53.463,1.311,-1,-1,-1,-1,-1,-1,-1,325.000,300.000,-1,-1,-1,-1,-1,-1,-1,-1,2,2,2,2,2,2,2,0,0,2,2,2,2,2,2,2,2
23,7069.317,-5983.783,29.985,91.168,-0.018951,-0.998571,0.049976,0.999409,-0.020353,-0.027694,0.028671,0.049421,0.998366,0,0.89825,0.65465,53.895,1.309,-1,-1,-1,-1,-1,-1,-1,325.000,300.000,-1,-1,-1,-1,-1,-1,-1,-1,2,2,2,2,2,2,2,0,0,2,2,2,2,2,2,2,2
24,7066.971,-5929.503,31.826,92.475,-0.041746,-0.997867,0.050186,0.998712,-0.043125,-0.026720,0.028827,0.049005,0.998382,0,0.90552,0.65348,54.331,1.307,-1,-1,-1,-1,-1,-1,-1,325.000,325.000,-1,-1,-1,-1,-1,-1,-1,-1,2,2,2,2,2,2,2,0,0,2,2,2,2,2,2,2,2
25,7063.336,-5874.854,20.658,93.779,-0.066677,-0.994102,0.085533,0.997734,-0.065656,0.014699,-0.008996,0.086320,0.996227,0,0.91286,0.65203,54.772,1.304,-1,-1,-1,-1,-1,-1,-1,350.000,225.000,-1,-1,-1,-1,-1,-1,-1,-1,2,2,2,2,2,2,2,0,0,2,2,2,2,2,2,2,2
26,-327.966,6231.355,250.331,-165.948,-0.970063,0.242787,-0.005601,-0.242729,-0.970049,-0.009415,-0.007719,-0.007774,0.999940,1,0.00000,0.00000,59.572,1.064,-1,400.000,-1,400.000,600.000,325.000,325.000,300.000,300.000,-1,-1,-1,-1,800.000,525.000,-1,575.000,2,0,2,1,1,0,0,0,0,2,2,2,2,1,1,2,1
27,-332.627,6230.209,250.286,-166.188,-0.971070,0.238721,-0.005860,-0.238661,-0.971057,-0.009488,-0.007955,-0.007815,0.999938,0,0.08000,-0.12000,4.800,-0.240,-1,400.000,-1,375.000,600.000,325.000,325.000,300.000,300.000,-1,-1,-1,-1,800.000,525.000,-1,575.000,2,0,2,1,1,0,0,0,0,2,2,2,2,1,1,2,1
28,-341.969,6227.996,250.197,-166.668,-0.973033,0.230578,-0.006381,-0.230512,-0.973022,-0.009626,-0.008429,-0.007896,0.999933,0,0.16000,-0.24000,9.600,-0.480,-1,400.000,-1,375.000,575.000,325.000,325.000,300.000,300.000,-1,-1,-1,-1,775.000,525.000,-1,575.000,2,0,2,1,1,0,0,0,0,2,2,2,2,1,1,2,1
29,-356.021,6224.852,250.065,-167.388,-0.975848,0.218332,-0.007170,-0.218259,-0.975842,-0.009818,-0.009140,-0.008016,0.999926,0,0.24000,-0.36000,14.400,-0.720,-1,400.000,-1,375.000,575.000,325.000,325.000,300.000,300.000,-1,-1,-1,-1,750.000,500.000,-1,550.000,2,0,2,1,1,0,0,0,0,2,2,2,2,1,1,2,1
30,-374.826,6220.974,249.894,-168.348,-0.979361,0.201952,-0.008233,-0.201867,-0.979361,-0.010044,-0.010092,-0.008174,0.999916,0,0.32000,-0.48000,19.200,-0.960,-1,400.000,-1,375.000,550.000,325.000,325.000,300.000,300.000,-1,-1,-1,-1,725.000,500.000,-1,525.000,2,1,2,1,1,0,1,0,0,2,2,2,2,1,1,2,1
31,-398.427,6216.620,249.688,-169.548,-0.983363,0.181397,-0.009579,-0.181299,-0.983374,-0.010276,-0.011284,-0.008368,0.999901,0,0.40000,-0.60000,24.000,-1.200,-1,400.000,-1,350.000,525.000,325.000,325.000,300.000,300.000,-1,-1,-1,-1,700.000,475.000,-1,500.000,2,1,2,1,1,1,1,0,0,2,2,2,2,1,1,2,1
32,-426.872,6212.109,249.451,-170.988,-0.987594,0.156627,-0.011214,-0.156512,-0.987620,-0.010480,-0.012717,-0.008595,0.999882,0,0.48000,-0.72000,28.800,-1.440,-1,375.000,-1,350.000,500.000,325.000,300.000,300.000,300.000,-1,-1,-1,-1,675.000,450.000,-1,475.000,2,1,2,1,1,1,1,0,0,2,2,2,2,1,1,2,1
33,-460.185,6207.726,249.191,-172.505,-0.991369,0.130440,-0.013134,-0.130305,-0.991417,-0.010633,-0.014408,-0.008830,0.999857,0,0.56000,-0.75810,33.600,-1.516,-1,375.000,-1,325.000,475.000,300.000,300.000,300.000,300.000,-1,-1,-1,-1,625.000,450.000,-1,450.000,2,1,2,1,1,1,1,0,0,2,2,2,2,1,1,2,1
34,-498.375,6203.718,248.912,-174.009,-0.994421,0.104367,-0.015333,-0.104209,-0.994498,-0.010720,-0.016368,-0.009062,0.999825,0,0.64000,-0.75220,38.400,-1.504,-1,350.000,-1,300.000,450.000,300.000,275.000,300.000,300.000,-1,-1,-1,-1,575.000,425.000,-1,425.000,2,1,2,1,1,1,1,0,0,2,2,2,2,1,1,2,1
35,-541.442,6200.330,248.616,-175.501,-0.996760,0.078434,-0.017810,-0.078252,-0.996876,-0.010718,-0.018595,-0.009290,0.999784,0,0.72000,-0.74608,43.200,-1.492,-1,325.000,750.000,275.000,400.000,275.000,250.000,300.000,300.000,-1,-1,-1,-1,525.000,375.000,-1,375.000,2,1,1,1,1,1,1,0,0,2,2,2,2,1,1,2,1
36,-589.376,6197.801,248.307,-176.980,-0.998400,0.052675,-0.020559,-0.052466,-0.998566,-0.010607,-0.021088,-0.009512,0.999732,0,0.80000,-0.73958,48.000,-1.479,-1,300.000,650.000,275.000,350.000,250.000,225.000,300.000,300.000,-1,-1,-1,-1,500.000,350.000,-1,325.000,2,1,1,1,1,1,1,0,0,2,2,2,2,1,1,2,1
37,-642.157,6196.369,247.979,-178.445,-0.999355,0.027127,-0.023548,-0.026890,-0.999585,-0.010335,-0.023819,-0.009695,0.999669,0,0.88000,-0.73253,52.800,-1.465,-1,275.000,575.000,250.000,300.000,225.000,225.000,300.000,300.000,-1,-1,-1,-1,425.000,325.000,-1,275.000,2,1,1,1,1,1,1,0,0,2,2,2,2,1,1,2,1
38,-699.756,6196.262,251.080,-179.895,-0.999942,0.001835,-0.010571,-0.001666,-0.999872,-0.015904,-0.010599,-0.015886,0.999818,0,0.96000,-0.72471,57.600,-1.449,-1,275.000,550.000,225.000,300.000,225.000,200.000,300.000,325.000,-1,-1,-1,-1,425.000,325.000,-1,275.000,2,1,1,1,1,1,1,0,0,2,2,2,2,1,1,2,1
39,-759.740,6197.651,255.919,-181.327,-0.999696,-0.023146,0.008488,0.022953,-0.999489,-0.022231,0.008998,-0.022029,0.999717,0,1.00000,-0.71588,60.000,-1.432,-1,275.000,-1,250.000,300.000,225.000,200.000,325.000,350.000,-1,-1,-1,-1,450.000,325.000,-1,275.000,2,1,2,1,1,1,1,0,0,2,2,2,2,1,1,2,1
40,-819.672,6200.517,260.924,-182.738,-0.998474,-0.047751,0.027751,0.046945,-0.998477,-0.028992,0.029093,-0.027645,0.999194,0,1.00000,-0.70569,60.000,-1.411,-1,300.000,-1,250.000,325.000,225.000,200.000,325.000,400.000,-1,175.000,275.000,-1,475.000,350.000,-1,300.000,2,1,2,1,1,1,1,0,0,2,0,0,2,1,1,2,1
41,-879.519,6204.834,266.124,-184.126,-0.996289,-0.071907,0.047300,0.070236,-0.996877,-0.036098,0.049748,-0.032642,0.998228,0,1.00000,-0.69387,60.000,-1.388,-1,300.000,-1,250.000,350.000,225.000,225.000,350.000,425.000,-1,125.000,150.000,-1,625.000,350.000,-1,300.000,2,1,2,1,1,1,1,0,0,2,0,0,2,1,1,2,1
42,983.899,-8855.086,117.766,-150.713,-0.872017,0.489089,0.019447,-0.489339,-0.872024,-0.011019,0.011569,-0.019125,0.999750,1,0.00000,0.00000,60.000,-1.360,-1,375.000,-1,400.000,-1,300.000,325.000,325.000,325.000,-1,900.000,775.000,-1,700.000,775.000,-1,-1,2,0,2,0,2,0,0,0,0,2,0,0,2,0,0,2,2
43,979.703,-8857.417,117.817,-150.953,-0.874056,0.485433,0.019507,-0.485683,-0.874067,-0.010927,0.011746,-0.019025,0.999750,0,0.08000,-0.12000,4.800,-0.240,-1,375.000,-1,400.000,-1,300.000,325.000,325.000,325.000,-1,900.000,775.000,-1,700.000,775.000,-1,-1,2,0,2,0,2,0,0,0,0,2,0,0,2,0,0,2,2
44,971.271,-8862.007,117.923,-151.433,-0.878089,0.478095,0.019625,-0.478345,-0.878106,-0.010743,0.012097,-0.018821,0.999750,0,0.16000,-0.24000,9.600,-0.480,-1,375.000,-1,400.000,-1,325.000,325.000,325.000,325.000,-1,900.000,775.000,-1,725.000,775.000,-1,-1,2,0,2,0,2,0,0,0,0,2,0,0,2,0,0,2,2
45,958.539,-8868.734,118.087,-152.153,-0.884022,0.467026,0.019798,-0.467275,-0.884050,-0.010464,0.012615,-0.018501,0.999749,0,0.24000,-0.36000,14.400,-0.720,-1,375.000,-1,400.000,-1,325.000,325.000,325.000,325.000,-1,900.000,800.000,-1,725.000,775.000,-1,-1,2,0,2,0,2,0,0,0,0,2,0,0,2,0,0,2,2
46,941.414,-8877.416,118.319,-153.113,-0.891716,0.452152,0.020018,-0.452400,-0.891758,-0.010090,0.013289,-0.018054,0.999749,0,0.32000,-0.48000,19.200,-0.960,-1,375.000,-1,400.000,-1,325.000,325.000,300.000,325.000,-1,925.000,800.000,-1,725.000,775.000,-1,-1,2,0,2,0,2,0,0,0,0,2,0,0,2,0,0,2,2
47,919.786,-8887.819,118.627,-154.313,-0.900982,0.433382,0.020279,-0.433627,-0.901041,-0.009618,0.014104,-0.017459,0.999748,0,0.40000,-0.60000,24.000,-1.200,-1,375.000,-1,400.000,-1,325.000,325.000,300.000,300.000,-1,925.000,800.000,-1,725.000,775.000,-1,-1,2,0,2,0,2,0,0,0,0,2,0,0,2,0,0,2,2
48,893.526,-8899.646,119.021,-155.753,-0.911580,0.410608,0.020570,-0.410847,-0.911659,-0.009045,0.015039,-0.016697,0.999747,0,0.48000,-0.72000,28.800,-1.440,-1,375.000,-1,400.000,-1,325.000,325.000,300.000,300.000,-1,950.000,800.000,-1,725.000,800.000,-1,-1,2,0,2,0,2,0,0,0,0,2,0,0,2,0,0,2,2
49,862.499,-8912.540,119.515,-157.433,-0.923218,0.383710,0.020881,-0.383941,-0.923320,-0.008367,0.016069,-0.015742,0.999747,0,0.56000,-0.84000,33.600,-1.680,-1,375.000,-1,400.000,-1,325.000,325.000,300.000,300.000,-1,975.000,825.000,-1,725.000,800.000,-1,-1,2,0,2,0,2,0,0,0,0,2,0,0,2,0,0,2,2
50,826.618,-8926.220,120.120,-159.130,-0.934163,0.356216,0.021199,-0.356436,-0.934289,-0.007578,0.017106,-0.014635,0.999747,0,0.64000,-0.84812,38.400,-1.696,-1,375.000,-1,400.000,-1,325.000,325.000,300.000,300.000,-1,-1,850.000,-1,750.000,800.000,-1,-1,2,0,2,0,2,0,0,0,0,2,2,0,2,0,0,2,2
51,785.815,-8940.411,120.847,-160.823,-0.944272,0.328462,0.021515,-0.328666,-0.944423,-0.006674,0.018128,-0.013373,0.999746,0,0.72000,-0.84657,43.200,-1.693,-1,375.000,-1,400.000,-1,325.000,325.000,300.000,300.000,-1,-1,875.000,-1,750.000,800.000,-1,-1,2,0,2,0,2,0,0,0,0,2,2,0,2,0,0,2,2
52,740.033,-8954.834,121.709,-162.513,-0.953544,0.300463,0.021817,-0.300648,-0.953718,-0.005670,0.019103,-0.011966,0.999746,0,0.80000,-0.84524,48.000,-1.690,-1,400.000,-1,400.000,-1,325.000,325.000,300.000,300.000,-1,-1,900.000,-1,750.000,825.000,-1,-1,2,0,2,0,2,0,0,0,0,2,2,0,2,0,0,2,2
53,689.228,-8969.208,122.667,-164.202,-0.961982,0.272236,0.021874,-0.272392,-0.962176,-0.004440,0.019838,-0.010230,0.999751,0,0.88000,-0.84427,52.800,-1.689,-1,400.000,-1,400.000,-1,325.000,325.000,300.000,300.000,-1,-1,975.000,-1,775.000,825.000,-1,-1,2,0,2,0,2,0,0,1,0,2,2,0,2,0,0,2,2
54,633.745,-8983.155,123.668,-165.889,-0.969590,0.243787,0.021538,-0.243901,-0.969796,-0.002806,0.020203,-0.007974,0.999764,0,0.95347,-0.84379,57.208,-1.688,-1,400.000,-1,400.000,-1,325.000,325.000,375.000,300.000,-1,-1,-1,-1,775.000,850.000,-1,-1,2,0,2,0,2,0,0,1,0,2,2,2,2,0,0,2,2
55,578.440,-8995.338,124.658,-167.577,-0.976359,0.215118,0.021131,-0.215194,-0.976570,-0.001347,0.020346,-0.005862,0.999776,0,0.94386,-0.84396,56.631,-1.688,-1,400.000,-1,400.000,-1,325.000,325.000,375.000,300.000,-1,-1,-1,-1,800.000,850.000,-1,-1,2,0,2,0,2,0,0,1,0,2,2,2,2,0,0,2,2
56,523.354,-9005.779,125.427,-169.267,-0.982299,0.186232,0.020148,-0.186289,-0.982494,-0.001015,0.019606,-0.004750,0.999796,0,0.93445,-0.84481,56.067,-1.690,-1,400.000,-1,400.000,-1,325.000,325.000,350.000,300.000,-1,-1,-1,-1,800.000,850.000,-1,-1,2,0,2,0,2,0,0,1,0,2,2,2,2,0,0,2,2
57,472.758,-9014.050,126.158,-170.717,-0.986716,0.161317,0.019189,-0.161359,-0.986895,-0.000650,0.018832,-0.003738,0.999816,0,0.85445,-0.72481,51.267,-1.450,-1,400.000,-1,400.000,-1,325.000,325.000,325.000,300.000,-1,-1,-1,-1,800.000,850.000,-1,-1,2,0,2,0,2,0,0,1,0,2,2,2,2,0,0,2,2
58,426.751,-9020.576,126.840,-171.926,-0.989919,0.140448,0.018277,-0.140476,-0.990084,-0.000269,0.018058,-0.002834,0.999833,0,0.77445,-0.60481,46.467,-1.210,-1,400.000,-1,400.000,-1,325.000,325.000,325.000,300.000,-1,-1,-1,-1,800.000,850.000,-1,-1,2,0,2,0,2,0,0,1,0,2,2,2,2,0,0,2,2
59,384.715,-9025.815,127.477,-172.896,-0.992170,0.123674,0.017418,-0.123690,-0.992321,0.000118,0.017299,-0.002038,0.999848,0,0.70603,-0.48481,42.362,-0.970,-1,400.000,-1,400.000,-1,325.000,325.000,300.000,300.000,-1,-1,-1,-1,825.000,850.000,-1,-1,2,0,2,0,2,0,0,1,0,2,2,2,2,0,0,2,2
60,342.905,-9030.486,128.124,-173.625,-0.993680,0.111028,0.016548,-0.111034,-0.993816,0.000535,0.016505,-0.001306,0.999863,0,0.70118,-0.36481,42.071,-0.730,-1,400.000,-1,400.000,-1,325.000,325.000,300.000,300.000,-1,-1,-1,-1,825.000,850.000,-1,-1,2,0,2,0,2,0,0,1,0,2,2,2,2,0,0,2,2
61,301.280,-9034.676,128.776,-174.252,-0.994849,0.100148,0.015667,-0.100145,-0.994972,0.000971,0.015685,-0.000603,0.999877,0,0.69724,-0.31343,41.835,-0.627,-1,400.000,-1,400.000,-1,325.000,325.000,300.000,300.000,-1,-1,-1,-1,825.000,850.000,-1,-1,2,0,2,0,2,0,0,0,0,2,2,2,2,0,0,2,2
62,259.810,-9038.388,129.432,-174.885,-0.995908,0.089159,0.014773,-0.089148,-0.996017,0.001424,0.014842,0.000101,0.999890,0,0.69394,-0.31624,41.636,-0.632,-1,400.000,-1,400.000,-1,325.000,325.000,300.000,300.000,-1,-1,-1,-1,825.000,850.000,-1,-1,2,0,2,0,2,0,0,0,0,2,2,2,2,0,0,2,2
63,218.473,-9041.624,130.092,-175.523,-0.996853,0.078053,0.013869,-0.078035,-0.996949,0.001895,0.013975,0.000807,0.999902,0,0.69106,-0.31927,41.463,-0.639,-1,400.000,-1,400.000,-1,325.000,325.000,300.000,300.000,-1,-1,-1,-1,825.000,850.000,-1,-1,2,0,2,0,2,0,0,0,0,2,2,2,2,0,0,2,2
64,177.249,-9044.385,130.754,-176.168,-0.997681,0.066825,0.012955,-0.066800,-0.997764,0.002386,0.013085,0.001515,0.999913,0,0.68860,-0.32251,41.316,-0.645,-1,400.000,-1,400.000,-1,325.000,325.000,300.000,300.000,-1,-1,-1,-1,825.000,850.000,-1,-1,2,0,2,0,2,0,0,0,0,2,2,2,2,0,0,2,2
65,136.118,-9046.670,131.418,-176.820,-0.998388,0.055468,0.012032,-0.055437,-0.998458,0.002897,0.012174,0.002225,0.999923,0,0.68658,-0.32597,41.195,-0.652,-1,400.000,-1,400.000,-1,325.000,325.000,300.000,300.000,-1,-1,-1,-1,825.000,850.000,-1,-1,2,0,2,0,2,0,0,0,0,2,2,2,2,0,0,2,2
66,95.059,-9048.478,132.084,-177.480,-0.998971,0.043977,0.011100,-0.043941,-0.999028,0.003430,0.011240,0.002938,0.999933,0,0.68498,-0.32962,41.099,-0.659,-1,400.000,-1,400.000,-1,325.000,325.000,300.000,300.000,-1,-1,-1,-1,850.000,850.000,-1,-1,2,0,2,0,2,0,0,0,0,2,2,2,2,0,0,2,2
67,54.053,-9049.805,132.752,-178.146,-0.999425,0.032345,0.010162,-0.032306,-0.999470,0.003985,0.010285,0.003654,0.999940,0,0.68380,-0.33345,41.028,-0.667,-1,400.000,-1,400.000,-1,325.000,325.000,300.000,300.000,-1,-1,-1,-1,850.000,825.000,-1,-1,2,0,2,0,2,0,0,0,0,2,2,2,2,0,0,2,2
68,13.080,-9050.648,133.421,-178.821,-0.999746,0.020570,0.009218,-0.020528,-0.999779,0.004564,0.009310,0.004374,0.999947,0,0.68303,-0.33747,40.982,-0.675,-1,400.000,-1,400.000,-1,325.000,325.000,300.000,300.000,-1,-1,-1,-1,850.000,825.000,-1,-1,2,0,2,0,2,0,0,0,0,2,2,2,2,0,0,2,2
69,-32.698,-9051.221,133.628,-179.283,-0.999887,0.012516,0.008289,-0.012475,-0.999910,0.004926,0.008350,0.004822,0.999954,0,0.76303,-0.23077,45.782,-0.462,-1,400.000,-1,400.000,-1,325.000,325.000,300.000,300.000,-1,-1,-1,-1,850.000,825.000,-1,-1,2,0,2,0,2,0,0,0,0,2,2,2,2,0,0,2,2
70,-80.840,-9051.427,133.644,-179.754,-0.999966,0.004291,0.006978,-0.004258,-0.999979,0.004824,0.006999,0.004794,0.999964,0,0.80237,-0.23562,48.142,-0.471,-1,400.000,-1,400.000,-1,325.000,325.000,300.000,300.000,-1,-1,-1,-1,850.000,825.000,-1,-1,2,0,2,0,2,0,0,0,0,2,2,2,2,0,0,2,2
71,-129.033,-9051.229,133.659,-180.236,-0.999975,-0.004118,0.005661,0.004145,-0.999980,0.004742,0.005641,0.004766,0.999973,0,0.80323,-0.24091,48.194,-0.482,-1,400.000,-1,400.000,-1,325.000,325.000,300.000,300.000,-1,-1,-1,-1,850.000,825.000,-1,-1,2,0,2,0,2,0,0,0,0,2,2,2,2,0,0,2,2
72,-177.299,-9050.615,133.674,-180.729,-0.999910,-0.012717,0.004339,0.012738,-0.999908,0.004683,0.004279,0.004738,0.999980,0,0.80449,-0.24637,48.269,-0.493,-1,400.000,-1,400.000,-1,325.000,325.000,300.000,300.000,-1,-1,-1,-1,850.000,825.000,-1,-1,2,0,2,0,2,0,0,0,0,2,2,2,2,0,0,2,2
73,-225.657,-9049.575,133.688,-181.233,-0.999764,-0.021513,0.003014,0.021526,-0.999757,0.004647,0.002913,0.004711,0.999985,0,0.80615,-0.25200,48.369,-0.504,-1,400.000,-1,400.000,-1,325.000,325.000,300.000,300.000,-1,-1,-1,-1,850.000,825.000,-1,-1,2,0,2,0,2,0,0,0,0,2,2,2,2,0,0,2,2
74,-274.125,-9048.095,133.703,-181.748,-0.999533,-0.030509,0.001685,0.030516,-0.999524,0.004637,0.001543,0.004686,0.999988,0,0.80819,-0.25781,48.491,-0.516,-1,400.000,-1,400.000,-1,325.000,325.000,300.000,300.000,-1,-1,-1,-1,850.000,800.000,-1,-1,2,0,2,0,2,0,0,0,0,2,2,2,2,0,0,2,2
75,-322.722,-9046.164,133.718,-182.276,-0.999211,-0.039710,0.000355,0.039711,-0.999200,0.004652,0.000170,0.004662,0.999989,0,0.81058,-0.26377,48.635,-0.528,-1,400.000,-1,400.000,-1,325.000,325.000,300.000,300.000,-1,-1,-1,-1,850.000,800.000,-1,-1,2,0,2,0,2,0,0,0,0,2,2,2,2,0,0,2,2
76,-371.463,-9043.767,133.732,-182.816,-0.998792,-0.049122,-0.000974,0.049117,-0.998782,0.004695,-0.001204,0.004641,0.999989,0,0.81332,-0.26989,48.799,-0.540,-1,400.000,-1,400.000,-1,325.000,325.000,300.000,300.000,-1,-1,-1,-1,825.000,800.000,-1,-1,2,0,2,0,2,0,0,0,0,2,2,2,2,0,0,2,2
77,-420.361,-9040.889,133.747,-183.368,-0.998270,-0.058748,-0.002303,0.058736,-0.998262,0.004766,-0.002579,0.004623,0.999986,0,0.81639,-0.27617,48.983,-0.552,-1,400.000,-1,400.000,-1,325.000,325.000,300.000,300.000,-1,-1,-1,-1,825.000,800.000,-1,-1,2,0,2,0,2,0,0,0,0,2,2,2,2,0,0,2,2
78,-471.636,-9037.368,133.761,-183.928,-0.997644,-0.068504,-0.003687,0.068486,-0.997640,0.004871,-0.004012,0.004607,0.999981,0,0.85658,-0.28006,51.395,-0.560,-1,400.000,-1,400.000,-1,325.000,325.000,300.000,300.000,-1,-1,-1,-1,825.000,800.000,-1,-1,2,0,2,0,2,0,0,0,0,2,2,2,2,0,0,2,2
79,-522.757,-9033.353,133.775,-184.490,-0.996918,-0.078292,-0.005056,0.078267,-0.996920,0.005006,-0.005432,0.004595,0.999975,0,0.85465,-0.28118,51.279,-0.562,-1,400.000,-1,400.000,-1,325.000,325.000,300.000,300.000,-1,-1,-1,-1,825.000,775.000,-1,-1,2,0,2,0,2,0,0,0,0,2,2,2,2,0,0,2,2
80,-573.730,-9028.844,133.789,-185.056,-0.996089,-0.088123,-0.006407,0.088090,-0.996099,0.005172,-0.006838,0.004588,0.999966,0,0.85285,-0.28260,51.171,-0.565,-1,400.000,-1,400.000,-1,325.000,325.000,300.000,300.000,-1,-1,-1,-1,825.000,775.000,-1,-1,2,0,2,0,2,0,0,0,0,2,2,2,2,0,0,2,2
81,-624.558,-9023.838,133.779,-185.624,-0.995156,-0.098004,-0.007676,0.097966,-0.995176,0.005270,-0.008155,0.004493,0.999957,0,0.85124,-0.28433,51.074,-0.569,-1,400.000,-1,400.000,-1,325.000,325.000,300.000,300.000,-1,-1,-1,-1,825.000,775.000,-1,-1,2,0,2,0,2,0,0,0,0,2,2,2,2,0,0,2,2
82,-675.249,-9018.334,133.406,-186.197,-0.994119,-0.107948,-0.008608,0.107917,-0.994152,0.003959,-0.008985,0.003006,0.999955,0,0.84982,-0.28636,50.989,-0.573,-1,400.000,-1,400.000,-1,325.000,325.000,300.000,300.000,-1,-1,-1,-1,825.000,775.000,-1,-1,2,0,2,0,2,0,0,0,0,2,2,2,2,0,0,2,2
83,-725.811,-9012.328,132.768,-186.774,-0.992975,-0.117960,-0.009256,0.117932,-0.993016,0.003459,-0.009600,0.002343,0.999951,0,0.84862,-0.28867,50.917,-0.577,-1,400.000,-1,400.000,-1,325.000,325.000,300.000,300.000,-1,-1,-1,-1,825.000,775.000,-1,-1,2,0,2,0,2,0,0,0,0,2,2,2,2,0,0,2,2
84,-776.253,-9005.815,132.111,-187.357,-0.991718,-0.128050,-0.009957,0.128025,-0.991766,0.003079,-0.010270,0.001779,0.999946,0,0.84768,-0.29127,50.861,-0.583,-1,400.000,-1,400.000,-1,325.000,325.000,300.000,300.000,-1,-1,-1,-1,825.000,775.000,-1,-1,2,0,2,0,2,0,0,0,0,2,2,2,2,0,0,2,2
85,-826.585,-8998.790,131.459,-187.945,-0.990343,-0.138226,-0.010645,0.138205,-0.990400,0.002719,-0.010919,0.001222,0.999940,0,0.84700,-0.29415,50.820,-0.588,-1,400.000,-1,400.000,-1,325.000,325.000,300.000,300.000,-1,-1,-1,-1,825.000,775.000,-1,-1,2,0,2,0,2,0,0,0,0,2,2,2,2,0,0,2,2
86,-879.498,-8990.816,130.781,-188.570,-0.988768,-0.149025,-0.011354,0.149008,-0.988833,0.002361,-0.011579,0.000642,0.999933,0,0.89184,-0.31260,53.510,-0.625,-1,400.000,-1,400.000,-1,325.000,325.000,300.000,300.000,-1,-1,-1,-1,825.000,775.000,-1,-1,2,0,2,0,2,0,0,0,0,2,2,2,2,0,0,2,2
87,-932.449,-8982.254,130.109,-189.185,-0.987105,-0.159621,-0.012049,0.159608,-0.987178,0.002022,-0.012217,0.000073,0.999925,0,0.89398,-0.30721,53.639,-0.614,-1,400.000,-1,400.000,-1,325.000,325.000,300.000,300.000,-1,-1,-1,-1,825.000,775.000,-1,-1,2,0,2,0,2,0,0,0,0,2,2,2,2,0,0,2,2
88,-985.411,-8973.117,129.444,-189.788,-0.985361,-0.170005,-0.012727,0.169997,-0.985443,0.001704,-0.012831,-0.000484,0.999918,0,0.89573,-0.30161,53.744,-0.603,-1,400.000,-1,400.000,-1,325.000,325.000,300.000,300.000,-1,-1,-1,-1,825.000,775.000,-1,-1,2,0,2,0,2,0,0,0,0,2,2,2,2,0,0,2,2
89,-1038.354,-8963.420,128.788,-190.380,-0.983544,-0.180170,-0.013387,0.180168,-0.983635,0.001405,-0.013421,-0.001030,0.999909,0,0.89706,-0.29580,53.824,-0.592,-1,400.000,-1,400.000,-1,325.000,325.000,300.000,300.000,-1,-1,-1,-1,825.000,775.000,-1,-1,2,0,2,0,2,0,0,0,0,2,2,2,2,0,0,2,2
90,-1091.249,-8953.177,128.142,-190.959,-0.981662,-0.190112,-0.014029,0.190115,-0.981761,0.001126,-0.013987,-0.001562,0.999901,0,0.89796,-0.28982,53.878,-0.580,-1,400.000,-1,400.000,-1,325.000,325.000,300.000,300.000,-1,-1,-1,-1,825.000,775.000,-1,-1,2,0,2,0,2,0,0,0,0,2,2,2,2,0,0,2,2
91,-1144.067,-8942.406,127.506,-191.527,-0.979722,-0.199824,-0.014650,0.199833,-0.979830,0.000864,-0.014527,-0.002081,0.999892,0,0.89842,-0.28368,53.905,-0.567,-1,400.000,-1,400.000,-1,325.000,325.000,300.000,300.000,-1,-1,-1,-1,825.000,775.000,-1,-1,2,0,2,0,2,0,0,0,0,2,2,2,2,0,0,2,2
92,-1196.779,-8931.123,126.882,-192.081,-0.977732,-0.209302,-0.015250,0.209317,-0.977848,0.000620,-0.015042,-0.002585,0.999884,0,0.89843,-0.27740,53.906,-0.555,-1,400.000,-1,400.000,-1,325.000,325.000,300.000,300.000,-1,-1,-1,-1,-1,775.000,-1,-1,2,0,2,0,2,0,0,0,0,2,2,2,2,2,0,2,2
93,-1249.356,-8919.348,126.241,-192.624,-0.975700,-0.218543,-0.015758,0.218566,-0.975822,0.000252,-0.015432,-0.003198,0.999876,0,0.89800,-0.27102,53.880,-0.542,-1,400.000,-1,400.000,-1,325.000,325.000,300.000,300.000,-1,-1,-1,-1,-1,775.000,-1,-1,2,0,2,0,2,0,0,0,0,2,2,2,2,2,0,2,2
94,-1301.771,-8907.100,125.376,-193.153,-0.973627,-0.227544,-0.016543,0.227591,-0.973756,-0.001028,-0.015875,-0.004766,0.999863,0,0.89711,-0.26456,53.827,-0.529,-1,400.000,-1,400.000,-1,325.000,325.000,300.000,300.000,-1,-1,-1,-1,-1,775.000,-1,-1,2,0,2,0,2,0,0,0,0,2,2,2,2,2,0,2,2
95,-1353.996,-8894.399,124.479,-193.669,-0.971521,-0.236304,-0.017505,0.236381,-0.971657,-0.002419,-0.016437,-0.006488,0.999844,0,0.89579,-0.25807,53.747,-0.516,-1,400.000,-1,400.000,-1,325.000,325.000,300.000,300.000,-1,-1,-1,-1,-1,775.000,-1,-1,2,0,2,0,2,0,0,0,0,2,2,2,2,2,0,2,2
96,-1406.006,-8881.266,123.429,-194.172,-0.969396,-0.244826,-0.018207,0.244921,-0.969538,-0.003184,-0.016872,-0.007546,0.999829,0,0.89404,-0.25158,53.643,-0.503,-1,400.000,-1,400.000,-1,325.000,325.000,300.000,300.000,-1,-1,-1,-1,-1,775.000,-1,-1,2,0,2,0,2,0,0,0,0,2,2,2,2,2,1,2,2
97,-1456.981,-8868.144,122.326,-194.435,-0.968245,-0.249275,-0.019051,0.249384,-0.968398,-0.003528,-0.017569,-0.008167,0.999812,0,0.87728,-0.13158,52.637,-0.263,-1,400.000,-1,400.000,-1,325.000,325.000,300.000,300.000,-1,-1,-1,-1,-1,800.000,-1,-1,2,0,2,0,2,0,0,0,0,2,2,2,2,2,1,2,2
98,-1508.315,-8854.909,121.229,-194.458,-0.968128,-0.249665,-0.019888,0.249787,-0.968293,-0.003861,-0.018294,-0.008706,0.999795,0,0.88354,-0.01158,53.013,-0.023,-1,400.000,-1,400.000,-1,325.000,325.000,300.000,300.000,-1,-1,-1,-1,-1,800.000,-1,-1,2,0,2,0,2,0,0,0,0,2,2,2,2,2,1,2,2
99,-1560.067,-8841.774,120.137,-194.241,-0.969049,-0.245998,-0.020726,0.246133,-0.969227,-0.004197,-0.019056,-0.009168,0.999776,0,0.88987,0.10842,53.392,0.217,-1,400.000,-1,400.000,-1,325.000,325.000,300.000,300.000,-1,-1,-1,-1,-1,800.000,-1,-1,2,0,2,0,2,0,0,0,0,2,2,2,2,2,1,2,2
100,-1612.295,-8828.960,119.046,-193.785,-0.970962,-0.238261,-0.021573,0.238409,-0.971154,-0.004549,-0.019867,-0.009561,0.999757,0,0.89629,0.22842,53.777,0.457,-1,-1,-1,400.000,-1,325.000,325.000,300.000,300.000,-1,-1,-1,-1,-1,825.000,-1,-1,2,2,2,0,2,0,0,0,0,2,2,2,2,2,1,2,2
101,-1665.034,-8816.590,117.957,-193.201,-0.973319,-0.228355,-0.022435,0.228517,-0.973527,-0.004931,-0.020716,-0.009926,0.999736,0,0.90284,0.29183,54.170,0.584,-1,-1,-1,400.000,-1,325.000,325.000,300.000,300.000,-1,-1,-1,-1,-1,825.000,-1,-1,2,2,2,0,2,0,0,0,0,2,2,2,2,2,1,2,2
102,-1718.286,-8804.673,116.870,-192.614,-0.975589,-0.218363,-0.023315,0.218541,-0.975813,-0.005343,-0.021584,-0.010308,0.999714,0,0.90948,0.29366,54.569,0.587,-1,-1,-1,400.000,-1,425.000,325.000,300.000,300.000,-1,-1,-1,-1,-1,825.000,-1,-1,2,2,2,1,2,1,1,0,0,2,2,2,2,2,1,2,2
103,-1772.050,-8793.224,115.787,-192.022,-0.977769,-0.208283,-0.024212,0.208478,-0.978010,-0.005787,-0.022474,-0.010706,0.999690,0,0.91616,0.29557,54.970,0.591,-1,-1,-1,450.000,-1,550.000,375.000,300.000,300.000,-1,-1,-1,-1,-1,825.000,-1,-1,2,2,2,1,2,1,1,0,0,2,2,2,2,2,1,2,2
104,-1826.324,-8782.253,114.704,-191.427,-0.979857,-0.198112,-0.025125,0.198325,-0.980116,-0.006264,-0.023385,-0.011120,0.999665,0,0.92286,0.29757,55.372,0.595,-1,-1,-1,475.000,-1,650.000,450.000,300.000,300.000,-1,-1,-1,-1,-1,825.000,-1,-1,2,2,2,1,2,1,1,0,0,2,2,2,2,2,1,2,2
105,-1881.107,-8771.775,113.623,-190.828,-0.981853,-0.187848,-0.026056,0.188080,-0.982130,-0.006772,-0.024319,-0.011550,0.999638,0,0.92959,0.29969,55.775,0.599,-1,-1,-1,500.000,-1,725.000,500.000,300.000,300.000,-1,-1,-1,-1,-1,850.000,-1,-1,2,2,2,1,2,1,1,0,0,2,2,2,2,2,1,2,2
106,-1936.394,-8761.805,111.477,-190.224,-0.983650,-0.177474,-0.030589,0.177880,-0.983989,-0.011106,-0.028128,-0.016365,0.999470,0,0.93632,0.30195,56.179,0.604,-1,-1,-1,525.000,-1,775.000,550.000,300.000,300.000,-1,-1,-1,-1,-1,850.000,-1,-1,2,2,2,1,2,1,1,0,0,2,2,2,2,2,1,2,2
107,-1992.187,-8752.367,104.094,-189.615,-0.984438,-0.166878,-0.055081,0.168883,-0.985050,-0.033973,-0.048589,-0.042746,0.997904,0,0.94305,0.30440,56.583,0.609,-1,-1,-1,500.000,-1,725.000,525.000,250.000,325.000,-1,-1,-1,-1,-1,800.000,-1,-1,2,2,2,1,2,1,1,0,0,2,2,2,2,2,1,2,2
108,-2048.477,-8743.470,94.872,-189.001,-0.984298,-0.156149,-0.082306,0.160550,-0.985769,-0.049836,-0.073353,-0.062267,0.995360,0,0.94977,0.30707,56.986,0.614,-1,-1,-1,475.000,-1,650.000,475.000,200.000,325.000,-1,-1,-1,-1,-1,725.000,-1,-1,2,2,2,1,2,1,1,0,0,2,2,2,2,2,1,2,2
109,-2105.260,-8735.126,84.555,-188.381,-0.983076,-0.145314,-0.111560,0.152803,-0.986325,-0.061756,-0.101060,-0.077758,0.991837,0,0.95644,0.31002,57.387,0.620,-1,-1,-1,425.000,-1,575.000,425.000,150.000,325.000,-1,-1,-1,-1,-1,650.000,-1,625.000,2,2,2,1,2,1,1,0,0,2,2,2,2,2,1,2,1
110,-2162.526,-8727.356,74.290,-187.754,-0.980967,-0.134335,-0.140206,0.145750,-0.986508,-0.074561,-0.128298,-0.093577,0.987311,0,0.96306,0.31332,57.784,0.627,-1,-1,-1,375.000,400.000,525.000,375.000,125.000,325.000,-1,-1,-1,-1,-1,600.000,-1,500.000,2,2,2,1,1,1,1,0,0,2,2,2,2,2,1,2,1
111,8855.084,-6231.359,-88.679,-134.223,-0.695624,0.716317,0.054750,-0.716795,-0.697146,0.013836,0.048080,-0.029620,0.998404,1,0.00000,0.00000,58.175,0.634,-1,400.000,-1,400.000,-1,325.000,325.000,300.000,275.000,-1,850.000,925.000,-1,850.000,800.000,-1,-1,2,0,2,0,2,0,0,0,0,2,0,0,2,0,0,2,2
112,8851.722,-6234.785,-88.445,-134.463,-0.698619,0.713394,0.054778,-0.713867,-0.700145,0.013846,0.048230,-0.029431,0.998403,0,0.08000,-0.12000,4.800,-0.240,-1,400.000,-1,400.000,-1,325.000,325.000,300.000,275.000,-1,850.000,925.000,-1,850.000,800.000,-1,-1,2,0,2,0,2,0,0,0,0,2,0,0,2,0,0,2,2
113,8844.940,-6241.580,-87.977,-134.943,-0.704571,0.707512,0.054837,-0.707972,-0.706104,0.013862,0.048528,-0.029057,0.998399,0,0.16000,-0.24000,9.600,-0.480,-1,400.000,-1,400.000,-1,325.000,325.000,300.000,275.000,-1,850.000,925.000,-1,850.000,800.000,-1,-1,2,0,2,0,2,0,0,0,0,2,0,0,2,0,0,2,2
114,8834.641,-6251.644,-87.274,-135.663,-0.713406,0.698594,0.054936,-0.699037,-0.714950,0.013876,0.048970,-0.028503,0.998393,0,0.24000,-0.36000,14.400,-0.720,-1,400.000,-1,400.000,-1,325.000,325.000,300.000,275.000,-1,850.000,925.000,-1,850.000,800.000,-1,-1,2,0,2,0,2,0,0,0,0,2,0,0,2,0,0,2,2
115,8820.685,-6264.830,-86.340,-136.623,-0.725010,0.686531,0.055102,-0.686953,-0.726569,0.013874,0.049560,-0.027794,0.998384,0,0.32000,-0.48000,19.200,-0.960,-1,400.000,-1,400.000,-1,325.000,325.000,300.000,275.000,-1,850.000,925.000,-1,850.000,800.000,-1,-1,2,0,2,0,2,0,0,0,0,2,0,0,2,0,0,2,2
116,8802.954,-6281.005,-85.182,-137.627,-0.736919,0.673713,0.055329,-0.674115,-0.738496,0.013853,0.050193,-0.027090,0.998372,0,0.40000,-0.50177,24.000,-1.004,-1,400.000,-1,400.000,-1,325.000,325.000,300.000,275.000,-1,850.000,950.000,-1,850.000,800.000,-1,-1,2,0,2,0,2,0,0,0,0,2,0,0,2,0,0,2,2
117,8781.343,-6300.042,-83.801,-138.624,-0.748527,0.660770,0.055589,-0.661154,-0.750123,0.013811,0.050824,-0.026415,0.998358,0,0.48000,-0.49862,28.800,-0.997,-1,400.000,-1,400.000,-1,325.000,325.000,300.000,275.000,-1,875.000,950.000,-1,875.000,800.000,-1,-1,2,0,2,0,2,0,0,0,0,2,0,0,2,0,0,2,2
118,8755.750,-6321.813,-82.103,-139.613,-0.759826,0.647720,0.055891,-0.648111,-0.761430,0.013275,0.051155,-0.026137,0.998349,0,0.56000,-0.49485,33.600,-0.990,-1,400.000,-1,400.000,-1,325.000,325.000,300.000,275.000,-1,875.000,975.000,-1,875.000,800.000,-1,-1,2,0,2,0,2,0,0,0,0,2,0,0,2,0,0,2,2
119,8726.079,-6346.189,-80.135,-140.594,-0.770802,0.634591,0.056199,-0.635006,-0.772407,0.012432,0.051298,-0.026105,0.998342,0,0.64000,-0.49041,38.400,-0.981,-1,400.000,-1,400.000,-1,325.000,325.000,300.000,275.000,-1,900.000,1000.000,-1,875.000,800.000,-1,-1,2,0,2,0,2,0,0,0,0,2,0,0,2,0,0,2,2
120,8692.240,-6373.044,-77.934,-141.565,-0.781442,0.621416,0.056492,-0.621863,-0.783043,0.011421,0.051333,-0.026205,0.998338,0,0.72000,-0.48526,43.200,-0.971,-1,400.000,-1,400.000,-1,325.000,325.000,300.000,300.000,-1,925.000,-1,-1,900.000,800.000,-1,-1,2,0,2,0,2,0,0,0,0,2,0,2,2,0,0,2,2
121,8654.147,-6402.248,-75.510,-142.523,-0.791734,0.608225,0.056749,-0.608713,-0.793325,0.010241,0.051249,-0.026436,0.998336,0,0.80000,-0.47931,48.000,-0.959,-1,425.000,-1,400.000,-1,325.000,325.000,300.000,300.000,-1,975.000,-1,-1,900.000,800.000,-1,-1,2,0,2,0,2,0,0,0,0,2,0,2,2,0,0,2,2
122,8611.863,-6433.574,-72.883,-143.468,-0.801666,0.595053,0.056951,-0.595589,-0.803240,0.008894,0.051038,-0.026790,0.998337,0,0.87706,-0.47249,52.624,-0.945,-1,425.000,-1,400.000,-1,325.000,325.000,300.000,300.000,-1,-1,-1,-1,900.000,825.000,-1,-1,2,0,2,0,2,0,0,0,0,2,2,2,2,0,0,2,2
123,8569.113,-6464.182,-70.261,-144.398,-0.811219,0.581937,0.057210,-0.582528,-0.812776,0.007469,0.050846,-0.027267,0.998334,0,0.87630,-0.46471,52.578,-0.929,-1,425.000,-1,400.000,-1,325.000,325.000,300.000,300.000,-1,-1,-1,-1,900.000,825.000,-1,-1,2,0,2,0,2,0,0,0,0,2,2,2,2,0,0,2,2
124,8525.903,-6494.090,-67.717,-145.311,-0.820405,0.568899,0.057364,-0.569554,-0.821934,0.005797,0.050447,-0.027916,0.998336,0,0.87584,-0.45663,52.550,-0.913,-1,425.000,-1,400.000,-1,325.000,325.000,300.000,300.000,-1,-1,-1,-1,925.000,825.000,-1,-1,2,0,2,0,2,0,0,0,0,2,2,2,2,0,0,2,2
125,8482.238,-6523.313,-65.248,-146.208,-0.829228,0.555957,0.057385,-0.556683,-0.830716,0.003923,0.049852,-0.028692,0.998344,0,0.87569,-0.44824,52.541,-0.896,-1,425.000,-1,400.000,-1,325.000,325.000,300.000,300.000,-1,-1,-1,-1,925.000,825.000,-1,-1,2,0,2,0,2,0,0,0,0,2,2,2,2,0,0,2,2
126,8438.123,-6551.867,-62.803,-147.087,-0.837691,0.543135,0.057264,-0.543925,-0.839131,0.002095,0.049190,-0.029392,0.998357,0,0.87585,-0.43956,52.551,-0.879,-1,425.000,-1,400.000,-1,325.000,325.000,300.000,300.000,-1,-1,-1,-1,925.000,825.000,-1,-1,2,0,2,0,2,0,0,0,0,2,2,2,2,0,0,2,2
127,8393.559,-6579.770,-60.257,-147.948,-0.845832,0.530460,0.056398,-0.531280,-0.847196,0.000532,0.048062,-0.029513,0.998408,0,0.87630,-0.43058,52.578,-0.861,-1,425.000,-1,400.000,-1,325.000,325.000,300.000,300.000,-1,-1,-1,-1,925.000,825.000,-1,-1,2,0,2,0,2,0,0,0,0,2,2,2,2,0,0,2,2
128,8344.733,-6609.610,-57.555,-148.569,-0.851609,0.521238,0.055432,-0.522094,-0.852887,-0.001144,0.046681,-0.029915,0.998462,0,0.95371,-0.31058,57.222,-0.621,-1,425.000,-1,400.000,-1,325.000,325.000,300.000,300.000,-1,-1,-1,-1,925.000,825.000,-1,-1,2,0,2,0,2,0,0,0,0,2,2,2,2,0,0,2,2
129,8295.607,-6639.036,-54.953,-149.079,-0.856296,0.513612,0.054395,-0.514516,-0.857475,-0.003100,0.045050,-0.030642,0.998515,0,0.95442,-0.25506,57.265,-0.510,-1,425.000,-1,400.000,-1,325.000,325.000,300.000,300.000,-1,-1,-1,-1,900.000,825.000,-1,-1,2,0,2,0,2,0,0,0,0,2,2,2,2,0,0,2,2
130,8246.214,-6668.060,-52.439,-149.561,-0.860666,0.506370,0.053317,-0.507318,-0.861744,-0.005074,0.043376,-0.031416,0.998565,0,0.95484,-0.24095,57.291,-0.482,-1,425.000,-1,400.000,-1,325.000,325.000,300.000,300.000,-1,-1,-1,-1,900.000,825.000,-1,-1,2,0,2,0,2,0,0,0,0,2,2,2,2,0,0,2,2
131,8196.583,-6696.699,-50.005,-150.014,-0.864721,0.499532,0.052206,-0.500520,-0.865697,-0.007015,0.041690,-0.032196,0.998612,0,0.95502,-0.22638,57.301,-0.453,-1,425.000,-1,400.000,-1,325.000,325.000,300.000,300.000,-1,-1,-1,-1,875.000,800.000,-1,-1,2,0,2,0,2,0,0,0,0,2,2,2,2,0,0,2,2
132,8151.013,-6722.770,-47.855,-150.227,-0.866642,0.496301,0.051153,-0.497322,-0.867522,-0.008762,0.040028,-0.033033,0.998652,0,0.87502,-0.10638,52.501,-0.213,-1,425.000,-1,400.000,-1,325.000,325.000,300.000,300.000,-1,-1,-1,-1,875.000,800.000,-1,-1,2,0,2,0,2,0,0,0,0,2,2,2,2,0,0,2,2
133,8109.620,-6746.477,-45.976,-150.199,-0.866472,0.496699,0.050163,-0.497748,-0.867260,-0.010321,0.038378,-0.033911,0.998688,0,0.79502,0.01362,47.701,0.027,-1,425.000,-1,400.000,-1,325.000,325.000,300.000,300.000,-1,-1,-1,-1,875.000,800.000,-1,-1,2,0,2,0,2,0,0,0,0,2,2,2,2,0,0,2,2
134,8072.483,-6767.955,-44.355,-149.957,-0.864427,0.500341,0.049239,-0.501414,-0.865128,-0.011700,0.036744,-0.034803,0.998718,0,0.71502,0.12099,42.901,0.242,-1,425.000,-1,400.000,-1,325.000,325.000,300.000,300.000,-1,-1,-1,-1,850.000,800.000,-1,-1,2,0,2,0,2,0,0,0,0,2,2,2,2,0,0,2,2
135,8037.411,-6788.456,-42.868,-149.693,-0.862167,0.504313,0.048327,-0.505404,-0.862784,-0.013029,0.035125,-0.035658,0.998747,0,0.67708,0.13220,40.625,0.264,-1,425.000,-1,400.000,-1,325.000,325.000,300.000,300.000,-1,-1,-1,-1,850.000,800.000,-1,-1,2,0,2,0,2,0,0,0,0,2,2,2,2,0,0,2,2
136,8002.434,-6809.136,-41.414,-149.407,-0.859701,0.508597,0.047369,-0.509705,-0.860228,-0.014448,0.033400,-0.036565,0.998773,0,0.67722,0.14301,40.633,0.286,-1,425.000,-1,400.000,-1,325.000,325.000,300.000,275.000,-1,-1,-1,-1,850.000,800.000,-1,-1,2,0,2,0,2,0,0,0,0,2,2,2,2,0,0,2,2
137,7967.557,-6830.011,-40.053,-149.099,-0.857010,0.513196,0.046523,-0.514321,-0.857451,-0.015876,0.031744,-0.037534,0.998791,0,0.67744,0.15400,40.647,0.308,-1,425.000,-1,400.000,-1,325.000,325.000,300.000,275.000,-1,-1,-1,-1,825.000,775.000,-1,-1,2,0,2,0,2,0,0,0,0,2,2,2,2,0,0,2,2
138,7932.785,-6851.096,-38.788,-148.769,-0.854090,0.518112,0.045712,-0.519253,-0.854446,-0.017282,0.030105,-0.038496,0.998805,0,0.67776,0.16517,40.665,0.330,-1,400.000,-1,400.000,-1,325.000,325.000,300.000,275.000,-1,-1,-1,-1,825.000,775.000,-1,-1,2,0,2,0,2,0,0,0,0,2,2,2,2,0,0,2,2
