timestep,x_cm,y_cm,z_cm,yaw_deg,basis_xx,basis_xy,basis_xz,basis_yx,basis_yy,basis_yz,basis_zx,basis_zy,basis_zz,teleport_flag,throttle_cmd,steering_cmd,cmd_move_cm,cmd_turn_deg,lidar_cm_0,lidar_cm_1,lidar_cm_2,lidar_cm_3,lidar_cm_4,lidar_cm_5,lidar_cm_6,lidar_cm_7,lidar_cm_8,lidar_cm_9,lidar_cm_10,lidar_cm_11,lidar_cm_12,lidar_cm_13,lidar_cm_14,lidar_cm_15,lidar_cm_16,lidar_class_0,lidar_class_1,lidar_class_2,lidar_class_3,lidar_class_4,lidar_class_5,lidar_class_6,lidar_class_7,lidar_class_8,lidar_class_9,lidar_class_10,lidar_class_11,lidar_class_12,lidar_class_13,lidar_class_14,lidar_class_15,lidar_class_16
0,8853.066,9506.662,-289.954,-114.875,-0.420699,0.907190,0.004203,-0.907147,-0.420620,-0.012780,-0.009826,-0.009190,0.999910,1,0.08000,-0.12000,4.800,-0.240,-1,450.000,1000.000,450.000,-1,375.000,375.000,200.000,275.000,-1,375.000,275.000,-1,775.000,700.000,-1,-1,2,1,1,0,2,0,0,1,0,2,0,0,2,1,1,2,2
1,8848.956,9497.986,-290.620,-115.355,-0.428301,0.903620,0.005332,-0.903577,-0.428198,-0.013931,-0.010306,-0.010784,0.999889,0,0.16000,-0.24000,9.600,-0.480,-1,450.000,975.000,450.000,-1,375.000,375.000,200.000,275.000,-1,375.000,275.000,-1,750.000,700.000,-1,-1,2,1,1,0,2,0,0,1,0,2,0,0,2,1,1,2,2
2,8842.627,9485.052,-291.668,-116.075,-0.439652,0.898140,0.007104,-0.898098,-0.439506,-0.015953,-0.011206,-0.013394,0.999848,0,0.24000,-0.36000,14.400,-0.720,-1,425.000,950.000,450.000,-1,375.000,375.000,175.000,275.000,-1,375.000,275.000,-1,725.000,700.000,-1,-1,2,1,1,0,2,0,0,1,0,2,0,0,2,1,1,2,2
3,8833.900,9467.949,-293.157,-117.035,-0.454692,0.890597,0.009595,-0.890558,-0.454465,-0.019202,-0.012740,-0.017276,0.999770,0,0.32000,-0.48000,19.200,-0.960,-1,425.000,925.000,450.000,-1,350.000,350.000,175.000,275.000,-1,400.000,325.000,-1,675.000,700.000,-1,-1,2,1,1,0,2,0,0,1,0,2,0,0,2,1,1,2,2
4,8822.548,9446.804,-295.164,-118.235,-0.473337,0.880787,0.012872,-0.880750,-0.472964,-0.024164,-0.015195,-0.022775,0.999625,0,0.40000,-0.60000,24.000,-1.200,-1,400.000,875.000,425.000,-1,350.000,350.000,175.000,275.000,-1,450.000,350.000,-1,625.000,700.000,-1,-1,2,1,1,0,2,1,0,1,0,2,0,0,2,1,1,2,2
5,8808.292,9421.779,-297.787,-119.675,-0.495487,0.868449,0.016964,-0.868409,-0.494850,-0.031462,-0.018928,-0.030321,0.999361,0,0.48000,-0.72000,28.800,-1.440,-1,375.000,825.000,425.000,-1,350.000,350.000,150.000,300.000,-1,500.000,450.000,-1,575.000,675.000,900.000,-1,2,1,1,0,2,1,0,1,0,2,0,0,2,1,1,1,2
6,8790.862,9393.053,-300.918,-121.256,-0.519510,0.854196,0.021403,-0.854135,-0.518452,-0.040747,-0.023709,-0.039449,0.998940,0,0.56000,-0.79035,33.600,-1.581,-1,350.000,775.000,425.000,-1,325.000,325.000,125.000,300.000,-1,650.000,600.000,-1,525.000,650.000,725.000,-1,2,1,1,0,2,1,0,1,0,2,0,0,2,1,1,1,2
7,8770.039,9360.789,-300.663,-122.835,-0.542798,0.839743,0.014198,-0.839434,-0.541903,-0.041124,-0.026840,-0.034240,0.999053,0,0.64000,-0.78972,38.400,-1.579,-1,350.000,725.000,400.000,-1,300.000,325.000,150.000,300.000,-1,825.000,750.000,-1,500.000,650.000,650.000,-1,2,1,1,0,2,1,0,1,0,2,0,0,2,1,1,1,2
8,8745.620,9325.151,-299.755,-124.414,-0.565562,0.824700,0.002896,-0.824060,-0.564977,-0.041546,-0.032627,-0.025884,0.999132,0,0.72000,-0.78943,43.200,-1.579,-1,325.000,675.000,400.000,-1,300.000,325.000,150.000,275.000,-1,-1,-1,-1,450.000,625.000,575.000,-1,2,1,1,0,2,1,0,1,0,2,2,2,2,1,1,1,2
9,8717.409,9286.316,-299.212,-125.993,-0.587833,0.808949,-0.007271,-0.808097,-0.587587,-0.041486,-0.037832,-0.018511,0.999113,0,0.80000,-0.78961,48.000,-1.579,700.000,300.000,650.000,400.000,-1,275.000,325.000,175.000,275.000,-1,-1,-1,-1,425.000,575.000,500.000,-1,1,1,1,0,2,1,1,1,0,2,2,2,2,1,1,1,2
10,8686.875,9246.633,-298.500,-127.574,-0.609625,0.792526,-0.016131,-0.791692,-0.609752,-0.037771,-0.039770,-0.010256,0.999156,0,0.83451,-0.79042,50.070,-1.581,575.000,300.000,650.000,375.000,-1,275.000,300.000,200.000,275.000,-1,-1,-1,-1,400.000,575.000,425.000,1000.000,1,1,1,1,2,1,1,1,0,2,2,2,2,1,1,1,1
11,8655.767,9208.435,-297.698,-129.158,-0.631047,0.775409,-0.022811,-0.774798,-0.631456,-0.030841,-0.038318,-0.001789,0.999264,0,0.82104,-0.79191,49.262,-1.584,500.000,275.000,650.000,375.000,-1,250.000,275.000,225.000,250.000,-1,-1,-1,-1,375.000,550.000,400.000,-1,1,1,1,1,2,1,1,1,0,2,2,2,2,1,1,1,2
12,8624.103,9171.683,-296.970,-130.746,-0.652166,0.757599,-0.026898,-0.757313,-0.652691,-0.021721,-0.034012,0.006204,0.999402,0,0.80853,-0.79400,48.512,-1.588,450.000,275.000,700.000,375.000,-1,250.000,275.000,250.000,250.000,-1,-1,-1,-1,350.000,550.000,350.000,-1,1,1,1,1,2,1,1,1,0,2,2,2,2,1,1,1,2
13,8591.889,9136.328,-296.390,-132.339,-0.672992,0.739102,-0.028457,-0.739154,-0.673451,-0.010700,-0.027073,0.013833,0.999538,0,0.79717,-0.79664,47.830,-1.593,400.000,250.000,775.000,375.000,-1,225.000,275.000,300.000,250.000,475.000,-1,-1,-1,325.000,575.000,325.000,-1,1,1,1,1,2,1,1,1,0,1,2,2,2,1,1,1,2
14,8559.122,9102.321,-296.096,-133.939,-0.693493,0.719918,-0.028025,-0.720236,-0.693727,0.001845,-0.018113,0.021464,0.999606,0,0.78707,-0.79979,47.224,-1.600,350.000,250.000,-1,375.000,-1,225.000,275.000,350.000,250.000,425.000,-1,-1,-1,325.000,600.000,300.000,-1,1,1,2,1,2,1,1,1,0,1,2,2,2,1,1,1,2
15,8521.841,9066.036,-295.833,-135.778,-0.716529,0.697149,-0.023859,-0.697537,-0.716347,0.016980,-0.005254,0.028809,0.999571,0,0.86707,-0.91979,52.024,-1.840,300.000,225.000,-1,375.000,-1,225.000,275.000,400.000,250.000,400.000,-1,-1,925.000,300.000,650.000,275.000,-1,1,1,2,1,2,1,1,1,0,1,2,2,0,1,1,1,2
16,8479.862,9027.737,-295.869,-137.629,-0.739040,0.673498,-0.014838,-0.673544,-0.738321,0.034950,0.012583,0.035824,0.999279,0,0.94707,-0.92534,56.824,-1.851,250.000,225.000,-1,400.000,-1,225.000,300.000,450.000,250.000,375.000,800.000,525.000,725.000,325.000,775.000,225.000,-1,1,1,2,1,2,1,1,1,0,1,0,0,0,1,1,1,2
17,8434.273,8988.726,-296.113,-139.452,-0.760370,0.649489,-0.001130,-0.648541,-0.759164,0.055361,0.035099,0.042828,0.998466,0,1.00000,-0.91154,60.000,-1.823,225.000,250.000,-1,425.000,-1,250.000,300.000,500.000,250.000,375.000,250.000,150.000,525.000,350.000,-1,200.000,-1,1,1,2,1,2,1,1,1,0,1,1,0,0,1,2,1,2
18,-3607.628,5575.416,-80.510,172.127,-0.990586,-0.136891,0.000605,0.136781,-0.989948,-0.035966,0.005523,-0.035545,0.999353,1,0.00000,0.00000,60.000,-1.791,-1,375.000,-1,375.000,-1,325.000,325.000,300.000,325.000,-1,400.000,375.000,675.000,725.000,725.000,-1,-1,2,0,2,0,2,0,0,0,0,2,1,1,1,0,0,2,2
19,-3602.876,5574.739,-80.539,171.887,-0.990004,-0.141036,0.000528,0.140926,-0.989367,-0.035950,0.005592,-0.035516,0.999353,0,-0.08000,-0.12000,-4.800,-0.240,-1,375.000,-1,375.000,-1,325.000,325.000,300.000,325.000,-1,400.000,375.000,675.000,725.000,725.000,-1,-1,2,0,2,0,2,0,0,0,0,2,1,1,1,0,0,2,2
20,-3593.384,5573.305,-80.602,171.407,-0.988789,-0.149320,0.000373,0.149210,-0.988153,-0.035917,0.005732,-0.035459,0.999355,0,-0.16000,-0.24000,-9.600,-0.480,-1,375.000,-1,375.000,-1,325.000,325.000,300.000,325.000,-1,400.000,350.000,675.000,725.000,725.000,-1,-1,2,0,2,0,2,0,0,0,0,2,1,1,1,0,0,2,2
21,-3579.174,5570.974,-80.702,170.687,-0.986836,-0.161726,0.000143,0.161617,-0.986202,-0.035865,0.005941,-0.035370,0.999357,0,-0.24000,-0.36000,-14.400,-0.720,-1,375.000,-1,375.000,-1,325.000,325.000,300.000,325.000,-1,375.000,350.000,650.000,725.000,725.000,-1,-1,2,0,2,0,2,0,0,0,0,2,1,1,1,0,0,2,2
22,-3560.282,5567.550,-80.848,169.727,-0.983989,-0.178227,-0.000162,0.178119,-0.983358,-0.035791,0.006220,-0.035247,0.999359,0,-0.32000,-0.48000,-19.200,-0.960,-1,375.000,-1,375.000,-1,325.000,325.000,300.000,325.000,-1,375.000,325.000,600.000,725.000,725.000,-1,-1,2,0,2,0,2,0,0,0,0,2,1,1,1,0,0,2,2
23,-3536.762,5562.777,-81.050,168.527,-0.980043,-0.198783,-0.000536,0.198675,-0.979415,-0.035691,0.006570,-0.035085,0.999363,0,-0.40000,-0.60000,-24.000,-1.200,-1,375.000,-1,375.000,-1,325.000,325.000,300.000,325.000,-1,350.000,300.000,575.000,725.000,725.000,-1,-1,2,0,2,0,2,0,0,0,0,2,1,1,1,0,0,2,2
24,-3508.690,5556.341,-81.321,167.087,-0.974741,-0.223335,-0.000976,0.223227,-0.974118,-0.035560,0.006991,-0.034879,0.999367,0,-0.48000,-0.72000,-28.800,-1.440,-1,375.000,-1,375.000,-1,325.000,325.000,300.000,325.000,-1,325.000,275.000,525.000,725.000,725.000,-1,-1,2,0,2,0,2,0,0,0,0,2,1,1,1,0,0,2,2
25,-3476.174,5547.876,-81.673,165.407,-0.967778,-0.251800,-0.001472,0.251692,-0.967160,-0.035395,0.007489,-0.034625,0.999372,0,-0.56000,-0.84000,-33.600,-1.680,-1,375.000,-1,375.000,-1,325.000,325.000,300.000,300.000,-1,300.000,250.000,500.000,725.000,725.000,-1,-1,2,0,2,0,2,0,0,0,0,2,1,1,1,0,0,2,2
26,-3441.507,5537.598,-82.097,163.487,-0.958803,-0.284065,-0.001986,0.283957,-0.958191,-0.035196,0.008095,-0.034310,0.999378,0,-0.60265,-0.96000,-36.159,-1.920,-1,375.000,-1,375.000,-1,300.000,325.000,300.000,300.000,-1,275.000,225.000,450.000,725.000,725.000,-1,-1,2,0,2,0,2,0,0,0,0,2,1,1,1,0,0,2,2
27,-3406.881,5526.004,-82.572,161.487,-0.948310,-0.317336,-0.002478,0.317225,-0.947705,-0.034978,0.008752,-0.033956,0.999385,0,-0.60859,-1.00000,-36.516,-2.000,-1,375.000,-1,375.000,-1,300.000,325.000,300.000,300.000,-1,275.000,200.000,400.000,725.000,725.000,-1,-1,2,0,2,0,2,0,0,0,0,2,1,1,1,0,0,2,2
28,-3372.419,5513.111,-83.034,159.487,-0.936663,-0.350219,-0.002851,0.350099,-0.936057,-0.035031,0.009600,-0.033810,0.999382,0,-0.61326,-1.00000,-36.795,-2.000,-1,375.000,-1,375.000,-1,300.000,325.000,300.000,300.000,-1,250.000,175.000,350.000,725.000,725.000,-1,-1,2,0,2,0,2,0,0,0,0,2,1,1,1,0,0,2,2
29,-3338.246,5498.946,-83.189,157.487,-0.923881,-0.382659,-0.004085,0.382548,-0.923229,-0.036138,0.010057,-0.034949,0.999338,0,-0.61654,-1.00000,-36.992,-2.000,-1,375.000,-1,400.000,-1,300.000,325.000,300.000,300.000,-1,225.000,150.000,325.000,700.000,725.000,-1,-1,2,0,2,0,2,0,0,0,0,2,1,1,1,0,0,2,2
30,-3304.499,5483.550,-80.523,155.487,-0.909906,-0.414449,-0.017415,0.414809,-0.908879,-0.043263,0.002102,-0.046589,0.998912,0,-0.61822,-1.00000,-37.093,-2.000,-1,375.000,-1,400.000,-1,300.000,325.000,300.000,325.000,-1,300.000,150.000,325.000,675.000,725.000,-1,-1,2,0,2,0,2,0,0,0,0,2,1,1,1,0,0,2,2
31,-3271.319,5466.990,-78.353,153.487,-0.894710,-0.445686,-0.029298,0.446625,-0.893402,-0.048573,-0.004526,-0.056544,0.998390,0,-0.61806,-1.00000,-37.084,-2.000,-1,350.000,-1,400.000,-1,300.000,300.000,275.000,350.000,-1,950.000,200.000,325.000,625.000,725.000,-1,-1,2,0,2,0,2,0,0,0,0,2,1,1,1,0,0,2,2
32,-3238.856,5449.346,-76.621,151.487,-0.878354,-0.476348,-0.039833,0.477906,-0.876850,-0.052343,-0.009993,-0.065012,0.997834,0,-0.61581,-1.00000,-36.949,-2.000,950.000,350.000,-1,400.000,-1,300.000,300.000,275.000,375.000,-1,1000.000,275.000,325.000,600.000,725.000,-1,-1,0,0,2,0,2,0,0,0,0,2,1,1,1,0,0,2,2
33,-3203.771,5428.857,-75.165,149.727,-0.862978,-0.502778,-0.049829,0.505015,-0.861333,-0.055358,-0.015087,-0.072937,0.997222,0,-0.67717,-0.88000,-40.630,-1.760,800.000,350.000,-1,400.000,-1,300.000,300.000,275.000,375.000,-1,-1,900.000,300.000,575.000,725.000,850.000,-1,0,0,2,0,2,0,0,0,1,2,2,1,1,0,0,0,2
34,-3169.549,5407.631,-74.103,148.201,-0.848947,-0.525275,-0.058095,0.528133,-0.847223,-0.057348,-0.019096,-0.079368,0.996662,0,-0.67119,-0.76290,-40.271,-1.526,675.000,325.000,-1,400.000,-1,300.000,300.000,275.000,350.000,-1,-1,925.000,325.000,575.000,725.000,750.000,-1,0,0,2,0,2,0,0,0,1,2,2,1,1,0,0,0,2
35,-3136.298,5385.740,-73.454,146.650,-0.834110,-0.547799,-0.064632,0.551165,-0.832359,-0.058271,-0.021876,-0.084227,0.996206,0,-0.66353,-0.77564,-39.812,-1.551,625.000,325.000,-1,400.000,-1,300.000,300.000,275.000,325.000,-1,-1,1000.000,325.000,550.000,725.000,700.000,-1,0,0,2,0,2,0,0,0,1,2,2,1,1,0,0,0,2
36,-3104.179,5363.308,-73.234,145.075,-0.818490,-0.570306,-0.069458,0.574040,-0.816750,-0.058286,-0.023489,-0.087578,0.995881,0,-0.65297,-0.78755,-39.178,-1.575,575.000,325.000,-1,400.000,-1,275.000,300.000,250.000,300.000,-1,-1,-1,350.000,550.000,725.000,650.000,-1,0,0,2,0,2,0,0,0,1,2,2,2,1,0,0,0,2
37,-3073.352,5340.476,-73.433,143.478,-0.802113,-0.592750,-0.072544,0.596691,-0.800405,-0.057538,-0.023959,-0.089438,0.995704,0,-0.63938,-0.79854,-38.363,-1.597,550.000,325.000,-1,400.000,-1,275.000,300.000,250.000,275.000,-1,-1,-1,375.000,550.000,725.000,625.000,-1,0,0,2,0,2,0,0,0,1,2,2,2,1,0,0,0,2
38,-3043.968,5317.402,-74.126,141.861,-0.785014,-0.615055,-0.073897,0.619050,-0.783303,-0.056681,-0.023022,-0.090242,0.995654,0,-0.62270,-0.80850,-37.362,-1.617,550.000,325.000,-1,400.000,-1,275.000,300.000,250.000,250.000,-1,-1,-1,400.000,550.000,725.000,625.000,-1,0,0,2,0,2,0,0,0,1,2,2,2,1,0,0,0,2
39,-3016.160,5294.256,-75.299,140.226,-0.767210,-0.637157,-0.073618,0.641062,-0.765448,-0.055944,-0.020706,-0.090115,0.995716,0,-0.60303,-0.81735,-36.182,-1.635,550.000,325.000,-1,400.000,-1,275.000,300.000,250.000,225.000,-1,-1,-1,450.000,550.000,750.000,625.000,-1,0,0,2,0,2,0,0,0,1,2,2,2,1,0,0,0,2
40,-2990.040,5271.212,-76.800,138.576,-0.748689,-0.659019,-0.071822,0.662691,-0.746879,-0.054889,-0.017469,-0.088690,0.995906,0,-0.58057,-0.82504,-34.834,-1.650,575.000,325.000,-1,400.000,-1,275.000,300.000,250.000,200.000,-1,-1,-1,475.000,550.000,750.000,675.000,-1,0,0,2,0,2,0,0,0,1,2,2,2,1,0,0,0,2
41,-2965.690,5248.441,-78.585,136.913,-0.729458,-0.680574,-0.068638,0.683894,-0.727606,-0.053655,-0.013425,-0.086080,0.996198,0,-0.55567,-0.83154,-33.340,-1.663,600.000,325.000,-1,400.000,-1,300.000,300.000,250.000,175.000,-1,-1,-1,475.000,575.000,750.000,700.000,-1,0,0,2,0,2,0,0,0,1,2,2,2,1,0,0,0,2
42,-2943.158,5226.104,-80.609,135.239,-0.709520,-0.701752,-0.064229,0.704632,-0.707636,-0.052389,-0.008687,-0.082428,0.996559,0,-0.52880,-0.83686,-31.728,-1.674,675.000,350.000,-1,400.000,-1,300.000,300.000,250.000,175.000,-1,-1,-1,475.000,575.000,750.000,800.000,-1,0,0,2,0,2,0,0,0,1,2,2,2,1,0,0,0,2
43,-2922.462,5204.346,-82.825,133.557,-0.688883,-0.722486,-0.058778,0.724865,-0.686984,-0.051220,-0.003374,-0.077890,0.996956,0,-0.50050,-0.84103,-30.030,-1.682,750.000,350.000,-1,400.000,-1,300.000,325.000,275.000,150.000,-1,-1,-1,475.000,600.000,775.000,900.000,-1,0,0,2,0,2,0,0,0,1,2,2,2,1,0,0,0,2
44,-2903.585,5183.289,-84.042,131.869,-0.667749,-0.742472,-0.053349,0.744364,-0.665455,-0.055602,0.005782,-0.076839,0.997027,0,-0.47135,-0.84413,-28.281,-1.688,900.000,350.000,-1,425.000,-1,300.000,325.000,275.000,150.000,-1,-1,-1,475.000,625.000,825.000,-1,-1,0,0,2,0,2,0,0,0,1,2,2,2,1,0,0,2,2
45,-2886.481,5163.032,-84.141,130.176,-0.646180,-0.761630,-0.048698,0.762952,-0.643090,-0.065871,0.018852,-0.079719,0.996639,0,-0.44190,-0.84624,-26.514,-1.692,-1,375.000,-1,450.000,-1,325.000,350.000,275.000,150.000,-1,-1,-1,475.000,675.000,900.000,-1,-1,2,0,2,0,2,0,0,0,1,2,2,2,1,0,0,2,2
46,-2871.075,5143.652,-84.614,128.481,-0.623941,-0.780235,-0.043933,0.780849,-0.620215,-0.074885,0.031180,-0.081029,0.996224,0,-0.41266,-0.84747,-24.759,-1.695,-1,400.000,-1,475.000,-1,350.000,350.000,275.000,150.000,-1,-1,-1,475.000,750.000,1000.000,-1,-1,2,0,2,0,2,0,0,0,1,2,2,2,1,0,0,2,2
47,-2857.275,5125.200,-85.356,126.786,-0.601064,-0.798240,-0.039175,0.798050,-0.596847,-0.083010,0.042880,-0.081158,0.995778,0,-0.38405,-0.84795,-23.043,-1.696,-1,425.000,-1,500.000,-1,350.000,375.000,275.000,150.000,-1,-1,-1,475.000,800.000,-1,-1,-1,2,0,2,0,2,0,0,0,1,2,2,2,1,0,2,2,2
48,-2844.981,5107.706,-86.310,125.090,-0.577576,-0.815607,-0.034505,0.814553,-0.573006,-0.090378,0.053941,-0.080307,0.995310,0,-0.35641,-0.84777,-21.385,-1.696,-1,425.000,-1,525.000,-1,375.000,400.000,275.000,150.000,-1,825.000,900.000,475.000,850.000,-1,-1,-1,2,0,2,0,2,0,0,0,1,2,0,0,1,0,2,2,2
49,-2834.082,5091.181,-87.425,123.396,-0.553512,-0.832301,-0.029997,0.830351,-0.548716,-0.097103,0.064359,-0.078655,0.994822,0,-0.32996,-0.84706,-19.798,-1.694,-1,450.000,-1,550.000,-1,375.000,400.000,275.000,150.000,-1,550.000,650.000,450.000,925.000,-1,-1,-1,2,0,2,0,2,0,0,0,1,2,0,1,1,0,2,2,2
50,-2824.467,5075.623,-88.659,121.704,-0.528908,-0.848290,-0.025714,0.845435,-0.523997,-0.103276,0.074134,-0.076363,0.994320,0,-0.30487,-0.84592,-18.292,-1.692,-1,475.000,-1,575.000,-1,400.000,425.000,275.000,150.000,-1,325.000,450.000,450.000,1000.000,-1,-1,-1,2,0,2,0,2,0,0,0,1,2,0,0,1,0,2,2,2
51,-2816.028,5061.017,-89.160,120.015,-0.503955,-0.863355,-0.025464,0.859936,-0.498762,-0.108383,0.080872,-0.076518,0.993783,0,-0.28119,-0.84445,-16.871,-1.689,-1,500.000,-1,575.000,-1,400.000,425.000,275.000,175.000,-1,225.000,350.000,450.000,-1,-1,-1,-1,2,0,2,0,2,0,0,0,1,2,0,0,1,2,2,2,2
52,-2808.656,5047.341,-88.972,118.330,-0.478737,-0.877483,-0.028885,0.873853,-0.473063,-0.112210,0.084798,-0.078960,0.993265,0,-0.25895,-0.84271,-15.537,-1.685,-1,500.000,-1,600.000,-1,425.000,450.000,275.000,175.000,-1,200.000,350.000,475.000,-1,-1,-1,-1,2,0,2,0,2,0,0,0,1,2,0,0,1,2,2,2,2
53,-2802.249,5034.572,-88.864,116.648,-0.453152,-0.890848,-0.032304,0.887052,-0.447040,-0.115303,0.088276,-0.080905,0.992805,0,-0.23813,-0.84079,-14.288,-1.682,-1,500.000,-1,600.000,-1,425.000,450.000,250.000,175.000,-1,200.000,325.000,500.000,-1,-1,-1,-1,2,0,2,1,2,0,0,0,1,2,0,0,1,2,2,2,2
54,-2796.710,5022.680,-88.824,114.975,-0.427288,-0.903411,-0.035682,0.899489,-0.420783,-0.117732,0.091346,-0.082401,0.992404,0,-0.21867,-0.83669,-13.120,-1.673,-1,500.000,-1,575.000,-1,425.000,450.000,250.000,200.000,-1,175.000,325.000,525.000,-1,-1,-1,-1,2,0,2,1,2,0,0,0,1,2,0,0,1,2,2,2,2
55,-2791.942,5011.634,-88.855,113.352,-0.401833,-0.914886,-0.038905,0.910876,-0.394989,-0.119533,0.093992,-0.083469,0.992068,0,-0.20054,-0.81159,-12.032,-1.623,-1,525.000,-1,550.000,-1,425.000,475.000,250.000,200.000,-1,175.000,300.000,575.000,-1,-1,-1,-1,2,0,2,1,2,0,0,0,1,2,0,0,1,2,2,2,2
56,-2787.848,5001.387,-88.945,111.776,-0.376790,-0.925348,-0.041957,0.921283,-0.369657,-0.120795,0.096267,-0.084169,0.991790,0,-0.18393,-0.78794,-11.036,-1.576,-1,525.000,-1,525.000,725.000,450.000,475.000,250.000,225.000,-1,150.000,300.000,675.000,-1,-1,-1,-1,2,0,2,1,1,0,0,0,1,2,0,0,1,2,2,2,2
57,-2784.345,4991.891,-89.083,110.244,-0.352160,-0.934866,-0.044832,0.930772,-0.344786,-0.121596,0.098219,-0.084549,0.991567,0,-0.16871,-0.76564,-10.123,-1.531,-1,525.000,-1,500.000,500.000,450.000,475.000,250.000,225.000,-1,150.000,300.000,-1,-1,-1,-1,-1,2,0,2,1,1,0,0,0,1,2,0,0,2,2,2,2,2
58,-2781.360,4983.100,-89.258,108.755,-0.327941,-0.943502,-0.047523,0.939403,-0.320371,-0.122004,0.099886,-0.084654,0.991391,0,-0.15475,-0.74460,-9.285,-1.489,-1,525.000,-1,475.000,350.000,450.000,475.000,250.000,250.000,1000.000,150.000,300.000,-1,-1,-1,-1,-1,2,0,2,1,1,0,0,0,1,0,0,0,2,2,2,2,2
59,-2778.826,4974.972,-89.464,107.306,-0.304133,-0.951315,-0.050033,0.947228,-0.296406,-0.122077,0.101303,-0.084520,0.991259,0,-0.14192,-0.72472,-8.515,-1.449,-1,525.000,-1,450.000,300.000,450.000,450.000,250.000,250.000,950.000,150.000,300.000,-1,-1,-1,-1,-1,2,0,2,1,1,0,1,0,1,0,0,0,2,2,2,2,2
60,-2776.687,4967.464,-89.693,105.894,-0.280732,-0.958357,-0.052362,0.954297,-0.272885,-0.121864,0.102501,-0.084180,0.991165,0,-0.13012,-0.70593,-7.807,-1.412,-1,525.000,-1,425.000,300.000,450.000,425.000,250.000,275.000,925.000,150.000,300.000,-1,-1,925.000,-1,-1,2,0,2,1,1,0,1,0,1,0,0,0,2,2,1,2,2
61,-2774.893,4960.539,-89.929,104.518,-0.257729,-0.964680,-0.054485,0.960661,-0.249800,-0.121370,0.103473,-0.083622,0.991111,0,-0.11924,-0.68812,-7.154,-1.376,-1,525.000,-1,400.000,275.000,450.000,400.000,250.000,275.000,925.000,150.000,300.000,-1,-1,850.000,-1,-1,2,0,2,1,1,0,1,0,1,0,0,0,2,2,1,2,2
62,-2774.348,4958.249,-89.869,103.381,-0.238646,-0.969468,-0.056393,0.965488,-0.230628,-0.121013,0.104312,-0.083326,0.991048,0,-0.03924,-0.56812,-2.354,-1.136,-1,525.000,-1,400.000,275.000,450.000,400.000,250.000,275.000,900.000,150.000,300.000,-1,-1,800.000,-1,-1,2,0,2,1,1,0,1,0,1,0,0,0,2,2,1,2,2
63,-2774.870,4960.639,-89.445,102.336,-0.221070,-0.973502,-0.058498,0.969559,-0.212907,-0.120936,0.105277,-0.083452,0.990935,0,0.04076,-0.52246,2.446,-1.045,-1,550.000,-1,375.000,275.000,450.000,400.000,250.000,300.000,875.000,150.000,300.000,-1,-1,750.000,-1,-1,2,0,2,1,1,0,1,0,1,0,0,0,2,2,1,2,2
64,-2776.291,4967.745,-88.616,101.306,-0.203742,-0.977121,-0.061030,0.973215,-0.195358,-0.121190,0.106494,-0.084087,0.990751,0,0.12076,-0.51514,7.246,-1.030,-1,550.000,-1,375.000,275.000,450.000,375.000,250.000,300.000,850.000,150.000,300.000,-1,-1,725.000,-1,-1,2,0,2,1,1,0,1,0,1,0,0,0,2,2,1,2,2
65,-2778.442,4979.598,-87.358,100.284,-0.186572,-0.980349,-0.064083,0.976485,-0.177874,-0.121812,0.108020,-0.085303,0.990482,0,0.20076,-0.51118,12.046,-1.022,-1,550.000,-1,375.000,250.000,475.000,375.000,250.000,300.000,800.000,150.000,300.000,-1,-1,700.000,-1,800.000,2,0,2,1,1,0,1,0,1,0,0,0,2,2,1,2,1
66,-2781.154,4996.224,-85.651,99.263,-0.169471,-0.983204,-0.067745,0.979389,-0.160350,-0.122825,0.109899,-0.087164,0.990113,0,0.28076,-0.51054,16.846,-1.021,-1,550.000,-1,375.000,250.000,475.000,375.000,250.000,300.000,750.000,125.000,300.000,-1,-1,700.000,-1,625.000,2,0,2,1,1,0,1,0,1,0,0,0,2,2,1,2,1
67,-2784.257,5017.647,-83.478,98.236,-0.152345,-0.985694,-0.072105,0.981941,-0.142677,-0.124237,0.112172,-0.089730,0.989629,0,0.36076,-0.51327,21.646,-1.027,-1,550.000,-1,375.000,250.000,475.000,375.000,250.000,300.000,700.000,125.000,300.000,-1,-1,675.000,-1,550.000,2,0,2,1,1,0,1,0,1,0,0,0,2,2,1,2,1
68,-2787.572,5043.886,-80.818,97.197,-0.135103,-0.987815,-0.077258,0.984149,-0.124743,-0.126052,0.114879,-0.093063,0.989011,0,0.44076,-0.51947,26.446,-1.039,-1,575.000,-1,375.000,225.000,500.000,375.000,250.000,300.000,650.000,125.000,300.000,-1,-1,675.000,-1,550.000,2,0,2,1,1,0,1,0,1,0,0,0,2,2,1,2,1
69,-2790.916,5074.953,-77.652,96.139,-0.117647,-0.989555,-0.083306,0.986012,-0.106427,-0.128270,0.118064,-0.097231,0.988234,0,0.52076,-0.52936,31.246,-1.059,-1,575.000,-1,375.000,225.000,500.000,375.000,250.000,275.000,575.000,100.000,300.000,-1,-1,675.000,-1,550.000,2,0,2,1,1,1,1,0,1,0,0,0,2,2,1,2,1
70,-2794.094,5110.860,-73.956,95.052,-0.099877,-0.990887,-0.090372,0.987519,-0.087600,-0.130890,0.121781,-0.102316,0.987269,0,0.60076,-0.54324,36.046,-1.086,-1,600.000,-1,375.000,225.000,500.000,375.000,250.000,275.000,525.000,75.000,300.000,-1,-1,675.000,-1,575.000,2,0,2,1,1,1,1,0,1,0,0,0,2,2,1,2,1
71,7543.217,-2951.700,59.923,175.887,-0.996343,-0.071702,-0.046472,0.072617,-0.997192,-0.018310,-0.045028,-0.021617,0.998752,1,0.00000,0.00000,40.846,-1.123,-1,400.000,-1,375.000,900.000,325.000,325.000,300.000,325.000,-1,450.000,450.000,-1,700.000,625.000,-1,975.000,2,0,2,0,0,0,0,0,0,2,0,0,2,0,0,2,0
72,7538.428,-2951.376,59.707,176.127,-0.996646,-0.067524,-0.046228,0.068433,-0.997487,-0.018371,-0.044872,-0.021473,0.998762,0,0.08000,0.12000,4.800,0.240,-1,400.000,-1,375.000,900.000,325.000,325.000,300.000,300.000,-1,450.000,450.000,-1,700.000,625.000,-1,975.000,2,0,2,0,0,0,0,0,0,2,0,0,2,0,0,2,0
73,7528.845,-2950.808,59.273,176.607,-0.997200,-0.059166,-0.045743,0.060063,-0.998023,-0.018483,-0.044559,-0.021179,0.998782,0,0.16000,0.24000,9.600,0.480,-1,400.000,-1,375.000,900.000,325.000,325.000,300.000,300.000,-1,450.000,450.000,-1,700.000,625.000,-1,975.000,2,0,2,0,0,0,0,0,0,2,0,0,2,0,0,2,0
74,7514.461,-2950.136,58.616,177.327,-0.997898,-0.046620,-0.045018,0.047498,-0.998698,-0.018627,-0.044091,-0.020726,0.998812,0,0.24000,0.36000,14.400,0.720,-1,400.000,-1,375.000,900.000,325.000,325.000,300.000,300.000,-1,450.000,450.000,-1,700.000,625.000,-1,975.000,2,0,2,0,0,0,0,0,0,2,0,0,2,0,0,2,0
75,7495.270,-2949.562,57.730,178.287,-0.998582,-0.029882,-0.044060,0.030733,-0.999351,-0.018769,-0.043471,-0.020097,0.998853,0,0.32000,0.48000,19.200,0.960,-1,400.000,-1,375.000,900.000,325.000,325.000,300.000,300.000,-1,450.000,450.000,-1,700.000,625.000,-1,975.000,2,0,2,0,0,0,0,0,0,2,0,0,2,0,0,2,0
76,7471.271,-2949.347,56.606,179.487,-0.999040,-0.008947,-0.042880,0.009763,-0.999774,-0.018870,-0.042701,-0.019271,0.998902,0,0.40000,0.60000,24.000,1.200,-1,400.000,-1,375.000,900.000,325.000,325.000,300.000,300.000,-1,450.000,475.000,-1,700.000,625.000,-1,1000.000,2,0,2,0,0,0,0,0,0,2,0,0,2,0,0,2,0
77,7442.475,-2949.813,55.235,180.927,-0.999008,0.016181,-0.041495,-0.015408,-0.999703,-0.018874,-0.041788,-0.018216,0.998960,0,0.48000,0.72000,28.800,1.440,-1,400.000,-1,375.000,900.000,325.000,325.000,300.000,300.000,-1,475.000,475.000,-1,700.000,625.000,-1,1000.000,2,0,2,0,0,0,0,0,0,2,0,0,2,0,0,2,0
78,7408.910,-2951.341,53.601,182.607,-0.998166,0.045484,-0.039936,-0.044765,-0.998822,-0.018714,-0.040740,-0.016892,0.999027,0,0.56000,0.84000,33.600,1.680,-1,400.000,-1,375.000,900.000,325.000,325.000,300.000,300.000,-1,475.000,500.000,-1,700.000,650.000,-1,-1,2,0,2,0,0,0,0,0,0,2,0,0,2,0,0,2,2
79,7370.630,-2954.371,51.691,184.527,-0.996147,0.078925,-0.038249,-0.078271,-0.996764,-0.018310,-0.039570,-0.015246,0.999100,0,0.64000,0.96000,38.400,1.920,-1,375.000,-1,375.000,900.000,325.000,325.000,300.000,300.000,-1,450.000,475.000,-1,700.000,650.000,-1,-1,2,0,2,0,0,0,0,0,0,2,0,0,2,0,0,2,2
80,7327.710,-2959.282,49.494,186.527,-0.992849,0.113666,-0.036481,-0.113085,-0.993429,-0.017632,-0.038245,-0.013380,0.999179,0,0.72000,1.00000,43.200,2.000,-1,375.000,-1,375.000,900.000,325.000,325.000,300.000,275.000,-1,450.000,450.000,-1,725.000,650.000,-1,-1,2,0,2,0,0,0,0,0,0,2,0,0,2,0,0,2,2
81,7280.241,-2966.399,47.002,188.527,-0.988338,0.148271,-0.034683,-0.147769,-0.988882,-0.016641,-0.036764,-0.011322,0.999260,0,0.80000,1.00000,48.000,2.000,-1,375.000,-1,375.000,900.000,325.000,325.000,300.000,275.000,-1,425.000,425.000,-1,725.000,650.000,-1,-1,2,0,2,0,0,0,0,0,0,2,0,0,2,0,0,2,2
82,7228.330,-2976.045,44.799,190.527,-0.982608,0.182693,-0.033252,-0.182191,-0.983106,-0.017574,-0.035901,-0.011210,0.999292,0,0.88000,1.00000,52.800,2.000,-1,375.000,-1,375.000,900.000,325.000,325.000,300.000,275.000,-1,425.000,450.000,-1,725.000,675.000,-1,-1,2,0,2,0,0,0,0,0,0,2,0,0,2,0,0,2,2
83,7174.317,-2988.047,42.849,192.527,-0.975697,0.216888,-0.031232,-0.216350,-0.976117,-0.019714,-0.034762,-0.012478,0.999318,0,0.92218,1.00000,55.331,2.000,-1,375.000,-1,375.000,925.000,325.000,325.000,300.000,275.000,-1,450.000,475.000,-1,725.000,675.000,-1,-1,2,0,2,0,0,0,0,0,0,2,0,0,2,0,0,2,2
84,7120.405,-3002.017,41.150,194.527,-0.967556,0.250823,-0.030388,-0.250292,-0.967959,-0.020251,-0.034494,-0.011988,0.999333,0,0.92820,1.00000,55.692,2.000,-1,375.000,-1,375.000,925.000,325.000,325.000,300.000,275.000,-1,500.000,525.000,-1,725.000,675.000,1000.000,-1,2,0,2,0,0,0,0,0,0,2,0,0,2,0,0,1,2
85,7066.654,-3017.966,39.460,196.527,-0.958232,0.284456,-0.029603,-0.283959,-0.958630,-0.019896,-0.034038,-0.010659,0.999364,0,0.93446,1.00000,56.068,2.000,-1,375.000,-1,375.000,950.000,325.000,325.000,300.000,275.000,-1,550.000,575.000,-1,725.000,675.000,950.000,-1,2,0,2,0,0,0,0,0,0,2,0,0,2,0,0,1,2
86,7013.124,-3035.905,37.641,198.527,-0.947729,0.317744,-0.029123,-0.317288,-0.948134,-0.019234,-0.033724,-0.008989,0.999391,0,0.94094,1.00000,56.456,2.000,-1,375.000,-1,375.000,975.000,325.000,325.000,300.000,275.000,-1,600.000,625.000,-1,725.000,675.000,925.000,-1,2,0,2,0,0,0,0,0,0,2,0,0,2,1,0,1,2
87,6959.875,-3055.843,35.685,200.527,-0.936060,0.350645,-0.028985,-0.350238,-0.936483,-0.018268,-0.033550,-0.006948,0.999413,0,0.94764,1.00000,56.859,2.000,1000.000,375.000,-1,375.000,975.000,325.000,325.000,300.000,275.000,-1,650.000,675.000,-1,700.000,675.000,875.000,-1,1,0,2,0,0,0,0,0,0,2,0,0,2,1,0,1,2
88,6906.972,-3077.785,33.955,202.527,-0.923285,0.383117,-0.027680,-0.382746,-0.923681,-0.017859,-0.032410,-0.005895,0.999457,0,0.95456,1.00000,57.274,2.000,975.000,375.000,-1,375.000,-1,325.000,325.000,300.000,275.000,-1,675.000,700.000,-1,675.000,675.000,825.000,-1,1,0,2,0,2,0,0,0,0,2,0,0,2,1,0,1,2
89,6854.478,-3101.738,32.287,204.527,-0.909399,0.415121,-0.025827,-0.414784,-0.909751,-0.017516,-0.030768,-0.005216,0.999513,0,0.96168,1.00000,57.701,2.000,950.000,400.000,-1,375.000,-1,325.000,325.000,300.000,275.000,-1,700.000,725.000,-1,650.000,675.000,800.000,-1,1,0,2,0,2,0,0,0,0,2,0,0,2,1,0,1,2
90,6802.459,-3127.705,30.501,206.527,-0.894397,0.446620,-0.024167,-0.446324,-0.894714,-0.016808,-0.029129,-0.004247,0.999567,0,0.96900,1.00000,58.140,2.000,925.000,400.000,-1,375.000,-1,325.000,325.000,300.000,275.000,-1,700.000,725.000,-1,625.000,700.000,750.000,1000.000,1,0,2,0,2,0,0,0,0,2,0,0,2,1,0,1,1
91,6750.982,-3155.686,28.593,208.527,-0.878297,0.477575,-0.022736,-0.477325,-0.878586,-0.015732,-0.027489,-0.002965,0.999618,0,0.97651,1.00000,58.591,2.000,900.000,400.000,-1,375.000,1000.000,325.000,325.000,300.000,275.000,-1,725.000,750.000,-1,600.000,700.000,725.000,950.000,1,0,2,0,1,0,0,0,0,2,0,0,2,1,0,1,1
92,6700.115,-3185.681,26.822,210.527,-0.861113,0.507947,-0.021749,-0.507715,-0.861385,-0.015526,-0.026621,-0.002328,0.999643,0,0.98419,1.00000,59.052,2.000,850.000,400.000,925.000,375.000,900.000,325.000,325.000,300.000,275.000,-1,750.000,775.000,-1,550.000,725.000,675.000,900.000,1,1,1,0,1,0,0,0,0,2,0,0,2,1,0,1,1
93,6654.252,-3214.661,25.379,212.287,-0.845118,0.534164,-0.021075,-0.533946,-0.845379,-0.015356,-0.026019,-0.001724,0.999660,0,0.90419,0.88000,54.252,1.760,825.000,375.000,825.000,375.000,825.000,325.000,325.000,275.000,275.000,-1,800.000,825.000,-1,525.000,750.000,650.000,850.000,1,1,1,0,1,1,0,0,0,2,0,0,2,1,0,1,1
94,6609.521,-3244.614,24.273,213.807,-0.830678,0.556401,-0.019805,-0.556236,-0.830914,-0.013574,-0.024009,-0.000260,0.999712,0,0.89723,0.76000,53.834,1.520,775.000,375.000,750.000,400.000,775.000,325.000,325.000,275.000,275.000,-1,800.000,775.000,-1,500.000,775.000,600.000,800.000,1,1,1,0,1,1,0,0,0,2,0,0,2,1,1,1,1
95,6565.117,-3275.807,23.119,215.087,-0.818068,0.574823,-0.018513,-0.574710,-0.818277,-0.011494,-0.021756,0.001237,0.999763,0,0.90442,0.64000,54.265,1.280,750.000,350.000,700.000,400.000,750.000,300.000,325.000,275.000,275.000,-1,775.000,650.000,-1,475.000,750.000,575.000,775.000,1,1,1,0,1,1,0,0,0,2,0,0,2,1,1,1,1
96,6520.938,-3308.055,21.827,216.127,-0.807519,0.589578,-0.017612,-0.589517,-0.807705,-0.009035,-0.019552,0.003086,0.999804,0,0.91162,0.52000,54.697,1.040,700.000,325.000,625.000,400.000,700.000,300.000,325.000,275.000,275.000,-1,700.000,600.000,-1,450.000,700.000,525.000,725.000,1,1,1,0,1,1,1,0,0,2,0,0,2,1,1,1,1
97,6476.867,-3341.177,20.423,216.927,-0.799222,0.600793,-0.017071,-0.600782,-0.799388,-0.006360,-0.017468,0.005172,0.999834,0,0.91883,0.40000,55.130,0.800,650.000,300.000,575.000,425.000,650.000,275.000,325.000,275.000,275.000,-1,675.000,575.000,-1,400.000,625.000,475.000,675.000,1,1,1,0,1,1,1,0,0,2,0,0,2,1,1,1,1
98,6432.779,-3374.992,19.505,217.487,-0.793304,0.608574,-0.017535,-0.608581,-0.793473,-0.005547,-0.017289,0.006271,0.999831,0,0.92604,0.28000,55.562,0.560,575.000,275.000,525.000,400.000,600.000,250.000,300.000,275.000,275.000,-1,725.000,625.000,-1,375.000,550.000,425.000,625.000,1,1,1,1,1,1,1,0,0,2,0,0,2,1,1,1,1
99,6388.539,-3409.317,18.493,217.807,-0.789879,0.612990,-0.018281,-0.613019,-0.790054,-0.004628,-0.017280,0.007552,0.999822,0,0.93324,0.16000,55.994,0.320,500.000,250.000,450.000,350.000,550.000,225.000,275.000,275.000,275.000,-1,775.000,675.000,-1,325.000,500.000,375.000,575.000,1,1,1,1,1,1,1,0,0,2,0,0,2,1,1,1,1
100,6344.008,-3443.968,17.357,217.887,-0.789007,0.614086,-0.019122,-0.614139,-0.789189,-0.003658,-0.017337,0.008857,0.999810,0,0.94041,0.04000,56.425,0.080,400.000,225.000,400.000,325.000,500.000,200.000,250.000,275.000,275.000,-1,825.000,725.000,-1,275.000,425.000,300.000,525.000,1,1,1,1,1,1,1,0,0,2,0,0,2,1,1,1,1
101,6299.043,-3478.756,17.815,217.727,-0.790752,0.611813,-0.019874,-0.612022,-0.790815,0.006385,-0.011811,0.017212,0.999782,0,0.94752,-0.08000,56.851,-0.160,325.000,200.000,350.000,300.000,450.000,175.000,225.000,300.000,275.000,-1,775.000,675.000,-1,250.000,375.000,250.000,475.000,1,1,1,1,1,1,1,0,0,2,0,0,2,1,1,1,1
102,6253.506,-3513.489,20.482,217.327,-0.795212,0.605993,-0.020235,-0.606330,-0.794694,0.028739,0.001336,0.035123,0.999382,0,0.95453,-0.20000,57.272,-0.400,300.000,175.000,325.000,275.000,425.000,175.000,200.000,325.000,250.000,-1,600.000,525.000,775.000,225.000,350.000,225.000,425.000,1,1,1,1,1,1,1,0,0,2,0,0,0,1,1,1,1
103,-4919.463,-2951.872,-69.711,-93.217,0.013930,0.982108,0.187802,-0.932171,-0.055196,0.357786,0.361750,-0.180048,0.914724,1,0.00000,0.00000,57.682,-0.640,-1,250.000,325.000,200.000,-1,175.000,175.000,400.000,275.000,225.000,125.000,200.000,-1,-1,250.000,-1,275.000,2,1,1,1,2,1,1,1,1,0,0,1,2,2,1,2,1
104,-8858.312,8202.706,-20.091,132.167,-0.671052,-0.740837,-0.029144,0.741353,-0.670970,-0.013952,-0.009219,-0.030968,0.999478,1,0.08000,-0.12000,4.800,-0.240,500.000,375.000,-1,375.000,-1,325.000,325.000,300.000,300.000,-1,800.000,825.000,-1,650.000,750.000,-1,-1,1,0,2,0,2,0,0,0,0,2,0,0,2,1,0,2,2
105,-8864.697,8209.875,-20.176,131.687,-0.664833,-0.746430,-0.028964,0.746941,-0.664739,-0.014181,-0.008669,-0.031062,0.999480,0,0.16000,-0.24000,9.600,-0.480,500.000,375.000,-1,375.000,-1,325.000,325.000,300.000,300.000,-1,800.000,800.000,-1,675.000,750.000,-1,-1,1,0,2,0,2,0,0,0,0,2,0,0,2,1,0,2,2
106,-8874.138,8220.748,-20.281,130.967,-0.655417,-0.754723,-0.028685,0.755226,-0.655305,-0.014437,-0.007902,-0.031125,0.999484,0,0.24000,-0.36000,14.400,-0.720,525.000,400.000,-1,375.000,-1,325.000,325.000,300.000,300.000,-1,775.000,800.000,-1,675.000,750.000,-1,-1,1,0,2,0,2,0,0,0,0,2,0,0,2,1,0,2,2
107,-8886.481,8235.455,-20.408,130.007,-0.642700,-0.765594,-0.028319,0.766087,-0.642567,-0.014774,-0.006886,-0.031190,0.999490,0,0.32000,-0.48000,19.200,-0.960,525.000,400.000,-1,375.000,-1,325.000,325.000,300.000,300.000,-1,750.000,775.000,-1,700.000,750.000,-1,-1,1,0,2,0,2,0,0,0,0,2,0,0,2,1,0,2,2
108,-8901.522,8254.158,-20.553,128.807,-0.626551,-0.778882,-0.027878,0.779360,-0.626391,-0.015212,-0.005614,-0.031258,0.999496,0,0.40000,-0.60000,24.000,-1.200,550.000,400.000,-1,375.000,-1,325.000,325.000,300.000,300.000,-1,725.000,775.000,-1,750.000,750.000,-1,-1,1,0,2,0,2,0,0,0,0,2,0,0,2,1,0,2,2
109,-8919.020,8277.032,-20.708,127.414,-0.607466,-0.793874,-0.027371,0.794335,-0.607275,-0.015760,-0.004110,-0.031316,0.999501,0,0.48000,-0.69633,28.800,-1.393,575.000,400.000,-1,375.000,-1,325.000,325.000,300.000,300.000,-1,700.000,750.000,-1,775.000,775.000,-1,-1,1,0,2,0,2,0,0,0,0,2,0,0,2,0,0,2,2
110,-8938.798,8304.195,-20.872,126.061,-0.588576,-0.807998,-0.026800,0.808438,-0.588352,-0.016423,-0.002498,-0.031332,0.999506,0,0.56000,-0.67680,33.600,-1.354,-1,400.000,-1,400.000,-1,325.000,325.000,300.000,300.000,-1,675.000,700.000,-1,800.000,775.000,-1,-1,2,0,2,0,2,0,0,0,0,2,0,0,2,0,0,2,2
111,-8960.686,8335.746,-20.971,124.750,-0.569977,-0.821233,-0.026491,0.821660,-0.569719,-0.017179,-0.000984,-0.031558,0.999501,0,0.64000,-0.65510,38.400,-1.310,-1,400.000,-1,400.000,-1,325.000,325.000,300.000,300.000,-1,675.000,700.000,-1,800.000,775.000,-1,-1,2,1,2,0,2,0,0,0,0,2,0,0,2,0,0,2,2
112,-8984.523,8371.775,-20.993,123.488,-0.551773,-0.833574,-0.026475,0.833994,-0.551479,-0.018001,0.000405,-0.032013,0.999487,0,0.72000,-0.63123,43.200,-1.262,-1,400.000,-1,400.000,-1,325.000,325.000,300.000,300.000,-1,675.000,700.000,-1,825.000,800.000,-1,-1,2,1,2,0,2,0,0,0,0,2,0,0,2,0,0,2,2
113,-9010.289,8412.273,-20.984,122.466,-0.536837,-0.843268,-0.026547,0.843684,-0.536508,-0.018884,0.001681,-0.032535,0.999469,0,0.80000,-0.51123,48.000,-1.022,-1,400.000,-1,400.000,-1,325.000,325.000,300.000,300.000,-1,675.000,700.000,-1,850.000,800.000,-1,-1,2,0,2,0,2,0,0,0,0,2,0,0,2,0,0,2,2
114,-9038.020,8457.204,-20.966,121.683,-0.525296,-0.850501,-0.026667,0.850915,-0.524933,-0.019717,0.002770,-0.033049,0.999450,0,0.88000,-0.39123,52.800,-0.782,-1,400.000,-1,400.000,-1,325.000,325.000,300.000,300.000,-1,700.000,700.000,-1,850.000,825.000,-1,-1,2,0,2,0,2,0,0,1,0,2,0,0,2,0,0,2,2
115,-9067.808,8506.504,-21.045,121.141,-0.517233,-0.855430,-0.026657,0.855838,-0.516856,-0.020027,0.003354,-0.033172,0.999444,0,0.96000,-0.27123,57.600,-0.542,-1,400.000,-1,400.000,-1,325.000,325.000,275.000,300.000,-1,725.000,725.000,-1,875.000,850.000,-1,-1,2,0,2,0,2,0,0,1,0,2,0,0,2,0,0,2,2
116,-9098.531,8557.965,-21.120,120.838,-0.512718,-0.858143,-0.026672,0.858549,-0.512331,-0.020263,0.003724,-0.033288,0.999439,0,0.99890,-0.15123,59.934,-0.302,-1,400.000,-1,400.000,-1,325.000,325.000,275.000,300.000,-1,750.000,775.000,-1,900.000,900.000,-1,-1,2,0,2,0,2,0,0,1,0,2,0,0,2,0,0,2,2
117,-9128.684,8608.597,-21.035,120.776,-0.511797,-0.858717,-0.025867,0.859095,-0.511405,-0.020522,0.004394,-0.032725,0.999455,0,0.98219,-0.03123,58.931,-0.062,-1,425.000,-1,400.000,-1,325.000,325.000,250.000,300.000,-1,775.000,775.000,-1,925.000,950.000,-1,-1,2,0,2,0,2,0,0,1,0,2,0,0,2,0,0,2,2
118,-9158.492,8658.297,-20.931,120.953,-0.514439,-0.857147,-0.025523,0.857518,-0.514075,-0.019732,0.003793,-0.032037,0.999479,0,0.96588,0.08877,57.953,0.178,-1,425.000,-1,400.000,-1,325.000,325.000,250.000,300.000,-1,850.000,850.000,-1,950.000,975.000,-1,-1,2,0,2,0,2,0,0,1,0,2,0,0,2,0,0,2,2
119,-9188.176,8706.983,-21.199,121.371,-0.520624,-0.853357,-0.027049,0.853784,-0.520295,-0.018593,0.001793,-0.032774,0.999461,0,0.95037,0.20877,57.022,0.418,-1,425.000,-1,400.000,-1,325.000,325.000,250.000,300.000,-1,1000.000,-1,-1,950.000,1000.000,-1,-1,2,0,2,0,2,0,0,1,0,2,0,2,2,0,0,2,2
120,-9217.959,8754.593,-21.532,122.028,-0.530325,-0.847306,-0.028774,0.847794,-0.530039,-0.017429,-0.000484,-0.033637,0.999434,0,0.93596,0.32877,56.158,0.658,-1,425.000,-1,400.000,-1,325.000,325.000,225.000,300.000,-1,-1,-1,-1,950.000,1000.000,-1,-1,2,0,2,0,2,0,0,1,0,2,2,2,2,1,0,2,2
121,-9249.174,8803.691,-21.851,122.446,-0.536425,-0.843399,-0.030431,0.843944,-0.536186,-0.016231,-0.002628,-0.034389,0.999405,0,0.96969,0.20877,58.181,0.418,-1,425.000,-1,400.000,-1,325.000,325.000,225.000,300.000,-1,-1,-1,-1,950.000,-1,-1,-1,2,0,2,0,2,0,0,1,0,2,2,2,2,1,2,2,2
122,-9280.049,8851.924,-22.199,122.623,-0.538969,-0.841709,-0.032238,0.842312,-0.538781,-0.015007,-0.004737,-0.035243,0.999368,0,0.95447,0.08877,57.268,0.178,-1,425.000,-1,400.000,-1,325.000,325.000,225.000,300.000,-1,-1,-1,-1,925.000,-1,-1,-1,2,0,2,0,2,0,0,1,0,2,2,2,2,1,2,2,2
123,-9310.346,8899.368,-22.581,122.561,-0.537979,-0.842268,-0.034108,0.842931,-0.537845,-0.013752,-0.006761,-0.036149,0.999324,0,0.93821,-0.03123,56.292,-0.062,-1,425.000,-1,400.000,-1,325.000,325.000,225.000,300.000,-1,-1,-1,-1,900.000,-1,-1,-1,2,0,2,0,2,0,0,1,0,2,2,2,2,1,2,2,2
124,-9339.847,8946.108,-22.986,122.259,-0.533447,-0.845066,-0.036023,0.845789,-0.533373,-0.012451,-0.008691,-0.037110,0.999273,0,0.92119,-0.15123,55.271,-0.302,-1,425.000,-1,425.000,-1,325.000,325.000,250.000,300.000,-1,-1,-1,-1,900.000,-1,-1,-1,2,0,2,0,2,0,0,1,0,2,2,2,2,1,2,2,2
125,-9368.353,8992.234,-23.403,121.716,-0.525340,-0.850045,-0.037961,0.850827,-0.525328,-0.011088,-0.010517,-0.038123,0.999218,0,0.90373,-0.27123,54.224,-0.542,-1,425.000,-1,425.000,-1,325.000,325.000,250.000,300.000,-1,-1,-1,-1,875.000,-1,-1,-1,2,0,2,0,2,0,0,1,0,2,2,2,2,1,2,2,2
126,-9395.685,9037.840,-23.925,120.934,-0.513611,-0.857117,-0.039420,0.857940,-0.513658,-0.009711,-0.011925,-0.038808,0.999176,0,0.88615,-0.39123,53.169,-0.782,-1,425.000,-1,425.000,-1,325.000,350.000,275.000,300.000,-1,-1,-1,-1,850.000,-1,-1,-1,2,0,2,0,2,0,0,1,0,2,2,2,2,1,2,2,2
127,-9421.679,9083.023,-24.455,119.911,-0.498163,-0.866124,-0.040770,0.866983,-0.498268,-0.008268,-0.013153,-0.039466,0.999134,0,0.86878,-0.51123,52.127,-1.022,-1,425.000,-1,450.000,-1,350.000,350.000,300.000,300.000,-1,-1,-1,-1,825.000,-1,-1,-1,2,0,2,0,2,0,0,1,0,2,2,2,2,1,2,2,2
128,-9446.302,9127.818,-24.998,118.797,-0.481110,-0.875699,-0.041039,0.876514,-0.481357,-0.004277,-0.016009,-0.038028,0.999148,0,0.85193,-0.55715,51.116,-1.114,-1,425.000,-1,450.000,-1,350.000,350.000,300.000,300.000,-1,-1,-1,-1,825.000,-1,975.000,-1,2,0,2,0,2,0,0,0,0,2,2,2,2,1,2,1,2
129,-9469.608,9172.277,-25.976,117.666,-0.463611,-0.885104,-0.040694,0.885823,-0.464023,0.000758,-0.019554,-0.035697,0.999171,0,0.83661,-0.56536,50.197,-1.131,950.000,425.000,-1,450.000,-1,350.000,350.000,300.000,300.000,650.000,-1,-1,-1,800.000,-1,925.000,-1,1,0,2,0,2,0,0,0,0,1,2,2,2,1,2,1,2
130,-9491.662,9216.478,-27.319,116.517,-0.445675,-0.894256,-0.040986,0.894929,-0.446191,0.003956,-0.021826,-0.034917,0.999152,0,0.82329,-0.57457,49.397,-1.149,875.000,450.000,-1,450.000,-1,350.000,350.000,300.000,300.000,625.000,-1,-1,-1,775.000,-1,875.000,-1,1,0,2,0,2,0,0,0,0,1,2,2,2,1,2,1,2
