timestep,x_cm,y_cm,z_cm,yaw_deg,basis_xx,basis_xy,basis_xz,basis_yx,basis_yy,basis_yz,basis_zx,basis_zy,basis_zz,teleport_flag,throttle_cmd,steering_cmd,cmd_move_cm,cmd_turn_deg,lidar_cm_0,lidar_cm_1,lidar_cm_2,lidar_cm_3,lidar_cm_4,lidar_cm_5,lidar_cm_6,lidar_cm_7,lidar_cm_8,lidar_cm_9,lidar_cm_10,lidar_cm_11,lidar_cm_12,lidar_cm_13,lidar_cm_14,lidar_cm_15,lidar_cm_16,lidar_class_0,lidar_class_1,lidar_class_2,lidar_class_3,lidar_class_4,lidar_class_5,lidar_class_6,lidar_class_7,lidar_class_8,lidar_class_9,lidar_class_10,lidar_class_11,lidar_class_12,lidar_class_13,lidar_class_14,lidar_class_15,lidar_class_16
0,-2955.314,-8195.999,-404.867,138.490,-0.749273,-0.660672,0.045853,0.662202,-0.746490,0.065123,-0.008796,0.079159,0.996823,1,0.08000,-0.12000,4.800,-0.240,-1,400.000,-1,425.000,-1,325.000,325.000,250.000,325.000,-1,775.000,700.000,-1,875.000,875.000,-1,-1,2,0,2,0,2,0,0,1,0,2,0,0,2,0,0,2,2
1,-2962.450,-8189.576,-405.030,138.010,-0.743749,-0.666913,0.045425,0.668385,-0.740941,0.065327,-0.009910,0.078948,0.996829,0,0.16000,-0.24000,9.600,-0.480,-1,400.000,-1,425.000,-1,325.000,325.000,250.000,325.000,-1,800.000,700.000,-1,875.000,875.000,-1,-1,2,0,2,0,2,0,0,1,0,2,0,0,2,0,0,2,2
2,-2973.046,-8179.825,-405.276,137.380,-0.736421,-0.675039,0.044801,0.676426,-0.733576,0.065678,-0.011470,0.078671,0.996835,0,0.24000,-0.31515,14.400,-0.630,-1,400.000,-1,425.000,-1,325.000,325.000,250.000,325.000,-1,850.000,750.000,-1,875.000,875.000,-1,-1,2,0,2,0,2,0,0,1,0,2,0,0,2,0,0,2,2
3,-2987.030,-8166.668,-405.598,136.749,-0.729015,-0.683082,0.044002,0.684369,-0.726123,0.066222,-0.013284,0.078391,0.996834,0,0.32000,-0.31511,19.200,-0.630,-1,400.000,-1,425.000,-1,325.000,325.000,250.000,325.000,-1,900.000,800.000,-1,850.000,875.000,-1,-1,2,0,2,0,2,0,0,1,0,2,0,0,2,0,0,2,2
4,-3004.329,-8150.032,-405.869,136.119,-0.721558,-0.691001,0.043254,0.692174,-0.718537,0.067826,-0.015788,0.078880,0.996759,0,0.40000,-0.31514,24.000,-0.630,-1,400.000,-1,400.000,-1,325.000,325.000,250.000,325.000,-1,1000.000,900.000,-1,850.000,850.000,-1,-1,2,0,2,0,2,0,0,1,0,2,0,0,2,0,0,2,2
5,-3024.868,-8129.842,-406.080,135.489,-0.714061,-0.698765,0.042960,0.699825,-0.710783,0.070943,-0.019037,0.080722,0.996555,0,0.48000,-0.31532,28.800,-0.631,-1,400.000,-1,400.000,-1,325.000,325.000,250.000,325.000,-1,-1,-1,-1,850.000,850.000,-1,-1,2,0,2,0,2,0,0,1,0,2,2,2,2,0,0,2,2
6,-3048.569,-8106.025,-406.431,134.857,-0.706478,-0.706445,0.042704,0.707381,-0.702930,0.074180,-0.022386,0.082614,0.996330,0,0.56000,-0.31571,33.600,-0.631,-1,400.000,-1,400.000,-1,325.000,325.000,250.000,325.000,-1,-1,-1,-1,825.000,825.000,-1,-1,2,0,2,0,2,0,0,1,0,2,2,2,2,0,0,2,2
7,-3075.353,-8078.507,-406.955,134.224,-0.698799,-0.714056,0.042479,0.714855,-0.694977,0.077386,-0.025736,0.084444,0.996096,0,0.64000,-0.31641,38.400,-0.633,-1,400.000,-1,400.000,-1,325.000,325.000,250.000,325.000,-1,-1,-1,-1,825.000,800.000,-1,-1,2,0,2,0,2,0,0,1,0,2,2,2,2,0,0,2,2
8,-3105.140,-8047.217,-407.689,133.589,-0.691005,-0.721613,0.042270,0.722269,-0.686924,0.080392,-0.028976,0.086081,0.995867,0,0.72000,-0.31751,43.200,-0.635,-1,400.000,-1,400.000,-1,325.000,325.000,275.000,325.000,-1,-1,-1,-1,825.000,800.000,-1,-1,2,0,2,0,2,0,0,1,0,2,2,2,2,0,0,2,2
9,-3134.697,-8015.468,-408.567,132.951,-0.683066,-0.729144,0.042072,0.729663,-0.678774,0.082808,-0.031822,0.087261,0.995677,0,0.72296,-0.31911,43.378,-0.638,-1,400.000,-1,400.000,-1,325.000,325.000,275.000,325.000,-1,-1,-1,-1,800.000,775.000,-1,-1,2,0,2,0,2,0,0,1,0,2,2,2,2,0,0,2,2
10,-3163.569,-7983.748,-409.575,132.309,-0.674966,-0.736660,0.041868,0.737054,-0.670517,0.084608,-0.034254,0.087967,0.995534,0,0.71485,-0.32109,42.891,-0.642,-1,400.000,-1,400.000,-1,325.000,325.000,275.000,300.000,-1,-1,-1,-1,800.000,775.000,-1,-1,2,0,2,0,2,0,0,1,0,2,2,2,2,0,0,2,2
11,-3191.783,-7952.038,-410.719,131.662,-0.666695,-0.744169,0.041588,0.744445,-0.662147,0.085810,-0.036320,0.088169,0.995443,0,0.70741,-0.32340,42.445,-0.647,-1,400.000,-1,400.000,-1,325.000,325.000,300.000,300.000,-1,-1,-1,-1,800.000,775.000,-1,-1,2,0,2,0,2,0,0,1,0,2,2,2,2,0,0,2,2
12,-3219.370,-7920.313,-412.235,131.010,-0.658272,-0.751680,0.040672,0.751781,-0.653656,0.086943,-0.038768,0.087809,0.995383,0,0.70068,-0.32603,42.041,-0.652,-1,400.000,-1,400.000,-1,325.000,325.000,300.000,300.000,-1,-1,-1,-1,800.000,775.000,-1,-1,2,0,2,0,2,0,0,1,0,2,2,2,2,0,0,2,2
13,-3246.356,-7888.549,-413.881,130.352,-0.649660,-0.759186,0.039743,0.759127,-0.645024,0.087579,-0.040853,0.087067,0.995364,0,0.69466,-0.32894,41.680,-0.658,-1,400.000,-1,400.000,-1,325.000,325.000,325.000,300.000,-1,-1,-1,-1,775.000,750.000,-1,-1,2,0,2,0,2,0,0,1,0,2,2,2,2,0,0,2,2
14,-3272.770,-7856.717,-415.643,129.688,-0.640846,-0.766690,0.038772,0.766489,-0.636245,0.087674,-0.042550,0.085904,0.995394,0,0.68937,-0.33211,41.362,-0.664,-1,400.000,-1,400.000,-1,325.000,325.000,325.000,300.000,-1,-1,-1,-1,775.000,750.000,-1,-1,2,0,2,0,2,0,0,0,0,2,2,2,2,0,0,2,2
15,-3298.635,-7824.792,-417.522,129.017,-0.631823,-0.774194,0.037740,0.773871,-0.627306,0.087241,-0.043867,0.084327,0.995472,0,0.68480,-0.33553,41.088,-0.671,-1,400.000,-1,400.000,-1,325.000,325.000,325.000,300.000,-1,-1,-1,-1,750.000,750.000,-1,-1,2,0,2,0,2,0,0,0,0,2,2,2,2,0,0,2,2
16,-3323.977,-7792.745,-419.519,128.338,-0.622582,-0.781697,0.036629,0.781270,-0.618199,0.086292,-0.044811,0.082341,0.995596,0,0.68092,-0.33919,40.855,-0.678,-1,400.000,-1,400.000,-1,325.000,325.000,325.000,325.000,-1,-1,-1,-1,750.000,750.000,-1,-1,2,0,2,0,2,0,0,0,0,2,2,2,2,0,0,2,2
17,-3348.816,-7760.550,-421.456,127.652,-0.613178,-0.789127,0.035930,0.788607,-0.608859,0.085967,-0.045963,0.081048,0.995650,0,0.67771,-0.34305,40.663,-0.686,-1,400.000,-1,400.000,-1,325.000,325.000,325.000,325.000,975.000,-1,-1,-1,750.000,750.000,-1,-1,2,0,2,0,2,0,0,0,0,1,2,2,2,0,0,2,2
18,-3373.171,-7728.179,-423.406,126.958,-0.603606,-0.796470,0.035977,0.795889,-0.599271,0.086227,-0.047117,0.080680,0.995626,0,0.67515,-0.34712,40.509,-0.694,-1,400.000,-1,400.000,-1,325.000,325.000,325.000,325.000,975.000,-1,-1,-1,725.000,725.000,-1,-1,2,0,2,0,2,0,0,0,0,1,2,2,2,0,0,2,2
19,-3397.058,-7695.606,-425.364,126.255,-0.593828,-0.803783,0.036062,0.803143,-0.589474,0.086498,-0.048268,0.080328,0.995599,0,0.67321,-0.35137,40.392,-0.703,-1,400.000,-1,400.000,-1,325.000,325.000,325.000,325.000,950.000,-1,-1,-1,725.000,725.000,-1,-1,2,0,2,0,2,0,0,0,0,1,2,2,2,0,0,2,2
20,-3417.874,-7666.735,-427.092,125.793,-0.587343,-0.808530,0.036141,0.807850,-0.582972,0.086732,-0.049056,0.080138,0.995576,0,0.59321,-0.23137,35.592,-0.463,-1,375.000,-1,400.000,-1,325.000,325.000,325.000,325.000,950.000,-1,-1,-1,725.000,725.000,-1,-1,2,0,2,0,2,0,0,0,0,1,2,2,2,0,0,2,2
21,-3435.786,-7641.688,-428.594,125.570,-0.584212,-0.810796,0.036131,0.810088,-0.579828,0.086923,-0.049528,0.080051,0.995560,0,0.51321,-0.11137,30.792,-0.223,-1,375.000,-1,400.000,-1,325.000,325.000,325.000,325.000,975.000,-1,-1,-1,725.000,725.000,-1,-1,2,0,2,0,2,0,0,0,0,1,2,2,2,0,0,2,2
22,-3452.261,-7618.666,-429.980,125.587,-0.584463,-0.810621,0.036003,0.809897,-0.580072,0.087082,-0.049706,0.080055,0.995550,0,0.47183,0.00863,28.310,0.017,-1,375.000,-1,400.000,-1,325.000,325.000,325.000,325.000,975.000,-1,-1,-1,700.000,725.000,-1,-1,2,0,2,0,2,0,0,0,0,1,2,2,2,0,0,2,2
23,-3468.861,-7595.687,-431.337,125.844,-0.588094,-0.807996,0.035874,0.807275,-0.583697,0.087205,-0.049522,0.080245,0.995544,0,0.47247,0.12863,28.348,0.257,-1,375.000,-1,375.000,-1,325.000,325.000,325.000,325.000,-1,-1,-1,-1,700.000,700.000,-1,-1,2,0,2,0,2,0,0,0,0,2,2,2,2,0,0,2,2
24,-3485.701,-7572.798,-432.659,126.342,-0.595073,-0.802877,0.035732,0.802178,-0.590670,0.087284,-0.048972,0.080604,0.995542,0,0.47360,0.24863,28.416,0.497,-1,375.000,-1,375.000,-1,325.000,325.000,325.000,325.000,-1,-1,-1,-1,700.000,700.000,-1,-1,2,0,2,0,2,0,0,0,0,2,2,2,2,0,0,2,2
25,-3502.889,-7550.055,-433.936,127.079,-0.605333,-0.795177,0.035569,0.794521,-0.600927,0.087310,-0.048052,0.081112,0.995546,0,0.47515,0.36863,28.509,0.737,-1,375.000,-1,375.000,-1,300.000,325.000,325.000,325.000,-1,-1,-1,-1,700.000,700.000,-1,-1,2,0,2,0,2,0,0,0,0,2,2,2,2,0,0,2,2
26,-3520.535,-7527.517,-435.159,128.056,-0.618774,-0.784772,0.035378,0.784176,-0.614370,0.087272,-0.046754,0.081744,0.995556,0,0.47707,0.48863,28.624,0.977,-1,375.000,-1,375.000,-1,300.000,300.000,325.000,325.000,-1,-1,-1,-1,700.000,700.000,-1,-1,2,0,2,0,2,0,0,0,0,2,2,2,2,0,0,2,2
27,-3538.696,-7505.216,-436.322,129.157,-0.633696,-0.772782,0.035170,0.772258,-0.629299,0.087180,-0.045238,0.082406,0.995572,0,0.47934,0.55039,28.760,1.101,-1,375.000,-1,375.000,-1,300.000,300.000,325.000,325.000,-1,-1,-1,-1,700.000,675.000,-1,-1,2,0,2,0,2,0,0,0,0,2,2,2,2,0,0,2,2
28,-3557.373,-7483.156,-437.426,130.251,-0.648292,-0.760589,0.034968,0.760137,-0.643905,0.087050,-0.043693,0.083014,0.995590,0,0.48177,0.54696,28.906,1.094,-1,375.000,-1,375.000,-1,300.000,300.000,325.000,325.000,-1,-1,-1,-1,700.000,675.000,-1,-1,2,0,2,0,2,0,0,0,0,2,2,2,2,0,0,2,2
29,-3576.561,-7461.345,-438.485,131.338,-0.662560,-0.748198,0.034837,0.747826,-0.658185,0.086886,-0.042079,0.083619,0.995609,0,0.48418,0.54353,29.051,1.087,-1,375.000,-1,375.000,-1,300.000,300.000,325.000,325.000,-1,-1,-1,-1,700.000,675.000,-1,-1,2,0,2,0,2,0,0,0,0,2,2,2,2,0,0,2,2
30,-3596.254,-7439.794,-439.625,132.418,-0.676510,-0.735590,0.035230,0.735333,-0.672112,0.086899,-0.040243,0.084694,0.995594,0,0.48657,0.54010,29.194,1.080,-1,375.000,-1,375.000,-1,300.000,300.000,325.000,325.000,-1,-1,-1,-1,700.000,675.000,-1,-1,2,0,2,0,2,0,0,0,0,2,2,2,2,0,0,2,2
31,-3616.446,-7418.512,-440.694,133.491,-0.690129,-0.722810,0.035606,0.722669,-0.685715,0.086862,-0.038369,0.085677,0.995584,0,0.48895,0.53666,29.337,1.073,-1,375.000,-1,375.000,-1,300.000,300.000,325.000,325.000,-1,-1,-1,-1,700.000,675.000,-1,-1,2,0,2,0,2,0,0,0,0,2,2,2,2,0,0,2,2
32,-3637.129,-7397.509,-441.688,134.558,-0.703416,-0.709867,0.035966,0.709843,-0.698995,0.086770,-0.036455,0.086566,0.995579,0,0.49131,0.53323,29.478,1.066,-1,375.000,-1,375.000,-1,300.000,300.000,325.000,325.000,-1,-1,-1,-1,700.000,675.000,-1,-1,2,0,2,0,2,0,0,0,0,2,2,2,2,0,0,2,2
33,-3658.297,-7376.794,-442.666,135.617,-0.716361,-0.696786,0.036284,0.696885,-0.711968,0.086331,-0.034322,0.087130,0.995606,0,0.49365,0.52979,29.619,1.060,-1,375.000,-1,375.000,-1,300.000,300.000,325.000,325.000,-1,-1,-1,-1,700.000,650.000,-1,-1,2,0,2,0,2,0,0,0,0,2,2,2,2,0,0,2,2
34,-3679.944,-7356.375,-443.586,136.670,-0.728973,-0.683564,0.036594,0.683789,-0.724623,0.085753,-0.032101,0.087534,0.995644,0,0.49597,0.52635,29.758,1.053,-1,375.000,-1,375.000,-1,300.000,300.000,325.000,325.000,-1,-1,-1,-1,700.000,650.000,-1,-1,2,0,2,0,2,0,0,0,0,2,2,2,2,0,0,2,2
35,-3702.061,-7336.262,-444.433,137.716,-0.741257,-0.670206,0.036908,0.670558,-0.736959,0.085107,-0.029840,0.087835,0.995688,0,0.49827,0.52291,29.896,1.046,-1,375.000,-1,375.000,-1,300.000,300.000,325.000,325.000,-1,-1,-1,-1,700.000,650.000,-1,-1,2,0,2,0,2,0,0,0,0,2,2,2,2,0,0,2,2
36,-3724.643,-7316.463,-445.206,138.755,-0.753213,-0.656722,0.037229,0.657200,-0.748977,0.084396,-0.027541,0.088035,0.995737,0,0.50056,0.51946,30.033,1.039,-1,375.000,-1,375.000,-1,300.000,300.000,325.000,325.000,-1,-1,-1,-1,700.000,650.000,-1,-1,2,0,2,0,2,0,0,0,0,2,2,2,2,0,0,2,2
37,-3747.682,-7296.986,-445.906,139.787,-0.764844,-0.643120,0.037559,0.643722,-0.760677,0.083621,-0.025208,0.088134,0.995790,0,0.50283,0.51602,30.170,1.032,-1,375.000,-1,375.000,-1,300.000,300.000,325.000,325.000,-1,-1,-1,-1,700.000,650.000,-1,-1,2,0,2,0,2,0,0,0,0,2,2,2,2,0,0,2,2
38,-3771.170,-7277.838,-446.512,140.812,-0.776147,-0.629412,0.037901,0.630140,-0.772066,0.082688,-0.022783,0.088061,0.995855,0,0.50508,0.51257,30.305,1.025,-1,375.000,-1,375.000,-1,300.000,300.000,325.000,325.000,-1,-1,-1,-1,700.000,650.000,-1,-1,2,0,2,0,2,0,0,0,0,2,2,2,2,0,0,2,2
39,-3795.099,-7259.028,-446.999,141.830,-0.787121,-0.615610,0.038261,0.616467,-0.783153,0.081479,-0.020195,0.087721,0.995940,0,0.50731,0.50913,30.438,1.018,-1,375.000,-1,375.000,-1,300.000,300.000,325.000,325.000,-1,-1,-1,-1,700.000,650.000,-1,-1,2,0,2,0,2,0,0,0,0,2,2,2,2,0,0,2,2
40,-3819.463,-7240.563,-447.423,142.842,-0.797777,-0.601712,0.038648,0.602695,-0.793925,0.080263,-0.017612,0.087325,0.996024,0,0.50952,0.50568,30.571,1.011,-1,375.000,-1,375.000,-1,300.000,300.000,325.000,325.000,-1,-1,-1,-1,700.000,650.000,-1,-1,2,0,2,0,2,0,0,0,0,2,2,2,2,0,0,2,2
41,-3844.253,-7222.450,-447.787,143.846,-0.808118,-0.587726,0.039044,0.588829,-0.804384,0.079038,-0.015046,0.086862,0.996107,0,0.51172,0.50223,30.703,1.004,-1,375.000,-1,375.000,-1,300.000,300.000,325.000,325.000,-1,-1,-1,-1,725.000,675.000,-1,-1,2,0,2,0,2,0,0,0,0,2,2,2,2,0,0,2,2
42,-3869.461,-7204.697,-448.116,144.844,-0.818146,-0.573664,0.039327,0.574873,-0.814539,0.077769,-0.012580,0.086234,0.996195,0,0.51389,0.49879,30.834,0.998,-1,375.000,-1,375.000,-1,300.000,300.000,325.000,325.000,-1,-1,-1,-1,725.000,675.000,-1,-1,2,0,2,0,2,0,0,0,0,2,2,2,2,0,0,2,2
43,-3895.080,-7187.308,-448.383,145.834,-0.827863,-0.559528,0.039625,0.560838,-0.824385,0.076488,-0.010131,0.085545,0.996283,0,0.51605,0.49534,30.963,0.991,-1,375.000,-1,375.000,-1,300.000,300.000,325.000,325.000,-1,-1,-1,-1,725.000,675.000,-1,-1,2,0,2,0,2,0,0,0,0,2,2,2,2,0,0,2,2
44,-3921.101,-7170.292,-448.590,146.818,-0.837272,-0.545327,0.039939,0.546733,-0.833924,0.075196,-0.007701,0.084795,0.996369,0,0.51819,0.49189,31.092,0.984,-1,375.000,-1,375.000,-1,300.000,300.000,325.000,325.000,-1,-1,-1,-1,725.000,675.000,-1,-1,2,0,2,0,2,0,0,0,0,2,2,2,2,0,0,2,2
45,-3947.516,-7153.654,-448.735,147.795,-0.846373,-0.531067,0.040267,0.532565,-0.843158,0.073894,-0.005291,0.083986,0.996453,0,0.52032,0.48844,31.219,0.977,-1,375.000,-1,375.000,-1,300.000,300.000,325.000,325.000,-1,-1,-1,-1,725.000,675.000,-1,-1,2,0,2,0,2,0,0,0,0,2,2,2,2,0,0,2,2
46,-3974.317,-7137.400,-448.832,148.765,-0.855168,-0.516757,0.040618,0.518343,-0.852093,0.072515,-0.002863,0.083067,0.996540,0,0.52242,0.48499,31.345,0.970,-1,375.000,-1,375.000,-1,300.000,300.000,325.000,325.000,-1,875.000,-1,-1,725.000,675.000,-1,-1,2,0,2,0,2,0,0,0,0,2,0,2,2,0,0,2,2
47,-4001.496,-7121.535,-448.877,149.728,-0.863661,-0.502404,0.040991,0.504073,-0.860731,0.071083,-0.000430,0.082054,0.996628,0,0.52451,0.48154,31.471,0.963,-1,375.000,-1,375.000,-1,300.000,300.000,325.000,325.000,-1,775.000,-1,-1,750.000,675.000,-1,-1,2,0,2,0,2,0,0,0,0,2,0,2,2,0,0,2,2
48,-4029.044,-7106.066,-448.890,150.684,-0.871851,-0.488007,0.041527,0.489767,-0.869060,0.069735,0.002058,0.081137,0.996701,0,0.52658,0.47809,31.595,0.956,-1,400.000,-1,375.000,-1,325.000,300.000,325.000,300.000,-1,675.000,-1,-1,750.000,675.000,-1,-1,2,0,2,0,2,0,0,0,0,2,0,2,2,0,0,2,2
49,-4060.997,-7088.644,-448.830,151.400,-0.877812,-0.477148,0.042148,0.478986,-0.875169,0.068208,0.004342,0.080062,0.996780,0,0.60658,0.35809,36.395,0.716,-1,400.000,-1,375.000,-1,325.000,300.000,325.000,300.000,-1,550.000,800.000,-1,750.000,700.000,-1,-1,2,0,2,0,2,0,0,0,0,2,0,0,2,0,0,2,2
50,-4093.532,-7071.254,-448.697,151.877,-0.881685,-0.469899,0.042733,0.471797,-0.879181,0.066690,0.006233,0.078961,0.996858,0,0.61485,0.23809,36.891,0.476,-1,400.000,-1,375.000,-1,325.000,300.000,325.000,300.000,-1,500.000,725.000,-1,775.000,700.000,-1,-1,2,0,2,0,2,0,0,0,0,2,0,0,2,0,0,2,2
51,-4126.247,-7053.941,-448.581,152.113,-0.883570,-0.466301,0.043210,0.468238,-0.881167,0.065560,0.007505,0.078160,0.996913,0,0.61689,0.11809,37.013,0.236,-1,400.000,-1,375.000,-1,325.000,300.000,325.000,300.000,-1,475.000,725.000,-1,775.000,700.000,-1,-1,2,0,2,0,2,0,0,0,0,2,0,0,2,0,0,2,2
52,-4159.065,-7036.570,-448.412,152.109,-0.883502,-0.466388,0.043661,0.468351,-0.881189,0.064440,0.008419,0.077381,0.996966,0,0.61887,-0.00191,37.132,-0.004,-1,400.000,-1,375.000,-1,325.000,300.000,325.000,300.000,-1,425.000,700.000,-1,775.000,700.000,-1,-1,2,0,2,0,2,0,0,0,0,2,0,0,2,0,0,2,2
53,-4191.914,-7019.005,-448.201,151.865,-0.881479,-0.470160,0.044095,0.472138,-0.879247,0.063336,0.008992,0.076648,0.997018,0,0.62084,-0.12191,37.250,-0.244,-1,400.000,-1,375.000,-1,325.000,300.000,325.000,300.000,-1,400.000,650.000,-1,775.000,700.000,-1,-1,2,0,2,0,2,0,0,0,0,2,0,0,2,0,0,2,2
54,-4224.719,-7001.105,-447.960,151.381,-0.877453,-0.477592,0.044525,0.479574,-0.875290,0.062255,0.009240,0.075979,0.997067,0,0.62284,-0.24191,37.370,-0.484,-1,400.000,-1,375.000,-1,325.000,300.000,325.000,300.000,-1,400.000,625.000,-1,775.000,700.000,-1,-1,2,0,2,0,2,0,0,0,0,2,0,0,2,0,0,2,2
55,-4257.403,-6982.730,-447.701,150.658,-0.871330,-0.488633,0.044963,0.490612,-0.869226,0.061206,0.009176,0.075390,0.997112,0,0.62491,-0.36191,37.495,-0.724,-1,400.000,-1,375.000,-1,325.000,300.000,325.000,300.000,-1,425.000,575.000,-1,775.000,700.000,-1,-1,2,0,2,0,2,0,0,0,0,2,0,0,2,0,0,2,2
56,-4289.888,-6963.743,-447.433,149.694,-0.862973,-0.503204,0.045421,0.505173,-0.860916,0.060194,0.008814,0.074892,0.997153,0,0.62710,-0.48191,37.626,-0.964,-1,400.000,-1,375.000,-1,325.000,300.000,325.000,300.000,-1,425.000,550.000,-1,800.000,725.000,-1,-1,2,0,2,0,2,0,0,0,0,2,0,0,2,0,0,2,2
57,-4322.087,-6944.003,-447.168,148.490,-0.852201,-0.521196,0.045913,0.523150,-0.850180,0.059229,0.008164,0.074495,0.997188,0,0.62946,-0.60191,37.768,-1.204,-1,400.000,-1,375.000,-1,325.000,325.000,325.000,300.000,-1,425.000,500.000,-1,800.000,725.000,-1,-1,2,0,2,0,2,0,0,0,0,2,0,0,2,0,0,2,2
58,-4353.907,-6923.374,-446.915,147.046,-0.838794,-0.542464,0.046452,0.544401,-0.836796,0.058317,0.007236,0.074205,0.997217,0,0.63202,-0.72191,37.921,-1.444,-1,400.000,-1,375.000,-1,325.000,325.000,325.000,300.000,-1,425.000,500.000,-1,800.000,750.000,-1,-1,2,0,2,0,2,0,0,0,0,2,0,0,2,0,0,2,2
59,-4385.246,-6901.724,-446.680,145.362,-0.822494,-0.566830,0.046983,0.568742,-0.820512,0.057377,0.006027,0.073913,0.997246,0,0.63481,-0.84191,38.089,-1.684,-1,400.000,-1,375.000,-1,325.000,325.000,325.000,300.000,-1,450.000,500.000,-1,800.000,750.000,-1,-1,2,0,2,0,2,0,0,0,0,2,0,0,2,0,0,2,2
60,-4415.988,-6878.924,-446.505,143.439,-0.803005,-0.594072,0.047553,0.595954,-0.801043,0.056302,0.004645,0.073551,0.997281,0,0.63789,-0.96191,38.273,-1.924,-1,400.000,-1,375.000,-1,325.000,325.000,325.000,300.000,-1,450.000,500.000,-1,800.000,775.000,-1,-1,2,0,2,0,2,0,0,0,0,2,0,0,2,0,0,2,2
61,-4446.083,-6854.950,-446.448,141.459,-0.782027,-0.621406,0.047832,0.623237,-0.780081,0.055216,0.003001,0.072991,0.997328,0,0.64126,-0.98951,38.475,-1.979,-1,400.000,-1,375.000,-1,325.000,325.000,325.000,300.000,-1,450.000,500.000,-1,825.000,775.000,-1,-1,2,0,2,0,2,0,0,0,0,2,0,0,2,0,0,2,2
62,-4475.495,-6829.801,-446.497,139.470,-0.760005,-0.648152,0.047871,0.649916,-0.758073,0.054171,0.001179,0.072282,0.997384,0,0.64495,-0.99495,38.697,-1.990,-1,400.000,-1,375.000,-1,325.000,325.000,325.000,300.000,-1,475.000,500.000,-1,825.000,800.000,-1,-1,2,0,2,0,2,0,0,0,0,2,0,0,2,0,0,2,2
63,-4504.171,-6803.495,-446.638,137.470,-0.736956,-0.674252,0.047743,0.675940,-0.735033,0.053208,-0.000783,0.071484,0.997441,0,0.64855,-1.00000,38.913,-2.000,-1,400.000,-1,375.000,-1,325.000,325.000,325.000,300.000,-1,475.000,500.000,-1,825.000,800.000,-1,-1,2,0,2,0,2,0,0,0,0,2,0,0,2,0,0,2,2
64,-4531.911,-6776.204,-446.933,135.470,-0.713027,-0.699550,0.047130,0.701129,-0.711112,0.052319,-0.003085,0.070349,0.997518,0,0.64855,-1.00000,38.913,-2.000,-1,400.000,-1,400.000,-1,325.000,325.000,325.000,300.000,-1,500.000,525.000,-1,825.000,825.000,-1,-1,2,0,2,0,2,0,0,0,0,2,0,0,2,0,0,2,2
65,-4562.061,-6744.553,-447.322,133.610,-0.690006,-0.722313,0.046439,0.723785,-0.688099,0.051535,-0.005270,0.069171,0.997591,0,0.72855,-0.92961,43.713,-1.859,-1,400.000,-1,400.000,-1,325.000,325.000,325.000,325.000,-1,550.000,550.000,-1,825.000,825.000,-1,-1,2,0,2,0,2,0,0,0,0,2,0,0,2,0,0,2,2
66,-4592.733,-6710.187,-447.791,131.751,-0.666260,-0.744316,0.045717,0.745681,-0.664355,0.050914,-0.007523,0.068012,0.997656,0,0.76769,-0.92961,46.062,-1.859,-1,400.000,-1,400.000,-1,325.000,325.000,325.000,325.000,-1,600.000,600.000,-1,825.000,825.000,-1,-1,2,0,2,0,2,0,0,0,0,2,0,0,2,0,0,2,2
67,-4622.274,-6674.844,-448.318,129.892,-0.641817,-0.765535,0.045016,0.766794,-0.639904,0.050495,-0.009850,0.066927,0.997709,0,0.76769,-0.92961,46.062,-1.859,-1,400.000,-1,400.000,-1,325.000,325.000,325.000,325.000,-1,650.000,650.000,-1,825.000,825.000,-1,-1,2,0,2,0,2,0,0,0,0,2,0,0,2,0,0,2,2
68,-4650.653,-6638.562,-448.903,128.033,-0.616703,-0.785946,0.044354,0.787101,-0.614772,0.050280,-0.012250,0.065919,0.997750,0,0.76769,-0.92961,46.062,-1.859,-1,400.000,-1,400.000,-1,325.000,325.000,300.000,325.000,-1,700.000,700.000,-1,825.000,850.000,-1,-1,2,0,2,0,2,0,0,0,0,2,0,0,2,0,0,2,2
69,-4677.840,-6601.379,-449.753,126.174,-0.590962,-0.805486,0.044237,0.806561,-0.588955,0.050903,-0.014947,0.065762,0.997723,0,0.76769,-0.92961,46.062,-1.859,-1,400.000,-1,400.000,-1,325.000,325.000,300.000,325.000,-1,775.000,750.000,-1,850.000,850.000,-1,-1,2,0,2,0,2,0,0,0,0,2,0,0,2,0,0,2,2
70,-4703.806,-6563.333,-450.678,124.314,-0.564609,-0.824170,0.044283,0.825168,-0.562512,0.051749,-0.017740,0.065759,0.997678,0,0.76769,-0.92961,46.062,-1.859,-1,400.000,-1,400.000,-1,325.000,325.000,325.000,325.000,-1,850.000,825.000,-1,850.000,825.000,-1,-1,2,0,2,0,2,0,0,0,0,2,0,0,2,0,0,2,2
71,-4728.525,-6524.464,-451.668,122.455,-0.537674,-0.841979,0.044475,0.842900,-0.535473,0.052799,-0.020641,0.065877,0.997614,0,0.76769,-0.92961,46.062,-1.859,-1,400.000,-1,400.000,-1,325.000,325.000,325.000,300.000,-1,950.000,900.000,-1,850.000,825.000,-1,-1,2,0,2,0,2,0,0,0,0,2,0,0,2,0,0,2,2
72,-4751.970,-6484.815,-452.721,120.596,-0.510185,-0.858895,0.044831,0.859740,-0.507866,0.054036,-0.023643,0.066111,0.997532,0,0.76769,-0.92961,46.062,-1.859,-1,400.000,-1,400.000,-1,325.000,325.000,325.000,300.000,-1,-1,1000.000,-1,850.000,825.000,-1,-1,2,0,2,0,2,0,0,0,0,2,2,0,2,0,0,2,2
73,-4774.115,-6444.425,-453.932,118.737,-0.482151,-0.874923,0.045173,0.875690,-0.479735,0.054975,-0.026428,0.066064,0.997465,0,0.76769,-0.92961,46.062,-1.859,-1,400.000,-1,400.000,-1,325.000,325.000,325.000,300.000,-1,-1,-1,-1,850.000,825.000,-1,-1,2,0,2,0,2,0,0,0,0,2,2,2,2,0,0,2,2
74,-4794.939,-6403.338,-455.254,116.877,-0.453608,-0.890035,0.045571,0.890725,-0.451101,0.055835,-0.029138,0.065919,0.997399,0,0.76769,-0.92961,46.062,-1.859,-1,425.000,-1,400.000,-1,325.000,325.000,325.000,300.000,-1,-1,-1,-1,850.000,800.000,-1,-1,2,0,2,0,2,0,0,0,0,2,2,2,2,0,0,2,2
75,-4814.418,-6361.597,-456.959,115.018,-0.424598,-0.904283,0.044587,0.904790,-0.422025,0.057007,-0.032734,0.064547,0.997378,0,0.76769,-0.92961,46.062,-1.859,-1,425.000,-1,400.000,-1,325.000,325.000,325.000,300.000,-1,-1,-1,-1,850.000,800.000,-1,-1,2,0,2,0,2,0,0,0,0,2,2,2,2,0,0,2,2
76,-4832.532,-6319.245,-458.890,113.159,-0.395105,-0.917615,0.043306,0.917930,-0.392514,0.057773,-0.036015,0.062578,0.997390,0,0.76769,-0.92961,46.062,-1.859,-1,400.000,-1,400.000,-1,325.000,325.000,325.000,300.000,-1,-1,-1,-1,825.000,800.000,-1,-1,2,0,2,0,2,0,0,0,0,2,2,2,2,0,0,2,2
77,-4849.262,-6276.328,-460.900,111.300,-0.365189,-0.929980,0.042117,0.930104,-0.362581,0.058667,-0.039288,0.060598,0.997389,0,0.76769,-0.92961,46.062,-1.859,-1,400.000,-1,400.000,-1,325.000,325.000,300.000,300.000,-1,-1,-1,-1,825.000,775.000,-1,-1,2,0,2,0,2,0,0,0,0,2,2,2,2,0,0,2,2
78,-4864.591,-6232.892,-462.985,109.441,-0.334883,-0.941366,0.041027,0.941299,-0.332258,0.059677,-0.042546,0.058603,0.997374,0,0.76769,-0.92961,46.062,-1.859,-1,400.000,-1,400.000,-1,325.000,325.000,300.000,300.000,-1,-1,-1,-1,800.000,775.000,-1,-1,2,0,2,0,2,0,0,0,0,2,2,2,2,0,0,2,2
79,-4878.503,-6188.980,-465.143,107.581,-0.304217,-0.951761,0.040040,0.951502,-0.301577,0.060791,-0.045784,0.056592,0.997347,0,0.76769,-0.92961,46.062,-1.859,-1,400.000,-1,400.000,-1,325.000,325.000,300.000,300.000,-1,-1,-1,-1,775.000,750.000,-1,-1,2,0,2,0,2,0,0,0,0,2,2,2,2,0,0,2,2
80,-4889.849,-6149.308,-467.130,105.962,-0.277243,-0.959998,0.039247,0.959569,-0.274590,0.061867,-0.048616,0.054812,0.997312,0,0.68769,-0.80961,41.262,-1.619,-1,400.000,-1,400.000,-1,325.000,325.000,300.000,300.000,-1,-1,-1,-1,775.000,750.000,-1,-1,2,0,2,0,2,0,0,0,0,2,2,2,2,0,0,2,2
81,-4899.028,-6114.021,-468.925,104.583,-0.254089,-0.966410,0.038617,0.965833,-0.251425,0.062872,-0.051051,0.053273,0.997274,0,0.60769,-0.68961,36.462,-1.379,-1,400.000,-1,400.000,-1,325.000,325.000,300.000,300.000,-1,-1,-1,-1,775.000,750.000,-1,-1,2,0,2,0,2,0,0,0,0,2,2,2,2,0,0,2,2
82,-4907.161,-6079.995,-470.675,103.444,-0.234853,-0.971285,0.038077,0.970574,-0.232177,0.063877,-0.053202,0.051958,0.997231,0,0.58305,-0.56961,34.983,-1.139,-1,400.000,-1,400.000,-1,325.000,325.000,300.000,300.000,-1,-1,-1,-1,750.000,725.000,-1,-1,2,0,2,0,2,0,0,0,0,2,2,2,2,0,0,2,2
83,-4914.758,-6045.847,-472.449,102.545,-0.219609,-0.974864,0.037590,0.974029,-0.216918,0.064913,-0.055127,0.050869,0.997183,0,0.58305,-0.44961,34.983,-0.899,-1,400.000,-1,375.000,-1,325.000,325.000,300.000,300.000,-1,-1,-1,-1,750.000,725.000,-1,-1,2,0,2,0,2,0,0,0,0,2,2,2,2,0,0,2,2
84,-4921.963,-6011.613,-474.240,101.885,-0.208406,-0.977337,0.037143,0.976390,-0.205696,0.065972,-0.056837,0.050015,0.997130,0,0.58305,-0.32961,34.983,-0.659,-1,400.000,-1,375.000,-1,325.000,325.000,300.000,300.000,-1,-1,-1,-1,750.000,725.000,-1,-1,2,0,2,0,2,0,0,0,0,2,2,2,2,0,0,2,2
85,-4928.917,-5977.327,-476.043,101.466,-0.201278,-0.978846,0.036724,0.977795,-0.198546,0.067051,-0.058341,0.049405,0.997073,0,0.58305,-0.20961,34.983,-0.419,-1,400.000,-1,375.000,-1,325.000,325.000,300.000,300.000,-1,-1,-1,-1,725.000,725.000,-1,-1,2,0,2,0,2,0,0,0,0,2,2,2,2,0,0,2,2
86,-4935.763,-5943.021,-477.930,101.287,-0.198254,-0.979466,0.036643,0.978348,-0.195484,0.067976,-0.059417,0.049326,0.997014,0,0.58305,-0.08961,34.983,-0.179,-1,375.000,-1,375.000,-1,325.000,325.000,300.000,300.000,-1,-1,-1,-1,725.000,700.000,-1,-1,2,0,2,0,2,0,0,0,0,2,2,2,2,0,0,2,2
87,-4942.647,-5908.721,-479.726,101.348,-0.199294,-0.979266,0.036333,0.978116,-0.196525,0.068314,-0.059757,0.049152,0.997002,0,0.58305,0.03039,34.983,0.061,-1,375.000,-1,375.000,-1,325.000,300.000,300.000,300.000,-1,-1,-1,-1,725.000,700.000,-1,-1,2,0,2,0,2,0,0,0,0,2,2,2,2,0,0,2,2
88,-4949.710,-5874.458,-481.517,101.649,-0.204434,-0.978217,0.036035,0.977048,-0.201662,0.068622,-0.059860,0.049237,0.996992,0,0.58305,0.15039,34.983,0.301,-1,375.000,-1,375.000,-1,325.000,300.000,300.000,300.000,-1,-1,-1,-1,725.000,700.000,-1,-1,2,0,2,0,2,0,0,0,0,2,2,2,2,0,0,2,2
89,-4957.097,-5840.264,-483.428,102.189,-0.213620,-0.976277,0.035355,0.975112,-0.210888,0.068426,-0.059347,0.049092,0.997030,0,0.58305,0.27039,34.983,0.541,-1,375.000,-1,375.000,-1,325.000,300.000,300.000,300.000,-1,-1,-1,-1,700.000,675.000,-1,-1,2,0,2,0,2,0,0,0,0,2,2,2,2,0,0,2,2
90,-4965.701,-5801.423,-485.527,102.490,-0.218691,-0.975165,0.035044,0.974049,-0.216012,0.067580,-0.058332,0.048914,0.997098,0,0.66305,0.15039,39.783,0.301,-1,375.000,-1,375.000,-1,325.000,300.000,300.000,300.000,-1,-1,-1,-1,725.000,675.000,-1,-1,2,0,2,0,2,0,0,0,0,2,2,2,2,0,0,2,2
91,-4975.389,-5757.905,-487.861,102.551,-0.219670,-0.974951,0.034860,0.973888,-0.217050,0.066576,-0.057342,0.048575,0.997172,0,0.74305,0.03039,44.583,0.061,-1,375.000,-1,375.000,-1,325.000,325.000,300.000,300.000,-1,-1,-1,-1,700.000,675.000,-1,-1,2,0,2,0,2,0,0,0,0,2,2,2,2,0,0,2,2
92,-4985.969,-5709.668,-490.458,102.372,-0.216560,-0.975652,0.034724,0.974637,-0.214005,0.065452,-0.056428,0.048017,0.997251,0,0.82305,-0.08961,49.383,-0.179,-1,375.000,-1,375.000,-1,325.000,325.000,300.000,300.000,-1,-1,-1,-1,700.000,675.000,-1,-1,2,0,2,0,2,0,0,0,0,2,2,2,2,0,0,2,2
93,-4996.652,-5659.201,-493.195,101.952,-0.209354,-0.977226,0.034640,0.976256,-0.206868,0.064262,-0.055632,0.047271,0.997332,0,0.85977,-0.20961,51.586,-0.419,-1,375.000,-1,375.000,-1,325.000,325.000,325.000,300.000,-1,-1,-1,-1,675.000,650.000,-1,-1,2,0,2,0,2,0,0,0,0,2,2,2,2,0,0,2,2
94,-5006.754,-5608.614,-495.964,101.293,-0.198035,-0.979584,0.034599,0.978651,-0.195620,0.063045,-0.054990,0.046345,0.997411,0,0.85977,-0.32961,51.586,-0.659,-1,375.000,-1,375.000,-1,325.000,325.000,325.000,300.000,-1,-1,-1,-1,650.000,650.000,-1,-1,2,0,2,0,2,0,0,0,0,2,2,2,2,0,0,2,2
95,-5016.060,-5557.874,-498.773,100.394,-0.182574,-0.982584,0.034575,0.981681,-0.180232,0.061794,-0.054486,0.045223,0.997490,0,0.85977,-0.44961,51.586,-0.899,-1,375.000,-1,375.000,-1,325.000,325.000,325.000,300.000,-1,-1,-1,-1,650.000,650.000,-1,-1,2,0,2,0,2,0,0,0,0,2,2,2,2,0,0,2,2
96,-5024.356,-5506.959,-501.629,99.255,-0.162935,-0.986032,0.034541,0.985152,-0.160671,0.060499,-0.054104,0.043886,0.997570,0,0.85977,-0.56961,51.586,-1.139,-1,375.000,-1,375.000,-1,325.000,325.000,325.000,300.000,-1,-1,-1,-1,625.000,625.000,975.000,-1,2,0,2,0,2,0,0,0,0,2,2,2,2,0,0,0,2
97,-5031.436,-5455.862,-504.539,97.890,-0.139323,-0.989647,0.034468,0.988784,-0.137141,0.059155,-0.053816,0.042323,0.997654,0,0.85977,-0.68264,51.586,-1.365,1000.000,375.000,-1,375.000,-1,300.000,300.000,325.000,300.000,-1,-1,-1,-1,625.000,625.000,950.000,1000.000,0,0,2,0,2,0,0,0,0,2,2,2,2,0,0,0,0
98,-5037.297,-5404.609,-507.506,96.524,-0.115628,-0.992698,0.034365,0.991853,-0.113530,0.057782,-0.053458,0.040766,0.997738,0,0.85977,-0.68264,51.586,-1.365,950.000,375.000,-1,375.000,-1,300.000,300.000,300.000,300.000,-1,-1,-1,-1,600.000,600.000,900.000,975.000,0,0,2,0,2,0,0,0,0,2,2,2,2,0,0,0,0
99,-5041.935,-5353.232,-510.526,95.159,-0.091866,-0.995183,0.034219,0.994358,-0.089851,0.056380,-0.053033,0.039205,0.997823,0,0.85977,-0.68264,51.586,-1.365,875.000,350.000,-1,350.000,-1,300.000,300.000,300.000,300.000,-1,-1,575.000,-1,600.000,600.000,875.000,950.000,0,0,2,0,2,0,0,0,0,2,2,0,2,0,0,0,0
100,-5045.348,-5301.759,-513.597,93.794,-0.068047,-0.997102,0.034016,0.996298,-0.066118,0.054951,-0.052542,0.037629,0.997909,0,0.85977,-0.68264,51.586,-1.365,825.000,350.000,-1,350.000,1000.000,300.000,300.000,300.000,300.000,-1,550.000,525.000,-1,575.000,600.000,825.000,925.000,0,0,2,0,0,0,0,0,0,2,0,0,2,0,0,0,0
101,-5047.533,-5250.220,-516.583,92.428,-0.044161,-0.998471,0.033254,0.997671,-0.042345,0.053478,-0.051988,0.035538,0.998015,0,0.85977,-0.68264,51.586,-1.365,775.000,350.000,-1,350.000,1000.000,275.000,300.000,300.000,300.000,-1,525.000,500.000,-1,550.000,575.000,775.000,900.000,0,0,2,0,0,0,0,0,0,2,0,0,2,0,0,0,0
102,-5048.490,-5198.643,-517.968,91.063,-0.020196,-0.999240,0.033337,0.998620,-0.018544,0.049131,-0.048476,0.034283,0.998236,0,0.85977,-0.68264,51.586,-1.365,800.000,350.000,-1,350.000,-1,275.000,300.000,300.000,300.000,-1,475.000,450.000,-1,575.000,600.000,775.000,950.000,0,0,2,0,2,0,0,0,0,2,0,0,2,0,0,0,0
103,-5048.218,-5147.058,-519.098,89.698,0.003755,-0.999399,0.034472,0.999019,0.005270,0.043963,-0.044118,0.034273,0.998438,0,0.85977,-0.68264,51.586,-1.365,800.000,350.000,-1,350.000,-1,300.000,300.000,325.000,300.000,-1,425.000,425.000,-1,575.000,600.000,800.000,1000.000,0,0,2,0,2,0,0,0,0,2,0,0,2,0,0,0,0
104,-5046.717,-5095.494,-520.284,88.333,0.027713,-0.998991,0.035342,0.998825,0.029080,0.038779,-0.039768,0.034226,0.998623,0,0.85977,-0.68264,51.586,-1.365,825.000,350.000,-1,350.000,-1,300.000,300.000,325.000,300.000,-1,400.000,375.000,-1,575.000,625.000,800.000,-1,0,0,2,0,2,0,0,0,0,2,0,0,2,0,0,0,2
105,-5043.989,-5043.981,-521.526,86.967,0.051663,-0.998018,0.035938,0.998036,0.052874,0.033602,-0.035435,0.034131,0.998789,0,0.85977,-0.68264,51.586,-1.365,825.000,350.000,-1,375.000,-1,300.000,300.000,325.000,300.000,-1,375.000,350.000,-1,600.000,625.000,825.000,-1,0,0,2,0,2,0,0,0,0,2,0,0,2,0,0,0,2
106,-5040.033,-4992.547,-522.826,85.602,0.075590,-0.996480,0.036249,0.996653,0.076639,0.028453,-0.031131,0.033977,0.998938,0,0.85977,-0.68264,51.586,-1.365,825.000,350.000,-1,375.000,-1,300.000,300.000,325.000,325.000,-1,375.000,350.000,-1,600.000,650.000,850.000,-1,0,0,2,0,2,0,0,0,0,2,0,0,2,0,0,0,2
107,-5034.853,-4941.222,-524.185,84.237,0.099478,-0.994379,0.036269,0.994677,0.100360,0.023355,-0.026864,0.033753,0.999069,0,0.85977,-0.68264,51.586,-1.365,850.000,350.000,-1,375.000,-1,300.000,300.000,325.000,325.000,-1,350.000,325.000,-1,600.000,650.000,875.000,-1,0,0,2,0,2,0,0,0,0,2,0,0,2,0,0,0,2
108,-5028.452,-4890.035,-525.602,82.872,0.123311,-0.991715,0.035993,0.992110,0.124025,0.018332,-0.022644,0.033448,0.999184,0,0.85977,-0.68264,51.586,-1.365,875.000,375.000,-1,375.000,-1,300.000,325.000,325.000,325.000,-1,325.000,275.000,-1,600.000,650.000,925.000,-1,0,0,2,0,2,0,0,0,0,2,0,0,2,0,0,0,2
109,-5021.736,-4843.734,-526.931,81.746,0.142914,-0.989098,0.035517,0.989556,0.143478,0.013862,-0.018807,0.033165,0.999273,0,0.77977,-0.56264,46.786,-1.125,900.000,375.000,-1,375.000,-1,300.000,325.000,300.000,325.000,-1,275.000,250.000,-1,625.000,675.000,975.000,-1,0,0,2,0,2,0,0,0,0,2,0,0,2,0,0,0,2
110,-5014.725,-4800.151,-528.215,80.861,0.158320,-0.986770,0.034922,0.987272,0.158744,0.009729,-0.015144,0.032938,0.999343,0,0.73572,-0.44264,44.143,-0.885,900.000,375.000,-1,375.000,-1,300.000,325.000,300.000,300.000,-1,250.000,225.000,-1,625.000,675.000,-1,-1,0,0,2,0,2,0,0,0,0,2,0,0,2,0,0,2,2
111,-5007.223,-4756.649,-529.515,80.216,0.169560,-0.984924,0.034257,0.985454,0.169848,0.005673,-0.011406,0.032797,0.999397,0,0.73572,-0.32264,44.143,-0.645,925.000,375.000,-1,375.000,-1,300.000,325.000,300.000,300.000,-1,250.000,225.000,-1,625.000,700.000,-1,-1,0,0,2,0,2,0,0,0,0,2,0,0,2,0,0,2,2
112,-4999.414,-4713.202,-530.824,79.810,0.176656,-0.983700,0.033576,0.984243,0.176811,0.001681,-0.007591,0.032750,0.999435,0,0.73572,-0.20264,44.143,-0.405,975.000,375.000,-1,375.000,-1,300.000,325.000,300.000,300.000,-1,225.000,200.000,-1,625.000,700.000,-1,-1,0,0,2,0,2,0,0,0,0,2,0,0,2,0,0,2,2
113,-4991.480,-4669.777,-532.130,79.645,0.179623,-0.983184,0.032935,0.983728,0.179647,-0.002261,-0.003693,0.032805,0.999455,0,0.73572,-0.08264,44.143,-0.165,-1,375.000,-1,375.000,-1,300.000,325.000,300.000,300.000,-1,225.000,200.000,-1,650.000,700.000,-1,-1,2,0,2,0,2,0,0,0,0,2,0,0,2,0,0,2,2
114,-4983.603,-4626.343,-532.955,79.720,0.178427,-0.983349,0.034486,0.983953,0.178352,-0.005250,-0.000988,0.034869,0.999391,0,0.73572,0.03736,44.143,0.075,-1,375.000,-1,375.000,-1,300.000,325.000,300.000,300.000,-1,225.000,200.000,-1,650.000,725.000,-1,-1,2,0,2,0,2,0,0,0,0,2,0,0,2,0,0,2,2
115,-4975.966,-4582.865,-533.256,80.035,0.173125,-0.984159,0.038197,0.984898,0.172921,-0.008606,0.001864,0.039110,0.999233,0,0.73572,0.15736,44.143,0.315,-1,375.000,-1,375.000,-1,325.000,325.000,300.000,300.000,-1,250.000,225.000,-1,650.000,725.000,-1,-1,2,0,2,0,2,0,0,0,0,2,0,0,2,0,0,2,2
116,-4968.585,-4539.343,-533.174,80.372,0.167406,-0.985047,0.040712,0.985881,0.167105,-0.010717,0.003754,0.041931,0.999113,0,0.73572,0.16866,44.143,0.337,-1,375.000,-1,375.000,-1,325.000,325.000,300.000,300.000,-1,275.000,250.000,-1,675.000,725.000,-1,-1,2,0,2,0,2,0,0,0,0,2,0,0,2,0,0,2,2
117,-4961.459,-4495.778,-532.509,80.709,0.161675,-0.985987,0.041130,0.986828,0.161298,-0.012345,0.005538,0.042585,0.999078,0,0.73572,0.16866,44.143,0.337,-1,375.000,-1,375.000,-1,325.000,325.000,300.000,300.000,-1,300.000,275.000,-1,675.000,725.000,-1,-1,2,0,2,0,2,0,0,0,0,2,0,0,2,0,0,2,2
118,-4954.589,-4452.173,-531.848,81.047,0.155941,-0.986891,0.041573,0.987739,0.155486,-0.013979,0.007332,0.043243,0.999038,0,0.73572,0.16866,44.143,0.337,-1,375.000,-1,375.000,-1,325.000,325.000,300.000,300.000,-1,350.000,325.000,-1,675.000,725.000,-1,-1,2,0,2,0,2,0,0,0,0,2,0,0,2,0,0,2,2
119,-4947.976,-4408.528,-531.189,81.384,0.150205,-0.987761,0.042040,0.988613,0.149669,-0.015618,0.009135,0.043907,0.998994,0,0.73572,0.16866,44.143,0.337,-1,375.000,-1,375.000,-1,325.000,325.000,300.000,300.000,-1,375.000,350.000,-1,700.000,725.000,-1,-1,2,0,2,0,2,0,0,0,0,2,0,0,2,0,0,2,2
120,-4941.621,-4364.844,-530.533,81.721,0.144465,-0.988595,0.042531,0.989449,0.143847,-0.017263,0.010948,0.044576,0.998946,0,0.73572,0.16866,44.143,0.337,-1,375.000,-1,400.000,-1,325.000,325.000,300.000,300.000,-1,400.000,375.000,-1,700.000,750.000,-1,-1,2,0,2,0,2,0,0,0,0,2,0,0,2,0,0,2,2
121,-4935.522,-4321.124,-529.878,82.058,0.138724,-0.989395,0.043047,0.990249,0.138021,-0.018914,0.012772,0.045251,0.998894,0,0.73572,0.16866,44.143,0.337,-1,375.000,-1,400.000,-1,325.000,325.000,300.000,300.000,-1,450.000,400.000,-1,700.000,750.000,-1,-1,2,0,2,0,2,0,0,0,0,2,0,0,2,0,0,2,2
122,-4929.682,-4277.369,-529.223,82.396,0.132981,-0.990160,0.043589,0.991011,0.132189,-0.020571,0.014607,0.045933,0.998838,0,0.73572,0.16866,44.143,0.337,-1,375.000,-1,400.000,-1,325.000,325.000,300.000,300.000,-1,475.000,450.000,-1,725.000,750.000,-1,-1,2,0,2,0,2,0,0,0,0,2,0,0,2,0,0,2,2
123,-4924.098,-4233.580,-528.569,82.733,0.127236,-0.990889,0.044157,0.991736,0.126354,-0.022235,0.016453,0.046621,0.998777,0,0.73572,0.16866,44.143,0.337,-1,375.000,-1,400.000,-1,325.000,325.000,300.000,300.000,-1,500.000,475.000,-1,725.000,775.000,-1,-1,2,0,2,0,2,0,0,0,0,2,0,0,2,0,0,2,2
124,-4918.773,-4189.759,-527.913,83.070,0.121490,-0.991583,0.044752,0.992424,0.120514,-0.023906,0.018311,0.047317,0.998712,0,0.73572,0.16866,44.143,0.337,-1,375.000,-1,400.000,-1,325.000,325.000,300.000,300.000,-1,525.000,500.000,-1,725.000,775.000,-1,-1,2,0,2,0,2,0,0,0,0,2,0,0,2,0,0,2,2
125,-4913.706,-4145.907,-527.256,83.408,0.115743,-0.992242,0.045373,0.993074,0.114670,-0.025583,0.020182,0.048020,0.998642,0,0.73572,0.16866,44.143,0.337,-1,400.000,-1,400.000,-1,325.000,325.000,300.000,300.000,-1,550.000,525.000,-1,750.000,775.000,-1,-1,2,0,2,0,2,0,0,0,0,2,0,0,2,0,0,2,2
126,-4908.897,-4102.026,-526.597,83.745,0.109996,-0.992866,0.046021,0.993687,0.108823,-0.027268,0.022065,0.048730,0.998568,0,0.73572,0.16866,44.143,0.337,-1,400.000,-1,400.000,-1,325.000,325.000,300.000,300.000,-1,575.000,550.000,-1,750.000,800.000,-1,-1,2,0,2,0,2,0,0,0,0,2,0,0,2,0,0,2,2
127,-4904.347,-4058.118,-525.934,84.082,0.104249,-0.993454,0.046697,0.994263,0.102972,-0.028959,0.023961,0.049448,0.998489,0,0.73572,0.16866,44.143,0.337,-1,400.000,-1,400.000,-1,325.000,325.000,300.000,300.000,-1,575.000,550.000,-1,750.000,800.000,-1,-1,2,0,2,0,2,0,0,0,0,2,0,0,2,0,0,2,2
128,-4900.055,-4014.184,-525.267,84.420,0.098502,-0.994007,0.047402,0.994801,0.097119,-0.030658,0.025871,0.050175,0.998405,0,0.73572,0.16866,44.143,0.337,-1,400.000,-1,400.000,-1,325.000,325.000,300.000,300.000,-1,600.000,550.000,-1,775.000,800.000,-1,-1,2,0,2,0,2,0,0,0,0,2,0,0,2,0,0,2,2
129,-4896.022,-3970.225,-524.595,84.757,0.092756,-0.994525,0.048135,0.995301,0.091262,-0.032365,0.027795,0.050911,0.998316,0,0.73572,0.16866,44.143,0.337,-1,400.000,-1,400.000,-1,325.000,325.000,300.000,300.000,-1,550.000,500.000,-1,775.000,825.000,-1,-1,2,0,2,0,2,0,0,0,0,2,0,0,2,0,0,2,2
130,-4891.950,-3921.451,-523.597,85.227,0.084680,-0.995156,0.049941,0.995998,0.083101,-0.032904,0.028595,0.052528,0.998210,0,0.81572,0.23479,48.943,0.470,-1,400.000,-1,400.000,-1,325.000,325.000,300.000,300.000,-1,575.000,525.000,-1,800.000,825.000,-1,-1,2,0,2,0,2,0,0,0,0,2,0,0,2,0,0,2,2
131,-4887.917,-3867.860,-522.229,85.696,0.076506,-0.995776,0.050756,0.996672,0.074940,-0.032085,0.028145,0.053042,0.998196,0,0.89572,0.23479,53.743,0.470,-1,400.000,-1,400.000,-1,325.000,325.000,275.000,300.000,-1,650.000,575.000,-1,800.000,825.000,-1,-1,2,0,2,0,2,0,0,0,0,2,0,0,2,0,0,2,2
132,-4884.105,-3810.961,-520.774,86.166,0.068327,-0.996324,0.051671,0.997280,0.066774,-0.031216,0.027651,0.053663,0.998176,0,0.95045,0.23479,57.027,0.470,-1,400.000,-1,400.000,-1,325.000,325.000,275.000,300.000,-1,750.000,650.000,-1,800.000,825.000,-1,-1,2,0,2,0,2,0,0,0,0,2,0,0,2,0,0,2,2
133,-4880.758,-3754.032,-519.305,86.635,0.060146,-0.996803,0.052598,0.997819,0.058604,-0.030375,0.027196,0.054310,0.998154,0,0.95045,0.23479,57.027,0.470,-1,400.000,-1,400.000,-1,325.000,325.000,275.000,300.000,-1,850.000,750.000,-1,800.000,800.000,-1,-1,2,0,2,0,2,0,0,0,0,2,0,0,2,0,0,2,2
134,-4877.878,-3697.078,-517.820,87.105,0.051962,-0.997213,0.053538,0.998290,0.050431,-0.029560,0.026777,0.054983,0.998128,0,0.95045,0.23479,57.027,0.470,-1,400.000,-1,400.000,-1,325.000,325.000,275.000,300.000,-1,925.000,825.000,-1,800.000,800.000,-1,-1,2,0,2,0,2,0,0,0,0,2,0,0,2,0,0,2,2
135,-4875.465,-3640.103,-516.318,87.575,0.043776,-0.997554,0.054494,0.998693,0.042255,-0.028766,0.026393,0.055682,0.998100,0,0.95045,0.23479,57.027,0.470,-1,400.000,-1,400.000,-1,325.000,325.000,275.000,300.000,-1,1000.000,900.000,-1,800.000,800.000,-1,-1,2,0,2,0,2,0,0,0,0,2,0,0,2,0,0,2,2
