timestep,x_cm,y_cm,z_cm,yaw_deg,basis_xx,basis_xy,basis_xz,basis_yx,basis_yy,basis_yz,basis_zx,basis_zy,basis_zz,teleport_flag,throttle_cmd,steering_cmd,cmd_move_cm,cmd_turn_deg,lidar_cm_0,lidar_cm_1,lidar_cm_2,lidar_cm_3,lidar_cm_4,lidar_cm_5,lidar_cm_6,lidar_cm_7,lidar_cm_8,lidar_cm_9,lidar_cm_10,lidar_cm_11,lidar_cm_12,lidar_cm_13,lidar_cm_14,lidar_cm_15,lidar_cm_16,lidar_class_0,lidar_class_1,lidar_class_2,lidar_class_3,lidar_class_4,lidar_class_5,lidar_class_6,lidar_class_7,lidar_class_8,lidar_class_9,lidar_class_10,lidar_class_11,lidar_class_12,lidar_class_13,lidar_class_14,lidar_class_15,lidar_class_16
0,-9508.949,-9515.350,63.399,-64.499,0.430789,0.902446,0.003357,-0.902016,0.430463,0.032686,0.028052,-0.017109,0.999460,1,0.08000,0.12000,4.800,0.240,-1,375.000,-1,400.000,925.000,325.000,325.000,225.000,275.000,-1,-1,-1,625.000,700.000,800.000,-1,-1,2,0,2,0,1,0,0,1,0,2,2,2,1,0,0,2,2
1,-9504.744,-9523.980,63.738,-64.019,0.438330,0.898808,0.003376,-0.898394,0.438007,0.032213,0.027475,-0.017153,0.999475,0,0.16000,0.24000,9.600,0.480,-1,375.000,-1,400.000,950.000,325.000,325.000,225.000,275.000,-1,-1,-1,625.000,700.000,800.000,-1,-1,2,0,2,0,1,0,0,1,0,2,2,2,1,0,0,2,2
2,-9498.274,-9536.844,64.242,-63.299,0.449583,0.893232,0.003393,-0.892842,0.449267,0.031489,0.026603,-0.017186,0.999498,0,0.24000,0.36000,14.400,0.720,725.000,375.000,-1,400.000,-1,325.000,325.000,225.000,275.000,-1,-1,-1,600.000,700.000,800.000,-1,-1,1,0,2,0,2,0,0,1,0,2,2,2,1,0,0,2,2
3,-9489.360,-9553.850,64.909,-62.339,0.464475,0.885580,0.003398,-0.885221,0.464170,0.030497,0.025431,-0.017173,0.999529,0,0.32000,0.48000,19.200,0.960,675.000,375.000,-1,400.000,-1,300.000,325.000,225.000,275.000,-1,-1,-1,575.000,675.000,775.000,-1,-1,1,0,2,0,2,0,0,1,0,2,2,2,1,0,0,2,2
4,-9477.776,-9574.869,65.730,-61.139,0.482905,0.875666,0.003384,-0.875345,0.482615,0.029226,0.023959,-0.017076,0.999567,0,0.40000,0.60000,24.000,1.200,625.000,375.000,-1,400.000,-1,300.000,325.000,250.000,275.000,-1,-1,-1,575.000,675.000,775.000,-1,-1,1,0,2,0,2,0,0,1,0,2,2,2,1,0,0,2,2
5,-9463.245,-9599.734,66.697,-59.699,0.504741,0.863265,0.003356,-0.862985,0.504470,0.027684,0.022205,-0.016869,0.999611,0,0.48000,0.72000,28.800,1.440,575.000,375.000,-1,400.000,-1,300.000,300.000,250.000,275.000,-1,-1,-1,575.000,650.000,775.000,-1,-1,1,0,2,0,2,0,0,1,0,2,2,2,1,0,0,2,2
6,-9445.449,-9628.234,68.242,-58.019,0.529846,0.848084,0.004024,-0.847821,0.529549,0.027890,0.021522,-0.018190,0.999603,0,0.56000,0.84000,33.600,1.680,525.000,375.000,-1,400.000,-1,300.000,300.000,250.000,275.000,-1,-1,-1,575.000,650.000,750.000,-1,-1,1,0,2,0,2,0,0,1,0,2,2,2,1,0,0,2,2
7,-9424.031,-9660.106,69.752,-56.099,0.557965,0.829856,0.003675,-0.829588,0.557660,0.028284,0.021422,-0.018830,0.999593,0,0.64000,0.96000,38.400,1.920,500.000,375.000,-1,400.000,-1,300.000,325.000,250.000,300.000,-1,-1,-1,575.000,650.000,750.000,-1,-1,1,0,2,0,2,0,0,1,0,2,2,2,1,0,0,2,2
8,-9398.699,-9695.100,71.128,-54.099,0.586569,0.809897,0.001791,-0.809596,0.586288,0.028669,0.022169,-0.018266,0.999587,0,0.72000,1.00000,43.200,2.000,475.000,375.000,-1,400.000,-1,300.000,325.000,250.000,300.000,-1,-1,-1,575.000,625.000,750.000,-1,-1,1,0,2,0,2,0,0,1,0,2,2,2,1,0,0,2,2
9,-9369.213,-9732.975,72.594,-52.099,0.614452,0.788954,-0.000422,-0.788616,0.614204,0.028955,0.023103,-0.017459,0.999581,0,0.80000,1.00000,48.000,2.000,450.000,375.000,-1,400.000,-1,300.000,325.000,275.000,300.000,-1,-1,-1,600.000,625.000,750.000,-1,-1,1,1,2,0,2,0,0,1,0,2,2,2,1,0,0,2,2
10,-9337.577,-9770.811,73.948,-50.099,0.641583,0.767049,-0.002751,-0.766673,0.641373,0.029216,0.024174,-0.016635,0.999569,0,0.82198,1.00000,49.319,2.000,425.000,375.000,-1,400.000,-1,300.000,325.000,275.000,300.000,-1,-1,-1,625.000,625.000,750.000,-1,-1,1,1,2,0,2,0,0,1,0,2,2,2,1,0,0,2,2
11,-9304.690,-9807.462,75.074,-48.099,0.667928,0.744208,-0.005144,-0.743798,0.667762,0.029307,0.025245,-0.015749,0.999557,0,0.82071,1.00000,49.243,2.000,400.000,350.000,-1,400.000,-1,300.000,325.000,300.000,300.000,-1,-1,-1,650.000,625.000,750.000,1000.000,-1,1,1,2,0,2,0,0,1,1,2,2,2,1,0,0,0,2
12,-9270.578,-9842.909,76.260,-46.099,0.693441,0.720464,-0.008461,-0.719997,0.693340,0.029718,0.027277,-0.014516,0.999523,0,0.81992,1.00000,49.195,2.000,375.000,350.000,-1,400.000,-1,300.000,325.000,300.000,300.000,-1,-1,975.000,675.000,625.000,750.000,975.000,-1,1,0,2,0,2,0,0,1,1,2,2,1,1,0,0,0,2
13,-9238.826,-9873.938,78.343,-44.339,0.715035,0.698874,-0.017325,-0.698303,0.715187,0.029681,0.033134,-0.009125,0.999409,0,0.73992,0.88000,44.395,1.760,400.000,375.000,-1,400.000,-1,325.000,325.000,300.000,300.000,-1,-1,550.000,675.000,650.000,775.000,-1,-1,1,0,2,0,2,0,0,1,1,2,2,0,1,0,0,2,2
14,-9206.649,-9903.754,80.175,-42.819,0.733068,0.679679,-0.025461,-0.679043,0.733496,0.029729,0.038882,-0.004504,0.999234,0,0.73112,0.76000,43.867,1.520,425.000,375.000,-1,425.000,-1,325.000,325.000,300.000,300.000,-1,725.000,325.000,700.000,675.000,775.000,-1,-1,1,0,2,0,2,0,0,1,1,2,0,0,1,0,0,2,2
15,-9170.221,-9936.027,82.078,-41.539,0.747746,0.663131,-0.033677,-0.662484,0.748504,0.029275,0.044621,0.000420,0.999004,0,0.81112,0.64000,48.667,1.280,500.000,400.000,-1,425.000,-1,325.000,325.000,275.000,300.000,-1,525.000,300.000,725.000,700.000,775.000,-1,-1,1,0,2,0,2,0,0,1,0,2,0,0,1,0,0,2,2
16,-9131.414,-9969.169,84.201,-40.499,0.759306,0.649423,-0.041281,-0.648892,0.760401,0.026994,0.048921,0.006290,0.998783,0,0.85054,0.52000,51.033,1.040,-1,400.000,-1,425.000,-1,325.000,325.000,275.000,300.000,-1,475.000,275.000,750.000,725.000,775.000,-1,-1,2,0,2,0,2,0,0,1,0,2,0,0,1,0,0,2,2
17,-9092.355,-10001.593,86.333,-39.699,0.768035,0.638721,-0.046454,-0.638312,0.769369,0.025104,0.051774,0.010371,0.998605,0,0.84605,0.40000,50.763,0.800,-1,400.000,-1,425.000,-1,325.000,325.000,250.000,300.000,-1,450.000,300.000,775.000,725.000,775.000,-1,-1,2,0,2,0,2,0,0,1,0,2,0,0,1,0,0,2,2
18,-9053.246,-10033.420,88.559,-39.139,0.774127,0.631158,-0.048653,-0.630823,0.775558,0.023895,0.052815,0.012194,0.998530,0,0.84038,0.28000,50.423,0.560,-1,400.000,-1,400.000,-1,325.000,325.000,250.000,300.000,-1,450.000,325.000,800.000,725.000,775.000,-1,-1,2,0,2,0,2,0,0,1,0,2,0,0,1,0,0,2,2
19,-9014.279,-10064.771,90.489,-38.819,0.777600,0.626810,-0.049476,-0.626518,0.779063,0.023127,0.053041,0.013014,0.998508,0,0.83355,0.16000,50.013,0.320,-1,400.000,-1,400.000,-1,325.000,325.000,225.000,300.000,-1,475.000,350.000,850.000,725.000,750.000,-1,-1,2,0,2,0,2,0,0,1,0,2,0,0,1,0,0,2,2
20,-8975.584,-10095.700,92.130,-38.635,0.779647,0.624303,-0.048949,-0.624019,0.781078,0.022775,0.052451,0.012788,0.998542,0,0.82561,0.09214,49.537,0.184,-1,400.000,-1,400.000,-1,325.000,325.000,225.000,300.000,-1,525.000,400.000,875.000,700.000,750.000,-1,-1,2,0,2,0,2,0,0,1,0,2,0,0,1,0,0,2,2
21,-8937.193,-10126.195,93.743,-38.460,0.781647,0.621932,-0.047201,-0.621567,0.782998,0.023851,0.051792,0.010695,0.998601,0,0.81715,0.08740,49.029,0.175,-1,375.000,-1,400.000,-1,325.000,325.000,200.000,300.000,-1,575.000,425.000,825.000,675.000,725.000,-1,-1,2,0,2,0,2,0,0,1,0,2,0,0,1,0,0,2,2
22,-8899.105,-10156.271,95.319,-38.296,0.783582,0.619709,-0.044280,-0.619188,0.784802,0.026292,0.051044,0.006815,0.998673,0,0.80886,0.08203,48.532,0.164,-1,375.000,-1,400.000,-1,325.000,325.000,200.000,300.000,-1,600.000,475.000,800.000,650.000,725.000,-1,-1,2,0,2,0,2,0,0,1,0,2,0,0,1,0,0,2,2
23,-8861.318,-10185.947,96.899,-38.144,0.785339,0.617634,-0.042092,-0.616982,0.786458,0.028573,0.050752,0.003531,0.998705,0,0.80078,0.07606,48.047,0.152,-1,375.000,-1,400.000,-1,300.000,325.000,175.000,300.000,925.000,625.000,525.000,775.000,650.000,725.000,-1,-1,2,0,2,0,2,0,0,1,0,1,0,0,1,0,0,2,2
24,-8823.829,-10215.242,99.213,-38.005,0.786712,0.615723,-0.044380,-0.615014,0.787953,0.029794,0.053314,0.003855,0.998570,0,0.79295,0.06950,47.577,0.139,-1,375.000,-1,400.000,-1,300.000,325.000,175.000,300.000,900.000,650.000,525.000,750.000,650.000,725.000,-1,-1,2,0,2,0,2,0,0,1,0,1,0,0,1,0,0,2,2
25,-8786.633,-10244.178,101.505,-37.880,0.787924,0.614005,-0.046624,-0.613235,0.789291,0.031010,0.055841,0.004158,0.998431,0,0.78542,0.06239,47.125,0.125,-1,375.000,-1,400.000,-1,300.000,325.000,175.000,325.000,875.000,575.000,425.000,750.000,650.000,725.000,-1,-1,2,0,2,0,2,0,0,1,0,1,0,0,1,0,0,2,2
26,-8749.722,-10272.777,104.575,-37.771,0.788978,0.612483,-0.048769,-0.611885,0.790447,0.028106,0.055764,0.007666,0.998415,0,0.77824,0.05474,46.695,0.109,-1,375.000,-1,400.000,-1,300.000,325.000,175.000,300.000,900.000,675.000,500.000,750.000,650.000,725.000,-1,-1,2,0,2,0,2,0,0,1,0,1,0,0,1,0,0,2,2
27,-8713.085,-10301.068,108.273,-37.677,0.789878,0.611156,-0.050806,-0.610921,0.791390,0.021859,0.053567,0.013773,0.998469,0,0.77148,0.04658,46.289,0.093,-1,375.000,-1,375.000,-1,300.000,325.000,200.000,300.000,950.000,800.000,675.000,750.000,650.000,700.000,-1,-1,2,0,2,0,2,0,0,1,0,1,0,0,1,0,0,2,2
28,-8676.710,-10329.080,111.726,-37.602,0.790597,0.610056,-0.052803,-0.610120,0.792131,0.016787,0.052068,0.018945,0.998464,0,0.76518,0.03793,45.911,0.076,-1,375.000,-1,375.000,-1,300.000,300.000,200.000,300.000,1000.000,900.000,750.000,775.000,650.000,675.000,-1,-1,2,0,2,0,2,0,0,1,0,1,0,0,1,0,0,2,2
29,-8640.582,-10356.844,114.941,-37.544,0.791119,0.609205,-0.054771,-0.609511,0.792673,0.012864,0.051253,0.023207,0.998416,0,0.75941,0.02881,45.565,0.058,-1,375.000,-1,375.000,-1,300.000,300.000,225.000,300.000,-1,975.000,825.000,775.000,650.000,675.000,-1,-1,2,0,2,0,2,0,0,1,0,2,0,0,1,0,0,2,2
30,-8604.682,-10384.394,118.043,-37.505,0.791394,0.608613,-0.057320,-0.609134,0.793005,0.009921,0.051493,0.027065,0.998307,0,0.75421,0.01923,45.253,0.038,-1,375.000,-1,375.000,-1,300.000,300.000,225.000,300.000,-1,-1,875.000,800.000,650.000,675.000,-1,-1,2,0,2,0,2,0,0,1,0,2,2,0,1,0,0,2,2
31,-8568.991,-10411.766,121.051,-37.487,0.791399,0.608296,-0.060528,-0.609013,0.793120,0.007921,0.052825,0.030594,0.998135,0,0.74963,0.00922,44.978,0.018,-1,375.000,-1,375.000,-1,300.000,300.000,250.000,300.000,-1,-1,900.000,800.000,650.000,675.000,-1,-1,2,0,2,0,2,0,0,1,0,2,2,0,1,0,0,2,2
32,-8533.488,-10438.996,123.870,-37.489,0.791161,0.608281,-0.063706,-0.609138,0.793031,0.007204,0.054903,0.033106,0.997943,0,0.74571,-0.00121,44.743,-0.002,-1,375.000,-1,375.000,-1,300.000,300.000,250.000,300.000,-1,-1,900.000,825.000,650.000,675.000,-1,-1,2,0,2,0,2,0,0,1,0,2,2,0,1,0,0,2,2
33,-8498.151,-10466.123,126.548,-37.513,0.790666,0.608586,-0.066861,-0.609509,0.792739,0.007973,0.057855,0.034448,0.997730,0,0.74247,-0.01204,44.548,-0.024,-1,375.000,-1,375.000,-1,300.000,300.000,275.000,300.000,-1,-1,850.000,850.000,675.000,675.000,-1,-1,2,0,2,0,2,0,0,1,0,2,2,0,1,0,0,2,2
34,-8462.157,-10493.540,129.023,-37.298,0.792691,0.605592,-0.069997,-0.606497,0.795024,0.009941,0.061670,0.034573,0.997498,0,0.75411,0.10796,45.247,0.216,-1,375.000,-1,375.000,-1,300.000,300.000,275.000,300.000,-1,950.000,700.000,850.000,675.000,700.000,-1,-1,2,0,2,0,2,0,0,1,0,2,0,0,1,0,0,2,2
35,-8425.992,-10520.637,131.573,-36.842,0.797311,0.599290,-0.071733,-0.600019,0.799875,0.013324,0.065362,0.032418,0.997335,0,0.75315,0.22796,45.189,0.456,-1,375.000,-1,375.000,-1,300.000,300.000,275.000,300.000,925.000,825.000,600.000,875.000,700.000,700.000,-1,-1,2,0,2,0,2,0,0,1,0,1,0,0,1,0,0,2,2
36,-8389.477,-10547.311,134.035,-36.146,0.804391,0.589597,-0.073003,-0.590029,0.807186,0.017806,0.069425,0.028751,0.997173,0,0.75365,0.34796,45.219,0.696,-1,375.000,-1,375.000,-1,325.000,325.000,300.000,300.000,725.000,700.000,525.000,900.000,725.000,725.000,-1,-1,2,0,2,0,2,0,0,1,0,1,0,0,1,0,0,2,2
37,-8352.536,-10573.579,136.370,-35.414,0.811709,0.579301,-0.074420,-0.579368,0.814744,0.022899,0.073899,0.024529,0.996964,0,0.75546,0.36604,45.328,0.732,-1,375.000,-1,400.000,-1,325.000,325.000,300.000,300.000,575.000,575.000,450.000,925.000,725.000,775.000,-1,-1,2,0,2,0,2,0,0,1,0,1,0,0,1,0,0,2,2
38,-8315.156,-10599.469,139.787,-34.707,0.818707,0.569208,-0.075640,-0.569256,0.821838,0.023040,0.075278,0.024196,0.996869,0,0.75784,0.35353,45.470,0.707,-1,375.000,-1,400.000,-1,325.000,325.000,300.000,300.000,575.000,600.000,475.000,975.000,750.000,775.000,-1,-1,2,0,2,0,2,0,0,0,0,1,0,0,1,0,0,2,2
39,-8277.334,-10625.004,143.373,-34.025,0.825319,0.559403,-0.076923,-0.559380,0.828568,0.023862,0.077085,0.023335,0.996751,0,0.76057,0.34079,45.634,0.682,-1,375.000,-1,400.000,-1,325.000,325.000,300.000,300.000,550.000,600.000,475.000,1000.000,750.000,800.000,-1,-1,2,0,2,0,2,0,0,0,0,1,0,0,1,0,0,2,2
40,-8239.068,-10650.207,146.953,-33.369,0.831564,0.549894,-0.078219,-0.549811,0.834929,0.024542,0.078803,0.022597,0.996634,0,0.76368,0.32781,45.821,0.656,-1,375.000,-1,400.000,-1,325.000,325.000,300.000,300.000,550.000,600.000,500.000,-1,775.000,825.000,-1,-1,2,0,2,0,2,0,0,0,0,1,0,0,2,0,0,2,2
41,-8200.351,-10675.101,150.529,-32.740,0.837448,0.540700,-0.079523,-0.540565,0.840928,0.025083,0.080435,0.021981,0.996517,0,0.76714,0.31460,46.029,0.629,-1,375.000,-1,400.000,-1,325.000,325.000,300.000,300.000,550.000,600.000,525.000,-1,775.000,850.000,-1,-1,2,0,2,0,2,0,0,0,0,1,0,0,2,0,0,2,2
42,-8161.181,-10699.709,154.102,-32.138,0.842981,0.531836,-0.080829,-0.531659,0.846575,0.025488,0.081983,0.021488,0.996402,0,0.77097,0.30115,46.258,0.602,-1,400.000,-1,400.000,-1,325.000,325.000,300.000,300.000,550.000,625.000,550.000,-1,800.000,875.000,-1,-1,2,0,2,0,2,0,0,0,0,1,0,0,2,0,0,2,2
43,-8121.551,-10724.054,157.673,-31.563,0.848170,0.523318,-0.082134,-0.523110,0.851876,0.025761,0.083449,0.021116,0.996288,0,0.77517,0.28746,46.510,0.575,-1,400.000,-1,400.000,-1,325.000,325.000,300.000,300.000,550.000,625.000,550.000,-1,800.000,900.000,-1,-1,2,0,2,0,2,0,0,0,0,1,0,0,2,0,0,2,2
44,-8081.457,-10748.160,161.244,-31.016,0.853021,0.515164,-0.083434,-0.514935,0.856838,0.025904,0.084834,0.020866,0.996177,0,0.77972,0.27352,46.783,0.547,-1,400.000,-1,400.000,-1,325.000,325.000,300.000,300.000,575.000,625.000,575.000,-1,825.000,950.000,-1,-1,2,0,2,0,2,0,0,0,0,1,0,0,2,0,0,2,2
45,-8040.891,-10772.052,164.956,-30.497,0.857556,0.507382,-0.084624,-0.507203,0.861458,0.025203,0.085688,0.021309,0.996094,0,0.78464,0.25933,47.079,0.519,-1,400.000,-1,425.000,-1,325.000,325.000,300.000,300.000,575.000,625.000,575.000,-1,850.000,975.000,-1,-1,2,0,2,0,2,0,0,0,0,1,0,0,2,0,0,2,2
46,-7999.848,-10795.755,168.909,-30.007,0.861828,0.499992,-0.085208,-0.499903,0.865751,0.023918,0.085728,0.021982,0.996076,0,0.78993,0.24488,47.396,0.490,-1,400.000,-1,425.000,-1,325.000,325.000,300.000,300.000,600.000,675.000,600.000,-1,850.000,975.000,-1,-1,2,0,2,0,2,0,0,0,0,1,0,0,2,0,0,2,2
47,-7958.321,-10819.295,172.866,-29.547,0.865788,0.493012,-0.085734,-0.493023,0.869725,0.022523,0.085669,0.022768,0.996063,0,0.79558,0.23018,47.735,0.460,-1,400.000,-1,425.000,-1,325.000,325.000,300.000,300.000,625.000,725.000,650.000,-1,875.000,1000.000,-1,-1,2,0,2,0,2,0,0,0,0,1,0,0,2,0,0,2,2
48,-7916.303,-10842.697,176.660,-29.117,0.869510,0.486461,-0.085483,-0.486541,0.873398,0.021316,0.085030,0.023056,0.996112,0,0.80160,0.21520,48.096,0.430,-1,400.000,-1,425.000,-1,325.000,350.000,300.000,300.000,650.000,800.000,725.000,-1,875.000,-1,-1,-1,2,0,2,0,2,0,0,0,0,1,0,0,2,0,2,2,2
49,-7873.786,-10865.990,180.442,-28.717,0.872931,0.480349,-0.085179,-0.480505,0.876763,0.020010,0.084294,0.023462,0.996165,0,0.80799,0.19994,48.479,0.400,-1,425.000,-1,425.000,-1,325.000,350.000,300.000,300.000,675.000,875.000,800.000,-1,900.000,-1,-1,-1,2,0,2,0,2,0,0,0,0,1,0,0,2,0,2,2,2
50,-7831.034,-10889.037,184.189,-28.328,0.876220,0.474387,-0.084821,-0.474626,0.879991,0.018615,0.083472,0.023948,0.996222,0,0.80948,0.19427,48.569,0.389,-1,425.000,-1,425.000,-1,350.000,350.000,300.000,300.000,700.000,925.000,850.000,-1,900.000,-1,-1,-1,2,0,2,0,2,0,0,0,0,1,0,0,2,0,2,2,2
51,-7785.925,-10912.965,188.160,-27.944,0.879478,0.468477,-0.083955,-0.468784,0.883144,0.017246,0.082224,0.024189,0.996320,0,0.85104,0.19197,51.063,0.384,-1,425.000,-1,425.000,-1,350.000,350.000,300.000,300.000,725.000,1000.000,925.000,-1,900.000,-1,-1,-1,2,0,2,0,2,0,0,0,0,1,0,0,2,0,2,2,2
52,-7740.774,-10936.536,192.177,-27.565,0.882739,0.462629,-0.082134,-0.462954,0.886234,0.016196,0.080283,0.023727,0.996490,0,0.84890,0.18953,50.934,0.379,-1,425.000,-1,425.000,-1,350.000,350.000,300.000,300.000,775.000,-1,-1,-1,900.000,-1,-1,-1,2,0,2,0,2,0,0,0,0,1,2,2,2,0,2,2,2
53,-7695.570,-10959.759,196.037,-27.192,0.885921,0.456838,-0.080272,-0.457217,0.889234,0.014675,0.078085,0.023701,0.996665,0,0.84701,0.18689,50.820,0.374,-1,425.000,-1,425.000,-1,350.000,350.000,300.000,300.000,800.000,-1,-1,-1,900.000,-1,-1,-1,2,0,2,0,2,0,0,0,0,1,2,2,2,0,2,2,2
54,-7650.306,-10982.646,199.754,-26.823,0.889020,0.451112,-0.078368,-0.451574,0.892143,0.012734,0.075660,0.024069,0.996843,0,0.84537,0.18405,50.722,0.368,-1,425.000,-1,425.000,-1,325.000,350.000,300.000,300.000,825.000,-1,-1,-1,900.000,-1,-1,-1,2,0,2,0,2,0,0,0,0,1,2,2,2,0,2,2,2
55,-7604.972,-11005.211,203.404,-26.461,0.892028,0.445460,-0.076487,-0.446008,0.894965,0.010720,0.073228,0.024551,0.997013,0,0.84399,0.18101,50.640,0.362,-1,400.000,-1,425.000,-1,325.000,350.000,300.000,300.000,875.000,-1,-1,-1,900.000,-1,-1,-1,2,0,2,0,2,0,0,0,0,1,2,2,2,0,2,2,2
56,-7559.559,-11027.464,206.989,-26.106,0.894945,0.439891,-0.074625,-0.440525,0.897699,0.008633,0.070789,0.025148,0.997174,0,0.84288,0.17779,50.573,0.356,-1,400.000,-1,425.000,-1,325.000,350.000,300.000,300.000,900.000,-1,-1,-1,875.000,-1,-1,-1,2,0,2,0,2,0,0,0,0,1,2,2,2,0,2,2,2
57,-7514.058,-11049.418,210.511,-25.757,0.897770,0.434411,-0.072781,-0.435131,0.900344,0.006474,0.068341,0.025857,0.997327,0,0.84202,0.17439,50.521,0.349,-1,400.000,-1,425.000,-1,325.000,350.000,300.000,300.000,950.000,-1,-1,-1,875.000,1000.000,-1,-1,2,0,2,0,2,0,0,0,0,1,2,2,2,0,0,2,2
58,-7468.458,-11071.085,213.973,-25.415,0.900501,0.429026,-0.070953,-0.429833,0.902898,0.004243,0.065884,0.026677,0.997471,0,0.84143,0.17081,50.486,0.342,-1,400.000,-1,425.000,-1,325.000,350.000,300.000,300.000,975.000,-1,-1,-1,875.000,1000.000,-1,-1,2,0,2,0,2,0,0,0,0,1,2,2,2,0,0,2,2
59,-7422.751,-11092.477,217.375,-25.081,0.903140,0.423742,-0.069139,-0.424636,0.905362,0.001940,0.063418,0.027607,0.997605,0,0.84110,0.16706,50.466,0.334,-1,400.000,-1,425.000,-1,325.000,325.000,300.000,300.000,-1,-1,-1,-1,875.000,975.000,-1,-1,2,0,2,0,2,0,0,0,0,2,2,2,2,0,0,2,2
60,-7376.927,-11113.607,220.720,-24.755,0.905686,0.418567,-0.067336,-0.419546,0.907734,-0.000435,0.060941,0.028644,0.997730,0,0.84102,0.16315,50.461,0.326,-1,425.000,-1,425.000,-1,325.000,325.000,300.000,300.000,-1,-1,-1,-1,875.000,975.000,-1,-1,2,0,2,0,2,0,0,0,0,2,2,2,2,0,0,2,2
61,-7330.977,-11134.486,223.810,-24.437,0.908132,0.413509,-0.065625,-0.414554,0.910021,-0.002558,0.058662,0.029528,0.997841,0,0.84120,0.15909,50.472,0.318,-1,425.000,-1,425.000,-1,325.000,325.000,300.000,300.000,-1,-1,-1,-1,850.000,950.000,-1,-1,2,0,2,0,2,0,0,0,0,2,2,2,2,0,0,2,2
62,-7284.892,-11155.127,226.723,-24.127,0.910494,0.408575,-0.063773,-0.409668,0.912223,-0.004524,0.056326,0.030245,0.997954,0,0.84161,0.15487,50.497,0.310,-1,400.000,-1,425.000,-1,325.000,325.000,300.000,300.000,-1,-1,-1,-1,850.000,950.000,-1,-1,2,0,2,0,2,0,0,0,0,2,2,2,2,0,0,2,2
63,-7238.662,-11175.542,229.427,-23.826,0.912805,0.403775,-0.061255,-0.404870,0.914354,-0.006112,0.053540,0.030379,0.998103,0,0.84227,0.15051,50.536,0.301,-1,400.000,-1,425.000,-1,325.000,325.000,300.000,300.000,-1,-1,-1,-1,850.000,925.000,-1,-1,2,0,2,0,2,0,0,0,0,2,2,2,2,0,0,2,2
64,-7188.019,-11197.841,232.308,-23.765,0.913414,0.402795,-0.058576,-0.403899,0.914770,-0.007878,0.050410,0.030855,0.998252,0,0.92227,0.03051,55.336,0.061,-1,400.000,-1,425.000,-1,325.000,325.000,300.000,300.000,-1,-1,-1,-1,825.000,925.000,-1,-1,2,0,2,0,2,0,0,0,0,2,2,2,2,0,0,2,2
65,-7133.730,-11221.948,235.178,-23.944,0.912308,0.405642,-0.056115,-0.406757,0.913486,-0.009617,0.047359,0.031599,0.998378,0,0.99001,-0.08949,59.401,-0.179,-1,400.000,-1,425.000,1000.000,325.000,325.000,300.000,300.000,-1,-1,-1,-1,825.000,900.000,-1,-1,2,0,2,0,1,0,0,0,0,2,2,2,2,0,0,2,2
66,-7079.586,-11246.467,237.824,-24.363,0.909438,0.412292,-0.054210,-0.413448,0.910453,-0.011675,0.044542,0.033031,0.998461,0,0.99062,-0.20949,59.437,-0.419,-1,400.000,-1,425.000,950.000,325.000,325.000,300.000,300.000,-1,-1,-1,-1,800.000,900.000,-1,-1,2,0,2,0,1,0,0,0,0,2,2,2,2,0,0,2,2
67,-7025.700,-11271.619,240.297,-25.022,0.904756,0.422709,-0.052291,-0.423915,0.905592,-0.014105,0.041392,0.034929,0.998532,0,0.99112,-0.32949,59.467,-0.659,-1,400.000,-1,425.000,875.000,325.000,325.000,300.000,300.000,-1,-1,-1,-1,800.000,875.000,-1,-1,2,0,2,0,1,0,0,0,0,2,2,2,2,0,0,2,2
68,-6972.189,-11297.625,242.676,-25.921,0.898125,0.436833,-0.050473,-0.438082,0.898783,-0.016522,0.038147,0.036951,0.998589,0,0.99160,-0.44949,59.496,-0.899,-1,400.000,-1,425.000,825.000,325.000,325.000,300.000,300.000,-1,-1,-1,-1,800.000,850.000,-1,-1,2,0,2,0,1,0,0,0,0,2,2,2,2,0,0,2,2
69,-6919.179,-11324.704,244.948,-27.060,0.889372,0.454576,-0.048767,-0.455859,0.889851,-0.018933,0.034789,0.039069,0.998631,0,0.99210,-0.56949,59.526,-1.139,-1,400.000,-1,400.000,775.000,325.000,325.000,300.000,300.000,-1,-1,-1,-1,800.000,850.000,-1,-1,2,0,2,0,1,0,0,0,0,2,2,2,2,0,1,2,2
70,-6866.806,-11353.068,247.103,-28.439,0.878278,0.475817,-0.047186,-0.477125,0.878576,-0.021339,0.031303,0.041255,0.998658,0,0.99268,-0.68949,59.561,-1.379,-1,400.000,-1,400.000,725.000,325.000,325.000,300.000,300.000,-1,-1,-1,-1,800.000,800.000,-1,1000.000,2,0,2,0,1,0,0,0,0,2,2,2,2,0,1,2,1
71,-6815.217,-11382.921,249.126,-30.058,0.864584,0.500402,-0.045744,-0.501726,0.864701,-0.023738,0.027676,0.043474,0.998671,0,0.99340,-0.80949,59.604,-1.619,-1,400.000,-1,400.000,675.000,325.000,325.000,300.000,300.000,-1,-1,-1,-1,775.000,750.000,-1,850.000,2,0,2,0,1,0,0,0,0,2,2,2,2,0,1,2,1
72,-6764.576,-11414.462,251.003,-31.917,0.847994,0.528137,-0.044454,-0.529466,0.847929,-0.026120,0.023899,0.045687,0.998670,0,0.99432,-0.92949,59.659,-1.859,-1,400.000,-1,400.000,600.000,325.000,325.000,300.000,300.000,-1,-1,-1,-1,775.000,700.000,-1,750.000,2,0,2,0,1,0,0,0,0,2,2,2,2,0,1,2,1
73,-6715.010,-11447.790,252.474,-33.917,0.829121,0.557380,-0.043424,-0.558680,0.828939,-0.027166,0.020854,0.046784,0.998687,0,0.99548,-1.00000,59.729,-2.000,-1,400.000,-1,400.000,550.000,325.000,325.000,300.000,300.000,-1,-1,-1,-1,775.000,650.000,-1,650.000,2,0,2,0,1,0,0,0,0,2,2,2,2,0,1,2,1
74,-6666.575,-11482.872,253.699,-35.917,0.809226,0.585938,-0.042787,-0.587219,0.808937,-0.028178,0.018101,0.047927,0.998687,0,0.99676,-1.00000,59.805,-2.000,-1,400.000,-1,400.000,500.000,325.000,325.000,300.000,300.000,-1,-1,-1,-1,800.000,625.000,-1,575.000,2,0,2,0,1,0,0,0,0,2,2,2,2,0,1,2,1
75,-6619.340,-11519.666,254.702,-37.917,0.788349,0.613783,-0.042145,-0.615038,0.787958,-0.029162,0.015309,0.048911,0.998686,0,0.99790,-1.00000,59.874,-2.000,-1,400.000,-1,400.000,450.000,325.000,325.000,300.000,300.000,-1,-1,-1,-1,800.000,575.000,-1,525.000,2,0,2,0,1,0,0,0,0,2,2,2,2,0,1,2,1
76,-6573.372,-11558.124,255.510,-39.917,0.766521,0.640886,-0.041351,-0.642099,0.766031,-0.030086,0.012394,0.049613,0.998692,0,0.99889,-1.00000,59.933,-2.000,-1,400.000,-1,400.000,400.000,325.000,325.000,300.000,300.000,-1,-1,-1,-1,800.000,525.000,-1,450.000,2,0,2,1,1,0,0,0,0,2,2,2,2,0,1,2,1
77,-6528.738,-11598.196,256.163,-41.917,0.743761,0.667210,-0.040615,-0.668378,0.743176,-0.031000,0.009501,0.050203,0.998694,0,0.99971,-1.00000,59.983,-2.000,-1,400.000,-1,375.000,350.000,325.000,325.000,300.000,300.000,-1,-1,-1,-1,800.000,500.000,-1,400.000,2,0,2,1,1,0,0,0,0,2,2,2,2,0,1,2,1
78,-6485.517,-11639.813,256.655,-43.917,0.720096,0.692723,-0.039953,-0.693843,0.719420,-0.031898,0.006647,0.050691,0.998692,0,1.00000,-1.00000,60.000,-2.000,-1,400.000,-1,325.000,300.000,325.000,325.000,300.000,300.000,-1,-1,-1,-1,800.000,450.000,-1,325.000,2,0,2,1,1,0,0,0,0,2,2,2,2,0,1,2,1
79,-6443.774,-11682.913,256.924,-45.917,0.695546,0.717387,-0.039645,-0.718470,0.694784,-0.032796,0.004017,0.051295,0.998675,0,1.00000,-1.00000,60.000,-2.000,-1,400.000,-1,300.000,250.000,325.000,300.000,300.000,300.000,-1,-1,-1,-1,800.000,400.000,-1,275.000,2,0,2,1,1,0,1,0,0,2,2,2,2,0,1,2,1
80,-6403.561,-11727.444,257.051,-47.917,0.670153,0.741181,-0.039316,-0.742222,0.669310,-0.033635,0.001385,0.051722,0.998661,0,1.00000,-1.00000,60.000,-2.000,-1,400.000,-1,275.000,200.000,325.000,275.000,300.000,300.000,-1,-1,-1,-1,825.000,375.000,-1,225.000,2,0,2,1,1,1,1,0,0,2,2,2,2,0,1,2,1
81,-6364.933,-11773.357,261.654,-49.917,0.643514,0.764649,-0.034675,-0.765332,0.643507,-0.012832,0.012501,0.034796,0.999316,0,1.00000,-1.00000,60.000,-2.000,-1,425.000,-1,275.000,200.000,325.000,275.000,275.000,325.000,-1,-1,-1,-1,900.000,375.000,-1,200.000,2,1,2,1,1,1,1,0,1,2,2,2,2,0,1,2,1
82,-6327.929,-11820.588,266.408,-51.917,0.616297,0.787009,-0.028174,-0.787131,0.616718,0.009094,0.024532,0.016572,0.999562,0,1.00000,-1.00000,60.000,-2.000,-1,425.000,-1,275.000,200.000,325.000,275.000,275.000,325.000,-1,425.000,-1,-1,-1,400.000,-1,200.000,2,1,2,1,1,1,1,0,1,2,0,2,2,2,1,2,1
83,-6292.594,-11869.081,271.115,-53.917,0.588623,0.808162,-0.019919,-0.807566,0.588956,0.031115,0.036878,-0.002229,0.999317,0,1.00000,-1.00000,60.000,-2.000,-1,475.000,-1,275.000,175.000,325.000,275.000,275.000,350.000,975.000,175.000,375.000,-1,-1,400.000,-1,200.000,2,1,2,1,1,1,1,0,1,0,0,0,2,2,1,2,1
84,-6258.969,-11918.775,275.728,-55.917,0.560598,0.828030,-0.009818,-0.826599,0.560261,0.053302,0.049637,-0.021766,0.998530,0,1.00000,-1.00000,60.000,-2.000,-1,525.000,-1,275.000,175.000,350.000,275.000,250.000,350.000,650.000,100.000,275.000,-1,-1,425.000,-1,175.000,2,1,2,1,1,1,1,0,1,0,0,0,2,2,1,2,1
85,-6227.096,-11969.611,280.238,-57.917,0.532337,0.846530,0.002178,-0.844201,0.530678,0.075532,0.062784,-0.042047,0.997141,0,1.00000,-1.00000,60.000,-2.000,-1,600.000,-1,300.000,175.000,350.000,300.000,250.000,350.000,475.000,50.000,225.000,-1,-1,450.000,-1,175.000,2,0,2,1,1,1,1,0,1,0,0,0,2,2,1,2,1
86,-6197.014,-12021.530,285.727,-59.917,0.503694,0.863818,0.010517,-0.860212,0.500396,0.098175,0.079543,-0.058497,0.995114,0,1.00000,-1.00000,60.000,-2.000,-1,650.000,-1,300.000,175.000,400.000,300.000,250.000,350.000,375.000,50.000,200.000,-1,-1,500.000,-1,175.000,2,0,2,1,1,1,1,0,1,0,0,0,2,2,1,2,1
87,-6168.763,-12074.467,291.906,-61.917,0.474749,0.879963,0.016710,-0.874545,0.469522,0.121326,0.098917,-0.072213,0.992472,0,1.00000,-1.00000,60.000,-2.000,-1,750.000,-1,325.000,175.000,450.000,325.000,250.000,350.000,300.000,25.000,175.000,-1,-1,600.000,-1,175.000,2,1,2,1,1,1,1,0,1,0,0,0,2,2,1,2,1
88,1639.832,6231.356,90.837,-12.917,0.974333,0.223529,-0.026658,-0.223125,0.974636,0.017312,0.029852,-0.010919,0.999495,1,0.00000,0.00000,60.000,-2.000,400.000,400.000,-1,425.000,-1,375.000,350.000,300.000,300.000,-1,325.000,225.000,-1,575.000,800.000,525.000,-1,1,1,2,0,2,1,0,1,0,2,0,0,2,1,1,1,2
89,1644.515,6230.302,90.952,-12.677,0.975251,0.219446,-0.026985,-0.219046,0.975567,0.016985,0.030053,-0.010654,0.999492,0,0.08000,0.12000,4.800,0.240,400.000,400.000,-1,425.000,-1,375.000,350.000,300.000,300.000,-1,325.000,225.000,-1,575.000,800.000,525.000,-1,1,1,2,0,2,1,0,1,0,2,0,0,2,1,1,1,2
90,1653.898,6228.274,91.185,-12.197,0.977038,0.211266,-0.027639,-0.210878,0.977376,0.016316,0.030461,-0.010112,0.999485,0,0.16000,0.24000,9.600,0.480,400.000,400.000,-1,425.000,-1,375.000,350.000,300.000,300.000,-1,325.000,225.000,-1,550.000,800.000,525.000,-1,1,1,2,0,2,1,0,1,0,2,0,0,2,1,1,1,2
91,1668.010,6225.409,91.540,-11.477,0.979588,0.198969,-0.028621,-0.198599,0.979962,0.015270,0.031086,-0.009274,0.999474,0,0.24000,0.36000,14.400,0.720,400.000,400.000,-1,425.000,-1,375.000,350.000,275.000,300.000,-1,325.000,225.000,-1,550.000,775.000,500.000,-1,1,1,2,1,2,1,0,1,0,2,0,0,2,1,1,1,2
92,1686.887,6221.904,92.021,-10.517,0.982746,0.182525,-0.029930,-0.182183,0.983168,0.013796,0.031944,-0.008106,0.999457,0,0.32000,0.48000,19.200,0.960,375.000,375.000,-1,425.000,-1,350.000,350.000,275.000,300.000,-1,325.000,200.000,-1,550.000,775.000,500.000,-1,1,1,2,1,2,1,1,1,0,2,0,0,2,1,1,1,2
93,1710.571,6218.018,92.639,-9.317,0.986303,0.161897,-0.031564,-0.161598,0.986786,0.011819,0.033061,-0.006556,0.999432,0,0.40000,0.60000,24.000,1.200,375.000,375.000,-1,425.000,-1,350.000,350.000,275.000,300.000,-1,300.000,175.000,-1,525.000,775.000,475.000,-1,1,1,2,1,2,1,1,1,0,2,0,0,2,1,1,1,2
94,1739.099,6214.071,93.404,-7.877,0.989997,0.137049,-0.033525,-0.136813,0.990554,0.009232,0.034473,-0.004553,0.999395,0,0.48000,0.72000,28.800,1.440,350.000,375.000,-1,400.000,-1,350.000,350.000,275.000,300.000,-1,300.000,175.000,-1,525.000,750.000,450.000,-1,1,1,2,1,2,1,1,1,0,2,0,0,2,1,1,1,2
95,1772.503,6210.444,94.332,-6.197,0.993511,0.107951,-0.035808,-0.107808,0.994154,0.005893,0.036235,-0.001994,0.999341,0,0.56000,0.84000,33.600,1.680,350.000,350.000,-1,400.000,-1,325.000,350.000,275.000,275.000,-1,275.000,175.000,-1,500.000,725.000,425.000,-1,1,1,2,1,2,1,1,1,0,2,0,0,2,1,1,1,2
96,1810.795,6207.566,95.436,-4.300,0.996445,0.074976,-0.038406,-0.074968,0.997185,0.001648,0.038421,0.001238,0.999261,0,0.64000,0.94868,38.400,1.897,325.000,350.000,-1,400.000,-1,325.000,325.000,275.000,275.000,-1,275.000,150.000,-1,475.000,675.000,400.000,-1,1,1,2,1,2,1,1,1,0,2,0,0,2,1,1,1,2
97,1853.557,6205.778,96.687,-2.395,0.998273,0.041788,-0.041279,-0.041962,0.999114,-0.003355,0.041103,0.005082,0.999142,0,0.71332,0.95241,42.799,1.905,300.000,325.000,-1,375.000,-1,300.000,325.000,275.000,275.000,-1,250.000,150.000,-1,475.000,650.000,375.000,-1,1,1,2,1,2,1,1,1,0,2,0,0,2,1,1,1,2
98,1896.345,6205.420,98.006,-0.480,0.998991,0.008379,-0.044122,-0.008785,0.999921,-0.009031,0.044043,0.009409,0.998985,0,0.71315,0.95747,42.789,1.915,300.000,325.000,-1,375.000,-1,300.000,300.000,275.000,275.000,-1,250.000,125.000,-1,450.000,625.000,375.000,-1,1,1,2,1,2,1,1,1,0,2,0,0,2,1,1,1,2
99,1939.092,6206.500,99.393,1.446,0.998581,-0.025224,-0.046904,0.024523,0.999580,-0.015445,0.047274,0.014273,0.998780,0,0.71267,0.96280,42.760,1.926,300.000,300.000,-1,350.000,-1,275.000,300.000,275.000,275.000,-1,225.000,125.000,-1,450.000,575.000,350.000,-1,1,1,2,1,2,1,1,1,0,2,0,0,2,1,1,1,2
100,1981.729,6209.021,101.907,3.382,0.996899,-0.058990,-0.052074,0.058017,0.998115,-0.020007,0.053156,0.016924,0.998443,0,0.71185,0.96840,42.711,1.937,300.000,300.000,-1,350.000,-1,275.000,275.000,275.000,275.000,-1,225.000,100.000,-1,450.000,550.000,350.000,-1,1,1,2,1,2,1,1,1,0,2,0,0,2,1,1,1,2
101,2024.185,6212.984,106.451,5.331,0.993897,-0.092889,-0.059509,0.091507,0.995477,-0.025543,0.061612,0.019941,0.997901,0,0.71066,0.97429,42.639,1.949,325.000,300.000,-1,350.000,-1,275.000,275.000,275.000,275.000,-1,225.000,125.000,-1,450.000,550.000,400.000,-1,1,1,2,1,2,1,1,1,0,2,0,0,2,1,1,1,2
102,2066.386,6218.386,111.095,7.292,0.989628,-0.126891,-0.067343,0.125031,0.991663,-0.031165,0.070736,0.022422,0.997243,0,0.70907,0.98047,42.544,1.961,425.000,300.000,-1,325.000,-1,275.000,275.000,275.000,300.000,-1,200.000,125.000,925.000,475.000,525.000,575.000,-1,1,1,2,1,2,1,1,1,0,2,0,0,0,1,1,1,2
103,2108.257,6225.219,115.782,9.266,0.984075,-0.160967,-0.075403,0.158592,0.986668,-0.036526,0.080278,0.023986,0.996484,0,0.70705,0.98695,42.423,1.974,-1,300.000,-1,325.000,-1,275.000,275.000,275.000,300.000,-1,200.000,125.000,800.000,525.000,525.000,-1,-1,2,1,2,1,2,1,1,1,0,2,0,0,0,1,1,2,2
104,2149.721,6233.470,120.525,11.253,0.977204,-0.195086,-0.083747,0.192173,0.980478,-0.041620,0.090232,0.024578,0.995617,0,0.70459,0.99373,42.276,1.987,-1,325.000,-1,325.000,-1,275.000,275.000,275.000,300.000,-1,200.000,125.000,700.000,575.000,525.000,-1,-1,2,1,2,1,2,1,1,1,0,2,0,0,0,1,1,2,2
105,-6231.404,-8855.052,284.760,56.495,0.549991,-0.829548,-0.096746,0.834876,0.549174,0.037291,0.022196,-0.101281,0.994610,1,0.00000,0.00000,42.100,2.000,-1,400.000,-1,400.000,-1,325.000,325.000,325.000,325.000,600.000,975.000,-1,-1,775.000,800.000,-1,-1,2,0,2,0,2,0,0,0,0,1,1,2,2,0,0,2,2
106,-6234.038,-8859.065,284.656,56.735,0.546530,-0.831828,-0.096785,0.837157,0.545686,0.037346,0.021749,-0.101435,0.994604,0,-0.08000,0.12000,-4.800,0.240,-1,400.000,-1,400.000,-1,325.000,325.000,325.000,325.000,600.000,-1,-1,-1,775.000,800.000,-1,-1,2,0,2,0,2,0,0,0,0,1,2,2,2,0,0,2,2
107,-6239.237,-8867.136,284.456,57.215,0.539579,-0.836345,-0.096861,0.841677,0.538681,0.037453,0.020854,-0.101735,0.994593,0,-0.16000,0.24000,-9.600,0.480,-1,400.000,-1,400.000,-1,325.000,325.000,325.000,325.000,600.000,-1,-1,-1,775.000,800.000,-1,-1,2,0,2,0,2,0,0,0,0,1,2,2,2,0,0,2,2
108,-6246.883,-8879.340,284.176,57.935,0.529084,-0.843011,-0.096972,0.848345,0.528106,0.037606,0.019509,-0.102162,0.994576,0,-0.24000,0.36000,-14.400,0.720,-1,400.000,-1,400.000,-1,325.000,325.000,325.000,325.000,600.000,-1,-1,-1,775.000,800.000,-1,-1,2,0,2,0,2,0,0,0,0,1,2,2,2,0,0,2,2
109,-6256.803,-8895.780,283.837,58.895,0.514963,-0.851694,-0.097112,0.857029,0.513880,0.037797,0.017713,-0.102691,0.994556,0,-0.32000,0.48000,-19.200,0.960,-1,400.000,-1,400.000,-1,325.000,325.000,325.000,325.000,600.000,-1,-1,-1,775.000,775.000,-1,-1,2,0,2,0,2,0,0,0,0,1,2,2,2,0,0,2,2
110,-6268.771,-8916.584,283.470,60.095,0.497114,-0.862215,-0.097275,0.867547,0.495900,0.038013,0.015463,-0.103288,0.994531,0,-0.40000,0.60000,-24.000,1.200,-1,400.000,-1,400.000,-1,325.000,325.000,325.000,325.000,575.000,-1,-1,-1,775.000,775.000,-1,-1,2,0,2,0,2,0,0,0,0,1,2,2,2,0,0,2,2
111,-6282.500,-8941.904,283.109,61.535,0.475414,-0.874348,-0.097453,0.879670,0.474045,0.038241,0.012761,-0.103907,0.994505,0,-0.48000,0.72000,-28.800,1.440,-1,400.000,-1,400.000,-1,325.000,325.000,325.000,325.000,575.000,-1,-1,-1,775.000,775.000,-1,-1,2,0,2,0,2,0,0,0,0,1,2,2,2,0,0,2,2
112,-6297.377,-8971.371,282.800,63.215,0.449724,-0.887816,-0.097630,0.893116,0.448180,0.038455,0.009615,-0.104490,0.994480,0,-0.55013,0.84000,-33.008,1.680,-1,400.000,-1,400.000,-1,325.000,325.000,325.000,325.000,550.000,-1,-1,-1,750.000,775.000,-1,-1,2,0,2,0,2,0,0,0,0,1,2,2,2,0,0,2,2
113,-6310.940,-9000.633,282.600,65.135,0.419895,-0.902293,-0.097753,0.907552,0.418164,0.038568,0.006078,-0.104910,0.994463,0,-0.53751,0.96000,-32.250,1.920,-1,375.000,-1,400.000,-1,325.000,325.000,325.000,325.000,550.000,-1,-1,-1,750.000,750.000,-1,-1,2,0,2,0,2,0,0,0,0,1,2,2,2,0,0,2,2
114,-6323.131,-9029.538,282.514,67.135,0.388326,-0.916315,-0.097825,0.921519,0.386411,0.038600,0.002431,-0.105137,0.994455,0,-0.52280,1.00000,-31.368,2.000,-1,375.000,-1,400.000,-1,325.000,325.000,325.000,325.000,550.000,-1,-1,-1,750.000,750.000,-1,-1,2,0,2,0,2,0,0,0,0,1,2,2,2,0,0,2,2
115,-6333.965,-9057.959,282.538,69.135,0.356287,-0.929239,-0.097847,0.934376,0.354195,0.038567,-0.001181,-0.105167,0.994454,0,-0.50690,1.00000,-30.414,2.000,-1,400.000,-1,400.000,-1,325.000,325.000,325.000,325.000,525.000,-1,-1,-1,750.000,750.000,-1,-1,2,0,2,0,2,0,0,0,0,1,2,2,2,0,0,2,2
116,-6343.480,-9085.805,282.656,71.135,0.323816,-0.941053,-0.097787,0.946108,0.321556,0.038485,-0.004772,-0.104979,0.994463,0,-0.49040,1.00000,-29.424,2.000,-1,400.000,-1,400.000,-1,325.000,325.000,325.000,325.000,525.000,-1,-1,-1,750.000,750.000,-1,-1,2,0,2,0,2,0,0,0,0,1,2,2,2,0,0,2,2
117,-6351.724,-9112.996,282.830,73.135,0.290957,-0.951753,-0.097518,0.956699,0.288533,0.038412,-0.008421,-0.104472,0.994492,0,-0.47352,1.00000,-28.411,2.000,-1,400.000,-1,400.000,-1,325.000,325.000,325.000,325.000,550.000,-1,-1,-1,750.000,750.000,-1,-1,2,0,2,0,2,0,0,0,0,1,2,2,2,0,0,2,2
118,-6358.751,-9139.470,283.086,75.135,0.257736,-0.961314,-0.097204,0.966141,0.255160,0.038269,-0.011986,-0.103776,0.994528,0,-0.45647,1.00000,-27.388,2.000,-1,400.000,-1,400.000,-1,325.000,325.000,325.000,325.000,625.000,-1,-1,-1,750.000,750.000,-1,-1,2,0,2,0,2,0,0,1,0,1,2,2,2,0,0,2,2
119,-6364.621,-9165.178,283.236,77.135,0.224130,-0.969787,-0.096325,0.974445,0.221491,0.037410,-0.014945,-0.102248,0.994647,0,-0.43945,1.00000,-26.367,2.000,-1,400.000,-1,400.000,-1,325.000,325.000,300.000,325.000,-1,-1,-1,-1,775.000,750.000,-1,-1,2,0,2,0,2,0,0,1,0,2,2,2,2,0,0,2,2
120,-6369.401,-9190.084,283.470,79.135,0.190243,-0.977090,-0.095409,0.981574,0.187542,0.036602,-0.017870,-0.100614,0.994765,0,-0.42264,1.00000,-25.358,2.000,-1,400.000,-1,400.000,-1,325.000,325.000,300.000,325.000,-1,-1,-1,-1,775.000,750.000,-1,-1,2,0,2,0,2,0,0,1,0,2,2,2,2,0,0,2,2
121,-6373.786,-9218.213,283.836,81.135,0.156104,-0.983230,-0.094292,0.987524,0.153358,0.035743,-0.020683,-0.098695,0.994903,0,-0.47443,1.00000,-28.466,2.000,-1,400.000,-1,400.000,-1,325.000,325.000,300.000,325.000,-1,-1,-1,-1,775.000,750.000,-1,-1,2,0,2,0,2,0,0,1,0,2,2,2,2,0,0,2,2
122,-6377.076,-9245.546,284.145,83.135,0.121733,-0.988126,-0.093745,0.992296,0.118967,0.034566,-0.023003,-0.097230,0.994996,0,-0.45880,1.00000,-27.528,2.000,-1,400.000,-1,400.000,-1,325.000,325.000,300.000,325.000,-1,-1,-1,-1,800.000,750.000,-1,-1,2,0,2,0,2,0,0,1,0,2,2,2,2,0,0,2,2
123,-6379.330,-9272.042,284.414,85.135,0.087179,-0.991782,-0.093643,0.995882,0.084419,0.033052,-0.024875,-0.096138,0.995057,0,-0.44316,1.00000,-26.589,2.000,-1,400.000,-1,400.000,-1,325.000,325.000,300.000,325.000,-1,-1,-1,-1,800.000,775.000,-1,-1,2,0,2,0,2,0,0,1,0,2,2,2,2,0,0,2,2
124,-6380.612,-9297.670,284.760,87.135,0.052512,-0.994240,-0.093431,0.998263,0.049760,0.031537,-0.026706,-0.094924,0.995126,0,-0.42764,1.00000,-25.659,2.000,-1,400.000,-1,400.000,-1,325.000,325.000,300.000,325.000,-1,-1,-1,-1,825.000,775.000,-1,-1,2,0,2,0,2,0,0,1,0,2,2,2,2,0,0,2,2
125,-6380.984,-9322.412,285.177,89.135,0.017772,-0.995497,-0.093115,0.999436,0.015034,0.030031,-0.028495,-0.093596,0.995202,0,-0.41238,1.00000,-24.743,2.000,-1,400.000,-1,400.000,-1,325.000,325.000,300.000,325.000,-1,-1,-1,-1,825.000,775.000,-1,-1,2,0,2,0,2,0,0,1,0,2,2,2,2,0,0,2,2
126,-6380.510,-9346.259,285.656,91.135,-0.016997,-0.995549,-0.092704,0.999398,-0.019721,0.028541,-0.030242,-0.092163,0.995285,0,-0.39748,1.00000,-23.849,2.000,-1,400.000,-1,400.000,-1,325.000,325.000,275.000,325.000,-1,-1,-1,-1,825.000,775.000,-1,-1,2,0,2,0,2,0,0,1,0,2,2,2,2,0,0,2,2
127,-6379.252,-9369.208,286.191,93.135,-0.051754,-0.994394,-0.092202,0.998149,-0.054460,0.027077,-0.031947,-0.090630,0.995372,0,-0.38304,1.00000,-22.982,2.000,975.000,400.000,-1,400.000,-1,325.000,325.000,275.000,325.000,-1,-1,-1,-1,850.000,800.000,-1,-1,1,0,2,0,2,0,0,1,0,2,2,2,2,0,0,2,2
128,-6377.268,-9391.268,286.777,95.135,-0.086457,-0.992034,-0.091618,0.995689,-0.089144,0.025644,-0.033607,-0.089006,0.995464,0,-0.36912,1.00000,-22.147,2.000,900.000,425.000,-1,400.000,-1,325.000,325.000,275.000,325.000,-1,-1,-1,-1,850.000,800.000,-1,-1,1,0,2,0,2,0,0,1,0,2,2,2,2,0,0,2,2
129,-6374.615,-9412.452,287.408,97.135,-0.121064,-0.988469,-0.090957,0.992020,-0.123730,0.024248,-0.035223,-0.087296,0.995560,0,-0.35579,1.00000,-21.348,2.000,825.000,425.000,-1,400.000,-1,325.000,325.000,275.000,325.000,-1,-1,-1,-1,875.000,800.000,-1,-1,1,0,2,0,2,0,0,1,0,2,2,2,2,0,0,2,2
130,-6371.345,-9432.779,288.080,99.135,-0.155532,-0.983702,-0.090226,0.987145,-0.158177,0.022895,-0.036793,-0.085505,0.995658,0,-0.34310,1.00000,-20.586,2.000,775.000,425.000,-1,400.000,-1,325.000,325.000,275.000,300.000,-1,-1,-1,-1,850.000,825.000,-1,-1,1,0,2,0,2,0,0,1,0,2,2,2,2,1,0,2,2
131,-6367.507,-9452.271,288.788,101.135,-0.189820,-0.977738,-0.089430,0.981071,-0.192441,0.021588,-0.038317,-0.083639,0.995759,0,-0.33108,1.00000,-19.865,2.000,725.000,425.000,-1,400.000,-1,325.000,325.000,300.000,300.000,-1,-1,-1,-1,850.000,825.000,-1,-1,1,0,2,0,2,0,0,1,0,2,2,2,2,1,0,2,2
132,-6363.145,-9470.956,289.529,103.135,-0.223885,-0.970582,-0.088573,0.973803,-0.226483,0.020330,-0.039793,-0.081701,0.995862,0,-0.31975,1.00000,-19.185,2.000,700.000,425.000,-1,400.000,-1,325.000,325.000,300.000,300.000,-1,-1,-1,-1,825.000,825.000,-1,-1,1,0,2,0,2,0,0,1,0,2,2,2,2,1,0,2,2
133,-6358.300,-9488.861,290.299,105.135,-0.257687,-0.962244,-0.087662,0.965349,-0.260261,0.019126,-0.041219,-0.079696,0.995967,0,-0.30912,1.00000,-18.547,2.000,650.000,425.000,-1,400.000,-1,350.000,325.000,300.000,300.000,-1,-1,-1,-1,800.000,850.000,-1,-1,1,0,2,0,2,0,0,1,0,2,2,2,2,1,0,2,2
134,-6353.009,-9506.017,291.097,107.135,-0.291183,-0.952731,-0.086701,0.955719,-0.293732,0.017977,-0.042594,-0.077627,0.996072,0,-0.29921,1.00000,-17.952,2.000,625.000,425.000,-1,400.000,-1,350.000,325.000,300.000,300.000,-1,-1,-1,-1,775.000,850.000,-1,-1,1,0,2,0,2,0,0,1,0,2,2,2,2,1,0,2,2
