timestep,x_cm,y_cm,z_cm,yaw_deg,basis_xx,basis_xy,basis_xz,basis_yx,basis_yy,basis_yz,basis_zx,basis_zy,basis_zz,teleport_flag,throttle_cmd,steering_cmd,cmd_move_cm,cmd_turn_deg,lidar_cm_0,lidar_cm_1,lidar_cm_2,lidar_cm_3,lidar_cm_4,lidar_cm_5,lidar_cm_6,lidar_cm_7,lidar_cm_8,lidar_cm_9,lidar_cm_10,lidar_cm_11,lidar_cm_12,lidar_cm_13,lidar_cm_14,lidar_cm_15,lidar_cm_16,lidar_class_0,lidar_class_1,lidar_class_2,lidar_class_3,lidar_class_4,lidar_class_5,lidar_class_6,lidar_class_7,lidar_class_8,lidar_class_9,lidar_class_10,lidar_class_11,lidar_class_12,lidar_class_13,lidar_class_14,lidar_class_15,lidar_class_16
0,6235.991,-6888.537,-163.739,-15.574,0.963450,0.267555,0.013357,-0.267731,0.959982,0.082183,0.009166,-0.082755,0.996528,1,0.08000,-0.04609,4.800,-0.092,-1,400.000,900.000,400.000,675.000,325.000,325.000,300.000,300.000,-1,450.000,450.000,-1,725.000,575.000,-1,675.000,2,0,1,0,1,0,0,0,0,2,1,1,2,0,1,2,1
1,6245.234,-6891.130,-163.658,-15.666,0.963021,0.269100,0.013228,-0.269260,0.959552,0.082212,0.009430,-0.082734,0.996527,0,0.16000,-0.04611,9.600,-0.092,-1,400.000,875.000,400.000,675.000,325.000,325.000,300.000,300.000,-1,450.000,450.000,-1,725.000,550.000,-1,675.000,2,0,1,0,1,0,0,0,0,2,1,1,2,0,1,2,1
2,6259.093,-6895.041,-163.535,-15.758,0.962589,0.270651,0.013036,-0.270789,0.959118,0.082257,0.009760,-0.082710,0.996526,0,0.24000,-0.04631,14.400,-0.093,-1,400.000,850.000,400.000,650.000,325.000,325.000,300.000,300.000,-1,475.000,475.000,-1,725.000,550.000,-1,650.000,2,0,1,0,1,0,0,0,0,2,1,1,2,0,1,2,1
3,6277.563,-6900.285,-163.369,-15.852,0.962152,0.272215,0.012782,-0.272326,0.958677,0.082323,0.010155,-0.082688,0.996524,0,0.32000,-0.04670,19.200,-0.093,-1,400.000,850.000,400.000,650.000,325.000,325.000,300.000,300.000,-1,500.000,500.000,-1,725.000,525.000,-1,625.000,2,1,1,0,1,1,0,0,0,2,1,1,2,0,1,2,1
4,6300.639,-6906.879,-163.162,-15.946,0.961707,0.273797,0.012471,-0.273875,0.958228,0.082413,0.010614,-0.082672,0.996520,0,0.40000,-0.04728,24.000,-0.095,-1,400.000,825.000,400.000,625.000,325.000,325.000,300.000,300.000,-1,525.000,500.000,-1,725.000,525.000,-1,600.000,2,1,1,1,1,1,0,0,0,2,1,1,2,0,1,2,1
5,6328.318,-6914.838,-162.913,-16.042,0.961252,0.275404,0.012107,-0.275445,0.957767,0.082534,0.011135,-0.082670,0.996515,0,0.48000,-0.04805,28.800,-0.096,-1,375.000,800.000,375.000,600.000,325.000,325.000,300.000,300.000,-1,550.000,525.000,-1,725.000,500.000,-1,575.000,2,1,1,1,1,1,1,0,0,2,1,1,2,0,1,2,1
6,6360.594,-6924.179,-162.624,-16.141,0.960786,0.277043,0.011693,-0.277042,0.957293,0.082693,0.011716,-0.082690,0.996506,0,0.56000,-0.04904,33.600,-0.098,-1,375.000,750.000,375.000,575.000,300.000,300.000,300.000,300.000,-1,575.000,575.000,-1,700.000,475.000,-1,550.000,2,1,1,1,1,1,1,0,0,2,1,1,2,1,1,2,1
7,6397.461,-6934.919,-162.297,-16.241,0.960306,0.278721,0.011237,-0.278674,0.956801,0.082899,0.012354,-0.082740,0.996495,0,0.64000,-0.05027,38.400,-0.101,-1,375.000,725.000,350.000,525.000,300.000,300.000,300.000,300.000,-1,600.000,600.000,-1,675.000,450.000,-1,500.000,2,1,1,1,1,1,1,0,0,2,1,1,2,1,1,2,1
8,6438.915,-6947.076,-161.933,-16.345,0.959809,0.280447,0.010745,-0.280349,0.956289,0.083162,0.013047,-0.082832,0.996478,0,0.72000,-0.05175,43.200,-0.104,-1,350.000,675.000,325.000,500.000,275.000,275.000,300.000,300.000,-1,650.000,625.000,-1,650.000,425.000,-1,450.000,2,1,1,1,1,1,1,0,0,2,1,1,2,1,1,2,1
9,6483.254,-6960.169,-161.473,-16.452,0.959288,0.282237,0.010392,-0.282105,0.955776,0.083118,0.013526,-0.082666,0.996486,0,0.77052,-0.05354,46.231,-0.107,-1,350.000,625.000,300.000,450.000,275.000,275.000,300.000,300.000,-1,700.000,675.000,-1,600.000,375.000,-1,425.000,2,1,1,1,1,1,1,0,0,2,1,1,2,1,1,2,1
10,6527.891,-6973.446,-160.845,-16.563,0.958741,0.284110,0.009851,-0.283935,0.955292,0.082453,0.014015,-0.081848,0.996546,0,0.77616,-0.05558,46.570,-0.111,-1,325.000,575.000,275.000,400.000,250.000,250.000,300.000,300.000,-1,750.000,725.000,-1,575.000,350.000,-1,375.000,2,1,1,1,1,1,1,0,0,2,1,1,2,1,1,2,1
11,6572.826,-6986.909,-160.169,-16.678,0.958169,0.286059,0.009113,-0.285829,0.954794,0.081674,0.014662,-0.080862,0.996617,0,0.78180,-0.05777,46.908,-0.116,-1,325.000,525.000,250.000,375.000,250.000,225.000,300.000,300.000,-1,775.000,775.000,-1,525.000,325.000,-1,325.000,2,1,1,1,1,1,1,0,0,2,1,1,2,1,1,2,1
12,6618.056,-7000.565,-159.461,-16.799,0.957568,0.288083,0.008494,-0.287806,0.954257,0.080999,0.015229,-0.080006,0.996678,0,0.78743,-0.06014,47.246,-0.120,-1,300.000,475.000,225.000,300.000,225.000,200.000,300.000,300.000,-1,825.000,800.000,-1,475.000,300.000,-1,275.000,2,1,1,1,1,1,1,0,0,2,1,1,2,1,1,2,1
13,6667.787,-7015.915,-156.765,-17.159,0.955813,0.293928,0.005179,-0.293217,0.951942,0.088485,0.021078,-0.086094,0.996064,0,0.86743,-0.18014,52.046,-0.360,-1,275.000,450.000,200.000,250.000,225.000,200.000,275.000,300.000,-1,850.000,825.000,-1,450.000,275.000,-1,225.000,2,1,1,1,1,1,1,0,0,2,1,1,2,1,1,2,1
14,6721.931,-7033.239,-150.641,-17.759,0.952872,0.303351,-0.003574,-0.301111,0.947142,0.110698,0.036966,-0.104405,0.993848,0,0.94743,-0.30014,56.846,-0.600,-1,275.000,425.000,200.000,250.000,225.000,175.000,275.000,350.000,-1,400.000,500.000,-1,450.000,250.000,-1,225.000,2,1,1,1,1,1,1,0,1,2,0,0,2,1,1,2,1
15,6777.324,-7051.862,-143.294,-18.600,0.948436,0.316593,-0.015425,-0.311868,0.940763,0.133052,0.056634,-0.121381,0.990989,0,0.97395,-0.42014,58.437,-0.840,-1,275.000,425.000,200.000,225.000,200.000,175.000,275.000,350.000,900.000,250.000,375.000,-1,425.000,250.000,-1,200.000,2,1,1,1,1,1,1,0,1,0,0,0,2,1,1,2,1
16,6832.765,-7071.680,-134.238,-19.680,0.942120,0.333705,-0.032413,-0.325192,0.933037,0.153922,0.081607,-0.134473,0.987551,0,0.98118,-0.54014,58.871,-1.080,-1,275.000,400.000,200.000,225.000,200.000,175.000,275.000,375.000,675.000,150.000,275.000,-1,-1,250.000,-1,200.000,2,1,1,1,1,1,1,0,1,0,0,0,2,2,1,2,1
17,-327.966,4263.559,-316.331,19.809,0.940622,-0.338883,-0.019709,0.338949,0.940805,0.000020,0.018535,-0.006699,0.999806,1,0.00000,0.00000,59.317,-1.274,-1,350.000,-1,325.000,-1,275.000,275.000,325.000,475.000,-1,550.000,475.000,-1,650.000,-1,-1,-1,2,0,2,0,2,0,0,0,1,2,0,0,2,1,2,2,2
18,-324.842,4264.699,-316.154,20.049,0.939186,-0.342820,-0.020095,0.342892,0.939375,0.000129,0.018833,-0.007012,0.999798,0,0.05542,0.12000,3.325,0.240,-1,350.000,-1,325.000,-1,275.000,275.000,325.000,475.000,-1,550.000,475.000,-1,650.000,-1,-1,-1,2,0,2,0,2,0,0,0,1,2,0,0,2,1,2,2,2
19,-321.859,4265.802,-315.980,20.290,0.937729,-0.346762,-0.020488,0.346840,0.937924,0.000249,0.019130,-0.007339,0.999790,0,0.05300,0.12034,3.180,0.241,-1,350.000,-1,325.000,-1,275.000,275.000,325.000,475.000,-1,550.000,475.000,-1,650.000,-1,-1,-1,2,0,2,0,2,0,0,0,1,2,0,0,2,1,2,2,2
20,-319.017,4266.866,-315.811,20.523,0.936302,-0.350575,-0.020878,0.350659,0.936503,0.000370,0.019422,-0.007667,0.999782,0,0.05059,0.11658,3.035,0.233,-1,350.000,-1,325.000,-1,275.000,275.000,325.000,500.000,-1,550.000,475.000,-1,650.000,-1,-1,-1,2,0,2,0,2,0,0,0,1,2,0,0,2,1,2,2,2
21,-316.310,4267.892,-315.646,20.749,0.934904,-0.354264,-0.021265,0.354354,0.935111,0.000492,0.019711,-0.007996,0.999774,0,0.04825,0.11295,2.895,0.226,-1,350.000,-1,325.000,-1,275.000,275.000,325.000,500.000,-1,550.000,475.000,-1,650.000,-1,-1,-1,2,0,2,0,2,0,0,0,1,2,0,0,2,1,2,2,2
22,-313.734,4268.879,-315.486,20.968,0.933534,-0.357834,-0.021648,0.357930,0.933748,0.000615,0.019994,-0.008323,0.999765,0,0.04597,0.10947,2.758,0.219,-1,350.000,-1,325.000,-1,275.000,275.000,325.000,525.000,-1,550.000,475.000,-1,650.000,-1,-1,-1,2,0,2,0,2,0,0,0,1,2,0,0,2,1,2,2,2
23,-311.285,4269.828,-315.330,21.180,0.932194,-0.361289,-0.022026,0.361391,0.932414,0.000739,0.020271,-0.008649,0.999757,0,0.04377,0.10611,2.626,0.212,-1,350.000,-1,325.000,-1,275.000,275.000,325.000,525.000,-1,525.000,475.000,-1,650.000,-1,-1,-1,2,0,2,0,2,0,0,0,1,2,0,0,2,1,2,2,2
24,-308.959,4270.739,-315.180,21.386,0.930882,-0.364634,-0.022399,0.364743,0.931108,0.000862,0.020542,-0.008972,0.999749,0,0.04163,0.10288,2.498,0.206,-1,350.000,-1,325.000,-1,275.000,275.000,325.000,525.000,-1,525.000,475.000,-1,650.000,-1,-1,-1,2,0,2,0,2,0,0,0,1,2,0,0,2,1,2,2,2
25,-306.752,4271.612,-315.034,21.586,0.929597,-0.367874,-0.022767,0.367990,0.929829,0.000985,0.020807,-0.009293,0.999740,0,0.03956,0.09978,2.374,0.200,-1,350.000,-1,325.000,-1,275.000,275.000,325.000,550.000,-1,525.000,475.000,-1,625.000,-1,-1,-1,2,0,2,0,2,0,0,0,1,2,0,0,2,1,2,2,2
26,-304.660,4272.448,-314.893,21.779,0.928340,-0.371012,-0.023127,0.371135,0.928578,0.001107,0.021065,-0.009611,0.999732,0,0.03755,0.09680,2.253,0.194,-1,350.000,-1,-1,-1,275.000,275.000,325.000,550.000,-1,525.000,475.000,-1,625.000,-1,-1,-1,2,0,2,2,2,0,0,0,1,2,0,0,2,1,2,2,2
27,-302.678,4273.247,-314.757,21.967,0.927110,-0.374054,-0.023481,0.374184,0.927354,0.001228,0.021316,-0.009925,0.999724,0,0.03561,0.09394,2.137,0.188,-1,350.000,-1,-1,-1,275.000,275.000,325.000,575.000,-1,525.000,475.000,-1,625.000,-1,-1,-1,2,0,2,2,2,0,0,0,1,2,0,0,2,1,2,2,2
28,-305.135,4272.259,-314.875,21.915,0.927456,-0.373210,-0.023232,0.373338,0.927695,0.001253,0.021084,-0.009835,0.999729,0,-0.04414,-0.02606,-2.648,-0.052,-1,350.000,-1,-1,-1,275.000,275.000,325.000,550.000,-1,525.000,475.000,-1,625.000,-1,-1,-1,2,0,2,2,2,0,0,0,1,2,0,0,2,1,2,2,2
29,-307.531,4271.309,-315.056,21.623,0.929358,-0.368477,-0.022747,0.368595,0.929590,0.001046,0.020760,-0.009357,0.999741,0,-0.04295,-0.14606,-2.577,-0.292,-1,350.000,-1,325.000,-1,275.000,275.000,325.000,550.000,-1,525.000,475.000,-1,625.000,-1,-1,-1,2,0,2,0,2,0,0,0,1,2,0,0,2,1,2,2,2
30,-309.786,4270.439,-315.294,21.091,0.932757,-0.359831,-0.022051,0.359931,0.932979,0.000603,0.020356,-0.008499,0.999757,0,-0.04029,-0.26606,-2.417,-0.532,-1,350.000,-1,325.000,-1,275.000,275.000,325.000,525.000,-1,525.000,475.000,-1,650.000,-1,-1,-1,2,0,2,0,2,0,0,0,1,2,0,0,2,1,2,2,2
31,-311.823,4269.685,-315.583,20.318,0.937541,-0.347229,-0.021175,0.347305,0.937752,-0.000088,0.019888,-0.007271,0.999776,0,-0.03619,-0.38606,-2.172,-0.772,-1,350.000,-1,325.000,-1,275.000,275.000,325.000,500.000,-1,550.000,475.000,-1,650.000,-1,-1,-1,2,0,2,0,2,0,0,0,1,2,0,0,2,1,2,2,2
32,-313.563,4269.076,-315.918,19.306,0.943551,-0.330614,-0.020156,0.330661,0.943749,-0.001041,0.019367,-0.005682,0.999796,0,-0.03073,-0.50606,-1.844,-1.012,-1,350.000,-1,325.000,-1,275.000,275.000,325.000,475.000,-1,575.000,500.000,-1,650.000,-1,-1,-1,2,0,2,0,2,0,0,0,1,2,0,0,2,1,2,2,2
33,-314.928,4268.630,-316.292,18.054,0.950574,-0.309915,-0.019038,0.309929,0.950757,-0.002271,0.018805,-0.003741,0.999816,0,-0.02394,-0.62606,-1.436,-1.252,-1,325.000,-1,325.000,-1,275.000,275.000,325.000,450.000,-1,575.000,500.000,-1,675.000,-1,-1,-1,2,0,2,0,2,0,0,0,1,2,0,0,2,1,2,2,2
34,-315.842,4268.359,-316.698,16.562,0.958345,-0.285054,-0.017871,0.285033,0.958510,-0.003795,0.018211,-0.001457,0.999833,0,-0.01589,-0.74606,-0.953,-1.492,-1,325.000,-1,325.000,-1,275.000,275.000,325.000,425.000,-1,600.000,525.000,-1,675.000,-1,-1,-1,2,0,2,0,2,0,0,0,1,2,0,0,2,1,2,2,2
35,-316.228,4268.257,-317.129,14.830,0.966545,-0.255951,-0.016713,0.255892,0.966689,-0.005627,0.017596,0.001162,0.999844,0,-0.00665,-0.86606,-0.399,-1.732,-1,325.000,-1,325.000,-1,275.000,275.000,325.000,400.000,-1,650.000,525.000,-1,700.000,-1,-1,-1,2,0,2,1,2,0,0,0,1,2,0,0,2,1,2,2,2
36,-316.010,4268.307,-317.577,12.858,0.974800,-0.222531,-0.015628,0.222433,0.974917,-0.007776,0.016967,0.004104,0.999848,0,0.00373,-0.98606,0.224,-1.972,-1,325.000,-1,-1,-1,275.000,275.000,325.000,375.000,-1,675.000,550.000,-1,750.000,-1,-1,-1,2,0,2,2,2,0,0,0,1,2,0,0,2,1,2,2,2
37,-315.116,4268.478,-317.988,10.858,0.981987,-0.188368,-0.014769,0.188234,0.982073,-0.010012,0.016390,0.007052,0.999841,0,0.01517,-1.00000,0.910,-2.000,-1,325.000,-1,-1,-1,275.000,275.000,325.000,350.000,-1,725.000,575.000,-1,800.000,-1,-1,-1,2,0,2,2,2,0,0,0,1,2,0,0,2,1,2,2,2
38,-313.551,4268.723,-318.358,8.858,0.987973,-0.153976,-0.014139,0.153808,0.988024,-0.012298,0.015863,0.009975,0.999824,0,0.02639,-1.00000,1.583,-2.000,-1,325.000,-1,-1,-1,275.000,250.000,325.000,325.000,-1,775.000,600.000,-1,850.000,-1,1000.000,-1,2,0,2,2,2,0,0,0,1,2,0,0,2,1,2,0,2
39,-311.331,4268.990,-318.688,6.858,0.992752,-0.119396,-0.013725,0.119196,0.992763,-0.014623,0.015372,0.012881,0.999799,0,0.03727,-1.00000,2.236,-2.000,-1,325.000,-1,-1,-1,275.000,250.000,325.000,325.000,-1,825.000,650.000,-1,925.000,-1,975.000,-1,2,0,2,2,2,0,1,0,1,2,0,0,2,1,2,0,2
40,-308.473,4269.234,-318.982,4.858,0.996317,-0.084673,-0.013517,0.084440,0.996284,-0.016980,0.014904,0.015776,0.999764,0,0.04782,-1.00000,2.869,-2.000,-1,325.000,-1,-1,-1,275.000,275.000,325.000,300.000,-1,900.000,675.000,-1,1000.000,-1,-1,-1,2,0,2,2,2,0,1,0,1,2,0,0,2,1,2,2,2
41,-304.992,4269.408,-319.240,2.858,0.998665,-0.049849,-0.013504,0.049583,0.998582,-0.019362,0.014450,0.018666,0.999721,0,0.05808,-1.00000,3.485,-2.000,-1,325.000,-1,-1,-1,250.000,275.000,325.000,300.000,-1,975.000,725.000,-1,-1,-1,-1,-1,2,0,2,2,2,0,1,0,1,2,0,0,2,2,2,2,2
42,-300.908,4269.470,-319.465,0.858,0.999794,-0.014968,-0.013677,0.014668,0.999656,-0.021760,0.013998,0.021555,0.999670,0,0.06808,-1.00000,4.085,-2.000,-1,325.000,-1,-1,-1,250.000,300.000,325.000,275.000,-1,-1,775.000,-1,-1,-1,-1,-1,2,0,2,2,2,0,1,0,1,2,2,0,2,2,2,2,2
43,-296.239,4269.378,-319.658,-1.142,0.999703,0.019927,-0.014027,-0.020262,0.999503,-0.024169,0.013538,0.024446,0.999609,0,0.07782,-1.00000,4.669,-2.000,-1,325.000,-1,-1,-1,250.000,300.000,325.000,275.000,-1,-1,850.000,-1,-1,-1,-1,-1,2,0,2,2,2,0,1,0,1,2,2,0,2,2,2,2,2
44,-291.006,4269.092,-319.821,-3.142,0.998392,0.054793,-0.014546,-0.055166,0.998123,-0.026582,0.013062,0.027341,0.999541,0,0.08735,-1.00000,5.241,-2.000,-1,325.000,-1,-1,-1,250.000,300.000,325.000,250.000,-1,-1,925.000,-1,-1,-1,-1,-1,2,1,2,2,2,0,1,0,1,2,2,0,2,2,2,2,2
45,-285.228,4268.573,-319.956,-5.142,0.995863,0.089586,-0.015227,-0.089999,0.995520,-0.028991,0.012562,0.030242,0.999464,0,0.09668,-1.00000,5.801,-2.000,-1,325.000,-1,-1,-1,250.000,325.000,325.000,250.000,-1,-1,-1,-1,-1,-1,-1,-1,2,1,2,2,2,0,1,0,1,2,2,2,2,2,2,2,2
46,-278.928,4267.785,-320.064,-7.142,0.992119,0.124263,-0.016064,-0.124718,0.991695,-0.031391,0.012030,0.033148,0.999378,0,0.10582,-1.00000,6.349,-2.000,-1,-1,-1,-1,-1,250.000,-1,325.000,250.000,-1,-1,-1,-1,-1,-1,-1,-1,2,2,2,2,2,0,2,0,1,2,2,2,2,2,2,2,2
47,-272.127,4266.691,-320.146,-9.142,0.987167,0.158781,-0.017051,-0.159282,0.986655,-0.033776,0.011460,0.036058,0.999284,0,0.11480,-1.00000,6.888,-2.000,-1,-1,-1,-1,-1,250.000,-1,325.000,225.000,-1,-1,-1,-1,-1,-1,-1,-1,2,2,2,2,2,1,2,0,1,2,2,2,2,2,2,2,2
48,-264.849,4265.259,-320.204,-11.142,0.981011,0.193097,-0.018181,-0.193648,0.980405,-0.036138,0.010847,0.038972,0.999181,0,0.12363,-1.00000,7.418,-2.000,-1,-1,-1,-1,-1,275.000,-1,325.000,225.000,-1,-1,-1,-1,-1,-1,-1,-1,2,2,2,2,2,1,2,0,1,2,2,2,2,2,2,2,2
49,-257.116,4263.455,-320.239,-13.142,0.973661,0.227168,-0.019450,-0.227772,0.972954,-0.038470,0.010185,0.041887,0.999070,0,0.13232,-1.00000,7.939,-2.000,-1,-1,-1,-1,-1,-1,-1,325.000,225.000,-1,-1,-1,-1,-1,-1,-1,-1,2,2,2,2,2,2,2,0,1,2,2,2,2,2,2,2,2
50,-248.955,4261.249,-320.254,-15.142,0.965126,0.260953,-0.020852,-0.261613,0.964312,-0.040766,0.009470,0.044799,0.998951,0,0.14090,-1.00000,8.454,-2.000,-1,-1,-1,-1,-1,-1,-1,325.000,225.000,-1,-1,-1,-1,-1,-1,-1,-1,2,2,2,2,2,2,2,0,0,2,2,2,2,2,2,2,2
51,-240.391,4258.609,-320.249,-17.142,0.955418,0.294408,-0.022383,-0.295129,0.954488,-0.043018,0.008699,0.047706,0.998824,0,0.14936,-1.00000,8.962,-2.000,-1,-1,-1,-1,-1,-1,-1,325.000,225.000,-1,-1,-1,-1,-1,-1,-1,-1,2,2,2,2,2,2,2,0,0,2,2,2,2,2,2,2,2
52,-231.450,4255.507,-320.225,-19.142,0.944548,0.327493,-0.024037,-0.328280,0.943498,-0.045219,0.007870,0.050602,0.998688,0,0.15772,-1.00000,9.463,-2.000,-1,-1,-1,-1,-1,-1,-1,325.000,200.000,-1,-1,-1,-1,-1,-1,-1,-1,2,2,2,2,2,2,2,0,0,2,2,2,2,2,2,2,2
53,-222.160,4251.916,-320.186,-21.142,0.932531,0.360167,-0.025810,-0.361023,0.931354,-0.047360,0.006981,0.053483,0.998544,0,0.16599,-1.00000,9.959,-2.000,-1,-1,-1,-1,-1,-1,-1,325.000,200.000,-1,-1,-1,-1,-1,-1,-1,-1,2,2,2,2,2,2,2,0,0,2,2,2,2,2,2,2,2
54,-212.549,4247.811,-320.131,-23.142,0.919382,0.392389,-0.027698,-0.393320,0.918072,-0.049432,0.006032,0.056341,0.998393,0,0.17417,-1.00000,10.450,-2.000,-1,-1,-1,-1,-1,-1,-1,325.000,200.000,-1,-1,-1,-1,-1,-1,-1,-1,2,2,2,2,2,2,2,0,0,2,2,2,2,2,2,2,2
55,-202.647,4243.169,-320.063,-25.127,0.905232,0.423881,-0.029675,-0.424889,0.903783,-0.051434,0.005017,0.059168,0.998235,0,0.18226,-0.99238,10.936,-1.985,-1,-1,-1,-1,-1,-1,-1,325.000,200.000,-1,-1,-1,-1,-1,-1,-1,-1,2,2,2,2,2,2,2,0,0,2,2,2,2,2,2,2,2
56,-192.484,4237.973,-319.988,-27.087,0.890197,0.454470,-0.031723,-0.455559,0.888604,-0.053367,0.003936,0.061959,0.998071,0,0.19023,-0.98011,11.414,-1.960,-1,-1,-1,-1,-1,-1,-1,325.000,200.000,-1,-1,-1,-1,-1,-1,-1,-1,2,2,2,2,2,2,2,0,0,2,2,2,2,2,2,2,2
57,-182.092,4232.210,-319.906,-29.023,0.874334,0.484143,-0.033837,-0.485316,0.872593,-0.055230,0.002787,0.064711,0.997900,0,0.19804,-0.96790,11.882,-1.936,-1,-1,-1,-1,-1,-1,-1,325.000,200.000,-1,-1,-1,-1,-1,-1,-1,-1,2,2,2,2,2,2,2,0,0,2,2,2,2,2,2,2,2
58,-171.502,4225.866,-319.730,-30.934,0.857711,0.512874,-0.035945,-0.514130,0.855784,-0.057483,0.001280,0.067784,0.997699,0,0.20572,-0.95572,12.343,-1.911,-1,-1,-1,-1,-1,-1,-1,325.000,200.000,-1,-1,-1,-1,-1,-1,-1,-1,2,2,2,2,2,2,2,0,0,2,2,2,2,2,2,2,2
59,-160.748,4218.932,-319.540,-32.821,0.840377,0.540660,-0.038129,-0.542003,0.838250,-0.059742,-0.000338,0.070871,0.997485,0,0.21325,-0.94354,12.795,-1.887,-1,-1,-1,-1,-1,-1,-1,325.000,200.000,-1,-1,-1,-1,-1,-1,-1,-1,2,2,2,2,2,2,2,0,0,2,2,2,2,2,2,2,2
60,-146.303,4208.883,-320.508,-34.821,0.821176,0.569606,-0.034912,-0.570639,0.818901,-0.061426,-0.006399,0.070364,0.997501,0,0.29325,-1.00000,17.595,-2.000,-1,-1,-1,-1,-1,-1,-1,325.000,200.000,-1,-1,-1,-1,-1,-1,-1,-1,2,2,2,2,2,2,2,0,0,2,2,2,2,2,2,2,2
61,-128.376,4195.458,-322.234,-36.821,0.801045,0.597929,-0.028404,-0.598403,0.798645,-0.063881,-0.015511,0.068168,0.997553,0,0.37325,-1.00000,22.395,-2.000,-1,-1,-1,-1,-1,-1,-1,300.000,175.000,-1,-1,-1,-1,-1,-1,-1,-1,2,2,2,2,2,2,2,0,0,2,2,2,2,2,2,2,2
62,-107.190,4178.405,-324.460,-38.821,0.779926,0.625547,-0.020175,-0.625299,0.777427,-0.067883,-0.026780,0.065559,0.997489,0,0.45325,-1.00000,27.195,-2.000,-1,-1,-1,-1,-1,-1,-1,275.000,175.000,-1,-1,-1,-1,-1,-1,-1,-1,2,2,2,2,2,2,2,0,0,2,2,2,2,2,2,2,2
63,6887.312,-6887.312,-162.972,-120.168,-0.504938,0.863112,-0.008694,-0.859295,-0.501702,0.099534,0.081547,0.057729,0.994996,1,0.00000,0.00000,31.995,-2.000,375.000,400.000,-1,400.000,-1,350.000,350.000,175.000,300.000,-1,325.000,250.000,-1,550.000,750.000,525.000,-1,1,1,2,0,2,0,0,1,0,2,0,0,2,1,0,1,2
64,6884.917,-6891.472,-162.655,-119.928,-0.501313,0.865223,-0.008632,-0.861380,-0.498092,0.099646,0.081916,0.057389,0.994986,0,0.08000,0.12000,4.800,0.240,375.000,400.000,-1,400.000,-1,350.000,350.000,175.000,300.000,-1,325.000,250.000,-1,550.000,750.000,525.000,-1,1,1,2,0,2,0,0,1,0,2,0,0,2,1,0,1,2
65,6880.197,-6899.831,-162.015,-119.448,-0.494038,0.869399,-0.008516,-0.865502,-0.490845,0.099883,0.082659,0.056716,0.994963,0,0.16000,0.24000,9.600,0.480,375.000,400.000,-1,400.000,-1,350.000,350.000,175.000,300.000,-1,325.000,250.000,-1,550.000,750.000,500.000,-1,1,1,2,0,2,0,0,1,0,2,0,0,2,1,0,1,2
66,6873.275,-6912.458,-161.041,-118.728,-0.483061,0.875547,-0.008360,-0.871569,-0.479909,0.100272,0.083781,0.055724,0.994925,0,0.24000,0.36000,14.400,0.720,350.000,400.000,-1,400.000,-1,350.000,350.000,175.000,300.000,-1,325.000,250.000,-1,525.000,750.000,500.000,-1,1,1,2,0,2,0,0,1,0,2,0,0,2,1,0,1,2
67,6864.302,-6929.432,-159.779,-117.860,-0.469702,0.882788,-0.008027,-0.878717,-0.466621,0.100599,0.085062,0.054305,0.994895,0,0.32000,0.43417,19.200,0.868,325.000,400.000,-1,400.000,-1,350.000,350.000,150.000,300.000,-1,325.000,250.000,-1,525.000,750.000,475.000,-1,1,1,2,0,2,0,0,1,0,2,0,0,2,1,0,1,2
68,6853.409,-6950.817,-158.319,-116.990,-0.456158,0.889869,-0.007242,-0.885723,-0.453215,0.100456,0.086110,0.052238,0.994915,0,0.40000,0.43496,24.000,0.870,325.000,375.000,-1,400.000,-1,350.000,350.000,150.000,300.000,-1,300.000,250.000,-1,500.000,750.000,450.000,-1,1,1,2,0,2,1,0,1,0,2,0,0,2,1,0,1,2
69,6840.729,-6976.675,-156.674,-116.118,-0.442416,0.896790,-0.005939,-0.892594,-0.439685,0.099770,0.086862,0.049441,0.994993,0,0.48000,0.43593,28.800,0.872,300.000,350.000,-1,400.000,-1,325.000,350.000,150.000,300.000,-1,300.000,250.000,-1,475.000,750.000,400.000,-1,1,1,2,0,2,1,0,1,0,2,0,0,2,1,0,1,2
70,6826.397,-7007.065,-154.860,-115.244,-0.428464,0.903550,-0.004030,-0.899339,-0.426027,0.098441,0.087229,0.045803,0.995135,0,0.56000,0.43702,33.600,0.874,275.000,350.000,-1,400.000,-1,325.000,350.000,150.000,300.000,-1,325.000,275.000,-1,450.000,750.000,375.000,-1,1,1,2,0,2,1,1,1,0,2,0,0,2,1,0,1,2
71,6810.550,-7042.042,-152.900,-114.368,-0.414290,0.910144,-0.001410,-0.905967,-0.412240,0.096345,0.087107,0.041192,0.995347,0,0.64000,0.43821,38.400,0.876,250.000,325.000,-1,400.000,-1,300.000,325.000,125.000,300.000,-1,325.000,275.000,-1,425.000,750.000,325.000,-1,1,1,2,1,2,1,1,1,0,2,0,0,2,1,0,1,2
72,6793.330,-7081.661,-150.327,-113.489,-0.400048,0.916494,-0.000422,-0.912565,-0.398290,0.092680,0.084773,0.037462,0.995696,0,0.72000,0.43942,43.200,0.879,200.000,300.000,-1,375.000,-1,275.000,300.000,125.000,300.000,-1,375.000,350.000,-1,400.000,725.000,275.000,-1,1,1,2,1,2,1,1,1,0,2,0,0,2,1,0,1,2
73,6774.879,-7125.971,-146.092,-112.608,-0.386034,0.922463,-0.006239,-0.919296,-0.384129,0.085666,0.076627,0.038805,0.996304,0,0.80000,0.44057,48.000,0.881,175.000,275.000,-1,350.000,-1,250.000,275.000,125.000,300.000,-1,650.000,625.000,-1,350.000,675.000,225.000,-1,1,1,2,1,2,1,1,1,0,2,0,0,2,1,0,1,2
74,6755.345,-7175.025,-138.368,-111.725,-0.372868,0.927679,-0.019528,-0.924499,-0.369628,0.093152,0.079197,0.052787,0.995460,0,0.88000,0.44158,52.800,0.883,175.000,250.000,-1,350.000,-1,250.000,275.000,150.000,275.000,-1,775.000,700.000,-1,350.000,675.000,225.000,-1,1,1,2,1,2,1,1,1,0,2,0,0,2,1,0,1,2
75,6736.185,-7225.435,-128.079,-110.840,-0.360825,0.931828,-0.038751,-0.928148,-0.354710,0.112787,0.091353,0.076663,0.992863,0,0.89878,0.44233,53.927,0.885,175.000,250.000,-1,350.000,-1,250.000,275.000,150.000,275.000,-1,725.000,575.000,-1,350.000,700.000,225.000,-1,1,1,2,1,2,1,1,1,0,2,0,0,2,1,0,1,2
76,6717.976,-7275.679,-118.296,-109.954,-0.349030,0.935424,-0.056221,-0.931359,-0.339625,0.131245,0.103676,0.098170,0.989755,0,0.89065,0.44270,53.439,0.885,200.000,275.000,-1,375.000,-1,250.000,275.000,175.000,250.000,-1,650.000,475.000,875.000,375.000,750.000,225.000,-1,1,1,2,1,2,1,1,1,0,2,0,0,0,1,0,1,2
77,6700.705,-7325.740,-108.455,-109.069,-0.337242,0.938789,-0.070314,-0.934228,-0.324519,0.148004,0.116126,0.115602,0.986484,0,0.88258,0.44266,52.955,0.885,200.000,275.000,-1,400.000,-1,250.000,300.000,200.000,250.000,-1,600.000,425.000,675.000,375.000,-1,225.000,-1,1,1,2,1,2,1,1,1,0,2,0,0,0,1,2,1,2
78,6684.351,-7375.611,-98.044,-108.185,-0.325405,0.942314,-0.078459,-0.936329,-0.309538,0.165753,0.131906,0.127400,0.983041,0,0.87467,0.44224,52.480,0.884,200.000,275.000,-1,475.000,-1,275.000,325.000,225.000,250.000,-1,525.000,350.000,575.000,400.000,-1,225.000,-1,1,1,2,0,2,1,1,1,0,2,0,0,0,1,2,1,2
79,6667.128,-7430.245,-87.300,-107.530,-0.317859,0.944103,-0.087384,-0.936494,-0.298219,0.184513,0.148140,0.140484,0.978938,0,0.95467,0.32731,57.280,0.655,200.000,300.000,-1,500.000,-1,275.000,350.000,225.000,250.000,-1,475.000,325.000,475.000,425.000,-1,225.000,-1,1,1,2,0,2,1,1,1,0,2,0,0,0,1,2,1,2
80,6649.760,-7487.681,-76.796,-106.859,-0.310394,0.945723,-0.096248,-0.936233,-0.286588,0.203311,0.164693,0.153218,0.974372,0,1.00000,0.33567,60.000,0.671,200.000,300.000,-1,550.000,-1,300.000,375.000,250.000,250.000,-1,450.000,250.000,425.000,-1,-1,225.000,-1,1,1,2,0,2,1,1,1,0,2,0,0,0,2,2,1,2
81,6633.086,-7545.323,-67.014,-106.168,-0.302782,0.947299,-0.104632,-0.935724,-0.274633,0.221351,0.180950,0.164927,0.969565,0,1.00000,0.34559,60.000,0.691,200.000,325.000,-1,1000.000,-1,325.000,400.000,250.000,250.000,-1,400.000,200.000,350.000,-1,-1,250.000,-1,1,1,2,1,2,1,1,1,0,2,1,0,0,2,2,1,2
82,-2295.764,6887.287,-441.277,167.594,-0.976273,-0.214777,-0.027605,0.213963,-0.976390,0.029708,-0.033333,0.023097,0.999177,1,0.00000,0.00000,60.000,0.714,-1,400.000,-1,400.000,-1,325.000,325.000,300.000,300.000,-1,-1,-1,-1,825.000,775.000,-1,-1,2,0,2,0,2,0,0,0,0,2,2,2,2,0,0,2,2
83,-2300.457,6888.299,-441.436,167.834,-0.977161,-0.210685,-0.027706,0.209866,-0.977277,0.029753,-0.033345,0.023259,0.999173,0,0.08000,0.12000,4.800,0.240,-1,400.000,-1,400.000,-1,325.000,325.000,300.000,300.000,-1,-1,-1,-1,825.000,775.000,-1,-1,2,0,2,0,2,0,0,0,0,2,2,2,2,0,0,2,2
84,-2309.856,6890.250,-441.753,168.274,-0.978744,-0.203176,-0.027914,0.202349,-0.978859,0.029839,-0.033387,0.023556,0.999165,0,0.16000,0.21987,9.600,0.440,-1,400.000,-1,400.000,-1,325.000,325.000,300.000,300.000,-1,-1,-1,-1,825.000,775.000,-1,-1,2,0,2,0,2,0,0,0,0,2,2,2,2,0,0,2,2
85,-2323.978,6893.068,-442.223,168.712,-0.980260,-0.195685,-0.028246,0.194846,-0.980377,0.029949,-0.033553,0.023855,0.999152,0,0.24000,0.21903,14.400,0.438,-1,400.000,-1,400.000,-1,325.000,325.000,300.000,300.000,-1,-1,-1,-1,825.000,775.000,-1,-1,2,0,2,0,2,0,0,0,0,2,2,2,2,0,0,2,2
86,-2342.834,6896.683,-442.844,169.148,-0.981706,-0.188226,-0.028703,0.187370,-0.981829,0.030078,-0.033843,0.024150,0.999135,0,0.32000,0.21777,19.200,0.436,-1,400.000,-1,400.000,-1,325.000,325.000,300.000,300.000,-1,-1,-1,-1,825.000,775.000,-1,-1,2,0,2,0,2,0,0,0,0,2,2,2,2,0,0,2,2
87,-2366.439,6901.024,-443.615,169.580,-0.983081,-0.180814,-0.029285,0.179938,-0.983214,0.030219,-0.034258,0.024438,0.999114,0,0.40000,0.21608,24.000,0.432,-1,400.000,-1,400.000,-1,325.000,325.000,300.000,300.000,-1,-1,-1,-1,825.000,775.000,-1,-1,2,0,2,0,2,0,0,0,0,2,2,2,2,0,0,2,2
88,-2394.802,6906.021,-444.535,170.008,-0.984383,-0.173465,-0.029993,0.172566,-0.984530,0.030363,-0.034796,0.024713,0.999089,0,0.48000,0.21394,28.800,0.428,-1,400.000,-1,400.000,-1,325.000,325.000,300.000,300.000,-1,-1,-1,-1,825.000,775.000,-1,-1,2,0,2,0,2,0,0,0,0,2,2,2,2,0,0,2,2
89,-2427.934,6911.607,-445.602,170.430,-0.985611,-0.166198,-0.030825,0.165272,-0.985776,0.030503,-0.035456,0.024970,0.999059,0,0.56000,0.21131,33.600,0.423,-1,400.000,-1,400.000,-1,325.000,325.000,300.000,300.000,-1,-1,-1,-1,825.000,775.000,-1,-1,2,0,2,0,2,0,0,0,0,2,2,2,2,0,0,2,2
90,-2465.845,6917.716,-446.813,170.846,-0.986762,-0.159031,-0.031783,0.158075,-0.986952,0.030629,-0.036240,0.025200,0.999025,0,0.64000,0.20813,38.400,0.416,-1,400.000,-1,400.000,-1,325.000,325.000,300.000,300.000,-1,-1,-1,-1,825.000,775.000,-1,-1,2,0,2,0,2,0,0,0,0,2,2,2,2,0,0,2,2
91,-2508.543,6924.284,-448.169,171.255,-0.987836,-0.151987,-0.032866,0.150998,-0.988056,0.030733,-0.037144,0.025397,0.998987,0,0.72000,0.20433,43.200,0.409,-1,400.000,-1,400.000,-1,325.000,325.000,300.000,300.000,-1,-1,-1,-1,825.000,775.000,-1,-1,2,0,2,0,2,0,0,0,0,2,2,2,2,0,0,2,2
92,-2556.035,6931.250,-449.666,171.655,-0.988832,-0.145090,-0.034072,0.144067,-0.989088,0.030806,-0.038170,0.025553,0.998944,0,0.80000,0.19983,48.000,0.400,-1,400.000,-1,400.000,-1,325.000,325.000,300.000,300.000,-1,-1,-1,-1,825.000,775.000,-1,-1,2,0,2,0,2,0,0,0,0,2,2,2,2,0,0,2,2
93,-2608.327,6938.559,-451.487,172.044,-0.989756,-0.138373,-0.035168,0.137348,-0.990067,0.030060,-0.038978,0.024921,0.998929,0,0.88000,0.19454,52.800,0.389,-1,400.000,-1,400.000,-1,325.000,325.000,300.000,300.000,-1,-1,-1,-1,825.000,775.000,-1,-1,2,0,2,0,2,0,0,0,0,2,2,2,2,0,0,2,2
94,-2662.834,6945.812,-453.611,172.421,-0.990607,-0.131864,-0.036191,0.130861,-0.990982,0.028815,-0.039664,0.023808,0.998929,0,0.91646,0.18835,54.988,0.377,-1,400.000,-1,400.000,-1,325.000,325.000,300.000,300.000,-1,-1,-1,-1,800.000,775.000,-1,-1,2,0,2,0,2,0,0,0,0,2,2,2,2,0,0,2,2
95,-2717.773,6952.765,-456.010,172.788,-0.991402,-0.125514,-0.036978,0.124502,-0.991810,0.028508,-0.040253,0.023659,0.998909,0,0.92295,0.18350,55.377,0.367,-1,400.000,-1,400.000,-1,325.000,325.000,300.000,300.000,-1,-1,-1,-1,800.000,750.000,-1,-1,2,0,2,0,2,0,0,0,0,2,2,2,2,0,0,2,2
96,-2772.761,6959.375,-458.398,173.145,-0.992138,-0.119316,-0.037761,0.118297,-0.992579,0.028171,-0.040842,0.023483,0.998890,0,0.92306,0.17898,55.384,0.358,-1,400.000,-1,400.000,-1,325.000,325.000,300.000,300.000,-1,-1,-1,-1,800.000,750.000,-1,-1,2,0,2,0,2,0,0,0,0,2,2,2,2,0,0,2,2
97,-2827.805,6965.653,-460.775,173.493,-0.992815,-0.113285,-0.038541,0.112260,-0.993290,0.027806,-0.041433,0.023280,0.998870,0,0.92335,0.17400,55.401,0.348,-1,400.000,-1,400.000,-1,325.000,325.000,300.000,300.000,-1,-1,-1,-1,800.000,750.000,-1,-1,2,0,2,0,2,0,0,0,0,2,2,2,2,0,0,2,2
98,-2882.913,6971.610,-463.144,173.831,-0.993434,-0.107439,-0.039318,0.106409,-0.993944,0.027415,-0.042026,0.023051,0.998851,0,0.92382,0.16858,55.429,0.337,-1,400.000,-1,400.000,-1,325.000,325.000,300.000,300.000,-1,-1,-1,-1,800.000,750.000,-1,-1,2,0,2,0,2,0,0,0,0,2,2,2,2,0,0,2,2
99,-2938.095,6977.258,-465.504,174.156,-0.993997,-0.101792,-0.040092,0.100759,-0.994544,0.027000,-0.042622,0.022798,0.998831,0,0.92450,0.16272,55.470,0.325,-1,400.000,-1,400.000,-1,325.000,325.000,300.000,300.000,-1,-1,-1,-1,800.000,750.000,-1,-1,2,0,2,0,2,0,0,0,0,2,2,2,2,0,0,2,2
100,-2993.360,6982.609,-467.856,174.469,-0.994507,-0.096361,-0.040863,0.095327,-0.995092,0.026563,-0.043222,0.022521,0.998812,0,0.92539,0.15641,55.524,0.313,-1,400.000,-1,400.000,-1,325.000,325.000,300.000,300.000,-1,-1,-1,-1,775.000,750.000,-1,-1,2,0,2,0,2,0,0,0,0,2,2,2,2,0,0,2,2
101,-3048.719,6987.678,-470.203,174.768,-0.994965,-0.091162,-0.041631,0.090127,-0.995588,0.026105,-0.043827,0.022221,0.998792,0,0.92652,0.14966,55.591,0.299,-1,400.000,-1,400.000,-1,325.000,325.000,300.000,300.000,-1,-1,-1,-1,775.000,750.000,-1,-1,2,0,2,0,2,0,0,0,0,2,2,2,2,0,0,2,2
102,-3104.182,6992.478,-472.543,175.054,-0.995375,-0.086201,-0.042397,0.085167,-0.996037,0.025628,-0.044438,0.021899,0.998772,0,0.92782,0.14273,55.669,0.285,-1,400.000,-1,400.000,-1,325.000,325.000,300.000,300.000,-1,-1,-1,-1,775.000,725.000,-1,-1,2,0,2,0,2,0,0,0,0,2,2,2,2,0,0,2,2
103,-3159.655,6997.004,-474.875,175.337,-0.995756,-0.081284,-0.043158,0.080252,-0.996458,0.025136,-0.045048,0.021566,0.998752,0,0.92763,0.14142,55.658,0.283,-1,400.000,-1,400.000,-1,325.000,325.000,300.000,300.000,-1,-1,-1,-1,775.000,725.000,-1,-1,2,0,2,0,2,0,0,0,0,2,2,2,2,0,0,2,2
104,-3215.143,7001.257,-477.197,175.616,-0.996108,-0.076417,-0.043915,0.075388,-0.996850,0.024630,-0.045659,0.021223,0.998732,0,0.92751,0.13991,55.651,0.280,-1,400.000,-1,400.000,-1,325.000,325.000,300.000,300.000,-1,-1,-1,-1,775.000,725.000,-1,-1,2,0,2,0,2,0,0,0,0,2,2,2,2,0,0,2,2
105,-3271.332,7005.526,-479.594,175.656,-0.996134,-0.075726,-0.044538,0.074717,-0.996918,0.023897,-0.046210,0.020477,0.998722,0,0.93917,0.01991,56.350,0.040,-1,400.000,-1,375.000,-1,325.000,325.000,300.000,300.000,-1,-1,-1,-1,750.000,725.000,-1,-1,2,0,2,0,2,0,0,0,0,2,2,2,2,0,0,2,2
106,-3327.506,7009.990,-482.132,175.456,-0.995861,-0.079210,-0.044575,0.078238,-0.996666,0.023137,-0.046259,0.019554,0.998738,0,0.93919,-0.10009,56.351,-0.200,-1,400.000,-1,375.000,-1,325.000,325.000,300.000,300.000,-1,-1,-1,-1,750.000,725.000,-1,-1,2,0,2,0,2,0,0,0,0,2,2,2,2,0,0,2,2
107,-3383.842,7014.903,-484.727,175.016,-0.995225,-0.086866,-0.044522,0.085934,-0.996048,0.022439,-0.046296,0.018506,0.998756,0,0.94249,-0.22009,56.549,-0.440,-1,400.000,-1,375.000,-1,325.000,325.000,300.000,300.000,-1,-1,-1,-1,750.000,725.000,-1,-1,2,0,2,0,2,0,0,0,0,2,2,2,2,0,0,2,2
108,-3440.091,7020.483,-487.338,174.336,-0.994122,-0.098686,-0.044520,0.097800,-0.994970,0.021667,-0.046435,0.017186,0.998773,0,0.94209,-0.34009,56.525,-0.680,-1,400.000,-1,375.000,-1,325.000,325.000,300.000,300.000,-1,-1,-1,-1,750.000,700.000,-1,-1,2,0,2,0,2,0,0,0,0,2,2,2,2,0,0,2,2
109,-3496.215,7026.961,-489.973,173.415,-0.992404,-0.114655,-0.044584,0.113822,-0.993283,0.020802,-0.046670,0.015569,0.998789,0,0.94162,-0.46009,56.497,-0.920,-1,400.000,-1,375.000,-1,325.000,325.000,300.000,300.000,-1,-1,-1,-1,750.000,700.000,-1,-1,2,0,2,0,2,0,0,0,0,2,2,2,2,0,0,2,2
110,-3552.167,7034.571,-492.637,172.255,-0.989870,-0.134747,-0.044733,0.133976,-0.990786,0.019824,-0.046992,0.013631,0.998802,0,0.94112,-0.58009,56.467,-1.160,-1,400.000,-1,375.000,975.000,325.000,325.000,275.000,300.000,-1,-1,-1,-1,750.000,700.000,-1,-1,2,0,2,0,0,0,0,0,0,2,2,2,2,0,0,2,2
111,-3607.888,7043.541,-495.336,170.855,-0.986266,-0.158922,-0.044991,0.158223,-0.987226,0.018717,-0.047391,0.011342,0.998812,0,0.94065,-0.70009,56.439,-1.400,-1,400.000,-1,375.000,925.000,325.000,325.000,275.000,300.000,-1,-1,-1,-1,750.000,675.000,-1,-1,2,0,2,0,0,0,0,0,0,2,2,2,2,0,0,2,2
112,-3663.309,7054.093,-498.076,169.220,-0.981306,-0.187026,-0.045389,0.186411,-0.982317,0.017465,-0.047853,0.008678,0.998817,0,0.94026,-0.81738,56.416,-1.635,-1,400.000,-1,375.000,900.000,325.000,325.000,275.000,300.000,-1,-1,-1,-1,725.000,675.000,-1,-1,2,0,2,0,0,0,0,0,0,2,2,2,2,0,0,2,2
113,-3718.392,7066.222,-500.852,167.582,-0.975526,-0.215040,-0.045903,0.214517,-0.976588,0.016079,-0.048286,0.005839,0.998817,0,0.94004,-0.81921,56.403,-1.638,-1,375.000,-1,375.000,850.000,325.000,325.000,275.000,300.000,-1,-1,-1,-1,725.000,675.000,-1,975.000,2,0,2,0,0,0,0,0,0,2,2,2,2,0,0,2,0
114,-3773.107,7079.926,-503.559,165.939,-0.968940,-0.242955,-0.046120,0.242520,-0.970032,0.014887,-0.048355,0.003240,0.998825,0,0.94009,-0.82151,56.406,-1.643,-1,375.000,-1,375.000,800.000,300.000,300.000,275.000,300.000,-1,-1,-1,-1,700.000,650.000,-1,925.000,2,0,2,0,0,0,0,0,0,2,2,2,2,0,0,2,0
115,-3827.981,7095.389,-506.137,164.262,-0.961430,-0.271234,-0.045662,0.270869,-0.962513,0.014107,-0.047777,0.001194,0.998857,0,0.95018,-0.83830,57.011,-1.677,-1,375.000,-1,375.000,775.000,300.000,300.000,275.000,300.000,-1,-1,-1,-1,700.000,625.000,-1,875.000,2,0,2,0,0,0,0,0,0,2,2,2,2,0,0,2,0
116,-3882.863,7112.596,-508.657,162.593,-0.953140,-0.299161,-0.045019,0.298857,-0.954203,0.013492,-0.046994,-0.000595,0.998895,0,0.95861,-0.83474,57.517,-1.669,-1,375.000,-1,375.000,725.000,300.000,300.000,275.000,300.000,-1,-1,-1,-1,675.000,625.000,-1,825.000,2,0,2,0,0,0,0,0,0,2,2,2,2,0,0,2,0
117,-3937.625,7131.537,-510.956,160.920,-0.944070,-0.326885,-0.043337,0.326613,-0.945063,0.013410,-0.045340,-0.001495,0.998970,0,0.96575,-0.83632,57.945,-1.673,-1,375.000,-1,375.000,700.000,300.000,300.000,300.000,300.000,-1,-1,-1,-1,675.000,600.000,-1,775.000,2,0,2,0,0,0,0,0,0,2,2,2,2,0,0,2,0
118,-3992.219,7152.226,-513.254,159.245,-0.934182,-0.354372,-0.041522,0.354137,-0.935101,0.013141,-0.043484,-0.002429,0.999051,0,0.97306,-0.83759,58.383,-1.675,-1,375.000,-1,375.000,675.000,300.000,300.000,300.000,300.000,-1,-1,-1,-1,675.000,575.000,-1,725.000,2,0,2,0,0,0,0,0,0,2,2,2,2,0,0,2,0
119,-4046.599,7174.676,-515.545,157.568,-0.923485,-0.381586,-0.039598,0.381391,-0.924327,0.012655,-0.041431,-0.003416,0.999136,0,0.98053,-0.83853,58.832,-1.677,-1,375.000,-1,350.000,625.000,300.000,300.000,300.000,275.000,-1,825.000,-1,-1,650.000,575.000,-1,700.000,2,0,2,0,0,0,0,0,0,2,0,2,2,0,0,2,0
120,-4100.715,7198.894,-517.375,155.890,-0.912013,-0.408487,-0.037016,0.408414,-0.912743,0.009855,-0.037812,-0.006130,0.999266,0,0.98815,-0.83912,59.289,-1.678,-1,375.000,-1,350.000,625.000,300.000,300.000,300.000,275.000,-1,700.000,850.000,-1,650.000,575.000,-1,675.000,2,0,2,0,0,0,0,0,0,2,0,0,2,0,0,2,0
121,-4154.518,7224.890,-518.757,154.211,-0.899772,-0.435034,-0.033982,0.435136,-0.900352,0.004739,-0.032657,-0.010523,0.999411,0,0.99591,-0.83935,59.754,-1.679,-1,375.000,950.000,350.000,650.000,300.000,300.000,300.000,300.000,-1,550.000,700.000,-1,650.000,575.000,-1,675.000,2,0,1,0,0,0,0,0,0,2,0,0,2,0,0,2,0
122,-4207.755,7252.564,-520.069,152.533,-0.886757,-0.461191,-0.031057,0.461438,-0.887172,-0.000906,-0.027135,-0.015134,0.999517,0,1.00000,-0.83919,60.000,-1.678,-1,375.000,900.000,350.000,650.000,325.000,300.000,300.000,300.000,-1,475.000,600.000,-1,650.000,575.000,-1,700.000,2,0,1,0,0,0,0,0,0,2,0,0,2,0,0,2,0
123,-4260.158,7281.784,-521.274,150.855,-0.872988,-0.486920,-0.028316,0.487274,-0.873222,-0.006909,-0.021362,-0.019830,0.999575,0,1.00000,-0.83861,60.000,-1.677,-1,375.000,825.000,350.000,675.000,325.000,300.000,300.000,300.000,-1,400.000,475.000,-1,650.000,575.000,-1,700.000,2,0,1,0,0,0,0,0,0,2,0,0,2,0,0,2,0
124,-4311.686,7312.523,-522.138,149.180,-0.858477,-0.512195,-0.025946,0.512600,-0.858543,-0.012088,-0.016084,-0.023677,0.999590,0,1.00000,-0.83758,60.000,-1.675,-1,375.000,775.000,350.000,650.000,325.000,300.000,300.000,300.000,-1,375.000,400.000,-1,650.000,575.000,-1,725.000,2,0,1,0,1,0,0,0,0,2,0,0,2,0,0,2,0
125,-4362.294,7344.753,-522.882,147.508,-0.843263,-0.536976,-0.023745,0.537397,-0.843147,-0.017567,-0.010587,-0.027574,0.999564,0,1.00000,-0.83607,60.000,-1.672,-1,375.000,725.000,350.000,625.000,325.000,300.000,300.000,300.000,-1,300.000,350.000,-1,600.000,550.000,-1,725.000,2,0,1,0,1,1,0,0,0,2,0,0,2,1,1,2,1
126,-4411.943,7378.443,-523.342,145.840,-0.827367,-0.561239,-0.021801,0.561636,-0.827078,-0.022504,-0.005401,-0.030863,0.999509,0,1.00000,-0.83407,60.000,-1.668,-1,375.000,650.000,350.000,575.000,300.000,300.000,300.000,300.000,-1,275.000,325.000,-1,550.000,525.000,850.000,650.000,2,1,1,0,1,1,0,0,0,2,0,0,2,1,1,1,1
127,-4460.594,7413.559,-523.552,144.177,-0.810820,-0.584952,-0.020054,0.585296,-0.810368,-0.027070,-0.000417,-0.033687,0.999432,0,1.00000,-0.83152,60.000,-1.663,-1,350.000,600.000,350.000,525.000,300.000,300.000,300.000,300.000,1000.000,275.000,325.000,-1,475.000,500.000,725.000,600.000,2,1,1,0,1,1,0,0,0,0,0,0,2,1,1,1,1
128,-4508.208,7450.068,-523.511,142.520,-0.793669,-0.608088,-0.017863,0.608329,-0.793052,-0.031709,0.005116,-0.036033,0.999338,0,1.00000,-0.82840,60.000,-1.657,-1,325.000,550.000,350.000,500.000,275.000,300.000,300.000,300.000,950.000,250.000,300.000,-1,425.000,475.000,600.000,550.000,2,1,1,0,1,1,1,0,0,0,0,0,2,1,1,1,1
129,-4554.752,7487.933,-522.933,140.871,-0.775949,-0.630646,-0.013760,0.630679,-0.775202,-0.036138,0.012123,-0.036719,0.999252,0,1.00000,-0.82466,60.000,-1.649,950.000,300.000,500.000,350.000,450.000,250.000,275.000,300.000,300.000,925.000,250.000,275.000,-1,400.000,450.000,500.000,500.000,1,1,1,1,1,1,1,0,0,0,0,0,2,1,1,1,1
130,-4600.192,7527.115,-522.203,139.230,-0.757670,-0.652565,-0.009732,0.652352,-0.756812,-0.040895,0.019321,-0.037333,0.999116,0,1.00000,-0.82026,60.000,-1.641,625.000,275.000,450.000,325.000,425.000,225.000,250.000,300.000,300.000,925.000,225.000,250.000,-1,350.000,425.000,400.000,450.000,1,1,1,1,1,1,1,0,0,0,0,0,2,1,1,1,1
131,-4644.498,7567.576,-519.311,137.600,-0.738710,-0.674007,0.004662,0.673200,-0.738132,-0.044305,0.033303,-0.029590,0.999007,0,1.00000,-0.81512,60.000,-1.630,500.000,250.000,425.000,300.000,375.000,225.000,250.000,325.000,300.000,925.000,175.000,225.000,-1,325.000,400.000,350.000,425.000,1,1,1,1,1,1,1,0,0,0,0,0,2,1,1,1,1
132,-4687.644,7609.273,-514.584,135.982,-0.718884,-0.694764,0.022556,0.693353,-0.718988,-0.048142,0.049665,-0.018969,0.998586,0,1.00000,-0.80919,60.000,-1.618,425.000,225.000,400.000,300.000,350.000,200.000,225.000,350.000,300.000,975.000,175.000,175.000,-1,300.000,375.000,300.000,375.000,1,1,1,1,1,1,1,0,0,0,0,0,2,1,1,1,1
133,-4729.608,7652.161,-508.515,134.377,-0.698075,-0.714741,0.042864,0.712816,-0.699361,-0.052798,0.067714,-0.006302,0.997685,0,1.00000,-0.80238,60.000,-1.605,350.000,225.000,375.000,275.000,300.000,200.000,225.000,375.000,275.000,1000.000,150.000,150.000,950.000,275.000,350.000,275.000,325.000,1,1,1,1,1,1,1,0,0,0,0,0,0,1,1,1,1
134,-4770.370,7696.194,-501.465,132.788,-0.676011,-0.733843,0.066959,0.731582,-0.679252,-0.058343,0.088297,0.009546,0.996048,0,1.00000,-0.79460,60.000,-1.589,300.000,200.000,350.000,275.000,275.000,175.000,225.000,425.000,275.000,-1,150.000,125.000,725.000,250.000,300.000,250.000,300.000,1,1,1,1,1,1,1,0,0,2,0,0,0,1,1,1,1
135,-4809.915,7741.326,-493.465,131.216,-0.652424,-0.751923,0.094635,0.749645,-0.658635,-0.065056,0.111247,0.028498,0.993384,0,1.00000,-0.78572,60.000,-1.571,275.000,200.000,350.000,250.000,250.000,175.000,200.000,475.000,275.000,-1,150.000,100.000,550.000,250.000,275.000,225.000,250.000,1,1,1,1,1,1,1,0,0,2,0,0,0,1,1,1,1
