timestep,x_cm,y_cm,z_cm,yaw_deg,basis_xx,basis_xy,basis_xz,basis_yx,basis_yy,basis_yz,basis_zx,basis_zy,basis_zz,teleport_flag,throttle_cmd,steering_cmd,cmd_move_cm,cmd_turn_deg,lidar_cm_0,lidar_cm_1,lidar_cm_2,lidar_cm_3,lidar_cm_4,lidar_cm_5,lidar_cm_6,lidar_cm_7,lidar_cm_8,lidar_cm_9,lidar_cm_10,lidar_cm_11,lidar_cm_12,lidar_cm_13,lidar_cm_14,lidar_cm_15,lidar_cm_16,lidar_class_0,lidar_class_1,lidar_class_2,lidar_class_3,lidar_class_4,lidar_class_5,lidar_class_6,lidar_class_7,lidar_class_8,lidar_class_9,lidar_class_10,lidar_class_11,lidar_class_12,lidar_class_13,lidar_class_14,lidar_class_15,lidar_class_16
0,329.662,-5570.933,84.224,69.058,0.356733,-0.932241,0.060562,0.934133,0.356767,-0.010625,-0.011702,0.060363,0.998108,1,0.08000,0.12000,4.800,0.240,-1,375.000,-1,375.000,-1,300.000,325.000,325.000,325.000,-1,-1,-1,750.000,800.000,750.000,-1,-1,2,0,2,0,2,0,0,0,0,2,2,2,1,0,0,2,2
1,333.018,-5561.939,84.087,69.538,0.348938,-0.935186,0.060571,0.937082,0.348941,-0.010880,-0.010960,0.060556,0.998105,0,0.16000,0.24000,9.600,0.480,-1,375.000,-1,375.000,-1,300.000,325.000,325.000,325.000,-1,-1,-1,750.000,800.000,750.000,-1,-1,2,0,2,0,2,0,0,0,0,2,2,2,1,0,0,2,2
2,337.881,-5548.385,83.898,70.258,0.337200,-0.939483,0.060573,0.941382,0.337156,-0.011244,-0.009859,0.060814,0.998100,0,0.24000,0.36000,14.400,0.720,-1,375.000,-1,375.000,-1,300.000,325.000,325.000,325.000,-1,-1,-1,750.000,825.000,750.000,-1,-1,2,0,2,0,2,0,0,0,0,2,2,2,1,0,0,2,2
3,344.063,-5530.208,83.672,71.218,0.321466,-0.944983,0.060554,0.946884,0.321363,-0.011695,-0.008408,0.061098,0.998096,0,0.32000,0.48000,19.200,0.960,-1,375.000,-1,375.000,-1,300.000,325.000,325.000,325.000,-1,-1,-1,750.000,825.000,750.000,-1,-1,2,0,2,0,2,0,0,0,0,2,2,2,1,0,0,2,2
4,351.312,-5507.329,83.433,72.418,0.301671,-0.951491,0.060498,0.953389,0.301497,-0.012206,-0.006626,0.061360,0.998094,0,0.40000,0.60000,24.000,1.200,-1,400.000,-1,375.000,-1,300.000,325.000,325.000,325.000,-1,-1,-1,775.000,825.000,750.000,-1,-1,2,0,2,0,2,0,0,0,0,2,2,2,1,0,0,2,2
5,359.327,-5479.668,83.208,73.840,0.278055,-0.958666,0.060381,0.960554,0.277800,-0.012747,-0.004553,0.061543,0.998094,0,0.48000,0.71068,28.800,1.421,-1,400.000,-1,375.000,-1,325.000,300.000,325.000,325.000,-1,-1,-1,800.000,850.000,750.000,-1,-1,2,0,2,0,2,0,0,0,0,2,2,2,1,0,0,2,2
6,367.864,-5447.171,83.026,75.280,0.253958,-0.965342,0.060174,0.967212,0.253621,-0.013298,-0.002424,0.061578,0.998099,0,0.56000,0.71998,33.600,1.440,-1,400.000,-1,400.000,-1,325.000,325.000,325.000,325.000,-1,-1,-1,825.000,875.000,775.000,-1,-1,2,0,2,0,2,0,0,0,0,2,2,2,1,1,0,2,2
7,376.670,-5409.795,82.908,76.742,0.229323,-0.971508,0.059856,0.973350,0.228905,-0.013841,-0.000255,0.061435,0.998111,0,0.64000,0.73117,38.400,1.462,-1,400.000,-1,400.000,-1,325.000,325.000,325.000,325.000,-1,1000.000,-1,875.000,950.000,775.000,-1,-1,2,0,2,0,2,0,0,0,0,2,0,2,1,1,0,2,2
8,384.801,-5370.771,82.873,78.231,0.204086,-0.977146,0.059444,0.978951,0.203592,-0.014315,0.001885,0.061115,0.998129,0,0.66438,0.74435,39.863,1.489,-1,400.000,-1,400.000,-1,325.000,325.000,325.000,325.000,-1,900.000,1000.000,925.000,-1,775.000,-1,-1,2,0,2,0,2,0,0,0,0,2,0,0,1,2,0,2,2
9,391.942,-5331.292,82.923,79.747,0.178224,-0.982223,0.058948,0.983982,0.177660,-0.014705,0.003970,0.060625,0.998153,0,0.66868,0.75842,40.121,1.517,-1,400.000,-1,400.000,-1,325.000,325.000,325.000,325.000,-1,800.000,875.000,1000.000,-1,775.000,-1,-1,2,0,2,0,2,0,0,0,0,2,0,0,1,2,0,2,2
10,398.110,-5292.241,83.061,81.024,0.156352,-0.985972,0.058426,0.987685,0.155735,-0.015006,0.005697,0.060053,0.998179,0,0.65891,0.63842,39.535,1.277,-1,425.000,-1,400.000,-1,325.000,325.000,325.000,325.000,-1,700.000,700.000,-1,-1,800.000,-1,-1,2,0,2,0,2,0,0,0,0,2,0,0,2,2,0,2,2
11,403.624,-5252.708,83.097,82.061,0.138487,-0.988708,0.057246,0.990344,0.137879,-0.014453,0.006397,0.058695,0.998255,0,0.66527,0.51842,39.916,1.037,-1,425.000,-1,400.000,-1,325.000,325.000,325.000,325.000,-1,750.000,925.000,-1,-1,800.000,-1,-1,2,0,2,0,2,0,0,0,0,2,0,0,2,2,0,2,2
12,409.185,-5208.340,83.095,82.858,0.124688,-0.990640,0.055550,0.992175,0.124130,-0.013411,0.006390,0.056787,0.998366,0,0.74527,0.39842,44.716,0.797,-1,425.000,-1,400.000,-1,325.000,325.000,325.000,325.000,-1,1000.000,-1,-1,-1,800.000,-1,-1,2,0,2,0,2,0,0,0,0,2,0,2,2,2,0,2,2
13,414.242,-5162.841,82.851,83.659,0.110745,-0.992332,0.054895,0.993834,0.110275,-0.011521,0.005379,0.055832,0.998426,0,0.76299,0.40049,45.779,0.801,-1,425.000,-1,400.000,-1,325.000,325.000,325.000,325.000,-1,-1,-1,-1,-1,800.000,-1,-1,2,0,2,0,2,0,0,0,0,2,2,2,2,2,0,2,2
14,418.676,-5116.897,82.651,84.489,0.096268,-0.993883,0.054120,0.995346,0.095889,-0.009576,0.004328,0.054790,0.998489,0,0.76929,0.41516,46.157,0.830,-1,425.000,-1,400.000,-1,325.000,325.000,325.000,325.000,-1,-1,-1,-1,-1,800.000,-1,-1,2,0,2,0,2,0,0,0,0,2,2,2,2,2,0,2,2
15,422.451,-5070.501,82.497,85.349,0.081252,-0.995272,0.053220,0.996688,0.080962,-0.007577,0.003232,0.053659,0.998554,0,0.77582,0.43008,46.549,0.860,-1,425.000,-1,400.000,-1,325.000,325.000,325.000,325.000,-1,-1,-1,-1,-1,800.000,-1,-1,2,0,2,0,2,0,0,0,0,2,2,2,2,2,0,2,2
16,425.531,-5023.648,82.386,86.240,0.065689,-0.996474,0.052191,0.997838,0.065489,-0.005524,0.002086,0.052441,0.998622,0,0.78259,0.44524,46.955,0.890,-1,425.000,-1,400.000,-1,325.000,325.000,325.000,300.000,-1,-1,-1,-1,-1,800.000,-1,-1,2,0,2,0,2,0,0,0,0,2,2,2,2,2,0,2,2
17,427.878,-4976.332,82.317,87.161,0.049572,-0.997466,0.051030,0.998770,0.049462,-0.003417,0.000884,0.051136,0.998691,0,0.78956,0.46064,47.374,0.921,-1,425.000,-1,400.000,-1,325.000,325.000,325.000,300.000,-1,-1,-1,-1,-1,775.000,-1,-1,2,0,2,0,2,0,0,0,0,2,2,2,2,2,0,2,2
18,429.611,-4926.272,82.288,88.018,0.034552,-0.998168,0.049666,0.999403,0.034536,-0.001168,-0.000549,0.049676,0.998765,0,0.83484,0.42861,50.090,0.857,-1,425.000,-1,400.000,-1,325.000,325.000,325.000,300.000,-1,-1,-1,-1,-1,775.000,-1,-1,2,1,2,0,2,0,0,0,0,2,2,2,2,2,0,2,2
19,430.582,-4875.459,82.297,88.907,0.018972,-0.998660,0.048158,0.999818,0.019049,0.001144,-0.002059,0.048128,0.998839,0,0.84705,0.44443,50.823,0.889,-1,475.000,-1,400.000,-1,325.000,325.000,325.000,300.000,-1,-1,-1,-1,-1,775.000,-1,-1,2,1,2,0,2,0,0,0,0,2,2,2,2,2,0,2,2
20,430.737,-4823.882,82.342,89.828,0.002824,-0.998914,0.046502,0.999989,0.002990,0.003518,-0.003653,0.046491,0.998912,0,0.85961,0.46062,51.577,0.921,-1,550.000,-1,400.000,-1,325.000,325.000,325.000,300.000,-1,-1,-1,-1,-1,775.000,-1,-1,2,1,2,0,2,0,0,0,0,2,2,2,2,2,0,2,2
21,430.023,-4771.538,82.422,90.783,-0.013901,-0.998904,0.044691,0.999889,-0.013649,0.005956,-0.005339,0.044769,0.998983,0,0.87249,0.47717,52.350,0.954,-1,-1,-1,400.000,-1,325.000,325.000,325.000,300.000,-1,-1,-1,-1,-1,775.000,-1,-1,2,2,2,0,2,0,0,0,0,2,2,2,2,2,0,2,2
22,428.382,-4718.422,82.535,91.771,-0.031211,-0.998599,0.042720,0.999487,-0.030877,0.008456,-0.007125,0.042962,0.999051,0,0.88569,0.49412,53.141,0.988,-1,-1,-1,400.000,-1,325.000,325.000,325.000,300.000,-1,-1,-1,-1,-1,775.000,-1,-1,2,2,2,0,2,0,0,0,0,2,2,2,2,2,0,2,2
23,425.791,-4664.926,82.675,92.774,-0.048757,-0.997985,0.040604,0.998770,-0.048348,0.010998,-0.009013,0.041090,0.999115,0,0.89266,0.50126,53.559,1.003,-1,-1,-1,400.000,-1,325.000,325.000,325.000,300.000,-1,-1,-1,-1,-1,775.000,-1,-1,2,2,2,0,2,1,0,0,0,2,2,2,2,2,0,2,2
24,422.239,-4611.198,82.806,93.784,-0.066417,-0.997050,0.038481,0.997732,-0.065942,0.013480,-0.010903,0.039289,0.999168,0,0.89742,0.50514,53.845,1.010,-1,-1,-1,400.000,-1,350.000,325.000,325.000,300.000,-1,-1,-1,-1,-1,775.000,-1,-1,2,2,2,0,2,1,0,0,0,2,2,2,2,2,0,2,2
25,417.936,-4562.342,82.202,95.034,-0.088212,-0.995388,0.037692,0.996029,-0.087683,0.015451,-0.012075,0.038905,0.999170,0,0.81742,0.62514,49.045,1.250,-1,-1,-1,400.000,-1,375.000,325.000,325.000,300.000,-1,-1,-1,-1,-1,775.000,-1,-1,2,2,2,0,2,1,0,0,0,2,2,2,2,2,0,2,2
26,412.544,-4515.152,79.052,96.524,-0.114172,-0.993129,0.025694,0.993254,-0.113582,0.023358,-0.020279,0.028188,0.999397,0,0.79160,0.74514,47.496,1.490,-1,-1,-1,375.000,-1,375.000,300.000,300.000,300.000,-1,-1,-1,-1,-1,750.000,-1,-1,2,2,2,0,2,1,0,0,0,2,2,2,2,2,0,2,2
27,405.686,-4467.863,75.697,98.255,-0.143991,-0.989505,0.012118,0.989147,-0.143555,0.031317,-0.029248,0.016496,0.999436,0,0.79639,0.86514,47.783,1.730,-1,-1,-1,350.000,-1,400.000,300.000,275.000,325.000,-1,-1,-1,-1,-1,700.000,-1,-1,2,2,2,0,2,1,0,0,0,2,2,2,2,2,0,2,2
28,397.150,-4420.535,72.094,100.225,-0.177518,-0.984112,-0.003391,0.983339,-0.177513,0.039171,-0.039150,0.003619,0.999227,0,0.80152,0.98514,48.091,1.970,-1,-1,-1,350.000,-1,475.000,275.000,250.000,325.000,-1,-1,-1,-1,-1,650.000,-1,-1,2,2,2,0,2,1,0,0,0,2,2,2,2,2,0,2,2
29,386.893,-4373.209,68.153,102.225,-0.210948,-0.977266,-0.021282,0.976199,-0.211739,0.046931,-0.050370,-0.010876,0.998671,0,0.80705,1.00000,48.423,2.000,-1,-1,-1,325.000,-1,550.000,250.000,225.000,325.000,-1,-1,-1,-1,-1,600.000,-1,-1,2,2,2,0,2,1,0,0,0,2,2,2,2,2,0,2,2
30,374.904,-4325.943,63.831,104.225,-0.243583,-0.968981,-0.041755,0.967830,-0.245640,0.054452,-0.063020,-0.027148,0.997643,0,0.81268,1.00000,48.761,2.000,-1,-1,-1,300.000,-1,575.000,250.000,175.000,350.000,-1,-1,-1,-1,-1,550.000,-1,-1,2,2,2,0,2,1,1,0,0,2,2,2,2,2,0,2,2
31,361.171,-4278.797,59.095,106.225,-0.275216,-0.959185,-0.064961,0.958282,-0.279124,0.061532,-0.077153,-0.045316,0.995989,0,0.81839,1.00000,49.103,2.000,-1,-1,-1,275.000,-1,575.000,300.000,150.000,375.000,-1,-1,-1,-1,-1,500.000,-1,-1,2,2,2,0,2,1,1,0,0,2,2,2,2,2,0,2,2
32,345.685,-4231.833,53.913,108.225,-0.305609,-0.947796,-0.091024,0.947624,-0.312078,0.067937,-0.092797,-0.065495,0.993529,0,0.82415,1.00000,49.449,2.000,-1,-1,-1,250.000,-1,575.000,350.000,125.000,400.000,-1,-1,-1,-1,-1,450.000,-1,875.000,2,2,2,1,2,1,1,0,0,2,2,2,2,2,0,2,0
33,328.440,-4185.114,48.256,110.225,-0.334502,-0.934718,-0.120042,0.935959,-0.344373,0.073402,-0.109950,-0.087801,0.990052,0,0.82995,1.00000,49.797,2.000,-1,1000.000,-1,300.000,-1,575.000,375.000,100.000,425.000,-1,0.000,-1,-1,-1,500.000,-1,550.000,2,1,2,1,2,1,1,0,0,2,0,2,2,2,1,2,0
34,-983.896,2951.685,35.620,-149.182,-0.856547,0.511636,0.067497,-0.513824,-0.857682,-0.019153,0.048092,-0.051087,0.997536,1,0.00000,0.00000,50.147,2.000,-1,425.000,-1,400.000,-1,325.000,325.000,300.000,325.000,-1,950.000,-1,-1,900.000,775.000,-1,-1,2,0,2,0,2,0,0,0,0,2,0,2,2,0,0,2,2
35,-988.007,2949.208,35.866,-148.942,-0.854391,0.515213,0.067611,-0.517421,-0.855512,-0.019355,0.047870,-0.051520,0.997524,0,0.08000,0.12000,4.800,0.240,-1,425.000,-1,400.000,-1,325.000,325.000,300.000,325.000,-1,975.000,-1,-1,900.000,775.000,-1,-1,2,0,2,0,2,0,0,0,0,2,0,2,2,0,0,2,2
36,-996.189,2944.187,36.351,-148.463,-0.850042,0.522327,0.067845,-0.524576,-0.851135,-0.019762,0.047423,-0.052388,0.997500,0,0.16000,0.23961,9.600,0.479,-1,425.000,-1,400.000,-1,325.000,325.000,300.000,325.000,-1,1000.000,-1,-1,900.000,775.000,-1,-1,2,0,2,0,2,0,0,0,0,2,0,2,2,0,0,2,2
37,-1008.398,2936.552,37.067,-147.983,-0.845620,0.529413,0.068182,-0.531717,-0.846677,-0.020367,0.046946,-0.053477,0.997465,0,0.24000,0.24016,14.400,0.480,-1,425.000,-1,400.000,-1,325.000,325.000,300.000,325.000,-1,-1,-1,-1,925.000,775.000,-1,-1,2,0,2,0,2,0,0,0,0,2,2,2,2,0,0,2,2
38,-1024.591,2926.235,38.004,-147.501,-0.841116,0.536482,0.068633,-0.538857,-0.842131,-0.021175,0.046438,-0.054794,0.997417,0,0.32000,0.24111,19.200,0.482,-1,425.000,-1,400.000,-1,325.000,325.000,300.000,325.000,-1,-1,-1,-1,925.000,800.000,-1,-1,2,0,2,0,2,0,0,0,0,2,2,2,2,0,0,2,2
39,-1044.722,2913.169,39.044,-147.016,-0.836556,0.543556,0.068712,-0.545983,-0.837507,-0.022021,0.045577,-0.055937,0.997394,0,0.40000,0.24247,24.000,0.485,-1,425.000,-1,400.000,-1,325.000,325.000,300.000,325.000,-1,-1,-1,-1,925.000,800.000,-1,-1,2,0,2,0,2,0,0,0,0,2,2,2,2,0,0,2,2
40,-1068.745,2897.284,40.181,-146.527,-0.831928,0.550646,0.068443,-0.553106,-0.832796,-0.022927,0.044374,-0.056930,0.997392,0,0.48000,0.24425,28.800,0.488,-1,425.000,-1,400.000,-1,325.000,325.000,300.000,300.000,-1,-1,-1,-1,925.000,800.000,-1,-1,2,0,2,0,2,0,0,0,0,2,2,2,2,0,0,2,2
41,-1096.611,2878.511,41.473,-146.034,-0.827204,0.557753,0.068157,-0.560251,-0.827975,-0.024010,0.043040,-0.058046,0.997386,0,0.56000,0.24644,33.600,0.493,-1,425.000,-1,400.000,-1,325.000,325.000,300.000,300.000,-1,-1,-1,-1,900.000,800.000,-1,-1,2,0,2,0,2,0,0,0,0,2,2,2,2,0,0,2,2
42,-1128.270,2856.780,42.936,-145.536,-0.822375,0.564885,0.067850,-0.567431,-0.823028,-0.025420,0.041483,-0.059405,0.997372,0,0.64000,0.24906,38.400,0.498,-1,425.000,-1,400.000,-1,325.000,325.000,300.000,300.000,-1,-1,-1,-1,900.000,800.000,-1,-1,2,0,2,0,2,0,0,0,0,2,2,2,2,0,0,2,2
43,-1163.670,2832.021,44.557,-145.032,-0.817434,0.572050,0.067531,-0.574654,-0.817945,-0.027183,0.039686,-0.061027,0.997347,0,0.72000,0.25211,43.200,0.504,-1,425.000,-1,400.000,-1,325.000,325.000,300.000,300.000,-1,-1,-1,-1,900.000,800.000,-1,-1,2,0,2,0,2,0,0,0,0,2,2,2,2,0,0,2,2
44,-1202.757,2804.160,46.292,-144.521,-0.812366,0.579260,0.067220,-0.581926,-0.812717,-0.029195,0.037719,-0.062834,0.997311,0,0.80000,0.25561,48.000,0.511,-1,425.000,-1,400.000,-1,325.000,325.000,300.000,300.000,-1,-1,-1,-1,900.000,775.000,-1,-1,2,0,2,0,2,0,0,0,0,2,2,2,2,0,0,2,2
45,-1245.473,2773.125,48.107,-144.002,-0.807166,0.586527,0.066850,-0.589255,-0.807335,-0.031448,0.035525,-0.064776,0.997267,0,0.88000,0.25956,52.800,0.519,-1,425.000,-1,400.000,-1,325.000,325.000,300.000,300.000,-1,-1,-1,-1,875.000,775.000,-1,-1,2,0,2,0,2,0,0,0,0,2,2,2,2,0,0,2,2
46,-1288.129,2741.528,49.821,-143.474,-0.801819,0.593867,0.066401,-0.596645,-0.801796,-0.033743,0.033201,-0.066673,0.997222,0,0.88475,0.26398,53.085,0.528,-1,425.000,-1,400.000,-1,325.000,325.000,300.000,300.000,-1,-1,-1,-1,875.000,775.000,-1,-1,2,0,2,0,2,0,0,0,0,2,2,2,2,0,0,2,2
47,-1330.520,2709.509,51.473,-142.937,-0.796307,0.601271,0.066099,-0.604104,-0.796086,-0.036128,0.030898,-0.068700,0.997159,0,0.88541,0.26844,53.125,0.537,-1,425.000,-1,400.000,-1,325.000,325.000,300.000,300.000,-1,-1,-1,-1,875.000,775.000,-1,-1,2,0,2,0,2,0,0,0,0,2,2,2,2,0,0,2,2
48,-1373.508,2676.441,53.000,-142.433,-0.791092,0.608133,0.065942,-0.611042,-0.790629,-0.039167,0.028317,-0.071278,0.997054,0,0.90392,0.25175,54.235,0.503,-1,400.000,-1,400.000,-1,325.000,325.000,300.000,300.000,-1,-1,-1,-1,850.000,775.000,-1,-1,2,0,2,0,2,0,0,0,0,2,2,2,2,0,0,2,2
49,-1412.552,2646.119,54.376,-142.170,-0.788380,0.611660,0.065791,-0.614634,-0.787692,-0.042025,0.026118,-0.073569,0.996948,0,0.82392,0.13175,49.435,0.263,-1,400.000,-1,400.000,-1,325.000,325.000,300.000,300.000,-1,-1,-1,-1,850.000,775.000,-1,-1,2,0,2,0,2,0,0,0,0,2,2,2,2,0,0,2,2
50,-1448.685,2618.035,55.713,-142.146,-0.788232,0.611901,0.065328,-0.614906,-0.787336,-0.044642,0.024119,-0.075359,0.996865,0,0.76273,0.01175,45.764,0.023,-1,400.000,-1,400.000,-1,325.000,325.000,300.000,300.000,-1,-1,-1,-1,825.000,775.000,-1,-1,2,0,2,0,2,0,0,0,0,2,2,2,2,0,0,2,2
51,-1485.022,2590.011,57.049,-142.363,-0.790634,0.608839,0.064916,-0.611878,-0.789535,-0.047326,0.022440,-0.077138,0.996768,0,0.76479,-0.10825,45.888,-0.217,-1,400.000,-1,400.000,-1,325.000,325.000,300.000,300.000,-1,-1,-1,-1,800.000,750.000,-1,-1,2,0,2,0,2,0,0,0,0,2,2,2,2,0,0,2,2
52,-1521.657,2562.221,58.384,-142.819,-0.795546,0.602447,0.064527,-0.605525,-0.794253,-0.050022,0.021116,-0.078868,0.996661,0,0.76637,-0.22825,45.982,-0.457,-1,400.000,-1,375.000,-1,325.000,325.000,300.000,300.000,-1,-1,-1,-1,800.000,750.000,-1,-1,2,0,2,0,2,0,0,0,0,2,2,2,2,0,0,2,2
53,-1558.593,2534.731,59.469,-143.342,-0.801038,0.595159,0.064222,-0.598246,-0.799686,-0.051038,0.020982,-0.079304,0.996630,0,0.76738,-0.26124,46.043,-0.522,-1,400.000,-1,375.000,-1,325.000,325.000,300.000,300.000,-1,-1,-1,-1,-1,750.000,-1,-1,2,0,2,0,2,0,0,0,0,2,2,2,2,2,0,2,2
54,-1595.800,2507.552,60.628,-143.852,-0.806325,0.588001,0.063990,-0.591096,-0.804942,-0.051705,0.021106,-0.079515,0.996610,0,0.76794,-0.25520,46.076,-0.510,-1,400.000,-1,375.000,-1,325.000,325.000,300.000,300.000,-1,-1,-1,-1,-1,750.000,-1,-1,2,0,2,0,2,0,0,0,0,2,2,2,2,2,0,2,2
55,-1633.249,2480.691,61.801,-144.350,-0.811417,0.580973,0.063824,-0.584080,-0.810007,-0.052335,0.021293,-0.079743,0.996588,0,0.76810,-0.24898,46.086,-0.498,-1,400.000,-1,375.000,-1,325.000,325.000,300.000,300.000,-1,-1,-1,-1,-1,750.000,-1,-1,2,0,2,0,2,0,0,0,0,2,2,2,2,2,0,2,2
56,-1670.913,2454.157,62.987,-144.835,-0.816314,0.574082,0.063724,-0.577206,-0.814881,-0.052929,0.021542,-0.079988,0.996563,0,0.76786,-0.24258,46.072,-0.485,-1,400.000,-1,375.000,-1,325.000,325.000,300.000,300.000,-1,-1,-1,-1,-1,750.000,-1,-1,2,0,2,0,2,0,0,0,0,2,2,2,2,2,0,2,2
57,-1708.762,2427.956,64.184,-145.307,-0.821019,0.567337,0.063690,-0.570482,-0.819566,-0.053489,0.021852,-0.080250,0.996535,0,0.76721,-0.23602,46.033,-0.472,-1,400.000,-1,375.000,-1,325.000,325.000,300.000,300.000,-1,-1,-1,-1,-1,750.000,-1,-1,2,0,2,0,2,0,0,0,0,2,2,2,2,2,0,2,2
58,-1746.767,2402.095,65.391,-145.766,-0.825532,0.560746,0.063724,-0.563917,-0.824063,-0.054018,0.022222,-0.080528,0.996505,0,0.76614,-0.22933,45.969,-0.459,-1,400.000,-1,375.000,-1,325.000,325.000,300.000,300.000,-1,-1,-1,-1,-1,750.000,-1,-1,2,0,2,0,2,0,0,0,0,2,2,2,2,2,0,2,2
59,-1784.897,2376.580,66.588,-146.211,-0.829854,0.554318,0.063831,-0.557518,-0.828378,-0.054429,0.022705,-0.080755,0.996475,0,0.76466,-0.22253,45.880,-0.445,-1,400.000,-1,400.000,-1,325.000,325.000,300.000,300.000,-1,-1,-1,-1,-1,750.000,-1,-1,2,0,2,0,2,0,0,0,0,2,2,2,2,2,0,2,2
60,-1823.124,2351.414,67.777,-146.642,-0.833987,0.548058,0.064013,-0.551292,-0.832514,-0.054743,0.023290,-0.080945,0.996446,0,0.76276,-0.21563,45.766,-0.431,-1,400.000,-1,400.000,-1,325.000,325.000,300.000,300.000,-1,-1,-1,-1,-1,750.000,-1,-1,2,0,2,0,2,0,0,0,0,2,2,2,2,2,0,2,2
61,-1861.416,2326.603,68.915,-147.060,-0.837921,0.541956,0.064590,-0.545259,-0.836449,-0.055199,0.024111,-0.081470,0.996384,0,0.76047,-0.20868,45.628,-0.417,-1,400.000,-1,400.000,-1,325.000,325.000,300.000,300.000,-1,-1,-1,-1,-1,750.000,-1,-1,2,0,2,0,2,0,0,0,0,2,2,2,2,2,0,2,2
62,-1899.747,2302.149,70.035,-147.463,-0.841676,0.536027,0.065239,-0.539405,-0.840202,-0.055697,0.024959,-0.082069,0.996314,0,0.75778,-0.20171,45.467,-0.403,-1,400.000,-1,400.000,-1,325.000,325.000,325.000,300.000,-1,-1,-1,-1,-1,750.000,-1,-1,2,0,2,0,2,0,0,0,0,2,2,2,2,2,0,2,2
63,-1938.087,2278.053,71.120,-147.853,-0.845270,0.530282,0.065720,-0.533722,-0.843794,-0.056156,0.025676,-0.082543,0.996257,0,0.75472,-0.19474,45.283,-0.389,-1,400.000,-1,400.000,-1,325.000,325.000,325.000,300.000,-1,-1,-1,-1,-1,750.000,-1,-1,2,0,2,0,2,0,0,0,0,2,2,2,2,2,0,2,2
64,-1976.413,2254.320,72.203,-148.232,-0.848730,0.524669,0.066180,-0.528169,-0.847250,-0.056623,0.026363,-0.083012,0.996200,0,0.75131,-0.18950,45.079,-0.379,-1,400.000,-1,400.000,-1,325.000,325.000,300.000,300.000,-1,-1,-1,-1,-1,750.000,-1,-1,2,0,2,0,2,0,0,0,0,2,2,2,2,2,0,2,2
65,-2017.309,2229.465,73.314,-148.711,-0.853071,0.517548,0.066441,-0.521094,-0.851590,-0.057054,0.027053,-0.083293,0.996158,0,0.79762,-0.23974,47.857,-0.479,-1,400.000,-1,400.000,-1,325.000,325.000,300.000,300.000,-1,-1,-1,-1,-1,775.000,-1,-1,2,0,2,0,2,0,0,0,0,2,2,2,2,2,0,2,2
66,-2062.648,2202.684,74.623,-149.431,-0.859474,0.506804,0.066733,-0.510406,-0.858006,-0.057548,0.028092,-0.083522,0.996110,0,0.87762,-0.35974,52.657,-0.719,-1,400.000,-1,400.000,-1,325.000,325.000,300.000,325.000,-1,-1,-1,-1,-1,775.000,-1,-1,2,0,2,0,2,0,0,0,0,2,2,2,2,2,0,2,2
67,-2112.603,2174.295,76.258,-150.390,-0.867831,0.492374,0.066610,-0.496001,-0.866387,-0.057934,0.029185,-0.083316,0.996096,0,0.95762,-0.47974,57.457,-0.959,-1,375.000,-1,400.000,-1,325.000,325.000,300.000,325.000,-1,-1,-1,-1,-1,775.000,-1,-1,2,0,2,0,2,0,0,0,0,2,2,2,2,2,0,2,2
68,-2164.092,2146.444,78.095,-151.590,-0.877924,0.474149,0.066575,-0.477808,-0.876540,-0.058104,0.030806,-0.082821,0.996088,0,0.97564,-0.59974,58.539,-1.199,-1,375.000,-1,400.000,-1,325.000,325.000,300.000,325.000,-1,-1,-1,-1,-1,775.000,-1,-1,2,0,2,0,2,0,0,0,0,2,2,2,2,2,0,2,2
69,-2216.063,2119.998,80.145,-153.029,-0.889515,0.452016,0.066662,-0.455708,-0.888245,-0.057882,0.033048,-0.081866,0.996095,0,0.97185,-0.71974,58.311,-1.439,-1,375.000,-1,400.000,-1,325.000,325.000,-1,325.000,-1,-1,-1,-1,-1,800.000,-1,-1,2,0,2,0,2,0,0,2,0,2,2,2,2,2,0,2,2
70,-2268.482,2095.231,82.356,-154.709,-0.902332,0.425831,0.066814,-0.429560,-0.901201,-0.057574,0.035696,-0.080652,0.996103,0,0.96625,-0.83974,57.975,-1.679,-1,375.000,-1,400.000,-1,325.000,325.000,-1,325.000,-1,-1,-1,-1,-1,800.000,-1,-1,2,1,2,0,2,0,0,2,0,2,2,2,2,2,0,2,2
71,-2321.193,2072.194,84.714,-156.390,-0.914393,0.399240,0.067020,-0.403003,-0.913409,-0.057200,0.038380,-0.079313,0.996111,0,0.95873,-0.84094,57.524,-1.682,-1,725.000,-1,400.000,-1,325.000,325.000,-1,325.000,-1,-1,-1,-1,-1,800.000,-1,-1,2,1,2,0,2,0,0,2,0,2,2,2,2,2,0,2,2
72,-2374.050,2050.886,87.204,-158.043,-0.925479,0.372777,0.067274,-0.376569,-0.924647,-0.056775,0.041040,-0.077877,0.996118,0,0.94983,-0.82621,56.990,-1.652,-1,625.000,-1,400.000,-1,325.000,325.000,-1,325.000,-1,-1,-1,-1,-1,825.000,-1,-1,2,1,2,0,2,0,0,2,0,2,2,2,2,2,0,2,2
73,-2426.929,2031.304,89.812,-159.678,-0.935691,0.346289,0.067571,-0.350106,-0.935016,-0.056309,0.043681,-0.076345,0.996124,0,0.93979,-0.81736,56.387,-1.635,-1,575.000,-1,400.000,-1,325.000,325.000,-1,325.000,-1,-1,-1,-1,-1,825.000,-1,-1,2,1,2,0,2,0,0,2,0,2,2,2,2,2,0,2,2
74,-2479.719,2013.445,92.527,-161.308,-0.945120,0.319591,0.067904,-0.323427,-0.944606,-0.055815,0.046304,-0.074714,0.996129,0,0.92880,-0.81505,55.728,-1.630,-1,525.000,-1,400.000,-1,325.000,325.000,-1,325.000,-1,-1,-1,-1,975.000,850.000,-1,-1,2,1,2,0,2,0,0,2,0,2,2,2,2,1,0,2,2
75,-2532.323,1997.299,95.330,-162.935,-0.953770,0.292681,0.068272,-0.296531,-0.953422,-0.055283,0.048912,-0.072972,0.996134,0,0.91708,-0.81348,55.025,-1.627,-1,500.000,-1,400.000,-1,325.000,325.000,-1,325.000,-1,-1,-1,-1,900.000,875.000,-1,-1,2,1,2,0,2,0,0,2,0,2,2,2,2,1,0,2,2
76,-2584.661,1982.844,97.458,-164.560,-0.961757,0.265517,0.067262,-0.269402,-0.961324,-0.057260,0.049457,-0.073191,0.996091,0,0.90494,-0.81263,54.297,-1.625,-1,450.000,-1,400.000,-1,325.000,325.000,-1,325.000,-1,-1,-1,-1,850.000,875.000,-1,-1,2,1,2,0,2,0,0,2,0,2,2,2,2,1,0,2,2
77,-2636.673,1970.053,99.118,-166.185,-0.969065,0.238141,0.064818,-0.241987,-0.968434,-0.059811,0.048529,-0.073646,0.996103,0,0.89269,-0.81251,53.561,-1.625,-1,400.000,-1,400.000,-1,325.000,325.000,-1,325.000,-1,-1,-1,-1,775.000,850.000,-1,-1,2,1,2,0,2,0,0,2,0,2,2,2,2,1,0,2,2
78,-2693.732,1957.791,101.374,-167.870,-0.975793,0.209569,0.062520,-0.213310,-0.975095,-0.060728,0.048237,-0.072594,0.996194,0,0.97269,-0.84277,58.361,-1.686,-1,400.000,-1,400.000,-1,300.000,325.000,-1,325.000,-1,-1,-1,-1,725.000,850.000,-1,-1,2,1,2,0,2,0,0,2,0,2,2,2,2,1,0,2,2
79,-2750.699,1947.258,103.897,-169.523,-0.981579,0.181378,0.060032,-0.184969,-0.980855,-0.060905,0.047836,-0.070887,0.996337,0,0.96553,-0.82645,57.932,-1.653,-1,375.000,-1,400.000,-1,300.000,325.000,-1,325.000,-1,-1,-1,-1,700.000,850.000,-1,-1,2,1,2,0,2,0,0,2,0,2,2,2,2,0,0,2,2
80,-2807.317,1938.438,106.837,-171.143,-0.986413,0.153614,0.058246,-0.157032,-0.985799,-0.059504,0.048278,-0.067842,0.996527,0,0.95501,-0.80984,57.300,-1.620,-1,375.000,-1,400.000,-1,300.000,325.000,-1,300.000,-1,-1,-1,-1,725.000,850.000,-1,-1,2,0,2,0,2,0,0,2,0,2,2,2,2,0,0,2,2
81,-2863.454,1931.293,110.091,-172.744,-0.990382,0.126046,0.057061,-0.129277,-0.989970,-0.056985,0.049306,-0.063813,0.996743,0,0.94316,-0.80047,56.589,-1.601,-1,375.000,-1,400.000,-1,300.000,325.000,-1,325.000,-1,-1,-1,-1,725.000,850.000,-1,-1,2,0,2,0,2,0,0,2,1,2,2,2,2,0,0,2,2
82,-2918.996,1925.792,113.558,-174.340,-0.993547,0.098445,0.056334,-0.101478,-0.993384,-0.053770,0.050668,-0.059139,0.996963,0,0.93022,-0.79822,55.813,-1.596,-1,375.000,-1,400.000,-1,325.000,325.000,-1,375.000,-1,-1,-1,-1,750.000,850.000,-1,-1,2,0,2,0,2,0,0,2,1,2,2,2,2,0,0,2,2
83,-2973.849,1921.896,117.139,-175.934,-0.995925,0.070802,0.055867,-0.073630,-0.996017,-0.050282,0.052085,-0.054191,0.997171,0,0.91650,-0.79676,54.990,-1.594,-1,375.000,-1,400.000,-1,325.000,325.000,-1,425.000,-1,-1,-1,-1,775.000,850.000,-1,-1,2,0,2,0,2,0,0,2,1,2,2,2,2,0,0,2,2
84,-3027.941,1919.562,120.736,-177.526,-0.997531,0.043112,0.055431,-0.045732,-0.997852,-0.046899,0.053290,-0.049318,0.997360,0,0.90236,-0.79608,54.142,-1.592,-1,400.000,-1,400.000,-1,325.000,325.000,-1,550.000,-1,-1,-1,-1,800.000,850.000,-1,-1,2,0,2,0,2,0,0,2,1,2,2,2,2,0,0,2,2
85,-3081.227,1918.744,124.076,-179.118,-0.998413,0.015370,0.054174,-0.017803,-0.998841,-0.044717,0.053424,-0.045611,0.997530,0,0.88821,-0.79617,53.292,-1.592,-1,400.000,-1,400.000,-1,325.000,325.000,-1,-1,-1,-1,-1,-1,800.000,850.000,-1,-1,2,0,2,0,2,0,0,2,2,2,2,2,2,0,0,2,2
86,-3133.687,1919.397,127.193,-180.712,-0.998562,-0.012422,0.052148,0.010156,-0.999002,-0.043494,0.052636,-0.042902,0.997692,0,0.87440,-0.79698,52.464,-1.594,-1,400.000,-1,400.000,-1,325.000,325.000,-1,-1,-1,-1,-1,-1,800.000,850.000,-1,-1,2,0,2,0,2,0,0,2,2,2,2,2,2,0,0,2,2
87,-3185.320,1921.481,130.162,-182.309,-0.997904,-0.040261,0.050654,0.038103,-0.998354,-0.042871,0.052296,-0.040851,0.997796,0,0.86126,-0.79847,51.675,-1.597,-1,400.000,-1,400.000,-1,325.000,325.000,950.000,-1,-1,-1,-1,-1,825.000,-1,-1,-1,2,0,2,0,2,0,0,1,2,2,2,2,2,0,2,2,2
88,-3236.145,1924.955,132.509,-183.911,-0.996371,-0.068141,0.051015,0.065873,-0.996818,-0.044884,0.053911,-0.041361,0.997689,0,0.84905,-0.80061,50.943,-1.601,-1,400.000,-1,425.000,-1,325.000,325.000,775.000,-1,-1,-1,-1,-1,825.000,-1,-1,-1,2,0,2,0,2,0,0,1,2,2,2,2,2,0,2,2,2
89,-3286.190,1929.789,134.832,-185.517,-0.994087,-0.096060,0.050623,0.093704,-0.994489,-0.047027,0.054861,-0.042006,0.997610,0,0.83796,-0.80333,50.278,-1.607,-1,400.000,-1,425.000,-1,325.000,325.000,550.000,-1,-1,-1,-1,-1,800.000,-1,-1,-1,2,0,2,0,2,0,0,1,2,2,2,2,2,0,2,2,2
90,-3335.494,1935.957,137.036,-187.130,-0.991036,-0.124022,0.049661,0.121675,-0.991419,-0.047781,0.055161,-0.041310,0.997623,0,0.82813,-0.80659,49.688,-1.613,-1,400.000,-1,425.000,-1,325.000,325.000,425.000,-1,-1,-1,-1,-1,800.000,-1,-1,-1,2,0,2,0,2,0,0,1,2,2,2,2,2,0,2,2,2
91,-3384.098,1943.439,139.417,-188.751,-0.987206,-0.152025,0.048085,0.149791,-0.987596,-0.047094,0.054648,-0.039289,0.997732,0,0.81961,-0.81035,49.177,-1.621,-1,400.000,-1,425.000,-1,325.000,325.000,350.000,-1,-1,-1,-1,-1,800.000,-1,-1,-1,2,0,2,0,2,0,0,1,2,2,2,2,2,0,2,2,2
92,-3437.151,1953.381,142.279,-190.612,-0.981846,-0.184032,0.045939,0.181985,-0.982253,-0.045399,0.053478,-0.036215,0.997912,0,0.89961,-0.93035,53.977,-1.861,-1,400.000,-1,400.000,-1,325.000,325.000,300.000,-1,-1,-1,-1,-1,800.000,-1,-1,-1,2,0,2,0,2,0,0,1,2,2,2,2,2,0,2,2,2
93,-3492.695,1965.809,145.513,-192.612,-0.974929,-0.218230,0.043464,0.216420,-0.975363,-0.042781,0.051729,-0.032302,0.998139,0,0.94861,-1.00000,56.917,-2.000,-1,400.000,-1,-1,-1,325.000,325.000,275.000,-1,-1,-1,-1,-1,775.000,-1,-1,-1,2,0,2,2,2,0,0,0,2,2,2,2,2,0,2,2,2
94,-3547.666,1980.142,147.991,-194.612,-0.966875,-0.252190,0.039416,0.250848,-0.967357,-0.036008,0.047210,-0.024927,0.998574,0,0.94682,-1.00000,56.809,-2.000,-1,400.000,-1,-1,-1,325.000,325.000,300.000,-1,-1,-1,-1,-1,750.000,-1,-1,-1,2,0,2,2,2,0,0,0,2,2,2,2,2,0,2,2,2
95,-3601.979,1996.346,144.693,-196.612,-0.957883,-0.285885,0.027014,0.285801,-0.958263,-0.006994,0.027886,0.001021,0.999611,0,0.94468,-1.00000,56.681,-2.000,-1,350.000,-1,-1,-1,275.000,275.000,300.000,-1,-1,-1,-1,-1,650.000,-1,-1,-1,2,0,2,2,2,0,0,0,2,2,2,2,2,0,2,2,2
96,-3658.849,2015.228,141.047,-198.372,-0.948940,-0.315058,0.015837,0.315369,-0.948660,0.024221,0.007393,0.027979,0.999581,0,0.99872,-0.88000,59.923,-1.760,-1,300.000,-1,-1,-1,250.000,225.000,325.000,-1,-1,-1,-1,-1,550.000,-1,-1,-1,2,0,2,2,2,0,0,0,2,2,2,2,2,0,2,2,2
97,-3714.971,2035.522,137.270,-199.892,-0.940507,-0.339722,0.005992,0.339501,-0.938893,0.056730,-0.013647,0.055389,0.998372,0,0.99464,-0.76000,59.678,-1.520,-1,275.000,-1,-1,-1,200.000,175.000,375.000,-1,-1,-1,-1,-1,475.000,-1,825.000,-1,2,0,2,2,2,0,0,0,2,2,2,2,2,0,2,0,2
98,-3770.336,2056.945,133.389,-201.172,-0.932981,-0.359915,-0.002754,0.358219,-0.929274,0.090158,-0.035008,0.083129,0.995924,0,0.98941,-0.64000,59.364,-1.280,-1,225.000,-1,-1,-1,175.000,150.000,400.000,-1,-1,-1,-1,-1,400.000,-1,525.000,-1,2,0,2,2,2,0,1,0,2,2,2,2,2,0,2,0,2
99,-3824.953,2079.220,129.347,-202.212,-0.926679,-0.375707,-0.010542,0.371633,-0.920102,0.123701,-0.056175,0.110713,0.992264,0,0.98302,-0.52000,58.981,-1.040,800.000,200.000,-1,-1,-1,150.000,200.000,450.000,-1,-1,-1,-1,-1,325.000,-1,350.000,-1,0,0,2,2,2,0,1,0,2,2,2,2,2,0,2,0,2
100,-3878.842,2102.073,125.182,-203.012,-0.921840,-0.387178,-0.017419,0.379918,-0.911614,0.156914,-0.076633,0.138032,0.987459,0,0.97551,-0.40000,58.531,-0.800,550.000,150.000,-1,-1,-1,125.000,225.000,500.000,-1,-1,-1,0.000,-1,250.000,-1,250.000,-1,0,0,2,2,2,0,1,0,2,2,2,0,2,0,2,0,2
101,-3932.011,2125.306,121.039,-203.643,-0.918174,-0.395475,-0.023594,0.384190,-0.903351,0.190671,-0.096720,0.166005,0.981370,0,0.96696,-0.31569,58.018,-0.631,375.000,125.000,-1,-1,-1,100.000,250.000,575.000,-1,-1,-1,0.000,-1,200.000,-1,150.000,-1,0,0,2,2,2,0,1,0,2,2,2,0,2,0,2,0,2
102,4919.478,-3607.584,-42.082,76.479,0.236288,-0.971660,-0.006633,0.955820,0.233653,-0.178367,0.174862,0.035806,0.983942,1,0.00000,0.00000,57.463,-0.633,-1,225.000,-1,275.000,-1,200.000,225.000,450.000,425.000,850.000,100.000,100.000,900.000,350.000,400.000,-1,475.000,2,1,2,1,2,1,1,0,0,0,0,0,0,1,1,2,1
103,6231.354,-4263.553,-142.421,116.601,-0.447629,-0.894035,0.018165,0.891285,-0.447713,-0.071868,0.072385,-0.015980,0.997249,1,0.00000,0.00000,4.800,0.240,-1,400.000,-1,400.000,-1,325.000,325.000,300.000,300.000,-1,-1,-1,-1,700.000,675.000,-1,-1,2,0,2,1,2,0,0,0,0,2,2,2,2,1,1,2,2
104,6229.187,-4259.270,-142.063,116.841,-0.451389,-0.892145,0.018016,0.889398,-0.451451,-0.071854,0.072237,-0.016411,0.997252,0,0.08000,0.12000,4.800,0.240,-1,400.000,-1,400.000,-1,325.000,325.000,300.000,300.000,-1,-1,-1,-1,700.000,675.000,-1,-1,2,0,2,1,2,0,0,0,0,2,2,2,2,1,1,2,2
105,6224.781,-4250.741,-141.348,117.321,-0.458885,-0.888319,0.017715,0.885579,-0.458902,-0.071829,0.071937,-0.017273,0.997260,0,0.16000,0.24000,9.600,0.480,-1,400.000,1000.000,400.000,-1,325.000,325.000,300.000,300.000,-1,-1,-1,-1,700.000,675.000,-1,-1,2,0,1,1,2,0,0,0,0,2,2,2,2,1,1,2,2
106,6218.011,-4238.031,-140.280,118.041,-0.470068,-0.882462,0.017258,0.879732,-0.470018,-0.071804,0.071476,-0.018570,0.997269,0,0.24000,0.36000,14.400,0.720,-1,400.000,1000.000,400.000,-1,325.000,325.000,300.000,300.000,-1,-1,-1,-1,700.000,650.000,-1,-1,2,0,1,1,2,0,0,0,0,2,2,2,2,1,1,2,2
107,6208.702,-4221.239,-138.861,119.001,-0.484860,-0.874433,0.016638,0.871718,-0.484720,-0.071791,0.070841,-0.020304,0.997281,0,0.32000,0.48000,19.200,0.960,-1,400.000,975.000,400.000,-1,325.000,325.000,300.000,300.000,-1,-1,-1,875.000,700.000,650.000,-1,-1,2,0,1,1,2,0,0,0,0,2,2,2,1,1,1,2,2
108,6196.629,-4200.497,-137.099,120.201,-0.503156,-0.864050,0.015850,0.861355,-0.502903,-0.071809,0.070017,-0.022479,0.997292,0,0.40000,0.60000,24.000,1.200,-1,400.000,950.000,375.000,-1,325.000,325.000,300.000,325.000,-1,-1,-1,775.000,700.000,625.000,-1,-1,2,0,1,1,2,0,0,0,0,2,2,2,1,1,1,2,2
109,6181.521,-4175.978,-135.081,121.641,-0.524801,-0.851093,0.015015,0.848444,-0.524429,-0.071524,0.068748,-0.024796,0.997326,0,0.48000,0.72000,28.800,1.440,-1,400.000,925.000,375.000,-1,325.000,325.000,300.000,325.000,-1,-1,-1,725.000,675.000,600.000,-1,925.000,2,0,1,1,2,0,0,0,0,2,2,2,1,1,1,2,1
110,6163.063,-4147.903,-132.867,123.321,-0.549608,-0.835303,0.014171,0.832742,-0.549123,-0.070737,0.066868,-0.027077,0.997394,0,0.56000,0.84000,33.600,1.680,-1,400.000,900.000,375.000,-1,325.000,325.000,300.000,300.000,-1,-1,-1,700.000,675.000,575.000,-1,800.000,2,0,1,1,2,0,1,0,0,2,2,2,1,1,1,2,1
111,6140.905,-4116.541,-130.447,125.241,-0.577357,-0.816382,0.013428,0.813917,-0.576763,-0.069885,0.064797,-0.029420,0.997465,0,0.64000,0.96000,38.400,1.920,-1,400.000,900.000,350.000,-1,325.000,325.000,300.000,300.000,-1,-1,-1,675.000,675.000,525.000,-1,700.000,2,0,1,1,2,0,1,0,0,2,2,2,1,1,1,2,1
112,6114.785,-4082.132,-127.822,127.202,-0.605015,-0.796113,0.012685,0.793751,-0.604319,-0.068980,0.062582,-0.031666,0.997537,0,0.72000,0.98047,43.200,1.961,-1,400.000,875.000,350.000,-1,325.000,300.000,300.000,300.000,-1,-1,-1,675.000,650.000,500.000,-1,625.000,2,0,1,1,2,0,1,0,0,2,2,2,1,1,1,2,1
113,6084.480,-4044.909,-124.972,129.150,-0.631798,-0.775045,0.011734,0.772798,-0.630996,-0.068028,0.060129,-0.033912,0.997614,0,0.80000,0.97442,48.000,1.949,-1,400.000,850.000,325.000,700.000,325.000,300.000,300.000,300.000,-1,-1,-1,700.000,650.000,475.000,-1,525.000,2,0,1,1,1,0,1,0,0,2,2,2,1,1,1,2,1
114,6049.780,-4005.114,-121.741,131.085,-0.657686,-0.753220,0.010412,0.751059,-0.656737,-0.067868,0.057958,-0.036816,0.997640,0,0.88000,0.96745,52.800,1.935,-1,400.000,825.000,300.000,550.000,325.000,275.000,300.000,300.000,-1,-1,-1,750.000,625.000,425.000,-1,450.000,2,0,1,1,1,1,1,0,0,2,2,2,1,1,1,2,1
115,6010.492,-3962.992,-117.315,133.004,-0.682743,-0.730612,0.008207,0.728310,-0.681405,-0.072464,0.058535,-0.043497,0.997337,0,0.96000,0.95937,57.600,1.919,-1,400.000,800.000,300.000,475.000,325.000,275.000,300.000,325.000,-1,-1,-1,775.000,625.000,400.000,-1,400.000,2,1,1,1,1,1,1,0,0,2,2,2,1,1,1,2,1
116,5968.134,-3920.497,-112.174,134.904,-0.706853,-0.707332,0.006363,0.704725,-0.704966,-0.079909,0.061008,-0.052000,0.996782,0,1.00000,0.94994,60.000,1.900,-1,400.000,825.000,275.000,400.000,300.000,275.000,300.000,325.000,-1,-1,-1,850.000,600.000,375.000,-1,350.000,2,1,1,1,1,1,1,0,0,2,2,2,1,1,1,2,1
117,5924.405,-3879.414,-106.548,136.782,-0.729983,-0.683446,0.005061,0.680352,-0.727345,-0.089947,0.065155,-0.062216,0.995934,0,1.00000,0.93912,60.000,1.878,-1,400.000,825.000,275.000,350.000,300.000,250.000,300.000,375.000,-1,-1,-1,900.000,625.000,375.000,-1,325.000,2,1,1,1,1,1,1,0,0,2,2,2,1,1,1,2,1
118,5879.517,-3839.600,-100.539,138.420,-0.749640,-0.661833,0.004123,0.658036,-0.745978,-0.102498,0.070912,-0.074123,0.994725,0,1.00000,0.81912,60.000,1.638,-1,400.000,875.000,275.000,325.000,300.000,250.000,275.000,400.000,-1,-1,-1,950.000,625.000,375.000,-1,300.000,2,1,1,1,1,1,1,0,0,2,2,2,1,1,1,2,1
119,5833.670,-3800.894,-94.197,139.819,-0.766095,-0.642718,0.003604,0.637939,-0.761058,-0.117575,0.078310,-0.087774,0.993058,0,1.00000,0.69912,60.000,1.398,-1,400.000,-1,275.000,300.000,300.000,250.000,275.000,425.000,-1,250.000,-1,-1,625.000,375.000,-1,275.000,2,1,2,1,1,1,1,0,1,2,0,2,2,1,1,2,1
120,5787.048,-3763.125,-87.767,140.977,-0.779521,-0.626358,0.004808,0.620170,-0.772852,-0.134496,0.087959,-0.101861,0.990902,0,1.00000,0.57912,60.000,1.158,-1,400.000,-1,275.000,275.000,300.000,250.000,275.000,450.000,975.000,175.000,450.000,-1,650.000,375.000,-1,250.000,2,1,2,1,1,1,1,0,1,0,0,0,2,1,1,2,1
121,5739.824,-3726.109,-81.013,141.895,-0.790175,-0.612847,0.006526,0.604819,-0.781457,-0.153359,0.099085,-0.117234,0.988149,0,1.00000,0.45912,60.000,0.918,-1,400.000,-1,275.000,250.000,300.000,250.000,250.000,450.000,725.000,125.000,275.000,-1,700.000,400.000,-1,250.000,2,1,2,1,1,1,1,0,1,0,0,0,2,1,1,2,1
122,5692.163,-3689.657,-73.898,142.573,-0.798254,-0.602262,0.008439,0.591907,-0.786969,-0.174141,0.111520,-0.134014,0.984685,0,1.00000,0.33912,60.000,0.678,-1,400.000,-1,275.000,250.000,300.000,275.000,250.000,475.000,525.000,75.000,250.000,-1,875.000,425.000,-1,275.000,2,1,2,1,1,1,1,0,1,0,0,0,2,1,1,2,1
123,5644.227,-3653.568,-68.100,143.012,-0.803504,-0.595213,0.010164,0.582973,-0.790209,-0.188978,0.120514,-0.145919,0.981929,0,1.00000,0.21912,60.000,0.438,-1,400.000,-1,275.000,250.000,300.000,275.000,250.000,450.000,450.000,75.000,225.000,-1,-1,425.000,-1,275.000,2,1,2,1,1,1,1,0,1,0,0,0,2,2,1,2,1
124,5596.166,-3617.645,-62.571,143.210,-0.806241,-0.591476,0.011505,0.577348,-0.790927,-0.202742,0.129016,-0.156817,0.979165,0,1.00000,0.09912,60.000,0.198,-1,375.000,-1,275.000,250.000,300.000,250.000,250.000,425.000,375.000,50.000,200.000,-1,-1,425.000,-1,275.000,2,1,2,1,1,1,1,0,1,0,0,0,2,2,1,2,1
125,327.966,4263.558,-29.693,173.445,-0.993459,-0.114144,-0.003195,0.114081,-0.993346,0.015804,-0.004978,0.015336,0.999870,1,0.00000,0.00000,60.000,-0.042,975.000,375.000,-1,375.000,-1,300.000,300.000,325.000,325.000,800.000,375.000,400.000,-1,600.000,625.000,950.000,-1,0,0,2,0,2,0,0,0,0,1,1,1,2,0,0,0,2
126,323.195,4264.086,-29.714,173.685,-0.993929,-0.109982,-0.002848,0.109925,-0.993815,0.015754,-0.004563,0.015345,0.999872,0,0.08000,0.12000,4.800,0.240,975.000,375.000,-1,375.000,-1,300.000,300.000,325.000,325.000,800.000,375.000,400.000,-1,600.000,625.000,950.000,-1,0,0,2,0,2,0,0,0,0,1,1,1,2,0,0,0,2
127,313.645,4265.062,-29.755,174.165,-0.994818,-0.101653,-0.002149,0.101607,-0.994701,0.015666,-0.003730,0.015366,0.999875,0,0.16000,0.24000,9.600,0.480,975.000,375.000,-1,375.000,-1,300.000,300.000,325.000,325.000,800.000,375.000,400.000,-1,600.000,625.000,950.000,-1,0,0,2,0,2,0,0,0,0,1,1,1,2,0,0,0,2
128,299.302,4266.346,-29.816,174.885,-0.996018,-0.089145,-0.001097,0.089118,-0.995900,0.015560,-0.002479,0.015401,0.999878,0,0.24000,0.36000,14.400,0.720,975.000,375.000,-1,375.000,-1,300.000,300.000,325.000,325.000,800.000,400.000,425.000,-1,600.000,625.000,950.000,-1,0,0,2,0,2,0,0,0,0,1,1,1,2,0,0,0,2
129,280.158,4267.813,-29.900,175.618,-0.997078,-0.076390,0.000320,0.076386,-0.996959,0.015456,-0.000862,0.015435,0.999880,0,0.32000,0.36671,19.200,0.733,1000.000,375.000,-1,375.000,-1,300.000,300.000,325.000,325.000,800.000,400.000,425.000,-1,600.000,625.000,950.000,-1,0,0,2,0,2,0,0,0,0,1,1,1,2,0,0,0,2
130,256.207,4269.346,-30.004,176.337,-0.997955,-0.063886,0.002102,0.063911,-0.997837,0.015369,0.001116,0.015472,0.999880,0,0.40000,0.35914,24.000,0.718,-1,375.000,-1,375.000,-1,300.000,300.000,300.000,325.000,825.000,400.000,425.000,-1,600.000,625.000,950.000,-1,2,0,2,0,2,0,0,0,0,1,0,0,2,0,0,0,2
131,227.446,4270.835,-30.128,177.036,-0.998654,-0.051701,0.004251,0.051761,-0.998542,0.015315,0.003453,0.015514,0.999874,0,0.48000,0.34970,28.800,0.699,-1,375.000,-1,375.000,-1,300.000,300.000,300.000,325.000,850.000,375.000,400.000,-1,600.000,625.000,975.000,-1,2,0,2,0,2,0,0,0,0,1,0,0,2,0,0,0,2
132,193.873,4272.176,-30.269,177.713,-0.999181,-0.039903,0.006767,0.040002,-0.999082,0.015307,0.006150,0.015565,0.999860,0,0.56000,0.33841,33.600,0.677,-1,375.000,-1,375.000,-1,300.000,300.000,300.000,300.000,875.000,350.000,350.000,-1,600.000,625.000,975.000,-1,2,0,2,0,2,0,0,0,0,1,0,0,2,0,0,0,2
133,155.488,4273.272,-30.427,178.363,-0.999546,-0.028557,0.009648,0.028703,-0.999470,0.015357,0.009205,0.015627,0.999836,0,0.64000,0.32525,38.400,0.650,-1,350.000,-1,375.000,-1,300.000,300.000,300.000,300.000,900.000,325.000,325.000,-1,600.000,625.000,975.000,-1,2,0,2,0,2,0,0,0,0,1,0,0,2,0,0,0,2
134,112.295,4274.038,-30.599,178.984,-0.999760,-0.017732,0.012895,0.017931,-0.999719,0.015475,0.012617,0.015703,0.999797,0,0.72000,0.31023,43.200,0.620,-1,350.000,-1,350.000,-1,300.000,300.000,300.000,300.000,950.000,300.000,300.000,-1,600.000,625.000,1000.000,-1,2,0,2,0,2,0,0,0,0,1,0,0,2,0,0,0,2
135,66.276,4274.383,-30.777,179.571,-0.999838,-0.007495,0.016356,0.007751,-0.999847,0.015668,0.016236,0.015792,0.999743,0,0.76700,0.29334,46.020,0.587,-1,350.000,-1,350.000,-1,300.000,300.000,300.000,300.000,1000.000,275.000,275.000,-1,600.000,625.000,1000.000,-1,2,0,2,0,2,0,0,0,0,1,0,0,2,0,0,0,2
136,19.545,4274.284,-30.951,180.121,-0.999800,0.002115,0.019871,-0.001799,-0.999871,0.015931,0.019902,0.015892,0.999676,0,0.77885,0.27535,46.731,0.551,-1,350.000,-1,350.000,-1,300.000,300.000,300.000,300.000,-1,250.000,250.000,-1,600.000,625.000,-1,-1,2,0,2,0,2,0,0,0,0,2,0,0,2,0,0,2,2
137,-27.903,4273.758,-29.653,180.635,-0.999683,0.011087,0.022585,-0.010730,-0.999817,0.015862,0.022757,0.015615,0.999619,0,0.79086,0.25707,47.452,0.514,-1,350.000,-1,350.000,-1,300.000,300.000,300.000,300.000,-1,275.000,275.000,-1,600.000,625.000,-1,-1,2,0,2,0,2,0,0,0,0,2,0,0,2,0,0,2,2
138,-76.078,4272.822,-27.494,181.112,-0.999469,0.019410,0.026161,-0.018993,-0.999690,0.016108,0.026466,0.015603,0.999528,0,0.80306,0.23850,48.183,0.477,-1,350.000,-1,350.000,-1,300.000,300.000,300.000,300.000,-1,300.000,300.000,-1,625.000,625.000,-1,-1,2,0,2,0,2,0,0,0,0,2,0,0,2,0,0,2,2
