timestep,x_cm,y_cm,z_cm,yaw_deg,basis_xx,basis_xy,basis_xz,basis_yx,basis_yy,basis_yz,basis_zx,basis_zy,basis_zz,teleport_flag,throttle_cmd,steering_cmd,cmd_move_cm,cmd_turn_deg,lidar_cm_0,lidar_cm_1,lidar_cm_2,lidar_cm_3,lidar_cm_4,lidar_cm_5,lidar_cm_6,lidar_cm_7,lidar_cm_8,lidar_cm_9,lidar_cm_10,lidar_cm_11,lidar_cm_12,lidar_cm_13,lidar_cm_14,lidar_cm_15,lidar_cm_16,lidar_class_0,lidar_class_1,lidar_class_2,lidar_class_3,lidar_class_4,lidar_class_5,lidar_class_6,lidar_class_7,lidar_class_8,lidar_class_9,lidar_class_10,lidar_class_11,lidar_class_12,lidar_class_13,lidar_class_14,lidar_class_15,lidar_class_16
0,3608.524,-332.682,-222.583,-79.486,0.181284,0.981801,-0.056595,-0.983191,0.182211,0.011631,0.021731,0.053536,0.998329,1,0.08000,-0.12000,4.800,-0.240,900.000,400.000,-1,375.000,-1,325.000,300.000,300.000,325.000,-1,375.000,400.000,-1,850.000,675.000,-1,-1,1,0,2,0,2,0,0,0,0,2,1,1,2,0,0,2,2
1,3610.196,-342.136,-222.391,-79.966,0.173062,0.983295,-0.056403,-0.984679,0.173980,0.011755,0.021372,0.053504,0.998339,0,0.16000,-0.24000,9.600,-0.480,900.000,400.000,-1,375.000,-1,325.000,300.000,300.000,325.000,-1,375.000,400.000,-1,850.000,675.000,-1,-1,1,0,2,0,2,0,0,0,0,2,1,1,2,0,0,2,2
2,3612.527,-356.346,-222.113,-80.686,0.160706,0.985406,-0.056119,-0.986782,0.161610,0.011940,0.020835,0.053458,0.998353,0,0.24000,-0.36000,14.400,-0.720,875.000,400.000,-1,375.000,-1,325.000,300.000,300.000,325.000,-1,400.000,425.000,-1,850.000,675.000,-1,-1,1,0,2,0,2,0,0,0,0,2,1,1,2,0,0,2,2
3,3615.316,-375.343,-221.760,-81.646,0.144191,0.987978,-0.055749,-0.989345,0.145078,0.012185,0.020126,0.053399,0.998370,0,0.32000,-0.48000,19.200,-0.960,875.000,400.000,-1,375.000,-1,325.000,300.000,300.000,325.000,-1,400.000,425.000,-1,850.000,675.000,-1,-1,1,0,2,0,2,0,0,0,0,2,1,1,2,0,0,2,2
4,3618.305,-399.156,-221.345,-82.846,0.123490,0.990804,-0.055305,-0.992159,0.124356,0.012490,0.019253,0.053329,0.998391,0,0.40000,-0.60000,24.000,-1.200,875.000,400.000,-1,375.000,-1,325.000,300.000,325.000,325.000,-1,425.000,450.000,-1,825.000,675.000,-1,-1,1,0,2,0,2,0,0,0,0,2,1,1,2,0,0,2,2
5,3621.172,-427.814,-220.884,-84.286,0.098576,0.993620,-0.054801,-0.994963,0.099418,0.012860,0.018226,0.053257,0.998414,0,0.48000,-0.72000,28.800,-1.440,850.000,400.000,-1,375.000,-1,325.000,300.000,325.000,325.000,-1,450.000,475.000,-1,825.000,700.000,-1,-1,1,0,2,0,2,0,0,0,0,2,1,1,2,0,0,2,2
6,3623.535,-461.331,-220.397,-85.966,0.069428,0.996110,-0.054260,-0.997441,0.070245,0.013303,0.017063,0.053198,0.998438,0,0.56000,-0.84000,33.600,-1.680,875.000,400.000,-1,375.000,-1,300.000,300.000,325.000,325.000,-1,500.000,500.000,-1,825.000,700.000,-1,-1,1,0,2,0,2,0,0,0,0,2,1,1,2,0,0,2,2
7,3625.036,-499.702,-219.899,-87.760,0.038229,0.997825,-0.053699,-0.999142,0.039025,0.013850,0.015916,0.053123,0.998461,0,0.64000,-0.89706,38.400,-1.794,875.000,400.000,-1,375.000,-1,300.000,300.000,325.000,325.000,-1,525.000,550.000,-1,800.000,700.000,-1,-1,1,0,2,0,2,0,0,0,0,2,1,1,2,0,0,2,2
8,3625.366,-542.902,-219.405,-89.561,0.006865,0.998564,-0.053132,-0.999865,0.007647,0.014531,0.014916,0.053026,0.998482,0,0.72000,-0.90047,43.200,-1.801,900.000,400.000,-1,375.000,-1,300.000,300.000,325.000,325.000,-1,575.000,575.000,-1,800.000,700.000,-1,-1,1,0,2,0,2,0,0,0,0,2,1,1,2,0,0,2,2
9,3624.058,-590.884,-218.931,-91.561,-0.027981,0.998223,-0.052616,-0.999512,-0.027207,0.015358,0.013900,0.053020,0.998497,0,0.80000,-1.00000,48.000,-2.000,975.000,375.000,-1,375.000,-1,300.000,300.000,325.000,325.000,-1,625.000,625.000,-1,775.000,700.000,-1,-1,1,0,2,0,2,0,0,0,0,2,1,1,2,0,0,2,2
10,3620.975,-640.422,-218.505,-93.561,-0.062801,0.996657,-0.052250,-0.997941,-0.062028,0.016289,0.012994,0.053166,0.998501,0,0.82722,-1.00000,49.633,-2.000,-1,375.000,-1,375.000,-1,300.000,300.000,325.000,325.000,-1,675.000,675.000,-1,775.000,700.000,-1,-1,2,0,2,0,2,0,0,0,0,2,1,1,2,0,0,2,2
11,3616.144,-690.040,-217.879,-95.561,-0.097550,0.993861,-0.052202,-0.995157,-0.096770,0.017257,0.012100,0.053632,0.998487,0,0.83087,-1.00000,49.852,-2.000,-1,375.000,-1,375.000,-1,300.000,300.000,325.000,325.000,-1,650.000,700.000,-1,775.000,700.000,-1,-1,2,0,2,0,2,0,0,0,0,2,0,1,2,0,0,2,2
12,3609.236,-743.227,-217.076,-97.401,-0.129407,0.990254,-0.051484,-0.991526,-0.128626,0.018215,0.011415,0.053405,0.998508,0,0.89388,-0.91978,53.633,-1.840,-1,375.000,-1,375.000,-1,300.000,300.000,325.000,325.000,-1,650.000,675.000,-1,750.000,700.000,-1,-1,2,0,2,0,2,0,0,0,0,2,0,0,2,0,0,2,2
13,3600.646,-796.078,-216.339,-99.231,-0.160981,0.985644,-0.050897,-0.986898,-0.160189,0.019299,0.010869,0.053337,0.998517,0,0.89240,-0.91514,53.544,-1.830,-1,375.000,-1,375.000,-1,300.000,300.000,350.000,325.000,-1,625.000,650.000,-1,750.000,725.000,-1,-1,2,0,2,0,2,0,0,0,0,2,0,0,2,0,0,2,2
14,3590.403,-848.519,-215.658,-101.052,-0.192240,0.980050,-0.050453,-0.981292,-0.191427,0.020522,0.010455,0.053454,0.998516,0,0.89052,-0.91048,53.431,-1.821,-1,375.000,-1,375.000,-1,300.000,300.000,350.000,325.000,-1,625.000,625.000,-1,750.000,725.000,-1,-1,2,0,2,0,2,0,0,0,0,2,0,0,2,0,0,2,2
15,3578.537,-900.477,-215.026,-102.864,-0.223164,0.973490,-0.050159,-0.974728,-0.222319,0.021897,0.010166,0.053778,0.998501,0,0.88825,-0.90608,53.295,-1.812,-1,375.000,-1,375.000,-1,300.000,300.000,350.000,325.000,-1,600.000,600.000,-1,725.000,725.000,-1,-1,2,0,2,0,2,0,0,0,0,2,0,0,2,0,0,2,2
16,3565.077,-951.883,-214.436,-104.674,-0.253826,0.965955,-0.050025,-0.967198,-0.252938,0.023440,0.009989,0.054334,0.998473,0,0.88565,-0.90470,53.139,-1.809,-1,375.000,-1,375.000,-1,300.000,300.000,350.000,325.000,-1,600.000,575.000,-1,725.000,750.000,-1,-1,2,0,2,0,2,0,0,0,0,2,0,0,2,0,0,2,2
17,3550.051,-1002.675,-213.880,-106.481,-0.284206,0.957456,-0.050057,-0.958712,-0.283263,0.025166,0.009916,0.055142,0.998429,0,0.88277,-0.90362,52.966,-1.807,-1,375.000,-1,400.000,-1,300.000,325.000,350.000,325.000,-1,600.000,550.000,-1,750.000,750.000,-1,-1,2,0,2,0,2,0,0,0,0,2,0,0,2,0,0,2,2
18,3533.491,-1052.790,-213.351,-108.287,-0.314285,0.947997,-0.050256,-0.949276,-0.313273,0.027093,0.009940,0.056222,0.998369,0,0.87967,-0.90285,52.780,-1.806,-1,375.000,-1,400.000,-1,300.000,325.000,350.000,325.000,-1,575.000,550.000,-1,750.000,750.000,-1,-1,2,0,2,0,2,0,0,0,0,2,0,0,2,0,0,2,2
19,3515.427,-1102.177,-212.844,-110.091,-0.344044,0.937588,-0.050626,-0.938900,-0.342947,0.029238,0.010051,0.057592,0.998290,0,0.87642,-0.90238,52.585,-1.805,-1,375.000,-1,400.000,-1,325.000,325.000,350.000,325.000,-1,575.000,525.000,-1,775.000,750.000,-1,-1,2,0,2,0,2,0,0,0,0,2,0,0,2,0,0,2,2
20,3495.893,-1150.784,-212.352,-111.896,-0.373464,0.926233,-0.051162,-0.927588,-0.372264,0.031619,0.010241,0.059266,0.998190,0,0.87309,-0.90223,52.386,-1.804,-1,400.000,-1,400.000,-1,325.000,325.000,350.000,325.000,-1,575.000,475.000,-1,775.000,775.000,-1,-1,2,0,2,0,2,0,0,0,0,2,0,0,2,0,0,2,2
21,3474.917,-1198.570,-212.082,-113.701,-0.402462,0.913988,-0.051484,-0.915388,-0.401223,0.032947,0.009457,0.060388,0.998130,0,0.86977,-0.90239,52.186,-1.805,-1,400.000,-1,400.000,-1,325.000,325.000,350.000,325.000,-1,600.000,450.000,-1,800.000,775.000,-1,-1,2,0,2,0,2,0,0,0,0,2,0,0,2,0,0,2,2
22,3452.528,-1245.494,-212.130,-115.506,-0.431003,0.900882,-0.051454,-0.902320,-0.429819,0.032775,0.007410,0.060554,0.998137,0,0.86651,-0.90285,51.991,-1.806,-1,400.000,-1,400.000,-1,325.000,325.000,350.000,325.000,-1,650.000,500.000,-1,800.000,775.000,-1,-1,2,0,2,0,2,0,0,0,0,2,0,0,2,0,0,2,2
23,3428.757,-1291.524,-212.300,-117.313,-0.459126,0.886878,-0.051481,-0.888356,-0.458016,0.032313,0.005078,0.060569,0.998151,0,0.86341,-0.90361,51.805,-1.807,-1,400.000,-1,400.000,-1,325.000,325.000,350.000,325.000,-1,725.000,600.000,-1,800.000,750.000,-1,-1,2,0,2,0,2,0,0,0,0,2,0,0,2,0,0,2,2
24,3403.628,-1336.628,-212.502,-119.123,-0.486827,0.871963,-0.051773,-0.873494,-0.485783,0.031975,0.002731,0.060789,0.998147,0,0.86051,-0.90467,51.631,-1.809,-1,400.000,-1,400.000,-1,325.000,325.000,350.000,325.000,-1,825.000,700.000,-1,800.000,750.000,-1,-1,2,0,2,0,2,0,0,0,0,2,0,0,2,0,0,2,2
25,3377.168,-1380.780,-212.734,-120.935,-0.514081,0.856144,-0.052326,-0.857741,-0.513098,0.031784,0.000363,0.061222,0.998124,0,0.85789,-0.90600,51.473,-1.812,-1,400.000,-1,400.000,-1,325.000,325.000,350.000,325.000,-1,925.000,800.000,-1,775.000,750.000,-1,-1,2,0,2,0,2,0,0,0,0,2,0,0,2,0,0,2,2
26,3349.396,-1423.955,-212.911,-122.750,-0.540856,0.839443,-0.053017,-0.841112,-0.539948,0.031400,-0.002268,0.061576,0.998100,0,0.85558,-0.90760,51.335,-1.815,-1,400.000,-1,400.000,-1,325.000,325.000,325.000,325.000,-1,-1,925.000,-1,775.000,750.000,-1,-1,2,0,2,0,2,0,0,0,0,2,2,0,2,0,0,2,2
27,3320.335,-1466.130,-213.081,-124.569,-0.567140,0.821858,-0.053874,-0.823607,-0.566304,0.031156,-0.004903,0.062041,0.998062,0,0.85362,-0.90946,51.217,-1.819,-1,400.000,-1,400.000,-1,325.000,325.000,325.000,325.000,-1,-1,-1,-1,775.000,725.000,-1,-1,2,0,2,0,2,0,0,0,0,2,2,2,2,0,0,2,2
28,3290.004,-1507.283,-213.255,-126.392,-0.592909,0.803393,-0.054938,-0.805234,-0.592141,0.031097,-0.007548,0.062676,0.998005,0,0.85204,-0.91157,51.123,-1.823,-1,400.000,-1,375.000,-1,325.000,325.000,325.000,325.000,900.000,-1,-1,-1,775.000,725.000,-1,-1,2,0,2,0,2,0,0,0,0,1,2,2,2,0,0,2,2
29,3258.419,-1547.392,-213.462,-128.220,-0.618132,0.784052,-0.056352,-0.786006,-0.617429,0.031237,-0.010302,0.063601,0.997922,0,0.85087,-0.91391,51.052,-1.828,-1,375.000,-1,375.000,-1,325.000,325.000,325.000,325.000,875.000,-1,-1,-1,775.000,725.000,-1,-1,2,0,2,0,2,0,0,0,0,1,2,2,2,0,0,2,2
30,3225.596,-1586.436,-213.701,-130.053,-0.642783,0.763842,-0.058101,-0.765935,-0.642140,0.031604,-0.013168,0.064816,0.997810,0,0.85010,-0.91647,51.006,-1.833,-1,375.000,-1,375.000,-1,325.000,325.000,325.000,325.000,875.000,-1,-1,-1,750.000,725.000,-1,-1,2,0,2,0,2,0,0,0,0,1,2,2,2,0,0,2,2
31,3191.553,-1624.390,-213.974,-131.891,-0.666842,0.742782,-0.059964,-0.745026,-0.666256,0.032216,-0.016022,0.066158,0.997681,0,0.84975,-0.91923,50.985,-1.838,-1,375.000,-1,375.000,-1,325.000,300.000,325.000,300.000,900.000,-1,-1,-1,750.000,700.000,-1,-1,2,0,2,0,2,0,0,0,0,1,2,2,2,0,0,2,2
32,3155.906,-1661.966,-214.801,-133.490,-0.687319,0.723934,-0.059264,-0.726159,-0.686742,0.032846,-0.016921,0.065611,0.997702,0,0.86322,-0.79923,51.793,-1.598,-1,375.000,-1,375.000,-1,325.000,300.000,325.000,300.000,900.000,-1,-1,-1,750.000,700.000,-1,-1,2,0,2,0,2,0,0,0,0,1,2,2,2,0,0,2,2
33,3119.330,-1698.685,-215.706,-134.887,-0.704808,0.706997,-0.058319,-0.709185,-0.704225,0.033511,-0.017378,0.064977,0.997735,0,0.86378,-0.69886,51.827,-1.398,-1,375.000,-1,375.000,-1,325.000,300.000,325.000,300.000,925.000,-1,-1,-1,750.000,700.000,-1,-1,2,0,2,0,2,0,0,0,0,1,2,2,2,0,0,2,2
34,3081.823,-1734.538,-216.684,-136.292,-0.721971,0.689560,-0.057143,-0.691698,-0.721377,0.034196,-0.017641,0.064214,0.997780,0,0.86477,-0.70218,51.886,-1.404,-1,375.000,-1,375.000,-1,325.000,300.000,325.000,300.000,975.000,-1,-1,-1,750.000,675.000,-1,-1,2,0,2,0,2,0,0,0,0,1,2,2,2,0,0,2,2
35,3043.386,-1769.508,-217.677,-137.703,-0.738781,0.671612,-0.056033,-0.673707,-0.738172,0.034929,-0.017903,0.063555,0.997818,0,0.86606,-0.70565,51.964,-1.411,-1,375.000,-1,375.000,-1,325.000,325.000,325.000,300.000,-1,-1,-1,-1,750.000,675.000,-1,-1,2,0,2,0,2,0,0,0,0,2,2,2,2,0,0,2,2
36,3004.023,-1803.579,-218.693,-139.122,-0.755223,0.653157,-0.054985,-0.655215,-0.754600,0.035667,-0.018196,0.062964,0.997850,0,0.86766,-0.70924,52.060,-1.418,-1,375.000,-1,375.000,-1,325.000,325.000,325.000,300.000,-1,-1,-1,-1,750.000,675.000,-1,-1,2,0,2,0,2,0,0,0,0,2,2,2,2,0,0,2,2
37,2963.738,-1836.731,-219.748,-140.548,-0.771281,0.634200,-0.054001,-0.636224,-0.770648,0.036339,-0.018569,0.062384,0.997879,0,0.86953,-0.71297,52.172,-1.426,-1,375.000,-1,375.000,-1,325.000,325.000,325.000,300.000,-1,-1,-1,-1,750.000,650.000,-1,-1,2,0,2,0,2,0,0,0,0,2,2,2,2,0,0,2,2
38,2922.534,-1868.944,-220.827,-141.981,-0.786941,0.614741,-0.053085,-0.616737,-0.786298,0.037025,-0.018980,0.061876,0.997903,0,0.87167,-0.71680,52.300,-1.434,-1,400.000,-1,375.000,-1,325.000,325.000,325.000,300.000,-1,-1,-1,-1,725.000,650.000,-1,-1,2,0,2,0,2,0,0,0,0,2,2,2,2,0,0,2,2
39,2879.797,-1900.577,-222.024,-143.491,-0.802888,0.593836,-0.052241,-0.595803,-0.802262,0.037353,-0.019729,0.061116,0.997936,0,0.88618,-0.75497,53.171,-1.510,-1,375.000,-1,375.000,-1,325.000,325.000,325.000,300.000,-1,-1,-1,-1,725.000,650.000,-1,-1,2,0,2,0,2,0,0,0,0,2,2,2,2,0,0,2,2
40,2836.240,-1931.074,-223.296,-145.001,-0.818275,0.572515,-0.051508,-0.574455,-0.817679,0.037449,-0.020677,0.060233,0.997970,0,0.88619,-0.75518,53.171,-1.510,-1,375.000,-1,375.000,-1,325.000,325.000,325.000,325.000,-1,-1,-1,-1,725.000,625.000,-1,-1,2,0,2,0,2,0,0,0,0,2,2,2,2,0,0,2,2
41,2791.894,-1960.411,-224.539,-146.512,-0.833094,0.550786,-0.050888,-0.552706,-0.832531,0.037521,-0.021700,0.059385,0.997999,0,0.88619,-0.75538,53.171,-1.511,-1,375.000,-1,375.000,1000.000,300.000,300.000,325.000,325.000,-1,-1,-1,-1,700.000,625.000,-1,-1,2,0,2,0,0,0,0,0,0,2,2,2,2,0,0,2,2
42,2746.790,-1988.569,-225.789,-148.023,-0.847338,0.528660,-0.050365,-0.530568,-0.846802,0.037733,-0.022702,0.058695,0.998018,0,0.88619,-0.75559,53.171,-1.511,-1,375.000,-1,350.000,950.000,300.000,300.000,325.000,325.000,-1,-1,725.000,-1,675.000,625.000,-1,975.000,2,0,2,0,0,0,0,0,0,2,2,0,2,0,0,2,0
43,2700.958,-2015.528,-227.059,-149.535,-0.860998,0.506153,-0.049922,-0.508059,-0.860478,0.038132,-0.023656,0.058195,0.998025,0,0.88619,-0.75579,53.171,-1.512,-1,375.000,-1,350.000,925.000,300.000,300.000,325.000,325.000,-1,-1,750.000,-1,675.000,600.000,-1,925.000,2,0,2,0,0,0,0,0,0,2,2,0,2,0,0,2,0
44,2654.431,-2041.266,-227.759,-151.047,-0.874178,0.483342,-0.046837,-0.485075,-0.873660,0.037700,-0.022697,0.055676,0.998191,0,0.88619,-0.75600,53.172,-1.512,-1,375.000,-1,350.000,925.000,300.000,300.000,325.000,325.000,-1,700.000,700.000,-1,675.000,600.000,-1,925.000,2,0,2,0,0,0,0,0,0,2,0,0,2,0,0,2,0
45,2606.854,-2065.972,-228.469,-152.557,-0.886727,0.460213,-0.043809,-0.461785,-0.886210,0.037232,-0.021689,0.053245,0.998346,0,0.89349,-0.75499,53.609,-1.510,-1,375.000,-1,350.000,925.000,300.000,300.000,325.000,325.000,-1,675.000,650.000,-1,650.000,625.000,-1,925.000,2,0,2,0,0,0,0,0,0,2,0,0,2,0,0,2,0
46,2558.588,-2089.437,-229.200,-154.071,-0.898681,0.436690,-0.040910,-0.438114,-0.898168,0.036751,-0.020695,0.050951,0.998487,0,0.89445,-0.75700,53.667,-1.514,-1,375.000,-1,350.000,950.000,300.000,300.000,325.000,325.000,-1,650.000,625.000,-1,650.000,625.000,-1,925.000,2,0,2,0,0,0,0,0,0,2,0,0,2,0,0,2,0
47,2509.665,-2111.640,-229.974,-155.589,-0.910032,0.412790,-0.038036,-0.414072,-0.909524,0.036204,-0.019650,0.048696,0.998620,0,0.89541,-0.75901,53.725,-1.518,-1,375.000,-1,350.000,950.000,300.000,300.000,325.000,325.000,-1,600.000,600.000,-1,650.000,600.000,-1,950.000,2,0,2,0,0,0,0,0,0,2,0,0,2,0,0,2,0
48,2460.117,-2132.558,-230.525,-157.111,-0.920787,0.388506,-0.034841,-0.389663,-0.920217,0.036927,-0.017715,0.047578,0.998710,0,0.89639,-0.76104,53.783,-1.522,-1,375.000,-1,350.000,975.000,300.000,300.000,325.000,325.000,-1,550.000,550.000,-1,650.000,600.000,-1,950.000,2,0,2,0,0,0,0,0,0,2,0,0,2,0,0,2,0
49,2409.974,-2152.172,-230.859,-158.637,-0.930929,0.363861,-0.031263,-0.364895,-0.930238,0.038839,-0.014950,0.047564,0.998756,0,0.89737,-0.76307,53.842,-1.526,-1,375.000,-1,350.000,1000.000,300.000,300.000,325.000,325.000,-1,500.000,500.000,-1,675.000,625.000,-1,975.000,2,0,2,0,0,0,0,0,0,2,0,0,2,0,0,2,0
50,2359.269,-2170.460,-231.339,-160.167,-0.940430,0.338896,-0.027223,-0.339779,-0.939640,0.040337,-0.011910,0.047184,0.998815,0,0.89836,-0.76511,53.901,-1.530,-1,375.000,-1,350.000,-1,300.000,300.000,325.000,325.000,-1,425.000,425.000,-1,675.000,625.000,-1,1000.000,2,0,2,0,2,0,0,0,0,2,0,0,2,0,0,2,0
51,2308.037,-2187.401,-231.890,-161.702,-0.949268,0.313621,-0.023069,-0.314345,-0.948397,0.041594,-0.008834,0.046736,0.998868,0,0.89934,-0.76716,53.961,-1.534,-1,375.000,-1,375.000,-1,300.000,300.000,325.000,325.000,-1,350.000,375.000,-1,675.000,625.000,-1,-1,2,0,2,0,2,0,0,0,0,2,0,0,2,0,0,2,2
52,2256.312,-2202.979,-232.470,-163.240,-0.957427,0.288051,-0.018990,-0.288617,-0.956491,0.042726,-0.005857,0.046388,0.998906,0,0.90033,-0.76922,54.020,-1.538,-1,375.000,-1,375.000,-1,300.000,300.000,325.000,325.000,-1,325.000,325.000,-1,675.000,625.000,-1,1000.000,2,0,2,0,2,0,0,0,0,2,0,0,2,0,0,2,1
53,2204.129,-2217.174,-233.082,-164.783,-0.964897,0.262201,-0.014982,-0.262612,-0.963910,0.043735,-0.002974,0.046134,0.998931,0,0.90131,-0.77129,54.078,-1.543,-1,375.000,-1,375.000,1000.000,300.000,300.000,325.000,325.000,-1,275.000,300.000,-1,675.000,625.000,-1,975.000,2,0,2,0,1,0,0,0,0,2,0,0,2,0,0,2,1
54,2151.526,-2229.968,-233.728,-166.329,-0.971669,0.236089,-0.011039,-0.236346,-0.970644,0.044621,-0.000180,0.045966,0.998943,0,0.90228,-0.77338,54.137,-1.547,-1,375.000,-1,375.000,975.000,300.000,300.000,325.000,300.000,-1,250.000,275.000,-1,675.000,625.000,-1,950.000,2,0,2,0,1,0,0,0,0,2,0,0,2,0,0,2,1
55,2098.539,-2241.347,-234.409,-167.880,-0.977733,0.209731,-0.007153,-0.209838,-0.976682,0.045384,0.002532,0.045874,0.998944,0,0.90324,-0.77548,54.195,-1.551,-1,375.000,-1,350.000,950.000,300.000,300.000,325.000,300.000,-1,225.000,250.000,-1,675.000,625.000,-1,900.000,2,0,2,0,1,0,0,0,0,2,0,0,2,0,0,2,1
56,2047.389,-2251.113,-235.098,-169.191,-0.982291,0.187331,-0.003487,-0.187291,-0.981224,0.046064,0.005208,0.045902,0.998932,0,0.86788,-0.65548,52.073,-1.311,-1,375.000,-1,350.000,925.000,300.000,300.000,325.000,300.000,-1,200.000,225.000,-1,675.000,625.000,-1,875.000,2,0,2,0,1,0,0,0,0,2,0,0,2,0,0,2,1
57,1996.020,-2259.927,-235.398,-170.262,-0.985621,0.168969,-0.000524,-0.168821,-0.984615,0.045080,0.007101,0.044520,0.998983,0,0.86866,-0.53548,52.120,-1.071,-1,375.000,-1,350.000,900.000,300.000,300.000,325.000,300.000,-1,200.000,225.000,-1,675.000,625.000,-1,850.000,2,0,2,0,1,0,0,0,0,2,0,0,2,0,0,2,1
58,1944.494,-2268.001,-235.018,-171.093,-0.987957,0.154698,0.003068,-0.154438,-0.987125,0.041631,0.009469,0.040656,0.999128,0,0.86924,-0.41548,52.154,-0.831,-1,375.000,-1,350.000,875.000,300.000,300.000,300.000,300.000,-1,225.000,250.000,-1,675.000,650.000,-1,825.000,2,0,2,0,1,0,0,0,0,2,0,0,2,0,1,2,1
59,1892.853,-2275.451,-233.981,-171.790,-0.989752,0.142690,0.005531,-0.142350,-0.988978,0.040738,0.011283,0.039533,0.999155,0,0.86959,-0.34835,52.175,-0.697,-1,375.000,-1,350.000,825.000,300.000,300.000,300.000,325.000,-1,250.000,275.000,-1,675.000,625.000,-1,775.000,2,0,2,0,1,0,0,0,0,2,0,0,2,0,1,2,1
60,1839.630,-2282.548,-232.674,-172.405,-0.991205,0.132072,0.008363,-0.131627,-0.990455,0.040898,0.013685,0.039437,0.999128,0,0.89491,-0.30734,53.694,-0.615,-1,375.000,-1,375.000,800.000,300.000,300.000,300.000,325.000,-1,300.000,325.000,-1,675.000,600.000,-1,750.000,2,0,2,0,1,0,0,0,0,2,0,0,2,1,1,2,1
61,1786.103,-2289.102,-231.386,-173.020,-0.992536,0.121433,0.011211,-0.120882,-0.991819,0.041011,0.016099,0.039349,0.999096,0,0.89877,-0.30752,53.926,-0.615,-1,375.000,-1,375.000,775.000,300.000,300.000,325.000,325.000,-1,325.000,350.000,-1,650.000,575.000,-1,725.000,2,0,2,0,1,0,0,0,0,2,0,0,2,1,1,2,1
62,1732.278,-2295.106,-230.119,-173.635,-0.993746,0.110776,0.014073,-0.110119,-0.993069,0.041077,0.018526,0.039270,0.999057,0,0.90265,-0.30765,54.159,-0.615,-1,375.000,-1,375.000,725.000,300.000,300.000,325.000,325.000,-1,350.000,375.000,-1,650.000,575.000,-1,675.000,2,0,2,0,1,0,0,0,0,2,0,0,2,1,1,2,1
63,1678.159,-2300.555,-228.871,-174.250,-0.994833,0.100103,0.016951,-0.099340,-0.994205,0.041095,0.020967,0.039199,0.999011,0,0.90655,-0.30772,54.393,-0.615,-1,375.000,-1,375.000,700.000,300.000,300.000,325.000,325.000,-1,375.000,400.000,-1,625.000,550.000,-1,650.000,2,0,2,0,1,0,0,0,0,2,0,0,2,1,1,2,1
64,1623.749,-2305.444,-227.643,-174.866,-0.995797,0.089418,0.019844,-0.088548,-0.995225,0.041066,0.023421,0.039137,0.998959,0,0.91048,-0.30774,54.629,-0.615,-1,375.000,-1,375.000,650.000,300.000,300.000,325.000,325.000,-1,400.000,425.000,-1,600.000,525.000,-1,600.000,2,0,2,1,1,0,0,0,0,2,0,0,2,1,1,2,1
65,1569.053,-2309.767,-226.435,-175.481,-0.996637,0.078723,0.022752,-0.077748,-0.996130,0.040989,0.025891,0.039082,0.998901,0,0.91443,-0.30770,54.866,-0.615,-1,375.000,-1,350.000,600.000,300.000,300.000,325.000,325.000,-1,425.000,425.000,-1,600.000,500.000,-1,550.000,2,1,2,1,1,1,1,0,0,2,0,0,2,1,1,2,1
66,1514.076,-2313.518,-225.247,-176.097,-0.997353,0.068023,0.025675,-0.066942,-0.996920,0.040863,0.028376,0.039037,0.998835,0,0.91840,-0.30761,55.104,-0.615,-1,350.000,-1,325.000,575.000,300.000,300.000,325.000,325.000,-1,375.000,400.000,-1,575.000,475.000,-1,525.000,2,1,2,1,1,1,1,0,0,2,0,0,2,1,1,2,1
67,1458.823,-2316.693,-224.078,-176.711,-0.997946,0.057321,0.028614,-0.056134,-0.997594,0.040689,0.030877,0.038999,0.998762,0,0.92240,-0.30745,55.344,-0.615,-1,350.000,-1,325.000,525.000,275.000,275.000,325.000,300.000,-1,350.000,375.000,-1,550.000,450.000,-1,475.000,2,1,2,1,1,1,1,0,0,2,0,0,2,1,1,2,1
68,1403.298,-2319.287,-222.929,-177.326,-0.998414,0.046620,0.031567,-0.045328,-0.998152,0.040465,0.033395,0.038970,0.998682,0,0.92642,-0.30722,55.585,-0.614,-1,325.000,-1,300.000,475.000,275.000,250.000,300.000,300.000,-1,325.000,325.000,-1,525.000,425.000,-1,425.000,2,1,2,1,1,1,1,0,0,2,0,0,2,1,1,2,1
69,1347.507,-2321.294,-221.800,-177.940,-0.998758,0.035923,0.034535,-0.034528,-0.998595,0.040191,0.035930,0.038948,0.998595,0,0.93045,-0.30692,55.827,-0.614,-1,300.000,-1,275.000,425.000,250.000,250.000,300.000,300.000,-1,300.000,300.000,-1,500.000,400.000,-1,375.000,2,1,2,1,1,1,1,0,0,2,0,0,2,1,1,2,1
70,1291.453,-2322.709,-218.736,-178.553,-0.998861,0.025239,0.040500,-0.023778,-0.999063,0.036163,0.041375,0.035159,0.998525,0,0.93451,-0.30655,56.071,-0.613,-1,300.000,-1,275.000,400.000,250.000,225.000,300.000,325.000,-1,275.000,300.000,-1,500.000,375.000,-1,350.000,2,1,2,1,1,1,1,0,0,2,0,0,2,1,1,2,1
71,1235.142,-2323.528,-212.417,-179.165,-0.998456,0.014565,0.053600,-0.012846,-0.999397,0.032269,0.054038,0.031531,0.998041,0,0.93859,-0.30610,56.315,-0.612,-1,300.000,-1,275.000,425.000,250.000,225.000,325.000,325.000,-1,250.000,275.000,-1,525.000,400.000,-1,375.000,2,1,2,1,1,1,1,0,0,2,0,0,2,1,1,2,1
72,1178.580,-2323.748,-206.073,-179.776,-0.997763,0.003905,0.066737,-0.002027,-0.999601,0.028178,0.066820,0.027980,0.997373,0,0.94268,-0.30556,56.561,-0.611,-1,300.000,-1,275.000,450.000,250.000,225.000,325.000,350.000,-1,225.000,250.000,-1,550.000,400.000,-1,400.000,2,1,2,1,1,1,1,0,0,2,0,0,2,1,1,2,1
73,1121.771,-2323.365,-199.694,-180.386,-0.996778,-0.006735,0.079924,0.008673,-0.999676,0.023921,0.079737,0.024537,0.996514,0,0.94679,-0.30493,56.808,-0.610,-1,325.000,-1,275.000,475.000,250.000,225.000,325.000,375.000,-1,200.000,225.000,-1,-1,425.000,-1,425.000,2,1,2,1,1,1,1,0,0,2,0,0,2,2,1,2,1
74,1064.722,-2322.374,-193.275,-180.994,-0.995498,-0.017351,0.093176,0.019250,-0.999624,0.019527,0.092803,0.021232,0.995458,0,0.95092,-0.30418,57.055,-0.608,-1,325.000,-1,275.000,525.000,250.000,225.000,350.000,400.000,-1,150.000,200.000,-1,-1,425.000,-1,450.000,2,1,2,1,1,1,1,0,0,2,0,0,2,2,1,2,1
75,1007.437,-2320.771,-186.807,-181.601,-0.993919,-0.027935,0.106509,0.029700,-0.999446,0.015026,0.106030,0.018098,0.994198,0,0.95506,-0.30331,57.304,-0.607,-1,325.000,-1,275.000,-1,250.000,250.000,350.000,425.000,950.000,125.000,175.000,-1,-1,-1,-1,-1,2,1,2,1,2,1,1,1,1,0,0,0,2,2,2,2,2
76,947.468,-2318.710,-180.012,-181.968,-0.992114,-0.034331,0.120547,0.035809,-0.999307,0.010112,0.120116,0.014349,0.992656,0,1.00000,-0.18331,60.000,-0.367,-1,-1,-1,300.000,-1,250.000,250.000,350.000,400.000,850.000,100.000,150.000,-1,-1,-1,-1,-1,2,2,2,1,2,1,1,1,1,0,0,0,2,2,2,2,2
77,8855.095,6231.309,-111.028,-167.297,-0.975583,0.219053,0.015960,-0.219609,-0.971805,-0.085828,-0.003291,-0.087237,0.996182,1,0.00000,0.00000,60.000,-0.127,-1,375.000,-1,400.000,-1,300.000,325.000,325.000,325.000,-1,575.000,625.000,-1,725.000,825.000,-1,-1,2,0,2,0,2,0,0,0,0,2,0,0,2,0,0,2,2
78,8850.408,6230.273,-111.048,-167.537,-0.976487,0.214981,0.015987,-0.215555,-0.972719,-0.085751,-0.002884,-0.087181,0.996188,0,0.08000,-0.12000,4.800,-0.240,-1,375.000,-1,400.000,-1,300.000,325.000,325.000,325.000,-1,575.000,625.000,-1,725.000,825.000,-1,-1,2,0,2,0,2,0,0,0,0,2,0,0,2,0,0,2,2
79,8841.017,6228.280,-111.081,-168.017,-0.978246,0.206827,0.016038,-0.207437,-0.974497,-0.085591,-0.002073,-0.087056,0.996201,0,0.16000,-0.24000,9.600,-0.480,-1,375.000,-1,400.000,-1,300.000,325.000,325.000,325.000,-1,600.000,625.000,-1,725.000,825.000,-1,-1,2,0,2,0,2,0,0,0,0,2,0,0,2,0,0,2,2
80,8826.894,6225.468,-111.112,-168.737,-0.980757,0.194569,0.016105,-0.195232,-0.977037,-0.085340,-0.000869,-0.086842,0.996222,0,0.24000,-0.36000,14.400,-0.720,-1,375.000,-1,400.000,-1,300.000,325.000,325.000,325.000,-1,600.000,625.000,-1,725.000,825.000,-1,-1,2,0,2,0,2,0,0,0,0,2,0,0,2,0,0,2,2
81,8808.002,6222.035,-111.124,-169.697,-0.983865,0.178177,0.016178,-0.178908,-0.980188,-0.084987,0.000715,-0.086511,0.996251,0,0.32000,-0.48000,19.200,-0.960,-1,375.000,-1,400.000,-1,300.000,325.000,325.000,325.000,-1,600.000,650.000,-1,725.000,850.000,-1,-1,2,0,2,0,2,0,0,0,0,2,0,0,2,0,0,2,2
82,8784.304,6218.236,-111.091,-170.891,-0.987350,0.157723,0.016245,-0.158535,-0.983729,-0.084517,0.002650,-0.086024,0.996290,0,0.40000,-0.59691,24.000,-1.194,-1,375.000,-1,400.000,-1,300.000,325.000,325.000,325.000,-1,625.000,650.000,-1,750.000,850.000,-1,-1,2,0,2,0,2,0,0,0,0,2,0,0,2,0,0,2,2
83,8755.777,6214.273,-110.987,-172.089,-0.990418,0.137135,0.016298,-0.138024,-0.986867,-0.083922,0.004575,-0.085367,0.996339,0,0.48000,-0.59882,28.800,-1.198,-1,375.000,-1,400.000,-1,300.000,325.000,325.000,325.000,-1,650.000,675.000,-1,750.000,850.000,-1,-1,2,0,2,0,2,0,0,0,0,2,0,0,2,0,0,2,2
84,8722.406,6210.349,-110.794,-173.291,-0.993067,0.116407,0.016330,-0.117368,-0.989598,-0.083188,0.006477,-0.084528,0.996400,0,0.56000,-0.60113,33.600,-1.202,-1,375.000,-1,400.000,-1,325.000,325.000,325.000,325.000,-1,675.000,700.000,-1,750.000,875.000,-1,-1,2,0,2,0,2,0,0,0,0,2,0,0,2,0,0,2,2
85,8684.182,6206.669,-110.494,-174.499,-0.995292,0.095531,0.016335,-0.096558,-0.991919,-0.082303,0.008340,-0.083493,0.996473,0,0.64000,-0.60387,38.400,-1.208,-1,375.000,-1,400.000,-1,325.000,325.000,325.000,325.000,-1,725.000,725.000,-1,750.000,875.000,-1,-1,2,0,2,0,2,0,0,0,0,2,0,0,2,0,0,2,2
86,8641.102,6203.437,-110.071,-175.708,-0.997081,0.074593,0.016306,-0.075678,-0.993816,-0.081256,0.010144,-0.082252,0.996560,0,0.72000,-0.60437,43.200,-1.209,-1,400.000,-1,400.000,-1,325.000,325.000,325.000,325.000,-1,775.000,750.000,-1,750.000,875.000,-1,-1,2,0,2,0,2,0,0,0,0,2,0,0,2,0,0,2,2
87,8593.170,6200.857,-109.510,-176.916,-0.998429,0.053619,0.016237,-0.054752,-0.995287,-0.080033,0.011869,-0.080796,0.996660,0,0.80000,-0.60437,48.000,-1.209,-1,400.000,-1,425.000,-1,325.000,325.000,325.000,325.000,-1,850.000,800.000,-1,775.000,900.000,-1,-1,2,0,2,0,2,0,0,0,0,2,0,0,2,0,0,2,2
88,8540.398,6199.131,-108.801,-178.125,-0.999338,0.032616,0.016132,-0.033787,-0.996333,-0.078611,0.013508,-0.079104,0.996775,0,0.88000,-0.60437,52.800,-1.209,-1,400.000,-1,425.000,-1,325.000,325.000,325.000,325.000,-1,925.000,850.000,-1,775.000,900.000,-1,-1,2,0,2,0,2,0,0,0,0,2,0,0,2,0,0,2,2
89,8486.977,6198.512,-108.333,-179.334,-0.999817,0.011593,0.015185,-0.012729,-0.996950,-0.076999,0.014246,-0.077178,0.996916,0,0.89038,-0.60437,53.423,-1.209,-1,400.000,-1,425.000,-1,325.000,325.000,300.000,325.000,-1,-1,950.000,-1,775.000,900.000,-1,-1,2,0,2,0,2,0,0,0,0,2,2,0,2,0,0,2,2
90,8433.556,6199.019,-107.916,-180.543,-0.999861,-0.009441,0.013738,0.008376,-0.997101,-0.075622,0.014413,-0.075496,0.997042,0,0.89038,-0.60437,53.423,-1.209,-1,400.000,-1,425.000,-1,325.000,325.000,300.000,325.000,-1,-1,-1,-1,775.000,900.000,-1,-1,2,0,2,0,2,0,0,0,0,2,2,2,2,0,0,2,2
91,8380.158,6200.654,-107.414,-181.751,-0.999460,-0.030477,0.012259,0.029487,-0.996813,-0.074126,0.014479,-0.073725,0.997174,0,0.89038,-0.60437,53.423,-1.209,-1,400.000,-1,425.000,-1,325.000,325.000,300.000,325.000,-1,-1,-1,-1,775.000,900.000,-1,-1,2,0,2,0,2,0,0,0,0,2,2,2,2,0,0,2,2
92,8326.806,6203.414,-106.832,-182.960,-0.998615,-0.051505,0.010756,0.050593,-0.996083,-0.072516,0.014449,-0.071872,0.997309,0,0.89038,-0.60437,53.423,-1.209,-1,400.000,-1,425.000,-1,325.000,325.000,300.000,325.000,-1,-1,-1,-1,775.000,875.000,-1,-1,2,0,2,0,2,0,0,0,0,2,2,2,2,0,0,2,2
93,8273.473,6207.302,-106.175,-184.168,-0.997325,-0.072505,0.009236,0.071674,-0.994912,-0.070796,0.014322,-0.069944,0.997448,0,0.89123,-0.60406,53.474,-1.208,-1,400.000,-1,425.000,-1,325.000,325.000,300.000,325.000,-1,-1,-1,-1,775.000,875.000,-1,-1,2,0,2,0,2,0,0,0,0,2,2,2,2,0,0,2,2
94,8220.034,6212.330,-105.446,-185.373,-0.995596,-0.093431,0.007703,0.092682,-0.993305,-0.068964,0.014095,-0.067946,0.997589,0,0.89457,-0.60268,53.674,-1.205,-1,400.000,-1,425.000,-1,325.000,325.000,300.000,325.000,-1,-1,-1,-1,750.000,875.000,-1,-1,2,0,2,0,2,0,0,0,0,2,2,2,2,0,0,2,2
95,8166.520,6218.501,-104.650,-186.576,-0.993431,-0.114266,0.006166,0.113600,-0.991263,-0.067027,0.013772,-0.065887,0.997732,0,0.89781,-0.60108,53.868,-1.202,-1,400.000,-1,425.000,-1,325.000,325.000,300.000,300.000,-1,-1,-1,-1,750.000,875.000,-1,-1,2,0,2,0,2,0,0,0,0,2,2,2,2,0,0,2,2
96,8112.962,6225.814,-103.794,-187.774,-0.990836,-0.134994,0.004634,0.134411,-0.988792,-0.064993,0.013355,-0.063774,0.997875,0,0.90091,-0.59927,54.054,-1.199,-1,400.000,-1,400.000,-1,325.000,325.000,300.000,300.000,-1,-1,-1,-1,750.000,850.000,-1,-1,2,0,2,0,2,0,0,0,0,2,2,2,2,0,0,2,2
97,8059.393,6234.270,-102.882,-188.969,-0.987816,-0.155598,0.003112,0.155097,-0.985897,-0.062867,0.012850,-0.061618,0.998017,0,0.90386,-0.59724,54.231,-1.194,-1,400.000,-1,400.000,-1,325.000,325.000,300.000,300.000,-1,-1,-1,-1,750.000,850.000,1000.000,-1,2,0,2,0,2,0,0,0,0,2,2,2,2,0,0,1,2
98,8005.848,6243.866,-101.921,-190.159,-0.984378,-0.176062,0.001608,0.175642,-0.982584,-0.060657,0.012260,-0.059427,0.998157,0,0.90664,-0.59498,54.398,-1.190,950.000,375.000,-1,400.000,-1,325.000,325.000,300.000,300.000,-1,-1,-1,-1,750.000,850.000,950.000,-1,1,0,2,0,2,0,0,0,0,2,2,2,2,0,0,1,2
99,7955.885,6254.087,-100.966,-191.560,-0.979784,-0.200060,0.000215,0.199705,-0.978109,-0.058486,0.011911,-0.057261,0.998288,0,0.84995,-0.70054,50.997,-1.401,900.000,375.000,-1,400.000,-1,325.000,325.000,300.000,300.000,-1,-1,-1,-1,750.000,850.000,925.000,-1,1,0,2,0,2,0,0,0,0,2,2,2,2,0,0,1,2
100,7906.060,6265.550,-100.150,-192.955,-0.974625,-0.223844,-0.000707,0.223518,-0.973025,-0.057111,0.012096,-0.055820,0.998368,0,0.85210,-0.69788,51.126,-1.396,825.000,375.000,-1,400.000,-1,325.000,325.000,300.000,300.000,-1,-1,-1,-1,725.000,850.000,875.000,-1,1,0,2,0,2,0,0,0,0,2,2,2,2,1,0,1,2
101,7856.417,6278.247,-99.352,-194.345,-0.968913,-0.247397,-0.001437,0.247087,-0.967374,-0.055995,0.012463,-0.054609,0.998430,0,0.85400,-0.69498,51.240,-1.390,775.000,375.000,-1,400.000,-1,325.000,325.000,300.000,300.000,-1,-1,-1,-1,725.000,850.000,875.000,-1,1,0,2,0,2,0,0,0,0,2,2,2,2,1,0,1,2
102,7807.001,6292.165,-98.574,-195.729,-0.962660,-0.270706,-0.001923,0.270403,-0.961195,-0.054652,0.012946,-0.053131,0.998504,0,0.85564,-0.69185,51.338,-1.384,750.000,375.000,-1,400.000,-1,325.000,325.000,300.000,300.000,-1,-1,-1,-1,750.000,850.000,875.000,-1,1,0,2,0,2,0,0,0,0,2,2,2,2,0,0,1,2
103,7757.857,6307.291,-97.847,-197.106,-0.955879,-0.293754,-0.001992,0.293442,-0.954503,-0.053059,0.013685,-0.051303,0.998589,0,0.85698,-0.68849,51.419,-1.377,700.000,400.000,-1,400.000,-1,325.000,325.000,300.000,300.000,-1,-1,-1,-1,750.000,875.000,1000.000,-1,1,0,2,0,2,0,0,0,0,2,2,2,2,0,0,1,2
104,7709.030,6323.606,-97.075,-198.476,-0.948585,-0.316517,-0.002031,0.316197,-0.947295,-0.051497,0.014376,-0.049492,0.998671,0,0.85801,-0.68491,51.481,-1.370,675.000,400.000,-1,400.000,-1,325.000,325.000,300.000,300.000,-1,-1,-1,-1,750.000,875.000,-1,-1,1,0,2,0,2,0,0,0,0,2,2,2,2,0,0,2,2
105,7660.565,6341.093,-96.273,-199.838,-0.940792,-0.338978,-0.002052,0.338653,-0.939585,-0.049939,0.015000,-0.047677,0.998750,0,0.85871,-0.68113,51.523,-1.362,650.000,400.000,-1,400.000,-1,325.000,325.000,300.000,300.000,-1,-1,-1,-1,775.000,900.000,-1,-1,1,0,2,0,2,0,0,0,0,2,2,2,2,0,0,2,2
106,7612.507,6359.727,-95.444,-201.192,-0.932517,-0.361121,-0.002058,0.360792,-0.931390,-0.048392,0.015559,-0.045869,0.998826,0,0.85906,-0.67714,51.544,-1.354,675.000,400.000,-1,400.000,-1,325.000,325.000,300.000,300.000,-1,-1,-1,-1,775.000,900.000,-1,-1,1,0,2,0,2,0,0,0,0,2,2,2,2,0,0,2,2
107,7564.901,6379.484,-94.681,-202.538,-0.923777,-0.382924,-0.002457,0.382607,-0.922710,-0.047088,0.015765,-0.044439,0.998888,0,0.85904,-0.67298,51.542,-1.346,700.000,400.000,-1,400.000,-1,325.000,325.000,300.000,300.000,-1,-1,-1,-1,775.000,900.000,-1,-1,1,0,2,0,2,0,0,0,0,2,2,2,2,0,0,2,2
108,7517.792,6400.337,-93.921,-203.876,-0.914587,-0.404377,-0.002951,0.404078,-0.913575,-0.045843,0.015842,-0.043120,0.998944,0,0.85864,-0.66865,51.518,-1.337,825.000,400.000,-1,400.000,-1,325.000,325.000,300.000,300.000,-1,-1,-1,-1,775.000,925.000,-1,-1,1,0,2,0,2,0,0,0,0,2,2,2,2,0,0,2,2
109,7471.221,6422.256,-93.144,-205.204,-0.904966,-0.425471,-0.003436,0.425189,-0.904005,-0.044602,0.015870,-0.041824,0.998999,0,0.85785,-0.66419,51.471,-1.328,-1,400.000,-1,400.000,-1,325.000,325.000,300.000,300.000,-1,-1,-1,-1,775.000,925.000,-1,-1,2,0,2,0,2,0,0,0,0,2,2,2,2,0,0,2,2
110,7425.229,6445.211,-92.355,-206.523,-0.894928,-0.446194,-0.003910,0.445930,-0.894017,-0.043370,0.015856,-0.040556,0.999051,0,0.85668,-0.65961,51.401,-1.319,-1,400.000,-1,400.000,-1,325.000,325.000,300.000,300.000,-1,-1,-1,-1,775.000,925.000,-1,-1,2,0,2,0,2,0,0,0,0,2,2,2,2,0,0,2,2
111,7379.857,6469.167,-91.556,-207.833,-0.884490,-0.466539,-0.004374,0.466291,-0.883627,-0.042146,0.015798,-0.039317,0.999102,0,0.85513,-0.65496,51.308,-1.310,-1,400.000,-1,425.000,-1,325.000,325.000,300.000,300.000,-1,-1,-1,-1,800.000,950.000,-1,-1,2,0,2,0,2,0,0,0,0,2,2,2,2,0,0,2,2
112,7335.141,6494.091,-90.738,-209.134,-0.873669,-0.486497,-0.004835,0.486269,-0.872852,-0.040881,0.015668,-0.038068,0.999152,0,0.85322,-0.65027,51.193,-1.301,-1,400.000,-1,425.000,-1,325.000,325.000,300.000,300.000,-1,-1,-1,-1,800.000,950.000,-1,-1,2,0,2,0,2,0,0,0,0,2,2,2,2,0,0,2,2
113,7291.114,6519.948,-89.998,-210.425,-0.862475,-0.506071,-0.005359,0.505869,-0.861717,-0.039243,0.015242,-0.036557,0.999215,0,0.85097,-0.64558,51.058,-1.291,-1,400.000,-1,425.000,-1,325.000,325.000,300.000,325.000,-1,-1,-1,-1,800.000,950.000,-1,-1,2,0,2,0,2,0,0,0,0,2,2,2,2,0,0,2,2
114,7247.810,6546.705,-89.472,-211.711,-0.850880,-0.525325,-0.006029,0.525170,-0.850208,-0.036654,0.014129,-0.034354,0.999310,0,0.84840,-0.64305,50.904,-1.286,-1,400.000,-1,425.000,-1,325.000,325.000,300.000,300.000,-1,-1,-1,-1,800.000,950.000,-1,-1,2,0,2,0,2,0,0,0,0,2,2,2,2,0,0,2,2
115,7205.259,6574.334,-88.951,-212.995,-0.838878,-0.544280,-0.006647,0.544166,-0.838286,-0.034056,0.012964,-0.032186,0.999398,0,0.84555,-0.64184,50.733,-1.284,-1,400.000,-1,425.000,-1,325.000,325.000,300.000,300.000,-1,-1,-1,-1,800.000,950.000,-1,-1,2,0,2,0,2,0,0,1,0,2,2,2,2,0,0,2,2
116,7163.490,6602.802,-88.437,-214.276,-0.826471,-0.562932,-0.007213,0.562856,-0.825956,-0.031454,0.011749,-0.030056,0.999479,0,0.84248,-0.64088,50.549,-1.282,-1,400.000,-1,425.000,-1,325.000,325.000,300.000,300.000,-1,-1,-1,-1,800.000,950.000,-1,-1,2,0,2,0,2,0,0,1,0,2,2,2,2,0,0,2,2
117,7122.526,6632.084,-87.923,-215.557,-0.813665,-0.581282,-0.007761,0.581240,-0.813220,-0.028863,0.010466,-0.027996,0.999553,0,0.83922,-0.64018,50.353,-1.280,-1,400.000,-1,425.000,-1,325.000,325.000,300.000,300.000,-1,-1,-1,-1,825.000,950.000,-1,-1,2,0,2,0,2,0,0,1,0,2,2,2,2,0,0,2,2
118,7082.389,6662.150,-87.498,-216.836,-0.800465,-0.599322,-0.008285,0.599306,-0.800073,-0.026749,0.009403,-0.026377,0.999608,0,0.83583,-0.63974,50.150,-1.279,-1,400.000,-1,425.000,-1,325.000,325.000,300.000,300.000,-1,-1,-1,-1,825.000,950.000,-1,-1,2,0,2,0,2,0,0,0,0,2,2,2,2,0,0,2,2
119,7043.096,6692.978,-87.102,-218.115,-0.786870,-0.617057,-0.008772,0.617062,-0.786525,-0.024737,0.008365,-0.024878,0.999656,0,0.83238,-0.63956,49.943,-1.279,-1,400.000,-1,425.000,-1,325.000,325.000,300.000,300.000,-1,-1,-1,-1,850.000,950.000,-1,-1,2,0,2,0,2,0,0,0,0,2,2,2,2,0,0,2,2
120,7004.661,6724.543,-86.716,-219.395,-0.772880,-0.634485,-0.009225,0.634511,-0.772580,-0.022725,0.007292,-0.023417,0.999699,0,0.82892,-0.63965,49.735,-1.279,-1,400.000,-1,425.000,-1,325.000,325.000,300.000,300.000,-1,-1,-1,-1,850.000,950.000,-1,-1,2,0,2,0,2,0,0,0,0,2,2,2,2,0,0,2,2
121,6967.096,6756.825,-86.348,-220.675,-0.758496,-0.651606,-0.009642,0.651649,-0.758239,-0.020681,0.006165,-0.021969,0.999740,0,0.82551,-0.63999,49.531,-1.280,-1,400.000,-1,425.000,-1,325.000,325.000,300.000,300.000,-1,-1,-1,-1,850.000,950.000,-1,-1,2,0,2,0,2,0,0,0,0,2,2,2,2,0,0,2,2
122,6927.251,6792.344,-85.987,-221.715,-0.746523,-0.665282,-0.010115,0.665343,-0.746311,-0.018387,0.004683,-0.020456,0.999780,0,0.88963,-0.51999,53.378,-1.040,-1,400.000,-1,425.000,-1,325.000,325.000,300.000,300.000,-1,-1,-1,-1,875.000,950.000,-1,-1,2,0,2,0,2,0,0,0,0,2,2,2,2,0,0,2,2
123,6888.042,6828.292,-85.648,-222.515,-0.737140,-0.675656,-0.010613,0.675733,-0.736971,-0.016115,0.003067,-0.019051,0.999814,0,0.88658,-0.39999,53.195,-0.800,-1,400.000,-1,425.000,-1,325.000,325.000,300.000,300.000,-1,-1,-1,-1,875.000,950.000,-1,-1,2,0,2,0,2,0,0,0,0,2,2,2,2,0,0,2,2
124,6849.299,6864.515,-85.352,-223.075,-0.730480,-0.682842,-0.011229,0.682933,-0.730349,-0.013879,0.001276,-0.017807,0.999841,0,0.88397,-0.27999,53.038,-0.560,-1,400.000,-1,425.000,-1,325.000,325.000,300.000,300.000,-1,-1,-1,-1,875.000,950.000,-1,-1,2,0,2,0,2,0,0,0,0,2,2,2,2,0,0,2,2
125,6810.853,6900.865,-85.368,-223.395,-0.726620,-0.686910,-0.013311,0.687038,-0.726524,-0.011913,-0.001488,-0.017802,0.999840,0,0.88182,-0.15999,52.909,-0.320,-1,400.000,-1,425.000,-1,325.000,325.000,300.000,300.000,-1,-1,-1,-1,875.000,950.000,-1,-1,2,0,2,0,2,0,0,0,0,2,2,2,2,0,0,2,2
126,6772.533,6937.197,-85.482,-223.475,-0.725625,-0.687927,-0.015030,0.688079,-0.725568,-0.009944,-0.004065,-0.017558,0.999838,0,0.88010,-0.03999,52.806,-0.080,-1,400.000,-1,425.000,-1,325.000,325.000,300.000,300.000,-1,-1,-1,-1,850.000,950.000,-1,-1,2,0,2,0,2,0,0,0,0,2,2,2,2,0,0,2,2
127,6734.167,6973.369,-85.912,-223.315,-0.727521,-0.685913,-0.015391,0.686061,-0.727502,-0.007831,-0.005826,-0.016256,0.999851,0,0.87881,0.08001,52.729,0.160,-1,400.000,-1,425.000,-1,325.000,325.000,300.000,300.000,-1,-1,-1,-1,850.000,925.000,-1,-1,2,0,2,0,2,0,0,0,0,2,2,2,2,0,0,2,2
128,6695.590,7009.236,-86.380,-222.915,-0.732272,-0.680831,-0.015713,0.680970,-0.732289,-0.005757,-0.007587,-0.014915,0.999860,0,0.87792,0.20001,52.675,0.400,-1,400.000,-1,425.000,-1,325.000,325.000,300.000,300.000,-1,-1,-1,-1,850.000,925.000,-1,-1,2,0,2,0,2,0,0,0,0,2,2,2,2,0,0,2,2
129,6656.638,7044.649,-86.888,-222.275,-0.739813,-0.672622,-0.016015,0.672748,-0.739863,-0.003722,-0.009345,-0.013528,0.999865,0,0.87739,0.32001,52.643,0.640,-1,400.000,-1,425.000,-1,325.000,325.000,300.000,300.000,-1,-1,-1,-1,850.000,925.000,-1,-1,2,0,2,0,2,0,0,0,0,2,2,2,2,0,0,2,2
130,6615.113,7081.874,-87.624,-221.874,-0.744458,-0.667446,-0.017229,0.667567,-0.744548,-0.001747,-0.011662,-0.012803,0.999850,0,0.92946,0.20001,55.768,0.400,-1,400.000,-1,425.000,-1,325.000,325.000,300.000,300.000,-1,-1,-1,-1,850.000,900.000,-1,-1,2,0,2,0,2,0,0,0,0,2,2,2,2,0,0,2,2
131,6573.495,7118.972,-88.407,-221.714,-0.746284,-0.665369,-0.018535,0.665481,-0.746415,0.000172,-0.013949,-0.012206,0.999828,0,0.92920,0.08001,55.752,0.160,-1,400.000,-1,425.000,-1,325.000,325.000,300.000,300.000,925.000,-1,-1,-1,850.000,900.000,-1,-1,2,0,2,0,2,0,0,0,0,1,2,2,2,0,0,2,2
132,6531.940,7156.120,-89.291,-221.794,-0.745316,-0.666417,-0.019822,0.666510,-0.745492,0.002395,-0.016373,-0.011426,0.999801,0,0.92897,-0.03999,55.738,-0.080,-1,400.000,-1,425.000,-1,325.000,325.000,300.000,300.000,875.000,-1,-1,-1,825.000,875.000,-1,-1,2,0,2,0,2,0,0,0,0,1,2,2,2,0,0,2,2
133,6490.601,7193.491,-90.348,-222.114,-0.741540,-0.670579,-0.021039,0.670635,-0.741769,0.005294,-0.019156,-0.010184,0.999765,0,0.92879,-0.15999,55.727,-0.320,-1,400.000,-1,425.000,-1,325.000,325.000,300.000,300.000,875.000,-1,-1,-1,825.000,875.000,-1,-1,2,0,2,0,2,0,0,0,0,1,2,2,2,0,0,2,2
