timestep,x_cm,y_cm,z_cm,yaw_deg,basis_xx,basis_xy,basis_xz,basis_yx,basis_yy,basis_yz,basis_zx,basis_zy,basis_zz,teleport_flag,throttle_cmd,steering_cmd,cmd_move_cm,cmd_turn_deg,lidar_cm_0,lidar_cm_1,lidar_cm_2,lidar_cm_3,lidar_cm_4,lidar_cm_5,lidar_cm_6,lidar_cm_7,lidar_cm_8,lidar_cm_9,lidar_cm_10,lidar_cm_11,lidar_cm_12,lidar_cm_13,lidar_cm_14,lidar_cm_15,lidar_cm_16,lidar_class_0,lidar_class_1,lidar_class_2,lidar_class_3,lidar_class_4,lidar_class_5,lidar_class_6,lidar_class_7,lidar_class_8,lidar_class_9,lidar_class_10,lidar_class_11,lidar_class_12,lidar_class_13,lidar_class_14,lidar_class_15,lidar_class_16
0,-2298.361,-2291.726,-365.826,122.771,-0.541165,-0.840842,0.011210,0.840742,-0.541276,-0.013158,0.017132,0.002304,0.999851,1,0.08000,-0.12000,4.800,-0.240,-1,375.000,-1,375.000,875.000,325.000,300.000,300.000,300.000,-1,475.000,550.000,-1,725.000,625.000,-1,925.000,2,0,2,0,0,0,0,0,0,2,1,1,2,0,0,2,0
1,-2303.490,-2283.611,-365.619,122.291,-0.534097,-0.845347,0.011356,0.845245,-0.534212,-0.013350,0.017352,0.002468,0.999846,0,0.16000,-0.24000,9.600,-0.480,-1,375.000,-1,375.000,875.000,325.000,300.000,300.000,300.000,-1,475.000,550.000,-1,700.000,625.000,-1,925.000,2,0,2,0,0,0,0,0,0,2,1,1,2,0,0,2,0
2,-2311.041,-2271.350,-365.312,121.630,-0.524305,-0.851452,0.011564,0.851347,-0.524425,-0.013652,0.017688,0.002687,0.999840,0,0.24000,-0.33046,14.400,-0.661,-1,375.000,-1,375.000,875.000,325.000,300.000,300.000,300.000,-1,500.000,575.000,-1,700.000,625.000,-1,925.000,2,0,2,0,0,0,0,0,0,2,1,1,2,0,0,2,0
3,-2320.920,-2254.886,-364.906,120.964,-0.514372,-0.857486,0.011811,0.857375,-0.514499,-0.014079,0.018149,0.002884,0.999831,0,0.32000,-0.33278,19.200,-0.666,-1,375.000,-1,375.000,875.000,325.000,300.000,300.000,300.000,-1,500.000,575.000,-1,700.000,600.000,-1,900.000,2,0,2,0,0,0,0,0,0,2,1,1,2,0,0,2,0
4,-2333.026,-2234.163,-364.404,120.292,-0.504275,-0.863458,0.012099,0.863340,-0.504411,-0.014645,0.018748,0.003061,0.999820,0,0.40000,-0.33587,24.000,-0.672,-1,375.000,-1,375.000,850.000,325.000,300.000,300.000,300.000,-1,525.000,600.000,-1,700.000,600.000,-1,900.000,2,0,2,0,0,0,0,0,0,2,1,1,2,0,0,2,0
5,-2347.257,-2209.125,-363.805,119.613,-0.493989,-0.869379,0.012433,0.869249,-0.494135,-0.015361,0.019498,0.003219,0.999805,0,0.48000,-0.33974,28.800,-0.679,-1,375.000,-1,375.000,850.000,325.000,325.000,300.000,300.000,-1,550.000,625.000,-1,675.000,600.000,-1,875.000,2,0,2,0,0,0,0,0,0,2,1,1,2,0,0,2,0
6,-2363.508,-2179.716,-363.122,118.924,-0.483490,-0.875256,0.012830,0.875112,-0.483648,-0.016206,0.020390,0.003392,0.999786,0,0.56000,-0.34439,33.600,-0.689,-1,375.000,-1,350.000,825.000,325.000,300.000,300.000,300.000,-1,575.000,650.000,-1,675.000,600.000,-1,850.000,2,0,2,0,0,0,0,0,0,2,1,1,2,0,0,2,0
7,-2381.668,-2145.882,-362.351,118.224,-0.472751,-0.881096,0.013294,0.880935,-0.472924,-0.017208,0.021449,0.003576,0.999764,0,0.64000,-0.34982,38.400,-0.700,-1,375.000,-1,350.000,800.000,325.000,300.000,300.000,300.000,-1,600.000,675.000,-1,675.000,575.000,-1,825.000,2,0,2,0,0,0,0,0,0,2,1,1,2,0,0,2,0
8,-2401.467,-2107.868,-361.474,117.512,-0.461750,-0.886905,0.013687,0.886723,-0.461938,-0.018346,0.022594,0.003665,0.999738,0,0.71435,-0.35603,42.861,-0.712,-1,375.000,-1,350.000,775.000,300.000,300.000,325.000,300.000,-1,650.000,700.000,-1,650.000,575.000,-1,825.000,2,0,2,0,0,0,0,0,0,2,1,1,2,0,0,2,0
9,-2420.935,-2069.306,-360.558,116.787,-0.450465,-0.892686,0.013896,0.892480,-0.450665,-0.019496,0.023666,0.003619,0.999713,0,0.71996,-0.36295,43.197,-0.726,-1,375.000,-1,350.000,750.000,300.000,300.000,325.000,300.000,-1,675.000,725.000,-1,650.000,575.000,-1,800.000,2,0,2,0,0,0,0,0,0,2,1,1,2,0,0,2,0
10,-2439.898,-2030.115,-359.463,115.821,-0.435348,-0.900158,0.013693,0.899909,-0.435553,-0.021401,0.025228,0.003005,0.999677,0,0.72563,-0.48295,43.538,-0.966,-1,375.000,-1,350.000,750.000,300.000,300.000,300.000,300.000,-1,700.000,750.000,-1,650.000,575.000,-1,775.000,2,0,2,0,0,0,0,0,0,2,1,1,2,0,0,2,0
11,-2458.296,-1990.277,-357.814,114.788,-0.419083,-0.907866,0.012216,0.907504,-0.419261,-0.025634,0.028394,0.000343,0.999597,0,0.73135,-0.51635,43.881,-1.033,-1,375.000,-1,350.000,800.000,300.000,300.000,300.000,325.000,-1,625.000,775.000,-1,625.000,575.000,-1,850.000,2,0,2,0,0,0,0,0,0,2,0,1,2,0,0,2,0
12,-2476.122,-1949.800,-356.147,113.769,-0.402925,-0.915172,0.010526,0.914688,-0.403056,-0.029860,0.031569,-0.002404,0.999499,0,0.73713,-0.50926,44.228,-1.019,-1,375.000,-1,350.000,875.000,300.000,300.000,300.000,325.000,-1,500.000,625.000,-1,625.000,575.000,-1,900.000,2,0,2,0,0,0,0,0,0,2,0,0,2,0,0,2,0
13,-2493.371,-1908.695,-354.461,112.765,-0.386889,-0.922086,0.008622,0.921471,-0.386950,-0.034071,0.034753,-0.005236,0.999382,0,0.74296,-0.50212,44.578,-1.004,-1,350.000,-1,350.000,975.000,300.000,300.000,300.000,325.000,-1,425.000,525.000,-1,625.000,575.000,-1,975.000,2,0,2,0,0,0,0,0,0,2,0,0,2,0,0,2,0
14,-2510.039,-1866.970,-352.575,111.775,-0.370966,-0.928620,0.006979,0.927895,-0.370957,-0.037436,0.037353,-0.007412,0.999275,0,0.74883,-0.49493,44.930,-0.990,-1,350.000,-1,350.000,-1,300.000,300.000,300.000,350.000,-1,400.000,475.000,-1,625.000,575.000,-1,-1,2,0,2,0,2,0,0,0,0,2,0,0,2,0,0,2,2
15,-2526.120,-1824.637,-350.262,110.800,-0.355115,-0.934796,0.007011,0.933933,-0.355094,-0.040956,0.040775,-0.007996,0.999136,0,0.75473,-0.48770,45.284,-0.975,-1,350.000,-1,350.000,-1,300.000,300.000,300.000,325.000,-1,375.000,450.000,-1,625.000,600.000,-1,-1,2,0,2,0,2,0,0,0,0,2,0,0,2,0,0,2,2
16,-2542.787,-1778.747,-347.383,109.961,-0.341330,-0.939903,0.008772,0.938834,-0.341366,-0.045395,0.045661,-0.007260,0.998931,0,0.81372,-0.41963,48.823,-0.839,-1,375.000,-1,350.000,-1,300.000,300.000,300.000,325.000,-1,350.000,425.000,-1,650.000,600.000,-1,-1,2,0,2,0,2,0,0,0,0,2,0,0,2,0,0,2,2
17,-2558.835,-1732.483,-344.490,109.131,-0.327623,-0.944752,0.010352,0.943458,-0.327721,-0.049863,0.050501,-0.006569,0.998702,0,0.81612,-0.41485,48.967,-0.830,-1,375.000,-1,350.000,-1,300.000,300.000,300.000,325.000,-1,350.000,400.000,-1,650.000,625.000,-1,-1,2,0,2,0,2,0,0,0,0,2,0,0,2,0,0,2,2
18,-2574.258,-1685.879,-341.584,108.311,-0.314010,-0.949347,0.011756,0.947808,-0.314174,-0.054353,0.055293,-0.005925,0.998453,0,0.81816,-0.40984,49.089,-0.820,-1,375.000,-1,350.000,-1,300.000,300.000,300.000,325.000,-1,325.000,375.000,-1,675.000,650.000,-1,-1,2,0,2,0,2,0,0,0,0,2,0,0,2,0,0,2,2
19,-2589.051,-1638.966,-338.667,107.502,-0.300502,-0.953693,0.012988,0.951890,-0.300735,-0.058860,0.060040,-0.005325,0.998182,0,0.81982,-0.40462,49.189,-0.809,-1,375.000,-1,350.000,-1,300.000,300.000,325.000,325.000,-1,300.000,325.000,-1,700.000,650.000,-1,-1,2,0,2,0,2,0,0,0,0,2,0,0,2,0,0,2,2
20,-2603.211,-1591.780,-335.733,106.704,-0.287111,-0.957794,0.014087,0.955705,-0.287418,-0.063391,0.064764,-0.004737,0.997889,0,0.82108,-0.39921,49.265,-0.798,-1,375.000,-1,375.000,-1,300.000,300.000,325.000,325.000,-1,250.000,300.000,-1,700.000,675.000,-1,-1,2,0,2,0,2,0,0,0,0,2,0,0,2,0,0,2,2
21,-2616.735,-1544.353,-332.774,105.916,-0.273846,-0.961655,0.015106,0.959259,-0.274232,-0.067964,0.069500,-0.004121,0.997573,0,0.82194,-0.39362,49.317,-0.787,-1,375.000,-1,375.000,-1,300.000,300.000,325.000,325.000,-1,225.000,275.000,-1,725.000,700.000,-1,-1,2,0,2,0,2,0,0,0,0,2,0,0,2,0,0,2,2
22,-2629.623,-1496.721,-329.820,105.141,-0.260717,-0.965282,0.016038,0.962556,-0.261187,-0.072571,0.074241,-0.003483,0.997234,0,0.82239,-0.38788,49.344,-0.776,-1,400.000,-1,375.000,-1,325.000,300.000,325.000,300.000,-1,200.000,250.000,-1,750.000,725.000,-1,-1,2,0,2,0,2,0,0,0,0,2,0,0,2,0,0,2,2
23,-2641.876,-1448.920,-326.868,104.377,-0.247736,-0.968681,0.016864,0.965604,-0.248293,-0.077200,0.078970,-0.002842,0.996873,0,0.82242,-0.38202,49.345,-0.764,-1,400.000,-1,375.000,-1,325.000,325.000,325.000,300.000,-1,200.000,225.000,-1,775.000,750.000,-1,-1,2,0,2,0,2,0,0,0,0,2,0,0,2,0,0,2,2
24,-2653.494,-1400.986,-323.919,103.624,-0.234911,-0.971858,0.017574,0.968408,-0.235557,-0.081843,0.083679,-0.002207,0.996490,0,0.82203,-0.37604,49.322,-0.752,-1,400.000,-1,400.000,-1,325.000,325.000,325.000,300.000,-1,175.000,200.000,-1,800.000,750.000,-1,-1,2,0,2,0,2,0,0,0,0,2,0,0,2,0,0,2,2
25,-2664.481,-1352.953,-320.425,102.884,-0.222450,-0.974815,0.015848,0.971079,-0.222985,-0.085340,0.086724,-0.003595,0.996226,0,0.82122,-0.37000,49.273,-0.740,-1,400.000,-1,400.000,-1,325.000,325.000,300.000,300.000,-1,175.000,225.000,-1,800.000,850.000,-1,-1,2,0,2,0,2,0,0,0,0,2,0,0,2,0,0,2,2
26,-2674.841,-1304.856,-316.824,102.157,-0.210226,-0.977561,0.013379,0.973638,-0.210582,-0.087657,0.088507,-0.005402,0.996061,0,0.82000,-0.36392,49.200,-0.728,-1,400.000,-1,400.000,-1,325.000,325.000,300.000,300.000,-1,200.000,225.000,-1,800.000,975.000,-1,-1,2,0,2,0,2,0,0,0,0,2,0,0,2,0,0,2,2
27,-2684.581,-1256.728,-313.004,101.441,-0.198112,-0.980110,0.011637,0.976080,-0.198354,-0.089012,0.089550,-0.006276,0.995963,0,0.81839,-0.35784,49.103,-0.716,-1,400.000,-1,400.000,-1,325.000,325.000,300.000,300.000,-1,225.000,275.000,-1,850.000,-1,-1,-1,2,0,2,0,2,0,0,0,0,2,0,0,2,0,2,2,2
28,-2693.707,-1208.602,-308.841,100.737,-0.186073,-0.982475,0.010906,0.978538,-0.186305,-0.088055,0.088543,-0.005712,0.996056,0,0.81640,-0.35179,48.984,-0.704,-1,400.000,-1,400.000,-1,325.000,325.000,300.000,300.000,-1,275.000,325.000,-1,900.000,-1,-1,-1,2,0,2,0,2,0,0,0,0,2,0,0,2,0,2,2,2
29,-2702.224,-1160.506,-304.723,100.043,-0.174165,-0.984665,0.010085,0.980824,-0.174378,-0.087048,0.087472,-0.005269,0.996153,0,0.81406,-0.34740,48.844,-0.695,-1,400.000,-1,400.000,-1,325.000,325.000,300.000,300.000,-1,350.000,375.000,-1,950.000,-1,-1,-1,2,0,2,0,2,0,0,0,0,2,0,0,2,0,2,2,2
30,-2710.136,-1112.469,-300.627,99.352,-0.162312,-0.986696,0.009288,0.982948,-0.162506,-0.086052,0.086416,-0.004838,0.996247,0,0.81141,-0.34505,48.684,-0.690,-1,400.000,-1,400.000,-1,325.000,325.000,300.000,300.000,-1,400.000,425.000,-1,1000.000,-1,-1,-1,2,0,2,0,2,0,0,0,0,2,0,0,2,0,2,2,2
31,-2717.445,-1064.516,-296.554,98.666,-0.150505,-0.988573,0.008511,0.984916,-0.150680,-0.085065,0.085376,-0.004420,0.996339,0,0.80846,-0.34302,48.507,-0.686,-1,400.000,-1,400.000,-1,325.000,325.000,300.000,300.000,-1,450.000,500.000,-1,-1,-1,-1,-1,2,0,2,0,2,0,0,0,0,2,0,0,2,2,2,2,2
32,-2725.067,-1011.757,-292.083,98.220,-0.142838,-0.989716,0.007725,0.986155,-0.142980,-0.083996,0.084237,-0.004380,0.996436,0,0.88846,-0.22302,53.307,-0.446,-1,400.000,-1,400.000,-1,325.000,325.000,300.000,300.000,-1,525.000,550.000,-1,-1,-1,-1,-1,2,0,2,0,2,0,0,0,0,2,0,0,2,2,2,2,2
33,-2733.168,-954.217,-287.203,98.014,-0.139324,-0.990222,0.006967,0.986765,-0.139420,-0.082812,0.082973,-0.004663,0.996541,0,0.96846,-0.10302,58.107,-0.206,-1,400.000,-1,425.000,-1,325.000,325.000,300.000,300.000,-1,600.000,650.000,-1,-1,-1,-1,-1,2,0,2,0,2,0,0,0,0,2,0,0,2,2,2,2,2
34,-2741.182,-896.695,-282.320,97.931,-0.137929,-0.990422,0.006297,0.987068,-0.137981,-0.081595,0.081682,-0.005039,0.996646,0,0.96797,-0.04162,58.078,-0.083,-1,425.000,-1,450.000,-1,350.000,350.000,300.000,300.000,-1,675.000,725.000,-1,-1,-1,-1,-1,2,0,2,0,2,0,0,0,0,2,0,0,2,2,2,2,2
35,-2749.086,-839.361,-277.460,97.850,-0.136563,-0.990615,0.005667,0.987364,-0.136574,-0.080379,0.080399,-0.005381,0.996748,0,0.96460,-0.04068,57.876,-0.081,-1,450.000,-1,475.000,-1,350.000,350.000,300.000,300.000,-1,775.000,800.000,-1,-1,-1,-1,-1,2,0,2,0,2,0,0,0,0,2,0,0,2,2,2,2,2
36,-2756.882,-782.223,-272.622,97.770,-0.135211,-0.990804,0.005076,0.987652,-0.135187,-0.079166,0.079124,-0.005691,0.996849,0,0.96113,-0.04011,57.668,-0.080,-1,475.000,-1,475.000,-1,375.000,375.000,300.000,300.000,-1,850.000,900.000,-1,-1,-1,-1,-1,2,0,2,0,2,0,0,0,0,2,0,0,2,2,2,2,2
37,-2764.571,-725.282,-267.808,97.690,-0.133863,-0.990990,0.004522,0.987937,-0.133806,-0.077956,0.077858,-0.005968,0.996947,0,0.95763,-0.03991,57.458,-0.080,-1,475.000,-1,500.000,-1,375.000,400.000,300.000,300.000,-1,950.000,1000.000,-1,-1,-1,-1,-1,2,0,2,0,2,0,0,0,0,2,0,0,2,2,2,2,2
38,-2772.152,-668.538,-263.488,97.610,-0.132375,-0.991184,0.005641,0.988293,-0.132421,-0.075781,0.075859,-0.004456,0.997109,0,0.95414,-0.04008,57.248,-0.080,-1,500.000,-1,525.000,-1,400.000,400.000,300.000,300.000,-1,-1,-1,-1,-1,-1,-1,-1,2,0,2,0,2,0,0,0,0,2,2,2,2,2,2,2,2
39,-2779.626,-611.988,-260.495,97.528,-0.130618,-0.991380,0.010267,0.988893,-0.131017,-0.070186,0.070926,0.000986,0.997481,0,0.95071,-0.04060,57.042,-0.081,-1,500.000,-1,525.000,-1,400.000,400.000,300.000,275.000,-1,-1,-1,-1,-1,-1,-1,-1,2,0,2,0,2,0,0,0,0,2,2,2,2,2,2,2,2
40,-2786.992,-555.626,-258.809,97.445,-0.129259,-0.991568,0.009204,0.989635,-0.129581,-0.061897,0.062568,0.001108,0.998040,0,0.94738,-0.04148,56.843,-0.083,-1,475.000,-1,500.000,-1,400.000,400.000,275.000,275.000,-1,-1,-1,-1,-1,-1,-1,-1,2,0,2,0,2,0,0,0,0,2,2,2,2,2,2,2,2
41,-2794.249,-499.442,-257.129,97.360,-0.127847,-0.991760,0.008194,0.990310,-0.128103,-0.053630,0.054238,0.001259,0.998527,0,0.94420,-0.04271,56.652,-0.085,-1,475.000,-1,500.000,-1,375.000,375.000,275.000,275.000,-1,-1,-1,-1,-1,-1,-1,-1,2,0,2,0,2,0,0,0,0,2,2,2,2,2,2,2,2
42,-2801.396,-443.425,-255.455,97.271,-0.126371,-0.991957,0.007237,0.990919,-0.126570,-0.045383,0.045934,0.001436,0.998943,0,0.94121,-0.04428,56.473,-0.089,-1,475.000,-1,475.000,-1,375.000,375.000,275.000,250.000,-1,-1,-1,-1,-1,-1,-1,-1,2,0,2,0,2,0,0,0,0,2,2,2,2,2,2,2,2
43,-2808.433,-387.560,-253.786,97.179,-0.124821,-0.992159,0.006333,0.991464,-0.124971,-0.037156,0.037656,0.001641,0.999289,0,0.93844,-0.04617,56.307,-0.092,-1,450.000,-1,475.000,-1,375.000,375.000,250.000,250.000,-1,-1,-1,-1,-1,-1,-1,-1,2,0,2,0,2,0,0,0,0,2,2,2,2,2,2,2,2
44,-2814.573,-336.422,-252.268,96.847,-0.119102,-0.992867,0.005516,0.992427,-0.119213,-0.029601,0.030048,0.001949,0.999547,0,0.85844,-0.16617,51.507,-0.332,-1,450.000,-1,500.000,-1,375.000,375.000,250.000,275.000,-1,-1,-1,-1,-1,-1,-1,-1,2,0,2,0,2,0,0,0,0,2,2,2,2,2,2,2,2
45,-2819.678,-289.995,-250.904,96.274,-0.109207,-0.994007,0.004854,0.993751,-0.109290,-0.022706,0.023101,0.002344,0.999730,0,0.77844,-0.28617,46.707,-0.572,-1,450.000,-1,500.000,-1,375.000,375.000,250.000,275.000,-1,-1,-1,-1,-1,-1,-1,-1,2,0,2,0,2,0,0,0,0,2,2,2,2,2,2,2,2
46,-2823.666,-248.279,-249.692,95.462,-0.095126,-0.995456,0.004400,0.995323,-0.095186,-0.016465,0.016809,0.002813,0.999855,0,0.69844,-0.40617,41.907,-0.812,-1,450.000,-1,500.000,-1,375.000,375.000,250.000,275.000,-1,-1,-1,-1,-1,-1,-1,-1,2,0,2,0,2,0,0,0,0,2,2,2,2,2,2,2,2
47,-2826.519,-211.282,-248.633,94.410,-0.076846,-0.997034,0.004193,0.996981,-0.076887,-0.010873,0.011164,0.003345,0.999932,0,0.61844,-0.52617,37.107,-1.052,-1,475.000,-1,500.000,-1,375.000,375.000,250.000,275.000,-1,-1,-1,-1,-1,-1,-1,-1,2,0,2,0,2,0,0,0,0,2,2,2,2,2,2,2,2
48,-2828.280,-179.024,-247.724,93.123,-0.054459,-0.998507,0.004259,0.998497,-0.054484,-0.005936,0.006159,0.003930,0.999973,0,0.53844,-0.64320,32.307,-1.286,-1,475.000,-1,500.000,-1,375.000,375.000,275.000,275.000,-1,-1,-1,-1,-1,-1,-1,-1,2,0,2,0,2,0,0,0,0,2,2,2,2,2,2,2,2
49,-2829.159,-151.531,-246.956,91.832,-0.031967,-0.999479,0.004528,0.999487,-0.031975,-0.001693,0.001836,0.004472,0.999988,0,0.45844,-0.64546,27.507,-1.291,-1,475.000,-1,500.000,-1,375.000,375.000,275.000,275.000,-1,-1,-1,-1,-1,-1,-1,-1,2,0,2,0,2,0,0,0,0,2,2,2,2,2,2,2,2
50,-2829.372,-128.825,-246.329,90.537,-0.009386,-0.999944,0.004963,0.999954,-0.009377,0.001847,-0.001801,0.004981,0.999986,0,0.37844,-0.64754,22.707,-1.295,-1,500.000,-1,500.000,-1,375.000,375.000,275.000,275.000,-1,-1,-1,-1,-1,-1,-1,-1,2,0,2,0,2,0,0,0,0,2,2,2,2,2,2,2,2
51,-2829.134,-110.920,-245.839,89.239,0.013263,-0.999897,0.005530,0.999901,0.013289,0.004676,-0.004749,0.005467,0.999974,0,0.29844,-0.64937,17.907,-1.299,-1,500.000,-1,500.000,-1,400.000,375.000,275.000,275.000,-1,-1,-1,-1,-1,-1,-1,-1,2,0,2,0,2,0,0,0,0,2,2,2,2,2,2,2,2
52,-2828.662,-97.822,-245.483,87.937,0.035960,-0.999334,0.006192,0.999329,0.036002,0.006788,-0.007006,0.005944,0.999958,0,0.21844,-0.65089,13.107,-1.302,-1,500.000,-1,500.000,-1,400.000,375.000,275.000,275.000,-1,-1,-1,-1,-1,-1,-1,-1,2,0,2,0,2,0,0,0,0,2,2,2,2,2,2,2,2
53,-2828.174,-89.530,-245.259,86.633,0.058681,-0.998253,0.006916,0.998240,0.058737,0.008178,-0.008570,0.006424,0.999943,0,0.13844,-0.65207,8.307,-1.304,-1,500.000,-1,500.000,-1,400.000,375.000,275.000,275.000,-1,-1,-1,-1,-1,-1,-1,-1,2,0,2,0,2,0,0,0,0,2,2,2,2,2,2,2,2
54,-2827.889,-86.035,-245.162,85.327,0.081401,-0.996652,0.007667,0.996637,0.081468,0.008846,-0.009441,0.006921,0.999931,0,0.05844,-0.65284,3.507,-1.306,-1,500.000,-1,475.000,-1,400.000,375.000,275.000,275.000,-1,-1,-1,-1,-1,-1,-1,-1,2,0,2,0,2,0,0,0,0,2,2,2,2,2,2,2,2
55,-2827.058,-77.770,-244.934,84.261,0.099907,-0.994962,0.008325,0.994936,0.099990,0.010189,-0.010970,0.007265,0.999913,0,0.13844,-0.53284,8.307,-1.066,-1,525.000,-1,475.000,-1,400.000,375.000,275.000,275.000,-1,-1,-1,-1,-1,-1,-1,-1,2,0,2,0,2,0,0,0,0,2,2,2,2,2,2,2,2
56,-2825.560,-64.749,-244.579,83.436,0.114213,-0.993416,0.008904,0.993369,0.114317,0.012212,-0.013150,0.007451,0.999886,0,0.21844,-0.41284,13.107,-0.826,-1,525.000,-1,475.000,-1,400.000,375.000,275.000,275.000,-1,-1,-1,-1,-1,-1,-1,-1,2,0,2,0,2,0,0,0,0,2,2,2,2,2,2,2,2
57,-2823.331,-46.981,-244.101,82.850,0.124334,-0.992196,0.009405,0.992112,0.124465,0.014918,-0.015973,0.007476,0.999844,0,0.29844,-0.29284,17.907,-0.586,-1,525.000,-1,475.000,-1,400.000,375.000,300.000,275.000,-1,-1,-1,-1,-1,-1,-1,-1,2,0,2,0,2,0,0,0,0,2,2,2,2,2,2,2,2
58,-2820.368,-24.468,-244.076,82.504,0.130341,-0.991442,0.007341,0.991301,0.130451,0.017436,-0.018245,0.005005,0.999821,0,0.37844,-0.17284,22.707,-0.346,-1,525.000,-1,475.000,-1,400.000,375.000,275.000,300.000,-1,-1,-1,-1,-1,-1,-1,-1,2,0,2,0,2,0,0,0,0,2,2,2,2,2,2,2,2
59,-2816.730,2.797,-244.533,82.399,0.132251,-0.991212,0.002837,0.990967,0.132281,0.022042,-0.022224,-0.000103,0.999753,0,0.45844,-0.05284,27.507,-0.106,-1,525.000,-1,500.000,-1,400.000,375.000,275.000,300.000,-1,-1,-1,-1,-1,-1,-1,-1,2,0,2,0,2,0,0,0,0,2,2,2,2,2,2,2,2
60,-2812.511,34.827,-245.381,82.496,0.130668,-0.991425,-0.001308,0.991090,0.130589,0.026221,-0.025825,-0.004723,0.999655,0,0.53844,0.04885,32.307,0.098,-1,500.000,-1,500.000,-1,400.000,400.000,275.000,300.000,-1,-1,-1,-1,-1,-1,-1,-1,2,0,2,0,2,0,0,0,0,2,2,2,2,2,2,2,2
61,-2807.724,71.624,-247.749,82.587,0.129110,-0.991630,-0.000880,0.991152,0.129020,0.031161,-0.030787,-0.004896,0.999514,0,0.61844,0.04535,37.107,0.091,-1,500.000,-1,475.000,-1,400.000,375.000,275.000,300.000,-1,-1,-1,-1,-1,-1,-1,-1,2,0,2,0,2,0,0,0,0,2,2,2,2,2,2,2,2
62,-2802.377,113.189,-250.506,82.669,0.127683,-0.991815,-0.000107,0.991138,0.127592,0.036946,-0.036630,-0.004823,0.999317,0,0.69844,0.04126,41.907,0.083,-1,500.000,-1,475.000,-1,375.000,375.000,250.000,300.000,-1,-1,-1,-1,-1,-1,-1,-1,2,0,2,0,2,0,0,0,0,2,2,2,2,2,2,2,2
63,-2797.849,150.019,-252.954,82.992,0.122086,-0.992519,0.000686,0.991640,0.122007,0.042006,-0.041775,-0.004448,0.999117,0,0.61844,0.16126,37.107,0.323,-1,475.000,-1,475.000,-1,375.000,375.000,250.000,275.000,-1,-1,-1,-1,-1,-1,-1,-1,2,0,2,0,2,0,0,0,0,2,2,2,2,2,2,2,2
64,-2794.223,182.122,-255.090,83.555,0.112311,-0.993672,0.001453,0.992598,0.112257,0.046342,-0.046212,-0.003763,0.998925,0,0.53844,0.28126,32.307,0.563,-1,475.000,-1,475.000,-1,375.000,375.000,250.000,275.000,-1,-1,-1,-1,-1,-1,-1,-1,2,0,2,0,2,0,0,0,0,2,2,2,2,2,2,2,2
65,-2791.518,209.495,-256.909,84.357,0.098344,-0.995150,0.002163,0.993899,0.098329,0.049957,-0.049928,-0.002763,0.998749,0,0.45844,0.40126,27.507,0.803,-1,475.000,-1,450.000,-1,375.000,375.000,250.000,275.000,-1,-1,-1,-1,-1,-1,-1,-1,2,0,2,0,2,0,0,0,0,2,2,2,2,2,2,2,2
66,-2789.696,232.129,-258.408,85.400,0.080171,-0.996777,0.002797,0.995376,0.080206,0.052855,-0.052909,-0.001453,0.998598,0,0.37844,0.52126,22.707,1.043,-1,475.000,-1,450.000,-1,375.000,375.000,250.000,275.000,-1,-1,-1,-1,-1,-1,-1,-1,2,0,2,0,2,0,0,0,0,2,2,2,2,2,2,2,2
67,-2788.660,250.006,-259.584,86.682,0.057779,-0.998324,0.003348,0.996805,0.057876,0.055038,-0.055140,0.000157,0.998479,0,0.29844,0.64126,17.907,1.283,-1,450.000,-1,450.000,-1,375.000,375.000,250.000,275.000,-1,-1,-1,-1,-1,-1,-1,-1,2,0,2,0,2,0,0,0,0,2,2,2,2,2,2,2,2
68,-2788.249,263.107,-260.435,88.205,0.031164,-0.999507,0.003819,0.997910,0.031330,0.056510,-0.056602,0.002050,0.998395,0,0.21844,0.76126,13.107,1.523,-1,450.000,-1,450.000,-1,375.000,375.000,250.000,250.000,-1,-1,-1,-1,-1,-1,-1,-1,2,0,2,0,2,0,0,0,0,2,2,2,2,2,2,2,2
69,-2788.244,271.414,-260.960,89.967,0.000332,-0.999991,0.004228,0.998358,0.000574,0.057277,-0.057279,0.004202,0.998349,0,0.13844,0.88126,8.307,1.763,-1,450.000,-1,450.000,-1,375.000,375.000,250.000,250.000,-1,-1,-1,-1,1000.000,-1,-1,-1,2,0,2,0,2,0,0,0,0,2,2,2,2,0,2,2,2
70,-2788.356,274.919,-261.162,91.832,-0.032278,-0.999468,0.004578,0.997841,-0.031962,0.057375,-0.057198,0.006420,0.998342,0,0.05844,0.93227,3.507,1.865,-1,450.000,-1,450.000,-1,375.000,375.000,250.000,250.000,-1,-1,-1,-1,975.000,-1,-1,-1,2,0,2,0,2,0,0,0,0,2,2,2,2,0,2,2,2
71,-2788.273,273.628,-261.047,93.695,-0.064833,-0.997884,0.004892,0.996301,-0.064451,0.056830,-0.056395,0.008558,0.998372,0,-0.02156,0.93191,-1.293,1.864,-1,450.000,-1,475.000,-1,375.000,375.000,250.000,250.000,-1,-1,-1,-1,950.000,-1,-1,-1,2,0,2,0,2,0,0,0,0,2,2,2,2,0,2,2,2
72,-2787.683,267.563,-260.621,95.560,-0.097313,-0.995240,0.005210,0.993739,-0.096875,0.055651,-0.054882,0.010593,0.998437,0,-0.10156,0.93204,-6.093,1.864,-1,450.000,-1,475.000,-1,375.000,375.000,250.000,250.000,-1,-1,-1,-1,950.000,-1,-1,-1,2,0,2,0,2,0,0,0,0,2,2,2,2,0,2,2,2
73,-2786.275,256.761,-259.893,97.425,-0.129698,-0.991538,0.005574,0.990154,-0.129214,0.053848,-0.052672,0.012503,0.998534,0,-0.18156,0.93260,-10.893,1.865,-1,450.000,-1,475.000,-1,375.000,375.000,250.000,250.000,-1,-1,-1,-1,950.000,-1,-1,-1,2,0,2,0,2,0,0,0,0,2,2,2,2,0,2,2,2
74,-2783.742,241.273,-258.868,99.292,-0.161965,-0.986778,0.006025,0.985540,-0.161447,0.051433,-0.049780,0.014268,0.998658,0,-0.26156,0.93355,-15.693,1.867,-1,450.000,-1,475.000,-1,375.000,375.000,250.000,250.000,-1,-1,-1,-1,950.000,-1,-1,-1,2,0,2,0,2,0,0,0,0,2,2,2,2,0,2,2,2
75,-2779.775,221.167,-257.556,101.162,-0.194089,-0.980962,0.006606,0.979894,-0.193552,0.048423,-0.046222,0.015871,0.998805,0,-0.34156,0.93484,-20.493,1.870,-1,450.000,-1,475.000,-1,375.000,375.000,275.000,275.000,-1,-1,-1,-1,950.000,-1,-1,-1,2,0,2,0,2,0,0,0,0,2,2,2,2,0,2,2,2
76,-2774.071,196.525,-255.965,103.034,-0.226044,-0.974089,0.007358,0.973210,-0.225502,0.044836,-0.042016,0.017296,0.998967,0,-0.42156,0.93641,-25.293,1.873,-1,450.000,-1,475.000,-1,375.000,375.000,275.000,250.000,-1,-1,-1,-1,950.000,-1,-1,-1,2,0,2,0,2,0,0,0,0,2,2,2,2,0,2,2,2
77,-2766.327,167.444,-254.048,104.911,-0.257811,-0.966158,0.008492,0.965473,-0.257269,0.040920,-0.037351,0.018748,0.999126,0,-0.50156,0.93818,-30.093,1.876,-1,450.000,-1,500.000,-1,375.000,375.000,275.000,250.000,-1,-1,-1,-1,950.000,-1,-1,-1,2,0,2,0,2,0,0,0,0,2,2,2,2,0,2,2,2
78,-2757.383,137.799,-251.983,106.791,-0.289371,-0.957163,0.010155,0.956650,-0.288819,0.037474,-0.032935,0.020559,0.999246,0,-0.51608,0.94008,-30.965,1.880,-1,450.000,-1,500.000,-1,375.000,375.000,300.000,275.000,-1,-1,-1,-1,975.000,-1,-1,-1,2,0,2,0,2,0,0,0,0,2,2,2,2,0,2,2,2
79,-2747.495,108.541,-249.937,108.675,-0.320665,-0.947117,0.011986,0.946762,-0.320112,0.034189,-0.028544,0.022311,0.999344,0,-0.51473,0.94182,-30.884,1.884,-1,450.000,-1,500.000,-1,375.000,400.000,300.000,275.000,-1,-1,-1,-1,975.000,-1,-1,-1,2,0,2,0,2,0,0,0,0,2,2,2,2,0,2,2,2
80,-2736.681,79.714,-248.701,110.561,-0.351602,-0.936096,0.010018,0.935767,-0.351132,0.032359,-0.026774,0.020752,0.999426,0,-0.51314,0.94333,-30.788,1.887,-1,450.000,-1,500.000,-1,375.000,375.000,300.000,275.000,-1,-1,-1,-1,950.000,-1,-1,-1,2,0,2,0,2,0,0,0,0,2,2,2,2,0,2,2,2
81,-2724.964,51.358,-247.967,112.450,-0.382153,-0.924074,0.006821,0.923795,-0.381827,0.028492,-0.023724,0.017189,0.999571,0,-0.51134,0.94460,-30.681,1.889,-1,425.000,-1,500.000,-1,375.000,375.000,300.000,275.000,-1,-1,-1,-1,925.000,-1,-1,-1,2,0,2,0,2,0,0,0,0,2,2,2,2,0,2,2,2
82,-2712.367,23.512,-247.537,114.342,-0.412320,-0.911033,0.003180,0.910824,-0.412145,0.023142,-0.019772,0.012438,0.999727,0,-0.50938,0.94562,-30.563,1.891,-1,425.000,-1,500.000,-1,350.000,375.000,275.000,300.000,-1,-1,-1,-1,900.000,-1,-1,-1,2,0,2,0,2,0,0,0,0,2,2,2,2,0,2,2,2
83,-2701.076,0.356,-247.178,115.993,-0.438325,-0.898816,0.000386,0.898666,-0.438244,0.018507,-0.016465,0.008459,0.999829,0,-0.42938,0.82562,-25.763,1.651,-1,425.000,-1,525.000,-1,350.000,375.000,275.000,300.000,-1,-1,-1,-1,875.000,-1,-1,-1,2,0,2,0,2,0,0,0,0,2,2,2,2,0,2,2,2
84,-2691.427,-18.255,-246.889,117.404,-0.460284,-0.887770,-0.001681,0.887664,-0.460257,0.014658,-0.013786,0.005254,0.999891,0,-0.34938,0.70562,-20.963,1.411,-1,400.000,-1,525.000,-1,350.000,375.000,275.000,300.000,-1,-1,-1,-1,875.000,-1,-1,-1,2,0,2,0,2,0,0,0,0,2,2,2,2,0,2,2,2
85,-2683.696,-32.448,-246.669,118.575,-0.478311,-0.878185,-0.003130,0.878112,-0.478313,0.011642,-0.011721,0.002820,0.999927,0,-0.26938,0.58562,-16.163,1.171,-1,400.000,-1,525.000,-1,350.000,375.000,275.000,300.000,-1,-1,-1,-1,850.000,-1,-1,-1,2,0,2,0,2,0,0,0,0,2,2,2,2,0,2,2,2
86,-2678.100,-42.337,-246.517,119.507,-0.492509,-0.870298,-0.004048,0.870247,-0.492524,0.009494,-0.010256,0.001154,0.999947,0,-0.18938,0.46562,-11.363,0.931,-1,400.000,-1,525.000,-1,350.000,375.000,275.000,300.000,-1,-1,-1,-1,850.000,-1,-1,-1,2,0,2,0,2,0,0,0,0,2,2,2,2,0,2,2,2
87,-2674.799,-48.009,-246.434,120.198,-0.502968,-0.864293,-0.004502,0.864254,-0.502988,0.008236,-0.009383,0.000251,0.999956,0,-0.10938,0.34562,-6.563,0.691,-1,400.000,-1,525.000,-1,350.000,375.000,275.000,300.000,-1,-1,-1,-1,850.000,-1,-1,-1,2,0,2,0,2,0,0,0,0,2,2,2,2,0,2,2,2
88,-2673.900,-49.526,-246.420,120.649,-0.509759,-0.860305,-0.004540,0.860269,-0.509779,0.007878,-0.009092,0.000110,0.999959,0,-0.02938,0.22562,-1.763,0.451,-1,400.000,-1,525.000,-1,350.000,375.000,275.000,300.000,-1,-1,-1,-1,825.000,-1,-1,-1,2,0,2,0,2,0,0,0,0,2,2,2,2,0,2,2,2
89,-2675.458,-46.918,-246.475,120.860,-0.512931,-0.858420,-0.004185,0.858379,-0.512947,0.008427,-0.009380,0.000730,0.999956,0,0.05062,0.10562,3.037,0.211,-1,400.000,-1,525.000,-1,350.000,375.000,275.000,300.000,-1,-1,-1,-1,825.000,-1,-1,-1,2,0,2,0,2,0,0,0,0,2,2,2,2,0,2,2,2
90,-2679.475,-40.189,-246.600,120.832,-0.512508,-0.858675,-0.003440,0.858621,-0.512515,0.009880,-0.010246,0.002110,0.999945,0,0.13062,-0.01438,7.837,-0.029,-1,400.000,-1,525.000,-1,350.000,375.000,275.000,300.000,-1,-1,-1,-1,825.000,-1,-1,-1,2,0,2,0,2,0,0,0,0,2,2,2,2,0,2,2,2
91,-2685.901,-29.307,-246.795,120.563,-0.508491,-0.861064,-0.002284,0.860988,-0.508479,0.012230,-0.011692,0.004252,0.999923,0,0.21062,-0.13438,12.637,-0.269,-1,400.000,-1,525.000,-1,350.000,375.000,275.000,300.000,-1,-1,-1,-1,825.000,-1,-1,-1,2,0,2,0,2,0,0,0,0,2,2,2,2,0,2,2,2
92,-2694.634,-14.214,-247.061,120.054,-0.500855,-0.865531,-0.000675,0.865422,-0.500805,0.015464,-0.013722,0.007161,0.999880,0,0.29062,-0.25438,17.437,-0.509,-1,400.000,-1,525.000,-1,350.000,375.000,275.000,300.000,-1,-1,-1,-1,850.000,-1,-1,-1,2,0,2,0,2,0,0,0,0,2,2,2,2,0,2,2,2
93,-2705.519,5.178,-247.399,119.305,-0.489553,-0.871972,0.001451,0.871820,-0.489435,0.019559,-0.016345,0.010840,0.999808,0,0.37062,-0.37438,22.237,-0.749,-1,400.000,-1,500.000,-1,350.000,375.000,275.000,300.000,-1,-1,-1,-1,850.000,-1,-1,-1,2,0,2,0,2,0,0,0,0,2,2,2,2,0,2,2,2
94,-2713.790,20.528,-247.653,118.317,-0.474483,-0.880259,0.003173,0.880070,-0.474299,0.022726,-0.018500,0.013576,0.999737,0,0.29062,-0.49438,17.437,-0.989,-1,400.000,-1,500.000,-1,350.000,375.000,300.000,275.000,-1,-1,-1,-1,850.000,-1,-1,-1,2,0,2,0,2,0,0,0,0,2,2,2,2,0,2,2,2
95,-2719.564,31.770,-247.820,117.182,-0.457004,-0.889453,0.004481,0.889236,-0.456767,0.024970,-0.020163,0.015397,0.999678,0,0.21062,-0.56721,12.637,-1.134,-1,425.000,-1,500.000,-1,350.000,375.000,300.000,275.000,-1,-1,-1,-1,875.000,-1,-1,-1,2,0,2,0,2,0,0,0,0,2,2,2,2,0,2,2,2
96,-2723.028,38.800,-247.912,116.232,-0.442223,-0.896889,0.005336,0.896653,-0.441950,0.026324,-0.021251,0.016425,0.999639,0,0.13062,-0.47500,7.837,-0.950,-1,425.000,-1,500.000,-1,350.000,375.000,300.000,275.000,-1,-1,-1,-1,875.000,-1,-1,-1,2,0,2,0,2,0,0,0,0,2,2,2,2,0,2,2,2
97,-2724.325,41.547,-247.919,115.281,-0.427288,-0.904098,0.005682,0.903853,-0.427004,0.026788,-0.021793,0.016582,0.999625,0,0.05062,-0.47542,3.037,-0.951,-1,425.000,-1,500.000,-1,350.000,375.000,300.000,275.000,-1,-1,-1,-1,875.000,-1,-1,-1,2,0,2,0,2,0,0,0,0,2,2,2,2,0,2,2,2
98,-2723.599,39.941,-247.839,114.330,-0.412210,-0.911072,0.005478,0.910829,-0.411941,0.026377,-0.021775,0.015862,0.999637,0,-0.02938,-0.47561,-1.763,-0.951,-1,425.000,-1,500.000,-1,350.000,375.000,300.000,275.000,-1,-1,-1,-1,900.000,-1,-1,-1,2,0,2,0,2,0,0,0,0,2,2,2,2,0,2,2,2
99,-2720.995,33.917,-247.667,113.379,-0.397002,-0.917806,0.004678,0.917573,-0.396773,0.025101,-0.021182,0.014258,0.999674,0,-0.10938,-0.47549,-6.563,-0.951,-1,425.000,-1,500.000,-1,350.000,375.000,300.000,275.000,-1,-1,-1,-1,900.000,-1,-1,-1,2,0,2,0,2,0,0,0,0,2,2,2,2,0,2,2,2
100,-2716.659,23.414,-247.403,112.429,-0.381681,-0.924288,0.003241,0.924078,-0.381514,0.022975,-0.019999,0.011764,0.999731,0,-0.18938,-0.47500,-11.363,-0.950,-1,425.000,-1,525.000,-1,375.000,375.000,275.000,300.000,-1,-1,-1,-1,925.000,-1,-1,-1,2,0,2,0,2,0,0,0,0,2,2,2,2,0,2,2,2
101,-2710.740,8.374,-247.043,111.481,-0.366273,-0.930507,0.001124,0.930329,-0.366179,0.020012,-0.018209,0.008375,0.999799,0,-0.26938,-0.47409,-16.163,-0.948,-1,425.000,-1,525.000,-1,375.000,400.000,275.000,300.000,-1,-1,-1,-1,925.000,-1,-1,-1,2,0,2,0,2,0,0,0,0,2,2,2,2,0,2,2,2
102,-2703.387,-11.256,-246.584,110.535,-0.350803,-0.936448,-0.001713,0.936316,-0.350784,0.016224,-0.015794,0.004087,0.999867,0,-0.34938,-0.47275,-20.963,-0.945,-1,425.000,-1,525.000,-1,375.000,400.000,275.000,300.000,-1,-1,-1,-1,950.000,-1,-1,-1,2,0,2,0,2,0,0,0,0,2,2,2,2,0,2,2,2
103,-2694.747,-35.527,-246.023,109.594,-0.335305,-0.942095,-0.005311,0.942023,-0.335346,0.011627,-0.012735,-0.001105,0.999918,0,-0.42938,-0.47094,-25.763,-0.942,-1,425.000,-1,525.000,-1,375.000,400.000,275.000,300.000,-1,-1,-1,-1,975.000,-1,-1,-1,2,0,2,0,2,0,0,0,0,2,2,2,2,0,2,2,2
104,-2684.971,-64.484,-245.505,108.656,-0.319815,-0.947434,-0.009328,0.947433,-0.319882,0.006830,-0.009454,-0.006653,0.999933,0,-0.50938,-0.46867,-30.563,-0.937,-1,450.000,-1,525.000,-1,375.000,400.000,275.000,325.000,-1,-1,-1,-1,975.000,-1,-1,-1,2,0,2,0,2,0,0,0,0,2,2,2,2,0,2,2,2
105,-2674.784,-96.360,-245.588,107.724,-0.304352,-0.952482,-0.012124,0.952528,-0.304421,0.004250,-0.007739,-0.010255,0.999917,0,-0.55773,-0.46597,-33.464,-0.932,-1,425.000,-1,525.000,-1,375.000,375.000,250.000,325.000,-1,-1,-1,-1,975.000,-1,-1,-1,2,0,2,0,2,0,0,0,0,2,2,2,2,0,2,2,2
106,-2665.109,-128.409,-246.643,106.798,-0.288970,-0.957278,-0.010712,0.957333,-0.288987,0.000029,-0.003123,-0.010246,0.999943,0,-0.55796,-0.46303,-33.478,-0.926,-1,425.000,-1,525.000,-1,375.000,375.000,250.000,325.000,-1,-1,-1,-1,1000.000,-1,-1,-1,2,0,2,0,2,0,0,0,0,2,2,2,2,0,2,2,2
107,-2655.946,-160.621,-247.734,105.878,-0.273606,-0.961798,-0.009233,0.961840,-0.273576,-0.004338,0.001647,-0.010068,0.999948,0,-0.55816,-0.46010,-33.490,-0.920,-1,425.000,-1,525.000,-1,350.000,375.000,250.000,325.000,-1,-1,-1,-1,-1,-1,-1,-1,2,0,2,0,2,0,0,0,0,2,2,2,2,2,2,2,2
108,-2647.296,-192.984,-248.824,104.964,-0.258262,-0.966043,-0.007856,0.966053,-0.258193,-0.008783,0.006457,-0.009857,0.999931,0,-0.55833,-0.45721,-33.500,-0.914,-1,425.000,-1,525.000,-1,350.000,375.000,250.000,325.000,-1,-1,-1,-1,-1,-1,-1,-1,2,0,2,0,2,0,0,0,0,2,2,2,2,2,2,2,2
109,-2639.159,-225.489,-249.912,104.055,-0.242942,-0.970019,-0.006582,0.969975,-0.242841,-0.013300,0.011303,-0.009616,0.999890,0,-0.55846,-0.45434,-33.508,-0.909,-1,425.000,-1,500.000,-1,350.000,375.000,250.000,300.000,-1,-1,-1,-1,-1,-1,-1,-1,2,0,2,0,2,0,0,0,0,2,2,2,2,2,2,2,2
110,-2631.533,-258.123,-250.997,103.152,-0.227651,-0.973728,-0.005416,0.973608,-0.227524,-0.017886,0.016183,-0.009345,0.999825,0,-0.55856,-0.45151,-33.513,-0.903,-1,425.000,-1,500.000,-1,350.000,375.000,250.000,300.000,-1,-1,-1,-1,-1,-1,-1,-1,2,0,2,0,2,0,0,0,0,2,2,2,2,2,2,2,2
111,-2624.419,-290.876,-252.078,102.254,-0.212393,-0.977175,-0.004359,0.976957,-0.212245,-0.022533,0.021094,-0.009045,0.999737,0,-0.55862,-0.44871,-33.517,-0.897,-1,425.000,-1,500.000,-1,350.000,350.000,250.000,300.000,-1,-1,-1,-1,-1,-1,-1,-1,2,0,2,0,2,0,0,0,0,2,2,2,2,2,2,2,2
112,-2618.823,-319.042,-252.985,101.237,-0.195025,-0.980792,-0.003387,0.980468,-0.194869,-0.026631,0.025460,-0.008514,0.999640,0,-0.47862,-0.50850,-28.717,-1.017,-1,450.000,-1,500.000,-1,350.000,350.000,250.000,300.000,-1,-1,-1,-1,-1,-1,-1,-1,2,0,2,0,2,0,0,0,0,2,2,2,2,2,2,2,2
113,-2614.577,-342.578,-253.707,100.225,-0.177667,-0.984087,-0.002505,0.983656,-0.177513,-0.030172,0.029247,-0.007825,0.999542,0,-0.39862,-0.50613,-23.917,-1.012,-1,450.000,-1,475.000,-1,350.000,350.000,250.000,300.000,-1,-1,-1,-1,-1,-1,-1,-1,2,0,2,0,2,0,0,0,0,2,2,2,2,2,2,2,2
114,-2611.515,-361.448,-254.291,99.217,-0.160319,-0.987063,-0.001902,0.986537,-0.160169,-0.033027,0.032295,-0.007171,0.999453,0,-0.31862,-0.50412,-19.117,-1.008,-1,450.000,-1,475.000,-1,350.000,350.000,250.000,300.000,-1,-1,-1,-1,-1,-1,-1,-1,2,0,2,0,2,0,0,0,0,2,2,2,2,2,2,2,2
115,-2609.470,-375.618,-254.735,98.212,-0.142976,-0.989725,-0.001542,0.989121,-0.142834,-0.035182,0.034600,-0.006555,0.999380,0,-0.23862,-0.50247,-14.317,-1.005,-1,450.000,-1,475.000,-1,350.000,375.000,250.000,275.000,-1,-1,-1,-1,-1,-1,-1,-1,2,0,2,0,2,0,0,0,0,2,2,2,2,2,2,2,2
116,-2608.275,-385.060,-255.037,97.210,-0.125633,-0.992076,-0.001388,0.991418,-0.125498,-0.036626,0.036161,-0.005977,0.999328,0,-0.15862,-0.50119,-9.517,-1.002,-1,450.000,-1,475.000,-1,375.000,375.000,250.000,275.000,-1,-1,-1,-1,-1,-1,-1,-1,2,0,2,0,2,0,0,0,0,2,2,2,2,2,2,2,2
117,-2607.765,-389.749,-255.197,96.209,-0.108282,-0.994119,-0.001404,0.993432,-0.108155,-0.037349,0.036977,-0.005439,0.999301,0,-0.07862,-0.50029,-4.717,-1.001,-1,450.000,-1,475.000,-1,375.000,375.000,250.000,275.000,-1,-1,-1,-1,-1,-1,-1,-1,2,0,2,0,2,0,0,0,0,2,2,2,2,2,2,2,2
118,-2607.773,-389.666,-255.214,95.209,-0.090916,-0.995857,-0.001553,0.995169,-0.090795,-0.037344,0.037049,-0.004941,0.999301,0,0.00138,-0.49982,0.083,-1.000,-1,450.000,-1,475.000,-1,375.000,375.000,250.000,275.000,-1,-1,-1,-1,-1,-1,-1,-1,2,0,2,0,2,0,0,0,0,2,2,2,2,2,2,2,2
119,-2608.131,-384.796,-255.089,94.210,-0.073522,-0.997292,-0.001797,0.996630,-0.073407,-0.036608,0.036377,-0.004482,0.999328,0,0.08138,-0.49983,4.883,-1.000,-1,450.000,-1,475.000,-1,375.000,375.000,250.000,275.000,-1,-1,-1,-1,-1,-1,-1,-1,2,0,2,0,2,0,0,0,0,2,2,2,2,2,2,2,2
120,-2608.673,-375.129,-254.820,93.209,-0.056085,-0.998424,-0.002098,0.997814,-0.055977,-0.035137,0.034964,-0.004064,0.999380,0,0.16138,-0.50039,9.683,-1.001,-1,450.000,-1,475.000,-1,350.000,350.000,250.000,275.000,-1,-1,-1,-1,-1,-1,-1,-1,2,0,2,0,2,0,0,0,0,2,2,2,2,2,2,2,2
121,-2609.231,-360.656,-254.409,92.206,-0.038589,-0.999252,-0.002419,0.998716,-0.038489,-0.032931,0.032813,-0.003686,0.999455,0,0.24138,-0.50158,14.483,-1.003,-1,450.000,-1,475.000,-1,350.000,350.000,250.000,275.000,-1,-1,-1,-1,-1,-1,-1,-1,2,0,2,0,2,0,0,0,0,2,2,2,2,2,2,2,2
122,-2609.634,-341.378,-253.854,91.199,-0.021012,-0.999776,-0.002719,0.999331,-0.020921,-0.029990,0.029927,-0.003348,0.999546,0,0.32138,-0.50350,19.283,-1.007,-1,475.000,-1,475.000,-1,350.000,350.000,250.000,275.000,-1,-1,-1,-1,-1,-1,-1,-1,2,0,2,0,2,0,0,0,0,2,2,2,2,2,2,2,2
123,-2609.712,-317.295,-253.158,90.186,-0.003330,-0.999990,-0.002961,0.999648,-0.003251,-0.026318,0.026308,-0.003048,0.999649,0,0.40138,-0.50626,24.083,-1.013,-1,475.000,-1,475.000,-1,350.000,350.000,250.000,275.000,-1,-1,-1,-1,-1,-1,-1,-1,2,0,2,0,2,0,0,0,0,2,2,2,2,2,2,2,2
124,-2609.292,-288.415,-252.319,89.166,0.014486,-0.999890,-0.003104,0.999654,0.014550,-0.021918,0.021961,-0.002786,0.999755,0,0.48138,-0.50999,28.883,-1.020,-1,475.000,-1,475.000,-1,350.000,350.000,250.000,300.000,-1,-1,-1,-1,-1,-1,-1,-1,2,0,2,0,2,0,0,0,0,2,2,2,2,2,2,2,2
125,-2608.197,-254.750,-251.337,88.137,0.032468,-0.999468,-0.003107,0.999330,0.032516,-0.016796,0.016888,-0.002560,0.999854,0,0.56138,-0.51482,33.683,-1.030,-1,475.000,-1,475.000,-1,350.000,350.000,275.000,300.000,-1,-1,-1,-1,-1,-1,-1,-1,2,0,2,0,2,0,0,0,0,2,2,2,2,2,2,2,2
126,-2606.247,-216.317,-250.212,87.095,0.050653,-0.998712,-0.002927,0.998655,0.050682,-0.010959,0.011093,-0.002368,0.999936,0,0.64138,-0.52089,38.483,-1.042,-1,500.000,-1,475.000,-1,375.000,375.000,275.000,300.000,-1,-1,-1,-1,-1,-1,-1,-1,2,0,2,0,2,0,0,0,0,2,2,2,2,2,2,2,2
127,-2603.560,-177.523,-249.070,86.038,0.069080,-0.997608,-0.002529,0.997597,0.069092,-0.005082,0.005245,-0.002172,0.999984,0,0.64811,-0.52836,38.887,-1.057,-1,500.000,-1,475.000,-1,375.000,375.000,275.000,300.000,-1,-1,-1,-1,-1,-1,-1,-1,2,0,2,0,2,0,0,0,0,2,2,2,2,2,2,2,2
128,-2600.151,-138.834,-247.925,84.965,0.087761,-0.996140,-0.001907,0.996141,0.087760,0.000758,-0.000588,-0.001966,0.999998,0,0.64733,-0.53645,38.840,-1.073,-1,500.000,-1,475.000,-1,375.000,375.000,275.000,300.000,-1,-1,-1,-1,-1,-1,-1,-1,2,0,2,0,2,0,0,0,0,2,2,2,2,2,2,2,2
129,-2596.008,-100.223,-246.773,83.875,0.106704,-0.994290,-0.001057,0.994270,0.106695,0.006561,-0.006411,-0.001751,0.999978,0,0.64721,-0.54504,38.832,-1.090,-1,500.000,-1,475.000,-1,375.000,375.000,275.000,300.000,-1,-1,-1,-1,-1,-1,-1,-1,2,0,2,0,2,0,0,0,0,2,2,2,2,2,2,2,2
130,-2591.115,-61.666,-245.614,82.767,0.125916,-0.992041,0.000027,0.991966,0.125907,0.012324,-0.012229,-0.001525,0.999924,0,0.64777,-0.55415,38.866,-1.108,-1,500.000,-1,475.000,-1,400.000,375.000,300.000,325.000,-1,-1,-1,-1,-1,-1,-1,-1,2,0,2,0,2,0,0,0,0,2,2,2,2,2,2,2,2
131,-2585.453,-23.139,-245.270,81.639,0.145460,-0.989362,-0.002155,0.989223,0.145402,0.017211,-0.016714,-0.004635,0.999850,0,0.64902,-0.56376,38.941,-1.128,-1,525.000,-1,500.000,-1,400.000,375.000,300.000,325.000,-1,-1,-1,-1,-1,-1,-1,-1,2,0,2,0,2,0,0,0,0,2,2,2,2,2,2,2,2
132,-2579.002,15.384,-246.093,80.492,0.165413,-0.986192,-0.007977,0.985968,0.165180,0.024150,-0.022499,-0.011860,0.999677,0,0.65097,-0.57386,39.058,-1.148,-1,500.000,-1,500.000,-1,400.000,375.000,275.000,325.000,-1,-1,-1,-1,-1,-1,-1,-1,2,0,2,0,2,0,0,0,0,2,2,2,2,2,2,2,2
133,-2571.737,53.923,-247.508,79.323,0.185653,-0.982546,-0.011703,0.982257,0.185250,0.029227,-0.026549,-0.016921,0.999504,0,0.65364,-0.58445,39.218,-1.169,-1,500.000,-1,500.000,-1,400.000,375.000,275.000,350.000,-1,-1,-1,-1,-1,-1,-1,-1,2,0,2,0,2,0,0,0,0,2,2,2,2,2,2,2,2
134,-2563.630,92.502,-250.057,78.132,0.206115,-0.978468,-0.010822,0.978006,0.205631,0.034929,-0.031952,-0.017783,0.999331,0,0.65702,-0.59554,39.421,-1.191,-1,500.000,-1,475.000,-1,375.000,375.000,275.000,325.000,-1,-1,-1,-1,-1,-1,-1,-1,2,0,2,0,2,0,0,0,0,2,2,2,2,2,2,2,2
135,-2554.651,131.140,-252.598,76.917,0.226877,-0.973875,-0.009753,0.973208,0.226316,0.040591,-0.037323,-0.018701,0.999128,0,0.66112,-0.60711,39.667,-1.214,-1,475.000,-1,475.000,-1,375.000,375.000,275.000,325.000,-1,-1,-1,-1,-1,-1,-1,-1,2,0,2,0,2,0,0,0,0,2,2,2,2,2,2,2,2
136,-2543.851,174.277,-255.429,75.943,0.243471,-0.969873,-0.008257,0.968938,0.242838,0.046783,-0.043368,-0.019391,0.998871,0,0.74112,-0.48711,44.467,-0.974,-1,475.000,-1,450.000,-1,375.000,375.000,250.000,325.000,-1,-1,-1,-1,-1,-1,-1,-1,2,0,2,0,2,0,0,0,0,2,2,2,2,2,2,2,2
137,-2531.274,221.912,-258.551,75.209,0.255937,-0.966672,-0.006404,0.965395,0.255244,0.053505,-0.050088,-0.019876,0.998547,0,0.82112,-0.36711,49.267,-0.734,-1,475.000,-1,450.000,-1,375.000,350.000,275.000,325.000,-1,-1,-1,-1,-1,-1,-1,-1,2,0,2,0,2,0,0,0,0,2,2,2,2,2,2,2,2
138,-2517.535,272.183,-261.840,74.715,0.264307,-0.964429,-0.004356,0.962740,0.263571,0.060508,-0.057207,-0.020187,0.998158,0,0.86856,-0.24711,52.114,-0.494,-1,450.000,-1,450.000,-1,350.000,350.000,275.000,300.000,-1,-1,-1,-1,-1,-1,-1,-1,2,0,2,0,2,0,0,0,0,2,2,2,2,2,2,2,2
139,-2503.429,322.917,-265.152,74.461,0.268608,-0.963247,-0.002296,0.961094,0.267847,0.067507,-0.064411,-0.020339,0.997716,0,0.87762,-0.12711,52.657,-0.254,-1,450.000,-1,425.000,-1,350.000,350.000,275.000,300.000,-1,-1,-1,-1,-1,975.000,-1,-1,2,0,2,0,2,0,0,0,0,2,2,2,2,2,0,2,2
140,-2489.153,374.208,-268.495,74.446,0.268856,-0.963180,-0.000306,0.960507,0.268086,0.074538,-0.071712,-0.020334,0.997218,0,0.88733,-0.00711,53.240,-0.014,-1,450.000,-1,425.000,-1,350.000,350.000,300.000,300.000,-1,-1,-1,-1,-1,925.000,-1,-1,2,0,2,0,2,0,0,0,0,2,2,2,2,2,0,2,2
