timestep,x_cm,y_cm,z_cm,yaw_deg,basis_xx,basis_xy,basis_xz,basis_yx,basis_yy,basis_yz,basis_zx,basis_zy,basis_zz,teleport_flag,throttle_cmd,steering_cmd,cmd_move_cm,cmd_turn_deg,lidar_cm_0,lidar_cm_1,lidar_cm_2,lidar_cm_3,lidar_cm_4,lidar_cm_5,lidar_cm_6,lidar_cm_7,lidar_cm_8,lidar_cm_9,lidar_cm_10,lidar_cm_11,lidar_cm_12,lidar_cm_13,lidar_cm_14,lidar_cm_15,lidar_cm_16,lidar_class_0,lidar_class_1,lidar_class_2,lidar_class_3,lidar_class_4,lidar_class_5,lidar_class_6,lidar_class_7,lidar_class_8,lidar_class_9,lidar_class_10,lidar_class_11,lidar_class_12,lidar_class_13,lidar_class_14,lidar_class_15,lidar_class_16
0,-8854.966,4914.703,-104.795,91.632,-0.034829,-0.996887,0.070740,0.995536,-0.028395,0.090005,-0.087716,0.073559,0.993426,1,-0.08000,0.12000,-4.800,0.240,-1,375.000,-1,325.000,650.000,300.000,275.000,425.000,275.000,325.000,-1,-1,900.000,700.000,550.000,-1,750.000,2,0,2,0,0,0,0,1,0,1,2,2,1,0,0,2,0
1,-8854.613,4905.109,-104.046,92.112,-0.043354,-0.996501,0.071463,0.995137,-0.036741,0.091396,-0.088451,0.075078,0.993247,0,-0.16000,0.24000,-9.600,0.480,-1,375.000,-1,325.000,650.000,300.000,275.000,425.000,275.000,325.000,-1,-1,900.000,700.000,550.000,-1,725.000,2,0,2,0,0,0,0,1,0,1,2,2,1,0,0,2,0
2,-8853.903,4890.727,-102.959,92.832,-0.056119,-0.995797,0.072379,0.994410,-0.049252,0.093400,-0.089443,0.077216,0.992994,0,-0.24000,0.36000,-14.400,0.720,-1,375.000,-1,325.000,625.000,300.000,275.000,400.000,275.000,325.000,-1,-1,875.000,700.000,550.000,-1,700.000,2,0,2,0,0,0,0,1,0,1,2,2,1,0,0,2,0
3,-8852.636,4871.568,-101.580,93.792,-0.073086,-0.994629,0.073287,0.993206,-0.065915,0.095900,-0.090554,0.079798,0.992689,0,-0.32000,0.48000,-19.200,0.960,-1,375.000,-1,325.000,600.000,300.000,275.000,375.000,275.000,300.000,-1,-1,850.000,700.000,550.000,-1,675.000,2,0,2,0,0,0,0,1,0,1,2,2,1,0,0,2,0
4,-8850.550,4847.659,-99.975,94.992,-0.094200,-0.992806,0.073915,0.991331,-0.086711,0.098708,-0.091589,0.082572,0.992367,0,-0.40000,0.60000,-24.000,1.200,-1,375.000,-1,325.000,575.000,300.000,275.000,350.000,275.000,300.000,-1,-1,825.000,700.000,550.000,-1,650.000,2,0,2,0,0,0,0,1,0,1,2,2,1,0,0,2,0
5,-8847.930,4824.400,-98.618,96.432,-0.119294,-0.990138,0.073455,0.988602,-0.111614,0.101034,-0.091839,0.084671,0.992168,0,-0.39010,0.72000,-23.406,1.440,-1,375.000,-1,325.000,575.000,300.000,275.000,325.000,275.000,300.000,-1,-1,800.000,700.000,550.000,-1,650.000,2,0,2,0,0,0,0,1,0,1,2,2,1,0,0,2,0
6,-8844.740,4802.010,-97.564,98.112,-0.148289,-0.986336,0.071778,0.984735,-0.140579,0.102642,-0.091149,0.085903,0.992125,0,-0.37691,0.84000,-22.615,1.680,925.000,375.000,-1,325.000,575.000,300.000,275.000,300.000,275.000,300.000,-1,-1,775.000,700.000,550.000,-1,650.000,1,0,2,0,0,0,0,1,0,1,2,2,1,0,0,2,0
7,-8840.967,4780.672,-96.866,100.032,-0.181092,-0.981056,0.068806,0.979397,-0.173543,0.103267,-0.089370,0.086089,0.992271,0,-0.36112,0.96000,-21.667,1.920,825.000,375.000,-1,325.000,575.000,300.000,275.000,275.000,275.000,300.000,-1,-1,750.000,700.000,550.000,-1,650.000,1,0,2,0,0,0,0,1,0,1,2,2,1,0,0,2,0
8,-8836.680,4760.560,-96.501,102.032,-0.214911,-0.974474,0.064911,0.972781,-0.207691,0.102772,-0.086668,0.085231,0.992585,0,-0.34270,1.00000,-20.562,2.000,775.000,375.000,-1,325.000,600.000,300.000,275.000,250.000,275.000,-1,-1,-1,700.000,700.000,550.000,-1,700.000,1,0,2,0,0,0,0,1,0,2,2,2,1,0,0,2,0
9,-8831.984,4741.771,-96.438,104.032,-0.248365,-0.966782,0.060400,0.965088,-0.241611,0.101144,-0.083190,0.083412,0.993037,0,-0.32276,1.00000,-19.366,2.000,725.000,375.000,-1,325.000,650.000,300.000,275.000,225.000,275.000,-1,-1,-1,675.000,700.000,550.000,-1,750.000,1,0,2,0,0,0,0,1,0,2,2,2,1,0,0,2,0
10,-8826.978,4724.351,-96.662,106.032,-0.281444,-0.957976,0.055430,0.956322,-0.275266,0.098374,-0.078982,0.080695,0.993605,0,-0.30205,1.00000,-18.123,2.000,700.000,375.000,-1,325.000,725.000,300.000,275.000,200.000,275.000,-1,-1,-1,650.000,700.000,575.000,950.000,825.000,1,0,2,0,0,0,0,1,0,2,2,2,1,0,0,1,0
11,4919.493,-4263.559,182.989,-1.457,0.999182,0.025434,-0.031454,-0.025364,0.999675,0.002651,0.031511,-0.001851,0.999502,1,0.00000,0.00000,-16.849,2.000,-1,375.000,-1,375.000,-1,300.000,300.000,325.000,300.000,-1,575.000,500.000,700.000,725.000,675.000,-1,-1,2,0,2,0,2,0,0,0,0,2,0,1,1,0,0,2,2
12,4914.694,-4263.457,182.835,-1.217,0.999285,0.021247,-0.031287,-0.021177,0.999772,0.002547,0.031334,-0.001883,0.999507,0,-0.08000,0.12000,-4.800,0.240,-1,375.000,-1,375.000,-1,300.000,300.000,325.000,300.000,-1,575.000,475.000,700.000,725.000,675.000,-1,-1,2,0,2,0,2,0,0,0,0,2,0,1,1,0,0,2,2
13,4905.095,-4263.334,182.526,-0.737,0.999438,0.012870,-0.030955,-0.012804,0.999915,0.002344,0.030982,-0.001946,0.999518,0,-0.16000,0.24000,-9.600,0.480,-1,375.000,-1,375.000,-1,300.000,300.000,325.000,300.000,-1,575.000,450.000,700.000,725.000,675.000,-1,-1,2,0,2,0,2,0,0,0,0,2,0,1,1,0,0,2,2
14,4890.695,-4263.330,182.062,-0.017,0.999536,0.000305,-0.030462,-0.000242,0.999998,0.002048,0.030462,-0.002039,0.999534,0,-0.24000,0.36000,-14.400,0.720,-1,375.000,-1,375.000,-1,300.000,300.000,325.000,300.000,-1,600.000,425.000,675.000,725.000,675.000,-1,-1,2,0,2,0,2,0,0,0,0,2,0,1,1,0,0,2,2
15,4871.497,-4263.645,181.441,0.943,0.999420,-0.016450,-0.029814,0.016507,0.999862,0.001672,0.029783,-0.002163,0.999554,0,-0.32000,0.48000,-19.200,0.960,-1,375.000,-1,375.000,-1,300.000,300.000,325.000,300.000,-1,625.000,400.000,675.000,725.000,675.000,-1,-1,2,0,2,0,2,0,0,0,0,2,0,1,1,0,0,2,2
16,4847.514,-4264.543,180.664,2.143,0.998879,-0.037386,-0.029023,0.037437,0.999298,0.001232,0.028956,-0.002317,0.999578,0,-0.40000,0.60000,-24.000,1.200,-1,375.000,-1,375.000,-1,300.000,300.000,325.000,300.000,-1,675.000,375.000,650.000,750.000,675.000,-1,-1,2,0,2,0,2,0,0,0,0,2,0,1,1,0,0,2,2
17,4819.097,-4266.322,179.736,3.583,0.997650,-0.062486,-0.028111,0.062532,0.998043,0.000758,0.028009,-0.002514,0.999605,0,-0.47454,0.72000,-28.473,1.440,-1,375.000,-1,375.000,-1,300.000,300.000,325.000,300.000,-1,750.000,350.000,650.000,750.000,675.000,-1,-1,2,0,2,0,2,0,0,0,0,2,0,1,1,0,0,2,2
18,4790.515,-4268.954,178.791,5.263,0.995413,-0.091719,-0.027227,0.091763,0.995781,0.000360,0.027079,-0.002857,0.999629,0,-0.47838,0.84000,-28.703,1.680,-1,400.000,-1,375.000,-1,300.000,300.000,300.000,300.000,-1,600.000,300.000,625.000,750.000,675.000,-1,-1,2,0,2,0,2,0,0,0,0,2,1,1,1,0,0,2,2
19,4761.782,-4272.476,177.829,6.988,0.992222,-0.121657,-0.026381,0.121700,0.992567,0.000024,0.026182,-0.003235,0.999652,0,-0.48248,0.86262,-28.949,1.725,-1,400.000,-1,375.000,-1,300.000,300.000,300.000,300.000,-1,450.000,275.000,625.000,750.000,675.000,-1,-1,2,0,2,0,2,0,0,0,0,2,1,1,1,0,0,2,2
20,4732.916,-4276.895,176.851,8.704,0.988151,-0.151335,-0.025579,0.151378,0.988476,-0.000253,0.025323,-0.003622,0.999673,0,-0.48669,0.85829,-29.202,1.717,-1,400.000,-1,375.000,-1,325.000,300.000,300.000,300.000,-1,350.000,250.000,625.000,750.000,675.000,-1,-1,2,0,2,0,2,0,0,0,0,2,1,1,1,0,0,2,2
21,4703.943,-4282.219,175.855,10.412,0.983220,-0.180726,-0.024826,0.180770,0.983525,-0.000474,0.024503,-0.004022,0.999692,0,-0.49098,0.85387,-29.459,1.708,-1,400.000,-1,375.000,-1,325.000,300.000,300.000,300.000,-1,275.000,200.000,600.000,750.000,675.000,-1,-1,2,0,2,0,2,0,0,0,0,2,1,1,1,0,0,2,2
22,4674.885,-4288.454,174.841,12.111,0.977446,-0.209802,-0.024128,0.209848,0.977734,-0.000636,0.023724,-0.004441,0.999709,0,-0.49532,0.84939,-29.719,1.699,-1,400.000,-1,375.000,-1,325.000,300.000,300.000,300.000,-1,225.000,175.000,600.000,750.000,675.000,-1,-1,2,0,2,0,2,0,0,0,0,2,1,1,1,0,0,2,2
23,4645.767,-4295.607,173.937,13.801,0.970841,-0.238540,-0.023777,0.238576,0.971123,-0.001366,0.023416,-0.004347,0.999716,0,-0.49973,0.84483,-29.984,1.690,-1,400.000,-1,375.000,-1,325.000,300.000,300.000,300.000,-1,175.000,150.000,575.000,750.000,675.000,-1,-1,2,0,2,0,2,0,0,0,0,2,1,1,1,0,0,2,2
24,4616.613,-4303.681,173.190,15.481,0.963438,-0.266916,-0.023319,0.266925,0.963713,-0.002766,0.023212,-0.003559,0.999724,0,-0.50419,0.84019,-30.251,1.680,-1,400.000,-1,375.000,-1,325.000,300.000,300.000,300.000,-1,150.000,125.000,575.000,775.000,675.000,-1,-1,2,0,2,0,2,0,0,0,0,2,1,1,1,0,0,2,2
25,4587.449,-4312.682,172.438,17.152,0.955255,-0.294905,-0.022778,0.294888,0.955523,-0.004173,0.022995,-0.002731,0.999732,0,-0.50870,0.83548,-30.522,1.671,-1,400.000,-1,375.000,-1,325.000,300.000,300.000,300.000,-1,100.000,100.000,550.000,775.000,675.000,-1,-1,2,0,2,0,2,0,0,0,0,2,1,1,1,0,0,2,2
26,4558.299,-4322.613,171.661,18.813,0.946313,-0.322485,-0.022244,0.322444,0.946573,-0.005516,0.022834,-0.001952,0.999737,0,-0.51325,0.83071,-30.795,1.661,-1,400.000,-1,375.000,-1,325.000,300.000,300.000,300.000,-1,75.000,75.000,525.000,775.000,675.000,-1,-1,2,0,2,0,2,0,0,0,0,2,1,1,1,0,0,2,2
27,4529.190,-4333.476,170.858,20.465,0.936634,-0.349635,-0.021726,0.349572,0.936885,-0.006790,0.022729,-0.001235,0.999741,0,-0.51784,0.82586,-31.070,1.652,-1,400.000,-1,375.000,-1,325.000,300.000,300.000,300.000,-1,25.000,50.000,525.000,775.000,675.000,-1,-1,2,0,2,0,2,0,0,0,0,2,1,1,1,0,0,2,2
28,4500.147,-4345.274,170.152,22.107,0.926228,-0.376336,-0.021757,0.376259,0.926483,-0.007698,0.023055,-0.001056,0.999734,0,-0.52246,0.82095,-31.348,1.642,-1,400.000,-1,375.000,-1,325.000,325.000,300.000,300.000,-1,0.000,0.000,500.000,800.000,675.000,-1,-1,2,0,2,0,2,0,0,0,0,2,1,1,1,0,0,2,2
29,4471.197,-4358.005,169.417,23.739,0.915129,-0.402568,-0.021835,0.402478,0.915389,-0.008561,0.023434,-0.000954,0.999725,0,-0.52710,0.81596,-31.626,1.632,-1,400.000,-1,375.000,-1,325.000,325.000,300.000,300.000,-1,0.000,0.000,475.000,800.000,700.000,-1,-1,2,0,2,0,2,0,0,0,0,2,1,1,1,0,0,2,2
30,4442.365,-4371.671,169.492,25.361,0.903391,-0.428313,-0.020790,0.428284,0.903624,-0.006040,0.021374,-0.003447,0.999766,0,-0.53176,0.81092,-31.906,1.622,-1,400.000,-1,375.000,-1,325.000,325.000,300.000,300.000,-1,0.000,0.000,475.000,800.000,700.000,-1,-1,2,0,2,0,2,0,0,0,0,2,1,1,1,0,0,2,2
31,4413.680,-4386.269,173.328,26.972,0.891178,-0.453551,-0.009609,0.453588,0.891209,0.001924,0.007691,-0.006073,0.999952,0,-0.53643,0.80581,-32.186,1.612,-1,400.000,-1,375.000,-1,325.000,300.000,300.000,325.000,-1,0.000,0.000,500.000,725.000,675.000,-1,-1,2,0,2,0,2,0,0,0,0,2,1,1,1,0,0,2,2
32,4385.169,-4401.797,177.833,28.574,0.878203,-0.478274,0.003640,0.478218,0.878180,0.010390,-0.008165,-0.007384,0.999939,0,-0.54109,0.80064,-32.465,1.601,-1,375.000,-1,350.000,-1,300.000,300.000,300.000,325.000,-1,0.000,0.000,525.000,675.000,625.000,-1,-1,2,0,2,0,2,0,0,0,0,2,1,1,1,0,0,2,2
33,4361.195,-4415.601,182.166,29.935,0.866444,-0.499002,0.016494,0.498731,0.866570,0.018012,-0.023281,-0.007380,0.999702,0,-0.46109,0.68064,-27.665,1.361,-1,350.000,-1,350.000,925.000,300.000,300.000,325.000,350.000,-1,0.000,0.000,575.000,650.000,600.000,-1,925.000,2,0,2,0,0,0,0,0,0,2,1,1,1,0,0,2,0
34,6887.290,-1639.831,210.109,-82.914,0.123657,0.992191,-0.016291,-0.992175,0.123336,-0.019393,-0.017232,0.018561,0.999679,1,0.00000,0.00000,-22.865,1.121,725.000,375.000,700.000,375.000,-1,325.000,325.000,325.000,325.000,-1,-1,-1,-1,525.000,500.000,625.000,625.000,1,0,1,1,2,0,0,0,0,2,2,2,2,1,1,1,1
35,6887.902,-1644.592,210.026,-82.674,0.127810,0.991665,-0.016292,-0.991652,0.127491,-0.019299,-0.017061,0.018623,0.999681,0,0.08000,0.12000,4.800,0.240,725.000,375.000,700.000,375.000,-1,325.000,325.000,325.000,325.000,-1,-1,-1,-1,525.000,500.000,625.000,625.000,1,0,1,1,2,0,0,0,0,2,2,2,2,1,1,1,1
36,6889.205,-1654.103,209.864,-82.194,0.136110,0.990560,-0.016295,-0.990553,0.135794,-0.019113,-0.016720,0.018742,0.999685,0,0.16000,0.24000,9.600,0.480,725.000,375.000,700.000,375.000,-1,325.000,325.000,325.000,325.000,-1,-1,-1,-1,525.000,500.000,600.000,600.000,1,0,1,1,2,0,0,0,0,2,2,2,2,1,1,1,1
37,6891.340,-1668.343,209.623,-81.474,0.148541,0.988772,-0.016298,-0.988774,0.148230,-0.018834,-0.016206,0.018913,0.999690,0,0.24000,0.36000,14.400,0.720,700.000,400.000,675.000,350.000,-1,325.000,325.000,325.000,325.000,-1,-1,-1,-1,500.000,475.000,600.000,575.000,1,1,1,1,2,0,0,0,0,2,2,2,2,1,1,1,1
38,6894.467,-1687.287,209.307,-80.629,0.163097,0.986475,-0.016298,-0.986487,0.162794,-0.018458,-0.015556,0.019088,0.999697,0,0.32000,0.42246,19.200,0.845,700.000,375.000,650.000,350.000,775.000,325.000,325.000,325.000,325.000,-1,-1,-1,-1,500.000,475.000,600.000,550.000,1,1,1,1,1,0,1,0,0,2,2,2,2,1,1,1,1
39,6898.718,-1710.908,208.919,-79.797,0.177389,0.984006,-0.016287,-0.984029,0.177096,-0.017982,-0.014810,0.019217,0.999706,0,0.40000,0.41585,24.000,0.832,675.000,375.000,650.000,350.000,675.000,325.000,300.000,325.000,325.000,-1,-1,-1,-1,475.000,450.000,575.000,525.000,1,1,1,1,1,1,1,0,0,2,2,2,2,1,1,1,1
40,6904.223,-1739.176,208.460,-78.981,0.191389,0.981379,-0.016271,-0.981415,0.191107,-0.017404,-0.013971,0.019299,0.999716,0,0.48000,0.40846,28.800,0.817,675.000,350.000,625.000,325.000,600.000,300.000,300.000,325.000,325.000,-1,-1,-1,-1,475.000,425.000,550.000,475.000,1,1,1,1,1,1,1,0,0,2,2,2,2,1,1,1,1
41,6911.105,-1772.064,207.934,-78.180,0.205062,0.978614,-0.016254,-0.978662,0.204794,-0.016725,-0.013039,0.019336,0.999728,0,0.56000,0.40010,33.600,0.800,625.000,350.000,575.000,300.000,525.000,300.000,275.000,325.000,300.000,-1,1000.000,-1,-1,450.000,400.000,525.000,425.000,1,1,1,1,1,1,1,0,0,2,0,2,2,1,1,1,1
42,6919.483,-1809.539,207.342,-77.399,0.218369,0.975731,-0.016243,-0.975792,0.218118,-0.015944,-0.012014,0.019331,0.999741,0,0.64000,0.39061,38.400,0.781,600.000,325.000,550.000,275.000,450.000,275.000,250.000,325.000,300.000,-1,875.000,-1,-1,425.000,375.000,500.000,400.000,1,1,1,1,1,1,1,0,0,2,0,2,2,1,1,1,1
43,6929.465,-1851.570,206.686,-76.640,0.231266,0.972755,-0.016248,-0.972830,0.231032,-0.015062,-0.010898,0.019290,0.999755,0,0.72000,0.37973,43.200,0.759,550.000,300.000,500.000,275.000,400.000,250.000,250.000,325.000,300.000,-1,775.000,-1,-1,400.000,350.000,450.000,350.000,1,1,1,1,1,1,1,0,0,2,0,2,2,1,1,1,1
44,6941.154,-1898.125,205.994,-75.905,0.243696,0.969717,-0.016169,-0.969802,0.243482,-0.014131,-0.009767,0.019124,0.999769,0,0.80000,0.36721,48.000,0.734,500.000,275.000,450.000,250.000,325.000,225.000,225.000,325.000,300.000,-1,675.000,-1,-1,350.000,300.000,400.000,275.000,1,1,1,1,1,1,1,0,0,2,0,2,2,1,1,1,1
45,6954.641,-1949.173,207.754,-75.200,0.255467,0.966778,-0.008744,-0.966816,0.255437,-0.004395,-0.002015,0.009576,0.999952,0,0.88000,0.35271,52.800,0.705,450.000,250.000,425.000,225.000,300.000,225.000,200.000,300.000,325.000,-1,350.000,575.000,-1,325.000,300.000,375.000,250.000,1,1,1,1,1,1,1,0,0,2,0,0,2,1,1,1,1
46,6970.006,-2004.686,211.795,-74.528,0.266849,0.963725,0.005011,-0.963655,0.266753,0.014570,0.012705,-0.008717,0.999881,0,0.96000,0.33578,57.600,0.672,400.000,250.000,425.000,225.000,300.000,200.000,200.000,300.000,375.000,-1,200.000,350.000,-1,325.000,275.000,325.000,250.000,1,1,1,1,1,1,1,0,0,2,0,0,2,1,1,1,1
47,6986.651,-2062.332,216.773,-73.896,0.278014,0.960417,0.017523,-0.960122,0.277274,0.035837,0.029560,-0.026787,0.999204,0,1.00000,0.31588,60.000,0.632,350.000,225.000,400.000,200.000,300.000,200.000,200.000,275.000,425.000,-1,125.000,275.000,-1,300.000,275.000,300.000,250.000,1,1,1,1,1,1,1,0,0,2,0,0,2,1,1,1,1
48,-4919.532,327.931,206.282,133.209,-0.687072,-0.725124,-0.046122,0.725483,-0.681143,-0.098583,0.040069,-0.101194,0.994059,1,0.00000,0.00000,60.000,0.586,-1,675.000,-1,525.000,200.000,550.000,450.000,250.000,250.000,350.000,25.000,200.000,-1,-1,-1,-1,-1,2,0,2,1,1,1,1,0,1,0,0,0,2,2,2,2,2
49,-4919.391,7543.241,-149.673,-62.088,0.449554,0.879362,-0.156921,-0.880491,0.465829,0.087968,0.150454,0.098621,0.983686,1,0.00000,0.00000,4.800,-0.240,300.000,350.000,-1,525.000,-1,325.000,375.000,300.000,175.000,900.000,250.000,100.000,375.000,550.000,-1,425.000,-1,1,1,2,1,2,1,1,1,1,1,0,0,0,1,2,1,2
50,7543.225,327.968,244.250,-64.159,0.435403,0.899753,0.029488,-0.900046,0.435750,-0.006252,-0.018474,-0.023818,0.999546,1,0.00000,0.00000,4.800,0.240,-1,400.000,-1,400.000,-1,325.000,325.000,325.000,325.000,-1,-1,-1,-1,850.000,800.000,-1,-1,2,0,2,0,2,0,0,0,0,2,2,2,2,0,0,2,2
51,7545.299,323.639,244.161,-64.399,0.431626,0.901565,0.029655,-0.901864,0.431975,-0.006275,-0.018468,-0.024036,0.999540,0,0.08000,-0.12000,4.800,-0.240,-1,400.000,-1,400.000,-1,325.000,325.000,325.000,325.000,-1,-1,-1,-1,850.000,800.000,-1,-1,2,0,2,0,2,0,0,0,0,2,2,2,2,0,0,2,2
52,7549.374,314.947,243.985,-64.879,0.424048,0.905143,0.029987,-0.905452,0.424402,-0.006326,-0.018452,-0.024469,0.999530,0,0.16000,-0.24000,9.600,-0.480,-1,400.000,-1,400.000,-1,325.000,325.000,325.000,325.000,-1,-1,-1,-1,850.000,800.000,-1,-1,2,0,2,0,2,0,0,0,0,2,2,2,2,0,0,2,2
53,7555.324,301.833,243.723,-65.599,0.412627,0.910390,0.030476,-0.910714,0.412988,-0.006409,-0.018421,-0.025110,0.999515,0,0.24000,-0.36000,14.400,-0.720,-1,400.000,-1,400.000,-1,325.000,325.000,325.000,325.000,-1,-1,-1,-1,850.000,775.000,-1,-1,2,0,2,0,2,0,0,0,0,2,2,2,2,0,0,2,2
54,7562.962,284.218,243.378,-66.559,0.397298,0.917162,0.031114,-0.917506,0.397669,-0.006532,-0.018364,-0.025952,0.999494,0,0.32000,-0.48000,19.200,-0.960,-1,400.000,-1,400.000,-1,325.000,325.000,325.000,325.000,-1,-1,-1,-1,825.000,775.000,-1,-1,2,0,2,0,2,0,0,0,0,2,2,2,2,0,0,2,2
55,7572.110,262.030,242.961,-67.594,0.380640,0.924173,0.031902,-0.924541,0.381023,-0.006684,-0.018332,-0.026950,0.999469,0,0.40000,-0.51763,24.000,-1.035,-1,400.000,-1,400.000,-1,325.000,325.000,325.000,325.000,-1,-1,-1,-1,825.000,775.000,-1,-1,2,0,2,0,2,0,0,0,0,2,2,2,2,0,0,2,2
56,7582.602,235.209,242.475,-68.637,0.363737,0.930923,0.032837,-0.931321,0.364135,-0.006859,-0.018342,-0.028087,0.999437,0,0.48000,-0.52123,28.800,-1.042,-1,400.000,-1,400.000,-1,325.000,325.000,325.000,325.000,-1,-1,-1,-1,825.000,775.000,-1,-1,2,0,2,0,2,0,0,0,0,2,2,2,2,0,0,2,2
57,7594.266,203.698,241.922,-69.688,0.346567,0.937412,0.033915,-0.937845,0.346982,-0.007059,-0.018385,-0.029361,0.999400,0,0.56000,-0.52559,33.600,-1.051,-1,400.000,-1,400.000,-1,325.000,325.000,325.000,325.000,-1,-1,-1,-1,800.000,800.000,-1,-1,2,0,2,0,2,0,0,0,0,2,2,2,2,0,0,2,2
58,7606.927,167.445,241.304,-70.749,0.329107,0.943639,0.035131,-0.944112,0.329543,-0.007287,-0.018453,-0.030769,0.999356,0,0.64000,-0.53073,38.400,-1.061,-1,400.000,-1,400.000,-1,325.000,325.000,325.000,325.000,-1,-1,-1,-1,800.000,800.000,-1,-1,2,0,2,0,2,0,0,0,0,2,2,2,2,0,0,2,2
59,7620.404,126.401,240.624,-71.823,0.311335,0.949600,0.036479,-0.950119,0.311795,-0.007543,-0.018537,-0.032310,0.999306,0,0.72000,-0.53664,43.200,-1.073,-1,400.000,-1,400.000,-1,325.000,325.000,325.000,325.000,-1,-1,-1,-1,800.000,800.000,-1,-1,2,0,2,0,2,0,0,0,0,2,2,2,2,0,0,2,2
60,7634.714,80.584,239.844,-72.656,0.297456,0.953987,0.037787,-0.954554,0.297938,-0.007701,-0.018605,-0.033779,0.999256,0,0.80000,-0.41664,48.000,-0.833,-1,400.000,-1,400.000,-1,325.000,325.000,325.000,325.000,-1,-1,-1,-1,800.000,800.000,-1,-1,2,0,2,0,2,0,0,0,0,2,2,2,2,0,0,2,2
61,7649.932,30.024,238.844,-73.249,0.287535,0.956989,0.038671,-0.957588,0.288034,-0.007907,-0.018706,-0.034757,0.999221,0,0.88000,-0.29664,52.800,-0.593,-1,400.000,-1,400.000,-1,325.000,325.000,325.000,325.000,-1,-1,-1,-1,775.000,800.000,-1,-1,2,0,2,0,2,0,0,0,0,2,2,2,2,0,0,2,2
62,7666.193,-25.233,237.681,-73.603,0.281595,0.958722,0.039441,-0.959343,0.282121,-0.008339,-0.019122,-0.035490,0.999187,0,0.96000,-0.17664,57.600,-0.353,-1,400.000,-1,400.000,-1,325.000,325.000,325.000,325.000,-1,-1,-1,-1,775.000,800.000,-1,-1,2,0,2,0,2,0,0,0,0,2,2,2,2,0,0,2,2
63,7682.845,-82.236,236.464,-73.716,0.279666,0.959250,0.040328,-0.959898,0.280217,-0.008603,-0.019553,-0.036305,0.999149,0,0.98976,-0.05664,59.386,-0.113,-1,400.000,-1,400.000,-1,325.000,325.000,325.000,325.000,-1,-1,-1,-1,775.000,800.000,-1,-1,2,0,2,0,2,0,0,0,0,2,2,2,2,1,0,2,2
64,7699.737,-139.590,235.099,-73.589,0.281751,0.958621,0.040778,-0.959271,0.282335,-0.009242,-0.020373,-0.036513,0.999125,0,0.99649,0.06336,59.789,0.127,-1,400.000,-1,400.000,-1,325.000,325.000,325.000,325.000,-1,-1,-1,-1,750.000,800.000,-1,-1,2,0,2,0,2,0,0,0,0,2,2,2,2,1,0,2,2
65,7717.027,-197.044,233.688,-73.252,0.287346,0.956947,0.041039,-0.957587,0.287968,-0.010022,-0.021409,-0.036419,0.999107,0,1.00000,0.16846,60.000,0.337,-1,400.000,-1,400.000,-1,325.000,325.000,325.000,325.000,-1,-1,-1,-1,725.000,800.000,-1,-1,2,0,2,0,2,0,0,0,0,2,2,2,2,1,0,2,2
66,7734.660,-254.395,232.294,-72.909,0.293034,0.955209,0.041320,-0.955840,0.293692,-0.010725,-0.022380,-0.036353,0.999088,0,1.00000,0.17147,60.000,0.343,-1,400.000,-1,400.000,-1,325.000,325.000,325.000,325.000,-1,-1,-1,-1,725.000,775.000,1000.000,-1,2,0,2,0,2,0,0,0,0,2,2,2,2,1,0,1,2
67,7752.642,-311.637,230.918,-72.560,0.298817,0.953402,0.041621,-0.954026,0.299508,-0.011348,-0.023285,-0.036317,0.999069,0,1.00000,0.17458,60.000,0.349,-1,400.000,-1,400.000,-1,325.000,325.000,325.000,325.000,-1,-1,-1,-1,700.000,775.000,950.000,-1,2,0,2,0,2,0,0,0,0,2,2,2,2,1,0,1,2
68,7770.979,-368.766,229.559,-72.204,0.304697,0.951525,0.041941,-0.952144,0.305419,-0.011889,-0.024122,-0.036311,0.999049,0,1.00000,0.17781,60.000,0.356,975.000,400.000,-1,400.000,-1,325.000,325.000,325.000,325.000,-1,-1,-1,-1,675.000,775.000,900.000,-1,1,0,2,0,2,0,0,0,0,2,2,2,2,1,0,1,2
69,7789.678,-425.778,228.220,-71.842,0.310680,0.949574,0.042279,-0.950189,0.311430,-0.012346,-0.024890,-0.036337,0.999030,0,1.00000,0.18117,60.000,0.362,900.000,375.000,-1,400.000,-1,325.000,325.000,325.000,325.000,-1,-1,-1,-1,650.000,775.000,825.000,-1,1,0,2,0,2,0,0,0,0,2,2,2,2,1,0,1,2
70,7808.743,-482.668,226.900,-71.473,0.316767,0.947545,0.042633,-0.948158,0.317544,-0.012716,-0.025587,-0.036394,0.999010,0,1.00000,0.18467,60.000,0.369,825.000,375.000,-1,400.000,-1,325.000,325.000,325.000,325.000,-1,-1,-1,-1,625.000,775.000,775.000,-1,1,1,2,0,2,0,0,0,0,2,2,2,2,1,0,1,2
71,7828.182,-539.432,225.600,-71.096,0.322964,0.945434,0.043002,-0.946048,0.323765,-0.012997,-0.026210,-0.036484,0.998990,0,1.00000,0.18832,60.000,0.377,775.000,375.000,-1,400.000,-1,325.000,325.000,325.000,325.000,-1,-1,-1,-1,600.000,750.000,725.000,-1,1,1,2,0,2,0,0,0,0,2,2,2,2,1,0,1,2
72,7848.001,-596.064,224.156,-70.712,0.329297,0.943249,0.042953,-0.943855,0.330102,-0.013034,-0.026474,-0.036249,0.998992,0,1.00000,0.19216,60.000,0.384,700.000,375.000,-1,400.000,-1,325.000,325.000,325.000,325.000,-1,-1,-1,-1,575.000,750.000,650.000,-1,1,1,2,0,2,0,0,0,0,2,2,2,2,1,0,1,2
73,7868.208,-652.559,222.671,-70.319,0.335750,0.940973,0.042912,-0.941574,0.336557,-0.012990,-0.026665,-0.036044,0.998994,0,1.00000,0.19619,60.000,0.392,650.000,375.000,-1,400.000,-1,300.000,325.000,325.000,325.000,-1,-1,-1,-1,550.000,750.000,600.000,-1,1,1,2,0,2,0,0,0,0,2,2,2,2,1,0,1,2
74,7888.809,-708.912,221.152,-69.919,0.342343,0.938608,0.042607,-0.939199,0.343137,-0.012738,-0.026576,-0.035655,0.999011,0,1.00000,0.20045,60.000,0.401,575.000,350.000,-1,400.000,-1,300.000,325.000,325.000,325.000,-1,-1,-1,-1,525.000,750.000,550.000,-1,1,1,2,0,2,0,0,0,0,2,2,2,2,1,0,1,2
75,7909.812,-765.115,219.533,-69.509,0.349102,0.936162,0.041570,-0.936723,0.349856,-0.012259,-0.026020,-0.034660,0.999060,0,1.00000,0.20496,60.000,0.410,525.000,350.000,-1,400.000,-1,300.000,325.000,325.000,325.000,-1,-1,-1,-1,500.000,725.000,500.000,-1,1,1,2,0,2,0,0,0,0,2,2,2,2,1,0,1,2
76,7931.225,-821.164,218.438,-69.089,0.356103,0.933666,0.038188,-0.934141,0.356735,-0.011017,-0.023909,-0.031749,0.999210,0,1.00000,0.20975,60.000,0.420,475.000,325.000,-1,400.000,-1,300.000,325.000,325.000,325.000,-1,-1,-1,-1,475.000,750.000,450.000,-1,1,1,2,0,2,1,0,0,0,2,2,2,2,1,0,1,2
77,7953.058,-877.050,217.707,-68.659,0.363300,0.931079,0.033230,-0.931441,0.363773,-0.009283,-0.020731,-0.027579,0.999405,0,1.00000,0.21487,60.000,0.430,425.000,325.000,-1,400.000,-1,300.000,325.000,325.000,325.000,-1,-1,-1,-1,475.000,750.000,425.000,-1,1,1,2,0,2,1,0,0,0,2,2,2,2,1,0,1,2
78,7975.543,-932.678,217.259,-67.990,0.374370,0.926884,0.027081,-0.927126,0.374680,-0.007240,-0.016857,-0.022397,0.999607,0,1.00000,0.33487,60.000,0.670,400.000,325.000,-1,400.000,-1,300.000,325.000,350.000,325.000,-1,850.000,625.000,-1,450.000,750.000,400.000,-1,1,1,2,0,2,1,0,0,0,2,0,0,2,1,0,1,2
79,7998.907,-987.941,217.099,-67.080,0.389235,0.920928,0.019664,-0.921057,0.389396,-0.004967,-0.012231,-0.016178,0.999794,0,1.00000,0.45487,60.000,0.910,375.000,300.000,-1,400.000,-1,300.000,325.000,350.000,300.000,-1,600.000,425.000,-1,425.000,775.000,375.000,-1,1,1,2,0,2,1,0,0,0,2,0,0,2,1,0,1,2
80,8023.377,-1042.725,217.232,-65.930,0.407785,0.913013,0.010903,-0.913053,0.407833,-0.002580,-0.006802,-0.008903,0.999937,0,1.00000,0.57487,60.000,1.150,350.000,300.000,-1,425.000,-1,275.000,325.000,375.000,300.000,-1,475.000,325.000,-1,400.000,775.000,350.000,-1,1,1,2,0,2,1,1,0,0,2,0,0,2,1,0,1,2
81,8049.107,-1096.928,217.669,-64.606,0.428844,0.903378,0.000719,-0.903379,0.428844,-0.000196,-0.000486,-0.000565,1.000000,0,1.00000,0.66220,60.000,1.324,325.000,275.000,-1,425.000,-1,275.000,325.000,400.000,300.000,-1,400.000,250.000,-1,400.000,800.000,325.000,-1,1,1,2,0,2,1,1,0,0,2,0,0,2,1,0,1,2
82,8076.093,-1150.516,218.428,-63.272,0.449693,0.893116,-0.010978,-0.893157,0.449740,0.002143,0.006851,0.008841,0.999937,0,1.00000,0.66694,60.000,1.334,325.000,275.000,-1,425.000,1000.000,250.000,325.000,425.000,300.000,-1,350.000,200.000,-1,375.000,825.000,300.000,-1,1,1,2,1,1,1,1,0,0,2,0,0,2,1,1,1,2
83,8104.330,-1203.457,219.515,-61.928,0.470270,0.882190,-0.024239,-0.882391,0.470497,0.004336,0.015229,0.019350,0.999697,0,1.00000,0.67207,60.000,1.344,300.000,275.000,-1,425.000,950.000,250.000,325.000,450.000,300.000,-1,300.000,150.000,-1,400.000,825.000,275.000,-1,1,1,2,1,1,1,1,0,0,2,0,0,2,1,1,1,2
84,8133.814,-1255.713,220.960,-60.572,0.490507,0.870568,-0.038902,-0.871081,0.491094,0.006651,0.024894,0.030625,0.999221,0,1.00000,0.67770,60.000,1.355,275.000,250.000,-1,425.000,900.000,250.000,325.000,500.000,275.000,-1,250.000,125.000,-1,450.000,825.000,250.000,1000.000,1,1,2,1,1,1,1,0,0,2,0,0,2,1,1,1,1
85,8164.539,-1307.250,222.814,-59.205,0.510330,0.858220,-0.054981,-0.859230,0.511510,0.009044,0.035885,0.042626,0.998446,0,1.00000,0.68392,60.000,1.368,275.000,275.000,-1,450.000,875.000,275.000,325.000,550.000,275.000,-1,225.000,100.000,825.000,550.000,825.000,250.000,-1,1,1,2,1,1,1,1,1,0,2,0,0,0,1,1,1,2
86,8855.121,-2295.675,268.348,-19.709,0.937430,0.335123,-0.094435,-0.342972,0.935521,-0.084680,0.059968,0.111771,0.991923,1,0.00000,0.00000,60.000,1.382,-1,275.000,-1,425.000,-1,250.000,300.000,275.000,225.000,-1,950.000,750.000,250.000,-1,-1,-1,-1,2,1,2,1,2,1,1,1,1,2,0,0,1,2,2,2,2
87,-4263.497,-7543.233,408.272,-100.626,-0.186590,0.978335,0.089697,-0.982152,-0.183555,-0.041042,-0.023688,-0.095754,0.995123,1,0.00000,0.00000,4.800,0.240,-1,400.000,-1,425.000,-1,325.000,325.000,300.000,300.000,-1,400.000,375.000,575.000,850.000,975.000,-1,-1,2,0,2,0,2,0,0,0,0,2,1,1,1,0,0,2,2
88,-4264.363,-7547.954,408.147,-100.386,-0.182529,0.979118,0.089508,-0.982899,-0.179460,-0.041285,-0.024360,-0.095513,0.995130,0,0.08000,0.12000,4.800,0.240,-1,400.000,-1,425.000,-1,325.000,325.000,300.000,300.000,-1,400.000,375.000,575.000,850.000,975.000,-1,-1,2,0,2,0,2,0,0,0,0,2,1,1,1,0,0,2,2
89,-4266.047,-7557.405,407.899,-100.105,-0.177776,0.980025,0.089143,-0.983744,-0.174650,-0.041783,-0.025380,-0.095121,0.995142,0,0.16000,0.14085,9.600,0.282,-1,400.000,-1,425.000,-1,325.000,325.000,300.000,300.000,-1,425.000,375.000,600.000,850.000,975.000,-1,-1,2,0,2,0,2,0,0,0,0,2,1,1,1,0,0,2,2
90,-4268.504,-7571.593,407.523,-99.820,-0.172988,0.980930,0.088610,-0.984562,-0.169786,-0.042540,-0.026684,-0.094601,0.995158,0,0.24000,0.14238,14.400,0.285,-1,400.000,-1,425.000,-1,325.000,325.000,300.000,300.000,-1,425.000,400.000,625.000,850.000,975.000,-1,-1,2,0,2,0,2,0,0,0,0,2,1,1,1,0,0,2,2
91,-4271.683,-7590.528,407.014,-99.530,-0.168137,0.981835,0.087920,-0.985358,-0.164840,-0.043559,-0.028275,-0.093957,0.995175,0,0.32000,0.14467,19.200,0.289,-1,400.000,-1,425.000,-1,325.000,325.000,300.000,300.000,-1,450.000,425.000,650.000,850.000,950.000,-1,-1,2,0,2,0,2,0,0,0,0,2,1,1,1,0,0,2,2
92,-4275.535,-7614.217,406.366,-99.235,-0.163196,0.982743,0.087080,-0.986133,-0.159786,-0.044842,-0.030154,-0.093191,0.995192,0,0.40000,0.14774,24.000,0.295,-1,400.000,-1,425.000,-1,325.000,325.000,300.000,300.000,-1,475.000,450.000,675.000,825.000,950.000,-1,-1,2,0,2,0,2,0,0,0,0,2,1,1,1,0,0,2,2
93,-4280.007,-7642.667,405.573,-98.932,-0.158138,0.983656,0.086102,-0.986888,-0.154597,-0.046394,-0.032325,-0.092309,0.995206,0,0.48000,0.15157,28.800,0.303,-1,400.000,-1,425.000,-1,325.000,325.000,300.000,300.000,-1,500.000,475.000,725.000,825.000,950.000,-1,-1,2,0,2,0,2,0,0,0,0,2,1,1,1,0,0,2,2
94,-4285.043,-7675.888,404.628,-98.620,-0.152935,0.984574,0.084995,-0.987624,-0.149246,-0.048217,-0.034788,-0.091317,0.995214,0,0.56000,0.15618,33.600,0.312,-1,400.000,-1,425.000,-1,325.000,325.000,325.000,300.000,-1,550.000,500.000,775.000,825.000,925.000,-1,-1,2,0,2,0,2,0,0,0,0,2,1,1,1,0,0,2,2
95,-4290.585,-7713.885,403.524,-98.296,-0.147557,0.985500,0.083771,-0.988341,-0.143706,-0.050314,-0.037546,-0.090219,0.995214,0,0.64000,0.16156,38.400,0.323,-1,400.000,-1,425.000,-1,325.000,325.000,325.000,300.000,-1,575.000,550.000,825.000,825.000,925.000,-1,-1,2,0,2,0,2,0,0,0,0,2,1,1,1,0,0,2,2
96,-4296.569,-7756.669,402.254,-97.961,-0.141977,0.986431,0.082444,-0.989037,-0.137949,-0.052689,-0.040601,-0.089021,0.995202,0,0.72000,0.16771,43.200,0.335,-1,400.000,-1,425.000,-1,325.000,325.000,325.000,300.000,-1,625.000,600.000,875.000,800.000,900.000,-1,-1,2,0,2,0,2,0,0,0,0,2,1,1,1,0,0,2,2
97,-4302.879,-7803.882,400.820,-97.612,-0.136165,0.987366,0.081038,-0.989712,-0.131948,-0.055324,-0.043932,-0.087737,0.995174,0,0.79388,0.17464,47.633,0.349,-1,400.000,-1,425.000,-1,325.000,325.000,325.000,300.000,-1,675.000,650.000,975.000,800.000,900.000,-1,-1,2,0,2,0,2,0,0,0,0,2,1,1,1,0,0,2,2
98,-4308.934,-7851.496,399.120,-97.247,-0.130076,0.988219,0.080644,-0.990402,-0.125667,-0.057551,-0.046738,-0.087356,0.995080,0,0.79996,0.18229,47.998,0.365,-1,400.000,-1,425.000,-1,325.000,325.000,325.000,325.000,-1,725.000,700.000,-1,800.000,900.000,-1,-1,2,0,2,0,2,0,0,0,0,2,1,1,2,0,0,2,2
99,-4314.716,-7899.517,397.009,-96.867,-0.123715,0.988997,0.081116,-0.991103,-0.119105,-0.059411,-0.049096,-0.087744,0.994932,0,0.80613,0.19001,48.368,0.380,-1,400.000,-1,425.000,-1,325.000,325.000,325.000,325.000,-1,775.000,750.000,-1,775.000,875.000,-1,-1,2,0,2,0,2,0,0,0,0,2,1,1,2,0,0,2,2
100,-4320.211,-7947.947,394.301,-96.471,-0.116924,0.989932,0.079773,-0.991843,-0.112289,-0.060316,-0.050751,-0.086174,0.994987,0,0.81236,0.19780,48.742,0.396,-1,400.000,-1,425.000,-1,325.000,325.000,325.000,325.000,-1,825.000,800.000,-1,775.000,875.000,-1,-1,2,0,2,0,2,0,0,0,0,2,1,1,2,0,0,2,2
101,-4325.398,-7996.792,391.511,-96.060,-0.109854,0.990852,0.078384,-0.992561,-0.105195,-0.061285,-0.052479,-0.084534,0.995038,0,0.81866,0.20565,49.120,0.411,-1,400.000,-1,425.000,-1,325.000,325.000,325.000,325.000,-1,875.000,850.000,-1,775.000,875.000,-1,-1,2,0,2,0,2,0,0,0,0,2,1,1,2,0,0,2,2
102,-4330.259,-8046.055,388.659,-95.633,-0.102500,0.991746,0.077033,-0.993254,-0.097819,-0.062268,-0.054218,-0.082896,0.995082,0,0.82504,0.21357,49.502,0.427,-1,400.000,-1,400.000,-1,325.000,325.000,325.000,325.000,-1,925.000,900.000,-1,775.000,850.000,-1,-1,2,0,2,0,2,0,0,0,0,2,1,1,2,0,0,2,2
103,-4335.035,-8097.697,385.634,-95.282,-0.096459,0.992456,0.075673,-0.993767,-0.091760,-0.063298,-0.055877,-0.081307,0.995122,0,0.86438,0.17531,51.863,0.351,-1,400.000,-1,400.000,-1,325.000,325.000,325.000,300.000,-1,975.000,950.000,-1,750.000,850.000,-1,-1,2,0,2,0,2,0,0,0,0,2,1,1,2,0,0,2,2
104,-4339.515,-8149.774,382.549,-94.915,-0.090121,0.993152,0.074347,-0.994267,-0.085406,-0.064340,-0.057550,-0.079719,0.995155,0,0.87115,0.18368,52.269,0.367,-1,400.000,-1,400.000,-1,325.000,325.000,325.000,300.000,-1,-1,1000.000,-1,750.000,850.000,-1,-1,2,0,2,0,2,0,0,0,0,2,2,1,2,0,0,2,2
105,-4343.996,-8206.666,379.137,-94.503,-0.082995,0.993876,0.072951,-0.994780,-0.078264,-0.065480,-0.059369,-0.078004,0.995184,0,0.95115,0.20624,57.069,0.412,-1,400.000,-1,400.000,1000.000,325.000,325.000,325.000,300.000,-1,-1,-1,-1,750.000,825.000,-1,-1,2,0,2,0,1,0,0,0,0,2,2,2,2,0,0,2,2
106,-4348.101,-8263.895,375.666,-94.101,-0.076044,0.994530,0.071600,-0.995227,-0.071300,-0.066626,-0.061156,-0.076325,0.995206,0,0.95626,0.20095,57.376,0.402,-1,375.000,-1,400.000,950.000,325.000,325.000,325.000,300.000,-1,-1,-1,-1,750.000,825.000,-1,-1,2,0,2,0,1,0,0,0,0,2,2,2,2,0,0,2,2
107,-4351.828,-8321.357,372.143,-93.710,-0.069278,0.995118,0.070294,-0.995612,-0.064525,-0.067775,-0.062908,-0.074681,0.995221,0,0.95972,0.19535,57.583,0.391,-1,375.000,-1,400.000,925.000,325.000,325.000,325.000,300.000,-1,-1,-1,-1,750.000,825.000,-1,-1,2,0,2,0,1,0,0,0,0,2,2,2,2,0,0,2,2
108,-4355.186,-8379.027,368.572,-93.331,-0.062711,0.995642,0.069031,-0.995937,-0.057951,-0.068925,-0.064625,-0.073073,0.995231,0,0.96280,0.18943,57.768,0.379,-1,375.000,-1,400.000,900.000,325.000,325.000,325.000,300.000,-1,-1,-1,-1,725.000,800.000,-1,-1,2,0,2,0,1,0,0,0,0,2,2,2,2,0,0,2,2
109,-4358.184,-8436.878,364.955,-92.965,-0.056353,0.996106,0.067809,-0.996207,-0.051588,-0.070075,-0.066304,-0.071501,0.995234,0,0.96546,0.18321,57.928,0.366,-1,375.000,-1,400.000,850.000,325.000,325.000,325.000,300.000,-1,-1,-1,-1,725.000,800.000,-1,-1,2,0,2,0,1,0,0,0,0,2,2,2,2,0,0,2,2
110,-4360.830,-8494.878,361.297,-92.611,-0.050216,0.996514,0.066626,-0.996424,-0.045449,-0.071223,-0.067947,-0.069964,0.995233,0,0.96769,0.17667,58.061,0.353,-1,375.000,-1,400.000,825.000,325.000,325.000,325.000,300.000,-1,-1,-1,-1,725.000,775.000,-1,-1,2,0,2,0,1,0,0,0,0,2,2,2,2,0,0,2,2
111,-4363.137,-8552.999,357.450,-92.272,-0.044269,0.996860,0.065650,-0.996650,-0.039545,-0.071590,-0.068769,-0.068599,0.995271,0,0.96943,0.16983,58.166,0.340,-1,375.000,-1,400.000,825.000,300.000,325.000,325.000,325.000,-1,-1,-1,-1,725.000,775.000,-1,-1,2,0,2,0,1,0,0,0,0,2,2,2,2,0,0,2,2
112,-4365.116,-8611.205,353.511,-91.946,-0.038512,0.997169,0.064586,-0.996884,-0.033887,-0.071237,-0.068846,-0.067129,0.995366,0,0.97067,0.16268,58.240,0.325,-1,375.000,-1,400.000,800.000,325.000,325.000,325.000,325.000,-1,-1,-1,-1,725.000,775.000,-1,-1,2,0,2,0,1,0,0,0,0,2,2,2,2,0,0,2,2
113,-4366.782,-8669.463,349.541,-91.636,-0.033012,0.997433,0.063540,-0.997078,-0.028485,-0.070875,-0.068883,-0.065694,0.995459,0,0.97137,0.15524,58.282,0.310,-1,375.000,-1,400.000,800.000,325.000,325.000,325.000,325.000,-1,-1,-1,-1,725.000,775.000,-1,-1,2,0,2,0,1,0,0,0,0,2,2,2,2,0,0,2,2
114,-4368.147,-8727.737,345.547,-91.341,-0.027780,0.997658,0.062509,-0.997238,-0.023351,-0.070505,-0.068880,-0.064295,0.995551,0,0.97150,0.14753,58.290,0.295,-1,375.000,-1,400.000,775.000,325.000,325.000,325.000,325.000,-1,-1,-1,-1,700.000,750.000,-1,-1,2,0,2,0,1,0,0,0,0,2,2,2,2,0,0,2,2
115,-4369.228,-8785.990,341.531,-91.062,-0.022824,0.997847,0.061492,-0.997367,-0.018492,-0.070127,-0.068839,-0.062931,0.995641,0,0.97105,0.13956,58.263,0.279,-1,375.000,-1,400.000,775.000,325.000,325.000,325.000,325.000,-1,-1,-1,-1,700.000,750.000,-1,-1,2,0,2,0,1,0,0,0,0,2,2,2,2,0,0,2,2
116,-4370.041,-8844.184,337.500,-90.799,-0.018154,0.998004,0.060489,-0.997468,-0.013917,-0.069743,-0.068762,-0.061601,0.995729,0,0.96999,0.13137,58.199,0.263,-1,375.000,-1,400.000,775.000,325.000,325.000,325.000,325.000,-1,-1,-1,-1,700.000,750.000,-1,-1,2,0,2,0,1,0,0,0,1,2,2,2,2,0,0,2,2
117,-4370.602,-8902.279,333.458,-90.553,-0.013775,0.998133,0.059497,-0.997546,-0.009633,-0.069351,-0.068649,-0.060306,0.995817,0,0.96831,0.12298,58.099,0.246,-1,375.000,-1,400.000,775.000,325.000,325.000,325.000,325.000,-1,-1,-1,-1,700.000,750.000,-1,-1,2,0,2,0,1,0,0,0,1,2,2,2,2,0,0,2,2
118,-4370.931,-8960.240,329.409,-90.324,-0.009695,0.998239,0.058516,-0.997604,-0.005647,-0.068954,-0.068502,-0.059045,0.995902,0,0.96602,0.11443,57.961,0.229,-1,375.000,-1,400.000,775.000,325.000,325.000,325.000,325.000,-1,-1,-1,-1,700.000,750.000,-1,-1,2,0,2,0,1,0,0,0,1,2,2,2,2,0,0,2,2
119,-4371.046,-9018.027,325.358,-90.113,-0.005916,0.998325,0.057546,-0.997646,-0.001961,-0.068552,-0.068325,-0.057816,0.995986,0,0.96312,0.10578,57.787,0.212,-1,375.000,-1,400.000,750.000,300.000,325.000,325.000,300.000,-1,-1,-1,-1,700.000,725.000,-1,-1,2,0,2,0,1,0,0,0,0,2,2,2,2,0,0,2,2
120,-4370.965,-9075.605,321.310,-89.918,-0.002442,0.998395,0.056585,-0.997674,0.001422,-0.068146,-0.068117,-0.056619,0.996069,0,0.95964,0.09708,57.578,0.194,-1,375.000,-1,375.000,750.000,300.000,325.000,325.000,300.000,-1,-1,-1,-1,700.000,725.000,-1,-1,2,0,2,0,1,0,0,0,0,2,2,2,2,0,0,2,2
121,-4370.707,-9132.940,317.267,-89.741,0.000744,0.998451,0.055632,-0.997693,0.004518,-0.067736,-0.067883,-0.055453,0.996151,0,0.95560,0.08882,57.336,0.178,-1,375.000,-1,375.000,750.000,300.000,300.000,325.000,300.000,-1,-1,-1,-1,700.000,725.000,-1,975.000,2,0,2,0,1,0,0,0,0,2,2,2,2,0,0,2,1
122,-4370.278,-9190.001,313.306,-89.569,0.003819,0.998490,0.054801,-0.997702,0.007512,-0.067331,-0.067641,-0.054418,0.996225,0,0.95104,0.08589,57.063,0.172,-1,375.000,-1,375.000,750.000,300.000,300.000,325.000,300.000,-1,-1,-1,-1,700.000,725.000,-1,925.000,2,0,2,0,1,0,0,0,0,2,2,2,2,0,1,2,1
123,-4369.687,-9246.758,309.880,-89.402,0.006845,0.998507,0.054199,-0.997770,0.010419,-0.065922,-0.066389,-0.053627,0.996352,0,0.94601,0.08339,56.761,0.167,-1,375.000,-1,375.000,750.000,300.000,300.000,325.000,300.000,-1,-1,-1,-1,700.000,700.000,-1,875.000,2,0,2,0,1,0,0,0,0,2,2,2,2,0,1,2,1
124,-4368.939,-9303.188,306.465,-89.240,0.009797,0.998515,0.053597,-0.997828,0.013253,-0.064519,-0.065133,-0.052848,0.996476,0,0.94057,0.08132,56.434,0.163,-1,375.000,-1,375.000,750.000,300.000,300.000,325.000,325.000,-1,-1,-1,-1,700.000,650.000,-1,825.000,2,0,2,0,1,0,0,0,0,2,2,2,2,0,1,2,1
125,-4368.039,-9359.268,303.063,-89.080,0.012690,0.998514,0.052994,-0.997877,0.016031,-0.063122,-0.063878,-0.052081,0.996598,0,0.93479,0.07969,56.088,0.159,-1,375.000,-1,375.000,725.000,300.000,300.000,325.000,325.000,-1,-1,-1,-1,700.000,625.000,-1,775.000,2,0,2,0,1,0,0,0,0,2,2,2,2,0,1,2,1
126,-4366.993,-9414.983,299.676,-88.923,0.015538,0.998506,0.052391,-0.997916,0.018768,-0.061732,-0.062623,-0.051322,0.996717,0,0.92876,0.07850,55.726,0.157,-1,375.000,-1,375.000,700.000,300.000,325.000,325.000,325.000,-1,875.000,800.000,-1,700.000,600.000,-1,725.000,2,0,2,0,1,0,0,0,0,2,0,0,2,0,1,2,1
127,-4365.803,-9470.324,296.304,-88.768,0.018359,0.998489,0.051786,-0.997946,0.021479,-0.060350,-0.061371,-0.050572,0.996833,0,0.92256,0.07775,55.354,0.155,-1,375.000,-1,375.000,675.000,300.000,325.000,325.000,325.000,-1,800.000,750.000,-1,700.000,575.000,-1,675.000,2,0,2,0,1,0,0,0,0,2,0,0,2,0,1,2,1
128,-4364.473,-9525.285,292.949,-88.613,0.021166,0.998465,0.051181,-0.997967,0.024178,-0.058977,-0.060124,-0.049828,0.996946,0,0.91629,0.07743,54.978,0.155,-1,375.000,-1,375.000,650.000,300.000,325.000,325.000,325.000,-1,750.000,700.000,-1,700.000,550.000,-1,625.000,2,0,2,1,1,0,0,0,0,2,0,0,2,0,1,2,1
129,-4363.004,-9579.868,289.610,-88.458,0.023975,0.998433,0.050573,-0.997977,0.026882,-0.057613,-0.058882,-0.049090,0.997057,0,0.91005,0.07755,54.603,0.155,-1,375.000,-1,375.000,575.000,325.000,325.000,325.000,325.000,-1,700.000,650.000,-1,700.000,525.000,-1,575.000,2,0,2,1,1,1,1,0,0,2,0,0,2,0,1,2,1
130,-4361.397,-9634.078,286.288,-88.302,0.026800,0.998391,0.049964,-0.997977,0.029605,-0.056258,-0.057646,-0.048355,0.997165,0,0.90390,0.07809,54.234,0.156,-1,375.000,-1,350.000,525.000,300.000,300.000,325.000,325.000,-1,675.000,625.000,-1,700.000,525.000,-1,525.000,2,0,2,1,1,1,1,0,0,2,0,0,2,0,1,2,1
131,-4359.846,-9689.136,282.919,-88.385,0.025441,0.998457,0.049358,-0.998096,0.028145,-0.054876,-0.056181,-0.047868,0.997272,0,0.91800,-0.04191,55.080,-0.084,-1,375.000,-1,350.000,475.000,300.000,300.000,325.000,300.000,-1,625.000,600.000,-1,700.000,500.000,-1,475.000,2,0,2,1,1,1,1,0,0,2,0,0,2,0,1,2,1
132,-4358.612,-9743.885,279.586,-88.709,0.019894,0.998611,0.048778,-0.998314,0.022502,-0.053502,-0.054525,-0.047632,0.997376,0,0.91272,-0.16191,54.763,-0.324,-1,375.000,-1,325.000,425.000,300.000,300.000,325.000,300.000,-1,600.000,575.000,-1,725.000,475.000,-1,425.000,2,0,2,1,1,1,1,0,0,2,0,0,2,0,1,2,1
133,-4357.718,-9803.441,275.985,-89.139,0.012503,0.998761,0.048162,-0.998534,0.015009,-0.052011,-0.052670,-0.047441,0.997484,0,0.99272,-0.21495,59.563,-0.430,-1,375.000,-1,300.000,375.000,300.000,275.000,300.000,300.000,-1,575.000,525.000,-1,725.000,450.000,-1,375.000,2,0,2,1,1,1,1,0,0,2,0,0,2,0,1,2,1
