timestep,x_cm,y_cm,z_cm,yaw_deg,basis_xx,basis_xy,basis_xz,basis_yx,basis_yy,basis_yz,basis_zx,basis_zy,basis_zz,teleport_flag,throttle_cmd,steering_cmd,cmd_move_cm,cmd_turn_deg,lidar_cm_0,lidar_cm_1,lidar_cm_2,lidar_cm_3,lidar_cm_4,lidar_cm_5,lidar_cm_6,lidar_cm_7,lidar_cm_8,lidar_cm_9,lidar_cm_10,lidar_cm_11,lidar_cm_12,lidar_cm_13,lidar_cm_14,lidar_cm_15,lidar_cm_16,lidar_class_0,lidar_class_1,lidar_class_2,lidar_class_3,lidar_class_4,lidar_class_5,lidar_class_6,lidar_class_7,lidar_class_8,lidar_class_9,lidar_class_10,lidar_class_11,lidar_class_12,lidar_class_13,lidar_class_14,lidar_class_15,lidar_class_16
0,-4922.738,9507.481,-21.608,-132.838,-0.679514,0.731798,-0.052271,-0.733616,-0.678549,0.037145,-0.008285,0.063587,0.997942,1,0.08000,0.12000,4.800,0.240,-1,425.000,-1,450.000,-1,350.000,350.000,325.000,300.000,-1,-1,-1,-1,1000.000,-1,-1,-1,2,0,2,0,2,0,0,0,0,2,2,2,2,0,2,2,2
1,-4929.206,9500.387,-21.671,-132.358,-0.673314,0.737450,-0.053069,-0.739304,-0.672388,0.036391,-0.008846,0.063737,0.997928,0,0.16000,0.24000,9.600,0.480,-1,425.000,-1,450.000,-1,350.000,350.000,325.000,300.000,-1,-1,-1,-1,975.000,-1,-1,-1,2,0,2,0,2,0,0,0,0,2,2,2,2,0,2,2,2
2,-4938.773,9489.625,-21.756,-131.638,-0.663924,0.745830,-0.054251,-0.747738,-0.663058,0.035247,-0.009683,0.063966,0.997905,0,0.24000,0.36000,14.400,0.720,-1,425.000,-1,450.000,-1,350.000,350.000,325.000,300.000,-1,-1,-1,-1,975.000,-1,-1,-1,2,0,2,0,2,0,0,0,0,2,2,2,2,0,2,2,2
3,-4951.287,9475.064,-21.943,-130.678,-0.651250,0.756804,-0.055869,-0.758790,-0.650442,0.034097,-0.010535,0.064599,0.997856,0,0.32000,0.48000,19.200,0.960,-1,425.000,-1,450.000,-1,350.000,350.000,325.000,300.000,-1,-1,-1,-1,950.000,1000.000,-1,-1,2,0,2,0,2,0,0,0,0,2,2,2,2,0,0,2,2
4,-4966.578,9456.566,-22.289,-129.579,-0.636527,0.769073,-0.057974,-0.771171,-0.635763,0.033172,-0.011346,0.065823,0.997767,0,0.40000,0.54925,24.000,1.098,-1,425.000,-1,450.000,-1,350.000,350.000,325.000,300.000,-1,-1,-1,-1,950.000,975.000,-1,-1,2,0,2,0,2,0,0,0,0,2,2,2,2,0,0,2,2
5,-4984.500,9434.023,-22.703,-128.488,-0.621645,0.780961,-0.060477,-0.783198,-0.620948,0.031988,-0.012572,0.067250,0.997657,0,0.48000,0.54538,28.800,1.091,-1,425.000,-1,450.000,-1,350.000,350.000,325.000,300.000,-1,-1,-1,-1,925.000,950.000,-1,-1,2,0,2,0,2,0,0,0,0,2,2,2,2,0,0,2,2
6,-5004.911,9407.333,-23.293,-127.407,-0.606657,0.792474,-0.062870,-0.794843,-0.606045,0.030570,-0.013876,0.068517,0.997553,0,0.56000,0.54076,33.600,1.082,-1,425.000,-1,450.000,-1,350.000,350.000,325.000,300.000,-1,-1,-1,-1,925.000,925.000,-1,-1,2,0,2,0,2,0,0,0,0,2,2,2,2,0,0,2,2
7,-5027.663,9376.400,-24.034,-126.336,-0.591588,0.803589,-0.065333,-0.806095,-0.591078,0.028957,-0.015347,0.069795,0.997443,0,0.64000,0.53537,38.400,1.071,-1,425.000,-1,450.000,-1,350.000,350.000,325.000,300.000,-1,-1,-1,-1,900.000,900.000,-1,-1,2,0,2,0,2,0,0,0,0,2,2,2,2,0,0,2,2
8,-5052.611,9341.133,-24.893,-125.278,-0.576458,0.814284,-0.068103,-0.816948,-0.576071,0.027174,-0.017105,0.071302,0.997308,0,0.72000,0.52923,43.200,1.058,-1,425.000,-1,450.000,-1,350.000,350.000,325.000,300.000,-1,-1,-1,-1,900.000,875.000,-1,-1,2,0,2,0,2,0,0,0,0,2,2,2,2,0,0,2,2
9,-5077.760,9304.172,-25.805,-124.233,-0.561316,0.824549,-0.071017,-0.827386,-0.561060,0.025393,-0.018907,0.073012,0.997152,0,0.74510,0.52233,44.706,1.045,-1,425.000,-1,450.000,-1,350.000,350.000,325.000,300.000,-1,-1,-1,-1,875.000,850.000,-1,-1,2,0,2,0,2,0,0,0,0,2,2,2,2,0,0,2,2
10,-5102.428,9266.476,-26.798,-123.203,-0.546176,0.834401,-0.073931,-0.837411,-0.546072,0.023408,-0.020841,0.074695,0.996989,0,0.75083,0.51522,45.050,1.030,-1,425.000,-1,425.000,-1,350.000,350.000,325.000,300.000,-1,-1,-1,-1,850.000,825.000,-1,-1,2,0,2,0,2,0,0,0,0,2,2,2,2,0,0,2,2
11,-5126.608,9228.058,-27.987,-122.187,-0.531033,0.843878,-0.076639,-0.847031,-0.531142,0.020652,-0.023279,0.075883,0.996845,0,0.75657,0.50806,45.394,1.016,-1,425.000,-1,425.000,-1,325.000,350.000,325.000,300.000,-1,-1,-1,-1,825.000,800.000,-1,-1,2,0,2,0,2,0,0,0,0,2,2,2,2,0,0,2,2
12,-5150.280,9188.945,-29.181,-121.184,-0.515918,0.852946,-0.079442,-0.856255,-0.516237,0.018070,-0.025598,0.077345,0.996676,0,0.76200,0.50127,45.720,1.003,-1,400.000,-1,425.000,-1,325.000,325.000,325.000,300.000,-1,-1,-1,-1,800.000,775.000,-1,-1,2,0,2,0,2,0,0,0,0,2,2,2,2,0,0,2,2
13,-5175.860,9145.380,-30.532,-120.421,-0.504205,0.859626,-0.082585,-0.863115,-0.504772,0.015390,-0.028457,0.079040,0.996465,0,0.84200,0.38127,50.520,0.763,-1,400.000,-1,400.000,-1,325.000,325.000,325.000,300.000,-1,-1,-1,-1,775.000,750.000,-1,-1,2,0,2,0,2,0,0,0,0,2,2,2,2,0,0,2,2
14,-5202.118,9099.712,-32.000,-119.899,-0.495998,0.864054,-0.086009,-0.867751,-0.496831,0.012953,-0.031540,0.081059,0.996210,0,0.87798,0.26127,52.679,0.523,-1,400.000,-1,400.000,-1,325.000,325.000,325.000,300.000,-1,-1,-1,-1,750.000,725.000,-1,-1,2,0,2,0,2,0,0,0,0,2,2,2,2,0,0,2,2
15,-5228.150,9053.915,-33.413,-119.616,-0.491432,0.866360,-0.088965,-0.870247,-0.492488,0.011180,-0.034128,0.082916,0.995972,0,0.87798,0.14127,52.679,0.283,-1,400.000,-1,400.000,-1,325.000,325.000,325.000,300.000,-1,-1,-1,-1,750.000,700.000,-1,-1,2,0,2,0,2,0,0,0,0,2,2,2,2,0,0,2,2
16,-5254.073,9008.056,-34.775,-119.479,-0.489067,0.867404,-0.091785,-0.871477,-0.490342,0.009650,-0.036636,0.084708,0.995732,0,0.87798,0.06847,52.679,0.137,-1,400.000,-1,375.000,-1,325.000,325.000,325.000,300.000,-1,-1,-1,-1,725.000,675.000,-1,-1,2,0,2,0,2,0,0,0,0,2,2,2,2,0,0,2,2
17,-5279.886,8962.135,-35.921,-119.342,-0.486777,0.868480,-0.093758,-0.872682,-0.488215,0.008493,-0.038398,0.085955,0.995559,0,0.87798,0.06847,52.679,0.137,-1,400.000,-1,375.000,-1,325.000,325.000,325.000,300.000,-1,-1,-1,-1,700.000,675.000,-1,-1,2,0,2,0,2,0,0,0,0,2,2,2,2,0,0,2,2
18,-5305.589,8916.153,-37.036,-119.206,-0.484493,0.869540,-0.095745,-0.873882,-0.486079,0.007571,-0.039956,0.087337,0.995377,0,0.87798,0.06847,52.679,0.137,-1,400.000,-1,375.000,975.000,325.000,300.000,325.000,300.000,-1,-1,-1,-1,700.000,650.000,-1,-1,2,0,2,0,0,0,0,0,0,2,2,2,2,0,0,2,2
19,-5331.184,8870.110,-38.526,-119.069,-0.482401,0.870708,-0.095693,-0.875036,-0.484005,0.007232,-0.040019,0.087224,0.995385,0,0.87798,0.06847,52.679,0.137,-1,375.000,-1,375.000,950.000,325.000,300.000,325.000,300.000,-1,-1,-1,-1,700.000,650.000,-1,-1,2,0,2,0,0,0,0,0,0,2,2,2,2,0,0,2,2
20,-5356.668,8824.006,-40.123,-118.932,-0.480383,0.871903,-0.094964,-0.876172,-0.481945,0.007254,-0.039442,0.086689,0.995454,0,0.87798,0.06847,52.679,0.137,-1,375.000,-1,375.000,925.000,325.000,300.000,325.000,300.000,-1,-1,-1,-1,700.000,650.000,-1,1000.000,2,0,2,0,0,0,0,0,0,2,2,2,2,0,0,2,0
21,-5382.042,8777.841,-41.715,-118.795,-0.478387,0.873091,-0.094119,-0.877301,-0.479881,0.007545,-0.038579,0.086180,0.995532,0,0.87798,0.06847,52.679,0.137,-1,375.000,-1,375.000,900.000,325.000,300.000,325.000,300.000,-1,-1,-1,-1,675.000,625.000,-1,950.000,2,0,2,0,0,0,0,0,0,2,2,2,2,0,0,2,0
22,-5407.305,8731.616,-43.302,-118.658,-0.476413,0.874272,-0.093161,-0.878424,-0.477813,0.008102,-0.037430,0.085695,0.995618,0,0.87798,0.06847,52.679,0.137,-1,375.000,-1,350.000,875.000,300.000,300.000,325.000,300.000,-1,-1,-1,-1,675.000,625.000,-1,925.000,2,0,2,0,0,0,0,0,0,2,2,2,2,0,0,2,0
23,-5432.459,8685.331,-45.001,-118.521,-0.474509,0.875481,-0.091509,-0.879529,-0.475759,0.009031,-0.035629,0.084770,0.995763,0,0.87798,0.06847,52.679,0.137,-1,375.000,-1,350.000,850.000,300.000,300.000,325.000,300.000,-1,-1,-1,-1,675.000,625.000,-1,900.000,2,0,2,0,0,0,0,0,0,2,2,2,2,0,0,2,0
24,-5457.501,8638.986,-46.847,-118.384,-0.472685,0.876728,-0.088980,-0.880611,-0.473726,0.010370,-0.033061,0.083258,0.995979,0,0.87798,0.06847,52.679,0.137,-1,375.000,-1,350.000,850.000,300.000,300.000,325.000,300.000,-1,-1,-1,-1,675.000,625.000,-1,900.000,2,0,2,0,0,0,0,0,0,2,2,2,2,0,0,2,0
25,-5482.433,8592.581,-48.519,-118.247,-0.470875,0.877916,-0.086829,-0.881691,-0.471661,0.012529,-0.029954,0.082456,0.996144,0,0.87798,0.06847,52.679,0.137,-1,375.000,-1,350.000,825.000,300.000,300.000,325.000,300.000,-1,-1,-1,-1,675.000,625.000,-1,900.000,2,0,2,0,0,0,0,0,0,2,2,2,2,0,0,2,0
26,-5507.252,8546.116,-49.999,-118.110,-0.469087,0.879043,-0.085099,-0.882762,-0.469562,0.015592,-0.026253,0.082436,0.996251,0,0.87798,0.06847,52.679,0.137,-1,375.000,-1,350.000,825.000,300.000,300.000,325.000,300.000,-1,-1,-1,-1,675.000,625.000,-1,875.000,2,0,2,0,0,0,0,0,0,2,2,2,2,0,0,2,0
27,-5531.961,8499.592,-51.288,-117.973,-0.467266,0.880195,-0.083183,-0.883819,-0.467477,0.018130,-0.022928,0.081990,0.996369,0,0.87798,0.06847,52.679,0.137,-1,375.000,-1,350.000,825.000,300.000,300.000,325.000,300.000,-1,-1,-1,-1,675.000,625.000,-1,875.000,2,0,2,0,0,0,0,0,0,2,2,2,2,0,0,2,0
28,-5556.559,8453.010,-52.478,-117.836,-0.465428,0.881348,-0.081252,-0.884866,-0.465392,0.020542,-0.019709,0.081458,0.996482,0,0.87798,0.06847,52.679,0.137,-1,375.000,-1,350.000,800.000,300.000,300.000,325.000,300.000,-1,525.000,675.000,-1,675.000,625.000,-1,875.000,2,0,2,0,0,0,0,0,0,2,0,0,2,0,0,2,0
29,-5581.046,8406.368,-53.377,-117.699,-0.463539,0.882553,-0.078944,-0.885910,-0.463334,0.022003,-0.017159,0.080137,0.996636,0,0.87798,0.06847,52.679,0.137,-1,375.000,-1,350.000,800.000,300.000,300.000,325.000,300.000,-1,425.000,525.000,-1,700.000,625.000,-1,875.000,2,0,2,0,0,0,0,0,0,2,0,0,2,0,0,2,0
30,-5605.422,8359.669,-54.130,-117.562,-0.461652,0.883770,-0.076345,-0.886943,-0.461282,0.023471,-0.014474,0.078549,0.996805,0,0.87798,0.06847,52.679,0.137,-1,375.000,-1,350.000,800.000,300.000,300.000,325.000,300.000,-1,375.000,475.000,-1,700.000,625.000,-1,875.000,2,0,2,0,0,0,0,0,0,2,0,0,2,0,0,2,0
31,-5629.686,8312.912,-54.652,-117.425,-0.459786,0.885019,-0.073057,-0.887957,-0.459246,0.025026,-0.011403,0.076379,0.997014,0,0.87798,0.06847,52.679,0.137,-1,375.000,-1,350.000,800.000,300.000,300.000,300.000,300.000,-1,350.000,450.000,-1,700.000,625.000,-1,875.000,2,0,2,0,0,0,0,0,0,2,0,0,2,0,0,2,0
32,-5653.839,8266.097,-55.095,-117.288,-0.457897,0.886261,-0.069792,-0.888965,-0.457205,0.026531,-0.008396,0.074191,0.997209,0,0.87798,0.06847,52.679,0.137,-1,375.000,-1,350.000,800.000,300.000,300.000,300.000,300.000,-1,350.000,425.000,-1,700.000,625.000,-1,875.000,2,0,2,0,0,0,0,0,0,2,0,0,2,0,0,2,0
33,-5677.879,8219.224,-55.394,-117.151,-0.456000,0.887478,-0.066692,-0.889965,-0.455150,0.028306,-0.005234,0.072261,0.997372,0,0.87798,0.06847,52.679,0.137,-1,375.000,-1,350.000,825.000,300.000,300.000,300.000,300.000,-1,350.000,425.000,-1,725.000,625.000,-1,900.000,2,0,2,0,0,0,0,0,0,2,0,0,2,0,0,2,0
34,-5701.807,8172.293,-55.531,-117.014,-0.454097,0.888665,-0.063798,-0.890950,-0.453080,0.030436,-0.001858,0.070662,0.997499,0,0.87798,0.06847,52.679,0.137,-1,375.000,-1,375.000,825.000,300.000,300.000,300.000,325.000,-1,325.000,425.000,-1,725.000,625.000,-1,925.000,2,0,2,0,0,0,0,0,0,2,0,0,2,0,0,2,0
35,-5725.623,8125.306,-55.583,-116.878,-0.452175,0.889845,-0.060945,-0.891928,-0.451005,0.032547,0.001476,0.069075,0.997610,0,0.87798,0.06847,52.679,0.137,-1,375.000,-1,375.000,850.000,300.000,300.000,300.000,325.000,-1,325.000,425.000,-1,750.000,625.000,-1,950.000,2,0,2,0,0,0,0,0,0,2,0,0,2,0,0,2,0
36,-5749.327,8078.261,-55.552,-116.741,-0.450234,0.891016,-0.058132,-0.892898,-0.448925,0.034640,0.004768,0.067502,0.997708,0,0.87798,0.06847,52.679,0.137,-1,375.000,-1,375.000,850.000,300.000,300.000,300.000,325.000,-1,325.000,400.000,-1,750.000,625.000,-1,975.000,2,0,2,0,0,0,0,0,0,2,0,0,2,0,0,2,0
37,-5772.917,8031.160,-55.420,-116.604,-0.448272,0.892176,-0.055445,-0.893862,-0.446839,0.036696,0.007964,0.066010,0.997787,0,0.87798,0.06847,52.679,0.137,-1,400.000,-1,375.000,875.000,300.000,300.000,300.000,325.000,-1,325.000,400.000,-1,750.000,625.000,-1,1000.000,2,0,2,0,0,0,0,0,0,2,0,0,2,0,0,2,0
38,-5796.395,7984.003,-54.948,-116.467,-0.446259,0.893267,-0.054096,-0.894845,-0.444718,0.038450,0.010289,0.065567,0.997795,0,0.87798,0.06847,52.679,0.137,-1,400.000,-1,375.000,875.000,325.000,300.000,300.000,300.000,-1,350.000,425.000,-1,775.000,625.000,-1,1000.000,2,0,2,0,0,0,0,0,0,2,0,0,2,0,0,2,0
39,-5819.760,7936.790,-54.487,-116.330,-0.444222,0.894375,-0.052537,-0.895831,-0.442605,0.039832,0.012372,0.064758,0.997824,0,0.87798,0.06847,52.679,0.137,-1,400.000,-1,375.000,875.000,325.000,300.000,300.000,300.000,-1,350.000,450.000,-1,775.000,625.000,-1,1000.000,2,0,2,0,0,0,0,0,0,2,0,0,2,0,0,2,0
40,-5843.013,7889.521,-54.086,-116.193,-0.442150,0.895510,-0.050654,-0.896831,-0.440505,0.040609,0.014052,0.063384,0.997890,0,0.87798,0.06847,52.679,0.137,-1,400.000,-1,375.000,875.000,325.000,300.000,300.000,300.000,-1,375.000,450.000,-1,775.000,625.000,-1,1000.000,2,0,2,0,0,0,0,0,0,2,0,0,2,0,0,2,0
41,-5866.153,7842.197,-53.612,-116.056,-0.440072,0.896639,-0.048739,-0.897824,-0.438403,0.041409,0.015762,0.061982,0.997953,0,0.87798,0.06847,52.679,0.137,-1,400.000,-1,375.000,875.000,325.000,300.000,300.000,300.000,-1,400.000,475.000,-1,775.000,625.000,-1,1000.000,2,0,2,0,0,0,0,0,0,2,0,0,2,0,0,2,0
42,-5889.180,7794.817,-52.749,-115.919,-0.437999,0.897827,-0.045427,-0.898791,-0.436328,0.042338,0.018191,0.059373,0.998070,0,0.87798,0.06847,52.679,0.137,-1,400.000,-1,375.000,875.000,325.000,325.000,300.000,300.000,-1,400.000,475.000,-1,800.000,625.000,-1,-1,2,0,2,0,0,0,0,0,0,2,0,0,2,0,0,2,2
43,-5910.003,7751.704,-51.725,-115.777,-0.435796,0.899066,-0.041978,-0.899822,-0.434176,0.042556,0.020035,0.056318,0.998212,0,0.79798,0.07107,47.879,0.142,-1,400.000,-1,375.000,900.000,325.000,325.000,300.000,300.000,-1,425.000,500.000,-1,800.000,625.000,-1,-1,2,0,2,0,0,0,0,0,0,2,0,0,2,0,0,2,2
44,-5930.065,7709.900,-50.751,-115.635,-0.433577,0.900275,-0.038945,-0.900857,-0.432009,0.042725,0.021640,0.053608,0.998328,0,0.77281,0.07107,46.369,0.142,-1,400.000,-1,375.000,900.000,325.000,325.000,300.000,300.000,-1,450.000,525.000,-1,800.000,625.000,-1,-1,2,0,2,0,0,0,0,0,0,2,0,0,2,0,0,2,2
45,-5950.023,7668.046,-49.798,-115.493,-0.431344,0.901459,-0.036235,-0.901893,-0.429829,0.042846,0.023049,0.051161,0.998424,0,0.77281,0.07107,46.369,0.142,-1,400.000,-1,375.000,925.000,325.000,325.000,300.000,300.000,-1,450.000,525.000,-1,800.000,625.000,-1,-1,2,0,2,0,0,0,0,0,0,2,0,0,2,0,0,2,2
46,-5969.877,7626.143,-48.710,-115.350,-0.429101,0.902618,-0.033966,-0.902933,-0.427637,0.042889,0.024187,0.049072,0.998502,0,0.77281,0.07107,46.369,0.142,-1,400.000,-1,375.000,925.000,325.000,325.000,300.000,300.000,-1,475.000,550.000,-1,800.000,625.000,-1,-1,2,0,2,0,0,0,0,0,0,2,0,0,2,0,0,2,2
47,-5989.627,7584.190,-47.524,-115.208,-0.426850,0.903758,-0.031943,-0.903972,-0.425435,0.042897,0.025179,0.047186,0.998569,0,0.77281,0.07107,46.369,0.142,-1,400.000,-1,375.000,925.000,325.000,325.000,300.000,300.000,-1,525.000,600.000,-1,800.000,625.000,-1,-1,2,0,2,0,0,0,0,0,0,2,0,0,2,0,0,2,2
48,-6009.273,7542.189,-46.286,-115.066,-0.424594,0.904889,-0.029946,-0.905006,-0.423228,0.042920,0.026164,0.045325,0.998630,0,0.77281,0.07107,46.369,0.142,-1,400.000,-1,375.000,925.000,325.000,300.000,300.000,300.000,-1,550.000,625.000,-1,800.000,650.000,-1,-1,2,0,2,0,0,0,0,0,0,2,0,0,2,0,0,2,2
49,-6028.814,7500.139,-44.994,-114.924,-0.422331,0.906010,-0.027978,-0.906035,-0.421016,0.042959,0.027142,0.043492,0.998685,0,0.77281,0.07107,46.369,0.142,-1,400.000,-1,375.000,950.000,325.000,300.000,300.000,275.000,-1,575.000,650.000,-1,825.000,650.000,-1,-1,2,0,2,0,0,0,0,0,0,2,0,0,2,0,0,2,2
50,-6048.251,7458.041,-43.651,-114.782,-0.420063,0.907121,-0.026036,-0.907059,-0.418800,0.043013,0.028114,0.041684,0.998735,0,0.77281,0.07107,46.369,0.142,-1,400.000,-1,375.000,950.000,325.000,300.000,325.000,275.000,-1,600.000,675.000,-1,825.000,650.000,-1,-1,2,0,2,0,0,0,0,0,0,2,0,0,2,0,0,2,2
51,-6069.043,7412.208,-42.144,-114.400,-0.413982,0.909969,-0.024004,-0.909813,-0.412774,0.043099,0.029311,0.039682,0.998782,0,0.83880,0.19107,50.328,0.382,-1,400.000,-1,375.000,1000.000,325.000,300.000,325.000,275.000,-1,625.000,700.000,-1,825.000,650.000,-1,-1,2,0,2,0,0,0,0,0,0,2,0,0,2,0,0,2,2
52,-6089.340,7366.154,-40.582,-113.783,-0.404137,0.914432,-0.022053,-0.914186,-0.402986,0.043207,0.030623,0.037622,0.998823,0,0.83880,0.30842,50.328,0.617,-1,400.000,-1,375.000,-1,325.000,300.000,325.000,275.000,-1,650.000,750.000,-1,825.000,650.000,-1,-1,2,0,2,0,2,0,0,0,0,2,0,0,2,0,0,2,2
53,-6109.140,7319.884,-39.105,-113.166,-0.394231,0.918807,-0.019357,-0.918441,-0.393157,0.043528,0.032384,0.034939,0.998865,0,0.83880,0.30842,50.328,0.617,-1,425.000,-1,375.000,-1,325.000,300.000,325.000,275.000,-1,650.000,775.000,-1,825.000,650.000,-1,-1,2,0,2,0,2,0,0,0,0,2,0,0,2,0,0,2,2
54,-6128.441,7273.404,-37.607,-112.549,-0.384260,0.923078,-0.016469,-0.922597,-0.383280,0.043712,0.034037,0.031991,0.998908,0,0.83880,0.30842,50.328,0.617,-1,425.000,-1,375.000,-1,325.000,325.000,325.000,275.000,-1,625.000,775.000,-1,825.000,675.000,-1,-1,2,0,2,0,2,0,0,0,0,2,0,0,2,0,0,2,2
55,-6147.241,7226.719,-35.781,-111.932,-0.374177,0.927269,-0.012790,-0.926714,-0.373368,0.042400,0.034541,0.027718,0.999019,0,0.83880,0.30842,50.328,0.617,-1,425.000,-1,375.000,-1,325.000,325.000,300.000,275.000,-1,675.000,850.000,-1,825.000,675.000,-1,-1,2,0,2,0,2,0,0,0,0,2,0,0,2,0,0,2,2
56,-6165.537,7179.834,-33.904,-111.316,-0.364048,0.931335,-0.009171,-0.930722,-0.363403,0.041169,0.035009,0.023523,0.999110,0,0.83880,0.30842,50.328,0.617,-1,425.000,-1,375.000,-1,325.000,325.000,300.000,300.000,-1,725.000,925.000,-1,800.000,675.000,-1,-1,2,0,2,0,2,0,0,0,0,2,0,0,2,0,0,2,2
57,-6183.327,7132.755,-32.054,-110.699,-0.353886,0.935271,-0.005794,-0.934609,-0.353385,0.040321,0.035663,0.019684,0.999170,0,0.83880,0.30842,50.328,0.617,-1,425.000,-1,375.000,-1,325.000,325.000,300.000,300.000,-1,775.000,975.000,-1,800.000,700.000,-1,-1,2,0,2,0,2,0,0,0,0,2,0,0,2,0,0,2,2
58,-6200.609,7085.487,-30.309,-110.082,-0.343698,0.939075,-0.003033,-0.938381,-0.343316,0.039699,0.036239,0.016490,0.999207,0,0.83880,0.30842,50.328,0.617,-1,400.000,-1,375.000,-1,325.000,325.000,300.000,300.000,-1,800.000,-1,-1,800.000,700.000,-1,-1,2,0,2,0,2,0,0,0,0,2,0,2,2,0,0,2,2
59,-6217.461,7037.798,-28.611,-109.462,-0.333433,0.942773,-0.000801,-0.942069,-0.333151,0.038943,0.036448,0.013739,0.999241,0,0.84299,0.30992,50.579,0.620,-1,400.000,-1,375.000,-1,325.000,325.000,300.000,300.000,-1,875.000,-1,-1,800.000,700.000,-1,-1,2,0,2,0,2,0,0,0,0,2,0,2,2,0,0,2,2
60,-6233.909,6989.590,-26.858,-108.838,-0.323060,0.946377,0.001364,-0.945671,-0.322874,0.038198,0.036590,0.011050,0.999269,0,0.84894,0.31201,50.936,0.624,-1,400.000,-1,375.000,-1,325.000,325.000,300.000,300.000,-1,950.000,-1,-1,775.000,700.000,-1,-1,2,0,2,0,2,0,0,0,0,2,0,2,2,0,0,2,2
61,-6249.940,6940.863,-25.050,-108.210,-0.312581,0.949885,0.003463,-0.949183,-0.312487,0.037459,0.036664,0.008422,0.999292,0,0.85494,0.31409,51.296,0.628,-1,400.000,-1,375.000,-1,325.000,325.000,300.000,300.000,-1,-1,-1,-1,775.000,700.000,-1,-1,2,0,2,0,2,0,0,0,0,2,2,2,2,0,0,2,2
62,-6265.541,6891.615,-23.188,-107.578,-0.301998,0.953293,0.005496,-0.952603,-0.301991,0.036725,0.036670,0.005856,0.999310,0,0.86101,0.31614,51.660,0.632,-1,400.000,-1,375.000,-1,325.000,325.000,300.000,300.000,-1,-1,-1,-1,775.000,700.000,-1,-1,2,0,2,0,2,0,0,0,0,2,2,2,2,0,0,2,2
63,-6280.702,6841.845,-21.273,-106.941,-0.291312,0.956599,0.007465,-0.955927,-0.291389,0.035993,0.036606,0.003349,0.999324,0,0.86713,0.31817,52.028,0.636,-1,400.000,-1,375.000,-1,325.000,325.000,300.000,300.000,-1,-1,-1,-1,775.000,700.000,-1,-1,2,0,2,0,2,0,0,0,0,2,2,2,2,0,0,2,2
64,-6295.410,6791.552,-19.305,-106.301,-0.280526,0.959801,0.009371,-0.959153,-0.280681,0.035259,0.036472,0.000903,0.999334,0,0.87332,0.32019,52.399,0.640,-1,400.000,-1,375.000,-1,325.000,325.000,300.000,300.000,-1,-1,-1,-1,750.000,725.000,-1,-1,2,0,2,0,2,0,0,0,0,2,2,2,2,0,0,2,2
65,-6309.652,6740.737,-17.286,-105.656,-0.269639,0.962896,0.011215,-0.962278,-0.269868,0.034522,0.036268,-0.001484,0.999341,0,0.87956,0.32220,52.774,0.644,-1,400.000,-1,375.000,-1,325.000,325.000,300.000,300.000,-1,-1,-1,-1,750.000,725.000,1000.000,-1,2,0,2,0,2,0,0,0,0,2,2,2,2,0,0,1,2
66,-6323.416,6689.398,-15.218,-105.008,-0.258655,0.965882,0.013001,-0.965299,-0.258953,0.033778,0.035993,-0.003813,0.999345,0,0.88586,0.32419,53.152,0.648,-1,400.000,-1,375.000,-1,325.000,325.000,300.000,300.000,-1,-1,-1,-1,750.000,725.000,950.000,-1,2,0,2,0,2,0,0,0,0,2,2,2,2,0,0,1,2
67,-6336.689,6637.536,-13.113,-104.356,-0.247571,0.968757,0.014788,-0.968212,-0.247936,0.033052,0.035686,-0.006135,0.999344,0,0.89222,0.32618,53.533,0.652,-1,400.000,-1,375.000,-1,325.000,325.000,300.000,300.000,-1,-1,-1,-1,750.000,725.000,900.000,-1,2,0,2,0,2,0,0,0,0,2,2,2,2,1,0,1,2
68,-6349.458,6585.152,-10.963,-103.699,-0.236383,0.971517,0.016642,-0.970999,-0.236819,0.032814,0.035821,-0.008403,0.999323,0,0.89864,0.32816,53.918,0.656,950.000,400.000,-1,375.000,-1,325.000,325.000,300.000,300.000,-1,-1,-1,-1,725.000,725.000,850.000,-1,1,0,2,0,2,0,0,0,0,2,2,2,2,1,0,1,2
69,-6361.710,6532.246,-8.702,-103.039,-0.225104,0.974164,0.018224,-0.973665,-0.225604,0.032859,0.036122,-0.010348,0.999294,0,0.90510,0.33015,54.306,0.660,900.000,400.000,1000.000,375.000,-1,325.000,325.000,300.000,300.000,-1,-1,-1,-1,675.000,725.000,800.000,-1,1,0,1,0,2,0,0,0,0,2,2,2,2,1,0,1,2
70,-6373.432,6478.819,-6.573,-102.375,-0.213741,0.976700,0.019279,-0.976197,-0.214291,0.033447,0.036799,-0.011671,0.999255,0,0.91162,0.33215,54.697,0.664,850.000,400.000,950.000,375.000,-1,325.000,325.000,300.000,300.000,-1,-1,-1,-1,650.000,750.000,750.000,-1,1,0,1,0,2,0,0,0,0,2,2,2,2,1,1,1,2
71,-6384.198,6427.955,-4.592,-101.951,-0.206461,0.978250,0.020028,-0.977736,-0.207050,0.034104,0.037509,-0.012541,0.999218,0,0.86652,0.21215,51.991,0.424,775.000,400.000,900.000,375.000,-1,325.000,325.000,300.000,300.000,-1,-1,-1,-1,600.000,700.000,700.000,975.000,1,0,1,0,2,0,0,0,0,2,2,2,2,1,1,1,1
72,-6394.875,6376.695,-2.593,-101.766,-0.203276,0.978902,0.020707,-0.978376,-0.203901,0.034717,0.038207,-0.013202,0.999183,0,0.87266,0.09215,52.359,0.184,725.000,400.000,850.000,400.000,-1,325.000,325.000,300.000,300.000,-1,-1,-1,-1,575.000,650.000,650.000,900.000,1,0,1,0,2,0,0,0,0,2,2,2,2,1,1,1,1
73,-6405.676,6325.094,-0.575,-101.822,-0.204195,0.978698,0.021335,-0.978157,-0.204852,0.035277,0.038896,-0.013665,0.999150,0,0.87867,-0.02785,52.720,-0.056,650.000,400.000,800.000,400.000,-1,325.000,325.000,300.000,300.000,-1,-1,-1,-1,525.000,625.000,600.000,850.000,1,0,1,0,2,0,0,0,0,2,2,2,2,1,1,1,1
74,-6416.816,6273.207,1.460,-102.118,-0.209215,0.977624,0.021931,-0.977068,-0.209899,0.035774,0.039577,-0.013944,0.999119,0,0.88449,-0.14785,53.069,-0.296,600.000,400.000,750.000,400.000,-1,325.000,325.000,300.000,300.000,-1,-1,-1,-1,500.000,575.000,525.000,800.000,1,1,1,0,2,0,0,0,0,2,2,2,2,1,1,1,1
75,-6428.514,6221.101,3.531,-102.653,-0.218325,0.975618,0.022443,-0.975043,-0.219031,0.036283,0.040314,-0.013961,0.999090,0,0.89005,-0.26785,53.403,-0.536,525.000,375.000,700.000,400.000,-1,325.000,325.000,300.000,300.000,-1,-1,-1,-1,450.000,550.000,475.000,750.000,1,1,1,0,2,0,0,0,0,2,2,2,2,1,1,1,1
76,-6440.866,6168.825,5.664,-103.294,-0.229200,0.973113,0.022789,-0.972509,-0.229922,0.036915,0.041163,-0.013702,0.999059,0,0.89525,-0.32021,53.715,-0.640,450.000,350.000,650.000,400.000,-1,325.000,325.000,300.000,300.000,-1,-1,-1,-1,425.000,525.000,425.000,700.000,1,1,1,1,2,1,0,0,0,2,2,2,2,1,1,1,1
77,-6453.860,6116.406,7.811,-103.923,-0.239853,0.970534,0.023129,-0.969903,-0.240590,0.037476,0.041936,-0.013444,0.999030,0,0.90009,-0.31444,54.005,-0.629,400.000,300.000,600.000,375.000,-1,300.000,300.000,300.000,300.000,-1,-1,-1,-1,400.000,475.000,375.000,650.000,1,1,1,1,2,1,1,0,0,2,2,2,2,1,1,1,1
78,-6467.485,6063.869,9.971,-104.539,-0.250265,0.967893,0.023454,-0.967239,-0.251015,0.037959,0.042628,-0.013185,0.999004,0,0.90458,-0.30812,54.275,-0.616,325.000,275.000,550.000,325.000,-1,250.000,275.000,300.000,300.000,-1,-1,-1,-1,350.000,450.000,300.000,575.000,1,1,1,1,2,1,1,0,0,2,2,2,2,1,1,1,1
79,-6481.726,6011.242,12.142,-105.141,-0.260417,0.965204,0.023756,-0.964528,-0.261178,0.038361,0.043230,-0.012923,0.998982,0,0.90867,-0.30120,54.520,-0.602,275.000,250.000,500.000,300.000,-1,225.000,250.000,300.000,300.000,-1,-1,-1,-1,325.000,400.000,250.000,525.000,1,1,1,1,2,1,1,0,0,2,2,2,2,1,1,1,1
80,-6496.564,5958.555,14.724,-105.729,-0.270345,0.962498,0.022595,-0.961746,-0.271064,0.039619,0.044258,-0.011020,0.998959,0,0.91227,-0.29364,54.736,-0.587,200.000,225.000,450.000,275.000,-1,200.000,225.000,300.000,300.000,-1,-1,-1,-1,275.000,375.000,200.000,475.000,1,1,1,1,2,1,1,0,0,2,2,2,2,1,1,1,1
81,-6511.975,5905.841,22.306,-106.299,-0.280800,0.959746,0.006237,-0.957811,-0.280637,0.061978,0.061233,0.011429,0.998058,0,0.91530,-0.28537,54.918,-0.571,200.000,225.000,450.000,275.000,-1,200.000,225.000,350.000,275.000,-1,575.000,475.000,-1,275.000,350.000,200.000,475.000,1,1,1,1,2,1,1,0,0,2,0,0,2,1,1,1,1
82,-6527.927,5853.139,29.848,-106.852,-0.291536,0.956512,-0.009572,-0.953376,-0.289735,0.084429,0.077984,0.033740,0.996384,0,0.91767,-0.27633,55.060,-0.553,200.000,225.000,450.000,250.000,-1,200.000,225.000,400.000,275.000,-1,425.000,225.000,-1,275.000,350.000,200.000,475.000,1,1,1,1,2,1,1,0,0,2,0,0,2,1,1,1,1
83,-6544.393,5800.496,38.517,-107.385,-0.302170,0.953053,-0.019591,-0.948203,-0.298393,0.108960,0.097999,0.051500,0.993853,0,0.91924,-0.26646,55.154,-0.533,200.000,225.000,450.000,250.000,-1,200.000,200.000,450.000,275.000,-1,300.000,150.000,700.000,275.000,350.000,200.000,-1,1,1,1,1,2,1,1,1,0,2,0,0,0,1,1,1,2
84,-8855.085,-327.965,317.088,40.828,0.756406,-0.653741,-0.021739,0.653869,0.756606,-0.001595,0.017491,-0.013008,0.999762,1,0.00000,0.00000,55.193,-0.511,-1,425.000,-1,400.000,-1,350.000,325.000,300.000,300.000,-1,-1,-1,-1,-1,800.000,-1,-1,2,0,2,0,2,0,0,0,0,2,2,2,2,2,0,2,2
85,-8851.440,-324.843,317.195,40.588,0.759141,-0.650567,-0.021625,0.650695,0.759338,-0.001445,0.017361,-0.012975,0.999765,0,0.08000,-0.12000,4.800,-0.240,-1,425.000,-1,400.000,-1,350.000,325.000,300.000,300.000,-1,-1,-1,-1,-1,800.000,-1,-1,2,0,2,0,2,0,0,0,0,2,2,2,2,2,0,2,2
86,-8844.097,-318.658,317.337,40.108,0.764564,-0.644181,-0.021760,0.644315,0.764759,-0.001073,0.017333,-0.013200,0.999763,0,0.16000,-0.24000,9.600,-0.480,-1,425.000,-1,400.000,-1,350.000,325.000,300.000,300.000,-1,-1,-1,-1,-1,800.000,-1,-1,2,0,2,0,2,0,0,0,0,2,2,2,2,2,0,2,2
87,-8832.968,-309.520,317.549,39.388,0.772597,-0.634517,-0.021969,0.634661,0.772790,-0.000507,0.017299,-0.013551,0.999759,0,0.24000,-0.36000,14.400,-0.720,-1,425.000,-1,400.000,-1,350.000,325.000,300.000,300.000,-1,-1,-1,-1,-1,800.000,-1,-1,2,0,2,0,2,0,0,0,0,2,2,2,2,2,0,2,2
88,-8817.927,-297.586,317.826,38.428,0.783117,-0.621476,-0.022253,0.621635,0.783307,0.000264,0.017267,-0.014040,0.999752,0,0.32000,-0.48000,19.200,-0.960,-1,425.000,-1,400.000,-1,350.000,325.000,300.000,300.000,-1,-1,-1,-1,-1,800.000,-1,-1,2,0,2,0,2,0,0,0,0,2,2,2,2,2,0,2,2
89,-8798.818,-283.066,318.167,37.228,0.795958,-0.604930,-0.022617,0.605107,0.796143,0.001254,0.017247,-0.014684,0.999743,0,0.40000,-0.60000,24.000,-1.200,-1,425.000,-1,400.000,-1,350.000,325.000,300.000,300.000,-1,-1,-1,-1,-1,800.000,-1,-1,2,0,2,0,2,0,0,0,0,2,2,2,2,2,0,2,2
90,-8775.456,-266.224,318.567,35.788,0.810904,-0.584724,-0.023065,0.584925,0.811084,0.002481,0.017257,-0.015503,0.999731,0,0.48000,-0.72000,28.800,-1.440,-1,425.000,-1,400.000,-1,350.000,325.000,300.000,300.000,-1,-1,-1,-1,-1,800.000,-1,-1,2,0,2,0,2,0,0,0,0,2,2,2,2,2,0,2,2
91,-8747.636,-247.382,319.022,34.108,0.827693,-0.560685,-0.023604,0.560914,0.827864,0.003964,0.017318,-0.016521,0.999714,0,0.56000,-0.84000,33.600,-1.680,-1,425.000,-1,400.000,-1,350.000,325.000,300.000,300.000,-1,-1,-1,-1,-1,800.000,-1,-1,2,0,2,0,2,0,0,0,0,2,2,2,2,2,0,2,2
92,-8715.138,-226.926,319.527,32.188,0.846006,-0.532622,-0.024241,0.532887,0.846167,0.005727,0.017461,-0.017763,0.999690,0,0.64000,-0.96000,38.400,-1.920,-1,425.000,-1,400.000,-1,350.000,325.000,300.000,300.000,-1,-1,-1,-1,-1,775.000,-1,-1,2,0,2,0,2,0,0,0,0,2,2,2,2,2,0,2,2
93,-8678.173,-205.422,320.245,30.188,0.864078,-0.502747,-0.024810,0.503067,0.864205,0.008589,0.017122,-0.019902,0.999655,0,0.71275,-1.00000,42.765,-2.000,-1,425.000,-1,400.000,-1,350.000,325.000,300.000,300.000,-1,-1,-1,-1,-1,775.000,-1,-1,2,0,2,0,2,0,0,0,0,2,2,2,2,2,0,2,2
94,-8640.480,-185.220,320.946,28.188,0.881096,-0.472258,-0.025337,0.472636,0.881183,0.011530,0.016882,-0.022134,0.999612,0,0.71275,-1.00000,42.765,-2.000,-1,425.000,-1,400.000,-1,325.000,325.000,300.000,300.000,-1,-1,-1,-1,1000.000,775.000,-1,-1,2,0,2,0,2,0,0,0,0,2,2,2,2,0,0,2,2
95,-8602.106,-166.347,321.630,26.188,0.897040,-0.441194,-0.025827,0.441631,0.897079,0.014528,0.016759,-0.024438,0.999561,0,0.71275,-1.00000,42.765,-2.000,-1,425.000,-1,400.000,-1,325.000,325.000,300.000,300.000,-1,-1,-1,-1,975.000,775.000,-1,-1,2,0,2,0,2,0,0,0,0,2,2,2,2,0,0,2,2
96,-8563.096,-148.823,322.282,24.188,0.911892,-0.409593,-0.026194,0.410090,0.911877,0.017532,0.016705,-0.026729,0.999503,0,0.71275,-1.00000,42.765,-2.000,-1,425.000,-1,400.000,-1,325.000,325.000,300.000,300.000,-1,-1,-1,-1,950.000,775.000,-1,-1,2,0,2,0,2,0,0,0,0,2,2,2,2,0,0,2,2
97,-8523.498,-132.672,322.925,22.188,0.925632,-0.377495,-0.026525,0.378053,0.925555,0.020571,0.016785,-0.029069,0.999436,0,0.71275,-1.00000,42.765,-2.000,-1,425.000,-1,400.000,-1,325.000,325.000,300.000,300.000,-1,-1,-1,-1,925.000,775.000,-1,-1,2,0,2,0,2,0,0,0,0,2,2,2,2,0,0,2,2
98,-8483.360,-117.913,323.563,20.188,0.938242,-0.344939,-0.026827,0.345562,0.938098,0.023641,0.017012,-0.031451,0.999361,0,0.71275,-1.00000,42.765,-2.000,-1,425.000,-1,400.000,-1,325.000,325.000,300.000,300.000,-1,-1,-1,-1,900.000,775.000,-1,-1,2,0,2,0,2,0,0,0,0,2,2,2,2,0,0,2,2
99,-8442.732,-104.564,324.322,18.188,0.949720,-0.311970,-0.026575,0.312638,0.949506,0.026388,0.017000,-0.033370,0.999298,0,0.71275,-1.00000,42.765,-2.000,-1,400.000,-1,400.000,-1,325.000,325.000,325.000,300.000,-1,-1,-1,-1,875.000,750.000,-1,-1,2,0,2,0,2,0,0,0,0,2,2,2,2,0,0,2,2
100,-8401.663,-92.640,325.276,16.188,0.960046,-0.278632,-0.026004,0.279323,0.959777,0.028395,0.017046,-0.034524,0.999258,0,0.71275,-1.00000,42.765,-2.000,-1,400.000,-1,400.000,-1,325.000,325.000,325.000,300.000,-1,-1,-1,-1,850.000,750.000,-1,-1,2,0,2,0,2,0,0,0,0,2,2,2,2,0,0,2,2
101,-8360.202,-82.158,326.285,14.188,0.969196,-0.244958,-0.025576,0.245674,0.968884,0.030132,0.017399,-0.035487,0.999219,0,0.71275,-1.00000,42.765,-2.000,-1,400.000,-1,400.000,-1,325.000,325.000,325.000,300.000,-1,950.000,-1,-1,850.000,750.000,-1,-1,2,0,2,0,2,0,0,0,0,2,0,2,2,0,0,2,2
102,-8318.401,-73.128,327.306,12.188,0.977163,-0.210988,-0.025211,0.211733,0.976810,0.031818,0.017913,-0.036430,0.999176,0,0.71275,-1.00000,42.765,-2.000,-1,400.000,-1,375.000,-1,325.000,325.000,325.000,300.000,-1,950.000,-1,-1,825.000,750.000,-1,-1,2,0,2,0,2,0,0,0,0,2,0,2,2,0,0,2,2
103,-8276.311,-65.564,328.344,10.188,0.983938,-0.176763,-0.024910,0.177540,0.983545,0.033460,0.018585,-0.037345,0.999130,0,0.71275,-1.00000,42.765,-2.000,-1,400.000,-1,375.000,-1,325.000,325.000,325.000,325.000,-1,950.000,-1,-1,825.000,750.000,-1,-1,2,0,2,0,2,0,0,0,0,2,0,2,2,0,0,2,2
104,-8233.981,-59.472,329.401,8.188,0.989512,-0.142326,-0.024669,0.143138,0.989082,0.035060,0.019409,-0.038224,0.999081,0,0.71275,-1.00000,42.765,-2.000,-1,400.000,-1,375.000,-1,325.000,325.000,325.000,325.000,-1,900.000,-1,-1,825.000,750.000,-1,-1,2,0,2,0,2,0,0,0,0,2,0,2,2,0,0,2,2
105,-8191.465,-54.862,330.481,6.188,0.993880,-0.107717,-0.024486,0.108569,0.993414,0.036625,0.020380,-0.039059,0.999029,0,0.71275,-1.00000,42.765,-2.000,-1,400.000,-1,375.000,-1,325.000,325.000,350.000,325.000,-1,875.000,-1,-1,800.000,750.000,-1,-1,2,0,2,0,2,0,0,0,0,2,0,2,2,0,0,2,2
106,-8148.814,-51.738,331.516,4.188,0.997031,-0.072980,-0.024548,0.073878,0.996548,0.037880,0.021699,-0.039581,0.998981,0,0.71275,-1.00000,42.765,-2.000,-1,400.000,-1,375.000,-1,325.000,325.000,350.000,325.000,-1,850.000,-1,-1,800.000,750.000,-1,-1,2,0,2,0,2,0,0,0,0,2,0,2,2,0,0,2,2
107,-8106.080,-50.105,332.551,2.188,0.998965,-0.038156,-0.024766,0.039105,0.998474,0.039002,0.023240,-0.039930,0.998932,0,0.71275,-1.00000,42.765,-2.000,-1,400.000,-1,375.000,-1,325.000,325.000,325.000,325.000,-1,800.000,-1,-1,800.000,750.000,-1,-1,2,0,2,0,2,0,0,0,0,2,0,2,2,0,0,2,2
108,-8063.315,-49.965,333.630,0.188,0.999681,-0.003287,-0.025022,0.004290,0.999184,0.040158,0.024870,-0.040253,0.998880,0,0.71275,-1.00000,42.765,-2.000,-1,400.000,-1,400.000,-1,325.000,325.000,325.000,325.000,-1,775.000,1000.000,-1,800.000,750.000,-1,-1,2,0,2,0,2,0,0,0,0,2,0,0,2,0,0,2,2
109,-8020.571,-51.317,334.758,-1.812,0.999181,0.031586,-0.025309,-0.030523,0.998679,0.041345,0.026581,-0.040539,0.998824,0,0.71275,-1.00000,42.765,-2.000,-1,400.000,-1,400.000,-1,325.000,325.000,325.000,325.000,-1,750.000,950.000,-1,800.000,750.000,-1,-1,2,0,2,0,2,0,0,0,0,2,0,0,2,0,0,2,2
110,-7977.901,-54.160,335.938,-3.812,0.997463,0.066419,-0.025615,-0.065293,0.996958,0.042560,0.028364,-0.040780,0.998766,0,0.71275,-1.00000,42.765,-2.000,-1,400.000,-1,400.000,-1,325.000,325.000,325.000,325.000,-1,750.000,900.000,-1,800.000,750.000,-1,-1,2,0,2,0,2,0,0,0,0,2,0,0,2,0,0,2,2
111,-7935.355,-58.490,337.145,-5.812,0.994533,0.101172,-0.025855,-0.099985,0.994030,0.043682,0.030120,-0.040858,0.998711,0,0.71275,-1.00000,42.765,-2.000,-1,400.000,-1,400.000,-1,325.000,325.000,325.000,325.000,-1,750.000,875.000,-1,800.000,750.000,-1,-1,2,0,2,0,2,0,0,0,0,2,0,0,2,0,0,2,2
112,-7892.987,-64.303,338.429,-7.812,0.990399,0.135803,-0.025834,-0.134575,0.989905,0.044466,0.031612,-0.040563,0.998677,0,0.71275,-1.00000,42.765,-2.000,-1,400.000,-1,400.000,-1,325.000,325.000,325.000,325.000,-1,750.000,875.000,-1,825.000,750.000,-1,-1,2,0,2,0,2,0,0,0,0,2,0,0,2,0,0,2,2
113,-7850.847,-71.591,339.793,-9.812,0.985068,0.170270,-0.025494,-0.169018,0.984579,0.045133,0.032786,-0.040150,0.998656,0,0.71275,-1.00000,42.765,-2.000,-1,400.000,-1,400.000,-1,325.000,325.000,325.000,325.000,-1,775.000,875.000,-1,825.000,750.000,-1,-1,2,0,2,0,2,0,0,0,0,2,0,0,2,0,0,2,2
114,-7813.654,-79.206,341.042,-11.572,0.979381,0.200433,-0.025273,-0.199157,0.978903,0.045659,0.033892,-0.039684,0.998637,0,0.63275,-0.88000,37.965,-1.760,-1,400.000,-1,400.000,-1,325.000,325.000,325.000,325.000,-1,800.000,900.000,-1,850.000,750.000,-1,-1,2,0,2,0,2,0,0,0,0,2,0,0,2,0,0,2,2
115,-7781.351,-86.719,342.120,-13.092,0.973728,0.226334,-0.025013,-0.225048,0.973267,0.045883,0.034729,-0.039049,0.998634,0,0.55275,-0.76000,33.165,-1.520,-1,400.000,-1,400.000,-1,325.000,325.000,325.000,325.000,-1,825.000,900.000,-1,850.000,750.000,-1,-1,2,0,2,0,2,0,0,0,0,2,0,0,2,0,0,2,2
116,-7753.873,-93.760,343.070,-14.372,0.968436,0.248025,-0.024802,-0.246731,0.967989,0.046055,0.035431,-0.038482,0.998631,0,0.47275,-0.64000,28.365,-1.280,-1,400.000,-1,400.000,-1,325.000,325.000,325.000,325.000,-1,825.000,925.000,-1,850.000,750.000,-1,-1,2,0,2,0,2,0,0,0,0,2,0,0,2,0,0,2,2
117,-7731.156,-100.022,343.880,-15.412,0.963780,0.265558,-0.024640,-0.264257,0.963345,0.046192,0.036003,-0.038007,0.998629,0,0.39275,-0.52000,23.565,-1.040,-1,400.000,-1,400.000,-1,325.000,325.000,325.000,325.000,-1,825.000,925.000,-1,850.000,750.000,-1,-1,2,0,2,0,2,0,0,0,0,2,0,0,2,0,0,2,2
118,-7713.137,-105.261,344.538,-16.212,0.959982,0.278986,-0.024518,-0.277680,0.959557,0.046297,0.036443,-0.037637,0.998627,0,0.31275,-0.40000,18.765,-0.800,-1,400.000,-1,400.000,-1,325.000,325.000,325.000,325.000,-1,825.000,925.000,-1,850.000,750.000,-1,-1,2,0,2,0,2,0,0,0,0,2,0,0,2,0,0,2,2
119,-7699.772,-109.313,345.035,-16.866,0.956738,0.289925,-0.024431,-0.288615,0.956322,0.046372,0.036808,-0.037314,0.998625,0,0.23275,-0.32701,13.965,-0.654,-1,400.000,-1,400.000,-1,325.000,325.000,300.000,325.000,-1,825.000,950.000,-1,850.000,750.000,-1,-1,2,0,2,0,2,0,0,0,0,2,0,0,2,0,0,2,2
120,-7691.033,-112.072,345.366,-17.520,0.953367,0.300826,-0.024375,-0.299512,0.952963,0.046410,0.037190,-0.036945,0.998625,0,0.15275,-0.32701,9.165,-0.654,-1,400.000,-1,400.000,-1,325.000,325.000,300.000,325.000,-1,825.000,950.000,-1,850.000,750.000,-1,-1,2,0,2,0,2,0,0,0,0,2,0,0,2,0,0,2,2
121,-7686.885,-113.434,345.525,-18.174,0.949872,0.311689,-0.024349,-0.310371,0.949482,0.046414,0.037586,-0.036531,0.998625,0,0.07275,-0.32701,4.365,-0.654,-1,400.000,-1,400.000,-1,325.000,325.000,300.000,325.000,-1,825.000,950.000,-1,850.000,750.000,-1,-1,2,0,2,0,2,0,0,0,0,2,0,0,2,0,0,2,2
122,-7687.297,-113.294,345.508,-18.828,0.946252,0.322512,-0.024350,-0.321191,0.945878,0.046387,0.037992,-0.036073,0.998627,0,-0.00725,-0.32701,-0.435,-0.654,-1,400.000,-1,400.000,-1,325.000,325.000,300.000,325.000,-1,825.000,925.000,-1,850.000,750.000,-1,-1,2,0,2,0,2,0,0,0,0,2,0,0,2,0,0,2,2
123,-7692.233,-111.548,345.311,-19.482,0.942508,0.333294,-0.024375,-0.331970,0.942152,0.046330,0.038407,-0.035575,0.998629,0,-0.08725,-0.32701,-5.235,-0.654,-1,400.000,-1,400.000,-1,325.000,325.000,300.000,325.000,-1,825.000,925.000,-1,850.000,750.000,-1,-1,2,0,2,0,2,0,0,0,0,2,0,0,2,0,0,2,2
124,-7701.654,-108.094,344.931,-20.136,0.938640,0.344033,-0.024424,-0.342706,0.938304,0.046248,0.038828,-0.035040,0.998631,0,-0.16725,-0.32701,-10.035,-0.654,-1,400.000,-1,400.000,-1,325.000,325.000,300.000,325.000,-1,850.000,900.000,-1,850.000,750.000,-1,-1,2,0,2,0,2,0,0,0,0,2,0,0,2,0,0,2,2
125,-7711.337,-104.418,344.537,-20.790,0.934649,0.354728,-0.024472,-0.353399,0.934333,0.046170,0.039243,-0.034504,0.998634,0,-0.17262,-0.32701,-10.357,-0.654,-1,400.000,-1,400.000,-1,325.000,325.000,300.000,325.000,-1,900.000,875.000,-1,850.000,750.000,-1,-1,2,0,2,0,2,0,0,0,0,2,0,0,2,0,0,2,2
126,-7720.977,-100.632,344.140,-21.444,0.930537,0.365376,-0.024519,-0.364045,0.930240,0.046096,0.039651,-0.033968,0.998636,0,-0.17262,-0.32701,-10.357,-0.654,-1,400.000,-1,400.000,-1,325.000,325.000,300.000,325.000,-1,925.000,850.000,-1,850.000,750.000,-1,-1,2,0,2,0,2,0,0,0,0,2,0,0,2,0,0,2,2
127,-7730.573,-96.736,343.741,-22.098,0.926303,0.375978,-0.024563,-0.374644,0.926025,0.046028,0.040051,-0.033434,0.998638,0,-0.17262,-0.32701,-10.357,-0.654,-1,400.000,-1,400.000,-1,325.000,325.000,325.000,325.000,-1,950.000,825.000,-1,850.000,750.000,-1,-1,2,0,2,0,2,0,0,0,0,2,0,0,2,0,0,2,2
128,-7740.125,-92.731,343.340,-22.752,0.921949,0.386530,-0.024604,-0.385195,0.921690,0.045966,0.040444,-0.032901,0.998640,0,-0.17262,-0.32701,-10.357,-0.654,-1,400.000,-1,400.000,-1,325.000,325.000,325.000,325.000,-1,950.000,800.000,-1,850.000,750.000,-1,-1,2,0,2,0,2,0,0,0,0,2,0,0,2,0,0,2,2
129,-7745.215,-90.502,343.116,-23.646,0.915803,0.400874,-0.024616,-0.399537,0.915568,0.045893,0.040935,-0.032194,0.998643,0,-0.09262,-0.44701,-5.557,-0.894,-1,400.000,-1,400.000,-1,325.000,325.000,325.000,325.000,-1,950.000,775.000,-1,850.000,750.000,-1,-1,2,0,2,0,2,0,0,0,0,2,0,0,2,0,0,2,2
130,-7745.903,-90.187,343.070,-24.623,0.908827,0.416447,-0.024600,-0.415112,0.908617,0.045790,0.041422,-0.031404,0.998648,0,-0.01262,-0.48882,-0.757,-0.978,-1,400.000,-1,400.000,-1,325.000,325.000,325.000,325.000,-1,975.000,775.000,-1,825.000,750.000,-1,-1,2,0,2,0,2,0,0,0,0,2,0,0,2,0,0,2,2
131,-7742.257,-91.934,343.226,-25.601,0.901587,0.431899,-0.024584,-0.430563,0.901401,0.045747,0.041918,-0.030660,0.998651,0,0.06738,-0.48882,4.043,-0.978,-1,400.000,-1,400.000,-1,325.000,325.000,325.000,325.000,-1,-1,750.000,-1,825.000,750.000,-1,-1,2,0,2,0,2,0,0,0,0,2,2,0,2,0,0,2,2
132,-7734.349,-95.891,343.589,-26.579,0.894084,0.447226,-0.024568,-0.445886,0.893919,0.045759,0.042426,-0.029958,0.998650,0,0.14738,-0.48882,8.843,-0.978,-1,400.000,-1,400.000,-1,325.000,325.000,300.000,325.000,-1,-1,825.000,-1,825.000,750.000,-1,-1,2,0,2,0,2,0,0,0,0,2,2,0,2,0,0,2,2
133,-7722.254,-102.203,344.166,-27.556,0.886320,0.462422,-0.024554,-0.461077,0.886176,0.045825,0.042950,-0.029295,0.998648,0,0.22738,-0.48882,13.643,-0.978,-1,400.000,-1,400.000,-1,325.000,325.000,300.000,325.000,-1,-1,925.000,-1,825.000,750.000,-1,-1,2,0,2,0,2,0,0,0,0,2,2,0,2,0,0,2,2
134,-7706.051,-111.013,344.950,-28.534,0.878298,0.477484,-0.024532,-0.476135,0.878174,0.045880,0.043450,-0.028616,0.998646,0,0.30738,-0.48882,18.443,-0.978,-1,400.000,-1,400.000,-1,325.000,325.000,300.000,325.000,-1,-1,975.000,-1,850.000,750.000,-1,-1,2,0,2,0,2,0,0,0,0,2,2,0,2,0,0,2,2
135,-7685.824,-122.463,345.942,-29.512,0.870020,0.492408,-0.024502,-0.491058,0.869917,0.045890,0.043911,-0.027893,0.998646,0,0.38738,-0.48882,23.243,-0.978,-1,400.000,-1,400.000,-1,325.000,325.000,300.000,325.000,-1,-1,-1,-1,850.000,725.000,-1,-1,2,0,2,0,2,0,0,0,0,2,2,2,2,0,0,2,2
