timestep,x_cm,y_cm,z_cm,yaw_deg,basis_xx,basis_xy,basis_xz,basis_yx,basis_yy,basis_yz,basis_zx,basis_zy,basis_zz,teleport_flag,throttle_cmd,steering_cmd,cmd_move_cm,cmd_turn_deg,lidar_cm_0,lidar_cm_1,lidar_cm_2,lidar_cm_3,lidar_cm_4,lidar_cm_5,lidar_cm_6,lidar_cm_7,lidar_cm_8,lidar_cm_9,lidar_cm_10,lidar_cm_11,lidar_cm_12,lidar_cm_13,lidar_cm_14,lidar_cm_15,lidar_cm_16,lidar_class_0,lidar_class_1,lidar_class_2,lidar_class_3,lidar_class_4,lidar_class_5,lidar_class_6,lidar_class_7,lidar_class_8,lidar_class_9,lidar_class_10,lidar_class_11,lidar_class_12,lidar_class_13,lidar_class_14,lidar_class_15,lidar_class_16
0,-2947.480,8857.389,-196.427,28.530,0.875884,-0.476905,-0.073411,0.479514,0.877252,0.022249,0.053789,-0.054689,0.997054,1,0.08000,0.12000,4.800,0.240,-1,375.000,-1,375.000,-1,300.000,300.000,300.000,300.000,525.000,425.000,500.000,-1,700.000,700.000,-1,-1,2,0,2,0,2,0,0,0,0,1,0,0,2,0,0,2,2
1,-2939.085,8862.045,-195.931,29.010,0.871811,-0.484225,-0.073968,0.486860,0.873204,0.021940,0.053965,-0.055140,0.997019,0,0.16000,0.24000,9.600,0.480,-1,375.000,-1,375.000,-1,300.000,300.000,300.000,300.000,525.000,425.000,500.000,-1,700.000,700.000,-1,-1,2,0,2,0,2,0,0,0,0,1,0,0,2,0,0,2,2
2,-2926.551,8869.135,-195.180,29.495,0.867612,-0.491586,-0.074787,0.494252,0.869054,0.021455,0.054447,-0.055579,0.996969,0,0.24000,0.24245,14.400,0.485,-1,375.000,-1,375.000,-1,300.000,300.000,300.000,300.000,550.000,425.000,500.000,-1,700.000,700.000,-1,-1,2,0,2,0,2,0,0,0,0,1,0,0,2,0,0,2,2
3,-2909.919,8878.727,-194.174,29.973,0.863387,-0.498806,-0.075866,0.501509,0.864903,0.020789,0.055247,-0.055997,0.996901,0,0.32000,0.23898,19.200,0.478,-1,375.000,-1,375.000,-1,300.000,300.000,300.000,300.000,550.000,425.000,475.000,-1,700.000,725.000,-1,-1,2,0,2,0,2,0,0,0,0,1,0,0,2,0,0,2,2
4,-2889.227,8890.887,-192.918,30.442,0.859158,-0.505853,-0.077205,0.508597,0.860774,0.019939,0.056370,-0.056397,0.996816,0,0.40000,0.23434,24.000,0.469,-1,375.000,-1,375.000,-1,300.000,300.000,300.000,300.000,575.000,400.000,450.000,-1,700.000,725.000,-1,-1,2,0,2,0,2,0,0,0,0,1,0,0,2,0,0,2,2
5,-2864.515,8905.677,-191.418,30.899,0.854950,-0.512692,-0.078786,0.515479,0.856694,0.018895,0.057808,-0.056767,0.996712,0,0.48000,0.22852,28.800,0.457,-1,375.000,-1,375.000,-1,300.000,300.000,300.000,300.000,575.000,375.000,425.000,-1,700.000,725.000,-1,-1,2,0,2,0,2,0,0,0,0,1,0,0,2,0,0,2,2
6,-2835.817,8923.153,-189.685,31.342,0.850790,-0.519290,-0.080583,0.522121,0.852689,0.017646,0.059549,-0.057087,0.996592,0,0.56000,0.22146,33.600,0.443,-1,375.000,-1,375.000,-1,300.000,300.000,325.000,300.000,600.000,350.000,375.000,-1,725.000,750.000,-1,-1,2,0,2,0,2,0,0,0,0,1,0,0,2,0,0,2,2
7,-2803.170,8943.370,-187.653,31.768,0.846711,-0.525604,-0.082588,0.528494,0.848777,0.016482,0.061436,-0.057603,0.996447,0,0.64000,0.21313,38.400,0.426,-1,375.000,-1,375.000,-1,325.000,300.000,325.000,300.000,625.000,325.000,375.000,-1,725.000,750.000,-1,-1,2,0,2,0,2,0,0,0,0,1,0,0,2,0,0,2,2
8,-2766.605,8966.375,-185.003,32.175,0.842782,-0.531560,-0.084636,0.534611,0.844929,0.016905,0.062525,-0.059494,0.996269,0,0.72000,0.20346,43.200,0.407,-1,375.000,-1,400.000,-1,325.000,325.000,325.000,300.000,650.000,325.000,375.000,-1,725.000,750.000,-1,-1,2,0,2,0,2,0,0,0,0,1,0,0,2,0,0,2,2
9,-2726.149,8992.208,-182.072,32.559,0.838992,-0.537154,-0.086930,0.540390,0.841236,0.017365,0.063801,-0.061546,0.996063,0,0.80000,0.19237,48.000,0.385,-1,400.000,-1,400.000,-1,325.000,325.000,325.000,300.000,675.000,350.000,400.000,-1,725.000,775.000,-1,-1,2,0,2,0,2,0,0,0,0,1,0,0,2,0,0,2,2
10,-2684.839,9018.954,-179.185,32.919,0.835434,-0.542366,-0.088821,0.545755,0.837759,0.017680,0.064821,-0.063245,0.995891,0,0.82019,0.17980,49.212,0.360,-1,400.000,-1,400.000,-1,325.000,325.000,325.000,300.000,700.000,350.000,400.000,-1,725.000,775.000,-1,-1,2,0,2,0,2,0,0,0,0,1,0,0,2,0,0,2,2
11,-2647.814,9043.479,-176.730,33.519,0.829610,-0.551053,-0.089932,0.554547,0.831962,0.017818,0.065001,-0.064653,0.995789,0,0.74019,0.29980,44.412,0.600,-1,375.000,-1,400.000,-1,325.000,325.000,325.000,300.000,725.000,375.000,425.000,-1,725.000,800.000,-1,-1,2,0,2,0,2,0,0,0,0,1,0,0,2,0,0,2,2
12,-2615.114,9065.835,-174.553,34.358,0.821351,-0.563123,-0.090972,0.566731,0.823706,0.017999,0.064799,-0.066341,0.995691,0,0.66019,0.41980,39.612,0.840,-1,375.000,-1,400.000,-1,325.000,325.000,325.000,300.000,750.000,400.000,450.000,-1,725.000,800.000,-1,-1,2,0,2,0,2,0,0,0,0,1,0,0,2,0,0,2,2
13,-2586.753,9086.021,-172.662,35.438,0.810509,-0.578467,-0.091933,0.582198,0.812843,0.018203,0.064197,-0.068277,0.995599,0,0.58019,0.53980,34.812,1.080,-1,375.000,-1,400.000,-1,325.000,325.000,300.000,300.000,775.000,400.000,475.000,-1,725.000,800.000,-1,-1,2,0,2,0,2,0,0,0,0,1,0,0,2,0,0,2,2
14,-2562.710,9103.982,-171.044,36.757,0.796895,-0.596945,-0.092811,0.600800,0.799189,0.018339,0.063225,-0.070375,0.995515,0,0.50019,0.65980,30.012,1.320,-1,375.000,-1,400.000,-1,325.000,325.000,300.000,300.000,800.000,425.000,500.000,-1,725.000,800.000,-1,-1,2,0,2,0,2,0,0,0,0,1,0,0,2,0,0,2,2
15,-2542.931,9119.614,-169.660,38.317,0.780283,-0.618384,-0.093596,0.622347,0.782530,0.018191,0.061993,-0.072443,0.995444,0,0.42019,0.77980,25.212,1.560,-1,375.000,-1,400.000,-1,325.000,325.000,300.000,300.000,825.000,450.000,500.000,-1,725.000,825.000,-1,-1,2,0,2,0,2,0,0,0,0,1,0,0,2,0,0,2,2
16,-2527.323,9132.767,-168.499,40.117,0.760457,-0.642559,-0.093929,0.646605,0.762613,0.018008,0.060060,-0.074429,0.995416,0,0.34019,0.89980,20.412,1.800,-1,375.000,-1,400.000,-1,325.000,325.000,300.000,300.000,825.000,450.000,550.000,-1,725.000,800.000,-1,-1,2,0,2,0,2,0,0,0,0,1,0,0,2,0,0,2,2
17,-2515.707,9143.196,-167.545,41.911,0.739991,-0.666048,-0.093773,0.670136,0.742025,0.017809,0.057720,-0.076019,0.995434,0,0.26019,0.89737,15.612,1.795,-1,375.000,-1,400.000,-1,325.000,325.000,300.000,300.000,850.000,500.000,575.000,-1,725.000,800.000,-1,-1,2,0,2,0,2,0,0,0,0,1,0,0,2,0,0,2,2
18,-2507.893,9150.666,-166.897,43.698,0.718894,-0.688776,-0.093693,0.692913,0.720804,0.017708,0.055337,-0.077651,0.995444,0,0.18019,0.89348,10.812,1.787,-1,375.000,-1,400.000,-1,325.000,325.000,300.000,300.000,875.000,525.000,600.000,-1,725.000,800.000,-1,-1,2,0,2,0,2,0,0,0,0,1,0,0,2,0,0,2,2
19,-2503.680,9154.953,-166.536,45.480,0.697168,-0.710761,-0.093679,0.714954,0.698948,0.017695,0.052900,-0.079313,0.995445,0,0.10019,0.89088,6.012,1.782,-1,375.000,-1,400.000,-1,325.000,325.000,300.000,325.000,875.000,550.000,625.000,-1,725.000,775.000,-1,-1,2,0,2,0,2,0,0,0,0,1,0,0,2,0,0,2,2
20,-2502.860,9155.844,-166.442,47.259,0.674808,-0.732018,-0.093725,0.736270,0.676454,0.017763,0.050398,-0.080994,0.995440,0,0.02019,0.88949,1.212,1.779,-1,375.000,-1,400.000,-1,325.000,325.000,300.000,325.000,900.000,550.000,650.000,-1,725.000,775.000,-1,-1,2,0,2,0,2,0,0,0,0,1,0,0,2,0,0,2,2
21,-2505.215,9153.134,-166.594,49.038,0.651813,-0.752553,-0.093827,0.756871,0.653319,0.017910,0.047821,-0.082689,0.995427,0,-0.05981,0.88922,-3.588,1.778,-1,375.000,-1,400.000,-1,325.000,325.000,300.000,325.000,925.000,575.000,675.000,-1,725.000,750.000,-1,-1,2,0,2,0,2,0,0,0,0,1,0,0,2,0,0,2,2
22,-2510.517,9146.633,-166.969,50.817,0.628179,-0.772372,-0.093986,0.776757,0.629539,0.018138,0.045158,-0.084398,0.995408,0,-0.13981,0.88997,-8.388,1.780,-1,375.000,-1,400.000,-1,325.000,325.000,300.000,325.000,950.000,600.000,700.000,-1,725.000,750.000,-1,-1,2,0,2,0,2,0,0,0,0,1,0,0,2,0,0,2,2
23,-2512.711,9143.791,-167.111,52.357,0.607250,-0.788919,-0.094096,0.793355,0.608484,0.018277,0.042837,-0.085750,0.995395,0,-0.05981,0.76997,-3.588,1.540,-1,375.000,-1,400.000,-1,325.000,325.000,300.000,325.000,-1,600.000,725.000,-1,725.000,750.000,-1,-1,2,0,2,0,2,0,0,0,0,2,0,0,2,0,0,2,2
24,-2511.995,9144.767,-167.038,53.657,0.589245,-0.802449,-0.094153,0.806919,0.590378,0.018325,0.040881,-0.086772,0.995389,0,0.02019,0.64997,1.212,1.300,-1,375.000,-1,400.000,-1,325.000,325.000,300.000,325.000,-1,625.000,750.000,-1,725.000,750.000,-1,-1,2,0,2,0,2,0,0,0,0,2,0,0,2,0,0,2,2
25,-2508.524,9149.675,-166.766,54.717,0.574343,-0.813182,-0.094157,0.817670,0.575396,0.018281,0.039311,-0.087489,0.995390,0,0.10019,0.52997,6.012,1.060,-1,375.000,-1,400.000,-1,325.000,325.000,300.000,325.000,-1,650.000,800.000,-1,725.000,750.000,-1,-1,2,0,2,0,2,0,0,0,0,2,0,0,2,0,0,2,2
26,-2502.415,9158.595,-166.302,55.592,0.561892,-0.821840,-0.094111,0.826335,0.562887,0.018152,0.038055,-0.087967,0.995396,0,0.18019,0.43752,10.812,0.875,-1,375.000,-1,400.000,-1,325.000,325.000,300.000,325.000,-1,675.000,825.000,-1,725.000,750.000,-1,-1,2,0,2,0,2,0,0,0,0,2,0,0,2,0,0,2,2
27,-2493.791,9171.607,-165.657,56.464,0.549362,-0.830277,-0.094032,0.834772,0.550303,0.017953,0.036840,-0.088358,0.995407,0,0.26019,0.43573,15.612,0.871,-1,375.000,-1,400.000,-1,325.000,325.000,300.000,325.000,-1,700.000,850.000,-1,725.000,725.000,-1,-1,2,0,2,0,2,0,0,0,0,2,0,0,2,0,0,2,2
28,-2482.774,9188.789,-164.839,57.330,0.536777,-0.838479,-0.093930,0.842970,0.537670,0.017691,0.035670,-0.088676,0.995422,0,0.34019,0.43320,20.412,0.866,-1,375.000,-1,400.000,-1,325.000,325.000,300.000,325.000,-1,750.000,900.000,-1,725.000,725.000,-1,-1,2,0,2,0,2,0,0,0,0,2,0,0,2,0,0,2,2
29,-2469.486,9210.214,-163.858,58.190,0.524164,-0.846434,-0.093816,0.850916,0.525014,0.017375,0.034548,-0.088937,0.995438,0,0.42019,0.42994,25.212,0.860,-1,375.000,-1,400.000,-1,325.000,325.000,300.000,325.000,-1,775.000,925.000,-1,700.000,725.000,-1,-1,2,0,2,0,2,0,0,0,0,2,0,0,2,0,0,2,2
30,-2454.048,9235.950,-162.725,59.042,0.511549,-0.854129,-0.093706,0.858602,0.512361,0.017015,0.033478,-0.089161,0.995454,0,0.50019,0.42595,30.012,0.852,-1,375.000,-1,400.000,-1,325.000,325.000,300.000,325.000,-1,825.000,975.000,-1,700.000,725.000,-1,-1,2,0,2,0,2,0,0,0,0,2,0,0,2,0,0,2,2
31,-2436.583,9266.062,-161.457,59.884,0.498958,-0.861556,-0.093601,0.866017,0.499740,0.016580,0.032491,-0.089333,0.995472,0,0.58019,0.42121,34.812,0.842,-1,375.000,-1,375.000,-1,325.000,325.000,300.000,325.000,-1,875.000,-1,-1,700.000,725.000,-1,-1,2,0,2,0,2,0,0,0,0,2,0,2,2,0,0,2,2
32,-2417.207,9300.611,-160.078,60.716,0.486418,-0.868710,-0.093491,0.873153,0.487183,0.016015,0.031635,-0.089422,0.995491,0,0.66019,0.41568,39.612,0.831,-1,375.000,-1,375.000,-1,325.000,325.000,300.000,325.000,-1,925.000,-1,-1,700.000,725.000,-1,-1,2,0,2,0,2,0,0,0,0,2,0,2,2,0,0,2,2
33,-2396.040,9339.653,-158.583,61.534,0.473963,-0.875575,-0.093421,0.880003,0.474718,0.015395,0.030869,-0.089507,0.995508,0,0.74019,0.40933,44.412,0.819,-1,375.000,-1,375.000,-1,325.000,325.000,300.000,325.000,-1,950.000,-1,-1,700.000,725.000,-1,-1,2,0,2,0,2,0,0,0,0,2,0,2,2,0,0,2,2
34,-2373.194,9383.240,-156.886,62.339,0.461590,-0.882115,-0.093847,0.886570,0.462363,0.014640,0.030477,-0.089959,0.995479,0,0.82019,0.40209,49.212,0.804,-1,375.000,-1,375.000,-1,325.000,325.000,300.000,325.000,-1,1000.000,-1,-1,700.000,725.000,-1,-1,2,0,2,0,2,0,0,0,0,2,0,2,2,0,0,2,2
35,-2350.901,9427.233,-155.354,63.126,0.449355,-0.888382,-0.094113,0.892833,0.450188,0.013398,0.030466,-0.090048,0.995471,0,0.82199,0.39389,49.320,0.788,-1,375.000,-1,375.000,-1,325.000,325.000,300.000,325.000,-1,-1,-1,-1,700.000,725.000,-1,-1,2,0,2,0,2,0,0,0,0,2,2,2,2,0,0,2,2
36,-2329.159,9471.610,-153.912,63.897,0.437290,-0.894359,-0.094334,0.898800,0.438193,0.012019,0.030587,-0.090043,0.995468,0,0.82363,0.38549,49.418,0.771,-1,375.000,-1,375.000,-1,325.000,325.000,300.000,325.000,-1,-1,-1,-1,700.000,725.000,-1,-1,2,0,2,0,2,0,0,0,0,2,2,2,2,0,0,2,2
37,-2307.955,9516.367,-152.501,64.651,0.425417,-0.900037,-0.094620,0.904477,0.426386,0.010746,0.030673,-0.090153,0.995455,0,0.82544,0.37687,49.526,0.754,-1,375.000,-1,375.000,-1,325.000,325.000,300.000,325.000,-1,-1,-1,-1,700.000,750.000,-1,-1,2,0,2,0,2,0,0,0,0,2,2,2,2,0,0,2,2
38,-2287.279,9561.502,-151.122,65.387,0.413751,-0.905422,-0.094975,0.909871,0.414780,0.009573,0.030726,-0.090375,0.995434,0,0.82743,0.36804,49.646,0.736,-1,375.000,-1,375.000,-1,325.000,325.000,300.000,325.000,-1,975.000,950.000,-1,725.000,750.000,-1,-1,2,0,2,0,2,0,0,0,0,2,0,0,2,0,0,2,2
39,-2267.117,9607.012,-149.772,66.105,0.402305,-0.910522,-0.095400,0.914989,0.403389,0.008494,0.030749,-0.090707,0.995403,0,0.82961,0.35900,49.777,0.718,-1,375.000,-1,375.000,-1,325.000,325.000,300.000,325.000,-1,900.000,875.000,-1,725.000,750.000,-1,-1,2,0,2,0,2,0,0,0,0,2,0,0,2,0,0,2,2
40,-2247.457,9652.895,-148.452,66.805,0.391093,-0.915341,-0.095897,0.919838,0.392228,0.007505,0.030743,-0.091145,0.995363,0,0.83197,0.34974,49.918,0.699,-1,375.000,-1,375.000,-1,325.000,325.000,300.000,325.000,-1,850.000,800.000,-1,725.000,750.000,-1,-1,2,0,2,0,2,0,0,0,0,2,0,0,2,0,0,2,2
41,-2228.284,9699.150,-147.161,67.485,0.380128,-0.919889,-0.096469,0.924424,0.381309,0.006601,0.030712,-0.091687,0.995314,0,0.83452,0.34026,50.071,0.681,-1,375.000,-1,375.000,-1,325.000,325.000,300.000,325.000,-1,775.000,750.000,-1,725.000,775.000,-1,-1,2,0,2,0,2,0,0,0,0,2,0,0,2,0,0,2,2
42,-2211.623,9741.243,-145.889,68.406,0.365321,-0.925889,-0.096285,0.930407,0.366478,0.006014,0.029718,-0.091781,0.995336,0,0.75452,0.46026,45.271,0.921,-1,375.000,-1,375.000,-1,325.000,325.000,300.000,325.000,-1,775.000,725.000,-1,725.000,775.000,-1,-1,2,0,2,0,2,0,0,0,0,2,0,0,2,0,0,2,2
43,-2197.494,9779.167,-144.755,69.566,0.346526,-0.933117,-0.095980,0.937610,0.347649,0.005304,0.028418,-0.091830,0.995369,0,0.67452,0.58026,40.471,1.161,-1,375.000,-1,375.000,-1,325.000,325.000,300.000,325.000,-1,775.000,725.000,-1,725.000,775.000,-1,-1,2,0,2,0,2,0,0,0,0,2,0,0,2,0,0,2,2
44,-2185.862,9812.887,-143.741,70.967,0.323648,-0.941346,-0.095500,0.945793,0.324742,0.004292,0.026973,-0.091713,0.995420,0,0.59452,0.70026,35.671,1.401,-1,375.000,-1,375.000,-1,325.000,325.000,300.000,300.000,-1,750.000,675.000,-1,725.000,775.000,-1,-1,2,0,2,0,2,0,0,0,0,2,0,0,2,0,0,2,2
45,-2176.635,9842.346,-142.937,72.607,0.296621,-0.950252,-0.095062,0.954666,0.297658,0.003407,0.025058,-0.091763,0.995466,0,0.51452,0.82026,30.871,1.641,-1,375.000,-1,375.000,-1,325.000,325.000,300.000,300.000,-1,700.000,650.000,-1,725.000,775.000,-1,-1,2,0,2,0,2,0,0,0,0,2,0,0,2,0,0,2,2
46,-2169.594,9867.447,-142.324,74.329,0.268000,-0.958758,-0.094651,0.963147,0.268964,0.002664,0.022904,-0.091877,0.995507,0,0.43452,0.86105,26.071,1.722,-1,375.000,-1,375.000,-1,325.000,325.000,300.000,300.000,-1,675.000,625.000,-1,700.000,750.000,-1,-1,2,0,2,0,2,0,0,0,0,2,0,0,2,0,0,2,2
47,-2164.465,9888.089,-141.863,76.045,0.239266,-0.966363,-0.094311,0.970736,0.240142,0.002120,0.020600,-0.092058,0.995541,0,0.35452,0.85763,21.271,1.715,-1,375.000,-1,400.000,-1,325.000,325.000,300.000,300.000,-1,675.000,600.000,-1,700.000,750.000,-1,-1,2,0,2,0,2,0,0,0,0,2,0,0,2,0,0,2,2
48,-2160.973,9904.184,-141.518,77.755,0.210421,-0.973073,-0.094087,0.977443,0.211192,0.001801,0.018118,-0.092344,0.995562,0,0.27452,0.85500,16.471,1.710,-1,375.000,-1,400.000,-1,325.000,325.000,300.000,300.000,-1,650.000,600.000,-1,700.000,750.000,-1,-1,2,0,2,0,2,0,0,0,0,2,0,0,2,0,0,2,2
49,-2158.839,9915.658,-141.292,79.461,0.181458,-0.978903,-0.093925,0.983275,0.182121,0.001541,0.015597,-0.092633,0.995578,0,0.19452,0.85311,11.671,1.706,-1,375.000,-1,400.000,-1,325.000,325.000,300.000,300.000,-1,650.000,625.000,-1,700.000,750.000,-1,-1,2,0,2,0,2,0,0,0,0,2,0,0,2,0,0,2,2
50,-2157.785,9922.446,-141.173,81.165,0.152385,-0.983863,-0.093770,0.988236,0.152932,0.001368,0.012994,-0.092876,0.995593,0,0.11452,0.85188,6.871,1.704,-1,375.000,-1,400.000,-1,325.000,325.000,300.000,300.000,-1,625.000,650.000,-1,700.000,750.000,-1,-1,2,0,2,0,2,0,0,0,0,2,0,0,2,0,0,2,2
51,-2157.529,9924.500,-141.138,82.867,0.123209,-0.987954,-0.093632,0.992327,0.123633,0.001289,0.010303,-0.093072,0.995606,0,0.03452,0.85123,2.071,1.702,-1,375.000,-1,400.000,-1,325.000,325.000,300.000,300.000,-1,625.000,675.000,-1,700.000,750.000,-1,-1,2,0,2,0,2,0,0,0,0,2,0,0,2,0,0,2,2
52,-2157.788,9921.782,-141.162,84.569,0.093940,-0.991176,-0.093519,0.995549,0.094232,0.001306,0.007518,-0.093225,0.995617,0,-0.04548,0.85105,-2.729,1.702,-1,375.000,-1,400.000,-1,325.000,325.000,300.000,300.000,-1,600.000,700.000,-1,700.000,750.000,-1,-1,2,0,2,0,2,0,0,0,0,2,0,0,2,0,0,2,2
53,-2158.278,9914.268,-141.221,86.272,0.064592,-0.993528,-0.093440,0.997901,0.064742,0.001425,0.004634,-0.093336,0.995624,0,-0.12548,0.85125,-7.529,1.702,-1,375.000,-1,375.000,-1,325.000,325.000,300.000,300.000,-1,600.000,750.000,-1,700.000,725.000,-1,-1,2,0,2,0,2,0,0,0,0,2,0,0,2,0,0,2,2
54,-2158.715,9901.945,-141.291,87.975,0.035181,-0.995007,-0.093404,0.999380,0.035180,0.001651,0.001644,-0.093404,0.995627,0,-0.20548,0.85168,-12.329,1.703,-1,375.000,-1,375.000,-1,325.000,325.000,300.000,300.000,-1,625.000,800.000,-1,700.000,725.000,-1,-1,2,0,2,0,2,0,0,0,0,2,0,0,2,0,0,2,2
55,-2158.812,9884.815,-141.345,89.679,0.005731,-0.995610,-0.093420,0.999983,0.005570,0.001986,-0.001457,-0.093430,0.995625,0,-0.28548,0.85222,-17.129,1.704,-1,375.000,-1,375.000,-1,325.000,325.000,300.000,300.000,-1,650.000,875.000,-1,700.000,725.000,-1,-1,2,0,2,0,2,0,0,0,0,2,0,0,2,0,0,2,2
56,-2158.282,9862.892,-141.359,91.385,-0.023730,-0.995337,-0.093495,0.999707,-0.024063,0.002433,-0.004672,-0.093410,0.995617,0,-0.36548,0.85271,-21.929,1.705,-1,375.000,-1,375.000,-1,325.000,325.000,300.000,300.000,-1,675.000,1000.000,-1,700.000,725.000,-1,-1,2,0,2,0,2,0,0,0,0,2,0,0,2,0,0,2,2
57,-2156.950,9838.207,-141.207,93.091,-0.053192,-0.994226,-0.093190,0.998554,-0.053686,0.002798,-0.007785,-0.092907,0.995644,0,-0.41198,0.85298,-24.719,1.706,-1,375.000,-1,375.000,-1,325.000,325.000,300.000,300.000,-1,775.000,-1,-1,700.000,725.000,-1,-1,2,0,2,0,2,0,0,0,0,2,0,2,2,0,0,2,2
58,-2154.871,9813.449,-140.830,94.797,-0.082608,-0.992293,-0.092363,0.996522,-0.083267,0.003296,-0.010961,-0.091769,0.995720,0,-0.41405,0.85290,-24.843,1.706,-1,375.000,-1,375.000,-1,325.000,325.000,300.000,300.000,-1,900.000,-1,-1,700.000,725.000,-1,-1,2,0,2,0,2,0,0,0,0,2,0,2,2,0,0,2,2
59,-2152.062,9788.813,-140.357,96.504,-0.111977,-0.989470,-0.091702,0.993610,-0.112802,0.003849,-0.014152,-0.090685,0.995779,0,-0.41323,0.85358,-24.794,1.707,-1,375.000,-1,375.000,-1,325.000,325.000,300.000,300.000,-1,-1,-1,-1,700.000,725.000,-1,-1,2,0,2,0,2,0,0,0,0,2,2,2,2,0,0,2,2
60,-2148.528,9764.324,-139.817,98.211,-0.141261,-0.985771,-0.091110,0.989820,-0.142253,0.004446,-0.017343,-0.089554,0.995831,0,-0.41236,0.85382,-24.742,1.708,-1,375.000,-1,375.000,-1,325.000,325.000,300.000,300.000,-1,-1,-1,-1,700.000,725.000,-1,-1,2,0,2,0,2,0,0,0,0,2,2,2,2,0,0,2,2
61,-2144.274,9740.003,-139.216,99.919,-0.170422,-0.981201,-0.090559,0.985158,-0.171577,0.005066,-0.020509,-0.088352,0.995878,0,-0.41148,0.85363,-24.689,1.707,-1,375.000,-1,375.000,-1,325.000,325.000,325.000,300.000,-1,-1,-1,-1,700.000,725.000,-1,-1,2,0,2,0,2,0,0,0,0,2,2,2,2,0,0,2,2
62,-2139.309,9715.869,-138.556,101.625,-0.199419,-0.975768,-0.090048,0.979629,-0.200735,0.005706,-0.023643,-0.087076,0.995921,0,-0.41064,0.85300,-24.638,1.706,-1,375.000,-1,375.000,-1,325.000,325.000,325.000,300.000,-1,-1,-1,-1,700.000,725.000,-1,-1,2,0,2,0,2,0,0,0,0,2,2,2,2,0,0,2,2
63,-2133.638,9691.938,-137.836,103.329,-0.228213,-0.969482,-0.089575,0.973244,-0.229687,0.006361,-0.026741,-0.085726,0.995960,0,-0.40987,0.85195,-24.592,1.704,-1,375.000,-1,375.000,-1,325.000,325.000,325.000,300.000,-1,-1,-1,-1,700.000,725.000,-1,-1,2,0,2,0,2,0,0,0,0,2,2,2,2,0,0,2,2
64,-2127.270,9668.224,-137.057,105.030,-0.256766,-0.962354,-0.089136,0.966014,-0.258394,0.007029,-0.029796,-0.084302,0.995995,0,-0.40921,0.85047,-24.552,1.701,-1,400.000,-1,375.000,-1,325.000,325.000,325.000,300.000,-1,-1,-1,-1,700.000,725.000,-1,-1,2,0,2,0,2,0,0,0,0,2,2,2,2,0,0,2,2
65,-2120.211,9644.739,-136.257,106.727,-0.285046,-0.954388,-0.088840,0.957956,-0.286814,0.007547,-0.032683,-0.082954,0.996017,0,-0.40870,0.84857,-24.522,1.697,-1,400.000,-1,375.000,-1,325.000,325.000,325.000,300.000,-1,-1,-1,-1,700.000,725.000,-1,-1,2,0,2,0,2,0,0,0,0,2,2,2,2,0,0,2,2
66,-2112.468,9621.491,-135.446,108.419,-0.313017,-0.945597,-0.088693,0.949089,-0.314910,0.007864,-0.035367,-0.081715,0.996028,0,-0.40838,0.84626,-24.503,1.693,-1,400.000,-1,375.000,-1,325.000,325.000,325.000,300.000,-1,-1,-1,-1,700.000,725.000,-1,-1,2,0,2,0,2,0,0,0,0,2,2,2,2,0,0,2,2
67,-2104.046,9598.487,-134.586,110.106,-0.340636,-0.936013,-0.088577,0.939428,-0.342649,0.008129,-0.037960,-0.080443,0.996036,0,-0.40827,0.84354,-24.496,1.687,-1,400.000,-1,375.000,-1,325.000,325.000,325.000,300.000,-1,-1,-1,-1,725.000,725.000,-1,-1,2,0,2,0,2,0,0,0,0,2,2,2,2,0,0,2,2
68,-2094.950,9575.732,-133.678,111.787,-0.367871,-0.925657,-0.088485,0.928996,-0.369995,0.008339,-0.040458,-0.079135,0.996043,0,-0.40841,0.84042,-24.505,1.681,-1,400.000,-1,375.000,-1,325.000,325.000,325.000,300.000,-1,-1,-1,-1,725.000,725.000,-1,-1,2,0,2,0,2,0,0,0,0,2,2,2,2,0,0,2,2
69,-2085.183,9553.229,-132.723,113.461,-0.394687,-0.914552,-0.088410,0.917815,-0.396917,0.008491,-0.042856,-0.077793,0.996048,0,-0.40883,0.83689,-24.530,1.674,-1,400.000,-1,375.000,-1,325.000,325.000,325.000,300.000,-1,-1,-1,-1,725.000,725.000,-1,-1,2,0,2,0,2,0,0,0,0,2,2,2,2,0,0,2,2
70,-2076.876,9535.332,-131.926,114.895,-0.417400,-0.904416,-0.088366,0.907616,-0.419714,0.008570,-0.044840,-0.076625,0.996051,0,-0.32883,0.71689,-19.730,1.434,-1,400.000,-1,375.000,-1,325.000,325.000,300.000,300.000,-1,-1,-1,-1,725.000,725.000,-1,-1,2,0,2,0,2,0,0,0,0,2,2,2,2,0,0,2,2
71,-2070.310,9521.923,-131.306,116.088,-0.436116,-0.895543,-0.088347,0.898691,-0.438498,0.008603,-0.046445,-0.075645,0.996053,0,-0.24883,0.59689,-14.930,1.194,-1,400.000,-1,400.000,-1,325.000,325.000,300.000,300.000,-1,-1,-1,-1,725.000,725.000,-1,-1,2,0,2,0,2,0,0,0,0,2,2,2,2,0,0,2,2
72,-2065.703,9512.900,-130.880,117.042,-0.450937,-0.888172,-0.088353,0.891280,-0.453371,0.008610,-0.047703,-0.074865,0.996052,0,-0.16883,0.47689,-10.130,0.954,-1,400.000,-1,400.000,-1,325.000,325.000,300.000,300.000,-1,-1,-1,-1,725.000,725.000,-1,-1,2,0,2,0,2,0,0,0,0,2,2,2,2,0,0,2,2
73,-2063.221,9508.183,-130.658,117.756,-0.461946,-0.882493,-0.088381,0.885573,-0.464420,0.008604,-0.048639,-0.074294,0.996050,0,-0.08883,0.35689,-5.330,0.714,-1,400.000,-1,400.000,-1,325.000,325.000,300.000,300.000,-1,-1,-1,-1,725.000,725.000,-1,-1,2,0,2,0,2,0,0,0,0,2,2,2,2,0,0,2,2
74,-2062.970,9507.716,-130.649,118.230,-0.469213,-0.878646,-0.088433,0.881710,-0.471714,0.008596,-0.049268,-0.073939,0.996045,0,-0.00883,0.23689,-0.530,0.474,-1,400.000,-1,400.000,-1,325.000,325.000,300.000,300.000,-1,-1,-1,-1,725.000,725.000,-1,-1,2,0,2,0,2,0,0,0,0,2,2,2,2,0,0,2,2
75,-2065.005,9511.470,-130.857,118.464,-0.472783,-0.876723,-0.088506,0.879782,-0.475300,0.008591,-0.049599,-0.073804,0.996039,0,0.07117,0.11689,4.270,0.234,-1,400.000,-1,400.000,-1,325.000,325.000,300.000,300.000,-1,-1,-1,-1,725.000,725.000,-1,-1,2,0,2,0,2,0,0,0,0,2,2,2,2,0,0,2,2
76,-2069.327,9519.444,-131.282,118.457,-0.472681,-0.876769,-0.088597,0.879835,-0.475202,0.008588,-0.049631,-0.073891,0.996031,0,0.15117,-0.00311,9.070,-0.006,-1,400.000,-1,400.000,-1,325.000,325.000,300.000,300.000,-1,-1,-1,-1,725.000,725.000,-1,-1,2,0,2,0,2,0,0,0,0,2,2,2,2,0,0,2,2
77,-2075.884,9531.666,-131.923,118.211,-0.468906,-0.878783,-0.088700,0.881868,-0.471419,0.008581,-0.049356,-0.074198,0.996021,0,0.23117,-0.12311,13.870,-0.246,-1,400.000,-1,400.000,-1,325.000,325.000,300.000,300.000,-1,-1,-1,-1,725.000,725.000,-1,-1,2,0,2,0,2,0,0,0,0,2,2,2,2,0,0,2,2
78,-2084.570,9548.193,-132.772,117.725,-0.461436,-0.882717,-0.088810,0.885832,-0.463926,0.008560,-0.048757,-0.074721,0.996012,0,0.31117,-0.24311,18.670,-0.486,-1,400.000,-1,400.000,-1,325.000,325.000,300.000,300.000,-1,-1,-1,-1,725.000,725.000,-1,-1,2,0,2,0,2,0,0,0,0,2,2,2,2,0,0,2,2
79,-2095.225,9569.106,-133.819,116.999,-0.450224,-0.888477,-0.088920,0.891635,-0.452676,0.008507,-0.047810,-0.075454,0.996002,0,0.39117,-0.36311,23.470,-0.726,-1,400.000,-1,375.000,-1,325.000,325.000,300.000,300.000,-1,-1,-1,-1,725.000,725.000,-1,-1,2,0,2,0,2,0,0,0,0,2,2,2,2,0,0,2,2
80,-2107.735,9594.458,-135.065,116.263,-0.438792,-0.894166,-0.089045,0.897369,-0.441201,0.008405,-0.046802,-0.076218,0.995992,0,0.47117,-0.36798,28.270,-0.736,-1,400.000,-1,375.000,-1,325.000,325.000,325.000,300.000,-1,-1,-1,-1,725.000,725.000,-1,-1,2,0,2,0,2,0,0,0,0,2,2,2,2,0,0,2,2
81,-2121.992,9624.297,-136.508,115.537,-0.427447,-0.899631,-0.089175,0.902882,-0.429809,0.008240,-0.045741,-0.076992,0.995982,0,0.55117,-0.36304,33.070,-0.726,-1,400.000,-1,375.000,-1,325.000,325.000,325.000,300.000,-1,-1,-1,-1,700.000,725.000,-1,-1,2,0,2,0,2,0,0,0,0,2,2,2,2,0,0,2,2
82,-2137.891,9658.669,-138.142,114.822,-0.416220,-0.904869,-0.089295,0.908169,-0.418527,0.007995,-0.044607,-0.077768,0.995973,0,0.63117,-0.35738,37.870,-0.715,-1,400.000,-1,375.000,-1,325.000,325.000,325.000,300.000,-1,-1,-1,-1,700.000,725.000,-1,-1,2,0,2,0,2,0,0,0,0,2,2,2,2,0,0,2,2
83,-2155.328,9697.614,-139.964,114.120,-0.405140,-0.909874,-0.089391,0.913225,-0.407383,0.007651,-0.043377,-0.078534,0.995967,0,0.71117,-0.35105,42.670,-0.702,-1,375.000,-1,375.000,-1,325.000,325.000,325.000,300.000,-1,-1,-1,-1,700.000,700.000,-1,-1,2,0,2,0,2,0,0,0,0,2,2,2,2,0,0,2,2
84,-2174.205,9741.170,-141.924,113.431,-0.394197,-0.914642,-0.089662,0.918058,-0.396379,0.007248,-0.042169,-0.079458,0.995946,0,0.79117,-0.34462,47.470,-0.689,-1,375.000,-1,375.000,-1,325.000,325.000,325.000,300.000,-1,-1,-1,-1,700.000,700.000,-1,-1,2,0,2,0,2,0,0,0,0,2,2,2,2,0,0,2,2
85,-2194.423,9789.372,-144.081,112.754,-0.383418,-0.919154,-0.090260,0.922687,-0.385500,0.006193,-0.040487,-0.080907,0.995899,0,0.87117,-0.33848,52.270,-0.677,-1,375.000,-1,375.000,-1,325.000,325.000,325.000,300.000,-1,-1,-1,-1,675.000,700.000,-1,-1,2,0,2,0,2,0,0,0,0,2,2,2,2,0,0,2,2
86,-2215.835,9842.130,-146.288,112.089,-0.372808,-0.923429,-0.091068,0.927113,-0.374753,0.004633,-0.038406,-0.082703,0.995834,0,0.94896,-0.33245,56.938,-0.665,1000.000,375.000,-1,375.000,-1,300.000,325.000,300.000,300.000,-1,-1,-1,-1,675.000,700.000,-1,-1,0,0,2,0,2,0,0,0,0,2,2,2,2,0,0,2,2
87,-2236.739,9895.386,-148.441,111.429,-0.362248,-0.927546,-0.091842,0.931377,-0.364043,0.003012,-0.036228,-0.084448,0.995769,0,0.95352,-0.32983,57.211,-0.660,950.000,375.000,-1,375.000,-1,300.000,325.000,300.000,300.000,-1,-1,-1,-1,675.000,700.000,-1,-1,0,0,2,0,2,0,0,0,0,2,2,2,2,0,0,2,2
88,-2257.059,9948.921,-150.389,110.785,-0.351877,-0.931494,-0.092202,0.935412,-0.353553,0.001986,-0.034448,-0.085548,0.995738,0,0.95436,-0.32225,57.262,-0.644,925.000,375.000,-1,375.000,-1,300.000,300.000,300.000,300.000,-1,-1,-1,-1,675.000,700.000,1000.000,-1,0,0,2,0,2,0,0,0,0,2,2,2,2,0,0,0,2
89,-2276.794,10002.693,-152.001,110.154,-0.341785,-0.935335,-0.091282,0.939231,-0.343285,0.000783,-0.032068,-0.085467,0.995825,0,0.95463,-0.31521,57.278,-0.630,900.000,375.000,-1,375.000,-1,300.000,300.000,300.000,300.000,-1,-1,-1,-1,650.000,700.000,975.000,-1,0,0,2,0,2,0,0,0,0,2,2,2,2,0,0,0,2
90,-2295.942,10056.659,-153.486,109.537,-0.331887,-0.939013,-0.090035,0.942857,-0.333196,-0.000521,-0.029511,-0.085063,0.995938,0,0.95438,-0.30876,57.263,-0.618,900.000,375.000,-1,375.000,-1,300.000,325.000,300.000,300.000,-1,-1,-1,-1,650.000,675.000,975.000,-1,0,0,2,0,2,0,0,0,0,2,2,2,2,0,0,0,2
91,-2314.504,10110.785,-154.893,108.931,-0.322145,-0.942526,-0.088693,0.946307,-0.323263,-0.001853,-0.026924,-0.084528,0.996057,0,0.95366,-0.30293,57.220,-0.606,875.000,375.000,-1,375.000,-1,300.000,325.000,300.000,300.000,-1,-1,-1,-1,650.000,675.000,950.000,-1,0,0,2,0,2,0,0,0,0,2,2,2,2,0,0,0,2
92,-2332.482,10165.036,-156.223,108.335,-0.312540,-0.945888,-0.087262,0.949594,-0.313467,-0.003217,-0.024311,-0.083868,0.996180,0,0.95253,-0.29775,57.152,-0.596,850.000,375.000,-1,375.000,-1,300.000,325.000,325.000,300.000,-1,825.000,-1,-1,650.000,675.000,925.000,-1,0,0,2,0,2,0,0,0,0,2,0,2,2,0,0,0,2
93,-2349.874,10219.385,-157.477,107.747,-0.303016,-0.949120,-0.085746,0.952739,-0.303755,-0.004613,-0.021667,-0.083092,0.996306,0,0.95107,-0.29427,57.064,-0.589,825.000,375.000,-1,375.000,-1,300.000,325.000,325.000,300.000,-1,725.000,850.000,-1,650.000,675.000,900.000,-1,0,0,2,0,2,0,0,0,0,2,0,0,2,0,0,0,2
94,-2366.681,10273.810,-158.656,107.163,-0.293534,-0.952238,-0.084153,0.955760,-0.294085,-0.006044,-0.018993,-0.082204,0.996435,0,0.94933,-0.29204,56.960,-0.584,800.000,375.000,-1,375.000,-1,300.000,300.000,325.000,300.000,-1,675.000,725.000,-1,625.000,650.000,900.000,-1,0,0,2,0,2,0,0,0,0,2,0,0,2,0,0,0,2
95,-2382.083,10326.356,-159.699,106.339,-0.280024,-0.956436,-0.082564,0.959860,-0.280379,-0.007496,-0.015980,-0.081349,0.996558,0,0.91262,-0.41204,54.757,-0.824,800.000,375.000,-1,375.000,-1,300.000,300.000,325.000,300.000,-1,650.000,675.000,-1,625.000,650.000,875.000,-1,0,0,2,0,2,0,0,0,0,2,0,0,2,0,0,0,2
96,-2396.521,10379.231,-160.637,105.274,-0.262442,-0.961546,-0.080946,0.964866,-0.262588,-0.009030,-0.012572,-0.080472,0.996678,0,0.91349,-0.53204,54.810,-1.064,775.000,350.000,-1,375.000,-1,300.000,300.000,325.000,300.000,-1,625.000,625.000,-1,625.000,650.000,875.000,-1,0,0,2,0,2,0,0,0,0,2,0,0,2,0,0,0,2
97,-2409.727,10432.320,-161.412,103.970,-0.240719,-0.967333,-0.079500,0.970554,-0.240652,-0.010575,-0.008902,-0.079705,0.996779,0,0.91177,-0.65204,54.706,-1.304,775.000,350.000,-1,375.000,-1,300.000,300.000,300.000,300.000,-1,600.000,575.000,-1,625.000,650.000,850.000,-1,0,0,2,0,2,0,0,0,0,2,0,0,2,0,0,0,2
98,-2421.472,10485.625,-161.633,102.426,-0.214851,-0.973411,-0.079443,0.976638,-0.214486,-0.013191,-0.004199,-0.080421,0.996752,0,0.90970,-0.77204,54.582,-1.544,750.000,350.000,-1,375.000,-1,300.000,300.000,300.000,300.000,-1,575.000,525.000,-1,600.000,650.000,850.000,-1,0,0,2,0,2,0,0,0,0,2,0,0,2,0,0,0,2
99,-2431.526,10539.128,-161.507,100.642,-0.184765,-0.979528,-0.079916,0.982782,-0.184061,-0.016159,0.001119,-0.081525,0.996671,0,0.90731,-0.89204,54.439,-1.784,750.000,350.000,-1,375.000,-1,300.000,300.000,300.000,300.000,-1,550.000,500.000,-1,600.000,650.000,850.000,-1,0,0,2,0,2,0,0,0,0,2,0,0,2,0,0,0,2
100,-2439.939,10593.713,-160.559,98.765,-0.152936,-0.985160,-0.077909,0.988211,-0.151896,-0.019136,0.007018,-0.079917,0.996777,0,0.92047,-0.93857,55.228,-1.877,775.000,350.000,-1,375.000,-1,300.000,300.000,300.000,300.000,-1,525.000,475.000,-1,625.000,675.000,875.000,-1,0,0,2,0,2,0,0,0,0,2,0,0,2,0,0,0,2
101,-2446.549,10648.419,-159.336,96.893,-0.121023,-0.989766,-0.075608,0.992563,-0.119653,-0.022408,0.013132,-0.077757,0.996886,0,0.91838,-0.93600,55.103,-1.872,800.000,350.000,-1,375.000,-1,300.000,300.000,300.000,300.000,-1,525.000,475.000,-1,625.000,675.000,925.000,-1,0,0,2,0,2,0,0,0,0,2,0,0,2,0,0,0,2
102,-2451.360,10703.163,-157.961,95.025,-0.089016,-0.993312,-0.073534,0.995847,-0.087343,-0.025676,0.019082,-0.075514,0.996962,0,0.91588,-0.93397,54.953,-1.868,850.000,350.000,-1,375.000,-1,300.000,300.000,300.000,300.000,-1,525.000,450.000,-1,625.000,675.000,950.000,-1,0,0,2,0,2,0,0,0,0,2,0,0,2,0,0,0,2
103,-2454.377,10757.864,-156.445,93.160,-0.056932,-0.995801,-0.071688,0.998068,-0.054980,-0.028923,0.024861,-0.073196,0.997008,0,0.91305,-0.93248,54.783,-1.865,875.000,375.000,-1,375.000,-1,300.000,300.000,300.000,300.000,-1,500.000,450.000,-1,625.000,675.000,1000.000,-1,0,0,2,0,2,0,0,0,0,2,0,0,2,0,0,0,2
104,-2455.610,10812.451,-154.799,91.297,-0.024788,-0.997234,-0.070070,0.999229,-0.022580,-0.032132,0.030460,-0.070813,0.997024,0,0.90999,-0.93154,54.599,-1.863,900.000,375.000,-1,375.000,-1,300.000,300.000,300.000,300.000,-1,500.000,450.000,-1,625.000,675.000,-1,-1,0,0,2,0,2,0,0,0,0,2,0,0,2,0,0,2,2
105,-2455.070,10866.857,-153.034,89.435,0.007400,-0.997611,-0.068680,0.999329,0.009841,-0.035284,0.035876,-0.068373,0.997015,0,0.90680,-0.93115,54.408,-1.862,950.000,375.000,-1,375.000,-1,300.000,325.000,300.000,300.000,-1,500.000,450.000,-1,625.000,700.000,-1,-1,0,0,2,0,2,0,0,0,0,2,0,0,2,0,0,2,2
106,-2452.771,10921.024,-151.159,87.572,0.039614,-0.996931,-0.067516,0.998369,0.042269,-0.038365,0.041101,-0.065886,0.996980,0,0.90358,-0.93132,54.215,-1.863,975.000,375.000,-1,375.000,-1,300.000,325.000,300.000,300.000,-1,500.000,450.000,-1,625.000,700.000,1000.000,-1,0,0,2,0,2,0,0,0,0,2,0,0,2,0,0,1,2
107,-2448.725,10974.901,-149.185,85.708,0.071837,-0.995192,-0.066574,0.996349,0.074688,-0.041360,0.046134,-0.063359,0.996924,0,0.90044,-0.93204,54.027,-1.864,1000.000,375.000,-1,375.000,-1,300.000,325.000,300.000,300.000,-1,500.000,400.000,-1,650.000,700.000,950.000,-1,1,0,2,0,2,0,0,0,0,2,0,0,2,0,0,1,2
108,-2442.945,11028.440,-147.122,83.842,0.104052,-0.992389,-0.065851,0.993265,0.107081,-0.044255,0.050969,-0.060803,0.996848,0,0.89749,-0.93329,53.849,-1.867,925.000,375.000,-1,375.000,-1,300.000,325.000,300.000,300.000,-1,450.000,375.000,-1,650.000,725.000,875.000,-1,1,0,2,0,2,0,0,0,0,2,0,0,2,0,0,1,2
109,-2435.444,11081.602,-144.977,81.971,0.136239,-0.988519,-0.065344,0.989114,0.139431,-0.047036,0.055607,-0.058225,0.996754,0,0.89480,-0.93506,53.688,-1.870,875.000,375.000,-1,375.000,-1,300.000,325.000,300.000,300.000,-1,425.000,350.000,-1,650.000,725.000,825.000,-1,1,0,2,0,2,0,0,0,0,2,0,0,2,0,0,1,2
110,-2425.523,11138.023,-142.056,80.030,0.169691,-0.983498,-0.062736,0.983692,0.172888,-0.049592,0.059620,-0.053298,0.996797,0,0.95475,-0.97073,57.285,-1.941,800.000,375.000,-1,375.000,-1,300.000,325.000,300.000,300.000,-1,425.000,350.000,-1,650.000,725.000,775.000,-1,1,0,2,0,2,0,0,0,0,2,0,0,2,0,0,1,2
111,-2413.648,11194.356,-138.564,78.100,0.202862,-0.977429,-0.058993,0.977150,0.205971,-0.052468,0.063435,-0.047001,0.996879,0,0.95950,-0.96480,57.570,-1.930,725.000,375.000,-1,375.000,-1,300.000,325.000,300.000,300.000,-1,450.000,375.000,-1,650.000,750.000,725.000,-1,1,0,2,0,2,0,0,0,0,2,0,0,2,1,0,1,2
112,-2399.839,11250.501,-134.368,76.184,0.235500,-0.970167,-0.057580,0.969604,0.238584,-0.054275,0.066394,-0.043048,0.996864,0,0.96364,-0.95818,57.818,-1.916,675.000,375.000,-1,375.000,-1,300.000,325.000,300.000,300.000,-1,525.000,425.000,-1,625.000,750.000,675.000,-1,1,0,2,0,2,0,0,0,0,2,0,0,2,1,0,1,2
113,-2384.118,11306.356,-129.989,74.282,0.267594,-0.961853,-0.056845,0.961025,0.270686,-0.056221,0.069463,-0.039585,0.996799,0,0.96707,-0.95085,58.024,-1.902,625.000,375.000,-1,400.000,-1,300.000,325.000,300.000,300.000,-1,575.000,450.000,-1,625.000,775.000,650.000,-1,1,0,2,0,2,0,0,0,0,2,0,0,2,1,0,1,2
114,-2366.521,11361.813,-125.568,72.397,0.299142,-0.952549,-0.056249,0.951467,0.302229,-0.058038,0.072284,-0.036157,0.996729,0,0.96970,-0.94283,58.182,-1.886,575.000,375.000,-1,400.000,-1,325.000,325.000,300.000,300.000,-1,625.000,500.000,-1,650.000,800.000,625.000,-1,1,0,2,0,2,0,0,0,0,2,0,0,2,1,0,1,2
115,-2347.090,11416.766,-121.122,70.528,0.330090,-0.942300,-0.055774,0.940976,0.333161,-0.059724,0.074859,-0.032767,0.996656,0,0.97144,-0.93412,58.286,-1.868,525.000,375.000,-1,400.000,-1,325.000,325.000,300.000,300.000,-1,675.000,550.000,-1,700.000,825.000,625.000,-1,1,0,2,0,2,0,0,0,0,2,0,0,2,1,0,1,2
116,-2325.880,11471.107,-116.668,68.679,0.360393,-0.931154,-0.055404,0.929601,0.363438,-0.061279,0.077196,-0.029419,0.996582,0,0.97221,-0.92476,58.333,-1.850,500.000,375.000,-1,400.000,-1,325.000,325.000,300.000,300.000,-1,725.000,600.000,-1,775.000,850.000,725.000,-1,1,0,2,0,2,0,0,0,0,2,0,0,2,0,0,1,2
117,-2302.951,11524.727,-112.223,66.849,0.390007,-0.919160,-0.055125,0.917391,0.393017,-0.062707,0.079303,-0.026115,0.996508,0,0.97194,-0.91478,58.317,-1.830,475.000,400.000,-1,400.000,-1,325.000,325.000,300.000,300.000,-1,775.000,650.000,-1,825.000,875.000,-1,-1,1,0,2,0,2,0,0,0,0,2,0,0,2,0,0,2,2
118,-2278.377,11577.523,-107.801,65.041,0.418896,-0.906372,-0.054923,0.904397,0.421862,-0.064010,0.081187,-0.022859,0.996437,0,0.97057,-0.90424,58.234,-1.808,500.000,400.000,-1,400.000,-1,325.000,325.000,300.000,300.000,-1,825.000,675.000,-1,850.000,925.000,-1,-1,1,0,2,0,2,0,0,0,0,2,0,0,2,0,0,2,2
119,-2252.237,11629.393,-103.421,63.254,0.447028,-0.892841,-0.054784,0.890674,0.449944,-0.065194,0.082858,-0.019651,0.996368,0,0.96806,-0.89323,58.084,-1.786,575.000,400.000,-1,425.000,-1,325.000,325.000,300.000,300.000,-1,875.000,725.000,-1,875.000,950.000,-1,-1,1,0,2,0,2,0,0,0,0,2,0,0,2,0,0,2,2
120,-2224.618,11680.240,-98.775,61.491,0.474529,-0.878638,-0.053080,0.876289,0.477246,-0.065984,0.083308,-0.015202,0.996408,0,0.96441,-0.88182,57.864,-1.764,1000.000,425.000,-1,425.000,-1,325.000,325.000,300.000,300.000,-1,975.000,800.000,-1,875.000,950.000,-1,-1,1,0,2,0,2,0,0,0,0,2,0,0,2,0,0,2,2
121,-2195.613,11729.978,-94.238,59.750,0.501247,-0.863787,-0.051213,0.861323,0.503737,-0.066113,0.082905,-0.010972,0.996497,0,0.95962,-0.87014,57.577,-1.740,-1,425.000,-1,425.000,-1,325.000,325.000,300.000,300.000,-1,-1,925.000,-1,875.000,950.000,-1,-1,2,0,2,0,2,0,0,0,0,2,2,0,2,0,0,2,2
122,-2165.316,11778.526,-90.094,58.034,0.527106,-0.848333,-0.049905,0.845897,0.529401,-0.064747,0.081346,-0.008086,0.996653,0,0.95377,-0.85832,57.226,-1.717,-1,425.000,-1,425.000,-1,325.000,325.000,300.000,300.000,-1,-1,-1,-1,875.000,950.000,-1,-1,2,0,2,0,2,0,0,0,0,2,2,2,2,0,0,2,2
123,-2136.366,11822.360,-86.336,56.557,0.548976,-0.834423,-0.048612,0.832017,0.551096,-0.063565,0.079830,-0.005550,0.996793,0,0.87552,-0.73832,52.531,-1.477,-1,425.000,-1,425.000,-1,350.000,325.000,275.000,300.000,-1,-1,-1,-1,875.000,950.000,-1,-1,2,0,2,0,2,0,0,1,0,2,2,2,2,0,0,2,2
124,-2106.584,11865.132,-82.656,55.150,0.569478,-0.820648,-0.047247,0.818273,0.571426,-0.062468,0.078263,-0.003087,0.996928,0,0.86866,-0.70355,52.120,-1.407,-1,425.000,-1,425.000,-1,350.000,325.000,250.000,300.000,-1,-1,-1,-1,875.000,950.000,-1,-1,2,0,2,0,2,0,0,1,0,2,2,2,2,0,0,2,2
125,-2076.023,11906.807,-78.873,53.747,0.589557,-0.806413,-0.046047,0.804133,0.591351,-0.060617,0.076112,-0.001290,0.997098,0,0.86134,-0.70152,51.680,-1.403,-1,425.000,-1,425.000,-1,350.000,325.000,250.000,300.000,-1,-1,-1,-1,875.000,950.000,-1,-1,2,0,2,0,2,0,0,1,0,2,2,2,2,0,0,2,2
126,-2044.738,11947.354,-75.062,52.347,0.609228,-0.791724,-0.044877,0.789573,0.610879,-0.058325,0.073592,0.000100,0.997288,0,0.85357,-0.70005,51.214,-1.400,-1,425.000,-1,425.000,-1,325.000,325.000,250.000,300.000,-1,-1,-1,-1,850.000,925.000,-1,-1,2,0,2,0,2,0,0,1,0,2,2,2,2,0,0,2,2
127,-2012.778,11986.749,-71.512,50.949,0.628562,-0.776580,-0.042802,0.774551,0.630014,-0.056153,0.070573,0.002143,0.997504,0,0.84549,-0.69912,50.729,-1.398,-1,425.000,-1,425.000,-1,325.000,325.000,250.000,300.000,-1,-1,-1,-1,850.000,925.000,-1,-1,2,0,2,0,2,0,0,1,0,2,2,2,2,0,0,2,2
128,-1980.188,12024.978,-68.161,49.551,0.647534,-0.760978,-0.040137,0.759063,0.648761,-0.054156,0.067251,0.004601,0.997725,0,0.83726,-0.69873,50.236,-1.397,-1,425.000,-1,425.000,-1,325.000,325.000,250.000,300.000,-1,-1,-1,-1,825.000,900.000,-1,-1,2,0,2,0,2,0,0,1,0,2,2,2,2,0,0,2,2
129,-1947.003,12062.032,-64.932,48.153,0.666117,-0.744915,-0.037268,0.743108,0.667120,-0.052354,0.063861,0.007179,0.997933,0,0.82904,-0.69888,49.742,-1.398,-1,400.000,-1,425.000,-1,325.000,325.000,275.000,300.000,-1,-1,-1,-1,825.000,875.000,-1,-1,2,0,2,0,2,0,0,1,0,2,2,2,2,0,0,2,2
130,-1913.256,12097.913,-61.836,46.754,0.684313,-0.728388,-0.034158,0.726684,0.685093,-0.050765,0.060378,0.009917,0.998126,0,0.82097,-0.69955,49.258,-1.399,-1,400.000,-1,425.000,-1,325.000,325.000,300.000,300.000,-1,-1,-1,-1,800.000,875.000,-1,-1,2,0,2,0,2,0,0,0,0,2,2,2,2,0,0,2,2
131,-1878.969,12132.626,-58.810,45.353,0.702105,-0.711393,-0.031112,0.709789,0.702682,-0.049374,0.056986,0.012583,0.998296,0,0.81320,-0.70071,48.792,-1.401,-1,400.000,-1,400.000,-1,325.000,325.000,300.000,300.000,-1,-1,-1,-1,800.000,850.000,-1,-1,2,0,2,0,2,0,0,0,0,2,2,2,2,0,0,2,2
132,-1844.159,12166.182,-55.916,43.948,0.719479,-0.693931,-0.028453,0.692421,0.719887,-0.048135,0.053885,0.014931,0.998435,0,0.80584,-0.70235,48.350,-1.405,-1,400.000,-1,400.000,-1,325.000,325.000,300.000,300.000,-1,-1,-1,-1,775.000,850.000,-1,-1,2,0,2,0,2,0,0,0,0,2,2,2,2,0,0,2,2
133,-1808.836,12198.594,-53.399,42.539,0.736382,-0.676010,-0.027433,0.674576,0.736719,-0.046824,0.051863,0.015975,0.998526,0,0.79900,-0.70445,47.940,-1.409,-1,400.000,-1,400.000,-1,325.000,325.000,300.000,300.000,-1,-1,-1,-1,775.000,825.000,-1,-1,2,0,2,0,2,0,0,0,0,2,2,2,2,0,0,2,2
134,-1773.007,12229.878,-50.938,41.125,0.752892,-0.657614,-0.026416,0.656250,0.753163,-0.045614,0.049892,0.017007,0.998610,0,0.79276,-0.70698,47.566,-1.414,-1,400.000,-1,400.000,-1,325.000,325.000,300.000,300.000,675.000,-1,-1,-1,750.000,825.000,-1,-1,2,0,2,0,2,0,0,0,0,1,2,2,2,0,0,2,2
