timestep,x_cm,y_cm,z_cm,yaw_deg,basis_xx,basis_xy,basis_xz,basis_yx,basis_yy,basis_yz,basis_zx,basis_zy,basis_zz,teleport_flag,throttle_cmd,steering_cmd,cmd_move_cm,cmd_turn_deg,lidar_cm_0,lidar_cm_1,lidar_cm_2,lidar_cm_3,lidar_cm_4,lidar_cm_5,lidar_cm_6,lidar_cm_7,lidar_cm_8,lidar_cm_9,lidar_cm_10,lidar_cm_11,lidar_cm_12,lidar_cm_13,lidar_cm_14,lidar_cm_15,lidar_cm_16,lidar_class_0,lidar_class_1,lidar_class_2,lidar_class_3,lidar_class_4,lidar_class_5,lidar_class_6,lidar_class_7,lidar_class_8,lidar_class_9,lidar_class_10,lidar_class_11,lidar_class_12,lidar_class_13,lidar_class_14,lidar_class_15,lidar_class_16
0,7545.501,2955.939,252.947,58.950,0.528044,-0.843529,-0.098124,0.843642,0.507846,0.174241,-0.097145,-0.174788,0.979802,1,0.08000,-0.12000,4.800,-0.240,350.000,200.000,250.000,175.000,275.000,150.000,150.000,225.000,975.000,-1,-1,150.000,850.000,250.000,200.000,400.000,225.000,0,1,1,1,1,1,1,0,0,2,2,1,1,1,1,1,1
1,8199.155,-327.958,382.638,-8.545,0.988430,0.148509,-0.030854,-0.149355,0.988410,-0.027180,0.026460,0.031474,0.999154,1,0.00000,0.00000,9.600,-0.480,-1,425.000,-1,450.000,-1,325.000,350.000,300.000,275.000,-1,-1,-1,-1,925.000,-1,-1,-1,2,0,2,0,2,0,0,0,0,2,2,2,2,0,2,2,2
2,8203.904,-328.651,382.756,-8.305,0.989060,0.144367,-0.030295,-0.145202,0.989022,-0.027428,0.026003,0.031527,0.999165,0,0.08000,0.12000,4.800,0.240,-1,425.000,-1,450.000,-1,325.000,350.000,300.000,275.000,-1,-1,-1,-1,900.000,-1,-1,-1,2,0,2,0,2,0,0,0,0,2,2,2,2,0,2,2,2
3,8213.415,-329.958,382.996,-7.825,0.990269,0.136076,-0.029174,-0.136888,0.990193,-0.027906,0.025091,0.031629,0.999185,0,0.16000,0.24000,9.600,0.480,-1,425.000,-1,450.000,-1,325.000,350.000,300.000,275.000,-1,-1,-1,-1,900.000,-1,-1,-1,2,0,2,0,2,0,0,0,0,2,2,2,2,0,2,2,2
4,8227.704,-331.739,383.364,-7.105,0.991949,0.123622,-0.027488,-0.124398,0.991821,-0.028578,0.023730,0.031768,0.999214,0,0.24000,0.36000,14.400,0.720,-1,400.000,-1,450.000,-1,325.000,350.000,300.000,275.000,-1,-1,-1,-1,900.000,-1,-1,-1,2,0,2,0,2,0,0,0,0,2,2,2,2,0,2,2,2
5,8246.793,-333.795,383.870,-6.145,0.993940,0.106987,-0.025231,-0.107712,0.993748,-0.029390,0.021929,0.031929,0.999250,0,0.32000,0.48000,19.200,0.960,-1,400.000,-1,450.000,-1,325.000,350.000,300.000,275.000,-1,-1,-1,-1,875.000,-1,-1,-1,2,0,2,0,2,0,0,0,0,2,2,2,2,0,2,2,2
6,8270.704,-335.863,384.525,-4.945,0.996030,0.086152,-0.022405,-0.086810,0.995765,-0.030266,0.019702,0.032091,0.999291,0,0.40000,0.60000,24.000,1.200,-1,400.000,-1,450.000,-1,325.000,350.000,300.000,300.000,-1,-1,-1,-1,850.000,-1,-1,-1,2,0,2,0,2,0,0,0,0,2,2,2,2,0,2,2,2
7,8299.450,-337.624,385.348,-3.505,0.997950,0.061101,-0.019015,-0.061673,0.997611,-0.031114,0.017069,0.032223,0.999335,0,0.48000,0.72000,28.800,1.440,-1,400.000,-1,450.000,-1,325.000,325.000,300.000,300.000,-1,-1,-1,-1,850.000,-1,-1,-1,2,0,2,0,2,0,0,0,0,2,2,2,2,0,2,2,2
8,8333.032,-338.694,386.359,-1.825,0.999380,0.031827,-0.015084,-0.032294,0.998972,-0.031815,0.014056,0.032282,0.999380,0,0.56000,0.84000,33.600,1.680,-1,400.000,-1,450.000,-1,325.000,325.000,300.000,300.000,-1,-1,-1,-1,825.000,-1,-1,-1,2,0,2,0,2,0,0,0,0,2,2,2,2,0,2,2,2
9,8370.483,-338.632,387.555,0.095,0.999941,-0.001661,-0.010759,0.001313,0.999480,-0.032205,0.010807,0.032189,0.999423,0,0.62419,0.96000,37.452,1.920,-1,400.000,-1,425.000,-1,325.000,325.000,300.000,300.000,-1,-1,-1,-1,800.000,-1,-1,-1,2,0,2,0,2,0,0,0,0,2,2,2,2,0,2,2,2
10,8408.007,-337.260,388.834,2.095,0.999311,-0.036541,-0.006522,0.036314,0.998823,-0.032155,0.007689,0.031896,0.999462,0,0.62581,1.00000,37.549,2.000,-1,400.000,-1,425.000,-1,325.000,325.000,325.000,325.000,-1,-1,-1,-1,775.000,-1,-1,-1,2,0,2,0,2,0,0,0,0,2,2,2,2,0,2,2,2
11,8445.576,-334.571,390.199,4.095,0.997446,-0.071378,-0.002412,0.071267,0.996954,-0.031688,0.004666,0.031436,0.999495,0,0.62777,1.00000,37.666,2.000,-1,375.000,-1,425.000,-1,300.000,325.000,325.000,325.000,-1,-1,-1,-1,775.000,-1,-1,-1,2,0,2,0,2,0,0,0,0,2,2,2,2,0,2,2,2
12,8483.144,-330.559,391.652,6.095,0.994351,-0.106130,0.001532,0.106127,0.993875,-0.030804,0.001747,0.030792,0.999524,0,0.62969,1.00000,37.781,2.000,-1,375.000,-1,400.000,-1,300.000,300.000,325.000,350.000,-1,-1,-1,-1,750.000,975.000,-1,-1,2,0,2,0,2,0,0,0,0,2,2,2,2,0,0,2,2
13,8520.661,-325.222,392.294,8.095,0.990041,-0.140740,0.003432,0.140776,0.989487,-0.033114,0.001265,0.033268,0.999446,0,0.63159,1.00000,37.895,2.000,-1,375.000,-1,400.000,-1,300.000,300.000,325.000,350.000,-1,-1,-1,-1,750.000,925.000,-1,-1,2,0,2,0,2,0,0,0,0,2,2,2,2,0,0,2,2
14,8558.079,-318.559,392.803,10.095,0.984525,-0.175168,0.005089,0.175237,0.983866,-0.036038,0.001306,0.036372,0.999337,0,0.63345,1.00000,38.007,2.000,-1,375.000,-1,400.000,-1,300.000,300.000,325.000,350.000,-1,-1,-1,-1,750.000,875.000,-1,-1,2,0,2,0,2,0,0,0,0,2,2,2,2,0,0,2,2
15,8595.350,-310.571,392.986,12.095,0.977820,-0.209390,0.004993,0.209429,0.977115,-0.037219,0.002914,0.037440,0.999295,0,0.63529,1.00000,38.118,2.000,-1,375.000,-1,375.000,-1,325.000,300.000,325.000,350.000,-1,-1,-1,-1,750.000,850.000,-1,-1,2,0,2,0,2,0,0,0,0,2,2,2,2,0,0,2,2
16,8632.425,-301.262,393.145,14.095,0.969925,-0.243361,0.004644,0.243361,0.969205,-0.037635,0.004658,0.037634,0.999281,0,0.63710,1.00000,38.226,2.000,-1,400.000,-1,375.000,-1,325.000,300.000,325.000,350.000,-1,-1,-1,-1,775.000,825.000,-1,-1,2,0,2,0,2,0,0,0,0,2,2,2,2,0,0,2,2
17,8669.256,-290.634,393.417,16.095,0.960850,-0.277039,0.004044,0.276990,0.960128,-0.037821,0.006595,0.037461,0.999276,0,0.63889,1.00000,38.333,2.000,-1,400.000,-1,375.000,-1,325.000,325.000,325.000,350.000,-1,-1,-1,-1,775.000,825.000,-1,-1,2,0,2,0,2,0,0,0,0,2,2,2,2,0,0,2,2
18,8705.794,-278.695,393.810,18.095,0.950606,-0.310385,0.003166,0.310279,0.949894,-0.037787,0.008721,0.036903,0.999281,0,0.64065,1.00000,38.439,2.000,-1,400.000,-1,375.000,-1,325.000,325.000,325.000,350.000,-1,-1,-1,-1,875.000,850.000,-1,-1,2,0,2,0,2,0,0,0,0,2,2,2,2,0,0,2,2
19,8741.990,-265.453,394.329,20.095,0.939202,-0.343359,0.001984,0.343187,0.938516,-0.037545,0.011030,0.035943,0.999293,0,0.64239,1.00000,38.543,2.000,-1,400.000,-1,400.000,-1,325.000,325.000,325.000,350.000,-1,-1,-1,-1,1000.000,875.000,-1,-1,2,0,2,0,2,0,0,0,0,2,2,2,2,0,0,2,2
20,8777.798,-250.917,394.981,22.095,0.926651,-0.375922,0.000472,0.375679,0.926007,-0.037108,0.013513,0.034564,0.999311,0,0.64410,1.00000,38.646,2.000,-1,400.000,-1,400.000,-1,325.000,325.000,325.000,375.000,-1,-1,-1,-1,-1,900.000,-1,-1,2,0,2,0,2,0,0,0,0,2,2,2,2,2,0,2,2
21,8813.169,-235.099,395.733,24.095,0.912966,-0.408033,-0.001227,0.407719,0.912374,-0.036582,0.016046,0.032897,0.999330,0,0.64579,1.00000,38.747,2.000,-1,400.000,-1,400.000,-1,325.000,325.000,325.000,375.000,-1,-1,-1,-1,-1,950.000,-1,-1,2,0,2,0,2,0,0,0,0,2,2,2,2,2,0,2,2
22,8848.056,-218.011,396.009,26.095,0.898182,-0.439623,-0.000622,0.439299,0.897573,-0.037149,0.016890,0.033093,0.999310,0,0.64746,1.00000,38.847,2.000,-1,400.000,-1,400.000,-1,325.000,325.000,325.000,375.000,-1,-1,-1,-1,-1,950.000,-1,-1,2,0,2,0,2,0,0,0,0,2,2,2,2,2,0,2,2
23,8882.413,-199.670,396.362,28.095,0.882304,-0.470680,-0.000009,0.470348,0.881683,-0.037518,0.017667,0.033098,0.999296,0,0.64910,1.00000,38.946,2.000,-1,400.000,-1,400.000,-1,325.000,325.000,325.000,375.000,-1,-1,-1,-1,-1,950.000,-1,-1,2,0,2,0,2,0,0,0,0,2,2,2,2,2,0,2,2
24,8916.193,-180.092,396.797,30.095,0.865351,-0.501167,0.000599,0.500830,0.864725,-0.037678,0.018365,0.032905,0.999290,0,0.65073,1.00000,39.044,2.000,-1,400.000,-1,400.000,-1,325.000,325.000,325.000,375.000,-1,-1,-1,-1,-1,975.000,-1,-1,2,0,2,0,2,0,0,1,0,2,2,2,2,2,0,2,2
25,8949.351,-159.296,397.316,32.095,0.847342,-0.531047,0.001188,0.530709,0.846719,-0.037619,0.018972,0.032506,0.999291,0,0.65233,1.00000,39.140,2.000,-1,425.000,-1,425.000,-1,325.000,325.000,325.000,350.000,-1,-1,-1,-1,-1,1000.000,-1,-1,2,0,2,0,2,0,0,1,0,2,2,2,2,2,0,2,2
26,8981.842,-137.303,397.923,34.095,0.828299,-0.560284,0.001741,0.559948,0.827686,-0.037331,0.019475,0.031896,0.999301,0,0.65392,1.00000,39.235,2.000,-1,425.000,-1,425.000,-1,325.000,325.000,325.000,350.000,-1,-1,-1,-1,-1,-1,-1,-1,2,0,2,0,2,0,0,1,0,2,2,2,2,2,2,2,2
27,9017.532,-111.510,398.602,35.855,0.810705,-0.585450,0.002163,0.585113,0.810101,-0.037143,0.019993,0.031378,0.999308,0,0.73392,0.88000,44.035,1.760,-1,450.000,-1,425.000,-1,325.000,325.000,325.000,350.000,-1,-1,-1,-1,-1,-1,-1,-1,2,0,2,0,2,0,0,1,0,2,2,2,2,2,2,2,2
28,9056.340,-81.866,399.451,37.375,0.794886,-0.606753,0.002512,0.606429,0.794313,-0.036206,0.019973,0.030302,0.999341,0,0.81392,0.76000,48.835,1.520,-1,475.000,-1,425.000,-1,325.000,325.000,325.000,350.000,-1,-1,-1,-1,-1,-1,-1,-1,2,0,2,0,2,0,0,1,0,2,2,2,2,2,2,2,2
29,9097.838,-48.676,399.743,38.655,0.781078,-0.624428,0.002766,0.624204,0.780663,-0.030557,0.016922,0.025594,0.999529,0,0.88564,0.64000,53.139,1.280,-1,475.000,-1,425.000,-1,325.000,325.000,325.000,325.000,-1,-1,-1,-1,-1,-1,-1,-1,2,0,2,0,2,0,0,1,0,2,2,2,2,2,2,2,2
30,9138.535,-14.896,399.719,39.695,0.769568,-0.638547,0.004797,0.638450,0.769265,-0.024776,0.012131,0.022130,0.999682,0,0.88150,0.52000,52.890,1.040,-1,475.000,-1,425.000,-1,350.000,325.000,325.000,325.000,-1,-1,-1,-1,-1,-1,-1,-1,2,0,2,0,2,0,0,1,0,2,2,2,2,2,2,2,2
31,9178.524,19.251,399.716,40.495,0.760524,-0.649271,0.007066,0.649275,0.760328,-0.018522,0.006653,0.018674,0.999803,0,0.87641,0.40000,52.584,0.800,-1,475.000,-1,400.000,-1,350.000,325.000,325.000,325.000,-1,-1,-1,-1,-1,-1,-1,-1,2,0,2,0,2,0,0,1,0,2,2,2,2,2,2,2,2
32,9217.907,53.551,399.803,41.055,0.754084,-0.656712,0.009286,0.656777,0.753992,-0.011797,0.000746,0.014995,0.999887,0,0.87042,0.28000,52.225,0.560,-1,475.000,-1,400.000,-1,350.000,325.000,325.000,325.000,-1,-1,-1,-1,-1,-1,-1,-1,2,0,2,0,2,0,0,0,0,2,2,2,2,2,2,2,2
33,9256.742,87.857,399.554,41.458,0.749399,-0.662016,0.011607,0.662104,0.749383,-0.006604,-0.004326,0.012634,0.999911,0,0.86363,0.20134,51.818,0.403,-1,475.000,-1,425.000,-1,350.000,325.000,325.000,325.000,-1,-1,-1,-1,-1,-1,-1,-1,2,0,2,0,2,0,0,0,0,2,2,2,2,2,2,2,2
34,9295.019,122.146,398.979,41.855,0.744747,-0.667209,0.013595,0.667293,0.744791,-0.002416,-0.008513,0.010871,0.999905,0,0.85649,0.19858,51.389,0.397,-1,475.000,-1,425.000,-1,350.000,350.000,325.000,325.000,-1,-1,-1,-1,-1,-1,-1,-1,2,0,2,0,2,0,0,0,0,2,2,2,2,2,2,2,2
35,9332.760,156.422,398.346,42.245,0.740138,-0.672282,0.015227,0.672336,0.740243,0.001980,-0.012602,0.008772,0.999882,0,0.84970,0.19520,50.982,0.390,-1,475.000,-1,425.000,-1,350.000,350.000,325.000,325.000,-1,-1,-1,-1,-1,-1,-1,-1,2,0,2,0,2,0,0,0,0,2,2,2,2,2,2,2,2
36,9369.989,190.689,397.715,42.628,0.735589,-0.677220,0.016812,0.677220,0.735751,0.006524,-0.016788,0.006586,0.999837,0,0.84331,0.19122,50.599,0.382,-1,475.000,-1,425.000,-1,375.000,350.000,325.000,325.000,-1,-1,-1,-1,-1,-1,-1,-1,2,0,2,0,2,0,0,0,0,2,2,2,2,2,2,2,2
37,9406.732,224.954,397.085,43.001,0.731115,-0.682008,0.018351,0.681929,0.731332,0.011215,-0.021070,0.004315,0.999769,0,0.83736,0.18667,50.241,0.373,-1,475.000,-1,450.000,-1,375.000,350.000,325.000,350.000,-1,-1,-1,-1,-1,-1,-1,-1,2,0,2,0,2,0,0,0,0,2,2,2,2,2,2,2,2
38,9443.019,259.226,396.457,43.364,0.726732,-0.686634,0.019846,0.686449,0.727001,0.016049,-0.025448,0.001960,0.999674,0,0.83186,0.18156,49.912,0.363,-1,475.000,-1,450.000,-1,375.000,350.000,325.000,350.000,-1,-1,-1,-1,-1,-1,-1,-1,2,0,2,0,2,0,0,0,0,2,2,2,2,2,2,2,2
39,9478.876,293.512,395.325,43.716,0.722407,-0.691087,0.022975,0.690752,0.722772,0.021499,-0.031463,0.000338,0.999505,0,0.82685,0.17592,49.611,0.352,-1,475.000,-1,450.000,-1,375.000,350.000,325.000,350.000,-1,-1,-1,-1,-1,-1,-1,-1,2,0,2,0,2,0,0,0,0,2,2,2,2,2,2,2,2
40,9514.336,327.822,393.415,44.056,0.718075,-0.695357,0.029099,0.694820,0.718664,0.027343,-0.039926,0.000584,0.999202,0,0.82234,0.16976,49.340,0.340,-1,475.000,-1,425.000,-1,350.000,350.000,325.000,350.000,-1,-1,-1,-1,-1,-1,-1,-1,2,0,2,0,2,0,0,0,0,2,2,2,2,2,2,2,2
41,9549.428,362.165,391.467,44.382,0.713850,-0.699438,0.034712,0.698646,0.714693,0.033287,-0.048091,0.000490,0.998843,0,0.81834,0.16312,49.100,0.326,-1,450.000,-1,425.000,-1,350.000,350.000,350.000,350.000,-1,-1,-1,-1,-1,1000.000,-1,-1,2,0,2,0,2,0,0,0,0,2,2,2,2,2,0,2,2
42,9584.184,396.551,388.636,44.694,0.709923,-0.703319,0.036776,0.702259,0.710873,0.038619,-0.053305,-0.001590,0.998577,0,0.81485,0.15599,48.891,0.312,-1,450.000,-1,425.000,-1,350.000,350.000,325.000,325.000,-1,-1,-1,-1,-1,950.000,-1,-1,2,0,2,0,2,0,0,0,0,2,2,2,2,2,0,2,2
43,9618.635,430.992,385.571,44.991,0.706162,-0.706990,0.038750,0.705697,0.707218,0.042832,-0.057687,-0.002901,0.998331,0,0.81189,0.14840,48.713,0.297,-1,450.000,-1,425.000,-1,350.000,350.000,325.000,325.000,-1,-1,-1,-1,-1,925.000,-1,-1,2,0,2,0,2,0,0,0,0,2,2,2,2,2,0,2,2
44,9652.814,465.497,382.510,45.271,0.702587,-0.710443,0.040524,0.708897,0.703742,0.047039,-0.061937,-0.004322,0.998071,0,0.80945,0.14037,48.567,0.281,-1,450.000,-1,425.000,-1,350.000,325.000,325.000,325.000,-1,-1,-1,-1,-1,925.000,-1,-1,2,0,2,0,2,0,0,0,0,2,2,2,2,2,0,2,2
45,9686.754,500.077,379.451,45.535,0.699216,-0.713670,0.042105,0.711852,0.700458,0.051237,-0.066059,-0.005854,0.997799,0,0.80754,0.13190,48.452,0.264,-1,450.000,-1,425.000,-1,350.000,325.000,325.000,325.000,-1,0.000,-1,-1,-1,900.000,-1,-1,2,0,2,0,2,0,0,0,0,2,0,2,2,2,0,2,2
46,9720.487,534.744,376.392,45.781,0.696062,-0.716663,0.043498,0.714556,0.697380,0.055424,-0.070055,-0.007497,0.997515,0,0.80616,0.12300,48.369,0.246,-1,450.000,-1,425.000,-1,350.000,325.000,325.000,325.000,-1,0.000,0.000,-1,-1,875.000,-1,-1,2,0,2,0,2,0,0,0,0,2,0,0,2,2,0,2,2
47,9754.046,569.507,373.232,46.009,0.693148,-0.719411,0.044642,0.716961,0.694517,0.060108,-0.074247,-0.009657,0.997193,0,0.80530,0.11369,48.318,0.227,-1,450.000,-1,425.000,-1,350.000,325.000,325.000,300.000,-1,0.000,0.000,-1,-1,875.000,-1,-1,2,0,2,0,2,0,0,0,0,2,0,0,2,2,0,2,2
48,9787.465,604.378,369.457,46.217,0.690439,-0.721902,0.046376,0.718926,0.691878,0.066704,-0.080240,-0.012714,0.996694,0,0.80497,0.10397,48.298,0.208,-1,450.000,-1,400.000,-1,325.000,325.000,325.000,300.000,-1,-1,0.000,-1,975.000,850.000,-1,-1,2,0,2,0,2,0,0,0,0,2,2,0,2,0,0,2,2
49,9820.778,639.367,365.602,46.404,0.687963,-0.724136,0.048313,0.720594,0.689482,0.073200,-0.086317,-0.015545,0.996146,0,0.80516,0.09385,48.309,0.188,-1,425.000,-1,400.000,-1,325.000,325.000,325.000,300.000,-1,-1,-1,-1,925.000,800.000,-1,-1,2,0,2,0,2,0,0,0,0,2,2,2,2,0,0,2,2
50,9854.017,674.483,361.780,46.571,0.685773,-0.726101,0.049927,0.721959,0.687337,0.079643,-0.092146,-0.018572,0.995572,0,0.80587,0.08333,48.352,0.167,-1,425.000,-1,400.000,-1,325.000,325.000,325.000,325.000,-1,-1,-1,-1,875.000,775.000,-1,-1,2,0,2,0,2,0,0,0,0,2,2,2,2,0,0,2,2
51,9887.218,709.737,357.988,46.716,0.683886,-0.727789,0.051229,0.723015,0.685455,0.086030,-0.097727,-0.021795,0.994975,0,0.80709,0.07241,48.425,0.145,-1,400.000,-1,400.000,-1,325.000,325.000,325.000,325.000,-1,-1,-1,-1,825.000,750.000,-1,-1,2,0,2,0,2,0,0,0,0,2,2,2,2,0,0,2,2
52,9920.415,745.137,353.762,46.838,0.682258,-0.729221,0.052549,0.723998,0.683874,0.090236,-0.101739,-0.023519,0.994533,0,0.80883,0.06111,48.530,0.122,-1,400.000,-1,375.000,-1,325.000,325.000,325.000,325.000,-1,-1,-1,-1,800.000,750.000,-1,-1,2,0,2,0,2,0,0,0,0,2,2,2,2,0,0,2,2
53,9953.644,780.693,348.792,46.937,0.680991,-0.730385,0.052818,0.724978,0.682602,0.091984,-0.103237,-0.024348,0.994359,0,0.81108,0.04942,48.665,0.099,-1,400.000,-1,375.000,-1,325.000,325.000,325.000,350.000,-1,-1,-1,-1,775.000,725.000,-1,-1,2,0,2,0,2,0,0,0,0,2,2,2,2,0,0,2,2
54,9986.939,816.413,343.823,47.012,0.680071,-0.731252,0.052658,0.725671,0.681629,0.093720,-0.104427,-0.025524,0.994205,0,0.81385,0.03734,48.831,0.075,-1,400.000,-1,375.000,-1,325.000,325.000,325.000,350.000,-1,-1,-1,-1,775.000,725.000,-1,-1,2,0,2,0,2,0,0,0,0,2,2,2,2,0,0,2,2
55,10020.337,852.306,338.909,47.061,0.679484,-0.731819,0.052363,0.726067,0.680971,0.095419,-0.105487,-0.026817,0.994059,0,0.81713,0.02487,49.028,0.050,-1,400.000,-1,375.000,-1,325.000,325.000,325.000,350.000,-1,-1,-1,-1,750.000,725.000,-1,-1,2,0,2,0,2,0,0,0,0,2,2,2,2,0,0,2,2
56,10052.172,886.293,334.310,46.871,0.681972,-0.729521,0.052085,0.723611,0.683367,0.096936,-0.106310,-0.028419,0.993927,0,0.77614,-0.09513,46.569,-0.190,-1,400.000,-1,375.000,-1,325.000,325.000,325.000,350.000,-1,-1,-1,-1,750.000,725.000,-1,-1,2,0,2,0,2,0,0,0,0,2,2,2,2,0,0,2,2
57,10084.419,920.205,329.726,46.441,0.687488,-0.724330,0.052017,0.718262,0.688790,0.098330,-0.107052,-0.030239,0.993793,0,0.77994,-0.21513,46.796,-0.430,-1,400.000,-1,375.000,-1,325.000,300.000,325.000,350.000,-1,-1,-1,-1,725.000,725.000,-1,-1,2,0,2,0,2,0,0,0,0,2,2,2,2,0,0,2,2
58,10117.233,953.915,324.895,45.770,0.695845,-0.716201,0.053443,0.709952,0.697194,0.099442,-0.108480,-0.031254,0.993607,0,0.78405,-0.33513,47.043,-0.670,-1,375.000,-1,375.000,-1,300.000,300.000,350.000,350.000,-1,-1,-1,-1,700.000,700.000,-1,-1,2,0,2,0,2,0,0,0,0,2,2,2,2,0,0,2,2
59,10150.772,987.292,320.158,44.860,0.707083,-0.705003,0.054818,0.698588,0.708452,0.100355,-0.109586,-0.032665,0.993440,0,0.78860,-0.45513,47.316,-0.910,-1,375.000,-1,375.000,-1,300.000,300.000,350.000,350.000,-1,-1,-1,-1,675.000,700.000,-1,-1,2,0,2,0,2,0,0,0,0,2,2,2,2,0,0,2,2
60,10185.197,1020.201,315.397,43.710,0.721124,-0.690586,0.055419,0.684052,0.722407,0.101000,-0.109784,-0.034924,0.993342,0,0.79374,-0.57513,47.624,-1.150,-1,375.000,-1,375.000,-1,300.000,300.000,350.000,350.000,-1,-1,-1,-1,675.000,700.000,-1,-1,2,0,2,0,2,0,0,0,0,2,2,2,2,0,0,2,2
61,10220.667,1052.503,310.317,42.320,0.737919,-0.672749,0.053712,0.666185,0.738832,0.101610,-0.108042,-0.039197,0.993373,0,0.79958,-0.69513,47.975,-1.390,-1,375.000,-1,375.000,-1,300.000,300.000,350.000,350.000,-1,-1,-1,-1,650.000,700.000,-1,-1,2,0,2,0,2,0,0,0,0,2,2,2,2,0,0,2,2
62,10257.346,1084.043,305.307,40.689,0.756993,-0.651346,0.052052,0.644836,0.757543,0.101564,-0.105585,-0.043318,0.993466,0,0.80625,-0.81513,48.375,-1.630,-1,375.000,-1,375.000,-1,300.000,300.000,350.000,350.000,-1,-1,-1,-1,650.000,725.000,-1,-1,2,0,2,0,2,0,0,0,0,2,2,2,2,0,0,2,2
63,10295.390,1114.655,300.293,38.819,0.778051,-0.626174,0.050432,0.619840,0.778271,0.100457,-0.102153,-0.046901,0.993662,0,0.81386,-0.93513,48.831,-1.870,-1,375.000,-1,375.000,-1,300.000,300.000,350.000,350.000,-1,-1,-1,-1,625.000,750.000,-1,-1,2,0,2,0,2,0,0,0,0,2,2,2,2,0,0,2,2
64,10334.852,1144.291,295.452,36.904,0.798723,-0.599715,0.048821,0.593593,0.798638,0.099122,-0.098435,-0.050191,0.993877,0,0.82251,-0.95771,49.351,-1.915,-1,350.000,-1,375.000,-1,300.000,300.000,350.000,350.000,-1,-1,-1,-1,650.000,750.000,-1,-1,2,0,2,0,2,0,0,0,0,2,2,2,2,0,0,2,2
65,10375.782,1172.902,290.785,34.953,0.818826,-0.572097,0.047211,0.566217,0.818462,0.097564,-0.094456,-0.053156,0.994109,0,0.83230,-0.97527,49.938,-1.951,-1,350.000,-1,400.000,-1,300.000,300.000,350.000,350.000,-1,-1,-1,-1,650.000,775.000,-1,-1,2,0,2,0,2,0,0,0,0,2,2,2,2,0,0,2,2
66,10418.227,1200.432,286.280,32.966,0.838300,-0.543296,0.045648,0.537685,0.837689,0.095775,-0.090272,-0.055744,0.994356,0,0.84320,-0.99356,50.592,-1.987,-1,350.000,-1,400.000,-1,300.000,325.000,350.000,350.000,-1,-1,-1,-1,650.000,800.000,-1,-1,2,0,2,0,2,0,0,0,0,2,2,2,2,0,0,2,2
67,10461.813,1226.586,281.629,30.966,0.856750,-0.513704,0.045689,0.508343,0.856097,0.093200,-0.086991,-0.056623,0.994599,0,0.84718,-1.00000,50.831,-2.000,-1,350.000,-1,400.000,-1,300.000,325.000,350.000,350.000,-1,-1,-1,-1,675.000,850.000,-1,-1,2,0,2,0,2,0,0,0,0,2,2,2,2,0,0,2,2
68,10506.286,1251.203,277.199,28.966,0.874148,-0.483502,0.045740,0.478406,0.873481,0.090327,-0.083626,-0.057077,0.994861,0,0.84718,-1.00000,50.831,-2.000,-1,375.000,-1,400.000,-1,300.000,325.000,350.000,350.000,-1,400.000,150.000,-1,675.000,875.000,-1,-1,2,0,2,0,2,0,0,0,0,2,0,0,2,0,0,2,2
69,10551.591,1274.253,272.978,26.966,0.890476,-0.452721,0.045791,0.447902,0.889819,0.087214,-0.080230,-0.057152,0.995137,0,0.84718,-1.00000,50.831,-2.000,-1,375.000,-1,425.000,-1,300.000,325.000,350.000,350.000,-1,450.000,175.000,-1,700.000,925.000,-1,-1,2,0,2,0,2,0,0,0,0,2,0,0,2,0,0,2,2
70,10597.673,1295.707,268.953,24.966,0.905716,-0.421397,0.045854,0.416856,0.905089,0.083929,-0.076869,-0.056901,0.995416,0,0.84718,-1.00000,50.831,-2.000,-1,375.000,-1,425.000,-1,325.000,325.000,325.000,350.000,-1,525.000,225.000,-1,700.000,950.000,-1,-1,2,0,2,0,2,0,0,0,0,2,0,0,2,0,0,2,2
71,10644.476,1315.540,264.976,22.966,0.919839,-0.389553,0.046321,0.385208,0.919244,0.081279,-0.074243,-0.056921,0.995614,0,0.84718,-1.00000,50.831,-2.000,-1,375.000,-1,425.000,-1,325.000,325.000,325.000,350.000,-1,625.000,275.000,-1,725.000,1000.000,-1,-1,2,0,2,0,2,0,0,0,0,2,0,0,2,0,0,2,2
72,10691.941,1333.729,260.629,20.966,0.932805,-0.357206,0.047730,0.352854,0.932204,0.080558,-0.073270,-0.058303,0.995606,0,0.84718,-1.00000,50.831,-2.000,-1,375.000,-1,425.000,-1,325.000,325.000,325.000,350.000,-1,800.000,400.000,-1,725.000,1000.000,-1,-1,2,0,2,0,2,0,0,0,0,2,0,0,2,0,0,2,2
73,10735.411,1348.872,256.686,19.206,0.943263,-0.328404,0.049043,0.324119,0.942727,0.078822,-0.072120,-0.058454,0.995682,0,0.76718,-0.88000,46.031,-1.760,-1,375.000,-1,425.000,-1,325.000,325.000,325.000,350.000,-1,-1,500.000,-1,725.000,-1,-1,-1,2,0,2,0,2,0,0,0,0,2,2,0,2,0,2,2,2
74,10778.216,1362.520,253.019,17.686,0.951556,-0.303287,0.050567,0.299060,0.951125,0.076964,-0.071438,-0.058112,0.995751,0,0.74879,-0.76000,44.927,-1.520,-1,375.000,-1,425.000,-1,325.000,325.000,300.000,350.000,-1,-1,675.000,-1,750.000,-1,-1,-1,2,0,2,0,2,0,0,0,0,2,2,0,2,0,2,2,2
75,10821.315,1375.209,249.517,16.406,0.957995,-0.281979,0.052290,0.277803,0.957709,0.074961,-0.071216,-0.057286,0.995815,0,0.74879,-0.64000,44.927,-1.280,-1,375.000,-1,425.000,-1,325.000,325.000,300.000,325.000,-1,-1,900.000,-1,775.000,-1,-1,-1,2,0,2,0,2,0,0,0,0,2,2,0,2,0,2,2,2
76,10864.637,1387.113,246.161,15.366,0.962844,-0.264568,0.054172,0.260440,0.962738,0.072849,-0.071427,-0.056033,0.995871,0,0.74879,-0.52000,44.927,-1.040,-1,375.000,-1,425.000,-1,300.000,325.000,300.000,325.000,-1,-1,-1,-1,800.000,1000.000,-1,-1,2,0,2,0,2,0,0,0,0,2,2,2,2,0,0,2,2
77,10908.121,1398.411,242.930,14.566,0.966324,-0.251123,0.056178,0.247041,0.966425,0.070665,-0.072038,-0.054407,0.995917,0,0.74879,-0.40000,44.927,-0.800,-1,375.000,-1,425.000,-1,300.000,325.000,300.000,325.000,-1,-1,-1,-1,800.000,1000.000,-1,-1,2,0,2,0,2,0,0,0,0,2,2,2,2,0,0,2,2
78,10951.714,1409.283,239.808,14.006,0.968602,-0.241691,0.058278,0.237655,0.968935,0.068451,-0.073011,-0.052452,0.995951,0,0.74879,-0.28000,44.927,-0.560,-1,375.000,-1,425.000,-1,325.000,325.000,300.000,325.000,-1,-1,-1,-1,825.000,975.000,-1,-1,2,0,2,0,2,0,0,0,0,2,2,2,2,0,0,2,2
79,10995.367,1419.911,236.776,13.686,0.969798,-0.236303,0.060443,0.232316,0.970381,0.066251,-0.074308,-0.050208,0.995971,0,0.74879,-0.16000,44.927,-0.320,-1,375.000,-1,425.000,-1,325.000,325.000,300.000,325.000,-1,-1,-1,-1,825.000,975.000,-1,-1,2,0,2,0,2,0,0,0,0,2,2,2,2,0,0,2,2
80,11039.034,1430.478,233.822,13.606,0.969980,-0.234977,0.062649,0.231042,0.970829,0.064110,-0.075886,-0.047711,0.995974,0,0.74879,-0.04000,44.927,-0.080,-1,400.000,-1,425.000,-1,325.000,325.000,300.000,325.000,-1,-1,-1,-1,825.000,950.000,-1,-1,2,0,2,0,2,0,0,0,0,2,2,2,2,0,0,2,2
81,11082.671,1441.167,230.871,13.766,0.969173,-0.237719,0.064751,0.233866,0.970302,0.061814,-0.077522,-0.044765,0.995985,0,0.74879,0.08000,44.927,0.160,-1,400.000,-1,450.000,-1,325.000,350.000,300.000,325.000,-1,-1,-1,-1,850.000,925.000,-1,-1,2,0,2,0,2,0,0,0,0,2,2,2,2,0,0,2,2
82,11126.234,1452.159,227.481,14.166,0.967334,-0.244539,0.066833,0.240922,0.968822,0.057799,-0.078883,-0.039809,0.996089,0,0.74879,0.20000,44.927,0.400,-1,400.000,-1,425.000,-1,325.000,350.000,300.000,325.000,-1,-1,-1,-1,850.000,900.000,-1,-1,2,0,2,0,2,0,0,0,0,2,2,2,2,0,0,2,2
83,11169.718,1463.456,223.956,14.567,0.965386,-0.251367,0.069604,0.248015,0.967286,0.053362,-0.080740,-0.034252,0.996146,0,0.74879,0.20057,44.927,0.401,-1,400.000,-1,425.000,-1,325.000,350.000,325.000,325.000,-1,-1,-1,-1,850.000,875.000,-1,-1,2,0,2,0,2,0,0,0,0,2,2,2,2,0,0,2,2
84,11213.122,1475.057,220.318,14.968,0.963417,-0.258174,0.071926,0.255089,0.965656,0.049369,-0.082202,-0.029216,0.996187,0,0.74879,0.20057,44.927,0.401,-1,400.000,-1,425.000,-1,325.000,350.000,325.000,325.000,-1,-1,-1,-1,850.000,875.000,-1,-1,2,0,2,0,2,0,0,0,0,2,2,2,2,0,0,2,2
85,11261.126,1488.035,215.613,15.129,0.962555,-0.260906,0.073591,0.257919,0.964989,0.047694,-0.083458,-0.026928,0.996147,0,0.82879,0.08057,49.727,0.161,-1,425.000,-1,425.000,-1,325.000,350.000,325.000,325.000,-1,-1,-1,-1,850.000,850.000,-1,-1,2,0,2,0,2,0,0,0,0,2,2,2,2,0,0,2,2
86,11313.784,1502.194,210.178,15.051,0.962717,-0.259583,0.076108,0.256552,0.965368,0.047384,-0.085772,-0.026092,0.995973,0,0.90879,-0.03943,54.527,-0.079,-1,425.000,-1,425.000,-1,325.000,325.000,325.000,325.000,-1,-1,-1,-1,825.000,825.000,-1,-1,2,0,2,0,2,0,0,0,0,2,2,2,2,0,0,2,2
87,11368.156,1516.490,204.607,14.732,0.963933,-0.254210,0.078813,0.251113,0.966809,0.047148,-0.088183,-0.025656,0.995774,0,0.93699,-0.15943,56.220,-0.319,-1,400.000,-1,425.000,-1,325.000,325.000,300.000,325.000,-1,-1,-1,-1,800.000,800.000,-1,-1,2,0,2,0,2,0,0,0,0,2,2,2,2,0,0,2,2
88,11422.994,1530.339,199.047,14.173,0.966136,-0.244768,0.081664,0.241586,0.969243,0.046949,-0.090644,-0.025630,0.995553,0,0.94265,-0.27943,56.559,-0.559,-1,400.000,-1,425.000,-1,325.000,325.000,300.000,325.000,-1,-1,-1,-1,775.000,775.000,-1,-1,2,0,2,0,2,0,0,0,0,2,2,2,2,0,0,2,2
89,11478.350,1543.500,193.507,13.374,0.969207,-0.231228,0.084679,0.227943,0.972552,0.046738,-0.093162,-0.025997,0.995311,0,0.94831,-0.39943,56.898,-0.799,-1,400.000,-1,400.000,-1,325.000,325.000,300.000,325.000,-1,-1,-1,-1,750.000,750.000,-1,-1,2,0,2,0,2,0,0,0,0,2,2,2,2,0,0,2,2
90,11534.270,1555.729,187.999,12.335,0.972972,-0.213553,0.087871,0.210146,0.976566,0.046459,-0.095733,-0.026737,0.995048,0,0.95402,-0.51943,57.241,-1.039,-1,400.000,-1,400.000,-1,325.000,325.000,300.000,325.000,-1,-1,-1,-1,725.000,725.000,-1,-1,2,0,2,0,2,0,0,0,0,2,2,2,2,0,0,2,2
91,11590.792,1566.774,182.534,11.056,0.977203,-0.191699,0.091249,0.188155,0.981059,0.046047,-0.098347,-0.027828,0.994763,0,0.95984,-0.63943,57.590,-1.279,-1,400.000,-1,400.000,1000.000,325.000,325.000,300.000,325.000,-1,-1,-1,-1,700.000,700.000,-1,975.000,2,0,2,0,1,0,0,0,0,2,2,2,2,0,0,2,1
92,11647.941,1576.377,177.124,9.537,0.981621,-0.165621,0.094812,0.161930,0.985756,0.045435,-0.100987,-0.029247,0.994458,0,0.96581,-0.75943,57.949,-1.519,-1,375.000,-1,375.000,950.000,325.000,300.000,300.000,325.000,-1,-1,-1,-1,675.000,675.000,-1,925.000,2,0,2,0,1,0,0,0,0,2,2,2,2,0,0,2,1
93,11705.702,1584.437,171.779,7.944,0.985500,-0.138133,0.098533,0.134298,0.989937,0.044586,-0.103701,-0.030707,0.994134,0,0.97199,-0.79689,58.319,-1.594,-1,375.000,-1,375.000,900.000,300.000,300.000,300.000,325.000,-1,-1,-1,-1,650.000,650.000,-1,875.000,2,0,2,0,1,0,0,0,0,2,2,2,2,0,0,2,1
94,11764.044,1590.925,166.498,6.344,0.988595,-0.110449,0.102381,0.106478,0.993364,0.043488,-0.106505,-0.032091,0.993794,0,0.97835,-0.79958,58.701,-1.599,-1,350.000,-1,350.000,850.000,300.000,300.000,300.000,325.000,-1,-1,-1,-1,625.000,625.000,950.000,800.000,2,0,2,0,1,0,0,0,0,2,2,2,2,0,0,0,1
95,11822.935,1595.809,161.290,4.740,0.991143,-0.082591,0.103988,0.078561,0.996012,0.042277,-0.107065,-0.033733,0.993680,0,0.98487,-0.80212,59.092,-1.604,975.000,350.000,-1,350.000,800.000,300.000,300.000,325.000,325.000,-1,-1,-1,-1,600.000,600.000,875.000,750.000,0,0,2,0,1,0,0,0,0,2,2,2,2,0,0,0,1
96,11882.338,1599.060,156.224,3.131,0.993511,-0.054587,0.099784,0.050631,0.997844,0.041754,-0.101848,-0.036431,0.994133,0,0.99155,-0.80451,59.493,-1.609,925.000,350.000,-1,350.000,775.000,300.000,300.000,325.000,325.000,-1,-1,-1,-1,600.000,625.000,850.000,700.000,0,0,2,0,1,0,0,0,0,2,2,2,2,0,1,0,1
97,11942.219,1600.647,151.308,1.518,0.995110,-0.026467,0.095164,0.022654,0.998905,0.040927,-0.096143,-0.038571,0.994620,0,0.99839,-0.80674,59.903,-1.613,900.000,350.000,-1,350.000,725.000,300.000,300.000,325.000,325.000,-1,-1,-1,-1,625.000,600.000,825.000,675.000,0,0,2,0,1,0,0,0,0,2,2,2,2,0,1,0,1
98,12002.218,1600.543,146.442,-0.100,0.995892,0.001742,0.090533,-0.005417,0.999170,0.040368,-0.090387,-0.040693,0.995075,0,1.00000,-0.80881,60.000,-1.618,850.000,350.000,-1,375.000,675.000,300.000,300.000,325.000,325.000,-1,-1,-1,-1,600.000,550.000,800.000,625.000,0,0,2,0,1,0,0,0,0,2,2,2,2,0,1,0,1
99,12062.191,1598.741,141.635,-1.721,0.995850,0.030010,0.085923,-0.033554,0.998632,0.040101,-0.084602,-0.042818,0.995494,0,1.00000,-0.81071,60.000,-1.621,800.000,375.000,925.000,375.000,625.000,300.000,300.000,325.000,325.000,-1,-1,-1,-1,575.000,525.000,750.000,575.000,0,0,1,0,1,0,0,0,0,2,2,2,2,0,1,0,1
100,12122.088,1595.240,136.889,-3.346,0.994978,0.058309,0.081360,-0.061727,0.997285,0.040147,-0.078798,-0.044967,0.995876,0,1.00000,-0.81242,60.000,-1.625,775.000,375.000,800.000,375.000,575.000,300.000,300.000,325.000,325.000,-1,-1,325.000,-1,575.000,475.000,725.000,525.000,0,0,1,0,1,0,0,0,0,2,2,0,2,0,1,0,1
101,12181.861,1590.039,132.204,-4.974,0.993272,0.086607,0.076874,-0.089905,0.995126,0.040522,-0.072990,-0.047160,0.996217,0,1.00000,-0.81393,60.000,-1.628,725.000,375.000,725.000,375.000,525.000,325.000,300.000,325.000,325.000,-1,325.000,275.000,-1,550.000,450.000,675.000,475.000,0,0,1,1,1,1,0,0,0,2,0,0,2,0,1,0,1
102,12241.463,1583.139,127.582,-6.604,0.990731,0.114874,0.072496,-0.118057,0.992150,0.041241,-0.067189,-0.049417,0.996516,0,1.00000,-0.81525,60.000,-1.630,675.000,350.000,625.000,325.000,475.000,300.000,300.000,325.000,325.000,-1,275.000,250.000,-1,550.000,400.000,650.000,425.000,0,0,1,1,1,1,1,0,0,2,0,0,2,0,1,0,1
103,12300.844,1574.543,123.022,-8.237,0.987355,0.143080,0.068257,-0.146150,0.988357,0.042316,-0.061408,-0.051757,0.996770,0,1.00000,-0.81637,60.000,-1.633,625.000,350.000,550.000,300.000,425.000,275.000,275.000,300.000,325.000,-1,250.000,225.000,-1,525.000,350.000,600.000,375.000,0,0,1,1,1,1,1,0,0,2,0,0,2,0,1,0,1
104,12359.956,1564.258,118.527,-9.872,0.983144,0.171192,0.064193,-0.174154,0.983746,0.043756,-0.055659,-0.054198,0.996978,0,1.00000,-0.81729,60.000,-1.635,575.000,325.000,475.000,275.000,375.000,250.000,250.000,300.000,325.000,-1,225.000,200.000,-1,500.000,325.000,575.000,325.000,0,1,1,1,1,1,1,0,0,2,0,0,2,0,1,0,1
105,12418.750,1552.288,114.409,-11.508,0.978059,0.199194,0.061008,-0.202014,0.978387,0.044143,-0.050896,-0.055499,0.997161,0,1.00000,-0.81801,60.000,-1.636,525.000,300.000,400.000,225.000,325.000,225.000,200.000,300.000,325.000,-1,225.000,200.000,-1,475.000,275.000,525.000,275.000,0,1,1,1,1,1,1,0,0,2,0,0,2,1,1,0,1
106,12477.176,1538.636,112.567,-13.145,0.972453,0.227153,0.052317,-0.229193,0.972679,0.036951,-0.042494,-0.047924,0.997947,0,1.00000,-0.81853,60.000,-1.637,550.000,250.000,325.000,200.000,275.000,200.000,175.000,300.000,300.000,-1,250.000,200.000,-1,400.000,225.000,550.000,225.000,0,1,1,1,1,1,1,0,0,2,0,0,2,1,1,0,1
107,12535.188,1523.323,111.165,-14.783,0.965931,0.254929,0.044583,-0.256412,0.966057,0.031404,-0.035064,-0.041766,0.998512,0,1.00000,-0.81885,60.000,-1.638,600.000,225.000,275.000,150.000,200.000,175.000,150.000,325.000,300.000,-1,275.000,225.000,-1,325.000,200.000,575.000,175.000,0,1,1,1,1,1,1,0,0,2,0,0,2,1,1,0,1
108,12592.744,1506.375,118.074,-16.421,0.959109,0.282063,0.023464,-0.282994,0.957102,0.062213,-0.004909,-0.066309,0.997787,0,1.00000,-0.81897,60.000,-1.638,675.000,225.000,250.000,150.000,200.000,175.000,150.000,325.000,375.000,-1,200.000,200.000,-1,300.000,175.000,725.000,175.000,0,1,1,1,1,1,1,0,0,2,0,0,2,1,1,0,1
109,12649.797,1487.796,126.356,-18.058,0.951203,0.308559,0.002024,-0.307204,0.946370,0.100052,0.028957,-0.095791,0.994980,0,1.00000,-0.81889,60.000,-1.638,800.000,200.000,250.000,150.000,175.000,150.000,125.000,300.000,450.000,875.000,100.000,175.000,-1,275.000,175.000,825.000,150.000,0,1,1,1,1,1,1,0,0,0,0,0,2,1,1,1,1
110,-1640.183,-7542.620,67.070,42.358,0.607689,-0.619278,0.497201,0.732320,0.679188,-0.049107,-0.307282,0.393952,0.866245,1,0.00000,0.00000,60.000,-1.637,0.000,675.000,-1,-1,-1,750.000,975.000,-1,125.000,-1,-1,0.000,0.000,-1,-1,0.000,-1,1,1,2,2,2,1,1,2,1,2,2,0,1,2,2,1,2
111,2949.044,-9515.015,388.506,56.446,0.551559,-0.833296,-0.037430,0.832773,0.552667,-0.032369,0.047659,-0.013317,0.998775,1,-0.08000,0.12000,-4.800,0.240,-1,450.000,-1,525.000,-1,350.000,375.000,325.000,350.000,-1,-1,-1,-1,-1,-1,-1,-1,2,0,2,0,2,0,0,0,0,2,2,2,2,2,2,2,2
112,2943.805,-9523.059,387.973,56.926,0.544456,-0.837875,-0.039157,0.837381,0.545653,-0.032485,0.048584,-0.015102,0.998705,0,-0.16000,0.24000,-9.600,0.480,-1,425.000,-1,525.000,-1,350.000,375.000,325.000,350.000,-1,-1,-1,-1,-1,-1,-1,-1,2,0,2,0,2,0,0,0,0,2,2,2,2,2,2,2,2
113,2936.085,-9535.215,387.182,57.581,0.534693,-0.844016,-0.041725,0.843568,0.536026,-0.032703,0.049968,-0.017711,0.998594,0,-0.24000,0.32719,-14.400,0.654,-1,425.000,-1,525.000,-1,350.000,375.000,325.000,350.000,-1,-1,-1,-1,-1,-1,-1,-1,2,0,2,0,2,0,0,0,0,2,2,2,2,2,2,2,2
114,2927.436,-9549.181,386.292,58.232,0.524873,-0.850010,-0.044627,0.849619,0.526364,-0.033003,0.051543,-0.020593,0.998458,0,-0.27380,0.32579,-16.428,0.652,-1,425.000,-1,525.000,-1,350.000,375.000,325.000,350.000,-1,-1,-1,-1,-1,-1,-1,-1,2,0,2,0,2,0,0,0,0,2,2,2,2,2,2,2,2
115,2918.997,-9563.159,385.400,58.881,0.515030,-0.855856,-0.047488,0.855527,0.516683,-0.033362,0.053089,-0.023445,0.998315,0,-0.27212,0.32406,-16.327,0.648,-1,425.000,-1,525.000,-1,350.000,375.000,325.000,350.000,-1,-1,-1,-1,-1,-1,-1,-1,2,0,2,0,2,0,0,0,0,2,2,2,2,2,2,2,2
116,2910.764,-9577.149,384.508,59.525,0.505170,-0.861553,-0.050307,0.861291,0.506988,-0.033777,0.054606,-0.026266,0.998162,0,-0.27055,0.32221,-16.233,0.644,-1,425.000,-1,525.000,-1,350.000,375.000,325.000,350.000,-1,-1,-1,-1,-1,-1,-1,-1,2,0,2,0,2,0,0,0,0,2,2,2,2,2,2,2,2
117,2902.732,-9591.154,383.614,60.165,0.495299,-0.867099,-0.053085,0.866910,0.497288,-0.034247,0.056094,-0.029057,0.998003,0,-0.26908,0.32025,-16.145,0.640,-1,400.000,-1,525.000,-1,350.000,375.000,300.000,350.000,-1,-1,-1,-1,-1,-1,-1,-1,2,0,2,0,2,0,0,0,0,2,2,2,2,2,2,2,2
118,2894.895,-9605.175,382.720,60.802,0.485424,-0.872495,-0.055821,0.872382,0.487586,-0.034771,0.057555,-0.031819,0.997835,0,-0.26772,0.31816,-16.063,0.636,-1,400.000,-1,525.000,-1,350.000,375.000,300.000,350.000,-1,-1,-1,-1,-1,-1,-1,-1,2,0,2,0,2,0,0,0,0,2,2,2,2,2,2,2,2
119,2887.250,-9619.216,381.752,61.434,0.475553,-0.877748,-0.058381,0.877693,0.477895,-0.035663,0.059203,-0.034281,0.997657,0,-0.26646,0.31596,-15.988,0.632,-1,400.000,-1,525.000,-1,350.000,375.000,300.000,375.000,-1,-1,-1,-1,-1,-1,-1,-1,2,0,2,0,2,0,0,0,0,2,2,2,2,2,2,2,2
120,2879.791,-9633.279,380.757,62.060,0.465697,-0.882850,-0.060843,0.882846,0.468225,-0.036712,0.060899,-0.036618,0.997472,0,-0.26532,0.31340,-15.919,0.627,-1,400.000,-1,525.000,-1,350.000,375.000,300.000,375.000,-1,-1,-1,-1,-1,-1,-1,-1,2,0,2,0,2,0,0,0,0,2,2,2,2,2,2,2,2
121,2872.512,-9647.368,379.767,62.678,0.455917,-0.887771,-0.063263,0.887821,0.458636,-0.037785,0.062559,-0.038939,0.997281,0,-0.26430,0.30900,-15.858,0.618,-1,400.000,-1,525.000,-1,350.000,375.000,300.000,375.000,-1,-1,-1,-1,-1,-1,-1,-1,2,0,2,0,2,0,0,0,0,2,2,2,2,2,2,2,2
122,2865.407,-9661.484,378.780,63.288,0.446216,-0.892514,-0.065642,0.892620,0.449129,-0.038881,0.064183,-0.041244,0.997085,0,-0.26339,0.30460,-15.804,0.609,-1,400.000,-1,525.000,-1,350.000,375.000,300.000,375.000,-1,-1,-1,-1,-1,-1,-1,-1,2,0,2,0,2,0,0,0,0,2,2,2,2,2,2,2,2
123,2858.472,-9675.632,377.796,63.888,0.436598,-0.897085,-0.067980,0.897249,0.439709,-0.039999,0.065774,-0.043531,0.996885,0,-0.26262,0.30020,-15.757,0.600,-1,400.000,-1,525.000,-1,325.000,375.000,300.000,375.000,-1,-1,-1,-1,-1,-1,-1,-1,2,0,2,0,2,0,0,0,0,2,2,2,2,2,2,2,2
124,2851.699,-9689.816,376.816,64.480,0.427066,-0.901485,-0.070279,0.901710,0.430379,-0.041138,0.067332,-0.045802,0.996679,0,-0.26196,0.29581,-15.718,0.592,-1,375.000,-1,525.000,-1,325.000,375.000,300.000,375.000,-1,-1,-1,-1,-1,-1,-1,-1,2,0,2,0,2,0,0,0,0,2,2,2,2,2,2,2,2
125,2845.085,-9704.040,375.818,65.063,0.417630,-0.905724,-0.072451,0.906008,0.421143,-0.042276,0.068803,-0.047985,0.996476,0,-0.26144,0.29143,-15.686,0.583,-1,375.000,-1,525.000,-1,325.000,375.000,300.000,375.000,-1,-1,-1,-1,-1,-1,-1,-1,2,0,2,0,2,0,0,0,0,2,2,2,2,2,2,2,2
126,2838.623,-9718.307,374.715,65.637,0.408336,-0.909820,-0.074092,0.910149,0.412010,-0.043308,0.069929,-0.049751,0.996311,0,-0.26104,0.28707,-15.662,0.574,-1,400.000,-1,525.000,-1,325.000,375.000,300.000,375.000,-1,-1,-1,-1,1000.000,-1,-1,-1,2,0,2,0,2,0,0,0,0,2,2,2,2,0,2,2,2
127,2832.309,-9732.622,373.611,66.202,0.399139,-0.913761,-0.075689,0.914136,0.402976,-0.044344,0.071021,-0.051491,0.996145,0,-0.26077,0.28273,-15.646,0.565,-1,400.000,-1,525.000,-1,325.000,375.000,300.000,375.000,-1,-1,-1,-1,975.000,-1,-1,-1,2,0,2,0,2,0,0,0,0,2,2,2,2,0,2,2,2
128,2826.138,-9746.990,372.506,66.759,0.390042,-0.917552,-0.077244,0.917972,0.394041,-0.045384,0.072079,-0.053206,0.995979,0,-0.26062,0.27841,-15.637,0.557,-1,400.000,-1,525.000,-1,325.000,375.000,300.000,375.000,-1,-1,-1,-1,975.000,-1,-1,-1,2,0,2,0,2,0,0,0,0,2,2,2,2,0,2,2,2
129,2820.105,-9761.416,371.400,67.307,0.381046,-0.921195,-0.078757,0.921661,0.385208,-0.046426,0.073106,-0.054897,0.995812,0,-0.26061,0.27412,-15.636,0.548,-1,400.000,-1,525.000,-1,325.000,350.000,300.000,375.000,-1,-1,-1,-1,950.000,-1,-1,-1,2,0,2,0,2,0,0,0,0,2,2,2,2,0,2,2,2
130,2814.206,-9775.904,370.291,67.847,0.372154,-0.924697,-0.080230,0.925208,0.376479,-0.047472,0.074102,-0.056563,0.995645,0,-0.26072,0.26985,-15.643,0.540,-1,400.000,-1,525.000,-1,325.000,350.000,300.000,375.000,-1,-1,-1,-1,950.000,-1,-1,-1,2,0,2,0,2,0,0,0,0,2,2,2,2,0,2,2,2
131,2808.436,-9790.459,369.042,68.378,0.363370,-0.928088,-0.081339,0.928583,0.367865,-0.049081,0.075474,-0.057696,0.995477,0,-0.26096,0.26562,-15.657,0.531,-1,400.000,-1,525.000,-1,325.000,350.000,300.000,375.000,-1,-1,-1,-1,950.000,-1,-1,-1,2,0,2,0,2,0,0,0,0,2,2,2,2,0,2,2,2
132,2802.791,-9805.087,367.761,68.901,0.354693,-0.931351,-0.082332,0.931815,0.359360,-0.050801,0.076901,-0.058699,0.995309,0,-0.26132,0.26141,-15.679,0.523,-1,400.000,-1,525.000,-1,325.000,350.000,300.000,375.000,-1,-1,-1,-1,975.000,-1,-1,-1,2,0,2,0,2,0,0,0,0,2,2,2,2,0,2,2,2
133,2797.268,-9819.792,366.476,69.415,0.346123,-0.934486,-0.083273,0.934916,0.350962,-0.052518,0.078303,-0.059675,0.995142,0,-0.26181,0.25724,-15.709,0.514,-1,400.000,-1,525.000,-1,325.000,350.000,300.000,375.000,-1,-1,-1,-1,975.000,-1,-1,-1,2,0,2,0,2,0,0,0,0,2,2,2,2,0,2,2,2
134,2791.862,-9834.581,365.186,69.922,0.337663,-0.937497,-0.084164,0.937888,0.342673,-0.054232,0.079683,-0.060625,0.994975,0,-0.26243,0.25310,-15.746,0.506,-1,400.000,-1,525.000,-1,325.000,350.000,300.000,375.000,-1,-1,-1,-1,975.000,-1,-1,-1,2,0,2,0,2,0,0,0,0,2,2,2,2,0,2,2,2
135,2786.570,-9849.458,363.891,70.420,0.329313,-0.940386,-0.085006,0.940736,0.334493,-0.055941,0.081041,-0.061546,0.994809,0,-0.26317,0.24900,-15.790,0.498,-1,400.000,-1,500.000,-1,325.000,350.000,300.000,375.000,-1,-1,-1,-1,975.000,-1,-1,-1,2,0,2,0,2,0,0,0,0,2,2,2,2,0,2,2,2
136,2781.388,-9864.429,362.590,70.910,0.321074,-0.943159,-0.085801,0.943465,0.326422,-0.057647,0.082378,-0.062441,0.994643,0,-0.26404,0.24494,-15.843,0.490,-1,400.000,-1,500.000,-1,325.000,350.000,300.000,375.000,-1,-1,-1,-1,975.000,-1,-1,-1,2,0,2,0,2,0,0,0,0,2,2,2,2,0,2,2,2
137,2776.314,-9879.499,361.283,71.391,0.312946,-0.945819,-0.086548,0.946076,0.318462,-0.059350,0.083696,-0.063307,0.994478,0,-0.26504,0.24091,-15.902,0.482,-1,400.000,-1,500.000,-1,325.000,350.000,300.000,375.000,-1,-1,-1,-1,975.000,-1,-1,-1,2,0,2,0,2,0,0,0,0,2,2,2,2,0,2,2,2
138,2771.343,-9894.675,359.969,71.865,0.304930,-0.948370,-0.087249,0.948574,0.310612,-0.061048,0.084996,-0.064147,0.994314,0,-0.26616,0.23692,-15.969,0.474,-1,400.000,-1,500.000,-1,325.000,350.000,300.000,375.000,-1,-1,-1,-1,975.000,-1,-1,-1,2,0,2,0,2,0,0,0,0,2,2,2,2,0,2,2,2
139,2766.473,-9909.962,358.579,72.331,0.297023,-0.950797,-0.088103,0.950985,0.302868,-0.062442,0.086054,-0.065238,0.994152,0,-0.26740,0.23298,-16.044,0.466,-1,400.000,-1,500.000,-1,325.000,350.000,300.000,375.000,-1,-1,-1,-1,975.000,-1,-1,-1,2,0,2,0,2,0,0,0,0,2,2,2,2,0,2,2,2
140,2761.700,-9925.366,357.094,72.789,0.289225,-0.953099,-0.089170,0.953317,0.295228,-0.063463,0.086812,-0.066652,0.993992,0,-0.26877,0.22907,-16.126,0.458,-1,400.000,-1,500.000,-1,325.000,325.000,300.000,375.000,-1,-1,-1,-1,975.000,-1,-1,-1,2,0,2,0,2,0,0,0,0,2,2,2,2,0,2,2,2
