timestep,x_cm,y_cm,z_cm,yaw_deg,basis_xx,basis_xy,basis_xz,basis_yx,basis_yy,basis_yz,basis_zx,basis_zy,basis_zz,teleport_flag,throttle_cmd,steering_cmd,cmd_move_cm,cmd_turn_deg,lidar_cm_0,lidar_cm_1,lidar_cm_2,lidar_cm_3,lidar_cm_4,lidar_cm_5,lidar_cm_6,lidar_cm_7,lidar_cm_8,lidar_cm_9,lidar_cm_10,lidar_cm_11,lidar_cm_12,lidar_cm_13,lidar_cm_14,lidar_cm_15,lidar_cm_16,lidar_class_0,lidar_class_1,lidar_class_2,lidar_class_3,lidar_class_4,lidar_class_5,lidar_class_6,lidar_class_7,lidar_class_8,lidar_class_9,lidar_class_10,lidar_class_11,lidar_class_12,lidar_class_13,lidar_class_14,lidar_class_15,lidar_class_16
0,7543.631,-988.682,-100.078,-85.090,0.085703,0.996315,0.003258,-0.995981,0.085588,0.026406,0.026030,-0.005508,0.999646,1,0.08000,-0.12000,4.800,-0.240,-1,375.000,-1,400.000,-1,325.000,325.000,300.000,300.000,-1,650.000,575.000,-1,650.000,725.000,-1,-1,2,0,2,0,2,0,0,0,0,2,0,0,2,0,0,2,2
1,7544.392,-998.251,-99.833,-85.456,0.079337,0.996843,0.003049,-0.996500,0.079228,0.026651,0.026326,-0.005152,0.999640,0,0.16000,-0.18282,9.600,-0.366,-1,375.000,-1,400.000,-1,325.000,325.000,300.000,300.000,-1,650.000,575.000,-1,650.000,725.000,-1,-1,2,0,2,0,2,0,0,0,0,2,0,0,2,0,0,2,2
2,7545.441,-1012.613,-99.464,-85.821,0.072973,0.997330,0.002739,-0.996975,0.072873,0.027013,0.026742,-0.004702,0.999631,0,0.24000,-0.18260,14.400,-0.365,-1,375.000,-1,400.000,-1,325.000,325.000,300.000,300.000,-1,650.000,600.000,-1,650.000,725.000,-1,-1,2,0,2,0,2,0,0,0,0,2,0,0,2,0,0,2,2
3,7546.718,-1031.771,-98.969,-86.186,0.066608,0.997776,0.002332,-0.997406,0.066519,0.027492,0.027276,-0.004158,0.999619,0,0.32000,-0.18247,19.200,-0.365,-1,375.000,-1,400.000,-1,325.000,325.000,300.000,300.000,-1,650.000,600.000,-1,650.000,725.000,-1,-1,2,0,2,0,2,0,0,0,0,2,0,0,2,0,0,2,2
4,7548.162,-1055.727,-98.348,-86.551,0.060240,0.998182,0.001831,-0.997793,0.060165,0.028087,0.027926,-0.003519,0.999604,0,0.40000,-0.18241,24.000,-0.365,-1,375.000,-1,400.000,-1,325.000,325.000,300.000,300.000,-1,650.000,600.000,-1,650.000,725.000,-1,-1,2,0,2,0,2,0,0,0,0,2,0,0,2,0,0,2,2
5,7549.712,-1084.486,-97.601,-86.915,0.053867,0.998547,0.001237,-0.998136,0.053809,0.028797,0.028689,-0.002786,0.999585,0,0.48000,-0.18239,28.800,-0.365,-1,375.000,-1,400.000,-1,325.000,325.000,300.000,300.000,-1,675.000,600.000,-1,650.000,725.000,-1,-1,2,0,2,0,2,0,0,0,0,2,0,0,2,0,0,2,2
6,7551.306,-1118.048,-96.726,-87.280,0.047489,0.998872,0.000554,-0.998434,0.047451,0.029622,0.029562,-0.001959,0.999561,0,0.56000,-0.18238,33.600,-0.365,-1,375.000,-1,400.000,-1,300.000,325.000,300.000,300.000,-1,675.000,625.000,-1,650.000,725.000,-1,-1,2,0,2,0,2,0,0,0,0,2,0,0,2,0,0,2,2
7,7552.884,-1156.415,-95.724,-87.645,0.041105,0.999155,-0.000217,-0.998688,0.041092,0.030560,0.030543,-0.001040,0.999533,0,0.64000,-0.18235,38.400,-0.365,-1,375.000,-1,400.000,-1,300.000,325.000,300.000,300.000,-1,675.000,625.000,-1,650.000,725.000,1000.000,-1,2,0,2,0,2,0,0,0,0,2,0,0,2,0,0,1,2
8,7554.385,-1199.589,-94.594,-88.009,0.034717,0.999397,-0.001071,-0.998897,0.034734,0.031611,0.031629,-0.000028,0.999500,0,0.72000,-0.18229,43.200,-0.365,-1,375.000,-1,375.000,-1,300.000,325.000,300.000,300.000,-1,700.000,625.000,-1,650.000,750.000,950.000,-1,2,0,2,0,2,0,0,0,0,2,0,0,2,0,0,1,2
9,7555.747,-1247.570,-93.336,-88.374,0.028328,0.999597,-0.002007,-0.999060,0.028379,0.032774,0.032817,0.001076,0.999461,0,0.80000,-0.18215,48.000,-0.364,975.000,375.000,-1,375.000,-1,300.000,325.000,300.000,300.000,-1,700.000,625.000,-1,650.000,750.000,900.000,-1,1,0,2,0,2,0,0,0,0,2,0,0,2,0,0,1,2
10,7556.911,-1300.357,-91.943,-88.738,0.021942,0.999755,-0.002996,-0.999178,0.022031,0.034027,0.034085,0.002247,0.999416,0,0.88000,-0.18191,52.800,-0.364,925.000,375.000,-1,375.000,-1,300.000,300.000,300.000,300.000,-1,700.000,625.000,-1,650.000,-1,850.000,-1,1,0,2,0,2,0,0,0,0,2,0,0,2,0,2,1,2
11,7557.815,-1357.950,-89.615,-89.101,0.015551,0.999870,-0.004351,-0.999247,0.015696,0.035486,0.035549,0.003796,0.999361,0,0.96000,-0.18153,57.600,-0.363,850.000,375.000,1000.000,375.000,-1,300.000,300.000,300.000,300.000,-1,725.000,625.000,-1,650.000,-1,800.000,-1,1,0,1,0,2,0,0,0,0,2,0,0,2,0,2,1,2
12,7558.378,-1417.948,-86.989,-89.463,0.009152,0.999939,-0.006240,-0.999258,0.009379,0.037368,0.037424,0.005894,0.999282,0,1.00000,-0.18099,60.000,-0.362,800.000,375.000,950.000,400.000,-1,300.000,325.000,300.000,300.000,-1,750.000,625.000,-1,625.000,-1,725.000,-1,1,0,1,0,2,0,0,0,0,2,0,0,2,1,2,1,2
13,7558.564,-1477.948,-84.365,-89.823,0.002772,0.999963,-0.008103,-0.999225,0.003088,0.039242,0.039265,0.007988,0.999197,0,1.00000,-0.18021,60.000,-0.360,725.000,375.000,900.000,400.000,-1,300.000,325.000,300.000,300.000,-1,725.000,600.000,-1,600.000,-1,675.000,-1,1,0,1,0,2,0,0,0,0,2,0,0,2,1,2,1,2
14,7558.374,-1537.948,-81.747,-90.181,-0.003577,0.999944,-0.009940,-0.999150,-0.003165,0.041105,0.041071,0.010078,0.999105,0,1.00000,-0.17916,60.000,-0.358,675.000,375.000,850.000,400.000,-1,300.000,325.000,300.000,300.000,-1,725.000,600.000,-1,550.000,-1,625.000,-1,1,0,1,0,2,0,0,0,0,2,0,0,2,1,2,1,2
15,7557.812,-1597.945,-79.135,-90.537,-0.009885,0.999882,-0.011751,-0.999033,-0.009372,0.042955,0.042840,0.012164,0.999008,0,1.00000,-0.17782,60.000,-0.356,600.000,375.000,825.000,400.000,-1,300.000,325.000,325.000,300.000,-1,700.000,600.000,-1,525.000,-1,575.000,-1,1,0,1,0,2,0,0,0,0,2,0,0,2,1,2,1,2
16,7556.882,-1657.938,-76.532,-90.889,-0.016141,0.999778,-0.013538,-0.998876,-0.015520,0.044792,0.044572,0.014246,0.998905,0,1.00000,-0.17617,60.000,-0.352,550.000,375.000,775.000,400.000,-1,300.000,325.000,300.000,300.000,-1,700.000,600.000,-1,475.000,-1,500.000,-1,1,1,1,1,2,0,0,0,0,2,0,0,2,1,2,1,2
17,7555.586,-1717.925,-73.940,-91.238,-0.022333,0.999633,-0.015302,-0.998680,-0.021598,0.046612,0.046265,0.016323,0.998796,0,1.00000,-0.17419,60.000,-0.348,475.000,350.000,750.000,400.000,-1,300.000,325.000,300.000,300.000,-1,700.000,600.000,-1,425.000,-1,450.000,-1,1,1,1,1,2,1,1,0,0,2,0,0,2,1,2,1,2
18,7553.931,-1777.902,-71.361,-91.581,-0.028448,0.999450,-0.017045,-0.998446,-0.027593,0.048416,0.047919,0.018395,0.998682,0,1.00000,-0.17187,60.000,-0.344,425.000,300.000,700.000,425.000,-1,275.000,300.000,300.000,300.000,-1,700.000,600.000,-1,400.000,-1,400.000,-1,1,1,1,1,2,1,1,0,0,2,0,0,2,1,2,1,2
19,7551.922,-1837.869,-68.797,-91.920,-0.034472,0.999229,-0.018767,-0.998177,-0.033493,0.050200,0.049533,0.020463,0.998563,0,1.00000,-0.16917,60.000,-0.338,350.000,275.000,675.000,475.000,-1,250.000,275.000,300.000,300.000,-1,700.000,600.000,-1,350.000,-1,325.000,-1,1,1,1,1,2,1,1,0,0,2,0,0,2,1,2,1,2
20,7549.565,-1897.822,-66.249,-92.252,-0.040392,0.998974,-0.020470,-0.997876,-0.039283,0.051965,0.051107,0.022525,0.998439,0,1.00000,-0.16606,60.000,-0.332,300.000,250.000,650.000,-1,-1,225.000,275.000,300.000,300.000,-1,700.000,575.000,-1,325.000,-1,275.000,-1,1,1,1,2,2,1,1,0,0,2,0,0,2,1,2,1,2
21,7546.869,-1957.762,-63.661,-92.577,-0.046200,0.998681,-0.022402,-0.997554,-0.044947,0.053529,0.052452,0.024820,0.998315,0,1.00000,-0.16251,60.000,-0.325,225.000,225.000,625.000,-1,-1,200.000,250.000,300.000,300.000,-1,700.000,550.000,-1,300.000,-1,225.000,-1,1,1,1,2,2,1,1,0,0,2,0,0,2,1,2,1,2
22,7543.858,-2017.688,-56.584,-92.894,-0.053782,0.997379,-0.048411,-0.996396,-0.050417,0.068218,0.065598,0.051906,0.996495,0,1.00000,-0.15845,60.000,-0.317,225.000,225.000,-1,-1,-1,200.000,275.000,350.000,275.000,-1,500.000,300.000,-1,275.000,-1,200.000,-1,1,1,2,2,2,1,1,0,0,2,0,0,2,1,2,1,2
23,7540.539,-2077.599,-50.315,-93.202,-0.061956,0.995043,-0.077789,-0.995185,-0.055658,0.080675,0.075946,0.082413,0.993700,0,1.00000,-0.15384,60.000,-0.308,200.000,200.000,-1,-1,-1,175.000,275.000,425.000,250.000,-1,450.000,225.000,675.000,275.000,-1,200.000,-1,1,1,2,2,2,1,1,0,0,2,0,0,0,1,2,1,2
24,7536.925,-2137.492,-44.371,-93.499,-0.070540,0.991656,-0.107902,-0.993863,-0.060629,0.092526,0.085212,0.113767,0.989846,0,1.00000,-0.14859,60.000,-0.297,200.000,200.000,-1,-1,-1,175.000,275.000,500.000,225.000,-1,425.000,175.000,500.000,275.000,-1,175.000,-1,1,1,2,2,2,1,1,0,0,2,0,0,0,1,2,1,2
25,-2951.696,-4263.649,-241.062,179.703,-0.999537,-0.005143,0.029989,0.008521,-0.993486,0.113632,0.029210,0.113835,0.993070,1,0.00000,0.00000,60.000,-0.285,175.000,325.000,600.000,450.000,-1,375.000,400.000,450.000,250.000,-1,275.000,100.000,550.000,400.000,550.000,200.000,-1,1,1,1,1,2,1,1,1,0,2,0,0,0,1,1,1,2
26,-2956.497,-4263.606,-240.981,179.463,-0.999471,-0.009303,0.031155,0.012812,-0.993353,0.114393,0.029884,0.114732,0.992947,0,0.08000,-0.12000,4.800,-0.240,175.000,325.000,575.000,450.000,-1,375.000,400.000,425.000,250.000,-1,275.000,100.000,550.000,400.000,550.000,200.000,-1,1,1,1,1,2,1,1,1,0,2,0,0,0,1,1,1,2
27,-2966.096,-4263.438,-240.840,178.983,-0.999285,-0.017621,0.033443,0.021387,-0.993041,0.115809,0.031169,0.116442,0.992708,0,0.16000,-0.24000,9.600,-0.480,150.000,325.000,575.000,450.000,-1,375.000,400.000,400.000,250.000,-1,250.000,100.000,525.000,400.000,550.000,200.000,-1,1,1,1,1,2,1,1,1,0,2,0,0,0,1,1,1,2
28,-2980.491,-4263.006,-240.686,178.263,-0.998871,-0.030090,0.036758,0.034227,-0.992463,0.117669,0.032940,0.118794,0.992372,0,0.24000,-0.36000,14.400,-0.720,150.000,350.000,575.000,425.000,-1,375.000,400.000,375.000,250.000,-1,250.000,100.000,500.000,400.000,550.000,200.000,-1,1,1,1,1,2,1,1,1,0,2,0,0,0,1,1,1,2
29,-2999.675,-4262.192,-240.512,177.552,-0.998268,-0.042394,0.040794,0.047027,-0.991627,0.120267,0.035354,0.121977,0.991903,0,0.32000,-0.35573,19.200,-0.711,150.000,350.000,575.000,425.000,-1,350.000,375.000,350.000,250.000,-1,250.000,100.000,475.000,400.000,550.000,200.000,-1,1,1,1,1,2,1,1,1,0,2,0,0,0,1,1,1,2
30,-3023.641,-4260.881,-240.355,176.853,-0.997481,-0.054459,0.045462,0.059708,-0.990552,0.123460,0.038309,0.125864,0.991308,0,0.40000,-0.34941,24.000,-0.699,150.000,325.000,550.000,425.000,-1,350.000,375.000,325.000,250.000,-1,250.000,75.000,450.000,375.000,525.000,175.000,-1,1,1,1,1,2,1,1,1,0,2,0,0,0,1,1,1,2
31,-3052.379,-4258.966,-240.253,176.169,-0.996517,-0.066238,0.050651,0.072215,-0.989258,0.127093,0.041688,0.130308,0.990597,0,0.48000,-0.34188,28.800,-0.684,150.000,325.000,525.000,400.000,-1,350.000,350.000,275.000,250.000,-1,225.000,75.000,425.000,375.000,525.000,175.000,-1,1,1,1,1,2,1,1,1,0,2,0,0,0,1,1,1,2
32,-3085.878,-4256.341,-240.251,175.503,-0.995392,-0.077683,0.056220,0.084487,-0.987776,0.130996,0.045357,0.135142,0.989787,0,0.56000,-0.33304,33.600,-0.666,150.000,300.000,500.000,375.000,-1,325.000,325.000,250.000,250.000,-1,225.000,75.000,400.000,350.000,500.000,175.000,-1,1,1,1,1,2,1,1,1,0,2,0,0,0,1,1,1,2
33,-3124.126,-4252.910,-240.398,174.858,-0.994123,-0.088744,0.062002,0.096450,-0.986142,0.134987,0.049163,0.140174,0.988906,0,0.64000,-0.32277,38.400,-0.646,125.000,300.000,475.000,375.000,-1,300.000,325.000,225.000,250.000,-1,225.000,75.000,375.000,325.000,500.000,175.000,-1,1,1,1,1,2,1,1,1,0,2,0,0,0,1,1,1,2
34,-4919.494,8199.152,-392.412,111.775,-0.371392,-0.928348,-0.015412,0.928216,-0.370844,-0.029825,0.021972,-0.025383,0.999436,1,0.00000,0.00000,43.200,-0.622,-1,425.000,-1,400.000,-1,325.000,325.000,300.000,300.000,-1,550.000,550.000,-1,850.000,850.000,-1,-1,2,0,2,0,2,0,0,0,0,2,1,1,2,0,0,2,2
35,-4921.256,8203.617,-392.311,111.535,-0.367499,-0.929894,-0.015559,0.929767,-0.366952,-0.029649,0.021861,-0.025362,0.999439,0,0.08000,-0.12000,4.800,-0.240,-1,425.000,-1,400.000,-1,325.000,325.000,300.000,300.000,-1,550.000,550.000,-1,850.000,850.000,-1,-1,2,0,2,0,2,0,0,0,0,2,1,1,2,0,0,2,2
36,-4924.705,8212.576,-392.108,111.055,-0.359692,-0.932936,-0.015848,0.932820,-0.359150,-0.029295,0.021638,-0.025321,0.999445,0,0.16000,-0.24000,9.600,-0.480,-1,400.000,-1,400.000,-1,325.000,325.000,300.000,300.000,-1,575.000,550.000,-1,850.000,850.000,-1,-1,2,0,2,0,2,0,0,0,0,2,1,1,2,0,0,2,2
37,-4929.709,8226.079,-391.798,110.335,-0.347935,-0.937377,-0.016273,0.937276,-0.347399,-0.028760,0.021306,-0.025259,0.999454,0,0.24000,-0.36000,14.400,-0.720,-1,400.000,-1,400.000,-1,325.000,325.000,300.000,300.000,-1,600.000,575.000,-1,850.000,850.000,-1,-1,2,0,2,0,2,0,0,0,0,2,1,1,2,0,0,2,2
38,-4936.079,8244.191,-391.379,109.375,-0.332174,-0.943068,-0.016820,0.942987,-0.331645,-0.028040,0.020865,-0.025175,0.999465,0,0.32000,-0.48000,19.200,-0.960,-1,400.000,-1,400.000,-1,325.000,325.000,300.000,300.000,-1,625.000,600.000,-1,850.000,850.000,-1,-1,2,0,2,0,2,0,0,0,0,2,1,1,2,0,0,2,2
39,-4943.565,8266.994,-390.845,108.175,-0.312341,-0.949809,-0.017475,0.949753,-0.311823,-0.027128,0.020318,-0.025070,0.999479,0,0.40000,-0.60000,24.000,-1.200,-1,400.000,-1,400.000,-1,325.000,325.000,300.000,300.000,-1,675.000,625.000,-1,850.000,850.000,-1,-1,2,0,2,0,2,0,0,0,0,2,1,1,2,0,0,2,2
40,-4951.858,8294.574,-390.189,106.735,-0.288361,-0.957349,-0.018216,0.957320,-0.287857,-0.026021,0.019668,-0.024942,0.999495,0,0.48000,-0.72000,28.800,-1.440,-1,400.000,-1,400.000,-1,325.000,325.000,300.000,300.000,-1,750.000,675.000,-1,850.000,850.000,-1,-1,2,0,2,0,2,0,0,0,0,2,1,1,2,0,0,2,2
41,-4960.585,8327.021,-389.401,105.055,-0.260154,-0.965380,-0.019021,0.965382,-0.259667,-0.024715,0.018921,-0.024792,0.999514,0,0.56000,-0.84000,33.600,-1.680,-1,400.000,-1,400.000,-1,325.000,325.000,300.000,300.000,-1,825.000,725.000,-1,850.000,825.000,-1,-1,2,0,2,0,2,0,0,0,0,2,1,1,2,0,0,2,2
42,-4969.443,8364.385,-388.476,103.336,-0.231064,-0.972736,-0.019870,0.972772,-0.230599,-0.023212,0.017997,-0.024692,0.999533,0,0.64000,-0.85929,38.400,-1.719,-1,400.000,-1,400.000,-1,325.000,325.000,300.000,300.000,-1,950.000,800.000,-1,850.000,825.000,-1,-1,2,0,2,0,2,0,0,0,0,2,1,1,2,0,0,2,2
43,-4978.154,8406.698,-387.408,101.634,-0.202031,-0.979159,-0.020750,0.979234,-0.201590,-0.021513,0.016882,-0.024665,0.999553,0,0.72000,-0.85146,43.200,-1.703,-1,400.000,-1,400.000,-1,325.000,325.000,300.000,300.000,-1,-1,875.000,-1,825.000,825.000,-1,-1,2,0,2,0,2,0,0,0,0,2,2,1,2,0,0,2,2
44,-4986.446,8453.976,-386.193,99.947,-0.173102,-0.984666,-0.021644,0.984781,-0.172691,-0.019624,0.015585,-0.024712,0.999573,0,0.80000,-0.84308,48.000,-1.686,-1,400.000,-1,400.000,-1,325.000,325.000,300.000,300.000,-1,-1,1000.000,-1,825.000,800.000,-1,-1,2,0,2,0,2,0,0,0,0,2,2,1,2,0,0,2,2
45,-4993.567,8502.916,-385.059,98.279,-0.144328,-0.989288,-0.021886,0.989422,-0.143950,-0.017954,0.014611,-0.024246,0.999599,0,0.82424,-0.83423,49.454,-1.668,-1,400.000,-1,400.000,-1,325.000,325.000,300.000,300.000,1000.000,-1,-1,-1,825.000,800.000,-1,-1,2,0,2,0,2,0,0,0,0,1,2,2,2,0,0,2,2
46,-4999.313,8552.366,-384.134,96.628,-0.115723,-0.993053,-0.021317,0.993186,-0.115387,-0.016345,0.013772,-0.023063,0.999639,0,0.82972,-0.82560,49.783,-1.651,-1,400.000,-1,400.000,-1,325.000,325.000,300.000,300.000,925.000,-1,-1,-1,825.000,775.000,-1,-1,2,0,2,0,2,0,0,0,0,1,2,2,2,0,0,2,2
47,-5003.678,8602.327,-383.563,94.993,-0.087344,-0.995933,-0.022123,0.996085,-0.087009,-0.015645,0.013657,-0.023403,0.999633,0,0.83585,-0.81739,50.151,-1.635,-1,400.000,-1,400.000,-1,325.000,325.000,300.000,300.000,900.000,-1,-1,-1,800.000,775.000,-1,-1,2,0,2,0,2,0,0,0,0,1,2,2,2,0,0,2,2
48,-5006.653,8652.798,-382.981,93.374,-0.059166,-0.997984,-0.022955,0.998157,-0.058834,-0.014896,0.013516,-0.023794,0.999626,0,0.84264,-0.80956,50.558,-1.619,-1,400.000,-1,400.000,-1,325.000,325.000,300.000,300.000,900.000,-1,-1,-1,800.000,775.000,-1,-1,2,0,2,0,2,0,0,0,0,1,2,2,2,0,0,2,2
49,-5008.228,8703.779,-382.364,91.770,-0.031202,-0.999231,-0.023733,0.999423,-0.030872,-0.014157,0.013414,-0.024161,0.999618,0,0.85009,-0.80210,51.006,-1.604,-1,400.000,-1,400.000,-1,325.000,325.000,300.000,300.000,900.000,-1,-1,-1,800.000,775.000,-1,-1,2,0,2,0,2,0,0,0,0,1,2,2,2,0,0,2,2
50,-5008.390,8755.271,-381.709,90.180,-0.003462,-0.999695,-0.024465,0.999905,-0.003134,-0.013430,0.013349,-0.024509,0.999610,0,0.85820,-0.79499,51.492,-1.590,-1,400.000,-1,400.000,-1,325.000,325.000,300.000,300.000,925.000,-1,-1,-1,800.000,775.000,-1,-1,2,0,2,0,2,0,0,0,0,1,2,2,2,0,0,2,2
51,-5007.122,8807.273,-381.014,88.603,0.024043,-0.999394,-0.025163,0.999622,0.024369,-0.012717,0.013322,-0.024848,0.999602,0,0.86695,-0.78822,52.017,-1.576,-1,400.000,-1,400.000,-1,325.000,325.000,300.000,300.000,950.000,-1,-1,-1,800.000,775.000,-1,-1,2,0,2,0,2,0,0,0,0,1,2,2,2,0,0,2,2
52,-5004.407,8859.783,-380.275,87.040,0.051304,-0.998349,-0.025837,0.998594,0.051627,-0.012017,0.013331,-0.025184,0.999594,0,0.87633,-0.78175,52.580,-1.563,-1,400.000,-1,400.000,-1,325.000,325.000,300.000,300.000,1000.000,-1,-1,-1,775.000,750.000,-1,-1,2,0,2,0,2,0,0,0,0,1,2,2,2,0,0,2,2
53,-5000.224,8912.796,-379.489,85.489,0.078310,-0.996577,-0.026496,0.996839,0.078632,-0.011329,0.013374,-0.025525,0.999585,0,0.88630,-0.77557,53.178,-1.551,-1,400.000,-1,400.000,-1,325.000,325.000,300.000,300.000,-1,-1,-1,-1,775.000,750.000,-1,-1,2,0,2,0,2,0,0,0,0,2,2,2,2,0,0,2,2
54,-4994.552,8966.307,-378.653,83.949,0.105054,-0.994096,-0.027152,0.994376,0.105374,-0.010652,0.013450,-0.025880,0.999575,0,0.89685,-0.76967,53.811,-1.539,-1,400.000,-1,400.000,-1,325.000,325.000,300.000,300.000,-1,-1,-1,-1,775.000,750.000,-1,-1,2,0,2,0,2,0,0,0,0,2,2,2,2,0,0,2,2
55,-4987.370,9020.272,-377.763,82.419,0.131559,-0.990918,-0.027814,0.991216,0.131879,-0.009982,0.013560,-0.026257,0.999563,0,0.90734,-0.76502,54.440,-1.530,-1,400.000,-1,400.000,-1,325.000,325.000,300.000,300.000,-1,-1,-1,-1,775.000,750.000,-1,-1,2,0,2,0,2,0,0,0,0,2,2,2,2,0,0,2,2
56,-4979.715,9069.318,-376.916,81.129,0.153834,-0.987688,-0.028422,0.988002,0.154153,-0.009381,0.013646,-0.026638,0.999552,0,0.82734,-0.64502,49.640,-1.290,-1,400.000,-1,400.000,-1,325.000,325.000,300.000,300.000,-1,-1,-1,-1,775.000,750.000,-1,-1,2,0,2,0,2,0,0,0,0,2,2,2,2,0,0,2,2
57,-4971.937,9113.479,-376.121,80.010,0.173087,-0.984480,-0.028982,0.984811,0.173405,-0.008841,0.013729,-0.027012,0.999541,0,0.74734,-0.55935,44.840,-1.119,-1,400.000,-1,400.000,-1,325.000,325.000,300.000,300.000,-1,-1,-1,-1,775.000,750.000,-1,-1,2,0,2,0,2,0,0,0,0,2,2,2,2,0,0,2,2
58,-4964.214,9152.767,-375.440,78.879,0.192479,-0.980849,-0.029778,0.981199,0.192807,-0.008547,0.014125,-0.027573,0.999520,0,0.66734,-0.56569,40.040,-1.131,-1,400.000,-1,400.000,-1,325.000,325.000,300.000,300.000,-1,-1,-1,-1,775.000,750.000,-1,-1,2,0,2,0,2,0,0,0,0,2,2,2,2,0,0,2,2
59,-4956.729,9187.204,-374.815,77.736,0.211988,-0.976795,-0.030525,0.977162,0.212329,-0.008383,0.014669,-0.028051,0.999499,0,0.58734,-0.57143,35.240,-1.143,-1,400.000,-1,400.000,-1,325.000,325.000,300.000,300.000,-1,-1,-1,-1,775.000,750.000,-1,-1,2,0,2,0,2,0,0,0,0,2,2,2,2,0,0,2,2
60,-4949.665,9216.813,-374.256,76.583,0.231587,-0.972314,-0.031201,0.972695,0.231941,-0.008222,0.015231,-0.028445,0.999479,0,0.50734,-0.57656,30.440,-1.153,-1,400.000,-1,400.000,-1,325.000,325.000,300.000,300.000,-1,-1,-1,-1,775.000,750.000,-1,-1,2,0,2,0,2,0,0,0,0,2,2,2,2,0,0,2,2
61,-4943.211,9241.628,-373.809,75.421,0.251242,-0.967406,-0.031680,0.967793,0.251612,-0.008221,0.015924,-0.028594,0.999464,0,0.42734,-0.58105,25.640,-1.162,-1,400.000,-1,400.000,-1,325.000,325.000,300.000,300.000,-1,-1,-1,-1,775.000,750.000,-1,-1,2,0,2,0,2,0,0,0,0,2,2,2,2,0,0,2,2
62,-4937.555,9261.686,-373.447,74.251,0.270924,-0.962067,-0.032063,0.962457,0.271309,-0.008250,0.016635,-0.028624,0.999452,0,0.34734,-0.58487,20.840,-1.170,-1,400.000,-1,400.000,-1,325.000,325.000,300.000,300.000,-1,-1,-1,-1,775.000,750.000,-1,-1,2,0,2,0,2,0,0,0,0,2,2,2,2,0,0,2,2
63,-4932.885,9277.032,-373.169,73.075,0.290601,-0.956298,-0.032336,0.956688,0.290998,-0.008224,0.017274,-0.028546,0.999443,0,0.26734,-0.58801,16.040,-1.176,-1,400.000,-1,400.000,-1,325.000,325.000,300.000,300.000,-1,-1,-1,-1,775.000,750.000,-1,-1,2,0,2,0,2,0,0,0,0,2,2,2,2,0,0,2,2
64,-4929.392,9287.715,-372.968,71.894,0.310238,-0.950101,-0.032552,0.950491,0.310645,-0.008172,0.017877,-0.028405,0.999437,0,0.18734,-0.59045,11.240,-1.181,-1,400.000,-1,400.000,-1,325.000,325.000,300.000,300.000,-1,-1,-1,-1,775.000,750.000,-1,-1,2,0,2,0,2,0,0,0,0,2,2,2,2,0,0,2,2
65,-4927.264,9293.794,-372.843,70.710,0.329802,-0.943483,-0.032732,0.943870,0.330218,-0.008106,0.018457,-0.028221,0.999431,0,0.10734,-0.59217,6.440,-1.184,-1,400.000,-1,400.000,-1,325.000,325.000,300.000,300.000,-1,-1,-1,-1,775.000,750.000,-1,-1,2,0,2,0,2,0,0,0,0,2,2,2,2,0,0,2,2
66,-4926.690,9295.331,-372.799,69.524,0.349259,-0.936450,-0.032873,0.936833,0.349684,-0.008026,0.019011,-0.027993,0.999427,0,0.02734,-0.59316,1.640,-1.186,-1,400.000,-1,400.000,-1,325.000,325.000,300.000,300.000,-1,-1,-1,-1,775.000,750.000,-1,-1,2,0,2,0,2,0,0,0,0,2,2,2,2,0,0,2,2
67,-4927.857,9292.394,-372.855,68.333,0.368634,-0.928992,-0.032902,0.929370,0.369064,-0.007910,0.019491,-0.027662,0.999427,0,-0.05266,-0.59515,-3.160,-1.190,-1,400.000,-1,400.000,-1,325.000,325.000,300.000,300.000,-1,-1,-1,-1,775.000,750.000,-1,-1,2,0,2,0,2,0,0,0,0,2,2,2,2,0,0,2,2
68,-4930.948,9285.060,-373.017,67.148,0.387784,-0.921166,-0.032808,0.921536,0.388216,-0.007758,0.019883,-0.027225,0.999432,0,-0.13266,-0.59292,-7.960,-1.186,-1,400.000,-1,400.000,-1,325.000,325.000,300.000,300.000,-1,-1,-1,-1,775.000,750.000,-1,-1,2,0,2,0,2,0,0,0,0,2,2,2,2,0,0,2,2
69,-4936.145,9273.406,-373.282,65.964,0.406732,-0.912965,-0.032622,0.913324,0.407163,-0.007581,0.020204,-0.026711,0.999439,0,-0.21266,-0.59167,-12.760,-1.183,-1,400.000,-1,375.000,-1,325.000,325.000,300.000,300.000,-1,-1,-1,-1,775.000,750.000,-1,-1,2,0,2,0,2,0,0,0,0,2,2,2,2,0,0,2,2
70,-4943.625,9257.520,-373.652,64.785,0.425446,-0.904405,-0.032349,0.904753,0.425873,-0.007377,0.020449,-0.026129,0.999449,0,-0.29266,-0.58966,-17.560,-1.179,-1,400.000,-1,375.000,-1,325.000,325.000,300.000,300.000,-1,-1,-1,-1,775.000,725.000,-1,-1,2,0,2,0,2,0,0,0,0,2,2,2,2,0,0,2,2
71,-4951.940,9240.762,-374.075,63.611,0.443894,-0.895508,-0.032004,0.895839,0.444318,-0.007275,0.020735,-0.025442,0.999461,0,-0.31179,-0.58688,-18.707,-1.174,-1,400.000,-1,375.000,-1,325.000,325.000,300.000,300.000,-1,-1,-1,-1,775.000,725.000,-1,-1,2,0,2,0,2,0,0,0,0,2,2,2,2,0,0,2,2
72,-4960.660,9224.049,-374.528,62.443,0.462063,-0.886283,-0.031622,0.886597,0.462486,-0.007261,0.021061,-0.024681,0.999474,0,-0.31419,-0.58391,-18.851,-1.168,-1,400.000,-1,375.000,-1,325.000,325.000,300.000,300.000,-1,-1,-1,-1,775.000,725.000,-1,-1,2,0,2,0,2,0,0,0,0,2,2,2,2,0,0,2,2
73,-4969.789,9207.388,-374.985,61.281,0.479950,-0.876739,-0.031251,0.877036,0.480370,-0.007241,0.021360,-0.023933,0.999485,0,-0.31663,-0.58091,-18.998,-1.162,-1,400.000,-1,375.000,-1,325.000,325.000,300.000,300.000,-1,-1,-1,-1,775.000,725.000,-1,-1,2,0,2,0,2,0,0,0,0,2,2,2,2,0,0,2,2
74,-4979.325,9190.786,-375.451,60.126,0.497547,-0.866887,-0.030885,0.867167,0.497965,-0.007226,0.021644,-0.023187,0.999497,0,-0.31910,-0.57787,-19.146,-1.156,-1,400.000,-1,375.000,-1,325.000,325.000,300.000,300.000,-1,-1,-1,-1,750.000,725.000,-1,-1,2,0,2,0,2,0,0,0,0,2,2,2,2,0,0,2,2
75,-4989.271,9174.250,-375.929,58.976,0.514850,-0.856737,-0.030518,0.857000,0.515266,-0.007238,0.021926,-0.022427,0.999508,0,-0.32162,-0.57480,-19.297,-1.150,-1,400.000,-1,375.000,-1,325.000,325.000,300.000,300.000,-1,1000.000,-1,-1,750.000,725.000,-1,-1,2,0,2,0,2,0,0,0,0,2,1,2,2,0,0,2,2
76,-4999.625,9157.785,-376.416,57.833,0.531855,-0.846298,-0.030159,0.846545,0.532268,-0.007259,0.022196,-0.021670,0.999519,0,-0.32416,-0.57170,-19.450,-1.143,-1,400.000,-1,375.000,-1,325.000,325.000,300.000,300.000,-1,975.000,-1,-1,750.000,725.000,-1,-1,2,0,2,0,2,0,0,0,0,2,1,2,2,0,0,2,2
77,-5010.389,9141.401,-376.910,56.696,0.548556,-0.835582,-0.029809,0.835812,0.548967,-0.007287,0.022453,-0.020917,0.999529,0,-0.32673,-0.56857,-19.604,-1.137,-1,400.000,-1,375.000,-1,325.000,325.000,300.000,300.000,-1,950.000,1000.000,-1,750.000,725.000,-1,-1,2,0,2,0,2,0,0,0,0,2,1,1,2,0,0,2,2
78,-5021.563,9125.104,-377.412,55.565,0.564951,-0.824598,-0.029470,0.824812,0.565360,-0.007323,0.022700,-0.020170,0.999539,0,-0.32932,-0.56541,-19.759,-1.131,-1,400.000,-1,375.000,-1,325.000,325.000,300.000,300.000,-1,950.000,975.000,-1,750.000,725.000,-1,-1,2,0,2,0,2,0,0,0,0,2,1,1,2,0,0,2,2
79,-5030.212,9112.899,-377.794,54.674,0.577711,-0.815718,-0.029224,0.815920,0.578118,-0.007352,0.022892,-0.019597,0.999546,0,-0.24932,-0.44541,-14.959,-0.891,-1,400.000,-1,375.000,-1,325.000,325.000,300.000,300.000,-1,950.000,950.000,-1,750.000,725.000,-1,-1,2,0,2,0,2,0,0,0,0,2,1,1,2,0,0,2,2
80,-5038.892,9101.034,-378.171,53.812,0.589919,-0.806942,-0.028990,0.807133,0.590324,-0.007384,0.023072,-0.019043,0.999552,0,-0.24501,-0.43076,-14.701,-0.862,-1,400.000,-1,375.000,-1,325.000,325.000,300.000,300.000,-1,925.000,925.000,-1,750.000,700.000,-1,-1,2,0,2,0,2,0,0,0,0,2,1,1,2,0,0,2,2
81,-5047.818,9089.207,-378.553,52.956,0.601927,-0.798033,-0.028763,0.798213,0.602330,-0.007419,0.023246,-0.018493,0.999559,0,-0.24696,-0.42839,-14.817,-0.857,-1,400.000,-1,375.000,-1,325.000,325.000,300.000,300.000,-1,925.000,900.000,-1,750.000,700.000,-1,-1,2,0,2,0,2,0,0,0,0,2,1,1,2,0,0,2,2
82,-5056.992,9077.422,-378.932,52.104,0.613735,-0.788997,-0.028536,0.789164,0.614136,-0.007492,0.023436,-0.017922,0.999565,0,-0.24891,-0.42599,-14.934,-0.852,-1,400.000,-1,375.000,-1,325.000,325.000,300.000,300.000,-1,925.000,875.000,-1,750.000,700.000,-1,-1,2,0,2,0,2,0,0,0,0,2,1,1,2,0,0,2,2
83,-5066.447,9065.711,-379.317,51.083,0.627695,-0.777944,-0.028319,0.778099,0.628096,-0.007559,0.023668,-0.017290,0.999570,0,-0.25087,-0.51018,-15.052,-1.020,-1,400.000,-1,375.000,-1,325.000,325.000,300.000,300.000,-1,925.000,875.000,-1,750.000,700.000,-1,-1,2,0,2,0,2,0,0,0,0,2,1,1,2,0,0,2,2
84,-5076.186,9054.080,-379.706,50.058,0.641522,-0.766589,-0.028111,0.766732,0.641922,-0.007630,0.023894,-0.016659,0.999576,0,-0.25283,-0.51261,-15.170,-1.025,-1,400.000,-1,375.000,-1,325.000,325.000,300.000,300.000,-1,925.000,850.000,-1,750.000,700.000,-1,-1,2,0,2,0,2,0,0,0,0,2,1,1,2,0,0,2,2
85,-5086.210,9042.537,-380.100,49.028,0.655208,-0.754932,-0.027915,0.755063,0.655607,-0.007702,0.024116,-0.016031,0.999581,0,-0.25480,-0.51506,-15.288,-1.030,-1,400.000,-1,375.000,-1,325.000,325.000,300.000,300.000,-1,925.000,850.000,-1,750.000,700.000,-1,-1,2,0,2,0,2,0,0,0,0,2,1,1,2,0,0,2,2
86,-5096.520,9031.090,-380.498,47.993,0.668746,-0.742974,-0.027730,0.743093,0.669143,-0.007776,0.024333,-0.015406,0.999585,0,-0.25676,-0.51753,-15.405,-1.035,-1,400.000,-1,375.000,-1,325.000,325.000,300.000,300.000,-1,925.000,850.000,-1,750.000,700.000,-1,-1,2,0,2,0,2,0,0,0,0,2,1,1,2,0,0,2,2
87,-5107.116,9019.746,-380.901,46.953,0.682129,-0.730713,-0.027558,0.730820,0.682525,-0.007851,0.024546,-0.014784,0.999589,0,-0.25871,-0.52001,-15.523,-1.040,-1,400.000,-1,375.000,-1,325.000,325.000,300.000,300.000,-1,925.000,825.000,-1,750.000,700.000,-1,-1,2,0,2,0,2,0,0,0,0,2,1,1,2,0,0,2,2
88,-5117.998,9008.513,-381.307,45.908,0.695349,-0.718150,-0.027398,0.718246,0.695744,-0.007926,0.024754,-0.014167,0.999593,0,-0.26066,-0.52250,-15.639,-1.045,-1,400.000,-1,375.000,-1,325.000,325.000,300.000,300.000,-1,925.000,825.000,-1,750.000,700.000,-1,-1,2,0,2,0,2,0,0,0,0,2,1,1,2,0,0,2,2
89,-5132.424,8994.035,-381.835,45.103,0.705378,-0.708310,-0.027207,0.708394,0.705771,-0.008042,0.024898,-0.013601,0.999597,0,-0.34066,-0.40250,-20.439,-0.805,-1,400.000,-1,375.000,-1,325.000,325.000,300.000,300.000,-1,925.000,825.000,-1,750.000,700.000,-1,-1,2,0,2,0,2,0,0,0,0,2,1,1,2,0,0,2,2
90,-5150.414,8976.332,-382.482,44.538,0.712335,-0.701320,-0.026993,0.701394,0.712726,-0.008194,0.024985,-0.013096,0.999602,0,-0.42066,-0.28250,-25.239,-0.565,-1,400.000,-1,375.000,-1,325.000,325.000,300.000,300.000,-1,900.000,800.000,-1,750.000,700.000,-1,-1,2,0,2,0,2,0,0,0,0,2,1,1,2,0,0,2,2
91,-5169.432,8957.830,-383.136,44.213,0.716312,-0.697270,-0.026679,0.697334,0.716697,-0.008370,0.024957,-0.012609,0.999609,0,-0.44222,-0.16250,-26.533,-0.325,-1,400.000,-1,375.000,-1,325.000,325.000,300.000,300.000,-1,900.000,775.000,-1,750.000,725.000,-1,-1,2,0,2,0,2,0,0,0,0,2,1,1,2,0,0,2,2
92,-5188.663,8939.260,-383.775,44.000,0.718914,-0.694601,-0.026315,0.694654,0.719293,-0.008553,0.024869,-0.012131,0.999617,0,-0.44555,-0.10666,-26.733,-0.213,-1,400.000,-1,375.000,-1,325.000,325.000,300.000,300.000,-1,875.000,750.000,-1,750.000,725.000,-1,-1,2,0,2,0,2,0,0,0,0,2,1,1,2,0,0,2,2
93,-5208.111,8920.624,-384.414,43.778,0.721608,-0.691814,-0.025978,0.691858,0.721981,-0.008729,0.024795,-0.011674,0.999624,0,-0.44892,-0.11093,-26.935,-0.222,-1,400.000,-1,375.000,-1,325.000,325.000,300.000,300.000,-1,850.000,725.000,-1,750.000,725.000,-1,-1,2,0,2,0,2,0,0,0,0,2,1,1,2,0,0,2,2
94,-5227.780,8901.928,-385.053,43.547,0.724394,-0.688908,-0.025669,0.688943,0.724761,-0.008900,0.024735,-0.011238,0.999631,0,-0.45230,-0.11522,-27.138,-0.230,-1,400.000,-1,375.000,-1,325.000,325.000,300.000,300.000,-1,825.000,725.000,-1,750.000,725.000,-1,-1,2,0,2,0,2,0,0,0,0,2,1,1,2,0,0,2,2
95,-5247.675,8883.174,-385.692,43.308,0.727270,-0.685881,-0.025389,0.685907,0.727633,-0.009063,0.024690,-0.010824,0.999637,0,-0.45568,-0.11954,-27.341,-0.239,-1,400.000,-1,375.000,-1,325.000,325.000,300.000,300.000,-1,800.000,700.000,-1,750.000,725.000,-1,-1,2,0,2,0,2,0,0,0,0,2,1,1,2,0,0,2,2
96,-5267.800,8864.368,-386.347,43.060,0.730235,-0.682731,-0.025218,0.682749,0.730595,-0.009206,0.024710,-0.010495,0.999640,0,-0.45907,-0.12389,-27.544,-0.248,-1,400.000,-1,375.000,-1,325.000,325.000,300.000,300.000,-1,775.000,675.000,-1,750.000,725.000,-1,-1,2,0,2,0,2,0,0,0,0,2,1,1,2,0,0,2,2
97,-5288.158,8845.513,-387.007,42.804,0.733288,-0.679455,-0.025106,0.679467,0.733646,-0.009337,0.024763,-0.010212,0.999641,0,-0.46246,-0.12826,-27.748,-0.257,-1,400.000,-1,375.000,-1,325.000,325.000,300.000,300.000,-1,750.000,650.000,-1,750.000,725.000,-1,-1,2,0,2,0,2,0,0,0,0,2,1,1,2,0,0,2,2
98,-5308.753,8826.616,-387.665,42.538,0.736429,-0.676052,-0.025019,0.676059,0.736787,-0.009459,0.024828,-0.009948,0.999642,0,-0.46586,-0.13266,-27.951,-0.265,-1,400.000,-1,375.000,-1,325.000,325.000,300.000,300.000,-1,725.000,625.000,-1,750.000,725.000,-1,-1,2,0,2,0,2,0,0,0,0,2,1,1,2,0,0,2,2
99,-5329.589,8807.680,-388.349,42.264,0.739662,-0.672521,-0.024831,0.672521,0.740016,-0.009591,0.024825,-0.009605,0.999646,0,-0.46925,-0.13709,-28.155,-0.274,-1,400.000,-1,400.000,-1,325.000,325.000,300.000,300.000,-1,725.000,600.000,-1,750.000,725.000,-1,-1,2,0,2,0,2,0,0,0,0,2,1,1,2,0,0,2,2
100,-5350.677,8788.707,-389.065,41.979,0.743007,-0.668835,-0.024512,0.668827,0.743355,-0.009741,0.024737,-0.009157,0.999652,0,-0.47278,-0.14247,-28.367,-0.285,-1,400.000,-1,400.000,-1,325.000,325.000,300.000,300.000,-1,700.000,575.000,-1,750.000,725.000,-1,-1,2,0,2,0,2,0,0,0,0,2,1,1,2,0,0,2,2
101,-5372.023,8769.700,-389.784,41.682,0.746475,-0.664974,-0.024198,0.664957,0.746816,-0.009887,0.024646,-0.008710,0.999658,0,-0.47637,-0.14857,-28.582,-0.297,-1,400.000,-1,400.000,-1,325.000,325.000,300.000,300.000,-1,675.000,550.000,-1,775.000,725.000,-1,-1,2,0,2,0,2,0,0,0,0,2,1,1,2,0,0,2,2
102,-5393.631,8750.668,-390.506,41.373,0.750061,-0.660937,-0.023886,0.660912,0.750396,-0.010030,0.024553,-0.008264,0.999664,0,-0.47990,-0.15457,-28.794,-0.309,-1,400.000,-1,400.000,-1,325.000,325.000,300.000,300.000,-1,650.000,525.000,-1,775.000,725.000,-1,-1,2,0,2,0,2,0,0,0,0,2,1,1,2,0,0,2,2
103,-5415.501,8731.621,-391.232,41.052,0.753761,-0.656726,-0.023578,0.656693,0.754089,-0.010168,0.024458,-0.007819,0.999670,0,-0.48336,-0.16047,-29.002,-0.321,-1,400.000,-1,400.000,-1,325.000,325.000,300.000,300.000,-1,625.000,500.000,-1,775.000,725.000,-1,-1,2,0,2,0,2,0,0,0,0,2,1,1,2,0,0,2,2
104,-5437.636,8712.569,-391.961,40.720,0.757569,-0.652340,-0.023274,0.652301,0.757890,-0.010303,0.024360,-0.007377,0.999676,0,-0.48675,-0.16626,-29.205,-0.333,-1,400.000,-1,375.000,-1,325.000,325.000,300.000,300.000,-1,600.000,475.000,-1,775.000,725.000,-1,-1,2,0,2,0,2,0,0,0,0,2,1,1,2,0,0,2,2
105,-5460.036,8693.522,-392.693,40.376,0.761479,-0.647782,-0.022974,0.647735,0.761794,-0.010433,0.024260,-0.006936,0.999682,0,-0.49006,-0.17193,-29.404,-0.344,-1,400.000,-1,375.000,-1,325.000,325.000,300.000,300.000,-1,575.000,450.000,-1,775.000,725.000,-1,-1,2,0,2,0,2,0,0,0,0,2,1,1,2,0,0,2,2
106,-5482.702,8674.488,-393.427,40.021,0.765487,-0.643052,-0.022678,0.642998,0.765795,-0.010560,0.024157,-0.006499,0.999687,0,-0.49329,-0.17748,-29.598,-0.355,-1,400.000,-1,375.000,-1,325.000,325.000,300.000,300.000,-1,550.000,425.000,-1,775.000,725.000,-1,-1,2,0,2,0,2,0,0,0,0,2,1,1,2,0,0,2,2
107,-5505.635,8655.479,-394.136,39.655,0.769586,-0.638151,-0.022389,0.638094,0.769887,-0.010546,0.023967,-0.006170,0.999694,0,-0.49645,-0.18290,-29.787,-0.366,-1,400.000,-1,375.000,-1,325.000,325.000,300.000,300.000,-1,525.000,400.000,-1,775.000,725.000,-1,-1,2,0,2,0,2,0,0,0,0,2,1,1,2,0,0,2,2
108,-5528.835,8636.505,-394.840,39.279,0.773770,-0.633081,-0.022103,0.633021,0.774063,-0.010496,0.023754,-0.005871,0.999701,0,-0.49952,-0.18818,-29.971,-0.376,-1,400.000,-1,375.000,-1,325.000,325.000,300.000,300.000,-1,500.000,375.000,-1,775.000,725.000,-1,-1,2,0,2,0,2,0,0,0,0,2,1,1,2,0,0,2,2
109,-5552.301,8617.576,-395.547,38.892,0.778033,-0.627845,-0.021819,0.627782,0.778319,-0.010443,0.023539,-0.005573,0.999707,0,-0.50249,-0.19332,-30.150,-0.387,-1,400.000,-1,375.000,-1,325.000,325.000,300.000,300.000,-1,500.000,350.000,-1,775.000,725.000,-1,-1,2,0,2,0,2,0,0,0,0,2,1,1,2,0,0,2,2
110,-5576.034,8598.701,-396.257,38.495,0.782369,-0.622443,-0.021538,0.622379,0.782647,-0.010387,0.023322,-0.005278,0.999714,0,-0.50538,-0.19829,-30.323,-0.397,-1,400.000,-1,375.000,-1,325.000,325.000,300.000,300.000,-1,475.000,325.000,925.000,775.000,725.000,-1,-1,2,0,2,0,2,0,0,0,0,2,1,1,1,0,0,2,2
111,-5600.031,8579.892,-396.799,38.089,0.786772,-0.616878,-0.021252,0.616829,0.787039,-0.009532,0.022606,-0.005610,0.999729,0,-0.50816,-0.20311,-30.490,-0.406,-1,400.000,-1,375.000,-1,325.000,325.000,300.000,300.000,-1,450.000,300.000,725.000,750.000,725.000,-1,-1,2,0,2,0,2,0,0,0,0,2,1,1,1,0,0,2,2
112,-5624.291,8561.160,-397.056,37.674,0.791239,-0.611148,-0.020936,0.611144,0.791485,-0.007320,0.021044,-0.007002,0.999754,0,-0.51084,-0.20776,-30.650,-0.416,-1,400.000,-1,375.000,-1,325.000,325.000,300.000,325.000,-1,425.000,275.000,650.000,750.000,725.000,-1,-1,2,0,2,0,2,0,0,0,0,2,1,1,1,0,0,2,2
113,-5648.811,8542.515,-397.138,37.249,0.795764,-0.605258,-0.020570,0.605311,0.795978,-0.004273,0.018959,-0.009051,0.999779,0,-0.51340,-0.21223,-30.804,-0.424,-1,375.000,-1,375.000,-1,325.000,325.000,300.000,325.000,-1,400.000,250.000,600.000,750.000,725.000,-1,-1,2,0,2,0,2,0,0,0,0,2,1,1,1,0,0,2,2
114,-5673.590,8523.968,-397.044,36.816,0.800340,-0.599208,-0.020135,0.599323,0.800507,-0.000386,0.016350,-0.011759,0.999797,0,-0.51585,-0.21652,-30.951,-0.433,-1,375.000,-1,375.000,-1,300.000,325.000,300.000,325.000,-1,400.000,250.000,550.000,725.000,725.000,-1,-1,2,0,2,0,2,0,0,0,0,2,1,1,1,0,0,2,2
115,-5698.622,8505.530,-396.732,36.375,0.804963,-0.593000,-0.019619,0.593174,0.805063,0.004128,0.013347,-0.014960,0.999799,0,-0.51816,-0.22062,-31.089,-0.441,-1,375.000,-1,375.000,-1,300.000,300.000,300.000,350.000,-1,375.000,225.000,525.000,700.000,725.000,-1,-1,2,0,2,0,2,0,0,0,0,2,1,1,1,0,0,2,2
116,-5719.844,8490.014,-396.335,36.174,0.807076,-0.590137,-0.019166,0.590356,0.807098,0.008563,0.010416,-0.018225,0.999780,0,-0.43816,-0.10062,-26.289,-0.201,-1,375.000,-1,375.000,-1,300.000,300.000,300.000,350.000,-1,350.000,225.000,500.000,700.000,725.000,-1,-1,2,0,2,0,2,0,0,0,0,2,1,1,1,0,0,2,2
117,-5737.214,8477.362,-395.921,36.071,0.808171,-0.588648,-0.018782,0.588897,0.808110,0.012609,0.007756,-0.021251,0.999744,0,-0.35816,-0.05156,-21.489,-0.103,-1,375.000,-1,375.000,-1,300.000,300.000,300.000,350.000,-1,350.000,200.000,475.000,675.000,725.000,-1,-1,2,0,2,0,2,0,0,0,0,2,1,1,1,0,0,2,2
118,-5750.723,8467.561,-395.541,35.962,0.809312,-0.587089,-0.018450,0.587353,0.809172,0.016023,0.005522,-0.023804,0.999701,0,-0.27816,-0.05405,-16.689,-0.108,-1,375.000,-1,375.000,-1,300.000,300.000,300.000,375.000,-1,350.000,200.000,450.000,675.000,725.000,-1,-1,2,0,2,0,2,0,0,0,0,2,1,1,1,0,0,2,2
119,-5760.360,8460.598,-395.239,35.851,0.810483,-0.585480,-0.018181,0.585750,0.810278,0.018604,0.003839,-0.025727,0.999662,0,-0.19816,-0.05592,-11.889,-0.112,-1,375.000,-1,375.000,-1,300.000,300.000,275.000,375.000,-1,325.000,200.000,450.000,650.000,700.000,-1,-1,2,0,2,0,2,0,0,0,0,2,1,1,1,0,0,2,2
120,-5766.115,8456.458,-395.045,35.736,0.811668,-0.583842,-0.017986,0.584113,0.811421,0.020210,0.002795,-0.026910,0.999634,0,-0.11816,-0.05723,-7.089,-0.114,-1,350.000,-1,375.000,-1,300.000,300.000,275.000,375.000,-1,325.000,200.000,450.000,650.000,700.000,-1,-1,2,0,2,0,2,0,0,0,0,2,1,1,1,0,0,2,2
121,-5767.977,8455.125,-394.976,35.620,0.812854,-0.582193,-0.017876,0.582462,0.812593,0.020756,0.002441,-0.027284,0.999625,0,-0.03816,-0.05799,-2.289,-0.116,-1,350.000,-1,375.000,-1,300.000,300.000,275.000,375.000,-1,325.000,200.000,425.000,650.000,700.000,-1,-1,2,0,2,0,2,0,0,0,0,2,1,1,1,0,0,2,2
122,-5765.933,8456.583,-395.038,35.504,0.814031,-0.580547,-0.017858,0.580815,0.813785,0.020215,0.002797,-0.026828,0.999636,0,0.04184,-0.05823,2.511,-0.116,-1,350.000,-1,375.000,-1,300.000,300.000,275.000,375.000,-1,350.000,200.000,425.000,650.000,700.000,-1,-1,2,0,2,0,2,0,0,0,0,2,1,1,1,0,0,2,2
123,-5759.972,8460.816,-395.226,35.388,0.815188,-0.578918,-0.017939,0.579183,0.814985,0.018615,0.003844,-0.025564,0.999666,0,0.12184,-0.05797,7.311,-0.116,-1,375.000,-1,375.000,-1,300.000,300.000,275.000,375.000,-1,350.000,200.000,450.000,650.000,700.000,-1,-1,2,0,2,0,2,0,0,0,0,2,1,1,1,0,0,2,2
124,-5750.085,8467.809,-395.521,35.273,0.816318,-0.577319,-0.018121,0.577576,0.816179,0.016042,0.005528,-0.023562,0.999707,0,0.20184,-0.05719,12.111,-0.114,-1,375.000,-1,375.000,-1,300.000,300.000,300.000,375.000,-1,350.000,200.000,450.000,675.000,725.000,-1,-1,2,0,2,0,2,0,0,0,0,2,1,1,1,0,0,2,2
125,-5736.259,8477.547,-395.893,35.162,0.817413,-0.575758,-0.018402,0.576000,0.817352,0.012640,0.007763,-0.020932,0.999751,0,0.28184,-0.05591,16.911,-0.112,-1,375.000,-1,375.000,-1,300.000,300.000,300.000,350.000,-1,375.000,225.000,450.000,675.000,725.000,-1,-1,2,0,2,0,2,0,0,0,0,2,1,1,1,0,0,2,2
126,-5718.486,8490.016,-396.300,35.053,0.818465,-0.574249,-0.018776,0.574461,0.818487,0.008607,0.010425,-0.017830,0.999787,0,0.36184,-0.05408,21.711,-0.108,-1,375.000,-1,375.000,-1,300.000,300.000,300.000,350.000,-1,375.000,225.000,475.000,700.000,725.000,-1,-1,2,0,2,0,2,0,0,0,0,2,1,1,1,0,0,2,2
127,-5696.756,8505.202,-396.687,34.950,0.819468,-0.572802,-0.019231,0.572969,0.819566,0.004197,0.013357,-0.014458,0.999806,0,0.44184,-0.05169,26.511,-0.103,-1,375.000,-1,375.000,-1,300.000,300.000,300.000,350.000,-1,400.000,250.000,500.000,700.000,725.000,-1,-1,2,0,2,0,2,0,0,0,0,2,1,1,1,0,0,2,2
128,-5671.062,8523.094,-396.958,34.853,0.820410,-0.571434,-0.019760,0.571538,0.820575,-0.000446,0.016469,-0.010928,0.999805,0,0.52184,-0.04869,31.311,-0.097,-1,375.000,-1,375.000,-1,300.000,325.000,300.000,325.000,-1,425.000,275.000,525.000,725.000,725.000,-1,-1,2,0,2,0,2,0,0,0,0,2,1,1,1,0,0,2,2
129,-5641.396,8543.684,-397.040,34.763,0.821281,-0.570161,-0.020340,0.570190,0.821498,-0.004928,0.019519,-0.007550,0.999781,0,0.60184,-0.04503,36.111,-0.090,-1,375.000,-1,375.000,-1,325.000,325.000,300.000,325.000,-1,450.000,300.000,550.000,750.000,725.000,-1,-1,2,0,2,0,2,0,0,0,0,2,1,1,1,0,0,2,2
130,-5608.596,8566.380,-396.868,34.681,0.822068,-0.569005,-0.020920,0.568959,0.822320,-0.008660,0.022131,-0.004783,0.999744,0,0.66478,-0.04065,39.887,-0.081,-1,400.000,-1,375.000,-1,325.000,325.000,300.000,325.000,-1,475.000,325.000,600.000,750.000,725.000,-1,-1,2,0,2,0,2,0,0,0,0,2,1,1,1,0,0,2,2
131,-5575.631,8589.151,-396.303,34.636,0.822507,-0.568352,-0.021393,0.568265,0.822778,-0.010574,0.023611,-0.003460,0.999715,0,0.66775,-0.02284,40.065,-0.046,-1,400.000,-1,375.000,-1,325.000,325.000,300.000,300.000,-1,525.000,350.000,650.000,750.000,725.000,-1,-1,2,0,2,0,2,0,0,0,0,2,1,1,1,0,0,2,2
132,-5542.467,8612.031,-395.343,34.602,0.822833,-0.567866,-0.021751,0.567777,0.823113,-0.010671,0.023963,-0.003570,0.999706,0,0.67152,-0.01691,40.291,-0.034,-1,400.000,-1,375.000,-1,325.000,325.000,300.000,300.000,-1,550.000,400.000,725.000,750.000,725.000,-1,-1,2,0,2,0,2,0,0,0,0,2,1,1,1,0,0,2,2
133,-5509.100,8635.032,-394.373,34.580,0.823040,-0.567553,-0.022119,0.567463,0.823329,-0.010762,0.024319,-0.003694,0.999697,0,0.67543,-0.01091,40.526,-0.022,-1,400.000,-1,375.000,-1,325.000,325.000,300.000,300.000,-1,600.000,425.000,800.000,750.000,725.000,-1,-1,2,0,2,0,2,0,0,0,0,2,1,1,1,0,0,2,2
