timestep,x_cm,y_cm,z_cm,yaw_deg,basis_xx,basis_xy,basis_xz,basis_yx,basis_yy,basis_yz,basis_zx,basis_zy,basis_zz,teleport_flag,throttle_cmd,steering_cmd,cmd_move_cm,cmd_turn_deg,lidar_cm_0,lidar_cm_1,lidar_cm_2,lidar_cm_3,lidar_cm_4,lidar_cm_5,lidar_cm_6,lidar_cm_7,lidar_cm_8,lidar_cm_9,lidar_cm_10,lidar_cm_11,lidar_cm_12,lidar_cm_13,lidar_cm_14,lidar_cm_15,lidar_cm_16,lidar_class_0,lidar_class_1,lidar_class_2,lidar_class_3,lidar_class_4,lidar_class_5,lidar_class_6,lidar_class_7,lidar_class_8,lidar_class_9,lidar_class_10,lidar_class_11,lidar_class_12,lidar_class_13,lidar_class_14,lidar_class_15,lidar_class_16
0,2299.736,1642.536,144.113,33.949,0.824176,-0.556695,-0.104044,0.561753,0.826914,0.025420,0.071885,-0.079398,0.994248,1,0.08000,-0.12000,4.800,-0.240,725.000,425.000,-1,400.000,500.000,350.000,325.000,275.000,275.000,-1,-1,-1,-1,675.000,625.000,750.000,625.000,1,0,2,1,1,0,0,0,0,2,2,2,2,1,1,1,1
1,2307.745,1647.829,144.841,33.469,0.828854,-0.549779,-0.103654,0.554793,0.831596,0.025545,0.072154,-0.078680,0.994285,0,0.16000,-0.24000,9.600,-0.480,700.000,425.000,-1,400.000,500.000,350.000,325.000,275.000,275.000,-1,-1,-1,-1,675.000,600.000,750.000,625.000,1,0,2,1,1,0,0,0,0,2,2,2,2,1,1,1,1
2,2319.856,1655.619,145.938,32.749,0.835759,-0.539330,-0.103098,0.544280,0.838508,0.025749,0.072561,-0.077634,0.994338,0,0.24000,-0.36000,14.400,-0.720,700.000,425.000,-1,400.000,475.000,350.000,325.000,275.000,275.000,-1,-1,-1,-1,675.000,600.000,725.000,600.000,1,0,2,1,1,0,0,0,0,2,2,2,2,1,1,1,1
3,2336.177,1665.732,147.406,31.789,0.844757,-0.525260,-0.102407,0.530133,0.847514,0.026052,0.073107,-0.076297,0.994401,0,0.32000,-0.48000,19.200,-0.960,675.000,425.000,-1,375.000,475.000,350.000,325.000,275.000,275.000,-1,-1,-1,-1,675.000,575.000,725.000,550.000,1,0,2,1,1,0,0,0,0,2,2,2,2,1,1,1,1
4,2356.839,1677.945,149.251,30.589,0.855664,-0.507457,-0.101622,0.512244,0.858432,0.026482,0.073797,-0.074715,0.994471,0,0.40000,-0.60000,24.000,-1.200,650.000,425.000,-1,375.000,450.000,350.000,325.000,275.000,275.000,-1,-1,-1,-1,675.000,575.000,700.000,525.000,1,0,2,1,1,0,0,0,0,2,2,2,2,1,1,1,1
5,2381.987,1691.982,151.474,29.174,0.868038,-0.486159,-0.100793,0.490860,0.870818,0.027070,0.074612,-0.072973,0.994539,0,0.48000,-0.70776,28.800,-1.416,625.000,425.000,-1,375.000,425.000,350.000,325.000,275.000,275.000,-1,-1,-1,-1,675.000,550.000,700.000,475.000,1,0,2,1,1,0,1,0,0,2,2,2,2,1,1,1,1
6,2411.722,1707.630,154.071,27.757,0.879889,-0.464534,-0.100016,0.469169,0.882669,0.027865,0.075337,-0.071443,0.994596,0,0.56000,-0.70831,33.600,-1.417,600.000,425.000,-1,350.000,375.000,350.000,325.000,275.000,275.000,-1,-1,-1,-1,675.000,525.000,700.000,450.000,1,0,2,1,1,0,1,0,0,2,2,2,2,1,1,1,1
7,2446.137,1724.665,157.046,26.337,0.891222,-0.442552,-0.099356,0.447151,0.893991,0.028925,0.076022,-0.070205,0.994632,0,0.64000,-0.71015,38.400,-1.420,575.000,425.000,-1,325.000,350.000,325.000,300.000,275.000,275.000,-1,-1,-1,-1,675.000,500.000,700.000,400.000,1,1,2,1,1,1,1,0,0,2,2,2,2,1,1,1,1
8,2485.319,1742.860,160.382,24.910,0.902050,-0.420184,-0.098746,0.424777,0.904791,0.030296,0.076615,-0.069273,0.994651,0,0.72000,-0.71334,43.200,-1.427,525.000,425.000,-1,325.000,325.000,325.000,300.000,275.000,275.000,-1,-1,-1,-1,675.000,475.000,700.000,350.000,1,1,2,1,1,1,1,0,0,2,2,2,2,1,1,1,1
9,2529.347,1761.980,164.172,23.474,0.912396,-0.397385,-0.098074,0.402031,0.915050,0.032471,0.076839,-0.069055,0.994649,0,0.80000,-0.71795,48.000,-1.436,500.000,425.000,-1,300.000,275.000,325.000,275.000,275.000,275.000,-1,-1,-1,-1,675.000,450.000,700.000,300.000,1,1,2,1,1,1,1,0,0,2,2,2,2,1,1,1,1
10,2578.293,1781.784,169.579,22.026,0.921735,-0.374000,-0.102613,0.379342,0.924476,0.037991,0.080655,-0.073943,0.993996,0,0.88000,-0.72413,52.800,-1.448,500.000,425.000,-1,300.000,250.000,325.000,275.000,275.000,275.000,-1,-1,-1,-1,700.000,425.000,700.000,275.000,1,1,2,1,1,1,1,0,0,2,2,2,2,1,1,1,1
11,2632.224,1802.022,177.264,20.562,0.929725,-0.349903,-0.114799,0.357092,0.932789,0.048886,0.089978,-0.086445,0.992185,0,0.96000,-0.73207,57.600,-1.464,500.000,450.000,-1,300.000,250.000,325.000,275.000,275.000,325.000,925.000,975.000,-1,-1,725.000,450.000,725.000,275.000,1,1,2,1,1,1,1,1,0,0,0,2,2,1,1,1,1
12,2688.928,1821.643,185.166,19.078,0.937100,-0.325228,-0.126771,0.334606,0.940389,0.060886,0.099412,-0.099474,0.990062,0,1.00000,-0.74209,60.000,-1.484,500.000,500.000,-1,300.000,250.000,325.000,275.000,275.000,350.000,775.000,850.000,-1,-1,750.000,450.000,775.000,275.000,1,1,2,1,1,1,1,1,0,0,0,2,2,1,1,1,1
13,2746.129,1839.766,193.323,17.570,0.943923,-0.300007,-0.137863,0.311670,0.947443,0.072198,0.108957,-0.111117,0.987816,0,1.00000,-0.75365,60.000,-1.507,500.000,525.000,-1,300.000,250.000,350.000,300.000,250.000,375.000,650.000,525.000,925.000,-1,775.000,475.000,825.000,275.000,1,1,2,1,1,1,1,1,1,0,0,0,2,1,1,1,1
14,2803.796,1856.352,201.733,16.038,0.950048,-0.274226,-0.149025,0.288333,0.953947,0.082759,0.119467,-0.121594,0.985364,0,1.00000,-0.76611,60.000,-1.532,525.000,550.000,-1,300.000,225.000,350.000,300.000,250.000,350.000,575.000,275.000,650.000,-1,900.000,475.000,-1,275.000,1,1,2,1,1,1,1,1,1,0,0,0,2,1,1,2,1
15,2861.892,1871.365,210.033,14.479,0.955575,-0.247811,-0.159581,0.264675,0.959687,0.094594,0.129707,-0.132629,0.982642,0,1.00000,-0.77970,60.000,-1.559,550.000,575.000,-1,300.000,225.000,375.000,300.000,225.000,350.000,500.000,175.000,525.000,-1,-1,525.000,-1,275.000,1,1,2,1,1,1,1,1,1,0,0,0,2,2,1,2,1
16,2920.383,1884.762,218.303,12.889,0.960470,-0.220738,-0.169624,0.240690,0.964623,0.107565,0.139880,-0.144139,0.979621,0,1.00000,-0.79470,60.000,-1.589,575.000,600.000,-1,300.000,225.000,375.000,300.000,225.000,350.000,425.000,125.000,425.000,-1,-1,675.000,-1,275.000,1,1,2,1,1,1,1,1,1,0,0,0,2,2,1,2,1
17,-4919.492,4919.492,-275.604,150.020,-0.866133,-0.499696,0.010889,0.499617,-0.866197,-0.009229,0.014044,-0.002553,0.999898,1,0.00000,0.00000,60.000,-1.623,-1,375.000,-1,375.000,-1,300.000,300.000,300.000,300.000,-1,475.000,500.000,-1,675.000,650.000,-1,-1,2,0,2,0,2,0,0,0,0,2,0,0,2,0,0,2,2
18,-4923.639,4921.908,-275.536,149.780,-0.864030,-0.503319,0.011010,0.503238,-0.864096,-0.009446,0.014268,-0.002621,0.999895,0,0.08000,-0.12000,4.800,-0.240,-1,375.000,-1,375.000,-1,300.000,300.000,300.000,300.000,-1,475.000,500.000,-1,675.000,650.000,-1,-1,2,0,2,0,2,0,0,0,0,2,0,0,2,0,0,2,2
19,-4931.907,4926.786,-275.391,149.456,-0.861171,-0.508192,0.011237,0.508103,-0.861239,-0.009893,0.014706,-0.002810,0.999888,0,0.16000,-0.16181,9.600,-0.324,-1,375.000,-1,375.000,-1,300.000,300.000,300.000,300.000,-1,450.000,500.000,-1,650.000,650.000,-1,-1,2,0,2,0,2,0,0,0,0,2,0,0,2,0,0,2,2
20,-4944.268,4934.174,-275.163,149.133,-0.858282,-0.513048,0.011564,0.512948,-0.858354,-0.010577,0.015353,-0.003146,0.999877,0,0.24000,-0.16181,14.400,-0.324,-1,375.000,-1,375.000,-1,300.000,300.000,300.000,300.000,-1,450.000,500.000,-1,650.000,650.000,-1,-1,2,0,2,0,2,0,0,0,0,2,0,0,2,0,0,2,2
21,-4960.692,4944.118,-274.846,148.809,-0.855365,-0.517887,0.011995,0.517772,-0.855441,-0.011498,0.016216,-0.003625,0.999862,0,0.32000,-0.16181,19.200,-0.324,-1,375.000,-1,375.000,-1,300.000,300.000,300.000,300.000,-1,450.000,500.000,-1,650.000,650.000,-1,-1,2,0,2,0,2,0,0,0,0,2,0,0,2,0,0,2,2
22,-4981.153,4956.663,-274.437,148.486,-0.852419,-0.522709,0.012535,0.522573,-0.852500,-0.012660,0.017303,-0.004241,0.999841,0,0.40000,-0.16181,24.000,-0.324,-1,375.000,-1,375.000,-1,300.000,300.000,300.000,300.000,-1,425.000,500.000,-1,650.000,650.000,-1,-1,2,0,2,0,2,0,0,0,0,2,0,0,2,0,0,2,2
23,-5005.619,4971.856,-273.930,148.162,-0.849444,-0.527514,0.013192,0.527351,-0.849531,-0.014062,0.018625,-0.004988,0.999814,0,0.48000,-0.16181,28.800,-0.324,-1,375.000,-1,375.000,-1,300.000,300.000,300.000,300.000,-1,425.000,475.000,-1,650.000,650.000,-1,-1,2,0,2,0,2,0,0,0,0,2,0,0,2,0,0,2,2
24,-5034.064,4989.741,-273.257,147.838,-0.846434,-0.532303,0.014273,0.532104,-0.846535,-0.015605,0.020389,-0.005614,0.999776,0,0.56000,-0.16181,33.600,-0.324,-1,375.000,-1,375.000,-1,300.000,300.000,300.000,300.000,-1,400.000,475.000,-1,650.000,650.000,-1,-1,2,0,2,0,2,0,0,0,0,2,0,0,2,0,0,2,2
25,-5066.455,5010.365,-272.362,147.515,-0.843390,-0.537075,0.015617,0.536840,-0.843514,-0.016955,0.022280,-0.005916,0.999734,0,0.64000,-0.16181,38.400,-0.324,-1,375.000,-1,375.000,-1,300.000,300.000,300.000,325.000,-1,400.000,450.000,-1,650.000,650.000,-1,-1,2,0,2,0,2,0,0,0,0,2,0,0,2,0,0,2,2
26,-5102.764,5033.773,-271.272,147.191,-0.840313,-0.541830,0.017143,0.541557,-0.840466,-0.018228,0.024285,-0.006034,0.999687,0,0.72000,-0.16181,43.200,-0.324,-1,375.000,-1,375.000,-1,300.000,300.000,300.000,325.000,-1,400.000,450.000,-1,650.000,650.000,-1,-1,2,0,2,0,2,0,0,0,0,2,0,0,2,0,0,2,2
27,-5142.960,5060.009,-270.017,146.867,-0.837201,-0.546569,0.018894,0.546250,-0.837392,-0.019633,0.026552,-0.006116,0.999629,0,0.80000,-0.16181,48.000,-0.324,-1,375.000,-1,375.000,-1,300.000,300.000,300.000,325.000,-1,400.000,450.000,-1,650.000,650.000,-1,-1,2,0,2,0,2,0,0,0,0,2,0,0,2,0,0,2,2
28,-5187.011,5089.118,-268.451,146.544,-0.834035,-0.551291,0.021545,0.550922,-0.834294,-0.020950,0.029524,-0.005603,0.999548,0,0.88000,-0.16181,52.800,-0.324,-1,375.000,-1,375.000,-1,300.000,300.000,300.000,325.000,-1,400.000,425.000,-1,650.000,650.000,-1,-1,2,0,2,0,2,0,0,0,0,2,0,0,2,0,0,2,2
29,-5233.746,5120.380,-266.662,146.220,-0.830815,-0.555998,0.024751,0.555573,-0.831171,-0.022243,0.032940,-0.004729,0.999446,0,0.93712,-0.16181,56.227,-0.324,-1,375.000,-1,375.000,-1,300.000,300.000,325.000,325.000,-1,400.000,425.000,-1,650.000,650.000,-1,-1,2,0,2,0,2,0,0,0,0,2,0,0,2,0,0,2,2
30,-5276.208,5149.393,-264.960,145.656,-0.825204,-0.564149,0.027806,0.563675,-0.825665,-0.023405,0.036163,-0.003641,0.999339,0,0.85712,-0.28181,51.427,-0.564,-1,375.000,-1,375.000,-1,300.000,300.000,325.000,325.000,-1,375.000,400.000,-1,650.000,650.000,-1,-1,2,0,2,0,2,0,0,0,0,2,0,0,2,0,0,2,2
31,-5314.334,5176.235,-263.357,144.853,-0.817102,-0.575676,0.030677,0.575161,-0.817674,-0.024475,0.039174,-0.002354,0.999230,0,0.77712,-0.40181,46.627,-0.804,-1,375.000,-1,375.000,-1,300.000,300.000,325.000,300.000,-1,375.000,400.000,-1,650.000,650.000,-1,-1,2,0,2,0,2,0,0,0,0,2,0,0,2,0,0,2,2
32,-5351.817,5203.660,-261.471,143.809,-0.806395,-0.590475,0.032669,0.589906,-0.807054,-0.025958,0.041694,-0.001661,0.999129,0,0.77407,-0.52181,46.444,-1.044,-1,375.000,-1,375.000,-1,300.000,300.000,325.000,300.000,-1,375.000,400.000,-1,650.000,650.000,-1,-1,2,0,2,0,2,0,0,0,0,2,0,0,2,0,0,2,2
33,-5388.677,5231.917,-259.451,142.526,-0.792878,-0.608406,0.034440,0.607780,-0.793625,-0.027613,0.044132,-0.000962,0.999025,0,0.77407,-0.64181,46.444,-1.284,-1,375.000,-1,375.000,-1,300.000,300.000,325.000,300.000,-1,400.000,400.000,-1,650.000,650.000,-1,-1,2,0,2,0,2,0,0,0,0,2,0,0,2,0,0,2,2
34,-5424.835,5261.065,-257.372,141.127,-0.777691,-0.627602,0.036216,0.626918,-0.778534,-0.029297,0.046582,-0.000079,0.998914,0,0.77407,-0.69953,46.444,-1.399,-1,375.000,-1,375.000,-1,300.000,300.000,325.000,300.000,-1,400.000,400.000,-1,650.000,650.000,-1,-1,2,0,2,0,2,0,0,0,0,2,0,0,2,0,0,2,2
35,-5460.271,5291.088,-255.237,139.727,-0.762033,-0.646424,0.037985,0.645680,-0.762978,-0.031000,0.049021,0.000903,0.998797,0,0.77407,-0.69953,46.444,-1.399,-1,375.000,-1,375.000,-1,300.000,300.000,325.000,300.000,-1,400.000,425.000,-1,650.000,675.000,-1,-1,2,0,2,0,2,0,0,0,0,2,0,0,2,0,0,2,2
36,-5494.964,5321.967,-253.045,138.328,-0.745911,-0.664859,0.039745,0.664056,-0.746967,-0.032722,0.051444,0.001986,0.998674,0,0.77407,-0.69953,46.444,-1.399,-1,375.000,-1,375.000,-1,300.000,300.000,325.000,300.000,-1,400.000,425.000,-1,650.000,675.000,-1,-1,2,0,2,0,2,0,0,0,0,2,0,0,2,0,0,2,2
37,-5528.892,5353.684,-250.589,136.929,-0.729337,-0.682897,0.041473,0.682021,-0.730509,-0.034704,0.053996,0.002975,0.998537,0,0.77407,-0.69953,46.444,-1.399,-1,375.000,-1,375.000,-1,300.000,300.000,325.000,300.000,-1,375.000,425.000,-1,650.000,675.000,-1,-1,2,0,2,0,2,0,0,0,0,2,0,0,2,0,0,2,2
38,-5562.036,5386.220,-248.027,135.530,-0.712318,-0.700526,0.043202,0.699590,-0.713614,-0.036440,0.056356,0.004267,0.998402,0,0.77407,-0.69953,46.444,-1.399,-1,375.000,-1,375.000,-1,300.000,300.000,325.000,300.000,-1,400.000,400.000,-1,650.000,700.000,-1,-1,2,0,2,0,2,0,0,0,0,2,0,0,2,0,0,2,2
39,-5594.376,5419.555,-245.411,134.131,-0.694866,-0.717735,0.044917,0.716742,-0.696293,-0.038166,0.058668,0.005674,0.998261,0,0.77407,-0.69953,46.444,-1.399,-1,375.000,-1,375.000,-1,300.000,300.000,325.000,300.000,-1,400.000,400.000,-1,650.000,700.000,-1,-1,2,0,2,0,2,0,0,0,0,2,0,0,2,0,0,2,2
40,-5625.892,5453.670,-242.612,132.732,-0.676986,-0.734512,0.046721,0.733506,-0.678552,-0.039201,0.060496,0.007732,0.998139,0,0.77407,-0.69953,46.444,-1.399,-1,375.000,-1,375.000,-1,300.000,300.000,325.000,300.000,-1,400.000,400.000,-1,650.000,725.000,-1,-1,2,0,2,0,2,0,0,0,0,2,0,0,2,0,0,2,2
41,-5656.566,5488.543,-239.720,131.333,-0.658690,-0.750845,0.048581,0.749845,-0.660402,-0.040012,0.062126,0.010072,0.998017,0,0.77407,-0.69953,46.444,-1.399,-1,375.000,-1,375.000,-1,300.000,300.000,325.000,300.000,-1,425.000,400.000,-1,650.000,725.000,-1,-1,2,0,2,0,2,0,0,0,0,2,0,0,2,0,0,2,2
42,-5686.379,5524.156,-236.793,129.934,-0.639995,-0.766724,0.050406,0.765739,-0.641855,-0.040817,0.063648,0.012475,0.997894,0,0.77407,-0.69953,46.444,-1.399,-1,375.000,-1,375.000,-1,300.000,300.000,325.000,300.000,-1,450.000,400.000,-1,650.000,725.000,-1,-1,2,0,2,0,2,0,0,0,0,2,0,0,2,0,0,2,2
43,-5715.314,5560.486,-233.836,128.535,-0.620913,-0.782141,0.052175,0.781176,-0.622923,-0.041610,0.065045,0.014922,0.997771,0,0.77407,-0.69953,46.444,-1.399,-1,375.000,-1,375.000,-1,300.000,300.000,325.000,300.000,-1,475.000,425.000,-1,675.000,750.000,-1,-1,2,0,2,0,2,0,0,0,0,2,0,0,2,0,0,2,2
44,-5743.354,5597.511,-230.843,127.136,-0.601454,-0.797084,0.053935,0.796148,-0.603616,-0.042387,0.066341,0.017446,0.997644,0,0.77407,-0.69953,46.444,-1.399,-1,375.000,-1,375.000,-1,300.000,300.000,325.000,300.000,-1,500.000,425.000,-1,675.000,750.000,-1,-1,2,0,2,0,2,0,0,0,0,2,0,0,2,0,0,2,2
45,-5770.481,5635.210,-227.818,125.737,-0.581630,-0.811545,0.055685,0.810645,-0.583946,-0.043145,0.067532,0.020046,0.997516,0,0.77407,-0.69953,46.444,-1.399,-1,375.000,-1,375.000,-1,300.000,300.000,325.000,300.000,-1,500.000,425.000,-1,675.000,775.000,-1,-1,2,0,2,0,2,0,0,0,0,2,0,0,2,0,0,2,2
46,-5796.680,5673.559,-224.762,124.338,-0.561453,-0.825514,0.057426,0.824659,-0.563925,-0.043885,0.068611,0.022718,0.997385,0,0.77407,-0.69953,46.444,-1.399,-1,375.000,-1,400.000,-1,300.000,300.000,300.000,300.000,-1,525.000,450.000,-1,675.000,775.000,-1,-1,2,0,2,0,2,0,0,0,0,2,0,0,2,0,0,2,2
47,-5821.935,5712.537,-221.676,122.939,-0.540937,-0.838981,0.059148,0.838181,-0.543565,-0.044601,0.069570,0.025451,0.997252,0,0.77407,-0.69953,46.444,-1.399,-1,375.000,-1,400.000,-1,300.000,325.000,300.000,300.000,-1,550.000,450.000,-1,700.000,800.000,-1,-1,2,0,2,0,2,0,0,0,0,2,0,0,2,0,0,2,2
48,-5846.231,5752.120,-218.486,121.540,-0.520087,-0.851937,0.060935,0.851202,-0.522879,-0.045303,0.070457,0.028306,0.997113,0,0.77407,-0.69953,46.444,-1.399,-1,375.000,-1,400.000,-1,300.000,325.000,300.000,300.000,-1,575.000,475.000,-1,700.000,800.000,-1,-1,2,0,2,0,2,0,0,0,0,2,0,0,2,0,0,2,2
49,-5869.553,5792.285,-215.270,120.141,-0.498917,-0.864373,0.062782,0.863715,-0.501878,-0.045994,0.071265,0.031279,0.996967,0,0.77407,-0.69953,46.444,-1.399,-1,375.000,-1,400.000,-1,325.000,325.000,300.000,300.000,-1,600.000,475.000,-1,725.000,825.000,-1,-1,2,0,2,0,2,0,0,0,0,2,0,0,2,0,0,2,2
50,-5891.888,5833.006,-212.067,118.742,-0.477448,-0.876281,0.064624,0.875715,-0.480575,-0.046583,0.071877,0.034351,0.996822,0,0.77407,-0.69953,46.444,-1.399,-1,375.000,-1,400.000,-1,325.000,325.000,300.000,300.000,-1,625.000,500.000,-1,750.000,850.000,-1,-1,2,0,2,0,2,0,0,0,0,2,0,0,2,0,0,2,2
51,-5913.222,5874.261,-209.009,117.342,-0.455688,-0.887636,0.066716,0.887230,-0.458976,-0.046520,0.071914,0.037994,0.996687,0,0.77407,-0.69953,46.444,-1.399,-1,375.000,-1,400.000,-1,325.000,325.000,300.000,300.000,-1,675.000,525.000,-1,750.000,850.000,-1,-1,2,0,2,0,2,0,0,0,0,2,0,0,2,0,0,2,2
52,-5933.543,5916.024,-205.962,115.943,-0.433659,-0.898445,0.068825,0.898214,-0.437102,-0.046411,0.071781,0.041693,0.996549,0,0.77407,-0.69953,46.444,-1.399,-1,400.000,-1,400.000,-1,325.000,325.000,300.000,300.000,-1,700.000,550.000,-1,775.000,875.000,-1,-1,2,0,2,0,2,0,0,0,0,2,0,0,2,0,0,2,2
53,-5952.837,5958.271,-202.805,114.544,-0.411429,-0.908719,0.070395,0.908662,-0.414976,-0.046121,0.071123,0.044989,0.996452,0,0.77407,-0.69953,46.444,-1.399,-1,400.000,-1,425.000,-1,325.000,325.000,300.000,300.000,-1,775.000,600.000,-1,775.000,875.000,-1,-1,2,0,2,0,2,0,0,0,0,2,0,0,2,0,0,2,2
54,-5971.095,6000.976,-199.667,113.145,-0.388966,-0.918441,0.071919,0.918565,-0.392606,-0.045810,0.070309,0.048244,0.996358,0,0.77407,-0.69953,46.444,-1.399,-1,400.000,-1,425.000,-1,325.000,325.000,300.000,300.000,-1,825.000,675.000,-1,800.000,875.000,-1,-1,2,0,2,0,2,0,0,0,0,2,0,0,2,0,0,2,2
55,-5988.304,6044.115,-196.668,111.746,-0.366329,-0.927622,0.072937,0.927919,-0.370012,-0.045353,0.069058,0.051066,0.996305,0,0.77407,-0.69953,46.444,-1.399,-1,400.000,-1,425.000,-1,325.000,325.000,300.000,300.000,-1,900.000,725.000,-1,800.000,900.000,-1,-1,2,0,2,0,2,0,0,0,0,2,0,0,2,0,0,2,2
56,-6004.972,6088.487,-193.892,110.587,-0.347534,-0.934843,0.072717,0.935268,-0.351145,-0.044387,0.067029,0.052583,0.996364,0,0.78999,-0.57953,47.400,-1.159,-1,400.000,-1,425.000,-1,325.000,325.000,300.000,300.000,-1,1000.000,850.000,-1,825.000,900.000,-1,-1,2,0,2,0,2,0,0,0,0,2,0,0,2,0,0,2,2
57,-6020.926,6133.121,-191.127,109.668,-0.332546,-0.940291,0.072566,0.940837,-0.336082,-0.043311,0.065113,0.053870,0.996423,0,0.78999,-0.45953,47.400,-0.919,-1,400.000,-1,425.000,-1,325.000,325.000,300.000,300.000,-1,-1,950.000,-1,825.000,875.000,-1,-1,2,0,2,0,2,0,0,0,0,2,2,0,2,0,0,2,2
58,-6036.350,6177.941,-188.368,108.989,-0.321437,-0.944153,0.072477,0.944811,-0.324895,-0.042140,0.063335,0.054932,0.996479,0,0.78999,-0.33953,47.400,-0.679,-1,400.000,-1,400.000,-1,325.000,325.000,300.000,300.000,-1,-1,-1,-1,825.000,875.000,-1,-1,2,0,2,0,2,0,0,0,0,2,2,2,2,0,0,2,2
59,-6051.339,6222.908,-185.614,108.434,-0.312346,-0.947204,0.072419,0.947969,-0.315725,-0.040889,0.061594,0.055879,0.996536,0,0.78999,-0.27730,47.400,-0.555,-1,400.000,-1,425.000,-1,325.000,325.000,300.000,300.000,-1,-1,-1,-1,850.000,875.000,-1,-1,2,0,2,0,2,0,0,0,0,2,2,2,2,0,0,2,2
60,-6065.892,6268.018,-182.872,107.880,-0.303233,-0.950165,0.072367,0.951040,-0.306525,-0.039560,0.059771,0.056828,0.996593,0,0.78999,-0.27730,47.400,-0.555,-1,400.000,-1,425.000,-1,325.000,325.000,300.000,300.000,-1,-1,-1,-1,850.000,875.000,-1,-1,2,0,2,0,2,0,0,0,0,2,2,2,2,0,0,2,2
61,-6080.008,6313.267,-180.108,107.325,-0.294098,-0.953028,0.072419,0.954028,-0.297295,-0.038017,0.057761,0.057909,0.996649,0,0.78999,-0.27730,47.400,-0.555,-1,400.000,-1,425.000,-1,325.000,325.000,275.000,300.000,-1,-1,-1,-1,850.000,875.000,-1,-1,2,0,2,0,2,0,0,0,0,2,2,2,2,0,0,2,2
62,-6093.686,6358.651,-177.342,106.771,-0.284942,-0.955797,0.072530,0.956929,-0.288037,-0.036339,0.055624,0.059052,0.996704,0,0.78999,-0.27730,47.400,-0.555,-1,400.000,-1,425.000,-1,325.000,325.000,275.000,300.000,-1,-1,-1,-1,850.000,875.000,-1,-1,2,0,2,0,2,0,0,0,0,2,2,2,2,0,0,2,2
63,-6106.923,6404.164,-174.596,106.216,-0.275767,-0.958476,0.072642,0.959738,-0.278754,-0.034619,0.053430,0.060171,0.996757,0,0.78999,-0.27730,47.400,-0.555,-1,400.000,-1,425.000,-1,325.000,325.000,275.000,300.000,-1,-1,-1,-1,850.000,875.000,-1,-1,2,0,2,0,2,0,0,0,0,2,2,2,2,0,0,2,2
64,-6119.719,6449.804,-171.868,105.661,-0.266572,-0.961065,0.072757,0.962455,-0.269445,-0.032858,0.051182,0.061266,0.996808,0,0.78999,-0.27730,47.400,-0.555,-1,400.000,-1,425.000,-1,325.000,325.000,300.000,300.000,-1,-1,-1,-1,850.000,850.000,-1,-1,2,0,2,0,2,0,0,0,0,2,2,2,2,0,0,2,2
65,-6132.073,6495.565,-169.235,105.107,-0.257331,-0.963547,0.073193,0.965075,-0.260109,-0.031195,0.049096,0.062609,0.996830,0,0.78999,-0.27730,47.400,-0.555,-1,400.000,-1,425.000,-1,325.000,325.000,300.000,300.000,-1,-1,-1,-1,875.000,850.000,-1,-1,2,0,2,0,2,0,0,0,0,2,2,2,2,0,0,2,2
66,-6143.985,6541.444,-166.841,104.552,-0.248041,-0.965889,0.074396,0.967614,-0.250736,-0.029231,0.046887,0.064736,0.996800,0,0.78999,-0.27730,47.400,-0.555,-1,425.000,-1,425.000,-1,325.000,350.000,300.000,300.000,-1,-1,-1,-1,875.000,850.000,-1,-1,2,0,2,0,2,0,0,0,0,2,2,2,2,0,0,2,2
67,-6155.452,6587.435,-164.538,103.998,-0.238739,-0.968119,0.075823,0.970064,-0.241337,-0.027047,0.044483,0.067096,0.996754,0,0.78999,-0.27730,47.400,-0.555,-1,425.000,-1,425.000,-1,325.000,350.000,300.000,300.000,-1,-1,-1,-1,875.000,850.000,-1,-1,2,0,2,0,2,0,0,0,0,2,2,2,2,0,0,2,2
68,-6166.472,6633.536,-162.469,103.443,-0.229407,-0.970305,0.076685,0.972394,-0.231930,-0.025674,0.042697,0.068678,0.996725,0,0.78999,-0.27730,47.400,-0.555,-1,425.000,-1,425.000,-1,325.000,350.000,300.000,300.000,-1,-1,-1,-1,875.000,825.000,-1,-1,2,0,2,0,2,0,0,0,0,2,2,2,2,0,0,2,2
69,-6177.044,6679.742,-160.849,102.888,-0.220157,-0.972509,0.075871,0.974624,-0.222529,-0.024266,0.040482,0.068603,0.996822,0,0.78999,-0.27730,47.400,-0.555,-1,425.000,-1,400.000,-1,325.000,325.000,300.000,300.000,-1,-1,-1,-1,875.000,825.000,-1,-1,2,0,2,0,2,0,0,0,0,2,2,2,2,0,0,2,2
70,-6187.169,6726.047,-159.274,102.334,-0.210886,-0.974624,0.075065,0.976762,-0.213106,-0.022829,0.038247,0.068506,0.996917,0,0.78999,-0.27730,47.400,-0.555,-1,425.000,-1,400.000,-1,325.000,325.000,300.000,300.000,-1,-1,-1,-1,875.000,825.000,-1,-1,2,0,2,0,2,0,0,0,0,2,2,2,2,0,0,2,2
71,-6196.845,6772.449,-157.742,101.779,-0.201593,-0.976649,0.074279,0.978808,-0.203664,-0.021370,0.035999,0.068397,0.997008,0,0.78999,-0.27730,47.400,-0.555,-1,425.000,-1,400.000,-1,325.000,325.000,300.000,300.000,-1,-1,-1,-1,850.000,800.000,-1,-1,2,0,2,0,2,0,0,0,0,2,2,2,2,0,0,2,2
72,-6206.071,6818.942,-156.251,101.225,-0.192281,-0.978583,0.073513,0.980760,-0.194203,-0.019892,0.033742,0.068273,0.997096,0,0.78999,-0.27730,47.400,-0.555,-1,400.000,-1,400.000,-1,325.000,325.000,300.000,300.000,-1,-1,-1,-1,850.000,800.000,-1,-1,2,0,2,0,2,0,0,0,0,2,2,2,2,0,0,2,2
73,-6214.847,6865.522,-154.800,100.670,-0.182949,-0.980426,0.072766,0.982618,-0.184724,-0.018395,0.031477,0.068136,0.997179,0,0.78999,-0.27730,47.400,-0.555,-1,400.000,-1,400.000,-1,325.000,325.000,300.000,300.000,-1,-1,-1,-1,850.000,800.000,-1,-1,2,0,2,0,2,0,0,0,0,2,2,2,2,0,0,2,2
74,-6223.171,6912.185,-153.390,100.116,-0.173599,-0.982178,0.072040,0.984383,-0.175227,-0.016883,0.029205,0.067984,0.997259,0,0.78999,-0.27730,47.400,-0.555,-1,400.000,-1,400.000,-1,325.000,325.000,300.000,300.000,-1,-1,-1,-1,825.000,800.000,-1,-1,2,0,2,0,2,0,0,0,0,2,2,2,2,0,0,2,2
75,-6231.043,6958.927,-152.019,99.561,-0.164231,-0.983839,0.071334,0.986054,-0.165714,-0.015356,0.026929,0.067818,0.997334,0,0.78999,-0.27730,47.400,-0.555,-1,400.000,-1,400.000,-1,325.000,325.000,300.000,300.000,-1,-1,-1,-1,825.000,775.000,-1,-1,2,0,2,0,2,0,0,0,0,2,2,2,2,0,0,2,2
76,-6238.463,7005.742,-150.686,99.006,-0.154846,-0.985409,0.070649,0.987631,-0.156185,-0.013817,0.024650,0.067636,0.997406,0,0.78999,-0.27730,47.400,-0.555,-1,400.000,-1,400.000,-1,325.000,325.000,300.000,300.000,-1,-1,-1,-1,825.000,775.000,-1,-1,2,0,2,0,2,0,0,0,0,2,2,2,2,0,0,2,2
77,-6245.429,7052.627,-149.391,98.452,-0.145444,-0.986888,0.069984,0.989114,-0.146642,-0.012269,0.022370,0.067438,0.997473,0,0.78999,-0.27730,47.400,-0.555,-1,400.000,-1,400.000,-1,325.000,325.000,300.000,300.000,-1,-1,-1,-1,825.000,775.000,-1,-1,2,0,2,0,2,0,0,0,0,2,2,2,2,0,0,2,2
78,-6251.941,7099.578,-148.133,97.897,-0.136027,-0.988276,0.069339,0.990501,-0.137085,-0.010712,0.020091,0.067223,0.997536,0,0.78999,-0.27730,47.400,-0.555,-1,400.000,-1,400.000,-1,325.000,325.000,300.000,300.000,-1,-1,-1,-1,800.000,750.000,-1,-1,2,0,2,0,2,0,0,0,0,2,2,2,2,0,0,2,2
79,-6257.998,7146.589,-146.911,97.343,-0.126595,-0.989572,0.068714,0.991795,-0.127514,-0.009148,0.017815,0.066992,0.997594,0,0.78999,-0.27730,47.400,-0.555,-1,400.000,-1,400.000,-1,325.000,325.000,300.000,300.000,-1,-1,-1,-1,800.000,750.000,-1,-1,2,0,2,0,2,0,0,0,0,2,2,2,2,0,0,2,2
80,-6263.600,7193.656,-145.795,96.788,-0.117131,-0.990759,0.068389,0.992992,-0.117930,-0.007753,0.015746,0.067001,0.997629,0,0.78999,-0.27730,47.400,-0.555,-1,400.000,-1,400.000,-1,325.000,325.000,300.000,300.000,-1,-1,-1,-1,800.000,750.000,-1,-1,2,0,2,0,2,0,0,0,0,2,2,2,2,0,0,2,2
81,-6268.747,7240.776,-144.866,96.233,-0.107623,-0.991835,0.068420,0.994092,-0.108332,-0.006729,0.014086,0.067292,0.997634,0,0.78999,-0.27730,47.400,-0.555,-1,400.000,-1,400.000,-1,325.000,325.000,300.000,300.000,-1,-1,-1,-1,800.000,725.000,-1,-1,2,0,2,0,2,0,0,0,0,2,2,2,2,0,0,2,2
82,-6273.436,7287.943,-144.204,95.679,-0.098061,-0.992879,0.067638,0.995092,-0.098731,-0.006636,0.013267,0.066655,0.997688,0,0.78999,-0.27730,47.400,-0.555,-1,400.000,-1,400.000,-1,325.000,325.000,300.000,300.000,-1,-1,-1,-1,775.000,725.000,-1,-1,2,0,2,0,2,0,0,0,0,2,2,2,2,0,0,2,2
83,-6277.669,7335.154,-143.577,95.124,-0.088485,-0.993831,0.066862,0.995999,-0.089120,-0.006566,0.012485,0.066013,0.997741,0,0.78999,-0.27730,47.400,-0.555,-1,400.000,-1,400.000,-1,325.000,325.000,300.000,300.000,-1,-1,-1,-1,775.000,725.000,-1,-1,2,0,2,0,2,0,0,0,0,2,2,2,2,0,0,2,2
84,-6281.445,7382.403,-142.988,94.570,-0.078899,-0.994690,0.066078,0.996814,-0.079500,-0.006512,0.011731,0.065354,0.997793,0,0.78999,-0.27730,47.400,-0.555,-1,400.000,-1,400.000,-1,325.000,325.000,300.000,300.000,-1,-1,-1,-1,775.000,725.000,-1,-1,2,0,2,0,2,0,0,0,0,2,2,2,2,0,0,2,2
85,-6284.763,7429.686,-142.436,94.015,-0.069302,-0.995457,0.065287,0.997535,-0.069871,-0.006472,0.011004,0.064678,0.997846,0,0.78999,-0.27730,47.400,-0.555,-1,400.000,-1,400.000,-1,325.000,325.000,300.000,300.000,-1,-1,-1,-1,775.000,725.000,-1,-1,2,0,2,0,2,0,0,0,0,2,2,2,2,0,0,2,2
86,-6287.695,7481.804,-141.876,93.220,-0.055532,-0.996378,0.064394,0.998406,-0.056062,-0.006459,0.010045,0.063933,0.997904,0,0.86999,-0.39730,52.200,-0.795,-1,400.000,-1,400.000,-1,325.000,325.000,300.000,300.000,-1,-1,-1,-1,775.000,725.000,-1,-1,2,0,2,0,2,0,0,0,0,2,2,2,2,0,0,2,2
87,-6289.751,7535.685,-141.362,92.186,-0.037578,-0.997278,0.063440,0.999254,-0.038065,-0.006481,0.008878,0.063149,0.997965,0,0.89867,-0.51730,53.920,-1.035,-1,400.000,-1,400.000,-1,325.000,325.000,300.000,300.000,-1,-1,-1,-1,750.000,725.000,-1,-1,2,0,2,0,2,0,0,0,0,2,2,2,2,0,0,2,2
88,-6290.607,7589.599,-140.922,90.911,-0.015433,-0.997929,0.062444,0.999853,-0.015872,-0.006543,0.007521,0.062334,0.998027,0,0.89867,-0.63730,53.920,-1.275,-1,400.000,-1,375.000,-1,325.000,325.000,300.000,300.000,-1,-1,-1,-1,750.000,725.000,-1,-1,2,0,2,0,2,0,0,0,0,2,2,2,2,0,0,2,2
89,-6290.038,7643.517,-140.567,89.397,0.010899,-0.998054,0.061395,0.999923,0.010510,-0.006645,0.005987,0.061463,0.998091,0,0.89867,-0.75730,53.920,-1.515,-1,400.000,-1,375.000,-1,325.000,325.000,300.000,300.000,-1,-1,-1,-1,750.000,700.000,-1,-1,2,0,2,0,2,0,0,0,0,2,2,2,2,0,0,2,2
90,-6287.819,7697.392,-140.309,87.642,0.041402,-0.997322,0.060283,0.999133,0.041067,-0.006785,0.004291,0.060512,0.998158,0,0.89867,-0.87730,53.920,-1.755,-1,400.000,-1,375.000,-1,325.000,325.000,300.000,300.000,-1,-1,-1,-1,750.000,700.000,-1,-1,2,0,2,0,2,0,0,0,0,2,2,2,2,0,0,2,2
91,-6283.726,7751.157,-140.155,85.647,0.076038,-0.995352,0.059098,0.997102,0.075759,-0.006955,0.002445,0.059455,0.998228,0,0.89867,-0.99730,53.920,-1.995,-1,400.000,-1,375.000,-1,325.000,325.000,300.000,300.000,-1,-1,-1,-1,750.000,700.000,-1,-1,2,0,2,0,2,0,0,0,0,2,2,2,2,0,0,2,2
92,-6277.759,7804.747,-140.105,83.647,0.110686,-0.992171,0.057844,0.993855,0.110458,-0.007135,0.000690,0.058278,0.998300,0,0.89867,-1.00000,53.920,-2.000,-1,400.000,-1,375.000,-1,325.000,325.000,300.000,300.000,-1,-1,-1,-1,725.000,700.000,-1,-1,2,0,2,0,2,0,0,0,0,2,2,2,2,0,0,2,2
93,-6269.925,7858.096,-140.077,81.647,0.145218,-0.987768,0.056806,0.989399,0.145025,-0.007535,-0.000796,0.057298,0.998357,0,0.89867,-1.00000,53.920,-2.000,-1,400.000,-1,375.000,-1,325.000,325.000,300.000,300.000,-1,-1,-1,-1,725.000,700.000,-1,-1,2,0,2,0,2,0,0,0,0,2,2,2,2,0,0,2,2
94,-6260.235,7911.139,-140.003,79.647,0.179604,-0.982134,0.056178,0.983737,0.179414,-0.008448,-0.001782,0.056782,0.998385,0,0.89867,-1.00000,53.920,-2.000,-1,400.000,-1,375.000,-1,325.000,325.000,300.000,300.000,-1,-1,-1,-1,725.000,700.000,-1,-1,2,0,2,0,2,0,0,0,0,2,2,2,2,0,0,2,2
95,-6248.699,7963.811,-139.996,77.647,0.213784,-0.975316,0.055270,0.976878,0.213590,-0.009460,-0.002579,0.056015,0.998427,0,0.89867,-1.00000,53.920,-2.000,-1,400.000,-1,375.000,-1,325.000,325.000,300.000,300.000,-1,-1,-1,-1,725.000,700.000,-1,-1,2,0,2,0,2,0,0,0,0,2,2,2,2,0,0,2,2
96,-6236.721,8011.449,-140.057,75.887,0.243655,-0.968341,0.054301,0.969857,0.243456,-0.010362,-0.003186,0.055189,0.998471,0,0.81867,-0.88000,49.120,-1.760,-1,400.000,-1,375.000,-1,325.000,325.000,300.000,300.000,-1,-1,-1,-1,725.000,725.000,-1,-1,2,0,2,0,2,0,0,0,0,2,2,2,2,0,0,2,2
97,-6224.778,8054.130,-140.176,74.367,0.269273,-0.961584,0.053371,0.963057,0.269068,-0.011126,-0.003662,0.054395,0.998513,0,0.73867,-0.76000,44.320,-1.520,-1,400.000,-1,375.000,-1,325.000,325.000,300.000,300.000,-1,800.000,-1,-1,725.000,725.000,-1,-1,2,0,2,0,2,0,0,0,0,2,0,2,2,0,0,2,2
98,-6213.280,8091.941,-140.327,73.087,0.290703,-0.955372,0.052506,0.956805,0.290492,-0.011762,-0.004016,0.053658,0.998551,0,0.65867,-0.64000,39.520,-1.280,-1,400.000,-1,375.000,-1,325.000,325.000,300.000,300.000,-1,775.000,925.000,-1,725.000,725.000,-1,-1,2,0,2,0,2,0,0,0,0,2,0,0,2,0,0,2,2
99,-6202.578,8124.971,-140.491,72.047,0.308012,-0.949975,0.051728,0.951373,0.307796,-0.012285,-0.004251,0.052996,0.998586,0,0.57867,-0.52000,34.720,-1.040,-1,400.000,-1,375.000,-1,325.000,325.000,300.000,300.000,-1,725.000,875.000,-1,725.000,725.000,-1,-1,2,0,2,0,2,0,0,0,0,2,0,0,2,0,0,2,2
100,-6192.959,8153.303,-140.651,71.247,0.321261,-0.945614,0.051048,0.946981,0.321039,-0.012709,-0.004371,0.052424,0.998615,0,0.49867,-0.40000,29.920,-0.800,-1,400.000,-1,375.000,-1,325.000,325.000,300.000,300.000,-1,725.000,850.000,-1,725.000,725.000,-1,-1,2,0,2,0,2,0,0,0,0,2,0,0,2,0,0,2,2
101,-6184.651,8177.010,-140.794,70.687,0.330503,-0.942454,0.050477,0.943795,0.330274,-0.013046,-0.004376,0.051952,0.998640,0,0.41867,-0.28000,25.120,-0.560,-1,400.000,-1,375.000,-1,325.000,325.000,300.000,300.000,-1,700.000,825.000,-1,725.000,725.000,-1,-1,2,0,2,0,2,0,0,0,0,2,0,0,2,0,0,2,2
102,-6177.823,8196.148,-140.913,70.367,0.335776,-0.940613,0.050021,0.941932,0.335539,-0.013307,-0.004267,0.051585,0.998659,0,0.33867,-0.16000,20.320,-0.320,-1,400.000,-1,375.000,-1,325.000,325.000,300.000,300.000,-1,700.000,825.000,-1,725.000,725.000,-1,-1,2,0,2,0,2,0,0,0,0,2,0,0,2,0,0,2,2
103,-6172.588,8210.759,-141.002,70.287,0.337103,-0.940156,0.049683,0.941459,0.336857,-0.013501,-0.004043,0.051326,0.998674,0,0.25867,-0.04000,15.520,-0.080,-1,400.000,-1,375.000,-1,325.000,325.000,300.000,300.000,-1,700.000,825.000,-1,725.000,725.000,-1,-1,2,0,2,0,2,0,0,0,0,2,0,0,2,0,0,2,2
104,-6169.000,8220.861,-141.058,70.447,0.334490,-0.941100,0.049464,0.942392,0.334233,-0.013634,-0.003702,0.051174,0.998683,0,0.17867,0.08000,10.720,0.160,-1,400.000,-1,375.000,-1,325.000,325.000,300.000,300.000,-1,700.000,825.000,-1,725.000,725.000,-1,-1,2,0,2,0,2,0,0,0,0,2,0,0,2,0,0,2,2
105,-6167.058,8226.453,-141.082,70.847,0.327926,-0.943413,0.049361,0.944698,0.327655,-0.013707,-0.003242,0.051126,0.998687,0,0.09867,0.20000,5.920,0.400,-1,400.000,-1,375.000,-1,325.000,325.000,300.000,300.000,-1,700.000,825.000,-1,725.000,725.000,-1,-1,2,0,2,0,2,0,0,0,0,2,0,0,2,0,0,2,2
106,-6166.703,8227.515,-141.078,71.487,0.317382,-0.947012,0.049371,0.948294,0.317096,-0.013721,-0.002661,0.051173,0.998686,0,0.01867,0.32000,1.120,0.640,-1,400.000,-1,375.000,-1,325.000,325.000,300.000,300.000,-1,700.000,850.000,-1,725.000,725.000,-1,-1,2,0,2,0,2,0,0,0,0,2,0,0,2,0,0,2,2
107,-6167.818,8224.008,-141.054,72.367,0.302815,-0.951764,0.049488,0.953047,0.302512,-0.013674,-0.001957,0.051305,0.998681,0,-0.06133,0.44000,-3.680,0.880,-1,400.000,-1,375.000,-1,325.000,325.000,300.000,300.000,-1,725.000,875.000,-1,725.000,725.000,-1,-1,2,0,2,0,2,0,0,0,0,2,0,0,2,0,0,2,2
108,-6170.228,8215.878,-141.019,73.487,0.284169,-0.957485,0.049705,0.958773,0.283848,-0.013559,-0.001126,0.051509,0.998672,0,-0.14133,0.56000,-8.480,1.120,-1,400.000,-1,375.000,-1,325.000,325.000,300.000,300.000,-1,750.000,900.000,-1,725.000,725.000,-1,-1,2,0,2,0,2,0,0,0,0,2,0,0,2,0,0,2,2
109,-6173.700,8203.059,-140.989,74.847,0.261381,-0.963939,0.050010,0.965236,0.261039,-0.013372,-0.000165,0.051766,0.998659,0,-0.22133,0.68000,-13.280,1.360,-1,400.000,-1,375.000,-1,325.000,325.000,300.000,300.000,-1,775.000,950.000,-1,725.000,725.000,-1,-1,2,0,2,0,2,0,0,0,0,2,0,0,2,0,0,2,2
110,-6177.937,8185.482,-140.980,76.447,0.234384,-0.970837,0.050387,0.972144,0.234019,-0.013104,0.000931,0.052055,0.998644,0,-0.30133,0.80000,-18.080,1.600,-1,400.000,-1,375.000,-1,325.000,325.000,300.000,300.000,-1,825.000,-1,-1,725.000,725.000,-1,-1,2,0,2,0,2,0,0,0,0,2,0,2,2,0,0,2,2
111,-6180.742,8172.502,-140.991,77.807,0.211295,-0.976109,0.050650,0.977421,0.210909,-0.012897,0.001906,0.052232,0.998633,0,-0.22133,0.68000,-13.280,1.360,-1,400.000,-1,375.000,-1,325.000,325.000,300.000,300.000,-1,875.000,-1,-1,725.000,725.000,-1,-1,2,0,2,0,2,0,0,0,0,2,0,2,2,0,0,2,2
112,-6182.371,8164.179,-141.007,78.927,0.192193,-0.980041,0.050813,0.981353,0.191789,-0.012756,0.002756,0.052317,0.998627,0,-0.14133,0.56000,-8.480,1.120,-1,400.000,-1,375.000,-1,325.000,325.000,300.000,300.000,-1,900.000,-1,-1,725.000,725.000,-1,-1,2,0,2,0,2,0,0,0,0,2,0,2,2,0,0,2,2
113,-6183.022,8160.557,-141.017,79.807,0.177135,-0.982870,0.050886,0.984180,0.176714,-0.012687,0.003478,0.052328,0.998624,0,-0.06133,0.44000,-3.680,0.880,-1,400.000,-1,375.000,-1,325.000,325.000,300.000,300.000,-1,950.000,-1,-1,725.000,725.000,-1,-1,2,0,2,0,2,0,0,0,0,2,0,2,2,0,0,2,2
114,-6182.836,8161.662,-141.011,80.447,0.166161,-0.984785,0.050878,0.986090,0.165725,-0.012693,0.004068,0.052279,0.998624,0,0.01867,0.32000,1.120,0.640,-1,400.000,-1,375.000,-1,325.000,325.000,300.000,300.000,-1,975.000,-1,-1,725.000,725.000,-1,-1,2,0,2,0,2,0,0,0,0,2,0,2,2,0,0,2,2
115,-6181.895,8167.506,-140.985,80.847,0.159295,-0.985923,0.050795,0.987221,0.158847,-0.012772,0.004524,0.052180,0.998627,0,0.09867,0.20000,5.920,0.400,-1,400.000,-1,375.000,-1,325.000,325.000,300.000,300.000,-1,975.000,-1,-1,725.000,725.000,-1,-1,2,0,2,0,2,0,0,0,0,2,0,2,2,0,0,2,2
116,-6180.219,8178.094,-140.936,81.007,0.156553,-0.986370,0.050639,0.987658,0.156094,-0.012927,0.004846,0.052037,0.998633,0,0.17867,0.08000,10.720,0.160,-1,400.000,-1,375.000,-1,325.000,325.000,300.000,300.000,-1,975.000,-1,-1,725.000,725.000,-1,-1,2,0,2,0,2,0,0,0,0,2,0,2,2,0,0,2,2
117,-6177.772,8193.420,-140.867,80.927,0.157941,-0.986161,0.050409,0.987436,0.157473,-0.013153,0.005033,0.051853,0.998642,0,0.25867,-0.04000,15.520,-0.080,-1,400.000,-1,375.000,-1,325.000,325.000,300.000,300.000,-1,975.000,-1,-1,725.000,725.000,-1,-1,2,0,2,0,2,0,0,0,0,2,0,2,2,0,0,2,2
118,-6174.455,8213.468,-140.783,80.607,0.163455,-0.985278,0.050100,0.986538,0.162980,-0.013451,0.005087,0.051624,0.998654,0,0.33867,-0.16000,20.320,-0.320,-1,400.000,-1,375.000,-1,325.000,325.000,300.000,300.000,-1,950.000,-1,-1,725.000,725.000,-1,-1,2,0,2,0,2,0,0,0,0,2,0,2,2,0,0,2,2
119,-6170.113,8238.210,-140.692,80.047,0.173084,-0.983652,0.049707,0.984894,0.172604,-0.013814,0.005008,0.051347,0.998668,0,0.41867,-0.28000,25.120,-0.560,-1,400.000,-1,375.000,-1,325.000,325.000,300.000,300.000,-1,925.000,-1,-1,725.000,725.000,-1,-1,2,0,2,0,2,0,0,0,0,2,0,2,2,0,0,2,2
120,-6164.531,8267.605,-140.605,79.247,0.186806,-0.981163,0.049220,0.982385,0.186325,-0.014237,0.004798,0.051012,0.998687,0,0.49867,-0.40000,29.920,-0.800,-1,400.000,-1,375.000,-1,325.000,325.000,300.000,300.000,-1,875.000,-1,-1,725.000,725.000,-1,-1,2,0,2,0,2,0,0,0,0,2,0,2,2,0,0,2,2
121,-6157.435,8301.593,-140.538,78.207,0.204588,-0.977640,0.048626,0.978838,0.204107,-0.014712,0.004458,0.050607,0.998709,0,0.57867,-0.52000,34.720,-1.040,-1,400.000,-1,375.000,-1,325.000,325.000,300.000,300.000,-1,825.000,-1,-1,725.000,725.000,-1,-1,2,0,2,0,2,0,0,0,0,2,0,2,2,0,0,2,2
122,-6148.819,8340.162,-140.485,77.407,0.218230,-0.974719,0.047947,0.975888,0.217742,-0.015228,0.004403,0.050114,0.998734,0,0.65867,-0.40000,39.520,-0.800,-1,375.000,-1,375.000,-1,325.000,325.000,300.000,300.000,-1,800.000,975.000,-1,725.000,725.000,-1,-1,2,0,2,0,2,0,0,0,0,2,0,0,2,0,0,2,2
123,-6138.896,8382.623,-140.441,76.847,0.227765,-0.972571,0.047205,0.973705,0.227265,-0.015771,0.004610,0.049556,0.998761,0,0.72674,-0.28000,43.605,-0.560,-1,375.000,-1,375.000,-1,325.000,325.000,300.000,300.000,-1,775.000,950.000,-1,725.000,725.000,-1,-1,2,0,2,0,2,0,0,0,0,2,0,0,2,0,0,2,2
124,-6128.737,8425.028,-140.401,76.527,0.233215,-0.971314,0.046477,0.972412,0.232699,-0.016291,0.005008,0.048994,0.998787,0,0.72674,-0.16000,43.605,-0.320,-1,375.000,-1,375.000,-1,325.000,325.000,300.000,300.000,-1,775.000,925.000,-1,725.000,725.000,-1,-1,2,0,2,0,2,0,0,0,0,2,0,0,2,0,0,2,2
125,-6118.519,8467.418,-140.286,76.447,0.234588,-0.971002,0.046088,0.972080,0.234059,-0.016644,0.005374,0.048706,0.998799,0,0.72674,-0.04000,43.605,-0.080,-1,375.000,-1,375.000,-1,325.000,325.000,300.000,300.000,-1,775.000,950.000,-1,725.000,750.000,-1,-1,2,0,2,0,2,0,0,0,0,2,0,0,2,0,0,2,2
126,-6108.331,8509.816,-139.998,76.489,0.233915,-0.971152,0.046343,0.972239,0.233356,-0.017204,0.005894,0.049081,0.998777,0,0.72674,0.02060,43.605,0.041,-1,375.000,-1,375.000,-1,325.000,325.000,300.000,300.000,-1,800.000,950.000,-1,725.000,750.000,-1,-1,2,0,2,0,2,0,0,0,0,2,0,0,2,0,0,2,2
127,-6098.174,8552.221,-139.681,76.530,0.233246,-0.971297,0.046676,0.972396,0.232653,-0.017839,0.006467,0.049549,0.998751,0,0.72674,0.02060,43.605,0.041,-1,375.000,-1,375.000,-1,325.000,325.000,300.000,300.000,-1,825.000,950.000,-1,725.000,750.000,-1,-1,2,0,2,0,2,0,0,0,0,2,0,0,2,0,0,2,2
128,-6088.048,8594.634,-139.327,76.571,0.232571,-0.971447,0.046926,0.972555,0.231950,-0.018339,0.006931,0.049903,0.998730,0,0.72674,0.02060,43.605,0.041,-1,375.000,-1,375.000,-1,325.000,325.000,300.000,300.000,-1,850.000,975.000,-1,700.000,750.000,-1,-1,2,0,2,0,2,0,0,0,0,2,0,0,2,0,0,2,2
129,-6077.952,8637.054,-138.861,76.612,0.231903,-0.971615,0.046739,0.972709,0.231252,-0.018965,0.007618,0.049861,0.998727,0,0.72674,0.02060,43.605,0.041,-1,375.000,-1,375.000,-1,325.000,325.000,300.000,300.000,-1,850.000,975.000,-1,700.000,750.000,-1,-1,2,0,2,0,2,0,0,0,0,2,0,0,2,0,0,2,2
130,-6067.886,8679.481,-138.392,76.653,0.231236,-0.971783,0.046566,0.972862,0.230553,-0.019596,0.008307,0.049833,0.998723,0,0.72674,0.02060,43.605,0.041,-1,375.000,-1,400.000,-1,325.000,325.000,300.000,300.000,-1,875.000,1000.000,-1,700.000,725.000,-1,-1,2,0,2,0,2,0,0,0,0,2,0,0,2,0,0,2,2
131,-6057.851,8721.915,-137.923,76.695,0.230568,-0.971948,0.046418,0.973015,0.229855,-0.020226,0.008989,0.049829,0.998717,0,0.72674,0.02060,43.605,0.041,-1,375.000,-1,400.000,-1,325.000,325.000,300.000,300.000,-1,875.000,1000.000,-1,700.000,725.000,-1,-1,2,0,2,0,2,0,0,0,0,2,0,0,2,0,0,2,2
132,-6047.847,8764.356,-137.456,76.736,0.229900,-0.972113,0.046296,0.973166,0.229156,-0.020856,0.009665,0.049849,0.998710,0,0.72674,0.02060,43.605,0.041,-1,375.000,-1,400.000,-1,325.000,325.000,300.000,300.000,-1,900.000,1000.000,-1,700.000,725.000,-1,-1,2,0,2,0,2,0,0,0,0,2,0,0,2,0,0,2,2
133,-6037.873,8806.805,-136.980,76.777,0.229233,-0.972273,0.046226,0.973316,0.228456,-0.021518,0.010360,0.049925,0.998699,0,0.72674,0.02060,43.605,0.041,-1,375.000,-1,400.000,-1,325.000,325.000,300.000,300.000,-1,900.000,1000.000,-1,700.000,725.000,-1,-1,2,0,2,0,2,0,0,0,0,2,0,0,2,0,0,2,2
134,-6027.929,8849.260,-136.500,76.818,0.228567,-0.972431,0.046199,0.973465,0.227755,-0.022201,0.011067,0.050048,0.998686,0,0.72674,0.02060,43.605,0.041,-1,375.000,-1,400.000,-1,325.000,325.000,300.000,300.000,-1,900.000,-1,-1,700.000,725.000,-1,-1,2,0,2,0,2,0,0,0,0,2,0,2,2,0,0,2,2
135,-6017.037,8896.423,-135.965,76.995,0.225603,-0.973124,0.046183,0.974146,0.224751,-0.022946,0.011949,0.050166,0.998669,0,0.80674,0.08842,48.405,0.177,-1,375.000,-1,400.000,-1,325.000,325.000,300.000,300.000,-1,925.000,-1,-1,700.000,725.000,-1,-1,2,0,2,0,2,0,0,0,0,2,0,2,2,0,0,2,2
