timestep,x_cm,y_cm,z_cm,yaw_deg,basis_xx,basis_xy,basis_xz,basis_yx,basis_yy,basis_yz,basis_zx,basis_zy,basis_zz,teleport_flag,throttle_cmd,steering_cmd,cmd_move_cm,cmd_turn_deg,lidar_cm_0,lidar_cm_1,lidar_cm_2,lidar_cm_3,lidar_cm_4,lidar_cm_5,lidar_cm_6,lidar_cm_7,lidar_cm_8,lidar_cm_9,lidar_cm_10,lidar_cm_11,lidar_cm_12,lidar_cm_13,lidar_cm_14,lidar_cm_15,lidar_cm_16,lidar_class_0,lidar_class_1,lidar_class_2,lidar_class_3,lidar_class_4,lidar_class_5,lidar_class_6,lidar_class_7,lidar_class_8,lidar_class_9,lidar_class_10,lidar_class_11,lidar_class_12,lidar_class_13,lidar_class_14,lidar_class_15,lidar_class_16
0,5714.694,-5920.221,567.541,-127.742,-0.611748,0.789667,-0.046796,-0.790311,-0.612666,-0.007076,-0.034259,0.032655,0.998879,0,0.37514,-0.61602,0.735,0.003,-1,775.880,-1,-1,-1,766.037,927.760,-1,862.284,-1,-1,-1,-1,-1,-1,-1,-1,2,0,2,2,2,0,0,2,0,2,2,2,2,2,2,2,2
1,5714.214,-5921.392,569.659,-127.742,-0.611864,0.789916,-0.040689,-0.790450,-0.612510,-0.004515,-0.028488,0.029400,0.999162,0,0.37508,-0.61602,1.265,-0.000,-1,806.039,-1,-1,-1,812.712,982.727,-1,884.093,-1,-1,-1,-1,-1,-1,-1,-1,2,0,2,2,2,0,0,2,0,2,2,2,2,2,2,2,2
2,5713.544,-5922.948,570.727,-127.740,-0.611923,0.790158,-0.034660,-0.790588,-0.612345,-0.002021,-0.022821,0.026165,0.999397,0,0.37499,-0.61602,1.694,0.002,-1,834.467,-1,-1,-1,857.739,-1,-1,902.271,-1,-1,-1,-1,-1,-1,-1,-1,2,0,2,2,2,0,2,2,0,2,2,2,2,2,2,2,2
3,5712.665,-5924.802,570.894,-127.731,-0.611849,0.790427,-0.029420,-0.790763,-0.612122,-0.000354,-0.018288,0.023048,0.999567,0,0.37486,-0.61602,2.052,0.009,-1,854.123,-1,-1,-1,891.816,-1,-1,916.205,-1,-1,-1,-1,-1,-1,-1,-1,2,0,2,2,2,0,2,2,0,2,2,2,2,2,2,2,2
4,5711.575,-5926.881,570.337,-127.717,-0.611688,0.790677,-0.025843,-0.790936,-0.611899,-0.000326,-0.016071,0.020241,0.999666,0,0.37468,-0.61602,2.347,0.013,-1,859.993,-1,-1,-1,906.453,-1,-1,926.270,-1,-1,-1,-1,-1,-1,-1,-1,2,0,2,2,2,0,2,2,0,2,2,2,2,2,2,2,2
5,5710.284,-5929.142,569.182,-127.704,-0.611495,0.790865,-0.024611,-0.791065,-0.611727,-0.002495,-0.017029,0.017943,0.999694,0,0.37447,-0.61602,2.604,0.013,-1,849.535,-1,-1,-1,896.408,-1,-1,931.774,-1,-1,-1,-1,-1,-1,-1,-1,2,0,2,2,2,0,2,2,0,2,2,2,2,2,2,2,2
6,5708.773,-5931.572,567.496,-127.690,-0.611252,0.791007,-0.026052,-0.791145,-0.611589,-0.007001,-0.021471,0.016331,0.999636,0,0.37424,-0.61602,2.861,0.014,-1,821.243,-1,-1,-1,860.612,-1,-1,932.054,-1,-1,-1,-1,-1,-1,-1,-1,2,0,2,2,2,0,2,2,0,2,2,2,2,2,2,2,2
7,5706.929,-5934.224,565.482,-127.675,-0.610939,0.791105,-0.030108,-0.791188,-0.611457,-0.011926,-0.027844,0.016535,0.999476,0,0.37399,-0.61602,3.230,0.016,-1,786.101,-1,-1,-1,811.230,993.694,-1,923.499,-1,-1,-1,-1,-1,-1,-1,-1,2,0,2,2,2,0,0,2,0,2,2,2,2,2,2,2,2
8,5704.618,-5937.138,563.376,-127.660,-0.610615,0.791096,-0.036292,-0.791181,-0.611388,-0.015406,-0.034376,0.019307,0.999222,0,0.37371,-0.61602,3.719,0.015,-1,755.564,-1,-1,-1,766.882,940.517,-1,904.516,-1,-1,-1,-1,-1,-1,-1,-1,2,0,2,2,2,0,0,2,0,2,2,2,2,2,2,2,2
9,5701.815,-5940.366,561.344,-127.650,-0.610342,0.790918,-0.043950,-0.791119,-0.611431,-0.016815,-0.040172,0.024507,0.998892,0,0.37340,-0.61602,4.275,0.010,-1,735.026,-1,-1,-1,731.743,895.636,-1,875.503,-1,-1,-1,-1,-1,-1,-1,-1,2,0,2,2,2,0,0,2,0,2,2,2,2,2,2,2,2
10,5698.486,-5944.038,559.720,-127.659,-0.610383,0.790503,-0.050370,-0.790905,-0.611725,-0.016183,-0.043605,0.029960,0.998600,0,0.37306,-0.61602,4.956,-0.009,-1,726.311,-1,-1,-1,714.667,870.971,-1,848.428,-1,-1,-1,-1,-1,-1,-1,-1,2,0,2,2,2,0,0,2,0,2,2,2,2,2,2,2,2
11,5694.721,-5948.198,558.710,-127.688,-0.610764,0.789957,-0.054177,-0.790567,-0.612211,-0.014217,-0.044398,0.034147,0.998430,0,0.37275,-0.61602,5.611,-0.029,-1,729.597,-1,-1,-1,715.967,868.115,-1,829.888,-1,-1,-1,-1,-1,-1,-1,-1,2,0,2,2,2,0,0,2,0,2,2,2,2,2,2,2,2
12,5690.619,-5952.787,558.373,-127.739,-0.611492,0.789311,-0.055370,-0.790070,-0.612904,-0.011750,-0.043211,0.036561,0.998397,0,0.37244,-0.61602,6.155,-0.050,-1,744.204,-1,-1,-1,731.896,882.918,-1,822.012,-1,-1,-1,-1,-1,-1,-1,-1,2,0,2,2,2,0,0,2,0,2,2,2,2,2,2,2,2
13,5686.257,-5957.783,558.604,-127.809,-0.612514,0.788576,-0.054549,-0.789395,-0.613812,-0.009565,-0.041025,0.037202,0.998465,0,0.37216,-0.61602,6.633,-0.070,-1,764.519,-1,-1,-1,757.135,909.147,-1,822.558,-1,-1,-1,-1,-1,-1,-1,-1,2,0,2,2,2,0,0,2,0,2,2,2,2,2,2,2,2
14,5681.678,-5963.133,559.145,-127.895,-0.613739,0.787739,-0.052832,-0.788538,-0.614928,-0.008440,-0.039136,0.036480,0.998568,0,0.37191,-0.61602,7.041,-0.086,-1,784.391,-1,-1,-1,784.178,937.504,-1,828.909,-1,-1,-1,-1,-1,-1,-1,-1,2,0,2,2,2,0,0,2,0,2,2,2,2,2,2,2,2
15,5676.905,-5968.742,559.688,-127.996,-0.615155,0.786738,-0.051262,-0.787465,-0.616297,-0.008804,-0.038519,0.034951,0.998646,0,0.37167,-0.61602,7.365,-0.102,-1,798.300,-1,-1,-1,805.639,958.900,-1,837.948,-1,-1,-1,-1,-1,-1,-1,-1,2,0,2,2,2,0,0,2,0,2,2,2,2,2,2,2,2
16,5671.950,-5974.629,560.064,-128.101,-0.616579,0.785700,-0.050061,-0.786336,-0.617718,-0.010034,-0.038808,0.033178,0.998696,0,0.37146,-0.61602,7.695,-0.104,-1,807.607,-1,-1,-1,820.909,969.102,-1,847.299,-1,-1,-1,-1,-1,-1,-1,-1,2,0,2,2,2,0,0,2,0,2,2,2,2,2,2,2,2
17,5666.768,-5980.793,560.201,-128.209,-0.618055,0.784609,-0.048962,-0.785152,-0.619197,-0.011446,-0.039298,0.031368,0.998735,0,0.37123,-0.61602,8.054,-0.108,-1,815.483,-1,-1,-1,833.686,976.931,-1,856.098,-1,-1,-1,-1,-1,-1,-1,-1,2,0,2,2,2,0,0,2,0,2,2,2,2,2,2,2,2
18,5661.330,-5987.231,560.073,-128.323,-0.619613,0.783446,-0.047874,-0.783911,-0.620747,-0.012536,-0.039539,0.029762,0.998775,0,0.37098,-0.61602,8.427,-0.114,-1,824.217,-1,-1,-1,847.377,985.319,-1,863.447,-1,-1,-1,-1,-1,-1,-1,-1,2,0,2,2,2,0,0,2,0,2,2,2,2,2,2,2,2
19,5655.614,-5993.920,559.702,-128.445,-0.621285,0.782185,-0.046806,-0.782594,-0.622394,-0.013107,-0.039384,0.028487,0.998818,0,0.37073,-0.61602,8.798,-0.122,-1,834.850,-1,-1,-1,863.128,995.118,-1,868.933,-1,-1,-1,-1,-1,-1,-1,-1,2,0,2,2,2,0,0,2,0,2,2,2,2,2,2,2,2
20,5649.622,-6000.836,559.149,-128.574,-0.623051,0.780832,-0.045916,-0.781211,-0.624128,-0.013184,-0.038952,0.027656,0.998858,0,0.37047,-0.61602,9.151,-0.129,-1,847.279,-1,-1,-1,880.620,1005.933,-1,872.288,-1,-1,-1,-1,-1,-1,-1,-1,2,0,2,2,2,0,0,2,0,2,2,2,2,2,2,2,2
21,5643.361,-6007.942,558.508,-128.704,-0.624826,0.779434,-0.045540,-0.779808,-0.625884,-0.012969,-0.038611,0.027410,0.998878,0,0.37021,-0.61602,9.471,-0.130,-1,860.250,-1,-1,-1,897.461,-1,-1,873.235,-1,-1,-1,-1,-1,-1,-1,-1,2,0,2,2,2,0,2,2,0,2,2,2,2,2,2,2,2
22,5636.843,-6015.239,557.831,-128.838,-0.626656,0.777957,-0.045656,-0.778348,-0.627708,-0.012559,-0.038429,0.027666,0.998878,0,0.36993,-0.61602,9.784,-0.134,-1,875.089,-1,-1,-1,913.502,-1,-1,872.227,-1,-1,-1,-1,-1,-1,-1,-1,2,0,2,2,2,0,2,2,0,2,2,2,2,2,2,2,2
23,5630.080,-6022.719,557.174,-128.976,-0.628534,0.776404,-0.046278,-0.776827,-0.629598,-0.012099,-0.038530,0.028345,0.998855,0,0.36964,-0.61602,10.084,-0.139,-1,891.157,-1,-1,-1,928.712,-1,-1,869.744,-1,-1,-1,-1,-1,-1,-1,-1,2,0,2,2,2,0,2,2,0,2,2,2,2,2,2,2,2
24,5623.078,-6030.378,556.577,-129.118,-0.630440,0.774793,-0.047330,-0.775260,-0.631534,-0.011690,-0.038948,0.029323,0.998811,0,0.36934,-0.61602,10.377,-0.141,-1,906.982,-1,-1,-1,943.012,-1,-1,866.407,-1,-1,-1,-1,-1,-1,-1,-1,2,0,2,2,2,0,2,2,0,2,2,2,2,2,2,2,2
25,5615.852,-6038.194,556.073,-129.264,-0.632399,0.773112,-0.048665,-0.773625,-0.633540,-0.011467,-0.039696,0.030397,0.998749,0,0.36903,-0.61602,10.645,-0.146,-1,922.347,-1,-1,-1,956.280,-1,-1,863.082,-1,-1,-1,-1,-1,-1,-1,-1,2,0,2,2,2,0,2,2,0,2,2,2,2,2,2,2,2
26,5608.436,-6046.084,555.758,-129.419,-0.634463,0.771330,-0.050066,-0.771892,-0.635654,-0.011228,-0.040485,0.031522,0.998683,0,0.36872,-0.61602,10.828,-0.155,-1,939.156,-1,-1,-1,970.793,-1,-1,860.278,-1,-1,-1,-1,-1,-1,-1,-1,2,0,2,2,2,0,2,2,0,2,2,2,2,2,2,2,2
27,5600.751,-6054.105,555.619,-129.593,-0.636805,0.769340,-0.050945,-0.769956,-0.638010,-0.010515,-0.040593,0.032530,0.998646,0,0.43196,-0.94380,11.108,-0.174,-1,961.878,-1,-1,-1,991.187,-1,-1,858.664,-1,-1,-1,-1,-1,-1,-1,-1,2,0,2,2,2,0,2,2,0,2,2,2,2,2,2,2,2
28,5592.731,-6062.216,555.608,-129.814,-0.639777,0.766883,-0.050749,-0.767510,-0.640959,-0.009948,-0.040157,0.032586,0.998662,0,0.43165,-0.94380,11.406,-0.221,-1,992.415,-1,-1,-1,-1,-1,-1,860.441,-1,-1,-1,-1,-1,-1,-1,-1,2,0,2,2,2,2,2,2,0,2,2,2,2,2,2,2,2
29,5584.437,-6070.417,555.739,-130.064,-0.643154,0.764114,-0.049832,-0.764745,-0.644271,-0.008983,-0.038969,0.032331,0.998717,0,0.43148,-0.94380,11.664,-0.250,-1,-1,-1,-1,-1,-1,-1,-1,863.269,-1,-1,-1,-1,-1,-1,-1,-1,2,2,2,2,2,2,2,2,0,2,2,2,2,2,2,2,2
30,5575.658,-6078.410,555.953,-130.440,-0.648185,0.760008,-0.047375,-0.760549,-0.649216,-0.009147,-0.037708,0.030102,0.998835,0,0.43140,-0.94380,11.873,-0.376,-1,-1,-1,-1,-1,-1,-1,-1,872.591,-1,-1,-1,-1,-1,-1,-1,-1,2,2,2,2,2,2,2,2,0,2,2,2,2,2,2,2,2
31,5566.581,-6086.579,556.054,-130.843,-0.653552,0.755560,-0.044708,-0.756003,-0.654499,-0.009516,-0.036451,0.027580,0.998955,0,0.43176,-0.94380,12.212,-0.403,-1,-1,-1,-1,-1,-1,-1,-1,882.628,-1,-1,-1,-1,-1,-1,-1,-1,2,2,2,2,2,2,2,2,0,2,2,2,2,2,2,2,2
32,5557.268,-6095.015,555.920,-131.222,-0.658577,0.751311,-0.042521,-0.751692,-0.659447,-0.009472,-0.035157,0.025724,0.999051,0,0.43219,-0.94380,12.566,-0.380,-1,-1,-1,-1,-1,-1,-1,-1,889.928,-1,-1,-1,-1,-1,-1,-1,-1,2,2,2,2,2,2,2,2,0,2,2,2,2,2,2,2,2
33,5547.788,-6103.708,555.560,-131.574,-0.663188,0.747301,-0.041517,-0.747658,-0.664020,-0.009275,-0.034499,0.024890,0.999095,0,0.43251,-0.94380,12.862,-0.351,-1,-1,-1,-1,-1,-1,-1,-1,893.112,-1,-1,-1,-1,-1,-1,-1,-1,2,2,2,2,2,2,2,2,0,2,2,2,2,2,2,2,2
34,5538.129,-6112.621,554.960,-131.900,-0.667434,0.743502,-0.041663,-0.743858,-0.668273,-0.009273,-0.034737,0.024803,0.999089,0,0.43269,-0.94380,13.143,-0.327,-1,-1,-1,-1,-1,-1,-1,-1,892.987,-1,-1,-1,-1,-1,-1,-1,-1,2,2,2,2,2,2,2,2,0,2,2,2,2,2,2,2,2
35,5528.296,-6121.704,554.173,-132.208,-0.671397,0.739854,-0.042920,-0.740237,-0.672282,-0.009260,-0.035705,0.025554,0.999036,0,0.43275,-0.94380,13.387,-0.308,-1,-1,-1,-1,-1,-1,-1,-1,889.418,-1,-1,-1,-1,-1,-1,-1,-1,2,2,2,2,2,2,2,2,0,2,2,2,2,2,2,2,2
36,5518.184,-6130.833,553.248,-132.530,-0.675500,0.735995,-0.044852,-0.736412,-0.676466,-0.009553,-0.037371,0.026576,0.998948,0,0.43272,-0.94380,13.623,-0.322,-1,-1,-1,-1,-1,-1,-1,-1,884.448,-1,-1,-1,-1,-1,-1,-1,-1,2,2,2,2,2,2,2,2,0,2,2,2,2,2,2,2,2
37,5507.854,-6140.139,552.159,-132.839,-0.679406,0.732207,-0.047756,-0.732682,-0.680498,-0.009995,-0.039816,0.028199,0.998809,0,0.43272,-0.94380,13.904,-0.310,-1,-1,-1,-1,-1,-1,-1,-1,876.990,-1,-1,-1,-1,-1,-1,-1,-1,2,2,2,2,2,2,2,2,0,2,2,2,2,2,2,2,2
38,5497.283,-6149.604,550.933,-133.132,-0.683057,0.728553,-0.051418,-0.729101,-0.684323,-0.010654,-0.042949,0.030212,0.998620,0,0.43265,-0.94380,14.189,-0.293,-1,-1,-1,-1,-1,-1,-1,-1,867.932,-1,-1,-1,-1,-1,-1,-1,-1,2,2,2,2,2,2,2,2,0,2,2,2,2,2,2,2,2
39,5486.508,-6159.136,549.702,-133.418,-0.686562,0.724941,-0.055611,-0.725553,-0.688061,-0.011990,-0.046956,0.032117,0.998381,0,0.43250,-0.94380,14.386,-0.286,-1,-1,-1,-1,-1,-1,-1,-1,859.285,-1,-1,-1,-1,-1,-1,-1,-1,2,2,2,2,2,2,2,2,0,2,2,2,2,2,2,2,2
40,5475.438,-6168.763,548.470,-133.714,-0.690153,0.721177,-0.059935,-0.721860,-0.691912,-0.013304,-0.051064,0.034083,0.998114,0,0.43230,-0.94380,14.670,-0.295,-1,-1,-1,-1,-1,-1,-1,-1,851.801,-1,-1,-1,-1,-1,-1,-1,-1,2,2,2,2,2,2,2,2,0,2,2,2,2,2,2,2,2
41,5463.979,-6178.396,547.069,-134.052,-0.694234,0.716887,-0.064122,-0.717591,-0.696294,-0.015410,-0.055695,0.035315,0.997823,0,0.43211,-0.94380,14.970,-0.339,-1,-1,-1,-1,-1,-1,-1,-1,846.222,-1,-1,-1,-1,-1,-1,-1,-1,2,2,2,2,2,2,2,2,0,2,2,2,2,2,2,2,2
42,5452.098,-6187.869,545.389,-134.482,-0.699355,0.711528,-0.068047,-0.712120,-0.701790,-0.019379,-0.061543,0.034905,0.997494,0,0.43205,-0.94380,15.195,-0.430,-1,-1,-1,-1,-1,-1,-1,-1,844.019,-1,-1,-1,-1,-1,-1,-1,-1,2,2,2,2,2,2,2,2,0,2,2,2,2,2,2,2,2
43,5439.941,-6197.298,543.421,-134.960,-0.704916,0.705552,-0.072729,-0.705910,-0.707858,-0.025075,-0.069174,0.033664,0.997036,0,0.43230,-0.94380,15.385,-0.478,-1,-1,-1,-1,-1,-1,984.027,-1,842.966,-1,-1,-1,-1,-1,-1,-1,-1,2,2,2,2,2,2,0,2,0,2,2,2,2,2,2,2,2
44,5427.453,-6206.685,541.145,-135.479,-0.710826,0.699027,-0.078023,-0.699032,-0.714382,-0.031806,-0.077972,0.031932,0.996444,0,0.43271,-0.94380,15.623,-0.520,-1,-1,-1,-1,-1,984.149,952.142,-1,842.200,-1,-1,-1,-1,-1,-1,-1,-1,2,2,2,2,2,0,0,2,0,2,2,2,2,2,2,2,2
45,5414.510,-6216.022,538.464,-136.038,-0.717088,0.691940,-0.083682,-0.691565,-0.721308,-0.038112,-0.086731,0.030542,0.995763,0,0.43325,-0.94380,15.959,-0.559,-1,-1,-1,-1,-1,951.708,921.729,-1,839.297,-1,-1,-1,-1,-1,-1,-1,-1,2,2,2,2,2,0,0,2,0,2,2,2,2,2,2,2,2
46,5401.066,-6225.355,535.331,-136.649,-0.723889,0.684020,-0.090010,-0.683375,-0.728820,-0.042652,-0.094776,0.030635,0.995027,0,0.57858,-0.44764,16.367,-0.611,-1,-1,-1,-1,-1,923.327,893.657,-1,830.963,-1,-1,-1,-1,-1,-1,-1,-1,2,2,2,2,2,0,0,2,0,2,2,2,2,2,2,2,2
47,5387.086,-6234.720,531.776,-137.296,-0.730996,0.675405,-0.097333,-0.674637,-0.736739,-0.045617,-0.102518,0.032319,0.994206,0,0.57966,-0.44764,16.826,-0.647,-1,-1,-1,-1,-1,896.297,866.184,-1,817.156,-1,-1,-1,-1,-1,-1,-1,-1,2,2,2,2,2,0,0,2,0,2,2,2,2,2,2,2,2
