timestep,x_cm,y_cm,z_cm,yaw_deg,basis_xx,basis_xy,basis_xz,basis_yx,basis_yy,basis_yz,basis_zx,basis_zy,basis_zz,teleport_flag,throttle_cmd,steering_cmd,cmd_move_cm,cmd_turn_deg,lidar_cm_0,lidar_cm_1,lidar_cm_2,lidar_cm_3,lidar_cm_4,lidar_cm_5,lidar_cm_6,lidar_cm_7,lidar_cm_8,lidar_cm_9,lidar_cm_10,lidar_cm_11,lidar_cm_12,lidar_cm_13,lidar_cm_14,lidar_cm_15,lidar_cm_16,lidar_class_0,lidar_class_1,lidar_class_2,lidar_class_3,lidar_class_4,lidar_class_5,lidar_class_6,lidar_class_7,lidar_class_8,lidar_class_9,lidar_class_10,lidar_class_11,lidar_class_12,lidar_class_13,lidar_class_14,lidar_class_15,lidar_class_16
0,323.370,8856.469,-119.907,163.075,-0.956741,-0.290796,-0.009155,0.290901,-0.955616,-0.046635,0.004812,-0.047281,0.998870,1,0.08000,-0.12000,4.800,-0.240,-1,375.000,-1,400.000,675.000,325.000,325.000,300.000,300.000,-1,425.000,400.000,-1,700.000,800.000,-1,-1,2,0,2,0,1,0,0,0,0,2,1,1,2,0,0,2,2
1,314.210,8859.341,-119.894,162.595,-0.954276,-0.298793,-0.008998,0.298880,-0.953150,-0.046652,0.005363,-0.047209,0.998871,0,0.16000,-0.24000,9.600,-0.480,-1,375.000,-1,400.000,675.000,325.000,325.000,300.000,300.000,-1,450.000,400.000,-1,700.000,800.000,-1,-1,2,0,2,0,1,0,0,0,0,2,1,1,2,0,0,2,2
2,300.506,8863.767,-119.867,162.102,-0.951674,-0.306986,-0.008772,0.307052,-0.950548,-0.046658,0.005985,-0.047097,0.998872,0,0.24000,-0.24652,14.400,-0.493,-1,375.000,-1,400.000,650.000,325.000,325.000,300.000,300.000,-1,450.000,425.000,-1,700.000,800.000,-1,-1,2,0,2,0,1,0,0,0,0,2,1,1,2,0,1,2,2
3,282.287,8869.824,-119.823,161.611,-0.949015,-0.315116,-0.008487,0.315160,-0.947891,-0.046652,0.006656,-0.046948,0.998875,0,0.32000,-0.24530,19.200,-0.491,-1,375.000,-1,400.000,625.000,325.000,325.000,300.000,300.000,-1,475.000,425.000,-1,700.000,800.000,-1,-1,2,0,2,0,1,0,0,0,0,2,1,1,2,0,1,2,2
4,259.577,8877.589,-119.761,161.124,-0.946306,-0.323170,-0.008156,0.323189,-0.945185,-0.046635,0.007363,-0.046767,0.998879,0,0.40000,-0.24368,24.000,-0.487,-1,375.000,-1,400.000,625.000,325.000,325.000,300.000,300.000,-1,500.000,450.000,-1,700.000,775.000,-1,-1,2,0,2,0,1,0,0,0,0,2,1,1,2,0,1,2,2
5,232.406,8887.136,-119.681,160.641,-0.943552,-0.331134,-0.007791,0.331127,-0.942434,-0.046609,0.008091,-0.046558,0.998883,0,0.48000,-0.24165,28.800,-0.483,-1,375.000,-1,400.000,600.000,325.000,325.000,300.000,300.000,-1,525.000,500.000,-1,700.000,775.000,-1,-1,2,0,2,0,1,0,0,0,0,2,1,1,2,0,1,2,2
6,200.791,8898.514,-119.583,160.207,-0.941024,-0.338257,-0.007408,0.338224,-0.939913,-0.046566,0.008788,-0.046325,0.998888,0,0.56000,-0.21671,33.600,-0.433,-1,375.000,-1,400.000,575.000,325.000,325.000,300.000,300.000,-1,575.000,525.000,-1,725.000,775.000,-1,-1,2,0,2,0,1,0,0,0,0,2,1,1,2,0,1,2,2
7,164.760,8911.792,-119.469,159.770,-0.938419,-0.345427,-0.007028,0.345368,-0.937314,-0.046512,0.009479,-0.046076,0.998893,0,0.64000,-0.21869,38.400,-0.437,-1,375.000,-1,400.000,550.000,325.000,325.000,300.000,300.000,-1,600.000,550.000,-1,725.000,750.000,-1,-1,2,0,2,0,1,0,0,0,0,2,1,1,2,0,1,2,2
8,124.341,8927.043,-119.342,159.328,-0.935730,-0.352654,-0.006673,0.352571,-0.934632,-0.046447,0.010143,-0.045815,0.998898,0,0.72000,-0.22107,43.200,-0.442,-1,375.000,-1,400.000,525.000,325.000,325.000,300.000,300.000,-1,650.000,600.000,-1,725.000,750.000,-1,-1,2,0,2,0,1,0,0,0,0,2,1,1,2,0,1,2,2
9,79.565,8944.340,-118.939,158.880,-0.932940,-0.359969,-0.006782,0.359897,-0.931903,-0.045061,0.009900,-0.044480,0.998961,0,0.80000,-0.22389,48.000,-0.448,-1,375.000,-1,400.000,500.000,325.000,325.000,300.000,300.000,-1,700.000,650.000,-1,725.000,750.000,-1,-1,2,0,2,0,1,0,0,0,0,2,1,1,2,0,1,2,2
10,33.292,8962.638,-118.377,158.425,-0.930051,-0.367379,-0.006230,0.367293,-0.929100,-0.043244,0.010099,-0.042507,0.999045,0,0.82934,-0.22717,49.760,-0.454,-1,375.000,-1,400.000,500.000,325.000,325.000,300.000,300.000,-1,775.000,700.000,-1,725.000,725.000,-1,-1,2,0,2,0,1,0,0,0,0,2,1,1,2,0,1,2,2
