timestep,x_cm,y_cm,z_cm,yaw_deg,basis_xx,basis_xy,basis_xz,basis_yx,basis_yy,basis_yz,basis_zx,basis_zy,basis_zz,teleport_flag,throttle_cmd,steering_cmd,cmd_move_cm,cmd_turn_deg,lidar_cm_0,lidar_cm_1,lidar_cm_2,lidar_cm_3,lidar_cm_4,lidar_cm_5,lidar_cm_6,lidar_cm_7,lidar_cm_8,lidar_cm_9,lidar_cm_10,lidar_cm_11,lidar_cm_12,lidar_cm_13,lidar_cm_14,lidar_cm_15,lidar_cm_16,lidar_class_0,lidar_class_1,lidar_class_2,lidar_class_3,lidar_class_4,lidar_class_5,lidar_class_6,lidar_class_7,lidar_class_8,lidar_class_9,lidar_class_10,lidar_class_11,lidar_class_12,lidar_class_13,lidar_class_14,lidar_class_15,lidar_class_16
0,-4265.018,-7547.793,-120.873,-107.709,-0.304303,0.952515,0.010667,-0.952524,-0.304152,-0.013741,-0.009844,-0.014342,0.999849,1,0.08000,0.12000,4.800,0.240,-1,375.000,-1,400.000,-1,325.000,325.000,300.000,300.000,-1,825.000,700.000,-1,700.000,725.000,-1,-1,2,0,2,0,2,0,0,0,0,2,0,0,2,0,0,2,2
1,-4267.861,-7556.963,-120.960,-107.229,-0.296310,0.955032,0.010713,-0.955042,-0.296162,-0.013497,-0.009718,-0.014230,0.999852,0,0.16000,0.24000,9.600,0.480,-1,375.000,-1,400.000,-1,325.000,325.000,300.000,300.000,-1,800.000,700.000,-1,700.000,725.000,-1,-1,2,0,2,0,2,0,0,0,0,2,0,0,2,0,0,2,2
2,-4271.953,-7570.769,-121.094,-106.509,-0.284282,0.958680,0.010772,-0.958693,-0.284139,-0.013126,-0.009523,-0.014058,0.999856,0,0.24000,0.36000,14.400,0.720,-1,375.000,-1,400.000,-1,325.000,325.000,300.000,300.000,-1,775.000,675.000,-1,700.000,725.000,-1,-1,2,0,2,0,2,0,0,0,0,2,0,0,2,0,0,2,2
3,-4277.100,-7589.266,-121.279,-105.549,-0.268175,0.963309,0.010834,-0.963326,-0.268038,-0.012621,-0.009254,-0.013821,0.999862,0,0.32000,0.48000,19.200,0.960,-1,375.000,-1,400.000,-1,325.000,325.000,300.000,300.000,-1,750.000,675.000,-1,700.000,725.000,-1,-1,2,0,2,0,2,0,0,0,0,2,0,0,2,0,0,2,2
4,-4283.048,-7612.518,-121.521,-104.349,-0.247935,0.968715,0.010885,-0.968736,-0.247806,-0.011973,-0.008901,-0.013514,0.999869,0,0.40000,0.60000,24.000,1.200,-1,375.000,-1,400.000,-1,325.000,325.000,300.000,300.000,-1,725.000,650.000,-1,700.000,725.000,-1,-1,2,0,2,0,2,0,0,0,0,2,0,0,2,0,0,2,2
5,-4289.482,-7640.590,-121.825,-102.909,-0.223504,0.974642,0.010906,-0.974666,-0.223385,-0.011175,-0.008456,-0.013128,0.999878,0,0.48000,0.72000,28.800,1.440,-1,375.000,-1,400.000,-1,325.000,325.000,300.000,300.000,-1,700.000,650.000,-1,725.000,725.000,-1,-1,2,0,2,0,2,0,0,0,0,2,0,0,2,0,0,2,2
6,-4296.025,-7673.546,-122.199,-101.229,-0.194824,0.980778,0.010874,-0.980806,-0.194716,-0.010219,-0.007905,-0.012657,0.999889,0,0.56000,0.84000,33.600,1.680,-1,375.000,-1,400.000,-1,325.000,325.000,300.000,300.000,-1,675.000,625.000,-1,725.000,725.000,-1,-1,2,0,2,0,2,0,0,0,0,2,0,0,2,0,0,2,2
7,-4302.237,-7711.440,-122.651,-99.309,-0.161842,0.986758,0.010762,-0.986790,-0.161748,-0.009098,-0.007237,-0.012092,0.999901,0,0.64000,0.96000,38.400,1.920,-1,375.000,-1,400.000,-1,325.000,325.000,300.000,300.000,-1,675.000,625.000,-1,725.000,750.000,-1,-1,2,0,2,0,2,0,0,0,0,2,0,0,2,0,0,2,2
8,-4307.733,-7754.289,-123.187,-97.309,-0.127291,0.991809,0.010553,-0.991845,-0.127213,-0.007812,-0.006405,-0.011462,0.999914,0,0.72000,1.00000,43.200,2.000,-1,375.000,-1,400.000,-1,325.000,325.000,300.000,300.000,-1,650.000,600.000,-1,725.000,750.000,-1,-1,2,0,2,0,2,0,0,0,0,2,0,0,2,0,0,2,2
9,-4312.175,-7802.083,-123.813,-95.309,-0.092584,0.995652,0.010236,-0.995690,-0.092522,-0.006362,-0.005388,-0.010781,0.999927,0,0.80000,1.00000,48.000,2.000,-1,375.000,-1,400.000,-1,325.000,325.000,300.000,300.000,-1,625.000,600.000,-1,725.000,750.000,-1,-1,2,0,2,0,2,0,0,0,0,2,0,0,2,0,0,2,2
10,-4315.222,-7854.795,-124.497,-93.309,-0.057764,0.998284,0.009649,-0.998321,-0.057719,-0.004855,-0.004290,-0.009913,0.999942,0,0.88000,1.00000,52.800,2.000,-1,375.000,-1,400.000,-1,325.000,325.000,300.000,300.000,-1,600.000,550.000,-1,725.000,750.000,-1,-1,2,0,2,0,2,0,0,0,0,2,0,0,2,0,0,2,2
11,-4316.520,-7911.579,-124.728,-91.309,-0.022880,0.999698,0.009004,-0.999731,-0.022844,-0.004074,-0.003867,-0.009094,0.999951,0,0.94665,1.00000,56.799,2.000,-1,375.000,-1,400.000,-1,325.000,325.000,300.000,300.000,-1,600.000,550.000,-1,725.000,750.000,-1,-1,2,0,2,0,2,0,0,0,0,2,0,0,2,0,0,2,2
12,-4315.835,-7968.374,-124.789,-89.309,0.012027,0.999888,0.008948,-0.999921,0.012059,-0.003453,-0.003560,-0.008906,0.999954,0,0.94665,1.00000,56.799,2.000,-1,375.000,-1,400.000,-1,325.000,325.000,300.000,300.000,-1,625.000,600.000,-1,725.000,750.000,-1,-1,2,0,2,0,2,0,0,0,0,2,0,0,2,0,0,2,2
13,-4313.169,-8025.110,-124.870,-87.309,0.046920,0.998859,0.008842,-0.998893,0.046947,-0.002821,-0.003233,-0.008700,0.999957,0,0.94665,1.00000,56.799,2.000,-1,375.000,-1,400.000,-1,325.000,325.000,300.000,300.000,-1,650.000,625.000,-1,725.000,750.000,-1,-1,2,0,2,0,2,0,0,0,0,2,0,0,2,0,0,2,2
14,-4308.524,-8081.719,-124.968,-85.309,0.081756,0.996614,0.008691,-0.996648,0.081778,-0.002183,-0.002887,-0.008483,0.999960,0,0.94665,1.00000,56.799,2.000,-1,375.000,-1,400.000,-1,325.000,325.000,300.000,300.000,-1,675.000,650.000,-1,725.000,750.000,-1,-1,2,0,2,0,2,0,0,0,0,2,0,0,2,0,0,2,2
15,-4301.906,-8138.130,-125.083,-83.309,0.116493,0.993155,0.008497,-0.993188,0.116510,-0.001542,-0.002522,-0.008260,0.999963,0,0.94665,1.00000,56.799,2.000,-1,400.000,-1,400.000,-1,325.000,325.000,300.000,300.000,-1,700.000,675.000,-1,750.000,750.000,-1,-1,2,0,2,0,2,0,0,0,0,2,0,0,2,0,0,2,2
16,-4293.323,-8194.277,-125.212,-81.309,0.151087,0.988486,0.008266,-0.988518,0.151100,-0.000901,-0.002140,-0.008035,0.999965,0,0.94665,1.00000,56.799,2.000,-1,400.000,-1,400.000,-1,325.000,325.000,300.000,300.000,-1,725.000,700.000,-1,750.000,750.000,-1,-1,2,0,2,0,2,0,0,0,0,2,0,0,2,0,0,2,2
17,-4282.786,-8250.090,-125.355,-79.309,0.185498,0.982612,0.008000,-0.982643,0.185506,-0.000263,-0.001742,-0.007813,0.999968,0,0.94665,1.00000,56.799,2.000,-1,400.000,-1,400.000,-1,325.000,325.000,300.000,300.000,-1,750.000,725.000,-1,750.000,750.000,-1,-1,2,0,2,0,2,0,0,0,0,2,0,0,2,0,0,2,2
18,-4271.262,-8301.266,-125.499,-77.309,0.219682,0.975541,0.007728,-0.975571,0.219686,0.000326,-0.001380,-0.007611,0.999970,0,0.87429,1.00000,52.457,2.000,-1,400.000,-1,400.000,-1,325.000,325.000,300.000,300.000,-1,775.000,750.000,-1,750.000,750.000,-1,-1,2,0,2,0,2,0,0,0,0,2,0,0,2,0,0,2,2
19,-4257.959,-8352.008,-125.653,-75.309,0.253598,0.967281,0.007431,-0.967309,0.253598,0.000909,-0.001006,-0.007419,0.999972,0,0.87429,1.00000,52.457,2.000,-1,400.000,-1,400.000,-1,325.000,325.000,300.000,300.000,-1,775.000,775.000,-1,750.000,750.000,-1,-1,2,0,2,0,2,0,0,0,0,2,0,0,2,0,0,2,2
20,-4242.892,-8402.255,-125.817,-73.309,0.287205,0.957843,0.007112,-0.957869,0.287202,0.001486,-0.000619,-0.007239,0.999974,0,0.87429,1.00000,52.457,2.000,-1,400.000,-1,400.000,-1,325.000,325.000,300.000,300.000,-1,800.000,800.000,-1,750.000,750.000,-1,-1,2,0,2,0,2,0,0,0,0,2,0,0,2,0,0,2,2
21,-4226.082,-8451.946,-125.934,-71.309,0.320461,0.947236,0.007013,-0.947262,0.320455,0.001970,-0.000382,-0.007275,0.999973,0,0.87429,1.00000,52.457,2.000,-1,400.000,-1,400.000,-1,325.000,325.000,300.000,300.000,-1,825.000,850.000,-1,750.000,750.000,-1,-1,2,0,2,0,2,0,0,0,0,2,0,0,2,0,0,2,2
22,-4207.547,-8501.020,-125.973,-69.309,0.353325,0.935473,0.007241,-0.935500,0.353317,0.002465,-0.000252,-0.007645,0.999971,0,0.87429,1.00000,52.457,2.000,-1,400.000,-1,400.000,-1,325.000,325.000,300.000,300.000,-1,875.000,900.000,-1,750.000,750.000,-1,-1,2,0,2,0,2,0,0,0,0,2,0,0,2,0,0,2,2
23,-4187.311,-8549.417,-126.011,-67.309,0.385760,0.922569,0.007476,-0.922599,0.385748,0.003029,-0.000089,-0.008065,0.999967,0,0.87429,1.00000,52.457,2.000,-1,400.000,-1,400.000,-1,325.000,325.000,300.000,300.000,-1,900.000,925.000,-1,750.000,750.000,-1,-1,2,0,2,0,2,0,0,0,0,2,0,0,2,0,0,2,2
24,-4165.399,-8597.078,-126.067,-65.309,0.417724,0.908542,0.007671,-0.908574,0.417709,0.003576,0.000045,-0.008463,0.999964,0,0.87429,1.00000,52.457,2.000,-1,400.000,-1,400.000,-1,325.000,325.000,300.000,300.000,-1,950.000,975.000,-1,775.000,750.000,-1,-1,2,0,2,0,2,0,0,0,0,2,0,0,2,0,0,2,2
25,-4141.836,-8643.945,-126.096,-63.309,0.449177,0.893410,0.007669,-0.893443,0.449162,0.003751,-0.000093,-0.008537,0.999964,0,0.87429,1.00000,52.457,2.000,-1,400.000,-1,400.000,-1,325.000,325.000,300.000,300.000,-1,1000.000,-1,-1,775.000,750.000,-1,-1,2,0,2,0,2,0,0,0,0,2,0,2,2,0,0,2,2
26,-4116.652,-8689.962,-126.130,-61.309,0.480083,0.877190,0.007653,-0.877223,0.480067,0.003869,-0.000280,-0.008571,0.999963,0,0.87429,1.00000,52.457,2.000,-1,400.000,-1,400.000,-1,325.000,325.000,300.000,300.000,-1,-1,-1,-1,775.000,750.000,-1,-1,2,0,2,0,2,0,0,0,0,2,2,2,2,0,0,2,2
27,-4089.877,-8735.072,-126.168,-59.309,0.510404,0.859901,0.007586,-0.859935,0.510388,0.003980,-0.000449,-0.008555,0.999963,0,0.87429,1.00000,52.457,2.000,-1,400.000,-1,400.000,-1,325.000,325.000,300.000,300.000,-1,-1,-1,-1,775.000,750.000,-1,-1,2,0,2,0,2,0,0,0,0,2,2,2,2,0,0,2,2
28,-4063.873,-8775.967,-126.209,-57.549,0.536573,0.843820,0.007515,-0.843854,0.536558,0.004070,-0.000598,-0.008525,0.999963,0,0.80771,0.88000,48.463,1.760,-1,400.000,-1,400.000,-1,325.000,325.000,300.000,300.000,-1,-1,-1,-1,775.000,750.000,-1,-1,2,0,2,0,2,0,0,0,0,2,2,2,2,0,0,2,2
29,-4036.794,-8816.158,-126.257,-56.029,0.558767,0.829291,0.007461,-0.829324,0.558752,0.004145,-0.000731,-0.008504,0.999964,0,0.80771,0.76000,48.463,1.520,-1,400.000,-1,400.000,-1,325.000,325.000,300.000,300.000,-1,-1,-1,-1,775.000,750.000,-1,-1,2,0,2,0,2,0,0,0,0,2,2,2,2,0,0,2,2
30,-4008.823,-8855.734,-126.317,-54.749,0.577153,0.816602,0.007453,-0.816636,0.577138,0.004210,-0.000864,-0.008516,0.999963,0,0.80771,0.64000,48.463,1.280,-1,400.000,-1,400.000,-1,325.000,325.000,300.000,300.000,-1,-1,-1,-1,775.000,750.000,-1,-1,2,0,2,0,2,0,0,0,0,2,2,2,2,0,0,2,2
31,-3980.139,-8894.796,-126.397,-53.709,0.591878,0.805992,0.007550,-0.806027,0.591864,0.004265,-0.001031,-0.008610,0.999962,0,0.80771,0.52000,48.463,1.040,-1,400.000,-1,400.000,-1,325.000,325.000,300.000,300.000,-1,-1,-1,-1,775.000,750.000,-1,-1,2,0,2,0,2,0,0,0,0,2,2,2,2,0,0,2,2
32,-3950.912,-8933.454,-126.480,-52.909,0.603073,0.797649,0.007675,-0.797685,0.603059,0.004320,-0.001183,-0.008728,0.999961,0,0.80771,0.40000,48.463,0.800,-1,400.000,-1,400.000,-1,325.000,325.000,300.000,300.000,-1,-1,-1,-1,775.000,750.000,-1,-1,2,0,2,0,2,0,0,0,0,2,2,2,2,0,0,2,2
33,-3921.268,-8971.792,-126.557,-52.288,0.611689,0.791059,0.007868,-0.791097,0.611675,0.004374,-0.001352,-0.008900,0.999959,0,0.80771,0.31076,48.463,0.622,-1,400.000,-1,400.000,-1,325.000,325.000,300.000,300.000,-1,-1,-1,-1,775.000,750.000,-1,-1,2,0,2,0,2,0,0,0,0,2,2,2,2,0,0,2,2
34,-3891.209,-9009.806,-126.622,-51.666,0.620232,0.784376,0.008167,-0.784417,0.620218,0.004429,-0.001592,-0.009154,0.999957,0,0.80771,0.31076,48.463,0.622,-1,400.000,-1,400.000,-1,325.000,325.000,300.000,300.000,-1,-1,-1,-1,775.000,750.000,-1,-1,2,0,2,0,2,0,0,0,0,2,2,2,2,0,0,2,2
35,-3860.740,-9047.492,-126.701,-51.044,0.628702,0.777600,0.008445,-0.777644,0.628689,0.004488,-0.001820,-0.009389,0.999954,0,0.80771,0.31076,48.463,0.622,-1,400.000,-1,400.000,-1,325.000,325.000,300.000,300.000,-1,-1,-1,-1,775.000,750.000,-1,-1,2,0,2,0,2,0,0,0,0,2,2,2,2,0,0,2,2
36,-3829.863,-9084.846,-126.803,-50.423,0.637099,0.770734,0.008661,-0.770780,0.637086,0.004549,-0.002012,-0.009574,0.999952,0,0.80771,0.31076,48.463,0.622,-1,400.000,-1,400.000,-1,325.000,325.000,300.000,300.000,-1,-1,-1,-1,775.000,750.000,-1,-1,2,0,2,0,2,0,0,0,0,2,2,2,2,0,0,2,2
37,-3798.584,-9121.862,-126.896,-49.801,0.645421,0.763776,0.008897,-0.763824,0.645407,0.004698,-0.002154,-0.009828,0.999949,0,0.80771,0.31076,48.463,0.622,-1,400.000,-1,400.000,-1,325.000,325.000,300.000,300.000,-1,-1,-1,-1,775.000,750.000,-1,-1,2,0,2,0,2,0,0,0,0,2,2,2,2,0,0,2,2
38,-3766.904,-9158.537,-126.978,-49.180,0.653667,0.756727,0.009151,-0.756779,0.653652,0.004950,-0.002236,-0.010161,0.999946,0,0.80771,0.31076,48.463,0.622,-1,400.000,-1,400.000,-1,325.000,325.000,300.000,300.000,-1,-1,-1,-1,775.000,750.000,-1,-1,2,0,2,0,2,0,0,0,0,2,2,2,2,0,0,2,2
39,-3734.829,-9194.866,-127.069,-48.558,0.661836,0.749590,0.009403,-0.749645,0.661819,0.005206,-0.002321,-0.010494,0.999942,0,0.80771,0.31076,48.463,0.622,-1,400.000,-1,400.000,-1,325.000,325.000,300.000,300.000,-1,-1,-1,-1,775.000,750.000,-1,-1,2,0,2,0,2,0,0,0,0,2,2,2,2,0,0,2,2
40,-3702.362,-9230.845,-127.168,-47.937,0.669927,0.742364,0.009653,-0.742423,0.669909,0.005467,-0.002408,-0.010829,0.999938,0,0.80771,0.31076,48.463,0.622,-1,400.000,-1,400.000,-1,325.000,325.000,300.000,300.000,-1,-1,-1,-1,775.000,750.000,-1,-1,2,0,2,0,2,0,0,0,0,2,2,2,2,0,0,2,2
41,-3666.416,-9270.149,-127.286,-47.555,0.674855,0.737884,0.009931,-0.737947,0.674835,0.005753,-0.002457,-0.011211,0.999934,0,0.88771,0.19076,53.263,0.382,-1,400.000,-1,400.000,-1,325.000,325.000,300.000,300.000,-1,-1,-1,-1,775.000,750.000,-1,-1,2,0,2,0,2,0,0,0,0,2,2,2,2,0,0,2,2
42,-3627.125,-9312.898,-127.416,-47.414,0.676673,0.736212,0.010212,-0.736279,0.676653,0.005870,-0.002588,-0.011491,0.999931,0,0.96771,0.07076,58.063,0.142,-1,400.000,-1,400.000,-1,325.000,325.000,300.000,300.000,-1,-1,-1,-1,775.000,750.000,-1,-1,2,0,2,0,2,0,0,0,0,2,2,2,2,0,0,2,2
43,-3587.835,-9355.794,-127.567,-47.512,0.675405,0.737372,0.010494,-0.737442,0.675385,0.005912,-0.002728,-0.011732,0.999927,0,0.96951,-0.04924,58.170,-0.098,-1,400.000,-1,400.000,-1,325.000,325.000,300.000,300.000,-1,-1,-1,-1,775.000,750.000,-1,-1,2,0,2,0,2,0,0,0,0,2,2,2,2,0,0,2,2
44,-3548.747,-9398.875,-127.744,-47.782,0.671924,0.740541,0.010810,-0.740615,0.671902,0.006091,-0.002753,-0.012099,0.999923,0,0.96951,-0.13488,58.170,-0.270,-1,400.000,-1,400.000,-1,325.000,325.000,300.000,300.000,-1,-1,-1,-1,775.000,750.000,-1,-1,2,0,2,0,2,0,0,0,0,2,2,2,2,0,0,2,2
45,-3509.863,-9442.139,-127.924,-48.052,0.668429,0.743693,0.011137,-0.743771,0.668405,0.006284,-0.002771,-0.012484,0.999918,0,0.96951,-0.13488,58.170,-0.270,-1,400.000,-1,400.000,-1,325.000,325.000,300.000,300.000,-1,-1,-1,-1,775.000,750.000,-1,-1,2,0,2,0,2,0,0,0,0,2,2,2,2,0,0,2,2
46,-3471.182,-9485.586,-128.051,-48.322,0.664921,0.746830,0.011184,-0.746909,0.664895,0.006474,-0.002601,-0.012658,0.999917,0,0.96951,-0.13488,58.170,-0.270,-1,400.000,-1,400.000,-1,325.000,325.000,300.000,300.000,-1,-1,-1,-1,775.000,750.000,-1,-1,2,0,2,0,2,0,0,0,0,2,2,2,2,0,0,2,2
47,-3432.707,-9529.215,-128.167,-48.591,0.661400,0.749951,0.011167,-0.750030,0.661370,0.006676,-0.002379,-0.012791,0.999915,0,0.96951,-0.13488,58.170,-0.270,-1,400.000,-1,400.000,-1,325.000,325.000,300.000,300.000,-1,-1,-1,-1,775.000,750.000,-1,-1,2,0,2,0,2,0,0,0,0,2,2,2,2,0,0,2,2
48,-3394.437,-9573.024,-128.284,-48.861,0.657863,0.753055,0.011145,-0.753134,0.657831,0.006894,-0.002140,-0.012929,0.999914,0,0.96951,-0.13488,58.170,-0.270,-1,400.000,-1,400.000,-1,325.000,325.000,300.000,300.000,-1,-1,-1,-1,775.000,750.000,-1,-1,2,0,2,0,2,0,0,0,0,2,2,2,2,0,0,2,2
49,-3356.375,-9617.013,-128.403,-49.131,0.654310,0.756140,0.011403,-0.756223,0.654275,0.007140,-0.002062,-0.013295,0.999909,0,0.96951,-0.13488,58.170,-0.270,-1,400.000,-1,400.000,-1,325.000,325.000,300.000,300.000,-1,-1,-1,-1,775.000,750.000,-1,-1,2,0,2,0,2,0,0,0,0,2,2,2,2,0,0,2,2
50,-3318.519,-9661.180,-128.563,-49.401,0.650739,0.759205,0.012074,-0.759298,0.650701,0.007413,-0.002228,-0.013991,0.999900,0,0.96951,-0.13488,58.170,-0.270,-1,400.000,-1,400.000,-1,325.000,325.000,300.000,300.000,-1,-1,-1,-1,775.000,750.000,-1,-1,2,0,2,0,2,0,0,0,0,2,2,2,2,0,0,2,2
51,-3284.149,-9702.011,-128.700,-49.910,0.643956,0.764957,0.012659,-0.765059,0.643915,0.007668,-0.002286,-0.014623,0.999890,0,0.88951,-0.25488,53.370,-0.510,-1,400.000,-1,375.000,-1,325.000,325.000,300.000,300.000,-1,-1,-1,-1,775.000,750.000,-1,-1,2,0,2,0,2,0,0,0,0,2,2,2,2,0,0,2,2
52,-3252.715,-9740.362,-128.815,-50.660,0.633890,0.773311,0.013176,-0.773420,0.633844,0.007904,-0.002239,-0.015201,0.999882,0,0.82646,-0.37488,49.588,-0.750,-1,400.000,-1,375.000,-1,325.000,325.000,300.000,300.000,-1,-1,-1,-1,775.000,750.000,-1,-1,2,0,2,0,2,0,0,0,0,2,2,2,2,0,0,2,2
53,-3221.947,-9779.250,-128.896,-51.650,0.620437,0.784137,0.013687,-0.784254,0.620386,0.008225,-0.002041,-0.015837,0.999873,0,0.82646,-0.49488,49.588,-0.990,-1,400.000,-1,375.000,-1,325.000,325.000,300.000,300.000,-1,-1,-1,-1,775.000,725.000,-1,-1,2,0,2,0,2,0,0,0,0,2,2,2,2,0,0,2,2
54,-3192.021,-9818.790,-128.959,-52.880,0.603468,0.797263,0.014087,-0.797386,0.603408,0.008641,-0.001611,-0.016448,0.999863,0,0.82646,-0.61488,49.588,-1.230,-1,400.000,-1,375.000,-1,325.000,325.000,300.000,300.000,-1,-1,-1,-1,750.000,725.000,-1,-1,2,0,2,0,2,0,0,0,0,2,2,2,2,0,0,2,2
55,-3163.120,-9859.085,-129.004,-54.350,0.582824,0.812470,0.014457,-0.812598,0.582754,0.009058,-0.001065,-0.017026,0.999854,0,0.82646,-0.73488,49.588,-1.470,-1,400.000,-1,375.000,-1,325.000,325.000,300.000,300.000,-1,-1,-1,-1,750.000,725.000,-1,-1,2,0,2,0,2,0,0,0,0,2,2,2,2,0,0,2,2
56,-3135.433,-9900.223,-129.021,-56.059,0.558328,0.829488,0.014819,-0.829620,0.558248,0.009474,-0.000414,-0.017583,0.999845,0,0.82646,-0.85488,49.588,-1.710,-1,400.000,-1,375.000,-1,325.000,325.000,300.000,300.000,-1,-1,-1,-1,750.000,725.000,-1,-1,2,0,2,0,2,0,0,0,0,2,2,2,2,0,0,2,2
57,-3109.162,-9942.280,-128.983,-58.009,0.529789,0.847994,0.015135,-0.848129,0.529699,0.009764,0.000263,-0.018009,0.999838,0,0.82646,-0.97488,49.588,-1.950,-1,400.000,-1,375.000,-1,325.000,325.000,300.000,300.000,-1,-1,-1,-1,750.000,725.000,-1,-1,2,0,2,0,2,0,0,0,0,2,2,2,2,0,0,2,2
58,-3084.375,-9985.229,-128.870,-60.009,0.499876,0.865961,0.015364,-0.866096,0.499780,0.009846,0.000848,-0.018229,0.999833,0,0.82646,-1.00000,49.588,-2.000,-1,400.000,-1,375.000,-1,325.000,325.000,300.000,300.000,-1,-1,-1,-1,750.000,725.000,-1,-1,2,0,2,0,2,0,0,0,0,2,2,2,2,0,0,2,2
59,-3061.102,-10029.016,-128.690,-62.009,0.469357,0.882875,0.015392,-0.883007,0.469254,0.009954,0.001566,-0.018263,0.999832,0,0.82646,-1.00000,49.588,-2.000,-1,400.000,-1,375.000,-1,325.000,325.000,300.000,300.000,-1,-1,-1,-1,750.000,725.000,-1,-1,2,0,2,0,2,0,0,0,0,2,2,2,2,0,0,2,2
60,-3039.371,-10073.589,-128.456,-64.009,0.438270,0.898715,0.015187,-0.898840,0.438157,0.010311,0.002612,-0.018170,0.999832,0,0.82646,-1.00000,49.588,-2.000,-1,400.000,-1,375.000,-1,325.000,325.000,300.000,300.000,-1,-1,-1,-1,750.000,725.000,-1,-1,2,0,2,0,2,0,0,0,0,2,2,2,2,0,0,2,2
61,-3019.209,-10118.893,-128.233,-66.009,0.406653,0.913458,0.015077,-0.913575,0.406525,0.010911,0.003838,-0.018211,0.999827,0,0.82646,-1.00000,49.588,-2.000,-1,400.000,-1,375.000,-1,325.000,325.000,300.000,300.000,-1,-1,-1,-1,725.000,750.000,-1,-1,2,0,2,0,2,0,0,0,0,2,2,2,2,0,0,2,2
62,-3000.640,-10164.873,-127.969,-68.009,0.374540,0.927090,0.014952,-0.927197,0.374398,0.011498,0.005061,-0.018170,0.999822,0,0.82646,-1.00000,49.588,-2.000,-1,400.000,-1,375.000,-1,325.000,325.000,300.000,300.000,-1,-1,-1,-1,725.000,750.000,-1,-1,2,0,2,0,2,0,0,0,0,2,2,2,2,0,0,2,2
63,-2983.688,-10211.473,-127.664,-70.009,0.341971,0.939594,0.014815,-0.939689,0.341816,0.012071,0.006278,-0.018049,0.999817,0,0.82646,-1.00000,49.588,-2.000,-1,400.000,-1,400.000,-1,325.000,325.000,325.000,300.000,-1,-1,-1,-1,725.000,750.000,-1,-1,2,0,2,0,2,0,0,0,0,2,2,2,2,0,0,2,2
64,-2968.372,-10258.636,-127.320,-72.009,0.308985,0.950954,0.014669,-0.951037,0.308817,0.012633,0.007484,-0.017854,0.999813,0,0.82646,-1.00000,49.588,-2.000,-1,400.000,-1,400.000,-1,325.000,325.000,325.000,300.000,-1,-1,-1,-1,725.000,750.000,-1,-1,2,0,2,0,2,0,0,0,0,2,2,2,2,0,0,2,2
65,-2954.711,-10306.305,-126.939,-74.009,0.275622,0.961157,0.014518,-0.961227,0.275443,0.013185,0.008674,-0.017589,0.999808,0,0.82646,-1.00000,49.588,-2.000,-1,400.000,-1,400.000,-1,325.000,325.000,325.000,300.000,-1,-1,-1,-1,725.000,750.000,-1,-1,2,0,2,0,2,0,0,0,0,2,2,2,2,0,0,2,2
66,-2942.722,-10354.422,-126.524,-76.009,0.241922,0.970189,0.014366,-0.970246,0.241732,0.013726,0.009844,-0.017259,0.999803,0,0.82646,-1.00000,49.588,-2.000,-1,375.000,-1,400.000,-1,325.000,325.000,300.000,300.000,-1,-1,-1,-1,725.000,750.000,-1,-1,2,0,2,0,2,0,0,0,0,2,2,2,2,0,0,2,2
67,-2932.420,-10402.928,-126.074,-78.009,0.207926,0.978041,0.014217,-0.978083,0.207727,0.014255,0.010989,-0.016869,0.999797,0,0.82646,-1.00000,49.588,-2.000,-1,375.000,-1,400.000,-1,325.000,325.000,300.000,300.000,-1,-1,-1,-1,725.000,750.000,-1,-1,2,0,2,0,2,0,0,0,0,2,2,2,2,0,0,2,2
68,-2923.817,-10451.764,-125.582,-80.009,0.173676,0.984702,0.014125,-0.984729,0.173469,0.014745,0.012069,-0.016470,0.999792,0,0.82646,-1.00000,49.588,-2.000,-1,375.000,-1,400.000,-1,325.000,325.000,300.000,300.000,-1,-1,-1,-1,725.000,750.000,-1,-1,2,0,2,0,2,0,0,0,0,2,2,2,2,0,0,2,2
69,-2916.924,-10500.870,-125.018,-82.009,0.139214,0.990160,0.014201,-0.990176,0.138998,0.015201,0.013077,-0.016178,0.999784,0,0.82646,-1.00000,49.588,-2.000,-1,375.000,-1,400.000,-1,325.000,325.000,300.000,300.000,-1,-1,-1,-1,725.000,775.000,-1,-1,2,0,2,0,2,0,0,0,0,2,2,2,2,0,0,2,2
70,-2911.748,-10550.187,-124.352,-84.009,0.104576,0.994418,0.014035,-0.994420,0.104358,0.015460,0.013909,-0.015574,0.999782,0,0.82646,-1.00000,49.588,-2.000,-1,375.000,-1,400.000,-1,325.000,325.000,300.000,300.000,-1,-1,-1,-1,725.000,775.000,-1,-1,2,0,2,0,2,0,0,0,0,2,2,2,2,0,0,2,2
71,-2908.297,-10599.655,-123.603,-86.009,0.069806,0.997467,0.013649,-0.997453,0.069591,0.015640,0.014650,-0.014706,0.999785,0,0.82646,-1.00000,49.588,-2.000,-1,375.000,-1,400.000,-1,325.000,325.000,300.000,300.000,-1,-1,-1,-1,725.000,775.000,-1,-1,2,0,2,0,2,0,0,0,0,2,2,2,2,0,0,2,2
72,-2906.575,-10649.213,-122.829,-88.009,0.034949,0.999301,0.013254,-0.999272,0.034738,0.015800,0.015329,-0.013796,0.999787,0,0.82646,-1.00000,49.588,-2.000,-1,400.000,-1,400.000,-1,325.000,325.000,300.000,300.000,-1,-1,-1,-1,725.000,775.000,-1,-1,2,0,2,0,2,0,0,0,0,2,2,2,2,0,0,2,2
73,-2906.583,-10698.801,-122.032,-90.009,0.000047,0.999917,0.012855,-0.999873,-0.000158,0.015944,0.015944,-0.012854,0.999790,0,0.82646,-1.00000,49.588,-2.000,-1,400.000,-1,400.000,-1,325.000,325.000,300.000,300.000,-1,-1,-1,-1,725.000,775.000,-1,-1,2,0,2,0,2,0,0,0,0,2,2,2,2,0,0,2,2
74,-2908.321,-10748.358,-121.215,-92.009,-0.034857,0.999315,0.012456,-0.999256,-0.035055,0.016069,0.016495,-0.011887,0.999793,0,0.82646,-1.00000,49.588,-2.000,-1,400.000,-1,400.000,-1,325.000,325.000,300.000,300.000,-1,-1,-1,-1,725.000,775.000,-1,-1,2,0,2,0,2,0,0,0,0,2,2,2,2,0,0,2,2
75,-2911.266,-10793.049,-120.464,-93.769,-0.065540,0.997777,0.012100,-0.997706,-0.065731,0.016168,0.016928,-0.011013,0.999796,0,0.74646,-0.88000,44.788,-1.760,-1,400.000,-1,400.000,-1,325.000,325.000,300.000,300.000,-1,-1,-1,-1,725.000,775.000,-1,-1,2,0,2,0,2,0,0,0,0,2,2,2,2,0,0,2,2
76,-2914.952,-10832.867,-119.785,-95.289,-0.091991,0.995690,0.011787,-0.995610,-0.092176,0.016246,0.017262,-0.010241,0.999799,0,0.66646,-0.76000,39.988,-1.520,-1,400.000,-1,400.000,-1,325.000,325.000,300.000,300.000,-1,-1,-1,-1,750.000,775.000,-1,-1,2,0,2,0,2,0,0,0,0,2,2,2,2,0,0,2,2
77,-2919.256,-10870.241,-119.141,-96.569,-0.114217,0.993389,0.011495,-0.993301,-0.114396,0.016310,0.017518,-0.009556,0.999801,0,0.62702,-0.64000,37.621,-1.280,-1,400.000,-1,400.000,-1,325.000,325.000,300.000,300.000,-1,-1,-1,-1,750.000,775.000,-1,-1,2,0,2,0,2,0,0,0,0,2,2,2,2,0,0,2,2
78,-2924.237,-10907.530,-118.494,-97.609,-0.132236,0.991155,0.011204,-0.991060,-0.132408,0.016370,0.017709,-0.008939,0.999803,0,0.62702,-0.52000,37.621,-1.040,-1,400.000,-1,400.000,-1,325.000,325.000,300.000,300.000,-1,-1,-1,-1,750.000,775.000,-1,-1,2,0,2,0,2,0,0,0,0,2,2,2,2,0,0,2,2
79,-2929.739,-10944.747,-117.844,-98.409,-0.146068,0.989214,0.010913,-0.989114,-0.146234,0.016428,0.017847,-0.008395,0.999805,0,0.62702,-0.40000,37.621,-0.800,-1,400.000,-1,400.000,-1,325.000,325.000,300.000,300.000,-1,-1,-1,-1,750.000,775.000,-1,-1,2,0,2,0,2,0,0,0,0,2,2,2,2,0,0,2,2
80,-2935.604,-10981.908,-117.195,-98.969,-0.155736,0.987742,0.010624,-0.987636,-0.155896,0.016484,0.017938,-0.007925,0.999808,0,0.62702,-0.28000,37.621,-0.560,-1,400.000,-1,400.000,-1,325.000,325.000,300.000,300.000,-1,-1,-1,-1,750.000,775.000,-1,-1,2,0,2,0,2,0,0,0,0,2,2,2,2,0,0,2,2
81,-2941.677,-11019.035,-116.546,-99.289,-0.161256,0.986859,0.010334,-0.986749,-0.161411,0.016541,0.017992,-0.007529,0.999810,0,0.62702,-0.16000,37.621,-0.320,-1,400.000,-1,400.000,-1,325.000,325.000,300.000,300.000,-1,-1,-1,-1,750.000,775.000,-1,-1,2,0,2,0,2,0,0,0,0,2,2,2,2,0,0,2,2
82,-2947.801,-11056.154,-115.899,-99.369,-0.162639,0.986635,0.010043,-0.986521,-0.162789,0.016601,0.018014,-0.007208,0.999812,0,0.62702,-0.04000,37.621,-0.080,-1,400.000,-1,400.000,-1,325.000,325.000,300.000,300.000,-1,-1,-1,-1,750.000,775.000,-1,-1,2,0,2,0,2,0,0,0,0,2,2,2,2,0,0,2,2
83,-2953.822,-11093.290,-115.255,-99.209,-0.159888,0.987087,0.009750,-0.986971,-0.160034,0.016663,0.018008,-0.006958,0.999814,0,0.62702,0.08000,37.621,0.160,-1,400.000,-1,400.000,-1,325.000,325.000,300.000,300.000,-1,-1,-1,-1,750.000,775.000,-1,-1,2,0,2,0,2,0,0,0,0,2,2,2,2,0,0,2,2
84,-2959.583,-11130.468,-114.584,-98.809,-0.152999,0.988182,0.009327,-0.988063,-0.153139,0.016731,0.017962,-0.006656,0.999817,0,0.62702,0.20000,37.621,0.400,-1,400.000,-1,400.000,-1,325.000,325.000,300.000,300.000,-1,-1,-1,-1,750.000,775.000,-1,-1,2,0,2,0,2,0,0,0,0,2,2,2,2,0,0,2,2
85,-2965.963,-11172.406,-113.810,-98.649,-0.150248,0.988609,0.008785,-0.988484,-0.150379,0.016878,0.018006,-0.006148,0.999819,0,0.70702,0.08000,42.421,0.160,-1,400.000,-1,400.000,-1,325.000,325.000,300.000,300.000,-1,-1,-1,-1,750.000,775.000,-1,-1,2,0,2,0,2,0,0,0,0,2,2,2,2,0,0,2,2
86,-2973.129,-11219.080,-112.915,-98.729,-0.151636,0.988401,0.008338,-0.988271,-0.151760,0.017022,0.018090,-0.005659,0.999820,0,0.78702,-0.04000,47.221,-0.080,-1,400.000,-1,400.000,-1,325.000,325.000,300.000,300.000,-1,-1,-1,-1,725.000,775.000,-1,-1,2,0,2,0,2,0,0,0,0,2,2,2,2,0,0,2,2
87,-2981.311,-11270.454,-111.914,-99.049,-0.157161,0.987541,0.007949,-0.987404,-0.157278,0.017215,0.018251,-0.005144,0.999820,0,0.86702,-0.16000,52.021,-0.320,-1,400.000,-1,400.000,-1,325.000,325.000,300.000,300.000,-1,-1,-1,-1,725.000,775.000,-1,-1,2,0,2,0,2,0,0,0,0,2,2,2,2,0,0,2,2
88,-2990.175,-11322.812,-110.900,-99.609,-0.166814,0.985959,0.007573,-0.985816,-0.166923,0.017399,0.018419,-0.004563,0.999820,0,0.88506,-0.28000,53.103,-0.560,-1,400.000,-1,400.000,-1,325.000,325.000,300.000,300.000,-1,-1,-1,-1,725.000,775.000,-1,-1,2,0,2,0,2,0,0,0,0,2,2,2,2,0,0,2,2
89,-2999.781,-11375.104,-109.892,-100.409,-0.180572,0.983535,0.007223,-0.983386,-0.180673,0.017566,0.018582,-0.003931,0.999820,0,0.88612,-0.40000,53.167,-0.800,-1,400.000,-1,400.000,-1,325.000,325.000,300.000,300.000,-1,-1,-1,-1,725.000,775.000,-1,-1,2,0,2,0,2,0,0,0,0,2,2,2,2,0,0,2,2
90,-3010.213,-11427.302,-108.891,-101.302,-0.195885,0.980603,0.006899,-0.980448,-0.195979,0.017716,0.018725,-0.003294,0.999819,0,0.88717,-0.44645,53.230,-0.893,-1,400.000,-1,400.000,-1,325.000,325.000,300.000,300.000,-1,-1,-1,-1,725.000,775.000,-1,-1,2,0,2,0,2,0,0,0,0,2,2,2,2,0,0,2,2
91,-3021.474,-11479.391,-107.897,-102.199,-0.211224,0.977415,0.006603,-0.977256,-0.211310,0.017848,0.018840,-0.002683,0.999819,0,0.88819,-0.44862,53.292,-0.897,-1,400.000,-1,400.000,-1,325.000,325.000,300.000,300.000,-1,-1,-1,-1,725.000,775.000,-1,-1,2,0,2,0,2,0,0,0,0,2,2,2,2,0,0,2,2
92,-3033.567,-11531.353,-106.912,-103.101,-0.226585,0.973971,0.006337,-0.973807,-0.226664,0.017960,0.018929,-0.002102,0.999819,0,0.88918,-0.45080,53.351,-0.902,-1,400.000,-1,400.000,-1,325.000,325.000,300.000,300.000,-1,-1,-1,-1,725.000,775.000,-1,-1,2,0,2,0,2,0,0,0,0,2,2,2,2,0,0,2,2
93,-3046.494,-11583.173,-105.937,-104.007,-0.241964,0.970266,0.006103,-0.970099,-0.242036,0.018051,0.018991,-0.001552,0.999818,0,0.89013,-0.45299,53.408,-0.906,-1,400.000,-1,400.000,-1,325.000,325.000,300.000,300.000,-1,-1,-1,-1,725.000,775.000,-1,-1,2,0,2,0,2,0,0,0,0,2,2,2,2,0,0,2,2
94,-3060.256,-11634.833,-104.974,-104.917,-0.257356,0.966299,0.005900,-0.966129,-0.257422,0.018119,0.019027,-0.001038,0.999818,0,0.89104,-0.45519,53.462,-0.910,-1,400.000,-1,400.000,-1,325.000,325.000,300.000,300.000,-1,-1,-1,-1,725.000,775.000,-1,-1,2,0,2,0,2,0,0,0,0,2,2,2,2,0,0,2,2
95,-3074.856,-11686.317,-104.024,-105.832,-0.272757,0.962066,0.005732,-0.961894,-0.272817,0.018161,0.019036,-0.000560,0.999819,0,0.89190,-0.45741,53.514,-0.915,-1,375.000,-1,400.000,-1,325.000,325.000,300.000,300.000,-1,-1,-1,-1,725.000,750.000,-1,-1,2,0,2,0,2,0,0,0,0,2,2,2,2,0,0,2,2
96,-3090.293,-11737.607,-103.062,-106.751,-0.288165,0.957565,0.005474,-0.957393,-0.288217,0.018125,0.018933,-0.000018,0.999821,0,0.89271,-0.45965,53.563,-0.919,-1,375.000,-1,400.000,-1,325.000,325.000,300.000,300.000,-1,-1,-1,-1,725.000,750.000,-1,-1,2,0,2,0,2,0,0,0,0,2,2,2,2,0,0,2,2
97,-3106.570,-11788.685,-102.009,-107.675,-0.303580,0.952793,0.004890,-0.952616,-0.303618,0.018391,0.019008,0.000925,0.999819,0,0.89348,-0.46189,53.609,-0.924,-1,375.000,-1,400.000,-1,325.000,325.000,300.000,300.000,-1,-1,-1,-1,725.000,750.000,-1,-1,2,0,2,0,2,0,0,0,0,2,2,2,2,0,0,2,2
98,-3123.721,-11839.919,-100.915,-108.509,-0.317425,0.948274,0.004205,-0.948088,-0.317447,0.018867,0.019226,0.002002,0.999813,0,0.90048,-0.41679,54.029,-0.834,-1,375.000,-1,400.000,-1,325.000,325.000,300.000,300.000,-1,-1,-1,-1,725.000,750.000,-1,-1,2,0,2,0,2,0,0,0,0,2,2,2,2,0,0,2,2
99,-3141.636,-11890.973,-99.805,-109.336,-0.331098,0.943589,0.003607,-0.943397,-0.331105,0.019270,0.019377,0.002978,0.999808,0,0.90176,-0.41366,54.106,-0.827,-1,375.000,-1,400.000,-1,325.000,325.000,300.000,300.000,-1,-1,-1,-1,725.000,750.000,-1,-1,2,0,2,0,2,0,0,0,0,2,2,2,2,0,0,2,2
100,-3160.301,-11941.822,-98.656,-110.157,-0.344591,0.938747,0.003272,-0.938549,-0.344586,0.019661,0.019584,0.003704,0.999801,0,0.90278,-0.41038,54.167,-0.821,-1,400.000,-1,400.000,-1,325.000,325.000,300.000,300.000,-1,-1,-1,-1,725.000,775.000,-1,-1,2,0,2,0,2,0,0,0,0,2,2,2,2,0,0,2,2
101,-3179.703,-11992.444,-97.502,-110.971,-0.357898,0.933756,0.003089,-0.933550,-0.357885,0.020073,0.019848,0.004300,0.999794,0,0.90354,-0.40695,54.212,-0.814,-1,400.000,-1,400.000,-1,325.000,325.000,300.000,300.000,-1,-1,-1,-1,750.000,775.000,-1,-1,2,0,2,0,2,0,0,0,0,2,2,2,2,0,0,2,2
102,-3199.826,-12042.813,-96.371,-111.777,-0.371017,0.928621,0.002938,-0.928409,-0.370997,0.020463,0.020093,0.004864,0.999786,0,0.90401,-0.40340,54.241,-0.807,-1,400.000,-1,400.000,-1,325.000,325.000,300.000,300.000,-1,-1,-1,-1,750.000,775.000,-1,-1,2,0,2,0,2,0,0,0,0,2,2,2,2,0,0,2,2
103,-3220.655,-12092.907,-95.265,-112.577,-0.383944,0.923352,0.002820,-0.923133,-0.383917,0.020832,0.020317,0.005395,0.999779,0,0.90419,-0.39973,54.252,-0.799,-1,400.000,-1,400.000,-1,325.000,325.000,300.000,300.000,-1,-1,-1,-1,750.000,775.000,-1,-1,2,0,2,0,2,0,0,0,0,2,2,2,2,0,0,2,2
104,-3242.171,-12142.703,-94.184,-113.369,-0.396675,0.917955,0.002734,-0.917730,-0.396641,0.021176,0.020523,0.005891,0.999772,0,0.90408,-0.39596,54.245,-0.792,-1,400.000,-1,400.000,-1,325.000,325.000,300.000,300.000,-1,-1,-1,-1,750.000,775.000,-1,-1,2,0,2,0,2,0,0,0,0,2,2,2,2,0,0,2,2
105,-3264.356,-12192.176,-93.121,-114.153,-0.409206,0.912438,0.002719,-0.912207,-0.409166,0.021506,0.020735,0.006320,0.999765,0,0.90367,-0.39210,54.220,-0.784,-1,400.000,-1,400.000,-1,325.000,325.000,300.000,300.000,-1,-1,-1,-1,750.000,775.000,-1,-1,2,0,2,0,2,0,0,0,0,2,2,2,2,0,0,2,2
106,-3287.192,-12241.306,-92.079,-114.929,-0.421534,0.906808,0.002776,-0.906570,-0.421490,0.021818,0.020955,0.006680,0.999758,0,0.90296,-0.38818,54.178,-0.776,-1,400.000,-1,400.000,-1,325.000,325.000,300.000,300.000,-1,-1,-1,-1,750.000,775.000,-1,-1,2,0,2,0,2,0,0,0,0,2,2,2,2,0,0,2,2
107,-3310.659,-12290.071,-91.064,-115.698,-0.433660,0.901072,0.002870,-0.900828,-0.433613,0.022102,0.021159,0.007000,0.999752,0,0.90196,-0.38421,54.118,-0.768,-1,400.000,-1,400.000,-1,325.000,325.000,300.000,300.000,-1,-1,-1,-1,750.000,775.000,-1,-1,2,0,2,0,2,0,0,0,0,2,2,2,2,0,0,2,2
108,-3334.736,-12338.452,-90.008,-116.458,-0.445589,0.895234,0.002639,-0.894989,-0.445532,0.022279,0.021120,0.007565,0.999748,0,0.90067,-0.38024,54.040,-0.760,-1,400.000,-1,400.000,-1,325.000,325.000,300.000,300.000,-1,-1,-1,-1,750.000,775.000,-1,-1,2,0,2,0,2,0,0,0,0,2,2,2,2,0,0,2,2
109,-3359.404,-12386.429,-88.908,-117.211,-0.457321,0.889299,0.002081,-0.889057,-0.457249,0.022392,0.020865,0.008390,0.999747,0,0.89912,-0.37627,53.947,-0.753,-1,400.000,-1,400.000,-1,325.000,325.000,300.000,300.000,-1,-1,-1,-1,750.000,775.000,-1,-1,2,0,2,0,2,0,0,0,0,2,2,2,2,0,0,2,2
110,-3384.646,-12433.983,-87.808,-117.960,-0.468918,0.883240,0.001478,-0.883000,-0.468828,0.022621,0.020673,0.009303,0.999743,0,0.89731,-0.37441,53.839,-0.749,-1,400.000,-1,400.000,-1,325.000,325.000,300.000,300.000,-1,-1,-1,-1,750.000,775.000,-1,-1,2,0,2,0,2,0,0,0,0,2,2,2,2,0,0,2,2
111,-3410.447,-12481.098,-86.739,-118.706,-0.480394,0.877053,0.000904,-0.876814,-0.480287,0.022831,0.020458,0.010175,0.999739,0,0.89528,-0.37309,53.717,-0.746,-1,400.000,-1,400.000,-1,325.000,325.000,300.000,300.000,-1,-1,-1,-1,775.000,775.000,-1,-1,2,0,2,0,2,0,0,0,0,2,2,2,2,1,0,2,2
112,-3436.791,-12527.758,-85.703,-119.450,-0.491753,0.870734,0.000360,-0.870500,-0.491630,0.023019,0.020220,0.011006,0.999735,0,0.89305,-0.37200,53.583,-0.744,-1,400.000,-1,400.000,-1,325.000,325.000,300.000,300.000,-1,-1,-1,-1,750.000,775.000,-1,-1,2,0,2,0,2,0,0,0,0,2,2,2,2,1,0,2,2
113,-3463.666,-12573.948,-84.643,-120.192,-0.502999,0.864287,-0.000060,-0.864060,-0.502866,0.022937,0.019794,0.011589,0.999737,0,0.89065,-0.37114,53.439,-0.742,-1,400.000,-1,400.000,-1,325.000,325.000,300.000,300.000,-1,-1,-1,-1,725.000,800.000,-1,-1,2,0,2,0,2,0,0,0,0,2,2,2,2,1,1,2,2
114,-3491.755,-12621.266,-83.575,-120.694,-0.510562,0.859841,-0.000468,-0.859623,-0.510420,0.022803,0.019369,0.012044,0.999740,0,0.91711,-0.25114,55.027,-0.502,-1,400.000,-1,400.000,-1,325.000,325.000,300.000,300.000,-1,-1,-1,-1,725.000,800.000,-1,-1,2,0,2,0,2,0,0,0,0,2,2,2,2,1,1,2,2
115,-3520.904,-12669.861,-82.490,-120.957,-0.514497,0.857492,-0.000811,-0.857281,-0.514349,0.022670,0.019022,0.012359,0.999743,0,0.94446,-0.13114,56.668,-0.262,-1,400.000,-1,400.000,-1,325.000,325.000,300.000,300.000,-1,-1,-1,-1,700.000,800.000,-1,-1,2,0,2,0,2,0,0,0,0,2,2,2,2,1,1,2,2
116,-3550.079,-12718.458,-81.428,-120.979,-0.514833,0.857290,-0.001123,-0.857085,-0.514681,0.022539,0.018745,0.012567,0.999745,0,0.94469,-0.01114,56.681,-0.022,-1,400.000,-1,400.000,-1,325.000,325.000,300.000,300.000,-1,-1,-1,-1,675.000,775.000,-1,-1,2,0,2,0,2,0,0,0,0,2,2,2,2,1,1,2,2
117,-3579.062,-12767.151,-80.381,-120.761,-0.511574,0.859238,-0.001422,-0.859041,-0.511419,0.022358,0.018484,0.012660,0.999749,0,0.94444,0.10886,56.667,0.218,-1,400.000,-1,400.000,-1,325.000,325.000,300.000,300.000,-1,-1,-1,-1,650.000,750.000,-1,-1,2,1,2,0,2,0,0,0,0,2,2,2,2,1,1,2,2
118,-3607.630,-12816.034,-79.347,-120.303,-0.504694,0.863297,-0.001716,-0.863105,-0.504538,0.022144,0.018251,0.012657,0.999753,0,0.94365,0.22886,56.619,0.458,-1,400.000,1000.000,400.000,-1,325.000,325.000,300.000,300.000,-1,-1,-1,-1,625.000,700.000,-1,-1,2,1,1,0,2,0,0,0,0,2,2,2,2,1,1,2,2
119,-3635.708,-12865.105,-78.338,-119.778,-0.496761,0.867885,-0.002015,-0.867700,-0.496604,0.021931,0.018033,0.012644,0.999757,0,0.94226,0.26259,56.535,0.525,-1,375.000,925.000,400.000,-1,325.000,325.000,300.000,300.000,-1,-1,-1,-1,600.000,650.000,-1,975.000,2,1,1,0,2,0,0,0,0,2,2,2,2,1,1,2,1
120,-3663.290,-12914.327,-77.352,-119.263,-0.488944,0.872312,-0.002321,-0.872133,-0.488786,0.021722,0.017814,0.012645,0.999761,0,0.94039,0.25740,56.424,0.515,-1,375.000,875.000,400.000,-1,325.000,325.000,300.000,300.000,-1,-1,-1,-1,575.000,625.000,950.000,875.000,2,1,1,0,2,1,0,0,0,2,2,2,2,1,1,1,1
121,-3690.371,-12963.672,-76.373,-118.759,-0.481250,0.876579,-0.002714,-0.876408,-0.481090,0.021509,0.017549,0.012730,0.999765,0,0.93814,0.25213,56.288,0.504,-1,350.000,825.000,400.000,-1,300.000,325.000,300.000,300.000,-1,-1,-1,-1,550.000,575.000,875.000,800.000,2,1,1,1,2,1,1,0,0,2,2,2,2,1,1,1,1
122,-3716.952,-13013.110,-75.387,-118.265,-0.473684,0.880689,-0.003224,-0.880525,-0.473518,0.021357,0.017282,0.012955,0.999767,0,0.93551,0.24684,56.130,0.494,-1,325.000,775.000,375.000,975.000,300.000,300.000,300.000,300.000,-1,-1,-1,-1,525.000,525.000,825.000,725.000,2,1,1,1,1,1,1,0,0,2,2,2,2,1,1,1,1
123,-3743.750,-13063.639,-74.229,-117.939,-0.468680,0.883359,-0.004119,-0.883194,-0.468489,0.022054,0.017552,0.013975,0.999748,0,0.95326,0.16311,57.195,0.326,-1,325.000,700.000,350.000,875.000,275.000,275.000,300.000,300.000,-1,-1,-1,-1,475.000,500.000,750.000,650.000,2,1,1,1,1,1,1,0,0,2,2,2,2,1,1,1,1
124,-3770.375,-13114.540,-72.785,-117.613,-0.463694,0.885977,-0.005680,-0.885795,-0.463443,0.024225,0.018831,0.016264,0.999690,0,0.95740,0.16288,57.444,0.326,-1,300.000,650.000,325.000,775.000,250.000,275.000,300.000,300.000,-1,-1,-1,-1,450.000,450.000,700.000,575.000,2,1,1,1,1,1,1,0,0,2,2,2,2,1,1,1,1
125,-3796.825,-13165.813,-71.119,-117.288,-0.458731,0.888541,-0.007790,-0.888329,-0.458380,0.027544,0.020904,0.019555,0.999590,0,0.96155,0.16260,57.693,0.325,-1,300.000,600.000,300.000,675.000,250.000,250.000,325.000,300.000,-1,-1,-1,-1,425.000,400.000,650.000,500.000,2,1,1,1,1,1,1,0,1,2,2,2,2,1,1,1,1
126,-3823.096,-13217.458,-69.216,-116.964,-0.453802,0.891041,-0.010441,-0.890786,-0.453298,0.031939,0.023726,0.023795,0.999435,0,0.96572,0.16227,57.943,0.325,-1,275.000,575.000,275.000,575.000,225.000,225.000,325.000,325.000,-1,-1,-1,-1,400.000,375.000,650.000,425.000,2,1,1,1,1,1,1,0,1,2,2,2,2,1,1,1,1
127,-3849.188,-13269.476,-66.847,-116.640,-0.448912,0.893488,-0.012568,-0.893137,-0.448206,0.037654,0.028011,0.028128,0.999212,0,0.96991,0.16187,58.195,0.324,-1,275.000,525.000,250.000,475.000,225.000,225.000,325.000,350.000,-1,-1,-1,-1,400.000,350.000,675.000,375.000,2,1,1,1,1,1,1,0,1,2,2,2,2,1,1,1,1
128,-3875.103,-13321.866,-60.702,-116.317,-0.443708,0.896170,0.001277,-0.895107,-0.443250,0.048101,0.043673,0.020200,0.998842,0,0.97412,0.16140,58.447,0.323,-1,275.000,525.000,250.000,500.000,225.000,225.000,325.000,400.000,-1,450.000,425.000,-1,400.000,350.000,-1,375.000,2,1,1,1,1,1,1,0,1,2,0,0,2,1,1,2,1
129,-3900.834,-13374.628,-54.019,-115.995,-0.438146,0.898763,0.015908,-0.896828,-0.438268,0.060164,0.061046,0.012094,0.998062,0,0.97834,0.16086,58.700,0.322,-1,275.000,-1,250.000,550.000,225.000,200.000,350.000,475.000,-1,250.000,250.000,-1,400.000,350.000,-1,400.000,2,1,2,1,1,1,1,0,1,2,0,0,2,1,1,2,1
130,-3926.380,-13427.764,-47.164,-115.675,-0.432280,0.901254,0.029586,-0.898271,-0.433261,0.073448,0.079014,0.005173,0.996860,0,0.98257,0.16022,58.954,0.320,-1,275.000,-1,250.000,625.000,225.000,200.000,350.000,525.000,-1,175.000,200.000,-1,450.000,375.000,-1,425.000,2,1,2,1,1,1,1,0,1,2,0,0,2,1,1,2,1
131,-6231.357,-983.901,-114.796,150.511,-0.870427,-0.492148,0.012140,0.492294,-0.870254,0.017429,0.001987,0.021147,0.999774,1,0.00000,0.00000,59.209,0.319,-1,400.000,-1,400.000,650.000,325.000,325.000,300.000,300.000,-1,-1,-1,-1,800.000,675.000,-1,775.000,2,0,2,0,1,0,0,0,0,2,2,2,2,0,1,2,1
132,-6235.531,-981.530,-114.785,150.396,-0.869439,-0.493893,0.012102,0.494037,-0.869266,0.017413,0.001920,0.021118,0.999775,0,0.08000,-0.05744,4.800,-0.115,-1,400.000,-1,400.000,625.000,325.000,325.000,300.000,300.000,-1,-1,-1,-1,800.000,675.000,-1,775.000,2,0,2,0,1,0,0,0,0,2,2,2,2,0,1,2,1
133,-6243.868,-976.770,-114.764,150.281,-0.868443,-0.495643,0.012025,0.495786,-0.868271,0.017380,0.001827,0.021055,0.999777,0,0.16000,-0.05770,9.600,-0.115,-1,400.000,-1,400.000,625.000,325.000,325.000,300.000,300.000,-1,-1,-1,-1,800.000,675.000,-1,775.000,2,0,2,0,1,0,0,0,0,2,2,2,2,0,1,2,1
134,-6256.359,-969.606,-114.732,150.164,-0.867433,-0.497411,0.011909,0.497551,-0.867262,0.017331,0.001708,0.020959,0.999779,0,0.24000,-0.05835,14.400,-0.117,-1,400.000,-1,400.000,625.000,325.000,325.000,300.000,300.000,-1,-1,-1,-1,800.000,675.000,-1,750.000,2,0,2,0,1,0,0,0,0,2,2,2,2,0,1,2,1
135,-6272.995,-960.019,-114.691,150.045,-0.866401,-0.499210,0.011756,0.499346,-0.866231,0.017267,0.001564,0.020830,0.999782,0,0.32000,-0.05939,19.200,-0.119,-1,400.000,-1,400.000,600.000,325.000,325.000,300.000,300.000,-1,-1,-1,-1,800.000,650.000,-1,750.000,2,0,2,0,1,0,0,0,0,2,2,2,2,0,1,2,1
136,-6293.763,-947.991,-114.640,149.923,-0.865341,-0.501050,0.011565,0.501181,-0.865172,0.017187,0.001394,0.020668,0.999785,0,0.40000,-0.06083,24.000,-0.122,-1,400.000,-1,400.000,600.000,325.000,325.000,300.000,300.000,-1,-1,-1,-1,800.000,650.000,-1,725.000,2,0,2,0,1,0,0,0,0,2,2,2,2,0,1,2,1
