timestep,x_cm,y_cm,z_cm,yaw_deg,basis_xx,basis_xy,basis_xz,basis_yx,basis_yy,basis_yz,basis_zx,basis_zy,basis_zz,teleport_flag,throttle_cmd,steering_cmd,cmd_move_cm,cmd_turn_deg,lidar_cm_0,lidar_cm_1,lidar_cm_2,lidar_cm_3,lidar_cm_4,lidar_cm_5,lidar_cm_6,lidar_cm_7,lidar_cm_8,lidar_cm_9,lidar_cm_10,lidar_cm_11,lidar_cm_12,lidar_cm_13,lidar_cm_14,lidar_cm_15,lidar_cm_16,lidar_class_0,lidar_class_1,lidar_class_2,lidar_class_3,lidar_class_4,lidar_class_5,lidar_class_6,lidar_class_7,lidar_class_8,lidar_class_9,lidar_class_10,lidar_class_11,lidar_class_12,lidar_class_13,lidar_class_14,lidar_class_15,lidar_class_16
0,7660.636,-611.355,424.243,-111.195,-0.361498,0.932135,-0.021080,-0.932261,-0.361712,-0.007303,-0.014433,0.017012,0.999751,0,0.64414,0.07105,0.977,0.011,-1,652.976,-1,613.877,-1,525.362,513.914,641.751,830.490,-1,-1,-1,-1,-1,-1,-1,-1,2,0,2,0,2,0,0,0,0,2,2,2,2,2,2,2,2
1,7660.277,-612.961,425.351,-111.169,-0.361098,0.932309,-0.020223,-0.932482,-0.361211,-0.002116,-0.009277,0.018093,0.999793,0,0.64415,0.07102,1.646,0.026,-1,669.282,-1,628.613,-1,537.824,525.927,649.702,829.428,-1,-1,-1,-1,-1,-1,-1,-1,2,0,2,0,2,0,0,0,0,2,2,2,2,2,2,2,2
2,7659.768,-615.244,425.394,-111.104,-0.360054,0.932716,-0.020063,-0.932925,-0.360045,0.004209,-0.003297,0.020233,0.999790,0,0.64420,0.07089,2.340,0.065,-1,686.033,-1,642.337,-1,549.886,537.193,657.359,822.328,-1,-1,-1,-1,-1,-1,-1,-1,2,0,2,0,2,0,0,0,0,2,2,2,2,2,2,2,2
3,7659.141,-618.102,424.700,-111.001,-0.358380,0.933349,-0.020568,-0.933575,-0.358260,0.009348,0.001356,0.022552,0.999745,0,0.64437,0.07044,2.926,0.103,-1,697.885,-1,650.729,-1,557.930,544.347,662.936,812.430,-1,-1,-1,-1,-1,-1,-1,-1,2,0,2,0,2,0,0,0,0,2,2,2,2,2,2,2,2
4,7658.448,-621.454,423.514,-110.867,-0.356192,0.934157,-0.021866,-0.934408,-0.356017,0.011580,0.003033,0.024556,0.999694,0,0.64466,0.06965,3.422,0.134,-1,700.311,-1,650.291,-1,558.938,544.600,665.474,801.640,-1,-1,-1,-1,-1,-1,-1,-1,2,0,2,0,2,0,0,0,0,2,2,2,2,2,2,2,2
5,7657.728,-625.262,421.957,-110.715,-0.353722,0.935042,-0.024006,-0.935350,-0.353580,0.010061,0.000920,0.026013,0.999661,0,0.64505,0.06858,3.875,0.151,-1,691.366,-1,639.382,-1,551.440,536.598,664.529,790.925,-1,-1,-1,-1,-1,-1,-1,-1,2,0,2,0,2,0,0,0,0,2,2,2,2,2,2,2,2
6,7656.947,-629.612,420.158,-110.552,-0.351057,0.935996,-0.025911,-0.936344,-0.351045,0.005151,-0.004275,0.026070,0.999651,0,0.64550,0.06736,4.420,0.163,-1,672.653,-1,621.343,-1,537.237,522.446,658.119,782.583,-1,-1,-1,-1,-1,-1,-1,-1,2,0,2,0,2,0,0,0,0,2,2,2,2,2,2,2,2
7,7656.079,-634.651,418.346,-110.387,-0.348343,0.937016,-0.025644,-0.937307,-0.348501,-0.001810,-0.010633,0.023406,0.999669,0,0.64598,0.06605,5.113,0.165,-1,649.362,-1,602.993,-1,520.664,506.912,643.646,780.470,-1,-1,-1,-1,-1,-1,-1,-1,2,0,2,0,2,0,0,0,0,2,2,2,2,2,2,2,2
8,7655.194,-640.467,416.713,-110.215,-0.345490,0.938141,-0.022975,-0.938279,-0.345762,-0.009022,-0.016407,0.018440,0.999695,0,0.64646,0.06476,5.883,0.173,-1,626.971,-1,588.707,-1,505.605,493.692,623.827,784.049,-1,-1,-1,-1,-1,-1,-1,-1,2,0,2,0,2,0,0,0,0,2,2,2,2,2,2,2,2
9,7654.292,-647.230,415.606,-109.998,-0.341926,0.939527,-0.019380,-0.939535,-0.342200,-0.013161,-0.018997,0.013708,0.999726,0,0.64695,0.06342,6.823,0.217,-1,614.096,-1,583.446,-1,497.813,487.595,607.625,787.508,-1,-1,-1,-1,-1,-1,-1,-1,2,0,2,0,2,0,0,0,0,2,2,2,2,2,2,2,2
10,7653.185,-654.949,415.086,-109.751,-0.337878,0.941058,-0.015735,-0.941017,-0.338089,-0.013525,-0.018048,0.010237,0.999785,0,0.64760,0.06167,7.797,0.247,-1,611.800,-1,587.261,-1,497.919,488.960,597.825,788.621,-1,-1,-1,-1,-1,-1,-1,-1,2,0,2,0,2,0,0,0,0,2,2,2,2,2,2,2,2
11,7651.817,-663.528,415.045,-109.502,-0.333808,0.942552,-0.012989,-0.942517,-0.333955,-0.011603,-0.015275,0.008369,0.999848,0,0.64832,0.05970,8.687,0.249,-1,616.067,-1,595.662,-1,502.594,494.442,594.431,786.499,-1,-1,-1,-1,-1,-1,-1,-1,2,0,2,0,2,0,0,0,0,2,2,2,2,2,2,2,2
12,7650.274,-672.827,415.304,-109.228,-0.329303,0.944150,-0.011867,-0.944139,-0.329417,-0.009319,-0.012708,0.008135,0.999886,0,0.64902,0.05781,9.426,0.274,-1,621.844,-1,603.374,-1,507.951,500.068,596.371,780.489,-1,-1,-1,-1,-1,-1,-1,-1,2,0,2,0,2,0,0,0,0,2,2,2,2,2,2,2,2
13,7648.507,-682.694,415.741,-108.926,-0.324332,0.945863,-0.012303,-0.945872,-0.324440,-0.008041,-0.011597,0.009029,0.999892,0,0.64978,0.05574,10.024,0.302,-1,624.870,-1,607.296,-1,511.192,503.335,601.664,771.696,-1,-1,-1,-1,-1,-1,-1,-1,2,0,2,0,2,0,0,0,0,2,2,2,2,2,2,2,2
14,7646.519,-693.094,416.246,-108.616,-0.319202,0.947589,-0.013634,-0.947612,-0.319325,-0.007988,-0.011923,0.010370,0.999875,0,0.65061,0.05349,10.589,0.310,-1,624.943,-1,607.487,-1,512.063,504.080,607.908,761.700,-1,-1,-1,-1,-1,-1,-1,-1,2,0,2,0,2,0,0,0,0,2,2,2,2,2,2,2,2
15,7644.293,-704.054,416.638,-108.313,-0.314175,0.949243,-0.015242,-0.949271,-0.314329,-0.009043,-0.013375,0.011628,0.999843,0,0.65144,0.05123,11.184,0.303,-1,622.135,-1,604.690,-1,510.623,502.522,613.557,751.053,-1,-1,-1,-1,-1,-1,-1,-1,2,0,2,0,2,0,0,0,0,2,2,2,2,2,2,2,2
16,7641.863,-715.639,416.782,-108.021,-0.309332,0.950811,-0.016469,-0.950834,-0.309522,-0.010510,-0.015090,0.012409,0.999809,0,0.65221,0.04915,11.837,0.292,-1,617.768,-1,601.689,-1,508.065,499.960,617.258,740.383,-1,-1,-1,-1,-1,-1,-1,-1,2,0,2,0,2,0,0,0,0,2,2,2,2,2,2,2,2
17,7638.729,-730.375,416.584,-107.688,-0.303794,0.952594,-0.016569,-0.952590,-0.304007,-0.012305,-0.016759,0.012045,0.999787,0,0.65291,0.04726,15.066,0.333,-1,611.534,-1,600.049,-1,504.629,497.069,617.270,729.735,-1,-1,-1,-1,-1,-1,-1,-1,2,0,2,0,2,0,0,0,0,2,2,2,2,2,2,2,2
18,7636.523,-740.721,416.245,-107.475,-0.300237,0.953729,-0.016078,-0.953705,-0.300452,-0.013206,-0.017426,0.011369,0.999784,0,0.65364,0.04528,10.578,0.214,-1,607.515,-1,599.918,-1,502.587,495.692,615.627,722.989,-1,-1,-1,-1,-1,-1,-1,-1,2,0,2,0,2,0,0,0,0,2,2,2,2,2,2,2,2
19,7633.640,-754.025,415.706,-107.228,-0.296123,0.955029,-0.015164,-0.954972,-0.296337,-0.014606,-0.018443,0.010156,0.999778,0,0.40295,-0.32473,13.613,0.247,-1,601.579,-1,599.236,-1,499.000,493.437,612.335,715.378,-1,-1,-1,-1,-1,-1,-1,-1,2,0,2,0,2,0,0,0,0,2,2,2,2,2,2,2,2
20,7630.686,-767.508,415.203,-107.008,-0.292439,0.956187,-0.013667,-0.956075,-0.292644,-0.016717,-0.019985,0.008178,0.999767,0,0.40323,-0.32594,13.804,0.220,-1,594.172,-1,597.884,-1,494.382,490.451,607.213,710.434,-1,-1,-1,-1,-1,-1,-1,-1,2,0,2,0,2,0,0,0,0,2,2,2,2,2,2,2,2
21,7627.661,-781.260,414.720,-106.805,-0.289048,0.957232,-0.012532,-0.957074,-0.289245,-0.018633,-0.021461,0.006608,0.999748,0,0.40343,-0.32683,14.080,0.203,-1,587.289,-1,596.103,-1,490.012,487.581,603.368,704.481,-1,-1,-1,-1,-1,-1,-1,-1,2,0,2,0,2,0,0,0,0,2,2,2,2,2,2,2,2
22,7624.530,-795.272,414.299,-106.618,-0.285919,0.958182,-0.011727,-0.957991,-0.286106,-0.019902,-0.022425,0.005544,0.999733,0,0.40358,-0.32750,14.358,0.187,-1,582.121,-1,594.985,-1,486.741,485.698,601.201,697.393,-1,-1,-1,-1,-1,-1,-1,-1,2,0,2,0,2,0,0,0,0,2,2,2,2,2,2,2,2
23,7621.274,-809.537,413.928,-106.442,-0.282968,0.959063,-0.011283,-0.958851,-0.283150,-0.020745,-0.023091,0.004948,0.999721,0,0.40368,-0.32794,14.632,0.176,-1,578.404,-1,594.431,-1,484.387,484.387,600.719,689.209,-1,-1,-1,-1,-1,-1,-1,-1,2,0,2,0,2,0,0,0,0,2,2,2,2,2,2,2,2
24,7617.938,-824.040,413.602,-106.271,-0.280109,0.959904,-0.011103,-0.959677,-0.280291,-0.021376,-0.023631,0.004667,0.999710,0,0.40374,-0.32821,14.882,0.171,-1,575.298,-1,594.953,-1,482.616,483.362,601.500,680.332,-1,-1,-1,-1,-1,-1,-1,-1,2,0,2,0,2,0,0,0,0,2,2,2,2,2,2,2,2
25,7614.558,-838.763,413.344,-106.104,-0.277293,0.960724,-0.010882,-0.960483,-0.277472,-0.021948,-0.024106,0.004366,0.999700,0,0.40378,-0.32837,15.106,0.168,-1,571.942,-1,596.675,-1,481.108,482.143,602.351,671.708,-1,-1,-1,-1,-1,-1,-1,-1,2,0,2,0,2,0,0,0,0,2,2,2,2,2,2,2,2
26,7611.155,-853.755,413.083,-105.933,-0.274429,0.961554,-0.010140,-0.961305,-0.274592,-0.022171,-0.024103,0.003663,0.999703,0,0.40380,-0.32845,15.373,0.171,-1,569.264,-1,600.125,-1,480.342,482.138,601.710,666.071,-1,-1,-1,-1,-1,-1,-1,-1,2,0,2,0,2,0,0,0,0,2,2,2,2,2,2,2,2
27,7607.791,-868.933,412.864,-105.755,-0.271443,0.962408,-0.009502,-0.962148,-0.271593,-0.022563,-0.024295,0.003017,0.999700,0,0.40381,-0.32852,15.547,0.178,-1,566.299,-1,603.171,-1,479.344,482.211,601.350,660.300,-1,-1,-1,-1,-1,-1,-1,-1,2,0,2,0,2,0,0,0,0,2,2,2,2,2,2,2,2
28,7604.421,-884.309,412.690,-105.578,-0.268473,0.963248,-0.008713,-0.962970,-0.268606,-0.023209,-0.024696,0.002159,0.999693,0,0.40384,-0.32863,15.741,0.177,-1,562.884,-1,606.007,-1,477.700,482.064,600.591,655.067,-1,-1,-1,-1,-1,-1,-1,-1,2,0,2,0,2,0,0,0,0,2,2,2,2,2,2,2,2
29,7601.069,-899.896,412.570,-105.400,-0.265479,0.964087,-0.007496,-0.963796,-0.265583,-0.023741,-0.024879,0.000921,0.999690,0,0.40385,-0.32870,15.944,0.178,-1,559.787,-1,608.840,-1,476.134,482.511,599.085,650.783,-1,-1,-1,-1,-1,-1,-1,-1,2,0,2,0,2,0,0,0,0,2,2,2,2,2,2,2,2
30,7597.781,-915.707,412.470,-105.209,-0.262256,0.964979,-0.006165,-0.964675,-0.262328,-0.024219,-0.024988,-0.000404,0.999688,0,0.40387,-0.32875,16.149,0.192,-1,556.787,-1,612.557,-1,474.692,483.164,597.456,646.478,-1,-1,-1,-1,-1,-1,-1,-1,2,0,2,0,2,0,0,0,0,2,2,2,2,2,2,2,2
31,7594.489,-931.704,412.378,-105.021,-0.259093,0.965840,-0.004784,-0.965519,-0.259131,-0.024976,-0.025362,-0.001852,0.999677,0,0.40390,-0.32891,16.333,0.188,-1,553.209,-1,616.748,-1,473.156,483.392,595.560,642.548,-1,-1,-1,-1,-1,-1,-1,-1,2,0,2,0,2,0,0,0,0,2,2,2,2,2,2,2,2
32,7591.174,-947.891,412.253,-104.838,-0.256010,0.966667,-0.003769,-0.966330,-0.256021,-0.025703,-0.025811,-0.002938,0.999663,0,0.40392,-0.32900,16.523,0.183,-1,550.120,-1,620.310,-1,471.889,483.166,594.444,639.776,-1,-1,-1,-1,-1,-1,-1,-1,2,0,2,0,2,0,0,0,0,2,2,2,2,2,2,2,2
33,7587.816,-964.232,412.019,-104.662,-0.253026,0.967454,-0.003357,-0.967094,-0.253024,-0.026627,-0.026610,-0.003491,0.999640,0,0.40392,-0.32898,16.683,0.177,-1,546.632,-1,621.986,-1,469.879,481.871,594.319,635.453,-1,-1,-1,-1,-1,-1,-1,-1,2,0,2,0,2,0,0,0,0,2,2,2,2,2,2,2,2
34,7584.403,-980.790,411.635,-104.492,-0.250146,0.968203,-0.003064,-0.967830,-0.250135,-0.027147,-0.027050,-0.003825,0.999627,0,0.40389,-0.32885,16.906,0.170,-1,543.611,-1,624.067,-1,468.188,481.200,593.740,630.219,-1,-1,-1,-1,-1,-1,-1,-1,2,0,2,0,2,0,0,0,0,2,2,2,2,2,2,2,2
35,7580.874,-997.555,411.145,-104.352,-0.247782,0.968813,-0.002254,-0.968442,-0.247751,-0.027195,-0.026905,-0.004556,0.999628,0,0.40383,-0.32859,17.132,0.140,-1,540.737,-1,627.615,-1,467.215,481.450,591.170,625.645,-1,-1,-1,-1,-1,-1,-1,-1,2,0,2,0,2,0,0,0,0,2,2,2,2,2,2,2,2
36,7577.231,-1014.787,410.659,-104.223,-0.245623,0.969365,-0.000354,-0.969041,-0.245550,-0.025797,-0.025093,-0.005993,0.999667,0,0.82845,0.58132,17.613,0.128,-1,540.668,-1,637.474,-1,468.498,484.907,587.117,622.400,-1,-1,-1,-1,-1,-1,-1,-1,2,0,2,0,2,0,0,0,0,2,2,2,2,2,2,2,2
37,7573.591,-1032.876,410.252,-104.040,-0.242547,0.970138,0.001712,-0.969906,-0.242449,-0.022376,-0.021292,-0.007087,0.999748,0,0.82804,0.58220,18.451,0.183,-1,544.645,-1,655.184,-1,472.792,492.220,584.556,618.694,-1,-1,-1,-1,-1,-1,-1,-1,2,0,2,0,2,0,0,0,0,2,2,2,2,2,2,2,2
38,7570.056,-1051.496,410.389,-103.748,-0.237627,0.971356,0.000799,-0.971249,-0.237588,-0.015100,-0.014478,-0.004364,0.999886,0,0.82784,0.58262,18.953,0.292,-1,558.510,-1,682.045,-1,485.266,506.285,594.199,608.624,-1,-1,-1,-1,-1,-1,-1,-1,2,0,2,0,2,0,0,0,0,2,2,2,2,2,2,2,2
39,7566.114,-1070.415,411.437,-103.504,-0.233516,0.972351,-0.001945,-0.972335,-0.233524,-0.005663,-0.005961,0.000569,0.999982,0,0.82814,0.58199,19.325,0.244,-1,583.238,-1,721.612,-1,504.251,526.410,613.367,596.643,-1,-1,-1,-1,-1,-1,-1,-1,2,0,2,0,2,0,0,0,0,2,2,2,2,2,2,2,2
40,7561.849,-1089.761,413.032,-103.320,-0.230397,0.973076,-0.006309,-0.973095,-0.230378,0.003541,0.001993,0.006955,0.999974,0,0.82810,0.58207,19.811,0.184,-1,609.110,-1,761.992,-1,524.172,547.475,639.508,583.025,-1,-1,-1,-1,-1,-1,-1,-1,2,0,2,0,2,0,0,0,0,2,2,2,2,2,2,2,2
41,7558.312,-1109.530,414.415,-102.949,-0.224076,0.974480,-0.013363,-0.974552,-0.223962,0.009475,0.006241,0.015146,0.999866,0,0.82769,0.58296,20.083,0.372,-1,629.859,-1,785.159,-1,536.942,559.970,667.154,564.585,-1,-1,-1,-1,-1,-1,-1,-1,2,0,2,0,2,0,0,0,0,2,2,2,2,2,2,2,2
42,7555.976,-1129.439,415.335,-102.336,-0.213649,0.976655,-0.022356,-0.976891,-0.213444,0.011181,0.006148,0.024229,0.999688,0,0.82823,0.58178,20.045,0.612,-1,640.510,-1,787.102,-1,540.271,561.342,697.086,543.789,-1,-1,-1,-1,-1,-1,-1,-1,2,0,2,0,2,0,0,0,0,2,2,2,2,2,2,2,2
43,7554.595,-1149.534,415.797,-101.538,-0.200019,0.979311,-0.030686,-0.979786,-0.199808,0.009819,0.003484,0.032030,0.999481,0,0.83008,0.57782,20.143,0.798,-1,639.698,-1,773.740,-1,536.169,554.714,725.381,523.721,-1,-1,-1,-1,-1,-1,-1,-1,2,0,2,0,2,0,0,0,0,2,2,2,2,2,2,2,2
44,7554.459,-1169.651,416.005,-100.550,-0.183095,0.982364,-0.037919,-0.983094,-0.183013,0.005648,-0.001391,0.038312,0.999265,0,0.83294,0.57168,20.117,0.988,-1,629.663,-1,748.727,-1,525.419,542.712,749.188,505.994,-1,-1,-1,-1,-1,-1,966.715,-1,2,0,2,0,2,0,0,0,0,2,2,2,2,2,2,1,2
45,7555.182,-1190.037,415.980,-99.449,-0.164167,0.985546,-0.041810,-0.986412,-0.164293,0.000440,-0.006435,0.041314,0.999125,0,0.83688,0.56322,20.398,1.101,-1,615.493,-1,727.687,-1,512.214,530.322,760.192,493.004,-1,-1,-1,-1,-1,-1,919.634,-1,2,0,2,0,2,0,0,0,0,2,2,2,2,2,2,1,2
46,7556.866,-1210.658,415.750,-98.286,-0.144105,0.988654,-0.042391,-0.989504,-0.144431,-0.004731,-0.010800,0.041264,0.999090,0,0.84149,0.55333,20.690,1.163,-1,599.868,-1,712.012,-1,499.247,517.840,759.488,485.209,-1,-1,-1,-1,972.945,-1,872.144,-1,2,0,2,0,2,0,0,0,0,2,2,2,2,1,2,1,2
47,7559.795,-1231.416,415.272,-97.010,-0.122035,0.991679,-0.040997,-0.992424,-0.122510,-0.009254,-0.014199,0.039557,0.999116,0,0.84654,0.54249,20.963,1.276,-1,584.190,-1,698.737,-1,486.872,506.335,752.158,479.661,-1,-1,-1,-1,924.491,-1,-1,-1,2,0,2,0,2,0,0,0,0,2,2,2,2,1,2,2,2
48,7563.447,-1252.704,414.390,-95.697,-0.099259,0.994393,-0.036467,-0.994950,-0.099729,-0.011303,-0.014876,0.035161,0.999271,0,0.85234,0.53004,21.599,1.313,-1,572.151,-1,702.997,-1,478.477,499.817,734.061,479.571,-1,-1,-1,-1,876.723,-1,-1,-1,2,0,2,0,2,0,0,0,0,2,2,2,2,1,2,2,2
49,7567.597,-1274.614,412.997,-94.398,-0.076680,0.996639,-0.028810,-0.996972,-0.077017,-0.010771,-0.012954,0.027897,0.999527,0,0.85844,0.51696,22.300,1.299,-1,562.983,-1,717.944,-1,474.671,499.551,704.830,484.432,-1,-1,-1,-1,830.763,-1,-1,-1,2,0,2,0,2,0,0,0,0,2,2,2,2,1,2,2,2
50,7572.033,-1296.615,411.023,-93.184,-0.055533,0.998297,-0.017888,-0.998400,-0.055713,-0.009717,-0.010697,0.017320,0.999793,0,-0.03520,0.36931,22.444,1.215,-1,551.001,-1,737.726,-1,469.849,499.615,662.521,494.322,-1,-1,-1,-1,788.067,-1,-1,-1,2,0,2,0,2,0,0,0,0,2,2,2,2,1,2,2,2
51,7576.197,-1318.170,408.720,-92.215,-0.038655,0.999245,-0.003972,-0.999216,-0.038687,-0.008389,-0.008537,0.003644,0.999957,0,-0.03544,0.35694,21.953,0.968,-1,536.840,-1,765.057,-1,463.873,499.895,613.294,511.636,-1,-1,-1,-1,-1,-1,-1,-1,2,0,2,0,2,0,0,0,0,2,2,2,2,2,2,2,2
52,7579.587,-1339.334,406.594,-91.557,-0.027169,0.999594,0.008626,-0.999610,-0.027112,-0.006754,-0.006518,-0.008806,0.999940,0,-0.03562,0.34710,21.433,0.658,-1,525.793,-1,793.611,-1,458.983,499.967,572.288,533.044,-1,-1,-1,-1,-1,-1,-1,-1,2,0,2,0,2,0,0,0,0,2,2,2,2,2,2,2,2
53,7581.983,-1359.939,405.120,-91.154,-0.020147,0.999678,0.015412,-0.999788,-0.020078,-0.004605,-0.004294,-0.015502,0.999871,0,-0.03575,0.34067,20.744,0.403,-1,524.602,-1,820.819,-1,458.101,503.147,549.487,544.967,-1,-1,-1,-1,-1,-1,-1,-1,2,0,2,0,2,0,0,0,0,2,2,2,2,2,2,2,2
54,7583.886,-1380.001,404.433,-90.783,-0.013669,0.999803,0.014356,-0.999904,-0.013634,-0.002550,-0.002354,-0.014389,0.999894,0,-0.03581,0.33722,20.152,0.371,-1,531.659,-1,836.080,-1,460.197,508.676,548.687,542.403,-1,-1,-1,-1,-1,-1,-1,-1,2,0,2,0,2,0,0,0,0,2,2,2,2,2,2,2,2
55,7585.428,-1399.507,404.517,-90.426,-0.007442,0.999944,0.007461,-0.999972,-0.007443,0.000098,0.000154,-0.007460,0.999972,0,-0.03587,0.33428,19.567,0.357,-1,548.078,-1,845.218,-1,468.802,515.775,563.924,529.811,-1,-1,-1,-1,-1,-1,-1,-1,2,0,2,0,2,0,0,0,0,2,2,2,2,2,2,2,2
56,7586.922,-1418.297,405.290,-90.005,-0.000096,0.999995,-0.003063,-0.999998,-0.000089,0.002018,0.002018,0.003063,0.999993,0,-0.03592,0.33164,18.849,0.421,-1,568.552,-1,845.395,-1,479.503,521.650,591.988,515.466,-1,-1,-1,-1,-1,-1,-1,-1,2,0,2,0,2,0,0,0,0,2,2,2,2,2,2,2,2
57,7589.313,-1435.973,406.504,-89.328,0.011721,0.999807,-0.015741,-0.999931,0.011739,0.001051,0.001236,0.015727,0.999876,0,-0.03598,0.32834,17.837,0.677,-1,584.489,-1,823.279,-1,484.897,520.379,632.635,500.115,-1,-1,-1,-1,-1,-1,-1,-1,2,0,2,0,2,0,0,0,0,2,2,2,2,2,2,2,2
58,7591.761,-1452.993,408.106,-88.660,0.023394,0.999408,-0.025241,-0.999726,0.023375,-0.001027,-0.000437,0.025258,0.999681,0,-0.03610,0.32198,17.195,0.669,-1,597.236,-1,805.248,-1,488.628,519.057,670.461,492.136,-1,-1,-1,-1,-1,-1,-1,-1,2,0,2,0,2,0,0,0,0,2,2,2,2,2,2,2,2
59,7594.430,-1469.351,410.000,-88.033,0.034324,0.998907,-0.031742,-0.999407,0.034218,-0.003880,-0.002789,0.031856,0.999489,0,-0.03622,0.31562,16.575,0.627,-1,605.614,-1,790.155,-1,491.319,518.330,700.757,489.383,-1,-1,-1,-1,-1,-1,-1,-1,2,0,2,0,2,0,0,0,0,2,2,2,2,2,2,2,2
60,7597.197,-1485.466,411.905,-87.437,0.044720,0.998371,-0.035421,-0.998990,0.044535,-0.005991,-0.004404,0.035653,0.999354,0,0.45674,0.17375,16.351,0.596,-1,613.317,-1,784.465,-1,495.341,520.658,721.572,491.893,-1,-1,-1,-1,-1,-1,-1,-1,2,0,2,0,2,0,0,0,0,2,2,2,2,2,2,2,2
61,7599.995,-1501.832,413.556,-86.852,0.054922,0.997812,-0.036817,-0.998483,0.054742,-0.005869,-0.003841,0.037084,0.999305,0,0.45814,0.16789,16.603,0.585,-1,626.016,-1,793.083,-1,503.433,527.920,732.707,500.227,-1,-1,-1,-1,-1,-1,-1,-1,2,0,2,0,2,0,0,0,0,2,2,2,2,2,2,2,2
62,7602.864,-1518.443,414.824,-86.314,0.064280,0.997252,-0.036836,-0.997931,0.064186,-0.003720,-0.001345,0.036999,0.999314,0,0.45951,0.16215,16.858,0.537,-1,642.189,-1,811.743,-1,515.051,539.230,737.429,510.558,-1,-1,-1,-1,-1,-1,-1,-1,2,0,2,0,2,0,0,0,0,2,2,2,2,2,2,2,2
63,7605.748,-1535.290,415.630,-85.881,0.071833,0.996756,-0.036305,-0.997414,0.071869,-0.000326,0.002285,0.036234,0.999341,0,0.46076,0.15689,17.092,0.434,-1,661.279,-1,834.555,-1,528.908,552.733,736.834,520.888,-1,-1,-1,-1,-1,-1,-1,-1,2,0,2,0,2,0,0,0,0,2,2,2,2,2,2,2,2
64,7608.266,-1552.439,415.967,-85.615,0.076464,0.996505,-0.033634,-0.997049,0.076649,0.004231,0.006794,0.033211,0.999425,0,0.46177,0.15267,17.333,0.266,-1,681.982,-1,866.808,-1,544.097,568.724,723.571,533.916,-1,-1,-1,-1,-1,-1,-1,-1,2,0,2,0,2,0,0,0,0,2,2,2,2,2,2,2,2
65,7610.709,-1569.865,415.875,-85.429,0.079685,0.996348,-0.030674,-0.996742,0.080026,0.010049,0.012467,0.029773,0.999479,0,0.46232,0.15037,17.596,0.185,-1,705.676,-1,903.605,-1,561.516,587.442,706.758,546.587,-1,-1,-1,-1,-1,-1,-1,-1,2,0,2,0,2,0,0,0,0,2,2,2,2,2,2,2,2
66,7613.135,-1587.528,415.463,-85.274,0.082368,0.996219,-0.027628,-0.996418,0.082854,0.016925,0.019150,0.026135,0.999475,0,0.46266,0.14895,17.829,0.155,-1,734.054,-1,940.733,-1,581.950,608.873,687.914,560.082,-1,-1,-1,-1,-1,-1,-1,-1,2,0,2,0,2,0,0,0,0,2,2,2,2,2,2,2,2
67,7615.546,-1605.386,414.890,-85.128,0.084906,0.996070,-0.025202,-0.996017,0.085538,0.025174,0.027231,0.022965,0.999365,0,0.46291,0.14789,18.020,0.147,-1,770.035,-1,985.413,-1,606.914,634.461,668.016,572.462,-1,-1,-1,-1,-1,-1,-1,-1,2,0,2,0,2,0,0,0,0,2,2,2,2,2,2,2,2
68,7617.666,-1623.420,414.356,-85.066,0.085944,0.996071,-0.021374,-0.995651,0.086642,0.034231,0.035949,0.018339,0.999185,0,0.46313,0.14695,18.158,0.061,-1,809.466,-1,-1,-1,606.037,664.500,642.326,587.490,-1,-1,-1,-1,-1,-1,-1,-1,2,0,2,2,2,1,0,0,0,2,2,2,2,2,2,2,2
69,7619.406,-1641.536,414.048,-85.117,0.085036,0.996255,-0.015664,-0.995365,0.085648,0.043747,0.044925,0.011872,0.998920,0,0.46310,0.14709,18.200,-0.050,-1,852.332,-1,-1,-1,588.550,698.867,609.955,607.182,-1,-1,-1,-1,-1,-1,-1,-1,2,0,2,2,2,1,0,0,0,2,2,2,2,2,2,2,2
70,7620.798,-1659.650,414.216,-85.255,0.082599,0.996537,-0.009548,-0.995107,0.082994,0.053603,0.054210,0.005074,0.998517,0,0.46274,0.14859,18.167,-0.138,-1,898.463,-1,-1,-1,573.313,738.637,579.755,629.342,-1,-1,-1,-1,-1,-1,-1,-1,2,0,2,2,2,1,0,0,0,2,2,2,2,2,2,2,2
71,7622.062,-1677.699,414.936,-85.430,0.079528,0.996821,-0.004900,-0.994933,0.079679,0.061310,0.061505,-0.000000,0.998107,0,0.46212,0.15122,18.093,-0.175,-1,941.434,-1,-1,-1,558.762,775.067,558.749,649.245,-1,-1,-1,-1,-1,-1,-1,-1,2,0,2,2,2,1,0,0,0,2,2,2,2,2,2,2,2
72,7623.199,-1695.652,416.183,-85.595,0.076645,0.997057,-0.001610,-0.994867,0.076584,0.066146,0.066074,-0.003468,0.997809,0,0.46137,0.15434,17.989,-0.165,-1,973.600,-1,-1,-1,544.018,803.548,544.273,666.783,-1,938.364,-1,-1,374.914,-1,-1,-1,2,0,2,2,2,1,0,0,0,2,0,2,2,1,2,2,2
73,7624.218,-1713.616,417.697,-85.744,0.074031,0.997256,-0.000653,-0.994869,0.073899,0.069102,0.068960,-0.004466,0.997609,0,0.46062,0.15748,17.993,-0.150,-1,374.556,-1,-1,-1,528.749,826.797,538.153,678.967,-1,889.944,-1,-1,363.900,-1,-1,-1,2,1,2,2,2,1,0,0,0,2,0,2,2,1,2,2,2
74,7625.035,-1731.530,419.346,-85.884,0.071592,0.997433,-0.001489,-0.994982,0.071521,0.069973,0.069900,-0.003528,0.997548,0,0.45988,0.16061,17.932,-0.140,-1,363.190,-1,-1,-1,513.308,841.960,538.451,686.377,-1,895.059,-1,-1,352.956,-1,-1,-1,2,1,2,2,2,1,0,0,0,2,0,2,2,1,2,2,2
75,7625.691,-1749.493,420.894,-86.014,0.069335,0.997586,-0.003886,-0.995150,0.069437,0.069681,0.069783,-0.000964,0.997562,0,0.45911,0.16383,17.975,-0.130,-1,351.812,-1,-1,-1,497.601,851.720,543.331,689.231,-1,922.307,-1,-1,342.045,-1,-1,-1,2,1,2,2,2,1,0,0,0,2,0,2,2,1,2,2,2
76,7626.165,-1767.521,422.202,-86.137,0.067216,0.997708,-0.007784,-0.995327,0.067594,0.068958,0.069326,0.003112,0.997589,0,0.45832,0.16714,18.034,-0.122,-1,340.514,-1,-1,-1,481.752,859.322,552.889,687.602,-1,955.081,-1,-1,331.274,-1,-1,-1,2,1,2,2,2,1,0,0,0,2,0,2,2,1,2,2,2
77,7626.406,-1785.844,423.034,-86.293,0.064494,0.997852,-0.011491,-0.995544,0.065130,0.068197,0.068799,0.007042,0.997606,0,0.84353,-0.05680,18.325,-0.157,-1,329.513,-1,-1,-1,466.518,865.322,561.380,684.965,-1,981.157,-1,-1,320.769,-1,-1,-1,2,1,2,2,2,1,0,0,0,2,0,2,2,1,2,2,2
78,7626.293,-1804.657,423.335,-86.540,0.060206,0.998101,-0.013030,-0.995878,0.060949,0.067171,0.067838,0.008932,0.997656,0,0.84173,-0.05270,18.813,-0.247,-1,319.142,-1,-1,-1,452.919,869.065,557.362,685.559,-1,1004.298,-1,-1,310.741,-1,-1,-1,2,1,2,2,2,1,0,0,0,2,0,2,2,1,2,2,2
79,7625.886,-1823.919,423.144,-86.867,0.054530,0.998426,-0.013139,-0.996325,0.055276,0.065429,0.066053,0.009523,0.997771,0,0.83933,-0.04725,19.266,-0.327,-1,309.249,-1,-1,-1,440.566,868.261,544.704,687.606,-1,-1,-1,-1,301.075,-1,-1,-1,2,1,2,2,2,1,0,0,0,2,2,2,2,1,2,2,2
80,7625.141,-1843.585,422.531,-87.269,0.047556,0.998784,-0.013020,-0.996864,0.048282,0.062696,0.063248,0.009998,0.997948,0,0.83640,-0.04058,19.680,-0.401,-1,299.888,-1,-1,-1,429.343,862.567,528.430,688.323,-1,-1,-1,-1,291.889,-1,-1,-1,2,1,2,2,2,1,0,0,0,2,2,2,2,1,2,2,2
81,7623.980,-1863.607,421.631,-87.736,0.039435,0.999132,-0.013419,-0.997470,0.040157,0.058653,0.059140,0.011072,0.998188,0,0.83293,-0.03268,20.056,-0.467,-1,291.118,-1,-1,-1,419.208,851.404,513.090,686.363,-1,-1,-1,-1,283.268,-1,-1,-1,2,1,2,2,2,1,0,0,0,2,2,2,2,1,2,2,2
82,7622.441,-1883.971,420.559,-88.234,0.030772,0.999404,-0.015620,-0.998074,0.031566,0.053408,0.053869,0.013946,0.998451,0,0.82891,-0.02354,20.421,-0.498,-1,282.714,-1,-1,-1,409.500,835.451,503.404,679.469,-1,-1,-1,-1,275.064,-1,-1,-1,2,1,2,2,2,1,0,0,0,2,2,2,2,1,2,2,2
83,7620.571,-1904.692,419.255,-88.760,0.021617,0.999578,-0.019406,-0.998658,0.022503,0.046654,0.047071,0.018371,0.998723,0,0.82449,-0.01349,20.805,-0.526,-1,274.565,-1,-1,-1,400.102,813.685,499.203,668.266,-1,-1,-1,-1,267.141,-1,-1,-1,2,1,2,2,2,1,0,0,0,2,2,2,2,1,2,2,2
84,7618.459,-1925.741,417.717,-89.293,0.012322,0.999623,-0.024545,-0.999194,0.013247,0.037891,0.038202,0.024058,0.998980,0,0.81967,-0.00254,21.155,-0.533,-1,266.386,-1,-1,-1,390.567,784.902,497.570,653.712,-1,-1,-1,-1,259.191,-1,-1,-1,2,1,2,2,2,1,0,0,0,2,2,2,2,1,2,2,2
85,7616.053,-1947.067,416.039,-89.804,0.003418,0.999530,-0.030453,-0.999632,0.004235,0.026801,0.026918,0.030350,0.999177,0,0.81456,0.00908,21.461,-0.511,-1,257.974,-1,-1,-1,380.558,749.428,496.614,638.012,-1,-1,-1,-1,250.979,-1,-1,-1,2,1,2,2,2,1,0,0,0,2,2,2,2,1,2,2,2
86,7613.236,-1968.778,414.099,-90.339,-0.005914,0.999305,-0.036802,-0.999874,-0.005366,0.014971,0.014763,0.036886,0.999210,0,0.80925,0.02117,21.893,-0.535,-1,249.881,-1,969.214,-1,371.058,713.352,494.567,621.620,-1,-1,-1,-1,243.080,-1,-1,-1,2,1,2,0,2,1,0,0,0,2,2,2,2,1,2,2,2
87,7609.840,-1990.944,412.016,-90.919,-0.016041,0.998939,-0.043167,-0.999867,-0.015897,0.003687,0.002997,0.043220,0.999061,0,0.80439,0.63814,22.425,-0.580,-1,242.502,-1,916.667,-1,362.733,682.225,502.692,605.956,-1,-1,-1,-1,235.896,-1,-1,-1,2,1,2,0,2,1,0,0,0,2,2,2,2,1,2,2,2
88,7606.034,-2013.603,409.780,-91.525,-0.026611,0.998397,-0.049953,-0.999612,-0.026991,-0.006931,-0.008268,0.049749,0.998728,0,0.79787,0.65296,22.977,-0.606,-1,235.499,-1,870.003,-1,354.934,653.668,512.275,590.501,-1,-1,-1,-1,229.115,-1,91.518,-1,2,1,2,0,2,1,0,0,0,2,2,2,2,1,2,1,2
89,7601.887,-2036.794,407.463,-92.137,-0.037289,0.997641,-0.057631,-0.999125,-0.038314,-0.016787,-0.018955,0.056954,0.998197,0,0.79073,0.66917,23.559,-0.612,66.474,228.645,-1,827.213,-1,616.203,627.922,524.648,574.594,-1,-1,-1,-1,222.541,-1,81.032,-1,1,1,2,0,2,0,0,0,0,2,2,2,2,1,2,1,2
90,7597.488,-2060.473,405.190,-92.735,-0.047691,0.996706,-0.065602,-0.998418,-0.049526,-0.026630,-0.029792,0.064228,0.997490,0,0.78304,0.68665,24.083,-0.597,57.437,221.601,-1,786.584,-1,593.779,603.288,540.298,559.792,-1,-1,-1,-1,215.788,-1,70.310,-1,1,1,2,0,2,0,0,0,0,2,2,2,2,1,2,1,2
91,7593.120,-2084.655,402.981,-93.264,-0.056882,0.995656,-0.073713,-0.997543,-0.059704,-0.036663,-0.040905,0.071446,0.996605,0,0.77485,0.70524,24.574,-0.529,47.836,213.526,-1,746.585,-1,571.922,579.196,578.583,546.174,-1,-1,-1,-1,208.023,-1,58.778,-1,1,1,2,0,2,0,0,0,0,2,2,2,2,1,2,1,2
92,7589.774,-2102.000,402.283,-92.807,-0.048895,0.994341,-0.094319,-0.997266,-0.053839,-0.050608,-0.055400,0.091587,0.994255,0,0.76647,0.72428,17.664,0.457,39.963,201.565,-1,688.274,-1,545.829,544.932,747.881,512.288,-1,-1,-1,-1,196.785,-1,48.920,-1,1,1,2,0,2,0,0,0,0,2,2,2,2,1,2,1,2
93,7587.251,-2111.707,404.549,-92.188,-0.038089,0.991404,-0.125173,-0.997086,-0.045993,-0.060866,-0.066100,0.122490,0.990266,0,0.76374,0.73047,10.030,0.619,37.020,194.479,-1,643.320,-1,536.435,523.414,-1,468.123,-1,-1,-1,-1,190.706,-1,45.084,-1,1,1,2,0,2,0,0,2,0,2,2,2,2,1,2,1,2
94,7584.287,-2118.015,409.417,-92.071,-0.036054,0.987298,-0.154731,-0.996936,-0.046288,-0.063051,-0.069412,0.151984,0.985943,0,0.76341,0.73123,6.970,0.116,38.402,195.195,-1,627.900,-1,549.385,525.054,-1,435.798,-1,-1,-1,-1,192.414,1006.672,46.692,-1,1,1,2,0,2,0,0,2,0,2,2,2,2,1,0,1,2
95,7580.900,-2123.406,415.982,-92.315,-0.040303,0.982932,-0.179499,-0.996956,-0.051559,-0.058491,-0.066748,0.176596,0.982018,0,0.76129,0.73605,6.367,-0.244,41.819,200.092,-1,635.056,-1,578.543,544.904,-1,416.743,-1,-1,-1,-1,198.285,1006.494,50.892,-1,1,1,2,0,2,0,0,2,0,2,2,2,2,1,0,1,2
96,7577.132,-2128.834,423.006,-92.760,-0.048052,0.979089,-0.197673,-0.996880,-0.059416,-0.051962,-0.062621,0.194560,0.978890,0,0.75754,0.74456,6.608,-0.445,45.750,206.616,-1,651.857,-1,612.280,570.019,-1,408.102,-1,-1,-1,-1,205.652,-1,55.815,-1,1,1,2,0,2,0,0,2,0,2,2,2,2,1,2,1,2
97,7573.067,-2134.369,429.446,-93.273,-0.056996,0.976075,-0.209830,-0.996539,-0.068357,-0.047291,-0.060503,0.206409,0.976593,0,0.75269,0.75557,6.867,-0.514,-1,213.318,-1,667.315,-1,639.610,591.202,-1,407.049,-1,-1,-1,-1,-1,-1,-1,-1,2,1,2,0,2,0,0,2,0,2,2,2,2,2,2,2,2
98,7568.885,-2140.023,434.939,-93.818,-0.066462,0.973547,-0.218607,-0.996019,-0.077775,-0.043550,-0.059401,0.214843,0.974841,0,0.74735,0.76772,7.033,-0.544,-1,998.654,-1,680.677,-1,661.647,609.092,-1,408.544,-1,-1,-1,-1,-1,-1,-1,-1,2,0,2,0,2,0,0,2,0,2,2,2,2,2,2,2,2
99,7564.777,-2145.978,439.316,-94.390,-0.076413,0.971088,-0.226162,-0.995409,-0.087409,-0.038995,-0.057636,0.222144,0.973309,0,0.74174,0.78044,7.234,-0.572,-1,-1,-1,693.697,-1,682.118,626.257,-1,409.173,-1,-1,-1,-1,-1,-1,-1,-1,2,2,2,0,2,0,0,2,0,2,2,2,2,2,2,2,2
100,7560.507,-2152.036,442.429,-95.003,-0.087081,0.968823,-0.231947,-0.994671,-0.097457,-0.033636,-0.055192,0.227782,0.972147,0,0.73594,0.79363,7.412,-0.614,-1,-1,-1,705.782,-1,701.070,642.783,-1,409.087,-1,-1,-1,-1,-1,-1,-1,-1,2,2,2,0,2,0,0,2,0,2,2,2,2,2,2,2,2
101,7556.336,-2158.268,444.295,-95.620,-0.097806,0.966491,-0.237337,-0.993871,-0.107202,-0.026981,-0.051519,0.233244,0.971053,0,0.72981,0.80756,7.498,-0.617,-1,-1,-1,717.251,-1,720.230,658.969,-1,406.952,-1,-1,-1,-1,-1,-1,-1,-1,2,2,2,0,2,0,0,2,0,2,2,2,2,2,2,2,2
102,7552.383,-2164.584,445.020,-96.208,-0.108018,0.964143,-0.242406,-0.993034,-0.116183,-0.019599,-0.047060,0.238600,0.969977,0,0.72362,0.82162,7.452,-0.588,-1,-1,-1,726.931,-1,738.947,673.110,-1,403.054,-1,-1,-1,-1,-1,-1,-1,-1,2,2,2,0,2,0,0,2,0,2,2,2,2,2,2,2,2
103,7548.513,-2170.743,444.702,-96.830,-0.118820,0.962040,-0.245685,-0.991969,-0.125821,-0.012939,-0.043360,0.242175,0.969263,0,0.71758,0.83533,7.274,-0.622,-1,-1,-1,734.004,-1,752.622,683.496,-1,399.094,-1,-1,-1,-1,-1,-1,-1,-1,2,2,2,0,2,0,0,2,0,2,2,2,2,2,2,2,2
104,7544.871,-2177.300,443.624,-97.380,-0.128339,0.960463,-0.247063,-0.990909,-0.134325,-0.007456,-0.040348,0.243860,0.968971,0,0.48427,-0.28472,7.501,-0.549,-1,-1,-1,738.929,-1,761.246,690.596,-1,396.142,-1,-1,-1,-1,-1,-1,-1,-1,2,2,2,0,2,0,0,2,0,2,2,2,2,2,2,2,2
105,7541.426,-2184.164,441.993,-97.855,-0.136550,0.959751,-0.245424,-0.989833,-0.142141,-0.005130,-0.039808,0.242228,0.969402,0,0.48427,-0.28472,7.680,-0.475,-1,-1,-1,739.605,-1,760.497,690.651,-1,395.922,-1,-1,-1,-1,-1,-1,-1,-1,2,2,2,0,2,0,0,2,0,2,2,2,2,2,2,2,2
106,7538.337,-2191.396,439.898,-98.258,-0.143505,0.959765,-0.241364,-0.988764,-0.149362,-0.006050,-0.041857,0.237784,0.970416,0,0.48427,-0.28472,7.864,-0.403,-1,-1,-1,735.280,-1,750.904,683.495,-1,397.985,-1,-1,-1,-1,-1,-1,-1,-1,2,2,2,0,2,0,0,2,0,2,2,2,2,2,2,2,2
107,7535.606,-2199.030,437.324,-98.600,-0.149380,0.960430,-0.235073,-0.987693,-0.156082,-0.010058,-0.046351,0.230677,0.971926,0,0.48427,-0.28472,8.108,-0.342,-1,-1,-1,726.111,-1,733.780,670.866,-1,402.209,-1,-1,-1,-1,-1,-1,-1,-1,2,2,2,0,2,0,0,2,0,2,2,2,2,2,2,2,2
108,7533.311,-2206.793,434.208,-98.881,-0.154160,0.961519,-0.227409,-0.986573,-0.162360,-0.017688,-0.053930,0.221629,0.973639,0,-0.17194,-0.71717,8.095,-0.281,-1,-1,-1,710.318,-1,707.700,650.789,-1,407.582,-1,-1,-1,-1,-1,-1,-1,-1,2,2,2,0,2,0,0,2,0,2,2,2,2,2,2,2,2
109,7531.562,-2214.291,430.426,-99.086,-0.157580,0.962745,-0.219749,-0.985353,-0.167982,-0.029364,-0.065184,0.211903,0.975114,0,-0.17194,-0.71717,7.699,-0.205,-1,1001.432,-1,686.022,-1,670.676,622.297,-1,412.290,-1,-1,-1,-1,-1,-1,-1,-1,2,0,2,0,2,0,0,2,0,2,2,2,2,2,2,2,2
110,7530.265,-2221.537,425.811,-99.231,-0.159910,0.963994,-0.212473,-0.983954,-0.172916,-0.043986,-0.079142,0.202029,0.976177,0,-0.17194,-0.71717,7.362,-0.145,54.058,920.955,-1,655.299,-1,627.335,587.642,-1,415.455,-1,-1,-1,-1,-1,964.121,69.470,-1,1,0,2,0,2,0,0,2,0,2,2,2,2,2,0,1,2
111,7529.232,-2228.476,420.246,-99.330,-0.161385,0.965324,-0.205193,-0.982279,-0.177199,-0.061061,-0.095304,0.191702,0.976815,0,-0.17194,-0.71717,7.015,-0.099,48.369,830.253,-1,618.240,971.082,582.020,547.468,154.382,417.205,-1,-1,-1,-1,-1,906.092,62.253,-1,1,0,2,0,0,0,0,1,0,2,2,2,2,2,0,1,2
112,7528.183,-2235.263,414.323,-99.483,-0.163779,0.965803,-0.200998,-0.980450,-0.181886,-0.075067,-0.109059,0.184774,0.976711,0,-0.17194,-0.71717,6.868,-0.153,43.623,758.918,-1,584.365,922.809,543.352,514.362,149.203,414.048,-1,-1,-1,-1,-1,853.008,56.247,-1,1,0,2,0,0,0,0,1,0,2,2,2,2,2,0,1,2
113,7526.437,-2242.126,409.149,-99.797,-0.169040,0.965419,-0.198475,-0.978972,-0.187793,-0.079676,-0.114192,0.180833,0.976862,0,-0.17194,-0.71717,7.082,-0.313,41.014,724.931,-1,567.428,897.443,523.846,498.032,145.212,409.178,-1,-1,-1,-1,-1,827.724,53.044,-1,1,0,2,0,0,0,0,1,0,2,2,2,2,2,0,1,2
114,7523.945,-2249.111,405.250,-100.241,-0.176702,0.964507,-0.196223,-0.978064,-0.194407,-0.074817,-0.110309,0.178699,0.977701,0,-0.17194,-0.71717,7.416,-0.444,40.326,726.133,-1,568.799,897.770,524.650,499.040,142.365,405.356,-1,-1,-1,-1,-1,831.409,52.367,-1,1,0,2,0,0,0,0,1,0,2,2,2,2,2,0,1,2
115,7520.755,-2256.087,402.720,-100.781,-0.186114,0.963400,-0.192929,-0.977366,-0.201633,-0.064026,-0.100584,0.176646,0.979122,0,-0.17194,-0.71717,7.671,-0.541,41.151,751.332,-1,584.319,918.980,539.519,512.966,140.391,404.690,-1,-1,-1,-1,-1,856.404,53.705,-1,1,0,2,0,0,0,0,1,0,2,2,2,2,2,0,1,2
116,7517.180,-2262.878,401.430,-101.356,-0.196111,0.962248,-0.188731,-0.976485,-0.209216,-0.052022,-0.089544,0.174090,0.980650,0,-0.17194,-0.71717,7.675,-0.574,42.781,785.048,-1,606.422,950.872,559.576,532.055,138.907,407.245,-1,-1,-1,-1,-1,886.657,56.140,-1,1,0,2,0,0,0,0,1,0,2,2,2,2,2,0,1,2
117,7513.517,-2269.343,401.163,-101.916,-0.205798,0.961168,-0.183856,-0.975244,-0.216974,-0.042668,-0.080903,0.170524,0.982027,0,-0.17194,-0.71717,7.430,-0.560,44.559,814.016,-1,626.833,983.848,578.004,549.805,137.556,412.881,-1,-1,-1,-1,-1,915.405,58.799,-1,1,0,2,0,0,0,0,1,0,2,2,2,2,2,0,1,2
118,7509.784,-2275.156,401.826,-102.456,-0.215071,0.960228,-0.178065,-0.973665,-0.224952,-0.037051,-0.075634,0.165408,0.983321,0,-0.17194,-0.71717,6.909,-0.540,46.546,832.833,-1,641.943,-1,591.469,563.044,136.407,421.984,-1,-1,-1,-1,-1,938.865,61.763,-1,1,0,2,0,2,0,0,1,0,2,2,2,2,2,0,1,2
119,7506.190,-2279.893,403.462,-102.904,-0.222727,0.959283,-0.173694,-0.972186,-0.231795,-0.033538,-0.072433,0.161393,0.984228,0,-0.17194,-0.71717,5.946,-0.448,48.890,848.361,-1,654.839,-1,603.030,574.504,136.007,431.473,-1,-1,-1,-1,-1,957.843,65.179,-1,1,0,2,0,2,0,0,1,0,2,2,2,2,2,0,1,2
120,7502.912,-2283.358,405.938,-103.210,-0.227956,0.958310,-0.172272,-0.971142,-0.236521,-0.030667,-0.070134,0.160310,0.984572,0,-0.17194,-0.71717,4.770,-0.306,51.574,864.854,-1,666.186,-1,614.957,585.384,136.630,438.785,-1,-1,-1,-1,-1,971.741,68.979,-1,1,0,2,0,2,0,0,1,0,2,2,2,2,2,0,1,2
121,7500.031,-2285.564,408.894,-103.392,-0.231068,0.957305,-0.173707,-0.970492,-0.239434,-0.028566,-0.068937,0.161981,0.984383,0,-0.17194,-0.71717,3.629,-0.183,54.499,881.974,-1,674.543,-1,625.906,594.563,138.106,443.209,-1,-1,-1,-1,-1,979.991,73.026,-1,1,0,2,0,2,0,0,1,0,2,2,2,2,2,0,1,2
122,7497.556,-2286.699,411.896,-103.495,-0.232796,0.956228,-0.177297,-0.970045,-0.241324,-0.027850,-0.069417,0.165503,0.983763,0,-0.17194,-0.71717,2.723,-0.103,57.546,895.210,-1,678.476,-1,633.076,600.291,140.108,444.866,-1,-1,-1,-1,-1,981.706,77.182,-1,1,0,2,0,2,0,0,1,0,2,2,2,2,2,0,1,2
123,7495.385,-2287.035,414.523,-103.553,-0.233745,0.955127,-0.181921,-0.969634,-0.242830,-0.029059,-0.071931,0.169604,0.982884,0,-0.17194,-0.71717,2.197,-0.059,60.587,900.364,-1,677.306,-1,635.197,601.317,142.331,444.562,-1,-1,-1,-1,-1,975.862,-1,-1,1,0,2,0,2,0,0,1,0,2,2,2,2,2,0,2,2
124,4296.651,2961.848,215.934,-26.956,0.890847,0.447083,0.080674,-0.453053,0.887442,0.084791,-0.033685,-0.112085,0.993127,1,-0.17194,-0.71717,0.000,0.000,-1,562.865,-1,600.641,-1,479.749,489.261,474.726,570.152,-1,-1,-1,-1,973.880,985.403,-1,-1,2,0,2,0,2,0,0,0,0,2,2,2,2,0,0,2,2
125,4296.640,2961.578,219.873,-26.943,0.891018,0.447724,0.075036,-0.452890,0.888060,0.078990,-0.031271,-0.104365,0.994047,0,0.40723,-0.64912,0.270,0.013,-1,581.878,-1,609.947,-1,492.371,499.633,498.882,563.329,-1,-1,-1,-1,-1,1000.659,-1,-1,2,0,2,0,2,0,0,0,0,2,2,2,2,2,0,2,2
126,4296.991,2960.883,223.031,-26.957,0.891017,0.448759,0.068585,-0.453155,0.888256,0.075177,-0.027184,-0.098063,0.994809,0,0.40723,-0.64912,0.779,-0.014,-1,601.740,-1,621.638,-1,505.755,511.083,519.480,557.993,-1,-1,-1,-1,-1,-1,-1,-1,2,0,2,0,2,0,0,0,0,2,2,2,2,2,2,2,2
127,4297.670,2959.927,225.127,-26.958,0.891123,0.449603,0.061298,-0.453236,0.888435,0.072533,-0.021849,-0.092418,0.995481,0,0.40723,-0.64912,1.173,-0.001,-1,621.739,-1,633.875,-1,519.053,522.539,536.779,551.043,-1,-1,-1,-1,-1,-1,-1,-1,2,0,2,0,2,0,0,0,0,2,2,2,2,2,2,2,2
128,4298.644,2958.744,226.054,-26.952,0.891276,0.450316,0.053315,-0.453192,0.888620,0.070508,-0.015626,-0.087005,0.996085,0,0.40723,-0.64912,1.532,0.006,-1,641.233,-1,645.159,-1,531.603,533.287,551.212,541.149,-1,-1,-1,-1,-1,-1,-1,-1,2,0,2,0,2,0,0,0,0,2,2,2,2,2,2,2,2
129,4299.919,2957.348,225.839,-26.937,0.891470,0.450865,0.044749,-0.452993,0.888879,0.068497,-0.008894,-0.081334,0.996647,0,0.40723,-0.64912,1.891,0.015,-1,659.171,-1,654.767,-1,542.954,542.722,563.701,527.358,-1,-1,-1,-1,-1,-1,-1,-1,2,0,2,0,2,0,0,0,0,2,2,2,2,2,2,2,2
130,4301.491,2955.745,224.647,-26.909,0.891728,0.451141,0.035948,-0.452566,0.889276,0.066125,-0.002135,-0.075234,0.997164,0,0.40723,-0.64912,2.246,0.029,-1,676.127,-1,661.903,-1,552.503,550.333,574.789,509.963,-1,-1,-1,-1,-1,-1,-1,-1,2,0,2,0,2,0,0,0,0,2,2,2,2,2,2,2,2
131,4303.291,2954.111,223.012,-26.889,0.891883,0.451281,0.029840,-0.452260,0.889600,0.063820,0.002255,-0.070415,0.997515,0,0.40723,-0.64912,2.431,0.020,-1,685.981,-1,663.702,-1,556.934,553.309,581.818,494.299,-1,-1,-1,-1,-1,-1,-1,-1,2,0,2,0,2,0,0,0,0,2,2,2,2,2,2,2,2
132,4305.326,2952.622,221.376,-26.878,0.891964,0.451216,0.028367,-0.452098,0.889800,0.062157,0.002805,-0.068267,0.997663,0,0.40723,-0.64912,2.522,0.010,-1,684.303,-1,658.881,-1,554.433,550.125,582.449,484.189,-1,-1,-1,-1,-1,-1,-1,-1,2,0,2,0,2,0,0,0,0,2,2,2,2,2,2,2,2
133,4307.708,2951.330,219.962,-26.868,0.892049,0.450847,0.031397,-0.451939,0.889903,0.061844,-0.000058,-0.069357,0.997592,0,0.40723,-0.64912,2.710,0.010,-1,672.288,-1,649.424,-1,546.146,542.131,575.998,481.172,-1,-1,-1,-1,-1,-1,-1,-1,2,0,2,0,2,0,0,0,0,2,2,2,2,2,2,2,2
134,4310.513,2950.207,218.846,-26.860,0.892101,0.450231,0.038045,-0.451804,0.889869,0.063289,-0.005360,-0.073649,0.997270,0,0.40723,-0.64912,3.021,0.008,-1,653.101,-1,637.751,-1,534.018,531.298,563.167,485.482,-1,-1,-1,-1,-1,-1,-1,-1,2,0,2,0,2,0,0,0,0,2,2,2,2,2,2,2,2
135,4313.735,2949.202,217.968,-26.853,0.892106,0.449366,0.047077,-0.451665,0.889711,0.066434,-0.012031,-0.080529,0.996680,0,0.31182,-0.62447,3.376,0.007,-1,630.944,-1,625.701,-1,519.805,519.371,545.773,496.133,-1,-1,-1,-1,-1,-1,-1,-1,2,0,2,0,2,0,0,0,0,2,2,2,2,2,2,2,2
136,4317.350,2948.250,217.197,-26.838,0.892126,0.448172,0.057046,-0.451386,0.889522,0.070722,-0.019048,-0.088843,0.995863,0,0.31182,-0.62447,3.738,0.015,-1,607.957,-1,614.350,-1,505.422,507.649,526.465,510.986,-1,-1,-1,-1,-1,-1,-1,-1,2,0,2,0,2,0,0,0,0,2,2,2,2,2,2,2,2
137,4321.394,2947.192,216.453,-26.811,0.892211,0.446693,0.066527,-0.450903,0.889372,0.075520,-0.025433,-0.097377,0.994923,0,0.31182,-0.62447,4.180,0.027,-1,586.861,-1,604.610,-1,492.405,497.272,507.784,527.238,-1,-1,-1,-1,-1,995.665,-1,-1,2,0,2,0,2,0,0,0,0,2,2,2,2,2,0,2,2
138,4325.876,2945.817,215.967,-26.786,0.892300,0.445454,0.073290,-0.450463,0.889244,0.079555,-0.029735,-0.104002,0.994133,0,0.31182,-0.62447,4.688,0.025,-1,572.485,-1,598.419,-1,483.558,490.405,494.442,540.553,-1,-1,-1,-1,-1,981.595,-1,-1,2,0,2,0,2,0,0,0,0,2,2,2,2,2,0,2,2
139,4330.732,2944.024,215.830,-26.751,0.892517,0.444430,0.076787,-0.449881,0.889336,0.081777,-0.031945,-0.107532,0.993688,0,0.31182,-0.62447,5.176,0.035,-1,565.269,-1,595.253,-1,479.052,486.898,488.314,547.627,-1,-1,-1,-1,-1,974.313,-1,-1,2,0,2,0,2,0,0,0,0,2,2,2,2,2,0,2,2
140,4335.933,2941.819,215.963,-26.703,0.892882,0.443599,0.077341,-0.449126,0.889684,0.082151,-0.032367,-0.108087,0.993614,0,0.31182,-0.62447,5.649,0.048,-1,564.066,-1,594.277,-1,478.166,486.089,488.608,548.010,-1,-1,-1,-1,-1,972.069,-1,-1,2,0,2,0,2,0,0,0,0,2,2,2,2,2,0,2,2
141,4341.460,2939.235,216.181,-26.645,0.893357,0.442921,0.075717,-0.448242,0.890226,0.081095,-0.031486,-0.106386,0.993826,0,0.31182,-0.62447,6.102,0.057,-1,566.964,-1,594.517,-1,479.672,486.978,493.430,542.827,-1,-1,-1,-1,-1,972.807,-1,-1,2,0,2,0,2,0,0,0,0,2,2,2,2,2,0,2,2
142,4347.274,2936.342,216.299,-26.590,0.893833,0.442426,0.072949,-0.447398,0.890823,0.079182,-0.029953,-0.103413,0.994187,0,0.31182,-0.62447,6.494,0.055,-1,571.657,-1,594.914,-1,482.086,488.384,500.531,534.118,-1,-1,-1,-1,-1,974.091,-1,-1,2,0,2,0,2,0,0,0,0,2,2,2,2,2,0,2,2
143,4353.273,2933.098,216.248,-26.577,0.893974,0.442573,0.070286,-0.447220,0.891071,0.077380,-0.028383,-0.100609,0.994521,0,0.31182,-0.62447,6.819,0.013,-1,575.616,-1,594.923,-1,484.034,489.385,506.986,525.448,-1,-1,-1,-1,-1,975.009,-1,-1,2,0,2,0,2,0,0,0,0,2,2,2,2,2,0,2,2
144,4359.421,2929.599,216.067,-26.618,0.893672,0.443379,0.069033,-0.447864,0.890850,0.076190,-0.027717,-0.099006,0.994701,0,0.31182,-0.62447,7.074,-0.041,-1,576.161,-1,593.428,-1,483.952,488.787,510.751,519.368,-1,-1,-1,-1,-1,972.736,-1,-1,2,0,2,0,2,0,0,0,0,2,2,2,2,2,0,2,2
145,4365.743,2925.935,215.763,-26.701,0.893013,0.444652,0.069373,-0.449157,0.890230,0.075823,-0.028043,-0.098870,0.994705,0,0.31182,-0.62447,7.307,-0.083,-1,573.358,-1,590.479,-1,481.657,486.545,511.335,516.404,-1,-1,-1,-1,-1,967.332,-1,-1,2,0,2,0,2,0,0,0,0,2,2,2,2,2,0,2,2
146,4372.254,2922.130,215.381,-26.811,0.892116,0.446185,0.071046,-0.450862,0.889338,0.076172,-0.029197,-0.099987,0.994560,0,0.31182,-0.62447,7.541,-0.110,-1,567.860,-1,586.414,-1,477.709,482.999,509.255,516.125,-1,-1,-1,-1,-1,959.487,-1,-1,2,0,2,0,2,0,0,0,0,2,2,2,2,2,0,2,2
147,4378.977,2918.195,214.983,-26.943,0.891034,0.447940,0.073544,-0.452886,0.888245,0.076904,-0.030876,-0.101831,0.994322,0,0.31182,-0.62447,7.790,-0.132,-1,560.807,-1,581.672,-1,472.795,478.702,505.758,517.507,-1,-1,-1,-1,-1,950.149,-1,-1,2,0,2,0,2,0,0,0,0,2,2,2,2,2,0,2,2
148,4385.899,2914.133,214.663,-27.089,0.889820,0.449877,0.076357,-0.455129,0.887038,0.077599,-0.032821,-0.103801,0.994056,0,0.31182,-0.62447,8.027,-0.146,-1,553.340,-1,576.626,-1,467.594,474.153,502.280,519.706,-1,-1,-1,-1,-1,940.027,-1,-1,2,0,2,0,2,0,0,0,0,2,2,2,2,2,0,2,2
149,4392.967,2909.935,214.530,-27.244,0.888525,0.451961,0.079090,-0.457496,0.885811,0.077698,-0.034943,-0.105220,0.993835,0,0.31182,-0.62447,8.220,-0.155,-1,546.319,-1,571.315,-1,462.570,469.618,500.370,522.096,-1,-1,-1,-1,-1,928.980,-1,-1,2,0,2,0,2,0,0,0,0,2,2,2,2,2,0,2,2
150,4400.214,2905.555,214.565,-27.410,0.887134,0.454257,0.081504,-0.460046,0.884479,0.077811,-0.036742,-0.106525,0.993631,0,0.31182,-0.62447,8.467,-0.166,-1,540.321,-1,566.898,-1,458.310,465.828,499.198,524.865,-1,-1,-1,-1,995.573,919.990,-1,-1,2,0,2,0,2,0,0,0,0,2,2,2,2,0,0,2,2
151,4407.573,2901.015,214.726,-27.581,0.885717,0.456685,0.083327,-0.462666,0.883104,0.077896,-0.038013,-0.107546,0.993473,0,0.31182,-0.62447,8.647,-0.171,-1,535.726,-1,563.543,-1,455.056,462.848,498.972,527.432,-1,-1,-1,-1,977.843,913.564,-1,-1,2,0,2,0,2,0,0,0,0,2,2,2,2,0,0,2,2
152,4414.520,2896.605,215.266,-27.697,0.884796,0.458672,0.082193,-0.464465,0.882300,0.076282,-0.037531,-0.105670,0.993693,0,0.31182,-0.62447,8.229,-0.116,-1,537.086,-1,562.780,-1,455.583,462.760,505.206,524.612,-1,-1,-1,-1,991.433,913.008,-1,-1,2,0,2,0,2,0,0,0,0,2,2,2,2,0,0,2,2
153,4420.979,2892.287,216.342,-27.784,0.884197,0.460708,0.077094,-0.465860,0.881814,0.073331,-0.034198,-0.100754,0.994323,0,0.31182,-0.62447,7.769,-0.087,-1,547.054,-1,566.914,-1,461.721,467.421,519.094,516.853,-1,-1,-1,-1,-1,926.331,-1,-1,2,0,2,0,2,0,0,0,0,2,2,2,2,2,0,2,2
154,4427.047,2887.955,217.929,-27.871,0.883647,0.463065,0.068830,-0.467292,0.881350,0.069715,-0.028381,-0.093767,0.995190,0,0.31182,-0.62447,7.456,-0.087,-1,564.754,-1,575.616,-1,472.842,476.483,539.589,506.580,-1,-1,-1,-1,-1,952.856,-1,-1,2,0,2,0,2,0,0,0,0,2,2,2,2,2,0,2,2
155,4432.892,2883.545,219.822,-27.970,0.882998,0.465670,0.058876,-0.468902,0.880781,0.066001,-0.021122,-0.085886,0.996081,0,0.31182,-0.62447,7.322,-0.099,-1,586.530,-1,587.095,-1,487.007,488.325,563.743,495.896,-1,-1,-1,-1,-1,989.735,-1,-1,2,0,2,0,2,0,0,0,0,2,2,2,2,2,0,2,2
156,4438.474,2879.193,221.822,-28.101,0.882029,0.468558,0.049774,-0.470975,0.879910,0.062772,-0.014385,-0.078809,0.996786,0,-0.02752,-0.87834,7.078,-0.131,-1,607.759,-1,598.897,-1,500.753,499.979,587.372,487.589,-1,-1,-1,-1,-1,-1,-1,-1,2,0,2,0,2,0,0,0,0,2,2,2,2,2,2,2,2
157,4443.603,2875.114,223.798,-28.273,0.880654,0.471710,0.044036,-0.473650,0.878649,0.060272,-0.010261,-0.073936,0.997210,0,-0.02752,-0.87834,6.553,-0.172,-1,622.752,-1,607.226,-1,510.310,507.883,606.270,483.654,-1,-1,-1,-1,-1,-1,-1,-1,2,0,2,0,2,0,0,0,0,2,2,2,2,2,2,2,2
158,4448.412,2871.332,225.588,-28.467,0.879056,0.474881,0.041816,-0.476635,0.877153,0.058500,-0.008898,-0.071355,0.997411,0,-0.02752,-0.87834,6.118,-0.194,-1,629.618,-1,611.076,-1,514.917,511.576,619.153,483.522,-1,-1,-1,-1,-1,-1,-1,-1,2,0,2,0,2,0,0,0,0,2,2,2,2,2,2,2,2
159,4452.997,2867.800,227.006,-28.672,0.877342,0.477992,0.042357,-0.479766,0.875530,0.057199,-0.009744,-0.070504,0.997464,0,-0.02752,-0.87834,5.787,-0.205,-1,629.595,-1,610.709,-1,515.074,511.466,626.533,485.549,-1,-1,-1,-1,-1,-1,-1,-1,2,0,2,0,2,0,0,0,0,2,2,2,2,2,2,2,2
160,4457.394,2864.438,227.895,-28.884,0.875537,0.481085,0.044626,-0.483002,0.873819,0.056130,-0.011992,-0.070699,0.997426,0,-0.02752,-0.87834,5.536,-0.212,-1,624.640,-1,606.960,-1,511.840,508.378,629.583,487.993,-1,-1,-1,-1,-1,-1,-1,-1,2,0,2,0,2,0,0,0,0,2,2,2,2,2,2,2,2
161,4461.642,2861.182,228.165,-29.098,0.873694,0.484130,0.047724,-0.486247,0.872082,0.055102,-0.014943,-0.071348,0.997340,0,-0.02752,-0.87834,5.352,-0.214,-1,616.521,-1,600.699,-1,506.274,503.152,629.549,489.506,-1,-1,-1,-1,-1,-1,-1,-1,2,0,2,0,2,0,0,0,0,2,2,2,2,2,2,2,2
162,4465.788,2857.962,227.795,-29.311,0.871837,0.487130,0.051026,-0.489463,0.870342,0.054133,-0.018041,-0.072171,0.997229,0,-0.02752,-0.87834,5.249,-0.213,-1,606.616,-1,592.854,-1,499.277,496.580,627.162,489.522,-1,-1,-1,-1,-1,-1,-1,-1,2,0,2,0,2,0,0,0,0,2,2,2,2,2,2,2,2
163,4469.855,2854.744,226.817,-29.523,0.869963,0.490126,0.054229,-0.492669,0.868587,0.053234,-0.021012,-0.073029,0.997108,0,-0.02752,-0.87834,5.187,-0.213,-1,595.663,1005.963,583.959,-1,491.357,489.112,622.917,487.868,-1,-1,-1,-1,-1,997.756,-1,-1,2,0,1,0,2,0,0,0,0,2,2,2,2,2,0,2,2
164,4473.866,2851.495,225.302,-29.739,0.868045,0.493167,0.057314,-0.495916,0.866781,0.052521,-0.023777,-0.074014,0.996974,0,-0.02752,-0.87834,5.161,-0.216,-1,583.918,994.973,574.384,-1,482.751,481.008,616.814,484.923,-1,-1,-1,-1,-1,973.806,-1,-1,2,0,1,0,2,0,0,0,0,2,2,2,2,2,0,2,2
165,4477.863,2848.206,223.349,-29.961,0.866064,0.496271,0.060406,-0.499239,0.864892,0.052185,-0.026347,-0.075353,0.996809,0,-0.02752,-0.87834,5.177,-0.222,-1,571.449,983.883,564.465,-1,473.598,472.468,608.660,481.419,-1,-1,-1,-1,-1,950.739,-1,-1,2,0,1,0,2,0,0,0,0,2,2,2,2,2,0,2,2
166,4481.938,2844.865,221.227,-30.189,0.864031,0.499385,0.063762,-0.502654,0.862808,0.053867,-0.028114,-0.078593,0.996510,0,-0.02752,-0.87834,5.269,-0.228,-1,559.094,973.790,556.837,-1,465.050,465.057,595.543,481.312,-1,-1,-1,-1,-1,936.135,-1,-1,2,0,1,0,2,0,0,0,0,2,2,2,2,2,0,2,2
167,4486.190,2841.513,219.074,-30.428,0.861905,0.502553,0.067533,-0.506250,0.860415,0.058286,-0.028815,-0.084426,0.996013,0,-0.02752,-0.87834,5.415,-0.239,-1,547.233,965.125,552.641,-1,457.599,459.456,576.521,486.589,-1,-1,-1,-1,-1,932.564,-1,-1,2,0,1,0,2,0,0,0,0,2,2,2,2,2,0,2,2
168,4490.627,2838.141,216.889,-30.689,0.859597,0.505857,0.072117,-0.510159,0.857598,0.065294,-0.028818,-0.092918,0.995257,0,-0.02752,-0.87834,5.573,-0.260,-1,535.114,957.284,551.199,-1,450.655,455.117,552.322,497.758,-1,-1,-1,-1,-1,938.843,-1,-1,2,0,1,0,2,0,0,0,0,2,2,2,2,2,0,2,2
169,4495.205,2834.841,214.830,-30.950,0.857222,0.508950,0.078362,-0.514062,0.854699,0.072311,-0.030173,-0.102270,0.994299,0,-0.02752,-0.87834,5.642,-0.262,-1,520.621,947.494,548.013,-1,441.977,449.308,527.634,511.741,-1,-1,-1,-1,976.897,939.346,-1,-1,2,0,1,0,2,0,0,0,0,2,2,2,2,0,0,2,2
170,4499.839,2831.675,213.033,-31.194,0.854918,0.511453,0.086786,-0.517631,0.852077,0.077600,-0.034259,-0.111265,0.993200,0,-0.02752,-0.87834,5.613,-0.243,-1,502.523,934.066,540.138,-1,430.260,440.350,505.282,526.284,-1,-1,-1,-1,893.497,922.866,-1,-1,2,0,1,0,2,0,0,0,0,2,2,2,2,0,0,2,2
171,4504.326,2828.688,211.765,-31.395,0.852935,0.513348,0.094740,-0.520527,0.850079,0.080107,-0.039414,-0.117641,0.992274,0,-0.02752,-0.87834,5.390,-0.201,-1,485.879,920.069,530.129,-1,418.812,430.838,489.944,536.849,-1,-1,-1,-1,823.738,897.460,-1,-1,2,0,1,0,2,0,0,0,0,2,2,2,2,0,0,2,2
172,4508.587,2825.608,211.224,-31.589,0.851037,0.515543,0.099757,-0.523327,0.848331,0.080396,-0.043179,-0.120626,0.991759,0,-0.02752,-0.87834,5.258,-0.194,-1,475.340,909.176,522.499,-1,411.220,424.151,483.011,541.849,-1,-1,-1,-1,785.430,878.586,-1,-1,2,0,1,0,2,0,0,0,0,2,2,2,2,0,0,2,2
173,4512.686,2822.392,211.327,-31.767,0.849344,0.518044,0.101215,-0.525941,0.846833,0.079116,-0.044727,-0.120429,0.991714,0,-0.02752,-0.87834,5.210,-0.179,-1,471.629,902.276,518.606,-1,408.243,421.128,484.003,541.285,-1,-1,-1,-1,775.227,869.748,-1,-1,2,0,1,0,2,0,0,0,0,2,2,2,2,0,0,2,2
174,4516.625,2819.108,211.897,-31.925,0.847900,0.520639,0.100002,-0.528287,0.845567,0.076995,-0.044472,-0.118115,0.992004,0,-0.02752,-0.87834,5.128,-0.158,-1,473.029,898.535,517.861,-1,408.814,421.022,490.602,537.185,-1,-1,-1,-1,779.548,869.376,-1,-1,2,0,1,0,2,0,0,0,0,2,2,2,2,0,0,2,2
175,4520.430,2815.810,212.717,-32.066,0.846656,0.523191,0.097183,-0.530408,0.844432,0.074845,-0.042906,-0.114915,0.992448,0,-0.02752,-0.87834,5.036,-0.141,-1,477.444,896.997,519.565,-1,411.719,422.971,499.811,531.945,-1,-1,-1,-1,797.245,875.942,-1,-1,2,0,1,0,2,0,0,0,0,2,2,2,2,0,0,2,2
176,4524.105,2812.557,213.567,-32.206,0.845432,0.525760,0.093926,-0.532526,0.843249,0.073128,-0.040756,-0.111843,0.992890,0,-0.02752,-0.87834,4.908,-0.140,-1,482.780,896.435,522.489,-1,415.390,425.782,509.050,527.280,-1,-1,-1,-1,823.042,887.190,-1,-1,2,0,1,0,2,0,0,0,0,2,2,2,2,0,0,2,2
177,4527.651,2809.404,214.265,-32.347,0.844192,0.528222,0.091219,-0.534636,0.842011,0.071992,-0.038780,-0.109544,0.993225,0,-0.02752,-0.87834,4.746,-0.140,-1,487.196,895.618,525.211,-1,418.374,428.244,516.402,524.035,-1,-1,-1,-1,842.837,898.274,-1,-1,2,0,1,0,2,0,0,0,0,2,2,2,2,0,0,2,2
178,4531.067,2806.394,214.700,-32.485,0.842936,0.530493,0.089642,-0.536705,0.840747,0.071365,-0.037508,-0.108267,0.993414,0,-0.02752,-0.87834,4.553,-0.139,-1,489.428,893.693,526.590,-1,419.868,429.577,520.891,522.321,-1,-1,-1,-1,852.978,905.837,-1,-1,2,0,1,0,2,0,0,0,0,2,2,2,2,0,0,2,2
179,4534.354,2803.540,214.841,-32.625,0.841643,0.532608,0.089250,-0.538766,0.839440,0.071219,-0.036988,-0.108026,0.993460,0,-0.02752,-0.87834,4.352,-0.140,-1,489.371,890.566,526.596,-1,419.739,429.554,522.339,522.038,-1,-1,-1,-1,854.019,909.449,-1,-1,2,0,1,0,2,0,0,0,0,2,2,2,2,0,0,2,2
180,4537.490,2800.837,214.749,-32.767,0.840305,0.534634,0.089738,-0.540849,0.838079,0.071458,-0.037004,-0.108582,0.993399,0,-0.02752,-0.87834,4.140,-0.142,-1,487.559,886.628,525.616,-1,418.407,428.535,521.408,522.832,-1,-1,-1,-1,848.222,910.318,-1,-1,2,0,1,0,2,0,0,0,0,2,2,2,2,0,0,2,2
181,4540.643,2798.024,214.528,-32.927,0.838806,0.536860,0.090477,-0.543199,0.836444,0.072782,-0.036605,-0.110197,0.993235,0,0.42267,-1.00000,4.225,-0.160,-1,485.518,883.058,525.642,-1,417.180,427.935,518.000,525.750,-1,-1,-1,-1,841.569,915.545,-1,-1,2,0,1,0,2,0,0,0,0,2,2,2,2,0,0,2,2
182,4544.034,2794.782,214.275,-33.134,0.836884,0.539793,0.090828,-0.546255,0.834220,0.075381,-0.035080,-0.112700,0.993010,0,0.42267,-1.00000,4.691,-0.207,-1,484.537,880.638,527.967,-1,417.095,428.744,512.909,530.803,-1,-1,-1,-1,838.865,930.332,-1,-1,2,0,1,0,2,0,0,0,0,2,2,2,2,0,0,2,2
183,4547.652,2791.204,214.062,-33.367,0.834705,0.543154,0.090839,-0.549691,0.831733,0.077841,-0.033274,-0.114907,0.992819,0,0.42267,-1.00000,5.089,-0.233,-1,484.082,878.340,530.634,-1,417.367,429.822,508.644,535.339,-1,-1,-1,-1,838.111,947.166,-1,-1,2,0,1,0,2,0,0,0,0,2,2,2,2,0,0,2,2
184,4551.400,2787.300,213.952,-33.627,0.832243,0.546948,0.090663,-0.553505,0.829044,0.079492,-0.031686,-0.116339,0.992704,0,0.42267,-1.00000,5.412,-0.260,-1,483.713,875.637,532.616,-1,417.530,430.488,506.018,538.287,-1,-1,-1,-1,837.711,961.830,-1,-1,2,0,1,0,2,0,0,0,0,2,2,2,2,0,0,2,2
185,4555.273,2783.062,213.925,-33.913,0.829505,0.551157,0.090259,-0.557669,0.826190,0.080095,-0.030427,-0.116774,0.992692,0,0.42267,-1.00000,5.741,-0.286,-1,483.327,872.368,533.527,-1,417.437,430.630,505.296,538.981,-1,-1,-1,-1,837.720,972.914,-1,-1,2,0,1,0,2,0,0,0,0,2,2,2,2,0,0,2,2
186,4559.221,2778.497,213.998,-34.230,0.826421,0.555852,0.089761,-0.562278,0.823090,0.079791,-0.029529,-0.116412,0.992762,0,0.42267,-1.00000,6.036,-0.318,-1,482.784,868.561,534.185,-1,417.036,430.258,506.367,537.941,-1,-1,-1,-1,836.693,980.695,-1,-1,2,0,1,0,2,0,0,0,0,2,2,2,2,0,0,2,2
187,4563.184,2773.596,214.176,-34.607,0.822724,0.561325,0.089668,-0.567698,0.819427,0.079108,-0.029071,-0.115988,0.992825,0,0.42267,-1.00000,6.302,-0.376,-1,481.348,864.191,534.208,-1,416.087,429.361,507.763,536.986,-1,-1,-1,-1,831.838,986.122,-1,-1,2,0,1,0,2,0,0,0,0,2,2,2,2,0,0,2,2
188,4567.171,2768.441,214.436,-35.033,0.818470,0.567405,0.090322,-0.573802,0.815255,0.078172,-0.029280,-0.115809,0.992840,0,0.42267,-1.00000,6.517,-0.426,-1,478.625,858.953,533.249,-1,414.240,427.670,508.790,536.783,-1,-1,-1,-1,821.160,987.986,-1,-1,2,0,1,0,2,0,0,0,0,2,2,2,2,0,0,2,2
189,4571.384,2763.039,214.720,-35.461,0.814153,0.573499,0.090846,-0.579902,0.811030,0.077099,-0.029463,-0.115452,0.992876,0,0.42267,-1.00000,6.850,-0.428,-1,476.018,853.536,532.239,-1,412.443,425.975,510.237,536.211,-1,-1,-1,-1,811.251,989.750,-1,-1,2,0,1,0,2,0,0,0,0,2,2,2,2,0,0,2,2
190,4575.813,2757.318,214.988,-35.899,0.809706,0.579750,0.090921,-0.586116,0.806620,0.076373,-0.029061,-0.115130,0.992925,0,0.42267,-1.00000,7.235,-0.438,-1,474.170,848.643,532.312,-1,411.128,424.934,511.838,535.712,-1,-1,-1,-1,803.907,995.987,-1,-1,2,0,1,0,2,0,0,0,0,2,2,2,2,0,0,2,2
191,4580.439,2751.248,215.179,-36.351,0.805094,0.586226,0.090347,-0.592498,0.801952,0.076288,-0.027732,-0.114949,0.992984,0,0.42267,-1.00000,7.632,-0.451,-1,473.420,844.684,534.071,-1,410.725,424.887,513.087,535.597,-1,-1,-1,-1,800.665,-1,-1,-1,2,0,1,0,2,0,0,0,0,2,2,2,2,0,2,2,2
192,4585.181,2744.848,215.302,-36.819,0.800264,0.592965,0.089272,-0.599098,0.796993,0.076704,-0.025666,-0.114867,0.993049,0,0.42267,-1.00000,7.966,-0.469,-1,473.502,841.494,537.111,-1,411.020,425.607,513.255,535.715,-1,-1,-1,-1,800.405,-1,-1,-1,2,0,1,0,2,0,0,0,0,2,2,2,2,0,2,2,2
193,4589.894,2738.165,215.444,-37.314,0.795110,0.600069,0.087846,-0.606021,0.791687,0.077260,-0.023185,-0.114666,0.993133,0,0.42267,-1.00000,8.177,-0.495,-1,474.415,838.912,540.981,-1,411.808,426.918,513.803,535.599,-1,-1,-1,-1,801.993,-1,-1,-1,2,0,1,0,2,0,0,0,0,2,2,2,2,0,2,2,2
194,4594.623,2731.208,215.592,-37.836,0.789601,0.607500,0.086450,-0.613270,0.786040,0.077728,-0.020733,-0.114391,0.993219,0,0.42267,-1.00000,8.412,-0.522,-1,475.229,836.289,544.788,-1,412.539,428.481,514.526,535.268,-1,-1,-1,-1,804.473,-1,990.186,-1,2,0,1,0,2,0,0,0,0,2,2,2,2,0,2,1,2
195,4599.480,2724.067,215.737,-38.363,0.783951,0.614940,0.085264,-0.620538,0.780328,0.077601,-0.018814,-0.113745,0.993332,0,0.42267,-1.00000,8.637,-0.528,-1,475.231,832.827,547.261,-1,412.750,429.101,515.919,533.862,-1,-1,-1,-1,804.640,-1,967.988,-1,2,0,1,0,2,0,0,0,0,2,2,2,2,0,2,1,2
196,4604.570,2716.749,215.903,-38.872,0.778439,0.622059,0.084117,-0.627484,0.774805,0.077077,-0.017227,-0.112782,0.993470,0,0.42267,-1.00000,8.914,-0.508,-1,474.682,828.671,549.604,-1,412.595,429.209,517.989,531.679,-1,-1,-1,-1,798.497,-1,946.169,-1,2,0,1,0,2,0,0,0,0,2,2,2,2,1,2,1,2
197,4609.714,2709.216,216.131,-39.403,0.772605,0.629374,0.083483,-0.634684,0.768975,0.076508,-0.016044,-0.112096,0.993568,0,0.42267,-1.00000,9.122,-0.531,-1,473.371,820.026,552.250,-1,411.916,428.890,518.932,530.397,-1,-1,-1,-1,768.875,-1,906.003,-1,2,0,1,0,2,0,0,0,0,2,2,2,2,1,2,1,2
198,4614.840,2701.504,216.475,-39.943,0.766606,0.636783,0.082601,-0.641951,0.762971,0.075985,-0.014636,-0.111277,0.993682,0,0.42267,-1.00000,9.260,-0.540,-1,472.668,810.373,555.681,-1,411.622,429.047,519.941,529.198,-1,-1,-1,-1,739.438,-1,863.828,-1,2,0,1,0,2,0,0,0,0,2,2,2,2,1,2,1,2
199,4619.948,2693.536,216.848,-40.496,0.760389,0.644330,0.081531,-0.649343,0.756686,0.076026,-0.012707,-0.110751,0.993767,0,0.42267,-1.00000,9.464,-0.553,-1,472.611,801.539,560.686,-1,411.841,429.964,520.354,528.925,-1,-1,-1,-1,709.935,-1,843.584,-1,2,0,1,0,2,0,0,0,0,2,2,2,2,1,2,1,2
200,4624.948,2685.343,217.217,-41.081,0.753741,0.652212,0.080587,-0.657088,0.749910,0.076615,-0.010464,-0.110701,0.993799,0,0.42267,-1.00000,9.599,-0.585,-1,472.686,793.078,567.109,-1,412.327,431.344,519.646,529.895,-1,-1,-1,-1,680.275,-1,825.592,-1,2,0,1,0,2,0,0,0,0,2,2,2,2,1,2,1,2
201,4629.864,2676.950,217.610,-41.712,0.746471,0.660586,0.080039,-0.665368,0.742463,0.077682,-0.008110,-0.111242,0.993760,0,0.42267,-1.00000,9.727,-0.631,-1,472.790,-1,574.518,-1,412.829,432.977,517.856,532.485,-1,-1,-1,-1,659.337,-1,807.177,-1,2,0,2,0,2,0,0,0,0,2,2,2,2,1,2,1,2
202,4634.715,2668.384,218.026,-42.392,0.738542,0.669423,0.080182,-0.674181,0.734324,0.079043,-0.005967,-0.112434,0.993641,0,0.42368,-1.00000,9.844,-0.679,-1,472.135,-1,582.219,-1,412.929,434.985,514.123,536.841,-1,-1,-1,-1,646.338,-1,794.760,-1,2,0,2,0,2,0,0,0,0,2,2,2,2,1,2,1,2
203,4639.623,2659.609,218.472,-43.073,0.730480,0.678214,0.080161,-0.682925,0.726044,0.080458,-0.003633,-0.113517,0.993529,0,0.44898,-0.68160,10.053,-0.681,-1,471.635,-1,591.108,-1,413.848,438.039,510.857,541.076,-1,-1,-1,-1,637.933,-1,773.881,-1,2,0,2,0,2,0,0,0,0,2,2,2,2,1,2,1,2
204,4644.574,2650.615,218.975,-43.741,0.722470,0.686815,0.079512,-0.691401,0.717833,0.081732,-0.000942,-0.114023,0.993478,0,0.45148,-0.68160,10.266,-0.668,-1,472.097,-1,600.905,-1,415.537,441.624,508.936,544.025,-1,-1,-1,-1,629.989,-1,753.558,-1,2,0,2,0,2,0,0,0,0,2,2,2,2,1,2,1,2
205,4650.240,2639.552,219.749,-44.564,0.712458,0.697396,0.077738,-0.701708,0.707596,0.083149,0.002981,-0.113789,0.993500,0,0.45392,-0.68160,12.431,-0.823,934.338,474.467,-1,614.986,-1,418.809,447.240,508.749,545.940,-1,-1,-1,-1,621.433,-1,729.654,-1,1,0,2,0,2,0,0,0,0,2,2,2,2,1,2,1,2
206,4653.873,2631.973,220.324,-45.134,0.705433,0.704671,0.076185,-0.708750,0.700391,0.084408,0.006120,-0.113540,0.993515,0,0.45694,-0.68160,8.404,-0.570,907.968,477.003,-1,626.418,-1,421.731,451.939,508.441,547.226,-1,-1,-1,-1,616.213,-1,713.820,-1,1,0,2,0,2,0,0,0,0,2,2,2,2,1,2,1,2
207,4658.114,2622.349,221.164,-45.892,0.695976,0.714202,0.074386,-0.717992,0.690682,0.086288,0.010250,-0.113463,0.993489,0,0.45904,-0.68160,10.517,-0.758,857.280,480.888,-1,642.346,-1,425.885,458.541,506.880,549.898,-1,-1,-1,-1,610.022,-1,693.904,-1,1,0,2,0,2,0,0,0,0,2,2,2,2,1,2,1,2
208,4662.188,2612.573,222.085,-46.705,0.685684,0.724207,0.073225,-0.727762,0.680118,0.088334,0.014170,-0.113859,0.993396,0,0.46185,-0.68160,10.590,-0.813,796.226,484.783,-1,658.671,-1,429.855,465.534,504.332,554.118,-1,-1,-1,-1,603.713,-1,673.586,-1,1,0,2,0,2,0,0,0,0,2,2,2,2,1,2,1,2
209,4666.411,2602.639,223.006,-47.491,0.675600,0.733733,0.072110,-0.737050,0.669784,0.090252,0.017923,-0.114123,0.993305,0,0.46488,-0.68160,10.795,-0.786,754.625,488.420,-1,674.883,-1,434.851,474.137,502.657,557.986,-1,-1,-1,-1,597.348,-1,653.760,-1,1,0,2,0,2,0,0,0,0,2,2,2,2,1,2,1,2
210,4670.669,2592.501,223.929,-48.283,0.665304,0.743137,0.071536,-0.746268,0.659237,0.092142,0.021315,-0.114687,0.993173,0,0.46780,-0.68160,10.996,-0.792,730.674,491.309,-1,691.145,-1,440.121,482.396,500.281,562.649,-1,-1,-1,-1,590.675,-1,633.917,-1,1,0,2,0,2,0,0,0,0,2,2,2,2,1,2,1,2
211,4675.026,2582.149,224.818,-49.063,0.655030,0.752238,0.071236,-0.755204,0.648705,0.094067,0.024550,-0.115415,0.993014,0,0.47073,-0.68160,11.232,-0.780,718.800,493.795,-1,707.065,-1,445.041,490.451,496.368,567.660,-1,-1,-1,-1,583.818,-1,614.278,-1,1,0,2,0,2,0,0,0,0,2,2,2,2,1,2,1,2
212,4679.534,2571.589,225.677,-49.811,0.645062,0.760861,0.070602,-0.763617,0.638484,0.096059,0.028010,-0.115877,0.992869,0,0.47362,-0.68160,11.482,-0.748,693.060,496.785,-1,723.199,-1,450.325,498.871,492.932,571.901,-1,-1,-1,-1,577.128,-1,607.856,-1,1,0,2,0,2,0,0,0,0,2,2,2,2,1,2,1,2
213,4683.895,2560.830,226.589,-50.574,0.634769,0.769489,0.070392,-0.772056,0.627877,0.098491,0.031590,-0.116865,0.992645,0,0.47636,-0.68160,11.609,-0.763,667.562,501.949,-1,741.139,-1,455.927,507.973,488.538,577.851,-1,-1,-1,-1,614.015,-1,601.469,-1,1,0,2,0,2,0,0,0,0,2,2,2,2,1,2,1,2
214,4687.992,2549.924,227.553,-51.399,0.623510,0.778572,0.071137,-0.781036,0.616241,0.101146,0.034912,-0.118626,0.992325,0,0.47916,-0.68160,11.650,-0.826,641.591,506.779,-1,760.520,-1,461.970,518.029,482.636,586.209,-1,-1,-1,-1,612.627,-1,594.712,-1,1,0,2,0,2,0,0,0,0,2,2,2,2,1,2,1,2
215,4691.875,2538.828,228.609,-52.250,0.611767,0.787772,0.071804,-0.790097,0.604090,0.104031,0.038576,-0.120375,0.991979,0,0.48222,-0.68160,11.755,-0.850,616.065,512.544,-1,780.483,-1,470.865,529.336,476.964,597.157,-1,-1,-1,-1,611.652,-1,588.590,-1,1,0,2,0,2,0,0,0,0,2,2,2,2,1,2,1,2
216,4695.608,2527.500,229.639,-53.114,0.599691,0.796970,0.072180,-0.799110,0.591635,0.106726,0.042353,-0.121682,0.991665,0,0.48539,-0.68160,11.927,-0.864,591.042,518.793,-1,800.509,-1,480.415,540.991,471.965,611.298,-1,-1,-1,-1,611.063,-1,582.900,-1,1,0,2,0,2,0,0,0,0,2,2,2,2,1,2,1,2
217,4699.199,2515.907,230.606,-53.994,0.587236,0.806197,0.072110,-0.808086,0.578837,0.109291,0.046370,-0.122450,0.991391,0,0.48860,-0.68160,12.137,-0.880,566.480,526.030,-1,821.307,-1,490.617,553.173,467.687,622.824,-1,-1,-1,-1,610.814,-1,577.755,-1,1,0,2,0,2,0,0,0,0,2,2,2,2,1,2,1,2
218,4702.641,2504.076,231.531,-54.874,0.574641,0.815288,0.071367,-0.816834,0.565950,0.111727,0.050700,-0.122498,0.991173,0,0.49188,-0.68160,12.321,-0.880,544.820,538.416,-1,840.423,-1,501.688,565.997,464.313,630.837,-1,-1,-1,-1,610.642,-1,573.036,-1,1,0,2,0,2,0,0,0,0,2,2,2,2,1,2,1,2
219,4705.761,2492.046,232.486,-55.781,0.561508,0.824467,0.070449,-0.825635,0.552559,0.114046,0.055100,-0.122203,0.990974,0,0.49515,-0.68160,12.428,-0.907,538.551,551.642,-1,858.258,-1,514.356,579.554,460.445,637.456,-1,-1,-1,-1,-1,-1,560.945,-1,1,0,2,0,2,0,0,0,0,2,2,2,2,2,2,1,2
220,4708.680,2479.799,233.400,-56.713,0.547879,0.833654,0.069638,-0.834465,0.538727,0.115939,0.059137,-0.121631,0.990812,0,0.49854,-0.68160,12.590,-0.932,532.297,564.476,-1,874.643,-1,526.971,592.504,457.740,642.409,-1,-1,-1,-1,-1,-1,548.417,-1,1,0,2,0,2,0,0,0,0,2,2,2,2,2,2,1,2
221,4711.405,2467.458,234.330,-57.644,0.534122,0.842639,0.068366,-0.843071,0.524892,0.117132,0.062816,-0.120200,0.990760,0,0.38617,-1.00000,12.638,-0.931,526.599,578.008,-1,888.758,-1,539.392,604.762,456.460,643.170,-1,-1,-1,-1,-1,-1,526.065,-1,1,0,2,0,2,0,0,0,0,2,2,2,2,2,2,1,2
222,4713.804,2455.061,235.260,-58.604,0.519826,0.851586,0.067694,-0.851752,0.510580,0.117590,0.065575,-0.118785,0.990752,0,0.38885,-1.00000,12.627,-0.960,520.538,590.985,-1,897.581,-1,550.051,614.763,454.668,643.766,-1,-1,-1,-1,-1,-1,518.222,-1,1,0,2,0,2,0,0,0,0,2,2,2,2,2,2,1,2
223,4715.997,2442.583,236.122,-59.590,0.505035,0.860437,0.067726,-0.860459,0.495807,0.117413,0.067448,-0.117573,0.990771,0,0.39163,-1.00000,12.670,-0.986,513.868,601.608,-1,903.415,-1,558.496,622.777,451.459,644.711,-1,-1,-1,-1,-1,-1,531.276,-1,1,0,2,0,2,0,0,0,0,2,2,2,2,2,2,1,2
224,4718.099,2430.049,236.971,-60.547,0.490542,0.868789,0.067629,-0.868699,0.481411,0.116641,0.068779,-0.115967,0.990869,0,0.39448,-1.00000,12.708,-0.957,507.293,611.208,-1,906.822,-1,565.900,629.462,448.950,643.520,-1,-1,-1,-1,-1,-1,533.301,-1,1,0,2,0,2,0,0,0,0,2,2,2,2,2,2,1,2
225,4719.922,2417.484,237.883,-61.517,0.475734,0.876972,0.067804,-0.876811,0.466698,0.115740,0.069857,-0.114512,0.990963,0,0.39725,-1.00000,12.696,-0.970,492.808,620.595,-1,909.792,-1,573.235,635.839,447.013,643.348,-1,-1,-1,-1,-1,-1,536.234,-1,1,0,2,0,2,0,0,0,0,2,2,2,2,2,2,1,2
226,4721.523,2404.813,238.793,-62.513,0.460387,0.885075,0.068461,-0.884893,0.451407,0.114873,0.070767,-0.113466,0.991018,0,0.40006,-1.00000,12.772,-0.996,463.167,629.321,-1,912.769,-1,580.241,641.889,444.116,645.015,-1,-1,-1,-1,-1,-1,-1,-1,1,0,2,0,2,0,0,0,0,2,2,2,2,2,2,2,2
227,4722.930,2392.060,239.726,-63.491,0.445179,0.892824,0.068414,-0.892535,0.436287,0.114171,0.072087,-0.111888,0.991103,0,0.40296,-1.00000,12.831,-0.978,454.066,639.817,-1,916.580,-1,587.943,647.994,441.680,644.423,-1,-1,-1,-1,-1,-1,-1,-1,1,0,2,0,2,0,0,0,0,2,2,2,2,2,2,2,2
228,4724.050,2379.210,240.673,-64.480,0.429636,0.900459,0.067731,-0.899950,0.420816,0.114033,0.074180,-0.109947,0.991165,0,0.40580,-1.00000,12.898,-0.989,466.725,653.124,-1,922.812,-1,597.715,656.085,439.842,642.476,-1,-1,-1,-1,-1,-1,-1,-1,1,0,2,0,2,0,0,0,0,2,2,2,2,2,2,2,2
229,4725.001,2366.241,241.563,-65.481,0.413793,0.907897,0.067078,-0.907177,0.405053,0.113855,0.076198,-0.107964,0.991230,0,0.40867,-1.00000,13.005,-1.001,468.127,666.258,-1,928.697,-1,607.338,663.965,437.979,640.049,-1,-1,-1,-1,-1,-1,-1,-1,1,0,2,0,2,0,0,0,0,2,2,2,2,2,2,2,2
230,4725.793,2353.141,242.398,-66.486,0.397761,0.915054,0.066809,-0.914169,0.389080,0.113633,0.077986,-0.106273,0.991274,0,0.41159,-0.99595,13.124,-1.005,470.230,678.461,-1,934.068,-1,616.464,671.308,435.861,639.918,-1,-1,-1,-1,-1,-1,-1,-1,1,0,2,0,2,0,0,0,0,2,2,2,2,2,2,2,2
231,4726.301,2340.073,243.320,-67.516,0.381215,0.922053,0.067035,-0.921074,0.372584,0.113153,0.079357,-0.104880,0.991314,0,0.41451,-0.98655,13.078,-1.030,-1,689.764,-1,938.760,-1,623.902,676.997,432.887,642.041,-1,-1,-1,-1,-1,-1,-1,-1,2,0,2,0,2,0,0,0,0,2,2,2,2,2,2,2,2
232,4726.528,2326.994,244.360,-68.565,0.364280,0.928809,0.067923,-0.927843,0.355697,0.112189,0.080042,-0.103890,0.991363,0,0.41753,-0.97688,13.081,-1.048,-1,698.692,-1,941.970,-1,629.620,680.201,429.493,646.988,-1,-1,-1,-1,-1,-1,-1,-1,2,0,2,0,2,0,0,0,0,2,2,2,2,2,2,2,2
233,4726.604,2313.822,245.436,-69.601,0.347420,0.935191,0.068674,-0.934231,0.338900,0.111168,0.080690,-0.102780,0.991426,0,0.42060,-0.96703,13.172,-1.036,-1,706.502,-1,945.616,-1,635.401,683.420,426.395,651.342,-1,-1,-1,-1,-1,-1,-1,-1,2,0,2,0,2,0,0,0,0,2,2,2,2,2,2,2,2
234,4726.496,2300.546,246.551,-70.611,0.330864,0.941175,0.068685,-0.940130,0.322440,0.110403,0.081762,-0.101101,0.991511,0,0.42363,-0.95729,13.276,-1.010,-1,716.421,-1,950.685,-1,642.504,687.682,424.634,652.657,-1,-1,-1,-1,-1,-1,-1,-1,2,0,2,0,2,0,0,0,0,2,2,2,2,2,2,2,2
235,4726.120,2287.179,247.571,-71.644,0.313848,0.946932,0.069425,-0.945903,0.305497,0.109262,0.082254,-0.099961,0.991586,0,0.42658,-0.94781,13.372,-1.033,-1,723.911,-1,953.700,-1,647.082,690.471,421.615,655.289,-1,-1,-1,-1,-1,-1,-1,-1,2,0,2,0,2,0,0,0,0,2,2,2,2,2,2,2,2
236,4725.594,2273.715,248.465,-72.681,0.296688,0.952373,0.070445,-0.951445,0.288450,0.107466,0.082028,-0.098908,0.991710,0,0.42961,-0.93809,13.474,-1.037,-1,727.182,-1,953.234,-1,648.129,691.219,417.951,657.302,-1,-1,-1,-1,-1,-1,-1,-1,2,0,2,0,2,0,0,0,0,2,2,2,2,2,2,2,2
237,4724.926,2260.137,249.240,-73.698,0.279782,0.957401,0.071445,-0.956634,0.271725,0.104965,0.081080,-0.097714,0.991906,0,0.43265,-0.92834,13.594,-1.017,-1,725.967,-1,948.959,-1,647.210,689.178,414.233,657.633,-1,-1,-1,-1,-1,-1,-1,-1,2,0,2,0,2,0,0,0,0,2,2,2,2,2,2,2,2
238,4724.246,2246.367,249.840,-74.648,0.263904,0.961893,0.071531,-0.961221,0.256115,0.102269,0.080051,-0.095746,0.992182,0,0.43562,-0.91878,13.787,-0.950,-1,724.711,-1,943.501,-1,645.750,685.905,411.392,653.082,-1,-1,-1,-1,-1,-1,-1,-1,2,0,2,0,2,0,0,0,0,2,2,2,2,2,2,2,2
239,4723.430,2232.522,250.347,-75.542,0.248897,0.965952,0.070622,-0.965305,0.241463,0.099410,0.078973,-0.092914,0.992537,0,0.43839,-0.90991,13.869,-0.894,-1,723.824,-1,936.743,-1,644.073,681.787,410.232,643.969,-1,-1,-1,-1,-1,-1,-1,-1,2,0,2,0,2,0,0,0,0,2,2,2,2,2,2,2,2
240,4722.543,2218.491,250.816,-76.393,0.234549,0.969663,0.068844,-0.968978,0.227533,0.096492,0.077901,-0.089340,0.992950,0,0.61235,-0.52346,14.059,-0.851,-1,723.509,-1,928.797,-1,642.262,677.462,409.808,631.557,-1,-1,-1,-1,-1,-1,-1,-1,2,0,2,0,2,0,0,0,0,2,2,2,2,2,2,2,2
241,4721.809,2204.011,251.194,-77.193,0.221015,0.972974,0.066892,-0.972238,0.214405,0.093717,0.076843,-0.085748,0.993349,0,0.61576,-0.51557,14.499,-0.800,-1,722.798,-1,920.522,-1,640.191,672.926,409.137,619.206,-1,-1,-1,-1,-1,-1,-1,-1,2,0,2,0,2,0,0,0,0,2,2,2,2,2,2,2,2
242,4721.151,2189.166,251.509,-77.970,0.207840,0.975951,0.065750,-0.975287,0.201609,0.090386,0.074956,-0.082911,0.993734,0,0.61894,-0.50823,14.860,-0.777,-1,717.292,-1,909.686,-1,635.169,666.525,407.154,610.180,-1,-1,-1,-1,-1,-1,-1,-1,2,0,2,0,2,0,0,0,0,2,2,2,2,2,2,2,2
243,4720.564,2173.964,251.823,-78.725,0.195003,0.978630,0.065242,-0.978155,0.189161,0.086206,0.072023,-0.080627,0.994139,0,0.62200,-0.50115,15.213,-0.756,-1,708.800,-1,895.473,-1,627.688,657.937,404.265,603.162,-1,-1,-1,-1,-1,-1,-1,-1,2,0,2,0,2,0,0,0,0,2,2,2,2,2,2,2,2
244,4719.875,2158.493,252.164,-79.505,0.181726,0.981135,0.065948,-0.980988,0.176237,0.081262,0.068107,-0.079461,0.994509,0,0.62497,-0.49429,15.486,-0.780,-1,697.253,-1,877.742,-1,618.126,647.331,400.770,601.111,-1,-1,-1,-1,-1,-1,-1,-1,2,0,2,0,2,0,0,0,0,2,2,2,2,2,2,2,2
245,4719.160,2142.692,252.554,-80.280,0.168497,0.983408,0.067211,-0.983639,0.163343,0.075986,0.063746,-0.078915,0.994841,0,0.62803,-0.48721,15.817,-0.775,-1,684.511,-1,860.008,-1,607.809,636.148,396.368,602.076,-1,-1,-1,-1,-1,-1,-1,-1,2,0,2,0,2,0,0,0,0,2,2,2,2,2,2,2,2
246,4718.540,2126.460,252.966,-80.999,0.156175,0.985407,0.067700,-0.985921,0.151376,0.071030,0.059745,-0.077840,0.995174,0,0.63106,-0.48020,16.244,-0.719,-1,673.236,-1,844.464,-1,598.475,625.689,392.672,600.851,-1,-1,-1,-1,-1,-1,-1,-1,2,0,2,0,2,0,0,0,0,2,2,2,2,2,2,2,2
247,4717.859,2109.780,253.424,-81.697,0.144172,0.987254,0.067412,-0.987935,0.139709,0.066822,0.056552,-0.076232,0.995485,0,0.63384,-0.47377,16.694,-0.698,-1,664.411,-1,832.043,-1,591.035,616.822,389.817,597.786,-1,-1,-1,-1,-1,-1,-1,-1,2,0,2,0,2,0,0,0,0,2,2,2,2,2,2,2,2
248,4717.197,2092.650,253.860,-82.361,0.132734,0.988912,0.066596,-0.989721,0.128635,0.062491,0.053232,-0.074206,0.995821,0,0.63653,-0.46756,17.142,-0.664,-1,655.845,-1,818.721,-1,583.395,607.739,387.764,592.835,-1,-1,-1,-1,-1,-1,-1,-1,2,0,2,0,2,0,0,0,0,2,2,2,2,2,2,2,2
249,4716.508,2075.101,254.276,-83.005,0.121639,0.990398,0.065694,-0.991340,0.117922,0.057783,0.049481,-0.072154,0.996165,0,0.63905,-0.46173,17.562,-0.643,-1,646.394,-1,803.943,-1,574.679,598.181,388.062,587.721,-1,-1,-1,-1,-1,-1,-1,-1,2,0,2,0,2,0,0,0,0,2,2,2,2,2,2,2,2
250,4715.700,2057.156,254.681,-83.646,0.110566,0.991736,0.065071,-0.992837,0.107232,0.052682,0.045269,-0.070430,0.996489,0,0.64147,-0.45612,17.963,-0.641,-1,635.737,-1,788.233,-1,565.067,587.842,387.804,584.035,-1,-1,-1,-1,-1,-1,-1,-1,2,0,2,0,2,0,0,0,0,2,2,2,2,2,2,2,2
251,4714.733,2038.806,255.068,-84.299,0.099251,0.992951,0.064791,-0.994218,0.096275,0.047548,0.040975,-0.069136,0.996765,0,0.64388,-0.45056,18.376,-0.654,-1,624.669,-1,773.184,-1,555.328,577.549,386.811,582.192,-1,-1,-1,-1,990.722,-1,-1,-1,2,0,2,0,2,0,0,0,0,2,2,2,2,0,2,2,2
252,4713.555,2020.099,255.533,-84.964,0.087724,0.994069,0.064278,-0.995458,0.085085,0.042707,0.036985,-0.067733,0.997018,0,0.64634,-0.44488,18.744,-0.665,-1,614.625,-1,759.819,-1,546.541,568.209,386.131,580.507,-1,-1,-1,-1,972.967,-1,-1,-1,2,0,2,0,2,0,0,0,0,2,2,2,2,0,2,2,2
253,4712.267,2001.113,256.081,-85.632,0.076114,0.995098,0.063138,-0.996566,0.073851,0.037434,0.032587,-0.065770,0.997303,0,0.64884,-0.43910,19.030,-0.669,-1,604.431,-1,745.083,-1,537.560,558.313,387.694,577.009,-1,-1,-1,-1,954.750,-1,-1,-1,2,0,2,0,2,0,0,0,0,2,2,2,2,0,2,2,2
254,4710.793,1981.694,256.646,-86.277,0.064907,0.995987,0.061615,-0.997478,0.062978,0.032745,0.028733,-0.063585,0.997563,0,0.65135,-0.43330,19.475,-0.645,-1,595.584,-1,732.393,-1,529.741,549.656,391.367,575.249,-1,-1,-1,-1,939.139,-1,-1,-1,2,0,2,0,2,0,0,0,0,2,2,2,2,0,2,2,2
255,4709.294,1961.808,257.236,-86.879,0.054427,0.996724,0.059827,-0.998193,0.052784,0.028716,0.025464,-0.061282,0.997796,0,0.65375,-0.42775,19.942,-0.602,-1,588.036,-1,721.856,-1,523.097,542.310,395.514,573.661,-1,-1,-1,-1,926.282,-1,-1,-1,2,0,2,0,2,0,0,0,0,2,2,2,2,0,2,2,2
256,4707.685,1941.458,257.874,-87.472,0.044088,0.997277,0.059122,-0.998763,0.042638,0.025573,0.022982,-0.060176,0.997923,0,0.65595,-0.42265,20.414,-0.593,-1,581.556,-1,716.515,-1,517.788,536.939,398.324,577.508,-1,-1,-1,-1,915.324,-1,-1,-1,2,0,2,0,2,0,0,0,0,2,2,2,2,0,2,2,2
257,4705.925,1920.732,258.658,-88.069,0.033695,0.997678,0.059185,-0.999207,0.032371,0.023192,0.021223,-0.059920,0.997978,0,0.65811,-0.41766,20.801,-0.596,-1,576.358,-1,716.475,-1,513.933,533.756,400.430,585.729,-1,-1,-1,-1,906.893,-1,-1,-1,2,0,2,0,2,0,0,0,0,2,2,2,2,0,2,2,2
258,4704.032,1899.727,259.577,-88.665,0.023298,0.997947,0.059656,-0.999555,0.022139,0.020003,0.018641,-0.060096,0.998019,0,0.66028,-0.41265,21.090,-0.596,-1,570.188,-1,714.976,-1,508.907,529.631,403.095,596.224,-1,-1,-1,-1,895.740,-1,-1,-1,2,0,2,0,2,0,0,0,0,2,2,2,2,0,2,2,2
259,4701.973,1878.429,260.595,-89.271,0.012729,0.998071,0.060769,-0.999799,0.011763,0.016225,0.015479,-0.060964,0.998020,0,0.66243,-0.40766,21.398,-0.606,-1,562.798,-1,712.670,-1,503.038,525.765,405.190,609.954,-1,-1,-1,-1,883.217,-1,-1,-1,2,0,2,0,2,0,0,0,0,2,2,2,2,0,2,2,2
260,4699.687,1856.877,261.721,-89.881,0.002080,0.998099,0.061591,-0.999927,0.001343,0.012018,0.011912,-0.061611,0.998029,0,0.66463,-0.40258,21.673,-0.610,-1,555.128,-1,709.180,-1,497.173,521.389,407.998,623.356,-1,-1,-1,-1,870.898,-1,-1,-1,2,0,2,0,2,0,0,0,0,2,2,2,2,0,2,2,2
261,4697.337,1834.848,262.640,-90.455,-0.007940,0.998076,0.061491,-0.999925,-0.008497,0.008798,0.009303,-0.061416,0.998069,0,0.66684,-0.39747,22.154,-0.574,-1,549.242,-1,707.324,-1,492.630,518.257,411.617,632.698,-1,-1,-1,-1,529.341,-1,-1,-1,2,0,2,0,2,0,0,0,0,2,2,2,2,1,2,2,2
262,4694.815,1812.389,263.406,-91.006,-0.017553,0.997982,0.061017,-0.999815,-0.018001,0.006807,0.007892,-0.060886,0.998114,0,0.66889,-0.39274,22.600,-0.551,-1,536.067,-1,708.721,-1,489.749,516.314,415.314,641.391,-1,-1,-1,-1,509.594,-1,-1,-1,2,1,2,0,2,0,0,0,0,2,2,2,2,1,2,2,2
263,4692.080,1789.577,264.034,-91.543,-0.026926,0.997801,0.060558,-0.999615,-0.027285,0.005121,0.006762,-0.060397,0.998152,0,0.67083,-0.38826,22.976,-0.537,-1,515.205,-1,712.364,-1,487.008,514.555,418.845,652.237,-1,-1,-1,-1,489.631,-1,-1,-1,2,1,2,0,2,0,0,0,0,2,2,2,2,1,2,2,2
264,4689.042,1766.462,264.515,-92.103,-0.036688,0.997492,0.060527,-0.999312,-0.036952,0.003260,0.005488,-0.060366,0.998161,0,0.67270,-0.38393,23.314,-0.560,-1,494.250,-1,715.813,-1,483.672,512.322,421.642,664.616,-1,-1,-1,-1,469.561,-1,-1,-1,2,1,2,0,2,0,0,0,0,2,2,2,2,1,2,2,2
265,4685.666,1743.116,264.985,-92.682,-0.046785,0.997050,0.060855,-0.998898,-0.046922,0.000814,0.003667,-0.060750,0.998146,0,0.67467,-0.37938,23.588,-0.579,-1,473.293,-1,717.776,-1,479.402,510.497,423.817,678.827,-1,-1,-1,-1,449.445,-1,-1,-1,2,1,2,0,2,0,0,0,0,2,2,2,2,1,2,2,2
266,4681.961,1719.652,265.373,-93.285,-0.057300,0.996459,0.061535,-0.998355,-0.057320,-0.001439,0.002093,-0.061516,0.998104,0,0.36657,-0.44054,23.755,-0.603,-1,452.410,-1,721.340,-1,476.462,509.142,424.878,694.471,-1,-1,-1,-1,429.419,-1,-1,-1,2,1,2,0,2,0,0,0,0,2,2,2,2,1,2,2,2
267,4678.072,1696.291,265.623,-93.872,-0.067527,0.995841,0.061163,-0.997717,-0.067436,-0.003547,0.000592,-0.061263,0.998121,0,0.36774,-0.43554,23.683,-0.587,-1,431.670,-1,724.001,-1,473.629,507.714,427.151,704.264,-1,-1,-1,-1,409.588,-1,-1,-1,2,1,2,0,2,0,0,0,0,2,2,2,2,1,2,2,2
268,4673.986,1672.971,265.840,-94.432,-0.077277,0.995192,0.060175,-0.997010,-0.077143,-0.004548,0.000116,-0.060347,0.998177,0,0.36887,-0.43070,23.676,-0.560,-1,410.972,-1,729.054,-1,472.551,508.467,430.704,710.940,-1,-1,-1,-1,389.904,-1,-1,-1,2,1,2,0,2,0,0,0,0,2,2,2,2,1,2,2,2
269,4669.579,1649.764,266.057,-95.005,-0.087238,0.994440,0.058974,-0.996187,-0.087104,-0.004854,0.000310,-0.059173,0.998248,0,0.36995,-0.42613,23.622,-0.573,-1,390.551,-1,736.218,-1,472.680,510.486,434.713,716.332,-1,-1,-1,-1,370.538,-1,-1,-1,2,1,2,0,2,0,0,0,0,2,2,2,2,1,2,2,2
270,4664.965,1626.645,266.225,-95.561,-0.096899,0.993614,0.057804,-0.995294,-0.096788,-0.004713,0.000912,-0.057989,0.998317,0,0.37105,-0.42141,23.575,-0.556,-1,370.289,-1,744.726,-1,473.529,514.260,437.332,721.581,-1,-1,-1,-1,351.350,-1,-1,-1,2,1,2,0,2,0,0,0,0,2,2,2,2,1,2,2,2
271,4660.210,1603.660,266.522,-96.098,-0.106236,0.992715,0.056835,-0.994339,-0.106172,-0.004155,0.001909,-0.056954,0.998375,0,0.37212,-0.41685,23.471,-0.538,-1,350.204,-1,755.029,-1,476.887,519.758,440.100,730.593,-1,-1,-1,-1,896.197,-1,-1,-1,2,1,2,0,2,0,0,0,0,2,2,2,2,0,2,2,2
272,4655.194,1580.807,266.887,-96.642,-0.115668,0.991715,0.055886,-0.993282,-0.115671,-0.003181,0.003310,-0.055878,0.998432,0,0.37315,-0.41245,23.397,-0.544,-1,330.400,-1,766.533,-1,481.120,526.075,443.390,740.641,-1,-1,-1,-1,916.344,-1,-1,-1,2,1,2,0,2,0,0,0,0,2,2,2,2,0,2,2,2
273,4649.931,1558.062,267.267,-97.193,-0.125210,0.990599,0.055096,-0.992118,-0.125292,-0.001976,0.004945,-0.054909,0.998479,0,0.37420,-0.40799,23.347,-0.551,-1,530.108,-1,776.682,-1,485.900,532.394,446.225,751.162,-1,-1,-1,-1,938.946,-1,-1,-1,2,0,2,0,2,0,0,0,0,2,2,2,2,0,2,2,2
274,4644.588,1535.362,267.645,-97.709,-0.134147,0.989497,0.053861,-0.990938,-0.134317,-0.000475,0.006764,-0.053437,0.998548,0,0.37526,-0.40344,23.319,-0.517,-1,536.765,-1,785.690,-1,491.062,539.395,446.881,759.095,-1,-1,-1,-1,963.961,-1,-1,-1,2,0,2,0,2,0,0,0,0,2,2,2,2,0,2,2,2
275,4639.056,1512.802,268.008,-98.223,-0.143020,0.988337,0.052298,-0.989683,-0.143270,0.001041,0.008522,-0.051610,0.998631,0,0.37625,-0.39923,23.229,-0.513,-1,543.904,-1,794.100,-1,497.218,547.101,448.082,764.816,-1,-1,-1,-1,989.800,-1,-1,-1,2,0,2,0,2,0,0,0,0,2,2,2,2,0,2,2,2
276,4633.213,1490.446,268.393,-98.761,-0.152299,0.987020,0.050956,-0.988284,-0.152611,0.002253,0.010000,-0.050016,0.998698,0,0.37723,-0.39504,23.107,-0.538,-1,550.655,-1,802.014,-1,504.040,554.758,448.948,771.242,-1,-1,-1,-1,-1,-1,-1,-1,2,0,2,0,2,0,0,0,0,2,2,2,2,2,2,2,2
277,4627.189,1468.252,268.782,-99.303,-0.161643,0.985574,0.050159,-0.986791,-0.161976,0.002614,0.010701,-0.049074,0.998738,0,0.37827,-0.39059,22.997,-0.542,-1,556.458,-1,806.837,-1,509.337,561.280,448.443,780.982,850.546,-1,-1,-1,-1,-1,-1,-1,2,0,2,0,2,0,0,0,0,1,2,2,2,2,2,2,2
278,4620.957,1446.198,269.172,-99.851,-0.171082,0.984014,0.049470,-0.985190,-0.171439,0.003036,0.011468,-0.048218,0.998771,0,0.37933,-0.38607,22.918,-0.549,-1,563.863,-1,811.984,-1,514.848,568.047,444.967,790.765,809.973,-1,-1,-1,-1,-1,-1,-1,2,0,2,0,2,0,0,0,0,1,2,2,2,2,2,2,2
279,4614.446,1424.316,269.632,-100.416,-0.180771,0.982316,0.048761,-0.983435,-0.181204,0.004575,0.013330,-0.047126,0.998800,0,0.38041,-0.38148,22.830,-0.564,-1,574.286,-1,820.168,-1,523.484,577.219,442.121,799.627,769.748,-1,-1,-1,-1,-1,-1,-1,2,0,2,0,2,0,0,0,0,1,2,2,2,2,2,2,2
280,4607.658,1402.578,270.165,-100.996,-0.190717,0.980450,0.048418,-0.981514,-0.191264,0.006886,0.016012,-0.046210,0.998803,0,0.38152,-0.37672,22.773,-0.580,-1,586.958,-1,828.341,-1,534.719,588.722,439.463,810.898,662.667,-1,-1,-1,-1,-1,-1,-1,2,0,2,0,2,0,0,0,0,1,2,2,2,2,2,2,2
281,4600.726,1380.917,270.745,-101.568,-0.200493,0.978499,0.048391,-0.979510,-0.201171,0.009517,0.019047,-0.045491,0.998783,0,0.38268,-0.37177,22.744,-0.572,-1,601.551,-1,838.142,-1,546.997,601.390,436.776,823.541,660.641,-1,-1,-1,-1,-1,-1,-1,2,0,2,0,2,0,0,0,0,1,2,2,2,2,2,2,2
282,4593.720,1359.340,271.418,-102.117,-0.209863,0.976510,0.048843,-0.977486,-0.210667,0.011890,0.021900,-0.045248,0.998736,0,0.38382,-0.36691,22.686,-0.549,-1,615.992,-1,847.488,-1,559.215,614.030,433.336,839.437,718.165,-1,-1,-1,-1,-1,-1,-1,2,0,2,0,2,0,0,0,0,1,2,2,2,2,2,2,2
283,4586.706,1337.851,272.174,-102.638,-0.218735,0.974511,0.049832,-0.975489,-0.219640,0.013398,0.024002,-0.045680,0.998668,0,0.38491,-0.36226,22.605,-0.521,-1,628.307,-1,855.417,-1,569.974,624.860,428.929,859.585,882.536,-1,-1,-1,-1,-1,-1,-1,2,0,2,0,2,0,0,0,0,1,2,2,2,2,2,2,2
284,4579.681,1316.418,272.920,-103.135,-0.227175,0.972516,0.051025,-0.973522,-0.228154,0.014178,0.025430,-0.046453,0.998597,0,0.38593,-0.35790,22.555,-0.497,-1,638.485,-1,861.565,-1,579.173,633.845,423.942,881.615,-1,-1,-1,-1,-1,-1,-1,-1,2,0,2,0,2,0,0,0,0,2,2,2,2,2,2,2,2
285,4574.732,1302.615,273.602,-102.575,-0.217700,0.974989,0.044751,-0.975918,-0.218099,0.004192,0.013847,-0.042761,0.998989,0,0.38690,-0.35378,14.664,0.560,-1,612.577,-1,821.832,-1,555.086,607.159,428.087,880.221,-1,-1,-1,-1,-1,-1,-1,-1,2,0,2,0,2,0,0,0,0,2,2,2,2,2,2,2,2
286,4572.374,1297.454,274.071,-101.468,-0.198814,0.979623,0.028482,-0.979990,-0.198437,-0.015538,-0.009569,-0.031001,0.999474,0,0.38546,-0.35990,5.674,1.107,-1,562.666,-1,744.467,-1,507.079,552.639,445.862,825.586,917.008,-1,-1,-1,990.798,-1,-1,-1,2,0,2,0,2,0,0,0,0,1,2,2,2,0,2,2,2
287,4571.094,1295.550,274.607,-100.664,-0.184953,0.982734,0.005139,-0.982213,-0.184677,-0.033939,-0.032404,-0.011325,0.999411,0,-0.17251,-0.40476,2.294,0.804,-1,524.898,-1,666.339,-1,467.479,503.796,477.474,722.968,897.214,-1,-1,-1,917.800,-1,-1,-1,2,0,2,0,2,0,0,0,0,1,2,2,2,0,2,2,2
288,4134.408,2056.288,285.941,-57.043,0.543999,0.838611,0.028224,-0.839050,0.543358,0.027498,0.007724,-0.038640,0.999223,1,-0.17166,-0.41285,0.000,0.000,-1,708.911,-1,730.917,-1,571.621,565.187,659.852,-1,-1,-1,-1,-1,-1,-1,-1,-1,2,0,2,0,2,0,0,0,2,2,2,2,2,2,2,2,2
289,4134.056,2056.763,289.804,-57.005,0.544544,0.838346,0.025432,-0.838694,0.543982,0.025996,0.007959,-0.035486,0.999339,0,0.43352,0.52742,0.591,0.037,-1,722.141,-1,742.137,-1,582.481,575.507,681.384,-1,-1,-1,-1,-1,-1,-1,-1,-1,2,0,2,0,2,0,0,0,2,2,2,2,2,2,2,2,2
290,4133.902,2056.718,292.544,-56.985,0.544829,0.838254,0.022182,-0.838488,0.544286,0.026280,0.009956,-0.032917,0.999408,0,0.43352,0.52742,0.161,0.020,-1,736.449,-1,754.913,-1,594.228,586.182,697.507,-1,-1,-1,-1,-1,-1,-1,-1,-1,2,0,2,0,2,0,0,0,2,2,2,2,2,2,2,2,2
291,4133.979,2056.128,294.034,-56.967,0.545077,0.838187,0.018267,-0.838274,0.544517,0.028257,0.013738,-0.030715,0.999434,0,0.43352,0.52742,0.595,0.019,-1,751.934,-1,770.027,-1,606.812,597.816,708.140,-1,-1,-1,-1,-1,-1,-1,-1,-1,2,0,2,0,2,0,0,0,2,2,2,2,2,2,2,2,2
292,4134.289,2055.073,294.308,-56.958,0.545163,0.838220,0.013550,-0.838117,0.544590,0.031320,0.018874,-0.028431,0.999418,0,0.43352,0.52742,1.100,0.009,-1,768.134,-1,785.926,-1,619.613,609.595,715.398,-1,-1,-1,-1,-1,-1,-1,-1,-1,2,0,2,0,2,0,0,0,2,2,2,2,2,2,2,2,2
293,4134.849,2053.552,293.472,-56.941,0.545338,0.838180,0.007772,-0.837850,0.544803,0.034593,0.024761,-0.025377,0.999371,0,0.43352,0.52742,1.620,0.017,-1,784.312,-1,800.225,-1,631.527,620.745,721.495,-1,-1,-1,-1,-1,-1,-1,-1,-1,2,0,2,0,2,0,0,0,2,2,2,2,2,2,2,2,2
294,4135.595,2051.673,291.697,-56.922,0.545534,0.838088,0.001200,-0.837551,0.545133,0.036580,0.030003,-0.020961,0.999330,0,0.43352,0.52742,2.022,0.019,-1,797.771,-1,807.763,-1,639.841,627.980,728.556,-1,-1,-1,-1,-1,-1,-1,-1,-1,2,0,2,0,2,0,0,0,2,2,2,2,2,2,2,2,2
295,4136.423,2049.544,289.493,-56.900,0.545822,0.837896,-0.003009,-0.837294,0.545560,0.036102,0.031891,-0.017185,0.999344,0,0.43352,0.52742,2.285,0.022,-1,800.211,-1,802.561,-1,639.350,626.051,732.229,990.341,-1,-1,-1,-1,-1,-1,-1,-1,2,0,2,0,2,0,0,0,0,2,2,2,2,2,2,2,2
296,4137.458,2047.289,287.393,-56.886,0.546054,0.837744,-0.003185,-0.837213,0.545836,0.033729,0.029995,-0.015751,0.999426,0,0.43352,0.52742,2.481,0.014,-1,790.012,-1,786.981,-1,629.963,615.596,728.990,974.116,-1,-1,-1,-1,-1,-1,-1,-1,2,0,2,0,2,0,0,0,0,2,2,2,2,2,2,2,2
297,4138.807,2044.924,285.675,-56.878,0.546256,0.837618,0.000844,-0.837246,0.545983,0.030371,0.024978,-0.017297,0.999538,0,0.43352,0.52742,2.722,0.009,-1,769.646,-1,765.553,-1,614.049,599.482,717.980,973.428,-1,-1,-1,-1,-1,-1,-1,-1,2,0,2,0,2,0,0,0,0,2,2,2,2,2,2,2,2
298,4140.555,2042.401,284.424,-56.869,0.546469,0.837438,0.008308,-0.837284,0.546101,0.027012,0.018084,-0.021717,0.999601,0,0.43352,0.52742,3.070,0.009,-1,743.493,-1,743.150,-1,594.421,581.818,700.248,988.600,-1,-1,-1,-1,-1,-1,-1,-1,2,0,2,0,2,0,0,0,0,2,2,2,2,2,2,2,2
299,4142.764,2039.633,283.631,-56.856,0.546718,0.837132,0.017593,-0.837246,0.546278,0.024484,0.010885,-0.028115,0.999545,0,0.43352,0.52742,3.541,0.013,-1,717.102,-1,724.018,-1,575.622,565.692,678.758,-1,-1,-1,-1,-1,-1,-1,-1,-1,2,0,2,0,2,0,0,0,2,2,2,2,2,2,2,2,2
300,4145.448,2036.458,283.439,-56.833,0.547078,0.836699,0.025329,-0.837060,0.546595,0.023753,0.006029,-0.034197,0.999397,0,0.43352,0.52742,4.157,0.023,-1,699.310,-1,714.340,-1,563.965,556.430,659.744,-1,-1,-1,-1,-1,-1,-1,-1,-1,2,0,2,0,2,0,0,0,2,2,2,2,2,2,2,2,2
301,4148.489,2032.788,283.806,-56.795,0.547638,0.836170,0.030193,-0.836706,0.547106,0.024458,0.003932,-0.038657,0.999245,0,0.43352,0.52742,4.767,0.038,-1,691.276,-1,713.547,-1,560.029,554.146,647.825,-1,-1,-1,-1,-1,-1,-1,-1,-1,2,0,2,0,2,0,0,0,2,2,2,2,2,2,2,2,2
302,4151.802,2028.604,284.522,-56.736,0.548487,0.835544,0.032068,-0.836150,0.547901,0.025633,0.003847,-0.040873,0.999157,0,0.43352,0.52742,5.336,0.058,-1,690.707,-1,717.893,-1,561.647,556.505,643.396,-1,-1,-1,-1,-1,-1,-1,-1,-1,2,0,2,0,2,0,0,0,2,2,2,2,2,2,2,2,2
303,4155.323,2023.963,285.363,-56.655,0.549670,0.834784,0.031593,-0.835369,0.549063,0.026232,0.004552,-0.040811,0.999157,0,0.43352,0.52742,5.826,0.081,-1,694.040,-1,722.789,-1,565.712,560.422,645.382,-1,-1,-1,-1,-1,-1,-1,-1,-1,2,0,2,0,2,0,0,0,2,2,2,2,2,2,2,2,2
304,4158.990,2018.917,286.166,-56.564,0.550998,0.833974,0.029809,-0.834491,0.550418,0.025804,0.005112,-0.039093,0.999222,0,0.45570,0.25604,6.238,0.091,-1,698.164,-1,725.407,-1,569.739,563.919,651.605,-1,-1,-1,-1,-1,-1,-1,-1,-1,2,0,2,0,2,0,0,0,2,2,2,2,2,2,2,2,2
305,4162.852,2013.488,286.806,-56.467,0.552411,0.833115,0.027580,-0.833555,0.551887,0.024635,0.005303,-0.036598,0.999316,0,0.45570,0.25604,6.662,0.097,-1,701.543,-1,725.695,-1,572.766,566.264,659.389,-1,-1,-1,-1,-1,-1,-1,-1,-1,2,0,2,0,2,0,0,0,2,2,2,2,2,2,2,2,2
306,4166.959,2007.698,287.242,-56.364,0.553914,0.832185,0.025448,-0.832557,0.553450,0.023263,0.005275,-0.034072,0.999405,0,0.45570,0.25604,7.099,0.103,-1,703.854,-1,725.015,-1,574.453,567.660,665.821,-1,-1,-1,-1,-1,-1,-1,-1,-1,2,0,2,0,2,0,0,0,2,2,2,2,2,2,2,2,2
307,4171.309,2001.544,287.446,-56.255,0.555486,0.831187,0.023737,-0.831511,0.555077,0.021896,0.005023,-0.031900,0.999478,0,0.45570,0.25604,7.536,0.108,-1,704.703,-1,723.257,-1,575.068,568.090,670.446,-1,-1,-1,-1,-1,-1,-1,-1,-1,2,0,2,0,2,0,0,0,2,2,2,2,2,2,2,2,2
308,4175.920,1995.055,287.418,-56.147,0.557063,0.830159,0.022724,-0.830459,0.556703,0.020497,0.004365,-0.030290,0.999532,0,0.45570,0.25604,7.960,0.109,-1,703.422,-1,720.059,-1,574.208,567.191,672.850,-1,-1,-1,-1,-1,-1,-1,-1,-1,2,0,2,0,2,0,0,0,2,2,2,2,2,2,2,2,2
309,4180.813,1988.233,287.180,-56.050,0.558464,0.829216,0.022792,-0.829521,0.558132,0.019556,0.003496,-0.029828,0.999549,0,0.45570,0.25604,8.396,0.097,-1,700.117,-1,716.733,-1,572.196,565.534,671.498,-1,-1,-1,-1,-1,-1,-1,-1,-1,2,0,2,0,2,0,0,0,2,2,2,2,2,2,2,2,2
310,4185.981,1981.131,286.787,-55.966,0.559681,0.828350,0.024366,-0.828706,0.559359,0.019101,0.002193,-0.030883,0.999521,0,0.45570,0.25604,8.784,0.084,-1,694.184,-1,713.126,-1,568.662,562.659,665.594,-1,-1,-1,-1,-1,-1,-1,-1,-1,2,0,2,0,2,0,0,0,2,2,2,2,2,2,2,2,2
311,4191.418,1973.792,286.335,-55.884,0.560867,0.827447,0.027567,-0.827906,0.560546,0.018991,0.000261,-0.033474,0.999440,0,0.45570,0.25604,9.133,0.082,-1,685.471,-1,708.853,-1,563.494,558.342,655.524,-1,-1,-1,-1,-1,-1,-1,-1,-1,2,0,2,0,2,0,0,0,2,2,2,2,2,2,2,2,2
312,4197.211,1966.258,285.854,-55.789,0.562245,0.826367,0.031596,-0.826969,0.561922,0.019153,-0.001927,-0.036898,0.999317,0,0.45570,0.25604,9.503,0.095,-1,675.567,-1,703.854,-1,557.698,553.683,643.418,-1,-1,-1,-1,-1,-1,-1,-1,-1,2,0,2,0,2,0,0,0,2,2,2,2,2,2,2,2,2
313,4203.310,1958.456,285.353,-55.683,0.563761,0.825149,0.036095,-0.825926,0.563447,0.019335,-0.004384,-0.040712,0.999161,0,0.45570,0.25604,9.903,0.105,-1,664.832,-1,698.396,-1,551.351,548.597,630.457,-1,-1,-1,-1,-1,-1,-1,-1,-1,2,0,2,0,2,0,0,0,2,2,2,2,2,2,2,2,2
314,4209.661,1950.421,284.961,-55.569,0.565402,0.823844,0.040019,-0.824784,0.565139,0.018693,-0.007216,-0.043576,0.999024,0,0.45570,0.25604,10.242,0.115,-1,654.347,-1,691.395,-1,544.806,542.965,620.230,-1,-1,-1,-1,-1,-1,-1,-1,-1,2,0,2,0,2,0,0,0,2,2,2,2,2,2,2,2,2
315,4216.217,1942.095,284.793,-55.453,0.567057,0.822551,0.043089,-0.823617,0.566878,0.017452,-0.010071,-0.045386,0.998919,0,0.45570,0.25604,10.598,0.116,-1,645.222,-1,684.111,-1,539.009,537.691,613.144,-1,-1,-1,-1,-1,-1,-1,-1,-1,2,0,2,0,2,0,0,0,2,2,2,2,2,2,2,2,2
316,4223.003,1933.365,284.807,-55.341,0.568652,0.821344,0.045055,-0.822490,0.568539,0.016532,-0.012037,-0.046458,0.998848,0,0.45570,0.25604,11.057,0.112,-1,639.042,-1,679.152,-1,535.484,534.395,608.122,-1,-1,-1,-1,-1,-1,-1,-1,-1,2,0,2,0,2,0,0,0,2,2,2,2,2,2,2,2,2
317,4229.785,1924.551,285.112,-55.287,0.569417,0.820684,0.047349,-0.821951,0.569293,0.017385,-0.012688,-0.048818,0.998727,0,0.45570,0.25604,11.121,0.054,-1,635.542,-1,679.736,-1,534.777,534.338,601.059,-1,-1,-1,-1,-1,1004.083,-1,-1,-1,2,0,2,0,2,0,0,0,2,2,2,2,2,0,2,2,2
318,4236.214,1916.353,286.366,-55.336,0.568744,0.820863,0.052097,-0.822460,0.568295,0.024513,-0.009485,-0.056790,0.998341,0,0.45570,0.25604,10.419,-0.048,-1,638.912,-1,699.673,-1,541.546,545.156,584.631,-1,-1,-1,-1,-1,1005.742,-1,-1,-1,2,0,2,0,2,0,0,0,2,2,2,2,2,0,2,2,2
319,4242.598,1908.663,288.669,-55.384,0.568063,0.820903,0.058498,-0.822977,0.566931,0.036028,-0.003589,-0.068609,0.997637,0,0.45570,0.25604,9.994,-0.049,-1,648.187,-1,734.446,-1,554.628,563.810,563.316,-1,-1,-1,-1,-1,-1,-1,-1,-1,2,0,2,0,2,0,0,0,2,2,2,2,2,2,2,2,2
