timestep,x_cm,y_cm,z_cm,yaw_deg,basis_xx,basis_xy,basis_xz,basis_yx,basis_yy,basis_yz,basis_zx,basis_zy,basis_zz,teleport_flag,throttle_cmd,steering_cmd,cmd_move_cm,cmd_turn_deg,lidar_cm_0,lidar_cm_1,lidar_cm_2,lidar_cm_3,lidar_cm_4,lidar_cm_5,lidar_cm_6,lidar_cm_7,lidar_cm_8,lidar_cm_9,lidar_cm_10,lidar_cm_11,lidar_cm_12,lidar_cm_13,lidar_cm_14,lidar_cm_15,lidar_cm_16,lidar_class_0,lidar_class_1,lidar_class_2,lidar_class_3,lidar_class_4,lidar_class_5,lidar_class_6,lidar_class_7,lidar_class_8,lidar_class_9,lidar_class_10,lidar_class_11,lidar_class_12,lidar_class_13,lidar_class_14,lidar_class_15,lidar_class_16
0,-4922.733,4260.018,-199.466,-132.756,-0.677213,0.732530,-0.069158,-0.735263,-0.677283,0.026017,-0.027781,0.068468,0.997266,1,0.08000,-0.12000,4.800,-0.240,-1,-1,-1,-1,-1,-1,-1,300.000,250.000,-1,725.000,-1,-1,-1,-1,-1,-1,2,2,2,2,2,2,2,0,0,2,1,2,2,2,2,2,2
1,-4929.311,4253.025,-200.790,-133.236,-0.683060,0.726929,-0.070736,-0.729637,-0.683488,0.021747,-0.032538,0.066466,0.997258,0,0.16000,-0.24000,9.600,-0.480,-1,-1,-1,-1,-1,-1,-1,300.000,250.000,-1,750.000,-1,-1,-1,-1,-1,-1,2,2,2,2,2,2,2,0,0,2,1,2,2,2,2,2,2
2,-4939.309,4242.660,-202.857,-133.956,-0.691729,0.718433,-0.073242,-0.721054,-0.692714,0.015088,-0.039896,0.063249,0.997200,0,0.24000,-0.36000,14.400,-0.720,-1,-1,-1,-1,-1,-1,-1,275.000,250.000,-1,775.000,-1,-1,-1,-1,-1,-1,2,2,2,2,2,2,2,0,0,2,1,2,2,2,2,2,2
3,-4952.870,4229.066,-205.757,-134.916,-0.703096,0.706929,-0.076861,-0.709327,-0.704856,0.005756,-0.050107,0.058566,0.997025,0,0.32000,-0.48000,19.200,-0.960,-1,-1,-1,-1,-1,-1,-1,275.000,250.000,-1,825.000,-1,-1,-1,-1,-1,-1,2,2,2,2,2,2,2,0,0,2,1,2,2,2,2,2,2
4,-4970.173,4212.432,-209.666,-136.116,-0.717015,0.692269,-0.081566,-0.694178,-0.719773,-0.006635,-0.063302,0.051864,0.996646,0,0.40000,-0.60000,24.000,-1.200,-1,-1,-1,-1,-1,-1,1000.000,250.000,250.000,-1,875.000,-1,-1,-1,-1,-1,-1,2,2,2,2,2,2,1,0,0,2,1,2,2,2,2,2,2
5,-4991.432,4192.998,-214.670,-137.556,-0.733249,0.674249,-0.087939,-0.675240,-0.737256,-0.022454,-0.079973,0.042916,0.995873,0,0.48000,-0.72000,28.800,-1.440,-1,-1,-1,1000.000,-1,975.000,950.000,225.000,225.000,-1,975.000,-1,-1,-1,-1,-1,-1,2,2,2,1,2,1,1,0,0,2,1,2,2,2,2,2,2
6,327.967,-4919.499,-169.013,-70.037,0.341569,0.939787,0.011421,-0.936578,0.341367,-0.079317,-0.078440,0.016396,0.996784,1,0.00000,0.00000,33.600,-1.680,-1,400.000,-1,375.000,575.000,325.000,325.000,325.000,325.000,875.000,500.000,500.000,-1,800.000,525.000,-1,550.000,2,0,2,1,1,0,0,0,0,1,1,1,2,0,1,2,1
7,329.587,-4924.018,-169.397,-70.277,0.337608,0.941216,0.011553,-0.938002,0.337429,-0.079334,-0.078569,0.015947,0.996781,0,0.08000,-0.12000,4.800,-0.240,-1,400.000,-1,375.000,575.000,325.000,325.000,325.000,325.000,875.000,500.000,500.000,-1,800.000,500.000,-1,550.000,2,0,2,1,1,0,0,0,0,1,1,1,2,0,1,2,1
8,332.751,-4933.081,-170.167,-70.757,0.329669,0.944023,0.011813,-0.940800,0.329537,-0.079373,-0.078823,0.015053,0.996775,0,0.16000,-0.24000,9.600,-0.480,-1,400.000,-1,375.000,575.000,325.000,325.000,325.000,325.000,875.000,500.000,525.000,-1,800.000,500.000,-1,525.000,2,0,2,1,1,0,0,0,0,1,1,1,2,0,1,2,1
9,337.326,-4946.736,-171.326,-71.477,0.317717,0.948107,0.012193,-0.944873,0.317655,-0.079441,-0.079191,0.013719,0.996765,0,0.24000,-0.36000,14.400,-0.720,-1,400.000,-1,350.000,550.000,325.000,325.000,325.000,325.000,875.000,525.000,525.000,-1,800.000,500.000,-1,525.000,2,0,2,1,1,0,0,0,0,1,1,1,2,0,1,2,1
10,343.151,-4965.030,-172.872,-72.336,0.303388,0.952783,0.012684,-0.949534,0.303412,-0.079539,-0.079631,0.012087,0.996751,0,0.32000,-0.42948,19.200,-0.859,-1,400.000,-1,350.000,550.000,325.000,325.000,325.000,325.000,900.000,550.000,550.000,-1,800.000,475.000,-1,500.000,2,0,2,1,1,0,1,0,0,1,1,1,2,0,1,2,1
11,350.090,-4988.005,-174.803,-73.194,0.288990,0.957240,0.013281,-0.953976,0.289109,-0.079663,-0.080096,0.010352,0.996733,0,0.40000,-0.42922,24.000,-0.858,-1,400.000,-1,350.000,525.000,325.000,325.000,325.000,325.000,900.000,600.000,575.000,-1,775.000,475.000,-1,500.000,2,1,2,1,1,0,1,0,0,1,1,1,2,1,1,2,1
12,358.003,-5015.697,-177.122,-74.053,0.274520,0.961480,0.013977,-0.958199,0.274744,-0.079820,-0.080585,0.008520,0.996711,0,0.48000,-0.42911,28.800,-0.858,-1,400.000,-1,325.000,500.000,325.000,300.000,325.000,325.000,925.000,625.000,600.000,-1,750.000,450.000,-1,475.000,2,1,2,1,1,1,1,0,0,1,1,1,2,1,1,2,1
13,366.750,-5048.139,-179.831,-74.911,0.259979,0.965501,0.014766,-0.962203,0.260314,-0.080015,-0.081098,0.006594,0.996684,0,0.56000,-0.42915,33.600,-0.858,-1,375.000,-1,325.000,475.000,300.000,300.000,325.000,325.000,950.000,675.000,650.000,-1,725.000,425.000,-1,425.000,2,1,2,1,1,1,1,0,0,1,1,1,2,1,1,2,1
14,376.190,-5085.361,-182.931,-75.770,0.245363,0.969305,0.015643,-0.965988,0.245818,-0.080252,-0.081634,0.004580,0.996652,0,0.64000,-0.42935,38.400,-0.859,-1,375.000,-1,300.000,425.000,300.000,275.000,325.000,325.000,975.000,750.000,675.000,-1,700.000,400.000,-1,400.000,2,1,2,1,1,1,1,0,0,1,1,1,2,1,1,2,1
15,386.180,-5127.390,-186.423,-76.629,0.230670,0.972890,0.016599,-0.969554,0.231253,-0.080536,-0.082192,0.002484,0.996613,0,0.72000,-0.42971,43.200,-0.859,-1,350.000,-1,275.000,400.000,275.000,250.000,325.000,325.000,-1,800.000,725.000,-1,675.000,375.000,-1,350.000,2,1,2,1,1,1,1,0,0,2,1,1,2,1,1,2,1
16,396.578,-5174.250,-190.308,-77.490,0.215899,0.976257,0.017629,-0.972901,0.216617,-0.080873,-0.082771,0.000309,0.996569,0,0.80000,-0.43024,48.000,-0.860,-1,350.000,-1,275.000,350.000,275.000,250.000,325.000,325.000,-1,900.000,800.000,-1,650.000,350.000,-1,325.000,2,1,2,1,1,1,1,0,0,2,1,1,2,1,1,2,1
17,407.240,-5225.962,-193.467,-78.351,0.200787,0.979386,0.022072,-0.976388,0.201904,-0.076827,-0.079699,-0.006125,0.996800,0,0.88000,-0.43096,52.800,-0.862,-1,325.000,-1,250.000,325.000,250.000,225.000,300.000,350.000,-1,925.000,825.000,-1,650.000,325.000,-1,275.000,2,1,2,1,1,1,1,0,0,2,1,1,2,1,1,2,1
18,418.023,-5282.542,-194.728,-79.215,0.185211,0.982117,0.033815,-0.980220,0.187077,-0.064589,-0.069760,-0.021183,0.997339,0,0.96000,-0.43191,57.600,-0.864,-1,325.000,-1,250.000,325.000,250.000,225.000,300.000,375.000,-1,500.000,800.000,-1,675.000,325.000,-1,275.000,2,1,2,1,1,1,1,0,0,2,0,1,2,1,1,2,1
19,428.362,-5341.642,-195.120,-80.082,0.170157,0.984514,0.042175,-0.983835,0.172152,-0.049312,-0.055809,-0.033103,0.997893,0,1.00000,-0.43312,60.000,-0.866,-1,350.000,-1,250.000,350.000,250.000,225.000,300.000,425.000,-1,175.000,375.000,-1,800.000,325.000,-1,300.000,2,1,2,1,1,1,1,0,0,2,0,0,2,1,1,2,1
20,437.279,-5396.115,-194.957,-80.708,0.159623,0.986007,0.048072,-0.986318,0.161327,-0.033921,-0.041202,-0.041999,0.998268,0,0.92000,-0.31312,55.200,-0.626,-1,350.000,-1,250.000,375.000,275.000,225.000,300.000,450.000,-1,100.000,200.000,-1,900.000,350.000,-1,300.000,2,1,2,1,1,1,1,0,0,2,0,0,2,0,1,2,1
21,445.554,-5448.895,-194.828,-81.094,0.153390,0.986664,0.054457,-0.987793,0.154613,-0.018974,-0.027141,-0.050881,0.998336,0,0.89043,-0.19312,53.426,-0.386,-1,375.000,-1,250.000,400.000,275.000,225.000,300.000,475.000,975.000,75.000,150.000,-1,950.000,350.000,-1,325.000,2,1,2,1,1,1,1,0,1,0,0,0,2,0,1,2,1
22,453.724,-5501.884,-194.734,-81.240,0.151495,0.986546,0.061456,-0.988371,0.152016,-0.003863,-0.013153,-0.060156,0.998102,0,0.89360,-0.07312,53.616,-0.146,-1,400.000,-1,250.000,425.000,300.000,250.000,300.000,475.000,775.000,50.000,125.000,-1,-1,375.000,-1,325.000,2,1,2,1,1,1,1,0,1,0,0,0,2,2,1,2,1
23,461.977,-5555.037,-194.688,-81.181,0.153370,0.985758,0.068978,-0.988169,0.152947,0.011408,0.000695,-0.069912,0.997553,0,0.89649,0.02987,53.790,0.060,-1,450.000,-1,275.000,-1,300.000,250.000,300.000,475.000,625.000,50.000,125.000,-1,-1,-1,-1,325.000,2,1,2,1,2,1,1,0,1,0,0,0,2,2,2,2,1
24,327.970,5575.432,-280.410,-24.243,0.911851,0.410291,0.013724,-0.410511,0.911093,0.037291,0.002796,-0.039638,0.999210,1,0.00000,0.00000,53.942,0.052,-1,400.000,-1,400.000,-1,325.000,325.000,300.000,300.000,475.000,-1,-1,-1,750.000,750.000,-1,-1,2,0,2,0,2,0,0,0,0,1,2,2,2,0,0,2,2
25,332.338,5573.443,-280.402,-24.483,0.910126,0.414103,0.013747,-0.414321,0.909365,0.037339,0.002961,-0.039679,0.999208,0,0.08000,-0.12000,4.800,-0.240,-1,400.000,-1,400.000,-1,325.000,325.000,300.000,300.000,475.000,-1,-1,-1,750.000,750.000,-1,-1,2,0,2,0,2,0,0,0,0,1,2,2,2,0,0,2,2
26,341.074,5569.463,-280.383,-24.498,0.910024,0.414327,0.013797,-0.414546,0.909259,0.037412,0.002955,-0.039765,0.999205,0,0.16000,-0.00708,9.600,-0.014,-1,400.000,-1,400.000,-1,325.000,325.000,300.000,300.000,475.000,-1,-1,-1,750.000,750.000,-1,-1,2,0,2,0,2,0,0,0,0,1,2,2,2,0,0,2,2
27,354.176,5563.488,-280.354,-24.512,0.909916,0.414561,0.013875,-0.414783,0.909147,0.037519,0.002940,-0.039894,0.999200,0,0.24000,-0.00744,14.400,-0.015,-1,400.000,-1,400.000,-1,325.000,325.000,300.000,300.000,475.000,-1,-1,-1,750.000,750.000,-1,-1,2,0,2,0,2,0,0,0,0,1,2,2,2,0,0,2,2
28,371.644,5555.517,-280.315,-24.528,0.909800,0.414812,0.013981,-0.415037,0.909025,0.037659,0.002912,-0.040065,0.999193,0,0.32000,-0.00799,19.200,-0.016,-1,400.000,-1,400.000,-1,325.000,325.000,300.000,300.000,500.000,-1,-1,-1,750.000,750.000,-1,-1,2,0,2,0,2,0,0,0,0,1,2,2,2,0,0,2,2
29,393.475,5545.547,-280.265,-24.546,0.909673,0.415085,0.014120,-0.415316,0.908891,0.037829,0.002869,-0.040276,0.999184,0,0.40000,-0.00874,24.000,-0.017,-1,400.000,-1,400.000,-1,325.000,325.000,300.000,300.000,500.000,-1,-1,-1,750.000,750.000,-1,-1,2,0,2,0,2,0,0,0,0,1,2,2,2,0,0,2,2
30,419.668,5533.574,-280.205,-24.565,0.909532,0.415389,0.014295,-0.415625,0.908741,0.038027,0.002805,-0.040528,0.999174,0,0.48000,-0.00970,28.800,-0.019,-1,400.000,-1,400.000,-1,325.000,325.000,300.000,300.000,525.000,-1,-1,-1,750.000,750.000,-1,-1,2,0,2,0,2,0,0,0,0,1,2,2,2,0,0,2,2
31,450.222,5519.594,-280.132,-24.587,0.909372,0.415730,0.014511,-0.415974,0.908572,0.038247,0.002717,-0.040817,0.999163,0,0.56000,-0.01090,33.600,-0.022,-1,400.000,-1,400.000,-1,325.000,325.000,300.000,300.000,525.000,-1,-1,-1,750.000,750.000,-1,-1,2,0,2,0,2,0,0,0,0,1,2,2,2,0,0,2,2
32,485.133,5503.602,-280.046,-24.612,0.909192,0.416116,0.014772,-0.416370,0.908380,0.038487,0.002596,-0.041143,0.999150,0,0.64000,-0.01235,38.400,-0.025,-1,400.000,-1,400.000,-1,325.000,325.000,300.000,300.000,550.000,-1,-1,-1,750.000,750.000,-1,-1,2,0,2,0,2,0,0,0,0,1,2,2,2,0,0,2,2
33,524.400,5485.592,-279.941,-24.640,0.908984,0.416557,0.015093,-0.416823,0.908163,0.038711,0.002418,-0.041479,0.999136,0,0.72000,-0.01408,43.200,-0.028,-1,400.000,-1,400.000,-1,325.000,325.000,300.000,300.000,575.000,-1,-1,-1,750.000,750.000,-1,-1,2,0,2,0,2,0,0,0,0,1,2,2,2,0,0,2,2
34,568.018,5465.555,-279.816,-24.672,0.908747,0.417061,0.015478,-0.417343,0.907915,0.038918,0.002179,-0.041826,0.999123,0,0.80000,-0.01611,48.000,-0.032,-1,400.000,-1,400.000,-1,325.000,325.000,300.000,300.000,575.000,-1,-1,-1,725.000,750.000,-1,-1,2,0,2,0,2,0,0,0,0,1,2,2,2,0,0,2,2
35,615.984,5443.484,-279.557,-24.709,0.908479,0.417648,0.015347,-0.417924,0.907651,0.038862,0.002301,-0.041719,0.999127,0,0.88000,-0.01846,52.800,-0.037,-1,375.000,-1,400.000,-1,325.000,325.000,300.000,300.000,600.000,-1,-1,-1,725.000,750.000,-1,-1,2,0,2,0,2,0,0,0,0,1,2,2,2,0,0,2,2
36,666.156,5420.353,-279.274,-24.751,0.908172,0.418321,0.015170,-0.418589,0.907348,0.038777,0.002457,-0.041566,0.999133,0,0.92081,-0.02116,55.248,-0.042,-1,375.000,-1,400.000,-1,325.000,325.000,300.000,300.000,625.000,-1,-1,-1,725.000,775.000,-1,-1,2,0,2,0,2,0,0,0,0,1,2,2,2,0,0,2,2
37,717.396,5396.678,-278.989,-24.799,0.907828,0.419074,0.015027,-0.419336,0.907006,0.038704,0.002590,-0.041438,0.999138,0,0.94074,-0.02371,56.444,-0.047,-1,375.000,-1,400.000,-1,325.000,325.000,300.000,300.000,650.000,-1,-1,-1,725.000,775.000,-1,-1,2,0,2,0,2,0,0,0,0,1,2,2,2,0,0,2,2
38,768.529,5372.998,-278.775,-24.849,0.907467,0.419868,0.014644,-0.420114,0.906654,0.038506,0.002890,-0.041095,0.999151,0,0.93916,-0.02490,56.349,-0.050,-1,375.000,-1,400.000,-1,325.000,325.000,300.000,300.000,700.000,-1,-1,-1,725.000,775.000,-1,-1,2,0,2,0,2,0,0,0,0,1,2,2,2,0,0,2,2
39,819.562,5349.308,-278.528,-24.901,0.907088,0.420702,0.014195,-0.420928,0.906276,0.038520,0.003341,-0.040916,0.999157,0,0.93774,-0.02625,56.264,-0.053,-1,400.000,-1,400.000,-1,325.000,325.000,300.000,300.000,725.000,-1,-1,-1,725.000,775.000,-1,-1,2,0,2,0,2,0,0,0,0,1,2,2,2,0,0,2,2
40,866.739,5327.114,-278.265,-25.194,0.904937,0.425324,0.013741,-0.425527,0.904118,0.038695,0.004034,-0.040864,0.999157,0,0.86894,-0.14625,52.136,-0.293,-1,400.000,-1,400.000,-1,325.000,325.000,300.000,300.000,725.000,-1,-1,-1,725.000,775.000,-1,-1,2,0,2,0,2,0,0,0,0,1,2,2,2,0,0,2,2
41,913.645,5304.513,-277.998,-25.726,0.900954,0.433710,0.013303,-0.433887,0.900129,0.038864,0.004882,-0.040787,0.999156,0,0.86778,-0.26625,52.067,-0.533,-1,400.000,-1,400.000,-1,325.000,325.000,300.000,300.000,750.000,-1,-1,-1,700.000,775.000,-1,-1,2,0,2,0,2,0,0,0,0,1,2,2,2,0,0,2,2
42,960.180,5281.313,-277.722,-26.499,0.895035,0.445809,0.012891,-0.445957,0.894204,0.039013,0.005865,-0.040667,0.999156,0,0.86664,-0.38625,51.998,-0.773,-1,400.000,-1,400.000,-1,325.000,325.000,300.000,300.000,775.000,-1,-1,-1,700.000,775.000,-1,-1,2,0,2,0,2,0,0,0,0,1,2,2,2,0,0,2,2
43,1006.243,5257.322,-277.474,-27.511,0.887027,0.461546,0.012555,-0.461666,0.886198,0.038949,0.006851,-0.040345,0.999162,0,0.86558,-0.50625,51.935,-1.013,-1,400.000,-1,400.000,-1,325.000,325.000,300.000,300.000,800.000,-1,-1,-1,700.000,775.000,-1,-1,2,0,2,0,2,0,0,0,0,1,2,2,2,0,0,2,2
44,1051.720,5232.358,-277.200,-28.764,0.876737,0.480814,0.012248,-0.480904,0.875910,0.038896,0.007974,-0.039991,0.999168,0,0.86464,-0.62625,51.878,-1.253,-1,375.000,-1,400.000,-1,325.000,325.000,300.000,300.000,825.000,-1,-1,-1,700.000,775.000,-1,-1,2,0,2,0,2,0,0,0,0,1,2,2,2,0,0,2,2
45,1096.491,5206.242,-276.892,-30.256,0.863928,0.503473,0.011976,-0.503531,0.863103,0.038861,0.009229,-0.039604,0.999173,0,0.86386,-0.74625,51.832,-1.493,-1,375.000,-1,400.000,-1,325.000,325.000,300.000,300.000,825.000,-1,-1,-1,700.000,775.000,-1,-1,2,0,2,0,2,0,0,0,0,1,2,2,2,0,0,2,2
46,1140.423,5178.801,-276.486,-31.989,0.848321,0.529351,0.011780,-0.529379,0.847509,0.038556,0.010426,-0.038944,0.999187,0,0.86329,-0.86625,51.798,-1.733,-1,375.000,-1,400.000,-1,325.000,325.000,300.000,300.000,850.000,-1,-1,-1,700.000,775.000,-1,-1,2,0,2,0,2,0,0,0,0,1,2,2,2,0,0,2,2
47,1183.399,5149.919,-275.934,-33.903,0.830173,0.557384,0.011654,-0.557390,0.829392,0.037760,0.011381,-0.037843,0.999219,0,0.86299,-0.95695,51.779,-1.914,-1,375.000,-1,400.000,-1,325.000,325.000,300.000,300.000,875.000,-1,-1,-1,700.000,775.000,-1,-1,2,0,2,0,2,0,0,0,0,1,2,2,2,0,0,2,2
48,1225.384,5119.613,-275.294,-35.822,0.811038,0.584884,0.011337,-0.584862,0.810292,0.036926,0.012411,-0.036579,0.999254,0,0.86300,-0.95989,51.780,-1.920,-1,375.000,-1,400.000,-1,325.000,325.000,300.000,300.000,900.000,-1,-1,-1,700.000,775.000,-1,-1,2,0,2,0,2,0,0,0,0,1,2,2,2,0,0,2,2
49,1266.347,5087.896,-274.430,-37.748,0.790925,0.611830,0.010095,-0.611753,0.790233,0.035917,0.013997,-0.034583,0.999304,0,0.86343,-0.96303,51.806,-1.926,-1,375.000,-1,400.000,-1,325.000,325.000,300.000,300.000,925.000,-1,-1,-1,725.000,775.000,-1,-1,2,0,2,0,2,0,0,0,0,1,2,2,2,0,0,2,2
50,1306.255,5054.785,-273.525,-39.681,0.769840,0.638176,0.008858,-0.638048,0.769200,0.035023,0.015537,-0.032614,0.999347,0,0.86426,-0.96635,51.856,-1.933,-1,375.000,-1,400.000,-1,325.000,325.000,300.000,300.000,975.000,-1,-1,-1,725.000,800.000,-1,-1,2,0,2,0,2,0,0,0,0,1,2,2,2,0,0,2,2
51,1345.074,5020.294,-272.581,-41.621,0.747795,0.663886,0.007632,-0.663711,0.747205,0.034242,0.017030,-0.030672,0.999384,0,0.86547,-0.96983,51.928,-1.940,-1,375.000,-1,400.000,-1,325.000,325.000,300.000,300.000,-1,-1,-1,-1,725.000,800.000,-1,-1,2,0,2,0,2,0,0,0,0,2,2,2,2,0,0,2,2
52,1382.766,4984.439,-271.598,-43.568,0.724802,0.688928,0.006426,-0.688710,0.724259,0.033575,0.018477,-0.028761,0.999416,0,0.86703,-0.97348,52.022,-1.947,-1,375.000,-1,400.000,-1,325.000,325.000,300.000,300.000,-1,-1,-1,-1,750.000,800.000,-1,-1,2,0,2,0,2,0,0,0,0,2,2,2,2,0,0,2,2
53,1419.295,4947.238,-270.544,-45.522,0.700878,0.713259,0.005726,-0.713013,0.700371,0.033069,0.019576,-0.027260,0.999437,0,0.86894,-0.97726,52.136,-1.955,-1,400.000,-1,400.000,-1,325.000,325.000,300.000,300.000,-1,-1,-1,-1,750.000,800.000,-1,-1,2,0,2,0,2,0,0,0,0,2,2,2,2,0,0,2,2
54,1454.617,4908.710,-269.544,-47.485,0.676040,0.736844,0.005552,-0.736585,0.675555,0.032673,0.020325,-0.026177,0.999451,0,0.87116,-0.98118,52.269,-1.962,-1,400.000,-1,400.000,-1,325.000,325.000,300.000,300.000,-1,-1,-1,-1,750.000,800.000,-1,-1,2,0,2,0,2,0,0,0,0,2,2,2,2,0,0,2,2
55,1485.630,4872.771,-268.625,-49.207,0.653585,0.756834,0.005487,-0.756565,0.653118,0.032345,0.020896,-0.025291,0.999462,0,0.79116,-0.86118,47.469,-1.722,-1,400.000,-1,400.000,-1,325.000,325.000,300.000,300.000,-1,-1,-1,-1,775.000,800.000,-1,-1,2,0,2,0,2,0,0,0,0,2,2,2,2,0,0,2,2
56,1515.704,4836.042,-267.694,-50.689,0.633784,0.773490,0.005494,-0.773217,0.633333,0.032018,0.021286,-0.024541,0.999472,0,0.79118,-0.74118,47.471,-1.482,-1,400.000,-1,400.000,-1,325.000,325.000,300.000,300.000,-1,-1,-1,-1,775.000,800.000,-1,-1,2,0,2,0,2,0,0,0,0,2,2,2,2,0,0,2,2
57,1545.074,4798.542,-266.793,-51.932,0.616860,0.787055,0.005374,-0.786776,0.616425,0.031686,0.021626,-0.023774,0.999483,0,0.79386,-0.62118,47.632,-1.242,-1,400.000,-1,400.000,-1,325.000,325.000,300.000,300.000,-1,-1,-1,-1,775.000,800.000,-1,-1,2,0,2,0,2,0,0,0,0,2,2,2,2,0,0,2,2
58,1573.788,4760.326,-265.905,-53.079,0.600968,0.799256,0.005228,-0.798973,0.600549,0.031366,0.021930,-0.023027,0.999494,0,0.79670,-0.57378,47.802,-1.148,-1,400.000,-1,400.000,-1,325.000,325.000,300.000,300.000,-1,-1,-1,-1,775.000,800.000,-1,-1,2,0,2,0,2,0,0,0,0,2,2,2,2,0,0,2,2
59,1601.814,4721.419,-265.015,-54.234,0.584741,0.811203,0.005153,-0.810916,0.584337,0.031067,0.022190,-0.022344,0.999504,0,0.79917,-0.57708,47.950,-1.154,-1,400.000,-1,400.000,-1,325.000,325.000,300.000,300.000,-1,-1,-1,-1,775.000,800.000,-1,-1,2,0,2,0,2,0,0,0,0,2,2,2,2,0,0,2,2
60,1629.051,4681.955,-263.968,-55.388,0.568265,0.822831,0.004915,-0.822554,0.567894,0.030012,0.021904,-0.021098,0.999537,0,0.79917,-0.57708,47.950,-1.154,-1,400.000,-1,400.000,-1,325.000,325.000,300.000,300.000,-1,-1,-1,-1,800.000,800.000,-1,-1,2,0,2,0,2,0,0,0,0,2,2,2,2,0,0,2,2
61,1655.487,4641.951,-262.907,-56.542,0.551554,0.834126,0.004646,-0.833864,0.551220,0.028768,0.021435,-0.019741,0.999575,0,0.79917,-0.57708,47.950,-1.154,-1,400.000,-1,400.000,-1,325.000,325.000,300.000,300.000,-1,-1,-1,-1,800.000,800.000,-1,-1,2,0,2,0,2,0,0,0,0,2,2,2,2,0,0,2,2
62,1681.112,4601.422,-261.833,-57.696,0.534622,0.845080,0.004431,-0.844831,0.534320,0.027623,0.020977,-0.018511,0.999609,0,0.79917,-0.57708,47.950,-1.154,-1,400.000,-1,400.000,-1,325.000,325.000,300.000,300.000,-1,-1,-1,-1,800.000,800.000,-1,-1,2,0,2,0,2,0,0,0,0,2,2,2,2,0,0,2,2
63,1705.915,4560.385,-260.741,-58.850,0.517475,0.855688,0.004278,-0.855452,0.517199,0.026588,0.020539,-0.017418,0.999637,0,0.79917,-0.57708,47.950,-1.154,-1,400.000,-1,400.000,-1,325.000,325.000,300.000,300.000,-1,-1,-1,-1,800.000,800.000,-1,-1,2,0,2,0,2,0,0,0,0,2,2,2,2,0,0,2,2
64,1729.887,4518.857,-259.660,-60.004,0.500118,0.865947,0.004144,-0.865725,0.499867,0.025541,0.020046,-0.016362,0.999665,0,0.79917,-0.57708,47.950,-1.154,-1,400.000,-1,400.000,-1,325.000,325.000,300.000,300.000,-1,-1,-1,-1,800.000,775.000,-1,-1,2,0,2,0,2,0,0,0,0,2,2,2,2,0,0,2,2
65,1753.017,4476.855,-258.657,-61.159,0.482564,0.875851,0.004169,-0.875638,0.482329,0.024824,0.019731,-0.015630,0.999683,0,0.79917,-0.57708,47.950,-1.154,-1,400.000,-1,400.000,-1,325.000,325.000,300.000,300.000,-1,-1,-1,-1,825.000,775.000,-1,-1,2,0,2,0,2,0,0,0,0,2,2,2,2,0,0,2,2
66,1775.297,4434.395,-257.699,-62.313,0.464818,0.885396,0.004296,-0.885192,0.464593,0.024261,0.019485,-0.015080,0.999696,0,0.79917,-0.57708,47.950,-1.154,-1,400.000,-1,400.000,-1,325.000,325.000,300.000,300.000,-1,-1,-1,-1,825.000,775.000,-1,-1,2,0,2,0,2,0,0,0,0,2,2,2,2,0,0,2,2
67,1796.717,4391.495,-256.791,-63.467,0.446886,0.894579,0.004643,-0.894386,0.446667,0.023701,0.019128,-0.014744,0.999708,0,0.79917,-0.57708,47.950,-1.154,-1,400.000,-1,400.000,-1,325.000,325.000,300.000,300.000,-1,-1,-1,-1,825.000,775.000,-1,-1,2,0,2,0,2,0,0,0,0,2,2,2,2,0,0,2,2
68,1817.269,4348.173,-255.908,-64.621,0.428775,0.903397,0.005083,-0.903217,0.428559,0.023159,0.018744,-0.014521,0.999719,0,0.79917,-0.57708,47.950,-1.154,-1,400.000,-1,400.000,-1,325.000,325.000,300.000,300.000,-1,-1,-1,-1,800.000,750.000,-1,-1,2,0,2,0,2,0,0,0,0,2,2,2,2,0,0,2,2
69,1836.944,4304.445,-255.041,-65.775,0.410490,0.911848,0.005580,-0.911680,0.410276,0.022641,0.018355,-0.014381,0.999728,0,0.79917,-0.57708,47.950,-1.154,-1,400.000,-1,400.000,-1,325.000,325.000,300.000,300.000,-1,-1,-1,-1,800.000,750.000,-1,-1,2,0,2,0,2,0,0,0,0,2,2,2,2,0,0,2,2
70,1855.734,4260.330,-254.190,-66.929,0.392040,0.919928,0.006134,-0.919773,0.391826,0.022143,0.017966,-0.014323,0.999736,0,0.79917,-0.57708,47.950,-1.154,-1,400.000,-1,400.000,-1,325.000,325.000,300.000,300.000,-1,-1,-1,-1,800.000,750.000,-1,-1,2,0,2,0,2,0,0,0,0,2,2,2,2,0,0,2,2
71,1873.631,4215.845,-253.353,-68.083,0.373431,0.927633,0.006742,-0.927491,0.373217,0.021663,0.017579,-0.014343,0.999743,0,0.79917,-0.57708,47.950,-1.154,-1,400.000,-1,400.000,-1,325.000,325.000,300.000,300.000,-1,-1,-1,-1,800.000,750.000,-1,-1,2,0,2,0,2,0,0,0,0,2,2,2,2,0,0,2,2
72,1890.629,4171.009,-252.528,-69.238,0.354672,0.934961,0.007403,-0.934833,0.354455,0.021200,0.017197,-0.014439,0.999748,0,0.79917,-0.57708,47.950,-1.154,-1,400.000,-1,400.000,-1,325.000,325.000,300.000,300.000,-1,-1,-1,-1,775.000,725.000,-1,-1,2,0,2,0,2,0,0,0,0,2,2,2,2,0,0,2,2
73,1906.787,4125.657,-251.710,-70.391,0.335787,0.941903,0.008116,-0.941788,0.335567,0.020750,0.016821,-0.014611,0.999752,0,0.80241,-0.57658,48.144,-1.153,-1,400.000,-1,400.000,-1,325.000,325.000,300.000,300.000,-1,-1,-1,-1,775.000,725.000,-1,-1,2,0,2,0,2,0,0,0,0,2,2,2,2,0,0,2,2
74,1922.093,4079.798,-250.897,-71.543,0.316789,0.948455,0.008881,-0.948353,0.316565,0.020311,0.016453,-0.014856,0.999754,0,0.80577,-0.57589,48.346,-1.152,-1,400.000,-1,375.000,-1,325.000,325.000,300.000,300.000,-1,-1,-1,-1,775.000,725.000,-1,-1,2,0,2,0,2,0,0,0,0,2,2,2,2,0,0,2,2
75,1936.535,4033.450,-250.087,-72.693,0.297692,0.954613,0.009694,-0.954526,0.297463,0.019881,0.016095,-0.015172,0.999755,0,0.80909,-0.57503,48.545,-1.150,-1,400.000,-1,375.000,-1,325.000,325.000,300.000,300.000,-1,-1,-1,-1,750.000,725.000,-1,-1,2,0,2,0,2,0,0,0,0,2,2,2,2,0,0,2,2
76,1951.594,3982.275,-249.207,-73.603,0.282497,0.959210,0.010537,-0.959138,0.282262,0.019539,0.015768,-0.015627,0.999754,0,0.88909,-0.45503,53.345,-0.910,-1,400.000,-1,375.000,-1,325.000,325.000,300.000,300.000,-1,-1,-1,-1,750.000,700.000,-1,-1,2,0,2,0,2,0,0,0,0,2,2,2,2,0,0,2,2
77,1966.750,3928.455,-248.164,-74.273,0.271277,0.962429,0.011811,-0.962373,0.271020,0.019634,0.015695,-0.016693,0.999737,0,0.93188,-0.33503,55.913,-0.670,-1,400.000,-1,375.000,-1,325.000,325.000,300.000,300.000,-1,-1,-1,-1,750.000,700.000,-1,-1,2,0,2,0,2,0,0,0,0,2,2,2,2,0,0,2,2
78,1981.560,3874.311,-247.113,-74.703,0.264064,0.964414,0.013299,-0.964380,0.263782,0.019729,0.015519,-0.018035,0.999717,0,0.93555,-0.21503,56.133,-0.430,-1,400.000,-1,375.000,-1,325.000,325.000,300.000,300.000,-1,-1,-1,-1,750.000,700.000,975.000,-1,2,0,2,0,2,0,0,0,0,2,2,2,2,0,0,1,2
79,1996.247,3819.906,-245.974,-74.893,0.260883,0.965266,0.014219,-0.965239,0.260577,0.020316,0.015906,-0.019025,0.999692,0,0.93920,-0.09503,56.352,-0.190,-1,400.000,-1,375.000,-1,325.000,325.000,300.000,300.000,-1,-1,-1,-1,725.000,700.000,900.000,-1,2,0,2,0,2,0,0,0,0,2,2,2,2,1,0,1,2
80,2011.038,3765.303,-244.749,-74.843,0.261745,0.965026,0.014614,-0.964994,0.261415,0.021186,0.016625,-0.019648,0.999669,0,0.94284,0.02497,56.571,0.050,1000.000,400.000,-1,375.000,-1,325.000,325.000,300.000,300.000,-1,-1,-1,-1,700.000,700.000,850.000,-1,1,0,2,0,2,0,0,0,0,2,2,2,2,1,0,1,2
81,2026.164,3710.565,-243.552,-74.553,0.266646,0.963677,0.015014,-0.963639,0.266292,0.022096,0.017295,-0.020360,0.999643,0,0.94649,0.14497,56.790,0.290,925.000,400.000,-1,375.000,-1,325.000,325.000,300.000,300.000,-1,-1,-1,-1,650.000,700.000,800.000,-1,1,0,2,0,2,0,0,0,0,2,2,2,2,1,0,1,2
82,2041.649,3655.698,-242.382,-74.239,0.271941,0.962191,0.015397,-0.962146,0.271560,0.023044,0.017991,-0.021081,0.999616,0,0.95017,0.15685,57.010,0.314,875.000,400.000,-1,375.000,-1,325.000,325.000,300.000,300.000,-1,-1,-1,-1,625.000,700.000,725.000,-1,1,0,2,0,2,0,0,0,0,2,2,2,2,1,0,1,2
83,2057.498,3600.706,-241.238,-73.923,0.277277,0.960661,0.015761,-0.960608,0.276867,0.024031,0.018722,-0.021803,0.999587,0,0.95385,0.15828,57.231,0.317,800.000,400.000,-1,375.000,-1,325.000,325.000,300.000,300.000,-1,-1,-1,-1,575.000,700.000,675.000,-1,1,0,2,0,2,0,0,0,0,2,2,2,2,1,0,1,2
84,2073.716,3545.592,-240.121,-73.603,0.282655,0.959086,0.016103,-0.959024,0.282216,0.025058,0.019489,-0.022526,0.999556,0,0.95751,0.15977,57.450,0.320,725.000,400.000,950.000,375.000,-1,325.000,325.000,300.000,300.000,-1,-1,-1,-1,525.000,700.000,625.000,-1,1,0,1,0,2,0,0,0,0,2,2,2,2,1,0,1,2
85,2090.307,3490.361,-239.033,-73.281,0.288078,0.957466,0.016423,-0.957392,0.287608,0.026128,0.020294,-0.023250,0.999524,0,0.96115,0.16134,57.669,0.323,650.000,375.000,900.000,375.000,-1,325.000,325.000,300.000,300.000,-1,-1,-1,-1,500.000,700.000,550.000,-1,1,1,1,0,2,1,0,0,0,2,2,2,2,1,0,1,2
86,2107.275,3435.017,-237.976,-72.955,0.293549,0.955798,0.016719,-0.955710,0.293046,0.027241,0.021138,-0.023975,0.999489,0,0.96477,0.16299,57.886,0.326,575.000,350.000,825.000,375.000,-1,300.000,325.000,300.000,300.000,-1,-1,-1,-1,450.000,675.000,500.000,-1,1,1,1,0,2,1,0,0,0,2,2,2,2,1,0,1,2
87,2123.337,3384.419,-237.043,-72.389,0.303002,0.952839,0.016947,-0.952740,0.302467,0.028281,0.021821,-0.024715,0.999456,0,0.88477,0.28299,53.086,0.566,525.000,325.000,750.000,375.000,-1,300.000,300.000,300.000,300.000,-1,-1,-1,-1,425.000,675.000,450.000,-1,1,1,1,0,2,1,0,0,0,2,2,2,2,1,0,1,2
88,2138.593,3338.606,-236.123,-71.583,0.316400,0.948463,0.017575,-0.948370,0.315831,0.029055,0.022007,-0.025860,0.999423,0,0.80477,0.40299,48.286,0.806,475.000,300.000,675.000,375.000,-1,275.000,300.000,300.000,300.000,-1,-1,-1,-1,400.000,675.000,400.000,-1,1,1,1,0,2,1,0,0,0,2,2,2,2,1,0,1,2
89,2153.083,3297.605,-235.093,-70.537,0.333710,0.942491,0.018680,-0.942407,0.333075,0.030502,0.022526,-0.027783,0.999360,0,0.72477,0.52299,43.486,1.046,425.000,275.000,625.000,375.000,-1,250.000,300.000,300.000,300.000,-1,-1,-1,-1,350.000,675.000,375.000,-1,1,1,1,0,2,1,0,0,0,2,2,2,2,1,0,1,2
90,2166.790,3261.428,-234.186,-69.251,0.354821,0.934728,0.019634,-0.934655,0.354124,0.031869,0.022836,-0.029659,0.999299,0,0.64477,0.64299,38.686,1.286,400.000,275.000,550.000,375.000,-1,250.000,300.000,300.000,300.000,-1,-1,-1,-1,325.000,675.000,350.000,-1,1,1,1,0,2,1,1,0,0,2,2,2,2,1,0,1,2
91,2179.560,3230.040,-233.408,-67.862,0.377410,0.925821,0.020421,-0.925761,0.376655,0.033134,0.022985,-0.031410,0.999242,0,0.56477,0.69441,33.886,1.389,375.000,250.000,500.000,375.000,-1,225.000,275.000,300.000,300.000,-1,-1,-1,-1,300.000,675.000,325.000,-1,1,1,1,0,2,1,1,0,0,2,2,2,2,1,0,1,2
92,2191.171,3203.371,-232.743,-66.474,0.399756,0.916381,0.021009,-0.916334,0.398951,0.034213,0.022970,-0.032928,0.999194,0,0.48477,0.69401,29.086,1.388,350.000,225.000,450.000,375.000,-1,225.000,275.000,300.000,300.000,-1,-1,-1,-1,300.000,675.000,300.000,-1,1,1,1,0,2,1,1,0,0,2,2,2,2,1,0,1,2
93,2201.401,3181.345,-232.122,-65.087,0.421828,0.906426,0.021270,-0.906394,0.420996,0.034806,0.022595,-0.033962,0.999168,0,0.40477,0.69334,24.286,1.387,350.000,225.000,425.000,375.000,-1,200.000,250.000,300.000,300.000,-1,-1,-1,-1,275.000,575.000,275.000,-1,1,1,1,1,2,1,1,0,0,2,2,2,2,1,1,1,2
94,2210.035,3163.876,-231.635,-63.702,0.443619,0.895959,0.021446,-0.895941,0.442765,0.035332,0.022160,-0.034888,0.999145,0,0.32477,0.69241,19.486,1.385,325.000,225.000,400.000,325.000,-1,200.000,225.000,300.000,300.000,-1,-1,-1,-1,250.000,500.000,275.000,-1,1,1,1,1,2,1,1,0,0,2,2,2,2,1,1,1,2
95,2216.857,3150.870,-231.276,-62.320,0.465111,0.884990,0.021540,-0.884987,0.464239,0.035780,0.021666,-0.035704,0.999128,0,0.24477,0.69123,14.686,1.382,325.000,200.000,375.000,300.000,-1,200.000,225.000,300.000,300.000,-1,-1,-1,-1,250.000,450.000,275.000,950.000,1,1,1,1,2,1,1,0,0,2,2,2,2,1,1,1,1
96,2221.660,3142.229,-231.039,-60.940,0.486286,0.873534,0.021557,-0.873545,0.485400,0.036143,0.021109,-0.036407,0.999114,0,0.16477,0.68984,9.886,1.380,350.000,200.000,350.000,300.000,-1,175.000,225.000,300.000,300.000,-1,-1,-1,-1,250.000,400.000,275.000,825.000,1,1,1,1,2,1,1,0,0,2,2,2,2,1,1,1,1
97,2224.237,3137.844,-230.916,-59.564,0.507127,0.861603,0.021501,-0.861628,0.506233,0.036408,0.020485,-0.036990,0.999106,0,0.08477,0.68824,5.086,1.376,375.000,200.000,325.000,275.000,-1,175.000,200.000,300.000,300.000,-1,-1,-1,-1,250.000,375.000,275.000,725.000,1,1,1,1,2,1,1,0,0,2,2,2,2,1,1,1,1
98,2224.388,3137.601,-230.887,-58.191,0.527618,0.849213,0.021360,-0.849252,0.526724,0.036509,0.019753,-0.037403,0.999105,0,0.00477,0.68648,0.286,1.373,400.000,200.000,325.000,275.000,-1,175.000,200.000,300.000,300.000,-1,-1,-1,-1,250.000,350.000,300.000,650.000,1,1,1,1,2,1,1,0,0,2,2,2,2,1,1,1,1
99,2223.533,3138.909,-230.897,-56.822,0.547750,0.836374,0.021195,-0.836427,0.546858,0.036558,0.018985,-0.037753,0.999107,0,-0.02604,0.68459,-1.562,1.369,425.000,200.000,325.000,250.000,-1,175.000,200.000,300.000,300.000,-1,-1,-1,-1,250.000,350.000,325.000,600.000,1,1,1,1,2,1,1,0,0,2,2,2,2,1,1,1,1
100,2222.652,3140.188,-230.906,-55.456,0.567513,0.823096,0.021028,-0.823163,0.566624,0.036597,0.018208,-0.038078,0.999109,0,-0.02588,0.68267,-1.553,1.365,475.000,200.000,325.000,250.000,-1,175.000,200.000,300.000,300.000,-1,-1,-1,-1,250.000,325.000,325.000,550.000,1,1,1,1,2,1,1,0,0,2,2,2,2,1,1,1,1
101,2221.746,3141.440,-230.916,-54.095,0.586900,0.809391,0.020859,-0.809472,0.586015,0.036625,0.017421,-0.038380,0.999111,0,-0.02576,0.68076,-1.546,1.362,500.000,225.000,325.000,250.000,-1,200.000,200.000,300.000,300.000,-1,-1,-1,-1,275.000,325.000,350.000,500.000,1,1,1,1,2,1,1,0,0,2,2,2,2,1,1,1,1
102,2220.813,3142.667,-230.926,-52.737,0.605903,0.795269,0.020689,-0.795365,0.605022,0.036643,0.016624,-0.038658,0.999114,0,-0.02569,0.67887,-1.541,1.358,550.000,225.000,325.000,225.000,-1,200.000,200.000,300.000,300.000,-1,-1,-1,-1,275.000,300.000,375.000,475.000,1,1,1,1,2,1,1,0,0,2,2,2,2,1,1,1,1
103,2219.852,3143.871,-230.936,-51.383,0.624515,0.780744,0.020519,-0.780853,0.623639,0.036650,0.015818,-0.038911,0.999117,0,-0.02566,0.67699,-1.540,1.354,625.000,225.000,325.000,225.000,950.000,200.000,200.000,300.000,300.000,-1,-1,-1,-1,275.000,300.000,400.000,425.000,1,1,1,1,1,1,1,0,0,2,2,2,2,1,1,1,1
104,2218.862,3145.052,-230.946,-50.033,0.642728,0.765825,0.020349,-0.765948,0.641857,0.036647,0.015004,-0.039140,0.999121,0,-0.02568,0.67512,-1.541,1.350,675.000,225.000,325.000,225.000,800.000,200.000,200.000,300.000,300.000,-1,-1,-1,-1,300.000,300.000,425.000,400.000,1,1,1,1,1,1,1,0,0,2,2,2,2,1,1,1,1
105,2221.003,3142.596,-230.886,-48.923,0.657438,0.753236,0.020234,-0.753371,0.656569,0.036737,0.014387,-0.039396,0.999120,0,0.05432,0.55512,3.259,1.110,725.000,250.000,325.000,225.000,700.000,200.000,200.000,300.000,300.000,-1,-1,-1,-1,300.000,275.000,450.000,375.000,1,1,1,1,1,1,1,0,0,2,2,2,2,1,1,1,1
106,2226.390,3136.602,-230.760,-48.052,0.668800,0.743169,0.020168,-0.743311,0.667926,0.036928,0.013973,-0.039689,0.999114,0,0.13432,0.43512,8.059,0.870,750.000,250.000,325.000,200.000,625.000,200.000,175.000,300.000,300.000,-1,-1,-1,-1,300.000,275.000,450.000,350.000,1,1,1,1,1,1,1,0,0,2,2,2,2,1,1,1,1
107,2235.091,3127.133,-230.571,-47.422,0.676935,0.735767,0.020149,-0.735914,0.676051,0.037224,0.013767,-0.040026,0.999104,0,0.21432,0.31512,12.859,0.630,775.000,225.000,300.000,200.000,550.000,200.000,175.000,300.000,300.000,-1,-1,-1,-1,300.000,250.000,450.000,325.000,1,1,1,1,1,1,1,0,0,2,2,2,2,1,1,1,1
108,2247.127,3114.212,-230.320,-47.032,0.681935,0.731134,0.020177,-0.731283,0.681035,0.037634,0.013775,-0.040419,0.999088,0,0.29432,0.19512,17.659,0.390,750.000,225.000,275.000,200.000,475.000,175.000,175.000,300.000,300.000,-1,-1,-1,-1,275.000,225.000,425.000,300.000,1,1,1,1,1,1,1,0,0,2,2,2,2,1,1,1,1
109,2262.479,3097.819,-229.129,-46.882,0.683950,0.729231,0.020859,-0.729340,0.682842,0.042302,0.016604,-0.044145,0.998887,0,0.37432,0.07512,22.459,0.150,700.000,200.000,275.000,175.000,450.000,175.000,150.000,300.000,325.000,-1,-1,-1,-1,250.000,225.000,400.000,275.000,1,1,1,1,1,1,1,0,0,2,2,2,2,1,1,1,1
110,2281.082,3077.894,-226.987,-46.971,0.683030,0.730052,0.022229,-0.730051,0.681468,0.051260,0.022274,-0.051240,0.998438,0,0.45432,-0.04488,27.259,-0.090,650.000,200.000,250.000,175.000,425.000,150.000,150.000,300.000,325.000,-1,650.000,875.000,-1,250.000,200.000,375.000,275.000,1,1,1,1,1,1,1,0,0,2,0,0,2,1,1,1,1
111,2302.827,3054.336,-224.327,-47.301,0.679154,0.733599,0.024113,-0.733403,0.676920,0.062436,0.029480,-0.060089,0.997758,0,0.53432,-0.16488,32.059,-0.330,575.000,175.000,225.000,150.000,400.000,150.000,150.000,275.000,350.000,-1,425.000,600.000,-1,225.000,200.000,325.000,250.000,1,1,1,1,1,1,1,0,0,2,0,0,2,1,1,1,1
112,2326.293,3028.410,-221.216,-47.861,0.672430,0.739683,0.026607,-0.739190,0.669273,0.075305,0.037894,-0.070305,0.996806,0,0.58279,-0.27989,34.968,-0.560,475.000,150.000,200.000,150.000,375.000,125.000,125.000,275.000,375.000,-1,300.000,450.000,-1,200.000,175.000,300.000,225.000,1,1,1,1,1,1,1,0,0,2,0,0,2,1,1,1,1
113,2349.602,3002.137,-215.693,-48.419,0.665671,0.746007,0.018879,-0.744294,0.661888,0.089055,0.053940,-0.073333,0.995848,0,0.58534,-0.27919,35.121,-0.558,425.000,150.000,200.000,150.000,350.000,125.000,125.000,300.000,400.000,900.000,200.000,300.000,-1,175.000,175.000,250.000,225.000,1,1,1,1,1,1,1,0,0,0,0,0,2,1,1,1,1
114,2372.751,2975.515,-206.904,-48.976,0.658231,0.752807,-0.003558,-0.748501,0.654957,0.103816,0.080484,-0.065672,0.994590,0,0.58790,-0.27843,35.274,-0.557,425.000,150.000,200.000,150.000,375.000,125.000,125.000,325.000,425.000,800.000,125.000,175.000,-1,175.000,175.000,250.000,225.000,1,1,1,1,1,1,1,0,0,0,0,0,2,1,1,1,1
115,9511.023,-7543.233,-137.465,-152.639,-0.888111,0.459078,0.022503,-0.459628,-0.887138,-0.041572,0.000879,-0.047264,0.998882,1,0.00000,0.00000,35.428,-0.555,-1,375.000,-1,375.000,-1,300.000,300.000,300.000,325.000,-1,-1,-1,-1,675.000,700.000,-1,-1,2,0,2,0,2,0,0,0,0,2,2,2,2,0,0,2,2
116,9506.770,-7545.456,-137.451,-152.399,-0.886180,0.462790,0.022592,-0.463341,-0.885209,-0.041486,0.000799,-0.047232,0.998884,0,0.08000,0.12000,4.800,0.240,-1,375.000,-1,375.000,-1,300.000,300.000,300.000,325.000,-1,-1,-1,-1,675.000,700.000,-1,-1,2,0,2,0,2,0,0,0,0,2,2,2,2,0,0,2,2
117,9498.300,-7549.975,-137.424,-151.919,-0.882271,0.470191,0.022774,-0.470742,-0.881303,-0.041314,0.000645,-0.047171,0.998887,0,0.16000,0.24000,9.600,0.480,-1,375.000,-1,375.000,-1,300.000,300.000,300.000,325.000,-1,-1,-1,-1,675.000,700.000,-1,-1,2,0,2,0,2,0,0,0,0,2,2,2,2,0,0,2,2
118,9485.681,-7556.913,-137.390,-151.199,-0.876291,0.481231,0.023054,-0.481782,-0.875329,-0.041054,0.000424,-0.047083,0.998891,0,0.24000,0.36000,14.400,0.720,-1,375.000,-1,375.000,-1,300.000,300.000,300.000,325.000,-1,-1,-1,-1,675.000,700.000,-1,-1,2,0,2,0,2,0,0,0,0,2,2,2,2,0,0,2,2
119,9469.014,-7566.443,-137.351,-150.239,-0.868102,0.495831,0.023443,-0.496385,-0.867148,-0.040706,0.000145,-0.046973,0.998896,0,0.32000,0.48000,19.200,0.960,-1,375.000,-1,375.000,-1,300.000,300.000,300.000,325.000,-1,-1,950.000,-1,675.000,700.000,-1,-1,2,0,2,0,2,0,0,0,0,2,2,0,2,0,0,2,2
120,9448.433,-7578.790,-137.315,-149.039,-0.857524,0.513886,0.023952,-0.514443,-0.856578,-0.040265,-0.000175,-0.046850,0.998902,0,0.40000,0.60000,24.000,1.200,-1,375.000,-1,375.000,-1,300.000,300.000,300.000,325.000,-1,975.000,875.000,-1,675.000,700.000,-1,-1,2,0,2,0,2,0,0,0,0,2,0,0,2,0,0,2,2
121,9424.117,-7594.221,-137.299,-147.599,-0.844335,0.535253,0.024552,-0.535816,-0.843400,-0.039713,-0.000549,-0.046686,0.998909,0,0.48000,0.72000,28.800,1.440,-1,375.000,-1,375.000,-1,300.000,300.000,325.000,325.000,-1,900.000,825.000,-1,675.000,700.000,-1,-1,2,0,2,0,2,0,0,0,0,2,0,0,2,0,0,2,2
122,9396.224,-7612.954,-137.305,-146.116,-0.830191,0.556907,0.025255,-0.557479,-0.829273,-0.039031,-0.000793,-0.046483,0.998919,0,0.56000,0.74150,33.600,1.483,-1,375.000,-1,375.000,-1,300.000,300.000,325.000,325.000,-1,825.000,750.000,-1,675.000,700.000,-1,-1,2,0,2,0,2,0,0,0,0,2,0,0,2,0,0,2,2
123,9364.910,-7635.179,-137.337,-144.633,-0.815486,0.578189,0.026092,-0.578777,-0.814592,-0.038176,-0.000819,-0.046233,0.998930,0,0.64000,0.74150,38.400,1.483,-1,375.000,-1,375.000,-1,300.000,300.000,325.000,325.000,-1,750.000,700.000,-1,675.000,675.000,-1,-1,2,0,2,0,2,0,0,0,0,2,0,0,2,0,0,2,2
124,9330.684,-7660.830,-137.386,-143.150,-0.800229,0.599083,0.027061,-0.599694,-0.799364,-0.037206,-0.000658,-0.046002,0.998941,0,0.71287,0.74150,42.772,1.483,-1,375.000,-1,375.000,-1,300.000,300.000,325.000,325.000,-1,700.000,675.000,-1,675.000,675.000,-1,-1,2,0,2,0,2,0,0,0,0,2,0,0,2,0,0,2,2
125,9297.133,-7687.358,-137.436,-141.667,-0.784436,0.619575,0.028076,-0.620210,-0.783597,-0.036264,-0.000468,-0.045860,0.998948,0,0.71287,0.74150,42.772,1.483,-1,375.000,-1,375.000,-1,300.000,300.000,325.000,325.000,-1,650.000,625.000,-1,675.000,675.000,-1,-1,2,0,2,0,2,0,0,0,0,2,0,0,2,0,0,2,2
126,9264.280,-7714.746,-137.489,-140.184,-0.768115,0.639648,0.029139,-0.640312,-0.767301,-0.035350,-0.000253,-0.045811,0.998950,0,0.71287,0.74150,42.772,1.483,-1,375.000,-1,375.000,-1,300.000,300.000,325.000,325.000,-1,625.000,600.000,-1,675.000,675.000,-1,-1,2,0,2,0,2,0,0,0,0,2,0,0,2,0,0,2,2
127,9232.146,-7742.974,-137.496,-138.701,-0.751275,0.659285,0.030468,-0.659989,-0.750483,-0.034501,0.000119,-0.046029,0.998940,0,0.71287,0.74150,42.772,1.483,-1,375.000,-1,375.000,-1,300.000,300.000,325.000,325.000,-1,600.000,600.000,-1,675.000,675.000,-1,-1,2,0,2,0,2,0,0,0,0,2,0,0,2,0,0,2,2
128,9200.754,-7772.025,-137.496,-137.218,-0.733930,0.678476,0.031891,-0.679225,-0.733157,-0.033675,0.000534,-0.046376,0.998924,0,0.71287,0.74150,42.772,1.483,-1,375.000,-1,375.000,-1,300.000,300.000,325.000,325.000,-1,575.000,575.000,-1,675.000,675.000,-1,-1,2,0,2,0,2,0,0,0,0,2,0,0,2,0,0,2,2
129,9170.125,-7801.879,-137.477,-135.735,-0.716089,0.697210,0.033382,-0.698008,-0.715339,-0.032780,0.001025,-0.046774,0.998905,0,0.71287,0.74150,42.772,1.483,-1,375.000,-1,375.000,-1,300.000,300.000,325.000,325.000,-1,550.000,550.000,-1,700.000,675.000,-1,-1,2,0,2,0,2,0,0,0,0,2,0,0,2,0,0,2,2
130,9140.278,-7832.515,-137.451,-134.252,-0.697766,0.715473,0.034943,-0.716324,-0.697039,-0.031884,0.001544,-0.047278,0.998881,0,0.71287,0.74150,42.772,1.483,-1,375.000,-1,375.000,-1,300.000,300.000,325.000,325.000,-1,525.000,525.000,-1,700.000,675.000,-1,-1,2,0,2,0,2,0,0,0,0,2,0,0,2,0,0,2,2
131,9111.234,-7863.914,-137.425,-132.769,-0.678974,0.733251,0.036577,-0.734160,-0.678268,-0.031015,0.002068,-0.047912,0.998849,0,0.71287,0.74150,42.772,1.483,-1,375.000,-1,375.000,-1,300.000,300.000,325.000,325.000,-1,500.000,525.000,-1,700.000,675.000,-1,-1,2,0,2,0,2,0,0,0,0,2,0,0,2,0,0,2,2
132,9083.013,-7896.053,-137.359,-131.286,-0.659730,0.750537,0.038076,-0.751498,-0.659045,-0.030158,0.002459,-0.048510,0.998820,0,0.71287,0.74150,42.772,1.483,-1,375.000,-1,375.000,-1,300.000,300.000,325.000,325.000,-1,475.000,525.000,-1,700.000,675.000,-1,-1,2,0,2,0,2,0,0,0,0,2,0,0,2,0,0,2,2
133,9055.633,-7928.913,-137.245,-129.803,-0.640050,0.767322,0.039392,-0.768328,-0.639384,-0.029326,0.002684,-0.049036,0.998793,0,0.71287,0.74150,42.772,1.483,-1,375.000,-1,375.000,-1,300.000,300.000,325.000,325.000,-1,475.000,525.000,-1,700.000,675.000,-1,-1,2,0,2,0,2,0,0,0,0,2,0,0,2,0,0,2,2
134,9029.112,-7962.470,-137.137,-128.320,-0.619941,0.783590,0.040741,-0.784643,-0.619293,-0.028492,0.002905,-0.049630,0.998763,0,0.71287,0.74150,42.772,1.483,-1,375.000,-1,375.000,-1,300.000,300.000,325.000,325.000,-1,475.000,525.000,-1,700.000,675.000,-1,-1,2,0,2,0,2,0,0,0,0,2,0,0,2,0,0,2,2
135,9000.513,-8000.485,-137.018,-126.955,-0.601044,0.798097,0.042276,-0.799208,-0.600422,-0.027561,0.003387,-0.050353,0.998726,0,0.79287,0.68277,47.572,1.366,-1,375.000,-1,375.000,-1,300.000,300.000,325.000,325.000,-1,475.000,525.000,-1,700.000,675.000,-1,-1,2,0,2,0,2,0,0,0,0,2,0,0,2,0,0,2,2
