timestep,x_cm,y_cm,z_cm,yaw_deg,basis_xx,basis_xy,basis_xz,basis_yx,basis_yy,basis_yz,basis_zx,basis_zy,basis_zz,teleport_flag,throttle_cmd,steering_cmd,cmd_move_cm,cmd_turn_deg,lidar_cm_0,lidar_cm_1,lidar_cm_2,lidar_cm_3,lidar_cm_4,lidar_cm_5,lidar_cm_6,lidar_cm_7,lidar_cm_8,lidar_cm_9,lidar_cm_10,lidar_cm_11,lidar_cm_12,lidar_cm_13,lidar_cm_14,lidar_cm_15,lidar_cm_16,lidar_class_0,lidar_class_1,lidar_class_2,lidar_class_3,lidar_class_4,lidar_class_5,lidar_class_6,lidar_class_7,lidar_class_8,lidar_class_9,lidar_class_10,lidar_class_11,lidar_class_12,lidar_class_13,lidar_class_14,lidar_class_15,lidar_class_16
0,-6235.049,-3610.693,184.164,-140.442,-0.771266,0.636325,-0.015431,-0.636362,-0.770329,0.040456,0.013856,0.041022,0.999062,1,0.08000,-0.06508,4.800,-0.130,-1,375.000,-1,400.000,-1,325.000,325.000,275.000,300.000,-1,500.000,425.000,-1,725.000,750.000,-1,-1,2,0,2,0,2,0,0,0,0,2,0,0,2,0,0,2,2
1,-6242.464,-3616.791,184.337,-140.572,-0.772716,0.634564,-0.015443,-0.634597,-0.771761,0.040882,0.014024,0.041390,0.999045,0,0.16000,-0.06508,9.600,-0.130,-1,375.000,-1,400.000,-1,325.000,325.000,275.000,300.000,-1,500.000,425.000,-1,725.000,750.000,-1,-1,2,0,2,0,2,0,0,0,0,2,0,0,2,0,0,2,2
2,-6253.608,-3625.911,184.592,-140.702,-0.774165,0.632796,-0.015435,-0.632822,-0.773184,0.041516,0.014337,0.041908,0.999019,0,0.24000,-0.06508,14.400,-0.130,-1,375.000,-1,400.000,-1,325.000,325.000,275.000,300.000,-1,500.000,425.000,-1,725.000,750.000,-1,-1,2,0,2,0,2,0,0,0,0,2,0,0,2,0,0,2,2
3,-6268.493,-3638.038,184.922,-140.832,-0.775613,0.631020,-0.015410,-0.631035,-0.774598,0.042349,0.014786,0.042571,0.998984,0,0.32000,-0.06508,19.200,-0.130,-1,375.000,-1,400.000,-1,325.000,325.000,275.000,300.000,-1,525.000,425.000,-1,725.000,775.000,-1,-1,2,0,2,0,2,0,0,0,0,2,0,0,2,0,0,2,2
4,-6287.135,-3653.154,185.323,-140.962,-0.777061,0.629237,-0.015374,-0.629237,-0.776002,0.043371,0.015361,0.043376,0.998941,0,0.40000,-0.06508,24.000,-0.130,-1,375.000,-1,400.000,-1,325.000,325.000,275.000,300.000,-1,525.000,425.000,-1,725.000,775.000,-1,-1,2,0,2,0,2,0,0,0,0,2,0,0,2,0,0,2,2
5,-6309.545,-3671.243,185.786,-141.093,-0.778509,0.627447,-0.015332,-0.627429,-0.777397,0.044572,0.016048,0.044320,0.998889,0,0.48000,-0.06508,28.800,-0.130,-1,375.000,-1,400.000,-1,325.000,325.000,275.000,300.000,-1,525.000,450.000,-1,750.000,775.000,-1,-1,2,0,2,0,2,0,0,0,0,2,0,0,2,0,0,2,2
6,-6335.739,-3692.287,186.343,-141.223,-0.779952,0.625653,-0.015293,-0.625616,-0.778788,0.045753,0.016716,0.045253,0.998836,0,0.56000,-0.06508,33.600,-0.130,-1,400.000,-1,400.000,-1,325.000,325.000,275.000,300.000,-1,550.000,450.000,-1,750.000,775.000,-1,-1,2,0,2,0,2,0,0,0,0,2,0,0,2,0,0,2,2
7,-6365.730,-3716.269,187.043,-141.353,-0.781385,0.623862,-0.015268,-0.623813,-0.780182,0.046621,0.017173,0.045953,0.998796,0,0.64000,-0.06508,38.400,-0.130,-1,400.000,-1,400.000,-1,325.000,325.000,275.000,300.000,-1,575.000,475.000,-1,775.000,775.000,-1,-1,2,0,2,0,2,0,0,0,0,2,0,0,2,0,0,2,2
8,-6399.530,-3743.172,187.798,-141.483,-0.782815,0.622067,-0.015273,-0.622004,-0.781570,0.047528,0.017629,0.046706,0.998753,0,0.72000,-0.06508,43.200,-0.130,-1,400.000,-1,400.000,-1,325.000,325.000,275.000,300.000,-1,600.000,500.000,-1,775.000,800.000,-1,-1,2,0,2,0,2,0,0,0,0,2,0,0,2,0,0,2,2
9,-6437.154,-3772.979,188.594,-141.613,-0.784242,0.620266,-0.015322,-0.620193,-0.782952,0.048452,0.018057,0.047501,0.998708,0,0.80000,-0.06508,48.000,-0.130,-1,400.000,-1,400.000,-1,325.000,325.000,300.000,300.000,-1,625.000,525.000,-1,800.000,800.000,-1,-1,2,0,2,0,2,0,0,0,0,2,0,0,2,0,0,2,2
10,-6478.399,-3805.503,189.417,-141.743,-0.785663,0.618462,-0.015432,-0.618380,-0.784328,0.049366,0.018427,0.048328,0.998662,0,0.87544,-0.06508,52.526,-0.130,-1,400.000,-1,400.000,-1,325.000,325.000,300.000,300.000,-1,675.000,550.000,-1,800.000,800.000,-1,-1,2,0,2,0,2,0,0,0,0,2,0,0,2,0,0,2,2
11,-6519.719,-3837.933,190.217,-141.874,-0.787079,0.616658,-0.015466,-0.616566,-0.785704,0.050146,0.018771,0.049005,0.998622,0,0.87544,-0.06508,52.526,-0.130,-1,400.000,-1,400.000,-1,325.000,325.000,300.000,300.000,-1,700.000,600.000,-1,825.000,825.000,-1,-1,2,0,2,0,2,0,0,0,0,2,0,0,2,0,0,2,2
12,-6561.112,-3870.270,191.008,-142.004,-0.788494,0.614845,-0.015594,-0.614745,-0.787070,0.051085,0.019136,0.049867,0.998573,0,0.87544,-0.06508,52.526,-0.130,-1,400.000,-1,400.000,-1,325.000,325.000,300.000,300.000,-1,725.000,625.000,-1,850.000,850.000,-1,-1,2,0,2,0,2,0,0,0,0,2,0,0,2,0,0,2,2
13,-6602.578,-3902.512,191.762,-142.134,-0.789904,0.613026,-0.015822,-0.612922,-0.788426,0.052058,0.019438,0.050818,0.998519,0,0.87544,-0.06508,52.526,-0.130,-1,400.000,-1,400.000,-1,325.000,325.000,275.000,300.000,-1,775.000,650.000,-1,875.000,875.000,-1,-1,2,0,2,0,2,0,0,0,0,2,0,0,2,0,0,2,2
14,-6644.118,-3934.660,192.446,-142.264,-0.791307,0.611205,-0.016154,-0.611105,-0.789780,0.052891,0.019569,0.051725,0.998470,0,0.87544,-0.06508,52.526,-0.130,-1,400.000,-1,400.000,-1,325.000,325.000,275.000,300.000,-1,800.000,700.000,-1,900.000,900.000,-1,-1,2,0,2,0,2,0,0,0,0,2,0,0,2,0,0,2,2
15,-6685.730,-3966.713,193.155,-142.394,-0.792702,0.609370,-0.017057,-0.609305,-0.791115,0.053702,0.019230,0.052962,0.998411,0,0.87544,-0.06508,52.526,-0.130,-1,425.000,-1,400.000,-1,325.000,325.000,275.000,300.000,-1,850.000,750.000,-1,925.000,900.000,-1,-1,2,0,2,0,2,0,0,0,0,2,0,0,2,0,0,2,2
16,-6727.415,-3998.672,193.816,-142.524,-0.794087,0.607535,-0.018069,-0.607517,-0.792450,0.054280,0.018658,0.054081,0.998362,0,0.87544,-0.06508,52.526,-0.130,-1,425.000,-1,400.000,-1,350.000,325.000,300.000,300.000,-1,925.000,800.000,-1,950.000,925.000,-1,-1,2,0,2,0,2,0,0,0,0,2,0,0,2,0,0,2,2
17,-6769.173,-4030.535,194.718,-142.654,-0.795433,0.605739,-0.019149,-0.605802,-0.793835,0.053189,0.017017,0.053909,0.998401,0,0.87544,-0.06508,52.526,-0.130,-1,425.000,-1,400.000,-1,350.000,325.000,275.000,275.000,-1,-1,925.000,-1,975.000,950.000,-1,-1,2,0,2,0,2,0,0,0,0,2,2,0,2,0,0,2,2
18,-6811.003,-4062.304,195.487,-142.785,-0.796769,0.603944,-0.020270,-0.604091,-0.795222,0.051925,0.015240,0.053617,0.998445,0,0.87544,-0.06508,52.526,-0.130,-1,425.000,-1,425.000,-1,350.000,325.000,275.000,275.000,-1,-1,-1,-1,975.000,950.000,-1,-1,2,0,2,0,2,0,0,0,0,2,2,2,2,0,0,2,2
19,-6852.906,-4093.977,196.113,-142.915,-0.798095,0.602150,-0.021434,-0.602385,-0.796611,0.050422,0.013287,0.053153,0.998498,0,0.87544,-0.06508,52.526,-0.130,-1,425.000,-1,425.000,-1,350.000,350.000,275.000,275.000,-1,-1,-1,-1,1000.000,975.000,-1,-1,2,0,2,0,2,0,0,0,0,2,2,2,2,0,0,2,2
20,-6894.880,-4125.554,196.622,-143.045,-0.799412,0.600356,-0.022640,-0.600677,-0.797999,0.048831,0.011250,0.052635,0.998550,0,0.87544,-0.06508,52.526,-0.130,-1,425.000,-1,425.000,-1,350.000,350.000,275.000,275.000,-1,-1,-1,-1,-1,975.000,-1,-1,2,0,2,0,2,0,0,0,0,2,2,2,2,2,0,2,2
21,-6936.927,-4157.037,197.016,-143.175,-0.800722,0.598560,-0.023886,-0.598966,-0.799385,0.047152,0.009129,0.052063,0.998602,0,0.87544,-0.06508,52.526,-0.130,-1,425.000,-1,425.000,-1,350.000,350.000,275.000,275.000,-1,-1,-1,-1,-1,975.000,-1,-1,2,0,2,0,2,0,0,0,0,2,2,2,2,2,0,2,2
22,-6979.044,-4188.423,197.295,-143.305,-0.802024,0.596762,-0.025175,-0.597252,-0.800768,0.045386,0.006926,0.051437,0.998652,0,0.87544,-0.06508,52.526,-0.130,-1,425.000,-1,425.000,-1,350.000,350.000,275.000,275.000,-1,-1,-1,-1,-1,1000.000,-1,-1,2,0,2,0,2,0,0,0,0,2,2,2,2,2,0,2,2
23,-7021.233,-4219.714,197.477,-143.435,-0.803315,0.594964,-0.026509,-0.595536,-0.802153,0.043446,0.004585,0.050688,0.998704,0,0.87544,-0.06508,52.526,-0.130,-1,425.000,-1,425.000,-1,350.000,350.000,275.000,275.000,-1,-1,-1,-1,-1,-1,-1,-1,2,0,2,0,2,0,0,0,0,2,2,2,2,2,2,2,2
24,-7064.330,-4251.366,197.586,-143.705,-0.806029,0.591208,-0.028104,-0.591873,-0.804969,0.041381,0.001842,0.049988,0.998748,0,0.89120,-0.13465,53.472,-0.269,-1,425.000,-1,425.000,-1,350.000,350.000,275.000,275.000,-1,-1,-1,-1,-1,-1,-1,-1,2,0,2,0,2,0,0,0,0,2,2,2,2,2,2,2,2
25,-7107.576,-4282.815,197.589,-143.974,-0.808717,0.587434,-0.029961,-0.588197,-0.807761,0.039328,-0.001099,0.049429,0.998777,0,0.89120,-0.13465,53.472,-0.269,-1,425.000,-1,425.000,-1,350.000,350.000,275.000,275.000,-1,-1,-1,-1,-1,-1,-1,-1,2,0,2,0,2,0,0,0,0,2,2,2,2,2,2,2,2
26,-7150.969,-4314.061,197.332,-144.243,-0.811370,0.583638,-0.032340,-0.584516,-0.810521,0.037364,-0.004405,0.049219,0.998778,0,0.89120,-0.13465,53.472,-0.269,-1,425.000,-1,425.000,-1,350.000,350.000,275.000,275.000,-1,-1,-1,-1,-1,-1,-1,-1,2,0,2,0,2,0,0,0,0,2,2,2,2,2,2,2,2
27,-7194.508,-4345.102,196.741,-144.513,-0.813975,0.579809,-0.035584,-0.580841,-0.813238,0.035595,-0.008300,0.049642,0.998733,0,0.89120,-0.13465,53.472,-0.269,-1,425.000,-1,425.000,-1,350.000,350.000,275.000,275.000,-1,-1,-1,-1,-1,-1,-1,-1,2,0,2,0,2,0,0,0,0,2,2,2,2,2,2,2,2
28,-7238.193,-4375.939,196.009,-144.782,-0.816548,0.575971,-0.038810,-0.577148,-0.815941,0.033779,-0.012211,0.049981,0.998676,0,0.89120,-0.13465,53.472,-0.269,-1,425.000,-1,425.000,-1,350.000,350.000,275.000,275.000,-1,-1,-1,-1,-1,-1,-1,-1,2,0,2,0,2,0,0,0,0,2,2,2,2,2,2,2,2
29,-7282.022,-4406.570,195.137,-145.051,-0.819091,0.572122,-0.042016,-0.573436,-0.818628,0.031916,-0.016136,0.050235,0.998607,0,0.89120,-0.13465,53.472,-0.269,-1,425.000,-1,425.000,-1,350.000,350.000,275.000,275.000,-1,-1,-1,-1,-1,-1,-1,-1,2,0,2,0,2,0,0,0,0,2,2,2,2,2,2,2,2
30,-7325.995,-4436.994,194.095,-145.320,-0.821610,0.568267,-0.045057,-0.569700,-0.821306,0.029962,-0.019979,0.050286,0.998535,0,0.89120,-0.13465,53.472,-0.269,-1,425.000,-1,425.000,-1,350.000,350.000,275.000,275.000,-1,-1,-1,-1,-1,1000.000,-1,-1,2,0,2,0,2,0,0,0,0,2,2,2,2,2,0,2,2
31,-7370.110,-4467.211,192.877,-145.590,-0.824107,0.564406,-0.047896,-0.565938,-0.823976,0.027905,-0.023716,0.050103,0.998462,0,0.89120,-0.13465,53.472,-0.269,-1,450.000,-1,425.000,-1,350.000,350.000,275.000,275.000,-1,-1,-1,-1,-1,1000.000,-1,-1,2,0,2,0,2,0,0,0,0,2,2,2,2,2,0,2,2
32,-7414.367,-4497.221,191.511,-145.859,-0.826579,0.560536,-0.050670,-0.562152,-0.826632,0.025783,-0.027433,0.049796,0.998383,0,0.89120,-0.13465,53.472,-0.269,-1,450.000,-1,425.000,-1,350.000,350.000,275.000,275.000,-1,-1,-1,-1,-1,975.000,-1,-1,2,0,2,0,2,0,0,0,0,2,2,2,2,2,0,2,2
33,-7458.765,-4527.022,189.859,-146.128,-0.829012,0.556672,-0.053440,-0.558338,-0.829298,0.022873,-0.031585,0.048800,0.998309,0,0.89120,-0.13465,53.472,-0.269,-1,450.000,-1,425.000,-1,350.000,350.000,275.000,275.000,-1,-1,-1,-1,-1,975.000,-1,-1,2,0,2,0,2,0,0,0,0,2,2,2,2,2,0,2,2
34,-7503.302,-4556.614,187.997,-146.398,-0.831415,0.552805,-0.056183,-0.554490,-0.831961,0.019566,-0.035926,0.047421,0.998229,0,0.89120,-0.13465,53.472,-0.269,-1,425.000,-1,425.000,-1,350.000,350.000,275.000,275.000,-1,-1,-1,-1,-1,950.000,-1,-1,2,0,2,0,2,0,0,0,0,2,2,2,2,2,0,2,2
35,-7547.978,-4585.996,185.996,-146.667,-0.833795,0.548926,-0.058871,-0.550607,-0.834607,0.016234,-0.040223,0.045950,0.998134,0,0.89120,-0.13465,53.472,-0.269,-1,425.000,-1,425.000,-1,350.000,350.000,275.000,300.000,-1,-1,-1,-1,-1,950.000,-1,-1,2,0,2,0,2,0,0,0,0,2,2,2,2,2,0,2,2
36,-7592.792,-4615.168,183.858,-146.936,-0.836154,0.545036,-0.061502,-0.546689,-0.837237,0.012876,-0.044474,0.044389,0.998024,0,0.89120,-0.13465,53.472,-0.269,-1,425.000,-1,425.000,-1,350.000,325.000,275.000,300.000,-1,-1,-1,-1,-1,925.000,-1,-1,2,0,2,0,2,0,0,0,0,2,2,2,2,2,0,2,2
37,-7637.743,-4644.129,181.583,-147.205,-0.838492,0.541134,-0.064079,-0.542736,-0.839850,0.009497,-0.048677,0.042741,0.997900,0,0.89120,-0.13465,53.472,-0.269,-1,425.000,-1,425.000,-1,350.000,325.000,275.000,300.000,-1,-1,-1,-1,1000.000,925.000,-1,-1,2,0,2,0,2,0,0,0,0,2,2,2,2,0,0,2,2
38,-7682.829,-4672.879,179.137,-147.475,-0.840812,0.537217,-0.066584,-0.538753,-0.842441,0.006251,-0.052735,0.041128,0.997761,0,0.89120,-0.13465,53.472,-0.269,-1,425.000,-1,425.000,-1,350.000,325.000,275.000,300.000,-1,-1,-1,-1,1000.000,925.000,-1,-1,2,0,2,0,2,0,0,0,0,2,2,2,2,0,0,2,2
39,-7728.049,-4701.417,176.271,-147.744,-0.843139,0.533266,-0.068886,-0.534782,-0.844979,0.004313,-0.055907,0.040475,0.997615,0,0.89120,-0.13465,53.472,-0.269,-1,425.000,-1,425.000,-1,350.000,325.000,275.000,300.000,-1,-1,-1,-1,975.000,900.000,-1,-1,2,0,2,0,2,0,0,0,0,2,2,2,2,0,0,2,2
40,-7773.403,-4729.742,173.271,-148.013,-0.845446,0.529304,-0.071123,-0.530788,-0.847501,0.002340,-0.059038,0.039729,0.997465,0,0.89120,-0.13465,53.472,-0.269,-1,425.000,-1,425.000,-1,350.000,325.000,275.000,300.000,-1,-1,-1,-1,975.000,900.000,-1,-1,2,0,2,0,2,0,0,0,0,2,2,2,2,0,0,2,2
41,-7818.889,-4757.853,169.994,-148.283,-0.847685,0.525321,-0.073944,-0.526799,-0.849990,0.000565,-0.062555,0.039433,0.997262,0,0.89120,-0.13465,53.472,-0.269,-1,425.000,-1,425.000,-1,350.000,325.000,275.000,300.000,-1,-1,-1,-1,950.000,875.000,-1,-1,2,0,2,0,2,0,0,0,0,2,2,2,2,0,0,2,2
42,-7864.507,-4785.751,166.486,-148.552,-0.849867,0.521321,-0.077146,-0.522808,-0.852450,-0.001076,-0.066324,0.039418,0.997019,0,0.89120,-0.13465,53.472,-0.269,-1,425.000,-1,400.000,-1,350.000,325.000,300.000,300.000,-1,-1,-1,-1,950.000,850.000,-1,-1,2,0,2,0,2,0,0,0,0,2,2,2,2,0,0,2,2
43,-7910.256,-4813.434,162.871,-148.821,-0.852033,0.517312,-0.080176,-0.518790,-0.854897,-0.002782,-0.069982,0.039225,0.996777,0,0.89120,-0.13465,53.472,-0.269,-1,425.000,-1,400.000,-1,350.000,325.000,300.000,275.000,-1,-1,-1,-1,925.000,825.000,-1,-1,2,0,2,0,2,0,0,0,0,2,2,2,2,0,0,2,2
44,-7956.135,-4840.901,159.149,-149.090,-0.854185,0.513296,-0.083039,-0.514744,-0.857332,-0.004552,-0.073528,0.038855,0.996536,0,0.89120,-0.13465,53.472,-0.269,-1,425.000,-1,400.000,-1,350.000,325.000,300.000,300.000,-1,-1,-1,-1,925.000,825.000,-1,-1,2,0,2,0,2,0,0,0,0,2,2,2,2,0,0,2,2
45,-8002.142,-4868.153,155.136,-149.360,-0.856405,0.509286,-0.084840,-0.510625,-0.859777,-0.006731,-0.076372,0.037557,0.996372,0,0.89120,-0.13465,53.472,-0.269,-1,425.000,-1,400.000,-1,325.000,325.000,300.000,300.000,-1,-1,-1,-1,900.000,800.000,-1,-1,2,0,2,0,2,0,0,0,0,2,2,2,2,0,0,2,2
46,-8048.276,-4895.187,151.002,-149.629,-0.858626,0.505268,-0.086400,-0.506470,-0.862210,-0.009019,-0.079052,0.036015,0.996220,0,0.89120,-0.13465,53.472,-0.269,-1,425.000,-1,400.000,-1,325.000,325.000,300.000,300.000,-1,-1,-1,-1,900.000,800.000,-1,-1,2,0,2,0,2,0,0,0,0,2,2,2,2,0,0,2,2
47,-8093.735,-4921.383,146.816,-150.046,-0.862132,0.499010,-0.087846,-0.500040,-0.865927,-0.011453,-0.081784,0.034052,0.996068,0,0.87443,-0.20863,52.466,-0.417,-1,425.000,-1,400.000,-1,325.000,325.000,300.000,300.000,-1,-1,-1,-1,875.000,775.000,-1,-1,2,0,2,0,2,0,0,0,0,2,2,2,2,0,0,2,2
48,-8139.383,-4947.247,142.543,-150.464,-0.865604,0.492725,-0.089177,-0.493566,-0.869597,-0.013892,-0.084393,0.031990,0.995919,0,0.87443,-0.20863,52.466,-0.417,-1,425.000,-1,400.000,-1,325.000,325.000,300.000,300.000,-1,-1,-1,-1,850.000,775.000,-1,-1,2,0,2,0,2,0,0,0,0,2,2,2,2,0,0,2,2
49,-8185.219,-4972.778,138.190,-150.881,-0.869042,0.486411,-0.090389,-0.487053,-0.873220,-0.016305,-0.086861,0.029854,0.995773,0,0.87443,-0.20863,52.466,-0.417,-1,425.000,-1,400.000,-1,325.000,325.000,300.000,300.000,-1,-1,-1,-1,850.000,775.000,-1,-1,2,0,2,0,2,0,0,0,0,2,2,2,2,0,0,2,2
50,-8231.239,-4997.975,133.654,-151.298,-0.872402,0.480064,-0.091940,-0.480526,-0.876785,-0.018504,-0.089495,0.028037,0.995593,0,0.87443,-0.20863,52.466,-0.417,-1,425.000,-1,400.000,-1,325.000,325.000,300.000,300.000,-1,-1,-1,-1,825.000,750.000,-1,-1,2,0,2,0,2,0,0,0,0,2,2,2,2,0,0,2,2
51,-8277.441,-5022.836,129.020,-151.715,-0.875719,0.473689,-0.093460,-0.473966,-0.880302,-0.020639,-0.092050,0.026223,0.995409,0,0.87443,-0.20863,52.466,-0.417,-1,425.000,-1,400.000,-1,325.000,325.000,300.000,300.000,-1,-1,-1,-1,800.000,750.000,-1,-1,2,0,2,0,2,0,0,0,0,2,2,2,2,0,0,2,2
52,-8323.823,-5047.360,124.302,-152.133,-0.878998,0.467288,-0.094892,-0.467370,-0.883769,-0.022735,-0.094486,0.024365,0.995228,0,0.87443,-0.20863,52.466,-0.417,-1,400.000,-1,400.000,-1,325.000,325.000,300.000,300.000,-1,-1,-1,-1,775.000,725.000,-1,-1,2,0,2,0,2,0,0,0,0,2,2,2,2,0,0,2,2
53,-8370.383,-5071.545,119.501,-152.550,-0.882240,0.460860,-0.096234,-0.460741,-0.887188,-0.024791,-0.096803,0.022467,0.995050,0,0.87443,-0.20863,52.466,-0.417,-1,400.000,-1,375.000,-1,325.000,325.000,300.000,300.000,-1,-1,-1,-1,775.000,725.000,-1,-1,2,0,2,0,2,0,0,0,0,2,2,2,2,0,0,2,2
54,-8417.117,-5095.391,114.364,-152.967,-0.885474,0.454397,-0.097255,-0.454180,-0.890541,-0.025649,-0.098265,0.021460,0.994929,0,0.87443,-0.20863,52.466,-0.417,-1,400.000,-1,375.000,-1,325.000,325.000,300.000,300.000,-1,-1,-1,-1,750.000,700.000,-1,-1,2,0,2,0,2,0,0,0,0,2,2,2,2,0,0,2,2
55,-8464.023,-5118.896,109.219,-153.384,-0.888693,0.447912,-0.097981,-0.447570,-0.893851,-0.026678,-0.099529,0.020145,0.994831,0,0.87443,-0.20863,52.466,-0.417,-1,400.000,-1,375.000,-1,325.000,325.000,300.000,300.000,-1,-1,-1,-1,750.000,700.000,-1,-1,2,0,2,0,2,0,0,0,0,2,2,2,2,0,0,2,2
56,-8511.099,-5142.058,104.224,-153.802,-0.891966,0.441409,-0.097750,-0.440872,-0.897127,-0.028201,-0.100142,0.017941,0.994811,0,0.87443,-0.20863,52.466,-0.417,-1,400.000,-1,375.000,-1,325.000,325.000,300.000,300.000,-1,-1,-1,-1,725.000,700.000,-1,-1,2,0,2,0,2,0,0,0,0,2,2,2,2,0,0,2,2
57,-8558.343,-5164.877,99.181,-154.219,-0.895204,0.434881,-0.097411,-0.434137,-0.900353,-0.029831,-0.100677,0.015585,0.994797,0,0.87443,-0.20863,52.466,-0.417,-1,400.000,-1,375.000,-1,325.000,300.000,300.000,325.000,-1,-1,-1,-1,725.000,675.000,-1,-1,2,0,2,0,2,0,0,0,0,2,2,2,2,0,0,2,2
58,-8605.751,-5187.352,94.090,-154.636,-0.898406,0.428328,-0.096962,-0.427363,-0.903529,-0.031572,-0.101131,0.013074,0.994787,0,0.87443,-0.20863,52.466,-0.417,-1,375.000,-1,375.000,-1,325.000,300.000,300.000,325.000,-1,-1,-1,-1,725.000,675.000,-1,-1,2,0,2,0,2,0,0,0,0,2,2,2,2,0,0,2,2
59,-8648.949,-5207.500,89.433,-154.995,-0.901154,0.422670,-0.096293,-0.421506,-0.906220,-0.033133,-0.101267,0.010730,0.994801,0,0.79443,-0.17952,47.666,-0.359,-1,375.000,-1,375.000,1000.000,325.000,300.000,300.000,325.000,-1,-1,-1,-1,700.000,650.000,-1,-1,2,0,2,0,0,0,0,0,0,2,2,2,2,0,0,2,2
60,-8690.778,-5226.692,85.057,-155.354,-0.903885,0.416990,-0.095454,-0.415701,-0.908867,-0.033974,-0.100922,0.008972,0.994854,0,0.76703,-0.17952,46.022,-0.359,-1,375.000,-1,375.000,1000.000,325.000,300.000,300.000,325.000,-1,-1,-1,-1,700.000,650.000,-1,1000.000,2,0,2,0,0,0,0,0,0,2,2,2,2,0,0,2,0
61,-8732.727,-5245.620,80.847,-155.713,-0.906608,0.411290,-0.094354,-0.409965,-0.911470,-0.033929,-0.099956,0.007922,0.994960,0,0.76703,-0.17952,46.022,-0.359,-1,375.000,-1,375.000,975.000,325.000,300.000,300.000,325.000,-1,-1,-1,-1,700.000,625.000,-1,975.000,2,0,2,0,0,0,0,0,0,2,2,2,2,0,0,2,0
62,-8774.793,-5264.286,76.622,-156.072,-0.909297,0.405574,-0.093213,-0.404211,-0.914037,-0.033916,-0.098956,0.006838,0.995068,0,0.76703,-0.17952,46.022,-0.359,-1,375.000,-1,375.000,950.000,325.000,300.000,300.000,300.000,-1,-1,-1,-1,700.000,625.000,-1,950.000,2,0,2,0,0,0,0,0,0,2,2,2,2,0,0,2,0
63,-8816.975,-5282.688,72.326,-156.431,-0.911960,0.399840,-0.091963,-0.398464,-0.916566,-0.033678,-0.097756,0.005931,0.995193,0,0.76703,-0.17952,46.022,-0.359,-1,375.000,-1,375.000,925.000,325.000,300.000,300.000,300.000,-1,-1,-1,-1,700.000,625.000,-1,925.000,2,0,2,0,0,0,0,0,0,2,2,2,2,0,0,2,0
64,-8859.272,-5300.825,67.963,-156.790,-0.914594,0.394091,-0.090606,-0.392721,-0.919057,-0.033239,-0.096371,0.005182,0.995332,0,0.76703,-0.17952,46.022,-0.359,-1,375.000,-1,375.000,900.000,325.000,325.000,300.000,300.000,-1,-1,-1,-1,675.000,600.000,-1,900.000,2,0,2,0,0,0,0,0,0,2,2,2,2,0,0,2,0
65,-8901.682,-5318.696,63.581,-157.149,-0.917195,0.388325,-0.089197,-0.386962,-0.921512,-0.032811,-0.094938,0.004422,0.995473,0,0.76703,-0.17952,46.022,-0.359,-1,375.000,-1,375.000,900.000,325.000,325.000,300.000,300.000,-1,-1,-1,-1,675.000,600.000,-1,875.000,2,0,2,0,0,0,0,0,0,2,2,2,2,0,0,2,0
66,-8944.202,-5336.301,59.181,-157.508,-0.919762,0.382544,-0.087737,-0.381188,-0.923930,-0.032395,-0.093456,0.003649,0.995617,0,0.76703,-0.17952,46.022,-0.359,-1,375.000,-1,375.000,875.000,325.000,325.000,300.000,300.000,-1,-1,-1,-1,650.000,600.000,-1,850.000,2,0,2,0,0,0,0,0,0,2,2,2,2,0,0,2,0
67,-8986.833,-5353.640,54.762,-157.868,-0.922294,0.376748,-0.086227,-0.375398,-0.926311,-0.031992,-0.091925,0.002864,0.995762,0,0.76703,-0.17952,46.022,-0.359,-1,375.000,-1,350.000,850.000,325.000,300.000,300.000,300.000,-1,-1,-1,-1,650.000,575.000,-1,825.000,2,0,2,0,0,0,0,0,0,2,2,2,2,0,0,2,0
68,-9029.571,-5370.711,50.326,-158.227,-0.924791,0.370937,-0.084666,-0.369594,-0.928656,-0.031602,-0.090348,0.002067,0.995908,0,0.76703,-0.17952,46.022,-0.359,-1,375.000,-1,350.000,825.000,300.000,300.000,300.000,300.000,-1,-1,-1,-1,625.000,575.000,-1,825.000,2,0,2,0,0,0,0,0,0,2,2,2,2,0,0,2,0
69,-9072.415,-5387.514,45.920,-158.586,-0.927246,0.365111,-0.083121,-0.363756,-0.930963,-0.031443,-0.088863,0.001080,0.996043,0,0.76703,-0.17952,46.022,-0.359,-1,375.000,-1,350.000,800.000,300.000,300.000,300.000,300.000,-1,-1,-1,-1,625.000,575.000,1000.000,800.000,2,0,2,0,0,0,0,0,0,2,2,2,2,0,0,0,0
70,-9115.363,-5404.049,41.676,-158.945,-0.929644,0.359270,-0.081779,-0.357834,-0.933233,-0.032095,-0.087850,-0.000573,0.996134,0,0.76703,-0.17952,46.022,-0.359,1000.000,375.000,-1,350.000,775.000,300.000,300.000,300.000,300.000,-1,600.000,-1,-1,600.000,550.000,975.000,750.000,0,0,2,0,0,0,0,0,0,2,0,2,2,0,0,0,0
71,-9158.414,-5420.314,38.112,-159.304,-0.932244,0.353411,-0.077604,-0.351759,-0.935456,-0.034472,-0.084777,-0.004838,0.996388,0,0.76703,-0.17952,46.022,-0.359,950.000,350.000,-1,350.000,775.000,300.000,300.000,300.000,300.000,-1,500.000,600.000,-1,600.000,550.000,950.000,750.000,0,0,2,0,0,0,0,0,0,2,0,0,2,0,0,0,0
72,-9201.566,-5436.310,34.632,-159.663,-0.934814,0.347531,-0.073108,-0.345671,-0.937621,-0.037119,-0.081447,-0.009428,0.996633,0,0.76703,-0.17952,46.022,-0.359,925.000,350.000,-1,350.000,775.000,300.000,300.000,300.000,325.000,-1,425.000,525.000,-1,600.000,575.000,925.000,750.000,0,0,2,0,0,0,0,0,0,2,0,0,2,0,0,0,0
73,-9244.817,-5452.035,31.187,-160.022,-0.937316,0.341631,-0.068756,-0.339594,-0.939731,-0.039758,-0.078195,-0.013917,0.996841,0,0.76703,-0.17952,46.022,-0.359,875.000,350.000,-1,350.000,800.000,300.000,275.000,300.000,325.000,-1,375.000,475.000,-1,575.000,575.000,900.000,750.000,0,0,2,0,0,0,0,0,0,2,0,0,2,0,0,0,0
74,-9288.166,-5467.488,28.037,-160.381,-0.939670,0.335718,-0.065675,-0.333566,-0.941804,-0.041689,-0.075849,-0.017267,0.996970,0,0.76703,-0.17952,46.022,-0.359,850.000,350.000,-1,350.000,775.000,275.000,275.000,300.000,325.000,-1,375.000,475.000,-1,575.000,575.000,850.000,750.000,0,0,2,0,0,0,0,0,0,2,0,0,2,0,0,0,0
75,-9331.611,-5482.668,25.624,-160.740,-0.942045,0.329807,-0.061463,-0.327834,-0.943884,-0.040103,-0.071240,-0.017629,0.997303,0,0.76703,-0.17952,46.022,-0.359,850.000,350.000,-1,350.000,800.000,275.000,275.000,300.000,325.000,-1,375.000,425.000,-1,575.000,575.000,875.000,750.000,0,0,2,0,0,0,0,0,0,2,0,0,2,0,0,0,0
76,-9375.150,-5497.576,23.357,-161.099,-0.944380,0.323887,-0.056947,-0.322136,-0.945935,-0.037888,-0.066139,-0.017436,0.997658,0,0.76703,-0.17952,46.022,-0.359,900.000,350.000,-1,350.000,800.000,300.000,300.000,300.000,325.000,-1,350.000,400.000,-1,600.000,575.000,875.000,750.000,0,0,2,0,0,0,0,0,0,2,0,0,2,0,0,0,0
77,-9418.897,-5512.246,21.095,-161.461,-0.946676,0.317906,-0.052346,-0.316364,-0.947965,-0.035715,-0.060977,-0.017250,0.997990,0,0.76902,-0.18097,46.141,-0.362,925.000,350.000,-1,350.000,800.000,300.000,300.000,300.000,325.000,-1,350.000,375.000,-1,600.000,575.000,875.000,775.000,0,0,2,0,0,0,0,0,0,2,0,0,2,0,0,0,0
78,-9462.971,-5526.712,18.831,-161.829,-0.948949,0.311811,-0.047650,-0.310467,-0.949991,-0.033580,-0.055738,-0.017072,0.998299,0,0.77313,-0.18403,46.388,-0.368,925.000,350.000,-1,350.000,825.000,300.000,300.000,325.000,325.000,-1,325.000,375.000,-1,600.000,575.000,875.000,775.000,0,0,2,0,0,0,0,0,0,2,0,0,2,0,0,0,0
79,-9502.513,-5539.593,16.794,-161.957,-0.949848,0.309689,-0.043388,-0.308514,-0.950690,-0.031728,-0.051074,-0.016751,0.998554,0,0.69313,-0.06403,41.588,-0.128,925.000,350.000,-1,350.000,825.000,300.000,300.000,325.000,325.000,-1,300.000,325.000,-1,600.000,575.000,875.000,800.000,0,0,2,0,0,0,0,0,0,2,0,0,2,0,0,0,0
80,-9541.983,-5552.440,14.758,-161.970,-0.950102,0.309479,-0.039103,-0.308465,-0.950766,-0.029892,-0.046429,-0.016339,0.998788,0,0.69182,-0.00638,41.509,-0.013,925.000,350.000,-1,350.000,850.000,300.000,300.000,325.000,300.000,-1,275.000,300.000,-1,600.000,575.000,900.000,800.000,0,0,2,0,0,0,0,0,0,2,0,0,2,0,0,0,0
81,-9581.655,-5565.339,12.718,-161.988,-0.950371,0.309170,-0.034766,-0.308307,-0.950873,-0.028044,-0.041728,-0.015933,0.999002,0,0.69528,-0.00939,41.717,-0.019,925.000,375.000,-1,350.000,850.000,300.000,300.000,325.000,300.000,-1,250.000,275.000,-1,600.000,575.000,900.000,800.000,0,0,2,0,0,0,0,0,0,2,0,0,2,0,0,0,0
82,-9621.525,-5578.283,10.674,-162.013,-0.950656,0.308757,-0.030377,-0.308036,-0.951014,-0.026183,-0.036974,-0.015534,0.999195,0,0.69865,-0.01249,41.919,-0.025,950.000,375.000,-1,350.000,875.000,300.000,300.000,325.000,300.000,-1,225.000,250.000,-1,600.000,575.000,900.000,825.000,0,0,2,0,0,0,0,0,0,2,0,0,2,0,0,0,0
83,-9661.590,-5591.266,8.627,-162.045,-0.950956,0.308237,-0.025937,-0.307650,-0.951189,-0.024313,-0.032165,-0.015141,0.999368,0,0.70194,-0.01571,42.116,-0.031,950.000,375.000,-1,350.000,875.000,300.000,300.000,350.000,300.000,-1,200.000,225.000,-1,600.000,575.000,925.000,850.000,0,0,2,0,1,0,0,0,0,2,0,0,2,0,0,0,1
84,-9701.846,-5604.281,6.577,-162.083,-0.951272,0.307607,-0.021444,-0.307142,-0.951399,-0.022435,-0.027303,-0.014756,0.999518,0,0.70513,-0.01903,42.308,-0.038,975.000,375.000,-1,350.000,850.000,300.000,300.000,325.000,300.000,-1,200.000,200.000,-1,600.000,575.000,925.000,850.000,0,0,2,0,1,0,0,0,0,2,0,0,2,0,0,0,1
85,-9742.289,-5617.322,4.559,-162.128,-0.951603,0.306862,-0.016957,-0.306506,-0.951643,-0.020705,-0.022490,-0.014506,0.999642,0,0.70823,-0.02246,42.494,-0.045,975.000,350.000,-1,350.000,825.000,300.000,300.000,325.000,300.000,-1,175.000,200.000,-1,600.000,575.000,950.000,825.000,0,0,2,0,1,0,0,0,0,2,0,0,2,0,0,0,1
86,-9782.914,-5630.381,3.252,-162.180,-0.951939,0.305987,-0.013578,-0.305655,-0.951886,-0.022091,-0.019684,-0.016880,0.999664,0,0.71121,-0.02600,42.673,-0.052,950.000,350.000,-1,350.000,800.000,300.000,300.000,325.000,300.000,-1,200.000,200.000,-1,600.000,575.000,925.000,825.000,0,0,2,0,1,0,0,0,0,2,0,0,2,0,0,0,1
87,-9823.716,-5643.452,2.499,-162.239,-0.952327,0.304975,-0.007981,-0.304700,-0.952121,-0.024959,-0.015211,-0.021337,0.999657,0,0.71408,-0.02966,42.845,-0.059,925.000,350.000,-1,350.000,800.000,300.000,300.000,325.000,300.000,-1,200.000,225.000,-1,600.000,575.000,900.000,850.000,0,0,2,0,1,0,0,0,0,2,0,0,2,0,0,0,1
88,-9864.691,-5656.525,1.755,-162.306,-0.952723,0.303831,-0.002344,-0.303652,-0.952375,-0.027867,-0.010700,-0.025838,0.999609,0,0.71682,-0.03344,43.009,-0.067,900.000,350.000,-1,350.000,800.000,300.000,300.000,300.000,325.000,975.000,200.000,225.000,-1,600.000,600.000,900.000,900.000,0,0,2,0,1,0,0,0,0,0,0,0,2,0,0,0,1
89,-9905.831,-5669.592,1.172,-162.381,-0.953128,0.302557,0.002674,-0.302495,-0.952667,-0.030381,-0.006644,-0.029766,0.999535,0,0.71943,-0.03734,43.166,-0.075,875.000,350.000,-1,350.000,800.000,300.000,300.000,300.000,325.000,975.000,200.000,250.000,-1,600.000,600.000,900.000,950.000,0,0,2,0,1,0,0,0,0,0,0,0,2,0,0,0,1
90,-9947.131,-5682.643,1.341,-162.463,-0.953556,0.301172,0.005226,-0.301188,-0.953075,-0.030574,-0.004227,-0.030728,0.999519,0,0.72189,-0.04137,43.314,-0.083,875.000,350.000,-1,350.000,775.000,300.000,300.000,300.000,325.000,975.000,250.000,275.000,-1,600.000,600.000,900.000,975.000,0,0,2,0,1,0,0,0,0,0,0,0,2,0,0,0,1
91,-9988.585,-5695.669,1.953,-162.554,-0.954006,0.299664,0.008594,-0.299787,-0.953574,-0.028700,-0.000405,-0.029956,0.999551,0,0.72420,-0.04552,43.452,-0.091,900.000,350.000,-1,350.000,775.000,300.000,300.000,300.000,325.000,1000.000,275.000,300.000,-1,600.000,600.000,925.000,-1,0,0,2,0,1,0,0,0,0,0,0,0,2,0,0,0,2
92,-10030.184,-5708.662,2.585,-162.654,-0.954487,0.298013,0.011983,-0.298234,-0.954116,-0.026828,0.003438,-0.029181,0.999568,0,0.72635,-0.04979,43.581,-0.100,950.000,350.000,-1,350.000,775.000,300.000,300.000,300.000,325.000,1000.000,300.000,325.000,-1,625.000,625.000,975.000,-1,0,0,2,0,1,0,0,0,0,0,0,0,2,0,0,0,2
93,-10071.921,-5721.611,3.257,-162.762,-0.954997,0.296214,0.015463,-0.296526,-0.954697,-0.025010,0.007354,-0.028470,0.999568,0,0.72832,-0.05420,43.699,-0.108,1000.000,350.000,-1,350.000,750.000,300.000,300.000,300.000,325.000,-1,325.000,350.000,-1,625.000,625.000,-1,-1,0,0,2,0,1,0,0,0,0,2,0,0,2,0,0,2,2
94,-10113.787,-5734.506,3.957,-162.880,-0.955536,0.294261,0.018991,-0.294656,-0.955321,-0.023220,0.011310,-0.027784,0.999550,0,0.73011,-0.05874,43.807,-0.117,-1,350.000,-1,350.000,750.000,300.000,300.000,300.000,325.000,-1,350.000,350.000,-1,625.000,625.000,-1,-1,2,0,2,0,1,0,0,0,0,2,0,0,2,0,0,2,2
95,-10155.773,-5747.337,4.677,-163.007,-0.956106,0.292152,0.022537,-0.292621,-0.955988,-0.021439,0.015281,-0.027092,0.999516,0,0.73171,-0.06341,43.903,-0.127,-1,375.000,-1,375.000,750.000,300.000,300.000,300.000,325.000,-1,350.000,375.000,-1,625.000,625.000,-1,-1,2,0,2,0,1,0,0,0,0,2,0,0,2,0,0,2,2
96,-10202.059,-5761.158,5.502,-163.374,-0.957855,0.286032,0.026455,-0.286572,-0.957861,-0.019490,0.019765,-0.026250,0.999460,0,0.80508,-0.18341,48.305,-0.367,-1,375.000,-1,375.000,750.000,300.000,300.000,325.000,300.000,-1,350.000,350.000,-1,650.000,625.000,-1,-1,2,0,2,0,1,0,0,0,0,2,0,0,2,0,0,2,2
97,-10251.820,-5775.897,6.406,-163.500,-0.958358,0.283917,0.030675,-0.284520,-0.958511,-0.017437,0.024451,-0.025438,0.999377,0,0.86496,-0.06341,51.898,-0.127,-1,375.000,-1,375.000,750.000,300.000,300.000,325.000,300.000,-1,300.000,300.000,-1,650.000,650.000,-1,975.000,2,0,2,0,1,0,0,0,0,2,0,0,2,0,0,2,1
98,-10301.704,-5790.726,7.328,-163.444,-0.957931,0.284868,0.034903,-0.285523,-0.958249,-0.015375,0.029066,-0.024693,0.999272,0,0.86735,0.02827,52.041,0.057,-1,375.000,-1,375.000,775.000,300.000,300.000,325.000,300.000,-1,275.000,275.000,-1,650.000,650.000,-1,950.000,2,0,2,0,1,0,0,0,0,2,0,0,2,0,0,2,1
99,-10351.636,-5805.590,8.274,-163.422,-0.957656,0.285241,0.039141,-0.285934,-0.958157,-0.013309,0.033707,-0.023937,0.999145,0,0.86830,0.01100,52.098,0.022,-1,375.000,-1,375.000,775.000,300.000,300.000,325.000,300.000,-1,250.000,250.000,-1,675.000,650.000,-1,925.000,2,0,2,0,1,0,0,0,0,2,0,0,2,0,0,2,1
100,-10401.577,-5820.444,9.243,-163.435,-0.957539,0.285022,0.043386,-0.285741,-0.958241,-0.011249,0.038368,-0.023169,0.998995,0,0.86837,-0.00671,52.102,-0.013,-1,375.000,-1,375.000,800.000,300.000,300.000,300.000,300.000,-1,225.000,225.000,-1,675.000,675.000,-1,875.000,2,0,2,0,1,0,0,0,0,2,0,0,2,0,0,2,1
101,-10451.481,-5835.241,10.947,-163.485,-0.957633,0.284181,0.046695,-0.285017,-0.958445,-0.012212,0.041284,-0.025004,0.998835,0,0.86753,-0.02478,52.052,-0.050,-1,375.000,-1,375.000,775.000,300.000,300.000,300.000,300.000,-1,225.000,250.000,-1,675.000,675.000,-1,850.000,2,0,2,0,1,0,0,0,0,2,0,0,2,0,0,2,1
102,-10501.308,-5849.934,12.920,-163.571,-0.957857,0.282716,0.050804,-0.283733,-0.958802,-0.013919,0.044776,-0.027747,0.998612,0,0.86579,-0.04317,51.948,-0.086,-1,375.000,-1,375.000,775.000,300.000,300.000,300.000,300.000,-1,250.000,250.000,-1,700.000,675.000,-1,825.000,2,0,2,0,1,0,0,0,0,2,0,0,2,0,1,2,1
103,-10551.015,-5864.474,14.916,-163.695,-0.958252,0.280625,0.054801,-0.281834,-0.959337,-0.015575,0.048202,-0.030369,0.998376,0,0.86315,-0.06180,51.789,-0.124,-1,375.000,-1,375.000,750.000,300.000,300.000,300.000,300.000,-1,250.000,275.000,-1,700.000,650.000,-1,775.000,2,0,2,0,1,0,0,0,0,2,0,0,2,0,1,2,1
104,-10600.559,-5878.815,17.583,-163.856,-0.958961,0.277926,0.056132,-0.279153,-0.960126,-0.015200,0.049669,-0.030245,0.998308,0,0.85963,-0.08061,51.578,-0.161,-1,375.000,-1,375.000,700.000,300.000,300.000,275.000,325.000,-1,275.000,300.000,-1,700.000,650.000,-1,750.000,2,0,2,0,1,0,0,0,0,2,0,0,2,0,1,2,1
105,-10649.899,-5892.912,20.387,-164.055,-0.959828,0.274595,0.057683,-0.275813,-0.961107,-0.014174,0.051547,-0.029514,0.998234,0,0.85524,-0.09951,51.314,-0.199,-1,375.000,-1,375.000,675.000,325.000,325.000,275.000,300.000,-1,325.000,350.000,-1,725.000,625.000,-1,700.000,2,0,2,0,1,0,0,0,1,2,0,0,2,0,1,2,1
106,-10698.996,-5906.720,23.216,-164.292,-0.960865,0.270626,0.059163,-0.271831,-0.962254,-0.013217,0.053353,-0.028782,0.998161,0,0.85002,-0.11841,51.001,-0.237,-1,375.000,-1,375.000,650.000,325.000,325.000,275.000,300.000,-1,350.000,375.000,-1,725.000,600.000,-1,675.000,2,0,2,0,1,0,0,0,1,2,0,0,2,0,1,2,1
107,-10747.812,-5920.197,26.042,-164.566,-0.962065,0.266018,0.060545,-0.267211,-0.963558,-0.012391,0.055042,-0.028099,0.998089,0,0.84404,-0.13724,50.642,-0.274,-1,375.000,-1,375.000,600.000,325.000,325.000,300.000,300.000,-1,400.000,400.000,-1,750.000,575.000,-1,625.000,2,0,2,0,1,0,0,0,1,2,0,0,2,0,1,2,1
108,-10796.313,-5933.303,28.852,-164.878,-0.963416,0.260776,0.061856,-0.261955,-0.965010,-0.011642,0.056656,-0.027420,0.998017,0,0.83733,-0.15589,50.240,-0.312,-1,400.000,-1,375.000,550.000,325.000,325.000,300.000,300.000,-1,425.000,450.000,-1,750.000,550.000,-1,575.000,2,0,2,1,1,0,0,0,1,2,0,0,2,0,1,2,1
109,-10844.463,-5946.013,31.644,-165.213,-0.964843,0.255141,0.063098,-0.256305,-0.966534,-0.010966,0.058189,-0.026753,0.997947,0,0.82998,-0.16731,49.799,-0.335,-1,400.000,-1,375.000,525.000,325.000,325.000,300.000,275.000,-1,450.000,475.000,-1,775.000,550.000,-1,550.000,2,0,2,1,1,0,0,0,1,2,0,0,2,0,1,2,1
110,-10892.225,-5958.311,34.416,-165.560,-0.966298,0.249275,0.064274,-0.250424,-0.968081,-0.010360,0.059640,-0.026106,0.997879,0,0.82199,-0.17385,49.320,-0.348,-1,400.000,-1,350.000,475.000,325.000,325.000,300.000,275.000,-1,500.000,500.000,-1,800.000,525.000,-1,500.000,2,0,2,1,1,0,1,0,1,2,0,0,2,0,1,2,1
111,-10939.563,-5970.184,37.167,-165.920,-0.967769,0.243202,0.065385,-0.244336,-0.969641,-0.009819,0.061012,-0.025478,0.997812,0,0.81340,-0.17967,48.804,-0.359,-1,400.000,-1,350.000,425.000,325.000,300.000,300.000,275.000,-1,525.000,525.000,-1,800.000,500.000,-1,475.000,2,0,2,1,1,1,1,0,1,2,0,0,2,0,1,2,1
112,-10986.445,-5981.622,39.895,-166.289,-0.969248,0.236947,0.066435,-0.238066,-0.971204,-0.009341,0.062308,-0.024869,0.997747,0,0.80428,-0.18476,48.257,-0.370,-1,400.000,-1,325.000,400.000,325.000,300.000,300.000,275.000,-1,550.000,575.000,-1,825.000,500.000,-1,425.000,2,0,2,1,1,1,1,0,1,2,0,0,2,0,1,2,1
113,-11032.844,-5992.617,42.598,-166.668,-0.970726,0.230534,0.067424,-0.231637,-0.972761,-0.008922,0.063531,-0.024279,0.997685,0,0.79473,-0.18913,47.684,-0.378,-1,400.000,-1,325.000,350.000,325.000,300.000,300.000,275.000,-1,575.000,600.000,-1,850.000,475.000,-1,375.000,2,0,2,1,1,1,1,0,1,2,0,0,2,0,1,2,1
114,-11078.736,-6003.168,45.276,-167.053,-0.972192,0.223986,0.068357,-0.225074,-0.974304,-0.008559,0.064683,-0.023706,0.997624,0,0.78483,-0.19278,47.090,-0.386,-1,400.000,-1,325.000,325.000,325.000,300.000,300.000,275.000,-1,625.000,575.000,-1,850.000,475.000,-1,350.000,2,0,2,1,1,1,1,0,1,2,0,0,2,0,1,2,1
115,-11129.353,-6014.595,49.603,-167.278,-0.972747,0.220129,0.072844,-0.221593,-0.975058,-0.012570,0.068260,-0.028369,0.997264,0,0.86483,-0.11256,51.890,-0.225,-1,425.000,-1,300.000,300.000,325.000,300.000,275.000,275.000,-1,550.000,525.000,-1,900.000,450.000,-1,325.000,2,0,2,1,1,1,1,0,1,2,0,0,2,0,1,2,1
116,-11180.127,-6025.835,55.303,-167.520,-0.972935,0.215945,0.082253,-0.218302,-0.975661,-0.020719,0.075777,-0.038114,0.996396,0,0.86669,-0.12082,52.002,-0.242,-1,450.000,-1,325.000,300.000,350.000,300.000,275.000,300.000,-1,400.000,450.000,-1,1000.000,475.000,-1,325.000,2,0,2,1,1,0,1,0,1,2,0,0,2,0,1,2,1
117,-11230.646,-6036.780,60.883,-167.778,-0.973179,0.211468,0.090580,-0.214781,-0.976249,-0.028422,0.082418,-0.047114,0.995484,0,0.86150,-0.12900,51.690,-0.258,-1,450.000,-1,325.000,275.000,375.000,300.000,275.000,325.000,-1,325.000,400.000,-1,-1,500.000,-1,325.000,2,0,2,1,1,0,1,0,1,2,0,0,2,2,1,2,1
118,-11280.882,-6047.414,66.266,-168.052,-0.973519,0.206703,0.097645,-0.211024,-0.976814,-0.036099,0.087919,-0.055748,0.994566,0,0.85580,-0.13706,51.348,-0.274,-1,475.000,-1,325.000,275.000,375.000,325.000,275.000,325.000,1000.000,275.000,400.000,-1,-1,500.000,-1,325.000,2,0,2,1,1,0,1,0,1,0,0,0,2,2,1,2,1
119,-11330.808,-6057.718,71.480,-168.342,-0.973900,0.201655,0.104179,-0.207030,-0.977366,-0.043533,0.093043,-0.063965,0.993605,0,0.84961,-0.14505,50.977,-0.290,-1,500.000,-1,350.000,275.000,400.000,325.000,275.000,350.000,875.000,250.000,400.000,-1,-1,-1,-1,325.000,2,0,2,1,1,0,1,0,1,0,0,0,2,2,2,2,1
120,-11380.397,-6067.678,76.533,-168.648,-0.974324,0.196327,0.110219,-0.202790,-0.977906,-0.050750,0.097820,-0.071798,0.992611,0,0.84297,-0.15302,50.578,-0.306,-1,500.000,-1,350.000,275.000,425.000,350.000,250.000,325.000,775.000,225.000,375.000,-1,-1,-1,-1,325.000,2,0,2,1,1,0,1,0,1,0,0,0,2,2,2,2,1
121,-11429.623,-6077.278,81.437,-168.970,-0.974791,0.190719,0.115799,-0.198296,-0.978438,-0.057774,0.102283,-0.079280,0.991591,0,0.83587,-0.16101,50.152,-0.322,-1,525.000,-1,350.000,250.000,425.000,350.000,250.000,325.000,700.000,200.000,375.000,-1,-1,-1,-1,325.000,2,0,2,1,1,0,1,0,1,0,0,0,2,2,2,2,1
122,-11478.460,-6086.503,86.199,-169.308,-0.975298,0.184831,0.120957,-0.193541,-0.978961,-0.064631,0.106466,-0.086444,0.990552,0,0.82833,-0.16908,49.700,-0.338,-1,550.000,-1,350.000,250.000,450.000,375.000,250.000,300.000,625.000,175.000,375.000,-1,-1,-1,-1,325.000,2,0,2,1,1,0,1,0,1,0,0,0,2,2,2,2,1
123,-11526.881,-6095.340,90.832,-169.663,-0.975845,0.178658,0.125729,-0.188515,-0.979475,-0.071346,0.110402,-0.093325,0.989496,0,0.82032,-0.17728,49.219,-0.355,-1,575.000,-1,425.000,225.000,450.000,400.000,250.000,300.000,575.000,150.000,350.000,-1,-1,-1,-1,325.000,2,0,2,1,1,0,1,0,1,0,0,0,2,2,2,2,1
124,-11574.855,-6103.775,95.346,-170.034,-0.976427,0.172196,0.130153,-0.183212,-0.979978,-0.077948,0.114125,-0.099956,0.988425,0,0.81181,-0.18564,48.709,-0.371,-1,575.000,-1,475.000,225.000,475.000,450.000,250.000,275.000,525.000,125.000,325.000,-1,-1,-1,-1,-1,2,0,2,1,1,0,1,0,1,0,0,0,2,2,2,2,2
125,-11622.350,-6111.794,99.750,-170.422,-0.977038,0.165438,0.134265,-0.177625,-0.980467,-0.084464,0.117669,-0.106373,0.987339,0,0.80278,-0.19421,48.167,-0.388,-1,600.000,-1,550.000,225.000,500.000,475.000,250.000,250.000,500.000,125.000,325.000,-1,-1,-1,-1,-1,2,0,2,1,1,0,1,0,1,0,0,0,2,2,2,2,2
126,-11669.334,-6119.386,104.056,-170.828,-0.977673,0.158376,0.138103,-0.171748,-0.980936,-0.090922,0.121070,-0.112611,0.986236,0,0.79319,-0.20301,47.592,-0.406,-1,625.000,-1,650.000,200.000,525.000,500.000,250.000,225.000,450.000,100.000,325.000,-1,-1,-1,-1,-1,2,0,2,1,1,0,1,0,1,0,0,0,2,2,2,2,2
127,-4919.493,9511.020,-103.391,112.677,-0.385966,-0.922513,-0.000046,0.921277,-0.385451,0.051739,-0.047748,0.019927,0.998661,1,0.00000,0.00000,46.981,-0.424,-1,375.000,600.000,350.000,400.000,300.000,300.000,325.000,325.000,-1,250.000,450.000,-1,600.000,400.000,850.000,400.000,2,0,1,1,1,0,0,0,0,2,0,0,2,1,1,1,1
128,-4921.353,9515.444,-103.627,112.805,-0.388036,-0.921644,-0.000009,0.920435,-0.387527,0.051213,-0.047203,0.019864,0.998688,0,0.08000,0.06447,4.800,0.129,-1,375.000,600.000,350.000,400.000,300.000,300.000,325.000,325.000,-1,250.000,450.000,-1,600.000,400.000,850.000,400.000,2,0,1,1,1,0,0,0,0,2,0,0,2,1,1,1,1
129,-4925.094,9524.285,-104.089,112.933,-0.390075,-0.920783,0.000070,0.919625,-0.389580,0.050164,-0.046163,0.019632,0.998741,0,0.16000,0.06381,9.600,0.128,-1,375.000,600.000,350.000,400.000,300.000,300.000,325.000,325.000,-1,250.000,425.000,-1,600.000,400.000,850.000,375.000,2,0,1,1,1,0,0,0,0,2,0,0,2,1,1,1,1
130,-4930.734,9537.535,-104.778,113.059,-0.392070,-0.919935,0.000192,0.918852,-0.391599,0.048594,-0.044628,0.019229,0.998819,0,0.24000,0.06273,14.400,0.125,-1,400.000,575.000,350.000,375.000,300.000,300.000,325.000,325.000,-1,225.000,400.000,-1,575.000,400.000,850.000,375.000,2,0,1,1,1,0,0,0,0,2,0,0,2,1,1,1,1
131,-4938.292,9555.184,-105.698,113.181,-0.394009,-0.919106,0.000357,0.918119,-0.393568,0.046503,-0.042601,0.018650,0.998918,0,0.32000,0.06122,19.200,0.122,-1,400.000,575.000,325.000,350.000,300.000,300.000,325.000,300.000,-1,200.000,375.000,-1,575.000,375.000,825.000,350.000,2,0,1,1,1,0,0,0,0,2,0,0,2,1,1,1,1
