timestep,x_cm,y_cm,z_cm,yaw_deg,basis_xx,basis_xy,basis_xz,basis_yx,basis_yy,basis_yz,basis_zx,basis_zy,basis_zz,teleport_flag,throttle_cmd,steering_cmd,cmd_move_cm,cmd_turn_deg,lidar_cm_0,lidar_cm_1,lidar_cm_2,lidar_cm_3,lidar_cm_4,lidar_cm_5,lidar_cm_6,lidar_cm_7,lidar_cm_8,lidar_cm_9,lidar_cm_10,lidar_cm_11,lidar_cm_12,lidar_cm_13,lidar_cm_14,lidar_cm_15,lidar_cm_16,lidar_class_0,lidar_class_1,lidar_class_2,lidar_class_3,lidar_class_4,lidar_class_5,lidar_class_6,lidar_class_7,lidar_class_8,lidar_class_9,lidar_class_10,lidar_class_11,lidar_class_12,lidar_class_13,lidar_class_14,lidar_class_15,lidar_class_16
0,7540.146,8195.455,-54.507,-129.752,-0.634779,0.768284,-0.082434,-0.768097,-0.639021,-0.040967,-0.084152,0.037312,0.995754,1,0.08000,0.12000,4.800,0.240,-1,375.000,950.000,375.000,500.000,300.000,300.000,325.000,300.000,-1,0.000,0.000,500.000,675.000,525.000,-1,525.000,2,0,1,0,1,0,0,0,0,2,1,1,1,0,1,2,1
1,7534.070,8188.023,-56.062,-129.272,-0.628470,0.773564,-0.081386,-0.773591,-0.632525,-0.038330,-0.081130,0.038870,0.995945,0,0.16000,0.24000,9.600,0.480,-1,375.000,950.000,375.000,500.000,300.000,300.000,325.000,300.000,-1,0.000,0.000,500.000,675.000,525.000,-1,500.000,2,0,1,0,1,0,0,0,0,2,1,1,1,0,1,2,1
2,7525.096,8176.762,-57.682,-128.552,-0.618912,0.781458,-0.079199,-0.781512,-0.622759,-0.037540,-0.078658,0.038661,0.996152,0,0.24000,0.36000,14.400,0.720,-1,375.000,950.000,375.000,475.000,300.000,300.000,325.000,300.000,-1,0.000,0.000,525.000,675.000,525.000,-1,500.000,2,0,1,0,1,0,0,0,0,2,1,1,1,0,1,2,1
3,7513.330,8161.590,-59.571,-127.794,-0.608830,0.789684,-0.075660,-0.789635,-0.612412,-0.037793,-0.076180,0.036735,0.996417,0,0.32000,0.37896,19.200,0.758,1000.000,375.000,950.000,375.000,475.000,300.000,300.000,325.000,300.000,-1,0.000,0.000,550.000,675.000,525.000,-1,500.000,1,0,1,0,1,0,0,0,0,2,1,1,1,0,1,2,1
4,7498.869,8142.437,-61.963,-127.052,-0.598953,0.797624,-0.071066,-0.797447,-0.602197,-0.037902,-0.073028,0.033970,0.996751,0,0.40000,0.37088,24.000,0.742,1000.000,375.000,950.000,375.000,450.000,325.000,300.000,300.000,300.000,-1,0.000,0.000,575.000,675.000,525.000,-1,475.000,1,0,1,0,1,0,0,0,0,2,1,1,1,0,1,2,1
5,7481.807,8119.236,-64.814,-126.331,-0.589314,0.805234,-0.065624,-0.804925,-0.592170,-0.037828,-0.069321,0.030530,0.997127,0,0.48000,0.36078,28.800,0.722,975.000,375.000,950.000,375.000,450.000,325.000,325.000,300.000,300.000,-1,0.000,25.000,600.000,675.000,500.000,-1,475.000,1,0,1,0,1,0,0,0,0,2,1,1,1,0,1,2,1
6,7462.232,8091.928,-67.854,-125.633,-0.579856,0.812454,-0.060716,-0.812049,-0.582377,-0.037601,-0.065908,0.027501,0.997447,0,0.56000,0.34869,33.600,0.697,925.000,375.000,950.000,375.000,425.000,325.000,325.000,300.000,300.000,-1,0.000,50.000,625.000,675.000,500.000,1000.000,450.000,1,0,1,0,1,0,0,0,0,2,1,1,1,0,1,1,1
7,7441.742,8062.626,-70.083,-124.964,-0.570320,0.819183,-0.060616,-0.818811,-0.572837,-0.037510,-0.065451,0.028240,0.997456,0,0.59593,0.33459,35.756,0.669,900.000,375.000,950.000,375.000,400.000,325.000,325.000,300.000,300.000,-1,50.000,75.000,675.000,675.000,475.000,950.000,425.000,1,0,1,0,1,0,0,0,0,2,1,1,1,0,1,1,1
8,7421.210,8032.556,-72.349,-124.325,-0.561143,0.825506,-0.060490,-0.825167,-0.563651,-0.037377,-0.064950,0.028940,0.997469,0,0.60684,0.31960,36.411,0.639,875.000,375.000,925.000,375.000,350.000,325.000,325.000,300.000,300.000,-1,75.000,125.000,725.000,675.000,475.000,925.000,400.000,1,0,1,0,1,0,0,0,0,2,1,1,1,0,1,1,1
9,7400.631,8001.718,-74.653,-123.716,-0.552342,0.831431,-0.060338,-0.831126,-0.554838,-0.037198,-0.064405,0.029602,0.997485,0,0.61790,0.30435,37.074,0.609,850.000,375.000,900.000,375.000,325.000,300.000,325.000,300.000,300.000,-1,125.000,175.000,775.000,675.000,450.000,900.000,375.000,1,0,1,1,1,0,0,0,0,2,1,1,1,0,1,1,1
10,7379.997,7970.111,-76.994,-123.139,-0.543936,0.836968,-0.060158,-0.836697,-0.546417,-0.036972,-0.063816,0.030224,0.997504,0,0.62911,0.28884,37.747,0.578,825.000,375.000,875.000,375.000,300.000,300.000,325.000,300.000,300.000,-1,150.000,200.000,850.000,675.000,425.000,850.000,325.000,1,0,1,1,1,0,0,0,0,2,1,1,1,0,1,1,1
11,7359.298,7937.734,-79.219,-122.593,-0.535940,0.842106,-0.060213,-0.841927,-0.538395,-0.035927,-0.062672,0.031441,0.997539,0,0.64046,0.27306,38.428,0.546,800.000,375.000,875.000,350.000,275.000,300.000,300.000,300.000,300.000,-1,200.000,250.000,900.000,675.000,425.000,825.000,300.000,1,0,1,1,1,0,0,0,0,2,1,1,1,0,1,1,1
12,7336.208,7901.190,-81.670,-122.286,-0.531449,0.844936,-0.060367,-0.844868,-0.533866,-0.034433,-0.061322,0.032703,0.997582,0,0.72046,0.15306,43.228,0.306,750.000,375.000,825.000,325.000,250.000,300.000,300.000,300.000,300.000,-1,225.000,300.000,975.000,675.000,400.000,800.000,275.000,1,0,1,1,1,0,0,0,1,2,1,1,1,0,1,1,1
13,7310.601,7860.559,-84.398,-122.220,-0.530503,0.845521,-0.060507,-0.845564,-0.532871,-0.032704,-0.059895,0.033813,0.997632,0,0.80046,0.03306,48.028,0.066,725.000,375.000,800.000,325.000,200.000,300.000,300.000,300.000,300.000,-1,275.000,325.000,-1,675.000,375.000,750.000,250.000,1,0,1,1,1,0,0,0,1,2,1,1,2,0,1,1,1
14,7282.398,7815.890,-87.414,-122.268,-0.531251,0.845045,-0.060586,-0.845206,-0.533556,-0.030737,-0.058300,0.034879,0.997690,0,0.88046,-0.02389,52.828,-0.048,675.000,375.000,750.000,300.000,175.000,300.000,300.000,300.000,275.000,-1,325.000,375.000,-1,650.000,350.000,700.000,200.000,1,0,1,1,1,0,0,0,1,2,1,1,2,1,1,1,1
15,7253.300,7769.969,-88.239,-122.360,-0.533403,0.844387,-0.049915,-0.844372,-0.535036,-0.027788,-0.050171,0.027325,0.998367,0,0.90608,-0.04594,54.365,-0.092,650.000,375.000,725.000,275.000,150.000,325.000,300.000,300.000,275.000,-1,350.000,400.000,-1,650.000,325.000,675.000,175.000,1,0,1,1,1,0,1,0,1,2,1,1,2,1,1,1,1
16,7223.797,7723.659,-86.292,-122.498,-0.536703,0.843374,-0.025909,-0.843092,-0.537250,-0.023650,-0.033865,0.009151,0.999385,0,0.91519,-0.06910,54.912,-0.138,625.000,425.000,725.000,275.000,150.000,350.000,300.000,300.000,275.000,-1,300.000,375.000,-1,625.000,325.000,650.000,150.000,1,0,1,1,1,0,1,0,1,2,1,1,2,1,1,1,1
17,7193.870,7677.011,-83.686,-122.684,-0.540097,0.841601,0.001636,-0.841462,-0.539971,-0.019311,-0.015369,-0.011807,0.999812,0,0.92373,-0.09303,55.424,-0.186,600.000,450.000,725.000,275.000,125.000,375.000,300.000,275.000,300.000,875.000,175.000,300.000,-1,625.000,325.000,650.000,150.000,1,0,1,1,1,0,1,0,1,0,0,0,2,1,1,1,1
18,7163.497,7630.088,-81.228,-122.920,-0.543381,0.838988,0.028912,-0.839481,-0.543174,-0.015268,0.002894,-0.032567,0.999465,0,0.93159,-0.11772,55.895,-0.235,550.000,500.000,-1,275.000,125.000,375.000,275.000,275.000,300.000,600.000,100.000,225.000,-1,625.000,325.000,625.000,150.000,1,1,2,1,1,1,1,0,1,0,0,0,2,1,1,1,1
19,7132.660,7582.959,-78.661,-123.206,-0.546565,0.835498,0.056654,-0.837144,-0.546860,-0.011537,0.021342,-0.053734,0.998327,0,0.93868,-0.14320,56.321,-0.286,525.000,475.000,-1,250.000,125.000,375.000,275.000,250.000,300.000,450.000,75.000,200.000,-1,625.000,325.000,600.000,150.000,1,1,2,1,1,1,1,0,1,0,0,0,2,1,1,1,1
20,7101.341,7535.699,-75.905,-123.545,-0.549664,0.831102,0.084488,-0.834442,-0.551034,-0.008255,0.039695,-0.075038,0.996390,0,0.94489,-0.16948,56.694,-0.339,500.000,475.000,-1,250.000,125.000,375.000,275.000,250.000,275.000,350.000,50.000,175.000,-1,600.000,325.000,575.000,125.000,1,1,2,1,1,1,1,0,1,0,0,0,2,1,1,1,1
21,7069.526,7488.391,-73.056,-123.938,-0.552636,0.825735,0.112940,-0.831386,-0.555668,-0.005478,0.058233,-0.096924,0.993587,0,0.95014,-0.19654,57.008,-0.393,475.000,450.000,-1,250.000,100.000,350.000,275.000,225.000,275.000,275.000,25.000,150.000,-1,575.000,325.000,550.000,125.000,1,1,2,1,1,1,1,0,1,0,0,0,2,1,1,1,1
22,7037.203,7441.123,-70.111,-124.387,-0.555447,0.819338,0.142002,-0.827989,-0.560735,-0.003323,0.076902,-0.119422,0.989861,0,0.95432,-0.22435,57.259,-0.449,425.000,425.000,-1,250.000,100.000,350.000,250.000,225.000,250.000,225.000,0.000,150.000,-1,575.000,325.000,525.000,125.000,1,1,2,1,1,1,1,0,1,0,0,0,2,1,1,1,1
23,-6887.213,5576.135,-259.776,5.837,0.945589,-0.097876,-0.310291,0.004359,0.957406,-0.288712,0.325333,0.271651,0.905740,1,0.00000,0.00000,57.443,-0.506,-1,-1,-1,-1,-1,-1,-1,25.000,25.000,-1,-1,-1,550.000,-1,-1,-1,-1,2,2,2,2,2,2,2,1,0,2,2,2,1,2,2,2,2
24,4259.249,-9513.139,45.428,-153.975,-0.897968,0.438418,-0.037993,-0.435728,-0.897892,-0.062703,-0.061604,-0.039751,0.997309,1,0.08000,-0.12000,4.800,-0.240,-1,375.000,-1,400.000,-1,300.000,325.000,300.000,300.000,-1,-1,-1,-1,650.000,700.000,-1,-1,2,0,2,0,2,0,0,0,0,2,2,2,2,0,0,2,2
25,4250.590,-9517.285,44.862,-154.416,-0.901317,0.431488,-0.038021,-0.428835,-0.901247,-0.062084,-0.061055,-0.039653,0.997346,0,0.16000,-0.22076,9.600,-0.442,-1,375.000,-1,400.000,-1,300.000,325.000,300.000,300.000,-1,-1,-1,-1,650.000,700.000,-1,-1,2,0,2,0,2,0,0,0,0,2,2,2,2,0,0,2,2
26,4237.554,-9523.403,44.010,-154.855,-0.904594,0.424575,-0.038028,-0.421978,-0.904539,-0.061185,-0.060375,-0.039300,0.997402,0,0.24000,-0.21953,14.400,-0.439,-1,375.000,-1,400.000,-1,300.000,325.000,300.000,300.000,-1,-1,-1,-1,650.000,700.000,-1,-1,2,0,2,0,2,0,0,0,0,2,2,2,2,0,0,2,2
27,4220.112,-9531.429,42.878,-155.291,-0.907790,0.417699,-0.038003,-0.415173,-0.907761,-0.060014,-0.059565,-0.038702,0.997474,0,0.32000,-0.21769,19.200,-0.435,-1,375.000,-1,375.000,-1,300.000,325.000,300.000,300.000,-1,-1,-1,-1,650.000,700.000,-1,-1,2,0,2,0,2,0,0,0,0,2,2,2,2,0,0,2,2
28,4198.234,-9541.296,41.471,-155.721,-0.910900,0.410881,-0.037933,-0.408442,-0.910902,-0.058583,-0.058624,-0.037870,0.997562,0,0.40000,-0.21524,24.000,-0.430,-1,375.000,-1,375.000,-1,300.000,325.000,300.000,300.000,-1,-1,-1,-1,650.000,675.000,-1,-1,2,0,2,0,2,0,0,0,0,2,2,2,2,0,0,2,2
29,4171.894,-9552.943,39.798,-156.146,-0.913916,0.404139,-0.037804,-0.401803,-0.913956,-0.056907,-0.057549,-0.036818,0.997664,0,0.48000,-0.21217,28.800,-0.424,-1,375.000,-1,375.000,-1,300.000,325.000,300.000,300.000,-1,-1,-1,-1,650.000,675.000,-1,-1,2,0,2,0,2,0,0,0,0,2,2,2,2,0,0,2,2
30,4141.066,-9566.306,37.866,-156.563,-0.916833,0.397495,-0.037602,-0.395275,-0.916915,-0.055000,-0.056340,-0.035563,0.997778,0,0.56000,-0.20848,33.600,-0.417,-1,375.000,-1,375.000,-1,300.000,300.000,300.000,300.000,-1,-1,525.000,-1,650.000,675.000,-1,-1,2,0,2,0,2,0,0,0,0,2,2,0,2,0,0,2,2
31,4108.689,-9580.068,35.870,-156.971,-0.919646,0.390968,-0.037338,-0.388865,-0.919766,-0.053052,-0.055084,-0.034270,0.997893,0,0.58634,-0.20416,35.181,-0.408,-1,375.000,-1,375.000,-1,300.000,300.000,300.000,300.000,-1,-1,525.000,-1,650.000,675.000,-1,-1,2,0,2,0,2,0,0,0,0,2,2,0,2,0,0,2,2
32,4076.069,-9593.665,33.889,-157.370,-0.922355,0.384567,-0.037021,-0.382577,-0.922507,-0.051144,-0.053820,-0.033009,0.998005,0,0.58901,-0.19962,35.340,-0.399,-1,375.000,-1,375.000,-1,300.000,300.000,300.000,300.000,-1,-1,550.000,-1,650.000,675.000,-1,-1,2,0,2,0,2,0,0,0,0,2,2,0,2,0,0,2,2
33,4043.207,-9607.102,31.942,-157.760,-0.924960,0.378292,-0.036674,-0.376408,-0.925139,-0.049347,-0.052596,-0.031840,0.998108,0,0.59173,-0.19503,35.504,-0.390,-1,375.000,-1,375.000,-1,300.000,300.000,300.000,300.000,-1,-1,550.000,-1,650.000,675.000,-1,-1,2,0,2,0,2,0,0,0,0,2,2,0,2,0,0,2,2
34,4010.100,-9620.383,30.057,-158.141,-0.927468,0.372146,-0.036193,-0.370360,-0.927661,-0.047741,-0.051342,-0.030874,0.998204,0,0.59452,-0.19040,35.671,-0.381,-1,375.000,-1,375.000,-1,300.000,300.000,300.000,300.000,-1,-1,575.000,-1,650.000,675.000,-1,-1,2,0,2,0,2,0,0,0,0,2,2,0,2,0,0,2,2
35,3976.750,-9633.511,28.403,-158.512,-0.929914,0.366126,-0.034822,-0.364433,-0.930058,-0.046704,-0.049486,-0.030740,0.998302,0,0.59736,-0.18573,35.842,-0.371,-1,375.000,-1,375.000,-1,300.000,300.000,300.000,300.000,-1,-1,575.000,-1,650.000,675.000,-1,-1,2,0,2,0,2,0,0,0,0,2,2,0,2,0,0,2,2
36,3943.154,-9646.491,26.824,-158.874,-0.932268,0.360240,-0.033213,-0.358637,-0.932349,-0.045878,-0.047493,-0.030859,0.998395,0,0.60027,-0.18102,36.016,-0.362,-1,375.000,-1,375.000,-1,300.000,300.000,300.000,300.000,-1,-1,550.000,-1,650.000,675.000,-1,-1,2,0,2,0,2,0,0,0,0,2,2,0,2,0,0,2,2
37,3909.313,-9659.328,25.260,-159.227,-0.934523,0.354496,-0.031615,-0.352977,-0.934543,-0.045121,-0.045541,-0.031008,0.998481,0,0.60323,-0.17626,36.194,-0.353,-1,375.000,-1,375.000,-1,300.000,300.000,300.000,300.000,-1,-1,550.000,-1,650.000,675.000,-1,-1,2,0,2,0,2,0,0,0,0,2,2,0,2,0,0,2,2
38,3875.227,-9672.025,23.710,-159.570,-0.936681,0.348894,-0.030031,-0.347455,-0.936643,-0.044433,-0.043631,-0.031185,0.998561,0,0.60625,-0.17146,36.375,-0.343,-1,375.000,-1,375.000,-1,300.000,300.000,300.000,300.000,-1,750.000,550.000,-1,675.000,675.000,-1,-1,2,0,2,0,2,0,0,0,0,2,0,0,2,0,0,2,2
39,3840.893,-9684.587,22.244,-159.903,-0.938734,0.343441,-0.028767,-0.342077,-0.938659,-0.043624,-0.041984,-0.031111,0.998634,0,0.60933,-0.16662,36.560,-0.333,-1,375.000,-1,375.000,-1,300.000,300.000,300.000,300.000,-1,750.000,575.000,-1,675.000,675.000,-1,-1,2,0,2,0,2,0,0,0,0,2,0,0,2,0,0,2,2
40,3801.911,-9698.409,20.718,-160.476,-0.942165,0.334037,-0.027296,-0.332776,-0.942060,-0.042233,-0.039822,-0.030707,0.998735,0,0.68933,-0.28662,41.360,-0.573,-1,375.000,-1,375.000,-1,300.000,300.000,300.000,300.000,-1,775.000,575.000,-1,675.000,675.000,-1,-1,2,0,2,0,2,0,0,0,0,2,0,0,2,0,0,2,2
41,3758.191,-9713.215,19.156,-161.290,-0.946858,0.320640,-0.025500,-0.319512,-0.946727,-0.040245,-0.037046,-0.029959,0.998864,0,0.76933,-0.40662,46.160,-0.813,-1,375.000,-1,375.000,-1,300.000,300.000,300.000,300.000,-1,775.000,600.000,-1,675.000,675.000,-1,-1,2,0,2,0,2,0,0,0,0,2,0,0,2,0,0,2,2
42,3709.632,-9728.672,17.479,-162.343,-0.952640,0.303190,-0.023523,-0.302196,-0.952480,-0.038197,-0.033986,-0.029279,0.998993,0,0.84933,-0.52662,50.960,-1.053,-1,375.000,-1,375.000,-1,300.000,300.000,300.000,300.000,-1,800.000,600.000,-1,700.000,675.000,-1,-1,2,0,2,0,2,0,0,0,0,2,0,0,2,0,0,2,2
43,3657.007,-9744.124,15.735,-163.636,-0.959288,0.281620,-0.021390,-0.280757,-0.959096,-0.036186,-0.030705,-0.028708,0.999116,0,0.91412,-0.64662,54.847,-1.293,-1,375.000,-1,375.000,-1,300.000,300.000,300.000,300.000,-1,800.000,625.000,-1,700.000,675.000,-1,-1,2,0,2,0,2,0,0,0,0,2,0,0,2,0,0,2,2
44,3603.696,-9758.239,14.050,-165.169,-0.966523,0.255860,-0.019230,-0.255117,-0.966299,-0.034372,-0.027376,-0.028315,0.999224,0,0.91913,-0.76662,55.148,-1.533,-1,375.000,-1,375.000,-1,300.000,300.000,300.000,300.000,-1,750.000,650.000,-1,700.000,700.000,-1,-1,2,0,2,0,2,0,0,0,0,2,0,0,2,0,0,2,2
45,3549.682,-9770.766,12.432,-166.943,-0.974016,0.225837,-0.017035,-0.225205,-0.973760,-0.032783,-0.023992,-0.028095,0.999317,0,0.92412,-0.88662,55.447,-1.773,-1,375.000,-1,375.000,-1,325.000,325.000,300.000,300.000,-1,675.000,675.000,-1,700.000,700.000,-1,-1,2,0,2,0,2,0,0,0,0,2,0,0,2,0,0,2,2
46,3494.992,-9781.554,10.888,-168.841,-0.980997,0.193459,-0.014809,-0.192928,-0.980709,-0.031459,-0.020609,-0.028004,0.999395,0,0.92906,-0.94910,55.744,-1.898,-1,375.000,-1,375.000,-1,325.000,325.000,300.000,300.000,-1,625.000,625.000,-1,725.000,700.000,-1,-1,2,0,2,0,2,0,0,0,0,2,0,0,2,0,0,2,2
47,3439.693,-9790.585,9.425,-170.725,-0.986856,0.161115,-0.012573,-0.160676,-0.986538,-0.030420,-0.017305,-0.028000,0.999458,0,0.93387,-0.94193,56.032,-1.884,-1,375.000,-1,375.000,-1,325.000,325.000,300.000,300.000,-1,575.000,600.000,-1,725.000,700.000,-1,-1,2,0,2,0,2,0,0,0,0,2,0,0,2,0,0,2,2
48,3383.850,-9797.843,8.066,-172.594,-0.991610,0.128842,-0.010408,-0.128485,-0.991265,-0.029758,-0.014151,-0.028171,0.999503,0,0.93853,-0.93482,56.312,-1.870,-1,375.000,-1,375.000,-1,325.000,300.000,300.000,300.000,-1,550.000,550.000,-1,725.000,700.000,-1,-1,2,0,2,0,2,0,0,0,0,2,0,0,2,0,0,2,2
49,3327.635,-9803.300,6.901,-174.455,-0.995288,0.096582,-0.008557,-0.096289,-0.994908,-0.029790,-0.011391,-0.028825,0.999520,0,0.94132,-0.93048,56.479,-1.861,-1,375.000,-1,375.000,-1,325.000,300.000,300.000,300.000,-1,500.000,500.000,-1,725.000,700.000,-1,-1,2,0,2,0,2,0,0,0,0,2,0,0,2,0,0,2,2
50,3271.272,-9806.929,6.066,-176.316,-0.997911,0.064219,-0.007034,-0.063973,-0.997471,-0.030970,-0.009005,-0.030456,0.999496,0,0.94132,-0.93048,56.479,-1.861,-1,375.000,-1,375.000,-1,300.000,300.000,300.000,300.000,-1,500.000,500.000,-1,725.000,700.000,-1,-1,2,0,2,0,2,0,0,0,0,2,0,0,2,0,0,2,2
51,3214.822,-9808.726,5.965,-178.177,-0.999477,0.031793,-0.005923,-0.031595,-0.999021,-0.030965,-0.006902,-0.030761,0.999503,0,0.94132,-0.93048,56.479,-1.861,-1,375.000,-1,375.000,-1,300.000,300.000,300.000,300.000,-1,525.000,525.000,-1,725.000,725.000,-1,-1,2,0,2,0,2,0,0,0,0,2,0,0,2,0,0,2,2
52,3163.142,-9808.908,5.955,-179.798,-0.999982,0.003521,-0.004772,-0.003372,-0.999518,-0.030852,-0.004879,-0.030836,0.999513,0,0.86132,-0.81048,51.679,-1.621,-1,375.000,-1,375.000,-1,325.000,325.000,300.000,300.000,-1,550.000,550.000,-1,725.000,725.000,-1,-1,2,0,2,0,2,0,0,0,0,2,0,0,2,0,0,2,2
53,3116.273,-9807.943,5.978,-181.179,-0.999782,-0.020569,-0.003724,0.020674,-0.999311,-0.030814,-0.003087,-0.030884,0.999518,0,0.78132,-0.69048,46.879,-1.381,-1,375.000,-1,375.000,-1,325.000,325.000,300.000,300.000,-1,575.000,550.000,-1,725.000,750.000,-1,-1,2,0,2,0,2,0,0,0,0,2,0,0,2,0,0,2,2
54,3074.228,-9806.239,6.021,-182.320,-0.999177,-0.040463,-0.002782,0.040530,-0.998703,-0.030828,-0.001531,-0.030915,0.999521,0,0.70132,-0.57048,42.079,-1.141,-1,375.000,-1,375.000,-1,325.000,325.000,300.000,300.000,-1,575.000,575.000,-1,725.000,750.000,-1,-1,2,0,2,0,2,0,0,0,0,2,0,0,2,0,0,2,2
55,3037.008,-9804.145,6.076,-183.221,-0.998420,-0.056162,-0.001951,0.056195,-0.997942,-0.030875,-0.000213,-0.030936,0.999521,0,0.62132,-0.45048,37.279,-0.901,-1,375.000,-1,375.000,-1,325.000,325.000,300.000,300.000,-1,600.000,575.000,-1,750.000,775.000,-1,-1,2,0,2,0,2,0,0,0,0,2,0,0,2,0,0,2,2
56,3004.603,-9801.946,6.135,-183.882,-0.997707,-0.067670,-0.001231,0.067675,-0.997228,-0.030939,0.000866,-0.030951,0.999521,0,0.54132,-0.33048,32.479,-0.661,-1,375.000,-1,375.000,-1,325.000,325.000,325.000,300.000,-1,600.000,600.000,-1,750.000,775.000,-1,-1,2,0,2,0,2,0,0,0,0,2,0,0,2,0,0,2,2
57,2977.002,-9799.869,6.191,-184.303,-0.997184,-0.074995,-0.000621,0.074978,-0.996703,-0.031007,0.001706,-0.030967,0.999519,0,0.46132,-0.21048,27.679,-0.421,-1,375.000,-1,375.000,-1,325.000,325.000,325.000,300.000,-1,625.000,600.000,-1,750.000,800.000,-1,-1,2,0,2,0,2,0,0,0,0,2,0,0,2,0,0,2,2
58,2954.192,-9798.080,6.240,-184.484,-0.996942,-0.078142,-0.000120,0.078108,-0.996461,-0.031070,0.002308,-0.030984,0.999517,0,0.38132,-0.09048,22.879,-0.181,-1,375.000,-1,375.000,-1,325.000,325.000,300.000,325.000,-1,625.000,600.000,-1,750.000,800.000,-1,-1,2,0,2,0,2,0,0,0,0,2,0,0,2,0,0,2,2
59,2936.167,-9796.685,6.278,-184.425,-0.997022,-0.077115,0.000273,0.077069,-0.996540,-0.031119,0.002671,-0.031005,0.999516,0,0.30132,0.02952,18.079,0.059,-1,375.000,-1,375.000,-1,325.000,325.000,300.000,325.000,-1,625.000,625.000,-1,750.000,800.000,-1,-1,2,0,2,0,2,0,0,0,0,2,0,0,2,0,0,2,2
60,2922.922,-9795.730,6.305,-184.126,-0.997411,-0.071913,0.000558,0.071861,-0.996928,-0.031150,0.002796,-0.031029,0.999515,0,0.22132,0.14952,13.279,0.299,-1,375.000,-1,400.000,-1,325.000,325.000,300.000,325.000,-1,625.000,625.000,-1,750.000,800.000,-1,-1,2,0,2,0,2,0,0,0,0,2,0,0,2,0,0,2,2
61,2914.460,-9795.199,6.320,-183.587,-0.998043,-0.062531,0.000736,0.062478,-0.997560,-0.031161,0.002682,-0.031054,0.999514,0,0.14132,0.26952,8.479,0.539,-1,400.000,-1,400.000,-1,325.000,325.000,300.000,325.000,-1,625.000,625.000,-1,750.000,800.000,-1,-1,2,0,2,0,2,0,0,0,0,2,0,0,2,0,0,2,2
62,2910.785,-9795.019,6.327,-182.808,-0.998800,-0.048962,0.000806,0.048913,-0.998317,-0.031154,0.002330,-0.031077,0.999514,0,0.06132,0.38952,3.679,0.779,-1,400.000,-1,400.000,-1,325.000,325.000,300.000,325.000,-1,625.000,625.000,-1,750.000,800.000,-1,-1,2,0,2,0,2,0,0,0,0,2,0,0,2,0,0,2,2
63,2911.905,-9795.054,6.328,-181.789,-0.999513,-0.031199,0.000769,0.031160,-0.999029,-0.031132,0.001739,-0.031093,0.999515,0,-0.01868,0.50952,-1.121,1.019,-1,400.000,-1,400.000,-1,325.000,325.000,300.000,325.000,-1,625.000,625.000,-1,750.000,800.000,-1,-1,2,0,2,0,2,0,0,0,0,2,0,0,2,0,0,2,2
64,2917.826,-9795.109,6.328,-180.530,-0.999957,-0.009240,0.000623,0.009217,-0.999474,-0.031103,0.000910,-0.031096,0.999516,0,-0.09868,0.62952,-5.921,1.259,-1,375.000,-1,400.000,-1,325.000,325.000,300.000,325.000,-1,625.000,625.000,-1,750.000,800.000,-1,-1,2,0,2,0,2,0,0,0,0,2,0,0,2,0,0,2,2
65,2928.545,-9794.928,6.335,-179.031,-0.999857,0.016909,0.000369,-0.016912,-0.999374,-0.031075,-0.000157,-0.031076,0.999517,0,-0.17868,0.74952,-10.721,1.499,-1,375.000,-1,400.000,-1,325.000,325.000,325.000,325.000,-1,625.000,625.000,-1,750.000,775.000,-1,-1,2,0,2,0,2,0,0,0,0,2,0,0,2,0,0,2,2
66,2941.902,-9794.296,6.355,-177.292,-0.998884,0.047230,0.000054,-0.047209,-0.998402,-0.031061,-0.001413,-0.031029,0.999517,0,-0.22286,0.86952,-13.371,1.739,-1,375.000,-1,375.000,-1,325.000,325.000,325.000,325.000,-1,625.000,625.000,-1,750.000,775.000,-1,-1,2,0,2,0,2,0,0,0,0,2,0,0,2,0,0,2,2
67,2955.229,-9793.203,6.385,-175.313,-0.996659,0.081681,-0.000261,-0.081633,-0.996178,-0.031070,-0.002798,-0.030944,0.999517,0,-0.22286,0.98952,-13.371,1.979,-1,375.000,-1,375.000,-1,325.000,325.000,300.000,325.000,-1,625.000,625.000,-1,750.000,775.000,-1,-1,2,0,2,0,2,0,0,0,0,2,0,0,2,0,0,2,2
68,2968.510,-9791.651,6.426,-173.333,-0.993243,0.116048,-0.000572,-0.115975,-0.992765,-0.031103,-0.004178,-0.030826,0.999516,0,-0.22286,0.98993,-13.371,1.980,-1,375.000,-1,375.000,-1,325.000,325.000,300.000,325.000,-1,600.000,625.000,-1,750.000,775.000,-1,-1,2,0,2,0,2,0,0,0,0,2,0,0,2,0,0,2,2
69,2981.729,-9789.641,6.520,-171.353,-0.988643,0.150277,-0.000979,-0.150173,-0.988163,-0.031336,-0.005676,-0.030833,0.999508,0,-0.22286,0.98993,-13.371,1.980,-1,375.000,-1,375.000,-1,325.000,325.000,300.000,325.000,-1,625.000,625.000,-1,750.000,750.000,-1,-1,2,0,2,0,2,0,0,0,0,2,0,0,2,0,0,2,2
70,2994.872,-9787.175,6.628,-169.373,-0.982864,0.184327,-0.001369,-0.184192,-0.982382,-0.031608,-0.007171,-0.030814,0.999499,0,-0.22286,0.98993,-13.371,1.980,-1,375.000,-1,375.000,-1,325.000,325.000,300.000,325.000,-1,625.000,650.000,-1,750.000,750.000,-1,-1,2,0,2,0,2,0,0,0,0,2,0,0,2,0,0,2,2
71,3007.921,-9784.256,6.747,-167.393,-0.975912,0.218157,-0.001740,-0.217992,-0.975429,-0.031914,-0.008659,-0.030766,0.999489,0,-0.22286,0.98993,-13.371,1.980,-1,375.000,-1,375.000,-1,325.000,325.000,300.000,325.000,-1,625.000,650.000,-1,750.000,750.000,-1,-1,2,0,2,0,2,0,0,0,0,2,0,0,2,0,0,2,2
72,3020.862,-9780.889,6.879,-165.413,-0.967796,0.251726,-0.002086,-0.251531,-0.967312,-0.032252,-0.010137,-0.030689,0.999478,0,-0.22286,0.98993,-13.371,1.980,-1,375.000,-1,375.000,-1,325.000,325.000,300.000,325.000,-1,625.000,650.000,-1,750.000,750.000,-1,-1,2,0,2,0,2,0,0,0,0,2,0,0,2,0,0,2,2
73,3033.678,-9777.076,7.021,-163.433,-0.958526,0.284996,-0.002406,-0.284770,-0.958041,-0.032620,-0.011602,-0.030582,0.999465,0,-0.22286,0.98993,-13.371,1.980,-1,375.000,-1,375.000,-1,325.000,325.000,300.000,325.000,-1,625.000,600.000,-1,750.000,750.000,-1,-1,2,0,2,0,2,0,0,0,0,2,0,0,2,0,0,2,2
74,3046.355,-9772.823,7.174,-161.454,-0.948112,0.317925,-0.002697,-0.317669,-0.947627,-0.033013,-0.013052,-0.030443,0.999451,0,-0.22286,0.98993,-13.371,1.980,-1,375.000,-1,375.000,-1,325.000,325.000,300.000,325.000,-1,650.000,575.000,-1,750.000,750.000,-1,-1,2,0,2,0,2,0,0,0,0,2,0,0,2,0,0,2,2
75,3058.878,-9768.135,7.337,-159.474,-0.936567,0.350476,-0.002957,-0.350189,-0.936082,-0.033429,-0.014484,-0.030273,0.999437,0,-0.22286,0.98993,-13.371,1.980,-1,375.000,-1,375.000,-1,325.000,325.000,300.000,325.000,-1,650.000,550.000,-1,775.000,750.000,-1,-1,2,0,2,0,2,0,0,0,0,2,0,0,2,0,0,2,2
76,3071.231,-9763.016,7.511,-157.494,-0.923905,0.382609,-0.003184,-0.382292,-0.923421,-0.033865,-0.015897,-0.030071,0.999421,0,-0.22286,0.98993,-13.371,1.980,-1,375.000,-1,375.000,-1,325.000,325.000,300.000,325.000,-1,625.000,525.000,-1,775.000,725.000,-1,-1,2,0,2,0,2,0,0,0,0,2,0,0,2,0,0,2,2
77,3083.400,-9757.474,7.694,-155.514,-0.910140,0.414286,-0.003376,-0.413939,-0.909658,-0.034316,-0.017288,-0.029835,0.999405,0,-0.22286,0.98993,-13.371,1.980,-1,375.000,-1,375.000,-1,325.000,325.000,300.000,325.000,-1,575.000,500.000,-1,775.000,725.000,-1,-1,2,0,2,0,2,0,0,0,0,2,0,0,2,0,0,2,2
78,3095.370,-9751.515,7.886,-153.534,-0.895290,0.445469,-0.003531,-0.445093,-0.894809,-0.034780,-0.018653,-0.029566,0.999389,0,-0.22286,0.98993,-13.371,1.980,-1,375.000,-1,375.000,-1,325.000,325.000,300.000,325.000,-1,550.000,500.000,-1,750.000,725.000,-1,-1,2,0,2,0,2,0,0,0,0,2,0,0,2,0,0,2,2
79,3107.128,-9745.146,8.087,-151.554,-0.879372,0.476122,-0.003650,-0.475716,-0.878892,-0.035251,-0.019992,-0.029263,0.999372,0,-0.22286,0.98993,-13.371,1.980,-1,375.000,-1,375.000,-1,325.000,300.000,300.000,325.000,-1,525.000,475.000,-1,750.000,725.000,-1,-1,2,0,2,0,2,0,0,0,0,2,0,0,2,0,0,2,2
80,3118.658,-9738.374,8.383,-149.574,-0.862401,0.506212,-0.003667,-0.505789,-0.861936,-0.035275,-0.021017,-0.028567,0.999371,0,-0.22286,0.98993,-13.371,1.980,-1,375.000,-1,375.000,-1,325.000,325.000,300.000,325.000,-1,500.000,450.000,-1,775.000,725.000,-1,-1,2,0,2,0,2,0,0,0,0,2,0,0,2,0,0,2,2
81,3129.947,-9731.208,8.694,-147.595,-0.844401,0.535699,-0.003673,-0.535260,-0.843951,-0.035264,-0.021991,-0.027811,0.999371,0,-0.22286,0.98993,-13.371,1.980,-1,375.000,-1,375.000,-1,325.000,325.000,300.000,325.000,-1,475.000,450.000,-1,775.000,725.000,-1,-1,2,0,2,0,2,0,0,0,0,2,0,0,2,0,0,2,2
82,3137.041,-9726.397,8.894,-145.855,-0.827749,0.561087,-0.003633,-0.560637,-0.827313,-0.035211,-0.022762,-0.027109,0.999373,0,-0.14286,0.86993,-8.571,1.740,-1,375.000,-1,375.000,-1,325.000,325.000,300.000,325.000,-1,450.000,425.000,-1,775.000,725.000,-1,-1,2,0,2,0,2,0,0,0,0,2,0,0,2,0,0,2,2
83,3140.105,-9724.198,8.977,-144.355,-0.812781,0.582559,-0.003553,-0.582102,-0.812357,-0.035108,-0.023339,-0.026467,0.999377,0,-0.06286,0.74993,-3.771,1.500,-1,400.000,-1,375.000,-1,325.000,325.000,300.000,325.000,-1,450.000,425.000,-1,775.000,725.000,-1,-1,2,0,2,0,2,0,0,0,0,2,0,0,2,0,0,2,2
84,3139.283,-9724.816,8.938,-143.095,-0.799776,0.600289,-0.003439,-0.599829,-0.799364,-0.034955,-0.023732,-0.025893,0.999383,0,0.01714,0.62993,1.029,1.260,-1,400.000,-1,375.000,-1,325.000,325.000,300.000,325.000,-1,425.000,425.000,-1,775.000,725.000,-1,-1,2,0,2,0,2,0,0,0,0,2,0,0,2,0,0,2,2
85,3134.687,-9728.400,8.776,-142.049,-0.788686,0.614787,-0.003291,-0.614329,-0.788285,-0.034752,-0.023960,-0.025387,0.999391,0,0.09714,0.52292,5.829,1.046,-1,400.000,-1,375.000,-1,325.000,325.000,300.000,325.000,-1,425.000,425.000,-1,775.000,725.000,-1,-1,2,0,2,0,2,0,0,0,0,2,0,0,2,0,0,2,2
86,3126.426,-9735.088,8.486,-141.003,-0.777334,0.629081,-0.003098,-0.628627,-0.776942,-0.034482,-0.024099,-0.024857,0.999401,0,0.17714,0.52292,10.629,1.046,-1,400.000,-1,375.000,-1,325.000,325.000,300.000,325.000,-1,425.000,425.000,-1,775.000,725.000,-1,-1,2,0,2,0,2,0,0,0,0,2,0,0,2,0,0,2,2
87,3114.615,-9745.014,8.067,-139.957,-0.765721,0.643166,-0.002864,-0.642718,-0.765341,-0.034155,-0.024159,-0.024313,0.999412,0,0.25714,0.52292,15.429,1.046,-1,400.000,-1,375.000,-1,325.000,325.000,300.000,325.000,-1,450.000,450.000,-1,775.000,725.000,-1,-1,2,0,2,0,2,0,0,0,0,2,0,0,2,0,0,2,2
88,3099.368,-9758.309,7.523,-138.912,-0.753854,0.657037,-0.002593,-0.656599,-0.753484,-0.033767,-0.024140,-0.023753,0.999426,0,0.33714,0.52292,20.229,1.046,-1,400.000,-1,375.000,-1,325.000,325.000,300.000,300.000,-1,450.000,450.000,-1,775.000,725.000,-1,-1,2,0,2,0,2,0,0,0,0,2,0,0,2,0,0,2,2
89,3080.808,-9775.099,6.855,-137.866,-0.741735,0.670689,-0.002288,-0.670261,-0.741376,-0.033347,-0.024062,-0.023201,0.999441,0,0.41714,0.52292,25.029,1.046,-1,400.000,-1,375.000,-1,325.000,325.000,300.000,300.000,-1,475.000,475.000,-1,800.000,725.000,-1,-1,2,0,2,0,2,0,0,0,0,2,0,0,2,0,0,2,2
90,3059.057,-9795.511,6.060,-136.820,-0.729369,0.684117,-0.001946,-0.683700,-0.729019,-0.032948,-0.023959,-0.022701,0.999455,0,0.49714,0.52292,29.829,1.046,-1,400.000,-1,375.000,-1,325.000,325.000,300.000,300.000,-1,475.000,500.000,-1,800.000,750.000,-1,-1,2,0,2,0,2,0,0,0,0,2,0,0,2,0,0,2,2
91,3034.242,-9819.664,5.141,-135.774,-0.716762,0.697316,-0.001561,-0.696910,-0.716417,-0.032615,-0.023862,-0.022290,0.999467,0,0.57714,0.52292,34.629,1.046,-1,400.000,-1,375.000,-1,325.000,325.000,300.000,300.000,-1,500.000,525.000,-1,800.000,750.000,-1,-1,2,0,2,0,2,0,0,0,0,2,0,0,2,0,0,2,2
92,3006.494,-9847.676,4.100,-134.728,-0.703918,0.710281,-0.001122,-0.709883,-0.703574,-0.032399,-0.023802,-0.022010,0.999474,0,0.65714,0.52292,39.429,1.046,-1,400.000,-1,375.000,-1,325.000,325.000,300.000,300.000,-1,550.000,550.000,-1,800.000,750.000,-1,-1,2,0,2,0,2,0,0,0,0,2,0,0,2,0,0,2,2
93,2976.795,-9878.774,2.987,-133.682,-0.690840,0.723007,-0.000638,-0.722616,-0.690495,-0.032276,-0.023776,-0.021836,0.999479,0,0.71669,0.52292,43.002,1.046,-1,400.000,-1,375.000,-1,325.000,325.000,300.000,300.000,-1,575.000,575.000,-1,800.000,775.000,-1,-1,2,0,2,0,2,0,0,0,0,2,0,0,2,0,0,2,2
94,2947.668,-9910.408,1.941,-132.637,-0.677531,0.735494,-0.000177,-0.735113,-0.677188,-0.032024,-0.023673,-0.021567,0.999487,0,0.71669,0.52292,43.002,1.046,-1,400.000,-1,400.000,-1,325.000,325.000,300.000,300.000,-1,600.000,600.000,-1,825.000,775.000,-1,-1,2,0,2,0,2,0,0,0,0,2,0,0,2,0,0,2,2
95,2922.190,-9938.873,0.993,-131.831,-0.667122,0.744948,0.000234,-0.744575,-0.666779,-0.031841,-0.023564,-0.021416,0.999493,0,0.63669,0.40292,38.202,0.806,-1,400.000,-1,400.000,-1,325.000,325.000,300.000,300.000,-1,625.000,625.000,-1,825.000,800.000,-1,-1,2,0,2,0,2,0,0,0,0,2,0,0,2,0,0,2,2
96,2900.160,-9963.980,0.232,-131.265,-0.659741,0.751493,0.000665,-0.751120,-0.659385,-0.032099,-0.023684,-0.021676,0.999484,0,0.55669,0.28292,33.402,0.566,-1,400.000,-1,400.000,-1,325.000,325.000,300.000,300.000,-1,675.000,650.000,-1,825.000,800.000,-1,-1,2,0,2,0,2,0,0,0,0,2,0,0,2,0,0,2,2
97,2881.419,-9985.586,-0.426,-130.939,-0.655465,0.755225,0.001045,-0.754852,-0.655096,-0.032359,-0.023754,-0.021999,0.999476,0,0.47669,0.16292,28.602,0.326,-1,400.000,-1,400.000,-1,325.000,325.000,300.000,300.000,-1,700.000,675.000,-1,825.000,800.000,-1,-1,2,0,2,0,2,0,0,0,0,2,0,0,2,0,0,2,2
98,2865.850,-10003.589,-0.981,-130.853,-0.654339,0.756200,0.001365,-0.755828,-0.653959,-0.032593,-0.023754,-0.022358,0.999468,0,0.39669,0.04292,23.802,0.086,-1,400.000,-1,400.000,-1,325.000,325.000,300.000,300.000,-1,725.000,700.000,-1,825.000,800.000,-1,-1,2,0,2,0,2,0,0,0,0,2,0,0,2,0,0,2,2
99,2853.382,-10017.929,-1.429,-131.007,-0.656377,0.754431,0.001619,-0.754061,-0.655985,-0.032795,-0.023680,-0.022747,0.999461,0,0.31669,-0.07708,19.002,-0.154,-1,400.000,-1,400.000,-1,325.000,325.000,300.000,300.000,-1,725.000,725.000,-1,825.000,800.000,-1,-1,2,0,2,0,2,0,0,0,0,2,0,0,2,0,0,2,2
100,2843.990,-10028.581,-1.767,-131.401,-0.661556,0.749893,0.001803,-0.749527,-0.661153,-0.032958,-0.023523,-0.023155,0.999455,0,0.23669,-0.19708,14.202,-0.394,-1,400.000,-1,400.000,-1,325.000,325.000,300.000,300.000,-1,750.000,750.000,-1,825.000,800.000,-1,-1,2,0,2,0,2,0,0,0,0,2,0,0,2,0,0,2,2
101,2837.695,-10035.564,-1.994,-132.036,-0.669818,0.742523,0.001912,-0.742160,-0.669406,-0.033075,-0.023279,-0.023573,0.999451,0,0.15669,-0.31708,9.402,-0.634,-1,400.000,-1,400.000,-1,325.000,325.000,300.000,300.000,-1,750.000,750.000,-1,850.000,800.000,-1,-1,2,0,2,0,2,0,0,0,0,2,0,0,2,0,0,2,2
102,2834.562,-10038.935,-2.111,-132.910,-0.681069,0.732216,0.001943,-0.731860,-0.680649,-0.033137,-0.022941,-0.023990,0.999449,0,0.07669,-0.43708,4.602,-0.874,-1,400.000,-1,400.000,-1,325.000,325.000,300.000,300.000,-1,750.000,750.000,-1,850.000,800.000,-1,-1,2,0,2,0,2,0,0,0,0,2,0,0,2,0,0,2,2
103,2834.700,-10038.793,-2.120,-134.024,-0.695177,0.718836,0.001895,-0.718486,-0.694751,-0.033134,-0.022501,-0.024396,0.999449,0,-0.00331,-0.55708,-0.198,-1.114,-1,400.000,-1,400.000,-1,325.000,325.000,300.000,300.000,-1,750.000,750.000,-1,850.000,800.000,-1,-1,2,0,2,0,2,0,0,0,0,2,0,0,2,0,0,2,2
104,2838.257,-10035.282,-2.027,-135.378,-0.711967,0.702210,0.001770,-0.701869,-0.711538,-0.033057,-0.021954,-0.024778,0.999452,0,-0.08331,-0.67708,-4.998,-1.354,-1,400.000,-1,400.000,-1,325.000,325.000,300.000,300.000,-1,750.000,750.000,-1,850.000,800.000,-1,-1,2,0,2,0,2,0,0,0,0,2,0,0,2,0,0,2,2
105,2845.396,-10028.570,-1.833,-136.768,-0.728786,0.684740,0.001577,-0.684408,-0.728357,-0.032897,-0.021377,-0.025055,0.999457,0,-0.16331,-0.69496,-9.798,-1.390,-1,400.000,-1,400.000,-1,325.000,325.000,300.000,300.000,-1,750.000,750.000,-1,850.000,800.000,-1,-1,2,0,2,0,2,0,0,0,0,2,0,0,2,0,0,2,2
106,2856.271,-10018.832,-1.544,-138.158,-0.745174,0.666868,0.001323,-0.666545,-0.744749,-0.032652,-0.020790,-0.025213,0.999466,0,-0.24331,-0.69496,-14.598,-1.390,-1,400.000,-1,400.000,-1,325.000,325.000,300.000,300.000,-1,725.000,725.000,-1,850.000,800.000,-1,-1,2,0,2,0,2,0,0,0,0,2,0,0,2,0,0,2,2
107,2869.159,-10007.844,-1.210,-139.548,-0.761124,0.648605,0.001045,-0.648291,-0.760703,-0.032392,-0.020215,-0.025332,0.999475,0,-0.28226,-0.69496,-16.936,-1.390,-1,400.000,-1,400.000,-1,325.000,325.000,300.000,300.000,-1,725.000,725.000,-1,850.000,775.000,-1,-1,2,0,2,0,2,0,0,0,0,2,0,0,2,0,0,2,2
108,2882.308,-9997.172,-0.817,-140.938,-0.776630,0.629957,0.000781,-0.629645,-0.776205,-0.032456,-0.019840,-0.025698,0.999473,0,-0.28226,-0.69496,-16.936,-1.390,-1,400.000,-1,400.000,-1,325.000,325.000,300.000,300.000,-1,725.000,700.000,-1,850.000,775.000,-1,-1,2,0,2,0,2,0,0,0,0,2,0,0,2,0,0,2,2
109,2895.713,-9986.822,-0.435,-142.328,-0.791678,0.610938,0.000510,-0.610628,-0.791250,-0.032509,-0.019457,-0.026048,0.999471,0,-0.28226,-0.69496,-16.936,-1.390,-1,400.000,-1,400.000,-1,325.000,325.000,300.000,300.000,-1,700.000,700.000,-1,850.000,775.000,-1,-1,2,0,2,0,2,0,0,0,0,2,0,0,2,0,0,2,2
110,2909.365,-9976.800,-0.065,-143.718,-0.806261,0.591560,0.000234,-0.591253,-0.805829,-0.032553,-0.019068,-0.026385,0.999470,0,-0.28226,-0.69496,-16.936,-1.390,-1,400.000,-1,375.000,-1,325.000,325.000,300.000,300.000,-1,700.000,675.000,-1,825.000,775.000,-1,-1,2,0,2,0,2,0,0,0,0,2,0,0,2,0,0,2,2
111,2923.256,-9967.113,0.293,-145.107,-0.820369,0.571835,-0.000047,-0.571530,-0.819934,-0.032588,-0.018674,-0.026707,0.999469,0,-0.28226,-0.69496,-16.936,-1.390,-1,400.000,-1,375.000,-1,325.000,325.000,300.000,300.000,-1,700.000,675.000,-1,825.000,750.000,-1,-1,2,0,2,0,2,0,0,0,0,2,0,0,2,0,0,2,2
112,2937.378,-9957.765,0.639,-146.497,-0.833994,0.551773,-0.000334,-0.551471,-0.833556,-0.032613,-0.018273,-0.027015,0.999468,0,-0.28226,-0.69496,-16.936,-1.390,-1,400.000,-1,375.000,-1,325.000,325.000,300.000,300.000,-1,700.000,675.000,-1,825.000,750.000,-1,-1,2,0,2,0,2,0,0,0,0,2,0,0,2,0,0,2,2
113,2951.722,-9948.762,0.973,-147.887,-0.847129,0.531388,-0.000625,-0.531088,-0.846688,-0.032630,-0.017868,-0.027309,0.999467,0,-0.28226,-0.69496,-16.936,-1.390,-1,400.000,-1,375.000,-1,325.000,325.000,300.000,300.000,-1,700.000,650.000,-1,825.000,750.000,-1,-1,2,0,2,0,2,0,0,0,0,2,0,0,2,0,0,2,2
114,2966.281,-9940.110,1.293,-149.277,-0.859764,0.510690,-0.000921,-0.510392,-0.859322,-0.032638,-0.017459,-0.027590,0.999467,0,-0.28226,-0.69496,-16.936,-1.390,-1,400.000,-1,375.000,-1,325.000,325.000,300.000,300.000,-1,700.000,650.000,-1,825.000,725.000,-1,-1,2,0,2,0,2,0,0,0,0,2,0,0,2,0,0,2,2
115,2981.045,-9931.814,1.601,-150.667,-0.871895,0.489692,-0.001222,-0.489397,-0.871450,-0.032637,-0.017047,-0.027858,0.999467,0,-0.28226,-0.69496,-16.936,-1.390,-1,400.000,-1,375.000,-1,325.000,325.000,300.000,300.000,-1,700.000,650.000,-1,825.000,725.000,-1,-1,2,0,2,0,2,0,0,0,0,2,0,0,2,0,0,2,2
116,2996.006,-9923.878,1.896,-152.057,-0.883512,0.468406,-0.001526,-0.468114,-0.883066,-0.032629,-0.016631,-0.028113,0.999466,0,-0.28226,-0.69496,-16.936,-1.390,-1,400.000,-1,375.000,-1,325.000,325.000,300.000,300.000,-1,700.000,650.000,-1,800.000,725.000,-1,-1,2,0,2,0,2,0,0,0,0,2,0,0,2,0,0,2,2
117,3011.155,-9916.308,2.177,-153.447,-0.894609,0.446846,-0.001835,-0.446555,-0.894162,-0.032612,-0.016213,-0.028356,0.999466,0,-0.28226,-0.69496,-16.936,-1.390,-1,400.000,-1,375.000,-1,325.000,325.000,300.000,300.000,-1,675.000,650.000,-1,800.000,725.000,-1,-1,2,0,2,0,2,0,0,0,0,2,0,0,2,0,0,2,2
118,3026.484,-9909.107,2.445,-154.837,-0.905180,0.425022,-0.002148,-0.424734,-0.904731,-0.032588,-0.015794,-0.028585,0.999467,0,-0.28226,-0.69496,-16.936,-1.390,-1,400.000,-1,375.000,-1,325.000,325.000,300.000,300.000,-1,675.000,650.000,-1,800.000,725.000,-1,-1,2,0,2,0,2,0,0,0,0,2,0,0,2,0,0,2,2
119,3041.982,-9902.280,2.699,-156.227,-0.915219,0.402949,-0.002465,-0.402663,-0.914769,-0.032555,-0.015373,-0.028803,0.999467,0,-0.28226,-0.69496,-16.936,-1.390,-1,400.000,-1,375.000,-1,325.000,325.000,300.000,300.000,-1,650.000,650.000,-1,800.000,725.000,-1,-1,2,0,2,0,2,0,0,0,0,2,0,0,2,0,0,2,2
120,3057.642,-9895.831,2.939,-157.617,-0.924719,0.380640,-0.002786,-0.380356,-0.924268,-0.032516,-0.014952,-0.029008,0.999467,0,-0.28226,-0.69496,-16.936,-1.390,-1,400.000,-1,375.000,-1,325.000,325.000,300.000,300.000,-1,650.000,650.000,-1,800.000,725.000,-1,-1,2,0,2,0,2,0,0,0,0,2,0,0,2,0,0,2,2
121,3073.453,-9889.764,3.165,-159.007,-0.933676,0.358106,-0.003111,-0.357825,-0.933224,-0.032468,-0.014531,-0.029201,0.999468,0,-0.28226,-0.69496,-16.936,-1.390,-1,400.000,-1,375.000,-1,325.000,325.000,300.000,300.000,-1,625.000,650.000,-1,775.000,725.000,-1,-1,2,0,2,0,2,0,0,0,0,2,0,0,2,0,0,2,2
122,3089.407,-9884.082,3.377,-160.397,-0.942083,0.335362,-0.003440,-0.335083,-0.941631,-0.032413,-0.014110,-0.029383,0.999469,0,-0.28226,-0.69496,-16.936,-1.390,-1,400.000,-1,375.000,-1,325.000,325.000,300.000,300.000,-1,600.000,650.000,-1,775.000,725.000,-1,-1,2,0,2,0,2,0,0,0,0,2,0,0,2,0,0,2,2
123,3105.494,-9878.788,3.575,-161.787,-0.949936,0.312422,-0.003774,-0.312144,-0.949484,-0.032351,-0.013690,-0.029553,0.999469,0,-0.28226,-0.69496,-16.936,-1.390,-1,400.000,-1,375.000,-1,325.000,300.000,300.000,300.000,-1,600.000,650.000,-1,775.000,725.000,-1,-1,2,0,2,0,2,0,0,0,0,2,0,0,2,0,0,2,2
124,3121.704,-9873.887,3.759,-163.176,-0.957230,0.289297,-0.004111,-0.289022,-0.956778,-0.032280,-0.013272,-0.029712,0.999470,0,-0.28226,-0.69496,-16.936,-1.390,-1,375.000,-1,375.000,-1,325.000,300.000,300.000,300.000,-1,575.000,625.000,-1,775.000,725.000,-1,-1,2,0,2,0,2,0,0,0,0,2,0,0,2,0,0,2,2
125,3133.389,-9870.608,3.884,-164.326,-0.962840,0.270037,-0.004358,-0.269764,-0.962387,-0.032213,-0.012892,-0.029840,0.999472,0,-0.20226,-0.57496,-12.136,-1.150,-1,375.000,-1,375.000,-1,325.000,300.000,300.000,300.000,-1,575.000,625.000,-1,750.000,725.000,-1,-1,2,0,2,0,2,0,0,0,0,2,0,0,2,0,0,2,2
126,3140.482,-9868.739,3.958,-165.236,-0.967005,0.254719,-0.004510,-0.254450,-0.966551,-0.032151,-0.012549,-0.029942,0.999473,0,-0.12226,-0.45496,-7.336,-0.910,-1,375.000,-1,375.000,-1,325.000,300.000,300.000,300.000,-1,575.000,600.000,-1,750.000,725.000,-1,-1,2,0,2,0,2,0,0,0,0,2,0,0,2,0,0,2,2
127,3142.941,-9868.122,3.987,-165.906,-0.969915,0.243400,-0.004567,-0.243135,-0.969461,-0.032097,-0.012240,-0.030021,0.999474,0,-0.04226,-0.33496,-2.536,-0.670,-1,375.000,-1,375.000,-1,325.000,300.000,300.000,300.000,-1,575.000,600.000,-1,750.000,725.000,-1,-1,2,0,2,0,2,0,0,0,0,2,0,0,2,0,0,2,2
128,3140.741,-9868.657,3.975,-166.336,-0.971714,0.236119,-0.004527,-0.235859,-0.971259,-0.032056,-0.011966,-0.030081,0.999476,0,0.03774,-0.21496,2.264,-0.430,-1,375.000,-1,375.000,-1,325.000,300.000,300.000,300.000,-1,575.000,600.000,-1,750.000,725.000,-1,-1,2,0,2,0,2,0,0,0,0,2,0,0,2,0,0,2,2
129,3133.871,-9870.303,3.923,-166.526,-0.972491,0.232897,-0.004391,-0.232643,-0.972035,-0.032027,-0.011727,-0.030124,0.999477,0,0.11774,-0.09496,7.064,-0.190,-1,375.000,-1,375.000,-1,325.000,300.000,300.000,300.000,-1,575.000,600.000,-1,750.000,725.000,-1,-1,2,0,2,0,2,0,0,0,0,2,0,0,2,0,0,2,2
130,3122.336,-9873.077,3.829,-166.476,-0.972289,0.233747,-0.004160,-0.233499,-0.971830,-0.032013,-0.011525,-0.030155,0.999479,0,0.19774,0.02504,11.864,0.050,-1,375.000,-1,375.000,-1,325.000,300.000,300.000,300.000,-1,575.000,600.000,-1,750.000,725.000,-1,-1,2,0,2,0,2,0,0,0,0,2,0,0,2,0,0,2,2
131,3106.153,-9877.056,3.690,-166.186,-0.971095,0.238664,-0.003836,-0.238424,-0.970633,-0.032016,-0.011364,-0.030176,0.999480,0,0.27774,0.14504,16.664,0.290,-1,375.000,-1,375.000,-1,325.000,325.000,300.000,300.000,-1,575.000,625.000,-1,750.000,725.000,-1,-1,2,0,2,0,2,0,0,0,0,2,0,0,2,0,0,2,2
