timestep,x_cm,y_cm,z_cm,yaw_deg,basis_xx,basis_xy,basis_xz,basis_yx,basis_yy,basis_yz,basis_zx,basis_zy,basis_zz,teleport_flag,throttle_cmd,steering_cmd,cmd_move_cm,cmd_turn_deg,lidar_cm_0,lidar_cm_1,lidar_cm_2,lidar_cm_3,lidar_cm_4,lidar_cm_5,lidar_cm_6,lidar_cm_7,lidar_cm_8,lidar_cm_9,lidar_cm_10,lidar_cm_11,lidar_cm_12,lidar_cm_13,lidar_cm_14,lidar_cm_15,lidar_cm_16,lidar_class_0,lidar_class_1,lidar_class_2,lidar_class_3,lidar_class_4,lidar_class_5,lidar_class_6,lidar_class_7,lidar_class_8,lidar_class_9,lidar_class_10,lidar_class_11,lidar_class_12,lidar_class_13,lidar_class_14,lidar_class_15,lidar_class_16
0,3606.921,-3602.867,-215.579,98.357,-0.150142,-0.987762,-0.042242,0.983906,-0.145096,-0.104287,0.096882,-0.057220,0.993650,1,0.08000,-0.12000,4.800,-0.240,-1,400.000,-1,425.000,650.000,325.000,350.000,275.000,275.000,-1,-1,-1,-1,850.000,700.000,-1,750.000,2,0,2,1,1,0,0,0,0,2,2,2,2,0,1,2,1
1,3605.606,-3593.358,-214.631,97.877,-0.141805,-0.988992,-0.042255,0.985152,-0.136823,-0.103709,0.096786,-0.056334,0.993710,0,0.16000,-0.24000,9.600,-0.480,-1,400.000,-1,400.000,625.000,325.000,350.000,275.000,275.000,-1,-1,-1,-1,850.000,675.000,-1,725.000,2,0,2,1,1,0,0,0,0,2,2,2,2,0,1,2,1
2,3603.795,-3579.072,-213.199,97.228,-0.130512,-0.990545,-0.042271,0.986733,-0.125621,-0.102843,0.096560,-0.055132,0.993799,0,0.24000,-0.32447,14.400,-0.649,-1,400.000,-1,400.000,625.000,325.000,350.000,275.000,275.000,-1,-1,-1,-1,850.000,675.000,-1,700.000,2,0,2,1,1,0,0,0,0,2,2,2,2,0,1,2,1
3,3601.596,-3559.999,-211.278,96.578,-0.119176,-0.991972,-0.042296,0.988218,-0.114389,-0.101689,0.096035,-0.053916,0.993917,0,0.32000,-0.32485,19.200,-0.650,-1,400.000,-1,400.000,600.000,325.000,350.000,275.000,275.000,-1,-1,-1,-1,850.000,650.000,-1,675.000,2,0,2,1,1,0,0,0,0,2,2,2,2,0,1,2,1
4,3599.119,-3536.127,-208.861,95.927,-0.107780,-0.993273,-0.042325,0.989605,-0.103110,-0.100249,0.095211,-0.052690,0.994062,0,0.40000,-0.32572,24.000,-0.651,-1,400.000,-1,400.000,575.000,325.000,350.000,275.000,275.000,-1,-1,-1,-1,825.000,625.000,-1,650.000,2,0,2,1,1,0,0,0,0,2,2,2,2,0,1,2,1
5,3596.473,-3507.449,-205.943,95.272,-0.096309,-0.994450,-0.042354,0.990894,-0.091769,-0.098523,0.094089,-0.051457,0.994233,0,0.48000,-0.32709,28.800,-0.654,-1,400.000,-1,400.000,550.000,325.000,350.000,275.000,275.000,-1,-1,-1,-1,825.000,625.000,-1,600.000,2,0,2,1,1,0,1,0,0,2,2,2,2,0,1,2,1
6,3593.770,-3473.958,-202.520,94.614,-0.084747,-0.995501,-0.042379,0.992084,-0.080348,-0.096511,0.092672,-0.050222,0.994429,0,0.56000,-0.32899,33.600,-0.658,-1,400.000,-1,375.000,525.000,325.000,350.000,300.000,300.000,-1,-1,-1,-1,825.000,600.000,-1,575.000,2,0,2,1,1,0,1,0,0,2,2,2,2,0,1,2,1
7,3591.124,-3435.650,-198.586,93.952,-0.073077,-0.996425,-0.042394,0.993170,-0.068830,-0.094214,0.090960,-0.048990,0.994649,0,0.64000,-0.33143,38.400,-0.663,-1,400.000,-1,375.000,475.000,325.000,350.000,300.000,300.000,-1,-1,-1,-1,825.000,575.000,-1,525.000,2,0,2,1,1,0,1,0,0,2,2,2,2,0,1,2,1
8,3588.651,-3392.521,-194.137,93.283,-0.061280,-0.997220,-0.042395,0.994149,-0.057196,-0.091632,0.088953,-0.047763,0.994890,0,0.72000,-0.33446,43.200,-0.669,-1,400.000,-1,375.000,450.000,350.000,350.000,300.000,300.000,-1,-1,-1,-1,825.000,550.000,-1,475.000,2,0,2,1,1,0,1,0,0,2,2,2,2,0,1,2,1
9,3586.469,-3344.571,-189.167,92.606,-0.049335,-0.997883,-0.042376,0.995016,-0.045424,-0.088764,0.086652,-0.046544,0.995151,0,0.80000,-0.33815,48.000,-0.676,-1,400.000,1000.000,350.000,400.000,350.000,325.000,300.000,300.000,-1,-1,-1,-1,825.000,525.000,1000.000,425.000,2,0,1,1,1,0,1,0,0,2,2,2,2,1,1,1,1
10,3584.699,-3291.801,-183.722,91.921,-0.037210,-0.998418,-0.042145,0.995754,-0.033491,-0.085745,0.084198,-0.045157,0.995425,0,0.88000,-0.34255,52.800,-0.685,-1,425.000,950.000,350.000,350.000,350.000,325.000,300.000,300.000,-1,-1,-1,-1,775.000,500.000,925.000,375.000,2,0,1,1,1,0,1,0,0,2,2,2,2,1,1,1,1
11,3583.466,-3234.213,-177.337,91.226,-0.025722,-0.998526,-0.047802,0.995752,-0.021363,-0.089560,0.088406,-0.049902,0.994834,0,0.96000,-0.34779,57.600,-0.696,975.000,425.000,900.000,350.000,325.000,350.000,350.000,300.000,300.000,-1,-1,-1,-1,725.000,500.000,875.000,350.000,1,0,1,1,1,0,1,0,0,2,2,2,2,1,1,1,1
12,3582.921,-3174.215,-170.581,90.518,-0.014346,-0.998329,-0.055973,0.995507,-0.009021,-0.094260,0.093598,-0.057074,0.993973,0,1.00000,-0.35397,60.000,-0.708,900.000,450.000,850.000,350.000,300.000,375.000,350.000,275.000,325.000,-1,-1,-1,-1,675.000,500.000,800.000,350.000,1,0,1,1,1,0,1,0,0,2,2,2,2,1,1,1,1
13,3583.132,-3114.214,-163.697,89.796,-0.002871,-0.997902,-0.064684,0.995080,0.003555,-0.099006,0.099028,-0.064650,0.992982,0,1.00000,-0.36090,60.000,-0.722,825.000,450.000,800.000,350.000,275.000,375.000,350.000,275.000,350.000,-1,-1,-1,-1,650.000,475.000,750.000,325.000,1,0,1,1,1,0,1,0,0,2,2,2,2,1,1,1,1
14,3584.113,-3054.220,-156.662,89.059,0.008688,-0.997217,-0.074050,0.994459,0.016375,-0.103840,0.104764,-0.072737,0.991834,0,1.00000,-0.36832,60.000,-0.737,750.000,475.000,750.000,350.000,250.000,400.000,375.000,275.000,375.000,-1,-1,-1,-1,600.000,475.000,675.000,300.000,1,0,1,1,1,0,1,0,0,2,2,2,2,1,1,1,1
15,3585.882,-2994.244,-149.452,88.307,0.020310,-0.996242,-0.084195,0.993627,0.029452,-0.108801,0.110872,-0.081448,0.990492,0,1.00000,-0.37629,60.000,-0.753,675.000,450.000,700.000,350.000,250.000,425.000,375.000,275.000,400.000,-1,-1,-1,-1,550.000,450.000,625.000,275.000,1,1,1,1,1,1,1,0,0,2,2,2,2,1,1,1,1
16,3588.631,-2935.518,-142.139,87.314,0.035848,-0.994792,-0.095414,0.992418,0.046668,-0.113706,0.117567,-0.090614,0.988922,0,0.97981,-0.49629,58.788,-0.993,600.000,425.000,650.000,325.000,225.000,400.000,375.000,250.000,400.000,925.000,275.000,-1,-1,500.000,425.000,550.000,250.000,1,1,1,1,1,1,1,0,1,0,0,2,2,1,1,1,1
17,3592.647,-2876.780,-134.490,86.082,0.055151,-0.992585,-0.108323,0.990606,0.067989,-0.118646,0.125131,-0.100762,0.987010,0,0.98120,-0.61629,58.872,-1.233,525.000,375.000,600.000,325.000,200.000,350.000,325.000,250.000,375.000,725.000,200.000,-1,-1,475.000,400.000,500.000,250.000,1,1,1,1,1,1,1,0,1,0,0,2,2,1,1,1,1
18,3598.177,-2818.093,-126.431,84.609,0.078062,-0.989287,-0.123364,0.987940,0.093359,-0.123527,0.133721,-0.112233,0.984643,0,0.98239,-0.73629,58.943,-1.473,450.000,350.000,550.000,300.000,175.000,325.000,300.000,250.000,350.000,600.000,150.000,400.000,-1,425.000,375.000,425.000,225.000,1,1,1,1,1,1,1,0,1,0,0,0,2,1,1,1,1
19,3605.304,-2759.518,-117.939,83.052,0.101737,-0.984825,-0.140602,0.984441,0.120020,-0.128337,0.143264,-0.125357,0.981713,0,0.98338,-0.77864,59.003,-1.557,375.000,325.000,500.000,275.000,175.000,300.000,275.000,225.000,325.000,500.000,100.000,350.000,-1,375.000,350.000,350.000,200.000,1,1,1,1,1,1,1,0,1,0,0,0,2,1,1,1,1
20,3614.038,-2701.136,-109.000,81.477,0.124864,-0.979166,-0.160132,0.980190,0.146747,-0.133012,0.153740,-0.140351,0.978093,0,0.98376,-0.78755,59.025,-1.575,300.000,275.000,475.000,250.000,150.000,275.000,250.000,225.000,325.000,400.000,75.000,325.000,-1,350.000,325.000,300.000,175.000,1,1,1,1,1,1,1,0,1,0,0,0,2,1,1,1,1
21,3624.404,-2643.049,-96.976,79.882,0.147448,-0.973847,-0.172860,0.973497,0.173785,-0.148669,0.174821,-0.146358,0.973662,0,0.98324,-0.79729,58.994,-1.595,250.000,250.000,450.000,250.000,150.000,250.000,225.000,250.000,300.000,325.000,50.000,250.000,-1,325.000,325.000,250.000,175.000,1,1,1,1,1,1,1,0,1,0,0,0,2,1,1,1,1
22,5575.353,-6231.170,-491.823,39.285,0.723056,-0.617325,0.309998,0.655611,0.754636,-0.026413,-0.217631,0.222336,0.950370,1,0.00000,0.00000,58.900,-1.616,0.000,450.000,-1,675.000,-1,425.000,525.000,375.000,125.000,-1,-1,0.000,0.000,625.000,-1,0.000,-1,1,1,2,1,2,1,1,0,1,2,2,0,1,1,2,1,2
23,1635.057,-328.473,116.898,-174.392,-0.995189,0.097431,0.010289,-0.097936,-0.992173,-0.077462,0.002661,-0.078097,0.996942,1,0.08000,0.12000,4.800,0.240,-1,425.000,-1,400.000,-1,325.000,325.000,300.000,325.000,775.000,375.000,400.000,-1,950.000,950.000,-1,-1,2,0,2,0,2,0,0,0,0,1,1,1,2,0,0,2,2
24,1625.512,-329.491,116.922,-173.912,-0.994345,0.105739,0.009813,-0.106182,-0.991319,-0.077534,0.001530,-0.078137,0.996941,0,0.16000,0.24000,9.600,0.480,-1,425.000,-1,400.000,-1,325.000,325.000,300.000,325.000,775.000,400.000,425.000,-1,950.000,950.000,-1,-1,2,0,2,0,2,0,0,0,0,1,1,1,2,0,0,2,2
25,1611.214,-331.199,116.943,-173.192,-0.992950,0.118187,0.009105,-0.118537,-0.989908,-0.077664,-0.000166,-0.078195,0.996938,0,0.24000,0.36000,14.400,0.720,-1,425.000,-1,400.000,-1,325.000,325.000,300.000,325.000,800.000,400.000,425.000,-1,950.000,950.000,-1,-1,2,0,2,0,2,0,0,0,0,1,1,1,2,0,0,2,2
26,1592.191,-333.794,116.947,-172.232,-0.990845,0.134755,0.008171,-0.134981,-0.987783,-0.077879,-0.002424,-0.078268,0.996929,0,0.32000,0.48000,19.200,0.960,-1,425.000,-1,400.000,-1,325.000,325.000,300.000,325.000,800.000,425.000,450.000,-1,950.000,925.000,-1,-1,2,0,2,0,2,0,0,0,0,1,1,1,2,0,0,2,2
27,1568.485,-337.536,116.914,-171.032,-0.987825,0.155411,0.007020,-0.155481,-0.984738,-0.078215,-0.005243,-0.078354,0.996912,0,0.40000,0.60000,24.000,1.200,-1,425.000,-1,400.000,-1,325.000,325.000,300.000,325.000,825.000,450.000,500.000,-1,925.000,925.000,-1,-1,2,0,2,0,2,0,0,0,0,1,1,1,2,0,0,2,2
28,1540.160,-342.740,116.818,-169.592,-0.983631,0.180107,0.005665,-0.179990,-0.980514,-0.078718,-0.008623,-0.078449,0.996881,0,0.48000,0.72000,28.800,1.440,-1,425.000,-1,400.000,-1,325.000,325.000,300.000,325.000,825.000,500.000,525.000,-1,925.000,925.000,-1,-1,2,0,2,0,2,0,0,0,0,1,1,1,2,0,0,2,2
29,1507.302,-349.757,116.634,-167.947,-0.978083,0.208174,0.004120,-0.207838,-0.974932,-0.079441,-0.012521,-0.078556,0.996831,0,0.56000,0.82238,33.600,1.645,-1,425.000,-1,400.000,-1,325.000,325.000,300.000,325.000,850.000,525.000,575.000,-1,925.000,900.000,-1,-1,2,0,2,0,2,0,0,0,0,1,1,1,2,0,0,2,2
30,1469.991,-358.833,116.337,-166.330,-0.971848,0.235596,0.002360,-0.235018,-0.968659,-0.080418,-0.016660,-0.078708,0.996758,0,0.64000,0.80840,38.400,1.617,-1,425.000,-1,400.000,-1,325.000,325.000,300.000,325.000,875.000,575.000,625.000,-1,925.000,900.000,-1,-1,2,0,2,0,2,0,0,0,0,1,1,1,2,0,0,2,2
31,1430.387,-369.635,115.934,-164.745,-0.964988,0.262295,0.000505,-0.261459,-0.961756,-0.081640,-0.020928,-0.078914,0.996662,0,0.68419,0.79250,41.051,1.585,-1,425.000,-1,400.000,-1,325.000,325.000,300.000,325.000,900.000,650.000,700.000,-1,925.000,875.000,-1,-1,2,0,2,0,2,0,0,0,0,1,1,1,2,0,0,2,2
32,1390.357,-381.726,115.348,-163.194,-0.957559,0.288235,-0.001175,-0.287156,-0.954310,-0.082668,-0.024949,-0.078822,0.996576,0,0.69696,0.77559,41.818,1.551,-1,425.000,-1,400.000,-1,325.000,325.000,300.000,325.000,950.000,700.000,775.000,-1,925.000,875.000,-1,-1,2,0,2,0,2,0,0,0,0,1,1,1,2,0,0,2,2
33,1349.929,-395.114,114.304,-161.677,-0.949606,0.313431,-0.002964,-0.312131,-0.946448,-0.082527,-0.028672,-0.077443,0.996584,0,0.70980,0.75846,42.588,1.517,-1,425.000,-1,425.000,-1,325.000,325.000,300.000,325.000,975.000,750.000,850.000,-1,925.000,875.000,-1,-1,2,0,2,0,2,0,0,0,0,1,1,1,2,0,0,2,2
34,1314.438,-408.086,113.162,-159.920,-0.939559,0.342350,-0.004969,-0.340811,-0.936528,-0.082240,-0.032809,-0.075576,0.996600,0,0.62980,0.87846,37.788,1.757,-1,425.000,-1,425.000,-1,325.000,325.000,300.000,325.000,1000.000,825.000,950.000,-1,925.000,875.000,-1,-1,2,0,2,0,2,0,0,0,0,1,1,1,2,0,0,2,2
35,1283.869,-420.484,112.100,-157.923,-0.927072,0.374827,-0.006546,-0.373068,-0.924155,-0.082208,-0.036863,-0.073771,0.996594,0,0.54980,0.99846,32.988,1.997,-1,425.000,-1,425.000,-1,350.000,325.000,300.000,325.000,-1,900.000,-1,-1,925.000,875.000,-1,-1,2,0,2,0,2,0,0,0,0,2,1,2,2,0,0,2,2
36,1258.134,-431.982,111.006,-155.923,-0.913427,0.406916,-0.008334,-0.404933,-0.910656,-0.082068,-0.040984,-0.071588,0.996592,0,0.46980,1.00000,28.188,2.000,-1,425.000,-1,425.000,-1,350.000,325.000,300.000,325.000,-1,1000.000,-1,-1,925.000,875.000,-1,-1,2,0,2,0,2,0,0,0,0,2,1,2,2,0,0,2,2
37,1237.126,-442.261,109.914,-153.923,-0.898658,0.438529,-0.010325,-0.436322,-0.896062,-0.081831,-0.045137,-0.069033,0.996593,0,0.38980,1.00000,23.388,2.000,-1,425.000,-1,400.000,-1,325.000,325.000,300.000,300.000,-1,-1,-1,-1,925.000,850.000,-1,-1,2,0,2,0,2,0,0,0,0,2,2,2,2,0,0,2,2
38,1220.726,-451.008,108.879,-151.923,-0.882805,0.469599,-0.011468,-0.467220,-0.880334,-0.081956,-0.048582,-0.066993,0.996570,0,0.30980,1.00000,18.588,2.000,-1,425.000,-1,400.000,-1,325.000,325.000,300.000,300.000,-1,-1,-1,-1,925.000,850.000,-1,-1,2,0,2,0,2,0,0,0,0,2,2,2,2,0,0,2,2
39,1208.794,-457.916,108.039,-149.923,-0.865879,0.500103,-0.012273,-0.497577,-0.863523,-0.082127,-0.051670,-0.065005,0.996546,0,0.22980,1.00000,13.788,2.000,-1,425.000,-1,400.000,-1,325.000,325.000,300.000,300.000,-1,-1,-1,-1,925.000,850.000,-1,-1,2,0,2,0,2,0,0,0,0,2,2,2,2,0,0,2,2
40,1201.178,-462.688,107.454,-147.923,-0.847896,0.530006,-0.012915,-0.527354,-0.845657,-0.082234,-0.054506,-0.062915,0.996529,0,0.14980,1.00000,8.988,2.000,-1,425.000,-1,400.000,-1,325.000,325.000,300.000,300.000,-1,-1,-1,-1,925.000,850.000,-1,-1,2,0,2,0,2,0,0,0,0,2,2,2,2,0,0,2,2
41,1197.709,-465.033,107.147,-145.923,-0.828876,0.559272,-0.013399,-0.556513,-0.826758,-0.082250,-0.057078,-0.060719,0.996522,0,0.06980,1.00000,4.188,2.000,-1,425.000,-1,400.000,-1,325.000,325.000,300.000,300.000,-1,-1,-1,-1,900.000,850.000,-1,-1,2,0,2,0,2,0,0,0,0,2,2,2,2,0,0,2,2
42,1198.203,-464.671,107.138,-143.923,-0.808842,0.587866,-0.013733,-0.585021,-0.806847,-0.082150,-0.059374,-0.058412,0.996525,0,-0.01020,1.00000,-0.612,2.000,-1,425.000,-1,400.000,-1,325.000,325.000,300.000,300.000,-1,-1,-1,-1,900.000,850.000,-1,-1,2,0,2,0,2,0,0,0,0,2,2,2,2,0,0,2,2
43,1194.895,-467.239,106.836,-142.163,-0.790390,0.612441,-0.014162,-0.609505,-0.788504,-0.082252,-0.061541,-0.056379,0.996511,0,0.06980,0.88000,4.188,1.760,-1,425.000,-1,400.000,-1,325.000,325.000,300.000,300.000,-1,-1,-1,-1,900.000,850.000,-1,-1,2,0,2,0,2,0,0,0,0,2,2,2,2,0,0,2,2
44,1187.945,-472.938,106.223,-140.643,-0.773847,0.633202,-0.014672,-0.630170,-0.772055,-0.082560,-0.063605,-0.054643,0.996478,0,0.14980,0.76000,8.988,1.520,-1,425.000,-1,400.000,-1,325.000,325.000,300.000,300.000,-1,-1,-1,-1,900.000,850.000,-1,-1,2,0,2,0,2,0,0,0,0,2,2,2,2,0,0,2,2
45,1177.482,-481.917,105.286,-139.363,-0.759490,0.650340,-0.015252,-0.647205,-0.757776,-0.083078,-0.065587,-0.053226,0.996426,0,0.22980,0.64000,13.788,1.280,-1,425.000,-1,400.000,-1,325.000,325.000,300.000,300.000,-1,-1,-1,-1,900.000,850.000,-1,-1,2,0,2,0,2,0,0,0,0,2,2,2,2,0,0,2,2
46,1163.598,-494.276,104.013,-138.323,-0.747541,0.664025,-0.015892,-0.660776,-0.745890,-0.083808,-0.067505,-0.052149,0.996355,0,0.30980,0.52000,18.588,1.040,-1,400.000,-1,400.000,-1,325.000,325.000,300.000,300.000,-1,-1,-1,-1,875.000,850.000,-1,-1,2,0,2,0,2,0,0,0,0,2,2,2,2,0,0,2,2
47,1146.348,-510.070,102.397,-137.523,-0.738180,0.674400,-0.016586,-0.671027,-0.736573,-0.084750,-0.069372,-0.051431,0.996264,0,0.38980,0.40000,23.388,0.800,-1,400.000,-1,400.000,-1,325.000,325.000,300.000,300.000,-1,-1,-1,-1,875.000,825.000,-1,-1,2,0,2,0,2,0,0,0,0,2,2,2,2,0,0,2,2
48,1125.744,-529.307,100.431,-136.963,-0.731540,0.681578,-0.017327,-0.678071,-0.729959,-0.085902,-0.071197,-0.051092,0.996153,0,0.46980,0.28000,28.188,0.560,-1,400.000,-1,400.000,-1,325.000,325.000,300.000,300.000,-1,-1,-1,-1,875.000,825.000,-1,-1,2,0,2,0,2,0,0,0,0,2,2,2,2,0,0,2,2
49,1101.759,-551.955,98.111,-136.643,-0.727713,0.685643,-0.018114,-0.681988,-0.726139,-0.087264,-0.072985,-0.051150,0.996020,0,0.54980,0.16000,32.988,0.320,-1,400.000,-1,400.000,-1,325.000,325.000,300.000,300.000,-1,-1,-1,-1,875.000,825.000,-1,-1,2,0,2,0,2,0,0,0,0,2,2,2,2,0,0,2,2
50,1074.320,-577.937,95.460,-136.563,-0.726748,0.686643,-0.018960,-0.682835,-0.725167,-0.088710,-0.074661,-0.051523,0.995877,0,0.62980,0.04000,37.788,0.080,-1,400.000,-1,400.000,-1,325.000,325.000,300.000,300.000,-1,-1,-1,-1,875.000,825.000,-1,-1,2,0,2,0,2,0,0,0,0,2,2,2,2,0,0,2,2
51,1045.667,-604.918,92.714,-136.723,-0.728657,0.684592,-0.019801,-0.680641,-0.727058,-0.090085,-0.076068,-0.052164,0.995737,0,0.65593,-0.08000,39.356,-0.160,-1,400.000,-1,400.000,-1,325.000,325.000,300.000,300.000,-1,-1,-1,-1,875.000,825.000,-1,-1,2,0,2,0,2,0,0,0,0,2,2,2,2,0,0,2,2
52,1016.555,-632.037,89.868,-137.032,-0.732345,0.680622,-0.020593,-0.676506,-0.730693,-0.091800,-0.077528,-0.053298,0.995565,0,0.66311,-0.15442,39.787,-0.309,-1,400.000,-1,400.000,-1,325.000,325.000,300.000,300.000,-1,-1,-1,-1,875.000,825.000,-1,-1,2,0,2,0,2,0,0,0,0,2,2,2,2,0,0,2,2
53,986.954,-659.288,86.942,-137.369,-0.736348,0.676266,-0.021358,-0.671964,-0.734625,-0.093755,-0.079094,-0.054684,0.995366,0,0.67056,-0.16835,40.233,-0.337,-1,400.000,-1,400.000,-1,325.000,325.000,300.000,300.000,-1,-1,-1,-1,850.000,825.000,-1,-1,2,0,2,0,2,0,0,0,0,2,2,2,2,0,0,2,2
54,956.568,-686.907,83.940,-137.733,-0.740659,0.671517,-0.022120,-0.667019,-0.738854,-0.095819,-0.080688,-0.056215,0.995153,0,0.68438,-0.18243,41.063,-0.365,-1,400.000,-1,400.000,-1,325.000,325.000,300.000,300.000,-1,-1,-1,-1,850.000,825.000,-1,-1,2,0,2,0,2,0,0,0,0,2,2,2,2,0,0,2,2
55,923.822,-716.166,80.711,-138.221,-0.746368,0.665139,-0.022921,-0.660423,-0.744457,-0.098106,-0.082317,-0.058085,0.994912,0,0.73188,-0.24361,43.913,-0.487,-1,400.000,-1,400.000,-1,325.000,325.000,300.000,300.000,-1,-1,-1,-1,850.000,825.000,-1,-1,2,0,2,0,2,0,0,0,0,2,2,2,2,0,0,2,2
56,890.402,-745.493,77.115,-138.734,-0.752280,0.658414,-0.023793,-0.653586,-0.750343,-0.099053,-0.083071,-0.058965,0.994798,0,0.74103,-0.25645,44.462,-0.513,-1,400.000,-1,400.000,-1,325.000,325.000,300.000,300.000,-1,-1,-1,-1,850.000,825.000,-1,-1,2,0,2,0,2,0,0,0,0,2,2,2,2,0,0,2,2
57,856.278,-774.873,73.291,-139.273,-0.758412,0.651308,-0.024676,-0.646423,-0.756487,-0.099319,-0.083354,-0.059373,0.994750,0,0.75048,-0.26960,45.029,-0.539,-1,400.000,-1,400.000,1000.000,325.000,325.000,300.000,300.000,-1,-1,-1,-1,850.000,825.000,-1,-1,2,0,2,0,1,0,0,0,0,2,2,2,2,0,0,2,2
58,821.419,-804.291,69.408,-139.839,-0.764785,0.643779,-0.025524,-0.638831,-0.762860,-0.099695,-0.083653,-0.059940,0.994691,0,0.76022,-0.28307,45.613,-0.566,-1,400.000,-1,400.000,975.000,325.000,325.000,300.000,300.000,-1,-1,-1,-1,850.000,825.000,-1,-1,2,0,2,0,1,0,0,0,0,2,2,2,2,0,0,2,2
59,785.793,-833.731,65.467,-140.433,-0.771394,0.635812,-0.026340,-0.630793,-0.769456,-0.100186,-0.083967,-0.060668,0.994620,0,0.77026,-0.29685,46.215,-0.594,-1,400.000,-1,400.000,925.000,325.000,325.000,300.000,300.000,-1,-1,-1,-1,850.000,825.000,-1,-1,2,0,2,0,1,0,0,0,0,2,2,2,2,0,0,2,2
60,745.998,-865.652,61.118,-141.266,-0.780549,0.624502,-0.027206,-0.619400,-0.778567,-0.100879,-0.084181,-0.061890,0.994527,0,0.85026,-0.41685,51.015,-0.834,-1,425.000,-1,400.000,875.000,325.000,325.000,300.000,300.000,-1,-1,-1,-1,850.000,825.000,-1,-1,2,0,2,0,1,0,0,0,0,2,2,2,2,0,0,2,2
61,701.812,-899.756,56.390,-142.340,-0.792111,0.609733,-0.028036,-0.604537,-0.790042,-0.101827,-0.084237,-0.063710,0.994407,0,0.93026,-0.53685,55.815,-1.074,-1,425.000,-1,400.000,825.000,325.000,325.000,300.000,300.000,-1,-1,-1,-1,825.000,800.000,-1,1000.000,2,0,2,0,1,0,0,0,0,2,2,2,2,0,1,2,1
62,655.602,-933.760,51.565,-143.654,-0.805887,0.591367,-0.028825,-0.586069,-0.803688,-0.103001,-0.084078,-0.066114,0.994263,0,0.95620,-0.65685,57.372,-1.314,-1,425.000,-1,400.000,775.000,325.000,325.000,300.000,300.000,-1,-1,-1,-1,825.000,775.000,-1,925.000,2,0,2,0,1,0,0,0,0,2,2,2,2,0,1,2,1
63,608.228,-966.680,46.801,-145.207,-0.821623,0.569251,-0.029806,-0.563838,-0.819272,-0.104313,-0.083800,-0.068901,0.994098,0,0.96147,-0.77685,57.688,-1.554,-1,425.000,-1,400.000,725.000,325.000,325.000,300.000,300.000,-1,-1,-1,-1,825.000,725.000,-1,850.000,2,0,2,0,1,0,0,0,0,2,2,2,2,0,1,2,1
64,559.568,-998.283,42.099,-147.001,-0.839031,0.543205,-0.030924,-0.537667,-0.836498,-0.105760,-0.083317,-0.072109,0.993911,0,0.96700,-0.89685,58.020,-1.794,-1,425.000,-1,400.000,675.000,325.000,325.000,300.000,300.000,-1,-1,-1,-1,800.000,700.000,-1,775.000,2,0,2,0,1,0,0,0,0,2,2,2,2,0,1,2,1
65,509.536,-1028.349,37.301,-149.001,-0.857501,0.513521,-0.031448,-0.507886,-0.854680,-0.107581,-0.082123,-0.076278,0.993699,0,0.97283,-1.00000,58.370,-2.000,-1,425.000,-1,400.000,625.000,325.000,325.000,300.000,300.000,-1,-1,-1,-1,800.000,650.000,-1,700.000,2,0,2,0,1,0,0,0,0,2,2,2,2,0,1,2,1
66,458.163,-1056.829,32.495,-151.001,-0.874898,0.483232,-0.032246,-0.477503,-0.871815,-0.109222,-0.080892,-0.080161,0.993494,0,0.97897,-1.00000,58.738,-2.000,-1,425.000,-1,400.000,575.000,325.000,325.000,300.000,300.000,-1,-1,-1,-1,800.000,600.000,-1,625.000,2,0,2,0,1,0,0,0,0,2,2,2,2,0,1,2,1
67,405.490,-1083.670,27.822,-153.001,-0.891224,0.452372,-0.032862,-0.446593,-0.887874,-0.110610,-0.079214,-0.083902,0.993321,0,0.98527,-1.00000,59.116,-2.000,-1,425.000,-1,400.000,525.000,325.000,325.000,300.000,300.000,-1,-1,-1,-1,800.000,575.000,-1,575.000,2,0,2,0,1,0,0,0,0,2,2,2,2,0,1,2,1
68,351.562,-1108.821,23.221,-155.001,-0.906462,0.420968,-0.033354,-0.415149,-0.902816,-0.112134,-0.077317,-0.087798,0.993133,0,0.99171,-1.00000,59.503,-2.000,-1,425.000,-1,400.000,475.000,325.000,325.000,300.000,300.000,-1,-1,-1,-1,775.000,525.000,-1,500.000,2,0,2,1,1,0,0,0,0,2,2,2,2,0,1,2,1
69,296.426,-1132.228,18.705,-157.001,-0.920594,0.389062,-0.033733,-0.383214,-0.916623,-0.113798,-0.075195,-0.091835,0.992931,0,0.99829,-1.00000,59.897,-2.000,-1,425.000,-1,375.000,425.000,325.000,325.000,300.000,325.000,-1,-1,-1,-1,775.000,500.000,-1,450.000,2,0,2,1,1,0,0,0,0,2,2,2,2,0,1,2,1
70,240.410,-1153.735,14.309,-159.001,-0.933602,0.356695,-0.034007,-0.350832,-0.929277,-0.115595,-0.072834,-0.095989,0.992714,0,1.00000,-1.00000,60.000,-2.000,-1,425.000,-1,325.000,375.000,325.000,325.000,300.000,325.000,-1,-1,-1,-1,750.000,450.000,-1,400.000,2,1,2,1,1,0,1,0,0,2,2,2,2,0,1,2,1
71,183.678,-1173.273,10.054,-161.001,-0.945470,0.323910,-0.034187,-0.318048,-0.940763,-0.117518,-0.070227,-0.100237,0.992482,0,1.00000,-1.00000,60.000,-2.000,-1,400.000,-1,300.000,325.000,325.000,300.000,300.000,325.000,-1,-1,-1,-1,750.000,425.000,-1,325.000,2,1,2,1,1,1,1,0,0,2,2,2,2,0,1,2,1
72,126.299,-1190.820,5.955,-163.001,-0.956185,0.290750,-0.034285,-0.284908,-0.951069,-0.119563,-0.067370,-0.104556,0.992234,0,1.00000,-1.00000,60.000,-2.000,-1,400.000,-1,275.000,275.000,300.000,275.000,300.000,325.000,-1,-1,-1,-1,750.000,375.000,-1,275.000,2,1,2,1,1,1,1,0,0,2,2,2,2,0,1,2,1
73,68.342,-1206.354,2.033,-165.001,-0.965733,0.257259,-0.034323,-0.251453,-0.960181,-0.121754,-0.064279,-0.108951,0.991967,0,1.00000,-1.00000,60.000,-2.000,-1,375.000,-1,250.000,225.000,275.000,250.000,300.000,325.000,-1,-1,-1,-1,750.000,350.000,-1,225.000,2,1,2,1,1,1,1,0,0,2,2,2,2,0,1,2,1
74,9.884,-1219.872,1.531,-167.001,-0.974525,0.223161,-0.022380,-0.218303,-0.966702,-0.133533,-0.051434,-0.125245,0.990792,0,1.00000,-1.00000,60.000,-2.000,-1,375.000,-1,250.000,200.000,275.000,225.000,275.000,350.000,-1,-1,-1,-1,775.000,325.000,-1,200.000,2,1,2,1,1,1,1,0,0,2,2,2,2,0,1,2,1
75,-49.009,-1231.355,3.065,-169.001,-0.982026,0.188687,-0.004636,-0.185816,-0.970812,-0.151649,-0.033115,-0.148062,0.988424,0,1.00000,-1.00000,60.000,-2.000,-1,400.000,-1,250.000,200.000,275.000,225.000,275.000,425.000,-1,275.000,625.000,-1,850.000,325.000,-1,200.000,2,1,2,1,1,1,1,0,0,2,0,0,2,0,1,2,1
76,-108.270,-1240.770,5.921,-171.001,-0.987934,0.154224,0.014187,-0.154419,-0.973857,-0.166603,-0.011878,-0.166783,0.985922,0,1.00000,-1.00000,60.000,-2.000,-1,425.000,-1,250.000,200.000,275.000,225.000,275.000,475.000,775.000,150.000,350.000,-1,950.000,325.000,-1,200.000,2,1,2,1,1,1,1,0,0,0,0,0,2,0,1,2,1
77,-167.826,-1248.112,9.336,-173.001,-0.992256,0.119751,0.032996,-0.123779,-0.975453,-0.182128,0.010376,-0.184802,0.982721,0,1.00000,-1.00000,60.000,-2.000,-1,450.000,-1,250.000,200.000,300.000,225.000,275.000,550.000,575.000,100.000,250.000,-1,-1,325.000,-1,200.000,2,1,2,1,1,1,1,0,0,0,0,0,2,2,1,2,1
78,-227.603,-1253.373,13.250,-175.001,-0.995018,0.085327,0.051560,-0.093958,-0.975521,-0.198825,0.033332,-0.202679,0.978678,0,1.00000,-1.00000,60.000,-2.000,-1,475.000,-1,250.000,200.000,300.000,250.000,275.000,625.000,450.000,75.000,225.000,-1,-1,325.000,-1,175.000,2,1,2,1,1,1,1,0,1,0,0,0,2,2,1,2,1
79,4264.122,3606.469,70.386,-148.887,-0.876939,0.475893,0.067108,-0.391610,-0.788504,0.474239,0.278602,0.389599,0.877835,1,0.00000,0.00000,60.000,-2.000,-1,325.000,-1,-1,-1,250.000,275.000,-1,400.000,725.000,0.000,0.000,-1,475.000,-1,600.000,-1,2,1,2,2,2,1,1,2,1,1,1,1,2,1,2,1,2
80,9511.661,-4268.327,-360.741,-82.732,0.120505,0.990240,0.070016,-0.988340,0.126288,-0.085058,-0.093070,-0.058950,0.993913,1,0.08000,0.12000,4.800,0.240,600.000,375.000,500.000,375.000,725.000,325.000,325.000,300.000,300.000,-1,-1,-1,-1,450.000,450.000,525.000,500.000,1,0,1,1,1,0,0,0,0,2,2,2,2,1,1,1,1
81,9512.954,-4277.839,-361.635,-82.252,0.128837,0.989215,0.069673,-0.987218,0.134589,-0.085358,-0.093815,-0.057786,0.993911,0,0.16000,0.24000,9.600,0.480,600.000,375.000,475.000,375.000,650.000,325.000,325.000,300.000,300.000,-1,-1,-1,-1,450.000,425.000,525.000,500.000,1,0,1,1,1,0,0,0,0,2,2,2,2,1,1,1,1
82,9515.073,-4292.082,-362.986,-81.532,0.141320,0.987545,0.069167,-0.985404,0.147023,-0.085803,-0.094904,-0.056032,0.993908,0,0.24000,0.36000,14.400,0.720,600.000,375.000,475.000,350.000,600.000,325.000,325.000,300.000,300.000,-1,-1,-1,-1,450.000,425.000,525.000,475.000,1,0,1,1,1,0,0,0,0,2,2,2,2,1,1,1,1
83,9518.216,-4311.023,-364.802,-80.572,0.157935,0.985070,0.068506,-0.982742,0.163570,-0.086385,-0.096301,-0.053681,0.993904,0,0.32000,0.48000,19.200,0.960,600.000,375.000,450.000,350.000,525.000,325.000,325.000,300.000,300.000,-1,-1,-1,-1,425.000,400.000,500.000,450.000,1,1,1,1,1,0,1,0,0,2,2,2,2,1,1,1,1
84,9522.641,-4334.612,-367.093,-79.372,0.178650,0.981581,0.067703,-0.979024,0.184192,-0.087095,-0.097961,-0.050723,0.993897,0,0.40000,0.60000,24.000,1.200,575.000,375.000,425.000,325.000,475.000,325.000,300.000,300.000,300.000,-1,-1,-1,-1,425.000,375.000,500.000,400.000,1,1,1,1,1,1,1,0,0,2,2,2,2,1,1,1,1
85,9528.659,-4362.776,-369.869,-77.932,0.203415,0.976813,0.066772,-0.973990,0.208838,-0.087921,-0.099827,-0.047151,0.993887,0,0.48000,0.72000,28.800,1.440,575.000,350.000,400.000,300.000,425.000,300.000,300.000,300.000,300.000,-1,-1,-1,-1,400.000,325.000,475.000,375.000,1,1,1,1,1,1,1,0,0,2,2,2,2,1,1,1,1
86,9536.641,-4395.413,-373.139,-76.252,0.232159,0.970454,0.065733,-0.967333,0.237430,-0.088849,-0.101831,-0.042958,0.993874,0,0.56000,0.84000,33.600,1.680,550.000,325.000,375.000,275.000,350.000,275.000,275.000,300.000,300.000,-1,-1,-1,-1,375.000,300.000,450.000,325.000,1,1,1,1,1,1,1,0,0,2,2,2,2,1,1,1,1
87,9546.964,-4432.400,-376.908,-74.402,0.263594,0.962468,0.064600,-0.959027,0.268683,-0.089865,-0.103849,-0.038266,0.993857,0,0.64000,0.92489,38.400,1.850,525.000,300.000,350.000,250.000,300.000,275.000,225.000,300.000,300.000,-1,-1,-1,-1,350.000,275.000,425.000,275.000,1,1,1,1,1,1,1,0,0,2,2,2,2,1,1,1,1
88,9559.903,-4473.616,-381.177,-72.567,0.294542,0.953535,0.063375,-0.949774,0.299426,-0.090957,-0.105707,-0.033402,0.993836,0,0.72000,0.91775,43.200,1.835,500.000,275.000,300.000,200.000,225.000,225.000,200.000,300.000,300.000,-1,-1,-1,-1,325.000,225.000,400.000,225.000,1,1,1,1,1,1,1,0,0,2,2,2,2,1,1,1,1
89,9575.727,-4518.933,-386.133,-70.748,0.325052,0.943715,0.061191,-0.939645,0.329603,-0.091815,-0.106816,-0.027653,0.993894,0,0.80000,0.90959,48.000,1.819,475.000,250.000,250.000,175.000,175.000,200.000,175.000,300.000,300.000,-1,-1,-1,-1,275.000,200.000,375.000,175.000,1,1,1,1,1,1,1,0,0,2,2,2,2,1,1,1,1
90,9594.708,-4568.196,-383.064,-68.947,0.353944,0.931917,0.079080,-0.931692,0.358714,-0.057223,-0.081694,-0.053425,0.995225,0,0.88000,0.90021,52.800,1.800,450.000,225.000,250.000,150.000,150.000,200.000,150.000,275.000,400.000,-1,475.000,450.000,-1,250.000,175.000,350.000,150.000,1,1,1,1,1,1,1,0,0,2,0,0,2,1,1,1,1
91,9617.091,-4621.262,-376.007,-67.169,0.383846,0.917416,0.104928,-0.922395,0.386238,-0.002707,-0.043010,-0.095746,0.994476,0,0.96000,0.88934,57.600,1.779,450.000,225.000,250.000,150.000,125.000,175.000,150.000,250.000,550.000,1000.000,100.000,225.000,-1,250.000,175.000,325.000,125.000,1,1,1,1,1,1,1,0,1,0,0,0,2,1,1,1,1
92,9641.414,-4674.298,-369.334,-65.415,0.415406,0.900698,0.127204,-0.909623,0.412082,0.052678,-0.004972,-0.137591,0.990477,0,0.97253,0.87667,58.352,1.753,450.000,200.000,225.000,150.000,125.000,175.000,150.000,250.000,775.000,400.000,25.000,175.000,-1,250.000,175.000,325.000,125.000,1,1,1,1,1,1,1,0,0,0,0,0,2,1,1,1,1
93,9511.031,-2295.853,-229.430,-171.080,-0.987568,0.153877,0.032103,-0.156650,-0.980342,-0.119963,0.013013,-0.123501,0.992259,1,0.00000,0.00000,58.360,1.725,325.000,300.000,-1,400.000,-1,275.000,300.000,250.000,-1,-1,-1,225.000,250.000,475.000,825.000,375.000,-1,0,0,2,0,2,0,0,0,2,2,2,1,1,0,0,0,2
94,9506.288,-2296.591,-229.463,-171.124,-0.987657,0.153144,0.032874,-0.155994,-0.980653,-0.118262,0.014127,-0.121930,0.992438,0,0.08000,-0.02229,4.800,-0.045,350.000,300.000,-1,400.000,-1,275.000,300.000,250.000,-1,-1,-1,225.000,250.000,500.000,825.000,375.000,-1,0,0,2,0,2,0,0,0,2,2,2,1,1,0,0,0,2
95,9496.801,-2298.061,-229.522,-171.165,-0.987703,0.152494,0.034473,-0.155490,-0.981130,-0.114918,0.016298,-0.118865,0.992777,0,0.16000,-0.02064,9.600,-0.041,350.000,300.000,-1,400.000,-1,275.000,300.000,250.000,-1,-1,-1,225.000,250.000,500.000,825.000,400.000,-1,0,0,2,0,2,0,0,0,2,2,2,1,1,0,0,0,2
96,9482.569,-2300.256,-229.594,-171.200,-0.987695,0.151981,0.036885,-0.155173,-0.981746,-0.109979,0.019497,-0.114350,0.993249,0,0.24000,-0.01734,14.400,-0.035,375.000,300.000,-1,400.000,-1,275.000,300.000,250.000,450.000,-1,-1,225.000,275.000,500.000,825.000,425.000,-1,0,0,2,0,2,0,0,0,0,2,2,1,1,0,0,0,2
97,9463.592,-2303.176,-229.663,-171.225,-0.987620,0.151659,0.040085,-0.155068,-0.982466,-0.103508,0.023684,-0.108442,0.993821,0,0.32000,-0.01236,19.200,-0.025,400.000,325.000,-1,400.000,-1,275.000,300.000,250.000,450.000,-1,-1,225.000,275.000,525.000,850.000,475.000,-1,0,0,2,0,2,0,0,0,0,2,2,1,1,0,0,0,2
98,9439.870,-2306.823,-229.706,-171.236,-0.987464,0.151580,0.044037,-0.155196,-0.983249,-0.095582,0.028811,-0.101218,0.994447,0,0.40000,-0.00568,24.000,-0.011,450.000,325.000,-1,400.000,-1,275.000,300.000,275.000,425.000,-1,-1,225.000,275.000,550.000,850.000,575.000,-1,0,0,2,0,2,0,0,0,0,2,2,1,1,0,0,0,2
99,9411.405,-2311.203,-229.697,-171.231,-0.987211,0.151800,0.048695,-0.155570,-0.984048,-0.086296,0.034818,-0.092767,0.995079,0,0.48000,0.00275,28.800,0.005,550.000,325.000,-1,400.000,-1,275.000,300.000,275.000,400.000,-1,-1,225.000,300.000,575.000,875.000,750.000,-1,0,0,2,0,2,0,0,0,0,2,2,1,1,0,0,0,2
100,9378.198,-2316.329,-229.605,-171.205,-0.986847,0.152374,0.053999,-0.156206,-0.984815,-0.075759,0.041635,-0.083197,0.995663,0,0.56000,0.01296,33.600,0.026,-1,350.000,-1,425.000,-1,300.000,325.000,275.000,400.000,-1,-1,200.000,300.000,600.000,900.000,-1,-1,2,0,2,0,2,0,0,0,0,2,2,1,1,0,0,2,2
101,9342.201,-2321.921,-229.407,-171.155,-0.986373,0.153355,0.059584,-0.157120,-0.985459,-0.064684,0.048798,-0.073164,0.996125,0,0.60713,0.02500,36.428,0.050,-1,350.000,-1,425.000,-1,300.000,325.000,275.000,375.000,-1,-1,200.000,325.000,650.000,925.000,-1,-1,2,0,2,0,2,0,0,0,0,2,2,1,1,0,0,2,2
102,9305.935,-2327.606,-229.108,-171.078,-0.985807,0.154773,0.065033,-0.158343,-0.985913,-0.053878,0.055778,-0.063411,0.996428,0,0.61180,0.03822,36.708,0.076,-1,375.000,-1,425.000,-1,300.000,325.000,300.000,350.000,-1,-1,175.000,325.000,675.000,950.000,-1,-1,2,0,2,0,2,0,0,0,0,2,2,1,1,0,0,2,2
103,9269.371,-2333.407,-228.706,-170.975,-0.985148,0.156638,0.070341,-0.159896,-0.986182,-0.043328,0.062582,-0.053932,0.996582,0,0.61700,0.05168,37.020,0.103,-1,375.000,-1,425.000,-1,325.000,325.000,300.000,325.000,-1,650.000,150.000,350.000,725.000,975.000,-1,-1,2,0,2,0,2,0,0,0,0,2,1,1,1,0,0,2,2
104,9232.484,-2339.347,-228.116,-170.844,-0.984409,0.158959,0.075306,-0.161811,-0.986257,-0.033372,0.068966,-0.045037,0.996602,0,0.62269,0.06540,37.361,0.131,-1,400.000,-1,425.000,-1,325.000,350.000,300.000,325.000,-1,600.000,150.000,375.000,775.000,-1,-1,-1,2,0,2,0,2,0,0,0,0,2,1,1,1,0,2,2,2
105,9195.250,-2345.453,-225.699,-170.685,-0.983966,0.161708,0.075237,-0.164387,-0.985913,-0.030849,0.069189,-0.042722,0.996688,0,0.62886,0.07938,37.731,0.159,-1,400.000,-1,450.000,-1,325.000,350.000,300.000,325.000,-1,600.000,175.000,400.000,775.000,-1,-1,-1,2,0,2,0,2,0,0,0,0,2,1,1,1,0,2,2,2
106,9157.644,-2351.747,-223.385,-170.498,-0.983473,0.164948,0.074645,-0.167403,-0.985495,-0.027868,0.068965,-0.039903,0.996821,0,0.63548,0.09363,38.129,0.187,-1,400.000,-1,450.000,-1,325.000,350.000,300.000,325.000,-1,625.000,200.000,450.000,800.000,1000.000,-1,-1,2,0,2,0,2,0,0,0,0,2,1,1,1,0,0,2,2
107,9119.644,-2358.254,-221.105,-170.282,-0.982912,0.168684,0.073680,-0.170929,-0.984960,-0.025255,0.068311,-0.037417,0.996962,0,0.64256,0.10816,38.554,0.216,-1,400.000,-1,450.000,-1,325.000,350.000,300.000,325.000,-1,650.000,225.000,500.000,800.000,1000.000,-1,-1,2,0,2,0,2,0,0,0,0,2,1,1,1,0,0,2,2
108,9081.833,-2364.713,-219.082,-170.305,-0.983105,0.168287,0.072002,-0.170376,-0.985090,-0.023878,0.066910,-0.035742,0.997119,0,0.63931,-0.01184,38.358,-0.024,-1,400.000,-1,425.000,-1,325.000,350.000,300.000,300.000,-1,700.000,275.000,550.000,775.000,1000.000,-1,-1,2,0,2,0,2,0,0,0,0,2,1,1,1,0,0,2,2
109,9043.503,-2371.079,-217.018,-170.569,-0.983995,0.163763,0.070253,-0.165692,-0.985920,-0.022532,0.065574,-0.033812,0.997275,0,0.64759,-0.13184,38.855,-0.264,-1,400.000,-1,425.000,-1,325.000,350.000,300.000,300.000,-1,775.000,325.000,600.000,775.000,975.000,-1,-1,2,0,2,0,2,0,0,0,0,2,1,1,1,0,0,2,2
110,9004.582,-2377.192,-214.903,-171.073,-0.985526,0.155101,0.068421,-0.156866,-0.987392,-0.021196,0.064271,-0.031622,0.997431,0,0.65664,-0.25184,39.399,-0.504,-1,400.000,-1,425.000,-1,325.000,350.000,300.000,300.000,-1,900.000,375.000,650.000,775.000,975.000,-1,-1,2,0,2,0,2,0,0,0,0,2,1,1,1,0,0,2,2
111,8965.008,-2382.883,-212.730,-171.817,-0.987590,0.142283,0.066495,-0.143879,-0.989396,-0.019847,0.062966,-0.029168,0.997589,0,0.66636,-0.37184,39.982,-0.744,-1,400.000,-1,425.000,-1,325.000,325.000,300.000,300.000,-1,-1,450.000,700.000,750.000,950.000,-1,-1,2,0,2,0,2,0,0,0,0,2,2,1,1,0,0,2,2
112,8920.579,-2388.495,-210.252,-172.800,-0.990037,0.125286,0.064262,-0.126695,-0.991773,-0.018315,0.061439,-0.026274,0.997765,0,0.74636,-0.49184,44.782,-0.984,-1,400.000,-1,425.000,-1,325.000,325.000,300.000,300.000,-1,-1,550.000,750.000,750.000,950.000,-1,-1,2,0,2,0,2,0,0,0,0,2,2,1,1,0,0,2,2
113,8874.641,-2393.303,-207.652,-174.024,-0.992642,0.104086,0.061869,-0.105300,-0.994301,-0.016685,0.059780,-0.023077,0.997945,0,0.76981,-0.61184,46.189,-1.224,-1,400.000,-1,425.000,-1,325.000,325.000,300.000,300.000,-1,-1,675.000,800.000,750.000,925.000,-1,-1,2,0,2,0,2,0,0,0,0,2,2,1,1,0,0,2,2
114,8828.250,-2397.020,-204.984,-175.419,-0.995037,0.079848,0.059371,-0.080867,-0.996613,-0.014965,0.057975,-0.019692,0.998124,0,0.77568,-0.69770,46.541,-1.395,-1,400.000,-1,425.000,-1,325.000,325.000,275.000,300.000,-1,-1,925.000,825.000,725.000,925.000,-1,-1,2,0,2,0,2,0,0,0,0,2,2,1,1,0,0,2,2
115,8781.405,-2399.646,-202.247,-176.791,-0.996816,0.055965,0.056788,-0.056797,-0.998299,-0.013149,0.055955,-0.016333,0.998300,0,0.78197,-0.68603,46.918,-1.372,-1,400.000,-1,425.000,-1,325.000,325.000,300.000,300.000,-1,-1,-1,875.000,725.000,925.000,-1,-1,2,0,2,0,2,0,0,0,0,2,2,2,1,0,0,2,2
116,8734.141,-2401.180,-199.447,-178.140,-0.998006,0.032457,0.054127,-0.033111,-0.999389,-0.011233,0.053729,-0.013003,0.998471,0,0.78816,-0.67426,47.290,-1.349,-1,400.000,-1,425.000,-1,325.000,325.000,300.000,300.000,-1,-1,-1,925.000,725.000,900.000,-1,-1,2,0,2,0,2,0,0,0,0,2,2,2,1,0,0,2,2
117,8686.488,-2401.626,-196.595,-179.465,-0.998635,0.009344,0.051398,-0.009830,-0.999909,-0.009214,0.051307,-0.009707,0.998636,0,0.79426,-0.66237,47.656,-1.325,-1,375.000,-1,425.000,-1,325.000,325.000,300.000,300.000,-1,-1,-1,950.000,725.000,900.000,-1,-1,2,0,2,0,2,0,0,0,0,2,2,2,1,0,0,2,2
118,8638.476,-2400.984,-193.697,-180.765,-0.998729,-0.013357,0.048609,0.013028,-0.999890,-0.007087,0.048699,-0.006445,0.998793,0,0.80027,-0.65037,48.016,-1.301,-1,375.000,-1,425.000,-1,325.000,325.000,300.000,300.000,-1,-1,-1,1000.000,700.000,900.000,-1,-1,2,0,2,0,2,0,0,0,0,2,2,2,1,0,0,2,2
119,8590.135,-2399.261,-190.762,-182.042,-0.998316,-0.035629,0.045772,0.035444,-0.999360,-0.004850,0.045916,-0.003219,0.998940,0,0.80620,-0.63825,48.372,-1.277,-1,375.000,-1,400.000,-1,325.000,325.000,300.000,300.000,-1,-1,-1,-1,700.000,875.000,-1,-1,2,0,2,0,2,0,0,0,0,2,2,2,2,0,0,2,2
120,8541.492,-2396.462,-187.895,-183.294,-0.997414,-0.057458,0.043182,0.057386,-0.998348,-0.002901,0.043277,-0.000416,0.999063,0,0.81206,-0.62602,48.724,-1.252,-1,375.000,-1,400.000,-1,325.000,325.000,300.000,300.000,-1,-1,-1,-1,700.000,875.000,-1,-1,2,0,2,0,2,0,0,0,0,2,2,2,2,0,0,2,2
121,8492.574,-2392.594,-185.595,-184.521,-0.995970,-0.078828,0.042784,0.078828,-0.996887,-0.001680,0.042784,0.001699,0.999083,0,0.81785,-0.61365,49.071,-1.227,-1,375.000,-1,425.000,-1,325.000,325.000,300.000,300.000,-1,-1,-1,-1,700.000,875.000,-1,-1,2,0,2,0,2,0,0,0,0,2,2,2,2,0,0,2,2
122,8438.951,-2387.423,-183.325,-185.509,-0.994462,-0.095993,0.042779,0.096102,-0.995371,0.000498,0.042534,0.004607,0.999084,0,0.89785,-0.49365,53.871,-0.987,-1,375.000,-1,425.000,-1,325.000,325.000,300.000,300.000,-1,-1,-1,-1,700.000,900.000,-1,-1,2,0,2,0,2,0,0,0,0,2,2,2,2,0,0,2,2
123,8382.976,-2381.182,-180.987,-186.362,-0.992923,-0.110804,0.042725,0.111023,-0.993814,0.002767,0.042154,0.007491,0.999083,0,0.93871,-0.42668,56.322,-0.853,-1,375.000,-1,425.000,-1,325.000,325.000,300.000,300.000,-1,-1,-1,-1,725.000,900.000,-1,-1,2,0,2,0,2,0,0,0,0,2,2,2,2,0,0,2,2
124,8326.768,-2374.088,-178.677,-187.194,-0.991213,-0.125225,0.042616,0.125550,-0.992074,0.005036,0.041648,0.010342,0.999079,0,0.94424,-0.41613,56.654,-0.832,-1,375.000,-1,425.000,-1,325.000,325.000,300.000,300.000,-1,-1,-1,-1,725.000,900.000,-1,-1,2,0,2,0,2,0,0,0,0,2,2,2,2,0,0,2,2
125,8270.350,-2366.155,-176.402,-188.005,-0.989348,-0.139243,0.042449,0.139672,-0.990171,0.007304,0.041015,0.013155,0.999072,0,0.94954,-0.40531,56.972,-0.811,-1,375.000,-1,425.000,-1,325.000,325.000,300.000,300.000,-1,-1,-1,-1,725.000,900.000,-1,-1,2,0,2,0,2,0,0,0,0,2,2,2,2,0,0,2,2
126,8213.746,-2357.400,-174.168,-188.793,-0.987347,-0.152848,0.042217,0.153377,-0.988121,0.009569,0.040253,0.015923,0.999063,0,0.95462,-0.39420,57.277,-0.788,-1,375.000,-1,425.000,-1,325.000,325.000,300.000,300.000,-1,-1,-1,-1,725.000,900.000,-1,-1,2,0,2,0,2,0,0,0,0,2,2,2,2,0,0,2,2
127,8156.976,-2347.841,-171.981,-189.559,-0.985230,-0.166030,0.041916,0.166653,-0.985945,0.011832,0.039362,0.018642,0.999051,0,0.95949,-0.38279,57.569,-0.766,-1,375.000,-1,425.000,-1,325.000,325.000,300.000,300.000,-1,-1,-1,-1,725.000,900.000,-1,-1,2,0,2,0,2,0,0,0,0,2,2,2,2,0,0,2,2
128,8100.058,-2337.497,-169.847,-190.301,-0.983012,-0.178776,0.041540,0.179489,-0.983659,0.014092,0.038342,0.021308,0.999037,0,0.96417,-0.37106,57.850,-0.742,-1,400.000,-1,425.000,-1,325.000,325.000,300.000,300.000,-1,-1,-1,-1,750.000,900.000,-1,-1,2,0,2,0,2,0,0,0,0,2,2,2,2,0,0,2,2
129,8043.010,-2326.389,-167.771,-191.019,-0.980715,-0.191078,0.041086,0.191873,-0.981284,0.016348,0.037193,0.023916,0.999022,0,0.96867,-0.35901,58.120,-0.718,-1,400.000,-1,425.000,-1,325.000,325.000,300.000,300.000,-1,-1,-1,-1,750.000,900.000,-1,-1,2,0,2,0,2,0,0,0,0,2,2,2,2,0,0,2,2
130,7986.131,-2314.581,-165.769,-191.729,-0.978295,-0.203211,0.040549,0.204082,-0.978777,0.018590,0.035911,0.026462,0.999005,0,0.96818,-0.35506,58.091,-0.710,-1,400.000,-1,425.000,-1,325.000,325.000,300.000,300.000,-1,-1,-1,-1,750.000,900.000,-1,-1,2,0,2,0,2,0,0,0,0,2,2,2,2,0,0,2,2
131,7929.602,-2302.112,-163.826,-192.440,-0.975727,-0.215332,0.039871,0.216272,-0.976109,0.020928,0.034412,0.029043,0.998986,0,0.96481,-0.35569,57.889,-0.711,-1,400.000,-1,425.000,-1,325.000,325.000,300.000,300.000,-1,-1,-1,-1,750.000,900.000,950.000,-1,2,0,2,0,2,0,0,0,0,2,2,2,2,1,1,1,2
132,7873.431,-2288.987,-161.958,-193.152,-0.973025,-0.227429,0.038711,0.228419,-0.973282,0.023392,0.032357,0.031604,0.998977,0,0.96140,-0.35603,57.684,-0.712,-1,400.000,-1,425.000,-1,325.000,325.000,300.000,300.000,-1,-1,-1,-1,700.000,900.000,875.000,-1,2,0,2,0,2,0,0,0,0,2,2,2,2,1,1,1,2
