timestep,x_cm,y_cm,z_cm,yaw_deg,basis_xx,basis_xy,basis_xz,basis_yx,basis_yy,basis_yz,basis_zx,basis_zy,basis_zz,teleport_flag,throttle_cmd,steering_cmd,cmd_move_cm,cmd_turn_deg,lidar_cm_0,lidar_cm_1,lidar_cm_2,lidar_cm_3,lidar_cm_4,lidar_cm_5,lidar_cm_6,lidar_cm_7,lidar_cm_8,lidar_cm_9,lidar_cm_10,lidar_cm_11,lidar_cm_12,lidar_cm_13,lidar_cm_14,lidar_cm_15,lidar_cm_16,lidar_class_0,lidar_class_1,lidar_class_2,lidar_class_3,lidar_class_4,lidar_class_5,lidar_class_6,lidar_class_7,lidar_class_8,lidar_class_9,lidar_class_10,lidar_class_11,lidar_class_12,lidar_class_13,lidar_class_14,lidar_class_15,lidar_class_16
0,-2952.180,-323.190,-209.539,95.443,-0.093111,-0.993438,-0.066417,0.995300,-0.094653,0.020453,-0.026605,-0.064200,0.997582,1,0.08000,-0.12000,4.800,-0.240,-1,375.000,500.000,375.000,475.000,325.000,325.000,300.000,275.000,625.000,525.000,575.000,-1,475.000,425.000,625.000,450.000,2,0,1,1,1,0,0,0,0,1,1,0,2,1,1,1,1
1,-2953.011,-313.626,-209.772,94.963,-0.084828,-0.994177,-0.066452,0.996066,-0.086326,0.019991,-0.025611,-0.064495,0.997589,0,0.16000,-0.24000,9.600,-0.480,-1,375.000,475.000,375.000,475.000,325.000,325.000,300.000,275.000,625.000,500.000,575.000,-1,475.000,400.000,600.000,450.000,2,0,1,1,1,0,0,0,0,1,1,0,2,1,1,1,1
2,-2954.076,-299.265,-210.113,94.243,-0.072394,-0.995154,-0.066534,0.997085,-0.073824,0.019291,-0.024110,-0.064944,0.997598,0,0.24000,-0.36000,14.400,-0.720,-1,375.000,475.000,350.000,475.000,325.000,325.000,300.000,275.000,650.000,475.000,575.000,-1,450.000,400.000,575.000,425.000,2,1,1,1,1,0,0,0,0,1,1,0,2,1,1,1,1
3,-2955.176,-280.096,-210.552,93.283,-0.055798,-0.996212,-0.066699,0.998198,-0.057138,0.018348,-0.022089,-0.065555,0.997604,0,0.32000,-0.48000,19.200,-0.960,-1,350.000,450.000,350.000,450.000,325.000,325.000,300.000,275.000,675.000,450.000,575.000,-1,425.000,375.000,525.000,425.000,2,1,1,1,1,1,1,0,0,1,1,0,2,1,1,1,1
4,-2956.048,-256.111,-211.076,92.083,-0.035036,-0.997138,-0.066995,0.999195,-0.036261,0.017157,-0.019537,-0.066340,0.997606,0,0.40000,-0.60000,24.000,-1.200,-1,350.000,425.000,325.000,425.000,300.000,300.000,300.000,275.000,700.000,475.000,575.000,-1,400.000,375.000,500.000,400.000,2,1,1,1,1,1,1,0,0,1,1,0,2,1,1,1,1
5,-2956.414,-227.313,-211.673,90.726,-0.011560,-0.997655,-0.067465,0.999796,-0.012649,0.015731,-0.016547,-0.067269,0.997598,0,0.48000,-0.67811,28.800,-1.356,-1,325.000,375.000,300.000,425.000,300.000,275.000,300.000,275.000,700.000,475.000,575.000,-1,375.000,350.000,450.000,375.000,2,1,1,1,1,1,1,0,0,1,1,0,2,1,1,1,1
6,-2956.048,-193.714,-212.329,89.376,0.011802,-0.997606,-0.068132,0.999842,0.010866,0.014097,-0.013323,-0.068288,0.997577,0,0.56000,-0.67522,33.600,-1.350,525.000,300.000,350.000,275.000,400.000,275.000,275.000,300.000,275.000,700.000,500.000,575.000,-1,325.000,325.000,400.000,350.000,1,1,1,1,1,1,1,0,0,1,1,0,2,1,1,1,1
7,-2954.730,-155.336,-213.032,88.032,0.035029,-0.996999,-0.069031,0.999338,0.034262,0.012269,-0.009867,-0.069415,0.997539,0,0.64000,-0.67208,38.400,-1.344,425.000,250.000,300.000,250.000,350.000,225.000,225.000,300.000,275.000,700.000,500.000,575.000,-1,300.000,300.000,350.000,325.000,1,1,1,1,1,1,1,0,0,1,0,0,2,1,1,1,1
8,-2952.239,-112.207,-213.763,86.695,0.058094,-0.995840,-0.070198,0.998292,0.057514,0.010264,-0.006184,-0.070674,0.997480,0,0.72000,-0.66860,43.200,-1.337,325.000,225.000,275.000,225.000,325.000,200.000,200.000,300.000,275.000,725.000,450.000,575.000,-1,250.000,250.000,275.000,275.000,1,1,1,1,1,1,1,0,0,1,0,1,2,1,1,1,1
9,-2948.555,-64.348,-214.514,85.597,0.076951,-0.994462,-0.071587,0.997031,0.076565,0.008125,-0.002599,-0.072000,0.997401,0,0.80000,-0.54860,48.000,-1.097,250.000,175.000,225.000,200.000,275.000,175.000,175.000,275.000,275.000,750.000,425.000,550.000,-1,200.000,225.000,225.000,250.000,1,1,1,1,1,1,1,0,0,1,0,0,2,1,1,1,1
10,-2943.710,-11.771,-213.763,84.740,0.091372,-0.993535,-0.067368,0.995807,0.091465,0.001713,0.004460,-0.067242,0.997727,0,0.88000,-0.42860,52.800,-0.857,200.000,150.000,175.000,150.000,225.000,125.000,150.000,300.000,275.000,825.000,400.000,475.000,-1,150.000,175.000,175.000,200.000,1,1,1,1,1,1,1,0,0,1,0,0,2,1,1,1,1
11,-2937.790,45.527,-201.031,84.123,0.100333,-0.993856,-0.046728,0.993873,0.102302,-0.041844,0.046367,-0.042243,0.998031,0,0.96000,-0.30860,57.600,-0.617,225.000,125.000,150.000,125.000,200.000,125.000,125.000,375.000,275.000,875.000,250.000,225.000,1000.000,150.000,150.000,175.000,175.000,1,1,1,1,1,1,1,0,0,1,0,0,0,1,1,1,1
12,-8855.148,-8199.180,-56.808,-146.777,-0.805993,0.546827,0.226617,-0.545146,-0.834911,0.075760,0.230632,-0.062478,0.971033,1,0.00000,0.00000,60.000,-0.377,-1,400.000,-1,275.000,225.000,300.000,250.000,300.000,275.000,325.000,25.000,150.000,-1,-1,450.000,-1,225.000,2,1,2,1,1,1,1,0,1,0,0,0,2,2,1,2,1
13,8200.142,5570.725,152.641,-78.867,0.189768,0.976807,-0.099175,-0.981223,0.192228,0.015776,0.034474,0.094320,0.994945,1,0.08000,-0.12000,4.800,-0.240,-1,425.000,-1,400.000,-1,325.000,325.000,300.000,300.000,-1,-1,-1,-1,950.000,800.000,-1,-1,2,0,2,0,2,0,0,0,0,2,2,2,2,0,0,2,2
14,8201.917,5561.290,152.957,-79.347,0.181676,0.978394,-0.098685,-0.982799,0.184040,0.015328,0.033159,0.094203,0.995001,0,0.16000,-0.24000,9.600,-0.480,-1,425.000,-1,400.000,-1,325.000,325.000,300.000,300.000,-1,-1,-1,-1,950.000,800.000,-1,-1,2,0,2,0,2,0,0,0,0,2,2,2,2,0,0,2,2
15,8204.403,5547.106,153.415,-80.054,0.169737,0.980607,-0.097976,-0.984995,0.171960,0.014648,0.031212,0.094020,0.995081,0,0.24000,-0.35339,14.400,-0.707,-1,425.000,-1,400.000,-1,325.000,325.000,300.000,300.000,-1,-1,-1,-1,925.000,800.000,-1,-1,2,0,2,0,2,0,0,0,0,2,2,2,2,0,0,2,2
16,8207.483,5528.154,154.005,-80.768,0.157678,0.982706,-0.097094,-0.987065,0.159734,0.013733,0.029004,0.093672,0.995181,0,0.32000,-0.35695,19.200,-0.714,-1,425.000,-1,400.000,-1,325.000,325.000,300.000,300.000,-1,-1,-1,-1,925.000,800.000,-1,-1,2,0,2,0,2,0,0,0,0,2,2,2,2,0,0,2,2
17,8211.033,5504.417,154.714,-81.491,0.145452,0.984691,-0.096054,-0.989009,0.147317,0.012578,0.026536,0.093169,0.995297,0,0.40000,-0.36182,24.000,-0.724,-1,425.000,-1,400.000,-1,325.000,325.000,300.000,300.000,-1,-1,-1,-1,900.000,775.000,-1,-1,2,0,2,0,2,0,0,0,0,2,2,2,2,0,0,2,2
18,8214.872,5475.873,155.524,-82.337,0.131125,0.986816,-0.094871,-0.991084,0.132766,0.011177,0.023625,0.092559,0.995427,0,0.48000,-0.42310,28.800,-0.846,-1,425.000,-1,400.000,-1,325.000,325.000,300.000,325.000,-1,-1,-1,-1,900.000,775.000,-1,-1,2,0,2,0,2,0,0,0,0,2,2,2,2,0,0,2,2
19,8218.852,5442.509,156.422,-83.193,0.116622,0.988758,-0.093576,-0.992966,0.118020,0.009529,0.020466,0.091807,0.995567,0,0.56000,-0.42793,33.600,-0.856,-1,425.000,-1,400.000,-1,325.000,325.000,300.000,325.000,-1,-1,-1,-1,875.000,775.000,-1,-1,2,0,2,0,2,0,0,0,0,2,2,2,2,0,0,2,2
20,8222.824,5404.314,157.391,-84.061,0.101909,0.990513,-0.092191,-0.994647,0.103045,0.007636,0.017063,0.090919,0.995712,0,0.64000,-0.43374,38.400,-0.867,-1,425.000,-1,400.000,-1,325.000,325.000,300.000,325.000,-1,-1,-1,-1,875.000,750.000,-1,-1,2,0,2,0,2,0,0,0,0,2,2,2,2,0,0,2,2
21,8226.631,5361.282,158.417,-84.942,0.086951,0.992072,-0.090735,-0.996122,0.087809,0.005498,0.013422,0.089905,0.995860,0,0.72000,-0.44055,43.200,-0.881,-1,425.000,-1,400.000,-1,325.000,325.000,300.000,325.000,-1,-1,-1,-1,850.000,750.000,-1,975.000,2,0,2,0,2,0,0,0,0,2,2,2,2,0,0,2,1
22,8230.112,5313.407,159.486,-85.839,0.071713,0.993426,-0.089229,-0.997380,0.072279,0.003121,0.009550,0.088771,0.996006,0,0.80000,-0.44839,48.000,-0.897,-1,400.000,-1,375.000,975.000,325.000,325.000,325.000,325.000,-1,-1,-1,-1,825.000,750.000,-1,925.000,2,0,2,0,1,0,0,0,0,2,2,2,2,1,0,2,1
23,8233.100,5260.691,160.531,-86.753,0.056142,0.994547,-0.087892,-0.998407,0.056418,0.000655,0.005610,0.087715,0.996130,0,0.88000,-0.45729,52.800,-0.915,-1,400.000,-1,375.000,925.000,325.000,325.000,325.000,325.000,-1,-1,-1,-1,800.000,725.000,-1,875.000,2,0,2,0,1,0,0,0,0,2,2,2,2,1,1,2,1
24,8235.422,5203.137,160.915,-87.688,0.040064,0.995449,-0.086462,-0.999192,0.040194,-0.000235,0.003242,0.086402,0.996255,0,0.96000,-0.46727,57.600,-0.935,-1,400.000,-1,375.000,875.000,325.000,325.000,325.000,325.000,-1,-1,-1,-1,775.000,675.000,-1,825.000,2,0,2,0,1,0,0,0,0,2,2,2,2,1,1,2,1
25,8236.839,5143.153,161.051,-88.644,0.023524,0.996147,-0.084481,-0.999722,0.023572,-0.000430,0.001563,0.084467,0.996425,0,1.00000,-0.47832,60.000,-0.957,-1,400.000,-1,375.000,825.000,325.000,325.000,325.000,300.000,-1,-1,-1,-1,725.000,650.000,-1,775.000,2,0,2,0,1,0,0,0,0,2,2,2,2,1,1,2,1
26,8237.230,5083.154,161.090,-89.624,0.006561,0.996564,-0.082563,-0.999978,0.006535,-0.000587,-0.000046,0.082565,0.996586,0,1.00000,-0.48993,60.000,-0.980,-1,400.000,975.000,375.000,775.000,325.000,325.000,325.000,300.000,-1,-1,-1,-1,700.000,625.000,-1,725.000,2,0,1,0,1,0,0,0,0,2,2,2,2,1,1,2,1
27,8236.576,5023.157,161.035,-90.623,-0.010743,0.996681,-0.080693,-0.999941,-0.010836,-0.000707,-0.001579,0.080681,0.996739,0,1.00000,-0.49930,60.000,-0.999,-1,400.000,900.000,375.000,725.000,325.000,325.000,325.000,300.000,-1,-1,-1,-1,650.000,575.000,-1,675.000,2,0,1,0,1,0,0,0,0,2,2,2,2,1,1,2,1
28,8234.879,4963.180,160.892,-91.619,-0.028007,0.996492,-0.078861,-0.999603,-0.028157,-0.000793,-0.003011,0.078807,0.996885,0,1.00000,-0.49781,60.000,-0.996,-1,400.000,825.000,375.000,675.000,325.000,325.000,325.000,300.000,-1,-1,-1,-1,600.000,550.000,-1,625.000,2,0,1,0,1,0,0,0,0,2,2,2,2,1,1,2,1
29,8232.144,4903.242,160.668,-92.610,-0.045210,0.996002,-0.077049,-0.998968,-0.045411,-0.000849,-0.004344,0.076931,0.997027,0,1.00000,-0.49599,60.000,-0.992,-1,375.000,750.000,375.000,625.000,325.000,325.000,325.000,300.000,-1,-1,-1,-1,550.000,500.000,-1,575.000,2,1,1,1,1,0,0,0,0,2,2,2,2,1,1,2,1
30,8228.377,4843.359,160.368,-93.598,-0.062337,0.995215,-0.075242,-0.998040,-0.062580,-0.000879,-0.005583,0.075039,0.997165,0,1.00000,-0.49379,60.000,-0.988,-1,350.000,700.000,350.000,575.000,300.000,300.000,325.000,300.000,-1,-1,-1,-1,525.000,475.000,875.000,525.000,2,1,1,1,1,1,1,0,0,2,2,2,2,1,1,1,1
31,8223.583,4783.550,159.999,-94.580,-0.079365,0.994138,-0.073425,-0.996823,-0.079646,-0.000891,-0.006734,0.073121,0.997300,0,1.00000,-0.49120,60.000,-0.982,-1,325.000,625.000,325.000,525.000,275.000,275.000,300.000,300.000,-1,-1,-1,-1,475.000,425.000,700.000,450.000,2,1,1,1,1,1,1,0,0,2,2,2,2,1,1,1,1
32,8217.771,4723.832,159.567,-95.557,-0.096277,0.992777,-0.071584,-0.995324,-0.096588,-0.000891,-0.007799,0.071163,0.997434,0,1.00000,-0.48818,60.000,-0.976,-1,300.000,575.000,300.000,450.000,250.000,250.000,300.000,300.000,-1,-1,-1,-1,425.000,400.000,575.000,400.000,2,1,1,1,1,1,1,0,0,2,2,2,2,1,1,1,1
33,8210.950,4664.221,159.078,-96.526,-0.113048,0.991141,-0.069705,-0.993551,-0.113386,-0.000889,-0.008784,0.069155,0.997567,0,1.00000,-0.48469,60.000,-0.969,-1,275.000,525.000,275.000,400.000,225.000,225.000,300.000,300.000,-1,-1,-1,-1,375.000,350.000,450.000,350.000,2,1,1,1,1,1,1,0,0,2,2,2,2,1,1,1,1
34,8203.132,4604.732,159.356,-97.488,-0.129805,0.989012,-0.070752,-0.991514,-0.129987,0.002041,-0.007178,0.070416,0.997492,0,1.00000,-0.48066,60.000,-0.961,-1,250.000,475.000,250.000,350.000,200.000,200.000,325.000,300.000,-1,-1,-1,-1,325.000,325.000,400.000,300.000,2,1,1,1,1,1,1,0,0,2,2,2,2,1,1,1,1
35,8194.576,4545.344,162.345,-98.209,-0.143072,0.986582,-0.078648,-0.989706,-0.142324,0.015059,0.003663,0.079993,0.996789,0,1.00000,-0.36066,60.000,-0.721,-1,225.000,450.000,225.000,300.000,200.000,200.000,350.000,300.000,-1,450.000,425.000,-1,325.000,300.000,400.000,275.000,2,1,1,1,1,1,1,0,0,2,0,0,2,1,1,1,1
36,8185.510,4486.032,169.640,-98.690,-0.153093,0.985783,-0.069247,-0.987816,-0.150673,0.038954,0.027967,0.074367,0.996839,0,1.00000,-0.24066,60.000,-0.481,-1,225.000,475.000,225.000,325.000,200.000,200.000,375.000,325.000,-1,225.000,200.000,-1,325.000,300.000,450.000,275.000,2,1,1,1,1,1,1,0,0,2,0,0,2,1,1,1,1
37,8176.193,4426.757,177.123,-98.931,-0.158645,0.985543,-0.059468,-0.985906,-0.154887,0.063249,0.053123,0.068664,0.996224,0,1.00000,-0.12066,60.000,-0.241,-1,250.000,525.000,250.000,325.000,200.000,200.000,375.000,375.000,-1,150.000,125.000,-1,350.000,325.000,550.000,300.000,2,1,1,1,1,1,1,0,0,2,0,0,2,1,1,1,1
38,8166.653,4367.516,184.765,-99.147,-0.163412,0.985300,-0.049810,-0.983412,-0.158654,0.087923,0.078728,0.063352,0.994881,0,1.00000,-0.10792,60.000,-0.216,-1,250.000,-1,250.000,350.000,200.000,200.000,400.000,400.000,-1,100.000,100.000,-1,375.000,350.000,-1,325.000,2,1,2,1,1,1,1,1,0,2,0,0,2,1,1,2,1
39,4263.522,9510.982,-38.235,133.612,-0.689724,-0.721079,0.065769,0.724072,-0.686955,0.061740,0.000661,0.090205,0.995923,1,0.00000,0.00000,60.000,-0.206,-1,400.000,-1,400.000,-1,325.000,325.000,325.000,300.000,-1,525.000,600.000,450.000,925.000,875.000,-1,-1,2,0,2,0,2,0,0,0,0,2,1,1,1,0,0,2,2
40,4266.848,9507.520,-38.223,133.852,-0.692724,-0.718192,0.065827,0.721202,-0.689966,0.061762,0.001062,0.090258,0.995918,0,-0.08000,0.12000,-4.800,0.240,-1,400.000,-1,400.000,-1,325.000,325.000,325.000,300.000,-1,525.000,575.000,450.000,925.000,875.000,-1,-1,2,0,2,0,2,0,0,0,0,2,1,1,1,0,0,2,2
41,4273.556,9500.653,-38.207,134.332,-0.698689,-0.712380,0.065941,0.715423,-0.695952,0.061809,0.001861,0.090361,0.995907,0,-0.16000,0.24000,-9.600,0.480,-1,400.000,-1,400.000,-1,325.000,325.000,325.000,300.000,-1,525.000,575.000,425.000,925.000,875.000,-1,-1,2,0,2,0,2,0,0,0,0,2,1,1,1,0,0,2,2
42,4283.748,9490.479,-38.197,135.052,-0.707545,-0.703569,0.066107,0.706662,-0.704840,0.061890,0.003051,0.090506,0.995891,0,-0.24000,0.36000,-14.400,0.720,-1,400.000,-1,400.000,-1,325.000,325.000,325.000,300.000,975.000,525.000,550.000,425.000,925.000,850.000,-1,-1,2,0,2,0,2,0,0,0,0,1,1,1,1,0,0,2,2
43,4295.275,9479.351,-38.219,136.012,-0.719182,-0.691650,0.066308,0.694806,-0.716517,0.062024,0.004612,0.090677,0.995870,0,-0.26700,0.48000,-16.020,0.960,-1,400.000,-1,400.000,-1,325.000,325.000,325.000,300.000,850.000,525.000,525.000,400.000,925.000,850.000,-1,-1,2,0,2,0,2,0,0,0,0,1,1,1,1,0,0,2,2
44,4307.108,9468.398,-38.342,137.212,-0.733461,-0.676497,0.066233,0.679702,-0.730849,0.062172,0.006347,0.090620,0.995865,0,-0.26872,0.60000,-16.123,1.200,-1,400.000,-1,400.000,-1,325.000,325.000,325.000,300.000,725.000,525.000,475.000,400.000,900.000,850.000,-1,-1,2,0,2,0,2,0,0,0,0,1,1,1,1,0,0,2,2
45,4319.307,9457.662,-38.511,138.652,-0.750172,-0.657921,0.066197,0.661188,-0.747623,0.062371,0.008455,0.090557,0.995855,0,-0.27083,0.72000,-16.250,1.440,-1,400.000,-1,400.000,-1,325.000,325.000,325.000,300.000,625.000,525.000,450.000,400.000,900.000,850.000,-1,-1,2,0,2,0,2,0,0,0,0,1,1,1,1,0,0,2,2
46,4331.901,9447.155,-38.718,140.163,-0.767209,-0.637973,0.066192,0.641308,-0.764726,0.062593,0.010686,0.090471,0.995842,0,-0.27333,0.75588,-16.400,1.512,-1,400.000,-1,400.000,-1,325.000,325.000,325.000,300.000,575.000,525.000,425.000,375.000,900.000,850.000,-1,-1,2,0,2,0,2,0,0,0,0,1,1,1,1,0,0,2,2
47,4344.892,9436.884,-38.957,141.671,-0.783672,-0.617635,0.066216,0.621040,-0.781257,0.062828,0.012927,0.090359,0.995825,0,-0.27599,0.75392,-16.559,1.508,-1,400.000,-1,400.000,-1,325.000,325.000,325.000,300.000,525.000,500.000,400.000,375.000,900.000,850.000,-1,-1,2,0,2,0,2,0,0,0,0,1,1,1,1,0,0,2,2
48,4358.277,9426.861,-39.227,143.175,-0.799554,-0.596927,0.066270,0.600402,-0.797207,0.063080,0.015177,0.090224,0.995806,0,-0.27867,0.75192,-16.720,1.504,-1,400.000,-1,400.000,-1,325.000,325.000,325.000,300.000,475.000,450.000,375.000,350.000,900.000,825.000,-1,-1,2,0,2,0,2,0,0,0,0,1,1,1,1,0,0,2,2
49,4372.053,9417.098,-39.531,144.675,-0.814847,-0.575866,0.066354,0.579414,-0.812568,0.063349,0.017436,0.090066,0.995783,0,-0.28139,0.74987,-16.884,1.500,-1,400.000,-1,400.000,-1,325.000,325.000,325.000,300.000,450.000,425.000,350.000,350.000,900.000,825.000,-1,-1,2,0,2,0,2,0,0,0,0,1,1,1,1,0,0,2,2
50,4386.216,9407.605,-39.869,146.170,-0.829544,-0.554471,0.066469,0.558094,-0.827334,0.063639,0.019706,0.089888,0.995757,0,-0.28415,0.74776,-17.049,1.496,-1,400.000,-1,400.000,-1,325.000,325.000,325.000,300.000,425.000,400.000,300.000,325.000,900.000,825.000,-1,-1,2,0,2,0,2,0,0,0,0,1,1,1,1,0,0,2,2
51,4400.763,9398.395,-40.240,147.662,-0.843639,-0.532763,0.066615,0.536461,-0.841498,0.063952,0.021985,0.089689,0.995727,0,-0.28694,0.74561,-17.216,1.491,-1,400.000,-1,400.000,-1,325.000,325.000,325.000,300.000,400.000,375.000,275.000,325.000,900.000,825.000,-1,-1,2,0,2,0,2,0,0,0,0,1,1,1,1,0,0,2,2
52,4415.690,9389.478,-40.647,149.148,-0.857125,-0.510760,0.066793,0.514536,-0.855055,0.064291,0.024274,0.089473,0.995693,0,-0.28976,0.74340,-17.386,1.487,-1,400.000,-1,400.000,-1,325.000,325.000,325.000,300.000,375.000,325.000,250.000,325.000,875.000,800.000,-1,-1,2,0,2,0,2,0,0,0,0,1,1,1,1,0,0,2,2
53,4430.991,9380.867,-41.105,150.631,-0.870001,-0.488478,0.066990,0.492336,-0.867995,0.064729,0.026528,0.089296,0.995652,0,-0.29262,0.74114,-17.557,1.482,-1,400.000,-1,400.000,-1,325.000,325.000,325.000,300.000,350.000,300.000,225.000,300.000,875.000,800.000,-1,-1,2,0,2,0,2,0,0,0,0,1,1,1,1,0,0,2,2
54,4446.663,9372.571,-41.605,152.108,-0.882261,-0.465939,0.067207,0.469881,-0.880316,0.065226,0.028772,0.089126,0.995605,0,-0.29551,0.73884,-17.731,1.478,-1,400.000,-1,400.000,-1,325.000,325.000,300.000,300.000,350.000,275.000,225.000,300.000,875.000,800.000,-1,-1,2,0,2,0,2,0,0,0,0,1,1,1,1,0,0,2,2
55,4462.700,9364.604,-42.145,153.581,-0.893900,-0.443164,0.067447,0.447192,-0.892017,0.065766,0.031019,0.088951,0.995553,0,-0.29843,0.73648,-17.906,1.473,-1,400.000,-1,400.000,-1,325.000,325.000,300.000,300.000,325.000,250.000,200.000,275.000,875.000,800.000,-1,-1,2,0,2,0,2,0,0,0,0,1,1,1,1,0,0,2,2
56,4479.097,9356.975,-42.725,155.049,-0.904916,-0.420171,0.067708,0.424289,-0.903093,0.066351,0.033268,0.088770,0.995496,0,-0.30139,0.73407,-18.084,1.468,-1,400.000,-1,400.000,-1,325.000,325.000,300.000,300.000,325.000,225.000,175.000,275.000,875.000,800.000,-1,-1,2,0,2,0,2,0,0,0,0,1,1,1,1,0,0,2,2
57,4495.848,9349.695,-43.347,156.513,-0.915306,-0.396979,0.067987,0.401190,-0.913543,0.066982,0.035519,0.088585,0.995435,0,-0.30438,0.73161,-18.263,1.463,-1,400.000,-1,400.000,-1,325.000,325.000,300.000,300.000,300.000,200.000,150.000,250.000,875.000,800.000,-1,-1,2,0,2,0,2,0,0,0,0,1,1,1,1,0,0,2,2
58,4512.947,9342.776,-44.010,157.971,-0.925069,-0.373610,0.068283,0.377915,-0.923364,0.067662,0.037771,0.088397,0.995369,0,-0.30741,0.72910,-18.445,1.458,-1,400.000,-1,400.000,-1,325.000,325.000,300.000,275.000,300.000,175.000,125.000,250.000,900.000,800.000,-1,-1,2,0,2,0,2,0,0,1,0,1,1,1,1,0,0,2,2
59,4530.388,9336.229,-44.717,159.424,-0.934205,-0.350081,0.068594,0.354485,-0.932557,0.068390,0.040025,0.088206,0.995298,0,-0.31047,0.72654,-18.628,1.453,-1,400.000,-1,400.000,-1,325.000,325.000,300.000,275.000,300.000,150.000,100.000,225.000,900.000,800.000,-1,-1,2,0,2,0,2,0,0,1,0,1,1,1,1,0,0,2,2
60,4548.167,9330.073,-43.212,160.872,-0.943241,-0.326638,0.060037,0.330177,-0.941775,0.063583,0.035772,0.079797,0.996169,0,-0.31355,0.72393,-18.813,1.448,-1,400.000,-1,400.000,-1,325.000,325.000,300.000,300.000,300.000,125.000,100.000,225.000,850.000,775.000,-1,-1,2,0,2,0,2,0,0,1,0,1,1,1,1,0,0,2,2
61,4561.505,9325.769,-41.695,162.080,-0.950308,-0.306898,0.052226,0.309706,-0.949023,0.058634,0.031569,0.071895,0.996912,0,-0.23355,0.60393,-14.013,1.208,-1,400.000,-1,400.000,-1,325.000,325.000,300.000,325.000,300.000,125.000,75.000,225.000,800.000,775.000,-1,-1,2,0,2,0,2,0,0,1,0,1,1,1,1,0,0,2,2
62,4570.320,9323.088,-40.814,163.048,-0.955558,-0.290925,0.047655,0.293336,-0.954401,0.055425,0.029357,0.066941,0.997325,0,-0.15355,0.48393,-9.213,0.968,-1,375.000,-1,400.000,-1,325.000,325.000,275.000,325.000,300.000,100.000,75.000,250.000,750.000,750.000,-1,-1,2,0,2,0,2,0,0,1,0,1,1,1,1,0,0,2,2
63,4574.558,9321.856,-40.547,163.775,-0.959236,-0.278815,0.046143,0.281103,-0.958149,0.054145,0.029115,0.064909,0.997466,0,-0.07355,0.36393,-4.413,0.728,-1,375.000,-1,400.000,-1,325.000,325.000,275.000,325.000,300.000,100.000,75.000,250.000,750.000,750.000,-1,-1,2,0,2,0,2,0,0,1,0,1,1,1,1,0,0,2,2
64,4574.186,9321.960,-40.875,164.263,-0.961508,-0.270631,0.047560,0.273044,-0.960433,0.054902,0.030819,0.065775,0.997358,0,0.00645,0.24393,0.387,0.488,-1,375.000,-1,400.000,-1,325.000,325.000,275.000,325.000,300.000,100.000,75.000,250.000,750.000,750.000,-1,-1,2,0,2,0,2,0,0,1,0,1,1,1,1,0,0,2,2
65,4569.186,9323.341,-41.786,164.511,-0.962467,-0.266406,0.051826,0.269206,-0.961351,0.057733,0.034442,0.069518,0.996986,0,0.08645,0.12393,5.187,0.248,-1,400.000,-1,400.000,-1,325.000,325.000,275.000,325.000,300.000,100.000,75.000,250.000,800.000,775.000,-1,-1,2,0,2,0,2,0,0,1,0,1,1,1,1,0,0,2,2
66,4559.559,9326.000,-43.274,164.519,-0.962130,-0.266146,0.058920,0.269645,-0.960923,0.062603,0.039956,0.076120,0.996298,0,0.16645,0.00393,9.987,0.008,-1,400.000,-1,400.000,-1,325.000,325.000,300.000,300.000,300.000,100.000,75.000,250.000,850.000,775.000,-1,-1,2,0,2,0,2,0,0,1,0,1,1,1,1,0,0,2,2
67,4545.306,9329.939,-45.387,164.504,-0.961443,-0.266190,0.069065,0.270819,-0.960113,0.069572,0.047790,0.085594,0.995183,0,0.24645,-0.00744,14.787,-0.015,-1,425.000,-1,400.000,-1,325.000,325.000,300.000,275.000,300.000,125.000,75.000,250.000,925.000,800.000,-1,-1,2,0,2,0,2,0,0,1,0,1,1,1,1,0,0,2,2
68,4526.432,9335.176,-44.547,164.493,-0.961410,-0.266383,0.068785,0.270957,-0.960122,0.068911,0.047685,0.084889,0.995249,0,0.32645,-0.00528,19.587,-0.011,-1,425.000,-1,400.000,-1,325.000,325.000,300.000,275.000,300.000,125.000,100.000,275.000,925.000,800.000,-1,-1,2,0,2,0,2,0,0,1,0,1,1,1,1,0,0,2,2
69,4502.934,9341.699,-43.530,164.489,-0.961412,-0.266481,0.068371,0.270988,-0.960160,0.068249,0.047460,0.084143,0.995323,0,0.40645,-0.00242,24.387,-0.005,-1,425.000,-1,400.000,-1,325.000,325.000,300.000,275.000,325.000,150.000,125.000,300.000,925.000,800.000,-1,-1,2,0,2,0,2,0,0,1,0,1,1,1,1,0,0,2,2
70,4474.810,9349.504,-42.376,164.491,-0.961464,-0.266456,0.067735,0.270888,-0.960221,0.067790,0.046978,0.083526,0.995398,0,0.48645,0.00116,29.187,0.002,-1,400.000,-1,400.000,-1,325.000,325.000,300.000,275.000,325.000,175.000,150.000,325.000,925.000,800.000,-1,-1,2,0,2,0,2,0,0,1,0,1,1,1,1,0,0,2,2
71,4442.060,9358.586,-41.022,164.502,-0.961563,-0.266289,0.066986,0.270634,-0.960328,0.067290,0.046410,0.082832,0.995482,0,0.56645,0.00546,33.987,0.011,-1,400.000,-1,400.000,-1,325.000,325.000,300.000,275.000,350.000,225.000,200.000,375.000,950.000,825.000,-1,-1,2,0,2,0,2,0,0,0,0,1,1,1,1,0,0,2,2
72,4405.314,9368.762,-39.396,164.523,-0.961737,-0.265961,0.065775,0.270171,-0.960512,0.066514,0.045487,0.081739,0.995615,0,0.63549,0.01050,38.129,0.021,-1,400.000,-1,400.000,-1,325.000,325.000,300.000,275.000,375.000,250.000,225.000,425.000,950.000,825.000,-1,-1,2,0,2,0,2,0,0,0,0,1,1,1,1,0,0,2,2
73,4363.897,9380.055,-37.524,164.751,-0.962876,-0.262170,0.064314,0.266228,-0.961672,0.065655,0.044637,0.080340,0.995768,0,0.71549,0.11389,42.929,0.228,-1,400.000,-1,400.000,-1,325.000,325.000,300.000,275.000,400.000,300.000,275.000,475.000,950.000,825.000,-1,-1,2,0,2,0,2,0,0,0,0,1,1,1,1,0,0,2,2
74,4319.335,9392.005,-35.501,164.991,-0.964060,-0.258157,0.062802,0.262062,-0.962871,0.064835,0.043733,0.078963,0.995918,0,0.76894,0.12033,46.136,0.241,-1,400.000,-1,400.000,-1,325.000,325.000,300.000,300.000,425.000,350.000,325.000,550.000,950.000,825.000,-1,-1,2,0,2,0,2,0,0,0,0,1,1,1,1,0,0,2,2
75,4274.459,9403.825,-33.453,165.246,-0.965283,-0.253902,0.061335,0.257665,-0.964105,0.064116,0.042854,0.077694,0.996056,0,0.77345,0.12730,46.407,0.255,-1,400.000,-1,400.000,-1,325.000,325.000,300.000,300.000,450.000,400.000,375.000,625.000,950.000,850.000,-1,-1,2,0,2,0,2,0,0,0,0,1,1,1,1,0,0,2,2
76,4229.255,9415.504,-31.378,165.515,-0.966546,-0.249400,0.059911,0.253033,-0.965372,0.063496,0.042000,0.076531,0.996182,0,0.77815,0.13435,46.689,0.269,-1,400.000,-1,400.000,-1,325.000,325.000,300.000,300.000,475.000,450.000,400.000,700.000,950.000,850.000,-1,-1,2,0,2,0,2,0,0,0,0,1,1,1,1,0,0,2,2
77,4183.709,9427.032,-29.277,165.798,-0.967844,-0.244648,0.058528,0.248160,-0.966670,0.062973,0.041171,0.075473,0.996298,0,0.78304,0.14150,46.982,0.283,-1,400.000,-1,400.000,-1,325.000,325.000,300.000,300.000,500.000,500.000,450.000,825.000,950.000,850.000,-1,-1,2,0,2,0,2,0,0,0,0,1,1,1,1,0,0,2,2
78,4137.810,9438.397,-27.146,166.095,-0.969175,-0.239644,0.057185,0.243043,-0.967997,0.062547,0.040366,0.074518,0.996402,0,0.78809,0.14872,47.286,0.297,-1,425.000,-1,400.000,-1,325.000,325.000,325.000,300.000,525.000,525.000,500.000,-1,950.000,875.000,-1,-1,2,0,2,0,2,0,0,0,0,1,1,1,2,0,0,2,2
79,4091.545,9449.584,-24.986,166.407,-0.970537,-0.234384,0.055880,0.237679,-0.969349,0.062216,0.039585,0.073665,0.996497,0,0.79330,0.15602,47.598,0.312,-1,425.000,-1,400.000,-1,325.000,325.000,325.000,300.000,550.000,575.000,550.000,-1,975.000,875.000,-1,-1,2,0,2,0,2,0,0,0,0,1,1,1,2,0,0,2,2
80,4044.904,9460.581,-22.794,166.734,-0.971926,-0.228863,0.054611,0.232063,-0.970724,0.061978,0.038827,0.072911,0.996582,0,0.79867,0.16341,47.920,0.327,-1,425.000,-1,400.000,-1,325.000,325.000,325.000,300.000,600.000,625.000,600.000,-1,975.000,875.000,-1,-1,2,0,2,0,2,0,0,0,0,1,1,1,2,0,0,2,2
81,3997.877,9471.374,-20.638,167.076,-0.973328,-0.223084,0.053527,0.226194,-0.972138,0.061514,0.038313,0.071981,0.996670,0,0.80417,0.17088,48.250,0.342,-1,425.000,-1,400.000,-1,325.000,325.000,325.000,300.000,625.000,675.000,650.000,-1,1000.000,875.000,-1,-1,2,0,2,0,2,0,0,0,0,1,1,1,2,0,0,2,2
82,3949.421,9481.980,-18.843,167.657,-0.975639,-0.213246,0.051525,0.216145,-0.974553,0.059391,0.037549,0.069081,0.996904,0,0.82673,0.29088,49.604,0.582,-1,425.000,-1,425.000,-1,325.000,325.000,325.000,300.000,675.000,725.000,700.000,-1,1000.000,900.000,-1,-1,2,0,2,0,2,0,0,0,0,1,1,1,2,0,0,2,2
83,3900.645,9491.990,-17.114,168.407,-0.978456,-0.200533,0.049101,0.203189,-0.977485,0.056903,0.036584,0.065653,0.997172,0,0.82989,0.37457,49.794,0.749,-1,425.000,-1,425.000,-1,325.000,325.000,300.000,300.000,700.000,775.000,750.000,-1,1000.000,900.000,-1,-1,2,0,2,0,2,0,0,0,0,1,1,1,2,0,0,2,2
84,3851.541,9501.409,-15.782,169.143,-0.981055,-0.187965,0.046903,0.190461,-0.980093,0.056060,0.035432,0.063931,0.997325,0,0.83333,0.36847,50.000,0.737,-1,425.000,-1,425.000,-1,325.000,325.000,300.000,300.000,750.000,825.000,800.000,-1,1000.000,900.000,-1,-1,2,0,2,0,2,0,0,0,0,1,1,1,2,0,0,2,2
85,3802.112,9510.243,-14.599,169.868,-0.983472,-0.175565,0.044262,0.177906,-0.982449,0.056059,0.033643,0.063007,0.997446,0,0.83687,0.36231,50.212,0.725,-1,425.000,-1,425.000,-1,325.000,325.000,300.000,300.000,775.000,875.000,850.000,-1,1000.000,900.000,-1,-1,2,0,2,0,2,0,0,0,0,1,1,1,2,0,0,2,2
86,3752.363,9518.498,-13.366,170.580,-0.985690,-0.163349,0.041612,0.165536,-0.984610,0.056042,0.031817,0.062128,0.997561,0,0.84050,0.35609,50.430,0.712,-1,425.000,-1,400.000,-1,325.000,325.000,300.000,300.000,825.000,925.000,900.000,-1,975.000,875.000,-1,-1,2,0,2,0,2,0,0,0,0,1,1,1,2,0,0,2,2
87,3702.295,9526.178,-12.084,171.280,-0.987717,-0.151323,0.038950,0.153357,-0.986582,0.056005,0.029953,0.061290,0.997670,0,0.84422,0.34981,50.653,0.700,-1,400.000,-1,400.000,-1,325.000,325.000,300.000,300.000,875.000,975.000,975.000,-1,975.000,875.000,-1,-1,2,0,2,0,2,0,0,0,0,1,1,1,2,0,0,2,2
88,3651.914,9533.290,-10.753,171.967,-0.989559,-0.139490,0.036275,0.141374,-0.988374,0.055945,0.028049,0.060489,0.997775,0,0.84803,0.34347,50.882,0.687,-1,400.000,-1,400.000,-1,325.000,325.000,300.000,300.000,925.000,-1,-1,-1,975.000,875.000,-1,-1,2,0,2,0,2,0,0,0,0,1,2,2,2,0,0,2,2
89,3606.236,9539.374,-9.517,172.414,-0.990700,-0.131781,0.033862,0.133527,-0.989467,0.055899,0.026139,0.059901,0.997862,0,0.76803,0.22347,46.082,0.447,-1,400.000,-1,400.000,-1,325.000,325.000,300.000,300.000,975.000,-1,-1,-1,950.000,875.000,-1,-1,2,0,2,0,2,0,0,0,0,1,2,2,2,0,0,2,2
90,3565.296,9544.677,-8.393,172.621,-0.991240,-0.128209,0.031715,0.129832,-0.989959,0.055894,0.024230,0.059522,0.997933,0,0.68803,0.10347,41.282,0.207,-1,400.000,-1,400.000,-1,325.000,325.000,300.000,300.000,-1,-1,-1,-1,950.000,850.000,-1,-1,2,0,2,0,2,0,0,0,0,2,2,2,2,0,0,2,2
91,3529.119,9549.383,-7.390,172.588,-0.991224,-0.128782,0.029840,0.130293,-0.989895,0.055951,0.022333,0.059348,0.997987,0,0.60803,-0.01653,36.482,-0.033,-1,400.000,-1,400.000,-1,325.000,325.000,325.000,300.000,-1,-1,-1,-1,950.000,850.000,-1,-1,2,0,2,0,2,0,0,0,0,2,2,2,2,0,0,2,2
92,3493.955,9554.129,-6.413,172.315,-0.990652,-0.133498,0.028048,0.134900,-0.989270,0.056100,0.020258,0.059359,0.998031,0,0.59138,-0.13653,35.483,-0.273,-1,400.000,-1,400.000,-1,325.000,325.000,325.000,300.000,-1,-1,-1,-1,950.000,850.000,-1,-1,2,0,2,0,2,0,0,0,0,2,2,2,2,0,0,2,2
93,3458.673,9559.212,-5.436,171.802,-0.989467,-0.142349,0.026294,0.143639,-0.988023,0.056370,0.017955,0.059553,0.998064,0,0.59411,-0.25653,35.647,-0.513,-1,400.000,-1,400.000,-1,325.000,325.000,325.000,300.000,-1,-1,-1,-1,925.000,850.000,-1,-1,2,0,2,0,2,0,0,0,0,2,2,2,2,0,0,2,2
94,3423.294,9564.785,-4.465,171.049,-0.987558,-0.155318,0.024595,0.156495,-0.986045,0.056792,0.015431,0.059935,0.998083,0,0.59692,-0.37653,35.815,-0.753,-1,400.000,-1,400.000,-1,325.000,325.000,325.000,300.000,-1,-1,-1,-1,925.000,825.000,-1,-1,2,0,2,0,2,0,0,0,0,2,2,2,2,0,0,2,2
95,3387.844,9571.001,-3.505,170.055,-0.984763,-0.172379,0.022973,0.173439,-0.983171,0.057397,0.012692,0.060507,0.998087,0,0.59984,-0.49653,35.990,-0.993,-1,400.000,-1,400.000,-1,325.000,325.000,325.000,300.000,-1,-1,-1,-1,925.000,825.000,-1,-1,2,0,2,0,2,0,0,0,0,2,2,2,2,0,0,2,2
96,3352.356,9578.013,-2.561,168.822,-0.980868,-0.193487,0.021457,0.194429,-0.979188,0.058216,0.009747,0.061274,0.998073,0,0.60290,-0.61653,36.174,-1.233,-1,400.000,-1,400.000,-1,325.000,325.000,325.000,300.000,-1,-1,-1,-1,900.000,825.000,-1,-1,2,0,2,0,2,0,0,0,0,2,2,2,2,0,0,2,2
97,3316.852,9585.898,-2.041,167.479,-0.976089,-0.216394,0.020569,0.217236,-0.974427,0.057447,0.007612,0.060542,0.998137,0,0.60615,-0.67152,36.369,-1.343,-1,400.000,-1,400.000,-1,325.000,325.000,325.000,300.000,-1,-1,-1,-1,900.000,825.000,-1,-1,2,0,2,0,2,0,0,0,0,2,2,2,2,0,0,2,2
98,3281.342,9594.671,-1.781,166.126,-0.970740,-0.239371,0.019119,0.240079,-0.969138,0.055988,0.005127,0.058940,0.998248,0,0.60961,-0.67669,36.576,-1.353,-1,400.000,-1,400.000,-1,325.000,325.000,325.000,325.000,-1,-1,-1,-1,875.000,825.000,-1,-1,2,0,2,0,2,0,0,0,0,2,2,2,2,0,0,2,2
99,3245.838,9604.344,-1.545,164.762,-0.964799,-0.262395,0.017686,0.262976,-0.963250,0.054703,0.002682,0.057428,0.998346,0,0.61329,-0.68196,36.797,-1.364,-1,400.000,-1,400.000,-1,325.000,325.000,325.000,325.000,-1,-1,-1,-1,875.000,850.000,-1,-1,2,0,2,0,2,0,0,0,0,2,2,2,2,0,0,2,2
100,3210.353,9614.932,-1.514,163.387,-0.958246,-0.285440,0.016984,0.285944,-0.956719,0.054086,0.000811,0.056684,0.998392,0,0.61718,-0.68735,37.031,-1.375,-1,400.000,-1,400.000,-1,325.000,325.000,325.000,325.000,-1,-1,-1,-1,875.000,875.000,-1,-1,2,0,2,0,2,0,0,0,0,2,2,2,2,0,0,2,2
101,3175.033,9626.403,-1.656,162.008,-0.951114,-0.308391,0.016666,0.308839,-0.949574,0.054105,-0.000860,0.056607,0.998396,0,0.61893,-0.68972,37.136,-1.379,-1,400.000,-1,400.000,-1,325.000,325.000,325.000,325.000,-1,-1,-1,-1,875.000,900.000,-1,-1,2,0,2,0,2,0,0,0,0,2,2,2,2,0,0,2,2
102,3139.999,9638.721,-1.899,160.628,-0.943435,-0.331154,0.016327,0.331546,-0.941856,0.054628,-0.002712,0.056951,0.998373,0,0.61893,-0.68972,37.136,-1.379,-1,400.000,-1,400.000,-1,325.000,325.000,325.000,325.000,-1,-1,-1,-1,875.000,925.000,-1,-1,2,0,2,0,2,0,0,0,0,2,2,2,2,0,0,2,2
103,3105.271,9651.878,-2.196,159.249,-0.935213,-0.353727,0.015948,0.354056,-0.933596,0.055163,-0.004624,0.057236,0.998350,0,0.61893,-0.68972,37.136,-1.379,-1,400.000,-1,400.000,-1,325.000,325.000,325.000,325.000,-1,-1,-1,-1,900.000,950.000,-1,-1,2,0,2,0,2,0,0,0,0,2,2,2,2,0,0,2,2
104,3070.871,9665.869,-2.741,157.870,-0.926459,-0.376111,0.014637,0.376326,-0.924840,0.055223,-0.007233,0.056670,0.998367,0,0.61893,-0.68972,37.136,-1.379,-1,400.000,-1,400.000,-1,325.000,325.000,325.000,325.000,-1,-1,-1,-1,875.000,950.000,-1,-1,2,0,2,0,2,0,0,0,0,2,2,2,2,0,0,2,2
105,3036.818,9680.684,-3.312,156.490,-0.917167,-0.398278,0.013374,0.398381,-0.915544,0.055413,-0.009826,0.056151,0.998374,0,0.61893,-0.68972,37.136,-1.379,-1,400.000,-1,400.000,-1,325.000,325.000,325.000,325.000,-1,-1,-1,-1,875.000,975.000,-1,-1,2,0,2,0,2,0,0,0,0,2,2,2,2,0,0,2,2
106,3003.131,9696.314,-3.909,155.111,-0.907343,-0.420214,0.012165,0.420207,-0.905715,0.055735,-0.012403,0.055683,0.998371,0,0.61893,-0.68972,37.136,-1.379,-1,400.000,-1,400.000,-1,325.000,325.000,325.000,325.000,-1,-1,-1,-1,875.000,975.000,-1,-1,2,0,2,0,2,0,0,0,0,2,2,2,2,0,0,2,2
107,2969.830,9712.750,-4.530,153.731,-0.896994,-0.441906,0.011017,0.441790,-0.895357,0.056189,-0.014966,0.055269,0.998359,0,0.61893,-0.68972,37.136,-1.379,-1,400.000,-1,400.000,-1,325.000,325.000,325.000,325.000,-1,-1,-1,-1,875.000,975.000,-1,-1,2,0,2,0,2,0,0,0,0,2,2,2,2,0,0,2,2
108,2936.934,9729.984,-5.173,152.352,-0.886124,-0.463342,0.009940,0.463117,-0.884477,0.056775,-0.017515,0.054913,0.998338,0,0.61893,-0.68972,37.136,-1.379,-1,400.000,-1,400.000,-1,325.000,325.000,325.000,325.000,-1,-1,-1,-1,875.000,1000.000,-1,-1,2,0,2,0,2,0,0,0,0,2,2,2,2,0,0,2,2
109,2904.463,9748.004,-5.837,150.972,-0.874741,-0.484508,0.008940,0.484175,-0.873080,0.057492,-0.020050,0.054620,0.998306,0,0.61893,-0.68972,37.136,-1.379,-1,400.000,-1,400.000,-1,325.000,325.000,325.000,325.000,-1,-1,-1,-1,850.000,1000.000,-1,-1,2,0,2,0,2,0,0,0,0,2,2,2,2,0,0,2,2
110,2872.435,9766.800,-6.521,149.593,-0.862853,-0.505392,0.008026,0.504951,-0.861174,0.058341,-0.022573,0.054392,0.998264,0,0.61893,-0.68972,37.136,-1.379,-1,400.000,-1,425.000,-1,325.000,325.000,325.000,325.000,-1,-1,-1,-1,850.000,-1,-1,-1,2,0,2,0,2,0,0,0,0,2,2,2,2,0,2,2,2
111,2840.869,9786.363,-7.222,148.213,-0.850466,-0.525981,0.007205,0.525432,-0.848765,0.059318,-0.025085,0.054233,0.998213,0,0.61893,-0.68972,37.136,-1.379,-1,400.000,-1,425.000,-1,325.000,325.000,325.000,325.000,-1,-1,-1,-1,850.000,-1,-1,-1,2,0,2,0,2,0,0,0,0,2,2,2,2,0,2,2,2
112,2809.782,9806.679,-8.433,146.834,-0.837604,-0.546240,0.006385,0.545547,-0.835824,0.061460,-0.028235,0.054962,0.998089,0,0.61893,-0.68972,37.136,-1.379,-1,400.000,-1,425.000,-1,325.000,325.000,325.000,325.000,-1,-1,-1,-1,850.000,-1,-1,-1,2,0,2,0,2,0,0,0,0,2,2,2,2,0,2,2,2
113,2779.194,9827.737,-9.803,145.455,-0.824256,-0.566188,0.005754,0.565361,-0.822409,0.063322,-0.031120,0.055446,0.997977,0,0.61893,-0.68972,37.136,-1.379,-1,400.000,-1,425.000,-1,325.000,325.000,325.000,325.000,-1,-1,-1,-1,825.000,-1,-1,-1,2,0,2,0,2,0,0,0,0,2,2,2,2,0,2,2,2
114,2749.121,9849.526,-11.199,144.075,-0.810438,-0.585801,0.005265,0.584834,-0.808512,0.065402,-0.034056,0.056084,0.997845,0,0.61893,-0.68972,37.136,-1.379,-1,400.000,-1,425.000,-1,325.000,325.000,325.000,325.000,-1,-1,-1,-1,850.000,-1,-1,-1,2,0,2,0,2,0,0,0,0,2,2,2,2,0,2,2,2
115,2719.582,9872.033,-12.619,142.696,-0.796159,-0.605068,0.004933,0.603953,-0.794140,0.067696,-0.037043,0.056876,0.997694,0,0.61893,-0.68972,37.136,-1.379,-1,400.000,-1,425.000,-1,325.000,325.000,325.000,325.000,-1,-1,-1,-1,850.000,-1,-1,-1,2,0,2,0,2,0,0,0,0,2,2,2,2,0,2,2,2
116,2690.593,9895.244,-14.202,141.316,-0.781416,-0.623997,0.004046,0.622691,-0.779327,0.070034,-0.040548,0.057245,0.997536,0,0.61893,-0.68972,37.136,-1.379,-1,400.000,-1,425.000,-1,325.000,325.000,325.000,325.000,-1,-1,-1,-1,850.000,-1,-1,-1,2,0,2,0,2,0,0,0,0,2,2,2,2,0,2,2,2
117,2662.172,9919.147,-15.818,139.937,-0.766229,-0.642560,0.003275,0.641050,-0.764058,0.072595,-0.044144,0.057723,0.997356,0,0.61893,-0.68972,37.136,-1.379,-1,400.000,-1,425.000,-1,325.000,325.000,325.000,325.000,-1,-1,-1,-1,850.000,-1,-1,-1,2,0,2,0,2,0,0,0,0,2,2,2,2,0,2,2,2
118,2634.334,9943.727,-17.673,138.557,-0.750578,-0.660777,0.002625,0.659100,-0.748379,0.074267,-0.047110,0.057473,0.997235,0,0.61893,-0.68972,37.136,-1.379,-1,400.000,-1,425.000,-1,325.000,325.000,325.000,325.000,-1,-1,-1,-1,850.000,-1,-1,-1,2,0,2,0,2,0,0,0,0,2,2,2,2,0,2,2,2
119,2607.096,9968.970,-19.619,137.178,-0.734490,-0.678616,0.002085,0.676781,-0.732271,0.075809,-0.049918,0.057092,0.997120,0,0.61893,-0.68972,37.136,-1.379,-1,400.000,-1,425.000,-1,325.000,325.000,325.000,325.000,-1,-1,-1,-1,875.000,-1,-1,-1,2,0,2,0,2,0,0,0,0,2,2,2,2,0,2,2,2
120,2580.452,9994.884,-21.603,135.797,-0.717960,-0.696083,0.001672,0.694084,-0.715712,0.077481,-0.052736,0.056788,0.996992,0,0.61944,-0.69063,37.166,-1.381,-1,400.000,-1,425.000,-1,325.000,350.000,325.000,325.000,-1,-1,-1,-1,875.000,-1,-1,-1,2,0,2,0,2,0,0,0,0,2,2,2,2,0,2,2,2
121,2550.956,10024.737,-23.881,134.655,-0.704001,-0.710198,0.001245,0.708021,-0.701704,0.079480,-0.055573,0.056836,0.996836,0,0.69944,-0.57063,41.966,-1.141,-1,400.000,-1,425.000,-1,325.000,350.000,325.000,325.000,-1,-1,-1,-1,875.000,-1,-1,-1,2,0,2,0,2,0,0,0,0,2,2,2,2,0,2,2,2
122,2518.652,10058.477,-26.595,133.754,-0.692822,-0.721107,0.001483,0.718771,-0.690408,0.081885,-0.058024,0.057798,0.996641,0,0.77851,-0.45063,46.711,-0.901,-1,425.000,-1,425.000,-1,325.000,350.000,325.000,325.000,-1,-1,-1,-1,875.000,-1,-1,-1,2,0,2,0,2,0,0,0,0,2,2,2,2,0,2,2,2
123,2486.780,10092.788,-29.332,132.890,-0.681957,-0.731390,0.001785,0.728884,-0.679414,0.084404,-0.060519,0.058861,0.996430,0,0.78049,-0.43199,46.829,-0.864,-1,425.000,-1,425.000,-1,350.000,350.000,325.000,325.000,-1,-1,-1,-1,875.000,-1,-1,-1,2,0,2,0,2,0,0,0,0,2,2,2,2,0,2,2,2
124,2455.355,10127.666,-32.428,132.019,-0.670794,-0.741643,0.000413,0.738860,-0.668228,0.086930,-0.064195,0.058617,0.996214,0,0.78244,-0.43546,46.946,-0.871,-1,425.000,-1,425.000,-1,350.000,350.000,325.000,325.000,-1,-1,-1,-1,875.000,-1,-1,-1,2,0,2,0,2,0,0,0,0,2,2,2,2,0,2,2,2
125,2424.393,10163.110,-35.856,131.141,-0.659320,-0.751858,-0.002498,0.748692,-0.656842,0.089545,-0.068966,0.057169,0.995980,0,0.78437,-0.43895,47.062,-0.878,-1,400.000,-1,425.000,-1,325.000,350.000,325.000,325.000,-1,-1,-1,-1,850.000,1000.000,-1,-1,2,0,2,0,2,0,0,0,0,2,2,2,2,0,0,2,2
126,2393.908,10199.114,-39.304,130.256,-0.647589,-0.761971,-0.005294,0.758407,-0.645202,0.092374,-0.073802,0.055805,0.995710,0,0.78626,-0.44246,47.176,-0.885,-1,400.000,-1,425.000,-1,325.000,350.000,325.000,325.000,-1,-1,-1,-1,825.000,975.000,-1,-1,2,0,2,0,2,0,0,0,0,2,2,2,2,0,0,2,2
127,2363.916,10235.675,-42.768,129.364,-0.635599,-0.771978,-0.007968,0.767997,-0.633307,0.095412,-0.078702,0.054524,0.995406,0,0.78813,-0.44599,47.288,-0.892,-1,400.000,-1,425.000,-1,325.000,325.000,325.000,325.000,-1,-1,-1,-1,800.000,950.000,-1,-1,2,0,2,0,2,0,0,0,0,2,2,2,2,0,0,2,2
128,2334.433,10272.788,-46.372,128.465,-0.623385,-0.781852,-0.009942,0.777465,-0.621141,0.098655,-0.083309,0.053770,0.995072,0,0.78996,-0.44954,47.398,-0.899,-1,400.000,-1,425.000,-1,325.000,325.000,325.000,325.000,-1,-1,-1,-1,800.000,925.000,-1,-1,2,0,2,0,2,0,0,0,0,2,2,2,2,0,0,2,2
129,2305.475,10310.448,-50.426,127.559,-0.611015,-0.791555,-0.010032,0.786857,-0.608679,0.101809,-0.086694,0.054313,0.994753,0,0.79175,-0.45311,47.505,-0.906,-1,400.000,-1,425.000,-1,325.000,325.000,300.000,325.000,-1,-1,-1,-1,800.000,925.000,-1,-1,2,0,2,0,2,0,0,0,0,2,2,2,2,0,0,2,2
130,2277.058,10348.649,-54.691,126.646,-0.598384,-0.801147,-0.010031,0.796171,-0.595975,0.104526,-0.089719,0.054560,0.994472,0,0.79351,-0.45671,47.611,-0.913,-1,400.000,-1,425.000,-1,325.000,325.000,300.000,325.000,-1,-1,-1,-1,775.000,900.000,-1,-1,2,0,2,0,2,0,0,0,0,2,2,2,2,0,0,2,2
131,2249.198,10387.385,-58.998,125.725,-0.585513,-0.810603,-0.009815,0.805344,-0.583014,0.107311,-0.092709,0.054928,0.994177,0,0.79522,-0.46034,47.713,-0.921,-1,400.000,-1,425.000,-1,325.000,325.000,300.000,325.000,-1,-1,-1,-1,775.000,900.000,-1,-1,2,0,2,0,2,0,0,0,0,2,2,2,2,0,0,2,2
132,2221.912,10426.648,-63.423,124.797,-0.572425,-0.819904,-0.009278,0.814332,-0.569785,0.110494,-0.095881,0.055694,0.993834,0,0.79688,-0.46399,47.813,-0.928,-1,400.000,-1,425.000,-1,325.000,325.000,300.000,325.000,-1,-1,-1,-1,775.000,875.000,-1,-1,2,0,2,0,2,0,0,0,0,2,2,2,2,0,0,2,2
133,2195.217,10466.433,-68.113,123.862,-0.559165,-0.829016,-0.008190,0.823044,-0.556271,0.114719,-0.099660,0.057407,0.993364,0,0.79850,-0.46766,47.910,-0.935,-1,400.000,-1,425.000,-1,325.000,325.000,300.000,300.000,-1,-1,-1,-1,775.000,850.000,-1,-1,2,0,2,0,2,0,0,0,0,2,2,2,2,0,0,2,2
134,2169.129,10506.730,-72.824,122.919,-0.545673,-0.837970,-0.006865,0.831601,-0.542500,0.118881,-0.103343,0.059161,0.992885,0,0.80005,-0.47137,48.003,-0.943,-1,375.000,-1,400.000,-1,325.000,325.000,300.000,300.000,-1,-1,-1,-1,750.000,825.000,-1,-1,2,0,2,0,2,0,0,0,0,2,2,2,2,0,0,2,2
