timestep,x_cm,y_cm,z_cm,yaw_deg,basis_xx,basis_xy,basis_xz,basis_yx,basis_yy,basis_yz,basis_zx,basis_zy,basis_zz,teleport_flag,throttle_cmd,steering_cmd,cmd_move_cm,cmd_turn_deg,lidar_cm_0,lidar_cm_1,lidar_cm_2,lidar_cm_3,lidar_cm_4,lidar_cm_5,lidar_cm_6,lidar_cm_7,lidar_cm_8,lidar_cm_9,lidar_cm_10,lidar_cm_11,lidar_cm_12,lidar_cm_13,lidar_cm_14,lidar_cm_15,lidar_cm_16,lidar_class_0,lidar_class_1,lidar_class_2,lidar_class_3,lidar_class_4,lidar_class_5,lidar_class_6,lidar_class_7,lidar_class_8,lidar_class_9,lidar_class_10,lidar_class_11,lidar_class_12,lidar_class_13,lidar_class_14,lidar_class_15,lidar_class_16
0,5574.776,4268.317,-356.645,97.529,-0.133023,-0.989451,0.057380,0.990547,-0.130768,0.041426,-0.033485,0.062349,0.997493,1,0.08000,-0.12000,4.800,-0.240,875.000,350.000,-1,400.000,-1,300.000,325.000,325.000,325.000,975.000,350.000,300.000,950.000,625.000,750.000,1000.000,-1,0,0,2,0,2,0,0,0,0,1,1,0,1,0,0,0,2
1,5573.597,4277.844,-356.997,97.049,-0.124729,-0.990496,0.057961,0.991625,-0.122472,0.040998,-0.033510,0.062589,0.997477,0,0.16000,-0.24000,9.600,-0.480,900.000,350.000,-1,400.000,-1,300.000,325.000,325.000,325.000,950.000,350.000,300.000,925.000,625.000,750.000,-1,-1,0,0,2,0,2,0,0,0,0,1,1,0,1,0,0,2,2
2,5572.010,4292.157,-357.534,96.329,-0.112274,-0.991934,0.058827,0.993110,-0.110013,0.040369,-0.033572,0.062954,0.997452,0,0.24000,-0.36000,14.400,-0.720,900.000,350.000,-1,400.000,-1,300.000,325.000,325.000,325.000,950.000,375.000,300.000,925.000,625.000,750.000,-1,-1,0,0,2,0,2,0,0,0,0,1,1,0,1,0,0,2,2
3,5570.213,4311.273,-358.266,95.369,-0.095644,-0.993607,0.059971,0.994845,-0.093376,0.039555,-0.033702,0.063445,0.997416,0,0.32000,-0.48000,19.200,-0.960,925.000,350.000,-1,400.000,-1,300.000,325.000,325.000,325.000,925.000,400.000,300.000,900.000,625.000,750.000,-1,-1,0,0,2,0,2,0,0,0,0,1,1,0,1,0,0,2,2
4,5568.468,4335.210,-359.210,94.169,-0.074824,-0.995306,0.061384,0.996619,-0.072544,0.038573,-0.033939,0.064063,0.997369,0,0.40000,-0.60000,24.000,-1.200,950.000,350.000,-1,400.000,-1,300.000,325.000,325.000,325.000,875.000,425.000,300.000,900.000,625.000,775.000,-1,-1,0,0,2,0,2,0,0,0,0,1,1,0,1,0,0,2,2
5,5567.030,4363.974,-360.375,92.861,-0.052112,-0.996648,0.063067,0.998056,-0.049816,0.037451,-0.034184,0.064896,0.997306,0,0.48000,-0.65362,28.800,-1.307,975.000,375.000,-1,400.000,-1,300.000,325.000,325.000,325.000,850.000,450.000,300.000,900.000,650.000,775.000,-1,-1,0,0,2,0,2,0,0,0,0,1,1,0,1,0,0,2,2
6,5566.166,4396.278,-361.723,91.530,-0.028955,-0.997469,0.064937,0.998988,-0.026639,0.036253,-0.034432,0.065921,0.997231,0,0.53857,-0.66583,32.314,-1.332,1000.000,375.000,-1,400.000,-1,300.000,325.000,325.000,325.000,825.000,475.000,300.000,900.000,650.000,775.000,-1,-1,0,0,2,0,2,0,0,0,0,1,1,0,1,0,0,2,2
7,5566.068,4429.169,-363.147,90.171,-0.005314,-0.997752,0.066796,0.999380,-0.002973,0.035096,-0.034818,0.066941,0.997149,0,0.54818,-0.67953,32.891,-1.359,-1,375.000,-1,400.000,-1,300.000,325.000,300.000,325.000,800.000,525.000,300.000,900.000,650.000,775.000,-1,-1,2,0,2,0,2,0,0,0,0,1,1,0,1,0,0,2,2
8,5566.902,4462.645,-364.673,88.572,0.022493,-0.997391,0.068593,0.999113,0.024869,0.033994,-0.035611,0.067768,0.997065,0,0.55810,-0.79953,33.486,-1.599,-1,375.000,-1,400.000,-1,300.000,325.000,300.000,325.000,800.000,550.000,300.000,900.000,650.000,775.000,-1,-1,2,0,2,0,2,0,0,0,0,1,1,0,1,0,0,2,2
9,5568.845,4496.690,-366.320,86.733,0.054437,-0.996039,0.070309,0.997837,0.056863,0.032972,-0.036839,0.068362,0.996980,0,0.56834,-0.91953,34.100,-1.839,-1,375.000,-1,400.000,-1,325.000,325.000,300.000,300.000,775.000,600.000,300.000,900.000,675.000,775.000,-1,-1,2,0,2,0,2,0,0,0,0,1,1,0,1,0,0,2,2
10,5572.034,4531.280,-368.102,84.733,0.089099,-0.993421,0.071940,0.995281,0.091587,0.032055,-0.038433,0.068745,0.996894,0,0.57892,-1.00000,34.735,-2.000,-1,375.000,-1,400.000,-1,325.000,325.000,300.000,300.000,775.000,650.000,325.000,900.000,675.000,800.000,-1,-1,2,0,2,0,2,0,0,0,0,1,1,0,1,0,0,2,2
11,5576.511,4566.388,-369.914,82.733,0.123594,-0.989570,0.074001,0.991504,0.126195,0.031545,-0.040555,0.069474,0.996759,0,0.58986,-1.00000,35.392,-2.000,-1,375.000,-1,400.000,-1,325.000,325.000,300.000,300.000,775.000,675.000,400.000,900.000,700.000,800.000,-1,-1,2,0,2,0,2,0,0,0,0,1,1,0,1,0,0,2,2
12,5582.319,4601.983,-371.708,80.733,0.157860,-0.984474,0.076753,0.986512,0.160639,0.031455,-0.043296,0.070753,0.996554,0,0.60108,-1.00000,36.065,-2.000,-1,375.000,-1,400.000,-1,325.000,325.000,300.000,300.000,800.000,750.000,575.000,925.000,700.000,775.000,-1,-1,2,0,2,0,2,0,0,0,0,1,1,0,1,0,0,2,2
13,5589.500,4638.027,-373.568,78.733,0.191907,-0.978199,0.079359,0.980317,0.194885,0.031590,-0.046367,0.071735,0.996345,0,0.61252,-1.00000,36.751,-2.000,-1,375.000,-1,400.000,-1,325.000,325.000,300.000,300.000,825.000,800.000,750.000,925.000,700.000,775.000,-1,-1,2,0,2,0,2,0,0,0,0,1,1,1,1,0,0,2,2
14,5598.295,4675.327,-375.401,76.733,0.225738,-0.970789,0.081303,0.972929,0.228902,0.031831,-0.049512,0.071917,0.996181,0,0.63870,-1.00000,38.322,-2.000,-1,375.000,-1,400.000,-1,325.000,325.000,275.000,300.000,875.000,875.000,800.000,950.000,700.000,775.000,-1,-1,2,0,2,0,2,0,0,0,0,1,1,1,1,0,0,2,2
15,5608.510,4712.748,-377.289,74.733,0.259320,-0.962227,0.082904,0.964363,0.262647,0.031939,-0.052507,0.071667,0.996046,0,0.64647,-1.00000,38.788,-2.000,-1,375.000,-1,400.000,-1,325.000,325.000,275.000,300.000,950.000,950.000,850.000,975.000,700.000,750.000,-1,-1,2,0,2,0,2,0,0,0,0,1,1,1,1,0,0,2,2
16,5620.174,4750.266,-379.318,72.733,0.292581,-0.952503,0.084466,0.954625,0.296077,0.032073,-0.055558,0.071249,0.995910,0,0.65481,-1.00000,39.288,-2.000,-1,375.000,-1,400.000,-1,325.000,325.000,275.000,300.000,-1,-1,925.000,975.000,675.000,750.000,-1,-1,2,0,2,0,2,0,0,0,0,2,2,1,1,0,0,2,2
17,5633.315,4787.857,-381.499,70.733,0.325486,-0.941631,0.085970,0.943726,0.329153,0.032229,-0.058645,0.070642,0.995776,0,0.66367,-1.00000,39.820,-2.000,-1,375.000,-1,400.000,-1,325.000,325.000,275.000,300.000,-1,-1,1000.000,1000.000,675.000,750.000,-1,-1,2,0,2,0,2,0,0,0,0,2,2,1,1,0,0,2,2
18,5647.963,4825.488,-383.842,68.733,0.357998,-0.929623,0.087396,0.931678,0.361836,0.032405,-0.061747,0.069824,0.995646,0,0.67301,-1.00000,40.381,-2.000,-1,375.000,-1,400.000,-1,325.000,325.000,275.000,300.000,-1,-1,-1,-1,675.000,725.000,-1,-1,2,0,2,0,2,0,0,0,0,2,2,2,2,0,0,2,2
19,5664.148,4863.124,-386.357,66.733,0.390081,-0.916496,0.088724,0.918495,0.394088,0.032600,-0.064843,0.068776,0.995523,0,0.68279,-1.00000,40.967,-2.000,-1,375.000,-1,400.000,-1,325.000,325.000,275.000,300.000,-1,-1,-1,-1,650.000,725.000,-1,-1,2,0,2,0,2,0,0,0,0,2,2,2,2,0,0,2,2
20,5681.898,4900.724,-389.050,64.733,0.421701,-0.902264,0.089939,0.904190,0.425870,0.032799,-0.067896,0.067491,0.995407,0,0.69297,-1.00000,41.578,-2.000,-1,375.000,-1,400.000,-1,325.000,325.000,275.000,300.000,-1,-1,-1,-1,650.000,700.000,-1,-1,2,0,2,0,2,0,0,0,0,2,2,2,2,0,0,2,2
21,5701.237,4938.244,-391.799,62.733,0.452828,-0.886911,0.091302,0.888811,0.457130,0.032372,-0.070448,0.066491,0.995297,0,0.70350,-1.00000,42.210,-2.000,-1,375.000,-1,400.000,-1,325.000,325.000,275.000,300.000,-1,-1,-1,-1,650.000,700.000,-1,-1,2,0,2,0,2,0,0,0,0,2,2,2,2,0,0,2,2
22,5722.192,4975.633,-394.726,60.733,0.483424,-0.870486,0.092496,0.872350,0.487843,0.031843,-0.072842,0.065296,0.995204,0,0.71433,-1.00000,42.860,-2.000,-1,375.000,-1,400.000,-1,325.000,325.000,275.000,300.000,-1,-1,-1,-1,650.000,675.000,975.000,-1,2,0,2,0,2,0,0,0,0,2,2,2,2,0,0,1,2
23,5746.444,5015.568,-398.069,58.733,0.513455,-0.853005,0.093518,0.854830,0.517971,0.031174,-0.075032,0.063936,0.995129,0,0.77869,-1.00000,46.721,-2.000,950.000,375.000,-1,400.000,-1,325.000,325.000,300.000,300.000,-1,-1,-1,-1,625.000,675.000,950.000,-1,1,0,2,0,2,0,0,0,0,2,2,2,2,0,0,1,2
24,5772.470,5055.236,-401.621,56.733,0.542890,-0.834493,0.094302,0.836266,0.547480,0.030407,-0.077003,0.062354,0.995079,0,0.79071,-1.00000,47.443,-2.000,900.000,375.000,-1,375.000,-1,325.000,325.000,300.000,300.000,-1,-1,-1,-1,625.000,675.000,900.000,-1,1,0,2,0,2,0,0,0,0,2,2,2,2,0,0,1,2
25,5800.270,5094.544,-405.359,54.733,0.571680,-0.814963,0.094957,0.816682,0.576330,0.029562,-0.078818,0.060649,0.995042,0,0.80240,-1.00000,48.144,-2.000,850.000,375.000,-1,375.000,-1,300.000,325.000,300.000,300.000,-1,-1,-1,-1,625.000,650.000,875.000,1000.000,1,0,2,0,2,0,0,0,0,2,2,2,2,0,0,1,1
26,5829.826,5133.402,-409.287,52.745,0.599629,-0.794566,0.095449,0.796225,0.604322,0.028640,-0.080438,0.058825,0.995022,0,0.81367,-0.99404,48.820,-1.988,800.000,350.000,-1,375.000,-1,300.000,325.000,300.000,300.000,-1,-1,-1,-1,600.000,650.000,825.000,950.000,1,0,2,0,2,0,0,0,0,2,2,2,2,0,0,1,1
27,5861.100,5171.729,-413.067,50.788,0.626531,-0.773537,0.095396,0.775200,0.631157,0.026587,-0.080776,0.057293,0.995084,0,0.82445,-0.97839,49.467,-1.957,750.000,350.000,-1,375.000,-1,300.000,325.000,300.000,300.000,-1,-1,-1,-1,600.000,650.000,800.000,900.000,1,0,2,0,2,0,0,0,0,2,2,2,2,0,0,1,1
28,5893.839,5209.182,-416.720,48.843,0.652609,-0.751718,0.094983,0.753461,0.657077,0.023383,-0.079988,0.056306,0.995204,0,0.82908,-0.97223,49.745,-1.944,725.000,350.000,-1,375.000,-1,300.000,325.000,300.000,300.000,-1,-1,-1,-1,600.000,650.000,775.000,850.000,1,0,2,0,2,0,0,0,0,2,2,2,2,0,0,1,1
29,5927.969,5245.667,-420.505,46.910,0.677820,-0.729175,0.094149,0.730980,0.682101,0.020161,-0.078919,0.055156,0.995354,0,0.83268,-0.96642,49.961,-1.933,700.000,375.000,-1,375.000,-1,300.000,300.000,300.000,300.000,-1,-1,-1,-1,600.000,650.000,750.000,825.000,1,0,2,0,2,0,0,0,0,2,2,2,2,0,0,1,1
30,5963.432,5281.117,-424.419,44.990,0.702132,-0.705962,0.092891,0.707810,0.706200,0.016952,-0.077567,0.053846,0.995532,0,0.83572,-0.96004,50.143,-1.920,675.000,350.000,-1,375.000,-1,300.000,300.000,300.000,300.000,-1,-1,-1,-1,600.000,650.000,725.000,800.000,1,0,2,0,2,0,0,0,0,2,2,2,2,0,0,1,1
31,6000.160,5315.466,-428.432,43.084,0.725504,-0.682130,0.091338,0.684008,0.729345,0.013770,-0.076010,0.052486,0.995725,0,0.83811,-0.95310,50.287,-1.906,625.000,350.000,950.000,375.000,-1,300.000,300.000,300.000,300.000,-1,-1,-1,-1,600.000,650.000,700.000,775.000,1,0,1,0,2,0,0,0,0,2,2,2,2,0,0,1,1
32,6034.271,5345.557,-431.785,41.418,0.745225,-0.660694,0.090125,0.662533,0.748937,0.012001,-0.075427,0.050768,0.995858,0,0.75811,-0.83310,45.487,-1.666,600.000,350.000,875.000,375.000,-1,300.000,300.000,300.000,300.000,-1,-1,-1,-1,600.000,625.000,675.000,750.000,1,0,1,0,2,0,0,0,0,2,2,2,2,0,1,1,1
33,6065.443,5371.705,-434.810,39.992,0.761617,-0.641899,0.088917,0.643697,0.765208,0.010529,-0.074798,0.049217,0.995983,0,0.67811,-0.71310,40.687,-1.426,575.000,350.000,825.000,375.000,-1,300.000,300.000,300.000,300.000,-1,-1,-1,-1,600.000,600.000,650.000,725.000,1,0,1,0,2,0,0,0,0,2,2,2,2,0,1,1,1
34,6093.410,5394.194,-437.504,38.806,0.774900,-0.625960,0.087769,0.627722,0.778382,0.009274,-0.074123,0.047908,0.996098,0,0.59811,-0.59310,35.887,-1.186,575.000,350.000,775.000,375.000,-1,300.000,300.000,300.000,300.000,-1,700.000,625.000,-1,600.000,575.000,625.000,700.000,1,0,1,0,2,0,0,0,0,2,0,0,2,0,1,1,1
35,6117.953,5413.272,-439.852,37.859,0.785269,-0.613051,0.086721,0.614785,0.788652,0.008214,-0.073429,0.046865,0.996199,0,0.51811,-0.47310,31.087,-0.946,550.000,350.000,750.000,375.000,-1,300.000,300.000,300.000,300.000,-1,600.000,575.000,-1,575.000,575.000,625.000,700.000,1,0,1,0,2,0,0,0,0,2,0,0,2,0,1,1,1
36,6138.905,5429.148,-441.817,37.153,0.792883,-0.603303,0.085805,0.605028,0.796172,0.007185,-0.072650,0.046217,0.996286,0,0.43811,-0.35310,26.287,-0.706,525.000,350.000,700.000,375.000,-1,300.000,300.000,300.000,300.000,-1,550.000,525.000,-1,575.000,550.000,600.000,675.000,1,0,1,0,2,0,0,0,0,2,0,0,2,0,1,1,1
37,6156.135,5441.985,-443.289,36.687,0.797873,-0.596800,0.085024,0.598575,0.801047,0.005623,-0.071464,0.046406,0.996363,0,0.35811,-0.23310,21.487,-0.466,525.000,350.000,675.000,375.000,-1,300.000,300.000,300.000,300.000,-1,525.000,500.000,-1,575.000,525.000,600.000,675.000,1,0,1,0,2,0,0,0,0,2,0,0,2,0,1,1,1
38,6169.555,5451.902,-444.433,36.461,0.800302,-0.593623,0.084425,0.595444,0.803385,0.004416,-0.070447,0.046736,0.996420,0,0.27811,-0.11310,16.687,-0.226,500.000,350.000,675.000,375.000,-1,300.000,300.000,300.000,300.000,-1,500.000,500.000,-1,575.000,525.000,575.000,650.000,1,0,1,0,2,0,0,0,0,2,0,0,2,0,1,1,1
39,6179.114,5458.968,-445.250,36.475,0.800210,-0.593804,0.084033,0.595667,0.803224,0.003559,-0.069611,0.047207,0.996457,0,0.19811,0.00690,11.887,0.014,500.000,350.000,650.000,375.000,-1,300.000,300.000,300.000,300.000,-1,500.000,475.000,-1,575.000,500.000,575.000,625.000,1,0,1,0,2,0,0,0,0,2,0,0,2,0,1,1,1
40,6184.793,5463.206,-445.741,36.728,0.797592,-0.597339,0.083863,0.599242,0.800562,0.003057,-0.068964,0.047816,0.996473,0,0.11811,0.12690,7.087,0.254,500.000,350.000,650.000,375.000,-1,300.000,300.000,300.000,300.000,-1,500.000,475.000,-1,575.000,500.000,575.000,625.000,1,0,1,0,2,0,0,0,0,2,0,0,2,0,1,1,1
41,6186.614,5464.590,-445.908,37.222,0.792405,-0.604195,0.083921,0.606136,0.795356,0.002915,-0.068508,0.048558,0.996468,0,0.03811,0.24690,2.287,0.494,500.000,350.000,650.000,375.000,-1,300.000,300.000,300.000,300.000,-1,500.000,450.000,-1,575.000,500.000,550.000,600.000,1,0,1,0,2,0,0,0,0,2,0,0,2,0,1,1,1
42,6185.508,5463.728,-445.833,37.956,0.784568,-0.614304,0.084164,0.616285,0.787518,0.003062,-0.068162,0.049466,0.996447,0,-0.02336,0.36690,-1.402,0.734,500.000,350.000,650.000,375.000,-1,300.000,300.000,300.000,300.000,-1,500.000,475.000,-1,575.000,500.000,550.000,600.000,1,0,1,0,2,0,0,0,0,2,0,0,2,0,1,1,1
43,6184.463,5462.885,-445.772,38.930,0.773972,-0.627561,0.084465,0.629596,0.776916,0.003232,-0.067651,0.050677,0.996421,0,-0.02237,0.48690,-1.342,0.974,500.000,350.000,675.000,375.000,-1,300.000,300.000,300.000,300.000,-1,500.000,475.000,-1,575.000,500.000,550.000,575.000,1,0,1,0,2,0,0,0,0,2,0,0,2,0,1,1,1
44,6183.496,5462.071,-445.728,40.144,0.760454,-0.643828,0.084821,0.645930,0.763389,0.003433,-0.066962,0.052178,0.996390,0,-0.02107,0.60690,-1.264,1.214,500.000,350.000,675.000,375.000,925.000,300.000,300.000,300.000,300.000,-1,500.000,475.000,-1,575.000,500.000,550.000,575.000,1,0,1,0,1,0,0,0,0,2,0,0,2,0,1,1,1
45,6182.621,5461.295,-445.706,41.597,0.743818,-0.662926,0.085228,0.665108,0.746738,0.003674,-0.066079,0.053953,0.996355,0,-0.01948,0.72690,-1.169,1.454,500.000,350.000,700.000,375.000,800.000,300.000,300.000,300.000,300.000,-1,525.000,475.000,-1,575.000,500.000,550.000,550.000,1,0,1,0,1,0,0,0,0,2,0,0,2,1,1,1,1
46,6181.850,5460.571,-445.708,43.291,0.723835,-0.684632,0.085680,0.686906,0.726736,0.003968,-0.064983,0.055982,0.996315,0,-0.01762,0.84690,-1.057,1.694,500.000,350.000,725.000,350.000,700.000,300.000,300.000,300.000,300.000,-1,525.000,475.000,-1,575.000,525.000,525.000,525.000,1,0,1,0,1,0,0,0,0,2,0,0,2,1,1,1,1
47,6181.193,5459.912,-445.640,45.225,0.700264,-0.708657,0.086231,0.711070,0.703111,0.003805,-0.063326,0.058651,0.996268,0,-0.01551,0.96690,-0.930,1.934,500.000,350.000,750.000,350.000,625.000,300.000,300.000,300.000,300.000,-1,525.000,450.000,-1,575.000,525.000,525.000,525.000,1,0,1,0,1,0,0,0,0,2,0,0,2,1,1,1,1
48,6180.654,5459.332,-445.578,47.225,0.675054,-0.732642,0.086821,0.735202,0.677839,0.003599,-0.061488,0.061401,0.996217,0,-0.01317,1.00000,-0.790,2.000,500.000,350.000,775.000,350.000,575.000,300.000,300.000,300.000,300.000,-1,525.000,450.000,-1,550.000,525.000,525.000,525.000,1,0,1,0,1,0,0,0,0,2,0,0,2,1,1,1,1
49,6180.227,5458.840,-445.537,49.225,0.649027,-0.755725,0.087425,0.758429,0.651747,0.003439,-0.059578,0.064074,0.996165,0,-0.01085,1.00000,-0.651,2.000,500.000,350.000,800.000,350.000,550.000,300.000,300.000,300.000,300.000,-1,525.000,425.000,-1,550.000,550.000,525.000,525.000,1,0,1,0,1,0,0,0,0,2,0,0,2,1,1,1,1
50,6179.900,5458.437,-445.516,51.225,0.622218,-0.777878,0.088040,0.780722,0.624869,0.003324,-0.057599,0.066667,0.996111,0,-0.00863,1.00000,-0.518,2.000,500.000,350.000,800.000,350.000,525.000,300.000,300.000,300.000,300.000,-1,500.000,425.000,-1,550.000,550.000,525.000,525.000,1,0,1,0,1,0,0,0,0,2,0,0,2,1,1,1,1
51,6179.665,5458.126,-445.516,53.225,0.594658,-0.799075,0.088664,0.802057,0.597239,0.003254,-0.055554,0.069178,0.996056,0,-0.00650,1.00000,-0.390,2.000,500.000,350.000,775.000,350.000,500.000,300.000,300.000,300.000,300.000,-1,500.000,425.000,-1,525.000,575.000,525.000,525.000,1,0,1,0,1,0,0,0,0,2,0,0,2,1,1,1,1
52,6179.510,5457.906,-445.387,55.225,0.566445,-0.819322,0.088602,0.822392,0.568912,0.003185,-0.053016,0.071062,0.996062,0,-0.00446,1.00000,-0.268,2.000,500.000,350.000,750.000,350.000,500.000,300.000,300.000,300.000,300.000,-1,475.000,400.000,-1,525.000,575.000,525.000,525.000,1,0,1,0,1,0,0,0,0,2,0,0,2,1,1,1,1
53,6179.426,5457.779,-445.221,57.225,0.537574,-0.838581,0.088293,0.841718,0.539909,0.003086,-0.050258,0.072659,0.996090,0,-0.00252,1.00000,-0.151,2.000,500.000,350.000,750.000,350.000,500.000,300.000,300.000,300.000,300.000,-1,450.000,400.000,-1,525.000,575.000,525.000,550.000,1,0,1,0,1,0,0,0,0,2,0,0,2,1,0,1,1
54,6179.403,5457.744,-445.074,59.225,0.508055,-0.856817,0.088002,0.860017,0.510257,0.002968,-0.047447,0.074175,0.996116,0,-0.00068,1.00000,-0.041,2.000,525.000,350.000,725.000,350.000,500.000,300.000,300.000,300.000,300.000,-1,450.000,375.000,-1,525.000,575.000,525.000,550.000,1,0,1,0,1,0,0,0,0,2,0,0,2,1,0,1,1
55,6179.431,5457.799,-444.913,61.225,0.477922,-0.874016,0.087676,0.877266,0.479996,0.002968,-0.044678,0.075497,0.996145,0,0.00106,1.00000,0.064,2.000,525.000,350.000,700.000,350.000,500.000,300.000,300.000,300.000,300.000,-1,425.000,375.000,-1,525.000,575.000,525.000,575.000,1,0,1,0,1,0,0,0,0,2,0,0,2,1,0,1,1
56,6179.502,5457.944,-444.751,63.225,0.447211,-0.890155,0.087327,0.893446,0.449161,0.003028,-0.041919,0.076668,0.996175,0,0.00271,1.00000,0.162,2.000,525.000,350.000,700.000,350.000,500.000,300.000,300.000,300.000,300.000,-1,425.000,375.000,-1,525.000,575.000,525.000,600.000,1,0,1,0,1,0,0,0,0,2,0,0,2,1,0,1,1
57,6179.607,5458.175,-444.606,65.225,0.415962,-0.905212,0.086988,0.908540,0.417786,0.003069,-0.039120,0.077755,0.996205,0,0.00425,1.00000,0.255,2.000,550.000,350.000,700.000,350.000,525.000,300.000,300.000,300.000,300.000,-1,400.000,350.000,-1,525.000,575.000,525.000,625.000,1,0,1,0,1,0,0,0,0,2,0,0,2,1,0,1,1
58,6179.738,5458.490,-444.475,67.225,0.384212,-0.919169,0.086660,0.922531,0.385909,0.003092,-0.036285,0.078758,0.996233,0,0.00570,1.00000,0.342,2.000,575.000,375.000,675.000,350.000,525.000,300.000,300.000,300.000,300.000,-1,400.000,350.000,-1,525.000,575.000,550.000,650.000,1,0,1,0,1,0,0,0,0,2,0,0,2,1,0,1,1
59,6179.886,5458.884,-444.360,69.225,0.352001,-0.932009,0.086345,0.935403,0.353570,0.003101,-0.033419,0.079675,0.996261,0,0.00704,1.00000,0.422,2.000,575.000,375.000,675.000,350.000,550.000,300.000,300.000,325.000,300.000,-1,400.000,350.000,-1,525.000,575.000,550.000,700.000,1,0,1,0,1,0,0,0,0,2,0,0,2,1,0,1,1
60,6180.044,5459.353,-444.260,71.225,0.319366,-0.943717,0.086044,0.947140,0.320807,0.003098,-0.030527,0.080506,0.996287,0,0.00827,1.00000,0.496,2.000,600.000,375.000,675.000,350.000,575.000,300.000,300.000,325.000,300.000,-1,375.000,350.000,-1,525.000,575.000,550.000,725.000,1,0,1,0,1,0,0,0,0,2,0,0,2,1,0,1,1
61,6180.205,5459.892,-444.174,73.225,0.286347,-0.954280,0.085759,0.957728,0.287658,0.003084,-0.027612,0.081251,0.996311,0,0.00941,1.00000,0.564,2.000,625.000,375.000,650.000,350.000,575.000,300.000,300.000,325.000,300.000,-1,375.000,350.000,-1,525.000,575.000,575.000,725.000,1,0,1,0,1,0,0,0,0,2,0,0,2,1,0,1,1
62,6181.593,5465.073,-444.181,74.985,0.257043,-0.962629,0.085289,0.966087,0.258204,0.002685,-0.024607,0.081706,0.996353,0,0.08941,0.88000,5.364,1.760,650.000,375.000,650.000,350.000,600.000,300.000,300.000,325.000,300.000,-1,375.000,350.000,-1,525.000,600.000,575.000,700.000,1,0,1,0,1,0,0,0,0,2,0,0,2,1,1,1,1
63,6183.958,5474.957,-444.256,76.537,0.231043,-0.969253,0.084658,0.972706,0.232032,0.001890,-0.021475,0.081910,0.996408,0,0.16941,0.77606,10.164,1.552,650.000,375.000,650.000,350.000,625.000,300.000,300.000,325.000,300.000,-1,375.000,350.000,-1,525.000,575.000,575.000,675.000,1,0,1,0,1,0,0,0,0,2,0,0,2,1,1,1,1
64,6187.047,5489.598,-444.367,78.085,0.204991,-0.975163,0.083875,0.978599,0.205773,0.000693,-0.017935,0.081939,0.996476,0,0.24941,0.77369,14.964,1.547,675.000,375.000,625.000,350.000,650.000,300.000,300.000,325.000,300.000,-1,350.000,350.000,-1,500.000,550.000,575.000,650.000,1,0,1,0,1,0,0,0,0,2,0,0,2,1,1,1,1
65,6190.605,5509.038,-444.493,79.627,0.178901,-0.980362,0.082978,0.983768,0.179445,-0.000913,-0.013995,0.081794,0.996551,0,0.32941,0.77142,19.764,1.543,700.000,375.000,600.000,350.000,650.000,300.000,300.000,325.000,325.000,-1,350.000,350.000,-1,500.000,525.000,575.000,625.000,1,0,1,0,1,0,0,0,0,2,0,0,2,1,1,1,1
66,6194.376,5533.310,-444.612,81.166,0.152788,-0.984851,0.082001,0.988212,0.153065,-0.002931,-0.009665,0.081482,0.996628,0,0.40941,0.76918,24.564,1.538,750.000,375.000,600.000,350.000,675.000,300.000,300.000,325.000,325.000,-1,350.000,350.000,-1,475.000,500.000,575.000,575.000,1,0,1,0,1,0,0,0,0,2,0,0,2,1,1,1,1
67,6198.107,5562.435,-444.702,82.700,0.126670,-0.988634,0.080983,0.991932,0.126654,-0.005361,-0.004957,0.081009,0.996701,0,0.48941,0.76692,29.364,1.534,-1,375.000,575.000,350.000,625.000,300.000,300.000,300.000,325.000,-1,350.000,375.000,-1,475.000,475.000,550.000,550.000,2,1,1,0,1,0,0,0,0,2,0,0,2,1,1,1,1
68,6201.542,5596.425,-444.744,84.229,0.100567,-0.991712,0.079964,0.994930,0.100232,-0.008199,0.000116,0.080383,0.996764,0,0.56941,0.76456,34.164,1.529,-1,375.000,550.000,350.000,550.000,325.000,300.000,300.000,325.000,-1,350.000,375.000,-1,450.000,450.000,550.000,500.000,2,1,1,0,1,0,0,0,0,2,0,0,2,1,1,1,1
69,6204.427,5635.282,-444.718,85.753,0.074499,-0.994088,0.078986,0.997206,0.073824,-0.011437,0.005538,0.079617,0.996810,0,0.64941,0.76206,38.964,1.524,-1,350.000,500.000,350.000,500.000,300.000,300.000,300.000,325.000,-1,325.000,375.000,-1,425.000,400.000,525.000,450.000,2,1,1,1,1,1,0,0,0,2,0,0,2,1,1,1,1
70,6206.510,5678.995,-444.607,87.271,0.048491,-0.995766,0.078092,0.998760,0.047456,-0.015061,0.011291,0.078725,0.996832,0,0.72941,0.75932,43.764,1.519,-1,325.000,475.000,325.000,450.000,300.000,300.000,300.000,300.000,-1,300.000,350.000,-1,425.000,375.000,500.000,400.000,2,1,1,1,1,1,1,0,0,2,0,0,2,1,1,1,1
71,6207.541,5727.548,-444.394,88.784,0.022570,-0.996750,0.077328,0.999595,0.021157,-0.019055,0.017357,0.077727,0.996824,0,0.80941,0.75627,48.564,1.513,-1,300.000,450.000,275.000,375.000,275.000,250.000,300.000,300.000,-1,275.000,325.000,-1,400.000,325.000,475.000,350.000,2,1,1,1,1,1,1,0,0,2,0,0,2,1,1,1,1
72,6207.271,5780.911,-444.066,90.290,-0.003232,-0.997046,0.076743,0.999714,-0.005041,-0.023393,0.023711,0.076646,0.996776,0,0.88941,0.75282,53.364,1.506,-1,275.000,400.000,250.000,300.000,250.000,225.000,300.000,300.000,-1,250.000,300.000,-1,350.000,300.000,450.000,275.000,2,1,1,1,1,1,1,0,0,2,0,0,2,1,1,1,1
73,6205.457,5839.046,-443.611,91.787,-0.028881,-0.996660,0.076386,0.999123,-0.031102,-0.028047,0.030330,0.075509,0.996684,0,0.96941,0.74885,58.164,1.498,-1,250.000,350.000,200.000,250.000,225.000,200.000,300.000,300.000,-1,250.000,275.000,-1,325.000,250.000,425.000,225.000,2,1,1,1,1,1,1,0,0,2,0,0,2,1,1,1,1
74,6202.032,5898.948,-441.810,93.276,-0.054371,-0.995929,0.071891,0.997757,-0.057003,-0.035083,0.039038,0.069823,0.996795,0,1.00000,0.74421,60.000,1.488,1000.000,225.000,300.000,175.000,175.000,200.000,175.000,300.000,300.000,-1,225.000,275.000,-1,300.000,200.000,400.000,175.000,1,1,1,1,1,1,1,0,0,2,0,0,2,1,1,1,1
75,6197.081,5958.748,-427.395,94.753,-0.079759,-0.995890,0.042914,0.993753,-0.082812,-0.074819,0.078066,0.036679,0.996273,0,1.00000,0.73881,60.000,1.478,-1,250.000,350.000,175.000,175.000,200.000,175.000,275.000,375.000,650.000,150.000,225.000,-1,350.000,225.000,875.000,150.000,2,1,1,1,1,1,1,0,0,0,0,0,2,1,1,1,1
76,6190.829,6018.432,-411.728,95.991,-0.102246,-0.994471,0.023934,0.987553,-0.104366,-0.117675,0.119522,0.011604,0.992764,0,1.00000,0.61881,60.000,1.238,-1,275.000,425.000,200.000,175.000,225.000,175.000,300.000,475.000,475.000,125.000,200.000,-1,425.000,225.000,-1,150.000,2,1,1,1,1,1,1,0,0,0,0,0,2,1,1,2,1
77,6183.535,6078.001,-396.548,96.989,-0.122121,-0.992491,0.006921,0.979777,-0.121664,-0.158858,0.158507,-0.012619,0.987277,0,1.00000,0.49881,60.000,0.998,-1,325.000,950.000,200.000,150.000,225.000,200.000,300.000,525.000,375.000,75.000,175.000,-1,675.000,250.000,-1,150.000,2,1,1,1,1,1,1,0,1,0,0,0,2,1,1,2,1
78,-5575.464,-7543.293,-189.541,-156.622,-0.880857,0.392570,0.264537,-0.416749,-0.908140,-0.040024,0.224525,-0.145501,0.963545,1,0.00000,0.00000,60.000,0.758,-1,-1,-1,275.000,150.000,450.000,300.000,250.000,325.000,200.000,50.000,175.000,-1,-1,-1,-1,175.000,2,2,2,1,1,1,1,0,1,0,0,0,2,2,2,2,1
79,4261.992,8853.516,-118.624,140.889,-0.574153,-0.545821,0.610269,0.735459,-0.671367,0.091467,0.359790,0.501344,0.786896,1,0.00000,0.00000,-4.800,-0.240,-1,-1,-1,-1,-1,-1,-1,350.000,175.000,-1,225.000,75.000,50.000,-1,-1,-1,-1,2,2,2,2,2,2,2,1,0,2,0,0,0,2,2,2,2
80,-5575.444,8199.140,-196.560,-138.139,-0.735208,0.667058,-0.120427,-0.663907,-0.744477,-0.070577,-0.136734,0.028063,0.990210,1,0.00000,0.00000,4.800,-0.047,-1,375.000,1000.000,400.000,-1,325.000,325.000,300.000,300.000,-1,-1,-1,-1,650.000,700.000,-1,-1,2,0,1,0,2,0,0,0,0,2,2,2,2,0,0,2,2
81,-5573.304,8201.043,-196.195,-138.379,-0.738018,0.663943,-0.120456,-0.660763,-0.747275,-0.070512,-0.136830,0.027554,0.990211,0,-0.04773,-0.12000,-2.864,-0.240,-1,375.000,1000.000,400.000,-1,325.000,325.000,300.000,300.000,-1,-1,-1,-1,650.000,700.000,-1,-1,2,0,1,0,2,0,0,0,0,2,2,2,2,0,0,2,2
82,-5571.129,8202.942,-195.835,-138.859,-0.743595,0.657678,-0.120525,-0.654437,-0.752832,-0.070395,-0.137033,0.026531,0.990211,0,-0.04812,-0.24000,-2.887,-0.480,-1,375.000,-1,400.000,-1,325.000,325.000,300.000,300.000,-1,-1,-1,-1,650.000,700.000,-1,-1,2,0,2,0,2,0,0,0,0,2,2,2,2,0,0,2,2
83,-5568.913,8204.830,-195.482,-139.579,-0.751862,0.648191,-0.120631,-0.644860,-0.761067,-0.070225,-0.137328,0.024991,0.990210,0,-0.04852,-0.36000,-2.911,-0.720,-1,375.000,-1,400.000,-1,325.000,325.000,300.000,300.000,-1,-1,-1,-1,650.000,700.000,-1,-1,2,0,2,0,2,0,0,0,0,2,2,2,2,0,0,2,2
84,-5566.647,8206.696,-195.134,-140.539,-0.762697,0.635380,-0.120770,-0.631929,-0.771859,-0.069999,-0.137694,0.022930,0.990209,0,-0.04894,-0.48000,-2.936,-0.960,-1,375.000,-1,400.000,-1,325.000,325.000,300.000,300.000,-1,-1,-1,-1,675.000,700.000,-1,-1,2,0,2,0,2,0,0,0,0,2,2,2,2,0,0,2,2
85,-5564.326,8208.538,-194.787,-141.567,-0.774055,0.621468,-0.120898,-0.617888,-0.783166,-0.069757,-0.138035,0.020705,0.990211,0,-0.04938,-0.51371,-2.963,-1.027,-1,375.000,-1,400.000,-1,325.000,325.000,300.000,300.000,-1,-1,-1,-1,675.000,700.000,-1,-1,2,0,2,0,2,0,0,0,0,2,2,2,2,0,0,2,2
86,-5561.950,8210.355,-194.382,-142.593,-0.785184,0.607375,-0.120752,-0.603653,-0.794205,-0.069580,-0.138163,0.018259,0.990241,0,-0.04985,-0.51297,-2.991,-1.026,-1,375.000,-1,400.000,-1,325.000,325.000,300.000,300.000,-1,-1,-1,-1,675.000,700.000,-1,-1,2,0,2,0,2,0,0,0,0,2,2,2,2,0,0,2,2
87,-5559.519,8212.147,-193.967,-143.617,-0.796047,0.593102,-0.120579,-0.589238,-0.804972,-0.069414,-0.138232,0.015793,0.990274,0,-0.05033,-0.51225,-3.020,-1.025,-1,375.000,-1,400.000,-1,325.000,325.000,300.000,300.000,-1,-1,-1,-1,675.000,700.000,-1,-1,2,0,2,0,2,0,0,0,0,2,2,2,2,0,0,2,2
88,-5557.032,8213.912,-193.548,-144.640,-0.806636,0.578655,-0.120402,-0.574651,-0.815463,-0.069255,-0.138258,0.013325,0.990307,0,-0.05082,-0.51155,-3.049,-1.023,-1,375.000,-1,400.000,-1,325.000,325.000,300.000,300.000,-1,-1,-1,-1,675.000,725.000,-1,-1,2,0,2,0,2,0,0,0,0,2,2,2,2,0,0,2,2
89,-5554.489,8215.649,-193.125,-145.662,-0.816950,0.564039,-0.120219,-0.559896,-0.825676,-0.069103,-0.138239,0.010857,0.990339,0,-0.05133,-0.51086,-3.080,-1.022,-1,375.000,-1,400.000,-1,325.000,325.000,300.000,300.000,-1,-1,-1,-1,675.000,725.000,1000.000,-1,2,0,2,0,2,0,0,0,0,2,2,2,2,0,0,1,2
90,-5551.889,8217.358,-192.697,-146.682,-0.826986,0.549259,-0.120033,-0.544978,-0.835610,-0.068958,-0.138177,0.008388,0.990372,0,-0.05185,-0.51019,-3.111,-1.020,-1,375.000,-1,400.000,-1,325.000,325.000,300.000,300.000,-1,-1,-1,-1,700.000,725.000,975.000,-1,2,0,2,0,2,0,0,0,0,2,2,2,2,0,0,1,2
91,-5549.232,8219.037,-192.265,-147.702,-0.836743,0.534321,-0.119843,-0.529903,-0.845261,-0.068821,-0.138071,0.005919,0.990405,0,-0.05238,-0.50953,-3.143,-1.019,-1,375.000,-1,400.000,-1,325.000,325.000,300.000,300.000,-1,-1,-1,-1,700.000,725.000,975.000,-1,2,0,2,0,2,0,0,0,0,2,2,2,2,0,0,1,2
92,-5546.518,8220.686,-191.828,-148.719,-0.846219,0.519228,-0.119649,-0.514676,-0.854629,-0.068692,-0.137922,0.003452,0.990437,0,-0.05293,-0.50890,-3.176,-1.018,-1,375.000,-1,400.000,-1,325.000,325.000,300.000,300.000,-1,-1,-1,-1,700.000,725.000,950.000,-1,2,0,2,0,2,0,0,0,0,2,2,2,2,0,0,1,2
93,-5543.746,8222.303,-191.387,-149.736,-0.855411,0.503987,-0.119451,-0.499301,-0.863711,-0.068571,-0.137730,0.000986,0.990469,0,-0.05348,-0.50828,-3.209,-1.017,-1,375.000,-1,400.000,-1,325.000,325.000,300.000,300.000,-1,-1,-1,-1,700.000,725.000,950.000,-1,2,0,2,0,2,0,0,0,0,2,2,2,2,0,0,1,2
94,-5540.916,8223.887,-190.942,-150.751,-0.864319,0.488602,-0.119252,-0.483785,-0.872505,-0.068458,-0.137496,-0.001477,0.990501,0,-0.05405,-0.50767,-3.243,-1.015,-1,375.000,-1,400.000,-1,325.000,325.000,300.000,300.000,-1,-1,-1,-1,700.000,725.000,925.000,-1,2,0,2,0,2,0,0,0,0,2,2,2,2,0,0,1,2
95,-5538.029,8225.437,-190.493,-151.765,-0.872939,0.473080,-0.119050,-0.468132,-0.881011,-0.068353,-0.137220,-0.003937,0.990533,0,-0.05462,-0.50709,-3.277,-1.014,-1,400.000,-1,400.000,-1,325.000,325.000,300.000,300.000,-1,-1,-1,-1,700.000,725.000,925.000,-1,2,0,2,0,2,0,0,0,0,2,2,2,2,1,0,1,2
96,-5535.083,8226.951,-190.039,-152.778,-0.881271,0.457424,-0.118845,-0.452347,-0.889226,-0.068257,-0.136903,-0.006394,0.990564,0,-0.05521,-0.50652,-3.312,-1.013,-1,400.000,-1,400.000,-1,325.000,325.000,300.000,300.000,-1,-1,-1,-1,725.000,725.000,925.000,-1,2,0,2,0,2,0,0,0,0,2,2,2,2,1,0,1,2
97,-5532.078,8228.430,-189.581,-153.790,-0.889314,0.441640,-0.118640,-0.436437,-0.897149,-0.068169,-0.136544,-0.008845,0.990595,0,-0.05580,-0.50596,-3.348,-1.012,-1,400.000,-1,400.000,-1,325.000,325.000,300.000,300.000,-1,-1,-1,-1,725.000,750.000,900.000,-1,2,0,2,0,2,0,0,0,0,2,2,2,2,1,0,1,2
98,-5529.016,8229.870,-189.119,-154.801,-0.897065,0.425733,-0.118433,-0.420405,-0.904778,-0.068091,-0.136144,-0.011292,0.990625,0,-0.05640,-0.50543,-3.384,-1.011,-1,400.000,-1,400.000,-1,325.000,325.000,300.000,300.000,-1,-1,-1,-1,725.000,750.000,900.000,-1,2,0,2,0,2,0,0,0,0,2,2,2,2,1,0,1,2
99,-5530.305,8229.284,-189.310,-155.572,-0.902774,0.413513,-0.118350,-0.408084,-0.910403,-0.068068,-0.135893,-0.013153,0.990636,0,0.02360,-0.38543,1.416,-0.771,-1,400.000,-1,400.000,-1,325.000,325.000,300.000,300.000,-1,-1,-1,-1,725.000,750.000,900.000,-1,2,0,2,0,2,0,0,0,0,2,2,2,2,1,0,1,2
100,-5535.988,8226.765,-190.154,-156.103,-0.906596,0.405053,-0.118390,-0.399549,-0.914179,-0.068095,-0.135812,-0.014431,0.990630,0,0.10360,-0.26543,6.216,-0.531,-1,400.000,-1,400.000,-1,325.000,325.000,300.000,300.000,-1,-1,-1,-1,725.000,750.000,875.000,-1,2,0,2,0,2,0,0,0,0,2,2,2,2,1,0,1,2
101,-5546.082,8222.354,-191.648,-156.394,-0.908638,0.400403,-0.118553,-0.394848,-0.916214,-0.068163,-0.135913,-0.015124,0.990605,0,0.18360,-0.14543,11.016,-0.291,1000.000,400.000,-1,400.000,-1,325.000,325.000,300.000,300.000,-1,-1,-1,-1,725.000,750.000,875.000,-1,1,0,2,0,2,0,0,0,0,2,2,2,2,1,0,1,2
102,-5560.580,8216.033,-193.796,-156.445,-0.908959,0.399589,-0.118839,-0.394009,-0.916568,-0.068262,-0.136201,-0.015224,0.990564,0,0.26360,-0.02543,15.816,-0.051,975.000,400.000,-1,400.000,-1,325.000,325.000,300.000,300.000,-1,-1,-1,-1,725.000,750.000,850.000,-1,1,0,2,0,2,0,0,0,0,2,2,2,2,1,0,1,2
103,-5579.451,8207.732,-196.600,-156.255,-0.907568,0.402616,-0.119249,-0.397039,-0.915251,-0.068382,-0.136675,-0.014715,0.990507,0,0.34360,0.09457,20.616,0.189,950.000,400.000,-1,400.000,-1,325.000,325.000,300.000,300.000,-1,-1,-1,-1,700.000,725.000,825.000,-1,1,0,2,0,2,0,0,0,0,2,2,2,2,1,0,1,2
104,-5602.638,8197.324,-200.066,-155.826,-0.904427,0.409466,-0.119785,-0.403922,-0.912224,-0.068508,-0.137323,-0.013576,0.990433,0,0.42360,0.21457,25.416,0.429,925.000,375.000,-1,400.000,-1,325.000,325.000,300.000,300.000,-1,-1,-1,-1,700.000,725.000,800.000,-1,1,0,2,0,2,0,0,0,0,2,2,2,2,1,0,1,2
105,-5630.059,8184.630,-204.200,-155.157,-0.899448,0.420101,-0.120451,-0.414626,-0.907401,-0.068624,-0.138126,-0.011782,0.990345,0,0.50360,0.33457,30.216,0.669,900.000,375.000,-1,400.000,-1,325.000,325.000,300.000,300.000,-1,-1,-1,-1,675.000,725.000,775.000,-1,1,0,2,0,2,0,0,0,0,2,2,2,2,1,0,1,2
106,-5661.597,8169.417,-209.010,-154.248,-0.892493,0.434457,-0.121253,-0.429090,-0.900645,-0.068710,-0.139058,-0.009295,0.990241,0,0.58360,0.45457,35.016,0.909,875.000,375.000,-1,400.000,-1,325.000,325.000,300.000,300.000,-1,-1,-1,-1,650.000,700.000,750.000,-1,1,0,2,0,2,0,0,0,0,2,2,2,2,1,0,1,2
107,-5697.105,8151.403,-214.505,-153.099,-0.883381,0.452443,-0.122203,-0.447232,-0.891772,-0.068742,-0.140079,-0.006072,0.990122,0,0.66360,0.57457,39.816,1.149,850.000,375.000,-1,375.000,-1,325.000,325.000,300.000,300.000,-1,-1,-1,-1,625.000,700.000,725.000,-1,1,0,2,0,2,0,0,0,0,2,2,2,2,1,0,1,2
108,-5736.414,8130.298,-220.638,-151.767,-0.872397,0.473050,-0.123073,-0.468028,-0.881032,-0.068786,-0.140971,-0.002407,0.990011,0,0.74360,0.66572,44.616,1.331,800.000,375.000,-1,375.000,-1,300.000,300.000,300.000,300.000,-1,-1,-1,-1,600.000,675.000,675.000,-1,1,0,2,0,2,0,0,0,0,2,2,2,2,1,0,1,2
109,-5779.396,8105.916,-227.421,-150.434,-0.861056,0.493423,-0.122947,-0.488684,-0.869788,-0.068236,-0.140607,0.001327,0.990065,0,0.82360,0.66666,49.416,1.333,775.000,375.000,-1,375.000,-1,300.000,300.000,300.000,300.000,-1,-1,-1,-1,575.000,675.000,650.000,-1,1,0,2,0,2,0,0,0,0,2,2,2,2,1,0,1,2
110,-5825.916,8078.074,-234.870,-149.099,-0.849234,0.513553,-0.122739,-0.509134,-0.858042,-0.067426,-0.139942,0.005231,0.990146,0,0.90360,0.66768,54.216,1.335,725.000,375.000,950.000,375.000,-1,300.000,300.000,300.000,300.000,-1,-1,-1,-1,550.000,675.000,600.000,-1,1,0,1,0,2,0,0,0,0,2,2,2,2,1,0,1,2
111,-5875.833,8046.592,-242.637,-147.761,-0.837137,0.533432,-0.121046,-0.529279,-0.845805,-0.066918,-0.138078,0.008048,0.990389,0,0.98360,0.66878,59.016,1.338,675.000,375.000,850.000,375.000,-1,300.000,300.000,300.000,300.000,-1,-1,-1,-1,500.000,650.000,550.000,-1,1,1,1,0,2,0,0,0,0,2,2,2,2,1,0,1,2
112,-5925.578,8013.568,-250.458,-146.421,-0.824576,0.553049,-0.119215,-0.549178,-0.833078,-0.066216,-0.135937,0.010870,0.990658,0,0.99516,0.66994,59.709,1.340,625.000,350.000,775.000,375.000,-1,300.000,300.000,300.000,300.000,-1,-1,-1,-1,475.000,650.000,500.000,-1,1,1,1,0,2,0,0,0,0,2,2,2,2,1,0,1,2
113,-5974.774,7979.222,-258.280,-145.079,-0.811553,0.572386,-0.117287,-0.568814,-0.819870,-0.065302,-0.133538,0.013719,0.990949,0,1.00000,0.67094,60.000,1.342,575.000,325.000,700.000,375.000,-1,300.000,300.000,300.000,300.000,-1,-1,-1,-1,425.000,650.000,450.000,-1,1,1,1,0,2,0,0,0,0,2,2,2,2,1,0,1,2
114,-6023.151,7943.732,-265.952,-143.736,-0.798104,0.591422,-0.115113,-0.588250,-0.806182,-0.063493,-0.130353,0.017041,0.991321,0,1.00000,0.67175,60.000,1.344,525.000,300.000,625.000,375.000,-1,300.000,300.000,300.000,300.000,-1,-1,-1,-1,400.000,650.000,400.000,1000.000,1,1,1,0,2,1,0,0,0,2,2,2,2,1,0,1,0
115,-6070.682,7907.117,-273.150,-142.391,-0.784236,0.610117,-0.112837,-0.607645,-0.792002,-0.059172,-0.125469,0.022160,0.991850,0,1.00000,0.67237,60.000,1.345,475.000,275.000,550.000,375.000,-1,275.000,300.000,300.000,300.000,-1,-1,-1,-1,350.000,650.000,375.000,1000.000,1,1,1,0,2,1,0,0,0,2,2,2,2,1,0,1,0
116,-6117.339,7869.395,-280.263,-141.046,-0.769921,0.628464,-0.110699,-0.626701,-0.777354,-0.054457,-0.120277,0.027447,0.992361,0,1.00000,0.67277,60.000,1.346,400.000,250.000,475.000,375.000,1000.000,250.000,300.000,300.000,300.000,-1,675.000,475.000,-1,325.000,600.000,325.000,925.000,1,1,1,0,0,1,0,0,0,2,0,0,2,1,1,1,1
117,-6159.585,7833.869,-286.604,-139.940,-0.757880,0.643243,-0.108882,-0.642200,-0.764963,-0.049104,-0.114877,0.032710,0.992841,0,0.92000,0.55277,55.200,1.106,350.000,225.000,425.000,375.000,1000.000,225.000,275.000,300.000,300.000,-1,450.000,400.000,-1,275.000,525.000,275.000,800.000,1,1,1,0,0,1,1,0,0,2,0,0,2,1,1,1,1
118,-6197.662,7800.853,-290.732,-139.075,-0.748395,0.654451,-0.107701,-0.654925,-0.754842,-0.035879,-0.104778,0.043685,0.993536,0,0.84000,0.43277,50.400,0.866,325.000,225.000,375.000,350.000,-1,200.000,250.000,325.000,300.000,-1,350.000,300.000,-1,275.000,450.000,250.000,700.000,1,1,1,1,2,1,1,0,0,2,0,0,2,1,1,1,1
119,-6232.856,7769.652,-293.689,-138.449,-0.741594,0.662269,-0.106947,-0.664242,-0.747219,-0.021148,-0.093918,0.055355,0.994040,0,0.78393,0.31277,47.036,0.626,300.000,200.000,350.000,325.000,-1,200.000,250.000,325.000,300.000,-1,300.000,225.000,-1,250.000,400.000,225.000,625.000,1,1,1,1,2,1,1,0,0,2,0,0,2,1,1,1,1
120,-6268.028,7737.888,-295.990,-137.928,-0.736076,0.668453,-0.106591,-0.672038,-0.740510,-0.003046,-0.080968,0.069392,0.994298,0,0.78992,0.26069,47.395,0.521,275.000,175.000,300.000,300.000,-1,175.000,225.000,375.000,275.000,-1,250.000,175.000,850.000,225.000,350.000,225.000,575.000,1,1,1,1,2,1,1,0,0,2,0,0,0,1,1,1,1
121,-6303.169,7705.558,-297.645,-137.404,-0.730676,0.674327,-0.106754,-0.679528,-0.733422,0.018257,-0.065984,0.085882,0.994118,0,0.79589,0.26193,47.754,0.524,250.000,175.000,275.000,250.000,875.000,150.000,200.000,400.000,275.000,-1,200.000,125.000,650.000,200.000,325.000,200.000,500.000,1,1,1,1,1,1,1,0,0,2,0,0,0,1,1,1,1
122,-6338.269,7672.654,-298.416,-136.877,-0.725434,0.679850,-0.107469,-0.686502,-0.725926,0.041787,-0.049606,0.104092,0.993330,0,0.80190,0.26325,48.114,0.526,225.000,150.000,250.000,225.000,750.000,150.000,175.000,450.000,275.000,-1,200.000,100.000,525.000,175.000,275.000,175.000,450.000,1,1,1,1,1,1,1,0,0,2,0,0,0,1,1,1,1
123,-6373.318,7639.170,-298.522,-136.348,-0.720482,0.684867,-0.108917,-0.692774,-0.717874,0.068706,-0.031135,0.124956,0.991674,0,0.80793,0.26465,48.476,0.529,200.000,125.000,225.000,200.000,625.000,125.000,150.000,525.000,250.000,-1,175.000,75.000,425.000,150.000,225.000,150.000,375.000,1,1,1,1,1,1,1,0,0,2,0,0,0,1,1,1,1
124,8855.637,4918.779,-561.085,-139.926,-0.791455,0.604821,0.088261,-0.590308,-0.718902,-0.367037,-0.158541,-0.342595,0.926010,1,0.00000,0.00000,48.839,0.532,0.000,175.000,525.000,375.000,-1,175.000,250.000,150.000,200.000,950.000,-1,-1,125.000,225.000,550.000,0.000,-1,0,0,0,0,2,0,0,0,1,0,2,2,1,0,0,0,2
125,-8199.154,8199.154,-357.234,141.765,-0.785143,-0.618850,0.023989,0.618035,-0.785421,-0.033872,0.039803,-0.011768,0.999138,1,0.00000,0.00000,4.800,0.240,-1,400.000,-1,400.000,-1,325.000,325.000,300.000,300.000,600.000,650.000,700.000,-1,850.000,850.000,-1,-1,2,0,2,0,2,0,0,0,0,1,1,0,2,0,0,2,2
126,-8195.377,8196.192,-357.405,141.899,-0.786588,-0.617009,0.024040,0.616192,-0.786867,-0.033884,0.039823,-0.011840,0.999137,0,-0.08000,0.06706,-4.800,0.134,-1,400.000,-1,400.000,-1,325.000,325.000,300.000,300.000,600.000,650.000,700.000,-1,850.000,850.000,-1,-1,2,0,2,0,2,0,0,0,0,1,1,0,2,0,0,2,2
127,-8187.808,8190.286,-357.749,142.034,-0.788044,-0.615146,0.024123,0.614326,-0.788323,-0.033924,0.039885,-0.011914,0.999133,0,-0.16000,0.06776,-9.600,0.136,-1,400.000,-1,400.000,-1,325.000,325.000,300.000,300.000,575.000,650.000,675.000,-1,850.000,850.000,-1,-1,2,0,2,0,2,0,0,0,0,1,1,0,2,0,0,2,2
128,-8178.169,8182.802,-358.187,142.173,-0.789525,-0.613241,0.024220,0.612416,-0.789805,-0.033975,0.039964,-0.011992,0.999129,0,-0.20340,0.06916,-12.204,0.138,-1,400.000,-1,400.000,-1,325.000,325.000,300.000,300.000,550.000,650.000,650.000,-1,825.000,850.000,-1,-1,2,0,2,0,2,0,0,0,0,1,1,0,2,0,0,2,2
129,-8168.462,8175.303,-358.629,142.314,-0.791039,-0.611283,0.024312,0.610455,-0.791320,-0.034024,0.040037,-0.012072,0.999125,0,-0.20443,0.07093,-12.266,0.142,-1,400.000,-1,400.000,-1,325.000,325.000,300.000,300.000,525.000,625.000,650.000,-1,825.000,850.000,-1,-1,2,0,2,0,2,0,0,0,0,1,1,0,2,0,0,2,2
130,-8158.688,8167.792,-359.075,142.460,-0.792586,-0.609272,0.024400,0.608440,-0.792868,-0.034068,0.040103,-0.012156,0.999122,0,-0.20545,0.07271,-12.327,0.145,-1,400.000,-1,400.000,-1,325.000,325.000,300.000,300.000,525.000,625.000,625.000,-1,825.000,850.000,-1,-1,2,0,2,0,2,0,0,0,0,1,1,0,2,0,0,2,2
