timestep,x_cm,y_cm,z_cm,yaw_deg,basis_xx,basis_xy,basis_xz,basis_yx,basis_yy,basis_yz,basis_zx,basis_zy,basis_zz,teleport_flag,throttle_cmd,steering_cmd,cmd_move_cm,cmd_turn_deg,lidar_cm_0,lidar_cm_1,lidar_cm_2,lidar_cm_3,lidar_cm_4,lidar_cm_5,lidar_cm_6,lidar_cm_7,lidar_cm_8,lidar_cm_9,lidar_cm_10,lidar_cm_11,lidar_cm_12,lidar_cm_13,lidar_cm_14,lidar_cm_15,lidar_cm_16,lidar_class_0,lidar_class_1,lidar_class_2,lidar_class_3,lidar_class_4,lidar_class_5,lidar_class_6,lidar_class_7,lidar_class_8,lidar_class_9,lidar_class_10,lidar_class_11,lidar_class_12,lidar_class_13,lidar_class_14,lidar_class_15,lidar_class_16
0,9506.217,-2951.733,238.916,-180.133,-0.999954,-0.002313,0.009266,0.003108,-0.996221,0.086796,0.009030,0.086821,0.996183,1,0.08000,-0.12000,4.800,-0.240,-1,400.000,-1,350.000,-1,325.000,300.000,400.000,250.000,350.000,-1,-1,-1,950.000,-1,-1,-1,2,0,2,0,2,0,0,0,0,1,2,2,2,0,2,2,2
1,9496.617,-2951.629,239.036,-180.613,-0.999895,-0.010659,0.009773,0.011459,-0.996246,0.085808,0.008822,0.085911,0.996264,0,0.16000,-0.24000,9.600,-0.480,-1,400.000,-1,350.000,-1,325.000,300.000,400.000,250.000,350.000,-1,-1,-1,950.000,-1,-1,-1,2,0,2,0,2,0,0,0,0,1,2,2,2,0,2,2,2
2,9482.220,-2951.293,239.184,-181.333,-0.999675,-0.023180,0.010579,0.023990,-0.996159,0.084214,0.008587,0.084440,0.996392,0,0.24000,-0.36000,14.400,-0.720,-1,400.000,-1,375.000,-1,325.000,300.000,400.000,250.000,350.000,-1,-1,-1,950.000,-1,-1,-1,2,0,2,1,2,0,0,0,0,1,2,2,2,0,2,2,2
3,9463.035,-2950.529,239.327,-182.271,-0.999151,-0.039494,0.011703,0.040322,-0.995827,0.081876,0.008421,0.082278,0.996574,0,0.32000,-0.46907,19.200,-0.938,-1,425.000,-1,-1,-1,325.000,300.000,400.000,250.000,375.000,-1,-1,-1,950.000,-1,-1,-1,2,0,2,2,2,0,0,0,0,1,2,2,2,0,2,2,2
4,9439.072,-2949.177,239.436,-183.222,-0.998345,-0.056021,0.012994,0.056871,-0.995287,0.078549,0.008533,0.079158,0.996826,0,0.40000,-0.47520,24.000,-0.950,-1,425.000,-1,-1,-1,325.000,300.000,375.000,250.000,375.000,-1,-1,-1,950.000,-1,-1,-1,2,0,2,2,2,0,1,0,0,1,2,2,2,0,2,2,2
5,9410.349,-2947.070,239.499,-184.188,-0.997241,-0.072818,0.014417,0.073692,-0.994516,0.074214,0.008934,0.075072,0.997138,0,0.48000,-0.48308,28.800,-0.966,-1,425.000,-1,-1,-1,325.000,350.000,375.000,250.000,400.000,-1,-1,-1,-1,-1,-1,-1,2,0,2,2,2,0,1,0,0,1,2,2,2,2,2,2,2
6,9376.885,-2944.036,239.509,-185.173,-0.995819,-0.089946,0.015919,0.090836,-0.993481,0.068875,0.009620,0.070034,0.997498,0,0.56000,-0.49278,33.600,-0.986,-1,425.000,-1,-1,-1,325.000,400.000,375.000,275.000,425.000,-1,-1,-1,-1,-1,-1,-1,2,0,2,2,2,0,1,0,0,1,2,2,2,2,2,2,2
7,9342.621,-2940.320,239.459,-186.182,-0.994058,-0.107462,0.017359,0.108354,-0.992099,0.063230,0.010427,0.064735,0.997848,0,0.57441,-0.50440,34.464,-1.009,-1,425.000,-1,-1,-1,325.000,525.000,350.000,275.000,425.000,450.000,-1,-1,-1,-1,-1,-1,2,0,2,2,2,1,1,0,0,1,1,2,2,2,2,2,2
8,9308.412,-2935.985,239.355,-187.215,-0.991933,-0.125376,0.018679,0.126256,-0.990332,0.057462,0.011294,0.059357,0.998173,0,0.57470,-0.51661,34.482,-1.033,-1,425.000,-1,-1,-1,350.000,-1,350.000,275.000,450.000,375.000,-1,-1,-1,-1,-1,-1,2,0,2,2,2,1,2,0,0,1,1,2,2,2,2,2,2
9,9274.208,-2931.007,239.206,-188.273,-0.989424,-0.143689,0.019842,0.144539,-0.988152,0.051609,0.012191,0.053931,0.998470,0,0.57606,-0.52911,34.563,-1.058,-1,425.000,-1,-1,-1,375.000,-1,325.000,300.000,500.000,325.000,-1,-1,-1,-1,-1,-1,2,0,2,2,2,1,2,0,0,1,1,2,2,2,2,2,2
10,9239.967,-2925.361,239.023,-189.357,-0.986506,-0.162399,0.020810,0.163203,-0.985533,0.045713,0.013085,0.048493,0.998738,0,0.57840,-0.54190,34.704,-1.084,-1,425.000,-1,-1,-1,425.000,-1,325.000,300.000,525.000,300.000,-1,-1,-1,-1,-1,-1,2,0,2,2,2,1,2,0,0,1,1,2,2,2,2,2,2
11,9205.648,-2919.020,239.681,-190.467,-0.983221,-0.181476,0.018513,0.182132,-0.982292,0.043935,0.010212,0.046569,0.998863,0,0.58166,-0.55497,34.900,-1.110,-1,425.000,-1,-1,-1,500.000,-1,325.000,300.000,550.000,325.000,-1,-1,-1,-1,-1,-1,2,0,2,2,2,1,2,0,0,1,1,2,2,2,2,2,2
12,9171.219,-2911.948,240.174,-191.604,-0.979480,-0.200949,0.015447,0.201430,-0.978609,0.041844,0.006708,0.044097,0.999005,0,0.58579,-0.56833,35.147,-1.137,-1,425.000,-1,-1,-1,-1,-1,300.000,300.000,600.000,350.000,-1,-1,-1,-1,-1,-1,2,0,2,2,2,2,2,0,0,1,1,2,2,2,2,2,2
13,9132.292,-2902.973,240.479,-192.981,-0.974410,-0.224421,0.012675,0.224754,-0.973581,0.040329,0.003289,0.042145,0.999106,0,0.66579,-0.68833,39.947,-1.377,-1,425.000,-1,-1,-1,-1,-1,300.000,300.000,625.000,375.000,-1,-1,-1,-1,-1,-1,2,0,2,2,2,2,2,0,0,1,1,2,2,2,2,2,2
14,9088.985,-2891.712,237.097,-194.583,-0.967864,-0.251423,0.004991,0.251319,-0.966387,0.054179,-0.008799,0.053693,0.998519,0,0.74579,-0.80134,44.747,-1.603,-1,475.000,-1,-1,-1,-1,-1,325.000,275.000,700.000,475.000,-1,-1,-1,-1,-1,-1,2,1,2,2,2,2,2,0,0,1,1,2,2,2,2,2,2
15,9041.400,-2877.897,229.824,-196.208,-0.960471,-0.278235,-0.008918,0.276500,-0.957217,0.085346,-0.032283,0.079507,0.996311,0,0.82579,-0.81219,49.547,-1.624,-1,525.000,-1,-1,-1,-1,-1,325.000,225.000,825.000,625.000,-1,-1,-1,-1,-1,-1,2,1,2,2,2,2,2,0,0,1,1,2,2,2,2,2,2
16,8991.690,-2861.910,221.378,-197.857,-0.952145,-0.304793,-0.022813,0.299927,-0.946095,0.122261,-0.058848,0.109568,0.992236,0,0.87023,-0.82459,52.214,-1.649,-1,-1,-1,-1,-1,-1,-1,375.000,175.000,-1,825.000,-1,-1,-1,-1,-1,-1,2,2,2,2,2,2,2,0,0,2,1,2,2,2,2,2,2
17,4377.982,-3098.869,164.476,41.614,0.741060,-0.662815,-0.107269,0.665637,0.746177,-0.012118,0.088073,-0.062423,0.994156,1,0.00000,0.00000,53.038,-1.676,-1,550.000,-1,325.000,-1,350.000,300.000,300.000,575.000,475.000,75.000,150.000,-1,-1,-1,-1,-1,2,1,2,1,2,1,1,0,1,1,0,0,2,2,2,2,2
18,4381.556,-3095.666,164.928,41.854,0.738053,-0.665867,-0.109080,0.668828,0.743318,-0.012101,0.089138,-0.064025,0.993959,0,0.08000,0.12000,4.800,0.240,-1,575.000,-1,325.000,-1,375.000,300.000,300.000,575.000,475.000,75.000,150.000,-1,-1,-1,-1,-1,2,1,2,1,2,1,1,0,1,1,0,0,2,2,2,2,2
19,4388.652,-3089.199,165.843,42.334,0.731987,-0.671925,-0.112748,0.675181,0.737554,-0.012042,0.091249,-0.067311,0.993551,0,0.16000,0.24000,9.600,0.480,-1,575.000,-1,350.000,-1,375.000,300.000,300.000,575.000,475.000,75.000,150.000,-1,-1,-1,-1,-1,2,1,2,1,2,1,1,0,1,1,0,0,2,2,2,2,2
20,4399.173,-3079.366,167.247,43.054,0.722753,-0.680895,-0.118368,0.684634,0.728790,-0.011899,0.094367,-0.072438,0.992899,0,0.24000,0.36000,14.400,0.720,-1,625.000,-1,400.000,-1,400.000,325.000,300.000,575.000,475.000,75.000,175.000,-1,-1,-1,-1,-1,2,0,2,1,2,1,1,0,1,1,0,0,2,2,2,2,2
21,4412.978,-3066.021,169.178,44.014,0.710190,-0.692628,-0.126080,0.697095,0.716885,-0.011614,0.098429,-0.079642,0.991952,0,0.32000,0.48000,19.200,0.960,-1,625.000,-1,475.000,-1,400.000,350.000,300.000,575.000,475.000,75.000,175.000,-1,-1,-1,-1,-1,2,0,2,1,2,1,1,0,1,1,0,0,2,2,2,2,2
22,4429.881,-3048.982,171.686,45.214,0.694087,-0.706913,-0.136075,0.712435,0.701650,-0.011123,0.103340,-0.089224,0.990636,0,0.40000,0.60000,24.000,1.200,-1,650.000,-1,550.000,-1,450.000,400.000,300.000,575.000,450.000,75.000,175.000,-1,-1,-1,-1,-1,2,0,2,1,2,1,1,0,1,0,0,0,2,2,2,2,2
23,4449.642,-3028.030,174.833,46.654,0.674182,-0.723463,-0.148590,0.730482,0.682853,-0.010368,0.108966,-0.101553,0.988845,0,0.48000,0.72000,28.800,1.440,-1,650.000,-1,675.000,-1,500.000,475.000,275.000,575.000,400.000,75.000,200.000,-1,-1,-1,-1,-1,2,0,2,1,2,1,1,0,1,0,0,0,2,2,2,2,2
24,4471.974,-3002.927,175.841,48.334,0.652387,-0.742802,-0.150451,0.750300,0.661021,-0.010117,0.106966,-0.106284,0.988566,0,0.56000,0.84000,33.600,1.680,-1,650.000,-1,725.000,-1,525.000,500.000,275.000,525.000,400.000,75.000,225.000,-1,-1,-1,-1,-1,2,0,2,1,2,1,1,0,1,0,0,0,2,2,2,2,2
25,4496.654,-2973.512,176.116,49.996,0.631039,-0.761484,-0.148093,0.769123,0.639042,-0.008601,0.101187,-0.108474,0.988936,0,0.64000,0.83116,38.400,1.662,-1,625.000,-1,750.000,-1,525.000,525.000,275.000,475.000,400.000,100.000,250.000,-1,-1,-1,-1,-1,2,0,2,1,2,1,1,0,1,0,0,0,2,2,2,2,2
26,2951.711,-8199.174,87.571,-142.430,-0.792767,0.608440,0.036346,-0.609511,-0.790942,-0.053917,-0.004058,-0.064897,0.997884,1,0.00000,0.00000,43.200,1.614,675.000,400.000,-1,375.000,-1,325.000,300.000,300.000,175.000,-1,750.000,-1,-1,600.000,725.000,650.000,-1,1,0,2,0,2,0,0,0,1,2,0,2,2,1,0,1,2
27,2955.528,-8196.263,87.651,-142.670,-0.795304,0.605116,0.036420,-0.606199,-0.793477,-0.054013,-0.003785,-0.065035,0.997876,0,-0.08000,-0.12000,-4.800,-0.240,675.000,400.000,-1,375.000,-1,325.000,300.000,300.000,175.000,-1,750.000,-1,-1,600.000,725.000,650.000,-1,1,0,2,0,2,0,0,0,1,2,0,2,2,1,0,1,2
28,2963.211,-8190.507,88.292,-143.150,-0.800283,0.598365,0.038814,-0.599620,-0.798408,-0.054789,-0.001794,-0.067120,0.997743,0,-0.16000,-0.24000,-9.600,-0.480,700.000,400.000,-1,375.000,-1,325.000,325.000,300.000,175.000,-1,675.000,-1,-1,625.000,725.000,675.000,-1,1,0,2,0,2,0,0,0,1,2,0,2,2,1,0,1,2
29,2974.834,-8182.007,89.160,-143.813,-0.807055,0.588979,0.042014,-0.590475,-0.805116,-0.055928,0.000886,-0.069945,0.997550,0,-0.24000,-0.33122,-14.400,-0.662,700.000,400.000,-1,400.000,-1,325.000,325.000,300.000,175.000,-1,600.000,-1,-1,625.000,750.000,675.000,-1,1,0,2,0,2,0,0,0,1,2,0,2,2,1,0,1,2
30,2990.461,-8170.852,90.106,-144.473,-0.813683,0.579535,0.045385,-0.581298,-0.811672,-0.057289,0.003637,-0.072997,0.997326,0,-0.32000,-0.33015,-19.200,-0.660,725.000,400.000,-1,400.000,-1,325.000,325.000,300.000,175.000,-1,550.000,-1,-1,650.000,775.000,700.000,-1,1,0,2,0,2,0,0,0,1,2,0,2,2,1,0,1,2
31,3008.558,-8158.244,91.002,-145.130,-0.820165,0.570064,0.048544,-0.572093,-0.818083,-0.058732,0.006232,-0.075941,0.997093,0,-0.36760,-0.32848,-22.056,-0.657,750.000,400.000,-1,400.000,-1,325.000,325.000,300.000,200.000,-1,475.000,675.000,-1,675.000,800.000,725.000,-1,1,0,2,0,2,0,0,0,1,2,0,0,2,1,0,1,2
32,3026.182,-8146.261,91.727,-145.783,-0.826504,0.560601,0.051164,-0.562867,-0.824361,-0.060081,0.008496,-0.078455,0.996881,0,-0.35522,-0.32627,-21.313,-0.653,750.000,425.000,-1,400.000,-1,325.000,325.000,300.000,200.000,-1,450.000,625.000,-1,675.000,825.000,750.000,-1,1,0,2,0,2,0,0,0,1,2,0,0,2,1,0,1,2
33,3043.356,-8134.866,92.312,-146.430,-0.832704,0.551156,0.053203,-0.553621,-0.830509,-0.061304,0.010398,-0.080502,0.996700,0,-0.34352,-0.32384,-20.611,-0.648,775.000,425.000,-1,425.000,-1,350.000,350.000,300.000,225.000,-1,400.000,575.000,-1,700.000,825.000,775.000,-1,1,0,2,0,2,0,0,0,1,2,0,0,2,1,0,1,2
34,3060.102,-8124.023,92.767,-147.073,-0.838765,0.541738,0.054711,-0.544363,-0.836526,-0.062395,0.011965,-0.082118,0.996551,0,-0.33250,-0.32121,-19.950,-0.642,800.000,425.000,-1,425.000,-1,350.000,350.000,300.000,225.000,-1,375.000,550.000,-1,725.000,850.000,800.000,-1,1,0,2,0,2,0,0,0,1,2,0,0,2,1,0,1,2
35,3076.441,-8113.699,93.103,-147.710,-0.844686,0.532353,0.055733,-0.535099,-0.842410,-0.063352,0.013225,-0.083335,0.996434,0,-0.32214,-0.31841,-19.328,-0.637,800.000,425.000,-1,425.000,-1,350.000,350.000,300.000,225.000,1000.000,350.000,525.000,-1,725.000,850.000,825.000,-1,1,0,2,0,2,0,0,0,1,0,0,0,2,1,0,1,2
36,3092.392,-8103.854,93.370,-148.317,-0.850248,0.523360,0.056319,-0.526187,-0.847964,-0.063907,0.014310,-0.083971,0.996365,0,-0.31242,-0.30387,-18.745,-0.608,825.000,425.000,-1,425.000,-1,350.000,350.000,300.000,250.000,1000.000,325.000,525.000,-1,750.000,850.000,850.000,-1,1,0,2,0,2,0,0,0,1,0,0,0,2,1,0,1,2
37,3107.981,-8094.448,93.574,-148.895,-0.855456,0.514782,0.056521,-0.517651,-0.853189,-0.064072,0.015240,-0.084069,0.996343,0,-0.30345,-0.28877,-18.207,-0.578,825.000,425.000,-1,425.000,425.000,350.000,350.000,300.000,250.000,975.000,325.000,500.000,-1,750.000,850.000,850.000,-1,1,0,2,0,1,0,0,0,1,0,0,0,2,1,0,1,2
38,3123.234,-8085.443,93.680,-149.443,-0.860338,0.506599,0.056355,-0.509476,-0.858095,-0.064091,0.015890,-0.083851,0.996352,0,-0.29522,-0.27429,-17.713,-0.549,850.000,425.000,-1,425.000,400.000,350.000,350.000,300.000,275.000,975.000,300.000,475.000,-1,775.000,850.000,875.000,-1,1,0,2,0,1,0,0,0,1,0,0,0,2,1,0,1,2
39,3138.175,-8076.804,93.696,-149.964,-0.864916,0.498799,0.055860,-0.501653,-0.862701,-0.063967,0.016283,-0.083348,0.996387,0,-0.28766,-0.26041,-17.260,-0.521,875.000,425.000,-1,425.000,375.000,350.000,350.000,300.000,275.000,975.000,300.000,475.000,-1,775.000,850.000,900.000,-1,1,0,2,0,1,0,0,0,1,0,0,0,2,1,0,1,2
40,3152.829,-8068.498,93.631,-150.458,-0.869208,0.491370,0.055067,-0.494173,-0.867026,-0.063704,0.016442,-0.082585,0.996448,0,-0.28073,-0.24711,-16.844,-0.494,875.000,425.000,-1,425.000,350.000,350.000,350.000,300.000,275.000,975.000,300.000,450.000,-1,800.000,850.000,925.000,-1,1,0,2,0,1,0,0,0,1,0,0,0,2,1,0,1,2
41,3167.218,-8060.497,93.491,-150.927,-0.873233,0.484301,0.054006,-0.487028,-0.871089,-0.063306,0.016384,-0.081583,0.996532,0,-0.27440,-0.23436,-16.464,-0.469,900.000,425.000,-1,425.000,350.000,350.000,350.000,300.000,300.000,975.000,275.000,450.000,-1,800.000,850.000,925.000,-1,1,0,2,0,1,0,0,0,1,0,0,0,2,1,0,1,2
42,3181.364,-8052.774,93.283,-151.371,-0.877006,0.477580,0.052702,-0.480208,-0.874905,-0.062778,0.016128,-0.080364,0.996635,0,-0.26862,-0.22213,-16.117,-0.444,900.000,425.000,-1,425.000,325.000,350.000,350.000,300.000,300.000,1000.000,275.000,450.000,-1,800.000,825.000,950.000,-1,1,0,2,0,1,0,0,0,1,0,0,0,2,1,0,1,2
43,3195.287,-8045.304,93.013,-151.792,-0.880543,0.471195,0.051178,-0.473707,-0.878489,-0.062123,0.015687,-0.078945,0.996756,0,-0.26335,-0.21039,-15.801,-0.421,925.000,425.000,-1,425.000,325.000,350.000,350.000,300.000,325.000,1000.000,275.000,425.000,-1,825.000,825.000,950.000,-1,1,0,2,1,1,0,0,0,1,0,0,0,2,1,0,1,2
44,3209.009,-8038.065,92.762,-152.190,-0.883871,0.465148,0.049088,-0.467496,-0.881875,-0.061189,0.014827,-0.077032,0.996918,0,-0.25857,-0.19912,-15.514,-0.398,925.000,425.000,-1,400.000,300.000,350.000,350.000,300.000,325.000,-1,275.000,450.000,-1,825.000,800.000,975.000,-1,1,0,2,1,1,0,0,0,1,2,0,0,2,1,0,1,2
45,3222.546,-8031.036,92.476,-152.567,-0.886991,0.459417,0.046726,-0.461582,-0.885059,-0.060095,0.013747,-0.074871,0.997098,0,-0.25423,-0.18830,-15.254,-0.377,950.000,425.000,-1,400.000,300.000,350.000,350.000,300.000,325.000,-1,300.000,450.000,-1,800.000,800.000,975.000,-1,1,0,2,1,1,0,0,0,1,2,0,0,2,0,0,1,2
46,3235.917,-8024.198,92.140,-152.923,-0.889910,0.453990,0.044202,-0.455965,-0.888048,-0.058884,0.012521,-0.072556,0.997286,0,-0.25030,-0.17790,-15.018,-0.356,950.000,425.000,-1,375.000,300.000,350.000,325.000,300.000,350.000,-1,300.000,450.000,-1,800.000,775.000,1000.000,475.000,1,0,2,1,1,0,0,0,1,2,0,0,2,0,0,1,1
47,3249.138,-8017.535,91.755,-153.259,-0.892638,0.448857,0.041528,-0.450635,-0.890850,-0.057563,0.011158,-0.070097,0.997478,0,-0.24676,-0.16790,-14.806,-0.336,950.000,425.000,-1,375.000,275.000,325.000,325.000,300.000,350.000,-1,325.000,475.000,-1,800.000,725.000,1000.000,425.000,1,0,2,1,1,0,0,0,1,2,0,0,2,0,1,1,1
48,3262.226,-8011.029,91.326,-153.575,-0.895186,0.444008,0.038715,-0.445587,-0.893477,-0.056135,0.009666,-0.067502,0.997672,0,-0.24359,-0.15827,-14.615,-0.317,975.000,400.000,-1,350.000,275.000,325.000,325.000,300.000,350.000,-1,325.000,500.000,-1,775.000,675.000,-1,400.000,1,0,2,1,1,0,0,0,1,2,0,0,2,0,1,2,1
49,3275.194,-8004.666,90.856,-153.873,-0.897562,0.439434,0.035770,-0.440814,-0.895936,-0.054605,0.008052,-0.064779,0.997867,0,-0.24076,-0.14900,-14.445,-0.298,975.000,400.000,-1,350.000,275.000,325.000,325.000,300.000,350.000,-1,350.000,500.000,-1,775.000,625.000,-1,375.000,1,0,2,1,1,0,0,0,1,2,0,0,2,0,1,2,1
50,3288.058,-7998.433,90.345,-154.153,-0.899775,0.435127,0.032701,-0.436308,-0.898236,-0.052976,0.006322,-0.061934,0.998060,0,-0.23824,-0.14007,-14.294,-0.280,1000.000,400.000,-1,350.000,275.000,325.000,325.000,300.000,350.000,-1,375.000,525.000,-1,775.000,600.000,-1,350.000,1,0,2,1,1,0,0,0,1,2,0,0,2,0,1,2,1
51,3300.829,-7992.316,89.798,-154.416,-0.901832,0.431078,0.029514,-0.432064,-0.900385,-0.051253,0.004480,-0.058974,0.998249,0,-0.23602,-0.13146,-14.161,-0.263,1000.000,400.000,-1,325.000,275.000,325.000,325.000,300.000,325.000,-1,400.000,575.000,-1,750.000,575.000,-1,325.000,1,0,2,1,1,0,1,0,1,2,0,0,2,0,1,2,1
52,3313.522,-7986.304,89.214,-154.663,-0.903740,0.427279,0.026215,-0.428075,-0.902390,-0.049440,0.002532,-0.055903,0.998433,0,-0.23408,-0.12314,-14.045,-0.246,1000.000,400.000,-1,325.000,275.000,325.000,300.000,300.000,325.000,-1,450.000,-1,-1,750.000,550.000,-1,325.000,1,0,2,1,1,0,1,0,1,2,0,2,2,0,1,2,1
53,3326.148,-7980.385,88.597,-154.893,-0.905505,0.423723,0.022807,-0.424336,-0.904256,-0.047538,0.000481,-0.052724,0.998609,0,-0.23240,-0.11511,-13.944,-0.230,-1,400.000,-1,325.000,250.000,325.000,300.000,325.000,325.000,-1,500.000,-1,-1,750.000,525.000,-1,300.000,2,0,2,1,1,0,1,0,1,2,0,2,2,0,1,2,1
54,3338.717,-7974.551,87.947,-155.107,-0.907133,0.420402,0.019295,-0.420842,-0.905990,-0.045553,-0.001670,-0.049443,0.998776,0,-0.23097,-0.10735,-13.858,-0.215,-1,400.000,-1,325.000,250.000,325.000,300.000,325.000,325.000,-1,575.000,-1,-1,725.000,500.000,-1,300.000,2,0,2,1,1,0,1,0,1,2,0,2,2,0,1,2,1
55,3355.684,-7966.789,87.410,-155.422,-0.909458,0.415486,0.016059,-0.415781,-0.908420,-0.043576,-0.003517,-0.046308,0.998921,0,-0.31097,-0.15724,-18.658,-0.314,-1,400.000,-1,300.000,250.000,300.000,300.000,325.000,325.000,-1,650.000,-1,-1,725.000,500.000,-1,300.000,2,0,2,1,1,0,1,0,1,2,0,2,2,0,1,2,1
56,3368.342,-7961.147,87.489,-155.976,-0.913433,0.406685,0.015751,-0.406978,-0.912421,-0.043091,-0.003153,-0.045771,0.998947,0,-0.23097,-0.27724,-13.858,-0.554,-1,400.000,-1,300.000,275.000,300.000,300.000,325.000,325.000,-1,650.000,-1,-1,725.000,475.000,-1,300.000,2,0,2,1,1,0,1,0,1,2,0,2,2,0,1,2,1
57,3376.665,-7957.574,87.534,-156.771,-0.918978,0.394001,0.015589,-0.394302,-0.917988,-0.042711,-0.002517,-0.045397,0.998966,0,-0.15097,-0.39724,-9.058,-0.794,-1,400.000,-1,300.000,275.000,300.000,300.000,325.000,350.000,-1,625.000,-1,-1,725.000,475.000,-1,300.000,2,0,2,1,1,0,1,0,1,2,0,2,2,0,1,2,1
58,3380.608,-7955.965,87.553,-157.805,-0.925933,0.377367,0.015580,-0.377686,-0.924961,-0.042442,-0.001605,-0.045183,0.998977,0,-0.07097,-0.51724,-4.258,-1.034,-1,400.000,-1,300.000,275.000,300.000,275.000,325.000,350.000,-1,600.000,-1,-1,725.000,450.000,-1,300.000,2,0,2,1,1,0,1,0,1,2,0,2,2,0,1,2,1
59,3380.101,-7956.160,87.553,-158.969,-0.933392,0.358515,0.015717,-0.358859,-0.932433,-0.042306,-0.000512,-0.045128,0.998981,0,0.00903,-0.58157,0.542,-1.163,-1,375.000,-1,300.000,275.000,300.000,275.000,325.000,375.000,-1,575.000,700.000,-1,725.000,450.000,-1,300.000,2,0,2,1,1,0,1,0,1,2,0,0,2,0,1,2,1
60,3375.078,-7957.976,87.543,-160.123,-0.940413,0.339657,0.015987,-0.340033,-0.939460,-0.042330,0.000641,-0.045243,0.998976,0,0.08903,-0.57712,5.342,-1.154,-1,375.000,-1,300.000,275.000,300.000,275.000,325.000,375.000,-1,550.000,675.000,-1,725.000,450.000,-1,300.000,2,0,2,1,1,0,1,0,1,2,0,0,2,0,1,2,1
61,3365.473,-7961.233,87.533,-161.270,-0.947012,0.320781,0.016387,-0.321194,-0.946058,-0.042522,0.001863,-0.045532,0.998961,0,0.16903,-0.57345,10.142,-1.147,-1,375.000,-1,300.000,275.000,300.000,275.000,325.000,375.000,-1,525.000,650.000,-1,700.000,425.000,-1,275.000,2,0,2,1,1,0,1,0,1,2,0,0,2,0,1,2,1
62,3351.229,-7965.748,87.529,-162.411,-0.953199,0.301870,0.016917,-0.302328,-0.952239,-0.042890,0.003162,-0.045997,0.998937,0,0.24903,-0.57055,14.942,-1.141,-1,375.000,-1,300.000,250.000,300.000,275.000,325.000,375.000,-1,500.000,625.000,-1,700.000,425.000,-1,275.000,2,0,2,1,1,0,1,0,1,2,0,0,2,0,1,2,1
63,3332.295,-7971.340,87.575,-163.548,-0.958983,0.282909,0.017709,-0.283424,-0.958006,-0.043535,0.004649,-0.046768,0.998895,0,0.32903,-0.56840,19.742,-1.137,-1,375.000,-1,275.000,250.000,300.000,275.000,325.000,375.000,-1,475.000,600.000,-1,700.000,400.000,-1,250.000,2,0,2,1,1,0,1,0,1,2,0,0,2,0,1,2,1
64,3308.626,-7977.826,89.062,-164.682,-0.964273,0.263812,0.024086,-0.264703,-0.963117,-0.048351,0.010442,-0.052999,0.998540,0,0.40903,-0.56700,24.542,-1.134,-1,375.000,-1,275.000,250.000,300.000,275.000,325.000,375.000,-1,375.000,475.000,-1,725.000,400.000,-1,250.000,2,0,2,1,1,0,1,0,1,2,0,0,2,0,1,2,1
65,3280.198,-7985.096,90.922,-165.664,-0.968458,0.247149,0.031735,-0.248583,-0.967073,-0.054547,0.017209,-0.060715,0.998007,0,0.48903,-0.49126,29.342,-0.983,-1,400.000,-1,275.000,250.000,325.000,275.000,300.000,400.000,-1,300.000,400.000,-1,725.000,400.000,-1,250.000,2,0,2,1,1,0,1,0,1,2,0,0,2,0,1,2,1
66,3246.978,-7992.981,93.125,-166.657,-0.972297,0.230218,0.040475,-0.232409,-0.970635,-0.062079,0.024995,-0.069766,0.997250,0,0.56903,-0.49643,34.142,-0.993,1000.000,400.000,-1,275.000,225.000,325.000,275.000,300.000,425.000,-1,250.000,350.000,-1,750.000,400.000,-1,250.000,1,0,2,1,1,0,1,0,1,2,0,0,2,0,1,2,1
67,3208.936,-8001.307,95.908,-167.664,-0.975809,0.212968,0.049402,-0.216093,-0.973846,-0.070199,0.033159,-0.079177,0.996309,0,0.64903,-0.50368,38.942,-1.007,1000.000,425.000,-1,300.000,225.000,350.000,275.000,300.000,425.000,-1,200.000,325.000,-1,800.000,425.000,-1,250.000,1,0,2,1,1,0,1,0,1,2,0,0,2,0,1,2,1
68,3166.043,-8009.891,99.493,-168.691,-0.978911,0.195345,0.059785,-0.199666,-0.976778,-0.077712,0.043216,-0.088010,0.995182,0,0.72903,-0.51317,43.742,-1.026,-1,425.000,-1,300.000,225.000,350.000,275.000,300.000,450.000,925.000,200.000,300.000,-1,850.000,425.000,-1,250.000,2,0,2,1,1,0,1,0,1,0,0,0,2,0,1,2,1
69,3118.277,-8018.545,103.503,-169.741,-0.981598,0.177244,0.071066,-0.183084,-0.979291,-0.086421,0.054276,-0.097842,0.993721,0,0.80903,-0.52516,48.542,-1.050,-1,450.000,-1,300.000,225.000,375.000,300.000,275.000,450.000,800.000,175.000,275.000,-1,900.000,425.000,-1,250.000,2,0,2,1,1,0,1,0,1,0,0,0,2,0,1,2,1
70,3065.617,-8027.063,107.961,-170.821,-0.983839,0.158576,0.083148,-0.166320,-0.981351,-0.096376,0.066314,-0.108648,0.991866,0,0.88903,-0.53998,53.342,-1.080,-1,475.000,-1,300.000,225.000,400.000,300.000,275.000,450.000,675.000,125.000,275.000,-1,975.000,450.000,-1,250.000,2,0,2,1,1,0,1,0,1,0,0,0,2,0,1,2,1
71,3008.047,-8035.230,112.893,-171.937,-0.985596,0.139238,0.095987,-0.149346,-0.982903,-0.107690,0.079352,-0.120474,0.989540,0,0.96903,-0.55810,58.142,-1.116,-1,500.000,-1,300.000,200.000,425.000,325.000,275.000,425.000,600.000,75.000,250.000,-1,-1,475.000,-1,225.000,2,0,2,1,1,0,1,0,1,0,0,0,2,2,1,2,1
72,2948.479,-8042.453,118.093,-173.097,-0.986890,0.119119,0.108901,-0.132008,-0.983958,-0.120005,0.092859,-0.132808,0.986782,0,1.00000,-0.58008,60.000,-1.160,-1,525.000,-1,300.000,200.000,450.000,325.000,275.000,400.000,525.000,75.000,200.000,-1,-1,575.000,-1,225.000,2,0,2,1,1,0,1,0,1,0,0,0,2,2,1,2,1
73,2888.772,-8048.420,123.447,-174.307,-0.987727,0.098141,0.121510,-0.114201,-0.984492,-0.133166,0.106556,-0.145408,0.983617,0,1.00000,-0.60495,60.000,-1.210,-1,550.000,-1,325.000,200.000,475.000,350.000,275.000,350.000,450.000,50.000,200.000,-1,-1,650.000,-1,225.000,2,0,2,1,1,1,1,0,1,0,0,0,2,2,1,2,1
74,2828.946,-8053.069,129.003,-175.571,-0.988063,0.076246,0.133860,-0.095927,-0.984422,-0.147350,0.120540,-0.158432,0.979984,0,1.00000,-0.63198,60.000,-1.264,-1,600.000,-1,350.000,175.000,500.000,375.000,250.000,325.000,375.000,25.000,175.000,-1,-1,775.000,-1,225.000,2,0,2,1,1,1,1,0,1,0,0,0,2,2,1,2,1
75,2769.027,-8056.338,134.807,-176.894,-0.987847,0.053374,0.145975,-0.077197,-0.983642,-0.162754,0.134900,-0.172045,0.975809,0,1.00000,-0.66148,60.000,-1.323,-1,625.000,-1,400.000,175.000,525.000,400.000,250.000,300.000,325.000,25.000,175.000,-1,-1,-1,-1,200.000,2,0,2,1,1,1,1,0,1,0,0,0,2,2,2,2,1
76,2709.046,-8058.157,140.912,-178.282,-0.987024,0.029462,0.157850,-0.058034,-0.982028,-0.179590,0.149722,-0.186420,0.970995,0,1.00000,-0.69373,60.000,-1.387,-1,675.000,-1,425.000,150.000,550.000,425.000,250.000,275.000,275.000,25.000,150.000,-1,-1,-1,-1,-1,2,0,2,1,1,1,1,0,1,0,0,0,2,2,2,2,2
77,5749.979,-4616.536,136.580,100.585,-0.183393,-0.982978,0.010977,0.979861,-0.183686,-0.078311,0.078995,-0.003605,0.996869,1,0.00000,0.00000,60.000,-1.458,-1,350.000,-1,375.000,-1,250.000,275.000,375.000,350.000,-1,125.000,100.000,800.000,-1,775.000,-1,-1,2,1,2,1,2,1,1,1,0,2,0,0,0,2,1,2,2
78,5749.117,-4611.814,136.799,100.345,-0.179260,-0.983740,0.011026,0.980571,-0.179567,-0.078970,0.079665,-0.003344,0.996816,0,0.08000,-0.12000,4.800,-0.240,-1,350.000,-1,375.000,-1,250.000,275.000,375.000,350.000,-1,125.000,125.000,800.000,1000.000,800.000,-1,-1,2,1,2,1,2,1,1,1,0,2,0,0,0,1,1,2,2
79,5747.472,-4602.356,137.240,99.865,-0.170982,-0.985211,0.011119,0.981939,-0.171320,-0.080283,0.081000,-0.002809,0.996710,0,0.16000,-0.24000,9.600,-0.480,-1,350.000,-1,375.000,-1,250.000,275.000,375.000,350.000,-1,125.000,125.000,775.000,1000.000,800.000,-1,-1,2,1,2,1,2,1,1,1,0,2,0,0,0,1,1,2,2
80,5745.130,-4588.147,137.922,99.362,-0.162315,-0.986677,0.011051,0.983253,-0.162672,-0.082168,0.082871,-0.002471,0.996557,0,0.24000,-0.25129,14.400,-0.503,-1,350.000,-1,375.000,-1,250.000,275.000,375.000,350.000,-1,150.000,125.000,775.000,1000.000,825.000,-1,-1,2,1,2,1,2,1,1,1,0,2,0,0,0,1,1,2,2
81,5742.169,-4569.176,138.852,98.871,-0.153844,-0.988036,0.010770,0.984411,-0.154202,-0.084593,0.085242,-0.002412,0.996357,0,0.32000,-0.24575,19.200,-0.491,-1,350.000,-1,400.000,-1,250.000,275.000,375.000,350.000,-1,150.000,125.000,775.000,1000.000,825.000,-1,-1,2,1,2,1,2,1,1,1,0,2,0,0,0,1,1,2,2
82,5978.660,-4487.693,141.878,186.609,-0.992214,0.114841,0.048202,-0.117706,-0.991140,-0.061533,0.040709,-0.066728,0.996940,1,0.00000,0.00000,24.000,-0.477,-1,525.000,-1,550.000,-1,400.000,400.000,275.000,300.000,575.000,75.000,175.000,-1,-1,-1,-1,-1,2,1,2,1,2,1,1,0,1,0,0,0,2,2,2,2,2
83,5973.890,-4488.225,141.899,186.369,-0.992653,0.110685,0.048869,-0.113623,-0.991581,-0.062107,0.041583,-0.067203,0.996872,0,0.08000,-0.12000,4.800,-0.240,-1,525.000,-1,550.000,-1,400.000,400.000,275.000,300.000,575.000,75.000,175.000,-1,-1,-1,-1,-1,2,1,2,1,2,1,1,0,1,0,0,0,2,2,2,2,2
84,5964.340,-4489.211,141.950,185.889,-0.993479,0.102367,0.050211,-0.105455,-0.992409,-0.063268,0.043354,-0.068150,0.996733,0,0.16000,-0.24000,9.600,-0.480,-1,525.000,-1,575.000,-1,425.000,425.000,275.000,300.000,550.000,75.000,175.000,-1,-1,-1,-1,-1,2,1,2,1,2,1,1,0,1,0,0,0,2,2,2,2,2
85,5949.998,-4490.509,142.042,185.169,-0.994581,0.089880,0.052244,-0.093201,-0.993521,-0.065042,0.046060,-0.069559,0.996514,0,0.24000,-0.36000,14.400,-0.720,-1,550.000,-1,600.000,-1,425.000,425.000,275.000,300.000,550.000,75.000,150.000,-1,-1,-1,-1,-1,2,1,2,1,2,1,1,0,1,0,0,0,2,2,2,2,2
86,5930.849,-4491.919,142.198,184.209,-0.995799,0.073212,0.054990,-0.076861,-0.994756,-0.067471,0.049762,-0.071414,0.996205,0,0.32000,-0.48000,19.200,-0.960,-1,550.000,-1,625.000,-1,425.000,425.000,275.000,300.000,525.000,75.000,150.000,-1,-1,-1,-1,-1,2,1,2,1,2,1,1,0,1,0,0,0,2,2,2,2,2
87,5906.882,-4493.181,142.838,183.009,-0.997099,0.052349,0.055263,-0.056281,-0.995803,-0.072166,0.051253,-0.075067,0.995860,0,0.40000,-0.60000,24.000,-1.200,-1,550.000,-1,650.000,-1,450.000,450.000,275.000,300.000,525.000,75.000,175.000,-1,-1,-1,-1,-1,2,1,2,1,2,1,1,0,1,0,0,0,2,2,2,2,2
88,5878.100,-4494.212,142.783,182.049,-0.998087,0.035658,0.050501,-0.039296,-0.996559,-0.072976,0.047725,-0.074821,0.996054,0,0.48000,-0.48000,28.800,-0.960,-1,550.000,-1,650.000,-1,425.000,450.000,275.000,275.000,550.000,125.000,200.000,-1,-1,-1,-1,-1,2,1,2,1,2,1,1,0,1,0,0,0,2,2,2,2,2
89,5844.509,-4494.972,142.548,181.294,-0.998793,0.022522,0.043640,-0.025702,-0.996946,-0.073738,0.041846,-0.074771,0.996322,0,0.56000,-0.37754,33.600,-0.755,-1,525.000,-1,650.000,-1,425.000,450.000,275.000,275.000,600.000,150.000,250.000,-1,-1,-1,-1,-1,2,1,2,1,2,1,1,0,1,0,0,0,2,2,2,2,2
90,5806.111,-4495.316,142.249,180.512,-0.999318,0.008911,0.035834,-0.011560,-0.997161,-0.074412,0.035069,-0.074775,0.996584,0,0.64000,-0.39108,38.400,-0.782,-1,525.000,-1,625.000,-1,425.000,425.000,275.000,250.000,650.000,225.000,300.000,-1,1000.000,-1,-1,-1,2,1,2,1,2,1,1,0,1,0,0,0,2,0,2,2,2
91,5762.912,-4495.086,141.887,179.693,-0.999619,-0.005346,0.027080,0.003303,-0.997181,-0.074965,0.027405,-0.074847,0.996818,0,0.72000,-0.40959,43.200,-0.819,-1,500.000,-1,600.000,-1,400.000,425.000,275.000,250.000,700.000,300.000,400.000,-1,950.000,-1,-1,-1,2,1,2,0,2,1,1,0,1,0,0,0,2,0,2,2,2
92,5714.922,-4494.102,141.462,178.823,-0.999639,-0.020480,0.017364,0.019117,-0.996973,-0.075360,0.018855,-0.075000,0.997005,0,0.80000,-0.43483,48.000,-0.870,-1,475.000,-1,575.000,-1,400.000,425.000,300.000,225.000,775.000,400.000,525.000,-1,900.000,-1,-1,-1,2,1,2,0,2,1,1,0,1,0,0,0,2,0,2,2,2
93,5662.158,-4492.155,140.974,177.885,-0.999300,-0.036803,0.006644,0.036197,-0.996485,-0.075551,0.009402,-0.075257,0.997120,0,0.88000,-0.46915,52.800,-0.938,-1,475.000,-1,550.000,-1,400.000,400.000,300.000,200.000,875.000,550.000,675.000,-1,825.000,-1,-1,-1,2,0,2,0,2,1,1,0,1,0,0,0,2,0,2,2,2
94,5604.644,-4488.997,140.421,176.854,-0.998489,-0.054715,-0.005147,0.054948,-0.995633,-0.075475,-0.000994,-0.075644,0.997134,0,0.96000,-0.51519,57.600,-1.030,-1,450.000,-1,525.000,-1,375.000,400.000,300.000,175.000,1000.000,800.000,950.000,-1,775.000,-1,-1,-1,2,0,2,0,2,1,1,0,1,0,0,0,2,0,2,2,2
95,5549.026,-4484.907,139.866,175.792,-0.997180,-0.073158,-0.016704,0.074213,-0.994410,-0.075110,-0.011115,-0.076138,0.997035,0,0.92944,-0.53104,55.767,-1.062,-1,425.000,-1,500.000,-1,375.000,400.000,275.000,200.000,-1,-1,-1,-1,700.000,925.000,-1,-1,2,0,2,0,2,0,0,0,1,2,2,2,2,0,0,2,2
96,5497.025,-4480.112,139.320,174.729,-0.995410,-0.091598,-0.027708,0.093434,-0.992837,-0.074464,-0.020689,-0.076711,0.996839,0,0.87035,-0.53176,52.221,-1.064,-1,400.000,-1,475.000,-1,350.000,375.000,275.000,200.000,-1,-1,-1,-1,650.000,875.000,-1,-1,2,0,2,0,2,0,0,0,1,2,2,2,2,0,0,2,2
97,5448.318,-4474.709,138.786,173.668,-0.993199,-0.109963,-0.038262,0.112545,-0.990920,-0.073556,-0.029826,-0.077362,0.996557,0,0.81675,-0.53056,49.005,-1.061,-1,375.000,-1,450.000,-1,325.000,350.000,275.000,225.000,-1,-1,-1,-1,625.000,800.000,850.000,-1,2,0,2,0,2,0,0,0,1,2,2,2,2,0,0,0,2
98,5402.212,-4468.734,138.260,172.612,-0.990560,-0.128198,-0.048540,0.131501,-0.988670,-0.072388,-0.038710,-0.078088,0.996195,0,0.77482,-0.52795,46.489,-1.056,1000.000,350.000,-1,425.000,-1,325.000,350.000,275.000,225.000,-1,-1,-1,-1,575.000,750.000,725.000,-1,1,0,2,0,2,0,0,0,1,2,2,2,2,0,0,0,2
99,5358.009,-4462.180,137.739,171.563,-0.987501,-0.146264,-0.058720,0.150274,-0.986095,-0.070951,-0.047526,-0.078888,0.995750,0,0.74474,-0.52439,44.684,-1.049,550.000,350.000,-1,400.000,-1,300.000,325.000,275.000,250.000,-1,-1,-1,-1,550.000,700.000,600.000,-1,0,0,2,0,2,0,0,0,1,2,2,2,2,0,0,0,2
100,5315.154,-4455.028,137.222,170.523,-0.984025,-0.164133,-0.068953,0.168847,-0.983208,-0.069227,-0.056433,-0.079764,0.995215,0,0.72410,-0.52019,43.446,-1.040,450.000,325.000,-1,400.000,-1,275.000,300.000,275.000,250.000,-1,-1,-1,-1,500.000,675.000,500.000,-1,0,0,2,0,2,0,0,0,1,2,2,2,2,0,0,0,2
101,5273.248,-4447.258,136.666,169.492,-0.980285,-0.181783,-0.077437,0.187082,-0.980006,-0.067737,-0.063575,-0.080889,0.994694,0,0.71030,-0.51556,42.618,-1.031,400.000,300.000,-1,375.000,-1,275.000,300.000,275.000,275.000,-1,-1,-1,-1,475.000,625.000,425.000,-1,0,0,2,0,2,0,0,0,1,2,2,2,2,0,0,0,2
102,5232.015,-4438.847,136.597,168.470,-0.976388,-0.199234,-0.083500,0.204810,-0.976673,-0.064517,-0.068698,-0.080095,0.994417,0,0.70134,-0.51063,42.081,-1.021,375.000,300.000,-1,350.000,-1,275.000,300.000,275.000,275.000,-1,-1,-1,-1,475.000,600.000,400.000,-1,0,0,2,0,2,0,0,0,1,2,2,2,2,0,0,0,2
103,5191.263,-4429.776,135.381,167.459,-0.972538,-0.216520,-0.085370,0.221773,-0.973391,-0.057681,-0.070609,-0.075030,0.994678,0,0.69579,-0.50547,41.748,-1.011,350.000,300.000,-1,350.000,-1,250.000,275.000,275.000,275.000,-1,-1,-1,-1,450.000,575.000,375.000,-1,0,0,2,0,2,0,0,0,1,2,2,2,2,0,0,0,2
104,5150.859,-4420.039,134.202,166.459,-0.969022,-0.233564,-0.080269,0.238112,-0.969813,-0.052597,-0.065562,-0.070080,0.995385,0,0.69268,-0.50013,41.561,-1.000,375.000,300.000,-1,350.000,-1,275.000,275.000,275.000,300.000,-1,-1,-1,-1,450.000,575.000,400.000,-1,0,0,2,0,2,0,0,0,1,2,2,2,2,0,0,0,2
105,5110.707,-4409.627,133.372,165.470,-0.965297,-0.250336,-0.074384,0.254281,-0.965876,-0.049242,-0.059519,-0.066447,0.996013,0,0.69133,-0.49465,41.480,-0.989,400.000,300.000,-1,350.000,-1,275.000,275.000,275.000,300.000,-1,-1,-1,-1,475.000,600.000,425.000,-1,0,0,2,0,2,0,0,1,1,2,2,2,2,0,0,0,2
106,5066.065,-4397.427,132.488,164.720,-0.962417,-0.263015,-0.067646,0.266354,-0.962771,-0.046121,-0.052997,-0.062406,0.996643,0,0.77133,-0.37465,46.280,-0.749,425.000,300.000,-1,350.000,-1,275.000,275.000,300.000,300.000,-1,-1,-1,-1,475.000,600.000,450.000,-1,0,0,2,0,2,0,0,0,1,2,2,2,2,0,0,0,2
107,5020.049,-4384.410,131.563,164.211,-0.960500,-0.271631,-0.060470,0.274401,-0.960636,-0.043391,-0.046303,-0.058270,0.997226,0,0.79702,-0.25465,47.821,-0.509,475.000,325.000,-1,350.000,-1,275.000,300.000,300.000,325.000,-1,-1,-1,-1,500.000,625.000,500.000,-1,0,0,2,0,2,0,0,0,1,2,2,2,2,0,0,0,2
108,4974.025,-4371.158,130.596,163.942,-0.959634,-0.276207,-0.053029,0.278458,-0.959571,-0.041058,-0.039544,-0.054167,0.997749,0,0.79825,-0.13465,47.895,-0.269,500.000,325.000,-1,375.000,-1,275.000,300.000,300.000,325.000,-1,-1,-1,-1,500.000,625.000,525.000,-1,0,0,2,0,2,0,0,0,1,2,2,2,2,0,0,0,2
109,4927.914,-4357.808,129.556,163.858,-0.959609,-0.277668,-0.045292,0.279440,-0.959370,-0.039009,-0.032620,-0.050089,0.998212,0,0.80009,-0.04186,48.005,-0.084,550.000,325.000,-1,375.000,-1,275.000,300.000,300.000,350.000,-1,-1,-1,-1,525.000,650.000,575.000,-1,0,0,2,0,2,0,0,0,1,2,2,2,2,0,0,0,2
110,4881.679,-4344.362,128.412,163.788,-0.959600,-0.278889,-0.037272,0.280219,-0.959218,-0.037113,-0.025401,-0.046058,0.998616,0,0.80251,-0.03485,48.151,-0.070,600.000,325.000,-1,375.000,-1,275.000,300.000,275.000,350.000,-1,-1,250.000,-1,550.000,650.000,625.000,-1,0,0,2,0,2,0,0,0,1,2,2,1,2,0,0,0,2
111,4835.278,-4330.819,127.161,163.733,-0.959602,-0.279866,-0.028956,0.280792,-0.959117,-0.035368,-0.017874,-0.042070,0.998955,0,0.80562,-0.02772,48.337,-0.055,650.000,325.000,-1,375.000,-1,300.000,300.000,275.000,375.000,-1,-1,200.000,-1,550.000,675.000,700.000,-1,0,0,2,0,2,0,0,0,1,2,2,1,2,0,0,0,2
112,4788.676,-4317.182,125.798,163.692,-0.959610,-0.280596,-0.020333,0.281153,-0.959069,-0.033767,-0.010026,-0.038120,0.999223,0,0.80928,-0.02048,48.557,-0.041,725.000,350.000,-1,375.000,-1,300.000,300.000,275.000,375.000,-1,375.000,150.000,525.000,575.000,700.000,800.000,-1,0,0,2,0,2,0,0,0,0,2,1,1,1,0,0,0,2
113,4741.844,-4303.454,124.320,163.666,-0.959618,-0.281076,-0.011393,0.281301,-0.959076,-0.032305,-0.001846,-0.034205,0.999413,0,0.81338,-0.01315,48.803,-0.026,825.000,350.000,-1,375.000,-1,300.000,300.000,275.000,375.000,-1,250.000,150.000,525.000,600.000,725.000,925.000,-1,0,0,2,0,2,0,0,0,0,2,1,1,1,0,0,0,2
114,4694.757,-4289.641,122.723,163.654,-0.959617,-0.281303,-0.002124,0.281232,-0.959140,-0.030977,0.006676,-0.030324,0.999518,0,0.81786,-0.00572,49.071,-0.011,975.000,350.000,-1,400.000,-1,300.000,300.000,275.000,350.000,-1,200.000,125.000,500.000,625.000,750.000,-1,-1,0,0,2,0,2,0,0,0,0,2,1,1,1,0,0,2,2
115,4647.393,-4275.751,121.866,163.658,-0.959602,-0.281298,0.005872,0.281066,-0.959345,-0.025665,0.012852,-0.022978,0.999653,0,0.82264,0.00180,49.358,0.004,-1,350.000,-1,400.000,-1,300.000,325.000,275.000,325.000,-1,200.000,125.000,500.000,650.000,750.000,-1,-1,2,0,2,0,2,0,0,0,0,2,1,1,1,0,0,2,2
116,4599.735,-4261.791,121.217,163.677,-0.959591,-0.281029,0.014452,0.280741,-0.959593,-0.019129,0.019244,-0.014299,0.999713,0,0.82768,0.00940,49.661,0.019,-1,375.000,-1,400.000,-1,300.000,325.000,300.000,325.000,-1,200.000,150.000,500.000,675.000,775.000,-1,-1,2,0,2,0,2,0,0,0,0,2,1,1,1,0,0,2,2
117,4551.764,-4247.773,120.503,163.711,-0.959578,-0.280481,0.023247,0.280258,-0.959845,-0.012403,0.025792,-0.005387,0.999653,0,0.83295,0.01709,49.977,0.034,-1,375.000,-1,400.000,-1,325.000,325.000,300.000,300.000,-1,200.000,150.000,475.000,700.000,775.000,-1,-1,2,0,2,0,2,0,0,0,0,2,1,1,1,0,0,2,2
118,4503.466,-4233.705,121.583,163.761,-0.959772,-0.279650,0.025158,0.279469,-0.960097,-0.010535,0.027100,-0.003080,0.999628,0,0.83841,0.02486,50.305,0.050,-1,375.000,-1,400.000,-1,325.000,325.000,300.000,300.000,-1,250.000,200.000,500.000,725.000,775.000,-1,-1,2,0,2,0,2,0,0,0,0,2,1,1,1,0,0,2,2
119,4454.827,-4219.598,123.147,163.826,-0.960072,-0.278554,0.025867,0.278380,-0.960417,-0.010172,0.027677,-0.002565,0.999614,0,0.84405,0.03272,50.643,0.065,-1,375.000,-1,400.000,-1,325.000,325.000,300.000,300.000,-1,300.000,250.000,550.000,725.000,800.000,-1,-1,2,0,2,0,2,0,0,0,0,2,1,1,1,0,1,2,2
120,4405.834,-4205.463,124.701,163.907,-0.960447,-0.277191,0.026579,0.277027,-0.960813,-0.009766,0.028244,-0.002017,0.999599,0,0.84985,0.04065,50.991,0.081,-1,375.000,-1,400.000,-1,325.000,325.000,300.000,300.000,-1,350.000,300.000,600.000,725.000,800.000,-1,-1,2,0,2,0,2,0,0,0,0,2,1,1,1,0,1,2,2
121,4356.474,-4191.314,126.245,164.005,-0.960897,-0.275559,0.027293,0.275405,-0.961283,-0.009316,0.028803,-0.001435,0.999584,0,0.85580,0.04866,51.348,0.097,-1,375.000,-1,400.000,-1,325.000,325.000,300.000,300.000,-1,400.000,350.000,650.000,725.000,775.000,-1,1000.000,2,0,2,0,2,0,0,0,0,2,1,1,1,0,1,2,1
122,4306.736,-4177.163,127.779,164.118,-0.961420,-0.273655,0.028011,0.273514,-0.961828,-0.008819,0.029355,-0.000817,0.999569,0,0.86187,0.05675,51.712,0.114,-1,375.000,-1,400.000,1000.000,325.000,325.000,300.000,300.000,-1,450.000,375.000,675.000,725.000,775.000,-1,975.000,2,0,2,0,1,0,0,0,0,2,1,1,1,0,1,2,1
123,4256.608,-4163.023,129.303,164.248,-0.962017,-0.271474,0.028732,0.271348,-0.962446,-0.008275,0.029900,-0.000164,0.999553,0,0.86807,0.06492,52.084,0.130,-1,375.000,-1,400.000,950.000,325.000,325.000,300.000,300.000,-1,500.000,425.000,725.000,725.000,775.000,-1,925.000,2,0,2,0,1,0,0,0,0,2,1,1,1,0,1,2,1
124,4206.079,-4148.910,130.816,164.394,-0.962685,-0.269015,0.029458,0.268906,-0.963136,-0.007681,0.030438,0.000526,0.999537,0,0.87438,0.07316,52.463,0.146,-1,375.000,-1,400.000,875.000,325.000,325.000,300.000,300.000,-1,550.000,475.000,775.000,725.000,750.000,-1,875.000,2,0,2,0,1,0,0,0,0,2,1,1,1,0,1,2,1
125,4155.139,-4134.838,132.319,164.557,-0.963424,-0.266275,0.030187,0.266184,-0.963896,-0.007038,0.030971,0.001255,0.999519,0,0.88080,0.08149,52.848,0.163,-1,375.000,-1,400.000,825.000,325.000,325.000,300.000,300.000,-1,575.000,525.000,825.000,750.000,750.000,-1,850.000,2,0,2,0,1,0,0,0,0,2,1,1,1,0,1,2,1
126,4099.792,-4119.730,133.926,164.731,-0.964204,-0.263344,0.030979,0.263277,-0.964700,-0.006288,0.031541,0.002093,0.999500,0,0.95620,0.08705,57.372,0.174,-1,400.000,-1,400.000,750.000,325.000,325.000,300.000,300.000,-1,625.000,575.000,850.000,750.000,725.000,-1,800.000,2,0,2,0,1,0,0,0,0,2,1,1,1,0,1,2,1
127,4044.587,-4104.846,135.503,164.911,-0.965002,-0.260311,0.031766,0.260270,-0.965520,-0.005488,0.032099,0.002971,0.999480,0,0.95294,0.09002,57.177,0.180,-1,400.000,-1,400.000,700.000,325.000,325.000,300.000,300.000,-1,675.000,625.000,900.000,750.000,700.000,-1,750.000,2,0,2,0,1,0,0,0,0,2,1,1,1,0,1,2,1
128,3989.495,-4090.186,137.166,165.098,-0.965828,-0.257162,0.032310,0.257166,-0.966358,-0.004096,0.032277,0.004353,0.999469,0,0.95014,0.09334,57.008,0.187,-1,400.000,-1,400.000,650.000,325.000,325.000,300.000,300.000,-1,750.000,675.000,925.000,750.000,700.000,-1,700.000,2,0,2,0,1,0,0,0,0,2,1,1,1,0,1,2,1
129,3934.490,-4075.747,138.841,165.292,-0.966684,-0.253887,0.032617,0.253945,-0.967216,-0.002430,0.032165,0.005934,0.999465,0,0.94781,0.09699,56.868,0.194,-1,400.000,-1,400.000,600.000,325.000,325.000,300.000,300.000,-1,800.000,750.000,950.000,750.000,675.000,-1,675.000,2,0,2,0,1,0,0,0,0,2,1,1,1,0,1,2,1
130,3876.372,-4060.837,140.614,165.611,-0.968078,-0.248504,0.032718,0.248611,-0.968603,-0.000799,0.031890,0.007361,0.999464,0,1.00000,0.15926,60.000,0.319,-1,400.000,-1,400.000,550.000,325.000,325.000,300.000,300.000,-1,850.000,800.000,975.000,750.000,650.000,-1,625.000,2,0,2,0,1,0,0,0,0,2,1,1,1,0,1,2,1
131,3818.176,-4046.236,142.431,165.916,-0.969403,-0.243342,0.032289,0.243491,-0.969903,0.000686,0.031150,0.008527,0.999478,0,1.00000,0.15249,60.000,0.305,-1,400.000,-1,400.000,500.000,325.000,325.000,300.000,300.000,-1,925.000,875.000,1000.000,750.000,625.000,-1,575.000,2,0,2,0,1,0,0,0,0,2,1,1,1,0,1,2,1
132,3759.907,-4031.931,144.199,166.206,-0.970641,-0.238418,0.031818,0.238608,-0.971113,0.002253,0.030362,0.009779,0.999491,0,1.00000,0.14526,60.000,0.291,-1,400.000,-1,400.000,450.000,325.000,325.000,300.000,300.000,-1,975.000,925.000,-1,750.000,625.000,-1,525.000,2,0,2,0,1,0,0,0,0,2,1,1,2,0,1,2,1
