timestep,x_cm,y_cm,z_cm,yaw_deg,basis_xx,basis_xy,basis_xz,basis_yx,basis_yy,basis_yz,basis_zx,basis_zy,basis_zz,teleport_flag,throttle_cmd,steering_cmd,cmd_move_cm,cmd_turn_deg,lidar_cm_0,lidar_cm_1,lidar_cm_2,lidar_cm_3,lidar_cm_4,lidar_cm_5,lidar_cm_6,lidar_cm_7,lidar_cm_8,lidar_cm_9,lidar_cm_10,lidar_cm_11,lidar_cm_12,lidar_cm_13,lidar_cm_14,lidar_cm_15,lidar_cm_16,lidar_class_0,lidar_class_1,lidar_class_2,lidar_class_3,lidar_class_4,lidar_class_5,lidar_class_6,lidar_class_7,lidar_class_8,lidar_class_9,lidar_class_10,lidar_class_11,lidar_class_12,lidar_class_13,lidar_class_14,lidar_class_15,lidar_class_16
0,-9512.102,-8850.399,362.871,102.917,-0.220478,-0.974384,-0.044324,0.971328,-0.223476,0.081118,-0.088946,-0.025169,0.995718,1,0.08000,0.12000,4.800,0.240,-1,400.000,-1,400.000,-1,325.000,325.000,300.000,300.000,-1,-1,-1,-1,800.000,800.000,-1,-1,2,0,2,0,2,0,0,0,0,2,2,2,2,0,0,2,2
1,-9514.326,-8841.060,362.013,103.397,-0.228646,-0.972495,-0.044429,0.969389,-0.231635,0.081429,-0.089481,-0.024451,0.995688,0,0.16000,0.24000,9.600,0.480,-1,400.000,-1,400.000,-1,325.000,325.000,300.000,300.000,-1,-1,-1,-1,800.000,800.000,-1,-1,2,0,2,0,2,0,0,0,0,2,2,2,2,0,0,2,2
2,-9517.804,-8827.086,360.722,103.978,-0.238494,-0.970120,-0.044590,0.966945,-0.241477,0.081894,-0.090215,-0.023585,0.995643,0,0.24000,0.29013,14.400,0.580,-1,400.000,-1,400.000,-1,325.000,325.000,300.000,300.000,-1,-1,-1,-1,800.000,800.000,-1,-1,2,0,2,0,2,0,0,0,0,2,2,2,2,0,0,2,2
3,-9522.629,-8808.502,358.995,104.558,-0.248309,-0.967644,-0.044807,0.964387,-0.251294,0.082513,-0.091103,-0.022723,0.995582,0,0.32000,0.29013,19.200,0.580,-1,400.000,-1,400.000,-1,325.000,325.000,300.000,300.000,-1,-1,-1,-1,800.000,800.000,-1,-1,2,0,2,0,2,0,0,0,0,2,2,2,2,0,0,2,2
4,-9528.897,-8785.335,356.827,105.138,-0.258092,-0.965068,-0.045081,0.961716,-0.261086,0.083287,-0.092147,-0.021859,0.995505,0,0.40000,0.29013,24.000,0.580,-1,400.000,-1,400.000,-1,325.000,325.000,300.000,300.000,-1,-1,-1,-1,800.000,800.000,-1,-1,2,0,2,0,2,0,0,0,0,2,2,2,2,0,0,2,2
5,-9536.699,-8757.612,354.215,105.718,-0.267841,-0.962393,-0.045409,0.958930,-0.270851,0.084216,-0.093348,-0.020988,0.995412,0,0.48000,0.29013,28.800,0.580,-1,400.000,-1,400.000,-1,325.000,325.000,300.000,300.000,-1,-1,-1,-1,800.000,800.000,-1,-1,2,0,2,0,2,0,0,0,0,2,2,2,2,0,0,2,2
6,-9546.128,-8725.362,351.153,106.299,-0.277556,-0.959618,-0.045790,0.956030,-0.280588,0.085302,-0.094705,-0.020101,0.995302,0,0.56000,0.29013,33.600,0.580,-1,400.000,-1,400.000,-1,325.000,325.000,300.000,300.000,-1,-1,-1,-1,800.000,800.000,-1,-1,2,0,2,0,2,0,0,0,0,2,2,2,2,0,0,2,2
7,-9557.278,-8688.616,347.637,106.879,-0.287236,-0.956744,-0.046222,0.953015,-0.290297,0.086545,-0.096220,-0.019191,0.995175,0,0.64000,0.29013,38.400,0.580,-1,400.000,-1,400.000,-1,325.000,325.000,300.000,300.000,-1,-1,-1,-1,775.000,800.000,-1,-1,2,0,2,0,2,0,0,0,0,2,2,2,2,0,0,2,2
8,-9570.015,-8647.516,343.679,107.219,-0.292867,-0.955013,-0.046681,0.951139,-0.295977,0.087936,-0.097796,-0.018647,0.995032,0,0.71712,0.17013,43.027,0.340,-1,400.000,-1,400.000,-1,325.000,325.000,300.000,300.000,-1,-1,-1,-1,775.000,800.000,-1,-1,2,0,2,0,2,0,0,0,0,2,2,2,2,0,0,2,2
9,-9582.824,-8606.440,339.626,107.319,-0.294516,-0.954502,-0.046754,0.950500,-0.297650,0.089185,-0.099043,-0.018173,0.994917,0,0.71712,0.05013,43.027,0.100,-1,400.000,-1,400.000,-1,325.000,325.000,300.000,300.000,-1,-1,-1,-1,775.000,775.000,-1,-1,2,0,2,0,2,0,0,0,0,2,2,2,2,0,0,2,2
10,-9595.533,-8565.332,335.431,107.180,-0.292213,-0.955235,-0.046232,0.951125,-0.295324,0.090252,-0.099865,-0.017599,0.994845,0,0.71712,-0.06987,43.027,-0.140,-1,400.000,-1,400.000,-1,325.000,325.000,300.000,300.000,-1,-1,-1,-1,775.000,775.000,-1,-1,2,0,2,0,2,0,0,0,0,2,2,2,2,0,0,2,2
11,-9607.969,-8524.140,331.226,106.800,-0.285887,-0.957175,-0.045666,0.952964,-0.288987,0.091354,-0.100639,-0.017401,0.994771,0,0.71712,-0.18987,43.027,-0.380,-1,400.000,-1,400.000,-1,325.000,325.000,300.000,300.000,-1,-1,-1,-1,775.000,775.000,-1,-1,2,0,2,0,2,0,0,0,0,2,2,2,2,0,0,2,2
12,-9619.959,-8482.817,327.028,106.180,-0.275509,-0.960241,-0.045083,0.955945,-0.278616,0.092429,-0.101315,-0.017632,0.994698,0,0.71712,-0.30987,43.027,-0.620,-1,400.000,-1,400.000,-1,325.000,325.000,300.000,300.000,-1,-1,-1,-1,775.000,775.000,-1,-1,2,0,2,0,2,0,0,0,0,2,2,2,2,0,0,2,2
13,-9631.491,-8441.364,322.687,105.545,-0.264810,-0.963254,-0.044919,0.958944,-0.267956,0.092878,-0.101501,-0.018480,0.994664,0,0.71712,-0.31740,43.027,-0.635,-1,400.000,-1,400.000,-1,325.000,325.000,300.000,300.000,-1,-1,-1,-1,775.000,775.000,-1,-1,2,0,2,0,2,0,0,0,0,2,2,2,2,0,0,2,2
14,-9642.563,-8399.785,318.300,104.911,-0.254065,-0.966144,-0.044907,0.961844,-0.257262,0.093128,-0.101528,-0.019533,0.994641,0,0.71712,-0.31740,43.027,-0.635,-1,400.000,-1,400.000,-1,325.000,325.000,300.000,300.000,-1,-1,-1,-1,750.000,750.000,-1,-1,2,0,2,0,2,0,0,0,0,2,2,2,2,0,0,2,2
15,-9653.173,-8358.086,313.916,104.276,-0.243288,-0.968914,-0.044897,0.964626,-0.246537,0.093361,-0.101528,-0.020596,0.994619,0,0.71712,-0.31740,43.027,-0.635,-1,400.000,-1,400.000,-1,325.000,325.000,300.000,300.000,-1,-1,-1,-1,750.000,750.000,-1,-1,2,0,2,0,2,0,0,0,0,2,2,2,2,0,0,2,2
16,-9663.321,-8316.273,309.536,103.641,-0.232481,-0.971564,-0.044890,0.967290,-0.235782,0.093577,-0.101500,-0.021666,0.994600,0,0.71712,-0.31740,43.027,-0.635,-1,400.000,-1,400.000,-1,325.000,325.000,300.000,300.000,-1,-1,-1,-1,750.000,750.000,-1,-1,2,0,2,0,2,0,0,0,0,2,2,2,2,0,0,2,2
17,-9673.005,-8274.349,305.161,103.006,-0.221646,-0.974094,-0.044885,0.969836,-0.224998,0.093775,-0.101445,-0.022746,0.994581,0,0.71712,-0.31740,43.027,-0.635,-1,400.000,-1,400.000,-1,325.000,325.000,300.000,300.000,-1,-1,-1,-1,750.000,750.000,-1,-1,2,0,2,0,2,0,0,0,0,2,2,2,2,0,0,2,2
18,-9682.224,-8232.321,300.801,102.371,-0.210781,-0.976501,-0.044910,0.972267,-0.214186,0.093925,-0.101337,-0.023867,0.994566,0,0.71712,-0.31740,43.027,-0.635,-1,400.000,-1,400.000,-1,325.000,325.000,300.000,300.000,-1,-1,-1,-1,750.000,750.000,-1,-1,2,0,2,0,2,0,0,0,0,2,2,2,2,0,0,2,2
19,-9690.977,-8190.193,296.467,101.737,-0.199885,-0.978786,-0.044996,0.974584,-0.203348,0.093993,-0.101149,-0.025064,0.994556,0,0.71712,-0.31740,43.027,-0.635,-1,400.000,-1,400.000,-1,325.000,325.000,300.000,300.000,-1,-1,-1,-1,750.000,750.000,-1,-1,2,0,2,0,2,0,0,0,0,2,2,2,2,0,0,2,2
20,-9699.262,-8147.971,292.139,101.102,-0.188966,-0.980948,-0.045084,0.976782,-0.192486,0.094052,-0.100938,-0.026265,0.994546,0,0.71712,-0.31740,43.027,-0.635,-1,400.000,-1,400.000,-1,325.000,325.000,300.000,300.000,-1,-1,-1,-1,750.000,750.000,-1,-1,2,0,2,0,2,0,0,0,0,2,2,2,2,0,0,2,2
21,-9707.080,-8105.660,287.819,100.467,-0.178023,-0.982989,-0.045176,0.978860,-0.181600,0.094102,-0.100705,-0.027469,0.994537,0,0.71712,-0.31740,43.027,-0.635,-1,400.000,-1,400.000,-1,325.000,325.000,300.000,300.000,-1,-1,-1,-1,750.000,750.000,-1,-1,2,0,2,0,2,0,0,0,0,2,2,2,2,0,0,2,2
22,-9714.428,-8063.264,283.508,99.832,-0.167059,-0.984907,-0.045273,0.980816,-0.170692,0.094145,-0.100451,-0.028676,0.994529,0,0.71712,-0.31740,43.027,-0.635,-1,400.000,-1,400.000,-1,325.000,325.000,300.000,300.000,-1,-1,-1,-1,750.000,750.000,-1,-1,2,0,2,0,2,0,0,0,0,2,2,2,2,0,0,2,2
23,-9721.306,-8020.790,279.207,99.197,-0.156074,-0.986703,-0.045373,0.982652,-0.159764,0.094179,-0.100176,-0.029887,0.994521,0,0.71712,-0.31740,43.027,-0.635,-1,400.000,-1,400.000,-1,325.000,325.000,300.000,300.000,-1,-1,-1,-1,750.000,750.000,-1,-1,2,0,2,0,2,0,0,0,0,2,2,2,2,0,0,2,2
24,-9727.713,-7978.242,274.916,98.563,-0.145071,-0.988376,-0.045478,0.984367,-0.148817,0.094207,-0.099880,-0.031101,0.994513,0,0.71712,-0.31740,43.027,-0.635,-1,400.000,-1,400.000,-1,325.000,325.000,300.000,300.000,-1,-1,-1,-1,750.000,750.000,-1,-1,2,0,2,0,2,0,0,0,0,2,2,2,2,0,0,2,2
25,-9733.648,-7935.626,270.637,97.928,-0.134049,-0.989925,-0.045589,0.985960,-0.137852,0.094229,-0.099564,-0.032317,0.994506,0,0.71712,-0.31740,43.027,-0.635,-1,400.000,-1,400.000,-1,325.000,325.000,300.000,300.000,-1,-1,-1,-1,750.000,750.000,-1,-1,2,0,2,0,2,0,0,0,0,2,2,2,2,0,0,2,2
26,-9739.110,-7892.947,266.360,97.293,-0.123017,-0.991353,-0.045665,0.987434,-0.126871,0.094220,-0.099199,-0.033501,0.994504,0,0.71712,-0.31740,43.027,-0.635,-1,400.000,-1,400.000,-1,325.000,325.000,300.000,300.000,-1,-1,-1,-1,750.000,750.000,-1,-1,2,0,2,0,2,0,0,0,0,2,2,2,2,0,0,2,2
27,-9744.100,-7850.210,262.090,96.658,-0.111974,-0.992659,-0.045719,0.988790,-0.115875,0.094171,-0.098777,-0.034662,0.994506,0,0.71712,-0.31740,43.027,-0.635,-1,400.000,-1,400.000,-1,325.000,325.000,300.000,300.000,-1,-1,-1,-1,750.000,750.000,-1,-1,2,0,2,0,2,0,0,0,0,2,2,2,2,0,0,2,2
28,-9748.615,-7807.420,257.870,96.023,-0.100938,-0.993846,-0.045627,0.990034,-0.104866,0.093997,-0.098204,-0.035684,0.994526,0,0.71712,-0.31740,43.027,-0.635,-1,400.000,-1,400.000,-1,325.000,325.000,300.000,300.000,-1,-1,-1,-1,750.000,750.000,-1,-1,2,0,2,0,2,0,0,0,0,2,2,2,2,0,0,2,2
29,-9752.656,-7764.582,253.685,95.389,-0.089901,-0.994913,-0.045458,0.991162,-0.093846,0.093763,-0.097552,-0.036627,0.994556,0,0.71712,-0.31740,43.027,-0.635,-1,400.000,-1,400.000,-1,325.000,325.000,300.000,300.000,-1,-1,-1,-1,750.000,750.000,-1,-1,2,0,2,0,2,0,0,0,0,2,2,2,2,0,0,2,2
30,-9756.223,-7721.703,249.517,94.754,-0.078852,-0.995857,-0.045300,0.992167,-0.082814,0.093521,-0.096885,-0.037571,0.994586,0,0.71712,-0.31740,43.027,-0.635,-1,400.000,-1,400.000,-1,325.000,325.000,300.000,300.000,-1,-1,-1,-1,750.000,750.000,-1,-1,2,0,2,0,2,0,0,0,0,2,2,2,2,0,0,2,2
31,-9759.314,-7678.787,245.366,94.119,-0.067795,-0.996677,-0.045151,0.993050,-0.071773,0.093274,-0.096204,-0.038514,0.994616,0,0.71712,-0.31740,43.027,-0.635,-1,400.000,-1,400.000,-1,325.000,325.000,300.000,300.000,-1,-1,-1,-1,750.000,750.000,-1,-1,2,0,2,0,2,0,0,0,0,2,2,2,2,0,0,2,2
32,-9762.381,-7631.665,240.830,93.724,-0.060920,-0.997126,-0.045035,0.993547,-0.064902,0.093021,-0.095676,-0.039077,0.994645,0,0.78703,-0.19740,47.222,-0.395,-1,400.000,-1,400.000,-1,325.000,325.000,300.000,275.000,-1,-1,-1,-1,750.000,750.000,-1,-1,2,0,2,0,2,0,0,0,0,2,2,2,2,0,0,2,2
33,-9765.321,-7584.535,236.304,93.569,-0.058233,-0.997291,-0.044950,0.993741,-0.062208,0.092783,-0.095328,-0.039266,0.994671,0,0.78703,-0.07740,47.222,-0.155,-1,400.000,-1,400.000,-1,325.000,325.000,300.000,275.000,-1,-1,-1,-1,750.000,750.000,-1,-1,2,0,2,0,2,0,0,0,0,2,2,2,2,0,0,2,2
34,-9768.334,-7537.361,231.777,93.654,-0.059736,-0.997204,-0.044892,0.993668,-0.063691,0.092560,-0.095161,-0.039079,0.994695,0,0.78783,0.04260,47.270,0.085,-1,400.000,-1,400.000,-1,325.000,325.000,300.000,275.000,-1,-1,-1,-1,750.000,750.000,-1,-1,2,0,2,0,2,0,0,0,0,2,2,2,2,0,0,2,2
35,-9771.620,-7490.117,227.236,93.980,-0.065428,-0.996849,-0.044854,0.993309,-0.069351,0.092350,-0.095170,-0.038512,0.994716,0,0.78930,0.16260,47.358,0.325,-1,400.000,-1,400.000,-1,325.000,325.000,300.000,275.000,-1,-1,-1,-1,725.000,750.000,-1,-1,2,0,2,0,2,0,0,0,0,2,2,2,2,0,0,2,2
36,-9775.379,-7442.824,222.675,94.545,-0.075306,-0.996152,-0.044831,0.992592,-0.079184,0.092150,-0.095346,-0.037559,0.994735,0,0.79072,0.28260,47.443,0.565,-1,400.000,-1,400.000,-1,325.000,325.000,300.000,275.000,-1,-1,-1,-1,725.000,750.000,-1,-1,2,0,2,0,2,0,0,0,0,2,2,2,2,0,0,2,2
37,-9779.810,-7395.504,218.087,95.350,-0.089361,-0.994991,-0.044815,0.991394,-0.093180,0.091956,-0.095671,-0.036213,0.994754,0,0.79212,0.40260,47.527,0.805,-1,400.000,-1,400.000,-1,325.000,325.000,300.000,275.000,-1,-1,-1,-1,725.000,750.000,-1,-1,2,0,2,0,2,0,0,0,0,2,2,2,2,0,0,2,2
38,-9785.112,-7348.189,213.464,96.395,-0.107577,-0.993187,-0.044801,0.989539,-0.111321,0.091761,-0.096123,-0.034461,0.994773,0,0.79352,0.52260,47.611,1.045,-1,400.000,-1,400.000,-1,325.000,325.000,300.000,275.000,-1,-1,-1,-1,725.000,750.000,-1,-1,2,0,2,0,2,0,0,0,0,2,2,2,2,0,0,2,2
39,-9791.485,-7300.921,208.802,97.680,-0.129926,-0.990512,-0.044780,0.986800,-0.133579,0.091560,-0.096673,-0.032293,0.994792,0,0.79494,0.64260,47.697,1.285,-1,375.000,-1,400.000,-1,325.000,325.000,300.000,275.000,-1,-1,-1,-1,725.000,750.000,-1,-1,2,0,2,0,2,0,0,0,0,2,2,2,2,0,0,2,2
40,-9799.129,-7253.750,204.095,99.206,-0.156366,-0.986685,-0.044744,0.982896,-0.159908,0.091347,-0.097286,-0.029695,0.994813,0,0.79643,0.76260,47.786,1.525,-1,375.000,-1,400.000,-1,325.000,325.000,300.000,275.000,-1,-1,-1,-1,700.000,750.000,-1,-1,2,0,2,0,2,0,0,0,0,2,2,2,2,0,0,2,2
41,-9808.293,-7206.470,199.324,100.971,-0.186828,-0.981374,-0.044723,0.977505,-0.190242,0.091064,-0.097876,-0.026704,0.994840,0,0.80268,0.88260,48.161,1.765,-1,375.000,-1,400.000,-1,325.000,325.000,300.000,300.000,-1,-1,-1,-1,700.000,750.000,975.000,-1,2,0,2,0,2,0,0,0,0,2,2,2,2,0,0,1,2
42,-9819.144,-7159.352,194.513,102.971,-0.221135,-0.974221,-0.044635,0.970261,-0.224395,0.090777,-0.098453,-0.023234,0.994870,0,0.80586,1.00000,48.352,2.000,-1,375.000,-1,400.000,-1,325.000,325.000,300.000,300.000,-1,-1,-1,-1,700.000,750.000,950.000,-1,2,0,2,0,2,0,0,0,0,2,2,2,2,0,0,1,2
43,-9831.684,-7112.450,189.766,104.971,-0.255228,-0.965878,-0.044029,0.961830,-0.258280,0.090411,-0.098697,-0.019273,0.994931,0,0.80916,1.00000,48.549,2.000,1000.000,375.000,-1,400.000,-1,325.000,325.000,300.000,300.000,-1,-1,-1,-1,675.000,750.000,900.000,-1,1,0,2,0,2,0,0,0,0,2,2,2,2,0,0,1,2
44,-9845.913,-7065.820,185.101,106.971,-0.289056,-0.956346,-0.042992,0.952232,-0.291853,0.089870,-0.098494,-0.014961,0.995025,0,0.81254,1.00000,48.752,2.000,950.000,375.000,-1,400.000,-1,325.000,325.000,300.000,300.000,-1,-1,-1,-1,675.000,750.000,875.000,-1,1,0,2,0,2,0,0,0,0,2,2,2,2,0,0,1,2
45,-9861.828,-7019.519,180.421,108.971,-0.322537,-0.945631,-0.041860,0.941463,-0.325069,0.089323,-0.098074,-0.010600,0.995123,0,0.81600,1.00000,48.960,2.000,875.000,375.000,-1,400.000,-1,325.000,325.000,300.000,300.000,-1,-1,-1,-1,675.000,750.000,850.000,-1,1,0,2,0,2,0,0,0,0,2,2,2,2,1,0,1,2
46,-9879.425,-6973.604,175.734,110.971,-0.355626,-0.933745,-0.040630,0.929536,-0.357886,0.088774,-0.097433,-0.006197,0.995223,0,0.81954,1.00000,49.172,2.000,850.000,375.000,-1,400.000,-1,325.000,325.000,300.000,300.000,-1,-1,-1,-1,650.000,750.000,825.000,-1,1,0,2,0,2,0,0,0,0,2,2,2,2,1,0,1,2
47,-9899.012,-6926.847,170.917,112.731,-0.384405,-0.922328,-0.039290,0.918103,-0.386402,0.088211,-0.096541,-0.002164,0.995327,0,0.84490,0.88000,50.694,1.760,800.000,375.000,-1,400.000,-1,325.000,325.000,300.000,300.000,-1,-1,-1,-1,625.000,750.000,800.000,-1,1,0,2,0,2,0,0,0,0,2,2,2,2,1,0,1,2
48,-9919.925,-6880.424,166.102,114.251,-0.408985,-0.911755,-0.037868,0.907534,-0.410732,0.087643,-0.095462,0.001478,0.995432,0,0.84861,0.76000,50.916,1.520,750.000,375.000,950.000,400.000,-1,325.000,325.000,300.000,300.000,-1,-1,950.000,-1,600.000,750.000,775.000,-1,1,0,1,0,2,0,0,0,0,2,2,0,2,1,0,1,2
49,-9941.965,-6834.278,161.294,115.531,-0.429481,-0.902343,-0.036366,0.898146,-0.430992,0.087062,-0.094233,0.004729,0.995539,0,0.85233,0.64000,51.140,1.280,725.000,375.000,875.000,400.000,-1,325.000,325.000,300.000,300.000,-1,-1,875.000,-1,575.000,750.000,725.000,-1,1,0,1,0,2,0,0,0,0,2,2,0,2,1,0,1,2
50,-9964.940,-6788.340,156.494,116.571,-0.446001,-0.894356,-0.034787,0.890199,-0.447291,0.086460,-0.092886,0.007594,0.995648,0,0.85605,0.52000,51.363,1.040,675.000,375.000,825.000,400.000,-1,325.000,325.000,300.000,300.000,-1,975.000,800.000,-1,550.000,750.000,700.000,-1,1,0,1,0,2,0,1,0,0,2,0,0,2,1,0,1,2
51,-9988.802,-6742.604,151.708,117.553,-0.461478,-0.886533,-0.033115,0.882428,-0.462548,0.085847,-0.091424,0.010396,0.995758,0,0.85978,0.49121,51.587,0.982,650.000,375.000,750.000,400.000,-1,325.000,325.000,300.000,300.000,-1,925.000,750.000,-1,525.000,750.000,650.000,-1,1,0,1,0,2,1,1,0,0,2,0,0,2,1,1,1,2
52,-10013.553,-6697.087,146.949,118.535,-0.476812,-0.878445,-0.031384,0.874400,-0.477661,0.085238,-0.089868,0.013200,0.995866,0,0.86353,0.49109,51.812,0.982,600.000,375.000,700.000,400.000,-1,300.000,300.000,300.000,300.000,-1,875.000,725.000,-1,500.000,675.000,625.000,-1,1,1,1,0,2,1,1,0,0,2,0,0,2,1,1,1,2
53,-10039.191,-6651.804,142.223,119.517,-0.491991,-0.870097,-0.029611,0.866118,-0.492622,0.084636,-0.088228,0.015993,0.995972,0,0.86730,0.49087,52.038,0.982,575.000,350.000,650.000,375.000,-1,300.000,300.000,300.000,300.000,-1,800.000,700.000,-1,450.000,600.000,575.000,-1,1,1,1,1,2,1,1,0,0,2,0,0,2,1,1,1,2
54,-10065.717,-6606.769,137.540,120.498,-0.507008,-0.861493,-0.027784,0.857596,-0.507423,0.083974,-0.086441,0.018748,0.996081,0,0.87110,0.49053,52.266,0.981,525.000,325.000,575.000,350.000,-1,275.000,275.000,300.000,300.000,-1,725.000,650.000,-1,425.000,550.000,525.000,-1,1,1,1,1,2,1,1,0,0,2,0,0,2,1,1,1,2
55,-10093.129,-6561.999,132.897,121.478,-0.521857,-0.852640,-0.025891,0.848836,-0.522057,0.083275,-0.084520,0.021480,0.996190,0,0.87493,0.49008,52.496,0.980,500.000,300.000,525.000,325.000,-1,250.000,275.000,300.000,300.000,-1,675.000,575.000,-1,400.000,475.000,475.000,-1,1,1,1,1,2,1,1,0,0,2,0,0,2,1,1,1,2
56,-10120.378,-6518.761,128.487,122.219,-0.533004,-0.845776,-0.023888,0.842051,-0.532997,0.082856,-0.082810,0.024048,0.996275,0,0.85181,0.37008,51.109,0.740,475.000,275.000,475.000,300.000,-1,250.000,250.000,300.000,300.000,-1,650.000,550.000,-1,350.000,425.000,450.000,800.000,1,1,1,1,2,1,1,0,0,2,0,0,2,1,1,1,1
57,-10148.124,-6475.574,124.179,122.719,-0.540541,-0.841037,-0.021710,0.837378,-0.540325,0.082744,-0.081321,0.026547,0.996334,0,0.85554,0.25008,51.332,0.500,425.000,250.000,425.000,275.000,-1,225.000,225.000,300.000,300.000,-1,625.000,525.000,-1,325.000,375.000,400.000,625.000,1,1,1,1,2,1,1,0,0,2,0,0,2,1,1,1,1
58,-10176.187,-6432.326,119.972,122.979,-0.544530,-0.838518,-0.019358,0.834910,-0.544101,0.082943,-0.080081,0.029003,0.996366,0,0.85926,0.13008,51.555,0.260,375.000,225.000,375.000,250.000,-1,200.000,200.000,300.000,300.000,-1,625.000,525.000,-1,275.000,350.000,325.000,525.000,1,1,1,1,2,1,1,0,0,2,0,0,2,1,1,1,1
59,-10204.387,-6388.901,116.380,122.999,-0.544883,-0.838324,-0.017766,0.834943,-0.544395,0.080651,-0.077283,0.029112,0.996584,0,0.86297,0.01008,51.778,0.020,325.000,200.000,325.000,225.000,-1,175.000,175.000,300.000,300.000,-1,600.000,500.000,-1,250.000,300.000,275.000,450.000,1,1,1,1,2,1,1,0,0,2,0,0,2,1,1,1,1
60,-10232.539,-6345.184,115.480,122.779,-0.541800,-0.840421,-0.012035,0.837882,-0.541184,0.071237,-0.066382,0.028512,0.997387,0,0.86667,-0.10992,52.000,-0.220,275.000,175.000,300.000,200.000,-1,150.000,175.000,325.000,325.000,-1,425.000,375.000,-1,225.000,275.000,225.000,425.000,1,1,1,1,2,1,1,0,0,2,0,0,2,1,1,1,1
61,-10260.461,-6301.058,118.376,122.319,-0.535617,-0.844391,0.010928,0.843349,-0.534202,0.058234,-0.043335,0.040407,0.998243,0,0.87035,-0.22992,52.221,-0.460,250.000,175.000,300.000,200.000,-1,150.000,175.000,350.000,325.000,-1,275.000,200.000,925.000,225.000,275.000,225.000,-1,1,1,1,1,2,1,1,0,0,2,0,0,0,1,1,1,2
62,-10287.961,-6256.411,122.276,121.620,-0.524991,-0.850312,0.036802,0.850933,-0.523516,0.042938,-0.017245,0.053858,0.998400,0,0.87398,-0.34992,52.439,-0.700,250.000,175.000,300.000,225.000,-1,150.000,175.000,400.000,325.000,-1,200.000,150.000,725.000,200.000,275.000,200.000,-1,1,1,1,1,2,1,1,1,0,2,0,0,0,1,1,1,2
63,-983.898,8855.085,-267.830,171.048,-0.987798,-0.155603,0.006536,0.155616,-0.987816,0.001566,0.006213,0.002565,0.999977,1,0.00000,0.00000,52.652,-0.940,-1,400.000,-1,375.000,-1,325.000,325.000,300.000,300.000,-1,850.000,950.000,750.000,775.000,725.000,-1,-1,2,0,2,0,2,0,0,0,0,2,0,0,1,0,0,2,2
64,-988.637,8855.851,-267.798,170.808,-0.987137,-0.159739,0.006581,0.159752,-0.987156,0.001467,0.006262,0.002499,0.999977,0,0.08000,-0.12000,4.800,-0.240,-1,400.000,-1,375.000,-1,325.000,325.000,300.000,300.000,-1,850.000,950.000,750.000,775.000,725.000,-1,-1,2,0,2,0,2,0,0,0,0,2,0,0,1,0,0,2,2
65,-998.100,8857.464,-267.732,170.328,-0.985764,-0.168004,0.006670,0.168016,-0.985784,0.001266,0.006362,0.002369,0.999977,0,0.16000,-0.24000,9.600,-0.480,-1,400.000,-1,375.000,-1,325.000,325.000,300.000,300.000,-1,850.000,950.000,775.000,775.000,725.000,-1,-1,2,0,2,0,2,0,0,0,0,2,0,0,1,0,0,2,2
66,-1012.264,8860.062,-267.633,169.608,-0.983574,-0.180378,0.006805,0.180388,-0.983595,0.000960,0.006520,0.002172,0.999976,0,0.24000,-0.36000,14.400,-0.720,-1,400.000,-1,375.000,-1,325.000,325.000,300.000,300.000,-1,825.000,925.000,775.000,775.000,725.000,-1,-1,2,0,2,0,2,0,0,0,0,2,0,0,1,0,0,2,2
67,-1031.088,8863.841,-267.500,168.648,-0.980412,-0.196832,0.006989,0.196841,-0.980435,0.000545,0.006745,0.001910,0.999975,0,0.32000,-0.48000,19.200,-0.960,-1,400.000,-1,375.000,-1,325.000,325.000,300.000,300.000,-1,825.000,925.000,800.000,775.000,725.000,-1,-1,2,0,2,0,2,0,0,0,0,2,0,0,1,0,0,2,2
68,-1054.515,8869.057,-267.330,167.448,-0.976073,-0.217322,0.007224,0.217328,-0.976099,0.000016,0.007048,0.001585,0.999974,0,0.40000,-0.60000,24.000,-1.200,-1,400.000,-1,375.000,-1,325.000,325.000,300.000,300.000,-1,800.000,900.000,800.000,775.000,725.000,-1,-1,2,0,2,0,2,0,0,0,0,2,0,0,1,0,0,2,2
69,-1082.460,8876.020,-267.122,166.008,-0.970301,-0.241783,0.007512,0.241785,-0.970330,-0.000635,0.007443,0.001200,0.999972,0,0.48000,-0.72000,28.800,-1.440,-1,400.000,-1,375.000,-1,325.000,325.000,300.000,300.000,-1,775.000,875.000,825.000,775.000,725.000,-1,-1,2,0,2,0,2,0,0,0,0,2,0,0,1,0,0,2,2
70,-1114.811,8885.096,-266.871,164.328,-0.962793,-0.270126,0.007856,0.270124,-0.962825,-0.001414,0.007945,0.000761,0.999968,0,0.56000,-0.84000,33.600,-1.680,-1,400.000,-1,375.000,-1,325.000,325.000,300.000,300.000,-1,750.000,850.000,850.000,775.000,725.000,-1,-1,2,0,2,0,2,0,0,0,0,2,0,0,1,0,0,2,2
71,-1151.416,8896.702,-266.573,162.408,-0.953198,-0.302233,0.008256,0.302225,-0.953234,-0.002325,0.008573,0.000279,0.999963,0,0.64000,-0.96000,38.400,-1.920,-1,400.000,-1,375.000,-1,325.000,325.000,300.000,300.000,-1,750.000,825.000,875.000,775.000,725.000,-1,-1,2,0,2,0,2,0,0,0,0,2,0,0,1,0,0,2,2
72,-1192.114,8911.188,-266.220,160.408,-0.942065,-0.335317,0.008714,0.335300,-0.942105,-0.003375,0.009341,-0.000257,0.999956,0,0.72000,-1.00000,43.200,-2.000,-1,400.000,-1,375.000,-1,325.000,325.000,300.000,300.000,-1,725.000,800.000,900.000,750.000,725.000,-1,-1,2,0,2,0,2,0,0,0,0,2,0,0,1,0,0,2,2
73,-1232.909,8927.333,-265.804,158.408,-0.929784,-0.367991,0.009129,0.367967,-0.929829,-0.004281,0.010064,-0.000621,0.999949,0,0.73122,-1.00000,43.873,-2.000,-1,400.000,-1,375.000,-1,325.000,325.000,300.000,300.000,-1,700.000,800.000,950.000,750.000,725.000,-1,-1,2,0,2,0,2,0,0,0,0,2,0,0,1,0,0,2,2
74,-1273.235,8944.944,-265.365,156.408,-0.916370,-0.400218,0.009539,0.400185,-0.916420,-0.005198,0.010822,-0.000946,0.999941,0,0.73340,-1.00000,44.004,-2.000,-1,400.000,-1,375.000,-1,325.000,325.000,300.000,300.000,-1,675.000,775.000,975.000,750.000,725.000,-1,-1,2,0,2,0,2,0,0,0,0,2,0,0,1,0,0,2,2
75,-1313.037,8964.007,-264.898,154.408,-0.901840,-0.431956,0.009960,0.431915,-0.901894,-0.006121,0.011627,-0.001219,0.999932,0,0.73553,-1.00000,44.132,-2.000,-1,400.000,-1,375.000,-1,325.000,325.000,300.000,300.000,-1,675.000,775.000,1000.000,750.000,725.000,-1,-1,2,0,2,0,2,0,0,0,0,2,0,0,1,0,0,2,2
76,-1352.259,8984.504,-264.365,152.408,-0.886207,-0.463169,0.010571,0.463118,-0.886269,-0.006968,0.012596,-0.001279,0.999920,0,0.73758,-1.00000,44.255,-2.000,-1,400.000,-1,375.000,-1,325.000,325.000,300.000,300.000,-1,650.000,750.000,-1,775.000,725.000,-1,-1,2,0,2,0,2,0,0,0,0,2,0,0,2,0,0,2,2
77,-1390.845,9006.417,-263.801,150.408,-0.869495,-0.493817,0.011105,0.493756,-0.869565,-0.007860,0.013538,-0.001351,0.999907,0,0.73957,-1.00000,44.374,-2.000,-1,400.000,-1,375.000,-1,325.000,325.000,300.000,300.000,-1,625.000,725.000,-1,775.000,725.000,-1,-1,2,0,2,0,2,0,0,0,0,2,0,0,2,0,0,2,2
78,-1428.741,9029.723,-263.175,148.408,-0.851726,-0.523863,0.011432,0.523791,-0.851801,-0.008831,0.014364,-0.001533,0.999896,0,0.74148,-1.00000,44.489,-2.000,-1,400.000,-1,375.000,-1,325.000,325.000,300.000,300.000,-1,625.000,700.000,-1,775.000,725.000,-1,-1,2,0,2,0,2,0,0,0,0,2,0,0,2,0,0,2,2
79,-1465.892,9054.399,-262.525,146.408,-0.832919,-0.553271,0.011714,0.553187,-0.832999,-0.009798,0.015179,-0.001681,0.999883,0,0.74332,-1.00000,44.599,-2.000,-1,400.000,-1,375.000,-1,325.000,325.000,300.000,300.000,-1,625.000,700.000,-1,775.000,725.000,-1,-1,2,0,2,0,2,0,0,0,0,2,0,0,2,0,0,2,2
80,-1502.246,9080.418,-261.850,144.408,-0.813097,-0.582006,0.011950,0.581909,-0.813183,-0.010754,0.015976,-0.001790,0.999871,0,0.74509,-1.00000,44.706,-2.000,-1,400.000,-1,375.000,1000.000,325.000,325.000,300.000,300.000,-1,625.000,675.000,-1,800.000,725.000,-1,-1,2,0,2,0,1,0,0,0,0,2,0,0,2,0,0,2,2
81,-1537.751,9107.752,-261.161,142.408,-0.792285,-0.610031,0.012136,0.609923,-0.792376,-0.011629,0.016711,-0.001811,0.999859,0,0.74679,-1.00000,44.808,-2.000,-1,400.000,-1,375.000,975.000,325.000,325.000,300.000,300.000,-1,625.000,675.000,-1,800.000,725.000,-1,-1,2,0,2,0,1,0,0,0,0,2,0,0,2,0,0,2,2
82,-1573.935,9137.678,-260.365,140.408,-0.770508,-0.637312,0.012283,0.637188,-0.770603,-0.012736,0.017582,-0.001987,0.999843,0,0.78260,-1.00000,46.956,-2.000,-1,400.000,-1,375.000,950.000,325.000,325.000,300.000,300.000,-1,625.000,675.000,-1,800.000,725.000,-1,975.000,2,0,2,0,1,0,0,0,0,2,0,0,2,0,0,2,1
83,-1609.186,9168.966,-259.501,138.408,-0.747793,-0.663817,0.012361,0.663674,-0.747891,-0.013980,0.018524,-0.002251,0.999826,0,0.78555,-1.00000,47.133,-2.000,-1,400.000,-1,375.000,900.000,325.000,325.000,300.000,300.000,-1,625.000,675.000,-1,800.000,725.000,-1,925.000,2,0,2,0,1,0,0,0,0,2,0,0,2,0,0,2,1
84,-1646.949,9204.617,-258.528,136.648,-0.727049,-0.686474,0.012388,0.686309,-0.727150,-0.015237,0.019468,-0.002576,0.999807,0,0.86555,-0.88000,51.933,-1.760,-1,400.000,-1,375.000,875.000,325.000,325.000,300.000,300.000,-1,650.000,700.000,-1,800.000,725.000,-1,875.000,2,0,2,0,1,0,0,0,0,2,0,0,2,0,0,2,1
85,-1686.488,9243.979,-257.457,135.128,-0.708582,-0.705520,0.012368,0.705334,-0.708684,-0.016469,0.020384,-0.002946,0.999788,0,0.92986,-0.76000,55.791,-1.520,-1,400.000,-1,375.000,850.000,325.000,325.000,300.000,300.000,-1,650.000,700.000,-1,825.000,725.000,-1,825.000,2,0,2,0,1,0,0,0,0,2,0,0,2,0,1,2,1
86,-1725.285,9284.368,-256.345,133.848,-0.692645,-0.721174,0.012313,0.720968,-0.692746,-0.017547,0.021184,-0.003277,0.999770,0,0.93341,-0.64000,56.005,-1.280,-1,400.000,-1,375.000,800.000,325.000,325.000,300.000,300.000,-1,675.000,725.000,-1,825.000,700.000,-1,775.000,2,0,2,0,1,0,0,0,0,2,0,0,2,0,1,2,1
87,-1763.487,9325.611,-255.166,132.808,-0.679441,-0.733628,0.012260,0.733407,-0.679542,-0.018327,0.021776,-0.003461,0.999757,0,0.93696,-0.52000,56.217,-1.040,-1,400.000,-1,375.000,750.000,325.000,325.000,300.000,300.000,-1,700.000,750.000,-1,825.000,650.000,-1,725.000,2,0,2,0,1,0,0,0,0,2,0,0,2,0,1,2,1
88,-1801.251,9367.540,-253.969,132.008,-0.669132,-0.743044,0.012186,0.742809,-0.669232,-0.019060,0.022318,-0.003701,0.999744,0,0.94047,-0.40000,56.428,-0.800,-1,400.000,-1,375.000,700.000,325.000,325.000,300.000,300.000,-1,725.000,775.000,-1,825.000,625.000,-1,675.000,2,0,2,0,1,0,0,0,0,2,0,0,2,0,1,2,1
89,-1838.741,9409.991,-252.755,131.448,-0.661839,-0.749548,0.012097,0.749299,-0.661937,-0.019743,0.022806,-0.004003,0.999732,0,0.94392,-0.28000,56.635,-0.560,-1,400.000,-1,375.000,650.000,325.000,325.000,300.000,300.000,-1,750.000,800.000,-1,825.000,600.000,-1,625.000,2,0,2,0,1,0,0,0,0,2,0,0,2,0,1,2,1
90,-1876.125,9452.803,-251.509,131.128,-0.657643,-0.753233,0.012072,0.752969,-0.657740,-0.020372,0.023285,-0.004307,0.999720,0,0.94728,-0.16000,56.837,-0.320,-1,400.000,-1,400.000,600.000,325.000,325.000,300.000,300.000,-1,775.000,825.000,-1,850.000,550.000,-1,575.000,2,0,2,0,1,0,0,0,0,2,0,0,2,0,1,2,1
91,-1913.576,9495.812,-250.395,131.048,-0.656609,-0.754147,0.011265,0.753873,-0.656685,-0.020982,0.023222,-0.005285,0.999716,0,0.95050,-0.04000,57.030,-0.080,-1,400.000,1000.000,400.000,525.000,325.000,325.000,300.000,300.000,-1,825.000,875.000,-1,850.000,525.000,-1,525.000,2,0,1,0,1,0,0,0,0,2,0,0,2,0,1,2,1
92,-1951.267,9538.854,-249.292,131.208,-0.658734,-0.752305,0.010310,0.752024,-0.658784,-0.021549,0.023004,-0.006442,0.999715,0,0.95354,0.08000,57.213,0.160,-1,400.000,950.000,375.000,475.000,325.000,325.000,300.000,300.000,-1,875.000,950.000,-1,850.000,500.000,-1,475.000,2,0,1,0,1,0,0,0,0,2,0,0,2,0,1,2,1
93,-1989.370,9581.758,-248.189,131.608,-0.663994,-0.747681,0.009277,0.747395,-0.664013,-0.022079,0.022668,-0.007726,0.999713,0,0.95635,0.20000,57.381,0.400,-1,400.000,900.000,375.000,425.000,325.000,325.000,300.000,300.000,-1,950.000,-1,-1,850.000,450.000,-1,425.000,2,0,1,1,1,0,0,0,0,2,0,2,2,1,1,2,1
94,-2028.050,9624.344,-246.930,132.248,-0.672341,-0.740204,0.007424,0.739922,-0.672312,-0.022630,0.021742,-0.009721,0.999716,0,0.95884,0.32000,57.530,0.640,-1,400.000,850.000,350.000,375.000,325.000,325.000,300.000,300.000,-1,-1,-1,-1,800.000,425.000,-1,375.000,2,0,1,1,1,0,0,0,0,2,2,2,2,1,1,2,1
95,-2063.775,9663.129,-245.825,132.648,-0.677520,-0.735480,0.005922,0.735204,-0.677452,-0.023102,0.021003,-0.011298,0.999716,0,0.87884,0.20000,52.730,0.400,-1,400.000,800.000,325.000,325.000,325.000,325.000,300.000,300.000,-1,-1,-1,-1,775.000,400.000,-1,325.000,2,0,1,1,1,0,1,0,0,2,2,2,2,1,1,2,1
96,-2099.229,9701.405,-244.759,132.808,-0.679594,-0.733574,0.004552,0.733306,-0.679492,-0.023522,0.020348,-0.012648,0.999713,0,0.86956,0.08000,52.174,0.160,-1,400.000,750.000,300.000,275.000,325.000,300.000,300.000,300.000,-1,-1,-1,-1,725.000,375.000,-1,275.000,2,0,1,1,1,0,1,0,0,2,2,2,2,1,1,2,1
97,-2134.697,9739.803,-243.700,132.728,-0.678590,-0.734510,0.003210,0.734252,-0.678456,-0.023886,0.019722,-0.013852,0.999710,0,0.87120,-0.04000,52.272,-0.080,-1,400.000,700.000,275.000,225.000,325.000,275.000,300.000,300.000,-1,-1,-1,-1,675.000,350.000,-1,225.000,2,0,1,1,1,0,1,0,0,2,2,2,2,1,1,2,1
98,-2170.014,9778.467,-240.963,132.408,-0.674589,-0.738193,0.000642,0.737799,-0.674257,-0.032091,0.024122,-0.021175,0.999485,0,0.87276,-0.16000,52.366,-0.320,-1,425.000,650.000,250.000,200.000,325.000,250.000,300.000,325.000,-1,-1,-1,-1,625.000,325.000,-1,200.000,2,0,1,1,1,1,1,0,1,2,2,2,2,1,1,2,1
99,-2205.041,9817.516,-235.646,131.888,-0.668261,-0.743915,-0.004086,0.743045,-0.667192,-0.052327,0.036201,-0.038004,0.998622,0,0.87428,-0.26018,52.457,-0.520,-1,425.000,650.000,250.000,200.000,325.000,250.000,300.000,350.000,-1,525.000,800.000,-1,625.000,325.000,-1,200.000,2,1,1,1,1,1,1,0,1,2,0,0,2,1,1,2,1
100,-2239.768,9856.950,-229.870,131.360,-0.662081,-0.749371,-0.009564,0.747790,-0.659732,-0.074586,0.049583,-0.056533,0.997169,0,0.87572,-0.26389,52.543,-0.528,-1,400.000,650.000,250.000,175.000,300.000,250.000,275.000,375.000,-1,275.000,500.000,-1,600.000,325.000,-1,175.000,2,1,1,1,1,1,1,0,1,2,0,0,2,1,1,2,1
101,-2274.174,9896.759,-223.795,130.824,-0.656090,-0.754519,-0.015727,0.751985,-0.651841,-0.098094,0.063762,-0.076185,0.995053,0,0.87691,-0.26790,52.615,-0.536,-1,375.000,650.000,250.000,175.000,300.000,250.000,275.000,400.000,725.000,175.000,375.000,-1,600.000,325.000,-1,175.000,2,1,1,1,1,1,1,0,1,0,0,0,2,1,1,2,1
102,-2308.237,9936.933,-218.279,130.280,-0.650132,-0.759505,-0.021939,0.755957,-0.643647,-0.119364,0.076537,-0.094187,0.992608,0,0.87780,-0.27223,52.668,-0.544,-1,375.000,625.000,250.000,175.000,275.000,225.000,275.000,425.000,550.000,100.000,325.000,-1,575.000,325.000,-1,175.000,2,1,1,1,1,1,1,0,1,0,0,0,2,1,1,2,1
103,-2341.934,9977.457,-212.814,129.726,-0.644337,-0.764202,-0.028733,0.759469,-0.635038,-0.141188,0.089649,-0.112795,0.989566,0,0.87834,-0.27691,52.700,-0.554,-1,350.000,625.000,225.000,150.000,275.000,225.000,250.000,450.000,425.000,50.000,275.000,-1,575.000,300.000,-1,175.000,2,1,1,1,1,1,1,0,1,0,0,0,2,1,1,2,1
104,-2375.238,10018.315,-207.308,129.162,-0.638691,-0.768619,-0.036038,0.762570,-0.626021,-0.163046,0.102760,-0.131618,0.985960,0,0.87847,-0.28200,52.708,-0.564,-1,325.000,-1,225.000,150.000,250.000,225.000,250.000,475.000,350.000,25.000,250.000,-1,600.000,300.000,-1,175.000,2,1,2,1,1,1,1,0,1,0,0,0,2,1,1,2,1
105,7543.220,9511.017,-100.259,165.419,-0.967589,-0.251750,0.019849,0.251758,-0.967788,-0.002153,0.019751,0.002914,0.999801,1,0.00000,0.00000,52.687,-0.575,-1,400.000,900.000,400.000,625.000,325.000,325.000,300.000,300.000,-1,-1,-1,-1,825.000,575.000,-1,675.000,2,0,1,0,1,0,0,0,0,2,2,2,2,0,1,2,1
106,7547.860,9509.789,-100.358,165.179,-0.966523,-0.255802,0.019969,0.255809,-0.966725,-0.002246,0.019879,0.002938,0.999798,0,-0.08000,-0.12000,-4.800,-0.240,-1,400.000,900.000,400.000,625.000,325.000,325.000,300.000,300.000,-1,-1,-1,-1,825.000,575.000,-1,700.000,2,0,1,0,1,0,0,0,0,2,2,2,2,0,1,2,1
107,7557.120,9507.256,-100.556,164.699,-0.964341,-0.263891,0.020210,0.263897,-0.964548,-0.002436,0.020136,0.002985,0.999793,0,-0.16000,-0.24000,-9.600,-0.480,-1,400.000,900.000,400.000,625.000,325.000,325.000,300.000,300.000,-1,-1,-1,-1,825.000,600.000,-1,700.000,2,0,1,0,1,0,0,0,0,2,2,2,2,0,1,2,1
108,7570.960,9503.281,-100.855,163.979,-0.960940,-0.275991,0.020573,0.275994,-0.961155,-0.002729,0.020527,0.003056,0.999785,0,-0.24000,-0.36000,-14.400,-0.720,-1,400.000,900.000,400.000,625.000,325.000,325.000,300.000,300.000,-1,-1,-1,-1,825.000,600.000,-1,725.000,2,0,1,0,1,0,0,0,0,2,2,2,2,0,1,2,1
109,7589.330,9497.695,-101.256,163.085,-0.956506,-0.290951,0.021059,0.290951,-0.956733,-0.003141,0.021062,0.003122,0.999773,0,-0.32000,-0.44692,-19.200,-0.894,-1,400.000,900.000,400.000,625.000,325.000,325.000,300.000,300.000,-1,-1,-1,-1,825.000,625.000,-1,725.000,2,0,1,0,1,0,0,0,0,2,2,2,2,0,1,2,1
110,7609.200,9491.314,-101.697,162.195,-0.951860,-0.305772,0.021588,0.305767,-0.952099,-0.003614,0.021659,0.003161,0.999760,0,-0.34783,-0.44486,-20.870,-0.890,-1,400.000,925.000,400.000,625.000,325.000,325.000,300.000,300.000,-1,-1,-1,-1,825.000,650.000,-1,750.000,2,0,1,0,1,0,0,0,0,2,2,2,2,0,1,2,1
111,7628.963,9484.628,-102.142,161.310,-0.947007,-0.320450,0.022122,0.320440,-0.947260,-0.004102,0.022269,0.003204,0.999747,0,-0.34772,-0.44275,-20.863,-0.885,-1,400.000,925.000,400.000,650.000,325.000,325.000,300.000,300.000,-1,-1,-1,-1,825.000,675.000,-1,775.000,2,0,1,0,1,0,0,0,0,2,2,2,2,0,1,2,1
112,7648.620,9477.639,-102.591,160.428,-0.941952,-0.334983,0.022659,0.334967,-0.942219,-0.004605,0.022893,0.003252,0.999733,0,-0.34771,-0.44069,-20.863,-0.881,-1,400.000,950.000,400.000,650.000,325.000,325.000,300.000,300.000,-1,-1,-1,-1,825.000,700.000,-1,775.000,2,0,1,0,1,0,0,0,0,2,2,2,2,0,1,2,1
113,7668.172,9470.349,-103.044,159.551,-0.936697,-0.349371,0.023201,0.349349,-0.936979,-0.005124,0.023529,0.003305,0.999718,0,-0.34778,-0.43869,-20.867,-0.877,-1,400.000,950.000,400.000,650.000,325.000,325.000,300.000,300.000,-1,-1,-1,-1,800.000,725.000,-1,800.000,2,0,1,0,1,0,0,0,0,2,2,2,2,1,1,2,1
114,7687.620,9462.758,-103.500,158.678,-0.931247,-0.363615,0.023748,0.363586,-0.931543,-0.005658,0.024180,0.003365,0.999702,0,-0.34795,-0.43675,-20.877,-0.873,-1,400.000,975.000,400.000,675.000,325.000,325.000,300.000,300.000,-1,-1,-1,-1,775.000,750.000,-1,800.000,2,0,1,0,1,0,0,0,0,2,2,2,2,1,1,2,1
115,7706.964,9454.867,-103.962,157.808,-0.925604,-0.377712,0.024300,0.377677,-0.925917,-0.006208,0.024844,0.003432,0.999685,0,-0.34820,-0.43486,-20.892,-0.870,-1,400.000,975.000,425.000,675.000,325.000,325.000,300.000,300.000,-1,-1,1000.000,-1,775.000,800.000,-1,800.000,2,0,1,0,1,0,0,0,0,2,2,1,2,1,1,2,1
116,7726.205,9446.676,-104.427,156.942,-0.919772,-0.391665,0.024856,0.391622,-0.920101,-0.006772,0.025523,0.003506,0.999668,0,-0.34853,-0.43303,-20.912,-0.866,-1,400.000,1000.000,425.000,700.000,325.000,325.000,300.000,300.000,-1,-1,1000.000,-1,775.000,800.000,-1,800.000,2,0,1,0,1,0,0,0,0,2,2,1,2,1,1,2,1
117,7745.343,9438.187,-104.908,156.079,-0.913755,-0.405471,0.025406,0.405421,-0.914101,-0.007305,0.026186,0.003626,0.999651,0,-0.34893,-0.43127,-20.936,-0.863,-1,400.000,-1,425.000,700.000,325.000,325.000,300.000,300.000,-1,-1,975.000,-1,775.000,800.000,-1,825.000,2,0,2,0,1,0,0,0,0,2,2,1,2,1,1,2,1
118,7764.378,9429.400,-105.441,155.220,-0.907556,-0.419131,0.025909,0.419080,-0.907917,-0.007631,0.026721,0.003933,0.999635,0,-0.34942,-0.42956,-20.965,-0.859,-1,400.000,-1,425.000,725.000,325.000,325.000,300.000,300.000,-1,1000.000,950.000,-1,775.000,800.000,-1,825.000,2,0,2,0,1,0,0,0,0,2,1,1,2,1,1,2,1
119,7783.309,9420.315,-105.995,154.364,-0.901176,-0.432644,0.026483,0.432593,-0.901555,-0.007933,0.027308,0.004308,0.999618,0,-0.34998,-0.42791,-20.999,-0.856,-1,400.000,-1,425.000,750.000,325.000,325.000,300.000,300.000,-1,1000.000,925.000,-1,775.000,800.000,-1,825.000,2,0,2,0,1,0,0,0,0,2,1,1,2,1,1,2,1
120,7802.137,9410.932,-106.566,153.512,-0.894617,-0.446011,0.027113,0.445960,-0.895015,-0.008222,0.027934,0.004736,0.999599,0,-0.35061,-0.42632,-21.036,-0.853,-1,400.000,-1,425.000,775.000,325.000,325.000,300.000,300.000,-1,975.000,925.000,-1,775.000,800.000,-1,825.000,2,0,2,0,1,0,0,0,0,2,1,1,2,1,1,2,1
121,7820.861,9401.252,-107.172,152.662,-0.887879,-0.459231,0.027876,0.459184,-0.888301,-0.008466,0.028650,0.005284,0.999576,0,-0.35130,-0.42478,-21.078,-0.850,-1,400.000,-1,425.000,800.000,325.000,325.000,300.000,300.000,-1,975.000,900.000,-1,775.000,800.000,-1,850.000,2,0,2,0,1,0,0,0,0,2,1,1,2,1,1,2,1
122,7839.481,9391.275,-107.786,151.815,-0.880969,-0.472305,0.028658,0.472261,-0.881416,-0.008719,0.029377,0.005853,0.999551,0,-0.35207,-0.42331,-21.124,-0.847,-1,400.000,-1,425.000,825.000,325.000,325.000,300.000,300.000,-1,950.000,900.000,-1,775.000,800.000,-1,850.000,2,0,2,0,1,0,0,0,0,2,1,1,2,1,1,2,1
123,7857.994,9381.001,-108.406,150.972,-0.873889,-0.485232,0.029449,0.485192,-0.874362,-0.008985,0.030109,0.006436,0.999526,0,-0.35289,-0.42190,-21.174,-0.844,-1,400.000,-1,425.000,850.000,325.000,325.000,300.000,300.000,-1,950.000,875.000,-1,800.000,800.000,-1,875.000,2,0,2,0,1,0,0,0,0,2,1,1,2,1,1,2,1
124,7879.650,9368.538,-109.143,150.080,-0.866193,-0.498785,0.030387,0.498748,-0.866697,-0.009319,0.030984,0.007083,0.999495,0,-0.41644,-0.44605,-24.986,-0.892,-1,400.000,-1,425.000,900.000,325.000,325.000,300.000,300.000,-1,925.000,850.000,-1,800.000,800.000,-1,875.000,2,0,2,0,1,0,0,0,0,2,1,1,2,1,1,2,1
125,7901.190,9355.689,-109.890,149.183,-0.858246,-0.512281,0.031340,0.512248,-0.858783,-0.009666,0.031866,0.007758,0.999462,0,-0.41803,-0.44822,-25.082,-0.896,-1,400.000,-1,425.000,925.000,325.000,325.000,300.000,300.000,-1,925.000,850.000,-1,800.000,800.000,-1,900.000,2,0,2,0,1,0,0,0,0,2,1,1,2,1,1,2,1
126,7922.606,9342.453,-110.647,148.282,-0.850047,-0.525715,0.032308,0.525688,-0.850618,-0.010024,0.032752,0.008463,0.999428,0,-0.41959,-0.45039,-25.175,-0.901,-1,400.000,-1,425.000,1000.000,325.000,325.000,300.000,300.000,-1,900.000,825.000,-1,825.000,800.000,-1,925.000,2,0,2,0,1,0,0,0,0,2,1,1,2,1,1,2,1
127,7943.886,9328.831,-111.415,147.377,-0.841594,-0.539083,0.033292,0.539061,-0.842202,-0.010395,0.033642,0.009198,0.999392,0,-0.42112,-0.45256,-25.267,-0.905,-1,400.000,-1,425.000,-1,325.000,325.000,300.000,300.000,-1,900.000,800.000,-1,825.000,825.000,-1,950.000,2,0,2,0,2,0,0,0,0,2,1,1,2,1,1,2,1
128,7965.022,9314.824,-112.201,146.468,-0.832889,-0.552379,0.034247,0.552363,-0.833534,-0.010791,0.034507,0.009929,0.999355,0,-0.42260,-0.45472,-25.356,-0.909,-1,400.000,-1,425.000,-1,325.000,325.000,300.000,300.000,-1,875.000,775.000,-1,850.000,825.000,-1,975.000,2,0,2,0,2,0,0,0,0,2,1,1,2,1,1,2,1
129,7986.004,9300.433,-113.092,145.554,-0.823948,-0.565599,0.034742,0.565579,-0.824616,-0.011342,0.035064,0.010304,0.999332,0,-0.42404,-0.45688,-25.443,-0.914,-1,400.000,-1,425.000,-1,325.000,325.000,300.000,300.000,-1,875.000,775.000,-1,850.000,825.000,-1,1000.000,2,0,2,0,2,0,0,0,0,2,1,1,2,1,1,2,1
130,8006.820,9285.659,-113.995,144.636,-0.814753,-0.578736,0.035241,0.578713,-0.815444,-0.011889,0.035618,0.010708,0.999308,0,-0.42544,-0.45903,-25.526,-0.918,-1,400.000,-1,425.000,-1,325.000,325.000,300.000,300.000,-1,850.000,750.000,-1,850.000,825.000,-1,-1,2,0,2,0,2,0,0,0,0,2,1,1,2,0,1,2,2
131,8027.461,9270.505,-114.910,143.714,-0.805303,-0.591785,0.035744,0.591759,-0.806019,-0.012431,0.036167,0.011141,0.999284,0,-0.42678,-0.46117,-25.607,-0.922,-1,400.000,-1,425.000,-1,325.000,325.000,300.000,300.000,-1,850.000,750.000,-1,875.000,850.000,-1,-1,2,0,2,0,2,0,0,0,0,2,1,1,2,0,1,2,2
132,8047.914,9254.972,-115.844,142.787,-0.795598,-0.604739,0.036251,0.604710,-0.796339,-0.013004,0.036733,0.011575,0.999258,0,-0.42805,-0.46330,-25.683,-0.927,-1,400.000,-1,425.000,-1,325.000,325.000,300.000,300.000,-1,825.000,725.000,-1,875.000,850.000,-1,-1,2,0,2,0,2,0,0,0,0,2,1,1,2,0,1,2,2
