timestep,x_cm,y_cm,z_cm,yaw_deg,basis_xx,basis_xy,basis_xz,basis_yx,basis_yy,basis_yz,basis_zx,basis_zy,basis_zz,teleport_flag,throttle_cmd,steering_cmd,cmd_move_cm,cmd_turn_deg,lidar_cm_0,lidar_cm_1,lidar_cm_2,lidar_cm_3,lidar_cm_4,lidar_cm_5,lidar_cm_6,lidar_cm_7,lidar_cm_8,lidar_cm_9,lidar_cm_10,lidar_cm_11,lidar_cm_12,lidar_cm_13,lidar_cm_14,lidar_cm_15,lidar_cm_16,lidar_class_0,lidar_class_1,lidar_class_2,lidar_class_3,lidar_class_4,lidar_class_5,lidar_class_6,lidar_class_7,lidar_class_8,lidar_class_9,lidar_class_10,lidar_class_11,lidar_class_12,lidar_class_13,lidar_class_14,lidar_class_15,lidar_class_16
0,3603.036,-6885.873,-61.322,162.773,-0.953185,-0.296066,-0.061513,0.297062,-0.954829,-0.007518,-0.056508,-0.025440,0.998078,1,0.08000,0.12000,4.800,0.240,-1,400.000,-1,400.000,-1,325.000,325.000,300.000,300.000,-1,-1,-1,825.000,750.000,775.000,-1,-1,2,0,2,0,2,0,0,0,0,2,2,2,1,0,0,2,2
1,3593.844,-6883.106,-61.869,163.253,-0.955634,-0.288060,-0.061516,0.289039,-0.957288,-0.007467,-0.056738,-0.024917,0.998078,0,0.16000,0.24000,9.600,0.480,-1,400.000,-1,400.000,-1,325.000,325.000,300.000,300.000,-1,-1,-1,825.000,750.000,775.000,-1,-1,2,0,2,0,2,0,0,0,0,2,2,2,1,0,0,2,2
2,3580.003,-6879.130,-62.694,163.973,-0.959183,-0.276013,-0.061521,0.276967,-0.960851,-0.007391,-0.057073,-0.024129,0.998078,0,0.24000,0.36000,14.400,0.720,-1,400.000,-1,400.000,-1,325.000,325.000,300.000,300.000,-1,-1,-1,850.000,750.000,775.000,-1,-1,2,0,2,0,2,0,0,0,0,2,2,2,1,0,0,2,2
3,3561.464,-6874.139,-63.802,164.933,-0.963678,-0.259883,-0.061528,0.260803,-0.965365,-0.007291,-0.057502,-0.023073,0.998079,0,0.32000,0.48000,19.200,0.960,-1,400.000,-1,400.000,-1,325.000,325.000,300.000,300.000,-1,-1,-1,850.000,750.000,775.000,-1,-1,2,0,2,0,2,0,0,0,0,2,2,2,1,0,0,2,2
4,3538.163,-6868.386,-65.199,166.133,-0.968916,-0.239616,-0.061537,0.240493,-0.970624,-0.007168,-0.058011,-0.021745,0.998079,0,0.40000,0.60000,24.000,1.200,-1,400.000,-1,400.000,-1,325.000,325.000,300.000,300.000,-1,-1,-1,875.000,750.000,750.000,-1,-1,2,0,2,0,2,0,0,0,0,2,2,2,1,0,0,2,2
5,3510.038,-6862.188,-66.892,167.573,-0.974638,-0.215155,-0.061547,0.215982,-0.976372,-0.007025,-0.058582,-0.020140,0.998079,0,0.48000,0.72000,28.800,1.440,-1,400.000,-1,400.000,-1,325.000,325.000,300.000,300.000,-1,-1,-1,900.000,750.000,750.000,-1,-1,2,0,2,0,2,0,0,0,0,2,2,2,1,0,0,2,2
6,3477.053,-6855.792,-68.886,169.028,-0.979794,-0.190301,-0.061558,0.191074,-0.981552,-0.006859,-0.059117,-0.018483,0.998080,0,0.56000,0.72746,33.600,1.455,-1,375.000,-1,400.000,-1,325.000,325.000,300.000,300.000,-1,-1,-1,925.000,725.000,750.000,-1,-1,2,0,2,0,2,0,0,0,0,2,2,2,1,0,0,2,2
7,3439.180,-6849.448,-71.183,170.492,-0.984342,-0.165169,-0.061567,0.165886,-0.986122,-0.006674,-0.059610,-0.016783,0.998081,0,0.64000,0.73193,38.400,1.464,-1,375.000,-1,400.000,-1,325.000,325.000,300.000,300.000,-1,-1,-1,1000.000,725.000,750.000,-1,-1,2,0,2,0,2,0,0,0,0,2,2,2,1,0,0,2,2
8,3396.405,-6843.410,-73.788,171.966,-0.988271,-0.139747,-0.061575,0.140405,-0.990073,-0.006472,-0.060060,-0.015041,0.998081,0,0.72000,0.73716,43.200,1.474,-1,375.000,-1,400.000,-1,325.000,325.000,300.000,300.000,-1,-1,-1,-1,725.000,750.000,-1,-1,2,0,2,0,2,0,0,0,0,2,2,2,2,0,0,2,2
9,3348.718,-6837.936,-76.701,173.452,-0.991568,-0.114021,-0.061582,0.114619,-0.993390,-0.006253,-0.060462,-0.013259,0.998082,0,0.80000,0.74319,48.000,1.486,-1,375.000,-1,400.000,-1,325.000,325.000,300.000,300.000,-1,-1,-1,-1,725.000,750.000,-1,-1,2,0,2,0,2,0,0,0,0,2,2,2,2,0,0,2,2
10,3300.366,-6833.665,-79.665,174.952,-0.994217,-0.087979,-0.061589,0.088516,-0.996056,-0.006038,-0.060815,-0.011454,0.998083,0,0.80899,0.75003,48.540,1.500,-1,375.000,-1,400.000,-1,325.000,325.000,300.000,300.000,-1,-1,-1,-1,725.000,750.000,-1,-1,2,0,2,0,2,0,0,0,0,2,2,2,2,0,0,2,2
11,3251.679,-6830.658,-82.576,176.467,-0.996213,-0.061629,-0.061338,0.062092,-0.998054,-0.005664,-0.060870,-0.009452,0.998101,0,0.81300,0.75709,48.780,1.514,-1,375.000,-1,375.000,-1,325.000,325.000,300.000,300.000,-1,-1,-1,-1,725.000,750.000,-1,-1,2,0,2,0,2,0,0,0,0,2,2,2,2,0,0,2,2
12,3202.663,-6828.942,-85.419,177.995,-0.997535,-0.034983,-0.060836,0.035391,-0.999358,-0.005642,-0.060600,-0.007781,0.998132,0,0.81743,0.76432,49.046,1.529,-1,375.000,-1,400.000,-1,325.000,325.000,300.000,300.000,-1,-1,-1,-1,725.000,750.000,-1,-1,2,0,2,0,2,0,0,0,0,2,2,2,2,0,0,2,2
13,3153.330,-6828.545,-88.291,179.539,-0.998146,-0.008054,-0.060323,0.008407,-0.999949,-0.005602,-0.060275,-0.006099,0.998163,0,0.82224,0.77169,49.334,1.543,-1,375.000,-1,400.000,-1,325.000,325.000,300.000,300.000,-1,-1,-1,-1,725.000,725.000,-1,-1,2,0,2,0,2,0,0,0,0,2,2,2,2,0,0,2,2
14,3103.696,-6829.495,-91.189,181.097,-0.998027,0.019144,-0.059801,-0.018846,-0.999807,-0.005544,-0.059895,-0.004406,0.998195,0,0.82739,0.77921,49.644,1.558,-1,375.000,-1,400.000,-1,325.000,325.000,300.000,300.000,-1,-1,-1,-1,725.000,725.000,-1,-1,2,0,2,0,2,0,0,0,0,2,2,2,2,0,0,2,2
15,3053.779,-6831.823,-94.112,182.671,-0.997154,0.046596,-0.059269,-0.046353,-0.998910,-0.005468,-0.059459,-0.002705,0.998227,0,0.83286,0.78687,49.971,1.574,-1,375.000,-1,400.000,-1,325.000,325.000,300.000,300.000,-1,-1,-1,-1,725.000,725.000,-1,-1,2,0,2,0,2,0,0,0,0,2,2,2,2,0,0,2,2
16,3000.048,-6835.839,-97.269,184.275,-0.995490,0.074535,-0.058691,-0.074349,-0.997218,-0.005364,-0.058928,-0.000977,0.998262,0,0.89802,0.80191,53.881,1.604,-1,400.000,-1,400.000,-1,325.000,325.000,300.000,300.000,-1,-1,-1,-1,725.000,725.000,-1,-1,2,0,2,0,2,0,0,0,0,2,2,2,2,0,0,2,2
17,2946.335,-6841.357,-100.433,185.866,-0.993064,0.102207,-0.058110,-0.102075,-0.994763,-0.005242,-0.058341,0.000726,0.998296,0,0.89992,0.79588,53.995,1.592,-1,400.000,-1,400.000,-1,325.000,325.000,300.000,300.000,-1,-1,-1,-1,725.000,725.000,-1,-1,2,0,2,0,2,0,0,0,0,2,2,2,2,0,0,2,2
18,2897.530,-6847.539,-103.314,187.218,-0.990403,0.125645,-0.057579,-0.125560,-0.992073,-0.005114,-0.057765,0.002165,0.998328,0,0.81992,0.67588,49.195,1.352,-1,400.000,-1,375.000,-1,325.000,325.000,300.000,300.000,-1,-1,-1,-1,725.000,725.000,-1,-1,2,0,2,0,2,0,0,0,0,2,2,2,2,0,0,2,2
19,2851.721,-6854.246,-106.022,188.330,-0.987803,0.144870,-0.057080,-0.144823,-0.989445,-0.004983,-0.057199,0.003344,0.998357,0,0.77162,0.55588,46.297,1.112,-1,400.000,-1,375.000,-1,325.000,325.000,300.000,300.000,-1,-1,-1,-1,725.000,725.000,-1,-1,2,0,2,0,2,0,0,0,0,2,2,2,2,0,0,2,2
20,2806.003,-6861.652,-108.728,189.202,-0.985509,0.159907,-0.056580,-0.159890,-0.987123,-0.004847,-0.056626,0.004270,0.998386,0,0.77190,0.43588,46.314,0.872,-1,375.000,-1,375.000,-1,325.000,325.000,300.000,300.000,-1,-1,-1,-1,725.000,725.000,-1,-1,2,0,2,0,2,0,0,0,0,2,2,2,2,0,0,2,2
21,2760.366,-6869.562,-111.430,189.833,-0.983712,0.170781,-0.056080,-0.170787,-0.985297,-0.004711,-0.056060,0.004943,0.998415,0,0.77196,0.31588,46.318,0.632,-1,375.000,-1,375.000,-1,325.000,325.000,300.000,300.000,-1,-1,-1,-1,725.000,725.000,-1,-1,2,0,2,0,2,0,0,0,0,2,2,2,2,0,0,2,2
22,2714.790,-6877.783,-114.128,190.225,-0.982548,0.177513,-0.055581,-0.177535,-0.984104,-0.004581,-0.055511,0.005367,0.998444,0,0.77186,0.19588,46.312,0.392,-1,375.000,-1,375.000,-1,325.000,325.000,300.000,300.000,-1,-1,-1,-1,725.000,725.000,-1,-1,2,0,2,0,2,0,0,0,0,2,2,2,2,0,0,2,2
23,2669.248,-6886.122,-116.799,190.377,-0.982098,0.180119,-0.055134,-0.180144,-0.983630,-0.004557,-0.055053,0.005457,0.998469,0,0.77166,0.07588,46.300,0.152,-1,375.000,-1,375.000,-1,325.000,325.000,300.000,300.000,-1,-1,-1,-1,725.000,725.000,-1,-1,2,0,2,0,2,0,0,0,0,2,2,2,2,0,0,2,2
24,2623.714,-6894.428,-119.294,190.337,-0.982260,0.179444,-0.054449,-0.179431,-0.983757,-0.005153,-0.054489,0.004708,0.998503,0,0.77142,-0.01969,46.285,-0.039,-1,375.000,-1,375.000,-1,325.000,325.000,300.000,300.000,-1,-1,-1,-1,725.000,725.000,-1,-1,2,0,2,0,2,0,0,0,0,2,2,2,2,0,0,2,2
25,2578.189,-6902.692,-121.743,190.288,-0.982453,0.178603,-0.053726,-0.178552,-0.983913,-0.005783,-0.053895,0.003912,0.998539,0,0.77114,-0.02449,46.269,-0.049,-1,375.000,-1,375.000,-1,325.000,325.000,300.000,300.000,-1,-1,-1,-1,725.000,725.000,-1,-1,2,0,2,0,2,0,0,0,0,2,2,2,2,0,0,2,2
26,2532.686,-6910.904,-124.053,190.230,-0.982675,0.177596,-0.053006,-0.177539,-0.984097,-0.005830,-0.053199,0.003682,0.998577,0,0.77064,-0.02931,46.238,-0.059,-1,375.000,-1,375.000,-1,325.000,325.000,300.000,300.000,-1,-1,-1,-1,725.000,725.000,-1,-1,2,0,2,0,2,0,0,0,0,2,2,2,2,0,0,2,2
27,2487.216,-6919.054,-126.334,190.162,-0.982928,0.176424,-0.052226,-0.176366,-0.984308,-0.005749,-0.052421,0.003560,0.998619,0,0.76991,-0.03414,46.195,-0.068,-1,375.000,-1,375.000,-1,325.000,325.000,300.000,300.000,-1,-1,-1,-1,725.000,725.000,-1,-1,2,0,2,0,2,0,0,0,0,2,2,2,2,0,0,2,2
28,2441.790,-6927.132,-128.613,190.084,-0.983208,0.175085,-0.051452,-0.175027,-0.984547,-0.005663,-0.051649,0.003437,0.998659,0,0.76897,-0.03895,46.138,-0.078,-1,375.000,-1,375.000,-1,325.000,325.000,300.000,325.000,-1,-1,-1,-1,725.000,725.000,-1,-1,2,0,2,0,2,0,0,0,0,2,2,2,2,0,0,2,2
29,2396.421,-6935.129,-130.888,189.996,-0.983514,0.173582,-0.050684,-0.173524,-0.984814,-0.005573,-0.050882,0.003313,0.998699,0,0.76782,-0.04373,46.069,-0.087,-1,375.000,-1,375.000,-1,325.000,325.000,300.000,300.000,-1,-1,-1,-1,725.000,725.000,-1,-1,2,0,2,0,2,0,0,0,0,2,2,2,2,0,0,2,2
30,2351.119,-6943.037,-133.160,189.902,-0.983838,0.171962,-0.049921,-0.171904,-0.985098,-0.005480,-0.050119,0.003191,0.998738,0,0.76646,-0.04713,45.987,-0.094,-1,375.000,-1,375.000,-1,325.000,325.000,300.000,300.000,-1,1000.000,-1,-1,725.000,725.000,-1,-1,2,0,2,0,2,0,0,0,0,2,0,2,2,0,0,2,2
31,2305.895,-6950.851,-135.428,189.803,-0.984172,0.170260,-0.049164,-0.170203,-0.985394,-0.005382,-0.049363,0.003071,0.998776,0,0.76490,-0.04948,45.894,-0.099,-1,400.000,-1,375.000,-1,325.000,325.000,300.000,300.000,-1,950.000,975.000,-1,725.000,725.000,-1,-1,2,0,2,0,2,0,0,0,0,2,0,0,2,0,0,2,2
32,2260.760,-6958.566,-137.691,189.700,-0.984515,0.168484,-0.048413,-0.168427,-0.985700,-0.005282,-0.048611,0.002954,0.998813,0,0.76316,-0.05163,45.790,-0.103,-1,400.000,-1,375.000,-1,325.000,325.000,300.000,300.000,-1,925.000,950.000,-1,725.000,725.000,-1,-1,2,0,2,0,2,0,0,0,0,2,0,0,2,0,0,2,2
33,2215.724,-6966.177,-139.949,189.593,-0.984865,0.166641,-0.047668,-0.166584,-0.986014,-0.005178,-0.047864,0.002841,0.998850,0,0.76124,-0.05358,45.674,-0.107,-1,400.000,-1,375.000,-1,325.000,325.000,300.000,300.000,-1,900.000,925.000,-1,725.000,725.000,-1,-1,2,0,2,0,2,0,0,0,0,2,0,0,2,0,0,2,2
34,2170.797,-6973.681,-142.201,189.482,-0.985221,0.164736,-0.046929,-0.164680,-0.986334,-0.005072,-0.047123,0.002731,0.998885,0,0.75916,-0.05533,45.550,-0.111,-1,400.000,-1,375.000,-1,325.000,325.000,300.000,300.000,-1,875.000,900.000,-1,750.000,725.000,-1,-1,2,0,2,0,2,0,0,0,0,2,0,0,2,0,0,2,2
35,2125.987,-6981.073,-144.447,189.368,-0.985581,0.162777,-0.046195,-0.162723,-0.986659,-0.004963,-0.046387,0.002625,0.998920,0,0.75693,-0.05689,45.416,-0.114,-1,400.000,-1,375.000,-1,325.000,325.000,300.000,300.000,-1,850.000,875.000,-1,750.000,725.000,-1,-1,2,0,2,0,2,0,0,0,0,2,0,0,2,0,0,2,2
36,2081.301,-6988.352,-146.686,189.252,-0.985944,0.160771,-0.045468,-0.160718,-0.986988,-0.004853,-0.045656,0.002523,0.998954,0,0.75458,-0.05823,45.275,-0.116,-1,400.000,-1,375.000,-1,325.000,325.000,300.000,300.000,-1,825.000,850.000,-1,750.000,725.000,-1,-1,2,0,2,0,2,0,0,0,0,2,0,0,2,0,0,2,2
37,2036.747,-6995.515,-148.918,189.133,-0.986308,0.158725,-0.044746,-0.158673,-0.987320,-0.004740,-0.044931,0.002425,0.998987,0,0.75211,-0.05937,45.126,-0.119,-1,400.000,-1,375.000,-1,325.000,325.000,300.000,300.000,-1,800.000,850.000,-1,750.000,750.000,-1,-1,2,0,2,0,2,0,0,0,0,2,0,0,2,0,0,2,2
38,1992.329,-7002.560,-151.054,189.012,-0.986666,0.156647,-0.044178,-0.156581,-0.987653,-0.004978,-0.044413,0.002006,0.999011,0,0.74955,-0.06030,44.973,-0.121,-1,400.000,-1,400.000,-1,325.000,325.000,300.000,300.000,-1,800.000,850.000,-1,750.000,750.000,-1,-1,2,0,2,0,2,0,0,0,0,2,0,0,2,0,0,2,2
39,1948.053,-7009.486,-153.077,188.890,-0.987025,0.154543,-0.043561,-0.154446,-0.987985,-0.005600,-0.043903,0.001200,0.999035,0,0.74692,-0.06103,44.815,-0.122,-1,400.000,-1,400.000,-1,325.000,325.000,300.000,300.000,-1,825.000,850.000,-1,750.000,750.000,-1,-1,2,0,2,0,2,0,0,0,0,2,0,0,2,0,0,2,2
40,1903.921,-7016.292,-154.990,188.767,-0.987370,0.152420,-0.043222,-0.152311,-0.988316,-0.005823,-0.043605,0.000834,0.999049,0,0.74423,-0.06155,44.654,-0.123,-1,400.000,-1,400.000,-1,325.000,325.000,300.000,300.000,-1,850.000,875.000,-1,750.000,750.000,-1,-1,2,0,2,0,2,0,0,0,0,2,0,0,2,0,0,2,2
41,1859.935,-7022.978,-156.836,188.643,-0.987712,0.150285,-0.042890,-0.150175,-0.988642,-0.005785,-0.043272,0.000727,0.999063,0,0.74152,-0.06186,44.491,-0.124,-1,400.000,-1,400.000,-1,325.000,325.000,300.000,300.000,-1,875.000,900.000,-1,750.000,750.000,-1,-1,2,0,2,0,2,0,0,0,0,2,0,0,2,0,0,2,2
42,1816.096,-7029.545,-158.678,188.520,-0.988049,0.148146,-0.042560,-0.148036,-0.988965,-0.005737,-0.042941,0.000632,0.999077,0,0.73880,-0.06197,44.328,-0.124,-1,400.000,-1,400.000,-1,325.000,325.000,300.000,300.000,-1,900.000,925.000,-1,750.000,725.000,-1,-1,2,0,2,0,2,0,0,0,0,2,0,0,2,0,0,2,2
43,1772.405,-7035.994,-160.514,188.396,-0.988381,0.146009,-0.042233,-0.145900,-0.989283,-0.005681,-0.042610,0.000547,0.999092,0,0.73608,-0.06188,44.165,-0.124,-1,400.000,-1,400.000,-1,325.000,325.000,300.000,300.000,-1,925.000,950.000,-1,750.000,725.000,-1,-1,2,0,2,0,2,0,0,0,0,2,0,0,2,0,0,2,2
44,1728.859,-7042.325,-162.345,188.273,-0.988707,0.143882,-0.041909,-0.143773,-0.989595,-0.005616,-0.042281,0.000473,0.999106,0,0.73340,-0.06159,44.004,-0.123,-1,400.000,-1,400.000,-1,325.000,325.000,300.000,300.000,-1,950.000,975.000,-1,725.000,725.000,-1,-1,2,0,2,0,2,0,0,0,0,2,0,0,2,0,0,2,2
45,1685.456,-7048.541,-164.170,188.150,-0.989025,0.141771,-0.041587,-0.141664,-0.989899,-0.005544,-0.041953,0.000409,0.999119,0,0.73077,-0.06110,43.846,-0.122,-1,400.000,-1,400.000,-1,325.000,325.000,300.000,300.000,-1,975.000,1000.000,-1,725.000,725.000,-1,-1,2,0,2,0,2,0,0,0,0,2,0,0,2,0,0,2,2
46,1642.192,-7054.644,-165.991,188.030,-0.989336,0.139683,-0.041268,-0.139577,-0.990196,-0.005463,-0.041626,0.000355,0.999133,0,0.72820,-0.06042,43.692,-0.121,-1,400.000,-1,400.000,-1,325.000,325.000,300.000,300.000,-1,1000.000,-1,-1,725.000,725.000,-1,-1,2,0,2,0,2,0,0,0,0,2,0,2,2,0,0,2,2
47,1599.063,-7060.637,-167.807,187.910,-0.989638,0.137625,-0.040950,-0.137520,-0.990484,-0.005375,-0.041300,0.000312,0.999147,0,0.72572,-0.05954,43.543,-0.119,-1,400.000,-1,400.000,-1,325.000,325.000,300.000,300.000,-1,1000.000,-1,-1,725.000,725.000,-1,-1,2,0,2,0,2,0,0,0,0,2,0,2,2,0,0,2,2
48,1556.064,-7066.522,-169.618,187.793,-0.989930,0.135603,-0.040635,-0.135500,-0.990763,-0.005279,-0.040976,0.000280,0.999160,0,0.72334,-0.05849,43.400,-0.117,-1,400.000,-1,400.000,-1,325.000,325.000,300.000,300.000,-1,-1,-1,-1,725.000,725.000,-1,-1,2,0,2,0,2,0,0,0,0,2,2,2,2,0,0,2,2
49,1517.831,-7071.838,-171.232,187.916,-0.989647,0.137730,-0.040363,-0.137633,-0.990470,-0.005177,-0.040691,0.000432,0.999172,0,0.64334,0.06151,38.600,0.123,-1,400.000,-1,400.000,-1,325.000,325.000,300.000,300.000,-1,-1,-1,-1,725.000,725.000,-1,-1,2,0,2,0,2,0,0,0,0,2,2,2,2,0,0,2,2
50,1484.383,-7076.706,-172.649,188.280,-0.988763,0.144003,-0.040137,-0.143915,-0.989577,-0.005066,-0.040448,0.000768,0.999181,0,0.56334,0.18151,33.800,0.363,-1,400.000,-1,375.000,-1,325.000,325.000,300.000,300.000,-1,-1,-1,-1,725.000,725.000,-1,-1,2,0,2,0,2,0,0,0,0,2,2,2,2,0,0,2,2
51,1455.730,-7081.184,-173.866,188.883,-0.987199,0.154409,-0.039949,-0.154335,-0.988006,-0.004955,-0.040235,0.001274,0.999189,0,0.48334,0.30151,29.000,0.603,-1,375.000,-1,375.000,-1,325.000,325.000,300.000,300.000,-1,-1,-1,-1,725.000,725.000,-1,-1,2,0,2,0,2,0,0,0,0,2,2,2,2,0,0,2,2
52,1431.878,-7085.272,-174.874,189.726,-0.984826,0.168929,-0.039770,-0.168870,-0.985626,-0.004873,-0.040021,0.001917,0.999197,0,0.40334,0.42151,24.200,0.843,-1,375.000,-1,375.000,-1,325.000,325.000,300.000,300.000,-1,-1,-1,-1,725.000,725.000,-1,-1,2,0,2,0,2,0,0,0,0,2,2,2,2,0,0,2,2
53,1412.822,-7088.910,-175.681,190.809,-0.981459,0.187528,-0.039630,-0.187487,-0.982255,-0.004793,-0.039825,0.002726,0.999203,0,0.32334,0.54151,19.400,1.083,-1,375.000,-1,375.000,-1,325.000,325.000,300.000,300.000,-1,-1,-1,-1,725.000,725.000,-1,-1,2,0,2,0,2,0,0,0,0,2,2,2,2,0,0,2,2
54,1398.547,-7091.978,-176.287,192.132,-0.976868,0.210157,-0.039531,-0.210137,-0.977661,-0.004714,-0.039639,0.003702,0.999207,0,0.24334,0.66151,14.600,1.323,-1,375.000,-1,375.000,-1,325.000,325.000,300.000,300.000,-1,-1,-1,-1,725.000,725.000,-1,-1,2,0,2,0,2,0,0,0,0,2,2,2,2,0,0,2,2
55,1389.026,-7094.298,-176.694,193.695,-0.970770,0.236745,-0.039474,-0.236749,-0.971560,-0.004641,-0.039450,0.004841,0.999210,0,0.16334,0.78151,9.800,1.563,-1,375.000,-1,375.000,-1,325.000,325.000,300.000,300.000,-1,-1,-1,-1,725.000,725.000,-1,-1,2,0,2,0,2,0,0,0,0,2,2,2,2,0,0,2,2
56,1384.206,-7095.631,-176.884,195.457,-0.963023,0.266511,-0.039493,-0.266539,-0.963813,-0.004654,-0.039304,0.006045,0.999209,0,0.08334,0.88118,5.000,1.762,-1,375.000,-1,375.000,-1,325.000,325.000,300.000,300.000,-1,-1,-1,-1,725.000,725.000,-1,-1,2,0,2,0,2,0,0,0,0,2,2,2,2,0,0,2,2
57,1384.015,-7095.691,-176.880,197.220,-0.954358,0.296035,-0.039540,-0.296087,-0.955150,-0.004671,-0.039150,0.007249,0.999207,0,0.00334,0.88152,0.200,1.763,-1,375.000,-1,375.000,-1,325.000,325.000,300.000,300.000,-1,-1,-1,-1,725.000,725.000,-1,-1,2,0,2,0,2,0,0,0,0,2,2,2,2,0,0,2,2
58,1388.364,-7094.194,-176.687,198.983,-0.944788,0.325278,-0.039611,-0.325355,-0.945581,-0.004682,-0.038979,0.008464,0.999204,0,-0.07666,0.88153,-4.600,1.763,-1,375.000,-1,375.000,-1,325.000,325.000,300.000,300.000,-1,-1,-1,-1,725.000,725.000,-1,-1,2,0,2,0,2,0,0,0,0,2,2,2,2,0,0,2,2
59,1397.154,-7090.865,-176.308,200.745,-0.934326,0.354201,-0.039708,-0.354302,-0.935119,-0.004687,-0.038792,0.009690,0.999200,0,-0.15666,0.88118,-9.400,1.762,-1,400.000,-1,375.000,-1,325.000,325.000,300.000,300.000,-1,-1,-1,-1,725.000,725.000,-1,-1,2,0,2,0,2,0,0,0,0,2,2,2,2,0,0,2,2
60,1409.734,-7085.653,-175.769,202.506,-0.922988,0.382763,-0.039829,-0.382890,-0.923782,-0.004689,-0.038588,0.010923,0.999196,0,-0.22695,0.88042,-13.617,1.761,-1,400.000,-1,375.000,-1,325.000,325.000,300.000,300.000,-1,-1,-1,-1,725.000,725.000,-1,-1,2,0,2,0,2,0,0,0,0,2,2,2,2,0,0,2,2
61,1422.270,-7080.002,-175.230,204.265,-0.910793,0.410925,-0.039950,-0.411078,-0.911588,-0.004698,-0.038348,0.012144,0.999191,0,-0.22917,0.87927,-13.750,1.759,-1,400.000,-1,375.000,-1,325.000,325.000,300.000,300.000,-1,-1,-1,-1,725.000,725.000,-1,-1,2,0,2,0,2,0,0,0,0,2,2,2,2,0,0,2,2
62,1434.748,-7073.911,-174.691,206.021,-0.897758,0.438662,-0.040072,-0.438840,-0.898553,-0.004714,-0.038074,0.013353,0.999186,0,-0.23143,0.87807,-13.886,1.756,-1,400.000,-1,375.000,-1,325.000,325.000,300.000,300.000,-1,-1,-1,-1,725.000,725.000,-1,-1,2,0,2,0,2,0,0,0,0,2,2,2,2,0,0,2,2
63,1447.155,-7067.376,-174.153,207.775,-0.883900,0.465946,-0.040193,-0.466149,-0.884694,-0.004737,-0.037766,0.014549,0.999181,0,-0.23372,0.87682,-14.023,1.754,-1,400.000,-1,375.000,-1,325.000,325.000,300.000,300.000,-1,-1,-1,1000.000,725.000,725.000,-1,-1,2,0,2,0,2,0,0,0,0,2,2,2,1,0,0,2,2
64,1459.479,-7060.397,-173.616,209.526,-0.869235,0.492753,-0.040314,-0.492980,-0.870027,-0.004768,-0.037424,0.015729,0.999176,0,-0.23605,0.87551,-14.163,1.751,-1,400.000,-1,375.000,-1,325.000,325.000,300.000,300.000,-1,-1,-1,925.000,725.000,725.000,-1,-1,2,0,2,0,2,0,0,0,0,2,2,2,1,0,0,2,2
65,1471.705,-7052.971,-173.081,211.274,-0.853783,0.519056,-0.040434,-0.519309,-0.854573,-0.004806,-0.037048,0.016894,0.999171,0,-0.23841,0.87414,-14.305,1.748,-1,400.000,-1,375.000,-1,325.000,325.000,300.000,300.000,-1,-1,-1,875.000,725.000,725.000,-1,-1,2,0,2,0,2,0,0,0,0,2,2,2,1,0,0,2,2
66,1479.696,-7047.825,-172.728,212.782,-0.839813,0.541361,-0.040518,-0.541634,-0.840600,-0.004851,-0.036685,0.017872,0.999167,0,-0.15841,0.75414,-9.505,1.508,-1,400.000,-1,375.000,-1,325.000,325.000,300.000,300.000,-1,-1,-1,850.000,725.000,725.000,-1,-1,2,0,2,0,2,0,0,0,0,2,2,2,1,0,0,2,2
67,1483.594,-7045.191,-172.552,214.051,-0.827617,0.559826,-0.040566,-0.560116,-0.828400,-0.004900,-0.036348,0.018667,0.999165,0,-0.07841,0.63414,-4.705,1.268,-1,400.000,-1,375.000,-1,325.000,325.000,300.000,300.000,-1,-1,-1,825.000,725.000,725.000,-1,-1,2,0,2,0,2,0,0,0,0,2,2,2,1,0,0,2,2
68,1483.516,-7045.246,-172.549,215.079,-0.817431,0.574595,-0.040580,-0.574898,-0.818210,-0.004949,-0.036047,0.019284,0.999164,0,0.00159,0.51414,0.095,1.028,-1,400.000,-1,375.000,-1,325.000,325.000,300.000,300.000,-1,-1,-1,800.000,725.000,725.000,-1,-1,2,0,2,0,2,0,0,0,0,2,2,2,1,0,0,2,2
69,1479.549,-7048.114,-172.717,215.867,-0.809446,0.585793,-0.040558,-0.586103,-0.810221,-0.004997,-0.035788,0.019727,0.999165,0,0.08159,0.39414,4.895,0.788,-1,400.000,-1,375.000,-1,325.000,325.000,300.000,300.000,-1,-1,-1,800.000,725.000,725.000,-1,-1,2,0,2,0,2,0,0,0,0,2,2,2,1,0,0,2,2
70,1471.747,-7053.870,-173.055,216.415,-0.803803,0.593516,-0.040503,-0.593831,-0.804574,-0.005040,-0.035579,0.020001,0.999167,0,0.16159,0.27414,9.695,0.548,-1,400.000,-1,375.000,-1,325.000,325.000,300.000,300.000,-1,-1,-1,775.000,725.000,725.000,-1,-1,2,0,2,0,2,0,0,0,0,2,2,2,1,0,0,2,2
71,1460.128,-7062.537,-173.561,216.724,-0.800600,0.597835,-0.040415,-0.598151,-0.801367,-0.005076,-0.035421,0.020111,0.999170,0,0.24159,0.15414,14.495,0.308,-1,400.000,-1,375.000,-1,325.000,325.000,300.000,300.000,-1,-1,-1,775.000,725.000,725.000,-1,-1,2,0,2,0,2,0,0,0,0,2,2,2,1,0,0,2,2
72,1444.676,-7074.094,-174.236,216.792,-0.799892,0.598790,-0.040294,-0.599104,-0.800655,-0.005103,-0.035317,0.020059,0.999175,0,0.32159,0.03414,19.295,0.068,-1,400.000,-1,375.000,-1,325.000,325.000,300.000,300.000,-1,-1,-1,800.000,725.000,725.000,-1,-1,2,0,2,0,2,0,0,0,0,2,2,2,1,0,0,2,2
73,1425.337,-7088.467,-175.082,216.620,-0.801690,0.596390,-0.040141,-0.596698,-0.802449,-0.005119,-0.035264,0.019848,0.999181,0,0.40159,-0.08586,24.095,-0.172,-1,400.000,-1,375.000,-1,325.000,325.000,300.000,300.000,-1,-1,-1,800.000,725.000,725.000,-1,-1,2,0,2,0,2,0,0,0,0,2,2,2,1,0,0,2,2
74,1402.022,-7105.536,-176.102,216.208,-0.805965,0.590613,-0.039956,-0.590912,-0.806720,-0.005122,-0.035258,0.019482,0.999188,0,0.48159,-0.20586,28.895,-0.412,-1,400.000,-1,375.000,-1,325.000,325.000,300.000,300.000,-1,-1,-1,825.000,725.000,725.000,-1,-1,2,0,2,0,2,0,0,0,0,2,2,2,1,0,0,2,2
75,1374.609,-7125.130,-177.263,215.557,-0.812651,0.581406,-0.039571,-0.581688,-0.813396,-0.005160,-0.035187,0.018825,0.999203,0,0.56159,-0.32586,33.695,-0.652,-1,375.000,-1,375.000,-1,325.000,325.000,300.000,300.000,-1,-1,-1,850.000,725.000,725.000,-1,-1,2,0,2,0,2,0,0,0,0,2,2,2,1,0,0,2,2
76,1342.947,-7147.025,-178.561,214.665,-0.821630,0.568686,-0.038993,-0.568945,-0.822359,-0.005173,-0.035008,0.017935,0.999226,0,0.64159,-0.44586,38.495,-0.892,-1,375.000,-1,375.000,-1,325.000,325.000,300.000,300.000,-1,-1,-1,875.000,725.000,725.000,-1,-1,2,0,2,0,2,0,0,0,0,2,2,2,1,0,0,2,2
77,1309.357,-7169.286,-179.921,213.533,-0.832734,0.552342,-0.038378,-0.552578,-0.833445,-0.005120,-0.034814,0.016944,0.999250,0,0.67161,-0.56586,40.296,-1.132,-1,375.000,-1,375.000,-1,325.000,325.000,300.000,300.000,-1,-1,-1,900.000,725.000,725.000,-1,-1,2,0,2,0,2,0,0,0,0,2,2,2,1,0,0,2,2
78,1273.825,-7191.628,-181.352,212.162,-0.845751,0.532242,-0.037729,-0.532453,-0.846445,-0.005057,-0.034627,0.015811,0.999275,0,0.69954,-0.68586,41.972,-1.372,-1,375.000,-1,375.000,-1,325.000,325.000,300.000,300.000,-1,-1,-1,925.000,725.000,725.000,-1,-1,2,0,2,0,2,0,0,0,0,2,2,2,1,0,0,2,2
79,1237.641,-7212.984,-182.803,210.550,-0.860421,0.508234,-0.037069,-0.508417,-0.861096,-0.005001,-0.034462,0.014544,0.999300,0,0.70029,-0.80586,42.017,-1.612,-1,375.000,1000.000,375.000,-1,325.000,325.000,300.000,300.000,-1,-1,-1,950.000,700.000,725.000,-1,-1,2,0,1,0,2,0,0,0,0,2,2,2,1,0,0,2,2
80,1200.731,-7233.190,-184.241,208.698,-0.876422,0.480152,-0.036572,-0.480311,-0.877085,-0.004892,-0.034426,0.013279,0.999319,0,0.70132,-0.92586,42.079,-1.852,-1,375.000,975.000,375.000,-1,325.000,325.000,300.000,300.000,-1,-1,-1,1000.000,700.000,725.000,-1,-1,2,0,1,0,2,0,0,0,0,2,2,2,1,0,0,2,2
81,1163.069,-7252.130,-185.685,206.698,-0.892671,0.449258,-0.036135,-0.449392,-0.893322,-0.004777,-0.034426,0.011974,0.999336,0,0.70259,-1.00000,42.156,-2.000,-1,375.000,925.000,375.000,-1,325.000,325.000,300.000,300.000,-1,-1,-1,-1,700.000,700.000,-1,-1,2,0,1,0,2,0,0,0,0,2,2,2,2,0,0,2,2
82,1124.694,-7269.779,-187.045,204.698,-0.907835,0.417812,-0.035605,-0.417933,-0.908467,-0.004328,-0.034154,0.010951,0.999357,0,0.70399,-1.00000,42.239,-2.000,-1,375.000,900.000,375.000,-1,325.000,325.000,300.000,300.000,-1,-1,-1,-1,700.000,700.000,950.000,-1,2,0,1,0,2,0,0,0,0,2,2,2,2,0,0,1,2
83,1085.651,-7286.110,-188.400,202.698,-0.921894,0.385857,-0.035018,-0.385967,-0.922505,-0.003807,-0.033773,0.010006,0.999379,0,0.70533,-1.00000,42.320,-2.000,-1,375.000,900.000,400.000,-1,325.000,325.000,300.000,300.000,-1,-1,-1,-1,700.000,700.000,850.000,-1,2,0,1,0,2,0,0,0,0,2,2,2,2,1,0,1,2
84,1041.580,-7302.782,-189.923,200.722,-0.934681,0.353826,-0.034333,-0.353927,-0.935267,-0.003269,-0.033267,0.009096,0.999405,0,0.78533,-0.98787,47.120,-1.976,975.000,375.000,875.000,400.000,-1,325.000,325.000,300.000,300.000,-1,-1,-1,-1,625.000,700.000,775.000,-1,1,0,1,0,2,0,0,0,0,2,2,2,2,1,0,1,2
85,996.132,-7318.214,-191.487,198.755,-0.946310,0.321509,-0.033606,-0.321601,-0.946871,-0.002770,-0.032712,0.008186,0.999431,0,0.79993,-0.98377,47.996,-1.968,850.000,375.000,875.000,400.000,-1,325.000,325.000,300.000,300.000,-1,-1,-1,-1,575.000,700.000,700.000,-1,1,0,1,0,2,0,0,0,0,2,2,2,2,1,0,1,2
86,949.888,-7332.173,-193.073,196.797,-0.956774,0.288970,-0.032851,-0.289052,-0.957311,-0.002323,-0.032120,0.007273,0.999458,0,0.80509,-0.97905,48.305,-1.958,750.000,375.000,900.000,375.000,-1,325.000,325.000,300.000,300.000,-1,-1,-1,-1,525.000,700.000,625.000,-1,1,0,1,0,2,0,0,0,0,2,2,2,2,1,0,1,2
87,902.916,-7344.627,-194.679,194.849,-0.966072,0.256273,-0.032073,-0.256344,-0.966584,-0.001933,-0.031497,0.006354,0.999484,0,0.80992,-0.97372,48.595,-1.947,650.000,375.000,925.000,375.000,-1,325.000,325.000,300.000,300.000,-1,1000.000,975.000,-1,500.000,700.000,550.000,-1,1,1,1,0,2,1,0,0,0,2,0,0,2,1,0,1,2
88,855.291,-7355.546,-196.300,192.914,-0.974205,0.223482,-0.031297,-0.223543,-0.974693,-0.001592,-0.030861,0.005445,0.999509,0,0.81434,-0.96773,48.860,-1.935,550.000,350.000,950.000,375.000,-1,325.000,325.000,300.000,300.000,-1,975.000,950.000,-1,475.000,700.000,500.000,975.000,1,1,1,0,2,1,0,0,0,2,0,0,2,1,0,1,1
89,807.095,-7364.907,-197.914,190.992,-0.981178,0.190664,-0.030607,-0.190717,-0.981644,-0.001237,-0.030281,0.004624,0.999531,0,0.81828,-0.96108,49.097,-1.922,475.000,350.000,975.000,375.000,975.000,325.000,325.000,300.000,300.000,-1,950.000,925.000,-1,450.000,700.000,425.000,925.000,1,1,1,0,1,1,0,0,0,2,0,0,2,1,0,1,1
90,753.909,-7373.626,-199.689,189.310,-0.986377,0.161767,-0.029856,-0.161813,-0.986821,-0.000863,-0.029602,0.003979,0.999554,0,0.89828,-0.84108,53.897,-1.682,400.000,325.000,975.000,375.000,950.000,325.000,300.000,300.000,300.000,-1,925.000,900.000,-1,425.000,675.000,375.000,900.000,1,1,1,0,1,1,0,0,0,2,0,0,2,1,0,1,1
91,698.875,-7381.231,-201.518,187.867,-0.990160,0.136880,-0.029097,-0.136923,-0.990582,-0.000512,-0.028893,0.003477,0.999576,0,0.92594,-0.72108,55.557,-1.442,325.000,300.000,1000.000,375.000,900.000,300.000,300.000,300.000,300.000,-1,925.000,900.000,-1,400.000,675.000,325.000,850.000,1,1,1,0,1,0,0,0,0,2,0,0,2,1,0,1,1
92,643.518,-7387.700,-203.014,186.665,-0.992851,0.116067,-0.027840,-0.116074,-0.993240,-0.001377,-0.027812,0.001864,0.999611,0,0.92889,-0.60108,55.733,-1.202,275.000,300.000,975.000,375.000,875.000,300.000,300.000,300.000,300.000,-1,900.000,875.000,-1,375.000,675.000,250.000,800.000,1,1,1,0,1,0,0,0,0,2,0,0,2,1,1,1,1
93,587.916,-7393.253,-202.161,185.703,-0.994838,0.099369,-0.020551,-0.099535,-0.995008,0.007218,-0.019731,0.009226,0.999763,0,0.93133,-0.48108,55.880,-0.962,225.000,300.000,950.000,375.000,825.000,325.000,325.000,325.000,300.000,-1,625.000,550.000,-1,375.000,650.000,225.000,775.000,1,1,1,0,1,0,0,0,0,2,0,0,2,1,1,1,1
94,532.132,-7398.117,-199.905,184.981,-0.996184,0.086802,-0.009074,-0.086981,-0.995973,0.021734,-0.007151,0.022441,0.999723,0,0.93327,-0.36108,55.996,-0.722,200.000,300.000,950.000,400.000,800.000,350.000,350.000,350.000,300.000,-1,425.000,325.000,-1,400.000,650.000,200.000,750.000,1,1,1,0,1,0,0,0,0,2,0,0,2,1,1,1,1
95,476.221,-7402.522,-197.626,184.499,-0.996919,0.078387,0.002695,-0.078239,-0.996278,0.036169,0.005520,0.035847,0.999342,0,0.93474,-0.24108,56.084,-0.482,175.000,325.000,950.000,425.000,750.000,375.000,375.000,400.000,300.000,-1,350.000,225.000,-1,400.000,625.000,200.000,700.000,1,1,1,0,1,0,0,0,0,2,0,0,2,1,1,1,1
96,416.387,-7406.985,-195.088,184.257,-0.997127,0.074128,0.015598,-0.073228,-0.995959,0.051990,0.019389,0.050698,0.998526,0,1.00000,-0.12108,60.000,-0.242,175.000,325.000,950.000,475.000,700.000,400.000,400.000,425.000,275.000,-1,300.000,150.000,825.000,400.000,600.000,175.000,675.000,1,1,1,1,1,0,0,0,0,2,0,0,0,1,1,1,1
97,356.552,-7411.451,-192.358,184.254,-0.996837,0.074022,0.028912,-0.071894,-0.995041,0.068739,0.033857,0.066443,0.997216,0,1.00000,-0.00108,60.000,-0.002,150.000,325.000,950.000,450.000,650.000,425.000,425.000,500.000,275.000,-1,250.000,100.000,650.000,425.000,575.000,175.000,625.000,1,1,1,1,1,1,1,0,0,2,0,0,0,1,1,1,1
98,296.737,-7416.172,-189.335,184.492,-0.996034,0.078051,0.042723,-0.074115,-0.993444,0.087036,0.049236,0.083524,0.995289,0,1.00000,0.11892,60.000,0.238,125.000,350.000,950.000,425.000,600.000,425.000,400.000,500.000,250.000,-1,225.000,75.000,500.000,400.000,550.000,150.000,600.000,1,1,1,1,1,1,1,1,0,2,0,0,0,1,1,1,1
99,236.963,-7421.399,-185.900,184.970,-0.994642,0.086180,0.057107,-0.079688,-0.990998,0.107577,0.065864,0.102450,0.992555,0,1.00000,0.23892,60.000,0.478,125.000,325.000,-1,425.000,550.000,400.000,400.000,400.000,250.000,-1,200.000,50.000,400.000,400.000,525.000,150.000,550.000,1,1,2,1,1,1,1,1,0,2,0,0,0,1,1,1,1
100,177.260,-7427.385,-181.929,185.688,-0.992537,0.098348,0.072094,-0.088317,-0.987424,0.131129,0.084083,0.123783,0.988740,0,1.00000,0.35892,60.000,0.718,100.000,325.000,-1,400.000,500.000,375.000,375.000,325.000,250.000,-1,175.000,50.000,325.000,375.000,525.000,125.000,500.000,1,1,2,1,1,1,1,1,0,2,0,0,0,1,1,1,1
101,117.666,-7434.383,-177.288,186.646,-0.989558,0.114454,0.087610,-0.099584,-0.982322,0.158512,0.104204,0.148132,0.983462,0,1.00000,0.47892,60.000,0.958,100.000,300.000,-1,375.000,425.000,375.000,375.000,300.000,225.000,-1,175.000,25.000,250.000,375.000,500.000,125.000,475.000,1,1,2,1,1,1,1,1,0,2,0,0,0,1,1,1,1
102,2295.767,8855.080,171.402,-133.168,-0.683525,0.728848,0.039671,-0.729694,-0.683669,-0.011939,0.018420,-0.037108,0.999141,1,0.00000,0.00000,60.000,1.198,-1,375.000,-1,375.000,-1,325.000,325.000,300.000,325.000,-1,-1,-1,-1,725.000,700.000,-1,-1,2,0,2,0,2,0,0,0,0,2,2,2,2,0,0,2,2
103,2299.037,8858.594,171.300,-132.928,-0.680469,0.731703,0.039655,-0.732550,-0.680608,-0.011983,0.018222,-0.037203,0.999142,0,-0.08000,0.12000,-4.800,0.240,-1,375.000,-1,375.000,-1,325.000,325.000,300.000,325.000,-1,-1,-1,-1,725.000,700.000,-1,-1,2,0,2,0,2,0,0,0,0,2,2,2,2,0,0,2,2
104,2305.516,8865.678,171.102,-132.448,-0.674322,0.737374,0.039623,-0.738222,-0.674450,-0.012067,0.017826,-0.037388,0.999142,0,-0.16000,0.24000,-9.600,0.480,-1,375.000,-1,375.000,-1,325.000,325.000,300.000,325.000,-1,-1,-1,-1,725.000,700.000,-1,-1,2,0,2,0,2,0,0,0,0,2,2,2,2,0,0,2,2
105,2315.101,8876.425,170.820,-131.728,-0.665011,0.745784,0.039571,-0.746634,-0.665125,-0.012146,0.017261,-0.037623,0.999143,0,-0.24000,0.36000,-14.400,0.720,-1,375.000,-1,375.000,-1,325.000,325.000,300.000,325.000,-1,-1,-1,-1,725.000,700.000,-1,-1,2,0,2,0,2,0,0,0,0,2,2,2,2,0,0,2,2
106,2327.639,8890.966,170.482,-130.768,-0.652433,0.756817,0.039483,-0.757665,-0.652531,-0.012127,0.016586,-0.037827,0.999147,0,-0.32000,0.48000,-19.200,0.960,-1,375.000,-1,375.000,-1,325.000,325.000,300.000,325.000,-1,-1,-1,-1,725.000,700.000,-1,-1,2,0,2,0,2,0,0,0,0,2,2,2,2,0,0,2,2
107,2341.308,8907.509,170.125,-129.568,-0.636452,0.770310,0.039391,-0.771155,-0.636532,-0.012102,0.015752,-0.038079,0.999151,0,-0.35766,0.60000,-21.459,1.200,-1,375.000,-1,375.000,-1,325.000,325.000,300.000,325.000,-1,-1,-1,-1,725.000,725.000,-1,-1,2,0,2,0,2,0,0,0,0,2,2,2,2,0,0,2,2
108,2354.664,8924.524,169.789,-128.128,-0.616908,0.786053,0.039310,-0.786897,-0.616966,-0.012072,0.014764,-0.038380,0.999154,0,-0.36051,0.72000,-21.631,1.440,-1,400.000,-1,375.000,-1,325.000,325.000,300.000,325.000,-1,-1,-1,-1,725.000,725.000,-1,-1,2,0,2,0,2,0,0,0,0,2,2,2,2,0,0,2,2
109,2367.618,8942.063,169.477,-126.448,-0.593614,0.803793,0.039235,-0.804635,-0.593648,-0.012035,0.013618,-0.038714,0.999158,0,-0.36341,0.84000,-21.804,1.680,-1,400.000,-1,375.000,-1,325.000,325.000,300.000,325.000,-1,-1,-1,-1,725.000,725.000,-1,-1,2,0,2,0,2,0,0,0,0,2,2,2,2,0,0,2,2
110,2380.077,8960.172,169.194,-124.528,-0.566370,0.823220,0.039163,-0.824059,-0.566377,-0.011990,0.012311,-0.039063,0.999161,0,-0.36633,0.96000,-21.980,1.920,-1,400.000,-1,375.000,-1,325.000,325.000,300.000,325.000,-1,-1,-1,-1,750.000,725.000,-1,-1,2,0,2,0,2,0,0,0,0,2,2,2,2,0,0,2,2
111,2391.995,8978.851,168.941,-122.538,-0.537460,0.842383,0.039087,-0.843218,-0.537439,-0.011937,0.010951,-0.039374,0.999165,0,-0.36928,0.99511,-22.157,1.990,-1,400.000,-1,375.000,-1,325.000,325.000,300.000,300.000,-1,-1,-1,-1,750.000,725.000,-1,-1,2,0,2,0,2,0,0,0,0,2,2,2,2,0,0,2,2
112,2403.347,8998.085,168.720,-120.548,-0.507913,0.860525,0.039003,-0.861355,-0.507864,-0.011877,0.009588,-0.039628,0.999169,0,-0.37224,0.99480,-22.334,1.990,-1,400.000,-1,375.000,-1,325.000,325.000,300.000,300.000,-1,-1,-1,-1,750.000,725.000,-1,-1,2,0,2,0,2,0,0,0,0,2,2,2,2,0,0,2,2
113,2414.109,9017.857,168.530,-118.559,-0.477757,0.877630,0.038911,-0.878453,-0.477682,-0.011811,0.008222,-0.039824,0.999173,0,-0.37518,0.99469,-22.511,1.989,-1,400.000,-1,375.000,-1,325.000,325.000,300.000,300.000,-1,-1,-1,-1,750.000,725.000,-1,-1,2,0,2,0,2,0,0,0,0,2,2,2,2,0,0,2,2
114,2424.256,9038.147,168.371,-116.569,-0.447025,0.893679,0.038807,-0.894495,-0.446923,-0.011739,0.006853,-0.039960,0.999178,0,-0.37810,0.99476,-22.686,1.990,-1,400.000,-1,375.000,-1,325.000,325.000,300.000,300.000,-1,-1,-1,-1,750.000,725.000,-1,-1,2,0,2,0,2,0,0,0,0,2,2,2,2,0,0,2,2
115,2433.764,9058.935,168.241,-114.579,-0.415746,0.908658,0.038676,-0.909464,-0.415619,-0.011665,0.005475,-0.040024,0.999184,0,-0.38098,0.99503,-22.859,1.990,-1,400.000,-1,375.000,-1,325.000,325.000,300.000,300.000,-1,-1,-1,-1,775.000,725.000,-1,-1,2,0,2,0,2,0,0,0,0,2,2,2,2,0,0,2,2
116,2440.771,9075.579,168.163,-112.829,-0.387824,0.920926,0.038572,-0.921723,-0.387674,-0.011601,0.004270,-0.040051,0.999188,0,-0.30098,0.87503,-18.059,1.750,-1,400.000,-1,375.000,-1,325.000,325.000,300.000,300.000,-1,-1,-1,-1,775.000,725.000,-1,-1,2,0,2,0,2,0,0,0,0,2,2,2,2,0,0,2,2
117,2445.592,9087.931,168.122,-111.319,-0.363440,0.930822,0.038496,-0.931612,-0.363271,-0.011547,0.003236,-0.040060,0.999192,0,-0.22098,0.75503,-13.259,1.510,-1,400.000,-1,400.000,-1,325.000,325.000,300.000,300.000,-1,-1,-1,-1,775.000,725.000,-1,-1,2,0,2,0,2,0,0,0,0,2,2,2,2,0,0,2,2
118,2448.492,9095.878,168.105,-110.049,-0.342735,0.938645,0.038452,-0.939429,-0.342550,-0.011505,0.002372,-0.040067,0.999194,0,-0.14098,0.63503,-8.459,1.270,-1,400.000,-1,400.000,-1,325.000,325.000,300.000,300.000,-1,-1,-1,-1,775.000,725.000,-1,-1,2,0,2,0,2,0,0,0,0,2,2,2,2,0,0,2,2
119,2449.684,9099.337,168.101,-109.019,-0.325819,0.944650,0.038442,-0.945431,-0.325621,-0.011476,0.001676,-0.040083,0.999195,0,-0.06098,0.51503,-3.659,1.030,-1,400.000,-1,400.000,-1,325.000,325.000,300.000,300.000,-1,-1,-1,-1,775.000,725.000,-1,-1,2,0,2,0,2,0,0,0,0,2,2,2,2,0,0,2,2
120,2449.327,9098.253,168.106,-108.229,-0.312772,0.949049,0.038467,-0.949828,-0.312564,-0.011460,0.001147,-0.040121,0.999194,0,0.01902,0.39503,1.141,0.790,-1,400.000,-1,400.000,-1,325.000,325.000,300.000,300.000,-1,-1,-1,-1,775.000,725.000,-1,-1,2,0,2,0,2,0,0,0,0,2,2,2,2,0,0,2,2
121,2447.523,9092.592,168.113,-107.679,-0.303653,0.952003,0.038529,-0.952782,-0.303438,-0.011458,0.000783,-0.040189,0.999192,0,0.09902,0.27503,5.941,0.550,-1,400.000,-1,400.000,-1,325.000,325.000,300.000,300.000,-1,-1,-1,-1,775.000,725.000,-1,-1,2,0,2,0,2,0,0,0,0,2,2,2,2,0,0,2,2
122,2444.317,9082.341,168.116,-107.369,-0.298501,0.953628,0.038599,-0.954409,-0.298281,-0.011480,0.000566,-0.040266,0.999189,0,0.17902,0.15503,10.741,0.310,-1,400.000,-1,400.000,-1,325.000,325.000,300.000,300.000,-1,-1,-1,-1,775.000,725.000,-1,-1,2,0,2,0,2,0,0,0,0,2,2,2,2,0,0,2,2
123,2439.696,9067.503,168.118,-107.299,-0.297337,0.953988,0.038693,-0.954773,-0.297114,-0.011522,0.000504,-0.040369,0.999185,0,0.25902,0.03503,15.541,0.070,-1,400.000,-1,400.000,-1,325.000,325.000,300.000,300.000,-1,-1,-1,-1,775.000,725.000,-1,-1,2,0,2,0,2,0,0,0,0,2,2,2,2,0,0,2,2
124,2433.589,9048.100,168.124,-107.469,-0.300163,0.953098,0.038821,-0.953888,-0.299940,-0.011579,0.000608,-0.040506,0.999179,0,0.33902,-0.08497,20.341,-0.170,-1,400.000,-1,400.000,-1,325.000,325.000,300.000,300.000,-1,-1,-1,-1,775.000,725.000,-1,-1,2,0,2,0,2,0,0,0,0,2,2,2,2,0,0,2,2
125,2425.871,9024.173,168.135,-107.879,-0.306969,0.950922,0.038962,-0.951719,-0.306750,-0.011616,0.000906,-0.040647,0.999173,0,0.41902,-0.20497,25.141,-0.410,-1,400.000,-1,400.000,-1,325.000,325.000,300.000,300.000,-1,-1,-1,-1,775.000,725.000,-1,-1,2,0,2,0,2,0,0,0,0,2,2,2,2,0,0,2,2
126,2416.356,8995.783,168.167,-108.529,-0.317726,0.947374,0.039145,-0.948181,-0.317515,-0.011664,0.001379,-0.040822,0.999165,0,0.49902,-0.32497,29.941,-0.650,-1,400.000,-1,375.000,-1,325.000,325.000,300.000,300.000,-1,-1,-1,-1,775.000,725.000,-1,-1,2,0,2,0,2,0,0,0,0,2,2,2,2,0,0,2,2
127,2404.828,8963.011,168.235,-109.380,-0.331758,0.942543,0.039372,-0.943362,-0.331557,-0.011720,0.002007,-0.041030,0.999156,0,0.57902,-0.42578,34.741,-0.852,-1,400.000,-1,375.000,-1,325.000,325.000,300.000,300.000,-1,-1,-1,-1,775.000,725.000,-1,-1,2,0,2,0,2,0,0,0,0,2,2,2,2,0,0,2,2
128,2391.152,8925.910,168.343,-110.235,-0.345771,0.937481,0.039647,-0.938315,-0.345581,-0.011771,0.002666,-0.041271,0.999144,0,0.65902,-0.42748,39.541,-0.855,-1,400.000,-1,375.000,-1,325.000,325.000,300.000,300.000,-1,-1,-1,-1,750.000,725.000,-1,-1,2,0,2,0,2,0,0,0,0,2,2,2,2,0,0,2,2
129,2375.193,8884.540,168.504,-111.094,-0.359768,0.932185,0.039980,-0.933036,-0.359589,-0.011817,0.003361,-0.041555,0.999131,0,0.73902,-0.42941,44.341,-0.859,-1,400.000,-1,375.000,-1,325.000,325.000,300.000,300.000,-1,-1,-1,-1,750.000,725.000,-1,-1,2,0,2,0,2,0,0,0,0,2,2,2,2,0,0,2,2
130,2356.819,8838.963,168.728,-111.957,-0.373751,0.926649,0.040385,-0.927520,-0.373586,-0.011862,0.004096,-0.041891,0.999114,0,0.81902,-0.43156,49.141,-0.863,-1,400.000,-1,375.000,-1,325.000,325.000,300.000,300.000,-1,-1,-1,-1,750.000,700.000,-1,1000.000,2,0,2,0,2,0,0,0,0,2,2,2,2,0,0,2,1
131,2337.498,8793.056,169.005,-112.825,-0.387725,0.920870,0.040837,-0.921762,-0.387573,-0.011907,0.004862,-0.042258,0.999095,0,0.83011,-0.43396,49.806,-0.868,1000.000,400.000,-1,375.000,1000.000,325.000,325.000,300.000,300.000,-1,-1,-1,-1,750.000,700.000,975.000,950.000,1,0,2,0,1,0,0,0,0,2,2,2,2,0,0,1,1
132,2317.347,8747.147,169.335,-113.698,-0.401685,0.914845,0.041334,-0.915760,-0.401547,-0.011957,0.005659,-0.042655,0.999074,0,0.83561,-0.43635,50.137,-0.873,925.000,400.000,-1,375.000,950.000,325.000,325.000,300.000,300.000,-1,-1,-1,-1,750.000,700.000,925.000,900.000,1,0,2,0,1,0,0,0,0,2,2,2,2,0,0,1,1
133,2296.357,8701.248,169.720,-114.575,-0.415625,0.908571,0.041881,-0.909513,-0.415502,-0.012014,0.006486,-0.043084,0.999050,0,0.84118,-0.43872,50.471,-0.877,875.000,400.000,-1,375.000,900.000,325.000,325.000,300.000,300.000,-1,-1,-1,-1,750.000,700.000,875.000,875.000,1,0,2,0,1,0,0,0,0,2,2,2,2,0,1,1,1
134,2274.518,8655.372,170.136,-115.457,-0.429535,0.902044,0.042609,-0.903020,-0.429430,-0.012051,0.007427,-0.043653,0.999019,0,0.84681,-0.44108,50.809,-0.882,825.000,400.000,-1,375.000,875.000,325.000,325.000,300.000,300.000,-1,-1,-1,-1,725.000,675.000,850.000,825.000,1,0,2,0,1,0,0,0,0,2,2,2,2,0,1,1,1
