timestep,x_cm,y_cm,z_cm,yaw_deg,basis_xx,basis_xy,basis_xz,basis_yx,basis_yy,basis_yz,basis_zx,basis_zy,basis_zz,teleport_flag,throttle_cmd,steering_cmd,cmd_move_cm,cmd_turn_deg,lidar_cm_0,lidar_cm_1,lidar_cm_2,lidar_cm_3,lidar_cm_4,lidar_cm_5,lidar_cm_6,lidar_cm_7,lidar_cm_8,lidar_cm_9,lidar_cm_10,lidar_cm_11,lidar_cm_12,lidar_cm_13,lidar_cm_14,lidar_cm_15,lidar_cm_16,lidar_class_0,lidar_class_1,lidar_class_2,lidar_class_3,lidar_class_4,lidar_class_5,lidar_class_6,lidar_class_7,lidar_class_8,lidar_class_9,lidar_class_10,lidar_class_11,lidar_class_12,lidar_class_13,lidar_class_14,lidar_class_15,lidar_class_16
0,-4921.316,2947.255,-312.023,-112.398,-0.381388,0.924237,-0.018116,-0.924266,-0.380901,0.025445,0.016617,0.026449,0.999512,1,0.08000,-0.12000,4.800,-0.240,-1,375.000,850.000,275.000,325.000,275.000,250.000,275.000,400.000,-1,275.000,375.000,-1,650.000,350.000,-1,300.000,2,1,1,1,1,1,1,0,0,2,0,0,2,1,1,2,1
1,-4925.036,2938.405,-311.731,-112.801,-0.387884,0.921566,-0.016212,-0.921540,-0.387416,0.025952,0.017635,0.025006,0.999532,0,0.16000,-0.20179,9.600,-0.404,-1,375.000,825.000,250.000,325.000,275.000,250.000,275.000,400.000,-1,275.000,350.000,-1,650.000,350.000,-1,300.000,2,1,1,1,1,1,1,0,0,2,0,0,2,1,1,2,1
2,-4930.711,2925.170,-311.248,-113.205,-0.394352,0.918865,-0.013156,-0.918752,-0.393918,0.026880,0.019517,0.022688,0.999552,0,0.24000,-0.20176,14.400,-0.404,-1,375.000,825.000,250.000,325.000,275.000,225.000,275.000,400.000,-1,250.000,350.000,-1,650.000,350.000,-1,300.000,2,1,1,1,1,1,1,0,0,2,0,0,2,1,1,2,1
3,-4938.401,2907.577,-310.559,-113.609,-0.400789,0.916127,-0.008851,-0.915898,-0.400417,0.028228,0.022317,0.019420,0.999562,0,0.32000,-0.20204,19.200,-0.404,-1,350.000,800.000,250.000,325.000,275.000,225.000,275.000,425.000,-1,225.000,325.000,-1,625.000,350.000,-1,300.000,2,1,1,1,1,1,1,0,0,2,0,0,2,1,1,2,1
4,-4948.169,2885.655,-309.647,-114.014,-0.407185,0.913340,-0.003166,-0.912972,-0.406918,0.029999,0.026112,0.015106,0.999545,0,0.40000,-0.20266,24.000,-0.405,-1,350.000,800.000,250.000,325.000,275.000,225.000,275.000,425.000,-1,200.000,300.000,-1,625.000,350.000,-1,275.000,2,1,1,1,1,1,1,0,0,2,0,0,2,1,1,2,1
5,-4960.078,2859.432,-308.486,-114.422,-0.413519,0.910486,0.004061,-0.909968,-0.413427,0.032200,0.030997,0.009620,0.999473,0,0.48000,-0.20363,28.800,-0.407,-1,350.000,800.000,250.000,300.000,250.000,225.000,275.000,450.000,-1,150.000,275.000,-1,600.000,325.000,-1,275.000,2,1,1,1,1,1,1,0,0,2,0,0,2,1,1,2,1
6,-4974.189,2828.938,-307.046,-114.831,-0.419757,0.907543,0.013026,-0.906879,-0.419949,0.034841,0.037090,0.002812,0.999308,0,0.56000,-0.20499,33.600,-0.410,-1,350.000,800.000,250.000,300.000,250.000,225.000,275.000,475.000,875.000,125.000,250.000,-1,600.000,325.000,-1,275.000,2,1,1,1,1,1,1,0,0,0,0,0,2,1,1,2,1
7,-4990.568,2794.205,-305.290,-115.245,-0.425847,0.904478,0.023961,-0.903699,-0.426485,0.037933,0.044528,-0.005500,0.998993,0,0.64000,-0.20681,38.400,-0.414,-1,325.000,800.000,225.000,275.000,250.000,225.000,250.000,500.000,725.000,100.000,225.000,-1,575.000,325.000,-1,250.000,2,1,1,1,1,1,1,0,0,0,0,0,2,1,1,2,1
8,-5009.277,2755.266,-303.042,-115.663,-0.431757,0.901252,0.036476,-0.900429,-0.433035,0.041337,0.053050,-0.014997,0.998479,0,0.72000,-0.20916,43.200,-0.418,-1,325.000,800.000,225.000,275.000,250.000,200.000,250.000,525.000,625.000,100.000,200.000,-1,575.000,300.000,-1,250.000,2,1,1,1,1,1,1,0,0,0,0,0,2,1,1,2,1
9,-5030.386,2712.154,-299.488,-116.088,-0.437466,0.897889,0.049173,-0.896850,-0.439633,0.048817,0.065450,-0.022745,0.997597,0,0.80000,-0.21216,48.000,-0.424,-1,325.000,825.000,225.000,250.000,250.000,200.000,250.000,575.000,525.000,75.000,200.000,-1,575.000,325.000,-1,225.000,2,1,1,1,1,1,1,0,0,0,0,0,2,1,1,2,1
10,-2295.762,327.966,-85.157,-120.838,-0.512615,0.858561,-0.009979,-0.858618,-0.512567,0.007097,0.000979,0.012206,0.999925,1,0.00000,0.00000,52.800,-0.432,-1,400.000,-1,400.000,-1,325.000,325.000,300.000,325.000,-1,-1,-1,-1,725.000,775.000,-1,-1,2,0,2,0,2,0,0,0,0,2,2,2,2,0,0,2,2
11,-2298.205,323.834,-85.155,-120.598,-0.509014,0.860700,-0.010020,-0.860757,-0.508966,0.007094,0.001006,0.012236,0.999925,0,0.08000,0.12000,4.800,0.240,-1,400.000,-1,400.000,-1,325.000,325.000,300.000,325.000,-1,-1,-1,-1,725.000,775.000,-1,-1,2,0,2,0,2,0,0,0,0,2,2,2,2,0,0,2,2
12,-2303.031,315.535,-85.147,-120.181,-0.502738,0.864380,-0.010102,-0.864438,-0.502689,0.007085,0.001046,0.012295,0.999924,0,0.16000,0.20847,9.600,0.417,-1,400.000,-1,400.000,-1,325.000,325.000,300.000,325.000,-1,-1,-1,-1,725.000,775.000,-1,-1,2,0,2,0,2,0,0,0,0,2,2,2,2,0,0,2,2
13,-2310.180,303.035,-85.128,-119.765,-0.496453,0.868003,-0.010229,-0.868063,-0.496404,0.007064,0.001054,0.012386,0.999923,0,0.24000,0.20783,14.400,0.416,-1,400.000,-1,400.000,-1,325.000,325.000,300.000,300.000,-1,-1,-1,-1,725.000,775.000,-1,-1,2,0,2,0,2,0,0,0,0,2,2,2,2,0,0,2,2
14,-2319.591,286.300,-85.094,-119.351,-0.490172,0.871564,-0.010395,-0.871625,-0.490123,0.007029,0.001032,0.012506,0.999921,0,0.32000,0.20687,19.200,0.414,-1,400.000,-1,400.000,-1,325.000,325.000,300.000,300.000,-1,-1,-1,-1,725.000,775.000,-1,-1,2,0,2,0,2,0,0,0,0,2,2,2,2,0,0,2,2
15,-2331.204,265.297,-85.045,-118.940,-0.483904,0.875057,-0.010597,-0.875121,-0.483854,0.006979,0.000980,0.012651,0.999919,0,0.40000,0.20559,24.000,0.411,-1,400.000,-1,400.000,-1,325.000,325.000,325.000,300.000,-1,-1,-1,-1,725.000,775.000,-1,-1,2,0,2,0,2,0,0,0,0,2,2,2,2,0,0,2,2
16,-2344.961,239.994,-84.976,-118.532,-0.477659,0.878478,-0.010829,-0.878545,-0.477610,0.006912,0.000900,0.012815,0.999917,0,0.48000,0.20400,28.800,0.408,-1,400.000,-1,400.000,-1,325.000,325.000,325.000,300.000,-1,-1,-1,-1,725.000,775.000,-1,-1,2,0,2,0,2,0,0,0,0,2,2,2,2,0,0,2,2
17,-2360.801,210.363,-84.885,-118.128,-0.471449,0.881824,-0.011084,-0.881893,-0.471400,0.006828,0.000796,0.012994,0.999915,0,0.56000,0.20208,33.600,0.404,-1,400.000,-1,400.000,-1,325.000,325.000,325.000,300.000,-1,-1,-1,-1,725.000,775.000,-1,-1,2,0,2,0,2,0,0,0,0,2,2,2,2,0,0,2,2
18,-2378.668,176.372,-84.768,-117.728,-0.465285,0.885088,-0.011357,-0.885161,-0.465237,0.006725,0.000669,0.013182,0.999913,0,0.64000,0.19983,38.400,0.400,-1,375.000,-1,400.000,-1,325.000,325.000,325.000,300.000,-1,-1,-1,-1,725.000,750.000,-1,-1,2,0,2,0,2,0,0,0,0,2,2,2,2,0,0,2,2
19,-2396.403,142.058,-84.720,-117.333,-0.459168,0.888278,-0.011253,-0.888349,-0.459121,0.006582,0.000680,0.013019,0.999915,0,0.64377,0.19762,38.626,0.395,-1,375.000,-1,400.000,-1,325.000,325.000,325.000,300.000,-1,-1,-1,-1,725.000,750.000,-1,-1,2,0,2,0,2,0,0,0,0,2,2,2,2,0,0,2,2
20,-2413.902,107.623,-84.683,-116.938,-0.453029,0.891427,-0.011034,-0.891495,-0.452985,0.006420,0.000725,0.012746,0.999919,0,0.64377,0.19762,38.626,0.395,-1,375.000,-1,375.000,-1,325.000,325.000,325.000,300.000,-1,-1,-1,-1,725.000,750.000,-1,-1,2,0,2,0,2,0,0,0,0,2,2,2,2,0,0,2,2
21,-2431.163,73.068,-84.603,-116.542,-0.446871,0.894533,-0.010863,-0.894598,-0.446826,0.006415,0.000885,0.012585,0.999920,0,0.64377,0.19762,38.626,0.395,-1,375.000,-1,375.000,-1,325.000,325.000,325.000,300.000,-1,-1,-1,-1,700.000,750.000,-1,-1,2,0,2,0,2,0,0,0,0,2,2,2,2,0,0,2,2
22,-2448.185,38.394,-84.440,-116.147,-0.440694,0.897592,-0.010829,-0.897657,-0.440644,0.006750,0.001287,0.012695,0.999919,0,0.64377,0.19762,38.626,0.395,-1,375.000,-1,375.000,-1,325.000,325.000,325.000,300.000,-1,-1,-1,-1,700.000,750.000,-1,-1,2,0,2,0,2,0,0,0,0,2,2,2,2,0,0,2,2
23,-2464.967,3.604,-84.263,-115.752,-0.434496,0.900609,-0.010787,-0.900672,-0.434441,0.007103,0.001710,0.012802,0.999917,0,0.64377,0.19762,38.626,0.395,-1,375.000,-1,375.000,-1,300.000,300.000,325.000,300.000,-1,-1,-1,-1,700.000,750.000,-1,-1,2,0,2,0,2,0,0,0,0,2,2,2,2,0,0,2,2
24,-2481.509,-31.301,-84.071,-115.357,-0.428278,0.903583,-0.010738,-0.903645,-0.428218,0.007474,0.002155,0.012904,0.999914,0,0.64377,0.19762,38.626,0.395,-1,375.000,-1,375.000,-1,300.000,300.000,325.000,325.000,-1,-1,-1,-1,700.000,750.000,-1,-1,2,0,2,0,2,0,0,0,0,2,2,2,2,0,0,2,2
25,-2497.809,-66.319,-83.865,-114.962,-0.422039,0.906515,-0.010685,-0.906574,-0.421974,0.007869,0.002625,0.013008,0.999912,0,0.64377,0.19762,38.626,0.395,-1,375.000,-1,375.000,-1,300.000,300.000,325.000,325.000,-1,-1,-1,-1,700.000,750.000,-1,-1,2,0,2,0,2,0,0,0,0,2,2,2,2,0,0,2,2
26,-2513.868,-101.449,-83.704,-114.566,-0.415784,0.909400,-0.010747,-0.909458,-0.415709,0.008523,0.003283,0.013318,0.999906,0,0.64377,0.19762,38.626,0.395,-1,375.000,-1,375.000,-1,300.000,300.000,325.000,325.000,-1,-1,-1,-1,700.000,750.000,-1,-1,2,0,2,0,2,0,0,0,0,2,2,2,2,0,0,2,2
27,-2529.684,-136.689,-83.505,-114.171,-0.409509,0.912243,-0.010713,-0.912297,-0.409425,0.009198,0.004004,0.013540,0.999900,0,0.64377,0.19762,38.626,0.395,-1,375.000,-1,375.000,-1,300.000,300.000,325.000,325.000,-1,-1,-1,-1,700.000,750.000,-1,-1,2,0,2,0,2,0,0,0,0,2,2,2,2,0,0,2,2
28,-2545.257,-172.037,-83.164,-113.776,-0.403216,0.915049,-0.010092,-0.915090,-0.403124,0.010024,0.005104,0.013277,0.999899,0,0.64377,0.19762,38.626,0.395,-1,375.000,-1,375.000,-1,300.000,300.000,325.000,325.000,-1,-1,-1,-1,700.000,750.000,-1,-1,2,0,2,0,2,0,0,0,0,2,2,2,2,0,0,2,2
29,-2560.585,-207.492,-82.804,-113.381,-0.396904,0.917812,-0.009455,-0.917839,-0.396804,0.010860,0.006215,0.012989,0.999896,0,0.64377,0.19762,38.626,0.395,-1,375.000,-1,375.000,-1,300.000,300.000,325.000,325.000,-1,-1,-1,-1,700.000,750.000,-1,-1,2,0,2,0,2,0,0,0,0,2,2,2,2,0,0,2,2
30,-2575.668,-243.052,-82.425,-112.985,-0.390571,0.920531,-0.008804,-0.920543,-0.390465,0.011705,0.007337,0.012676,0.999893,0,0.64377,0.19762,38.626,0.395,-1,375.000,-1,375.000,-1,300.000,300.000,325.000,325.000,-1,-1,-1,-1,700.000,750.000,-1,-1,2,0,2,0,2,0,0,0,0,2,2,2,2,0,0,2,2
31,-2590.506,-278.714,-82.028,-112.590,-0.384219,0.923206,-0.008138,-0.923203,-0.384107,0.012559,0.008469,0.012339,0.999888,0,0.64377,0.19762,38.626,0.395,-1,375.000,-1,375.000,-1,300.000,300.000,325.000,325.000,-1,-1,-1,-1,700.000,750.000,-1,-1,2,0,2,0,2,0,0,0,0,2,2,2,2,0,0,2,2
32,-2605.098,-314.479,-81.644,-112.195,-0.377848,0.925836,-0.007603,-0.925819,-0.377731,0.013381,0.009517,0.012095,0.999882,0,0.64377,0.19762,38.626,0.395,-1,375.000,-1,375.000,-1,300.000,300.000,325.000,325.000,-1,-1,-1,-1,700.000,750.000,-1,-1,2,0,2,0,2,0,0,0,0,2,2,2,2,0,0,2,2
33,-2619.442,-350.343,-81.347,-111.800,-0.371460,0.928419,-0.007533,-0.928392,-0.371335,0.014066,0.010262,0.012219,0.999873,0,0.64377,0.19762,38.626,0.395,-1,375.000,-1,375.000,-1,300.000,300.000,325.000,325.000,-1,-1,-1,-1,700.000,750.000,-1,-1,2,0,2,0,2,0,0,0,0,2,2,2,2,0,0,2,2
34,-2633.539,-386.305,-81.033,-111.404,-0.365053,0.930957,-0.007444,-0.930921,-0.364921,0.014753,0.011018,0.012316,0.999863,0,0.64377,0.19762,38.626,0.395,-1,375.000,-1,375.000,-1,300.000,300.000,325.000,325.000,-1,-1,-1,-1,700.000,750.000,-1,-1,2,0,2,0,2,0,0,0,0,2,2,2,2,0,0,2,2
35,-2647.387,-422.364,-80.700,-111.009,-0.358630,0.933451,-0.007337,-0.933406,-0.358491,0.015443,0.011785,0.012387,0.999854,0,0.64377,0.19762,38.626,0.395,-1,375.000,-1,400.000,-1,300.000,300.000,325.000,325.000,-1,-1,-1,-1,700.000,750.000,-1,-1,2,0,2,0,2,0,0,0,0,2,2,2,2,0,0,2,2
36,-2660.986,-458.517,-80.350,-110.614,-0.352189,0.935901,-0.007213,-0.935845,-0.352043,0.016136,0.012563,0.012433,0.999844,0,0.64377,0.19762,38.626,0.395,-1,375.000,-1,375.000,-1,300.000,300.000,325.000,350.000,-1,-1,-1,-1,675.000,750.000,-1,-1,2,0,2,0,2,0,0,0,0,2,2,2,2,0,0,2,2
37,-2674.336,-494.763,-80.013,-110.219,-0.345730,0.938309,-0.006927,-0.938238,-0.345579,0.016879,0.013444,0.012335,0.999834,0,0.64377,0.19762,38.626,0.395,-1,375.000,-1,375.000,-1,300.000,300.000,325.000,350.000,-1,900.000,875.000,-1,675.000,750.000,-1,-1,2,0,2,0,2,0,0,0,0,2,0,0,2,0,0,2,2
38,-2688.891,-535.678,-79.598,-109.584,-0.335311,0.942085,-0.006566,-0.941996,-0.335156,0.017720,0.014493,0.012127,0.999821,0,0.72377,0.31762,43.426,0.635,-1,375.000,-1,375.000,-1,300.000,300.000,325.000,350.000,-1,650.000,775.000,-1,675.000,750.000,-1,-1,2,0,2,0,2,0,0,0,0,2,0,0,2,0,0,2,2
39,-2703.276,-578.155,-79.030,-108.708,-0.320889,0.947094,-0.006623,-0.946993,-0.320726,0.018420,0.015321,0.012182,0.999808,0,0.74745,0.43762,44.847,0.875,-1,375.000,-1,375.000,-1,300.000,300.000,325.000,350.000,-1,650.000,750.000,-1,675.000,750.000,-1,-1,2,0,2,0,2,0,0,0,0,2,0,0,2,0,0,2,2
40,-2716.831,-620.904,-78.298,-107.593,-0.302412,0.953152,-0.006983,-0.953034,-0.302231,0.019587,0.016559,0.012578,0.999784,0,0.74745,0.55762,44.847,1.115,-1,375.000,-1,375.000,-1,300.000,300.000,325.000,325.000,-1,650.000,700.000,-1,675.000,725.000,-1,-1,2,0,2,0,2,0,0,0,0,2,0,0,2,0,0,2,2
41,-2729.371,-663.962,-77.478,-106.238,-0.279804,0.960029,-0.007414,-0.959888,-0.279602,0.020910,0.018001,0.012967,0.999754,0,0.74745,0.67762,44.847,1.355,-1,375.000,-1,375.000,-1,300.000,300.000,325.000,325.000,-1,650.000,675.000,-1,700.000,725.000,-1,-1,2,0,2,0,2,0,0,0,0,2,0,0,2,0,0,2,2
42,-2740.788,-707.331,-76.589,-104.749,-0.254777,0.966969,-0.007735,-0.966806,-0.254557,0.022076,0.019378,0.013103,0.999726,0,0.74745,0.74460,44.847,1.489,-1,375.000,-1,375.000,-1,300.000,300.000,325.000,325.000,-1,650.000,675.000,-1,700.000,725.000,-1,-1,2,0,2,0,2,0,0,0,0,2,0,0,2,0,0,2,2
43,-2751.074,-750.982,-75.407,-103.259,-0.229557,0.973269,-0.007166,-0.973078,-0.229343,0.022834,0.020580,0.012215,0.999714,0,0.74745,0.74460,44.847,1.489,-1,375.000,-1,375.000,-1,300.000,300.000,325.000,325.000,-1,675.000,700.000,-1,700.000,725.000,-1,-1,2,0,2,0,2,0,0,0,0,2,0,0,2,0,0,2,2
44,-2760.223,-794.886,-74.096,-101.770,-0.204173,0.978915,-0.006174,-0.978687,-0.203975,0.023784,0.022023,0.010898,0.999698,0,0.74745,0.74460,44.847,1.489,-1,375.000,-1,375.000,-1,300.000,300.000,325.000,350.000,-1,675.000,725.000,-1,700.000,725.000,-1,-1,2,0,2,0,2,0,0,0,0,2,0,0,2,0,0,2,2
45,-2768.227,-839.013,-72.756,-100.281,-0.178647,0.983900,-0.005174,-0.983634,-0.178468,0.024773,0.023450,0.009515,0.999680,0,0.74745,0.74460,44.847,1.489,-1,375.000,-1,375.000,-1,300.000,300.000,325.000,350.000,-1,675.000,725.000,-1,700.000,725.000,-1,-1,2,0,2,0,2,0,0,0,0,2,0,0,2,0,0,2,2
46,-2775.081,-883.333,-71.551,-98.792,-0.153012,0.988213,-0.004684,-0.987900,-0.152839,0.026360,0.025334,0.008661,0.999642,0,0.74745,0.74460,44.847,1.489,-1,375.000,-1,375.000,-1,300.000,300.000,325.000,350.000,-1,650.000,700.000,-1,700.000,725.000,-1,-1,2,0,2,0,2,0,0,0,0,2,0,0,2,0,0,2,2
47,-2780.782,-927.816,-70.306,-97.303,-0.127270,0.991859,-0.004174,-0.991496,-0.127106,0.027913,0.027155,0.007691,0.999602,0,0.74745,0.74460,44.847,1.489,-1,375.000,-1,375.000,-1,300.000,300.000,325.000,350.000,-1,650.000,675.000,-1,700.000,700.000,-1,-1,2,0,2,0,2,0,0,0,0,2,0,0,2,0,0,2,2
48,-2785.325,-972.432,-69.026,-95.813,-0.101437,0.994835,-0.003641,-0.994422,-0.101287,0.029433,0.028912,0.006606,0.999560,0,0.74745,0.74460,44.847,1.489,-1,375.000,-1,375.000,-1,300.000,300.000,325.000,350.000,-1,625.000,675.000,-1,700.000,700.000,-1,-1,2,0,2,0,2,0,0,0,0,2,0,0,2,0,0,2,2
49,-2788.706,-1017.151,-67.714,-94.324,-0.075530,0.997139,-0.003085,-0.996674,-0.075399,0.030926,0.030605,0.005410,0.999517,0,0.74745,0.74460,44.847,1.489,-1,375.000,-1,375.000,-1,300.000,300.000,325.000,350.000,-1,625.000,650.000,-1,725.000,700.000,-1,-1,2,0,2,0,2,0,0,0,0,2,0,0,2,0,0,2,2
50,-2790.924,-1061.943,-66.371,-92.835,-0.049566,0.998768,-0.002503,-0.998251,-0.049459,0.032395,0.032231,0.004104,0.999472,0,0.74745,0.74460,44.847,1.489,-1,375.000,-1,375.000,-1,300.000,300.000,325.000,350.000,-1,600.000,650.000,-1,725.000,700.000,-1,-1,2,0,2,0,2,0,0,0,0,2,0,0,2,0,0,2,2
51,-2791.978,-1106.777,-65.001,-91.346,-0.023564,0.999721,-0.001895,-0.999151,-0.023486,0.033845,0.033791,0.002690,0.999425,0,0.74745,0.74460,44.847,1.489,-1,375.000,-1,375.000,-1,300.000,300.000,325.000,350.000,-1,600.000,625.000,-1,725.000,700.000,-1,-1,2,0,2,0,2,0,0,0,0,2,0,0,2,0,0,2,2
52,-2791.866,-1151.624,-63.607,-89.857,0.002460,0.999996,-0.001259,-0.999374,0.002503,0.035279,0.035282,0.001172,0.999377,0,0.74745,0.74460,44.847,1.489,-1,375.000,-1,375.000,-1,300.000,300.000,325.000,350.000,-1,575.000,625.000,-1,725.000,700.000,-1,-1,2,0,2,0,2,0,0,0,0,2,0,0,2,0,0,2,2
53,-2790.588,-1196.453,-62.191,-88.367,0.028488,0.999594,-0.000596,-0.998920,0.028491,0.036703,0.036705,-0.000450,0.999326,0,0.74745,0.74460,44.847,1.489,-1,375.000,-1,375.000,-1,325.000,300.000,325.000,350.000,-1,575.000,625.000,-1,725.000,700.000,-1,-1,2,0,2,0,2,0,0,0,0,2,0,0,2,0,0,2,2
54,-2788.146,-1241.233,-60.758,-86.878,0.054502,0.998514,0.000095,-0.997788,0.054459,0.038121,0.038059,-0.002172,0.999273,0,0.74745,0.74460,44.847,1.489,-1,375.000,-1,375.000,-1,325.000,300.000,325.000,325.000,-1,550.000,625.000,-1,750.000,700.000,-1,-1,2,0,2,0,2,0,0,0,0,2,0,0,2,0,0,2,2
55,-2784.541,-1285.935,-59.300,-85.389,0.080487,0.996755,0.000854,-0.995980,0.080390,0.039510,0.039313,-0.004031,0.999219,0,0.74745,0.74460,44.847,1.489,-1,400.000,-1,375.000,-1,325.000,300.000,325.000,325.000,-1,500.000,575.000,-1,750.000,700.000,-1,-1,2,0,2,0,2,0,0,0,0,2,0,0,2,0,0,2,2
56,-2779.775,-1330.528,-57.516,-83.900,0.106468,0.994312,0.002809,-0.993497,0.106266,0.040874,0.040343,-0.007142,0.999160,0,0.74745,0.74460,44.847,1.489,-1,400.000,-1,375.000,-1,325.000,300.000,300.000,325.000,-1,500.000,575.000,-1,750.000,700.000,-1,-1,2,0,2,0,2,0,0,0,0,2,0,0,2,0,0,2,2
57,-2773.852,-1374.982,-55.467,-82.411,0.132351,0.991195,0.004015,-0.990349,0.132068,0.042029,0.041128,-0.009539,0.999108,0,0.74745,0.74460,44.847,1.489,-1,400.000,-1,375.000,-1,325.000,300.000,300.000,350.000,-1,500.000,600.000,-1,750.000,700.000,-1,-1,2,0,2,0,2,0,0,0,0,2,0,0,2,0,0,2,2
58,-2766.775,-1419.267,-53.365,-80.921,0.158141,0.987404,0.005024,-0.986523,0.157779,0.043327,0.041989,-0.011808,0.999048,0,0.74745,0.74460,44.847,1.489,-1,400.000,-1,375.000,-1,325.000,325.000,300.000,350.000,-1,500.000,650.000,-1,775.000,725.000,-1,-1,2,0,2,0,2,0,0,0,0,2,0,0,2,0,0,2,2
59,-2758.550,-1463.353,-51.396,-79.432,0.183804,0.982947,0.005645,-0.982049,0.183383,0.044167,0.042379,-0.013662,0.999008,0,0.74745,0.74460,44.847,1.489,-1,400.000,-1,375.000,-1,325.000,325.000,325.000,350.000,-1,525.000,800.000,-1,775.000,750.000,-1,-1,2,0,2,0,2,0,0,0,0,2,0,0,2,0,0,2,2
60,-2749.182,-1507.210,-49.506,-77.943,0.209333,0.977825,0.006087,-0.976922,0.208861,0.044733,0.042469,-0.015310,0.998980,0,0.74745,0.74460,44.847,1.489,-1,400.000,-1,375.000,-1,325.000,325.000,325.000,350.000,-1,575.000,950.000,-1,800.000,750.000,-1,-1,2,0,2,0,2,0,0,0,0,2,0,0,2,0,0,2,2
61,-2738.804,-1551.091,-47.603,-76.694,0.230646,0.973015,0.006604,-0.972109,0.230124,0.045257,0.042516,-0.016858,0.998954,0,0.75152,0.62460,45.091,1.249,-1,400.000,-1,375.000,-1,325.000,325.000,325.000,325.000,-1,600.000,-1,-1,800.000,750.000,-1,-1,2,0,2,0,2,0,0,0,0,2,0,2,2,0,0,2,2
62,-2727.655,-1594.781,-45.702,-75.685,0.247791,0.968787,0.007191,-0.967879,0.247219,0.045753,0.042547,-0.018297,0.998927,0,0.75152,0.50460,45.091,1.009,-1,400.000,-1,375.000,-1,325.000,325.000,325.000,325.000,-1,625.000,-1,-1,800.000,775.000,-1,-1,2,0,2,0,2,0,0,0,0,2,0,2,2,0,0,2,2
63,-2715.920,-1638.319,-43.801,-74.915,0.260817,0.965356,0.007843,-0.964448,0.260196,0.046230,0.042588,-0.019621,0.998900,0,0.75152,0.38460,45.091,0.769,-1,400.000,-1,375.000,-1,325.000,325.000,325.000,325.000,-1,675.000,-1,-1,800.000,775.000,-1,-1,2,0,2,0,2,0,0,0,0,2,0,2,2,0,0,2,2
64,-2703.783,-1681.745,-41.899,-74.386,0.269764,0.962888,0.008557,-0.961981,0.269095,0.046700,0.042664,-0.020830,0.998872,0,0.75152,0.26460,45.091,0.529,-1,400.000,-1,400.000,-1,325.000,325.000,325.000,325.000,-1,700.000,-1,-1,800.000,775.000,-1,-1,2,0,2,0,2,0,0,0,0,2,0,2,2,0,0,2,2
65,-2691.428,-1725.111,-39.997,-74.097,0.274662,0.961495,0.009332,-0.960588,0.273945,0.047166,0.042794,-0.021919,0.998843,0,0.75152,0.14460,45.091,0.289,-1,400.000,-1,400.000,-1,325.000,325.000,325.000,325.000,-1,725.000,-1,-1,825.000,775.000,-1,-1,2,0,2,0,2,0,0,0,0,2,0,2,2,0,0,2,2
66,-2679.035,-1768.465,-38.090,-74.048,0.275529,0.961239,0.010164,-0.960331,0.274765,0.047635,0.042996,-0.022885,0.998813,0,0.75152,0.02460,45.091,0.049,-1,400.000,-1,400.000,-1,325.000,325.000,325.000,325.000,-1,750.000,-1,-1,825.000,800.000,-1,-1,2,0,2,0,2,0,0,0,0,2,0,2,2,0,0,2,2
67,-2666.637,-1811.818,-36.193,-74.041,0.275679,0.961187,0.011005,-0.960278,0.274868,0.048108,0.043216,-0.023830,0.998782,0,0.75152,0.00325,45.091,0.007,-1,400.000,-1,400.000,-1,325.000,325.000,325.000,325.000,-1,775.000,-1,-1,825.000,800.000,-1,-1,2,0,2,0,2,0,0,0,0,2,0,2,2,0,0,2,2
68,-2654.234,-1855.170,-34.308,-74.035,0.275830,0.961133,0.011845,-0.960224,0.274971,0.048587,0.043442,-0.024775,0.998749,0,0.75152,0.00325,45.091,0.007,-1,400.000,-1,400.000,-1,325.000,325.000,325.000,325.000,-1,800.000,-1,-1,825.000,800.000,-1,-1,2,0,2,0,2,0,0,0,0,2,0,2,2,0,0,2,2
69,-2641.827,-1898.520,-32.388,-74.028,0.275991,0.961072,0.013011,-0.960178,0.275071,0.048935,0.043451,-0.025999,0.998717,0,0.75152,0.00325,45.091,0.007,-1,400.000,-1,400.000,-1,325.000,325.000,325.000,325.000,-1,850.000,-1,-1,825.000,800.000,-1,-1,2,0,2,0,2,0,0,0,0,2,0,2,2,0,0,2,2
70,-2629.414,-1941.869,-30.553,-74.022,0.276144,0.961008,0.014440,-0.960165,0.275171,0.048630,0.042761,-0.027294,0.998712,0,0.75152,0.00325,45.091,0.007,-1,400.000,-1,400.000,-1,325.000,325.000,325.000,325.000,-1,925.000,-1,-1,800.000,825.000,-1,-1,2,0,2,0,2,0,0,0,0,2,0,2,2,0,0,2,2
71,-2616.997,-1985.216,-28.926,-74.015,0.276268,0.960961,0.015126,-0.960152,0.275275,0.048294,0.042245,-0.027865,0.998719,0,0.75152,0.00325,45.091,0.007,-1,400.000,-1,400.000,-1,325.000,325.000,325.000,325.000,-1,975.000,-1,-1,800.000,825.000,-1,-1,2,0,2,0,2,0,0,0,0,2,0,2,2,0,0,2,2
72,-2604.574,-2028.562,-27.298,-74.009,0.276387,0.960918,0.015691,-0.960141,0.275381,0.047911,0.041718,-0.028307,0.998728,0,0.75152,0.00325,45.091,0.007,-1,400.000,-1,400.000,-1,325.000,325.000,325.000,325.000,-1,-1,-1,-1,800.000,825.000,-1,-1,2,0,2,0,2,0,0,0,0,2,2,2,2,0,0,2,2
73,-2592.147,-2071.907,-25.571,-74.002,0.276482,0.960886,0.015998,-0.960155,0.275490,0.046986,0.040740,-0.028351,0.998767,0,0.75152,0.00325,45.091,0.007,-1,400.000,-1,400.000,-1,325.000,325.000,325.000,300.000,-1,-1,-1,-1,800.000,825.000,-1,-1,2,0,2,0,2,0,0,0,0,2,2,2,2,0,0,2,2
74,-2579.715,-2115.250,-23.886,-73.996,0.276582,0.960849,0.016492,-0.960172,0.275597,0.046005,0.039659,-0.028560,0.998805,0,0.75152,0.00325,45.091,0.007,-1,400.000,-1,400.000,-1,325.000,325.000,325.000,300.000,-1,-1,-1,-1,775.000,800.000,-1,-1,2,0,2,0,2,0,0,0,0,2,2,2,2,0,0,2,2
75,-2567.258,-2158.666,-22.193,-73.990,0.276659,0.960819,0.016953,-0.960192,0.275683,0.045061,0.038622,-0.028744,0.998840,0,0.75280,0.00260,45.168,0.005,-1,400.000,-1,400.000,-1,325.000,325.000,325.000,300.000,-1,-1,-1,-1,775.000,800.000,-1,-1,2,0,2,0,2,0,0,0,0,2,2,2,2,0,0,2,2
76,-2554.755,-2202.232,-20.490,-73.988,0.276689,0.960802,0.017378,-0.960223,0.275723,0.044153,0.037630,-0.028904,0.998874,0,0.75542,0.00123,45.325,0.002,-1,400.000,-1,400.000,-1,325.000,325.000,325.000,300.000,-1,-1,-1,-1,775.000,800.000,-1,-1,2,0,2,0,2,0,0,0,0,2,2,2,2,0,0,2,2
77,-2542.210,-2245.948,-18.775,-73.988,0.276670,0.960801,0.017769,-0.960264,0.275716,0.043279,0.036684,-0.029037,0.998905,0,0.75801,-0.00019,45.480,-0.000,-1,400.000,-1,400.000,-1,325.000,325.000,325.000,300.000,-1,-1,-1,-1,775.000,800.000,-1,-1,2,0,2,0,2,0,0,0,0,2,2,2,2,0,0,2,2
78,-2529.626,-2289.812,-17.050,-73.992,0.276602,0.960814,0.018125,-0.960318,0.275658,0.042442,0.035782,-0.029145,0.998935,0,0.76057,-0.00168,45.634,-0.003,-1,400.000,-1,400.000,-1,325.000,325.000,325.000,300.000,-1,-1,-1,-1,775.000,800.000,-1,-1,2,0,2,0,2,0,0,0,0,2,2,2,2,0,0,2,2
79,-2517.004,-2333.824,-15.313,-73.998,0.276481,0.960842,0.018445,-0.960385,0.275549,0.041641,0.034928,-0.029227,0.998962,0,0.76309,-0.00323,45.785,-0.006,-1,400.000,-1,400.000,-1,325.000,325.000,325.000,300.000,-1,-1,-1,-1,775.000,800.000,-1,-1,2,0,2,0,2,0,0,0,0,2,2,2,2,0,0,2,2
80,-2504.349,-2377.980,-13.566,-74.008,0.276305,0.960887,0.018728,-0.960464,0.275387,0.040876,0.034120,-0.029282,0.998989,0,0.76557,-0.00484,45.934,-0.010,-1,400.000,-1,400.000,-1,325.000,325.000,325.000,300.000,-1,-1,-1,-1,775.000,800.000,-1,-1,2,0,2,0,2,0,0,0,0,2,2,2,2,0,0,2,2
81,-2491.663,-2422.281,-11.808,-74.021,0.276073,0.960949,0.018975,-0.960557,0.275168,0.040149,0.033360,-0.029310,0.999014,0,0.76802,-0.00651,46.081,-0.013,-1,400.000,-1,400.000,-1,325.000,325.000,325.000,300.000,-1,-1,-1,-1,775.000,800.000,-1,-1,2,0,2,0,2,0,0,0,0,2,2,2,2,0,0,2,2
82,-2478.951,-2466.723,-10.039,-74.037,0.275783,0.961029,0.019184,-0.960665,0.274891,0.039459,0.032647,-0.029311,0.999037,0,0.77041,-0.00826,46.225,-0.017,-1,400.000,-1,400.000,-1,325.000,325.000,325.000,300.000,-1,-1,-1,-1,750.000,800.000,-1,-1,2,0,2,0,2,0,0,0,0,2,2,2,2,0,0,2,2
83,-2466.216,-2511.305,-8.266,-74.058,0.275432,0.961125,0.019373,-0.960788,0.274553,0.038832,0.032003,-0.029309,0.999058,0,0.77275,-0.01008,46.365,-0.020,-1,400.000,-1,400.000,1000.000,325.000,325.000,325.000,300.000,-1,-1,-1,-1,750.000,800.000,-1,-1,2,0,2,0,1,0,0,0,0,2,2,2,2,0,1,2,2
84,-2453.462,-2556.024,-6.621,-74.082,0.275024,0.961243,0.019328,-0.960910,0.274152,0.038631,0.031835,-0.029197,0.999067,0,0.77504,-0.01198,46.502,-0.024,-1,400.000,-1,400.000,950.000,325.000,325.000,325.000,300.000,-1,-1,-1,-1,750.000,775.000,-1,-1,2,0,2,0,1,0,0,0,0,2,2,2,2,0,1,2,2
85,-2440.693,-2600.878,-5.117,-74.110,0.274534,0.961396,0.018664,-0.961049,0.273688,0.038465,0.031872,-0.028497,0.999086,0,0.77726,-0.01397,46.636,-0.028,-1,400.000,-1,400.000,900.000,325.000,325.000,325.000,300.000,-1,-1,-1,-1,775.000,750.000,-1,1000.000,2,0,2,0,1,0,0,0,0,2,2,2,2,0,1,2,1
86,-2427.914,-2645.863,-3.626,-74.142,0.273971,0.961571,0.017904,-0.961210,0.273157,0.038223,0.031864,-0.027681,0.999109,0,0.77942,-0.01603,46.765,-0.032,-1,400.000,-1,400.000,875.000,325.000,325.000,325.000,300.000,-1,-1,-1,-1,775.000,725.000,-1,975.000,2,0,2,0,1,0,0,0,0,2,2,2,2,0,1,2,1
87,-2415.130,-2690.977,-2.140,-74.178,0.273339,0.961764,0.017184,-0.961387,0.272551,0.038095,0.031955,-0.026934,0.999126,0,0.78150,-0.01819,46.890,-0.036,-1,400.000,-1,400.000,825.000,325.000,325.000,325.000,300.000,-1,-1,-1,-1,775.000,725.000,-1,950.000,2,0,2,0,1,0,0,0,0,2,2,2,2,0,1,2,1
88,-2401.277,-2740.776,-0.617,-74.454,0.268688,0.963079,0.016924,-0.962693,0.267912,0.038015,0.032078,-0.026507,0.999134,0,0.86150,-0.13819,51.690,-0.276,-1,400.000,-1,400.000,775.000,325.000,325.000,325.000,300.000,-1,-1,-1,-1,775.000,700.000,-1,900.000,2,0,2,0,1,0,0,0,0,2,2,2,2,0,1,2,1
89,-2386.628,-2795.334,1.009,-74.971,0.259989,0.965463,0.016942,-0.965079,0.259224,0.037748,0.032052,-0.026165,0.999144,0,0.94150,-0.25819,56.490,-0.516,-1,400.000,-1,400.000,750.000,325.000,325.000,325.000,300.000,-1,-1,-1,-1,775.000,700.000,-1,850.000,2,0,2,0,1,0,0,0,0,2,2,2,2,0,1,2,1
90,-2372.284,-2851.719,2.723,-75.727,0.247211,0.968814,0.016921,-0.968431,0.246459,0.037412,0.032075,-0.025636,0.999157,0,0.96969,-0.37819,58.181,-0.756,-1,400.000,-1,400.000,700.000,325.000,325.000,300.000,300.000,-1,-1,-1,-1,775.000,675.000,-1,800.000,2,0,2,0,1,0,0,0,0,2,2,2,2,0,1,2,1
91,-2358.866,-2908.485,4.488,-76.700,0.230709,0.972877,0.016844,-0.972492,0.229977,0.037001,0.032124,-0.024917,0.999173,0,0.97218,-0.48647,58.331,-0.973,-1,400.000,-1,400.000,650.000,325.000,325.000,300.000,300.000,-1,-1,-1,-1,775.000,650.000,-1,725.000,2,0,2,1,1,0,0,0,0,2,2,2,2,0,1,2,1
92,-2346.385,-2965.622,6.307,-77.678,0.214051,0.976680,0.016689,-0.976295,0.213343,0.036506,0.032094,-0.024107,0.999194,0,0.97472,-0.48897,58.483,-0.978,-1,400.000,-1,400.000,600.000,325.000,325.000,300.000,300.000,-1,-1,-1,-1,775.000,625.000,-1,675.000,2,0,2,1,1,0,0,0,0,2,2,2,2,0,1,2,1
93,-2334.858,-3023.109,8.179,-78.661,0.197239,0.980217,0.016454,-0.979834,0.196558,0.035932,0.031987,-0.023209,0.999219,0,0.97720,-0.49156,58.632,-0.983,-1,400.000,-1,375.000,550.000,325.000,325.000,300.000,300.000,-1,-1,-1,-1,775.000,600.000,-1,600.000,2,0,2,1,1,0,0,0,0,2,2,2,2,0,1,2,1
94,-2324.298,-3080.929,10.101,-79.650,0.180272,0.983484,0.016139,-0.983102,0.179623,0.035287,0.031806,-0.022228,0.999247,0,0.97960,-0.49425,58.776,-0.988,-1,400.000,-1,375.000,500.000,325.000,325.000,300.000,300.000,-1,-1,-1,-1,775.000,575.000,-1,550.000,2,0,2,1,1,0,0,0,0,2,2,2,2,0,1,2,1
95,-2314.720,-3139.060,12.071,-80.644,0.163151,0.986475,0.015744,-0.986096,0.162536,0.034578,0.031552,-0.021167,0.999278,0,0.98192,-0.49705,58.915,-0.994,-1,400.000,-1,350.000,450.000,325.000,325.000,300.000,300.000,-1,-1,-1,-1,775.000,575.000,-1,500.000,2,0,2,1,1,0,0,0,0,2,2,2,2,0,1,2,1
96,-2306.139,-3197.481,14.085,-81.644,0.145877,0.989185,0.015270,-0.988810,0.145299,0.033812,0.031227,-0.020031,0.999312,0,0.98413,-0.49998,59.048,-1.000,-1,400.000,-1,350.000,400.000,325.000,325.000,300.000,300.000,-1,-1,-1,-1,800.000,550.000,-1,450.000,2,0,2,1,1,0,0,0,0,2,2,2,2,0,1,2,1
97,-2298.569,-3256.167,16.189,-82.650,0.128458,0.991604,0.014848,-0.991225,0.127910,0.033340,0.031161,-0.019000,0.999334,0,0.98621,-0.50307,59.173,-1.006,-1,400.000,-1,350.000,350.000,325.000,325.000,300.000,300.000,-1,-1,-1,-1,800.000,525.000,-1,400.000,2,0,2,1,1,0,0,0,0,2,2,2,2,1,1,2,1
98,-2292.023,-3315.094,20.094,-83.662,0.111222,0.993582,0.020603,-0.993110,0.110351,0.039435,0.036908,-0.024847,0.999010,0,0.98814,-0.50632,59.289,-1.013,-1,400.000,-1,350.000,325.000,325.000,325.000,300.000,325.000,-1,-1,-1,-1,775.000,525.000,-1,375.000,2,0,2,1,1,0,1,0,0,2,2,2,2,1,1,2,1
99,-2286.517,-3374.233,23.785,-84.682,0.093951,0.995193,0.027649,-0.994660,0.092636,0.045492,0.042712,-0.031775,0.998582,0,0.98991,-0.50976,59.394,-1.020,-1,425.000,-1,350.000,300.000,350.000,350.000,300.000,350.000,-1,-1,-1,-1,775.000,525.000,-1,350.000,2,0,2,1,1,0,1,0,0,2,2,2,2,1,1,2,1
100,-2282.064,-3433.555,27.545,-85.709,0.076621,0.996444,0.035052,-0.995875,0.074768,0.051416,0.048612,-0.038847,0.998062,0,0.99147,-0.51343,59.488,-1.027,-1,425.000,975.000,350.000,300.000,350.000,350.000,300.000,375.000,-1,675.000,-1,-1,750.000,500.000,-1,350.000,2,0,1,1,1,0,1,0,0,2,0,2,2,1,1,2,1
101,-2278.678,-3493.027,31.403,-86.744,0.059244,0.997321,0.042911,-0.996744,0.056745,0.057285,0.054696,-0.046165,0.997435,0,0.99279,-0.51733,59.568,-1.035,-1,450.000,925.000,350.000,275.000,375.000,350.000,275.000,400.000,-1,400.000,600.000,-1,725.000,500.000,-1,325.000,2,0,1,1,1,0,1,0,0,2,0,0,2,1,1,2,1
102,-2276.372,-3552.614,35.387,-87.787,0.041839,0.997805,0.051335,-0.997257,0.038566,0.063171,0.061052,-0.053837,0.996682,0,0.99384,-0.52151,59.630,-1.043,-1,475.000,875.000,350.000,250.000,375.000,375.000,275.000,400.000,-1,250.000,450.000,-1,675.000,475.000,-1,300.000,2,1,1,1,1,0,1,0,1,2,0,0,2,1,1,2,1
103,-2275.159,-3612.277,39.526,-88.839,0.024430,0.997873,0.060438,-0.997402,0.020231,0.069138,0.067768,-0.061970,0.995775,0,0.99457,-0.52600,59.674,-1.052,-1,450.000,800.000,350.000,225.000,400.000,375.000,275.000,375.000,-1,200.000,350.000,-1,650.000,450.000,-1,300.000,2,1,1,1,1,1,1,0,1,2,0,0,2,1,1,2,1
104,-2275.051,-3671.974,43.847,-89.900,0.007046,0.997498,0.070344,-0.997164,0.001738,0.075240,0.074929,-0.070674,0.994681,0,0.99492,-0.53082,59.695,-1.062,-1,425.000,750.000,325.000,225.000,375.000,350.000,275.000,350.000,-1,150.000,325.000,-1,600.000,425.000,-1,275.000,2,1,1,1,1,1,1,0,1,2,0,0,2,1,1,2,1
105,-2276.058,-3731.657,48.381,-90.972,-0.010275,0.996647,0.081178,-0.996528,-0.016913,0.081521,0.082620,-0.080059,0.993360,0,0.99483,-0.53603,59.690,-1.072,-1,400.000,700.000,325.000,200.000,350.000,325.000,275.000,325.000,750.000,125.000,275.000,-1,575.000,400.000,-1,250.000,2,1,1,1,1,1,1,0,1,0,0,0,2,1,1,2,1
106,-2278.191,-3791.276,53.153,-92.056,-0.027486,0.995280,0.093075,-0.995479,-0.035721,0.088011,0.090920,-0.090235,0.991762,0,0.99425,-0.54164,59.655,-1.083,-1,375.000,650.000,300.000,200.000,325.000,300.000,250.000,300.000,625.000,100.000,250.000,-1,525.000,400.000,-1,225.000,2,1,1,1,1,1,1,0,1,0,0,0,2,1,1,2,1
107,-2281.458,-3850.776,58.192,-93.151,-0.044530,0.993351,0.106169,-0.994000,-0.054683,0.094728,0.099904,-0.101313,0.989826,0,0.99310,-0.54770,59.586,-1.095,-1,350.000,600.000,275.000,175.000,300.000,275.000,250.000,275.000,525.000,75.000,250.000,-1,475.000,375.000,-1,225.000,2,1,1,1,1,1,1,0,1,0,0,0,2,1,1,2,1
108,-2285.866,-3910.094,63.518,-94.259,-0.061333,0.990802,0.120623,-0.992075,-0.073793,0.101692,0.109658,-0.113430,0.987476,0,0.99131,-0.55424,59.479,-1.108,-1,325.000,575.000,275.000,150.000,275.000,250.000,250.000,275.000,425.000,50.000,225.000,-1,450.000,350.000,-1,200.000,2,1,1,1,1,1,1,0,1,0,0,0,2,1,1,2,1
109,-2291.435,-3969.167,73.457,-95.382,-0.077948,0.988964,0.125992,-0.988413,-0.093170,0.119828,0.130244,-0.115192,0.984768,0,0.98880,-0.56127,59.328,-1.123,-1,300.000,575.000,250.000,175.000,275.000,250.000,275.000,250.000,400.000,50.000,200.000,-1,450.000,375.000,-1,200.000,2,1,1,1,1,1,1,0,1,0,0,0,2,1,1,2,1
110,-9510.998,3607.627,-201.141,-85.384,0.078453,0.995635,0.050549,-0.996066,0.080381,-0.037301,-0.041202,-0.047424,0.998025,1,0.00000,0.00000,59.130,-1.138,-1,375.000,-1,375.000,-1,325.000,325.000,300.000,300.000,-1,1000.000,825.000,-1,650.000,675.000,-1,-1,2,0,2,0,2,0,0,0,0,2,0,0,2,0,0,2,2
111,-9510.592,3602.844,-201.344,-85.144,0.082635,0.995301,0.050471,-0.995728,0.084552,-0.037101,-0.041194,-0.047189,0.998036,0,0.08000,0.12000,4.800,0.240,-1,375.000,-1,375.000,-1,325.000,325.000,300.000,300.000,-1,975.000,800.000,-1,650.000,675.000,-1,-1,2,0,2,0,2,0,0,0,0,2,0,0,2,0,0,2,2
112,-9509.699,3593.286,-201.755,-84.664,0.090994,0.994580,0.050303,-0.995000,0.092889,-0.036703,-0.041177,-0.046711,0.998059,0,0.16000,0.24000,9.600,0.480,-1,375.000,-1,375.000,-1,325.000,325.000,300.000,300.000,-1,950.000,775.000,-1,650.000,675.000,-1,-1,2,0,2,0,2,0,0,0,0,2,0,0,2,0,0,2,2
113,-9508.181,3578.966,-202.382,-83.944,0.103522,0.993368,0.050022,-0.993776,0.105383,-0.036112,-0.041144,-0.045972,0.998095,0,0.24000,0.36000,14.400,0.720,-1,375.000,-1,375.000,-1,325.000,325.000,300.000,300.000,-1,900.000,725.000,-1,650.000,675.000,-1,-1,2,0,2,0,2,0,0,0,0,2,0,0,2,0,0,2,2
114,-9505.836,3559.910,-203.234,-82.984,0.120203,0.991510,0.049598,-0.991899,0.122017,-0.035334,-0.041086,-0.044949,0.998144,0,0.32000,0.48000,19.200,0.960,-1,375.000,-1,375.000,-1,325.000,325.000,300.000,300.000,-1,850.000,700.000,-1,650.000,675.000,-1,-1,2,0,2,0,2,0,0,0,0,2,0,0,2,0,0,2,2
115,-9502.408,3536.157,-204.327,-81.784,0.141008,0.988796,0.048988,-0.989159,0.142764,-0.034383,-0.040991,-0.043608,0.998207,0,0.40000,0.60000,24.000,1.200,-1,375.000,-1,375.000,-1,325.000,325.000,300.000,300.000,-1,775.000,650.000,-1,650.000,675.000,-1,-1,2,0,2,0,2,0,0,0,0,2,0,0,2,0,0,2,2
116,-9497.578,3507.765,-205.675,-80.344,0.165897,0.984967,0.048142,-0.985297,0.167579,-0.033278,-0.040845,-0.041914,0.998286,0,0.48000,0.72000,28.800,1.440,-1,375.000,-1,375.000,-1,325.000,325.000,300.000,300.000,-1,725.000,600.000,-1,625.000,675.000,-1,-1,2,0,2,0,2,0,0,0,0,2,0,0,2,0,0,2,2
117,-9490.975,3474.821,-207.298,-78.664,0.194807,0.979715,0.047003,-0.980000,0.196401,-0.032048,-0.040630,-0.039820,0.998381,0,0.56000,0.84000,33.600,1.680,-1,375.000,-1,375.000,-1,325.000,325.000,300.000,300.000,-1,675.000,550.000,-1,625.000,675.000,-1,-1,2,0,2,0,2,0,0,0,0,2,0,0,2,0,0,2,2
118,-9482.172,3437.444,-209.216,-76.744,0.227646,0.972680,0.045505,-0.972909,0.229137,-0.030735,-0.040322,-0.037275,0.998491,0,0.64000,0.96000,38.400,1.920,-1,375.000,-1,375.000,-1,300.000,325.000,300.000,275.000,-1,625.000,500.000,-1,625.000,675.000,-1,-1,2,0,2,0,2,0,0,0,0,2,0,0,2,0,0,2,2
119,-9470.806,3395.766,-211.438,-74.744,0.261598,0.964191,0.043607,-0.964357,0.262971,-0.029367,-0.039783,-0.034370,0.998617,0,0.72000,1.00000,43.200,2.000,-1,375.000,-1,375.000,-1,300.000,300.000,300.000,275.000,-1,575.000,450.000,-1,625.000,675.000,-1,-1,2,0,2,0,2,0,0,0,0,2,0,0,2,0,0,2,2
120,-9457.509,3352.954,-213.654,-72.744,0.295202,0.954507,0.042094,-0.954616,0.296486,-0.028356,-0.039547,-0.031813,0.998711,0,0.74716,1.00000,44.830,2.000,-1,375.000,-1,375.000,-1,300.000,300.000,300.000,275.000,-1,525.000,425.000,-1,625.000,650.000,-1,-1,2,0,2,0,2,0,0,0,0,2,0,0,2,0,0,2,2
121,-9442.726,3310.633,-215.461,-70.744,0.328389,0.943607,0.042020,-0.943729,0.329627,-0.026852,-0.039188,-0.030837,0.998756,0,0.74716,1.00000,44.830,2.000,-1,350.000,-1,375.000,-1,300.000,300.000,300.000,275.000,-1,525.000,425.000,-1,625.000,650.000,-1,-1,2,0,2,0,2,0,0,0,0,2,0,0,2,0,0,2,2
122,-9426.474,3268.853,-217.171,-68.744,0.361183,0.931545,0.042091,-0.931708,0.362364,-0.024731,-0.038290,-0.030284,0.998808,0,0.74716,1.00000,44.830,2.000,-1,350.000,-1,375.000,-1,300.000,300.000,300.000,300.000,-1,500.000,425.000,-1,625.000,650.000,-1,-1,2,0,2,0,2,0,0,0,0,2,0,0,2,0,0,2,2
123,-9408.774,3227.666,-218.864,-66.744,0.393545,0.918343,0.042060,-0.918556,0.394659,-0.022326,-0.037102,-0.029848,0.998866,0,0.74716,1.00000,44.830,2.000,-1,350.000,-1,350.000,-1,300.000,300.000,300.000,300.000,-1,475.000,425.000,-1,625.000,625.000,-1,-1,2,0,2,0,2,0,0,0,0,2,0,0,2,0,0,2,2
124,-9389.648,3187.122,-220.156,-64.744,0.425436,0.904004,0.042196,-0.904303,0.426466,-0.019037,-0.035205,-0.030059,0.998928,0,0.74716,1.00000,44.830,2.000,-1,350.000,-1,350.000,-1,300.000,300.000,300.000,300.000,-1,475.000,425.000,-1,625.000,650.000,-1,-1,2,0,2,0,2,0,0,0,0,2,0,0,2,0,0,2,2
125,-9369.118,3147.270,-221.336,-62.744,0.456816,0.888583,0.041705,-0.888923,0.457762,-0.016420,-0.033682,-0.029571,0.998995,0,0.74716,1.00000,44.830,2.000,-1,350.000,-1,350.000,-1,300.000,300.000,300.000,300.000,-1,475.000,425.000,-1,625.000,650.000,-1,-1,2,0,2,0,2,0,0,0,0,2,0,0,2,0,0,2,2
126,-9347.210,3108.159,-222.551,-60.744,0.487645,0.872081,0.040954,-0.872453,0.488502,-0.013814,-0.032053,-0.028994,0.999066,0,0.74716,1.00000,44.830,2.000,-1,350.000,-1,350.000,-1,300.000,300.000,300.000,300.000,-1,450.000,425.000,-1,650.000,650.000,-1,-1,2,0,2,0,2,0,0,0,0,2,0,0,2,0,0,2,2
127,-9323.950,3069.836,-223.619,-58.744,0.517927,0.854535,0.039007,-0.854908,0.518660,-0.011120,-0.029734,-0.027588,0.999177,0,0.74716,1.00000,44.830,2.000,-1,350.000,-1,375.000,-1,300.000,300.000,300.000,300.000,-1,450.000,425.000,-1,650.000,650.000,-1,-1,2,0,2,0,2,0,0,0,0,2,0,0,2,0,0,2,2
128,-9299.368,3032.347,-224.680,-56.744,0.547583,0.835950,0.036601,-0.836309,0.548191,-0.008526,-0.027192,-0.025941,0.999294,0,0.74716,1.00000,44.830,2.000,-1,375.000,-1,375.000,-1,300.000,300.000,300.000,300.000,-1,450.000,425.000,-1,675.000,650.000,-1,-1,2,0,2,0,2,0,0,0,0,2,0,0,2,0,0,2,2
129,-9273.492,2995.740,-225.776,-54.744,0.576565,0.816344,0.033978,-0.816682,0.577056,-0.006088,-0.024577,-0.024239,0.999404,0,0.74716,1.00000,44.830,2.000,-1,375.000,-1,375.000,-1,300.000,300.000,300.000,300.000,-1,450.000,400.000,-1,675.000,650.000,-1,-1,2,0,2,0,2,0,0,0,0,2,0,0,2,0,0,2,2
130,-9246.354,2960.058,-226.966,-52.744,0.604825,0.795736,0.031476,-0.796052,0.605216,-0.003831,-0.022098,-0.022739,0.999497,0,0.74716,1.00000,44.830,2.000,-1,375.000,-1,375.000,-1,300.000,300.000,300.000,300.000,-1,450.000,375.000,-1,700.000,650.000,-1,-1,2,0,2,0,2,0,0,0,0,2,0,0,2,0,0,2,2
131,-9217.987,2925.345,-228.223,-50.744,0.632334,0.774154,0.028969,-0.774446,0.632638,-0.001740,-0.019674,-0.021335,0.999579,0,0.74716,1.00000,44.830,2.000,-1,375.000,-1,375.000,-1,300.000,300.000,300.000,300.000,-1,425.000,350.000,-1,725.000,650.000,-1,-1,2,0,2,0,2,0,0,0,0,2,0,0,2,0,0,2,2
132,-9188.426,2891.643,-229.514,-48.744,0.659065,0.751626,0.026308,-0.751889,0.659290,0.000182,-0.017208,-0.019901,0.999654,0,0.74716,1.00000,44.830,2.000,-1,375.000,-1,375.000,-1,300.000,300.000,300.000,300.000,-1,400.000,350.000,-1,725.000,650.000,-1,-1,2,0,2,0,2,0,0,0,0,2,0,0,2,0,0,2,2
133,-9160.996,2862.489,-230.500,-46.744,0.684951,0.728167,0.024797,-0.728421,0.685127,0.001834,-0.015654,-0.019319,0.999691,0,0.66716,1.00000,40.030,2.000,-1,400.000,-1,375.000,-1,300.000,300.000,300.000,300.000,-1,400.000,350.000,-1,750.000,675.000,-1,-1,2,0,2,0,2,0,0,0,0,2,0,0,2,0,0,2,2
134,-9133.055,2834.797,-231.337,-44.744,0.709981,0.703813,0.023959,-0.704070,0.710123,0.003444,-0.014590,-0.019314,0.999707,0,0.65565,1.00000,39.339,2.000,-1,400.000,-1,375.000,-1,325.000,300.000,300.000,300.000,-1,400.000,350.000,-1,750.000,675.000,-1,-1,2,0,2,0,2,0,0,0,0,2,0,0,2,0,0,2,2
135,-9104.165,2808.097,-232.128,-42.744,0.734138,0.678598,0.023348,-0.678861,0.734249,0.005045,-0.013720,-0.019554,0.999715,0,0.65565,1.00000,39.339,2.000,-1,400.000,-1,375.000,-1,325.000,300.000,300.000,300.000,-1,400.000,375.000,-1,775.000,675.000,-1,-1,2,0,2,0,2,0,0,0,0,2,0,0,2,0,0,2,2
