timestep,x_cm,y_cm,z_cm,yaw_deg,basis_xx,basis_xy,basis_xz,basis_yx,basis_yy,basis_yz,basis_zx,basis_zy,basis_zz,teleport_flag,throttle_cmd,steering_cmd,cmd_move_cm,cmd_turn_deg,lidar_cm_0,lidar_cm_1,lidar_cm_2,lidar_cm_3,lidar_cm_4,lidar_cm_5,lidar_cm_6,lidar_cm_7,lidar_cm_8,lidar_cm_9,lidar_cm_10,lidar_cm_11,lidar_cm_12,lidar_cm_13,lidar_cm_14,lidar_cm_15,lidar_cm_16,lidar_class_0,lidar_class_1,lidar_class_2,lidar_class_3,lidar_class_4,lidar_class_5,lidar_class_6,lidar_class_7,lidar_class_8,lidar_class_9,lidar_class_10,lidar_class_11,lidar_class_12,lidar_class_13,lidar_class_14,lidar_class_15,lidar_class_16
0,-324.084,7540.392,-139.761,-36.070,0.807483,0.588746,-0.036722,-0.587490,0.808248,0.039882,0.053161,-0.010630,0.998529,1,0.08000,0.12000,4.800,0.240,-1,400.000,-1,425.000,-1,325.000,350.000,275.000,325.000,-1,-1,-1,-1,825.000,925.000,-1,-1,2,0,2,0,2,0,0,0,0,2,2,2,2,0,0,2,2
1,-316.277,7534.805,-139.113,-35.590,0.812387,0.581960,-0.036745,-0.580779,0.813159,0.038314,0.052177,-0.009785,0.998590,0,0.16000,0.24000,9.600,0.480,-1,400.000,-1,425.000,-1,325.000,350.000,275.000,325.000,-1,-1,-1,-1,825.000,900.000,-1,-1,2,0,2,0,2,0,0,0,0,2,2,2,2,0,0,2,2
2,-304.463,7526.572,-138.149,-34.870,0.819639,0.571702,-0.036737,-0.570631,0.820417,0.036003,0.050722,-0.008546,0.998676,0,0.24000,0.36000,14.400,0.720,-1,400.000,-1,425.000,-1,325.000,325.000,275.000,325.000,-1,-1,-1,-1,825.000,900.000,-1,-1,2,0,2,0,2,0,0,0,0,2,2,2,2,0,0,2,2
3,-288.529,7515.861,-136.878,-33.910,0.829110,0.557883,-0.036647,-0.556949,0.829890,0.033007,0.048827,-0.006956,0.998783,0,0.32000,0.48000,19.200,0.960,-1,400.000,-1,425.000,-1,325.000,325.000,275.000,325.000,-1,-1,-1,-1,825.000,875.000,-1,-1,2,0,2,0,2,0,0,0,0,2,2,2,2,0,0,2,2
4,-268.335,7502.891,-135.316,-32.710,0.840628,0.540387,-0.036416,-0.539610,0.841401,0.029406,0.046531,-0.005069,0.998904,0,0.40000,0.60000,24.000,1.200,-1,400.000,-1,425.000,-1,325.000,325.000,300.000,325.000,-1,-1,-1,-1,825.000,875.000,-1,-1,2,0,2,0,2,0,0,0,0,2,2,2,2,0,0,2,2
5,-243.719,7487.942,-133.483,-31.270,0.853970,0.519076,-0.035980,-0.518467,0.854723,0.025310,0.043891,-0.002960,0.999032,0,0.48000,0.72000,28.800,1.440,-1,400.000,-1,400.000,-1,325.000,325.000,300.000,300.000,-1,-1,-1,-1,825.000,850.000,-1,-1,2,0,2,0,2,0,0,0,0,2,2,2,2,0,0,2,2
6,-214.568,7471.234,-131.343,-29.820,0.866878,0.497274,-0.035238,-0.496848,0.867594,0.020570,0.040801,-0.000324,0.999167,0,0.56000,0.72533,33.600,1.451,-1,400.000,-1,400.000,-1,325.000,325.000,300.000,300.000,-1,-1,-1,-1,825.000,825.000,-1,-1,2,0,2,0,2,0,0,0,0,2,2,2,2,0,0,2,2
7,-180.782,7452.986,-128.964,-28.375,0.879198,0.475238,-0.034045,-0.474994,0.879854,0.015448,0.037296,0.002589,0.999301,0,0.64000,0.72243,38.400,1.445,-1,400.000,-1,400.000,-1,325.000,325.000,325.000,300.000,-1,-1,-1,-1,800.000,800.000,-1,-1,2,0,2,0,2,0,0,0,0,2,2,2,2,0,0,2,2
8,-144.696,7434.649,-127.271,-26.937,0.890883,0.453004,-0.033379,-0.452788,0.891505,0.014200,0.036190,0.002463,0.999342,0,0.67462,0.71913,40.477,1.438,-1,400.000,-1,400.000,-1,325.000,325.000,325.000,300.000,-1,-1,-1,-1,800.000,800.000,-1,-1,2,0,2,0,2,0,0,0,0,2,2,2,2,0,0,2,2
9,-107.999,7417.142,-125.805,-25.505,0.901943,0.430595,-0.032953,-0.430366,0.902544,0.014121,0.035822,0.001446,0.999357,0,0.67765,0.71566,40.659,1.431,-1,400.000,-1,400.000,-1,325.000,325.000,325.000,300.000,-1,-1,-1,-1,800.000,800.000,-1,-1,2,0,2,0,2,0,0,0,0,2,2,2,2,0,0,2,2
10,-70.714,7400.478,-124.361,-24.081,0.912393,0.408027,-0.032445,-0.407784,0.912970,0.014101,0.035375,0.000365,0.999374,0,0.68067,0.71220,40.840,1.424,-1,400.000,-1,400.000,-1,325.000,325.000,325.000,300.000,-1,-1,-1,-1,800.000,800.000,-1,-1,2,0,2,0,2,0,0,0,0,2,2,2,2,0,0,2,2
11,-32.861,7384.672,-122.994,-22.664,0.922242,0.385318,-0.031615,-0.385055,0.922783,0.014280,0.034676,-0.000996,0.999398,0,0.68367,0.70873,41.020,1.417,-1,400.000,-1,400.000,-1,325.000,325.000,325.000,300.000,-1,-1,-1,-1,800.000,800.000,-1,-1,2,0,2,0,2,0,0,0,0,2,2,2,2,0,0,2,2
12,5.536,7369.738,-121.626,-21.253,0.931479,0.362486,-0.030826,-0.362204,0.931987,0.014479,0.033978,-0.002322,0.999420,0,0.68665,0.70527,41.199,1.411,-1,400.000,-1,400.000,-1,325.000,325.000,325.000,300.000,-1,-1,-1,-1,800.000,775.000,-1,-1,2,0,2,0,2,0,0,0,0,2,2,2,2,0,0,2,2
13,44.455,7355.688,-120.260,-19.849,0.940108,0.339546,-0.030076,-0.339247,0.940582,0.014696,0.033279,-0.003613,0.999440,0,0.68962,0.70181,41.377,1.404,-1,400.000,-1,400.000,-1,325.000,325.000,325.000,300.000,-1,-1,-1,-1,800.000,775.000,-1,-1,2,0,2,0,2,0,0,0,0,2,2,2,2,0,0,2,2
14,83.873,7342.535,-118.943,-18.453,0.948126,0.316518,-0.029556,-0.316206,0.948575,0.014807,0.032722,-0.004693,0.999453,0,0.69257,0.69835,41.554,1.397,-1,400.000,-1,400.000,-1,325.000,325.000,300.000,300.000,-1,-1,-1,-1,800.000,775.000,-1,-1,2,0,2,0,2,0,0,0,0,2,2,2,2,0,0,2,2
15,123.765,7330.291,-117.679,-17.063,0.955543,0.293417,-0.029054,-0.293100,0.955968,0.014731,0.032097,-0.005560,0.999469,0,0.69549,0.69489,41.730,1.390,-1,400.000,-1,400.000,-1,325.000,325.000,300.000,300.000,-1,-1,-1,-1,800.000,775.000,-1,-1,2,0,2,0,2,0,0,0,0,2,2,2,2,0,0,2,2
16,164.110,7318.966,-116.424,-15.680,0.962365,0.270259,-0.028525,-0.269939,0.962766,0.014627,0.031416,-0.006377,0.999486,0,0.69839,0.69143,41.904,1.383,-1,400.000,-1,400.000,-1,325.000,325.000,300.000,300.000,-1,-1,-1,-1,800.000,775.000,-1,-1,2,0,2,0,2,0,0,0,0,2,2,2,2,0,0,2,2
17,204.881,7308.570,-115.167,-14.304,0.968595,0.247061,-0.027991,-0.246737,0.968973,0.014558,0.030719,-0.007194,0.999502,0,0.70127,0.68798,42.076,1.376,-1,400.000,-1,400.000,-1,325.000,325.000,325.000,300.000,-1,-1,-1,-1,800.000,775.000,-1,-1,2,0,2,0,2,0,0,0,0,2,2,2,2,0,0,2,2
18,246.057,7299.114,-113.908,-12.935,0.974240,0.223838,-0.027451,-0.223510,0.974593,0.014521,0.030004,-0.008012,0.999518,0,0.70412,0.68454,42.247,1.369,-1,400.000,-1,400.000,-1,325.000,325.000,325.000,300.000,-1,-1,-1,-1,800.000,775.000,-1,-1,2,0,2,0,2,0,0,0,0,2,2,2,2,0,0,2,2
19,287.611,7290.604,-112.651,-11.573,0.979303,0.200605,-0.026906,-0.200274,0.979632,0.014517,0.029270,-0.008828,0.999533,0,0.70694,0.68109,42.417,1.362,-1,400.000,-1,400.000,-1,325.000,325.000,325.000,300.000,-1,-1,-1,-1,800.000,775.000,-1,-1,2,0,2,0,2,0,0,0,0,2,2,2,2,0,0,2,2
20,329.520,7283.051,-111.397,-10.217,0.983790,0.177377,-0.026354,-0.177042,0.984096,0.014545,0.028514,-0.009644,0.999547,0,0.70974,0.67766,42.584,1.355,-1,400.000,-1,400.000,-1,325.000,325.000,325.000,300.000,-1,-1,-1,-1,825.000,775.000,-1,-1,2,0,2,0,2,0,0,0,0,2,2,2,2,0,0,2,2
21,371.759,7276.460,-110.147,-8.869,0.987708,0.154168,-0.025794,-0.153830,0.987989,0.014604,0.027736,-0.010457,0.999561,0,0.71251,0.67423,42.750,1.348,-1,400.000,-1,400.000,-1,325.000,325.000,325.000,300.000,-1,-1,-1,-1,825.000,775.000,-1,-1,2,0,2,0,2,0,0,0,0,2,2,2,2,0,0,2,2
22,414.304,7270.838,-108.904,-7.527,0.991062,0.130992,-0.025226,-0.130652,0.991319,0.014694,0.026932,-0.011267,0.999574,0,0.71524,0.67080,42.914,1.342,-1,400.000,-1,400.000,-1,325.000,325.000,325.000,300.000,-1,-1,-1,-1,825.000,775.000,-1,-1,2,0,2,0,2,0,0,0,0,2,2,2,2,0,0,2,2
23,457.129,7266.191,-107.670,-6.193,0.993860,0.107864,-0.024649,-0.107522,0.994092,0.014816,0.026101,-0.012075,0.999586,0,0.71794,0.66739,43.077,1.335,-1,400.000,-1,400.000,-1,325.000,325.000,325.000,300.000,-1,-1,-1,-1,825.000,775.000,-1,-1,2,0,2,0,2,0,0,0,0,2,2,2,2,0,0,2,2
24,500.210,7262.525,-106.446,-4.865,0.996108,0.084796,-0.024061,-0.084452,0.996315,0.014969,0.025242,-0.012879,0.999598,0,0.72062,0.66398,43.237,1.328,-1,400.000,-1,400.000,-1,325.000,325.000,325.000,300.000,-1,-1,-1,-1,825.000,775.000,-1,-1,2,0,2,0,2,0,0,0,0,2,2,2,2,0,0,2,2
25,545.910,7259.892,-105.171,-3.297,0.998071,0.057502,-0.023423,-0.057156,0.998250,0.015162,0.024254,-0.013794,0.999611,0,0.76293,0.78398,45.776,1.568,-1,400.000,-1,400.000,-1,325.000,325.000,325.000,300.000,-1,-1,-1,-1,825.000,775.000,-1,-1,2,0,2,0,2,0,0,0,0,2,2,2,2,0,0,2,2
26,591.837,7258.699,-103.944,-1.489,0.999402,0.025979,-0.022840,-0.025628,0.999551,0.015501,0.023232,-0.014906,0.999619,0,0.76571,0.90398,45.942,1.808,-1,400.000,-1,400.000,-1,325.000,325.000,325.000,300.000,-1,-1,-1,-1,825.000,775.000,-1,-1,2,0,2,0,2,0,0,0,0,2,2,2,2,0,0,2,2
27,637.944,7259.111,-102.766,0.511,0.999712,-0.008921,-0.022299,0.009278,0.999830,0.015959,0.022153,-0.016161,0.999624,0,0.76849,1.00000,46.109,2.000,-1,400.000,-1,400.000,-1,325.000,325.000,325.000,300.000,-1,-1,-1,-1,850.000,775.000,-1,-1,2,0,2,0,2,0,0,0,0,2,2,2,2,0,0,2,2
28,684.647,7261.159,-101.851,2.511,0.998803,-0.043808,-0.021742,0.044169,0.998890,0.016381,0.021000,-0.017321,0.999629,0,0.77914,1.00000,46.748,2.000,-1,400.000,-1,400.000,-1,325.000,325.000,325.000,300.000,-1,-1,-1,-1,850.000,775.000,-1,-1,2,0,2,0,2,0,0,0,0,2,2,2,2,0,0,2,2
29,732.802,7264.959,-101.132,4.511,0.996685,-0.078640,-0.020840,0.079004,0.996725,0.017252,0.019415,-0.018842,0.999634,0,0.80507,1.00000,48.304,2.000,-1,400.000,-1,400.000,-1,325.000,325.000,325.000,300.000,-1,-1,-1,-1,850.000,775.000,-1,-1,2,0,2,0,2,0,0,0,0,2,2,2,2,0,0,2,2
30,780.877,7270.446,-100.452,6.511,0.993353,-0.113374,-0.019920,0.113738,0.993344,0.018209,0.017723,-0.020354,0.999636,0,0.80646,1.00000,48.388,2.000,-1,400.000,-1,400.000,-1,325.000,325.000,325.000,300.000,-1,-1,-1,-1,850.000,800.000,-1,-1,2,0,2,0,2,0,0,0,0,2,2,2,2,0,0,2,2
31,828.818,7277.621,-99.814,8.511,0.988810,-0.147968,-0.018990,0.148328,0.988751,0.019249,0.015928,-0.021851,0.999634,0,0.80792,1.00000,48.475,2.000,-1,400.000,-1,400.000,-1,325.000,325.000,325.000,300.000,-1,-1,-1,-1,850.000,800.000,-1,-1,2,0,2,0,2,0,0,0,0,2,2,2,2,0,0,2,2
32,876.569,7286.481,-99.224,10.511,0.983063,-0.182378,-0.018059,0.182732,0.982952,0.020372,0.014036,-0.023327,0.999629,0,0.80944,1.00000,48.566,2.000,-1,400.000,-1,400.000,-1,325.000,325.000,325.000,300.000,-1,-1,-1,-1,850.000,800.000,-1,-1,2,0,2,0,2,0,0,0,0,2,2,2,2,0,0,2,2
33,924.075,7297.023,-98.686,12.511,0.976118,-0.216564,-0.017133,0.216906,0.975954,0.021573,0.012049,-0.024774,0.999620,0,0.81102,1.00000,48.661,2.000,-1,400.000,-1,400.000,-1,325.000,325.000,325.000,300.000,-1,-1,-1,-1,850.000,800.000,-1,-1,2,0,2,0,2,0,0,0,0,2,2,2,2,0,0,2,2
34,971.278,7309.241,-98.202,14.511,0.967985,-0.250483,-0.016221,0.250810,0.967767,0.022851,0.009975,-0.026188,0.999607,0,0.81265,1.00000,48.759,2.000,-1,400.000,-1,400.000,-1,325.000,325.000,325.000,300.000,-1,-1,-1,-1,850.000,800.000,-1,-1,2,0,2,0,2,0,0,0,0,2,2,2,2,0,0,2,2
35,1018.124,7323.128,-97.778,16.511,0.958674,-0.284095,-0.015330,0.284401,0.958400,0.024201,0.007817,-0.027561,0.999590,0,0.81435,1.00000,48.861,2.000,-1,400.000,-1,400.000,-1,325.000,325.000,300.000,300.000,-1,-1,-1,-1,850.000,800.000,-1,-1,2,0,2,0,2,0,0,0,0,2,2,2,2,0,0,2,2
36,1064.556,7338.675,-97.417,18.511,0.948196,-0.317358,-0.014468,0.317638,0.947866,0.025619,0.005583,-0.028888,0.999567,0,0.81610,1.00000,48.966,2.000,-1,400.000,-1,400.000,-1,325.000,325.000,300.000,300.000,-1,-1,-1,-1,850.000,800.000,-1,-1,2,0,2,0,2,0,0,0,0,2,2,2,2,0,0,2,2
37,1110.518,7355.871,-97.122,20.511,0.936564,-0.350231,-0.013640,0.350481,0.936178,0.027101,0.003278,-0.030163,0.999540,0,0.81790,1.00000,49.074,2.000,-1,400.000,-1,400.000,-1,325.000,325.000,300.000,300.000,-1,-1,-1,-1,825.000,800.000,-1,-1,2,0,2,0,2,0,0,0,0,2,2,2,2,0,0,2,2
38,1155.956,7374.703,-96.897,22.511,0.923793,-0.382676,-0.012855,0.382890,0.923350,0.028641,0.000909,-0.031380,0.999507,0,0.81976,1.00000,49.186,2.000,1000.000,400.000,-1,400.000,-1,325.000,325.000,300.000,300.000,-1,-1,-1,-1,825.000,800.000,-1,-1,1,0,2,0,2,0,0,0,0,2,2,2,2,0,0,2,2
39,1200.813,7395.156,-96.812,24.511,0.909897,-0.414655,-0.012193,0.414832,0.909406,0.029929,-0.001321,-0.032290,0.999478,0,0.82167,1.00000,49.300,2.000,925.000,400.000,-1,400.000,-1,325.000,325.000,300.000,300.000,-1,-1,-1,-1,825.000,800.000,-1,-1,1,0,2,0,2,0,0,0,0,2,2,2,2,0,0,2,2
40,1245.034,7417.215,-96.892,26.511,0.894892,-0.446133,-0.011556,0.446269,0.894365,0.030898,-0.003449,-0.032807,0.999456,0,0.82363,1.00000,49.418,2.000,875.000,400.000,-1,400.000,-1,325.000,325.000,300.000,300.000,-1,-1,-1,-1,825.000,800.000,-1,-1,1,0,2,0,2,0,0,0,0,2,2,2,2,1,0,2,2
41,1288.564,7440.861,-97.173,28.511,0.878802,-0.477074,-0.010377,0.477149,0.878251,0.031682,-0.006001,-0.032794,0.999444,0,0.82563,1.00000,49.538,2.000,800.000,400.000,-1,400.000,-1,325.000,325.000,300.000,300.000,-1,-1,-1,-1,775.000,800.000,1000.000,-1,1,0,2,0,2,0,0,0,0,2,2,2,2,1,0,1,2
42,1331.348,7466.074,-97.512,30.511,0.861641,-0.507434,-0.009292,0.507447,0.861066,0.032589,-0.008535,-0.032795,0.999426,0,0.82768,1.00000,49.661,2.000,750.000,400.000,-1,400.000,-1,325.000,325.000,300.000,300.000,-1,-1,-1,-1,750.000,800.000,925.000,-1,1,0,2,0,2,0,0,0,0,2,2,2,2,1,0,1,2
43,1373.331,7492.833,-97.934,32.511,0.843430,-0.537173,-0.008438,0.537128,0.842830,0.033646,-0.010962,-0.032911,0.999398,0,0.82977,1.00000,49.786,2.000,700.000,400.000,-1,400.000,-1,325.000,325.000,300.000,300.000,-1,-1,-1,-1,700.000,800.000,850.000,-1,1,0,2,0,2,0,0,0,0,2,2,2,2,1,0,1,2
44,1414.460,7521.112,-98.480,34.511,0.824192,-0.566253,-0.008033,0.566158,0.823558,0.034891,-0.013142,-0.033304,0.999359,0,0.83189,1.00000,49.913,2.000,650.000,400.000,-1,400.000,-1,325.000,325.000,300.000,300.000,-1,-1,-1,-1,675.000,800.000,775.000,-1,1,0,2,0,2,0,0,0,0,2,2,2,2,1,0,1,2
45,1454.681,7550.887,-99.160,36.511,0.803954,-0.594639,-0.007939,0.594499,0.803280,0.036232,-0.015168,-0.033849,0.999312,0,0.83404,1.00000,50.042,2.000,600.000,400.000,-1,400.000,-1,325.000,325.000,300.000,300.000,-1,-1,-1,-1,650.000,800.000,700.000,-1,1,0,2,0,2,0,0,0,0,2,2,2,2,1,0,1,2
46,1493.940,7582.128,-100.102,38.511,0.782735,-0.622314,-0.007106,0.622103,0.782042,0.037396,-0.017714,-0.033692,0.999275,0,0.83622,1.00000,50.173,2.000,550.000,400.000,-1,400.000,-1,325.000,325.000,300.000,300.000,-1,-1,-1,-1,600.000,800.000,625.000,-1,1,0,2,0,2,0,0,0,0,2,2,2,2,1,0,1,2
47,1532.186,7614.806,-101.116,40.511,0.760564,-0.649231,-0.006416,0.648948,0.759851,0.038630,-0.020205,-0.033544,0.999233,0,0.83842,1.00000,50.305,2.000,500.000,400.000,-1,400.000,-1,325.000,325.000,300.000,300.000,-1,-1,-1,-1,575.000,775.000,575.000,-1,1,1,2,0,2,0,0,0,0,2,2,2,2,1,0,1,2
48,1569.366,7648.889,-102.201,42.511,0.737467,-0.675357,-0.005873,0.675004,0.736734,0.039919,-0.022632,-0.033403,0.999186,0,0.84064,1.00000,50.438,2.000,450.000,375.000,-1,400.000,-1,325.000,325.000,300.000,300.000,-1,-1,-1,-1,550.000,775.000,500.000,-1,1,1,2,0,2,0,0,0,0,2,2,2,2,1,0,1,2
49,1605.429,7684.342,-103.355,44.511,0.713473,-0.700661,-0.005481,0.700237,0.712719,0.041227,-0.024980,-0.033253,0.999135,0,0.84286,1.00000,50.572,2.000,400.000,350.000,-1,400.000,-1,325.000,325.000,300.000,300.000,-1,-1,-1,-1,500.000,775.000,450.000,-1,1,1,2,0,2,0,0,0,0,2,2,2,2,1,0,1,2
50,1640.325,7721.129,-104.571,46.511,0.688611,-0.725112,-0.005235,0.724620,0.687836,0.042505,-0.027220,-0.033063,0.999083,0,0.84508,1.00000,50.705,2.000,350.000,325.000,-1,400.000,-1,325.000,325.000,300.000,300.000,-1,-1,-1,-1,475.000,725.000,400.000,-1,1,1,2,0,2,1,0,0,0,2,2,2,2,1,1,1,2
51,1674.004,7759.211,-105.870,48.511,0.662909,-0.748683,-0.005119,0.748127,0.662118,0.043669,-0.029305,-0.032778,0.999033,0,0.84730,1.00000,50.838,2.000,325.000,325.000,975.000,400.000,-1,300.000,325.000,300.000,300.000,-1,-1,-1,-1,450.000,675.000,350.000,-1,1,1,1,0,2,1,0,0,0,2,2,2,2,1,1,1,2
52,1706.418,7798.545,-106.175,50.511,0.636261,-0.771465,-0.003730,0.771000,0.635693,0.038132,-0.027046,-0.027138,0.999266,0,0.84949,1.00000,50.970,2.000,300.000,300.000,925.000,400.000,-1,275.000,325.000,325.000,300.000,-1,-1,-1,-1,425.000,625.000,325.000,975.000,1,1,1,0,2,1,1,0,0,2,2,2,2,1,1,1,1
53,1737.520,7839.088,-105.536,52.511,0.608764,-0.793351,-0.000785,0.793060,0.608513,0.027721,-0.021515,-0.017498,0.999615,0,0.85166,1.00000,51.099,2.000,300.000,300.000,900.000,375.000,-1,275.000,300.000,325.000,300.000,-1,-1,-1,-1,425.000,600.000,325.000,875.000,1,1,1,1,2,1,1,1,0,2,2,2,2,1,1,1,1
54,1767.261,7880.797,-104.909,54.511,0.580571,-0.814204,0.002855,0.814055,0.580526,0.017417,-0.015839,-0.007788,0.999844,0,0.85378,1.00000,51.227,2.000,300.000,300.000,875.000,375.000,-1,275.000,300.000,350.000,300.000,-1,-1,-1,-1,425.000,550.000,325.000,800.000,1,1,1,1,2,1,1,1,0,2,2,2,2,1,1,1,1
55,1793.041,7919.408,-104.352,56.271,0.555223,-0.831675,0.006711,0.831635,0.555262,0.008228,-0.010569,0.001013,0.999944,0,0.77378,0.88000,46.427,1.760,300.000,275.000,875.000,350.000,-1,250.000,275.000,350.000,275.000,-1,-1,-1,-1,400.000,525.000,300.000,725.000,1,1,1,1,2,1,1,1,0,2,2,2,2,1,1,1,1
56,1815.186,7954.655,-103.912,57.859,0.531959,-0.846702,0.010710,0.846751,0.531989,-0.000076,-0.005633,0.009109,0.999943,0,0.69378,0.79368,41.627,1.587,300.000,275.000,900.000,350.000,850.000,250.000,275.000,375.000,275.000,-1,-1,375.000,-1,400.000,500.000,300.000,650.000,1,1,1,1,1,1,1,1,0,2,2,0,2,1,1,1,1
57,1833.903,7986.370,-103.658,59.450,0.508280,-0.861062,0.014966,0.861192,0.508222,-0.007684,-0.000990,0.016794,0.999858,0,0.61378,0.79558,36.827,1.591,300.000,275.000,900.000,325.000,750.000,250.000,275.000,375.000,275.000,-1,525.000,200.000,-1,400.000,475.000,300.000,600.000,1,1,1,1,1,1,1,1,0,2,0,0,2,1,1,1,1
58,1849.407,8014.394,-103.464,61.044,0.484200,-0.874747,0.019204,0.874953,0.484006,-0.014010,0.002960,0.023586,0.999717,0,0.53378,0.79704,32.027,1.594,300.000,275.000,925.000,300.000,650.000,250.000,250.000,400.000,275.000,-1,400.000,150.000,-1,400.000,450.000,300.000,550.000,1,1,1,1,1,1,1,1,0,2,0,0,2,1,1,1,1
59,1861.919,8038.575,-102.449,62.640,0.459769,-0.887831,0.019184,0.887995,0.459425,-0.019856,0.008815,0.026164,0.999619,0,0.45378,0.79802,27.227,1.596,325.000,275.000,975.000,300.000,625.000,250.000,250.000,400.000,275.000,-1,300.000,150.000,-1,400.000,450.000,300.000,525.000,1,1,1,1,1,1,1,1,0,2,0,0,2,1,1,1,1
60,1871.667,8058.772,-100.650,64.237,0.434959,-0.900325,0.015033,0.900300,0.434521,-0.025523,0.016447,0.024635,0.999561,0,0.37378,0.79848,22.427,1.597,325.000,275.000,-1,300.000,600.000,250.000,250.000,400.000,300.000,-1,250.000,125.000,-1,400.000,450.000,325.000,525.000,1,1,2,1,1,1,1,1,0,2,0,0,2,1,1,1,1
61,1878.883,8074.854,-99.154,65.834,0.409760,-0.912117,0.011784,0.911914,0.409280,-0.030052,0.022588,0.023060,0.999479,0,0.29378,0.79837,17.627,1.597,350.000,275.000,-1,300.000,600.000,250.000,250.000,400.000,300.000,-1,200.000,125.000,-1,400.000,475.000,350.000,525.000,1,1,2,1,1,1,1,1,0,2,0,0,2,1,1,1,1
62,1883.806,8086.698,-97.970,67.429,0.384226,-0.923192,0.009352,0.922839,0.383741,-0.033348,0.027198,0.021443,0.999400,0,0.21378,0.79769,12.827,1.595,350.000,275.000,-1,300.000,600.000,250.000,250.000,400.000,300.000,-1,200.000,125.000,-1,425.000,475.000,350.000,525.000,1,1,2,1,1,1,1,1,0,2,0,0,2,1,1,1,1
63,1886.680,8094.193,-97.103,69.022,0.358409,-0.933534,0.007640,0.933075,0.357943,-0.035324,0.030242,0.019789,0.999347,0,0.13378,0.79641,8.027,1.593,375.000,275.000,-1,300.000,575.000,250.000,250.000,400.000,325.000,-1,175.000,100.000,-1,425.000,475.000,350.000,525.000,1,1,2,1,1,1,1,1,0,2,0,0,2,1,1,1,1
64,1887.752,8097.236,-96.561,70.611,0.332357,-0.943131,0.006544,0.942621,0.331929,-0.035900,0.031686,0.018100,0.999334,0,0.05378,0.79453,3.227,1.589,375.000,275.000,-1,300.000,575.000,250.000,250.000,400.000,325.000,-1,175.000,100.000,-1,425.000,475.000,375.000,500.000,1,1,2,1,1,1,1,1,0,2,0,0,2,1,1,1,1
65,1887.271,8095.738,-96.348,72.195,0.306118,-0.951975,0.005956,0.951472,0.305738,-0.035000,0.031499,0.016381,0.999370,0,-0.02622,0.79208,-1.573,1.584,400.000,275.000,-1,300.000,550.000,250.000,250.000,400.000,325.000,-1,175.000,125.000,-1,425.000,475.000,375.000,500.000,1,1,2,1,1,1,1,1,0,2,0,0,2,1,1,1,1
66,1886.412,8092.784,-96.260,73.773,0.279741,-0.960060,0.005463,0.959583,0.279411,-0.033621,0.030751,0.014648,0.999420,0,-0.05126,0.78908,-3.076,1.578,-1,275.000,-1,300.000,550.000,250.000,250.000,400.000,325.000,-1,175.000,125.000,-1,425.000,475.000,375.000,500.000,2,1,2,1,1,1,1,1,0,2,0,0,2,1,1,1,1
67,1885.658,8089.899,-96.193,75.345,0.253258,-0.967386,0.004899,0.966934,0.252976,-0.032265,0.029973,0.012908,0.999467,0,-0.04969,0.78594,-2.981,1.572,-1,275.000,-1,300.000,525.000,250.000,250.000,400.000,325.000,-1,175.000,125.000,-1,425.000,475.000,375.000,500.000,2,1,2,1,1,1,1,1,0,2,0,0,2,1,1,1,1
68,1885.003,8087.082,-96.148,76.911,0.226690,-0.973958,0.004265,0.973530,0.226455,-0.030935,0.029164,0.011165,0.999512,0,-0.04821,0.78284,-2.893,1.566,-1,275.000,-1,300.000,525.000,250.000,250.000,400.000,350.000,-1,175.000,125.000,-1,425.000,450.000,375.000,475.000,2,1,2,1,1,1,1,1,0,2,0,0,2,1,1,1,1
69,1885.393,8088.949,-95.847,78.236,0.204067,-0.978951,0.003389,0.978500,0.203864,-0.031266,0.029916,0.009697,0.999505,0,0.03179,0.66284,1.907,1.326,-1,275.000,-1,300.000,500.000,250.000,250.000,400.000,350.000,-1,150.000,125.000,-1,425.000,450.000,375.000,475.000,2,1,2,1,1,1,1,1,0,2,0,0,2,1,1,1,1
70,1886.636,8095.540,-95.278,79.322,0.185461,-0.982649,0.002378,0.982122,0.185281,-0.033284,0.032266,0.008508,0.999443,0,0.11179,0.54284,6.707,1.086,-1,275.000,-1,300.000,500.000,250.000,250.000,400.000,350.000,-1,150.000,125.000,-1,425.000,450.000,400.000,475.000,2,1,2,1,1,1,1,1,0,2,0,0,2,1,1,1,1
71,1888.601,8106.879,-94.431,80.168,0.170923,-0.985284,0.001297,0.984618,0.170758,-0.037002,0.036236,0.007601,0.999314,0,0.19179,0.42284,11.507,0.846,-1,275.000,-1,300.000,500.000,250.000,250.000,400.000,350.000,-1,150.000,125.000,-1,425.000,450.000,425.000,500.000,2,1,2,1,1,1,1,1,0,2,0,0,2,1,1,1,1
72,2295.701,-8855.225,-66.476,-151.727,-0.809447,0.464353,0.359406,-0.504190,-0.863360,-0.020063,0.300980,-0.197449,0.932966,1,0.00000,0.00000,16.307,0.606,-1,300.000,-1,200.000,200.000,225.000,175.000,350.000,-1,175.000,25.000,100.000,775.000,450.000,250.000,-1,150.000,2,1,2,1,1,1,1,0,2,0,0,0,1,1,1,2,1
73,9506.217,7543.093,-88.986,-178.476,-0.999083,0.026596,-0.033538,-0.026592,-0.999646,-0.000587,-0.033542,0.000306,0.999437,1,0.08000,0.12000,4.800,0.240,-1,375.000,-1,575.000,-1,325.000,325.000,325.000,300.000,-1,800.000,975.000,-1,-1,-1,-1,-1,2,0,2,1,2,0,0,0,0,2,0,0,2,2,2,2,2
74,9496.623,7542.757,-89.309,-177.996,-0.998832,0.034970,-0.033349,-0.034969,-0.999388,-0.000621,-0.033351,0.000546,0.999444,0,0.16000,0.24000,9.600,0.480,-1,-1,-1,650.000,-1,325.000,325.000,325.000,300.000,-1,800.000,1000.000,-1,-1,-1,-1,-1,2,2,2,1,2,0,0,0,0,2,0,0,2,2,2,2,2
75,9482.239,7542.073,-89.794,-177.276,-0.998323,0.047526,-0.033067,-0.047529,-0.998870,-0.000671,-0.033061,0.000902,0.999453,0,0.24000,0.36000,14.400,0.720,-1,-1,-1,725.000,-1,325.000,325.000,325.000,300.000,-1,800.000,1000.000,-1,-1,-1,-1,-1,2,2,2,1,2,0,0,0,0,2,0,0,2,2,2,2,2
76,9463.079,7540.839,-90.439,-176.316,-0.997398,0.064254,-0.032690,-0.064265,-0.997933,-0.000736,-0.032670,0.001367,0.999465,0,0.32000,0.48000,19.200,0.960,-1,-1,-1,850.000,-1,325.000,325.000,325.000,300.000,-1,800.000,-1,-1,-1,-1,-1,-1,2,2,2,1,2,1,1,0,0,2,0,2,2,2,2,2,2
77,9439.166,7538.796,-91.243,-175.116,-0.995848,0.085139,-0.032220,-0.085157,-0.996367,-0.000812,-0.032172,0.001936,0.999480,0,0.40000,0.60000,24.000,1.200,-1,-1,-1,975.000,-1,-1,-1,325.000,300.000,-1,800.000,-1,-1,-1,-1,-1,-1,2,2,2,1,2,2,2,0,0,2,0,2,2,2,2,2,2
78,9410.542,7535.623,-92.204,-173.676,-0.993411,0.110151,-0.031654,-0.110178,-0.993911,-0.000894,-0.031560,0.002599,0.999498,0,0.48000,0.72000,28.800,1.440,-1,-1,-1,-1,-1,-1,-1,325.000,300.000,-1,800.000,-1,-1,-1,-1,-1,-1,2,2,2,2,2,2,2,0,0,2,0,2,2,2,2,2,2
79,9377.269,7530.945,-93.319,-171.996,-0.989773,0.139242,-0.030991,-0.139279,-0.990253,-0.000979,-0.030825,0.003348,0.999519,0,0.56000,0.84000,33.600,1.680,-1,-1,-1,-1,-1,-1,-1,325.000,300.000,-1,825.000,-1,-1,-1,-1,-1,-1,2,2,2,2,2,2,2,0,0,2,0,2,2,2,2,2,2
80,9339.429,7524.408,-94.585,-170.199,-0.984942,0.170225,-0.030223,-0.170271,-0.985397,-0.001060,-0.029962,0.004102,0.999543,0,0.64000,0.89846,38.400,1.797,-1,-1,-1,-1,-1,-1,-1,325.000,300.000,-1,825.000,-1,-1,-1,-1,-1,-1,2,2,2,2,2,2,2,0,0,2,0,2,2,2,2,2,2
81,9297.111,7515.728,-96.001,-168.409,-0.979167,0.200927,-0.029342,-0.200981,-0.979595,-0.001133,-0.028971,0.004787,0.999569,0,0.72000,0.89516,43.200,1.790,-1,-1,-1,-1,-1,-1,-1,325.000,300.000,-1,850.000,-1,-1,-1,-1,-1,-1,2,2,2,2,2,2,2,0,0,2,0,2,2,2,2,2,2
82,9251.307,7504.838,-97.522,-166.626,-0.972467,0.231305,-0.028386,-0.231364,-0.972867,-0.001242,-0.027904,0.005360,0.999596,0,0.78467,0.89140,47.080,1.783,-1,-1,-1,-1,-1,-1,-1,325.000,300.000,-1,825.000,-1,-1,-1,-1,-1,-1,2,2,2,2,2,2,2,0,0,2,0,2,2,2,2,2,2
83,9205.727,7492.498,-102.387,-164.852,-0.964392,0.261274,-0.041030,-0.261801,-0.965089,0.007946,-0.037521,0.018405,0.999126,0,0.78700,0.88710,47.220,1.774,-1,-1,-1,-1,-1,-1,-1,325.000,275.000,-1,-1,-1,-1,-1,-1,-1,-1,2,2,2,2,2,2,2,0,0,2,2,2,2,2,2,2,2
84,9160.433,7478.719,-110.618,-163.087,-0.954454,0.290636,-0.067433,-0.292849,-0.955821,0.025427,-0.057064,0.044017,0.997400,0,0.78902,0.88232,47.341,1.765,-1,-1,-1,-1,-1,-1,-1,350.000,225.000,-1,-1,-1,-1,-1,-1,-1,-1,2,2,2,2,2,2,2,0,0,2,2,2,2,2,2,2,2
85,9115.490,7463.522,-119.349,-161.333,-0.942690,0.319243,-0.097050,-0.324406,-0.944953,0.042712,-0.078073,0.071748,0.994363,0,0.79066,0.87704,47.440,1.754,-1,-1,-1,-1,-1,-1,-1,375.000,175.000,-1,-1,-1,-1,-1,-1,-1,-1,2,2,2,2,2,2,2,0,0,2,2,2,2,2,2,2,2
86,2295.769,2295.702,-99.168,-167.295,-0.973976,0.219153,0.057822,-0.212869,-0.972084,0.098687,0.077835,0.083810,0.993437,1,0.00000,0.00000,47.511,1.742,200.000,250.000,-1,500.000,-1,250.000,350.000,500.000,275.000,-1,275.000,100.000,600.000,325.000,975.000,200.000,-1,1,1,2,0,2,1,1,0,0,2,0,0,0,1,0,1,2
87,2291.091,2294.625,-98.739,-167.055,-0.973031,0.223201,0.058250,-0.216742,-0.971059,0.100331,0.078958,0.085000,0.993248,0,0.08000,0.12000,4.800,0.240,200.000,250.000,-1,500.000,-1,250.000,350.000,500.000,275.000,-1,250.000,100.000,600.000,325.000,1000.000,200.000,-1,1,1,2,0,2,1,1,0,0,2,0,0,0,1,0,1,2
88,2281.754,2292.393,-97.871,-166.575,-0.971091,0.231279,0.059090,-0.224462,-0.968953,0.103669,0.081232,0.087409,0.992855,0,0.16000,0.24000,9.600,0.480,200.000,250.000,-1,500.000,-1,250.000,350.000,500.000,275.000,-1,250.000,100.000,575.000,325.000,1000.000,200.000,-1,1,1,2,0,2,1,1,0,0,2,0,0,0,1,0,1,2
89,2267.782,2288.909,-96.522,-166.024,-0.968755,0.240507,0.060588,-0.233104,-0.966345,0.108809,0.084718,0.091285,0.992215,0,0.24000,0.27563,14.400,0.551,200.000,250.000,-1,500.000,-1,250.000,325.000,525.000,275.000,-1,250.000,75.000,550.000,325.000,1000.000,200.000,-1,1,1,2,0,2,1,1,0,0,2,0,0,0,1,0,1,2
90,2249.198,2284.084,-94.654,-165.472,-0.966287,0.249675,0.062858,-0.241411,-0.963479,0.115884,0.089495,0.096803,0.991272,0,0.32000,0.27600,19.200,0.552,200.000,250.000,-1,525.000,-1,250.000,325.000,550.000,275.000,-1,225.000,75.000,525.000,325.000,-1,200.000,-1,1,1,2,0,2,1,1,0,0,2,0,0,0,1,2,1,2
91,2226.027,2277.827,-92.231,-164.918,-0.963685,0.258782,0.065904,-0.249324,-0.960311,0.125062,0.095652,0.104089,0.989958,0,0.40000,0.27683,24.000,0.554,200.000,250.000,-1,525.000,-1,250.000,325.000,575.000,275.000,-1,225.000,75.000,475.000,325.000,-1,175.000,-1,1,1,2,0,2,1,1,0,0,2,0,0,0,1,2,1,2
92,2198.297,2270.047,-89.207,-164.362,-0.960941,0.267821,0.069739,-0.256753,-0.956783,0.136543,0.103294,0.113304,0.988176,0,0.48000,0.27812,28.800,0.556,175.000,250.000,-1,525.000,-1,250.000,325.000,625.000,250.000,-1,225.000,50.000,425.000,300.000,-1,175.000,-1,1,1,2,1,2,1,1,0,0,2,0,0,0,1,2,1,2
93,2166.035,2260.652,-85.526,-163.802,-0.958051,0.276779,0.074377,-0.263577,-0.952815,0.150566,0.112541,0.124646,0.985798,0,0.56000,0.27994,33.600,0.560,175.000,225.000,-1,525.000,-1,225.000,325.000,675.000,250.000,-1,200.000,50.000,375.000,300.000,-1,175.000,-1,1,1,2,1,2,1,1,0,0,2,0,0,0,1,2,1,2
94,2129.274,2249.547,-81.123,-163.237,-0.955009,0.285632,0.079830,-0.269631,-0.948300,0.167410,0.123521,0.138354,0.982650,0,0.64000,0.28236,38.400,0.565,175.000,225.000,-1,525.000,-1,225.000,325.000,750.000,250.000,-1,200.000,25.000,325.000,300.000,-1,175.000,-1,1,1,2,1,2,1,1,0,0,2,0,0,0,1,2,1,2
95,-983.898,-6887.285,35.005,104.276,-0.246768,-0.969072,0.002061,0.967941,-0.246581,-0.047831,0.046860,-0.009809,0.998853,1,0.00000,0.00000,43.200,0.571,-1,400.000,-1,400.000,-1,325.000,325.000,300.000,300.000,-1,-1,-1,-1,925.000,900.000,-1,-1,2,0,2,0,2,0,0,0,0,2,2,2,2,0,0,2,2
96,-985.063,-6882.629,35.233,104.036,-0.242706,-0.970098,0.001936,0.968975,-0.242520,-0.047653,0.046698,-0.009690,0.998862,0,0.08000,-0.12000,4.800,-0.240,-1,400.000,-1,400.000,-1,325.000,325.000,300.000,300.000,-1,-1,-1,-1,925.000,900.000,-1,-1,2,0,2,0,2,0,0,0,0,2,2,2,2,0,0,2,2
97,-987.313,-6873.296,35.688,103.556,-0.234570,-0.972098,0.001691,0.970992,-0.234385,-0.047299,0.046375,-0.009453,0.998879,0,0.16000,-0.24000,9.600,-0.480,-1,400.000,-1,400.000,-1,325.000,325.000,300.000,300.000,-1,-1,-1,-1,925.000,900.000,-1,-1,2,0,2,0,2,0,0,0,0,2,2,2,2,0,0,2,2
98,-990.512,-6859.256,36.372,102.836,-0.222335,-0.974970,0.001331,0.973890,-0.222152,-0.046767,0.045892,-0.009102,0.998905,0,0.24000,-0.36000,14.400,-0.720,-1,400.000,-1,400.000,-1,325.000,325.000,300.000,300.000,-1,-1,-1,-1,925.000,900.000,-1,-1,2,0,2,0,2,0,0,0,0,2,2,2,2,0,0,2,2
99,-994.463,-6840.467,37.285,101.876,-0.205966,-0.978559,0.000868,0.977512,-0.205787,-0.046059,0.045250,-0.008638,0.998938,0,0.32000,-0.48000,19.200,-0.960,-1,400.000,-1,400.000,-1,325.000,325.000,300.000,300.000,-1,-1,-1,-1,925.000,900.000,-1,-1,2,0,2,0,2,0,0,0,0,2,2,2,2,0,0,2,2
100,-998.909,-6816.883,38.427,100.676,-0.185424,-0.982658,0.000315,0.981653,-0.185249,-0.045176,0.044451,-0.008068,0.998979,0,0.40000,-0.60000,24.000,-1.200,-1,425.000,-1,400.000,-1,325.000,325.000,300.000,300.000,-1,-1,-1,-1,925.000,900.000,-1,-1,2,0,2,0,2,0,0,0,0,2,2,2,2,0,0,2,2
101,-1003.625,-6788.471,39.799,99.424,-0.163911,-0.986475,-0.000319,0.985517,-0.163737,-0.044120,0.043471,-0.007546,0.999026,0,0.48000,-0.62593,28.800,-1.252,-1,425.000,-1,400.000,-1,325.000,325.000,300.000,300.000,-1,-1,-1,-1,925.000,900.000,-1,-1,2,0,2,0,2,0,0,0,0,2,2,2,2,0,0,2,2
102,-1008.401,-6755.213,41.400,98.172,-0.142321,-0.989820,-0.001024,0.988916,-0.142147,-0.042893,0.042310,-0.007117,0.999079,0,0.56000,-0.62593,33.600,-1.252,-1,425.000,-1,425.000,-1,325.000,325.000,300.000,300.000,-1,-1,-1,-1,925.000,900.000,-1,-1,2,0,2,0,2,0,0,0,0,2,2,2,2,0,0,2,2
103,-1013.028,-6717.093,43.229,96.920,-0.120666,-0.992692,-0.001789,0.991847,-0.120488,-0.041499,0.040980,-0.006782,0.999137,0,0.64000,-0.62593,38.400,-1.252,-1,425.000,-1,425.000,-1,325.000,325.000,300.000,300.000,-1,-1,-1,-1,925.000,900.000,-1,-1,2,0,2,0,2,0,0,0,0,2,2,2,2,0,0,2,2
104,-1017.295,-6674.104,45.286,95.669,-0.098955,-0.995089,-0.002606,0.994308,-0.098772,-0.039943,0.039489,-0.006544,0.999199,0,0.72000,-0.62593,43.200,-1.252,-1,425.000,-1,425.000,-1,325.000,325.000,300.000,300.000,-1,-1,-1,-1,925.000,900.000,-1,-1,2,0,2,0,2,0,0,0,0,2,2,2,2,0,0,2,2
105,-1020.991,-6626.247,47.570,94.417,-0.077197,-0.997010,-0.003463,0.996297,-0.077009,-0.038229,0.037848,-0.006402,0.999263,0,0.80000,-0.62593,48.000,-1.252,-1,425.000,-1,425.000,-1,350.000,350.000,300.000,300.000,-1,-1,-1,-1,925.000,900.000,-1,-1,2,0,2,0,2,0,0,0,0,2,2,2,2,0,0,2,2
106,-1023.906,-6573.528,50.034,93.165,-0.055397,-0.998456,-0.004165,0.997808,-0.055209,-0.036496,0.036210,-0.006178,0.999325,0,0.88000,-0.62593,52.800,-1.252,-1,425.000,-1,425.000,-1,350.000,350.000,300.000,300.000,-1,-1,-1,-1,925.000,900.000,-1,-1,2,0,2,0,2,0,0,0,0,2,2,2,2,0,0,2,2
107,-1025.793,-6517.061,51.603,91.913,-0.033540,-0.999429,-0.004045,0.998855,-0.033382,-0.034269,0.034114,-0.005189,0.999404,0,0.94164,-0.62593,56.499,-1.252,-1,425.000,-1,425.000,-1,350.000,350.000,300.000,300.000,-1,-1,-1,-1,925.000,875.000,-1,-1,2,0,2,0,2,0,0,0,0,2,2,2,2,0,0,2,2
108,-1026.445,-6460.566,52.826,90.661,-0.011703,-0.999919,-0.004998,0.999432,-0.011540,-0.031657,0.031597,-0.005365,0.999486,0,0.94164,-0.62593,56.499,-1.252,-1,425.000,-1,425.000,-1,350.000,350.000,300.000,300.000,-1,-1,-1,-1,900.000,875.000,-1,-1,2,0,2,0,2,0,0,0,0,2,2,2,2,0,0,2,2
109,-1025.862,-6404.071,54.055,89.409,0.010143,-0.999931,-0.005847,0.999525,0.010309,-0.029056,0.029115,-0.005550,0.999561,0,0.94164,-0.62593,56.499,-1.252,-1,425.000,-1,400.000,-1,350.000,325.000,300.000,300.000,-1,-1,-1,-1,900.000,850.000,-1,-1,2,0,2,0,2,0,0,0,0,2,2,2,2,0,0,2,2
110,-1024.046,-6347.602,55.290,88.157,0.031988,-0.999466,-0.006595,0.999132,0.032152,-0.026468,0.026666,-0.005742,0.999628,0,0.94164,-0.62593,56.499,-1.252,-1,425.000,-1,400.000,-1,325.000,325.000,300.000,300.000,-1,-1,-1,-1,875.000,850.000,-1,-1,2,0,2,0,2,0,0,0,0,2,2,2,2,0,0,2,2
111,-1020.991,-6291.075,56.537,86.907,0.053799,-0.998526,-0.007243,0.998257,0.053958,-0.023887,0.024243,-0.005945,0.999688,0,0.94349,-0.62530,56.609,-1.251,-1,425.000,-1,400.000,-1,325.000,325.000,300.000,300.000,-1,-1,-1,-1,875.000,825.000,-1,-1,2,0,2,0,2,0,0,0,0,2,2,2,2,0,0,2,2
112,-1016.690,-6234.413,57.798,85.659,0.075538,-0.997112,-0.007793,0.996904,0.075689,-0.021311,0.021839,-0.006159,0.999743,0,0.94708,-0.62388,56.825,-1.248,-1,425.000,-1,400.000,-1,325.000,325.000,300.000,275.000,-1,-1,-1,-1,875.000,825.000,-1,-1,2,0,2,0,2,0,0,0,0,2,2,2,2,0,0,2,2
113,-1011.139,-6177.651,59.076,84.415,0.097186,-0.995232,-0.008247,0.995076,0.097326,-0.018739,0.019452,-0.006386,0.999790,0,0.95055,-0.62223,57.033,-1.244,-1,400.000,-1,400.000,-1,325.000,325.000,300.000,300.000,-1,-1,-1,-1,850.000,825.000,-1,-1,2,0,2,0,2,0,0,0,0,2,2,2,2,0,0,2,2
114,-1004.337,-6120.823,60.372,83.174,0.118725,-0.992890,-0.008606,0.992780,0.118852,-0.016173,0.017081,-0.006623,0.999832,0,0.95389,-0.62033,57.233,-1.241,-1,400.000,-1,400.000,-1,325.000,325.000,300.000,300.000,-1,-1,-1,-1,850.000,800.000,-1,-1,2,0,2,0,2,0,0,0,0,2,2,2,2,0,0,2,2
115,-996.283,-6063.967,61.688,81.938,0.140136,-0.990093,-0.008869,0.990023,0.140248,-0.013614,0.014723,-0.006873,0.999868,0,0.95707,-0.61819,57.424,-1.236,-1,400.000,-1,400.000,-1,325.000,325.000,300.000,300.000,-1,-1,-1,-1,825.000,800.000,-1,-1,2,0,2,0,2,0,0,0,0,2,2,2,2,0,0,2,2
116,-986.980,-6007.120,63.025,80.706,0.161400,-0.986848,-0.009039,0.986811,0.161496,-0.011062,0.012376,-0.007135,0.999898,0,0.96006,-0.61578,57.603,-1.232,-1,400.000,-1,400.000,-1,325.000,325.000,300.000,300.000,-1,-1,-1,-1,825.000,800.000,-1,-1,2,0,2,0,2,0,0,0,0,2,2,2,2,1,0,2,2
117,-977.143,-5955.241,64.194,79.263,0.186207,-0.982466,-0.009416,0.982454,0.186290,-0.008942,0.010540,-0.007586,0.999916,0,0.88006,-0.72136,52.803,-1.443,-1,400.000,-1,400.000,-1,325.000,325.000,300.000,300.000,-1,-1,-1,-1,800.000,775.000,-1,-1,2,0,2,0,2,0,0,0,0,2,2,2,2,1,0,2,2
118,-967.020,-5908.317,64.904,77.826,0.210778,-0.977469,-0.011273,0.977487,0.210867,-0.007368,0.009579,-0.009466,0.999909,0,0.80006,-0.71853,48.003,-1.437,-1,400.000,-1,400.000,-1,325.000,325.000,300.000,300.000,-1,-1,-1,-1,800.000,775.000,-1,-1,2,0,2,0,2,0,0,0,0,2,2,2,2,1,0,2,2
119,-956.858,-5866.326,65.534,76.395,0.235125,-0.971879,-0.012946,0.971926,0.235214,-0.005812,0.008694,-0.011216,0.999899,0,0.72006,-0.71568,43.203,-1.431,-1,400.000,-1,400.000,-1,325.000,325.000,300.000,300.000,-1,-1,-1,-1,775.000,775.000,-1,-1,2,0,2,0,2,0,0,0,0,2,2,2,2,1,0,2,2
120,-946.398,-5827.372,65.862,74.969,0.259229,-0.965719,-0.013698,0.965777,0.259320,-0.005312,0.008682,-0.011853,0.999892,0,0.67224,-0.71284,40.335,-1.426,-1,400.000,-1,400.000,-1,325.000,325.000,300.000,300.000,-1,-1,-1,-1,800.000,775.000,-1,-1,2,0,2,0,2,0,0,0,0,2,2,2,2,1,0,2,2
121,-934.959,-5788.632,66.079,73.549,0.283082,-0.958994,-0.013950,0.959058,0.283170,-0.004729,0.008486,-0.012040,0.999892,0,0.67322,-0.70997,40.393,-1.420,-1,400.000,-1,400.000,-1,325.000,325.000,300.000,300.000,-1,-1,-1,-1,800.000,775.000,-1,-1,2,0,2,0,2,0,0,0,0,2,2,2,2,0,0,2,2
122,-922.554,-5750.144,66.303,72.135,0.306661,-0.951713,-0.014166,0.951783,0.306745,-0.004126,0.008272,-0.012218,0.999891,0,0.67396,-0.70693,40.437,-1.414,-1,400.000,-1,400.000,-1,325.000,325.000,300.000,300.000,-1,-1,-1,-1,800.000,800.000,-1,-1,2,0,2,0,2,0,0,0,0,2,2,2,2,0,0,2,2
123,-909.198,-5711.945,66.539,70.728,0.329949,-0.943890,-0.014368,0.943965,0.330028,-0.003511,0.008056,-0.012405,0.999891,0,0.67445,-0.70373,40.467,-1.407,-1,400.000,-1,400.000,-1,325.000,325.000,300.000,300.000,-1,-1,-1,-1,800.000,800.000,-1,-1,2,0,2,0,2,0,0,0,0,2,2,2,2,0,0,2,2
124,-894.906,-5674.070,66.787,69.327,0.352928,-0.935537,-0.014556,0.935618,0.353003,-0.002883,0.007835,-0.012601,0.999890,0,0.67469,-0.70039,40.482,-1.401,-1,400.000,-1,400.000,-1,325.000,325.000,300.000,300.000,-1,-1,-1,-1,775.000,800.000,-1,-1,2,0,2,0,2,0,0,0,0,2,2,2,2,0,0,2,2
125,-879.699,-5636.555,67.048,67.933,0.375583,-0.926672,-0.014728,0.926757,0.375654,-0.002241,0.007609,-0.012808,0.999889,0,0.67467,-0.69690,40.480,-1.394,-1,400.000,-1,400.000,-1,325.000,325.000,300.000,300.000,-1,-1,-1,-1,775.000,825.000,-1,-1,2,0,2,0,2,0,0,0,0,2,2,2,2,0,0,2,2
126,-863.595,-5599.435,67.324,66.547,0.397901,-0.917308,-0.014874,0.917399,0.397966,-0.001604,0.007391,-0.013007,0.999888,0,0.67437,-0.69330,40.462,-1.387,-1,400.000,-1,400.000,-1,325.000,325.000,300.000,300.000,-1,-1,-1,-1,775.000,825.000,-1,-1,2,0,2,0,2,0,0,0,0,2,2,2,2,0,0,2,2
127,-846.617,-5562.746,67.665,65.168,0.419867,-0.907464,-0.014880,0.907556,0.419929,-0.001201,0.007338,-0.013000,0.999889,0,0.67379,-0.68958,40.428,-1.379,-1,400.000,-1,400.000,-1,325.000,325.000,300.000,300.000,-1,-1,-1,-1,775.000,825.000,-1,-1,2,0,2,0,2,0,0,0,0,2,2,2,2,0,0,2,2
128,-828.788,-5526.519,68.022,63.796,0.441470,-0.897153,-0.014874,0.897246,0.441529,-0.000805,0.007290,-0.012990,0.999889,0,0.67293,-0.68576,40.376,-1.372,-1,400.000,-1,400.000,-1,325.000,325.000,300.000,300.000,-1,-1,-1,-1,775.000,850.000,-1,-1,2,0,2,0,2,0,0,0,0,2,2,2,2,0,0,2,2
129,-812.451,-5494.915,68.347,62.665,0.459103,-0.888259,-0.014858,0.888354,0.459160,-0.000459,0.007230,-0.012988,0.999890,0,0.59293,-0.56576,35.576,-1.132,-1,400.000,-1,400.000,-1,325.000,325.000,300.000,300.000,-1,-1,-1,-1,775.000,850.000,-1,-1,2,0,2,0,2,0,0,0,0,2,2,2,2,0,0,2,2
130,-797.895,-5467.799,68.635,61.773,0.472871,-0.881007,-0.014840,0.881103,0.472925,-0.000160,0.007159,-0.013000,0.999890,0,0.51293,-0.44576,30.776,-0.892,-1,400.000,-1,400.000,-1,325.000,325.000,300.000,300.000,-1,-1,-1,-1,775.000,850.000,-1,-1,2,0,2,0,2,0,0,0,0,2,2,2,2,0,0,2,2
131,-785.349,-5445.054,68.882,61.120,0.482887,-0.875557,-0.014822,0.875654,0.482939,0.000096,0.007074,-0.013025,0.999890,0,0.43293,-0.32664,25.976,-0.653,-1,400.000,-1,400.000,-1,325.000,325.000,300.000,300.000,-1,-1,-1,-1,775.000,875.000,-1,-1,2,0,2,0,2,0,0,0,0,2,2,2,2,0,0,2,2
132,-774.913,-5426.628,69.083,60.471,0.492767,-0.870035,-0.014834,0.870133,0.492818,0.000294,0.007055,-0.013052,0.999890,0,0.35293,-0.32426,21.176,-0.649,-1,400.000,-1,400.000,-1,325.000,325.000,300.000,300.000,-1,-1,-1,-1,775.000,875.000,-1,-1,2,0,2,0,2,0,0,0,0,2,2,2,2,0,0,2,2
133,-766.682,-5412.471,69.213,59.827,0.502520,-0.864436,-0.014995,0.864536,0.502571,0.000418,0.007175,-0.013174,0.999887,0,0.27293,-0.32220,16.376,-0.644,-1,400.000,-1,400.000,-1,325.000,325.000,300.000,300.000,-1,-1,-1,-1,775.000,875.000,-1,-1,2,0,2,0,2,0,0,0,0,2,2,2,2,0,0,2,2
134,-760.752,-5402.529,69.308,59.186,0.512157,-0.858759,-0.015114,0.858861,0.512209,0.000499,0.007313,-0.013236,0.999886,0,0.19293,-0.32047,11.576,-0.641,-1,400.000,-1,400.000,-1,325.000,325.000,300.000,300.000,-1,-1,-1,-1,775.000,875.000,-1,-1,2,0,2,0,2,0,0,0,0,2,2,2,2,0,0,2,2
135,-757.216,-5396.748,69.366,58.548,0.521688,-0.853001,-0.015189,0.853104,0.521741,0.000536,0.007467,-0.013237,0.999884,0,0.11293,-0.31907,6.776,-0.638,-1,400.000,-1,400.000,-1,325.000,325.000,300.000,300.000,-1,-1,-1,-1,775.000,875.000,-1,-1,2,0,2,0,2,0,0,0,0,2,2,2,2,0,0,2,2
136,-756.166,-5395.074,69.386,57.912,0.531123,-0.847158,-0.015222,0.847260,0.531178,0.000530,0.007637,-0.013178,0.999884,0,0.03293,-0.31800,1.976,-0.636,-1,400.000,-1,400.000,-1,325.000,325.000,300.000,300.000,-1,-1,-1,-1,775.000,875.000,-1,-1,2,0,2,0,2,0,0,0,0,2,2,2,2,0,0,2,2
137,-757.693,-5397.450,69.367,57.277,0.540473,-0.841224,-0.015213,0.841325,0.540530,0.000479,0.007820,-0.013058,0.999884,0,-0.04707,-0.31732,-2.824,-0.635,-1,400.000,-1,400.000,-1,325.000,325.000,300.000,300.000,-1,-1,-1,-1,775.000,875.000,-1,-1,2,0,2,0,2,0,0,0,0,2,2,2,2,0,0,2,2
138,-761.885,-5403.818,69.307,56.642,0.549760,-0.835185,-0.015164,0.835285,0.549818,0.000386,0.008015,-0.012878,0.999885,0,-0.12707,-0.31741,-7.624,-0.635,-1,400.000,-1,400.000,-1,325.000,325.000,300.000,300.000,-1,-1,-1,-1,775.000,900.000,-1,-1,2,0,2,0,2,0,0,0,0,2,2,2,2,0,0,2,2
