timestep,x_cm,y_cm,z_cm,yaw_deg,basis_xx,basis_xy,basis_xz,basis_yx,basis_yy,basis_yz,basis_zx,basis_zy,basis_zz,teleport_flag,throttle_cmd,steering_cmd,cmd_move_cm,cmd_turn_deg,lidar_cm_0,lidar_cm_1,lidar_cm_2,lidar_cm_3,lidar_cm_4,lidar_cm_5,lidar_cm_6,lidar_cm_7,lidar_cm_8,lidar_cm_9,lidar_cm_10,lidar_cm_11,lidar_cm_12,lidar_cm_13,lidar_cm_14,lidar_cm_15,lidar_cm_16,lidar_class_0,lidar_class_1,lidar_class_2,lidar_class_3,lidar_class_4,lidar_class_5,lidar_class_6,lidar_class_7,lidar_class_8,lidar_class_9,lidar_class_10,lidar_class_11,lidar_class_12,lidar_class_13,lidar_class_14,lidar_class_15,lidar_class_16
0,-3604.104,-6228.096,-47.077,42.692,0.735030,-0.677702,0.021220,0.678033,0.734620,-0.024590,0.001076,0.032462,0.999472,1,0.08000,0.12000,4.800,0.240,-1,400.000,-1,400.000,-1,325.000,325.000,300.000,300.000,-1,-1,-1,-1,750.000,850.000,-1,-1,2,0,2,0,2,0,0,0,0,2,2,2,2,0,0,2,2
1,-3597.102,-6221.528,-47.028,43.172,0.729326,-0.683833,0.021350,0.684165,0.728917,-0.024438,0.001149,0.032430,0.999473,0,0.16000,0.24000,9.600,0.480,-1,400.000,-1,400.000,-1,325.000,325.000,300.000,300.000,-1,-1,-1,-1,750.000,850.000,-1,-1,2,0,2,0,2,0,0,0,0,2,2,2,2,0,0,2,2
2,-3586.725,-6211.545,-46.948,43.892,0.720674,-0.692940,0.021534,0.693273,0.720268,-0.024210,0.001266,0.032376,0.999475,0,0.24000,0.36000,14.400,0.720,-1,400.000,-1,400.000,-1,325.000,325.000,300.000,300.000,-1,-1,-1,-1,750.000,850.000,-1,-1,2,0,2,0,2,0,0,0,0,2,2,2,2,0,0,2,2
3,-3573.114,-6198.003,-46.828,44.852,0.708961,-0.704912,0.021758,0.705247,0.708559,-0.023906,0.001435,0.032293,0.999477,0,0.32000,0.48000,19.200,0.960,-1,400.000,-1,400.000,-1,325.000,325.000,300.000,300.000,-1,-1,-1,-1,750.000,850.000,-1,-1,2,0,2,0,2,0,0,0,0,2,2,2,2,0,0,2,2
4,-3556.458,-6180.724,-46.693,46.052,0.694043,-0.719597,0.022003,0.719931,0.693642,-0.023660,0.001763,0.032261,0.999478,0,0.40000,0.60000,24.000,1.200,-1,400.000,-1,400.000,-1,325.000,325.000,300.000,300.000,-1,-1,-1,-1,750.000,850.000,-1,-1,2,0,2,0,2,0,0,0,0,2,2,2,2,0,0,2,2
5,-3536.998,-6159.493,-46.626,47.492,0.675750,-0.736792,0.022345,0.737126,0.675331,-0.023942,0.002550,0.032651,0.999464,0,0.48000,0.72000,28.800,1.440,-1,400.000,-1,400.000,-1,325.000,325.000,300.000,300.000,-1,-1,-1,-1,750.000,850.000,-1,-1,2,0,2,0,2,0,0,0,0,2,2,2,2,0,0,2,2
6,-3514.995,-6134.100,-46.513,49.090,0.654959,-0.755322,0.022734,0.755656,0.654519,-0.024268,0.003450,0.033074,0.999447,0,0.56000,0.79875,33.600,1.598,-1,400.000,-1,400.000,-1,325.000,325.000,300.000,300.000,-1,-1,-1,-1,750.000,850.000,-1,-1,2,0,2,0,2,0,0,0,0,2,2,2,2,0,0,2,2
7,-3492.011,-6106.033,-46.355,50.687,0.633661,-0.773264,0.023144,0.773598,0.633198,-0.024615,0.004379,0.033501,0.999429,0,0.60462,0.79875,36.277,1.598,-1,400.000,-1,400.000,-1,325.000,325.000,325.000,300.000,-1,-1,-1,-1,750.000,825.000,-1,-1,2,0,2,0,2,0,0,0,0,2,2,2,2,0,0,2,2
8,-3469.819,-6077.335,-46.160,52.285,0.611873,-0.790605,0.023546,0.790938,0.611387,-0.024974,0.005349,0.033904,0.999411,0,0.60462,0.79875,36.277,1.598,-1,400.000,-1,400.000,-1,325.000,325.000,325.000,300.000,-1,-1,-1,-1,750.000,825.000,-1,-1,2,0,2,0,2,0,0,0,0,2,2,2,2,0,0,2,2
9,-3448.436,-6048.030,-45.926,53.882,0.589612,-0.807332,0.023943,0.807662,0.589101,-0.025346,0.006358,0.034282,0.999392,0,0.60462,0.79875,36.277,1.598,-1,400.000,-1,400.000,-1,325.000,325.000,325.000,325.000,-1,-1,-1,-1,750.000,825.000,-1,-1,2,0,2,0,2,0,0,0,0,2,2,2,2,0,0,2,2
10,-3427.878,-6018.140,-45.656,55.480,0.566894,-0.823431,0.024338,0.823757,0.566358,-0.025731,0.007403,0.034635,0.999373,0,0.60462,0.79875,36.277,1.598,-1,400.000,-1,400.000,-1,325.000,325.000,325.000,325.000,-1,-1,-1,-1,750.000,825.000,-1,-1,2,0,2,0,2,0,0,0,0,2,2,2,2,0,0,2,2
11,-3408.161,-5987.689,-45.353,57.077,0.543738,-0.838891,0.024728,0.839213,0.543176,-0.026109,0.008471,0.034948,0.999353,0,0.60462,0.79875,36.277,1.598,-1,400.000,-1,400.000,-1,325.000,325.000,325.000,325.000,-1,-1,-1,-1,750.000,825.000,-1,-1,2,0,2,0,2,0,0,0,0,2,2,2,2,0,0,2,2
12,-3389.301,-5956.699,-45.027,58.675,0.520159,-0.853700,0.025100,0.854016,0.519574,-0.026440,0.009531,0.035188,0.999335,0,0.60462,0.79875,36.277,1.598,-1,400.000,-1,400.000,-1,325.000,325.000,325.000,325.000,-1,-1,-1,-1,750.000,825.000,-1,-1,2,0,2,0,2,0,0,0,0,2,2,2,2,0,0,2,2
13,-3371.312,-5925.197,-44.666,60.272,0.496179,-0.867847,0.025474,0.868156,0.495569,-0.026785,0.010621,0.035405,0.999317,0,0.60462,0.79875,36.277,1.598,-1,400.000,-1,400.000,-1,325.000,325.000,325.000,325.000,-1,-1,-1,-1,750.000,800.000,-1,-1,2,0,2,0,2,0,0,0,0,2,2,2,2,0,0,2,2
14,-3354.208,-5893.204,-44.271,61.870,0.471814,-0.881319,0.025854,0.881620,0.471179,-0.027142,0.011739,0.035600,0.999297,0,0.60462,0.79875,36.277,1.598,-1,400.000,-1,400.000,-1,325.000,325.000,325.000,325.000,-1,-1,-1,-1,775.000,800.000,-1,-1,2,0,2,0,2,0,0,0,0,2,2,2,2,0,0,2,2
15,-3338.003,-5860.748,-43.842,63.467,0.447085,-0.894106,0.026243,0.894399,0.446424,-0.027510,0.012881,0.035771,0.999277,0,0.60462,0.79875,36.277,1.598,-1,400.000,-1,400.000,-1,325.000,325.000,325.000,325.000,-1,-1,-1,-1,775.000,800.000,-1,-1,2,0,2,0,2,0,0,0,0,2,2,2,2,0,0,2,2
16,-3322.709,-5827.852,-43.356,65.065,0.422007,-0.906202,0.026592,0.906485,0.421323,-0.027782,0.013973,0.035829,0.999260,0,0.60462,0.79875,36.277,1.598,-1,400.000,-1,400.000,-1,325.000,325.000,325.000,325.000,-1,-1,-1,-1,775.000,800.000,-1,-1,2,0,2,0,2,0,0,0,0,2,2,2,2,0,0,2,2
17,-3308.338,-5794.543,-42.768,66.662,0.396594,-0.917603,0.026793,0.917874,0.395900,-0.027775,0.014879,0.035608,0.999255,0,0.60462,0.79875,36.277,1.598,-1,400.000,-1,400.000,-1,325.000,325.000,325.000,325.000,-1,-1,-1,-1,775.000,800.000,-1,-1,2,0,2,0,2,0,0,0,0,2,2,2,2,0,0,2,2
18,-3294.901,-5760.846,-42.183,68.260,0.370870,-0.928287,0.027168,0.928553,0.370166,-0.027672,0.015631,0.035489,0.999248,0,0.60462,0.79875,36.277,1.598,-1,400.000,-1,400.000,-1,325.000,325.000,325.000,325.000,-1,-1,-1,-1,775.000,775.000,-1,-1,2,0,2,0,2,0,0,0,0,2,2,2,2,0,0,2,2
19,-3282.282,-5726.428,-41.568,69.866,0.344712,-0.938303,0.027593,0.938567,0.344001,-0.027498,0.016310,0.035376,0.999241,0,0.61097,0.80315,36.658,1.606,-1,400.000,-1,400.000,-1,325.000,325.000,325.000,325.000,-1,-1,-1,-1,775.000,775.000,-1,-1,2,0,2,0,2,0,0,0,0,2,2,2,2,0,0,2,2
20,-3270.476,-5691.178,-40.893,71.483,0.318103,-0.947645,0.027934,0.947904,0.317385,-0.027293,0.016998,0.035161,0.999237,0,0.61958,0.80861,37.175,1.617,-1,400.000,-1,400.000,-1,325.000,325.000,325.000,325.000,-1,-1,-1,-1,800.000,800.000,-1,-1,2,0,2,0,2,0,0,0,0,2,2,2,2,0,0,2,2
21,-3259.519,-5655.090,-40.158,73.111,0.291067,-0.956287,0.028191,0.956539,0.290346,-0.027062,0.017694,0.034843,0.999236,0,0.62859,0.81376,37.716,1.628,-1,400.000,-1,400.000,-1,325.000,325.000,325.000,325.000,-1,-1,-1,-1,800.000,800.000,-1,-1,2,0,2,0,2,0,0,0,0,2,2,2,2,0,0,2,2
22,-3249.449,-5618.158,-39.438,74.748,0.263635,-0.964216,0.028003,0.964442,0.262914,-0.026967,0.018639,0.034116,0.999244,0,0.63801,0.81856,38.281,1.637,-1,400.000,-1,400.000,-1,325.000,325.000,325.000,325.000,-1,-1,-1,-1,800.000,800.000,-1,-1,2,0,2,0,2,0,0,0,0,2,2,2,2,0,0,2,2
23,-3240.304,-5580.379,-38.671,76.394,0.235835,-0.971399,0.027670,0.971595,0.235116,-0.026908,0.019632,0.033230,0.999255,0,0.64784,0.82300,38.870,1.646,-1,400.000,-1,400.000,-1,325.000,325.000,325.000,325.000,-1,-1,-1,-1,800.000,800.000,-1,-1,2,0,2,0,2,0,0,0,0,2,2,2,2,0,0,2,2
24,-3232.127,-5541.750,-37.839,78.048,0.207699,-0.977812,0.027282,0.977976,0.206984,-0.026854,0.020611,0.032259,0.999267,0,0.65808,0.82705,39.485,1.654,-1,400.000,-1,400.000,-1,325.000,325.000,325.000,325.000,-1,-1,-1,-1,800.000,800.000,-1,-1,2,0,2,0,2,0,0,0,0,2,2,2,2,0,0,2,2
25,-3224.959,-5502.271,-36.942,79.709,0.179262,-0.983435,0.026840,0.983565,0.178554,-0.026808,0.021572,0.031204,0.999280,0,0.66874,0.83069,40.125,1.661,-1,400.000,-1,400.000,-1,325.000,325.000,325.000,325.000,-1,-1,-1,-1,800.000,800.000,-1,-1,2,0,2,0,2,0,0,0,0,2,2,2,2,0,0,2,2
26,-3218.843,-5461.943,-35.980,81.377,0.150561,-0.988250,0.026346,0.988344,0.149861,-0.026773,0.022510,0.030070,0.999294,0,0.67982,0.83389,40.789,1.668,-1,400.000,-1,400.000,-1,325.000,325.000,325.000,325.000,-1,-1,-1,-1,800.000,800.000,-1,-1,2,0,2,0,2,0,0,0,0,2,2,2,2,0,0,2,2
27,-3213.824,-5420.769,-34.954,83.050,0.121634,-0.992240,0.025803,0.992299,0.120945,-0.026750,0.023422,0.028858,0.999309,0,0.69132,0.83663,41.479,1.673,-1,400.000,-1,400.000,-1,325.000,325.000,325.000,325.000,-1,-1,-1,-1,825.000,825.000,-1,-1,2,0,2,0,2,0,0,0,0,2,2,2,2,0,0,2,2
28,-3209.947,-5378.754,-33.863,84.728,0.092522,-0.995391,0.025213,0.995414,0.091846,-0.026743,0.024304,0.027572,0.999324,0,0.70323,0.83886,42.194,1.678,-1,400.000,-1,400.000,-1,325.000,325.000,325.000,325.000,-1,-1,-1,-1,825.000,825.000,-1,-1,2,0,2,0,2,0,0,0,0,2,2,2,2,1,0,2,2
29,-3207.257,-5335.905,-32.708,86.409,0.063268,-0.997694,0.024579,0.997680,0.062608,-0.026753,0.025153,0.026214,0.999340,0,0.71556,0.84056,42.934,1.681,-1,400.000,-1,400.000,-1,325.000,325.000,325.000,325.000,-1,-1,-1,-1,800.000,825.000,-1,-1,2,0,2,0,2,0,0,0,0,2,2,2,2,1,0,2,2
30,-3205.802,-5292.231,-31.491,88.093,0.033916,-0.999139,0.023904,0.999087,0.033273,-0.026782,0.025964,0.024791,0.999355,0,0.72830,0.84169,43.698,1.683,-1,400.000,-1,400.000,-1,325.000,325.000,325.000,325.000,-1,-1,-1,-1,775.000,825.000,1000.000,-1,2,0,2,0,2,0,0,0,0,2,2,2,2,1,0,1,2
31,-3205.409,-5243.735,-30.171,89.536,0.008718,-0.999691,0.023290,0.999611,0.008095,-0.026689,0.026492,0.023514,0.999372,0,0.80830,0.72169,48.498,1.443,-1,400.000,-1,400.000,-1,325.000,325.000,325.000,325.000,-1,-1,-1,-1,750.000,825.000,975.000,-1,2,0,2,0,2,0,0,0,0,2,2,2,2,1,0,1,2
32,-3206.097,-5190.442,-29.112,90.739,-0.012310,-0.999655,0.023203,0.999591,-0.012902,-0.025512,0.025802,0.022880,0.999405,0,0.88830,0.60169,53.298,1.203,-1,400.000,-1,400.000,-1,325.000,325.000,325.000,325.000,-1,-1,-1,-1,725.000,825.000,925.000,-1,2,0,2,0,2,0,0,0,0,2,2,2,2,1,0,1,2
33,-3207.823,-5132.369,-27.930,91.703,-0.029151,-0.999309,0.023045,0.999265,-0.029708,-0.024211,0.024879,0.022322,0.999441,0,0.96830,0.48169,58.098,0.963,975.000,400.000,-1,400.000,-1,325.000,325.000,325.000,325.000,-1,-1,-1,-1,675.000,825.000,850.000,-1,1,0,2,0,2,0,0,0,0,2,2,2,2,1,0,1,2
34,-3210.363,-5072.423,-26.687,92.426,-0.041801,-0.998865,0.022821,0.998842,-0.042322,-0.022875,0.023815,0.021838,0.999478,0,1.00000,0.36169,60.000,0.723,925.000,400.000,-1,400.000,-1,325.000,325.000,325.000,325.000,-1,-1,-1,-1,650.000,825.000,800.000,-1,1,0,2,0,2,0,0,0,0,2,2,2,2,1,0,1,2
35,-3213.408,-5012.501,-25.428,92.910,-0.050262,-0.998481,0.022556,0.998479,-0.050748,-0.021551,0.022662,0.021439,0.999513,0,1.00000,0.24169,60.000,0.483,850.000,400.000,-1,400.000,-1,325.000,325.000,300.000,325.000,-1,-1,-1,-1,600.000,825.000,725.000,-1,1,0,2,0,2,0,0,0,0,2,2,2,2,1,0,1,2
36,-3216.790,-4952.596,-24.161,93.231,-0.055898,-0.998188,0.022269,0.998206,-0.056351,-0.020238,0.021456,0.021098,0.999547,0,1.00000,0.16076,60.000,0.322,775.000,400.000,-1,400.000,-1,325.000,325.000,300.000,325.000,-1,-1,-1,-1,575.000,800.000,675.000,-1,1,0,2,0,2,0,0,0,0,2,2,2,2,1,0,1,2
37,-3220.519,-4892.712,-22.887,93.564,-0.061725,-0.997851,0.021968,0.997888,-0.062145,-0.018935,0.020260,0.020752,0.999579,0,1.00000,0.16629,60.000,0.333,700.000,400.000,-1,400.000,-1,325.000,325.000,300.000,325.000,-1,-1,-1,-1,525.000,800.000,600.000,-1,1,1,2,1,2,0,0,0,0,2,2,2,2,1,0,1,2
38,-3224.608,-4832.852,-21.605,93.908,-0.067751,-0.997467,0.021651,0.997520,-0.068138,-0.017644,0.019074,0.020402,0.999610,0,1.00000,0.17207,60.000,0.344,625.000,350.000,-1,375.000,-1,325.000,325.000,300.000,325.000,-1,-1,-1,-1,475.000,800.000,550.000,-1,1,1,2,1,2,1,1,0,0,2,2,2,2,1,1,1,2
39,-3229.069,-4773.018,-20.315,94.264,-0.073985,-0.997031,0.021319,0.997099,-0.074339,-0.016365,0.017901,0.020047,0.999639,0,1.00000,0.17815,60.000,0.356,550.000,325.000,-1,375.000,-1,300.000,300.000,325.000,325.000,-1,-1,-1,-1,450.000,750.000,475.000,-1,1,1,2,1,2,1,1,0,0,2,2,2,2,1,1,1,2
40,-3233.915,-4713.214,-19.018,94.633,-0.080437,-0.996539,0.020972,0.996619,-0.080762,-0.015101,0.016743,0.019686,0.999666,0,1.00000,0.18456,60.000,0.369,475.000,300.000,-1,350.000,-1,275.000,275.000,325.000,325.000,-1,-1,-1,-1,400.000,700.000,425.000,-1,1,1,2,1,2,1,1,0,0,2,2,2,2,1,1,1,2
41,-3239.161,-4653.444,-17.713,95.016,-0.087122,-0.995984,0.020608,0.996075,-0.087417,-0.013854,0.015600,0.019320,0.999692,0,1.00000,0.19136,60.000,0.383,400.000,275.000,-1,350.000,-1,250.000,275.000,325.000,325.000,-1,-1,-1,-1,375.000,675.000,350.000,-1,1,1,2,1,2,1,1,0,0,2,2,2,2,1,1,1,2
42,-3244.821,-4593.712,-16.391,95.413,-0.094038,-0.995362,0.020267,0.995450,-0.094321,-0.013497,0.015346,0.018905,0.999703,0,1.00000,0.19862,60.000,0.397,325.000,250.000,-1,325.000,-1,225.000,250.000,325.000,325.000,-1,-1,-1,-1,350.000,625.000,300.000,-1,1,1,2,1,2,1,1,0,0,2,2,2,2,1,1,1,2
43,-3250.914,-4534.021,-12.992,95.826,-0.100921,-0.994543,0.026448,0.994622,-0.101479,-0.020701,0.023272,0.024217,0.999436,0,1.00000,0.20644,60.000,0.413,300.000,250.000,-1,325.000,-1,225.000,250.000,325.000,325.000,-1,-1,-1,-1,325.000,625.000,250.000,-1,1,1,2,1,2,1,1,0,0,2,2,2,2,1,1,1,2
44,-3257.460,-4474.378,-7.117,96.256,-0.107372,-0.993309,0.042528,0.993434,-0.108888,-0.035096,0.039492,0.038480,0.998479,0,1.00000,0.21491,60.000,0.430,300.000,250.000,-1,325.000,-1,225.000,250.000,375.000,325.000,-1,950.000,725.000,-1,325.000,775.000,250.000,-1,1,1,2,1,2,1,1,0,0,2,0,0,2,1,1,1,2
45,-3264.477,-4414.788,-0.947,96.704,-0.113598,-0.991786,0.058780,0.991917,-0.116582,-0.050093,0.056534,0.052614,0.997013,0,1.00000,0.22416,60.000,0.448,300.000,250.000,-1,350.000,-1,225.000,250.000,425.000,300.000,-1,375.000,200.000,-1,325.000,950.000,250.000,-1,1,1,2,1,2,1,1,0,0,2,0,0,2,1,1,1,2
46,-3271.984,-4355.257,5.544,97.173,-0.119586,-0.989970,0.075219,0.990029,-0.124587,-0.065733,0.074445,0.066608,0.994998,0,1.00000,0.23436,60.000,0.469,325.000,250.000,-1,375.000,-1,225.000,275.000,475.000,300.000,-1,225.000,125.000,-1,325.000,-1,250.000,-1,1,1,2,1,2,1,1,0,0,2,0,0,2,1,2,1,2
47,-4919.491,-9511.017,-57.486,-59.132,0.513102,0.858322,-0.003165,-0.858302,0.513054,-0.009662,-0.006670,0.007674,0.999948,1,0.00000,0.00000,60.000,0.491,-1,400.000,-1,425.000,-1,325.000,325.000,325.000,325.000,-1,-1,-1,-1,800.000,925.000,-1,-1,2,0,2,0,2,0,0,0,0,2,2,2,2,0,0,2,2
48,-4917.046,-9515.147,-57.533,-59.372,0.509502,0.860464,-0.003015,-0.860441,0.509454,-0.009861,-0.006949,0.007619,0.999947,0,0.08000,-0.12000,4.800,-0.240,-1,400.000,-1,425.000,-1,325.000,325.000,325.000,325.000,-1,-1,-1,-1,800.000,925.000,-1,-1,2,0,2,0,2,0,0,0,0,2,2,2,2,0,0,2,2
49,-4912.224,-9523.449,-57.625,-59.852,0.502277,0.864702,-0.002724,-0.864674,0.502228,-0.010266,-0.007509,0.007512,0.999944,0,0.16000,-0.24000,9.600,-0.480,-1,400.000,-1,425.000,-1,325.000,325.000,300.000,325.000,-1,-1,-1,-1,800.000,925.000,-1,-1,2,0,2,0,2,0,0,0,0,2,2,2,2,0,0,2,2
50,-4905.149,-9535.991,-57.763,-60.572,0.491373,0.870946,-0.002304,-0.870909,0.491323,-0.010892,-0.008354,0.007359,0.999938,0,0.24000,-0.36000,14.400,-0.720,-1,400.000,-1,425.000,-1,325.000,325.000,300.000,325.000,-1,-1,-1,-1,800.000,925.000,-1,-1,2,0,2,0,2,0,0,0,0,2,2,2,2,0,0,2,2
51,-4895.997,-9552.869,-57.946,-61.532,0.476714,0.879057,-0.001779,-0.879007,0.476663,-0.011759,-0.009489,0.007169,0.999929,0,0.32000,-0.48000,19.200,-0.960,-1,400.000,-1,425.000,-1,325.000,325.000,300.000,325.000,-1,-1,-1,-1,800.000,925.000,-1,-1,2,0,2,0,2,0,0,0,0,2,2,2,2,0,0,2,2
52,-4885.001,-9574.202,-58.170,-62.732,0.458201,0.888848,-0.001177,-0.888782,0.458150,-0.012891,-0.010919,0.006953,0.999916,0,0.40000,-0.60000,24.000,-1.200,-1,400.000,-1,425.000,-1,325.000,325.000,300.000,325.000,-1,-1,-1,-1,775.000,925.000,-1,-1,2,0,2,0,2,0,0,0,0,2,2,2,2,0,0,2,2
53,-4872.454,-9600.125,-58.436,-64.172,0.435720,0.900082,-0.000539,-0.899993,0.435669,-0.014319,-0.012653,0.006724,0.999897,0,0.48000,-0.72000,28.800,-1.440,-1,400.000,-1,425.000,-1,325.000,325.000,300.000,325.000,-1,-1,-1,-1,775.000,925.000,-1,-1,2,0,2,0,2,0,0,0,0,2,2,2,2,0,0,2,2
54,-4858.708,-9630.785,-58.740,-65.852,0.409146,0.912469,0.000089,-0.912351,0.409094,-0.016072,-0.014701,0.006495,0.999871,0,0.56000,-0.84000,33.600,-1.680,-1,400.000,-1,425.000,-1,325.000,325.000,300.000,325.000,-1,-1,-1,-1,775.000,925.000,-1,-1,2,0,2,0,2,0,0,0,0,2,2,2,2,0,0,2,2
55,-4844.151,-9666.319,-59.079,-67.723,0.379128,0.925344,0.000657,-0.925187,0.379077,-0.018176,-0.017069,0.006283,0.999835,0,0.64000,-0.93575,38.400,-1.872,-1,400.000,-1,425.000,-1,325.000,325.000,300.000,325.000,-1,-1,-1,-1,775.000,925.000,-1,-1,2,0,2,0,2,0,0,0,0,2,2,2,2,0,0,2,2
56,-4829.089,-9706.808,-59.439,-69.595,0.348707,0.937231,0.001150,-0.937024,0.348655,-0.020633,-0.019739,0.006117,0.999786,0,0.72000,-0.93575,43.200,-1.872,-1,400.000,-1,425.000,-1,325.000,325.000,300.000,325.000,-1,-1,-1,-1,775.000,925.000,-1,-1,2,0,2,0,2,0,0,0,0,2,2,2,2,0,0,2,2
57,-4813.831,-9752.319,-60.013,-71.466,0.317930,0.948114,0.000671,-0.947855,0.317859,-0.023138,-0.022151,0.006720,0.999732,0,0.80000,-0.93575,48.000,-1.872,-1,400.000,-1,425.000,-1,325.000,325.000,300.000,325.000,-1,-1,-1,-1,775.000,925.000,-1,-1,2,0,2,0,2,0,0,0,0,2,2,2,2,0,0,2,2
58,-4798.927,-9802.114,-61.009,-73.338,0.286855,0.957973,-0.001524,-0.957665,0.286721,-0.025868,-0.024343,0.008880,0.999664,0,0.86630,-0.93575,51.978,-1.872,-1,400.000,-1,425.000,-1,325.000,325.000,300.000,325.000,-1,-1,-1,-1,775.000,900.000,-1,-1,2,0,2,0,2,0,0,0,0,2,2,2,2,0,0,2,2
59,-4785.658,-9852.370,-62.213,-75.209,0.255511,0.966796,-0.004548,-0.966425,0.255275,-0.029284,-0.027151,0.011878,0.999561,0,0.86630,-0.93575,51.978,-1.872,-1,400.000,-1,425.000,-1,325.000,325.000,300.000,325.000,-1,-1,-1,-1,775.000,900.000,-1,-1,2,0,2,0,2,0,0,0,0,2,2,2,2,0,0,2,2
60,-4774.036,-9903.032,-63.618,-77.081,0.223890,0.974587,-0.007249,-0.974172,0.223558,-0.031790,-0.029362,0.014179,0.999468,0,0.86630,-0.93575,51.978,-1.872,-1,400.000,-1,425.000,-1,325.000,325.000,325.000,300.000,-1,-1,-1,-1,775.000,875.000,-1,-1,2,0,2,0,2,0,0,0,0,2,2,2,2,0,0,2,2
61,-4764.076,-9954.047,-65.675,-78.952,0.191965,0.981372,-0.007646,-0.980900,0.191611,-0.033475,-0.031386,0.013926,0.999410,0,0.86630,-0.93575,51.978,-1.872,-1,400.000,-1,425.000,-1,325.000,325.000,300.000,300.000,-1,-1,-1,-1,775.000,875.000,-1,-1,2,0,2,0,2,0,0,0,0,2,2,2,2,0,0,2,2
62,-4755.787,-10005.360,-67.778,-80.824,0.159835,0.987111,-0.008051,-0.986572,0.159460,-0.035326,-0.033587,0.013589,0.999343,0,0.86630,-0.93575,51.978,-1.872,-1,400.000,-1,425.000,-1,325.000,325.000,300.000,300.000,-1,-1,-1,-1,750.000,875.000,-1,-1,2,0,2,0,2,0,0,0,0,2,2,2,2,0,0,2,2
63,-4749.178,-10056.917,-69.890,-82.695,0.127541,0.991796,-0.008643,-0.991186,0.127138,-0.037240,-0.035835,0.013316,0.999269,0,0.86630,-0.93575,51.978,-1.872,-1,400.000,-1,425.000,-1,325.000,325.000,300.000,300.000,-1,-1,-1,-1,750.000,850.000,-1,-1,2,0,2,0,2,0,0,0,0,2,2,2,2,0,0,2,2
64,-4744.256,-10108.661,-72.012,-84.567,0.095117,0.995422,-0.009410,-0.994735,0.094681,-0.039203,-0.038133,0.013089,0.999187,0,0.86630,-0.93575,51.978,-1.872,-1,400.000,-1,425.000,-1,325.000,325.000,300.000,300.000,-1,-1,-1,-1,750.000,850.000,-1,-1,2,0,2,0,2,0,0,0,0,2,2,2,2,0,0,2,2
65,-4741.027,-10160.539,-74.149,-86.438,0.062597,0.997985,-0.010341,-0.997218,0.062122,-0.041206,-0.040481,0.012892,0.999097,0,0.86630,-0.93575,51.978,-1.872,-1,400.000,-1,425.000,-1,325.000,325.000,300.000,300.000,-1,-1,-1,-1,750.000,825.000,-1,-1,2,0,2,0,2,0,0,0,0,2,2,2,2,0,0,2,2
66,-4739.438,-10207.691,-76.101,-88.070,0.034199,0.999351,-0.011320,-0.998505,0.033682,-0.043045,-0.042636,0.012776,0.999009,0,0.78630,-0.81575,47.178,-1.632,-1,400.000,-1,425.000,-1,325.000,325.000,300.000,300.000,-1,-1,-1,-1,725.000,825.000,-1,-1,2,0,2,0,2,0,0,0,0,2,2,2,2,0,0,2,2
67,-4739.040,-10250.067,-77.866,-89.461,0.009963,0.999875,-0.012296,-0.998956,0.009404,-0.044707,-0.044585,0.012728,0.998924,0,0.70630,-0.69575,42.378,-1.392,-1,400.000,-1,400.000,-1,325.000,325.000,300.000,300.000,-1,-1,-1,-1,725.000,800.000,-1,-1,2,0,2,0,2,0,0,0,0,2,2,2,2,0,0,2,2
68,-4739.449,-10288.271,-79.467,-90.613,-0.010101,0.999861,-0.013243,-0.998875,-0.010703,-0.046208,-0.046343,0.012762,0.998844,0,0.63677,-0.57608,38.206,-1.152,-1,400.000,-1,400.000,-1,325.000,325.000,300.000,300.000,-1,-1,-1,-1,725.000,800.000,-1,-1,2,0,2,0,2,0,0,0,0,2,2,2,2,0,0,2,2
69,-4740.626,-10326.460,-81.078,-91.765,-0.030157,0.999444,-0.014247,-0.998386,-0.030805,-0.047713,-0.048126,0.012785,0.998759,0,0.63677,-0.57608,38.206,-1.152,-1,375.000,-1,400.000,-1,325.000,325.000,300.000,300.000,-1,-1,-1,-1,725.000,800.000,-1,-1,2,0,2,0,2,0,0,0,0,2,2,2,2,0,0,2,2
70,-4742.571,-10364.617,-82.702,-92.918,-0.050198,0.998622,-0.015301,-0.997490,-0.050895,-0.049222,-0.049933,0.012792,0.998671,0,0.63677,-0.57608,38.206,-1.152,-1,375.000,-1,400.000,-1,325.000,325.000,300.000,300.000,-1,-1,-1,-1,725.000,775.000,-1,-1,2,0,2,0,2,0,0,0,0,2,2,2,2,0,0,2,2
71,-4745.282,-10402.727,-84.339,-94.070,-0.070216,0.997397,-0.016403,-0.996188,-0.070965,-0.050733,-0.051765,0.012779,0.998578,0,0.63677,-0.57608,38.206,-1.152,-1,375.000,-1,400.000,-1,325.000,325.000,300.000,300.000,-1,-1,-1,-1,725.000,775.000,-1,-1,2,0,2,0,2,0,0,0,0,2,2,2,2,0,0,2,2
72,-4748.760,-10440.775,-85.991,-95.222,-0.090202,0.995769,-0.017548,-0.994479,-0.091006,-0.052245,-0.053621,0.012739,0.998480,0,0.63677,-0.57608,38.206,-1.152,-1,375.000,-1,400.000,-1,325.000,325.000,300.000,300.000,-1,-1,-1,-1,700.000,750.000,-1,-1,2,0,2,0,2,0,0,0,0,2,2,2,2,0,0,2,2
73,-4753.001,-10478.746,-87.769,-96.374,-0.110182,0.993744,-0.018230,-0.992386,-0.111010,-0.053350,-0.055040,0.012213,0.998409,0,0.63677,-0.57608,38.206,-1.152,-1,375.000,-1,400.000,-1,325.000,325.000,300.000,300.000,-1,-1,-1,-1,700.000,750.000,-1,-1,2,0,2,0,2,0,0,0,0,2,2,2,2,0,0,2,2
74,-4758.006,-10516.623,-89.615,-97.526,-0.130139,0.991320,-0.018676,-0.989917,-0.130971,-0.053950,-0.055927,0.011467,0.998369,0,0.63677,-0.57608,38.206,-1.152,-1,375.000,-1,400.000,-1,325.000,325.000,300.000,300.000,-1,-1,-1,-1,700.000,750.000,-1,-1,2,0,2,0,2,0,0,0,0,2,2,2,2,0,0,2,2
75,-4763.771,-10554.392,-91.656,-98.678,-0.150023,0.988487,-0.019651,-0.987097,-0.150878,-0.053615,-0.055963,0.011354,0.998368,0,0.63677,-0.57608,38.206,-1.152,-1,375.000,-1,400.000,-1,325.000,325.000,300.000,300.000,-1,-1,-1,-1,700.000,750.000,-1,-1,2,0,2,0,2,0,0,0,0,2,2,2,2,0,0,2,2
76,-4770.936,-10596.797,-93.899,-99.590,-0.165724,0.985960,-0.020432,-0.984597,-0.166595,-0.053062,-0.055721,0.011324,0.998382,0,0.71677,-0.45608,43.006,-0.912,-1,375.000,-1,400.000,-1,325.000,325.000,300.000,300.000,-1,-1,-1,-1,700.000,750.000,-1,-1,2,0,2,0,2,0,0,0,0,2,2,2,2,0,0,2,2
77,-4779.453,-10643.839,-96.405,-100.263,-0.177256,0.983935,-0.021244,-0.982606,-0.178149,-0.052429,-0.055371,0.011581,0.998399,0,0.79677,-0.33608,47.806,-0.672,-1,375.000,-1,400.000,-1,325.000,325.000,300.000,300.000,-1,-1,-1,-1,700.000,725.000,-1,-1,2,0,2,0,2,0,0,0,0,2,2,2,2,0,0,2,2
78,-4788.406,-10691.246,-98.946,-100.695,-0.184647,0.982558,-0.022008,-0.981267,-0.185564,-0.051776,-0.054957,0.012036,0.998416,0,0.80408,-0.21608,48.245,-0.432,-1,375.000,-1,400.000,-1,325.000,325.000,300.000,300.000,-1,-1,-1,-1,700.000,725.000,-1,-1,2,0,2,0,2,0,0,0,0,2,2,2,2,0,0,2,2
79,-4797.518,-10738.623,-101.498,-100.887,-0.187913,0.981923,-0.022724,-0.980674,-0.188857,-0.051108,-0.054476,0.012681,0.998435,0,0.80408,-0.09608,48.245,-0.192,-1,375.000,-1,400.000,-1,325.000,325.000,300.000,300.000,-1,-1,-1,-1,700.000,725.000,-1,-1,2,0,2,0,2,0,0,0,0,2,2,2,2,0,0,2,2
80,-4806.591,-10786.007,-104.058,-100.839,-0.187062,0.982069,-0.023402,-0.980867,-0.188035,-0.050422,-0.053918,0.013522,0.998454,0,0.80408,0.02392,48.245,0.048,-1,375.000,-1,400.000,-1,325.000,325.000,300.000,300.000,-1,-1,-1,-1,700.000,725.000,-1,-1,2,0,2,0,2,0,0,0,0,2,2,2,2,0,0,2,2
81,-4815.612,-10833.401,-106.627,-100.777,-0.185971,0.982261,-0.024039,-0.981106,-0.186970,-0.049730,-0.053342,0.014337,0.998473,0,0.80408,0.03100,48.245,0.062,-1,375.000,-1,400.000,-1,325.000,325.000,300.000,300.000,-1,-1,-1,-1,700.000,700.000,-1,-1,2,0,2,0,2,0,0,0,0,2,2,2,2,0,0,2,2
82,-4824.582,-10880.805,-109.207,-100.715,-0.184883,0.982452,-0.024635,-0.981344,-0.185904,-0.049031,-0.052751,0.015111,0.998493,0,0.80408,0.03100,48.245,0.062,-1,375.000,-1,400.000,-1,325.000,325.000,300.000,300.000,-1,-1,-1,-1,675.000,700.000,-1,-1,2,0,2,0,2,0,0,0,0,2,2,2,2,0,0,2,2
83,-4833.501,-10928.218,-111.796,-100.653,-0.183799,0.982641,-0.025190,-0.981580,-0.184839,-0.048327,-0.052144,0.015844,0.998514,0,0.80408,0.03100,48.245,0.062,-1,375.000,-1,400.000,-1,325.000,325.000,300.000,300.000,-1,-1,-1,-1,675.000,700.000,-1,-1,2,0,2,0,2,0,0,0,0,2,2,2,2,0,0,2,2
84,-4842.368,-10975.641,-114.396,-100.591,-0.182717,0.982830,-0.025705,-0.981815,-0.183773,-0.047617,-0.051523,0.016537,0.998535,0,0.80408,0.03100,48.245,0.062,-1,375.000,-1,375.000,-1,325.000,325.000,300.000,300.000,-1,-1,-1,-1,675.000,700.000,-1,-1,2,0,2,0,2,0,0,0,0,2,2,2,2,0,0,2,2
85,-4851.184,-11023.074,-117.004,-100.529,-0.181638,0.983017,-0.026180,-0.982048,-0.182708,-0.046900,-0.050887,0.017191,0.998556,0,0.80408,0.03100,48.245,0.062,-1,375.000,-1,375.000,-1,325.000,325.000,300.000,300.000,-1,-1,-1,-1,675.000,675.000,-1,-1,2,0,2,0,2,0,0,0,0,2,2,2,2,0,0,2,2
86,-4859.949,-11070.516,-119.623,-100.467,-0.180562,0.983204,-0.026615,-0.982280,-0.181642,-0.046177,-0.050236,0.017806,0.998579,0,0.80408,0.03100,48.245,0.062,-1,375.000,-1,375.000,-1,325.000,325.000,300.000,300.000,-1,-1,-1,-1,675.000,675.000,-1,-1,2,0,2,0,2,0,0,0,0,2,2,2,2,0,0,2,2
87,-4868.916,-11120.228,-122.264,-100.225,-0.176374,0.983939,-0.027489,-0.983078,-0.177486,-0.045339,-0.049490,0.019028,0.998593,0,0.84190,0.12092,50.514,0.242,-1,375.000,-1,375.000,-1,300.000,300.000,300.000,300.000,-1,-1,-1,-1,675.000,675.000,-1,-1,2,0,2,0,2,0,0,0,0,2,2,2,2,0,0,2,2
88,-4877.672,-11169.977,-124.654,-99.983,-0.172154,0.984635,-0.029269,-0.983894,-0.173324,-0.043709,-0.048111,0.021273,0.998615,0,0.84190,0.12092,50.514,0.242,-1,375.000,-1,375.000,-1,300.000,300.000,300.000,300.000,-1,-1,-1,-1,675.000,675.000,-1,-1,2,0,2,0,2,0,0,0,0,2,2,2,2,0,0,2,2
89,-4886.219,-11219.762,-126.734,-99.742,-0.167991,0.985334,-0.029916,-0.984684,-0.169162,-0.042213,-0.046655,0.022367,0.998661,0,0.84190,0.12092,50.514,0.242,-1,375.000,-1,375.000,-1,300.000,300.000,300.000,300.000,-1,-1,-1,-1,675.000,650.000,-1,-1,2,0,2,0,2,0,0,0,0,2,2,2,2,0,0,2,2
90,-4894.556,-11269.583,-128.516,-99.500,-0.163897,0.986040,-0.029370,-0.985472,-0.165002,-0.040245,-0.044529,0.022347,0.998758,0,0.84190,0.12092,50.514,0.242,-1,375.000,-1,375.000,-1,325.000,300.000,300.000,300.000,-1,-1,-1,-1,675.000,675.000,-1,-1,2,0,2,0,2,0,0,0,0,2,2,2,2,0,0,2,2
91,-4902.683,-11319.439,-130.293,-99.258,-0.159800,0.986728,-0.028822,-0.986239,-0.160838,-0.038252,-0.042380,0.022313,0.998852,0,0.84190,0.12092,50.514,0.242,-1,375.000,-1,375.000,-1,325.000,300.000,300.000,300.000,-1,-1,725.000,-1,675.000,675.000,-1,-1,2,0,2,0,2,0,0,0,0,2,2,0,2,0,0,2,2
92,-4910.598,-11369.328,-132.067,-99.016,-0.155700,0.987400,-0.028274,-0.986986,-0.156672,-0.036236,-0.040209,0.022265,0.998943,0,0.84190,0.12092,50.514,0.242,-1,375.000,-1,375.000,-1,325.000,300.000,300.000,300.000,-1,800.000,675.000,-1,675.000,675.000,-1,-1,2,0,2,0,2,0,0,0,0,2,0,0,2,0,0,2,2
93,-4918.304,-11419.251,-133.837,-98.774,-0.151596,0.988054,-0.027728,-0.987711,-0.152503,-0.034197,-0.038017,0.022203,0.999030,0,0.84190,0.12092,50.514,0.242,-1,375.000,-1,375.000,-1,325.000,300.000,300.000,300.000,-1,725.000,625.000,-1,700.000,675.000,-1,-1,2,0,2,0,2,0,0,0,0,2,0,0,2,0,0,2,2
94,-4925.798,-11469.206,-135.604,-98.532,-0.147489,0.988690,-0.027183,-0.988415,-0.148332,-0.032135,-0.035804,0.022128,0.999114,0,0.84190,0.12092,50.514,0.242,-1,375.000,-1,375.000,-1,325.000,325.000,300.000,300.000,-1,650.000,600.000,-1,700.000,675.000,-1,-1,2,0,2,0,2,0,0,0,0,2,0,0,2,0,0,2,2
95,-4933.082,-11519.191,-137.366,-98.291,-0.143379,0.989309,-0.026641,-0.989098,-0.144158,-0.030051,-0.033570,0.022042,0.999193,0,0.84190,0.12092,50.514,0.242,-1,375.000,-1,375.000,-1,325.000,325.000,300.000,325.000,-1,625.000,575.000,-1,700.000,675.000,-1,-1,2,0,2,0,2,0,0,0,0,2,0,0,2,0,0,2,2
96,-4940.154,-11569.208,-139.125,-98.049,-0.139265,0.989911,-0.026104,-0.989760,-0.139981,-0.027946,-0.031318,0.021945,0.999269,0,0.84190,0.12092,50.514,0.242,-1,375.000,-1,375.000,-1,325.000,325.000,300.000,300.000,-1,575.000,550.000,-1,700.000,675.000,-1,-1,2,0,2,0,2,0,0,0,0,2,0,0,2,0,0,2,2
97,-4947.016,-11619.253,-140.879,-97.807,-0.135148,0.990495,-0.025572,-0.990400,-0.135802,-0.025820,-0.029048,0.021837,0.999339,0,0.84190,0.12092,50.514,0.242,-1,375.000,-1,375.000,-1,325.000,325.000,300.000,300.000,-1,550.000,550.000,-1,700.000,675.000,-1,-1,2,0,2,0,2,0,0,0,0,2,0,0,2,0,0,2,2
98,-4953.666,-11669.327,-142.630,-97.565,-0.131028,0.991062,-0.025046,-0.991017,-0.131620,-0.023675,-0.026760,0.021719,0.999406,0,0.84190,0.12092,50.514,0.242,-1,375.000,-1,375.000,-1,325.000,325.000,300.000,300.000,-1,525.000,525.000,-1,700.000,675.000,-1,-1,2,0,2,0,2,0,0,0,0,2,0,0,2,0,0,2,2
99,-4960.105,-11719.429,-144.377,-97.323,-0.126904,0.991612,-0.024528,-0.991614,-0.127436,-0.021510,-0.024455,0.021592,0.999468,0,0.84190,0.12092,50.514,0.242,-1,375.000,-1,375.000,-1,325.000,325.000,300.000,300.000,-1,475.000,500.000,-1,700.000,675.000,-1,-1,2,0,2,0,2,0,0,0,0,2,0,0,2,0,0,2,2
100,-4966.332,-11769.558,-146.084,-97.081,-0.122770,0.992141,-0.024178,-0.992186,-0.123249,-0.019424,-0.022251,0.021604,0.999519,0,0.84190,0.12092,50.514,0.242,-1,375.000,-1,375.000,-1,325.000,300.000,300.000,300.000,-1,450.000,475.000,-1,725.000,675.000,-1,-1,2,0,2,0,2,0,0,0,0,2,0,0,2,0,0,2,2
101,-4972.347,-11819.712,-147.415,-96.839,-0.118596,0.992618,-0.025380,-0.992734,-0.119057,-0.017481,-0.020374,0.023122,0.999525,0,0.84190,0.12092,50.514,0.242,-1,375.000,-1,375.000,-1,325.000,300.000,300.000,300.000,-1,450.000,450.000,-1,725.000,675.000,-1,-1,2,0,2,0,2,0,0,0,0,2,0,0,2,0,0,2,2
102,-4978.151,-11869.891,-148.207,-96.598,-0.114439,0.993116,-0.024983,-0.993246,-0.114866,-0.016374,-0.019131,0.022940,0.999554,0,0.84190,0.12092,50.514,0.242,-1,375.000,-1,375.000,-1,325.000,300.000,300.000,300.000,-1,475.000,475.000,-1,725.000,675.000,-1,-1,2,0,2,0,2,0,0,0,0,2,0,0,2,0,0,2,2
103,-4983.743,-11920.095,-148.849,-96.356,-0.110292,0.993608,-0.024078,-0.993740,-0.110675,-0.015205,-0.017773,0.022250,0.999594,0,0.84190,0.12092,50.514,0.242,-1,400.000,-1,375.000,-1,325.000,300.000,300.000,300.000,-1,500.000,500.000,-1,725.000,675.000,-1,-1,2,0,2,0,2,0,0,0,0,2,0,0,2,0,0,2,2
104,-4989.123,-11970.321,-149.482,-96.114,-0.106140,0.994081,-0.023190,-0.994216,-0.106482,-0.014030,-0.016416,0.021567,0.999633,0,0.84190,0.12092,50.514,0.242,-1,400.000,-1,375.000,-1,325.000,325.000,300.000,300.000,-1,525.000,525.000,-1,725.000,675.000,-1,-1,2,0,2,0,2,0,0,0,0,2,0,0,2,0,0,2,2
105,-4994.291,-12020.570,-150.104,-95.872,-0.101984,0.994536,-0.022319,-0.994672,-0.102286,-0.012848,-0.015061,0.020890,0.999668,0,0.84190,0.12092,50.514,0.242,-1,400.000,-1,375.000,-1,325.000,325.000,300.000,300.000,-1,550.000,550.000,-1,725.000,675.000,-1,-1,2,0,2,0,2,0,0,0,0,2,0,0,2,0,0,2,2
106,-4999.247,-12070.840,-150.717,-95.630,-0.097824,0.994972,-0.021466,-0.995109,-0.098089,-0.011660,-0.013707,0.020220,0.999702,0,0.84190,0.12092,50.514,0.242,-1,400.000,-1,375.000,-1,325.000,325.000,300.000,300.000,-1,575.000,575.000,-1,725.000,675.000,-1,-1,2,0,2,0,2,0,0,0,0,2,0,0,2,0,0,2,2
107,-5003.991,-12121.131,-151.321,-95.388,-0.093660,0.995390,-0.020629,-0.995528,-0.093890,-0.010467,-0.012356,0.019557,0.999732,0,0.84190,0.12092,50.514,0.242,-1,400.000,-1,375.000,-1,325.000,325.000,300.000,300.000,-1,575.000,600.000,-1,725.000,700.000,-1,-1,2,0,2,0,2,0,0,0,0,2,0,0,2,0,0,2,2
108,-5008.522,-12171.441,-151.915,-95.147,-0.089492,0.995790,-0.019811,-0.995927,-0.089689,-0.009269,-0.011007,0.018901,0.999761,0,0.84190,0.12092,50.514,0.242,-1,400.000,-1,375.000,-1,325.000,325.000,300.000,300.000,-1,600.000,625.000,-1,725.000,700.000,-1,-1,2,0,2,0,2,0,0,0,0,2,0,0,2,0,0,2,2
109,-5012.841,-12221.770,-152.501,-94.905,-0.085320,0.996172,-0.019010,-0.996307,-0.085486,-0.008067,-0.009661,0.018252,0.999787,0,0.84190,0.12092,50.514,0.242,-1,400.000,-1,375.000,-1,325.000,325.000,300.000,300.000,-1,625.000,650.000,-1,725.000,700.000,-1,-1,2,0,2,0,2,0,0,0,0,2,0,0,2,0,0,2,2
110,-5017.569,-12276.882,-153.138,-94.903,-0.085321,0.996189,-0.018128,-0.996319,-0.085455,-0.006764,-0.008287,0.017485,0.999813,0,0.92190,0.00092,55.314,0.002,-1,400.000,-1,375.000,-1,325.000,325.000,300.000,300.000,-1,650.000,675.000,-1,725.000,700.000,-1,-1,2,0,2,0,2,0,0,0,0,2,0,0,2,0,0,2,2
111,-5022.663,-12333.504,-153.791,-95.141,-0.089491,0.995839,-0.017192,-0.995963,-0.089596,-0.005441,-0.006958,0.016636,0.999837,0,0.94752,-0.11908,56.851,-0.238,-1,400.000,-1,375.000,-1,325.000,325.000,300.000,300.000,-1,650.000,675.000,-1,725.000,700.000,-1,-1,2,0,2,0,2,0,0,0,0,2,0,0,2,0,0,2,2
112,-5028.230,-12390.082,-154.449,-95.619,-0.097827,0.995072,-0.016199,-0.995187,-0.097905,-0.004136,-0.005701,0.015716,0.999860,0,0.94752,-0.23908,56.851,-0.478,-1,400.000,-1,375.000,-1,325.000,325.000,300.000,300.000,-1,675.000,700.000,-1,725.000,700.000,-1,-1,2,0,2,0,2,0,0,0,0,2,0,0,2,0,0,2,2
113,-5034.506,-12446.586,-155.009,-96.337,-0.110312,0.993775,-0.015563,-0.993886,-0.110371,-0.002978,-0.004678,0.015139,0.999874,0,0.94752,-0.35908,56.851,-0.718,-1,400.000,-1,375.000,-1,325.000,325.000,300.000,300.000,-1,700.000,725.000,-1,725.000,700.000,-1,-1,2,0,2,0,2,0,0,0,0,2,0,0,2,0,0,2,2
114,-5041.725,-12502.977,-155.214,-97.296,-0.126929,0.991789,-0.015622,-0.991904,-0.126973,-0.001872,-0.003840,0.015258,0.999876,0,0.94752,-0.47908,56.851,-0.958,-1,400.000,-1,375.000,-1,325.000,300.000,300.000,300.000,-1,700.000,750.000,-1,725.000,700.000,-1,-1,2,0,2,0,2,0,0,0,0,2,0,0,2,0,0,2,2
115,-5050.122,-12559.205,-155.170,-98.494,-0.147657,0.988930,-0.014638,-0.989034,-0.147686,-0.000934,-0.003085,0.014339,0.999892,0,0.94752,-0.59908,56.851,-1.198,-1,400.000,-1,375.000,-1,325.000,300.000,300.000,300.000,-1,700.000,800.000,-1,725.000,700.000,-1,-1,2,0,2,0,2,0,0,0,0,2,0,0,2,0,0,2,2
116,-5059.928,-12615.204,-155.148,-99.932,-0.172446,0.984926,-0.013568,-0.985016,-0.172462,-0.000042,-0.002382,0.013358,0.999908,0,0.94752,-0.71908,56.851,-1.438,-1,400.000,-1,375.000,-1,325.000,300.000,300.000,300.000,-1,700.000,825.000,-1,725.000,700.000,-1,-1,2,0,2,0,2,0,0,0,0,2,0,0,2,0,0,2,2
117,-5071.340,-12670.898,-155.153,-101.580,-0.200712,0.979572,-0.012396,-0.979649,-0.200718,0.000790,-0.001714,0.012303,0.999923,0,0.94752,-0.82397,56.851,-1.648,-1,400.000,-1,375.000,-1,325.000,300.000,300.000,300.000,-1,675.000,800.000,-1,725.000,700.000,-1,-1,2,0,2,0,2,0,0,0,0,2,0,0,2,0,0,2,2
118,-5084.349,-12726.241,-155.181,-103.228,-0.228812,0.973407,-0.011113,-0.973470,-0.228809,0.001570,-0.001015,0.011177,0.999937,0,0.94752,-0.82397,56.851,-1.648,-1,375.000,-1,375.000,-1,325.000,300.000,300.000,300.000,-1,675.000,800.000,-1,725.000,700.000,-1,-1,2,0,2,0,2,0,0,0,0,2,0,0,2,0,0,2,2
119,-5098.944,-12781.186,-155.217,-104.876,-0.256721,0.966436,-0.009759,-0.966486,-0.256710,0.002333,-0.000251,0.010030,0.999950,0,0.94752,-0.82397,56.851,-1.648,-1,375.000,-1,375.000,-1,325.000,300.000,300.000,300.000,-1,675.000,775.000,-1,725.000,700.000,-1,-1,2,0,2,0,2,0,0,0,0,2,0,0,2,0,0,2,2
120,-5115.113,-12835.690,-155.128,-106.524,-0.284420,0.958660,-0.008735,-0.958699,-0.284398,0.003643,0.001008,0.009410,0.999955,0,0.94752,-0.82397,56.851,-1.648,-1,375.000,-1,375.000,-1,325.000,325.000,300.000,300.000,-1,650.000,750.000,-1,725.000,700.000,-1,-1,2,0,2,0,2,0,0,0,0,2,0,0,2,0,0,2,2
121,-5132.843,-12889.706,-155.045,-108.172,-0.311882,0.950090,-0.007608,-0.950118,-0.311852,0.004934,0.002316,0.008767,0.999959,0,0.94752,-0.82397,56.851,-1.648,-1,375.000,-1,375.000,-1,325.000,325.000,300.000,300.000,-1,650.000,750.000,-1,725.000,700.000,-1,-1,2,0,2,0,2,0,0,0,0,2,0,0,2,0,0,2,2
122,-5152.119,-12943.189,-154.966,-109.820,-0.339084,0.940734,-0.006380,-0.940749,-0.339047,0.006198,0.003668,0.008104,0.999960,0,0.94752,-0.82397,56.851,-1.648,-1,375.000,-1,375.000,-1,325.000,325.000,300.000,300.000,-1,650.000,725.000,-1,725.000,700.000,-1,-1,2,0,2,0,2,0,0,0,0,2,0,0,2,0,0,2,2
123,-5172.925,-12996.097,-154.871,-111.467,-0.366003,0.930599,-0.005151,-0.930600,-0.365962,0.007397,0.004999,0.007501,0.999959,0,0.94752,-0.82397,56.851,-1.648,-1,375.000,-1,375.000,-1,325.000,325.000,300.000,300.000,-1,625.000,725.000,-1,725.000,700.000,-1,-1,2,0,2,0,2,0,0,0,0,2,0,0,2,0,0,2,2
124,-5195.244,-13048.384,-154.600,-113.115,-0.392618,0.919690,-0.004683,-0.919683,-0.392573,0.008375,0.005864,0.007595,0.999954,0,0.94752,-0.82397,56.851,-1.648,-1,375.000,-1,375.000,-1,325.000,325.000,300.000,300.000,-1,625.000,725.000,-1,725.000,700.000,-1,-1,2,0,2,0,2,0,0,0,0,2,0,0,2,0,0,2,2
125,-5219.057,-13100.007,-154.254,-114.763,-0.418911,0.908017,-0.004270,-0.908000,-0.418858,0.009704,0.007023,0.007943,0.999944,0,0.94752,-0.82397,56.851,-1.648,-1,375.000,-1,375.000,-1,325.000,325.000,300.000,300.000,-1,600.000,725.000,-1,725.000,700.000,-1,-1,2,0,2,0,2,0,0,0,0,2,0,0,2,0,0,2,2
126,-5244.345,-13150.924,-153.858,-116.411,-0.444856,0.895595,-0.003471,-0.895563,-0.444797,0.011073,0.008373,0.008034,0.999933,0,0.94752,-0.82397,56.851,-1.648,-1,375.000,-1,375.000,-1,325.000,325.000,300.000,300.000,-1,600.000,700.000,-1,725.000,700.000,-1,-1,2,0,2,0,2,0,0,0,0,2,0,0,2,0,0,2,2
127,-5271.087,-13201.094,-153.431,-118.059,-0.470429,0.882434,-0.002480,-0.882385,-0.470369,0.012250,0.009643,0.007951,0.999922,0,0.94752,-0.82397,56.851,-1.648,-1,400.000,-1,375.000,-1,325.000,325.000,300.000,300.000,-1,575.000,675.000,-1,750.000,725.000,-1,-1,2,0,2,0,2,0,0,0,0,2,0,0,2,0,0,2,2
128,-5299.261,-13250.473,-152.915,-119.707,-0.495608,0.868545,-0.001214,-0.868481,-0.495553,0.012966,0.010660,0.007480,0.999915,0,0.94752,-0.82397,56.851,-1.648,-1,400.000,-1,375.000,-1,325.000,325.000,300.000,300.000,-1,600.000,675.000,-1,750.000,725.000,-1,-1,2,0,2,0,2,0,0,0,0,2,0,0,2,0,0,2,2
129,-5328.883,-13299.086,-152.328,-121.356,-0.520389,0.853930,-0.000215,-0.853852,-0.520338,0.013576,0.011481,0.007248,0.999908,0,0.94878,-0.82436,56.927,-1.649,-1,400.000,-1,375.000,-1,325.000,325.000,300.000,300.000,-1,600.000,675.000,-1,750.000,725.000,-1,-1,2,0,2,0,2,0,0,0,0,2,0,0,2,0,0,2,2
130,-5360.122,-13347.174,-151.614,-123.008,-0.544795,0.838569,0.000618,-0.838481,-0.544749,0.014116,0.012174,0.007172,0.999900,0,0.95574,-0.82630,57.344,-1.653,-1,400.000,-1,375.000,-1,325.000,325.000,300.000,300.000,-1,625.000,700.000,-1,750.000,725.000,-1,-1,2,0,2,0,2,0,0,0,0,2,0,0,2,0,0,2,2
131,-5389.824,-13390.518,-150.955,-124.421,-0.565298,0.824885,0.001393,-0.824787,-0.565256,0.014574,0.012809,0.007090,0.999893,0,0.87574,-0.70630,52.544,-1.413,-1,400.000,-1,375.000,-1,325.000,325.000,300.000,300.000,-1,650.000,700.000,-1,750.000,725.000,-1,-1,2,0,2,0,2,0,0,0,0,2,0,0,2,0,0,2,2
132,-5420.018,-13432.703,-150.298,-125.594,-0.582056,0.813146,0.002161,-0.813037,-0.582018,0.014997,0.013452,0.006973,0.999885,0,0.86462,-0.58630,51.877,-1.173,-1,400.000,-1,375.000,-1,325.000,325.000,300.000,300.000,-1,675.000,725.000,-1,750.000,725.000,-1,-1,2,0,2,0,2,0,0,0,0,2,0,0,2,0,0,2,2
133,-5451.130,-13474.708,-149.628,-126.526,-0.595209,0.803566,0.002931,-0.803447,-0.595177,0.015404,0.014122,0.006814,0.999877,0,0.87120,-0.46630,52.272,-0.933,-1,400.000,-1,375.000,-1,325.000,325.000,300.000,300.000,-1,700.000,750.000,-1,750.000,725.000,-1,-1,2,0,2,0,2,0,0,0,0,2,0,0,2,0,0,2,2
134,-5482.988,-13516.652,-148.941,-127.219,-0.604872,0.796314,0.003700,-0.796185,-0.604847,0.015799,0.014819,0.006611,0.999868,0,0.87785,-0.34630,52.671,-0.693,-1,400.000,-1,375.000,-1,325.000,325.000,300.000,300.000,-1,725.000,775.000,-1,750.000,725.000,-1,-1,2,0,2,0,2,0,0,0,0,2,0,0,2,0,1,2,2
135,-5515.423,-13558.661,-148.199,-127.671,-0.611139,0.791512,0.004277,-0.791373,-0.611119,0.016187,0.015426,0.006508,0.999860,0,0.88456,-0.22630,53.073,-0.453,-1,400.000,-1,375.000,-1,325.000,325.000,300.000,300.000,-1,750.000,800.000,-1,750.000,725.000,-1,-1,2,0,2,0,2,0,0,0,0,2,0,0,2,0,1,2,2
136,-5548.262,-13600.868,-147.407,-127.884,-0.614068,0.789239,0.004699,-0.789092,-0.614052,0.016577,0.015969,0.006471,0.999852,0,0.89129,-0.10630,53.477,-0.213,-1,400.000,-1,375.000,-1,325.000,325.000,300.000,300.000,-1,775.000,825.000,-1,750.000,700.000,-1,-1,2,0,2,0,2,0,0,0,0,2,0,0,2,0,1,2,2
