timestep,x_cm,y_cm,z_cm,yaw_deg,basis_xx,basis_xy,basis_xz,basis_yx,basis_yy,basis_yz,basis_zx,basis_zy,basis_zz,teleport_flag,throttle_cmd,steering_cmd,cmd_move_cm,cmd_turn_deg,lidar_cm_0,lidar_cm_1,lidar_cm_2,lidar_cm_3,lidar_cm_4,lidar_cm_5,lidar_cm_6,lidar_cm_7,lidar_cm_8,lidar_cm_9,lidar_cm_10,lidar_cm_11,lidar_cm_12,lidar_cm_13,lidar_cm_14,lidar_cm_15,lidar_cm_16,lidar_class_0,lidar_class_1,lidar_class_2,lidar_class_3,lidar_class_4,lidar_class_5,lidar_class_6,lidar_class_7,lidar_class_8,lidar_class_9,lidar_class_10,lidar_class_11,lidar_class_12,lidar_class_13,lidar_class_14,lidar_class_15,lidar_class_16
0,-2949.695,-4923.866,109.796,-66.300,0.393219,0.911737,-0.118805,-0.915477,0.400231,0.041440,0.085331,0.092468,0.992053,1,0.08000,0.02953,4.800,0.059,-1,375.000,-1,400.000,-1,325.000,325.000,275.000,300.000,-1,550.000,450.000,800.000,750.000,900.000,-1,-1,2,0,2,0,2,0,0,0,0,2,0,0,0,0,0,2,2
1,-2945.826,-4932.652,110.610,-66.239,0.394118,0.911279,-0.119340,-0.915069,0.401173,0.041354,0.085561,0.092905,0.991992,0,0.16000,0.03010,9.600,0.060,-1,375.000,-1,400.000,-1,325.000,325.000,275.000,300.000,-1,550.000,450.000,800.000,775.000,900.000,-1,-1,2,0,2,0,2,0,0,0,0,2,0,0,0,0,0,2,2
2,-2940.009,-4945.824,111.836,-66.177,0.395029,0.910780,-0.120131,-0.914648,0.402144,0.041223,0.085855,0.093593,0.991902,0,0.24000,0.03136,14.400,0.063,-1,375.000,-1,400.000,-1,325.000,325.000,275.000,300.000,-1,575.000,450.000,800.000,775.000,900.000,-1,-1,2,0,2,0,2,0,0,0,0,2,0,0,0,0,0,2,2
3,-2932.232,-4963.379,113.477,-66.110,0.395975,0.910233,-0.121164,-0.914205,0.403167,0.041051,0.086215,0.094514,0.991783,0,0.32000,0.03330,19.200,0.067,-1,375.000,-1,400.000,-1,325.000,325.000,275.000,300.000,-1,575.000,475.000,825.000,800.000,900.000,-1,-1,2,0,2,0,2,0,0,0,0,2,0,0,0,0,0,2,2
4,-2922.483,-4985.310,115.539,-66.038,0.396978,0.909628,-0.122418,-0.913730,0.404265,0.040843,0.086641,0.095643,0.991638,0,0.40000,0.03594,24.000,0.072,-1,375.000,-1,400.000,-1,325.000,325.000,275.000,300.000,-1,600.000,475.000,825.000,800.000,900.000,-1,-1,2,0,2,0,2,0,0,0,0,2,0,0,0,0,0,2,2
5,-2910.749,-5011.611,118.026,-65.960,0.398063,0.908957,-0.123870,-0.913211,0.405460,0.040608,0.087135,0.096955,0.991467,0,0.48000,0.03927,28.800,0.079,-1,375.000,-1,425.000,-1,325.000,325.000,275.000,300.000,-1,625.000,500.000,825.000,825.000,900.000,-1,-1,2,0,2,0,2,0,0,0,0,2,0,0,0,0,0,2,2
6,-2897.013,-5042.275,120.946,-65.874,0.399246,0.908215,-0.125487,-0.912640,0.406767,0.040354,0.087695,0.098414,0.991274,0,0.56000,0.04306,33.600,0.086,-1,375.000,-1,425.000,-1,325.000,325.000,275.000,300.000,-1,650.000,525.000,850.000,850.000,925.000,-1,-1,2,0,2,0,2,0,0,0,0,2,0,0,0,0,0,2,2
7,-2881.260,-5077.295,124.308,-65.784,0.400467,0.907434,-0.127237,-0.912046,0.408124,0.040093,0.088310,0.099990,0.991062,0,0.64000,0.04486,38.400,0.090,-1,375.000,-1,425.000,-1,325.000,325.000,275.000,300.000,-1,675.000,550.000,850.000,900.000,950.000,-1,-1,2,0,2,0,2,0,0,0,0,2,0,0,0,0,0,2,2
8,-2863.507,-5116.589,128.115,-65.690,0.401736,0.906616,-0.129057,-0.911424,0.409536,0.039834,0.088967,0.101623,0.990837,0,0.71865,0.04675,43.119,0.094,-1,400.000,-1,425.000,-1,325.000,325.000,275.000,300.000,-1,725.000,550.000,875.000,925.000,950.000,-1,-1,2,0,2,0,2,0,0,0,0,2,0,0,0,0,0,2,2
9,-2845.771,-5155.670,132.073,-65.593,0.403082,0.905828,-0.130386,-0.910738,0.411035,0.040071,0.089891,0.102596,0.990653,0,0.71527,0.04869,42.916,0.097,-1,400.000,-1,425.000,-1,325.000,325.000,275.000,300.000,-1,750.000,575.000,900.000,950.000,975.000,-1,-1,2,0,2,0,2,0,0,0,0,2,0,0,0,0,0,2,2
10,-2828.056,-5194.522,135.843,-65.492,0.404515,0.904957,-0.131988,-0.910074,0.412561,0.039487,0.090188,0.104146,0.990464,0,0.71168,0.05040,42.701,0.101,-1,400.000,-1,425.000,-1,325.000,350.000,275.000,300.000,-1,775.000,625.000,900.000,975.000,1000.000,-1,-1,2,0,2,0,2,0,0,0,0,2,0,0,0,0,0,2,2
11,-2810.364,-5233.136,139.350,-65.388,0.406036,0.903977,-0.134016,-0.909450,0.414094,0.037766,0.089635,0.106547,0.990259,0,0.70790,0.05189,42.474,0.104,-1,400.000,-1,425.000,-1,325.000,350.000,275.000,300.000,-1,850.000,650.000,925.000,1000.000,1000.000,-1,-1,2,0,2,0,2,0,0,0,0,2,0,0,0,0,0,2,2
12,-2792.699,-5271.501,142.848,-65.282,0.407619,0.902979,-0.135926,-0.908806,0.415665,0.035981,0.088990,0.108864,0.990065,0,0.70395,0.05315,42.237,0.106,-1,425.000,-1,425.000,-1,325.000,350.000,300.000,300.000,-1,900.000,725.000,950.000,-1,1000.000,-1,-1,2,0,2,0,2,0,0,1,0,2,0,0,0,2,0,2,2
13,-2775.065,-5309.611,146.337,-65.174,0.409255,0.901967,-0.137720,-0.908142,0.417269,0.034134,0.088253,0.111100,0.989883,0,0.69988,0.05419,41.993,0.108,-1,425.000,-1,425.000,-1,350.000,350.000,275.000,275.000,-1,950.000,775.000,950.000,-1,1000.000,-1,-1,2,0,2,0,2,0,0,1,0,2,0,0,0,2,0,2,2
14,-2757.464,-5347.460,149.799,-65.064,0.410936,0.900950,-0.139362,-0.907458,0.418900,0.032296,0.087476,0.113194,0.989715,0,0.69569,0.05500,41.742,0.110,-1,425.000,-1,425.000,-1,350.000,350.000,275.000,275.000,-1,-1,825.000,975.000,-1,1000.000,-1,-1,2,0,2,0,2,0,0,1,0,2,2,0,0,2,0,2,2
15,-2739.897,-5385.043,153.235,-64.953,0.412653,0.899932,-0.140854,-0.906757,0.420552,0.030471,0.086659,0.115147,0.989561,0,0.69144,0.05558,41.486,0.111,-1,425.000,-1,425.000,-1,350.000,350.000,275.000,275.000,-1,-1,900.000,1000.000,-1,1000.000,-1,-1,2,0,2,0,2,0,0,1,0,2,2,0,0,2,0,2,2
16,-2722.369,-5422.360,156.398,-64.841,0.414596,0.899022,-0.140958,-0.906028,0.422268,0.028328,0.084989,0.115968,0.989610,0,0.68715,0.05594,41.229,0.112,-1,425.000,-1,425.000,-1,350.000,350.000,250.000,275.000,-1,-1,1000.000,-1,-1,1000.000,-1,-1,2,0,2,0,2,0,0,1,0,2,2,0,2,2,0,2,2
17,-2704.878,-5459.410,159.447,-64.729,0.416631,0.898159,-0.140463,-0.905282,0.424011,0.026060,0.082963,0.116301,0.989743,0,0.68285,0.05609,40.971,0.112,-1,425.000,-1,425.000,-1,350.000,350.000,250.000,275.000,-1,-1,-1,-1,-1,1000.000,-1,-1,2,0,2,0,2,0,0,1,0,2,2,2,2,2,0,2,2
18,-2687.425,-5496.193,162.480,-64.617,0.418676,0.897302,-0.139856,-0.904526,0.425754,0.023785,0.080887,0.116545,0.989886,0,0.67858,0.05601,40.715,0.112,-1,425.000,-1,425.000,-1,350.000,350.000,250.000,300.000,-1,-1,-1,-1,-1,975.000,-1,-1,2,0,2,0,2,0,0,1,0,2,2,2,2,2,0,2,2
19,-2670.010,-5532.715,165.377,-64.505,0.420811,0.896507,-0.138540,-0.903756,0.427515,0.021365,0.078382,0.116216,0.990126,0,0.67436,0.05573,40.462,0.111,-1,425.000,-1,425.000,-1,350.000,350.000,250.000,300.000,-1,-1,-1,-1,-1,975.000,-1,-1,2,0,2,0,2,0,0,1,0,2,2,2,2,2,0,2,2
20,-2650.622,-5573.613,168.481,-64.634,0.419336,0.897519,-0.136441,-0.904756,0.425529,0.018500,0.074664,0.115688,0.990475,0,0.75436,-0.06427,45.262,-0.129,-1,425.000,-1,425.000,-1,325.000,325.000,250.000,300.000,-1,-1,-1,-1,-1,950.000,-1,-1,2,0,2,0,2,0,0,1,0,2,2,2,2,2,0,2,2
21,-2629.469,-5618.986,171.884,-65.002,0.414154,0.900270,-0.134131,-0.907505,0.419762,0.015304,0.070081,0.115386,0.990845,0,0.83436,-0.18427,50.062,-0.369,-1,425.000,-1,425.000,-1,325.000,325.000,250.000,300.000,-1,-1,-1,-1,1000.000,950.000,-1,-1,2,0,2,0,2,0,0,1,0,2,2,2,2,0,0,2,2
22,-2606.816,-5668.952,175.558,-65.611,0.405230,0.904690,-0.131627,-0.911928,0.410183,0.011758,0.064629,0.115269,0.991230,0,0.91436,-0.30427,54.862,-0.609,-1,425.000,-1,425.000,-1,325.000,325.000,250.000,300.000,-1,-1,-1,-1,975.000,925.000,-1,-1,2,0,2,0,2,0,0,1,0,2,2,2,2,0,1,2,2
23,-2584.856,-5719.364,179.268,-66.459,0.392516,0.910692,-0.128727,-0.917891,0.396752,0.008017,0.058374,0.115011,0.991648,0,0.91645,-0.42427,54.987,-0.849,-1,425.000,-1,425.000,-1,325.000,325.000,275.000,300.000,-1,-1,-1,-1,950.000,875.000,-1,1000.000,2,0,2,0,2,0,0,1,0,2,2,2,2,0,1,2,1
24,-2564.009,-5769.818,182.892,-67.548,0.375893,0.918085,-0.125794,-0.925228,0.379388,0.004160,0.051544,0.114825,0.992048,0,0.90984,-0.54427,54.590,-1.089,-1,425.000,-1,425.000,-1,325.000,325.000,325.000,300.000,-1,-1,-1,-1,925.000,825.000,-1,950.000,2,0,2,0,2,0,0,0,0,2,2,2,2,0,1,2,1
25,-2544.474,-5820.381,185.927,-68.876,0.355028,0.926462,-0.124993,-0.933747,0.357933,0.000835,0.045513,0.116415,0.992157,0,0.90340,-0.66427,54.204,-1.329,-1,425.000,1000.000,400.000,-1,325.000,325.000,325.000,300.000,600.000,-1,-1,-1,900.000,775.000,-1,900.000,2,0,1,0,2,0,0,0,0,1,2,2,2,0,1,2,1
26,-2526.450,-5871.115,188.538,-70.445,0.330055,0.935615,-0.125253,-0.943158,0.332333,-0.002856,0.038953,0.119076,0.992121,0,0.89730,-0.78427,53.838,-1.569,-1,425.000,950.000,400.000,-1,325.000,325.000,325.000,300.000,550.000,-1,-1,-1,900.000,725.000,-1,850.000,2,0,1,0,2,0,0,0,0,1,2,2,2,0,1,2,1
27,-2510.051,-5922.042,190.839,-72.154,0.302554,0.944752,-0.126115,-0.952596,0.304161,-0.006778,0.031956,0.122187,0.991993,0,0.89167,-0.85466,53.500,-1.709,-1,425.000,875.000,400.000,-1,325.000,325.000,325.000,300.000,525.000,-1,-1,-1,875.000,700.000,-1,800.000,2,0,1,0,2,0,0,0,0,1,2,2,2,1,1,2,1
28,-2495.268,-5973.158,192.768,-73.872,0.274604,0.953151,-0.126871,-0.961218,0.275615,-0.009865,0.025564,0.124660,0.991870,0,0.88680,-0.85901,53.208,-1.718,-1,425.000,800.000,400.000,-1,325.000,325.000,350.000,300.000,525.000,-1,-1,-1,800.000,650.000,975.000,750.000,2,0,1,0,2,0,0,0,0,1,2,2,2,1,1,1,1
29,-2482.094,-6024.476,193.884,-75.600,0.246216,0.961021,-0.125766,-0.969010,0.246752,-0.011540,0.019943,0.124710,0.991993,0,0.88298,-0.86380,52.979,-1.728,-1,425.000,725.000,400.000,-1,325.000,325.000,350.000,300.000,525.000,-1,-1,-1,725.000,600.000,875.000,700.000,2,0,1,0,2,0,0,0,0,1,2,2,2,1,1,1,1
30,-2470.520,-6076.007,194.441,-77.338,0.217371,0.968232,-0.123596,-0.975975,0.217530,-0.012376,0.014904,0.123317,0.992255,0,0.88020,-0.86901,52.812,-1.738,1000.000,425.000,675.000,400.000,-1,325.000,325.000,325.000,300.000,550.000,-1,-1,-1,675.000,575.000,800.000,650.000,1,0,1,0,2,0,0,0,0,1,2,2,2,1,1,1,1
31,-2460.546,-6127.763,194.766,-79.087,0.188101,0.974609,-0.121475,-0.982099,0.187910,-0.013124,0.010035,0.121769,0.992508,0,0.87842,-0.87459,52.705,-1.749,850.000,425.000,600.000,400.000,-1,325.000,325.000,325.000,300.000,575.000,-1,-1,-1,600.000,525.000,725.000,625.000,1,0,1,0,2,0,0,0,0,1,2,2,2,1,1,1,1
32,-2451.629,-6184.576,194.910,-81.076,0.154575,0.980738,-0.119410,-0.987971,0.153998,-0.014096,0.004564,0.120153,0.992745,0,0.95842,-0.99459,57.505,-1.989,725.000,400.000,550.000,400.000,-1,325.000,325.000,325.000,300.000,625.000,-1,-1,-1,525.000,500.000,625.000,575.000,1,0,1,0,2,0,0,0,0,1,2,2,2,1,1,1,1
33,-2444.399,-6244.142,194.843,-83.076,0.120670,0.985711,-0.117530,-0.992692,0.119701,-0.015299,-0.001012,0.118517,0.992951,0,1.00000,-1.00000,60.000,-2.000,625.000,400.000,500.000,375.000,-1,325.000,325.000,325.000,300.000,700.000,-1,-1,-1,450.000,450.000,550.000,550.000,1,1,1,1,2,0,0,0,0,1,2,2,2,1,1,1,1
34,-2439.253,-6303.924,194.554,-85.076,0.086604,0.989479,-0.115891,-0.996221,0.085244,-0.016648,-0.006594,0.116895,0.993122,0,1.00000,-1.00000,60.000,-2.000,525.000,350.000,450.000,325.000,-1,325.000,300.000,325.000,300.000,775.000,-1,-1,-1,400.000,400.000,450.000,500.000,1,1,1,1,2,1,1,0,0,1,2,2,2,1,1,1,1
35,-2436.189,-6363.848,194.043,-87.069,0.052544,0.992036,-0.114468,-0.998545,0.050797,-0.018124,-0.012165,0.115254,0.993262,0,1.00000,-0.99630,60.000,-1.993,425.000,300.000,375.000,300.000,-1,275.000,275.000,325.000,300.000,850.000,-1,-1,-1,325.000,375.000,375.000,450.000,1,1,1,1,2,1,1,0,0,1,2,2,2,1,1,1,1
36,-2435.198,-6423.843,193.310,-89.051,0.018590,0.993395,-0.113233,-0.999670,0.016461,-0.019710,-0.017716,0.113562,0.993373,0,1.00000,-0.99097,60.000,-1.982,325.000,250.000,325.000,250.000,-1,225.000,225.000,325.000,300.000,925.000,-1,-1,-1,275.000,325.000,300.000,425.000,1,1,1,1,2,1,1,0,0,1,2,2,2,1,1,1,1
37,-2436.271,-6483.837,192.358,-91.020,-0.015186,0.993574,-0.112157,-0.999615,-0.017693,-0.021395,-0.023242,0.111789,0.993460,0,1.00000,-0.98477,60.000,-1.970,250.000,200.000,275.000,225.000,-1,175.000,200.000,325.000,300.000,975.000,-1,-1,-1,200.000,275.000,225.000,400.000,1,1,1,1,2,1,1,0,0,1,2,2,2,1,1,1,1
38,-2439.389,-6543.758,191.152,-92.975,-0.048728,0.992617,-0.111071,-0.998402,-0.051593,-0.023070,-0.028630,0.109770,0.993545,0,1.00000,-0.97759,60.000,-1.955,175.000,150.000,225.000,200.000,-1,125.000,150.000,300.000,300.000,975.000,-1,-1,-1,150.000,250.000,150.000,350.000,1,1,1,1,2,1,1,0,0,1,2,2,2,1,1,1,1
39,-2444.434,-6603.548,205.048,-94.914,-0.088504,0.983853,-0.155562,-0.995914,-0.084589,0.031621,0.017951,0.157725,0.987320,0,1.00000,-0.96934,60.000,-1.939,150.000,150.000,250.000,225.000,-1,150.000,175.000,475.000,275.000,1000.000,250.000,125.000,-1,150.000,300.000,125.000,-1,1,1,1,1,2,1,1,0,0,1,0,0,2,1,1,1,2
40,6887.288,-9511.018,-114.164,-118.030,-0.469935,0.882675,0.006857,-0.882224,-0.469922,0.029228,0.029021,0.007686,0.999549,1,0.00000,0.00000,60.000,-1.920,-1,375.000,-1,350.000,775.000,300.000,300.000,300.000,300.000,-1,225.000,300.000,-1,650.000,600.000,-1,800.000,2,0,2,0,0,0,0,0,0,2,0,0,2,0,0,2,0
41,6889.526,-9506.772,-114.287,-117.790,-0.466242,0.884634,0.006413,-0.884192,-0.466220,0.029059,0.028696,0.007878,0.999557,0,-0.08000,0.12000,-4.800,0.240,-1,375.000,-1,350.000,750.000,300.000,300.000,300.000,300.000,-1,225.000,300.000,-1,650.000,600.000,-1,800.000,2,0,2,0,0,0,0,0,0,2,0,0,2,0,0,2,0
42,6893.953,-9498.253,-114.538,-117.459,-0.461134,0.887313,0.005538,-0.886887,-0.461092,0.028718,0.028036,0.008331,0.999572,0,-0.16000,0.16574,-9.600,0.331,-1,375.000,-1,350.000,750.000,300.000,300.000,300.000,300.000,-1,225.000,300.000,-1,650.000,600.000,-1,800.000,2,0,2,0,0,0,0,0,0,2,0,0,2,0,0,2,0
43,6900.517,-9485.437,-114.916,-117.119,-0.455898,0.890022,0.004241,-0.889621,-0.455827,0.028202,0.027033,0.009084,0.999593,0,-0.24000,0.16962,-14.400,0.339,-1,375.000,-1,350.000,750.000,300.000,300.000,325.000,300.000,-1,225.000,325.000,-1,650.000,600.000,-1,800.000,2,0,2,0,0,0,0,0,0,2,0,0,2,0,0,2,0
44,6908.085,-9470.436,-115.351,-116.769,-0.450467,0.892789,0.002735,-0.892418,-0.450365,0.027589,0.025863,0.009987,0.999616,0,-0.28003,0.17543,-16.802,0.351,-1,375.000,-1,350.000,750.000,300.000,300.000,325.000,300.000,-1,225.000,325.000,-1,650.000,600.000,-1,800.000,2,0,2,0,0,0,0,0,0,2,0,0,2,0,0,2,0
45,6915.670,-9455.158,-115.783,-116.404,-0.444806,0.895626,0.001210,-0.895287,-0.444674,0.026953,0.024678,0.010906,0.999636,0,-0.28428,0.18219,-17.057,0.364,-1,375.000,-1,350.000,750.000,300.000,300.000,325.000,300.000,-1,225.000,325.000,-1,650.000,600.000,-1,800.000,2,0,2,0,0,0,0,0,0,2,0,0,2,0,0,2,0
46,6923.266,-9439.602,-116.212,-116.026,-0.438910,0.898531,-0.000333,-0.898224,-0.438750,0.026295,0.023481,0.011840,0.999654,0,-0.28853,0.18902,-17.312,0.378,-1,375.000,-1,350.000,750.000,300.000,300.000,325.000,300.000,-1,250.000,325.000,-1,650.000,600.000,-1,800.000,2,0,2,0,0,0,0,0,0,2,0,0,2,0,0,2,0
47,6930.866,-9423.765,-116.636,-115.634,-0.432774,0.901500,-0.001893,-0.901227,-0.432589,0.025612,0.022271,0.012790,0.999670,0,-0.29277,0.19594,-17.566,0.392,-1,375.000,-1,350.000,725.000,300.000,300.000,325.000,300.000,-1,250.000,325.000,-1,650.000,575.000,-1,800.000,2,0,2,0,0,0,0,0,0,2,0,0,2,0,0,2,0
48,6938.462,-9407.645,-117.057,-115.228,-0.426395,0.904530,-0.003469,-0.904292,-0.426187,0.024905,0.021049,0.013757,0.999684,0,-0.29700,0.20293,-17.820,0.406,-1,375.000,-1,350.000,725.000,300.000,300.000,325.000,300.000,-1,250.000,325.000,-1,650.000,575.000,-1,800.000,2,0,2,0,0,0,0,0,0,2,0,0,2,0,0,2,0
49,6946.045,-9391.240,-117.473,-114.808,-0.419768,0.907617,-0.005061,-0.907415,-0.419540,0.024173,0.019817,0.014739,0.999695,0,-0.30121,0.20999,-18.073,0.420,-1,375.000,-1,350.000,725.000,300.000,300.000,325.000,300.000,-1,250.000,325.000,-1,675.000,575.000,-1,800.000,2,0,2,0,0,0,0,0,0,2,0,0,2,0,0,2,0
50,6953.607,-9374.549,-117.885,-114.374,-0.412889,0.910757,-0.006666,-0.910592,-0.412642,0.023415,0.018575,0.015738,0.999704,0,-0.30539,0.21713,-18.324,0.434,-1,375.000,-1,350.000,725.000,300.000,300.000,325.000,300.000,-1,250.000,325.000,-1,675.000,575.000,-1,775.000,2,0,2,0,0,0,0,0,0,2,0,0,2,0,0,2,0
51,6961.139,-9357.573,-118.293,-113.926,-0.405753,0.913945,-0.008285,-0.913819,-0.405492,0.022631,0.017324,0.016753,0.999710,0,-0.30953,0.22432,-18.572,0.449,-1,375.000,-1,350.000,725.000,300.000,300.000,325.000,300.000,-1,250.000,325.000,-1,675.000,575.000,-1,775.000,2,0,2,0,0,0,0,0,0,2,0,0,2,0,0,2,0
52,6968.631,-9340.312,-118.695,-113.462,-0.398357,0.917177,-0.009914,-0.917090,-0.398083,0.021819,0.016066,0.017784,0.999713,0,-0.31362,0.23158,-18.817,0.463,-1,375.000,-1,350.000,725.000,300.000,300.000,325.000,300.000,-1,250.000,325.000,-1,675.000,575.000,-1,775.000,2,0,2,0,0,0,0,0,0,2,0,0,2,0,0,2,0
53,6976.074,-9322.766,-119.093,-112.985,-0.390697,0.920447,-0.011554,-0.920401,-0.390413,0.020981,0.014801,0.018831,0.999713,0,-0.31765,0.23890,-19.059,0.478,-1,375.000,-1,350.000,700.000,300.000,300.000,325.000,300.000,975.000,250.000,325.000,-1,675.000,575.000,-1,775.000,2,0,2,0,0,0,0,0,0,1,0,0,2,0,0,2,0
54,6983.456,-9304.938,-119.486,-112.492,-0.382768,0.923750,-0.013201,-0.923745,-0.382479,0.020115,0.013532,0.019894,0.999711,0,-0.32160,0.24627,-19.296,0.493,-1,375.000,-1,350.000,700.000,300.000,300.000,325.000,300.000,925.000,250.000,325.000,-1,675.000,575.000,-1,775.000,2,0,2,0,0,0,0,0,0,1,0,0,2,0,0,2,0
55,6990.766,-9286.830,-119.797,-111.985,-0.374568,0.927086,-0.014499,-0.927115,-0.374278,0.019327,0.012492,0.020681,0.999708,0,-0.32546,0.25368,-19.528,0.507,-1,375.000,-1,350.000,700.000,300.000,300.000,325.000,300.000,900.000,250.000,325.000,-1,675.000,575.000,-1,775.000,2,0,2,0,0,0,0,0,0,1,0,0,2,0,0,2,0
56,6997.994,-9268.447,-120.097,-111.462,-0.366095,0.930444,-0.015779,-0.930507,-0.365805,0.018525,0.011465,0.021465,0.999704,0,-0.32922,0.26114,-19.753,0.522,-1,375.000,-1,350.000,700.000,300.000,300.000,325.000,300.000,850.000,250.000,325.000,-1,675.000,575.000,-1,775.000,2,0,2,0,0,0,0,0,0,1,0,0,2,0,0,2,0
57,7005.127,-9249.792,-120.354,-110.925,-0.357342,0.933819,-0.016970,-0.933916,-0.357060,0.017566,0.010344,0.022125,0.999702,0,-0.33286,0.26863,-19.971,0.537,-1,375.000,-1,350.000,700.000,300.000,300.000,325.000,300.000,800.000,250.000,325.000,-1,700.000,575.000,-1,775.000,2,0,2,0,0,0,0,0,0,1,0,0,2,0,0,2,0
58,7012.153,-9230.873,-120.575,-110.373,-0.348307,0.937206,-0.018077,-0.937336,-0.348038,0.016473,0.009147,0.022681,0.999701,0,-0.33636,0.27614,-20.182,0.552,-1,375.000,-1,350.000,725.000,300.000,300.000,325.000,300.000,775.000,250.000,325.000,-1,700.000,575.000,-1,775.000,2,0,2,0,0,0,0,0,0,1,0,0,2,0,0,2,0
59,7019.059,-9211.696,-120.765,-109.805,-0.338990,0.940596,-0.019108,-0.940757,-0.338737,0.015272,0.007892,0.023153,0.999701,0,-0.33971,0.28366,-20.382,0.567,-1,375.000,-1,350.000,725.000,325.000,300.000,325.000,300.000,725.000,250.000,350.000,-1,700.000,575.000,-1,775.000,2,0,2,0,0,0,0,0,0,1,0,0,2,0,0,2,0
60,7025.833,-9192.270,-120.948,-109.223,-0.329389,0.943980,-0.020123,-0.944171,-0.329155,0.014069,0.006657,0.023633,0.999699,0,-0.34288,0.29120,-20.573,0.582,-1,375.000,-1,350.000,725.000,325.000,300.000,325.000,300.000,700.000,250.000,350.000,-1,700.000,575.000,-1,775.000,2,0,2,0,0,0,0,0,0,1,0,0,2,0,0,2,0
61,7030.937,-9177.346,-121.074,-108.881,-0.323723,0.945922,-0.020856,-0.946135,-0.323506,0.013146,0.005687,0.023989,0.999696,0,-0.26288,0.17120,-15.773,0.342,-1,375.000,-1,350.000,725.000,325.000,300.000,325.000,300.000,675.000,250.000,350.000,-1,700.000,575.000,-1,775.000,2,0,2,0,0,0,0,0,0,1,0,0,2,0,0,2,0
62,7034.469,-9166.957,-121.144,-108.778,-0.322017,0.946494,-0.021326,-0.946721,-0.321813,0.012498,0.004966,0.024215,0.999694,0,-0.18288,0.05120,-10.973,0.102,-1,375.000,-1,350.000,725.000,300.000,300.000,325.000,300.000,675.000,250.000,350.000,-1,700.000,575.000,-1,775.000,2,0,2,0,0,0,0,0,0,1,0,0,2,0,0,2,0
63,7036.462,-9161.115,-121.171,-108.836,-0.322969,0.946164,-0.021562,-0.946399,-0.322772,0.012128,0.004515,0.024323,0.999694,0,-0.10288,-0.02907,-6.173,-0.058,-1,375.000,-1,350.000,725.000,300.000,300.000,325.000,300.000,650.000,250.000,350.000,-1,700.000,575.000,-1,775.000,2,0,2,0,0,0,0,0,0,1,0,0,2,0,0,2,0
64,7036.907,-9159.816,-121.174,-108.890,-0.323853,0.945861,-0.021604,-0.946097,-0.323658,0.012043,0.004399,0.024340,0.999694,0,-0.02288,-0.02684,-1.373,-0.054,-1,375.000,-1,350.000,725.000,300.000,300.000,325.000,300.000,650.000,250.000,350.000,-1,700.000,575.000,-1,775.000,2,0,2,0,0,0,0,0,0,1,0,0,2,0,0,2,0
65,7035.794,-9163.057,-121.151,-108.943,-0.324727,0.945565,-0.021452,-0.945797,-0.324529,0.012245,0.004617,0.024266,0.999695,0,0.05712,-0.02634,3.427,-0.053,-1,375.000,-1,350.000,725.000,300.000,300.000,325.000,300.000,675.000,250.000,350.000,-1,700.000,575.000,-1,775.000,2,0,2,0,0,0,0,0,0,1,0,0,2,0,0,2,0
66,7033.116,-9170.836,-121.102,-108.998,-0.325648,0.945255,-0.021104,-0.945477,-0.325440,0.012733,0.005168,0.024100,0.999696,0,0.13712,-0.02758,8.227,-0.055,-1,375.000,-1,350.000,725.000,325.000,300.000,325.000,300.000,675.000,250.000,350.000,-1,700.000,575.000,-1,775.000,2,0,2,0,0,0,0,0,0,1,0,0,2,0,0,2,0
67,7028.862,-9183.149,-121.023,-109.059,-0.326674,0.944914,-0.020556,-0.945118,-0.326451,0.013508,0.006054,0.023840,0.999697,0,0.21712,-0.03057,13.027,-0.061,-1,375.000,-1,350.000,725.000,325.000,300.000,325.000,300.000,700.000,250.000,350.000,-1,700.000,575.000,-1,775.000,2,0,2,0,0,0,0,0,0,1,0,0,2,0,0,2,0
68,7023.020,-9199.991,-120.908,-109.130,-0.327861,0.944518,-0.019805,-0.944698,-0.327617,0.014571,0.007275,0.023487,0.999698,0,0.29712,-0.03530,17.827,-0.071,-1,375.000,-1,350.000,725.000,325.000,300.000,325.000,300.000,700.000,250.000,350.000,-1,700.000,575.000,-1,775.000,2,0,2,0,0,0,0,0,0,1,0,0,2,0,0,2,0
69,7015.574,-9221.358,-120.749,-109.213,-0.329266,0.944049,-0.018846,-0.944196,-0.328999,0.015923,0.008832,0.023037,0.999696,0,0.37712,-0.04181,22.627,-0.084,-1,375.000,-1,350.000,725.000,325.000,300.000,325.000,300.000,725.000,250.000,350.000,-1,700.000,575.000,-1,775.000,2,0,2,0,0,0,0,0,0,1,0,0,2,0,0,2,0
70,7006.503,-9247.242,-120.443,-109.314,-0.330938,0.943491,-0.017440,-0.943595,-0.330656,0.017192,0.010454,0.022146,0.999700,0,0.45712,-0.05011,27.427,-0.100,-1,375.000,-1,350.000,700.000,325.000,300.000,325.000,300.000,775.000,250.000,350.000,-1,700.000,575.000,-1,775.000,2,0,2,0,0,0,0,0,0,1,0,0,2,0,0,2,0
71,6995.780,-9277.632,-119.964,-109.434,-0.332933,0.942822,-0.015552,-0.942873,-0.332649,0.018331,0.012110,0.020766,0.999711,0,0.53712,-0.06022,32.227,-0.120,-1,375.000,-1,350.000,700.000,300.000,300.000,325.000,300.000,825.000,275.000,350.000,-1,700.000,575.000,-1,800.000,2,0,2,0,0,0,0,0,0,1,0,0,2,0,0,2,0
72,6983.372,-9312.519,-119.235,-109.578,-0.335314,0.942020,-0.012741,-0.941996,-0.335037,0.019850,0.014430,0.018658,0.999722,0,0.61712,-0.07218,37.027,-0.144,-1,375.000,-1,350.000,725.000,300.000,300.000,325.000,300.000,850.000,275.000,350.000,-1,675.000,575.000,-1,800.000,2,0,2,0,0,0,0,0,0,1,0,0,2,0,0,2,0
73,6969.237,-9351.885,-118.312,-109.750,-0.338134,0.941052,-0.009331,-0.940941,-0.337879,0.021627,0.017200,0.016093,0.999723,0,0.69712,-0.08602,41.827,-0.172,-1,375.000,-1,350.000,725.000,300.000,300.000,325.000,300.000,925.000,275.000,350.000,-1,675.000,575.000,-1,800.000,2,0,2,0,0,0,0,0,0,1,0,0,2,0,0,2,0
74,6954.690,-9391.949,-117.320,-109.954,-0.341450,0.939882,-0.005852,-0.939687,-0.341233,0.023418,0.020013,0.013495,0.999709,0,0.71039,-0.10177,42.623,-0.204,-1,400.000,-1,350.000,725.000,300.000,300.000,325.000,300.000,975.000,275.000,375.000,-1,675.000,600.000,-1,825.000,2,0,2,0,0,0,0,0,0,1,0,0,2,0,0,2,0
75,6939.786,-9432.479,-116.261,-110.190,-0.345275,0.938499,-0.002320,-0.938223,-0.345111,0.025209,0.022858,0.010881,0.999680,0,0.71971,-0.11794,43.183,-0.236,-1,400.000,-1,350.000,750.000,300.000,300.000,325.000,300.000,-1,275.000,375.000,-1,675.000,600.000,-1,825.000,2,0,2,0,0,0,0,0,0,2,0,0,2,0,0,2,0
76,6924.488,-9473.484,-115.131,-110.459,-0.349616,0.936892,0.001267,-0.936540,-0.349520,0.026998,0.025737,0.008252,0.999635,0,0.72943,-0.13445,43.766,-0.269,-1,400.000,-1,350.000,750.000,300.000,300.000,325.000,300.000,-1,275.000,375.000,-1,675.000,600.000,-1,825.000,2,0,2,0,0,0,0,0,0,2,0,0,2,0,0,2,0
77,6908.759,-9514.975,-113.928,-110.761,-0.354480,0.935051,0.004914,-0.934624,-0.354470,0.028782,0.028655,0.005610,0.999574,0,0.73953,-0.15130,44.372,-0.303,-1,375.000,-1,350.000,775.000,300.000,300.000,300.000,300.000,-1,275.000,375.000,-1,675.000,600.000,-1,850.000,2,0,2,0,0,0,0,0,0,2,0,0,2,0,0,2,0
78,6891.199,-9560.473,-112.537,-111.104,-0.359964,0.932924,0.008935,-0.932422,-0.360064,0.030705,0.031862,0.002722,0.999489,0,0.81282,-0.17146,48.769,-0.343,-1,375.000,-1,350.000,800.000,300.000,300.000,300.000,300.000,-1,250.000,375.000,-1,650.000,600.000,-1,850.000,2,0,2,0,0,0,0,0,0,2,0,0,2,0,0,2,0
79,6873.214,-9606.217,-111.059,-111.462,-0.365649,0.930662,0.012997,-0.930091,-0.365880,0.032599,0.035094,-0.000169,0.999384,0,0.81921,-0.17876,49.152,-0.358,-1,375.000,-1,350.000,800.000,300.000,300.000,300.000,300.000,-1,250.000,375.000,-1,650.000,600.000,975.000,875.000,2,0,2,0,0,0,0,0,0,2,0,0,2,0,0,1,0
80,6854.792,-9652.196,-109.492,-111.834,-0.371539,0.928260,0.017103,-0.927625,-0.371920,0.034463,0.038351,-0.003061,0.999260,0,0.82554,-0.18622,49.532,-0.372,-1,375.000,-1,350.000,825.000,300.000,300.000,300.000,300.000,-1,250.000,350.000,-1,650.000,600.000,925.000,875.000,2,0,2,0,0,0,0,0,0,2,0,0,2,0,0,1,0
81,6835.915,-9698.398,-107.833,-112.223,-0.377662,0.925700,0.021250,-0.925007,-0.378213,0.036292,0.041633,-0.005950,0.999115,0,0.83181,-0.19462,49.908,-0.389,950.000,375.000,-1,350.000,850.000,300.000,300.000,300.000,300.000,-1,250.000,350.000,-1,650.000,600.000,875.000,900.000,1,0,2,0,0,0,0,0,0,2,0,0,2,0,0,1,0
82,6816.566,-9744.807,-105.816,-112.632,-0.384125,0.922966,0.024135,-0.922228,-0.384804,0.037714,0.044096,-0.007771,0.998997,0,0.83801,-0.20442,50.281,-0.409,900.000,375.000,-1,350.000,850.000,300.000,300.000,300.000,300.000,-1,275.000,375.000,-1,650.000,600.000,825.000,925.000,1,0,2,0,0,0,0,0,0,2,0,0,2,0,0,1,0
83,6795.713,-9793.573,-103.289,-113.152,-0.392371,0.919431,0.026311,-0.918584,-0.393164,0.040326,0.047421,-0.008347,0.998840,0,0.88396,-0.26004,53.037,-0.520,825.000,375.000,-1,350.000,875.000,300.000,300.000,300.000,300.000,-1,275.000,375.000,-1,650.000,600.000,800.000,950.000,1,0,2,0,0,0,0,0,0,2,0,0,2,0,0,1,0
84,6774.086,-9842.862,-100.472,-113.690,-0.400875,0.915699,0.028177,-0.914695,-0.401779,0.043669,0.051309,-0.008268,0.998649,0,0.89707,-0.26898,53.824,-0.538,775.000,375.000,-1,350.000,900.000,300.000,300.000,300.000,300.000,-1,300.000,375.000,-1,650.000,600.000,750.000,975.000,1,0,2,0,0,0,0,0,0,2,0,0,2,0,0,1,0
85,6751.658,-9892.660,-97.338,-114.246,-0.409633,0.911767,0.029709,-0.910541,-0.410641,0.047838,0.055817,-0.007456,0.998413,0,0.91025,-0.27777,54.615,-0.556,725.000,375.000,-1,350.000,950.000,300.000,300.000,325.000,300.000,-1,300.000,375.000,-1,650.000,600.000,725.000,-1,1,0,2,0,0,0,0,0,0,2,0,0,2,1,0,1,2
86,6728.529,-9942.706,-93.855,-114.804,-0.418365,0.907724,0.031751,-0.906310,-0.419504,0.051175,0.059772,-0.007366,0.998185,0,0.91887,-0.27907,55.132,-0.558,675.000,375.000,-1,350.000,1000.000,300.000,300.000,325.000,300.000,-1,325.000,375.000,-1,625.000,625.000,675.000,-1,1,0,2,0,0,0,0,0,0,2,0,0,2,1,0,1,2
87,6704.813,-9992.762,-90.144,-115.351,-0.426840,0.903674,0.034357,-0.902078,-0.428149,0.054262,0.063745,-0.007832,0.997935,0,0.92316,-0.27349,55.389,-0.547,625.000,375.000,-1,350.000,-1,300.000,300.000,325.000,300.000,-1,325.000,400.000,-1,600.000,625.000,650.000,-1,1,0,2,0,2,0,0,0,0,2,0,0,2,1,0,1,2
88,6680.528,-10042.807,-86.186,-115.886,-0.435018,0.899629,0.037765,-0.897840,-0.436563,0.057413,0.068137,-0.008931,0.997636,0,0.92709,-0.26748,55.625,-0.535,575.000,375.000,-1,350.000,-1,300.000,300.000,300.000,300.000,-1,350.000,400.000,-1,575.000,625.000,600.000,-1,1,0,2,0,2,0,0,0,0,2,0,0,2,1,0,1,2
89,6655.694,-10092.817,-82.152,-116.408,-0.442941,0.895605,0.041164,-0.893620,-0.444737,0.060429,0.072428,-0.010018,0.997323,0,0.93061,-0.26102,55.836,-0.522,525.000,375.000,-1,375.000,-1,300.000,300.000,300.000,300.000,-1,350.000,425.000,-1,575.000,650.000,575.000,-1,1,0,2,0,2,0,0,0,0,2,0,0,2,1,0,1,2
90,6630.333,-10142.770,-78.044,-116.916,-0.450598,0.891615,0.044544,-0.889434,-0.452658,0.063308,0.076610,-0.011092,0.996999,0,0.93367,-0.25410,56.020,-0.508,500.000,375.000,-1,375.000,-1,300.000,300.000,300.000,300.000,-1,350.000,425.000,-1,550.000,650.000,525.000,-1,1,0,2,0,2,0,0,0,0,2,0,0,2,1,0,1,2
91,6606.679,-10188.826,-74.191,-117.184,-0.454498,0.889473,0.047629,-0.887120,-0.456821,0.065831,0.080313,-0.012333,0.996693,0,0.86291,-0.13410,51.775,-0.268,450.000,375.000,-1,375.000,-1,300.000,300.000,300.000,300.000,-1,325.000,425.000,-1,550.000,675.000,500.000,-1,1,1,2,0,2,0,0,0,0,2,0,0,2,1,0,1,2
92,6582.945,-10234.983,-70.166,-117.213,-0.454600,0.889225,0.051159,-0.886710,-0.457247,0.068348,0.084169,-0.014292,0.996349,0,0.86502,-0.01410,51.901,-0.028,425.000,350.000,-1,375.000,-1,300.000,300.000,300.000,300.000,-1,325.000,425.000,-1,550.000,700.000,475.000,-1,1,1,2,0,2,0,0,0,0,2,0,0,2,1,0,1,2
93,6559.327,-10281.333,-66.035,-117.001,-0.450930,0.890876,0.054796,-0.888213,-0.453939,0.070825,0.087970,-0.016734,0.995983,0,0.86699,0.10590,52.019,0.212,375.000,350.000,-1,375.000,-1,300.000,325.000,300.000,300.000,-1,325.000,375.000,-1,550.000,725.000,425.000,-1,1,1,2,0,2,1,0,0,0,2,0,0,2,1,0,1,2
94,6536.026,-10327.968,-61.870,-116.549,-0.443499,0.894384,0.058190,-0.891592,-0.446879,0.073228,0.091498,-0.019405,0.995616,0,0.86887,0.22590,52.132,0.452,350.000,350.000,-1,375.000,-1,300.000,325.000,300.000,300.000,-1,325.000,350.000,-1,550.000,750.000,400.000,-1,1,1,2,0,2,1,0,0,0,2,0,0,2,1,0,1,2
95,6513.241,-10374.982,-57.353,-115.857,-0.432437,0.899685,0.059705,-0.896781,-0.436034,0.075227,0.093714,-0.021012,0.995377,0,0.87072,0.34590,52.243,0.692,300.000,325.000,-1,375.000,-1,300.000,325.000,300.000,300.000,-1,325.000,350.000,-1,550.000,775.000,350.000,-1,1,1,2,0,2,1,0,0,0,2,0,0,2,1,0,1,2
96,6491.176,-10422.460,-52.223,-114.925,-0.417682,0.906667,0.059129,-0.903457,-0.421350,0.078925,0.096473,-0.020455,0.995125,0,0.87258,0.46590,52.355,0.932,275.000,325.000,-1,400.000,-1,300.000,325.000,300.000,300.000,-1,325.000,325.000,-1,550.000,800.000,325.000,-1,1,1,2,0,2,1,0,0,0,2,0,0,2,1,0,1,2
97,6470.041,-10470.487,-45.161,-113.754,-0.399407,0.915217,0.053405,-0.910761,-0.402774,0.091033,0.104825,-0.012280,0.994415,0,0.87450,0.58590,52.470,1.172,275.000,350.000,-1,400.000,-1,325.000,350.000,325.000,275.000,-1,325.000,275.000,-1,575.000,850.000,350.000,-1,1,1,2,0,2,1,0,0,0,2,0,0,2,1,0,1,2
98,6450.049,-10519.133,-38.246,-112.342,-0.377199,0.924921,0.047351,-0.919280,-0.380127,0.102120,0.112452,-0.005009,0.993645,0,0.87652,0.70590,52.591,1.412,275.000,350.000,-1,425.000,-1,350.000,350.000,350.000,275.000,-1,300.000,250.000,-1,600.000,925.000,350.000,-1,1,1,2,0,2,1,0,0,0,2,0,0,2,1,0,1,2
99,6431.277,-10568.402,-31.354,-110.861,-0.353720,0.934449,0.041085,-0.927708,-0.356095,0.112047,0.119332,0.001519,0.992853,0,0.87870,0.74063,52.722,1.481,275.000,375.000,-1,450.000,-1,350.000,375.000,375.000,275.000,-1,300.000,225.000,-1,625.000,900.000,350.000,-1,1,1,2,0,2,1,0,1,0,2,0,0,2,1,1,1,2
100,6413.754,-10618.257,-24.398,-109.368,-0.329884,0.943383,0.034716,-0.935685,-0.331626,0.120488,0.125179,0.007264,0.992108,0,0.88072,0.74628,52.843,1.493,275.000,375.000,-1,475.000,-1,375.000,375.000,375.000,275.000,-1,300.000,225.000,1000.000,600.000,850.000,350.000,-1,1,1,2,0,2,1,0,1,0,2,0,0,0,1,1,1,2
101,6397.516,-10668.652,-17.595,-107.864,-0.305763,0.951707,0.027606,-0.943119,-0.306724,0.128249,0.130523,0.013178,0.991358,0,0.88242,0.75226,52.945,1.505,250.000,375.000,-1,475.000,-1,400.000,400.000,350.000,250.000,-1,300.000,200.000,850.000,600.000,800.000,350.000,-1,1,1,2,0,2,1,0,1,0,2,0,0,0,1,1,1,2
102,6382.595,-10719.536,-10.858,-106.346,-0.281326,0.959403,0.020032,-0.949977,-0.281391,0.135511,0.135646,0.019093,0.990573,0,0.88374,0.75861,53.025,1.517,250.000,400.000,-1,500.000,-1,400.000,425.000,325.000,250.000,-1,300.000,175.000,725.000,575.000,750.000,350.000,1000.000,1,1,2,0,2,1,0,1,0,2,0,0,0,1,1,1,1
103,6369.027,-10770.853,-4.034,-104.816,-0.256518,0.966461,0.012315,-0.956306,-0.255631,0.141884,0.140274,0.024619,0.989807,0,0.88465,0.76536,53.079,1.531,250.000,400.000,-1,525.000,-1,425.000,425.000,300.000,250.000,-1,300.000,150.000,650.000,550.000,725.000,325.000,900.000,1,1,2,0,2,1,0,1,0,2,0,0,0,1,1,1,1
104,6356.841,-10822.541,2.783,-103.270,-0.231393,0.972852,0.004111,-0.962021,-0.229442,0.147891,0.144819,0.030266,0.988995,0,0.88506,0.77257,53.104,1.545,225.000,375.000,1000.000,500.000,-1,400.000,425.000,300.000,250.000,-1,275.000,125.000,575.000,525.000,675.000,300.000,825.000,1,1,1,1,2,1,1,1,0,2,0,0,0,1,1,1,1
105,6346.071,-10874.533,9.566,-101.710,-0.205991,0.978542,-0.004788,-0.967065,-0.202823,0.153779,0.149509,0.036307,0.988094,0,0.88491,0.78027,53.095,1.561,200.000,375.000,975.000,475.000,950.000,375.000,400.000,275.000,250.000,-1,275.000,125.000,525.000,525.000,625.000,300.000,775.000,1,1,1,1,1,1,1,1,0,2,0,0,0,1,1,1,1
106,6336.745,-10926.757,16.340,-100.133,-0.180335,0.983499,-0.014462,-0.971407,-0.175771,0.159605,0.154429,0.042831,0.987075,0,0.88414,0.78850,53.048,1.577,200.000,350.000,950.000,450.000,750.000,350.000,400.000,250.000,250.000,-1,275.000,100.000,450.000,500.000,600.000,275.000,700.000,1,1,1,1,1,1,1,1,0,2,0,0,0,1,1,1,1
107,6328.890,-10979.131,23.127,-98.538,-0.154454,0.987683,-0.025005,-0.975013,-0.148285,0.165411,0.159666,0.049928,0.985908,0,0.88264,0.79730,52.959,1.595,175.000,350.000,-1,425.000,675.000,350.000,375.000,250.000,250.000,-1,250.000,75.000,400.000,475.000,550.000,250.000,625.000,1,1,2,1,1,1,1,1,0,2,0,0,0,1,1,1,1
108,6322.531,-11031.569,29.949,-96.925,-0.128386,0.991052,-0.036514,-0.977851,-0.120367,0.171230,0.165303,0.057689,0.984554,0,0.88035,0.80672,52.821,1.613,175.000,325.000,-1,375.000,575.000,325.000,350.000,250.000,250.000,-1,250.000,75.000,350.000,475.000,525.000,225.000,550.000,1,1,2,1,1,1,1,1,0,2,0,0,0,1,1,1,1
109,6317.689,-11083.979,36.829,-95.291,-0.102173,0.993554,-0.049096,-0.979886,-0.092018,0.177076,0.171417,0.066201,0.982972,0,0.87719,0.81677,52.631,1.634,150.000,300.000,-1,350.000,500.000,300.000,325.000,225.000,250.000,-1,225.000,50.000,325.000,450.000,475.000,225.000,500.000,1,1,2,1,1,1,1,1,0,2,0,0,0,1,1,1,1
110,9511.023,8855.116,31.417,89.528,0.003308,-0.999499,0.031486,0.987463,0.008234,0.157636,-0.157816,0.030570,0.986995,1,0.00000,0.00000,52.384,1.655,-1,400.000,-1,400.000,875.000,350.000,350.000,275.000,275.000,-1,-1,-1,-1,675.000,650.000,-1,975.000,2,0,2,0,1,0,0,0,0,2,2,2,2,0,0,2,0
111,9511.083,8859.916,30.647,89.288,0.007538,-0.999475,0.031515,0.987401,0.012421,0.157749,-0.158058,0.029929,0.986976,0,0.08000,-0.12000,4.800,-0.240,-1,400.000,-1,400.000,850.000,350.000,350.000,275.000,275.000,-1,-1,-1,-1,675.000,650.000,-1,950.000,2,0,2,0,1,0,0,0,0,2,2,2,2,0,0,2,0
112,9511.256,8869.514,29.107,88.971,0.013107,-0.999414,0.031608,0.987281,0.017944,0.157966,-0.158441,0.029135,0.986939,0,0.16000,-0.15831,9.600,-0.317,-1,400.000,-1,400.000,850.000,350.000,350.000,275.000,275.000,-1,-1,-1,-1,675.000,650.000,-1,950.000,2,0,2,0,1,0,0,0,0,2,2,2,2,0,0,2,0
113,9511.594,8883.910,26.797,88.654,0.018683,-0.999320,0.031779,0.987115,0.023488,0.158282,-0.158921,0.028412,0.986882,0,0.24000,-0.15892,14.400,-0.318,-1,400.000,-1,400.000,825.000,350.000,350.000,275.000,275.000,-1,-1,-1,-1,675.000,650.000,-1,925.000,2,0,2,0,1,0,0,0,0,2,2,2,2,0,0,2,0
114,9512.153,8903.103,23.716,88.334,0.024282,-0.999192,0.032023,0.986899,0.029069,0.158696,-0.159499,0.027750,0.986808,0,0.32000,-0.15998,19.200,-0.320,-1,400.000,-1,400.000,825.000,350.000,350.000,275.000,275.000,-1,-1,-1,-1,675.000,625.000,-1,900.000,2,0,2,0,1,0,0,0,0,2,2,2,2,0,0,2,0
115,9512.986,8927.088,19.862,88.011,0.029919,-0.999029,0.032335,0.986635,0.034701,0.159209,-0.160177,0.027140,0.986715,0,0.40000,-0.16147,24.000,-0.323,-1,400.000,-1,400.000,800.000,350.000,325.000,275.000,275.000,-1,-1,-1,-1,650.000,625.000,-1,875.000,2,0,2,0,1,0,0,0,0,2,2,2,2,0,0,2,0
116,9514.150,8955.865,15.235,87.684,0.035612,-0.998830,0.032707,0.986319,0.040400,0.159819,-0.160953,0.026568,0.986604,0,0.48000,-0.16342,28.800,-0.327,-1,400.000,-1,375.000,775.000,325.000,325.000,275.000,275.000,-1,-1,-1,-1,650.000,600.000,-1,825.000,2,0,2,0,1,0,0,0,0,2,2,2,2,0,0,2,0
117,9515.703,8989.430,9.832,87.352,0.041380,-0.998594,0.033130,0.985951,0.046182,0.160524,-0.161829,0.026022,0.986476,0,0.56000,-0.16584,33.600,-0.332,-1,375.000,-1,375.000,750.000,325.000,325.000,275.000,275.000,-1,-1,-1,-1,650.000,600.000,-1,800.000,2,0,2,0,1,0,0,0,0,2,2,2,2,0,0,2,0
118,9517.703,9027.778,3.652,87.015,0.047241,-0.998319,0.033590,0.985528,0.052064,0.161322,-0.162799,0.025483,0.986330,0,0.64000,-0.16875,38.400,-0.337,-1,375.000,-1,375.000,725.000,325.000,325.000,275.000,275.000,-1,-1,-1,-1,625.000,575.000,-1,750.000,2,0,2,0,1,0,0,0,0,2,2,2,2,0,0,2,0
119,9520.005,9067.346,-2.732,86.670,0.053225,-0.998002,0.034032,0.985058,0.058064,0.162139,-0.163791,0.024894,0.986181,0,0.66058,-0.17217,39.635,-0.344,-1,375.000,-1,350.000,675.000,325.000,300.000,275.000,275.000,-1,-1,-1,-1,625.000,575.000,-1,700.000,2,0,2,0,0,0,0,0,0,2,2,2,2,0,0,2,0
120,9522.558,9107.021,-9.142,86.319,0.059341,-0.997644,0.034437,0.984544,0.064187,0.162951,-0.164778,0.024235,0.986033,0,0.66260,-0.17578,39.756,-0.352,-1,375.000,-1,350.000,650.000,300.000,300.000,275.000,275.000,-1,-1,-1,-1,600.000,550.000,975.000,675.000,2,0,2,0,0,0,0,0,0,2,2,2,2,0,0,0,0
121,9525.367,9146.793,-15.576,85.960,0.065594,-0.997239,0.034801,0.983983,0.070437,0.163758,-0.165758,0.023502,0.985886,0,0.66452,-0.17947,39.871,-0.359,-1,350.000,-1,350.000,600.000,300.000,300.000,275.000,275.000,-1,-1,-1,-1,600.000,525.000,925.000,625.000,2,0,2,0,0,0,0,0,0,2,2,2,2,0,0,0,0
122,9528.439,9186.655,-21.945,85.593,0.071980,-0.996778,0.035379,0.983639,0.076815,0.162952,-0.165145,0.023071,0.985999,0,0.66633,-0.18324,39.980,-0.366,1000.000,350.000,-1,325.000,575.000,300.000,300.000,275.000,275.000,-1,-1,-1,-1,600.000,525.000,900.000,600.000,0,0,2,0,0,0,0,0,0,2,2,2,2,0,0,0,0
123,9531.780,9226.596,-27.671,85.219,0.078663,-0.996277,0.035286,0.983624,0.083324,0.159814,-0.162159,0.022137,0.986516,0,0.66804,-0.18709,40.082,-0.374,-1,350.000,-1,325.000,575.000,300.000,300.000,275.000,275.000,-1,-1,-1,-1,600.000,525.000,900.000,600.000,2,0,2,0,0,0,0,0,0,2,2,2,2,0,0,0,0
124,9535.395,9266.608,-32.991,84.837,0.085773,-0.995751,0.033497,0.983718,0.089970,0.155579,-0.157932,0.019607,0.987255,0,0.66962,-0.19102,40.177,-0.382,-1,350.000,-1,325.000,575.000,300.000,300.000,275.000,275.000,-1,-1,-1,-1,600.000,525.000,925.000,600.000,2,0,2,0,0,0,0,0,0,2,2,2,2,0,0,0,0
125,9539.290,9306.683,-38.317,84.447,0.093012,-0.995163,0.031616,0.983739,0.096752,0.151317,-0.153644,0.017027,0.987980,0,0.67108,-0.19504,40.265,-0.390,-1,350.000,-1,325.000,600.000,300.000,300.000,275.000,300.000,-1,-1,-1,-1,600.000,525.000,925.000,625.000,2,0,2,0,0,0,0,0,0,2,2,2,2,0,0,0,0
126,9543.473,9346.808,-43.646,84.049,0.100382,-0.994507,0.029640,0.983684,0.103671,0.147028,-0.149293,0.014398,0.988688,0,0.67241,-0.19914,40.345,-0.398,-1,375.000,-1,325.000,625.000,300.000,300.000,300.000,300.000,-1,-1,-1,-1,600.000,550.000,950.000,650.000,2,0,2,0,1,0,0,0,0,2,2,2,2,0,0,0,0
127,9547.948,9386.974,-48.977,83.642,0.107883,-0.993781,0.027568,0.983550,0.110731,0.142713,-0.144878,0.011718,0.989380,0,0.67360,-0.20333,40.416,-0.407,-1,375.000,-1,350.000,600.000,300.000,300.000,300.000,300.000,-1,-1,-1,-1,625.000,550.000,975.000,650.000,2,0,2,0,1,0,0,0,0,2,2,2,2,0,0,0,0
128,9552.721,9427.169,-54.307,83.227,0.115517,-0.992981,0.025397,0.983334,0.117934,0.138372,-0.140396,0.008989,0.990055,0,0.67465,-0.20761,40.479,-0.415,-1,375.000,-1,350.000,600.000,300.000,300.000,300.000,300.000,-1,675.000,725.000,-1,625.000,550.000,975.000,650.000,2,0,2,0,1,0,0,0,0,2,0,0,2,0,0,0,0
129,9557.798,9467.380,-59.633,82.803,0.123284,-0.992102,0.023124,0.983030,0.125280,0.134005,-0.135843,0.006210,0.990711,0,0.67554,-0.21198,40.532,-0.424,-1,375.000,-1,350.000,600.000,300.000,300.000,300.000,300.000,-1,500.000,625.000,-1,625.000,550.000,1000.000,650.000,2,0,2,0,1,0,0,0,0,2,0,0,2,0,0,0,0
130,9563.185,9507.596,-64.953,82.370,0.131186,-0.991141,0.020746,0.982635,0.132774,0.129612,-0.131219,0.003382,0.991348,0,0.67627,-0.21643,40.576,-0.433,-1,375.000,-1,350.000,575.000,300.000,300.000,300.000,325.000,-1,400.000,550.000,-1,625.000,550.000,-1,650.000,2,0,2,0,1,0,0,0,0,2,0,0,2,0,0,2,0
