timestep,x_cm,y_cm,z_cm,yaw_deg,basis_xx,basis_xy,basis_xz,basis_yx,basis_yy,basis_yz,basis_zx,basis_zy,basis_zz,teleport_flag,throttle_cmd,steering_cmd,cmd_move_cm,cmd_turn_deg,lidar_cm_0,lidar_cm_1,lidar_cm_2,lidar_cm_3,lidar_cm_4,lidar_cm_5,lidar_cm_6,lidar_cm_7,lidar_cm_8,lidar_cm_9,lidar_cm_10,lidar_cm_11,lidar_cm_12,lidar_cm_13,lidar_cm_14,lidar_cm_15,lidar_cm_16,lidar_class_0,lidar_class_1,lidar_class_2,lidar_class_3,lidar_class_4,lidar_class_5,lidar_class_6,lidar_class_7,lidar_class_8,lidar_class_9,lidar_class_10,lidar_class_11,lidar_class_12,lidar_class_13,lidar_class_14,lidar_class_15,lidar_class_16
0,-1943.144,-1865.576,407.651,131.071,-0.636959,-0.747132,-0.189939,0.758822,-0.651092,0.016389,-0.135913,-0.133691,0.981659,1,0.08000,-0.12000,4.800,-0.240,-1,-1,-1,250.000,500.000,500.000,225.000,125.000,400.000,-1,-1,-1,-1,-1,375.000,-1,375.000,2,2,2,1,1,1,1,1,0,2,2,2,2,2,1,2,1
1,-1949.403,-1858.294,405.324,130.591,-0.629110,-0.751896,-0.197163,0.764632,-0.644241,0.017068,-0.139854,-0.140019,0.980222,0,0.16000,-0.24000,9.600,-0.480,-1,-1,-1,250.000,475.000,475.000,200.000,125.000,425.000,-1,-1,-1,-1,-1,375.000,-1,350.000,2,2,2,1,1,1,1,1,0,2,2,2,2,2,1,2,1
2,-1958.655,-1847.253,401.912,129.871,-0.617194,-0.758876,-0.207795,0.773233,-0.633860,0.018221,-0.145540,-0.149428,0.978003,0,0.24000,-0.36000,14.400,-0.720,-1,-1,-1,225.000,450.000,400.000,200.000,100.000,425.000,-1,-1,-1,-1,-1,350.000,-1,325.000,2,2,2,1,1,1,1,1,0,2,2,2,2,2,1,2,1
3,-1970.743,-1832.328,397.507,128.911,-0.601055,-0.767870,-0.221605,0.784482,-0.619830,0.019998,-0.152713,-0.161825,0.974932,0,0.32000,-0.48000,19.200,-0.960,-1,-1,-1,225.000,400.000,350.000,175.000,100.000,450.000,-1,-1,-1,-1,-1,325.000,-1,275.000,2,2,2,1,1,1,1,1,0,2,2,2,2,2,1,2,1
4,-1985.461,-1813.360,392.230,127.711,-0.580509,-0.778606,-0.238289,0.798171,-0.602007,0.022580,-0.161032,-0.177088,0.970932,0,0.40000,-0.60000,24.000,-1.200,-1,-1,-1,200.000,350.000,275.000,150.000,75.000,475.000,-1,-1,-1,-1,-1,300.000,-1,250.000,2,2,2,1,1,1,1,1,0,2,2,2,2,2,1,2,1
5,-2002.549,-1790.164,386.232,126.271,-0.555368,-0.790745,-0.257466,0.814027,-0.580238,0.026163,-0.170080,-0.195054,0.965933,0,0.48000,-0.72000,28.800,-1.440,-1,-1,-1,175.000,300.000,225.000,150.000,-1,500.000,-1,-1,-1,-1,-1,250.000,-1,200.000,2,2,2,1,1,1,1,2,0,2,2,2,2,2,1,2,1
6,-2021.688,-1762.530,379.694,124.591,-0.525465,-0.803885,-0.278665,0.831694,-0.554371,0.030948,-0.179363,-0.215502,0.959889,0,0.56000,-0.84000,33.600,-1.680,-1,825.000,-1,150.000,225.000,175.000,125.000,-1,575.000,150.000,-1,-1,-1,-1,225.000,-1,150.000,2,1,2,1,1,1,1,2,0,1,2,2,2,2,1,2,1
7,-2042.581,-1730.294,375.103,122.866,-0.495925,-0.817084,-0.293993,0.848551,-0.527902,0.035792,-0.184445,-0.231718,0.955137,0,0.64000,-0.86251,38.400,-1.725,-1,650.000,1000.000,125.000,200.000,175.000,100.000,-1,650.000,75.000,0.000,-1,-1,-1,200.000,-1,125.000,2,1,1,1,1,1,1,2,0,1,1,2,2,2,1,2,1
8,-2065.015,-1693.358,370.775,121.200,-0.467464,-0.828919,-0.307198,0.863933,-0.502019,0.039963,-0.187345,-0.246717,0.950806,0,0.72000,-0.83264,43.200,-1.665,-1,525.000,900.000,125.000,200.000,175.000,100.000,-1,725.000,50.000,0.000,-1,-1,1000.000,175.000,-1,125.000,2,1,1,1,1,1,1,2,0,1,1,2,2,1,1,2,1
9,328.046,-2296.291,573.259,-170.338,-0.977248,0.159748,0.139521,-0.194240,-0.938269,-0.286220,0.085186,-0.306809,0.947951,1,0.00000,0.00000,48.000,-1.585,-1,325.000,-1,225.000,-1,250.000,225.000,250.000,325.000,400.000,375.000,250.000,425.000,-1,325.000,-1,-1,2,1,2,1,2,1,1,0,1,0,1,1,1,2,1,2,2
10,-4263.515,3612.430,402.068,89.388,0.012023,-0.999619,-0.024862,0.998520,0.010683,0.053321,-0.053035,-0.025467,0.998268,1,0.08000,-0.12000,4.800,-0.240,-1,425.000,-1,400.000,-1,350.000,325.000,275.000,275.000,-1,-1,-1,-1,900.000,750.000,-1,-1,2,0,2,0,2,0,0,0,0,2,2,2,2,0,0,2,2
11,-4263.333,3622.029,401.577,88.908,0.020430,-0.999477,-0.025085,0.998369,0.019057,0.053824,-0.053318,-0.026143,0.998235,0,0.16000,-0.24000,9.600,-0.480,-1,425.000,-1,400.000,-1,350.000,325.000,275.000,275.000,-1,-1,-1,-1,900.000,750.000,-1,-1,2,0,2,0,2,0,0,0,0,2,2,2,2,0,0,2,2
12,-4262.930,3636.423,400.841,88.396,0.029395,-0.999245,-0.025414,0.998118,0.027974,0.054566,-0.053814,-0.026971,0.998187,0,0.24000,-0.25564,14.400,-0.511,-1,425.000,-1,400.000,-1,350.000,325.000,275.000,275.000,-1,-1,-1,-1,900.000,750.000,-1,-1,2,0,2,0,2,0,0,0,0,2,2,2,2,0,0,2,2
13,-4262.222,3655.610,399.864,87.885,0.038371,-0.998929,-0.025850,0.997775,0.036889,0.055542,-0.054529,-0.027924,0.998122,0,0.32000,-0.25564,19.200,-0.511,-1,425.000,-1,400.000,-1,350.000,325.000,275.000,275.000,-1,-1,-1,-1,900.000,750.000,-1,-1,2,0,2,0,2,0,0,0,0,2,2,2,2,0,0,2,2
14,-4261.123,3679.585,398.649,87.374,0.047356,-0.998529,-0.026391,0.997337,0.045800,0.056749,-0.055457,-0.029008,0.998040,0,0.40000,-0.25564,24.000,-0.511,-1,425.000,-1,400.000,-1,350.000,325.000,275.000,275.000,-1,-1,-1,-1,875.000,750.000,-1,-1,2,0,2,0,2,0,0,0,0,2,2,2,2,0,0,2,2
15,-4259.547,3708.343,397.201,86.863,0.056353,-0.998045,-0.027034,0.996806,0.054707,0.058184,-0.056591,-0.030227,0.997940,0,0.48000,-0.25564,28.800,-0.511,-1,425.000,-1,400.000,-1,325.000,325.000,275.000,275.000,-1,-1,-1,-1,875.000,725.000,-1,-1,2,0,2,0,2,0,0,0,0,2,2,2,2,0,0,2,2
16,-4257.410,3741.875,395.525,86.351,0.065359,-0.997475,-0.027780,0.996179,0.063608,0.059839,-0.057921,-0.031585,0.997821,0,0.56000,-0.25564,33.600,-0.511,-1,425.000,-1,400.000,-1,325.000,325.000,300.000,300.000,-1,-1,-1,-1,875.000,725.000,-1,-1,2,0,2,0,2,0,0,0,0,2,2,2,2,0,0,2,2
17,-4254.882,3776.639,393.802,85.840,0.074366,-0.996822,-0.028541,0.995468,0.072503,0.061540,-0.059275,-0.032988,0.997696,0,0.58093,-0.25564,34.856,-0.511,-1,425.000,-1,375.000,-1,325.000,325.000,300.000,300.000,-1,-1,-1,-1,850.000,725.000,-1,-1,2,0,2,0,2,0,0,0,0,2,2,2,2,0,0,2,2
18,-4252.044,3811.379,392.096,85.329,0.083369,-0.996088,-0.029289,0.994675,0.081391,0.063223,-0.060592,-0.034404,0.997570,0,0.58093,-0.25564,34.856,-0.511,-1,425.000,-1,375.000,-1,325.000,325.000,300.000,300.000,-1,-1,-1,-1,850.000,700.000,-1,-1,2,0,2,0,2,0,0,0,0,2,2,2,2,0,0,2,2
19,-4248.897,3846.093,390.409,84.817,0.092366,-0.995272,-0.030022,0.993801,0.090272,0.064888,-0.061871,-0.035830,0.997441,0,0.58093,-0.25564,34.856,-0.511,-1,425.000,-1,375.000,-1,325.000,325.000,300.000,300.000,-1,-1,-1,-1,825.000,700.000,-1,-1,2,0,2,0,2,0,0,0,0,2,2,2,2,0,0,2,2
20,-4245.439,3880.777,388.741,84.306,0.101358,-0.994375,-0.030743,0.992846,0.099145,0.066532,-0.063110,-0.037267,0.997311,0,0.58093,-0.25564,34.856,-0.511,-1,400.000,-1,375.000,-1,325.000,325.000,300.000,300.000,-1,-1,-1,-1,825.000,700.000,-1,-1,2,0,2,0,2,0,0,0,0,2,2,2,2,0,0,2,2
21,-4241.673,3915.428,386.913,83.795,0.110370,-0.993368,-0.032237,0.991845,0.108005,0.067659,-0.063728,-0.039441,0.997188,0,0.58093,-0.25564,34.856,-0.511,-1,400.000,-1,375.000,-1,325.000,325.000,300.000,300.000,-1,-1,-1,-1,800.000,700.000,-1,-1,2,0,2,0,2,0,0,0,0,2,2,2,2,0,0,2,2
22,-4237.599,3950.045,384.925,83.284,0.119402,-0.992246,-0.034518,0.990797,0.116851,0.068317,-0.063754,-0.042357,0.997066,0,0.58093,-0.25564,34.856,-0.511,-1,400.000,-1,375.000,-1,325.000,325.000,300.000,300.000,-1,-1,-1,-1,800.000,700.000,-1,-1,2,0,2,0,2,0,0,0,0,2,2,2,2,0,0,2,2
23,-4233.215,3984.624,382.741,82.772,0.128354,-0.991072,-0.036079,0.989712,0.125689,0.068358,-0.063213,-0.044482,0.997008,0,0.58093,-0.25564,34.856,-0.511,-1,400.000,-1,375.000,-1,325.000,325.000,300.000,300.000,-1,-1,-1,-1,775.000,700.000,-1,-1,2,0,2,0,2,0,0,0,0,2,2,2,2,0,0,2,2
24,-4228.522,4019.163,380.525,82.261,0.137280,-0.989824,-0.037457,0.988550,0.134516,0.068369,-0.062635,-0.046414,0.996957,0,0.58093,-0.25564,34.856,-0.511,-1,400.000,-1,375.000,-1,325.000,325.000,300.000,300.000,-1,-1,-1,-1,775.000,675.000,-1,-1,2,0,2,0,2,0,0,0,0,2,2,2,2,0,0,2,2
25,-4223.522,4053.658,378.333,81.750,0.146193,-0.988493,-0.038849,0.987310,0.143330,0.068381,-0.062026,-0.048352,0.996903,0,0.58093,-0.25564,34.856,-0.511,-1,400.000,-1,375.000,-1,325.000,325.000,300.000,300.000,-1,-1,-1,-1,775.000,675.000,-1,-1,2,0,2,0,2,0,0,0,0,2,2,2,2,0,0,2,2
26,-4218.214,4088.107,376.166,81.238,0.155091,-0.987080,-0.040253,0.985991,0.152131,0.068394,-0.061387,-0.050296,0.996846,0,0.58093,-0.25564,34.856,-0.511,-1,400.000,-1,375.000,-1,325.000,325.000,300.000,300.000,-1,-1,-1,-1,775.000,675.000,-1,-1,2,0,2,0,2,0,0,0,0,2,2,2,2,0,0,2,2
27,-4212.599,4122.507,374.025,80.727,0.163974,-0.985584,-0.041669,0.984594,0.160917,0.068409,-0.060718,-0.052245,0.996787,0,0.58093,-0.25564,34.856,-0.511,-1,400.000,-1,375.000,-1,325.000,325.000,300.000,300.000,-1,-1,-1,-1,750.000,675.000,-1,-1,2,0,2,0,2,0,0,0,0,2,2,2,2,0,0,2,2
28,-4206.677,4156.856,371.912,80.216,0.172841,-0.984006,-0.043098,0.983119,0.169688,0.068428,-0.060020,-0.054198,0.996725,0,0.58093,-0.25564,34.856,-0.511,-1,400.000,-1,375.000,-1,325.000,325.000,300.000,300.000,-1,-1,-1,-1,750.000,675.000,-1,-1,2,0,2,0,2,0,0,0,0,2,2,2,2,0,0,2,2
29,-4200.449,4191.151,369.827,79.705,0.181690,-0.982347,-0.044539,0.981567,0.178442,0.068450,-0.059294,-0.056155,0.996660,0,0.58093,-0.25564,34.856,-0.511,-1,400.000,-1,375.000,-1,325.000,325.000,300.000,300.000,-1,-1,-1,-1,750.000,675.000,-1,-1,2,0,2,0,2,0,0,0,0,2,2,2,2,0,0,2,2
30,-4193.915,4225.389,367.772,79.193,0.190522,-0.980605,-0.045991,0.979936,0.187180,0.068477,-0.058540,-0.058115,0.996592,0,0.58093,-0.25564,34.856,-0.511,-1,400.000,-1,375.000,-1,325.000,325.000,300.000,300.000,-1,-1,-1,-1,750.000,675.000,-1,-1,2,0,2,0,2,0,0,0,0,2,2,2,2,0,0,2,2
31,-4187.076,4259.567,365.747,78.682,0.199335,-0.978782,-0.047454,0.978228,0.195901,0.068510,-0.057760,-0.060077,0.996521,0,0.58093,-0.25564,34.856,-0.511,-1,400.000,-1,375.000,-1,325.000,325.000,300.000,300.000,-1,-1,-1,-1,725.000,675.000,-1,-1,2,0,2,0,2,0,0,0,0,2,2,2,2,0,0,2,2
32,-4179.932,4293.683,363.755,78.171,0.208128,-0.976877,-0.048927,0.976442,0.204602,0.068548,-0.056953,-0.062041,0.996447,0,0.58093,-0.25564,34.856,-0.511,-1,400.000,-1,375.000,-1,325.000,325.000,300.000,300.000,-1,-1,-1,-1,725.000,675.000,-1,-1,2,0,2,0,2,0,0,0,0,2,2,2,2,0,0,2,2
33,-4172.484,4327.734,361.796,77.659,0.216901,-0.974891,-0.050409,0.974579,0.213285,0.068594,-0.056120,-0.064006,0.996370,0,0.58093,-0.25564,34.856,-0.511,-1,400.000,-1,375.000,-1,325.000,325.000,300.000,300.000,-1,-1,-1,-1,725.000,675.000,-1,-1,2,0,2,0,2,0,0,0,0,2,2,2,2,0,0,2,2
34,-4164.733,4361.717,359.871,77.148,0.225653,-0.972824,-0.051901,0.972639,0.221947,0.068647,-0.055263,-0.065972,0.996290,0,0.58093,-0.25564,34.856,-0.511,-1,400.000,-1,375.000,-1,325.000,300.000,300.000,300.000,-1,-1,-1,-1,725.000,675.000,-1,-1,2,0,2,0,2,0,0,0,0,2,2,2,2,0,0,2,2
35,-4156.679,4395.629,357.981,76.637,0.234382,-0.970677,-0.053402,0.970622,0.230589,0.068710,-0.054381,-0.067938,0.996206,0,0.58093,-0.25564,34.856,-0.511,-1,400.000,-1,375.000,-1,325.000,300.000,300.000,300.000,-1,-1,-1,-1,700.000,675.000,-1,-1,2,0,2,0,2,0,0,0,0,2,2,2,2,0,0,2,2
36,-4148.322,4429.469,356.127,76.126,0.243089,-0.968449,-0.054911,0.968529,0.239209,0.068781,-0.053476,-0.069903,0.996119,0,0.58093,-0.25564,34.856,-0.511,-1,375.000,-1,375.000,-1,325.000,300.000,300.000,300.000,-1,-1,-1,-1,700.000,675.000,-1,-1,2,0,2,0,2,0,0,0,0,2,2,2,2,0,0,2,2
37,-4139.664,4463.232,354.311,75.614,0.251772,-0.966140,-0.056427,0.966359,0.247807,0.068862,-0.052548,-0.071866,0.996029,0,0.58093,-0.25564,34.856,-0.511,-1,375.000,-1,375.000,-1,300.000,300.000,300.000,300.000,-1,-1,-1,-1,700.000,675.000,-1,-1,2,0,2,0,2,0,0,0,0,2,2,2,2,0,0,2,2
38,-4130.705,4496.917,352.534,75.103,0.260430,-0.963752,-0.057950,0.964113,0.256382,0.068954,-0.051598,-0.073828,0.995935,0,0.58093,-0.25564,34.856,-0.511,-1,375.000,-1,375.000,-1,300.000,300.000,300.000,300.000,-1,-1,-1,-1,700.000,675.000,-1,-1,2,0,2,0,2,0,0,0,0,2,2,2,2,0,0,2,2
39,-4121.446,4530.520,350.791,74.592,0.269063,-0.961283,-0.059504,0.961792,0.264932,0.069047,-0.050609,-0.075808,0.995837,0,0.58093,-0.25564,34.856,-0.511,-1,375.000,-1,375.000,-1,300.000,300.000,300.000,300.000,-1,-1,-1,-1,675.000,675.000,-1,-1,2,0,2,0,2,0,0,0,0,2,2,2,2,0,0,2,2
40,-4111.886,4564.040,349.306,74.080,0.277584,-0.958800,-0.060410,0.959457,0.273477,0.068217,-0.048886,-0.076897,0.995840,0,0.58093,-0.25564,34.856,-0.511,-1,375.000,-1,375.000,-1,300.000,300.000,300.000,300.000,-1,-1,-1,-1,675.000,675.000,-1,-1,2,0,2,0,2,0,0,0,0,2,2,2,2,0,0,2,2
41,-4102.027,4597.472,347.881,73.569,0.286072,-0.956246,-0.061287,0.957051,0.281999,0.067305,-0.047078,-0.077909,0.995848,0,0.58093,-0.25564,34.856,-0.511,-1,375.000,-1,375.000,-1,300.000,300.000,300.000,300.000,-1,725.000,-1,-1,675.000,675.000,-1,-1,2,0,2,0,2,0,0,0,0,2,0,2,2,0,0,2,2
42,-4090.631,4635.455,346.337,73.298,0.290521,-0.954845,-0.062192,0.955797,0.286507,0.066069,-0.045268,-0.078638,0.995875,0,0.66093,-0.13564,39.656,-0.271,-1,375.000,-1,375.000,-1,300.000,300.000,300.000,300.000,-1,700.000,-1,-1,675.000,700.000,-1,-1,2,0,2,0,2,0,0,0,0,2,0,2,2,0,0,2,2
43,-4077.831,4678.028,344.604,73.267,0.290940,-0.954663,-0.063037,0.955757,0.287021,0.064402,-0.043389,-0.078985,0.995931,0,0.74093,-0.01564,44.456,-0.031,-1,375.000,-1,375.000,-1,300.000,300.000,300.000,300.000,-1,675.000,-1,-1,675.000,700.000,-1,-1,2,0,2,0,2,0,0,0,0,2,0,2,2,0,0,2,2
44,-4064.587,4722.668,342.827,73.475,0.287363,-0.955669,-0.064185,0.956916,0.283532,0.062624,-0.041650,-0.079415,0.995971,0,0.77607,0.10436,46.564,0.209,-1,375.000,-1,375.000,-1,300.000,300.000,300.000,300.000,-1,650.000,-1,-1,675.000,725.000,-1,-1,2,0,2,0,2,0,0,0,0,2,0,2,2,0,0,2,2
45,-4051.693,4767.411,341.021,73.924,0.279786,-0.957838,-0.065313,0.959214,0.276032,0.060948,-0.040349,-0.079702,0.996002,0,0.77607,0.22436,46.564,0.449,-1,375.000,-1,375.000,-1,300.000,300.000,300.000,300.000,-1,650.000,875.000,-1,675.000,725.000,-1,-1,2,0,2,0,2,0,0,0,0,2,0,0,2,0,0,2,2
46,-4039.267,4812.564,339.164,74.613,0.268184,-0.961076,-0.066404,0.962558,0.264496,0.059354,-0.039481,-0.079836,0.996026,0,0.78053,0.34436,46.832,0.689,-1,375.000,-1,375.000,-1,325.000,325.000,300.000,300.000,-1,650.000,875.000,-1,675.000,725.000,-1,-1,2,0,2,0,2,0,0,0,0,2,0,0,2,0,0,2,2
47,-4027.482,4858.268,337.239,75.541,0.252516,-0.965240,-0.067440,0.966805,0.248885,0.057831,-0.039036,-0.079805,0.996046,0,0.78666,0.46436,47.200,0.929,-1,375.000,-1,375.000,-1,325.000,325.000,300.000,300.000,-1,650.000,900.000,-1,675.000,725.000,-1,-1,2,0,2,0,2,0,0,0,0,2,0,0,2,0,0,2,2
48,-4016.546,4904.564,335.234,76.710,0.232734,-0.970132,-0.068408,0.971758,0.229149,0.056368,-0.039009,-0.079595,0.996064,0,0.79286,0.58436,47.571,1.169,-1,375.000,-1,400.000,-1,325.000,325.000,300.000,300.000,-1,650.000,875.000,-1,675.000,725.000,-1,-1,2,0,2,0,2,0,0,0,0,2,0,0,2,0,0,2,2
49,-4006.657,4951.479,333.137,78.097,0.209151,-0.975425,-0.069295,0.977091,0.205604,0.054954,-0.039356,-0.079201,0.996081,0,0.79911,0.69357,47.947,1.387,-1,375.000,-1,400.000,-1,325.000,325.000,300.000,300.000,-1,675.000,850.000,-1,675.000,725.000,-1,-1,2,0,2,0,2,0,0,0,0,2,0,0,2,0,0,2,2
50,-3997.837,4998.991,330.955,79.483,0.185465,-0.980148,-0.070092,0.981846,0.181955,0.053573,-0.039755,-0.078756,0.996101,0,0.80542,0.69304,48.325,1.386,-1,375.000,-1,400.000,-1,325.000,325.000,300.000,300.000,-1,675.000,825.000,-1,650.000,725.000,-1,-1,2,0,2,0,2,0,0,0,0,2,0,0,2,0,0,2,2
51,-3990.106,5047.078,328.688,80.868,0.161702,-0.984296,-0.070803,0.986021,0.158229,0.052221,-0.040198,-0.078258,0.996122,0,0.81175,0.69218,48.705,1.384,-1,375.000,-1,400.000,-1,325.000,325.000,300.000,300.000,-1,650.000,800.000,-1,650.000,725.000,-1,-1,2,0,2,0,2,0,0,0,0,2,0,0,2,0,0,2,2
52,-3983.486,5095.714,326.335,82.250,0.137887,-0.987869,-0.071432,0.989613,0.134450,0.050893,-0.040672,-0.077707,0.996146,0,0.81811,0.69097,49.086,1.382,1000.000,375.000,-1,375.000,-1,300.000,325.000,300.000,300.000,-1,625.000,750.000,-1,650.000,725.000,-1,-1,0,0,2,0,2,0,0,0,0,2,0,0,2,0,0,2,2
53,-3977.996,5144.875,323.896,83.628,0.114045,-0.990864,-0.071981,0.992622,0.110646,0.049583,-0.041166,-0.077104,0.996173,0,0.82446,0.68941,49.467,1.379,975.000,375.000,-1,375.000,-1,300.000,300.000,300.000,300.000,-1,600.000,700.000,-1,650.000,725.000,-1,-1,0,0,2,0,2,0,0,0,0,2,0,0,2,0,0,2,2
54,-3973.654,5194.531,321.373,85.003,0.090204,-0.993284,-0.072452,0.995051,0.086843,0.048285,-0.041669,-0.076449,0.996202,0,0.83078,0.68746,49.847,1.375,950.000,375.000,-1,375.000,-1,300.000,300.000,275.000,300.000,-1,575.000,650.000,-1,625.000,725.000,-1,-1,0,0,2,0,2,0,0,0,0,2,0,0,2,0,0,2,2
55,-3970.476,5244.653,319.034,86.374,0.066368,-0.995213,-0.071743,0.996890,0.063074,0.047239,-0.042487,-0.074655,0.996304,0,0.83705,0.68512,50.223,1.370,925.000,350.000,-1,375.000,-1,300.000,300.000,275.000,300.000,-1,575.000,625.000,-1,625.000,725.000,1000.000,950.000,0,0,2,0,2,0,0,0,0,2,0,0,2,0,0,0,1
56,-3968.495,5290.032,317.512,87.504,0.046583,-0.996440,-0.070273,0.998014,0.043439,0.045617,-0.042402,-0.072259,0.996484,0,0.75705,0.56512,45.423,1.130,925.000,350.000,-1,375.000,-1,300.000,300.000,300.000,300.000,-1,575.000,625.000,-1,625.000,700.000,975.000,900.000,0,0,2,0,2,0,0,0,0,2,0,0,2,0,1,0,1
57,-3967.355,5330.639,316.239,88.394,0.030958,-0.997109,-0.069396,0.998648,0.027955,0.043835,-0.041768,-0.070659,0.996626,0,0.67705,0.44512,40.623,0.890,925.000,350.000,-1,375.000,1000.000,300.000,300.000,300.000,300.000,-1,575.000,600.000,-1,625.000,675.000,975.000,850.000,0,0,2,0,1,0,0,0,0,2,0,0,2,1,1,0,1
58,-3966.756,5366.456,315.088,89.044,0.019513,-0.997457,-0.068554,0.998969,0.016639,0.042246,-0.040998,-0.069308,0.996753,0,0.59705,0.32512,35.823,0.650,925.000,350.000,-1,375.000,925.000,300.000,300.000,300.000,325.000,-1,575.000,575.000,-1,625.000,650.000,1000.000,800.000,0,0,2,0,1,0,0,0,0,2,0,0,2,1,1,0,1
59,-3966.460,5397.478,314.074,89.455,0.012255,-0.997625,-0.067775,0.999120,0.009498,0.040858,-0.040117,-0.068216,0.996864,0,0.51705,0.20512,31.023,0.410,925.000,375.000,-1,375.000,900.000,300.000,300.000,300.000,325.000,-1,575.000,575.000,-1,625.000,625.000,1000.000,775.000,0,0,2,0,1,0,0,0,0,2,0,0,2,1,1,0,1
60,-3966.287,5423.700,313.211,89.625,0.009188,-0.997705,-0.067078,0.999191,0.006534,0.039674,-0.039145,-0.067388,0.996959,0,0.43705,0.08512,26.223,0.170,925.000,375.000,-1,375.000,850.000,300.000,300.000,300.000,325.000,-1,575.000,550.000,-1,625.000,600.000,1000.000,750.000,0,0,2,0,1,0,0,0,0,2,0,0,2,1,1,0,1
61,-3966.120,5445.123,312.504,89.555,0.010313,-0.997734,-0.066482,0.999221,0.007749,0.038700,-0.038097,-0.066829,0.997037,0,0.35705,-0.03488,21.423,-0.070,950.000,375.000,-1,375.000,850.000,300.000,300.000,300.000,325.000,-1,550.000,550.000,-1,625.000,600.000,1000.000,725.000,0,0,2,0,1,0,0,0,0,2,0,0,2,1,1,0,1
62,-3965.900,5461.745,311.958,89.245,0.015629,-0.997697,-0.065997,0.999194,0.013144,0.037935,-0.036980,-0.066537,0.997098,0,0.27705,-0.15488,16.623,-0.310,950.000,375.000,-1,375.000,825.000,300.000,300.000,300.000,325.000,-1,550.000,525.000,-1,625.000,600.000,1000.000,700.000,0,0,2,0,1,0,0,0,0,2,0,0,2,1,1,0,1
63,-3965.631,5473.565,311.572,88.695,0.025137,-0.997527,-0.065631,0.999043,0.022716,0.037380,-0.035797,-0.066508,0.997144,0,0.19705,-0.27488,11.823,-0.550,950.000,375.000,-1,375.000,825.000,300.000,300.000,300.000,325.000,-1,550.000,525.000,-1,625.000,575.000,-1,700.000,0,0,2,0,1,0,0,0,0,2,0,0,2,1,1,2,1
64,-3965.374,5480.584,311.341,87.906,0.038831,-0.997104,-0.065387,0.998649,0.036463,0.037034,-0.034542,-0.066736,0.997173,0,0.11705,-0.39488,7.023,-0.790,950.000,375.000,-1,400.000,825.000,300.000,325.000,300.000,325.000,-1,550.000,525.000,-1,625.000,575.000,-1,700.000,0,0,2,0,1,0,0,0,0,2,0,0,2,1,1,2,1
65,-3965.253,5482.805,311.256,86.876,0.056701,-0.996256,-0.065260,0.997839,0.054375,0.036892,-0.033205,-0.067211,0.997186,0,0.03705,-0.51488,2.223,-1.030,950.000,375.000,1000.000,400.000,850.000,300.000,325.000,300.000,325.000,-1,550.000,525.000,-1,625.000,575.000,-1,725.000,0,0,1,0,1,0,0,0,0,2,0,0,2,1,1,2,1
66,-3965.451,5480.236,311.305,85.606,0.078729,-0.994759,-0.065244,0.996390,0.076434,0.036948,-0.031767,-0.067918,0.997185,0,-0.04295,-0.63488,-2.577,-1.270,950.000,375.000,975.000,400.000,875.000,300.000,325.000,300.000,325.000,-1,575.000,525.000,-1,600.000,600.000,-1,725.000,0,0,1,0,1,0,0,0,0,2,0,0,2,1,1,2,1
67,-3965.954,5475.378,311.429,84.096,0.104874,-0.992349,-0.065157,0.994027,0.102612,0.037161,-0.030190,-0.068665,0.997183,0,-0.08141,-0.75488,-4.885,-1.510,950.000,375.000,950.000,400.000,900.000,300.000,325.000,300.000,325.000,-1,575.000,525.000,-1,600.000,600.000,-1,750.000,0,0,1,0,1,0,0,0,0,2,0,0,2,1,1,2,1
68,-3966.606,5470.526,311.573,82.347,0.135081,-0.988708,-0.064885,0.990427,0.132859,0.037449,-0.028405,-0.069322,0.997190,0,-0.08162,-0.87488,-4.897,-1.750,975.000,375.000,925.000,400.000,950.000,300.000,325.000,300.000,300.000,-1,600.000,550.000,-1,600.000,625.000,-1,775.000,0,0,1,0,1,0,0,0,0,2,0,0,2,1,1,2,1
69,-3967.429,5465.684,311.703,80.357,0.169272,-0.983453,-0.064557,0.985218,0.167100,0.037716,-0.026304,-0.069987,0.997201,0,-0.08186,-0.99488,-4.912,-1.990,975.000,375.000,900.000,400.000,1000.000,300.000,325.000,300.000,300.000,-1,600.000,550.000,-1,600.000,625.000,-1,800.000,0,0,1,0,1,0,0,0,0,2,0,0,2,1,1,2,1
70,-3968.424,5460.857,311.814,78.357,0.203429,-0.976981,-0.064225,0.978792,0.201311,0.037950,-0.024147,-0.070583,0.997214,0,-0.08217,-1.00000,-4.930,-2.000,1000.000,375.000,900.000,400.000,-1,300.000,325.000,300.000,300.000,-1,625.000,575.000,-1,600.000,650.000,-1,850.000,0,0,1,0,2,0,0,0,0,2,0,0,2,1,1,2,1
71,-3969.593,5456.041,311.908,76.357,0.237337,-0.969324,-0.063891,0.971179,0.235276,0.038152,-0.021950,-0.071105,0.997227,0,-0.08261,-1.00000,-4.957,-2.000,1000.000,375.000,900.000,400.000,-1,300.000,325.000,300.000,300.000,-1,625.000,600.000,-1,600.000,675.000,900.000,875.000,0,0,1,0,2,0,0,0,0,2,0,0,2,1,1,1,1
72,-3970.938,5451.236,311.984,74.357,0.270953,-0.960492,-0.063557,0.962391,0.268953,0.038322,-0.019715,-0.071550,0.997242,0,-0.08317,-1.00000,-4.990,-2.000,-1,375.000,875.000,400.000,-1,300.000,325.000,300.000,300.000,-1,625.000,600.000,-1,575.000,675.000,825.000,925.000,2,0,1,0,2,0,0,0,0,2,0,0,2,1,1,1,1
73,-3972.462,5446.443,312.041,72.362,0.304160,-0.950521,-0.063224,0.952461,0.302222,0.038462,-0.017451,-0.071917,0.997258,0,-0.08385,-0.99760,-5.031,-1.995,-1,375.000,875.000,400.000,-1,300.000,325.000,300.000,300.000,-1,625.000,625.000,-1,575.000,700.000,775.000,975.000,2,0,1,0,2,0,0,0,0,2,0,0,2,1,1,1,1
74,-3974.168,5441.660,312.081,70.373,0.336891,-0.939441,-0.062895,0.941422,0.335019,0.038571,-0.015164,-0.072204,0.997275,0,-0.08465,-0.99435,-5.079,-1.989,-1,375.000,900.000,400.000,-1,300.000,325.000,300.000,300.000,-1,600.000,625.000,-1,575.000,725.000,750.000,-1,2,0,1,0,2,0,0,0,0,2,0,0,2,1,1,1,2
75,-3976.058,5436.888,312.102,68.391,0.369113,-0.927276,-0.062569,0.929296,0.367309,0.038650,-0.012858,-0.072411,0.997292,0,-0.08556,-0.99116,-5.134,-1.982,-1,375.000,925.000,400.000,-1,325.000,325.000,300.000,300.000,-1,600.000,625.000,-1,575.000,750.000,725.000,-1,2,0,1,0,2,0,0,0,0,2,0,0,2,1,1,1,2
76,-3978.135,5432.129,312.105,66.415,0.400796,-0.914050,-0.062247,0.916107,0.399062,0.038702,-0.010535,-0.072537,0.997310,0,-0.08658,-0.98805,-5.195,-1.976,1000.000,375.000,975.000,400.000,-1,325.000,325.000,300.000,300.000,-1,600.000,625.000,-1,600.000,775.000,725.000,-1,1,0,1,0,2,0,0,0,0,2,0,0,2,1,1,1,2
77,-3980.404,5427.383,312.089,64.445,0.431908,-0.899789,-0.061930,0.901881,0.430246,0.038725,-0.008199,-0.072580,0.997329,0,-0.08769,-0.98500,-5.262,-1.970,875.000,375.000,1000.000,400.000,-1,325.000,325.000,300.000,300.000,-1,600.000,600.000,-1,600.000,800.000,700.000,-1,1,0,1,0,2,0,0,0,0,2,0,0,2,1,1,1,2
78,-3982.868,5422.652,312.055,62.481,0.462420,-0.884518,-0.061618,0.886642,0.460833,0.038722,-0.005854,-0.072539,0.997348,0,-0.08891,-0.98202,-5.335,-1.964,800.000,375.000,-1,400.000,-1,325.000,325.000,300.000,300.000,-1,600.000,600.000,-1,600.000,800.000,700.000,-1,1,0,2,0,2,0,0,0,0,2,0,0,2,1,0,1,2
79,-3985.531,5417.941,312.001,60.522,0.492303,-0.868262,-0.061312,0.870417,0.490793,0.038692,-0.003503,-0.072415,0.997368,0,-0.09022,-0.97911,-5.413,-1.958,775.000,375.000,-1,400.000,-1,325.000,325.000,300.000,300.000,-1,600.000,600.000,-1,600.000,800.000,700.000,-1,1,0,2,0,2,0,0,0,0,2,0,0,2,1,0,1,2
80,-3985.848,5417.417,311.989,58.804,0.518039,-0.853157,-0.061308,0.855356,0.516607,0.038519,-0.001191,-0.072395,0.997375,0,-0.01022,-0.85911,-0.613,-1.718,750.000,375.000,-1,400.000,-1,325.000,325.000,300.000,300.000,-1,600.000,575.000,-1,600.000,800.000,675.000,-1,1,0,2,0,2,0,0,0,0,2,0,0,2,1,0,1,2
81,-3983.586,5420.942,311.985,57.326,0.539805,-0.839550,-0.061369,0.841790,0.538446,0.038277,0.000908,-0.072322,0.997381,0,0.06978,-0.73911,4.187,-1.478,725.000,375.000,-1,400.000,-1,325.000,325.000,300.000,300.000,-1,600.000,575.000,-1,600.000,800.000,675.000,-1,1,0,2,0,2,0,0,0,0,2,0,0,2,1,0,1,2
82,-3978.572,5428.401,311.980,56.088,0.557759,-0.827729,-0.061392,0.829999,0.556470,0.037994,0.002714,-0.072147,0.997390,0,0.14978,-0.61911,8.987,-1.238,700.000,375.000,-1,400.000,-1,325.000,325.000,300.000,300.000,-1,600.000,600.000,-1,600.000,800.000,675.000,-1,1,0,2,0,2,0,0,0,0,2,0,0,2,1,0,1,2
83,-3970.681,5439.707,311.986,55.089,0.572042,-0.817924,-0.061386,0.820213,0.570816,0.037677,0.004223,-0.071903,0.997403,0,0.22978,-0.49911,13.787,-0.998,675.000,375.000,-1,400.000,-1,325.000,325.000,300.000,300.000,-1,625.000,600.000,-1,600.000,800.000,650.000,-1,1,0,2,0,2,0,0,0,0,2,0,0,2,1,0,1,2
84,-3959.842,5454.807,312.009,54.331,0.582773,-0.810315,-0.061364,0.812617,0.581601,0.037333,0.005438,-0.071622,0.997417,0,0.30978,-0.37911,18.587,-0.758,650.000,375.000,-1,400.000,-1,325.000,325.000,300.000,300.000,-1,625.000,600.000,-1,600.000,800.000,625.000,-1,1,0,2,0,2,0,0,0,0,2,0,0,2,1,0,1,2
85,-3946.033,5473.682,312.128,53.813,0.590027,-0.805022,-0.061711,0.807356,0.588906,0.036947,0.006599,-0.071623,0.997410,0,0.38978,-0.25911,23.387,-0.518,625.000,375.000,-1,400.000,-1,325.000,325.000,300.000,300.000,-1,650.000,625.000,-1,575.000,800.000,625.000,-1,1,0,2,0,2,0,0,0,0,2,0,0,2,1,0,1,2
86,-3929.281,5496.351,312.280,53.535,0.593882,-0.802148,-0.062154,0.804517,0.592805,0.036537,0.007537,-0.071702,0.997398,0,0.46978,-0.13911,28.187,-0.278,600.000,375.000,-1,400.000,-1,325.000,325.000,300.000,300.000,-1,650.000,625.000,-1,575.000,825.000,600.000,-1,1,0,2,0,2,0,0,0,0,2,0,0,2,1,0,1,2
87,-3909.658,5522.867,312.450,53.497,0.594373,-0.801743,-0.062675,0.804147,0.593333,0.036097,0.008247,-0.071855,0.997381,0,0.54978,-0.01911,32.987,-0.038,575.000,400.000,-1,400.000,-1,325.000,325.000,300.000,300.000,-1,675.000,650.000,-1,550.000,825.000,550.000,-1,1,0,2,0,2,0,0,0,0,2,0,0,2,1,0,1,2
88,-3887.287,5553.320,312.617,53.698,0.591506,-0.803816,-0.063255,0.806254,0.590497,0.035614,0.008725,-0.072066,0.997362,0,0.62978,0.10089,37.787,0.202,525.000,400.000,-1,400.000,-1,325.000,325.000,300.000,300.000,-1,700.000,675.000,-1,525.000,825.000,525.000,-1,1,0,2,0,2,0,0,0,0,2,0,0,2,1,0,1,2
89,-3862.339,5587.834,312.756,54.140,0.585254,-0.808330,-0.063871,0.810800,0.584271,0.035073,0.008967,-0.072313,0.997342,0,0.70978,0.22089,42.587,0.442,500.000,400.000,-1,400.000,-1,325.000,325.000,275.000,300.000,-1,725.000,700.000,-1,500.000,800.000,500.000,-1,1,1,2,0,2,0,0,0,0,2,0,0,2,1,1,1,2
90,-3835.039,5626.566,312.977,54.822,0.575596,-0.815244,-0.063766,0.817690,0.574625,0.034494,0.008520,-0.071995,0.997369,0,0.78978,0.34089,47.387,0.682,450.000,375.000,1000.000,400.000,-1,325.000,325.000,275.000,300.000,-1,750.000,725.000,-1,475.000,775.000,450.000,-1,1,1,1,0,2,0,0,0,0,2,0,0,2,1,1,1,2
91,-3805.663,5669.700,313.144,55.744,0.562423,-0.824414,-0.063422,0.826814,0.561456,0.033848,0.007704,-0.071475,0.997413,0,0.86978,0.46089,52.187,0.922,400.000,350.000,925.000,425.000,-1,325.000,325.000,275.000,300.000,-1,775.000,750.000,-1,450.000,725.000,400.000,-1,1,1,1,0,2,0,0,0,0,2,0,0,2,1,1,1,2
92,-3774.481,5717.398,313.357,56.827,0.546789,-0.834964,-0.062096,0.837247,0.545815,0.033204,0.006169,-0.070145,0.997518,0,0.94978,0.54186,56.987,1.084,350.000,325.000,850.000,425.000,-1,300.000,325.000,275.000,300.000,-1,825.000,825.000,-1,400.000,650.000,350.000,-1,1,1,1,0,2,1,0,0,0,2,0,0,2,1,1,1,2
93,-3742.612,5768.234,313.571,57.917,0.530899,-0.845317,-0.059878,0.847425,0.529911,0.032635,0.004143,-0.068068,0.997672,0,1.00000,0.54494,60.000,1.090,300.000,275.000,750.000,400.000,-1,275.000,325.000,275.000,300.000,-1,900.000,875.000,-1,375.000,600.000,300.000,-1,1,1,1,1,2,1,1,0,0,2,0,0,2,1,1,1,2
94,-3711.720,5819.670,313.997,59.014,0.514635,-0.855515,-0.056965,0.857402,0.513756,0.030256,0.003382,-0.064413,0.997918,0,1.00000,0.54846,60.000,1.097,250.000,250.000,675.000,375.000,-1,250.000,300.000,300.000,300.000,-1,950.000,925.000,-1,325.000,550.000,250.000,-1,1,1,1,1,2,1,1,0,0,2,0,0,2,1,1,1,2
95,-3681.817,5871.687,317.254,60.119,0.497642,-0.866040,-0.048245,0.867292,0.497621,0.013308,0.012482,-0.048465,0.998747,0,1.00000,0.55219,60.000,1.104,250.000,250.000,675.000,350.000,-1,250.000,275.000,325.000,300.000,-1,850.000,575.000,-1,325.000,525.000,250.000,-1,1,1,1,1,2,1,1,0,0,2,0,0,2,1,1,1,2
96,-3652.933,5924.277,320.601,61.231,0.480538,-0.876140,-0.038243,0.876682,0.481047,-0.004850,0.022646,-0.031196,0.999257,0,1.00000,0.55616,60.000,1.112,250.000,250.000,650.000,325.000,-1,225.000,275.000,350.000,275.000,-1,550.000,325.000,-1,325.000,475.000,225.000,-1,1,1,1,1,2,1,1,1,0,2,0,0,2,1,1,1,2
97,-3625.086,5977.424,324.051,62.352,0.463396,-0.885741,-0.026957,0.885509,0.464004,-0.023960,0.033730,-0.012768,0.999349,0,1.00000,0.56044,60.000,1.121,250.000,225.000,650.000,300.000,-1,225.000,250.000,400.000,275.000,-1,425.000,225.000,725.000,300.000,450.000,225.000,-1,1,1,1,1,2,1,1,1,0,2,0,0,0,1,1,1,2
98,-3598.297,6031.113,327.881,63.482,0.446259,-0.894780,-0.014928,0.893782,0.446472,-0.042629,0.044808,0.005681,0.998979,0,1.00000,0.56510,60.000,1.130,250.000,225.000,-1,300.000,-1,200.000,225.000,425.000,250.000,-1,350.000,175.000,575.000,300.000,425.000,225.000,600.000,1,1,2,1,2,1,1,1,0,2,0,0,0,1,1,1,1
99,-3572.583,6085.327,335.310,64.622,0.428336,-0.903439,-0.018043,0.901124,0.428551,-0.065729,0.067115,0.011895,0.997674,0,1.00000,0.57024,60.000,1.140,275.000,225.000,-1,300.000,-1,200.000,250.000,450.000,275.000,-1,275.000,100.000,500.000,325.000,450.000,225.000,-1,1,1,2,1,2,1,1,1,0,2,0,0,0,1,1,1,2
100,-7543.193,-5575.457,311.622,-125.784,-0.587120,0.809498,-0.001979,-0.804092,-0.583478,-0.113970,-0.093413,-0.065322,0.993482,1,0.00000,0.00000,60.000,1.152,-1,425.000,-1,425.000,-1,350.000,325.000,300.000,300.000,-1,-1,-1,-1,925.000,900.000,-1,-1,2,0,2,0,2,0,0,0,0,2,2,2,2,0,0,2,2
101,-7545.983,-5579.363,311.158,-125.544,-0.583711,0.811959,-0.002197,-0.806505,-0.580099,-0.114169,-0.093975,-0.064869,0.993459,0,0.08000,0.12000,4.800,0.240,-1,425.000,-1,425.000,-1,350.000,325.000,300.000,300.000,-1,-1,-1,-1,925.000,900.000,-1,-1,2,0,2,0,2,0,0,0,0,2,2,2,2,0,0,2,2
102,-7551.509,-5587.213,310.227,-125.138,-0.577929,0.816083,-0.002634,-0.810537,-0.574371,-0.114573,-0.095014,-0.064080,0.993411,0,0.16000,0.20262,9.600,0.405,-1,425.000,-1,425.000,-1,350.000,325.000,300.000,300.000,-1,-1,-1,-1,925.000,875.000,-1,-1,2,0,2,0,2,0,0,0,0,2,2,2,2,0,0,2,2
103,-7559.713,-5599.047,308.831,-124.730,-0.572068,0.820200,-0.003289,-0.814527,-0.568574,-0.115192,-0.096351,-0.063219,0.993338,0,0.24000,0.20411,14.400,0.408,-1,425.000,-1,425.000,-1,325.000,325.000,300.000,300.000,-1,-1,-1,-1,925.000,875.000,-1,-1,2,0,2,0,2,0,0,0,0,2,2,2,2,0,0,2,2
104,-7570.539,-5614.904,306.961,-124.318,-0.566105,0.824322,-0.004160,-0.818488,-0.562684,-0.116031,-0.097988,-0.062281,0.993237,0,0.32000,0.20634,19.200,0.413,-1,425.000,-1,425.000,-1,325.000,325.000,300.000,300.000,-1,-1,-1,-1,900.000,875.000,-1,-1,2,0,2,0,2,0,0,0,0,2,2,2,2,0,0,2,2
105,-7583.925,-5634.825,304.606,-123.899,-0.560018,0.828464,-0.005242,-0.822432,-0.556681,-0.117094,-0.099926,-0.061263,0.993107,0,0.40000,0.20933,24.000,0.419,-1,425.000,-1,425.000,-1,325.000,325.000,300.000,300.000,-1,-1,-1,-1,900.000,875.000,-1,-1,2,0,2,0,2,0,0,0,0,2,2,2,2,0,0,2,2
106,-7599.810,-5658.848,301.752,-123.473,-0.553781,0.832637,-0.006526,-0.826370,-0.550540,-0.118398,-0.102175,-0.060174,0.992945,0,0.48000,0.21308,28.800,0.426,-1,425.000,-1,400.000,-1,325.000,325.000,300.000,300.000,-1,-1,-1,-1,900.000,875.000,-1,-1,2,0,2,0,2,0,0,0,0,2,2,2,2,0,0,2,2
107,-7618.129,-5687.015,298.389,-123.038,-0.547369,0.836853,-0.008009,-0.830313,-0.544239,-0.119935,-0.104727,-0.058998,0.992749,0,0.56000,0.21759,33.600,0.435,-1,425.000,-1,400.000,-1,325.000,325.000,300.000,300.000,-1,-1,-1,-1,900.000,850.000,-1,-1,2,0,2,0,2,0,0,0,0,2,2,2,2,0,0,2,2
108,-7638.077,-5718.216,294.501,-122.593,-0.540832,0.841084,-0.008917,-0.834292,-0.537753,-0.121568,-0.107044,-0.058308,0.992543,0,0.61720,0.22221,37.032,0.444,-1,425.000,-1,400.000,-1,325.000,325.000,300.000,300.000,-1,-1,-1,-1,875.000,850.000,-1,-1,2,0,2,0,2,0,0,0,0,2,2,2,2,0,0,2,2
109,-7657.783,-5749.570,290.497,-122.149,-0.534289,0.845250,-0.009433,-0.838230,-0.531226,-0.123161,-0.109113,-0.057896,0.992342,0,0.61720,0.22221,37.032,0.444,-1,425.000,-1,400.000,-1,325.000,325.000,300.000,300.000,-1,-1,-1,-1,875.000,850.000,-1,-1,2,0,2,0,2,0,0,0,0,2,2,2,2,0,0,2,2
110,-7677.245,-5781.076,286.448,-121.704,-0.527713,0.849365,-0.009919,-0.842118,-0.524667,-0.124749,-0.111162,-0.057479,0.992139,0,0.61720,0.22221,37.032,0.444,-1,425.000,-1,400.000,-1,325.000,325.000,300.000,275.000,-1,-1,-1,-1,875.000,850.000,-1,-1,2,0,2,0,2,0,0,0,0,2,2,2,2,0,0,2,2
111,-7696.462,-5812.732,282.354,-121.260,-0.521105,0.853430,-0.010375,-0.845954,-0.518076,-0.126332,-0.113190,-0.057055,0.991934,0,0.61720,0.22221,37.032,0.444,-1,425.000,-1,400.000,-1,325.000,325.000,300.000,275.000,-1,-1,-1,-1,850.000,850.000,-1,-1,2,0,2,0,2,0,0,0,0,2,2,2,2,0,0,2,2
112,-7715.432,-5844.537,278.126,-120.815,-0.514498,0.857426,-0.010636,-0.849680,-0.511442,-0.128338,-0.115480,-0.056992,0.991673,0,0.61720,0.22221,37.032,0.444,-1,425.000,-1,400.000,-1,325.000,325.000,300.000,300.000,-1,-1,-1,-1,850.000,850.000,-1,-1,2,0,2,0,2,0,0,0,0,2,2,2,2,0,0,2,2
113,-7734.155,-5876.487,273.855,-120.371,-0.507862,0.861370,-0.010859,-0.853353,-0.504778,-0.130338,-0.117751,-0.056927,0.991410,0,0.61720,0.22221,37.032,0.444,-1,400.000,-1,400.000,-1,325.000,325.000,300.000,300.000,-1,-1,-1,-1,825.000,825.000,-1,-1,2,0,2,0,2,0,0,0,0,2,2,2,2,0,0,2,2
114,-7752.630,-5908.582,269.542,-119.927,-0.501196,0.865263,-0.011049,-0.856974,-0.498084,-0.132320,-0.119994,-0.056850,0.991146,0,0.61720,0.22221,37.032,0.444,-1,400.000,-1,400.000,-1,325.000,325.000,300.000,300.000,-1,-1,-1,-1,825.000,825.000,-1,-1,2,0,2,0,2,0,0,0,0,2,2,2,2,0,0,2,2
115,-7770.856,-5940.819,265.188,-119.482,-0.494501,0.869105,-0.011205,-0.860542,-0.491360,-0.134283,-0.122211,-0.056761,0.990880,0,0.61720,0.22221,37.032,0.444,-1,400.000,-1,400.000,-1,325.000,325.000,300.000,300.000,-1,-1,-1,-1,800.000,825.000,-1,-1,2,0,2,0,2,0,0,0,0,2,2,2,2,0,0,2,2
116,-7788.830,-5973.197,260.794,-119.038,-0.487777,0.872895,-0.011327,-0.864059,-0.484607,-0.136227,-0.124401,-0.056661,0.990613,0,0.61720,0.22221,37.032,0.444,-1,400.000,-1,400.000,-1,325.000,325.000,300.000,300.000,-1,-1,-1,-1,800.000,825.000,-1,-1,2,0,2,0,2,0,0,0,0,2,2,2,2,0,0,2,2
117,-7806.554,-6005.712,256.093,-118.593,-0.480925,0.876681,-0.011902,-0.867688,-0.477852,-0.137024,-0.125814,-0.055571,0.990496,0,0.61720,0.22221,37.032,0.444,-1,400.000,-1,400.000,-1,325.000,325.000,300.000,300.000,-1,-1,-1,-1,800.000,825.000,-1,-1,2,0,2,0,2,0,0,0,0,2,2,2,2,0,0,2,2
118,-7824.026,-6038.364,251.344,-118.149,-0.474038,0.880416,-0.012477,-0.871272,-0.471067,-0.137773,-0.127175,-0.054438,0.990385,0,0.61720,0.22221,37.032,0.444,-1,400.000,-1,400.000,-1,325.000,325.000,300.000,300.000,-1,-1,-1,-1,800.000,800.000,-1,-1,2,0,2,0,2,0,0,0,0,2,2,2,2,0,0,2,2
119,-7841.243,-6071.151,246.526,-117.705,-0.467106,0.884103,-0.013177,-0.874801,-0.464255,-0.138532,-0.128594,-0.053182,0.990270,0,0.61720,0.22221,37.032,0.444,-1,400.000,-1,400.000,-1,325.000,325.000,300.000,300.000,-1,-1,-1,-1,775.000,800.000,-1,-1,2,0,2,0,2,0,0,0,0,2,2,2,2,0,0,2,2
120,-7858.206,-6104.069,241.630,-117.260,-0.460123,0.887744,-0.014048,-0.878271,-0.457418,-0.139313,-0.130101,-0.051763,0.990149,0,0.61720,0.22221,37.032,0.444,-1,400.000,-1,400.000,-1,325.000,325.000,300.000,300.000,-1,-1,-1,-1,775.000,800.000,-1,-1,2,0,2,0,2,0,0,0,0,2,2,2,2,0,0,2,2
121,-7874.913,-6137.119,236.704,-116.816,-0.453113,0.891329,-0.014868,-0.881693,-0.450551,-0.140077,-0.131554,-0.050361,0.990029,0,0.61720,0.22221,37.032,0.444,-1,400.000,-1,400.000,-1,325.000,325.000,300.000,300.000,-1,-1,-1,-1,775.000,800.000,-1,-1,2,0,2,0,2,0,0,0,0,2,2,2,2,0,0,2,2
122,-7891.363,-6170.297,231.749,-116.371,-0.446076,0.894859,-0.015639,-0.885065,-0.443655,-0.140822,-0.132954,-0.048976,0.989911,0,0.61720,0.22221,37.032,0.444,-1,400.000,-1,400.000,-1,325.000,325.000,300.000,300.000,-1,-1,-1,-1,750.000,775.000,-1,-1,2,0,2,0,2,0,0,0,0,2,2,2,2,0,0,2,2
123,-7907.556,-6203.602,226.765,-115.927,-0.439012,0.898332,-0.016361,-0.888387,-0.436729,-0.141547,-0.134302,-0.047606,0.989796,0,0.61720,0.22221,37.032,0.444,-1,400.000,-1,400.000,-1,325.000,325.000,300.000,300.000,-1,-1,-1,-1,750.000,775.000,-1,-1,2,0,2,0,2,0,0,0,0,2,2,2,2,0,0,2,2
124,-7923.489,-6237.031,221.752,-115.483,-0.431921,0.901750,-0.017037,-0.891660,-0.429776,-0.142253,-0.135598,-0.046251,0.989684,0,0.61720,0.22221,37.032,0.444,-1,400.000,-1,400.000,-1,325.000,325.000,300.000,300.000,-1,-1,-1,-1,750.000,750.000,-1,-1,2,0,2,0,2,0,0,0,0,2,2,2,2,0,0,2,2
125,-7939.163,-6270.583,216.709,-115.038,-0.424808,0.905112,-0.017650,-0.894883,-0.422794,-0.142933,-0.136833,-0.044924,0.989575,0,0.61720,0.22221,37.032,0.444,-1,400.000,-1,400.000,-1,325.000,325.000,300.000,300.000,-1,-1,-1,-1,750.000,750.000,-1,-1,2,0,2,0,2,0,0,0,0,2,2,2,2,0,0,2,2
126,-7954.576,-6304.255,211.639,-114.594,-0.417668,0.908417,-0.018228,-0.898055,-0.415785,-0.143594,-0.138022,-0.043605,0.989469,0,0.61720,0.22221,37.032,0.444,-1,400.000,-1,400.000,-1,325.000,325.000,300.000,300.000,-1,-1,-1,-1,725.000,750.000,-1,-1,2,0,2,0,2,0,0,0,0,2,2,2,2,0,0,2,2
127,-7971.850,-6342.354,205.894,-114.389,-0.414345,0.909925,-0.018856,-0.899428,-0.412556,-0.144319,-0.139098,-0.042838,0.989352,0,0.69720,0.10221,41.832,0.204,-1,400.000,-1,400.000,-1,325.000,325.000,300.000,300.000,-1,-1,-1,-1,725.000,725.000,-1,-1,2,0,2,0,2,0,0,0,0,2,2,2,2,0,0,2,2
128,-7991.133,-6384.813,199.475,-114.425,-0.414860,0.909676,-0.019522,-0.899041,-0.413124,-0.145101,-0.140060,-0.042645,0.989224,0,0.77720,-0.01779,46.632,-0.036,-1,400.000,-1,400.000,-1,325.000,325.000,300.000,300.000,-1,-1,-1,-1,725.000,725.000,-1,-1,2,0,2,0,2,0,0,0,0,2,2,2,2,0,0,2,2
129,-8012.625,-6431.540,192.319,-114.700,-0.419253,0.907652,-0.019880,-0.896903,-0.417483,-0.145853,-0.140683,-0.043319,0.989107,0,0.85720,-0.13779,51.432,-0.276,-1,375.000,-1,400.000,-1,325.000,325.000,300.000,300.000,-1,-1,-1,-1,725.000,725.000,-1,-1,2,0,2,0,2,0,0,0,0,2,2,2,2,0,0,2,2
130,-8036.580,-6482.414,184.425,-115.216,-0.427508,0.903794,-0.019822,-0.892978,-0.425603,-0.146468,-0.140814,-0.044916,0.989017,0,0.93720,-0.25779,56.232,-0.516,-1,375.000,-1,375.000,-1,325.000,325.000,300.000,300.000,-1,-1,-1,-1,700.000,700.000,-1,-1,2,0,2,0,2,0,0,0,0,2,2,2,2,0,0,2,2
131,-8061.398,-6533.363,176.688,-115.972,-0.439438,0.898046,-0.020174,-0.887290,-0.437457,-0.146112,-0.140040,-0.046307,0.989062,0,0.94453,-0.37779,56.672,-0.756,-1,375.000,-1,375.000,-1,325.000,325.000,300.000,300.000,-1,-1,-1,-1,700.000,700.000,-1,-1,2,0,2,0,2,0,0,0,0,2,2,2,2,0,0,2,2
132,-8087.096,-6583.874,168.991,-116.967,-0.455059,0.890226,-0.020466,-0.879554,-0.452952,-0.145664,-0.138945,-0.048284,0.989122,0,0.94453,-0.49779,56.672,-0.996,-1,375.000,-1,375.000,-1,325.000,325.000,300.000,300.000,-1,-1,-1,-1,700.000,700.000,-1,-1,2,0,2,0,2,0,0,0,0,2,2,2,2,0,0,2,2
133,-8113.877,-6633.818,161.340,-118.203,-0.474259,0.880142,-0.020701,-0.869586,-0.471984,-0.145088,-0.137468,-0.050808,0.989202,0,0.94453,-0.61779,56.672,-1.236,-1,375.000,-1,375.000,-1,300.000,300.000,300.000,300.000,-1,-1,-1,-1,675.000,700.000,-1,-1,2,0,2,0,2,0,0,0,0,2,2,2,2,0,0,2,2
134,-8141.936,-6683.057,153.668,-119.678,-0.496871,0.867570,-0.020996,-0.857205,-0.494421,-0.144043,-0.135348,-0.053573,0.989349,0,0.94453,-0.73779,56.672,-1.476,-1,375.000,-1,375.000,-1,300.000,300.000,300.000,300.000,-1,-1,-1,-1,675.000,675.000,-1,-1,2,0,2,0,2,0,0,0,0,2,2,2,2,0,0,2,2
