timestep,x_cm,y_cm,z_cm,yaw_deg,basis_xx,basis_xy,basis_xz,basis_yx,basis_yy,basis_yz,basis_zx,basis_zy,basis_zz,teleport_flag,throttle_cmd,steering_cmd,cmd_move_cm,cmd_turn_deg,lidar_cm_0,lidar_cm_1,lidar_cm_2,lidar_cm_3,lidar_cm_4,lidar_cm_5,lidar_cm_6,lidar_cm_7,lidar_cm_8,lidar_cm_9,lidar_cm_10,lidar_cm_11,lidar_cm_12,lidar_cm_13,lidar_cm_14,lidar_cm_15,lidar_cm_16,lidar_class_0,lidar_class_1,lidar_class_2,lidar_class_3,lidar_class_4,lidar_class_5,lidar_class_6,lidar_class_7,lidar_class_8,lidar_class_9,lidar_class_10,lidar_class_11,lidar_class_12,lidar_class_13,lidar_class_14,lidar_class_15,lidar_class_16
0,-6227.348,3610.271,234.890,33.369,0.835107,-0.549937,0.012888,0.549405,0.835008,0.030263,-0.027404,-0.018193,0.999459,1,0.08000,0.12000,4.800,0.240,-1,375.000,-1,400.000,-1,325.000,325.000,300.000,300.000,-1,-1,-1,-1,750.000,800.000,-1,-1,2,0,2,0,2,0,0,0,0,2,2,2,2,0,0,2,2
1,-6219.375,3615.618,234.609,33.849,0.830466,-0.556917,0.013011,0.556386,0.830378,0.030125,-0.027581,-0.017779,0.999461,0,0.16000,0.24000,9.600,0.480,-1,375.000,-1,400.000,-1,325.000,325.000,300.000,300.000,-1,-1,-1,-1,750.000,800.000,-1,-1,2,0,2,0,2,0,0,0,0,2,2,2,2,0,0,2,2
2,-6207.518,3623.788,234.184,34.569,0.823396,-0.567314,0.013204,0.566784,0.823323,0.029917,-0.027843,-0.017150,0.999465,0,0.24000,0.36000,14.400,0.720,-1,375.000,-1,400.000,-1,325.000,325.000,300.000,300.000,-1,-1,-1,-1,750.000,800.000,-1,-1,2,0,2,0,2,0,0,0,0,2,2,2,2,0,0,2,2
3,-6191.892,3634.945,233.687,35.529,0.813773,-0.581034,0.013124,0.580509,0.813710,0.029738,-0.027958,-0.016582,0.999472,0,0.32000,0.48000,19.200,0.960,-1,375.000,-1,400.000,-1,325.000,325.000,300.000,300.000,-1,-1,-1,-1,750.000,800.000,-1,-1,2,0,2,0,2,0,0,0,0,2,2,2,2,0,0,2,2
4,-6172.657,3649.298,233.062,36.729,0.801424,-0.597954,0.013009,0.597437,0.801373,0.029509,-0.028070,-0.015877,0.999480,0,0.40000,0.60000,24.000,1.200,-1,400.000,-1,400.000,-1,325.000,325.000,300.000,300.000,-1,-1,-1,-1,750.000,800.000,-1,-1,2,0,2,0,2,0,0,0,0,2,2,2,2,0,0,2,2
5,-6150.014,3667.096,232.300,38.169,0.786141,-0.617913,0.012894,0.617404,0.786104,0.029210,-0.028185,-0.015002,0.999490,0,0.48000,0.72000,28.800,1.440,-1,400.000,-1,400.000,-1,325.000,325.000,300.000,300.000,-1,-1,-1,-1,750.000,800.000,-1,-1,2,0,2,0,2,0,0,0,0,2,2,2,2,0,0,2,2
6,-6124.218,3688.625,231.390,39.849,0.767682,-0.640703,0.012795,0.640206,0.767662,0.028823,-0.028289,-0.013936,0.999503,0,0.56000,0.84000,33.600,1.680,-1,400.000,-1,400.000,-1,325.000,325.000,300.000,300.000,-1,-1,-1,-1,750.000,800.000,-1,-1,2,0,2,0,2,0,0,0,0,2,2,2,2,0,0,2,2
7,-6095.578,3714.204,230.327,41.769,0.745776,-0.666075,0.012731,0.665592,0.745778,0.028335,-0.028368,-0.012658,0.999517,0,0.64000,0.96000,38.400,1.920,-1,400.000,-1,400.000,-1,325.000,325.000,300.000,300.000,-1,-1,-1,-1,750.000,800.000,-1,-1,2,0,2,0,2,0,0,0,0,2,2,2,2,0,0,2,2
8,-6064.352,3744.056,229.106,43.712,0.722757,-0.690985,0.012745,0.690519,0.722781,0.027753,-0.028389,-0.011258,0.999534,0,0.72000,0.97134,43.200,1.943,-1,400.000,-1,400.000,-1,325.000,325.000,300.000,300.000,-1,-1,-1,-1,750.000,800.000,-1,-1,2,0,2,0,2,0,0,0,0,2,2,2,2,0,0,2,2
9,-6030.815,3778.397,227.724,45.678,0.698603,-0.715394,0.012855,0.714948,0.698653,0.027078,-0.028353,-0.009726,0.999551,0,0.80000,0.98335,48.000,1.967,-1,400.000,-1,400.000,-1,325.000,325.000,300.000,300.000,-1,-1,-1,-1,750.000,800.000,-1,-1,2,0,2,0,2,0,0,0,0,2,2,2,2,0,0,2,2
10,-5995.741,3816.904,226.198,47.672,0.673273,-0.739279,0.013074,0.738854,0.673352,0.026323,-0.028264,-0.008063,0.999568,0,0.86810,0.99687,52.086,1.994,-1,400.000,-1,400.000,-1,325.000,325.000,300.000,300.000,-1,-1,-1,-1,750.000,800.000,-1,-1,2,0,2,0,2,0,0,0,0,2,2,2,2,0,0,2,2
11,-5961.729,3856.969,224.613,49.672,0.647036,-0.762338,0.013589,0.761938,0.647150,0.025456,-0.028201,-0.006117,0.999584,0,0.87592,1.00000,52.555,2.000,-1,400.000,-1,400.000,-1,325.000,325.000,300.000,300.000,-1,-1,-1,-1,750.000,800.000,-1,-1,2,0,2,0,2,0,0,0,0,2,2,2,2,0,0,2,2
12,-5928.831,3898.583,222.955,51.672,0.619998,-0.784468,0.014545,0.784096,0.620158,0.024448,-0.028199,-0.003753,0.999595,0,0.88412,1.00000,53.047,2.000,1000.000,400.000,-1,400.000,-1,325.000,325.000,300.000,300.000,-1,-1,-1,-1,750.000,800.000,-1,-1,1,0,2,0,2,0,0,1,0,2,2,2,2,0,0,2,2
13,-5897.103,3941.731,221.277,53.672,0.592203,-0.805639,0.015569,0.805298,0.592406,0.023454,-0.028119,-0.001352,0.999604,0,0.89262,1.00000,53.557,2.000,925.000,400.000,-1,400.000,-1,325.000,325.000,300.000,300.000,-1,-1,-1,-1,750.000,800.000,-1,-1,1,0,2,0,2,0,0,1,0,2,2,2,2,0,0,2,2
14,-5866.605,3986.393,219.579,55.672,0.563684,-0.825823,0.016662,0.825517,0.563929,0.022479,-0.027960,0.001084,0.999608,0,0.90136,1.00000,54.082,2.000,875.000,400.000,-1,400.000,-1,325.000,325.000,300.000,300.000,-1,-1,-1,-1,750.000,775.000,-1,-1,1,0,2,0,2,0,0,1,0,2,2,2,2,0,0,2,2
15,-5837.398,4032.544,217.973,57.672,0.534480,-0.844997,0.017657,0.844716,0.534762,0.022010,-0.028041,0.003151,0.999602,0,0.91028,1.00000,54.617,2.000,825.000,375.000,-1,400.000,-1,325.000,325.000,300.000,300.000,-1,-1,-1,-1,750.000,775.000,-1,-1,1,0,2,0,2,0,0,1,0,2,2,2,2,0,0,2,2
16,-5812.063,4075.437,216.591,59.432,0.508245,-0.861018,0.018319,0.860748,0.508555,0.022038,-0.028291,0.004567,0.999589,0,0.83028,0.88000,49.817,1.760,775.000,375.000,-1,400.000,-1,325.000,325.000,300.000,300.000,-1,-1,-1,-1,750.000,775.000,-1,-1,1,0,2,0,2,0,0,1,0,2,2,2,2,1,0,2,2
17,-5790.206,4114.791,215.367,60.952,0.485205,-0.874199,0.018748,0.873940,0.485534,0.022037,-0.028368,0.005692,0.999581,0,0.75028,0.76000,45.017,1.520,725.000,375.000,-1,400.000,-1,325.000,325.000,300.000,300.000,-1,-1,-1,-1,725.000,775.000,-1,-1,1,0,2,0,2,0,0,1,0,2,2,2,2,1,0,2,2
18,-5769.137,4154.805,214.191,62.232,0.465544,-0.884823,0.018906,0.884574,0.465882,0.021965,-0.028243,0.006498,0.999580,0,0.75369,0.64000,45.222,1.280,700.000,375.000,-1,400.000,-1,325.000,325.000,300.000,300.000,-1,-1,-1,-1,725.000,775.000,-1,-1,1,0,2,0,2,0,0,1,0,2,2,2,2,1,0,2,2
19,-5748.619,4195.553,213.002,63.272,0.449397,-0.893129,0.019065,0.892890,0.449743,0.021861,-0.028099,0.007199,0.999579,0,0.76037,0.52000,45.622,1.040,650.000,375.000,-1,400.000,-1,325.000,325.000,300.000,300.000,-1,-1,-1,-1,725.000,775.000,-1,-1,1,0,2,0,2,0,0,0,0,2,2,2,2,1,0,2,2
20,-5728.576,4236.778,211.802,64.072,0.436874,-0.899317,0.019226,0.899088,0.437227,0.021727,-0.027946,0.007794,0.999579,0,0.76399,0.40000,45.839,0.800,625.000,375.000,-1,400.000,-1,325.000,325.000,300.000,300.000,-1,-1,-1,-1,725.000,775.000,-1,-1,1,0,2,0,2,0,0,0,0,2,2,2,2,1,0,2,2
21,-5708.993,4278.079,210.600,64.632,0.428056,-0.903544,0.019390,0.903325,0.428415,0.021567,-0.027794,0.008283,0.999579,0,0.76182,0.28000,45.709,0.560,600.000,375.000,-1,400.000,-1,325.000,325.000,300.000,325.000,-1,-1,-1,-1,750.000,750.000,-1,-1,1,1,2,0,2,0,0,0,0,2,2,2,2,0,0,2,2
22,-5689.709,4319.344,209.395,64.952,0.422998,-0.905920,0.019555,0.905709,0.423361,0.021384,-0.027651,0.008666,0.999580,0,0.75913,0.16000,45.548,0.320,575.000,375.000,-1,400.000,-1,325.000,325.000,300.000,325.000,-1,-1,-1,-1,750.000,750.000,-1,-1,1,1,2,0,2,0,0,0,0,2,2,2,2,0,0,2,2
23,-5670.563,4360.462,208.188,65.032,0.421728,-0.906508,0.019722,0.906304,0.422095,0.021179,-0.027523,0.008942,0.999581,0,0.75595,0.04000,45.357,0.080,550.000,375.000,-1,400.000,-1,325.000,325.000,300.000,325.000,-1,-1,-1,-1,750.000,750.000,-1,-1,1,0,2,0,2,0,0,0,0,2,2,2,2,0,0,2,2
24,-5649.518,4405.331,206.816,64.872,0.424254,-0.905323,0.019990,0.905132,0.424623,0.020756,-0.027279,0.009288,0.999585,0,0.82599,-0.08000,49.559,-0.160,550.000,375.000,-1,400.000,-1,325.000,325.000,300.000,325.000,-1,-1,-1,-1,750.000,750.000,-1,-1,1,0,2,0,2,0,0,0,0,2,2,2,2,0,0,2,2
25,-5628.167,4450.040,205.425,64.472,0.430558,-0.902333,0.020367,0.902158,0.430931,0.020236,-0.027037,0.009661,0.999588,0,0.82576,-0.20000,49.546,-0.400,550.000,375.000,-1,400.000,-1,325.000,325.000,300.000,325.000,-1,-1,-1,-1,750.000,750.000,-1,-1,1,0,2,0,2,0,0,0,0,2,2,2,2,0,1,2,2
26,-5606.348,4494.444,204.064,63.832,0.440601,-0.897460,0.020898,0.897298,0.440982,0.019760,-0.026950,0.010045,0.999586,0,0.82459,-0.32000,49.475,-0.640,575.000,375.000,-1,400.000,-1,325.000,325.000,300.000,325.000,-1,-1,-1,-1,750.000,725.000,-1,975.000,1,0,2,0,2,0,0,0,0,2,2,2,2,0,1,2,1
27,-5583.927,4538.396,203.088,62.973,0.453995,-0.890726,0.022253,0.890635,0.454384,0.017430,-0.025637,0.011906,0.999600,0,0.82234,-0.42972,49.340,-0.859,650.000,400.000,-1,400.000,975.000,325.000,325.000,300.000,300.000,-1,-1,-1,-1,750.000,700.000,-1,925.000,1,0,2,0,1,0,0,0,0,2,2,2,2,0,1,2,1
28,-5560.959,4581.835,202.014,62.133,0.466994,-0.883952,0.023332,0.883918,0.467385,0.015514,-0.024618,0.013379,0.999607,0,0.81895,-0.42001,49.137,-0.840,-1,400.000,-1,400.000,925.000,325.000,325.000,325.000,300.000,-1,-1,-1,-1,775.000,700.000,-1,875.000,2,0,2,0,1,0,0,0,0,2,2,2,2,0,1,2,1
29,-5537.490,4624.724,200.619,61.312,0.479596,-0.877169,0.023695,0.877143,0.479990,0.015120,-0.024636,0.013532,0.999605,0,0.81484,-0.41011,48.890,-0.820,-1,400.000,-1,400.000,900.000,325.000,325.000,300.000,300.000,-1,-1,-1,-1,775.000,675.000,-1,850.000,2,0,2,0,1,0,0,1,0,2,2,2,2,0,1,2,1
30,-5513.566,4667.030,198.915,60.512,0.491800,-0.870394,0.023398,0.870329,0.492201,0.016302,-0.025706,0.012347,0.999593,0,0.81003,-0.40009,48.602,-0.800,-1,400.000,-1,400.000,850.000,325.000,325.000,275.000,300.000,-1,-1,-1,-1,750.000,650.000,-1,800.000,2,0,2,0,1,0,0,1,0,2,2,2,2,0,1,2,1
31,-5489.234,4708.722,197.360,59.732,0.503604,-0.863624,0.023173,0.863523,0.504011,0.017364,-0.026675,0.011266,0.999581,0,0.80456,-0.39001,48.274,-0.780,-1,400.000,-1,400.000,800.000,325.000,325.000,275.000,300.000,-1,-1,-1,-1,750.000,625.000,-1,750.000,2,0,2,0,1,0,0,1,0,2,2,2,2,0,1,2,1
32,-5464.536,4749.775,196.062,58.968,0.515072,-0.856827,0.023425,0.856728,0.515483,0.017193,-0.026807,0.011213,0.999578,0,0.79849,-0.38202,47.910,-0.764,-1,375.000,-1,400.000,750.000,325.000,325.000,250.000,300.000,-1,-1,-1,-1,750.000,600.000,-1,700.000,2,0,2,0,1,0,0,1,0,2,2,2,2,0,1,2,1
33,-5439.504,4790.161,194.811,58.209,0.526386,-0.849920,0.023530,0.849823,0.526795,0.016961,-0.026811,0.011068,0.999579,0,0.79190,-0.37972,47.514,-0.759,-1,375.000,-1,375.000,700.000,325.000,325.000,250.000,300.000,-1,-1,-1,-1,750.000,575.000,-1,650.000,2,0,2,0,1,0,0,1,0,2,2,2,2,0,1,2,1
34,-5414.171,4829.855,193.609,57.453,0.537557,-0.842901,0.023474,0.842805,0.537960,0.016671,-0.026680,0.010822,0.999585,0,0.78482,-0.37785,47.089,-0.756,-1,375.000,-1,375.000,650.000,325.000,325.000,250.000,300.000,-1,-1,-1,-1,750.000,550.000,-1,600.000,2,0,2,1,1,0,0,1,0,2,2,2,2,0,1,2,1
35,-5385.499,4873.103,192.292,56.457,0.552133,-0.833428,0.023390,0.833335,0.552528,0.016307,-0.026514,0.010488,0.999593,0,0.86482,-0.49785,51.889,-0.996,-1,375.000,-1,375.000,600.000,325.000,325.000,225.000,300.000,950.000,-1,-1,-1,750.000,525.000,-1,575.000,2,0,2,1,1,0,0,1,0,1,2,2,2,0,1,2,1
36,-5353.163,4919.666,190.864,55.222,0.569990,-0.821322,0.023267,0.821231,0.570375,0.015851,-0.026290,0.010072,0.999604,0,0.94482,-0.61785,56.689,-1.236,-1,375.000,-1,350.000,550.000,325.000,325.000,250.000,300.000,875.000,-1,-1,-1,750.000,500.000,-1,525.000,2,0,2,1,1,0,0,1,0,1,2,2,2,0,1,2,1
37,-5319.118,4966.285,189.421,53.860,0.589353,-0.807545,0.023102,0.807457,0.589727,0.015324,-0.025998,0.009623,0.999616,0,0.96213,-0.68058,57.728,-1.361,-1,375.000,-1,325.000,500.000,325.000,300.000,250.000,300.000,850.000,-1,-1,-1,750.000,475.000,-1,475.000,2,0,2,1,1,0,1,1,0,1,2,2,2,0,1,2,1
38,-5284.379,5011.556,188.609,52.499,0.608461,-0.793321,0.020400,0.793218,0.608760,0.014693,-0.024075,0.007242,0.999684,0,0.95106,-0.68073,57.064,-1.361,-1,400.000,-1,325.000,475.000,325.000,300.000,250.000,325.000,850.000,-1,-1,-1,750.000,450.000,-1,425.000,2,0,2,1,1,0,1,1,0,1,2,2,2,0,1,2,1
39,-5248.980,5055.483,188.816,51.136,0.627229,-0.778625,0.018099,0.778514,0.627468,0.014129,-0.022357,0.005228,0.999736,0,0.94025,-0.68157,56.415,-1.363,-1,400.000,-1,300.000,425.000,325.000,275.000,275.000,325.000,850.000,-1,-1,-1,725.000,425.000,-1,400.000,2,0,2,1,1,1,1,1,0,1,2,2,2,1,1,2,1
40,-5212.943,5098.080,188.887,49.770,0.645751,-0.763454,0.012007,0.763331,0.645862,0.013724,-0.018232,0.000303,0.999834,0,0.92993,-0.68308,55.796,-1.366,-1,400.000,-1,300.000,400.000,300.000,275.000,300.000,350.000,825.000,-1,-1,-1,725.000,400.000,-1,375.000,2,0,2,1,1,1,1,1,0,1,2,2,2,1,1,2,1
41,-5172.924,5142.784,188.784,48.163,0.667035,-0.745025,0.001206,0.744944,0.666984,0.013817,-0.011098,-0.008318,0.999904,0,1.00000,-0.80308,60.000,-1.606,-1,400.000,-1,275.000,400.000,300.000,250.000,300.000,350.000,750.000,600.000,675.000,-1,750.000,375.000,-1,350.000,2,1,2,1,1,1,1,0,0,1,0,0,2,1,1,2,1
42,-5131.487,5186.177,189.119,46.320,0.690668,-0.723099,-0.010283,0.723163,0.690518,0.014798,-0.003599,-0.017657,0.999838,0,1.00000,-0.92158,60.000,-1.843,-1,375.000,-1,250.000,375.000,275.000,250.000,300.000,375.000,525.000,325.000,450.000,-1,800.000,350.000,-1,325.000,2,1,2,1,1,1,1,0,0,1,0,0,2,1,1,2,1
43,-5088.675,5228.214,190.010,44.474,0.713479,-0.700334,-0.021907,0.700665,0.713300,0.016492,0.004077,-0.027116,0.999624,0,1.00000,-0.92291,60.000,-1.846,-1,375.000,-1,250.000,375.000,275.000,225.000,300.000,400.000,450.000,250.000,350.000,-1,850.000,325.000,-1,300.000,2,1,2,1,1,1,1,0,0,1,0,0,2,0,1,2,1
44,-5044.530,5268.850,191.223,42.626,0.735409,-0.676733,-0.034726,0.677505,0.735271,0.019033,0.012653,-0.037524,0.999216,0,1.00000,-0.92423,60.000,-1.848,-1,350.000,-1,225.000,375.000,250.000,200.000,275.000,450.000,400.000,175.000,300.000,-1,900.000,325.000,-1,300.000,2,1,2,1,1,1,1,0,0,1,0,0,2,0,1,2,1
45,-4999.095,5308.039,192.743,40.775,0.756393,-0.652309,-0.048605,0.653745,0.756379,0.022533,0.022065,-0.048819,0.998564,0,1.00000,-0.92560,60.000,-1.851,-1,350.000,-1,225.000,375.000,250.000,200.000,275.000,475.000,400.000,125.000,275.000,-1,950.000,300.000,-1,275.000,2,1,2,1,1,1,1,0,0,1,0,0,2,0,1,2,1
46,4263.561,2951.656,49.642,-163.525,-0.952939,0.282267,0.110601,-0.290569,-0.954459,-0.067654,0.086467,-0.096607,0.991560,1,0.00000,0.00000,60.000,-1.854,-1,375.000,-1,525.000,-1,325.000,375.000,400.000,475.000,-1,0.000,0.000,525.000,775.000,-1,-1,-1,2,0,2,0,2,0,0,1,0,2,1,1,1,0,2,2,2
47,4258.964,2950.277,49.918,-163.285,-0.951780,0.286299,0.110217,-0.294430,-0.953388,-0.066040,0.086173,-0.095307,0.991711,0,0.08000,0.12000,4.800,0.240,-1,375.000,-1,525.000,-1,325.000,375.000,400.000,475.000,-1,0.000,0.000,550.000,775.000,-1,-1,-1,2,0,2,0,2,0,0,1,0,2,1,1,1,0,2,2,2
48,4249.792,2947.441,50.461,-162.805,-0.949410,0.294347,0.109459,-0.302145,-0.951187,-0.062858,0.085614,-0.092750,0.992002,0,0.16000,0.24000,9.600,0.480,-1,375.000,-1,525.000,-1,325.000,375.000,400.000,450.000,-1,0.000,0.000,550.000,775.000,-1,-1,-1,2,0,2,0,2,0,0,1,0,2,1,1,1,0,2,2,2
49,4236.090,2943.015,51.258,-162.085,-0.945725,0.306382,0.108325,-0.313698,-0.947738,-0.058185,0.084837,-0.089008,0.992411,0,0.24000,0.36000,14.400,0.720,-1,375.000,-1,525.000,-1,325.000,375.000,375.000,450.000,-1,0.000,0.000,550.000,775.000,-1,-1,-1,2,0,2,0,2,0,0,1,0,2,1,1,1,0,2,2,2
50,4217.922,2936.808,52.290,-161.125,-0.940575,0.322353,0.106803,-0.329059,-0.942869,-0.052134,0.083895,-0.084180,0.992913,0,0.32000,0.48000,19.200,0.960,-1,400.000,-1,525.000,-1,325.000,375.000,350.000,450.000,-1,0.000,0.000,575.000,800.000,-1,-1,-1,2,0,2,0,2,0,0,1,0,2,1,1,1,0,2,2,2
51,4195.356,2928.638,53.474,-160.089,-0.934723,0.339501,0.105033,-0.345535,-0.937310,-0.045335,0.083057,-0.078668,0.993435,0,0.40000,0.51798,24.000,1.036,-1,400.000,-1,500.000,-1,350.000,375.000,325.000,425.000,-1,0.000,0.000,575.000,800.000,-1,-1,-1,2,0,2,0,2,0,0,1,0,2,1,1,1,0,2,2,2
52,4168.458,2918.348,54.805,-159.057,-0.928605,0.356496,0.102974,-0.361819,-0.931470,-0.038077,0.082343,-0.072617,0.993955,0,0.48000,0.51614,28.800,1.032,-1,400.000,-1,500.000,-1,350.000,375.000,250.000,400.000,-1,0.000,0.000,600.000,800.000,-1,-1,-1,2,0,2,0,2,0,0,1,0,2,1,1,1,0,2,2,2
53,4137.297,2905.781,56.349,-158.029,-0.922255,0.373321,0.100382,-0.377881,-0.925356,-0.030362,0.081555,-0.065934,0.994486,0,0.56000,0.51391,33.600,1.028,-1,400.000,-1,500.000,-1,350.000,375.000,200.000,400.000,-1,0.000,0.000,600.000,825.000,-1,-1,-1,2,0,2,0,2,0,0,1,0,2,1,1,1,0,2,2,2
54,4101.946,2890.785,58.202,-157.007,-0.915720,0.389957,0.096902,-0.393690,-0.918976,-0.022173,0.080404,-0.058453,0.995047,0,0.64000,0.51126,38.400,1.023,-1,400.000,-1,500.000,-1,350.000,375.000,200.000,375.000,-1,0.000,0.000,625.000,825.000,-1,-1,-1,2,0,2,0,2,0,0,0,0,2,1,1,1,0,2,2,2
55,4062.484,2873.211,60.647,-155.990,-0.909077,0.406372,0.091876,-0.409253,-0.912311,-0.014197,0.078050,-0.050506,0.995669,0,0.72000,0.50816,43.200,1.016,-1,400.000,-1,475.000,-1,350.000,350.000,200.000,375.000,-1,0.000,0.000,650.000,850.000,-1,-1,-1,2,0,2,0,2,0,0,0,0,2,1,1,1,0,2,2,2
56,4019.304,2853.061,64.333,-154.981,-0.902448,0.422512,0.084092,-0.424675,-0.905302,-0.008871,0.072381,-0.043718,0.996418,0,0.79418,0.50456,47.651,1.009,-1,400.000,-1,475.000,-1,350.000,350.000,225.000,350.000,-1,0.000,0.000,700.000,825.000,-1,-1,-1,2,0,2,0,2,0,0,0,0,2,1,1,1,0,2,2,2
57,3976.531,2832.183,68.213,-153.980,-0.895695,0.438406,0.074372,-0.439824,-0.898079,-0.003020,0.065468,-0.035416,0.997226,0,0.79329,0.50047,47.598,1.001,-1,400.000,-1,450.000,-1,325.000,350.000,250.000,350.000,-1,0.000,0.000,750.000,825.000,-1,-1,-1,2,0,2,0,2,0,0,0,0,2,1,0,1,0,2,2,2
58,3938.325,2812.901,71.950,-153.219,-0.890517,0.450417,0.064062,-0.451200,-0.892419,0.002481,0.058288,-0.026695,0.997943,0,0.71329,0.38047,42.798,0.761,-1,400.000,-1,425.000,-1,325.000,350.000,250.000,325.000,-1,0.000,0.000,800.000,800.000,975.000,-1,-1,2,0,2,0,2,0,0,0,0,2,0,0,1,0,0,2,2
59,3904.561,2795.474,75.533,-152.698,-0.887026,0.458602,0.053568,-0.458886,-0.888463,0.007602,0.051079,-0.017839,0.998535,0,0.63329,0.26047,37.998,0.521,-1,400.000,-1,425.000,-1,325.000,325.000,275.000,325.000,-1,175.000,150.000,825.000,800.000,900.000,-1,-1,2,0,2,0,2,0,0,0,0,2,1,1,1,0,0,2,2
60,3875.137,2780.103,78.910,-152.417,-0.885301,0.463008,0.043188,-0.462931,-0.886308,0.012376,0.044008,-0.009037,0.998990,0,0.55329,0.14047,33.198,0.281,-1,400.000,-1,400.000,-1,325.000,325.000,300.000,325.000,-1,350.000,300.000,875.000,775.000,825.000,-1,-1,2,0,2,0,2,0,0,1,0,2,1,1,1,0,0,2,2
61,3849.977,2766.936,81.609,-152.376,-0.885314,0.463659,0.035201,-0.463389,-0.886011,0.015965,0.038591,-0.002178,0.999253,0,0.47329,0.02047,28.398,0.041,-1,400.000,-1,400.000,-1,325.000,325.000,325.000,300.000,-1,475.000,400.000,900.000,775.000,800.000,-1,-1,2,0,2,0,2,0,0,1,0,2,1,1,1,0,0,2,2
62,3829.031,2756.067,82.492,-152.576,-0.886928,0.460578,0.035025,-0.460301,-0.887617,0.016089,0.038499,-0.001853,0.999257,0,0.39329,-0.09953,23.598,-0.199,-1,400.000,-1,400.000,-1,325.000,325.000,325.000,300.000,-1,500.000,425.000,900.000,775.000,800.000,-1,-1,2,0,2,0,2,0,0,1,0,2,1,1,1,0,0,2,2
63,3812.280,2747.538,83.199,-153.015,-0.890439,0.453763,0.034894,-0.453476,-0.891121,0.016187,0.038440,-0.001410,0.999260,0,0.31329,-0.21953,18.798,-0.439,-1,400.000,-1,400.000,-1,325.000,325.000,350.000,300.000,-1,525.000,450.000,925.000,775.000,800.000,-1,-1,2,0,2,0,2,0,0,1,0,2,1,1,1,0,0,2,2
64,3799.732,2741.335,83.729,-153.694,-0.895762,0.443170,0.034806,-0.442872,-0.896437,0.016264,0.038409,-0.000846,0.999262,0,0.23329,-0.33953,13.998,-0.679,-1,400.000,-1,400.000,-1,325.000,325.000,350.000,300.000,-1,575.000,475.000,925.000,775.000,800.000,-1,-1,2,0,2,0,2,0,0,1,0,2,1,1,1,0,0,2,2
65,3791.423,2737.391,84.080,-154.613,-0.902762,0.428734,0.034762,-0.428424,-0.903431,0.016319,0.038402,-0.000160,0.999262,0,0.15329,-0.45953,9.198,-0.919,-1,400.000,-1,400.000,-1,325.000,325.000,350.000,300.000,-1,600.000,475.000,925.000,775.000,800.000,-1,-1,2,0,2,0,2,0,0,1,0,2,1,1,1,0,0,2,2
66,3787.413,2735.587,84.244,-155.772,-0.911256,0.410372,0.034752,-0.410048,-0.911918,0.016308,0.038383,0.000611,0.999263,0,0.07329,-0.57953,4.398,-1.159,-1,400.000,-1,400.000,-1,325.000,325.000,350.000,300.000,-1,625.000,500.000,950.000,775.000,800.000,-1,-1,2,0,2,0,2,0,0,1,0,2,1,1,1,0,0,2,2
67,3787.783,2735.743,84.225,-157.034,-0.920079,0.390185,0.034777,-0.389849,-0.920735,0.016253,0.038362,0.001396,0.999263,0,-0.00671,-0.63108,-0.402,-1.262,-1,400.000,-1,400.000,-1,325.000,325.000,350.000,300.000,-1,650.000,500.000,950.000,775.000,800.000,-1,-1,2,0,2,0,2,0,0,1,0,2,1,1,1,0,0,2,2
68,3792.617,2737.667,84.032,-158.296,-0.928454,0.369809,0.034851,-0.369461,-0.929105,0.016199,0.038370,0.002164,0.999261,0,-0.08671,-0.63107,-5.202,-1.262,-1,400.000,-1,400.000,-1,325.000,325.000,350.000,300.000,-1,675.000,500.000,925.000,775.000,800.000,-1,-1,2,0,2,0,2,0,0,1,0,2,1,1,1,0,0,2,2
69,3801.990,2741.161,83.668,-159.558,-0.936375,0.349254,0.034975,-0.348893,-0.937023,0.016140,0.038409,0.002911,0.999258,0,-0.16671,-0.63105,-10.002,-1.262,-1,400.000,-1,400.000,-1,325.000,325.000,350.000,300.000,-1,700.000,525.000,925.000,775.000,800.000,-1,-1,2,0,2,0,2,0,0,1,0,2,1,1,1,0,0,2,2
70,3815.970,2746.024,83.134,-160.820,-0.943838,0.328532,0.035152,-0.328159,-0.944486,0.016073,0.038481,0.003635,0.999253,0,-0.24671,-0.63098,-14.802,-1.262,-1,400.000,-1,400.000,-1,325.000,325.000,350.000,300.000,-1,750.000,525.000,925.000,775.000,800.000,-1,-1,2,0,2,0,2,0,0,1,0,2,1,1,1,0,0,2,2
71,3834.622,2752.055,82.430,-162.081,-0.950837,0.307663,0.035385,-0.307278,-0.951485,0.015984,0.038586,0.004325,0.999246,0,-0.32671,-0.63061,-19.602,-1.261,-1,400.000,-1,400.000,-1,325.000,325.000,350.000,300.000,-1,775.000,525.000,900.000,775.000,800.000,-1,-1,2,0,2,0,2,0,0,1,0,2,1,1,1,0,0,2,2
72,3858.000,2759.052,81.538,-163.338,-0.957350,0.286726,0.035631,-0.286334,-0.958000,0.015761,0.038654,0.004887,0.999241,0,-0.40671,-0.62820,-24.402,-1.256,-1,400.000,-1,400.000,-1,325.000,325.000,350.000,300.000,-1,825.000,525.000,875.000,775.000,800.000,-1,-1,2,0,2,0,2,0,0,1,0,2,1,1,1,0,0,2,2
73,3885.216,2766.554,80.298,-164.588,-0.963338,0.265754,0.036798,-0.265378,-0.964030,0.014837,0.039418,0.004528,0.999213,0,-0.47052,-0.62517,-28.231,-1.250,-1,400.000,-1,400.000,-1,325.000,325.000,350.000,300.000,-1,850.000,500.000,850.000,775.000,825.000,-1,-1,2,0,2,0,2,0,0,1,0,2,1,1,1,0,0,2,2
74,3912.747,2773.506,76.626,-165.831,-0.968394,0.244772,0.047954,-0.244760,-0.969564,0.006228,0.048019,-0.005706,0.998830,0,-0.47327,-0.62164,-28.396,-1.243,-1,400.000,-1,425.000,-1,325.000,325.000,300.000,325.000,-1,725.000,300.000,825.000,800.000,875.000,-1,-1,2,0,2,0,2,0,0,1,0,2,1,1,1,0,0,2,2
75,3940.582,2779.898,72.913,-167.068,-0.972859,0.223773,0.058907,-0.224334,-0.974508,-0.003003,0.056734,-0.016137,0.998259,0,-0.47601,-0.61808,-28.561,-1.236,-1,400.000,-1,425.000,-1,325.000,350.000,275.000,325.000,-1,0.000,0.000,800.000,800.000,975.000,-1,-1,2,0,2,0,2,0,0,1,0,2,1,0,1,0,0,2,2
76,3968.710,2785.724,69.135,-168.297,-0.976748,0.202774,0.069617,-0.204128,-0.978860,-0.012836,0.065542,-0.026748,0.997491,0,-0.47876,-0.61448,-28.726,-1.229,-1,400.000,-1,450.000,-1,325.000,350.000,225.000,350.000,-1,0.000,0.000,750.000,825.000,-1,-1,-1,2,0,2,0,2,0,0,0,0,2,1,1,1,0,2,2,2
77,3997.117,2790.978,65.260,-169.518,-0.980092,0.181795,0.079812,-0.184158,-0.982622,-0.023256,0.074197,-0.037491,0.996539,0,-0.48151,-0.61085,-28.891,-1.222,-1,400.000,-1,475.000,-1,350.000,350.000,225.000,350.000,-1,0.000,0.000,725.000,850.000,-1,-1,-1,2,0,2,0,2,0,0,0,0,2,1,1,1,0,2,2,2
78,4025.791,2795.653,61.597,-170.733,-0.982948,0.160845,0.089119,-0.164522,-0.985733,-0.035530,0.082133,-0.049586,0.995387,0,-0.48425,-0.60718,-29.055,-1.214,-1,400.000,-1,500.000,-1,350.000,375.000,200.000,375.000,-1,0.000,0.000,700.000,850.000,-1,-1,-1,2,0,2,0,2,0,0,0,0,2,1,1,1,0,2,2,2
79,4054.720,2799.745,57.850,-171.940,-0.985272,0.139948,0.098252,-0.145200,-0.988214,-0.048476,0.090310,-0.062028,0.993980,0,-0.48697,-0.60348,-29.218,-1.207,-1,400.000,-1,525.000,-1,350.000,375.000,175.000,400.000,-1,0.000,0.000,650.000,875.000,-1,-1,-1,2,0,2,0,2,0,0,0,0,2,1,1,1,0,2,2,2
80,4083.888,2803.249,54.006,-173.139,-0.987072,0.119125,0.107230,-0.126233,-0.990054,-0.062112,0.098765,-0.074845,0.992292,0,-0.48968,-0.59975,-29.381,-1.199,-1,400.000,-1,550.000,-1,350.000,400.000,150.000,425.000,-1,775.000,0.000,625.000,875.000,-1,-1,-1,2,0,2,0,2,0,0,0,0,2,1,1,1,0,2,2,2
81,4113.283,2806.159,50.050,-174.331,-0.988355,0.098397,0.116072,-0.107664,-0.991243,-0.076460,0.107532,-0.088066,0.990294,0,-0.49235,-0.59599,-29.541,-1.192,-1,400.000,-1,575.000,-1,350.000,400.000,125.000,450.000,-1,800.000,0.000,600.000,900.000,-1,-1,-1,2,0,2,0,2,0,0,0,0,2,1,1,1,0,2,2,2
82,4142.890,2808.471,45.969,-175.515,-0.989129,0.077785,0.124792,-0.089542,-0.991767,-0.091544,0.116644,-0.101723,0.987951,0,-0.49500,-0.59220,-29.700,-1.184,-1,400.000,-1,625.000,-1,375.000,425.000,125.000,475.000,-1,825.000,0.000,575.000,925.000,-1,-1,-1,2,0,2,0,2,0,0,0,0,2,1,1,1,0,2,2,2
83,4172.693,2810.181,41.748,-176.692,-0.989403,0.057312,0.133404,-0.071920,-0.991612,-0.107392,0.126130,-0.115848,0.985226,0,-0.49760,-0.58838,-29.856,-1.177,-1,425.000,-1,675.000,-1,375.000,425.000,100.000,500.000,-1,850.000,0.000,525.000,950.000,-1,-1,-1,2,0,2,0,2,0,0,0,0,2,1,1,1,0,2,2,2
84,4202.676,2811.287,37.373,-177.861,-0.989187,0.037000,0.141914,-0.054853,-0.990761,-0.124029,0.136014,-0.130472,0.982078,0,-0.50014,-0.58455,-30.009,-1.169,-1,425.000,-1,725.000,-1,375.000,450.000,75.000,550.000,-1,900.000,0.000,500.000,950.000,-1,-1,-1,2,0,2,0,2,0,0,0,0,2,1,1,1,0,2,2,2
85,4227.876,2811.805,33.592,-178.790,-0.988609,0.020893,0.149049,-0.041791,-0.989482,-0.138487,0.144588,-0.143138,0.979084,0,-0.42014,-0.46455,-25.209,-0.929,0.000,425.000,-1,775.000,-1,375.000,450.000,75.000,575.000,-1,925.000,0.000,475.000,975.000,-1,0.000,-1,0,0,2,0,2,0,0,0,0,2,1,1,1,0,2,0,2
86,-6231.278,-4919.496,166.217,-55.815,0.574547,0.818422,0.009046,-0.795618,0.555877,0.240818,0.192062,-0.145558,0.970528,1,0.00000,0.00000,-20.409,-0.689,0.000,500.000,-1,625.000,-1,475.000,525.000,100.000,525.000,-1,225.000,0.000,350.000,-1,950.000,0.000,-1,0,0,2,1,2,0,1,1,0,2,1,1,0,2,1,0,2
87,-2946.896,-8199.259,282.649,-1.428,0.999492,0.024899,-0.019884,-0.025717,0.998786,-0.042017,0.018813,0.042507,0.998919,1,0.08000,0.12000,4.800,0.240,-1,400.000,-1,400.000,-1,325.000,325.000,300.000,300.000,675.000,525.000,-1,-1,775.000,800.000,-1,-1,2,0,2,0,2,0,0,0,0,1,1,2,2,0,0,2,2
88,-2937.297,-8199.442,282.835,-1.096,0.999623,0.019102,-0.019716,-0.019919,0.998915,-0.042084,0.018890,0.042461,0.998920,0,0.16000,0.16626,9.600,0.333,-1,400.000,-1,400.000,-1,325.000,325.000,300.000,300.000,700.000,525.000,-1,-1,775.000,800.000,-1,-1,2,0,2,0,2,0,0,0,0,1,1,2,2,0,0,2,2
89,-2922.899,-8199.636,283.116,-0.769,0.999721,0.013410,-0.019460,-0.014221,0.999009,-0.042179,0.018875,0.042444,0.998921,0,0.24000,0.16325,14.400,0.326,-1,400.000,-1,400.000,-1,325.000,325.000,300.000,300.000,700.000,550.000,-1,-1,775.000,800.000,-1,-1,2,0,2,0,2,0,0,0,0,1,1,2,2,0,0,2,2
90,-2903.700,-8199.787,283.495,-0.452,0.999786,0.007874,-0.019116,-0.008677,0.999067,-0.042301,0.018765,0.042458,0.998922,0,0.32000,0.15874,19.200,0.317,-1,400.000,-1,400.000,-1,325.000,325.000,300.000,300.000,725.000,600.000,-1,-1,775.000,800.000,-1,-1,2,0,2,0,2,0,0,0,0,1,1,2,2,0,0,2,2
91,-2879.700,-8199.848,283.974,-0.146,0.999822,0.002548,-0.018686,-0.003340,0.999093,-0.042448,0.018560,0.042503,0.998924,0,0.40000,0.15271,24.000,0.305,-1,400.000,-1,400.000,-1,325.000,325.000,300.000,300.000,725.000,650.000,-1,-1,775.000,775.000,-1,-1,2,0,2,0,2,0,0,0,0,1,1,2,2,0,0,2,2
92,-2850.900,-8199.776,284.555,0.144,0.999832,-0.002514,-0.018167,0.001738,0.999090,-0.042619,0.018258,0.042581,0.998926,0,0.48000,0.14516,28.800,0.290,-1,400.000,-1,400.000,-1,325.000,325.000,300.000,300.000,750.000,700.000,-1,-1,775.000,775.000,-1,-1,2,0,2,0,2,0,0,0,0,1,1,2,2,0,0,2,2
93,-2817.301,-8199.532,285.239,0.416,0.999819,-0.007258,-0.017562,0.006501,0.999062,-0.042814,0.017856,0.042692,0.998929,0,0.56000,0.13604,33.600,0.272,-1,400.000,-1,400.000,-1,325.000,325.000,300.000,300.000,775.000,775.000,-1,-1,775.000,775.000,-1,-1,2,0,2,0,2,0,0,0,0,1,1,2,2,0,0,2,2
94,-2778.903,-8199.085,286.027,0.667,0.999790,-0.011629,-0.016869,0.010894,0.999014,-0.043032,0.017352,0.042839,0.998931,0,0.64000,0.12532,38.400,0.251,-1,400.000,-1,400.000,-1,325.000,325.000,300.000,300.000,800.000,850.000,-1,-1,775.000,775.000,-1,-1,2,0,2,0,2,0,0,0,0,1,1,2,2,0,0,2,2
95,-2735.709,-8198.411,286.920,0.893,0.999749,-0.015568,-0.016088,0.014859,0.998953,-0.043272,0.016744,0.043023,0.998934,0,0.72000,0.11297,43.200,0.226,-1,400.000,-1,400.000,-1,325.000,325.000,300.000,300.000,825.000,975.000,-1,-1,750.000,775.000,-1,-1,2,0,2,0,2,0,0,0,0,1,1,2,2,0,0,2,2
96,-2690.719,-8197.555,287.858,1.091,0.999702,-0.019017,-0.015273,0.018337,0.998884,-0.043520,0.016083,0.043227,0.998936,0,0.74997,0.09893,44.998,0.198,-1,400.000,-1,400.000,-1,325.000,325.000,300.000,300.000,825.000,-1,-1,-1,750.000,775.000,-1,-1,2,0,2,0,2,0,0,0,0,1,2,2,2,0,0,2,2
97,-2645.335,-8196.557,288.810,1.259,0.999655,-0.021951,-0.014449,0.021300,0.998815,-0.043767,0.015393,0.043444,0.998937,0,0.75657,0.08415,45.394,0.168,-1,400.000,-1,400.000,-1,325.000,325.000,300.000,300.000,850.000,-1,-1,-1,750.000,775.000,-1,-1,2,0,2,0,2,0,0,0,0,1,2,2,2,0,0,2,2
98,-2599.539,-8195.440,289.590,1.397,0.999603,-0.024359,-0.014161,0.023714,0.998747,-0.044062,0.015217,0.043709,0.998928,0,0.76350,0.06908,45.810,0.138,-1,400.000,-1,400.000,-1,325.000,325.000,300.000,300.000,850.000,-1,-1,-1,750.000,775.000,-1,-1,2,0,2,0,2,0,0,0,0,1,2,2,2,0,0,2,2
99,-2553.310,-8194.226,290.295,1.505,0.999556,-0.026231,-0.014153,0.025583,0.998694,-0.044217,0.015295,0.043835,0.998922,0,0.77075,0.05370,46.245,0.107,-1,400.000,-1,400.000,-1,325.000,325.000,300.000,300.000,875.000,-1,-1,-1,750.000,775.000,-1,-1,2,0,2,0,2,0,0,0,0,1,2,2,2,0,0,2,2
100,-2506.627,-8192.938,291.011,1.581,0.999520,-0.027557,-0.014146,0.026905,0.998653,-0.044374,0.015350,0.043972,0.998915,0,0.77834,0.03802,46.701,0.076,-1,400.000,-1,400.000,-1,325.000,325.000,300.000,300.000,900.000,-1,-1,-1,750.000,775.000,-1,-1,2,0,2,0,2,0,0,0,0,1,2,2,2,0,0,2,2
101,-2459.469,-8191.600,291.736,1.625,0.999499,-0.028324,-0.014140,0.027669,0.998625,-0.044535,0.015382,0.044121,0.998908,0,0.78629,0.02202,47.177,0.044,-1,400.000,-1,400.000,-1,325.000,325.000,300.000,300.000,900.000,-1,-1,-1,750.000,775.000,-1,-1,2,0,2,0,2,0,0,0,0,1,2,2,2,0,0,2,2
102,-2411.812,-8190.239,292.470,1.636,0.999493,-0.028522,-0.014135,0.027865,0.998612,-0.044699,0.015390,0.044282,0.998901,0,0.79460,0.00569,47.676,0.011,-1,400.000,-1,400.000,-1,325.000,325.000,300.000,300.000,925.000,-1,-1,-1,725.000,750.000,-1,-1,2,0,2,0,2,0,0,0,0,1,2,2,2,0,0,2,2
103,-2363.634,-8188.881,293.210,1.614,0.999504,-0.028140,-0.014130,0.027480,0.998615,-0.044866,0.015373,0.044456,0.998893,0,0.80328,-0.01097,48.197,-0.022,-1,400.000,-1,400.000,-1,325.000,325.000,300.000,300.000,950.000,-1,-1,-1,725.000,750.000,-1,-1,2,0,2,0,2,0,0,0,0,1,2,2,2,0,0,2,2
104,-2314.911,-8187.556,293.958,1.558,0.999531,-0.027164,-0.014126,0.026503,0.998634,-0.045037,0.015331,0.044642,0.998885,0,0.81235,-0.02798,48.741,-0.056,-1,400.000,-1,400.000,-1,325.000,325.000,300.000,300.000,975.000,-1,-1,-1,725.000,750.000,-1,-1,2,0,2,0,2,0,0,0,0,1,2,2,2,0,0,2,2
105,-2265.618,-8186.293,294.711,1.467,0.999573,-0.025583,-0.014124,0.024921,0.998667,-0.045212,0.015262,0.044840,0.998878,0,0.82182,-0.04534,49.309,-0.091,-1,400.000,-1,400.000,-1,325.000,325.000,300.000,300.000,1000.000,-1,-1,-1,725.000,750.000,-1,-1,2,0,2,0,2,0,0,0,0,1,2,2,2,0,0,2,2
106,-2215.730,-8185.125,295.468,1.341,0.999627,-0.023384,-0.014122,0.022722,0.998711,-0.045388,0.015165,0.045051,0.998870,0,0.83169,-0.06308,49.902,-0.126,-1,400.000,-1,400.000,-1,325.000,325.000,300.000,300.000,-1,-1,-1,-1,725.000,750.000,-1,-1,2,0,2,0,2,0,0,0,0,2,2,2,2,0,0,2,2
107,-2165.222,-8184.085,296.229,1.179,0.999689,-0.020554,-0.014120,0.019891,0.998763,-0.045568,0.015039,0.045272,0.998861,0,0.84199,-0.08119,50.519,-0.162,-1,400.000,-1,400.000,-1,325.000,325.000,300.000,300.000,-1,-1,-1,-1,725.000,750.000,-1,-1,2,0,2,0,2,0,0,0,0,2,2,2,2,0,0,2,2
108,-2114.066,-8183.210,296.991,0.980,0.999754,-0.017078,-0.014119,0.016416,0.998818,-0.045748,0.014884,0.045505,0.998853,0,0.85272,-0.09968,51.163,-0.199,-1,375.000,-1,400.000,-1,325.000,325.000,300.000,300.000,-1,-1,-1,-1,725.000,750.000,-1,-1,2,0,2,0,2,0,0,0,0,2,2,2,2,0,0,2,2
109,-2062.657,-8182.524,297.748,0.765,0.999811,-0.013335,-0.014118,0.012673,0.998864,-0.045929,0.014715,0.045741,0.998845,0,0.85690,-0.10736,51.414,-0.215,-1,375.000,-1,400.000,-1,325.000,325.000,300.000,300.000,-1,-1,-1,-1,700.000,750.000,-1,-1,2,0,2,0,2,0,0,0,0,2,2,2,2,0,0,2,2
110,-2011.038,-8182.039,298.499,0.538,0.999856,-0.009373,-0.014117,0.008713,0.998898,-0.046109,0.014534,0.045979,0.998837,0,0.86034,-0.11361,51.621,-0.227,-1,375.000,-1,400.000,-1,325.000,325.000,300.000,300.000,-1,-1,-1,-1,700.000,750.000,-1,-1,2,0,2,0,2,0,0,0,0,2,2,2,2,0,0,2,2
111,-1959.197,-8181.770,299.262,0.298,0.999886,-0.005189,-0.014184,0.004527,0.998916,-0.046336,0.014409,0.046266,0.998825,0,0.86403,-0.11999,51.842,-0.240,-1,375.000,-1,400.000,-1,325.000,325.000,300.000,300.000,-1,-1,-1,-1,700.000,750.000,-1,-1,2,0,2,0,2,0,0,0,0,2,2,2,2,0,0,2,2
112,-1908.672,-8181.507,300.193,0.298,0.999876,-0.005189,-0.014845,0.004487,0.998885,-0.046989,0.015072,0.046916,0.998785,0,0.84210,0.00001,50.526,0.000,-1,375.000,-1,400.000,-1,325.000,325.000,300.000,300.000,-1,-1,-1,-1,700.000,750.000,-1,-1,2,0,2,0,2,0,0,0,0,2,2,2,2,0,0,2,2
113,-1857.908,-8181.030,301.137,0.538,0.999836,-0.009373,-0.015502,0.008625,0.998827,-0.047647,0.015930,0.047505,0.998744,0,0.84612,0.12001,50.767,0.240,-1,375.000,-1,400.000,-1,325.000,325.000,300.000,300.000,-1,-1,-1,-1,700.000,775.000,-1,-1,2,0,2,0,2,0,0,0,0,2,2,2,2,0,0,2,2
114,-1806.898,-8180.123,302.108,1.018,0.999712,-0.017741,-0.016156,0.016941,0.998688,-0.048322,0.016992,0.048034,0.998701,0,0.85029,0.24001,51.017,0.480,-1,375.000,-1,400.000,-1,325.000,325.000,300.000,300.000,-1,-1,-1,-1,700.000,775.000,-1,-1,2,0,2,0,2,0,0,0,0,2,2,2,2,0,0,2,2
115,-1755.754,-8178.571,303.116,1.738,0.999400,-0.030288,-0.016808,0.029432,0.998364,-0.049025,0.018266,0.048501,0.998656,0,0.85280,0.36001,51.168,0.720,-1,375.000,-1,400.000,-1,325.000,325.000,300.000,300.000,-1,-1,-1,-1,700.000,775.000,-1,-1,2,0,2,0,2,0,0,0,0,2,2,2,2,0,0,2,2
116,-1704.643,-8176.163,304.170,2.698,0.998742,-0.047010,-0.017457,0.046091,0.997697,-0.049766,0.019756,0.048898,0.998608,0,0.85280,0.48001,51.168,0.960,-1,375.000,-1,400.000,-1,325.000,325.000,300.000,300.000,-1,-1,-1,-1,700.000,775.000,-1,-1,2,0,2,0,2,0,0,0,0,2,2,2,2,0,0,2,2
117,-1653.594,-8172.684,305.282,3.898,0.997528,-0.067893,-0.018102,0.066904,0.996478,-0.050557,0.021471,0.049221,0.998557,0,0.85280,0.60001,51.168,1.200,-1,375.000,-1,400.000,-1,325.000,325.000,300.000,300.000,-1,-1,-1,-1,700.000,775.000,-1,-1,2,0,2,0,2,0,0,0,0,2,2,2,2,0,0,2,2
118,-1602.648,-8167.924,306.464,5.338,0.995498,-0.092913,-0.018744,0.091846,0.994445,-0.051412,0.023417,0.049459,0.998502,0,0.85280,0.72001,51.168,1.440,-1,375.000,-1,400.000,-1,325.000,325.000,300.000,300.000,-1,-1,-1,-1,700.000,775.000,-1,-1,2,0,2,0,2,0,0,0,0,2,2,2,2,0,0,2,2
119,-1551.864,-8161.672,307.729,7.018,0.992338,-0.122026,-0.019379,0.120875,0.991287,-0.052342,0.025597,0.049598,0.998441,0,0.85280,0.84001,51.168,1.680,-1,375.000,-1,400.000,-1,325.000,325.000,300.000,300.000,-1,-1,-1,-1,700.000,775.000,-1,-1,2,0,2,0,2,0,0,0,0,2,2,2,2,0,0,2,2
120,-1501.318,-8153.722,309.088,8.938,0.987685,-0.155170,-0.020002,0.153925,0.986641,-0.053360,0.028014,0.049624,0.998375,0,0.85280,0.96001,51.168,1.920,-1,375.000,-1,400.000,-1,325.000,325.000,300.000,300.000,-1,-1,-1,-1,700.000,800.000,-1,-1,2,0,2,0,2,0,0,0,0,2,2,2,2,0,0,2,2
121,-1451.080,-8144.013,310.544,10.938,0.981662,-0.189509,-0.020617,0.188165,0.980626,-0.054468,0.030540,0.049590,0.998303,0,0.85280,1.00000,51.168,2.000,-1,375.000,-1,400.000,-1,325.000,325.000,300.000,300.000,-1,-1,-1,-1,700.000,800.000,-1,-1,2,0,2,0,2,0,0,0,0,2,2,2,2,0,0,2,2
122,-1401.211,-8132.557,312.097,12.938,0.974446,-0.223618,-0.021228,0.222169,0.973418,-0.055668,0.033112,0.049530,0.998224,0,0.85280,1.00000,51.168,2.000,-1,375.000,-1,400.000,-1,325.000,325.000,300.000,300.000,-1,-1,975.000,-1,700.000,800.000,-1,-1,2,0,2,0,2,0,0,0,0,2,2,0,2,0,0,2,2
123,-1351.773,-8119.367,313.785,14.938,0.966046,-0.257456,-0.021696,0.255910,0.965031,-0.056788,0.035558,0.049308,0.998150,0,0.85280,1.00000,51.168,2.000,-1,375.000,-1,400.000,-1,325.000,325.000,300.000,300.000,-1,1000.000,900.000,-1,700.000,800.000,-1,-1,2,0,2,0,2,0,0,0,0,2,0,0,2,0,0,2,2
124,-1302.825,-8104.460,315.543,16.938,0.956478,-0.290980,-0.021920,0.289342,0.955465,-0.058033,0.037830,0.049165,0.998074,0,0.85280,1.00000,51.168,2.000,-1,375.000,-1,400.000,-1,325.000,325.000,300.000,300.000,-1,950.000,825.000,-1,700.000,800.000,-1,-1,2,0,2,0,2,0,0,0,0,2,0,0,2,0,0,2,2
125,-1254.427,-8087.854,317.405,18.938,0.945746,-0.324151,-0.022135,0.322417,0.944736,-0.059333,0.040145,0.048977,0.997993,0,0.85280,1.00000,51.168,2.000,-1,375.000,-1,400.000,-1,325.000,325.000,300.000,300.000,-1,900.000,775.000,-1,700.000,800.000,-1,-1,2,0,2,0,2,0,0,0,0,2,0,0,2,0,0,2,2
126,-1206.639,-8069.569,319.567,20.938,0.933868,-0.356927,-0.022207,0.355094,0.932854,-0.060760,0.042402,0.048857,0.997905,0,0.85280,1.00000,51.168,2.000,-1,375.000,-1,400.000,-1,325.000,325.000,300.000,300.000,-1,875.000,750.000,-1,700.000,800.000,-1,-1,2,0,2,0,2,0,0,0,0,2,0,0,2,0,0,2,2
127,-1159.480,-8049.612,321.919,22.937,0.920850,-0.389266,-0.022535,0.387331,0.919858,-0.061941,0.044840,0.048309,0.997825,0,0.85347,0.99968,51.208,1.999,-1,375.000,-1,400.000,-1,325.000,325.000,300.000,300.000,-1,825.000,725.000,-1,700.000,825.000,-1,-1,2,0,2,0,2,0,0,0,0,2,0,0,2,0,0,2,2
128,-1112.752,-8027.892,324.389,24.931,0.906751,-0.421045,-0.022893,0.419007,0.905791,-0.063057,0.047286,0.047584,0.997747,0,0.85882,0.99680,51.529,1.994,-1,375.000,-1,400.000,-1,300.000,325.000,300.000,300.000,-1,800.000,700.000,-1,700.000,825.000,-1,-1,2,0,2,0,2,0,0,0,0,2,0,0,2,0,0,2,2
129,-1066.540,-8004.429,326.998,26.918,0.891606,-0.452213,-0.023306,0.450067,0.890683,-0.064211,0.049795,0.046762,0.997664,0,0.86380,0.99341,51.828,1.987,-1,375.000,-1,400.000,-1,300.000,325.000,300.000,300.000,-1,775.000,675.000,-1,700.000,825.000,-1,-1,2,0,2,0,2,0,0,0,0,2,0,0,2,0,0,2,2
130,-1020.925,-7979.252,329.746,28.897,0.875451,-0.482722,-0.023768,0.480462,0.874573,-0.065409,0.052361,0.045843,0.997575,0,0.86837,0.98952,52.102,1.979,-1,375.000,-1,400.000,-1,300.000,325.000,300.000,300.000,-1,750.000,650.000,-1,700.000,825.000,-1,-1,2,0,2,0,2,0,0,0,0,2,0,0,2,0,0,2,2
131,-975.991,-7952.396,332.632,30.867,0.858327,-0.512529,-0.024273,0.510150,0.857499,-0.066653,0.054975,0.044828,0.997481,0,0.87246,0.98513,52.348,1.970,-1,375.000,-1,400.000,-1,300.000,325.000,325.000,300.000,-1,725.000,650.000,-1,700.000,850.000,-1,-1,2,0,2,0,2,0,0,0,0,2,0,0,2,0,0,2,2
132,-931.823,-7923.902,335.645,32.827,0.840275,-0.541593,-0.024808,0.539092,0.839505,-0.067903,0.057602,0.043683,0.997383,0,0.87603,0.98027,52.562,1.961,-1,375.000,-1,400.000,-1,300.000,325.000,325.000,300.000,-1,725.000,625.000,-1,700.000,850.000,-1,-1,2,0,2,0,2,0,0,0,0,2,0,0,2,0,0,2,2
133,-888.503,-7893.819,338.788,34.777,0.821340,-0.569875,-0.025370,0.567249,0.820636,-0.069180,0.060244,0.042429,0.997282,0,0.87902,0.97495,52.741,1.950,-1,375.000,-1,400.000,-1,300.000,325.000,325.000,325.000,-1,700.000,625.000,-1,725.000,850.000,-1,-1,2,0,2,0,2,0,0,0,0,2,0,0,2,0,0,2,2
134,-846.111,-7862.203,342.029,36.716,0.801570,-0.597337,-0.025960,0.594573,0.800931,-0.070656,0.062997,0.041200,0.997163,0,0.88139,0.96920,52.883,1.938,-1,375.000,-1,400.000,-1,300.000,325.000,325.000,325.000,-1,675.000,600.000,-1,725.000,875.000,-1,-1,2,0,2,0,2,0,0,0,0,2,0,0,2,0,0,2,2
135,-804.726,-7829.117,345.365,38.642,0.781012,-0.623951,-0.026552,0.621035,0.780440,-0.072320,0.065846,0.039993,0.997028,0,0.88310,0.96307,52.986,1.926,-1,375.000,-1,400.000,-1,300.000,325.000,325.000,325.000,-1,650.000,575.000,-1,725.000,875.000,-1,-1,2,0,2,0,2,0,0,0,0,2,0,0,2,0,0,2,2
136,-767.991,-7797.933,348.535,40.328,0.762283,-0.646677,-0.027080,0.643632,0.761780,-0.073686,0.068280,0.038741,0.996914,0,0.80310,0.84307,48.186,1.686,-1,375.000,-1,400.000,-1,300.000,325.000,325.000,325.000,-1,625.000,550.000,-1,750.000,900.000,-1,-1,2,0,2,0,2,0,0,0,0,2,0,0,2,0,0,2,2
