timestep,x_cm,y_cm,z_cm,yaw_deg,basis_xx,basis_xy,basis_xz,basis_yx,basis_yy,basis_yz,basis_zx,basis_zy,basis_zz,teleport_flag,throttle_cmd,steering_cmd,cmd_move_cm,cmd_turn_deg,lidar_cm_0,lidar_cm_1,lidar_cm_2,lidar_cm_3,lidar_cm_4,lidar_cm_5,lidar_cm_6,lidar_cm_7,lidar_cm_8,lidar_cm_9,lidar_cm_10,lidar_cm_11,lidar_cm_12,lidar_cm_13,lidar_cm_14,lidar_cm_15,lidar_cm_16,lidar_class_0,lidar_class_1,lidar_class_2,lidar_class_3,lidar_class_4,lidar_class_5,lidar_class_6,lidar_class_7,lidar_class_8,lidar_class_9,lidar_class_10,lidar_class_11,lidar_class_12,lidar_class_13,lidar_class_14,lidar_class_15,lidar_class_16
0,8196.875,-6235.581,129.742,61.677,0.474435,-0.880290,-0.000512,0.880285,0.474434,-0.003313,0.003159,0.001121,0.999994,1,-0.08000,0.12000,-4.800,0.240,-1,375.000,-1,375.000,-1,325.000,300.000,300.000,300.000,-1,600.000,700.000,-1,725.000,675.000,-1,-1,2,0,2,0,2,0,0,0,0,2,0,0,2,0,0,2,2
1,8192.647,-6243.586,129.712,62.157,0.467045,-0.884234,-0.000229,0.884229,0.467043,-0.003234,0.002966,0.001307,0.999995,0,-0.15088,0.24000,-9.053,0.480,-1,375.000,-1,375.000,-1,325.000,300.000,300.000,300.000,-1,600.000,700.000,-1,725.000,675.000,-1,-1,2,0,2,0,2,0,0,0,0,2,0,0,2,0,0,2,2
2,8188.522,-6251.639,129.684,62.877,0.455897,-0.890033,0.000053,0.890028,0.455895,-0.003157,0.002786,0.001486,0.999995,0,-0.15080,0.36000,-9.048,0.720,-1,400.000,-1,375.000,-1,325.000,300.000,300.000,300.000,-1,625.000,700.000,-1,750.000,675.000,-1,-1,2,0,2,0,2,0,0,0,0,2,0,0,2,0,0,2,2
3,8184.539,-6259.748,129.657,63.837,0.440921,-0.897546,0.000335,0.897542,0.440919,-0.003082,0.002619,0.001660,0.999995,0,-0.15057,0.48000,-9.034,0.960,-1,400.000,-1,375.000,-1,325.000,300.000,300.000,300.000,-1,625.000,725.000,-1,750.000,675.000,-1,-1,2,0,2,0,2,0,0,0,0,2,0,0,2,0,0,2,2
4,8180.736,-6267.917,129.630,65.037,0.422028,-0.906582,0.000618,0.906579,0.422025,-0.003009,0.002467,0.001830,0.999995,0,-0.15019,0.60000,-9.011,1.200,-1,400.000,-1,375.000,-1,325.000,300.000,300.000,300.000,-1,625.000,750.000,-1,750.000,675.000,-1,-1,2,0,2,0,2,0,0,0,0,2,0,0,2,0,0,2,2
5,8177.153,-6276.150,129.604,66.477,0.399113,-0.916901,0.000901,0.916899,0.399109,-0.002937,0.002334,0.001998,0.999995,0,-0.14964,0.72000,-8.978,1.440,-1,400.000,-1,375.000,-1,325.000,300.000,300.000,300.000,-1,650.000,775.000,-1,750.000,675.000,-1,-1,2,0,2,0,2,0,0,0,0,2,0,0,2,0,0,2,2
6,8173.828,-6284.443,129.576,68.157,0.372061,-0.928208,0.001184,0.928206,0.372056,-0.002867,0.002221,0.002166,0.999995,0,-0.14892,0.84000,-8.935,1.680,-1,400.000,-1,375.000,-1,325.000,300.000,300.000,300.000,-1,675.000,800.000,-1,750.000,675.000,-1,-1,2,0,2,0,2,0,0,0,0,2,0,0,2,0,0,2,2
7,8170.802,-6292.793,129.545,70.077,0.340753,-0.940152,0.001468,0.940150,0.340748,-0.002798,0.002131,0.002334,0.999995,0,-0.14802,0.96000,-8.881,1.920,-1,400.000,-1,375.000,-1,325.000,300.000,300.000,300.000,-1,700.000,850.000,-1,750.000,675.000,-1,-1,2,0,2,0,2,0,0,0,0,2,0,0,2,0,0,2,2
8,8168.089,-6301.181,129.512,72.077,0.307735,-0.951470,0.001751,0.951470,0.307730,-0.002730,0.002059,0.002506,0.999995,0,-0.14693,1.00000,-8.816,2.000,-1,400.000,-1,375.000,-1,325.000,300.000,300.000,300.000,-1,750.000,900.000,-1,775.000,675.000,-1,-1,2,0,2,0,2,0,0,0,0,2,0,0,2,0,0,2,2
9,8165.690,-6309.589,129.477,74.077,0.274342,-0.961630,0.002030,0.961630,0.274337,-0.002663,0.002003,0.002683,0.999994,0,-0.14573,1.00000,-8.744,2.000,-1,400.000,-1,375.000,-1,325.000,300.000,300.000,300.000,-1,775.000,950.000,-1,775.000,675.000,-1,-1,2,0,2,0,2,0,0,0,0,2,0,0,2,0,0,2,2
10,8163.604,-6318.004,129.438,76.077,0.240615,-0.970618,0.002306,0.970619,0.240609,-0.002596,0.001965,0.002863,0.999994,0,-0.14449,1.00000,-8.669,2.000,-1,400.000,-1,375.000,-1,325.000,325.000,300.000,300.000,-1,825.000,-1,-1,775.000,675.000,-1,-1,2,0,2,0,2,0,0,0,0,2,0,2,2,0,0,2,2
11,8161.829,-6326.411,129.398,78.077,0.206594,-0.978423,0.002578,0.978425,0.206588,-0.002531,0.001944,0.003045,0.999993,0,-0.14321,1.00000,-8.592,2.000,-1,400.000,-1,375.000,-1,325.000,325.000,300.000,300.000,-1,900.000,-1,-1,775.000,700.000,-1,-1,2,0,2,0,2,0,0,0,0,2,0,2,2,0,0,2,2
12,8160.362,-6334.797,129.354,80.077,0.172322,-0.985036,0.002844,0.985039,0.172316,-0.002468,0.001941,0.003227,0.999993,0,-0.14188,1.00000,-8.513,2.000,-1,400.000,-1,375.000,-1,325.000,325.000,300.000,300.000,-1,950.000,-1,-1,775.000,700.000,-1,-1,2,0,2,0,2,0,0,0,0,2,0,2,2,0,0,2,2
13,8159.200,-6343.148,129.308,82.077,0.137841,-0.990450,0.003104,0.990453,0.137833,-0.002407,0.001956,0.003406,0.999992,0,-0.14054,1.00000,-8.432,2.000,-1,400.000,-1,375.000,-1,325.000,325.000,300.000,300.000,-1,-1,-1,-1,775.000,700.000,-1,-1,2,0,2,0,2,0,0,0,0,2,2,2,2,0,0,2,2
14,8158.338,-6351.454,129.260,84.077,0.103191,-0.994656,0.003358,0.994660,0.103183,-0.002348,0.001989,0.003582,0.999992,0,-0.13917,1.00000,-8.350,2.000,-1,400.000,-1,375.000,-1,325.000,325.000,300.000,300.000,-1,-1,-1,-1,775.000,700.000,-1,-1,2,0,2,0,2,0,0,0,0,2,2,2,2,0,0,2,2
15,8157.773,-6359.702,129.210,86.077,0.068415,-0.997650,0.003604,0.997655,0.068407,-0.002293,0.002041,0.003753,0.999991,0,-0.13779,1.00000,-8.267,2.000,-1,400.000,-1,375.000,-1,325.000,325.000,300.000,300.000,-1,-1,-1,-1,800.000,700.000,-1,-1,2,0,2,0,2,0,0,0,0,2,2,2,2,0,0,2,2
16,8157.498,-6367.881,129.157,88.077,0.033557,-0.999429,0.003843,0.999435,0.033548,-0.002240,0.002110,0.003916,0.999990,0,-0.13640,1.00000,-8.184,2.000,-1,400.000,-1,375.000,-1,325.000,325.000,300.000,300.000,-1,-1,-1,-1,800.000,700.000,-1,-1,2,0,2,0,2,0,0,0,0,2,2,2,2,0,0,2,2
17,8157.509,-6375.982,129.101,90.077,-0.001343,-0.999991,0.004073,0.999997,-0.001352,-0.002192,0.002197,0.004070,0.999989,0,-0.13502,1.00000,-8.101,2.000,-1,400.000,-1,375.000,-1,325.000,325.000,300.000,300.000,-1,-1,-1,-1,800.000,725.000,-1,-1,2,0,2,0,2,0,0,0,0,2,2,2,2,0,0,2,2
18,8157.800,-6383.996,129.044,92.077,-0.036241,-0.999334,0.004295,0.999340,-0.036250,-0.002148,0.002302,0.004215,0.999988,0,-0.13365,1.00000,-8.019,2.000,-1,400.000,-1,375.000,-1,325.000,325.000,300.000,300.000,-1,-1,-1,-1,800.000,725.000,-1,-1,2,0,2,0,2,0,0,0,0,2,2,2,2,0,0,2,2
19,8158.364,-6391.913,128.984,94.077,-0.071094,-0.997459,0.004508,0.997467,-0.071104,-0.002108,0.002423,0.004347,0.999988,0,-0.13229,1.00000,-7.937,2.000,-1,400.000,-1,375.000,-1,325.000,325.000,300.000,300.000,-1,-1,-1,-1,800.000,725.000,-1,-1,2,0,2,0,2,0,0,0,0,2,2,2,2,0,0,2,2
20,8159.196,-6399.727,128.922,96.077,-0.105861,-0.994370,0.004711,0.994378,-0.105872,-0.002073,0.002560,0.004465,0.999987,0,-0.13096,1.00000,-7.858,2.000,-1,400.000,-1,375.000,-1,325.000,325.000,300.000,300.000,-1,-1,-1,-1,800.000,725.000,-1,-1,2,0,2,0,2,0,0,0,0,2,2,2,2,0,0,2,2
21,8160.922,-6412.266,128.847,97.837,-0.136350,-0.990648,0.005008,0.990657,-0.136362,-0.002055,0.002719,0.004681,0.999985,0,-0.21096,0.88000,-12.658,1.760,-1,400.000,-1,400.000,-1,325.000,325.000,300.000,300.000,-1,-1,-1,-1,800.000,725.000,-1,-1,2,0,2,0,2,0,0,0,0,2,2,2,2,0,0,2,2
22,8163.761,-6429.491,128.756,99.357,-0.162578,-0.986681,0.005395,0.986691,-0.162591,-0.002063,0.002912,0.004988,0.999983,0,-0.29096,0.76000,-17.458,1.520,-1,400.000,-1,400.000,-1,325.000,325.000,300.000,300.000,-1,-1,-1,-1,825.000,725.000,-1,-1,2,0,2,0,2,0,0,0,0,2,2,2,2,0,0,2,2
23,8167.628,-6450.081,128.653,100.637,-0.184577,-0.982801,0.005841,0.982813,-0.184591,-0.002098,0.003140,0.005353,0.999981,0,-0.34917,0.64000,-20.950,1.280,-1,400.000,-1,400.000,-1,325.000,325.000,300.000,300.000,-1,-1,-1,-1,825.000,750.000,-1,-1,2,0,2,0,2,0,0,0,0,2,2,2,2,0,0,2,2
24,8171.858,-6470.550,128.548,101.677,-0.202382,-0.979287,0.006274,0.979301,-0.202399,-0.002149,0.003375,0.005709,0.999978,0,-0.34835,0.52000,-20.901,1.040,-1,400.000,-1,400.000,-1,325.000,325.000,300.000,300.000,-1,-1,-1,-1,825.000,750.000,-1,-1,2,0,2,0,2,0,0,0,0,2,2,2,2,0,0,2,2
25,8176.366,-6490.921,128.444,102.477,-0.216033,-0.976363,0.006698,0.976379,-0.216052,-0.002216,0.003611,0.006062,0.999975,0,-0.34773,0.40000,-20.864,0.800,-1,400.000,-1,400.000,-1,325.000,325.000,300.000,300.000,-1,-1,-1,-1,825.000,750.000,-1,-1,2,0,2,0,2,0,0,0,0,2,2,2,2,0,0,2,2
26,8181.067,-6511.223,128.344,103.037,-0.225562,-0.974203,0.007142,0.974221,-0.225583,-0.002305,0.003857,0.006438,0.999972,0,-0.34733,0.28000,-20.840,0.560,-1,400.000,-1,400.000,-1,325.000,325.000,300.000,300.000,-1,-1,-1,-1,825.000,750.000,-1,-1,2,0,2,0,2,0,0,0,0,2,2,2,2,0,0,2,2
27,8185.878,-6531.486,128.254,103.357,-0.230997,-0.972925,0.007618,0.972946,-0.231020,-0.002355,0.004051,0.006868,0.999968,0,-0.34710,0.16000,-20.826,0.320,-1,400.000,-1,400.000,-1,325.000,325.000,300.000,300.000,-1,-1,-1,-1,825.000,750.000,-1,-1,2,0,2,0,2,0,0,0,0,2,2,2,2,0,0,2,2
28,8190.717,-6551.739,128.166,103.437,-0.232352,-0.972598,0.008098,0.972623,-0.232378,-0.002400,0.004216,0.007318,0.999964,0,-0.34705,0.04000,-20.823,0.080,-1,400.000,-1,400.000,-1,325.000,325.000,300.000,300.000,-1,-1,-1,-1,825.000,750.000,-1,-1,2,0,2,0,2,0,0,0,0,2,2,2,2,0,0,2,2
29,8195.501,-6572.012,128.078,103.277,-0.229632,-0.973240,0.008578,0.973268,-0.229660,-0.002446,0.004351,0.007787,0.999960,0,-0.34716,-0.08000,-20.829,-0.160,-1,400.000,-1,400.000,-1,325.000,325.000,300.000,300.000,-1,-1,-1,-1,825.000,750.000,-1,-1,2,0,2,0,2,0,0,0,0,2,2,2,2,0,0,2,2
30,8200.146,-6592.331,127.989,102.877,-0.222829,-0.974816,0.009061,0.974847,-0.222859,-0.002492,0.004449,0.008277,0.999956,0,-0.34740,-0.20000,-20.844,-0.400,-1,400.000,-1,400.000,-1,325.000,325.000,300.000,300.000,-1,-1,-1,-1,825.000,750.000,-1,-1,2,0,2,0,2,0,0,0,0,2,2,2,2,0,0,2,2
31,8204.647,-6612.706,127.903,102.456,-0.215646,-0.976425,0.009533,0.976461,-0.215679,-0.002553,0.004549,0.008758,0.999951,0,-0.34775,-0.21082,-20.865,-0.422,-1,400.000,-1,400.000,-1,325.000,325.000,300.000,300.000,-1,-1,-1,-1,825.000,750.000,-1,-1,2,0,2,0,2,0,0,0,0,2,2,2,2,0,0,2,2
32,8209.001,-6633.134,127.835,102.032,-0.208407,-0.977992,0.009923,0.978031,-0.208442,-0.002591,0.004602,0.009165,0.999947,0,-0.34813,-0.21214,-20.888,-0.424,-1,400.000,-1,400.000,-1,325.000,325.000,300.000,300.000,-1,-1,-1,-1,825.000,750.000,-1,-1,2,0,2,0,2,0,0,0,0,2,2,2,2,0,0,2,2
33,8213.207,-6653.617,127.800,101.605,-0.201113,-0.979515,0.010176,0.979557,-0.201148,-0.002549,0.004544,0.009455,0.999945,0,-0.34851,-0.21345,-20.911,-0.427,-1,400.000,-1,400.000,-1,325.000,325.000,300.000,300.000,-1,-1,-1,-1,825.000,750.000,-1,-1,2,0,2,0,2,0,0,0,0,2,2,2,2,0,0,2,2
34,8217.264,-6674.155,127.762,101.175,-0.193763,-0.980993,0.010434,0.981038,-0.193799,-0.002498,0.004473,0.009752,0.999942,0,-0.34890,-0.21477,-20.934,-0.430,-1,400.000,-1,400.000,-1,325.000,325.000,300.000,300.000,-1,-1,-1,-1,825.000,725.000,-1,-1,2,0,2,0,2,0,0,0,0,2,2,2,2,0,0,2,2
35,8221.171,-6694.745,127.721,100.743,-0.186357,-0.982424,0.010698,0.982472,-0.186393,-0.002438,0.004389,0.010056,0.999940,0,-0.34930,-0.21609,-20.958,-0.432,-1,400.000,-1,400.000,-1,325.000,325.000,300.000,300.000,-1,-1,-1,-1,825.000,725.000,-1,-1,2,0,2,0,2,0,0,0,0,2,2,2,2,0,0,2,2
36,8224.925,-6715.389,127.679,100.308,-0.178896,-0.983807,0.010968,0.983859,-0.178931,-0.002369,0.004293,0.010367,0.999937,0,-0.34971,-0.21742,-20.983,-0.435,-1,400.000,-1,400.000,-1,325.000,325.000,300.000,300.000,-1,-1,-1,-1,825.000,725.000,-1,-1,2,0,2,0,2,0,0,0,0,2,2,2,2,0,0,2,2
37,8228.527,-6736.086,127.635,99.871,-0.171378,-0.985141,0.011243,0.985196,-0.171414,-0.002292,0.004185,0.010684,0.999934,0,-0.35013,-0.21874,-21.008,-0.437,-1,400.000,-1,400.000,-1,325.000,325.000,300.000,300.000,-1,-1,-1,-1,825.000,725.000,-1,-1,2,0,2,0,2,0,0,0,0,2,2,2,2,0,0,2,2
38,8231.973,-6756.835,127.589,99.430,-0.163805,-0.986425,0.011525,0.986484,-0.163841,-0.002206,0.004064,0.011008,0.999931,0,-0.35055,-0.22006,-21.033,-0.440,-1,400.000,-1,400.000,-1,325.000,325.000,300.000,300.000,-1,-1,-1,-1,800.000,725.000,-1,-1,2,0,2,0,2,0,0,0,0,2,2,2,2,0,0,2,2
39,8235.263,-6777.635,127.541,98.988,-0.156177,-0.987658,0.011813,0.987721,-0.156212,-0.002111,0.003930,0.011339,0.999928,0,-0.35098,-0.22139,-21.059,-0.443,-1,400.000,-1,375.000,-1,325.000,325.000,300.000,300.000,-1,-1,-1,-1,800.000,725.000,-1,-1,2,0,2,0,2,0,0,0,0,2,2,2,2,0,0,2,2
40,8238.394,-6798.486,127.492,98.542,-0.148494,-0.988839,0.012108,0.988906,-0.148529,-0.002009,0.003785,0.011675,0.999925,0,-0.35142,-0.22271,-21.085,-0.445,-1,400.000,-1,375.000,-1,325.000,325.000,300.000,300.000,-1,-1,-1,-1,800.000,725.000,-1,-1,2,0,2,0,2,0,0,0,0,2,2,2,2,0,0,2,2
41,8241.367,-6819.387,127.442,98.094,-0.140757,-0.989966,0.012409,0.990038,-0.140791,-0.001899,0.003627,0.012018,0.999921,0,-0.35186,-0.22404,-21.111,-0.448,-1,400.000,-1,375.000,-1,325.000,325.000,300.000,300.000,-1,-1,-1,-1,800.000,725.000,-1,-1,2,0,2,0,2,0,0,0,0,2,2,2,2,0,0,2,2
42,8244.178,-6840.338,127.391,97.643,-0.132965,-0.991039,0.012717,0.991115,-0.132998,-0.001781,0.003456,0.012367,0.999918,0,-0.35231,-0.22537,-21.138,-0.451,-1,400.000,-1,375.000,-1,325.000,325.000,300.000,300.000,-1,-1,-1,-1,800.000,725.000,-1,-1,2,0,2,0,2,0,0,0,0,2,2,2,2,0,0,2,2
43,8246.828,-6861.337,127.340,97.190,-0.125119,-0.992056,0.013031,0.992136,-0.125151,-0.001656,0.003273,0.012722,0.999914,0,-0.35276,-0.22670,-21.166,-0.453,-1,400.000,-1,375.000,-1,325.000,325.000,300.000,300.000,-1,-1,-1,-1,800.000,725.000,-1,-1,2,0,2,0,2,0,0,0,0,2,2,2,2,0,0,2,2
44,8249.313,-6882.384,127.287,96.734,-0.117220,-0.993016,0.013353,0.993101,-0.117250,-0.001523,0.003078,0.013082,0.999910,0,-0.35322,-0.22803,-21.193,-0.456,-1,400.000,-1,375.000,-1,325.000,325.000,300.000,300.000,-1,-1,-1,-1,800.000,725.000,-1,-1,2,0,2,0,2,0,0,0,0,2,2,2,2,0,0,2,2
45,8251.632,-6903.478,127.235,96.275,-0.109267,-0.993918,0.013681,0.994008,-0.109295,-0.001384,0.002871,0.013448,0.999905,0,-0.35369,-0.22936,-21.221,-0.459,-1,400.000,-1,375.000,-1,325.000,325.000,300.000,300.000,-1,-1,-1,-1,800.000,725.000,-1,-1,2,0,2,0,2,0,0,0,0,2,2,2,2,0,0,2,2
46,8253.785,-6924.618,127.182,95.814,-0.101260,-0.994761,0.014016,0.994856,-0.101288,-0.001239,0.002652,0.013819,0.999901,0,-0.35416,-0.23070,-21.250,-0.461,-1,400.000,-1,375.000,-1,325.000,325.000,300.000,300.000,-1,-1,-1,-1,800.000,725.000,-1,-1,2,0,2,0,2,0,0,0,0,2,2,2,2,0,0,2,2
47,8255.768,-6945.804,127.129,95.350,-0.093202,-0.995544,0.014359,0.995644,-0.093227,-0.001087,0.002420,0.014195,0.999896,0,-0.35463,-0.23203,-21.278,-0.464,-1,400.000,-1,375.000,-1,325.000,325.000,300.000,300.000,-1,-1,-1,-1,800.000,725.000,-1,-1,2,0,2,0,2,0,0,0,0,2,2,2,2,0,0,2,2
48,8257.582,-6967.033,127.076,94.883,-0.085091,-0.996265,0.014708,0.996371,-0.085113,-0.000929,0.002177,0.014576,0.999891,0,-0.35511,-0.23337,-21.307,-0.467,-1,400.000,-1,375.000,-1,325.000,325.000,300.000,300.000,-1,-1,-1,-1,800.000,725.000,-1,-1,2,0,2,0,2,0,0,0,0,2,2,2,2,0,0,2,2
49,8259.224,-6988.306,127.024,94.414,-0.076928,-0.996923,0.015065,0.997035,-0.076948,-0.000765,0.001922,0.014961,0.999886,0,-0.35560,-0.23471,-21.336,-0.469,-1,400.000,-1,375.000,-1,325.000,325.000,300.000,300.000,-1,-1,-1,-1,800.000,725.000,-1,-1,2,0,2,0,2,0,0,0,0,2,2,2,2,0,0,2,2
50,8260.692,-7009.620,126.973,93.942,-0.068713,-0.997517,0.015429,0.997635,-0.068730,-0.000595,0.001654,0.015352,0.999881,0,-0.35608,-0.23605,-21.365,-0.472,-1,400.000,-1,375.000,-1,325.000,325.000,300.000,300.000,-1,-1,-1,-1,800.000,700.000,-1,-1,2,0,2,0,2,0,0,0,0,2,2,2,2,0,0,2,2
51,8261.626,-7026.159,126.938,93.229,-0.056313,-0.998289,0.015717,0.998412,-0.056327,-0.000449,0.001334,0.015667,0.999876,0,-0.27608,-0.35605,-16.565,-0.712,-1,400.000,-1,375.000,-1,325.000,325.000,300.000,300.000,-1,-1,-1,-1,800.000,700.000,-1,-1,2,0,2,0,2,0,0,0,0,2,2,2,2,0,0,2,2
52,8262.113,-7037.914,126.919,92.373,-0.041396,-0.999016,0.015929,0.999142,-0.041406,-0.000331,0.000991,0.015902,0.999873,0,-0.19608,-0.42803,-11.765,-0.856,-1,400.000,-1,375.000,-1,325.000,325.000,300.000,300.000,-1,-1,-1,-1,775.000,700.000,-1,-1,2,0,2,0,2,0,0,0,0,2,2,2,2,0,0,2,2
53,8262.297,-7044.877,126.911,91.516,-0.026444,-0.999521,0.016061,0.999650,-0.026452,-0.000249,0.000674,0.016049,0.999871,0,-0.11608,-0.42872,-6.965,-0.857,-1,400.000,-1,375.000,-1,325.000,325.000,300.000,300.000,-1,-1,-1,-1,775.000,700.000,-1,-1,2,0,2,0,2,0,0,0,0,2,2,2,2,0,0,2,2
54,8262.322,-7047.042,126.914,90.658,-0.011472,-0.999804,0.016109,0.999934,-0.011477,-0.000205,0.000390,0.016106,0.999870,0,-0.03608,-0.42912,-2.165,-0.858,-1,400.000,-1,375.000,-1,325.000,325.000,300.000,300.000,-1,-1,-1,-1,775.000,700.000,-1,-1,2,0,2,0,2,0,0,0,0,2,2,2,2,0,0,2,2
55,8262.331,-7044.407,126.925,89.799,0.003507,-0.999865,0.016069,0.999994,0.003504,-0.000202,0.000145,0.016069,0.999871,0,0.04392,-0.42923,2.635,-0.858,-1,400.000,-1,375.000,-1,325.000,325.000,300.000,300.000,-1,-1,-1,-1,775.000,700.000,-1,-1,2,0,2,0,2,0,0,0,0,2,2,2,2,0,0,2,2
56,8262.469,-7036.973,126.942,88.941,0.018479,-0.999702,0.015936,0.999829,0.018478,-0.000242,-0.000053,0.015937,0.999873,0,0.12392,-0.42905,7.435,-0.858,-1,400.000,-1,375.000,-1,325.000,325.000,300.000,300.000,-1,-1,-1,-1,775.000,700.000,-1,-1,2,0,2,0,2,0,0,0,0,2,2,2,2,0,0,2,2
57,8262.878,-7024.745,126.963,88.084,0.033433,-0.999318,0.015707,0.999441,0.033432,-0.000327,-0.000198,0.015709,0.999877,0,0.20392,-0.42860,12.235,-0.857,-1,400.000,-1,375.000,-1,325.000,325.000,300.000,300.000,-1,-1,-1,-1,775.000,700.000,-1,-1,2,0,2,0,2,0,0,0,0,2,2,2,2,0,0,2,2
58,8263.702,-7007.730,126.987,87.228,0.048356,-0.998712,0.015377,0.998830,0.048355,-0.000460,-0.000284,0.015381,0.999882,0,0.28392,-0.42792,17.035,-0.856,-1,400.000,-1,375.000,-1,325.000,325.000,300.000,300.000,-1,-1,-1,-1,775.000,700.000,-1,-1,2,0,2,0,2,0,0,0,0,2,2,2,2,0,0,2,2
59,8265.083,-6985.939,127.012,86.374,0.063240,-0.997886,0.014943,0.997998,0.063237,-0.000643,-0.000303,0.014954,0.999888,0,0.36392,-0.42705,21.835,-0.854,-1,400.000,-1,375.000,-1,325.000,325.000,300.000,300.000,-1,-1,-1,-1,775.000,700.000,-1,-1,2,0,2,0,2,0,0,0,0,2,2,2,2,0,0,2,2
60,8267.162,-6959.385,127.038,85.522,0.078074,-0.996844,0.014401,0.996948,0.078070,-0.000878,-0.000249,0.014426,0.999896,0,0.44392,-0.42602,26.635,-0.852,-1,400.000,-1,375.000,-1,325.000,325.000,300.000,300.000,-1,-1,-1,-1,775.000,700.000,-1,-1,2,0,2,0,2,0,0,0,0,2,2,2,2,0,0,2,2
61,8270.081,-6928.086,127.064,84.672,0.092853,-0.995585,0.013747,0.995680,0.092845,-0.001169,-0.000112,0.013796,0.999905,0,0.52392,-0.42487,31.435,-0.850,-1,400.000,-1,375.000,-1,325.000,325.000,300.000,300.000,-1,-1,-1,-1,775.000,700.000,-1,-1,2,0,2,0,2,0,0,0,0,2,2,2,2,0,0,2,2
62,8273.979,-6892.061,127.091,83.825,0.107569,-0.994113,0.012975,0.994198,0.107558,-0.001518,0.000114,0.013063,0.999915,0,0.60392,-0.42364,36.235,-0.847,-1,400.000,-1,375.000,-1,325.000,325.000,300.000,300.000,-1,-1,-1,-1,775.000,700.000,-1,-1,2,0,2,0,2,0,0,0,0,2,2,2,2,0,0,2,2
63,8278.994,-6851.334,127.121,82.980,0.122220,-0.992430,0.012081,0.992503,0.122205,-0.001929,0.000438,0.012227,0.999925,0,0.68392,-0.42240,41.035,-0.845,-1,400.000,-1,375.000,-1,325.000,325.000,300.000,300.000,-1,-1,-1,-1,775.000,700.000,-1,-1,2,0,2,0,2,0,0,0,0,2,2,2,2,0,0,2,2
64,8285.264,-6805.930,127.156,82.138,0.136803,-0.990536,0.011061,0.990598,0.136785,-0.002407,0.000871,0.011286,0.999936,0,0.76392,-0.42121,45.835,-0.842,-1,400.000,-1,375.000,-1,325.000,325.000,300.000,300.000,-1,-1,-1,-1,775.000,700.000,-1,-1,2,0,2,0,2,0,0,0,0,2,2,2,2,0,0,2,2
65,8292.926,-6755.878,127.200,81.297,0.151320,-0.988435,0.009908,0.988484,0.151298,-0.002956,0.001423,0.010241,0.999947,0,0.84392,-0.42013,50.635,-0.840,-1,400.000,-1,375.000,-1,325.000,325.000,300.000,300.000,-1,975.000,-1,-1,775.000,700.000,-1,-1,2,0,2,0,2,0,0,0,0,2,0,2,2,0,0,2,2
66,8302.115,-6701.210,127.256,80.459,0.165773,-0.986126,0.008615,0.986162,0.165748,-0.003582,0.002104,0.009090,0.999956,0,0.92392,-0.41924,55.435,-0.838,-1,400.000,-1,375.000,-1,325.000,325.000,300.000,300.000,-1,925.000,-1,-1,775.000,700.000,-1,-1,2,0,2,0,2,0,0,0,0,2,0,2,2,0,0,2,2
67,8312.646,-6643.709,127.329,79.622,0.180169,-0.983609,0.007219,0.983631,0.180142,-0.004268,0.002898,0.007870,0.999965,0,0.97429,-0.41862,58.457,-0.837,-1,400.000,-1,375.000,-1,325.000,325.000,300.000,300.000,-1,875.000,-1,-1,775.000,675.000,-1,-1,2,0,2,0,2,0,0,0,0,2,0,2,2,0,0,2,2
68,8324.010,-6586.393,127.451,78.785,0.194515,-0.980882,0.005922,0.980893,0.194487,-0.004941,0.003695,0.006770,0.999970,0,0.97387,-0.41835,58.432,-0.837,-1,400.000,-1,375.000,-1,325.000,300.000,300.000,300.000,-1,850.000,1000.000,-1,775.000,675.000,-1,-1,2,0,2,0,2,0,0,0,0,2,0,0,2,0,0,2,2
69,8336.205,-6529.274,127.623,77.948,0.208823,-0.977942,0.004714,0.977943,0.208796,-0.005667,0.004557,0.005794,0.999973,0,0.97344,-0.41848,58.406,-0.837,-1,400.000,-1,375.000,-1,325.000,300.000,300.000,300.000,-1,825.000,950.000,-1,775.000,675.000,-1,-1,2,0,2,0,2,0,0,0,0,2,0,0,2,0,0,2,2
70,8349.229,-6472.363,127.944,77.110,0.223100,-0.974791,0.003103,0.974782,0.223078,-0.006047,0.005202,0.004374,0.999977,0,0.97304,-0.41901,58.382,-0.838,-1,400.000,-1,375.000,-1,325.000,300.000,300.000,300.000,-1,800.000,950.000,-1,775.000,675.000,-1,-1,2,0,2,0,2,0,0,0,0,2,0,0,2,0,0,2,2
71,8363.082,-6415.667,128.330,76.270,0.237357,-0.971422,0.001343,0.971404,0.237344,-0.006427,0.005925,0.002831,0.999978,0,0.97272,-0.41994,58.363,-0.840,-1,400.000,-1,375.000,-1,325.000,300.000,300.000,300.000,-1,775.000,950.000,-1,775.000,675.000,-1,-1,2,0,2,0,2,0,0,0,0,2,0,0,2,0,0,2,2
72,8377.763,-6359.194,128.752,75.428,0.251606,-0.967830,-0.000440,0.967807,0.251603,-0.006814,0.006706,0.001288,0.999977,0,0.97251,-0.42125,58.350,-0.843,-1,400.000,-1,375.000,-1,325.000,300.000,300.000,300.000,-1,775.000,950.000,-1,775.000,675.000,-1,-1,2,0,2,0,2,0,0,0,0,2,0,0,2,0,0,2,2
73,8393.275,-6302.947,129.266,74.582,0.265856,-0.964011,-0.002081,0.963982,0.265864,-0.007437,0.007722,-0.000029,0.999970,0,0.97245,-0.42295,58.347,-0.846,-1,400.000,-1,375.000,-1,325.000,300.000,300.000,300.000,-1,750.000,925.000,-1,775.000,700.000,-1,-1,2,0,2,0,2,0,0,0,0,2,0,0,2,0,0,2,2
74,8409.623,-6246.928,129.829,73.732,0.280115,-0.959959,-0.003730,0.959926,0.280137,-0.008101,0.008822,-0.001312,0.999960,0,0.97259,-0.42504,58.355,-0.850,-1,400.000,-1,375.000,-1,325.000,300.000,300.000,300.000,-1,725.000,875.000,-1,775.000,700.000,-1,-1,2,0,2,0,2,0,0,0,0,2,0,0,2,0,0,2,2
75,8426.811,-6191.139,130.441,72.877,0.294391,-0.955670,-0.005398,0.955633,0.294429,-0.008796,0.009996,-0.002569,0.999947,0,0.97294,-0.42750,58.376,-0.855,-1,400.000,-1,375.000,-1,325.000,300.000,300.000,325.000,-1,700.000,850.000,-1,775.000,700.000,-1,-1,2,0,2,0,2,0,0,0,0,2,0,0,2,0,0,2,2
76,8443.134,-6140.110,131.046,72.262,0.304612,-0.952451,-0.006953,0.952412,0.304669,-0.009455,0.011123,-0.003742,0.999931,0,0.89294,-0.30750,53.576,-0.615,-1,400.000,-1,375.000,-1,325.000,300.000,300.000,325.000,-1,700.000,850.000,-1,775.000,700.000,-1,-1,2,0,2,0,2,0,0,0,0,2,0,0,2,0,0,2,2
77,8458.298,-6093.751,131.631,71.887,0.310819,-0.950432,-0.008389,0.950391,0.310894,-0.010067,0.012176,-0.004844,0.999914,0,0.81294,-0.18750,48.776,-0.375,-1,400.000,-1,375.000,-1,325.000,300.000,300.000,325.000,-1,675.000,825.000,-1,775.000,725.000,-1,-1,2,0,2,0,2,0,0,0,0,2,0,0,2,0,0,2,2
78,8472.069,-6051.986,132.187,71.752,0.313036,-0.949692,-0.009702,0.949651,0.313131,-0.010626,0.013129,-0.005887,0.999896,0,0.73294,-0.06750,43.976,-0.135,-1,400.000,-1,375.000,-1,325.000,300.000,300.000,325.000,-1,675.000,825.000,-1,775.000,725.000,-1,-1,2,0,2,0,2,0,0,0,0,2,0,0,2,0,0,2,2
79,8484.268,-6014.757,132.702,71.857,0.311273,-0.950258,-0.010887,0.950218,0.311388,-0.011127,0.013963,-0.006881,0.999879,0,0.65294,0.05250,39.176,0.105,-1,400.000,-1,375.000,-1,325.000,325.000,300.000,325.000,-1,675.000,825.000,-1,775.000,725.000,-1,-1,2,0,2,0,2,0,0,0,0,2,0,0,2,0,0,2,2
80,8494.776,-5982.026,133.175,72.202,0.305526,-0.952109,-0.011894,0.952071,0.305658,-0.011549,0.014631,-0.007796,0.999863,0,0.57294,0.17250,34.376,0.345,-1,400.000,-1,375.000,-1,325.000,325.000,300.000,325.000,-1,675.000,825.000,-1,775.000,725.000,-1,-1,2,0,2,0,2,0,0,0,0,2,0,0,2,0,0,2,2
81,8503.528,-5953.775,133.583,72.787,0.295770,-0.955174,-0.012785,0.955139,0.295919,-0.011885,0.015136,-0.008697,0.999848,0,0.49294,0.29250,29.576,0.585,-1,400.000,-1,375.000,-1,325.000,325.000,300.000,325.000,-1,700.000,850.000,-1,775.000,725.000,-1,-1,2,0,2,0,2,0,0,0,0,2,0,0,2,0,0,2,2
82,8510.519,-5930.005,133.918,73.612,0.281969,-0.959328,-0.013562,0.959299,0.282133,-0.012143,0.015476,-0.009586,0.999834,0,0.41294,0.41250,24.776,0.825,-1,400.000,-1,375.000,-1,325.000,325.000,300.000,325.000,-1,725.000,875.000,-1,775.000,725.000,-1,-1,2,0,2,0,2,0,0,0,0,2,0,0,2,0,0,2,2
83,8515.798,-5910.739,134.180,74.677,0.264075,-0.964398,-0.014202,0.964375,0.264251,-0.012357,0.015669,-0.010433,0.999823,0,0.33294,0.53250,19.976,1.065,-1,400.000,-1,375.000,-1,325.000,325.000,300.000,325.000,-1,725.000,875.000,-1,800.000,725.000,-1,-1,2,0,2,0,2,0,0,0,0,2,0,0,2,0,0,2,2
84,8519.524,-5896.027,134.373,75.788,0.245315,-0.969332,-0.014696,0.969315,0.245501,-0.012525,0.015749,-0.011172,0.999814,0,0.25294,0.55548,15.176,1.111,-1,400.000,-1,375.000,-1,325.000,325.000,300.000,325.000,-1,750.000,900.000,-1,800.000,750.000,-1,-1,2,0,2,0,2,0,0,0,0,2,0,0,2,0,0,2,2
85,8521.876,-5885.920,134.495,76.899,0.226466,-0.973903,-0.015043,0.973892,0.226659,-0.012653,0.015732,-0.011785,0.999807,0,0.17294,0.55548,10.376,1.111,-1,400.000,-1,375.000,-1,325.000,325.000,300.000,325.000,-1,775.000,950.000,-1,800.000,750.000,-1,-1,2,0,2,0,2,0,0,0,0,2,0,0,2,0,0,2,2
86,8523.034,-5880.466,134.545,78.010,0.207535,-0.978109,-0.015245,0.978103,0.207732,-0.012742,0.015630,-0.012267,0.999803,0,0.09294,0.55548,5.576,1.111,-1,400.000,-1,375.000,-1,325.000,325.000,300.000,325.000,-1,800.000,975.000,-1,800.000,750.000,-1,-1,2,0,2,0,2,0,0,0,0,2,0,0,2,0,0,2,2
87,8523.181,-5879.703,134.526,79.121,0.188529,-0.981948,-0.015304,0.981946,0.188728,-0.012797,0.015454,-0.012615,0.999801,0,0.01294,0.55548,0.776,1.111,-1,400.000,-1,375.000,-1,325.000,325.000,300.000,325.000,-1,825.000,1000.000,-1,800.000,750.000,-1,-1,2,0,2,0,2,0,0,0,0,2,0,0,2,0,0,2,2
88,8522.498,-5883.668,134.445,80.231,0.169457,-0.985421,-0.015190,0.985421,0.169654,-0.012802,0.015193,-0.012799,0.999803,0,-0.06706,0.55548,-4.024,1.111,-1,400.000,-1,375.000,-1,325.000,325.000,300.000,325.000,-1,850.000,-1,-1,800.000,750.000,-1,-1,2,0,2,0,2,0,0,0,0,2,0,2,2,0,0,2,2
89,8521.170,-5892.392,134.299,81.342,0.150323,-0.988524,-0.014929,0.988525,0.150516,-0.012774,0.014874,-0.012838,0.999807,0,-0.14706,0.55548,-8.824,1.111,-1,400.000,-1,375.000,-1,325.000,325.000,300.000,325.000,-1,875.000,-1,-1,800.000,750.000,-1,-1,2,0,2,0,2,0,0,0,0,2,0,2,2,0,0,2,2
90,8519.381,-5905.897,134.088,82.453,0.131135,-0.991258,-0.014542,0.991258,0.131322,-0.012723,0.014521,-0.012746,0.999813,0,-0.22706,0.55548,-13.624,1.111,-1,400.000,-1,375.000,-1,325.000,325.000,300.000,300.000,-1,900.000,-1,-1,800.000,750.000,-1,-1,2,0,2,0,2,0,0,0,0,2,0,2,2,0,0,2,2
91,8517.316,-5924.205,133.815,83.564,0.111900,-0.993620,-0.014029,0.993619,0.112078,-0.012653,0.014145,-0.012524,0.999822,0,-0.30706,0.55548,-18.424,1.111,-1,400.000,-1,375.000,-1,325.000,325.000,300.000,300.000,-1,925.000,-1,-1,800.000,750.000,-1,-1,2,0,2,0,2,0,0,0,0,2,0,2,2,0,0,2,2
92,8515.172,-5947.198,133.483,84.675,0.092624,-0.995611,-0.013399,0.995606,0.092792,-0.012543,0.013731,-0.012179,0.999832,0,-0.38489,0.55548,-23.093,1.111,-1,400.000,-1,375.000,-1,325.000,325.000,300.000,300.000,-1,975.000,-1,-1,800.000,750.000,-1,-1,2,0,2,0,2,0,0,0,0,2,0,2,2,0,0,2,2
93,8513.476,-5970.229,133.165,85.786,0.073314,-0.997228,-0.012743,0.997220,0.073472,-0.012422,0.013324,-0.011797,0.999842,0,-0.38489,0.55548,-23.093,1.111,-1,400.000,-1,375.000,-1,325.000,325.000,300.000,300.000,-1,1000.000,-1,-1,800.000,725.000,-1,-1,2,0,2,0,2,0,0,0,0,2,0,2,2,0,0,2,2
94,8512.226,-5993.289,132.854,86.897,0.053975,-0.998469,-0.012089,0.998458,0.054123,-0.012313,0.012948,-0.011405,0.999851,0,-0.38489,0.55548,-23.093,1.111,-1,400.000,-1,375.000,-1,325.000,325.000,300.000,300.000,-1,-1,-1,-1,800.000,725.000,-1,-1,2,0,2,0,2,0,0,0,0,2,2,2,2,0,0,2,2
95,8511.423,-6016.368,132.550,88.008,0.034615,-0.999335,-0.011436,0.999321,0.034754,-0.012216,0.012606,-0.011005,0.999860,0,-0.38489,0.55548,-23.093,1.111,-1,400.000,-1,375.000,-1,325.000,325.000,300.000,300.000,-1,-1,-1,-1,800.000,725.000,-1,-1,2,0,2,0,2,0,0,0,0,2,2,2,2,0,0,2,2
96,8511.068,-6039.459,132.252,89.119,0.015241,-0.999826,-0.010785,0.999808,0.015372,-0.012132,0.012296,-0.010598,0.999868,0,-0.38489,0.55548,-23.093,1.111,-1,400.000,-1,375.000,-1,325.000,325.000,300.000,300.000,-1,-1,-1,-1,800.000,725.000,-1,-1,2,0,2,0,2,0,0,0,0,2,2,2,2,0,0,2,2
97,8511.161,-6062.552,131.958,90.230,-0.004139,-0.999940,-0.010137,0.999919,-0.004016,-0.012060,0.012019,-0.010186,0.999876,0,-0.38489,0.55548,-23.093,1.111,-1,400.000,-1,375.000,-1,325.000,325.000,300.000,300.000,-1,-1,-1,-1,800.000,725.000,-1,-1,2,0,2,0,2,0,0,0,0,2,2,2,2,0,0,2,2
98,8511.701,-6085.639,131.669,91.341,-0.023518,-0.999678,-0.009492,0.999654,-0.023403,-0.012001,0.011775,-0.009771,0.999883,0,-0.38489,0.55548,-23.093,1.111,-1,400.000,-1,375.000,-1,325.000,325.000,300.000,300.000,-1,-1,-1,-1,800.000,725.000,-1,-1,2,0,2,0,2,0,0,0,0,2,2,2,2,0,0,2,2
99,8512.690,-6108.711,131.384,92.452,-0.042888,-0.999041,-0.008849,0.999013,-0.042781,-0.011954,0.011564,-0.009353,0.999889,0,-0.38489,0.55548,-23.093,1.111,-1,400.000,-1,375.000,-1,325.000,325.000,300.000,300.000,-1,-1,-1,-1,800.000,725.000,-1,-1,2,0,2,0,2,0,0,0,0,2,2,2,2,0,0,2,2
100,8514.125,-6131.760,131.102,93.563,-0.062244,-0.998027,-0.008209,0.997996,-0.062144,-0.011919,0.011385,-0.008935,0.999895,0,-0.38489,0.55548,-23.093,1.111,-1,400.000,-1,375.000,-1,325.000,325.000,300.000,300.000,-1,-1,-1,-1,800.000,725.000,-1,-1,2,0,2,0,2,0,0,0,0,2,2,2,2,0,0,2,2
101,8516.006,-6154.777,130.821,94.674,-0.081576,-0.996638,-0.007573,0.996604,-0.081483,-0.011896,0.011239,-0.008517,0.999901,0,-0.38489,0.55548,-23.093,1.111,-1,400.000,-1,375.000,-1,325.000,325.000,300.000,300.000,-1,-1,-1,-1,800.000,750.000,-1,-1,2,0,2,0,2,0,0,0,0,2,2,2,2,0,0,2,2
102,8518.334,-6177.752,130.543,95.785,-0.100878,-0.994875,-0.006940,0.994837,-0.100791,-0.011886,0.011126,-0.008103,0.999905,0,-0.38489,0.55548,-23.093,1.111,-1,400.000,-1,375.000,-1,325.000,325.000,300.000,300.000,-1,-1,-1,-1,825.000,750.000,-1,-1,2,0,2,0,2,0,0,0,0,2,2,2,2,0,0,2,2
103,8520.455,-6195.922,130.323,96.656,-0.115984,-0.993230,-0.006441,0.993189,-0.115902,-0.011886,0.011059,-0.007776,0.999909,0,-0.30489,0.43548,-18.293,0.871,-1,400.000,-1,375.000,-1,325.000,325.000,300.000,300.000,-1,-1,-1,-1,825.000,750.000,-1,-1,2,0,2,0,2,0,0,0,0,2,2,2,2,0,0,2,2
104,8522.166,-6209.307,130.160,97.287,-0.126911,-0.991895,-0.006075,0.991853,-0.126833,-0.011889,0.011022,-0.007534,0.999911,0,-0.22489,0.31548,-13.493,0.631,-1,400.000,-1,375.000,-1,325.000,325.000,300.000,300.000,-1,-1,-1,-1,825.000,750.000,-1,-1,2,0,2,0,2,0,0,0,0,2,2,2,2,0,0,2,2
105,8523.356,-6217.918,130.052,97.867,-0.136942,-0.990562,-0.005838,0.990518,-0.136866,-0.011894,0.010983,-0.007411,0.999912,0,-0.14489,0.28996,-8.693,0.580,-1,400.000,-1,375.000,-1,325.000,325.000,300.000,300.000,-1,-1,-1,-1,825.000,750.000,-1,-1,2,0,2,0,2,0,0,0,0,2,2,2,2,0,0,2,2
106,8523.928,-6221.769,129.999,98.447,-0.146960,-0.989126,-0.005729,0.989082,-0.146885,-0.011898,0.010927,-0.007415,0.999913,0,-0.06489,0.28996,-3.893,0.580,-1,400.000,-1,375.000,-1,325.000,325.000,300.000,300.000,-1,-1,-1,-1,825.000,750.000,-1,-1,2,0,2,0,2,0,0,0,0,2,2,2,2,0,0,2,2
107,8523.785,-6220.874,129.998,99.027,-0.156964,-0.987588,-0.005747,0.987545,-0.156888,-0.011898,0.010849,-0.007543,0.999913,0,0.01511,0.28996,0.907,0.580,-1,400.000,-1,375.000,-1,325.000,325.000,300.000,300.000,-1,-1,-1,-1,825.000,750.000,-1,-1,2,0,2,0,2,0,0,0,0,2,2,2,2,0,0,2,2
108,8522.833,-6215.247,130.050,99.606,-0.166953,-0.985947,-0.005891,0.985906,-0.166875,-0.011892,0.010742,-0.007793,0.999912,0,0.09511,0.28996,5.707,0.580,-1,400.000,-1,375.000,-1,325.000,325.000,300.000,300.000,-1,-1,-1,-1,825.000,750.000,-1,-1,2,0,2,0,2,0,0,0,0,2,2,2,2,0,0,2,2
109,8520.975,-6204.906,130.157,100.186,-0.176926,-0.984205,-0.006143,0.984167,-0.176845,-0.011886,0.010611,-0.008149,0.999910,0,0.17511,0.28996,10.507,0.580,-1,400.000,-1,375.000,-1,325.000,325.000,300.000,300.000,-1,-1,-1,-1,825.000,750.000,-1,-1,2,0,2,0,2,0,0,0,0,2,2,2,2,0,0,2,2
110,8518.116,-6189.869,130.323,100.766,-0.186882,-0.982361,-0.006467,0.982327,-0.186797,-0.011894,0.010476,-0.008576,0.999908,0,0.25511,0.28996,15.307,0.580,-1,400.000,-1,400.000,-1,325.000,325.000,300.000,300.000,-1,-1,-1,-1,825.000,750.000,-1,-1,2,0,2,0,2,0,0,0,0,2,2,2,2,0,0,2,2
111,8514.160,-6170.155,130.538,101.346,-0.196819,-0.980416,-0.006900,0.980386,-0.196729,-0.011893,0.010303,-0.009105,0.999905,0,0.33511,0.28996,20.107,0.580,-1,400.000,-1,400.000,-1,325.000,325.000,300.000,300.000,-1,-1,-1,-1,825.000,750.000,-1,-1,2,0,2,0,2,0,0,0,0,2,2,2,2,0,0,2,2
112,8509.013,-6145.786,130.797,101.926,-0.206736,-0.978368,-0.007437,0.978345,-0.206641,-0.011881,0.010087,-0.009733,0.999902,0,0.41511,0.28996,24.907,0.580,-1,400.000,-1,400.000,-1,325.000,325.000,300.000,300.000,-1,-1,-1,-1,825.000,750.000,-1,-1,2,0,2,0,2,0,0,0,0,2,2,2,2,0,0,2,2
113,8502.580,-6116.785,131.096,102.506,-0.216633,-0.976220,-0.008077,0.976204,-0.216531,-0.011853,0.009822,-0.010453,0.999897,0,0.49511,0.28996,29.707,0.580,-1,400.000,-1,400.000,-1,325.000,325.000,300.000,300.000,-1,-1,-1,-1,825.000,750.000,-1,-1,2,0,2,0,2,0,0,0,0,2,2,2,2,0,0,2,2
114,8494.767,-6083.174,131.428,103.086,-0.226507,-0.973970,-0.008815,0.973963,-0.226399,-0.011808,0.009505,-0.011260,0.999891,0,0.57511,0.28996,34.507,0.580,-1,400.000,-1,400.000,-1,325.000,325.000,300.000,300.000,-1,-1,-1,-1,825.000,750.000,-1,-1,2,0,2,0,2,0,0,0,0,2,2,2,2,0,0,2,2
115,8485.480,-6044.980,131.786,103.666,-0.236358,-0.971618,-0.009648,0.971623,-0.236242,-0.011742,0.009129,-0.012150,0.999885,0,0.65511,0.28996,39.307,0.580,-1,400.000,-1,400.000,-1,325.000,325.000,300.000,300.000,-1,-1,-1,-1,825.000,775.000,-1,-1,2,0,2,0,2,0,0,0,0,2,2,2,2,0,0,2,2
116,8474.626,-6002.230,132.161,104.246,-0.246184,-0.969166,-0.010572,0.969184,-0.246061,-0.011652,0.008691,-0.013114,0.999876,0,0.73511,0.28996,44.107,0.580,-1,400.000,-1,400.000,-1,325.000,325.000,300.000,300.000,-1,-1,-1,-1,825.000,775.000,-1,-1,2,0,2,0,2,0,0,0,0,2,2,2,2,0,0,2,2
117,8462.112,-5954.951,132.564,104.826,-0.255983,-0.966611,-0.011674,0.966647,-0.255854,-0.011494,0.008124,-0.014227,0.999866,0,0.81511,0.28996,48.907,0.580,-1,400.000,-1,400.000,-1,325.000,325.000,300.000,300.000,-1,-1,-1,-1,825.000,775.000,-1,-1,2,0,2,0,2,0,0,0,0,2,2,2,2,0,0,2,2
118,8448.890,-5906.970,132.877,105.406,-0.265750,-0.963959,-0.012636,0.964015,-0.265621,-0.011011,0.007258,-0.015108,0.999860,0,0.82950,0.28996,49.770,0.580,-1,400.000,-1,400.000,-1,325.000,325.000,300.000,300.000,-1,-1,-1,-1,800.000,775.000,-1,-1,2,0,2,0,2,0,0,0,0,2,2,2,2,0,0,2,2
119,8435.184,-5859.124,133.152,105.986,-0.275487,-0.961209,-0.013591,0.961284,-0.275360,-0.010522,0.006372,-0.015963,0.999852,0,0.82950,0.28996,49.770,0.580,-1,400.000,-1,400.000,-1,325.000,325.000,300.000,300.000,-1,-1,-1,-1,800.000,775.000,-1,-1,2,0,2,0,2,0,0,0,0,2,2,2,2,0,0,2,2
120,8420.993,-5811.420,133.405,106.565,-0.285194,-0.958360,-0.014507,0.958454,-0.285071,-0.009985,0.005434,-0.016752,0.999845,0,0.82950,0.28996,49.770,0.580,-1,400.000,-1,400.000,-1,325.000,325.000,300.000,300.000,-1,-1,-1,-1,800.000,775.000,-1,-1,2,0,2,0,2,0,0,0,0,2,2,2,2,0,0,2,2
121,8406.321,-5763.861,133.647,107.145,-0.294870,-0.955415,-0.015306,0.955526,-0.294753,-0.009491,0.004556,-0.017423,0.999838,0,0.82950,0.28996,49.770,0.580,-1,400.000,-1,400.000,-1,325.000,325.000,300.000,300.000,-1,-1,-1,-1,800.000,775.000,-1,-1,2,0,2,0,2,0,0,0,0,2,2,2,2,0,0,2,2
122,8392.721,-5720.997,133.839,107.603,-0.302486,-0.953019,-0.016013,0.953146,-0.302374,-0.009068,0.003800,-0.018005,0.999831,0,0.74950,0.22890,44.970,0.458,-1,400.000,-1,400.000,-1,325.000,325.000,300.000,300.000,-1,-1,-1,-1,800.000,775.000,-1,-1,2,0,2,0,2,0,0,0,0,2,2,2,2,0,0,2,2
123,8379.391,-5680.134,133.995,108.066,-0.310171,-0.950534,-0.016674,0.950676,-0.310065,-0.008681,0.003081,-0.018544,0.999823,0,0.71637,0.23159,42.982,0.463,-1,400.000,-1,400.000,-1,325.000,325.000,300.000,300.000,-1,-1,-1,-1,775.000,775.000,-1,-1,2,0,2,0,2,0,0,0,0,2,2,2,2,0,0,2,2
124,8365.715,-5639.342,134.124,108.535,-0.317920,-0.947959,-0.017320,0.948115,-0.317820,-0.008311,0.002374,-0.019064,0.999815,0,0.71706,0.23414,43.024,0.468,-1,400.000,-1,400.000,-1,325.000,325.000,300.000,300.000,-1,-1,-1,-1,775.000,775.000,-1,-1,2,0,2,0,2,0,0,0,0,2,2,2,2,0,0,2,2
125,8351.690,-5598.628,134.225,109.008,-0.325731,-0.945292,-0.017951,0.945461,-0.325638,-0.007961,0.001680,-0.019565,0.999807,0,0.71769,0.23667,43.061,0.473,-1,400.000,-1,400.000,-1,325.000,325.000,300.000,300.000,-1,-1,-1,-1,775.000,775.000,-1,-1,2,0,2,0,2,0,0,0,0,2,2,2,2,0,0,2,2
126,8337.314,-5558.001,134.324,109.486,-0.333597,-0.942534,-0.018494,0.942715,-0.333514,-0.007515,0.000915,-0.019942,0.999801,0,0.71826,0.23911,43.096,0.478,-1,400.000,-1,400.000,-1,325.000,325.000,300.000,300.000,-1,-1,-1,-1,775.000,775.000,-1,-1,2,0,2,0,2,0,0,0,0,2,2,2,2,0,0,2,2
127,8322.585,-5517.468,134.399,109.969,-0.341516,-0.939684,-0.019006,0.939876,-0.341443,-0.007062,0.000147,-0.020275,0.999794,0,0.71877,0.24144,43.126,0.483,-1,400.000,-1,400.000,-1,325.000,325.000,300.000,300.000,-1,-1,-1,-1,750.000,775.000,-1,-1,2,0,2,0,2,0,0,0,0,2,2,2,2,0,0,2,2
128,8307.503,-5477.036,134.445,110.456,-0.349484,-0.936739,-0.019495,0.936942,-0.349422,-0.006619,-0.000611,-0.020579,0.999788,0,0.71922,0.24370,43.153,0.487,-1,400.000,-1,400.000,-1,325.000,325.000,300.000,300.000,-1,-1,-1,-1,750.000,775.000,-1,-1,2,0,2,0,2,0,0,0,0,2,2,2,2,0,0,2,2
129,8292.066,-5436.713,134.462,110.948,-0.357498,-0.933701,-0.019962,0.933913,-0.357447,-0.006187,-0.001359,-0.020854,0.999782,0,0.71961,0.24589,43.177,0.492,-1,400.000,-1,400.000,-1,325.000,325.000,300.000,300.000,-1,-1,-1,-1,750.000,775.000,-1,-1,2,0,2,0,2,0,0,0,0,2,2,2,2,0,0,2,2
130,8276.274,-5396.507,134.449,111.444,-0.365554,-0.930566,-0.020404,0.930788,-0.365515,-0.005764,-0.002094,-0.021099,0.999775,0,0.71995,0.24801,43.197,0.496,-1,400.000,-1,400.000,-1,325.000,325.000,300.000,300.000,-1,-1,-1,-1,750.000,775.000,-1,-1,2,0,2,0,2,0,0,0,0,2,2,2,2,0,0,2,2
131,8260.124,-5356.424,134.382,111.944,-0.373651,-0.927338,-0.020722,0.927565,-0.373622,-0.005381,-0.002752,-0.021232,0.999771,0,0.72023,0.25005,43.214,0.500,-1,400.000,-1,400.000,-1,325.000,325.000,300.000,300.000,-1,-1,-1,-1,725.000,775.000,-1,-1,2,0,2,0,2,0,0,0,0,2,2,2,2,0,0,2,2
132,8243.618,-5316.473,134.241,112.448,-0.381786,-0.924016,-0.020817,0.924245,-0.381766,-0.005064,-0.003268,-0.021173,0.999770,0,0.72045,0.25202,43.227,0.504,-1,400.000,-1,400.000,-1,325.000,325.000,300.000,300.000,-1,-1,-1,-1,725.000,775.000,-1,-1,2,0,2,0,2,0,0,0,0,2,2,2,2,0,0,2,2
133,8226.755,-5276.661,134.031,112.956,-0.389950,-0.920601,-0.020814,0.920828,-0.389943,-0.004570,-0.003909,-0.020948,0.999773,0,0.72061,0.25391,43.237,0.508,-1,400.000,-1,400.000,-1,325.000,325.000,300.000,300.000,-1,-1,-1,-1,725.000,750.000,-1,-1,2,0,2,0,2,0,0,0,0,2,2,2,2,0,0,2,2
134,8209.534,-5236.994,133.807,113.468,-0.398142,-0.917087,-0.020841,0.917313,-0.398146,-0.004130,-0.004510,-0.020763,0.999774,0,0.72072,0.25572,43.243,0.511,-1,375.000,-1,400.000,-1,325.000,325.000,300.000,300.000,-1,-1,-1,-1,725.000,750.000,-1,-1,2,0,2,0,2,0,0,0,0,2,2,2,2,0,0,2,2
135,8191.956,-5197.481,133.574,113.983,-0.406359,-0.913474,-0.020907,0.913700,-0.406373,-0.003765,-0.005057,-0.020633,0.999774,0,0.72078,0.25746,43.247,0.515,-1,375.000,-1,400.000,-1,325.000,325.000,300.000,300.000,-1,-1,-1,-1,700.000,750.000,-1,-1,2,0,2,0,2,0,0,0,0,2,2,2,2,0,0,2,2
136,8174.021,-5158.128,133.338,114.501,-0.414596,-0.909763,-0.020993,0.909989,-0.414619,-0.003443,-0.005571,-0.020531,0.999774,0,0.72079,0.25911,43.247,0.518,-1,375.000,-1,400.000,-1,325.000,325.000,300.000,300.000,-1,-1,-1,-1,700.000,750.000,-1,-1,2,0,2,0,2,0,0,0,0,2,2,2,2,0,0,2,2
137,8155.730,-5118.942,133.106,115.022,-0.422849,-0.905955,-0.021081,0.906180,-0.422881,-0.003133,-0.006076,-0.020427,0.999773,0,0.72075,0.26068,43.245,0.521,-1,375.000,-1,375.000,-1,300.000,325.000,300.000,300.000,-1,-1,-1,-1,675.000,725.000,-1,-1,2,0,2,0,2,0,0,0,0,2,2,2,2,0,0,2,2
138,8135.145,-5075.879,132.921,115.549,-0.431160,-0.902036,-0.020814,0.902254,-0.431196,-0.002957,-0.006308,-0.020055,0.999779,0,0.79550,0.26339,47.730,0.527,-1,375.000,-1,375.000,-1,300.000,325.000,300.000,300.000,-1,-1,-1,-1,675.000,725.000,-1,-1,2,0,2,0,2,0,0,0,0,2,2,2,2,0,0,2,2
