timestep,x_cm,y_cm,z_cm,yaw_deg,basis_xx,basis_xy,basis_xz,basis_yx,basis_yy,basis_yz,basis_zx,basis_zy,basis_zz,teleport_flag,throttle_cmd,steering_cmd,cmd_move_cm,cmd_turn_deg,lidar_cm_0,lidar_cm_1,lidar_cm_2,lidar_cm_3,lidar_cm_4,lidar_cm_5,lidar_cm_6,lidar_cm_7,lidar_cm_8,lidar_cm_9,lidar_cm_10,lidar_cm_11,lidar_cm_12,lidar_cm_13,lidar_cm_14,lidar_cm_15,lidar_cm_16,lidar_class_0,lidar_class_1,lidar_class_2,lidar_class_3,lidar_class_4,lidar_class_5,lidar_class_6,lidar_class_7,lidar_class_8,lidar_class_9,lidar_class_10,lidar_class_11,lidar_class_12,lidar_class_13,lidar_class_14,lidar_class_15,lidar_class_16
0,328.979,-979.196,94.708,77.438,0.221616,-0.974436,0.036886,0.971136,0.217127,-0.098747,0.088214,0.057705,0.994429,1,0.08000,-0.12000,4.800,-0.240,-1,375.000,-1,400.000,-1,300.000,325.000,325.000,350.000,-1,750.000,500.000,-1,925.000,-1,-1,-1,2,0,2,0,2,0,0,0,0,2,0,0,2,0,2,2,2
1,331.145,-969.844,95.572,76.958,0.229824,-0.972515,0.037349,0.969279,0.225267,-0.098754,0.087627,0.058898,0.994411,0,0.16000,-0.24000,9.600,-0.480,-1,375.000,-1,425.000,-1,300.000,325.000,325.000,350.000,-1,775.000,525.000,-1,925.000,-1,-1,-1,2,0,2,0,2,0,0,0,0,2,0,0,2,0,2,2,2
2,334.569,-955.856,96.858,76.238,0.242106,-0.969503,0.038070,0.966365,0.237444,-0.098784,0.086732,0.060705,0.994380,0,0.24000,-0.36000,14.400,-0.720,-1,375.000,-1,425.000,-1,300.000,325.000,325.000,350.000,-1,850.000,575.000,-1,925.000,-1,-1,-1,2,0,2,0,2,0,0,0,0,2,0,0,2,0,2,2,2
3,339.407,-937.276,98.550,75.401,0.256349,-0.965795,0.039064,0.962783,0.251551,-0.098853,0.085645,0.062951,0.994335,0,0.32000,-0.41864,19.200,-0.837,-1,375.000,-1,425.000,-1,300.000,325.000,325.000,325.000,-1,925.000,600.000,-1,950.000,-1,-1,-1,2,0,2,0,2,0,0,0,0,2,0,0,2,0,2,2,2
4,345.792,-914.140,100.636,74.564,0.270552,-0.961860,0.040343,0.958991,0.265594,-0.098978,0.084488,0.065468,0.994272,0,0.40000,-0.41864,24.000,-0.837,-1,375.000,-1,425.000,-1,300.000,325.000,325.000,325.000,-1,-1,675.000,-1,950.000,-1,-1,-1,2,0,2,0,2,0,0,0,0,2,2,0,2,0,2,2,2
5,353.860,-886.493,103.102,73.727,0.284714,-0.957695,0.041929,0.954990,0.279568,-0.099176,0.083259,0.068278,0.994186,0,0.48000,-0.41864,28.800,-0.837,-1,400.000,-1,425.000,-1,325.000,325.000,350.000,325.000,-1,-1,750.000,-1,-1,-1,-1,-1,2,0,2,0,2,0,0,0,0,2,2,0,2,2,2,2,2
6,363.743,-854.379,105.937,72.889,0.298832,-0.953298,0.043838,0.950780,0.293468,-0.099468,0.081957,0.071405,0.994075,0,0.56000,-0.41864,33.600,-0.837,-1,400.000,-1,425.000,-1,325.000,325.000,350.000,325.000,-1,-1,825.000,-1,-1,-1,-1,-1,2,0,2,0,2,0,0,0,0,2,2,0,2,2,2,2,2
7,375.573,-817.846,109.127,72.052,0.312902,-0.948666,0.046092,0.946361,0.307289,-0.099875,0.080585,0.074870,0.993932,0,0.64000,-0.41864,38.400,-0.837,-1,400.000,-1,450.000,-1,325.000,350.000,350.000,325.000,-1,-1,925.000,-1,-1,-1,-1,-1,2,0,2,0,2,0,0,0,0,2,2,0,2,2,2,2,2
8,389.481,-776.946,112.660,71.215,0.326921,-0.943796,0.048707,0.941732,0.321024,-0.100421,0.079141,0.078698,0.993752,0,0.72000,-0.41864,43.200,-0.837,-1,425.000,-1,450.000,-1,350.000,350.000,350.000,325.000,-1,-1,-1,-1,-1,-1,-1,-1,2,0,2,0,2,0,0,0,0,2,2,2,2,2,2,2,2
9,405.596,-731.731,116.472,70.377,0.340880,-0.938697,0.051476,0.936884,0.334671,-0.101211,0.077779,0.082728,0.993532,0,0.80000,-0.41864,48.000,-0.837,-1,450.000,-1,450.000,-1,350.000,350.000,350.000,325.000,-1,-1,-1,-1,-1,-1,-1,-1,2,0,2,0,2,0,0,0,0,2,2,2,2,2,2,2,2
10,423.249,-684.427,119.780,69.534,0.354584,-0.933533,0.052775,0.932059,0.348405,-0.099402,0.074408,0.084436,0.993647,0,0.84151,-0.42178,50.490,-0.844,-1,450.000,-1,450.000,-1,350.000,350.000,350.000,325.000,-1,-1,-1,-1,-1,-1,-1,-1,2,0,2,0,2,0,0,0,0,2,2,2,2,2,2,2,2
11,441.686,-637.179,122.939,68.683,0.368287,-0.928141,0.054020,0.927021,0.362183,-0.097236,0.070684,0.085889,0.993794,0,0.84529,-0.42542,50.717,-0.851,-1,450.000,-1,450.000,-1,350.000,350.000,350.000,325.000,-1,-1,-1,-1,-1,-1,-1,-1,2,0,2,0,2,0,0,0,0,2,2,2,2,2,2,2,2
12,460.914,-590.002,125.936,67.825,0.381982,-0.922519,0.055210,0.921768,0.376006,-0.094675,0.066580,0.087055,0.993976,0,0.84908,-0.42908,50.945,-0.858,-1,450.000,-1,475.000,-1,350.000,375.000,325.000,325.000,-1,-1,-1,-1,-1,-1,-1,-1,2,0,2,0,2,0,0,0,0,2,2,2,2,2,2,2,2
13,480.944,-542.912,128.456,66.959,0.395550,-0.916756,0.055668,0.916404,0.389907,-0.090418,0.061186,0.086779,0.994347,0,0.85288,-0.43277,51.173,-0.866,-1,450.000,-1,450.000,-1,350.000,375.000,325.000,325.000,-1,-1,-1,-1,-1,-1,-1,-1,2,0,2,0,2,0,0,0,0,2,2,2,2,2,2,2,2
14,499.558,-500.439,130.359,66.334,0.405267,-0.912362,0.057922,0.912510,0.399857,-0.086256,0.055537,0.087811,0.994588,0,0.77288,-0.31277,46.373,-0.626,-1,450.000,-1,450.000,-1,350.000,350.000,325.000,325.000,-1,-1,-1,-1,-1,-1,-1,-1,2,0,2,0,2,0,0,0,0,2,2,2,2,2,2,2,2
15,516.501,-462.476,131.910,65.948,0.411160,-0.909536,0.060761,0.910170,0.405935,-0.082499,0.050371,0.089224,0.994737,0,0.69288,-0.19277,41.573,-0.386,-1,450.000,-1,450.000,-1,350.000,350.000,325.000,325.000,-1,-1,-1,-1,-1,-1,-1,-1,2,0,2,0,2,0,0,0,0,2,2,2,2,2,2,2,2
16,531.573,-428.934,133.279,65.803,0.413261,-0.908402,0.063405,0.909442,0.408200,-0.079293,0.046148,0.090432,0.994833,0,0.61288,-0.07277,36.773,-0.146,-1,450.000,-1,450.000,-1,350.000,350.000,325.000,325.000,-1,-1,-1,-1,-1,-1,-1,-1,2,0,2,0,2,0,0,0,0,2,2,2,2,2,2,2,2
17,544.629,-399.749,134.477,65.897,0.411588,-0.908992,0.065798,0.910361,0.406665,-0.076592,0.042864,0.091424,0.994889,0,0.53288,0.04723,31.973,0.094,-1,425.000,-1,450.000,-1,350.000,350.000,350.000,325.000,-1,-1,-1,-1,-1,-1,-1,-1,2,0,2,0,2,0,0,0,0,2,2,2,2,2,2,2,2
18,555.580,-374.881,135.511,66.232,0.406138,-0.911286,0.067900,0.912913,0.401323,-0.074357,0.040511,0.092187,0.994917,0,0.45288,0.16723,27.173,0.334,-1,425.000,-1,450.000,-1,350.000,350.000,350.000,325.000,-1,-1,-1,-1,-1,-1,-1,-1,2,0,2,0,2,0,0,0,0,2,2,2,2,2,2,2,2
19,564.391,-354.317,136.384,66.806,0.396884,-0.915219,0.069694,0.917036,0.392147,-0.072560,0.039078,0.092710,0.994926,0,0.37288,0.28723,22.373,0.574,-1,425.000,-1,425.000,-1,350.000,350.000,350.000,325.000,-1,-1,-1,-1,-1,-1,-1,-1,2,0,2,0,2,0,0,0,0,2,2,2,2,2,2,2,2
20,571.081,-338.068,137.095,67.621,0.383781,-0.920677,0.071175,0.922619,0.379088,-0.071179,0.038551,0.092984,0.994921,0,0.29288,0.40723,17.573,0.814,-1,450.000,-1,425.000,-1,350.000,350.000,350.000,325.000,-1,-1,-1,-1,-1,-1,-1,-1,2,0,2,0,2,0,0,0,0,2,2,2,2,2,2,2,2
21,575.725,-326.171,137.640,68.675,0.366765,-0.927496,0.072357,0.929500,0.362080,-0.070203,0.038914,0.093003,0.994905,0,0.21288,0.52723,12.773,1.054,-1,450.000,-1,425.000,-1,350.000,350.000,350.000,325.000,-1,-1,-1,-1,-1,-1,-1,-1,2,0,2,0,2,0,0,0,0,2,2,2,2,2,2,2,2
22,578.485,-318.692,138.003,69.745,0.349397,-0.934111,0.073199,0.936129,0.344698,-0.069608,0.039790,0.092845,0.994885,0,0.13288,0.53514,7.973,1.070,-1,450.000,-1,425.000,-1,350.000,350.000,350.000,325.000,-1,-1,-1,-1,-1,-1,-1,-1,2,0,2,0,2,0,0,0,0,2,2,2,2,2,2,2,2
23,579.527,-315.697,138.168,70.812,0.331993,-0.940396,0.073734,0.942384,0.327253,-0.069408,0.041141,0.092529,0.994860,0,0.05288,0.53350,3.173,1.067,-1,450.000,-1,425.000,-1,350.000,350.000,350.000,325.000,-1,-1,-1,-1,-1,-1,-1,-1,2,0,2,0,2,0,0,0,0,2,2,2,2,2,2,2,2
24,579.021,-317.244,138.122,71.877,0.314544,-0.946354,0.073998,0.948270,0.309737,-0.069616,0.042961,0.092068,0.994826,0,-0.02712,0.53230,-1.627,1.065,-1,450.000,-1,425.000,-1,350.000,350.000,350.000,325.000,-1,-1,-1,-1,-1,-1,-1,-1,2,0,2,0,2,0,0,0,0,2,2,2,2,2,2,2,2
25,577.135,-323.389,137.851,72.940,0.297042,-0.951990,0.074030,0.953792,0.292142,-0.070245,0.045245,0.091475,0.994779,0,-0.10712,0.53155,-6.427,1.063,-1,450.000,-1,425.000,-1,350.000,350.000,350.000,325.000,-1,-1,-1,-1,-1,-1,-1,-1,2,0,2,0,2,0,0,0,0,2,2,2,2,2,2,2,2
26,574.697,-331.896,137.458,74.003,0.279462,-0.957302,0.073987,0.958969,0.274455,-0.071089,0.047748,0.090818,0.994722,0,-0.14748,0.53126,-8.849,1.063,-1,450.000,-1,425.000,-1,350.000,350.000,350.000,325.000,-1,-1,-1,-1,-1,-1,-1,-1,2,0,2,0,2,0,0,0,0,2,2,2,2,2,2,2,2
27,572.401,-340.503,137.055,75.065,0.261788,-0.962285,0.073995,0.963817,0.256673,-0.071935,0.050230,0.090150,0.994661,0,-0.14845,0.53121,-8.907,1.062,-1,450.000,-1,425.000,-1,350.000,350.000,350.000,325.000,-1,-1,-1,-1,-1,-1,-1,-1,2,0,2,0,2,0,0,0,0,2,2,2,2,2,2,2,2
28,570.252,-349.207,136.642,76.127,0.244024,-0.966937,0.074057,0.968337,0.238803,-0.072780,0.052689,0.089472,0.994595,0,-0.14941,0.53117,-8.965,1.062,-1,450.000,-1,425.000,-1,350.000,350.000,350.000,325.000,-1,-1,-1,-1,-1,-1,-1,-1,2,0,2,0,2,0,0,0,0,2,2,2,2,2,2,2,2
29,568.252,-358.005,136.220,77.190,0.226176,-0.971258,0.074172,0.972525,0.220849,-0.073622,0.055125,0.088786,0.994524,0,-0.15035,0.53114,-9.021,1.062,-1,450.000,-1,425.000,-1,350.000,350.000,350.000,325.000,-1,-1,-1,-1,-1,-1,-1,-1,2,0,2,0,2,0,0,0,0,2,2,2,2,2,2,2,2
30,566.404,-366.892,135.788,78.252,0.208251,-0.975246,0.074340,0.976382,0.202817,-0.074457,0.057537,0.088090,0.994449,0,-0.15127,0.53113,-9.076,1.062,-1,425.000,-1,425.000,-1,350.000,350.000,350.000,325.000,-1,-1,-1,-1,-1,-1,-1,-1,2,0,2,0,2,0,0,0,0,2,2,2,2,2,2,2,2
31,564.711,-375.864,135.347,79.314,0.190253,-0.978900,0.074562,0.979905,0.184714,-0.075284,0.059923,0.087386,0.994371,0,-0.15217,0.53113,-9.130,1.062,-1,425.000,-1,425.000,-1,350.000,350.000,350.000,325.000,-1,-1,-1,-1,-1,-1,-1,-1,2,0,2,0,2,0,0,0,0,2,2,2,2,2,2,2,2
32,563.982,-380.134,135.170,80.315,0.173207,-0.982030,0.074947,0.982949,0.167596,-0.075649,0.061729,0.086772,0.994314,0,-0.07217,0.50043,-4.330,1.001,-1,425.000,-1,425.000,-1,350.000,350.000,350.000,300.000,-1,-1,-1,-1,-1,-1,-1,-1,2,0,2,0,2,0,0,0,0,2,2,2,2,2,2,2,2
33,564.054,-379.670,135.272,81.315,0.156089,-0.984854,0.075488,0.985729,0.150437,-0.075550,0.063049,0.086203,0.994281,0,0.00783,0.50006,0.470,1.000,-1,425.000,-1,425.000,-1,350.000,350.000,350.000,300.000,-1,-1,-1,-1,-1,-1,-1,-1,2,0,2,0,2,0,0,0,0,2,2,2,2,2,2,2,2
34,564.759,-374.449,135.664,82.314,0.138919,-0.987372,0.076147,0.988241,0.133258,-0.074985,0.063891,0.085668,0.994273,0,0.08783,0.49926,5.270,0.999,-1,425.000,-1,425.000,-1,350.000,350.000,350.000,300.000,-1,-1,-1,-1,-1,-1,-1,-1,2,0,2,0,2,0,0,0,0,2,2,2,2,2,2,2,2
35,565.932,-364.449,136.359,83.310,0.121714,-0.989583,0.076885,0.990483,0.116079,-0.073956,0.064261,0.085155,0.994293,0,0.16783,0.49803,10.070,0.996,-1,425.000,-1,425.000,-1,350.000,350.000,350.000,300.000,-1,-1,-1,-1,-1,-1,-1,-1,2,0,2,0,2,0,0,0,0,2,2,2,2,2,2,2,2
36,567.409,-349.654,137.365,84.302,0.104496,-0.991488,0.077665,0.992453,0.098921,-0.072469,0.064169,0.084652,0.994342,0,0.24783,0.49637,14.870,0.993,-1,425.000,-1,425.000,-1,350.000,350.000,350.000,300.000,-1,-1,-1,-1,-1,-1,-1,-1,2,0,2,0,2,0,0,0,0,2,2,2,2,2,2,2,2
37,569.024,-330.052,138.670,85.291,0.087268,-0.993099,0.078355,0.994156,0.081804,-0.070439,0.063543,0.084044,0.994434,0,0.32783,0.49429,19.670,0.989,-1,425.000,-1,425.000,-1,350.000,350.000,350.000,300.000,-1,-1,-1,-1,-1,-1,-1,-1,2,0,2,0,2,0,0,0,0,2,2,2,2,2,2,2,2
38,570.615,-305.635,140.247,86.275,0.070035,-0.994429,0.078782,0.995598,0.064749,-0.067760,0.062281,0.083181,0.994586,0,0.40783,0.49180,24.470,0.984,-1,425.000,-1,425.000,-1,350.000,350.000,350.000,300.000,-1,-1,-1,-1,-1,-1,-1,-1,2,0,2,0,2,0,0,0,0,2,2,2,2,2,2,2,2
39,572.020,-276.400,142.166,87.252,0.052843,-0.995463,0.079130,0.996764,0.047773,-0.064654,0.060580,0.082291,0.994765,0,0.48783,0.48890,29.270,0.978,-1,450.000,-1,425.000,-1,350.000,350.000,350.000,300.000,-1,-1,-1,-1,-1,-1,-1,-1,2,0,2,0,2,0,0,0,0,2,2,2,2,2,2,2,2
40,573.077,-242.348,144.433,88.224,0.035712,-0.996207,0.079353,0.997652,0.030895,-0.061122,0.058438,0.081350,0.994971,0,0.56783,0.48562,34.070,0.971,-1,450.000,-1,425.000,-1,350.000,350.000,375.000,300.000,-1,-1,-1,-1,-1,-1,-1,-1,2,0,2,0,2,0,0,0,0,2,2,2,2,2,2,2,2
41,573.630,-203.484,147.053,89.188,0.018657,-0.996668,0.079407,0.998265,0.014132,-0.057168,0.055855,0.080335,0.995202,0,0.64783,0.48198,38.870,0.964,-1,450.000,-1,425.000,-1,350.000,350.000,375.000,325.000,-1,-1,-1,-1,-1,-1,-1,-1,2,0,2,0,2,0,0,0,0,2,2,2,2,2,2,2,2
42,573.519,-159.816,150.033,90.147,0.001629,-0.996854,0.079245,0.998602,-0.002565,-0.052794,0.052831,0.079220,0.995456,0,0.72783,0.47990,43.670,0.960,-1,450.000,-1,425.000,-1,350.000,350.000,375.000,325.000,-1,-1,-1,-1,-1,-1,-1,-1,2,0,2,0,2,0,0,0,0,2,2,2,2,2,2,2,2
43,572.588,-111.356,153.377,91.103,-0.015370,-0.996770,0.078823,0.998663,-0.019196,-0.048006,0.049364,0.077980,0.995732,0,0.80783,0.47791,48.470,0.956,-1,450.000,-1,425.000,-1,350.000,350.000,375.000,325.000,-1,-1,-1,-1,-1,-1,-1,-1,2,0,2,0,2,0,0,0,0,2,2,2,2,2,2,2,2
44,570.574,-58.994,157.037,92.205,-0.034946,-0.996339,0.078021,0.998347,-0.038368,-0.042800,0.045637,0.076396,0.996033,0,0.87338,0.55102,52.403,1.102,-1,450.000,-1,450.000,-1,350.000,350.000,375.000,325.000,-1,-1,-1,-1,-1,-1,-1,-1,2,0,2,0,2,0,0,0,0,2,2,2,2,2,2,2,2
45,567.529,-6.265,160.493,93.307,-0.054429,-0.995473,0.077911,0.997622,-0.057519,-0.037982,0.042292,0.075659,0.996236,0,0.88029,0.55080,52.817,1.102,-1,450.000,-1,450.000,-1,350.000,350.000,375.000,325.000,-1,-1,-1,-1,-1,-1,-1,-1,2,0,2,0,2,0,0,0,0,2,2,2,2,2,2,2,2
46,563.438,46.813,161.897,94.408,-0.073831,-0.994159,0.078724,0.996509,-0.076629,-0.033132,0.038971,0.076003,0.996346,0,0.88727,0.55035,53.236,1.101,-1,450.000,-1,450.000,-1,350.000,350.000,375.000,325.000,-1,-1,-1,-1,-1,-1,-1,-1,2,0,2,0,2,0,0,0,0,2,2,2,2,2,2,2,2
47,558.291,100.224,162.771,95.507,-0.093326,-0.992665,0.076850,0.995020,-0.095703,-0.027847,0.034997,0.073868,0.996654,0,0.89433,0.54963,53.660,1.099,-1,450.000,-1,425.000,-1,350.000,350.000,375.000,300.000,-1,-1,-1,-1,-1,-1,-1,-1,2,0,2,0,2,0,0,0,0,2,2,2,2,2,2,2,2
48,552.074,153.950,163.687,96.604,-0.112748,-0.990816,0.074647,0.993142,-0.114714,-0.022578,0.030933,0.071589,0.996954,0,0.90144,0.54865,54.086,1.097,-1,450.000,-1,425.000,-1,350.000,350.000,375.000,300.000,-1,-1,-1,-1,-1,-1,-1,-1,2,0,2,0,2,0,0,0,0,2,2,2,2,2,2,2,2
49,544.774,207.974,164.643,97.699,-0.132079,-0.988612,0.072121,0.990878,-0.133646,-0.017335,0.026776,0.069174,0.997245,0,0.90860,0.54736,54.516,1.095,-1,450.000,-1,425.000,-1,350.000,350.000,350.000,300.000,-1,-1,-1,-1,-1,-1,-1,-1,2,0,2,0,2,0,0,0,0,2,2,2,2,2,2,2,2
50,536.380,262.276,165.636,98.790,-0.151295,-0.986058,0.069278,0.988232,-0.152481,-0.012129,0.022523,0.066628,0.997524,0,0.91579,0.54577,54.948,1.092,-1,450.000,-1,425.000,-1,325.000,325.000,350.000,300.000,-1,-1,-1,-1,-1,-1,-1,-1,2,0,2,1,2,0,0,0,0,2,2,2,2,2,2,2,2
51,526.882,316.836,166.664,99.878,-0.170377,-0.983158,0.066124,0.985211,-0.171201,-0.006968,0.018171,0.063959,0.997787,0,0.92302,0.54384,55.381,1.088,-1,450.000,-1,-1,-1,325.000,325.000,350.000,300.000,-1,-1,-1,-1,-1,-1,-1,-1,2,1,2,2,2,0,0,0,0,2,2,2,2,2,2,2,2
52,516.272,371.633,167.723,100.961,-0.189301,-0.979917,0.062667,0.981823,-0.189788,-0.001862,0.013718,0.061176,0.998033,0,0.93026,0.54155,55.816,1.083,-1,750.000,-1,-1,-1,325.000,-1,325.000,300.000,-1,-1,-1,-1,-1,-1,-1,-1,2,1,2,2,2,0,2,0,0,2,2,2,2,2,2,2,2
53,504.543,426.646,168.812,102.039,-0.208044,-0.976344,0.058915,0.978077,-0.208221,0.003181,0.009161,0.058286,0.998258,0,0.93750,0.53886,56.250,1.078,-1,750.000,-1,-1,-1,-1,-1,325.000,300.000,-1,-1,-1,-1,-1,-1,-1,-1,2,1,2,2,2,2,2,0,0,2,2,2,2,2,2,2,2
54,491.688,481.851,169.926,103.110,-0.226583,-0.972445,0.054877,0.973982,-0.226481,0.008154,0.004499,0.055297,0.998460,0,0.94471,0.53574,56.683,1.071,-1,750.000,-1,-1,-1,1000.000,-1,325.000,300.000,-1,-1,-1,-1,-1,-1,-1,-1,2,1,2,2,2,1,2,0,0,2,2,2,2,2,2,2,2
55,477.705,537.225,171.063,104.175,-0.244892,-0.968231,0.050562,0.969550,-0.244545,0.013050,-0.000270,0.052218,0.998636,0,0.95187,0.53214,57.112,1.064,-1,750.000,-1,-1,-1,950.000,-1,325.000,300.000,-1,-1,-1,-1,-1,-1,-1,-1,2,1,2,2,2,1,2,0,0,2,2,2,2,2,2,2,2
56,462.592,592.742,171.940,105.231,-0.262913,-0.963665,0.047187,0.964810,-0.262377,0.017339,-0.004328,0.050085,0.998736,0,0.95896,0.52802,57.537,1.056,-1,725.000,-1,-1,-1,925.000,-1,325.000,325.000,-1,-1,-1,-1,-1,-1,-1,-1,2,1,2,2,2,1,2,0,0,2,2,2,2,2,2,2,2
57,446.331,648.370,164.746,106.277,-0.282345,-0.957003,0.066535,0.958873,-0.279436,0.049783,-0.029050,0.077855,0.996541,0,0.96592,0.52330,57.955,1.047,-1,675.000,-1,-1,-1,800.000,950.000,375.000,250.000,-1,-1,-1,-1,950.000,-1,-1,-1,2,1,2,2,2,1,1,0,0,2,2,2,2,1,2,2,2
58,428.932,704.081,155.481,107.313,-0.303540,-0.948553,0.090059,0.950954,-0.295680,0.090881,-0.059577,0.113228,0.991781,0,0.97271,0.51792,58.362,1.036,-1,600.000,-1,-1,-1,675.000,825.000,425.000,175.000,-1,-1,-1,-1,850.000,-1,-1,-1,2,1,2,2,2,1,1,0,0,2,2,2,2,1,2,2,2
59,410.411,759.846,145.717,108.337,-0.325545,-0.939121,0.109872,0.941501,-0.311252,0.129219,-0.087154,0.145511,0.985510,0,0.97926,0.51178,58.756,1.024,-1,525.000,-1,-1,-1,575.000,725.000,475.000,125.000,-1,-1,-1,-1,775.000,-1,-1,-1,2,1,2,2,2,1,1,0,0,2,2,2,2,1,2,2,2
60,6058.995,-4613.523,99.864,-121.443,-0.518988,0.851140,-0.078822,-0.853905,-0.520422,0.002716,-0.038709,0.068716,0.996885,1,0.00000,0.00000,59.130,1.009,-1,550.000,-1,-1,-1,475.000,525.000,300.000,250.000,-1,-1,-1,-1,925.000,-1,-1,-1,2,1,2,2,2,1,1,1,1,2,2,2,2,1,2,2,2
61,6056.508,-4617.629,99.699,-121.203,-0.515303,0.853277,-0.079879,-0.856085,-0.516832,0.001781,-0.039764,0.069301,0.996803,0,0.08000,0.12000,4.800,0.240,-1,550.000,-1,-1,-1,475.000,525.000,300.000,250.000,-1,-1,-1,-1,925.000,-1,-1,-1,2,1,2,2,2,1,1,1,1,2,2,2,2,1,2,2,2
62,6051.604,-4625.882,99.371,-120.723,-0.507900,0.857506,-0.081982,-0.860398,-0.509623,-0.000109,-0.041873,0.070482,0.996634,0,0.16000,0.24000,9.600,0.480,-1,525.000,-1,-1,-1,475.000,525.000,300.000,250.000,-1,-1,-1,-1,900.000,-1,-1,-1,2,1,2,2,2,1,1,1,1,2,2,2,2,1,2,2,2
63,6044.404,-4638.353,98.882,-120.003,-0.496714,0.863731,-0.085111,-0.866745,-0.498743,-0.002998,-0.045037,0.072280,0.996367,0,0.24000,0.36000,14.400,0.720,-1,525.000,-1,-1,-1,450.000,525.000,300.000,250.000,-1,-1,-1,-1,875.000,-1,-1,-1,2,1,2,2,2,1,1,1,1,2,2,2,2,1,2,2,2
64,6035.084,-4655.139,98.237,-119.043,-0.481652,0.871808,-0.089226,-0.874977,-0.484114,-0.006949,-0.049253,0.074724,0.995987,0,0.32000,0.48000,19.200,0.960,-1,500.000,-1,-1,-1,450.000,525.000,300.000,250.000,-1,-1,-1,-1,850.000,-1,-1,-1,2,1,2,2,2,1,1,1,1,2,2,2,2,1,2,2,2
65,6023.878,-4676.362,97.079,-117.843,-0.462633,0.881452,-0.094935,-0.884939,-0.465590,-0.010467,-0.053427,0.079170,0.995428,0,0.40000,0.60000,24.000,1.200,-1,500.000,-1,-1,-1,450.000,500.000,275.000,250.000,-1,-1,-1,-1,825.000,-1,-1,-1,2,1,2,2,2,1,1,1,1,2,2,2,2,1,2,2,2
66,-6887.247,-983.887,-308.332,-68.435,0.363015,0.927645,0.087726,-0.929930,0.366619,-0.028659,-0.058747,-0.071175,0.995732,1,0.00000,0.00000,28.800,1.310,600.000,350.000,-1,375.000,-1,300.000,300.000,300.000,300.000,-1,425.000,325.000,-1,550.000,675.000,675.000,-1,0,0,2,0,2,0,0,0,0,2,0,0,2,0,0,0,2
67,-6885.465,-988.343,-308.624,-68.195,0.366942,0.926140,0.087287,-0.928389,0.370517,-0.028474,-0.058712,-0.070588,0.995776,0,0.08000,0.12000,4.800,0.240,600.000,350.000,-1,375.000,-1,300.000,300.000,300.000,300.000,-1,425.000,325.000,-1,550.000,675.000,675.000,-1,0,0,2,0,2,0,0,0,0,2,0,0,2,0,0,0,2
68,-6881.826,-997.227,-309.211,-67.715,0.374779,0.923080,0.086398,-0.925258,0.378294,-0.028110,-0.058632,-0.069406,0.995864,0,0.16000,0.24000,9.600,0.480,600.000,350.000,-1,375.000,-1,300.000,300.000,300.000,300.000,-1,425.000,325.000,-1,550.000,675.000,650.000,-1,0,0,2,0,2,0,0,0,0,2,0,0,2,0,0,0,2
69,-6876.200,-1010.482,-310.101,-66.995,0.386486,0.918366,0.085041,-0.920439,0.389912,-0.027579,-0.058486,-0.067616,0.995996,0,0.24000,0.36000,14.400,0.720,600.000,350.000,-1,375.000,-1,300.000,300.000,300.000,300.000,-1,425.000,325.000,-1,550.000,650.000,650.000,-1,0,0,2,0,2,0,0,0,0,2,0,0,2,0,0,0,2
70,-6868.404,-1028.027,-311.302,-66.035,0.402003,0.911851,0.083189,-0.913784,0.405309,-0.026899,-0.058245,-0.065203,0.996171,0,0.32000,0.48000,19.200,0.960,600.000,350.000,-1,375.000,-1,300.000,300.000,300.000,300.000,-1,425.000,300.000,-1,550.000,650.000,650.000,-1,0,0,2,0,2,0,0,0,0,2,0,0,2,0,0,0,2
71,-6858.254,-1049.774,-312.811,-64.974,0.419064,0.904355,0.080794,-0.906122,0.422212,-0.026079,-0.057697,-0.062280,0.996390,0,0.40000,0.53078,24.000,1.062,600.000,350.000,-1,375.000,-1,300.000,300.000,300.000,300.000,-1,400.000,275.000,-1,550.000,650.000,650.000,-1,0,0,2,0,2,0,0,0,0,2,0,0,2,0,0,0,2
72,-6845.592,-1075.641,-314.620,-63.912,0.436033,0.896560,0.077816,-0.898144,0.438984,-0.025127,-0.056688,-0.058933,0.996651,0,0.48000,0.53078,28.800,1.062,600.000,350.000,-1,375.000,-1,300.000,300.000,300.000,300.000,-1,400.000,275.000,-1,550.000,625.000,650.000,-1,0,0,2,0,2,0,0,0,0,2,0,0,2,0,0,0,2
73,-6830.264,-1105.539,-316.726,-62.851,0.452901,0.888465,0.074227,-0.889851,0.455617,-0.024056,-0.055192,-0.055156,0.996951,0,0.56000,0.53078,33.600,1.062,600.000,325.000,-1,375.000,-1,275.000,300.000,325.000,300.000,-1,375.000,275.000,-1,550.000,625.000,625.000,-1,0,0,2,0,2,0,0,0,0,2,0,0,2,0,0,0,2
74,-6812.114,-1139.379,-318.895,-61.789,0.469666,0.880031,0.070422,-0.881281,0.472085,-0.021884,-0.052504,-0.051784,0.997277,0,0.64000,0.53078,38.400,1.062,600.000,350.000,-1,350.000,-1,275.000,300.000,325.000,300.000,-1,350.000,250.000,1000.000,550.000,625.000,625.000,-1,0,0,2,0,2,0,0,0,0,2,0,0,0,0,0,0,2
75,-6791.752,-1175.709,-320.800,-60.727,0.486233,0.871223,0.067438,-0.872444,0.488358,-0.018653,-0.049185,-0.049766,0.997549,0,0.69414,0.53078,41.648,1.062,600.000,350.000,-1,350.000,-1,300.000,300.000,325.000,300.000,-1,350.000,250.000,975.000,550.000,625.000,625.000,-1,0,0,2,0,2,0,0,0,0,2,0,0,0,0,0,0,2
76,-6768.463,-1215.896,-322.828,-59.906,0.499026,0.864208,0.064164,-0.865404,0.500845,-0.015194,-0.045267,-0.047946,0.997824,0,0.77414,0.41078,46.448,0.822,600.000,350.000,-1,350.000,-1,300.000,300.000,325.000,300.000,-1,350.000,250.000,950.000,550.000,625.000,650.000,-1,0,0,2,0,2,0,0,0,0,2,0,0,0,0,0,0,2
77,-6742.319,-1259.974,-324.864,-59.324,0.508151,0.859134,0.060595,-0.860330,0.509623,-0.010825,-0.040180,-0.046631,0.998104,0,0.85414,0.29078,51.248,0.582,600.000,350.000,-1,350.000,-1,300.000,300.000,325.000,300.000,-1,325.000,250.000,950.000,550.000,625.000,650.000,-1,0,0,2,0,2,0,0,0,0,2,0,0,0,0,0,0,2
78,-6713.439,-1308.008,-326.889,-58.983,0.513662,0.856115,0.056727,-0.857318,0.514756,-0.005622,-0.034014,-0.045746,0.998374,0,0.93414,0.17078,56.048,0.342,625.000,350.000,-1,375.000,-1,300.000,300.000,325.000,300.000,-1,325.000,250.000,925.000,550.000,650.000,675.000,-1,0,0,2,0,2,0,0,0,0,2,0,0,0,0,0,0,2
79,-6682.860,-1358.529,-328.915,-58.813,0.516585,0.854621,0.052566,-0.855798,0.517310,-0.000232,-0.027391,-0.044866,0.998617,0,0.98426,0.08485,59.056,0.170,625.000,350.000,-1,375.000,-1,300.000,300.000,300.000,325.000,-1,325.000,250.000,900.000,575.000,650.000,700.000,-1,0,0,2,0,2,0,0,0,0,2,0,0,0,0,0,0,2
80,-6652.131,-1408.960,-330.706,-58.643,0.519459,0.853135,0.048191,-0.854233,0.519870,0.004578,-0.021147,-0.043545,0.998828,0,0.98426,0.08485,59.056,0.170,650.000,350.000,-1,375.000,-1,300.000,300.000,300.000,325.000,-1,350.000,275.000,900.000,575.000,675.000,725.000,-1,0,0,2,0,2,0,0,0,0,2,0,0,0,0,0,0,2
81,-6621.254,-1459.300,-331.847,-58.474,0.522287,0.851715,0.042407,-0.852625,0.522469,0.007550,-0.015726,-0.040100,0.999072,0,0.98426,0.08485,59.056,0.170,700.000,350.000,-1,375.000,-1,300.000,300.000,300.000,325.000,-1,350.000,300.000,875.000,575.000,675.000,775.000,-1,0,0,2,0,2,0,0,0,0,2,0,0,0,0,0,0,2
82,-6590.228,-1509.548,-332.580,-58.304,0.525101,0.850311,0.035198,-0.850987,0.525081,0.010565,-0.009498,-0.035501,0.999325,0,0.98426,0.08485,59.056,0.170,775.000,350.000,-1,375.000,-1,300.000,300.000,300.000,300.000,-1,375.000,300.000,850.000,600.000,700.000,875.000,-1,0,0,2,0,2,0,0,0,0,2,0,0,0,0,0,0,2
83,-6559.053,-1559.705,-333.163,-58.134,0.527840,0.848885,0.027916,-0.849337,0.527679,0.013451,-0.003312,-0.030810,0.999520,0,0.98426,0.08485,59.056,0.170,900.000,350.000,-1,375.000,-1,300.000,300.000,300.000,300.000,-1,350.000,300.000,825.000,600.000,725.000,-1,-1,0,0,2,0,2,0,0,0,0,2,0,0,0,0,0,2,2
84,-6527.729,-1609.769,-333.648,-57.965,0.530500,0.847429,0.020842,-0.847681,0.530260,0.016173,0.002654,-0.026247,0.999652,0,0.98426,0.08485,59.056,0.170,-1,350.000,-1,375.000,-1,300.000,325.000,300.000,300.000,-1,325.000,300.000,825.000,625.000,725.000,-1,-1,2,0,2,0,2,0,0,0,0,2,0,0,0,0,0,2,2
85,-6496.256,-1659.739,-333.800,-57.795,0.533084,0.845928,0.015082,-0.846028,0.532814,0.018608,0.007705,-0.022680,0.999713,0,0.98426,0.08485,59.056,0.170,-1,375.000,-1,400.000,-1,300.000,325.000,300.000,300.000,-1,300.000,250.000,800.000,650.000,750.000,-1,-1,2,0,2,0,2,0,0,0,0,2,0,0,0,0,0,2,2
86,-6464.635,-1709.616,-333.537,-57.625,0.535619,0.844388,0.011024,-0.844380,0.535344,0.020726,0.011599,-0.020409,0.999724,0,0.98426,0.08485,59.056,0.170,-1,375.000,-1,400.000,-1,300.000,325.000,300.000,300.000,-1,300.000,250.000,825.000,650.000,775.000,-1,-1,2,0,2,0,2,0,0,0,0,2,0,0,0,0,0,2,2
87,-6432.866,-1759.399,-333.180,-57.456,0.538127,0.842834,0.007165,-0.842726,0.537865,0.022700,0.015279,-0.018254,0.999717,0,0.98426,0.08485,59.056,0.170,-1,375.000,-1,400.000,-1,300.000,325.000,300.000,300.000,-1,300.000,250.000,850.000,675.000,775.000,-1,-1,2,0,2,0,2,0,0,0,0,2,0,0,0,0,0,2,2
88,-6400.950,-1809.087,-332.545,-57.286,0.540618,0.841257,0.004361,-0.841071,0.540371,0.024445,0.018208,-0.016884,0.999692,0,0.98426,0.08485,59.056,0.170,-1,375.000,-1,400.000,-1,300.000,325.000,300.000,300.000,-1,300.000,250.000,875.000,700.000,800.000,-1,-1,2,0,2,0,2,0,0,0,0,2,0,0,0,0,0,2,2
89,-6368.887,-1858.680,-331.734,-57.116,0.543099,0.839666,0.002148,-0.839414,0.542869,0.026016,0.020679,-0.015933,0.999659,0,0.98426,0.08485,59.056,0.170,-1,375.000,-1,400.000,-1,325.000,325.000,300.000,300.000,-1,300.000,250.000,900.000,700.000,800.000,-1,-1,2,0,2,0,2,0,0,0,0,2,0,0,0,0,0,2,2
90,-6336.677,-1908.179,-330.886,-56.946,0.545565,0.838068,-0.000028,-0.837755,0.545363,0.027314,0.022906,-0.014878,0.999627,0,0.98426,0.08485,59.056,0.170,-1,375.000,-1,400.000,-1,325.000,325.000,275.000,300.000,-1,325.000,275.000,925.000,725.000,825.000,-1,-1,2,0,2,0,2,0,0,0,0,2,0,0,0,0,0,2,2
91,-6304.320,-1957.581,-330.039,-56.777,0.548016,0.836465,-0.002219,-0.836101,0.547852,0.028170,0.024779,-0.013582,0.999601,0,0.98426,0.08485,59.056,0.170,-1,375.000,-1,400.000,-1,325.000,325.000,275.000,300.000,-1,350.000,300.000,950.000,750.000,825.000,-1,-1,2,0,2,0,2,0,0,0,0,2,0,0,0,0,0,2,2
92,-6271.817,-2006.888,-329.020,-56.607,0.550447,0.834858,-0.004542,-0.834464,0.550340,0.028212,0.026052,-0.011739,0.999592,0,0.98426,0.08485,59.056,0.170,-1,375.000,-1,400.000,-1,325.000,325.000,275.000,300.000,-1,375.000,325.000,975.000,750.000,825.000,-1,-1,2,0,2,0,2,0,0,0,0,2,0,0,0,0,0,2,2
93,-6242.012,-2052.224,-327.760,-56.677,0.549358,0.835558,-0.007020,-0.835177,0.549332,0.026733,0.026194,-0.008823,0.999618,0,0.90426,-0.03515,54.256,-0.070,-1,375.000,-1,400.000,-1,325.000,325.000,275.000,300.000,-1,425.000,350.000,1000.000,750.000,825.000,-1,-1,2,0,2,0,2,0,0,0,0,2,0,0,0,0,0,2,2
94,-6214.859,-2094.016,-326.537,-56.988,0.544764,0.838538,-0.009253,-0.838182,0.544810,0.025159,0.026138,-0.005950,0.999641,0,0.83065,-0.15515,49.839,-0.310,-1,400.000,-1,400.000,-1,325.000,325.000,300.000,300.000,-1,475.000,400.000,-1,775.000,825.000,-1,-1,2,0,2,0,2,0,0,0,0,2,0,0,2,0,0,2,2
95,-6188.108,-2136.067,-325.221,-57.538,0.536630,0.843742,-0.011275,-0.843409,0.536738,0.023940,0.026251,-0.003337,0.999650,0,0.83065,-0.27515,49.839,-0.550,-1,400.000,-1,400.000,-1,325.000,325.000,300.000,300.000,-1,550.000,450.000,-1,775.000,825.000,-1,-1,2,0,2,0,2,0,0,0,0,2,0,0,2,0,0,2,2
96,-6161.940,-2178.484,-323.916,-58.328,0.524900,0.851069,-0.012690,-0.850760,0.525052,0.022984,0.026224,-0.001268,0.999655,0,0.83065,-0.39515,49.839,-0.790,-1,400.000,-1,400.000,-1,325.000,325.000,300.000,300.000,-1,600.000,525.000,-1,800.000,825.000,-1,-1,2,0,2,0,2,0,0,0,0,2,0,0,2,0,0,2,2
97,-6136.489,-2221.334,-322.776,-59.291,0.510508,0.859771,-0.013241,-0.859492,0.510680,0.021894,0.025586,0.000203,0.999673,0,0.83065,-0.48131,49.839,-0.963,-1,400.000,-1,400.000,-1,325.000,325.000,300.000,300.000,-1,675.000,575.000,-1,800.000,825.000,-1,-1,2,0,2,0,2,0,0,0,0,2,0,0,2,0,0,2,2
98,-6111.705,-2264.712,-321.659,-60.259,0.495891,0.868277,-0.013652,-0.868030,0.496077,0.020781,0.024816,0.001545,0.999691,0,0.83265,-0.48415,49.959,-0.968,-1,400.000,-1,400.000,-1,325.000,325.000,300.000,300.000,-1,775.000,650.000,-1,800.000,825.000,-1,-1,2,0,2,0,2,0,0,0,0,2,0,0,2,0,0,2,2
99,-6087.588,-2308.644,-320.562,-61.235,0.481023,0.876597,-0.013927,-0.876382,0.481217,0.019637,0.023916,0.002760,0.999710,0,0.83528,-0.48790,50.117,-0.976,-1,400.000,-1,400.000,-1,325.000,325.000,300.000,300.000,-1,875.000,725.000,-1,775.000,825.000,-1,-1,2,0,2,0,2,0,0,0,0,2,0,0,2,0,0,2,2
100,-6064.155,-2353.123,-319.486,-62.218,0.465904,0.884723,-0.014072,-0.884539,0.466101,0.018458,0.022890,0.003847,0.999731,0,0.83790,-0.49166,50.274,-0.983,-1,400.000,-1,400.000,-1,325.000,325.000,300.000,300.000,-1,975.000,825.000,-1,775.000,825.000,-1,-1,2,0,2,0,2,0,0,0,0,2,0,0,2,0,0,2,2
101,-6041.424,-2398.141,-318.429,-63.209,0.450534,0.892648,-0.014091,-0.892494,0.450729,0.017241,0.021741,0.004809,0.999752,0,0.84053,-0.49544,50.432,-0.991,-1,400.000,-1,400.000,-1,325.000,325.000,300.000,300.000,-1,-1,925.000,-1,775.000,800.000,-1,-1,2,0,2,0,2,0,0,0,0,2,2,0,2,0,0,2,2
102,-6019.412,-2443.689,-317.391,-64.208,0.434915,0.900363,-0.013990,-0.900239,0.435103,0.015980,0.020475,0.005644,0.999774,0,0.84314,-0.49925,50.588,-0.998,-1,400.000,-1,400.000,-1,325.000,325.000,275.000,300.000,-1,-1,-1,-1,775.000,800.000,-1,-1,2,0,2,0,2,0,0,0,0,2,2,2,2,0,0,2,2
103,-5998.138,-2489.759,-316.382,-65.214,0.419045,0.907860,-0.013829,-0.907764,0.419224,0.014687,0.019131,0.006399,0.999797,0,0.84574,-0.50308,50.744,-1.006,-1,400.000,-1,400.000,-1,325.000,325.000,275.000,300.000,-1,-1,-1,-1,775.000,800.000,-1,-1,2,0,2,0,2,0,0,0,0,2,2,2,2,0,0,2,2
104,-5979.436,-2531.725,-315.549,-65.980,0.406871,0.913380,-0.013882,-0.913307,0.407045,0.013567,0.018042,0.007159,0.999812,0,0.76574,-0.38308,45.944,-0.766,-1,400.000,-1,400.000,-1,325.000,325.000,300.000,300.000,-1,-1,-1,-1,750.000,800.000,-1,-1,2,0,2,0,2,0,0,0,0,2,2,2,2,0,0,2,2
105,-5963.034,-2569.458,-314.849,-66.506,0.398471,0.917075,-0.013946,-0.917024,0.398638,0.012449,0.016976,0.007828,0.999825,0,0.68574,-0.26308,41.144,-0.526,-1,400.000,-1,400.000,-1,325.000,325.000,300.000,300.000,-1,-1,-1,-1,750.000,775.000,-1,-1,2,0,2,0,2,0,0,0,0,2,2,2,2,0,0,2,2
106,-5948.712,-2602.862,-314.274,-66.792,0.393891,0.919049,-0.014080,-0.919019,0.394051,0.011319,0.015951,0.008482,0.999837,0,0.60574,-0.14308,36.344,-0.286,-1,400.000,-1,400.000,-1,325.000,325.000,300.000,300.000,-1,-1,-1,-1,750.000,775.000,-1,-1,2,0,2,0,2,0,0,0,0,2,2,2,2,0,0,2,2
107,-5936.305,-2631.864,-313.752,-66.838,0.393153,0.919362,-0.014292,-0.919348,0.393309,0.010394,0.015178,0.009053,0.999844,0,0.52574,-0.02308,31.544,-0.046,-1,400.000,-1,400.000,-1,325.000,325.000,300.000,300.000,-1,-1,-1,-1,750.000,775.000,-1,-1,2,0,2,0,2,0,0,0,0,2,2,2,2,0,0,2,2
108,-5925.702,-2656.417,-313.306,-66.645,0.396264,0.918023,-0.014459,-0.918021,0.396415,0.009635,0.014576,0.009456,0.999849,0,0.44574,0.09692,26.744,0.194,-1,400.000,-1,400.000,-1,325.000,325.000,300.000,300.000,-1,-1,-1,-1,725.000,750.000,-1,-1,2,0,2,0,2,0,0,0,0,2,2,2,2,0,0,2,2
109,-5916.872,-2676.506,-312.936,-66.273,0.402218,0.915428,-0.014579,-0.915435,0.402365,0.009028,0.014131,0.009715,0.999853,0,0.36574,0.18595,21.944,0.372,-1,400.000,-1,400.000,-1,325.000,325.000,300.000,300.000,-1,-1,-1,-1,725.000,750.000,-1,-1,2,0,2,0,2,0,0,0,0,2,2,2,2,0,0,2,2
110,-5909.873,-2692.157,-312.644,-65.905,0.408081,0.912828,-0.014667,-0.912841,0.408224,0.008562,0.013803,0.009895,0.999856,0,0.28574,0.18365,17.144,0.367,-1,400.000,-1,400.000,-1,325.000,325.000,300.000,300.000,-1,-1,-1,-1,725.000,750.000,-1,-1,2,0,2,0,2,0,0,0,0,2,2,2,2,0,0,2,2
111,-5904.762,-2703.393,-312.453,-65.542,0.413867,0.910219,-0.014672,-0.910235,0.414008,0.008326,0.013653,0.009909,0.999858,0,0.20574,0.18177,12.344,0.364,-1,400.000,-1,400.000,-1,325.000,325.000,300.000,300.000,-1,-1,-1,-1,725.000,750.000,-1,-1,2,0,2,0,2,0,0,0,0,2,2,2,2,0,0,2,2
112,-5901.596,-2710.241,-312.349,-65.181,0.419589,0.907596,-0.014627,-0.907612,0.419730,0.008261,0.013636,0.009809,0.999859,0,0.12574,0.18033,7.544,0.361,-1,400.000,-1,400.000,-1,325.000,325.000,300.000,300.000,-1,-1,-1,-1,725.000,750.000,-1,-1,2,0,2,0,2,0,0,0,0,2,2,2,2,0,0,2,2
113,-5900.423,-2712.722,-312.303,-64.715,0.426964,0.904151,-0.014584,-0.904165,0.427104,0.008240,0.013680,0.009668,0.999860,0,0.04574,0.23319,2.744,0.466,-1,400.000,-1,400.000,-1,325.000,325.000,300.000,300.000,-1,-1,-1,-1,725.000,750.000,-1,-1,2,0,2,0,2,0,0,0,0,2,2,2,2,0,0,2,2
114,-5901.316,-2710.871,-312.319,-64.249,0.434300,0.900651,-0.014549,-0.900663,0.434440,0.008266,0.013765,0.009514,0.999860,0,-0.03426,0.23285,-2.056,0.466,-1,400.000,-1,400.000,-1,325.000,325.000,300.000,300.000,-1,-1,-1,-1,725.000,750.000,-1,-1,2,0,2,0,2,0,0,0,0,2,2,2,2,0,0,2,2
115,-5904.345,-2704.720,-312.398,-63.784,0.441593,0.897098,-0.014519,-0.897108,0.441733,0.008340,0.013895,0.009342,0.999860,0,-0.11426,0.23242,-6.856,0.465,-1,400.000,-1,400.000,-1,325.000,325.000,300.000,300.000,-1,-1,-1,-1,725.000,750.000,-1,-1,2,0,2,0,2,0,0,0,0,2,2,2,2,0,0,2,2
116,-5909.559,-2694.296,-312.580,-63.427,0.447181,0.894327,-0.014417,-0.894331,0.447323,0.008639,0.014175,0.009030,0.999859,0,-0.19426,0.17874,-11.656,0.357,-1,400.000,-1,400.000,-1,325.000,325.000,300.000,300.000,-1,-1,-1,-1,725.000,750.000,-1,-1,2,0,2,0,2,0,0,0,0,2,2,2,2,0,0,2,2
117,-5917.012,-2679.625,-312.855,-63.068,0.452777,0.891510,-0.014252,-0.891504,0.452920,0.009136,0.014600,0.008569,0.999857,0,-0.27426,0.17951,-16.456,0.359,-1,400.000,-1,400.000,-1,325.000,325.000,300.000,300.000,-1,-1,-1,-1,725.000,750.000,-1,-1,2,0,2,0,2,0,0,0,0,2,2,2,2,0,0,2,2
118,-5922.592,-2668.699,-313.063,-62.949,0.454627,0.890569,-0.014144,-0.890557,0.454772,0.009501,0.014894,0.008277,0.999855,0,-0.20447,0.05951,-12.268,0.119,-1,400.000,-1,400.000,-1,325.000,325.000,300.000,300.000,-1,-1,-1,-1,725.000,750.000,-1,-1,2,0,2,0,2,0,0,0,0,2,2,2,2,0,0,2,2
119,-5928.157,-2657.745,-313.274,-63.070,0.452745,0.891529,-0.014056,-0.891511,0.452891,0.009854,0.015151,0.008070,0.999853,0,-0.20478,-0.06049,-12.287,-0.121,-1,400.000,-1,400.000,-1,325.000,325.000,300.000,300.000,-1,-1,-1,-1,725.000,750.000,-1,-1,2,0,2,0,2,0,0,0,0,2,2,2,2,0,0,2,2
120,-5933.671,-2646.753,-313.486,-63.358,0.448249,0.893799,-0.013980,-0.893776,0.448397,0.010197,0.015383,0.007924,0.999850,0,-0.20495,-0.14426,-12.297,-0.289,-1,400.000,-1,400.000,-1,325.000,325.000,300.000,300.000,-1,-1,-1,-1,725.000,775.000,-1,-1,2,0,2,0,2,0,0,0,0,2,2,2,2,0,0,2,2
121,-5939.132,-2635.730,-313.698,-63.644,0.443783,0.896026,-0.013904,-0.895998,0.443933,0.010542,0.015618,0.007779,0.999848,0,-0.20504,-0.14292,-12.302,-0.286,-1,400.000,-1,400.000,-1,325.000,325.000,300.000,300.000,-1,-1,-1,-1,725.000,775.000,-1,-1,2,0,2,0,2,0,0,0,0,2,2,2,2,0,0,2,2
122,-5944.542,-2624.673,-313.909,-63.927,0.439348,0.898210,-0.013827,-0.898177,0.439499,0.010887,0.015856,0.007636,0.999845,0,-0.20515,-0.14159,-12.309,-0.283,-1,400.000,-1,400.000,-1,325.000,325.000,300.000,300.000,-1,-1,-1,-1,725.000,775.000,-1,-1,2,0,2,0,2,0,0,0,0,2,2,2,2,0,0,2,2
123,-5949.902,-2613.583,-314.120,-64.208,0.434944,0.900353,-0.013751,-0.900314,0.435097,0.011234,0.016098,0.007493,0.999842,0,-0.20530,-0.14027,-12.318,-0.281,-1,400.000,-1,400.000,-1,325.000,325.000,300.000,300.000,-1,-1,-1,-1,750.000,775.000,-1,-1,2,0,2,0,2,0,0,0,0,2,2,2,2,0,0,2,2
124,-5955.212,-2602.456,-314.331,-64.486,0.430570,0.902453,-0.013674,-0.902409,0.430725,0.011583,0.016343,0.007352,0.999839,0,-0.20547,-0.13896,-12.328,-0.278,-1,400.000,-1,400.000,-1,325.000,325.000,300.000,300.000,-1,-1,-1,-1,750.000,775.000,-1,-1,2,0,2,0,2,0,0,0,0,2,2,2,2,0,0,2,2
125,-5960.474,-2591.294,-314.536,-64.761,0.426227,0.904514,-0.013623,-0.904464,0.426384,0.011939,0.016607,0.007233,0.999836,0,-0.20568,-0.13766,-12.341,-0.275,-1,400.000,-1,400.000,-1,325.000,325.000,300.000,300.000,-1,-1,-1,-1,750.000,775.000,-1,-1,2,0,2,0,2,0,0,0,0,2,2,2,2,0,0,2,2
126,-5965.689,-2580.094,-314.733,-65.034,0.421914,0.906533,-0.013613,-0.906478,0.422073,0.012307,0.016902,0.007147,0.999832,0,-0.20591,-0.13637,-12.355,-0.273,-1,400.000,-1,400.000,-1,325.000,325.000,300.000,300.000,-1,-1,-1,-1,750.000,775.000,-1,-1,2,0,2,0,2,0,0,0,0,2,2,2,2,0,0,2,2
127,-5970.858,-2568.854,-314.930,-65.304,0.417633,0.908514,-0.013597,-0.908453,0.417795,0.012676,0.017197,0.007058,0.999827,0,-0.20618,-0.13508,-12.371,-0.270,-1,400.000,-1,400.000,-1,325.000,325.000,300.000,300.000,-1,-1,-1,-1,750.000,775.000,-1,-1,2,0,2,0,2,0,0,0,0,2,2,2,2,0,0,2,2
128,-5975.981,-2557.575,-315.128,-65.572,0.413383,0.910456,-0.013574,-0.910389,0.413547,0.013045,0.017490,0.006965,0.999823,0,-0.20647,-0.13381,-12.388,-0.268,-1,400.000,-1,400.000,-1,325.000,325.000,300.000,300.000,-1,-1,-1,-1,750.000,775.000,-1,-1,2,0,2,0,2,0,0,0,0,2,2,2,2,0,0,2,2
129,-5981.060,-2546.255,-315.345,-65.837,0.409163,0.912360,-0.013583,-0.912289,0.409330,0.013342,0.017733,0.006933,0.999819,0,-0.20679,-0.13254,-12.407,-0.265,-1,400.000,-1,400.000,-1,325.000,325.000,300.000,300.000,-1,-1,-1,-1,750.000,800.000,-1,-1,2,0,2,0,2,0,0,0,0,2,2,2,2,0,0,2,2
130,-5986.095,-2534.893,-315.570,-66.099,0.404975,0.914226,-0.013603,-0.914151,0.405145,0.013608,0.017952,0.006925,0.999815,0,-0.20714,-0.13129,-12.428,-0.263,-1,400.000,-1,400.000,-1,325.000,325.000,300.000,300.000,-1,-1,-1,-1,750.000,800.000,-1,-1,2,0,2,0,2,0,0,0,0,2,2,2,2,0,0,2,2
131,-5991.088,-2523.487,-315.797,-66.359,0.400819,0.916056,-0.013622,-0.915977,0.400990,0.013869,0.018167,0.006918,0.999811,0,-0.20751,-0.13004,-12.451,-0.260,-1,400.000,-1,400.000,-1,325.000,325.000,300.000,300.000,-1,-1,-1,-1,750.000,800.000,-1,-1,2,0,2,0,2,0,0,0,0,2,2,2,2,0,0,2,2
132,-5996.039,-2512.036,-316.027,-66.617,0.396693,0.917850,-0.013638,-0.917767,0.396868,0.014125,0.018377,0.006913,0.999807,0,-0.20792,-0.12881,-12.475,-0.258,-1,400.000,-1,400.000,-1,325.000,325.000,300.000,300.000,-1,-1,-1,-1,750.000,800.000,-1,-1,2,0,2,0,2,0,0,0,0,2,2,2,2,0,0,2,2
133,-6000.949,-2500.540,-316.259,-66.872,0.392599,0.919608,-0.013653,-0.919522,0.392776,0.014376,0.018583,0.006910,0.999803,0,-0.20835,-0.12759,-12.501,-0.255,-1,400.000,-1,400.000,-1,325.000,325.000,300.000,300.000,-1,-1,-1,-1,775.000,800.000,-1,-1,2,0,2,0,2,0,0,0,0,2,2,2,2,0,0,2,2
134,-6005.819,-2488.996,-316.506,-67.125,0.388535,0.921332,-0.013721,-0.921242,0.388715,0.014637,0.018819,0.006953,0.999799,0,-0.20881,-0.12637,-12.529,-0.253,-1,400.000,-1,400.000,-1,325.000,325.000,300.000,300.000,-1,-1,-1,-1,775.000,800.000,-1,-1,2,0,2,0,2,0,0,0,0,2,2,2,2,0,0,2,2
135,-6010.650,-2477.405,-316.768,-67.375,0.384501,0.923021,-0.013844,-0.922927,0.384686,0.014911,0.019088,0.007044,0.999793,0,-0.20930,-0.12517,-12.558,-0.250,-1,400.000,-1,400.000,-1,325.000,325.000,275.000,300.000,-1,-1,-1,-1,775.000,800.000,-1,-1,2,0,2,0,2,0,0,0,0,2,2,2,2,0,0,2,2
136,-6015.443,-2465.764,-317.031,-67.623,0.380499,0.924676,-0.013962,-0.924579,0.380688,0.015179,0.019351,0.007134,0.999787,0,-0.20982,-0.12397,-12.589,-0.248,-1,400.000,-1,400.000,-1,325.000,325.000,275.000,300.000,-1,-1,-1,-1,775.000,800.000,-1,-1,2,0,2,0,2,0,0,0,0,2,2,2,2,0,0,2,2
137,-6020.198,-2454.072,-317.297,-67.869,0.376527,0.926299,-0.014077,-0.926198,0.376721,0.015443,0.019608,0.007223,0.999782,0,-0.21036,-0.12279,-12.622,-0.246,-1,400.000,-1,400.000,-1,325.000,325.000,275.000,300.000,-1,-1,-1,-1,775.000,800.000,-1,-1,2,0,2,0,2,0,0,0,0,2,2,2,2,0,0,2,2
138,-6024.916,-2442.328,-317.564,-68.112,0.372587,0.927889,-0.014186,-0.927785,0.372785,0.015702,0.019859,0.007311,0.999776,0,-0.21093,-0.12162,-12.656,-0.243,-1,400.000,-1,400.000,-1,325.000,325.000,275.000,300.000,-1,-1,-1,-1,775.000,800.000,-1,-1,2,0,2,0,2,0,0,0,0,2,2,2,2,0,0,2,2
139,-6029.598,-2430.531,-317.834,-68.353,0.368677,0.929448,-0.014292,-0.929340,0.368880,0.015957,0.020103,0.007399,0.999771,0,-0.21153,-0.12046,-12.692,-0.241,-1,400.000,-1,400.000,-1,325.000,325.000,275.000,300.000,-1,-1,-1,-1,775.000,800.000,-1,-1,2,0,2,0,2,0,0,0,0,2,2,2,2,0,0,2,2
140,-6034.244,-2418.680,-318.106,-68.591,0.364799,0.930975,-0.014394,-0.930864,0.365006,0.016207,0.020342,0.007486,0.999765,0,-0.21216,-0.11930,-12.729,-0.239,-1,400.000,-1,400.000,-1,325.000,325.000,275.000,300.000,-1,-1,-1,-1,775.000,800.000,-1,-1,2,0,2,0,2,0,0,0,0,2,2,2,2,0,0,2,2
