timestep,x_cm,y_cm,z_cm,yaw_deg,basis_xx,basis_xy,basis_xz,basis_yx,basis_yy,basis_yz,basis_zx,basis_zy,basis_zz,teleport_flag,throttle_cmd,steering_cmd,cmd_move_cm,cmd_turn_deg,lidar_cm_0,lidar_cm_1,lidar_cm_2,lidar_cm_3,lidar_cm_4,lidar_cm_5,lidar_cm_6,lidar_cm_7,lidar_cm_8,lidar_cm_9,lidar_cm_10,lidar_cm_11,lidar_cm_12,lidar_cm_13,lidar_cm_14,lidar_cm_15,lidar_cm_16,lidar_class_0,lidar_class_1,lidar_class_2,lidar_class_3,lidar_class_4,lidar_class_5,lidar_class_6,lidar_class_7,lidar_class_8,lidar_class_9,lidar_class_10,lidar_class_11,lidar_class_12,lidar_class_13,lidar_class_14,lidar_class_15,lidar_class_16
0,-4918.016,6891.856,-133.090,71.952,0.310405,-0.950015,0.033456,0.950464,0.309562,-0.028118,0.016356,0.040527,0.999045,1,0.08000,0.12000,4.800,0.240,-1,375.000,-1,375.000,850.000,325.000,300.000,300.000,300.000,-1,475.000,550.000,-1,650.000,625.000,-1,850.000,2,0,2,0,1,0,0,0,0,2,0,0,2,0,0,2,1
1,-4915.118,6901.008,-132.897,72.432,0.302451,-0.952595,0.032958,0.953010,0.301598,-0.028469,0.017180,0.040020,0.999051,0,0.16000,0.24000,9.600,0.480,-1,375.000,-1,375.000,850.000,325.000,300.000,300.000,300.000,-1,475.000,550.000,-1,650.000,625.000,-1,850.000,2,0,2,0,1,0,0,0,0,2,0,0,2,0,0,2,1
2,-4910.944,6914.790,-132.602,73.152,0.290480,-0.956338,0.032239,0.956704,0.289613,-0.029018,0.018414,0.039272,0.999059,0,0.24000,0.36000,14.400,0.720,-1,375.000,-1,375.000,825.000,325.000,300.000,300.000,300.000,-1,475.000,550.000,-1,650.000,625.000,-1,825.000,2,0,2,0,1,0,0,0,0,2,0,0,2,0,0,2,1
3,-4905.687,6933.256,-132.200,74.112,0.274444,-0.961092,0.031330,0.961394,0.273559,-0.029787,0.020058,0.038295,0.999065,0,0.32000,0.48000,19.200,0.960,-1,375.000,-1,375.000,800.000,325.000,300.000,300.000,300.000,-1,475.000,550.000,-1,650.000,625.000,-1,825.000,2,0,2,0,1,0,0,0,0,2,0,0,2,0,0,2,1
4,-4899.602,6956.472,-131.683,75.312,0.254290,-0.966654,0.030274,0.966875,0.253383,-0.030803,0.022105,0.037105,0.999067,0,0.40000,0.60000,24.000,1.200,-1,375.000,-1,375.000,775.000,325.000,300.000,300.000,300.000,-1,475.000,575.000,-1,650.000,625.000,-1,850.000,2,0,2,0,1,0,0,0,0,2,0,0,2,0,0,2,1
5,-4893.001,6984.505,-131.044,76.752,0.229954,-0.972765,0.029130,0.972892,0.229023,-0.032096,0.024550,0.035721,0.999060,0,0.48000,0.72000,28.800,1.440,-1,375.000,-1,375.000,750.000,325.000,300.000,300.000,300.000,-1,475.000,575.000,-1,650.000,625.000,-1,850.000,2,0,2,0,1,0,0,0,0,2,0,0,2,0,0,2,1
6,-4886.263,7017.422,-130.272,78.432,0.201375,-0.979115,0.027968,0.979131,0.200416,-0.033692,0.027383,0.034169,0.999041,0,0.56000,0.84000,33.600,1.680,-1,375.000,-1,375.000,750.000,325.000,300.000,300.000,300.000,-1,475.000,575.000,-1,650.000,625.000,-1,875.000,2,0,2,0,1,0,0,0,0,2,0,0,2,0,0,2,1
7,-4879.827,7055.279,-129.360,80.352,0.168499,-0.985336,0.026872,0.985227,0.167509,-0.035612,0.030589,0.032476,0.999004,0,0.64000,0.96000,38.400,1.920,-1,375.000,-1,375.000,725.000,325.000,300.000,300.000,300.000,-1,475.000,600.000,-1,650.000,625.000,-1,900.000,2,0,2,0,1,0,0,0,0,2,0,0,2,0,0,2,1
8,-4874.012,7098.086,-128.306,82.265,0.135549,-0.990432,0.025893,0.990187,0.134525,-0.037851,0.034005,0.030770,0.998948,0,0.72000,0.95664,43.200,1.913,-1,375.000,-1,375.000,725.000,300.000,300.000,300.000,300.000,-1,475.000,600.000,-1,650.000,625.000,-1,925.000,2,0,2,0,1,0,0,0,0,2,0,0,2,0,0,2,1
9,-4869.132,7145.837,-127.102,84.166,0.102669,-0.994399,0.025087,0.994004,0.101609,-0.040395,0.037620,0.029084,0.998869,0,0.80000,0.95029,48.000,1.901,-1,375.000,-1,350.000,725.000,300.000,300.000,275.000,300.000,-1,475.000,600.000,-1,650.000,625.000,-1,1000.000,2,0,2,0,1,0,0,0,0,2,0,0,2,0,0,2,1
10,-4865.496,7198.512,-125.665,86.052,0.069936,-0.997242,0.024836,0.996702,0.068827,-0.042999,0.041171,0.027761,0.998766,0,0.88000,0.94307,52.800,1.886,-1,375.000,-1,350.000,725.000,300.000,300.000,275.000,300.000,-1,450.000,525.000,-1,650.000,625.000,-1,-1,2,0,2,0,1,0,0,0,0,2,0,0,2,0,0,2,2
11,-4863.407,7256.074,-122.739,87.922,0.037439,-0.998981,0.025210,0.998283,0.036252,-0.046012,0.045051,0.026889,0.998623,0,0.96000,0.93494,57.600,1.870,-1,375.000,-1,350.000,750.000,300.000,300.000,300.000,300.000,-1,475.000,500.000,-1,650.000,625.000,-1,-1,2,0,2,0,1,0,0,0,0,2,0,0,2,0,0,2,2
12,-4863.176,7314.258,-119.130,89.773,0.005135,-0.999703,0.023822,0.998772,0.003954,-0.049380,0.049271,0.024047,0.998496,0,0.96974,0.92585,58.184,1.852,-1,375.000,-1,350.000,800.000,300.000,300.000,300.000,300.000,-1,500.000,500.000,-1,675.000,625.000,-1,-1,2,0,2,0,1,0,0,0,0,2,0,0,2,0,0,2,2
13,-4864.804,7372.331,-115.494,91.606,-0.026848,-0.999379,0.022818,0.998216,-0.028020,-0.052731,0.053337,0.021362,0.998348,0,0.96824,0.91631,58.095,1.833,-1,375.000,-1,375.000,900.000,325.000,300.000,300.000,300.000,-1,525.000,500.000,-1,675.000,650.000,-1,-1,2,0,2,0,1,0,0,0,0,2,0,0,2,0,0,2,2
14,-4868.259,7430.173,-111.840,93.419,-0.058462,-0.998043,0.022184,0.996647,-0.059626,-0.056032,0.057245,0.018834,0.998182,0,0.96575,0.90645,57.945,1.813,-1,375.000,-1,375.000,-1,325.000,300.000,300.000,300.000,-1,525.000,500.000,-1,675.000,650.000,-1,-1,2,0,2,0,2,0,0,0,0,2,0,0,2,0,0,2,2
15,-4873.503,7487.671,-108.181,95.212,-0.089667,-0.995731,0.021904,0.994103,-0.090824,-0.059252,0.060989,0.016462,0.998003,0,0.96228,0.89640,57.737,1.793,-1,375.000,-1,375.000,-1,325.000,325.000,300.000,300.000,-1,525.000,500.000,-1,700.000,675.000,-1,-1,2,0,2,0,2,0,0,0,0,2,0,0,2,0,0,2,2
16,-4880.491,7544.718,-104.528,96.984,-0.120430,-0.992479,0.021959,0.990620,-0.121584,-0.062366,0.064566,0.014242,0.997812,0,0.95788,0.88626,57.473,1.773,-1,375.000,-1,375.000,-1,325.000,325.000,300.000,300.000,-1,525.000,500.000,-1,700.000,675.000,-1,-1,2,0,2,0,2,0,0,0,0,2,0,0,2,0,0,2,2
17,-4889.172,7601.213,-100.890,98.737,-0.150722,-0.988324,0.022329,0.986236,-0.151880,-0.065347,0.067976,0.012172,0.997613,0,0.95263,0.87616,57.158,1.752,-1,375.000,-1,375.000,-1,325.000,325.000,300.000,300.000,-1,525.000,500.000,-1,725.000,675.000,-1,-1,2,0,2,0,2,0,0,0,0,2,0,0,2,0,0,2,2
18,-4899.506,7657.065,-97.278,100.483,-0.180757,-0.983259,0.022994,0.980946,-0.181926,-0.068176,0.071218,0.010232,0.997408,0,0.94666,0.87300,56.799,1.746,-1,375.000,-1,375.000,-1,325.000,325.000,300.000,300.000,-1,525.000,525.000,-1,725.000,700.000,-1,-1,2,0,2,0,2,0,0,0,0,2,0,0,2,0,0,2,2
19,-4911.449,7712.190,-93.701,102.224,-0.210543,-0.977292,0.023934,0.974758,-0.211731,-0.070833,0.074292,0.008417,0.997201,0,0.94005,0.87087,56.403,1.742,-1,400.000,-1,375.000,-1,325.000,325.000,300.000,300.000,-1,525.000,500.000,-1,750.000,700.000,-1,-1,2,0,2,0,2,0,0,0,0,2,0,0,2,0,0,2,2
20,-4924.956,7766.515,-90.166,103.963,-0.240072,-0.970430,0.025132,0.967681,-0.241291,-0.073299,0.077196,0.006722,0.996993,0,0.93298,0.86938,55.979,1.739,-1,400.000,-1,375.000,-1,325.000,325.000,300.000,275.000,-1,500.000,450.000,-1,750.000,725.000,-1,-1,2,0,2,0,2,0,0,0,0,2,0,0,2,0,0,2,2
21,-4939.983,7819.979,-86.340,105.700,-0.269462,-0.962684,0.025093,0.959770,-0.270600,-0.074945,0.078938,0.003889,0.996872,0,0.92559,0.86853,55.536,1.737,-1,400.000,-1,400.000,-1,325.000,325.000,300.000,275.000,-1,475.000,450.000,-1,750.000,725.000,-1,-1,2,0,2,0,2,0,0,0,0,2,0,0,2,0,0,2,2
22,-4956.533,7873.452,-82.117,107.197,-0.294708,-0.955293,0.023718,0.952221,-0.295661,-0.076546,0.080136,0.000027,0.996784,0,0.93292,0.74853,55.975,1.497,-1,400.000,-1,400.000,-1,325.000,325.000,300.000,275.000,-1,500.000,475.000,-1,775.000,750.000,-1,-1,2,0,2,0,2,0,0,0,0,2,0,0,2,0,0,2,2
23,-4974.116,7926.145,-77.954,108.454,-0.315764,-0.948571,0.022491,0.945352,-0.316545,-0.078163,0.081262,-0.003419,0.996687,0,0.92583,0.62853,55.550,1.257,-1,400.000,-1,400.000,-1,325.000,325.000,300.000,300.000,-1,500.000,475.000,-1,775.000,750.000,-1,-1,2,0,2,0,2,0,0,0,0,2,0,0,2,0,0,2,2
24,-4992.504,7978.153,-73.477,109.471,-0.332616,-0.942797,0.022382,0.939564,-0.333331,-0.078173,0.081162,-0.004972,0.996689,0,0.91938,0.50853,55.163,1.017,-1,400.000,-1,400.000,-1,325.000,325.000,300.000,300.000,-1,550.000,550.000,-1,750.000,775.000,-1,-1,2,0,2,0,2,0,0,0,0,2,0,0,2,0,0,2,2
25,-5011.476,8029.585,-68.944,110.248,-0.345386,-0.938186,0.022719,0.934952,-0.346085,-0.078033,0.081072,-0.005710,0.996692,0,0.91366,0.38853,54.819,0.777,-1,400.000,-1,400.000,-1,325.000,325.000,300.000,275.000,-1,600.000,600.000,-1,750.000,775.000,-1,-1,2,0,2,0,2,0,0,0,0,2,0,0,2,0,0,2,2
26,-5030.825,8080.559,-64.455,110.785,-0.354164,-0.934899,0.023076,0.931668,-0.354863,-0.077895,0.081012,-0.006089,0.996694,0,0.90872,0.26853,54.523,0.537,-1,400.000,-1,375.000,-1,325.000,325.000,300.000,275.000,-1,675.000,650.000,-1,775.000,800.000,-1,-1,2,0,2,0,2,0,0,0,0,2,0,0,2,0,0,2,2
27,-5050.349,8131.202,-59.879,111.083,-0.359024,-0.933043,0.023090,0.929775,-0.359704,-0.078301,0.081364,-0.006644,0.996662,0,0.90459,0.14853,54.276,0.297,-1,400.000,-1,400.000,-1,325.000,325.000,300.000,275.000,-1,725.000,700.000,-1,775.000,825.000,-1,-1,2,0,2,0,2,0,0,0,0,2,0,0,2,0,0,2,2
28,-5070.053,8181.560,-55.348,111.370,-0.363724,-0.931221,0.023051,0.927915,-0.364382,-0.078733,0.081717,-0.007248,0.996629,0,0.90127,0.14380,54.076,0.288,-1,400.000,-1,400.000,-1,325.000,325.000,300.000,275.000,-1,750.000,750.000,-1,800.000,825.000,-1,-1,2,0,2,0,2,0,0,0,0,2,0,0,2,0,0,2,2
29,-5089.952,8231.655,-50.877,111.664,-0.368512,-0.929338,0.022997,0.925998,-0.369145,-0.079121,0.082020,-0.007862,0.996600,0,0.89837,0.14675,53.902,0.293,-1,400.000,-1,400.000,-1,325.000,325.000,300.000,300.000,-1,800.000,800.000,-1,800.000,850.000,-1,-1,2,0,2,0,2,0,0,0,0,2,0,0,2,0,0,2,2
30,-5110.057,8281.507,-46.464,111.964,-0.373398,-0.927388,0.022927,0.924016,-0.374004,-0.079468,0.082272,-0.008488,0.996574,0,0.89589,0.15000,53.753,0.300,-1,400.000,-1,400.000,-1,325.000,325.000,300.000,300.000,-1,850.000,825.000,-1,825.000,875.000,-1,-1,2,0,2,0,2,0,0,0,0,2,0,0,2,0,0,2,2
31,-5130.381,8331.137,-42.108,112.271,-0.378389,-0.925365,0.022842,0.921965,-0.378968,-0.079772,0.082474,-0.009125,0.996551,0,0.89384,0.15356,53.630,0.307,-1,400.000,-1,400.000,-1,325.000,325.000,300.000,300.000,-1,900.000,875.000,-1,825.000,900.000,-1,-1,2,0,2,0,2,0,0,0,0,2,0,0,2,0,0,2,2
32,-5150.942,8380.565,-37.806,112.586,-0.383495,-0.923263,0.022740,0.919840,-0.384044,-0.080032,0.082624,-0.009775,0.996533,0,0.89223,0.15740,53.534,0.315,-1,400.000,-1,425.000,-1,325.000,325.000,300.000,300.000,-1,925.000,925.000,1000.000,850.000,1000.000,-1,-1,2,0,2,0,2,0,0,0,0,2,0,0,1,0,0,2,2
33,-5171.753,8429.812,-33.493,112.909,-0.388746,-0.921075,0.022324,0.917641,-0.389240,-0.080168,0.082530,-0.010679,0.996531,0,0.89107,0.16152,53.464,0.323,-1,400.000,-1,425.000,-1,325.000,325.000,275.000,300.000,-1,975.000,975.000,975.000,850.000,-1,-1,-1,2,0,2,0,2,0,0,0,0,2,0,0,1,0,2,2,2
34,-5192.833,8478.898,-29.358,113.240,-0.394104,-0.918801,0.022075,0.915423,-0.394565,-0.079494,0.081749,-0.011121,0.996591,0,0.89035,0.16590,53.421,0.332,-1,425.000,-1,425.000,-1,350.000,350.000,275.000,275.000,-1,-1,-1,950.000,850.000,-1,-1,-1,2,0,2,0,2,0,0,0,0,2,2,2,1,0,2,2,2
35,-5214.197,8527.842,-25.406,113.581,-0.399492,-0.916446,0.023072,0.913191,-0.400032,-0.077824,0.080552,-0.010021,0.996700,0,0.89007,0.17053,53.404,0.341,-1,425.000,-1,425.000,-1,350.000,350.000,275.000,275.000,-1,-1,-1,950.000,875.000,-1,-1,-1,2,0,2,0,2,0,0,0,0,2,2,2,1,0,2,2,2
36,-5235.865,8576.664,-21.443,113.932,-0.405008,-0.913991,0.024279,0.910852,-0.405641,-0.076182,0.079478,-0.008740,0.996798,0,0.89023,0.17540,53.414,0.351,-1,425.000,-1,425.000,-1,350.000,350.000,275.000,275.000,-1,-1,-1,925.000,875.000,-1,-1,-1,2,0,2,0,2,0,0,0,0,2,2,2,1,0,2,2,2
37,-5257.854,8625.379,-17.486,114.293,-0.410671,-0.911427,0.025507,0.908420,-0.411396,-0.074343,0.078252,-0.007359,0.996906,0,0.89081,0.18051,53.449,0.361,-1,425.000,-1,425.000,-1,350.000,350.000,275.000,275.000,-1,-1,-1,950.000,875.000,-1,-1,-1,2,0,2,0,2,0,0,0,0,2,2,2,1,0,2,2,2
38,-5280.184,8674.006,-13.516,114.665,-0.416502,-0.908747,0.026546,0.905890,-0.417304,-0.072256,0.076740,-0.006047,0.997033,0,0.89181,0.18583,53.509,0.372,-1,425.000,-1,425.000,-1,350.000,350.000,275.000,275.000,-1,-1,-1,950.000,900.000,-1,-1,-1,2,0,2,0,2,0,0,0,0,2,2,2,1,0,2,2,2
39,-5302.873,8722.558,-9.805,115.048,-0.422657,-0.905936,0.025320,0.903282,-0.423364,-0.069610,0.073782,-0.006550,0.997253,0,0.89321,0.19137,53.593,0.383,-1,425.000,-1,425.000,-1,350.000,350.000,275.000,275.000,-1,-1,-1,975.000,900.000,-1,-1,-1,2,0,2,0,2,0,0,0,0,2,2,2,1,0,2,2,2
40,-5325.943,8771.050,-6.145,115.442,-0.428968,-0.902999,0.024081,0.900539,-0.429586,-0.066973,0.070821,-0.007043,0.997464,0,0.89501,0.19712,53.700,0.394,-1,425.000,-1,425.000,-1,350.000,350.000,275.000,275.000,-1,-1,-1,1000.000,925.000,-1,-1,-1,2,0,2,0,2,0,0,0,0,2,2,2,1,0,2,2,2
41,-5349.412,8819.495,-2.534,115.848,-0.435441,-0.899928,0.022829,0.897656,-0.435974,-0.064344,0.067858,-0.007525,0.997667,0,0.89718,0.20306,53.831,0.406,-1,400.000,-1,425.000,-1,350.000,350.000,275.000,300.000,-1,-1,-1,-1,925.000,-1,-1,-1,2,0,2,0,2,0,0,0,0,2,2,2,2,0,2,2,2
42,-5373.302,8867.903,1.025,116.266,-0.442079,-0.896717,0.021563,0.894626,-0.442532,-0.061723,0.064891,-0.007995,0.997860,0,0.89972,0.20920,53.983,0.418,-1,400.000,-1,450.000,-1,350.000,350.000,275.000,300.000,-1,-1,-1,-1,925.000,-1,-1,-1,2,0,2,0,2,0,0,0,0,2,2,2,2,0,2,2,2
43,-5397.633,8916.286,4.534,116.698,-0.448886,-0.893359,0.020283,0.891441,-0.449264,-0.059110,0.061919,-0.008452,0.998045,0,0.90261,0.21552,54.156,0.431,-1,400.000,-1,450.000,-1,325.000,350.000,275.000,300.000,-1,-1,-1,-1,925.000,-1,-1,-1,2,0,2,0,2,0,0,0,0,2,2,2,2,0,2,2,2
44,-5422.427,8964.651,7.991,117.142,-0.455864,-0.889847,0.018988,0.888096,-0.456172,-0.056504,0.058942,-0.008894,0.998222,0,0.90584,0.22203,54.350,0.444,-1,400.000,-1,475.000,-1,325.000,350.000,275.000,300.000,-1,-1,-1,-1,900.000,-1,-1,-1,2,0,2,0,2,0,0,0,0,2,2,2,2,0,2,2,2
45,-5447.705,9013.005,11.396,117.599,-0.463016,-0.886173,0.017678,0.884582,-0.463260,-0.053905,0.055958,-0.009321,0.998390,0,0.90939,0.22870,54.564,0.457,-1,400.000,-1,475.000,-1,325.000,350.000,275.000,300.000,-1,-1,-1,-1,900.000,-1,-1,-1,2,0,2,0,2,0,0,0,0,2,2,2,2,0,2,2,2
46,-5473.489,9061.355,14.391,118.070,-0.470266,-0.882341,0.017994,0.880871,-0.470534,-0.051615,0.054008,-0.008422,0.998505,0,0.91326,0.23555,54.796,0.471,-1,400.000,-1,475.000,-1,350.000,350.000,275.000,300.000,-1,-1,-1,-1,900.000,-1,-1,-1,2,0,2,0,2,0,0,0,0,2,2,2,2,0,2,2,2
47,-5498.570,9107.012,17.121,118.781,-0.481135,-0.876442,0.018923,0.875086,-0.481454,-0.049256,0.052281,-0.007139,0.998607,0,0.86820,0.35555,52.092,0.711,-1,425.000,-1,500.000,-1,350.000,375.000,275.000,300.000,-1,-1,-1,-1,900.000,-1,-1,-1,2,0,2,0,2,0,0,0,0,2,2,2,2,0,2,2,2
48,-5524.530,9152.464,19.027,119.732,-0.495479,-0.868350,0.021660,0.867320,-0.495947,-0.042347,0.047514,-0.002196,0.998868,0,0.87240,0.47555,52.344,0.951,-1,425.000,-1,475.000,-1,350.000,375.000,275.000,275.000,-1,-1,-1,-1,875.000,-1,-1,-1,2,0,2,0,2,0,0,0,0,2,2,2,2,0,2,2,2
49,-5551.568,9197.598,20.879,120.923,-0.513327,-0.857852,0.024194,0.857129,-0.513890,-0.035320,0.042732,0.002607,0.999083,0,0.87689,0.59555,52.613,1.191,-1,425.000,-1,475.000,-1,350.000,350.000,275.000,275.000,-1,-1,-1,-1,850.000,-1,-1,-1,2,0,2,0,2,0,0,0,0,2,2,2,2,0,2,2,2
50,-5579.879,9242.286,22.706,122.355,-0.534539,-0.844731,0.026406,0.844289,-0.535143,-0.028267,0.038009,0.007184,0.999252,0,0.88170,0.71555,52.902,1.431,-1,400.000,-1,450.000,-1,350.000,350.000,300.000,275.000,-1,-1,-1,-1,850.000,-1,-1,-1,2,0,2,0,2,0,0,0,0,2,2,2,2,0,2,2,2
51,-5609.402,9286.302,24.487,123.850,-0.556395,-0.830447,0.027955,0.830221,-0.556992,-0.022201,0.034007,0.010856,0.999363,0,0.88334,0.74787,53.000,1.496,-1,400.000,-1,450.000,-1,350.000,350.000,300.000,275.000,-1,-1,-1,-1,825.000,-1,-1,-1,2,0,2,0,2,0,0,0,0,2,2,2,2,0,2,2,2
52,-5640.063,9329.532,26.268,125.346,-0.577899,-0.815607,0.028615,0.815502,-0.578465,-0.018262,0.031448,0.012782,0.999424,0,0.88334,0.74787,53.000,1.496,-1,400.000,-1,450.000,-1,350.000,350.000,300.000,275.000,-1,-1,-1,-1,800.000,-1,-1,-1,2,0,2,0,2,0,0,0,0,2,2,2,2,0,2,2,2
53,-5671.843,9371.948,28.027,126.842,-0.599015,-0.800209,0.029109,0.800213,-0.599542,-0.014408,0.028981,0.014663,0.999472,0,0.88334,0.74787,53.000,1.496,-1,400.000,-1,450.000,-1,350.000,350.000,300.000,300.000,-1,-1,-1,-1,775.000,-1,-1,-1,2,0,2,0,2,0,0,0,0,2,2,2,2,0,2,2,2
54,-5704.719,9413.519,29.761,128.337,-0.619728,-0.784264,0.029447,0.784365,-0.620208,-0.010648,0.026614,0.016498,0.999510,0,0.88334,0.74787,53.000,1.496,-1,400.000,-1,450.000,-1,350.000,350.000,300.000,300.000,-1,-1,-1,-1,775.000,-1,-1,-1,2,0,2,0,2,0,0,0,0,2,2,2,2,0,2,2,2
55,-5738.668,9454.218,31.202,129.833,-0.640068,-0.767799,0.028244,0.767959,-0.640461,-0.007024,0.023482,0.017194,0.999576,0,0.88334,0.74787,53.000,1.496,-1,400.000,-1,450.000,-1,325.000,350.000,300.000,300.000,-1,-1,-1,-1,750.000,-1,-1,-1,2,0,2,0,2,0,0,0,0,2,2,2,2,0,2,2,2
56,-5773.669,9494.018,32.503,131.330,-0.659994,-0.750810,0.026330,0.751002,-0.660290,-0.003614,0.020099,0.017389,0.999647,0,0.88336,0.74818,53.002,1.496,-1,400.000,-1,425.000,-1,325.000,350.000,300.000,325.000,-1,-1,-1,-1,725.000,-1,-1,-1,2,0,2,0,2,0,0,0,0,2,2,2,2,0,2,2,2
57,-5809.702,9532.892,33.799,132.828,-0.679480,-0.733287,0.024444,0.733499,-0.679690,-0.000418,0.016921,0.017646,0.999701,0,0.88342,0.74905,53.005,1.498,-1,375.000,-1,425.000,-1,325.000,350.000,300.000,325.000,-1,-1,-1,-1,700.000,975.000,-1,-1,2,0,2,0,2,0,0,0,0,2,2,2,2,0,0,2,2
58,-5846.743,9570.813,35.359,134.328,-0.698470,-0.715222,0.024435,0.715480,-0.698628,0.002752,0.015103,0.019405,0.999698,0,0.88349,0.74994,53.009,1.500,-1,375.000,-1,425.000,-1,325.000,350.000,300.000,325.000,-1,-1,-1,-1,700.000,950.000,-1,-1,2,0,2,0,2,0,0,0,0,2,2,2,2,0,0,2,2
59,-5884.769,9607.751,36.036,135.829,-0.716894,-0.696588,0.028780,0.696994,-0.717049,0.006359,0.016207,0.024618,0.999566,0,0.88356,0.75084,53.014,1.502,-1,375.000,-1,425.000,-1,325.000,325.000,300.000,325.000,-1,-1,-1,-1,700.000,925.000,-1,-1,2,0,2,0,2,0,0,0,0,2,2,2,2,0,0,2,2
60,-5923.755,9643.682,36.750,137.333,-0.734841,-0.677440,0.032919,0.678017,-0.734978,0.010053,0.017384,0.029707,0.999407,0,0.88364,0.75176,53.018,1.504,-1,375.000,-1,425.000,-1,325.000,325.000,300.000,325.000,-1,-1,-1,-1,700.000,925.000,-1,-1,2,0,2,0,2,0,0,0,0,2,2,2,2,0,0,2,2
61,-5963.675,9678.580,37.503,138.838,-0.752297,-0.657792,0.036851,0.658560,-0.752401,0.013822,0.018634,0.034667,0.999225,0,0.88372,0.75270,53.023,1.505,-1,375.000,-1,425.000,-1,325.000,325.000,300.000,325.000,-1,-1,-1,-1,700.000,900.000,-1,-1,2,0,2,0,2,0,0,0,0,2,2,2,2,0,0,2,2
62,-6004.503,9712.418,38.504,140.346,-0.769284,-0.637678,0.039610,0.638614,-0.769329,0.017455,0.019343,0.038724,0.999063,0,0.88380,0.75366,53.028,1.507,-1,375.000,-1,425.000,-1,325.000,325.000,300.000,300.000,-1,-1,-1,-1,700.000,900.000,-1,-1,2,0,2,0,2,0,0,0,0,2,2,2,2,0,0,2,2
63,-6046.213,9745.173,39.654,141.855,-0.785776,-0.617106,0.041664,0.618194,-0.785746,0.020969,0.019797,0.042233,0.998912,0,0.88389,0.75463,53.034,1.509,-1,375.000,-1,425.000,-1,325.000,325.000,300.000,300.000,-1,-1,-1,-1,700.000,875.000,-1,-1,2,0,2,0,2,0,0,0,0,2,2,2,2,0,0,2,2
64,-6088.776,9776.820,40.839,143.366,-0.801744,-0.596080,0.043537,0.597322,-0.801628,0.024461,0.020320,0.045617,0.998752,0,0.88399,0.75562,53.039,1.511,-1,375.000,-1,400.000,-1,325.000,325.000,300.000,300.000,-1,-1,-1,-1,725.000,850.000,-1,-1,2,0,2,0,2,0,0,0,0,2,2,2,2,0,0,2,2
65,-6132.164,9807.335,42.089,144.879,-0.817171,-0.574617,0.045247,0.576013,-0.816969,0.027772,0.021007,0.048757,0.998590,0,0.88409,0.75663,53.045,1.513,-1,375.000,-1,400.000,-1,300.000,325.000,300.000,300.000,-1,-1,-1,-1,725.000,850.000,-1,-1,2,0,2,0,2,0,0,0,0,2,2,2,2,0,0,2,2
66,-6176.350,9836.695,43.593,146.395,-0.832026,-0.552751,0.046889,0.554283,-0.831787,0.030000,0.022419,0.050951,0.998449,0,0.88419,0.75765,53.051,1.515,-1,375.000,-1,400.000,-1,300.000,325.000,300.000,325.000,-1,-1,-1,-1,725.000,850.000,-1,-1,2,0,2,0,2,0,0,0,0,2,2,2,2,0,0,2,2
67,-6221.302,9864.879,45.138,147.912,-0.846315,-0.530476,0.048441,0.532145,-0.846043,0.032150,0.023928,0.052986,0.998309,0,0.88429,0.75869,53.058,1.517,-1,375.000,-1,400.000,-1,300.000,325.000,300.000,325.000,-1,-1,-1,-1,725.000,850.000,-1,-1,2,0,2,0,2,0,0,0,0,2,2,2,2,0,0,2,2
68,-6266.992,9891.864,46.725,149.431,-0.860026,-0.507803,0.049912,0.509611,-0.859725,0.034214,0.025537,0.054861,0.998167,0,0.88440,0.75974,53.064,1.519,-1,375.000,-1,400.000,-1,300.000,325.000,300.000,325.000,-1,-1,525.000,-1,725.000,850.000,-1,-1,2,0,2,0,2,0,0,0,0,2,2,0,2,0,0,2,2
69,-6313.388,9917.631,48.147,150.953,-0.873124,-0.484771,0.051495,0.486698,-0.872863,0.035141,0.027913,0.055744,0.998055,0,0.88452,0.76081,53.071,1.522,-1,375.000,-1,400.000,-1,300.000,325.000,300.000,325.000,-1,-1,550.000,-1,750.000,850.000,-1,-1,2,0,2,0,2,0,0,0,0,2,2,0,2,0,0,2,2
70,-6360.459,9942.158,49.442,152.477,-0.885599,-0.461387,0.053248,0.463418,-0.885444,0.035119,0.030944,0.055778,0.997964,0,0.88463,0.76190,53.078,1.524,-1,375.000,-1,400.000,-1,325.000,325.000,300.000,325.000,-1,-1,525.000,-1,750.000,850.000,-1,-1,2,0,2,0,2,0,0,0,0,2,2,0,2,0,0,2,2
71,-6408.173,9965.426,50.873,154.003,-0.897471,-0.437638,0.054950,0.439779,-0.897404,0.035503,0.033775,0.056028,0.997858,0,0.88476,0.76299,53.085,1.526,-1,375.000,-1,400.000,-1,325.000,325.000,300.000,325.000,-1,750.000,475.000,-1,750.000,875.000,-1,-1,2,0,2,0,2,0,0,0,0,2,0,0,2,0,0,2,2
72,-6452.037,9985.610,52.474,155.289,-0.907004,-0.417358,0.056182,0.419628,-0.906935,0.037162,0.035444,0.057281,0.997729,0,0.80476,0.64299,48.285,1.286,-1,400.000,-1,400.000,-1,325.000,325.000,300.000,325.000,-1,600.000,500.000,-1,775.000,875.000,-1,-1,2,0,2,0,2,0,0,0,0,2,0,0,2,0,0,2,2
73,-6491.865,10003.063,53.920,156.335,-0.914425,-0.400708,0.057099,0.403085,-0.914347,0.038624,0.036732,0.058334,0.997621,0,0.72476,0.52299,43.485,1.046,-1,400.000,-1,400.000,-1,325.000,325.000,300.000,325.000,-1,600.000,500.000,-1,775.000,875.000,-1,-1,2,0,2,0,2,0,0,0,0,2,0,0,2,0,0,2,2
74,-6527.513,10018.091,55.159,157.141,-0.919949,-0.387790,0.057560,0.390239,-0.919854,0.039780,0.037520,0.059058,0.997549,0,0.64476,0.40299,38.685,0.806,-1,400.000,-1,400.000,-1,325.000,325.000,300.000,325.000,-1,625.000,525.000,-1,775.000,875.000,-1,-1,2,0,2,0,2,0,0,0,0,2,0,0,2,0,0,2,2
75,-6558.865,10030.944,56.256,157.707,-0.923717,-0.378668,0.057938,0.381180,-0.923600,0.040811,0.038057,0.059783,0.997486,0,0.56476,0.28299,33.885,0.566,-1,400.000,-1,425.000,-1,325.000,325.000,300.000,325.000,-1,650.000,550.000,-1,800.000,875.000,-1,-1,2,0,2,0,2,0,0,0,0,2,0,0,2,0,0,2,2
76,-6590.278,10043.614,57.354,158.033,-0.925843,-0.373387,0.058290,0.375961,-0.925689,0.041870,0.038325,0.060680,0.997421,0,0.56453,0.16299,33.872,0.326,-1,400.000,-1,425.000,-1,325.000,325.000,300.000,325.000,-1,675.000,575.000,-1,800.000,875.000,-1,-1,2,0,2,0,2,0,0,0,0,2,0,0,2,0,0,2,2
77,-6621.703,10056.234,58.459,158.119,-0.926394,-0.371974,0.058559,0.374605,-0.926191,0.042918,0.038272,0.061695,0.997361,0,0.56440,0.04299,33.864,0.086,-1,400.000,-1,425.000,-1,325.000,325.000,300.000,325.000,-1,725.000,600.000,-1,800.000,875.000,-1,-1,2,0,2,0,2,0,0,0,0,2,0,0,2,0,0,2,2
78,-6653.082,10068.934,59.714,157.965,-0.925423,-0.374449,0.058141,0.377080,-0.925154,0.043609,0.037460,0.062281,0.997355,0,0.56420,-0.07701,33.852,-0.154,-1,400.000,-1,425.000,-1,325.000,325.000,300.000,325.000,-1,775.000,650.000,-1,825.000,875.000,-1,-1,2,0,2,0,2,0,0,0,0,2,0,0,2,0,0,2,2
79,-6684.357,10081.842,60.920,157.571,-0.922859,-0.380782,0.057756,0.383416,-0.922508,0.044409,0.036371,0.063128,0.997342,0,0.56390,-0.19701,33.834,-0.394,-1,400.000,-1,425.000,-1,325.000,325.000,300.000,325.000,-1,875.000,725.000,-1,825.000,875.000,-1,-1,2,0,2,0,2,0,0,0,0,2,0,0,2,0,0,2,2
80,-6715.917,10095.229,62.050,157.014,-0.919160,-0.389696,0.057286,0.392336,-0.918694,0.045531,0.034885,0.064325,0.997319,0,0.57136,-0.27831,34.282,-0.557,-1,400.000,-1,425.000,-1,325.000,325.000,300.000,325.000,-1,975.000,825.000,-1,825.000,875.000,-1,-1,2,0,2,0,2,0,0,0,0,2,0,0,2,0,0,2,2
81,-6747.394,10108.946,63.149,156.453,-0.915341,-0.398648,0.056840,0.401293,-0.914760,0.046671,0.033389,0.065529,0.997292,0,0.57227,-0.28073,34.336,-0.561,-1,400.000,-1,425.000,-1,325.000,325.000,300.000,325.000,-1,-1,900.000,-1,825.000,875.000,-1,-1,2,0,2,0,2,0,0,0,0,2,2,0,2,0,0,2,2
82,-6778.783,10122.995,64.218,155.886,-0.911400,-0.407637,0.056419,0.410286,-0.910702,0.047829,0.031884,0.066739,0.997261,0,0.57316,-0.28315,34.389,-0.566,-1,400.000,-1,425.000,-1,325.000,325.000,300.000,300.000,-1,-1,1000.000,-1,850.000,875.000,-1,-1,2,0,2,0,2,0,0,0,0,2,2,0,2,0,0,2,2
83,-6810.077,10137.377,65.255,155.315,-0.907334,-0.416661,0.056025,0.419312,-0.906519,0.049004,0.030370,0.067955,0.997226,0,0.57401,-0.28558,34.441,-0.571,-1,400.000,-1,425.000,-1,325.000,325.000,300.000,300.000,-1,-1,-1,-1,850.000,875.000,-1,-1,2,0,2,0,2,0,0,0,0,2,2,2,2,0,0,2,2
84,-6845.637,10153.970,66.400,154.984,-0.904955,-0.421858,0.055613,0.424516,-0.904020,0.050347,0.029036,0.069170,0.997182,0,0.65401,-0.16558,39.241,-0.331,-1,400.000,-1,400.000,-1,325.000,325.000,300.000,300.000,-1,-1,-1,-1,850.000,850.000,-1,-1,2,0,2,0,2,0,0,0,0,2,2,2,2,0,0,2,2
85,-6882.713,10171.342,67.568,154.893,-0.904324,-0.423262,0.055204,0.425930,-0.903275,0.051746,0.027962,0.070308,0.997133,0,0.68239,-0.04558,40.943,-0.091,-1,400.000,-1,400.000,-1,325.000,325.000,300.000,300.000,-1,-1,-1,-1,850.000,850.000,-1,-1,2,0,2,0,2,0,0,0,0,2,2,2,2,0,0,2,2
86,-6919.863,10188.632,68.721,155.042,-0.905458,-0.420883,0.054799,0.423564,-0.904306,0.053136,0.027191,0.071324,0.997083,0,0.68295,0.07442,40.977,0.149,-1,400.000,-1,400.000,-1,325.000,325.000,300.000,300.000,-1,-1,-1,-1,850.000,850.000,-1,-1,2,0,2,0,2,0,0,0,0,2,2,2,2,0,0,2,2
87,-6957.140,10205.689,69.873,155.411,-0.908187,-0.415016,0.054385,0.417712,-0.906943,0.054511,0.026701,0.072223,0.997031,0,0.68324,0.18473,40.995,0.369,-1,400.000,-1,400.000,-1,325.000,325.000,300.000,300.000,-1,-1,-1,-1,875.000,850.000,-1,-1,2,0,2,0,2,0,0,0,0,2,2,2,2,0,0,2,2
88,-6994.526,10222.510,71.029,155.774,-0.910830,-0.409240,0.053961,0.411949,-0.909492,0.055875,0.026211,0.073122,0.996979,0,0.68326,0.18136,40.995,0.363,-1,400.000,-1,400.000,-1,325.000,325.000,300.000,300.000,-1,-1,-1,-1,875.000,850.000,-1,-1,2,0,2,0,2,0,0,0,0,2,2,2,2,0,0,2,2
89,-7032.006,10239.095,72.189,156.130,-0.913389,-0.403553,0.053530,0.406275,-0.911957,0.057228,0.025723,0.074019,0.996925,0,0.68311,0.17802,40.986,0.356,-1,400.000,-1,400.000,-1,325.000,325.000,325.000,300.000,-1,-1,-1,-1,875.000,850.000,-1,-1,2,0,2,0,2,0,0,0,0,2,2,2,2,0,0,2,2
90,-7069.571,10255.443,73.352,156.480,-0.915871,-0.397946,0.053092,0.400678,-0.914345,0.058570,0.025236,0.074915,0.996871,0,0.68280,0.17508,40.968,0.350,-1,425.000,-1,400.000,-1,325.000,325.000,325.000,300.000,-1,-1,-1,-1,875.000,850.000,-1,-1,2,0,2,0,2,0,0,0,0,2,2,2,2,0,0,2,2
91,-7107.208,10271.554,74.428,156.826,-0.918278,-0.392402,0.052773,0.395142,-0.916695,0.059446,0.025050,0.075441,0.996836,0,0.68234,0.17297,40.940,0.346,-1,425.000,-1,425.000,-1,325.000,325.000,325.000,300.000,-1,-1,-1,-1,900.000,850.000,-1,-1,2,0,2,0,2,0,0,0,0,2,2,2,2,0,0,2,2
92,-7144.907,10287.425,75.461,157.168,-0.920632,-0.386913,0.052296,0.389644,-0.918997,0.060183,0.024774,0.075783,0.996817,0,0.68174,0.17103,40.904,0.342,-1,425.000,-1,425.000,-1,325.000,325.000,325.000,300.000,-1,-1,-1,-1,900.000,850.000,-1,-1,2,0,2,0,2,0,0,0,0,2,2,2,2,0,0,2,2
93,-7182.658,10303.058,76.244,157.507,-0.922982,-0.381496,0.050647,0.384115,-0.921316,0.060275,0.023667,0.075087,0.996896,0,0.68100,0.16927,40.860,0.339,-1,425.000,-1,425.000,-1,325.000,325.000,325.000,300.000,-1,-1,-1,-1,900.000,850.000,-1,-1,2,0,2,0,2,0,0,0,0,2,2,2,2,0,0,2,2
94,-7220.451,10318.450,77.022,157.842,-0.925278,-0.376118,0.048957,0.378621,-0.923584,0.060326,0.022526,0.074355,0.996977,0,0.68013,0.16767,40.808,0.335,-1,425.000,-1,425.000,-1,325.000,325.000,300.000,300.000,-1,-1,-1,-1,875.000,850.000,-1,-1,2,0,2,0,2,0,0,0,0,2,2,2,2,0,0,2,2
95,-7262.784,10335.420,77.896,158.157,-0.927419,-0.371050,0.047081,0.373425,-0.925694,0.060369,0.021183,0.073569,0.997065,0,0.76013,0.15769,45.608,0.315,-1,425.000,-1,425.000,-1,325.000,325.000,300.000,300.000,-1,-1,-1,-1,875.000,850.000,-1,-1,2,0,2,0,2,0,0,0,0,2,2,2,2,0,0,2,2
96,-7309.618,10354.062,78.760,158.295,-0.928386,-0.368836,0.045370,0.371095,-0.926615,0.060613,0.019685,0.073109,0.997130,0,0.84013,0.06887,50.408,0.138,-1,425.000,-1,425.000,-1,325.000,325.000,300.000,300.000,-1,-1,-1,-1,875.000,825.000,-1,-1,2,0,2,0,2,0,0,0,0,2,2,2,2,0,0,2,2
97,-7360.952,10374.379,79.522,158.407,-0.929199,-0.367015,0.043470,0.369157,-0.927322,0.061616,0.017697,0.073301,0.997153,0,0.92013,0.05612,55.208,0.112,-1,400.000,-1,425.000,-1,325.000,325.000,300.000,300.000,-1,-1,-1,-1,875.000,825.000,-1,-1,2,0,2,0,2,0,0,0,0,2,2,2,2,0,0,2,2
98,-7414.378,10395.434,80.201,158.492,-0.929838,-0.365635,0.041375,0.367650,-0.927818,0.063144,0.015301,0.073925,0.997146,0,0.95710,0.04211,57.426,0.084,-1,400.000,-1,400.000,-1,325.000,325.000,300.000,300.000,-1,-1,-1,-1,850.000,800.000,-1,-1,2,0,2,0,2,0,0,0,0,2,2,2,2,0,0,2,2
99,-7467.815,10416.432,80.875,158.547,-0.930284,-0.364726,0.039316,0.366612,-0.928124,0.064658,0.012907,0.074564,0.997133,0,0.95690,0.02751,57.414,0.055,-1,400.000,-1,400.000,-1,325.000,325.000,300.000,300.000,-1,-1,-1,-1,850.000,800.000,-1,-1,2,0,2,0,2,0,0,0,0,2,2,2,2,0,0,2,2
100,-7521.209,10437.387,81.541,158.572,-0.930539,-0.364289,0.037297,0.366042,-0.928243,0.066163,0.010518,0.075219,0.997112,0,0.95598,0.01295,57.359,0.026,-1,400.000,-1,400.000,-1,325.000,325.000,325.000,300.000,-1,-1,-1,-1,850.000,775.000,-1,-1,2,0,2,0,2,0,0,0,0,2,2,2,2,0,0,2,2
101,-7574.511,10458.308,82.198,158.569,-0.930604,-0.364319,0.035322,0.365937,-0.928177,0.067659,0.008136,0.075889,0.997083,0,0.95435,-0.00151,57.261,-0.003,-1,400.000,-1,400.000,-1,325.000,325.000,325.000,300.000,-1,-1,-1,-1,825.000,775.000,-1,-1,2,0,2,0,2,0,0,0,0,2,2,2,2,0,0,2,2
102,-7627.674,10479.209,82.859,158.538,-0.930481,-0.364813,0.033417,0.366295,-0.927932,0.069074,0.005810,0.076513,0.997052,0,0.95206,-0.01579,57.124,-0.032,-1,400.000,-1,400.000,-1,325.000,325.000,325.000,300.000,-1,-1,-1,-1,825.000,750.000,-1,-1,2,0,2,0,2,0,0,0,0,2,2,2,2,0,0,2,2
103,-7680.655,10500.092,83.592,158.488,-0.930227,-0.365614,0.031681,0.366965,-0.927589,0.070102,0.003757,0.076836,0.997037,0,0.94915,-0.02502,56.949,-0.050,-1,400.000,-1,400.000,-1,325.000,325.000,325.000,300.000,-1,-1,-1,-1,825.000,750.000,-1,-1,2,0,2,0,2,0,0,0,0,2,2,2,2,0,0,2,2
104,-7733.418,10520.957,84.302,158.423,-0.929875,-0.366651,0.029984,0.367871,-0.927150,0.071160,0.001709,0.077200,0.997014,0,0.94563,-0.03234,56.738,-0.065,-1,400.000,-1,400.000,-1,325.000,325.000,325.000,300.000,-1,-1,-1,-1,800.000,750.000,-1,-1,2,0,2,0,2,0,0,0,0,2,2,2,2,0,0,2,2
105,-7785.924,10541.805,84.672,158.345,-0.929406,-0.367934,0.028805,0.369059,-0.926713,0.070696,0.000682,0.076336,0.997082,0,0.94156,-0.03890,56.494,-0.078,-1,400.000,-1,400.000,-1,325.000,325.000,325.000,300.000,-1,-1,-1,-1,800.000,750.000,-1,-1,2,0,2,0,2,0,0,0,0,2,2,2,2,0,0,2,2
106,-7838.143,10562.634,84.787,158.256,-0.928854,-0.369429,0.027420,0.370445,-0.926262,0.069354,-0.000223,0.074577,0.997215,0,0.93699,-0.04469,56.219,-0.089,-1,400.000,-1,400.000,-1,325.000,325.000,325.000,300.000,-1,-1,-1,-1,800.000,750.000,-1,-1,2,0,2,0,2,0,0,0,0,2,2,2,2,0,0,2,2
107,-7890.046,10583.441,84.865,158.157,-0.928236,-0.371083,0.025975,0.371989,-0.925741,0.068023,-0.001196,0.072804,0.997346,0,0.93198,-0.04969,55.919,-0.099,-1,400.000,-1,400.000,-1,325.000,325.000,300.000,300.000,-1,-1,-1,-1,800.000,725.000,-1,-1,2,0,2,0,2,0,0,0,0,2,2,2,2,0,0,2,2
108,-7941.611,10604.225,84.885,158.049,-0.927554,-0.372865,0.024795,0.373683,-0.925142,0.066889,-0.002002,0.071309,0.997452,0,0.92659,-0.05390,55.595,-0.108,-1,400.000,-1,400.000,-1,325.000,325.000,300.000,300.000,-1,-1,-1,-1,775.000,725.000,-1,-1,2,0,2,0,2,0,0,0,0,2,2,2,2,0,0,2,2
109,-7992.817,10624.983,84.702,157.934,-0.926810,-0.374734,0.024469,0.375525,-0.924439,0.066283,-0.002218,0.070621,0.997501,0,0.92090,-0.05733,55.254,-0.115,-1,400.000,-1,400.000,-1,325.000,325.000,300.000,300.000,-1,-1,-1,-1,775.000,725.000,-1,-1,2,0,2,0,2,0,0,0,0,2,2,2,2,0,0,2,2
110,-8043.651,10645.714,84.510,157.814,-0.926027,-0.376684,0.024164,0.377450,-0.923691,0.065777,-0.002457,0.070033,0.997542,0,0.91497,-0.05997,54.898,-0.120,-1,400.000,-1,375.000,-1,325.000,325.000,300.000,300.000,-1,-1,-1,-1,775.000,725.000,-1,-1,2,0,2,0,2,0,0,0,0,2,2,2,2,0,0,2,2
111,-8094.102,10666.416,84.325,157.691,-0.925214,-0.378692,0.023904,0.379436,-0.922911,0.065294,-0.002665,0.069481,0.997580,0,0.90889,-0.06184,54.533,-0.124,-1,400.000,-1,375.000,-1,325.000,325.000,300.000,300.000,-1,-1,-1,-1,775.000,725.000,-1,-1,2,0,2,0,2,0,0,0,0,2,2,2,2,0,0,2,2
112,-8144.165,10687.087,84.148,157.565,-0.924382,-0.380732,0.023687,0.381458,-0.922110,0.064834,-0.002842,0.068967,0.997615,0,0.90271,-0.06295,54.163,-0.126,-1,400.000,-1,375.000,-1,325.000,325.000,300.000,300.000,-1,-1,-1,-1,775.000,725.000,-1,-1,2,0,2,0,2,0,0,0,0,2,2,2,2,0,0,2,2
113,-8193.840,10707.726,83.977,157.438,-0.923540,-0.382782,0.023514,0.383492,-0.921297,0.064395,-0.002985,0.068488,0.997647,0,0.89652,-0.06330,53.791,-0.127,-1,400.000,-1,375.000,-1,325.000,325.000,300.000,300.000,-1,-1,-1,-1,775.000,725.000,-1,-1,2,0,2,0,2,0,0,0,0,2,2,2,2,0,0,2,2
114,-8245.373,10729.526,83.836,157.071,-0.921078,-0.388685,0.023218,0.389362,-0.918868,0.063865,-0.003489,0.067865,0.997688,0,0.93258,-0.18330,55.955,-0.367,-1,400.000,-1,375.000,-1,325.000,325.000,300.000,300.000,-1,-1,-1,-1,750.000,725.000,-1,-1,2,0,2,0,2,0,0,0,0,2,2,2,2,0,0,2,2
115,-8296.369,10751.737,83.727,156.465,-0.916924,-0.398413,0.022772,0.399039,-0.914750,0.063252,-0.004370,0.067084,0.997738,0,0.92704,-0.30330,55.622,-0.607,-1,400.000,-1,375.000,-1,325.000,325.000,300.000,300.000,-1,-1,-1,-1,750.000,725.000,-1,-1,2,0,2,0,2,0,0,0,0,2,2,2,2,0,0,2,2
116,-8346.780,10774.586,83.578,155.618,-0.910951,-0.411905,0.022423,0.412479,-0.908807,0.062693,-0.005445,0.066359,0.997781,0,0.92245,-0.42330,55.347,-0.847,-1,400.000,-1,375.000,-1,325.000,325.000,300.000,300.000,-1,-1,-1,-1,750.000,725.000,-1,-1,2,0,2,0,2,0,0,0,0,2,2,2,2,0,0,2,2
117,-8396.551,10798.294,83.315,154.532,-0.902987,-0.429092,0.022245,0.429619,-0.900888,0.061878,-0.006511,0.065431,0.997836,0,0.91881,-0.54330,55.129,-1.087,-1,400.000,-1,375.000,-1,325.000,325.000,300.000,300.000,-1,-1,-1,-1,750.000,725.000,-1,-1,2,0,2,0,2,0,0,0,0,2,2,2,2,0,0,2,2
118,-8445.615,10823.074,82.913,153.205,-0.892818,-0.449869,0.022243,0.450356,-0.890782,0.060729,-0.007506,0.064237,0.997906,0,0.91610,-0.66330,54.966,-1.327,-1,400.000,-1,375.000,-1,325.000,325.000,300.000,300.000,-1,-1,-1,-1,750.000,700.000,-1,-1,2,0,2,0,2,0,0,0,0,2,2,2,2,0,0,2,2
119,-8493.888,10849.134,82.485,151.638,-0.880192,-0.474083,0.022507,0.474540,-0.878204,0.059743,-0.008558,0.063266,0.997960,0,0.91430,-0.78330,54.858,-1.567,-1,400.000,-1,375.000,-1,325.000,325.000,300.000,300.000,-1,-1,-1,-1,725.000,700.000,-1,-1,2,0,2,0,2,0,0,0,0,2,2,2,2,0,0,2,2
120,-8541.267,10876.675,81.985,149.832,-0.864819,-0.501562,0.022869,0.501988,-0.862871,0.058833,-0.009775,0.062360,0.998006,0,0.91335,-0.90330,54.801,-1.807,-1,375.000,-1,375.000,-1,325.000,325.000,300.000,300.000,-1,-1,-1,-1,725.000,700.000,-1,-1,2,0,2,0,2,0,0,0,0,2,2,2,2,0,0,2,2
121,-8587.650,10905.849,81.412,147.832,-0.846800,-0.531398,0.023363,0.531795,-0.844884,0.058003,-0.011084,0.061541,0.998043,0,0.91322,-1.00000,54.793,-2.000,-1,375.000,-1,375.000,-1,325.000,325.000,300.000,300.000,-1,-1,-1,-1,725.000,700.000,-1,-1,2,0,2,0,2,0,0,0,0,2,2,2,2,0,0,2,2
122,-8633.010,10936.640,80.738,145.832,-0.827751,-0.560585,0.023937,0.560961,-0.825861,0.057234,-0.012316,0.060803,0.998074,0,0.91372,-1.00000,54.823,-2.000,-1,375.000,-1,375.000,-1,325.000,325.000,300.000,300.000,-1,-1,-1,-1,725.000,700.000,-1,-1,2,0,2,0,2,0,0,0,0,2,2,2,2,0,0,2,2
123,-8677.294,10969.013,79.972,143.832,-0.807694,-0.589092,0.024511,0.589446,-0.805829,0.056500,-0.013531,0.060083,0.998102,0,0.91424,-1.00000,54.854,-2.000,-1,375.000,-1,375.000,-1,325.000,325.000,300.000,300.000,-1,-1,-1,-1,725.000,700.000,-1,-1,2,0,2,0,2,0,0,0,0,2,2,2,2,0,0,2,2
124,-8720.445,11002.932,79.119,141.832,-0.786656,-0.616882,0.025067,0.617215,-0.784813,0.055798,-0.014748,0.059366,0.998127,0,0.91476,-1.00000,54.886,-2.000,-1,375.000,-1,375.000,-1,325.000,325.000,300.000,300.000,-1,-1,-1,-1,725.000,700.000,-1,-1,2,0,2,0,2,0,0,0,0,2,2,2,2,0,0,2,2
125,-8762.410,11038.357,78.182,139.832,-0.764661,-0.643923,0.025607,0.644234,-0.762838,0.055137,-0.015970,0.058658,0.998150,0,0.91529,-1.00000,54.918,-2.000,-1,375.000,-1,375.000,-1,325.000,325.000,300.000,300.000,-1,925.000,-1,-1,750.000,700.000,-1,-1,2,0,2,0,2,0,0,0,0,2,0,2,2,0,0,2,2
126,-8803.138,11075.247,77.209,137.832,-0.741732,-0.670187,0.026124,0.670479,-0.739938,0.054305,-0.017064,0.057795,0.998183,0,0.91584,-1.00000,54.950,-2.000,-1,375.000,-1,375.000,-1,325.000,325.000,300.000,300.000,-1,850.000,975.000,-1,750.000,700.000,-1,-1,2,0,2,0,2,0,0,0,0,2,0,0,2,0,0,2,2
127,-8842.578,11113.559,76.328,135.832,-0.717879,-0.695662,0.026541,0.695944,-0.716159,0.052704,-0.017657,0.056306,0.998257,0,0.91639,-1.00000,54.983,-2.000,-1,375.000,-1,375.000,-1,325.000,325.000,300.000,300.000,-1,750.000,850.000,-1,750.000,700.000,-1,-1,2,0,2,0,2,0,0,0,0,2,0,0,2,0,0,2,2
128,-8880.679,11153.248,75.385,133.832,-0.693149,-0.720293,0.026876,0.720564,-0.691504,0.051091,-0.018216,0.054779,0.998332,0,0.91695,-1.00000,55.017,-2.000,-1,400.000,-1,375.000,-1,325.000,325.000,300.000,300.000,-1,700.000,775.000,-1,750.000,700.000,-1,-1,2,0,2,0,2,0,0,0,0,2,0,0,2,0,0,2,2
129,-8917.395,11194.268,74.408,131.832,-0.667582,-0.744040,0.027178,0.744296,-0.665992,0.049786,-0.018942,0.053465,0.998390,0,0.91752,-1.00000,55.051,-2.000,-1,375.000,-1,375.000,-1,325.000,325.000,300.000,300.000,-1,700.000,725.000,-1,750.000,700.000,-1,-1,2,0,2,0,2,0,0,0,0,2,0,0,2,0,0,2,2
130,-8952.678,11236.570,73.362,129.832,-0.641203,-0.766881,0.027443,0.767118,-0.639662,0.048602,-0.019718,0.052216,0.998441,0,0.91808,-1.00000,55.085,-2.000,-1,375.000,-1,375.000,-1,325.000,325.000,300.000,300.000,-1,725.000,725.000,-1,750.000,700.000,-1,-1,2,0,2,0,2,0,0,0,0,2,0,0,2,0,0,2,2
131,-8986.485,11280.105,72.256,127.832,-0.614046,-0.788784,0.027689,0.789002,-0.612545,0.047583,-0.020572,0.051065,0.998483,0,0.91866,-1.00000,55.119,-2.000,-1,375.000,-1,375.000,-1,325.000,325.000,300.000,300.000,-1,725.000,750.000,-1,775.000,700.000,-1,-1,2,0,2,0,2,0,0,0,0,2,0,0,2,0,0,2,2
132,-9018.772,11324.821,71.065,125.832,-0.586141,-0.809729,0.027898,0.809926,-0.584678,0.046597,-0.021420,0.049907,0.998524,0,0.91923,-1.00000,55.154,-2.000,-1,375.000,-1,375.000,-1,325.000,325.000,300.000,300.000,-1,750.000,750.000,-1,775.000,700.000,-1,-1,2,0,2,0,2,0,0,0,0,2,0,0,2,0,0,2,2
133,-9046.982,11366.532,69.926,124.072,-0.560990,-0.827344,0.028136,0.827528,-0.559560,0.045709,-0.022073,0.048926,0.998558,0,0.83923,-0.88000,50.354,-1.760,-1,400.000,-1,375.000,-1,325.000,325.000,300.000,300.000,-1,750.000,750.000,-1,775.000,700.000,-1,-1,2,0,2,0,2,0,0,0,0,2,0,0,2,0,0,2,2
134,-9073.952,11408.783,68.857,122.552,-0.538835,-0.841912,0.028999,0.842121,-0.537427,0.044766,-0.022104,0.048542,0.998577,0,0.83542,-0.76000,50.125,-1.520,-1,400.000,-1,375.000,-1,325.000,325.000,300.000,300.000,-1,750.000,750.000,-1,775.000,675.000,-1,-1,2,0,2,0,2,0,0,0,0,2,0,0,2,0,0,2,2
135,-9099.965,11451.614,67.734,121.272,-0.519879,-0.853720,0.029808,0.853958,-0.518494,0.043811,-0.021948,0.048231,0.998595,0,0.83518,-0.64000,50.111,-1.280,-1,400.000,-1,375.000,-1,325.000,325.000,300.000,300.000,-1,750.000,725.000,-1,800.000,675.000,-1,-1,2,0,2,0,2,0,0,0,0,2,0,0,2,0,0,2,2
136,-9125.171,11494.867,66.541,120.232,-0.504279,-0.863004,0.030432,0.863268,-0.502922,0.042878,-0.021699,0.047894,0.998617,0,0.83435,-0.52000,50.061,-1.040,-1,400.000,-1,375.000,-1,325.000,325.000,300.000,300.000,-1,725.000,725.000,-1,800.000,675.000,-1,-1,2,0,2,0,2,0,0,0,0,2,0,0,2,0,0,2,2
137,-9149.729,11538.396,65.280,119.432,-0.492160,-0.869958,0.030834,0.870242,-0.490832,0.041990,-0.021395,0.047498,0.998642,0,0.83298,-0.40000,49.979,-0.800,-1,400.000,-1,375.000,-1,325.000,325.000,300.000,300.000,-1,725.000,725.000,-1,800.000,675.000,-1,-1,2,0,2,0,2,0,0,0,0,2,0,0,2,0,0,2,2
