timestep,x_cm,y_cm,z_cm,yaw_deg,basis_xx,basis_xy,basis_xz,basis_yx,basis_yy,basis_yz,basis_zx,basis_zy,basis_zz,teleport_flag,throttle_cmd,steering_cmd,cmd_move_cm,cmd_turn_deg,lidar_cm_0,lidar_cm_1,lidar_cm_2,lidar_cm_3,lidar_cm_4,lidar_cm_5,lidar_cm_6,lidar_cm_7,lidar_cm_8,lidar_cm_9,lidar_cm_10,lidar_cm_11,lidar_cm_12,lidar_cm_13,lidar_cm_14,lidar_cm_15,lidar_cm_16,lidar_class_0,lidar_class_1,lidar_class_2,lidar_class_3,lidar_class_4,lidar_class_5,lidar_class_6,lidar_class_7,lidar_class_8,lidar_class_9,lidar_class_10,lidar_class_11,lidar_class_12,lidar_class_13,lidar_class_14,lidar_class_15,lidar_class_16
0,2296.630,-4258.834,-360.542,78.188,0.209986,-0.970630,-0.117398,0.976762,0.202994,0.068775,-0.042924,-0.129112,0.990701,1,0.08000,-0.12000,4.800,-0.240,-1,325.000,-1,325.000,-1,225.000,250.000,350.000,325.000,-1,-1,-1,-1,875.000,675.000,-1,-1,2,1,2,0,2,0,0,1,0,2,2,2,2,1,0,2,2
1,2298.674,-4249.454,-360.597,77.708,0.218110,-0.968919,-0.116717,0.974996,0.211124,0.069354,-0.042557,-0.128926,0.990741,0,0.16000,-0.24000,9.600,-0.480,-1,300.000,-1,325.000,-1,225.000,250.000,375.000,325.000,-1,-1,-1,-1,775.000,675.000,-1,-1,2,1,2,0,2,0,0,1,0,2,2,2,2,1,0,2,2
2,2301.918,-4235.422,-360.615,76.988,0.230242,-0.966253,-0.115519,0.972233,0.223297,0.070008,-0.041851,-0.128430,0.990835,0,0.24000,-0.36000,14.400,-0.720,-1,300.000,-1,325.000,-1,225.000,250.000,400.000,325.000,-1,-1,-1,-1,700.000,675.000,-1,-1,2,1,2,0,2,0,0,1,0,2,2,2,2,1,0,2,2
3,2306.556,-4216.789,-360.518,76.028,0.246313,-0.962509,-0.113603,0.968339,0.239488,0.070464,-0.040616,-0.127362,0.991024,0,0.32000,-0.48000,19.200,-0.960,-1,275.000,-1,325.000,-1,225.000,250.000,475.000,325.000,-1,-1,-1,-1,600.000,700.000,-1,-1,2,1,2,0,2,0,0,1,0,2,2,2,2,1,0,2,2
4,2312.774,-4193.606,-360.280,74.995,0.263478,-0.958245,-0.111114,0.963874,0.256846,0.070543,-0.039058,-0.125686,0.991301,0,0.40000,-0.51619,24.000,-1.032,-1,275.000,-1,325.000,-1,225.000,250.000,550.000,325.000,-1,-1,-1,-1,525.000,700.000,-1,-1,2,0,2,0,2,0,0,1,0,2,2,2,2,1,0,2,2
5,2320.713,-4165.920,-359.877,74.009,0.279748,-0.953964,-0.108139,0.959349,0.273383,0.070082,-0.037292,-0.123349,0.991662,0,0.48000,-0.49314,28.800,-0.986,-1,275.000,-1,325.000,-1,250.000,250.000,675.000,325.000,-1,-1,-1,-1,500.000,700.000,-1,-1,2,0,2,0,2,0,0,1,0,2,2,2,2,0,0,2,2
6,2330.500,-4133.776,-359.246,73.075,0.295007,-0.949761,-0.104526,0.954849,0.289016,0.068798,-0.035132,-0.120103,0.992140,0,0.56000,-0.46710,33.600,-0.934,-1,275.000,-1,350.000,-1,250.000,275.000,900.000,325.000,-1,-1,-1,-1,525.000,725.000,-1,-1,2,0,2,0,2,0,0,1,0,2,2,2,2,0,0,2,2
7,2342.248,-4097.216,-358.323,72.199,0.309144,-0.945731,-0.100114,0.950464,0.303666,0.066371,-0.032368,-0.115673,0.992760,0,0.64000,-0.43806,38.400,-0.876,-1,300.000,-1,350.000,-1,250.000,275.000,-1,325.000,-1,-1,-1,-1,550.000,750.000,-1,-1,2,0,2,0,2,0,0,2,0,2,2,2,2,0,0,2,2
8,2356.081,-4056.289,-357.003,71.339,0.322827,-0.941718,-0.094600,0.946026,0.318044,0.062312,-0.028594,-0.109610,0.993563,0,0.72000,-0.42994,43.200,-0.860,-1,300.000,-1,350.000,-1,275.000,275.000,-1,325.000,-1,-1,-1,-1,575.000,775.000,-1,-1,2,0,2,0,2,0,0,2,0,2,2,2,2,0,0,2,2
9,2372.116,-4011.046,-357.254,70.488,0.335702,-0.936888,-0.097700,0.941818,0.331986,0.052573,-0.016820,-0.109665,0.993826,0,0.80000,-0.42526,48.000,-0.851,-1,325.000,-1,375.000,-1,275.000,300.000,-1,325.000,-1,-1,-1,-1,650.000,875.000,-1,-1,2,0,2,0,2,0,0,2,0,2,2,2,2,0,0,2,2
10,2389.950,-3962.985,-357.565,69.645,0.348136,-0.931877,-0.102014,0.937439,0.345720,0.041049,-0.002984,-0.109922,0.993936,0,0.85437,-0.42139,51.262,-0.843,-1,350.000,-1,425.000,-1,300.000,325.000,-1,325.000,-1,-1,-1,-1,750.000,1000.000,-1,-1,2,0,2,0,2,0,0,2,0,2,2,2,2,0,0,2,2
11,2407.817,-3916.921,-357.248,68.808,0.360409,-0.926949,-0.104262,0.932734,0.359395,0.029020,0.010571,-0.107708,0.994126,0,0.82345,-0.41884,49.407,-0.838,-1,400.000,-1,450.000,-1,325.000,350.000,-1,325.000,-1,50.000,-1,-1,900.000,-1,-1,-1,2,0,2,0,2,0,0,2,0,2,1,2,2,0,2,2,2
12,2425.664,-3872.832,-356.509,67.972,0.372702,-0.921989,-0.105022,0.927658,0.373033,0.017205,0.023314,-0.103837,0.994321,0,0.79271,-0.41794,47.563,-0.836,-1,425.000,-1,500.000,-1,350.000,375.000,-1,325.000,1000.000,0.000,0.000,-1,-1,-1,-1,-1,2,0,2,0,2,0,0,2,0,0,1,0,2,2,2,2,2
13,2443.444,-3830.655,-358.154,67.135,0.385759,-0.915894,-0.111029,0.922224,0.386233,0.018079,0.026324,-0.109368,0.993653,0,0.76283,-0.41855,45.770,-0.837,-1,425.000,-1,500.000,-1,350.000,375.000,-1,325.000,850.000,0.000,0.000,-1,-1,-1,-1,-1,2,0,2,0,2,0,0,2,0,0,1,0,2,2,2,2,2
14,2461.154,-3790.309,-359.587,66.294,0.398954,-0.909726,-0.115038,0.916541,0.399459,0.019633,0.028093,-0.113269,0.993167,0,0.73434,-0.42051,44.060,-0.841,-1,425.000,-1,525.000,-1,375.000,375.000,-1,325.000,850.000,0.000,0.000,-1,-1,-1,-1,-1,2,0,2,0,2,0,0,2,0,1,1,0,2,2,2,2,2
15,2477.313,-3754.528,-360.690,65.693,0.408477,-0.905284,-0.116653,0.912331,0.408889,0.021483,0.028250,-0.115201,0.992940,0,0.65434,-0.30051,39.260,-0.601,-1,425.000,-1,525.000,-1,375.000,375.000,-1,325.000,925.000,0.000,0.000,-1,-1,-1,-1,-1,2,0,2,0,2,0,0,2,0,1,1,0,2,2,2,2,2
16,2491.694,-3723.212,-361.431,65.332,0.414299,-0.902617,-0.116788,0.909728,0.414551,0.023281,0.027401,-0.115891,0.992884,0,0.57434,-0.18051,34.460,-0.361,-1,425.000,-1,525.000,-1,375.000,375.000,-1,325.000,1000.000,0.000,0.000,-1,-1,-1,-1,-1,2,0,2,0,2,0,0,2,0,1,1,0,2,2,2,2,2
17,2504.130,-3696.284,-361.888,65.211,0.416415,-0.901767,-0.115822,0.908809,0.416469,0.024892,0.025789,-0.115626,0.992958,0,0.49434,-0.06051,29.660,-0.121,-1,425.000,-1,525.000,-1,375.000,375.000,-1,325.000,-1,0.000,0.000,-1,-1,-1,-1,-1,2,0,2,0,2,0,0,2,0,2,0,0,2,2,2,2,2
18,2514.507,-3673.694,-362.121,65.330,0.414799,-0.902732,-0.114090,0.909606,0.414643,0.026230,0.023628,-0.114657,0.993124,0,0.41434,0.05949,24.860,0.119,-1,425.000,-1,500.000,-1,350.000,375.000,-1,325.000,-1,0.000,0.000,-1,-1,-1,-1,-1,2,0,2,0,2,0,0,2,0,2,0,0,2,2,2,2,2
19,2524.259,-3652.111,-362.210,65.689,0.409451,-0.905484,-0.111576,0.912096,0.409056,0.027467,0.020770,-0.113015,0.993376,0,0.39475,0.17949,23.685,0.359,-1,425.000,-1,500.000,-1,350.000,375.000,-1,325.000,-1,0.000,0.000,-1,-1,-1,-1,-1,2,0,2,0,2,0,0,2,0,2,0,0,2,2,2,2,2
20,2533.637,-3630.764,-362.181,66.288,0.400329,-0.909948,-0.108308,0.916210,0.399672,0.028665,0.017203,-0.110708,0.993704,0,0.38861,0.29949,23.316,0.599,-1,425.000,-1,500.000,-1,350.000,375.000,-1,325.000,-1,0.000,0.000,-1,-1,-1,-1,-1,2,0,2,0,2,0,0,2,0,2,0,0,2,2,2,2,2
21,2542.605,-3609.514,-362.051,67.127,0.387368,-0.916002,-0.104338,0.921834,0.386432,0.029870,0.012958,-0.107753,0.994093,0,0.38444,0.41949,23.067,0.839,-1,425.000,-1,500.000,-1,350.000,375.000,-1,325.000,-1,0.000,0.000,-1,-1,-1,-1,-1,2,0,2,0,2,0,0,2,0,2,0,0,2,2,2,2,2
22,2551.120,-3588.228,-361.833,68.206,0.370480,-0.923473,-0.099716,0.928806,0.369257,0.031140,0.008064,-0.104154,0.994528,0,0.38211,0.53949,22.927,1.079,-1,425.000,-1,500.000,-1,350.000,375.000,-1,325.000,-1,0.000,0.000,-1,-1,-1,-1,-1,2,0,2,0,2,0,0,2,0,2,0,0,2,2,2,2,2
23,2559.130,-3566.787,-361.542,69.525,0.349564,-0.932136,-0.094490,0.936909,0.348054,0.032551,0.002545,-0.099907,0.994994,0,0.38150,0.65949,22.890,1.319,-1,425.000,-1,475.000,-1,350.000,375.000,-1,325.000,-1,0.000,0.000,-1,-1,-1,-1,-1,2,0,2,0,2,0,0,2,0,2,0,0,2,2,2,2,2
24,2566.600,-3545.089,-361.211,71.013,0.325654,-0.941306,-0.088843,0.945483,0.323872,0.034190,-0.003409,-0.095133,0.995459,0,0.38250,0.74435,22.950,1.489,-1,425.000,-1,475.000,-1,350.000,375.000,-1,300.000,-1,0.000,0.000,-1,1000.000,-1,-1,-1,2,0,2,0,2,0,0,2,0,2,0,0,2,0,2,2,2
25,2573.545,-3523.085,-360.910,72.495,0.301590,-0.949804,-0.083160,0.953392,0.299569,0.036097,-0.009373,-0.090171,0.995882,0,0.38459,0.74067,23.075,1.481,-1,425.000,-1,475.000,-1,350.000,350.000,-1,300.000,-1,0.000,0.000,-1,975.000,-1,-1,-1,2,0,2,0,2,0,0,2,0,2,0,0,2,0,2,2,2
26,2579.955,-3500.791,-360.640,73.969,0.277388,-0.957631,-0.077456,0.960636,0.275162,0.038276,-0.015341,-0.085024,0.996261,0,0.38664,0.73700,23.198,1.474,-1,425.000,-1,475.000,-1,350.000,350.000,-1,300.000,-1,0.000,0.000,-1,950.000,-1,-1,-1,2,0,2,0,2,0,0,2,0,2,0,0,2,0,2,2,2
27,2585.824,-3478.223,-360.397,75.435,0.253063,-0.964786,-0.071746,0.967215,0.250672,0.040727,-0.021308,-0.079700,0.996591,0,0.38866,0.73334,23.319,1.467,-1,425.000,-1,450.000,-1,350.000,350.000,-1,300.000,-1,-1,-1,-1,950.000,-1,-1,-1,2,0,2,0,2,0,0,2,0,2,2,2,2,0,2,2,2
28,2591.142,-3455.397,-360.184,76.895,0.228632,-0.971270,-0.066046,0.973131,0.226116,0.043449,-0.027267,-0.074206,0.996870,0,0.39063,0.72968,23.438,1.459,-1,425.000,-1,450.000,-1,350.000,350.000,-1,300.000,-1,-1,-1,-1,925.000,1000.000,-1,-1,2,0,2,0,2,0,0,2,0,2,2,2,2,0,0,2,2
29,2595.904,-3432.330,-359.997,78.347,0.204111,-0.977084,-0.060377,0.978384,0.201512,0.046441,-0.033210,-0.068551,0.997095,0,0.39258,0.72603,23.555,1.452,-1,425.000,-1,450.000,-1,350.000,350.000,-1,300.000,-1,-1,-1,-1,900.000,975.000,-1,-1,2,0,2,0,2,0,0,2,0,2,2,2,2,0,0,2,2
30,2600.103,-3409.036,-359.839,79.792,0.179515,-0.982230,-0.054758,0.982977,0.176881,0.049699,-0.039130,-0.062747,0.997262,0,0.39448,0.72238,23.669,1.445,-1,425.000,-1,450.000,-1,350.000,350.000,-1,300.000,-1,-1,-1,-1,900.000,950.000,-1,-1,2,0,2,0,2,0,0,2,0,2,2,2,2,0,0,2,2
31,2603.734,-3385.534,-359.708,81.229,0.154861,-0.986710,-0.049210,0.986910,0.152239,0.053215,-0.045016,-0.056807,0.997370,0,0.39636,0.71874,23.781,1.437,-1,425.000,-1,425.000,-1,350.000,350.000,-1,300.000,-1,-1,-1,-1,875.000,925.000,-1,-1,2,0,2,0,2,0,0,2,0,2,2,2,2,0,0,2,2
32,2606.789,-3361.838,-359.856,82.659,0.130182,-0.990474,-0.044866,0.990226,0.127599,0.056310,-0.050048,-0.051758,0.997405,0,0.39820,0.71511,23.892,1.430,-1,425.000,-1,425.000,-1,325.000,350.000,-1,300.000,-1,-1,-1,-1,875.000,900.000,-1,-1,2,0,2,0,2,0,0,2,0,2,2,2,2,0,0,2,2
33,2609.265,-3337.966,-360.831,84.082,0.105561,-0.993436,-0.044074,0.993029,0.102973,0.057365,-0.052450,-0.049822,0.997380,0,0.40000,0.71148,24.000,1.423,-1,425.000,-1,425.000,-1,325.000,350.000,-1,300.000,-1,-1,-1,-1,850.000,900.000,-1,-1,2,0,2,0,2,0,0,2,0,2,2,2,2,0,0,2,2
34,2611.158,-3313.934,-361.844,85.498,0.080991,-0.995773,-0.043314,0.995209,0.078405,0.058402,-0.054759,-0.047836,0.997353,0,0.40178,0.70787,24.107,1.416,-1,425.000,-1,425.000,-1,350.000,350.000,-1,300.000,-1,-1,-1,-1,850.000,900.000,-1,-1,2,0,2,0,2,0,0,2,0,2,2,2,2,0,0,2,2
35,2612.466,-3289.758,-363.001,86.906,0.056499,-0.997475,-0.043037,0.996792,0.053909,0.059149,-0.056679,-0.046241,0.997321,0,0.40352,0.70425,24.211,1.409,-1,425.000,-1,425.000,-1,350.000,350.000,-1,300.000,-1,-1,-1,-1,850.000,900.000,-1,-1,2,0,2,0,2,0,0,2,0,2,2,2,2,0,0,2,2
36,2613.184,-3265.455,-364.476,88.308,0.032114,-0.998556,-0.043058,0.997762,0.029501,0.060007,-0.058650,-0.044888,0.997269,0,0.40524,0.70065,24.314,1.401,-1,425.000,-1,425.000,-1,350.000,350.000,-1,300.000,-1,-1,-1,-1,850.000,900.000,-1,-1,2,0,2,0,2,0,0,2,0,2,2,2,2,1,0,2,2
37,2613.336,-3236.341,-366.582,89.705,0.007735,-0.999084,-0.042090,0.998110,0.005148,0.061229,-0.060956,-0.042485,0.997236,0,0.48524,0.69851,29.114,1.397,-1,425.000,-1,425.000,-1,325.000,350.000,-1,300.000,-1,-1,-1,-1,975.000,900.000,-1,-1,2,0,2,0,2,0,0,2,0,2,2,2,2,1,0,2,2
38,2612.756,-3206.033,-368.810,91.099,-0.016613,-0.999015,-0.041152,0.997862,-0.019168,0.062489,-0.063216,-0.040026,0.997197,0,0.50524,0.69720,30.314,1.394,-1,400.000,-1,425.000,-1,325.000,350.000,-1,300.000,-1,-1,-1,-1,-1,900.000,-1,-1,2,0,2,0,2,0,0,2,0,2,2,2,2,2,0,2,2
39,2611.440,-3175.759,-371.067,92.491,-0.040912,-0.998351,-0.040270,0.997022,-0.043428,0.063733,-0.065376,-0.037543,0.997154,0,0.50503,0.69581,30.302,1.392,-1,400.000,-1,425.000,-1,325.000,350.000,-1,300.000,-1,-1,-1,-1,-1,875.000,-1,-1,2,0,2,0,2,0,0,2,0,2,2,2,2,2,0,2,2
40,2609.392,-3145.539,-373.350,93.880,-0.065145,-0.997096,-0.039445,0.995594,-0.067617,0.064960,-0.067439,-0.035039,0.997108,0,0.50483,0.69437,30.290,1.389,-1,400.000,-1,425.000,-1,325.000,350.000,-1,300.000,-1,-1,-1,-1,-1,875.000,-1,-1,2,0,2,0,2,0,0,2,0,2,2,2,2,2,0,2,2
41,2606.614,-3115.390,-375.658,95.265,-0.089297,-0.995254,-0.038677,0.993584,-0.091719,0.066171,-0.069404,-0.032520,0.997058,0,0.50461,0.69289,30.277,1.386,-1,400.000,-1,425.000,-1,325.000,325.000,-1,300.000,-1,-1,-1,-1,-1,850.000,-1,-1,2,0,2,0,2,0,0,2,0,2,2,2,2,2,0,2,2
42,2603.112,-3085.330,-377.985,96.648,-0.113351,-0.992829,-0.037966,0.990995,-0.115718,0.067364,-0.071275,-0.029989,0.997006,0,0.50439,0.69137,30.263,1.383,-1,400.000,-1,425.000,-1,325.000,325.000,-1,300.000,-1,-1,-1,-1,-1,850.000,-1,-1,2,0,2,0,2,0,0,2,0,2,2,2,2,2,0,2,2
43,2598.884,-3055.377,-382.059,98.028,-0.136526,-0.989610,-0.045092,0.987510,-0.139568,0.073105,-0.078639,-0.034549,0.996304,0,0.50414,0.68981,30.249,1.380,-1,375.000,-1,400.000,-1,325.000,325.000,-1,300.000,-1,-1,-1,-1,-1,800.000,-1,-1,2,0,2,0,2,0,0,2,0,2,2,2,2,2,0,2,2
44,2593.939,-3025.550,-386.497,99.404,-0.159292,-0.985750,-0.054072,0.983389,-0.163262,0.079322,-0.087020,-0.040539,0.995381,0,0.50388,0.68821,30.233,1.376,-1,350.000,-1,400.000,-1,300.000,300.000,-1,300.000,-1,-1,-1,-1,1000.000,750.000,-1,-1,2,0,2,0,2,0,0,2,0,2,2,2,2,1,0,2,2
45,2588.283,-2995.868,-391.012,100.777,-0.181739,-0.981285,-0.063641,0.978699,-0.186786,0.085206,-0.095498,-0.046800,0.994329,0,0.50358,0.68657,30.215,1.373,-1,325.000,-1,375.000,-1,275.000,300.000,-1,300.000,-1,-1,-1,-1,950.000,700.000,-1,-1,2,0,2,0,2,0,0,2,0,2,2,2,2,1,0,2,2
46,2580.761,-2961.668,-396.371,102.390,-0.207741,-0.975257,-0.075617,0.972472,-0.214252,0.091623,-0.105557,-0.054502,0.992919,0,0.58358,0.80657,35.015,1.613,-1,350.000,-1,350.000,-1,250.000,275.000,-1,325.000,-1,-1,-1,-1,925.000,650.000,-1,-1,2,1,2,0,2,0,0,2,0,2,2,2,2,1,0,2,2
47,2570.953,-2923.078,-402.612,104.244,-0.237074,-0.967284,-0.090321,0.964391,-0.245542,0.098276,-0.117239,-0.063806,0.991052,0,0.66358,0.92657,39.815,1.853,-1,450.000,-1,325.000,-1,250.000,250.000,-1,325.000,-1,-1,-1,-1,875.000,600.000,-1,-1,2,1,2,0,2,0,0,2,0,2,2,2,2,1,0,2,2
48,2558.457,-2880.245,-409.687,106.244,-0.267951,-0.957400,-0.107645,0.954579,-0.278939,0.104745,-0.130309,-0.074689,0.988656,0,0.74358,1.00000,44.615,2.000,-1,450.000,-1,300.000,-1,225.000,250.000,-1,350.000,-1,-1,-1,-1,825.000,550.000,-1,-1,2,1,2,0,2,0,0,2,0,2,2,2,2,1,0,2,2
49,2542.967,-2833.318,-417.501,108.244,-0.297770,-0.946131,-0.127156,0.943653,-0.311868,0.110708,-0.144400,-0.087026,0.985685,0,0.82358,1.00000,49.415,2.000,-1,450.000,-1,275.000,-1,200.000,225.000,-1,375.000,-1,-1,-1,-1,775.000,500.000,-1,875.000,2,1,2,0,2,0,0,2,0,2,2,2,2,1,0,2,0
50,2524.448,-2783.177,-425.959,110.244,-0.326389,-0.933452,-0.148791,0.931699,-0.344248,0.115889,-0.159398,-0.100803,0.982055,0,0.89080,1.00000,53.448,2.000,-1,425.000,900.000,250.000,-1,175.000,200.000,-1,400.000,-1,-1,-1,-1,725.000,425.000,975.000,650.000,2,1,0,0,2,1,0,2,0,2,2,2,2,1,0,1,0
51,2504.263,-2733.902,-434.574,112.244,-0.354025,-0.919454,-0.171088,0.918865,-0.376037,0.119515,-0.174224,-0.114895,0.977980,0,0.88744,1.00000,53.247,2.000,-1,400.000,800.000,225.000,900.000,200.000,175.000,-1,425.000,-1,-1,-1,-1,675.000,375.000,925.000,475.000,2,1,1,0,0,1,0,2,0,2,2,2,2,1,0,1,0
52,2482.451,-2685.547,-443.491,114.244,-0.380869,-0.904223,-0.193183,0.905263,-0.407199,0.121190,-0.188247,-0.128724,0.973649,0,0.88408,1.00000,53.045,2.000,-1,400.000,700.000,200.000,775.000,225.000,150.000,-1,450.000,-1,0.000,-1,-1,625.000,325.000,875.000,375.000,2,1,1,0,0,1,0,2,0,2,0,2,2,1,0,1,0
53,2295.595,-3607.451,-407.861,49.587,0.617138,-0.741768,-0.262527,0.774475,0.631574,0.036096,0.139030,-0.225597,0.964249,1,0.00000,0.00000,52.843,2.000,-1,500.000,-1,950.000,-1,450.000,550.000,-1,525.000,-1,0.000,0.000,-1,-1,-1,-1,-1,2,0,2,0,2,0,0,2,0,2,1,1,2,2,2,2,2
54,-3609.654,4915.140,-363.204,-115.291,-0.428433,0.902508,0.043877,-0.903238,-0.426445,-0.048022,-0.024630,-0.060206,0.997882,1,0.08000,0.12000,4.800,0.240,-1,400.000,-1,375.000,-1,325.000,325.000,300.000,300.000,-1,475.000,600.000,-1,725.000,725.000,-1,-1,2,0,2,0,2,0,0,0,0,2,0,0,2,0,0,2,2
55,-3613.712,4906.439,-363.479,-115.004,-0.423900,0.904634,0.044116,-0.905373,-0.421913,-0.047845,-0.024669,-0.060223,0.997880,0,0.16000,0.14367,9.600,0.287,-1,400.000,-1,375.000,-1,325.000,325.000,300.000,300.000,-1,475.000,600.000,-1,725.000,750.000,-1,-1,2,0,2,0,2,0,0,0,0,2,0,0,2,0,0,2,2
56,-3619.733,4893.359,-363.898,-114.717,-0.419353,0.906732,0.044502,-0.907490,-0.417368,-0.047601,-0.024587,-0.060346,0.997875,0,0.24000,0.14367,14.400,0.287,-1,400.000,-1,375.000,-1,325.000,325.000,300.000,300.000,-1,475.000,575.000,-1,725.000,750.000,-1,-1,2,0,2,0,2,0,0,0,0,2,0,0,2,0,0,2,2
57,-3627.673,4875.878,-364.464,-114.429,-0.414794,0.908801,0.045031,-0.909588,-0.412810,-0.047299,-0.024396,-0.060579,0.997865,0,0.32000,0.14367,19.200,0.287,-1,400.000,-1,375.000,-1,325.000,325.000,300.000,300.000,-1,475.000,575.000,-1,725.000,750.000,-1,-1,2,0,2,0,2,0,0,0,0,2,0,0,2,0,0,2,2
58,-3637.489,4853.977,-365.178,-114.142,-0.410222,0.910840,0.045704,-0.911667,-0.408238,-0.046953,-0.024109,-0.060928,0.997851,0,0.40000,0.14367,24.000,0.287,-1,400.000,-1,375.000,-1,325.000,325.000,300.000,300.000,-1,475.000,575.000,-1,725.000,750.000,-1,-1,2,0,2,0,2,0,0,0,0,2,0,0,2,0,0,2,2
59,-3649.136,4827.637,-366.040,-113.855,-0.405638,0.912849,0.046519,-0.913725,-0.403654,-0.046581,-0.023744,-0.061401,0.997831,0,0.48000,0.14367,28.800,0.287,-1,400.000,-1,400.000,-1,325.000,325.000,300.000,300.000,-1,475.000,575.000,-1,725.000,750.000,-1,-1,2,0,2,0,2,0,0,0,0,2,0,0,2,0,0,2,2
60,-3662.569,4796.840,-367.051,-113.567,-0.401044,0.914828,0.047476,-0.915762,-0.399056,-0.046202,-0.023321,-0.062006,0.997803,0,0.56000,0.14367,33.600,0.287,-1,400.000,-1,400.000,-1,325.000,325.000,275.000,300.000,-1,475.000,550.000,-1,725.000,750.000,-1,-1,2,0,2,0,2,0,0,0,0,2,0,0,2,0,0,2,2
61,-3677.745,4761.566,-368.211,-113.280,-0.396441,0.916774,0.048577,-0.917776,-0.394445,-0.045841,-0.022865,-0.062756,0.997767,0,0.64000,0.14367,38.400,0.287,-1,400.000,-1,400.000,-1,325.000,325.000,275.000,300.000,-1,475.000,550.000,-1,725.000,775.000,-1,-1,2,0,2,0,2,0,0,0,0,2,0,0,2,0,0,2,2
62,-3694.452,4721.728,-369.469,-112.753,-0.387986,0.920334,0.049520,-0.921383,-0.385977,-0.045547,-0.022805,-0.063299,0.997734,0,0.72000,0.26367,43.200,0.527,-1,400.000,-1,400.000,-1,325.000,325.000,275.000,300.000,-1,500.000,575.000,-1,725.000,775.000,-1,-1,2,0,2,0,2,0,0,0,0,2,0,0,2,0,0,2,2
63,-3712.422,4677.219,-370.668,-111.985,-0.375649,0.925440,0.049489,-0.926459,-0.373625,-0.045585,-0.023696,-0.062973,0.997734,0,0.80000,0.38367,48.000,0.767,-1,375.000,-1,400.000,-1,325.000,325.000,275.000,300.000,-1,550.000,625.000,-1,725.000,775.000,-1,-1,2,0,2,0,2,0,0,0,0,2,0,0,2,0,0,2,2
64,-3731.332,4627.922,-371.934,-110.986,-0.359464,0.931858,0.049260,-0.932836,-0.357448,-0.045258,-0.024566,-0.062220,0.997760,0,0.88000,0.49955,52.800,0.999,-1,375.000,-1,400.000,-1,325.000,325.000,275.000,300.000,-1,600.000,675.000,-1,725.000,775.000,-1,-1,2,0,2,0,2,0,0,0,0,2,0,0,2,0,0,2,2
65,-3750.188,4576.082,-373.273,-109.987,-0.343166,0.937996,0.049000,-0.938931,-0.341162,-0.044909,-0.025408,-0.061419,0.997789,0,0.91938,0.49955,55.163,0.999,-1,375.000,-1,400.000,-1,325.000,325.000,275.000,300.000,-1,650.000,750.000,-1,725.000,800.000,-1,-1,2,0,2,0,2,0,0,0,0,2,0,0,2,0,0,2,2
66,-3768.137,4523.922,-374.562,-108.988,-0.326749,0.943862,0.048577,-0.944752,-0.324776,-0.044323,-0.026058,-0.060375,0.997836,0,0.91938,0.49955,55.163,0.999,-1,375.000,-1,400.000,-1,325.000,325.000,275.000,300.000,-1,725.000,800.000,-1,725.000,800.000,-1,-1,2,0,2,0,2,0,0,0,0,2,0,0,2,0,0,2,2
67,-3785.173,4471.456,-375.899,-107.989,-0.310239,0.949434,0.048239,-0.950280,-0.308285,-0.043899,-0.026808,-0.059460,0.997871,0,0.91938,0.49955,55.163,0.999,-1,375.000,-1,400.000,-1,325.000,325.000,275.000,300.000,-1,775.000,875.000,-1,725.000,800.000,-1,-1,2,0,2,0,2,0,0,0,0,2,0,0,2,0,0,2,2
68,-3801.292,4418.701,-377.327,-106.990,-0.293633,0.954719,0.047860,-0.955521,-0.291700,-0.043484,-0.027554,-0.058500,0.997907,0,0.91938,0.49955,55.163,0.999,-1,400.000,-1,400.000,-1,325.000,325.000,275.000,300.000,-1,825.000,950.000,-1,725.000,800.000,-1,-1,2,0,2,0,2,0,0,0,0,2,0,0,2,0,0,2,2
69,-3816.489,4365.674,-378.846,-105.991,-0.276936,0.959717,0.047430,-0.960472,-0.275025,-0.043079,-0.028299,-0.057485,0.997945,0,0.91938,0.49955,55.163,0.999,-1,400.000,-1,400.000,-1,325.000,325.000,275.000,300.000,-1,900.000,1000.000,-1,725.000,800.000,-1,-1,2,0,2,0,2,0,0,0,0,2,0,0,2,0,0,2,2
70,-3830.759,4312.389,-380.452,-104.992,-0.260152,0.964426,0.046950,-0.965131,-0.258264,-0.042683,-0.029039,-0.056417,0.997985,0,0.91938,0.49955,55.163,0.999,-1,400.000,-1,400.000,-1,325.000,325.000,275.000,300.000,-1,950.000,-1,-1,725.000,800.000,-1,-1,2,0,2,0,2,0,0,0,0,2,0,2,2,0,0,2,2
71,-3844.097,4258.864,-382.142,-103.992,-0.243286,0.968843,0.046423,-0.969498,-0.241424,-0.042295,-0.029769,-0.055297,0.998026,0,0.91938,0.49955,55.163,0.999,-1,375.000,-1,400.000,-1,325.000,325.000,275.000,300.000,-1,1000.000,-1,-1,725.000,800.000,-1,-1,2,0,2,0,2,0,0,0,0,2,0,2,2,0,0,2,2
72,-3856.501,4205.114,-383.910,-102.993,-0.226343,0.972968,0.045851,-0.973571,-0.224508,-0.041910,-0.030484,-0.054125,0.998069,0,0.91938,0.49955,55.163,0.999,-1,375.000,-1,400.000,-1,325.000,325.000,275.000,300.000,-1,-1,-1,-1,725.000,800.000,-1,-1,2,0,2,0,2,0,0,0,0,2,2,2,2,0,0,2,2
73,-3867.965,4151.156,-385.754,-101.994,-0.209328,0.976799,0.045235,-0.977348,-0.207522,-0.041528,-0.031178,-0.052904,0.998113,0,0.91938,0.49955,55.163,0.999,-1,375.000,-1,400.000,-1,325.000,325.000,275.000,300.000,-1,-1,-1,-1,700.000,800.000,-1,-1,2,0,2,0,2,0,0,0,0,2,2,2,2,0,0,2,2
74,-3878.487,4097.006,-387.668,-100.995,-0.192245,0.980334,0.044577,-0.980830,-0.190471,-0.041146,-0.031846,-0.051633,0.998158,0,0.91938,0.49955,55.163,0.999,-1,375.000,-1,400.000,-1,325.000,325.000,275.000,300.000,-1,-1,-1,-1,700.000,800.000,-1,-1,2,0,2,0,2,0,0,0,0,2,2,2,2,0,0,2,2
75,-3888.062,4042.682,-389.649,-99.996,-0.175100,0.983572,0.043879,-0.984015,-0.173360,-0.040760,-0.032484,-0.050314,0.998205,0,0.91938,0.49955,55.163,0.999,-1,375.000,-1,400.000,-1,325.000,325.000,275.000,300.000,-1,-1,-1,-1,700.000,800.000,-1,-1,2,0,2,0,2,0,0,0,0,2,2,2,2,0,0,2,2
76,-3896.147,3992.972,-391.504,-99.237,-0.162029,0.985840,0.043195,-0.986237,-0.160323,-0.040414,-0.032917,-0.049149,0.998249,0,0.83938,0.37955,50.363,0.759,-1,375.000,-1,400.000,-1,325.000,325.000,275.000,300.000,-1,-1,-1,-1,700.000,775.000,-1,-1,2,0,2,0,2,0,0,0,0,2,2,2,2,0,0,2,2
77,-3903.054,3947.936,-393.062,-98.718,-0.153055,0.987329,0.041904,-0.987653,-0.151397,-0.040254,-0.033400,-0.047548,0.998310,0,0.75938,0.25955,45.563,0.519,-1,375.000,-1,400.000,-1,325.000,325.000,275.000,300.000,-1,-1,-1,-1,700.000,775.000,-1,-1,2,0,2,0,2,0,0,0,0,2,2,2,2,0,0,2,2
78,-3909.681,3903.275,-394.580,-98.439,-0.148195,0.988132,0.040422,-0.988388,-0.146597,-0.039993,-0.033593,-0.045879,0.998382,0,0.75251,0.13955,45.151,0.279,-1,375.000,-1,400.000,-1,325.000,325.000,275.000,300.000,-1,-1,-1,-1,700.000,775.000,-1,-1,2,0,2,0,2,0,0,0,0,2,2,2,2,0,0,2,2
79,-3916.277,3858.609,-395.969,-98.400,-0.147470,0.988279,0.039457,-0.988509,-0.145930,-0.039431,-0.033210,-0.044819,0.998443,0,0.75251,0.01955,45.151,0.039,-1,375.000,-1,400.000,-1,325.000,325.000,275.000,300.000,-1,-1,-1,-1,700.000,775.000,-1,-1,2,0,2,0,2,0,0,0,0,2,2,2,2,0,0,2,2
80,-3923.030,3813.966,-397.321,-98.601,-0.150882,0.987799,0.038577,-0.988015,-0.149400,-0.038802,-0.032565,-0.043970,0.998502,0,0.75251,-0.10045,45.151,-0.201,-1,375.000,-1,400.000,-1,325.000,325.000,275.000,300.000,-1,-1,-1,-1,700.000,775.000,-1,-1,2,0,2,0,2,0,0,0,0,2,2,2,2,0,0,2,2
81,-3930.126,3769.376,-398.637,-99.041,-0.158426,0.986659,0.037495,-0.986856,-0.157002,-0.038286,-0.031888,-0.043068,0.998563,0,0.75251,-0.22045,45.151,-0.441,-1,375.000,-1,400.000,-1,325.000,325.000,275.000,300.000,-1,-1,-1,-1,700.000,775.000,-1,-1,2,0,2,0,2,0,0,0,0,2,2,2,2,0,0,2,2
82,-3937.751,3724.874,-399.952,-99.722,-0.170087,0.984756,0.036411,-0.984939,-0.168722,-0.037777,-0.031057,-0.042288,0.998623,0,0.75251,-0.34045,45.151,-0.681,-1,375.000,-1,400.000,-1,325.000,325.000,275.000,300.000,-1,-1,-1,-1,700.000,750.000,-1,-1,2,0,2,0,2,0,0,0,0,2,2,2,2,0,0,2,2
83,-3946.091,3680.500,-401.258,-100.643,-0.185841,0.981944,0.035335,-0.982119,-0.184532,-0.037279,-0.030086,-0.041631,0.998680,0,0.75251,-0.46045,45.151,-0.921,-1,375.000,-1,400.000,-1,325.000,325.000,275.000,300.000,-1,-1,-1,-1,700.000,750.000,-1,-1,2,0,2,0,2,0,0,0,0,2,2,2,2,0,0,2,2
84,-3955.327,3636.304,-402.548,-101.804,-0.205647,0.978026,0.034276,-0.978197,-0.204393,-0.036799,-0.028984,-0.041097,0.998735,0,0.75251,-0.58045,45.151,-1.161,-1,375.000,-1,400.000,-1,325.000,325.000,275.000,300.000,-1,-1,-1,-1,700.000,750.000,-1,-1,2,0,2,0,2,0,0,0,0,2,2,2,2,0,0,2,2
85,-3965.522,3592.319,-403.805,-103.049,-0.226792,0.973374,0.033308,-0.973546,-0.225589,-0.036306,-0.027825,-0.040661,0.998785,0,0.75251,-0.62221,45.151,-1.244,-1,375.000,-1,400.000,-1,325.000,325.000,275.000,300.000,-1,-1,-1,-1,700.000,750.000,-1,-1,2,0,2,0,2,0,0,0,0,2,2,2,2,0,0,2,2
86,-3976.669,3548.566,-405.038,-104.293,-0.247833,0.968261,0.032398,-0.968435,-0.246679,-0.035820,-0.026691,-0.040253,0.998833,0,0.75251,-0.62221,45.151,-1.244,-1,375.000,-1,400.000,-1,325.000,325.000,275.000,300.000,-1,-1,-1,-1,700.000,750.000,-1,-1,2,0,2,0,2,0,0,0,0,2,2,2,2,0,0,2,2
87,-3988.764,3505.065,-406.251,-105.537,-0.268762,0.962690,0.031542,-0.962867,-0.267653,-0.035345,-0.025584,-0.039870,0.998877,0,0.75251,-0.62221,45.151,-1.244,-1,375.000,-1,400.000,-1,325.000,325.000,275.000,300.000,-1,-1,-1,-1,700.000,750.000,-1,-1,2,0,2,0,2,0,0,0,0,2,2,2,2,0,0,2,2
88,-4001.800,3461.837,-407.447,-106.782,-0.289568,0.956664,0.030742,-0.956844,-0.288502,-0.034879,-0.024499,-0.039515,0.998919,0,0.75251,-0.62221,45.151,-1.244,-1,375.000,-1,400.000,-1,325.000,325.000,300.000,300.000,-1,-1,-1,-1,700.000,750.000,-1,-1,2,0,2,0,2,0,0,0,0,2,2,2,2,0,0,2,2
89,-4015.773,3418.903,-408.628,-108.026,-0.310240,0.950185,0.030002,-0.950369,-0.309214,-0.034423,-0.023432,-0.039192,0.998957,0,0.75251,-0.62221,45.151,-1.244,-1,375.000,-1,400.000,-1,325.000,325.000,300.000,300.000,-1,-1,-1,-1,700.000,725.000,-1,-1,2,0,2,0,2,0,0,0,0,2,2,2,2,0,0,2,2
90,-4030.674,3376.282,-409.766,-109.271,-0.330770,0.943261,0.029169,-0.943444,-0.329782,-0.034032,-0.022482,-0.038776,0.998995,0,0.75251,-0.62221,45.151,-1.244,-1,375.000,-1,400.000,-1,325.000,325.000,300.000,300.000,-1,-1,-1,-1,700.000,725.000,-1,-1,2,0,2,0,2,0,0,0,0,2,2,2,2,0,0,2,2
91,-4046.498,3333.995,-410.777,-110.515,-0.351137,0.935906,0.027960,-0.936076,-0.350201,-0.033478,-0.021541,-0.037929,0.999048,0,0.75251,-0.62221,45.151,-1.244,-1,375.000,-1,400.000,-1,325.000,325.000,300.000,300.000,-1,-1,-1,-1,700.000,725.000,-1,-1,2,0,2,0,2,0,0,0,0,2,2,2,2,0,0,2,2
92,-4063.236,3292.061,-411.672,-111.759,-0.371325,0.928124,0.026534,-0.928282,-0.370461,-0.032435,-0.020274,-0.036675,0.999122,0,0.75251,-0.62221,45.151,-1.244,-1,375.000,-1,400.000,-1,325.000,325.000,300.000,300.000,-1,-1,-1,-1,700.000,725.000,-1,-1,2,0,2,0,2,0,0,0,0,2,2,2,2,0,0,2,2
93,-4080.890,3250.487,-412.546,-113.007,-0.391388,0.919882,0.025156,-0.920030,-0.390595,-0.031322,-0.018987,-0.035403,0.999193,0,0.75279,-0.62367,45.167,-1.247,-1,375.000,-1,375.000,-1,325.000,325.000,300.000,300.000,-1,-1,-1,-1,700.000,725.000,-1,-1,2,0,2,0,2,0,0,0,0,2,2,2,2,0,0,2,2
94,-4099.456,3209.289,-413.377,-114.258,-0.411330,0.911174,0.023882,-0.911314,-0.410601,-0.030233,-0.017742,-0.034199,0.999258,0,0.75313,-0.62545,45.188,-1.251,-1,375.000,-1,375.000,-1,325.000,325.000,300.000,300.000,-1,-1,-1,-1,700.000,725.000,-1,-1,2,0,2,0,2,0,0,0,0,2,2,2,2,0,0,2,2
95,-4118.928,3168.488,-414.058,-115.512,-0.431151,0.901988,0.022929,-0.902122,-0.430462,-0.029625,-0.016851,-0.033458,0.999298,0,0.75348,-0.62725,45.209,-1.255,-1,375.000,-1,375.000,-1,300.000,325.000,300.000,300.000,-1,-1,-1,-1,675.000,725.000,-1,-1,2,0,2,0,2,0,0,0,0,2,2,2,2,0,0,2,2
96,-4139.301,3128.106,-414.695,-116.770,-0.450823,0.892339,0.022125,-0.892472,-0.450173,-0.028942,-0.015866,-0.032794,0.999336,0,0.75384,-0.62906,45.230,-1.258,-1,375.000,-1,375.000,-1,300.000,300.000,300.000,300.000,-1,-1,-1,-1,675.000,725.000,-1,-1,2,0,2,0,2,0,0,0,0,2,2,2,2,0,0,2,2
97,-4160.568,3088.163,-415.114,-118.032,-0.470332,0.882208,0.022296,-0.882374,-0.469712,-0.028037,-0.014262,-0.032861,0.999358,0,0.75420,-0.63089,45.252,-1.262,-1,375.000,-1,375.000,-1,300.000,325.000,300.000,300.000,-1,-1,-1,-1,675.000,725.000,-1,-1,2,0,2,0,2,0,0,0,0,2,2,2,2,0,0,2,2
98,-4182.723,3048.680,-415.512,-119.298,-0.489668,0.871617,0.022536,-0.871817,-0.489079,-0.027123,-0.012619,-0.032929,0.999378,0,0.75457,-0.63272,45.274,-1.265,-1,375.000,-1,375.000,-1,300.000,325.000,300.000,300.000,-1,-1,-1,-1,675.000,725.000,-1,-1,2,0,2,0,2,0,0,0,0,2,2,2,2,0,0,2,2
99,-4205.758,3009.677,-415.888,-120.567,-0.508821,0.860569,0.022848,-0.860803,-0.508264,-0.026202,-0.010936,-0.033000,0.999396,0,0.75495,-0.63457,45.297,-1.269,-1,375.000,-1,375.000,-1,300.000,325.000,300.000,300.000,-1,-1,-1,-1,675.000,725.000,-1,-1,2,0,2,0,2,0,0,0,0,2,2,2,2,0,0,2,2
100,-4229.666,2971.177,-416.239,-121.840,-0.527779,0.849064,0.023242,-0.849332,-0.527253,-0.025297,-0.009224,-0.033092,0.999410,0,0.75533,-0.63643,45.320,-1.273,-1,375.000,-1,375.000,-1,325.000,325.000,300.000,300.000,-1,-1,-1,-1,675.000,725.000,-1,-1,2,0,2,0,2,0,0,0,0,2,2,2,2,0,0,2,2
101,-4254.439,2933.199,-416.560,-123.116,-0.546531,0.837102,0.023729,-0.837405,-0.546036,-0.024435,-0.007498,-0.033225,0.999420,0,0.75572,-0.63830,45.343,-1.277,-1,375.000,-1,375.000,-1,325.000,325.000,300.000,300.000,-1,-1,-1,-1,675.000,725.000,-1,-1,2,0,2,0,2,0,0,0,0,2,2,2,2,0,0,2,2
102,-4280.068,2895.765,-416.859,-124.396,-0.565065,0.824688,0.024297,-0.825026,-0.564602,-0.023585,-0.005732,-0.033372,0.999427,0,0.75611,-0.64018,45.367,-1.280,-1,375.000,-1,375.000,-1,325.000,325.000,300.000,300.000,-1,-1,-1,-1,650.000,725.000,-1,-1,2,0,2,0,2,0,0,0,0,2,2,2,2,0,0,2,2
103,-4303.800,2862.864,-417.101,-125.804,-0.585118,0.810567,0.024848,-0.810938,-0.584688,-0.022775,-0.003932,-0.033476,0.999432,0,0.67611,-0.70382,40.567,-1.408,-1,375.000,-1,375.000,-1,325.000,325.000,300.000,300.000,-1,-1,-1,-1,650.000,725.000,-1,-1,2,0,2,0,2,0,0,0,0,2,2,2,2,0,0,2,2
104,-4325.432,2834.380,-417.187,-127.215,-0.604873,0.795933,0.024893,-0.796318,-0.604479,-0.021976,-0.002444,-0.033115,0.999449,0,0.59611,-0.70554,35.767,-1.411,-1,375.000,-1,400.000,-1,325.000,325.000,300.000,300.000,-1,-1,-1,-1,650.000,725.000,-1,-1,2,0,2,0,2,0,0,0,0,2,2,2,2,0,0,2,2
105,-4344.765,2810.189,-417.201,-128.629,-0.624310,0.780785,0.024740,-0.781176,-0.623949,-0.021279,-0.001178,-0.032611,0.999467,0,0.51611,-0.70710,30.967,-1.414,-1,375.000,-1,400.000,-1,325.000,325.000,300.000,300.000,-1,-1,-1,-1,650.000,725.000,-1,-1,2,0,2,0,2,0,0,0,0,2,2,2,2,0,0,2,2
106,-4361.601,2790.158,-417.195,-130.046,-0.643407,0.765128,0.024607,-0.765524,-0.643075,-0.020676,0.000005,-0.032140,0.999483,0,0.43611,-0.70849,26.167,-1.417,-1,375.000,-1,400.000,-1,325.000,325.000,300.000,300.000,-1,-1,-1,-1,650.000,725.000,-1,-1,2,0,2,0,2,0,0,0,0,2,2,2,2,0,0,2,2
107,-4375.750,2774.147,-417.177,-131.466,-0.662146,0.748974,0.024490,-0.749374,-0.661840,-0.020167,0.001104,-0.031706,0.999497,0,0.35611,-0.70971,21.367,-1.419,-1,375.000,-1,400.000,-1,325.000,325.000,300.000,300.000,-1,-1,-1,-1,650.000,750.000,-1,-1,2,0,2,0,2,0,0,0,0,2,2,2,2,0,0,2,2
108,-4387.025,2762.009,-417.153,-132.887,-0.680508,0.732335,0.024380,-0.732737,-0.680225,-0.019752,0.002119,-0.031305,0.999508,0,0.27611,-0.71075,16.567,-1.421,-1,375.000,-1,400.000,-1,325.000,325.000,300.000,300.000,-1,-1,-1,-1,650.000,750.000,-1,-1,2,0,2,0,2,0,0,0,0,2,2,2,2,0,0,2,2
109,-4395.245,2753.589,-417.133,-134.310,-0.698475,0.715222,0.024271,-0.715627,-0.698212,-0.019428,0.003051,-0.030939,0.999517,0,0.19611,-0.71160,11.767,-1.423,-1,375.000,-1,400.000,-1,325.000,325.000,300.000,300.000,-1,-1,-1,-1,650.000,750.000,-1,-1,2,0,2,0,2,0,0,0,0,2,2,2,2,0,0,2,2
110,-4400.234,2748.726,-417.123,-135.735,-0.716030,0.697652,0.024155,-0.698059,-0.715783,-0.019192,0.003901,-0.030604,0.999524,0,0.11611,-0.71223,6.967,-1.424,-1,375.000,-1,400.000,-1,325.000,325.000,300.000,300.000,-1,-1,-1,-1,650.000,750.000,-1,-1,2,0,2,0,2,0,0,0,0,2,2,2,2,0,0,2,2
111,-4401.823,2747.253,-417.131,-137.160,-0.733148,0.679645,0.024027,-0.680053,-0.732915,-0.019037,0.004672,-0.030297,0.999530,0,0.03611,-0.71238,2.167,-1.425,-1,375.000,-1,400.000,-1,325.000,325.000,300.000,300.000,-1,-1,-1,-1,650.000,750.000,-1,-1,2,0,2,0,2,0,0,0,0,2,2,2,2,0,0,2,2
112,-4399.848,2748.995,-417.166,-138.584,-0.749805,0.661228,0.023880,-0.661637,-0.749584,-0.018957,0.005365,-0.030013,0.999535,0,-0.04389,-0.71195,-2.633,-1.424,-1,375.000,-1,400.000,-1,325.000,325.000,300.000,300.000,-1,1000.000,-1,-1,675.000,750.000,-1,-1,2,0,2,0,2,0,0,0,0,2,0,2,2,0,0,2,2
113,-4394.154,2753.772,-417.234,-140.006,-0.765983,0.642423,0.023707,-0.642833,-0.765772,-0.018942,0.005985,-0.029749,0.999539,0,-0.12389,-0.71118,-7.433,-1.422,-1,375.000,-1,400.000,-1,325.000,325.000,300.000,300.000,-1,975.000,-1,-1,675.000,750.000,-1,-1,2,0,2,0,2,0,0,0,0,2,0,2,2,0,0,2,2
114,-4384.590,2761.400,-417.345,-141.426,-0.781667,0.623253,0.023505,-0.623661,-0.781464,-0.018983,0.006537,-0.029498,0.999543,0,-0.20389,-0.71005,-12.233,-1.420,-1,375.000,-1,400.000,-1,325.000,325.000,300.000,300.000,-1,950.000,-1,-1,675.000,750.000,-1,-1,2,0,2,0,2,0,0,0,0,2,0,2,2,0,0,2,2
115,-4371.015,2771.688,-417.505,-142.843,-0.796841,0.603740,0.023269,-0.604148,-0.796644,-0.019068,0.007024,-0.029252,0.999547,0,-0.28389,-0.70855,-17.033,-1.417,-1,375.000,-1,400.000,-1,325.000,325.000,300.000,300.000,-1,925.000,1000.000,-1,675.000,750.000,-1,-1,2,0,2,0,2,0,0,0,0,2,0,0,2,0,0,2,2
116,-4353.294,2784.442,-417.690,-144.257,-0.811493,0.583909,0.022988,-0.584315,-0.811296,-0.019335,0.007361,-0.029123,0.999549,0,-0.36389,-0.70668,-21.833,-1.413,-1,375.000,-1,400.000,-1,325.000,325.000,300.000,300.000,-1,900.000,975.000,-1,675.000,750.000,-1,-1,2,0,2,0,2,0,0,0,0,2,0,0,2,0,0,2,2
117,-4334.903,2797.004,-417.899,-145.665,-0.825608,0.563788,0.022695,-0.564192,-0.825412,-0.019570,0.007699,-0.028962,0.999551,0,-0.37120,-0.70445,-22.272,-1.409,-1,375.000,-1,400.000,-1,325.000,325.000,300.000,300.000,-1,875.000,950.000,-1,675.000,750.000,-1,-1,2,0,2,0,2,0,0,0,0,2,0,0,2,0,0,2,2
118,-4316.196,2809.121,-418.127,-147.070,-0.839181,0.543391,0.022395,-0.543793,-0.838987,-0.019766,0.008048,-0.028765,0.999554,0,-0.37148,-0.70221,-22.289,-1.404,-1,375.000,-1,400.000,-1,325.000,325.000,300.000,300.000,-1,850.000,925.000,-1,675.000,750.000,-1,-1,2,0,2,0,2,0,0,0,0,2,0,0,2,0,0,2,2
119,-4297.176,2820.790,-418.375,-148.470,-0.852209,0.522734,0.022090,-0.523133,-0.852018,-0.019923,0.008406,-0.028534,0.999557,0,-0.37190,-0.69999,-22.314,-1.400,-1,375.000,-1,400.000,-1,325.000,325.000,300.000,300.000,-1,825.000,900.000,-1,675.000,750.000,-1,-1,2,0,2,0,2,0,0,0,0,2,0,0,2,0,0,2,2
120,-4277.848,2832.010,-418.642,-149.865,-0.864691,0.501831,0.021782,-0.502227,-0.864503,-0.020042,0.008773,-0.028270,0.999562,0,-0.37248,-0.69782,-22.349,-1.396,-1,375.000,-1,400.000,-1,325.000,325.000,300.000,300.000,-1,800.000,875.000,-1,700.000,750.000,-1,-1,2,0,2,0,2,0,0,0,0,2,0,0,2,0,0,2,2
121,-4258.214,2842.778,-418.928,-151.257,-0.876625,0.480696,0.021475,-0.481088,-0.876441,-0.020126,0.009147,-0.027974,0.999567,0,-0.37322,-0.69569,-22.393,-1.391,-1,375.000,-1,400.000,-1,325.000,325.000,300.000,300.000,-1,775.000,850.000,-1,700.000,750.000,-1,-1,2,0,2,0,2,0,0,0,0,2,0,0,2,0,0,2,2
122,-4238.278,2853.093,-419.233,-152.644,-0.888008,0.459341,0.021170,-0.459730,-0.887830,-0.020175,0.009528,-0.027648,0.999572,0,-0.37410,-0.69361,-22.446,-1.387,-1,375.000,-1,400.000,-1,325.000,325.000,300.000,300.000,-1,750.000,825.000,-1,700.000,750.000,-1,-1,2,0,2,0,2,0,0,0,0,2,0,0,2,0,0,2,2
123,-4218.043,2862.950,-419.555,-154.027,-0.898840,0.437780,0.020868,-0.438165,-0.898668,-0.020192,0.009914,-0.027293,0.999578,0,-0.37515,-0.69160,-22.509,-1.383,-1,375.000,-1,400.000,-1,325.000,325.000,300.000,300.000,-1,725.000,800.000,-1,700.000,750.000,-1,-1,2,0,2,0,2,0,0,0,0,2,0,0,2,0,0,2,2
124,-4197.511,2872.348,-419.837,-155.407,-0.909116,0.416023,0.020823,-0.416412,-0.908949,-0.020304,0.010480,-0.027130,0.999577,0,-0.37634,-0.68966,-22.581,-1.379,-1,375.000,-1,400.000,-1,325.000,325.000,300.000,300.000,-1,700.000,750.000,-1,700.000,750.000,-1,-1,2,0,2,0,2,0,0,0,0,2,0,0,2,0,0,2,2
125,-4181.144,2879.294,-420.003,-157.004,-0.920349,0.390530,0.021095,-0.390933,-0.920191,-0.020492,0.011409,-0.027106,0.999567,0,-0.29634,-0.79849,-17.781,-1.597,-1,375.000,-1,400.000,-1,325.000,325.000,300.000,300.000,-1,675.000,725.000,-1,700.000,750.000,-1,-1,2,0,2,0,2,0,0,0,0,2,0,0,2,0,0,2,2
126,-4169.058,2884.031,-420.128,-158.598,-0.930849,0.364782,0.021326,-0.365196,-0.930702,-0.020615,0.012328,-0.026978,0.999560,0,-0.21634,-0.79705,-12.981,-1.594,-1,375.000,-1,400.000,-1,325.000,325.000,300.000,300.000,-1,625.000,700.000,-1,725.000,750.000,-1,-1,2,0,2,0,2,0,0,0,0,2,0,0,2,0,0,2,2
127,-4161.362,2886.803,-420.200,-160.190,-0.940617,0.338785,0.021532,-0.339210,-0.940483,-0.020687,0.013242,-0.026762,0.999554,0,-0.13634,-0.79602,-8.181,-1.592,-1,375.000,-1,400.000,-1,325.000,325.000,300.000,300.000,-1,625.000,675.000,-1,725.000,775.000,-1,-1,2,0,2,0,2,0,0,0,0,2,0,0,2,0,0,2,2
128,-4158.151,2887.860,-420.212,-161.781,-0.949653,0.312549,0.021723,-0.312983,-0.949533,-0.020717,0.014152,-0.026473,0.999549,0,-0.05634,-0.79539,-3.381,-1.591,-1,375.000,-1,400.000,-1,325.000,325.000,300.000,300.000,-1,600.000,650.000,-1,725.000,775.000,-1,-1,2,0,2,0,2,0,0,0,0,2,0,0,2,0,0,2,2
129,-4159.512,2887.454,-420.152,-163.371,-0.957955,0.286080,0.021912,-0.286522,-0.957850,-0.020717,0.015062,-0.026124,0.999545,0,0.02366,-0.79513,1.419,-1.590,-1,375.000,-1,400.000,-1,325.000,325.000,300.000,300.000,-1,600.000,625.000,-1,725.000,775.000,-1,-1,2,0,2,0,2,0,0,0,0,2,0,0,2,0,0,2,2
130,-4165.518,2885.841,-420.012,-164.961,-0.965520,0.259388,0.022107,-0.259837,-0.965431,-0.020694,0.015975,-0.025725,0.999541,0,0.10366,-0.79520,6.219,-1.590,-1,375.000,-1,400.000,-1,325.000,325.000,300.000,300.000,-1,600.000,625.000,-1,725.000,775.000,-1,-1,2,0,2,0,2,0,0,0,0,2,0,0,2,0,0,2,2
131,-4176.236,2883.278,-419.785,-166.552,-0.972345,0.232483,0.022316,-0.232939,-0.972272,-0.020658,0.016895,-0.025285,0.999538,0,0.18366,-0.79559,11.019,-1.591,-1,400.000,-1,400.000,-1,325.000,325.000,300.000,300.000,-1,600.000,625.000,-1,750.000,775.000,-1,-1,2,0,2,0,2,0,0,0,0,2,0,0,2,0,0,2,2
132,-4191.718,2880.028,-419.462,-168.145,-0.978424,0.205375,0.022547,-0.205838,-0.978369,-0.020618,0.017825,-0.024814,0.999533,0,0.26366,-0.79625,15.819,-1.593,-1,400.000,-1,400.000,-1,325.000,325.000,300.000,300.000,-1,600.000,625.000,-1,750.000,775.000,-1,-1,2,0,2,0,2,0,0,0,0,2,0,0,2,0,0,2,2
133,-4212.008,2876.356,-419.036,-169.739,-0.983752,0.178077,0.022807,-0.178547,-0.983716,-0.020581,0.018770,-0.024319,0.999528,0,0.34366,-0.79717,20.619,-1.594,-1,400.000,-1,400.000,-1,325.000,325.000,300.000,300.000,-1,600.000,625.000,-1,750.000,775.000,-1,-1,2,0,2,0,2,0,0,0,0,2,0,0,2,0,0,2,2
134,-4237.137,2872.527,-418.500,-171.336,-0.988325,0.150600,0.023100,-0.151078,-0.988308,-0.020558,0.019734,-0.023808,0.999522,0,0.42366,-0.79831,25.419,-1.597,-1,400.000,-1,400.000,-1,325.000,325.000,300.000,300.000,-1,625.000,650.000,-1,750.000,775.000,-1,-1,2,0,2,0,2,0,0,0,0,2,0,0,2,0,0,2,2
135,-4267.127,2868.810,-417.847,-172.935,-0.992135,0.122961,0.023432,-0.123446,-0.992138,-0.020558,0.020720,-0.023289,0.999514,0,0.50366,-0.79964,30.219,-1.599,-1,400.000,-1,400.000,-1,325.000,325.000,300.000,300.000,-1,650.000,650.000,-1,750.000,775.000,-1,-1,2,0,2,0,2,0,0,0,0,2,0,0,2,0,0,2,2
136,-4301.988,2865.476,-417.071,-174.537,-0.995176,0.095172,0.023808,-0.095667,-0.995200,-0.020593,0.021734,-0.022771,0.999504,0,0.58366,-0.80114,35.019,-1.602,-1,400.000,-1,400.000,-1,325.000,325.000,300.000,300.000,-1,675.000,675.000,-1,750.000,775.000,-1,-1,2,0,2,0,2,0,0,0,0,2,0,0,2,0,0,2,2
137,-4341.717,2862.798,-416.164,-176.143,-0.997442,0.067251,0.024229,-0.067756,-0.997488,-0.020677,0.022778,-0.022266,0.999493,0,0.66366,-0.80279,39.819,-1.606,-1,400.000,-1,400.000,-1,325.000,325.000,300.000,300.000,-1,700.000,700.000,-1,750.000,775.000,-1,-1,2,0,2,0,2,0,0,0,0,2,0,0,2,0,0,2,2
