timestep,x_cm,y_cm,z_cm,yaw_deg,basis_xx,basis_xy,basis_xz,basis_yx,basis_yy,basis_yz,basis_zx,basis_zy,basis_zz,teleport_flag,throttle_cmd,steering_cmd,cmd_move_cm,cmd_turn_deg,lidar_cm_0,lidar_cm_1,lidar_cm_2,lidar_cm_3,lidar_cm_4,lidar_cm_5,lidar_cm_6,lidar_cm_7,lidar_cm_8,lidar_cm_9,lidar_cm_10,lidar_cm_11,lidar_cm_12,lidar_cm_13,lidar_cm_14,lidar_cm_15,lidar_cm_16,lidar_class_0,lidar_class_1,lidar_class_2,lidar_class_3,lidar_class_4,lidar_class_5,lidar_class_6,lidar_class_7,lidar_class_8,lidar_class_9,lidar_class_10,lidar_class_11,lidar_class_12,lidar_class_13,lidar_class_14,lidar_class_15,lidar_class_16
0,-3603.319,325.842,-276.339,-26.409,0.893603,0.444453,0.062739,-0.445945,0.894987,0.011442,-0.051065,-0.038203,0.997964,1,0.08000,-0.12000,4.800,-0.240,-1,-1,-1,375.000,925.000,325.000,300.000,250.000,300.000,725.000,-1,-1,-1,-1,850.000,-1,-1,2,2,2,1,0,1,1,1,0,1,2,2,2,2,1,2,2
1,-3594.757,321.501,-276.876,-26.889,0.889822,0.451921,0.063122,-0.453449,0.891206,0.011631,-0.050998,-0.038972,0.997938,0,0.16000,-0.24000,9.600,-0.480,-1,-1,-1,375.000,925.000,325.000,300.000,250.000,300.000,750.000,-1,-1,-1,-1,825.000,-1,-1,2,2,2,1,0,1,1,1,0,1,2,2,2,2,1,2,2
2,-3581.996,314.828,-277.690,-27.609,0.884030,0.463062,0.063760,-0.464650,0.885414,0.011958,-0.050916,-0.040198,0.997894,0,0.24000,-0.36000,14.400,-0.720,-1,-1,-1,350.000,900.000,300.000,300.000,250.000,300.000,750.000,-1,-1,-1,-1,800.000,-1,-1,2,2,2,1,0,1,1,1,0,1,2,2,2,2,1,2,2
3,-3565.133,305.647,-278.790,-28.569,0.876082,0.477797,0.064731,-0.479474,0.877467,0.012475,-0.050839,-0.041966,0.997825,0,0.32000,-0.48000,19.200,-0.960,-1,-1,-1,350.000,900.000,300.000,300.000,250.000,300.000,775.000,-1,-1,-1,-1,775.000,-1,-1,2,2,2,1,0,1,1,1,0,1,2,2,2,2,1,2,2
4,-3544.299,293.732,-280.190,-29.769,0.865790,0.496016,0.066144,-0.497823,0.867178,0.013244,-0.050789,-0.044395,0.997722,0,0.40000,-0.60000,24.000,-1.200,-1,-1,-1,350.000,875.000,300.000,300.000,250.000,300.000,825.000,-1,-1,-1,-1,750.000,-1,-1,2,2,2,1,0,1,1,1,0,1,2,2,2,2,1,2,2
5,-3519.643,278.847,-281.895,-31.125,0.853685,0.516323,0.068066,-0.518308,0.855074,0.014351,-0.050792,-0.047530,0.997578,0,0.48000,-0.67798,28.800,-1.356,-1,-1,-1,350.000,850.000,300.000,300.000,250.000,325.000,875.000,-1,-1,-1,-1,725.000,-1,-1,2,2,2,1,0,1,1,1,0,1,2,2,2,2,1,2,2
6,-3491.277,260.838,-283.462,-32.412,0.841860,0.535352,0.068331,-0.537423,0.843176,0.015201,-0.049477,-0.049519,0.997547,0,0.56000,-0.64370,33.600,-1.287,-1,-1,-1,350.000,850.000,300.000,300.000,225.000,325.000,925.000,-1,-1,-1,-1,700.000,-1,-1,2,2,2,1,0,1,1,1,0,1,2,2,2,2,1,2,2
7,-3459.300,239.576,-284.492,-33.619,0.830536,0.553012,0.066243,-0.554973,0.831741,0.014521,-0.047066,-0.048824,0.997698,0,0.64000,-0.60345,38.400,-1.207,-1,-1,-1,350.000,825.000,375.000,300.000,250.000,325.000,-1,-1,-1,-1,-1,700.000,-1,975.000,2,2,2,1,0,1,1,1,0,2,2,2,2,2,1,2,1
8,-3423.798,214.963,-285.570,-34.731,0.819816,0.569071,0.063721,-0.570910,0.820892,0.014052,-0.044312,-0.047899,0.997869,0,0.72000,-0.55585,43.200,-1.112,-1,-1,-1,350.000,800.000,475.000,300.000,250.000,325.000,-1,-1,-1,-1,-1,725.000,-1,950.000,2,2,2,1,0,1,1,1,0,2,2,2,2,2,1,2,1
9,-3384.833,186.932,-286.773,-35.729,0.809979,0.583310,0.060693,-0.585035,0.810882,0.014339,-0.040851,-0.047121,0.998053,0,0.80000,-0.49921,48.000,-0.998,-1,-1,-1,350.000,800.000,550.000,275.000,250.000,325.000,-1,-1,-1,-1,-1,725.000,-1,925.000,2,2,2,0,0,1,1,1,0,2,2,2,2,2,1,2,1
10,-3342.430,155.468,-292.217,-36.593,0.799997,0.594919,0.077947,-0.597924,0.801276,0.021082,-0.049915,-0.063472,0.996735,0,0.88000,-0.43155,52.800,-0.863,-1,-1,-1,325.000,725.000,525.000,300.000,225.000,350.000,-1,-1,-1,-1,-1,675.000,-1,825.000,2,2,2,0,0,1,1,1,0,2,2,2,2,2,1,2,1
11,-3296.588,120.589,-299.608,-37.294,0.790503,0.603579,0.103908,-0.609129,0.792474,0.030769,-0.063772,-0.087616,0.994111,0,0.96000,-0.35087,57.600,-0.702,-1,950.000,-1,300.000,625.000,500.000,300.000,200.000,375.000,-1,-1,-1,-1,-1,625.000,-1,675.000,2,1,2,1,0,1,1,1,0,2,2,2,2,2,1,2,1
12,-3254.141,87.186,-306.232,-38.236,0.778134,0.615179,0.126735,-0.623624,0.780742,0.039186,-0.074841,-0.109527,0.991162,0,0.90018,-0.47087,54.011,-0.942,-1,875.000,-1,300.000,550.000,475.000,300.000,175.000,375.000,950.000,-1,-1,-1,-1,575.000,-1,425.000,2,1,2,1,0,1,1,1,0,0,2,2,2,2,1,2,0
13,-3213.904,54.163,-312.187,-39.418,0.762870,0.629574,0.147194,-0.641168,0.765970,0.046832,-0.083262,-0.130103,0.987998,0,0.86749,-0.59087,52.049,-1.182,-1,800.000,-1,300.000,475.000,425.000,300.000,275.000,400.000,525.000,-1,-1,-1,1000.000,525.000,-1,350.000,2,1,2,1,0,1,1,1,0,1,2,2,2,1,1,2,0
14,-3176.143,21.591,-317.036,-40.829,0.744585,0.646358,0.166776,-0.661453,0.748040,0.054001,-0.089851,-0.150523,0.984515,0,0.83107,-0.70574,49.864,-1.411,-1,725.000,975.000,300.000,450.000,400.000,275.000,350.000,425.000,375.000,-1,-1,-1,900.000,500.000,-1,300.000,2,1,1,1,0,1,1,1,0,1,2,2,2,1,1,2,0
15,-3140.849,-10.398,-321.218,-42.241,0.725942,0.662528,0.184566,-0.681198,0.729617,0.060244,-0.094749,-0.169460,0.980972,0,0.79380,-0.70585,47.628,-1.412,-1,625.000,900.000,275.000,425.000,375.000,275.000,425.000,450.000,300.000,-1,-1,-1,825.000,450.000,-1,275.000,2,1,1,1,0,1,1,1,0,1,2,2,2,1,1,2,0
16,-3107.851,-41.821,-324.890,-43.655,0.707073,0.678186,0.200279,-0.700336,0.710792,0.065606,-0.097864,-0.186651,0.977540,0,0.75933,-0.70713,45.560,-1.414,-1,550.000,825.000,275.000,425.000,350.000,250.000,500.000,500.000,250.000,-1,-1,-1,750.000,425.000,925.000,250.000,2,1,1,1,0,1,1,1,0,1,2,2,2,1,1,1,0
17,-3076.913,-72.777,-328.109,-45.074,0.688014,0.693387,0.214127,-0.718859,0.691599,0.070233,-0.099391,-0.202249,0.974278,0,0.72931,-0.70936,43.759,-1.419,975.000,475.000,750.000,275.000,425.000,325.000,250.000,575.000,525.000,225.000,0.000,-1,-1,675.000,425.000,825.000,225.000,1,1,1,1,0,1,1,1,0,1,1,2,2,1,1,1,0
18,8704.953,8.095,228.902,-98.614,-0.148462,0.988572,0.026176,-0.987040,-0.149759,0.057655,0.060917,-0.017277,0.997993,1,0.00000,0.00000,42.259,-1.425,-1,325.000,-1,275.000,250.000,275.000,250.000,250.000,375.000,575.000,50.000,200.000,-1,450.000,425.000,-1,300.000,2,1,2,1,1,1,1,0,1,0,0,0,2,1,1,2,1
19,8704.218,3.373,229.296,-98.854,-0.152558,0.987935,0.026654,-0.986332,-0.153898,0.058856,0.062248,-0.017310,0.997911,0,0.07965,-0.12000,4.779,-0.240,-1,325.000,-1,275.000,250.000,275.000,250.000,250.000,375.000,550.000,50.000,200.000,-1,450.000,425.000,-1,300.000,2,1,2,1,1,1,1,0,1,0,0,0,2,1,1,2,1
20,8703.442,-1.347,229.775,-99.334,-0.160784,0.986612,0.027305,-0.984944,-0.162170,0.059887,0.063513,-0.017265,0.997832,0,0.07971,-0.24000,4.783,-0.480,-1,325.000,-1,275.000,250.000,275.000,250.000,250.000,375.000,525.000,50.000,200.000,-1,450.000,450.000,-1,300.000,2,1,2,1,1,1,1,0,1,0,0,0,2,1,1,2,1
21,8702.590,-6.148,230.356,-100.054,-0.173124,0.984499,0.028095,-0.982767,-0.174555,0.060819,0.064780,-0.017081,0.997753,0,0.08127,-0.36000,4.876,-0.720,-1,325.000,-1,275.000,250.000,275.000,250.000,250.000,400.000,525.000,50.000,175.000,-1,450.000,450.000,-1,300.000,2,1,2,1,1,1,1,0,1,0,0,0,2,1,1,2,1
22,8701.624,-11.114,231.056,-101.014,-0.189552,0.981443,0.028971,-0.979642,-0.191027,0.061736,0.066124,-0.016679,0.997672,0,0.08431,-0.48000,5.059,-0.960,-1,300.000,-1,275.000,250.000,250.000,250.000,250.000,400.000,500.000,50.000,175.000,-1,450.000,450.000,-1,300.000,2,1,2,1,1,1,1,0,1,0,0,0,2,1,1,2,1
23,8700.496,-16.322,231.895,-102.214,-0.210028,0.977239,0.029871,-0.975354,-0.211541,0.062737,0.067628,-0.015958,0.997583,0,0.08880,-0.60000,5.328,-1.200,-1,300.000,-1,275.000,250.000,250.000,250.000,275.000,425.000,500.000,50.000,175.000,-1,450.000,450.000,-1,325.000,2,1,2,1,1,1,1,0,1,0,0,0,2,1,1,2,1
24,8699.155,-21.843,232.891,-103.654,-0.234496,0.971632,0.030723,-0.969638,-0.236036,0.063943,0.069381,-0.014796,0.997481,0,0.09469,-0.72000,5.681,-1.440,-1,300.000,-1,275.000,250.000,250.000,250.000,275.000,425.000,475.000,50.000,175.000,-1,450.000,450.000,-1,325.000,2,1,2,1,1,1,1,0,1,0,0,0,2,1,1,2,1
25,8697.537,-27.741,234.064,-105.334,-0.262873,0.964317,0.031459,-0.962179,-0.264427,0.065498,0.071480,-0.013052,0.997357,0,0.10193,-0.84000,6.116,-1.680,-1,300.000,-1,275.000,250.000,250.000,250.000,275.000,450.000,475.000,50.000,150.000,-1,450.000,450.000,600.000,325.000,2,1,2,1,1,1,1,0,1,0,0,0,2,1,1,1,1
26,-4919.493,983.899,-211.205,159.499,-0.935978,-0.350212,0.036013,0.349671,-0.936647,-0.020577,0.040938,-0.006667,0.999139,1,0.00000,0.00000,6.627,-1.783,-1,375.000,450.000,200.000,225.000,250.000,200.000,250.000,375.000,-1,-1,-1,375.000,725.000,250.000,-1,200.000,2,1,1,1,1,1,1,0,1,2,2,2,1,1,1,2,1
27,-4923.982,985.599,-210.785,159.259,-0.934482,-0.354130,0.036548,0.353523,-0.935164,-0.022130,0.042016,-0.007760,0.999087,0,0.08000,-0.12000,4.800,-0.240,-1,375.000,450.000,200.000,200.000,250.000,200.000,250.000,375.000,-1,-1,-1,375.000,700.000,250.000,-1,200.000,2,1,1,1,1,1,1,0,1,2,2,2,1,1,1,2,1
28,-4932.946,989.038,-209.759,159.009,-0.932883,-0.358196,0.037757,0.357413,-0.933584,-0.026005,0.044564,-0.010764,0.998949,0,0.16000,-0.12497,9.600,-0.250,-1,375.000,425.000,200.000,200.000,250.000,200.000,250.000,400.000,-1,-1,-1,375.000,675.000,250.000,-1,175.000,2,1,1,1,1,1,1,0,1,2,2,2,1,1,1,2,1
29,-4946.368,994.256,-208.108,158.758,-0.931232,-0.362256,0.039706,0.361155,-0.931945,-0.032341,0.048719,-0.015777,0.998688,0,0.24000,-0.12545,14.400,-0.251,-1,350.000,425.000,200.000,200.000,250.000,175.000,250.000,425.000,-1,-1,-1,400.000,675.000,225.000,-1,175.000,2,1,1,1,1,1,1,0,1,2,2,2,1,1,1,2,1
30,-4964.233,1001.291,-205.817,158.505,-0.929517,-0.366319,0.042513,0.364703,-0.930208,-0.041293,0.054672,-0.022878,0.998242,0,0.32000,-0.12656,19.200,-0.253,-1,350.000,425.000,200.000,200.000,250.000,175.000,225.000,450.000,825.000,-1,-1,400.000,650.000,225.000,-1,175.000,2,1,1,1,1,1,1,0,1,0,2,2,1,1,1,2,1
31,-4986.526,1010.184,-202.868,158.249,-0.927720,-0.370388,0.046359,0.367976,-0.928320,-0.053062,0.062690,-0.032167,0.997515,0,0.40000,-0.12833,24.000,-0.257,-1,350.000,425.000,175.000,200.000,225.000,175.000,225.000,475.000,600.000,500.000,900.000,425.000,650.000,225.000,-1,175.000,2,1,1,1,1,1,1,0,1,0,0,0,1,1,1,2,1
32,-5013.229,1020.977,-199.242,157.987,-0.925814,-0.374458,0.051482,0.370843,-0.926210,-0.067901,0.073109,-0.043772,0.996363,0,0.48000,-0.13083,28.800,-0.262,-1,350.000,425.000,175.000,175.000,225.000,175.000,225.000,500.000,425.000,325.000,650.000,450.000,625.000,225.000,-1,150.000,2,1,1,1,1,1,1,0,1,0,0,0,1,1,1,2,1
33,-8199.153,8855.072,-46.635,-174.029,-0.994025,0.103958,-0.033271,-0.102562,-0.993871,-0.041244,-0.037354,-0.037585,0.998595,1,0.00000,0.00000,33.600,-0.268,-1,400.000,-1,375.000,-1,325.000,325.000,300.000,300.000,-1,-1,-1,-1,725.000,675.000,-1,-1,2,0,2,0,2,0,0,0,0,2,2,2,2,0,0,2,2
34,-8203.925,8854.553,-46.821,-173.789,-0.993585,0.108121,-0.033158,-0.106725,-0.993430,-0.041314,-0.037407,-0.037510,0.998596,0,0.08000,0.12000,4.800,0.240,-1,400.000,-1,375.000,-1,325.000,325.000,300.000,300.000,-1,-1,-1,-1,750.000,675.000,-1,-1,2,0,2,0,2,0,0,0,0,2,2,2,2,0,0,2,2
35,-8213.459,8853.434,-47.196,-173.309,-0.992651,0.116440,-0.032936,-0.115046,-0.992495,-0.041451,-0.037516,-0.037358,0.998598,0,0.16000,0.24000,9.600,0.480,-1,400.000,-1,375.000,-1,325.000,325.000,300.000,300.000,-1,-1,-1,-1,750.000,675.000,-1,-1,2,0,2,0,2,0,0,0,0,2,2,2,2,0,0,2,2
36,-8227.739,8851.577,-47.768,-172.589,-0.991121,0.128904,-0.032610,-0.127513,-0.990962,-0.041647,-0.037684,-0.037119,0.998600,0,0.24000,0.36000,14.400,0.720,-1,400.000,-1,375.000,-1,325.000,325.000,300.000,300.000,-1,-1,-1,-1,750.000,675.000,-1,-1,2,0,2,0,2,0,0,0,0,2,2,2,2,0,0,2,2
37,-8246.734,8848.782,-48.545,-171.629,-0.988836,0.145490,-0.032188,-0.144103,-0.988676,-0.041888,-0.037918,-0.036782,0.998604,0,0.32000,0.48000,19.200,0.960,-1,400.000,-1,375.000,-1,325.000,325.000,300.000,300.000,-1,-1,-1,-1,750.000,675.000,-1,-1,2,0,2,0,2,0,0,0,0,2,2,2,2,0,0,2,2
38,-8270.400,8844.791,-49.541,-170.429,-0.985589,0.166167,-0.031683,-0.164784,-0.985428,-0.042160,-0.038227,-0.036332,0.998608,0,0.40000,0.60000,24.000,1.200,-1,400.000,-1,375.000,-1,325.000,325.000,300.000,300.000,-1,-1,-1,-1,750.000,675.000,-1,-1,2,0,2,0,2,0,0,0,0,2,2,2,2,0,0,2,2
39,-8298.669,8839.291,-50.772,-168.989,-0.981120,0.190882,-0.031113,-0.189505,-0.980962,-0.042444,-0.038622,-0.035747,0.998614,0,0.48000,0.72000,28.800,1.440,-1,400.000,-1,375.000,-1,325.000,325.000,300.000,300.000,-1,-1,-1,-1,750.000,675.000,-1,-1,2,0,2,0,2,0,0,0,0,2,2,2,2,0,0,2,2
40,-8331.448,8831.909,-52.255,-167.309,-0.975121,0.219565,-0.030500,-0.218195,-0.974970,-0.042718,-0.039116,-0.035001,0.998622,0,0.56000,0.84000,33.600,1.680,-1,400.000,-1,375.000,-1,325.000,325.000,300.000,300.000,-1,-1,-1,-1,750.000,675.000,-1,-1,2,0,2,0,2,0,0,0,0,2,2,2,2,0,0,2,2
41,-8368.606,8822.223,-54.015,-165.389,-0.967236,0.252115,-0.029876,-0.250752,-0.967098,-0.042961,-0.039724,-0.034062,0.998630,0,0.64000,0.96000,38.400,1.920,-1,400.000,-1,375.000,-1,325.000,325.000,300.000,300.000,-1,-1,-1,-1,750.000,700.000,-1,-1,2,0,2,0,2,0,0,0,0,2,2,2,2,0,0,2,2
42,-8410.003,8809.873,-56.065,-163.389,-0.957865,0.285723,-0.029269,-0.284367,-0.957743,-0.043172,-0.040368,-0.033030,0.998639,0,0.72000,1.00000,43.200,2.000,-1,400.000,-1,375.000,-1,325.000,325.000,300.000,300.000,-1,-1,-1,-1,750.000,700.000,-1,-1,2,0,2,0,2,0,0,0,0,2,2,2,2,0,0,2,2
43,-8455.493,8794.554,-58.260,-161.389,-0.947319,0.318979,-0.028969,-0.317592,-0.947203,-0.044073,-0.041498,-0.032551,0.998608,0,0.80000,1.00000,48.000,2.000,-1,400.000,-1,375.000,-1,325.000,325.000,300.000,300.000,-1,-1,-1,-1,750.000,700.000,-1,-1,2,0,2,0,2,0,0,0,0,2,2,2,2,0,0,2,2
44,-8500.479,8777.635,-60.261,-159.389,-0.935634,0.351836,-0.028297,-0.350390,-0.935480,-0.045875,-0.042612,-0.033007,0.998546,0,0.80105,1.00000,48.063,2.000,-1,400.000,-1,375.000,-1,325.000,300.000,300.000,300.000,-1,-1,-1,-1,725.000,700.000,-1,-1,2,0,2,0,2,0,0,0,0,2,2,2,2,0,0,2,2
45,-8544.847,8759.155,-62.298,-157.389,-0.922818,0.384262,-0.027373,-0.382763,-0.922614,-0.047703,-0.043585,-0.033544,0.998486,0,0.80105,1.00000,48.063,2.000,-1,400.000,-1,375.000,-1,325.000,300.000,300.000,300.000,-1,-1,-1,-1,725.000,700.000,-1,-1,2,0,2,0,2,0,0,0,0,2,2,2,2,0,0,2,2
46,-8588.544,8739.138,-64.386,-155.389,-0.908885,0.416219,-0.026257,-0.414670,-0.908625,-0.049491,-0.044457,-0.034094,0.998429,0,0.80105,1.00000,48.063,2.000,-1,400.000,-1,375.000,-1,325.000,300.000,300.000,300.000,-1,-1,-1,-1,700.000,700.000,-1,-1,2,0,2,0,2,0,0,0,0,2,2,2,2,0,0,2,2
47,-8631.515,8717.609,-66.465,-153.389,-0.893835,0.447674,-0.025431,-0.446076,-0.893541,-0.050991,-0.045551,-0.034234,0.998375,0,0.80105,1.00000,48.063,2.000,-1,400.000,-1,375.000,-1,325.000,300.000,300.000,300.000,-1,-1,-1,-1,700.000,700.000,-1,-1,2,0,2,0,2,0,0,0,0,2,2,2,2,0,0,2,2
48,-8673.709,8694.593,-68.581,-151.389,-0.877690,0.478588,-0.024763,-0.476942,-0.877378,-0.052295,-0.046754,-0.034088,0.998325,0,0.80105,1.00000,48.063,2.000,-1,375.000,-1,375.000,-1,325.000,300.000,300.000,300.000,-1,-1,-1,-1,700.000,675.000,-1,-1,2,0,2,0,2,0,0,0,0,2,2,2,2,0,0,2,2
49,-8715.073,8670.119,-70.766,-149.389,-0.860477,0.508922,-0.024032,-0.507236,-0.860150,-0.053422,-0.047859,-0.033779,0.998283,0,0.80105,1.00000,48.063,2.000,-1,375.000,-1,375.000,-1,325.000,300.000,300.000,300.000,-1,-1,-1,-1,675.000,675.000,-1,-1,2,0,2,0,2,0,0,0,0,2,2,2,2,0,0,2,2
50,-8755.559,8644.216,-72.871,-147.389,-0.842211,0.538650,-0.023170,-0.536974,-0.841895,-0.053592,-0.048374,-0.032694,0.998294,0,0.80105,1.00000,48.063,2.000,-1,375.000,-1,375.000,-1,325.000,300.000,300.000,300.000,-1,-1,-1,-1,675.000,675.000,-1,-1,2,0,2,0,2,0,0,0,0,2,2,2,2,0,0,2,2
51,-8795.116,8616.917,-75.061,-145.389,-0.822915,0.567726,-0.022331,-0.566063,-0.822615,-0.053635,-0.048820,-0.031497,0.998311,0,0.80105,1.00000,48.063,2.000,-1,375.000,-1,375.000,-1,325.000,325.000,300.000,300.000,-1,-1,-1,-1,675.000,675.000,-1,-1,2,0,2,0,2,0,0,0,0,2,2,2,2,0,0,2,2
52,-8833.697,8588.254,-77.202,-143.389,-0.802606,0.596122,-0.021498,-0.594514,-0.802346,-0.052861,-0.048760,-0.029645,0.998370,0,0.80105,1.00000,48.063,2.000,-1,375.000,-1,375.000,-1,325.000,325.000,300.000,300.000,-1,-1,-1,-1,675.000,675.000,-1,-1,2,0,2,0,2,0,0,0,0,2,2,2,2,0,0,2,2
53,-8871.253,8558.261,-79.347,-141.389,-0.781307,0.623801,-0.020751,-0.622270,-0.781104,-0.051539,-0.048359,-0.027355,0.998455,0,0.80105,1.00000,48.063,2.000,-1,375.000,-1,375.000,-1,325.000,325.000,300.000,300.000,-1,-1,-1,-1,675.000,675.000,-1,-1,2,0,2,0,2,0,0,0,0,2,2,2,2,0,0,2,2
54,-8907.740,8526.977,-81.562,-139.389,-0.759048,0.650723,-0.020131,-0.649276,-0.758907,-0.050019,-0.047826,-0.024897,0.998545,0,0.80105,1.00000,48.063,2.000,-1,375.000,-1,375.000,-1,325.000,325.000,300.000,300.000,-1,-1,-1,-1,675.000,675.000,-1,-1,2,0,2,0,2,0,0,0,0,2,2,2,2,0,0,2,2
55,-8943.114,8494.438,-83.765,-137.389,-0.735860,0.676850,-0.019625,-0.675474,-0.735775,-0.048685,-0.047392,-0.022569,0.998621,0,0.80105,1.00000,48.063,2.000,-1,375.000,-1,375.000,-1,300.000,325.000,300.000,300.000,-1,-1,-1,-1,675.000,650.000,-1,-1,2,0,2,0,2,0,0,0,0,2,2,2,2,0,0,2,2
56,-8977.329,8460.684,-85.899,-135.389,-0.711775,0.702146,-0.019182,-0.700819,-0.711736,-0.047808,-0.047220,-0.020585,0.998672,0,0.80105,1.00000,48.063,2.000,-1,375.000,-1,375.000,-1,300.000,325.000,300.000,300.000,-1,-1,-1,-1,675.000,650.000,-1,-1,2,0,2,0,2,0,0,0,0,2,2,2,2,0,0,2,2
57,-9010.346,8425.757,-88.054,-133.389,-0.686819,0.726585,-0.018811,-0.725305,-0.686824,-0.046959,-0.047039,-0.018608,0.998720,0,0.80105,1.00000,48.063,2.000,-1,375.000,-1,375.000,-1,300.000,300.000,300.000,300.000,-1,-1,-1,-1,675.000,650.000,-1,-1,2,0,2,0,2,0,0,0,0,2,2,2,2,0,0,2,2
58,-9042.124,8389.698,-90.250,-131.389,-0.661020,0.750140,-0.018523,-0.748908,-0.661072,-0.046046,-0.046786,-0.016565,0.998768,0,0.80105,1.00000,48.063,2.000,-1,375.000,-1,375.000,-1,300.000,300.000,300.000,300.000,-1,-1,-1,-1,650.000,625.000,-1,-1,2,0,2,0,2,0,0,0,0,2,2,2,2,0,0,2,2
59,-9072.624,8352.553,-92.492,-129.389,-0.634410,0.772779,-0.018325,-0.771600,-0.634511,-0.045051,-0.046442,-0.014441,0.998817,0,0.80105,1.00000,48.063,2.000,-1,375.000,-1,375.000,-1,300.000,300.000,300.000,300.000,-1,-1,-1,-1,650.000,625.000,-1,-1,2,0,2,0,2,0,0,0,0,2,2,2,2,0,0,2,2
60,-9101.809,8314.365,-94.777,-127.389,-0.607022,0.794476,-0.018224,-0.793352,-0.607172,-0.043983,-0.046009,-0.012240,0.998866,0,0.80105,1.00000,48.063,2.000,-1,375.000,-1,350.000,-1,300.000,300.000,300.000,300.000,-1,-1,-1,-1,650.000,625.000,-1,-1,2,0,2,0,2,0,0,0,0,2,2,2,2,0,0,2,2
61,-9127.011,8279.201,-96.418,-125.629,-0.582388,0.812752,-0.016076,-0.811709,-0.582488,-0.042852,-0.044192,-0.011907,0.998952,0,0.72105,0.88000,43.263,1.760,-1,375.000,-1,350.000,-1,300.000,300.000,300.000,300.000,-1,-1,-1,-1,650.000,625.000,-1,-1,2,0,2,0,2,0,0,0,0,2,2,2,2,0,0,2,2
62,-9148.580,8247.355,-97.724,-124.109,-0.560695,0.827914,-0.013394,-0.826958,-0.560721,-0.041627,-0.041974,-0.012264,0.999043,0,0.64105,0.76000,38.463,1.520,-1,375.000,-1,350.000,-1,300.000,300.000,300.000,300.000,-1,-1,-1,-1,650.000,625.000,-1,-1,2,0,2,0,2,0,0,0,0,2,2,2,2,0,0,2,2
63,-9166.829,8219.068,-98.886,-122.829,-0.542117,0.840229,-0.011114,-0.839351,-0.542085,-0.040409,-0.039978,-0.012578,0.999121,0,0.56105,0.64000,33.663,1.280,-1,375.000,-1,375.000,-1,300.000,300.000,300.000,300.000,-1,750.000,750.000,-1,650.000,625.000,-1,-1,2,0,2,0,2,0,0,0,0,2,0,0,2,0,0,2,2
64,-9182.034,8194.534,-99.894,-121.789,-0.526820,0.849927,-0.009211,-0.849117,-0.526743,-0.039262,-0.038222,-0.012863,0.999186,0,0.48105,0.52000,28.863,1.040,-1,375.000,-1,375.000,-1,300.000,300.000,300.000,300.000,-1,625.000,675.000,-1,650.000,650.000,-1,-1,2,0,2,0,2,0,0,0,0,2,0,0,2,0,0,2,2
65,-9194.423,8173.906,-100.743,-120.989,-0.514934,0.857196,-0.007661,-0.856443,-0.514823,-0.038238,-0.036721,-0.013129,0.999239,0,0.40105,0.40000,24.063,0.800,-1,375.000,-1,375.000,-1,300.000,300.000,300.000,300.000,-1,575.000,625.000,-1,650.000,650.000,-1,-1,2,0,2,0,2,0,0,0,0,2,0,0,2,0,0,2,2
66,-9204.179,8157.296,-101.428,-120.429,-0.506555,0.862184,-0.006442,-0.861477,-0.506419,-0.037378,-0.035489,-0.013385,0.999280,0,0.32105,0.28000,19.263,0.560,-1,375.000,-1,375.000,-1,300.000,300.000,300.000,300.000,-1,550.000,575.000,-1,650.000,650.000,-1,-1,2,0,2,0,2,0,0,0,0,2,0,0,2,0,0,2,2
67,-9211.434,8144.784,-101.943,-120.109,-0.501749,0.864996,-0.005538,-0.864324,-0.501594,-0.036713,-0.034535,-0.013634,0.999310,0,0.24105,0.16000,14.463,0.320,-1,375.000,-1,375.000,-1,300.000,300.000,300.000,300.000,-1,525.000,575.000,-1,650.000,650.000,-1,-1,2,0,2,0,2,0,0,0,0,2,0,0,2,0,0,2,2
68,-9216.270,8136.418,-102.288,-120.029,-0.500552,0.865692,-0.004937,-0.865044,-0.500384,-0.036264,-0.033864,-0.013881,0.999330,0,0.16105,0.04000,9.663,0.080,-1,375.000,-1,375.000,-1,300.000,300.000,300.000,300.000,-1,500.000,550.000,-1,650.000,650.000,-1,-1,2,0,2,0,2,0,0,0,0,2,0,0,2,0,0,2,2
69,-9218.715,8132.215,-102.461,-120.189,-0.502975,0.864289,-0.004634,-0.863652,-0.502798,-0.036041,-0.033480,-0.014126,0.999340,0,0.08105,-0.08000,4.863,-0.160,-1,375.000,-1,375.000,-1,300.000,300.000,300.000,300.000,-1,500.000,550.000,-1,650.000,650.000,-1,-1,2,0,2,0,2,0,0,0,0,2,0,0,2,0,0,2,2
70,-9218.747,8132.160,-102.463,-120.589,-0.508999,0.860754,-0.004632,-0.860119,-0.508818,-0.036048,-0.033385,-0.014365,0.999339,0,0.00105,-0.20000,0.063,-0.400,-1,375.000,-1,375.000,-1,300.000,300.000,300.000,300.000,-1,500.000,550.000,-1,650.000,650.000,-1,-1,2,0,2,0,2,0,0,0,0,2,0,0,2,0,0,2,2
71,-9216.292,8136.211,-102.297,-121.229,-0.518581,0.855014,-0.004939,-0.854369,-0.518399,-0.036279,-0.033579,-0.014594,0.999330,0,-0.07895,-0.32000,-4.737,-0.640,-1,375.000,-1,375.000,-1,300.000,300.000,300.000,300.000,-1,500.000,550.000,-1,650.000,650.000,-1,-1,2,0,2,0,2,0,0,0,0,2,0,0,2,0,0,2,2
72,-9212.567,8142.146,-102.054,-122.109,-0.531648,0.846948,-0.005406,-0.846288,-0.531467,-0.036605,-0.033875,-0.014886,0.999315,0,-0.11679,-0.44000,-7.007,-0.880,-1,375.000,-1,375.000,-1,300.000,300.000,300.000,300.000,-1,500.000,550.000,-1,650.000,650.000,-1,-1,2,0,2,0,2,0,0,0,0,2,0,0,2,0,0,2,2
73,-9208.744,8148.019,-101.816,-123.059,-0.545616,0.838014,-0.005889,-0.837339,-0.545436,-0.036915,-0.034147,-0.015210,0.999301,0,-0.11679,-0.47508,-7.007,-0.950,-1,375.000,-1,375.000,-1,300.000,300.000,300.000,300.000,-1,525.000,550.000,-1,650.000,650.000,-1,-1,2,0,2,0,2,0,0,0,0,2,0,0,2,0,0,2,2
74,-9204.825,8153.828,-101.583,-124.009,-0.559434,0.828850,-0.006387,-0.828160,-0.559255,-0.037207,-0.034411,-0.015526,0.999287,0,-0.11679,-0.47508,-7.007,-0.950,-1,375.000,-1,375.000,-1,300.000,300.000,300.000,300.000,-1,525.000,575.000,-1,650.000,650.000,-1,-1,2,0,2,0,2,0,0,0,0,2,0,0,2,0,0,2,2
75,-9200.810,8159.571,-101.355,-124.959,-0.573097,0.819458,-0.006898,-0.818754,-0.572920,-0.037481,-0.034666,-0.015832,0.999274,0,-0.11679,-0.47508,-7.007,-0.950,-1,375.000,-1,375.000,-1,300.000,300.000,300.000,300.000,-1,525.000,575.000,-1,650.000,650.000,-1,-1,2,0,2,0,2,0,0,0,0,2,0,0,2,0,0,2,2
76,-9196.700,8165.246,-101.131,-125.909,-0.586602,0.809841,-0.007423,-0.809122,-0.586427,-0.037736,-0.034913,-0.016130,0.999260,0,-0.11679,-0.47508,-7.007,-0.950,-1,375.000,-1,375.000,-1,300.000,300.000,300.000,300.000,-1,550.000,575.000,-1,650.000,650.000,-1,-1,2,0,2,0,2,0,0,0,0,2,0,0,2,0,0,2,2
77,-9192.497,8170.853,-100.912,-126.859,-0.599945,0.800001,-0.007960,-0.799268,-0.599773,-0.037971,-0.035151,-0.016418,0.999247,0,-0.11679,-0.47508,-7.007,-0.950,-1,375.000,-1,375.000,-1,300.000,300.000,300.000,300.000,-1,550.000,600.000,-1,650.000,650.000,-1,-1,2,0,2,0,2,0,0,0,0,2,0,0,2,0,0,2,2
78,-9188.201,8176.389,-100.698,-127.810,-0.613123,0.789942,-0.008510,-0.789195,-0.612954,-0.038187,-0.035381,-0.016697,0.999234,0,-0.11679,-0.47508,-7.007,-0.950,-1,375.000,-1,375.000,-1,300.000,300.000,300.000,300.000,-1,550.000,600.000,-1,650.000,650.000,-1,-1,2,0,2,0,2,0,0,0,0,2,0,0,2,0,0,2,2
79,-9183.814,8181.853,-100.489,-128.760,-0.626131,0.779665,-0.009070,-0.778905,-0.625967,-0.038382,-0.035602,-0.016967,0.999222,0,-0.11679,-0.47508,-7.007,-0.950,-1,375.000,-1,375.000,-1,300.000,300.000,300.000,300.000,-1,575.000,600.000,-1,650.000,625.000,-1,-1,2,0,2,0,2,0,0,0,0,2,0,0,2,0,0,2,2
80,-9179.337,8187.243,-100.285,-129.710,-0.638966,0.769174,-0.009641,-0.768400,-0.638807,-0.038556,-0.035815,-0.017228,0.999210,0,-0.11679,-0.47508,-7.007,-0.950,-1,375.000,-1,375.000,-1,300.000,300.000,300.000,300.000,-1,575.000,625.000,-1,650.000,625.000,-1,-1,2,0,2,0,2,0,0,0,0,2,0,0,2,0,0,2,2
81,-9174.771,8192.559,-100.086,-130.660,-0.651626,0.758472,-0.010221,-0.757685,-0.651471,-0.038709,-0.036018,-0.017479,0.999198,0,-0.11679,-0.47508,-7.007,-0.950,-1,375.000,-1,375.000,-1,300.000,300.000,300.000,300.000,-1,600.000,625.000,-1,650.000,625.000,-1,-1,2,0,2,0,2,0,0,0,0,2,0,0,2,0,0,2,2
82,-9170.118,8197.798,-99.892,-131.610,-0.664105,0.747561,-0.010811,-0.746762,-0.663956,-0.038840,-0.036213,-0.017721,0.999187,0,-0.11679,-0.47508,-7.007,-0.950,-1,375.000,-1,375.000,-1,300.000,300.000,300.000,300.000,-1,600.000,650.000,-1,650.000,625.000,-1,-1,2,0,2,0,2,0,0,0,0,2,0,0,2,0,0,2,2
83,-9165.378,8202.959,-99.703,-132.560,-0.676401,0.736445,-0.011408,-0.735634,-0.676259,-0.038950,-0.036399,-0.017954,0.999176,0,-0.11679,-0.47508,-7.007,-0.950,-1,375.000,-1,375.000,-1,300.000,300.000,300.000,300.000,-1,625.000,650.000,-1,650.000,625.000,-1,-1,2,0,2,0,2,0,0,0,0,2,0,0,2,0,0,2,2
84,-9160.554,8208.041,-99.519,-133.511,-0.688511,0.725127,-0.012013,-0.724303,-0.688376,-0.039037,-0.036576,-0.018176,0.999166,0,-0.11679,-0.47508,-7.007,-0.950,-1,375.000,-1,350.000,-1,300.000,300.000,300.000,300.000,-1,650.000,675.000,-1,650.000,625.000,-1,-1,2,0,2,0,2,0,0,0,0,2,0,0,2,0,0,2,2
85,-9155.646,8213.042,-99.339,-134.461,-0.700430,0.713609,-0.012624,-0.712774,-0.700303,-0.039101,-0.036743,-0.018390,0.999156,0,-0.11679,-0.47508,-7.007,-0.950,-1,375.000,-1,350.000,-1,300.000,300.000,300.000,300.000,-1,650.000,700.000,-1,625.000,625.000,-1,-1,2,0,2,0,2,0,0,0,0,2,0,0,2,0,0,2,2
86,-9154.080,8214.598,-99.302,-135.171,-0.709219,0.704871,-0.012845,-0.704035,-0.709090,-0.039066,-0.036645,-0.018663,0.999154,0,-0.03679,-0.35508,-2.207,-0.710,-1,375.000,-1,350.000,-1,300.000,300.000,300.000,300.000,-1,650.000,700.000,-1,625.000,625.000,-1,-1,2,0,2,0,2,0,0,0,0,2,0,0,2,0,0,2,2
87,-9155.934,8212.786,-99.404,-135.641,-0.714986,0.699024,-0.012671,-0.698196,-0.714846,-0.038950,-0.036285,-0.019002,0.999161,0,0.04321,-0.23508,2.593,-0.470,-1,375.000,-1,350.000,-1,300.000,300.000,300.000,300.000,-1,650.000,675.000,-1,625.000,625.000,-1,-1,2,0,2,0,2,0,0,0,0,2,0,0,2,0,0,2,2
88,-9161.240,8207.638,-99.642,-135.871,-0.717803,0.696141,-0.012097,-0.695332,-0.717643,-0.038762,-0.035665,-0.019412,0.999175,0,0.12321,-0.11508,7.393,-0.230,-1,375.000,-1,350.000,-1,300.000,300.000,300.000,300.000,-1,625.000,650.000,-1,625.000,625.000,-1,-1,2,0,2,0,2,0,0,0,0,2,0,0,2,0,0,2,2
89,-9169.990,8199.147,-100.016,-135.861,-0.717706,0.696257,-0.011121,-0.695477,-0.717516,-0.038496,-0.034783,-0.019894,0.999197,0,0.20321,0.00492,12.193,0.010,-1,375.000,-1,375.000,-1,300.000,300.000,300.000,300.000,-1,575.000,625.000,-1,625.000,625.000,-1,-1,2,0,2,0,2,0,0,0,0,2,0,0,2,0,0,2,2
90,-9182.159,8187.287,-100.532,-135.736,-0.716202,0.697825,-0.009749,-0.697084,-0.715975,-0.038126,-0.033585,-0.020511,0.999225,0,0.28321,0.06299,16.993,0.126,-1,375.000,-1,375.000,-1,300.000,300.000,300.000,300.000,-1,550.000,575.000,-1,625.000,625.000,-1,-1,2,0,2,0,2,0,0,0,0,2,0,0,2,0,0,2,2
91,-9197.731,8172.042,-101.197,-135.610,-0.714700,0.699386,-0.007979,-0.698698,-0.714426,-0.037632,-0.032020,-0.021321,0.999260,0,0.36321,0.06299,21.793,0.126,-1,375.000,-1,375.000,-1,300.000,300.000,300.000,300.000,-1,500.000,525.000,-1,625.000,650.000,-1,-1,2,0,2,0,2,0,0,0,0,2,0,0,2,0,0,2,2
92,-9216.693,8153.398,-101.935,-135.484,-0.713189,0.700944,-0.006196,-0.700316,-0.712876,-0.036956,-0.030321,-0.022017,0.999298,0,0.44321,0.06299,26.593,0.126,-1,375.000,-1,375.000,-1,300.000,300.000,300.000,300.000,-1,475.000,500.000,-1,625.000,650.000,-1,-1,2,0,2,0,2,0,0,0,0,2,0,0,2,0,0,2,2
93,-9239.029,8131.339,-102.777,-135.358,-0.711672,0.702499,-0.004224,-0.701939,-0.711322,-0.036108,-0.028371,-0.022732,0.999339,0,0.52321,0.06299,31.393,0.126,-1,375.000,-1,375.000,-1,300.000,300.000,300.000,300.000,-1,450.000,475.000,-1,625.000,650.000,-1,-1,2,0,2,0,2,0,0,0,0,2,0,0,2,0,0,2,2
94,-9264.724,8105.850,-103.741,-135.232,-0.710149,0.704048,-0.001960,-0.703567,-0.709762,-0.035088,-0.026095,-0.023539,0.999382,0,0.60321,0.06299,36.193,0.126,-1,375.000,-1,375.000,-1,300.000,300.000,300.000,300.000,-1,425.000,450.000,-1,625.000,650.000,-1,-1,2,0,2,0,2,0,0,0,0,2,0,0,2,0,0,2,2
95,-9293.763,8076.917,-104.670,-135.106,-0.708608,0.705603,-0.000202,-0.705195,-0.708208,-0.033789,-0.023984,-0.023801,0.999429,0,0.68321,0.06299,40.993,0.126,-1,375.000,-1,375.000,-1,300.000,300.000,300.000,300.000,-1,425.000,450.000,-1,625.000,650.000,-1,-1,2,0,2,0,2,0,0,0,0,2,0,0,2,0,0,2,2
96,-9322.954,8047.706,-105.535,-134.980,-0.707054,0.707159,0.001254,-0.706817,-0.706655,-0.032393,-0.022021,-0.023790,0.999474,0,0.68828,0.06299,41.297,0.126,-1,375.000,-1,375.000,-1,300.000,300.000,300.000,300.000,-1,425.000,450.000,-1,625.000,650.000,-1,-1,2,0,2,0,2,0,0,0,0,2,0,0,2,0,0,2,2
97,-9352.081,8018.431,-106.387,-134.854,-0.705493,0.708712,0.002678,-0.708433,-0.705099,-0.030943,-0.020041,-0.023728,0.999518,0,0.68828,0.06299,41.297,0.126,-1,375.000,-1,375.000,-1,300.000,300.000,300.000,300.000,-1,425.000,450.000,-1,625.000,675.000,-1,-1,2,0,2,0,2,0,0,0,0,2,0,0,2,0,0,2,2
98,-9381.143,7989.091,-107.224,-134.728,-0.703925,0.710262,0.004070,-0.710045,-0.703541,-0.029439,-0.018046,-0.023613,0.999558,0,0.68828,0.06299,41.297,0.126,-1,375.000,-1,375.000,-1,300.000,300.000,300.000,300.000,-1,425.000,450.000,-1,625.000,675.000,-1,-1,2,0,2,0,2,0,0,0,0,2,0,0,2,0,0,2,2
99,-9410.140,7959.688,-108.013,-134.602,-0.702348,0.711813,0.005409,-0.711655,-0.701982,-0.027706,-0.015925,-0.023309,0.999601,0,0.68828,0.06299,41.297,0.126,-1,375.000,-1,375.000,-1,300.000,300.000,300.000,300.000,-1,425.000,425.000,-1,625.000,675.000,-1,-1,2,0,2,0,2,0,0,0,0,2,0,0,2,0,0,2,2
100,-9439.073,7930.221,-108.606,-134.476,-0.700754,0.713373,0.006598,-0.713281,-0.700433,-0.024969,-0.013191,-0.022204,0.999666,0,0.68828,0.06299,41.297,0.126,-1,375.000,-1,375.000,-1,300.000,300.000,300.000,300.000,-1,425.000,400.000,-1,650.000,675.000,-1,-1,2,0,2,0,2,0,0,0,0,2,0,0,2,0,0,2,2
101,-9467.941,7900.691,-109.191,-134.350,-0.699154,0.714929,0.007754,-0.714894,-0.698880,-0.022211,-0.010460,-0.021072,0.999723,0,0.68828,0.06299,41.297,0.126,-1,375.000,-1,375.000,-1,300.000,300.000,300.000,300.000,-1,425.000,375.000,-1,650.000,675.000,-1,-1,2,0,2,0,2,0,0,0,0,2,0,0,2,0,0,2,2
102,-9499.644,7868.364,-109.683,-134.440,-0.700243,0.713849,0.008911,-0.713870,-0.700033,-0.018509,-0.006974,-0.019322,0.999789,0,0.75462,-0.04527,45.277,-0.091,-1,375.000,-1,375.000,-1,300.000,300.000,300.000,300.000,-1,400.000,350.000,-1,650.000,700.000,-1,-1,2,0,2,0,2,0,0,0,0,2,0,0,2,0,0,2,2
103,-9531.397,7836.087,-110.113,-134.531,-0.701329,0.712767,0.010023,-0.712830,-0.701186,-0.014546,-0.003340,-0.017347,0.999844,0,0.75462,-0.04527,45.277,-0.091,-1,375.000,-1,375.000,-1,300.000,300.000,300.000,300.000,-1,375.000,325.000,-1,675.000,700.000,-1,-1,2,0,2,0,2,0,0,0,0,2,0,0,2,0,0,2,2
104,-9563.201,7803.861,-110.520,-134.621,-0.702414,0.711681,0.011134,-0.711768,-0.702333,-0.010674,0.000224,-0.015423,0.999881,0,0.75462,-0.04527,45.277,-0.091,-1,375.000,-1,375.000,-1,300.000,300.000,300.000,300.000,-1,375.000,325.000,-1,675.000,700.000,-1,-1,2,0,2,0,2,0,0,0,0,2,0,0,2,0,0,2,2
105,-9595.055,7771.684,-110.387,-134.712,-0.703515,0.710570,0.012526,-0.710677,-0.703457,-0.009303,0.002201,-0.015447,0.999878,0,0.75462,-0.04527,45.277,-0.091,-1,375.000,-1,375.000,-1,300.000,300.000,300.000,300.000,-1,375.000,350.000,-1,700.000,725.000,-1,-1,2,0,2,0,2,0,0,0,0,2,0,0,2,0,0,2,2
106,-9626.961,7739.558,-110.193,-134.802,-0.704613,0.709455,0.013927,-0.709581,-0.704576,-0.008195,0.003998,-0.015657,0.999869,0,0.75462,-0.04527,45.277,-0.091,-1,375.000,-1,375.000,-1,300.000,300.000,300.000,300.000,-1,400.000,375.000,-1,700.000,725.000,-1,-1,2,0,2,0,2,0,0,0,0,2,0,0,2,0,0,2,2
107,-9658.917,7707.482,-109.984,-134.893,-0.705707,0.708339,0.015312,-0.708481,-0.705694,-0.007135,0.005751,-0.015884,0.999857,0,0.75462,-0.04527,45.277,-0.091,-1,375.000,-1,375.000,-1,300.000,325.000,300.000,300.000,-1,400.000,400.000,-1,700.000,725.000,-1,-1,2,0,2,0,2,0,0,0,0,2,0,0,2,0,0,2,2
108,-9690.924,7675.457,-109.761,-134.983,-0.706797,0.707220,0.016681,-0.707377,-0.706810,-0.006123,0.007460,-0.016127,0.999842,0,0.75462,-0.04527,45.277,-0.091,-1,375.000,-1,375.000,-1,300.000,325.000,300.000,300.000,-1,400.000,400.000,-1,700.000,750.000,-1,-1,2,0,2,0,2,0,0,0,0,2,0,0,2,0,0,2,2
109,-9722.981,7643.482,-109.524,-135.074,-0.707883,0.706099,0.018033,-0.706271,-0.707923,-0.005158,0.009124,-0.016388,0.999824,0,0.75462,-0.04527,45.277,-0.091,-1,375.000,-1,375.000,-1,300.000,325.000,300.000,300.000,-1,400.000,425.000,-1,725.000,750.000,-1,-1,2,0,2,0,2,0,0,0,0,2,0,0,2,0,0,2,2
110,-9755.089,7611.558,-109.272,-135.164,-0.708966,0.704977,0.019369,-0.705161,-0.709035,-0.004241,0.010744,-0.016665,0.999803,0,0.75462,-0.04527,45.277,-0.091,-1,375.000,-1,400.000,-1,325.000,325.000,300.000,300.000,-1,400.000,450.000,-1,725.000,750.000,-1,-1,2,0,2,0,2,0,0,0,0,2,0,0,2,0,0,2,2
111,-9787.247,7579.685,-108.964,-135.255,-0.710042,0.703850,0.020884,-0.704050,-0.710142,-0.003394,0.012442,-0.017114,0.999776,0,0.75462,-0.04527,45.277,-0.091,-1,375.000,-1,400.000,-1,325.000,325.000,300.000,300.000,-1,425.000,450.000,-1,725.000,775.000,-1,-1,2,0,2,0,2,0,0,0,0,2,0,0,2,0,0,2,2
112,-9821.650,7545.407,-108.569,-135.106,-0.708157,0.705692,0.022665,-0.705912,-0.708295,-0.002559,0.014248,-0.017812,0.999740,0,0.80941,0.07473,48.565,0.149,-1,375.000,-1,400.000,-1,325.000,325.000,300.000,300.000,-1,425.000,450.000,-1,750.000,775.000,-1,-1,2,0,2,0,2,0,0,0,0,2,0,0,2,0,0,2,2
113,-9855.820,7510.897,-108.162,-134.716,-0.703295,0.710480,0.024355,-0.710720,-0.703473,-0.001744,0.015893,-0.018536,0.999702,0,0.80941,0.19473,48.565,0.389,-1,375.000,-1,400.000,-1,325.000,325.000,300.000,300.000,-1,425.000,450.000,-1,750.000,800.000,-1,-1,2,0,2,0,2,0,0,0,0,2,0,0,2,0,0,2,2
114,-9889.609,7476.014,-107.561,-134.087,-0.695423,0.718166,0.024979,-0.718405,-0.695625,-0.000834,0.016778,-0.018525,0.999688,0,0.80941,0.31473,48.565,0.629,-1,375.000,-1,400.000,-1,325.000,325.000,300.000,300.000,-1,450.000,475.000,-1,750.000,800.000,-1,-1,2,0,2,0,2,0,0,0,0,2,0,0,2,0,0,2,2
115,-9922.864,7440.622,-106.936,-133.217,-0.684426,0.728640,0.025389,-0.728874,-0.684648,0.000082,0.017442,-0.018449,0.999678,0,0.80941,0.43473,48.565,0.869,-1,400.000,-1,400.000,-1,325.000,325.000,300.000,300.000,-1,475.000,500.000,-1,750.000,825.000,-1,-1,2,0,2,0,2,0,0,0,0,2,0,0,2,0,0,2,2
116,-9955.428,7404.592,-106.151,-132.108,-0.670194,0.741770,0.024854,-0.741981,-0.670420,0.001046,0.017439,-0.017740,0.999691,0,0.80941,0.55473,48.565,1.109,-1,400.000,-1,400.000,-1,325.000,325.000,300.000,300.000,-1,500.000,550.000,-1,775.000,825.000,-1,-1,2,0,2,0,2,0,0,0,0,2,0,0,2,0,0,2,2
117,-9987.135,7367.806,-105.368,-130.758,-0.652547,0.757362,0.024182,-0.757551,-0.652773,0.001974,0.017281,-0.017031,0.999706,0,0.80941,0.67473,48.565,1.349,-1,400.000,-1,400.000,-1,325.000,325.000,300.000,300.000,-1,550.000,600.000,-1,775.000,850.000,-1,-1,2,0,2,0,2,0,0,0,0,2,0,0,2,0,0,2,2
118,-10017.808,7330.154,-104.614,-129.169,-0.631297,0.775185,0.023490,-0.775354,-0.631521,0.002853,0.017046,-0.016412,0.999720,0,0.80941,0.79473,48.565,1.589,-1,400.000,-1,400.000,-1,325.000,325.000,300.000,300.000,-1,600.000,650.000,-1,775.000,850.000,-1,-1,2,0,2,0,2,0,0,0,0,2,0,0,2,0,0,2,2
119,-10047.264,7291.543,-103.894,-127.339,-0.606237,0.794958,0.022772,-0.795108,-0.606457,0.003665,0.016724,-0.015884,0.999734,0,0.80941,0.91473,48.565,1.829,-1,400.000,-1,400.000,-1,325.000,325.000,300.000,300.000,-1,650.000,700.000,-1,775.000,850.000,-1,-1,2,0,2,0,2,0,0,0,0,2,0,0,2,0,0,2,2
120,-10075.355,7251.926,-103.215,-125.339,-0.578134,0.815645,0.022022,-0.815779,-0.578348,0.004396,0.016322,-0.015423,0.999748,0,0.80941,1.00000,48.565,2.000,-1,400.000,-1,400.000,-1,325.000,325.000,300.000,300.000,-1,700.000,750.000,-1,775.000,850.000,-1,-1,2,0,2,0,2,0,0,0,0,2,0,0,2,0,0,2,2
121,-10102.046,7211.354,-102.571,-123.339,-0.549327,0.835338,0.021227,-0.835456,-0.549534,0.005060,0.015891,-0.014955,0.999762,0,0.80941,1.00000,48.565,2.000,-1,400.000,-1,400.000,-1,325.000,325.000,300.000,300.000,-1,750.000,750.000,-1,800.000,850.000,-1,-1,2,0,2,0,2,0,0,0,0,2,0,0,2,0,0,2,2
122,-10127.305,7169.875,-101.969,-121.339,-0.519851,0.854014,0.020385,-0.854117,-0.520050,0.005683,0.015454,-0.014457,0.999776,0,0.80941,1.00000,48.565,2.000,-1,400.000,-1,400.000,-1,325.000,325.000,300.000,300.000,-1,800.000,775.000,-1,825.000,850.000,-1,-1,2,0,2,0,2,0,0,0,0,2,0,0,2,0,0,2,2
123,-10151.100,7127.540,-101.393,-119.339,-0.489742,0.871649,0.019528,-0.871739,-0.489932,0.006196,0.014968,-0.013989,0.999790,0,0.80941,1.00000,48.565,2.000,-1,400.000,-1,400.000,-1,325.000,325.000,300.000,300.000,-1,875.000,775.000,-1,825.000,850.000,-1,-1,2,0,2,0,2,0,0,0,0,2,0,0,2,0,0,2,2
124,-10173.404,7084.399,-100.721,-117.339,-0.459037,0.888216,0.018899,-0.888305,-0.459213,0.006086,0.014084,-0.013994,0.999803,0,0.80941,1.00000,48.565,2.000,-1,400.000,-1,400.000,-1,325.000,325.000,300.000,300.000,-1,925.000,825.000,-1,850.000,850.000,-1,-1,2,0,2,0,2,0,0,0,0,2,0,0,2,0,0,2,2
125,-10194.189,7040.507,-100.117,-115.339,-0.427776,0.903703,0.018145,-0.903790,-0.427936,0.005928,0.013122,-0.013863,0.999818,0,0.80941,1.00000,48.565,2.000,-1,400.000,-1,400.000,-1,325.000,325.000,300.000,300.000,-1,950.000,875.000,-1,850.000,875.000,-1,-1,2,0,2,0,2,0,0,0,0,2,0,0,2,0,0,2,2
126,-10213.429,6995.916,-99.570,-113.339,-0.395994,0.918090,0.017321,-0.918173,-0.396138,0.005725,0.012118,-0.013637,0.999834,0,0.80941,1.00000,48.565,2.000,-1,400.000,-1,400.000,-1,325.000,325.000,300.000,300.000,-1,1000.000,925.000,-1,850.000,900.000,-1,-1,2,0,2,0,2,0,0,0,0,2,0,0,2,0,0,2,2
127,-10231.101,6950.681,-99.061,-111.339,-0.363728,0.931359,0.016511,-0.931439,-0.363857,0.005498,0.011128,-0.013379,0.999849,0,0.80941,1.00000,48.565,2.000,-1,400.000,-1,400.000,-1,325.000,325.000,300.000,300.000,-1,-1,975.000,-1,875.000,900.000,-1,-1,2,0,2,0,2,0,0,0,0,2,2,0,2,0,0,2,2
128,-10247.183,6904.857,-98.589,-109.339,-0.331018,0.943494,0.015716,-0.943570,-0.331132,0.005249,0.010157,-0.013092,0.999863,0,0.80941,1.00000,48.565,2.000,-1,400.000,-1,400.000,-1,325.000,325.000,300.000,300.000,-1,-1,-1,-1,875.000,925.000,-1,-1,2,0,2,0,2,0,0,0,0,2,2,2,2,0,0,2,2
129,-10261.657,6858.499,-98.152,-107.339,-0.297904,0.954479,0.014941,-0.954551,-0.298004,0.004986,0.009211,-0.012777,0.999876,0,0.80941,1.00000,48.565,2.000,-1,400.000,-1,400.000,-1,325.000,325.000,300.000,300.000,-1,-1,-1,-1,875.000,950.000,-1,-1,2,0,2,0,2,0,0,0,0,2,2,2,2,0,0,2,2
130,-10274.504,6811.665,-97.747,-105.339,-0.264425,0.964302,0.014187,-0.964371,-0.264513,0.004710,0.008295,-0.012436,0.999888,0,0.80941,1.00000,48.565,2.000,-1,400.000,-1,400.000,-1,325.000,325.000,300.000,300.000,-1,-1,-1,-1,875.000,975.000,-1,-1,2,0,2,0,2,0,0,0,0,2,2,2,2,0,0,2,2
131,-10285.709,6764.410,-97.374,-103.339,-0.230623,0.972950,0.013456,-0.973015,-0.230699,0.004429,0.007413,-0.012071,0.999900,0,0.80941,1.00000,48.565,2.000,-1,400.000,-1,400.000,-1,325.000,325.000,300.000,300.000,-1,-1,-1,-1,900.000,975.000,-1,-1,2,0,2,0,2,0,0,0,0,2,2,2,2,0,0,2,2
132,-10295.257,6716.794,-97.030,-101.339,-0.196538,0.980413,0.012749,-0.980474,-0.196604,0.004146,0.006571,-0.011686,0.999910,0,0.80941,1.00000,48.565,2.000,-1,425.000,-1,425.000,-1,325.000,325.000,300.000,300.000,-1,-1,-1,-1,900.000,1000.000,-1,-1,2,0,2,0,2,0,0,0,0,2,2,2,2,0,0,2,2
133,-10303.138,6668.873,-96.712,-99.339,-0.162213,0.986682,0.012069,-0.986739,-0.162269,0.003866,0.005773,-0.011281,0.999920,0,0.80941,1.00000,48.565,2.000,-1,425.000,-1,425.000,-1,325.000,350.000,300.000,300.000,-1,-1,-1,-1,900.000,-1,-1,-1,2,0,2,0,2,0,0,0,0,2,2,2,2,0,2,2,2
134,-10309.342,6620.706,-96.418,-97.339,-0.127688,0.991749,0.011414,-0.991802,-0.127736,0.003594,0.005023,-0.010861,0.999928,0,0.80941,1.00000,48.565,2.000,-1,425.000,-1,425.000,-1,350.000,350.000,300.000,300.000,-1,-1,-1,-1,900.000,-1,-1,-1,2,0,2,0,2,0,0,0,0,2,2,2,2,0,2,2,2
