timestep,x_cm,y_cm,z_cm,yaw_deg,basis_xx,basis_xy,basis_xz,basis_yx,basis_yy,basis_yz,basis_zx,basis_zy,basis_zz,teleport_flag,throttle_cmd,steering_cmd,cmd_move_cm,cmd_turn_deg,lidar_cm_0,lidar_cm_1,lidar_cm_2,lidar_cm_3,lidar_cm_4,lidar_cm_5,lidar_cm_6,lidar_cm_7,lidar_cm_8,lidar_cm_9,lidar_cm_10,lidar_cm_11,lidar_cm_12,lidar_cm_13,lidar_cm_14,lidar_cm_15,lidar_cm_16,lidar_class_0,lidar_class_1,lidar_class_2,lidar_class_3,lidar_class_4,lidar_class_5,lidar_class_6,lidar_class_7,lidar_class_8,lidar_class_9,lidar_class_10,lidar_class_11,lidar_class_12,lidar_class_13,lidar_class_14,lidar_class_15,lidar_class_16
0,-3608.993,7547.831,-291.490,105.556,-0.259510,-0.958779,-0.115749,0.962246,-0.266893,0.053384,-0.082076,-0.097526,0.991843,1,0.08000,-0.12000,4.800,-0.240,-1,-1,-1,225.000,625.000,725.000,300.000,100.000,425.000,-1,-1,-1,-1,-1,375.000,-1,375.000,2,2,2,1,0,1,1,0,0,2,2,2,2,2,0,2,0
1,-3611.501,7557.100,-292.846,105.076,-0.250353,-0.960379,-0.122457,0.964250,-0.258690,0.057467,-0.086868,-0.103692,0.990809,0,0.16000,-0.24000,9.600,-0.480,-1,-1,-1,225.000,575.000,675.000,300.000,75.000,425.000,-1,-1,-1,-1,-1,350.000,-1,350.000,2,2,2,0,0,1,1,0,0,2,2,2,2,2,0,2,0
2,-3615.088,7571.049,-294.872,104.356,-0.236477,-0.962580,-0.132359,0.967080,-0.246352,0.063775,-0.093996,-0.112920,0.989148,0,0.24000,-0.36000,14.400,-0.720,-1,-1,-1,200.000,550.000,625.000,275.000,75.000,450.000,-1,-1,-1,-1,-1,325.000,-1,325.000,2,2,2,1,0,1,1,0,0,2,2,2,2,2,0,2,0
3,-3619.560,7589.725,-297.550,103.396,-0.217728,-0.965145,-0.145223,0.970521,-0.229850,0.072505,-0.103357,-0.125155,0.986739,0,0.32000,-0.48000,19.200,-0.960,-1,-1,-1,175.000,475.000,550.000,225.000,75.000,475.000,-1,-1,-1,-1,-1,300.000,-1,275.000,2,2,2,0,0,1,1,1,0,2,2,2,2,2,0,2,0
4,-3624.722,7613.169,-300.825,102.339,-0.196397,-0.967252,-0.160785,0.973798,-0.211584,0.083365,-0.114654,-0.140200,0.983463,0,0.40000,-0.52828,24.000,-1.057,-1,-1,-1,175.000,400.000,500.000,200.000,75.000,500.000,850.000,0.000,-1,-1,-1,275.000,-1,225.000,2,2,2,0,0,1,1,1,0,0,0,2,2,2,0,2,0
5,-3630.408,7641.410,-304.673,101.297,-0.174224,-0.968308,-0.178960,0.976393,-0.193441,0.096108,-0.127680,-0.157991,0.979151,0,0.48000,-0.52077,28.800,-1.042,-1,-1,-1,150.000,350.000,425.000,175.000,100.000,550.000,400.000,0.000,-1,-1,-1,225.000,-1,175.000,2,2,2,0,0,1,1,1,0,0,0,2,2,2,0,2,0
6,-3636.459,7674.470,-309.099,100.273,-0.151046,-0.968149,-0.199682,0.978225,-0.175477,0.110829,-0.142338,-0.178594,0.973573,0,0.56000,-0.51203,33.600,-1.024,-1,-1,-1,125.000,250.000,375.000,150.000,125.000,600.000,0.000,0.000,-1,-1,-1,200.000,-1,125.000,2,2,2,1,0,1,1,1,0,0,0,2,2,2,0,2,0
7,-8854.660,-4263.489,310.317,-79.741,0.159796,0.953705,0.254778,-0.984573,0.172616,-0.028628,-0.071282,-0.246273,0.966576,1,0.00000,0.00000,38.400,-1.004,325.000,375.000,-1,525.000,-1,375.000,450.000,200.000,175.000,-1,-1,-1,-1,600.000,-1,475.000,-1,0,0,2,1,2,0,0,0,1,2,2,2,2,0,2,0,2
8,979.233,8856.260,-256.016,165.531,-0.966067,-0.248896,-0.069026,0.240838,-0.964596,0.107478,-0.093333,0.087207,0.991808,1,0.08000,0.07606,4.800,0.152,-1,200.000,750.000,600.000,-1,225.000,400.000,-1,300.000,-1,-1,0.000,450.000,350.000,725.000,475.000,900.000,2,0,1,1,2,1,1,2,1,2,2,0,1,0,1,0,1
9,969.930,8858.632,-257.019,165.683,-0.966719,-0.246275,-0.069302,0.237878,-0.964950,0.110843,-0.094170,0.090669,0.991419,0,0.16000,0.07556,9.600,0.151,-1,200.000,750.000,575.000,-1,225.000,400.000,-1,300.000,-1,-1,0.000,425.000,350.000,700.000,450.000,875.000,2,0,1,1,2,1,1,2,1,2,2,0,1,0,1,0,1
10,955.967,8862.152,-258.542,165.832,-0.967365,-0.243642,-0.069599,0.234727,-0.965113,0.116021,-0.095439,0.095898,0.990805,0,0.24000,0.07460,14.400,0.149,-1,200.000,725.000,575.000,-1,225.000,400.000,-1,300.000,-1,-1,0.000,425.000,350.000,675.000,450.000,850.000,2,0,1,1,2,1,1,2,1,2,2,0,1,0,1,0,1
11,937.337,8866.797,-260.608,165.978,-0.968004,-0.241000,-0.069912,0.231374,-0.965047,0.123085,-0.097132,0.102971,0.989930,0,0.32000,0.07330,19.200,0.147,-1,200.000,700.000,550.000,-1,225.000,375.000,-1,300.000,-1,-1,0.000,425.000,325.000,650.000,450.000,800.000,2,1,1,1,2,1,1,2,1,2,2,0,1,0,1,0,1
12,914.035,8872.545,-263.247,166.122,-0.968637,-0.238347,-0.070228,0.227799,-0.964701,0.132133,-0.099243,0.111991,0.988741,0,0.40000,0.07178,24.000,0.144,-1,200.000,675.000,525.000,-1,225.000,375.000,-1,300.000,-1,-1,0.000,400.000,325.000,625.000,425.000,775.000,2,1,1,1,2,1,1,2,1,2,2,0,1,0,1,0,1
13,-1639.871,-6231.381,-100.228,123.672,-0.552251,-0.829448,0.083873,0.833182,-0.552591,0.021229,0.028739,0.081605,0.996250,1,0.00000,0.00000,28.800,0.140,500.000,350.000,-1,350.000,-1,300.000,300.000,325.000,300.000,-1,250.000,325.000,-1,575.000,600.000,575.000,1000.000,1,0,2,0,2,0,0,0,0,2,0,0,2,1,0,1,0
14,-1642.516,-6227.376,-100.064,123.432,-0.548737,-0.831745,0.084190,0.835495,-0.549104,0.020806,0.028924,0.081757,0.996233,0,0.08000,-0.12000,4.800,-0.240,500.000,375.000,-1,350.000,-1,300.000,300.000,325.000,300.000,-1,250.000,325.000,-1,575.000,600.000,575.000,1000.000,1,0,2,0,2,0,0,0,0,2,0,0,2,1,0,1,0
15,-1647.738,-6219.320,-99.742,122.952,-0.541679,-0.836295,0.084819,0.840075,-0.542104,0.019951,0.029296,0.082062,0.996197,0,0.16000,-0.24000,9.600,-0.480,500.000,375.000,-1,350.000,-1,300.000,300.000,325.000,300.000,-1,250.000,300.000,-1,575.000,600.000,575.000,-1,1,0,2,0,2,0,0,0,0,2,0,0,2,1,0,1,2
16,-1655.419,-6207.139,-99.271,122.232,-0.531020,-0.843009,0.085752,0.846833,-0.531532,0.018650,0.029857,0.082521,0.996142,0,0.24000,-0.36000,14.400,-0.720,500.000,375.000,-1,350.000,-1,300.000,300.000,325.000,300.000,-1,250.000,300.000,-1,575.000,600.000,575.000,-1,1,0,2,0,2,0,0,0,0,2,0,0,2,1,0,1,2
17,-1665.387,-6190.728,-98.665,121.272,-0.516676,-0.851753,0.086969,0.855634,-0.517306,0.016881,0.030611,0.083136,0.996068,0,0.32000,-0.48000,19.200,-0.960,500.000,375.000,-1,350.000,-1,300.000,300.000,325.000,300.000,-1,225.000,275.000,-1,600.000,600.000,575.000,-1,1,0,2,0,2,0,0,0,0,2,0,0,2,1,0,1,2
18,-1677.415,-6169.958,-97.944,120.072,-0.498539,-0.862344,0.088446,0.866293,-0.499323,0.014615,0.031560,0.083907,0.995974,0,0.40000,-0.60000,24.000,-1.200,500.000,375.000,-1,350.000,-1,300.000,300.000,325.000,300.000,-1,225.000,250.000,-1,600.000,625.000,575.000,-1,1,0,2,0,2,0,0,0,0,2,0,0,2,1,0,1,2
19,-1691.224,-6144.683,-97.132,118.649,-0.476745,-0.874407,0.090149,0.878432,-0.477720,0.011823,0.032728,0.084826,0.995858,0,0.48000,-0.71137,28.800,-1.423,475.000,375.000,-1,350.000,-1,300.000,300.000,325.000,300.000,-1,200.000,250.000,-1,600.000,625.000,575.000,-1,1,0,2,0,2,0,0,0,0,2,0,0,2,1,0,1,2
20,-1706.607,-6114.810,-96.266,117.241,-0.454830,-0.885807,0.092064,0.889912,-0.456053,0.008516,0.034443,0.085803,0.995717,0,0.56000,-0.70398,33.600,-1.408,475.000,375.000,-1,350.000,-1,300.000,300.000,325.000,300.000,-1,200.000,225.000,-1,600.000,625.000,575.000,-1,1,0,2,0,2,0,0,0,0,2,0,0,2,1,0,1,2
21,-1723.352,-6080.251,-95.350,115.850,-0.432835,-0.896542,0.094159,0.900724,-0.434366,0.004646,0.036734,0.086822,0.995546,0,0.64000,-0.69584,38.400,-1.392,475.000,375.000,-1,350.000,-1,300.000,300.000,350.000,300.000,-1,175.000,200.000,-1,600.000,650.000,575.000,-1,1,0,2,0,2,0,0,0,0,2,0,0,2,1,0,1,2
22,-1741.248,-6040.931,-94.383,114.471,-0.410722,-0.906655,0.096353,0.910902,-0.412624,0.000213,0.039564,0.087855,0.995347,0,0.72000,-0.68960,43.200,-1.379,475.000,375.000,-1,375.000,-1,300.000,300.000,350.000,300.000,-1,150.000,175.000,-1,600.000,650.000,575.000,-1,1,0,2,0,2,0,0,1,0,2,0,0,2,1,0,1,2
23,-1760.077,-5996.776,-92.755,113.095,-0.388638,-0.916394,0.095829,0.920473,-0.390786,-0.003996,0.041110,0.086655,0.995390,0,0.80000,-0.68762,48.000,-1.375,450.000,375.000,-1,375.000,-1,300.000,300.000,325.000,300.000,-1,175.000,200.000,-1,600.000,675.000,550.000,-1,1,0,2,0,2,0,0,1,0,2,0,0,2,1,0,1,2
24,-1778.724,-5949.968,-91.053,111.724,-0.366374,-0.925608,0.094970,0.929475,-0.368785,-0.008583,0.042968,0.085128,0.995443,0,0.83973,-0.68587,50.384,-1.372,450.000,375.000,-1,375.000,-1,300.000,300.000,325.000,300.000,-1,175.000,200.000,-1,600.000,675.000,550.000,-1,1,0,2,0,2,0,0,1,0,2,0,0,2,1,0,1,2
25,-1796.079,-5903.185,-89.355,110.354,-0.343944,-0.934299,0.093744,0.937911,-0.346618,-0.013405,0.045018,0.083313,0.995506,0,0.83161,-0.68454,49.897,-1.369,425.000,375.000,-1,375.000,-1,300.000,300.000,300.000,300.000,-1,200.000,225.000,-1,600.000,700.000,550.000,-1,1,0,2,0,2,0,0,1,0,2,0,0,2,1,0,1,2
26,-1813.392,-5852.646,-87.620,108.912,-0.320113,-0.942880,0.092220,0.946202,-0.323048,-0.018473,0.047209,0.081345,0.995567,0,0.89036,-0.72105,53.421,-1.442,425.000,375.000,-1,375.000,-1,300.000,300.000,275.000,300.000,-1,200.000,225.000,-1,600.000,725.000,525.000,-1,1,0,2,0,2,0,0,1,0,2,0,0,2,1,0,1,2
27,-1829.369,-5801.963,-85.246,107.495,-0.296577,-0.950509,0.092594,0.953850,-0.299598,-0.020306,0.047042,0.082298,0.995497,0,0.88568,-0.70884,53.141,-1.418,400.000,375.000,-1,375.000,-1,300.000,300.000,275.000,300.000,-1,250.000,250.000,-1,600.000,750.000,525.000,-1,1,0,2,0,2,0,0,1,0,2,0,0,2,1,0,1,2
28,-1844.014,-5751.240,-82.614,106.102,-0.273234,-0.957319,0.094252,0.960815,-0.276353,-0.021549,0.046676,0.084671,0.995315,0,0.87988,-0.69632,52.793,-1.393,400.000,375.000,-1,375.000,-1,300.000,300.000,275.000,300.000,-1,300.000,300.000,-1,600.000,775.000,525.000,-1,1,0,2,0,2,0,0,1,0,2,0,0,2,1,0,1,2
29,-1857.340,-5700.580,-80.079,104.735,-0.250165,-0.963442,0.095900,0.967098,-0.253381,-0.022773,0.046240,0.087047,0.995130,0,0.87304,-0.68360,52.382,-1.367,400.000,375.000,-1,375.000,-1,300.000,325.000,250.000,300.000,-1,325.000,325.000,-1,600.000,800.000,550.000,-1,1,0,2,0,2,0,0,1,0,2,0,0,2,1,0,1,2
30,-1869.368,-5650.078,-77.647,103.393,-0.227395,-0.968906,0.097531,0.972728,-0.230706,-0.023978,0.045733,0.089419,0.994944,0,0.86522,-0.67080,51.913,-1.342,400.000,375.000,-1,400.000,-1,300.000,325.000,250.000,300.000,-1,375.000,375.000,-1,625.000,825.000,550.000,-1,1,0,2,0,2,0,0,1,0,2,0,0,2,1,0,1,2
31,-1880.112,-5599.819,-75.322,102.063,-0.204711,-0.973789,0.099142,0.977781,-0.208112,-0.025161,0.045134,0.091789,0.994755,0,0.85656,-0.66493,51.393,-1.330,400.000,375.000,-1,400.000,-1,300.000,325.000,250.000,300.000,-1,425.000,400.000,-1,650.000,850.000,550.000,-1,1,0,2,0,2,0,0,1,0,2,0,0,2,1,0,1,2
32,-1889.656,-5550.608,-73.119,100.974,-0.186013,-0.977373,0.100699,0.981525,-0.189514,-0.026308,0.044797,0.093945,0.994569,0,0.83544,-0.54493,50.126,-1.090,400.000,375.000,-1,400.000,-1,300.000,325.000,250.000,300.000,-1,450.000,450.000,-1,650.000,850.000,575.000,-1,1,0,2,0,2,0,0,1,0,2,0,0,2,1,0,1,2
33,-1898.372,-5501.808,-70.987,100.124,-0.171349,-0.979892,0.102228,0.984193,-0.174964,-0.027436,0.044771,0.095911,0.994383,0,0.82619,-0.42493,49.572,-0.850,400.000,375.000,-1,400.000,-1,300.000,325.000,250.000,300.000,-1,500.000,475.000,-1,675.000,875.000,600.000,-1,1,0,2,0,2,0,0,1,0,2,0,0,2,1,0,1,2
34,-1906.479,-5453.449,-68.905,99.514,-0.160752,-0.981528,0.103737,0.985965,-0.164495,-0.028548,0.045085,0.097692,0.994195,0,0.81722,-0.30493,49.033,-0.610,400.000,375.000,-1,400.000,-1,325.000,325.000,250.000,300.000,-1,525.000,525.000,-1,675.000,900.000,600.000,-1,1,0,2,0,2,0,0,1,0,2,0,0,2,1,1,1,2
35,-1914.193,-5405.543,-66.855,99.144,-0.154240,-0.982413,0.105233,0.986973,-0.158131,-0.029645,0.045764,0.099290,0.994006,0,0.80870,-0.18493,48.522,-0.370,400.000,400.000,-1,425.000,-1,325.000,325.000,225.000,300.000,825.000,575.000,550.000,-1,675.000,900.000,600.000,-1,1,0,2,0,2,0,0,1,0,1,0,0,2,1,1,1,2
36,-1921.723,-5358.089,-64.814,99.014,-0.151823,-0.982629,0.106725,0.987298,-0.155882,-0.030730,0.046833,0.100704,0.993814,0,0.80078,-0.06493,48.047,-0.130,400.000,400.000,-1,425.000,-1,325.000,325.000,225.000,300.000,750.000,600.000,575.000,-1,675.000,925.000,600.000,-1,1,0,2,0,2,0,0,1,0,1,0,0,2,1,1,1,2
37,-1929.111,-5311.052,-62.783,98.924,-0.150075,-0.982734,0.108215,0.987511,-0.154307,-0.031809,0.047958,0.102090,0.993619,0,0.79357,-0.04527,47.614,-0.091,400.000,400.000,-1,425.000,-1,325.000,350.000,225.000,300.000,725.000,625.000,550.000,-1,675.000,925.000,600.000,-1,1,0,2,0,2,0,0,1,0,1,0,0,2,1,1,1,2
38,-1936.359,-5264.415,-60.754,98.832,-0.148379,-0.982840,0.109586,0.987745,-0.152712,-0.032218,0.048400,0.103463,0.993455,0,0.78661,-0.04585,47.197,-0.092,375.000,400.000,-1,425.000,-1,325.000,350.000,225.000,300.000,725.000,675.000,550.000,-1,675.000,925.000,600.000,-1,1,0,2,0,2,0,0,1,0,1,0,0,2,1,1,1,2
39,-1943.471,-5218.165,-58.945,98.738,-0.146718,-0.982865,0.111584,0.988018,-0.151073,-0.031590,0.047906,0.105612,0.993253,0,0.77988,-0.04677,46.793,-0.094,375.000,400.000,-1,425.000,-1,325.000,350.000,225.000,300.000,725.000,725.000,575.000,-1,675.000,900.000,575.000,-1,1,0,2,0,2,0,0,1,0,1,0,0,2,1,1,1,2
40,-1951.206,-5167.156,-57.089,98.620,-0.144821,-0.982985,0.112993,0.988391,-0.149021,-0.029610,0.045944,0.107393,0.993155,0,0.85988,-0.05898,51.593,-0.118,350.000,400.000,-1,425.000,-1,325.000,350.000,225.000,300.000,725.000,800.000,700.000,-1,650.000,900.000,550.000,-1,1,0,2,0,2,0,0,1,0,1,0,0,2,1,1,1,2
41,-1958.855,-5116.126,-55.385,98.523,-0.143376,-0.983116,0.113697,0.988712,-0.147337,-0.027198,0.043491,0.108514,0.993143,0,0.86000,-0.04853,51.600,-0.097,350.000,400.000,-1,425.000,-1,325.000,350.000,200.000,300.000,725.000,875.000,825.000,-1,650.000,850.000,525.000,-1,1,0,2,0,2,0,0,1,0,1,0,0,2,1,1,1,2
42,-1966.380,-5065.451,-53.682,98.446,-0.142270,-0.983194,0.114406,0.988975,-0.145990,-0.024787,0.041073,0.109618,0.993125,0,0.85383,-0.03872,51.230,-0.077,325.000,400.000,-1,425.000,-1,325.000,350.000,200.000,300.000,725.000,950.000,900.000,-1,625.000,825.000,500.000,-1,1,0,2,0,2,0,0,1,0,1,0,0,2,1,1,1,2
43,-1973.783,-5015.169,-51.983,98.374,-0.141256,-0.983258,0.115114,0.989218,-0.144733,-0.022380,0.038666,0.110711,0.993100,0,0.84707,-0.03613,50.824,-0.072,300.000,400.000,-1,425.000,-1,325.000,325.000,200.000,275.000,725.000,-1,1000.000,-1,600.000,800.000,450.000,-1,1,0,2,0,2,0,0,1,0,1,2,0,2,1,1,1,2
44,-1981.062,-4965.313,-50.288,98.306,-0.140321,-0.983309,0.115820,0.989441,-0.143550,-0.019978,0.036271,0.111793,0.993069,0,0.83976,-0.03395,50.385,-0.068,275.000,400.000,-1,425.000,-1,325.000,325.000,200.000,300.000,725.000,-1,-1,-1,575.000,775.000,425.000,-1,1,0,2,1,2,0,0,1,0,1,2,2,2,1,1,1,2
45,-1988.222,-4915.910,-48.144,98.241,-0.139213,-0.983141,0.118552,0.989631,-0.142397,-0.018785,0.035350,0.114707,0.992770,0,0.83199,-0.03219,49.919,-0.064,275.000,400.000,-1,400.000,-1,325.000,325.000,200.000,300.000,725.000,-1,-1,-1,550.000,750.000,425.000,-1,1,0,2,1,2,0,0,1,0,1,2,2,2,1,1,1,2
46,-1995.260,-4866.981,-45.941,98.180,-0.138119,-0.982927,0.121564,0.989809,-0.141285,-0.017776,0.034648,0.117870,0.992424,0,0.82387,-0.03086,49.432,-0.062,275.000,400.000,-1,400.000,-1,325.000,325.000,200.000,300.000,750.000,-1,-1,-1,525.000,750.000,400.000,-1,1,1,2,1,2,0,1,1,0,1,2,2,2,1,1,1,2
47,-2002.175,-4818.542,-43.732,98.120,-0.137052,-0.982692,0.124634,0.989980,-0.140203,-0.016823,0.034006,0.121079,0.992060,0,0.81551,-0.02996,48.931,-0.060,275.000,375.000,-1,400.000,-1,325.000,325.000,200.000,300.000,750.000,-1,-1,-1,500.000,725.000,400.000,-1,1,1,2,1,2,1,1,1,0,1,2,2,2,1,1,1,2
48,-2008.535,-4774.872,-41.595,98.278,-0.139656,-0.981906,0.127892,0.989609,-0.142866,-0.016231,0.034209,0.124296,0.991655,0,0.73551,0.07932,44.131,0.159,250.000,375.000,-1,375.000,-1,325.000,325.000,200.000,300.000,775.000,-1,-1,-1,500.000,700.000,375.000,-1,1,1,2,1,2,1,1,1,0,1,2,2,2,1,1,1,2
49,-2014.311,-4735.968,-39.634,98.437,-0.142253,-0.981131,0.130940,0.989228,-0.145532,-0.015774,0.034533,0.127286,0.991265,0,0.65551,0.07944,39.331,0.159,250.000,350.000,-1,375.000,-1,300.000,300.000,200.000,300.000,775.000,-1,-1,-1,475.000,675.000,350.000,-1,1,1,2,1,2,1,1,1,0,1,2,2,2,1,1,1,2
50,-2020.069,-4697.909,-37.666,98.596,-0.144829,-0.980336,0.134037,0.988840,-0.148188,-0.015381,0.034941,0.130314,0.990857,0,0.64154,0.07927,38.493,0.159,250.000,350.000,-1,375.000,-1,300.000,300.000,200.000,300.000,800.000,-1,-1,-1,450.000,650.000,325.000,-1,1,1,2,1,2,1,1,1,0,1,2,2,2,1,1,1,2
51,-2025.877,-4660.226,-35.668,98.754,-0.147373,-0.979517,0.137215,0.988446,-0.150824,-0.015041,0.035428,0.133413,0.990427,0,0.63547,0.07888,38.128,0.158,250.000,325.000,-1,350.000,-1,275.000,300.000,200.000,300.000,825.000,-1,-1,-1,450.000,650.000,300.000,-1,1,1,2,1,2,1,1,1,0,1,2,2,2,1,1,1,2
52,-2031.734,-4622.909,-33.792,98.910,-0.149798,-0.978601,0.141068,0.988046,-0.153421,-0.015100,0.036420,0.137120,0.989885,0,0.62956,0.07826,37.774,0.157,225.000,325.000,-1,350.000,-1,275.000,275.000,200.000,300.000,850.000,-1,-1,-1,425.000,625.000,300.000,-1,1,1,2,1,2,1,1,1,0,1,2,2,2,1,1,1,2
53,-2037.637,-4585.946,-31.488,99.065,-0.151923,-0.977867,0.143861,0.987599,-0.156015,-0.017531,0.039587,0.139414,0.989443,0,0.62386,0.07743,37.431,0.155,225.000,300.000,-1,350.000,-1,275.000,275.000,200.000,300.000,825.000,-1,-1,-1,425.000,625.000,275.000,-1,1,1,2,1,2,1,1,1,0,1,2,2,2,1,1,1,2
54,-2044.373,-4544.255,-28.961,99.171,-0.153076,-0.977315,0.146366,0.987252,-0.157777,-0.020995,0.043611,0.141286,0.989008,0,0.70386,0.05288,42.231,0.106,225.000,300.000,-1,350.000,-1,275.000,275.000,200.000,300.000,800.000,-1,-1,-1,400.000,625.000,250.000,-1,1,1,2,1,2,1,1,1,0,1,2,2,2,1,1,1,2
55,-2051.385,-4501.508,-25.040,99.294,-0.153395,-0.975998,0.154591,0.986726,-0.159725,-0.029320,0.053308,0.148042,0.987543,0,0.72195,0.06180,43.317,0.124,225.000,300.000,-1,350.000,-1,275.000,275.000,200.000,300.000,775.000,-1,825.000,-1,425.000,800.000,275.000,-1,1,1,2,1,2,1,1,1,0,1,2,0,2,1,1,1,2
56,-2059.079,-4454.008,-20.671,99.178,-0.149299,-0.975192,0.163435,0.986749,-0.157560,-0.038735,0.063525,0.155486,0.985793,0,0.80195,-0.05820,48.117,-0.116,250.000,300.000,-1,375.000,-1,275.000,275.000,200.000,300.000,750.000,700.000,200.000,1000.000,425.000,-1,300.000,-1,1,1,2,1,2,1,1,1,0,1,0,0,0,1,2,1,2
57,-2066.787,-4405.325,-16.271,98.973,-0.143576,-0.974619,0.171765,0.986904,-0.153902,-0.048321,0.073529,0.162578,0.983952,0,0.82145,-0.10220,49.287,-0.204,250.000,300.000,-1,375.000,-1,275.000,300.000,200.000,300.000,700.000,350.000,150.000,825.000,450.000,-1,325.000,-1,1,1,2,1,2,1,1,1,0,1,0,0,0,1,2,1,2
58,-2074.381,-4356.249,-11.884,98.774,-0.137841,-0.974049,0.179521,0.986934,-0.150344,-0.057944,0.083431,0.169188,0.982046,0,0.82762,-0.09957,49.657,-0.199,300.000,300.000,-1,375.000,-1,275.000,300.000,200.000,300.000,650.000,225.000,125.000,700.000,450.000,-1,350.000,-1,1,1,2,1,2,1,1,1,0,1,0,0,0,1,2,1,2
59,-2081.868,-4306.784,-7.128,98.581,-0.132218,-0.973237,0.187958,0.986941,-0.146860,-0.066175,0.092007,0.176754,0.979945,0,0.83376,-0.09661,50.025,-0.193,350.000,300.000,-1,400.000,-1,275.000,300.000,200.000,300.000,650.000,225.000,100.000,600.000,475.000,-1,450.000,-1,1,1,2,1,2,1,1,1,0,1,0,0,0,1,2,1,2
60,-2089.249,-4256.934,-2.104,98.395,-0.126705,-0.972231,0.196753,0.986929,-0.143473,-0.073391,0.099582,0.184883,0.977702,0,0.83985,-0.09324,50.391,-0.186,-1,300.000,-1,425.000,-1,275.000,300.000,225.000,300.000,625.000,225.000,125.000,550.000,950.000,-1,-1,-1,2,1,2,1,2,1,1,1,0,1,0,0,0,1,2,2,2
61,-2096.526,-4206.703,2.932,98.216,-0.121266,-0.971208,0.205058,0.986836,-0.140227,-0.080562,0.106997,0.192589,0.975429,0,0.84588,-0.08939,50.753,-0.179,-1,300.000,-1,500.000,-1,275.000,300.000,225.000,300.000,625.000,225.000,125.000,525.000,-1,-1,-1,-1,2,1,2,1,2,1,1,1,0,1,0,0,0,2,2,2,2
62,-6887.216,9511.376,-319.066,21.975,0.807197,-0.355960,0.470876,0.456541,0.882139,-0.115767,-0.374170,0.308421,0.874570,1,0.00000,0.00000,51.107,-0.170,0.000,200.000,575.000,525.000,-1,200.000,325.000,-1,175.000,-1,-1,0.000,0.000,275.000,725.000,0.000,-1,1,1,1,1,2,1,1,2,1,2,2,0,0,1,1,1,2
63,-3607.625,-327.959,15.742,57.811,0.531833,-0.846258,0.031639,0.843587,0.532690,0.067835,-0.074260,-0.009387,0.997195,1,0.00000,0.00000,4.800,-0.240,-1,425.000,-1,400.000,-1,350.000,325.000,200.000,300.000,625.000,-1,-1,-1,825.000,775.000,-1,-1,2,0,2,0,2,0,0,1,0,1,2,2,2,0,0,2,2
64,-3605.085,-323.886,15.336,58.051,0.528271,-0.848485,0.031687,0.845812,0.529142,0.067905,-0.074383,-0.009071,0.997188,0,0.08000,0.12000,4.800,0.240,-1,425.000,-1,400.000,-1,350.000,325.000,200.000,300.000,650.000,-1,-1,-1,825.000,775.000,-1,-1,2,0,2,0,2,0,0,1,0,1,2,2,2,0,0,2,2
65,-3600.074,-315.698,14.521,58.531,0.521118,-0.852892,0.031783,0.850216,0.522019,0.068037,-0.074620,-0.008433,0.997176,0,0.16000,0.24000,9.600,0.480,-1,425.000,-1,400.000,-1,350.000,325.000,200.000,300.000,650.000,-1,-1,-1,825.000,775.000,-1,-1,2,0,2,0,2,0,0,1,0,1,2,2,2,0,0,2,2
66,-3592.711,-303.323,13.298,59.251,0.510321,-0.859391,0.031929,0.856712,0.511264,0.068222,-0.074954,-0.007462,0.997159,0,0.24000,0.36000,14.400,0.720,-1,425.000,-1,400.000,-1,350.000,325.000,175.000,300.000,675.000,-1,-1,-1,825.000,775.000,-1,-1,2,0,2,0,2,0,0,1,0,1,2,2,2,0,0,2,2
67,-3583.172,-286.660,11.665,60.211,0.495796,-0.867844,0.032124,0.865163,0.496798,0.068442,-0.075356,-0.006141,0.997138,0,0.32000,0.48000,19.200,0.960,-1,425.000,-1,400.000,-1,350.000,325.000,175.000,300.000,675.000,-1,-1,-1,800.000,775.000,-1,-1,2,0,2,0,2,0,0,1,0,1,2,2,2,0,0,2,2
68,-3571.687,-265.586,9.624,61.411,0.477443,-0.878066,0.032376,0.875388,0.478519,0.068668,-0.075787,-0.004443,0.997114,0,0.40000,0.60000,24.000,1.200,-1,425.000,-1,400.000,-1,350.000,325.000,175.000,300.000,700.000,-1,-1,-1,800.000,775.000,-1,-1,2,0,2,0,2,0,0,1,0,1,2,2,2,0,0,2,2
69,-3558.545,-239.959,7.179,62.851,0.455138,-0.889820,0.032701,0.887156,0.456305,0.068850,-0.076186,-0.002326,0.997091,0,0.48000,0.72000,28.800,1.440,-1,425.000,-1,400.000,-1,350.000,325.000,175.000,300.000,750.000,-1,-1,-1,800.000,775.000,-1,-1,2,0,2,0,2,0,0,1,0,1,2,2,2,0,0,2,2
70,-3544.096,-209.625,4.340,64.531,0.428745,-0.902818,0.033132,0.900184,0.430023,0.068918,-0.076468,0.000277,0.997072,0,0.56000,0.84000,33.600,1.680,-1,425.000,-1,400.000,-1,350.000,325.000,175.000,300.000,800.000,-1,-1,-1,800.000,775.000,-1,-1,2,0,2,0,2,0,0,1,0,1,2,2,2,0,0,2,2
71,-3528.754,-174.423,1.128,66.451,0.398119,-0.916713,0.033734,0.914137,0.399531,0.068767,-0.076517,0.003460,0.997062,0,0.64000,0.96000,38.400,1.920,-1,425.000,-1,400.000,-1,325.000,325.000,175.000,300.000,875.000,-1,-1,-1,800.000,775.000,-1,-1,2,0,2,0,2,0,0,1,0,1,2,2,2,0,0,2,2
72,-3512.887,-134.242,-2.508,68.451,0.365740,-0.930082,0.034370,0.927572,0.367288,0.068620,-0.076446,0.006783,0.997051,0,0.72000,1.00000,43.200,2.000,-1,425.000,-1,400.000,-1,325.000,325.000,175.000,300.000,-1,-1,-1,-1,800.000,775.000,-1,-1,2,0,2,0,2,0,0,1,0,2,2,2,2,0,0,2,2
73,-3496.825,-89.009,-5.788,70.451,0.332585,-0.942273,0.038854,0.939770,0.334584,0.069897,-0.078862,0.013267,0.996797,0,0.80000,1.00000,48.000,2.000,-1,400.000,-1,400.000,-1,325.000,325.000,175.000,300.000,-1,-1,-1,-1,800.000,750.000,-1,-1,2,0,2,0,2,0,0,1,0,2,2,2,2,0,0,2,2
74,-3480.904,-38.666,-9.473,72.451,0.298962,-0.953272,0.043512,0.950746,0.301462,0.072132,-0.081878,0.019804,0.996446,0,0.88000,1.00000,52.800,2.000,-1,400.000,-1,400.000,-1,325.000,325.000,175.000,300.000,-1,-1,-1,-1,775.000,750.000,-1,-1,2,0,2,0,2,0,0,1,0,2,2,2,2,0,0,2,2
75,-3466.439,13.323,-13.388,74.451,0.265012,-0.963081,0.047371,0.960555,0.267973,0.074327,-0.084277,0.025805,0.996108,0,0.89938,1.00000,53.963,2.000,-1,400.000,-1,400.000,-1,325.000,325.000,175.000,275.000,-1,-1,-1,-1,775.000,725.000,-1,-1,2,0,2,0,2,0,0,1,0,2,2,2,2,0,0,2,2
76,-3453.863,65.514,-17.292,76.451,0.230789,-0.971688,0.050583,0.969219,0.234161,0.076044,-0.085736,0.031476,0.995821,0,0.89474,1.00000,53.684,2.000,-1,400.000,-1,375.000,-1,325.000,325.000,175.000,275.000,-1,-1,-1,-1,750.000,725.000,-1,-1,2,0,2,0,2,0,0,1,0,2,2,2,2,0,0,2,2
77,-3443.174,117.830,-21.039,78.451,0.196409,-0.979111,0.052587,0.976744,0.200075,0.077086,-0.085997,0.036224,0.995637,0,0.88995,1.00000,53.397,2.000,-1,400.000,-1,375.000,-1,325.000,325.000,175.000,275.000,-1,-1,-1,-1,750.000,725.000,-1,-1,2,0,2,0,2,0,0,1,0,2,2,2,2,0,0,2,2
78,-3434.366,170.199,-24.807,80.451,0.161854,-0.985329,0.054137,0.983108,0.165754,0.077620,-0.085455,0.040659,0.995512,0,0.88507,1.00000,53.104,2.000,-1,400.000,-1,375.000,-1,325.000,325.000,150.000,275.000,-1,-1,-1,-1,750.000,700.000,-1,-1,2,0,2,0,2,0,0,1,0,2,2,2,2,0,0,2,2
79,-3427.430,222.549,-28.603,82.451,0.127161,-0.990338,0.055317,0.988296,0.131242,0.077765,-0.084274,0.044781,0.995436,0,0.88013,1.00000,52.808,2.000,-1,400.000,-1,375.000,-1,325.000,325.000,150.000,275.000,-1,-1,-1,-1,750.000,700.000,-1,-1,2,0,2,0,2,0,0,1,0,2,2,2,2,0,0,2,2
80,-3422.355,274.815,-32.426,84.451,0.092370,-0.994140,0.056162,0.992294,0.096583,0.077620,-0.082589,0.048560,0.995400,0,0.87520,1.00000,52.512,2.000,-1,400.000,-1,375.000,-1,325.000,325.000,175.000,275.000,-1,-1,-1,-1,750.000,700.000,-1,-1,2,0,2,0,2,0,0,1,0,2,2,2,2,0,0,2,2
81,-3419.124,326.933,-36.272,86.451,0.057517,-0.996733,0.056696,0.995091,0.061819,0.077283,-0.080535,0.051972,0.995396,0,0.87032,1.00000,52.219,2.000,-1,400.000,-1,375.000,-1,325.000,325.000,175.000,275.000,-1,-1,-1,-1,750.000,700.000,-1,-1,2,0,2,0,2,0,0,1,0,2,2,2,2,0,0,2,2
82,-3417.722,378.846,-40.134,88.451,0.022640,-0.998121,0.056933,0.996677,0.026991,0.076852,-0.078244,0.055004,0.995416,0,0.86553,1.00000,51.932,2.000,-1,400.000,-1,375.000,-1,325.000,325.000,175.000,275.000,-1,-1,-1,-1,750.000,700.000,-1,-1,2,0,2,0,2,0,0,1,0,2,2,2,2,0,0,2,2
83,-3418.131,430.496,-44.008,90.451,-0.012228,-0.998306,0.056880,0.997045,-0.007858,0.076420,-0.075844,0.057646,0.995452,0,0.86088,1.00000,51.653,2.000,-1,400.000,-1,375.000,-1,325.000,325.000,175.000,275.000,-1,-1,-1,-1,750.000,700.000,-1,-1,2,0,2,0,2,0,0,1,0,2,2,2,2,0,0,2,2
84,-3420.330,481.832,-47.885,92.451,-0.047053,-0.997291,0.056534,0.996188,-0.042688,0.076079,-0.073459,0.059898,0.995498,0,0.85640,1.00000,51.384,2.000,-1,400.000,-1,375.000,-1,325.000,325.000,175.000,275.000,-1,-1,-1,-1,750.000,700.000,-1,-1,2,0,2,0,2,0,0,1,0,2,2,2,2,0,0,2,2
85,-3424.300,532.804,-51.757,94.451,-0.081802,-0.995081,0.055885,0.994101,-0.077458,0.075915,-0.071212,0.061765,0.995547,0,0.85213,1.00000,51.128,2.000,-1,400.000,-1,375.000,-1,325.000,325.000,200.000,275.000,-1,-1,-1,-1,725.000,700.000,-1,-1,2,0,2,0,2,0,0,1,0,2,2,2,2,0,0,2,2
86,-3430.018,583.366,-55.613,96.451,-0.116443,-0.991678,0.054914,0.990782,-0.112128,0.076009,-0.069219,0.063259,0.995594,0,0.84808,1.00000,50.885,2.000,-1,400.000,-1,375.000,-1,325.000,325.000,200.000,275.000,-1,-1,-1,-1,725.000,700.000,-1,-1,2,0,2,0,2,0,0,1,0,2,2,2,2,0,0,2,2
87,-3437.464,633.473,-59.356,98.451,-0.150925,-0.987109,0.053270,0.986224,-0.146661,0.076497,-0.067698,0.064082,0.995646,0,0.84430,1.00000,50.658,2.000,-1,400.000,-1,375.000,-1,325.000,325.000,200.000,300.000,-1,-1,-1,-1,725.000,675.000,-1,-1,2,0,2,0,2,0,0,1,0,2,2,2,2,0,0,2,2
88,-3445.593,678.604,-62.485,100.211,-0.181061,-0.982166,0.050674,0.981212,-0.176914,0.076968,-0.066630,0.063658,0.995745,0,0.76430,0.88000,45.858,1.760,-1,375.000,-1,375.000,-1,325.000,300.000,200.000,300.000,-1,-1,-1,-1,700.000,675.000,-1,-1,2,0,2,0,2,0,0,1,0,2,2,2,2,0,0,2,2
89,-3453.940,718.804,-65.423,101.731,-0.206901,-0.977203,0.047602,0.976152,-0.202920,0.077143,-0.065725,0.062428,0.995883,0,0.68430,0.76000,41.058,1.520,-1,375.000,-1,375.000,-1,300.000,300.000,200.000,300.000,-1,-1,-1,-1,675.000,675.000,-1,-1,2,0,2,0,2,0,0,1,0,2,2,2,2,0,0,2,2
90,-3462.710,756.753,-67.573,103.011,-0.228609,-0.972361,0.047463,0.971458,-0.224684,0.076065,-0.063299,0.063497,0.995973,0,0.64918,0.64000,38.951,1.280,-1,375.000,-1,375.000,-1,300.000,300.000,200.000,300.000,-1,-1,-1,-1,700.000,675.000,-1,-1,2,0,2,0,2,0,0,1,0,2,2,2,2,0,0,2,2
91,-3472.126,794.369,-69.506,104.051,-0.246204,-0.968028,0.048011,0.967273,-0.242272,0.075409,-0.061366,0.065006,0.995996,0,0.64628,0.52000,38.777,1.040,-1,375.000,-1,375.000,-1,300.000,300.000,200.000,300.000,-1,-1,-1,-1,700.000,675.000,-1,-1,2,0,2,0,2,0,0,1,0,2,2,2,2,0,0,2,2
92,-3482.141,831.622,-71.357,105.045,-0.262960,-0.963577,0.048690,0.962966,-0.259009,0.074902,-0.059562,0.066583,0.996002,0,0.64294,0.49721,38.576,0.994,-1,375.000,-1,375.000,-1,300.000,300.000,225.000,300.000,-1,-1,-1,-1,700.000,675.000,-1,-1,2,0,2,0,2,0,0,1,0,2,2,2,2,0,0,2,2
93,-3492.746,868.511,-73.151,106.036,-0.279576,-0.958852,0.049407,0.958384,-0.275603,0.074452,-0.057772,0.068166,0.996000,0,0.63974,0.49543,38.384,0.991,-1,375.000,-1,375.000,-1,300.000,300.000,225.000,300.000,-1,-1,-1,-1,700.000,675.000,-1,-1,2,0,2,0,2,0,0,1,0,2,2,2,2,0,0,2,2
94,-3503.933,905.044,-74.893,107.023,-0.296041,-0.953858,0.050142,0.953534,-0.292048,0.074035,-0.055976,0.069729,0.995994,0,0.63680,0.49352,38.208,0.987,-1,375.000,-1,375.000,-1,300.000,300.000,225.000,300.000,-1,-1,-1,-1,700.000,675.000,-1,-1,2,0,2,0,2,0,0,1,0,2,2,2,2,0,0,2,2
95,-3515.695,941.227,-76.590,108.006,-0.312345,-0.948606,0.050874,0.948424,-0.308336,0.073627,-0.054157,0.071247,0.995987,0,0.63412,0.49150,38.047,0.983,-1,375.000,-1,375.000,-1,300.000,300.000,250.000,300.000,-1,-1,-1,-1,700.000,675.000,-1,-1,2,0,2,0,2,0,0,1,0,2,2,2,2,0,0,2,2
96,-3528.027,977.065,-78.248,108.985,-0.328478,-0.943102,0.051586,0.943062,-0.324461,0.073202,-0.052299,0.072694,0.995982,0,0.63169,0.48937,37.901,0.979,-1,375.000,-1,375.000,-1,300.000,300.000,250.000,300.000,-1,-1,-1,-1,700.000,650.000,-1,-1,2,0,2,0,2,0,0,1,0,2,2,2,2,0,0,2,2
97,-3540.921,1012.566,-79.872,109.959,-0.344433,-0.937355,0.052264,0.937458,-0.340416,0.072733,-0.050385,0.074047,0.995981,0,0.62951,0.48713,37.770,0.974,-1,375.000,-1,375.000,-1,300.000,300.000,275.000,300.000,-1,-1,-1,-1,700.000,650.000,-1,-1,2,0,2,0,2,0,0,1,0,2,2,2,2,0,0,2,2
98,-3552.572,1043.408,-81.253,110.694,-0.356390,-0.932839,0.052897,0.933059,-0.352371,0.072354,-0.048855,0.075142,0.995975,0,0.54951,0.36713,32.970,0.734,-1,375.000,-1,375.000,-1,300.000,300.000,275.000,300.000,-1,-1,-1,-1,700.000,650.000,-1,-1,2,0,2,0,2,0,0,1,0,2,2,2,2,0,0,2,2
99,-3562.755,1069.673,-82.408,111.188,-0.364403,-0.929705,0.053473,0.930019,-0.360382,0.072044,-0.047709,0.075984,0.995967,0,0.46951,0.24713,28.170,0.494,-1,375.000,-1,375.000,-1,325.000,300.000,275.000,300.000,-1,-1,-1,-1,700.000,650.000,-1,-1,2,0,2,0,2,0,0,1,0,2,2,2,2,0,0,2,2
100,-3571.299,1091.426,-83.349,111.442,-0.368513,-0.928054,0.053991,0.928436,-0.364487,0.071803,-0.046958,0.076587,0.995956,0,0.38951,0.12713,23.370,0.254,-1,375.000,-1,375.000,-1,325.000,300.000,300.000,300.000,500.000,-1,-1,-1,700.000,650.000,-1,-1,2,0,2,0,2,0,0,1,0,1,2,2,2,0,0,2,2
101,-3578.092,1108.709,-84.078,111.456,-0.368743,-0.927935,0.054464,0.928362,-0.364707,0.071645,-0.046619,0.076981,0.995942,0,0.30951,0.00713,18.570,0.014,-1,375.000,-1,375.000,-1,325.000,300.000,300.000,300.000,500.000,-1,-1,-1,725.000,650.000,-1,-1,2,0,2,0,2,0,0,1,0,1,2,2,2,0,0,2,2
102,-3583.079,1121.544,-84.593,111.231,-0.365097,-0.929349,0.054910,0.929797,-0.361042,0.071598,-0.046714,0.077195,0.995921,0,0.22951,-0.11287,13.770,-0.226,-1,375.000,-1,375.000,-1,325.000,300.000,300.000,300.000,500.000,-1,-1,-1,725.000,650.000,-1,-1,2,0,2,0,2,0,0,1,0,1,2,2,2,0,0,2,2
103,-3586.259,1129.932,-84.887,110.765,-0.357561,-0.932248,0.055357,0.932693,-0.353474,0.071693,-0.047269,0.077266,0.995889,0,0.14951,-0.23287,8.970,-0.466,-1,375.000,-1,375.000,-1,325.000,300.000,325.000,300.000,500.000,-1,-1,-1,725.000,650.000,-1,-1,2,0,2,0,2,0,0,1,0,1,2,2,2,0,0,2,2
104,-3587.689,1133.850,-84.948,110.059,-0.346102,-0.936534,0.055839,0.936952,-0.341966,0.071969,-0.048306,0.077227,0.995843,0,0.06951,-0.35287,4.170,-0.706,-1,375.000,-1,375.000,-1,300.000,300.000,325.000,300.000,500.000,-1,-1,-1,725.000,650.000,-1,-1,2,0,2,0,2,0,0,1,0,1,2,2,2,0,0,2,2
105,-3587.483,1133.256,-84.758,109.113,-0.330673,-0.942058,0.056401,0.942428,-0.326464,0.072464,-0.049852,0.077116,0.995775,0,-0.01049,-0.47287,-0.630,-0.946,-1,375.000,-1,375.000,-1,300.000,300.000,325.000,300.000,475.000,-1,-1,-1,725.000,650.000,-1,-1,2,0,2,0,2,0,0,1,0,1,2,2,2,0,0,2,2
106,-3585.805,1128.093,-84.306,107.991,-0.312263,-0.948281,0.057058,0.948581,-0.307958,0.073188,-0.051831,0.076978,0.995685,0,-0.09049,-0.56100,-5.430,-1.122,-1,375.000,-1,375.000,-1,300.000,300.000,325.000,300.000,475.000,-1,-1,-1,700.000,650.000,-1,-1,2,0,2,0,2,0,0,0,0,1,2,2,2,0,0,2,2
107,-3582.836,1118.304,-83.598,106.870,-0.293766,-0.954131,0.057757,0.954351,-0.289348,0.074107,-0.053996,0.076890,0.995576,0,-0.17049,-0.56053,-10.230,-1.121,-1,375.000,-1,375.000,-1,300.000,300.000,325.000,300.000,475.000,-1,-1,-1,700.000,650.000,-1,-1,2,0,2,0,2,0,0,0,0,1,2,2,2,0,0,2,2
108,-3578.756,1103.840,-82.611,105.751,-0.275209,-0.959601,0.058540,0.959730,-0.270655,0.075258,-0.056374,0.076894,0.995444,0,-0.25049,-0.55964,-15.030,-1.119,-1,375.000,-1,375.000,-1,300.000,300.000,350.000,300.000,450.000,-1,-1,-1,700.000,650.000,-1,-1,2,0,2,0,2,0,0,1,0,1,2,2,2,0,0,2,2
109,-3573.746,1084.655,-81.328,104.634,-0.256618,-0.964683,0.059445,0.964711,-0.251901,0.076666,-0.058985,0.077021,0.995283,0,-0.33049,-0.55831,-19.830,-1.117,-1,375.000,-1,375.000,-1,300.000,300.000,325.000,300.000,450.000,-1,-1,-1,700.000,625.000,-1,-1,2,0,2,0,2,0,0,1,0,1,2,2,2,0,0,2,2
110,-3570.294,1070.028,-80.235,103.278,-0.233880,-0.970373,0.060631,0.970301,-0.228990,0.077975,-0.061781,0.077067,0.995110,0,-0.25049,-0.67831,-15.030,-1.357,-1,375.000,-1,375.000,-1,300.000,300.000,350.000,275.000,425.000,-1,-1,-1,700.000,625.000,-1,-1,2,0,2,0,2,0,0,1,0,1,2,2,2,0,0,2,2
111,-3568.222,1060.011,-79.354,101.681,-0.206932,-0.976384,0.062078,0.976213,-0.201865,0.079113,-0.064714,0.076972,0.994931,0,-0.17049,-0.79831,-10.230,-1.597,-1,375.000,-1,350.000,-1,300.000,300.000,350.000,275.000,425.000,-1,-1,-1,700.000,625.000,-1,-1,2,0,2,0,2,0,0,1,0,1,2,2,2,0,0,2,2
112,-3567.272,1054.666,-78.760,100.066,-0.179484,-0.981708,0.063523,0.981451,-0.174267,0.079904,-0.067372,0.076686,0.994776,0,-0.09049,-0.80762,-5.430,-1.615,-1,375.000,-1,350.000,1000.000,300.000,300.000,350.000,275.000,425.000,-1,-1,-1,700.000,625.000,-1,-1,2,0,2,0,0,0,0,0,0,1,2,2,2,0,0,2,2
113,-3567.179,1054.045,-78.497,98.452,-0.151876,-0.986271,0.064830,0.985943,-0.146550,0.080251,-0.069649,0.076106,0.994664,0,-0.01049,-0.80710,-0.630,-1.614,-1,375.000,-1,350.000,975.000,300.000,300.000,350.000,275.000,425.000,-1,-1,-1,700.000,625.000,-1,-1,2,0,2,0,0,0,0,0,0,1,2,2,2,0,0,2,2
114,-3567.674,1058.187,-78.606,96.838,-0.124096,-0.990082,0.065859,0.989694,-0.118720,0.080076,-0.071463,0.075118,0.994611,0,0.06951,-0.80704,4.170,-1.614,-1,375.000,-1,350.000,975.000,300.000,300.000,350.000,275.000,425.000,-1,-1,-1,700.000,625.000,-1,-1,2,0,2,0,0,0,0,0,0,1,2,2,2,0,0,2,2
115,-3568.489,1067.121,-79.128,95.223,-0.096131,-0.993147,0.066462,0.992708,-0.090781,0.079310,-0.072733,0.073602,0.994632,0,0.14951,-0.80747,8.970,-1.615,-1,375.000,-1,350.000,975.000,300.000,300.000,350.000,275.000,425.000,-1,-1,-1,700.000,625.000,-1,-1,2,0,2,0,0,0,0,0,0,1,2,2,2,0,0,2,2
116,-3569.354,1080.864,-80.101,93.606,-0.067968,-0.995470,0.066483,0.994985,-0.062732,0.077902,-0.073379,0.071444,0.994742,0,0.22951,-0.80843,13.770,-1.617,-1,375.000,-1,350.000,975.000,300.000,300.000,350.000,275.000,425.000,-1,-1,-1,700.000,625.000,-1,-1,2,0,2,0,0,0,0,0,0,1,2,2,2,0,0,2,2
117,-3569.995,1099.424,-81.561,91.986,-0.039596,-0.997049,0.065768,0.996521,-0.034573,0.075829,-0.073332,0.068542,0.994950,0,0.30951,-0.80996,18.570,-1.620,-1,375.000,-1,350.000,1000.000,300.000,300.000,350.000,275.000,425.000,-1,-1,-1,700.000,625.000,-1,-1,2,0,2,0,0,0,0,0,0,1,2,2,2,0,0,2,2
118,-3570.140,1122.794,-83.538,90.362,-0.011008,-0.997878,0.064176,0.997305,-0.006301,0.073092,-0.072533,0.064807,0.995258,0,0.38951,-0.81210,23.370,-1.624,-1,375.000,-1,350.000,-1,300.000,300.000,350.000,275.000,425.000,-1,-1,-1,700.000,625.000,-1,-1,2,0,2,0,2,0,0,0,0,1,2,2,2,0,0,2,2
119,-3569.514,1150.958,-86.058,88.732,0.017798,-0.997943,0.061584,0.997322,0.022090,0.069725,-0.070942,0.060178,0.995663,0,0.46951,-0.81492,28.170,-1.630,-1,375.000,-1,375.000,-1,300.000,300.000,325.000,300.000,450.000,-1,-1,-1,700.000,625.000,-1,-1,2,0,2,0,2,0,0,0,0,1,2,2,2,0,0,2,2
120,-3567.840,1183.886,-89.135,87.095,0.046815,-0.997224,0.057904,0.996549,0.050604,0.065795,-0.068542,0.054624,0.996152,0,0.54951,-0.81844,32.970,-1.637,-1,375.000,-1,375.000,-1,300.000,300.000,325.000,300.000,475.000,475.000,-1,-1,700.000,650.000,-1,-1,2,0,2,0,2,0,0,0,0,1,1,2,2,0,0,2,2
121,-3564.841,1221.536,-92.777,85.450,0.076026,-0.995692,0.053084,0.994963,0.079243,0.061400,-0.065342,0.048149,0.996701,0,0.62951,-0.82271,37.770,-1.645,-1,375.000,-1,375.000,-1,300.000,300.000,300.000,300.000,475.000,325.000,-1,-1,700.000,650.000,-1,-1,2,0,2,0,2,0,0,0,0,1,1,2,2,0,0,2,2
122,-3560.600,1260.516,-96.666,83.794,0.105366,-0.993297,0.047534,0.992515,0.108010,0.056988,-0.061740,0.041174,0.997243,0,0.65351,-0.82777,39.210,-1.656,-1,375.000,-1,375.000,-1,300.000,300.000,300.000,300.000,500.000,250.000,825.000,-1,700.000,675.000,-1,-1,2,0,2,0,2,0,0,0,0,1,1,1,2,0,0,2,2
123,-3555.226,1299.376,-99.505,82.128,0.134368,-0.989839,0.046511,0.989039,0.136863,0.055413,-0.061216,0.038556,0.997380,0,0.65382,-0.83318,39.229,-1.666,-1,375.000,-1,375.000,-1,300.000,300.000,300.000,300.000,550.000,250.000,625.000,-1,700.000,675.000,-1,-1,2,0,2,0,2,0,0,0,0,1,1,1,2,0,0,2,2
124,-3548.707,1338.119,-101.930,80.450,0.163297,-0.985439,0.047362,0.984656,0.165786,0.054484,-0.061543,0.037738,0.997391,0,0.65480,-0.83874,39.288,-1.677,-1,375.000,-1,375.000,-1,300.000,300.000,300.000,300.000,625.000,250.000,550.000,-1,700.000,675.000,-1,-1,2,0,2,0,2,0,0,0,0,1,1,1,2,0,0,2,2
125,-3541.031,1376.747,-104.240,78.761,0.192314,-0.980178,0.047616,0.979375,0.194768,0.053755,-0.061964,0.036296,0.997418,0,0.65638,-0.84445,39.383,-1.689,-1,375.000,-1,375.000,-1,300.000,300.000,300.000,300.000,725.000,275.000,500.000,-1,700.000,675.000,-1,-1,2,0,2,0,2,0,0,0,0,1,1,1,2,0,0,2,2
126,-3532.183,1415.255,-106.443,77.061,0.221418,-0.974036,0.047201,0.973212,0.223785,0.052719,-0.061914,0.034263,0.997493,0,0.65853,-0.85027,39.512,-1.701,-1,375.000,-1,375.000,-1,300.000,300.000,300.000,300.000,825.000,300.000,475.000,-1,700.000,675.000,-1,-1,2,0,2,0,2,0,0,0,0,1,1,1,2,0,0,2,2
127,-3522.148,1453.635,-108.686,75.348,0.250533,-0.966980,0.046718,0.966135,0.252810,0.051673,-0.061778,0.032191,0.997571,0,0.66117,-0.85622,39.670,-1.712,-1,375.000,-1,375.000,-1,300.000,300.000,300.000,300.000,925.000,325.000,475.000,-1,700.000,675.000,-1,-1,2,0,2,0,2,0,0,0,0,1,1,1,2,1,0,2,2
128,-3510.910,1491.873,-110.966,73.624,0.279631,-0.958997,0.046169,0.958133,0.281816,0.050616,-0.061551,0.030082,0.997651,0,0.66426,-0.86229,39.856,-1.725,-1,375.000,-1,375.000,-1,300.000,300.000,300.000,300.000,-1,350.000,450.000,-1,725.000,700.000,-1,-1,2,0,2,0,2,0,0,0,0,2,1,1,2,1,1,2,2
129,-3498.454,1529.953,-113.283,71.887,0.308684,-0.950073,0.045551,0.949192,0.310773,0.049546,-0.061228,0.027943,0.997733,0,0.66776,-0.86845,40.066,-1.737,-1,375.000,-1,375.000,-1,300.000,300.000,300.000,300.000,-1,400.000,450.000,-1,725.000,725.000,-1,-1,2,0,2,0,2,0,0,0,0,2,1,1,2,1,1,2,2
130,-3484.761,1567.854,-115.636,70.137,0.337661,-0.940198,0.044865,0.939302,0.339652,0.048464,-0.060804,0.025778,0.997817,0,0.67163,-0.87472,40.298,-1.749,-1,375.000,-1,375.000,-1,300.000,300.000,300.000,300.000,-1,425.000,475.000,-1,750.000,725.000,-1,-1,2,0,2,0,2,0,0,0,0,2,1,1,2,1,1,2,2
131,-3469.818,1605.549,-118.011,68.375,0.366532,-0.929358,0.044145,0.928454,0.368423,0.047308,-0.060230,0.023647,0.997904,0,0.67582,-0.88108,40.549,-1.762,-1,375.000,-1,375.000,-1,300.000,300.000,300.000,300.000,-1,450.000,475.000,-1,775.000,725.000,-1,-1,2,0,2,0,2,0,0,0,0,2,1,1,2,1,1,2,2
132,-3451.645,1647.098,-120.644,66.377,0.398842,-0.915994,0.043370,0.915099,0.400620,0.045800,-0.059327,0.021421,0.998009,0,0.75582,-0.99900,45.349,-1.998,-1,375.000,-1,375.000,-1,300.000,300.000,300.000,300.000,-1,500.000,500.000,-1,825.000,750.000,-1,-1,2,1,2,0,2,0,0,0,0,2,1,1,2,1,1,2,2
133,-3429.966,1692.319,-123.577,64.387,0.430554,-0.901570,0.042357,0.900691,0.432209,0.044160,-0.058121,0.019138,0.998126,0,0.83582,-0.99508,50.149,-1.990,-1,400.000,-1,375.000,-1,300.000,300.000,300.000,300.000,-1,550.000,525.000,-1,875.000,750.000,-1,-1,2,1,2,0,2,0,0,0,0,2,1,1,2,1,1,2,2
134,-3405.458,1739.210,-126.691,62.406,0.461612,-0.886127,0.041147,0.885270,0.463136,0.042455,-0.056677,0.016828,0.998251,0,0.88183,-0.99051,52.910,-1.981,-1,400.000,-1,375.000,-1,300.000,300.000,300.000,300.000,-1,600.000,575.000,-1,-1,750.000,-1,-1,2,1,2,0,2,1,0,0,0,2,1,1,2,2,1,2,2
