timestep,x_cm,y_cm,z_cm,yaw_deg,basis_xx,basis_xy,basis_xz,basis_yx,basis_yy,basis_yz,basis_zx,basis_zy,basis_zz,teleport_flag,throttle_cmd,steering_cmd,cmd_move_cm,cmd_turn_deg,lidar_cm_0,lidar_cm_1,lidar_cm_2,lidar_cm_3,lidar_cm_4,lidar_cm_5,lidar_cm_6,lidar_cm_7,lidar_cm_8,lidar_cm_9,lidar_cm_10,lidar_cm_11,lidar_cm_12,lidar_cm_13,lidar_cm_14,lidar_cm_15,lidar_cm_16,lidar_class_0,lidar_class_1,lidar_class_2,lidar_class_3,lidar_class_4,lidar_class_5,lidar_class_6,lidar_class_7,lidar_class_8,lidar_class_9,lidar_class_10,lidar_class_11,lidar_class_12,lidar_class_13,lidar_class_14,lidar_class_15,lidar_class_16
0,332.751,7542.838,159.071,-4.731,0.996440,0.082400,0.017811,-0.083092,0.995637,0.042446,-0.014236,-0.043775,0.998940,1,0.08000,0.12000,4.800,0.240,-1,400.000,-1,375.000,-1,325.000,325.000,300.000,300.000,-1,525.000,650.000,-1,700.000,675.000,-1,-1,2,0,2,0,2,0,0,0,0,2,0,0,2,0,0,2,2
1,342.325,7542.126,158.923,-4.251,0.997099,0.074056,0.017560,-0.074747,0.996291,0.042623,-0.014339,-0.043812,0.998937,0,0.16000,0.24000,9.600,0.480,-1,400.000,-1,375.000,-1,325.000,325.000,300.000,300.000,-1,525.000,650.000,-1,700.000,675.000,-1,-1,2,0,2,0,2,0,0,0,0,2,0,0,2,0,0,2,2
2,356.697,7541.239,158.694,-3.531,0.997957,0.061531,0.017187,-0.062219,0.997141,0.042876,-0.014500,-0.043858,0.998933,0,0.24000,0.36000,14.400,0.720,-1,400.000,-1,375.000,-1,325.000,325.000,300.000,300.000,-1,550.000,675.000,-1,700.000,700.000,-1,-1,2,0,2,0,2,0,0,0,0,2,0,0,2,0,0,2,2
3,375.878,7540.378,158.376,-2.571,0.998856,0.044815,0.016695,-0.045500,0.998030,0.043191,-0.014727,-0.043901,0.998927,0,0.32000,0.48000,19.200,0.960,-1,400.000,-1,375.000,-1,325.000,325.000,300.000,300.000,-1,575.000,700.000,-1,700.000,700.000,-1,-1,2,0,2,0,2,0,0,0,0,2,0,0,2,0,0,2,2
4,399.870,7539.804,157.959,-1.371,0.999585,0.023904,0.016090,-0.024585,0.998749,0.043550,-0.015029,-0.043927,0.998922,0,0.40000,0.60000,24.000,1.200,-1,400.000,-1,375.000,-1,325.000,325.000,300.000,300.000,-1,575.000,725.000,975.000,700.000,700.000,-1,-1,2,0,2,0,2,0,0,0,0,2,0,0,1,0,0,2,2
5,428.670,7539.736,157.434,-0.136,0.999879,0.002365,0.015366,-0.003038,0.999029,0.043949,-0.015247,-0.043991,0.998916,0,0.48000,0.61773,28.800,1.235,-1,375.000,-1,375.000,-1,325.000,325.000,300.000,300.000,-1,600.000,725.000,925.000,700.000,700.000,-1,-1,2,0,2,0,2,0,0,0,0,2,0,0,1,0,0,2,2
6,462.264,7540.384,156.793,1.104,0.999709,-0.019256,0.014523,0.018594,0.998842,0.044374,-0.015361,-0.044091,0.998909,0,0.56000,0.62002,33.600,1.240,-1,375.000,-1,375.000,-1,325.000,325.000,300.000,300.000,-1,625.000,750.000,875.000,700.000,700.000,-1,-1,2,0,2,0,2,0,0,0,0,2,0,0,1,0,0,2,2
7,500.631,7541.958,156.026,2.350,0.999068,-0.040966,0.013565,0.040322,0.998182,0.044804,-0.015376,-0.044215,0.998904,0,0.64000,0.62287,38.400,1.246,-1,375.000,-1,375.000,-1,325.000,325.000,300.000,300.000,-1,650.000,775.000,850.000,700.000,700.000,-1,-1,2,0,2,0,2,0,0,0,0,2,0,0,1,0,0,2,2
8,543.745,7544.673,155.123,3.603,0.997949,-0.062778,0.012494,0.062155,0.997042,0.045220,-0.015296,-0.044350,0.998899,0,0.72000,0.62634,43.200,1.253,-1,375.000,-1,375.000,-1,325.000,325.000,300.000,300.000,-1,675.000,775.000,850.000,700.000,700.000,-1,-1,2,0,2,0,2,0,0,0,0,2,0,0,1,0,0,2,2
9,591.572,7548.743,154.071,4.864,0.996342,-0.084704,0.011311,0.084108,0.995413,0.045597,-0.015121,-0.044479,0.998896,0,0.80000,0.63050,48.000,1.261,-1,375.000,-1,375.000,-1,325.000,325.000,300.000,300.000,-1,675.000,800.000,850.000,700.000,700.000,-1,-1,2,0,2,0,2,0,0,0,0,2,0,0,1,0,0,2,2
10,642.079,7554.172,152.994,6.135,0.994233,-0.106757,0.010137,0.106183,0.993271,0.046235,-0.015005,-0.044892,0.998879,0,0.84663,0.63540,50.798,1.271,-1,375.000,-1,375.000,-1,325.000,325.000,300.000,300.000,-1,700.000,800.000,875.000,700.000,700.000,-1,-1,2,0,2,0,2,0,0,0,0,2,0,0,1,0,0,2,2
11,692.470,7560.732,152.203,7.416,0.991612,-0.128942,0.008863,0.128385,0.990587,0.047479,-0.014902,-0.045943,0.998833,0,0.84695,0.64086,50.817,1.282,-1,375.000,-1,375.000,-1,325.000,325.000,300.000,300.000,-1,725.000,825.000,900.000,700.000,700.000,-1,-1,2,0,2,0,2,0,0,0,0,2,0,0,1,0,0,2,2
12,742.756,7568.435,151.717,8.710,0.988462,-0.151269,0.007805,0.150741,0.987447,0.047176,-0.014843,-0.045456,0.998856,0,0.84789,0.64660,50.873,1.293,-1,375.000,-1,375.000,-1,325.000,325.000,300.000,300.000,-1,750.000,850.000,925.000,700.000,700.000,-1,-1,2,0,2,0,2,0,0,0,0,2,0,0,1,0,0,2,2
13,792.944,7577.297,151.191,10.015,0.984771,-0.173726,0.006723,0.173232,0.983773,0.046696,-0.014726,-0.044820,0.998887,0,0.84941,0.65259,50.965,1.305,-1,375.000,-1,375.000,-1,325.000,325.000,300.000,300.000,-1,775.000,875.000,975.000,700.000,700.000,-1,-1,2,0,2,0,2,0,0,0,0,2,0,0,1,0,0,2,2
14,843.039,7587.336,150.609,11.332,0.980526,-0.196309,0.005668,0.195847,0.979550,0.046114,-0.014605,-0.044106,0.998920,0,0.85151,0.65883,51.091,1.318,-1,375.000,-1,375.000,-1,325.000,325.000,300.000,300.000,-1,775.000,900.000,-1,700.000,700.000,-1,-1,2,0,2,0,2,0,0,0,0,2,0,0,2,0,0,2,2
15,893.041,7598.570,149.969,12.663,0.975711,-0.219010,0.004644,0.218581,0.974761,0.045429,-0.014476,-0.043310,0.998957,0,0.85415,0.66530,51.249,1.331,-1,375.000,-1,400.000,-1,325.000,325.000,300.000,300.000,-1,775.000,875.000,-1,675.000,700.000,-1,-1,2,0,2,0,2,0,0,0,0,2,0,0,2,0,0,2,2
16,938.781,7609.765,149.342,13.754,0.971373,-0.237532,0.003722,0.237134,0.970448,0.044709,-0.014232,-0.042547,0.998993,0,0.78483,0.54530,47.090,1.091,-1,375.000,-1,400.000,-1,325.000,325.000,300.000,300.000,-1,775.000,850.000,-1,675.000,700.000,-1,-1,2,0,2,0,2,0,0,0,0,2,0,0,2,0,0,2,2
17,984.544,7621.689,148.686,14.604,0.967744,-0.251920,0.002799,0.251559,0.966845,0.043906,-0.013767,-0.041786,0.999032,0,0.78819,0.42530,47.291,0.851,-1,375.000,-1,375.000,-1,325.000,325.000,300.000,300.000,-1,775.000,825.000,-1,675.000,700.000,-1,-1,2,0,2,0,2,0,0,0,0,2,0,0,2,0,0,2,2
18,1030.396,7634.159,148.010,15.215,0.965007,-0.262218,0.001862,0.261898,0.964136,0.043038,-0.013081,-0.041044,0.999072,0,0.79197,0.30530,47.518,0.611,-1,375.000,-1,375.000,-1,325.000,325.000,300.000,300.000,-1,775.000,800.000,-1,675.000,675.000,-1,-1,2,0,2,0,2,0,0,0,0,2,0,0,2,0,0,2,2
19,1076.406,7646.992,147.323,15.585,0.963291,-0.268456,0.000899,0.268182,0.962447,0.042120,-0.012173,-0.040333,0.999112,0,0.79610,0.18530,47.766,0.371,-1,375.000,-1,375.000,-1,325.000,325.000,300.000,300.000,-1,775.000,775.000,-1,675.000,675.000,-1,-1,2,0,2,0,2,0,0,0,0,2,0,0,2,0,0,2,2
20,1122.610,7660.115,146.625,15.857,0.962008,-0.273020,-0.000084,0.272792,0.961192,0.041167,-0.011159,-0.039626,0.999152,0,0.80052,0.13570,48.031,0.271,-1,375.000,-1,375.000,-1,300.000,300.000,300.000,300.000,-1,750.000,750.000,-1,675.000,675.000,-1,-1,2,0,2,0,2,0,0,0,0,2,0,0,2,0,0,2,2
21,1169.014,7673.545,145.911,16.142,0.960637,-0.277805,-0.001074,0.277623,0.959850,0.040179,-0.010131,-0.038896,0.999192,0,0.80514,0.14249,48.309,0.285,-1,375.000,-1,375.000,-1,300.000,300.000,300.000,300.000,-1,750.000,725.000,-1,675.000,675.000,-1,-1,2,0,2,0,2,0,0,0,0,2,0,0,2,0,0,2,2
22,1215.623,7687.299,145.189,16.441,0.959172,-0.282814,-0.002099,0.282677,0.958415,0.039174,-0.009068,-0.038168,0.999230,0,0.80993,0.14937,48.596,0.299,-1,375.000,-1,375.000,-1,300.000,300.000,300.000,300.000,-1,750.000,725.000,-1,675.000,675.000,-1,-1,2,0,2,0,2,0,0,0,0,2,0,0,2,0,0,2,2
23,1262.441,7701.392,144.737,16.753,0.957613,-0.288038,-0.003339,0.287943,0.956846,0.039173,-0.008089,-0.038474,0.999227,0,0.81488,0.15636,48.893,0.313,-1,375.000,-1,375.000,-1,300.000,300.000,300.000,300.000,-1,750.000,725.000,-1,650.000,675.000,-1,-1,2,0,2,0,2,0,0,0,0,2,0,0,2,0,0,2,2
24,1309.469,7715.843,144.563,17.080,0.955950,-0.293476,-0.005604,0.293460,0.955136,0.039965,-0.006377,-0.039849,0.999185,0,0.81998,0.16344,49.199,0.327,-1,375.000,-1,375.000,-1,300.000,300.000,300.000,300.000,-1,750.000,700.000,-1,650.000,675.000,-1,-1,2,0,2,0,2,0,0,0,0,2,0,0,2,0,0,2,2
25,1356.644,7730.643,144.381,17.418,0.954193,-0.299088,-0.007902,0.299156,0.953334,0.040735,-0.004651,-0.041233,0.999139,0,0.82403,0.16898,49.442,0.338,-1,375.000,-1,375.000,-1,300.000,300.000,300.000,300.000,-1,725.000,650.000,-1,650.000,675.000,-1,-1,2,0,2,0,2,0,0,0,0,2,0,0,2,0,0,2,2
26,1403.730,7745.721,144.340,17.756,0.952401,-0.304696,-0.009586,0.304828,0.951522,0.041055,-0.003388,-0.042023,0.999111,0,0.82403,0.16898,49.442,0.338,-1,375.000,-1,375.000,-1,300.000,300.000,300.000,300.000,-1,700.000,650.000,-1,650.000,675.000,-1,-1,2,0,2,0,2,0,0,0,0,2,0,0,2,0,0,2,2
27,1450.727,7761.076,144.560,18.094,0.950568,-0.310307,-0.011403,0.310513,0.949720,0.040163,-0.001633,-0.041718,0.999128,0,0.82403,0.16898,49.442,0.338,-1,375.000,-1,375.000,-1,300.000,300.000,300.000,300.000,-1,700.000,625.000,-1,650.000,675.000,-1,-1,2,0,2,0,2,0,0,0,0,2,0,0,2,0,0,2,2
28,1497.632,7776.708,144.826,18.432,0.948696,-0.315911,-0.013309,0.316191,0.947894,0.038992,0.000298,-0.041199,0.999151,0,0.82403,0.16898,49.442,0.338,-1,375.000,-1,375.000,-1,300.000,300.000,300.000,300.000,-1,675.000,625.000,-1,650.000,700.000,-1,-1,2,0,2,0,2,0,0,0,0,2,0,0,2,0,0,2,2
29,1544.444,7792.617,145.087,18.770,0.946786,-0.321504,-0.015208,0.321855,0.946034,0.037793,0.002237,-0.040676,0.999170,0,0.82403,0.16898,49.442,0.338,-1,375.000,-1,375.000,-1,300.000,300.000,300.000,300.000,-1,650.000,600.000,-1,650.000,700.000,-1,-1,2,0,2,0,2,0,0,0,0,2,0,0,2,0,0,2,2
30,1591.162,7808.801,145.343,19.108,0.944840,-0.327085,-0.017099,0.327505,0.944142,0.036566,0.004184,-0.040149,0.999185,0,0.82403,0.16898,49.442,0.338,-1,375.000,-1,375.000,-1,300.000,300.000,300.000,300.000,-1,600.000,575.000,-1,650.000,700.000,-1,-1,2,0,2,0,2,0,0,0,0,2,0,0,2,0,0,2,2
31,1637.783,7825.261,145.594,19.446,0.942857,-0.332656,-0.018982,0.333140,0.942216,0.035313,0.006139,-0.039619,0.999196,0,0.82403,0.16898,49.442,0.338,-1,375.000,-1,375.000,-1,300.000,300.000,300.000,300.000,-1,600.000,575.000,-1,675.000,700.000,-1,-1,2,0,2,0,2,0,0,0,0,2,0,0,2,0,0,2,2
32,1684.307,7841.995,145.922,19.784,0.940833,-0.338219,-0.020995,0.338767,0.940269,0.033630,0.008366,-0.038752,0.999214,0,0.82403,0.16898,49.442,0.338,-1,375.000,-1,375.000,-1,325.000,300.000,300.000,300.000,-1,575.000,575.000,-1,675.000,725.000,-1,-1,2,0,2,0,2,0,0,0,0,2,0,0,2,0,0,2,2
33,1730.731,7859.003,146.372,20.122,0.938764,-0.343778,-0.023205,0.344384,0.938307,0.031288,0.011017,-0.037363,0.999241,0,0.82403,0.16898,49.442,0.338,-1,375.000,-1,375.000,-1,325.000,325.000,300.000,300.000,-1,550.000,550.000,-1,675.000,725.000,-1,-1,2,0,2,0,2,0,0,0,0,2,0,0,2,0,0,2,2
34,1777.054,7876.284,146.811,20.460,0.936658,-0.349324,-0.025383,0.349979,0.936310,0.028948,0.013654,-0.035998,0.999259,0,0.82403,0.16898,49.442,0.338,-1,375.000,-1,375.000,-1,325.000,325.000,300.000,300.000,-1,525.000,525.000,-1,700.000,725.000,-1,-1,2,0,2,0,2,0,0,0,0,2,0,0,2,0,0,2,2
35,1823.274,7893.839,147.292,20.798,0.934518,-0.354855,-0.027454,0.355550,0.934272,0.026847,0.016122,-0.034850,0.999263,0,0.82403,0.16898,49.442,0.338,-1,375.000,-1,400.000,-1,325.000,325.000,300.000,300.000,-1,475.000,450.000,-1,700.000,750.000,-1,-1,2,0,2,0,2,0,0,0,0,2,0,0,2,0,0,2,2
36,1869.390,7911.666,147.939,21.136,0.932353,-0.360366,-0.029244,0.361099,0.932177,0.025545,0.018056,-0.034377,0.999246,0,0.82403,0.16898,49.442,0.338,-1,375.000,-1,400.000,-1,325.000,325.000,300.000,300.000,-1,450.000,425.000,-1,700.000,750.000,-1,-1,2,0,2,0,2,0,0,0,0,2,0,0,2,0,0,2,2
37,1915.400,7929.765,148.755,21.474,0.930163,-0.365855,-0.030773,0.366632,0.930029,0.025060,0.019451,-0.034593,0.999212,0,0.82403,0.16898,49.442,0.338,-1,375.000,-1,400.000,-1,325.000,325.000,275.000,300.000,-1,450.000,425.000,-1,700.000,775.000,-1,-1,2,0,2,0,2,0,0,0,0,2,0,0,2,0,0,2,2
38,1961.302,7948.136,149.566,21.812,0.927938,-0.371332,-0.032305,0.372151,0.927846,0.024605,0.020837,-0.034855,0.999175,0,0.82403,0.16898,49.442,0.338,-1,375.000,-1,400.000,-1,325.000,325.000,275.000,300.000,-1,425.000,425.000,-1,725.000,775.000,-1,-1,2,0,2,0,2,0,0,0,0,2,0,0,2,0,0,2,2
39,2007.095,7966.777,150.368,22.150,0.925679,-0.376794,-0.033823,0.377657,0.925630,0.024171,0.022200,-0.035148,0.999136,0,0.82403,0.16898,49.442,0.338,-1,375.000,-1,400.000,-1,325.000,325.000,275.000,300.000,-1,425.000,425.000,-1,725.000,800.000,-1,-1,2,0,2,0,2,0,0,0,0,2,0,0,2,0,0,2,2
40,2052.777,7985.687,151.241,22.488,0.923398,-0.382248,-0.034958,0.383136,0.923391,0.023553,0.023277,-0.035143,0.999111,0,0.82403,0.16898,49.442,0.338,-1,375.000,-1,400.000,-1,325.000,325.000,275.000,300.000,-1,450.000,450.000,-1,725.000,825.000,-1,-1,2,0,2,0,2,0,0,0,0,2,0,0,2,0,0,2,2
41,2098.347,8004.867,152.285,22.826,0.921112,-0.387697,-0.035258,0.388572,0.921143,0.022516,0.023748,-0.034440,0.999125,0,0.82403,0.16898,49.442,0.338,-1,375.000,-1,400.000,-1,325.000,325.000,275.000,300.000,-1,475.000,475.000,-1,725.000,825.000,-1,-1,2,0,2,0,2,0,0,0,0,2,0,0,2,0,0,2,2
42,2143.984,8024.390,153.321,23.161,0.918809,-0.393099,-0.035536,0.393959,0.918876,0.021521,0.024194,-0.033774,0.999137,0,0.82729,0.16792,49.637,0.336,-1,375.000,-1,400.000,-1,325.000,325.000,275.000,300.000,-1,500.000,500.000,-1,725.000,850.000,-1,-1,2,0,2,0,2,0,0,0,0,2,0,0,2,0,0,2,2
43,2189.829,8044.317,154.354,23.493,0.916504,-0.398421,-0.035797,0.399267,0.916604,0.020563,0.024619,-0.033138,0.999148,0,0.83315,0.16586,49.989,0.332,-1,400.000,-1,400.000,-1,325.000,325.000,275.000,300.000,-1,525.000,525.000,-1,750.000,850.000,-1,-1,2,0,2,0,2,0,0,0,0,2,0,0,2,0,0,2,2
44,2235.879,8064.647,155.384,23.820,0.914200,-0.403658,-0.036039,0.404490,0.914331,0.019643,0.025022,-0.032535,0.999157,0,0.83897,0.16364,50.338,0.327,-1,400.000,-1,400.000,-1,325.000,325.000,275.000,300.000,-1,550.000,550.000,-1,750.000,875.000,-1,-1,2,0,2,0,2,0,0,0,0,2,0,0,2,0,0,2,2
45,2282.130,8085.377,156.430,24.143,0.911905,-0.408805,-0.036168,0.409619,0.912065,0.018717,0.025336,-0.031883,0.999170,0,0.84474,0.16122,50.684,0.322,-1,400.000,-1,400.000,-1,325.000,325.000,275.000,300.000,-1,600.000,575.000,-1,750.000,875.000,-1,-1,2,0,2,0,2,0,0,0,0,2,0,0,2,0,0,2,2
46,2324.913,8105.060,157.563,24.705,0.907867,-0.417755,-0.035466,0.418516,0.908042,0.017444,0.024917,-0.030680,0.999219,0,0.78489,0.28122,47.094,0.562,-1,400.000,-1,400.000,-1,325.000,325.000,275.000,300.000,-1,650.000,625.000,-1,775.000,875.000,-1,-1,2,0,2,0,2,0,0,0,0,2,0,0,2,0,0,2,2
47,2367.695,8125.473,158.668,25.508,0.901947,-0.430444,-0.034784,0.431157,0.902131,0.016202,0.024405,-0.029611,0.999264,0,0.79003,0.40122,47.402,0.802,-1,400.000,-1,425.000,-1,325.000,325.000,275.000,300.000,-1,700.000,675.000,-1,775.000,875.000,-1,-1,2,0,2,0,2,0,0,0,0,2,0,0,2,0,0,2,2
48,2410.364,8146.793,159.742,26.550,0.893985,-0.446798,-0.034098,0.447465,0.894176,0.014989,0.023793,-0.028658,0.999306,0,0.79499,0.52122,47.699,1.042,-1,400.000,-1,425.000,-1,325.000,325.000,275.000,300.000,-1,725.000,725.000,-1,775.000,875.000,-1,-1,2,0,2,0,2,0,0,0,0,2,0,0,2,0,0,2,2
49,2452.794,8169.195,160.779,27.833,0.883780,-0.466710,-0.033389,0.467334,0.883973,0.013804,0.023073,-0.027804,0.999347,0,0.79968,0.64122,47.981,1.282,-1,400.000,-1,425.000,-1,325.000,325.000,275.000,300.000,-1,775.000,750.000,-1,775.000,875.000,-1,-1,2,0,2,0,2,0,0,0,0,2,0,0,2,0,1,2,2
50,2494.842,8192.844,161.777,29.355,0.871088,-0.490041,-0.032633,0.490624,0.871280,0.012669,0.022224,-0.027046,0.999387,0,0.80403,0.76122,48.242,1.522,-1,400.000,-1,425.000,-1,325.000,325.000,275.000,300.000,-1,825.000,800.000,-1,775.000,850.000,-1,-1,2,0,2,0,2,0,0,0,0,2,0,0,2,0,1,2,2
51,2536.342,8217.895,162.725,31.118,0.855626,-0.516616,-0.031813,0.517158,0.855812,0.011567,0.021250,-0.026350,0.999427,0,0.80793,0.88122,48.476,1.762,-1,400.000,-1,425.000,-1,325.000,325.000,275.000,300.000,-1,875.000,850.000,-1,775.000,825.000,-1,-1,2,0,2,0,2,0,0,0,0,2,0,0,2,0,1,2,2
52,2577.143,8244.440,163.498,33.048,0.837774,-0.545172,-0.030361,0.545657,0.837945,0.010318,0.019816,-0.025211,0.999486,0,0.81126,0.96536,48.676,1.931,-1,400.000,-1,425.000,-1,325.000,325.000,300.000,300.000,-1,925.000,900.000,-1,775.000,800.000,-1,-1,2,0,2,0,2,0,0,0,0,2,0,0,2,0,1,2,2
53,2617.163,8272.428,164.295,34.966,0.819089,-0.572926,-0.029134,0.573366,0.819247,0.009251,0.018568,-0.024282,0.999533,0,0.81393,0.95904,48.836,1.918,-1,400.000,-1,425.000,-1,325.000,325.000,300.000,300.000,-1,975.000,925.000,-1,775.000,800.000,-1,-1,2,0,2,0,2,0,0,0,0,2,0,0,2,0,1,2,2
54,2656.329,8301.803,165.050,36.871,0.799629,-0.599848,-0.027852,0.600245,0.799774,0.008265,0.017317,-0.023327,0.999578,0,0.81597,0.95219,48.958,1.904,-1,400.000,-1,425.000,-1,325.000,325.000,300.000,300.000,-1,-1,950.000,-1,775.000,775.000,-1,-1,2,0,2,0,2,0,0,0,0,2,2,0,2,0,1,2,2
55,2694.568,8332.504,165.761,38.760,0.779445,-0.625909,-0.026526,0.626264,0.779576,0.007365,0.016069,-0.022353,0.999621,0,0.81731,0.94484,49.039,1.890,-1,400.000,-1,425.000,1000.000,325.000,325.000,300.000,300.000,-1,-1,950.000,-1,775.000,750.000,-1,-1,2,0,2,0,1,0,0,0,0,2,2,0,2,0,1,2,2
56,2731.810,8364.463,166.426,40.634,0.758590,-0.651082,-0.025170,0.651399,0.758707,0.006554,0.014829,-0.021368,0.999662,0,0.81792,0.93702,49.075,1.874,-1,400.000,-1,425.000,950.000,325.000,325.000,300.000,300.000,-1,-1,975.000,-1,775.000,750.000,-1,-1,2,0,2,0,1,0,0,0,0,2,2,0,2,0,1,2,2
57,2767.990,8397.606,167.044,42.492,0.737116,-0.675347,-0.023795,0.675629,0.737219,0.005835,0.013602,-0.020378,0.999700,0,0.81775,0.92876,49.065,1.858,-1,400.000,-1,425.000,925.000,325.000,325.000,300.000,300.000,-1,-1,975.000,-1,750.000,725.000,-1,-1,2,0,2,0,1,0,0,0,0,2,2,0,2,0,1,2,2
58,2803.043,8431.852,167.614,44.332,0.715077,-0.698686,-0.022412,0.698936,0.715166,0.005207,0.012390,-0.019387,0.999735,0,0.81676,0.92011,49.006,1.840,-1,400.000,-1,400.000,875.000,325.000,325.000,300.000,300.000,-1,-1,1000.000,-1,750.000,725.000,-1,-1,2,0,2,0,1,0,0,0,0,2,2,0,2,0,1,2,2
59,2836.915,8467.116,168.223,46.154,0.692522,-0.721092,-0.020970,0.721306,0.692604,0.004218,0.011482,-0.018047,0.999771,0,0.81495,0.91113,48.897,1.822,-1,400.000,-1,400.000,850.000,325.000,325.000,300.000,300.000,-1,-1,1000.000,-1,750.000,725.000,-1,-1,2,0,2,0,1,0,0,0,0,2,2,0,2,0,1,2,2
60,2869.554,8503.312,168.790,47.958,0.669503,-0.742553,-0.019506,0.742733,0.669580,0.003284,0.010623,-0.016686,0.999804,0,0.81230,0.90187,48.738,1.804,-1,400.000,-1,400.000,825.000,325.000,325.000,300.000,300.000,-1,-1,-1,-1,750.000,725.000,-1,-1,2,0,2,0,1,0,0,0,0,2,2,2,2,0,1,2,2
61,2900.915,8540.347,169.309,49.743,0.646071,-0.763064,-0.018034,0.763214,0.646141,0.002441,0.009790,-0.015341,0.999834,0,0.80883,0.89241,48.530,1.785,-1,400.000,-1,400.000,775.000,325.000,325.000,300.000,300.000,-1,-1,-1,-1,750.000,725.000,-1,-1,2,0,2,0,1,0,0,0,0,2,2,2,2,0,1,2,2
62,2932.321,8579.981,169.800,51.607,0.620929,-0.783694,-0.016493,0.783816,0.620991,0.001653,0.008947,-0.013954,0.999863,0,0.84282,0.93202,50.569,1.864,-1,400.000,-1,400.000,800.000,325.000,325.000,300.000,300.000,-1,-1,-1,-1,750.000,725.000,-1,-1,2,0,2,0,1,0,0,0,0,2,2,2,2,0,1,2,2
63,2962.445,8620.621,170.231,53.452,0.595393,-0.803296,-0.014938,0.803393,0.595448,0.000902,0.008170,-0.012539,0.999888,0,0.84312,0.92250,50.587,1.845,-1,400.000,-1,400.000,875.000,325.000,325.000,300.000,300.000,-1,-1,-1,-1,750.000,725.000,-1,-1,2,0,2,0,1,0,0,0,0,2,2,2,2,0,1,2,2
64,2991.238,8662.166,170.561,55.277,0.569528,-0.821863,-0.013344,0.821937,0.569578,0.000088,0.007529,-0.011018,0.999911,0,0.84246,0.91236,50.548,1.825,-1,400.000,-1,400.000,-1,325.000,325.000,300.000,300.000,-1,-1,-1,-1,750.000,750.000,-1,-1,2,0,2,0,2,0,0,0,0,2,2,2,2,0,1,2,2
65,3018.654,8704.513,170.819,57.080,0.543399,-0.839391,-0.011823,0.839447,0.543441,-0.000439,0.006794,-0.009686,0.999930,0,0.84078,0.90164,50.447,1.803,-1,400.000,-1,400.000,-1,325.000,325.000,300.000,300.000,-1,-1,-1,-1,750.000,750.000,-1,-1,2,0,2,0,2,0,0,0,0,2,2,2,2,0,1,2,2
66,3044.655,8747.549,171.144,58.861,0.517060,-0.855881,-0.010792,0.855925,0.517099,-0.000961,0.006403,-0.008741,0.999941,0,0.83802,0.89039,50.281,1.781,-1,400.000,-1,400.000,-1,325.000,325.000,300.000,300.000,-1,-1,-1,-1,750.000,800.000,-1,-1,2,0,2,0,2,0,0,0,0,2,2,2,2,0,1,2,2
67,3069.211,8791.161,171.461,60.618,0.490576,-0.871342,-0.009895,0.871377,0.490612,-0.001468,0.006134,-0.007903,0.999950,0,0.83416,0.87868,50.050,1.757,-1,400.000,-1,400.000,-1,325.000,325.000,300.000,300.000,-1,-1,1000.000,-1,750.000,800.000,-1,-1,2,0,2,0,2,0,0,0,0,2,2,0,2,0,0,2,2
68,3092.298,8835.231,171.748,62.351,0.464003,-0.885788,-0.009018,0.885814,0.464036,-0.001951,0.005913,-0.007083,0.999957,0,0.82920,0.86659,49.752,1.733,-1,400.000,-1,400.000,-1,325.000,325.000,300.000,300.000,-1,-1,975.000,-1,750.000,800.000,-1,-1,2,0,2,0,2,0,0,0,0,2,2,0,2,0,0,2,2
69,3113.903,8879.646,172.005,64.060,0.437392,-0.899234,-0.008164,0.899252,0.437423,-0.002415,0.005743,-0.006285,0.999964,0,0.82317,0.85424,49.390,1.708,-1,400.000,-1,400.000,-1,325.000,325.000,300.000,300.000,-1,-1,950.000,-1,750.000,800.000,-1,-1,2,0,2,0,2,0,0,0,0,2,2,0,2,0,0,2,2
70,3136.351,8928.968,172.249,65.528,0.414209,-0.910153,-0.007283,0.910164,0.414237,-0.002878,0.005636,-0.005436,0.999969,0,0.90317,0.73424,54.190,1.468,-1,400.000,-1,400.000,-1,325.000,325.000,300.000,300.000,-1,-1,925.000,-1,750.000,800.000,-1,-1,2,0,2,0,2,0,0,0,1,2,2,0,2,0,0,2,2
71,3157.990,8979.350,172.460,66.757,0.394605,-0.918828,-0.006443,0.918834,0.394631,-0.003320,0.005593,-0.004610,0.999974,0,0.91388,0.61424,54.833,1.228,-1,400.000,-1,400.000,-1,325.000,325.000,300.000,300.000,-1,-1,925.000,-1,750.000,800.000,-1,-1,2,0,2,0,2,0,0,0,1,2,2,0,2,0,0,2,2
72,3178.566,9029.632,172.636,67.745,0.378699,-0.925502,-0.005665,0.925503,0.378722,-0.003742,0.005609,-0.003826,0.999977,0,0.90549,0.49424,54.330,0.988,-1,400.000,-1,400.000,-1,325.000,325.000,300.000,275.000,-1,-1,925.000,-1,750.000,800.000,-1,-1,2,0,2,0,2,0,0,0,1,2,2,0,2,0,0,2,2
73,3198.296,9079.703,172.850,68.494,0.366583,-0.930374,-0.004610,0.930369,0.366601,-0.004044,0.005452,-0.002807,0.999981,0,0.89696,0.37424,53.817,0.748,-1,400.000,-1,400.000,-1,325.000,325.000,300.000,275.000,-1,-1,950.000,-1,750.000,800.000,-1,-1,2,0,2,0,2,0,0,0,1,2,2,0,2,0,0,2,2
74,3217.306,9129.507,173.101,69.108,0.356599,-0.934252,-0.003321,0.934243,0.356611,-0.004311,0.005212,-0.001566,0.999985,0,0.88848,0.30702,53.309,0.614,-1,400.000,-1,400.000,-1,325.000,325.000,300.000,275.000,-1,-1,975.000,-1,750.000,800.000,-1,-1,2,0,2,0,2,0,0,0,1,2,2,0,2,0,0,2,2
75,3235.608,9179.033,173.346,69.720,0.346610,-0.938007,-0.002028,0.937996,0.346615,-0.004665,0.005079,-0.000285,0.999987,0,0.87999,0.30589,52.800,0.612,-1,400.000,-1,400.000,-1,325.000,325.000,300.000,275.000,-1,-1,-1,-1,750.000,800.000,-1,-1,2,0,2,0,2,0,0,0,1,2,2,2,2,0,0,2,2
76,3253.205,9228.262,173.566,70.330,0.336601,-0.941647,-0.000786,0.941634,0.336601,-0.005007,0.004979,0.000945,0.999987,0,0.87132,0.30526,52.279,0.611,-1,400.000,-1,400.000,-1,325.000,325.000,300.000,275.000,-1,-1,-1,-1,750.000,800.000,-1,-1,2,0,2,0,2,0,0,0,1,2,2,2,2,0,0,2,2
77,3270.106,9277.180,173.853,70.940,0.326556,-0.945178,0.000177,0.945166,0.326551,-0.004975,0.004645,0.001792,0.999988,0,0.86260,0.30515,51.756,0.610,-1,400.000,-1,400.000,-1,325.000,325.000,300.000,275.000,-1,-1,-1,-1,750.000,800.000,-1,-1,2,0,2,0,2,0,0,0,1,2,2,2,2,0,0,2,2
78,3286.320,9325.786,174.144,71.551,0.316461,-0.948605,0.001007,0.948596,0.316452,-0.004861,0.004293,0.002493,0.999988,0,0.85399,0.30552,51.239,0.611,-1,400.000,-1,400.000,-1,325.000,325.000,300.000,275.000,-1,-1,-1,-1,750.000,800.000,-1,-1,2,0,2,0,2,0,0,0,1,2,2,2,2,0,0,2,2
79,3301.861,9374.085,174.414,72.164,0.306300,-0.951933,0.001775,0.951927,0.306289,-0.004762,0.003989,0.003148,0.999987,0,0.84561,0.30638,50.737,0.613,-1,400.000,-1,400.000,-1,325.000,325.000,300.000,275.000,-1,-1,-1,-1,750.000,800.000,-1,-1,2,0,2,0,2,0,0,0,1,2,2,2,2,0,0,2,2
80,3316.739,9422.088,174.628,72.780,0.296060,-0.955167,0.002329,0.955162,0.296047,-0.004740,0.003837,0.003628,0.999986,0,0.83761,0.30769,50.256,0.615,-1,400.000,-1,400.000,-1,325.000,325.000,300.000,275.000,-1,-1,-1,-1,750.000,800.000,-1,-1,2,0,2,0,2,0,0,0,1,2,2,2,2,0,0,2,2
81,3330.968,9469.816,174.815,73.398,0.285727,-0.958307,0.002808,0.958304,0.285712,-0.004746,0.003746,0.004047,0.999985,0,0.83006,0.30944,49.804,0.619,-1,400.000,-1,400.000,-1,325.000,325.000,300.000,275.000,-1,-1,-1,-1,750.000,800.000,-1,-1,2,0,2,0,2,0,0,0,1,2,2,2,2,0,0,2,2
82,3344.563,9517.292,174.991,74.022,0.275289,-0.961356,0.003283,0.961355,0.275272,-0.004756,0.003669,0.004465,0.999983,0,0.82307,0.31159,49.384,0.623,-1,400.000,-1,400.000,-1,325.000,325.000,300.000,300.000,-1,-1,-1,-1,750.000,800.000,-1,-1,2,0,2,0,2,0,0,0,1,2,2,2,2,0,0,2,2
83,3357.534,9564.545,175.156,74.650,0.264732,-0.964315,0.003753,0.964315,0.264713,-0.004769,0.003605,0.004882,0.999982,0,0.81668,0.31414,49.001,0.628,-1,400.000,-1,400.000,-1,325.000,325.000,300.000,300.000,-1,-1,-1,975.000,750.000,800.000,-1,-1,2,0,2,0,2,0,0,0,1,2,2,2,1,0,0,2,2
84,3369.894,9611.605,175.313,75.284,0.254045,-0.967183,0.004221,0.967186,0.254024,-0.004786,0.003556,0.005298,0.999980,0,0.81095,0.31705,48.657,0.634,1000.000,400.000,-1,400.000,-1,325.000,325.000,300.000,300.000,-1,-1,-1,950.000,750.000,800.000,975.000,-1,1,0,2,0,2,0,0,0,0,2,2,2,1,0,0,1,2
85,3381.654,9658.508,175.461,75.925,0.243216,-0.969961,0.004685,0.969966,0.243194,-0.004806,0.003522,0.005713,0.999977,0,0.80590,0.32031,48.354,0.641,975.000,400.000,-1,400.000,-1,325.000,325.000,300.000,300.000,-1,-1,-1,900.000,750.000,800.000,925.000,-1,1,0,2,0,2,0,0,0,0,2,2,2,1,0,0,1,2
86,3392.822,9705.285,175.601,76.572,0.232236,-0.972646,0.005148,0.972653,0.232212,-0.004830,0.003503,0.006129,0.999975,0,0.80154,0.32388,48.093,0.648,925.000,400.000,-1,400.000,-1,325.000,325.000,300.000,300.000,-1,-1,-1,875.000,750.000,800.000,875.000,-1,1,0,2,0,2,0,0,0,0,2,2,2,1,0,0,1,2
87,3403.405,9751.974,175.735,77.228,0.221095,-0.975236,0.005609,0.975246,0.221069,-0.004859,0.003499,0.006545,0.999972,0,0.79788,0.32776,47.873,0.656,875.000,400.000,975.000,400.000,-1,325.000,325.000,300.000,300.000,-1,-1,-1,825.000,750.000,800.000,850.000,-1,1,0,1,0,2,0,0,0,0,2,2,2,1,0,0,1,2
88,3413.409,9798.607,175.889,77.892,0.209782,-0.977729,0.006186,0.977742,0.209755,-0.004850,0.003445,0.007066,0.999969,0,0.79490,0.33191,47.694,0.664,825.000,400.000,925.000,400.000,-1,325.000,325.000,300.000,300.000,-1,-1,-1,800.000,725.000,800.000,800.000,-1,1,0,1,0,2,0,0,0,0,2,2,2,1,1,0,1,2
89,3421.744,9840.683,176.050,78.796,0.194335,-0.980912,0.006787,0.980929,0.194305,-0.004892,0.003480,0.007608,0.999965,0,0.71490,0.45191,42.894,0.904,800.000,400.000,875.000,400.000,-1,325.000,325.000,300.000,300.000,-1,-1,-1,800.000,700.000,800.000,750.000,-1,1,0,1,0,2,0,0,0,0,2,2,2,1,1,0,1,2
90,3428.398,9878.191,176.194,79.939,0.174717,-0.984591,0.007324,0.984612,0.174684,-0.004941,0.003585,0.008074,0.999961,0,0.63490,0.57191,38.094,1.144,775.000,400.000,825.000,400.000,-1,325.000,325.000,300.000,300.000,-1,-1,-1,800.000,675.000,775.000,725.000,-1,1,0,1,0,2,0,0,0,0,2,2,2,1,1,1,1,2
91,3433.421,9911.104,176.328,81.323,0.150891,-0.988520,0.007783,0.988543,0.150855,-0.004972,0.003741,0.008445,0.999957,0,0.55490,0.69191,33.294,1.384,750.000,400.000,775.000,400.000,-1,325.000,325.000,300.000,300.000,-1,-1,-1,800.000,650.000,725.000,700.000,-1,1,0,1,0,2,0,0,0,0,2,2,2,1,1,1,1,2
92,3436.920,9939.383,176.449,82.947,0.122820,-0.992395,0.008179,0.992421,0.122782,-0.005006,0.003964,0.008731,0.999954,0,0.47490,0.81191,28.494,1.624,725.000,400.000,750.000,400.000,-1,325.000,325.000,300.000,300.000,-1,-1,-1,825.000,625.000,700.000,675.000,-1,1,0,1,0,2,0,0,0,0,2,2,2,1,1,1,1,2
93,3439.118,9962.975,176.559,84.677,0.092814,-0.995647,0.008506,0.995675,0.092773,-0.005042,0.004230,0.008937,0.999951,0,0.39490,0.86480,23.694,1.730,725.000,400.000,725.000,400.000,-1,325.000,325.000,300.000,300.000,-1,-1,-1,825.000,600.000,675.000,675.000,900.000,1,0,1,0,2,0,0,0,0,2,2,2,1,1,1,1,1
94,3440.300,9981.832,176.653,86.412,0.062623,-0.997999,0.008766,0.998027,0.062581,-0.005076,0.004517,0.009066,0.999949,0,0.31490,0.86763,18.894,1.735,725.000,400.000,700.000,400.000,-1,325.000,325.000,300.000,300.000,-1,-1,-1,850.000,600.000,650.000,650.000,825.000,1,0,1,0,2,0,0,0,0,2,2,2,1,1,1,1,1
95,3440.755,9995.918,176.731,88.152,0.032294,-0.999438,0.008958,0.999467,0.032249,-0.005107,0.004815,0.009118,0.999947,0,0.23490,0.86997,14.094,1.740,750.000,375.000,675.000,400.000,-1,325.000,325.000,300.000,300.000,-1,-1,-1,850.000,575.000,625.000,650.000,775.000,1,0,1,0,2,0,0,0,0,2,2,2,1,1,1,1,1
96,3440.811,10005.212,176.788,89.652,0.006123,-0.999940,0.009082,0.999968,0.006077,-0.005131,0.005076,0.009113,0.999946,0,0.15490,0.74997,9.294,1.500,750.000,375.000,675.000,400.000,-1,325.000,325.000,300.000,300.000,-1,-1,-1,875.000,575.000,600.000,650.000,725.000,1,0,1,0,2,0,0,0,0,2,2,2,1,1,1,1,1
97,3440.734,10009.706,176.820,90.985,-0.017142,-0.999811,0.009141,0.999839,-0.017190,-0.005147,0.005303,0.009051,0.999945,0,0.07490,0.66659,4.494,1.333,775.000,375.000,675.000,400.000,-1,325.000,325.000,300.000,300.000,-1,-1,-1,875.000,575.000,575.000,675.000,700.000,1,0,1,0,2,0,0,0,0,2,2,2,1,1,1,1,1
98,3440.747,10009.400,176.826,92.321,-0.040453,-0.999140,0.009135,0.999166,-0.040502,-0.005153,0.005518,0.008919,0.999945,0,-0.00510,0.66816,-0.306,1.336,800.000,375.000,675.000,400.000,-1,325.000,325.000,300.000,300.000,-1,-1,-1,900.000,600.000,575.000,675.000,675.000,1,0,1,0,2,0,0,0,0,2,2,2,1,1,1,1,1
99,3441.072,10004.304,176.804,93.657,-0.063740,-0.997925,0.009066,0.997950,-0.063788,-0.005145,0.005713,0.008719,0.999946,0,-0.08510,0.66805,-5.106,1.336,825.000,375.000,675.000,400.000,925.000,325.000,325.000,300.000,300.000,-1,-1,-1,900.000,600.000,575.000,700.000,675.000,1,0,1,0,1,0,0,0,0,2,2,2,1,1,1,1,1
100,3441.934,9994.436,176.751,94.990,-0.086928,-0.996175,0.008934,0.996197,-0.086976,-0.005123,0.005881,0.008455,0.999947,0,-0.16510,0.66621,-9.906,1.332,875.000,375.000,700.000,400.000,850.000,325.000,325.000,300.000,300.000,-1,-1,-1,900.000,625.000,575.000,725.000,675.000,1,0,1,0,1,0,0,0,0,2,2,2,1,1,1,1,1
101,3443.552,9979.819,176.666,96.315,-0.109945,-0.993899,0.008742,0.993920,-0.109992,-0.005083,0.006013,0.008130,0.999949,0,-0.24510,0.66260,-14.706,1.325,925.000,375.000,700.000,400.000,825.000,325.000,325.000,300.000,300.000,-1,-1,950.000,900.000,625.000,600.000,750.000,675.000,1,0,1,0,1,0,0,0,0,2,2,1,1,1,1,1,1
102,3446.141,9960.486,176.547,97.629,-0.132716,-0.991118,0.008490,0.991135,-0.132761,-0.005022,0.006105,0.007748,0.999951,0,-0.32510,0.65718,-19.506,1.314,-1,375.000,725.000,400.000,825.000,325.000,325.000,300.000,300.000,-1,-1,800.000,900.000,650.000,600.000,800.000,675.000,2,0,1,0,1,0,0,0,0,2,2,1,1,1,1,1,1
103,3449.914,9936.474,176.393,98.929,-0.155167,-0.987854,0.008181,0.987869,-0.155210,-0.004940,0.006149,0.007315,0.999954,0,-0.40510,0.64992,-24.306,1.300,-1,375.000,750.000,400.000,825.000,325.000,325.000,300.000,300.000,-1,-1,675.000,900.000,700.000,625.000,850.000,700.000,2,0,1,0,1,0,0,0,0,2,2,1,1,1,1,1,1
104,3454.963,9907.810,176.205,99.989,-0.173416,-0.984818,0.007816,0.984830,-0.173456,-0.004834,0.006116,0.006860,0.999958,0,-0.48510,0.52992,-29.106,1.060,-1,375.000,775.000,400.000,825.000,325.000,325.000,300.000,300.000,-1,-1,600.000,900.000,725.000,650.000,900.000,725.000,2,0,1,0,1,0,0,0,0,2,2,1,1,1,1,1,1
105,3461.321,9874.505,175.996,100.809,-0.187492,-0.982238,0.007456,0.982247,-0.187530,-0.004731,0.006046,0.006437,0.999961,0,-0.56510,0.40992,-33.906,0.820,-1,375.000,825.000,400.000,850.000,325.000,325.000,300.000,300.000,-1,1000.000,525.000,850.000,725.000,675.000,950.000,750.000,2,0,1,0,1,0,0,0,0,2,1,1,1,0,1,1,1
106,3468.964,9836.561,175.789,101.389,-0.197426,-0.980292,0.007159,0.980300,-0.197461,-0.004538,0.005862,0.006122,0.999964,0,-0.64510,0.28992,-38.706,0.580,-1,375.000,875.000,400.000,900.000,325.000,325.000,300.000,300.000,-1,900.000,475.000,825.000,725.000,700.000,1000.000,775.000,2,0,1,0,1,0,0,0,0,2,1,1,1,0,1,1,1
107,3477.808,9793.964,175.560,101.729,-0.203240,-0.979105,0.006819,0.979113,-0.203272,-0.004325,0.005621,0.005797,0.999967,0,-0.72510,0.16992,-43.506,0.340,-1,375.000,900.000,400.000,950.000,325.000,325.000,300.000,300.000,-1,850.000,425.000,775.000,725.000,725.000,-1,825.000,2,0,1,0,1,0,0,0,0,2,1,1,1,0,1,2,1
108,3487.133,9749.440,175.663,101.828,-0.204961,-0.978757,0.005055,0.978760,-0.204979,-0.003430,0.004393,0.004244,0.999981,0,-0.75817,0.04992,-45.490,0.100,-1,375.000,950.000,400.000,-1,325.000,325.000,300.000,300.000,-1,825.000,400.000,725.000,725.000,775.000,-1,875.000,2,0,1,0,2,0,0,0,0,2,1,1,1,0,1,2,1
109,3496.449,9704.408,176.099,101.688,-0.202582,-0.979263,0.001913,0.979263,-0.202586,-0.001831,0.002181,0.001502,0.999996,0,-0.76642,-0.07008,-45.985,-0.140,-1,375.000,1000.000,400.000,-1,325.000,325.000,300.000,325.000,-1,850.000,400.000,700.000,700.000,750.000,-1,925.000,2,0,1,0,2,0,0,0,0,2,1,1,1,0,0,2,1
110,3505.549,9658.900,176.611,101.308,-0.196084,-0.980586,-0.001504,0.980587,-0.196084,-0.000042,-0.000254,-0.001483,0.999999,0,-0.77347,-0.19008,-46.408,-0.380,-1,375.000,-1,400.000,-1,325.000,325.000,300.000,325.000,-1,900.000,425.000,675.000,700.000,750.000,-1,975.000,2,0,2,0,2,0,0,0,0,2,1,1,1,0,0,2,1
111,3514.217,9612.972,177.186,100.688,-0.185445,-0.982641,-0.005112,0.982650,-0.185457,0.001945,-0.002859,-0.004662,0.999985,0,-0.77899,-0.31008,-46.739,-0.620,-1,375.000,-1,400.000,-1,300.000,325.000,300.000,325.000,-1,-1,450.000,625.000,700.000,750.000,-1,-1,2,0,2,0,2,0,0,0,0,2,2,1,1,0,0,2,2
112,3522.231,9566.707,177.805,99.828,-0.170640,-0.985294,-0.008798,0.985318,-0.170681,0.004130,-0.005571,-0.007964,0.999953,0,-0.78257,-0.43008,-46.954,-0.860,-1,375.000,-1,400.000,-1,300.000,325.000,300.000,325.000,-1,-1,525.000,600.000,675.000,750.000,-1,-1,2,0,2,0,2,0,0,0,0,2,2,1,1,0,0,2,2
113,3529.366,9520.226,178.442,98.728,-0.151638,-0.988358,-0.012421,0.988401,-0.151727,0.006494,-0.008303,-0.011292,0.999902,0,-0.78375,-0.55008,-47.025,-1.100,-1,375.000,-1,400.000,-1,300.000,325.000,300.000,350.000,-1,-1,675.000,575.000,675.000,750.000,-1,-1,2,0,2,0,2,0,0,0,0,2,2,1,1,0,0,2,2
114,3535.435,9473.701,179.067,97.433,-0.129207,-0.991491,-0.015835,0.991557,-0.129359,0.008985,-0.010957,-0.014541,0.999834,0,-0.78199,-0.64712,-46.919,-1.294,-1,375.000,-1,400.000,-1,300.000,325.000,300.000,350.000,-1,-1,950.000,550.000,650.000,750.000,-1,-1,2,0,2,0,2,0,0,0,0,2,2,1,1,0,0,2,2
115,3540.395,9427.351,179.659,96.109,-0.106178,-0.994166,-0.018972,0.994256,-0.106407,0.011508,-0.013460,-0.017641,0.999754,0,-0.77691,-0.66207,-46.615,-1.324,-1,350.000,-1,400.000,-1,300.000,325.000,300.000,350.000,-1,-1,-1,525.000,650.000,750.000,-1,-1,2,0,2,0,2,0,0,0,0,2,2,2,1,0,0,2,2
116,3544.220,9381.381,180.199,94.757,-0.082595,-0.996346,-0.021751,0.996459,-0.082910,0.013999,-0.015751,-0.020517,0.999665,0,-0.76882,-0.67617,-46.129,-1.352,-1,350.000,-1,400.000,-1,300.000,300.000,275.000,350.000,-1,-1,-1,525.000,650.000,750.000,-1,-1,2,0,2,0,2,0,0,0,1,2,2,2,1,0,0,2,2
117,3546.897,9336.010,180.665,93.378,-0.058509,-0.997996,-0.024101,0.998129,-0.058912,0.016387,-0.017774,-0.023097,0.999575,0,-0.75749,-0.68928,-45.449,-1.379,-1,350.000,-1,400.000,-1,300.000,300.000,275.000,325.000,-1,-1,-1,575.000,625.000,750.000,-1,-1,2,0,2,0,2,0,0,0,1,2,2,2,1,0,0,2,2
118,3548.433,9291.471,181.039,91.976,-0.033978,-0.999085,-0.025961,0.999233,-0.034466,0.018595,-0.019472,-0.025309,0.999490,0,-0.74277,-0.70126,-44.566,-1.403,-1,350.000,-1,400.000,-1,300.000,300.000,275.000,300.000,-1,-1,-1,600.000,625.000,750.000,-1,-1,2,0,2,0,2,0,0,0,1,2,2,2,1,0,0,2,2
119,3548.851,9247.995,181.304,90.552,-0.009064,-0.999587,-0.027284,0.999743,-0.009627,0.020546,-0.020800,-0.027091,0.999417,0,-0.72464,-0.71200,-43.478,-1.424,-1,350.000,-1,400.000,-1,300.000,300.000,275.000,300.000,-1,-1,-1,650.000,625.000,750.000,-1,-1,2,0,2,0,2,0,0,0,1,2,2,2,1,0,0,2,2
120,3548.194,9205.806,181.446,89.109,0.016164,-0.999476,-0.028041,0.999633,0.015545,0.022165,-0.021717,-0.028389,0.999361,0,-0.70323,-0.72140,-42.194,-1.443,1000.000,350.000,-1,400.000,-1,300.000,300.000,275.000,275.000,-1,-1,-1,700.000,625.000,750.000,-1,-1,0,0,2,0,2,0,0,0,1,2,2,2,1,0,0,2,2
121,3546.524,9165.111,181.709,87.650,0.041603,-0.998707,-0.029215,0.998928,0.040983,0.021531,-0.020306,-0.030080,0.999341,0,-0.67883,-0.72941,-40.730,-1.459,-1,350.000,-1,400.000,-1,300.000,325.000,275.000,275.000,-1,-1,-1,725.000,625.000,750.000,-1,-1,2,0,2,0,2,0,0,0,1,2,2,2,1,0,0,2,2
122,3543.916,9126.084,181.952,86.178,0.067182,-0.997295,-0.029828,0.997590,0.066622,0.019394,-0.017354,-0.031059,0.999367,0,-0.65190,-0.73600,-39.114,-1.472,-1,350.000,-1,400.000,-1,300.000,325.000,275.000,250.000,-1,-1,-1,750.000,650.000,775.000,-1,-1,2,0,2,0,2,0,0,0,1,2,2,2,1,0,0,2,2
123,3540.461,9088.863,182.144,84.696,0.092885,-0.995213,-0.030384,0.995576,0.092397,0.017093,-0.014203,-0.031837,0.999392,0,-0.62302,-0.74118,-37.381,-1.482,-1,375.000,-1,400.000,-1,300.000,325.000,275.000,250.000,-1,-1,-1,775.000,650.000,800.000,-1,-1,2,0,2,0,2,0,0,0,1,2,2,2,1,0,0,2,2
124,3536.252,9053.541,182.275,83.206,0.118647,-0.992456,-0.030883,0.992877,0.118242,0.014655,-0.010893,-0.032402,0.999416,0,-0.59287,-0.74501,-35.572,-1.490,-1,375.000,-1,425.000,-1,325.000,325.000,275.000,225.000,-1,-1,-1,-1,675.000,825.000,-1,-1,2,0,2,0,2,0,0,0,1,2,2,2,2,0,0,2,2
125,3531.390,9020.166,182.341,81.711,0.144411,-0.989022,-0.031320,0.989490,0.144095,0.012114,-0.007468,-0.032740,0.999436,0,-0.56212,-0.74758,-33.727,-1.495,-1,375.000,-1,425.000,-1,325.000,325.000,275.000,225.000,-1,-1,-1,-1,700.000,850.000,-1,-1,2,0,2,0,2,0,0,0,1,2,2,2,2,0,0,2,2
126,3525.970,8988.745,182.341,80.213,0.170119,-0.984914,-0.031690,0.985416,0.169900,0.009492,-0.003965,-0.032843,0.999453,0,-0.53141,-0.74900,-31.885,-1.498,-1,375.000,-1,425.000,-1,325.000,350.000,275.000,225.000,-1,-1,-1,-1,700.000,875.000,-1,-1,2,0,2,0,2,0,0,0,1,2,2,2,2,0,0,2,2
127,3520.084,8959.249,182.273,78.714,0.195722,-0.980137,-0.031996,0.980659,0.195604,0.006811,-0.000418,-0.032710,0.999465,0,-0.50130,-0.74940,-30.078,-1.499,-1,400.000,-1,450.000,-1,325.000,350.000,275.000,200.000,-1,-1,-1,-1,725.000,900.000,-1,-1,2,0,2,0,2,0,0,0,1,2,2,2,2,0,0,2,2
128,3513.815,8931.618,182.140,77.216,0.221175,-0.974701,-0.032241,0.975229,0.221160,0.004086,0.003147,-0.032346,0.999472,0,-0.47223,-0.74892,-28.334,-1.498,-1,400.000,-1,450.000,-1,350.000,350.000,275.000,200.000,-1,900.000,975.000,-1,750.000,925.000,-1,-1,2,0,2,0,2,0,0,0,1,2,0,0,2,0,0,2,2
129,3507.237,8905.771,181.944,75.721,0.246438,-0.968616,-0.032434,0.969135,0.246525,0.001329,0.006709,-0.031760,0.999473,0,-0.44451,-0.74768,-26.671,-1.495,-1,400.000,-1,450.000,-1,350.000,350.000,275.000,200.000,-1,725.000,825.000,-1,775.000,950.000,-1,-1,2,0,2,0,2,0,1,0,1,2,0,0,2,0,0,2,2
130,3500.415,8881.614,181.688,74.229,0.271473,-0.961894,-0.032581,0.962391,0.271663,-0.001453,0.010248,-0.030961,0.999468,0,-0.41837,-0.74583,-25.102,-1.492,-1,425.000,-1,450.000,-1,350.000,350.000,275.000,200.000,-1,625.000,675.000,-1,800.000,975.000,-1,-1,2,0,2,0,2,0,1,0,1,2,0,0,2,0,0,2,2
131,3493.404,8859.043,181.376,72.742,0.296252,-0.954550,-0.032691,0.955011,0.296540,-0.004252,0.013753,-0.029960,0.999456,0,-0.39391,-0.74346,-23.635,-1.487,-1,425.000,-1,450.000,-1,350.000,350.000,275.000,200.000,-1,525.000,575.000,-1,825.000,1000.000,-1,-1,2,0,2,1,2,1,1,0,1,2,0,0,2,0,0,2,2
132,3486.250,8837.954,181.011,71.261,0.320745,-0.946598,-0.032772,0.947009,0.321129,-0.007065,0.017212,-0.028770,0.999438,0,-0.37117,-0.74067,-22.270,-1.481,-1,425.000,-1,450.000,-1,350.000,350.000,275.000,200.000,-1,425.000,475.000,-1,850.000,-1,-1,-1,2,0,2,1,2,1,1,0,1,2,0,0,2,0,2,2,2
133,3478.991,8818.239,181.029,69.786,0.344942,-0.938012,-0.033886,0.938425,0.345388,-0.008143,0.019342,-0.028991,0.999393,0,-0.35014,-0.73754,-21.009,-1.475,-1,425.000,-1,450.000,-1,350.000,350.000,275.000,200.000,-1,400.000,425.000,-1,850.000,-1,-1,-1,2,0,2,1,2,1,1,0,1,2,0,0,2,0,2,2,2
134,3471.674,8799.791,181.365,68.367,0.368010,-0.929136,-0.035707,0.929600,0.368489,-0.007669,0.020283,-0.030371,0.999333,0,-0.33077,-0.70930,-19.846,-1.419,-1,425.000,-1,450.000,-1,350.000,350.000,275.000,225.000,-1,375.000,425.000,-1,850.000,-1,-1,-1,2,0,2,1,2,1,1,0,1,2,0,0,2,0,2,2,2
135,3465.725,8785.972,181.710,66.708,0.394696,-0.918040,-0.037643,0.918564,0.395210,-0.007044,0.021343,-0.031797,0.999266,0,-0.25077,-0.82930,-15.046,-1.659,-1,450.000,-1,450.000,-1,375.000,350.000,275.000,225.000,-1,375.000,425.000,-1,875.000,-1,-1,-1,2,0,2,1,2,1,1,0,1,2,0,0,2,0,2,2,2
