timestep,x_cm,y_cm,z_cm,yaw_deg,basis_xx,basis_xy,basis_xz,basis_yx,basis_yy,basis_yz,basis_zx,basis_zy,basis_zz,teleport_flag,throttle_cmd,steering_cmd,cmd_move_cm,cmd_turn_deg,lidar_cm_0,lidar_cm_1,lidar_cm_2,lidar_cm_3,lidar_cm_4,lidar_cm_5,lidar_cm_6,lidar_cm_7,lidar_cm_8,lidar_cm_9,lidar_cm_10,lidar_cm_11,lidar_cm_12,lidar_cm_13,lidar_cm_14,lidar_cm_15,lidar_cm_16,lidar_class_0,lidar_class_1,lidar_class_2,lidar_class_3,lidar_class_4,lidar_class_5,lidar_class_6,lidar_class_7,lidar_class_8,lidar_class_9,lidar_class_10,lidar_class_11,lidar_class_12,lidar_class_13,lidar_class_14,lidar_class_15,lidar_class_16
0,4914.664,4263.290,372.782,-177.333,-0.985356,0.046459,-0.164056,-0.036307,-0.997267,-0.064350,-0.166597,-0.057451,0.984350,1,0.08000,-0.12000,4.800,-0.240,-1,400.000,-1,425.000,-1,325.000,325.000,275.000,275.000,-1,-1,-1,-1,825.000,900.000,-1,-1,2,0,2,0,2,0,0,0,0,2,2,2,2,0,0,2,2
1,4905.070,4262.922,371.160,-177.813,-0.985613,0.038100,-0.164665,-0.027822,-0.997544,-0.064285,-0.166710,-0.058779,0.984252,0,0.16000,-0.24000,9.600,-0.480,-1,400.000,-1,425.000,-1,325.000,325.000,275.000,300.000,-1,-1,-1,-1,825.000,875.000,-1,-1,2,0,2,0,2,0,0,0,0,2,2,2,2,0,0,2,2
2,4890.675,4262.551,368.737,-178.533,-0.985865,0.025559,-0.165581,-0.015092,-0.997825,-0.064169,-0.166860,-0.060763,0.984106,0,0.24000,-0.36000,14.400,-0.720,-1,400.000,-1,425.000,-1,325.000,325.000,275.000,300.000,-1,-1,-1,-1,825.000,875.000,-1,-1,2,0,2,0,2,0,0,0,0,2,2,2,2,0,0,2,2
3,4871.474,4262.379,365.529,-179.493,-0.985950,0.008836,-0.166805,0.001881,-0.997949,-0.063980,-0.167028,-0.063394,0.983912,0,0.32000,-0.48000,19.200,-0.960,-1,400.000,-1,425.000,-1,325.000,325.000,300.000,300.000,-1,-1,-1,-1,825.000,875.000,-1,-1,2,0,2,0,2,0,0,0,0,2,2,2,2,0,0,2,2
4,4847.475,4262.666,361.554,-180.693,-0.985655,-0.012063,-0.168340,0.023088,-0.997703,-0.063688,-0.167185,-0.066661,0.983669,0,0.40000,-0.60000,24.000,-1.200,-1,400.000,-1,425.000,-1,325.000,325.000,300.000,300.000,-1,-1,-1,-1,800.000,875.000,-1,-1,2,0,2,0,2,0,0,0,0,2,2,2,2,0,0,2,2
5,4818.693,4263.733,356.836,-182.133,-0.984713,-0.037121,-0.170184,0.048510,-0.996817,-0.063259,-0.167294,-0.070548,0.983380,0,0.48000,-0.72000,28.800,-1.440,-1,400.000,-1,400.000,-1,325.000,325.000,300.000,300.000,-1,-1,-1,-1,800.000,850.000,-1,-1,2,0,2,0,2,0,0,0,0,2,2,2,2,0,0,2,2
6,4785.165,4265.963,351.408,-183.813,-0.982804,-0.066308,-0.172333,0.078114,-0.994974,-0.062649,-0.167313,-0.075033,0.983044,0,0.56000,-0.84000,33.600,-1.680,-1,400.000,-1,400.000,-1,325.000,325.000,300.000,300.000,-1,-1,-1,-1,800.000,850.000,-1,-1,2,0,2,0,2,0,0,0,0,2,2,2,2,0,0,2,2
7,4746.955,4269.793,345.308,-185.733,-0.979560,-0.099567,-0.174780,0.111840,-0.991802,-0.061810,-0.167193,-0.080094,0.982665,0,0.64000,-0.96000,38.400,-1.920,-1,400.000,-1,400.000,-1,325.000,325.000,300.000,300.000,-1,-1,-1,-1,800.000,825.000,-1,-1,2,0,2,0,2,0,0,0,0,2,2,2,2,0,0,2,2
8,4704.144,4275.600,338.573,-187.733,-0.974945,-0.134062,-0.177511,0.146817,-0.987298,-0.060726,-0.167115,-0.085266,0.982244,0,0.72000,-1.00000,43.200,-2.000,-1,400.000,-1,400.000,-1,325.000,325.000,300.000,300.000,-1,-1,-1,-1,800.000,825.000,-1,-1,2,0,2,0,2,0,0,0,0,2,2,2,2,0,0,2,2
9,4657.198,4283.645,331.293,-189.733,-0.969061,-0.168361,-0.180488,0.181597,-0.981578,-0.059392,-0.167164,-0.090330,0.981782,0,0.79379,-1.00000,47.627,-2.000,-1,400.000,-1,400.000,-1,325.000,325.000,300.000,300.000,-1,-1,-1,-1,775.000,800.000,-1,-1,2,0,2,0,2,0,0,0,0,2,2,2,2,0,0,2,2
10,4610.191,4293.398,323.589,-191.733,-0.962186,-0.202379,-0.182320,0.216371,-0.974452,-0.060225,-0.165474,-0.097396,0.981393,0,0.80010,-1.00000,48.006,-2.000,-1,400.000,-1,400.000,-1,325.000,325.000,300.000,300.000,-1,-1,-1,-1,775.000,800.000,-1,-1,2,0,2,0,2,0,0,0,0,2,2,2,2,0,0,2,2
11,4563.179,4304.876,315.897,-193.733,-0.954121,-0.236087,-0.184165,0.250886,-0.966071,-0.061351,-0.163432,-0.104740,0.980979,0,0.80651,-1.00000,48.391,-2.000,-1,400.000,-1,400.000,-1,325.000,325.000,300.000,300.000,-1,-1,-1,-1,750.000,800.000,-1,-1,2,0,2,0,2,0,0,0,0,2,2,2,2,0,0,2,2
12,4516.220,4318.095,307.984,-195.733,-0.945072,-0.269479,-0.184985,0.284811,-0.956607,-0.061524,-0.160379,-0.110830,0.980814,0,0.81302,-1.00000,48.781,-2.000,-1,400.000,-1,400.000,-1,325.000,325.000,300.000,300.000,-1,-1,-1,-1,725.000,800.000,-1,-1,2,0,2,0,2,0,0,0,0,2,2,2,2,1,1,2,2
13,4469.376,4333.066,300.000,-197.733,-0.934937,-0.302514,-0.185415,0.318234,-0.946038,-0.061154,-0.156909,-0.116181,0.980756,0,0.81959,-1.00000,49.175,-2.000,-1,400.000,-1,400.000,-1,325.000,325.000,300.000,300.000,-1,-1,-1,-1,700.000,800.000,-1,-1,2,0,2,0,2,0,0,0,0,2,2,2,2,1,1,2,2
14,4422.710,4349.797,292.128,-199.733,-0.923646,-0.335135,-0.185910,0.351235,-0.934314,-0.060760,-0.153336,-0.121419,0.980686,0,0.82619,-1.00000,49.572,-2.000,-1,400.000,-1,400.000,-1,325.000,325.000,300.000,300.000,-1,-1,-1,-1,675.000,775.000,-1,-1,2,0,2,0,2,0,0,0,0,2,2,2,2,1,1,2,2
15,4376.287,4368.293,284.385,-201.733,-0.911221,-0.367299,-0.186462,0.383776,-0.921450,-0.060373,-0.149640,-0.126573,0.980606,0,0.83281,-1.00000,49.968,-2.000,-1,400.000,-1,400.000,-1,325.000,325.000,300.000,300.000,-1,-1,-1,-1,650.000,750.000,-1,-1,2,0,2,0,2,0,0,0,0,2,2,2,2,1,1,2,2
16,4330.176,4388.555,276.798,-203.731,-0.897705,-0.398943,-0.187004,0.415779,-0.907487,-0.059955,-0.145785,-0.131575,0.980528,0,0.83939,-0.99909,50.363,-1.998,-1,400.000,975.000,400.000,-1,325.000,325.000,300.000,300.000,-1,-1,-1,-1,625.000,725.000,900.000,-1,2,0,1,0,2,0,0,0,0,2,2,2,2,1,1,1,2
17,4284.444,4410.578,269.410,-205.722,-0.883190,-0.429956,-0.187386,0.447102,-0.892506,-0.059438,-0.141687,-0.136276,0.980486,0,0.84590,-0.99554,50.754,-1.991,-1,400.000,925.000,400.000,-1,325.000,325.000,300.000,300.000,-1,-1,-1,-1,575.000,725.000,775.000,-1,2,1,1,0,2,0,0,0,0,2,2,2,2,1,1,1,2
18,4239.163,4434.347,262.187,-207.705,-0.867683,-0.460280,-0.187798,0.477728,-0.876529,-0.058931,-0.137485,-0.140850,0.980438,0,0.85228,-0.99138,51.137,-1.983,1000.000,375.000,900.000,400.000,-1,325.000,325.000,300.000,300.000,-1,-1,-1,-1,550.000,700.000,700.000,-1,1,1,1,0,2,0,0,0,0,2,2,2,2,1,1,1,2
19,4194.403,4459.847,255.140,-209.678,-0.851231,-0.489869,-0.188242,0.507609,-0.859603,-0.058435,-0.133188,-0.145295,0.980383,0,0.85849,-0.98656,51.509,-1.973,775.000,375.000,875.000,400.000,-1,325.000,325.000,300.000,300.000,-1,-1,-1,-1,525.000,675.000,600.000,-1,1,1,1,0,2,0,0,0,0,2,2,2,2,1,1,1,2
20,4150.238,4487.051,248.279,-211.640,-0.833883,-0.518675,-0.188720,0.536702,-0.841780,-0.057950,-0.128804,-0.149609,0.980320,0,0.86445,-0.98104,51.867,-1.962,625.000,350.000,850.000,400.000,-1,325.000,325.000,300.000,300.000,-1,-1,-1,-1,475.000,675.000,525.000,-1,1,1,1,0,2,1,0,0,0,2,2,2,2,1,1,1,2
21,4106.741,4515.930,241.598,-213.589,-0.815700,-0.546651,-0.189226,0.564965,-0.823105,-0.057555,-0.124290,-0.153854,0.980245,0,0.87008,-0.97476,52.205,-1.950,525.000,325.000,850.000,400.000,-1,300.000,325.000,300.000,300.000,-1,-1,-1,-1,450.000,650.000,475.000,-1,1,1,1,0,2,1,0,0,0,2,2,2,2,1,1,1,2
22,4063.990,4546.444,235.061,-215.525,-0.796721,-0.573774,-0.189785,0.592347,-0.803666,-0.056975,-0.119833,-0.157812,0.980171,0,0.87531,-0.96767,52.519,-1.935,425.000,300.000,825.000,400.000,-1,300.000,325.000,300.000,300.000,-1,-1,-1,-1,425.000,650.000,400.000,-1,1,1,1,0,2,1,0,0,0,2,2,2,2,1,1,1,2
23,4022.063,4578.548,228.986,-217.444,-0.777282,-0.600144,-0.188840,0.618634,-0.783702,-0.055705,-0.114563,-0.160121,0.980427,0,0.88003,-0.95972,52.802,-1.919,350.000,300.000,800.000,400.000,-1,275.000,325.000,300.000,300.000,-1,-1,-1,-1,400.000,625.000,350.000,-1,1,1,1,0,2,1,1,0,0,2,2,2,2,1,1,1,2
24,3981.046,4612.193,224.772,-219.346,-0.758574,-0.626255,-0.179917,0.643181,-0.763886,-0.052875,-0.104323,-0.155829,0.982260,0,0.88411,-0.95082,53.047,-1.902,325.000,275.000,825.000,425.000,-1,275.000,325.000,325.000,300.000,-1,-1,-1,-1,375.000,625.000,325.000,-1,1,1,1,1,2,1,1,0,0,2,2,2,2,1,1,1,2
25,3938.228,4649.449,220.810,-221.008,-0.742016,-0.648812,-0.168686,0.663856,-0.746176,-0.050171,-0.093318,-0.149210,0.984392,0,0.94590,-0.83082,56.754,-1.662,300.000,275.000,850.000,400.000,-1,250.000,300.000,325.000,275.000,-1,-1,-1,-1,350.000,625.000,300.000,-1,1,1,1,1,2,1,1,0,0,2,2,2,2,1,1,1,2
26,3896.221,4687.876,217.366,-222.429,-0.727723,-0.667961,-0.155717,0.680961,-0.730764,-0.047707,-0.081926,-0.140755,0.986649,0,0.94884,-0.71082,56.930,-1.422,275.000,275.000,900.000,400.000,-1,250.000,300.000,350.000,275.000,-1,975.000,625.000,-1,350.000,625.000,275.000,-1,1,1,1,1,2,1,1,1,0,2,0,0,2,1,1,1,2
27,3854.923,4727.251,214.420,-223.611,-0.715848,-0.683871,-0.141000,0.694710,-0.717865,-0.045248,-0.070275,-0.130345,0.988975,0,0.95100,-0.59082,57.060,-1.182,250.000,275.000,-1,400.000,-1,250.000,300.000,350.000,275.000,-1,575.000,350.000,-1,375.000,625.000,250.000,-1,1,1,2,1,2,1,1,1,0,2,0,0,2,1,1,1,2
28,3814.222,4767.356,211.842,-224.552,-0.706536,-0.696653,-0.124427,0.705285,-0.707623,-0.042928,-0.058142,-0.118087,0.991300,0,0.95233,-0.47082,57.140,-0.942,250.000,275.000,-1,400.000,-1,250.000,300.000,375.000,275.000,-1,425.000,200.000,-1,375.000,650.000,225.000,-1,1,1,2,1,2,1,1,1,0,2,0,0,2,1,1,1,2
29,3773.998,4807.976,209.630,-225.256,-0.699804,-0.706391,-0.106239,0.712873,-0.700114,-0.040640,-0.045672,-0.104175,0.993510,0,0.95277,-0.35162,57.166,-0.703,225.000,275.000,-1,400.000,-1,250.000,300.000,375.000,250.000,-1,350.000,150.000,700.000,375.000,700.000,200.000,-1,1,1,2,1,2,1,1,1,0,2,0,0,0,1,1,1,2
30,3734.278,4849.044,207.796,-225.933,-0.693078,-0.715678,-0.086298,0.720145,-0.692749,-0.038604,-0.032155,-0.088902,0.995521,0,0.95224,-0.33851,57.134,-0.677,200.000,275.000,-1,400.000,-1,250.000,300.000,400.000,250.000,-1,300.000,100.000,525.000,400.000,825.000,200.000,-1,1,1,2,1,2,1,1,1,0,2,0,0,0,1,1,1,2
31,3695.106,4890.465,205.544,-226.581,-0.686080,-0.724273,-0.068730,0.727246,-0.685370,-0.037159,-0.020192,-0.075478,0.996943,0,0.95017,-0.32406,57.010,-0.648,200.000,275.000,-1,375.000,-1,250.000,300.000,400.000,250.000,-1,275.000,75.000,425.000,425.000,-1,225.000,-1,1,1,2,1,2,1,1,1,0,2,0,0,0,1,2,1,2
32,3656.535,4932.130,202.488,-227.197,-0.678899,-0.732120,-0.055650,0.734147,-0.678017,-0.036334,-0.011131,-0.065523,0.997789,0,0.94629,-0.30818,56.778,-0.616,175.000,275.000,-1,375.000,-1,250.000,300.000,375.000,250.000,-1,250.000,50.000,375.000,425.000,-1,200.000,-1,1,1,2,1,2,1,1,1,0,2,0,0,0,1,2,1,2
33,3618.623,4973.916,201.506,-227.779,-0.672170,-0.739065,-0.044398,0.740387,-0.670642,-0.045448,0.003814,-0.063420,0.997980,0,0.94036,-0.29079,56.421,-0.582,175.000,275.000,-1,400.000,-1,250.000,300.000,350.000,250.000,-1,200.000,50.000,350.000,450.000,-1,225.000,-1,1,1,2,1,2,1,1,1,0,2,0,0,0,1,2,1,2
34,3607.635,5575.425,231.369,-9.093,0.984175,0.158021,-0.080186,-0.158418,0.987371,0.001433,0.079399,0.011293,0.996779,1,0.00000,0.00000,55.926,-0.544,350.000,275.000,-1,325.000,-1,250.000,275.000,325.000,475.000,-1,100.000,0.000,725.000,425.000,550.000,350.000,850.000,0,0,2,0,2,0,0,0,1,2,1,1,1,0,0,0,0
35,3607.677,2951.718,119.834,-51.286,0.616254,0.778128,-0.121439,-0.780937,0.623710,0.033522,0.101827,0.074178,0.992033,1,0.00000,0.00000,4.800,-0.240,-1,375.000,-1,375.000,-1,300.000,300.000,275.000,275.000,-1,425.000,400.000,850.000,700.000,675.000,-1,-1,2,0,2,0,2,0,0,0,0,2,0,0,0,0,0,2,2
36,3610.694,2947.985,120.354,-51.046,0.619460,0.775530,-0.121748,-0.778301,0.626981,0.033801,0.102547,0.073818,0.991985,0,0.08000,0.12000,4.800,0.240,-1,375.000,-1,375.000,-1,300.000,300.000,275.000,275.000,-1,425.000,375.000,850.000,700.000,700.000,-1,-1,2,0,2,0,2,0,0,0,0,2,0,0,0,0,0,2,2
37,3616.792,2940.570,121.398,-50.566,0.625840,0.770290,-0.122379,-0.772990,0.633489,0.034339,0.103977,0.073107,0.991889,0,0.16000,0.24000,9.600,0.480,-1,375.000,-1,375.000,-1,300.000,300.000,275.000,275.000,-1,400.000,375.000,850.000,700.000,700.000,-1,-1,2,0,2,0,2,0,0,0,0,2,0,0,0,0,0,2,2
38,3626.077,2929.564,122.970,-49.846,0.635326,0.762327,-0.123359,-0.764921,0.643167,0.035099,0.106097,0.072060,0.991741,0,0.24000,0.36000,14.400,0.720,-1,375.000,-1,375.000,-1,300.000,300.000,275.000,275.000,-1,375.000,350.000,850.000,700.000,700.000,-1,-1,2,0,2,0,2,0,0,0,0,2,0,0,0,0,0,2,2
39,3638.678,2915.078,125.082,-48.979,0.646589,0.752574,-0.124722,-0.755050,0.654679,0.035982,0.108732,0.070906,0.991539,0,0.32000,0.43336,19.200,0.867,-1,375.000,-1,375.000,-1,300.000,300.000,275.000,275.000,-1,375.000,325.000,825.000,725.000,700.000,-1,-1,2,0,2,0,2,0,0,0,0,2,0,0,0,0,0,2,2
40,3654.700,2897.209,127.746,-48.118,0.657570,0.742699,-0.126491,-0.745079,0.665956,0.036863,0.111616,0.070006,0.991283,0,0.40000,0.43049,24.000,0.861,-1,375.000,-1,375.000,-1,325.000,325.000,275.000,275.000,-1,350.000,325.000,825.000,725.000,725.000,-1,-1,2,0,2,0,2,0,0,0,0,2,0,0,0,0,0,2,2
41,3674.244,2876.055,131.064,-47.265,0.668320,0.732743,-0.128200,-0.735018,0.676997,0.037738,0.114444,0.069008,0.991030,0,0.48000,0.42691,28.800,0.854,-1,375.000,-1,375.000,-1,325.000,325.000,275.000,275.000,-1,350.000,325.000,825.000,750.000,725.000,-1,-1,2,0,2,0,2,0,0,0,0,2,0,0,0,0,0,2,2
42,3697.406,2851.714,135.276,-46.419,0.678991,0.722774,-0.128722,-0.724844,0.687826,0.038693,0.116505,0.067032,0.990926,0,0.56000,0.42264,33.600,0.845,-1,375.000,-1,375.000,-1,325.000,325.000,275.000,275.000,-1,350.000,325.000,850.000,750.000,750.000,-1,-1,2,0,2,0,2,0,0,0,0,2,0,0,0,0,0,2,2
43,3724.279,2824.285,140.069,-45.584,0.689363,0.712755,-0.129456,-0.714636,0.698375,0.039605,0.118638,0.065212,0.990794,0,0.64000,0.41768,38.400,0.835,-1,400.000,-1,400.000,-1,325.000,325.000,275.000,275.000,-1,375.000,350.000,850.000,750.000,775.000,-1,-1,2,0,2,0,2,0,0,0,0,2,0,0,0,0,0,2,2
44,3754.149,2794.674,145.290,-44.749,0.699559,0.702581,-0.130373,-0.704289,0.708761,0.040432,0.120810,0.063536,0.990640,0,0.70098,0.41738,42.059,0.835,-1,400.000,-1,400.000,-1,325.000,325.000,275.000,275.000,-1,400.000,375.000,850.000,775.000,775.000,-1,-1,2,0,2,0,2,0,0,0,0,2,0,0,0,0,0,2,2
45,3784.446,2765.502,150.479,-43.914,0.709600,0.692249,-0.131370,-0.693801,0.718993,0.041114,0.122915,0.061971,0.990480,0,0.70098,0.41738,42.059,0.835,-1,400.000,-1,400.000,-1,325.000,325.000,275.000,275.000,-1,425.000,400.000,875.000,775.000,800.000,-1,-1,2,0,2,0,2,0,0,0,0,2,0,0,0,0,0,2,2
46,3815.165,2736.775,155.635,-43.080,0.719485,0.681762,-0.132443,-0.683174,0.729067,0.041650,0.124955,0.060515,0.990315,0,0.70098,0.41738,42.059,0.835,-1,400.000,-1,400.000,-1,325.000,325.000,275.000,275.000,-1,450.000,425.000,875.000,800.000,825.000,-1,-1,2,0,2,0,2,0,0,0,0,2,0,0,0,0,0,2,2
47,3846.300,2708.498,160.760,-42.245,0.729210,0.671122,-0.133596,-0.672413,0.738981,0.042038,0.126937,0.059177,0.990144,0,0.70098,0.41738,42.059,0.835,-1,400.000,-1,400.000,-1,325.000,325.000,275.000,300.000,-1,450.000,450.000,875.000,825.000,850.000,-1,-1,2,0,2,0,2,0,0,0,0,2,0,0,0,0,0,2,2
48,3877.215,2681.194,165.788,-41.451,0.738295,0.660864,-0.134834,-0.662046,0.748264,0.042389,0.128905,0.057971,0.989961,0,0.68744,0.39702,41.246,0.794,-1,400.000,-1,400.000,-1,325.000,325.000,275.000,300.000,-1,475.000,450.000,875.000,825.000,875.000,-1,-1,2,0,2,0,2,0,0,0,0,2,0,0,0,0,0,2,2
49,3908.505,2654.320,170.798,-40.657,0.747230,0.650475,-0.136126,-0.651553,0.757401,0.042685,0.130867,0.056798,0.989772,0,0.68744,0.39702,41.246,0.794,-1,400.000,-1,400.000,-1,325.000,325.000,275.000,300.000,-1,500.000,475.000,875.000,850.000,900.000,-1,-1,2,0,2,0,2,0,0,0,0,2,0,0,0,0,0,2,2
50,3940.164,2627.883,175.763,-39.863,0.756016,0.639954,-0.137474,-0.640952,0.766388,0.042790,0.132741,0.055764,0.989581,0,0.68744,0.39702,41.246,0.794,-1,400.000,-1,425.000,-1,325.000,325.000,275.000,300.000,-1,500.000,475.000,900.000,900.000,950.000,-1,-1,2,0,2,0,2,0,0,0,0,2,0,0,0,0,0,2,2
51,3972.187,2601.887,180.682,-39.069,0.764652,0.629303,-0.138872,-0.630245,0.775221,0.042705,0.134531,0.054869,0.989389,0,0.68744,0.39702,41.246,0.794,-1,400.000,-1,425.000,-1,325.000,325.000,275.000,275.000,-1,525.000,500.000,900.000,925.000,-1,-1,-1,2,0,2,0,2,0,0,0,0,2,0,0,0,0,2,2,2
52,4004.568,2576.338,185.555,-38.275,0.773136,0.618525,-0.140314,-0.619436,0.783900,0.042431,0.136237,0.054111,0.989197,0,0.68744,0.39702,41.246,0.794,-1,425.000,-1,425.000,-1,350.000,350.000,275.000,275.000,-1,525.000,500.000,900.000,950.000,-1,-1,-1,2,0,2,0,2,0,0,0,0,2,0,0,0,0,2,2,2
53,4037.297,2551.238,190.855,-37.481,0.781800,0.607678,-0.139698,-0.608395,0.792495,0.042510,0.136542,0.051757,0.989281,0,0.68744,0.39702,41.246,0.794,-1,425.000,-1,425.000,-1,350.000,350.000,275.000,275.000,-1,575.000,550.000,925.000,975.000,-1,-1,-1,2,0,2,0,2,0,0,0,0,2,0,0,0,0,2,2,2
54,4070.372,2526.595,196.433,-36.687,0.790407,0.596690,-0.138629,-0.597345,0.800911,0.041477,0.135778,0.050026,0.989475,0,0.68744,0.39702,41.246,0.794,-1,425.000,-1,425.000,-1,350.000,350.000,275.000,275.000,-1,625.000,600.000,950.000,975.000,-1,-1,-1,2,0,2,0,2,0,0,0,0,2,0,0,0,0,2,2,2
55,4103.785,2502.414,202.060,-35.893,0.798865,0.585569,-0.137567,-0.586249,0.809151,0.039833,0.134637,0.048827,0.989691,0,0.68744,0.39702,41.246,0.794,-1,425.000,-1,425.000,-1,350.000,350.000,275.000,275.000,-1,700.000,675.000,975.000,1000.000,-1,-1,-1,2,0,2,0,2,0,0,0,0,2,0,0,0,0,2,2,2
56,4137.530,2478.698,207.628,-35.099,0.807161,0.574330,-0.136517,-0.575047,0.817232,0.038129,0.133465,0.047728,0.989904,0,0.68744,0.39702,41.246,0.794,-1,425.000,-1,425.000,-1,350.000,350.000,275.000,275.000,-1,775.000,750.000,-1,1000.000,-1,-1,-1,2,0,2,0,2,0,0,0,0,2,0,0,2,0,2,2,2
57,4171.600,2455.451,213.135,-34.305,0.815294,0.562976,-0.135479,-0.563741,0.825151,0.036359,0.132260,0.046732,0.990113,0,0.68744,0.39702,41.246,0.794,-1,425.000,-1,425.000,-1,350.000,350.000,275.000,275.000,-1,850.000,825.000,-1,1000.000,-1,-1,-1,2,0,2,0,2,0,0,0,0,2,0,0,2,0,2,2,2
58,4205.990,2432.680,218.584,-33.511,0.823262,0.551510,-0.134451,-0.552333,0.832908,0.034524,0.131026,0.045839,0.990319,0,0.68744,0.39702,41.246,0.794,-1,400.000,-1,425.000,-1,350.000,350.000,275.000,275.000,-1,950.000,900.000,-1,1000.000,-1,-1,-1,2,0,2,0,2,0,0,0,0,2,0,0,2,0,2,2,2
59,4240.691,2410.387,223.974,-32.716,0.831064,0.539934,-0.133430,-0.540826,0.840501,0.032627,0.129765,0.045047,0.990521,0,0.68744,0.39702,41.246,0.794,-1,400.000,-1,425.000,-1,350.000,350.000,275.000,275.000,-1,-1,1000.000,-1,-1,-1,-1,-1,2,0,2,0,2,0,0,0,0,2,2,0,2,2,2,2,2
60,4275.699,2388.577,229.305,-31.922,0.838700,0.528251,-0.132416,-0.529221,0.847929,0.030670,0.128481,0.044355,0.990720,0,0.68744,0.39702,41.246,0.794,-1,425.000,-1,425.000,-1,350.000,350.000,275.000,275.000,-1,-1,-1,-1,-1,-1,-1,-1,2,0,2,0,2,0,0,0,0,2,2,2,2,2,2,2,2
61,4311.005,2367.255,234.579,-31.128,0.846167,0.516463,-0.131408,-0.517521,0.855191,0.028655,0.127178,0.043759,0.990914,0,0.68744,0.39702,41.246,0.794,-1,425.000,-1,450.000,-1,350.000,350.000,275.000,275.000,-1,-1,-1,-1,-1,-1,-1,-1,2,0,2,0,2,0,0,0,0,2,2,2,2,2,2,2,2
62,4346.603,2346.424,239.797,-30.334,0.853464,0.504573,-0.130403,-0.505726,0.862285,0.026585,0.125858,0.043259,0.991105,0,0.68744,0.39702,41.246,0.794,-1,425.000,-1,450.000,-1,350.000,350.000,275.000,275.000,-1,-1,-1,-1,-1,-1,-1,-1,2,0,2,0,2,0,0,0,0,2,2,2,2,2,2,2,2
63,4382.487,2326.088,245.007,-29.540,0.860620,0.492587,-0.129194,-0.493823,0.869216,0.024546,0.124388,0.042674,0.991316,0,0.68744,0.39702,41.246,0.794,-1,425.000,-1,450.000,-1,350.000,350.000,275.000,275.000,-1,-1,-1,-1,-1,-1,-1,-1,2,0,2,0,2,0,0,0,0,2,2,2,2,2,2,2,2
64,4418.649,2306.251,250.156,-28.746,0.867598,0.480504,-0.128024,-0.481833,0.875976,0.022438,0.122928,0.042219,0.991517,0,0.68744,0.39702,41.246,0.794,-1,425.000,-1,450.000,-1,350.000,350.000,275.000,275.000,-1,-1,-1,-1,-1,-1,-1,-1,2,0,2,0,2,0,0,0,0,2,2,2,2,2,2,2,2
65,4455.083,2286.918,255.252,-27.952,0.874398,0.468324,-0.126892,-0.469763,0.882561,0.020216,0.121457,0.041932,0.991711,0,0.68744,0.39702,41.246,0.794,-1,425.000,-1,450.000,-1,350.000,350.000,275.000,275.000,-1,-1,-1,-1,-1,-1,-1,-1,2,0,2,0,2,0,0,0,0,2,2,2,2,2,2,2,2
66,4491.781,2268.091,260.285,-27.158,0.881017,0.456052,-0.125802,-0.457609,0.888973,0.017936,0.120014,0.041767,0.991893,0,0.68744,0.39702,41.246,0.794,-1,425.000,-1,450.000,-1,350.000,350.000,275.000,275.000,-1,-1,-1,-1,-1,-1,-1,-1,2,0,2,0,2,0,0,0,0,2,2,2,2,2,2,2,2
67,4528.736,2249.775,265.083,-26.364,0.887562,0.443702,-0.123946,-0.445307,0.895235,0.015982,0.118052,0.041009,0.992160,0,0.68744,0.39702,41.246,0.794,-1,425.000,-1,450.000,-1,350.000,350.000,275.000,275.000,-1,-1,-1,-1,-1,-1,-1,-1,2,0,2,0,2,0,0,0,0,2,2,2,2,2,2,2,2
68,4565.941,2231.972,269.691,-25.570,0.893998,0.431274,-0.121531,-0.432873,0.901341,0.014295,0.115706,0.039828,0.992485,0,0.68744,0.39702,41.246,0.794,-1,425.000,-1,450.000,-1,350.000,350.000,275.000,275.000,-1,-1,-1,-1,-1,-1,-1,-1,2,0,2,0,2,0,0,0,0,2,2,2,2,2,2,2,2
69,4603.389,2214.686,274.241,-24.776,0.900244,0.418760,-0.119169,-0.420361,0.907270,0.012593,0.113392,0.038757,0.992794,0,0.68744,0.39702,41.246,0.794,-1,425.000,-1,450.000,-1,350.000,350.000,275.000,275.000,-1,-1,-1,-1,-1,-1,-1,-1,2,0,2,0,2,0,0,0,0,2,2,2,2,2,2,2,2
70,4641.074,2197.921,278.734,-23.982,0.906298,0.406162,-0.116861,-0.407771,0.913019,0.010879,0.111115,0.037793,0.993089,0,0.68744,0.39702,41.246,0.794,-1,425.000,-1,475.000,-1,350.000,350.000,275.000,300.000,-1,-1,-1,-1,-1,-1,-1,-1,2,0,2,0,2,0,0,0,0,2,2,2,2,2,2,2,2
71,4678.987,2181.681,283.173,-23.188,0.912160,0.393483,-0.114607,-0.395106,0.918590,0.009151,0.108878,0.036935,0.993369,0,0.68744,0.39702,41.246,0.794,-1,425.000,-1,475.000,-1,350.000,350.000,275.000,300.000,-1,-1,-1,-1,1000.000,-1,-1,-1,2,0,2,0,2,0,0,0,0,2,2,2,2,0,2,2,2
72,4717.122,2165.967,287.508,-22.394,0.917843,0.380724,-0.112307,-0.382378,0.923977,0.007277,0.106540,0.036265,0.993647,0,0.68744,0.39702,41.246,0.794,-1,425.000,-1,475.000,-1,350.000,350.000,275.000,300.000,-1,-1,-1,-1,1000.000,-1,-1,-1,2,0,2,0,2,0,0,0,0,2,2,2,2,0,2,2,2
73,4755.470,2150.783,291.481,-21.600,0.923396,0.367877,-0.109576,-0.369681,0.929150,0.004123,0.103329,0.036700,0.993970,0,0.68744,0.39702,41.246,0.794,-1,425.000,-1,475.000,-1,350.000,350.000,275.000,300.000,-1,-1,-1,-1,975.000,-1,-1,-1,2,0,2,0,2,0,0,0,0,2,2,2,2,0,2,2,2
74,4794.026,2136.133,295.407,-20.806,0.928754,0.354959,-0.106861,-0.356904,0.934141,0.000986,0.100173,0.037223,0.994274,0,0.68744,0.39702,41.246,0.794,-1,425.000,-1,450.000,-1,350.000,350.000,275.000,300.000,-1,-1,-1,-1,950.000,-1,-1,-1,2,0,2,0,2,0,0,0,0,2,2,2,2,0,2,2,2
75,4832.781,2122.019,299.289,-20.012,0.933919,0.341972,-0.104163,-0.344051,0.938948,-0.002133,0.097075,0.037830,0.994558,0,0.68744,0.39702,41.246,0.794,-1,425.000,-1,450.000,-1,350.000,350.000,275.000,300.000,-1,-1,-1,-1,925.000,-1,-1,-1,2,0,2,0,2,0,0,0,0,2,2,2,2,0,2,2,2
76,4871.728,2108.443,303.127,-19.218,0.938890,0.328918,-0.101483,-0.331125,0.943573,-0.005234,0.094036,0.038517,0.994823,0,0.68744,0.39702,41.246,0.794,-1,425.000,-1,450.000,-1,350.000,350.000,275.000,300.000,-1,-1,-1,-1,925.000,-1,-1,-1,2,0,2,0,2,0,0,0,0,2,2,2,2,0,2,2,2
77,4910.859,2095.408,306.926,-18.424,0.943665,0.315801,-0.098821,-0.318127,0.948012,-0.008314,0.091058,0.039283,0.995070,0,0.68744,0.39702,41.246,0.794,-1,425.000,-1,450.000,-1,350.000,350.000,300.000,300.000,-1,-1,-1,-1,900.000,-1,-1,-1,2,0,2,0,2,0,0,0,0,2,2,2,2,0,2,2,2
78,4954.683,2081.279,311.108,-17.870,0.946999,0.306602,-0.095855,-0.309074,0.950966,-0.011734,0.087557,0.040738,0.995326,0,0.76744,0.27702,46.046,0.554,-1,425.000,-1,450.000,-1,350.000,350.000,300.000,300.000,-1,-1,-1,-1,900.000,-1,-1,-1,2,0,2,0,2,0,0,0,0,2,2,2,2,0,2,2,2
79,5003.173,2065.983,315.651,-17.509,0.949251,0.300580,-0.092591,-0.303216,0.952796,-0.015514,0.083558,0.042802,0.995583,0,0.84744,0.18044,50.846,0.361,-1,425.000,-1,450.000,-1,350.000,350.000,300.000,300.000,-1,-1,-1,-1,875.000,-1,-1,-1,2,0,2,0,2,0,0,0,0,2,2,2,2,0,2,2,2
80,5055.903,2049.714,320.497,-17.148,0.951479,0.294542,-0.089069,-0.297337,0.954571,-0.019623,0.079242,0.045154,0.995832,0,0.91972,0.18044,55.183,0.361,-1,425.000,-1,450.000,-1,350.000,350.000,300.000,300.000,-1,-1,-1,-1,875.000,-1,-1,-1,2,0,2,0,2,0,0,0,0,2,2,2,2,0,2,2,2
81,5108.734,2033.778,325.258,-16.787,0.953651,0.288492,-0.085565,-0.291423,0.956300,-0.023737,0.074978,0.047573,0.996050,0,0.91972,0.18044,55.183,0.361,-1,400.000,-1,450.000,-1,350.000,350.000,300.000,300.000,-1,-1,-1,-1,850.000,-1,-1,-1,2,0,2,0,2,0,0,0,0,2,2,2,2,0,2,2,2
82,5161.664,2018.175,329.836,-16.426,0.955752,0.282434,-0.082278,-0.285456,0.958001,-0.027375,0.071090,0.049651,0.996233,0,0.91972,0.18044,55.183,0.361,-1,400.000,-1,450.000,-1,350.000,350.000,300.000,300.000,-1,-1,-1,-1,850.000,-1,-1,-1,2,0,2,0,2,0,0,0,0,2,2,2,2,0,2,2,2
83,5214.691,2002.904,333.881,-16.065,0.957776,0.276390,-0.079205,-0.279362,0.959746,-0.029060,0.067985,0.049960,0.996435,0,0.91972,0.18044,55.183,0.361,-1,400.000,-1,450.000,-1,325.000,350.000,300.000,325.000,-1,-1,-1,-1,850.000,-1,-1,-1,2,0,2,0,2,0,0,0,0,2,2,2,2,0,2,2,2
84,5267.814,1987.966,337.742,-15.705,0.959782,0.270341,-0.075724,-0.273217,0.961471,-0.030428,0.064581,0.049894,0.996664,0,0.91972,0.18044,55.183,0.361,-1,400.000,-1,450.000,-1,325.000,350.000,300.000,325.000,-1,-1,-1,-1,825.000,-1,-1,-1,2,0,2,0,2,0,0,0,0,2,2,2,2,0,2,2,2
85,5321.030,1973.365,341.316,-15.344,0.961672,0.264269,-0.073132,-0.267130,0.963115,-0.032414,0.061868,0.050708,0.996795,0,0.91972,0.18044,55.183,0.361,-1,400.000,-1,450.000,-1,325.000,350.000,300.000,325.000,-1,-1,-1,-1,825.000,-1,-1,-1,2,0,2,0,2,0,0,0,0,2,2,2,2,0,2,2,2
86,5374.337,1959.100,344.470,-14.983,0.963484,0.258168,-0.071047,-0.261110,0.964651,-0.035654,0.059331,0.052903,0.996836,0,0.91972,0.18044,55.183,0.361,-1,400.000,-1,450.000,-1,325.000,350.000,300.000,325.000,-1,-1,-1,-1,800.000,-1,-1,-1,2,0,2,0,2,0,0,0,0,2,2,2,2,0,2,2,2
87,5427.733,1945.171,347.347,-14.622,0.965274,0.252048,-0.068682,-0.255083,0.966108,-0.039595,0.056375,0.055740,0.996853,0,0.91972,0.18044,55.183,0.361,-1,400.000,-1,450.000,-1,325.000,350.000,300.000,325.000,-1,-1,-1,-1,800.000,-1,-1,-1,2,0,2,0,2,0,0,0,0,2,2,2,2,0,2,2,2
88,5481.352,1931.542,350.160,-14.264,0.966999,0.245975,-0.066403,-0.249084,0.967509,-0.043387,0.053574,0.058495,0.996849,0,0.92209,0.17878,55.325,0.358,-1,400.000,-1,450.000,-1,325.000,325.000,300.000,325.000,-1,-1,-1,-1,800.000,-1,-1,-1,2,0,2,0,2,0,0,0,0,2,2,2,2,0,2,2,2
89,5535.341,1918.169,352.940,-13.914,0.968646,0.240018,-0.064156,-0.243187,0.968833,-0.047150,0.050839,0.061273,0.996825,0,0.92701,0.17507,55.621,0.350,-1,400.000,-1,450.000,-1,325.000,325.000,300.000,325.000,-1,-1,-1,-1,775.000,-1,-1,-1,2,0,2,0,2,0,0,0,0,2,2,2,2,0,2,2,2
90,5589.685,1905.052,355.686,-13.572,0.970217,0.234184,-0.061940,-0.237400,0.970078,-0.050885,0.048171,0.064074,0.996782,0,0.93175,0.17114,55.905,0.342,-1,400.000,-1,450.000,-1,325.000,325.000,300.000,325.000,-1,-1,-1,-1,775.000,-1,-1,-1,2,0,2,0,2,0,0,0,0,2,2,2,2,0,2,2,2
91,5644.368,1892.190,358.400,-13.238,0.971712,0.228484,-0.059758,-0.231732,0.971247,-0.054592,0.045566,0.066896,0.996719,0,0.93627,0.16697,56.176,0.334,-1,400.000,-1,425.000,-1,325.000,325.000,300.000,350.000,-1,-1,-1,-1,775.000,-1,-1,-1,2,0,2,0,2,0,0,0,0,2,2,2,2,0,2,2,2
92,5699.374,1879.581,361.081,-12.913,0.973132,0.222925,-0.057610,-0.226193,0.972338,-0.058273,0.043026,0.069738,0.996637,0,0.94055,0.16257,56.433,0.325,-1,400.000,-1,425.000,-1,325.000,325.000,300.000,350.000,-1,-1,-1,-1,775.000,1000.000,-1,-1,2,0,2,0,2,0,0,0,0,2,2,2,2,0,0,2,2
93,5756.915,1866.482,363.797,-12.828,0.973603,0.221428,-0.055376,-0.224702,0.972440,-0.062209,0.040075,0.073010,0.996526,0,0.98356,0.04257,59.014,0.085,-1,375.000,-1,425.000,-1,325.000,325.000,300.000,350.000,-1,-1,-1,-1,750.000,975.000,-1,-1,2,0,2,0,2,0,0,0,0,2,2,2,2,0,0,2,2
94,5814.656,1853.173,366.415,-12.983,0.973140,0.223995,-0.053145,-0.227255,0.971578,-0.066273,0.036789,0.076570,0.996385,0,0.98758,-0.07743,59.255,-0.155,-1,375.000,-1,425.000,-1,325.000,325.000,300.000,350.000,-1,-1,-1,-1,750.000,950.000,-1,-1,2,0,2,0,2,0,0,0,0,2,2,2,2,0,0,2,2
95,5872.531,1839.412,368.656,-13.377,0.971692,0.230635,-0.051201,-0.233840,0.969797,-0.069366,0.033656,0.079375,0.996277,0,0.99148,-0.19743,59.489,-0.395,-1,375.000,-1,425.000,-1,325.000,325.000,300.000,350.000,-1,-1,-1,-1,750.000,925.000,-1,-1,2,0,2,0,2,0,0,0,0,2,2,2,2,0,0,2,2
96,5930.488,1825.014,370.625,-13.952,0.969459,0.240308,-0.049011,-0.243403,0.967242,-0.072092,0.030081,0.081820,0.996193,0,0.99530,-0.28751,59.718,-0.575,-1,375.000,-1,425.000,-1,325.000,325.000,300.000,350.000,-1,-1,-1,-1,750.000,925.000,-1,-1,2,0,2,0,2,0,0,0,0,2,2,2,2,0,0,2,2
97,5988.512,1809.970,372.381,-14.538,0.967061,0.250112,-0.047304,-0.253129,0.964505,-0.075201,0.026817,0.084698,0.996046,0,0.99905,-0.29253,59.943,-0.585,-1,375.000,-1,425.000,-1,300.000,325.000,300.000,350.000,-1,-1,-1,-1,725.000,900.000,-1,-1,2,0,2,0,2,0,0,0,0,2,2,2,2,0,0,2,2
98,6046.432,1794.309,374.055,-15.133,0.964500,0.260059,-0.045918,-0.263005,0.961621,-0.078185,0.023823,0.087487,0.995881,0,1.00000,-0.29771,60.000,-0.595,-1,375.000,-1,425.000,1000.000,300.000,325.000,300.000,350.000,-1,-1,-1,-1,725.000,875.000,-1,-1,2,0,2,0,1,0,0,0,0,2,2,2,2,0,0,2,2
99,6104.184,1778.037,375.451,-15.739,0.961757,0.270134,-0.045287,-0.273070,0.958524,-0.081635,0.021357,0.090880,0.995633,0,1.00000,-0.30305,60.000,-0.606,-1,375.000,-1,425.000,950.000,300.000,325.000,300.000,350.000,-1,-1,-1,-1,725.000,875.000,-1,-1,2,0,2,0,1,0,0,0,0,2,2,2,2,0,0,2,2
100,6161.757,1761.144,376.711,-16.356,0.958849,0.280351,-0.044866,-0.283282,0.955251,-0.085129,0.018993,0.094335,0.995359,0,1.00000,-0.30854,60.000,-0.617,-1,375.000,-1,425.000,900.000,300.000,325.000,300.000,350.000,-1,-1,-1,-1,725.000,850.000,-1,-1,2,0,2,0,1,0,0,0,0,2,2,2,2,0,0,2,2
101,6219.142,1743.621,377.858,-16.984,0.955772,0.290713,-0.044568,-0.293637,0.951803,-0.088592,0.016665,0.097761,0.995070,0,1.00000,-0.31419,60.000,-0.628,-1,375.000,-1,425.000,850.000,300.000,325.000,300.000,350.000,-1,-1,-1,-1,725.000,850.000,-1,-1,2,0,2,0,1,0,0,0,0,2,2,2,2,0,0,2,2
102,6276.328,1725.457,378.886,-17.625,0.952519,0.301225,-0.044396,-0.304139,0.948173,-0.092019,0.014376,0.101153,0.994767,0,1.00000,-0.32001,60.000,-0.640,-1,375.000,-1,400.000,800.000,300.000,325.000,300.000,350.000,-1,-1,-1,-1,725.000,825.000,-1,-1,2,0,2,0,1,0,0,0,0,2,2,2,2,0,0,2,2
103,6333.303,1706.645,379.793,-18.277,0.949083,0.311887,-0.044355,-0.314791,0.944354,-0.095402,0.012132,0.104507,0.994450,0,1.00000,-0.32602,60.000,-0.652,-1,375.000,-1,400.000,750.000,300.000,325.000,300.000,350.000,-1,-1,-1,-1,725.000,800.000,-1,1000.000,2,0,2,0,1,0,0,0,0,2,2,2,2,0,0,2,1
104,6390.056,1687.172,380.573,-18.941,0.945456,0.322702,-0.044449,-0.325597,0.940340,-0.098731,0.009936,0.107818,0.994121,0,1.00000,-0.33222,60.000,-0.664,-1,375.000,-1,400.000,700.000,300.000,325.000,300.000,350.000,-1,-1,-1,-1,725.000,800.000,-1,925.000,2,0,2,0,1,0,0,0,0,2,2,2,2,0,0,2,1
105,6446.575,1667.031,381.214,-19.618,0.941628,0.333675,-0.044698,-0.336565,0.936125,-0.101950,0.007825,0.111043,0.993785,0,1.00000,-0.33862,60.000,-0.677,-1,375.000,-1,400.000,675.000,325.000,325.000,325.000,325.000,-1,-1,-1,-1,750.000,775.000,-1,875.000,2,0,2,0,1,0,0,0,0,2,2,2,2,0,0,2,1
106,6502.847,1646.209,381.577,-20.309,0.937576,0.344829,-0.045216,-0.347727,0.931760,-0.104446,0.006114,0.113649,0.993502,0,1.00000,-0.34523,60.000,-0.690,-1,375.000,-1,400.000,625.000,325.000,325.000,325.000,325.000,-1,-1,-1,-1,750.000,775.000,-1,800.000,2,0,2,0,1,0,0,0,0,2,2,2,2,0,1,2,1
107,6558.859,1624.697,381.768,-21.013,0.933312,0.356153,-0.045635,-0.359040,0.927192,-0.106800,0.004275,0.116063,0.993233,0,1.00000,-0.35206,60.000,-0.704,-1,375.000,-1,400.000,575.000,325.000,325.000,325.000,325.000,-1,-1,-1,-1,750.000,725.000,-1,750.000,2,0,2,0,1,0,0,0,0,2,2,2,2,0,1,2,1
108,6614.597,1602.484,381.843,-21.731,0.928819,0.367640,-0.046228,-0.370527,0.922384,-0.109168,0.002506,0.118526,0.992948,0,1.00000,-0.35911,60.000,-0.718,-1,375.000,-1,400.000,550.000,325.000,325.000,325.000,325.000,-1,-1,-1,-1,750.000,700.000,-1,700.000,2,0,2,0,1,0,0,0,0,2,2,2,2,0,1,2,1
109,6670.047,1579.560,381.879,-22.464,0.924094,0.379303,-0.046682,-0.382165,0.917359,-0.111369,0.000582,0.120756,0.992682,0,1.00000,-0.36638,60.000,-0.733,-1,375.000,-1,400.000,500.000,325.000,325.000,325.000,325.000,-1,-1,-1,-1,750.000,675.000,-1,625.000,2,0,2,0,1,0,0,0,0,2,2,2,2,0,1,2,1
110,6725.192,1555.914,381.944,-23.212,0.919104,0.391160,-0.047351,-0.394014,0.912136,-0.112963,-0.000997,0.122482,0.992470,0,1.00000,-0.37388,60.000,-0.748,-1,375.000,-1,400.000,450.000,325.000,325.000,325.000,325.000,-1,-1,-1,-1,750.000,625.000,-1,575.000,2,0,2,0,1,0,0,0,0,2,2,2,2,0,1,2,1
111,6775.731,1533.711,381.984,-23.719,0.915620,0.399160,-0.048076,-0.402040,0.908479,-0.114150,-0.001888,0.123846,0.992300,0,0.92000,-0.25388,55.200,-0.508,-1,375.000,-1,400.000,425.000,325.000,325.000,325.000,325.000,-1,-1,-1,-1,775.000,600.000,-1,525.000,2,0,2,0,1,0,0,0,0,2,2,2,2,0,1,2,1
112,6821.779,1513.223,381.915,-23.987,0.913761,0.403361,-0.048388,-0.406245,0.906513,-0.114885,-0.002476,0.124635,0.992200,0,0.84000,-0.13388,50.400,-0.268,-1,375.000,-1,375.000,400.000,325.000,325.000,325.000,325.000,-1,-1,-1,-1,775.000,575.000,-1,500.000,2,0,2,0,1,0,0,0,0,2,2,2,2,0,1,2,1
113,6867.274,1492.953,381.805,-24.015,0.913571,0.403776,-0.048507,-0.406670,0.906262,-0.115359,-0.002619,0.125115,0.992139,0,0.83011,-0.01388,49.807,-0.028,-1,375.000,-1,375.000,375.000,325.000,325.000,325.000,325.000,-1,-1,-1,-1,775.000,550.000,-1,450.000,2,0,2,0,1,0,0,0,1,2,2,2,2,0,1,2,1
114,6912.665,1472.932,381.754,-23.803,0.915045,0.400393,-0.048762,-0.403345,0.907699,-0.115740,-0.002081,0.125576,0.992082,0,0.82684,0.10612,49.610,0.212,-1,400.000,-1,375.000,350.000,325.000,325.000,325.000,325.000,-1,-1,-1,-1,775.000,525.000,-1,425.000,2,0,2,0,1,0,0,0,1,2,2,2,2,0,1,2,1
115,6957.972,1453.373,381.785,-23.350,0.918142,0.393195,-0.049132,-0.396252,0.910782,-0.116021,-0.000870,0.125992,0.992031,0,0.82249,0.22612,49.349,0.452,-1,400.000,-1,375.000,325.000,325.000,325.000,325.000,300.000,-1,-1,-1,-1,775.000,525.000,-1,400.000,2,0,2,0,1,0,0,0,1,2,2,2,2,0,1,2,1
116,7003.209,1434.491,381.919,-22.658,0.922770,0.382146,-0.049596,-0.385349,0.915426,-0.116197,0.000997,0.126335,0.991987,0,0.81701,0.34612,49.021,0.692,-1,400.000,-1,375.000,300.000,325.000,300.000,325.000,300.000,-1,-1,-1,-1,775.000,525.000,-1,375.000,2,0,2,0,1,0,0,0,1,2,2,2,2,0,1,2,1
117,7048.377,1416.494,382.178,-21.726,0.928794,0.367190,-0.050134,-0.370580,0.921494,-0.116270,0.003505,0.126570,0.991952,0,0.81039,0.46612,48.623,0.932,-1,400.000,-1,375.000,275.000,325.000,300.000,325.000,275.000,-1,-1,-1,-1,775.000,525.000,-1,350.000,2,0,2,0,1,0,0,0,1,2,2,2,2,0,1,2,1
118,7093.421,1399.458,382.557,-20.718,0.935030,0.350923,-0.050721,-0.354514,0.927799,-0.116225,0.006273,0.126655,0.991927,0,0.80265,0.50388,48.159,1.008,-1,400.000,-1,375.000,275.000,325.000,300.000,325.000,250.000,-1,-1,-1,-1,775.000,525.000,-1,350.000,2,0,2,0,1,0,0,0,1,2,2,2,2,0,1,2,1
119,7143.200,1381.389,383.036,-19.950,0.939568,0.338469,-0.051478,-0.342248,0.932445,-0.115812,0.008802,0.126431,0.991936,0,0.88265,0.38388,52.959,0.768,-1,400.000,-1,375.000,250.000,325.000,325.000,325.000,250.000,-1,-1,-1,-1,800.000,525.000,-1,325.000,2,0,2,1,1,0,0,0,1,2,2,2,2,0,1,2,1
120,7193.619,1363.610,383.497,-19.423,0.942595,0.329897,-0.051799,-0.333773,0.935614,-0.114986,0.010530,0.125675,0.992016,0,0.89104,0.26388,53.462,0.528,-1,400.000,-1,375.000,225.000,325.000,325.000,325.000,225.000,-1,-1,-1,-1,800.000,550.000,-1,300.000,2,0,2,1,1,0,0,0,1,2,2,2,2,0,1,2,1
121,7243.644,1346.253,384.010,-19.135,0.944196,0.325228,-0.052160,-0.329173,0.937356,-0.114054,0.011799,0.124859,0.992104,0,0.88253,0.14388,52.952,0.288,-1,400.000,-1,350.000,200.000,325.000,325.000,325.000,225.000,-1,-1,700.000,-1,825.000,550.000,-1,300.000,2,0,2,1,1,0,0,0,1,2,2,0,2,0,1,2,1
122,7298.221,1327.492,384.717,-18.969,0.945104,0.322557,-0.052296,-0.326522,0.938442,-0.112736,0.012713,0.123623,0.992248,0,0.96186,0.08313,57.712,0.166,-1,400.000,-1,350.000,175.000,325.000,325.000,325.000,200.000,-1,-1,725.000,-1,825.000,575.000,-1,275.000,2,0,2,1,1,0,0,0,1,2,2,0,2,0,1,2,1
123,7352.631,1308.933,386.846,-18.826,0.945709,0.320457,-0.054235,-0.324560,0.939961,-0.105522,0.017164,0.117395,0.992937,0,0.95814,0.07153,57.488,0.143,-1,400.000,-1,350.000,200.000,325.000,325.000,325.000,200.000,-1,475.000,625.000,-1,850.000,675.000,-1,300.000,2,0,2,1,1,0,0,0,1,2,0,0,2,0,1,2,1
124,7406.810,1290.578,389.388,-18.707,0.946125,0.318782,-0.056800,-0.323009,0.941444,-0.096687,0.022652,0.109825,0.993693,0,0.95338,0.05949,57.203,0.119,-1,425.000,-1,375.000,200.000,325.000,325.000,325.000,200.000,-1,375.000,550.000,-1,900.000,800.000,-1,-1,2,0,2,1,1,0,0,0,1,2,0,0,2,0,0,2,2
125,7460.690,1272.424,391.548,-18.612,0.946441,0.317457,-0.058912,-0.321726,0.942630,-0.089116,0.027242,0.103296,0.994278,0,0.94760,0.04709,56.856,0.094,-1,425.000,-1,375.000,250.000,350.000,350.000,300.000,175.000,-1,325.000,500.000,-1,925.000,850.000,-1,-1,2,0,2,1,1,0,0,0,1,2,0,0,2,0,0,2,2
126,7514.206,1254.466,393.349,-18.544,0.946659,0.316500,-0.060537,-0.320753,0.943531,-0.082867,0.030892,0.097864,0.994720,0,0.94081,0.03441,56.449,0.069,-1,425.000,-1,400.000,-1,350.000,350.000,300.000,175.000,-1,300.000,475.000,-1,950.000,900.000,-1,-1,2,0,2,1,2,0,1,0,1,2,0,0,2,0,0,2,2
127,7567.296,1236.697,394.862,-18.500,0.946789,0.315914,-0.061560,-0.320118,0.944142,-0.078230,0.033407,0.093774,0.995033,0,0.93307,0.02156,55.984,0.043,-1,450.000,-1,425.000,-1,350.000,350.000,300.000,175.000,-1,275.000,475.000,-1,975.000,925.000,-1,-1,2,0,2,1,2,0,1,0,1,2,0,0,2,0,0,2,2
128,7619.908,1219.125,396.085,-18.465,0.946928,0.315413,-0.061984,-0.319553,0.944579,-0.075204,0.034829,0.091020,0.995240,0,0.92449,0.01767,55.469,0.035,-1,450.000,-1,450.000,-1,350.000,350.000,300.000,150.000,-1,275.000,475.000,-1,1000.000,950.000,-1,-1,2,0,2,0,2,0,0,0,1,2,0,0,2,0,0,2,2
129,7667.985,1203.125,396.950,-18.405,0.947252,0.314466,-0.061851,-0.318549,0.945024,-0.073867,0.035222,0.089673,0.995348,0,0.84449,0.02989,50.669,0.060,-1,450.000,-1,450.000,-1,350.000,350.000,300.000,150.000,-1,275.000,500.000,-1,-1,950.000,-1,-1,2,0,2,0,2,0,0,0,1,2,0,0,2,2,0,2,2
130,7712.043,1188.512,397.543,-18.349,0.947594,0.313543,-0.061294,-0.317576,0.945357,-0.073793,0.034808,0.089391,0.995388,0,0.77364,0.02820,46.418,0.056,-1,450.000,-1,450.000,-1,350.000,350.000,300.000,150.000,-1,300.000,525.000,-1,-1,950.000,-1,-1,2,0,2,0,2,0,0,0,1,2,0,0,2,2,0,2,2
131,7755.605,1174.111,397.942,-18.295,0.947956,0.312633,-0.060335,-0.316616,0.945601,-0.074791,0.033671,0.090002,0.995372,0,0.76468,0.02706,45.881,0.054,-1,450.000,-1,450.000,-1,350.000,350.000,300.000,150.000,-1,350.000,575.000,600.000,-1,950.000,-1,-1,2,0,2,0,2,0,0,0,1,2,0,0,1,2,0,2,2
132,7799.551,1159.424,398.126,-18.481,0.947021,0.315671,-0.059182,-0.319584,0.944501,-0.076055,0.031889,0.090939,0.995346,0,0.77226,-0.09294,46.335,-0.186,-1,450.000,-1,450.000,-1,350.000,350.000,300.000,150.000,-1,375.000,600.000,575.000,1000.000,925.000,-1,-1,2,0,2,0,2,0,0,0,1,2,0,0,1,0,0,2,2
133,7842.250,1144.799,397.945,-18.907,0.944801,0.322661,-0.056927,-0.326388,0.942063,-0.077389,0.028658,0.091697,0.995374,0,0.75223,-0.21294,45.134,-0.426,-1,450.000,-1,425.000,-1,350.000,350.000,300.000,150.000,-1,425.000,675.000,525.000,1000.000,900.000,-1,-1,2,0,2,0,2,0,0,0,1,2,0,0,1,0,0,2,2
134,7883.769,1130.054,397.565,-19.553,0.941278,0.333235,-0.054321,-0.336742,0.938245,-0.079377,0.024515,0.093008,0.995363,0,0.73431,-0.32343,44.059,-0.647,-1,425.000,-1,425.000,-1,350.000,350.000,300.000,150.000,-1,500.000,750.000,500.000,950.000,875.000,-1,-1,2,0,2,0,2,0,0,0,1,2,0,0,1,0,0,2,2
135,7924.229,1115.170,396.959,-20.199,0.937660,0.343715,-0.051507,-0.346989,0.934241,-0.082413,0.019793,0.095148,0.995266,0,0.71852,-0.32278,43.111,-0.646,-1,425.000,-1,425.000,-1,325.000,325.000,300.000,150.000,-1,600.000,875.000,475.000,925.000,850.000,-1,-1,2,0,2,0,2,0,0,0,1,2,0,0,1,0,0,2,2
136,7963.671,1100.157,396.051,-20.842,0.933944,0.354063,-0.048863,-0.357114,0.930031,-0.086667,0.014759,0.098392,0.995038,0,0.70336,-0.32143,42.202,-0.643,-1,425.000,-1,400.000,-1,325.000,325.000,300.000,150.000,-1,775.000,-1,425.000,900.000,800.000,-1,-1,2,0,2,0,2,0,0,0,1,2,0,2,1,0,0,2,2
137,8002.135,1085.016,396.610,-21.481,0.930232,0.364487,-0.042641,-0.366888,0.926217,-0.086696,0.007895,0.096292,0.995322,0,0.68895,-0.31945,41.337,-0.639,-1,400.000,-1,400.000,-1,325.000,325.000,300.000,150.000,-1,-1,-1,425.000,850.000,775.000,-1,-1,2,0,2,0,2,0,0,0,1,2,2,2,1,0,0,2,2
