timestep,x_cm,y_cm,z_cm,yaw_deg,basis_xx,basis_xy,basis_xz,basis_yx,basis_yy,basis_yz,basis_zx,basis_zy,basis_zz,teleport_flag,throttle_cmd,steering_cmd,cmd_move_cm,cmd_turn_deg,lidar_cm_0,lidar_cm_1,lidar_cm_2,lidar_cm_3,lidar_cm_4,lidar_cm_5,lidar_cm_6,lidar_cm_7,lidar_cm_8,lidar_cm_9,lidar_cm_10,lidar_cm_11,lidar_cm_12,lidar_cm_13,lidar_cm_14,lidar_cm_15,lidar_cm_16,lidar_class_0,lidar_class_1,lidar_class_2,lidar_class_3,lidar_class_4,lidar_class_5,lidar_class_6,lidar_class_7,lidar_class_8,lidar_class_9,lidar_class_10,lidar_class_11,lidar_class_12,lidar_class_13,lidar_class_14,lidar_class_15,lidar_class_16
0,330.745,-6883.367,-361.371,54.195,0.587440,-0.809129,-0.014982,0.806365,0.583666,0.095447,-0.068484,-0.068151,0.995322,1,0.08000,-0.12000,4.800,-0.240,-1,375.000,-1,375.000,-1,300.000,325.000,300.000,300.000,525.000,750.000,925.000,-1,650.000,675.000,-1,-1,2,0,2,0,2,0,0,0,0,1,1,1,2,0,0,2,2
1,336.426,-6875.628,-362.073,53.715,0.594204,-0.804170,-0.015221,0.801457,0.590394,0.095405,-0.067735,-0.068889,0.995322,0,0.16000,-0.24000,9.600,-0.480,-1,375.000,-1,375.000,-1,300.000,300.000,275.000,300.000,525.000,750.000,925.000,-1,650.000,675.000,-1,-1,2,0,2,0,2,0,0,0,0,1,1,1,2,0,0,2,2
2,345.092,-6864.127,-363.117,52.995,0.604272,-0.796626,-0.015591,0.793989,0.600406,0.095364,-0.066609,-0.070005,0.995320,0,0.24000,-0.36000,14.400,-0.720,-1,375.000,-1,375.000,-1,300.000,300.000,275.000,300.000,525.000,725.000,925.000,-1,650.000,675.000,-1,-1,2,0,2,0,2,0,0,0,0,1,1,1,2,0,0,2,2
3,356.903,-6848.989,-364.390,52.035,0.617518,-0.786394,-0.015977,0.783885,0.613621,0.094834,-0.064773,-0.071086,0.995365,0,0.32000,-0.48000,19.200,-0.960,-1,375.000,-1,375.000,-1,300.000,325.000,275.000,300.000,525.000,725.000,900.000,-1,650.000,675.000,-1,-1,2,0,2,0,2,0,0,0,0,1,1,1,2,0,0,2,2
4,372.060,-6830.381,-365.926,50.835,0.633825,-0.773301,-0.016480,0.770957,0.629899,0.094087,-0.062377,-0.072340,0.995428,0,0.40000,-0.60000,24.000,-1.200,-1,375.000,-1,375.000,-1,325.000,325.000,275.000,300.000,550.000,725.000,875.000,-1,650.000,675.000,-1,-1,2,0,2,0,2,0,0,0,0,1,1,1,2,0,0,2,2
5,390.745,-6808.464,-367.662,49.550,0.650964,-0.758922,-0.016828,0.756744,0.647029,0.093231,-0.059866,-0.073425,0.995502,0,0.48000,-0.64244,28.800,-1.285,-1,375.000,-1,375.000,-1,325.000,325.000,275.000,300.000,550.000,725.000,875.000,-1,650.000,675.000,-1,-1,2,0,2,0,2,0,0,0,0,1,1,1,2,0,0,2,2
6,413.120,-6783.396,-369.498,48.249,0.667974,-0.743999,-0.016629,0.741953,0.664076,0.092249,-0.057590,-0.073958,0.995597,0,0.56000,-0.65082,33.600,-1.302,-1,375.000,-1,375.000,-1,325.000,325.000,300.000,300.000,600.000,725.000,875.000,-1,650.000,675.000,-1,-1,2,0,2,0,2,0,0,0,0,1,1,1,2,0,0,2,2
7,436.680,-6758.195,-371.331,46.927,0.684901,-0.728449,-0.016538,0.726541,0.681034,0.091273,-0.055225,-0.074529,0.995689,0,0.57497,-0.66099,34.498,-1.322,-1,375.000,-1,375.000,1000.000,325.000,325.000,300.000,300.000,625.000,750.000,875.000,-1,650.000,675.000,-1,-1,2,0,2,0,1,0,0,0,0,1,1,1,2,0,0,2,2
8,460.795,-6733.585,-373.107,45.583,0.701735,-0.712245,-0.016554,0.710479,0.697896,0.090336,-0.052789,-0.075154,0.995774,0,0.57425,-0.67183,34.455,-1.344,1000.000,375.000,-1,375.000,950.000,325.000,325.000,300.000,300.000,650.000,750.000,875.000,-1,650.000,675.000,-1,-1,0,0,2,0,1,0,0,0,0,1,1,1,2,0,0,2,2
9,485.500,-6709.545,-374.826,44.217,0.718459,-0.695369,-0.016677,0.693749,0.714641,0.089445,-0.050279,-0.075832,0.995852,0,0.57450,-0.68304,34.470,-1.366,1000.000,375.000,-1,375.000,925.000,325.000,325.000,300.000,300.000,700.000,750.000,875.000,-1,650.000,650.000,-1,1000.000,0,0,2,0,1,0,0,0,0,1,1,1,2,0,0,2,1
10,510.833,-6686.063,-376.490,42.828,0.735051,-0.677801,-0.016908,0.676332,0.731248,0.088606,-0.047693,-0.076565,0.995923,0,0.57569,-0.69460,34.542,-1.389,1000.000,375.000,-1,375.000,900.000,325.000,325.000,300.000,300.000,725.000,775.000,875.000,-1,650.000,650.000,-1,950.000,0,0,2,0,1,0,0,0,0,1,1,1,2,0,0,2,1
11,536.832,-6663.130,-378.100,41.415,0.751487,-0.659522,-0.017245,0.658209,0.747695,0.087826,-0.045029,-0.077351,0.995987,0,0.57779,-0.70653,34.668,-1.413,1000.000,375.000,-1,375.000,875.000,325.000,300.000,300.000,300.000,775.000,775.000,900.000,-1,650.000,650.000,-1,925.000,0,0,2,0,1,0,0,0,0,1,1,1,2,0,0,2,1
12,563.536,-6640.741,-379.584,39.977,0.767731,-0.640529,-0.017682,0.639391,0.763973,0.086743,-0.042053,-0.077901,0.996074,0,0.58078,-0.71881,34.847,-1.438,-1,375.000,-1,375.000,850.000,325.000,300.000,300.000,300.000,825.000,800.000,900.000,-1,625.000,650.000,-1,875.000,2,0,2,0,1,0,0,0,0,1,1,1,2,0,0,2,1
13,590.983,-6618.898,-380.757,38.514,0.783747,-0.620797,-0.018735,0.619905,0.780053,0.085064,-0.038193,-0.078283,0.996199,0,0.58461,-0.73144,35.077,-1.463,-1,375.000,-1,375.000,850.000,325.000,300.000,300.000,300.000,875.000,800.000,775.000,-1,625.000,650.000,-1,850.000,2,0,2,0,1,0,0,0,0,1,1,0,2,0,0,2,1
14,619.211,-6597.607,-381.775,37.025,0.799531,-0.600277,-0.020458,0.599665,0.795863,0.083692,-0.033957,-0.079182,0.996282,0,0.58927,-0.74444,35.356,-1.489,-1,375.000,-1,375.000,825.000,325.000,300.000,300.000,300.000,950.000,725.000,675.000,-1,625.000,650.000,-1,825.000,2,0,2,0,1,0,0,0,0,1,0,0,2,0,0,2,1
15,648.259,-6576.880,-382.741,35.510,0.815043,-0.578969,-0.022358,0.578642,0.811394,0.082547,-0.029651,-0.080216,0.996336,0,0.59473,-0.75780,35.684,-1.516,-1,375.000,-1,375.000,800.000,300.000,300.000,300.000,300.000,-1,650.000,625.000,-1,650.000,650.000,-1,800.000,2,0,2,0,1,0,0,0,0,2,0,0,2,0,0,2,1
16,678.163,-6556.734,-383.654,33.967,0.830249,-0.556857,-0.024424,0.556819,0.826611,0.081646,-0.025276,-0.081386,0.996362,0,0.60095,-0.77152,36.057,-1.543,-1,375.000,-1,375.000,800.000,300.000,300.000,300.000,300.000,-1,600.000,575.000,-1,650.000,650.000,-1,775.000,2,0,2,0,1,0,0,0,0,2,0,0,2,0,0,2,1
17,712.743,-6534.971,-384.605,32.184,0.847068,-0.530802,-0.026922,0.531098,0.843434,0.080960,-0.020267,-0.082876,0.996354,0,0.68095,-0.89152,40.857,-1.783,-1,375.000,-1,375.000,775.000,300.000,300.000,300.000,300.000,-1,575.000,525.000,-1,650.000,650.000,-1,750.000,2,0,2,0,1,0,0,0,0,2,0,0,2,0,1,2,1
18,751.359,-6512.341,-385.467,30.371,0.863320,-0.503797,-0.029463,0.504428,0.859694,0.080490,-0.015221,-0.084351,0.996320,0,0.74595,-0.90627,44.757,-1.813,-1,375.000,1000.000,375.000,775.000,300.000,300.000,275.000,300.000,-1,525.000,525.000,-1,650.000,625.000,-1,725.000,2,0,1,0,1,0,0,0,0,2,0,0,2,0,1,2,1
19,791.295,-6490.624,-385.932,28.536,0.878919,-0.475957,-0.031086,0.476843,0.875300,0.080441,-0.011077,-0.085525,0.996274,0,0.75763,-0.91765,45.458,-1.835,-1,375.000,950.000,375.000,750.000,300.000,300.000,275.000,300.000,-1,500.000,525.000,-1,650.000,600.000,-1,675.000,2,0,1,0,1,0,0,0,0,2,0,0,2,0,1,2,1
20,832.578,-6469.882,-386.144,26.678,0.893778,-0.447302,-0.032905,0.448464,0.890227,0.079847,-0.006423,-0.086122,0.996264,0,0.76998,-0.92910,46.199,-1.858,-1,375.000,900.000,375.000,725.000,300.000,300.000,275.000,300.000,-1,475.000,550.000,-1,650.000,575.000,1000.000,650.000,2,0,1,0,1,0,0,0,0,2,0,0,2,0,1,1,1
21,875.228,-6450.180,-385.937,24.796,0.907829,-0.417861,-0.035181,0.419339,0.904481,0.077909,-0.000735,-0.085481,0.996340,0,0.78299,-0.94057,46.980,-1.881,-1,375.000,850.000,375.000,725.000,300.000,300.000,275.000,300.000,-1,450.000,500.000,-1,650.000,550.000,925.000,625.000,2,0,1,0,1,0,0,0,0,2,0,0,2,0,1,1,1
22,919.262,-6431.588,-385.608,22.892,0.921060,-0.387600,-0.037615,0.389389,0.917916,0.076201,0.004992,-0.084833,0.996383,0,0.79661,-0.95204,47.797,-1.904,-1,375.000,800.000,375.000,725.000,300.000,325.000,275.000,300.000,-1,450.000,475.000,-1,650.000,525.000,850.000,600.000,2,0,1,0,1,0,0,0,0,2,0,0,2,1,1,1,1
23,964.692,-6414.183,-385.153,20.965,0.933417,-0.356535,-0.040192,0.358633,0.930483,0.074733,0.010753,-0.084171,0.996393,0,0.81080,-0.96347,48.648,-1.927,950.000,375.000,750.000,375.000,725.000,300.000,325.000,275.000,300.000,-1,425.000,450.000,-1,600.000,500.000,775.000,575.000,1,0,1,1,1,0,0,0,0,2,0,0,2,1,1,1,1
24,1010.059,-6398.316,-384.596,19.279,0.943357,-0.329007,-0.042795,0.331389,0.940627,0.073495,0.016074,-0.083514,0.996377,0,0.80100,-0.84347,48.060,-1.687,875.000,375.000,700.000,350.000,700.000,325.000,325.000,300.000,300.000,-1,425.000,450.000,-1,550.000,475.000,700.000,550.000,1,0,1,1,1,0,0,0,0,2,0,0,2,1,1,1,1
25,1056.648,-6383.332,-383.852,17.832,0.951226,-0.305175,-0.045133,0.307793,0.948712,0.072174,0.020793,-0.082546,0.996370,0,0.81565,-0.72347,48.939,-1.447,775.000,375.000,650.000,350.000,700.000,325.000,300.000,300.000,300.000,-1,425.000,400.000,-1,500.000,450.000,625.000,500.000,1,0,1,1,1,0,1,0,0,2,0,0,2,1,1,1,1
26,1104.402,-6369.076,-382.838,16.625,0.957335,-0.285162,-0.046819,0.287929,0.955057,0.070443,0.024627,-0.080918,0.996416,0,0.83058,-0.60347,49.835,-1.207,700.000,350.000,600.000,325.000,650.000,300.000,300.000,300.000,300.000,-1,425.000,400.000,-1,475.000,425.000,575.000,475.000,1,1,1,1,1,1,1,0,0,2,0,0,2,1,1,1,1
27,1153.266,-6355.382,-381.769,15.658,0.961898,-0.269036,-0.048707,0.271948,0.959847,0.068836,0.028232,-0.079460,0.996438,0,0.84577,-0.48347,50.746,-0.967,625.000,325.000,550.000,300.000,600.000,275.000,275.000,300.000,300.000,-1,400.000,375.000,-1,425.000,400.000,500.000,425.000,1,1,1,1,1,1,1,0,0,2,0,0,2,1,1,1,1
28,1203.178,-6342.108,-380.650,14.894,0.965276,-0.256254,-0.050761,0.259308,0.963444,0.067335,0.031651,-0.078159,0.996438,0,0.86077,-0.38160,51.646,-0.763,550.000,300.000,500.000,275.000,525.000,250.000,250.000,300.000,300.000,-1,400.000,350.000,-1,400.000,350.000,450.000,375.000,1,1,1,1,1,1,1,0,0,2,0,0,2,1,1,1,1
29,1253.655,-6329.402,-379.337,14.131,0.968496,-0.243404,-0.052636,0.246603,0.966827,0.066575,0.034685,-0.077458,0.996392,0,0.86752,-0.38181,52.051,-0.764,450.000,275.000,450.000,250.000,450.000,225.000,225.000,300.000,300.000,-1,400.000,350.000,-1,350.000,325.000,400.000,325.000,1,1,1,1,1,1,1,0,0,2,0,0,2,1,1,1,1
30,1304.695,-6317.267,-375.487,13.367,0.971095,-0.230330,-0.062635,0.234642,0.969304,0.073433,0.043799,-0.086008,0.995331,0,0.87434,-0.38196,52.460,-0.764,400.000,250.000,425.000,225.000,500.000,200.000,200.000,275.000,325.000,-1,325.000,325.000,-1,325.000,300.000,325.000,325.000,1,1,1,1,1,1,1,0,0,2,0,0,2,1,1,1,1
31,1356.294,-6305.722,-370.772,12.603,0.973229,-0.217151,-0.075306,0.223129,0.971253,0.082954,0.055128,-0.097536,0.993704,0,0.88122,-0.38206,52.873,-0.764,325.000,225.000,400.000,225.000,-1,200.000,200.000,275.000,350.000,975.000,275.000,300.000,-1,300.000,300.000,275.000,325.000,1,1,1,1,2,1,1,0,0,0,0,0,2,1,1,1,1
32,1408.455,-6294.794,-362.525,11.839,0.974485,-0.204209,-0.093150,0.211634,0.974209,0.078281,0.074762,-0.095997,0.992570,0,0.88816,-0.38210,53.290,-0.764,300.000,225.000,375.000,225.000,-1,175.000,175.000,300.000,375.000,900.000,225.000,250.000,-1,275.000,300.000,275.000,350.000,1,1,1,1,2,1,1,0,0,0,0,0,2,1,1,1,1
33,1461.175,-6284.492,-351.716,11.074,0.974495,-0.191386,-0.117180,0.199664,0.977810,0.063424,0.102442,-0.085203,0.991083,0,0.89517,-0.38209,53.710,-0.764,325.000,225.000,425.000,225.000,-1,200.000,200.000,325.000,375.000,850.000,200.000,200.000,-1,300.000,325.000,275.000,425.000,1,1,1,1,2,1,1,0,0,0,0,0,2,1,1,1,1
34,1514.446,-6274.815,-340.692,10.310,0.973659,-0.178482,-0.141890,0.187040,0.981112,0.049350,0.130402,-0.074589,0.988652,0,0.90223,-0.38205,54.134,-0.764,325.000,225.000,450.000,225.000,-1,200.000,200.000,375.000,400.000,800.000,175.000,150.000,850.000,300.000,325.000,275.000,-1,1,1,1,1,2,1,1,0,1,0,0,0,0,1,1,1,2
35,2951.728,-6887.330,-230.262,-118.396,-0.479146,0.877726,-0.003976,-0.868028,-0.474513,-0.146168,-0.130182,-0.066585,0.989252,1,0.00000,0.00000,54.561,-0.764,300.000,275.000,-1,350.000,-1,250.000,275.000,275.000,350.000,-1,-1,-1,-1,425.000,550.000,325.000,825.000,0,0,2,0,2,0,0,0,1,2,2,2,2,0,0,0,0
36,2949.427,-6891.543,-230.821,-118.636,-0.482748,0.875749,-0.004269,-0.866207,-0.478195,-0.144964,-0.128993,-0.066284,0.989428,0,0.08000,-0.12000,4.800,-0.240,300.000,275.000,-1,350.000,-1,250.000,275.000,275.000,350.000,-1,-1,-1,-1,425.000,550.000,325.000,825.000,0,0,2,0,2,0,0,0,1,2,2,2,2,0,0,0,0
37,2944.755,-6899.929,-231.942,-119.116,-0.489935,0.871746,-0.004802,-0.862517,-0.485534,-0.142550,-0.126599,-0.065698,0.989776,0,0.16000,-0.24000,9.600,-0.480,325.000,275.000,-1,350.000,-1,250.000,275.000,275.000,350.000,-1,-1,-1,-1,425.000,550.000,325.000,825.000,0,0,2,0,2,0,0,0,1,2,2,2,2,0,0,0,0
38,2937.590,-6912.419,-233.631,-119.836,-0.500667,0.865623,-0.005467,-0.856862,-0.496477,-0.138917,-0.122964,-0.064866,0.990289,0,0.24000,-0.36000,14.400,-0.720,325.000,275.000,-1,350.000,-1,250.000,275.000,275.000,350.000,-1,-1,-1,-1,450.000,550.000,350.000,850.000,0,0,2,0,2,0,0,0,1,2,2,2,2,0,0,0,0
39,2927.758,-6928.910,-235.899,-120.796,-0.514882,0.857240,-0.006092,-0.849097,-0.510944,-0.134054,-0.118029,-0.063849,0.990955,0,0.32000,-0.48000,19.200,-0.960,350.000,300.000,-1,350.000,-1,250.000,275.000,275.000,350.000,-1,-1,-1,-1,450.000,550.000,375.000,875.000,0,0,2,0,2,0,0,0,1,2,2,2,2,0,0,0,0
40,2915.039,-6949.261,-238.761,-121.996,-0.532492,0.846411,-0.006433,-0.839032,-0.528822,-0.127957,-0.111706,-0.062739,0.991759,0,0.40000,-0.60000,24.000,-1.200,375.000,300.000,-1,350.000,-1,250.000,275.000,275.000,350.000,-1,-1,-1,-1,450.000,575.000,400.000,925.000,0,0,2,0,2,0,0,0,1,2,2,2,2,0,0,0,0
41,2899.241,-6973.340,-242.203,-123.263,-0.550842,0.834588,-0.006039,-0.828118,-0.547444,-0.120528,-0.103897,-0.061391,0.992692,0,0.48000,-0.63314,28.800,-1.266,400.000,300.000,-1,350.000,-1,250.000,275.000,250.000,350.000,-1,-1,-1,425.000,475.000,575.000,425.000,975.000,0,0,2,0,2,0,0,0,1,2,2,2,1,0,0,0,0
42,2881.182,-6999.591,-245.970,-124.521,-0.568818,0.822448,-0.004950,-0.816956,-0.565694,-0.112131,-0.095022,-0.059738,0.993681,0,0.53107,-0.62910,31.864,-1.258,450.000,300.000,-1,350.000,-1,275.000,275.000,250.000,350.000,-1,-1,200.000,425.000,475.000,600.000,475.000,-1,0,0,2,0,2,0,0,0,1,2,2,1,1,0,0,0,2
43,2862.437,-7025.599,-248.789,-125.770,-0.586129,0.810175,-0.008301,-0.805313,-0.583676,-0.103891,-0.089015,-0.054209,0.994554,0,0.53433,-0.62464,32.060,-1.249,500.000,300.000,-1,350.000,-1,275.000,275.000,275.000,350.000,-1,-1,200.000,400.000,500.000,600.000,525.000,-1,0,0,2,0,2,0,0,0,1,2,2,1,1,0,0,0,2
44,2843.015,-7051.354,-251.589,-127.010,-0.603104,0.797582,-0.011294,-0.793342,-0.601249,-0.095437,-0.082910,-0.048598,0.995371,0,0.53764,-0.62015,32.258,-1.240,575.000,300.000,-1,350.000,-1,275.000,275.000,275.000,350.000,-1,-1,200.000,400.000,525.000,600.000,575.000,-1,0,0,2,0,2,0,0,0,1,2,2,1,1,0,0,0,2
45,2822.919,-7076.844,-254.368,-128.242,-0.619741,0.784683,-0.013927,-0.781049,-0.618410,-0.086784,-0.076710,-0.042906,0.996130,0,0.54099,-0.61563,32.460,-1.231,675.000,325.000,-1,350.000,-1,275.000,300.000,275.000,350.000,-1,-1,200.000,375.000,525.000,600.000,675.000,-1,0,0,2,0,2,0,0,0,1,2,2,1,1,0,0,0,2
46,2802.156,-7102.057,-257.124,-129.464,-0.636032,0.771493,-0.016195,-0.768443,-0.635154,-0.077944,-0.070419,-0.037130,0.996826,0,0.54439,-0.61110,32.663,-1.222,750.000,325.000,-1,350.000,-1,275.000,300.000,275.000,350.000,-1,-1,200.000,375.000,550.000,625.000,750.000,-1,1,0,2,0,2,0,0,0,1,2,2,1,1,0,0,0,2
47,2780.729,-7126.981,-259.874,-130.677,-0.651976,0.758024,-0.018079,-0.755525,-0.651473,-0.069026,-0.064101,-0.031344,0.997451,0,0.54781,-0.60654,32.869,-1.213,750.000,325.000,-1,350.000,-1,275.000,300.000,275.000,350.000,-1,-1,200.000,375.000,575.000,625.000,800.000,-1,1,0,2,0,2,0,0,0,1,2,2,1,1,0,0,1,2
48,2758.646,-7151.605,-262.658,-131.881,-0.667573,0.744288,-0.019547,-0.742290,-0.667363,-0.060258,-0.057895,-0.025717,0.997991,0,0.55127,-0.60195,33.076,-1.204,750.000,350.000,-1,350.000,-1,275.000,300.000,300.000,350.000,-1,-1,200.000,350.000,600.000,625.000,800.000,-1,1,0,2,0,2,0,0,0,1,2,2,1,1,0,0,1,2
49,2735.912,-7175.915,-265.423,-133.076,-0.682807,0.730307,-0.020657,-0.728772,-0.682826,-0.051394,-0.051638,-0.020038,0.998465,0,0.55475,-0.59735,33.285,-1.195,750.000,350.000,-1,350.000,-1,300.000,300.000,300.000,350.000,-1,-1,225.000,350.000,600.000,625.000,800.000,-1,1,0,2,0,2,0,0,0,1,2,2,1,1,0,0,1,2
50,2712.534,-7199.901,-268.167,-134.261,-0.697675,0.716094,-0.021411,-0.714978,-0.697857,-0.042445,-0.045336,-0.014305,0.998869,0,0.55825,-0.59273,33.495,-1.185,750.000,350.000,-1,350.000,-1,300.000,300.000,300.000,350.000,-1,425.000,225.000,350.000,625.000,650.000,775.000,-1,1,0,2,0,2,0,0,0,1,2,1,1,1,0,0,1,2
51,2688.519,-7223.551,-270.891,-135.437,-0.712173,0.701665,-0.021819,-0.700920,-0.712456,-0.033426,-0.038999,-0.008512,0.999203,0,0.56176,-0.58808,33.706,-1.176,725.000,350.000,-1,375.000,-1,300.000,300.000,300.000,350.000,-1,400.000,225.000,350.000,650.000,650.000,775.000,-1,1,0,2,0,2,0,0,0,1,2,1,1,1,0,0,1,2
52,2663.873,-7246.852,-273.591,-136.604,-0.726296,0.687034,-0.021876,-0.686607,-0.726621,-0.024350,-0.032625,-0.002666,0.999464,0,0.56530,-0.58342,33.918,-1.167,725.000,375.000,-1,375.000,-1,300.000,300.000,325.000,350.000,-1,400.000,250.000,350.000,675.000,650.000,775.000,-1,1,0,2,0,2,0,0,0,1,2,1,1,1,0,0,1,2
53,2638.604,-7269.795,-276.265,-137.761,-0.740042,0.672215,-0.021572,-0.672050,-0.740349,-0.015234,-0.026211,0.003223,0.999651,0,0.56884,-0.57873,34.130,-1.157,700.000,375.000,-1,375.000,-1,300.000,300.000,325.000,350.000,-1,400.000,250.000,325.000,700.000,650.000,775.000,-1,1,0,2,0,2,0,0,0,1,2,1,1,1,0,0,1,2
54,2612.721,-7292.367,-278.146,-138.910,-0.753399,0.657236,-0.020755,-0.657196,-0.753658,-0.009677,-0.022003,0.006350,0.999738,0,0.57239,-0.57402,34.343,-1.148,700.000,375.000,-1,375.000,-1,300.000,300.000,325.000,325.000,-1,400.000,275.000,350.000,700.000,675.000,750.000,-1,1,0,2,0,2,0,0,0,0,2,1,1,1,0,0,1,2
55,2583.350,-7316.968,-279.027,-140.050,-0.766369,0.642106,-0.019476,-0.642067,-0.766596,-0.009007,-0.020713,0.005602,0.999770,0,0.63855,-0.57035,38.313,-1.141,650.000,375.000,-1,375.000,-1,300.000,300.000,325.000,325.000,-1,450.000,325.000,375.000,700.000,675.000,725.000,-1,1,0,2,0,2,0,0,0,0,2,1,1,1,0,0,1,2
56,2553.525,-7340.960,-279.858,-141.186,-0.778977,0.626789,-0.018191,-0.626752,-0.779174,-0.008373,-0.019423,0.004879,0.999799,0,0.63794,-0.56781,38.276,-1.136,625.000,375.000,-1,375.000,-1,300.000,300.000,325.000,325.000,-1,450.000,375.000,400.000,700.000,675.000,725.000,-1,1,0,2,0,2,0,0,0,0,2,0,1,1,0,0,1,2
57,2523.256,-7364.341,-280.628,-142.316,-0.791220,0.611297,-0.016966,-0.611262,-0.791390,-0.007763,-0.018172,0.004228,0.999826,0,0.63747,-0.56521,38.248,-1.130,625.000,375.000,-1,375.000,-1,300.000,300.000,325.000,325.000,-1,450.000,400.000,425.000,700.000,675.000,700.000,-1,1,0,2,0,2,0,0,0,0,2,0,1,1,1,0,1,2
58,2492.550,-7387.111,-281.319,-143.441,-0.803094,0.595641,-0.015895,-0.595609,-0.803242,-0.007148,-0.017026,0.003727,0.999848,0,0.63713,-0.56255,38.228,-1.125,600.000,375.000,-1,375.000,-1,300.000,300.000,325.000,350.000,-1,450.000,425.000,450.000,675.000,675.000,675.000,-1,1,0,2,0,2,0,0,0,0,2,0,0,1,0,0,1,2
59,2461.415,-7409.269,-281.954,-144.561,-0.814600,0.579832,-0.014877,-0.579804,-0.814730,-0.006551,-0.015919,0.003290,0.999868,0,0.63692,-0.55984,38.215,-1.120,575.000,375.000,-1,375.000,-1,300.000,300.000,325.000,350.000,-1,450.000,425.000,475.000,675.000,675.000,675.000,-1,1,0,2,0,2,0,0,0,0,2,0,0,1,1,0,1,2
60,2429.859,-7430.815,-282.533,-145.675,-0.825739,0.563881,-0.013914,-0.563857,-0.825851,-0.005968,-0.014856,0.002917,0.999885,0,0.63682,-0.55707,38.209,-1.114,550.000,375.000,-1,375.000,-1,300.000,300.000,325.000,350.000,-1,475.000,450.000,500.000,675.000,675.000,650.000,-1,1,0,2,0,2,0,0,0,0,2,0,0,1,1,0,1,2
61,2397.672,-7451.694,-283.005,-147.029,-0.838850,0.544207,-0.013033,-0.544191,-0.838946,-0.005062,-0.013689,0.002846,0.999902,0,0.63944,-0.67707,38.366,-1.354,550.000,375.000,-1,375.000,-1,300.000,300.000,325.000,350.000,-1,475.000,450.000,500.000,675.000,675.000,625.000,-1,1,0,2,0,2,0,0,0,0,2,0,0,1,1,0,1,2
62,2364.905,-7471.718,-283.375,-148.571,-0.853199,0.521443,-0.012226,-0.521438,-0.853281,-0.003844,-0.012436,0.003095,0.999918,0,0.64003,-0.77071,38.402,-1.541,525.000,375.000,-1,375.000,-1,300.000,300.000,325.000,350.000,-1,500.000,450.000,525.000,650.000,700.000,625.000,-1,1,0,2,0,2,0,0,0,0,2,0,0,1,1,0,1,2
63,2331.559,-7490.888,-283.760,-150.106,-0.866883,0.498387,-0.011129,-0.498390,-0.866949,-0.002701,-0.010995,0.003205,0.999934,0,0.64105,-0.76785,38.463,-1.536,525.000,375.000,-1,375.000,-1,300.000,300.000,325.000,350.000,-1,500.000,450.000,550.000,650.000,700.000,625.000,-1,1,0,2,0,2,0,0,0,0,2,0,0,1,1,0,1,2
64,2297.658,-7509.190,-284.127,-151.636,-0.879896,0.475062,-0.009930,-0.475071,-0.879946,-0.001587,-0.009492,0.003321,0.999949,0,0.64210,-0.76498,38.526,-1.530,500.000,375.000,-1,375.000,-1,300.000,300.000,325.000,350.000,-1,500.000,450.000,575.000,650.000,700.000,600.000,-1,1,0,2,0,2,0,0,0,0,2,0,0,1,1,0,1,2
65,2263.225,-7526.614,-284.452,-153.161,-0.892234,0.451488,-0.008746,-0.451501,-0.892270,-0.000462,-0.008012,0.003537,0.999962,0,0.64318,-0.76211,38.591,-1.524,500.000,375.000,-1,375.000,-1,300.000,300.000,325.000,350.000,-1,525.000,450.000,600.000,650.000,700.000,600.000,-1,1,0,2,0,2,0,0,0,0,2,0,0,1,1,0,1,2
66,2228.281,-7543.147,-284.740,-154.679,-0.903896,0.427685,-0.007582,-0.427701,-0.903920,0.000673,-0.006565,0.003851,0.999971,0,0.64429,-0.75922,38.657,-1.518,500.000,375.000,-1,375.000,-1,300.000,300.000,325.000,350.000,-1,525.000,450.000,625.000,650.000,725.000,600.000,-1,1,0,2,0,2,0,0,0,0,2,0,0,1,1,0,1,2
67,2192.851,-7558.779,-284.994,-156.192,-0.914881,0.403673,-0.006440,-0.403691,-0.914893,0.001814,-0.005160,0.004260,0.999978,0,0.64542,-0.75634,38.725,-1.513,475.000,375.000,-1,375.000,-1,300.000,300.000,325.000,350.000,-1,525.000,450.000,650.000,650.000,725.000,600.000,-1,1,0,2,0,2,0,0,0,0,2,0,0,1,1,0,1,2
68,2152.649,-7575.461,-285.219,-157.464,-0.923629,0.383252,-0.005126,-0.383270,-0.923631,0.003058,-0.003562,0.004789,0.999982,0,0.72542,-0.63634,43.525,-1.273,475.000,375.000,-1,375.000,-1,300.000,300.000,325.000,350.000,-1,525.000,450.000,675.000,650.000,725.000,600.000,-1,1,0,2,0,2,0,0,0,0,2,0,0,1,1,0,1,2
69,2111.681,-7591.601,-285.388,-158.497,-0.930394,0.366543,-0.003772,-0.366557,-0.930386,0.004281,-0.001940,0.005366,0.999984,0,0.73388,-0.51634,44.033,-1.033,450.000,375.000,-1,375.000,-1,300.000,300.000,325.000,350.000,-1,525.000,450.000,700.000,650.000,750.000,625.000,-1,1,0,2,0,2,0,0,0,0,2,0,0,1,1,0,1,2
70,2070.773,-7606.957,-285.509,-159.425,-0.936211,0.351429,-0.002417,-0.351437,-0.936195,0.005479,-0.000338,0.005979,0.999982,0,0.72826,-0.46387,43.696,-0.928,450.000,375.000,-1,375.000,-1,300.000,300.000,325.000,350.000,-1,525.000,425.000,725.000,650.000,750.000,625.000,-1,1,0,2,0,2,0,0,0,0,2,0,0,1,1,0,1,2
71,2029.945,-7621.536,-285.590,-160.350,-0.941765,0.336269,-0.001082,-0.336269,-0.941743,0.006653,0.001218,0.006629,0.999977,0,0.72254,-0.46248,43.353,-0.925,450.000,375.000,-1,400.000,-1,300.000,325.000,325.000,350.000,-1,500.000,425.000,725.000,650.000,750.000,650.000,-1,1,0,2,0,2,0,0,0,0,2,0,0,1,1,0,1,2
72,1989.225,-7635.341,-285.675,-161.273,-0.947061,0.321055,0.000030,-0.321045,-0.947031,0.007900,0.002564,0.007472,0.999969,0,0.71661,-0.46145,42.996,-0.923,450.000,375.000,-1,400.000,-1,300.000,325.000,325.000,350.000,-1,500.000,425.000,750.000,650.000,775.000,675.000,-1,1,0,2,0,2,0,0,0,0,2,0,0,1,1,0,1,2
73,1948.636,-7648.377,-285.727,-162.194,-0.952102,0.305780,0.001093,-0.305758,-0.952066,0.009114,0.003828,0.008343,0.999958,0,0.71052,-0.46077,42.631,-0.922,450.000,375.000,-1,400.000,-1,300.000,325.000,325.000,350.000,-1,475.000,400.000,775.000,650.000,775.000,-1,-1,1,0,2,0,2,0,0,1,0,2,0,0,1,1,0,2,2
74,1904.573,-7661.709,-285.728,-163.166,-0.957147,0.289595,0.002138,-0.289559,-0.957103,0.010447,0.005072,0.009381,0.999943,0,0.76726,-0.48562,46.036,-0.971,450.000,375.000,-1,400.000,-1,300.000,325.000,325.000,350.000,-1,475.000,400.000,800.000,650.000,775.000,-1,-1,1,0,2,0,2,0,0,1,0,2,0,0,1,1,0,2,2
75,1860.515,-7674.245,-285.572,-164.118,-0.961827,0.273644,0.002738,-0.273592,-0.961769,0.012145,0.005957,0.010932,0.999922,0,0.76346,-0.47616,45.807,-0.952,475.000,375.000,-1,400.000,-1,300.000,325.000,300.000,350.000,-1,475.000,400.000,825.000,650.000,775.000,-1,-1,1,0,2,0,2,0,0,1,0,2,0,0,1,1,0,2,2
76,1816.516,-7685.993,-285.344,-165.051,-0.966155,0.257939,0.003338,-0.257870,-0.966078,0.014011,0.006839,0.012676,0.999896,0,0.75900,-0.46657,45.540,-0.933,500.000,375.000,-1,400.000,-1,300.000,325.000,300.000,350.000,-1,500.000,400.000,850.000,650.000,800.000,-1,-1,1,0,2,0,2,0,0,1,0,2,0,0,1,1,0,2,2
77,1772.631,-7696.964,-285.078,-165.965,-0.970146,0.242492,0.003882,-0.242403,-0.970045,0.015901,0.007622,0.014485,0.999866,0,0.75393,-0.45693,45.236,-0.914,-1,375.000,-1,400.000,-1,300.000,325.000,300.000,350.000,-1,550.000,425.000,850.000,650.000,800.000,-1,-1,2,0,2,0,2,0,0,1,0,2,0,0,1,0,0,2,2
78,1728.910,-7707.171,-284.780,-166.859,-0.973812,0.227311,0.004372,-0.227201,-0.973685,0.017811,0.008305,0.016351,0.999832,0,0.74828,-0.44729,44.897,-0.895,-1,375.000,-1,400.000,-1,300.000,325.000,275.000,350.000,-1,575.000,425.000,875.000,650.000,800.000,-1,-1,2,0,2,0,2,0,0,1,0,2,0,0,1,0,0,2,2
79,1685.396,-7716.622,-284.483,-167.747,-0.977215,0.212200,0.004706,-0.212069,-0.977054,0.019820,0.008804,0.018370,0.999792,0,0.74213,-0.44359,44.528,-0.887,-1,375.000,-1,400.000,-1,300.000,325.000,275.000,350.000,-1,625.000,425.000,900.000,650.000,800.000,-1,-1,2,0,2,0,2,0,0,1,0,2,0,0,1,0,0,2,2
80,1642.131,-7725.323,-284.166,-168.630,-0.980370,0.197104,0.004988,-0.196953,-0.980169,0.021849,0.009196,0.020438,0.999749,0,0.73553,-0.44166,44.132,-0.883,-1,375.000,-1,400.000,-1,300.000,325.000,275.000,350.000,-1,650.000,450.000,925.000,650.000,800.000,-1,-1,2,0,2,0,2,0,0,1,0,2,0,0,1,0,0,2,2
81,1599.149,-7733.282,-283.828,-169.510,-0.983282,0.182016,0.005242,-0.181843,-0.983038,0.023874,0.009498,0.022522,0.999701,0,0.72854,-0.44010,43.712,-0.880,-1,375.000,-1,400.000,-1,300.000,325.000,275.000,350.000,-1,700.000,450.000,925.000,650.000,800.000,-1,-1,2,0,2,0,2,0,0,1,0,2,0,0,1,0,0,2,2
82,1556.482,-7740.508,-283.475,-170.388,-0.985954,0.166925,0.005466,-0.166732,-0.985662,0.025895,0.009710,0.024620,0.999650,0,0.72125,-0.43893,43.275,-0.878,-1,375.000,-1,400.000,-1,300.000,325.000,250.000,350.000,-1,775.000,500.000,950.000,650.000,825.000,-1,-1,2,0,2,0,2,0,0,1,0,2,0,0,1,0,0,2,2
83,1514.153,-7747.013,-283.113,-171.264,-0.988392,0.151823,0.005660,-0.151610,-0.988046,0.027910,0.009830,0.026727,0.999594,0,0.71376,-0.43815,42.826,-0.876,-1,375.000,-1,400.000,-1,300.000,325.000,250.000,350.000,-1,825.000,525.000,975.000,650.000,825.000,-1,-1,2,0,2,0,2,0,0,1,0,2,0,0,1,0,0,2,2
84,1472.180,-7752.809,-282.747,-172.140,-0.990595,0.136700,0.005823,-0.136469,-0.990193,0.029917,0.009855,0.028841,0.999535,0,0.70618,-0.43774,42.371,-0.875,-1,375.000,-1,400.000,-1,300.000,325.000,250.000,350.000,750.000,900.000,575.000,1000.000,650.000,825.000,-1,-1,2,0,2,0,2,0,0,1,0,1,0,0,1,0,0,2,2
85,1430.576,-7757.907,-282.382,-173.015,-0.992568,0.121548,0.005953,-0.121300,-0.992103,0.031916,0.009785,0.030957,0.999473,0,0.69859,-0.43771,41.915,-0.875,-1,375.000,-1,400.000,-1,300.000,325.000,250.000,350.000,700.000,975.000,625.000,1000.000,650.000,825.000,-1,-1,2,0,2,0,2,0,0,1,0,1,0,0,1,0,0,2,2
86,1389.346,-7762.320,-282.024,-173.891,-0.994310,0.106358,0.006050,-0.106094,-0.993778,0.033908,0.009619,0.033073,0.999407,0,0.69109,-0.43803,41.466,-0.876,-1,375.000,-1,400.000,-1,300.000,325.000,250.000,350.000,675.000,-1,675.000,-1,650.000,850.000,-1,-1,2,0,2,0,2,0,0,1,0,1,2,0,2,0,0,2,2
87,1348.490,-7766.062,-281.678,-174.769,-0.995821,0.091121,0.006114,-0.090845,-0.995218,0.035893,0.009355,0.035187,0.999337,0,0.68377,-0.43870,41.026,-0.877,-1,375.000,-1,400.000,-1,300.000,325.000,250.000,350.000,650.000,-1,725.000,-1,650.000,850.000,-1,-1,2,0,2,0,2,0,0,1,0,1,2,0,2,0,0,2,2
88,1308.005,-7769.144,-281.348,-175.648,-0.997100,0.075830,0.006374,-0.075536,-0.996423,0.037892,0.009225,0.037300,0.999262,0,0.67671,-0.43971,40.602,-0.879,-1,375.000,-1,400.000,-1,300.000,325.000,250.000,350.000,625.000,-1,800.000,-1,650.000,875.000,-1,-1,2,0,2,0,2,0,0,1,0,1,2,0,2,0,0,2,2
89,1267.881,-7771.578,-280.959,-176.530,-0.998147,0.060476,0.006665,-0.060163,-0.997388,0.039967,0.009064,0.039492,0.999179,0,0.66996,-0.44103,40.198,-0.882,-1,375.000,-1,400.000,-1,300.000,325.000,250.000,350.000,600.000,-1,850.000,-1,650.000,875.000,-1,-1,2,0,2,0,2,0,0,1,0,1,2,0,2,0,0,2,2
90,1228.105,-7773.374,-280.573,-177.415,-0.998961,0.045054,0.006931,-0.044724,-0.998111,0.042125,0.008815,0.041771,0.999088,0,0.66360,-0.44266,39.816,-0.885,-1,375.000,-1,400.000,-1,300.000,325.000,275.000,350.000,575.000,-1,925.000,-1,650.000,875.000,-1,-1,2,0,2,0,2,0,0,1,0,1,2,0,2,0,0,2,2
91,1183.503,-7774.512,-280.214,-178.541,-0.999652,0.025440,0.007046,-0.025101,-0.998685,0.044697,0.008174,0.044504,0.998976,0,0.74360,-0.56266,44.616,-1.125,-1,375.000,-1,400.000,-1,300.000,325.000,275.000,350.000,575.000,-1,-1,-1,675.000,900.000,-1,-1,2,0,2,0,2,0,0,1,0,1,2,2,2,0,0,2,2
92,1134.087,-7774.595,-279.881,-179.906,-0.999974,0.001637,0.007081,-0.001298,-0.998865,0.047607,0.007151,0.047596,0.998841,0,0.82360,-0.68266,49.416,-1.365,-1,375.000,-1,400.000,-1,300.000,325.000,275.000,350.000,550.000,-1,-1,-1,700.000,900.000,-1,-1,2,0,2,0,2,0,0,1,0,1,2,2,2,0,0,2,2
93,1083.487,-7773.412,-279.617,-181.342,-0.999702,-0.023382,0.007052,0.023710,-0.998435,0.050645,0.005857,0.050797,0.998692,0,0.84356,-0.71773,50.614,-1.435,-1,375.000,-1,425.000,-1,325.000,325.000,300.000,350.000,525.000,-1,-1,-1,725.000,925.000,-1,-1,2,0,2,0,2,0,0,1,0,1,2,2,2,0,0,2,2
94,1033.285,-7770.972,-279.440,-182.785,-0.998798,-0.048510,0.006975,0.048815,-0.997363,0.053711,0.004351,0.053987,0.998532,0,0.83767,-0.72151,50.260,-1.443,-1,375.000,-1,425.000,-1,325.000,325.000,300.000,350.000,525.000,-1,-1,-1,725.000,925.000,-1,-1,2,0,2,0,2,0,0,0,0,1,2,2,2,0,0,2,2
95,983.455,-7767.283,-279.390,-184.236,-0.997253,-0.073743,0.006955,0.074020,-0.995632,0.056905,0.002728,0.057264,0.998355,0,0.83276,-0.72569,49.966,-1.451,-1,375.000,-1,425.000,-1,325.000,325.000,300.000,325.000,550.000,-1,-1,-1,750.000,925.000,-1,-1,2,0,2,0,2,0,0,0,0,1,2,2,2,0,0,2,2
96,933.971,-7762.349,-279.447,-185.696,-0.995056,-0.099076,0.006916,0.099313,-0.993238,0.060118,0.000913,0.060508,0.998167,0,0.82882,-0.73025,49.729,-1.461,-1,375.000,-1,425.000,-1,325.000,325.000,300.000,325.000,575.000,-1,-1,-1,775.000,925.000,-1,-1,2,0,2,0,2,0,0,0,0,1,2,2,2,0,0,2,2
97,884.807,-7756.170,-279.610,-187.167,-0.992196,-0.124505,0.006822,0.124687,-0.990175,0.063301,-0.001126,0.063658,0.997971,0,0.82584,-0.73517,49.550,-1.470,-1,375.000,-1,425.000,-1,325.000,325.000,300.000,325.000,600.000,-1,-1,-1,800.000,925.000,-1,-1,2,0,2,0,2,0,0,0,0,1,2,2,2,0,0,2,2
98,835.941,-7748.740,-279.886,-188.648,-0.988660,-0.150022,0.006677,0.150132,-0.986430,0.066450,-0.003382,0.066699,0.997767,0,0.82378,-0.74040,49.427,-1.481,-1,400.000,-1,425.000,-1,325.000,325.000,300.000,325.000,625.000,-1,-1,-1,800.000,925.000,-1,-1,2,0,2,0,2,0,0,0,0,1,2,2,2,0,0,2,2
99,787.355,-7740.053,-280.287,-190.139,-0.984437,-0.175618,0.006485,0.175640,-0.981994,0.069561,-0.005848,0.069617,0.997557,0,0.82261,-0.74594,49.356,-1.492,-1,400.000,-1,425.000,-1,325.000,325.000,300.000,325.000,675.000,-1,-1,-1,825.000,925.000,-1,-1,2,0,2,0,2,0,0,0,0,1,2,2,2,1,0,2,2
100,739.032,-7730.098,-280.824,-191.643,-0.979513,-0.201283,0.006249,0.201200,-0.976854,0.072630,-0.008515,0.072399,0.997339,0,0.82227,-0.75176,49.336,-1.504,-1,400.000,-1,425.000,-1,325.000,325.000,300.000,325.000,725.000,-1,-1,-1,800.000,925.000,975.000,-1,2,0,2,0,2,0,0,0,0,1,2,2,2,1,1,1,2
101,690.963,-7718.861,-281.603,-193.159,-0.973877,-0.227014,0.005396,0.226768,-0.971028,0.075372,-0.011870,0.074627,0.997141,0,0.82273,-0.75784,49.364,-1.516,975.000,400.000,-1,425.000,-1,325.000,350.000,300.000,325.000,800.000,-1,-1,-1,750.000,900.000,925.000,-1,1,0,2,0,2,0,0,0,0,1,2,2,2,1,1,1,2
102,643.142,-7706.327,-282.826,-194.687,-0.967509,-0.252815,0.003219,0.252302,-0.964563,0.077213,-0.016415,0.075516,0.997009,0,0.82393,-0.76417,49.436,-1.528,900.000,400.000,-1,425.000,-1,325.000,325.000,275.000,325.000,875.000,-1,-1,-1,725.000,875.000,850.000,-1,1,0,2,0,2,0,0,0,0,1,2,2,2,1,1,1,2
103,595.566,-7692.479,-284.152,-196.228,-0.960391,-0.278654,0.000994,0.277855,-0.957357,0.079146,-0.021103,0.076287,0.996863,0,0.82581,-0.77072,49.549,-1.541,825.000,400.000,-1,425.000,-1,325.000,325.000,275.000,325.000,975.000,-1,-1,-1,675.000,825.000,800.000,-1,1,0,2,0,2,0,0,0,0,1,2,2,2,1,1,1,2
104,548.240,-7677.299,-285.582,-197.783,-0.952506,-0.304515,-0.001404,0.303401,-0.949397,0.081199,-0.026059,0.076916,0.996697,0,0.82834,-0.77749,49.700,-1.555,750.000,400.000,1000.000,425.000,-1,325.000,325.000,275.000,325.000,-1,-1,-1,-1,650.000,800.000,725.000,-1,1,0,1,0,2,0,0,0,0,2,2,2,2,1,1,1,2
105,496.866,-7659.101,-287.373,-199.505,-0.942961,-0.332883,-0.003801,0.331413,-0.939755,0.083815,-0.031473,0.077774,0.996474,0,0.90834,-0.86094,54.500,-1.722,700.000,400.000,950.000,425.000,-1,325.000,325.000,275.000,325.000,-1,-1,-1,-1,600.000,775.000,675.000,-1,1,0,1,0,2,0,0,0,0,2,2,2,2,1,1,1,2
106,441.584,-7637.640,-289.487,-201.217,-0.932633,-0.360774,-0.006118,0.358928,-0.929331,0.086687,-0.036960,0.078651,0.996217,0,0.98834,-0.85567,59.300,-1.711,625.000,400.000,900.000,400.000,-1,325.000,325.000,275.000,300.000,-1,-1,-1,-1,550.000,725.000,600.000,-1,1,0,1,0,2,0,0,0,0,2,2,2,2,1,1,1,2
107,386.536,-7614.369,-291.789,-202.916,-0.921562,-0.388144,-0.008174,0.385922,-0.918173,0.089569,-0.042271,0.079389,0.995947,0,0.99607,-0.84944,59.764,-1.699,550.000,400.000,850.000,400.000,-1,325.000,325.000,300.000,300.000,-1,-1,-1,-1,525.000,700.000,550.000,975.000,1,0,1,0,2,0,0,0,0,2,2,2,2,1,1,1,1
108,331.981,-7589.390,-294.275,-204.600,-0.909789,-0.414951,-0.009949,0.412360,-0.906323,0.092407,-0.047362,0.079968,0.995672,0,1.00000,-0.84236,60.000,-1.685,475.000,375.000,775.000,400.000,-1,325.000,325.000,300.000,300.000,-1,-1,-1,-1,475.000,650.000,475.000,925.000,1,1,1,0,2,0,0,0,0,2,2,2,2,1,1,1,1
109,278.176,-7562.834,-296.938,-206.269,-0.897358,-0.441155,-0.011435,0.438205,-0.893825,0.095148,-0.052196,0.080371,0.995397,0,1.00000,-0.83440,60.000,-1.669,425.000,350.000,725.000,400.000,-1,325.000,325.000,300.000,300.000,-1,-1,-1,-1,450.000,625.000,425.000,875.000,1,1,1,0,2,0,0,0,0,2,2,2,2,1,1,1,1
110,225.159,-7534.738,-299.781,-207.920,-0.884317,-0.466717,-0.012634,0.463426,-0.880728,0.097750,-0.056749,0.080587,0.995131,0,1.00000,-0.82553,60.000,-1.651,350.000,325.000,675.000,400.000,-1,300.000,325.000,300.000,300.000,-1,-1,-1,-1,400.000,575.000,350.000,825.000,1,1,1,0,2,1,0,0,0,2,2,2,2,1,1,1,1
111,172.964,-7505.144,-302.887,-209.551,-0.870709,-0.491613,-0.013486,0.488033,-0.867105,0.099761,-0.060738,0.080281,0.994920,0,1.00000,-0.81568,60.000,-1.631,300.000,300.000,625.000,400.000,-1,275.000,325.000,300.000,300.000,-1,-1,-1,-1,375.000,550.000,300.000,800.000,1,1,1,0,2,1,1,0,0,2,2,2,2,1,1,1,1
112,121.621,-7474.095,-306.596,-211.161,-0.856558,-0.515866,-0.013844,0.512178,-0.853103,0.099442,-0.063110,0.078087,0.994947,0,1.00000,-0.80481,60.000,-1.610,250.000,275.000,600.000,375.000,-1,250.000,300.000,300.000,300.000,-1,-1,-1,-1,350.000,525.000,250.000,775.000,1,1,1,1,2,1,1,0,0,2,2,2,2,1,1,1,1
113,71.154,-7441.643,-308.585,-212.747,-0.842265,-0.539041,-0.004936,0.535799,-0.838136,0.102212,-0.059234,0.083445,0.994750,0,1.00000,-0.79286,60.000,-1.586,200.000,250.000,575.000,350.000,-1,250.000,275.000,325.000,300.000,-1,-1,-1,-1,325.000,500.000,200.000,775.000,1,1,1,1,2,1,1,0,0,2,2,2,2,1,1,1,1
114,21.581,-7407.844,-307.862,-214.306,-0.827766,-0.560771,0.018431,0.559194,-0.821862,0.108835,-0.045884,0.100397,0.993889,0,1.00000,-0.77980,60.000,-1.560,200.000,250.000,575.000,350.000,-1,250.000,275.000,350.000,300.000,-1,-1,-1,-1,325.000,525.000,200.000,-1,1,1,1,1,2,1,1,1,0,2,2,2,2,1,1,1,2
115,-27.074,-7372.734,-307.359,-215.838,-0.812497,-0.581468,0.041762,0.582047,-0.805112,0.114083,-0.032712,0.116999,0.992593,0,1.00000,-0.76559,60.000,-1.531,200.000,250.000,700.000,350.000,-1,250.000,275.000,350.000,275.000,-1,-1,200.000,-1,325.000,525.000,200.000,-1,1,1,1,1,2,1,1,1,0,2,2,0,2,1,1,1,2
116,-74.797,-7336.365,-307.074,-217.338,-0.796523,-0.601105,0.064997,0.604287,-0.787978,0.118014,-0.019722,0.133278,0.990882,0,1.00000,-0.75021,60.000,-1.500,200.000,250.000,-1,350.000,-1,225.000,275.000,350.000,275.000,-1,275.000,100.000,775.000,325.000,575.000,200.000,-1,1,1,2,1,2,1,1,1,0,2,0,0,0,1,1,1,2
117,-121.576,-7298.789,-307.049,-218.805,-0.779903,-0.619641,0.088293,0.625863,-0.770531,0.120735,-0.006780,0.149421,0.988750,0,1.00000,-0.73367,60.000,-1.467,175.000,250.000,-1,350.000,-1,225.000,275.000,325.000,275.000,-1,225.000,75.000,575.000,325.000,650.000,200.000,-1,1,1,2,1,2,1,1,1,0,2,0,0,0,1,1,1,2
118,-167.335,-7260.115,-307.033,-220.237,-0.762677,-0.637154,0.111166,0.646748,-0.752972,0.121448,0.006324,0.164522,0.986353,0,0.99850,-0.71603,59.910,-1.432,175.000,250.000,-1,350.000,-1,225.000,275.000,300.000,250.000,-1,200.000,50.000,450.000,325.000,950.000,200.000,-1,1,1,2,1,2,1,1,1,0,2,0,0,0,1,0,1,2
119,-211.706,-7220.725,-307.062,-221.632,-0.744948,-0.653663,0.133331,0.666842,-0.735404,0.120426,0.019334,0.178621,0.983728,0,0.98879,-0.69741,59.328,-1.395,175.000,250.000,-1,375.000,-1,225.000,275.000,300.000,250.000,-1,175.000,25.000,350.000,325.000,1000.000,175.000,-1,1,1,2,1,2,1,1,1,0,2,0,0,0,1,0,1,2
120,3607.629,3607.628,-167.074,-28.952,0.874656,0.484030,-0.026304,-0.484208,0.874953,-0.000437,0.022803,0.013119,0.999654,1,0.00000,0.00000,58.621,-1.356,-1,400.000,-1,450.000,-1,325.000,350.000,325.000,325.000,675.000,-1,-1,-1,950.000,-1,-1,-1,2,0,2,0,2,0,0,0,0,1,2,2,2,0,2,2,2
121,3611.838,3605.323,-167.001,-28.712,0.876679,0.480360,-0.026222,-0.480544,0.876970,-0.000847,0.022590,0.013344,0.999656,0,0.08000,0.12000,4.800,0.240,-1,400.000,-1,450.000,-1,325.000,350.000,325.000,325.000,675.000,-1,-1,-1,950.000,-1,-1,-1,2,0,2,0,2,0,0,0,0,1,2,2,2,0,2,2,2
122,3620.296,3600.781,-166.853,-28.232,0.880681,0.472993,-0.026042,-0.473191,0.880958,-0.001658,0.022158,0.013783,0.999659,0,0.16000,0.24000,9.600,0.480,-1,400.000,-1,450.000,-1,325.000,350.000,325.000,325.000,700.000,-1,-1,-1,950.000,-1,-1,-1,2,0,2,0,2,0,0,0,0,1,2,2,2,0,2,2,2
123,3633.068,3594.130,-166.627,-27.512,0.886568,0.461882,-0.025732,-0.462098,0.886824,-0.002854,0.021502,0.014420,0.999665,0,0.24000,0.36000,14.400,0.720,-1,400.000,-1,450.000,-1,325.000,350.000,325.000,325.000,725.000,-1,-1,-1,950.000,-1,-1,-1,2,0,2,0,2,0,0,0,0,1,2,2,2,0,2,2,2
124,3650.243,3585.547,-166.318,-26.552,0.894201,0.446953,-0.025247,-0.447191,0.894428,-0.004410,0.020610,0.015234,0.999672,0,0.32000,0.48000,19.200,0.960,-1,400.000,-1,450.000,-1,325.000,350.000,325.000,325.000,725.000,-1,-1,-1,925.000,-1,-1,-1,2,0,2,0,2,0,0,0,0,1,2,2,2,0,2,2,2
125,3671.932,3575.272,-165.920,-25.352,0.903390,0.428117,-0.024530,-0.428377,0.903578,-0.006290,0.019472,0.016191,0.999679,0,0.40000,0.60000,24.000,1.200,-1,400.000,-1,425.000,-1,325.000,350.000,325.000,325.000,775.000,-1,-1,-1,925.000,-1,-1,-1,2,0,2,0,2,0,0,0,0,1,2,2,2,0,2,2,2
126,3698.260,3563.598,-165.426,-23.912,0.913895,0.405268,-0.023515,-0.405547,0.914035,-0.008444,0.018071,0.017253,0.999688,0,0.48000,0.72000,28.800,1.440,-1,400.000,-1,425.000,-1,325.000,350.000,350.000,325.000,800.000,-1,-1,-1,925.000,-1,-1,-1,2,0,2,0,2,0,0,0,0,1,2,2,2,0,2,2,2
127,3729.330,3550.807,-164.814,-22.377,0.924458,0.380639,-0.022158,-0.380932,0.924540,-0.010821,0.016367,0.018445,0.999696,0,0.56000,0.76722,33.600,1.534,-1,400.000,-1,425.000,-1,325.000,350.000,350.000,300.000,825.000,-1,-1,-1,900.000,-1,-1,-1,2,0,2,0,2,0,0,0,0,1,2,2,2,0,2,2,2
128,3765.214,3537.136,-164.070,-20.856,0.934283,0.355946,-0.020437,-0.356244,0.934297,-0.013381,0.014332,0.019782,0.999702,0,0.64000,0.76078,38.400,1.522,-1,400.000,-1,425.000,-1,325.000,350.000,350.000,300.000,875.000,-1,-1,-1,875.000,-1,-1,-1,2,0,2,0,2,0,0,0,0,1,2,2,2,0,2,2,2
129,3805.974,3522.824,-163.191,-19.349,0.943368,0.331242,-0.018322,-0.331533,0.943307,-0.016074,0.011959,0.021238,0.999703,0,0.72000,0.75348,43.200,1.507,-1,400.000,-1,425.000,-1,325.000,350.000,350.000,300.000,925.000,-1,-1,-1,875.000,-1,-1,-1,2,0,2,0,2,0,0,0,0,1,2,2,2,0,2,2,2
