timestep,x_cm,y_cm,z_cm,yaw_deg,basis_xx,basis_xy,basis_xz,basis_yx,basis_yy,basis_yz,basis_zx,basis_zy,basis_zz,teleport_flag,throttle_cmd,steering_cmd,cmd_move_cm,cmd_turn_deg,lidar_cm_0,lidar_cm_1,lidar_cm_2,lidar_cm_3,lidar_cm_4,lidar_cm_5,lidar_cm_6,lidar_cm_7,lidar_cm_8,lidar_cm_9,lidar_cm_10,lidar_cm_11,lidar_cm_12,lidar_cm_13,lidar_cm_14,lidar_cm_15,lidar_cm_16,lidar_class_0,lidar_class_1,lidar_class_2,lidar_class_3,lidar_class_4,lidar_class_5,lidar_class_6,lidar_class_7,lidar_class_8,lidar_class_9,lidar_class_10,lidar_class_11,lidar_class_12,lidar_class_13,lidar_class_14,lidar_class_15,lidar_class_16
0,6890.746,-8858.420,-381.313,-43.952,0.719324,0.693976,-0.031136,-0.692252,0.719836,0.051220,0.057958,-0.015290,0.998202,1,0.08000,0.01186,4.800,0.024,-1,125.000,150.000,125.000,325.000,100.000,100.000,325.000,400.000,-1,150.000,175.000,1000.000,150.000,150.000,225.000,225.000,2,1,1,1,1,1,1,0,0,2,0,0,0,1,1,1,1
1,6897.661,-8865.081,-378.682,-43.929,0.719343,0.693674,-0.036901,-0.691472,0.720116,0.057439,0.066417,-0.015802,0.997667,0,0.16000,0.01181,9.600,0.024,-1,125.000,150.000,125.000,325.000,100.000,100.000,325.000,400.000,-1,125.000,150.000,950.000,150.000,150.000,225.000,225.000,2,1,1,1,1,1,1,0,0,2,0,0,0,1,1,1,1
2,6908.037,-8875.069,-374.597,-43.905,0.719116,0.693371,-0.045910,-0.690325,0.720392,0.066976,0.079513,-0.016471,0.996698,0,0.24000,0.01174,14.400,0.023,-1,125.000,150.000,125.000,325.000,100.000,100.000,350.000,425.000,-1,125.000,125.000,900.000,150.000,150.000,225.000,200.000,2,1,1,1,1,1,1,0,0,2,0,0,0,1,1,1,1
3,6921.879,-8888.381,-368.892,-43.882,0.718494,0.693069,-0.058499,-0.688636,0.720664,0.080153,0.097710,-0.017305,0.995065,0,0.32000,0.01165,19.200,0.023,-1,125.000,150.000,125.000,325.000,100.000,100.000,350.000,450.000,950.000,100.000,125.000,825.000,150.000,150.000,225.000,200.000,2,1,1,1,1,1,1,0,0,0,0,0,0,1,1,1,1
4,3607.652,-327.986,-156.872,-99.307,-0.150332,0.982534,-0.109666,-0.982257,-0.161020,-0.096145,-0.112124,0.093267,0.989308,1,0.00000,0.00000,24.000,0.023,-1,375.000,925.000,300.000,250.000,300.000,275.000,650.000,225.000,225.000,175.000,-1,-1,700.000,450.000,-1,300.000,2,0,1,0,0,0,0,0,0,1,1,2,2,0,1,2,0
5,3606.895,-332.726,-157.494,-99.067,-0.146564,0.983375,-0.107205,-0.982966,-0.156931,-0.095656,-0.110889,0.091359,0.989625,0,0.08000,0.12000,4.800,0.240,-1,375.000,925.000,300.000,250.000,300.000,275.000,625.000,225.000,225.000,175.000,-1,-1,700.000,450.000,-1,300.000,2,0,1,0,0,0,0,0,0,1,1,2,2,0,1,2,0
6,3605.459,-342.217,-158.723,-98.587,-0.138992,0.984988,-0.102369,-0.984336,-0.148738,-0.094655,-0.108460,0.087610,0.990233,0,0.16000,0.24000,9.600,0.480,-1,400.000,950.000,300.000,275.000,300.000,275.000,625.000,225.000,225.000,200.000,-1,-1,700.000,450.000,-1,325.000,2,0,1,0,0,0,0,0,0,1,1,2,2,0,1,2,0
7,3603.485,-356.480,-160.535,-97.867,-0.127549,0.987241,-0.095327,-0.986268,-0.136412,-0.093097,-0.104913,0.082144,0.991083,0,0.24000,0.36000,14.400,0.720,-1,400.000,975.000,300.000,300.000,300.000,275.000,600.000,225.000,225.000,225.000,-1,-1,725.000,425.000,-1,375.000,2,0,1,0,0,0,0,0,0,1,1,2,2,0,1,2,0
8,3601.172,-375.538,-162.893,-96.907,-0.112141,0.989936,-0.086319,-0.988611,-0.119919,-0.090922,-0.100358,0.075139,0.992110,0,0.32000,0.48000,19.200,0.960,-1,400.000,1000.000,300.000,350.000,300.000,275.000,550.000,225.000,225.000,250.000,-1,-1,725.000,425.000,-1,425.000,2,0,1,0,0,0,0,0,0,1,1,2,2,0,1,2,1
9,3598.782,-399.417,-165.752,-95.707,-0.092665,0.992820,-0.075646,-0.991161,-0.099220,-0.088062,-0.094936,0.066817,0.993238,0,0.40000,0.60000,24.000,1.200,-1,400.000,-1,325.000,400.000,300.000,275.000,525.000,225.000,250.000,275.000,-1,-1,725.000,425.000,-1,425.000,2,0,2,1,0,0,0,0,0,1,1,2,2,0,1,2,1
10,3596.635,-428.135,-169.055,-94.267,-0.069016,0.995582,-0.063663,-0.993655,-0.074283,-0.084454,-0.088810,0.057430,0.994392,0,0.48000,0.72000,28.800,1.440,-1,400.000,-1,325.000,425.000,300.000,275.000,475.000,250.000,250.000,325.000,-1,-1,725.000,425.000,-1,400.000,2,0,2,1,1,0,1,0,0,1,1,2,2,0,1,2,1
11,3595.115,-461.699,-172.744,-92.587,-0.041102,0.997865,-0.050756,-0.995771,-0.045087,-0.080043,-0.082160,0.047252,0.995498,0,0.56000,0.84000,33.600,1.680,-1,400.000,-1,325.000,400.000,300.000,275.000,450.000,250.000,250.000,425.000,-1,1000.000,725.000,425.000,-1,400.000,2,0,2,1,1,0,1,0,0,1,1,2,1,0,1,2,1
12,3594.666,-500.095,-176.756,-90.667,-0.008860,0.999264,-0.037322,-0.997132,-0.011634,-0.074787,-0.075166,0.036553,0.996501,0,0.64000,0.96000,38.400,1.920,-1,400.000,-1,325.000,375.000,300.000,275.000,400.000,250.000,250.000,-1,-1,925.000,725.000,450.000,-1,375.000,2,0,2,1,1,0,1,0,0,1,2,2,1,0,1,2,1
13,3595.617,-541.045,-180.825,-88.667,0.024988,0.999390,-0.024402,-0.997351,0.023254,-0.068916,-0.068307,0.026060,0.997324,0,0.68270,1.00000,40.962,2.000,-1,400.000,-1,325.000,375.000,325.000,300.000,375.000,275.000,275.000,-1,-1,875.000,750.000,450.000,1000.000,375.000,2,0,2,1,1,0,1,0,0,1,2,2,1,0,1,1,1
14,3598.006,-582.076,-184.710,-86.667,0.059041,0.998174,-0.012735,-0.996329,0.058130,-0.062842,-0.061987,0.016399,0.997942,0,0.68503,1.00000,41.102,2.000,-1,400.000,-1,325.000,350.000,325.000,300.000,350.000,275.000,275.000,-1,-1,850.000,750.000,475.000,975.000,375.000,2,0,2,1,1,0,1,0,0,1,2,2,1,0,1,1,1
15,3601.839,-623.137,-188.432,-84.667,0.093213,0.995644,-0.002192,-0.994063,0.092940,-0.056572,-0.056122,0.007453,0.998396,0,0.68734,1.00000,41.240,2.000,-1,400.000,-1,325.000,325.000,325.000,300.000,325.000,300.000,300.000,-1,-1,825.000,750.000,475.000,950.000,375.000,2,0,2,1,1,0,1,0,0,1,2,2,1,0,1,1,1
16,3607.122,-664.174,-191.430,-82.667,0.127357,0.991816,0.008973,-0.990786,0.127634,-0.045315,-0.046090,-0.003120,0.998932,0,0.68962,1.00000,41.377,2.000,-1,400.000,-1,350.000,350.000,325.000,325.000,300.000,300.000,300.000,-1,-1,775.000,775.000,525.000,925.000,400.000,2,0,2,1,1,0,0,0,0,1,2,2,1,1,1,1,1
17,3614.420,-709.770,-193.187,-80.907,0.157528,0.987382,0.016152,-0.986750,0.158028,-0.036758,-0.038847,-0.010147,0.999194,0,0.76962,0.88000,46.177,1.760,-1,400.000,1000.000,375.000,350.000,350.000,350.000,300.000,325.000,325.000,-1,-1,775.000,750.000,575.000,900.000,425.000,2,0,1,1,1,0,0,0,0,1,2,2,1,1,1,1,1
18,3623.452,-757.006,-194.438,-79.176,0.187237,0.982135,0.018808,-0.981661,0.187776,-0.032878,-0.035822,-0.012307,0.999282,0,0.80153,0.86546,48.092,1.731,-1,425.000,950.000,400.000,350.000,350.000,350.000,300.000,325.000,350.000,-1,-1,750.000,725.000,625.000,875.000,475.000,2,0,1,1,1,0,0,0,0,1,2,2,1,1,1,1,1
19,3633.871,-803.844,-196.082,-77.459,0.216589,0.976058,0.019999,-0.975673,0.217125,-0.030314,-0.033931,-0.012947,0.999340,0,0.79971,0.85872,47.983,1.717,-1,425.000,900.000,425.000,350.000,350.000,350.000,300.000,350.000,375.000,-1,-1,750.000,700.000,625.000,875.000,550.000,2,0,1,1,1,0,0,0,0,1,2,2,1,1,1,1,1
20,3645.641,-850.206,-198.144,-75.755,0.245540,0.969185,0.019777,-0.968816,0.246044,-0.029297,-0.033260,-0.011967,0.999375,0,0.79721,0.85165,47.833,1.703,-1,425.000,850.000,450.000,350.000,350.000,350.000,300.000,325.000,425.000,-1,-1,750.000,675.000,650.000,850.000,575.000,2,0,1,0,1,0,0,0,1,1,2,2,1,1,1,1,1
21,3658.719,-896.017,-200.640,-74.067,0.274056,0.961541,0.018223,-0.961117,0.274504,-0.030039,-0.033886,-0.009282,0.999383,0,0.79402,0.84429,47.641,1.689,-1,425.000,800.000,450.000,375.000,350.000,350.000,300.000,275.000,450.000,-1,-1,750.000,650.000,600.000,825.000,575.000,2,0,1,1,1,0,0,0,1,1,2,2,1,1,1,1,1
22,3673.058,-941.206,-203.585,-72.393,0.302119,0.953145,0.015446,-0.952595,0.302475,-0.032732,-0.035870,-0.004825,0.999345,0,0.79015,0.83667,47.409,1.673,-1,425.000,725.000,425.000,400.000,350.000,350.000,300.000,250.000,500.000,-1,-1,775.000,600.000,575.000,800.000,575.000,2,0,1,1,1,0,0,0,1,1,2,2,1,1,1,1,1
23,3688.609,-985.703,-206.990,-70.736,0.329725,0.944006,0.011580,-0.943260,0.329925,-0.037540,-0.039258,0.001455,0.999228,0,0.78560,0.82887,47.136,1.658,-1,400.000,675.000,400.000,400.000,325.000,350.000,300.000,225.000,525.000,-1,-1,775.000,575.000,525.000,775.000,550.000,2,0,1,1,1,0,0,0,1,1,2,2,1,1,1,1,1
24,3705.318,-1029.446,-210.859,-69.094,0.356887,0.934123,0.006781,-0.933107,0.356822,-0.044600,-0.044081,0.009590,0.998982,0,0.78043,0.82095,46.826,1.642,-1,400.000,625.000,350.000,375.000,325.000,325.000,300.000,200.000,575.000,-1,-1,800.000,550.000,450.000,750.000,500.000,2,0,1,1,1,0,0,0,1,1,2,2,1,1,1,1,1
25,3724.915,-1077.208,-214.326,-67.692,0.379833,0.925047,0.003727,-0.923853,0.379542,-0.049433,-0.047142,0.015333,0.998771,0,0.86043,0.70095,51.626,1.402,-1,400.000,550.000,325.000,350.000,325.000,300.000,300.000,175.000,625.000,-1,-1,850.000,500.000,425.000,725.000,425.000,2,0,1,1,1,0,1,0,1,1,2,2,1,1,1,1,1
26,3747.478,-1128.926,-216.863,-66.430,0.400151,0.916443,0.003350,-0.915248,0.399811,-0.049717,-0.046902,0.016828,0.998758,0,0.94043,0.63092,56.426,1.262,-1,375.000,500.000,300.000,350.000,300.000,275.000,300.000,175.000,675.000,-1,-1,900.000,450.000,375.000,675.000,375.000,2,1,1,1,1,1,1,0,1,1,2,2,1,1,1,1,1
27,3771.356,-1180.532,-219.104,-65.170,0.420197,0.907423,0.004248,-0.906192,0.419863,-0.050306,-0.047432,0.017289,0.998725,0,0.94771,0.62998,56.863,1.260,-1,350.000,450.000,275.000,325.000,275.000,250.000,300.000,175.000,700.000,-1,-1,975.000,425.000,325.000,625.000,300.000,2,1,1,1,1,1,1,0,1,1,2,2,1,1,1,1,1
28,3796.168,-1231.207,-220.020,-63.911,0.439783,0.898037,0.010971,-0.896619,0.439726,-0.052113,-0.051623,0.013081,0.998581,0,0.94037,0.62944,56.422,1.259,-1,300.000,400.000,225.000,275.000,250.000,225.000,300.000,175.000,750.000,-1,-1,-1,375.000,300.000,575.000,250.000,2,1,1,1,1,1,1,0,1,1,2,2,2,1,1,1,1
29,3821.883,-1280.924,-217.455,-62.653,0.458810,0.888231,0.023238,-0.887494,0.459381,-0.036380,-0.042989,-0.003932,0.999068,0,0.93291,0.62931,55.975,1.259,-1,275.000,375.000,225.000,250.000,225.000,200.000,300.000,200.000,775.000,-1,-1,-1,350.000,275.000,550.000,225.000,2,1,1,1,1,1,1,0,1,1,2,2,2,1,1,1,1
30,3848.474,-1329.673,-214.110,-61.393,0.477975,0.877682,0.034852,-0.877881,0.478659,-0.014491,-0.029400,-0.023669,0.999287,0,0.92552,0.62959,55.531,1.259,-1,250.000,350.000,200.000,225.000,225.000,200.000,275.000,250.000,775.000,-1,-1,-1,325.000,250.000,575.000,225.000,2,1,1,1,1,1,1,0,1,1,2,2,2,1,1,1,1
31,3875.921,-1377.452,-210.822,-60.133,0.497447,0.866367,0.044208,-0.867393,0.497522,0.010078,-0.013263,-0.043359,0.998972,0,0.91838,0.63027,55.103,1.261,-1,250.000,325.000,200.000,225.000,200.000,175.000,275.000,275.000,775.000,475.000,675.000,-1,325.000,250.000,-1,200.000,2,1,1,1,1,1,1,0,1,1,0,0,2,1,1,2,1
32,3906.878,-1428.536,-207.476,-58.796,0.518484,0.853497,0.052125,-0.855057,0.516985,0.040053,0.007237,-0.065337,0.997837,0,0.99554,0.66861,59.732,1.337,-1,225.000,300.000,175.000,200.000,175.000,175.000,250.000,300.000,675.000,225.000,450.000,-1,325.000,225.000,-1,175.000,2,1,1,1,1,1,1,0,1,0,0,0,2,1,1,2,1
33,3938.911,-1478.742,-204.223,-57.476,0.539691,0.839949,0.056749,-0.841285,0.535594,0.073337,0.031205,-0.087321,0.995691,0,0.99258,0.65965,59.555,1.319,-1,225.000,275.000,175.000,200.000,175.000,150.000,250.000,325.000,450.000,125.000,300.000,-1,375.000,200.000,-1,175.000,2,1,1,1,1,1,1,0,1,0,0,0,2,1,1,2,1
34,-2951.686,-327.965,-16.760,-7.869,0.987113,0.136900,0.082867,-0.137054,0.990556,-0.003861,-0.082613,-0.007546,0.996553,1,0.00000,0.00000,60.000,1.447,650.000,300.000,-1,375.000,-1,250.000,275.000,325.000,475.000,-1,75.000,0.000,-1,500.000,675.000,625.000,-1,0,0,2,0,2,0,0,0,1,2,1,1,2,0,0,0,2
35,-2956.444,-327.328,-16.371,-7.629,0.987610,0.132750,0.083688,-0.132942,0.991118,-0.003298,-0.083383,-0.007868,0.996487,0,-0.08000,0.12000,-4.800,0.240,650.000,300.000,-1,375.000,-1,250.000,275.000,325.000,475.000,-1,75.000,0.000,-1,500.000,675.000,625.000,-1,0,0,2,0,2,0,0,0,1,2,1,1,2,0,0,0,2
36,-2965.969,-326.133,-15.593,-7.149,0.988551,0.124441,0.085330,-0.124711,0.992191,-0.002182,-0.084935,-0.008485,0.996350,0,-0.16000,0.24000,-9.600,0.480,625.000,300.000,-1,375.000,-1,250.000,275.000,325.000,475.000,-1,50.000,0.000,-1,500.000,675.000,600.000,-1,0,0,2,0,2,0,0,0,1,2,1,1,2,0,0,0,2
37,-2980.277,-324.520,-14.422,-6.429,0.989827,0.111963,0.087794,-0.112351,0.993668,-0.000525,-0.087296,-0.009344,0.996139,0,-0.24000,0.36000,-14.400,0.720,600.000,300.000,-1,350.000,-1,250.000,275.000,325.000,475.000,-1,25.000,0.000,-1,500.000,675.000,575.000,-1,0,0,2,0,2,0,0,0,1,2,1,1,2,0,0,0,2
38,3607.575,8199.184,32.506,61.497,0.480227,-0.875192,-0.058489,0.876057,0.475244,0.081659,-0.043670,-0.090455,0.994943,1,0.00000,0.00000,-19.200,0.960,650.000,375.000,650.000,375.000,-1,325.000,325.000,325.000,325.000,-1,-1,-1,-1,550.000,650.000,850.000,875.000,1,1,1,0,2,0,0,0,0,2,2,2,2,1,1,1,1
39,3609.847,8203.411,32.291,61.737,0.476570,-0.877190,-0.058480,0.878031,0.471581,0.081681,-0.044071,-0.090273,0.994941,0,0.08000,0.12000,4.800,0.240,650.000,375.000,650.000,375.000,-1,325.000,325.000,325.000,325.000,-1,-1,-1,-1,525.000,650.000,850.000,850.000,1,1,1,0,2,0,0,0,0,2,2,2,2,1,1,1,1
40,3614.322,8211.904,31.856,62.217,0.469230,-0.881138,-0.058466,0.881935,0.464232,0.081729,-0.044873,-0.089913,0.994938,0,0.16000,0.24000,9.600,0.480,625.000,375.000,650.000,375.000,-1,325.000,325.000,325.000,325.000,-1,-1,-1,-1,525.000,625.000,875.000,825.000,1,1,1,0,2,0,0,0,0,2,2,2,2,1,1,1,1
41,3620.874,8224.727,31.191,62.937,0.458160,-0.886945,-0.058458,0.887675,0.453144,0.081814,-0.046074,-0.089376,0.994932,0,0.24000,0.36000,14.400,0.720,625.000,375.000,625.000,375.000,-1,325.000,325.000,325.000,325.000,-1,-1,-1,-1,525.000,600.000,875.000,800.000,1,1,1,0,2,0,0,0,0,2,2,2,2,1,1,1,1
42,3629.321,8241.968,30.282,63.897,0.443288,-0.894470,-0.058474,0.895111,0.438248,0.081947,-0.047673,-0.088667,0.994920,0,0.32000,0.48000,19.200,0.960,575.000,375.000,625.000,375.000,-1,325.000,325.000,325.000,325.000,-1,-1,-1,-1,525.000,575.000,925.000,750.000,1,1,1,0,2,0,0,0,0,2,2,2,2,1,1,1,1
43,3639.427,8263.735,29.114,65.097,0.424525,-0.903522,-0.058533,0.904053,0.419453,0.082144,-0.049668,-0.087789,0.994900,0,0.40000,0.60000,24.000,1.200,550.000,375.000,600.000,375.000,-1,325.000,325.000,325.000,325.000,-1,-1,-1,-1,525.000,550.000,950.000,700.000,1,1,1,0,2,0,0,0,0,2,2,2,2,1,1,1,1
44,3650.894,8290.152,27.663,66.537,0.401766,-0.913862,-0.058661,0.914262,0.396651,0.082424,-0.052056,-0.086746,0.994869,0,0.48000,0.72000,28.800,1.440,525.000,350.000,575.000,375.000,950.000,300.000,325.000,325.000,325.000,-1,-1,-1,-1,500.000,500.000,925.000,625.000,1,1,1,0,1,1,0,0,0,2,2,2,2,1,1,1,1
45,3663.452,8321.316,25.919,68.054,0.377533,-0.924123,-0.058871,0.924385,0.372364,0.082808,-0.054604,-0.085682,0.994825,0,0.56000,0.75815,33.600,1.516,475.000,350.000,525.000,375.000,775.000,300.000,325.000,325.000,325.000,-1,-1,-1,-1,500.000,450.000,925.000,575.000,1,1,1,1,1,1,1,0,0,2,2,2,2,1,1,1,1
46,3676.859,8357.299,23.872,69.566,0.353107,-0.933709,-0.059183,0.933833,0.347873,0.083311,-0.057200,-0.084685,0.994765,0,0.64000,0.75622,38.400,1.512,450.000,325.000,500.000,350.000,675.000,275.000,300.000,325.000,325.000,-1,-1,-1,-1,500.000,400.000,900.000,500.000,1,1,1,1,1,1,1,0,0,2,2,2,2,1,1,1,1
47,3689.691,8394.722,21.699,71.074,0.328514,-0.942617,-0.059594,0.942604,0.323206,0.083879,-0.059805,-0.083729,0.994692,0,0.65938,0.75403,39.563,1.508,425.000,325.000,475.000,300.000,575.000,275.000,275.000,325.000,325.000,-1,-1,-1,-1,475.000,375.000,825.000,450.000,1,1,1,1,1,1,1,0,0,2,2,2,2,1,1,1,1
48,3701.582,8432.614,19.403,72.577,0.303781,-0.950830,-0.060332,0.950706,0.298386,0.084403,-0.062250,-0.082998,0.994604,0,0.66192,0.75159,39.715,1.503,375.000,325.000,450.000,275.000,475.000,250.000,250.000,325.000,325.000,-1,-1,-1,-1,475.000,325.000,775.000,375.000,1,1,1,1,1,1,1,0,0,2,2,2,2,1,1,1,1
49,3712.519,8470.944,16.974,74.075,0.278918,-0.958343,-0.061518,0.958168,0.273441,0.084520,-0.064178,-0.082519,0.994521,0,0.66436,0.74891,39.861,1.498,350.000,300.000,425.000,250.000,375.000,250.000,225.000,325.000,325.000,-1,-1,-1,-1,475.000,300.000,675.000,325.000,1,1,1,1,1,1,1,0,0,2,2,2,2,1,1,1,1
50,3722.492,8509.680,15.136,75.567,0.253665,-0.965386,-0.060688,0.965175,0.248462,0.081881,-0.063968,-0.079345,0.994793,0,0.66667,0.74595,40.000,1.492,325.000,300.000,400.000,225.000,325.000,225.000,200.000,325.000,300.000,-1,-1,-1,-1,500.000,275.000,575.000,275.000,1,1,1,1,1,1,1,0,0,2,2,2,2,1,1,1,1
51,3731.487,8548.786,13.241,77.052,0.228340,-0.971749,-0.059707,0.971496,0.223409,0.079272,-0.063693,-0.076106,0.995063,0,0.66882,0.74272,40.129,1.485,300.000,300.000,375.000,200.000,250.000,225.000,175.000,325.000,300.000,-1,-1,-1,-1,550.000,225.000,500.000,225.000,1,1,1,1,1,1,1,0,0,2,2,2,2,1,1,1,1
52,3739.492,8588.229,11.645,78.531,0.202944,-0.977350,-0.060013,0.977244,0.198297,0.075321,-0.061714,-0.073933,0.995352,0,0.67080,0.73918,40.248,1.478,300.000,300.000,350.000,175.000,200.000,225.000,175.000,325.000,300.000,-1,-1,-1,-1,625.000,200.000,450.000,175.000,1,1,1,1,1,1,1,0,0,2,2,2,2,1,1,1,1
53,3746.477,8627.969,16.530,80.001,0.177251,-0.980310,-0.087033,0.983358,0.172830,0.056007,-0.039863,-0.095512,0.994630,0,0.67256,0.73532,40.354,1.471,300.000,375.000,400.000,175.000,175.000,225.000,175.000,325.000,375.000,-1,200.000,400.000,-1,625.000,225.000,475.000,175.000,1,1,1,1,1,1,1,0,0,2,0,0,2,1,1,1,1
54,3752.456,8667.966,21.403,81.464,0.150493,-0.982174,-0.112633,0.988449,0.147424,0.035146,-0.017915,-0.116621,0.993015,0,0.67408,0.73112,40.445,1.462,275.000,450.000,475.000,175.000,175.000,250.000,175.000,300.000,450.000,825.000,100.000,225.000,-1,625.000,225.000,475.000,150.000,1,1,1,1,1,1,1,0,0,1,0,0,2,1,1,1,1
55,3757.426,8708.175,26.227,82.917,0.122764,-0.983018,-0.136401,0.992428,0.122149,0.012901,0.003979,-0.136952,0.990570,0,0.67530,0.72655,40.518,1.453,275.000,550.000,525.000,200.000,150.000,275.000,200.000,300.000,525.000,600.000,50.000,175.000,-1,600.000,225.000,475.000,150.000,1,1,1,1,1,1,1,0,0,0,0,0,2,1,1,1,1
56,3761.386,8748.551,30.965,84.360,0.094205,-0.982946,-0.157934,0.995222,0.097073,-0.010525,0.025677,-0.156188,0.987394,0,0.67619,0.72159,40.571,1.443,275.000,550.000,550.000,200.000,150.000,325.000,225.000,300.000,600.000,425.000,50.000,150.000,-1,575.000,250.000,450.000,150.000,1,1,1,1,1,1,1,0,0,0,0,0,2,1,1,1,1
57,3764.339,8789.043,35.579,85.792,0.064997,-0.982090,-0.176845,0.996776,0.072252,-0.034891,0.047044,-0.174007,0.983620,0,0.67668,0.71622,40.601,1.432,275.000,525.000,600.000,225.000,150.000,375.000,225.000,275.000,700.000,350.000,25.000,150.000,-1,575.000,275.000,450.000,150.000,1,1,1,1,1,1,1,1,0,0,0,0,2,1,1,1,1
58,3766.288,8829.599,40.034,87.213,0.035361,-0.980607,-0.192768,0.997061,0.047734,-0.059923,0.067962,-0.190083,0.979413,0,0.67673,0.71040,40.604,1.421,250.000,500.000,625.000,225.000,125.000,400.000,250.000,250.000,825.000,275.000,25.000,125.000,-1,550.000,300.000,425.000,125.000,1,1,1,1,1,1,1,1,0,0,0,0,2,1,1,1,1
59,3767.241,8870.162,44.293,88.621,0.005550,-0.978669,-0.205370,0.996076,0.023552,-0.085316,0.088333,-0.204091,0.974959,0,0.67626,0.70412,40.576,1.408,250.000,475.000,650.000,250.000,125.000,425.000,300.000,225.000,900.000,250.000,25.000,125.000,-1,525.000,325.000,400.000,125.000,1,1,1,1,1,1,1,1,1,0,0,0,2,1,1,1,1
60,3767.009,8915.537,48.805,90.270,-0.029154,-0.976281,-0.214534,0.993459,-0.004595,-0.114095,0.110403,-0.216457,0.970030,0,0.75626,0.82412,45.376,1.648,250.000,450.000,675.000,275.000,125.000,425.000,325.000,225.000,1000.000,225.000,25.000,125.000,-1,500.000,350.000,375.000,125.000,1,1,1,1,1,1,1,1,1,0,0,0,2,1,1,1,1
61,3765.139,8965.678,53.379,92.125,-0.067678,-0.973563,-0.218162,0.988694,-0.036118,-0.145529,0.133802,-0.225545,0.965001,0,0.83626,0.92749,50.176,1.855,225.000,425.000,675.000,300.000,125.000,425.000,350.000,200.000,-1,200.000,25.000,100.000,-1,500.000,400.000,350.000,150.000,1,1,1,1,1,1,1,1,2,0,0,0,2,1,1,1,1
62,8855.087,1639.824,-103.563,-74.090,0.275438,0.961290,-0.007454,-0.958450,0.274010,-0.079327,-0.074214,0.028994,0.996821,1,0.00000,0.00000,52.515,1.835,-1,400.000,-1,400.000,-1,325.000,325.000,300.000,300.000,-1,-1,-1,-1,725.000,825.000,-1,-1,2,0,2,0,2,0,0,0,0,2,2,2,2,0,0,2,2
63,8856.383,1635.202,-103.913,-74.330,0.271405,0.962436,-0.007480,-0.959582,0.269982,-0.079452,-0.074448,0.028741,0.996811,0,0.08000,-0.12000,4.800,-0.240,-1,400.000,-1,400.000,-1,325.000,325.000,300.000,300.000,-1,-1,-1,-1,725.000,825.000,-1,-1,2,0,2,0,2,0,0,0,0,2,2,2,2,0,0,2,2
64,8858.898,1625.937,-104.617,-74.810,0.263324,0.964678,-0.007534,-0.961795,0.261914,-0.079700,-0.074911,0.028233,0.996790,0,0.16000,-0.24000,9.600,-0.480,-1,400.000,-1,400.000,-1,325.000,325.000,300.000,300.000,-1,-1,-1,-1,725.000,825.000,-1,-1,2,0,2,0,2,0,0,0,0,2,2,2,2,0,0,2,2
65,8862.496,1611.994,-105.679,-75.530,0.251166,0.967914,-0.007621,-0.964987,0.249777,-0.080070,-0.075597,0.027465,0.996760,0,0.24000,-0.36000,14.400,-0.720,-1,400.000,-1,400.000,-1,325.000,325.000,300.000,300.000,-1,-1,-1,-1,725.000,825.000,-1,-1,2,0,2,0,2,0,0,0,0,2,2,2,2,0,0,2,2
66,8866.981,1593.325,-107.103,-76.490,0.234894,0.971990,-0.007750,-0.969006,0.233531,-0.080560,-0.076494,0.026433,0.996720,0,0.32000,-0.48000,19.200,-0.960,-1,375.000,-1,400.000,-1,325.000,325.000,300.000,300.000,-1,-1,-1,-1,725.000,825.000,-1,-1,2,0,2,0,2,0,0,0,0,2,2,2,2,0,0,2,2
67,8872.098,1569.877,-108.898,-77.690,0.214461,0.976700,-0.007928,-0.973646,0.213131,-0.081168,-0.077587,0.025127,0.996669,0,0.40000,-0.60000,24.000,-1.200,-1,375.000,-1,400.000,-1,325.000,325.000,300.000,300.000,-1,-1,-1,-1,725.000,825.000,-1,-1,2,0,2,0,2,0,0,0,0,2,2,2,2,0,0,2,2
68,8877.640,1541.615,-111.064,-78.903,0.193710,0.981025,-0.008146,-0.977890,0.192411,-0.081904,-0.078782,0.023831,0.996607,0,0.48000,-0.60657,28.800,-1.213,-1,375.000,-1,400.000,-1,325.000,325.000,300.000,300.000,-1,-1,-1,-1,725.000,825.000,-1,-1,2,0,2,0,2,0,0,0,0,2,2,2,2,0,0,2,2
69,8883.407,1508.513,-113.606,-80.116,0.172875,0.984908,-0.008408,-0.981683,0.171603,-0.082764,-0.080072,0.022562,0.996534,0,0.56000,-0.60657,33.600,-1.213,-1,375.000,-1,400.000,-1,325.000,325.000,300.000,300.000,-1,-1,-1,-1,700.000,800.000,-1,-1,2,0,2,0,2,0,0,0,0,2,2,2,2,0,0,2,2
70,8888.759,1473.418,-116.310,-81.330,0.151964,0.988348,-0.008709,-0.985030,0.150716,-0.083669,-0.081382,0.021293,0.996456,0,0.59168,-0.60657,35.501,-1.213,-1,375.000,-1,400.000,-1,325.000,325.000,300.000,300.000,-1,-1,-1,-1,700.000,800.000,-1,-1,2,0,2,0,2,0,0,0,0,2,2,2,2,0,0,2,2
71,8893.366,1438.217,-119.032,-82.543,0.130983,0.991343,-0.009039,-0.987932,0.129761,-0.084568,-0.082663,0.020006,0.996377,0,0.59168,-0.60657,35.501,-1.213,-1,375.000,-1,400.000,-1,325.000,325.000,300.000,300.000,-1,-1,-1,-1,700.000,800.000,-1,-1,2,0,2,0,2,0,0,0,0,2,2,2,2,0,0,2,2
72,8897.227,1402.927,-121.773,-83.756,0.109942,0.993894,-0.009394,-0.990389,0.108746,-0.085464,-0.083921,0.018700,0.996297,0,0.59168,-0.60657,35.501,-1.213,-1,375.000,-1,400.000,-1,325.000,325.000,300.000,300.000,-1,-1,-1,-1,700.000,800.000,-1,-1,2,0,2,0,2,0,0,0,0,2,2,2,2,0,0,2,2
73,8900.340,1367.563,-124.532,-84.969,0.088850,0.995997,-0.009773,-0.992398,0.087681,-0.086360,-0.085158,0.017372,0.996216,0,0.59168,-0.60657,35.501,-1.213,-1,375.000,-1,400.000,-1,325.000,325.000,300.000,300.000,-1,-1,-1,-1,700.000,800.000,-1,-1,2,0,2,0,2,0,0,0,0,2,2,2,2,0,0,2,2
74,8902.703,1332.141,-127.343,-86.182,0.067727,0.997651,-0.010309,-0.993967,0.066576,-0.087166,-0.086275,0.016151,0.996140,0,0.59168,-0.60657,35.501,-1.213,-1,375.000,-1,400.000,-1,325.000,325.000,300.000,300.000,-1,-1,-1,-1,700.000,800.000,-1,-1,2,0,2,0,2,0,0,0,0,2,2,2,2,0,0,2,2
75,8904.317,1296.676,-130.388,-87.395,0.046616,0.998847,-0.011466,-0.995139,0.045439,-0.087374,-0.086753,0.015484,0.996110,0,0.59168,-0.60657,35.501,-1.213,-1,375.000,-1,400.000,-1,325.000,325.000,300.000,300.000,-1,-1,-1,-1,700.000,775.000,-1,-1,2,0,2,0,2,0,0,0,0,2,2,2,2,0,0,2,2
76,8905.179,1261.186,-133.495,-88.608,0.025461,0.999599,-0.012427,-0.995890,0.024282,-0.087261,-0.086924,0.014597,0.996108,0,0.59168,-0.60657,35.501,-1.213,-1,375.000,-1,400.000,-1,325.000,325.000,300.000,300.000,-1,-1,-1,-1,700.000,775.000,-1,-1,2,0,2,0,2,0,0,0,0,2,2,2,2,0,0,2,2
77,8905.289,1225.686,-136.611,-89.822,0.004295,0.999901,-0.013371,-0.996189,0.003113,-0.087164,-0.087114,0.013694,0.996104,0,0.59168,-0.60657,35.501,-1.213,-1,375.000,-1,400.000,-1,325.000,325.000,300.000,300.000,-1,-1,-1,-1,700.000,775.000,-1,-1,2,0,2,0,2,0,0,0,0,2,2,2,2,0,0,2,2
78,8904.648,1190.191,-139.739,-91.035,-0.016875,0.999755,-0.014296,-0.996037,-0.018057,-0.087087,-0.087324,0.012770,0.996098,0,0.59168,-0.60657,35.501,-1.213,-1,375.000,-1,400.000,-1,325.000,325.000,300.000,300.000,-1,-1,-1,-1,700.000,775.000,-1,-1,2,0,2,0,2,0,0,0,0,2,2,2,2,0,0,2,2
79,8903.255,1154.717,-142.878,-92.248,-0.038038,0.999161,-0.015201,-0.995433,-0.039220,-0.087032,-0.087555,0.011821,0.996090,0,0.59168,-0.60657,35.501,-1.213,-1,375.000,-1,400.000,-1,325.000,325.000,300.000,300.000,-1,-1,-1,-1,700.000,775.000,-1,-1,2,0,2,0,2,0,0,0,0,2,2,2,2,0,0,2,2
80,8901.112,1119.281,-146.030,-93.461,-0.059186,0.998117,-0.016083,-0.994378,-0.060366,-0.087001,-0.087808,0.010843,0.996078,0,0.59168,-0.60657,35.501,-1.213,-1,375.000,-1,400.000,-1,325.000,325.000,300.000,300.000,-1,-1,-1,-1,700.000,775.000,-1,-1,2,0,2,0,2,0,0,0,0,2,2,2,2,0,0,2,2
81,8898.219,1083.899,-149.196,-94.674,-0.080309,0.996626,-0.016942,-0.992871,-0.081485,-0.086995,-0.088082,0.009834,0.996065,0,0.59168,-0.60657,35.501,-1.213,-1,375.000,-1,400.000,-1,325.000,325.000,300.000,300.000,-1,-1,-1,-1,700.000,750.000,-1,-1,2,0,2,0,2,0,0,0,0,2,2,2,2,0,0,2,2
82,8894.577,1048.585,-152.375,-95.887,-0.101398,0.994687,-0.017775,-0.990913,-0.102568,-0.087017,-0.088378,0.008790,0.996048,0,0.59168,-0.60657,35.501,-1.213,-1,400.000,-1,400.000,-1,325.000,325.000,300.000,300.000,-1,-1,-1,-1,700.000,750.000,-1,-1,2,0,2,0,2,0,0,0,0,2,2,2,2,0,0,2,2
83,8890.189,1013.357,-155.569,-97.100,-0.122444,0.992301,-0.018581,-0.988504,-0.123606,-0.087070,-0.088696,0.007707,0.996029,0,0.59168,-0.60657,35.501,-1.213,-1,400.000,-1,400.000,-1,325.000,325.000,300.000,300.000,-1,-1,-1,-1,700.000,750.000,-1,-1,2,0,2,0,2,0,0,0,0,2,2,2,2,0,0,2,2
84,8885.056,978.229,-158.778,-98.314,-0.143437,0.989470,-0.019360,-0.985646,-0.144588,-0.087154,-0.089036,0.006581,0.996007,0,0.59168,-0.60657,35.501,-1.213,-1,400.000,-1,400.000,-1,325.000,325.000,300.000,300.000,-1,-1,-1,-1,700.000,750.000,-1,-1,2,0,2,0,2,0,0,0,0,2,2,2,2,0,0,2,2
85,8879.180,943.218,-162.003,-99.527,-0.164368,0.986194,-0.020111,-0.982340,-0.165506,-0.087273,-0.089397,0.005411,0.995981,0,0.59168,-0.60657,35.501,-1.213,-1,375.000,-1,400.000,-1,325.000,325.000,300.000,300.000,-1,-1,-1,-1,675.000,750.000,-1,-1,2,0,2,0,2,0,0,0,0,2,2,2,2,0,0,2,2
86,8872.564,908.339,-165.245,-100.740,-0.185229,0.982475,-0.020832,-0.978586,-0.186349,-0.087429,-0.089779,0.004192,0.995953,0,0.59168,-0.60657,35.501,-1.213,-1,375.000,-1,400.000,-1,325.000,325.000,300.000,300.000,-1,-1,-1,-1,675.000,725.000,-1,-1,2,0,2,0,2,0,0,0,0,2,2,2,2,0,0,2,2
87,8865.212,873.608,-168.504,-101.953,-0.206008,0.978313,-0.021524,-0.974386,-0.207109,-0.087625,-0.090182,0.002921,0.995921,0,0.59168,-0.60657,35.501,-1.213,-1,375.000,-1,400.000,-1,325.000,325.000,300.000,300.000,-1,-1,-1,-1,675.000,725.000,-1,-1,2,0,2,0,2,0,0,0,0,2,2,2,2,0,0,2,2
88,8857.126,839.041,-171.780,-103.166,-0.226699,0.973712,-0.022185,-0.969741,-0.227776,-0.087862,-0.090605,0.001595,0.995886,0,0.59168,-0.60657,35.501,-1.213,-1,375.000,-1,400.000,-1,325.000,325.000,300.000,300.000,-1,-1,-1,-1,675.000,725.000,-1,-1,2,0,2,0,2,0,0,0,0,2,2,2,2,0,0,2,2
89,8848.309,804.652,-175.074,-104.379,-0.247290,0.968673,-0.022815,-0.964654,-0.248341,-0.088143,-0.091048,0.000212,0.995847,0,0.59168,-0.60657,35.501,-1.213,-1,375.000,-1,400.000,-1,325.000,325.000,300.000,300.000,-1,-1,-1,-1,675.000,725.000,-1,-1,2,0,2,0,2,0,0,0,0,2,2,2,2,0,0,2,2
90,8838.767,770.458,-178.387,-105.592,-0.267774,0.963197,-0.023415,-0.959126,-0.268793,-0.088471,-0.091509,-0.001232,0.995804,0,0.59168,-0.60657,35.501,-1.213,-1,375.000,-1,400.000,-1,325.000,325.000,300.000,300.000,-1,-1,-1,-1,675.000,700.000,-1,-1,2,0,2,0,2,0,0,0,0,2,2,2,2,0,0,2,2
91,8827.277,731.830,-182.145,-106.566,-0.284097,0.958491,-0.024146,-0.954362,-0.285113,-0.088905,-0.092098,-0.002214,0.995747,0,0.67168,-0.48657,40.301,-0.973,-1,375.000,-1,375.000,-1,300.000,325.000,300.000,300.000,-1,-1,-1,-1,675.000,700.000,-1,-1,2,0,2,0,2,0,0,0,0,2,2,2,2,0,0,2,2
92,8813.818,688.784,-186.151,-107.363,-0.297330,0.954431,-0.025616,-0.950316,-0.298425,-0.088552,-0.092161,-0.001986,0.995742,0,0.75168,-0.39871,45.101,-0.797,-1,375.000,-1,375.000,-1,300.000,300.000,300.000,300.000,-1,-1,-1,-1,650.000,700.000,-1,-1,2,0,2,0,2,0,0,0,0,2,2,2,2,0,0,2,2
93,8798.439,641.902,-190.443,-108.160,-0.310464,0.950187,-0.027518,-0.946136,-0.311679,-0.087647,-0.091858,-0.001176,0.995771,0,0.82234,-0.39871,49.340,-0.797,-1,375.000,-1,375.000,-1,300.000,300.000,300.000,300.000,-1,-1,-1,-1,650.000,700.000,-1,-1,2,0,2,0,2,0,0,0,0,2,2,2,2,0,0,2,2
94,8782.409,595.238,-194.762,-108.958,-0.323543,0.945758,-0.029372,-0.941775,-0.324873,-0.086702,-0.091542,-0.000390,0.995801,0,0.82234,-0.39871,49.340,-0.797,-1,375.000,-1,375.000,-1,300.000,300.000,300.000,300.000,-1,-1,-1,-1,650.000,675.000,-1,-1,2,0,2,0,2,0,0,0,0,2,2,2,2,0,0,2,2
95,8765.732,548.802,-199.090,-109.755,-0.336572,0.941145,-0.031078,-0.937239,-0.338004,-0.085658,-0.091121,0.000297,0.995840,0,0.82234,-0.39871,49.340,-0.797,-1,375.000,-1,375.000,-1,300.000,300.000,300.000,300.000,-1,-1,-1,-1,650.000,675.000,-1,-1,2,0,2,0,2,0,0,0,0,2,2,2,2,0,0,2,2
96,8748.410,502.603,-202.998,-110.553,-0.349724,0.936349,-0.030704,-0.932581,-0.351069,-0.083919,-0.089356,-0.000715,0.995999,0,0.82234,-0.39871,49.340,-0.797,-1,375.000,-1,375.000,-1,300.000,300.000,300.000,300.000,-1,-1,-1,-1,650.000,675.000,-1,-1,2,0,2,0,2,0,0,0,0,2,2,2,2,0,0,2,2
97,8730.448,456.649,-206.930,-111.350,-0.362813,0.931372,-0.030223,-0.927740,-0.364066,-0.082182,-0.087546,-0.001778,0.996159,0,0.82234,-0.39871,49.340,-0.797,-1,375.000,-1,375.000,-1,300.000,300.000,300.000,300.000,-1,-1,-1,-1,625.000,675.000,-1,-1,2,0,2,0,2,0,0,0,0,2,2,2,2,0,0,2,2
98,8711.847,410.950,-210.819,-112.148,-0.375821,0.926213,-0.029804,-0.922742,-0.376992,-0.080148,-0.085471,-0.002620,0.996337,0,0.82234,-0.39871,49.340,-0.797,-1,375.000,-1,375.000,-1,300.000,300.000,300.000,300.000,-1,-1,-1,-1,625.000,675.000,-1,-1,2,0,2,0,2,0,0,0,0,2,2,2,2,0,0,2,2
99,8692.612,365.514,-214.694,-112.945,-0.388752,0.920875,-0.029363,-0.917577,-0.389845,-0.077935,-0.083216,-0.003355,0.996526,0,0.82234,-0.39871,49.340,-0.797,-1,375.000,-1,375.000,-1,300.000,300.000,300.000,300.000,-1,-1,-1,-1,625.000,675.000,-1,-1,2,0,2,0,2,0,0,0,0,2,2,2,2,0,0,2,2
100,8672.747,320.350,-218.590,-113.742,-0.401611,0.915357,-0.028800,-0.912230,-0.402622,-0.075707,-0.080894,-0.004132,0.996714,0,0.82234,-0.39871,49.340,-0.797,-1,375.000,-1,375.000,-1,300.000,300.000,300.000,300.000,-1,-1,-1,-1,625.000,675.000,-1,-1,2,0,2,0,2,0,0,0,0,2,2,2,2,0,0,2,2
101,8652.255,275.467,-222.509,-114.540,-0.414397,0.909662,-0.028113,-0.906704,-0.415320,-0.073464,-0.078503,-0.004953,0.996902,0,0.82234,-0.39871,49.340,-0.797,-1,375.000,-1,375.000,-1,300.000,300.000,300.000,300.000,-1,-1,-1,-1,625.000,675.000,-1,-1,2,0,2,0,2,0,0,0,0,2,2,2,2,0,0,2,2
102,8631.140,230.874,-226.451,-115.337,-0.427106,0.903790,-0.027298,-0.900999,-0.427938,-0.071208,-0.076039,-0.005817,0.997088,0,0.82234,-0.39871,49.340,-0.797,-1,375.000,-1,375.000,-1,300.000,325.000,300.000,300.000,-1,-1,-1,-1,625.000,675.000,-1,-1,2,0,2,0,2,0,0,0,0,2,2,2,2,0,0,2,2
103,8609.407,186.578,-230.417,-116.135,-0.439734,0.897741,-0.026352,-0.895115,-0.440472,-0.068940,-0.073498,-0.006727,0.997273,0,0.82234,-0.39871,49.340,-0.797,-1,375.000,-1,375.000,-1,300.000,325.000,300.000,325.000,-1,875.000,700.000,-1,625.000,675.000,-1,-1,2,0,2,0,2,0,0,0,0,2,0,0,2,0,0,2,2
104,8587.059,142.590,-234.247,-116.932,-0.452226,0.891522,-0.026071,-0.889042,-0.452922,-0.066827,-0.071386,-0.007043,0.997424,0,0.82234,-0.39871,49.340,-0.797,-1,350.000,-1,375.000,-1,300.000,325.000,300.000,325.000,-1,700.000,600.000,-1,625.000,675.000,-1,-1,2,0,2,0,2,0,0,0,0,2,0,0,2,0,0,2,2
105,8564.101,98.916,-237.896,-117.729,-0.464571,0.885135,-0.026644,-0.882779,-0.465287,-0.064873,-0.069819,-0.006617,0.997538,0,0.82234,-0.39871,49.340,-0.797,-1,350.000,-1,375.000,-1,300.000,300.000,300.000,325.000,-1,625.000,575.000,-1,600.000,675.000,-1,-1,2,0,2,0,2,0,0,0,0,2,0,0,2,0,0,2,2
106,8540.538,55.567,-241.227,-118.527,-0.476796,0.878582,-0.027571,-0.876445,-0.477565,-0.061445,-0.067151,-0.005132,0.997730,0,0.82234,-0.39871,49.340,-0.797,-1,350.000,-1,375.000,-1,300.000,300.000,300.000,300.000,-1,575.000,525.000,-1,600.000,675.000,-1,-1,2,0,2,0,2,0,0,0,0,2,0,0,2,0,0,2,2
107,8516.373,12.550,-244.434,-119.324,-0.488919,0.871858,-0.028685,-0.869978,-0.489750,-0.057300,-0.064006,-0.003060,0.997945,0,0.82234,-0.39871,49.340,-0.797,-1,350.000,-1,375.000,-1,300.000,300.000,300.000,300.000,-1,525.000,475.000,-1,625.000,675.000,-1,-1,2,0,2,0,2,0,0,0,0,2,0,0,2,0,0,2,2
108,8491.612,-30.127,-247.642,-120.122,-0.500958,0.864961,-0.029718,-0.863334,-0.501838,-0.053036,-0.060787,-0.000913,0.998150,0,0.82234,-0.39871,49.340,-0.797,-1,350.000,-1,375.000,-1,300.000,300.000,300.000,300.000,-1,500.000,425.000,-1,625.000,675.000,-1,-1,2,0,2,0,2,0,0,0,0,2,0,0,2,0,0,2,2
109,8466.260,-72.455,-250.851,-120.919,-0.512913,0.857893,-0.030667,-0.856513,-0.513827,-0.048652,-0.057496,0.001312,0.998345,0,0.82234,-0.39871,49.340,-0.797,-1,350.000,-1,375.000,-1,300.000,300.000,300.000,300.000,-1,475.000,400.000,-1,625.000,675.000,-1,-1,2,0,2,0,2,0,0,0,0,2,0,0,2,0,0,2,2
110,8440.321,-114.426,-253.507,-121.717,-0.524798,0.850657,-0.031136,-0.849398,-0.525716,-0.046319,-0.055770,0.002139,0.998441,0,0.82234,-0.39871,49.340,-0.797,-1,350.000,-1,375.000,-1,300.000,300.000,300.000,300.000,-1,500.000,400.000,-1,625.000,675.000,-1,-1,2,0,2,0,2,0,0,0,0,2,0,0,2,0,0,2,2
111,8413.789,-156.050,-256.122,-122.514,-0.536569,0.843260,-0.031739,-0.842121,-0.537497,-0.043928,-0.054102,0.003158,0.998530,0,0.82269,-0.39853,49.361,-0.797,-1,350.000,-1,375.000,-1,300.000,300.000,325.000,300.000,-1,525.000,425.000,-1,625.000,675.000,-1,-1,2,0,2,0,2,0,0,0,0,2,0,0,2,0,0,2,2
112,8386.590,-197.445,-258.651,-123.308,-0.548216,0.835728,-0.031914,-0.834710,-0.549130,-0.041413,-0.052135,0.003936,0.998632,0,0.82553,-0.39702,49.532,-0.794,-1,350.000,-1,375.000,-1,300.000,300.000,325.000,300.000,-1,550.000,450.000,-1,625.000,675.000,-1,-1,2,0,2,0,2,0,0,0,0,2,0,0,2,0,0,2,2
113,8358.729,-238.598,-260.798,-124.098,-0.559805,0.828071,-0.030261,-0.827174,-0.560612,-0.038680,-0.048995,0.003378,0.998793,0,0.82828,-0.39537,49.697,-0.791,-1,350.000,-1,375.000,-1,300.000,300.000,300.000,300.000,-1,550.000,450.000,-1,625.000,700.000,-1,-1,2,0,2,0,2,0,0,0,0,2,0,0,2,0,0,2,2
114,8330.216,-279.493,-262.947,-124.886,-0.571228,0.820293,-0.028602,-0.819511,-0.571936,-0.035921,-0.045824,0.002920,0.998945,0,0.83091,-0.39356,49.855,-0.787,-1,350.000,-1,375.000,-1,300.000,300.000,300.000,300.000,-1,550.000,450.000,-1,650.000,725.000,-1,-1,2,0,2,0,2,0,0,0,0,2,0,0,2,0,0,2,2
115,8301.058,-320.117,-265.097,-125.669,-0.582479,0.812399,-0.026934,-0.811727,-0.583096,-0.033132,-0.042622,0.002565,0.999088,0,0.83343,-0.39161,50.006,-0.783,-1,375.000,-1,375.000,-1,300.000,300.000,300.000,300.000,-1,550.000,475.000,-1,650.000,725.000,-1,-1,2,0,2,0,2,0,0,0,0,2,0,0,2,0,0,2,2
116,8271.265,-360.456,-267.247,-126.448,-0.593555,0.804397,-0.025260,-0.803829,-0.594087,-0.030312,-0.039390,0.002313,0.999221,0,0.83581,-0.38950,50.149,-0.779,1000.000,375.000,-1,400.000,-1,300.000,325.000,300.000,300.000,-1,500.000,425.000,-1,675.000,750.000,-1,-1,1,0,2,0,2,0,0,0,0,2,0,0,2,0,0,2,2
117,8240.849,-400.496,-269.396,-127.222,-0.604450,0.796294,-0.023578,-0.795823,-0.604906,-0.027460,-0.036129,0.002165,0.999345,0,0.83805,-0.38723,50.283,-0.774,975.000,375.000,-1,400.000,-1,300.000,325.000,300.000,300.000,-1,425.000,375.000,-1,675.000,750.000,-1,-1,1,0,2,0,2,0,0,0,0,2,0,0,2,0,0,2,2
118,8209.821,-440.222,-271.293,-127.992,-0.615117,0.788095,-0.023187,-0.787718,-0.615546,-0.024587,-0.033649,0.003141,0.999429,0,0.84012,-0.38481,50.407,-0.770,950.000,375.000,-1,400.000,-1,325.000,325.000,300.000,300.000,-1,425.000,350.000,-1,700.000,775.000,-1,-1,1,0,2,0,2,0,0,0,0,2,0,0,2,0,0,2,2
119,8176.280,-482.059,-273.140,-128.719,-0.625065,0.780213,-0.023703,-0.779920,-0.625496,-0.021903,-0.031915,0.004796,0.999479,0,0.89370,-0.36366,53.622,-0.727,925.000,375.000,-1,400.000,-1,325.000,325.000,300.000,300.000,-1,450.000,350.000,-1,700.000,775.000,-1,-1,1,0,2,0,2,0,0,0,0,2,0,0,2,0,0,2,2
120,8142.145,-523.555,-275.063,-129.441,-0.634837,0.772268,-0.024156,-0.772037,-0.635268,-0.019836,-0.030664,0.006057,0.999511,0,0.89554,-0.36079,53.733,-0.722,925.000,375.000,-1,400.000,-1,325.000,325.000,300.000,300.000,-1,475.000,375.000,-1,700.000,775.000,-1,-1,1,0,2,0,2,0,0,0,0,2,0,0,2,0,0,2,2
121,8107.432,-564.697,-276.994,-130.156,-0.644426,0.764268,-0.024695,-0.764097,-0.644856,-0.017769,-0.029505,0.007419,0.999537,0,0.89717,-0.35775,53.830,-0.716,900.000,375.000,-1,400.000,-1,325.000,325.000,300.000,300.000,-1,500.000,400.000,-1,700.000,775.000,-1,-1,1,0,2,0,2,0,0,0,0,2,0,0,2,0,0,2,2
122,8072.157,-605.470,-278.852,-130.865,-0.653827,0.756217,-0.025402,-0.756119,-0.654255,-0.015273,-0.028169,0.009221,0.999561,0,0.89857,-0.35455,53.914,-0.709,900.000,375.000,-1,400.000,-1,325.000,325.000,300.000,300.000,-1,500.000,425.000,-1,725.000,800.000,-1,-1,1,0,2,0,2,0,0,0,0,2,0,0,2,0,0,2,2
123,8036.339,-645.858,-280.714,-131.568,-0.663039,0.748126,-0.026191,-0.748100,-0.663463,-0.012759,-0.026922,0.011134,0.999576,0,0.89972,-0.35118,53.983,-0.702,900.000,375.000,-1,400.000,-1,325.000,325.000,300.000,300.000,-1,525.000,425.000,-1,725.000,800.000,-1,-1,1,0,2,0,2,0,0,0,0,2,0,0,2,0,0,2,2
124,7999.998,-685.849,-282.582,-132.263,-0.672060,0.740002,-0.027063,-0.740048,-0.672476,-0.010225,-0.025766,0.013156,0.999581,0,0.90060,-0.34764,54.036,-0.695,925.000,375.000,-1,400.000,-1,325.000,325.000,300.000,300.000,-1,550.000,450.000,-1,725.000,800.000,-1,-1,1,0,2,0,2,0,0,0,0,2,0,0,2,0,0,2,2
125,7963.155,-725.427,-284.452,-132.951,-0.680886,0.731853,-0.028020,-0.731972,-0.681291,-0.007667,-0.024701,0.015289,0.999578,0,0.90121,-0.34395,54.073,-0.688,-1,400.000,-1,400.000,-1,325.000,325.000,300.000,300.000,-1,575.000,475.000,-1,750.000,800.000,-1,-1,2,0,2,0,2,0,0,0,0,2,0,0,2,0,0,2,2
126,7925.831,-764.578,-285.848,-133.631,-0.689508,0.723708,-0.028735,-0.723843,-0.689926,-0.007284,-0.025096,0.015777,0.999561,0,0.90152,-0.34011,54.091,-0.680,-1,400.000,-1,400.000,-1,325.000,325.000,300.000,300.000,-1,650.000,525.000,-1,750.000,800.000,-1,-1,2,0,2,0,2,0,0,0,0,2,0,0,2,0,0,2,2
127,7888.050,-803.289,-287.207,-134.303,-0.697927,0.715558,-0.029580,-0.715707,-0.698365,-0.007066,-0.025714,0.016239,0.999537,0,0.90153,-0.33613,54.092,-0.672,-1,400.000,-1,400.000,-1,325.000,325.000,300.000,300.000,-1,725.000,600.000,-1,750.000,800.000,-1,-1,2,0,2,0,2,0,0,0,0,2,0,0,2,0,0,2,2
128,7849.836,-841.546,-288.587,-134.967,-0.706141,0.707408,-0.030629,-0.707577,-0.706604,-0.006777,-0.026436,0.016887,0.999508,0,0.90123,-0.33203,54.074,-0.664,-1,400.000,-1,400.000,-1,325.000,325.000,300.000,300.000,-1,825.000,675.000,-1,750.000,800.000,-1,-1,2,0,2,0,2,0,0,0,0,2,0,0,2,0,0,2,2
129,7811.213,-879.338,-289.987,-135.623,-0.714151,0.699266,-0.031878,-0.699461,-0.714642,-0.006409,-0.027263,0.017720,0.999471,0,0.90061,-0.32783,54.036,-0.656,-1,400.000,-1,400.000,-1,325.000,325.000,300.000,300.000,-1,925.000,775.000,-1,750.000,775.000,-1,-1,2,0,2,0,2,0,0,0,0,2,0,0,2,0,0,2,2
130,7772.207,-916.652,-291.443,-136.270,-0.721961,0.691140,-0.033135,-0.691364,-0.722482,-0.005982,-0.028074,0.018590,0.999433,0,0.89966,-0.32353,53.980,-0.647,-1,400.000,-1,400.000,-1,325.000,325.000,300.000,300.000,-1,-1,850.000,-1,750.000,775.000,-1,-1,2,0,2,0,2,0,0,0,0,2,2,0,2,0,0,2,2
131,7732.843,-953.478,-292.992,-136.908,-0.729605,0.683044,-0.033566,-0.683281,-0.730134,-0.005617,-0.028344,0.018837,0.999421,0,0.89840,-0.31918,53.904,-0.638,-1,400.000,-1,400.000,-1,325.000,325.000,300.000,300.000,-1,-1,925.000,-1,750.000,775.000,-1,-1,2,0,2,0,2,0,0,0,0,2,2,0,2,0,0,2,2
