timestep,x_cm,y_cm,z_cm,yaw_deg,basis_xx,basis_xy,basis_xz,basis_yx,basis_yy,basis_yz,basis_zx,basis_zy,basis_zz,teleport_flag,throttle_cmd,steering_cmd,cmd_move_cm,cmd_turn_deg,lidar_cm_0,lidar_cm_1,lidar_cm_2,lidar_cm_3,lidar_cm_4,lidar_cm_5,lidar_cm_6,lidar_cm_7,lidar_cm_8,lidar_cm_9,lidar_cm_10,lidar_cm_11,lidar_cm_12,lidar_cm_13,lidar_cm_14,lidar_cm_15,lidar_cm_16,lidar_class_0,lidar_class_1,lidar_class_2,lidar_class_3,lidar_class_4,lidar_class_5,lidar_class_6,lidar_class_7,lidar_class_8,lidar_class_9,lidar_class_10,lidar_class_11,lidar_class_12,lidar_class_13,lidar_class_14,lidar_class_15,lidar_class_16
0,-6884.742,-8859.158,482.711,-57.989,0.530295,0.847761,0.009389,-0.846297,0.529976,-0.053921,-0.050688,0.020648,0.998501,1,0.08000,0.12000,4.800,0.240,-1,400.000,775.000,400.000,-1,325.000,325.000,325.000,325.000,-1,-1,-1,-1,750.000,600.000,-1,925.000,2,0,1,1,2,0,0,0,0,2,2,2,2,1,1,2,1
1,-6879.585,-8867.255,482.290,-57.509,0.537373,0.843289,0.009710,-0.841818,0.537057,-0.053970,-0.050727,0.020827,0.998495,0,0.16000,0.24000,9.600,0.480,-1,400.000,775.000,400.000,-1,325.000,325.000,325.000,325.000,-1,-1,-1,-1,750.000,600.000,-1,900.000,2,0,1,1,2,0,0,0,0,2,2,2,2,1,1,2,1
2,-6871.698,-8879.303,481.667,-56.789,0.547919,0.836469,0.010208,-0.834990,0.547609,-0.054009,-0.050767,0.021069,0.998488,0,0.24000,0.36000,14.400,0.720,-1,400.000,750.000,400.000,-1,325.000,325.000,325.000,350.000,-1,-1,-1,-1,750.000,575.000,-1,850.000,2,0,1,1,2,0,0,0,0,2,2,2,2,1,1,2,1
3,-6860.913,-8895.188,480.794,-55.829,0.561851,0.827168,0.010810,-0.825667,0.561541,-0.054277,-0.050966,0.021570,0.998467,0,0.32000,0.48000,19.200,0.960,-1,400.000,750.000,400.000,-1,325.000,325.000,325.000,350.000,-1,-1,-1,-1,750.000,550.000,-1,775.000,2,0,1,1,2,0,0,0,0,2,2,2,2,1,1,2,1
4,-6847.020,-8914.758,479.588,-54.629,0.579057,0.815207,0.011422,-0.813653,0.578726,-0.055181,-0.051594,0.022660,0.998411,0,0.40000,0.60000,24.000,1.200,-1,400.000,725.000,375.000,-1,325.000,325.000,325.000,350.000,-1,-1,-1,-1,750.000,525.000,-1,725.000,2,0,1,1,2,0,0,0,0,2,2,2,2,1,1,2,1
5,-6829.764,-8937.815,478.176,-53.189,0.599364,0.800383,0.012249,-0.798767,0.599013,-0.056175,-0.052299,0.023884,0.998346,0,0.48000,0.72000,28.800,1.440,-1,400.000,700.000,375.000,-1,325.000,325.000,325.000,350.000,-1,-1,-1,-1,750.000,500.000,-1,650.000,2,0,1,1,2,0,0,0,0,2,2,2,2,1,1,2,1
6,-6808.902,-8964.155,476.466,-51.621,0.621045,0.783670,0.012837,-0.781996,0.620655,-0.057192,-0.052787,0.025480,0.998281,0,0.56000,0.78361,33.600,1.567,-1,400.000,675.000,350.000,-1,325.000,325.000,325.000,350.000,-1,-1,-1,-1,725.000,475.000,-1,575.000,2,0,1,1,2,0,0,0,0,2,2,2,2,1,1,2,1
7,-6784.259,-8993.604,474.274,-50.078,0.641984,0.766620,0.012283,-0.764917,0.641491,-0.058232,-0.052521,0.027989,0.998228,0,0.64000,0.77160,38.400,1.543,-1,400.000,675.000,350.000,700.000,325.000,325.000,325.000,325.000,-1,-1,-1,-1,725.000,450.000,-1,500.000,2,0,1,1,1,0,1,0,0,2,2,2,2,1,1,2,1
8,-6755.669,-9025.990,471.895,-48.562,0.662092,0.749328,0.011913,-0.747595,0.661503,-0.059295,-0.052311,0.030353,0.998169,0,0.72000,0.75800,43.200,1.516,-1,400.000,650.000,325.000,550.000,325.000,300.000,325.000,325.000,-1,-1,-1,-1,725.000,425.000,-1,425.000,2,0,1,1,1,0,1,0,0,2,2,2,2,1,1,2,1
9,-6722.979,-9061.138,469.353,-47.077,0.681328,0.731884,0.011759,-0.730117,0.680653,-0.060337,-0.052164,0.032524,0.998109,0,0.80000,0.74249,48.000,1.485,-1,400.000,625.000,300.000,450.000,325.000,300.000,325.000,325.000,-1,-1,-1,-1,700.000,375.000,-1,375.000,2,0,1,1,1,0,1,0,0,2,2,2,2,1,1,2,1
10,-6686.055,-9098.880,466.671,-45.628,0.699650,0.714387,0.011851,-0.712584,0.698902,-0.061313,-0.052083,0.034453,0.998048,0,0.88000,0.72469,52.800,1.449,-1,425.000,600.000,275.000,350.000,325.000,275.000,325.000,325.000,-1,-1,-1,-1,700.000,350.000,-1,300.000,2,0,1,1,1,0,1,0,0,2,2,2,2,1,1,2,1
11,-6644.776,-9139.051,465.478,-44.219,0.716843,0.697105,0.013447,-0.695624,0.716364,-0.054136,-0.047371,0.029453,0.998443,0,0.96000,0.70417,57.600,1.408,-1,425.000,575.000,250.000,275.000,325.000,250.000,300.000,350.000,-1,-1,-1,-1,675.000,325.000,-1,275.000,2,0,1,1,1,1,1,0,0,2,2,2,2,1,1,2,1
12,-6600.796,-9179.863,465.329,-42.859,0.732917,0.680092,0.017537,-0.679152,0.732927,-0.039622,-0.039800,0.017129,0.999061,0,1.00000,0.68040,60.000,1.361,-1,450.000,575.000,250.000,250.000,325.000,250.000,300.000,400.000,-1,-1,-1,-1,675.000,300.000,-1,225.000,2,0,1,1,1,1,1,0,0,2,2,2,2,1,1,2,1
13,-6555.895,-9219.660,466.264,-41.552,0.748050,0.663294,0.021496,-0.662991,0.748358,-0.020079,-0.029405,0.000769,0.999567,0,1.00000,0.65349,60.000,1.307,-1,450.000,575.000,225.000,200.000,325.000,225.000,300.000,475.000,-1,150.000,-1,-1,650.000,275.000,-1,200.000,2,1,1,1,1,1,1,0,0,2,0,2,2,1,1,2,1
14,-6510.136,-9258.468,468.253,-40.304,0.762317,0.646719,0.025052,-0.647000,0.762478,0.004386,-0.016265,-0.019552,0.999677,0,1.00000,0.62382,60.000,1.248,-1,450.000,575.000,225.000,175.000,300.000,225.000,275.000,600.000,-1,125.000,500.000,-1,650.000,275.000,-1,175.000,2,1,1,1,1,1,1,0,0,2,0,0,2,1,1,2,1
15,-6463.582,-9296.319,470.843,-39.122,0.775832,0.630360,0.027044,-0.630939,0.775062,0.034571,0.000831,-0.043884,0.999036,0,1.00000,0.59121,60.000,1.182,-1,450.000,625.000,225.000,150.000,300.000,225.000,275.000,750.000,775.000,75.000,275.000,-1,675.000,275.000,-1,150.000,2,1,1,1,1,1,1,0,0,0,0,0,2,1,1,2,1
16,-6416.298,-9333.255,474.105,-38.011,0.788657,0.614240,0.026990,-0.614460,0.785890,0.069401,0.021418,-0.071318,0.997224,0,1.00000,0.55544,60.000,1.111,-1,450.000,675.000,225.000,150.000,325.000,225.000,250.000,1000.000,450.000,25.000,225.000,-1,675.000,275.000,-1,125.000,2,1,1,1,1,1,1,0,0,0,0,0,2,1,1,2,1
17,-6368.349,-9369.325,478.327,-36.978,0.800822,0.598340,0.025967,-0.597256,0.794656,0.108656,0.044378,-0.102523,0.993740,0,1.00000,0.51632,60.000,1.033,-1,450.000,725.000,250.000,125.000,325.000,250.000,225.000,-1,275.000,0.000,200.000,-1,700.000,300.000,-1,125.000,2,1,1,1,1,1,1,0,2,0,0,0,2,1,1,2,1
18,-6319.809,-9404.596,481.068,-36.031,0.811842,0.583369,0.024370,-0.580535,0.802033,0.140436,0.062381,-0.128159,0.989790,0,1.00000,0.47366,60.000,0.947,-1,450.000,750.000,250.000,100.000,325.000,250.000,225.000,-1,200.000,0.000,175.000,-1,700.000,325.000,-1,125.000,2,1,1,1,1,1,1,0,2,0,0,0,2,1,1,2,1
19,6887.273,-2295.765,-193.600,106.516,-0.286404,-0.957075,-0.044507,0.957196,-0.283794,-0.056895,0.041822,-0.058897,0.997388,1,0.00000,0.00000,60.000,0.855,750.000,375.000,-1,400.000,675.000,300.000,325.000,300.000,300.000,-1,-1,-1,525.000,575.000,750.000,700.000,-1,1,0,2,1,1,0,0,0,0,2,2,2,1,1,1,1,2
20,6885.889,-2291.169,-193.401,106.756,-0.290401,-0.955880,-0.044284,0.955998,-0.287801,-0.056904,0.041648,-0.058861,0.997397,0,0.08000,0.12000,4.800,0.240,750.000,375.000,-1,400.000,675.000,300.000,325.000,300.000,300.000,-1,-1,-1,525.000,575.000,750.000,700.000,-1,1,0,2,1,1,0,0,0,0,2,2,2,1,1,1,1,2
21,6883.044,-2282.000,-193.007,107.236,-0.298382,-0.953440,-0.043833,0.953552,-0.295800,-0.056920,0.041304,-0.058780,0.997416,0,0.16000,0.24000,9.600,0.480,750.000,375.000,-1,400.000,675.000,300.000,325.000,300.000,300.000,-1,-1,-1,525.000,575.000,775.000,700.000,-1,1,0,2,1,1,0,0,0,0,2,2,2,1,1,1,1,2
22,6878.642,-2268.290,-192.419,107.803,-0.307775,-0.950481,-0.043131,0.950577,-0.305222,-0.056947,0.040962,-0.058526,0.997445,0,0.24000,0.28340,14.400,0.567,725.000,375.000,-1,400.000,675.000,300.000,325.000,300.000,300.000,-1,-1,-1,525.000,575.000,750.000,675.000,-1,1,0,2,1,1,0,0,0,0,2,2,2,1,1,1,1,2
23,6872.591,-2250.069,-191.639,108.371,-0.317159,-0.947435,-0.042165,0.947498,-0.314644,-0.056987,0.040724,-0.058025,0.997484,0,0.32000,0.28415,19.200,0.568,725.000,375.000,-1,400.000,675.000,300.000,325.000,300.000,300.000,-1,-1,-1,525.000,550.000,725.000,675.000,-1,1,0,2,1,1,0,1,0,0,2,2,2,1,1,1,1,2
24,6864.800,-2227.368,-190.669,108.942,-0.326542,-0.944297,-0.040923,0.944310,-0.324075,-0.057039,0.040600,-0.057269,0.997533,0,0.40000,0.28521,24.000,0.570,700.000,375.000,975.000,400.000,675.000,300.000,325.000,300.000,300.000,-1,-1,-1,525.000,550.000,725.000,650.000,-1,1,0,1,1,1,0,1,0,0,2,2,2,1,1,1,1,2
25,6855.180,-2200.223,-189.509,109.515,-0.335934,-0.941061,-0.039394,0.941010,-0.333525,-0.057105,0.040600,-0.056253,0.997591,0,0.48000,0.28662,28.800,0.573,675.000,375.000,950.000,400.000,675.000,300.000,325.000,300.000,300.000,-1,-1,850.000,525.000,525.000,700.000,625.000,-1,1,0,1,1,1,0,1,0,0,2,2,0,1,1,1,1,2
26,6843.639,-2168.667,-188.161,110.092,-0.345347,-0.937723,-0.037566,0.937590,-0.343008,-0.057184,0.040738,-0.054970,0.997657,0,0.56000,0.28844,33.600,0.577,650.000,375.000,900.000,375.000,675.000,300.000,300.000,300.000,300.000,-1,-1,775.000,550.000,525.000,675.000,600.000,1000.000,1,1,1,1,1,1,1,0,0,2,2,0,1,1,1,1,1
27,6829.935,-2132.796,-186.640,110.909,-0.358628,-0.932808,-0.035438,0.932590,-0.356369,-0.057249,0.040774,-0.053580,0.997731,0,0.64000,0.40844,38.400,0.817,625.000,350.000,875.000,375.000,675.000,300.000,300.000,300.000,300.000,-1,-1,700.000,550.000,500.000,625.000,575.000,975.000,1,1,1,1,1,1,1,0,0,2,2,0,1,1,1,1,1
28,6813.901,-2092.682,-184.943,111.789,-0.372852,-0.927305,-0.032973,0.926988,-0.370687,-0.057312,0.040923,-0.051935,0.997812,0,0.72000,0.44005,43.200,0.880,600.000,350.000,825.000,350.000,725.000,300.000,300.000,300.000,300.000,-1,950.000,625.000,550.000,475.000,600.000,550.000,900.000,1,1,1,1,1,1,1,0,0,2,0,0,1,1,1,1,1
29,6795.403,-2048.389,-183.087,112.667,-0.386955,-0.921608,-0.030064,0.921172,-0.384900,-0.057401,0.041330,-0.049906,0.997898,0,0.80000,0.43921,48.000,0.878,550.000,325.000,775.000,350.000,775.000,275.000,275.000,300.000,300.000,-1,875.000,600.000,575.000,450.000,550.000,500.000,850.000,1,1,1,1,1,1,1,0,0,2,0,0,1,1,1,1,1
30,6774.313,-1999.984,-180.668,113.544,-0.401015,-0.915654,-0.027652,0.915062,-0.398973,-0.059013,0.043004,-0.048968,0.997874,0,0.88000,0.43831,52.800,0.877,525.000,300.000,700.000,325.000,750.000,275.000,275.000,300.000,300.000,-1,775.000,550.000,575.000,425.000,525.000,475.000,775.000,1,1,1,1,1,1,1,0,0,2,0,0,1,1,1,1,1
31,6750.501,-1947.536,-177.575,114.419,-0.415044,-0.909433,-0.025898,0.908626,-0.412893,-0.062602,0.046239,-0.049515,0.997702,0,0.96000,0.43731,57.600,0.875,475.000,300.000,650.000,325.000,750.000,250.000,250.000,300.000,300.000,-1,675.000,500.000,600.000,400.000,500.000,425.000,700.000,1,1,1,1,1,1,1,0,0,2,0,0,1,1,1,1,1
32,6724.868,-1893.287,-173.999,115.291,-0.429018,-0.902960,-0.024654,0.901875,-0.426652,-0.067748,0.050655,-0.051300,0.997398,0,1.00000,0.43618,60.000,0.872,425.000,275.000,625.000,300.000,750.000,225.000,250.000,300.000,300.000,-1,600.000,450.000,625.000,375.000,450.000,375.000,650.000,1,1,1,1,1,1,1,0,1,2,0,0,1,1,1,1,1
33,6698.413,-1839.433,-169.935,116.161,-0.442906,-0.896254,-0.023729,0.894832,-0.440247,-0.073882,0.055770,-0.053956,0.996985,0,1.00000,0.43485,60.000,0.870,375.000,250.000,575.000,275.000,700.000,225.000,225.000,300.000,300.000,-1,525.000,400.000,650.000,350.000,425.000,325.000,600.000,1,1,1,1,1,1,1,0,1,2,0,0,1,1,1,1,1
34,6671.150,-1785.984,-164.363,117.027,-0.456554,-0.889521,-0.017600,0.887274,-0.453764,-0.082724,0.065598,-0.053384,0.996417,0,1.00000,0.43323,60.000,0.866,350.000,250.000,550.000,275.000,650.000,225.000,225.000,300.000,300.000,-1,450.000,350.000,675.000,325.000,425.000,325.000,550.000,1,1,1,1,1,1,1,0,1,2,0,0,1,1,1,1,1
35,6643.086,-1732.948,-156.785,117.890,-0.469645,-0.882848,-0.003632,0.879060,-0.467241,-0.094549,0.081776,-0.047597,0.995514,0,1.00000,0.43132,60.000,0.863,375.000,250.000,525.000,275.000,600.000,225.000,225.000,300.000,275.000,-1,375.000,275.000,700.000,350.000,400.000,325.000,525.000,1,1,1,1,1,1,1,0,1,2,0,0,1,1,1,1,1
36,6614.230,-1680.338,-148.479,118.748,-0.482217,-0.875975,0.011614,0.870320,-0.480534,-0.107845,0.100050,-0.041897,0.994100,0,1.00000,0.42906,60.000,0.858,400.000,250.000,-1,275.000,575.000,225.000,225.000,325.000,300.000,-1,250.000,225.000,700.000,350.000,400.000,350.000,500.000,1,1,2,1,1,1,1,0,1,2,0,0,1,1,1,1,1
37,6584.593,-1628.163,-139.511,119.601,-0.494196,-0.868906,0.027789,0.861008,-0.493621,-0.122486,0.120146,-0.036606,0.992081,0,1.00000,0.42641,60.000,0.853,450.000,250.000,-1,275.000,550.000,225.000,225.000,350.000,300.000,-1,175.000,175.000,700.000,375.000,400.000,375.000,500.000,1,1,2,1,1,1,1,0,1,2,0,0,1,1,1,1,1
38,3608.466,6230.618,57.626,-125.190,-0.638515,0.762580,0.103783,-0.714884,-0.537751,-0.446950,-0.285025,-0.359577,0.888518,1,0.00000,0.00000,60.000,0.847,25.000,175.000,425.000,325.000,-1,175.000,250.000,225.000,-1,-1,225.000,75.000,250.000,200.000,450.000,25.000,725.000,0,0,0,0,2,0,0,0,2,2,1,1,1,0,0,0,0
39,4915.768,3604.592,-173.516,-140.835,-0.773368,0.631300,0.057979,-0.631869,-0.775007,0.010268,0.051416,-0.028694,0.998265,1,0.08000,0.12000,4.800,0.240,-1,375.000,-1,400.000,-1,325.000,325.000,300.000,300.000,-1,-1,-1,-1,700.000,775.000,-1,-1,2,0,2,0,2,0,0,0,0,2,2,2,2,0,0,2,2
40,4908.376,3598.467,-172.984,-140.355,-0.768044,0.637766,0.057992,-0.638338,-0.769685,0.010469,0.051313,-0.028978,0.998262,0,0.16000,0.24000,9.600,0.480,-1,375.000,-1,400.000,-1,325.000,325.000,300.000,300.000,-1,-1,975.000,-1,700.000,775.000,-1,-1,2,0,2,0,2,0,0,0,0,2,2,0,2,0,0,2,2
41,4897.405,3589.141,-172.192,-139.635,-0.759958,0.647379,0.057999,-0.647956,-0.761601,0.010780,0.051151,-0.029388,0.998258,0,0.24000,0.36000,14.400,0.720,-1,375.000,-1,400.000,-1,325.000,325.000,300.000,300.000,-1,-1,875.000,-1,700.000,775.000,-1,-1,2,0,2,0,2,0,0,0,0,2,2,0,2,0,0,2,2
42,4882.986,3576.462,-171.149,-138.675,-0.748991,0.660039,0.057980,-0.660621,-0.750636,0.011209,0.050920,-0.029907,0.998255,0,0.32000,0.48000,19.200,0.960,-1,375.000,-1,400.000,-1,325.000,325.000,300.000,300.000,-1,-1,800.000,-1,675.000,775.000,-1,-1,2,0,2,0,2,0,0,0,0,2,2,0,2,0,0,2,2
43,4865.299,3560.240,-169.864,-137.475,-0.734989,0.675602,0.057911,-0.676188,-0.736635,0.011766,0.050608,-0.030511,0.998252,0,0.40000,0.60000,24.000,1.200,-1,375.000,-1,400.000,-1,325.000,325.000,300.000,300.000,-1,-1,750.000,-1,675.000,775.000,-1,-1,2,0,2,0,2,0,0,0,0,2,2,0,2,0,0,2,2
44,4844.570,3540.246,-168.349,-136.035,-0.717765,0.693886,0.057762,-0.694474,-0.719410,0.012456,0.050198,-0.031174,0.998253,0,0.48000,0.72000,28.800,1.440,-1,375.000,-1,400.000,-1,325.000,325.000,300.000,300.000,-1,925.000,700.000,-1,675.000,775.000,-1,-1,2,0,2,0,2,0,0,0,0,2,0,0,2,0,0,2,2
45,4821.067,3516.235,-166.627,-134.388,-0.697516,0.714259,0.057486,-0.714843,-0.699158,0.013310,0.049698,-0.031810,0.998258,0,0.56000,0.82339,33.600,1.647,-1,375.000,-1,400.000,-1,325.000,325.000,300.000,300.000,-1,850.000,675.000,-1,675.000,775.000,-1,-1,2,0,2,0,2,0,0,0,0,2,0,0,2,0,0,2,2
46,4795.005,3488.033,-164.723,-132.741,-0.676701,0.734048,0.056996,-0.734613,-0.678335,0.014338,0.049187,-0.032167,0.998271,0,0.64000,0.82339,38.400,1.647,-1,375.000,-1,400.000,-1,325.000,325.000,300.000,300.000,-1,825.000,650.000,-1,650.000,775.000,-1,-1,2,0,2,0,2,0,0,0,0,2,0,0,2,0,0,2,2
47,4766.610,3455.476,-162.653,-131.094,-0.655338,0.753238,0.056254,-0.753766,-0.656959,0.015544,0.048665,-0.032216,0.998295,0,0.72000,0.82339,43.200,1.647,1000.000,375.000,-1,400.000,-1,325.000,325.000,300.000,300.000,-1,800.000,625.000,-1,650.000,775.000,-1,-1,0,0,2,0,2,0,0,0,0,2,0,0,2,0,0,2,2
48,4735.958,3418.538,-160.437,-129.688,-0.636678,0.769152,0.055194,-0.769620,-0.638279,0.016898,0.048226,-0.031720,0.998333,0,0.80000,0.70339,48.000,1.407,975.000,375.000,-1,400.000,-1,325.000,325.000,300.000,300.000,-1,800.000,625.000,-1,650.000,750.000,-1,-1,0,0,2,0,2,0,0,0,0,2,0,0,2,0,0,2,2
49,4703.074,3377.229,-158.084,-128.521,-0.620933,0.782015,0.053802,-0.782400,-0.622504,0.018384,0.047869,-0.030679,0.998382,0,0.88000,0.58339,52.800,1.167,975.000,375.000,-1,400.000,-1,325.000,325.000,300.000,300.000,-1,800.000,625.000,-1,650.000,750.000,-1,-1,0,0,2,0,2,0,0,0,0,2,0,0,2,0,0,2,2
50,4669.868,3334.103,-155.306,-127.594,-0.608261,0.792056,0.051633,-0.792223,-0.609831,0.022107,0.048997,-0.027458,0.998421,0,0.90714,0.46339,54.429,0.927,-1,375.000,-1,400.000,-1,325.000,325.000,300.000,300.000,-1,750.000,575.000,-1,650.000,725.000,-1,-1,2,0,2,0,2,0,0,0,0,2,0,0,2,0,0,2,2
51,4637.182,3290.581,-152.496,-126.907,-0.598785,0.799380,0.049478,-0.799316,-0.600347,0.026022,0.050505,-0.023967,0.998436,0,0.90714,0.34339,54.429,0.687,-1,375.000,-1,400.000,-1,300.000,325.000,300.000,300.000,-1,725.000,550.000,-1,650.000,725.000,-1,-1,2,0,2,0,2,0,0,0,0,2,0,0,2,0,0,2,2
52,4604.836,3246.806,-149.687,-126.460,-0.592599,0.804102,0.047394,-0.803801,-0.594143,0.029961,0.052250,-0.020340,0.998427,0,0.90714,0.22339,54.429,0.447,-1,375.000,-1,400.000,-1,300.000,325.000,300.000,300.000,-1,700.000,525.000,-1,650.000,725.000,-1,-1,2,0,2,0,2,0,0,0,0,2,0,0,2,0,0,2,2
53,4572.649,3202.915,-146.899,-126.254,-0.589777,0.806298,0.045238,-0.805757,-0.591279,0.033828,0.054024,-0.016500,0.998403,0,0.90714,0.10339,54.429,0.207,-1,375.000,-1,400.000,-1,300.000,325.000,300.000,300.000,-1,700.000,500.000,-1,675.000,725.000,-1,-1,2,0,2,0,2,0,0,0,0,2,0,0,2,0,0,2,2
54,4540.437,3159.042,-143.681,-126.287,-0.590327,0.805985,0.043617,-0.805321,-0.591768,0.035618,0.054519,-0.014099,0.998413,0,0.90714,-0.01661,54.429,-0.033,-1,375.000,-1,375.000,-1,300.000,325.000,300.000,300.000,-1,750.000,550.000,-1,675.000,725.000,-1,-1,2,0,2,0,2,0,0,0,0,2,0,0,2,0,0,2,2
55,4508.185,3115.198,-140.515,-126.338,-0.591133,0.805479,0.042009,-0.804693,-0.592509,0.037440,0.055048,-0.011672,0.998415,0,0.90714,-0.02569,54.429,-0.051,-1,375.000,-1,375.000,-1,300.000,325.000,300.000,275.000,-1,800.000,575.000,-1,650.000,700.000,-1,-1,2,0,2,0,2,0,0,0,0,2,0,0,2,0,0,2,2
56,4475.894,3071.382,-137.507,-126.390,-0.591907,0.804965,0.040956,-0.804062,-0.593244,0.039313,0.055942,-0.009662,0.998387,0,0.90714,-0.02569,54.429,-0.051,-1,375.000,-1,375.000,-1,300.000,300.000,300.000,275.000,-1,825.000,600.000,-1,650.000,700.000,-1,-1,2,0,2,0,2,0,0,0,0,2,0,0,2,0,0,2,2
57,4443.563,3027.596,-134.042,-126.441,-0.592531,0.804433,0.042353,-0.803429,-0.593966,0.041302,0.058381,-0.009555,0.998249,0,0.90714,-0.02569,54.429,-0.051,-1,375.000,-1,375.000,-1,300.000,300.000,300.000,275.000,-1,800.000,600.000,-1,675.000,725.000,-1,-1,2,0,2,0,2,0,0,0,0,2,0,0,2,0,0,2,2
58,4411.194,2983.839,-130.589,-126.492,-0.593137,0.803900,0.043965,-0.802789,-0.594687,0.043322,0.060972,-0.009598,0.998093,0,0.90714,-0.02569,54.429,-0.051,-1,375.000,-1,375.000,-1,300.000,325.000,300.000,300.000,-1,775.000,600.000,-1,675.000,725.000,-1,-1,2,0,2,0,2,0,0,0,0,2,0,0,2,0,0,2,2
59,4378.785,2940.110,-127.193,-126.544,-0.593738,0.803366,0.045582,-0.802142,-0.595407,0.045366,0.063585,-0.009627,0.997930,0,0.90714,-0.02569,54.429,-0.051,-1,375.000,-1,400.000,-1,300.000,325.000,300.000,300.000,-1,750.000,575.000,-1,675.000,725.000,-1,-1,2,0,2,0,2,0,0,0,0,2,0,0,2,0,0,2,2
60,4346.337,2896.411,-123.854,-126.595,-0.594333,0.802832,0.047205,-0.801488,-0.596127,0.047434,0.066222,-0.009643,0.997758,0,0.90714,-0.02569,54.429,-0.051,-1,375.000,-1,400.000,-1,325.000,325.000,275.000,300.000,-1,725.000,575.000,-1,675.000,750.000,-1,-1,2,0,2,0,2,0,0,0,0,2,0,0,2,0,0,2,2
61,4313.849,2852.741,-120.534,-126.646,-0.594938,0.802298,0.048645,-0.800825,-0.596848,0.049520,0.068763,-0.009495,0.997588,0,0.90714,-0.02569,54.429,-0.051,-1,375.000,-1,400.000,-1,325.000,325.000,275.000,300.000,-1,700.000,525.000,-1,700.000,750.000,-1,-1,2,0,2,0,2,0,0,0,0,2,0,0,2,0,0,2,2
62,4281.323,2809.100,-116.824,-126.698,-0.595711,0.801776,0.047786,-0.800152,-0.597577,0.051557,0.069893,-0.007523,0.997526,0,0.90714,-0.02569,54.429,-0.051,-1,375.000,-1,400.000,-1,325.000,325.000,275.000,300.000,-1,675.000,500.000,-1,700.000,750.000,-1,-1,2,0,2,0,2,0,0,0,0,2,0,0,2,0,0,2,2
63,4248.758,2765.488,-113.095,-126.749,-0.596482,0.801250,0.046987,-0.799495,-0.598302,0.053306,0.070823,-0.005770,0.997472,0,0.90714,-0.02569,54.429,-0.051,-1,375.000,-1,400.000,-1,325.000,325.000,275.000,300.000,-1,650.000,500.000,-1,700.000,725.000,-1,-1,2,0,2,0,2,0,0,0,0,2,0,0,2,0,0,2,2
64,4216.153,2721.905,-109.303,-126.800,-0.597259,0.800720,0.046134,-0.798825,-0.599026,0.055195,0.071831,-0.003888,0.997409,0,0.90714,-0.02569,54.429,-0.051,-1,375.000,-1,400.000,-1,325.000,325.000,300.000,300.000,-1,650.000,525.000,-1,700.000,725.000,-1,-1,2,0,2,0,2,0,0,0,0,2,0,0,2,0,0,2,2
65,4183.510,2678.351,-105.408,-126.852,-0.598054,0.800188,0.045066,-0.798096,-0.599748,0.057847,0.073316,-0.001371,0.997308,0,0.90714,-0.02569,54.429,-0.051,-1,375.000,-1,400.000,-1,325.000,325.000,300.000,300.000,-1,625.000,500.000,-1,725.000,725.000,-1,-1,2,0,2,0,2,0,0,0,0,2,0,0,2,0,0,2,2
66,4153.789,2638.606,-101.888,-126.789,-0.597244,0.800848,0.044070,-0.798574,-0.598867,0.060316,0.074696,0.000830,0.997206,0,0.82714,0.03154,49.629,0.063,-1,375.000,-1,400.000,-1,325.000,325.000,300.000,300.000,-1,625.000,500.000,-1,725.000,725.000,-1,-1,2,0,2,0,2,0,0,0,0,2,0,0,2,0,0,2,2
67,4126.861,2602.512,-98.732,-126.726,-0.596431,0.801504,0.043145,-0.799065,-0.597983,0.062549,0.075933,0.002830,0.997109,0,0.75053,0.03154,45.032,0.063,-1,375.000,-1,400.000,-1,325.000,325.000,300.000,300.000,-1,625.000,500.000,-1,750.000,725.000,-1,-1,2,0,2,0,2,0,0,0,0,2,0,0,2,0,0,2,2
68,4099.973,2566.389,-95.610,-126.663,-0.595622,0.802156,0.042200,-0.799551,-0.597095,0.064775,0.077157,0.004840,0.997007,0,0.75053,0.03154,45.032,0.063,-1,400.000,-1,400.000,-1,325.000,325.000,300.000,300.000,-1,625.000,500.000,-1,750.000,725.000,-1,-1,2,0,2,0,2,0,0,0,0,2,0,0,2,0,0,2,2
69,4073.124,2530.236,-92.283,-126.600,-0.594790,0.802808,0.041525,-0.800120,-0.596208,0.065912,0.077672,0.005979,0.996961,0,0.75053,0.03154,45.032,0.063,-1,400.000,-1,400.000,-1,325.000,325.000,300.000,300.000,-1,625.000,525.000,-1,750.000,725.000,-1,-1,2,0,2,0,2,0,0,0,0,2,0,0,2,0,0,2,2
70,4046.315,2494.054,-88.763,-126.537,-0.593935,0.803462,0.041108,-0.800770,-0.595323,0.066009,0.077509,0.006287,0.996972,0,0.75053,0.03154,45.032,0.063,-1,400.000,-1,400.000,-1,325.000,325.000,300.000,300.000,-1,700.000,575.000,-1,750.000,725.000,-1,-1,2,0,2,0,2,0,0,0,0,2,0,0,2,0,0,2,2
71,4019.546,2457.842,-85.278,-126.473,-0.593081,0.804115,0.040675,-0.801420,-0.594437,0.066108,0.077337,0.006609,0.996983,0,0.75053,0.03154,45.032,0.063,-1,400.000,-1,375.000,-1,325.000,325.000,300.000,300.000,-1,750.000,625.000,-1,750.000,725.000,-1,-1,2,0,2,0,2,0,0,0,0,2,0,0,2,0,0,2,2
72,3992.817,2421.601,-81.792,-126.410,-0.592213,0.804768,0.040404,-0.802068,-0.593551,0.066213,0.077268,0.006805,0.996987,0,0.75053,0.03154,45.032,0.063,-1,400.000,-1,375.000,-1,325.000,325.000,300.000,300.000,-1,800.000,650.000,-1,750.000,725.000,-1,-1,2,0,2,0,2,0,0,0,0,2,0,0,2,0,0,2,2
73,3966.127,2385.330,-78.077,-126.347,-0.591252,0.805425,0.041377,-0.802709,-0.592667,0.066365,0.077975,0.006025,0.996937,0,0.75053,0.03154,45.032,0.063,-1,400.000,-1,375.000,-1,325.000,325.000,300.000,300.000,-1,800.000,700.000,-1,750.000,750.000,-1,-1,2,0,2,0,2,0,0,0,0,2,0,0,2,0,0,2,2
74,3939.477,2349.031,-74.369,-126.284,-0.590280,0.806081,0.042463,-0.803347,-0.591783,0.066526,0.078754,0.005156,0.996881,0,0.75053,0.03154,45.032,0.063,-1,400.000,-1,400.000,-1,325.000,325.000,300.000,300.000,-1,825.000,725.000,-1,775.000,750.000,-1,-1,2,0,2,0,2,0,0,0,0,2,0,0,2,0,0,2,2
75,3912.867,2312.701,-70.706,-126.221,-0.589311,0.806735,0.043493,-0.803985,-0.590898,0.066688,0.079500,0.004333,0.996825,0,0.75053,0.03154,45.032,0.063,-1,400.000,-1,400.000,-1,325.000,325.000,300.000,300.000,-1,850.000,750.000,-1,775.000,750.000,-1,-1,2,0,2,0,2,0,0,0,0,2,0,0,2,0,0,2,2
76,3886.298,2276.343,-67.087,-126.158,-0.588344,0.807387,0.044467,-0.804623,-0.590011,0.066853,0.080213,0.003553,0.996771,0,0.75053,0.03154,45.032,0.063,-1,400.000,-1,400.000,-1,325.000,325.000,300.000,300.000,-1,875.000,775.000,-1,775.000,775.000,-1,-1,2,0,2,0,2,0,0,0,0,2,0,0,2,0,0,2,2
77,3859.768,2239.955,-63.511,-126.095,-0.587379,0.808038,0.045387,-0.805259,-0.589123,0.067020,0.080893,0.002818,0.996719,0,0.75053,0.03154,45.032,0.063,-1,400.000,-1,400.000,-1,325.000,325.000,300.000,300.000,-1,875.000,800.000,-1,775.000,775.000,-1,-1,2,0,2,0,2,0,0,0,0,2,0,0,2,0,0,2,2
78,3833.279,2203.538,-59.919,-126.032,-0.586443,0.808687,0.045935,-0.805896,-0.588234,0.067176,0.081345,0.002376,0.996683,0,0.75053,0.03154,45.032,0.063,-1,400.000,-1,400.000,-1,325.000,325.000,300.000,300.000,-1,900.000,825.000,-1,775.000,775.000,-1,-1,2,0,2,0,2,0,0,0,0,2,0,0,2,0,0,2,2
79,3806.829,2167.092,-56.267,-125.969,-0.585552,0.809334,0.045900,-0.806534,-0.587344,0.067309,0.081435,0.002393,0.996676,0,0.75053,0.03154,45.032,0.063,-1,400.000,-1,400.000,-1,325.000,325.000,300.000,300.000,-1,950.000,850.000,-1,775.000,775.000,-1,-1,2,0,2,0,2,0,0,0,0,2,0,0,2,0,0,2,2
80,3780.420,2130.617,-52.636,-125.906,-0.584675,0.809980,0.045687,-0.807172,-0.586452,0.067438,0.081416,0.002552,0.996677,0,0.75053,0.03154,45.032,0.063,-1,400.000,-1,400.000,-1,325.000,325.000,300.000,300.000,-1,1000.000,900.000,-1,775.000,775.000,-1,-1,2,0,2,0,2,0,0,0,0,2,0,0,2,0,0,2,2
81,3754.051,2094.113,-49.051,-125.843,-0.583801,0.810625,0.045434,-0.807808,-0.585560,0.067566,0.081375,0.002743,0.996680,0,0.75053,0.03154,45.032,0.063,-1,400.000,-1,400.000,-1,325.000,325.000,300.000,300.000,-1,-1,950.000,-1,775.000,775.000,-1,-1,2,0,2,0,2,0,0,0,0,2,2,0,2,0,0,2,2
82,3727.723,2057.580,-45.516,-125.780,-0.582929,0.811268,0.045146,-0.808446,-0.584667,0.067679,0.081301,0.002954,0.996685,0,0.75053,0.03154,45.032,0.063,-1,400.000,-1,400.000,-1,325.000,325.000,300.000,300.000,-1,-1,1000.000,-1,775.000,775.000,-1,-1,2,0,2,0,2,0,0,0,0,2,2,0,2,0,0,2,2
83,3701.434,2021.018,-42.043,-125.717,-0.582057,0.811911,0.044841,-0.809088,-0.583773,0.067715,0.081155,0.003134,0.996697,0,0.75053,0.03154,45.032,0.063,-1,400.000,-1,400.000,-1,325.000,325.000,300.000,275.000,-1,-1,-1,-1,775.000,775.000,-1,-1,2,0,2,0,2,0,0,0,0,2,2,2,2,0,0,2,2
84,3675.186,1984.427,-38.596,-125.653,-0.581190,0.812552,0.044467,-0.809721,-0.582878,0.067853,0.081053,0.003430,0.996704,0,0.75053,0.03154,45.032,0.063,-1,400.000,-1,400.000,-1,325.000,325.000,300.000,275.000,-1,-1,-1,-1,775.000,775.000,-1,-1,2,0,2,0,2,0,0,0,0,2,2,2,2,0,0,2,2
85,3648.978,1947.807,-35.176,-125.590,-0.580328,0.813192,0.044024,-0.810345,-0.581983,0.068093,0.080994,0.003842,0.996707,0,0.75053,0.03154,45.032,0.063,-1,400.000,-1,400.000,-1,325.000,325.000,300.000,275.000,-1,-1,-1,-1,775.000,750.000,-1,-1,2,0,2,0,2,0,0,0,0,2,2,2,2,0,0,2,2
86,3622.810,1911.158,-31.781,-125.527,-0.579471,0.813830,0.043512,-0.810960,-0.581086,0.068434,0.080978,0.004369,0.996706,0,0.75053,0.03154,45.032,0.063,-1,400.000,-1,400.000,-1,325.000,325.000,300.000,275.000,-1,-1,-1,-1,800.000,750.000,-1,-1,2,0,2,0,2,0,0,0,0,2,2,2,2,0,0,2,2
87,3596.683,1874.481,-28.150,-125.464,-0.578589,0.814471,0.043273,-0.811663,-0.580190,0.067691,0.080239,0.004042,0.996767,0,0.75053,0.03154,45.032,0.063,-1,400.000,-1,400.000,-1,325.000,325.000,300.000,275.000,-1,-1,-1,-1,800.000,750.000,-1,-1,2,0,2,0,2,0,0,0,0,2,2,2,2,0,0,2,2
88,3570.596,1837.775,-24.456,-125.401,-0.577704,0.815110,0.043044,-0.812378,-0.579294,0.066784,0.079372,0.003613,0.996839,0,0.75053,0.03154,45.032,0.063,-1,400.000,-1,400.000,-1,325.000,325.000,300.000,275.000,-1,-1,-1,-1,800.000,750.000,-1,-1,2,0,2,0,2,0,0,0,0,2,2,2,2,0,0,2,2
89,3544.550,1801.040,-20.756,-125.338,-0.576831,0.815748,0.042677,-0.813063,-0.578397,0.066224,0.078707,0.003501,0.996892,0,0.75053,0.03154,45.032,0.063,-1,400.000,-1,400.000,-1,325.000,325.000,300.000,275.000,-1,-1,-1,-1,800.000,750.000,-1,-1,2,0,2,0,2,0,0,0,0,2,2,2,2,0,0,2,2
90,3518.544,1764.277,-17.107,-125.275,-0.575961,0.816384,0.042259,-0.813743,-0.577499,0.065711,0.078050,0.003460,0.996943,0,0.75053,0.03154,45.032,0.063,-1,400.000,-1,400.000,-1,325.000,325.000,300.000,275.000,-1,-1,-1,-1,800.000,750.000,-1,-1,2,0,2,0,2,0,0,0,0,2,2,2,2,0,0,2,2
91,3492.578,1727.485,-13.381,-125.212,-0.575047,0.817021,0.042407,-0.814414,-0.576601,0.065280,0.077787,0.003003,0.996965,0,0.75053,0.03154,45.032,0.063,-1,400.000,-1,400.000,-1,325.000,325.000,300.000,275.000,-1,-1,-1,-1,800.000,750.000,-1,-1,2,0,2,0,2,0,0,0,0,2,2,2,2,0,0,2,2
92,3464.061,1686.619,-9.301,-124.909,-0.570688,0.820061,0.042600,-0.817497,-0.572272,0.064827,0.077541,0.002171,0.996987,0,0.83053,0.15154,49.832,0.303,-1,400.000,-1,400.000,-1,325.000,325.000,300.000,275.000,-1,-1,-1,-1,800.000,775.000,-1,-1,2,0,2,0,2,0,0,0,0,2,2,2,2,0,0,2,2
93,3433.277,1641.604,-4.892,-124.366,-0.562849,0.825450,0.042817,-0.822935,-0.564475,0.064394,0.077323,0.001009,0.997006,0,0.90892,0.27154,54.535,0.543,-1,400.000,-1,400.000,-1,325.000,325.000,300.000,300.000,-1,-1,-1,-1,800.000,775.000,-1,-1,2,0,2,0,2,0,0,0,0,2,2,2,2,0,0,2,2
94,3403.111,1596.171,-0.543,-123.583,-0.551465,0.833088,0.043032,-0.830622,-0.553141,0.064043,0.077156,-0.000426,0.997019,0,0.90892,0.39154,54.535,0.783,-1,400.000,-1,400.000,-1,325.000,325.000,300.000,300.000,-1,-1,-1,-1,800.000,800.000,-1,-1,2,0,2,0,2,0,0,0,0,2,2,2,2,0,0,2,2
95,3373.761,1550.207,3.744,-122.560,-0.536442,0.842829,0.043231,-0.840414,-0.538177,0.063796,0.077035,-0.002109,0.997026,0,0.90892,0.51154,54.535,1.023,-1,400.000,-1,400.000,-1,325.000,325.000,300.000,300.000,-1,-1,-1,-1,825.000,800.000,-1,-1,2,0,2,0,2,0,0,0,0,2,2,2,2,0,0,2,2
96,3345.320,1503.676,7.964,-121.435,-0.519731,0.853227,0.043403,-0.850856,-0.521526,0.063682,0.076971,-0.003832,0.997026,0,0.90892,0.56238,54.535,1.125,-1,400.000,-1,400.000,-1,325.000,325.000,300.000,300.000,-1,-1,-1,-1,825.000,825.000,-1,-1,2,0,2,0,2,0,0,0,0,2,2,2,2,0,0,2,2
97,3317.797,1456.596,12.143,-120.310,-0.502806,0.863293,0.043725,-0.860955,-0.504673,0.063738,0.077092,-0.005598,0.997008,0,0.90892,0.56238,54.535,1.125,-1,400.000,-1,400.000,-1,325.000,325.000,300.000,300.000,-1,-1,-1,-1,825.000,850.000,-1,-1,2,0,2,0,2,0,0,0,0,2,2,2,2,0,0,2,2
98,3291.203,1408.984,16.315,-119.185,-0.485688,0.873023,0.044009,-0.870709,-0.487624,0.063944,0.077284,-0.007263,0.996983,0,0.90892,0.56238,54.535,1.125,-1,400.000,-1,400.000,-1,325.000,325.000,300.000,300.000,-1,-1,-1,-1,850.000,875.000,-1,-1,2,0,2,0,2,0,0,0,0,2,2,2,2,0,0,2,2
99,3265.550,1360.860,20.255,-118.061,-0.468387,0.882413,0.044294,-0.880176,-0.470385,0.063461,0.076834,-0.009263,0.997001,0,0.90892,0.56238,54.535,1.125,-1,400.000,-1,400.000,-1,325.000,325.000,300.000,300.000,-1,-1,-1,-1,875.000,900.000,-1,-1,2,0,2,0,2,0,0,0,0,2,2,2,2,0,0,2,2
100,3240.846,1312.241,24.086,-116.936,-0.450923,0.891459,0.044368,-0.889309,-0.452965,0.062873,0.076146,-0.011106,0.997035,0,0.90892,0.56238,54.535,1.125,-1,400.000,-1,400.000,-1,325.000,325.000,300.000,300.000,-1,-1,-1,-1,900.000,900.000,-1,-1,2,0,2,0,2,0,0,0,0,2,2,2,2,0,0,2,2
101,3215.514,1260.414,28.100,-116.049,-0.437061,0.898355,0.044004,-0.896276,-0.439101,0.062293,0.075284,-0.012214,0.997087,0,0.96145,0.44363,57.687,0.887,-1,400.000,-1,425.000,-1,325.000,325.000,300.000,300.000,-1,-1,-1,-1,900.000,925.000,-1,-1,2,0,2,0,2,0,0,0,0,2,2,2,2,0,0,2,2
102,3190.987,1208.200,32.219,-115.161,-0.423116,0.905033,0.043446,-0.903063,-0.425131,0.061163,0.073825,-0.013356,0.997182,0,0.96145,0.44363,57.687,0.887,-1,400.000,-1,425.000,-1,325.000,325.000,300.000,300.000,-1,-1,-1,-1,925.000,950.000,-1,-1,2,0,2,0,2,0,0,0,0,2,2,2,2,0,0,2,2
103,3167.272,1155.614,36.245,-114.274,-0.409102,0.911497,0.042536,-0.909650,-0.411060,0.059722,0.071921,-0.014261,0.997308,0,0.96145,0.44363,57.687,0.887,-1,400.000,-1,425.000,-1,325.000,325.000,300.000,300.000,-1,-1,-1,-1,925.000,975.000,-1,-1,2,0,2,0,2,0,0,0,0,2,2,2,2,0,0,2,2
104,3144.374,1102.666,40.093,-113.387,-0.395038,0.917748,0.041035,-0.916021,-0.396894,0.058138,0.069643,-0.014622,0.997465,0,0.96145,0.44363,57.687,0.887,-1,400.000,-1,425.000,-1,325.000,325.000,300.000,300.000,-1,-1,-1,-1,950.000,1000.000,-1,-1,2,0,2,0,2,0,0,0,0,2,2,2,2,0,0,2,2
105,3122.299,1049.370,43.879,-112.500,-0.380883,0.923780,0.039472,-0.922169,-0.382634,0.056533,0.067327,-0.014867,0.997620,0,0.96145,0.44363,57.687,0.887,-1,400.000,-1,425.000,-1,325.000,325.000,300.000,300.000,-1,-1,-1,-1,950.000,1000.000,-1,-1,2,0,2,0,2,0,0,0,0,2,2,2,2,0,0,2,2
106,3101.052,995.738,47.604,-111.612,-0.366639,0.929593,0.037855,-0.928091,-0.368283,0.054903,0.064979,-0.015003,0.997774,0,0.96145,0.44363,57.687,0.887,-1,400.000,-1,425.000,-1,325.000,325.000,300.000,300.000,-1,-1,-1,-1,950.000,-1,-1,-1,2,0,2,0,2,0,0,0,0,2,2,2,2,0,2,2,2
107,3080.637,941.784,51.270,-110.725,-0.352309,0.935184,0.036192,-0.933788,-0.353844,0.053245,0.062600,-0.015037,0.997925,0,0.96145,0.44363,57.687,0.887,-1,400.000,-1,425.000,-1,325.000,325.000,300.000,300.000,-1,-1,-1,-1,950.000,-1,-1,-1,2,0,2,0,2,0,0,0,0,2,2,2,2,0,2,2,2
108,3061.061,887.521,54.922,-109.838,-0.337890,0.940549,0.034598,-0.939267,-0.339319,0.051384,0.060069,-0.015134,0.998079,0,0.96145,0.44363,57.687,0.887,-1,425.000,-1,425.000,-1,325.000,325.000,300.000,300.000,-1,-1,-1,-1,1000.000,-1,-1,-1,2,0,2,0,2,0,0,0,0,2,2,2,2,0,2,2,2
109,3042.327,832.961,58.538,-108.951,-0.323388,0.945690,0.033030,-0.944521,-0.324714,0.049413,0.057455,-0.015218,0.998232,0,0.96145,0.44363,57.687,0.887,-1,425.000,-1,425.000,-1,325.000,325.000,300.000,300.000,-1,-1,-1,-1,-1,-1,-1,-1,2,0,2,0,2,0,0,0,0,2,2,2,2,2,2,2,2
110,3024.441,778.117,62.070,-108.063,-0.308810,0.950606,0.031368,-0.949537,-0.310031,0.047538,0.054915,-0.015104,0.998377,0,0.96145,0.44363,57.687,0.887,-1,425.000,-1,425.000,-1,325.000,350.000,300.000,300.000,-1,-1,-1,-1,-1,-1,-1,-1,2,0,2,0,2,0,0,0,0,2,2,2,2,2,2,2,2
111,3007.405,723.002,65.362,-107.176,-0.294112,0.955288,0.030372,-0.954303,-0.295273,0.046044,0.052953,-0.015442,0.998478,0,0.96145,0.44363,57.687,0.887,-1,425.000,-1,450.000,-1,350.000,350.000,300.000,300.000,-1,-1,-1,-1,-1,-1,-1,-1,2,0,2,0,2,0,0,0,0,2,2,2,2,2,2,2,2
112,2991.226,667.631,67.992,-106.289,-0.279277,0.959705,0.031160,-0.958931,-0.280433,0.042536,0.049561,-0.018001,0.998609,0,0.96145,0.44363,57.687,0.887,-1,425.000,-1,450.000,-1,350.000,350.000,300.000,300.000,-1,-1,-1,-1,-1,-1,-1,-1,2,0,2,0,2,0,0,0,0,2,2,2,2,2,2,2,2
113,2976.967,616.703,70.287,-105.641,-0.268423,0.962770,0.031975,-0.962184,-0.269562,0.039230,0.046389,-0.020236,0.998718,0,0.88145,0.32363,52.887,0.647,-1,425.000,-1,450.000,-1,350.000,350.000,300.000,300.000,-1,-1,-1,-1,-1,-1,-1,-1,2,0,2,0,2,0,0,0,0,2,2,2,2,2,2,2,2
114,2963.510,567.289,72.207,-105.234,-0.261627,0.964644,0.031849,-0.964187,-0.262707,0.036460,0.043538,-0.021170,0.998827,0,0.85356,0.20363,51.213,0.407,-1,425.000,-1,450.000,-1,350.000,350.000,300.000,300.000,-1,-1,-1,-1,-1,-1,-1,-1,2,0,2,0,2,0,0,0,0,2,2,2,2,2,2,2,2
115,2950.198,517.837,73.649,-105.067,-0.258971,0.965426,0.029778,-0.965072,-0.259895,0.033025,0.039622,-0.020185,0.999011,0,0.85356,0.08363,51.213,0.167,-1,425.000,-1,450.000,-1,350.000,350.000,300.000,300.000,-1,-1,-1,-1,-1,-1,-1,-1,2,0,2,0,2,0,0,0,0,2,2,2,2,2,2,2,2
116,2936.822,468.401,75.072,-105.140,-0.260350,0.965118,0.027655,-0.964850,-0.261126,0.029638,0.035826,-0.018966,0.999178,0,0.85356,-0.03637,51.213,-0.073,-1,425.000,-1,450.000,-1,350.000,350.000,300.000,300.000,-1,-1,-1,-1,-1,-1,-1,-1,2,0,2,0,2,0,0,0,0,2,2,2,2,2,2,2,2
117,2923.177,419.040,76.482,-105.452,-0.265758,0.963704,0.025437,-0.963504,-0.266398,0.026315,0.032137,-0.017515,0.999330,0,0.85356,-0.15637,51.213,-0.313,-1,400.000,-1,425.000,-1,325.000,350.000,300.000,300.000,-1,-1,-1,-1,-1,-1,-1,-1,2,0,2,0,2,0,0,0,0,2,2,2,2,2,2,2,2
118,2909.056,369.812,77.885,-106.005,-0.275177,0.961116,0.023083,-0.960970,-0.275690,0.023078,0.028544,-0.015831,0.999467,0,0.85356,-0.27637,51.213,-0.553,-1,400.000,-1,425.000,-1,325.000,350.000,300.000,300.000,-1,-1,-1,-1,-1,-1,-1,-1,2,0,2,0,2,0,0,0,0,2,2,2,2,2,2,2,2
119,2894.256,320.784,79.289,-106.798,-0.288573,0.957237,0.020550,-0.957131,-0.288969,0.019951,0.025036,-0.013911,0.999590,0,0.85356,-0.39637,51.213,-0.793,-1,425.000,-1,425.000,-1,325.000,350.000,300.000,300.000,-1,-1,-1,-1,-1,-1,-1,-1,2,0,2,0,2,0,0,0,0,2,2,2,2,2,2,2,2
120,2878.744,271.976,80.687,-107.631,-0.302576,0.952958,0.017835,-0.952882,-0.302869,0.016936,0.021541,-0.011871,0.999697,0,0.85356,-0.41669,51.213,-0.833,-1,425.000,-1,425.000,-1,325.000,350.000,300.000,300.000,-1,-1,-1,-1,-1,-1,-1,-1,2,0,2,0,2,0,0,0,0,2,2,2,2,2,2,2,2
121,2862.523,223.400,82.075,-108.465,-0.316502,0.948474,0.014943,-0.948420,-0.316705,0.014037,0.018046,-0.009729,0.999790,0,0.85356,-0.41669,51.213,-0.833,-1,425.000,-1,425.000,-1,350.000,350.000,325.000,300.000,-1,-1,-1,-1,-1,-1,-1,-1,2,0,2,0,2,0,0,0,0,2,2,2,2,2,2,2,2
122,2845.598,175.064,83.453,-109.298,-0.330344,0.943786,0.011871,-0.943748,-0.330473,0.011265,0.014555,-0.007482,0.999866,0,0.85356,-0.41669,51.213,-0.833,-1,425.000,-1,425.000,-1,350.000,350.000,325.000,300.000,-1,-1,-1,-1,-1,-1,-1,-1,2,0,2,0,2,0,0,0,0,2,2,2,2,2,2,2,2
123,2827.972,126.980,84.817,-110.131,-0.344100,0.938893,0.008622,-0.938868,-0.344170,0.008630,0.011070,-0.005126,0.999926,0,0.85356,-0.41669,51.213,-0.833,-1,450.000,-1,425.000,-1,350.000,350.000,325.000,300.000,-1,-1,-1,-1,-1,-1,-1,-1,2,0,2,0,2,0,0,0,0,2,2,2,2,2,2,2,2
124,2809.648,79.157,85.596,-110.965,-0.357737,0.933789,0.007885,-0.933778,-0.357790,0.006685,0.009064,-0.004972,0.999947,0,0.85356,-0.41669,51.213,-0.833,-1,450.000,-1,450.000,-1,350.000,350.000,325.000,300.000,-1,-1,-1,-1,-1,-1,-1,-1,2,0,2,0,2,0,0,0,0,2,2,2,2,2,2,2,2
125,2790.631,31.605,85.633,-111.798,-0.371297,0.928470,0.009039,-0.928500,-0.371327,0.001920,0.005139,-0.007680,0.999957,0,0.85356,-0.41669,51.213,-0.833,-1,450.000,-1,450.000,-1,350.000,350.000,325.000,300.000,-1,-1,-1,-1,-1,-1,-1,-1,2,0,2,0,2,0,0,0,0,2,2,2,2,2,2,2,2
126,2770.924,-15.665,85.568,-112.632,-0.384794,0.922947,0.010154,-0.923002,-0.384782,-0.003222,0.000933,-0.010612,0.999943,0,0.85356,-0.41669,51.213,-0.833,-1,450.000,-1,450.000,-1,350.000,350.000,300.000,300.000,-1,-1,-1,-1,-1,1000.000,-1,-1,2,0,2,0,2,0,0,0,0,2,2,2,2,2,0,2,2
127,2750.532,-62.643,85.478,-113.465,-0.398226,0.917221,0.011017,-0.917282,-0.398151,-0.008369,-0.003289,-0.013439,0.999904,0,0.85356,-0.41669,51.213,-0.833,-1,450.000,-1,450.000,-1,350.000,350.000,300.000,300.000,-1,-1,-1,-1,1000.000,975.000,-1,-1,2,0,2,0,2,0,0,0,0,2,2,2,2,0,0,2,2
128,2729.459,-109.320,84.901,-114.298,-0.411561,0.911320,0.010640,-0.911361,-0.411444,-0.011581,-0.006176,-0.014463,0.999876,0,0.85356,-0.41669,51.213,-0.833,-1,450.000,-1,450.000,-1,350.000,350.000,300.000,300.000,-1,-1,-1,-1,975.000,975.000,-1,-1,2,0,2,0,2,0,0,0,0,2,2,2,2,0,0,2,2
129,2707.709,-155.685,84.113,-115.132,-0.424808,0.905237,0.009198,-0.905232,-0.424654,-0.014980,-0.009654,-0.014690,0.999845,0,0.85356,-0.41669,51.213,-0.833,-1,425.000,-1,425.000,-1,350.000,350.000,300.000,300.000,-1,-1,-1,-1,975.000,950.000,-1,-1,2,0,2,0,2,0,0,0,0,2,2,2,2,0,0,2,2
130,2685.286,-201.729,83.071,-115.965,-0.437955,0.898974,0.006469,-0.898890,-0.437780,-0.018591,-0.013881,-0.013957,0.999806,0,0.85356,-0.41669,51.213,-0.833,-1,425.000,-1,425.000,-1,350.000,350.000,300.000,300.000,-1,-1,-1,-1,950.000,900.000,-1,-1,2,0,2,0,2,0,0,0,0,2,2,2,2,0,0,2,2
131,2662.196,-247.442,82.020,-116.798,-0.450992,0.892521,0.003597,-0.892344,-0.450813,-0.022118,-0.018119,-0.013184,0.999749,0,0.85356,-0.41669,51.213,-0.833,-1,425.000,-1,425.000,-1,350.000,350.000,300.000,300.000,-1,-1,-1,-1,925.000,875.000,-1,-1,2,0,2,0,2,0,0,0,0,2,2,2,2,0,0,2,2
132,2638.444,-292.815,81.027,-117.632,-0.463921,0.885876,0.000890,-0.885599,-0.463751,-0.025494,-0.022172,-0.012615,0.999675,0,0.85356,-0.41669,51.213,-0.833,-1,425.000,-1,425.000,-1,350.000,350.000,300.000,300.000,-1,-1,-1,-1,900.000,850.000,-1,-1,2,0,2,0,2,0,0,0,0,2,2,2,2,0,0,2,2
133,2614.035,-337.837,80.032,-118.465,-0.476738,0.879043,-0.001913,-0.878655,-0.476590,-0.028775,-0.026206,-0.012037,0.999584,0,0.85356,-0.41669,51.213,-0.833,-1,425.000,-1,400.000,-1,350.000,325.000,300.000,300.000,-1,-1,-1,-1,900.000,825.000,-1,-1,2,0,2,0,2,0,0,0,0,2,2,2,2,0,0,2,2
134,2588.973,-382.500,79.034,-119.299,-0.489438,0.872025,-0.004822,-0.871514,-0.489328,-0.031958,-0.030228,-0.011439,0.999478,0,0.85356,-0.41669,51.213,-0.833,-1,425.000,-1,400.000,-1,325.000,325.000,300.000,300.000,-1,-1,-1,-1,875.000,800.000,-1,-1,2,0,2,0,2,0,0,0,0,2,2,2,2,0,0,2,2
135,2563.264,-426.793,78.032,-120.132,-0.502018,0.864821,-0.007836,-0.864179,-0.501963,-0.035040,-0.034237,-0.010819,0.999355,0,0.85356,-0.41669,51.213,-0.833,-1,425.000,-1,400.000,-1,325.000,325.000,325.000,275.000,-1,-1,-1,-1,850.000,775.000,-1,-1,2,0,2,0,2,0,0,0,0,2,2,2,2,0,0,2,2
