timestep,x_cm,y_cm,z_cm,yaw_deg,basis_xx,basis_xy,basis_xz,basis_yx,basis_yy,basis_yz,basis_zx,basis_zy,basis_zz,teleport_flag,throttle_cmd,steering_cmd,cmd_move_cm,cmd_turn_deg,lidar_cm_0,lidar_cm_1,lidar_cm_2,lidar_cm_3,lidar_cm_4,lidar_cm_5,lidar_cm_6,lidar_cm_7,lidar_cm_8,lidar_cm_9,lidar_cm_10,lidar_cm_11,lidar_cm_12,lidar_cm_13,lidar_cm_14,lidar_cm_15,lidar_cm_16,lidar_class_0,lidar_class_1,lidar_class_2,lidar_class_3,lidar_class_4,lidar_class_5,lidar_class_6,lidar_class_7,lidar_class_8,lidar_class_9,lidar_class_10,lidar_class_11,lidar_class_12,lidar_class_13,lidar_class_14,lidar_class_15,lidar_class_16
0,-3609.873,-8203.400,-24.531,-117.866,-0.465485,0.883853,-0.046119,-0.883080,-0.467295,-0.042483,-0.059100,0.020952,0.998032,1,0.08000,0.12000,4.800,0.240,875.000,400.000,-1,400.000,525.000,325.000,325.000,300.000,300.000,-1,525.000,450.000,575.000,800.000,650.000,-1,600.000,1,0,2,0,1,0,0,0,0,2,1,1,1,0,1,2,1
1,-3614.289,-8211.924,-25.114,-117.386,-0.458058,0.887727,-0.046077,-0.886974,-0.459869,-0.042387,-0.058817,0.021453,0.998038,0,0.16000,0.24000,9.600,0.480,875.000,400.000,-1,400.000,525.000,325.000,325.000,300.000,300.000,-1,525.000,450.000,600.000,800.000,650.000,-1,600.000,1,0,2,0,1,0,0,0,0,2,1,1,1,0,1,2,1
2,-3620.773,-8224.781,-25.995,-116.762,-0.448371,0.892663,-0.046013,-0.891937,-0.450183,-0.042232,-0.058413,0.022105,0.998048,0,0.24000,0.31151,14.400,0.623,825.000,400.000,-1,400.000,500.000,325.000,325.000,300.000,300.000,-1,525.000,450.000,600.000,800.000,675.000,-1,600.000,1,0,2,0,1,0,0,0,0,2,1,1,1,0,1,2,1
3,-3629.231,-8242.018,-27.182,-116.137,-0.438598,0.897509,-0.045919,-0.896814,-0.440408,-0.042012,-0.057929,0.022754,0.998061,0,0.32000,0.31265,19.200,0.625,800.000,400.000,-1,400.000,500.000,325.000,325.000,300.000,300.000,-1,550.000,475.000,625.000,800.000,675.000,-1,600.000,1,0,2,0,1,0,0,0,0,2,1,1,1,0,1,2,1
4,-3639.566,-8263.678,-28.676,-115.509,-0.428727,0.902272,-0.045813,-0.901610,-0.430532,-0.041726,-0.057372,0.023416,0.998078,0,0.40000,0.31419,24.000,0.628,800.000,400.000,-1,400.000,475.000,325.000,325.000,300.000,300.000,-1,550.000,500.000,650.000,800.000,675.000,-1,575.000,1,0,2,0,1,0,0,0,0,2,1,1,1,0,1,2,1
5,-3651.681,-8289.806,-30.481,-114.877,-0.418744,0.906953,-0.045715,-0.906329,-0.420542,-0.041377,-0.056752,0.024107,0.998097,0,0.48000,0.31614,28.800,0.632,775.000,400.000,-1,400.000,475.000,325.000,325.000,275.000,300.000,-1,575.000,525.000,675.000,800.000,675.000,-1,575.000,1,0,2,0,1,0,0,0,0,2,1,1,1,0,1,2,1
6,-3665.445,-8320.458,-32.594,-114.183,-0.407728,0.911961,-0.045660,-0.911381,-0.409519,-0.040968,-0.056060,0.024909,0.998117,0,0.56000,0.34695,33.600,0.694,750.000,400.000,-1,425.000,450.000,325.000,325.000,275.000,300.000,-1,600.000,550.000,700.000,800.000,675.000,-1,550.000,1,0,2,0,1,0,0,0,0,2,1,1,1,0,1,2,1
7,-3680.753,-8355.674,-35.024,-113.495,-0.396747,0.916792,-0.045657,-0.916259,-0.398533,-0.040505,-0.055330,0.025763,0.998136,0,0.64000,0.34391,38.400,0.688,750.000,400.000,-1,425.000,425.000,325.000,325.000,275.000,300.000,-1,625.000,575.000,725.000,800.000,675.000,-1,550.000,1,0,2,0,1,0,0,0,0,2,1,1,1,0,1,2,1
8,-3697.503,-8395.495,-37.727,-112.814,-0.385802,0.921436,-0.045969,-0.920957,-0.387600,-0.040063,-0.054733,0.026879,0.998139,0,0.72000,0.34042,43.200,0.681,725.000,400.000,-1,425.000,425.000,325.000,325.000,275.000,300.000,-1,650.000,600.000,775.000,825.000,675.000,1000.000,550.000,1,0,2,0,1,0,0,0,0,2,1,1,1,1,1,1,1
9,-3715.594,-8439.955,-40.489,-112.141,-0.374834,0.925865,-0.047689,-0.925460,-0.376729,-0.039977,-0.054979,0.029150,0.998062,0,0.80000,0.33641,48.000,0.673,725.000,400.000,-1,425.000,400.000,325.000,350.000,275.000,300.000,-1,700.000,650.000,800.000,800.000,700.000,950.000,550.000,1,0,2,0,1,0,0,0,0,2,1,1,1,1,1,1,1
10,-3733.647,-8485.840,-43.417,-111.477,-0.363956,0.930108,-0.049350,-0.929761,-0.365956,-0.040257,-0.055503,0.031232,0.997970,0,0.82181,0.33186,49.309,0.664,725.000,400.000,-1,425.000,375.000,325.000,350.000,275.000,300.000,-1,750.000,700.000,850.000,750.000,725.000,900.000,575.000,1,0,2,0,1,0,0,0,0,2,1,1,1,1,1,1,1
11,-3751.160,-8531.888,-46.432,-110.823,-0.353184,0.934169,-0.050881,-0.933859,-0.355295,-0.040906,-0.056291,0.033069,0.997867,0,0.82109,0.32700,49.266,0.654,675.000,400.000,-1,425.000,350.000,325.000,350.000,275.000,300.000,-1,800.000,750.000,900.000,725.000,775.000,850.000,-1,1,0,2,0,1,0,0,0,0,2,1,1,1,1,1,1,2
12,-3768.131,-8578.068,-49.437,-110.180,-0.342524,0.938040,-0.052527,-0.937777,-0.344751,-0.041489,-0.057027,0.035048,0.997757,0,0.81999,0.32194,49.199,0.644,650.000,400.000,-1,425.000,350.000,325.000,350.000,275.000,300.000,-1,850.000,800.000,950.000,700.000,1000.000,800.000,-1,1,0,2,0,1,0,0,0,1,2,1,1,1,1,0,1,2
13,-3784.561,-8624.347,-52.341,-109.546,-0.331992,0.941742,-0.053889,-0.941487,-0.334342,-0.042645,-0.058178,0.036578,0.997636,0,0.81848,0.31670,49.109,0.633,625.000,400.000,-1,425.000,350.000,325.000,350.000,275.000,275.000,-1,925.000,850.000,1000.000,675.000,1000.000,750.000,-1,1,0,2,0,1,0,0,0,1,2,1,1,1,1,0,1,2
14,-3800.449,-8670.693,-55.412,-108.924,-0.321537,0.945245,-0.055907,-0.945008,-0.324063,-0.044073,-0.059777,0.038661,0.997463,0,0.81656,0.31131,48.994,0.623,600.000,400.000,-1,425.000,350.000,325.000,350.000,275.000,275.000,-1,975.000,900.000,-1,650.000,975.000,700.000,-1,1,0,2,0,1,0,0,1,1,2,1,1,2,1,0,1,2
15,-3815.798,-8717.073,-58.543,-108.312,-0.311209,0.948565,-0.058077,-0.948355,-0.313928,-0.045520,-0.061411,0.040912,0.997274,0,0.81424,0.30578,48.854,0.612,550.000,400.000,-1,425.000,350.000,325.000,350.000,275.000,250.000,-1,-1,975.000,-1,625.000,950.000,650.000,-1,1,0,2,0,1,0,0,1,1,2,2,1,2,1,0,1,2
16,-3830.611,-8763.456,-61.709,-107.712,-0.301023,0.951708,-0.060301,-0.951533,-0.303943,-0.046955,-0.063015,0.043244,0.997075,0,0.81151,0.30014,48.691,0.600,525.000,400.000,-1,425.000,350.000,325.000,350.000,250.000,250.000,-1,-1,-1,-1,600.000,950.000,600.000,-1,1,0,2,0,1,0,0,1,1,2,2,2,2,1,0,1,2
17,-3844.890,-8809.811,-64.904,-107.123,-0.290984,0.954679,-0.062575,-0.954545,-0.294114,-0.048378,-0.064590,0.045653,0.996867,0,0.80840,0.29444,48.504,0.589,500.000,400.000,-1,425.000,-1,325.000,350.000,250.000,225.000,-1,-1,-1,-1,575.000,925.000,575.000,-1,1,1,2,0,2,0,0,1,1,2,2,2,2,1,0,1,2
18,-3858.642,-8856.107,-68.124,-106.544,-0.281073,0.957490,-0.064893,-0.957405,-0.284423,-0.049791,-0.066131,0.048134,0.996649,0,0.80492,0.28936,48.295,0.579,475.000,375.000,-1,425.000,-1,325.000,350.000,250.000,225.000,-1,-1,-1,-1,550.000,900.000,525.000,-1,1,1,2,0,2,0,0,1,1,2,2,2,2,1,0,1,2
19,-3871.864,-8902.320,-71.363,-105.968,-0.271168,0.960180,-0.067250,-0.960153,-0.274746,-0.051193,-0.067631,0.050689,0.996422,0,0.80112,0.28806,48.067,0.576,425.000,375.000,-1,425.000,-1,325.000,350.000,225.000,200.000,-1,-1,-1,-1,525.000,875.000,475.000,-1,1,1,2,0,2,1,0,1,1,2,2,2,2,1,0,1,2
20,-3884.557,-8948.426,-74.617,-105.394,-0.261263,0.962752,-0.069643,-0.962792,-0.265078,-0.052585,-0.069087,0.053313,0.996185,0,0.79702,0.28698,47.821,0.574,400.000,350.000,-1,425.000,-1,325.000,325.000,225.000,200.000,-1,-1,-1,-1,500.000,875.000,425.000,-1,1,1,2,0,2,1,1,1,1,2,2,2,2,1,0,1,2
21,-3896.723,-8994.404,-77.880,-104.822,-0.251352,0.965209,-0.072066,-0.965325,-0.255412,-0.053965,-0.070494,0.056003,0.995939,0,0.79267,0.28613,47.560,0.572,375.000,325.000,-1,425.000,-1,300.000,325.000,225.000,200.000,-1,-1,-1,-1,475.000,850.000,375.000,-1,1,1,2,0,2,1,1,1,1,2,2,2,2,1,0,1,2
22,-3908.362,-9040.238,-81.149,-104.251,-0.241429,0.967553,-0.074516,-0.967755,-0.245741,-0.055335,-0.071852,0.058754,0.995683,0,0.78814,0.28551,47.288,0.571,325.000,325.000,-1,425.000,-1,300.000,325.000,225.000,175.000,-1,-1,-1,-1,450.000,825.000,350.000,-1,1,1,2,0,2,1,1,1,1,2,2,2,2,1,0,1,2
23,-3919.479,-9085.914,-84.418,-103.680,-0.231487,0.969787,-0.076988,-0.970084,-0.236059,-0.056695,-0.073156,0.061561,0.995419,0,0.78348,0.28513,47.009,0.570,275.000,300.000,-1,400.000,-1,275.000,300.000,225.000,175.000,-1,-1,-1,-1,425.000,800.000,300.000,-1,1,1,2,0,2,1,1,1,1,2,2,2,2,1,0,1,2
24,-3931.017,-9136.422,-87.933,-102.870,-0.217430,0.972795,-0.079967,-0.973288,-0.222268,-0.057511,-0.073721,0.065326,0.995137,0,0.86348,0.40513,51.809,0.810,250.000,275.000,-1,400.000,-1,275.000,300.000,225.000,175.000,-1,-1,-1,-1,400.000,800.000,250.000,-1,1,1,2,0,2,1,1,1,1,2,2,2,2,1,0,1,2
25,-3942.696,-9191.811,-89.033,-101.920,-0.201004,0.975235,-0.092267,-0.977471,-0.205870,-0.046562,-0.064404,0.080829,0.994645,0,0.94348,0.47511,56.609,0.950,250.000,275.000,-1,425.000,-1,275.000,300.000,250.000,175.000,-1,-1,-1,-1,400.000,825.000,250.000,-1,1,1,2,0,2,1,1,1,1,2,2,2,2,1,0,1,2
26,-3953.848,-9250.763,-90.191,-100.730,-0.180716,0.977832,-0.105768,-0.982059,-0.185289,-0.035055,-0.053875,0.097535,0.993773,0,1.00000,0.59511,60.000,1.190,225.000,275.000,-1,450.000,-1,275.000,325.000,250.000,175.000,-1,-1,-1,350.000,400.000,850.000,250.000,-1,1,1,2,0,2,1,1,1,1,2,2,2,1,1,0,1,2
27,-3963.701,-9309.946,-91.039,-99.474,-0.159764,0.980028,-0.118409,-0.986273,-0.163538,-0.022809,-0.041718,0.113140,0.992703,0,1.00000,0.62804,60.000,1.256,225.000,275.000,-1,475.000,-1,275.000,325.000,275.000,200.000,-1,-1,400.000,275.000,400.000,875.000,250.000,-1,1,1,2,0,2,1,1,1,1,2,2,0,1,1,0,1,2
28,-3972.244,-9369.332,-91.867,-98.212,-0.138982,0.981490,-0.131764,-0.989858,-0.141637,-0.010948,-0.029408,0.128906,0.991221,0,1.00000,0.63107,60.000,1.262,225.000,275.000,-1,475.000,-1,275.000,325.000,275.000,200.000,-1,675.000,175.000,250.000,425.000,925.000,225.000,-1,1,1,2,0,2,1,1,1,1,2,0,0,1,1,0,1,2
29,-3979.466,-9428.893,-92.611,-96.943,-0.118419,0.982209,-0.145750,-0.992821,-0.119604,0.000635,-0.016809,0.144779,0.989321,0,1.00000,0.63439,60.000,1.269,200.000,275.000,-1,500.000,-1,275.000,350.000,300.000,225.000,-1,375.000,125.000,225.000,425.000,950.000,225.000,-1,1,1,2,0,2,1,1,1,1,2,0,0,1,1,0,1,2
30,-3985.355,-9488.600,-93.202,-95.667,-0.098126,0.982180,-0.160292,-0.995167,-0.097457,0.012053,-0.003784,0.160700,0.986996,0,1.00000,0.63808,60.000,1.276,200.000,300.000,-1,525.000,-1,275.000,350.000,300.000,250.000,-1,275.000,75.000,200.000,-1,1000.000,225.000,-1,1,1,2,0,2,1,1,1,1,2,0,0,1,2,0,1,2
31,-3989.899,-9548.424,-93.572,-94.382,-0.078159,0.981403,-0.175326,-0.996893,-0.075209,0.023422,0.009801,0.176612,0.984232,0,1.00000,0.64220,60.000,1.284,200.000,300.000,-1,550.000,-1,275.000,350.000,300.000,275.000,-1,250.000,75.000,200.000,-1,-1,225.000,-1,1,1,2,0,2,1,1,1,0,2,0,0,1,2,2,1,2
32,5575.423,5575.426,-104.378,130.664,-0.651393,-0.758509,0.018737,0.757649,-0.651582,-0.037528,0.040674,-0.010249,0.999120,1,0.00000,0.00000,60.000,1.294,325.000,150.000,200.000,150.000,-1,125.000,125.000,375.000,300.000,-1,300.000,225.000,-1,175.000,200.000,225.000,300.000,1,1,1,1,2,1,1,0,0,2,0,0,2,1,1,1,1
33,5572.310,5579.080,-103.417,130.424,-0.648077,-0.761247,0.022341,0.760308,-0.648412,-0.038654,0.043911,-0.008065,0.999003,0,0.08000,-0.12000,4.800,-0.240,300.000,150.000,200.000,150.000,-1,125.000,125.000,375.000,300.000,-1,275.000,200.000,-1,175.000,200.000,225.000,300.000,1,1,1,1,2,1,1,0,0,2,0,0,2,1,1,1,1
34,5566.146,5586.441,-101.441,129.944,-0.641351,-0.766672,0.029699,0.765589,-0.642029,-0.040904,0.050427,-0.003497,0.998722,0,0.16000,-0.24000,9.600,-0.480,300.000,150.000,200.000,150.000,-1,125.000,125.000,400.000,300.000,-1,250.000,175.000,-1,175.000,200.000,200.000,300.000,1,1,1,1,2,1,1,0,0,2,0,0,2,1,1,1,1
35,-9511.032,2951.721,-41.671,130.041,-0.639814,-0.765118,-0.072341,0.753067,-0.642944,0.139689,-0.153390,0.034898,0.987549,1,0.00000,0.00000,14.400,-0.639,-1,325.000,850.000,250.000,150.000,275.000,225.000,300.000,275.000,325.000,25.000,125.000,-1,525.000,350.000,875.000,175.000,2,0,0,0,0,0,0,1,0,1,1,1,2,0,0,0,0
36,988.519,-7541.895,165.838,15.993,0.957988,-0.275355,0.080248,0.277212,0.960724,-0.012782,-0.073577,0.034491,0.996693,1,0.08000,-0.12000,4.800,-0.240,-1,375.000,-1,400.000,-1,325.000,325.000,325.000,300.000,-1,-1,-1,650.000,650.000,650.000,-1,-1,2,0,2,0,2,0,0,0,0,2,2,2,1,0,0,2,2
37,997.769,-7539.328,165.109,15.513,0.960274,-0.267301,0.080154,0.269147,0.963012,-0.012989,-0.073717,0.034046,0.996698,0,0.16000,-0.24000,9.600,-0.480,-1,375.000,-1,400.000,-1,325.000,325.000,325.000,300.000,-1,-1,-1,650.000,650.000,650.000,-1,-1,2,0,2,0,2,0,0,0,0,2,2,2,1,0,0,2,2
38,1011.692,-7535.651,164.015,14.793,0.963575,-0.255184,0.080026,0.257015,0.966316,-0.013309,-0.073935,0.033392,0.996704,0,0.24000,-0.36000,14.400,-0.720,-1,375.000,-1,400.000,-1,325.000,325.000,325.000,300.000,-1,-1,-1,650.000,650.000,650.000,-1,-1,2,0,2,0,2,0,0,0,0,2,2,2,1,0,0,2,2
39,1030.335,-7531.061,162.554,13.833,0.967737,-0.238965,0.079881,0.240778,0.970483,-0.013752,-0.074237,0.032542,0.996710,0,0.32000,-0.48000,19.200,-0.960,-1,375.000,-1,400.000,-1,325.000,325.000,325.000,300.000,-1,-1,-1,675.000,625.000,650.000,-1,-1,2,0,2,0,2,0,0,0,0,2,2,2,1,0,0,2,2
40,1053.754,-7525.812,160.723,12.633,0.972552,-0.218595,0.079736,0.220389,0.975307,-0.014331,-0.074634,0.031510,0.996713,0,0.40000,-0.60000,24.000,-1.200,-1,375.000,-1,375.000,-1,325.000,325.000,300.000,300.000,-1,-1,-1,700.000,625.000,650.000,-1,-1,2,0,2,0,2,0,0,0,0,2,2,2,1,0,0,2,2
41,1082.005,-7520.214,158.521,11.210,0.977701,-0.194324,0.079615,0.196100,0.980468,-0.015062,-0.075133,0.030339,0.996712,0,0.48000,-0.71123,28.800,-1.422,-1,375.000,-1,375.000,-1,325.000,325.000,300.000,300.000,-1,-1,-1,725.000,625.000,625.000,-1,-1,2,0,2,0,2,0,0,0,0,2,2,2,1,0,0,2,2
42,1115.116,-7514.500,155.951,9.791,0.982230,-0.169987,0.079555,0.171763,0.985009,-0.015989,-0.075644,0.029370,0.996702,0,0.56000,-0.70958,33.600,-1.419,-1,375.000,-1,375.000,1000.000,300.000,325.000,300.000,300.000,-1,-1,-1,725.000,625.000,625.000,-1,975.000,2,0,2,0,0,0,0,0,0,2,2,2,1,0,0,2,0
43,1153.106,-7508.907,153.010,8.376,0.986138,-0.145608,0.079563,0.147402,0.988928,-0.017125,-0.076189,0.028615,0.996683,0,0.64000,-0.70767,38.400,-1.415,-1,350.000,-1,375.000,975.000,300.000,300.000,300.000,300.000,-1,-1,-1,750.000,600.000,625.000,-1,950.000,2,0,2,0,0,0,0,0,0,2,2,2,1,0,0,2,0
44,1195.988,-7503.668,149.697,6.965,0.989426,-0.121215,0.079644,0.123045,0.992229,-0.018477,-0.076785,0.028082,0.996652,0,0.72000,-0.70550,43.200,-1.411,-1,350.000,-1,350.000,925.000,300.000,300.000,300.000,300.000,-1,-1,-1,800.000,600.000,600.000,-1,900.000,2,0,2,0,0,0,0,0,0,2,2,2,1,0,0,2,0
45,1239.711,-7499.413,146.320,5.559,0.992098,-0.096830,0.079778,0.098706,0.994918,-0.019899,-0.077446,0.027617,0.996614,0,0.73217,-0.70308,43.930,-1.406,-1,350.000,-1,350.000,875.000,300.000,300.000,300.000,300.000,-1,-1,-1,825.000,600.000,575.000,-1,850.000,2,0,2,0,0,0,0,0,0,2,2,2,1,0,0,2,0
46,1283.608,-7496.223,142.926,4.158,0.994160,-0.072472,0.079958,0.074397,0.997000,-0.021357,-0.078170,0.027181,0.996569,0,0.73355,-0.70063,44.013,-1.401,-1,350.000,-1,350.000,825.000,300.000,300.000,300.000,300.000,-1,-1,-1,850.000,575.000,575.000,950.000,800.000,2,0,2,0,0,0,0,0,0,2,2,2,1,0,0,0,0
47,1331.467,-7494.120,139.777,2.516,0.995978,-0.043890,0.078113,0.045670,0.998733,-0.021149,-0.077086,0.024632,0.996720,0,0.79842,-0.82063,47.905,-1.641,-1,350.000,-1,350.000,825.000,275.000,300.000,300.000,300.000,-1,-1,-1,875.000,575.000,575.000,950.000,800.000,2,0,2,0,0,0,0,0,0,2,2,2,1,0,0,0,0
48,1382.095,-7493.559,137.323,0.635,0.997268,-0.011080,0.073038,0.012730,0.999673,-0.022174,-0.072768,0.023043,0.997083,0,0.84387,-0.94063,50.632,-1.881,-1,350.000,-1,350.000,850.000,300.000,300.000,300.000,300.000,-1,-1,-1,900.000,575.000,575.000,-1,825.000,2,0,2,0,0,0,0,0,0,2,2,2,1,0,0,2,0
49,1432.794,-7494.767,134.839,-1.365,0.997402,0.023816,0.067985,-0.022303,0.999488,-0.022926,-0.068496,0.021350,0.997423,0,0.84523,-1.00000,50.714,-2.000,-1,350.000,-1,350.000,875.000,300.000,300.000,300.000,325.000,-1,-1,650.000,950.000,600.000,575.000,-1,875.000,2,0,2,0,1,0,0,0,0,2,2,0,1,0,0,2,0
50,1483.507,-7497.749,132.333,-3.365,0.996290,0.058685,0.062946,-0.057315,0.998083,-0.023355,-0.064196,0.019660,0.997744,0,0.84669,-1.00000,50.801,-2.000,-1,350.000,-1,350.000,850.000,300.000,300.000,300.000,325.000,-1,-1,550.000,975.000,600.000,600.000,-1,900.000,2,0,2,0,1,0,0,0,0,2,2,0,1,0,0,2,0
51,1534.174,-7502.508,129.804,-5.365,0.993935,0.093485,0.057918,-0.092262,0.995459,-0.023447,-0.059847,0.017961,0.998046,0,0.84819,-1.00000,50.891,-2.000,-1,350.000,-1,350.000,800.000,300.000,300.000,300.000,325.000,-1,800.000,450.000,1000.000,625.000,600.000,-1,950.000,2,0,2,0,1,0,0,0,0,2,0,0,1,0,0,2,0
52,1584.736,-7509.043,127.252,-7.365,0.990340,0.128173,0.052902,-0.127100,0.991619,-0.023188,-0.055431,0.016240,0.998330,0,0.84971,-1.00000,50.983,-2.000,-1,350.000,-1,350.000,775.000,300.000,300.000,300.000,325.000,-1,550.000,375.000,-1,625.000,600.000,-1,1000.000,2,0,2,0,1,0,0,0,0,2,0,0,2,0,0,2,0
53,1635.130,-7517.354,124.680,-9.365,0.985511,0.162706,0.047901,-0.161784,0.986568,-0.022562,-0.050929,0.014485,0.998597,0,0.85127,-1.00000,51.076,-2.000,-1,375.000,-1,350.000,725.000,300.000,300.000,300.000,325.000,-1,425.000,325.000,-1,650.000,625.000,-1,1000.000,2,0,2,0,1,0,0,0,0,2,0,0,2,0,0,2,1
54,1685.298,-7527.438,122.087,-11.365,0.979455,0.197043,0.042921,-0.196271,0.980313,-0.021550,-0.046322,0.012683,0.998846,0,0.85285,-1.00000,51.171,-2.000,-1,375.000,-1,350.000,675.000,300.000,300.000,300.000,325.000,-1,350.000,300.000,-1,650.000,625.000,-1,925.000,2,0,2,0,1,0,0,0,0,2,0,0,2,0,0,2,1
55,1735.176,-7539.288,119.473,-13.365,0.972179,0.231140,0.037969,-0.230516,0.972860,-0.020133,-0.041592,0.010820,0.999076,0,0.85445,-1.00000,51.267,-2.000,-1,375.000,-1,375.000,650.000,300.000,300.000,300.000,325.000,-1,300.000,275.000,-1,650.000,625.000,-1,875.000,2,0,2,0,1,0,0,0,0,2,0,0,2,0,0,2,1
56,1785.197,-7552.808,116.827,-15.125,0.964799,0.260915,0.032972,-0.260430,0.965319,-0.018321,-0.036608,0.009089,0.999288,0,0.86360,-0.88000,51.816,-1.760,-1,375.000,-1,375.000,600.000,300.000,300.000,300.000,325.000,-1,275.000,250.000,-1,675.000,650.000,-1,800.000,2,0,2,0,1,0,0,0,0,2,0,0,2,0,0,2,1
57,1834.923,-7567.675,114.175,-16.645,0.957692,0.286433,0.027964,-0.286074,0.958071,-0.016160,-0.031420,0.007477,0.999478,0,0.86503,-0.76000,51.902,-1.520,-1,375.000,-1,375.000,575.000,300.000,300.000,300.000,325.000,-1,250.000,225.000,-1,675.000,650.000,-1,750.000,2,0,2,0,1,0,0,0,0,2,0,0,2,0,0,2,1
58,1884.373,-7583.671,111.811,-17.925,0.951174,0.307764,0.023459,-0.307476,0.951436,-0.015098,-0.026967,0.007148,0.999611,0,0.86622,-0.64000,51.973,-1.280,-1,375.000,-1,375.000,550.000,300.000,300.000,300.000,325.000,-1,225.000,225.000,-1,675.000,650.000,-1,725.000,2,0,2,0,1,0,0,0,0,2,0,0,2,0,0,2,1
59,1933.576,-7600.579,109.954,-18.965,0.945526,0.324977,0.019245,-0.324702,0.945679,-0.016097,-0.023431,0.008971,0.999685,0,0.86712,-0.52000,52.027,-1.040,-1,375.000,-1,375.000,525.000,300.000,300.000,300.000,325.000,-1,250.000,225.000,-1,700.000,675.000,-1,675.000,2,0,2,0,1,0,0,0,0,2,0,0,2,0,0,2,1
60,1982.570,-7618.184,108.162,-19.765,0.940981,0.338142,0.014631,-0.337893,0.941029,-0.017102,-0.019551,0.011149,0.999747,0,0.86769,-0.40000,52.061,-0.800,-1,375.000,-1,375.000,475.000,300.000,300.000,300.000,300.000,-1,250.000,250.000,-1,725.000,650.000,-1,625.000,2,0,2,0,1,0,0,0,0,2,0,0,2,0,1,2,1
61,2031.400,-7636.271,106.533,-20.325,0.937691,0.347315,0.010388,-0.347107,0.937658,-0.017713,-0.015892,0.013004,0.999789,0,0.86788,-0.28000,52.073,-0.560,-1,375.000,-1,375.000,450.000,300.000,300.000,300.000,300.000,-1,275.000,250.000,-1,750.000,625.000,-1,600.000,2,0,2,0,1,0,0,0,0,2,0,0,2,0,1,2,1
62,2080.115,-7654.625,105.834,-20.645,0.935743,0.352552,0.009616,-0.352377,0.935719,-0.016155,-0.014694,0.011728,0.999823,0,0.86762,-0.16000,52.057,-0.320,-1,375.000,-1,375.000,425.000,300.000,300.000,300.000,300.000,-1,300.000,300.000,-1,750.000,625.000,-1,550.000,2,0,2,0,1,0,0,0,0,2,0,0,2,0,1,2,1
63,2128.761,-7673.031,105.251,-20.725,0.935256,0.353864,0.008702,-0.353725,0.935240,-0.014320,-0.013206,0.010314,0.999860,0,0.86687,-0.04000,52.012,-0.080,-1,375.000,-1,375.000,400.000,300.000,300.000,300.000,300.000,-1,350.000,350.000,-1,775.000,600.000,-1,525.000,2,0,2,0,1,0,0,0,0,2,0,0,2,0,1,2,1
64,2177.385,-7691.274,104.747,-20.565,0.936249,0.351255,0.007604,-0.351147,0.936235,-0.012628,-0.011555,0.009153,0.999891,0,0.86555,0.08000,51.933,0.160,-1,375.000,-1,375.000,400.000,300.000,300.000,300.000,300.000,-1,400.000,375.000,-1,775.000,600.000,-1,500.000,2,0,2,0,1,0,0,0,0,2,0,0,2,0,1,2,1
65,2226.026,-7709.137,104.298,-20.165,0.938686,0.344713,0.006433,-0.344633,0.938673,-0.011027,-0.009840,0.008134,0.999919,0,0.86363,0.20000,51.818,0.400,-1,375.000,-1,375.000,375.000,325.000,300.000,300.000,300.000,-1,425.000,425.000,-1,800.000,575.000,-1,475.000,2,0,2,0,1,0,0,0,1,2,0,0,2,0,1,2,1
66,2274.719,-7726.404,103.878,-19.525,0.942484,0.334210,0.005318,-0.334152,0.942472,-0.009451,-0.008170,0.007131,0.999941,0,0.86106,0.32000,51.663,0.640,-1,375.000,-1,375.000,350.000,325.000,300.000,300.000,300.000,-1,450.000,450.000,-1,800.000,575.000,-1,475.000,2,0,2,0,1,0,0,0,1,2,0,0,2,0,1,2,1
67,2323.485,-7742.858,103.486,-18.645,0.947510,0.319697,0.004250,-0.319658,0.947500,-0.007914,-0.006557,0.006140,0.999960,0,0.85779,0.44000,51.468,0.880,-1,400.000,-1,375.000,350.000,325.000,300.000,300.000,275.000,-1,500.000,500.000,-1,825.000,575.000,-1,450.000,2,0,2,0,1,0,0,0,1,2,0,0,2,0,1,2,1
68,2372.337,-7758.284,103.124,-17.525,0.953581,0.301118,0.003223,-0.301093,0.953573,-0.006425,-0.005008,0.005157,0.999974,0,0.85383,0.56000,51.230,1.120,-1,400.000,-1,375.000,350.000,325.000,325.000,300.000,275.000,-1,525.000,550.000,-1,850.000,600.000,-1,450.000,2,0,2,0,1,0,0,0,1,2,0,0,2,0,1,2,1
69,2421.217,-7772.663,102.796,-16.392,0.959351,0.282205,0.002222,-0.282192,0.959345,-0.005008,-0.003545,0.004177,0.999985,0,0.84918,0.56648,50.951,1.133,-1,400.000,-1,375.000,325.000,325.000,325.000,300.000,250.000,-1,575.000,575.000,-1,850.000,600.000,-1,450.000,2,0,2,0,1,0,0,0,1,2,0,0,2,0,1,2,1
70,2470.083,-7785.995,102.499,-15.261,0.964737,0.263212,0.001248,-0.263206,0.964733,-0.003659,-0.002167,0.003201,0.999993,0,0.84421,0.56561,50.652,1.131,-1,400.000,-1,400.000,325.000,325.000,325.000,300.000,250.000,-1,600.000,600.000,-1,875.000,625.000,-1,500.000,2,0,2,0,1,0,0,0,1,2,0,0,2,0,1,2,1
71,2518.900,-7798.285,102.231,-14.131,0.969741,0.244134,0.000300,-0.244133,0.969739,-0.002377,-0.000871,0.002232,0.999997,0,0.83901,0.56504,50.341,1.130,-1,425.000,-1,400.000,325.000,325.000,325.000,300.000,250.000,-1,650.000,650.000,-1,900.000,650.000,-1,-1,2,0,2,0,1,0,0,0,1,2,0,0,2,0,1,2,2
72,2567.640,-7809.539,102.044,-13.001,0.974365,0.224971,-0.000501,-0.224972,0.974364,-0.001412,0.000171,0.001489,0.999999,0,0.83370,0.56476,50.022,1.130,-1,425.000,-1,400.000,325.000,325.000,325.000,300.000,225.000,-1,675.000,675.000,-1,925.000,700.000,-1,-1,2,0,2,0,1,0,0,0,1,2,0,0,2,0,1,2,2
73,2616.278,-7819.764,101.645,-11.872,0.978611,0.205720,0.000085,-0.205720,0.978611,0.000214,-0.000040,-0.000227,1.000000,0,0.82836,0.56478,49.702,1.130,-1,425.000,-1,400.000,350.000,325.000,325.000,300.000,225.000,-1,725.000,725.000,-1,925.000,750.000,-1,-1,2,0,2,0,1,0,0,0,1,2,0,0,2,0,1,2,2
74,2664.799,-7828.968,101.241,-10.741,0.982478,0.186377,0.000938,-0.186379,0.982476,0.002017,-0.000546,-0.002157,0.999998,0,0.82309,0.56509,49.386,1.130,-1,425.000,-1,400.000,400.000,325.000,325.000,300.000,225.000,-1,775.000,775.000,-1,925.000,775.000,-1,-1,2,0,2,0,1,0,0,0,1,2,0,0,2,0,0,2,2
75,2716.089,-7837.639,100.653,-9.596,0.986004,0.166702,0.002673,-0.166710,0.986001,0.003035,-0.002130,-0.003439,0.999992,0,0.86697,0.57263,52.018,1.145,-1,425.000,-1,400.000,-1,325.000,325.000,300.000,225.000,-1,850.000,850.000,-1,925.000,775.000,-1,-1,2,0,2,0,2,0,0,0,1,2,0,0,2,0,0,2,2
76,2763.911,-7844.949,100.059,-8.691,0.988508,0.151103,0.004490,-0.151120,0.988508,0.003697,-0.003880,-0.004333,0.999983,0,0.80629,0.45263,48.377,0.905,-1,425.000,-1,400.000,-1,325.000,325.000,300.000,200.000,-1,900.000,925.000,-1,900.000,775.000,-1,-1,2,0,2,0,2,0,0,0,1,2,0,0,2,0,0,2,2
77,2811.562,-7851.668,99.493,-8.026,0.990186,0.139615,0.006343,-0.139644,0.990192,0.004365,-0.005671,-0.005208,0.999970,0,0.80205,0.33263,48.123,0.665,-1,425.000,-1,400.000,-1,325.000,325.000,300.000,200.000,-1,975.000,1000.000,-1,900.000,750.000,-1,-1,2,0,2,0,2,0,0,0,1,2,0,0,2,0,0,2,2
78,2859.007,-7857.999,98.971,-7.600,0.991180,0.132262,0.008268,-0.132305,0.991197,0.004951,-0.007541,-0.006001,0.999954,0,0.79776,0.21263,47.865,0.425,-1,425.000,-1,400.000,-1,325.000,325.000,300.000,200.000,-1,-1,-1,-1,900.000,750.000,-1,-1,2,0,2,0,2,0,0,0,1,2,2,2,2,0,0,2,2
79,2906.219,-7864.143,98.477,-7.415,0.991585,0.129055,0.010219,-0.129116,0.991614,0.005505,-0.009423,-0.006778,0.999933,0,0.79351,0.09263,47.610,0.185,-1,425.000,-1,400.000,-1,325.000,325.000,300.000,200.000,-1,-1,-1,-1,875.000,750.000,-1,-1,2,0,2,0,2,0,0,0,1,2,2,2,2,0,0,2,2
80,2953.202,-7870.136,97.994,-7.269,0.991889,0.126523,0.012146,-0.126603,0.991935,0.006070,-0.011280,-0.007559,0.999908,0,0.78938,0.07313,47.363,0.146,-1,425.000,-1,400.000,-1,325.000,325.000,300.000,200.000,-1,-1,-1,725.000,875.000,725.000,-1,-1,2,0,2,0,2,0,0,0,1,2,2,2,1,0,0,2,2
81,2999.946,-7875.978,97.522,-7.124,0.992181,0.124011,0.014050,-0.124114,0.992246,0.006645,-0.013117,-0.008337,0.999879,0,0.78514,0.07250,47.108,0.145,-1,400.000,-1,400.000,-1,325.000,325.000,300.000,200.000,-1,-1,-1,575.000,850.000,725.000,-1,-1,2,0,2,0,2,0,0,0,1,2,2,2,1,0,0,2,2
82,3046.445,-7881.670,97.060,-6.980,0.992462,0.121513,0.015929,-0.121640,0.992548,0.007229,-0.014932,-0.009112,0.999847,0,0.78077,0.07209,46.846,0.144,-1,400.000,-1,375.000,-1,325.000,325.000,300.000,200.000,-1,-1,-1,575.000,850.000,725.000,-1,-1,2,0,2,0,2,0,0,0,1,2,2,2,1,0,0,2,2
83,3092.696,-7887.215,96.608,-6.836,0.992732,0.119021,0.017785,-0.119175,0.992842,0.007822,-0.016726,-0.009885,0.999811,0,0.77635,0.07189,46.581,0.144,-1,400.000,-1,375.000,-1,325.000,325.000,300.000,200.000,-1,-1,-1,550.000,850.000,700.000,-1,-1,2,0,2,0,2,0,0,0,1,2,2,2,1,0,0,2,2
84,3138.696,-7892.612,96.166,-6.692,0.992994,0.116528,0.019618,-0.116711,0.993130,0.008423,-0.018501,-0.010654,0.999772,0,0.77193,0.07189,46.316,0.144,-1,400.000,-1,375.000,-1,325.000,325.000,300.000,200.000,-1,-1,-1,550.000,825.000,700.000,-1,-1,2,0,2,0,2,0,0,0,1,2,2,2,1,0,0,2,2
85,3184.449,-7897.863,95.733,-6.548,0.993246,0.114027,0.021428,-0.114241,0.993412,0.009032,-0.020257,-0.011419,0.999730,0,0.76756,0.07211,46.053,0.144,-1,400.000,-1,375.000,-1,325.000,325.000,300.000,200.000,-1,-1,-1,525.000,825.000,700.000,-1,-1,2,0,2,0,2,0,0,0,1,2,2,2,1,0,0,2,2
86,3229.961,-7902.970,95.308,-6.403,0.993492,0.111511,0.023218,-0.111759,0.993688,0.009650,-0.021995,-0.012182,0.999684,0,0.76329,0.07252,45.798,0.145,-1,400.000,-1,375.000,-1,325.000,325.000,300.000,200.000,-1,-1,-1,525.000,825.000,675.000,-1,-1,2,0,2,0,2,0,0,0,1,2,2,2,1,0,0,2,2
87,3275.240,-7907.934,94.597,-6.257,0.993749,0.108972,0.024265,-0.109275,0.993944,0.011555,-0.022859,-0.014134,0.999639,0,0.75918,0.07313,45.551,0.146,-1,400.000,-1,375.000,-1,325.000,325.000,300.000,200.000,-1,-1,-1,500.000,800.000,675.000,-1,-1,2,0,2,0,2,0,0,0,1,2,2,2,1,0,0,2,2
88,3320.299,-7912.756,93.671,-6.109,0.994018,0.106404,0.024632,-0.106755,0.994195,0.013417,-0.023061,-0.015966,0.999607,0,0.75527,0.07392,45.316,0.148,-1,400.000,-1,375.000,-1,325.000,300.000,300.000,225.000,-1,-1,-1,500.000,800.000,675.000,-1,-1,2,0,2,0,2,0,0,0,1,2,2,2,1,0,0,2,2
89,3365.151,-7917.438,92.686,-5.959,0.994298,0.103802,0.024447,-0.104187,0.994444,0.015045,-0.022749,-0.017507,0.999588,0,0.75159,0.07490,45.095,0.150,-1,400.000,-1,375.000,-1,325.000,300.000,300.000,225.000,-1,-1,-1,475.000,800.000,675.000,-1,-1,2,0,2,0,2,0,0,0,1,2,2,2,1,0,0,2,2
90,3409.811,-7921.979,91.717,-5.807,0.994575,0.101159,0.024256,-0.101577,0.994688,0.016668,-0.022441,-0.019042,0.999567,0,0.74817,0.07604,44.890,0.152,-1,400.000,-1,375.000,-1,325.000,300.000,300.000,225.000,-1,-1,-1,450.000,800.000,675.000,-1,-1,2,0,2,0,2,0,0,0,1,2,2,2,1,0,0,2,2
91,3454.295,-7926.381,90.771,-5.652,0.994850,0.098470,0.024039,-0.098920,0.994927,0.018316,-0.022114,-0.020599,0.999543,0,0.74503,0.07735,44.702,0.155,-1,400.000,-1,375.000,-1,325.000,300.000,300.000,250.000,-1,-1,-1,450.000,800.000,675.000,-1,-1,2,0,2,0,2,0,0,0,1,2,2,2,1,0,0,2,2
92,3498.622,-7930.645,89.838,-5.495,0.995122,0.095729,0.023820,-0.096210,0.995161,0.019954,-0.021795,-0.022149,0.999517,0,0.74219,0.07882,44.531,0.158,-1,400.000,-1,375.000,-1,325.000,300.000,300.000,250.000,-1,-1,-1,425.000,800.000,675.000,-1,-1,2,0,2,0,2,0,0,0,1,2,2,2,1,0,0,2,2
93,3542.809,-7934.770,88.916,-5.334,0.995393,0.092931,0.023603,-0.093443,0.995391,0.021579,-0.021489,-0.023685,0.999489,0,0.73965,0.08043,44.379,0.161,-1,400.000,-1,375.000,-1,325.000,300.000,300.000,275.000,-1,-1,-1,425.000,775.000,675.000,-1,-1,2,0,2,0,2,0,0,0,1,2,2,2,1,0,0,2,2
94,3586.874,-7938.756,88.004,-5.169,0.995661,0.090072,0.023387,-0.090613,0.995616,0.023190,-0.021195,-0.025209,0.999457,0,0.73742,0.08218,44.245,0.164,-1,400.000,-1,375.000,-1,325.000,300.000,300.000,300.000,-1,-1,-1,425.000,775.000,675.000,-1,-1,2,0,2,0,2,0,0,0,1,2,2,2,1,0,0,2,2
95,3630.837,-7942.602,87.101,-5.001,0.995926,0.087147,0.023173,-0.087716,0.995837,0.024790,-0.020916,-0.026721,0.999424,0,0.73551,0.08406,44.130,0.168,-1,400.000,-1,375.000,-1,325.000,300.000,300.000,300.000,-1,-1,-1,450.000,775.000,675.000,-1,-1,2,0,2,0,2,0,0,0,0,2,2,2,1,0,0,2,2
96,3674.714,-7946.309,86.206,-4.829,0.996188,0.084152,0.022960,-0.084748,0.996053,0.026379,-0.020650,-0.028224,0.999388,0,0.73389,0.08606,44.033,0.172,-1,400.000,-1,375.000,-1,325.000,300.000,300.000,300.000,-1,-1,-1,475.000,775.000,675.000,-1,-1,2,0,2,0,2,0,0,0,0,2,2,2,1,0,0,2,2
97,3718.523,-7949.873,85.317,-4.653,0.996448,0.081082,0.022750,-0.081705,0.996264,0.027958,-0.020398,-0.029718,0.999350,0,0.73257,0.08818,43.954,0.176,-1,400.000,-1,375.000,-1,325.000,300.000,300.000,300.000,-1,-1,-1,475.000,775.000,675.000,-1,-1,2,0,2,0,2,0,0,0,0,2,2,2,1,0,0,2,2
98,3767.112,-7953.874,84.352,-4.708,0.996375,0.082039,0.022516,-0.082691,0.996132,0.029705,-0.019992,-0.031459,0.999305,0,0.81257,-0.02766,48.754,-0.055,-1,400.000,-1,375.000,-1,325.000,300.000,300.000,300.000,-1,-1,-1,500.000,775.000,675.000,-1,-1,2,0,2,0,2,0,0,0,0,2,2,2,1,0,0,2,2
99,3820.304,-7958.301,83.309,-4.758,0.996309,0.082907,0.022254,-0.083587,0.995999,0.031606,-0.019545,-0.033349,0.999253,0,0.88959,-0.02509,53.376,-0.050,-1,400.000,-1,375.000,-1,325.000,300.000,300.000,300.000,-1,-1,-1,525.000,775.000,675.000,-1,-1,2,0,2,0,2,0,0,0,0,2,2,2,1,0,0,2,2
100,3873.473,-7962.768,82.283,-4.803,0.996251,0.083671,0.021988,-0.084378,0.995871,0.033493,-0.019094,-0.035223,0.999197,0,0.88926,-0.02214,53.356,-0.044,-1,400.000,-1,375.000,-1,325.000,300.000,300.000,300.000,-1,-1,-1,575.000,775.000,650.000,-1,-1,2,0,2,0,2,0,0,0,0,2,2,2,1,0,0,2,2
101,3926.638,-7967.269,81.286,-4.841,0.996205,0.084329,0.021549,-0.085054,0.995750,0.035318,-0.018479,-0.037017,0.999144,0,0.88925,-0.01908,53.355,-0.038,-1,400.000,-1,375.000,-1,325.000,300.000,300.000,300.000,-1,-1,-1,600.000,775.000,650.000,-1,-1,2,0,2,0,2,0,0,0,0,2,2,2,1,0,0,2,2
102,3979.817,-7971.802,80.518,-4.873,0.996180,0.084876,0.020544,-0.085594,0.995643,0.036999,-0.017314,-0.038616,0.999104,0,0.88954,-0.01591,53.372,-0.032,-1,400.000,-1,375.000,-1,325.000,300.000,300.000,300.000,-1,-1,-1,625.000,775.000,675.000,-1,-1,2,0,2,0,2,0,0,0,0,2,2,2,1,0,0,2,2
103,4033.028,-7976.361,79.873,-4.898,0.996165,0.085309,0.019435,-0.086016,0.995527,0.039077,-0.016015,-0.040598,0.999047,0,0.89009,-0.01263,53.406,-0.025,-1,400.000,-1,375.000,-1,325.000,300.000,300.000,300.000,-1,-1,-1,675.000,775.000,675.000,-1,-1,2,0,2,0,2,0,0,0,0,2,2,2,1,0,0,2,2
104,4086.285,-7980.941,79.243,-4.916,0.996159,0.085624,0.018340,-0.086317,0.995418,0.041146,-0.014733,-0.042571,0.998985,0,0.89091,-0.00926,53.454,-0.019,-1,400.000,-1,375.000,-1,325.000,300.000,300.000,300.000,-1,-1,-1,700.000,800.000,675.000,-1,-1,2,0,2,0,2,0,0,0,0,2,2,2,1,0,0,2,2
105,4139.605,-7985.537,78.637,-4.928,0.996161,0.085818,0.017279,-0.086495,0.995314,0.043231,-0.013488,-0.044560,0.998916,0,0.89196,-0.00580,53.517,-0.012,-1,400.000,-1,375.000,-1,325.000,300.000,325.000,300.000,-1,825.000,-1,750.000,800.000,675.000,-1,-1,2,0,2,0,2,0,0,0,0,2,0,2,1,0,0,2,2
106,4193.000,-7990.144,78.047,-4.932,0.996172,0.085888,0.016234,-0.086544,0.995217,0.045311,-0.012264,-0.046543,0.998841,0,0.89322,-0.00226,53.593,-0.005,-1,400.000,-1,375.000,-1,325.000,300.000,325.000,300.000,-1,775.000,-1,800.000,800.000,700.000,-1,-1,2,0,2,0,2,0,0,0,0,2,0,2,1,0,0,2,2
107,4246.483,-7994.756,77.470,-4.930,0.996194,0.085833,0.015191,-0.086464,0.995128,0.047374,-0.011051,-0.048507,0.998762,0,0.89469,0.00137,53.682,0.003,-1,400.000,-1,375.000,-1,325.000,300.000,300.000,300.000,-1,725.000,-1,850.000,825.000,700.000,-1,-1,2,0,2,0,2,0,0,0,0,2,0,2,1,0,0,2,2
108,4300.066,-7999.367,76.905,-4.920,0.996225,0.085649,0.014151,-0.086249,0.995047,0.049418,-0.009848,-0.050452,0.998678,0,0.89635,0.00507,53.781,0.010,-1,400.000,-1,375.000,-1,325.000,300.000,300.000,300.000,-1,675.000,-1,900.000,825.000,700.000,-1,-1,2,0,2,0,2,0,0,0,0,2,0,2,1,0,0,2,2
109,4353.760,-8003.971,76.351,-4.902,0.996266,0.085333,0.013113,-0.085900,0.994975,0.051444,-0.008657,-0.052378,0.998590,0,0.89818,0.00884,53.891,0.018,-1,400.000,-1,375.000,-1,325.000,300.000,300.000,300.000,-1,650.000,1000.000,950.000,850.000,725.000,-1,-1,2,0,2,0,2,0,0,0,0,2,0,0,1,0,0,2,2
110,4407.575,-8008.561,75.808,-4.877,0.996318,0.084884,0.012077,-0.085412,0.994911,0.053452,-0.007478,-0.054286,0.998497,0,0.90017,0.01268,54.010,0.025,-1,400.000,-1,375.000,-1,325.000,325.000,300.000,300.000,-1,625.000,950.000,1000.000,850.000,725.000,-1,-1,2,0,2,0,2,0,0,0,0,2,0,0,1,0,0,2,2
111,4461.521,-8013.131,75.275,-4.843,0.996379,0.084300,0.011042,-0.084785,0.994856,0.055442,-0.006312,-0.056177,0.998401,0,0.90231,0.01658,54.139,0.033,-1,400.000,-1,375.000,-1,325.000,325.000,300.000,300.000,-1,600.000,900.000,-1,850.000,725.000,-1,-1,2,0,2,0,2,0,0,0,0,2,0,0,2,0,0,2,2
112,4515.606,-8017.674,74.753,-4.802,0.996451,0.083577,0.010010,-0.084016,0.994809,0.057414,-0.005159,-0.058051,0.998300,0,0.90459,0.02055,54.276,0.041,-1,400.000,-1,375.000,-1,325.000,325.000,300.000,300.000,-1,575.000,850.000,-1,850.000,750.000,-1,-1,2,0,2,0,2,0,0,0,0,2,0,0,2,0,0,2,2
113,4569.839,-8022.182,74.274,-4.753,0.996532,0.082716,0.009075,-0.083109,0.994779,0.059226,-0.004128,-0.059775,0.998203,0,0.90700,0.02457,54.420,0.049,-1,425.000,-1,400.000,-1,325.000,325.000,300.000,300.000,-1,550.000,825.000,-1,875.000,750.000,-1,-1,2,0,2,0,2,0,0,0,0,2,0,0,2,0,0,2,2
114,4624.228,-8026.648,73.804,-4.696,0.996611,0.081711,0.009431,-0.082136,0.994748,0.061082,-0.004390,-0.061650,0.998088,0,0.90953,0.02865,54.572,0.057,-1,425.000,-1,400.000,-1,325.000,325.000,300.000,300.000,-1,600.000,900.000,-1,850.000,750.000,-1,-1,2,0,2,0,2,0,0,0,0,2,0,0,2,0,0,2,2
115,4678.780,-8031.065,73.246,-4.630,0.996694,0.080564,0.010506,-0.081066,0.994741,0.062599,-0.005408,-0.063244,0.997983,0,0.91218,0.03279,54.731,0.066,-1,400.000,-1,400.000,-1,325.000,325.000,300.000,300.000,-1,675.000,-1,-1,850.000,750.000,-1,-1,2,0,2,0,2,0,0,0,0,2,0,2,2,0,0,2,2
116,4733.502,-8035.425,72.694,-4.556,0.996786,0.079272,0.011581,-0.079855,0.994743,0.064113,-0.006438,-0.064832,0.997875,0,0.91493,0.03698,54.896,0.074,-1,400.000,-1,375.000,-1,325.000,325.000,300.000,300.000,-1,775.000,-1,-1,825.000,750.000,-1,-1,2,0,2,0,2,0,0,0,0,2,0,2,2,0,0,2,2
117,4788.401,-8039.719,72.147,-4.474,0.996886,0.077833,0.012656,-0.078499,0.994752,0.065624,-0.007482,-0.066413,0.997764,0,0.91778,0.04122,55.067,0.082,-1,400.000,-1,375.000,-1,325.000,325.000,300.000,300.000,-1,875.000,-1,-1,825.000,725.000,-1,-1,2,0,2,0,2,0,0,0,0,2,0,2,2,0,0,2,2
118,4843.483,-8043.939,71.606,-4.383,0.996995,0.076244,0.013732,-0.076999,0.994768,0.067133,-0.008541,-0.067989,0.997650,0,0.92072,0.04551,55.243,0.091,-1,400.000,-1,375.000,-1,325.000,325.000,300.000,300.000,-1,1000.000,-1,-1,825.000,725.000,-1,-1,2,0,2,0,2,0,0,0,0,2,0,2,2,0,0,2,2
119,4898.753,-8048.077,71.068,-4.283,0.997111,0.074505,0.014808,-0.075351,0.994792,0.068642,-0.009617,-0.069559,0.997531,0,0.92375,0.04985,55.425,0.100,-1,400.000,-1,375.000,-1,325.000,325.000,300.000,300.000,-1,-1,-1,-1,800.000,725.000,-1,-1,2,0,2,0,2,0,0,0,0,2,2,2,2,0,0,2,2
120,4954.218,-8052.123,70.533,-4.175,0.997234,0.072614,0.015885,-0.073556,0.994821,0.070150,-0.010709,-0.071125,0.997410,0,0.92686,0.05423,55.612,0.108,-1,400.000,-1,375.000,-1,325.000,325.000,300.000,300.000,-1,-1,-1,-1,800.000,700.000,-1,-1,2,0,2,0,2,0,0,0,0,2,2,2,2,0,0,2,2
121,5009.881,-8056.070,70.000,-4.057,0.997363,0.070569,0.016964,-0.071610,0.994855,0.071661,-0.011820,-0.072687,0.997285,0,0.93006,0.05866,55.804,0.117,-1,400.000,-1,375.000,-1,325.000,300.000,300.000,300.000,-1,-1,-1,-1,775.000,700.000,-1,-1,2,0,2,0,2,0,0,0,0,2,2,2,2,0,0,2,2
122,5065.719,-8059.907,69.468,-3.933,0.997495,0.068392,0.018045,-0.069538,0.994892,0.073173,-0.012949,-0.074245,0.997156,0,0.93282,0.06244,55.969,0.125,-1,400.000,-1,375.000,-1,325.000,300.000,300.000,300.000,-1,-1,-1,-1,775.000,700.000,-1,-1,2,0,2,0,2,0,0,0,0,2,2,2,2,0,0,2,2
123,5121.564,-8063.622,68.939,-3.808,0.997622,0.066216,0.019125,-0.067469,0.994922,0.074683,-0.014083,-0.075796,0.997024,0,0.93282,0.06244,55.969,0.125,-1,400.000,-1,375.000,-1,325.000,300.000,300.000,325.000,-1,-1,-1,-1,775.000,700.000,-1,-1,2,0,2,0,2,0,0,0,0,2,2,2,2,0,0,2,2
124,5177.418,-8067.215,68.411,-3.683,0.997743,0.064040,0.020205,-0.065403,0.994946,0.076190,-0.015223,-0.077340,0.996889,0,0.93282,0.06244,55.969,0.125,-1,400.000,-1,375.000,-1,300.000,300.000,300.000,325.000,-1,-1,-1,-1,750.000,675.000,-1,-1,2,0,2,0,2,0,0,0,0,2,2,2,2,0,0,2,2
125,5233.279,-8070.687,67.846,-3.558,0.997860,0.061863,0.021171,-0.063334,0.994951,0.077855,-0.016247,-0.079030,0.996740,0,0.93282,0.06244,55.969,0.125,-1,375.000,-1,375.000,-1,300.000,300.000,300.000,325.000,-1,-1,-1,-1,750.000,675.000,-1,-1,2,0,2,0,2,0,0,0,0,2,2,2,2,0,0,2,2
126,5289.148,-8074.037,67.274,-3.433,0.998008,0.059688,0.020418,-0.061129,0.994974,0.079310,-0.015582,-0.080400,0.996641,0,0.93282,0.06244,55.969,0.125,-1,375.000,-1,375.000,-1,300.000,300.000,325.000,325.000,-1,-1,-1,-1,725.000,675.000,-1,-1,2,0,2,0,2,0,0,0,0,2,2,2,2,0,0,2,2
127,5345.023,-8077.265,66.745,-3.308,0.998162,0.057512,0.019114,-0.058878,0.994980,0.080925,-0.014363,-0.081902,0.996537,0,0.93282,0.06244,55.969,0.125,-1,375.000,-1,375.000,-1,300.000,300.000,325.000,325.000,-1,-1,-1,-1,725.000,675.000,-1,-1,2,0,2,0,2,0,0,0,0,2,2,2,2,0,0,2,2
128,5396.125,-8079.891,66.241,-2.943,0.998529,0.051169,0.017916,-0.052478,0.995215,0.082427,-0.013613,-0.083246,0.996436,0,0.85282,0.18244,51.169,0.365,-1,375.000,-1,375.000,-1,300.000,300.000,325.000,325.000,-1,-1,-1,-1,725.000,675.000,-1,-1,2,0,2,0,2,0,0,0,0,2,2,2,2,0,0,2,2
129,5442.455,-8081.782,65.748,-2.338,0.999032,0.040655,0.016823,-0.041927,0.995598,0.083824,-0.013341,-0.084448,0.996339,0,0.77282,0.30244,46.369,0.605,-1,400.000,-1,375.000,-1,300.000,300.000,325.000,325.000,-1,-1,-1,-1,725.000,675.000,-1,-1,2,0,2,0,2,0,0,0,0,2,2,2,2,0,0,2,2
130,5484.009,-8082.864,65.259,-1.493,0.999537,0.025968,0.015828,-0.027224,0.995998,0.085123,-0.013555,-0.085515,0.996245,0,0.69282,0.42244,41.569,0.845,-1,400.000,-1,375.000,-1,300.000,300.000,325.000,325.000,-1,-1,-1,-1,725.000,675.000,-1,-1,2,0,2,0,2,0,0,0,0,2,2,2,2,0,0,2,2
131,5520.776,-8083.125,64.773,-0.409,0.999863,0.007105,0.014924,-0.008368,0.996231,0.086330,-0.014255,-0.086443,0.996155,0,0.61282,0.54244,36.769,1.085,-1,400.000,-1,375.000,-1,300.000,300.000,325.000,325.000,-1,-1,-1,-1,725.000,675.000,-1,-1,2,0,2,0,2,0,0,0,0,2,2,2,2,0,0,2,2
132,5552.740,-8082.613,64.292,0.916,0.999774,-0.015930,0.014098,0.014638,0.996062,0.087443,-0.015436,-0.087217,0.996070,0,0.53282,0.66244,31.969,1.325,-1,400.000,-1,375.000,-1,325.000,300.000,325.000,325.000,-1,-1,-1,-1,725.000,675.000,-1,-1,2,0,2,0,2,0,0,0,0,2,2,2,2,0,0,2,2
133,5579.882,-8081.436,63.826,2.481,0.998981,-0.043123,0.013336,0.041779,0.995203,0.088457,-0.017087,-0.087810,0.995991,0,0.45282,0.78244,27.169,1.565,-1,400.000,-1,375.000,-1,325.000,300.000,325.000,325.000,-1,-1,-1,-1,725.000,675.000,-1,-1,2,0,2,0,2,0,0,0,0,2,2,2,2,0,0,2,2
