timestep,x_cm,y_cm,z_cm,yaw_deg,basis_xx,basis_xy,basis_xz,basis_yx,basis_yy,basis_yz,basis_zx,basis_zy,basis_zz,teleport_flag,throttle_cmd,steering_cmd,cmd_move_cm,cmd_turn_deg,lidar_cm_0,lidar_cm_1,lidar_cm_2,lidar_cm_3,lidar_cm_4,lidar_cm_5,lidar_cm_6,lidar_cm_7,lidar_cm_8,lidar_cm_9,lidar_cm_10,lidar_cm_11,lidar_cm_12,lidar_cm_13,lidar_cm_14,lidar_cm_15,lidar_cm_16,lidar_class_0,lidar_class_1,lidar_class_2,lidar_class_3,lidar_class_4,lidar_class_5,lidar_class_6,lidar_class_7,lidar_class_8,lidar_class_9,lidar_class_10,lidar_class_11,lidar_class_12,lidar_class_13,lidar_class_14,lidar_class_15,lidar_class_16
0,-983.871,8855.052,-316.647,-131.109,-0.659491,0.751711,-0.001412,-0.747914,-0.655968,0.101639,0.075477,0.068086,0.994820,1,0.00000,0.00000,4.800,-0.199,-1,200.000,325.000,200.000,350.000,175.000,175.000,300.000,375.000,825.000,200.000,350.000,-1,275.000,250.000,425.000,250.000,2,1,1,1,1,1,1,0,0,0,0,0,2,1,1,1,1
1,-987.013,8851.423,-315.830,-130.869,-0.656265,0.754530,0.000833,-0.750508,-0.652880,0.102399,0.077807,0.066575,0.994743,0,0.08000,0.12000,4.800,0.240,-1,200.000,325.000,200.000,350.000,175.000,175.000,300.000,375.000,800.000,200.000,350.000,-1,275.000,250.000,425.000,250.000,2,1,1,1,1,1,1,0,0,0,0,0,2,1,1,1,1
2,-993.236,8844.112,-314.168,-130.389,-0.649753,0.760127,0.005397,-0.755653,-0.646667,0.103969,0.082520,0.063476,0.994566,0,0.16000,0.24000,9.600,0.480,-1,200.000,325.000,200.000,350.000,175.000,175.000,300.000,375.000,750.000,175.000,325.000,-1,275.000,250.000,450.000,250.000,2,1,1,1,1,1,1,0,0,0,0,0,2,1,1,1,1
3,-1002.432,8833.029,-311.581,-129.669,-0.639819,0.768425,0.012442,-0.763279,-0.637257,0.106342,0.089645,0.058543,0.994252,0,0.24000,0.36000,14.400,0.720,-1,200.000,325.000,175.000,325.000,175.000,175.000,300.000,400.000,700.000,150.000,300.000,-1,275.000,250.000,475.000,250.000,2,1,1,1,1,1,1,0,0,0,0,0,2,1,1,1,1
4,-1014.486,8818.082,-307.857,-128.871,-0.628501,0.777504,0.021764,-0.771505,-0.626719,0.109564,0.098827,0.052070,0.993741,0,0.32000,0.39898,19.200,0.798,-1,225.000,325.000,175.000,300.000,175.000,175.000,300.000,400.000,650.000,125.000,275.000,-1,275.000,225.000,550.000,225.000,2,1,1,1,1,1,1,0,0,0,0,0,2,1,1,1,1
5,-7543.217,327.970,-177.321,-37.419,0.793880,0.607443,-0.027697,-0.607877,0.793959,-0.010692,0.015496,0.025325,0.999559,1,0.00000,0.00000,24.000,0.782,675.000,350.000,-1,325.000,550.000,275.000,275.000,275.000,300.000,-1,225.000,250.000,-1,525.000,525.000,625.000,575.000,0,0,2,0,0,0,0,0,0,2,0,0,2,0,0,0,0
6,-7539.393,325.069,-177.188,-37.179,0.796405,0.604120,-0.027890,-0.604547,0.796507,-0.009988,0.016180,0.024815,0.999561,0,0.08000,0.12000,4.800,0.240,675.000,350.000,-1,325.000,550.000,275.000,275.000,275.000,300.000,-1,225.000,250.000,-1,525.000,525.000,625.000,575.000,0,0,2,0,0,0,0,0,0,2,0,0,2,0,0,0,0
7,-7531.696,319.332,-176.918,-36.699,0.801414,0.597441,-0.028297,-0.597853,0.801560,-0.008584,0.017553,0.023796,0.999563,0,0.16000,0.24000,9.600,0.480,675.000,350.000,-1,325.000,550.000,275.000,275.000,275.000,300.000,-1,225.000,250.000,-1,525.000,525.000,625.000,575.000,0,0,2,0,0,0,0,0,0,2,0,0,2,0,0,0,0
8,-7520.043,310.872,-176.506,-35.979,0.808821,0.587342,-0.028960,-0.587728,0.809033,-0.006487,0.019619,0.022267,0.999560,0,0.24000,0.36000,14.400,0.720,675.000,350.000,-1,325.000,550.000,275.000,275.000,275.000,300.000,-1,225.000,250.000,-1,525.000,525.000,625.000,575.000,0,0,2,0,0,0,0,0,0,2,0,0,2,0,0,0,0
9,-7504.319,299.853,-175.945,-35.019,0.818498,0.573729,-0.029939,-0.574074,0.818795,-0.003714,0.022383,0.020227,0.999545,0,0.32000,0.48000,19.200,0.960,675.000,350.000,-1,325.000,550.000,275.000,275.000,275.000,300.000,-1,225.000,250.000,-1,525.000,525.000,625.000,575.000,0,0,2,0,0,0,0,0,0,2,0,0,2,0,0,0,0
10,-7484.380,286.495,-175.226,-33.819,0.830269,0.556483,-0.031313,-0.556763,0.830671,-0.000287,0.025852,0.017672,0.999510,0,0.40000,0.60000,24.000,1.200,675.000,350.000,-1,325.000,550.000,275.000,275.000,250.000,300.000,-1,200.000,250.000,-1,525.000,525.000,625.000,575.000,0,0,2,0,0,0,0,0,0,2,0,0,2,0,0,0,0
11,-7460.058,271.072,-174.263,-32.379,0.843896,0.535456,-0.033551,-0.535652,0.844431,0.003628,0.030274,0.014910,0.999430,0,0.48000,0.72000,28.800,1.440,650.000,350.000,-1,325.000,550.000,275.000,275.000,250.000,300.000,-1,200.000,250.000,-1,525.000,525.000,625.000,575.000,0,0,2,0,0,0,0,0,0,2,0,0,2,0,0,0,0
12,-7431.166,253.917,-173.066,-30.699,0.859102,0.510491,-0.036638,-0.510566,0.859802,0.007981,0.035576,0.011849,0.999297,0,0.56000,0.84000,33.600,1.680,650.000,350.000,-1,325.000,550.000,300.000,275.000,250.000,325.000,-1,200.000,250.000,-1,525.000,550.000,625.000,600.000,0,0,2,0,0,0,0,0,0,2,0,0,2,0,0,0,0
13,-7397.509,235.430,-171.684,-28.779,0.875561,0.481415,-0.040399,-0.481316,0.876454,0.012783,0.041562,0.008253,0.999102,0,0.64000,0.96000,38.400,1.920,650.000,325.000,-1,350.000,575.000,300.000,275.000,250.000,325.000,-1,200.000,250.000,-1,525.000,525.000,625.000,600.000,0,0,2,0,0,0,0,0,0,2,0,0,2,0,0,0,0
14,-7360.315,216.614,-169.828,-26.833,0.891220,0.451390,-0.044422,-0.451143,0.892308,0.016017,0.046868,0.005766,0.998884,0,0.69471,0.97275,41.683,1.946,625.000,325.000,-1,350.000,575.000,275.000,300.000,250.000,325.000,-1,200.000,275.000,-1,525.000,525.000,625.000,600.000,0,0,2,0,0,0,0,0,0,2,0,0,2,0,0,0,0
15,-7322.443,199.036,-167.849,-24.898,0.905769,0.420994,-0.048444,-0.420603,0.907056,0.018498,0.051729,0.003621,0.998655,0,0.69586,0.96793,41.751,1.936,625.000,325.000,-1,350.000,550.000,275.000,275.000,250.000,325.000,975.000,225.000,275.000,-1,525.000,525.000,650.000,575.000,0,0,2,0,0,0,0,0,0,0,0,0,2,0,0,0,0
16,-7283.966,182.725,-165.691,-22.972,0.919161,0.390277,-0.053176,-0.389755,0.920695,0.020283,0.056875,0.002083,0.998379,0,0.69652,0.96289,41.791,1.926,625.000,325.000,-1,325.000,550.000,275.000,275.000,250.000,325.000,925.000,250.000,300.000,-1,525.000,525.000,650.000,575.000,0,0,2,0,0,0,0,0,0,0,0,0,2,0,0,0,0
17,-7244.955,167.707,-163.017,-21.056,0.931290,0.359286,-0.060113,-0.358716,0.933224,0.020380,0.063421,0.002584,0.997984,0,0.69668,0.95768,41.801,1.915,650.000,325.000,-1,325.000,525.000,275.000,275.000,250.000,300.000,900.000,250.000,300.000,-1,525.000,525.000,700.000,575.000,0,0,2,0,0,0,0,0,0,0,0,0,2,0,0,0,0
18,-7205.485,154.000,-160.325,-19.152,0.942281,0.328069,-0.066915,-0.327477,0.944649,0.019947,0.069755,0.003117,0.997559,0,0.69635,0.95234,41.781,1.905,700.000,325.000,-1,325.000,525.000,275.000,275.000,275.000,300.000,875.000,275.000,300.000,-1,550.000,525.000,800.000,550.000,0,0,2,0,0,0,0,0,0,0,0,0,2,0,0,0,0
19,-7165.630,141.619,-157.623,-17.258,0.952144,0.296671,-0.073542,-0.296085,0.954973,0.018992,0.075865,0.003692,0.997111,0,0.69554,0.94692,41.733,1.894,775.000,325.000,-1,325.000,500.000,275.000,275.000,275.000,275.000,875.000,275.000,275.000,-1,550.000,525.000,925.000,550.000,0,0,2,0,0,0,0,0,0,0,0,0,2,0,0,0,0
20,-7125.464,130.574,-153.848,-15.375,0.961138,0.265134,-0.076921,-0.264319,0.964211,0.020770,0.079675,0.000369,0.996821,0,0.69427,0.94147,41.656,1.883,800.000,325.000,-1,325.000,500.000,275.000,275.000,275.000,275.000,850.000,300.000,300.000,-1,550.000,525.000,1000.000,575.000,0,0,2,0,0,0,0,0,0,0,0,0,2,0,0,0,0
21,-7085.058,120.870,-149.355,-13.503,0.968927,0.233490,-0.081631,-0.232178,0.972343,0.025338,0.085289,-0.005598,0.996340,0,0.69256,0.93605,41.554,1.872,825.000,350.000,-1,325.000,525.000,275.000,275.000,275.000,275.000,825.000,325.000,325.000,-1,575.000,550.000,-1,600.000,0,0,2,0,0,0,0,0,0,0,0,0,2,0,0,2,0
22,-7044.482,112.510,-144.878,-11.641,0.975608,0.201770,-0.086471,-0.199932,0.979366,0.029500,0.090638,-0.011492,0.995818,0,0.69046,0.93079,41.428,1.862,875.000,350.000,-1,325.000,575.000,275.000,275.000,275.000,300.000,775.000,350.000,325.000,-1,600.000,550.000,-1,650.000,0,0,2,0,0,0,0,0,0,0,0,0,2,0,0,2,0
23,-7003.801,105.495,-140.427,-9.784,0.981212,0.169903,-0.091410,-0.167514,0.985309,0.033254,0.095717,-0.017316,0.995258,0,0.68800,0.92879,41.280,1.858,925.000,350.000,-1,350.000,600.000,300.000,275.000,275.000,300.000,750.000,350.000,325.000,-1,625.000,575.000,-1,725.000,0,0,2,0,0,0,0,0,0,0,0,0,2,0,0,2,0
24,-6963.079,99.823,-136.011,-7.929,0.985739,0.137916,-0.096422,-0.134957,0.990176,0.036594,0.100521,-0.023059,0.994668,0,0.68523,0.92715,41.114,1.854,975.000,350.000,-1,350.000,650.000,300.000,300.000,275.000,300.000,750.000,350.000,350.000,-1,625.000,600.000,-1,825.000,0,0,2,0,0,0,0,0,0,0,0,0,2,0,0,2,0
25,-6922.375,95.490,-131.596,-6.078,0.989177,0.105833,-0.101625,-0.102301,0.993974,0.039368,0.105179,-0.028545,0.994044,0,0.68221,0.92587,40.932,1.852,-1,350.000,-1,350.000,750.000,300.000,300.000,275.000,300.000,725.000,350.000,350.000,-1,650.000,600.000,-1,1000.000,2,0,2,0,0,0,0,0,0,0,0,0,2,0,0,2,0
26,-6881.745,92.487,-127.067,-4.228,0.991480,0.073680,-0.107420,-0.069619,0.996728,0.041078,0.110095,-0.033250,0.993365,0,0.67899,0.92496,40.739,1.850,-1,375.000,-1,350.000,875.000,300.000,300.000,275.000,300.000,725.000,375.000,375.000,-1,675.000,625.000,-1,-1,2,0,2,0,0,0,0,0,0,0,0,0,2,0,0,2,2
27,-6841.240,90.805,-122.572,-2.379,0.992702,0.041478,-0.113234,-0.036900,0.998426,0.042233,0.114808,-0.037747,0.992670,0,0.67564,0.92442,40.538,1.849,-1,375.000,-1,350.000,-1,300.000,300.000,250.000,300.000,725.000,300.000,325.000,-1,700.000,675.000,-1,-1,2,0,2,0,2,0,0,0,0,0,0,0,2,0,0,2,2
28,-6800.907,90.433,-118.119,-0.530,0.992848,0.009249,-0.119029,-0.004172,0.999074,0.042833,0.119314,-0.042030,0.991967,0,0.67223,0.92424,40.334,1.848,-1,375.000,-1,375.000,-1,300.000,300.000,250.000,300.000,700.000,275.000,275.000,-1,725.000,700.000,-1,-1,2,0,2,0,2,0,0,0,0,0,0,0,2,0,0,2,2
29,-6755.780,91.283,-113.158,1.078,0.991961,-0.018795,-0.125141,0.024353,0.998777,0.043032,0.124179,-0.045734,0.991205,0,0.75223,0.80424,45.134,1.608,-1,400.000,-1,375.000,-1,325.000,325.000,250.000,300.000,700.000,225.000,250.000,-1,725.000,725.000,-1,-1,2,0,2,0,2,0,0,0,0,0,0,0,2,0,0,2,2
30,-6706.996,93.368,-107.810,2.447,0.990409,-0.042637,-0.131421,0.048644,0.997897,0.042841,0.129318,-0.048823,0.990400,0,0.81378,0.68424,48.827,1.368,-1,400.000,-1,400.000,-1,325.000,325.000,250.000,275.000,675.000,200.000,225.000,-1,750.000,750.000,-1,-1,2,0,2,0,2,0,0,0,0,0,0,0,2,0,0,2,2
31,-6658.443,96.402,-102.498,3.575,0.988551,-0.062274,-0.137437,0.068674,0.996741,0.042322,0.134353,-0.051276,0.989606,0,0.81077,0.56424,48.646,1.128,-1,425.000,-1,400.000,-1,325.000,325.000,250.000,275.000,650.000,175.000,200.000,1000.000,775.000,800.000,-1,-1,2,0,2,0,2,0,0,0,0,0,0,0,0,0,0,2,2
32,-6610.096,100.176,-97.214,4.464,0.986639,-0.077715,-0.143195,0.084453,0.995559,0.041585,0.139327,-0.053123,0.988820,0,0.80820,0.44424,48.492,0.888,-1,425.000,-1,400.000,-1,350.000,325.000,250.000,275.000,650.000,175.000,175.000,925.000,800.000,850.000,-1,-1,2,0,2,0,2,0,0,0,0,0,0,0,0,0,0,2,2
33,-6561.922,104.486,-91.527,5.112,0.985103,-0.088964,-0.147164,0.096148,0.994462,0.042433,0.142574,-0.055951,0.988201,0,0.80609,0.32424,48.365,0.648,-1,425.000,-1,425.000,-1,350.000,350.000,250.000,275.000,650.000,175.000,175.000,900.000,825.000,900.000,-1,-1,2,0,2,0,2,0,0,0,0,0,0,0,0,0,0,2,2
34,-6513.880,109.130,-85.201,5.521,0.984420,-0.096045,-0.147284,0.103321,0.993737,0.042552,0.142275,-0.057106,0.988178,0,0.80443,0.20424,48.266,0.408,-1,425.000,-1,425.000,-1,350.000,350.000,250.000,275.000,650.000,225.000,225.000,925.000,850.000,900.000,-1,-1,2,0,2,0,2,0,0,0,0,0,0,0,0,0,0,2,2
35,-6464.737,114.026,-78.568,5.689,0.984384,-0.098967,-0.145581,0.106127,0.993455,0.042243,0.140448,-0.057034,0.988444,0,0.82312,0.08424,49.387,0.168,-1,425.000,-1,425.000,-1,350.000,350.000,250.000,275.000,700.000,275.000,275.000,950.000,850.000,900.000,-1,-1,2,0,2,0,2,0,0,0,0,0,0,0,0,0,0,2,2
36,-6415.690,118.850,-71.949,5.617,0.984783,-0.097731,-0.143707,0.104737,0.993612,0.042009,0.138683,-0.056421,0.988728,0,0.82140,-0.03576,49.284,-0.072,-1,425.000,-1,425.000,-1,350.000,350.000,250.000,275.000,725.000,325.000,350.000,975.000,850.000,900.000,-1,-1,2,0,2,0,2,0,0,0,0,0,0,0,0,0,0,2,2
37,-6366.708,123.399,-65.337,5.306,0.985597,-0.092333,-0.141683,0.099156,0.994191,0.041863,0.136994,-0.055309,0.989027,0,0.81989,-0.15576,49.194,-0.312,-1,425.000,-1,425.000,-1,350.000,350.000,250.000,275.000,775.000,400.000,400.000,-1,850.000,900.000,-1,-1,2,0,2,0,2,0,0,0,0,0,0,0,2,0,0,2,2
38,-6317.760,127.470,-58.727,4.754,0.986753,-0.082766,-0.139529,0.089381,0.995119,0.041817,0.135387,-0.053735,0.989335,0,0.81863,-0.27576,49.118,-0.552,-1,425.000,-1,400.000,-1,350.000,350.000,250.000,275.000,825.000,475.000,475.000,-1,875.000,900.000,-1,-1,2,0,2,0,2,0,0,0,0,0,0,0,2,0,0,2,2
39,-6268.822,130.859,-52.112,3.963,0.988127,-0.069019,-0.137264,0.075405,0.996273,0.041879,0.133862,-0.051733,0.989649,0,0.81760,-0.39576,49.056,-0.792,-1,425.000,-1,400.000,-1,350.000,325.000,250.000,275.000,850.000,550.000,550.000,-1,875.000,900.000,-1,-1,2,0,2,0,2,0,0,0,0,0,0,0,2,0,0,2,2
40,-6219.877,133.365,-45.488,2.931,0.989541,-0.051078,-0.134903,0.057221,0.997475,0.042053,0.132415,-0.049332,0.989966,0,0.81683,-0.51576,49.010,-1.032,-1,425.000,-1,400.000,-1,350.000,325.000,250.000,275.000,900.000,625.000,625.000,-1,875.000,875.000,-1,-1,2,0,2,0,2,0,0,0,0,0,0,0,2,0,0,2,2
41,-6170.919,134.782,-38.850,1.660,0.990766,-0.028935,-0.132459,0.034822,0.998496,0.042339,0.131034,-0.046560,0.990284,0,0.81630,-0.63576,48.978,-1.272,-1,425.000,-1,400.000,-1,350.000,325.000,250.000,275.000,925.000,725.000,725.000,-1,875.000,875.000,-1,-1,2,0,2,0,2,0,0,0,0,0,0,0,2,0,0,2,2
42,-6121.959,134.908,-32.196,0.148,0.991519,-0.002588,-0.129939,0.008208,0.999053,0.042736,0.129706,-0.043440,0.990601,0,0.81602,-0.75576,48.961,-1.512,-1,425.000,-1,400.000,-1,350.000,325.000,250.000,275.000,950.000,825.000,825.000,-1,900.000,850.000,-1,-1,2,0,2,0,2,0,0,0,0,0,0,0,2,0,0,2,2
43,-6073.015,133.730,-25.531,-1.377,0.991551,0.024017,-0.127473,-0.018635,0.998891,0.043248,0.128371,-0.040507,0.990899,0,0.81598,-0.76286,48.959,-1.526,-1,425.000,-1,400.000,-1,350.000,325.000,250.000,275.000,1000.000,925.000,925.000,-1,900.000,850.000,-1,-1,2,0,2,0,2,0,0,0,0,0,0,0,2,0,0,2,2
44,-6024.121,131.251,-18.854,-2.902,0.990858,0.050596,-0.125059,-0.045424,0.998004,0.043869,0.127029,-0.037787,0.991179,0,0.81595,-0.76246,48.957,-1.525,-1,425.000,-1,400.000,-1,350.000,325.000,250.000,275.000,-1,-1,-1,-1,900.000,850.000,-1,-1,2,0,2,0,2,0,0,0,0,2,2,2,2,0,0,2,2
45,-5975.311,127.472,-12.168,-4.426,0.989444,0.077129,-0.122688,-0.072142,0.996397,0.044589,0.125685,-0.035267,0.991443,0,0.81593,-0.76205,48.956,-1.524,-1,425.000,-1,400.000,-1,350.000,325.000,250.000,275.000,-1,-1,-1,-1,900.000,825.000,-1,-1,2,0,2,0,2,0,0,0,0,2,2,2,2,0,0,2,2
46,-5926.621,122.397,-5.550,-5.950,0.987285,0.103596,-0.120564,-0.098722,0.994063,0.045739,0.124586,-0.033255,0.991651,0,0.81591,-0.76163,48.955,-1.523,-1,425.000,-1,400.000,-1,350.000,325.000,250.000,275.000,-1,-1,-1,-1,900.000,825.000,-1,-1,2,0,2,0,2,0,0,0,0,2,2,2,2,0,0,2,2
47,-5878.084,116.030,0.442,-7.472,0.984507,0.129967,-0.117702,-0.124922,0.990941,0.049307,0.123044,-0.033839,0.991824,0,0.81589,-0.76120,48.954,-1.522,-1,425.000,-1,400.000,-1,350.000,325.000,250.000,275.000,1000.000,-1,-1,-1,900.000,825.000,-1,-1,2,0,2,0,2,0,0,0,0,0,2,2,2,0,0,2,2
48,-5829.734,108.378,6.062,-8.994,0.980978,0.156240,-0.115204,-0.151236,0.987180,0.051022,0.121699,-0.032628,0.992031,0,0.81588,-0.76077,48.953,-1.522,-1,425.000,-1,400.000,-1,325.000,325.000,250.000,275.000,950.000,-1,-1,-1,875.000,800.000,-1,-1,2,0,2,0,2,0,0,0,0,0,2,2,2,0,0,2,2
49,-5781.604,99.444,11.854,-10.514,0.976654,0.182397,-0.113483,-0.177556,0.982763,0.051476,0.120916,-0.030124,0.992206,0,0.81586,-0.76033,48.952,-1.521,-1,425.000,-1,400.000,-1,325.000,325.000,250.000,275.000,950.000,-1,-1,-1,875.000,800.000,-1,-1,2,0,2,0,2,0,0,0,0,0,2,2,2,0,0,2,2
50,-5733.729,89.238,17.671,-12.034,0.971625,0.208412,-0.111849,-0.203721,0.977648,0.051974,0.120181,-0.027714,0.992365,0,0.81585,-0.75989,48.951,-1.520,-1,425.000,-1,400.000,-1,325.000,325.000,250.000,275.000,925.000,-1,-1,-1,875.000,775.000,-1,-1,2,0,2,0,2,0,0,0,0,0,2,2,2,0,0,2,2
51,-5686.143,77.766,23.511,-13.553,0.965896,0.234267,-0.110289,-0.229713,0.971841,0.052516,0.119486,-0.025390,0.992511,0,0.81584,-0.75945,48.950,-1.519,-1,425.000,-1,400.000,-1,325.000,325.000,250.000,275.000,900.000,-1,-1,-1,850.000,775.000,-1,-1,2,0,2,0,2,0,0,0,0,0,2,2,2,0,0,2,2
52,-5638.877,65.038,29.374,-15.071,0.959476,0.259944,-0.108793,-0.255514,0.965346,0.053096,0.118824,-0.023146,0.992645,0,0.81583,-0.75899,48.950,-1.518,-1,400.000,-1,400.000,-1,325.000,325.000,275.000,275.000,900.000,-1,-1,-1,850.000,775.000,-1,-1,2,0,2,0,2,0,0,0,0,0,2,2,2,0,0,2,2
53,-5591.964,51.063,35.257,-16.588,0.952370,0.285424,-0.107351,-0.281108,0.958172,0.053710,0.118191,-0.020975,0.992769,0,0.81583,-0.75853,48.950,-1.517,-1,400.000,-1,400.000,-1,325.000,325.000,275.000,275.000,875.000,-1,-1,-1,850.000,775.000,-1,-1,2,0,2,0,2,0,0,0,0,0,2,2,2,0,0,2,2
54,-5545.438,35.852,41.161,-18.104,0.944588,0.310689,-0.105954,-0.306479,0.950324,0.054354,0.117578,-0.018870,0.992884,0,0.81583,-0.75807,48.950,-1.516,-1,400.000,-1,400.000,-1,325.000,325.000,275.000,275.000,900.000,-1,-1,-1,850.000,750.000,-1,-1,2,0,2,0,2,0,0,0,0,0,2,2,2,0,0,2,2
55,-5499.331,19.417,47.083,-19.619,0.936136,0.335721,-0.104594,-0.331609,0.941811,0.055022,0.116980,-0.016824,0.992992,0,0.81583,-0.75761,48.950,-1.515,-1,400.000,-1,375.000,-1,325.000,325.000,275.000,275.000,900.000,-1,-1,-1,825.000,750.000,-1,-1,2,0,2,0,2,0,0,0,0,0,2,2,2,0,0,2,2
56,-5453.674,1.768,53.192,-21.134,0.926999,0.360500,-0.103498,-0.356385,0.932631,0.056473,0.116884,-0.015466,0.993025,0,0.81583,-0.75713,48.950,-1.514,-1,400.000,-1,375.000,-1,325.000,325.000,275.000,275.000,900.000,-1,-1,-1,825.000,775.000,-1,-1,2,0,2,0,2,0,0,0,0,0,2,2,2,0,0,2,2
57,-5408.499,-17.081,59.395,-22.647,0.917205,0.385010,-0.102482,-0.380845,0.922799,0.058299,0.117016,-0.014443,0.993025,0,0.81583,-0.75666,48.950,-1.513,-1,400.000,-1,375.000,-1,325.000,325.000,300.000,275.000,900.000,-1,-1,-1,850.000,775.000,-1,-1,2,0,2,0,2,0,0,0,0,0,2,2,2,0,0,2,2
58,-5363.836,-37.115,65.393,-24.159,0.906747,0.409232,-0.101680,-0.404886,0.912318,0.061179,0.117801,-0.014305,0.992934,0,0.81584,-0.75618,48.950,-1.512,-1,400.000,-1,400.000,-1,325.000,325.000,300.000,275.000,900.000,-1,-1,-1,850.000,800.000,-1,-1,2,0,2,0,2,0,0,0,0,0,2,2,2,0,0,2,2
59,-5318.231,-59.272,71.516,-25.912,0.893831,0.436940,-0.100749,-0.432361,0.899378,0.064680,0.118873,-0.014253,0.992807,0,0.84503,-0.87618,50.702,-1.752,-1,425.000,-1,400.000,-1,325.000,325.000,300.000,275.000,875.000,-1,-1,-1,875.000,825.000,-1,-1,2,0,2,0,2,0,0,0,0,0,2,2,2,0,0,2,2
60,-5273.373,-82.923,77.825,-27.799,0.879042,0.466338,-0.099070,-0.461673,0.884508,0.067114,0.118926,-0.013258,0.992815,0,0.84520,-0.94393,50.712,-1.888,-1,425.000,-1,400.000,-1,325.000,325.000,300.000,275.000,875.000,950.000,-1,-1,875.000,825.000,-1,-1,2,0,2,0,2,0,0,0,0,0,0,2,2,0,0,2,2
61,-5229.302,-108.047,84.135,-29.686,0.863317,0.495216,-0.097179,-0.490478,0.868683,0.069433,0.118802,-0.012279,0.992842,0,0.84548,-0.94350,50.729,-1.887,-1,425.000,-1,400.000,-1,325.000,325.000,300.000,275.000,875.000,850.000,-1,-1,900.000,850.000,-1,-1,2,0,2,0,2,0,0,0,0,0,0,2,2,0,0,2,2
62,-5186.069,-134.616,90.441,-31.573,0.846675,0.523547,-0.095079,-0.518748,0.851922,0.071621,0.118497,-0.011317,0.992890,0,0.84575,-0.94312,50.745,-1.886,-1,425.000,-1,400.000,-1,325.000,325.000,300.000,275.000,900.000,825.000,-1,-1,900.000,850.000,-1,-1,2,0,2,0,2,0,0,0,0,0,0,2,2,0,0,2,2
63,-5143.720,-162.603,96.488,-33.458,0.829006,0.551304,-0.093870,-0.546492,0.834250,0.073300,0.118722,-0.009467,0.992882,0,0.84602,-0.94277,50.761,-1.886,-1,425.000,-1,400.000,-1,325.000,325.000,300.000,300.000,925.000,775.000,-1,-1,950.000,875.000,-1,-1,2,0,2,0,2,0,0,0,0,0,0,2,2,0,0,2,2
64,-5102.301,-191.976,102.424,-35.343,0.810404,0.578457,-0.092908,-0.573651,0.815680,0.074766,0.119032,-0.007294,0.992864,0,0.84629,-0.94247,50.777,-1.885,-1,425.000,-1,400.000,-1,350.000,325.000,300.000,300.000,950.000,750.000,-1,-1,975.000,900.000,-1,-1,2,0,2,0,2,0,0,0,0,0,0,2,2,0,0,2,2
65,-5061.858,-222.705,108.341,-37.228,0.790938,0.604975,-0.091776,-0.600184,0.796228,0.076159,0.119149,-0.005154,0.992863,0,0.84655,-0.94221,50.793,-1.884,-1,425.000,-1,400.000,-1,350.000,325.000,300.000,300.000,975.000,725.000,1000.000,-1,-1,900.000,-1,-1,2,0,2,0,2,0,0,0,0,0,0,0,2,2,0,2,2
66,-5022.434,-254.757,114.231,-39.112,0.770628,0.630830,-0.090479,-0.626063,0.775915,0.077465,0.119071,-0.003051,0.992881,0,0.84681,-0.94199,50.808,-1.884,-1,425.000,-1,400.000,-1,350.000,325.000,300.000,300.000,1000.000,700.000,975.000,-1,-1,925.000,-1,-1,2,0,2,0,2,0,0,0,0,0,0,0,2,2,0,2,2
67,-4984.075,-288.096,119.930,-40.995,0.749491,0.655996,-0.089061,-0.651352,0.754764,0.077919,0.118334,-0.000390,0.992974,0,0.84706,-0.94182,50.824,-1.884,-1,425.000,-1,400.000,-1,350.000,350.000,300.000,300.000,-1,675.000,950.000,-1,-1,925.000,-1,-1,2,0,2,0,2,0,0,0,0,2,0,0,2,2,0,2,2
68,-4946.820,-322.689,125.586,-42.879,0.727522,0.680445,-0.087789,-0.675966,0.732795,0.077991,0.117399,0.002602,0.993081,0,0.84731,-0.94169,50.839,-1.883,-1,425.000,-1,425.000,-1,350.000,350.000,300.000,275.000,-1,675.000,950.000,-1,-1,925.000,-1,-1,2,0,2,0,2,0,0,0,0,2,0,0,2,2,0,2,2
69,-4910.712,-358.498,131.242,-44.762,0.704738,0.704149,-0.086705,-0.699852,0.710028,0.077888,0.116408,0.005790,0.993185,0,0.84756,-0.94160,50.854,-1.883,-1,425.000,-1,425.000,-1,350.000,350.000,300.000,275.000,-1,675.000,925.000,-1,-1,925.000,-1,-1,2,0,2,0,2,0,0,0,0,2,0,0,2,2,0,2,2
70,-4875.790,-395.484,136.803,-46.645,0.681240,0.727087,-0.085190,-0.722954,0.686493,0.077882,0.115110,0.008532,0.993316,0,0.84781,-0.94156,50.869,-1.883,-1,450.000,-1,425.000,-1,350.000,350.000,300.000,275.000,-1,725.000,925.000,-1,-1,925.000,-1,-1,2,0,2,0,2,0,0,0,0,2,0,0,2,2,0,2,2
71,-4842.092,-433.610,142.442,-48.528,0.657165,0.749242,-0.082278,-0.745225,0.662221,0.078125,0.113021,0.009974,0.993543,0,0.84806,-0.94155,50.883,-1.883,-1,450.000,-1,425.000,-1,350.000,350.000,300.000,275.000,-1,750.000,950.000,-1,-1,925.000,-1,-1,2,0,2,0,2,0,0,0,0,2,0,0,2,2,0,2,2
72,-4809.657,-472.833,147.965,-50.411,0.632402,0.770590,-0.079116,-0.766690,0.637233,0.078232,0.110700,0.011183,0.993791,0,0.84830,-0.94159,50.898,-1.883,-1,450.000,-1,425.000,-1,350.000,350.000,300.000,275.000,-1,800.000,975.000,-1,-1,925.000,-1,-1,2,0,2,0,2,0,0,0,0,2,0,0,2,2,0,2,2
73,-4778.519,-513.114,153.371,-52.295,0.606972,0.791107,-0.075727,-0.787327,0.611557,0.078190,0.108168,0.012163,0.994058,0,0.84855,-0.94168,50.913,-1.883,-1,450.000,-1,425.000,-1,350.000,350.000,300.000,275.000,-1,850.000,1000.000,-1,-1,925.000,-1,-1,2,0,2,0,2,0,0,0,0,2,0,0,2,2,0,2,2
74,-4748.713,-554.407,158.660,-54.178,0.580899,0.810773,-0.072135,-0.807117,0.585218,0.077989,0.105446,0.012918,0.994341,0,0.84879,-0.94181,50.928,-1.884,-1,450.000,-1,425.000,-1,350.000,350.000,300.000,275.000,-1,900.000,-1,-1,-1,925.000,-1,-1,2,0,2,0,2,0,0,0,0,2,0,2,2,2,0,2,2
75,-4720.273,-596.671,163.811,-56.062,0.554202,0.829568,-0.068392,-0.826047,0.558243,0.077535,0.102500,0.013524,0.994641,0,0.84904,-0.94198,50.942,-1.884,-1,450.000,-1,425.000,-1,350.000,350.000,275.000,275.000,-1,950.000,-1,-1,-1,925.000,-1,-1,2,0,2,0,2,0,0,0,0,2,0,2,2,2,0,2,2
76,-4693.230,-639.860,168.824,-57.946,0.526906,0.847470,-0.064536,-0.844097,0.530659,0.076817,0.099347,0.013999,0.994954,0,0.84929,-0.94219,50.957,-1.884,-1,475.000,-1,425.000,-1,350.000,350.000,300.000,300.000,-1,-1,-1,-1,-1,925.000,-1,-1,2,0,2,0,2,0,0,0,0,2,2,2,2,2,0,2,2
77,-4667.615,-683.927,173.724,-59.831,0.499036,0.864462,-0.060563,-0.861239,0.502495,0.075938,0.096078,0.014264,0.995272,0,0.84954,-0.94244,50.972,-1.885,-1,475.000,-1,400.000,-1,350.000,350.000,300.000,300.000,-1,-1,-1,-1,-1,925.000,-1,-1,2,0,2,0,2,0,0,0,0,2,2,2,2,2,0,2,2
78,-4643.456,-728.827,178.426,-61.717,0.470662,0.880531,-0.056064,-0.877457,0.473783,0.074821,0.092445,0.013978,0.995620,0,0.84979,-0.94274,50.987,-1.885,-1,450.000,-1,400.000,-1,350.000,350.000,300.000,300.000,-1,-1,-1,-1,-1,900.000,-1,-1,2,0,2,0,2,0,0,0,0,2,2,2,2,2,0,2,2
79,-4620.782,-774.511,183.076,-63.603,0.441766,0.895651,-0.051504,-0.892775,0.444546,0.073018,0.088295,0.013725,0.996000,0,0.85004,-0.94308,51.002,-1.886,-1,450.000,-1,400.000,-1,350.000,325.000,300.000,300.000,-1,-1,-1,-1,-1,900.000,-1,-1,2,0,2,0,2,0,0,0,0,2,2,2,2,2,0,2,2
80,-4599.618,-820.931,187.615,-65.490,0.412364,0.909808,-0.046954,-0.907123,0.414817,0.071104,0.084169,0.013272,0.996363,0,0.85030,-0.94346,51.018,-1.887,-1,450.000,-1,400.000,-1,350.000,325.000,300.000,300.000,-1,-1,-1,-1,-1,875.000,-1,-1,2,0,2,0,2,0,0,0,0,2,2,2,2,2,0,2,2
81,-4579.974,-867.521,191.969,-67.137,0.386375,0.921367,-0.042405,-0.918845,0.388502,0.069213,0.080245,0.012222,0.996700,0,0.84270,-0.82346,50.562,-1.647,-1,450.000,-1,400.000,-1,350.000,325.000,300.000,300.000,-1,-1,-1,-1,-1,875.000,-1,-1,2,0,2,0,2,0,0,0,0,2,2,2,2,2,0,2,2
82,-4561.479,-914.582,196.080,-68.544,0.363922,0.930641,-0.038319,-0.928256,0.365768,0.067484,0.076819,0.011011,0.996984,0,0.84277,-0.70346,50.566,-1.407,-1,450.000,-1,400.000,-1,350.000,325.000,300.000,300.000,-1,-1,-1,-1,-1,850.000,-1,-1,2,0,2,0,2,0,0,0,0,2,2,2,2,2,0,2,2
83,-4543.948,-962.002,199.972,-69.711,0.345149,0.937910,-0.034596,-0.935640,0.346745,0.065920,0.073823,0.009617,0.997225,0,0.84262,-0.58346,50.557,-1.167,-1,450.000,-1,400.000,-1,325.000,325.000,300.000,300.000,-1,-1,-1,-1,-1,850.000,-1,-1,2,0,2,0,2,0,0,0,0,2,2,2,2,2,0,2,2
84,-4527.194,-1009.679,203.733,-70.638,0.330185,0.943412,-0.030852,-0.941243,0.331532,0.064408,0.070992,0.007773,0.997447,0,0.84226,-0.46346,50.536,-0.927,-1,450.000,-1,400.000,-1,325.000,325.000,300.000,300.000,-1,-1,-1,-1,-1,850.000,-1,-1,2,0,2,0,2,0,0,0,0,2,2,2,2,2,0,2,2
85,-4511.024,-1057.521,207.369,-71.325,0.319103,0.947333,-0.027078,-0.945256,0.320203,0.062938,0.068293,0.005512,0.997650,0,0.84168,-0.34346,50.501,-0.687,-1,450.000,-1,400.000,-1,325.000,325.000,300.000,300.000,-1,-1,-1,-1,-1,850.000,-1,-1,2,0,2,0,2,0,0,0,0,2,2,2,2,2,0,2,2
86,-4495.243,-1105.442,210.882,-71.771,0.311954,0.949812,-0.023266,-0.947824,0.312807,0.061499,0.065691,0.002867,0.997836,0,0.84089,-0.22346,50.453,-0.447,-1,450.000,-1,400.000,-1,325.000,325.000,300.000,300.000,-1,-1,-1,-1,-1,850.000,-1,-1,2,0,2,0,2,0,0,0,0,2,2,2,2,2,0,2,2
87,-4479.653,-1153.362,214.273,-71.978,0.308767,0.950940,-0.019406,-0.949040,0.309376,0.060084,0.063140,-0.000135,0.998005,0,0.83988,-0.10346,50.393,-0.207,-1,450.000,-1,400.000,-1,350.000,325.000,300.000,300.000,-1,-1,-1,-1,-1,875.000,-1,-1,2,0,2,0,2,0,0,0,0,2,2,2,2,2,0,2,2
88,-4464.058,-1201.205,217.543,-71.945,0.309556,0.950755,-0.015490,-0.948949,0.309924,0.058684,0.060595,-0.003467,0.998156,0,0.83868,0.01654,50.321,0.033,-1,450.000,-1,400.000,-1,350.000,325.000,300.000,300.000,-1,-1,-1,-1,-1,950.000,-1,-1,2,0,2,0,2,0,0,0,0,2,2,2,2,2,0,2,2
89,-4448.261,-1248.894,220.647,-71.672,0.314305,0.949250,-0.011691,-0.947541,0.314446,0.057360,0.058126,-0.006951,0.998285,0,0.83729,0.13654,50.238,0.273,-1,450.000,-1,400.000,-1,350.000,325.000,300.000,300.000,-1,-1,-1,-1,-1,-1,-1,-1,2,0,2,0,2,0,0,0,0,2,2,2,2,2,2,2,2
90,-4432.180,-1296.390,223.237,-71.295,0.320686,0.947144,-0.008896,-0.945618,0.320681,0.054503,0.054475,-0.009066,0.998474,0,0.83576,0.18854,50.145,0.377,-1,450.000,-1,400.000,-1,350.000,325.000,300.000,275.000,-1,-1,-1,-1,-1,-1,-1,-1,2,0,2,0,2,0,0,0,0,2,2,2,2,2,2,2,2
91,-4415.815,-1343.692,225.682,-70.916,0.327063,0.944983,-0.006138,-0.943644,0.326934,0.051487,0.050661,-0.011047,0.998655,0,0.83422,0.18954,50.053,0.379,-1,450.000,-1,400.000,-1,350.000,325.000,300.000,275.000,-1,-1,-1,-1,-1,-1,-1,-1,2,0,2,0,2,0,0,0,0,2,2,2,2,2,2,2,2
92,-4399.164,-1390.803,227.933,-70.534,0.333469,0.942756,-0.003029,-0.941582,0.333211,0.048928,0.047137,-0.013464,0.998798,0,0.83279,0.19082,49.968,0.382,-1,450.000,-1,400.000,-1,350.000,325.000,300.000,275.000,-1,-1,-1,-1,-1,-1,-1,-1,2,0,2,0,2,0,0,0,0,2,2,2,2,2,2,2,2
93,-4382.223,-1437.728,230.015,-70.150,0.339906,0.940459,0.000466,-0.939453,0.339519,0.046428,0.043505,-0.016219,0.998922,0,0.83150,0.19235,49.890,0.385,-1,450.000,-1,400.000,-1,350.000,325.000,300.000,275.000,-1,-1,-1,-1,-1,-1,-1,-1,2,0,2,0,2,0,0,0,0,2,2,2,2,2,2,2,2
94,-4364.987,-1484.473,231.870,-69.761,0.346385,0.938081,0.004673,-0.937262,0.345864,0.043789,0.039462,-0.019548,0.999030,0,0.83036,0.19415,49.822,0.388,-1,450.000,-1,400.000,-1,350.000,325.000,300.000,275.000,-1,-1,-1,-1,-1,-1,-1,-1,2,0,2,0,2,0,0,0,0,2,2,2,2,2,2,2,2
95,-4347.453,-1531.045,233.634,-69.369,0.352886,0.935624,0.008903,-0.934994,0.352256,0.041252,0.035460,-0.022881,0.999109,0,0.82940,0.19620,49.764,0.392,-1,450.000,-1,400.000,-1,350.000,325.000,300.000,275.000,-1,-1,-1,-1,-1,-1,-1,-1,2,0,2,0,2,0,0,0,0,2,2,2,2,2,2,2,2
96,-4328.905,-1579.265,235.369,-68.962,0.359577,0.933020,0.013320,-0.932589,0.358857,0.038724,0.031351,-0.026346,0.999161,0,0.86107,0.20335,51.664,0.407,-1,450.000,-1,400.000,-1,350.000,325.000,300.000,300.000,-1,-1,-1,-1,-1,-1,-1,-1,2,0,2,0,2,0,0,0,0,2,2,2,2,2,2,2,2
97,-4310.019,-1627.367,237.005,-68.565,0.366063,0.930421,0.017759,-0.930190,0.365279,0.036308,0.027295,-0.029811,0.999183,0,0.86129,0.19852,51.677,0.397,-1,450.000,-1,400.000,-1,350.000,325.000,300.000,300.000,-1,-1,-1,-1,-1,-1,-1,-1,2,0,2,0,2,0,0,0,0,2,2,2,2,2,2,2,2
98,-4290.810,-1675.336,238.539,-68.178,0.372345,0.927828,0.022216,-0.927802,0.371520,0.034006,0.023299,-0.033274,0.999175,0,0.86120,0.19369,51.672,0.387,-1,450.000,-1,425.000,-1,350.000,325.000,300.000,300.000,-1,-1,-1,-1,-1,-1,-1,-1,2,0,2,0,2,0,0,0,0,2,2,2,2,2,2,2,2
99,-4271.293,-1723.156,239.968,-67.800,0.378427,0.925247,0.026683,-0.925429,0.377583,0.031821,0.019368,-0.036735,0.999137,0,0.86082,0.18887,51.649,0.378,-1,450.000,-1,425.000,-1,350.000,325.000,300.000,300.000,-1,-1,-1,-1,-1,-1,-1,-1,2,0,2,0,2,0,0,0,0,2,2,2,2,2,2,2,2
100,-4251.485,-1770.812,241.291,-67.432,0.384311,0.922678,0.031155,-0.923074,0.383471,0.029755,0.015507,-0.040194,0.999072,0,0.86016,0.18411,51.610,0.368,-1,450.000,-1,425.000,-1,350.000,350.000,300.000,300.000,-1,-1,-1,-1,-1,-1,-1,-1,2,0,2,0,2,0,0,0,0,2,2,2,2,2,2,2,2
101,-4231.399,-1818.292,242.505,-67.071,0.390028,0.920114,0.035628,-0.920729,0.389211,0.027809,0.011720,-0.043650,0.998978,0,0.85923,0.18023,51.554,0.360,-1,450.000,-1,450.000,-1,350.000,350.000,300.000,300.000,-1,-1,-1,-1,-1,-1,-1,-1,2,0,2,0,2,0,0,0,0,2,2,2,2,2,2,2,2
102,-4210.711,-1866.902,243.371,-66.948,0.391924,0.919172,0.038978,-0.919955,0.391145,0.026229,0.008863,-0.046137,0.998896,0,0.88049,0.06161,52.829,0.123,-1,450.000,-1,450.000,-1,350.000,350.000,300.000,300.000,-1,-1,-1,-1,1000.000,-1,-1,-1,2,0,2,0,2,0,0,0,0,2,2,2,2,0,2,2,2
103,-4189.997,-1915.318,243.673,-66.838,0.393583,0.918380,0.040879,-0.919271,0.392905,0.023816,0.005810,-0.046952,0.998880,0,0.87768,0.05533,52.661,0.111,-1,450.000,-1,475.000,-1,350.000,350.000,300.000,300.000,-1,-1,-1,-1,1000.000,-1,-1,-1,2,0,2,0,2,0,0,0,0,2,2,2,2,0,2,2,2
104,-4169.277,-1963.519,243.265,-66.738,0.394976,0.917756,0.041443,-0.918691,0.394525,0.018885,0.000982,-0.045533,0.998962,0,0.87443,0.04975,52.466,0.099,-1,450.000,-1,450.000,-1,350.000,350.000,300.000,300.000,-1,-1,-1,-1,975.000,-1,-1,-1,2,0,2,0,2,0,0,0,0,2,2,2,2,0,2,2,2
105,-4148.568,-2011.486,242.605,-66.648,0.396198,0.917217,0.041706,-0.918155,0.395996,0.013360,-0.004261,-0.043586,0.999041,0,0.87078,0.04486,52.247,0.090,-1,450.000,-1,450.000,-1,350.000,350.000,300.000,300.000,-1,-1,-1,-1,925.000,-1,-1,-1,2,0,2,0,2,0,0,0,0,2,2,2,2,0,2,2,2
106,-4127.886,-2059.205,241.788,-66.567,0.397305,0.916715,0.042226,-0.917641,0.397324,0.008296,-0.009172,-0.042045,0.999074,0,0.86679,0.04067,52.008,0.081,-1,450.000,-1,450.000,-1,350.000,350.000,300.000,275.000,-1,-1,-1,-1,900.000,-1,-1,-1,2,0,2,0,2,0,0,0,0,2,2,2,2,0,2,2,2
107,-4108.344,-2104.635,240.869,-66.726,0.394599,0.917842,0.043106,-0.918759,0.394797,0.004191,-0.013172,-0.041258,0.999062,0,0.82425,-0.07933,49.455,-0.159,-1,450.000,-1,450.000,-1,350.000,350.000,300.000,300.000,-1,-1,-1,-1,900.000,-1,-1,-1,2,0,2,0,2,0,0,0,0,2,2,2,2,0,2,2,2
108,-4089.072,-2149.940,239.495,-66.957,0.390639,0.919384,0.046197,-0.920360,0.391073,-0.000380,-0.018416,-0.042370,0.998932,0,0.82056,-0.11557,49.234,-0.231,-1,425.000,-1,450.000,-1,350.000,350.000,300.000,300.000,-1,-1,-1,-1,850.000,-1,-1,-1,2,0,2,0,2,0,0,0,0,2,2,2,2,0,2,2,2
109,-4069.217,-2197.065,238.058,-67.154,0.387188,0.920682,0.049301,-0.921695,0.387882,-0.005004,-0.023730,-0.043502,0.998771,0,0.85227,-0.09875,51.136,-0.198,-1,425.000,-1,425.000,-1,350.000,350.000,300.000,300.000,-1,-1,-1,-1,825.000,-1,-1,-1,2,0,2,0,2,0,0,0,0,2,2,2,2,0,2,2,2
110,-4049.561,-2244.201,236.613,-67.365,0.383515,0.922052,0.052306,-0.923084,0.384482,-0.009490,-0.028861,-0.044643,0.998586,0,0.85117,-0.10512,51.070,-0.210,-1,425.000,-1,425.000,-1,350.000,350.000,300.000,300.000,-1,-1,-1,-1,800.000,1000.000,-1,-1,2,0,2,0,2,0,0,0,0,2,2,2,2,0,0,2,2
111,-4030.119,-2291.336,235.162,-67.587,0.379629,0.923490,0.055211,-0.924521,0.380880,-0.013838,-0.033808,-0.045791,0.998379,0,0.84977,-0.11122,50.986,-0.222,-1,400.000,-1,425.000,-1,325.000,350.000,300.000,300.000,-1,-1,-1,-1,775.000,975.000,-1,-1,2,0,2,0,2,0,0,0,0,2,2,2,2,0,0,2,2
112,-4010.909,-2338.456,233.705,-67.821,0.375539,0.924989,0.058016,-0.926004,0.377083,-0.018049,-0.038572,-0.046944,0.998153,0,0.84809,-0.11706,50.886,-0.234,-1,400.000,-1,425.000,-1,325.000,325.000,275.000,325.000,-1,-1,-1,-1,750.000,950.000,-1,-1,2,0,2,0,2,0,0,0,0,2,2,2,2,0,0,2,2
113,-3991.943,-2385.550,232.244,-68.066,0.371254,0.926544,0.060719,-0.927528,0.373099,-0.022126,-0.043155,-0.048104,0.997910,0,0.84615,-0.12264,50.769,-0.245,-1,400.000,-1,425.000,-1,325.000,325.000,275.000,325.000,-1,-1,-1,-1,725.000,925.000,-1,-1,2,0,2,0,2,0,0,0,0,2,2,2,2,0,0,2,2
114,-3973.238,-2432.606,230.833,-68.322,0.366806,0.928159,0.063048,-0.929090,0.368940,-0.025988,-0.047382,-0.049044,0.997672,0,0.84395,-0.12796,50.637,-0.256,-1,375.000,-1,425.000,-1,325.000,325.000,275.000,325.000,-1,-1,-1,-1,725.000,900.000,-1,-1,2,0,2,0,2,0,0,0,0,2,2,2,2,0,0,2,2
115,-3954.804,-2479.613,229.542,-68.588,0.362235,0.929841,0.064663,-0.930689,0.364619,-0.029529,-0.051034,-0.049484,0.997470,0,0.84152,-0.13300,50.491,-0.266,-1,375.000,-1,425.000,-1,325.000,325.000,275.000,325.000,-1,-1,-1,-1,700.000,875.000,-1,-1,2,0,2,0,2,0,0,0,0,2,2,2,2,0,0,2,2
116,-3936.655,-2526.560,227.851,-68.864,0.357650,0.931628,0.064457,-0.932328,0.360160,-0.032393,-0.053393,-0.048509,0.997395,0,0.83888,-0.13777,50.333,-0.276,-1,375.000,-1,425.000,-1,325.000,325.000,275.000,325.000,-1,-1,-1,-1,700.000,850.000,-1,-1,2,0,2,0,2,0,0,0,0,2,2,2,2,0,0,2,2
117,-3918.802,-2573.437,225.620,-69.148,0.353098,0.933534,0.061939,-0.934002,0.355578,-0.034704,-0.054421,-0.045597,0.997476,0,0.83604,-0.14226,50.162,-0.285,-1,375.000,-1,425.000,-1,325.000,325.000,275.000,325.000,-1,-1,-1,-1,700.000,850.000,-1,-1,2,0,2,0,2,0,0,0,0,2,2,2,2,0,0,2,2
118,-3901.253,-2620.237,223.074,-69.441,0.348470,0.935504,0.058318,-0.935684,0.350862,-0.037301,-0.055357,-0.041568,0.997601,0,0.83302,-0.14647,49.981,-0.293,-1,375.000,-1,425.000,-1,325.000,325.000,275.000,325.000,-1,-1,-1,-1,700.000,825.000,-1,-1,2,0,2,0,2,0,0,0,0,2,2,2,2,0,0,2,2
119,-3884.015,-2666.949,220.559,-69.742,0.343708,0.937477,0.054781,-0.937393,0.346000,-0.039742,-0.056211,-0.037692,0.997707,0,0.82985,-0.15039,49.791,-0.301,-1,375.000,-1,425.000,-1,325.000,325.000,300.000,325.000,-1,-1,-1,-1,700.000,800.000,-1,-1,2,0,2,0,2,0,0,0,0,2,2,2,2,0,0,2,2
120,-3867.096,-2713.566,217.834,-70.050,0.338810,0.939418,0.051980,-0.939174,0.340989,-0.040967,-0.056210,-0.034938,0.997807,0,0.82654,-0.15402,49.592,-0.308,-1,375.000,-1,425.000,-1,325.000,325.000,300.000,300.000,-1,-1,-1,-1,700.000,800.000,-1,-1,2,0,2,0,2,0,0,0,0,2,2,2,2,0,0,2,2
121,-3850.501,-2760.081,214.869,-70.365,0.333751,0.941325,0.050173,-0.941013,0.335842,-0.041300,-0.055727,-0.033430,0.997886,0,0.82311,-0.15734,49.387,-0.315,-1,375.000,-1,425.000,-1,325.000,325.000,300.000,300.000,-1,-1,-1,-1,700.000,800.000,-1,-1,2,0,2,0,2,0,0,0,1,2,2,2,2,0,0,2,2
122,-3834.233,-2806.487,211.881,-70.681,0.328628,0.943199,0.048785,-0.942827,0.330658,-0.041747,-0.055506,-0.032277,0.997936,0,0.81958,-0.15798,49.175,-0.316,-1,375.000,-1,400.000,-1,325.000,325.000,275.000,300.000,-1,-1,-1,-1,700.000,775.000,-1,-1,2,0,2,0,2,0,0,0,1,2,2,2,2,0,0,2,2
123,-3818.291,-2852.776,208.944,-70.996,0.323511,0.945034,0.047448,-0.944606,0.325483,-0.042185,-0.055310,-0.031172,0.997983,0,0.81596,-0.15738,48.957,-0.315,-1,375.000,-1,400.000,-1,325.000,325.000,275.000,300.000,-1,-1,-1,-1,700.000,775.000,-1,-1,2,0,2,0,2,0,0,0,1,2,2,2,2,0,0,2,2
124,-3802.673,-2898.941,206.057,-71.308,0.318417,0.946826,0.046159,-0.946346,0.320333,-0.042617,-0.055137,-0.030113,0.998025,0,0.81226,-0.15629,48.735,-0.313,-1,375.000,-1,400.000,-1,325.000,325.000,275.000,300.000,-1,-1,-1,-1,700.000,775.000,-1,-1,2,0,2,0,2,0,0,0,1,2,2,2,2,0,0,2,2
125,-3787.376,-2944.976,203.220,-71.618,0.313361,0.948571,0.044918,-0.948041,0.315224,-0.043043,-0.054989,-0.029096,0.998063,0,0.80850,-0.15471,48.510,-0.309,-1,375.000,-1,400.000,-1,325.000,325.000,275.000,300.000,-1,-1,-1,-1,700.000,750.000,-1,-1,2,0,2,0,2,0,0,0,1,2,2,2,2,0,0,2,2
126,-3772.394,-2990.876,200.431,-71.923,0.308361,0.950264,0.043724,-0.949686,0.310174,-0.043464,-0.054865,-0.028121,0.998098,0,0.80471,-0.15266,48.283,-0.305,-1,375.000,-1,400.000,-1,325.000,325.000,275.000,300.000,-1,-1,-1,-1,675.000,750.000,-1,-1,2,0,2,0,2,0,0,0,0,2,2,2,2,0,0,2,2
127,-3757.723,-3036.637,197.786,-72.223,0.303441,0.951911,0.042296,-0.951257,0.305200,-0.044298,-0.055076,-0.026793,0.998123,0,0.80092,-0.15014,48.055,-0.300,-1,375.000,-1,400.000,-1,325.000,325.000,275.000,300.000,-1,-1,-1,-1,675.000,725.000,-1,-1,2,0,2,0,2,0,0,0,0,2,2,2,2,0,0,2,2
128,-3743.355,-3082.257,195.260,-72.517,0.298615,0.953506,0.040700,-0.952756,0.300319,-0.045432,-0.055543,-0.025210,0.998138,0,0.79714,-0.14715,47.829,-0.294,-1,375.000,-1,400.000,-1,325.000,325.000,275.000,300.000,-1,-1,-1,-1,675.000,725.000,-1,-1,2,0,2,0,2,0,0,0,0,2,2,2,2,0,0,2,2
129,-3729.283,-3127.734,192.773,-72.805,0.293894,0.955036,0.039154,-0.954195,0.295543,-0.046535,-0.056015,-0.023684,0.998149,0,0.79341,-0.14370,47.605,-0.287,-1,375.000,-1,400.000,-1,325.000,325.000,275.000,300.000,-1,-1,-1,-1,675.000,725.000,-1,-1,2,0,2,0,2,0,0,0,0,2,2,2,2,0,0,2,2
130,-3715.496,-3173.070,190.324,-73.085,0.289295,0.956499,0.037658,-0.955572,0.290889,-0.047610,-0.056493,-0.022212,0.998156,0,0.78976,-0.13981,47.386,-0.280,-1,375.000,-1,375.000,-1,300.000,325.000,275.000,300.000,-1,-1,-1,-1,675.000,700.000,-1,-1,2,0,2,0,2,0,0,0,0,2,2,2,2,0,0,2,2
131,-3703.474,-3213.923,188.025,-73.601,0.280755,0.959112,0.035784,-0.958114,0.282268,-0.048400,-0.056522,-0.020697,0.998187,0,0.70976,-0.25813,42.586,-0.516,-1,375.000,-1,375.000,-1,300.000,325.000,275.000,300.000,-1,-1,-1,-1,675.000,700.000,-1,-1,2,0,2,0,2,0,0,0,0,2,2,2,2,0,0,2,2
132,-3691.863,-3254.707,185.889,-74.109,0.272330,0.961595,0.034215,-0.960585,0.273762,-0.048288,-0.055800,-0.019716,0.998247,0,0.70674,-0.25392,42.404,-0.508,-1,375.000,-1,375.000,-1,300.000,300.000,275.000,300.000,-1,-1,-1,-1,675.000,700.000,-1,-1,2,0,2,0,2,0,0,0,0,2,2,2,2,0,0,2,2
133,-3680.643,-3295.462,183.876,-74.607,0.264019,0.963954,0.032970,-0.962957,0.265382,-0.047811,-0.054837,-0.019126,0.998312,0,0.70452,-0.24944,42.271,-0.499,-1,375.000,-1,375.000,-1,300.000,300.000,300.000,325.000,-1,-1,-1,-1,675.000,700.000,-1,-1,2,0,2,0,2,0,0,0,0,2,2,2,2,0,0,2,2
134,-3669.805,-3336.187,181.875,-75.097,0.255842,0.966194,0.031847,-0.965218,0.257141,-0.047261,-0.053853,-0.018648,0.998375,0,0.70239,-0.24469,42.143,-0.489,-1,375.000,-1,375.000,-1,300.000,300.000,300.000,325.000,-1,-1,-1,-1,675.000,700.000,-1,-1,2,0,2,0,2,0,0,0,0,2,2,2,2,0,0,2,2
135,-3659.338,-3376.885,179.855,-75.576,0.247819,0.968316,0.030821,-0.967393,0.249050,-0.046104,-0.052319,-0.018391,0.998461,0,0.70037,-0.23968,42.022,-0.479,-1,375.000,-1,375.000,-1,300.000,300.000,300.000,325.000,-1,-1,-1,-1,675.000,700.000,-1,-1,2,0,2,0,2,0,0,0,0,2,2,2,2,0,0,2,2
136,-3649.232,-3417.555,177.963,-76.045,0.239982,0.970333,0.029380,-0.969464,0.241121,-0.044712,-0.050470,-0.017753,0.998568,0,0.69846,-0.23441,41.908,-0.469,-1,375.000,-1,375.000,-1,300.000,300.000,300.000,325.000,-1,-1,-1,-1,700.000,700.000,-1,-1,2,0,2,0,2,0,0,0,0,2,2,2,2,0,0,2,2
