timestep,x_cm,y_cm,z_cm,yaw_deg,basis_xx,basis_xy,basis_xz,basis_yx,basis_yy,basis_yz,basis_zx,basis_zy,basis_zz,teleport_flag,throttle_cmd,steering_cmd,cmd_move_cm,cmd_turn_deg,lidar_cm_0,lidar_cm_1,lidar_cm_2,lidar_cm_3,lidar_cm_4,lidar_cm_5,lidar_cm_6,lidar_cm_7,lidar_cm_8,lidar_cm_9,lidar_cm_10,lidar_cm_11,lidar_cm_12,lidar_cm_13,lidar_cm_14,lidar_cm_15,lidar_cm_16,lidar_class_0,lidar_class_1,lidar_class_2,lidar_class_3,lidar_class_4,lidar_class_5,lidar_class_6,lidar_class_7,lidar_class_8,lidar_class_9,lidar_class_10,lidar_class_11,lidar_class_12,lidar_class_13,lidar_class_14,lidar_class_15,lidar_class_16
0,7539.952,-6890.803,-177.734,47.121,0.680266,-0.732573,-0.023968,0.732913,0.680245,0.010293,0.008763,-0.024569,0.999660,1,-0.08000,-0.12000,-4.800,-0.240,500.000,400.000,-1,400.000,-1,325.000,325.000,300.000,300.000,-1,700.000,750.000,-1,625.000,800.000,650.000,-1,1,0,2,0,2,0,0,0,0,2,0,0,2,1,0,1,2
1,7533.361,-6897.783,-177.798,46.641,0.686379,-0.726849,-0.023943,0.727189,0.686358,0.010383,0.008886,-0.024538,0.999659,0,-0.16000,-0.24000,-9.600,-0.480,500.000,400.000,-1,400.000,-1,325.000,325.000,300.000,300.000,-1,700.000,750.000,-1,625.000,800.000,675.000,-1,1,0,2,0,2,0,0,0,0,2,0,0,2,1,0,1,2
2,7523.344,-6908.128,-177.899,45.921,0.695459,-0.718168,-0.023902,0.718508,0.695439,0.010522,0.009066,-0.024492,0.999659,0,-0.24000,-0.36000,-14.400,-0.720,525.000,400.000,-1,400.000,-1,325.000,325.000,300.000,300.000,-1,675.000,725.000,-1,650.000,775.000,700.000,-1,1,0,2,0,2,0,0,0,0,2,0,0,2,1,0,1,2
3,7510.367,-6921.087,-178.034,44.961,0.707394,-0.706417,-0.023846,0.706758,0.707375,0.010708,0.009304,-0.024428,0.999658,0,-0.30567,-0.48000,-18.340,-0.960,525.000,400.000,-1,400.000,-1,325.000,325.000,300.000,300.000,-1,675.000,700.000,-1,650.000,775.000,750.000,-1,1,0,2,0,2,0,0,0,0,2,0,0,2,1,0,1,2
4,7496.939,-6933.947,-178.180,43.761,0.722033,-0.691449,-0.023796,0.691791,0.722015,0.010919,0.009631,-0.024346,0.999657,0,-0.30988,-0.60000,-18.593,-1.200,550.000,400.000,-1,400.000,-1,325.000,325.000,300.000,300.000,-1,650.000,675.000,-1,675.000,775.000,-1,-1,1,0,2,0,2,0,0,0,0,2,0,0,2,1,0,2,2
5,7483.019,-6946.713,-178.340,42.525,0.736779,-0.675717,-0.023729,0.676060,0.736762,0.011145,0.009952,-0.024254,0.999656,0,-0.31478,-0.61793,-18.887,-1.236,575.000,400.000,-1,400.000,-1,325.000,325.000,300.000,300.000,-1,625.000,675.000,-1,675.000,775.000,-1,-1,1,0,2,0,2,0,0,0,0,2,0,0,2,1,0,2,2
6,7468.605,-6959.372,-178.510,41.289,0.751187,-0.659666,-0.023656,0.660010,0.751171,0.011384,0.010260,-0.024164,0.999655,0,-0.31973,-0.61812,-19.184,-1.236,600.000,400.000,-1,400.000,-1,325.000,325.000,300.000,300.000,-1,625.000,650.000,-1,675.000,775.000,-1,-1,1,0,2,0,2,0,0,0,0,2,0,0,2,1,0,2,2
7,7453.696,-6971.905,-178.689,40.052,0.765253,-0.643297,-0.023576,0.643643,0.765238,0.011633,0.010558,-0.024077,0.999654,0,-0.32463,-0.61849,-19.478,-1.237,625.000,400.000,-1,400.000,-1,325.000,325.000,300.000,300.000,-1,600.000,625.000,-1,700.000,775.000,-1,-1,1,0,2,0,2,0,0,0,0,2,0,0,2,1,0,2,2
8,7438.293,-6984.295,-178.878,38.814,0.778975,-0.626615,-0.023491,0.626961,0.778960,0.011891,0.010847,-0.023991,0.999653,0,-0.32946,-0.61901,-19.768,-1.238,650.000,400.000,-1,400.000,-1,325.000,325.000,300.000,300.000,-1,575.000,625.000,-1,700.000,775.000,-1,-1,1,0,2,0,2,0,0,0,0,2,0,0,2,1,0,2,2
9,7422.400,-6996.524,-179.078,37.575,0.792348,-0.609621,-0.023399,0.609968,0.792332,0.012159,0.011127,-0.023907,0.999652,0,-0.33423,-0.61969,-20.054,-1.239,675.000,400.000,-1,400.000,-1,325.000,325.000,300.000,300.000,-1,575.000,600.000,-1,725.000,775.000,-1,-1,1,0,2,0,2,0,0,0,0,2,0,0,2,1,0,2,2
10,7406.017,-7008.573,-179.287,36.334,0.805367,-0.592318,-0.023301,0.592667,0.805352,0.012437,0.011399,-0.023826,0.999651,0,-0.33893,-0.62052,-20.336,-1.241,700.000,400.000,-1,400.000,-1,325.000,325.000,300.000,300.000,-1,550.000,575.000,-1,725.000,775.000,-1,-1,1,0,2,0,2,0,0,0,0,2,0,0,2,1,0,2,2
11,7389.150,-7020.423,-179.507,35.091,0.818028,-0.574710,-0.023196,0.575060,0.818012,0.012723,0.011662,-0.023747,0.999650,0,-0.34357,-0.62149,-20.614,-1.243,725.000,400.000,-1,400.000,-1,325.000,325.000,300.000,300.000,-1,525.000,575.000,-1,725.000,775.000,-1,-1,1,0,2,0,2,0,0,0,0,2,0,0,2,1,0,2,2
12,7371.801,-7032.057,-179.738,33.845,0.830326,-0.556799,-0.023084,0.557150,0.830310,0.013018,0.011918,-0.023671,0.999649,0,-0.34815,-0.62260,-20.889,-1.245,750.000,400.000,-1,400.000,-1,325.000,325.000,300.000,300.000,-1,525.000,550.000,-1,750.000,775.000,-1,-1,1,0,2,0,2,0,0,0,0,2,0,0,2,1,0,2,2
13,7353.975,-7043.457,-179.980,32.598,0.842256,-0.538589,-0.022965,0.538941,0.842238,0.013322,0.012167,-0.023597,0.999648,0,-0.35266,-0.62384,-21.159,-1.248,775.000,400.000,-1,400.000,-1,325.000,325.000,300.000,300.000,-1,500.000,525.000,-1,750.000,775.000,-1,-1,1,0,2,0,2,0,0,0,0,2,0,0,2,1,0,2,2
14,7335.677,-7054.603,-180.233,31.347,0.853811,-0.520082,-0.022839,0.520435,0.853792,0.013633,0.012410,-0.023526,0.999646,0,-0.35710,-0.62521,-21.426,-1.250,825.000,400.000,-1,400.000,-1,325.000,325.000,300.000,300.000,-1,500.000,525.000,-1,750.000,775.000,-1,-1,1,0,2,0,2,0,0,0,0,2,0,0,2,0,0,2,2
15,7316.912,-7065.478,-180.497,30.094,0.864986,-0.501282,-0.022706,0.501637,0.864966,0.013951,0.012647,-0.023458,0.999645,0,-0.36148,-0.62669,-21.689,-1.253,850.000,400.000,-1,400.000,-1,325.000,325.000,300.000,300.000,-1,475.000,500.000,-1,750.000,775.000,-1,-1,1,0,2,0,2,0,0,0,0,2,0,0,2,0,0,2,2
16,7297.686,-7076.064,-180.772,28.837,0.875774,-0.482194,-0.022562,0.482550,0.875752,0.014274,0.012876,-0.023388,0.999644,0,-0.36578,-0.62829,-21.947,-1.257,900.000,400.000,-1,400.000,-1,325.000,325.000,300.000,300.000,-1,450.000,475.000,-1,750.000,775.000,-1,-1,1,0,2,0,2,0,0,0,0,2,0,0,2,0,0,2,2
17,7278.007,-7086.342,-180.963,27.577,0.886178,-0.462825,-0.021957,0.463169,0.886153,0.014403,0.012791,-0.022934,0.999655,0,-0.37002,-0.63000,-22.201,-1.260,975.000,375.000,-1,400.000,-1,325.000,325.000,300.000,300.000,-1,450.000,475.000,-1,750.000,750.000,-1,-1,1,0,2,0,2,0,0,0,0,2,0,0,2,0,0,2,2
18,7257.882,-7096.295,-181.165,26.314,0.896181,-0.443175,-0.021348,0.443507,0.896153,0.014515,0.012699,-0.022476,0.999667,0,-0.37419,-0.63181,-22.452,-1.264,-1,375.000,-1,400.000,-1,325.000,325.000,300.000,300.000,-1,450.000,450.000,-1,750.000,750.000,-1,-1,2,0,2,0,2,0,0,0,0,2,0,0,2,0,0,2,2
19,7237.319,-7105.904,-181.378,25.046,0.905776,-0.423249,-0.020736,0.423569,0.905746,0.014608,0.012599,-0.022015,0.999678,0,-0.37830,-0.63372,-22.698,-1.267,-1,375.000,-1,400.000,-1,325.000,325.000,300.000,300.000,-1,450.000,450.000,-1,750.000,750.000,-1,-1,2,0,2,0,2,0,0,0,0,2,0,0,2,0,0,2,2
20,7216.326,-7115.152,-181.602,23.775,0.914956,-0.403051,-0.020123,0.403360,0.914924,0.014682,0.012494,-0.021551,0.999690,0,-0.38233,-0.63572,-22.940,-1.271,-1,375.000,-1,400.000,-1,325.000,325.000,300.000,300.000,-1,450.000,450.000,-1,725.000,750.000,-1,-1,2,0,2,0,2,0,0,0,0,2,0,0,2,0,0,2,2
21,7194.913,-7124.021,-181.839,22.499,0.923713,-0.382587,-0.019510,0.382884,0.923679,0.014737,0.012383,-0.021083,0.999701,0,-0.38629,-0.63782,-23.177,-1.276,-1,375.000,-1,400.000,-1,325.000,325.000,300.000,300.000,-1,450.000,450.000,-1,725.000,750.000,-1,-1,2,0,2,0,2,0,0,0,0,2,0,0,2,0,0,2,2
22,7171.395,-7133.174,-182.102,21.265,0.931753,-0.362605,-0.018839,0.362889,0.931715,0.014769,0.012197,-0.020597,0.999713,0,-0.42060,-0.61716,-25.236,-1.234,-1,375.000,-1,400.000,-1,325.000,325.000,300.000,300.000,-1,450.000,425.000,-1,725.000,750.000,-1,-1,2,0,2,0,2,0,0,0,0,2,0,0,2,0,0,2,2
23,7152.225,-7140.254,-182.321,20.271,0.937914,-0.346384,-0.018305,0.346658,0.937875,0.014781,0.012047,-0.020209,0.999723,0,-0.34060,-0.49716,-20.436,-0.994,-1,375.000,-1,400.000,-1,325.000,325.000,300.000,300.000,-1,450.000,425.000,-1,725.000,750.000,-1,-1,2,0,2,0,2,0,0,0,0,2,0,0,2,0,0,2,2
24,7137.487,-7145.478,-182.481,19.516,0.942399,-0.334009,-0.017943,0.334276,0.942359,0.014809,0.011963,-0.019954,0.999729,0,-0.26060,-0.37716,-15.636,-0.754,-1,375.000,-1,400.000,-1,325.000,325.000,300.000,300.000,-1,450.000,425.000,-1,725.000,750.000,-1,-1,2,0,2,0,2,0,0,0,0,2,0,0,2,0,0,2,2
25,7127.242,-7149.006,-182.593,19.002,0.945364,-0.325537,-0.017696,0.325801,0.945322,0.014825,0.011902,-0.019780,0.999733,0,-0.18060,-0.25716,-10.836,-0.514,-1,375.000,-1,400.000,-1,325.000,325.000,300.000,300.000,-1,450.000,425.000,-1,725.000,750.000,-1,-1,2,0,2,0,2,0,0,0,0,2,0,0,2,0,0,2,2
26,7121.525,-7150.944,-182.655,18.728,0.946914,-0.321008,-0.017558,0.321269,0.946872,0.014833,0.011864,-0.019686,0.999736,0,-0.10060,-0.13716,-6.036,-0.274,-1,375.000,-1,400.000,-1,325.000,325.000,300.000,300.000,-1,450.000,425.000,-1,725.000,750.000,-1,-1,2,0,2,0,2,0,0,0,0,2,0,0,2,0,0,2,2
27,7120.355,-7151.340,-182.668,18.693,0.947106,-0.320441,-0.017528,0.320701,0.947064,0.014834,0.011847,-0.019671,0.999736,0,-0.02060,-0.01716,-1.236,-0.034,-1,375.000,-1,400.000,-1,325.000,325.000,300.000,300.000,-1,450.000,425.000,-1,725.000,750.000,-1,-1,2,0,2,0,2,0,0,0,0,2,0,0,2,0,0,2,2
28,7123.728,-7150.192,-182.632,18.801,0.946499,-0.322226,-0.017615,0.322488,0.946458,0.014830,0.011893,-0.019717,0.999735,0,0.05940,0.05401,3.564,0.108,-1,375.000,-1,400.000,-1,325.000,325.000,300.000,300.000,-1,450.000,425.000,-1,725.000,750.000,-1,-1,2,0,2,0,2,0,0,0,0,2,0,0,2,0,0,2,2
29,7131.641,-7147.481,-182.555,18.910,0.945880,-0.324026,-0.017833,0.324292,0.945841,0.014825,0.012063,-0.019806,0.999731,0,0.13940,0.05453,8.364,0.109,-1,375.000,-1,400.000,-1,325.000,325.000,300.000,300.000,-1,450.000,425.000,-1,725.000,750.000,-1,-1,2,0,2,0,2,0,0,0,0,2,0,0,2,0,0,2,2
30,7144.086,-7143.190,-182.433,19.022,0.945238,-0.325875,-0.018183,0.326147,0.945203,0.014818,0.012358,-0.019937,0.999725,0,0.21940,0.05604,13.164,0.112,-1,375.000,-1,400.000,-1,325.000,325.000,300.000,300.000,-1,450.000,425.000,-1,725.000,750.000,-1,-1,2,0,2,0,2,0,0,0,0,2,0,0,2,0,0,2,2
31,7161.057,-7137.300,-182.264,19.140,0.944561,-0.327804,-0.018679,0.328087,0.944531,0.014820,0.012784,-0.020127,0.999716,0,0.29940,0.05855,17.964,0.117,-1,375.000,-1,400.000,-1,325.000,325.000,300.000,300.000,-1,450.000,425.000,-1,725.000,750.000,-1,-1,2,0,2,0,2,0,0,0,0,2,0,0,2,0,0,2,2
32,7182.547,-7129.790,-182.039,19.264,0.943836,-0.329847,-0.019350,0.330144,0.943814,0.014853,0.013363,-0.020407,0.999702,0,0.37940,0.06204,22.764,0.124,-1,375.000,-1,400.000,-1,325.000,325.000,300.000,300.000,-1,450.000,425.000,-1,725.000,750.000,-1,-1,2,0,2,0,2,0,0,0,0,2,0,0,2,0,0,2,2
33,7208.546,-7120.636,-181.764,19.397,0.943051,-0.332036,-0.020159,0.332350,0.943039,0.014897,0.014065,-0.020748,0.999686,0,0.45940,0.06652,27.564,0.133,-1,375.000,-1,400.000,-1,325.000,325.000,300.000,300.000,-1,450.000,425.000,-1,725.000,750.000,-1,-1,2,0,2,0,2,0,0,0,0,2,0,0,2,0,0,2,2
34,7239.046,-7109.811,-181.439,19.541,0.942195,-0.334401,-0.021104,0.334735,0.942194,0.014953,0.014884,-0.021153,0.999665,0,0.53940,0.07196,32.364,0.144,-1,375.000,-1,400.000,-1,325.000,325.000,300.000,300.000,-1,450.000,450.000,-1,750.000,750.000,-1,-1,2,0,2,0,2,0,0,0,0,2,0,0,2,0,0,2,2
35,7274.042,-7097.302,-181.061,19.669,0.941420,-0.336507,-0.022184,0.336866,0.941433,0.015027,0.015827,-0.021620,0.999641,0,0.61940,0.06418,37.164,0.128,-1,375.000,-1,400.000,-1,325.000,325.000,300.000,300.000,-1,450.000,450.000,-1,750.000,775.000,-1,-1,2,0,2,0,2,0,0,0,0,2,0,0,2,0,0,2,2
36,7313.520,-7083.074,-180.445,19.819,0.940524,-0.338975,-0.022580,0.339336,0.940551,0.014624,0.016281,-0.021416,0.999638,0,0.69940,0.07510,41.964,0.150,-1,400.000,-1,400.000,-1,325.000,325.000,300.000,300.000,-1,475.000,475.000,-1,750.000,775.000,-1,-1,2,0,2,0,2,0,0,0,0,2,0,0,2,0,0,2,2
37,7357.466,-7067.084,-179.723,19.994,0.939477,-0.341851,-0.022847,0.342209,0.939518,0.014130,0.016635,-0.021093,0.999639,0,0.77940,0.08755,46.764,0.175,-1,400.000,-1,400.000,-1,325.000,325.000,300.000,300.000,-1,500.000,500.000,-1,750.000,775.000,-1,-1,2,0,2,0,2,0,0,0,0,2,0,0,2,0,0,2,2
38,7405.859,-7049.281,-178.920,20.197,0.938251,-0.345182,-0.023111,0.345537,0.938306,0.013629,0.016981,-0.020773,0.999640,0,0.85940,0.10157,51.564,0.203,-1,400.000,-1,400.000,-1,325.000,325.000,300.000,300.000,-1,550.000,550.000,-1,750.000,775.000,-1,-1,2,0,2,0,2,0,0,0,0,2,0,0,2,0,0,2,2
39,7458.677,-7029.605,-178.032,20.432,0.936824,-0.349019,-0.023370,0.349371,0.936893,0.013113,0.017319,-0.020450,0.999641,0,0.93940,0.11717,56.364,0.234,-1,400.000,-1,400.000,-1,325.000,325.000,300.000,300.000,-1,600.000,575.000,-1,750.000,775.000,-1,-1,2,0,2,0,2,0,0,0,0,2,0,0,2,0,0,2,2
40,7506.999,-7011.610,-177.164,20.426,0.936857,-0.348929,-0.023387,0.349273,0.936937,0.012570,0.017526,-0.019944,0.999647,0,0.85940,-0.00283,51.564,-0.006,-1,400.000,-1,400.000,-1,325.000,325.000,300.000,300.000,-1,625.000,625.000,-1,775.000,775.000,-1,-1,2,0,2,0,2,0,0,0,0,2,0,0,2,0,0,2,2
41,7550.892,-6995.477,-176.363,20.180,0.938344,-0.344912,-0.023376,0.345247,0.938434,0.012114,0.017758,-0.019438,0.999653,0,0.77940,-0.12283,46.764,-0.246,-1,400.000,-1,400.000,-1,325.000,325.000,300.000,300.000,-1,675.000,675.000,-1,775.000,775.000,-1,-1,2,0,2,0,2,0,0,0,0,2,0,0,2,0,0,2,2
42,7590.340,-6981.164,-175.636,19.943,0.939763,-0.341028,-0.023369,0.341355,0.939861,0.011739,0.017961,-0.019009,0.999658,0,0.69940,-0.11858,41.964,-0.237,-1,400.000,-1,400.000,-1,325.000,325.000,300.000,300.000,-1,725.000,700.000,-1,775.000,800.000,-1,-1,2,0,2,0,2,0,0,0,0,2,0,0,2,0,0,2,2
43,7629.074,-6967.282,-174.917,19.718,0.941098,-0.337326,-0.023367,0.337647,0.941204,0.011402,0.018147,-0.018621,0.999662,0,0.68577,-0.11284,41.146,-0.226,-1,400.000,-1,400.000,-1,325.000,325.000,300.000,300.000,-1,750.000,750.000,-1,775.000,800.000,-1,-1,2,0,2,0,2,0,0,0,0,2,0,0,2,0,0,2,2
44,7667.501,-6953.672,-174.197,19.502,0.942359,-0.333786,-0.023368,0.334101,0.942472,0.011098,0.018319,-0.018266,0.999665,0,0.67943,-0.10774,40.766,-0.215,-1,400.000,-1,400.000,-1,325.000,325.000,300.000,300.000,-1,800.000,775.000,-1,775.000,800.000,-1,-1,2,0,2,0,2,0,0,0,0,2,0,0,2,0,0,2,2
45,7705.594,-6940.336,-173.478,19.296,0.943555,-0.330390,-0.023372,0.330700,0.943674,0.010826,0.018479,-0.017944,0.999668,0,0.67267,-0.10321,40.360,-0.206,-1,400.000,-1,400.000,-1,325.000,325.000,300.000,300.000,-1,825.000,825.000,-1,800.000,800.000,-1,-1,2,0,2,0,2,0,0,0,0,2,0,0,2,0,0,2,2
46,7743.330,-6927.270,-172.761,19.097,0.944694,-0.327120,-0.023379,0.327425,0.944818,0.010584,0.018626,-0.017654,0.999671,0,0.66557,-0.09926,39.934,-0.199,-1,400.000,-1,400.000,-1,325.000,325.000,300.000,300.000,-1,875.000,850.000,-1,800.000,800.000,-1,-1,2,0,2,0,2,0,0,0,0,2,0,0,2,0,0,2,2
47,7780.690,-6914.475,-172.036,18.905,0.945783,-0.323957,-0.023372,0.324258,0.945911,0.010414,0.018734,-0.017428,0.999673,0,0.65817,-0.09589,39.490,-0.192,-1,400.000,-1,400.000,-1,325.000,325.000,300.000,300.000,-1,900.000,875.000,-1,800.000,800.000,-1,-1,2,0,2,0,2,0,0,0,0,2,0,0,2,0,0,2,2
48,7817.658,-6901.949,-171.311,18.719,0.946832,-0.320883,-0.023301,0.321181,0.946962,0.010302,0.018759,-0.017238,0.999675,0,0.65054,-0.09307,39.032,-0.186,-1,400.000,-1,400.000,-1,325.000,325.000,300.000,300.000,-1,950.000,925.000,-1,800.000,800.000,-1,-1,2,0,2,0,2,0,0,0,0,2,0,0,2,0,0,2,2
49,7854.221,-6889.688,-170.664,18.538,0.947853,-0.317882,-0.022944,0.318168,0.947981,0.010019,0.018565,-0.016797,0.999687,0,0.64273,-0.09081,38.564,-0.182,-1,400.000,-1,400.000,-1,325.000,325.000,300.000,300.000,-1,1000.000,975.000,-1,800.000,800.000,-1,-1,2,0,2,0,2,0,0,0,0,2,0,0,2,0,0,2,2
50,7890.371,-6877.691,-170.025,18.359,0.948845,-0.314935,-0.022584,0.315209,0.948972,0.009745,0.018362,-0.016365,0.999697,0,0.63482,-0.08909,38.089,-0.178,-1,400.000,-1,400.000,-1,325.000,325.000,300.000,300.000,-1,-1,-1,-1,800.000,800.000,-1,-1,2,0,2,0,2,0,0,0,0,2,2,2,2,0,0,2,2
51,7926.104,-6865.954,-169.393,18.184,0.949814,-0.312024,-0.022221,0.312287,0.949940,0.009479,0.018151,-0.015943,0.999708,0,0.62684,-0.08790,37.611,-0.176,-1,400.000,-1,400.000,-1,325.000,325.000,300.000,300.000,-1,-1,-1,-1,800.000,800.000,-1,-1,2,0,2,0,2,0,0,0,0,2,2,2,2,0,0,2,2
52,7961.416,-6854.474,-168.776,18.009,0.950767,-0.309132,-0.021884,0.309386,0.950892,0.009240,0.017953,-0.015556,0.999718,0,0.61887,-0.08721,37.132,-0.174,-1,400.000,-1,400.000,-1,325.000,325.000,300.000,300.000,-1,-1,-1,-1,800.000,800.000,-1,-1,2,0,2,0,2,0,0,0,0,2,2,2,2,0,0,2,2
53,7996.311,-6843.247,-168.233,17.835,0.951712,-0.306243,-0.021427,0.306490,0.951828,0.009338,0.017536,-0.015454,0.999727,0,0.61094,-0.08702,36.657,-0.174,-1,400.000,-1,400.000,-1,325.000,325.000,300.000,300.000,-1,-1,-1,-1,800.000,800.000,-1,-1,2,0,2,0,2,0,0,0,0,2,2,2,2,0,0,2,2
54,8030.793,-6832.269,-167.732,17.661,0.952653,-0.303341,-0.020907,0.303584,0.952756,0.009604,0.017006,-0.015496,0.999735,0,0.60312,-0.08731,36.187,-0.175,-1,400.000,-1,400.000,-1,325.000,325.000,300.000,300.000,-1,-1,-1,-1,800.000,800.000,-1,-1,2,0,2,0,2,0,0,0,0,2,2,2,2,0,0,2,2
55,8064.868,-6821.535,-167.236,17.484,0.953592,-0.300411,-0.020384,0.300650,0.953683,0.009873,0.016474,-0.015544,0.999743,0,0.59543,-0.08805,35.726,-0.176,-1,400.000,-1,400.000,-1,325.000,325.000,300.000,300.000,-1,-1,-1,-1,800.000,775.000,-1,-1,2,0,2,0,2,0,0,0,0,2,2,2,2,0,0,2,2
56,8098.546,-6811.042,-166.748,17.306,0.954534,-0.297438,-0.019861,0.297674,0.954614,0.010145,0.015941,-0.015596,0.999751,0,0.58792,-0.08923,35.275,-0.178,-1,400.000,-1,400.000,-1,325.000,325.000,300.000,300.000,-1,-1,-1,-1,800.000,775.000,-1,-1,2,0,2,0,2,0,0,0,0,2,2,2,2,0,0,2,2
57,8131.839,-6800.784,-166.266,17.124,0.955484,-0.294410,-0.019335,0.294641,0.955551,0.010420,0.015408,-0.015653,0.999759,0,0.58063,-0.09084,34.838,-0.182,-1,400.000,-1,400.000,-1,325.000,325.000,300.000,300.000,-1,-1,-1,-1,800.000,775.000,-1,-1,2,0,2,0,2,0,0,0,0,2,2,2,2,0,0,2,2
58,8164.761,-6790.757,-165.790,16.939,0.956443,-0.291311,-0.018808,0.291538,0.956499,0.010697,0.014874,-0.015714,0.999766,0,0.57358,-0.09284,34.415,-0.186,-1,400.000,-1,400.000,-1,325.000,325.000,300.000,300.000,-1,-1,-1,-1,800.000,775.000,-1,-1,2,0,2,0,2,0,0,0,0,2,2,2,2,0,0,2,2
59,8197.327,-6780.957,-165.319,16.748,0.957417,-0.288129,-0.018279,0.288352,0.957461,0.010975,0.014340,-0.015779,0.999773,0,0.56680,-0.09524,34.008,-0.190,-1,400.000,-1,400.000,-1,325.000,325.000,300.000,300.000,-1,-1,-1,-1,800.000,775.000,-1,-1,2,0,2,0,2,0,0,0,0,2,2,2,2,0,0,2,2
60,8229.553,-6771.379,-164.854,16.552,0.958407,-0.284852,-0.017749,0.285070,0.958441,0.011255,0.013806,-0.015846,0.999779,0,0.56032,-0.09800,33.619,-0.196,-1,400.000,-1,400.000,-1,325.000,325.000,300.000,300.000,-1,-1,-1,-1,800.000,775.000,-1,-1,2,0,2,0,2,0,0,1,0,2,2,2,2,0,0,2,2
61,8261.457,-6762.020,-164.394,16.350,0.959416,-0.281467,-0.017217,0.281681,0.959439,0.011535,0.013272,-0.015917,0.999785,0,0.55415,-0.10111,33.249,-0.202,-1,400.000,-1,400.000,-1,325.000,325.000,300.000,300.000,-1,-1,-1,-1,775.000,775.000,-1,-1,2,0,2,0,2,0,0,1,0,2,2,2,2,0,0,2,2
62,8293.058,-6752.874,-163.939,16.141,0.960447,-0.277963,-0.016684,0.278172,0.960459,0.011817,0.012740,-0.015990,0.999791,0,0.54830,-0.10457,32.898,-0.209,-1,400.000,-1,400.000,-1,325.000,325.000,300.000,300.000,-1,-1,-1,-1,775.000,775.000,-1,-1,2,0,2,0,2,0,0,1,0,2,2,2,2,0,0,2,2
63,8324.376,-6743.939,-163.488,15.924,0.961501,-0.274328,-0.016149,0.274532,0.961502,0.012098,0.012208,-0.016066,0.999796,0,0.54279,-0.10834,32.567,-0.217,-1,400.000,-1,400.000,-1,325.000,325.000,300.000,300.000,-1,-1,-1,-1,775.000,750.000,-1,-1,2,0,2,0,2,0,0,0,0,2,2,2,2,0,0,2,2
64,8355.430,-6735.210,-163.043,15.699,0.962579,-0.270552,-0.015602,0.270750,0.962570,0.012373,0.011670,-0.016134,0.999802,0,0.53763,-0.11243,32.258,-0.225,-1,400.000,-1,400.000,-1,325.000,325.000,300.000,300.000,-1,-1,-1,-1,775.000,750.000,-1,-1,2,0,2,0,2,0,0,0,0,2,2,2,2,0,0,2,2
65,8386.242,-6726.685,-162.603,15.466,0.963683,-0.266625,-0.015046,0.266817,0.963664,0.012642,0.011129,-0.016198,0.999807,0,0.53283,-0.11681,31.970,-0.234,-1,400.000,-1,400.000,-1,325.000,325.000,300.000,300.000,-1,-1,-1,-1,775.000,750.000,-1,-1,2,0,2,0,2,0,0,0,0,2,2,2,2,0,0,2,2
66,8416.833,-6718.361,-162.166,15.223,0.964814,-0.262536,-0.014490,0.262722,0.964785,0.012912,0.010590,-0.016265,0.999812,0,0.52839,-0.12149,31.703,-0.243,-1,400.000,-1,400.000,-1,325.000,325.000,300.000,300.000,-1,-1,-1,-1,775.000,750.000,-1,-1,2,0,2,0,2,0,0,0,0,2,2,2,2,0,0,2,2
67,8447.224,-6710.235,-161.736,14.970,0.965971,-0.258275,-0.013942,0.258455,0.965934,0.013160,0.010068,-0.016315,0.999816,0,0.52431,-0.12643,31.459,-0.253,-1,400.000,-1,400.000,-1,325.000,325.000,300.000,300.000,-1,-1,-1,-1,775.000,750.000,-1,-1,2,0,2,0,2,0,0,0,0,2,2,2,2,0,0,2,2
68,8477.437,-6702.305,-161.370,14.706,0.967153,-0.253834,-0.013512,0.254007,0.967113,0.013140,0.009732,-0.016141,0.999822,0,0.52060,-0.13165,31.236,-0.263,-1,400.000,-1,400.000,-1,325.000,325.000,300.000,300.000,-1,-1,-1,-1,750.000,750.000,-1,-1,2,0,2,0,2,0,0,0,0,2,2,2,2,0,0,2,2
69,8507.493,-6694.570,-160.976,14.432,0.968361,-0.249202,-0.013201,0.249371,0.968318,0.013202,0.009493,-0.016077,0.999826,0,0.51726,-0.13712,31.035,-0.274,-1,400.000,-1,400.000,-1,325.000,325.000,300.000,300.000,-1,-1,-1,-1,750.000,750.000,-1,-1,2,0,2,0,2,0,0,0,0,2,2,2,2,0,0,2,2
70,8542.203,-6685.659,-160.526,14.398,0.968515,-0.248624,-0.012867,0.248788,0.968467,0.013275,0.009161,-0.016058,0.999829,0,0.59726,-0.01712,35.835,-0.034,-1,400.000,-1,400.000,-1,325.000,325.000,300.000,300.000,-1,-1,-1,-1,750.000,725.000,-1,-1,2,0,2,0,2,0,0,0,0,2,2,2,2,0,0,2,2
71,8581.525,-6675.414,-160.038,14.604,0.967620,-0.252100,-0.012558,0.252260,0.967567,0.013400,0.008772,-0.016134,0.999831,0,0.67726,0.10288,40.635,0.206,-1,400.000,-1,375.000,-1,325.000,325.000,300.000,300.000,-1,-1,-1,-1,750.000,725.000,-1,-1,2,0,2,0,2,0,0,0,0,2,2,2,2,0,0,2,2
72,8621.013,-6664.796,-159.638,15.050,0.965628,-0.259618,-0.012684,0.259783,0.965569,0.013750,0.008678,-0.016572,0.999825,0,0.68150,0.22288,40.890,0.446,-1,400.000,-1,375.000,-1,325.000,325.000,300.000,300.000,-1,-1,-1,-1,750.000,725.000,-1,-1,2,0,2,0,2,0,0,0,0,2,2,2,2,0,0,2,2
73,8660.376,-6653.705,-159.211,15.735,0.962449,-0.271154,-0.012902,0.271323,0.962388,0.013900,0.008648,-0.016878,0.999820,0,0.68161,0.34288,40.896,0.686,-1,400.000,-1,400.000,-1,325.000,325.000,300.000,300.000,-1,-1,-1,-1,750.000,725.000,-1,-1,2,0,2,0,2,0,0,0,0,2,2,2,2,0,0,2,2
74,8699.622,-6641.960,-158.800,16.661,0.957941,-0.286666,-0.013122,0.286839,0.957876,0.014047,0.008542,-0.017220,0.999815,0,0.68275,0.46288,40.965,0.926,-1,400.000,-1,400.000,-1,325.000,325.000,300.000,300.000,-1,-1,-1,-1,750.000,725.000,-1,-1,2,0,2,0,2,0,0,0,0,2,2,2,2,0,0,2,2
75,8738.738,-6629.381,-158.408,17.827,0.951908,-0.306093,-0.013341,0.306270,0.951839,0.014189,0.008355,-0.017593,0.999810,0,0.68481,0.58288,41.089,1.166,-1,400.000,-1,400.000,-1,325.000,325.000,300.000,300.000,-1,-1,-1,-1,750.000,700.000,-1,-1,2,0,2,0,2,0,0,0,0,2,2,2,2,0,0,2,2
76,8777.695,-6615.790,-158.039,19.233,0.944111,-0.329350,-0.013559,0.329529,0.944037,0.014324,0.008083,-0.017992,0.999805,0,0.68767,0.70288,41.260,1.406,-1,400.000,-1,400.000,-1,325.000,325.000,300.000,300.000,-1,-1,-1,-1,750.000,700.000,-1,-1,2,0,2,0,2,0,0,0,0,2,2,2,2,0,0,2,2
77,8816.444,-6601.010,-157.695,20.878,0.934261,-0.356324,-0.013776,0.356506,0.934181,0.014449,0.007720,-0.018410,0.999801,0,0.69121,0.82288,41.473,1.646,-1,400.000,-1,400.000,-1,325.000,325.000,300.000,300.000,-1,-1,-1,-1,725.000,700.000,-1,-1,2,0,2,0,2,0,0,0,0,2,2,2,2,0,0,2,2
78,8854.915,-6584.866,-157.393,22.764,0.922029,-0.386868,-0.013971,0.387053,0.921942,0.014622,0.007223,-0.018890,0.999795,0,0.69534,0.94288,41.721,1.886,-1,400.000,-1,375.000,-1,325.000,325.000,300.000,300.000,-1,-1,-1,-1,725.000,700.000,-1,-1,2,0,2,0,2,0,0,0,0,2,2,2,2,0,0,2,2
79,8893.051,-6567.274,-157.122,24.764,0.907966,-0.418804,-0.014165,0.418990,0.907870,0.014781,0.006670,-0.019356,0.999790,0,0.69997,1.00000,41.998,2.000,-1,400.000,-1,375.000,-1,325.000,325.000,300.000,300.000,-1,-1,-1,-1,725.000,700.000,-1,-1,2,0,2,0,2,0,0,0,0,2,2,2,2,0,0,2,2
80,8930.804,-6548.233,-156.881,26.764,0.892797,-0.450229,-0.014361,0.450417,0.892694,0.014916,0.006104,-0.019785,0.999786,0,0.70472,1.00000,42.283,2.000,-1,400.000,-1,375.000,-1,325.000,325.000,300.000,300.000,-1,-1,-1,-1,725.000,675.000,-1,-1,2,0,2,0,2,0,0,0,0,2,2,2,2,0,0,2,2
81,8968.110,-6527.754,-156.673,28.764,0.876542,-0.481106,-0.014556,0.481294,0.876430,0.015024,0.005530,-0.020175,0.999781,0,0.70929,1.00000,42.557,2.000,-1,400.000,-1,375.000,-1,325.000,325.000,300.000,300.000,-1,-1,-1,-1,725.000,675.000,-1,-1,2,0,2,0,2,0,0,0,0,2,2,2,2,0,0,2,2
82,9004.906,-6505.851,-156.502,30.764,0.859218,-0.511396,-0.014753,0.511585,0.859100,0.015086,0.004960,-0.020509,0.999777,0,0.71369,1.00000,42.821,2.000,-1,400.000,-1,375.000,-1,325.000,325.000,300.000,300.000,-1,-1,-1,-1,725.000,675.000,-1,-1,2,0,2,0,2,0,0,0,0,2,2,2,2,0,0,2,2
83,9041.127,-6482.540,-156.318,32.764,0.840850,-0.541062,-0.014923,0.541251,0.840721,0.015341,0.004246,-0.020976,0.999771,0,0.71791,1.00000,43.075,2.000,-1,400.000,-1,375.000,-1,325.000,325.000,300.000,300.000,-1,-1,-1,-1,725.000,675.000,-1,-1,2,0,2,0,2,0,0,0,0,2,2,2,2,0,0,2,2
84,9076.713,-6457.840,-156.168,34.764,0.821459,-0.570068,-0.015102,0.570257,0.821319,0.015574,0.003525,-0.021405,0.999765,0,0.72196,1.00000,43.318,2.000,-1,400.000,-1,375.000,-1,325.000,300.000,300.000,300.000,-1,-1,-1,-1,725.000,675.000,-1,-1,2,0,2,0,2,0,0,0,0,2,2,2,2,0,0,2,2
85,9111.601,-6431.774,-155.997,36.764,0.801064,-0.598376,-0.015548,0.598571,0.800913,0.015852,0.002967,-0.022005,0.999753,0,0.72584,1.00000,43.551,2.000,-1,400.000,-1,375.000,-1,325.000,300.000,300.000,300.000,-1,-1,-1,-1,725.000,675.000,-1,-1,2,0,2,0,2,0,0,0,0,2,2,2,2,0,0,2,2
86,9144.556,-6405.537,-155.669,38.524,0.782299,-0.622675,-0.016892,0.622896,0.782135,0.016284,0.003072,-0.023261,0.999725,0,0.70206,0.88000,42.124,1.760,-1,400.000,-1,375.000,-1,325.000,300.000,300.000,300.000,-1,-1,-1,-1,725.000,675.000,-1,-1,2,0,2,0,2,0,0,0,0,2,2,2,2,0,0,2,2
87,9176.947,-6378.315,-155.365,40.044,0.765494,-0.643184,-0.018264,0.643434,0.765321,0.016630,0.003282,-0.024482,0.999695,0,0.70518,0.76000,42.311,1.520,-1,400.000,-1,375.000,-1,325.000,300.000,300.000,300.000,-1,-1,-1,-1,725.000,675.000,-1,-1,2,0,2,0,2,0,0,0,0,2,2,2,2,0,0,2,2
88,9208.839,-6350.274,-155.081,41.324,0.750921,-0.660099,-0.019663,0.660382,0.750739,0.016907,0.003601,-0.025681,0.999664,0,0.70778,0.64000,42.467,1.280,-1,400.000,-1,375.000,-1,325.000,300.000,300.000,300.000,-1,-1,-1,-1,725.000,675.000,-1,-1,2,0,2,0,2,0,0,0,0,2,2,2,2,0,0,2,2
89,9240.311,-6321.571,-154.811,42.364,0.738799,-0.673596,-0.021088,0.673914,0.738611,0.017131,0.004037,-0.026868,0.999631,0,0.70991,0.52000,42.595,1.040,-1,400.000,-1,375.000,-1,325.000,300.000,300.000,300.000,-1,-1,-1,-1,725.000,675.000,-1,-1,2,0,2,0,2,0,0,0,0,2,2,2,2,0,0,2,2
90,9271.456,-6292.360,-154.552,43.164,0.729302,-0.683820,-0.022542,0.684176,0.729111,0.017319,0.004592,-0.028053,0.999596,0,0.71167,0.40000,42.700,0.800,-1,400.000,-1,375.000,-1,325.000,300.000,300.000,300.000,-1,-1,-1,-1,725.000,675.000,-1,-1,2,0,2,0,2,0,0,0,0,2,2,2,2,0,0,2,2
91,9302.378,-6262.785,-154.259,43.724,0.722565,-0.690895,-0.023745,0.691284,0.722373,0.017450,0.005097,-0.029024,0.999566,0,0.71314,0.28000,42.788,0.560,-1,400.000,-1,375.000,-1,325.000,300.000,300.000,300.000,-1,-1,-1,-1,725.000,675.000,-1,-1,2,0,2,0,2,0,0,0,0,2,2,2,2,0,0,2,2
92,9333.189,-6232.986,-153.975,44.044,0.718676,-0.694899,-0.024904,0.695322,0.718483,0.017574,0.005681,-0.029946,0.999535,0,0.71440,0.16000,42.864,0.320,-1,400.000,-1,375.000,-1,325.000,300.000,300.000,300.000,-1,-1,-1,-1,725.000,675.000,-1,-1,2,0,2,0,2,0,0,0,0,2,2,2,2,0,0,2,2
93,9364.007,-6203.095,-153.689,44.124,0.717682,-0.695883,-0.026071,0.696341,0.717492,0.017711,0.006381,-0.030865,0.999503,0,0.71554,0.04000,42.932,0.080,-1,400.000,-1,375.000,-1,325.000,300.000,300.000,300.000,-1,-1,-1,-1,725.000,675.000,-1,-1,2,0,2,0,2,0,0,0,0,2,2,2,2,0,0,2,2
94,9394.956,-6173.245,-153.417,43.964,0.719596,-0.693854,-0.027354,0.694355,0.719410,0.017890,0.007266,-0.031867,0.999466,0,0.71665,-0.08000,42.999,-0.160,-1,375.000,-1,375.000,-1,325.000,300.000,300.000,300.000,-1,-1,-1,-1,725.000,675.000,-1,-1,2,0,2,0,2,0,0,0,0,2,2,2,2,0,0,2,2
95,9426.165,-6143.562,-153.132,43.564,0.724392,-0.688793,-0.028647,0.689339,0.724213,0.018113,0.008270,-0.032868,0.999425,0,0.71784,-0.20000,43.071,-0.400,-1,375.000,-1,375.000,-1,325.000,300.000,300.000,300.000,-1,-1,-1,-1,725.000,675.000,-1,-1,2,0,2,0,2,0,0,0,0,2,2,2,2,0,0,2,2
96,9458.635,-6113.364,-152.807,42.924,0.732006,-0.680638,-0.029975,0.681232,0.731838,0.018336,0.009457,-0.033842,0.999382,0,0.73902,-0.32000,44.341,-0.640,-1,375.000,-1,375.000,-1,300.000,300.000,300.000,300.000,-1,-1,-1,-1,725.000,675.000,-1,-1,2,0,2,0,2,0,0,0,0,2,2,2,2,0,0,2,2
97,9491.598,-6083.638,-152.188,42.044,0.742317,-0.669321,-0.031222,0.669948,0.742208,0.017219,0.011648,-0.033699,0.999364,0,0.73978,-0.44000,44.387,-0.880,-1,375.000,-1,375.000,-1,325.000,300.000,300.000,300.000,-1,850.000,-1,-1,725.000,675.000,-1,-1,2,0,2,0,2,0,0,0,0,2,0,2,2,0,0,2,2
98,9525.178,-6054.525,-151.524,40.924,0.755197,-0.654691,-0.032520,0.655348,0.755155,0.016108,0.014011,-0.033477,0.999341,0,0.74072,-0.56000,44.443,-1.120,-1,375.000,-1,375.000,-1,325.000,300.000,300.000,300.000,-1,725.000,875.000,-1,725.000,675.000,-1,-1,2,0,2,0,2,0,0,0,0,2,0,0,2,0,0,2,2
99,9559.495,-6026.172,-150.809,39.564,0.770458,-0.636590,-0.033887,0.637277,0.770489,0.015020,0.016548,-0.033167,0.999313,0,0.74190,-0.68000,44.514,-1.360,-1,375.000,-1,375.000,-1,325.000,300.000,300.000,300.000,-1,650.000,750.000,-1,725.000,675.000,-1,-1,2,0,2,0,2,0,0,0,0,2,0,0,2,0,0,2,2
100,9594.660,-5998.734,-150.039,37.964,0.787862,-0.614837,-0.035338,0.615550,0.787974,0.013969,0.019257,-0.032758,0.999278,0,0.74338,-0.80000,44.603,-1.600,-1,375.000,-1,375.000,-1,325.000,300.000,300.000,300.000,-1,575.000,675.000,-1,725.000,675.000,-1,-1,2,0,2,0,2,0,0,0,0,2,0,0,2,0,0,2,2
101,9630.777,-5972.375,-149.149,36.124,0.807125,-0.589227,-0.036883,0.589968,0.807320,0.013112,0.022051,-0.032343,0.999234,0,0.74521,-0.92000,44.713,-1.840,-1,400.000,-1,375.000,-1,325.000,325.000,300.000,300.000,-1,525.000,600.000,-1,725.000,675.000,-1,-1,2,0,2,0,2,0,0,0,0,2,0,0,2,0,0,2,2
102,9667.860,-5947.154,-148.054,34.221,0.826176,-0.562097,-0.038464,0.562879,0.826437,0.012980,0.024492,-0.032375,0.999176,0,0.74744,-0.95133,44.846,-1.903,-1,400.000,-1,375.000,-1,325.000,325.000,300.000,300.000,-1,500.000,550.000,-1,725.000,675.000,-1,-1,2,0,2,0,2,0,0,0,0,2,0,0,2,0,0,2,2
103,9705.899,-5923.099,-146.902,32.308,0.844411,-0.534195,-0.040073,0.535020,0.844739,0.013008,0.026903,-0.032424,0.999112,0,0.75011,-0.95649,45.007,-1.913,-1,400.000,-1,375.000,-1,325.000,300.000,300.000,300.000,-1,475.000,525.000,-1,725.000,675.000,-1,-1,2,0,2,0,2,0,0,0,0,2,0,0,2,0,0,2,2
104,9744.886,-5900.239,-145.694,30.385,0.861798,-0.505535,-0.041699,0.506406,0.862194,0.013197,0.029281,-0.032490,0.999043,0,0.75323,-0.96191,45.194,-1.924,-1,400.000,-1,375.000,-1,325.000,300.000,325.000,300.000,-1,450.000,525.000,-1,725.000,675.000,-1,-1,2,0,2,0,2,0,0,0,0,2,0,0,2,0,0,2,2
105,9784.669,-5878.677,-144.329,28.458,0.878219,-0.476250,-0.043783,0.477192,0.878692,0.013742,0.031927,-0.032961,0.998947,0,0.75417,-0.96346,45.250,-1.927,-1,375.000,-1,375.000,-1,325.000,300.000,300.000,300.000,-1,450.000,500.000,-1,725.000,675.000,-1,-1,2,0,2,0,2,0,0,0,0,2,0,0,2,0,0,2,2
106,9825.154,-5858.465,-142.825,26.531,0.893626,-0.446423,-0.046244,0.447460,0.894184,0.014645,0.034813,-0.033780,0.998823,0,0.75417,-0.96346,45.250,-1.927,-1,375.000,-1,375.000,-1,325.000,300.000,300.000,300.000,-1,425.000,475.000,-1,725.000,675.000,-1,-1,2,0,2,0,2,0,0,0,0,2,0,0,2,0,0,2,2
107,9866.296,-5839.625,-141.280,24.604,0.908019,-0.416093,-0.048665,0.417231,0.908664,0.015727,0.037676,-0.034585,0.998691,0,0.75417,-0.96346,45.250,-1.927,-1,375.000,-1,375.000,-1,325.000,300.000,300.000,300.000,-1,400.000,450.000,-1,725.000,700.000,-1,-1,2,0,2,0,2,0,0,0,0,2,0,0,2,0,0,2,2
108,9908.049,-5822.179,-139.690,22.677,0.921382,-0.385293,-0.051027,0.386541,0.922115,0.017002,0.040502,-0.035390,0.998553,0,0.75417,-0.96346,45.250,-1.927,-1,375.000,-1,375.000,-1,300.000,300.000,300.000,325.000,-1,400.000,450.000,-1,725.000,700.000,-1,-1,2,0,2,0,2,0,0,0,0,2,0,0,2,0,0,2,2
109,9945.815,-5807.690,-137.947,20.990,0.932289,-0.357986,-0.051805,0.359262,0.933072,0.017548,0.042056,-0.034971,0.998503,0,0.67417,-0.84346,40.450,-1.687,-1,375.000,-1,375.000,-1,300.000,300.000,300.000,325.000,-1,425.000,475.000,-1,725.000,700.000,-1,-1,2,0,2,0,2,0,0,0,0,2,0,0,2,0,0,2,2
110,9979.412,-5795.765,-136.236,19.543,0.940989,-0.334322,-0.052623,0.335598,0.941845,0.017378,0.043752,-0.034012,0.998463,0,0.59417,-0.72346,35.650,-1.447,-1,375.000,-1,375.000,-1,300.000,300.000,300.000,325.000,-1,450.000,475.000,-1,725.000,700.000,-1,-1,2,0,2,0,2,0,0,0,0,2,0,0,2,0,0,2,2
111,10008.697,-5786.060,-134.679,18.336,0.947778,-0.314421,-0.053440,0.315688,0.948711,0.016986,0.045358,-0.032969,0.998427,0,0.51417,-0.60346,30.850,-1.207,-1,375.000,-1,375.000,-1,300.000,300.000,300.000,325.000,-1,450.000,500.000,-1,725.000,700.000,-1,-1,2,0,2,0,2,0,0,0,0,2,0,0,2,0,0,2,2
112,10033.564,-5778.300,-133.349,17.332,0.953108,-0.297748,-0.054141,0.299007,0.954105,0.016684,0.046688,-0.032090,0.998394,0,0.43417,-0.50229,26.050,-1.005,-1,375.000,-1,375.000,-1,300.000,300.000,300.000,325.000,-1,450.000,500.000,-1,725.000,700.000,-1,-1,2,0,2,0,2,0,0,0,0,2,0,0,2,0,0,2,2
113,10053.958,-5772.325,-132.252,16.330,0.958137,-0.281035,-0.054717,0.282283,0.959190,0.016448,0.047861,-0.031205,0.998366,0,0.35417,-0.50073,21.250,-1.001,-1,375.000,-1,375.000,-1,300.000,300.000,300.000,325.000,-1,475.000,500.000,-1,725.000,700.000,-1,-1,2,0,2,0,2,0,0,0,0,2,0,0,2,0,0,2,2
114,10069.823,-5767.976,-131.391,15.331,0.962868,-0.264275,-0.055165,0.265509,0.963971,0.016268,0.048878,-0.030311,0.998345,0,0.27417,-0.49953,16.450,-0.999,-1,375.000,-1,375.000,-1,300.000,300.000,300.000,325.000,-1,475.000,500.000,-1,725.000,700.000,-1,-1,2,0,2,0,2,0,0,0,0,2,0,0,2,0,0,2,2
115,10081.111,-5765.092,-130.772,14.334,0.967308,-0.247461,-0.055483,0.248680,0.968451,0.016138,0.049739,-0.029408,0.998329,0,0.19417,-0.49870,11.650,-0.997,-1,375.000,-1,375.000,-1,300.000,300.000,300.000,325.000,-1,475.000,500.000,-1,725.000,700.000,-1,-1,2,0,2,0,2,0,0,0,0,2,0,0,2,0,0,2,2
116,10087.776,-5763.512,-130.400,13.337,0.971457,-0.230590,-0.055665,0.231789,0.972634,0.016047,0.050441,-0.028491,0.998321,0,0.11417,-0.49816,6.850,-0.996,-1,375.000,-1,375.000,-1,300.000,300.000,300.000,325.000,-1,475.000,500.000,-1,725.000,700.000,-1,-1,2,0,2,0,2,0,0,0,0,2,0,0,2,0,0,2,2
117,10089.779,-5763.074,-130.273,12.342,0.975320,-0.213659,-0.055684,0.214834,0.976520,0.015969,0.050964,-0.027537,0.998321,0,0.03417,-0.49787,2.050,-0.996,-1,375.000,-1,375.000,-1,300.000,300.000,300.000,325.000,-1,475.000,500.000,-1,725.000,700.000,-1,-1,2,0,2,0,2,0,0,0,0,2,0,0,2,0,0,2,2
118,10087.083,-5763.616,-130.404,11.346,0.978895,-0.196665,-0.055571,0.197813,0.980110,0.015922,0.051335,-0.026579,0.998328,0,-0.04583,-0.49778,-2.750,-0.996,-1,375.000,-1,375.000,-1,300.000,300.000,300.000,325.000,-1,475.000,500.000,-1,725.000,700.000,-1,-1,2,0,2,0,2,0,0,0,0,2,0,0,2,0,0,2,2
119,10089.099,-5763.239,-130.281,10.590,0.981403,-0.183727,-0.055604,0.184856,0.982638,0.015859,0.051725,-0.025843,0.998327,0,0.03417,-0.37778,2.050,-0.756,-1,375.000,-1,375.000,-1,300.000,300.000,300.000,325.000,-1,475.000,500.000,-1,725.000,700.000,-1,-1,2,0,2,0,2,0,0,0,0,2,0,0,2,0,0,2,2
120,10095.844,-5762.041,-129.901,10.075,0.983008,-0.174880,-0.055783,0.175999,0.984264,0.015784,0.052145,-0.025334,0.998318,0,0.11417,-0.25778,6.850,-0.516,-1,375.000,-1,375.000,-1,300.000,300.000,300.000,325.000,-1,475.000,500.000,-1,725.000,700.000,-1,-1,2,0,2,0,2,0,0,0,0,2,0,0,2,0,0,2,2
121,10107.324,-5760.058,-129.262,9.799,0.983820,-0.170145,-0.056108,0.171262,0.985100,0.015701,0.052601,-0.025056,0.998301,0,0.19417,-0.13778,11.650,-0.276,-1,375.000,-1,375.000,-1,300.000,300.000,300.000,325.000,-1,500.000,500.000,-1,725.000,700.000,-1,-1,2,0,2,0,2,0,0,0,0,2,0,0,2,0,0,2,2
122,10123.536,-5757.268,-128.367,9.764,0.983899,-0.169534,-0.056578,0.170657,0.985207,0.015607,0.053095,-0.025011,0.998276,0,0.27417,-0.01778,16.450,-0.036,-1,375.000,-1,375.000,-1,300.000,300.000,300.000,325.000,-1,500.000,525.000,-1,725.000,725.000,-1,-1,2,0,2,0,2,0,0,0,0,2,0,0,2,0,0,2,2
123,10144.465,-5753.590,-127.215,9.968,0.983252,-0.173047,-0.057190,0.174184,0.984591,0.015499,0.053627,-0.025201,0.998243,0,0.35417,0.10222,21.250,0.204,-1,375.000,-1,375.000,-1,325.000,325.000,300.000,300.000,-1,500.000,525.000,-1,725.000,725.000,-1,-1,2,0,2,0,2,0,0,0,0,2,0,0,2,0,0,2,2
124,10170.087,-5748.882,-125.812,10.413,0.981834,-0.180677,-0.057941,0.181837,0.983209,0.015370,0.054191,-0.025627,0.998202,0,0.43417,0.22222,26.050,0.444,-1,375.000,-1,375.000,-1,325.000,325.000,300.000,300.000,-1,525.000,525.000,-1,725.000,725.000,-1,-1,2,0,2,0,2,0,0,0,0,2,0,0,2,0,0,2,2
125,10200.383,-5743.061,-124.157,10.874,0.980293,-0.188590,-0.058824,0.189775,0.981710,0.015207,0.054881,-0.026070,0.998153,0,0.51417,0.23079,30.850,0.462,-1,375.000,-1,375.000,-1,325.000,325.000,300.000,300.000,-1,525.000,550.000,-1,725.000,725.000,-1,-1,2,0,2,0,2,0,0,0,0,2,0,0,2,0,0,2,2
126,10235.338,-5736.053,-122.252,11.338,0.978672,-0.196521,-0.059838,0.197733,0.980141,0.015009,0.055700,-0.026520,0.998095,0,0.59417,0.23169,35.650,0.463,-1,375.000,-1,375.000,-1,325.000,325.000,325.000,300.000,-1,550.000,550.000,-1,725.000,725.000,-1,-1,2,0,2,0,2,0,0,0,0,2,0,0,2,0,0,2,2
127,10274.933,-5727.779,-120.099,11.803,0.976971,-0.204472,-0.060980,0.205715,0.978500,0.014777,0.056648,-0.026981,0.998030,0,0.67417,0.23268,40.450,0.465,-1,400.000,-1,375.000,-1,325.000,325.000,300.000,300.000,-1,550.000,575.000,-1,750.000,725.000,-1,-1,2,0,2,0,2,0,0,0,0,2,0,0,2,0,0,2,2
128,10316.994,-5718.631,-117.820,12.270,0.975192,-0.212447,-0.062189,0.213721,0.976787,0.014526,0.057659,-0.027456,0.997959,0,0.71740,0.23375,43.044,0.468,-1,400.000,-1,375.000,-1,325.000,325.000,300.000,300.000,-1,575.000,600.000,-1,750.000,725.000,-1,-1,2,0,2,0,2,0,0,0,0,2,0,0,2,0,0,2,2
129,10358.979,-5709.138,-115.552,12.740,0.973338,-0.220443,-0.063390,0.221748,0.974999,0.014269,0.058660,-0.027945,0.997887,0,0.71741,0.23482,43.044,0.470,-1,400.000,-1,375.000,-1,325.000,325.000,300.000,300.000,-1,575.000,600.000,-1,750.000,725.000,-1,-1,2,0,2,0,2,0,0,0,0,2,0,0,2,0,0,2,2
130,10400.882,-5699.301,-113.296,13.212,0.971409,-0.228457,-0.064585,0.229795,0.973138,0.014008,0.059650,-0.028449,0.997814,0,0.71738,0.23579,43.043,0.472,-1,400.000,-1,375.000,-1,325.000,325.000,300.000,300.000,-1,600.000,625.000,-1,750.000,725.000,-1,-1,2,0,2,0,2,0,0,0,0,2,0,0,2,0,0,2,2
131,10442.700,-5689.118,-110.933,13.685,0.969423,-0.236483,-0.065537,0.237878,0.971191,0.014254,0.060278,-0.029408,0.997748,0,0.71733,0.23669,43.040,0.473,-1,400.000,-1,375.000,-1,325.000,325.000,300.000,300.000,-1,600.000,625.000,-1,750.000,750.000,-1,-1,2,0,2,0,2,0,0,0,0,2,0,0,2,0,0,2,2
132,10484.427,-5678.590,-108.445,14.160,0.967372,-0.244515,-0.066361,0.245998,0.969153,0.015055,0.060633,-0.030888,0.997682,0,0.71725,0.23751,43.035,0.475,-1,400.000,-1,375.000,-1,325.000,325.000,300.000,300.000,-1,600.000,625.000,-1,750.000,750.000,-1,-1,2,0,2,0,2,0,0,0,0,2,0,0,2,0,0,2,2
133,10526.060,-5667.717,-105.966,14.637,0.965245,-0.252554,-0.067216,0.254129,0.967040,0.015871,0.060993,-0.032401,0.997612,0,0.71714,0.23824,43.029,0.476,-1,400.000,-1,375.000,-1,325.000,325.000,300.000,300.000,-1,600.000,625.000,-1,750.000,750.000,-1,-1,2,0,2,0,2,0,0,0,0,2,0,0,2,0,0,2,2
134,10567.874,-5656.421,-103.381,15.116,0.963065,-0.260627,-0.067671,0.262263,0.964857,0.016385,0.061023,-0.033527,0.997573,0,0.72188,0.23969,43.313,0.479,-1,400.000,-1,375.000,-1,325.000,325.000,300.000,300.000,-1,625.000,650.000,-1,750.000,750.000,-1,-1,2,0,2,0,2,0,0,0,0,2,0,0,2,0,0,2,2
135,10609.630,-5644.762,-100.693,15.601,0.960811,-0.268778,-0.067827,0.270442,0.962595,0.016513,0.060852,-0.034209,0.997560,0,0.72256,0.24248,43.354,0.485,-1,400.000,-1,375.000,-1,325.000,325.000,300.000,300.000,-1,675.000,700.000,-1,775.000,750.000,-1,-1,2,0,2,0,2,0,0,0,0,2,0,0,2,0,0,2,2
136,10651.320,-5632.735,-98.003,16.091,0.958459,-0.277003,-0.068017,0.278694,0.960236,0.016598,0.060714,-0.034865,0.997546,0,0.72317,0.24526,43.390,0.491,-1,400.000,-1,375.000,-1,325.000,325.000,300.000,300.000,-1,700.000,750.000,-1,775.000,750.000,-1,-1,2,0,2,0,2,0,0,0,0,2,0,0,2,0,0,2,2
