timestep,x_cm,y_cm,z_cm,yaw_deg,basis_xx,basis_xy,basis_xz,basis_yx,basis_yy,basis_yz,basis_zx,basis_zy,basis_zz,teleport_flag,throttle_cmd,steering_cmd,cmd_move_cm,cmd_turn_deg,lidar_cm_0,lidar_cm_1,lidar_cm_2,lidar_cm_3,lidar_cm_4,lidar_cm_5,lidar_cm_6,lidar_cm_7,lidar_cm_8,lidar_cm_9,lidar_cm_10,lidar_cm_11,lidar_cm_12,lidar_cm_13,lidar_cm_14,lidar_cm_15,lidar_cm_16,lidar_class_0,lidar_class_1,lidar_class_2,lidar_class_3,lidar_class_4,lidar_class_5,lidar_class_6,lidar_class_7,lidar_class_8,lidar_class_9,lidar_class_10,lidar_class_11,lidar_class_12,lidar_class_13,lidar_class_14,lidar_class_15,lidar_class_16
0,4923.658,8857.471,-195.755,29.579,0.868244,-0.492708,0.058232,0.495082,0.868060,-0.036960,-0.032339,0.060920,0.997619,1,0.08000,-0.03966,4.800,-0.079,-1,400.000,-1,400.000,-1,325.000,325.000,300.000,300.000,-1,-1,-1,-1,750.000,800.000,-1,-1,2,0,2,0,2,0,0,0,0,2,2,2,2,0,0,2,2
1,4932.014,8862.198,-196.073,29.500,0.868910,-0.491507,0.058447,0.493891,0.868744,-0.036835,-0.032670,0.060873,0.997611,0,0.16000,-0.03966,9.600,-0.079,-1,400.000,-1,400.000,-1,325.000,325.000,300.000,300.000,-1,-1,-1,-1,750.000,800.000,-1,-1,2,0,2,0,2,0,0,0,0,2,2,2,2,0,0,2,2
2,4944.557,8869.271,-196.551,29.420,0.869567,-0.490306,0.058766,0.492703,0.869426,-0.036647,-0.033125,0.060821,0.997599,0,0.24000,-0.03966,14.400,-0.079,-1,400.000,-1,400.000,-1,325.000,325.000,300.000,300.000,-1,-1,-1,-1,750.000,800.000,-1,-1,2,0,2,0,2,0,0,0,0,2,2,2,2,0,0,2,2
3,4961.294,8878.679,-197.190,29.341,0.870215,-0.489103,0.059189,0.491518,0.870107,-0.036390,-0.033702,0.060760,0.997583,0,0.32000,-0.03966,19.200,-0.079,-1,400.000,-1,400.000,-1,325.000,325.000,300.000,300.000,-1,-1,-1,-1,750.000,800.000,-1,-1,2,0,2,0,2,0,0,0,0,2,2,2,2,0,0,2,2
4,4982.231,8890.411,-197.990,29.262,0.870854,-0.487901,0.059716,0.490336,0.870787,-0.036061,-0.034406,0.060684,0.997564,0,0.40000,-0.03966,24.000,-0.079,-1,400.000,-1,400.000,-1,325.000,325.000,300.000,300.000,-1,-1,-1,-1,725.000,800.000,-1,-1,2,0,2,0,2,0,0,0,0,2,2,2,2,0,0,2,2
5,5007.376,8904.453,-198.954,29.183,0.871484,-0.486698,0.060343,0.489157,0.871467,-0.035652,-0.035236,0.060587,0.997541,0,0.48000,-0.03966,28.800,-0.079,-1,400.000,-1,400.000,-1,325.000,325.000,300.000,300.000,-1,-1,-1,-1,725.000,800.000,-1,-1,2,0,2,0,2,0,0,0,0,2,2,2,2,0,0,2,2
6,5036.734,8920.796,-200.094,29.103,0.872101,-0.485493,0.061122,0.487983,0.872144,-0.035177,-0.036229,0.060504,0.997510,0,0.56000,-0.03966,33.600,-0.079,-1,400.000,-1,400.000,-1,325.000,325.000,300.000,300.000,-1,-1,-1,-1,725.000,800.000,-1,-1,2,0,2,0,2,0,0,0,0,2,2,2,2,0,0,2,2
7,5070.312,8939.426,-201.415,29.024,0.872705,-0.484288,0.062062,0.486814,0.872819,-0.034632,-0.037397,0.060436,0.997471,0,0.64000,-0.03966,38.400,-0.079,-1,400.000,-1,400.000,-1,325.000,325.000,300.000,300.000,-1,-1,-1,-1,725.000,800.000,-1,-1,2,0,2,0,2,0,0,0,0,2,2,2,2,0,0,2,2
8,5108.116,8960.333,-203.040,28.945,0.873310,-0.483068,0.063045,0.485652,0.873468,-0.034577,-0.038365,0.060815,0.997412,0,0.72000,-0.03966,43.200,-0.079,-1,400.000,-1,400.000,-1,325.000,325.000,300.000,300.000,-1,-1,-1,-1,700.000,775.000,-1,-1,2,0,2,0,2,0,0,0,0,2,2,2,2,0,0,2,2
9,5147.130,8981.840,-204.777,28.865,0.873914,-0.481842,0.064048,0.484492,0.874107,-0.034715,-0.039257,0.061368,0.997343,0,0.74248,-0.03966,44.549,-0.079,-1,400.000,-1,400.000,-1,325.000,325.000,300.000,300.000,-1,-1,-1,-1,700.000,775.000,-1,-1,2,0,2,0,2,0,0,0,0,2,2,2,2,0,0,2,2
10,5186.173,9003.292,-206.536,28.786,0.874511,-0.480615,0.065114,0.483335,0.874742,-0.034839,-0.040214,0.061939,0.997269,0,0.74248,-0.03966,44.549,-0.079,-1,400.000,-1,400.000,-1,325.000,325.000,300.000,300.000,-1,-1,-1,-1,675.000,775.000,-1,-1,2,0,2,0,2,0,0,0,0,2,2,2,2,0,0,2,2
11,5225.246,9024.690,-208.317,28.707,0.875101,-0.479386,0.066244,0.482181,0.875374,-0.034949,-0.041235,0.062526,0.997191,0,0.74248,-0.03966,44.549,-0.079,1000.000,400.000,-1,400.000,-1,325.000,325.000,300.000,300.000,-1,-1,-1,-1,675.000,750.000,-1,-1,0,0,2,0,2,0,0,0,0,2,2,2,2,0,0,2,2
12,5264.349,9046.034,-210.100,28.627,0.875688,-0.478157,0.067354,0.481025,0.876008,-0.035011,-0.042262,0.063058,0.997115,0,0.74248,-0.03966,44.549,-0.079,975.000,400.000,-1,400.000,-1,325.000,325.000,300.000,300.000,-1,-1,-1,-1,675.000,750.000,-1,-1,0,0,2,0,2,0,0,0,0,2,2,2,2,0,0,2,2
13,5303.481,9067.324,-211.886,28.548,0.876272,-0.476930,0.068443,0.479867,0.876642,-0.035025,-0.043296,0.063535,0.997040,0,0.74248,-0.03966,44.549,-0.079,950.000,375.000,-1,400.000,-1,325.000,325.000,300.000,300.000,-1,-1,-1,-1,650.000,725.000,-1,-1,0,0,2,0,2,0,0,0,0,2,2,2,2,0,0,2,2
14,5342.643,9088.559,-213.736,28.469,0.876874,-0.475711,0.069216,0.478689,0.877292,-0.034865,-0.044137,0.063705,0.996992,0,0.74248,-0.03966,44.549,-0.079,900.000,375.000,-1,400.000,-1,325.000,325.000,300.000,300.000,-1,-1,-1,-1,650.000,700.000,-1,-1,0,0,2,0,2,0,0,0,0,2,2,2,2,0,0,2,2
15,5381.834,9109.740,-215.717,28.389,0.877514,-0.474508,0.069366,0.477475,0.877972,-0.034400,-0.044578,0.063307,0.996998,0,0.74248,-0.03966,44.549,-0.079,875.000,375.000,-1,400.000,-1,325.000,325.000,275.000,300.000,-1,-1,-1,-1,625.000,700.000,-1,-1,0,0,2,0,2,0,0,0,0,2,2,2,2,0,0,2,2
16,5421.055,9130.867,-217.501,28.310,0.878183,-0.473281,0.069282,0.476266,0.878608,-0.034926,-0.044342,0.063668,0.996986,0,0.74248,-0.03966,44.549,-0.079,850.000,375.000,-1,400.000,-1,325.000,325.000,275.000,300.000,-1,-1,-1,-1,625.000,700.000,-1,-1,0,0,2,0,2,0,0,0,0,2,2,2,2,0,0,2,2
17,5460.304,9151.941,-219.030,28.231,0.878889,-0.472023,0.068904,0.475062,0.879185,-0.036744,-0.043235,0.065027,0.996946,0,0.74248,-0.03966,44.549,-0.079,850.000,375.000,-1,400.000,-1,325.000,325.000,275.000,300.000,-1,-1,-1,-1,625.000,675.000,1000.000,-1,0,0,2,0,2,0,0,0,0,2,2,2,2,0,0,0,2
18,5499.582,9172.960,-220.560,28.151,0.879597,-0.470765,0.068474,0.473852,0.879761,-0.038529,-0.042103,0.066336,0.996909,0,0.74248,-0.03966,44.549,-0.079,850.000,375.000,-1,400.000,-1,325.000,325.000,275.000,300.000,-1,-1,-1,-1,625.000,675.000,975.000,-1,0,0,2,0,2,0,0,0,0,2,2,2,2,0,0,0,2
19,5538.889,9193.925,-222.092,28.072,0.880307,-0.469507,0.067992,0.472634,0.880338,-0.040281,-0.040944,0.067595,0.996872,0,0.74248,-0.03966,44.549,-0.079,850.000,375.000,-1,400.000,-1,325.000,325.000,275.000,300.000,-1,-1,-1,-1,625.000,675.000,975.000,-1,0,0,2,0,2,0,0,0,0,2,2,2,2,0,0,0,2
20,5578.225,9214.835,-223.626,27.993,0.881018,-0.468249,0.067459,0.471410,0.880914,-0.042001,-0.039759,0.068804,0.996838,0,0.74248,-0.03966,44.549,-0.079,850.000,375.000,-1,400.000,-1,325.000,325.000,275.000,300.000,-1,-1,-1,-1,625.000,675.000,950.000,-1,0,0,2,0,2,0,0,0,0,2,2,2,2,0,0,0,2
21,5617.590,9235.691,-225.179,27.914,0.881732,-0.466989,0.066859,0.470178,0.881486,-0.043770,-0.038495,0.070029,0.996802,0,0.74248,-0.03966,44.549,-0.079,850.000,375.000,-1,400.000,-1,325.000,325.000,275.000,300.000,-1,-1,-1,-1,625.000,675.000,925.000,-1,0,0,2,0,2,0,0,0,0,2,2,2,2,0,0,0,2
22,5656.984,9256.492,-226.749,27.834,0.882449,-0.465728,0.066193,0.468938,0.882054,-0.045578,-0.037159,0.071261,0.996765,0,0.74248,-0.03966,44.549,-0.079,850.000,375.000,-1,375.000,-1,325.000,325.000,275.000,300.000,-1,-1,-1,-1,625.000,650.000,925.000,-1,0,0,2,0,2,0,0,0,0,2,2,2,2,0,0,0,2
23,5696.406,9277.239,-228.330,27.755,0.883168,-0.464466,0.065469,0.467691,0.882621,-0.047392,-0.035772,0.072474,0.996729,0,0.74248,-0.03966,44.549,-0.079,850.000,375.000,-1,375.000,1000.000,325.000,325.000,275.000,300.000,-1,-1,-1,-1,625.000,650.000,900.000,-1,0,0,2,0,0,0,0,0,0,2,2,2,2,0,0,0,2
24,5735.858,9297.932,-229.920,27.676,0.883888,-0.463203,0.064686,0.466436,0.883185,-0.049211,-0.034335,0.073669,0.996692,0,0.74248,-0.03966,44.549,-0.079,825.000,375.000,-1,375.000,950.000,325.000,325.000,275.000,300.000,-1,-1,-1,-1,600.000,650.000,875.000,1000.000,0,0,2,0,0,0,0,0,0,2,2,2,2,0,0,0,0
25,5779.495,9320.976,-231.684,27.836,0.882682,-0.465622,0.063786,0.468859,0.881777,-0.051394,-0.032315,0.075272,0.996639,0,0.82248,0.08034,49.349,0.161,800.000,375.000,-1,375.000,925.000,300.000,325.000,275.000,300.000,-1,-1,-1,-1,600.000,650.000,875.000,975.000,0,0,2,0,0,0,0,0,0,2,2,2,2,0,0,0,0
26,5826.587,9346.268,-233.553,28.237,0.879514,-0.471708,0.062813,0.474939,0.878371,-0.053827,-0.029783,0.077174,0.996573,0,0.89091,0.20034,53.455,0.401,800.000,350.000,-1,375.000,900.000,300.000,300.000,275.000,300.000,-1,-1,725.000,-1,600.000,650.000,850.000,950.000,0,0,2,0,0,0,0,0,0,2,2,0,2,0,0,0,0
27,5873.394,9372.084,-234.697,28.878,0.874450,-0.481515,0.059004,0.484474,0.873067,-0.055134,-0.024967,0.076798,0.996734,0,0.89091,0.32034,53.455,0.641,775.000,350.000,-1,375.000,900.000,300.000,300.000,275.000,300.000,-1,600.000,525.000,-1,600.000,650.000,825.000,950.000,0,0,2,0,0,0,0,0,0,2,0,0,2,0,0,0,0
28,5919.798,9398.616,-235.734,29.758,0.867206,-0.494889,0.055135,0.497560,0.865583,-0.056579,-0.019724,0.076498,0.996875,0,0.89091,0.44034,53.455,0.881,775.000,350.000,-1,375.000,900.000,300.000,300.000,275.000,300.000,-1,475.000,400.000,-1,600.000,650.000,825.000,950.000,0,0,2,0,0,0,0,0,0,2,0,0,2,0,0,0,0
29,5965.743,9425.936,-236.703,30.736,0.858882,-0.509592,0.051357,0.511972,0.857027,-0.058219,-0.014347,0.076297,0.996982,0,0.89091,0.48877,53.455,0.978,750.000,350.000,-1,375.000,900.000,300.000,300.000,275.000,300.000,-1,400.000,350.000,-1,600.000,650.000,825.000,925.000,0,0,2,0,0,0,0,0,0,2,0,0,2,0,0,0,0
30,6011.214,9454.036,-237.472,31.713,0.850270,-0.524124,0.048329,0.526263,0.848184,-0.060261,-0.009408,0.076672,0.997012,0,0.89091,0.48877,53.455,0.978,750.000,350.000,-1,375.000,900.000,300.000,300.000,275.000,300.000,-1,350.000,300.000,-1,600.000,625.000,800.000,925.000,0,0,2,0,0,0,0,0,0,2,0,0,2,0,0,0,0
31,6056.200,9482.909,-237.816,32.691,0.841343,-0.538440,0.047161,0.540473,0.838997,-0.063030,-0.005630,0.078519,0.996897,0,0.89091,0.48877,53.455,0.978,750.000,350.000,-1,375.000,875.000,300.000,300.000,275.000,300.000,-1,350.000,300.000,-1,600.000,625.000,800.000,875.000,0,0,2,0,0,0,0,0,0,2,0,0,2,0,0,0,0
32,6100.686,9512.546,-238.078,33.669,0.832172,-0.552590,0.046201,0.554515,0.829561,-0.065898,-0.001912,0.080458,0.996756,0,0.89091,0.48877,53.455,0.978,725.000,350.000,-1,350.000,850.000,300.000,300.000,275.000,300.000,-1,375.000,300.000,-1,600.000,600.000,775.000,850.000,0,0,2,0,0,0,0,0,0,2,0,0,2,0,0,0,0
33,6144.659,9542.937,-237.705,34.646,0.822839,-0.566552,0.044219,0.568264,0.819852,-0.070124,0.003476,0.082829,0.996558,0,0.89091,0.48877,53.455,0.978,750.000,350.000,-1,350.000,825.000,300.000,300.000,275.000,300.000,-1,350.000,300.000,-1,600.000,600.000,800.000,825.000,0,0,2,0,0,0,0,0,0,2,0,0,2,0,0,0,0
34,6188.108,9574.074,-236.777,35.624,0.813322,-0.580384,0.040766,0.581724,0.809966,-0.074511,0.010226,0.084316,0.996387,0,0.89091,0.48877,53.455,0.978,775.000,350.000,-1,350.000,825.000,300.000,300.000,275.000,275.000,-1,350.000,275.000,-1,600.000,600.000,825.000,850.000,0,0,2,0,0,0,0,0,0,2,0,0,2,0,0,0,0
35,6231.019,9605.948,-235.771,36.601,0.803557,-0.594042,0.037541,0.594988,0.799844,-0.078985,0.016893,0.085805,0.996169,0,0.89091,0.48877,53.455,0.978,800.000,375.000,-1,375.000,825.000,300.000,300.000,300.000,275.000,-1,325.000,275.000,-1,600.000,600.000,850.000,850.000,0,0,2,0,0,0,0,0,0,2,0,0,2,0,0,0,0
36,6273.380,9638.550,-234.685,37.579,0.793551,-0.607523,0.034547,0.608051,0.789491,-0.083534,0.023474,0.087295,0.995906,0,0.89091,0.48877,53.455,0.978,850.000,375.000,-1,375.000,825.000,300.000,300.000,300.000,275.000,-1,325.000,275.000,-1,600.000,600.000,900.000,875.000,0,0,2,0,0,0,0,0,0,2,0,0,2,0,0,0,0
37,6315.179,9671.869,-233.520,38.556,0.783307,-0.620821,0.031788,0.620912,0.778908,-0.088148,0.029964,0.088784,0.995600,0,0.89091,0.48877,53.455,0.978,875.000,375.000,-1,375.000,825.000,300.000,300.000,300.000,275.000,-1,300.000,250.000,-1,625.000,600.000,950.000,875.000,0,0,2,0,0,0,0,0,0,2,0,0,2,0,0,0,0
38,6356.405,9705.895,-231.770,39.534,0.772748,-0.634040,0.029233,0.633753,0.768228,-0.090461,0.034898,0.088430,0.995471,0,0.89091,0.48877,53.455,0.978,900.000,375.000,-1,350.000,825.000,300.000,300.000,300.000,275.000,-1,325.000,275.000,-1,625.000,600.000,950.000,900.000,0,0,2,0,0,0,0,0,0,2,0,0,2,0,0,0,0
39,6397.045,9740.618,-229.760,40.511,0.761923,-0.647112,0.026807,0.646479,0.757367,-0.091979,0.039218,0.087411,0.995400,0,0.89091,0.48877,53.455,0.978,900.000,350.000,-1,350.000,825.000,300.000,300.000,300.000,300.000,-1,350.000,300.000,-1,600.000,600.000,925.000,900.000,0,0,2,0,0,0,0,0,0,2,0,0,2,0,0,0,0
40,6437.085,9776.032,-227.357,41.489,0.750938,-0.659914,0.024599,0.658865,0.746188,-0.095392,0.044595,0.087841,0.995136,0,0.89091,0.48877,53.455,0.978,925.000,350.000,-1,350.000,825.000,300.000,300.000,300.000,300.000,-1,350.000,325.000,-1,600.000,600.000,975.000,925.000,0,0,2,0,0,0,0,0,0,2,0,0,2,0,0,0,0
41,6476.515,9812.124,-224.761,42.466,0.739765,-0.672484,0.022638,0.670976,0.734751,-0.099659,0.050386,0.088914,0.994764,0,0.89091,0.48877,53.455,0.978,1000.000,375.000,-1,350.000,800.000,300.000,300.000,300.000,300.000,-1,375.000,325.000,-1,600.000,600.000,-1,925.000,0,0,2,0,0,0,0,0,0,2,0,0,2,0,0,2,0
42,6515.325,9848.882,-221.607,43.444,0.728344,-0.684959,0.018602,0.682782,0.723211,-0.103801,0.057646,0.088304,0.994424,0,0.89091,0.48877,53.455,0.978,-1,375.000,-1,375.000,850.000,300.000,300.000,300.000,300.000,-1,375.000,325.000,-1,625.000,600.000,-1,950.000,2,0,2,0,0,0,0,0,0,2,0,0,2,0,0,2,0
43,6553.502,9886.297,-218.322,44.422,0.716689,-0.697242,0.014495,0.694347,0.711465,-0.108164,0.065104,0.087585,0.994027,0,0.89091,0.48877,53.455,0.978,-1,375.000,-1,375.000,875.000,300.000,300.000,300.000,300.000,-1,375.000,350.000,-1,625.000,625.000,-1,1000.000,2,0,2,0,0,0,0,0,0,2,0,0,2,0,0,2,0
44,6591.036,9924.358,-214.770,45.399,0.704766,-0.709361,0.010607,0.705791,0.699547,-0.111775,0.071869,0.086261,0.993677,0,0.89091,0.48877,53.455,0.978,-1,375.000,-1,375.000,950.000,300.000,300.000,300.000,300.000,-1,375.000,350.000,-1,650.000,625.000,-1,-1,2,0,2,0,0,0,0,0,0,2,0,0,2,0,0,2,2
45,6627.917,9963.052,-210.770,46.377,0.692535,-0.721352,0.006780,0.717216,0.687495,-0.113801,0.077429,0.083674,0.993480,0,0.89091,0.48877,53.455,0.978,-1,375.000,-1,375.000,975.000,300.000,300.000,300.000,300.000,-1,375.000,375.000,-1,650.000,625.000,-1,-1,2,0,2,0,0,0,0,0,0,2,0,0,2,0,0,2,2
46,6664.131,10002.370,-206.517,47.354,0.680135,-0.733075,0.004236,0.728458,0.675180,-0.116111,0.082258,0.082057,0.993227,0,0.89091,0.48877,53.455,0.978,-1,375.000,-1,375.000,-1,300.000,300.000,300.000,275.000,-1,375.000,400.000,-1,650.000,650.000,-1,-1,2,0,2,0,2,0,0,0,0,2,0,0,2,0,0,2,2
47,6699.668,10042.301,-201.997,48.332,0.667589,-0.744523,0.003058,0.739510,0.662607,-0.118646,0.086309,0.081468,0.992932,0,0.89091,0.48877,53.455,0.978,-1,375.000,-1,375.000,-1,300.000,300.000,300.000,275.000,-1,400.000,425.000,-1,650.000,650.000,-1,-1,2,0,2,0,2,0,0,0,0,2,0,0,2,0,0,2,2
48,6734.519,10082.832,-197.405,49.309,0.654850,-0.755757,0.001920,0.750331,0.649840,-0.121291,0.090419,0.080868,0.992615,0,0.89091,0.48877,53.455,0.978,-1,375.000,-1,350.000,-1,300.000,300.000,300.000,275.000,-1,425.000,425.000,-1,650.000,650.000,-1,-1,2,0,2,0,2,0,0,0,0,2,0,0,2,0,0,2,2
49,6768.675,10123.951,-192.157,50.287,0.641760,-0.766903,-0.001938,0.760833,0.636993,-0.123990,0.096323,0.078097,0.992282,0,0.89091,0.48877,53.455,0.978,-1,375.000,-1,375.000,-1,300.000,300.000,300.000,275.000,-1,425.000,400.000,-1,675.000,650.000,-1,-1,2,0,2,0,2,0,0,0,0,2,0,0,2,0,0,2,2
50,6802.125,10165.647,-186.879,51.264,0.628466,-0.777817,-0.005551,0.771099,0.623944,-0.126889,0.102160,0.075465,0.991901,0,0.89091,0.48877,53.455,0.978,-1,375.000,-1,375.000,-1,300.000,300.000,275.000,275.000,-1,350.000,325.000,-1,700.000,675.000,-1,-1,2,0,2,0,2,0,0,0,0,2,0,0,2,0,0,2,2
51,6834.858,10207.908,-181.573,52.242,0.614976,-0.788496,-0.008913,0.781125,0.610696,-0.129976,0.107929,0.072970,0.991477,0,0.89091,0.48877,53.455,0.978,-1,375.000,-1,375.000,-1,300.000,300.000,275.000,275.000,-1,300.000,300.000,-1,725.000,700.000,-1,-1,2,0,2,0,2,0,0,0,0,2,0,0,2,0,0,2,2
52,6866.866,10250.721,-176.239,53.219,0.601296,-0.798936,-0.012020,0.790905,0.597257,-0.133241,0.113630,0.070610,0.991011,0,0.89091,0.48877,53.455,0.978,-1,375.000,-1,375.000,-1,325.000,325.000,275.000,275.000,-1,250.000,250.000,1000.000,725.000,725.000,-1,-1,2,0,2,0,2,0,0,0,0,2,0,0,0,0,0,2,2
53,6898.138,10294.074,-170.207,54.197,0.587470,-0.809131,-0.013624,0.800708,0.583628,-0.135077,0.117246,0.068445,0.990742,0,0.89091,0.48877,53.455,0.978,-1,375.000,-1,375.000,-1,325.000,325.000,275.000,275.000,-1,275.000,275.000,1000.000,750.000,750.000,-1,-1,2,0,2,0,2,0,0,0,0,2,0,0,0,0,0,2,2
54,6928.666,10337.953,-163.731,55.175,0.573489,-0.819085,-0.014481,0.810404,0.569819,-0.136207,0.119817,0.066378,0.990575,0,0.89091,0.48877,53.455,0.978,-1,375.000,-1,375.000,-1,325.000,325.000,275.000,300.000,-1,300.000,300.000,1000.000,750.000,750.000,-1,-1,2,0,2,0,2,0,0,0,0,2,0,0,0,0,0,2,2
55,6955.598,10378.474,-157.693,56.392,0.555898,-0.831117,-0.014913,0.822124,0.552358,-0.137889,0.122839,0.064392,0.990335,0,0.81091,0.60877,48.655,1.218,-1,400.000,-1,400.000,-1,325.000,325.000,275.000,300.000,-1,325.000,350.000,-1,775.000,775.000,-1,-1,2,0,2,0,2,0,0,0,0,2,0,0,2,0,0,2,2
56,6978.936,10415.603,-152.241,57.850,0.534496,-0.845035,-0.015161,0.835752,0.531125,-0.139376,0.125829,0.061825,0.990124,0,0.73091,0.72877,43.855,1.458,-1,400.000,-1,400.000,-1,325.000,325.000,275.000,300.000,-1,350.000,375.000,-1,775.000,800.000,-1,-1,2,0,2,0,2,0,0,0,0,2,0,0,2,0,0,2,2
57,6998.749,10449.258,-147.378,59.518,0.509552,-0.860305,-0.015260,0.850755,0.506391,-0.140656,0.128734,0.058689,0.989941,0,0.65091,0.83426,39.055,1.669,-1,400.000,-1,400.000,-1,325.000,325.000,275.000,300.000,-1,375.000,375.000,-1,800.000,825.000,-1,-1,2,0,2,0,2,0,0,0,0,2,0,0,2,0,0,2,2
58,7015.260,10479.270,-143.095,61.187,0.484168,-0.874843,-0.015194,0.865055,0.481213,-0.141824,0.131385,0.055523,0.989775,0,0.57091,0.83426,34.255,1.669,-1,400.000,-1,400.000,-1,325.000,325.000,275.000,300.000,-1,400.000,400.000,-1,825.000,850.000,-1,-1,2,0,2,0,2,0,0,0,0,2,0,0,2,0,0,2,2
59,7028.700,10505.479,-139.397,62.855,0.458361,-0.888639,-0.015015,0.878637,0.455616,-0.142867,0.133798,0.052291,0.989628,0,0.49091,0.83426,29.455,1.669,-1,400.000,-1,400.000,-1,325.000,325.000,275.000,300.000,-1,400.000,425.000,-1,825.000,875.000,-1,-1,2,0,2,0,2,0,0,0,0,2,0,0,2,0,0,2,2
60,7039.307,10527.735,-136.291,64.524,0.432149,-0.901681,-0.014777,0.891491,0.429621,-0.143771,0.135984,0.048957,0.989501,0,0.41091,0.83426,24.655,1.669,-1,400.000,-1,400.000,-1,325.000,325.000,275.000,300.000,-1,425.000,425.000,-1,825.000,875.000,-1,-1,2,0,2,0,2,0,0,0,0,2,0,0,2,0,0,2,2
61,7047.324,10545.899,-133.786,66.192,0.405547,-0.913959,-0.014528,0.903605,0.403251,-0.144525,0.137948,0.045484,0.989395,0,0.33091,0.83426,19.855,1.669,-1,400.000,-1,400.000,-1,325.000,325.000,275.000,300.000,-1,425.000,450.000,-1,850.000,900.000,-1,-1,2,0,2,0,2,0,0,0,0,2,0,0,2,0,0,2,2
62,7053.000,10559.843,-131.832,67.861,0.378549,-0.925468,-0.014449,0.915004,0.376531,-0.144889,0.139531,0.041627,0.989342,0,0.25091,0.83426,15.055,1.669,-1,400.000,-1,400.000,-1,325.000,325.000,275.000,300.000,-1,425.000,450.000,-1,850.000,900.000,-1,-1,2,0,2,0,2,0,0,0,0,2,0,0,2,0,0,2,2
63,7056.589,10569.448,-130.375,69.529,0.351142,-0.936206,-0.014757,0.925713,0.349487,-0.144620,0.140552,0.037121,0.989377,0,0.17091,0.83426,10.255,1.669,-1,400.000,-1,400.000,-1,325.000,325.000,275.000,300.000,-1,450.000,475.000,-1,825.000,925.000,-1,-1,2,0,2,0,2,0,0,0,0,2,0,0,2,0,0,2,2
64,7058.349,10574.610,-129.604,71.198,0.323422,-0.946134,-0.015091,0.935615,0.322130,-0.144420,0.141502,0.032589,0.989401,0,0.09091,0.83426,5.455,1.669,-1,400.000,-1,425.000,-1,325.000,325.000,275.000,300.000,-1,450.000,475.000,-1,825.000,950.000,-1,-1,2,0,2,0,2,0,0,0,0,2,0,0,2,0,0,2,2
65,7058.544,10575.235,-129.527,72.866,0.295408,-0.955246,-0.015474,0.944703,0.294485,-0.144273,0.142373,0.028001,0.989417,0,0.01091,0.83426,0.655,1.669,-1,400.000,-1,425.000,-1,325.000,325.000,275.000,300.000,-1,450.000,500.000,-1,800.000,950.000,-1,-1,2,0,2,0,2,0,0,0,0,2,0,0,2,0,0,2,2
66,7057.441,10571.239,-130.135,74.535,0.267133,-0.963529,-0.015866,0.952958,0.266578,-0.144249,0.143217,0.023414,0.989414,0,-0.06909,0.83426,-4.145,1.669,-1,400.000,-1,425.000,-1,325.000,325.000,275.000,300.000,-1,450.000,475.000,-1,800.000,950.000,-1,-1,2,0,2,0,2,0,0,0,0,2,0,0,2,0,0,2,2
67,7055.960,10565.199,-130.997,76.203,0.238642,-0.970974,-0.016130,0.960353,0.238432,-0.144476,0.144128,0.018988,0.989377,0,-0.10365,0.83426,-6.219,1.669,-1,400.000,-1,425.000,-1,325.000,325.000,275.000,300.000,-1,450.000,450.000,1000.000,775.000,950.000,-1,-1,2,0,2,0,2,0,0,0,0,2,0,0,0,0,0,2,2
68,7054.655,10559.118,-131.874,77.872,0.209938,-0.977577,-0.016386,0.966918,0.210074,-0.144699,0.144896,0.014534,0.989340,0,-0.10365,0.83426,-6.219,1.669,-1,400.000,-1,425.000,-1,325.000,325.000,275.000,300.000,-1,450.000,425.000,1000.000,775.000,950.000,-1,-1,2,0,2,0,2,0,0,0,0,2,0,0,0,0,0,2,2
69,7053.528,10553.003,-132.760,79.541,0.181043,-0.983334,-0.016659,0.972647,0.181531,-0.144929,0.145538,0.010035,0.989302,0,-0.10365,0.83426,-6.219,1.669,-1,400.000,-1,425.000,-1,325.000,325.000,275.000,300.000,-1,450.000,400.000,1000.000,775.000,950.000,-1,-1,2,0,2,0,2,0,0,0,0,2,0,0,0,0,0,2,2
70,7052.578,10546.857,-133.652,81.209,0.151984,-0.988238,-0.016953,0.977532,0.152828,-0.145171,0.146054,0.005491,0.989261,0,-0.10365,0.83426,-6.219,1.669,-1,400.000,-1,425.000,-1,325.000,325.000,275.000,300.000,-1,425.000,375.000,975.000,750.000,950.000,-1,-1,2,0,2,0,2,0,0,0,0,2,0,0,0,0,0,2,2
71,7051.808,10540.686,-134.550,82.878,0.122785,-0.992283,-0.017266,0.981569,0.123990,-0.145428,0.146446,0.000908,0.989218,0,-0.10365,0.83426,-6.219,1.669,-1,400.000,-1,425.000,-1,325.000,325.000,275.000,300.000,-1,425.000,350.000,975.000,750.000,950.000,-1,-1,2,0,2,0,2,0,0,0,0,2,0,0,0,0,0,2,2
72,7051.218,10534.495,-135.454,84.546,0.093475,-0.995466,-0.017598,0.984753,0.095044,-0.145701,0.146713,-0.003710,0.989172,0,-0.10365,0.83426,-6.219,1.669,-1,400.000,-1,425.000,-1,325.000,325.000,275.000,300.000,-1,400.000,325.000,975.000,750.000,950.000,-1,-1,2,0,2,0,2,0,0,0,0,2,0,0,0,0,0,2,2
73,7050.808,10528.289,-136.362,86.215,0.064078,-0.997783,-0.017946,0.987081,0.066017,-0.145992,0.146853,-0.008359,0.989123,0,-0.10365,0.83426,-6.219,1.669,-1,400.000,-1,425.000,-1,325.000,325.000,275.000,300.000,-1,375.000,300.000,950.000,725.000,950.000,-1,-1,2,0,2,0,2,0,0,0,0,2,0,0,0,0,0,2,2
74,7050.579,10522.075,-137.275,87.883,0.034624,-0.999233,-0.018308,0.988550,0.036934,-0.146304,0.146868,-0.013033,0.989070,0,-0.10365,0.83426,-6.219,1.669,-1,400.000,-1,400.000,-1,325.000,325.000,275.000,300.000,-1,350.000,275.000,950.000,725.000,950.000,-1,-1,2,0,2,0,2,0,0,0,0,2,0,0,0,0,0,2,2
75,7050.530,10515.856,-138.192,89.552,0.005138,-0.999812,-0.018684,0.989159,0.007823,-0.146638,0.146757,-0.017728,0.989014,0,-0.10365,0.83426,-6.219,1.669,-1,400.000,-1,400.000,-1,325.000,325.000,275.000,300.000,-1,325.000,275.000,950.000,725.000,925.000,-1,-1,2,0,2,0,2,0,0,0,0,2,0,0,0,0,0,2,2
76,7050.662,10509.639,-139.111,91.220,-0.024353,-0.999522,-0.019070,0.988908,-0.021290,-0.146995,0.146519,-0.022438,0.988953,0,-0.10365,0.83426,-6.219,1.669,-1,375.000,-1,400.000,-1,325.000,325.000,275.000,300.000,-1,300.000,250.000,925.000,700.000,925.000,-1,-1,2,0,2,0,2,0,0,0,0,2,0,0,0,0,0,2,2
77,7050.975,10503.428,-140.034,92.889,-0.053821,-0.998361,-0.019468,0.987797,-0.050378,-0.147375,0.146153,-0.027162,0.988889,0,-0.10365,0.83426,-6.219,1.669,-1,375.000,-1,400.000,-1,325.000,325.000,275.000,300.000,-1,300.000,225.000,925.000,700.000,925.000,-1,-1,2,0,2,0,2,0,0,0,0,2,0,0,0,0,0,2,2
78,7051.468,10497.228,-140.820,94.557,-0.083151,-0.996349,-0.019358,0.985897,-0.079416,-0.147307,0.145232,-0.031334,0.988901,0,-0.10365,0.83426,-6.219,1.669,-1,375.000,-1,400.000,-1,325.000,325.000,275.000,300.000,-1,275.000,225.000,925.000,700.000,900.000,-1,-1,2,0,2,0,2,0,0,0,0,2,0,0,0,0,0,2,2
79,7052.142,10491.046,-141.567,96.226,-0.112378,-0.993481,-0.019131,0.983167,-0.108379,-0.147096,0.144064,-0.035339,0.988937,0,-0.10365,0.83426,-6.219,1.669,-1,375.000,-1,400.000,-1,325.000,325.000,275.000,300.000,-1,275.000,225.000,925.000,700.000,900.000,-1,-1,2,0,2,0,2,0,0,0,0,2,0,0,0,0,0,2,2
80,7052.995,10484.885,-142.317,97.894,-0.141507,-0.989756,-0.018954,0.979586,-0.137240,-0.146891,0.142785,-0.039354,0.988971,0,-0.10365,0.83426,-6.219,1.669,-1,375.000,-1,400.000,-1,325.000,325.000,275.000,300.000,-1,250.000,225.000,925.000,700.000,875.000,-1,-1,2,0,2,0,2,0,0,0,0,2,0,0,0,0,0,2,2
81,7053.223,10483.484,-142.456,99.323,-0.166354,-0.985886,-0.018840,0.975822,-0.161849,-0.146891,0.141768,-0.042820,0.988973,0,-0.02365,0.71426,-1.419,1.429,-1,375.000,-1,400.000,-1,325.000,325.000,275.000,300.000,-1,250.000,225.000,925.000,700.000,875.000,-1,-1,2,0,2,0,2,0,0,0,0,2,0,0,0,0,0,2,2
82,7052.605,10486.808,-141.987,100.511,-0.186951,-0.982190,-0.018747,0.972189,-0.182240,-0.147097,0.141061,-0.045725,0.988944,0,0.05635,0.59426,3.381,1.189,-1,375.000,-1,400.000,-1,325.000,325.000,275.000,300.000,-1,250.000,225.000,925.000,700.000,850.000,-1,-1,2,0,2,0,2,0,0,0,0,2,0,0,0,0,0,2,2
83,7050.979,10494.826,-140.911,101.460,-0.203336,-0.978931,-0.018649,0.968947,-0.198452,-0.147509,0.140700,-0.048063,0.988885,0,0.13635,0.47426,8.181,0.949,-1,375.000,-1,400.000,-1,325.000,325.000,275.000,300.000,-1,250.000,225.000,925.000,700.000,850.000,-1,-1,2,0,2,0,2,0,0,0,0,2,0,0,0,0,0,2,2
84,7048.242,10507.515,-139.229,102.168,-0.215547,-0.976318,-0.018531,0.966302,-0.210524,-0.148124,0.140715,-0.049834,0.988795,0,0.21635,0.35426,12.981,0.709,-1,375.000,-1,400.000,-1,325.000,325.000,275.000,300.000,-1,250.000,225.000,950.000,675.000,875.000,-1,-1,2,0,2,0,2,0,0,0,0,2,0,0,0,0,0,2,2
85,7044.352,10524.866,-136.939,102.637,-0.223616,-0.974504,-0.018394,0.964407,-0.218487,-0.148940,0.141123,-0.051044,0.988675,0,0.29635,0.23426,17.781,0.469,-1,375.000,-1,400.000,-1,325.000,325.000,275.000,300.000,-1,250.000,225.000,950.000,675.000,875.000,-1,-1,2,0,2,0,2,0,0,0,0,2,0,0,0,0,0,2,2
86,7039.323,10546.880,-133.930,102.865,-0.227501,-0.973613,-0.017907,0.963427,-0.222370,-0.149534,0.141606,-0.051271,0.988594,0,0.37635,0.11426,22.581,0.229,-1,375.000,-1,400.000,-1,325.000,325.000,275.000,300.000,-1,275.000,250.000,975.000,700.000,875.000,-1,-1,2,0,2,0,2,0,0,0,0,2,0,0,0,0,0,2,2
87,7033.185,10573.564,-130.049,102.956,-0.228874,-0.973314,-0.016616,0.963097,-0.223922,-0.149341,0.141636,-0.050183,0.988646,0,0.45635,0.04531,27.381,0.091,-1,375.000,-1,400.000,-1,325.000,325.000,275.000,300.000,-1,300.000,275.000,975.000,700.000,875.000,-1,-1,2,0,2,0,2,0,0,0,0,2,0,0,0,0,0,2,2
88,7025.920,10604.915,-125.478,103.047,-0.230218,-0.973022,-0.015119,0.962768,-0.225475,-0.149126,0.141694,-0.048887,0.988703,0,0.53635,0.04531,32.181,0.091,-1,375.000,-1,400.000,-1,325.000,325.000,275.000,300.000,-1,325.000,300.000,1000.000,700.000,900.000,-1,-1,2,0,2,0,2,0,0,0,0,2,0,0,0,0,0,2,2
89,7017.515,10640.928,-120.212,103.137,-0.231537,-0.972733,-0.013434,0.962439,-0.227030,-0.148892,0.141782,-0.047404,0.988762,0,0.61635,0.04531,36.981,0.091,-1,375.000,-1,400.000,-1,325.000,325.000,275.000,300.000,-1,350.000,325.000,-1,700.000,900.000,-1,-1,2,0,2,0,2,0,0,0,0,2,0,0,2,0,0,2,2
90,7007.955,10681.601,-114.247,103.228,-0.232831,-0.972448,-0.011578,0.962108,-0.228586,-0.148648,0.141906,-0.045749,0.988822,0,0.69635,0.04531,41.781,0.091,-1,375.000,-1,400.000,-1,325.000,325.000,275.000,300.000,-1,400.000,375.000,-1,700.000,900.000,-1,-1,2,0,2,0,2,0,0,0,0,2,0,0,2,0,0,2,2
91,6997.225,10726.929,-107.576,103.319,-0.234105,-0.972164,-0.009568,0.961775,-0.230142,-0.148405,0.142072,-0.043945,0.988880,0,0.77635,0.04531,46.581,0.091,-1,375.000,-1,400.000,-1,325.000,325.000,275.000,300.000,-1,450.000,400.000,-1,700.000,900.000,-1,-1,2,0,2,0,2,0,0,0,0,2,0,0,2,0,0,2,2
92,6985.310,10776.909,-100.192,103.409,-0.235360,-0.971880,-0.007425,0.961437,-0.231699,-0.148172,0.142285,-0.042013,0.988934,0,0.85635,0.04531,51.381,0.091,-1,375.000,-1,400.000,-1,325.000,325.000,300.000,300.000,-1,500.000,450.000,-1,700.000,925.000,-1,-1,2,0,2,0,2,0,0,0,0,2,0,0,2,0,0,2,2
93,6972.645,10829.665,-92.366,103.500,-0.236610,-0.971590,-0.005249,0.961092,-0.233254,-0.147969,0.142541,-0.040056,0.988978,0,0.90424,0.04531,54.254,0.091,-1,375.000,-1,400.000,-1,325.000,325.000,300.000,300.000,-1,550.000,500.000,-1,725.000,925.000,-1,-1,2,0,2,0,2,0,0,0,0,2,0,0,2,0,0,2,2
94,6959.896,10882.400,-84.509,103.590,-0.237873,-0.971291,-0.003162,0.960738,-0.234807,-0.147813,0.142827,-0.038199,0.989010,0,0.90424,0.04531,54.254,0.091,-1,375.000,-1,400.000,-1,325.000,325.000,300.000,300.000,-1,600.000,550.000,-1,725.000,925.000,-1,-1,2,0,2,0,2,0,0,0,0,2,0,0,2,0,0,2,2
95,6947.064,10935.116,-76.622,103.681,-0.239149,-0.970982,-0.001166,0.960374,-0.236359,-0.147705,0.143143,-0.036443,0.989031,0,0.90424,0.04531,54.254,0.091,-1,375.000,-1,425.000,-1,325.000,325.000,300.000,300.000,-1,650.000,600.000,-1,725.000,950.000,-1,-1,2,0,2,0,2,0,0,0,0,2,0,0,2,0,0,2,2
96,6933.566,10991.207,-68.195,103.532,-0.236308,-0.971678,0.000884,0.961004,-0.233846,-0.147606,0.143632,-0.034031,0.989046,0,0.96154,-0.07469,57.692,-0.149,-1,375.000,-1,425.000,-1,325.000,325.000,300.000,300.000,-1,700.000,650.000,-1,750.000,975.000,-1,-1,2,0,2,0,2,0,0,0,0,2,0,0,2,0,0,2,2
97,6920.449,11047.388,-59.725,103.142,-0.229358,-0.973338,0.002855,0.962595,-0.227259,-0.147529,0.144244,-0.031088,0.989054,0,0.96154,-0.19469,57.692,-0.389,-1,400.000,-1,425.000,-1,325.000,325.000,300.000,300.000,-1,775.000,700.000,-1,750.000,1000.000,-1,-1,2,0,2,0,2,0,0,0,0,2,0,0,2,0,0,2,2
98,6907.949,11103.711,-51.250,102.513,-0.218255,-0.975879,0.004915,0.965051,-0.216577,-0.147552,0.145057,-0.027461,0.989042,0,0.96154,-0.31469,57.692,-0.629,-1,400.000,-1,425.000,-1,325.000,350.000,300.000,300.000,-1,825.000,750.000,-1,775.000,-1,-1,-1,2,0,2,0,2,0,0,0,0,2,0,0,2,0,2,2,2
99,6896.306,11160.216,-43.277,101.643,-0.202708,-0.979201,0.008605,0.968497,-0.201775,-0.145950,0.144650,-0.021251,0.989255,0,0.96154,-0.43469,57.692,-0.869,-1,400.000,-1,425.000,-1,325.000,350.000,300.000,300.000,-1,925.000,825.000,-1,775.000,-1,-1,-1,2,0,2,0,2,0,0,0,0,2,0,0,2,0,2,2,2
100,6885.758,11216.935,-35.352,100.534,-0.182978,-0.983042,0.012134,0.972529,-0.182800,-0.144120,0.143894,-0.014570,0.989486,0,0.96154,-0.55469,57.692,-1.109,-1,400.000,-1,425.000,-1,325.000,350.000,300.000,300.000,-1,-1,925.000,-1,775.000,-1,-1,-1,2,0,2,0,2,0,0,0,0,2,2,0,2,0,2,2,2
101,6876.549,11273.887,-27.755,99.185,-0.159250,-0.987140,0.013934,0.977001,-0.159611,-0.141398,0.141803,-0.008904,0.989855,0,0.96154,-0.67469,57.692,-1.349,-1,400.000,-1,425.000,-1,325.000,350.000,300.000,300.000,-1,-1,-1,-1,775.000,-1,-1,-1,2,0,2,0,2,0,0,0,0,2,2,2,2,0,2,2,2
102,6868.923,11331.072,-20.128,97.595,-0.131257,-0.991223,0.015781,0.981482,-0.132174,-0.138646,0.139515,-0.002709,0.990216,0,0.96154,-0.79469,57.692,-1.589,-1,400.000,-1,425.000,-1,325.000,325.000,300.000,300.000,-1,-1,-1,-1,800.000,-1,-1,-1,2,0,2,0,2,0,0,0,0,2,2,2,2,0,2,2,2
103,6863.125,11388.472,-12.487,95.766,-0.098970,-0.994933,0.017716,0.985622,-0.100463,-0.135851,0.136943,0.004017,0.990571,0,0.96154,-0.91469,57.692,-1.829,-1,400.000,-1,425.000,-1,325.000,325.000,300.000,300.000,-1,-1,-1,-1,800.000,-1,-1,-1,2,0,2,0,2,0,0,0,0,2,2,2,2,0,2,2,2
104,6859.334,11446.039,-4.853,93.766,-0.063603,-0.997779,0.019775,0.988937,-0.065676,-0.133003,0.134007,0.011097,0.990918,0,0.96154,-1.00000,57.692,-2.000,-1,400.000,-1,425.000,-1,325.000,325.000,300.000,300.000,-1,-1,-1,-1,800.000,-1,-1,-1,2,0,2,0,2,0,0,0,0,2,2,2,2,0,2,2,2
105,6857.553,11503.703,2.759,91.766,-0.028186,-0.999361,0.021969,0.991022,-0.030811,-0.130099,0.130693,0.018104,0.991258,0,0.96154,-1.00000,57.692,-2.000,-1,400.000,-1,425.000,-1,325.000,325.000,300.000,300.000,-1,-1,-1,-1,800.000,-1,-1,-1,2,0,2,0,2,0,0,0,0,2,2,2,2,0,2,2,2
106,6857.786,11561.394,10.328,89.766,0.007233,-0.999678,0.024313,0.991877,0.004085,-0.127134,0.126994,0.025035,0.991588,0,0.96154,-1.00000,57.692,-2.000,-1,400.000,-1,425.000,-1,325.000,325.000,300.000,300.000,-1,-1,-1,-1,825.000,-1,-1,-1,2,0,2,0,2,0,0,0,0,2,2,2,2,0,2,2,2
107,6860.031,11619.042,17.833,87.766,0.042605,-0.998732,0.026826,0.991504,0.038963,-0.124107,0.122904,0.031886,0.991906,0,0.96154,-1.00000,57.692,-2.000,-1,400.000,-1,425.000,-1,325.000,325.000,300.000,300.000,-1,-1,-1,-1,825.000,-1,-1,-1,2,0,2,0,2,0,0,0,0,2,2,2,2,0,2,2,2
108,6864.287,11676.576,25.253,85.766,0.077880,-0.996525,0.029526,0.989905,0.073777,-0.121018,0.118420,0.038653,0.992211,0,0.96154,-1.00000,57.692,-2.000,-1,400.000,-1,425.000,-1,325.000,325.000,300.000,300.000,-1,-1,-1,-1,825.000,-1,-1,-1,2,0,2,0,2,0,0,0,0,2,2,2,2,0,2,2,2
109,6870.547,11733.927,32.568,83.766,0.113009,-0.993064,0.032431,0.987086,0.108480,-0.117874,0.113538,0.045333,0.992499,0,0.96154,-1.00000,57.692,-2.000,-1,400.000,-1,425.000,-1,325.000,325.000,300.000,300.000,-1,-1,-1,-1,850.000,-1,-1,-1,2,0,2,0,2,0,0,0,0,2,2,2,2,0,2,2,2
110,6878.806,11791.025,39.421,81.766,0.147814,-0.988425,0.034153,0.983022,0.143035,-0.114929,0.108714,0.050562,0.992786,0,0.96154,-1.00000,57.692,-2.000,-1,400.000,-1,425.000,-1,325.000,350.000,300.000,300.000,-1,-1,-1,-1,925.000,-1,-1,-1,2,0,2,0,2,0,0,0,0,2,2,2,2,0,2,2,2
111,6889.054,11847.799,45.516,79.766,0.182233,-0.982652,0.034438,0.977772,0.177411,-0.111749,0.103700,0.054037,0.993140,0,0.96154,-1.00000,57.692,-2.000,-1,400.000,-1,425.000,-1,325.000,350.000,300.000,300.000,-1,-1,-1,-1,950.000,-1,-1,-1,2,0,2,0,2,0,0,0,0,2,2,2,2,0,2,2,2
112,6901.276,11904.182,50.949,77.766,0.216629,-0.975563,0.036734,0.971202,0.211532,-0.109642,0.099193,0.059427,0.993292,0,0.96154,-1.00000,57.692,-2.000,-1,400.000,-1,425.000,-1,325.000,350.000,300.000,300.000,-1,-1,-1,-1,1000.000,-1,-1,-1,2,0,2,0,2,0,0,0,0,2,2,2,2,0,2,2,2
113,6915.457,11960.105,56.201,75.766,0.250731,-0.967255,0.039386,0.963449,0.245366,-0.107523,0.094338,0.064906,0.993422,0,0.96154,-1.00000,57.692,-2.000,-1,400.000,-1,425.000,-1,325.000,350.000,300.000,300.000,-1,-1,-1,-1,-1,-1,-1,-1,2,0,2,0,2,0,0,0,0,2,2,2,2,2,2,2,2
114,6931.582,12015.498,61.290,73.766,0.284484,-0.957750,0.042240,0.954516,0.278870,-0.105504,0.089267,0.070333,0.993521,0,0.96154,-1.00000,57.692,-2.000,-1,400.000,-1,425.000,-1,325.000,350.000,300.000,300.000,-1,-1,-1,-1,-1,-1,-1,-1,2,0,2,0,2,0,0,0,0,2,2,2,2,2,2,2,2
115,6949.629,12070.296,66.200,71.766,0.317845,-0.947060,0.045284,0.944414,0.312003,-0.103620,0.084006,0.075702,0.993586,0,0.96154,-1.00000,57.692,-2.000,-1,400.000,-1,425.000,-1,325.000,350.000,300.000,300.000,-1,-1,-1,-1,-1,-1,-1,-1,2,0,2,0,2,0,0,0,0,2,2,2,2,2,2,2,2
116,6969.578,12124.430,70.915,69.766,0.350773,-0.935203,0.048506,0.933158,0.344720,-0.101904,0.078580,0.081009,0.993611,0,0.96154,-1.00000,57.692,-2.000,-1,400.000,-1,425.000,-1,325.000,350.000,300.000,300.000,-1,-1,-1,-1,-1,-1,-1,-1,2,0,2,0,2,0,0,0,0,2,2,2,2,2,2,2,2
117,6991.404,12177.836,75.422,67.766,0.383225,-0.922196,0.051889,0.920764,0.376982,-0.100388,0.073016,0.086248,0.993594,0,0.96154,-1.00000,57.692,-2.000,-1,425.000,-1,425.000,-1,325.000,350.000,300.000,300.000,-1,-1,-1,-1,-1,-1,-1,-1,2,0,2,0,2,0,0,0,0,2,2,2,2,2,2,2,2
118,7015.081,12230.447,79.611,65.766,0.415123,-0.908090,0.055187,0.907292,0.408762,-0.098666,0.067039,0.091029,0.993589,0,0.96154,-1.00000,57.692,-2.000,-1,450.000,-1,425.000,-1,350.000,350.000,300.000,300.000,-1,-1,-1,-1,-1,-1,-1,-1,2,0,2,0,2,0,0,0,0,2,2,2,2,2,2,2,2
119,7040.581,12282.200,83.385,63.766,0.446397,-0.892938,0.058242,0.892793,0.440040,-0.096356,0.060411,0.095011,0.993641,0,0.96154,-1.00000,57.692,-2.000,-1,450.000,-1,425.000,-1,350.000,350.000,300.000,300.000,-1,-1,-1,-1,-1,-1,-1,-1,2,0,2,0,2,0,0,0,0,2,2,2,2,2,2,2,2
120,7067.873,12333.030,86.606,61.766,0.477074,-0.876807,0.060077,0.877177,0.470812,-0.094325,0.054420,0.097698,0.993727,0,0.96154,-1.00000,57.692,-2.000,-1,475.000,-1,425.000,-1,350.000,350.000,300.000,300.000,-1,-1,-1,-1,-1,-1,-1,-1,2,0,2,0,2,0,0,0,0,2,2,2,2,2,2,2,2
121,7096.564,12382.737,89.283,60.006,0.503491,-0.861830,0.061206,0.862639,0.497460,-0.091584,0.048483,0.098911,0.993915,0,0.95653,-0.88000,57.392,-1.760,-1,475.000,-1,425.000,-1,375.000,350.000,300.000,300.000,-1,-1,-1,-1,-1,-1,-1,-1,2,0,2,0,2,0,0,0,0,2,2,2,2,2,2,2,2
122,7126.568,12431.663,90.960,58.486,0.525619,-0.848513,0.061246,0.849766,0.520257,-0.085035,0.040289,0.096741,0.994494,0,0.95653,-0.76000,57.392,-1.520,-1,475.000,-1,425.000,-1,375.000,350.000,300.000,300.000,-1,-1,-1,-1,-1,1000.000,-1,-1,2,0,2,0,2,0,0,0,0,2,2,2,2,2,0,2,2
123,7157.657,12479.906,92.468,57.206,0.543928,-0.836855,0.061775,0.838502,0.539194,-0.078636,0.032499,0.094571,0.994988,0,0.95653,-0.64000,57.392,-1.280,-1,475.000,-1,425.000,-1,350.000,350.000,275.000,300.000,-1,-1,-1,-1,-1,950.000,-1,-1,2,0,2,0,2,0,0,0,0,2,2,2,2,2,0,2,2
124,7189.617,12527.576,93.924,56.166,0.558562,-0.827126,0.062212,0.829072,0.554426,-0.072465,0.025446,0.092055,0.995429,0,0.95653,-0.52000,57.392,-1.040,-1,475.000,-1,425.000,-1,350.000,350.000,275.000,300.000,-1,-1,-1,-1,-1,925.000,-1,-1,2,0,2,0,2,0,0,0,0,2,2,2,2,2,0,2,2
125,7222.238,12574.796,95.130,55.366,0.569657,-0.819459,0.063070,0.821658,0.566027,-0.067019,0.019220,0.090000,0.995756,0,0.95653,-0.40000,57.392,-0.800,-1,475.000,-1,425.000,-1,350.000,350.000,275.000,300.000,-1,-1,-1,-1,-1,900.000,-1,-1,2,0,2,0,2,0,0,0,0,2,2,2,2,2,0,2,2
126,7255.318,12621.696,96.191,54.806,0.577271,-0.814026,0.064183,0.816441,0.574107,-0.061856,0.013504,0.088109,0.996019,0,0.95653,-0.28000,57.392,-0.560,-1,450.000,-1,425.000,-1,350.000,350.000,300.000,300.000,-1,-1,-1,-1,-1,875.000,-1,-1,2,0,2,0,2,0,0,0,0,2,2,2,2,2,0,2,2
127,7288.660,12668.409,97.154,54.486,0.581463,-0.810937,0.065445,0.813532,0.578737,-0.056834,0.008214,0.086289,0.996236,0,0.95653,-0.16000,57.392,-0.320,-1,450.000,-1,425.000,-1,350.000,350.000,300.000,300.000,-1,-1,-1,-1,-1,875.000,-1,-1,2,0,2,0,2,0,0,0,0,2,2,2,2,2,0,2,2
128,7322.066,12715.077,97.200,54.406,0.582178,-0.810130,0.068977,0.813059,0.579870,-0.051820,0.001983,0.086250,0.996272,0,0.95653,-0.04000,57.392,-0.080,-1,450.000,-1,400.000,-1,350.000,350.000,300.000,300.000,-1,-1,-1,-1,-1,825.000,-1,-1,2,0,2,0,2,0,0,0,0,2,2,2,2,2,0,2,2
129,7355.469,12761.747,97.155,54.409,0.581722,-0.810175,0.072223,0.813379,0.579837,-0.046939,-0.003849,0.086051,0.996283,0,0.95653,0.00152,57.392,0.003,-1,450.000,-1,400.000,-1,350.000,325.000,300.000,300.000,-1,-1,-1,-1,-1,800.000,-1,-1,2,0,2,0,2,0,0,0,0,2,2,2,2,2,0,2,2
130,7388.869,12808.418,97.054,54.412,0.581262,-0.810224,0.075304,0.813661,0.579808,-0.042177,-0.009489,0.085788,0.996268,0,0.95653,0.00152,57.392,0.003,-1,450.000,-1,400.000,-1,350.000,325.000,300.000,300.000,-1,-1,-1,-1,-1,775.000,-1,-1,2,0,2,0,2,0,0,0,0,2,2,2,2,2,0,2,2
131,7422.267,12855.092,96.895,54.415,0.580803,-0.810278,0.078219,0.813907,0.579781,-0.037534,-0.014937,0.085462,0.996229,0,0.95653,0.00152,57.392,0.003,-1,425.000,-1,400.000,-1,325.000,325.000,300.000,275.000,-1,-1,-1,-1,1000.000,750.000,-1,-1,2,0,2,0,2,0,0,0,0,2,2,2,2,0,0,2,2
132,7455.664,12901.766,96.531,54.418,0.580393,-0.810377,0.080207,0.814098,0.579787,-0.033051,-0.019719,0.084479,0.996230,0,0.95653,0.00152,57.392,0.003,-1,425.000,-1,375.000,-1,325.000,325.000,325.000,275.000,-1,-1,-1,-1,975.000,725.000,-1,-1,2,0,2,0,2,0,0,0,0,2,2,2,2,0,0,2,2
133,7489.059,12948.442,95.399,54.421,0.580233,-0.810671,0.078378,0.814153,0.579932,-0.028886,-0.022037,0.080572,0.996505,0,0.95653,0.00152,57.392,0.003,-1,425.000,-1,375.000,-1,325.000,325.000,300.000,275.000,-1,-1,-1,-1,950.000,725.000,-1,-1,2,0,2,0,2,0,0,0,0,2,2,2,2,0,0,2,2
134,7522.452,12995.119,94.233,54.424,0.580093,-0.810951,0.076496,0.814190,0.580067,-0.024833,-0.024235,0.076688,0.996761,0,0.95653,0.00152,57.392,0.003,-1,425.000,-1,375.000,-1,325.000,325.000,300.000,275.000,-1,-1,-1,-1,925.000,725.000,-1,-1,2,0,2,0,2,0,0,0,0,2,2,2,2,0,0,2,2
135,7555.843,13041.797,92.998,54.427,0.579941,-0.811265,0.074279,0.814212,0.580227,-0.019879,-0.026971,0.072008,0.997039,0,0.95653,0.00152,57.392,0.003,-1,425.000,-1,375.000,-1,325.000,325.000,300.000,275.000,-1,-1,-1,-1,900.000,725.000,-1,-1,2,0,2,0,2,0,0,0,0,2,2,2,2,0,0,2,2
136,7589.231,13088.478,91.640,54.430,0.579795,-0.811591,0.071814,0.814208,0.580395,-0.014343,-0.030040,0.066788,0.997315,0,0.95653,0.00152,57.392,0.003,-1,425.000,-1,375.000,-1,325.000,325.000,300.000,300.000,-1,-1,-1,-1,875.000,725.000,-1,-1,2,0,2,0,2,0,0,0,0,2,2,2,2,0,0,2,2
