timestep,x_cm,y_cm,z_cm,yaw_deg,basis_xx,basis_xy,basis_xz,basis_yx,basis_yy,basis_yz,basis_zx,basis_zy,basis_zz,teleport_flag,throttle_cmd,steering_cmd,cmd_move_cm,cmd_turn_deg,lidar_cm_0,lidar_cm_1,lidar_cm_2,lidar_cm_3,lidar_cm_4,lidar_cm_5,lidar_cm_6,lidar_cm_7,lidar_cm_8,lidar_cm_9,lidar_cm_10,lidar_cm_11,lidar_cm_12,lidar_cm_13,lidar_cm_14,lidar_cm_15,lidar_cm_16,lidar_class_0,lidar_class_1,lidar_class_2,lidar_class_3,lidar_class_4,lidar_class_5,lidar_class_6,lidar_class_7,lidar_class_8,lidar_class_9,lidar_class_10,lidar_class_11,lidar_class_12,lidar_class_13,lidar_class_14,lidar_class_15,lidar_class_16
0,-2953.510,-6235.800,-32.603,-112.266,-0.379288,0.925227,-0.009776,-0.924919,-0.378825,0.031867,0.025781,0.021129,0.999444,1,0.08000,-0.12000,4.800,-0.240,-1,400.000,-1,425.000,-1,325.000,325.000,300.000,300.000,-1,-1,-1,-1,900.000,925.000,-1,-1,2,0,2,0,2,0,0,0,0,2,2,2,2,0,0,2,2
1,-2957.198,-6244.664,-32.357,-112.589,-0.384503,0.923068,-0.010121,-0.922778,-0.384036,0.031589,0.025272,0.021486,0.999450,0,0.16000,-0.16161,9.600,-0.323,-1,400.000,-1,425.000,-1,325.000,325.000,300.000,300.000,-1,-1,-1,-1,900.000,925.000,-1,-1,2,0,2,0,2,0,0,0,0,2,2,2,2,0,0,2,2
2,-2962.804,-6257.928,-31.992,-112.913,-0.389706,0.920878,-0.010634,-0.920612,-0.389233,0.031169,0.024564,0.021936,0.999458,0,0.24000,-0.16161,14.400,-0.323,-1,400.000,-1,425.000,-1,325.000,325.000,300.000,300.000,-1,-1,-1,-1,900.000,925.000,-1,-1,2,0,2,0,2,0,0,0,0,2,2,2,2,0,0,2,2
3,-2970.378,-6275.570,-31.515,-113.236,-0.394895,0.918657,-0.011314,-0.918422,-0.394417,0.030607,0.023655,0.022477,0.999467,0,0.32000,-0.16161,19.200,-0.323,-1,400.000,-1,425.000,-1,325.000,325.000,300.000,300.000,-1,-1,-1,-1,900.000,925.000,-1,-1,2,0,2,0,2,0,0,0,0,2,2,2,2,0,0,2,2
4,-2979.971,-6297.570,-30.934,-113.559,-0.400070,0.916404,-0.012162,-0.916207,-0.399587,0.029902,0.022543,0.023106,0.999479,0,0.40000,-0.16161,24.000,-0.323,-1,400.000,-1,425.000,-1,325.000,325.000,300.000,300.000,-1,-1,-1,-1,900.000,925.000,-1,-1,2,0,2,0,2,0,0,0,0,2,2,2,2,0,0,2,2
5,-2991.631,-6323.904,-30.260,-113.882,-0.405229,0.914120,-0.013178,-0.913969,-0.404743,0.029057,0.021228,0.023819,0.999491,0,0.48000,-0.16161,28.800,-0.323,-1,425.000,-1,425.000,-1,325.000,325.000,300.000,300.000,-1,-1,-1,-1,900.000,925.000,-1,-1,2,0,2,0,2,0,0,0,0,2,2,2,2,0,0,2,2
6,-3005.407,-6354.550,-29.507,-114.205,-0.410373,0.911805,-0.014362,-0.911705,-0.409886,0.028072,0.019709,0.024614,0.999503,0,0.56000,-0.16161,33.600,-0.323,-1,425.000,-1,425.000,-1,325.000,325.000,300.000,300.000,-1,-1,-1,-1,925.000,925.000,-1,-1,2,0,2,0,2,0,0,0,0,2,2,2,2,0,0,2,2
7,-3021.348,-6389.485,-28.690,-114.529,-0.415498,0.909458,-0.015716,-0.909416,-0.415014,0.026950,0.017987,0.025490,0.999513,0,0.64000,-0.16161,38.400,-0.323,-1,425.000,-1,425.000,-1,325.000,325.000,300.000,300.000,-1,-1,-1,-1,925.000,925.000,-1,-1,2,0,2,0,2,0,0,0,0,2,2,2,2,0,0,2,2
8,-3039.504,-6428.684,-27.881,-114.852,-0.420605,0.907085,-0.016961,-0.907099,-0.420129,0.025762,0.016242,0.026221,0.999524,0,0.72000,-0.16161,43.200,-0.323,-1,425.000,-1,425.000,-1,325.000,325.000,300.000,300.000,-1,-1,-1,-1,925.000,925.000,-1,-1,2,0,2,0,2,0,0,0,0,2,2,2,2,0,0,2,2
9,-3059.924,-6472.124,-27.110,-115.177,-0.425729,0.904671,-0.018046,-0.904734,-0.425270,0.024532,0.014519,0.026771,0.999536,0,0.80000,-0.16276,48.000,-0.326,-1,425.000,-1,425.000,-1,350.000,350.000,300.000,300.000,-1,-1,-1,-1,950.000,900.000,-1,-1,2,0,2,0,2,0,0,0,0,2,2,2,2,0,0,2,2
10,-3082.663,-6519.777,-26.614,-115.509,-0.430906,0.902204,-0.018633,-0.902320,-0.430509,0.021898,0.011734,0.026249,0.999587,0,0.88000,-0.16596,52.800,-0.332,-1,425.000,-1,425.000,-1,350.000,350.000,275.000,300.000,-1,-1,-1,-1,950.000,900.000,-1,-1,2,0,2,0,2,0,0,0,0,2,2,2,2,0,0,2,2
11,-3106.980,-6569.969,-26.217,-115.848,-0.436175,0.899657,-0.019215,-0.899820,-0.435849,0.018956,0.008679,0.025558,0.999636,0,0.92955,-0.16955,55.773,-0.339,-1,425.000,-1,425.000,-1,350.000,350.000,275.000,300.000,-1,-1,-1,-1,925.000,900.000,-1,-1,2,0,2,0,2,0,0,0,0,2,2,2,2,0,0,2,2
12,-3131.726,-6620.270,-25.902,-116.195,-0.441551,0.897016,-0.019872,-0.897218,-0.441295,0.016067,0.005643,0.024924,0.999673,0,0.93430,-0.17344,56.058,-0.347,-1,425.000,-1,425.000,-1,350.000,350.000,275.000,300.000,-1,-1,-1,-1,925.000,875.000,-1,-1,2,0,2,0,2,0,0,0,0,2,2,2,2,0,0,2,2
13,-3156.909,-6670.667,-25.767,-116.550,-0.447044,0.894270,-0.020792,-0.894507,-0.446845,0.013638,0.002905,0.024695,0.999691,0,0.93898,-0.17745,56.339,-0.355,-1,425.000,-1,425.000,-1,325.000,350.000,275.000,300.000,-1,-1,-1,-1,925.000,875.000,-1,-1,2,0,2,0,2,0,0,0,0,2,2,2,2,0,0,2,2
14,-3182.534,-6721.148,-25.782,-116.913,-0.452644,0.891418,-0.022056,-0.891691,-0.452504,0.011265,0.000061,0.024766,0.999693,0,0.94355,-0.18159,56.613,-0.363,-1,425.000,-1,425.000,-1,325.000,325.000,275.000,300.000,-1,-1,-1,-1,925.000,875.000,-1,-1,2,0,2,0,2,0,0,0,0,2,2,2,2,0,0,2,2
15,-3208.610,-6771.701,-26.024,-117.285,-0.458344,0.888450,-0.024037,-0.888769,-0.458271,0.008815,-0.003183,0.025404,0.999672,0,0.94802,-0.18587,56.881,-0.372,-1,425.000,-1,425.000,975.000,325.000,325.000,300.000,300.000,-1,-1,-1,-1,925.000,850.000,-1,-1,2,0,2,0,1,0,0,0,0,2,2,2,2,0,0,2,2
16,-3235.142,-6822.310,-26.337,-117.666,-0.464156,0.885372,-0.026006,-0.885731,-0.464155,0.006448,-0.006362,0.026027,0.999641,0,0.95237,-0.19029,57.142,-0.381,-1,400.000,-1,400.000,925.000,325.000,325.000,300.000,300.000,-1,-1,-1,-1,900.000,825.000,-1,-1,2,0,2,0,1,0,0,0,0,2,2,2,2,0,0,2,2
17,-3262.136,-6872.961,-26.672,-118.055,-0.470088,0.882184,-0.027718,-0.882571,-0.470161,0.004211,-0.009317,0.026443,0.999607,0,0.95658,-0.19487,57.395,-0.390,-1,400.000,-1,400.000,875.000,325.000,325.000,300.000,300.000,-1,-1,-1,-1,900.000,825.000,-1,-1,2,0,2,0,1,0,0,0,0,2,2,2,2,0,0,2,2
18,-3289.599,-6923.636,-27.071,-118.455,-0.476141,0.878879,-0.029355,-0.879285,-0.476292,0.002068,-0.012164,0.026796,0.999567,0,0.96064,-0.19961,57.638,-0.399,-1,400.000,-1,400.000,850.000,325.000,325.000,300.000,300.000,-1,-1,-1,-1,900.000,825.000,-1,-1,2,0,2,0,1,0,0,0,0,2,2,2,2,0,0,2,2
19,-3317.535,-6974.319,-27.545,-118.864,-0.482319,0.875448,-0.030962,-0.875869,-0.482550,0.000012,-0.014930,0.027124,0.999521,0,0.96453,-0.20452,57.872,-0.409,-1,425.000,-1,400.000,800.000,325.000,325.000,300.000,300.000,-1,-1,-1,-1,875.000,800.000,-1,975.000,2,0,2,0,1,0,0,0,0,2,2,2,2,0,0,2,1
20,-3345.951,-7024.989,-28.094,-119.283,-0.488625,0.871887,-0.032547,-0.872316,-0.488938,-0.001956,-0.017619,0.027436,0.999468,0,0.96824,-0.20961,58.094,-0.419,-1,425.000,-1,400.000,750.000,325.000,325.000,300.000,300.000,-1,-1,-1,-1,875.000,800.000,-1,925.000,2,0,2,0,1,0,0,0,0,2,2,2,2,0,0,2,1
21,-3374.850,-7075.628,-29.009,-119.713,-0.495114,0.868215,-0.032627,-0.868614,-0.495477,-0.003603,-0.019294,0.026557,0.999461,0,0.97174,-0.21490,58.304,-0.430,-1,425.000,-1,400.000,725.000,325.000,325.000,300.000,300.000,-1,-1,-1,-1,875.000,800.000,-1,875.000,2,0,2,0,1,0,0,0,0,2,2,2,2,0,0,2,1
22,-3404.236,-7126.212,-30.058,-120.154,-0.501755,0.864403,-0.032392,-0.864762,-0.502156,-0.005139,-0.020708,0.025433,0.999462,0,0.97501,-0.22040,58.500,-0.441,-1,425.000,-1,400.000,675.000,325.000,325.000,300.000,300.000,-1,-1,-1,-1,875.000,775.000,-1,825.000,2,0,2,0,1,0,0,0,0,2,2,2,2,0,0,2,1
23,-3434.113,-7176.718,-31.446,-120.606,-0.508534,0.860459,-0.031683,-0.860736,-0.508990,-0.007956,-0.022972,0.023225,0.999466,0,0.97802,-0.22611,58.681,-0.452,-1,425.000,-1,400.000,625.000,325.000,325.000,300.000,300.000,-1,-1,-1,-1,850.000,775.000,-1,775.000,2,0,2,0,1,0,0,0,0,2,2,2,2,0,0,2,1
24,-3464.483,-7227.122,-32.881,-121.070,-0.515465,0.856348,-0.031064,-0.856542,-0.515967,-0.010623,-0.025125,0.021131,0.999461,0,0.98076,-0.23205,58.846,-0.464,-1,400.000,-1,400.000,600.000,325.000,325.000,300.000,300.000,-1,-1,-1,-1,825.000,750.000,-1,725.000,2,0,2,0,1,0,0,0,0,2,2,2,2,0,1,2,1
25,-3492.942,-7273.068,-34.242,-121.774,-0.525933,0.849976,-0.030587,-0.850094,-0.526472,-0.012931,-0.027094,0.019201,0.999448,0,0.90076,-0.35205,54.046,-0.704,-1,400.000,-1,400.000,550.000,325.000,325.000,300.000,300.000,-1,-1,-1,-1,825.000,725.000,-1,675.000,2,0,2,0,1,0,0,0,0,2,2,2,2,0,1,2,1
26,-3519.560,-7314.500,-35.627,-122.718,-0.539856,0.841207,-0.030417,-0.841272,-0.540420,-0.014435,-0.028581,0.017796,0.999433,0,0.82076,-0.47205,49.246,-0.944,-1,400.000,-1,400.000,525.000,325.000,325.000,300.000,300.000,-1,-1,-1,-1,800.000,675.000,-1,625.000,2,0,2,0,1,0,0,0,0,2,2,2,2,0,1,2,1
27,-3544.240,-7351.464,-36.958,-123.730,-0.554627,0.831544,-0.030409,-0.831568,-0.555208,-0.015466,-0.029744,0.016710,0.999418,0,0.74076,-0.50618,44.446,-1.012,-1,400.000,-1,400.000,500.000,325.000,325.000,300.000,300.000,-1,-1,-1,-1,800.000,650.000,-1,575.000,2,0,2,0,1,0,0,0,0,2,2,2,2,0,1,2,1
28,-3566.839,-7384.038,-38.162,-124.751,-0.569339,0.821539,-0.030445,-0.821527,-0.569935,-0.016332,-0.030769,0.015713,0.999403,0,0.66076,-0.51012,39.646,-1.020,-1,400.000,-1,400.000,450.000,325.000,325.000,300.000,300.000,-1,-1,-1,-1,800.000,600.000,-1,550.000,2,0,2,0,1,0,0,0,0,2,2,2,2,0,1,2,1
29,-3587.211,-7412.308,-39.233,-125.778,-0.583967,0.811204,-0.030513,-0.811160,-0.584576,-0.017051,-0.031669,0.014794,0.999389,0,0.58076,-0.51348,34.846,-1.027,-1,400.000,-1,400.000,425.000,325.000,325.000,300.000,300.000,-1,-1,-1,-1,775.000,575.000,-1,500.000,2,0,2,0,1,0,0,0,0,2,2,2,2,0,1,2,1
30,-3605.214,-7436.364,-40.173,-126.810,-0.598484,0.800548,-0.030654,-0.800475,-0.599106,-0.017659,-0.032502,0.013969,0.999374,0,0.50076,-0.51623,30.046,-1.032,-1,400.000,-1,400.000,400.000,325.000,325.000,300.000,300.000,-1,-1,-1,-1,775.000,550.000,-1,475.000,2,0,2,0,1,0,0,0,0,2,2,2,2,0,1,2,1
31,-3620.703,-7456.299,-40.966,-127.847,-0.612864,0.789586,-0.030840,-0.789486,-0.613498,-0.018212,-0.033300,0.013186,0.999358,0,0.42076,-0.51835,25.246,-1.037,-1,400.000,-1,375.000,375.000,325.000,325.000,300.000,300.000,-1,-1,-1,-1,775.000,525.000,-1,450.000,2,0,2,0,1,0,0,0,0,2,2,2,2,0,1,2,1
32,-3633.539,-7472.214,-41.565,-128.886,-0.627086,0.778331,-0.031054,-0.778216,-0.627727,-0.018406,-0.033819,0.012625,0.999348,0,0.34076,-0.51979,20.446,-1.040,-1,400.000,-1,375.000,375.000,325.000,325.000,300.000,300.000,-1,-1,-1,-1,775.000,500.000,-1,425.000,2,0,2,0,1,0,0,0,0,2,2,2,2,0,1,2,1
33,-3643.580,-7484.212,-42.017,-129.927,-0.641123,0.766802,-0.031239,-0.766674,-0.641770,-0.018497,-0.034232,0.012091,0.999341,0,0.26076,-0.52055,15.646,-1.041,-1,400.000,-1,375.000,350.000,325.000,325.000,300.000,300.000,-1,-1,-1,-1,775.000,500.000,-1,400.000,2,0,2,0,1,0,0,0,0,2,2,2,2,0,1,2,1
34,-3650.691,-7492.401,-42.323,-130.969,-0.654952,0.755018,-0.031395,-0.754880,-0.655602,-0.018505,-0.034554,0.011580,0.999336,0,0.18076,-0.52060,10.846,-1.041,-1,400.000,-1,375.000,350.000,325.000,325.000,300.000,300.000,-1,-1,-1,-1,775.000,475.000,-1,400.000,2,0,2,0,1,0,0,0,0,2,2,2,2,0,1,2,1
35,-3654.738,-7496.893,-42.480,-132.009,-0.668549,0.743000,-0.031527,-0.742854,-0.669200,-0.018439,-0.034797,0.011092,0.999333,0,0.10076,-0.51994,6.046,-1.040,-1,400.000,975.000,375.000,350.000,325.000,325.000,300.000,300.000,-1,-1,-1,-1,750.000,475.000,-1,375.000,2,0,1,0,1,0,0,0,0,2,2,2,2,0,1,2,1
36,-3655.588,-7497.804,-42.489,-133.046,-0.681892,0.730769,-0.031633,-0.730617,-0.682542,-0.018305,-0.034968,0.010630,0.999332,0,0.02076,-0.51858,1.246,-1.037,-1,400.000,900.000,375.000,325.000,325.000,325.000,300.000,300.000,-1,-1,-1,-1,750.000,450.000,-1,375.000,2,0,1,0,1,0,0,0,0,2,2,2,2,0,1,2,1
37,-3653.115,-7495.250,-42.343,-134.079,-0.694961,0.718348,-0.031714,-0.718191,-0.695610,-0.018119,-0.035077,0.010185,0.999333,0,-0.05924,-0.51652,-3.554,-1.033,-1,400.000,850.000,375.000,325.000,325.000,325.000,300.000,300.000,-1,-1,-1,-1,750.000,450.000,-1,375.000,2,0,1,0,1,0,0,0,0,2,2,2,2,0,1,2,1
38,-3649.397,-7491.546,-42.122,-135.106,-0.707737,0.705761,-0.031771,-0.705597,-0.708384,-0.018015,-0.035220,0.009667,0.999333,0,-0.08748,-0.51379,-5.249,-1.028,-1,400.000,825.000,375.000,325.000,325.000,325.000,300.000,300.000,-1,-1,-1,-1,750.000,450.000,-1,375.000,2,0,1,0,1,0,0,0,0,2,2,2,2,0,1,2,1
39,-3645.672,-7487.964,-41.911,-136.128,-0.720213,0.693021,-0.031868,-0.692850,-0.720859,-0.017905,-0.035381,0.009184,0.999332,0,-0.08612,-0.51085,-5.167,-1.022,-1,400.000,775.000,375.000,350.000,325.000,325.000,325.000,300.000,-1,-1,-1,-1,750.000,450.000,-1,375.000,2,0,1,0,1,0,0,0,0,2,2,2,2,0,1,2,1
40,-3641.941,-7484.503,-41.708,-137.144,-0.732390,0.680134,-0.031990,-0.679957,-0.733036,-0.017790,-0.035549,0.008723,0.999330,0,-0.08483,-0.50796,-5.090,-1.016,-1,400.000,750.000,375.000,350.000,325.000,325.000,325.000,300.000,-1,-1,-1,-1,750.000,450.000,-1,375.000,2,0,1,0,1,0,0,0,0,2,2,2,2,0,1,2,1
41,-3638.205,-7481.156,-41.507,-138.154,-0.744270,0.667107,-0.032110,-0.666924,-0.744916,-0.017672,-0.035708,0.008262,0.999328,0,-0.08360,-0.50511,-5.016,-1.010,-1,400.000,750.000,375.000,350.000,325.000,325.000,325.000,300.000,-1,-1,-1,-1,750.000,450.000,-1,375.000,2,0,1,0,1,0,0,0,0,2,2,2,2,0,1,2,1
42,-3634.462,-7477.921,-41.308,-139.159,-0.755854,0.653946,-0.032227,-0.653757,-0.756501,-0.017552,-0.035858,0.007802,0.999326,0,-0.08245,-0.50231,-4.947,-1.005,-1,400.000,725.000,375.000,350.000,325.000,325.000,325.000,300.000,-1,-1,-1,-1,750.000,450.000,-1,375.000,2,0,1,0,1,0,0,0,0,2,2,2,2,0,1,2,1
43,-3630.714,-7474.794,-41.111,-140.158,-0.767145,0.640658,-0.032342,-0.640463,-0.767791,-0.017430,-0.035999,0.007342,0.999325,0,-0.08136,-0.49955,-4.882,-0.999,-1,400.000,725.000,375.000,350.000,325.000,325.000,325.000,300.000,-1,-1,-1,-1,750.000,450.000,-1,375.000,2,0,1,0,1,0,0,0,0,2,2,2,2,0,1,2,1
44,-3626.960,-7471.770,-40.916,-141.151,-0.778143,0.627248,-0.032454,-0.627047,-0.778789,-0.017307,-0.036130,0.006883,0.999323,0,-0.08034,-0.49684,-4.820,-0.994,-1,400.000,700.000,375.000,350.000,325.000,325.000,325.000,300.000,-1,-1,-1,-1,750.000,425.000,-1,375.000,2,0,1,0,1,0,0,0,0,2,2,2,2,0,1,2,1
45,-3623.200,-7468.847,-40.722,-142.140,-0.788849,0.613724,-0.032564,-0.613517,-0.789495,-0.017181,-0.036254,0.006426,0.999322,0,-0.07937,-0.49417,-4.762,-0.988,-1,400.000,700.000,375.000,350.000,325.000,325.000,325.000,300.000,-1,-1,-1,-1,750.000,425.000,-1,375.000,2,0,1,0,1,0,0,0,0,2,2,2,2,0,1,2,1
46,-3619.434,-7466.022,-40.530,-143.123,-0.799265,0.600090,-0.032672,-0.599877,-0.799910,-0.017054,-0.036368,0.005969,0.999321,0,-0.07847,-0.49154,-4.708,-0.983,-1,400.000,675.000,375.000,375.000,325.000,325.000,325.000,300.000,-1,-1,-1,-1,750.000,425.000,-1,375.000,2,0,1,0,1,0,0,0,0,2,2,2,2,0,1,2,1
47,-3619.508,-7466.076,-40.505,-143.866,-0.806983,0.589667,-0.032743,-0.589449,-0.807627,-0.016971,-0.036451,0.005605,0.999320,0,0.00153,-0.37154,0.092,-0.743,-1,400.000,675.000,375.000,375.000,325.000,325.000,325.000,300.000,-1,-1,-1,-1,750.000,425.000,-1,375.000,2,0,1,1,1,0,0,0,0,2,2,2,2,0,1,2,1
48,-3623.486,-7468.922,-40.647,-144.419,-0.812641,0.581842,-0.032782,-0.581620,-0.813284,-0.016927,-0.036509,0.005311,0.999319,0,0.08153,-0.27661,4.892,-0.553,-1,400.000,650.000,375.000,375.000,325.000,325.000,325.000,300.000,-1,-1,-1,-1,750.000,425.000,-1,375.000,2,0,1,1,1,0,0,0,0,2,2,2,2,0,1,2,1
49,-3631.422,-7474.485,-40.949,-144.971,-0.818212,0.573981,-0.032803,-0.573753,-0.818854,-0.016898,-0.036560,0.004995,0.999319,0,0.16153,-0.27601,9.692,-0.552,-1,400.000,650.000,375.000,350.000,325.000,325.000,325.000,300.000,-1,-1,-1,-1,750.000,425.000,-1,375.000,2,0,1,1,1,0,0,0,0,2,2,2,2,1,1,2,1
50,-3643.368,-7482.688,-41.412,-145.523,-0.823706,0.566068,-0.032805,-0.565835,-0.824346,-0.016879,-0.036597,0.004659,0.999319,0,0.24153,-0.27594,14.492,-0.552,-1,400.000,625.000,350.000,350.000,325.000,325.000,325.000,300.000,-1,-1,-1,-1,725.000,400.000,-1,350.000,2,0,1,1,1,0,0,0,0,2,2,2,2,1,1,2,1
51,-3659.376,-7493.454,-42.038,-146.076,-0.829133,0.558089,-0.032783,-0.557851,-0.829770,-0.016862,-0.036613,0.004307,0.999320,0,0.32153,-0.27640,19.292,-0.553,-1,400.000,600.000,350.000,325.000,325.000,325.000,325.000,300.000,-1,-1,-1,-1,700.000,400.000,-1,350.000,2,0,1,1,1,0,0,0,0,2,2,2,2,1,1,2,1
52,-3679.495,-7506.705,-42.907,-146.631,-0.834518,0.550030,-0.032344,-0.549780,-0.835137,-0.016967,-0.036344,0.003622,0.999333,0,0.40153,-0.27739,24.092,-0.555,-1,400.000,575.000,325.000,300.000,325.000,325.000,325.000,300.000,-1,-1,-1,-1,650.000,375.000,-1,325.000,2,0,1,1,1,0,0,0,0,2,2,2,2,1,1,2,1
53,-3703.778,-7522.361,-43.979,-147.189,-0.839862,0.541874,-0.031698,-0.541611,-0.840455,-0.017123,-0.035919,0.002787,0.999351,0,0.48153,-0.27894,28.892,-0.558,-1,400.000,525.000,300.000,275.000,325.000,325.000,325.000,300.000,-1,-1,-1,-1,625.000,350.000,950.000,300.000,2,0,1,1,1,0,1,0,0,2,2,2,2,1,1,1,1
54,-3732.272,-7540.339,-45.226,-147.751,-0.845167,0.533603,-0.030988,-0.533327,-0.845733,-0.017272,-0.035424,0.001929,0.999371,0,0.56153,-0.28107,33.692,-0.562,-1,400.000,500.000,300.000,250.000,325.000,300.000,325.000,300.000,-1,-1,-1,-1,575.000,325.000,875.000,275.000,2,0,1,1,1,0,1,0,0,2,2,2,2,1,1,1,1
55,-3765.027,-7560.555,-46.615,-148.318,-0.850442,0.525199,-0.030244,-0.524906,-0.850979,-0.017543,-0.034951,0.000956,0.999389,0,0.64153,-0.28384,38.492,-0.568,-1,400.000,450.000,250.000,225.000,325.000,275.000,325.000,300.000,-1,-1,-1,-1,525.000,300.000,800.000,225.000,2,0,1,1,1,0,1,0,0,2,2,2,2,1,1,1,1
56,-3802.093,-7582.921,-48.130,-148.893,-0.855696,0.516638,-0.029490,-0.516326,-0.856204,-0.017978,-0.034537,-0.000157,0.999403,0,0.72153,-0.28730,43.292,-0.575,-1,400.000,400.000,225.000,175.000,300.000,250.000,325.000,300.000,-1,-1,-1,-1,475.000,250.000,700.000,200.000,2,1,1,1,1,1,1,0,0,2,2,2,2,1,1,1,1
57,-3843.520,-7607.346,-49.809,-149.476,-0.860938,0.507898,-0.028730,-0.507567,-0.861416,-0.018388,-0.034088,-0.001248,0.999418,0,0.80153,-0.29154,48.092,-0.583,-1,350.000,350.000,200.000,150.000,275.000,200.000,325.000,300.000,-1,-1,-1,-1,425.000,225.000,625.000,150.000,2,1,1,1,1,1,1,0,0,2,2,2,2,1,1,1,1
58,-3889.353,-7633.741,-44.517,-150.069,-0.866742,0.498742,0.003701,-0.498603,-0.866268,-0.031229,-0.012369,-0.028912,0.999505,0,0.88153,-0.29667,52.892,-0.593,-1,325.000,325.000,175.000,125.000,250.000,200.000,300.000,375.000,-1,275.000,525.000,-1,375.000,200.000,575.000,125.000,2,1,1,1,1,1,1,0,0,2,0,0,2,1,1,1,1
59,-3939.641,-7662.018,-34.682,-150.675,-0.870767,0.488412,0.056729,-0.491142,-0.869454,-0.053197,0.023341,-0.074184,0.996971,0,0.96153,-0.30284,57.692,-0.606,-1,300.000,325.000,175.000,125.000,225.000,175.000,275.000,475.000,650.000,75.000,250.000,-1,350.000,200.000,550.000,125.000,2,1,1,1,1,1,1,0,1,0,0,0,2,1,1,1,1
60,-3992.250,-7690.875,-24.518,-151.296,-0.872000,0.476753,0.111006,-0.485829,-0.870645,-0.077119,0.059881,-0.121178,0.990823,0,1.00000,-0.31024,60.000,-0.620,-1,275.000,325.000,175.000,125.000,225.000,175.000,250.000,575.000,350.000,25.000,200.000,-1,325.000,200.000,525.000,125.000,2,1,1,1,1,1,1,0,1,0,0,0,2,1,1,1,1
61,-4045.171,-7719.165,-14.355,-151.933,-0.870635,0.463818,0.163913,-0.482626,-0.869855,-0.102102,0.095224,-0.168003,0.981177,0,1.00000,-0.31867,60.000,-0.637,-1,250.000,325.000,175.000,100.000,200.000,175.000,225.000,950.000,225.000,0.000,175.000,-1,325.000,200.000,525.000,100.000,2,1,1,1,1,1,1,0,0,0,0,0,2,1,1,1,1
62,-5575.415,-2951.418,-48.008,2.970,0.990883,-0.050932,0.124725,0.026605,0.981530,0.189447,-0.132070,-0.184402,0.973937,1,0.00000,0.00000,60.000,-0.656,425.000,350.000,550.000,425.000,-1,325.000,375.000,225.000,175.000,-1,-1,-1,-1,450.000,525.000,475.000,775.000,0,0,1,1,2,0,1,0,1,2,2,2,2,1,1,1,1
63,-4915.692,1642.764,-99.349,37.660,0.791633,-0.610967,-0.006094,0.610891,0.791642,-0.010774,0.011407,0.004807,0.999923,1,0.08000,-0.12000,4.800,-0.240,600.000,350.000,-1,375.000,-1,300.000,300.000,275.000,-1,-1,0.000,0.000,-1,600.000,700.000,700.000,-1,0,0,2,0,2,0,0,0,2,2,1,1,2,0,0,0,2
64,-4908.043,1648.565,-99.462,37.180,0.796733,-0.604305,-0.005722,0.604200,0.796721,-0.013338,0.012619,0.007170,0.999895,0,0.16000,-0.24000,9.600,-0.480,625.000,350.000,-1,375.000,-1,300.000,300.000,275.000,-1,-1,0.000,0.000,-1,600.000,700.000,725.000,-1,0,0,2,0,2,0,0,0,2,2,1,1,2,0,0,0,2
65,-4896.462,1657.123,-99.628,36.460,0.804280,-0.594227,-0.005253,0.594076,0.804227,-0.017105,0.014389,0.010637,0.999840,0,0.24000,-0.36000,14.400,-0.720,650.000,350.000,-1,375.000,-1,300.000,300.000,275.000,-1,-1,0.000,0.000,-1,600.000,700.000,775.000,-1,0,0,2,0,2,0,0,0,2,2,1,1,2,0,0,0,2
66,-4880.833,1668.276,-99.843,35.509,0.814059,-0.580762,-0.004795,0.580543,0.813933,-0.021992,0.016675,0.015119,0.999747,0,0.32000,-0.47555,19.200,-0.951,675.000,350.000,-1,375.000,-1,300.000,300.000,275.000,-1,-1,25.000,0.000,-1,625.000,700.000,825.000,-1,0,0,2,0,2,0,0,0,2,2,1,1,2,0,0,0,2
67,-4861.068,1681.890,-100.194,34.556,0.823645,-0.567086,-0.004638,0.566757,0.823399,-0.028301,0.019868,0.020681,0.999589,0,0.40000,-0.47656,24.000,-0.953,725.000,375.000,-1,375.000,-1,300.000,325.000,275.000,-1,-1,50.000,0.000,-1,625.000,725.000,875.000,-1,0,0,2,0,2,0,0,0,2,2,1,1,2,0,0,0,2
68,-4837.081,1697.830,-100.636,33.600,0.833040,-0.553191,-0.004841,0.552700,0.832614,-0.035731,0.023797,0.027090,0.999350,0,0.48000,-0.47776,28.800,-0.956,825.000,375.000,-1,375.000,-1,300.000,325.000,275.000,-1,-1,75.000,0.000,-1,650.000,725.000,975.000,-1,0,0,2,0,2,0,0,0,2,2,1,1,2,0,0,0,2
69,-4808.789,1715.957,-101.110,32.642,0.842239,-0.539077,-0.005435,0.538363,0.841568,-0.043921,0.028251,0.034066,0.999020,0,0.56000,-0.47905,33.600,-0.958,925.000,375.000,-1,375.000,-1,325.000,325.000,300.000,-1,-1,100.000,25.000,-1,675.000,725.000,-1,-1,0,0,2,0,2,0,0,0,2,2,1,1,2,0,0,2,2
70,-4776.114,1736.128,-101.546,31.681,0.851233,-0.524749,-0.006424,0.523750,0.850255,-0.052456,0.032989,0.041288,0.998603,0,0.64000,-0.48031,38.400,-0.961,-1,400.000,-1,375.000,-1,325.000,325.000,300.000,-1,-1,125.000,25.000,-1,675.000,725.000,-1,-1,2,0,2,0,2,0,0,0,2,2,1,1,2,0,0,2,2
71,-4738.979,1758.204,-103.082,30.719,0.860067,-0.510109,-0.008557,0.508509,0.858484,-0.066507,0.041272,0.052849,0.997749,0,0.72000,-0.48139,43.200,-0.963,-1,400.000,-1,400.000,-1,325.000,325.000,300.000,-1,-1,125.000,25.000,-1,725.000,750.000,-1,-1,2,0,2,0,2,0,0,0,2,2,1,1,2,0,0,2,2
72,-4697.311,1782.035,-104.310,29.754,0.868661,-0.495282,-0.011098,0.492982,0.866407,-0.079421,0.048951,0.063519,0.996779,0,0.80000,-0.48209,48.000,-0.964,-1,425.000,-1,400.000,-1,325.000,325.000,325.000,-1,-1,125.000,0.000,-1,750.000,750.000,-1,-1,2,0,2,0,2,0,0,0,2,2,1,1,2,0,0,2,2
73,-4651.041,1807.473,-105.005,28.790,0.876972,-0.480339,-0.013966,0.477325,0.874091,-0.090146,0.055508,0.072389,0.995831,0,0.88000,-0.48219,52.800,-0.964,-1,425.000,-1,400.000,-1,350.000,325.000,325.000,-1,-1,0.000,0.000,-1,800.000,775.000,-1,-1,2,0,2,0,2,0,0,0,2,2,0,1,2,0,0,2,2
74,-4602.385,1833.164,-104.928,27.827,0.884951,-0.465376,-0.016935,0.461777,0.881647,-0.097266,0.060196,0.078255,0.995114,0,0.91701,-0.48144,55.021,-0.963,-1,425.000,-1,400.000,-1,350.000,325.000,325.000,-1,-1,0.000,0.000,-1,825.000,775.000,-1,-1,2,0,2,0,2,0,0,0,2,2,0,0,2,0,0,2,2
75,-4554.201,1857.579,-104.100,26.868,0.892589,-0.450455,-0.019384,0.446532,0.889130,-0.100289,0.062410,0.080862,0.994769,0,0.90027,-0.47967,54.016,-0.959,-1,425.000,-1,400.000,-1,350.000,325.000,325.000,-1,-1,0.000,0.000,-1,825.000,775.000,-1,-1,2,0,2,0,2,0,0,0,2,2,0,0,2,0,0,2,2
76,-4506.469,1880.770,-102.556,25.914,0.899894,-0.435601,-0.021051,0.431641,0.896527,-0.099624,0.062269,0.080565,0.994802,0,0.88443,-0.47695,53.066,-0.954,-1,425.000,-1,400.000,-1,350.000,325.000,300.000,-1,-1,0.000,0.000,-1,825.000,775.000,-1,-1,2,0,2,0,2,0,0,0,2,2,0,0,2,0,0,2,2
77,-4459.167,1902.791,-100.218,24.967,0.906901,-0.420810,-0.021208,0.417118,0.903778,-0.095903,0.059524,0.078129,0.995165,0,0.86962,-0.47338,52.177,-0.947,-1,425.000,-1,400.000,-1,350.000,325.000,300.000,-1,-1,0.000,0.000,-1,800.000,775.000,-1,-1,2,0,2,0,2,0,0,0,2,2,0,0,2,0,0,2,2
78,-4412.260,1923.698,-97.093,24.029,0.913599,-0.406087,-0.020744,0.402814,0.910837,-0.090094,0.055480,0.073954,0.995717,0,0.85591,-0.46901,51.354,-0.938,-1,425.000,-1,400.000,-1,350.000,325.000,300.000,-1,-1,0.000,0.000,-1,775.000,775.000,-1,-1,2,0,2,0,2,0,0,0,2,2,0,0,2,0,0,2,2
79,-4365.714,1943.545,-93.225,23.101,0.919992,-0.391445,-0.019623,0.388697,0.917667,-0.082472,0.050291,0.068246,0.996400,0,0.84334,-0.46391,50.601,-0.928,-1,400.000,-1,400.000,-1,350.000,325.000,300.000,-1,-1,25.000,0.000,-1,750.000,775.000,-1,-1,2,0,2,0,2,0,0,0,2,2,0,0,2,0,0,2,2
80,-4319.491,1962.386,-88.874,22.185,0.926083,-0.376913,-0.017499,0.374816,0.924284,-0.072197,0.043385,0.060301,0.997237,0,0.83194,-0.45815,49.916,-0.916,-1,400.000,-1,400.000,-1,325.000,325.000,275.000,-1,-1,350.000,300.000,-1,725.000,775.000,-1,-1,2,0,2,0,2,0,0,0,2,2,0,0,2,0,0,2,2
81,-4273.549,1980.271,-84.075,21.282,0.931877,-0.362492,-0.014303,0.361094,0.930629,-0.059498,0.034879,0.050280,0.998126,0,0.82168,-0.45177,49.301,-0.904,975.000,400.000,-1,400.000,-1,325.000,325.000,275.000,-1,-1,850.000,600.000,-1,700.000,750.000,-1,-1,1,0,2,0,2,0,0,0,2,2,1,1,2,0,0,2,2
82,-4227.850,1997.257,-81.726,20.392,0.937378,-0.348024,-0.014179,0.346724,0.936214,-0.057325,0.033225,0.048819,0.998255,0,0.81255,-0.44484,48.753,-0.890,925.000,375.000,-1,400.000,-1,325.000,325.000,275.000,-1,-1,950.000,675.000,-1,675.000,750.000,-1,-1,1,0,2,0,2,0,0,0,2,2,1,1,2,0,0,2,2
83,-4182.354,2013.384,-80.106,19.517,0.942568,-0.333677,-0.014991,0.332334,0.941380,-0.057942,0.033446,0.049632,0.998207,0,0.80450,-0.43739,48.270,-0.875,925.000,400.000,-1,400.000,-1,325.000,325.000,275.000,-1,-1,-1,750.000,-1,700.000,775.000,-1,-1,1,0,2,0,2,0,0,0,2,2,2,1,2,0,0,2,2
84,-4137.020,2028.693,-78.564,18.658,0.947449,-0.319516,-0.015835,0.318132,0.946242,-0.058471,0.033667,0.050361,0.998164,0,0.79748,-0.42945,47.849,-0.859,900.000,400.000,-1,400.000,-1,325.000,325.000,275.000,-1,-1,-1,825.000,-1,700.000,775.000,-1,-1,1,0,2,0,2,0,0,0,2,2,2,1,2,0,0,2,2
85,-4091.810,2043.223,-77.096,17.816,0.952025,-0.305564,-0.016709,0.304138,0.950804,-0.058916,0.033889,0.051007,0.998123,0,0.79145,-0.42108,47.487,-0.842,900.000,400.000,-1,400.000,-1,325.000,325.000,275.000,-1,-1,925.000,900.000,-1,700.000,775.000,-1,-1,1,0,2,0,2,0,0,0,2,2,0,1,2,0,0,2,2
86,-4046.688,2057.011,-75.697,16.991,0.956305,-0.291841,-0.017607,0.290374,0.955075,-0.059279,0.034116,0.051576,0.998086,0,0.78635,-0.41228,47.181,-0.825,900.000,400.000,-1,400.000,-1,325.000,325.000,275.000,-1,-1,875.000,975.000,-1,700.000,775.000,-1,-1,1,0,2,0,2,0,0,0,2,2,0,1,2,0,0,2,2
87,-4001.620,2070.092,-74.317,16.185,0.960297,-0.278369,-0.018444,0.276873,0.959071,-0.059367,0.034215,0.051903,0.998066,0,0.78213,-0.40310,46.928,-0.806,875.000,400.000,-1,400.000,-1,325.000,325.000,275.000,-1,-1,825.000,950.000,-1,700.000,775.000,-1,-1,1,0,2,0,2,0,0,0,2,2,0,0,2,0,0,2,2
88,-3956.573,2082.499,-72.944,15.398,0.964009,-0.265167,-0.019299,0.263650,0.962802,-0.059175,0.034272,0.051958,0.998061,0,0.77874,-0.39354,46.724,-0.787,875.000,400.000,-1,400.000,-1,325.000,325.000,275.000,-1,-1,825.000,900.000,-1,700.000,775.000,-1,-1,1,0,2,0,2,0,0,0,2,2,0,0,2,0,0,2,2
89,-3911.515,2094.261,-71.618,14.631,0.967451,-0.252251,-0.020187,0.250714,0.966269,-0.058884,0.034360,0.051906,0.998061,0,0.77613,-0.38364,46.568,-0.767,875.000,400.000,-1,400.000,-1,325.000,325.000,275.000,-1,-1,800.000,875.000,-1,700.000,775.000,-1,-1,1,0,2,0,2,0,0,0,2,2,0,0,2,0,0,2,2
90,-3862.099,2106.472,-70.159,13.880,0.970656,-0.239560,-0.020912,0.238007,0.969488,-0.058704,0.034337,0.052004,0.998056,0,0.84835,-0.37559,50.901,-0.751,850.000,400.000,-1,400.000,-1,325.000,325.000,250.000,-1,-1,800.000,875.000,-1,725.000,775.000,-1,-1,1,0,2,0,2,0,0,0,2,2,0,0,2,0,0,2,2
91,-3812.833,2117.976,-68.459,13.143,0.973663,-0.227057,-0.020607,0.225510,0.972424,-0.059465,0.033541,0.053252,0.998018,0,0.84319,-0.36843,50.591,-0.737,850.000,400.000,-1,400.000,-1,325.000,325.000,275.000,-1,-1,850.000,925.000,-1,725.000,775.000,-1,-1,1,0,2,0,2,0,0,0,2,2,0,0,2,0,0,2,2
92,-3763.699,2128.799,-66.760,12.421,0.976456,-0.214776,-0.020099,0.213242,0.975132,-0.060377,0.032567,0.054669,0.997973,0,0.83854,-0.36080,50.312,-0.722,850.000,400.000,-1,400.000,-1,325.000,325.000,275.000,-1,-1,925.000,975.000,-1,725.000,775.000,-1,-1,1,0,2,0,2,0,0,0,2,2,0,0,2,0,0,2,2
93,-3719.094,2137.842,-65.277,11.460,0.979932,-0.198366,-0.019593,0.196860,0.978527,-0.061084,0.031289,0.056001,0.997940,0,0.75854,-0.48080,45.512,-0.962,850.000,400.000,-1,400.000,-1,350.000,325.000,275.000,-1,-1,975.000,-1,-1,725.000,775.000,-1,-1,1,0,2,0,2,0,0,0,2,2,0,2,2,0,0,2,2
94,-3679.032,2145.093,-64.011,10.258,0.983883,-0.177790,-0.019092,0.176328,0.982403,-0.061584,0.029705,0.057225,0.997919,0,0.67854,-0.60080,40.712,-1.202,875.000,400.000,-1,400.000,-1,350.000,325.000,275.000,300.000,-1,-1,-1,-1,725.000,775.000,-1,-1,1,0,2,0,2,0,0,0,1,2,2,2,2,0,0,2,2
95,-3643.544,2150.598,-62.958,8.816,0.988050,-0.153009,-0.018590,0.151605,0.986502,-0.061883,0.027808,0.058325,0.997910,0,0.59854,-0.72080,35.912,-1.442,900.000,400.000,-1,400.000,-1,350.000,325.000,275.000,300.000,-1,-1,-1,-1,725.000,750.000,-1,-1,1,0,2,0,2,0,0,0,1,2,2,2,2,0,0,2,2
96,-3608.399,2155.103,-61.997,7.304,0.991748,-0.126918,-0.018127,0.125578,0.990141,-0.062052,0.025823,0.059263,0.997908,0,0.59053,-0.75600,35.432,-1.512,925.000,400.000,-1,400.000,-1,350.000,325.000,275.000,300.000,-1,-1,-1,-1,725.000,750.000,-1,-1,1,0,2,0,2,0,0,0,1,2,2,2,2,0,0,2,2
97,-3573.013,2158.701,-61.113,5.805,0.994733,-0.100955,-0.017718,0.099681,0.993080,-0.062100,0.023864,0.060007,0.997913,0,0.59280,-0.74991,35.568,-1.500,975.000,400.000,-1,400.000,-1,350.000,325.000,275.000,300.000,-1,-1,-1,-1,725.000,750.000,-1,-1,1,0,2,0,2,0,0,0,1,2,2,2,2,0,0,2,2
98,-3537.413,2161.389,-60.305,4.317,0.997022,-0.075137,-0.017353,0.073930,0.995333,-0.062024,0.021932,0.060557,0.997924,0,0.59502,-0.74380,35.701,-1.488,-1,400.000,-1,400.000,-1,350.000,325.000,275.000,300.000,-1,-1,-1,-1,750.000,750.000,-1,-1,2,0,2,0,2,0,0,0,0,2,2,2,2,0,0,2,2
99,-3501.625,2163.165,-59.574,2.842,0.998630,-0.049484,-0.017023,0.048345,0.996916,-0.061822,0.020030,0.060915,0.997942,0,0.59718,-0.73768,35.831,-1.475,-1,400.000,-1,400.000,-1,350.000,325.000,275.000,300.000,-1,-1,-1,-1,750.000,725.000,-1,-1,2,0,2,0,2,0,0,0,0,2,2,2,2,0,0,2,2
100,-3465.678,2164.030,-58.919,1.379,0.999572,-0.024013,-0.016717,0.022943,0.997844,-0.061492,0.018157,0.061083,0.997968,0,0.59929,-0.73155,35.957,-1.463,-1,400.000,-1,400.000,-1,325.000,325.000,275.000,300.000,-1,-1,-1,-1,750.000,725.000,-1,-1,2,0,2,0,2,0,0,0,1,2,2,2,2,0,0,2,2
101,-3429.597,2163.984,-58.338,-0.072,0.999864,0.001259,-0.016425,-0.002259,0.998133,-0.061033,0.016317,0.061062,0.998001,0,0.60134,-0.72541,36.081,-1.451,-1,400.000,-1,400.000,-1,325.000,325.000,275.000,300.000,-1,-1,-1,-1,750.000,725.000,-1,-1,2,0,2,0,2,0,0,0,1,2,2,2,2,0,0,2,2
102,-3393.408,2163.029,-57.832,-1.511,0.999523,0.026316,-0.016136,-0.027246,0.997800,-0.060445,0.014510,0.060855,0.998041,0,0.60335,-0.71925,36.201,-1.439,-1,400.000,-1,375.000,-1,325.000,325.000,275.000,300.000,-1,-1,-1,-1,750.000,725.000,-1,-1,2,0,2,0,2,0,0,0,1,2,2,2,2,0,0,2,2
103,-3357.137,2161.168,-57.399,-2.937,0.998566,0.051143,-0.015842,-0.052003,0.996859,-0.059726,0.012738,0.060464,0.998089,0,0.60530,-0.71309,36.318,-1.426,-1,400.000,-1,375.000,-1,325.000,325.000,275.000,300.000,-1,-1,-1,-1,750.000,700.000,-1,-1,2,0,2,0,2,0,0,0,1,2,2,2,2,0,0,2,2
104,-3320.809,2158.403,-57.039,-4.351,0.997008,0.075726,-0.015532,-0.076515,0.995328,-0.058879,0.011001,0.059891,0.998144,0,0.60721,-0.70690,36.432,-1.414,-1,400.000,-1,375.000,-1,325.000,325.000,275.000,-1,-1,-1,-1,-1,750.000,700.000,-1,-1,2,0,2,0,2,0,0,0,2,2,2,2,2,0,0,2,2
105,-3284.449,2154.740,-56.710,-5.752,0.994866,0.100049,-0.015210,-0.100771,0.993214,-0.058066,0.009298,0.059301,0.998197,0,0.60907,-0.70070,36.544,-1.401,-1,400.000,-1,375.000,-1,325.000,325.000,275.000,-1,-1,-1,-1,-1,750.000,700.000,-1,-1,2,0,2,0,2,0,0,0,2,2,2,2,2,0,0,2,2
106,-3248.080,2150.183,-56.409,-7.141,0.992158,0.124100,-0.014922,-0.124758,0.990535,-0.057239,0.007677,0.058652,0.998249,0,0.61088,-0.69449,36.653,-1.389,-1,400.000,-1,375.000,-1,325.000,325.000,275.000,-1,-1,-1,-1,-1,750.000,700.000,-1,-1,2,0,2,0,2,0,0,0,2,2,2,2,2,0,0,2,2
107,-3207.567,2144.115,-56.102,-8.517,0.988901,0.147853,-0.014645,-0.148448,0.987333,-0.056015,0.006178,0.057567,0.998323,0,0.68274,-0.68780,40.964,-1.376,-1,400.000,-1,375.000,-1,325.000,325.000,275.000,-1,-1,-1,-1,-1,750.000,700.000,-1,-1,2,0,2,0,2,0,0,0,2,2,2,2,2,0,0,2,2
108,-3167.087,2137.058,-55.866,-9.887,0.985090,0.171442,-0.014329,-0.171974,0.983585,-0.054641,0.004726,0.056290,0.998403,0,0.68483,-0.68537,41.090,-1.371,-1,400.000,-1,375.000,-1,325.000,325.000,275.000,-1,-1,-1,-1,-1,750.000,675.000,-1,-1,2,0,2,0,2,0,0,0,2,2,2,2,2,0,0,2,2
109,-3126.672,2129.015,-55.702,-11.254,0.980732,0.194857,-0.013954,-0.195328,0.979297,-0.053140,0.003310,0.054842,0.998490,0,0.68679,-0.68303,41.207,-1.366,-1,400.000,-1,375.000,-1,325.000,300.000,275.000,-1,-1,-1,-1,-1,750.000,675.000,-1,-1,2,0,2,0,2,0,0,0,2,2,2,2,2,0,0,2,2
110,-3086.353,2119.990,-55.610,-12.615,0.975836,0.218086,-0.013511,-0.218495,0.974477,-0.051516,0.001931,0.053223,0.998581,0,0.68860,-0.68063,41.316,-1.361,-1,400.000,-1,375.000,-1,325.000,300.000,275.000,-1,-1,-1,-1,-1,725.000,675.000,-1,-1,2,0,2,0,2,0,0,0,2,2,2,2,2,0,0,2,2
111,-3046.162,2109.991,-55.548,-13.969,0.970417,0.241075,-0.013158,-0.241432,0.969134,-0.049900,0.000722,0.051600,0.998668,0,0.69027,-0.67708,41.416,-1.354,-1,400.000,-1,375.000,-1,325.000,300.000,275.000,-1,-1,-1,-1,-1,725.000,675.000,-1,-1,2,0,2,0,2,0,0,0,2,2,2,2,2,0,0,2,2
112,-3006.130,2099.028,-55.242,-15.316,0.964476,0.263796,-0.014062,-0.264170,0.963224,-0.049132,0.000584,0.051101,0.998693,0,0.69177,-0.67347,41.506,-1.347,-1,400.000,-1,375.000,-1,325.000,300.000,275.000,-1,1000.000,975.000,-1,-1,725.000,675.000,-1,-1,2,0,2,0,2,0,0,0,2,0,0,2,2,0,0,2,2
113,-2966.288,2087.108,-54.988,-16.656,0.958037,0.286251,-0.014989,-0.286643,0.956823,-0.048230,0.000536,0.050503,0.998724,0,0.69309,-0.66981,41.586,-1.340,-1,375.000,-1,375.000,-1,325.000,300.000,275.000,-1,1000.000,875.000,-1,-1,725.000,675.000,-1,-1,2,0,2,0,2,0,0,0,2,0,0,2,2,0,0,2,2
114,-2926.670,2074.244,-54.787,-17.988,0.951114,0.308429,-0.015931,-0.308840,0.949942,-0.047195,0.000577,0.049808,0.998759,0,0.69424,-0.66608,41.654,-1.332,-1,375.000,-1,375.000,-1,325.000,300.000,275.000,-1,875.000,800.000,-1,-1,725.000,675.000,-1,-1,2,0,2,0,2,0,0,0,2,1,0,2,2,0,0,2,2
115,-2887.305,2060.449,-54.637,-19.312,0.943718,0.330319,-0.016877,-0.330749,0.942596,-0.046027,0.000705,0.049018,0.998798,0,0.69520,-0.66230,41.712,-1.325,-1,375.000,-1,375.000,-1,325.000,300.000,275.000,-1,825.000,750.000,-1,-1,725.000,675.000,-1,-1,2,0,2,0,2,0,0,0,2,1,0,2,2,0,0,2,2
116,-2848.224,2045.736,-54.537,-20.629,0.935864,0.351910,-0.017819,-0.352360,0.934795,-0.044725,0.000918,0.048135,0.998840,0,0.69596,-0.65845,41.758,-1.317,-1,375.000,-1,375.000,-1,325.000,300.000,275.000,-1,800.000,700.000,975.000,-1,725.000,675.000,-1,-1,2,0,2,1,2,0,0,0,2,1,0,0,2,0,0,2,2
117,-2809.458,2030.122,-54.486,-21.938,0.927565,0.373191,-0.018748,-0.373660,0.926555,-0.043291,0.001215,0.047161,0.998887,0,0.69654,-0.65453,41.792,-1.309,-1,375.000,-1,375.000,-1,325.000,300.000,275.000,-1,775.000,650.000,900.000,-1,725.000,675.000,-1,-1,2,0,2,0,2,0,0,0,2,1,0,0,2,0,0,2,2
118,-2766.572,2011.910,-54.494,-23.007,0.920418,0.390437,-0.019729,-0.390930,0.919487,-0.041443,0.001960,0.045858,0.998946,0,0.77654,-0.53453,46.592,-1.069,-1,375.000,-1,375.000,-1,325.000,300.000,275.000,-1,775.000,625.000,850.000,-1,725.000,675.000,-1,-1,2,0,2,0,2,0,0,0,2,1,0,0,2,0,0,2,2
119,-2719.564,1991.141,-54.747,-23.836,0.914661,0.403709,-0.020375,-0.404216,0.913760,-0.040632,0.002214,0.045401,0.998966,0,0.85654,-0.41453,51.392,-0.829,-1,375.000,-1,375.000,-1,300.000,300.000,275.000,-1,775.000,625.000,850.000,-1,725.000,650.000,-1,-1,2,0,2,0,2,0,0,0,2,1,0,0,2,0,0,2,2
120,-2668.615,1968.004,-55.813,-24.425,0.910490,0.413028,-0.020391,-0.413531,0.909444,-0.043625,0.000526,0.048153,0.998840,0,0.93261,-0.29453,55.956,-0.589,-1,375.000,-1,350.000,-1,300.000,300.000,300.000,-1,800.000,650.000,875.000,-1,700.000,650.000,-1,-1,2,0,2,0,2,0,0,0,2,1,0,0,2,0,0,2,2
121,-2618.104,1944.514,-56.146,-24.941,0.906717,0.421197,-0.021401,-0.421739,0.905681,-0.043350,0.001124,0.048332,0.998831,0,0.92842,-0.25796,55.705,-0.516,-1,375.000,-1,350.000,-1,300.000,300.000,300.000,-1,825.000,675.000,875.000,-1,700.000,625.000,-1,-1,2,0,2,0,2,0,0,0,2,1,0,0,2,0,0,2,2
122,-2568.044,1920.696,-55.784,-25.443,0.902930,0.429163,-0.023146,-0.429770,0.902062,-0.039765,0.003814,0.045853,0.998941,0,0.92395,-0.25092,55.437,-0.502,-1,375.000,-1,350.000,-1,300.000,300.000,300.000,-1,825.000,625.000,850.000,-1,725.000,650.000,-1,-1,2,0,2,0,2,0,0,0,2,1,0,0,2,0,0,2,2
123,-2518.431,1896.571,-54.387,-25.930,0.899167,0.436887,-0.025047,-0.437540,0.898546,-0.034274,0.007532,0.041777,0.999099,0,0.91947,-0.24331,55.168,-0.487,-1,375.000,-1,375.000,-1,325.000,300.000,300.000,-1,850.000,600.000,800.000,-1,725.000,675.000,-1,-1,2,0,2,0,2,0,0,0,2,1,0,0,2,0,0,2,2
124,-2469.254,1872.157,-52.503,-26.400,0.895452,0.444337,-0.027043,-0.444998,0.895107,-0.027571,0.011955,0.036722,0.999254,0,0.91506,-0.23516,54.904,-0.470,-1,400.000,-1,375.000,-1,325.000,325.000,300.000,-1,850.000,575.000,775.000,-1,750.000,700.000,-1,-1,2,0,2,0,2,0,0,0,2,1,0,0,2,0,0,2,2
125,-2420.497,1847.471,-51.797,-26.853,0.891884,0.451411,-0.027768,-0.452080,0.891589,-0.026306,0.012883,0.036016,0.999268,0,0.91082,-0.22647,54.649,-0.453,-1,400.000,-1,375.000,-1,325.000,325.000,300.000,-1,875.000,600.000,800.000,-1,750.000,700.000,-1,-1,2,0,2,0,2,0,0,0,2,1,0,0,2,0,0,2,2
126,-2372.142,1822.526,-51.105,-27.288,0.888409,0.458170,-0.028447,-0.458846,0.888162,-0.025072,0.013778,0.035327,0.999281,0,0.90683,-0.21726,54.410,-0.435,-1,400.000,-1,375.000,-1,325.000,325.000,300.000,-1,900.000,625.000,775.000,-1,775.000,725.000,-1,-1,2,0,2,0,2,0,0,0,2,1,0,0,2,0,0,2,2
127,-2324.163,1797.334,-50.426,-27.703,0.885041,0.464603,-0.029081,-0.465282,0.884841,-0.023870,0.014642,0.034657,0.999292,0,0.90318,-0.20753,54.191,-0.415,-1,400.000,-1,375.000,-1,325.000,325.000,300.000,-1,925.000,650.000,750.000,-1,775.000,725.000,-1,-1,2,0,2,0,2,0,0,0,2,1,0,0,2,0,0,2,2
128,-2276.530,1771.903,-49.759,-28.097,0.881796,0.470696,-0.029672,-0.471377,0.881640,-0.022702,0.015474,0.034005,0.999302,0,0.89994,-0.19729,53.997,-0.395,-1,400.000,-1,375.000,-1,325.000,325.000,300.000,-1,950.000,675.000,750.000,-1,775.000,725.000,-1,-1,2,0,2,0,2,0,0,0,2,1,0,0,2,0,0,2,2
129,-2229.209,1746.241,-49.103,-28.470,0.878689,0.476438,-0.030222,-0.477118,0.878575,-0.021570,0.016275,0.033372,0.999310,0,0.89719,-0.18656,53.832,-0.373,-1,400.000,-1,375.000,-1,325.000,325.000,300.000,-1,950.000,700.000,725.000,-1,775.000,725.000,-1,-1,2,0,2,0,2,0,0,0,2,1,0,0,2,0,0,2,2
130,-2182.161,1720.354,-48.457,-28.821,0.875733,0.481816,-0.030733,-0.482494,0.875660,-0.020474,0.017046,0.032758,0.999318,0,0.89499,-0.17535,53.699,-0.351,-1,400.000,-1,375.000,-1,325.000,325.000,300.000,-1,975.000,675.000,725.000,-1,775.000,750.000,-1,-1,2,0,2,0,2,0,0,0,2,1,0,0,2,0,0,2,2
131,-2135.395,1694.268,-48.033,-29.152,0.872881,0.486868,-0.032222,-0.487585,0.872847,-0.019967,0.018403,0.033140,0.999281,0,0.89248,-0.16573,53.549,-0.331,-1,400.000,-1,375.000,-1,325.000,325.000,300.000,-1,1000.000,625.000,675.000,-1,775.000,750.000,-1,-1,2,0,2,0,2,0,0,0,2,1,0,0,2,0,0,2,2
132,-2089.044,1668.070,-48.488,-29.478,0.869917,0.491754,-0.037706,-0.492696,0.869936,-0.021484,0.022237,0.037267,0.999058,0,0.88737,-0.16298,53.242,-0.326,-1,400.000,-1,400.000,-1,325.000,325.000,300.000,300.000,-1,425.000,450.000,-1,800.000,750.000,-1,-1,2,0,2,0,2,0,0,0,1,2,0,0,2,0,0,2,2
133,-2043.077,1641.747,-48.293,-29.798,0.867060,0.496570,-0.040324,-0.497620,0.867121,-0.021825,0.024128,0.038989,0.998948,0,0.88284,-0.15993,52.970,-0.320,-1,400.000,-1,400.000,-1,325.000,325.000,300.000,275.000,-1,350.000,350.000,-1,825.000,750.000,-1,-1,2,0,2,0,2,0,0,0,0,2,0,0,2,0,0,2,2
134,-1997.461,1615.292,-47.441,-30.111,0.864336,0.501315,-0.040092,-0.502337,0.864415,-0.021054,0.024102,0.038337,0.998974,0,0.87888,-0.15658,52.733,-0.313,-1,400.000,-1,400.000,-1,325.000,325.000,300.000,275.000,-1,375.000,400.000,-1,825.000,750.000,-1,-1,2,0,2,0,2,0,0,0,0,2,0,0,2,0,0,2,2
