timestep,x_cm,y_cm,z_cm,yaw_deg,basis_xx,basis_xy,basis_xz,basis_yx,basis_yy,basis_yz,basis_zx,basis_zy,basis_zz,teleport_flag,throttle_cmd,steering_cmd,cmd_move_cm,cmd_turn_deg,lidar_cm_0,lidar_cm_1,lidar_cm_2,lidar_cm_3,lidar_cm_4,lidar_cm_5,lidar_cm_6,lidar_cm_7,lidar_cm_8,lidar_cm_9,lidar_cm_10,lidar_cm_11,lidar_cm_12,lidar_cm_13,lidar_cm_14,lidar_cm_15,lidar_cm_16,lidar_class_0,lidar_class_1,lidar_class_2,lidar_class_3,lidar_class_4,lidar_class_5,lidar_class_6,lidar_class_7,lidar_class_8,lidar_class_9,lidar_class_10,lidar_class_11,lidar_class_12,lidar_class_13,lidar_class_14,lidar_class_15,lidar_class_16
0,8858.989,6890.081,-113.244,35.529,0.813912,-0.580969,-0.004738,0.580895,0.813606,0.024618,-0.010447,-0.022789,0.999686,1,0.08000,-0.12000,4.800,-0.240,-1,400.000,-1,400.000,-1,325.000,325.000,300.000,300.000,-1,-1,-1,-1,775.000,750.000,-1,-1,2,0,2,0,2,0,0,0,0,2,2,2,2,0,0,2,2
1,8866.848,6895.594,-113.347,35.049,0.818749,-0.574131,-0.004803,0.574060,0.818442,0.024641,-0.010216,-0.022932,0.999685,0,0.16000,-0.24000,9.600,-0.480,-1,400.000,-1,400.000,-1,325.000,325.000,300.000,300.000,-1,-1,-1,-1,775.000,750.000,-1,-1,2,0,2,0,2,0,0,0,0,2,2,2,2,0,0,2,2
2,8878.740,6903.715,-113.497,34.329,0.825898,-0.563798,-0.004898,0.563733,0.825588,0.024674,-0.009868,-0.023139,0.999684,0,0.24000,-0.36000,14.400,-0.720,-1,400.000,-1,400.000,-1,325.000,325.000,300.000,300.000,-1,-1,-1,-1,775.000,750.000,-1,-1,2,0,2,0,2,0,0,0,0,2,2,2,2,0,0,2,2
3,8894.774,6914.276,-113.690,33.369,0.835226,-0.549884,-0.005007,0.549826,0.834913,0.024714,-0.009410,-0.023394,0.999682,0,0.32000,-0.48000,19.200,-0.960,-1,400.000,-1,400.000,-1,325.000,325.000,300.000,300.000,-1,-1,-1,-1,775.000,750.000,-1,-1,2,0,2,0,2,0,0,0,0,2,2,2,2,0,0,2,2
4,8915.090,6927.054,-113.922,32.169,0.846556,-0.532275,-0.005109,0.532226,0.846241,0.024753,-0.008852,-0.023674,0.999681,0,0.40000,-0.60000,24.000,-1.200,-1,400.000,-1,400.000,-1,325.000,325.000,300.000,300.000,-1,-1,-1,-1,775.000,750.000,-1,-1,2,0,2,0,2,0,0,0,0,2,2,2,2,0,0,2,2
5,8939.846,6941.770,-114.180,30.729,0.859662,-0.510837,-0.005221,0.510798,0.859343,0.024795,-0.008180,-0.023982,0.999679,0,0.48000,-0.72000,28.800,-1.440,-1,400.000,-1,400.000,-1,325.000,325.000,300.000,300.000,-1,-1,-1,-1,750.000,750.000,-1,-1,2,0,2,0,2,0,0,0,0,2,2,2,2,0,0,2,2
6,8969.219,6958.085,-114.452,29.049,0.874265,-0.485420,-0.005338,0.485393,0.873943,0.024839,-0.007392,-0.024307,0.999677,0,0.56000,-0.84000,33.600,-1.680,-1,400.000,-1,400.000,-1,325.000,325.000,300.000,300.000,-1,-1,-1,-1,750.000,750.000,-1,-1,2,0,2,0,2,0,0,0,0,2,2,2,2,0,0,2,2
7,9003.035,6975.412,-114.721,27.129,0.890033,-0.455863,-0.005454,0.455849,0.889709,0.024881,-0.006490,-0.024631,0.999676,0,0.63327,-0.96000,37.996,-1.920,-1,400.000,-1,400.000,-1,325.000,325.000,300.000,300.000,-1,-1,-1,-1,750.000,750.000,-1,-1,2,0,2,0,2,0,0,0,0,2,2,2,2,0,0,2,2
8,9037.435,6991.547,-114.951,25.129,0.905396,-0.424532,-0.005553,0.424532,0.905070,0.024918,-0.005552,-0.024918,0.999674,0,0.63327,-1.00000,37.996,-2.000,-1,400.000,-1,400.000,-1,325.000,325.000,300.000,300.000,-1,-1,-1,-1,750.000,750.000,-1,-1,2,0,2,0,2,0,0,0,0,2,2,2,2,0,0,2,2
9,9072.377,7006.472,-115.142,23.129,0.919656,-0.392684,-0.005635,0.392698,0.919329,0.024943,-0.004615,-0.025152,0.999673,0,0.63327,-1.00000,37.996,-2.000,-1,400.000,-1,400.000,-1,325.000,325.000,300.000,300.000,-1,-1,-1,-1,750.000,750.000,-1,-1,2,0,2,0,2,0,0,0,0,2,2,2,2,0,0,2,2
10,9107.818,7020.169,-115.295,21.129,0.932796,-0.360359,-0.005699,0.360386,0.932469,0.024958,-0.003679,-0.025334,0.999672,0,0.63327,-1.00000,37.996,-2.000,-1,400.000,-1,400.000,-1,325.000,325.000,300.000,300.000,-1,-1,-1,-1,750.000,750.000,-1,-1,2,0,2,0,2,0,0,0,0,2,2,2,2,0,0,2,2
11,9143.716,7032.620,-115.398,19.129,0.944800,-0.327596,-0.005792,0.327636,0.944474,0.024990,-0.002716,-0.025508,0.999671,0,0.63327,-1.00000,37.996,-2.000,-1,400.000,-1,400.000,-1,325.000,325.000,300.000,300.000,-1,-1,-1,-1,750.000,750.000,-1,-1,2,0,2,0,2,0,0,0,0,2,2,2,2,0,0,2,2
12,9180.027,7043.811,-115.457,17.129,0.955654,-0.294433,-0.005893,0.294487,0.955328,0.025030,-0.001740,-0.025655,0.999669,0,0.63327,-1.00000,37.996,-2.000,-1,400.000,-1,400.000,-1,325.000,325.000,300.000,300.000,-1,-1,-1,-1,750.000,750.000,-1,-1,2,0,2,0,2,0,0,0,0,2,2,2,2,0,0,2,2
13,9216.706,7053.728,-115.479,15.129,0.965344,-0.260913,-0.005975,0.260980,0.965019,0.025062,-0.000773,-0.025753,0.999668,0,0.63327,-1.00000,37.996,-2.000,-1,400.000,-1,400.000,-1,325.000,325.000,300.000,300.000,-1,-1,-1,-1,750.000,750.000,-1,-1,2,0,2,0,2,0,0,0,0,2,2,2,2,0,0,2,2
14,9253.709,7062.359,-115.466,13.129,0.973859,-0.227075,-0.006047,0.227155,0.973535,0.025092,0.000189,-0.025809,0.999667,0,0.63327,-1.00000,37.996,-2.000,-1,400.000,-1,400.000,-1,325.000,325.000,300.000,300.000,-1,-1,-1,-1,750.000,750.000,-1,-1,2,0,2,0,2,0,0,0,0,2,2,2,2,0,0,2,2
15,9290.990,7069.693,-115.373,11.129,0.981187,-0.192962,-0.006218,0.193057,0.980871,0.024900,0.001295,-0.025632,0.999671,0,0.63327,-1.00000,37.996,-2.000,-1,400.000,-1,400.000,-1,325.000,325.000,300.000,300.000,-1,-1,-1,-1,725.000,750.000,-1,-1,2,0,2,0,2,0,0,0,0,2,2,2,2,0,0,2,2
16,9328.505,7075.722,-115.246,9.129,0.987320,-0.158613,-0.006379,0.158723,0.987014,0.024687,0.002380,-0.025387,0.999675,0,0.63327,-1.00000,37.996,-2.000,-1,400.000,-1,400.000,-1,325.000,325.000,300.000,300.000,-1,-1,-1,-1,725.000,750.000,-1,-1,2,0,2,0,2,0,0,0,0,2,2,2,2,0,0,2,2
17,9366.207,7080.437,-115.099,7.129,0.992252,-0.124071,-0.006496,0.124194,0.991957,0.024438,0.003412,-0.025055,0.999680,0,0.63327,-1.00000,37.996,-2.000,-1,400.000,-1,400.000,-1,325.000,325.000,300.000,300.000,-1,-1,-1,-1,725.000,750.000,-1,-1,2,0,2,0,2,0,0,0,0,2,2,2,2,0,0,2,2
18,9404.051,7083.834,-114.921,5.129,0.995976,-0.089378,-0.006604,0.089513,0.995692,0.024180,0.004415,-0.024674,0.999686,0,0.63327,-1.00000,37.996,-2.000,-1,400.000,-1,400.000,-1,325.000,325.000,300.000,300.000,-1,-1,-1,-1,725.000,750.000,-1,-1,2,0,2,0,2,0,0,0,0,2,2,2,2,0,0,2,2
19,9441.991,7085.908,-114.716,3.129,0.998487,-0.054575,-0.006703,0.054720,0.998215,0.023914,0.005386,-0.024245,0.999692,0,0.63327,-1.00000,37.996,-2.000,-1,400.000,-1,400.000,-1,325.000,325.000,300.000,300.000,-1,-1,-1,-1,725.000,750.000,-1,-1,2,0,2,0,2,0,0,0,0,2,2,2,2,0,0,2,2
20,9479.979,7086.657,-114.483,1.129,0.999783,-0.019704,-0.006792,0.019860,0.999523,0.023640,0.006323,-0.023770,0.999697,0,0.63327,-1.00000,37.996,-2.000,-1,400.000,-1,400.000,-1,325.000,325.000,300.000,300.000,-1,-1,-1,-1,725.000,750.000,-1,-1,2,0,2,0,2,0,0,0,0,2,2,2,2,0,0,2,2
21,9517.971,7086.079,-114.224,-0.871,0.999861,0.015191,-0.006872,-0.015026,0.999614,0.023358,0.007224,-0.023251,0.999704,0,0.63327,-1.00000,37.996,-2.000,-1,400.000,-1,400.000,-1,325.000,325.000,300.000,300.000,-1,-1,-1,-1,725.000,775.000,-1,-1,2,0,2,0,2,0,0,0,0,2,2,2,2,0,0,2,2
22,9555.919,7084.176,-113.942,-2.871,0.998722,0.050068,-0.006941,-0.049896,0.998488,0.023068,0.008086,-0.022692,0.999710,0,0.63327,-1.00000,37.996,-2.000,-1,375.000,-1,400.000,-1,325.000,325.000,300.000,300.000,-1,-1,-1,-1,725.000,775.000,-1,-1,2,0,2,0,2,0,0,0,0,2,2,2,2,0,0,2,2
23,9593.778,7080.950,-113.636,-4.871,0.996366,0.084885,-0.007001,-0.084707,0.996146,0.022770,0.008907,-0.022094,0.999716,0,0.63327,-1.00000,37.996,-2.000,-1,375.000,-1,400.000,-1,325.000,325.000,300.000,300.000,-1,-1,-1,-1,725.000,775.000,-1,-1,2,0,2,0,2,0,0,0,0,2,2,2,2,0,0,2,2
24,9631.501,7076.404,-113.308,-6.871,0.992797,0.119600,-0.007052,-0.119416,0.992590,0.022464,0.009686,-0.021460,0.999723,0,0.63327,-1.00000,37.996,-2.000,-1,375.000,-1,400.000,-1,325.000,325.000,300.000,300.000,-1,-1,-1,-1,725.000,775.000,-1,-1,2,0,2,0,2,0,0,0,0,2,2,2,2,0,0,2,2
25,9669.043,7070.545,-112.961,-8.871,0.988019,0.154171,-0.007093,-0.153981,0.987825,0.022149,0.010422,-0.020791,0.999730,0,0.63327,-1.00000,37.996,-2.000,-1,375.000,-1,400.000,-1,325.000,325.000,300.000,300.000,-1,-1,-1,-1,725.000,775.000,-1,-1,2,0,2,0,2,0,0,0,0,2,2,2,2,0,0,2,2
26,9706.357,7063.379,-112.594,-10.871,0.982037,0.188554,-0.007126,-0.188361,0.981857,0.021826,0.011112,-0.020092,0.999736,0,0.63327,-1.00000,37.996,-2.000,-1,375.000,-1,400.000,-1,325.000,325.000,300.000,300.000,-1,-1,-1,-1,725.000,775.000,-1,-1,2,0,2,0,2,0,0,0,0,2,2,2,2,0,0,2,2
27,9743.398,7054.915,-112.210,-12.871,0.974859,0.222709,-0.007150,-0.222513,0.974693,0.021494,0.011756,-0.019363,0.999743,0,0.63327,-1.00000,37.996,-2.000,-1,375.000,-1,400.000,-1,325.000,325.000,300.000,300.000,-1,-1,-1,-1,725.000,775.000,-1,-1,2,0,2,0,2,0,0,0,0,2,2,2,2,0,0,2,2
28,9780.122,7045.164,-111.786,-14.871,0.966493,0.256594,-0.007128,-0.256399,0.966343,0.021000,0.012276,-0.018468,0.999754,0,0.63327,-1.00000,37.996,-2.000,-1,375.000,-1,400.000,-1,325.000,325.000,300.000,300.000,-1,-1,-1,-1,725.000,775.000,-1,-1,2,0,2,0,2,0,0,0,0,2,2,2,2,0,0,2,2
29,9816.482,7034.137,-111.266,-16.871,0.956948,0.290169,-0.007324,-0.289975,0.956820,0.020228,0.012877,-0.017233,0.999769,0,0.63327,-1.00000,37.996,-2.000,-1,375.000,-1,400.000,-1,325.000,325.000,300.000,300.000,-1,-1,-1,-1,725.000,775.000,-1,-1,2,0,2,0,2,0,0,0,0,2,2,2,2,0,0,2,2
30,9851.252,7022.272,-110.745,-18.841,0.946400,0.322910,-0.007546,-0.322718,0.946295,0.019482,0.013431,-0.016003,0.999782,0,0.61230,-0.98542,36.738,-1.971,-1,375.000,-1,400.000,-1,325.000,325.000,300.000,300.000,-1,-1,-1,-1,725.000,800.000,-1,-1,2,0,2,0,2,0,0,0,0,2,2,2,2,0,0,2,2
31,9885.593,7009.218,-110.213,-20.812,0.934732,0.355269,-0.007774,-0.355081,0.934647,0.018756,0.013930,-0.014771,0.999794,0,0.61230,-0.98542,36.738,-1.971,-1,375.000,-1,400.000,-1,325.000,325.000,300.000,300.000,-1,-1,-1,-1,725.000,800.000,-1,-1,2,0,2,0,2,0,0,0,0,2,2,2,2,0,0,2,2
32,9919.464,6994.991,-109.661,-22.783,0.921958,0.387209,-0.007967,-0.387025,0.921892,0.018074,0.014343,-0.013580,0.999805,0,0.61230,-0.98542,36.738,-1.971,-1,375.000,-1,400.000,-1,325.000,325.000,300.000,300.000,-1,-1,-1,-1,725.000,800.000,-1,-1,2,0,2,0,2,0,0,0,0,2,2,2,2,0,0,2,2
33,9952.826,6979.608,-109.094,-24.754,0.908092,0.418691,-0.008136,-0.418513,0.908044,0.017426,0.014684,-0.012419,0.999815,0,0.61230,-0.98542,36.738,-1.971,-1,375.000,-1,400.000,-1,325.000,325.000,300.000,300.000,-1,-1,-1,-1,725.000,800.000,-1,-1,2,0,2,0,2,0,0,0,0,2,2,2,2,0,0,2,2
34,9985.640,6963.087,-108.520,-26.725,0.893152,0.449678,-0.008308,-0.449506,0.893120,0.016796,0.014973,-0.011267,0.999824,0,0.61230,-0.98542,36.738,-1.971,-1,375.000,-1,400.000,-1,325.000,325.000,300.000,300.000,-1,-1,-1,-1,725.000,800.000,-1,-1,2,0,2,0,2,0,0,0,0,2,2,2,2,0,0,2,2
35,10017.866,6945.447,-107.918,-28.696,0.877154,0.480133,-0.008531,-0.479964,0.877136,0.016310,0.015314,-0.010212,0.999831,0,0.61230,-0.98542,36.738,-1.971,-1,400.000,-1,400.000,-1,325.000,325.000,300.000,300.000,-1,-1,-1,-1,725.000,800.000,-1,-1,2,0,2,0,2,0,0,0,0,2,2,2,2,0,0,2,2
36,10049.466,6926.709,-107.315,-30.667,0.860118,0.510020,-0.008764,-0.509856,0.860114,0.015843,0.015619,-0.009159,0.999836,0,0.61230,-0.98542,36.738,-1.971,-1,400.000,-1,400.000,-1,325.000,325.000,300.000,300.000,-1,-1,-1,-1,725.000,800.000,-1,-1,2,0,2,0,2,0,0,0,0,2,2,2,2,0,0,2,2
37,10080.403,6906.895,-106.712,-32.637,0.842064,0.539303,-0.008998,-0.539144,0.842073,0.015391,0.015878,-0.008109,0.999841,0,0.61230,-0.98542,36.738,-1.971,-1,400.000,-1,400.000,-1,325.000,325.000,300.000,300.000,-1,-1,-1,-1,750.000,800.000,-1,-1,2,0,2,0,2,0,0,0,0,2,2,2,2,0,0,2,2
38,10110.640,6886.029,-106.111,-34.608,0.823013,0.567948,-0.009234,-0.567795,0.823034,0.014955,0.016093,-0.007065,0.999846,0,0.61230,-0.98542,36.738,-1.971,-1,400.000,-1,400.000,-1,325.000,325.000,300.000,300.000,-1,-1,-1,-1,750.000,800.000,-1,-1,2,0,2,0,2,0,0,0,0,2,2,2,2,0,0,2,2
39,10140.142,6864.136,-105.513,-36.579,0.802987,0.595921,-0.009471,-0.595774,0.803020,0.014536,0.016267,-0.006030,0.999849,0,0.61230,-0.98542,36.738,-1.971,-1,400.000,-1,400.000,-1,325.000,325.000,300.000,300.000,-1,-1,-1,-1,750.000,800.000,-1,-1,2,0,2,0,2,0,0,0,0,2,2,2,2,0,0,2,2
40,10168.874,6841.241,-105.000,-38.550,0.782017,0.623188,-0.009298,-0.623048,0.782054,0.014228,0.016139,-0.005334,0.999856,0,0.61230,-0.98542,36.738,-1.971,-1,400.000,-1,400.000,-1,325.000,325.000,300.000,300.000,-1,-1,-1,-1,750.000,800.000,-1,-1,2,0,2,0,2,0,0,0,0,2,2,2,2,0,0,2,2
41,10196.801,6817.371,-104.494,-40.521,0.760122,0.649717,-0.009107,-0.649585,0.760162,0.013915,0.015964,-0.004661,0.999862,0,0.61230,-0.98542,36.738,-1.971,-1,400.000,-1,400.000,-1,325.000,325.000,300.000,300.000,-1,-1,-1,-1,750.000,800.000,-1,-1,2,0,2,0,2,0,0,0,0,2,2,2,2,0,0,2,2
42,10223.890,6792.555,-103.992,-42.492,0.737327,0.675477,-0.008901,-0.675353,0.737370,0.013567,0.015728,-0.003992,0.999868,0,0.61230,-0.98542,36.738,-1.971,-1,400.000,-1,400.000,-1,325.000,325.000,300.000,300.000,-1,-1,-1,-1,750.000,800.000,-1,-1,2,0,2,0,2,0,0,0,0,2,2,2,2,0,0,2,2
43,10250.111,6766.822,-103.441,-44.462,0.713659,0.700439,-0.008714,-0.700327,0.713706,0.012913,0.015264,-0.003113,0.999879,0,0.61230,-0.98542,36.738,-1.971,-1,400.000,-1,400.000,-1,325.000,325.000,300.000,300.000,-1,-1,-1,-1,750.000,800.000,-1,-1,2,0,2,0,2,0,0,0,0,2,2,2,2,0,0,2,2
44,10275.430,6740.203,-102.901,-46.433,0.689147,0.724571,-0.008536,-0.724471,0.689196,0.012263,0.014768,-0.002267,0.999888,0,0.61230,-0.98542,36.738,-1.971,-1,400.000,-1,400.000,-1,325.000,325.000,300.000,300.000,-1,-1,-1,-1,750.000,800.000,-1,-1,2,0,2,0,2,0,0,0,0,2,2,2,2,0,0,2,2
45,10299.820,6712.728,-102.374,-48.404,0.663820,0.747846,-0.008368,-0.747757,0.663871,0.011618,0.014244,-0.001455,0.999897,0,0.61230,-0.98542,36.738,-1.971,-1,400.000,-1,400.000,-1,325.000,325.000,300.000,300.000,-1,-1,-1,-1,750.000,775.000,-1,-1,2,0,2,0,2,0,0,0,0,2,2,2,2,0,0,2,2
46,10323.250,6684.432,-101.860,-50.375,0.637707,0.770235,-0.008213,-0.770157,0.637759,0.010980,0.013695,-0.000677,0.999906,0,0.61230,-0.98542,36.738,-1.971,-1,400.000,-1,400.000,-1,325.000,325.000,300.000,300.000,-1,-1,-1,-1,750.000,775.000,-1,-1,2,0,2,0,2,0,0,0,0,2,2,2,2,0,0,2,2
47,10345.693,6655.346,-101.358,-52.346,0.610840,0.791713,-0.008070,-0.791645,0.610893,0.010351,0.013125,0.000066,0.999914,0,0.61230,-0.98542,36.738,-1.971,-1,400.000,-1,400.000,-1,325.000,325.000,300.000,300.000,-1,-1,-1,-1,750.000,775.000,-1,-1,2,0,2,0,2,0,0,0,0,2,2,2,2,0,0,2,2
48,10367.122,6625.505,-100.871,-54.317,0.583250,0.812254,-0.007944,-0.812196,0.583304,0.009723,0.012531,0.000781,0.999921,0,0.61230,-0.98542,36.738,-1.971,-1,400.000,-1,400.000,-1,325.000,325.000,300.000,300.000,-1,-1,-1,-1,750.000,775.000,-1,-1,2,0,2,0,2,0,0,0,0,2,2,2,2,0,0,2,2
49,10390.321,6591.049,-100.338,-56.048,0.558451,0.829501,-0.007827,-0.829453,0.558504,0.009035,0.011866,0.001446,0.999929,0,0.69230,-0.86542,41.538,-1.731,-1,400.000,-1,400.000,-1,325.000,325.000,300.000,300.000,-1,-1,-1,-1,725.000,775.000,-1,-1,2,0,2,0,2,0,0,0,0,2,2,2,2,0,0,2,2
50,10415.193,6551.952,-99.761,-57.538,0.536681,0.843750,-0.007709,-0.843711,0.536733,0.008311,0.011150,0.002044,0.999936,0,0.77230,-0.74542,46.338,-1.491,-1,400.000,-1,400.000,-1,325.000,325.000,300.000,300.000,-1,-1,-1,-1,725.000,775.000,-1,-1,2,0,2,0,2,0,0,0,0,2,2,2,2,0,0,2,2
51,10441.472,6508.577,-99.080,-58.789,0.518132,0.855264,-0.007951,-0.855235,0.518185,0.007609,0.010628,0.002858,0.999939,0,0.84524,-0.62542,50.715,-1.251,-1,400.000,-1,400.000,-1,325.000,325.000,300.000,300.000,-1,-1,-1,-1,725.000,750.000,-1,-1,2,0,2,0,2,0,0,0,0,2,2,2,2,0,0,2,2
52,10466.983,6464.745,-98.416,-59.800,0.502960,0.864270,-0.008276,-0.864249,0.503015,0.007083,0.010284,0.003590,0.999941,0,0.84524,-0.50542,50.715,-1.011,-1,400.000,-1,400.000,-1,325.000,325.000,300.000,300.000,-1,-1,-1,-1,725.000,750.000,-1,-1,2,0,2,0,2,0,0,0,0,2,2,2,2,0,0,2,2
53,10491.901,6420.575,-97.844,-60.571,0.491284,0.870958,-0.008464,-0.870939,0.491341,0.006974,0.010233,0.003946,0.999940,0,0.84524,-0.38542,50.715,-0.771,-1,400.000,-1,400.000,-1,325.000,325.000,300.000,300.000,-1,-1,-1,-1,725.000,750.000,-1,-1,2,0,2,0,2,0,0,0,0,2,2,2,2,0,0,2,2
54,10516.409,6376.175,-97.275,-61.102,0.483191,0.875472,-0.008710,-0.875455,0.483250,0.006919,0.010267,0.004282,0.999938,0,0.84524,-0.26542,50.715,-0.531,-1,400.000,-1,400.000,-1,325.000,325.000,300.000,300.000,-1,-1,-1,-1,725.000,750.000,-1,-1,2,0,2,0,2,0,0,0,0,2,2,2,2,0,0,2,2
55,10540.624,6331.615,-96.666,-61.480,0.477394,0.878642,-0.009149,-0.878627,0.477459,0.006939,0.010466,0.004726,0.999934,0,0.84524,-0.18914,50.715,-0.378,-1,400.000,-1,400.000,-1,325.000,325.000,300.000,300.000,-1,-1,-1,-1,725.000,750.000,-1,-1,2,0,2,0,2,0,0,0,0,2,2,2,2,0,0,2,2
56,10564.543,6286.895,-96.042,-61.858,0.471579,0.881773,-0.009456,-0.881760,0.471646,0.006977,0.010612,0.005047,0.999931,0,0.84524,-0.18914,50.715,-0.378,-1,400.000,-1,400.000,-1,325.000,325.000,300.000,300.000,-1,-1,-1,-1,725.000,750.000,-1,-1,2,0,2,0,2,0,0,0,0,2,2,2,2,0,0,2,2
57,10588.167,6242.019,-95.432,-62.237,0.465742,0.884867,-0.009774,-0.884855,0.465814,0.007056,0.010796,0.005362,0.999927,0,0.84524,-0.18914,50.715,-0.378,-1,375.000,-1,400.000,-1,325.000,325.000,300.000,300.000,-1,-1,-1,-1,725.000,750.000,-1,-1,2,0,2,0,2,0,0,0,0,2,2,2,2,0,0,2,2
58,10611.495,6196.987,-94.836,-62.615,0.459885,0.887921,-0.010102,-0.887910,0.459961,0.007177,0.011019,0.005669,0.999923,0,0.84524,-0.18914,50.715,-0.378,-1,375.000,-1,400.000,-1,325.000,325.000,300.000,300.000,-1,-1,-1,-1,725.000,750.000,-1,-1,2,0,2,0,2,0,0,0,0,2,2,2,2,0,0,2,2
59,10634.524,6151.803,-94.255,-62.993,0.454007,0.890937,-0.010441,-0.890927,0.454087,0.007340,0.011280,0.005970,0.999919,0,0.84524,-0.18914,50.715,-0.378,-1,375.000,-1,400.000,-1,325.000,325.000,300.000,300.000,-1,-1,-1,-1,725.000,750.000,-1,-1,2,0,2,0,2,0,0,0,0,2,2,2,2,0,0,2,2
60,10657.255,6106.468,-93.689,-63.372,0.448108,0.893914,-0.010787,-0.893904,0.448194,0.007544,0.011578,0.006263,0.999913,0,0.84524,-0.18914,50.715,-0.378,-1,375.000,-1,400.000,-1,325.000,325.000,300.000,300.000,-1,-1,-1,-1,725.000,750.000,-1,-1,2,0,2,0,2,0,0,0,0,2,2,2,2,0,0,2,2
61,10679.685,6060.983,-93.136,-63.750,0.442190,0.896852,-0.011142,-0.896842,0.442282,0.007788,0.011913,0.006548,0.999908,0,0.84524,-0.18914,50.715,-0.378,-1,375.000,-1,400.000,-1,325.000,325.000,300.000,300.000,-1,-1,-1,-1,725.000,750.000,-1,-1,2,0,2,0,2,0,0,0,0,2,2,2,2,0,0,2,2
62,10701.815,6015.351,-92.605,-64.128,0.436252,0.899751,-0.011536,-0.899741,0.436350,0.008082,0.012305,0.006854,0.999901,0,0.84524,-0.18914,50.715,-0.378,-1,375.000,-1,400.000,-1,325.000,325.000,300.000,300.000,-1,-1,-1,-1,725.000,750.000,-1,-1,2,0,2,0,2,0,0,0,0,2,2,2,2,0,0,2,2
63,10723.643,5969.575,-92.053,-64.506,0.430293,0.902610,-0.011969,-0.902600,0.430399,0.008309,0.012652,0.007228,0.999894,0,0.84524,-0.18914,50.715,-0.378,-1,375.000,-1,400.000,-1,325.000,325.000,300.000,300.000,-1,-1,-1,-1,725.000,750.000,-1,-1,2,0,2,0,2,0,0,0,0,2,2,2,2,0,0,2,2
64,10745.169,5923.655,-91.390,-64.885,0.424316,0.905429,-0.012450,-0.905422,0.424429,0.008433,0.012920,0.007694,0.999887,0,0.84524,-0.18914,50.715,-0.378,-1,375.000,-1,400.000,-1,325.000,325.000,300.000,300.000,-1,-1,-1,-1,725.000,750.000,-1,-1,2,0,2,0,2,0,0,0,0,2,2,2,2,0,0,2,2
65,10766.391,5877.594,-90.728,-65.263,0.418320,0.908208,-0.012915,-0.908204,0.418440,0.008586,0.013202,0.008137,0.999880,0,0.84524,-0.18914,50.715,-0.378,-1,375.000,-1,400.000,-1,325.000,325.000,300.000,300.000,-1,-1,-1,-1,725.000,750.000,-1,-1,2,0,2,0,2,0,0,0,0,2,2,2,2,0,0,2,2
66,10787.308,5831.394,-90.068,-65.641,0.412306,0.910947,-0.013362,-0.910945,0.412434,0.008768,0.013499,0.008557,0.999872,0,0.84524,-0.18914,50.715,-0.378,-1,375.000,-1,400.000,-1,325.000,325.000,300.000,300.000,-1,-1,-1,-1,725.000,750.000,-1,-1,2,0,2,0,2,0,0,0,0,2,2,2,2,0,0,2,2
67,10807.920,5785.056,-89.357,-66.020,0.406273,0.913646,-0.013916,-0.913650,0.406408,0.008741,0.013642,0.009163,0.999865,0,0.84524,-0.18914,50.715,-0.378,-1,375.000,-1,400.000,-1,325.000,325.000,300.000,300.000,-1,-1,-1,-1,725.000,750.000,-1,-1,2,0,2,0,2,0,0,0,0,2,2,2,2,0,0,2,2
68,10828.225,5738.584,-88.606,-66.398,0.400219,0.916302,-0.014654,-0.916314,0.400364,0.008769,0.013902,0.009918,0.999854,0,0.84524,-0.18914,50.715,-0.378,-1,375.000,-1,400.000,-1,325.000,325.000,300.000,300.000,-1,-1,-1,-1,725.000,750.000,-1,-1,2,0,2,0,2,0,0,0,0,2,2,2,2,0,0,2,2
69,10848.223,5691.979,-87.823,-66.776,0.394143,0.918918,-0.015543,-0.918938,0.394302,0.008863,0.014273,0.010789,0.999840,0,0.84524,-0.18914,50.715,-0.378,-1,375.000,-1,400.000,-1,325.000,325.000,300.000,300.000,-1,-1,-1,-1,725.000,750.000,-1,-1,2,0,2,0,2,0,0,0,0,2,2,2,2,0,0,2,2
70,10867.914,5645.243,-87.040,-67.154,0.388050,0.921492,-0.016423,-0.921522,0.388223,0.008983,0.014654,0.011649,0.999825,0,0.84524,-0.18914,50.715,-0.378,-1,375.000,-1,400.000,-1,325.000,325.000,300.000,300.000,-1,-1,-1,-1,725.000,750.000,-1,-1,2,0,2,0,2,0,0,0,0,2,2,2,2,0,0,2,2
71,10887.295,5598.377,-86.255,-67.533,0.381939,0.924026,-0.017295,-0.924065,0.382127,0.009128,0.015043,0.012496,0.999809,0,0.84524,-0.18914,50.715,-0.378,-1,375.000,-1,400.000,-1,325.000,325.000,300.000,300.000,-1,-1,-1,-1,725.000,750.000,-1,-1,2,0,2,0,2,0,0,0,0,2,2,2,2,0,0,2,2
72,10906.366,5551.385,-85.470,-67.911,0.375811,0.926518,-0.018158,-0.926568,0.376013,0.009297,0.015441,0.013331,0.999792,0,0.84524,-0.18914,50.715,-0.378,-1,375.000,-1,400.000,-1,325.000,325.000,300.000,300.000,-1,-1,-1,-1,725.000,750.000,-1,-1,2,0,2,0,2,0,0,0,0,2,2,2,2,0,0,2,2
73,10925.127,5504.268,-84.684,-68.289,0.369666,0.928970,-0.019012,-0.929030,0.369884,0.009490,0.015848,0.014154,0.999774,0,0.84524,-0.18914,50.715,-0.378,-1,375.000,-1,400.000,-1,325.000,325.000,300.000,300.000,-1,-1,-1,-1,725.000,750.000,-1,-1,2,0,2,0,2,0,0,0,0,2,2,2,2,0,0,2,2
74,10943.576,5457.028,-83.850,-68.668,0.363504,0.931383,-0.019740,-0.931448,0.363739,0.009907,0.016407,0.014785,0.999756,0,0.84524,-0.18914,50.715,-0.378,-1,375.000,-1,400.000,-1,325.000,325.000,300.000,300.000,-1,-1,-1,-1,725.000,750.000,-1,-1,2,0,2,0,2,0,0,0,0,2,2,2,2,0,0,2,2
75,10959.816,5414.081,-83.082,-69.286,0.353413,0.935246,-0.020364,-0.935315,0.353664,0.010368,0.016898,0.015382,0.999739,0,0.76524,-0.30914,45.915,-0.618,-1,375.000,-1,400.000,-1,325.000,325.000,300.000,300.000,-1,-1,-1,-1,725.000,750.000,-1,-1,2,0,2,0,2,0,0,0,0,2,2,2,2,0,0,2,2
76,10974.698,5372.873,-82.362,-70.144,0.339344,0.940429,-0.020965,-0.940504,0.339612,0.010809,0.017285,0.016050,0.999722,0,0.73022,-0.42914,43.813,-0.858,-1,375.000,-1,400.000,-1,325.000,325.000,300.000,300.000,-1,-1,-1,-1,725.000,750.000,-1,-1,2,0,2,0,2,0,0,0,0,2,2,2,2,0,0,2,2
77,10988.945,5331.440,-81.628,-71.024,0.324842,0.945525,-0.021441,-0.945605,0.325124,0.011227,0.017587,0.016628,0.999707,0,0.73022,-0.44004,43.813,-0.880,-1,375.000,-1,400.000,-1,325.000,325.000,300.000,300.000,-1,-1,-1,-1,725.000,750.000,-1,-1,2,0,2,0,2,0,0,0,0,2,2,2,2,0,0,2,2
78,11002.553,5289.794,-80.876,-71.904,0.310266,0.950400,-0.021791,-0.950482,0.310560,0.011655,0.017845,0.017096,0.999695,0,0.73022,-0.44004,43.813,-0.880,-1,375.000,-1,400.000,-1,325.000,325.000,300.000,300.000,-1,-1,-1,-1,725.000,750.000,-1,-1,2,0,2,0,2,0,0,0,0,2,2,2,2,0,0,2,2
79,11015.521,5247.944,-80.119,-72.784,0.295618,0.955051,-0.022075,-0.955134,0.295924,0.012137,0.018124,0.017497,0.999683,0,0.73022,-0.44004,43.813,-0.880,-1,400.000,-1,400.000,-1,325.000,325.000,300.000,300.000,-1,-1,-1,-1,750.000,750.000,-1,-1,2,0,2,0,2,0,0,0,0,2,2,2,2,0,0,2,2
80,11027.844,5205.899,-79.369,-73.664,0.280900,0.959477,-0.022326,-0.959561,0.281218,0.012617,0.018384,0.017879,0.999671,0,0.73022,-0.44004,43.813,-0.880,-1,400.000,-1,400.000,-1,325.000,325.000,300.000,300.000,-1,-1,-1,-1,750.000,750.000,-1,-1,2,0,2,0,2,0,0,0,0,2,2,2,2,0,0,2,2
81,11039.520,5163.670,-78.584,-74.544,0.266117,0.963674,-0.022680,-0.963764,0.266445,0.012910,0.018484,0.018423,0.999659,0,0.73022,-0.44004,43.813,-0.880,-1,400.000,-1,400.000,-1,325.000,325.000,300.000,300.000,-1,-1,-1,-1,750.000,750.000,-1,-1,2,0,2,0,2,0,0,0,0,2,2,2,2,0,0,2,2
82,11050.546,5121.267,-77.782,-75.425,0.251270,0.967641,-0.023098,-0.967740,0.251609,0.013133,0.018520,0.019052,0.999647,0,0.73022,-0.44004,43.813,-0.880,-1,400.000,-1,400.000,-1,325.000,325.000,300.000,300.000,-1,-1,-1,-1,750.000,750.000,-1,-1,2,0,2,0,2,0,0,0,0,2,2,2,2,0,0,2,2
83,11060.920,5078.699,-76.988,-76.305,0.236365,0.971380,-0.023493,-0.971488,0.236714,0.013357,0.018536,0.019666,0.999635,0,0.73022,-0.44004,43.813,-0.880,-1,400.000,-1,400.000,-1,325.000,325.000,300.000,300.000,-1,-1,-1,-1,750.000,750.000,-1,-1,2,0,2,0,2,0,0,0,0,2,2,2,2,0,0,2,2
84,11070.638,5035.977,-76.203,-77.185,0.221405,0.974890,-0.023866,-0.975006,0.221764,0.013578,0.018530,0.020264,0.999623,0,0.73022,-0.44004,43.813,-0.880,-1,400.000,-1,400.000,-1,325.000,325.000,300.000,300.000,-1,-1,-1,-1,750.000,750.000,-1,-1,2,0,2,0,2,0,0,0,0,2,2,2,2,0,0,2,2
85,11079.699,4993.111,-75.428,-78.065,0.206393,0.978169,-0.024217,-0.978294,0.206761,0.013797,0.018502,0.020844,0.999612,0,0.73022,-0.44004,43.813,-0.880,-1,400.000,-1,400.000,-1,325.000,325.000,300.000,300.000,-1,-1,-1,-1,750.000,750.000,-1,-1,2,0,2,0,2,0,0,0,0,2,2,2,2,0,0,2,2
86,11088.101,4950.110,-74.662,-78.945,0.191334,0.981218,-0.024545,-0.981352,0.191710,0.014012,0.018455,0.021406,0.999601,0,0.73022,-0.44004,43.813,-0.880,-1,400.000,-1,400.000,-1,325.000,325.000,300.000,300.000,-1,-1,-1,-1,750.000,750.000,-1,-1,2,0,2,0,2,0,0,0,0,2,2,2,2,0,0,2,2
87,11095.841,4906.986,-73.906,-79.825,0.176230,0.984035,-0.024852,-0.984177,0.176615,0.014225,0.018387,0.021952,0.999590,0,0.73022,-0.44004,43.813,-0.880,-1,400.000,-1,400.000,-1,325.000,325.000,300.000,300.000,-1,-1,-1,-1,750.000,750.000,-1,-1,2,0,2,0,2,0,0,0,0,2,2,2,2,0,0,2,2
88,11102.918,4863.748,-73.160,-80.705,0.161085,0.986620,-0.025139,-0.986771,0.161478,0.014433,0.018299,0.022481,0.999580,0,0.73022,-0.44004,43.813,-0.880,-1,400.000,-1,400.000,-1,325.000,325.000,300.000,300.000,-1,-1,-1,-1,750.000,750.000,-1,-1,2,0,2,0,2,0,0,0,0,2,2,2,2,0,0,2,2
89,11109.329,4820.406,-72.425,-81.585,0.145903,0.988973,-0.025404,-0.989132,0.146303,0.014637,0.018193,0.022993,0.999570,0,0.73022,-0.44004,43.813,-0.880,-1,400.000,-1,400.000,-1,325.000,325.000,300.000,300.000,-1,-1,-1,-1,750.000,750.000,-1,-1,2,0,2,0,2,0,0,0,0,2,2,2,2,0,0,2,2
90,11115.075,4776.971,-71.668,-82.465,0.130693,0.991095,-0.025515,-0.991260,0.131094,0.014756,0.017969,0.023364,0.999566,0,0.73022,-0.44004,43.813,-0.880,-1,400.000,-1,400.000,-1,325.000,325.000,300.000,300.000,-1,-1,-1,-1,750.000,750.000,-1,-1,2,0,2,0,2,0,0,0,0,2,2,2,2,0,0,2,2
91,11120.152,4733.453,-70.912,-83.345,0.115453,0.992984,-0.025572,-0.993155,0.115855,0.014842,0.017700,0.023684,0.999563,0,0.73022,-0.44004,43.813,-0.880,-1,400.000,-1,400.000,-1,325.000,325.000,300.000,300.000,-1,-1,-1,-1,750.000,750.000,-1,-1,2,0,2,0,2,0,0,0,0,2,2,2,2,0,0,2,2
92,11124.561,4689.862,-70.171,-84.225,0.100187,0.994639,-0.025627,-0.994816,0.100589,0.014926,0.017424,0.023999,0.999560,0,0.73022,-0.44004,43.813,-0.880,-1,400.000,-1,400.000,-1,325.000,325.000,300.000,300.000,-1,-1,-1,-1,750.000,750.000,-1,-1,2,0,2,0,2,0,0,0,0,2,2,2,2,0,0,2,2
93,11128.299,4646.208,-69.446,-85.105,0.084897,0.996059,-0.025680,-0.996242,0.085299,0.015008,0.017140,0.024309,0.999558,0,0.73022,-0.44004,43.813,-0.880,-1,400.000,-1,400.000,-1,325.000,325.000,300.000,300.000,-1,-1,-1,-1,750.000,750.000,-1,-1,2,0,2,0,2,0,0,0,0,2,2,2,2,0,0,2,2
94,11131.367,4602.502,-68.726,-85.985,0.069588,0.997245,-0.025692,-0.997434,0.069990,0.015076,0.016833,0.024577,0.999556,0,0.73022,-0.44004,43.813,-0.880,-1,400.000,-1,400.000,-1,325.000,325.000,300.000,300.000,-1,-1,-1,-1,750.000,750.000,-1,-1,2,0,2,0,2,0,0,0,0,2,2,2,2,0,0,2,2
95,11133.763,4558.755,-67.956,-86.865,0.054263,0.998199,-0.025582,-0.998388,0.054664,0.015246,0.016617,0.024714,0.999556,0,0.73022,-0.44004,43.813,-0.880,-1,400.000,-1,400.000,-1,325.000,325.000,300.000,300.000,-1,-1,-1,-1,750.000,750.000,-1,-1,2,0,2,0,2,0,0,0,0,2,2,2,2,0,0,2,2
96,11135.652,4514.370,-67.161,-87.562,0.042118,0.998785,-0.025585,-0.998975,0.042523,0.015487,0.016556,0.024906,0.999553,0,0.74041,-0.34833,44.425,-0.697,-1,400.000,-1,400.000,-1,325.000,325.000,300.000,300.000,-1,-1,-1,-1,750.000,750.000,-1,-1,2,0,2,0,2,0,0,0,0,2,2,2,2,0,0,2,2
97,11137.002,4469.965,-66.378,-88.259,0.029967,0.999223,-0.025581,-0.999415,0.030376,0.015728,0.016493,0.025095,0.999549,0,0.74041,-0.34833,44.425,-0.697,-1,400.000,-1,400.000,-1,325.000,325.000,300.000,300.000,-1,-1,-1,-1,750.000,750.000,-1,-1,2,0,2,0,2,0,0,0,0,2,2,2,2,0,0,2,2
98,11137.812,4425.548,-65.609,-88.955,0.017812,0.999514,-0.025572,-0.999706,0.018224,0.015970,0.016428,0.025280,0.999545,0,0.74041,-0.34833,44.425,-0.697,-1,400.000,-1,400.000,-1,325.000,325.000,300.000,300.000,-1,-1,-1,-1,750.000,750.000,-1,-1,2,0,2,0,2,0,0,0,0,2,2,2,2,0,0,2,2
99,11138.082,4381.124,-64.854,-89.652,0.005654,0.999657,-0.025557,-0.999850,0.006070,0.016212,0.016362,0.025462,0.999542,0,0.74041,-0.34833,44.425,-0.697,-1,400.000,-1,400.000,-1,325.000,325.000,300.000,300.000,-1,-1,-1,-1,750.000,750.000,-1,-1,2,0,2,0,2,0,0,0,0,2,2,2,2,0,0,2,2
100,11137.812,4336.700,-64.113,-90.349,-0.006504,0.999653,-0.025536,-0.999846,-0.006085,0.016455,0.016294,0.025639,0.999538,0,0.74041,-0.34833,44.425,-0.697,-1,400.000,-1,400.000,-1,325.000,325.000,300.000,300.000,-1,-1,-1,-1,750.000,750.000,-1,-1,2,0,2,0,2,0,0,0,0,2,2,2,2,0,0,2,2
101,11137.001,4292.282,-63.385,-91.045,-0.018662,0.999500,-0.025509,-0.999694,-0.018239,0.016698,0.016224,0.025813,0.999535,0,0.74041,-0.34833,44.425,-0.697,-1,400.000,-1,400.000,-1,325.000,325.000,300.000,300.000,-1,-1,-1,-1,750.000,725.000,-1,-1,2,0,2,0,2,0,0,0,0,2,2,2,2,0,0,2,2
102,11135.651,4247.878,-62.671,-91.742,-0.030817,0.999200,-0.025477,-0.999395,-0.030391,0.016941,0.016153,0.025983,0.999532,0,0.74041,-0.34833,44.425,-0.697,-1,400.000,-1,400.000,-1,325.000,325.000,300.000,300.000,-1,-1,-1,-1,725.000,725.000,-1,-1,2,0,2,0,2,0,0,0,0,2,2,2,2,0,0,2,2
103,11133.760,4203.493,-61.972,-92.439,-0.042967,0.998753,-0.025438,-0.998947,-0.042537,0.017184,0.016081,0.026150,0.999529,0,0.74041,-0.34833,44.425,-0.697,-1,400.000,-1,400.000,-1,325.000,325.000,300.000,300.000,-1,-1,-1,-1,725.000,725.000,-1,-1,2,0,2,0,2,0,0,0,0,2,2,2,2,0,0,2,2
104,11131.330,4159.134,-61.286,-93.135,-0.055110,0.998157,-0.025394,-0.998352,-0.054678,0.017428,0.016007,0.026313,0.999526,0,0.74041,-0.34833,44.425,-0.697,-1,400.000,-1,400.000,-1,325.000,325.000,300.000,300.000,-1,-1,-1,-1,725.000,725.000,-1,-1,2,0,2,0,2,0,0,0,0,2,2,2,2,0,0,2,2
105,11128.361,4114.809,-60.614,-93.832,-0.067246,0.997415,-0.025344,-0.997609,-0.066810,0.017672,0.015933,0.026472,0.999523,0,0.74041,-0.34833,44.425,-0.697,-1,400.000,-1,400.000,-1,325.000,325.000,300.000,300.000,-1,-1,-1,-1,725.000,725.000,-1,-1,2,0,2,0,2,0,0,0,0,2,2,2,2,0,0,2,2
106,11124.854,4070.523,-59.956,-94.529,-0.079371,0.996524,-0.025288,-0.996719,-0.078932,0.017916,0.015857,0.026627,0.999520,0,0.74041,-0.34833,44.425,-0.697,-1,375.000,-1,375.000,-1,325.000,325.000,300.000,300.000,-1,-1,-1,-1,725.000,725.000,-1,-1,2,0,2,0,2,0,0,0,0,2,2,2,2,0,0,2,2
107,11120.808,4026.282,-59.313,-95.225,-0.091484,0.995487,-0.025227,-0.995681,-0.091042,0.018160,0.015781,0.026779,0.999517,0,0.74041,-0.34833,44.425,-0.697,-1,375.000,-1,375.000,-1,325.000,325.000,300.000,300.000,-1,-1,-1,-1,725.000,725.000,-1,-1,2,0,2,0,2,0,0,0,0,2,2,2,2,0,0,2,2
108,11116.224,3982.094,-58.683,-95.922,-0.103584,0.994302,-0.025159,-0.994497,-0.103139,0.018404,0.015704,0.026927,0.999514,0,0.74041,-0.34833,44.425,-0.697,-1,375.000,-1,375.000,-1,325.000,325.000,300.000,300.000,-1,-1,-1,-1,725.000,725.000,-1,-1,2,0,2,0,2,0,0,0,0,2,2,2,2,0,0,2,2
109,11111.104,3937.965,-57.986,-96.619,-0.115676,0.992962,-0.025412,-0.993163,-0.115219,0.018759,0.015699,0.027409,0.999501,0,0.74041,-0.34833,44.425,-0.697,-1,375.000,-1,375.000,-1,325.000,325.000,300.000,300.000,-1,-1,-1,-1,725.000,725.000,-1,-1,2,0,2,0,2,0,0,0,0,2,2,2,2,0,0,2,2
110,11105.447,3893.902,-57.207,-97.315,-0.127755,0.991472,-0.025736,-0.991679,-0.127282,0.019267,0.015827,0.027983,0.999483,0,0.74041,-0.34833,44.425,-0.697,-1,375.000,-1,375.000,-1,325.000,325.000,300.000,300.000,-1,-1,-1,-1,725.000,725.000,-1,-1,2,0,2,0,2,0,0,0,0,2,2,2,2,0,0,2,2
111,11099.255,3849.911,-56.317,-98.012,-0.139815,0.989848,-0.025548,-0.990045,-0.139327,0.019967,0.016204,0.028086,0.999474,0,0.74041,-0.34833,44.425,-0.697,-1,375.000,-1,375.000,-1,325.000,325.000,300.000,300.000,-1,-1,-1,-1,725.000,725.000,-1,-1,2,0,2,0,2,0,0,0,0,2,2,2,2,0,0,2,2
112,11092.529,3805.998,-55.442,-98.709,-0.151853,0.988078,-0.025337,-0.988264,-0.151352,0.020663,0.016582,0.028178,0.999465,0,0.74041,-0.34833,44.425,-0.697,-1,375.000,-1,375.000,-1,325.000,325.000,300.000,300.000,-1,-1,-1,-1,725.000,725.000,-1,-1,2,0,2,0,2,0,0,0,0,2,2,2,2,0,0,2,2
113,11085.269,3762.170,-54.581,-99.405,-0.163869,0.986163,-0.025104,-0.986336,-0.163354,0.021355,0.016958,0.028260,0.999457,0,0.74041,-0.34833,44.425,-0.697,-1,375.000,-1,375.000,-1,325.000,325.000,300.000,300.000,-1,-1,-1,-1,725.000,725.000,-1,-1,2,0,2,0,2,0,0,0,0,2,2,2,2,0,0,2,2
114,11077.477,3718.434,-53.734,-100.102,-0.175860,0.984102,-0.024847,-0.984263,-0.175332,0.022041,0.017334,0.028332,0.999448,0,0.74041,-0.34833,44.425,-0.697,-1,400.000,-1,375.000,-1,325.000,325.000,300.000,300.000,-1,-1,-1,-1,725.000,725.000,-1,-1,2,0,2,0,2,0,0,0,0,2,2,2,2,0,0,2,2
115,11069.153,3674.796,-52.902,-100.799,-0.187825,0.981895,-0.024568,-0.982043,-0.187284,0.022720,0.017708,0.028394,0.999440,0,0.74041,-0.34833,44.425,-0.697,-1,400.000,-1,400.000,-1,325.000,325.000,300.000,300.000,-1,-1,-1,-1,725.000,725.000,-1,-1,2,0,2,0,2,0,0,0,0,2,2,2,2,0,0,2,2
116,11060.300,3631.262,-52.085,-101.495,-0.199761,0.979544,-0.024266,-0.979678,-0.199209,0.023393,0.018081,0.028446,0.999432,0,0.74041,-0.34833,44.425,-0.697,-1,400.000,-1,400.000,-1,325.000,325.000,300.000,300.000,-1,-1,-1,-1,725.000,725.000,-1,-1,2,0,2,0,2,0,0,0,0,2,2,2,2,0,0,2,2
117,11050.918,3587.839,-51.283,-102.192,-0.211668,0.977048,-0.023943,-0.977167,-0.211104,0.024058,0.018451,0.028488,0.999424,0,0.74041,-0.34833,44.425,-0.697,-1,400.000,-1,400.000,-1,325.000,325.000,300.000,300.000,-1,-1,-1,-1,725.000,725.000,-1,-1,2,0,2,0,2,0,0,0,0,2,2,2,2,0,0,2,2
118,11041.006,3544.527,-50.495,-102.890,-0.223565,0.974403,-0.023597,-0.974507,-0.222990,0.024714,0.018819,0.028521,0.999416,0,0.74052,-0.34899,44.431,-0.698,-1,400.000,-1,400.000,-1,325.000,325.000,300.000,300.000,-1,-1,-1,-1,725.000,725.000,-1,-1,2,0,2,0,2,0,0,0,0,2,2,2,2,0,0,2,2
119,11030.562,3501.326,-49.722,-103.591,-0.235479,0.971602,-0.023230,-0.971690,-0.234894,0.025360,0.019184,0.028544,0.999408,0,0.74075,-0.35046,44.445,-0.701,-1,400.000,-1,400.000,-1,325.000,325.000,300.000,300.000,-1,-1,-1,-1,725.000,725.000,-1,-1,2,0,2,0,2,0,0,0,0,2,2,2,2,0,0,2,2
120,11019.585,3458.245,-48.965,-104.295,-0.247404,0.968643,-0.022841,-0.968715,-0.246810,0.025997,0.019544,0.028558,0.999401,0,0.74095,-0.35188,44.457,-0.704,-1,400.000,-1,400.000,-1,325.000,325.000,300.000,300.000,-1,-1,-1,-1,725.000,725.000,-1,-1,2,0,2,0,2,0,0,0,0,2,2,2,2,0,0,2,2
121,11008.075,3415.293,-48.223,-105.001,-0.259338,0.965526,-0.022431,-0.965582,-0.258734,0.026622,0.019900,0.028563,0.999394,0,0.74113,-0.35324,44.468,-0.706,-1,400.000,-1,400.000,-1,325.000,325.000,300.000,300.000,-1,1000.000,1000.000,-1,725.000,725.000,-1,-1,2,0,2,0,2,0,0,0,0,2,0,0,2,0,0,2,2
122,10994.935,3367.809,-47.407,-105.468,-0.267201,0.963389,-0.022038,-0.963424,-0.266587,0.027292,0.020417,0.028524,0.999385,0,0.82113,-0.23324,49.268,-0.466,-1,400.000,-1,400.000,-1,325.000,325.000,300.000,300.000,-1,950.000,975.000,-1,725.000,725.000,-1,-1,2,0,2,0,2,0,0,0,0,2,0,0,2,0,0,2,2
123,10980.846,3317.664,-46.411,-105.694,-0.271026,0.962314,-0.022267,-0.962346,-0.270389,0.027927,0.020853,0.028997,0.999362,0,0.86812,-0.11324,52.087,-0.226,-1,400.000,-1,375.000,-1,325.000,325.000,300.000,300.000,-1,950.000,950.000,-1,750.000,725.000,-1,-1,2,0,2,0,2,0,0,0,0,2,0,0,2,0,0,2,2
124,10966.768,3267.514,-45.349,-105.681,-0.270825,0.962363,-0.022620,-0.962388,-0.270158,0.028715,0.021524,0.029546,0.999332,0,0.86814,0.00676,52.088,0.014,-1,400.000,-1,375.000,-1,325.000,325.000,300.000,300.000,-1,950.000,950.000,-1,750.000,725.000,-1,-1,2,0,2,0,2,0,0,0,0,2,0,0,2,0,0,2,2
125,10952.828,3217.331,-44.217,-105.524,-0.268216,0.963089,-0.022798,-0.963106,-0.267528,0.029238,0.022060,0.029799,0.999312,0,0.86806,0.07817,52.084,0.156,-1,400.000,-1,375.000,-1,325.000,325.000,300.000,300.000,-1,950.000,950.000,-1,725.000,725.000,-1,-1,2,0,2,0,2,0,0,0,0,2,0,0,2,0,0,2,2
126,10939.026,3167.119,-42.941,-105.370,-0.265621,0.963815,-0.022487,-0.963813,-0.264929,0.029604,0.022576,0.029536,0.999309,0,0.86790,0.07734,52.074,0.155,-1,400.000,-1,375.000,-1,325.000,325.000,300.000,300.000,-1,975.000,975.000,-1,725.000,725.000,-1,-1,2,0,2,0,2,0,0,0,0,2,0,0,2,0,0,2,2
127,10925.362,3116.882,-41.627,-105.216,-0.263044,0.964533,-0.022023,-0.964505,-0.262350,0.030045,0.023201,0.029145,0.999306,0,0.86770,0.07673,52.062,0.153,-1,400.000,-1,375.000,-1,325.000,325.000,300.000,300.000,-1,1000.000,1000.000,-1,725.000,725.000,-1,-1,2,0,2,0,2,0,0,0,0,2,0,0,2,0,0,2,2
128,10911.835,3066.623,-40.311,-105.063,-0.260477,0.965239,-0.021568,-0.965186,-0.259781,0.030492,0.023829,0.028760,0.999302,0,0.86746,0.07635,52.048,0.153,-1,400.000,-1,375.000,-1,325.000,325.000,300.000,300.000,-1,1000.000,1000.000,-1,725.000,725.000,-1,-1,2,0,2,0,2,0,0,0,0,2,0,0,2,0,0,2,2
129,10898.446,3016.343,-38.993,-104.911,-0.257913,0.965937,-0.021121,-0.965858,-0.257215,0.030946,0.024459,0.028381,0.999298,0,0.86720,0.07620,52.032,0.152,-1,400.000,-1,375.000,-1,325.000,325.000,300.000,300.000,-1,1000.000,-1,-1,725.000,725.000,-1,-1,2,0,2,0,2,0,0,0,0,2,0,2,2,0,0,2,2
130,10885.195,2966.042,-37.673,-104.758,-0.255345,0.966629,-0.020682,-0.966524,-0.254645,0.031406,0.025091,0.028009,0.999293,0,0.86694,0.07628,52.017,0.153,-1,400.000,-1,400.000,-1,325.000,325.000,300.000,300.000,-1,1000.000,-1,-1,725.000,725.000,-1,-1,2,0,2,0,2,0,0,0,0,2,0,2,2,0,0,2,2
131,10872.082,2915.721,-36.351,-104.605,-0.252764,0.967316,-0.020252,-0.967186,-0.252063,0.031872,0.025725,0.027643,0.999287,0,0.86670,0.07659,52.002,0.153,-1,400.000,-1,400.000,-1,325.000,325.000,300.000,300.000,-1,1000.000,-1,-1,725.000,725.000,-1,-1,2,0,2,0,2,0,0,0,0,2,0,2,2,0,0,2,2
132,10859.108,2865.377,-35.027,-104.451,-0.250163,0.968001,-0.019829,-0.967845,-0.249460,0.032344,0.026362,0.027283,0.999280,0,0.86648,0.07712,51.989,0.154,-1,400.000,-1,400.000,-1,325.000,325.000,300.000,300.000,-1,1000.000,-1,-1,725.000,725.000,-1,-1,2,0,2,0,2,0,0,0,0,2,0,2,2,0,0,2,2
133,10846.274,2815.009,-33.701,-104.295,-0.247535,0.968684,-0.019415,-0.968503,-0.246830,0.032822,0.027002,0.026928,0.999273,0,0.86630,0.07788,51.978,0.156,-1,400.000,-1,375.000,-1,325.000,325.000,300.000,300.000,-1,1000.000,-1,-1,725.000,725.000,-1,-1,2,0,2,0,2,0,0,0,0,2,0,2,2,0,0,2,2
134,10833.579,2764.612,-32.372,-104.138,-0.244871,0.969369,-0.019010,-0.969162,-0.244165,0.033306,0.027645,0.026579,0.999264,0,0.86619,0.07886,51.971,0.158,-1,400.000,-1,375.000,-1,325.000,325.000,300.000,300.000,-1,1000.000,-1,-1,725.000,725.000,-1,-1,2,0,2,0,2,0,0,0,0,2,0,2,2,0,0,2,2
135,10821.027,2714.182,-31.041,-103.977,-0.242164,0.970057,-0.018613,-0.969823,-0.241457,0.033797,0.028290,0.026235,0.999255,0,0.86614,0.08007,51.968,0.160,-1,400.000,-1,375.000,-1,325.000,325.000,300.000,300.000,-1,1000.000,-1,-1,725.000,725.000,-1,-1,2,0,2,0,2,0,0,0,0,2,0,2,2,0,0,2,2
136,10808.198,2662.923,-29.589,-104.051,-0.243419,0.969742,-0.018647,-0.969497,-0.242699,0.034248,0.028686,0.026415,0.999239,0,0.88066,-0.03672,52.840,-0.073,-1,375.000,-1,375.000,-1,325.000,325.000,300.000,300.000,-1,-1,-1,-1,725.000,725.000,-1,-1,2,0,2,0,2,0,0,0,0,2,2,2,2,0,0,2,2
137,10795.305,2611.671,-28.049,-104.121,-0.244634,0.969430,-0.018993,-0.969173,-0.243883,0.034994,0.029292,0.026968,0.999207,0,0.88082,-0.03508,52.849,-0.070,-1,400.000,-1,375.000,-1,325.000,325.000,300.000,300.000,-1,-1,-1,-1,725.000,725.000,-1,-1,2,0,2,0,2,0,0,0,0,2,2,2,2,0,0,2,2
138,10782.348,2560.419,-26.465,-104.188,-0.245779,0.969135,-0.019224,-0.968868,-0.245006,0.035590,0.029781,0.027372,0.999182,0,0.88106,-0.03325,52.864,-0.067,-1,375.000,-1,375.000,-1,325.000,325.000,300.000,300.000,-1,-1,-1,-1,725.000,725.000,-1,-1,2,0,2,0,2,0,0,0,0,2,2,2,2,0,0,2,2
139,10769.330,2509.162,-24.705,-104.250,-0.246841,0.968874,-0.018788,-0.968578,-0.246064,0.036190,0.030440,0.027131,0.999168,0,0.88141,-0.03124,52.885,-0.062,-1,375.000,-1,375.000,-1,325.000,325.000,300.000,300.000,-1,-1,-1,-1,725.000,725.000,-1,-1,2,0,2,0,2,0,0,0,0,2,2,2,2,0,0,2,2
