timestep,x_cm,y_cm,z_cm,yaw_deg,basis_xx,basis_xy,basis_xz,basis_yx,basis_yy,basis_yz,basis_zx,basis_zy,basis_zz,teleport_flag,throttle_cmd,steering_cmd,cmd_move_cm,cmd_turn_deg,lidar_cm_0,lidar_cm_1,lidar_cm_2,lidar_cm_3,lidar_cm_4,lidar_cm_5,lidar_cm_6,lidar_cm_7,lidar_cm_8,lidar_cm_9,lidar_cm_10,lidar_cm_11,lidar_cm_12,lidar_cm_13,lidar_cm_14,lidar_cm_15,lidar_cm_16,lidar_class_0,lidar_class_1,lidar_class_2,lidar_class_3,lidar_class_4,lidar_class_5,lidar_class_6,lidar_class_7,lidar_class_8,lidar_class_9,lidar_class_10,lidar_class_11,lidar_class_12,lidar_class_13,lidar_class_14,lidar_class_15,lidar_class_16
0,6231.586,-6892.085,524.239,-87.320,0.048411,0.998142,0.036997,-0.997889,0.046727,0.045103,0.043290,-0.039102,0.998297,1,0.08000,0.12000,4.800,0.240,-1,400.000,-1,400.000,-1,325.000,325.000,300.000,300.000,650.000,-1,-1,-1,900.000,925.000,-1,-1,2,0,2,0,2,0,0,0,0,1,2,2,2,0,0,2,2
1,6232.115,-6901.670,524.661,-86.840,0.056761,0.997696,0.037147,-0.997483,0.055086,0.044649,0.042500,-0.039588,0.998312,0,0.16000,0.24000,9.600,0.480,-1,400.000,-1,400.000,-1,325.000,325.000,300.000,300.000,650.000,-1,-1,-1,900.000,925.000,-1,-1,2,0,2,0,2,0,0,0,0,1,2,2,2,0,0,2,2
2,6233.066,-6916.039,525.288,-86.217,0.067587,0.997013,0.037375,-0.996855,0.065928,0.043970,0.041375,-0.040229,0.998333,0,0.24000,0.31146,14.400,0.623,-1,400.000,-1,400.000,-1,325.000,325.000,300.000,300.000,675.000,-1,-1,-1,900.000,925.000,-1,-1,2,0,2,0,2,0,0,0,0,1,2,2,2,0,0,2,2
3,6234.540,-6935.182,526.115,-85.599,0.078312,0.996217,0.037673,-0.996126,0.076677,0.043062,0.040010,-0.040899,0.998362,0,0.32000,0.30902,19.200,0.618,-1,400.000,-1,400.000,-1,325.000,325.000,300.000,300.000,675.000,-1,-1,-1,900.000,925.000,-1,-1,2,0,2,0,2,0,0,0,0,1,2,2,2,0,0,2,2
4,6236.637,-6959.090,527.138,-84.987,0.088907,0.995313,0.038052,-0.995299,0.087303,0.041927,0.038408,-0.041601,0.998396,0,0.40000,0.30577,24.000,0.612,-1,400.000,-1,400.000,-1,325.000,325.000,300.000,300.000,700.000,-1,-1,-1,900.000,925.000,-1,-1,2,0,2,0,2,0,0,0,0,1,2,2,2,0,0,2,2
5,6239.456,-6987.751,528.354,-84.384,0.099340,0.994307,0.038528,-0.994381,0.097776,0.040568,0.036570,-0.042342,0.998434,0,0.48000,0.30168,28.800,0.603,-1,400.000,-1,400.000,-1,325.000,325.000,300.000,300.000,725.000,-1,-1,-1,900.000,900.000,-1,-1,2,0,2,0,2,0,0,0,0,1,2,2,2,0,0,2,2
6,6243.091,-7021.154,529.757,-83.790,0.109582,0.993208,0.039118,-0.993379,0.108065,0.038988,0.034496,-0.043131,0.998474,0,0.56000,0.29671,33.600,0.593,-1,400.000,-1,400.000,-1,325.000,325.000,300.000,300.000,750.000,-1,-1,-1,900.000,900.000,-1,-1,2,0,2,0,2,0,0,0,0,1,2,2,2,0,0,2,2
7,6247.633,-7059.284,531.344,-83.209,0.119597,0.992023,0.039839,-0.992301,0.118137,0.037193,0.032190,-0.043980,0.998514,0,0.64000,0.29080,38.400,0.582,-1,400.000,-1,400.000,-1,325.000,325.000,300.000,300.000,775.000,-1,-1,-1,875.000,900.000,-1,-1,2,0,2,0,2,0,0,0,0,1,2,2,2,0,0,2,2
8,6253.167,-7102.128,533.112,-82.641,0.129350,0.990763,0.040711,-0.991156,0.127956,0.035187,0.029652,-0.044903,0.998551,0,0.72000,0.28388,43.200,0.568,-1,400.000,-1,400.000,-1,325.000,325.000,300.000,300.000,800.000,-1,-1,-1,875.000,900.000,-1,-1,2,0,2,0,2,0,0,0,0,1,2,2,2,0,0,2,2
9,6259.774,-7149.671,535.054,-82.089,0.138803,0.989439,0.041758,-0.989955,0.137484,0.032977,0.026887,-0.045916,0.998583,0,0.80000,0.27586,48.000,0.552,-1,400.000,-1,400.000,-1,325.000,325.000,300.000,325.000,850.000,-1,-1,-1,875.000,900.000,-1,-1,2,0,2,0,2,0,0,0,0,1,2,2,2,0,0,2,2
10,6267.314,-7200.464,536.738,-81.556,0.147905,0.988129,0.041535,-0.988698,0.146689,0.030956,0.024496,-0.045645,0.998657,0,0.85583,0.26665,51.350,0.533,-1,400.000,-1,400.000,-1,325.000,325.000,300.000,325.000,875.000,-1,-1,-1,875.000,900.000,-1,-1,2,0,2,0,2,0,0,0,0,1,2,2,2,0,0,2,2
11,6275.311,-7251.206,537.939,-81.043,0.156613,0.986847,0.040078,-0.987414,0.155539,0.028652,0.022042,-0.044061,0.998786,0,0.85615,0.25644,51.369,0.513,-1,400.000,-1,400.000,-1,325.000,325.000,300.000,325.000,900.000,-1,-1,-1,875.000,875.000,-1,-1,2,0,2,0,2,0,0,0,0,1,2,2,2,0,0,2,2
12,6283.752,-7301.925,538.687,-80.551,0.165016,0.985461,0.040442,-0.986082,0.164000,0.027305,0.020276,-0.044385,0.998809,0,0.85694,0.24585,51.416,0.492,-1,400.000,-1,400.000,-1,325.000,325.000,300.000,325.000,925.000,-1,-1,-1,875.000,875.000,-1,-1,2,0,2,0,2,0,0,0,0,1,2,2,2,0,0,2,2
13,6292.621,-7352.646,539.387,-80.082,0.173032,0.984057,0.041135,-0.984744,0.172070,0.025902,0.018411,-0.044990,0.998818,0,0.85818,0.23490,51.491,0.470,-1,400.000,-1,400.000,-1,325.000,325.000,300.000,300.000,925.000,-1,-1,-1,850.000,875.000,-1,-1,2,0,2,0,2,0,0,0,0,1,2,2,2,0,0,2,2
14,6301.905,-7403.397,540.086,-79.635,0.180648,0.982652,0.041959,-0.983408,0.179739,0.024561,0.016593,-0.045699,0.998817,0,0.85988,0.22358,51.593,0.447,-1,400.000,-1,400.000,-1,325.000,325.000,300.000,300.000,950.000,-1,-1,-1,850.000,875.000,-1,-1,2,0,2,0,2,0,0,0,0,1,2,2,2,0,0,2,2
15,6311.588,-7454.204,540.783,-79.211,0.187855,0.981259,0.042914,-0.982085,0.186995,0.023287,0.014825,-0.046520,0.998807,0,0.86204,0.21190,51.722,0.424,-1,400.000,-1,400.000,-1,325.000,325.000,300.000,325.000,950.000,-1,-1,-1,850.000,875.000,-1,-1,2,0,2,0,2,0,0,0,0,1,2,2,2,0,0,2,2
16,6321.655,-7505.096,541.480,-78.811,0.194640,0.979887,0.044005,-0.980787,0.193827,0.022081,0.013108,-0.047457,0.998787,0,0.86464,0.19985,51.879,0.400,-1,400.000,-1,400.000,-1,325.000,325.000,300.000,325.000,975.000,-1,-1,-1,825.000,875.000,-1,-1,2,0,2,0,2,0,0,0,0,1,2,2,2,0,0,2,2
17,6332.092,-7556.101,542.179,-78.436,0.200992,0.978548,0.045232,-0.979526,0.200224,0.020947,0.011441,-0.048516,0.998757,0,0.86770,0.18745,52.062,0.375,-1,400.000,-1,400.000,-1,325.000,325.000,300.000,325.000,975.000,-1,-1,-1,825.000,875.000,-1,-1,2,0,2,0,2,0,0,0,0,1,2,2,2,0,0,2,2
18,6342.884,-7607.247,542.881,-78.087,0.206899,0.977252,0.046599,-0.978313,0.206175,0.019887,0.009827,-0.049703,0.998716,0,0.87120,0.17468,52.272,0.349,-1,400.000,-1,400.000,-1,325.000,325.000,300.000,325.000,1000.000,-1,-1,-1,825.000,875.000,-1,-1,2,0,2,0,2,0,0,0,0,1,2,2,2,0,0,2,2
19,6354.014,-7658.562,543.586,-77.764,0.212350,0.976009,0.048107,-0.977159,0.211668,0.018902,0.008266,-0.051022,0.998663,0,0.87515,0.16154,52.509,0.323,-1,400.000,-1,400.000,-1,325.000,325.000,300.000,325.000,1000.000,-1,-1,-1,825.000,875.000,-1,-1,2,0,2,0,2,0,0,0,0,1,2,2,2,0,0,2,2
20,6365.466,-7710.077,544.297,-77.468,0.217333,0.974828,0.049759,-0.976074,0.216693,0.017994,0.006759,-0.052479,0.998599,0,0.87955,0.14804,52.773,0.296,-1,400.000,-1,400.000,-1,325.000,325.000,300.000,350.000,-1,-1,-1,-1,800.000,875.000,-1,-1,2,0,2,0,2,0,0,0,0,2,2,2,2,0,0,2,2
21,6377.224,-7761.822,545.014,-77.199,0.221838,0.973720,0.051555,-0.975069,0.221237,0.017164,0.005307,-0.054078,0.998523,0,0.88440,0.13416,53.064,0.268,-1,400.000,-1,400.000,-1,325.000,325.000,300.000,350.000,-1,-1,-1,-1,800.000,850.000,-1,-1,2,0,2,0,2,0,0,0,0,2,2,2,2,0,0,2,2
22,6389.270,-7813.828,545.643,-76.959,0.225865,0.972710,0.053101,-0.974150,0.225293,0.016602,0.004185,-0.055478,0.998451,0,0.88971,0.11991,53.383,0.240,-1,400.000,-1,425.000,-1,325.000,325.000,300.000,350.000,-1,-1,-1,-1,800.000,850.000,-1,-1,2,0,2,0,2,0,0,0,0,2,2,2,2,0,0,2,2
23,6401.586,-7866.126,545.612,-76.749,0.229359,0.971925,0.052494,-0.973338,0.228878,0.015090,0.002652,-0.054555,0.998507,0,0.89548,0.10527,53.729,0.211,-1,400.000,-1,425.000,-1,325.000,325.000,300.000,350.000,-1,-1,-1,-1,800.000,850.000,-1,-1,2,0,2,0,2,0,0,0,0,2,2,2,2,0,0,2,2
24,6414.152,-7918.749,545.352,-76.568,0.232308,0.971284,0.051384,-0.972642,0.231958,0.012756,0.000471,-0.052942,0.998597,0,0.90171,0.09025,54.103,0.180,-1,400.000,-1,400.000,-1,325.000,325.000,325.000,350.000,-1,-1,-1,-1,775.000,825.000,-1,-1,2,0,2,0,2,0,0,0,0,2,2,2,2,0,0,2,2
25,6426.951,-7971.730,544.925,-76.419,0.234765,0.970712,0.051029,-0.972051,0.234504,0.011139,-0.001153,-0.052218,0.998635,0,0.90842,0.07483,54.505,0.150,-1,400.000,-1,400.000,-1,325.000,325.000,325.000,350.000,-1,-1,-1,-1,775.000,800.000,-1,-1,2,0,2,0,2,0,0,0,0,2,2,2,2,0,0,2,2
26,6439.961,-8025.104,544.522,-76.301,0.236687,0.970257,0.050809,-0.971582,0.236510,0.009554,-0.002747,-0.051627,0.998663,0,0.91561,0.05900,54.937,0.118,-1,400.000,-1,400.000,-1,325.000,325.000,325.000,350.000,-1,-1,-1,-1,750.000,775.000,-1,-1,2,0,2,0,2,0,0,0,0,2,2,2,2,0,0,2,2
27,6453.161,-8078.906,544.159,-76.215,0.238061,0.969928,0.050662,-0.971241,0.237964,0.008032,-0.004266,-0.051117,0.998684,0,0.92328,0.04276,55.397,0.086,-1,400.000,-1,400.000,-1,325.000,325.000,325.000,350.000,-1,-1,-1,-1,750.000,775.000,-1,-1,2,0,2,0,2,0,0,0,0,2,2,2,2,0,0,2,2
28,6466.710,-8133.990,543.833,-76.181,0.238563,0.969808,0.050586,-0.971110,0.238542,0.006551,-0.005714,-0.050688,0.998698,0,0.94544,0.01692,56.727,0.034,-1,400.000,-1,400.000,-1,325.000,325.000,325.000,350.000,-1,-1,-1,-1,725.000,750.000,-1,-1,2,0,2,0,2,0,0,0,0,2,2,2,2,0,0,2,2
29,6480.448,-8189.797,543.551,-76.170,0.238695,0.969777,0.050576,-0.971069,0.238745,0.005129,-0.007100,-0.050338,0.998707,0,0.95788,0.00588,57.473,0.012,-1,375.000,-1,400.000,-1,325.000,325.000,325.000,350.000,-1,-1,-1,-1,725.000,725.000,-1,-1,2,0,2,0,2,0,0,0,0,2,2,2,2,0,0,2,2
30,6494.324,-8246.143,543.313,-76.166,0.238694,0.969774,0.050630,-0.971058,0.238813,0.003774,-0.008431,-0.050066,0.998710,0,0.96715,0.00191,58.029,0.004,-1,375.000,-1,400.000,-1,325.000,325.000,325.000,350.000,-1,-1,-1,-1,700.000,725.000,-1,-1,2,0,2,0,2,0,0,0,0,2,2,2,2,0,0,2,2
31,6508.045,-8300.859,543.110,-75.922,0.242754,0.968761,0.050723,-0.970038,0.242941,0.002548,-0.009854,-0.049821,0.998710,0,0.94017,0.12191,56.410,0.244,-1,375.000,-1,400.000,-1,325.000,325.000,325.000,350.000,-1,-1,-1,-1,700.000,700.000,-1,-1,2,0,2,0,2,0,0,0,0,2,2,2,2,0,0,2,2
32,6522.340,-8355.886,542.930,-75.438,0.250860,0.966685,0.050886,-0.967956,0.251115,0.001422,-0.011404,-0.049612,0.998703,0,0.94756,0.24191,56.854,0.484,-1,375.000,1000.000,375.000,-1,300.000,300.000,325.000,350.000,-1,-1,-1,-1,675.000,700.000,-1,-1,2,0,1,0,2,0,0,0,0,2,2,2,2,0,0,2,2
33,6537.446,-8411.158,542.771,-74.714,0.262985,0.963443,0.051153,-0.964711,0.263309,0.000420,-0.013065,-0.049459,0.998691,0,0.95498,0.36191,57.299,0.724,-1,375.000,950.000,375.000,-1,300.000,300.000,325.000,350.000,-1,-1,-1,-1,675.000,675.000,-1,950.000,2,0,1,0,2,0,0,0,0,2,2,2,2,0,0,2,1
34,6553.604,-8466.596,542.283,-73.750,0.279102,0.958894,0.051229,-0.960151,0.279483,-0.000291,-0.014597,-0.049106,0.998687,0,0.96243,0.48191,57.746,0.964,-1,350.000,875.000,375.000,-1,300.000,300.000,325.000,350.000,-1,-1,-1,-1,650.000,675.000,-1,875.000,2,0,1,0,2,0,0,0,0,2,2,2,2,0,0,2,1
35,6571.057,-8522.109,541.775,-72.547,0.299256,0.952812,0.050947,-0.954074,0.299568,0.001588,-0.013749,-0.049082,0.998700,0,0.96987,0.60191,58.192,1.204,-1,350.000,825.000,375.000,-1,300.000,300.000,325.000,350.000,-1,-1,-1,-1,675.000,675.000,-1,800.000,2,0,1,0,2,0,0,0,0,2,2,2,2,0,1,2,1
36,6590.047,-8577.583,541.260,-71.103,0.323254,0.944955,0.050664,-0.946227,0.323478,0.003937,-0.012668,-0.049212,0.998708,0,0.97725,0.72191,58.635,1.444,-1,375.000,800.000,375.000,-1,300.000,300.000,325.000,350.000,-1,-1,-1,-1,675.000,625.000,1000.000,725.000,2,0,1,0,2,0,0,0,0,2,2,2,2,0,1,1,1
37,6610.813,-8632.884,540.684,-69.419,0.350968,0.935029,0.050411,-0.936315,0.351100,0.006500,-0.011621,-0.049482,0.998707,0,0.98453,0.84191,59.072,1.684,-1,375.000,750.000,375.000,825.000,300.000,300.000,325.000,350.000,-1,-1,-1,-1,675.000,600.000,975.000,650.000,2,0,1,0,1,0,0,0,0,2,2,2,2,0,1,1,1
38,6633.585,-8687.848,540.188,-67.495,0.382272,0.922724,0.049477,-0.923993,0.382296,0.009352,-0.010286,-0.049292,0.998731,0,0.99159,0.96191,59.495,1.924,-1,375.000,700.000,375.000,675.000,300.000,300.000,325.000,350.000,-1,-1,-1,-1,700.000,550.000,950.000,600.000,2,0,1,0,1,0,0,0,0,2,2,2,2,0,1,1,1
39,6658.389,-8742.370,539.693,-65.536,0.413704,0.909131,0.048268,-0.910369,0.413617,0.012245,-0.008832,-0.049007,0.998759,0,0.99832,0.97938,59.899,1.959,-1,375.000,675.000,375.000,575.000,300.000,300.000,325.000,350.000,-1,-1,-1,-1,725.000,500.000,925.000,525.000,2,0,1,0,1,0,0,0,0,2,2,2,2,1,1,1,1
40,6682.700,-8791.815,539.213,-63.818,0.440888,0.896322,0.047162,-0.897531,0.440702,0.014829,-0.007493,-0.048868,0.998777,0,0.91832,0.85938,55.099,1.719,-1,375.000,650.000,375.000,500.000,300.000,300.000,325.000,325.000,-1,725.000,500.000,-1,700.000,475.000,925.000,475.000,2,0,1,0,1,0,0,0,0,2,0,0,2,1,1,1,1
41,6706.051,-8836.365,538.763,-62.339,0.463960,0.884652,0.046177,-0.885834,0.463687,0.017117,-0.006269,-0.048847,0.998787,0,0.83832,0.73938,50.299,1.479,-1,375.000,600.000,375.000,450.000,300.000,300.000,325.000,325.000,-1,475.000,400.000,-1,675.000,425.000,900.000,425.000,2,0,1,0,1,0,0,0,0,2,0,0,2,1,1,1,1
42,6729.959,-8879.676,538.328,-61.100,0.483061,0.874417,0.045240,-0.875573,0.482701,0.019286,-0.004974,-0.048927,0.998790,0,0.82453,0.61938,49.472,1.239,-1,400.000,575.000,350.000,375.000,300.000,300.000,325.000,325.000,-1,400.000,400.000,-1,650.000,400.000,875.000,375.000,2,0,1,1,1,0,0,0,0,2,0,0,2,1,1,1,1
43,6754.744,-8922.781,537.914,-60.101,0.498311,0.865863,0.044350,-0.866991,0.497866,0.021375,-0.003573,-0.049103,0.998787,0,0.82872,0.49938,49.723,0.999,-1,400.000,525.000,325.000,325.000,325.000,300.000,325.000,325.000,-1,375.000,400.000,-1,600.000,350.000,850.000,325.000,2,0,1,1,1,0,0,0,0,2,0,0,2,1,1,1,1
44,6780.363,-8965.673,537.519,-59.152,0.512674,0.857479,0.043527,-0.858581,0.512144,0.023403,-0.002224,-0.049370,0.998778,0,0.83268,0.47493,49.961,0.950,-1,400.000,500.000,300.000,275.000,325.000,300.000,325.000,325.000,-1,375.000,400.000,-1,575.000,325.000,800.000,275.000,2,0,1,1,1,0,1,0,0,2,0,0,2,1,1,1,1
45,6806.791,-9008.324,537.235,-58.216,0.526672,0.848970,0.043207,-0.850068,0.526065,0.025323,-0.001231,-0.050065,0.998745,0,0.83625,0.46798,50.175,0.936,-1,400.000,450.000,275.000,250.000,325.000,275.000,325.000,325.000,-1,375.000,400.000,-1,525.000,300.000,775.000,250.000,2,0,1,1,1,0,1,0,0,2,0,0,2,1,1,1,1
46,6834.003,-9050.699,537.296,-57.295,0.540262,0.840318,0.044525,-0.841496,0.539584,0.027074,-0.001274,-0.052095,0.998641,0,0.83933,0.46042,50.360,0.921,-1,400.000,425.000,225.000,200.000,325.000,250.000,325.000,325.000,-1,400.000,450.000,-1,500.000,250.000,750.000,200.000,2,1,1,1,1,1,1,0,0,2,0,0,2,1,1,1,1
47,6861.963,-9092.764,537.199,-56.390,0.553494,0.831576,0.046098,-0.832852,0.552701,0.029645,-0.000827,-0.054801,0.998497,0,0.84184,0.45220,50.510,0.904,-1,375.000,375.000,200.000,150.000,275.000,225.000,325.000,325.000,-1,425.000,475.000,-1,450.000,225.000,700.000,150.000,2,1,1,1,1,1,1,0,0,2,0,0,2,1,1,1,1
48,6890.650,-9134.472,544.320,-55.504,0.567691,0.821223,0.057626,-0.822975,0.564331,0.065132,0.020968,-0.084400,0.996211,0,0.84369,0.44328,50.621,0.887,-1,350.000,375.000,200.000,125.000,275.000,200.000,300.000,400.000,-1,200.000,350.000,-1,450.000,225.000,700.000,125.000,2,1,1,1,1,1,1,0,1,2,0,0,2,1,1,1,1
49,6920.021,-9175.785,554.262,-54.637,0.583198,0.809145,0.071863,-0.810745,0.574254,0.113693,0.050726,-0.124568,0.990914,0,0.84478,0.43362,50.687,0.867,-1,350.000,400.000,200.000,125.000,275.000,200.000,275.000,450.000,625.000,75.000,250.000,-1,450.000,225.000,725.000,125.000,2,1,1,1,1,1,1,0,1,0,0,0,2,1,1,1,1
50,6950.016,-9216.665,563.533,-53.790,0.599244,0.796152,0.083953,-0.796766,0.582905,0.159330,0.077914,-0.162368,0.983649,0,0.84500,0.42318,50.700,0.846,-1,350.000,425.000,200.000,125.000,275.000,200.000,250.000,525.000,375.000,25.000,225.000,-1,475.000,225.000,800.000,125.000,2,1,1,1,1,1,1,0,1,0,0,0,2,1,1,1,1
51,6980.578,-9257.066,572.471,-52.966,0.615687,0.782305,0.094490,-0.781181,0.590231,0.203427,0.103371,-0.199062,0.974520,0,0.84425,0.41193,50.655,0.824,-1,350.000,450.000,200.000,125.000,275.000,200.000,250.000,975.000,250.000,0.000,200.000,-1,475.000,250.000,-1,125.000,2,1,1,1,1,1,1,0,0,0,0,0,2,1,1,2,1
52,7011.642,-9296.944,581.166,-52.167,0.632250,0.767820,0.103503,-0.764334,0.596299,0.245399,0.126704,-0.234264,0.963881,0,0.84240,0.39985,50.544,0.800,-1,350.000,475.000,200.000,100.000,275.000,200.000,225.000,-1,175.000,0.000,175.000,-1,500.000,250.000,-1,125.000,2,1,1,1,1,1,1,0,2,0,0,0,2,1,1,2,1
53,-328.009,-983.849,317.378,42.396,0.735604,-0.670259,-0.098179,0.676579,0.734126,0.057439,0.033576,-0.108678,0.993510,1,0.00000,0.00000,50.360,0.774,-1,400.000,-1,425.000,-1,325.000,325.000,325.000,325.000,-1,-1,-1,-1,775.000,-1,-1,-1,2,0,2,0,2,0,0,0,0,2,2,2,2,0,2,2,2
54,-331.540,-987.101,317.261,42.636,0.732786,-0.673320,-0.098315,0.679643,0.731303,0.057287,0.033326,-0.108798,0.993505,0,-0.08000,0.12000,-4.800,0.240,-1,400.000,-1,425.000,-1,325.000,325.000,325.000,325.000,-1,-1,-1,-1,775.000,-1,-1,-1,2,0,2,0,2,0,0,0,0,2,2,2,2,0,2,2,2
55,-335.688,-990.984,317.152,43.116,0.727127,-0.679406,-0.098458,0.685725,0.725618,0.057088,0.032657,-0.109025,0.993502,0,-0.09469,0.24000,-5.681,0.480,-1,400.000,-1,425.000,-1,325.000,325.000,325.000,325.000,-1,-1,-1,-1,775.000,-1,-1,-1,2,0,2,0,2,0,0,0,0,2,2,2,2,0,2,2,2
56,-339.799,-994.906,317.058,43.659,0.720676,-0.686226,-0.098587,0.692539,0.719134,0.056882,0.031863,-0.109269,0.993501,0,-0.09469,0.27122,-5.681,0.542,-1,400.000,-1,425.000,-1,325.000,325.000,325.000,325.000,-1,-1,-1,-1,775.000,-1,-1,-1,2,0,2,0,2,0,0,0,0,2,2,2,2,0,2,2,2
57,-343.873,-998.867,316.971,44.201,0.714162,-0.692986,-0.098707,0.699291,0.712587,0.056675,0.031063,-0.109500,0.993501,0,-0.09469,0.27122,-5.681,0.542,-1,400.000,-1,425.000,-1,325.000,325.000,325.000,325.000,-1,-1,-1,-1,775.000,-1,-1,-1,2,0,2,0,2,0,0,0,0,2,2,2,2,0,2,2,2
58,-347.909,-1002.866,316.891,44.744,0.707585,-0.699684,-0.098819,0.705980,0.705977,0.056466,0.030255,-0.109719,0.993502,0,-0.09469,0.27122,-5.681,0.542,-1,400.000,-1,425.000,-1,325.000,325.000,325.000,350.000,-1,-1,-1,-1,775.000,-1,-1,-1,2,0,2,0,2,0,0,0,0,2,2,2,2,0,2,2,2
59,-351.907,-1006.903,316.818,45.286,0.700946,-0.706321,-0.098921,0.712606,0.699305,0.056257,0.029441,-0.109925,0.993504,0,-0.09469,0.27122,-5.681,0.542,-1,400.000,-1,425.000,-1,325.000,325.000,325.000,350.000,-1,-1,-1,-1,775.000,-1,-1,-1,2,0,2,0,2,0,0,0,0,2,2,2,2,0,2,2,2
60,-355.866,-1010.978,316.752,45.828,0.694246,-0.712894,-0.099014,0.719168,0.692572,0.056047,0.028619,-0.110118,0.993506,0,-0.09469,0.27122,-5.681,0.542,-1,400.000,-1,425.000,-1,325.000,325.000,325.000,350.000,-1,-1,-1,-1,775.000,-1,-1,-1,2,0,2,0,2,0,0,0,0,2,2,2,2,0,2,2,2
61,-359.787,-1015.090,316.649,46.371,0.687496,-0.719391,-0.099126,0.725661,0.685765,0.056058,0.027650,-0.110472,0.993495,0,-0.09469,0.27122,-5.681,0.542,-1,400.000,-1,425.000,-1,325.000,325.000,325.000,350.000,-1,-1,-1,-1,775.000,-1,-1,-1,2,0,2,0,2,0,0,0,0,2,2,2,2,0,2,2,2
62,-363.669,-1019.239,316.482,46.913,0.680704,-0.725800,-0.099284,0.732082,0.678875,0.056435,0.026441,-0.111099,0.993457,0,-0.09469,0.27122,-5.681,0.542,-1,400.000,-1,425.000,-1,325.000,325.000,325.000,350.000,-1,-1,-1,-1,775.000,-1,-1,-1,2,0,2,0,2,0,0,0,0,2,2,2,2,0,2,2,2
63,-367.512,-1023.425,316.323,47.456,0.673852,-0.732144,-0.099444,0.738436,0.671927,0.056806,0.025229,-0.111712,0.993420,0,-0.09469,0.27122,-5.681,0.542,-1,400.000,-1,425.000,-1,325.000,325.000,325.000,350.000,-1,-1,-1,-1,775.000,-1,-1,-1,2,0,2,0,2,0,0,0,0,2,2,2,2,0,2,2,2
64,-371.315,-1027.646,316.171,47.998,0.666942,-0.738422,-0.099605,0.744723,0.664920,0.057172,0.024013,-0.112308,0.993383,0,-0.09469,0.27122,-5.681,0.542,-1,400.000,-1,425.000,-1,325.000,325.000,325.000,350.000,-1,-1,-1,-1,775.000,-1,-1,-1,2,0,2,0,2,0,0,0,0,2,2,2,2,0,2,2,2
65,-375.078,-1031.903,316.027,48.541,0.659973,-0.744635,-0.099768,0.750943,0.657856,0.057532,0.022793,-0.112890,0.993346,0,-0.09469,0.27122,-5.681,0.542,-1,400.000,-1,425.000,-1,325.000,325.000,325.000,350.000,-1,-1,-1,-1,775.000,-1,-1,-1,2,0,2,0,2,0,0,0,0,2,2,2,2,0,2,2,2
66,-378.800,-1036.196,315.891,49.083,0.652948,-0.750781,-0.099932,0.757095,0.650735,0.057886,0.021569,-0.113455,0.993309,0,-0.09469,0.27122,-5.681,0.542,-1,400.000,-1,425.000,-1,325.000,325.000,325.000,350.000,-1,-1,-1,-1,775.000,-1,-1,-1,2,0,2,0,2,0,0,0,0,2,2,2,2,0,2,2,2
67,-382.482,-1040.524,315.762,49.626,0.645866,-0.756860,-0.100098,0.763180,0.643557,0.058235,0.020343,-0.114005,0.993272,0,-0.09469,0.27122,-5.681,0.542,-1,400.000,-1,425.000,-1,325.000,325.000,325.000,350.000,-1,-1,-1,-1,750.000,-1,-1,-1,2,0,2,0,2,0,0,0,0,2,2,2,2,0,2,2,2
68,-386.122,-1044.887,315.641,50.168,0.638728,-0.762872,-0.100265,0.769195,0.636323,0.058579,0.019113,-0.114539,0.993235,0,-0.09469,0.27122,-5.681,0.542,-1,375.000,-1,425.000,-1,325.000,325.000,325.000,350.000,-1,-1,-1,-1,750.000,-1,-1,-1,2,0,2,0,2,0,0,0,0,2,2,2,2,0,2,2,2
69,-389.721,-1049.284,315.527,50.710,0.631534,-0.768816,-0.100433,0.775142,0.629034,0.058916,0.017880,-0.115058,0.993198,0,-0.09469,0.27122,-5.681,0.542,-1,375.000,-1,425.000,-1,325.000,325.000,325.000,350.000,-1,-1,-1,-1,750.000,-1,-1,-1,2,0,2,0,2,0,0,0,0,2,2,2,2,0,2,2,2
70,-393.278,-1053.714,315.421,51.253,0.624286,-0.774691,-0.100603,0.781019,0.621691,0.059248,0.016645,-0.115560,0.993161,0,-0.09469,0.27122,-5.681,0.542,-1,375.000,-1,425.000,-1,325.000,325.000,325.000,350.000,-1,-1,-1,-1,750.000,-1,-1,-1,2,0,2,0,2,0,0,0,0,2,2,2,2,0,2,2,2
71,-396.793,-1058.179,315.323,51.795,0.616983,-0.780498,-0.100774,0.786825,0.614294,0.059574,0.015407,-0.116047,0.993124,0,-0.09469,0.27122,-5.681,0.542,-1,375.000,-1,425.000,-1,325.000,325.000,325.000,350.000,-1,-1,-1,-1,750.000,-1,-1,-1,2,0,2,0,2,0,0,0,0,2,2,2,2,0,2,2,2
72,-400.265,-1062.676,315.232,52.338,0.609627,-0.786235,-0.100945,0.792562,0.606843,0.059895,0.014167,-0.116519,0.993087,0,-0.09469,0.27122,-5.681,0.542,-1,375.000,-1,425.000,-1,325.000,325.000,325.000,350.000,-1,-1,-1,-1,750.000,-1,-1,-1,2,0,2,0,2,0,0,0,0,2,2,2,2,0,2,2,2
73,-403.695,-1067.206,315.149,52.880,0.602218,-0.791902,-0.101118,0.798227,0.599340,0.060209,0.012924,-0.116974,0.993051,0,-0.09469,0.27122,-5.681,0.542,-1,375.000,-1,425.000,-1,325.000,325.000,325.000,350.000,-1,-1,-1,-1,725.000,-1,-1,-1,2,0,2,0,2,0,0,0,0,2,2,2,2,0,2,2,2
74,-407.082,-1071.768,315.073,53.423,0.594757,-0.797499,-0.101291,0.803821,0.591785,0.060518,0.011679,-0.117414,0.993014,0,-0.09469,0.27122,-5.681,0.542,-1,375.000,-1,425.000,-1,325.000,325.000,325.000,350.000,-1,-1,-1,-1,725.000,-1,-1,-1,2,0,2,0,2,0,0,0,0,2,2,2,2,0,2,2,2
75,-407.599,-1072.483,315.083,54.205,0.583903,-0.805467,-0.101389,0.811763,0.580811,0.060824,0.009896,-0.117819,0.992986,0,-0.01469,0.39122,-0.881,0.782,-1,375.000,-1,400.000,-1,325.000,325.000,325.000,350.000,-1,-1,-1,-1,725.000,-1,-1,-1,2,0,2,0,2,0,0,0,0,2,2,2,2,0,2,2,2
76,-405.366,-1069.265,315.160,55.228,0.569561,-0.815667,-0.101428,0.821914,0.566321,0.061132,0.007578,-0.118184,0.992963,0,0.06531,0.51122,3.919,1.022,-1,375.000,-1,400.000,-1,325.000,325.000,325.000,350.000,-1,-1,-1,-1,725.000,-1,-1,-1,2,0,2,0,2,0,0,0,0,2,2,2,2,0,2,2,2
77,-400.554,-1061.996,315.280,56.490,0.551605,-0.827915,-0.101433,0.834092,0.548192,0.061453,0.004726,-0.118502,0.992943,0,0.14531,0.63122,8.719,1.262,-1,375.000,-1,400.000,-1,325.000,325.000,325.000,350.000,-1,-1,-1,-1,725.000,-1,-1,-1,2,0,2,0,2,0,0,0,0,2,2,2,2,0,2,2,2
78,-393.391,-1050.534,315.414,57.992,0.529894,-0.841977,-0.101430,0.848063,0.526279,0.061802,0.001345,-0.118768,0.992921,0,0.22531,0.75122,13.519,1.502,-1,375.000,-1,400.000,-1,300.000,325.000,325.000,350.000,-1,-1,-1,-1,725.000,-1,-1,-1,2,0,2,0,2,0,0,0,0,2,2,2,2,0,2,2,2
79,-384.161,-1034.713,315.525,59.735,0.504265,-0.857568,-0.101457,0.863545,0.500421,0.062194,-0.002565,-0.118975,0.992894,0,0.30531,0.87122,18.319,1.742,-1,375.000,-1,400.000,-1,300.000,325.000,325.000,350.000,-1,-1,-1,-1,700.000,-1,-1,-1,2,0,2,0,2,0,0,0,0,2,2,2,2,0,2,2,2
80,-373.181,-1014.371,315.261,61.641,0.475599,-0.873847,-0.100979,0.879642,0.471670,0.061291,-0.005930,-0.117975,0.992999,0,0.38531,0.95327,23.119,1.907,-1,375.000,-1,400.000,-1,300.000,325.000,325.000,350.000,-1,-1,-1,-1,700.000,975.000,-1,-1,2,0,2,0,2,0,0,0,0,2,2,2,2,0,0,2,2
81,-360.745,-989.379,314.779,63.548,0.446368,-0.889218,-0.100236,0.894805,0.442418,0.059923,-0.008939,-0.116439,0.993158,0,0.46531,0.95327,27.919,1.907,-1,375.000,-1,400.000,-1,300.000,325.000,325.000,350.000,-1,-1,-1,-1,700.000,950.000,-1,-1,2,0,2,0,2,0,0,0,0,2,2,2,2,0,0,2,2
82,-347.153,-959.620,314.148,65.455,0.416636,-0.903621,-0.099417,0.908996,0.412670,0.058567,-0.011896,-0.114771,0.993321,0,0.54531,0.95327,32.719,1.907,-1,375.000,-1,400.000,-1,300.000,325.000,325.000,350.000,-1,-1,-1,-1,700.000,925.000,-1,-1,2,0,2,0,2,0,0,0,0,2,2,2,2,0,0,2,2
83,-332.710,-924.995,313.343,67.361,0.386436,-0.917035,-0.098560,0.922197,0.382456,0.057271,-0.014825,-0.113023,0.993482,0,0.62531,0.95327,37.519,1.907,-1,375.000,-1,400.000,-1,300.000,325.000,325.000,350.000,-1,-1,-1,-1,700.000,925.000,-1,-1,2,0,2,0,2,0,0,0,0,2,2,2,2,0,0,2,2
84,-317.729,-885.420,312.339,69.268,0.355805,-0.929439,-0.097703,0.934392,0.351806,0.056077,-0.017748,-0.111245,0.993635,0,0.70531,0.95327,42.319,1.907,-1,375.000,-1,400.000,-1,300.000,325.000,325.000,325.000,-1,-1,-1,-1,700.000,900.000,-1,-1,2,0,2,0,2,0,0,0,0,2,2,2,2,0,0,2,2
85,-302.808,-841.660,311.130,71.174,0.324782,-0.940812,-0.096904,0.945562,0.320752,0.055043,-0.020703,-0.109506,0.993771,0,0.77060,0.95327,46.236,1.907,-1,375.000,-1,400.000,-1,300.000,325.000,350.000,325.000,-1,-1,-1,-1,700.000,875.000,-1,-1,2,0,2,0,2,0,0,0,0,2,2,2,2,0,0,2,2
86,-289.352,-797.428,309.799,73.081,0.293410,-0.951129,-0.096252,0.955691,0.289326,0.054265,-0.023765,-0.107909,0.993877,0,0.77060,0.95327,46.236,1.907,-1,375.000,-1,400.000,-1,300.000,325.000,350.000,325.000,-1,-1,-1,-1,700.000,850.000,-1,-1,2,0,2,0,2,0,0,0,0,2,2,2,2,0,0,2,2
87,-277.374,-752.773,308.344,74.987,0.261724,-0.960380,-0.095767,0.964767,0.257563,0.053720,-0.026925,-0.106453,0.993953,0,0.77060,0.95327,46.236,1.907,-1,375.000,-1,400.000,-1,300.000,325.000,350.000,325.000,-1,-1,-1,-1,700.000,825.000,-1,-1,2,0,2,0,2,0,0,0,0,2,2,2,2,0,0,2,2
88,-266.889,-707.744,306.809,76.894,0.229770,-0.968573,-0.095246,0.972772,0.225506,0.053491,-0.030331,-0.104943,0.994016,0,0.77060,0.95327,46.236,1.907,-1,375.000,-1,400.000,-1,300.000,325.000,350.000,325.000,-1,-1,600.000,-1,700.000,800.000,-1,-1,2,0,2,0,2,0,0,0,0,2,2,0,2,0,0,2,2
89,-257.908,-662.392,305.246,78.800,0.197536,-0.975723,-0.094578,0.979720,0.193193,0.053150,-0.033588,-0.103159,0.994098,0,0.77060,0.95327,46.236,1.907,-1,375.000,-1,400.000,-1,300.000,325.000,350.000,325.000,-1,-1,525.000,-1,700.000,800.000,-1,-1,2,0,2,0,2,0,0,0,0,2,2,0,2,0,0,2,2
90,-250.440,-616.765,303.546,80.707,0.165085,-0.981784,-0.094056,0.985590,0.160654,0.052941,-0.036866,-0.101440,0.994158,0,0.77060,0.95327,46.236,1.907,-1,375.000,-1,400.000,-1,300.000,325.000,350.000,325.000,-1,-1,450.000,-1,725.000,800.000,-1,-1,2,0,2,0,2,0,0,0,0,2,2,0,2,0,0,2,2
91,-244.940,-575.698,301.868,82.373,0.136557,-0.986204,-0.093563,0.989837,0.132055,0.052764,-0.039681,-0.099817,0.994214,0,0.69060,0.83327,41.436,1.667,-1,375.000,-1,400.000,-1,300.000,325.000,350.000,325.000,-1,-1,550.000,-1,725.000,800.000,-1,-1,2,0,2,0,2,0,0,0,0,2,2,0,2,0,0,2,2
92,-240.982,-539.278,300.297,83.800,0.112043,-0.989322,-0.093208,0.992812,0.107477,0.052661,-0.042081,-0.098439,0.994253,0,0.61060,0.71327,36.636,1.427,-1,375.000,-1,400.000,-1,300.000,325.000,350.000,325.000,-1,750.000,650.000,-1,725.000,800.000,-1,-1,2,0,2,0,2,0,0,0,0,2,0,0,2,0,0,2,2
93,-237.799,-502.998,298.672,84.986,0.091592,-0.991451,-0.092927,0.994823,0.086978,0.052549,-0.044018,-0.097259,0.994285,0,0.60700,0.59327,36.420,1.187,-1,375.000,-1,400.000,-1,300.000,325.000,350.000,325.000,-1,725.000,775.000,-1,750.000,800.000,-1,-1,2,0,2,0,2,0,0,0,0,2,0,0,2,0,0,2,2
94,-235.215,-466.671,296.996,85.933,0.075240,-0.992847,-0.092701,0.996127,0.070594,0.052414,-0.045495,-0.096285,0.994314,0,0.60700,0.47327,36.420,0.947,-1,375.000,-1,400.000,-1,300.000,300.000,350.000,325.000,-1,700.000,-1,-1,750.000,800.000,-1,-1,2,0,2,0,2,0,0,0,0,2,0,2,2,0,0,2,2
95,-233.079,-430.315,295.284,86.639,0.063011,-0.993716,-0.092511,0.996928,0.058351,0.052245,-0.046519,-0.095519,0.994340,0,0.60700,0.35327,36.420,0.707,-1,375.000,-1,400.000,-1,300.000,300.000,350.000,325.000,-1,700.000,-1,-1,750.000,800.000,-1,-1,2,0,2,0,2,0,0,0,0,2,0,2,2,0,0,2,2
96,-231.240,-393.942,293.548,87.106,0.054918,-0.994212,-0.092342,0.997380,0.050260,0.052035,-0.047093,-0.094958,0.994367,0,0.60700,0.23327,36.420,0.467,-1,375.000,-1,400.000,-1,300.000,300.000,350.000,325.000,-1,675.000,-1,-1,750.000,825.000,-1,-1,2,0,2,0,2,0,0,0,0,2,0,2,2,0,0,2,2
97,-229.544,-357.561,291.802,87.333,0.050969,-0.994437,-0.092177,0.997583,0.046330,0.051778,-0.047219,-0.094593,0.994396,0,0.60700,0.11327,36.420,0.227,-1,375.000,-1,400.000,-1,300.000,300.000,350.000,325.000,-1,675.000,-1,-1,750.000,825.000,-1,-1,2,0,2,0,2,0,0,0,0,2,0,2,2,0,0,2,2
98,-227.841,-321.181,290.061,87.319,0.051165,-0.994444,-0.092000,0.997588,0.046565,0.051469,-0.046900,-0.094411,0.994428,0,0.60700,-0.00673,36.420,-0.013,-1,375.000,-1,400.000,-1,300.000,300.000,350.000,325.000,-1,675.000,-1,-1,750.000,825.000,-1,-1,2,0,2,0,2,0,0,0,0,2,0,2,2,0,0,2,2
99,-225.976,-284.809,288.339,87.066,0.055506,-0.994230,-0.091794,0.997392,0.050964,0.051105,-0.046132,-0.094391,0.994466,0,0.60700,-0.12673,36.420,-0.253,-1,375.000,-1,400.000,-1,300.000,325.000,350.000,325.000,-1,675.000,1000.000,-1,750.000,825.000,-1,-1,2,0,2,0,2,0,0,0,0,2,0,0,2,0,0,2,2
100,-223.798,-248.453,286.651,86.572,0.063987,-0.993743,-0.091546,0.996940,0.059524,0.050679,-0.044913,-0.094509,0.994510,0,0.60700,-0.24673,36.420,-0.493,-1,375.000,-1,400.000,-1,300.000,325.000,350.000,325.000,-1,700.000,900.000,-1,750.000,850.000,-1,-1,2,0,2,0,2,0,0,0,0,2,0,0,2,0,0,2,2
101,-221.151,-207.318,284.756,86.319,0.068317,-0.993482,-0.091246,0.996688,0.063920,0.050275,-0.044114,-0.094378,0.994559,0,0.68700,-0.12673,41.220,-0.253,-1,375.000,-1,400.000,-1,300.000,325.000,350.000,325.000,-1,700.000,875.000,-1,750.000,850.000,-1,-1,2,0,2,0,2,0,0,0,0,2,0,0,2,0,0,2,2
102,-218.185,-161.394,282.641,86.305,0.068502,-0.993501,-0.090905,0.996692,0.064156,0.049899,-0.043742,-0.094022,0.994609,0,0.76700,-0.00673,46.020,-0.013,-1,375.000,-1,400.000,-1,300.000,325.000,350.000,325.000,-1,700.000,850.000,-1,750.000,850.000,-1,-1,2,0,2,0,2,0,0,0,0,2,0,0,2,0,0,2,2
103,-215.110,-110.667,280.284,86.532,0.064541,-0.993799,-0.090544,0.996953,0.060231,0.049561,-0.043800,-0.093467,0.994658,0,0.84700,0.11327,50.820,0.227,-1,375.000,-1,400.000,-1,300.000,325.000,350.000,325.000,-1,700.000,875.000,-1,750.000,850.000,-1,-1,2,0,2,0,2,0,0,0,0,2,0,0,2,0,0,2,2
104,-212.176,-58.871,277.859,86.759,0.060571,-0.994081,-0.090192,0.997200,0.056294,0.049229,-0.043860,-0.092922,0.994707,0,0.86465,0.11354,51.879,0.227,-1,375.000,-1,400.000,-1,300.000,325.000,350.000,325.000,-1,700.000,875.000,-1,750.000,875.000,-1,-1,2,0,2,0,2,0,0,0,0,2,0,0,2,0,0,2,2
105,-209.447,-7.064,275.451,86.986,0.056607,-0.994359,-0.089703,0.997423,0.052357,0.049043,-0.044070,-0.092248,0.994760,0,0.86465,0.11354,51.879,0.227,-1,375.000,-1,400.000,-1,300.000,325.000,350.000,325.000,-1,725.000,925.000,-1,775.000,900.000,-1,-1,2,0,2,0,2,0,0,0,0,2,0,0,2,0,0,2,2
106,-206.924,44.753,272.975,87.213,0.052681,-0.994666,-0.088683,0.997599,0.048421,0.049515,-0.044956,-0.091078,0.994828,0,0.86465,0.11354,51.879,0.227,-1,375.000,-1,400.000,-1,300.000,325.000,350.000,325.000,-1,800.000,-1,-1,775.000,900.000,-1,-1,2,0,2,0,2,0,0,0,0,2,0,2,2,0,0,2,2
107,-204.605,96.581,270.405,87.440,0.048758,-0.994977,-0.087423,0.997749,0.044484,0.050180,-0.046039,-0.089672,0.994907,0,0.86465,0.11354,51.879,0.227,-1,375.000,-1,400.000,-1,300.000,325.000,350.000,325.000,-1,925.000,-1,-1,775.000,925.000,-1,-1,2,0,2,0,2,0,0,0,0,2,0,2,2,0,0,2,2
108,-202.492,148.417,267.810,87.667,0.044832,-0.995269,-0.086191,0.997883,0.040546,0.050853,-0.047118,-0.088288,0.994980,0,0.86465,0.11354,51.879,0.227,-1,375.000,-1,400.000,-1,300.000,325.000,350.000,325.000,-1,-1,-1,-1,800.000,925.000,-1,-1,2,0,2,0,2,0,0,0,0,2,2,2,2,0,0,2,2
109,-200.584,200.261,265.192,87.894,0.040903,-0.995542,-0.084987,0.998000,0.036605,0.051534,-0.048193,-0.086925,0.995048,0,0.86465,0.11354,51.879,0.227,-1,375.000,-1,400.000,-1,300.000,325.000,350.000,325.000,-1,-1,-1,-1,800.000,925.000,-1,-1,2,0,2,0,2,0,0,0,0,2,2,2,2,0,0,2,2
110,-198.882,252.112,262.551,88.121,0.036973,-0.995795,-0.083812,0.998101,0.032663,0.052220,-0.049263,-0.085584,0.995112,0,0.86465,0.11354,51.879,0.227,-1,375.000,-1,400.000,-1,300.000,325.000,350.000,325.000,-1,-1,-1,-1,800.000,925.000,-1,-1,2,0,2,0,2,0,0,0,0,2,2,2,2,0,0,2,2
111,-197.385,303.970,259.888,88.348,0.033039,-0.996030,-0.082665,0.998186,0.028719,0.052909,-0.050325,-0.084263,0.995172,0,0.86465,0.11354,51.879,0.227,-1,375.000,-1,400.000,-1,300.000,325.000,350.000,325.000,-1,-1,-1,-1,800.000,950.000,-1,-1,2,0,2,0,2,0,0,0,0,2,2,2,2,0,0,2,2
112,-196.094,355.833,257.204,88.575,0.029103,-0.996245,-0.081546,0.998255,0.024774,0.053602,-0.051380,-0.082963,0.995227,0,0.86465,0.11354,51.879,0.227,-1,375.000,-1,400.000,-1,300.000,325.000,350.000,325.000,-1,-1,-1,-1,825.000,950.000,-1,-1,2,0,2,0,2,0,0,0,0,2,2,2,2,0,0,2,2
113,-195.009,407.700,254.499,88.803,0.025165,-0.996441,-0.080454,0.998308,0.020828,0.054296,-0.052427,-0.081684,0.995278,0,0.86465,0.11354,51.879,0.227,-1,375.000,-1,425.000,-1,300.000,325.000,350.000,325.000,-1,-1,-1,-1,825.000,950.000,-1,-1,2,0,2,0,2,0,0,0,0,2,2,2,2,0,0,2,2
114,-194.129,459.572,251.774,89.030,0.021224,-0.996618,-0.079391,0.998344,0.016880,0.054989,-0.053463,-0.080426,0.995326,0,0.86465,0.11354,51.879,0.227,-1,400.000,-1,425.000,-1,325.000,325.000,350.000,325.000,-1,-1,-1,-1,825.000,950.000,-1,-1,2,0,2,0,2,0,0,0,0,2,2,2,2,0,0,2,2
115,-193.455,511.447,249.029,89.257,0.017281,-0.996776,-0.078354,0.998365,0.012931,0.055681,-0.054488,-0.079189,0.995369,0,0.86465,0.11354,51.879,0.227,-1,400.000,-1,425.000,-1,325.000,325.000,350.000,325.000,-1,-1,-1,-1,825.000,975.000,-1,-1,2,0,2,0,2,0,0,0,0,2,2,2,2,0,0,2,2
116,-192.986,563.324,246.265,89.484,0.013336,-0.996915,-0.077346,0.998370,0.008982,0.056370,-0.055501,-0.077971,0.995410,0,0.86465,0.11354,51.879,0.227,-1,400.000,-1,425.000,-1,325.000,325.000,350.000,325.000,-1,-1,-1,-1,825.000,975.000,-1,-1,2,0,2,0,2,0,0,0,0,2,2,2,2,0,0,2,2
117,-192.724,615.203,243.484,89.711,0.009388,-0.997036,-0.076364,0.998358,0.005031,0.057055,-0.056501,-0.076774,0.995446,0,0.86465,0.11354,51.879,0.227,-1,400.000,-1,425.000,-1,325.000,325.000,350.000,325.000,-1,-1,-1,-1,850.000,1000.000,-1,-1,2,0,2,0,2,0,0,0,0,2,2,2,2,0,0,2,2
118,-192.666,667.082,240.497,89.938,0.005443,-0.997146,-0.075301,0.998324,0.001079,0.057864,-0.057618,-0.075490,0.995481,0,0.86465,0.11354,51.879,0.227,-1,400.000,-1,425.000,-1,325.000,350.000,350.000,325.000,-1,-1,-1,-1,875.000,1000.000,-1,-1,2,0,2,0,2,0,0,0,0,2,2,2,2,0,0,2,2
119,-192.815,718.961,236.759,90.165,0.001588,-0.997258,-0.073989,0.998185,-0.002873,0.060148,-0.060196,-0.073951,0.995443,0,0.86465,0.11354,51.879,0.227,-1,400.000,-1,425.000,-1,325.000,325.000,350.000,325.000,-1,-1,-1,-1,900.000,975.000,-1,-1,2,0,2,0,2,0,0,0,0,2,2,2,2,0,0,2,2
120,-193.168,770.839,233.003,90.392,-0.002273,-0.997350,-0.072715,0.998026,-0.006826,0.062422,-0.062753,-0.072429,0.995397,0,0.86465,0.11354,51.879,0.227,-1,400.000,-1,425.000,-1,325.000,325.000,350.000,325.000,-1,-1,-1,-1,900.000,975.000,-1,-1,2,0,2,0,2,0,0,0,0,2,2,2,2,0,0,2,2
121,-193.728,822.716,229.232,90.619,-0.006142,-0.997423,-0.071476,0.997848,-0.010780,0.064685,-0.065289,-0.070925,0.995343,0,0.86465,0.11354,51.879,0.227,-1,400.000,-1,425.000,-1,325.000,325.000,325.000,325.000,-1,-1,-1,-1,900.000,950.000,-1,-1,2,0,2,0,2,0,0,0,0,2,2,2,2,0,0,2,2
122,-194.327,879.392,225.107,90.606,-0.005835,-0.997517,-0.070178,0.997691,-0.010556,0.067092,-0.067666,-0.069625,0.995276,0,0.94465,-0.00646,56.679,-0.013,-1,400.000,-1,425.000,-1,325.000,325.000,325.000,300.000,-1,-1,-1,-1,900.000,950.000,-1,-1,2,0,2,0,2,0,0,0,0,2,2,2,2,0,0,2,2
123,-194.684,937.399,220.901,90.353,-0.001356,-0.997626,-0.068850,0.997562,-0.006153,0.069511,-0.069770,-0.068588,0.995202,0,0.96678,-0.12646,58.007,-0.253,-1,400.000,-1,425.000,-1,325.000,325.000,325.000,300.000,-1,-1,-1,-1,900.000,925.000,-1,-1,2,0,2,0,2,0,0,0,0,2,2,2,2,0,0,2,2
124,-194.542,995.406,216.729,89.860,0.007295,-0.997694,-0.067474,0.997409,0.002430,0.071902,-0.071572,-0.067824,0.995127,0,0.96678,-0.24646,58.007,-0.493,-1,400.000,-1,425.000,-1,325.000,325.000,325.000,300.000,-1,-1,-1,-1,925.000,925.000,-1,-1,2,0,2,0,2,0,0,0,0,2,2,2,2,0,0,2,2
125,-193.658,1053.407,212.607,89.128,0.020117,-0.997616,-0.066009,0.997122,0.015192,0.074280,-0.073100,-0.067313,0.995050,0,0.96678,-0.36646,58.007,-0.733,-1,400.000,-1,425.000,-1,325.000,325.000,325.000,300.000,-1,-1,-1,-1,925.000,925.000,-1,-1,2,0,2,0,2,0,0,0,0,2,2,2,2,0,0,2,2
126,-191.790,1111.385,208.552,88.155,0.037107,-0.997233,-0.064415,0.996540,0.032130,0.076658,-0.074376,-0.067037,0.994974,0,0.96678,-0.48646,58.007,-0.973,-1,400.000,-1,425.000,-1,325.000,325.000,325.000,300.000,-1,-1,-1,-1,925.000,900.000,-1,-1,2,0,2,0,2,0,0,0,0,2,2,2,2,0,0,2,2
127,-188.691,1169.395,204.574,86.942,0.058255,-0.996333,-0.062657,0.995448,0.053232,0.079052,-0.075427,-0.066977,0.994899,0,0.96819,-0.60646,58.092,-1.213,-1,400.000,-1,425.000,-1,325.000,325.000,325.000,325.000,-1,-1,-1,-1,950.000,900.000,-1,-1,2,0,2,0,2,0,0,0,0,2,2,2,2,0,0,2,2
128,-184.169,1227.463,200.681,85.547,0.082530,-0.994738,-0.060708,0.993660,0.077468,0.081480,-0.076349,-0.067047,0.994824,0,0.97070,-0.69739,58.242,-1.395,-1,425.000,-1,425.000,-1,325.000,325.000,325.000,325.000,-1,-1,-1,-1,975.000,875.000,-1,-1,2,0,2,0,2,0,0,0,0,2,2,2,2,0,0,2,2
129,-178.211,1285.554,196.797,84.144,0.106910,-0.992523,-0.058892,0.991272,0.101805,0.083763,-0.077142,-0.067333,0.994744,0,0.97325,-0.70168,58.395,-1.403,-1,425.000,-1,425.000,-1,350.000,350.000,325.000,325.000,-1,-1,-1,-1,1000.000,875.000,-1,-1,2,0,2,0,2,0,0,0,0,2,2,2,2,0,0,2,2
130,-170.807,1343.634,191.972,82.732,0.131668,-0.989457,-0.060325,0.988186,0.126198,0.086959,-0.078429,-0.071062,0.994384,0,0.97582,-0.70598,58.549,-1.412,-1,425.000,-1,425.000,-1,350.000,350.000,325.000,325.000,-1,-1,-1,-1,975.000,850.000,-1,-1,2,0,2,0,2,0,0,0,0,2,2,2,2,0,0,2,2
131,-161.940,1401.667,186.739,81.311,0.156340,-0.985885,-0.059897,0.984501,0.150668,0.089757,-0.079465,-0.073001,0.994161,0,0.97841,-0.71029,58.705,-1.421,-1,425.000,-1,425.000,-1,325.000,325.000,300.000,325.000,-1,-1,-1,-1,975.000,850.000,-1,-1,2,0,2,0,2,0,0,0,0,2,2,2,2,0,0,2,2
132,-151.601,1459.614,181.611,79.882,0.181048,-0.981690,-0.059213,0.980177,0.175187,0.092535,-0.080467,-0.074792,0.993947,0,0.98102,-0.71461,58.861,-1.429,-1,425.000,-1,400.000,-1,325.000,325.000,300.000,325.000,-1,-1,-1,-1,950.000,825.000,-1,-1,2,0,2,0,2,0,0,0,0,2,2,2,2,0,0,2,2
133,-139.780,1517.438,176.609,78.444,0.205777,-0.976856,-0.058379,0.975211,0.199740,0.095218,-0.081354,-0.076525,0.993743,0,0.98364,-0.71895,59.019,-1.438,-1,425.000,-1,400.000,-1,325.000,325.000,300.000,325.000,-1,-1,-1,-1,950.000,825.000,-1,-1,2,0,2,0,2,0,0,0,0,2,2,2,2,0,0,2,2
134,-126.467,1575.099,171.689,76.997,0.230533,-0.971360,-0.057569,0.969583,0.224305,0.097964,-0.082245,-0.078402,0.993523,0,0.98628,-0.72331,59.177,-1.447,-1,400.000,-1,400.000,-1,325.000,325.000,300.000,325.000,-1,-1,-1,-1,925.000,800.000,-1,-1,2,0,2,0,2,0,0,0,0,2,2,2,2,0,0,2,2
135,-111.655,1632.557,166.866,75.542,0.255291,-0.965197,-0.056760,0.963289,0.248864,0.100706,-0.083076,-0.080386,0.993296,0,0.98892,-0.72769,59.335,-1.455,-1,400.000,-1,400.000,-1,325.000,325.000,300.000,325.000,-1,-1,-1,-1,900.000,775.000,-1,-1,2,0,2,0,2,0,0,0,0,2,2,2,2,0,0,2,2
136,-95.336,1689.770,162.191,74.078,0.280008,-0.958373,-0.055824,0.956345,0.273403,0.103218,-0.083659,-0.082289,0.993091,0,0.99155,-0.73210,59.493,-1.464,-1,400.000,-1,400.000,-1,325.000,325.000,300.000,325.000,-1,-1,-1,-1,900.000,775.000,-1,-1,2,0,2,0,2,0,0,0,0,2,2,2,2,0,0,2,2
137,-79.110,1742.367,157.993,72.854,0.300524,-0.952193,-0.054893,0.950055,0.293779,0.105306,-0.084145,-0.083799,0.992924,0,0.91736,-0.61210,55.041,-1.224,-1,400.000,-1,375.000,-1,325.000,325.000,325.000,325.000,-1,-1,-1,-1,875.000,750.000,-1,-1,2,0,2,0,2,0,0,0,0,2,2,2,2,0,0,2,2
138,-61.940,1794.808,153.884,71.869,0.316924,-0.946914,-0.053971,0.944657,0.310061,0.107166,-0.084743,-0.084948,0.992775,0,0.91965,-0.49210,55.179,-0.984,-1,400.000,-1,375.000,-1,325.000,325.000,325.000,325.000,-1,-1,-1,-1,875.000,750.000,-1,-1,2,0,2,0,2,0,0,0,0,2,2,2,2,0,0,2,2
