timestep,x_cm,y_cm,z_cm,yaw_deg,basis_xx,basis_xy,basis_xz,basis_yx,basis_yy,basis_yz,basis_zx,basis_zy,basis_zz,teleport_flag,throttle_cmd,steering_cmd,cmd_move_cm,cmd_turn_deg,lidar_cm_0,lidar_cm_1,lidar_cm_2,lidar_cm_3,lidar_cm_4,lidar_cm_5,lidar_cm_6,lidar_cm_7,lidar_cm_8,lidar_cm_9,lidar_cm_10,lidar_cm_11,lidar_cm_12,lidar_cm_13,lidar_cm_14,lidar_cm_15,lidar_cm_16,lidar_class_0,lidar_class_1,lidar_class_2,lidar_class_3,lidar_class_4,lidar_class_5,lidar_class_6,lidar_class_7,lidar_class_8,lidar_class_9,lidar_class_10,lidar_class_11,lidar_class_12,lidar_class_13,lidar_class_14,lidar_class_15,lidar_class_16
0,-6882.702,4264.976,-137.738,17.031,0.956209,-0.292668,0.003252,0.292276,0.955397,0.042322,-0.015493,-0.039518,0.999099,1,0.08000,0.12000,4.800,0.240,-1,400.000,-1,425.000,-1,325.000,325.000,300.000,300.000,-1,-1,-1,-1,875.000,950.000,-1,-1,2,0,2,0,2,0,0,0,0,2,2,2,2,0,0,2,2
1,-6873.547,4267.865,-137.880,17.511,0.953724,-0.300663,0.003647,0.300245,0.952915,0.042501,-0.016254,-0.039439,0.999090,0,0.16000,0.24000,9.600,0.480,-1,400.000,-1,425.000,-1,325.000,325.000,300.000,300.000,-1,-1,-1,-1,875.000,950.000,-1,-1,2,0,2,0,2,0,0,0,0,2,2,2,2,0,0,2,2
2,-6859.870,4272.370,-138.101,18.231,0.949870,-0.312615,0.004238,0.312159,0.949066,0.042774,-0.017394,-0.039307,0.999076,0,0.24000,0.36000,14.400,0.720,-1,400.000,-1,425.000,-1,325.000,325.000,300.000,300.000,-1,-1,-1,-1,875.000,950.000,-1,-1,2,0,2,0,2,0,0,0,0,2,2,2,2,0,0,2,2
3,-6841.737,4278.681,-138.408,19.191,0.944499,-0.328475,0.005023,0.327968,0.943703,0.043152,-0.018914,-0.039109,0.999056,0,0.32000,0.48000,19.200,0.960,-1,400.000,-1,425.000,-1,325.000,325.000,300.000,300.000,-1,-1,-1,-1,875.000,950.000,-1,-1,2,0,2,0,2,0,0,0,0,2,2,2,2,0,0,2,2
4,-6819.241,4287.044,-138.814,20.391,0.937412,-0.348170,0.005996,0.347599,0.936627,0.043642,-0.020811,-0.038827,0.999029,0,0.40000,0.60000,24.000,1.200,-1,400.000,-1,425.000,-1,325.000,325.000,300.000,300.000,-1,-1,-1,-1,850.000,950.000,-1,-1,2,0,2,0,2,0,0,0,0,2,2,2,2,0,0,2,2
5,-6792.505,4297.750,-139.333,21.823,0.928418,-0.371468,0.007150,0.370820,0.927650,0.044258,-0.023074,-0.038439,0.998995,0,0.48000,0.71583,28.800,1.432,-1,400.000,-1,425.000,-1,325.000,325.000,275.000,300.000,-1,-1,-1,-1,850.000,950.000,-1,-1,2,0,2,0,2,0,0,0,0,2,2,2,2,0,0,2,2
6,-6761.635,4311.016,-139.979,23.255,0.918841,-0.394536,0.008490,0.393800,0.918095,0.044990,-0.025544,-0.037995,0.998951,0,0.56000,0.71583,33.600,1.432,-1,400.000,-1,425.000,-1,325.000,325.000,275.000,300.000,-1,-1,-1,-1,825.000,950.000,-1,-1,2,0,2,0,2,0,0,0,0,2,2,2,2,0,0,2,2
7,-6726.744,4327.054,-140.766,24.686,0.908687,-0.417359,0.010004,0.416524,0.907968,0.045843,-0.028217,-0.037490,0.998899,0,0.64000,0.71583,38.400,1.432,-1,400.000,-1,425.000,-1,325.000,325.000,275.000,300.000,-1,-1,-1,-1,825.000,950.000,-1,-1,2,0,2,0,2,0,0,0,0,2,2,2,2,0,0,2,2
8,-6687.956,4346.071,-141.841,26.118,0.897958,-0.439931,0.011471,0.439015,0.897292,0.046184,-0.030610,-0.036435,0.998867,0,0.72000,0.71583,43.200,1.432,-1,400.000,-1,425.000,-1,325.000,325.000,275.000,300.000,-1,-1,-1,-1,825.000,950.000,-1,-1,2,0,2,0,2,0,0,0,0,2,2,2,2,0,0,2,2
9,-6645.398,4368.271,-143.254,27.550,0.886665,-0.462241,0.012623,0.461283,0.886075,0.045708,-0.032313,-0.034705,0.998875,0,0.80000,0.71583,48.000,1.432,-1,400.000,-1,425.000,-1,325.000,350.000,300.000,300.000,-1,-1,-1,-1,800.000,950.000,-1,-1,2,0,2,0,2,0,0,0,0,2,2,2,2,0,0,2,2
10,-6599.273,4393.967,-145.197,29.123,0.873577,-0.486445,0.015325,0.485418,0.873140,0.044671,-0.035111,-0.031585,0.998884,0,0.88000,0.78665,52.800,1.573,-1,400.000,-1,425.000,-1,325.000,325.000,300.000,300.000,-1,-1,-1,-1,800.000,925.000,-1,-1,2,0,2,0,2,0,0,0,0,2,2,2,2,0,0,2,2
11,-6552.364,4421.814,-147.377,30.696,0.859801,-0.510289,0.018621,0.509194,0.859547,0.043581,-0.038244,-0.027989,0.998876,0,0.90919,0.78665,54.552,1.573,-1,400.000,-1,425.000,-1,325.000,325.000,300.000,300.000,-1,-1,-1,-1,775.000,925.000,-1,-1,2,0,2,0,2,0,0,0,0,2,2,2,2,0,0,2,2
12,-6506.238,4450.938,-149.613,32.270,0.845362,-0.533746,0.021888,0.532596,0.845292,0.042696,-0.041290,-0.024436,0.998848,0,0.90919,0.78665,54.552,1.573,-1,400.000,-1,425.000,-1,325.000,325.000,300.000,300.000,-1,-1,-1,-1,775.000,900.000,-1,-1,2,0,2,0,2,0,0,0,0,2,2,2,2,0,0,2,2
13,-6460.928,4481.318,-151.963,33.843,0.830279,-0.556794,0.024830,0.555603,0.830381,0.042101,-0.044060,-0.021160,0.998805,0,0.90919,0.78665,54.552,1.573,-1,400.000,-1,425.000,-1,325.000,325.000,300.000,300.000,-1,-1,-1,-1,775.000,900.000,-1,-1,2,0,2,0,2,0,0,0,0,2,2,2,2,0,0,2,2
14,-6416.470,4512.931,-154.538,35.416,0.814594,-0.579412,0.026799,0.578196,0.814822,0.041887,-0.046106,-0.018626,0.998763,0,0.90919,0.78665,54.552,1.573,-1,400.000,-1,425.000,-1,325.000,325.000,300.000,300.000,-1,-1,-1,-1,750.000,875.000,-1,-1,2,0,2,0,2,0,0,0,0,2,2,2,2,0,0,2,2
15,-6372.897,4545.752,-156.952,36.990,0.798282,-0.601600,0.028689,0.600416,0.798652,0.040693,-0.047394,-0.015259,0.998760,0,0.90919,0.78665,54.552,1.573,-1,400.000,-1,425.000,-1,325.000,325.000,300.000,300.000,-1,-1,-1,-1,750.000,875.000,-1,-1,2,0,2,0,2,0,0,0,0,2,2,2,2,0,0,2,2
16,-6330.241,4579.758,-159.413,38.563,0.781362,-0.623329,0.030581,0.622183,0.781869,0.039614,-0.048603,-0.011926,0.998747,0,0.90919,0.78665,54.552,1.573,-1,400.000,-1,425.000,-1,325.000,325.000,300.000,300.000,-1,-1,-1,-1,750.000,875.000,-1,-1,2,0,2,0,2,0,0,0,0,2,2,2,2,0,0,2,2
17,-6288.535,4614.922,-162.012,40.136,0.763847,-0.644580,0.032454,0.643454,0.764483,0.039137,-0.050037,-0.009012,0.998707,0,0.90919,0.78665,54.552,1.573,-1,400.000,-1,425.000,-1,325.000,325.000,300.000,300.000,-1,-1,-1,-1,750.000,850.000,-1,-1,2,0,2,0,2,0,0,0,0,2,2,2,2,0,0,2,2
18,-6247.810,4651.218,-164.711,41.709,0.745753,-0.665340,0.034269,0.664224,0.746513,0.039055,-0.051567,-0.006364,0.998649,0,0.90919,0.78665,54.552,1.573,-1,375.000,-1,425.000,-1,325.000,325.000,300.000,300.000,-1,-1,-1,-1,725.000,825.000,-1,-1,2,0,2,0,2,0,0,0,0,2,2,2,2,0,0,2,2
19,-6208.036,4688.675,-167.365,43.282,0.727103,-0.685583,0.036003,0.684467,0.727983,0.039311,-0.053160,-0.003940,0.998578,0,0.91058,0.78622,54.635,1.572,-1,375.000,-1,400.000,-1,325.000,325.000,300.000,300.000,-1,-1,-1,-1,725.000,825.000,-1,-1,2,0,2,0,2,0,0,0,0,2,2,2,2,0,0,2,2
20,-6169.029,4727.478,-170.118,44.850,0.707956,-0.705250,0.037704,0.704155,0.708958,0.039299,-0.054446,-0.001272,0.998516,0,0.91701,0.78392,55.021,1.568,-1,375.000,-1,400.000,-1,325.000,325.000,300.000,300.000,-1,-1,-1,-1,700.000,800.000,-1,-1,2,0,2,0,2,0,0,0,0,2,2,2,2,0,0,2,2
21,-6134.254,4763.711,-172.983,46.178,0.691305,-0.721488,0.039408,0.720503,0.692423,0.037754,-0.054526,0.002294,0.998510,0,0.83701,0.66392,50.221,1.328,-1,375.000,-1,400.000,-1,325.000,325.000,300.000,300.000,-1,-1,-1,-1,700.000,800.000,-1,-1,2,0,2,0,2,0,0,0,0,2,2,2,2,0,0,2,2
22,-6103.432,4797.073,-175.576,47.265,0.677377,-0.734495,0.040946,0.733610,0.678593,0.036438,-0.054550,0.005356,0.998497,0,0.75701,0.54392,45.421,1.088,-1,375.000,-1,400.000,-1,325.000,325.000,300.000,300.000,-1,-1,-1,-1,700.000,775.000,-1,-1,2,0,2,0,2,0,0,0,0,2,2,2,2,0,0,2,2
23,-6076.311,4827.313,-177.896,48.113,0.666344,-0.744443,0.042306,0.743647,0.667639,0.035324,-0.054542,0.007923,0.998480,0,0.67701,0.42392,40.621,0.848,-1,375.000,-1,400.000,-1,325.000,325.000,300.000,300.000,-1,-1,-1,-1,700.000,775.000,-1,-1,2,0,2,0,2,0,0,0,0,2,2,2,2,0,0,2,2
24,-6050.729,4856.454,-179.992,48.721,0.658362,-0.751473,0.042985,0.750750,0.659693,0.034349,-0.054169,0.009657,0.998485,0,0.64627,0.30392,38.776,0.608,-1,375.000,-1,400.000,1000.000,325.000,325.000,300.000,300.000,-1,-1,-1,-1,700.000,775.000,-1,-1,2,0,2,0,1,0,0,0,0,2,2,2,2,0,0,2,2
25,-6025.186,4885.930,-182.029,49.089,0.653507,-0.755684,0.043245,0.755022,0.654847,0.033427,-0.053579,0.010807,0.998505,0,0.65007,0.18392,39.004,0.368,-1,375.000,-1,400.000,950.000,325.000,325.000,300.000,300.000,-1,-1,-1,-1,700.000,775.000,-1,1000.000,2,0,2,0,1,0,0,0,0,2,2,2,2,0,0,2,1
26,-5999.561,4915.635,-184.095,49.217,0.651809,-0.757136,0.043489,0.756527,0.653153,0.032534,-0.053037,0.011694,0.998524,0,0.65383,0.06392,39.230,0.128,-1,375.000,-1,400.000,925.000,325.000,325.000,300.000,300.000,-1,-1,-1,-1,700.000,775.000,-1,975.000,2,0,2,0,1,0,0,0,0,2,2,2,2,0,0,2,1
27,-5973.730,4945.460,-186.192,49.105,0.653284,-0.755850,0.043707,0.755287,0.654629,0.031671,-0.052550,0.012321,0.998542,0,0.65760,-0.05608,39.456,-0.112,-1,375.000,-1,400.000,875.000,325.000,325.000,300.000,300.000,-1,-1,-1,-1,700.000,775.000,-1,950.000,2,0,2,0,1,0,0,0,0,2,2,2,2,0,0,2,1
28,-5947.566,4975.297,-188.356,48.753,0.657910,-0.751808,0.044045,0.751284,0.659258,0.030832,-0.052217,0.012806,0.998554,0,0.66140,-0.17608,39.684,-0.352,-1,375.000,-1,400.000,850.000,325.000,325.000,300.000,300.000,-1,-1,-1,-1,700.000,775.000,-1,900.000,2,0,2,0,1,0,0,0,0,2,2,2,2,0,0,2,1
29,-5920.952,5005.046,-190.379,48.184,0.665286,-0.745217,0.045244,0.744741,0.666680,0.029969,-0.052497,0.013757,0.998526,0,0.66528,-0.28439,39.917,-0.569,-1,375.000,-1,400.000,825.000,325.000,325.000,300.000,300.000,-1,-1,-1,-1,700.000,775.000,-1,875.000,2,0,2,0,1,0,0,0,0,2,2,2,2,0,0,2,1
30,-5893.880,5034.704,-192.387,47.610,0.672647,-0.738494,0.046604,0.738070,0.674097,0.029080,-0.052891,0.014837,0.998490,0,0.66926,-0.28679,40.156,-0.574,-1,375.000,-1,400.000,775.000,325.000,325.000,300.000,300.000,-1,-1,-1,-1,700.000,775.000,-1,825.000,2,0,2,0,1,0,0,0,0,2,2,2,2,0,0,2,1
31,-5866.347,5064.263,-194.425,47.032,0.680007,-0.731639,0.047897,0.731268,0.681508,0.028178,-0.053258,0.015864,0.998455,0,0.67325,-0.28924,40.395,-0.578,-1,375.000,-1,400.000,750.000,325.000,325.000,300.000,300.000,-1,-1,-1,-1,700.000,775.000,-1,800.000,2,0,2,0,1,0,0,0,0,2,2,2,2,0,1,2,1
32,-5838.349,5093.714,-196.493,46.448,0.687364,-0.724650,0.049119,0.724333,0.688911,0.027264,-0.053595,0.016838,0.998421,0,0.67725,-0.29172,40.635,-0.583,-1,375.000,-1,400.000,700.000,325.000,325.000,300.000,300.000,-1,-1,-1,-1,700.000,750.000,-1,750.000,2,0,2,0,1,0,0,0,0,2,2,2,2,0,1,2,1
33,-5809.882,5123.047,-198.617,45.860,0.694725,-0.717526,0.050139,0.717259,0.696308,0.026354,-0.053822,0.017654,0.998394,0,0.68126,-0.29425,40.875,-0.589,-1,375.000,-1,400.000,675.000,325.000,325.000,300.000,300.000,-1,-1,-1,-1,700.000,700.000,-1,725.000,2,0,2,0,1,0,0,0,0,2,2,2,2,0,1,2,1
34,-5780.945,5152.255,-200.887,45.266,0.702118,-0.710269,0.050486,0.710038,0.703702,0.025505,-0.053642,0.017939,0.998399,0,0.68526,-0.29683,41.116,-0.594,-1,375.000,-1,400.000,625.000,325.000,325.000,300.000,300.000,-1,-1,-1,-1,700.000,675.000,-1,675.000,2,0,2,0,1,0,0,0,0,2,2,2,2,0,1,2,1
35,-5751.532,5181.328,-203.074,44.667,0.709502,-0.702865,0.050862,0.702699,0.711079,0.024106,-0.053110,0.018638,0.998415,0,0.68927,-0.29947,41.356,-0.599,-1,375.000,-1,400.000,600.000,325.000,325.000,300.000,300.000,-1,-1,-1,-1,700.000,650.000,-1,650.000,2,0,2,0,1,0,0,0,0,2,2,2,2,0,1,2,1
36,-5721.643,5210.256,-205.274,44.063,0.716877,-0.695317,0.051202,0.695216,0.718443,0.022671,-0.052549,0.019344,0.998431,0,0.69326,-0.30216,41.596,-0.604,-1,375.000,1000.000,400.000,575.000,325.000,325.000,300.000,300.000,-1,-1,-1,-1,700.000,625.000,-1,600.000,2,0,1,0,1,0,0,0,0,2,2,2,2,0,1,2,1
37,-5691.273,5239.028,-207.497,43.453,0.724241,-0.687621,0.051499,0.687585,0.725793,0.021248,-0.051988,0.020021,0.998447,0,0.69725,-0.30493,41.835,-0.610,-1,375.000,950.000,400.000,525.000,325.000,325.000,300.000,300.000,-1,-1,-1,-1,700.000,575.000,-1,550.000,2,0,1,0,1,0,0,0,0,2,2,2,2,0,1,2,1
38,-5660.422,5267.634,-209.744,42.837,0.731592,-0.679776,0.051753,0.679800,0.733129,0.019840,-0.051428,0.020667,0.998463,0,0.70121,-0.30777,42.073,-0.616,-1,375.000,900.000,400.000,500.000,325.000,325.000,300.000,300.000,-1,-1,-1,-1,725.000,550.000,-1,525.000,2,0,1,0,1,0,0,0,0,2,2,2,2,0,1,2,1
39,-5629.087,5296.063,-212.014,42.216,0.738929,-0.671776,0.051963,0.671860,0.740448,0.018452,-0.050871,0.021277,0.998479,0,0.70516,-0.31069,42.309,-0.621,-1,375.000,850.000,400.000,450.000,325.000,325.000,300.000,300.000,-1,-1,-1,-1,725.000,525.000,-1,475.000,2,0,1,0,1,0,0,0,0,2,2,2,2,0,1,2,1
40,-5597.267,5324.303,-214.251,41.589,0.746250,-0.663623,0.052115,0.663748,0.747754,0.017370,-0.050496,0.021629,0.998490,0,0.70907,-0.31371,42.544,-0.627,-1,375.000,800.000,400.000,425.000,325.000,325.000,300.000,300.000,-1,-1,-1,-1,725.000,500.000,-1,450.000,2,0,1,0,1,0,0,0,0,2,2,2,2,0,1,2,1
41,-5564.961,5352.341,-216.384,40.955,0.753550,-0.655315,0.052206,0.655450,0.755050,0.016877,-0.050478,0.021501,0.998494,0,0.71294,-0.31683,42.777,-0.634,-1,375.000,750.000,400.000,400.000,325.000,325.000,300.000,300.000,-1,-1,-1,-1,725.000,450.000,-1,400.000,2,0,1,0,1,0,0,0,0,2,2,2,2,0,1,2,1
42,-5532.169,5380.166,-218.539,40.315,0.760832,-0.646840,0.052275,0.646985,0.762327,0.016380,-0.050446,0.021358,0.998498,0,0.71677,-0.32007,43.006,-0.640,-1,375.000,675.000,375.000,350.000,325.000,325.000,300.000,300.000,-1,-1,-1,-1,725.000,425.000,-1,375.000,2,0,1,1,1,0,0,0,0,2,2,2,2,0,1,2,1
43,-5498.891,5407.762,-220.715,39.668,0.768095,-0.638194,0.052320,0.638349,0.769583,0.015882,-0.050401,0.021200,0.998504,0,0.72054,-0.32344,43.232,-0.647,-1,375.000,625.000,350.000,325.000,325.000,325.000,300.000,300.000,-1,-1,-1,-1,725.000,400.000,-1,325.000,2,0,1,1,1,0,0,0,0,2,2,2,2,0,1,2,1
44,-5465.127,5435.117,-222.933,39.014,0.775340,-0.629371,0.052342,0.629539,0.776818,0.015288,-0.050283,0.021098,0.998512,0,0.72423,-0.32695,43.454,-0.654,-1,375.000,575.000,325.000,275.000,325.000,325.000,300.000,300.000,-1,-1,-1,-1,700.000,350.000,-1,300.000,2,0,1,1,1,0,0,0,0,2,2,2,2,1,1,2,1
45,-5430.881,5462.215,-225.187,38.353,0.782565,-0.620365,0.052338,0.620549,0.784031,0.014622,-0.050106,0.021036,0.998522,0,0.72785,-0.33062,43.671,-0.661,-1,375.000,525.000,300.000,250.000,325.000,325.000,300.000,300.000,-1,-1,-1,-1,650.000,325.000,1000.000,250.000,2,0,1,1,1,0,1,0,0,2,2,2,2,1,1,1,1
46,-5396.153,5489.040,-227.460,37.684,0.789769,-0.611170,0.052306,0.611370,0.791222,0.013967,-0.049922,0.020948,0.998533,0,0.73136,-0.33447,43.882,-0.669,-1,375.000,475.000,250.000,200.000,325.000,275.000,300.000,300.000,-1,-1,-1,-1,575.000,300.000,900.000,225.000,2,0,1,1,1,0,1,0,0,2,2,2,2,1,1,1,1
47,-5357.405,5518.510,-229.983,37.255,0.794335,-0.605227,0.052273,0.605451,0.795772,0.013240,-0.049610,0.021132,0.998545,0,0.81136,-0.21447,48.682,-0.429,-1,375.000,425.000,225.000,175.000,325.000,250.000,300.000,300.000,-1,-1,-1,-1,525.000,250.000,800.000,175.000,2,0,1,1,1,1,1,0,0,2,2,2,2,1,1,1,1
48,-5314.730,5550.744,-230.007,37.066,0.796989,-0.602696,0.039574,0.602598,0.797890,0.015690,-0.041032,0.011343,0.999093,0,0.89136,-0.09447,53.482,-0.189,-1,375.000,375.000,200.000,125.000,300.000,225.000,300.000,325.000,-1,-1,775.000,-1,475.000,225.000,750.000,125.000,2,1,1,1,1,1,1,0,0,2,2,0,2,1,1,1,1
49,-5268.857,5585.467,-221.619,37.117,0.797515,-0.603185,-0.011736,0.603253,0.797061,0.027925,-0.007490,-0.029350,0.999541,0,0.95891,0.02553,57.535,0.051,-1,375.000,400.000,200.000,125.000,275.000,200.000,275.000,400.000,-1,175.000,300.000,-1,475.000,225.000,-1,125.000,2,1,1,1,1,1,1,0,1,2,0,0,2,1,1,2,1
50,-5223.086,5620.496,-213.492,37.408,0.793006,-0.606038,-0.062131,0.608686,0.792432,0.039396,0.025359,-0.069060,0.997290,0,0.96061,0.14553,57.636,0.291,-1,350.000,400.000,200.000,100.000,275.000,200.000,250.000,450.000,475.000,75.000,200.000,-1,475.000,225.000,-1,125.000,2,1,1,1,1,1,1,0,1,0,0,0,2,1,1,2,1
51,-5177.631,5655.973,-205.673,37.939,0.783547,-0.611242,-0.111524,0.618696,0.784069,0.049509,0.057180,-0.107792,0.992528,0,0.96097,0.26553,57.658,0.531,-1,350.000,425.000,200.000,100.000,275.000,200.000,225.000,500.000,300.000,25.000,175.000,-1,475.000,225.000,-1,125.000,2,1,1,1,1,1,1,0,1,0,0,0,2,1,1,2,1
52,-5132.723,5692.019,-198.236,38.710,0.769215,-0.618741,-0.159585,0.632964,0.772033,0.057628,0.087548,-0.145340,0.985501,0,0.95968,0.38553,57.581,0.771,-1,350.000,450.000,200.000,100.000,275.000,200.000,225.000,-1,200.000,25.000,175.000,-1,550.000,225.000,-1,100.000,2,1,1,1,1,1,1,0,2,0,0,0,2,1,1,2,1
53,-7543.324,983.725,-129.919,151.516,-0.883678,-0.467658,-0.020210,0.460966,-0.861903,-0.211269,0.081382,-0.196010,0.977219,1,0.00000,0.00000,57.384,1.011,600.000,325.000,-1,600.000,-1,300.000,375.000,675.000,550.000,950.000,0.000,0.000,-1,625.000,-1,475.000,-1,1,0,2,0,2,0,0,1,0,1,1,1,2,0,2,1,2
54,987.631,-324.941,-305.271,39.023,0.775648,-0.629622,0.044122,0.628353,0.776894,0.040103,-0.059528,-0.003382,0.998221,1,0.08000,0.06892,4.800,0.138,750.000,350.000,-1,350.000,900.000,300.000,300.000,300.000,300.000,-1,275.000,225.000,-1,575.000,575.000,725.000,825.000,0,0,2,0,0,0,0,0,0,2,0,0,2,0,0,0,0
55,995.074,-318.879,-305.778,39.160,0.774169,-0.631479,0.043557,0.630261,0.775388,0.039312,-0.058599,-0.002982,0.998277,0,0.16000,0.06850,9.600,0.137,750.000,350.000,-1,350.000,900.000,300.000,300.000,300.000,300.000,-1,275.000,225.000,-1,575.000,575.000,725.000,825.000,0,0,2,0,0,0,0,0,0,2,0,0,2,0,0,0,0
56,1006.218,-309.759,-306.531,39.295,0.772718,-0.633309,0.042740,0.632166,0.773895,0.038111,-0.057212,-0.002431,0.998359,0,0.24000,0.06766,14.400,0.135,750.000,350.000,-1,350.000,900.000,300.000,300.000,300.000,300.000,-1,275.000,225.000,-1,575.000,575.000,725.000,825.000,0,0,2,0,0,0,0,0,0,2,0,0,2,0,0,0,0
57,1021.049,-297.565,-307.522,39.428,0.771303,-0.635102,0.041672,0.634055,0.772426,0.036494,-0.055365,-0.001726,0.998465,0,0.32000,0.06640,19.200,0.133,750.000,350.000,-1,350.000,900.000,300.000,300.000,300.000,300.000,-1,275.000,225.000,-1,575.000,575.000,725.000,825.000,0,0,2,0,0,0,0,0,0,2,0,0,2,0,0,0,0
58,1039.552,-282.281,-308.742,39.557,0.769934,-0.636846,0.040356,0.635914,0.770990,0.034455,-0.053057,-0.000865,0.998591,0,0.40000,0.06471,24.000,0.129,750.000,350.000,-1,350.000,900.000,300.000,300.000,300.000,300.000,-1,275.000,225.000,-1,575.000,575.000,725.000,825.000,0,0,2,0,0,0,0,0,0,2,0,0,2,0,0,0,0
59,1061.717,-263.892,-310.179,39.682,0.768619,-0.638529,0.038797,0.637727,0.769598,0.031986,-0.050282,0.000156,0.998735,0,0.48000,0.06258,28.800,0.125,750.000,350.000,-1,350.000,875.000,300.000,300.000,300.000,300.000,-1,275.000,225.000,-1,575.000,575.000,750.000,825.000,0,0,2,0,0,0,0,0,0,2,0,0,2,0,0,0,0
60,1087.530,-242.384,-311.701,39.802,0.767368,-0.640139,0.036984,0.639454,0.768259,0.029625,-0.047378,0.000916,0.998877,0,0.56000,0.05999,33.600,0.120,750.000,350.000,-1,350.000,875.000,300.000,300.000,300.000,300.000,-1,275.000,225.000,-1,575.000,575.000,750.000,825.000,0,0,2,0,0,0,0,0,0,2,0,0,2,0,0,0,0
61,1116.982,-217.744,-313.284,39.916,0.766191,-0.641664,0.034919,0.641080,0.766985,0.027402,-0.044365,0.001391,0.999014,0,0.64000,0.05691,38.400,0.114,750.000,350.000,-1,350.000,875.000,300.000,300.000,325.000,300.000,-1,275.000,250.000,-1,575.000,575.000,750.000,825.000,0,0,2,0,0,0,0,0,0,2,0,0,2,0,0,0,0
62,1150.176,-190.097,-315.008,39.790,0.767703,-0.639973,0.032666,0.639494,0.768396,0.024801,-0.040972,0.001850,0.999159,0,0.72000,-0.06309,43.200,-0.126,750.000,350.000,-1,350.000,850.000,300.000,300.000,325.000,300.000,-1,275.000,250.000,-1,575.000,575.000,725.000,825.000,0,0,2,0,0,0,0,0,0,2,0,0,2,0,0,0,0
63,1184.703,-161.713,-316.729,39.424,0.771875,-0.635048,0.030386,0.634670,0.772469,0.022036,-0.037466,0.002276,0.999295,0,0.74494,-0.18309,44.696,-0.366,750.000,350.000,-1,350.000,850.000,300.000,300.000,325.000,300.000,-1,300.000,250.000,-1,575.000,575.000,725.000,825.000,0,0,2,0,0,0,0,0,0,2,0,0,2,0,0,0,0
64,1219.542,-133.684,-318.388,38.818,0.778640,-0.626840,0.028140,0.626551,0.779144,0.019214,-0.033970,0.002670,0.999419,0,0.74525,-0.30309,44.715,-0.606,750.000,350.000,-1,350.000,850.000,300.000,300.000,325.000,300.000,-1,300.000,275.000,-1,550.000,575.000,725.000,825.000,0,0,2,0,0,0,0,0,0,2,0,0,2,0,0,0,0
65,1254.791,-106.173,-319.669,37.971,0.787940,-0.615266,0.024449,0.615042,0.788317,0.016706,-0.029552,0.001874,0.999561,0,0.74525,-0.42309,44.715,-0.846,725.000,350.000,-1,350.000,850.000,300.000,300.000,325.000,325.000,-1,325.000,275.000,-1,550.000,575.000,700.000,825.000,0,0,2,0,0,0,0,0,0,2,0,0,2,0,0,0,0
66,1290.555,-79.335,-320.654,36.885,0.799593,-0.600213,0.019875,0.600045,0.799840,0.014235,-0.024441,0.000543,0.999701,0,0.74525,-0.54309,44.715,-1.086,725.000,350.000,-1,350.000,875.000,300.000,300.000,325.000,325.000,-1,325.000,275.000,-1,550.000,575.000,700.000,850.000,0,0,2,0,0,0,0,0,0,2,0,0,2,0,0,0,0
67,1326.931,-53.331,-321.345,35.559,0.813374,-0.581541,0.015245,0.581444,0.813517,0.010626,-0.018582,0.000221,0.999827,0,0.74525,-0.66309,44.715,-1.326,750.000,350.000,-1,350.000,925.000,300.000,300.000,300.000,325.000,-1,325.000,275.000,-1,550.000,600.000,725.000,900.000,0,0,2,0,0,0,0,0,0,2,0,0,2,0,0,0,0
68,1364.005,-28.332,-322.000,33.993,0.829040,-0.559089,0.010552,0.559042,0.829108,0.007277,-0.012817,-0.000134,0.999918,0,0.74525,-0.78309,44.715,-1.566,750.000,350.000,-1,350.000,975.000,300.000,300.000,300.000,325.000,-1,325.000,275.000,-1,550.000,600.000,725.000,950.000,0,0,2,0,0,0,0,0,0,2,0,0,2,0,0,0,0
69,1401.847,-4.513,-322.602,32.187,0.846297,-0.532679,0.005899,0.532663,0.846317,0.004228,-0.007244,-0.000436,0.999974,0,0.74525,-0.90309,44.715,-1.806,750.000,350.000,-1,350.000,-1,300.000,300.000,300.000,325.000,-1,300.000,300.000,-1,575.000,625.000,750.000,1000.000,0,0,2,0,2,0,0,0,0,2,0,0,2,0,0,0,0
70,1440.498,17.970,-322.918,30.187,0.864388,-0.502819,0.002443,0.502818,0.864392,0.001088,-0.002659,0.000288,0.999996,0,0.74525,-1.00000,44.715,-2.000,750.000,350.000,-1,350.000,-1,300.000,300.000,300.000,325.000,-1,275.000,300.000,-1,575.000,625.000,775.000,-1,0,0,2,0,2,0,0,0,0,2,0,0,2,0,0,0,2
71,1475.601,36.971,-323.163,28.427,0.879427,-0.476033,-0.000689,0.476032,0.879427,-0.001481,0.001311,0.000974,0.999999,0,0.66525,-0.88000,39.915,-1.760,775.000,350.000,-1,350.000,-1,300.000,300.000,300.000,325.000,-1,275.000,300.000,1000.000,575.000,625.000,775.000,-1,0,0,2,0,2,0,0,0,0,2,0,0,0,0,0,0,2
72,1506.914,52.862,-322.791,26.907,0.891738,-0.452537,-0.003583,0.452523,0.891743,-0.004117,0.005058,0.002050,0.999985,0,0.58525,-0.76000,35.115,-1.520,775.000,350.000,-1,375.000,-1,300.000,300.000,300.000,300.000,-1,275.000,300.000,975.000,575.000,625.000,825.000,-1,0,0,2,0,2,0,0,0,0,2,0,0,0,0,0,0,2
73,1534.247,65.973,-322.370,25.627,0.901611,-0.432503,-0.006140,0.432467,0.901627,-0.006377,0.008294,0.003094,0.999961,0,0.50525,-0.64000,30.315,-1.280,800.000,350.000,-1,375.000,-1,300.000,300.000,300.000,300.000,-1,275.000,275.000,975.000,575.000,650.000,850.000,-1,0,0,2,0,2,0,0,0,0,2,0,0,0,0,0,0,2
74,1557.448,76.589,-322.009,24.587,0.909297,-0.416066,-0.008310,0.416004,0.909326,-0.008177,0.010959,0.003978,0.999932,0,0.42525,-0.52000,25.515,-1.040,825.000,350.000,-1,375.000,-1,300.000,300.000,300.000,300.000,-1,300.000,250.000,950.000,600.000,650.000,875.000,-1,0,0,2,0,2,0,0,0,0,2,0,0,0,0,0,0,2
75,1576.404,84.944,-321.711,23.787,0.915000,-0.403328,-0.010079,0.403241,0.915043,-0.009579,0.013086,0.004700,0.999903,0,0.34525,-0.40000,20.715,-0.800,850.000,350.000,-1,375.000,-1,300.000,300.000,300.000,300.000,-1,275.000,250.000,950.000,600.000,650.000,900.000,-1,0,0,2,0,2,0,0,0,0,2,0,0,0,0,0,0,2
76,1591.029,91.221,-321.479,23.227,0.918883,-0.394364,-0.011438,0.394256,0.918939,-0.010630,0.014703,0.005258,0.999878,0,0.26525,-0.28000,15.915,-0.560,875.000,350.000,-1,375.000,-1,300.000,300.000,300.000,300.000,-1,275.000,250.000,950.000,600.000,650.000,925.000,-1,0,0,2,0,2,0,0,0,0,2,0,0,0,0,0,0,2
77,1601.267,95.547,-321.315,22.907,0.921060,-0.389225,-0.012383,0.389100,0.921125,-0.011367,0.015830,0.005652,0.999859,0,0.18525,-0.16000,11.115,-0.320,875.000,350.000,-1,375.000,-1,300.000,300.000,300.000,300.000,-1,275.000,250.000,950.000,600.000,650.000,925.000,-1,0,0,2,0,2,0,0,0,0,2,0,0,0,0,0,0,2
78,1607.087,97.997,-321.221,22.827,0.921595,-0.387938,-0.012909,0.387803,0.921667,-0.011812,0.016480,0.005879,0.999847,0,0.10525,-0.04000,6.315,-0.080,875.000,350.000,-1,375.000,-1,300.000,300.000,300.000,300.000,-1,275.000,250.000,950.000,600.000,650.000,925.000,-1,0,0,2,0,2,0,0,0,0,2,0,0,0,0,0,0,2
79,1617.319,102.337,-321.053,22.987,0.920496,-0.390509,-0.013802,0.390354,0.920578,-0.012688,0.017661,0.006292,0.999824,0,0.18525,0.08000,11.115,0.160,900.000,350.000,-1,375.000,-1,300.000,300.000,300.000,300.000,-1,275.000,225.000,950.000,600.000,650.000,950.000,-1,0,0,2,0,2,0,0,0,0,2,0,0,0,0,0,0,2
80,1631.927,108.655,-320.808,23.387,0.917728,-0.396925,-0.015047,0.396737,0.917825,-0.014009,0.019371,0.006887,0.999789,0,0.26525,0.20000,15.915,0.400,925.000,350.000,-1,375.000,-1,300.000,325.000,300.000,300.000,-1,250.000,225.000,925.000,600.000,650.000,975.000,-1,0,0,2,0,2,0,0,0,0,2,0,0,0,0,0,0,2
81,1650.847,117.089,-320.483,24.027,0.913210,-0.407150,-0.016619,0.406915,0.913329,-0.015796,0.021610,0.007663,0.999737,0,0.34525,0.32000,20.715,0.640,950.000,350.000,-1,375.000,-1,300.000,325.000,300.000,300.000,-1,250.000,225.000,925.000,625.000,650.000,1000.000,-1,0,0,2,0,2,0,0,0,0,2,0,0,0,0,0,0,2
82,1673.989,127.835,-320.072,24.907,0.906814,-0.421126,-0.018479,0.420826,0.906961,-0.018077,0.024373,0.008616,0.999666,0,0.42525,0.44000,25.515,0.880,975.000,350.000,-1,375.000,-1,300.000,325.000,300.000,300.000,-1,225.000,200.000,925.000,625.000,675.000,-1,-1,0,0,2,0,2,0,0,0,0,2,0,0,0,0,0,2,2
83,1701.232,141.131,-319.570,26.015,0.898456,-0.438580,-0.020582,0.438191,0.898639,-0.020877,0.027652,0.009738,0.999570,0,0.50525,0.55399,30.315,1.108,-1,375.000,-1,375.000,-1,300.000,325.000,300.000,300.000,-1,225.000,200.000,925.000,625.000,675.000,-1,-1,2,0,2,0,2,0,0,0,0,2,0,0,0,0,0,2,2
84,1732.485,157.140,-318.965,27.123,0.889752,-0.455869,-0.022931,0.455363,0.889979,-0.024124,0.031405,0.011023,0.999446,0,0.58525,0.55399,35.115,1.108,-1,375.000,-1,375.000,-1,300.000,325.000,300.000,300.000,-1,200.000,200.000,900.000,625.000,675.000,-1,-1,2,0,2,0,2,0,0,0,0,2,0,0,0,0,0,2,2
85,1767.652,176.021,-318.244,28.231,0.880702,-0.472985,-0.025488,0.472330,0.880982,-0.027823,0.035614,0.012465,0.999288,0,0.66525,0.55399,39.915,1.108,-1,375.000,-1,375.000,-1,300.000,325.000,300.000,300.000,-1,200.000,175.000,900.000,650.000,675.000,-1,-1,2,0,2,0,2,0,0,0,0,2,0,0,0,0,0,2,2
86,1806.632,197.931,-317.274,29.339,0.871311,-0.489924,-0.028124,0.489105,0.871659,-0.031422,0.039909,0.013623,0.999110,0,0.74525,0.55399,44.715,1.108,-1,375.000,-1,375.000,-1,300.000,325.000,300.000,300.000,-1,200.000,175.000,900.000,650.000,675.000,-1,-1,2,0,2,0,2,0,0,0,0,2,0,0,0,0,0,2,2
87,1849.319,223.022,-315.531,30.447,0.861586,-0.506694,-0.030494,0.505805,0.862033,-0.032558,0.042784,0.012628,0.999005,0,0.82525,0.55399,49.515,1.108,-1,375.000,-1,375.000,-1,300.000,325.000,300.000,300.000,-1,200.000,200.000,950.000,650.000,675.000,-1,-1,2,0,2,0,2,0,0,0,0,2,0,0,0,0,0,2,2
88,1893.089,249.901,-313.679,31.555,0.851527,-0.523275,-0.032953,0.522308,0.852085,-0.033857,0.045795,0.011619,0.998883,0,0.85606,0.55399,51.364,1.108,-1,375.000,-1,375.000,-1,300.000,300.000,300.000,300.000,-1,225.000,225.000,975.000,650.000,675.000,-1,-1,2,0,2,0,2,0,0,0,0,2,0,0,0,0,0,2,2
89,1936.331,277.621,-311.520,32.663,0.841109,-0.539663,-0.036048,0.538617,0.841821,-0.035052,0.049262,0.010066,0.998735,0,0.85606,0.55399,51.364,1.108,-1,375.000,-1,375.000,-1,300.000,300.000,300.000,300.000,-1,250.000,250.000,-1,650.000,700.000,-1,-1,2,0,2,0,2,0,0,0,0,2,0,0,2,0,0,2,2
90,1979.028,306.173,-309.136,33.771,0.830419,-0.555843,-0.037989,0.554707,0.831234,-0.036752,0.052006,0.009447,0.998602,0,0.85606,0.55399,51.364,1.108,-1,375.000,-1,375.000,-1,300.000,300.000,300.000,300.000,-1,275.000,275.000,-1,650.000,700.000,-1,-1,2,0,2,0,2,0,0,0,0,2,0,0,2,0,0,2,2
91,2021.165,335.545,-306.716,34.878,0.819422,-0.571815,-0.039685,0.570581,0.820333,-0.038613,0.054634,0.008997,0.998466,0,0.85606,0.55399,51.364,1.108,-1,375.000,-1,375.000,-1,300.000,300.000,300.000,300.000,-1,275.000,300.000,-1,650.000,700.000,-1,-1,2,0,2,0,2,0,0,0,0,2,0,0,2,0,0,2,2
92,2062.727,365.726,-303.823,35.986,0.808044,-0.587578,-0.042629,0.586249,0.809133,-0.040202,0.058114,0.007494,0.998282,0,0.85606,0.55399,51.364,1.108,-1,375.000,-1,375.000,-1,300.000,300.000,300.000,300.000,-1,300.000,325.000,-1,675.000,700.000,-1,-1,2,0,2,0,2,0,0,0,0,2,0,0,2,0,0,2,2
93,2103.697,396.705,-300.460,37.094,0.796434,-0.603115,-0.044092,0.601673,0.797622,-0.042295,0.060677,0.007156,0.998132,0,0.85606,0.55399,51.364,1.108,-1,375.000,-1,375.000,-1,300.000,300.000,300.000,300.000,-1,350.000,350.000,-1,675.000,700.000,-1,-1,2,0,2,0,2,0,0,0,0,2,0,0,2,0,0,2,2
94,2144.253,428.614,-297.066,38.195,0.784605,-0.618331,-0.045400,0.616766,0.785887,-0.044500,0.063194,0.006914,0.997977,0,0.86005,0.55048,51.603,1.101,-1,375.000,-1,375.000,-1,300.000,300.000,300.000,300.000,-1,375.000,375.000,-1,675.000,725.000,-1,-1,2,0,2,0,2,0,0,0,0,2,0,0,2,0,0,2,2
95,2184.367,461.435,-293.642,39.289,0.772577,-0.633213,-0.046546,0.631517,0.773948,-0.046807,0.065663,0.006767,0.997819,0,0.86383,0.54659,51.830,1.093,-1,375.000,-1,375.000,-1,300.000,325.000,300.000,300.000,-1,400.000,400.000,-1,675.000,725.000,-1,-1,2,0,2,0,2,0,0,0,0,2,0,0,2,0,0,2,2
96,2224.010,495.142,-290.189,40.373,0.760367,-0.647753,-0.047527,0.645915,0.761821,-0.049216,0.068087,0.006724,0.997657,0,0.86726,0.54243,52.036,1.085,-1,375.000,-1,375.000,-1,300.000,325.000,300.000,300.000,-1,425.000,400.000,-1,700.000,725.000,-1,-1,2,0,2,0,2,0,0,0,0,2,0,0,2,0,0,2,2
97,2263.150,529.709,-286.660,41.450,0.747994,-0.661944,-0.048321,0.659937,0.749521,-0.051977,0.070623,0.006989,0.997479,0,0.87031,0.53801,52.219,1.076,-1,375.000,-1,375.000,-1,325.000,325.000,300.000,300.000,-1,450.000,375.000,-1,700.000,750.000,-1,-1,2,0,2,0,2,0,0,0,0,2,0,0,2,0,0,2,2
98,2301.757,565.106,-283.118,42.516,0.735477,-0.675780,-0.048935,0.673599,0.737067,-0.054749,0.073067,0.007304,0.997300,0,0.87296,0.53334,52.378,1.067,-1,375.000,-1,400.000,-1,325.000,325.000,300.000,300.000,-1,475.000,375.000,-1,725.000,750.000,-1,-1,2,0,2,0,2,0,0,0,0,2,0,0,2,0,0,2,2
99,2339.802,601.302,-279.500,43.573,0.722835,-0.689258,-0.049337,0.686869,0.724473,-0.057878,0.075636,0.007948,0.997104,0,0.87519,0.52845,52.512,1.057,-1,375.000,-1,400.000,1000.000,325.000,325.000,300.000,300.000,-1,450.000,375.000,-1,725.000,750.000,-1,-1,2,0,2,0,1,0,0,0,0,2,0,0,2,0,0,2,2
100,2377.256,638.262,-275.732,44.620,0.710075,-0.702376,-0.049615,0.699824,0.711760,-0.060366,0.077714,0.008142,0.996942,0,0.87699,0.52335,52.619,1.047,-1,375.000,-1,400.000,975.000,325.000,325.000,300.000,300.000,-1,450.000,375.000,-1,725.000,750.000,-1,-1,2,0,2,0,1,0,0,0,0,2,0,0,2,0,0,2,2
101,2414.091,675.951,-271.868,45.656,0.697215,-0.715132,-0.049779,0.712447,0.698943,-0.062433,0.079441,0.008065,0.996807,0,0.87834,0.51807,52.700,1.036,-1,400.000,-1,400.000,950.000,325.000,325.000,300.000,300.000,-1,475.000,400.000,-1,750.000,775.000,-1,-1,2,0,2,0,1,0,0,0,0,2,0,0,2,0,0,2,2
102,2450.728,714.843,-267.966,46.710,0.683913,-0.727863,-0.049779,0.725037,0.685675,-0.064584,0.081141,0.008078,0.996670,0,0.89051,0.52682,53.430,1.054,-1,400.000,-1,400.000,900.000,325.000,325.000,300.000,300.000,-1,475.000,400.000,-1,750.000,775.000,-1,-1,2,0,2,0,1,0,0,0,0,2,0,0,2,0,0,2,2
103,2486.790,754.547,-263.743,47.753,0.670502,-0.740231,-0.049855,0.737378,0.672316,-0.065310,0.081863,0.007028,0.996619,0,0.89393,0.52154,53.636,1.043,-1,400.000,-1,400.000,875.000,325.000,325.000,300.000,300.000,-1,525.000,450.000,-1,750.000,775.000,-1,-1,2,0,2,0,1,0,0,0,0,2,0,0,2,0,0,2,2
104,2522.248,795.028,-259.339,48.784,0.657009,-0.752225,-0.049971,0.749410,0.658884,-0.065243,0.082003,0.005417,0.996617,0,0.89691,0.51589,53.815,1.032,-1,400.000,-1,400.000,850.000,325.000,325.000,300.000,300.000,-1,550.000,500.000,-1,775.000,775.000,-1,-1,2,0,2,0,1,0,0,0,0,2,0,0,2,1,0,2,2
105,2557.077,836.248,-254.940,49.804,0.643469,-0.763837,-0.050000,0.761058,0.645397,-0.065222,0.082089,0.003915,0.996617,0,0.89942,0.50989,53.965,1.020,-1,400.000,-1,400.000,825.000,325.000,325.000,300.000,300.000,-1,600.000,525.000,-1,775.000,800.000,-1,-1,2,0,2,0,1,0,0,0,0,2,0,0,2,1,0,2,2
106,2587.975,874.491,-250.954,51.064,0.626471,-0.777846,-0.049896,0.775110,0.628451,-0.065227,0.082093,0.002188,0.996622,0,0.81942,0.62989,49.165,1.260,-1,400.000,-1,400.000,825.000,325.000,325.000,300.000,300.000,-1,650.000,575.000,-1,750.000,800.000,-1,-1,2,0,2,0,1,0,0,0,0,2,0,0,2,1,0,2,2
107,2617.243,912.721,-246.981,52.564,0.605809,-0.794030,-0.050117,0.791344,0.607878,-0.065263,0.082286,-0.000123,0.996609,0,0.80245,0.74989,48.147,1.500,-1,400.000,-1,400.000,825.000,325.000,325.000,300.000,300.000,-1,675.000,625.000,-1,750.000,800.000,-1,-1,2,0,2,0,1,0,0,0,0,2,0,0,2,1,0,2,2
108,2645.402,951.786,-243.003,54.215,0.582571,-0.811218,-0.050361,0.808585,0.584738,-0.065356,0.082466,-0.002646,0.996590,0,0.80261,0.82581,48.156,1.652,-1,400.000,-1,400.000,825.000,325.000,325.000,300.000,300.000,-1,700.000,650.000,-1,750.000,800.000,-1,-1,2,0,2,0,1,0,0,0,0,2,0,0,2,1,0,2,2
109,2672.412,991.608,-239.057,55.852,0.559070,-0.827582,-0.050494,0.825000,0.561323,-0.065506,0.082555,-0.005035,0.996574,0,0.80196,0.81840,48.118,1.637,-1,400.000,-1,400.000,875.000,325.000,325.000,300.000,300.000,-1,725.000,675.000,-1,775.000,775.000,-1,-1,2,0,2,0,1,0,0,0,0,2,0,0,2,1,1,2,2
110,2698.242,1032.112,-235.142,57.474,0.535346,-0.843123,-0.050492,0.840590,0.537672,-0.065702,0.082543,-0.007270,0.996561,0,0.80064,0.81077,48.039,1.622,-1,400.000,-1,400.000,-1,325.000,325.000,300.000,300.000,-1,750.000,725.000,-1,775.000,750.000,-1,-1,2,0,2,0,2,0,0,0,0,2,0,0,2,1,1,2,2
111,2724.029,1075.444,-231.019,59.243,0.508991,-0.859310,-0.050135,0.856830,0.511368,-0.065918,0.082282,-0.009406,0.996565,0,0.84041,0.88489,50.424,1.770,-1,400.000,-1,400.000,-1,325.000,325.000,300.000,300.000,-1,800.000,750.000,-1,775.000,700.000,-1,-1,2,0,2,0,2,1,0,0,0,2,0,0,2,1,1,2,2
112,2748.655,1119.883,-226.914,61.006,0.482261,-0.874616,-0.049715,0.872185,0.484681,-0.066166,0.081966,-0.011451,0.996569,0,0.84677,0.88142,50.806,1.763,-1,400.000,-1,400.000,-1,325.000,325.000,300.000,300.000,-1,825.000,800.000,-1,775.000,675.000,-1,1000.000,2,0,2,0,2,1,0,0,0,2,0,0,2,1,1,2,1
113,2772.080,1165.387,-222.791,62.761,0.455219,-0.889028,-0.049040,0.886643,0.457662,-0.066405,0.081480,-0.013252,0.996587,0,0.85300,0.87738,51.180,1.755,-1,400.000,-1,400.000,-1,325.000,325.000,300.000,300.000,-1,875.000,850.000,-1,800.000,625.000,-1,875.000,2,0,2,1,2,1,1,0,0,2,0,0,2,0,1,2,1
114,2794.264,1211.911,-218.665,64.507,0.427914,-0.902535,-0.048170,0.900195,0.430360,-0.066626,0.080863,-0.014852,0.996615,0,0.85904,0.87273,51.543,1.745,-1,400.000,-1,375.000,-1,325.000,325.000,300.000,300.000,-1,925.000,875.000,-1,800.000,600.000,-1,775.000,2,0,2,1,2,1,1,0,0,2,0,0,2,0,1,2,1
115,2813.267,1254.617,-215.040,66.012,0.404038,-0.913507,-0.047509,0.911234,0.406490,-0.066471,0.080033,-0.016435,0.996657,0,0.77904,0.75273,46.743,1.505,-1,400.000,-1,375.000,950.000,325.000,300.000,300.000,300.000,-1,975.000,900.000,-1,800.000,575.000,-1,700.000,2,0,2,1,1,1,1,0,0,2,0,0,2,0,1,2,1
116,2829.467,1293.304,-211.879,67.278,0.383750,-0.922238,-0.047034,0.920043,0.386206,-0.066069,0.079097,-0.017919,0.996706,0,0.69904,0.63273,41.943,1.265,-1,400.000,-1,350.000,825.000,325.000,300.000,300.000,300.000,-1,-1,950.000,-1,800.000,550.000,-1,650.000,2,0,2,1,1,1,1,0,0,2,2,0,2,0,1,2,1
117,2843.199,1327.815,-209.105,68.303,0.367177,-0.928983,-0.046600,0.926851,0.369631,-0.065723,0.078280,-0.019059,0.996749,0,0.61904,0.51273,37.143,1.025,-1,400.000,-1,350.000,725.000,325.000,300.000,300.000,300.000,-1,-1,975.000,-1,825.000,525.000,-1,600.000,2,0,2,1,1,1,1,0,0,2,2,0,2,0,1,2,1
118,2854.742,1358.027,-206.711,69.088,0.354410,-0.933948,-0.046201,0.931864,0.356856,-0.065442,0.077606,-0.019860,0.996786,0,0.53904,0.39273,32.343,0.785,-1,400.000,-1,325.000,650.000,300.000,300.000,300.000,300.000,-1,-1,1000.000,-1,825.000,500.000,-1,550.000,2,0,2,1,1,1,1,0,0,2,2,0,2,0,1,2,1
119,2864.328,1383.848,-204.650,69.634,0.345507,-0.937291,-0.045934,0.935255,0.347944,-0.065063,0.076965,-0.020480,0.996823,0,0.45904,0.27273,27.543,0.545,-1,400.000,-1,325.000,575.000,300.000,275.000,300.000,300.000,-1,-1,-1,-1,825.000,500.000,-1,525.000,2,0,2,1,1,1,1,0,0,2,2,2,2,0,1,2,1
120,2872.128,1405.211,-202.931,69.939,0.340513,-0.939126,-0.045760,0.937130,0.342940,-0.064655,0.076412,-0.020868,0.996858,0,0.37904,0.15273,22.743,0.305,-1,400.000,-1,325.000,550.000,300.000,275.000,300.000,300.000,-1,-1,-1,-1,825.000,475.000,-1,500.000,2,0,2,1,1,1,1,0,0,2,2,2,2,0,1,2,1
121,2878.264,1422.072,-201.490,70.005,0.339419,-0.939509,-0.046008,0.937535,0.341863,-0.064472,0.076301,-0.021251,0.996858,0,0.29904,0.03273,17.943,0.065,-1,400.000,-1,325.000,525.000,300.000,275.000,300.000,300.000,-1,-1,-1,-1,825.000,475.000,-1,475.000,2,0,2,1,1,1,1,0,0,2,2,2,2,0,1,2,1
122,2882.795,1434.409,-200.235,69.830,0.342194,-0.938449,-0.047082,0.936478,0.344718,-0.064640,0.076892,-0.021972,0.996797,0,0.21904,-0.08727,13.143,-0.175,-1,400.000,-1,325.000,525.000,300.000,275.000,300.000,300.000,-1,-1,-1,-1,825.000,475.000,-1,475.000,2,0,2,1,1,1,1,0,0,2,2,2,2,0,1,2,1
123,2885.729,1442.219,-199.475,69.416,0.348950,-0.935933,-0.047582,0.933951,0.351500,-0.064679,0.077260,-0.021869,0.996771,0,0.13904,-0.20727,8.343,-0.415,-1,400.000,-1,325.000,525.000,300.000,275.000,300.000,300.000,-1,-1,-1,-1,825.000,475.000,-1,475.000,2,0,2,1,1,1,1,0,0,2,2,2,2,0,1,2,1
124,2890.490,1454.469,-198.268,68.761,0.359578,-0.931859,-0.048400,0.929861,0.362170,-0.064738,0.077855,-0.021727,0.996728,0,0.21904,-0.32727,13.143,-0.655,-1,400.000,-1,325.000,500.000,300.000,275.000,300.000,300.000,-1,-1,-1,-1,825.000,450.000,-1,475.000,2,0,2,1,1,1,1,0,0,2,2,2,2,1,1,2,1
125,2897.250,1471.089,-196.600,67.867,0.374020,-0.926094,-0.049579,0.924076,0.376675,-0.064812,0.078697,-0.021574,0.996665,0,0.29904,-0.44727,17.943,-0.895,-1,400.000,-1,300.000,500.000,300.000,275.000,300.000,325.000,-1,-1,-1,-1,800.000,450.000,-1,450.000,2,1,2,1,1,1,1,0,0,2,2,2,2,1,1,2,1
126,2906.234,1491.982,-194.452,66.732,0.392195,-0.918457,-0.051181,0.916413,0.394939,-0.064893,0.079815,-0.021452,0.996579,0,0.37904,-0.56727,22.743,-1.135,-1,400.000,-1,300.000,500.000,300.000,275.000,300.000,325.000,-1,-1,-1,-1,750.000,450.000,-1,450.000,2,1,2,1,1,1,1,0,0,2,2,2,2,1,1,2,1
127,2917.719,1517.017,-191.802,65.358,0.413992,-0.908720,-0.053285,0.906648,0.416857,-0.064964,0.081246,-0.021416,0.996464,0,0.45904,-0.68727,27.543,-1.375,-1,375.000,-1,300.000,500.000,275.000,275.000,300.000,325.000,-1,-1,-1,-1,725.000,425.000,-1,425.000,2,1,2,1,1,1,1,0,0,2,2,2,2,1,1,2,1
128,2932.027,1546.022,-188.626,63.743,0.439264,-0.896612,-0.055984,0.894512,0.442294,-0.064995,0.083037,-0.021528,0.996314,0,0.53904,-0.80727,32.343,-1.615,-1,350.000,-1,300.000,525.000,275.000,250.000,300.000,325.000,-1,-1,-1,-1,675.000,425.000,-1,425.000,2,1,2,1,1,1,1,0,0,2,2,2,2,1,1,2,1
129,2949.529,1578.783,-184.897,61.889,0.467828,-0.881822,-0.059387,0.879700,0.471075,-0.064938,0.085239,-0.021863,0.996121,0,0.61904,-0.92727,37.143,-1.855,-1,350.000,975.000,275.000,550.000,275.000,250.000,300.000,325.000,-1,-1,-1,-1,625.000,400.000,-1,400.000,2,1,1,1,1,1,1,0,0,2,2,2,2,1,1,2,1
130,2970.572,1615.066,-180.570,59.889,0.498009,-0.864829,-0.063705,0.862699,0.501554,-0.064760,0.087957,-0.022707,0.995865,0,0.69904,-1.00000,41.943,-2.000,-1,325.000,900.000,275.000,600.000,250.000,250.000,300.000,350.000,-1,-1,-1,-1,575.000,400.000,-1,400.000,2,1,1,1,1,1,1,0,0,2,2,2,2,1,1,2,1
131,2995.419,1654.658,-175.587,57.889,0.527446,-0.846762,-0.069246,0.844661,0.531408,-0.064448,0.091370,-0.024496,0.995516,0,0.77904,-1.00000,46.743,-2.000,-1,300.000,850.000,275.000,650.000,250.000,225.000,300.000,350.000,-1,-1,-1,-1,525.000,375.000,-1,375.000,2,1,1,1,1,1,1,0,0,2,2,2,2,1,1,2,1
132,3024.326,1697.334,-168.785,55.889,0.556161,-0.827734,-0.074440,0.825123,0.560659,-0.069528,0.099286,-0.022753,0.994799,0,0.85904,-1.00000,51.543,-2.000,-1,300.000,-1,275.000,800.000,250.000,225.000,300.000,375.000,-1,625.000,725.000,-1,500.000,375.000,-1,400.000,2,1,2,1,1,1,1,0,0,2,0,0,2,1,1,2,1
133,3057.533,1742.855,-160.367,53.891,0.584000,-0.807753,-0.080494,0.804110,0.589226,-0.078866,0.111134,-0.018669,0.993630,0,0.93904,-0.99897,56.343,-1.998,-1,300.000,-1,250.000,-1,225.000,225.000,325.000,375.000,-1,325.000,425.000,-1,500.000,375.000,-1,475.000,2,1,2,1,2,1,1,0,0,2,0,0,2,1,1,2,1
