timestep,x_cm,y_cm,z_cm,yaw_deg,basis_xx,basis_xy,basis_xz,basis_yx,basis_yy,basis_yz,basis_zx,basis_zy,basis_zz,teleport_flag,throttle_cmd,steering_cmd,cmd_move_cm,cmd_turn_deg,lidar_cm_0,lidar_cm_1,lidar_cm_2,lidar_cm_3,lidar_cm_4,lidar_cm_5,lidar_cm_6,lidar_cm_7,lidar_cm_8,lidar_cm_9,lidar_cm_10,lidar_cm_11,lidar_cm_12,lidar_cm_13,lidar_cm_14,lidar_cm_15,lidar_cm_16,lidar_class_0,lidar_class_1,lidar_class_2,lidar_class_3,lidar_class_4,lidar_class_5,lidar_class_6,lidar_class_7,lidar_class_8,lidar_class_9,lidar_class_10,lidar_class_11,lidar_class_12,lidar_class_13,lidar_class_14,lidar_class_15,lidar_class_16
0,-5571.382,2293.173,87.144,-33.011,0.838915,0.543402,-0.030601,-0.544170,0.836404,-0.065635,-0.010071,0.071714,0.997374,1,0.08000,0.06392,4.800,0.128,-1,400.000,-1,400.000,-1,325.000,325.000,300.000,275.000,-1,-1,-1,-1,825.000,825.000,-1,-1,2,0,2,0,2,0,0,0,0,2,2,2,2,0,0,2,2
1,-5563.320,2287.961,87.062,-32.885,0.840116,0.541559,-0.030311,-0.542310,0.837604,-0.065721,-0.010203,0.071651,0.997378,0,0.16000,0.06316,9.600,0.126,-1,400.000,-1,400.000,-1,325.000,325.000,300.000,275.000,-1,-1,-1,-1,825.000,825.000,-1,-1,2,0,2,0,2,0,0,0,0,2,2,2,2,0,0,2,2
2,-5551.211,2280.168,86.936,-32.762,0.841289,0.539759,-0.029887,-0.540484,0.838773,-0.065854,-0.010477,0.071555,0.997382,0,0.24000,0.06164,14.400,0.123,-1,400.000,-1,400.000,-1,325.000,325.000,300.000,275.000,-1,-1,-1,-1,825.000,825.000,-1,-1,2,0,2,0,2,0,0,0,0,2,2,2,2,0,0,2,2
3,-5535.044,2269.811,86.763,-32.643,0.842419,0.538024,-0.029335,-0.538713,0.839897,-0.066037,-0.010891,0.071434,0.997386,0,0.32000,0.05937,19.200,0.119,-1,400.000,-1,400.000,-1,325.000,325.000,300.000,275.000,-1,-1,-1,-1,825.000,825.000,-1,-1,2,0,2,0,2,0,0,0,0,2,2,2,2,0,0,2,2
4,-5514.809,2256.905,86.536,-32.530,0.843492,0.536377,-0.028663,-0.537020,0.840962,-0.066276,-0.011444,0.071296,0.997390,0,0.40000,0.05633,24.000,0.113,-1,400.000,-1,400.000,-1,325.000,325.000,300.000,275.000,-1,-1,-1,-1,825.000,800.000,-1,-1,2,0,2,0,2,0,0,0,0,2,2,2,2,0,0,2,2
5,-5490.500,2241.463,86.252,-32.425,0.844494,0.534839,-0.027887,-0.535428,0.841952,-0.066578,-0.012129,0.071157,0.997391,0,0.48000,0.05254,28.800,0.105,-1,400.000,-1,400.000,-1,325.000,325.000,300.000,275.000,-1,-1,-1,-1,825.000,800.000,-1,-1,2,0,2,0,2,0,0,0,0,2,2,2,2,0,0,2,2
6,-5462.108,2223.494,85.936,-32.329,0.845409,0.533427,-0.027196,-0.533966,0.842846,-0.067012,-0.012824,0.071174,0.997381,0,0.56000,0.04799,33.600,0.096,-1,400.000,-1,400.000,-1,325.000,325.000,300.000,300.000,-1,-1,-1,-1,825.000,800.000,-1,-1,2,0,2,0,2,0,0,0,0,2,2,2,2,0,0,2,2
7,-5429.630,2203.006,85.510,-32.244,0.846221,0.532175,-0.026446,-0.532660,0.843646,-0.067350,-0.013530,0.071080,0.997379,0,0.64000,0.04268,38.400,0.085,-1,400.000,-1,400.000,-1,325.000,325.000,300.000,300.000,-1,-1,-1,-1,825.000,800.000,-1,-1,2,0,2,0,2,0,0,0,0,2,2,2,2,0,0,2,2
8,-5393.063,2180.005,84.965,-32.171,0.846919,0.531103,-0.025644,-0.531530,0.844335,-0.067628,-0.014265,0.070906,0.997381,0,0.72000,0.03660,43.200,0.073,-1,400.000,-1,400.000,-1,325.000,325.000,300.000,300.000,-1,-1,-1,-1,825.000,800.000,-1,-1,2,0,2,0,2,0,0,0,0,2,2,2,2,0,0,2,2
9,-5355.312,2156.313,84.359,-32.111,0.847489,0.530231,-0.024841,-0.530599,0.844895,-0.067950,-0.015042,0.070768,0.997379,0,0.74282,0.02976,44.569,0.060,-1,400.000,-1,400.000,-1,325.000,325.000,300.000,300.000,-1,-1,-1,-1,825.000,800.000,-1,-1,2,0,2,0,2,0,0,0,0,2,2,2,2,0,0,2,2
10,-5317.257,2132.472,83.637,-32.066,0.847931,0.529575,-0.023735,-0.529863,0.845337,-0.068200,-0.016053,0.070405,0.997389,0,0.74843,0.02270,44.906,0.045,-1,400.000,-1,400.000,-1,325.000,325.000,300.000,300.000,-1,-1,-1,-1,825.000,800.000,-1,-1,2,0,2,0,2,0,0,0,0,2,2,2,2,0,0,2,2
11,-5278.901,2108.472,82.820,-32.035,0.848242,0.529133,-0.022432,-0.529328,0.845654,-0.068413,-0.017230,0.069904,0.997405,0,0.75410,0.01559,45.246,0.031,-1,400.000,-1,400.000,-1,325.000,325.000,300.000,300.000,-1,-1,-1,-1,800.000,800.000,-1,-1,2,0,2,0,2,0,0,0,0,2,2,2,2,0,0,2,2
12,-5240.247,2084.301,81.961,-32.018,0.848419,0.528900,-0.021206,-0.529006,0.845834,-0.068686,-0.018391,0.069493,0.997413,0,0.75982,0.00841,45.589,0.017,-1,400.000,-1,400.000,-1,325.000,325.000,300.000,300.000,-1,-1,-1,-1,800.000,775.000,-1,-1,2,0,2,0,2,0,0,0,0,2,2,2,2,0,0,2,2
13,-5201.578,2060.136,81.066,-32.001,0.848590,0.528670,-0.020068,-0.528690,0.846004,-0.069019,-0.019511,0.069179,0.997413,0,0.75998,0.00820,45.599,0.016,-1,400.000,-1,400.000,-1,325.000,325.000,300.000,300.000,-1,-1,-1,-1,800.000,775.000,-1,-1,2,0,2,0,2,0,0,0,0,2,2,2,2,0,0,2,2
14,-5162.902,2035.982,80.128,-31.985,0.848761,0.528434,-0.019049,-0.528377,0.846167,-0.069422,-0.020566,0.068988,0.997405,0,0.75998,0.00820,45.599,0.016,-1,400.000,-1,400.000,-1,325.000,325.000,300.000,300.000,-1,-1,-1,-1,800.000,775.000,-1,-1,2,0,2,0,2,0,0,0,0,2,2,2,2,0,0,2,2
15,-5124.218,2011.839,79.150,-31.969,0.848928,0.528195,-0.018184,-0.528070,0.846323,-0.069858,-0.021509,0.068907,0.997391,0,0.75998,0.00820,45.599,0.016,-1,400.000,-1,400.000,-1,325.000,325.000,300.000,300.000,-1,-1,-1,-1,775.000,775.000,-1,-1,2,0,2,0,2,0,0,0,0,2,2,2,2,0,0,2,2
16,-5085.528,1987.707,78.162,-31.952,0.849094,0.527955,-0.017393,-0.527768,0.846478,-0.070253,-0.022367,0.068831,0.997378,0,0.75998,0.00820,45.599,0.016,-1,400.000,-1,400.000,-1,325.000,325.000,300.000,300.000,-1,-1,-1,-1,775.000,775.000,-1,-1,2,0,2,0,2,0,0,0,0,2,2,2,2,0,0,2,2
17,-5045.767,1963.155,77.156,-31.696,0.851455,0.524163,-0.016652,-0.523929,0.848834,-0.070562,-0.022852,0.068805,0.997368,0,0.77884,0.12820,46.731,0.256,-1,400.000,-1,400.000,-1,325.000,325.000,300.000,300.000,-1,-1,-1,-1,775.000,750.000,-1,-1,2,0,2,0,2,0,0,0,0,2,2,2,2,0,0,2,2
18,-5005.787,1938.943,76.183,-31.199,0.855963,0.516790,-0.015993,-0.516530,0.853344,-0.070712,-0.022896,0.068788,0.997369,0,0.77901,0.24820,46.740,0.496,-1,400.000,-1,400.000,-1,325.000,325.000,300.000,300.000,-1,-1,-1,-1,775.000,750.000,-1,-1,2,0,2,0,2,0,0,0,0,2,2,2,2,0,0,2,2
19,-4965.493,1915.243,75.232,-30.463,0.862527,0.505777,-0.015409,-0.505508,0.859911,-0.070814,-0.022565,0.068868,0.997371,0,0.77913,0.36820,46.748,0.736,-1,400.000,-1,400.000,-1,325.000,325.000,300.000,300.000,-1,-1,-1,-1,775.000,750.000,-1,-1,2,0,2,0,2,0,0,0,0,2,2,2,2,0,0,2,2
20,-4924.794,1892.230,74.341,-29.486,0.871010,0.491040,-0.014885,-0.490775,0.868388,-0.071003,-0.021939,0.069150,0.997365,0,0.77924,0.48820,46.755,0.976,-1,400.000,-1,400.000,-1,325.000,325.000,300.000,300.000,-1,-1,-1,-1,775.000,750.000,-1,-1,2,0,2,0,2,0,0,0,0,2,2,2,2,0,0,2,2
21,-4883.611,1870.083,73.528,-28.270,0.881224,0.472478,-0.014414,-0.472230,0.878586,-0.071308,-0.021027,0.069645,0.997350,0,0.77936,0.60820,46.761,1.216,-1,400.000,-1,400.000,-1,325.000,325.000,300.000,300.000,-1,-1,-1,-1,750.000,750.000,-1,-1,2,0,2,0,2,0,0,0,0,2,2,2,2,0,0,2,2
22,-4841.871,1848.987,72.770,-26.814,0.892930,0.449978,-0.014027,-0.449764,0.890276,-0.071555,-0.019710,0.070203,0.997338,0,0.77948,0.72820,46.769,1.456,-1,400.000,-1,400.000,-1,325.000,325.000,300.000,300.000,-1,-1,-1,-1,750.000,725.000,-1,-1,2,0,2,0,2,0,0,0,0,2,2,2,2,0,0,2,2
23,-4799.516,1829.132,72.080,-25.117,0.905836,0.423407,-0.013728,-0.423247,0.903168,-0.071757,-0.017983,0.070810,0.997328,0,0.77964,0.84820,46.779,1.696,-1,400.000,-1,400.000,-1,325.000,325.000,300.000,300.000,-1,-1,-1,-1,750.000,725.000,-1,-1,2,0,2,0,2,0,0,0,0,2,2,2,2,0,0,2,2
24,-4756.503,1810.715,71.472,-23.181,0.919598,0.392629,-0.013520,-0.392542,0.916917,-0.071928,-0.015844,0.071452,0.997318,0,0.77985,0.96820,46.791,1.936,-1,400.000,-1,400.000,-1,325.000,325.000,300.000,300.000,-1,-1,-1,-1,750.000,725.000,-1,-1,2,0,2,0,2,0,0,0,0,2,2,2,2,0,0,2,2
25,-4712.859,1793.804,70.934,-21.181,0.932711,0.360375,-0.013429,-0.360374,0.930024,-0.072016,-0.013463,0.072010,0.997313,0,0.78012,1.00000,46.807,2.000,-1,400.000,-1,375.000,-1,325.000,325.000,300.000,300.000,-1,-1,-1,-1,750.000,725.000,-1,-1,2,0,2,0,2,0,0,0,0,2,2,2,2,0,0,2,2
26,-4668.334,1778.316,70.412,-19.181,0.944687,0.327692,-0.013549,-0.327796,0.942017,-0.071787,-0.010761,0.072257,0.997328,0,0.78571,1.00000,47.143,2.000,-1,400.000,-1,375.000,-1,325.000,325.000,300.000,300.000,-1,-1,-1,-1,775.000,725.000,-1,-1,2,0,2,0,2,0,0,0,0,2,2,2,2,0,0,2,2
27,-4623.160,1764.350,69.990,-17.181,0.955519,0.294615,-0.013604,-0.294817,0.952873,-0.071527,-0.008111,0.072356,0.997346,0,0.78809,1.00000,47.285,2.000,-1,400.000,-1,375.000,-1,325.000,325.000,300.000,300.000,-1,-1,-1,-1,775.000,725.000,-1,-1,2,0,2,0,2,0,0,0,0,2,2,2,2,0,0,2,2
28,-4577.379,1751.928,69.675,-15.181,0.965193,0.261180,-0.013674,-0.261481,0.962572,-0.071290,-0.005457,0.072384,0.997362,0,0.79062,1.00000,47.437,2.000,-1,400.000,-1,375.000,-1,325.000,325.000,300.000,300.000,-1,-1,-1,-1,775.000,700.000,-1,-1,2,0,2,0,2,0,0,0,0,2,2,2,2,0,0,2,2
29,-4531.035,1741.075,69.486,-13.181,0.973698,0.227429,-0.013718,-0.227824,0.971107,-0.071044,-0.002836,0.072301,0.997379,0,0.79331,1.00000,47.599,2.000,-1,400.000,-1,375.000,-1,325.000,325.000,300.000,300.000,-1,-1,-1,-1,775.000,700.000,-1,-1,2,0,2,0,2,0,0,0,0,2,2,2,2,0,0,2,2
30,-4484.173,1731.812,69.534,-11.181,0.981022,0.193407,-0.013781,-0.193898,0.978495,-0.070368,-0.000125,0.071705,0.997426,0,0.79616,1.00000,47.770,2.000,-1,400.000,-1,375.000,-1,325.000,325.000,300.000,300.000,-1,-1,-1,-1,775.000,700.000,-1,-1,2,0,2,0,2,0,0,0,0,2,2,2,2,0,0,2,2
31,-4436.839,1724.162,69.711,-9.181,0.987157,0.159149,-0.013886,-0.159732,0.984699,-0.069661,0.002587,0.070985,0.997474,0,0.79916,1.00000,47.950,2.000,-1,400.000,-1,375.000,-1,325.000,325.000,300.000,300.000,-1,-1,-1,-1,775.000,700.000,-1,-1,2,0,2,0,2,0,0,0,0,2,2,2,2,0,0,2,2
32,-4389.078,1718.144,70.006,-7.181,0.992096,0.124693,-0.014005,-0.125367,0.989710,-0.068975,0.005260,0.070185,0.997520,0,0.80232,1.00000,48.139,2.000,-1,400.000,-1,375.000,-1,325.000,325.000,300.000,300.000,-1,-1,-1,-1,775.000,725.000,-1,-1,2,0,2,0,2,0,0,0,0,2,2,2,2,0,0,2,2
33,-4340.938,1713.779,70.414,-5.181,0.995834,0.090083,-0.014128,-0.090842,0.993519,-0.068315,0.007882,0.069314,0.997564,0,0.80564,1.00000,48.339,2.000,-1,400.000,-1,375.000,-1,325.000,325.000,300.000,300.000,-1,-1,-1,-1,775.000,725.000,-1,-1,2,0,2,0,2,0,0,0,0,2,2,2,2,0,0,2,2
34,-4292.467,1711.085,70.935,-3.181,0.998365,0.055358,-0.014246,-0.056199,0.996123,-0.067687,0.010444,0.068377,0.997605,0,0.80912,1.00000,48.547,2.000,-1,400.000,-1,375.000,-1,325.000,325.000,300.000,300.000,-1,-1,-1,-1,800.000,725.000,-1,-1,2,0,2,0,2,0,0,0,0,2,2,2,2,0,0,2,2
35,-4243.714,1710.080,71.563,-1.181,0.999686,0.020561,-0.014349,-0.021480,0.997515,-0.067095,0.012934,0.067382,0.997643,0,0.81275,1.00000,48.765,2.000,-1,400.000,-1,375.000,-1,325.000,325.000,300.000,300.000,-1,-1,-1,-1,800.000,725.000,-1,-1,2,0,2,0,2,0,0,0,0,2,2,2,2,0,0,2,2
36,-4194.727,1710.780,72.298,0.819,0.999794,-0.014265,-0.014427,0.013275,0.997695,-0.066542,0.015343,0.066337,0.997679,0,0.81654,1.00000,48.992,2.000,1000.000,400.000,-1,375.000,-1,325.000,325.000,300.000,300.000,-1,-1,-1,-1,800.000,725.000,-1,-1,1,0,2,0,2,0,0,0,0,2,2,2,2,0,0,2,2
37,-4145.559,1713.200,73.135,2.819,0.998690,-0.049079,-0.014467,0.048023,0.996661,-0.066030,0.017659,0.065248,0.997713,0,0.82048,1.00000,49.229,2.000,950.000,400.000,-1,400.000,-1,325.000,325.000,300.000,300.000,-1,-1,-1,-1,800.000,725.000,-1,-1,1,0,2,0,2,0,0,0,0,2,2,2,2,0,0,2,2
38,-4096.261,1717.356,74.071,4.819,0.996374,-0.083838,-0.014460,0.082722,0.994414,-0.065558,0.019875,0.064124,0.997744,0,0.82457,1.00000,49.474,2.000,875.000,400.000,-1,400.000,-1,325.000,325.000,300.000,300.000,-1,-1,-1,-1,800.000,725.000,-1,-1,1,0,2,0,2,0,0,0,0,2,2,2,2,0,0,2,2
39,-4046.884,1723.260,75.104,6.819,0.992850,-0.118500,-0.014393,0.117330,0.990955,-0.065126,0.021980,0.062971,0.997773,0,0.82882,1.00000,49.729,2.000,825.000,400.000,-1,400.000,-1,325.000,325.000,300.000,300.000,-1,-1,-1,-1,800.000,750.000,-1,-1,1,0,2,0,2,0,0,0,0,2,2,2,2,0,0,2,2
40,-3997.483,1730.924,76.230,8.819,0.988120,-0.153023,-0.014255,0.151806,0.986288,-0.064731,0.023965,0.061798,0.997801,0,0.83321,1.00000,49.993,2.000,775.000,400.000,-1,400.000,-1,325.000,325.000,300.000,300.000,-1,-1,-1,-1,800.000,750.000,-1,975.000,1,0,2,0,2,0,0,0,0,2,2,2,2,0,1,2,1
41,-3943.623,1740.983,77.621,10.579,0.982967,-0.183258,-0.013852,0.182028,0.981207,-0.064022,0.025325,0.060410,0.997852,0,0.91321,0.88000,54.793,1.760,725.000,400.000,-1,400.000,-1,325.000,325.000,300.000,300.000,-1,-1,-1,-1,825.000,725.000,925.000,900.000,1,0,2,0,2,0,0,0,0,2,2,2,2,1,1,1,1
42,-3885.946,1753.345,79.199,12.099,0.977774,-0.209239,-0.013330,0.208015,0.976082,-0.063194,0.026234,0.059017,0.997912,0,0.98313,0.76000,58.988,1.520,675.000,400.000,-1,400.000,975.000,325.000,325.000,300.000,300.000,-1,-1,-1,-1,800.000,675.000,850.000,825.000,1,0,2,0,1,0,0,0,0,2,2,2,2,1,1,1,1
43,-3828.306,1767.152,80.802,13.472,0.972492,-0.232579,-0.012873,0.231367,0.970871,-0.062279,0.026983,0.057587,0.997976,0,0.98785,0.68630,59.271,1.373,625.000,400.000,-1,400.000,850.000,325.000,325.000,300.000,300.000,-1,-1,-1,-1,750.000,650.000,775.000,750.000,1,0,2,0,1,0,0,0,0,2,2,2,2,1,1,1,1
44,-3770.752,1782.415,82.453,14.853,0.966615,-0.255935,-0.012359,0.254738,0.965059,-0.061388,0.027639,0.056190,0.998037,0,0.99239,0.69064,59.544,1.381,575.000,400.000,-1,400.000,750.000,325.000,325.000,300.000,300.000,-1,-1,-1,-1,725.000,600.000,700.000,675.000,1,0,2,0,1,0,0,0,0,2,2,2,2,1,1,1,1
45,-3713.327,1799.144,84.188,16.243,0.960131,-0.279296,-0.011946,0.278113,0.958646,-0.060419,0.028327,0.054688,0.998102,0,0.99689,0.69509,59.814,1.390,525.000,400.000,-1,400.000,675.000,325.000,325.000,300.000,300.000,-1,-1,-1,-1,675.000,575.000,625.000,625.000,1,0,2,0,1,0,0,0,0,2,2,2,2,1,1,1,1
46,-3656.149,1817.328,85.998,17.643,0.953031,-0.302650,-0.011627,0.301478,0.951622,-0.059395,0.029040,0.053100,0.998167,0,1.00000,0.69967,60.000,1.399,475.000,400.000,-1,400.000,600.000,325.000,325.000,300.000,300.000,-1,-1,-1,-1,625.000,550.000,575.000,575.000,1,0,2,1,1,0,0,0,0,2,2,2,2,1,1,1,1
47,-3599.435,1836.912,87.842,19.051,0.945309,-0.325981,-0.011290,0.324822,0.943970,-0.058403,0.029696,0.051542,0.998229,0,1.00000,0.70440,60.000,1.409,425.000,400.000,-1,375.000,525.000,325.000,325.000,300.000,300.000,-1,-1,-1,-1,600.000,525.000,500.000,525.000,1,0,2,1,1,0,0,0,0,2,2,2,2,1,1,1,1
48,-3543.224,1857.894,89.716,20.470,0.936956,-0.349277,-0.010935,0.348133,0.935683,-0.057448,0.030297,0.050019,0.998289,0,1.00000,0.70928,60.000,1.419,375.000,400.000,-1,350.000,450.000,325.000,325.000,300.000,300.000,-1,-1,-1,-1,550.000,500.000,450.000,475.000,1,0,2,1,1,0,1,0,0,2,2,2,2,1,1,1,1
49,-3487.553,1880.270,91.615,21.899,0.927962,-0.372525,-0.010561,0.371396,0.926752,-0.056532,0.030847,0.048537,0.998345,0,1.00000,0.71433,60.000,1.429,325.000,400.000,-1,350.000,400.000,325.000,300.000,300.000,300.000,-1,-1,-1,-1,525.000,500.000,375.000,425.000,1,1,2,1,1,1,1,0,0,2,2,2,2,1,1,1,1
50,-3432.462,1904.038,93.535,23.338,0.918319,-0.395711,-0.010165,0.394598,0.917167,-0.055658,0.031348,0.047101,0.998398,0,1.00000,0.71959,60.000,1.439,275.000,375.000,-1,325.000,350.000,325.000,300.000,300.000,300.000,-1,-1,-1,-1,475.000,500.000,325.000,400.000,1,1,2,1,1,1,1,0,0,2,2,2,2,1,1,1,1
51,-3377.991,1929.196,96.433,24.788,0.908039,-0.418743,-0.010967,0.417423,0.906743,-0.059783,0.034978,0.049708,0.998151,0,1.00000,0.72510,60.000,1.450,250.000,350.000,-1,325.000,300.000,325.000,300.000,300.000,300.000,-1,-1,-1,-1,450.000,500.000,275.000,350.000,1,1,2,1,1,1,1,1,0,2,2,2,2,1,1,1,1
52,-3324.180,1955.737,102.126,26.250,0.896973,-0.441670,-0.019155,0.439555,0.895630,-0.068098,0.047233,0.052662,0.997495,0,1.00000,0.73089,60.000,1.462,250.000,325.000,-1,350.000,300.000,350.000,325.000,300.000,300.000,-1,-1,-1,-1,450.000,575.000,275.000,400.000,1,1,2,1,1,1,1,1,0,2,2,2,2,1,1,1,1
53,-3271.068,1983.653,109.359,27.724,0.884980,-0.464536,-0.031884,0.461195,0.883922,-0.077336,0.064108,0.053736,0.996495,0,1.00000,0.73700,60.000,1.474,225.000,325.000,-1,375.000,350.000,350.000,375.000,300.000,300.000,-1,475.000,450.000,-1,450.000,700.000,250.000,575.000,1,1,2,1,1,1,1,1,0,2,0,0,2,1,1,1,1
54,-3218.699,2012.942,116.517,29.211,0.872301,-0.487173,-0.041882,0.482261,0.871311,-0.090786,0.080721,0.058995,0.994989,0,1.00000,0.74350,60.000,1.487,225.000,325.000,-1,450.000,400.000,350.000,425.000,300.000,300.000,-1,300.000,250.000,-1,450.000,750.000,250.000,825.000,1,1,2,1,1,1,1,1,1,2,0,0,2,1,1,1,1
55,-3167.118,2043.597,123.637,30.712,0.859075,-0.509524,-0.048741,0.502603,0.857741,-0.108031,0.096851,0.068310,0.992952,0,1.00000,0.75044,60.000,1.501,200.000,325.000,-1,525.000,475.000,325.000,425.000,300.000,275.000,-1,225.000,175.000,-1,425.000,800.000,225.000,900.000,1,1,2,1,1,1,1,1,1,2,0,0,2,1,1,1,1
56,-3116.370,2075.612,130.650,32.227,0.845462,-0.531485,-0.052135,0.522032,0.843092,-0.129145,0.112593,0.081971,0.990254,0,1.00000,0.75788,60.000,1.516,200.000,325.000,-1,600.000,600.000,325.000,425.000,325.000,225.000,-1,200.000,125.000,750.000,425.000,775.000,250.000,950.000,1,1,2,1,1,1,1,1,1,2,0,0,0,1,1,1,1
57,-3066.501,2108.980,137.403,33.759,0.831616,-0.552945,-0.051639,0.540534,0.827256,-0.153201,0.127431,0.099492,0.986845,0,1.00000,0.76590,60.000,1.532,200.000,325.000,-1,550.000,650.000,325.000,400.000,325.000,200.000,-1,175.000,100.000,575.000,425.000,750.000,250.000,975.000,1,1,2,1,1,1,1,1,1,2,0,0,0,1,1,1,1
58,-3017.556,2143.687,142.981,35.308,0.817527,-0.573990,-0.046736,0.558981,0.810427,-0.175350,0.138525,0.117229,0.983396,0,1.00000,0.77457,60.000,1.549,200.000,300.000,-1,500.000,650.000,300.000,375.000,350.000,175.000,-1,175.000,75.000,450.000,425.000,725.000,225.000,975.000,1,1,2,1,1,1,1,1,1,2,0,0,0,1,1,1,1
59,-2969.587,2179.728,148.083,36.876,0.803338,-0.594334,-0.037614,0.576821,0.792261,-0.198995,0.148069,0.138164,0.979278,0,1.00000,0.78400,60.000,1.568,175.000,300.000,-1,475.000,625.000,275.000,350.000,350.000,175.000,-1,175.000,50.000,375.000,400.000,700.000,225.000,-1,1,1,2,1,1,1,1,1,1,2,0,0,0,1,1,1,2
60,-2922.646,2217.096,152.698,38.465,0.789110,-0.613780,-0.024076,0.594108,0.772601,-0.223882,0.156015,0.162364,0.974319,0,1.00000,0.79426,60.000,1.589,175.000,275.000,-1,425.000,600.000,250.000,325.000,375.000,150.000,-1,175.000,50.000,300.000,375.000,650.000,200.000,-1,1,1,2,1,1,1,1,1,1,2,0,0,0,1,1,1,2
61,-9510.155,-5576.284,242.021,-134.427,-0.667338,0.638651,-0.383125,-0.740122,-0.625995,0.245663,-0.082941,0.447499,0.890430,1,0.00000,0.00000,60.000,1.611,-1,700.000,-1,175.000,0.000,350.000,200.000,-1,225.000,125.000,0.000,100.000,-1,-1,250.000,-1,0.000,2,0,2,0,0,0,0,2,1,1,1,1,2,2,0,2,0
62,-2951.643,-3607.610,-37.461,-9.642,0.965494,0.167386,-0.199508,-0.171131,0.985247,-0.001552,0.196305,0.035641,0.979895,1,0.00000,0.00000,4.800,-0.240,-1,275.000,-1,225.000,275.000,200.000,200.000,550.000,475.000,525.000,0.000,0.000,-1,-1,325.000,-1,250.000,2,1,2,1,1,1,1,0,1,0,0,0,2,2,1,2,1
63,2299.467,-331.019,104.074,-39.816,0.768302,0.638921,-0.038642,-0.640070,0.766426,-0.053869,-0.004802,0.066121,0.997800,1,0.08000,-0.12000,4.800,-0.240,-1,425.000,-1,400.000,-1,325.000,325.000,325.000,300.000,-1,-1,-1,-1,950.000,825.000,-1,-1,2,0,2,0,2,0,0,0,0,2,2,2,2,0,0,2,2
64,2306.791,-337.226,104.061,-40.277,0.763169,0.645074,-0.038118,-0.646171,0.761257,-0.054324,-0.006026,0.066089,0.997796,0,0.16000,-0.23071,9.600,-0.461,-1,425.000,-1,400.000,-1,325.000,325.000,325.000,300.000,-1,-1,-1,-1,950.000,825.000,-1,-1,2,0,2,0,2,0,0,0,0,2,2,2,2,0,0,2,2
65,2317.702,-346.623,104.023,-40.736,0.758032,0.651147,-0.037343,-0.652173,0.756072,-0.055007,-0.007584,0.066051,0.997787,0,0.24000,-0.22927,14.400,-0.459,-1,425.000,-1,400.000,-1,325.000,325.000,325.000,300.000,-1,-1,-1,-1,925.000,825.000,-1,-1,2,0,2,0,2,0,0,0,0,2,2,2,2,0,0,2,2
66,2332.151,-359.268,103.942,-41.190,0.752907,0.657120,-0.036394,-0.658059,0.750886,-0.055934,-0.009427,0.066063,0.997771,0,0.32000,-0.22712,19.200,-0.454,-1,425.000,-1,400.000,-1,325.000,325.000,325.000,300.000,-1,-1,-1,-1,925.000,825.000,-1,-1,2,0,2,0,2,0,0,0,0,2,2,2,2,0,0,2,2
67,2350.087,-375.215,103.802,-41.639,0.747809,0.662973,-0.035329,-0.663814,0.745714,-0.057116,-0.011521,0.066164,0.997742,0,0.40000,-0.22425,24.000,-0.448,-1,425.000,-1,400.000,-1,325.000,325.000,325.000,300.000,-1,-1,-1,-1,925.000,800.000,-1,-1,2,0,2,0,2,0,0,0,0,2,2,2,2,0,0,2,2
68,2371.462,-394.516,103.398,-42.080,0.742727,0.668729,-0.034036,-0.669464,0.740620,-0.057440,-0.013204,0.065448,0.997769,0,0.48000,-0.22067,28.800,-0.441,-1,425.000,-1,400.000,-1,325.000,325.000,325.000,300.000,-1,-1,-1,-1,900.000,800.000,-1,-1,2,0,2,0,2,0,0,0,0,2,2,2,2,0,0,2,2
69,2396.229,-417.222,102.840,-42.513,0.737694,0.674350,-0.032547,-0.674972,0.735599,-0.057498,-0.014832,0.064385,0.997815,0,0.56000,-0.21637,33.600,-0.433,-1,425.000,-1,400.000,-1,325.000,325.000,325.000,300.000,-1,-1,-1,-1,900.000,800.000,-1,-1,2,0,2,0,2,0,0,0,0,2,2,2,2,0,0,2,2
70,2424.342,-443.381,102.183,-42.935,0.732737,0.679810,-0.030893,-0.680309,0.730658,-0.057604,-0.016587,0.063226,0.997861,0,0.64000,-0.21137,38.400,-0.423,-1,425.000,-1,400.000,-1,325.000,325.000,325.000,300.000,-1,-1,-1,-1,900.000,800.000,-1,-1,2,0,2,0,2,0,0,0,0,2,2,2,2,0,0,2,2
71,2455.751,-473.041,101.423,-43.358,0.727744,0.685231,-0.029091,-0.685600,0.725684,-0.057755,-0.018464,0.061976,0.997907,0,0.72000,-0.21118,43.200,-0.422,-1,425.000,-1,400.000,-1,325.000,325.000,325.000,300.000,-1,-1,-1,-1,875.000,800.000,-1,-1,2,0,2,0,2,0,0,0,0,2,2,2,2,0,0,2,2
72,2490.370,-506.291,100.550,-43.844,0.721942,0.691420,-0.027157,-0.691650,0.719906,-0.057937,-0.020508,0.060611,0.997951,0,0.80000,-0.24302,48.000,-0.486,-1,425.000,-1,400.000,-1,325.000,325.000,325.000,300.000,-1,-1,-1,-1,875.000,775.000,-1,-1,2,0,2,0,2,0,0,0,0,2,2,2,2,0,0,2,2
73,2528.137,-543.190,99.558,-44.333,0.716047,0.697600,-0.025117,-0.697685,0.714040,-0.058166,-0.022643,0.059173,0.997991,0,0.88000,-0.24452,52.800,-0.489,-1,425.000,-1,400.000,-1,325.000,325.000,300.000,300.000,-1,-1,-1,-1,850.000,775.000,-1,-1,2,0,2,0,2,0,0,0,0,2,2,2,2,0,0,2,2
74,2568.951,-583.759,98.216,-44.825,0.710055,0.703808,-0.021824,-0.703681,0.708119,-0.058314,-0.025588,0.056763,0.998060,0,0.95911,-0.24615,57.547,-0.492,-1,400.000,-1,400.000,-1,325.000,325.000,300.000,300.000,-1,-1,-1,-1,850.000,775.000,-1,-1,2,0,2,0,2,0,0,0,0,2,2,2,2,0,0,2,2
75,2609.714,-624.984,96.801,-45.321,0.703955,0.710001,-0.018606,-0.709671,0.702092,-0.058610,-0.028550,0.054463,0.998108,0,0.96625,-0.24792,57.975,-0.496,-1,400.000,-1,400.000,-1,325.000,325.000,300.000,300.000,-1,-1,-1,-1,825.000,775.000,-1,-1,2,0,2,0,2,0,0,0,0,2,2,2,2,0,0,2,2
76,2650.417,-666.872,95.355,-45.820,0.697745,0.716178,-0.015531,-0.715658,0.695960,-0.058933,-0.031397,0.052235,0.998141,0,0.97344,-0.24967,58.406,-0.499,-1,400.000,-1,400.000,-1,325.000,325.000,300.000,300.000,-1,-1,-1,-1,800.000,750.000,-1,-1,2,0,2,0,2,0,0,0,0,2,2,2,2,0,0,2,2
77,2691.052,-709.430,93.876,-46.323,0.691425,0.722338,-0.012603,-0.721641,0.689724,-0.059281,-0.034128,0.050083,0.998162,0,0.98070,-0.25142,58.842,-0.503,-1,400.000,-1,375.000,-1,325.000,325.000,300.000,300.000,-1,-1,-1,-1,775.000,750.000,-1,-1,2,0,2,0,2,0,0,0,0,2,2,2,2,0,1,2,2
78,2731.610,-752.665,91.921,-46.829,0.685022,0.728427,-0.011781,-0.727660,0.683335,-0.059696,-0.035434,0.049465,0.998147,0,0.98801,-0.25316,59.281,-0.506,-1,400.000,-1,375.000,-1,325.000,325.000,325.000,300.000,-1,-1,-1,-1,775.000,725.000,-1,-1,2,0,2,0,2,0,0,0,0,2,2,2,2,0,1,2,2
79,2772.081,-796.585,89.804,-47.339,0.678504,0.734513,-0.011089,-0.733704,0.676858,-0.059515,-0.036209,0.048517,0.998166,0,0.99539,-0.25491,59.723,-0.510,-1,400.000,-1,375.000,-1,325.000,325.000,325.000,300.000,-1,-1,-1,-1,775.000,700.000,-1,1000.000,2,0,2,0,2,0,0,0,0,2,2,2,2,0,1,2,1
80,2809.110,-837.150,87.873,-47.609,0.675027,0.737719,-0.010494,-0.736880,0.673415,-0.059331,-0.036702,0.047783,0.998183,0,0.91539,-0.13491,54.923,-0.270,-1,400.000,-1,375.000,-1,325.000,325.000,325.000,325.000,-1,-1,-1,-1,750.000,675.000,-1,925.000,2,0,2,0,2,0,0,0,0,2,2,2,2,0,1,2,1
81,2844.024,-875.438,86.074,-47.639,0.674630,0.738089,-0.009959,-0.737231,0.673049,-0.059122,-0.036934,0.047228,0.998201,0,0.86362,-0.01491,51.817,-0.030,-1,400.000,-1,375.000,-1,325.000,325.000,325.000,325.000,-1,-1,-1,-1,750.000,650.000,-1,875.000,2,0,2,0,2,0,0,0,0,2,2,2,2,0,1,2,1
82,2879.334,-913.877,84.295,-47.429,0.677318,0.735630,-0.009435,-0.734763,0.675765,-0.058863,-0.036926,0.046802,0.998221,0,0.86991,0.10509,52.195,0.210,-1,400.000,-1,375.000,-1,325.000,325.000,325.000,325.000,-1,-1,-1,-1,750.000,625.000,-1,825.000,2,0,2,0,2,0,0,0,0,2,2,2,2,0,1,2,1
83,2915.198,-952.307,82.533,-46.979,0.683063,0.730304,-0.008975,-0.729435,0.681530,-0.058656,-0.036720,0.046612,0.998238,0,0.87609,0.22509,52.566,0.450,-1,400.000,-1,375.000,950.000,325.000,325.000,325.000,325.000,-1,-1,-1,-1,750.000,600.000,-1,775.000,2,0,2,0,1,0,0,0,0,2,2,2,2,0,1,2,1
84,2951.772,-990.564,80.695,-46.288,0.691811,0.722027,-0.008635,-0.721150,0.690264,-0.058981,-0.036625,0.047031,0.998222,0,0.88212,0.34509,52.927,0.690,-1,400.000,-1,375.000,825.000,325.000,325.000,325.000,325.000,-1,-1,-1,-1,725.000,575.000,-1,700.000,2,0,2,0,1,0,0,0,0,2,2,2,2,0,1,2,1
85,2989.207,-1028.470,78.893,-45.358,0.703433,0.710714,-0.008270,-0.709841,0.701882,-0.059061,-0.036171,0.047416,0.998220,0,0.88792,0.46509,53.275,0.930,-1,400.000,-1,375.000,725.000,325.000,325.000,325.000,325.000,-1,-1,-1,-1,725.000,550.000,-1,650.000,2,0,2,0,1,0,0,0,0,2,2,2,2,0,1,2,1
86,3027.643,-1065.831,76.998,-44.188,0.717771,0.696234,-0.007923,-0.695403,0.716252,-0.058286,-0.034906,0.047346,0.998268,0,0.89338,0.58509,53.603,1.170,-1,400.000,-1,375.000,650.000,325.000,325.000,325.000,325.000,-1,-1,-1,-1,725.000,525.000,-1,575.000,2,0,2,1,1,0,0,0,0,2,2,2,2,0,1,2,1
87,3067.134,-1102.519,75.194,-42.893,0.733298,0.679865,-0.007627,-0.679084,0.731810,-0.057436,-0.033467,0.047297,0.998320,0,0.89839,0.64771,53.903,1.295,-1,375.000,1000.000,375.000,575.000,325.000,325.000,325.000,325.000,-1,-1,-1,-1,725.000,500.000,-1,525.000,2,0,1,1,1,0,0,0,0,2,2,2,2,0,1,2,1
88,3107.638,-1138.494,73.492,-41.611,0.748291,0.663330,-0.007357,-0.662599,0.746840,-0.056492,-0.031978,0.047147,0.998376,0,0.90289,0.64087,54.173,1.282,-1,375.000,975.000,350.000,500.000,325.000,300.000,325.000,300.000,-1,-1,-1,-1,725.000,475.000,-1,475.000,2,0,1,1,1,0,0,0,0,2,2,2,2,0,1,2,1
89,3149.109,-1173.718,71.892,-40.344,0.762740,0.646666,-0.007117,-0.645988,0.761330,-0.055457,-0.030444,0.046897,0.998436,0,0.90687,0.63333,54.412,1.267,-1,375.000,950.000,325.000,450.000,325.000,300.000,325.000,300.000,-1,-1,-1,-1,725.000,450.000,-1,425.000,2,0,1,1,1,0,0,0,0,2,2,2,2,0,1,2,1
90,3191.495,-1208.158,70.400,-39.094,0.776635,0.629912,-0.006932,-0.629289,0.775269,-0.054343,-0.028857,0.046567,0.998498,0,0.91024,0.62504,54.614,1.250,-1,375.000,925.000,325.000,375.000,325.000,300.000,325.000,300.000,-1,-1,-1,-1,725.000,425.000,-1,375.000,2,0,1,1,1,0,1,0,0,2,2,2,2,0,1,2,1
91,3234.738,-1241.775,69.038,-37.862,0.789969,0.613108,-0.006909,-0.612546,0.788644,-0.053181,-0.027157,0.046243,0.998561,0,0.91289,0.61595,54.774,1.232,-1,375.000,900.000,300.000,325.000,300.000,300.000,325.000,300.000,-1,-1,-1,-1,725.000,425.000,-1,350.000,2,0,1,1,1,0,1,0,0,2,2,2,2,0,1,2,1
92,3278.769,-1274.538,69.023,-36.650,0.802640,0.596421,-0.007131,-0.596066,0.801613,-0.046054,-0.021752,0.041215,0.998913,0,0.91472,0.60603,54.883,1.212,-1,400.000,900.000,300.000,300.000,325.000,300.000,325.000,325.000,-1,-1,-1,-1,725.000,400.000,-1,300.000,2,0,1,1,1,0,1,0,1,2,2,2,2,0,1,2,1
93,3323.513,-1306.409,69.610,-35.460,0.814729,0.579791,-0.007772,-0.579653,0.814045,-0.036511,-0.014842,0.034252,0.999303,0,0.91559,0.59522,54.935,1.190,-1,400.000,-1,300.000,275.000,325.000,300.000,300.000,325.000,-1,925.000,-1,-1,750.000,400.000,-1,300.000,2,0,2,1,1,0,1,0,1,2,0,2,2,0,1,2,1
94,3368.887,-1337.355,70.503,-34.293,0.826253,0.563225,-0.009145,-0.563256,0.825880,-0.025785,-0.006970,0.026456,0.999626,0,0.91537,0.58349,54.922,1.167,-1,425.000,-1,300.000,275.000,350.000,300.000,300.000,325.000,-1,400.000,750.000,-1,775.000,400.000,-1,275.000,2,0,2,1,1,0,1,0,1,2,0,0,2,1,1,2,1
95,3414.796,-1367.343,71.629,-33.151,0.837210,0.546759,-0.011545,-0.546878,0.837094,-0.014067,0.001974,0.018091,0.999834,0,0.91392,0.57083,54.835,1.142,-1,425.000,-1,300.000,250.000,350.000,300.000,300.000,325.000,-1,225.000,475.000,-1,775.000,400.000,-1,275.000,2,0,2,1,1,1,1,0,1,2,0,0,2,1,1,2,1
96,3458.814,-1394.821,73.006,-31.972,0.848201,0.529480,-0.014370,-0.529559,0.848271,-0.002072,0.011092,0.009368,0.999895,0,0.86484,0.58961,51.891,1.179,-1,450.000,-1,300.000,250.000,350.000,300.000,300.000,325.000,-1,175.000,350.000,-1,800.000,400.000,-1,275.000,2,0,2,1,1,1,1,0,1,2,0,0,2,1,1,2,1
97,3503.152,-1421.274,74.096,-30.821,0.858598,0.512356,-0.017325,-0.512299,0.858771,0.007931,0.018942,0.002066,0.999818,0,0.86049,0.57546,51.629,1.151,-1,450.000,-1,300.000,250.000,350.000,300.000,275.000,325.000,1000.000,150.000,275.000,-1,825.000,425.000,-1,275.000,2,0,2,1,1,1,1,0,1,0,0,0,2,1,1,2,1
98,3547.694,-1446.680,75.239,-29.700,0.868393,0.495452,-0.020539,-0.495165,0.868620,0.017617,0.026569,-0.005128,0.999634,0,0.85463,0.56050,51.278,1.121,-1,475.000,-1,300.000,250.000,350.000,300.000,275.000,300.000,850.000,125.000,275.000,-1,850.000,425.000,-1,275.000,2,0,2,1,1,1,1,0,1,0,0,0,2,1,1,2,1
99,3592.320,-1471.022,76.456,-28.610,0.877588,0.478815,-0.023996,-0.478206,0.877830,0.027086,0.034034,-0.012296,0.999345,0,0.84722,0.54479,50.833,1.090,-1,475.000,-1,300.000,225.000,350.000,300.000,275.000,275.000,750.000,100.000,250.000,-1,875.000,425.000,-1,275.000,2,0,2,1,1,1,1,0,1,0,0,0,2,1,1,2,1
100,3636.911,-1494.287,77.737,-27.553,0.886194,0.462488,-0.027666,-0.461469,0.886413,0.036313,0.041318,-0.019414,0.998957,0,0.83824,0.52847,50.294,1.057,-1,500.000,-1,300.000,225.000,350.000,300.000,275.000,275.000,650.000,100.000,250.000,-1,925.000,425.000,-1,275.000,2,1,2,1,1,1,1,0,1,0,0,0,2,1,1,2,1
101,3681.349,-1516.471,79.074,-26.530,0.894223,0.446511,-0.031516,-0.444997,0.894387,0.045272,0.048403,-0.026459,0.998477,0,0.82777,0.51169,49.666,1.023,-1,500.000,-1,300.000,225.000,350.000,300.000,275.000,250.000,600.000,75.000,225.000,-1,950.000,425.000,-1,275.000,2,1,2,1,1,1,1,0,1,0,0,0,2,0,1,2,1
102,3725.521,-1537.577,80.457,-25.541,0.901695,0.430912,-0.035516,-0.428826,0.901775,0.053944,0.055272,-0.033410,0.997912,0,0.81592,0.49464,48.955,0.989,-1,500.000,-1,300.000,225.000,350.000,300.000,275.000,225.000,550.000,75.000,225.000,-1,950.000,425.000,-1,275.000,2,1,2,1,1,1,1,0,1,0,0,0,2,0,1,2,1
103,3769.338,-1557.602,82.236,-24.564,0.908863,0.415348,-0.038128,-0.412635,0.908713,0.063039,0.060831,-0.041561,0.997282,0,0.80292,0.48845,48.175,0.977,-1,500.000,-1,300.000,225.000,375.000,300.000,275.000,225.000,500.000,75.000,225.000,-1,975.000,500.000,-1,275.000,2,1,2,1,1,1,1,0,1,0,0,0,2,0,1,2,1
104,3812.721,-1576.542,85.069,-23.591,0.915943,0.399633,-0.036616,-0.396322,0.915129,0.073945,0.063059,-0.053218,0.996590,0,0.78895,0.48657,47.337,0.973,-1,500.000,-1,300.000,225.000,375.000,300.000,250.000,225.000,475.000,100.000,275.000,-1,950.000,725.000,-1,275.000,2,1,2,1,1,1,1,0,1,0,0,0,2,0,1,2,1
105,3855.609,-1594.405,88.094,-22.620,0.922768,0.383800,-0.034599,-0.379925,0.921109,0.084940,0.064470,-0.065234,0.995785,0,0.77431,0.48532,46.459,0.971,-1,500.000,-1,325.000,225.000,375.000,325.000,250.000,225.000,450.000,125.000,325.000,-1,925.000,-1,-1,275.000,2,1,2,1,1,1,1,0,1,0,0,0,2,0,2,2,1
106,3897.959,-1611.207,91.522,-21.651,0.929282,0.367866,-0.033311,-0.363435,0.926725,0.095376,0.065956,-0.076524,0.994884,0,0.75935,0.48467,45.561,0.969,-1,500.000,-1,375.000,225.000,375.000,350.000,250.000,225.000,425.000,150.000,375.000,-1,925.000,-1,-1,275.000,2,1,2,1,1,1,1,0,1,0,0,0,2,0,2,2,1
107,3939.748,-1626.972,95.101,-20.681,0.935535,0.351804,-0.031756,-0.346858,0.931932,0.105793,0.066813,-0.087958,0.993881,0,0.74440,0.48462,44.664,0.969,-1,500.000,-1,400.000,250.000,400.000,350.000,250.000,225.000,400.000,200.000,425.000,-1,900.000,-1,-1,-1,2,1,2,1,1,1,1,0,1,0,0,0,2,0,2,2,2
108,3986.369,-1643.498,99.268,-19.534,0.942584,0.332653,-0.029621,-0.327205,0.937614,0.117548,0.066876,-0.101107,0.992625,0,0.82440,0.57374,49.464,1.147,-1,500.000,-1,475.000,-1,400.000,400.000,250.000,225.000,400.000,250.000,525.000,-1,875.000,-1,-1,-1,2,1,2,1,2,1,1,0,1,0,0,0,2,0,2,2,2
109,1639.921,-8198.890,-265.501,76.004,0.204164,-0.970017,-0.131847,0.865685,0.241783,-0.438326,0.457062,-0.024647,0.889093,1,0.00000,0.00000,52.878,1.113,0.000,-1,-1,-1,0.000,-1,-1,0.000,0.000,0.000,-1,-1,475.000,-1,-1,0.000,0.000,0,2,2,2,0,2,2,0,1,1,2,2,1,2,2,0,0
110,-2947.514,-6889.659,-69.822,-29.719,0.864975,0.495443,0.079713,-0.496684,0.867918,-0.004818,-0.071571,-0.035425,0.996806,1,0.08000,-0.12000,4.800,-0.240,-1,375.000,-1,375.000,-1,325.000,325.000,300.000,300.000,-1,-1,-1,-1,675.000,700.000,-1,-1,2,0,2,0,2,0,0,0,0,2,2,2,2,0,0,2,2
111,-2939.216,-6894.487,-70.522,-30.199,0.860801,0.502685,0.079559,-0.503955,0.863717,-0.004675,-0.071066,-0.036070,0.996819,0,0.16000,-0.24000,9.600,-0.480,-1,375.000,-1,375.000,-1,325.000,325.000,300.000,300.000,-1,-1,-1,-1,675.000,700.000,-1,-1,2,0,2,0,2,0,0,0,0,2,2,2,2,0,0,2,2
112,-2926.863,-6901.886,-71.565,-30.919,0.854426,0.513480,0.079334,-0.514795,0.857302,-0.004456,-0.070301,-0.037034,0.996838,0,0.24000,-0.36000,14.400,-0.720,-1,375.000,-1,375.000,-1,325.000,325.000,300.000,300.000,-1,-1,-1,-1,675.000,700.000,-1,-1,2,0,2,0,2,0,0,0,0,2,2,2,2,0,0,2,2
113,-2910.558,-6912.026,-72.944,-31.879,0.845716,0.527746,0.079046,-0.529119,0.848538,-0.004155,-0.069266,-0.038311,0.996862,0,0.32000,-0.48000,19.200,-0.960,-1,375.000,-1,375.000,-1,325.000,325.000,300.000,300.000,-1,-1,-1,-1,675.000,700.000,-1,-1,2,0,2,0,2,0,0,0,0,2,2,2,2,0,0,2,2
114,-2890.448,-6925.124,-74.648,-33.079,0.834494,0.545367,0.078704,-0.546811,0.837247,-0.003766,-0.067949,-0.039894,0.996891,0,0.40000,-0.60000,24.000,-1.200,-1,375.000,-1,375.000,-1,325.000,325.000,300.000,300.000,-1,-1,-1,-1,675.000,700.000,-1,-1,2,0,2,0,2,0,0,0,0,2,2,2,2,0,0,2,2
115,-2866.715,-6941.440,-76.642,-34.510,0.820650,0.566053,0.078220,-0.567575,0.823315,-0.003313,-0.066275,-0.041677,0.996931,0,0.48000,-0.71508,28.800,-1.430,-1,375.000,-1,375.000,-1,325.000,325.000,300.000,325.000,-1,-1,1000.000,-1,675.000,700.000,-1,-1,2,0,2,0,2,0,0,0,0,2,2,0,2,0,0,2,2
116,-2839.518,-6961.171,-78.867,-35.962,0.806084,0.586693,0.077587,-0.588276,0.808655,-0.002997,-0.064499,-0.043227,0.996981,0,0.56000,-0.72595,33.600,-1.452,-1,375.000,-1,375.000,-1,325.000,325.000,300.000,325.000,-1,-1,950.000,-1,675.000,700.000,-1,-1,2,0,2,0,2,0,0,0,0,2,2,0,2,0,0,2,2
117,-2809.611,-6984.069,-81.213,-37.439,0.790728,0.607321,0.076882,-0.608931,0.793217,-0.003097,-0.062865,-0.044367,0.997035,0,0.62777,-0.73883,37.666,-1.478,-1,375.000,-1,375.000,-1,325.000,325.000,300.000,300.000,-1,-1,950.000,-1,675.000,700.000,-1,-1,2,0,2,0,2,0,0,0,0,2,2,0,2,0,0,2,2
118,-2779.990,-7008.008,-83.531,-38.946,0.774528,0.627940,0.076144,-0.629578,0.776931,-0.003152,-0.061139,-0.045497,0.997092,0,0.63475,-0.75351,38.085,-1.507,-1,375.000,-1,375.000,-1,325.000,325.000,300.000,300.000,-1,-1,925.000,-1,675.000,700.000,-1,-1,2,0,2,0,2,0,0,0,0,2,2,0,2,0,0,2,2
119,-2750.669,-7033.036,-85.820,-40.483,0.757455,0.648521,0.075378,-0.650187,0.759768,-0.003158,-0.059318,-0.046617,0.997150,0,0.64249,-0.76857,38.550,-1.537,-1,375.000,-1,375.000,-1,300.000,325.000,300.000,300.000,-1,-1,925.000,-1,675.000,700.000,-1,-1,2,0,2,0,2,0,0,0,0,2,2,0,2,0,0,2,2
120,-2721.667,-7059.196,-88.079,-42.051,0.739481,0.669033,0.074584,-0.670726,0.741699,-0.003112,-0.057400,-0.047724,0.997210,0,0.65096,-0.78400,39.058,-1.568,-1,375.000,-1,375.000,-1,300.000,325.000,300.000,300.000,-1,-1,925.000,-1,675.000,700.000,-1,-1,2,0,2,0,2,0,0,0,0,2,2,0,2,0,0,2,2
121,-2693.008,-7086.536,-90.182,-43.651,0.720625,0.689458,0.073123,-0.691141,0.722713,-0.003096,-0.054982,-0.048307,0.997318,0,0.66013,-0.79982,39.608,-1.600,-1,375.000,-1,375.000,-1,300.000,325.000,300.000,300.000,-1,-1,875.000,-1,675.000,700.000,-1,-1,2,0,2,0,2,0,0,0,0,2,2,0,2,0,0,2,2
122,-2664.725,-7115.100,-92.236,-45.283,0.700815,0.709744,0.071563,-0.711415,0.702766,-0.002992,-0.052416,-0.048815,0.997432,0,0.66995,-0.81603,40.197,-1.632,-1,375.000,-1,375.000,-1,300.000,325.000,300.000,300.000,-1,-1,850.000,-1,675.000,700.000,-1,-1,2,0,2,0,2,0,0,0,0,2,2,0,2,0,0,2,2
123,-2636.856,-7144.932,-94.250,-46.948,0.680015,0.729848,0.070015,-0.731509,0.681826,-0.002748,-0.049744,-0.049349,0.997542,0,0.68040,-0.83262,40.824,-1.665,-1,375.000,-1,375.000,-1,300.000,325.000,300.000,300.000,-1,-1,800.000,-1,675.000,700.000,-1,-1,2,0,2,0,2,0,0,0,0,2,2,0,2,0,0,2,2
124,-2609.446,-7176.074,-96.200,-48.647,0.658199,0.749720,0.068510,-0.751382,0.659864,-0.002259,-0.046901,-0.049990,0.997648,0,0.69144,-0.84959,41.486,-1.699,-1,375.000,-1,375.000,-1,300.000,325.000,300.000,300.000,-1,-1,775.000,-1,675.000,700.000,-1,-1,2,0,2,0,2,0,0,0,0,2,2,0,2,0,0,2,2
125,-2581.485,-7209.845,-98.181,-50.377,0.635409,0.769265,0.066988,-0.770927,0.636922,-0.001614,-0.043908,-0.050617,0.997752,0,0.73072,-0.86454,43.843,-1.729,-1,375.000,-1,375.000,-1,300.000,325.000,300.000,300.000,-1,850.000,725.000,-1,675.000,700.000,-1,-1,2,0,2,0,2,0,0,0,0,2,0,0,2,0,0,2,2
126,-2553.608,-7245.693,-100.118,-52.129,0.611711,0.788355,0.065627,-0.790025,0.613075,-0.000820,-0.040881,-0.051345,0.997844,0,0.75686,-0.87627,45.412,-1.753,-1,375.000,-1,375.000,-1,300.000,325.000,300.000,300.000,-1,825.000,725.000,-1,675.000,700.000,-1,-1,2,0,2,0,2,0,0,0,0,2,0,0,2,0,0,2,2
127,-2526.667,-7282.642,-101.905,-53.904,0.587104,0.806921,0.064704,-0.808619,0.588333,0.000079,-0.038004,-0.052367,0.997904,0,0.76213,-0.88741,45.728,-1.775,-1,375.000,-1,375.000,-1,300.000,325.000,300.000,300.000,-1,825.000,700.000,-1,675.000,700.000,-1,-1,2,0,2,0,2,0,0,0,0,2,0,0,2,0,0,2,2
128,-2500.719,-7320.682,-103.596,-55.702,0.561598,0.824944,0.063834,-0.826664,0.562695,0.000961,-0.035127,-0.053309,0.997960,0,0.76745,-0.89907,46.047,-1.798,-1,375.000,-1,400.000,-1,300.000,325.000,300.000,300.000,-1,825.000,700.000,-1,650.000,725.000,-1,-1,2,0,2,0,2,0,0,0,0,2,0,0,2,0,0,2,2
129,-2475.821,-7359.802,-105.171,-57.525,0.535180,0.842386,0.062991,-0.844120,0.536152,0.001743,-0.032305,-0.054105,0.998013,0,0.77285,-0.91125,46.371,-1.822,-1,375.000,-1,400.000,-1,300.000,325.000,300.000,300.000,-1,850.000,725.000,-1,650.000,725.000,-1,-1,2,0,2,0,2,0,0,0,0,2,0,0,2,0,0,2,2
130,-2452.028,-7399.989,-106.654,-59.372,0.507841,0.859201,0.062214,-0.860947,0.508689,0.002546,-0.029460,-0.054856,0.998060,0,0.77836,-0.92394,46.702,-1.848,-1,375.000,-1,400.000,-1,300.000,325.000,300.000,300.000,-1,850.000,725.000,-1,650.000,725.000,-1,-1,2,0,2,0,2,0,0,0,0,2,0,0,2,0,0,2,2
131,-2430.568,-7439.170,-107.818,-61.289,0.478968,0.875729,0.060739,-0.877444,0.479666,0.003468,-0.026097,-0.054957,0.998148,0,0.74455,-0.95829,44.673,-1.917,-1,375.000,-1,400.000,-1,300.000,325.000,300.000,300.000,-1,825.000,725.000,-1,650.000,725.000,-1,-1,2,0,2,0,2,0,0,0,0,2,0,0,2,0,0,2,2
132,-2410.289,-7479.294,-108.878,-63.187,0.449846,0.891137,0.059276,-0.892817,0.450398,0.004454,-0.022728,-0.054926,0.998232,0,0.74928,-0.94903,44.957,-1.898,-1,375.000,-1,400.000,-1,300.000,325.000,300.000,300.000,-1,775.000,700.000,-1,650.000,725.000,-1,-1,2,0,2,0,2,0,0,0,0,2,0,0,2,0,0,2,2
133,-2391.401,-7519.965,-109.753,-65.089,0.420165,0.905612,0.057690,-0.907236,0.420591,0.005142,-0.019607,-0.054499,0.998321,0,0.74736,-0.95075,44.842,-1.901,-1,375.000,-1,400.000,-1,300.000,325.000,300.000,300.000,-1,750.000,675.000,-1,650.000,750.000,-1,-1,2,0,2,0,2,0,0,0,0,2,0,0,2,0,0,2,2
134,-2373.915,-7561.151,-110.438,-66.994,0.389939,0.919141,0.055933,-0.920688,0.390260,0.005500,-0.016773,-0.053641,0.998419,0,0.74573,-0.95286,44.744,-1.906,-1,375.000,-1,400.000,-1,300.000,325.000,300.000,300.000,-1,775.000,675.000,-1,650.000,750.000,-1,-1,2,0,2,0,2,0,0,0,0,2,0,0,2,0,0,2,2
135,-2357.839,-7602.826,-111.029,-68.905,0.359194,0.931686,0.054220,-0.933159,0.359415,0.005959,-0.013936,-0.052736,0.998511,0,0.74445,-0.95534,44.667,-1.911,-1,375.000,-1,400.000,-1,300.000,325.000,300.000,300.000,-1,775.000,675.000,-1,650.000,750.000,-1,-1,2,0,2,0,2,0,0,0,0,2,0,0,2,0,0,2,2
136,-2343.184,-7644.964,-111.529,-70.821,0.327951,0.943231,0.052564,-0.944630,0.328074,0.006511,-0.011104,-0.051788,0.998596,0,0.74355,-0.95819,44.613,-1.916,-1,375.000,-1,400.000,-1,300.000,325.000,300.000,300.000,-1,800.000,700.000,-1,650.000,750.000,-1,-1,2,0,2,0,2,0,0,0,0,2,0,0,2,0,0,2,2
