timestep,x_cm,y_cm,z_cm,yaw_deg,basis_xx,basis_xy,basis_xz,basis_yx,basis_yy,basis_yz,basis_zx,basis_zy,basis_zz,teleport_flag,throttle_cmd,steering_cmd,cmd_move_cm,cmd_turn_deg,lidar_cm_0,lidar_cm_1,lidar_cm_2,lidar_cm_3,lidar_cm_4,lidar_cm_5,lidar_cm_6,lidar_cm_7,lidar_cm_8,lidar_cm_9,lidar_cm_10,lidar_cm_11,lidar_cm_12,lidar_cm_13,lidar_cm_14,lidar_cm_15,lidar_cm_16,lidar_class_0,lidar_class_1,lidar_class_2,lidar_class_3,lidar_class_4,lidar_class_5,lidar_class_6,lidar_class_7,lidar_class_8,lidar_class_9,lidar_class_10,lidar_class_11,lidar_class_12,lidar_class_13,lidar_class_14,lidar_class_15,lidar_class_16
0,-8856.557,1635.256,-7.240,-107.831,-0.305000,0.951939,0.028043,-0.949846,-0.306200,0.063512,0.069046,-0.007265,0.997587,1,0.08000,-0.12000,4.800,-0.240,-1,450.000,-1,275.000,300.000,300.000,250.000,275.000,425.000,-1,225.000,350.000,-1,1000.000,375.000,-1,275.000,2,1,2,1,1,1,1,0,0,2,0,0,2,0,1,2,1
1,-8859.574,1626.142,-6.460,-108.311,-0.312828,0.949331,0.030161,-0.947221,-0.314161,0.063838,0.070079,-0.008598,0.997504,0,0.16000,-0.24000,9.600,-0.480,-1,450.000,-1,275.000,300.000,300.000,250.000,275.000,425.000,-1,200.000,325.000,-1,1000.000,350.000,-1,275.000,2,1,2,1,1,1,1,0,0,2,0,0,2,0,1,2,1
2,-8864.269,1612.529,-5.282,-109.031,-0.324516,0.945289,0.033429,-0.943161,-0.326059,0.064280,0.071663,-0.010669,0.997372,0,0.24000,-0.36000,14.400,-0.720,-1,450.000,-1,275.000,300.000,300.000,250.000,275.000,425.000,-1,200.000,325.000,-1,-1,350.000,-1,275.000,2,1,2,1,1,1,1,0,0,2,0,0,2,2,1,2,1
3,-8870.834,1594.485,-3.699,-109.991,-0.339996,0.939661,0.037957,-0.937524,-0.341839,0.064774,0.073841,-0.013563,0.997178,0,0.32000,-0.48000,19.200,-0.960,-1,450.000,-1,250.000,275.000,300.000,250.000,275.000,450.000,-1,175.000,300.000,-1,-1,350.000,-1,275.000,2,1,2,1,1,1,1,0,0,2,0,0,2,2,1,2,1
4,-8879.509,1572.108,-1.698,-111.191,-0.359168,0.932240,0.043889,-0.930118,-0.361422,0.065224,0.076666,-0.017396,0.996905,0,0.40000,-0.60000,24.000,-1.200,-1,425.000,-1,250.000,275.000,275.000,225.000,275.000,450.000,-1,150.000,300.000,-1,-1,350.000,-1,250.000,2,1,2,1,1,1,1,0,0,2,0,0,2,2,1,2,1
5,-8890.496,1545.485,0.774,-112.425,-0.378562,0.924145,0.051453,-0.922073,-0.381378,0.065816,0.080446,-0.022528,0.996504,0,0.48000,-0.61710,28.800,-1.234,-1,425.000,-1,250.000,275.000,275.000,225.000,275.000,475.000,-1,125.000,275.000,-1,-1,325.000,-1,250.000,2,1,2,1,1,1,1,0,0,2,0,0,2,2,1,2,1
6,-8903.980,1514.708,3.756,-113.660,-0.397557,0.915554,0.060899,-0.913601,-0.401134,0.066523,0.085334,-0.029191,0.995925,0,0.56000,-0.61735,33.600,-1.235,-1,425.000,-1,250.000,275.000,275.000,225.000,250.000,500.000,875.000,125.000,250.000,-1,-1,325.000,-1,250.000,2,1,2,1,1,1,1,0,0,0,0,0,2,2,1,2,1
7,-8920.146,1479.875,7.288,-114.896,-0.416089,0.906428,0.072510,-0.904712,-0.420681,0.067252,0.091462,-0.037618,0.995098,0,0.64000,-0.61832,38.400,-1.237,-1,425.000,-1,225.000,250.000,275.000,225.000,250.000,525.000,700.000,100.000,250.000,-1,-1,300.000,-1,225.000,2,1,2,1,1,1,1,0,0,0,0,0,2,2,1,2,1
8,-6887.297,2951.679,-72.150,176.710,-0.995637,-0.057258,-0.073684,0.051814,-0.995927,0.073782,-0.077609,0.069642,0.994549,1,0.00000,0.00000,43.200,-1.240,825.000,375.000,-1,375.000,975.000,300.000,300.000,325.000,325.000,-1,425.000,350.000,625.000,575.000,600.000,775.000,900.000,0,0,2,0,0,0,0,0,0,2,0,1,1,0,0,0,0
9,-6892.088,2951.974,-72.535,176.470,-0.995420,-0.061430,-0.073243,0.056019,-0.995700,0.073776,-0.077460,0.069335,0.994582,0,0.08000,-0.12000,4.800,-0.240,800.000,375.000,-1,375.000,975.000,300.000,300.000,325.000,325.000,-1,400.000,350.000,625.000,575.000,600.000,775.000,900.000,0,0,2,0,0,0,0,0,0,2,0,1,1,0,0,0,0
10,-6901.664,2952.646,-73.311,175.990,-0.994935,-0.069772,-0.072362,0.064427,-0.995194,0.073749,-0.077160,0.068713,0.994648,0,0.16000,-0.24000,9.600,-0.480,800.000,375.000,-1,375.000,975.000,300.000,300.000,325.000,325.000,-1,375.000,350.000,650.000,575.000,600.000,775.000,900.000,0,0,2,0,0,0,0,0,0,2,0,0,1,0,0,0,0
11,-6916.015,2953.834,-74.489,175.270,-0.994074,-0.082278,-0.071050,0.077031,-0.994303,0.073673,-0.076707,0.067763,0.994748,0,0.24000,-0.36000,14.400,-0.720,800.000,375.000,-1,375.000,1000.000,300.000,300.000,325.000,325.000,-1,350.000,350.000,650.000,575.000,600.000,775.000,925.000,0,0,2,0,0,0,0,0,0,2,0,0,1,0,0,0,0
12,-6935.121,2955.739,-76.086,174.310,-0.992677,-0.098934,-0.069318,0.093820,-0.992872,0.073508,-0.076096,0.066467,0.994883,0,0.32000,-0.48000,19.200,-0.960,800.000,375.000,-1,375.000,1000.000,300.000,300.000,300.000,325.000,-1,350.000,325.000,650.000,575.000,600.000,775.000,925.000,0,0,2,0,0,0,0,0,0,2,0,0,1,0,0,0,0
13,-6958.955,2958.556,-78.114,173.263,-0.990849,-0.117069,-0.067182,0.112121,-0.990993,0.073231,-0.075150,0.065028,0.995050,0,0.40000,-0.52346,24.000,-1.047,775.000,350.000,-1,375.000,1000.000,300.000,325.000,300.000,325.000,-1,325.000,300.000,675.000,575.000,600.000,750.000,950.000,0,0,2,0,0,0,0,0,0,2,0,0,1,0,0,0,0
14,-6985.108,2962.124,-80.378,172.233,-0.988737,-0.134871,-0.064869,0.130104,-0.988821,0.072841,-0.073968,0.063581,0.995232,0,0.43992,-0.51483,26.395,-1.030,775.000,350.000,-1,375.000,-1,300.000,300.000,300.000,325.000,-1,300.000,300.000,700.000,575.000,600.000,750.000,950.000,0,0,2,0,2,0,0,0,0,2,0,0,1,0,0,0,0
15,-7011.587,2966.213,-82.713,171.222,-0.986351,-0.152308,-0.062560,0.147724,-0.986379,0.072346,-0.072726,0.062117,0.995416,0,0.44656,-0.50540,26.793,-1.011,750.000,350.000,-1,375.000,-1,300.000,300.000,300.000,325.000,-1,300.000,275.000,700.000,575.000,600.000,750.000,975.000,0,0,2,0,2,0,0,0,0,2,0,0,1,0,0,0,0
16,-7038.382,2970.827,-85.118,170.230,-0.983708,-0.169373,-0.060259,0.164974,-0.983685,0.071746,-0.071428,0.060636,0.995601,0,0.45315,-0.49588,27.189,-0.992,750.000,350.000,-1,375.000,-1,300.000,300.000,300.000,325.000,-1,275.000,275.000,725.000,575.000,600.000,750.000,975.000,0,0,2,0,2,0,0,0,0,2,0,0,1,0,0,0,0
17,-7065.480,2975.969,-87.592,169.258,-0.980826,-0.186062,-0.057972,0.181850,-0.980757,0.071043,-0.070075,0.059138,0.995787,0,0.45970,-0.48627,27.582,-0.973,725.000,350.000,-1,375.000,-1,300.000,300.000,300.000,300.000,-1,275.000,250.000,750.000,550.000,600.000,725.000,975.000,0,0,2,0,2,0,0,0,0,2,0,0,1,0,0,0,0
18,-7092.871,2981.640,-90.136,168.305,-0.977724,-0.202369,-0.055702,0.198344,-0.977613,0.070235,-0.068669,0.057622,0.995974,0,0.46621,-0.47657,27.972,-0.953,725.000,350.000,-1,375.000,-1,300.000,300.000,300.000,300.000,-1,250.000,250.000,750.000,550.000,600.000,725.000,1000.000,0,0,2,0,2,0,0,0,0,2,0,0,1,0,0,0,0
19,-7120.546,2987.841,-92.748,167.371,-0.974419,-0.218289,-0.053455,0.214453,-0.974271,0.069325,-0.067212,0.056088,0.996161,0,0.47268,-0.46677,28.361,-0.934,700.000,350.000,-1,350.000,-1,300.000,300.000,275.000,300.000,-1,250.000,250.000,775.000,550.000,600.000,700.000,1000.000,0,0,2,0,2,0,0,0,0,2,0,0,1,0,0,0,0
20,-7148.494,2994.573,-95.229,166.457,-0.970909,-0.233808,-0.051664,0.230075,-0.970707,0.069237,-0.066339,0.055336,0.996262,0,0.47912,-0.45689,28.747,-0.914,700.000,350.000,-1,350.000,-1,300.000,300.000,275.000,300.000,-1,250.000,250.000,800.000,550.000,600.000,700.000,1000.000,0,0,2,0,2,0,0,0,0,2,0,0,1,0,0,0,0
21,-7176.706,3001.835,-97.215,165.564,-0.967268,-0.248901,-0.049411,0.245154,-0.966859,0.071297,-0.065520,0.056850,0.996230,0,0.48553,-0.44691,29.132,-0.894,700.000,350.000,-1,350.000,-1,300.000,300.000,300.000,300.000,-1,275.000,250.000,800.000,550.000,600.000,700.000,1000.000,0,0,2,0,2,0,0,0,0,2,0,0,1,0,0,0,0
22,-7205.174,3009.627,-98.998,164.690,-0.963543,-0.263575,-0.045966,0.259838,-0.962805,0.074099,-0.063787,0.059454,0.996191,0,0.49192,-0.43684,29.515,-0.874,725.000,350.000,-1,350.000,-1,275.000,300.000,300.000,300.000,-1,275.000,250.000,825.000,550.000,600.000,750.000,1000.000,0,0,2,0,2,0,0,0,0,2,0,0,1,0,0,0,0
23,-7233.889,3017.947,-100.837,163.837,-0.959690,-0.277841,-0.042411,0.274137,-0.958619,0.076803,-0.061995,0.062081,0.996144,0,0.49828,-0.42668,29.897,-0.853,800.000,350.000,-1,350.000,-1,275.000,300.000,300.000,300.000,-1,300.000,250.000,850.000,550.000,600.000,800.000,1000.000,0,0,2,0,2,0,0,0,0,2,0,0,1,0,0,0,0
24,-7262.844,3026.796,-102.731,163.004,-0.955726,-0.291696,-0.038749,0.288047,-0.954318,0.079409,-0.060142,0.064732,0.996089,0,0.50462,-0.41642,30.277,-0.833,900.000,350.000,-1,350.000,-1,275.000,300.000,300.000,300.000,-1,300.000,250.000,850.000,575.000,600.000,875.000,1000.000,0,0,2,0,2,0,0,0,0,2,0,0,1,0,0,0,0
25,-7292.033,3036.171,-104.297,162.192,-0.951600,-0.305168,-0.036480,0.301555,-0.950008,0.080930,-0.059353,0.066012,0.996052,0,0.51095,-0.40607,30.657,-0.812,950.000,350.000,-1,350.000,-1,275.000,300.000,300.000,300.000,-1,325.000,275.000,875.000,575.000,600.000,900.000,1000.000,0,0,2,0,2,0,0,0,0,2,0,0,1,0,0,0,0
26,-7321.448,3046.070,-105.726,161.400,-0.947398,-0.318245,-0.034030,0.314732,-0.945666,0.081611,-0.058153,0.066607,0.996083,0,0.51727,-0.39561,31.036,-0.791,1000.000,350.000,-1,350.000,-1,275.000,300.000,325.000,300.000,-1,350.000,300.000,900.000,575.000,600.000,950.000,1000.000,0,0,2,0,2,0,0,0,0,2,0,0,1,0,0,0,0
27,-7351.086,3056.489,-106.877,160.630,-0.943141,-0.330940,-0.031040,0.327650,-0.941341,0.080759,-0.055946,0.065997,0.996250,0,0.52359,-0.38506,31.416,-0.770,-1,350.000,-1,350.000,-1,275.000,300.000,325.000,300.000,-1,350.000,325.000,925.000,575.000,600.000,1000.000,-1,2,0,2,0,2,0,0,0,0,2,0,0,1,0,0,0,2
28,-7380.940,3067.425,-108.073,159.881,-0.938833,-0.343228,-0.028049,0.340164,-0.936974,0.079804,-0.053672,0.065381,0.996416,0,0.52992,-0.37440,31.795,-0.749,-1,350.000,-1,350.000,-1,300.000,300.000,300.000,300.000,-1,375.000,325.000,950.000,575.000,625.000,-1,-1,2,0,2,0,2,0,0,0,0,2,0,0,1,0,0,2,2
29,-7411.009,3078.875,-109.314,159.154,-0.934490,-0.355107,-0.025058,0.352270,-0.932580,0.078747,-0.051332,0.064761,0.996580,0,0.53625,-0.36364,32.175,-0.727,-1,350.000,-1,350.000,-1,300.000,300.000,300.000,300.000,-1,400.000,350.000,975.000,600.000,625.000,-1,-1,2,0,2,0,2,0,0,0,0,2,0,0,1,0,0,2,2
30,-7441.289,3090.834,-110.565,158.449,-0.930130,-0.366575,-0.021907,0.363971,-0.928165,0.077683,-0.048810,0.064281,0.996737,0,0.54260,-0.35277,32.556,-0.706,-1,350.000,-1,350.000,-1,300.000,300.000,300.000,300.000,-1,400.000,350.000,1000.000,600.000,625.000,-1,-1,2,0,2,0,2,0,0,0,0,2,0,0,1,0,0,2,2
31,-7471.778,3103.298,-111.821,157.765,-0.925770,-0.377630,-0.018567,0.375267,-0.923744,0.076622,-0.046086,0.063967,0.996887,0,0.54897,-0.34179,32.938,-0.684,-1,350.000,-1,375.000,-1,300.000,300.000,300.000,300.000,-1,400.000,375.000,1000.000,625.000,650.000,-1,-1,2,0,2,0,2,0,0,0,0,2,0,0,1,0,0,2,2
32,-7502.474,3116.262,-113.127,157.104,-0.921417,-0.388276,-0.015247,0.386154,-0.919344,0.075447,-0.043311,0.063631,0.997033,0,0.55537,-0.33069,33.322,-0.661,-1,350.000,-1,375.000,-1,300.000,300.000,300.000,300.000,-1,425.000,375.000,1000.000,625.000,650.000,-1,-1,2,0,2,0,2,0,0,0,0,2,0,0,0,0,0,2,2
33,-7533.378,3129.722,-114.483,156.465,-0.917085,-0.398513,-0.011947,0.396631,-0.914978,0.074160,-0.040485,0.063273,0.997175,0,0.56180,-0.31947,33.708,-0.639,-1,350.000,-1,375.000,-1,300.000,300.000,300.000,300.000,-1,425.000,375.000,1000.000,650.000,650.000,-1,-1,2,0,2,0,2,0,0,0,0,2,0,0,0,0,0,2,2
34,-7564.491,3143.672,-115.891,155.848,-0.912788,-0.408341,-0.008669,0.406698,-0.910660,0.072765,-0.037607,0.062894,0.997311,0,0.56829,-0.30813,34.097,-0.616,-1,350.000,-1,375.000,-1,300.000,300.000,300.000,300.000,-1,375.000,375.000,975.000,650.000,675.000,-1,-1,2,0,2,0,2,0,0,0,0,2,0,0,0,0,0,2,2
35,-7595.813,3158.109,-117.350,155.255,-0.908541,-0.417760,-0.005412,0.416353,-0.906406,0.071267,-0.034678,0.062495,0.997443,0,0.57482,-0.29667,34.489,-0.593,-1,375.000,-1,375.000,-1,300.000,300.000,300.000,300.000,-1,350.000,325.000,975.000,675.000,675.000,-1,-1,2,0,2,0,2,0,0,0,0,2,0,0,0,0,0,2,2
36,-7627.348,3173.025,-118.861,154.685,-0.904358,-0.426770,-0.002176,0.425597,-0.902227,0.069667,-0.031695,0.062078,0.997568,0,0.58141,-0.28507,34.885,-0.570,-1,375.000,-1,375.000,-1,300.000,300.000,300.000,325.000,-1,325.000,300.000,950.000,675.000,700.000,-1,-1,2,0,2,0,2,0,0,0,0,2,0,0,0,0,0,2,2
37,-7659.099,3188.416,-120.423,154.138,-0.900251,-0.435370,0.001039,0.434427,-0.898139,0.067971,-0.028660,0.061642,0.997687,0,0.58807,-0.27334,35.284,-0.547,-1,375.000,-1,375.000,-1,300.000,325.000,300.000,325.000,-1,300.000,275.000,950.000,700.000,700.000,-1,-1,2,0,2,0,2,0,0,0,0,2,0,0,0,0,0,2,2
38,-7691.070,3204.276,-122.037,153.615,-0.896234,-0.443562,0.004234,0.442845,-0.894152,0.066182,-0.025570,0.061190,0.997799,0,0.59481,-0.26147,35.689,-0.523,-1,375.000,-1,375.000,-1,300.000,325.000,275.000,325.000,-1,275.000,250.000,950.000,700.000,725.000,-1,-1,2,0,2,0,2,0,0,0,0,2,0,0,0,0,0,2,2
39,-7723.267,3220.598,-123.416,153.116,-0.892338,-0.451312,0.007108,0.450763,-0.890219,0.065751,-0.023346,0.061877,0.997811,0,0.60164,-0.24945,36.098,-0.499,-1,375.000,-1,400.000,-1,325.000,325.000,275.000,325.000,-1,275.000,250.000,925.000,700.000,725.000,-1,-1,2,0,2,0,2,0,0,0,0,2,0,0,0,0,0,2,2
40,-7755.698,3237.376,-124.516,152.642,-0.888584,-0.458612,0.009653,0.458179,-0.886338,0.066913,-0.022131,0.063881,0.997712,0,0.60856,-0.23728,36.514,-0.475,-1,375.000,-1,400.000,-1,325.000,325.000,275.000,325.000,-1,300.000,250.000,925.000,725.000,725.000,-1,-1,2,0,2,0,2,0,0,0,0,2,0,0,0,0,0,2,2
41,-7792.313,3256.510,-125.697,152.407,-0.886696,-0.462180,0.012601,0.461915,-0.884345,0.067583,-0.020092,0.065746,0.997634,0,0.68856,-0.11728,41.314,-0.235,-1,375.000,-1,400.000,-1,325.000,325.000,300.000,300.000,-1,300.000,250.000,925.000,725.000,725.000,-1,-1,2,0,2,0,2,0,0,0,0,2,0,0,0,0,0,2,2
42,-7833.185,3277.864,-127.100,152.413,-0.886722,-0.462041,0.015547,0.461964,-0.884284,0.068059,-0.017698,0.067531,0.997560,0,0.76856,0.00272,46.114,0.005,-1,400.000,-1,400.000,-1,325.000,325.000,300.000,300.000,-1,325.000,275.000,925.000,750.000,725.000,-1,-1,2,0,2,0,2,0,0,0,0,2,0,0,0,0,0,2,2
43,-7878.411,3301.246,-128.652,152.658,-0.888659,-0.458180,0.018883,0.458332,-0.886122,0.068705,-0.014747,0.069710,0.997458,0,0.84856,0.12272,50.914,0.245,-1,400.000,-1,400.000,-1,325.000,325.000,300.000,300.000,-1,350.000,275.000,925.000,775.000,725.000,-1,-1,2,0,2,0,2,0,0,0,0,2,0,0,0,0,0,2,2
44,-7926.139,3325.411,-130.273,153.144,-0.892456,-0.450575,0.022471,0.450992,-0.889812,0.069579,-0.011356,0.072231,0.997323,0,0.89162,0.24272,53.497,0.485,-1,400.000,-1,400.000,-1,325.000,325.000,300.000,300.000,-1,350.000,275.000,925.000,800.000,750.000,-1,-1,2,0,2,0,2,0,0,0,0,2,0,0,0,0,0,2,2
45,-7974.168,3348.972,-131.103,153.869,-0.898064,-0.439257,0.023099,0.439753,-0.895412,0.069674,-0.009922,0.072729,0.997302,0,0.89162,0.36272,53.497,0.725,-1,400.000,-1,400.000,-1,325.000,325.000,300.000,300.000,-1,400.000,325.000,975.000,825.000,750.000,-1,-1,2,0,2,0,2,0,0,0,0,2,0,0,0,0,0,2,2
46,-8022.587,3371.720,-131.572,154.835,-0.905327,-0.424111,0.022634,0.424617,-0.902692,0.069618,-0.009094,0.072638,0.997317,0,0.89162,0.48272,53.497,0.965,-1,400.000,-1,400.000,-1,325.000,325.000,300.000,300.000,-1,450.000,375.000,-1,825.000,750.000,-1,-1,2,0,2,0,2,0,0,0,0,2,0,0,2,0,0,2,2
47,-8071.474,3393.445,-131.963,156.040,-0.914032,-0.405029,0.022273,0.405565,-0.911420,0.069499,-0.007849,0.072558,0.997333,0,0.89162,0.60272,53.497,1.205,-1,400.000,-1,400.000,-1,325.000,325.000,300.000,300.000,-1,500.000,425.000,-1,850.000,750.000,-1,-1,2,0,2,0,2,0,0,0,0,2,0,0,2,0,0,2,2
48,-8120.858,3414.013,-132.290,157.389,-0.923294,-0.383464,0.021982,0.384041,-0.920702,0.069428,-0.006384,0.072544,0.997345,0,0.89162,0.67438,53.497,1.349,-1,400.000,-1,400.000,-1,325.000,325.000,300.000,300.000,-1,550.000,475.000,-1,850.000,750.000,-1,-1,2,0,2,0,2,0,0,0,0,2,0,0,2,0,0,2,2
49,-8170.713,3433.413,-132.547,158.737,-0.932046,-0.361686,0.021750,0.362307,-0.929472,0.069399,-0.004885,0.072563,0.997352,0,0.89162,0.67438,53.497,1.349,-1,400.000,-1,400.000,-1,325.000,325.000,300.000,300.000,-1,575.000,525.000,-1,850.000,750.000,-1,-1,2,0,2,0,2,0,0,0,0,2,0,0,2,0,0,2,2
50,-8221.011,3451.634,-132.734,160.086,-0.940284,-0.339707,0.021570,0.340374,-0.937725,0.069413,-0.003353,0.072609,0.997355,0,0.89162,0.67438,53.497,1.349,-1,400.000,-1,400.000,-1,325.000,325.000,300.000,300.000,-1,625.000,575.000,-1,875.000,750.000,-1,-1,2,0,2,0,2,0,0,0,0,2,0,0,2,0,0,2,2
51,-8271.724,3468.665,-132.851,161.435,-0.948003,-0.317539,0.021435,0.318256,-0.945456,0.069468,-0.001793,0.072678,0.997354,0,0.89162,0.67438,53.497,1.349,-1,400.000,-1,400.000,-1,325.000,325.000,300.000,300.000,-1,675.000,625.000,-1,875.000,750.000,-1,-1,2,0,2,0,2,0,0,0,0,2,0,0,2,0,0,2,2
52,-8322.823,3484.499,-132.786,162.784,-0.955206,-0.295203,0.020910,0.295942,-0.952690,0.069276,-0.000530,0.072361,0.997378,0,0.89162,0.67438,53.497,1.349,-1,425.000,-1,400.000,-1,325.000,325.000,300.000,300.000,-1,725.000,675.000,-1,900.000,775.000,-1,-1,2,0,2,0,2,0,0,0,0,2,0,0,2,0,0,2,2
53,-8374.281,3499.126,-132.602,164.133,-0.961884,-0.272706,0.020256,0.273457,-0.959408,0.068981,0.000622,0.071891,0.997412,0,0.89162,0.67438,53.497,1.349,-1,425.000,-1,400.000,-1,325.000,325.000,300.000,300.000,-1,775.000,725.000,-1,900.000,775.000,-1,-1,2,0,2,0,2,0,0,0,0,2,0,0,2,0,0,2,2
54,-8426.069,3512.538,-132.357,165.481,-0.968031,-0.250055,0.019696,0.250823,-0.965590,0.068733,0.001831,0.071476,0.997441,0,0.89162,0.67438,53.497,1.349,-1,425.000,-1,400.000,-1,325.000,325.000,300.000,300.000,-1,825.000,800.000,-1,925.000,775.000,-1,-1,2,0,2,0,2,0,0,0,0,2,0,0,2,0,0,2,2
55,-8478.158,3524.727,-132.131,166.830,-0.973640,-0.227269,0.019349,0.228067,-0.971256,0.068174,0.003299,0.070789,0.997486,0,0.89162,0.67438,53.497,1.349,-1,425.000,-1,400.000,-1,350.000,325.000,300.000,300.000,-1,875.000,850.000,-1,925.000,775.000,-1,-1,2,0,2,0,2,0,0,0,0,2,0,0,2,0,0,2,2
56,-8530.520,3535.688,-132.220,168.179,-0.978731,-0.204376,0.017757,0.205111,-0.976486,0.066368,0.003775,0.068599,0.997637,0,0.89162,0.67438,53.497,1.349,-1,425.000,-1,400.000,-1,350.000,325.000,300.000,300.000,-1,925.000,900.000,-1,925.000,775.000,-1,-1,2,0,2,0,2,0,0,0,0,2,0,0,2,0,0,2,2
57,-8583.125,3545.413,-132.236,169.528,-0.983283,-0.181361,0.016198,0.182035,-0.981167,0.064608,0.004175,0.066476,0.997779,0,0.89162,0.67438,53.497,1.349,-1,425.000,-1,400.000,-1,350.000,325.000,300.000,300.000,-1,1000.000,975.000,-1,925.000,775.000,-1,-1,2,0,2,0,2,0,0,0,0,2,0,0,2,0,0,2,2
58,-8635.944,3553.897,-132.438,170.876,-0.987303,-0.158227,0.013999,0.158803,-0.985236,0.063961,0.003672,0.065372,0.997854,0,0.89162,0.67438,53.497,1.349,-1,425.000,-1,400.000,-1,350.000,325.000,300.000,300.000,-1,-1,-1,-1,925.000,775.000,-1,-1,2,0,2,0,2,0,0,0,0,2,2,2,2,0,0,2,2
59,-8688.949,3561.135,-132.559,172.225,-0.990775,-0.135002,0.011839,0.135483,-0.988757,0.063274,0.003163,0.064295,0.997926,0,0.89162,0.67438,53.497,1.349,-1,425.000,-1,400.000,-1,325.000,325.000,300.000,300.000,-1,-1,-1,-1,925.000,775.000,-1,-1,2,0,2,0,2,0,0,0,0,2,2,2,2,0,0,2,2
60,-8742.109,3567.123,-132.602,173.574,-0.993695,-0.111699,0.009707,0.112089,-0.991728,0.062551,0.002640,0.063244,0.997995,0,0.89162,0.67438,53.497,1.349,-1,425.000,-1,400.000,-1,325.000,325.000,300.000,300.000,-1,-1,-1,-1,900.000,775.000,-1,-1,2,0,2,0,2,0,0,0,0,2,2,2,2,0,0,2,2
61,-8795.396,3571.859,-132.571,174.923,-0.996062,-0.088330,0.007594,0.088631,-0.994146,0.061793,0.002092,0.062223,0.998060,0,0.89162,0.67438,53.497,1.349,-1,425.000,-1,400.000,-1,325.000,325.000,300.000,300.000,-1,-1,-1,-1,900.000,775.000,-1,-1,2,0,2,0,2,0,0,0,0,2,2,2,2,0,0,2,2
62,-8848.779,3575.338,-132.468,176.271,-0.997876,-0.064909,0.005493,0.065124,-0.996011,0.061003,0.001511,0.061231,0.998122,0,0.89162,0.67438,53.497,1.349,-1,425.000,-1,400.000,-1,325.000,325.000,300.000,300.000,-1,-1,-1,-1,900.000,775.000,-1,-1,2,0,2,0,2,0,0,0,0,2,2,2,2,0,0,2,2
63,-8902.230,3577.561,-132.296,177.620,-0.999135,-0.041449,0.003393,0.041579,-0.997321,0.060182,0.000889,0.060271,0.998182,0,0.89162,0.67438,53.497,1.349,-1,425.000,-1,400.000,-1,325.000,325.000,300.000,300.000,-1,-1,-1,-1,875.000,775.000,-1,-1,2,0,2,0,2,0,0,0,0,2,2,2,2,0,0,2,2
64,-8955.718,3578.524,-132.057,178.969,-0.999838,-0.017964,0.001285,0.018008,-0.998076,0.059329,0.000217,0.059342,0.998238,0,0.89162,0.67438,53.497,1.349,-1,425.000,-1,400.000,-1,325.000,325.000,300.000,300.000,-1,-1,-1,-1,875.000,775.000,-1,-1,2,0,2,0,2,0,0,0,0,2,2,2,2,0,0,2,2
65,-9009.213,3578.228,-131.755,180.318,-0.999984,0.005534,-0.000840,-0.005574,-0.998275,0.058443,-0.000515,0.058447,0.998290,0,0.89162,0.67438,53.497,1.349,-1,425.000,-1,400.000,-1,325.000,325.000,300.000,300.000,-1,-1,-1,-1,875.000,775.000,-1,-1,2,0,2,0,2,0,0,0,0,2,2,2,2,0,0,2,2
66,-9062.687,3576.673,-131.393,181.666,-0.999574,0.029032,-0.002990,-0.029156,-0.997918,0.057523,-0.001314,0.057585,0.998340,0,0.89162,0.67438,53.497,1.349,-1,425.000,-1,400.000,-1,325.000,325.000,300.000,300.000,-1,-1,-1,-1,850.000,775.000,-1,-1,2,0,2,0,2,0,0,0,0,2,2,2,2,0,0,2,2
67,-9116.110,3573.860,-130.973,183.015,-0.998607,0.052515,-0.005174,-0.052724,-0.997006,0.056564,-0.002188,0.056758,0.998386,0,0.89162,0.67438,53.497,1.349,-1,425.000,-1,400.000,-1,325.000,325.000,300.000,300.000,-1,-1,-1,-1,850.000,775.000,-1,-1,2,0,2,0,2,0,0,0,0,2,2,2,2,0,0,2,2
68,-9164.759,3570.353,-130.588,184.124,-0.997394,0.071800,-0.007091,-0.072085,-0.995835,0.055832,-0.003053,0.056198,0.998415,0,0.81292,0.55438,48.775,1.109,-1,425.000,-1,400.000,-1,325.000,325.000,300.000,300.000,-1,-1,-1,-1,850.000,775.000,-1,-1,2,0,2,0,2,0,0,0,0,2,2,2,2,0,0,2,2
69,-9213.348,3566.108,-130.717,184.993,-0.996180,0.086888,-0.008661,-0.087239,-0.994602,0.056188,-0.003732,0.056729,0.998383,0,0.81292,0.43438,48.775,0.869,-1,425.000,-1,400.000,-1,325.000,325.000,300.000,300.000,-1,-1,-1,-1,825.000,775.000,-1,-1,2,0,2,0,2,0,0,0,0,2,2,2,2,0,0,2,2
70,-9261.889,3561.331,-131.135,185.621,-0.995158,0.097801,-0.009755,-0.098193,-0.993624,0.055395,-0.004276,0.056085,0.998417,0,0.81292,0.31438,48.775,0.629,-1,400.000,-1,400.000,-1,325.000,325.000,300.000,300.000,-1,-1,-1,-1,825.000,775.000,-1,-1,2,0,2,0,2,0,0,0,0,2,2,2,2,0,0,2,2
71,-9310.396,3556.224,-131.538,186.010,-0.994461,0.104545,-0.010836,-0.104983,-0.992975,0.054583,-0.005054,0.055418,0.998450,0,0.81292,0.19438,48.775,0.389,-1,400.000,-1,400.000,-1,325.000,325.000,300.000,300.000,-1,-1,-1,-1,825.000,750.000,-1,-1,2,0,2,0,2,0,0,0,0,2,2,2,2,0,0,2,2
72,-9358.889,3550.992,-131.939,186.159,-0.994174,0.107127,-0.011896,-0.107615,-0.992738,0.053759,-0.006050,0.054726,0.998483,0,0.81292,0.07438,48.775,0.149,-1,400.000,-1,400.000,-1,325.000,325.000,300.000,275.000,-1,-1,-1,-1,800.000,750.000,-1,-1,2,0,2,0,2,0,0,0,0,2,2,2,2,0,0,2,2
73,-9407.391,3545.837,-132.348,186.068,-0.994330,0.105550,-0.012925,-0.106091,-0.992947,0.052928,-0.007248,0.053999,0.998515,0,0.81292,-0.04562,48.775,-0.091,-1,400.000,-1,400.000,-1,325.000,325.000,300.000,275.000,-1,-1,-1,-1,800.000,750.000,-1,-1,2,0,2,0,2,0,0,0,0,2,2,2,2,0,0,2,2
74,-9455.922,3540.962,-132.778,185.736,-0.994909,0.099812,-0.013920,-0.100407,-0.993582,0.052094,-0.008631,0.053226,0.998545,0,0.81292,-0.16562,48.775,-0.331,-1,400.000,-1,400.000,-1,325.000,325.000,300.000,275.000,-1,-1,-1,-1,775.000,725.000,-1,-1,2,0,2,0,2,0,0,0,0,2,2,2,2,0,0,2,2
75,-9504.500,3536.572,-133.238,185.165,-0.995839,0.089905,-0.014872,-0.090556,-0.994571,0.051258,-0.010183,0.052391,0.998575,0,0.81292,-0.28562,48.775,-0.571,-1,400.000,-1,400.000,-1,325.000,325.000,300.000,275.000,-1,-1,-1,-1,775.000,725.000,-1,-1,2,0,2,0,2,0,0,0,0,2,2,2,2,0,0,2,2
76,-9553.134,3532.870,-133.739,184.354,-0.996997,0.075818,-0.015779,-0.076524,-0.995792,0.050419,-0.011890,0.051475,0.998604,0,0.81292,-0.40562,48.775,-0.811,-1,400.000,-1,400.000,-1,325.000,325.000,300.000,300.000,-1,-1,-1,-1,775.000,725.000,-1,-1,2,0,2,0,2,0,0,0,0,2,2,2,2,0,0,2,2
77,-9601.823,3529.959,-134.284,183.422,-0.998083,0.059616,-0.016649,-0.060375,-0.996944,0.049579,-0.013643,0.050489,0.998631,0,0.81292,-0.46593,48.775,-0.932,-1,400.000,-1,400.000,-1,325.000,325.000,300.000,300.000,-1,-1,-1,-1,750.000,700.000,-1,-1,2,0,2,0,2,0,0,0,0,2,2,2,2,0,0,2,2
78,-9650.552,3527.841,-134.875,182.490,-0.998905,0.043397,-0.017496,-0.044204,-0.997833,0.048739,-0.015343,0.049459,0.998658,0,0.81292,-0.46593,48.775,-0.932,-1,400.000,-1,375.000,-1,325.000,325.000,300.000,300.000,-1,-1,-1,-1,750.000,700.000,-1,-1,2,0,2,0,2,0,0,0,0,2,2,2,2,0,0,2,2
79,-9699.309,3526.515,-135.508,181.558,-0.999463,0.027164,-0.018322,-0.028015,-0.998459,0.047896,-0.016993,0.048383,0.998684,0,0.81292,-0.46593,48.775,-0.932,-1,400.000,-1,375.000,-1,325.000,325.000,300.000,300.000,-1,-1,-1,-1,750.000,700.000,-1,-1,2,0,2,0,2,0,0,0,0,2,2,2,2,0,0,2,2
80,-9748.082,3525.982,-136.182,180.627,-0.999757,0.010923,-0.019130,-0.011813,-0.998823,0.047047,-0.018594,0.047261,0.998709,0,0.81292,-0.46593,48.775,-0.932,-1,400.000,-1,375.000,-1,325.000,325.000,300.000,300.000,-1,-1,-1,-1,725.000,675.000,-1,-1,2,0,2,0,2,0,0,0,0,2,2,2,2,0,0,2,2
81,-9796.857,3526.243,-136.894,179.695,-0.999787,-0.005324,-0.019924,0.004398,-0.998923,0.046189,-0.020148,0.046091,0.998734,0,0.81292,-0.46593,48.775,-0.932,-1,375.000,-1,375.000,-1,325.000,325.000,300.000,300.000,-1,-1,-1,-1,725.000,675.000,-1,-1,2,0,2,0,2,0,0,0,0,2,2,2,2,0,0,2,2
82,-9845.620,3527.297,-137.682,178.763,-0.999560,-0.021570,-0.020351,0.020627,-0.998754,0.045441,-0.021305,0.045001,0.998760,0,0.81292,-0.46593,48.775,-0.932,-1,375.000,-1,375.000,-1,325.000,325.000,300.000,300.000,-1,-1,-1,-1,725.000,675.000,-1,-1,2,0,2,0,2,0,0,0,0,2,2,2,2,0,0,2,2
83,-9894.361,3529.144,-138.322,177.831,-0.999105,-0.037812,-0.018951,0.036933,-0.998315,0.044747,-0.020611,0.044007,0.998819,0,0.81292,-0.46593,48.775,-0.932,-1,375.000,-1,375.000,-1,325.000,325.000,300.000,300.000,-1,-1,-1,-1,725.000,675.000,-1,-1,2,0,2,0,2,0,0,0,0,2,2,2,2,0,0,2,2
84,-9943.064,3531.783,-138.981,176.899,-0.998385,-0.054045,-0.017517,0.053233,-0.997615,0.043945,-0.019850,0.042941,0.998880,0,0.81292,-0.46593,48.775,-0.932,-1,375.000,-1,375.000,-1,325.000,325.000,300.000,300.000,-1,-1,-1,-1,725.000,675.000,-1,-1,2,0,2,0,2,0,0,0,0,2,2,2,2,0,0,2,2
85,-9991.719,3535.213,-139.667,175.967,-0.997399,-0.070266,-0.016077,0.069519,-0.996651,0.043065,-0.019049,0.041835,0.998943,0,0.81292,-0.46593,48.775,-0.932,-1,375.000,-1,375.000,-1,325.000,325.000,300.000,300.000,-1,-1,-1,-1,750.000,675.000,-1,-1,2,0,2,0,2,0,0,0,0,2,2,2,2,0,0,2,2
86,-10040.311,3539.435,-140.377,175.035,-0.996147,-0.086470,-0.014633,0.085789,-0.995423,0.042106,-0.018207,0.040688,0.999006,0,0.81292,-0.46593,48.775,-0.932,-1,400.000,-1,375.000,-1,325.000,325.000,300.000,300.000,-1,-1,-1,-1,750.000,650.000,-1,-1,2,0,2,0,2,0,0,0,0,2,2,2,2,0,0,2,2
87,-10088.828,3544.446,-141.110,174.103,-0.994630,-0.102653,-0.013187,0.102036,-0.993933,0.041066,-0.017323,0.039500,0.999069,0,0.81292,-0.46593,48.775,-0.932,-1,400.000,-1,375.000,-1,325.000,325.000,300.000,300.000,-1,-1,-1,-1,750.000,650.000,-1,-1,2,0,2,0,2,0,0,0,0,2,2,2,2,0,0,2,2
88,-10137.257,3550.246,-141.863,173.172,-0.992848,-0.118810,-0.011742,0.118257,-0.992179,0.039943,-0.016396,0.038269,0.999133,0,0.81292,-0.46593,48.775,-0.932,-1,400.000,-1,375.000,-1,325.000,325.000,300.000,300.000,-1,-1,-1,-1,750.000,650.000,-1,-1,2,0,2,0,2,0,0,0,0,2,2,2,2,0,0,2,2
89,-10185.586,3556.832,-142.635,172.240,-0.990801,-0.134937,-0.010300,0.134447,-0.990163,0.038736,-0.015426,0.036994,0.999196,0,0.81292,-0.46593,48.775,-0.932,-1,400.000,-1,375.000,-1,325.000,325.000,300.000,300.000,-1,-1,-1,-1,750.000,650.000,-1,-1,2,0,2,0,2,0,0,0,0,2,2,2,2,0,0,2,2
90,-10233.801,3564.204,-143.424,171.308,-0.988490,-0.151030,-0.008864,0.150601,-0.987885,0.037442,-0.014412,0.035676,0.999259,0,0.81292,-0.46593,48.775,-0.932,-1,400.000,-1,375.000,-1,325.000,325.000,300.000,300.000,-1,950.000,-1,-1,750.000,650.000,-1,-1,2,0,2,0,2,0,0,0,0,2,0,2,2,0,0,2,2
91,-10281.889,3572.359,-144.228,170.376,-0.985915,-0.167084,-0.007438,0.166715,-0.985345,0.036061,-0.013354,0.034313,0.999322,0,0.81292,-0.46593,48.775,-0.932,-1,400.000,-1,375.000,-1,325.000,325.000,300.000,300.000,-1,750.000,-1,-1,750.000,650.000,-1,-1,2,0,2,0,2,0,0,0,0,2,0,2,2,0,0,2,2
92,-10329.839,3581.295,-145.046,169.444,-0.983077,-0.183096,-0.006024,0.182785,-0.982544,0.034591,-0.012252,0.032905,0.999383,0,0.81292,-0.46593,48.775,-0.932,-1,400.000,-1,375.000,-1,325.000,325.000,300.000,300.000,-1,600.000,850.000,-1,750.000,650.000,-1,-1,2,0,2,0,2,0,0,0,0,2,0,0,2,0,0,2,2
93,-10372.969,3589.872,-145.786,168.752,-0.980801,-0.194955,-0.004760,0.194694,-0.980302,0.033213,-0.011141,0.031649,0.999437,0,0.73292,-0.34593,43.975,-0.692,-1,400.000,-1,375.000,-1,325.000,300.000,300.000,300.000,-1,525.000,700.000,-1,750.000,650.000,-1,-1,2,0,2,0,2,0,0,0,0,2,0,0,2,0,0,2,2
94,-10411.330,3597.817,-146.445,168.300,-0.979237,-0.202687,-0.003640,0.202470,-0.978767,0.031960,-0.010041,0.030560,0.999483,0,0.65292,-0.22593,39.175,-0.452,-1,400.000,-1,375.000,-1,325.000,300.000,300.000,300.000,-1,500.000,600.000,-1,750.000,650.000,-1,-1,2,0,2,0,2,0,0,0,0,2,0,0,2,0,0,2,2
95,-10444.965,3604.912,-146.937,168.088,-0.978483,-0.206308,-0.002843,0.206121,-0.978028,0.031230,-0.009223,0.029972,0.999508,0,0.57292,-0.10593,34.375,-0.212,-1,400.000,-1,375.000,-1,325.000,300.000,300.000,300.000,-1,500.000,600.000,-1,750.000,625.000,-1,-1,2,0,2,0,2,0,0,0,0,2,0,0,2,0,0,2,2
96,-10473.907,3611.002,-147.301,168.117,-0.978585,-0.205829,-0.002225,0.205665,-0.978136,0.030847,-0.008526,0.029729,0.999522,0,0.49292,0.01407,29.575,0.028,-1,400.000,-1,375.000,-1,325.000,300.000,300.000,300.000,-1,500.000,600.000,-1,750.000,625.000,-1,-1,2,0,2,0,2,0,0,0,0,2,0,0,2,0,0,2,2
97,-10498.174,3615.990,-147.599,168.385,-0.979538,-0.201251,-0.001680,0.201107,-0.979093,0.030554,-0.007794,0.029591,0.999532,0,0.41292,0.13407,24.775,0.268,-1,400.000,-1,375.000,-1,325.000,300.000,300.000,300.000,-1,500.000,600.000,-1,775.000,625.000,-1,-1,2,0,2,0,2,0,0,0,0,2,0,0,2,0,0,2,2
98,-10517.775,3619.838,-147.836,168.893,-0.981284,-0.192560,-0.001226,0.192435,-0.980840,0.030345,-0.007045,0.029541,0.999539,0,0.33292,0.25407,19.975,0.508,-1,400.000,-1,375.000,-1,325.000,300.000,300.000,300.000,-1,500.000,600.000,-1,775.000,625.000,-1,-1,2,0,2,0,2,0,0,0,0,2,0,0,2,0,0,2,2
99,-10532.703,3622.567,-147.982,169.641,-0.983714,-0.179737,-0.000996,0.179626,-0.983274,0.030107,-0.006391,0.029438,0.999546,0,0.25292,0.37407,15.175,0.748,-1,400.000,-1,375.000,-1,325.000,300.000,300.000,300.000,-1,525.000,600.000,-1,775.000,625.000,-1,-1,2,0,2,0,2,0,0,0,0,2,0,0,2,0,0,2,2
100,-10542.939,3624.256,-148.040,170.629,-0.986666,-0.162755,-0.000972,0.162654,-0.986233,0.029819,-0.005812,0.029263,0.999555,0,0.17292,0.49407,10.375,0.988,-1,400.000,-1,375.000,-1,325.000,300.000,300.000,300.000,-1,525.000,625.000,-1,775.000,625.000,-1,-1,2,0,2,0,2,0,0,0,0,2,0,0,2,0,0,2,2
101,-10548.458,3625.046,-148.015,171.857,-0.989926,-0.141580,-0.000828,0.141495,-0.989502,0.029418,-0.004984,0.029005,0.999567,0,0.09292,0.61407,5.575,1.228,-1,400.000,-1,375.000,-1,325.000,300.000,300.000,300.000,-1,550.000,650.000,-1,775.000,625.000,-1,-1,2,0,2,0,2,0,0,0,0,2,0,0,2,0,0,2,2
102,-10549.228,3625.136,-147.992,173.325,-0.993228,-0.116182,-0.000736,0.116111,-0.992806,0.029229,-0.004127,0.028946,0.999572,0,0.01292,0.73407,0.775,1.468,-1,400.000,-1,375.000,-1,325.000,300.000,300.000,300.000,-1,550.000,675.000,-1,800.000,625.000,-1,-1,2,0,2,0,2,0,0,0,0,2,0,0,2,0,0,2,2
103,-10545.218,3624.787,-147.977,175.034,-0.996248,-0.086536,-0.000693,0.086479,-0.995824,0.029248,-0.003221,0.029078,0.999572,0,-0.06708,0.85407,-4.025,1.708,-1,400.000,-1,375.000,-1,325.000,300.000,300.000,300.000,-1,575.000,700.000,-1,800.000,650.000,-1,-1,2,0,2,0,2,0,0,0,0,2,0,0,2,0,0,2,2
104,-10536.407,3624.293,-147.980,176.791,-0.998433,-0.055959,-0.000704,0.055914,-0.998000,0.029481,-0.002352,0.029395,0.999565,0,-0.14708,0.87861,-8.825,1.757,-1,400.000,-1,375.000,-1,325.000,300.000,300.000,300.000,-1,600.000,725.000,-1,800.000,650.000,-1,-1,2,0,2,0,2,0,0,0,0,2,0,0,2,0,0,2,2
105,-10522.786,3623.948,-148.006,178.548,-0.999679,-0.025329,-0.000769,0.025295,-0.999232,0.029916,-0.001526,0.029887,0.999552,0,-0.22708,0.87861,-13.625,1.757,-1,400.000,-1,375.000,-1,325.000,325.000,300.000,300.000,-1,600.000,750.000,-1,825.000,650.000,-1,-1,2,0,2,0,2,0,0,0,0,2,0,0,2,0,0,2,2
106,-10504.361,3624.045,-148.061,180.305,-0.999985,0.005323,-0.000882,-0.005348,-0.999519,0.030534,-0.000719,0.030539,0.999533,0,-0.30708,0.87861,-18.425,1.757,-1,400.000,-1,375.000,-1,325.000,325.000,300.000,300.000,-1,625.000,800.000,-1,825.000,650.000,-1,-1,2,0,2,0,2,0,0,0,0,2,0,0,2,0,0,2,2
107,-10485.781,3624.714,-148.083,182.062,-0.999352,0.035970,-0.001121,-0.035987,-0.998865,0.031202,0.000003,0.031222,0.999512,0,-0.30986,0.87861,-18.592,1.757,-1,400.000,-1,375.000,-1,325.000,325.000,300.000,300.000,-1,650.000,1000.000,-1,825.000,675.000,-1,-1,2,0,2,0,2,0,0,0,0,2,0,0,2,0,0,2,2
108,-10467.231,3625.952,-148.012,183.820,-0.997780,0.066581,-0.001517,-0.066595,-0.997271,0.031872,0.000609,0.031902,0.999491,0,-0.30986,0.87861,-18.592,1.757,-1,400.000,-1,375.000,-1,325.000,325.000,300.000,300.000,-1,775.000,-1,-1,825.000,675.000,-1,-1,2,0,2,0,2,0,0,0,0,2,0,2,2,0,0,2,2
109,-10448.727,3627.759,-147.923,185.577,-0.995270,0.097129,-0.002021,-0.097143,-0.994745,0.032333,0.001131,0.032376,0.999475,0,-0.30986,0.87861,-18.592,1.757,-1,400.000,-1,375.000,-1,325.000,325.000,300.000,300.000,-1,-1,-1,-1,825.000,675.000,-1,-1,2,0,2,0,2,0,0,0,0,2,2,2,2,0,0,2,2
110,-10430.287,3630.132,-147.858,187.334,-0.991825,0.127584,-0.002514,-0.127598,-0.991286,0.032737,0.001685,0.032790,0.999461,0,-0.30986,0.87861,-18.592,1.757,-1,400.000,-1,375.000,-1,325.000,325.000,300.000,300.000,-1,-1,-1,-1,825.000,675.000,-1,-1,2,0,2,0,2,0,0,0,0,2,2,2,2,0,0,2,2
111,-10411.928,3633.069,-147.817,189.091,-0.987447,0.157920,-0.002994,-0.157932,-0.986896,0.033085,0.002270,0.033143,0.999448,0,-0.30986,0.87861,-18.592,1.757,-1,400.000,-1,375.000,-1,325.000,325.000,300.000,300.000,-1,-1,-1,-1,825.000,700.000,-1,-1,2,0,2,0,2,0,0,0,0,2,2,2,2,0,0,2,2
112,-10393.669,3636.568,-147.801,190.848,-0.982143,0.188106,-0.003456,-0.188116,-0.981580,0.033378,0.002886,0.033432,0.999437,0,-0.30986,0.87861,-18.592,1.757,-1,400.000,-1,375.000,-1,325.000,325.000,300.000,300.000,-1,-1,-1,-1,825.000,700.000,-1,-1,2,0,2,0,2,0,0,0,0,2,2,2,2,0,0,2,2
113,-10375.525,3640.626,-147.810,192.606,-0.975915,0.218115,-0.003899,-0.218122,-0.975342,0.033617,0.003530,0.033657,0.999427,0,-0.30986,0.87861,-18.592,1.757,-1,400.000,-1,375.000,-1,325.000,325.000,300.000,300.000,-1,-1,-1,-1,825.000,700.000,-1,-1,2,0,2,0,2,0,0,0,0,2,2,2,2,0,0,2,2
114,-10357.514,3645.238,-147.844,194.363,-0.968771,0.247920,-0.004317,-0.247922,-0.968190,0.033801,0.004200,0.033816,0.999419,0,-0.30986,0.87861,-18.592,1.757,-1,400.000,-1,375.000,-1,325.000,325.000,300.000,300.000,-1,-1,-1,-1,825.000,700.000,-1,-1,2,0,2,0,2,0,0,0,0,2,2,2,2,0,0,2,2
115,-10339.653,3650.400,-147.903,196.120,-0.960717,0.277491,-0.004709,-0.277488,-0.960130,0.033934,0.004895,0.033908,0.999413,0,-0.30986,0.87861,-18.592,1.757,-1,400.000,-1,400.000,-1,325.000,325.000,300.000,300.000,-1,-1,-1,-1,825.000,725.000,-1,-1,2,0,2,0,2,0,0,0,0,2,2,2,2,0,0,2,2
116,-10321.959,3656.107,-147.988,197.877,-0.951760,0.306802,-0.005070,-0.306793,-0.951168,0.034016,0.005614,0.033930,0.999408,0,-0.30986,0.87861,-18.592,1.757,-1,400.000,-1,400.000,-1,325.000,325.000,300.000,300.000,-1,-1,-1,-1,825.000,725.000,-1,-1,2,0,2,0,2,0,0,0,0,2,2,2,2,0,0,2,2
117,-10304.448,3662.354,-148.100,199.634,-0.941909,0.335825,-0.005398,-0.335809,-0.941315,0.034048,0.006354,0.033883,0.999406,0,-0.30986,0.87861,-18.592,1.757,-1,400.000,-1,400.000,-1,325.000,325.000,300.000,300.000,-1,-1,-1,-1,825.000,725.000,-1,-1,2,0,2,0,2,0,0,0,0,2,2,2,2,0,0,2,2
118,-10287.137,3669.135,-148.238,201.392,-0.931173,0.364534,-0.005689,-0.364509,-0.930578,0.034033,0.007112,0.033764,0.999405,0,-0.30986,0.87861,-18.592,1.757,-1,400.000,-1,400.000,-1,325.000,325.000,300.000,300.000,-1,-1,-1,-1,800.000,725.000,-1,-1,2,0,2,0,2,0,0,0,0,2,2,2,2,0,0,2,2
119,-10270.041,3676.444,-148.402,203.149,-0.919562,0.392900,-0.005941,-0.392866,-0.918968,0.033972,0.007888,0.033574,0.999405,0,-0.30986,0.87861,-18.592,1.757,-1,400.000,-1,400.000,-1,325.000,325.000,300.000,300.000,-1,-1,-1,-1,800.000,725.000,-1,-1,2,0,2,0,2,0,0,0,0,2,2,2,2,0,0,2,2
120,-10257.508,3682.200,-148.551,204.666,-0.908841,0.417097,-0.006104,-0.417053,-0.908249,0.033916,0.008602,0.033370,0.999406,0,-0.22986,0.75861,-13.792,1.517,-1,400.000,-1,400.000,-1,325.000,325.000,300.000,300.000,-1,-1,-1,-1,800.000,750.000,-1,-1,2,0,2,0,2,0,0,0,0,2,2,2,2,0,0,2,2
121,-10249.422,3686.134,-148.673,205.943,-0.899323,0.437241,-0.006200,-0.437187,-0.898732,0.033886,0.009244,0.033185,0.999406,0,-0.14986,0.63861,-8.992,1.277,-1,400.000,-1,400.000,-1,325.000,325.000,300.000,300.000,-1,-1,-1,-1,775.000,750.000,-1,-1,2,0,2,0,2,0,0,0,0,2,2,2,2,0,0,2,2
122,-10245.687,3688.036,-148.756,206.981,-0.891265,0.453440,-0.006245,-0.453377,-0.890674,0.033898,0.009809,0.033044,0.999406,0,-0.06986,0.51861,-4.192,1.037,-1,400.000,-1,400.000,-1,325.000,325.000,300.000,300.000,-1,-1,-1,-1,775.000,750.000,-1,-1,2,0,2,0,2,0,0,0,0,2,2,2,2,0,0,2,2
123,-10246.225,3687.752,-148.794,207.778,-0.884873,0.465789,-0.006253,-0.465718,-0.884281,0.033966,0.010291,0.032968,0.999403,0,0.01014,0.39861,0.608,0.797,-1,400.000,-1,400.000,-1,325.000,325.000,300.000,300.000,-1,-1,-1,-1,775.000,750.000,-1,-1,2,0,2,0,2,0,0,0,0,2,2,2,2,0,0,2,2
124,-10250.985,3685.185,-148.783,208.335,-0.880305,0.474367,-0.006235,-0.474288,-0.879709,0.034096,0.010689,0.032972,0.999399,0,0.09014,0.27861,5.408,0.557,-1,400.000,-1,400.000,-1,325.000,325.000,300.000,300.000,-1,-1,-1,-1,775.000,750.000,-1,-1,2,0,2,0,2,0,0,0,0,2,2,2,2,0,0,2,2
125,-10259.943,3680.291,-148.720,208.652,-0.877668,0.479229,-0.006194,-0.479142,-0.877067,0.034294,0.011002,0.033066,0.999393,0,0.17014,0.15861,10.208,0.317,-1,400.000,-1,400.000,-1,325.000,325.000,300.000,300.000,-1,-1,-1,-1,775.000,750.000,-1,-1,2,0,2,0,2,0,0,0,0,2,2,2,2,0,0,2,2
126,-10273.104,3673.076,-148.609,208.729,-0.877024,0.480407,-0.006131,-0.480315,-0.876415,0.034560,0.011230,0.033254,0.999384,0,0.25014,0.03861,15.008,0.077,-1,400.000,-1,400.000,-1,325.000,325.000,300.000,300.000,-1,-1,-1,-1,775.000,750.000,-1,-1,2,0,2,0,2,0,0,0,0,2,2,2,2,0,0,2,2
127,-10290.500,3663.604,-148.454,208.567,-0.878388,0.477911,-0.006040,-0.477813,-0.877768,0.034892,0.011374,0.033534,0.999373,0,0.33014,-0.08139,19.808,-0.163,-1,400.000,-1,400.000,-1,325.000,325.000,300.000,275.000,-1,-1,-1,-1,775.000,750.000,-1,-1,2,0,2,0,2,0,0,0,0,2,2,2,2,0,0,2,2
128,-10312.195,3651.989,-148.263,208.164,-0.881727,0.471722,-0.005910,-0.471621,-0.881095,0.035284,0.011437,0.033899,0.999360,0,0.41014,-0.20139,24.608,-0.403,-1,400.000,-1,400.000,-1,325.000,325.000,300.000,275.000,-1,-1,-1,-1,800.000,750.000,-1,-1,2,0,2,0,2,0,0,0,0,2,2,2,2,0,0,2,2
129,-10338.276,3638.400,-148.043,207.521,-0.886965,0.461801,-0.005730,-0.461696,-0.886319,0.035711,0.011412,0.034320,0.999346,0,0.49014,-0.32139,29.408,-0.643,-1,400.000,-1,400.000,-1,325.000,325.000,300.000,275.000,-1,-1,-1,-1,800.000,750.000,-1,-1,2,0,2,0,2,0,0,0,0,2,2,2,2,0,0,2,2
130,-10368.853,3623.063,-147.688,206.638,-0.893971,0.448091,-0.005597,-0.447992,-0.893328,0.035606,0.010954,0.034338,0.999350,0,0.57014,-0.44139,34.208,-0.883,-1,400.000,-1,400.000,-1,325.000,325.000,300.000,275.000,-1,-1,-1,-1,800.000,750.000,-1,-1,2,0,2,0,2,0,0,0,0,2,2,2,2,0,0,2,2
131,-10404.057,3606.260,-147.322,205.515,-0.902574,0.430500,-0.005405,-0.430409,-0.901938,0.035450,0.010386,0.034322,0.999357,0,0.65014,-0.56139,39.008,-1.123,-1,400.000,-1,400.000,-1,325.000,325.000,300.000,275.000,-1,-1,-1,-1,825.000,750.000,-1,-1,2,0,2,0,2,0,0,0,0,2,2,2,2,0,0,2,2
132,-10444.030,3588.335,-146.898,204.153,-0.912552,0.408932,-0.004871,-0.408841,-0.911931,0.035080,0.009904,0.034004,0.999373,0,0.73014,-0.68139,43.808,-1.363,-1,400.000,-1,400.000,-1,325.000,325.000,300.000,275.000,-1,-1,-1,-1,825.000,750.000,-1,-1,2,0,2,0,2,0,0,0,0,2,2,2,2,0,0,2,2
133,-10488.923,3569.695,-146.418,202.550,-0.923626,0.383275,-0.003913,-0.383175,-0.923035,0.034400,0.009573,0.033272,0.999400,0,0.81014,-0.80139,48.608,-1.603,-1,400.000,-1,400.000,-1,325.000,325.000,300.000,275.000,-1,-1,-1,-1,850.000,750.000,-1,-1,2,0,2,0,2,0,0,0,0,2,2,2,2,0,0,2,2
