timestep,x_cm,y_cm,z_cm,yaw_deg,basis_xx,basis_xy,basis_xz,basis_yx,basis_yy,basis_yz,basis_zx,basis_zy,basis_zz,teleport_flag,throttle_cmd,steering_cmd,cmd_move_cm,cmd_turn_deg,lidar_cm_0,lidar_cm_1,lidar_cm_2,lidar_cm_3,lidar_cm_4,lidar_cm_5,lidar_cm_6,lidar_cm_7,lidar_cm_8,lidar_cm_9,lidar_cm_10,lidar_cm_11,lidar_cm_12,lidar_cm_13,lidar_cm_14,lidar_cm_15,lidar_cm_16,lidar_class_0,lidar_class_1,lidar_class_2,lidar_class_3,lidar_class_4,lidar_class_5,lidar_class_6,lidar_class_7,lidar_class_8,lidar_class_9,lidar_class_10,lidar_class_11,lidar_class_12,lidar_class_13,lidar_class_14,lidar_class_15,lidar_class_16
0,-6885.920,7538.619,170.248,-73.514,0.284553,0.958254,0.027911,-0.958352,0.283602,0.033635,0.024315,-0.036319,0.999044,1,0.08000,0.12000,4.800,0.240,-1,400.000,-1,400.000,-1,325.000,325.000,300.000,300.000,-1,-1,-1,-1,775.000,825.000,-1,-1,2,0,2,0,2,0,0,0,0,2,2,2,2,0,0,2,2
1,-6883.118,7529.437,170.497,-73.034,0.292565,0.955835,0.028028,-0.955948,0.291617,0.033512,0.023858,-0.036598,0.999045,0,0.16000,0.24000,9.600,0.480,-1,400.000,-1,400.000,-1,325.000,325.000,300.000,300.000,-1,-1,-1,-1,775.000,800.000,-1,-1,2,0,2,0,2,0,0,0,0,2,2,2,2,0,0,2,2
2,-6878.743,7515.717,170.867,-72.314,0.304545,0.952080,0.028214,-0.952216,0.303600,0.033337,0.023174,-0.037018,0.999046,0,0.24000,0.36000,14.400,0.720,-1,400.000,-1,400.000,-1,325.000,325.000,300.000,300.000,-1,-1,-1,-1,775.000,800.000,-1,-1,2,0,2,0,2,0,0,0,0,2,2,2,2,0,0,2,2
3,-6872.604,7497.526,171.350,-71.354,0.320442,0.946840,0.028478,-0.947006,0.319502,0.033122,0.022263,-0.037583,0.999046,0,0.32000,0.48000,19.200,0.960,-1,400.000,-1,400.000,-1,325.000,325.000,300.000,300.000,-1,-1,-1,-1,775.000,800.000,-1,-1,2,0,2,0,2,0,0,0,0,2,2,2,2,0,0,2,2
4,-6864.456,7474.951,171.941,-70.154,0.340187,0.939916,0.028834,-0.940121,0.339252,0.032884,0.021126,-0.038294,0.999043,0,0.40000,0.60000,24.000,1.200,-1,400.000,-1,400.000,-1,325.000,325.000,300.000,325.000,-1,-1,-1,-1,775.000,800.000,-1,-1,2,0,2,0,2,0,0,0,0,2,2,2,2,0,0,2,2
5,-6854.004,7448.115,172.629,-68.721,0.363568,0.931107,0.029297,-0.931358,0.362639,0.032643,0.019770,-0.039154,0.999038,0,0.48000,0.71649,28.800,1.433,-1,400.000,-1,400.000,-1,325.000,325.000,300.000,325.000,-1,-1,-1,-1,775.000,800.000,-1,-1,2,0,2,0,2,0,0,0,0,2,2,2,2,0,0,2,2
6,-6841.030,7417.121,173.402,-67.288,0.386720,0.921713,0.029864,-0.922014,0.385797,0.032408,0.018350,-0.040068,0.999028,0,0.56000,0.71649,33.600,1.433,-1,400.000,-1,400.000,-1,325.000,325.000,300.000,325.000,-1,-1,-1,-1,775.000,800.000,-1,-1,2,0,2,0,2,0,0,0,0,2,2,2,2,0,0,2,2
7,-6825.322,7382.081,174.253,-65.855,0.409629,0.911741,0.030543,-0.912096,0.408710,0.032200,0.016874,-0.041048,0.999015,0,0.64000,0.71649,38.400,1.433,-1,400.000,-1,400.000,-1,325.000,325.000,300.000,325.000,-1,-1,-1,-1,775.000,800.000,-1,-1,2,0,2,0,2,0,0,0,0,2,2,2,2,0,0,2,2
8,-6806.670,7343.116,175.104,-64.422,0.432282,0.901204,0.031027,-0.901604,0.431368,0.032116,0.015559,-0.041857,0.999002,0,0.72000,0.71649,43.200,1.433,-1,400.000,-1,400.000,-1,325.000,325.000,300.000,325.000,-1,-1,-1,-1,775.000,800.000,-1,-1,2,0,2,0,2,0,0,0,0,2,2,2,2,0,0,2,2
9,-6786.613,7303.772,175.676,-62.989,0.454651,0.890140,0.030718,-0.890557,0.453773,0.031604,0.014193,-0.041725,0.999028,0,0.73603,0.71649,44.162,1.433,-1,400.000,-1,400.000,-1,325.000,325.000,300.000,325.000,-1,-1,-1,-1,775.000,800.000,-1,-1,2,0,2,0,2,0,0,0,0,2,2,2,2,0,0,2,2
10,-6765.579,7264.941,176.137,-61.556,0.476727,0.878528,0.030340,-0.878961,0.475899,0.030778,0.012601,-0.041341,0.999066,0,0.73603,0.71649,44.162,1.433,-1,400.000,-1,400.000,-1,325.000,325.000,300.000,325.000,-1,-1,-1,-1,775.000,800.000,-1,-1,2,0,2,0,2,0,0,0,0,2,2,2,2,0,0,2,2
11,-6743.580,7226.649,176.527,-60.123,0.498502,0.866370,0.029986,-0.866820,0.497730,0.029799,0.010892,-0.040847,0.999106,0,0.73603,0.71649,44.162,1.433,-1,400.000,-1,400.000,-1,325.000,325.000,300.000,325.000,-1,-1,-1,-1,775.000,800.000,-1,-1,2,0,2,0,2,0,0,0,0,2,2,2,2,0,0,2,2
12,-6720.631,7188.919,176.892,-58.690,0.519971,0.853666,0.029746,-0.854134,0.519249,0.028884,0.009212,-0.040426,0.999140,0,0.73603,0.71649,44.162,1.433,-1,400.000,-1,400.000,-1,325.000,325.000,300.000,300.000,-1,-1,-1,-1,750.000,775.000,-1,-1,2,0,2,0,2,0,0,0,0,2,2,2,2,0,0,2,2
13,-6696.745,7151.775,177.234,-57.257,0.541117,0.840425,0.029618,-0.840913,0.540443,0.028045,0.007563,-0.040082,0.999168,0,0.73603,0.71649,44.162,1.433,-1,400.000,-1,400.000,-1,325.000,325.000,300.000,300.000,-1,-1,-1,-1,750.000,775.000,-1,-1,2,0,2,0,2,0,0,0,0,2,2,2,2,0,0,2,2
14,-6671.937,7115.240,177.525,-55.824,0.561932,0.826652,0.029640,-0.827162,0.561295,0.027422,0.006032,-0.039927,0.999184,0,0.73603,0.71649,44.162,1.433,-1,400.000,-1,400.000,-1,325.000,325.000,300.000,300.000,-1,-1,-1,-1,750.000,775.000,-1,-1,2,0,2,0,2,0,0,0,0,2,2,2,2,0,0,2,2
15,-6643.596,7075.315,177.774,-54.631,0.578997,0.814783,0.029852,-0.815315,0.578381,0.027140,0.004847,-0.040053,0.999186,0,0.81603,0.59649,48.962,1.193,-1,400.000,-1,400.000,-1,325.000,325.000,300.000,325.000,-1,-1,-1,-1,750.000,750.000,-1,-1,2,0,2,0,2,0,0,0,0,2,2,2,2,0,0,2,2
16,-6611.751,7031.999,178.019,-53.678,0.592445,0.805041,0.030300,-0.805602,0.591845,0.026922,0.003740,-0.040360,0.999178,0,0.89603,0.47649,53.762,0.953,-1,400.000,-1,400.000,-1,325.000,325.000,300.000,325.000,-1,-1,-1,-1,750.000,750.000,-1,-1,2,0,2,0,2,0,0,0,0,2,2,2,2,0,0,2,2
17,-6577.743,6986.927,178.279,-52.965,0.602396,0.797600,0.030855,-0.798192,0.601807,0.026788,0.002797,-0.040765,0.999165,0,0.94106,0.35649,56.464,0.713,-1,400.000,-1,400.000,-1,325.000,325.000,300.000,325.000,-1,-1,-1,-1,750.000,750.000,-1,-1,2,0,2,0,2,0,0,0,0,2,2,2,2,0,0,2,2
18,-6543.207,6942.257,178.531,-52.292,0.611692,0.790466,0.031558,-0.791094,0.611110,0.026738,0.001850,-0.041321,0.999144,0,0.94106,0.33615,56.464,0.672,-1,375.000,-1,400.000,-1,325.000,325.000,300.000,325.000,-1,-1,-1,-1,725.000,750.000,-1,-1,2,0,2,0,2,0,0,0,0,2,2,2,2,0,0,2,2
19,-6508.150,6897.995,178.800,-51.620,0.620905,0.783221,0.032274,-0.783886,0.620328,0.026778,0.000953,-0.041926,0.999120,0,0.94106,0.33615,56.464,0.672,-1,375.000,-1,400.000,-1,325.000,325.000,300.000,325.000,-1,-1,-1,-1,725.000,750.000,-1,-1,2,0,2,0,2,0,0,0,0,2,2,2,2,0,0,2,2
20,-6472.577,6854.147,178.979,-50.948,0.630043,0.775881,0.032474,-0.776560,0.629468,0.026905,0.000434,-0.042170,0.999110,0,0.94106,0.33615,56.464,0.672,-1,375.000,-1,375.000,-1,325.000,325.000,300.000,325.000,-1,-1,-1,-1,725.000,725.000,-1,-1,2,0,2,0,2,0,0,0,0,2,2,2,2,0,0,2,2
21,-6436.491,6810.719,179.114,-50.275,0.639102,0.768440,0.032383,-0.769122,0.638527,0.027105,0.000152,-0.042229,0.999108,0,0.94106,0.33615,56.464,0.672,-1,375.000,-1,375.000,-1,325.000,325.000,300.000,325.000,-1,-1,-1,-1,725.000,725.000,-1,-1,2,0,2,0,2,0,0,0,0,2,2,2,2,0,0,2,2
22,-6399.898,6767.718,179.161,-49.603,0.648086,0.760904,0.031782,-0.761567,0.647508,0.027361,0.000240,-0.041937,0.999120,0,0.94106,0.33615,56.464,0.672,-1,375.000,-1,375.000,-1,325.000,325.000,300.000,325.000,-1,-1,-1,-1,725.000,725.000,-1,-1,2,0,2,0,2,0,0,0,0,2,2,2,2,0,0,2,2
23,-6365.794,6728.911,179.180,-48.691,0.660130,0.750508,0.031087,-0.751152,0.659550,0.027662,0.000258,-0.041611,0.999134,0,0.86106,0.45615,51.664,0.912,-1,375.000,-1,375.000,-1,325.000,325.000,300.000,325.000,-1,-1,-1,-1,725.000,725.000,-1,-1,2,0,2,0,2,0,0,0,0,2,2,2,2,0,0,2,2
24,-6334.157,6694.338,179.197,-47.539,0.675096,0.737099,0.030480,-0.737729,0.674516,0.028000,0.000079,-0.041389,0.999143,0,0.78106,0.57615,46.864,1.152,-1,375.000,-1,375.000,-1,325.000,325.000,300.000,325.000,-1,-1,-1,-1,700.000,725.000,-1,-1,2,0,2,0,2,0,0,0,0,2,2,2,2,0,0,2,2
25,-6305.015,6664.006,179.201,-46.146,0.692811,0.720497,0.029961,-0.721119,0.692230,0.028361,-0.000306,-0.041254,0.999149,0,0.70106,0.69615,42.064,1.392,-1,375.000,-1,375.000,-1,325.000,325.000,300.000,325.000,-1,-1,-1,-1,700.000,725.000,-1,-1,2,0,2,0,2,0,0,0,0,2,2,2,2,0,0,2,2
26,-6278.532,6637.792,179.182,-44.707,0.710691,0.702885,0.029519,-0.703504,0.710113,0.028676,-0.000806,-0.041146,0.999153,0,0.62106,0.71967,37.264,1.439,-1,375.000,-1,375.000,-1,325.000,325.000,325.000,325.000,-1,-1,-1,-1,700.000,725.000,-1,-1,2,0,2,0,2,0,0,0,0,2,2,2,2,0,0,2,2
27,-6254.893,6615.541,179.128,-43.268,0.728120,0.684830,0.029146,-0.685448,0.727549,0.028875,-0.001431,-0.041002,0.999158,0,0.54106,0.71967,32.464,1.439,-1,375.000,-1,375.000,-1,325.000,325.000,325.000,325.000,-1,-1,-1,-1,700.000,725.000,-1,-1,2,0,2,0,2,0,0,0,0,2,2,2,2,0,0,2,2
28,-6234.280,6597.093,179.067,-41.828,0.745089,0.666341,0.028850,-0.666962,0.744524,0.029071,-0.002108,-0.040902,0.999161,0,0.46106,0.71967,27.664,1.439,-1,375.000,-1,375.000,-1,325.000,325.000,325.000,325.000,-1,-1,-1,-1,700.000,700.000,-1,-1,2,0,2,0,2,0,0,0,0,2,2,2,2,0,0,2,2
29,-6216.866,6582.278,179.002,-40.389,0.761586,0.647432,0.028622,-0.648058,0.761029,0.029256,-0.002841,-0.040830,0.999162,0,0.38106,0.71967,22.864,1.439,-1,375.000,-1,375.000,-1,325.000,325.000,325.000,325.000,-1,-1,-1,-1,700.000,700.000,-1,-1,2,0,2,0,2,0,0,0,0,2,2,2,2,0,0,2,2
30,-6202.818,6570.923,178.936,-38.950,0.777602,0.628113,0.028455,-0.628747,0.777054,0.029419,-0.003633,-0.040767,0.999162,0,0.30106,0.71967,18.064,1.439,-1,375.000,-1,375.000,-1,325.000,325.000,325.000,325.000,-1,-1,-1,-1,700.000,700.000,-1,-1,2,0,2,0,2,0,0,0,0,2,2,2,2,0,0,2,2
31,-6192.297,6562.847,178.875,-37.510,0.793126,0.608398,0.028342,-0.609041,0.792588,0.029550,-0.004486,-0.040698,0.999161,0,0.22106,0.71967,13.264,1.439,-1,375.000,-1,375.000,-1,325.000,325.000,325.000,325.000,-1,-1,-1,-1,700.000,700.000,-1,-1,2,0,2,0,2,0,0,0,0,2,2,2,2,0,0,2,2
32,-6185.456,6557.864,178.823,-36.071,0.808149,0.588299,0.028277,-0.588954,0.807623,0.029642,-0.005399,-0.040609,0.999161,0,0.14106,0.71967,8.464,1.439,-1,375.000,-1,375.000,-1,325.000,325.000,325.000,325.000,-1,-1,-1,-1,700.000,700.000,-1,-1,2,0,2,0,2,0,0,0,0,2,2,2,2,0,0,2,2
33,-6182.442,6555.782,178.790,-34.631,0.822661,0.567830,0.028251,-0.568497,0.822150,0.029688,-0.006369,-0.040484,0.999160,0,0.06106,0.71967,3.664,1.439,-1,375.000,-1,375.000,-1,325.000,325.000,325.000,325.000,-1,-1,-1,-1,700.000,700.000,-1,-1,2,0,2,0,2,0,0,0,0,2,2,2,2,0,0,2,2
34,-6183.393,6556.404,178.782,-33.192,0.836653,0.547004,0.028259,-0.547683,0.836159,0.029683,-0.007393,-0.040311,0.999160,0,-0.01894,0.71967,-1.136,1.439,-1,375.000,-1,375.000,-1,325.000,325.000,325.000,325.000,-1,-1,-1,-1,700.000,700.000,-1,-1,2,0,2,0,2,0,0,0,0,2,2,2,2,0,0,2,2
35,-6188.441,6559.528,178.812,-31.753,0.850117,0.525833,0.028294,-0.526525,0.849643,0.029622,-0.008464,-0.040080,0.999161,0,-0.09894,0.71967,-5.936,1.439,-1,375.000,-1,375.000,-1,325.000,325.000,325.000,325.000,-1,-1,-1,-1,700.000,700.000,-1,-1,2,0,2,0,2,0,0,0,0,2,2,2,2,0,0,2,2
36,-6197.710,6564.948,178.888,-30.313,0.863045,0.504331,0.028350,-0.505036,0.862594,0.029504,-0.009575,-0.039781,0.999163,0,-0.17894,0.71967,-10.736,1.439,-1,375.000,-1,375.000,-1,325.000,325.000,325.000,325.000,-1,-1,-1,-1,725.000,700.000,-1,-1,2,0,2,0,2,0,0,0,0,2,2,2,2,0,0,2,2
37,-6211.315,6572.450,179.024,-28.874,0.875428,0.482512,0.028418,-0.483229,0.875003,0.029326,-0.010716,-0.039406,0.999166,0,-0.25894,0.71967,-15.536,1.439,-1,400.000,-1,375.000,-1,325.000,325.000,300.000,325.000,-1,-1,-1,-1,725.000,700.000,-1,-1,2,0,2,0,2,0,0,0,0,2,2,2,2,0,0,2,2
38,-6227.047,6580.616,179.203,-27.435,0.887260,0.460389,0.028482,-0.461116,0.886862,0.029116,-0.011855,-0.038967,0.999170,0,-0.29541,0.71967,-17.725,1.439,-1,400.000,-1,375.000,-1,325.000,325.000,300.000,300.000,-1,-1,-1,-1,725.000,700.000,-1,-1,2,0,2,0,2,0,0,0,0,2,2,2,2,0,0,2,2
39,-6238.688,6586.233,179.345,-25.755,0.900361,0.434209,0.028515,-0.434947,0.899991,0.028948,-0.013093,-0.038466,0.999174,0,-0.21541,0.83967,-12.925,1.679,-1,400.000,-1,375.000,-1,325.000,325.000,300.000,300.000,-1,-1,-1,-1,725.000,700.000,-1,-1,2,0,2,0,2,0,0,0,0,2,2,2,2,0,0,2,2
40,-6246.112,6589.534,179.438,-23.976,0.913402,0.406059,0.028525,-0.406807,0.913059,0.028823,-0.014341,-0.037931,0.999177,0,-0.13541,0.88979,-8.125,1.780,-1,400.000,-1,375.000,-1,325.000,325.000,300.000,300.000,-1,-1,-1,-1,725.000,700.000,-1,-1,2,0,2,0,2,0,0,0,0,2,2,2,2,0,0,2,2
41,-6249.190,6590.790,179.470,-22.196,0.925564,0.377516,0.028523,-0.378273,0.925248,0.028746,-0.015538,-0.037396,0.999180,0,-0.05541,0.88979,-3.325,1.780,-1,400.000,-1,375.000,-1,325.000,325.000,300.000,300.000,-1,-1,-1,-1,725.000,700.000,-1,-1,2,0,2,0,2,0,0,0,0,2,2,2,2,0,0,2,2
42,-6247.808,6590.275,179.429,-20.417,0.936835,0.348608,0.028517,-0.349374,0.936543,0.028724,-0.016694,-0.036873,0.999181,0,0.02459,0.88979,1.475,1.780,-1,400.000,-1,375.000,-1,325.000,325.000,300.000,300.000,-1,-1,-1,-1,725.000,700.000,-1,-1,2,0,2,0,2,0,0,0,0,2,2,2,2,0,0,2,2
43,-6241.862,6588.270,179.304,-18.637,0.947204,0.319362,0.028517,-0.320137,0.946935,0.028763,-0.017818,-0.036374,0.999179,0,0.10459,0.88979,6.275,1.780,-1,400.000,-1,375.000,-1,325.000,325.000,300.000,300.000,-1,-1,-1,-1,725.000,700.000,-1,-1,2,0,2,0,2,0,0,0,0,2,2,2,2,0,0,2,2
44,-6231.263,6585.058,179.085,-16.858,0.956660,0.289806,0.028530,-0.290592,0.956412,0.028872,-0.018919,-0.035911,0.999176,0,0.18459,0.88979,11.075,1.780,-1,400.000,-1,375.000,-1,325.000,325.000,300.000,300.000,-1,-1,-1,-1,750.000,700.000,-1,-1,2,0,2,0,2,0,0,0,0,2,2,2,2,0,0,2,2
45,-6215.935,6580.929,178.763,-15.078,0.965194,0.259969,0.028561,-0.260767,0.964964,0.029059,-0.020005,-0.035496,0.999170,0,0.26459,0.88979,15.875,1.780,-1,400.000,-1,375.000,-1,325.000,325.000,300.000,300.000,-1,-1,-1,-1,750.000,700.000,-1,-1,2,0,2,0,2,0,0,0,0,2,2,2,2,0,0,2,2
46,-6195.814,6576.173,178.327,-13.298,0.972798,0.229880,0.028615,-0.230692,0.972584,0.029335,-0.021087,-0.035138,0.999160,0,0.34459,0.88979,20.675,1.780,-1,400.000,-1,375.000,-1,325.000,325.000,300.000,300.000,-1,-1,-1,-1,750.000,700.000,-1,-1,2,0,2,0,2,0,0,0,0,2,2,2,2,0,0,2,2
47,-6170.852,6571.086,177.768,-11.519,0.979464,0.199568,0.028699,-0.200398,0.979264,0.029708,-0.022175,-0.034849,0.999147,0,0.42459,0.88979,25.475,1.780,-1,400.000,-1,375.000,-1,325.000,325.000,300.000,300.000,-1,-1,-1,-1,750.000,700.000,-1,-1,2,0,2,0,2,0,0,0,0,2,2,2,2,0,0,2,2
48,-6141.014,6565.964,177.077,-9.739,0.985184,0.169062,0.028809,-0.169913,0.984996,0.030194,-0.023272,-0.034642,0.999129,0,0.50459,0.88979,30.275,1.780,-1,400.000,-1,375.000,-1,325.000,325.000,300.000,300.000,-1,-1,-1,-1,750.000,700.000,-1,-1,2,0,2,0,2,0,0,0,0,2,2,2,2,0,0,2,2
49,-6106.277,6561.107,176.229,-7.960,0.989955,0.138393,0.028911,-0.139269,0.989773,0.030866,-0.024343,-0.034583,0.999105,0,0.58459,0.88979,35.075,1.780,-1,400.000,-1,375.000,-1,325.000,325.000,300.000,300.000,-1,-1,-1,-1,750.000,700.000,-1,-1,2,0,2,0,2,0,0,0,0,2,2,2,2,0,0,2,2
50,-6066.633,6556.815,175.232,-6.180,0.993771,0.107589,0.029052,-0.108495,0.993593,0.031644,-0.025461,-0.034599,0.999077,0,0.66459,0.88979,39.875,1.780,-1,400.000,-1,375.000,-1,325.000,325.000,300.000,300.000,-1,-1,-1,-1,750.000,675.000,-1,-1,2,0,2,0,2,0,0,0,0,2,2,2,2,0,0,2,2
51,-6022.090,6553.387,174.079,-4.400,0.996627,0.076681,0.029237,-0.077622,0.996452,0.032530,-0.026639,-0.034690,0.999043,0,0.74459,0.88979,44.675,1.780,-1,400.000,-1,375.000,-1,325.000,300.000,300.000,300.000,-1,-1,-1,-1,750.000,675.000,-1,-1,2,0,2,0,2,0,0,0,0,2,2,2,2,0,0,2,2
52,-5972.667,6551.125,172.757,-2.621,0.998520,0.045700,0.029474,-0.046681,0.998347,0.033526,-0.027893,-0.034852,0.999003,0,0.82459,0.88979,49.475,1.780,-1,400.000,-1,375.000,-1,325.000,300.000,300.000,300.000,-1,-1,-1,-1,750.000,675.000,-1,-1,2,0,2,0,2,0,0,0,0,2,2,2,2,0,0,2,2
53,-5921.575,6550.375,171.341,-0.841,0.999450,0.014674,0.029749,-0.015701,0.999279,0.034572,-0.029220,-0.035020,0.998959,0,0.85163,0.88979,51.098,1.780,-1,375.000,-1,375.000,-1,325.000,300.000,300.000,300.000,-1,-1,-1,-1,750.000,675.000,-1,-1,2,0,2,0,2,0,0,0,0,2,2,2,2,0,0,2,2
54,-5870.484,6551.212,170.004,0.938,0.999441,-0.016365,0.029169,0.015320,0.999245,0.035691,-0.029731,-0.035224,0.998937,0,0.85163,0.88979,51.098,1.780,-1,375.000,-1,375.000,-1,325.000,300.000,300.000,300.000,-1,-1,-1,-1,725.000,675.000,-1,-1,2,0,2,0,2,0,0,0,0,2,2,2,2,0,0,2,2
55,-5819.444,6553.635,168.739,2.718,0.998481,-0.047388,0.028101,0.046341,0.998247,0.036806,-0.029796,-0.035448,0.998927,0,0.85163,0.88979,51.098,1.780,-1,400.000,-1,375.000,-1,325.000,300.000,300.000,300.000,-1,-1,-1,-1,725.000,675.000,-1,-1,2,0,2,0,2,0,0,0,0,2,2,2,2,0,0,2,2
56,-5768.503,6557.642,167.410,4.497,0.996557,-0.078364,0.027064,0.077315,0.996288,0.037852,-0.029929,-0.035629,0.998917,0,0.85163,0.88979,51.098,1.780,-1,400.000,-1,375.000,-1,325.000,300.000,300.000,300.000,-1,-1,-1,-1,725.000,675.000,-1,-1,2,0,2,0,2,0,0,0,0,2,2,2,2,0,0,2,2
57,-5717.712,6563.229,166.015,6.277,0.993671,-0.109265,0.026060,0.108214,0.993369,0.038827,-0.030129,-0.035762,0.998906,0,0.85163,0.88979,51.098,1.780,-1,400.000,-1,375.000,-1,325.000,325.000,300.000,300.000,-1,-1,-1,-1,725.000,675.000,-1,-1,2,0,2,0,2,0,0,0,0,2,2,2,2,0,0,2,2
58,-5667.119,6570.390,164.551,8.057,0.989825,-0.140061,0.025093,0.139007,0.989494,0.039732,-0.030394,-0.035839,0.998895,0,0.85163,0.88979,51.098,1.780,-1,400.000,-1,375.000,-1,325.000,325.000,300.000,300.000,-1,-1,-1,-1,725.000,675.000,-1,-1,2,0,2,0,2,0,0,0,0,2,2,2,2,0,0,2,2
59,-5616.772,6579.119,163.045,9.836,0.985025,-0.170722,0.024090,0.169672,0.984671,0.040427,-0.030623,-0.035734,0.998892,0,0.85163,0.88979,51.098,1.780,-1,400.000,-1,375.000,-1,325.000,325.000,300.000,300.000,-1,-1,-1,-1,725.000,650.000,-1,-1,2,0,2,0,2,0,0,0,0,2,2,2,2,0,0,2,2
60,-5566.721,6589.408,161.478,11.616,0.979274,-0.201220,0.023103,0.200177,0.978903,0.040975,-0.030860,-0.035501,0.998893,0,0.85163,0.88979,51.098,1.780,-1,400.000,-1,375.000,-1,325.000,325.000,300.000,300.000,-1,-1,-1,-1,700.000,650.000,-1,-1,2,0,2,0,2,0,0,0,0,2,2,2,2,0,0,2,2
61,-5517.014,6601.245,159.841,13.395,0.972577,-0.231525,0.022160,0.230490,0.972193,0.041412,-0.031131,-0.035168,0.998896,0,0.85163,0.88979,51.098,1.780,-1,400.000,-1,375.000,-1,325.000,325.000,300.000,300.000,-1,-1,-1,-1,700.000,650.000,-1,-1,2,0,2,0,2,0,0,0,0,2,2,2,2,0,0,2,2
62,-5467.698,6614.621,158.131,15.175,0.964940,-0.261608,0.021266,0.260583,0.964549,0.041735,-0.031431,-0.034730,0.998902,0,0.85163,0.88979,51.098,1.780,-1,400.000,-1,375.000,-1,325.000,325.000,300.000,300.000,-1,-1,-1,-1,700.000,650.000,-1,-1,2,0,2,0,2,0,0,0,0,2,2,2,2,0,0,2,2
63,-5418.821,6629.521,156.346,16.954,0.956371,-0.291441,0.020429,0.290426,0.955978,0.041944,-0.031754,-0.034181,0.998911,0,0.85163,0.88979,51.098,1.780,-1,400.000,-1,375.000,-1,325.000,325.000,300.000,300.000,-1,-1,-1,-1,700.000,650.000,-1,-1,2,0,2,0,2,0,0,0,0,2,2,2,2,0,0,2,2
64,-5370.430,6645.932,154.484,18.734,0.946877,-0.320995,0.019653,0.319991,0.946488,0.042038,-0.032096,-0.033516,0.998923,0,0.85163,0.88979,51.098,1.780,-1,375.000,-1,375.000,-1,325.000,300.000,300.000,300.000,-1,-1,-1,-1,700.000,650.000,-1,-1,2,0,2,0,2,0,0,0,0,2,2,2,2,0,0,2,2
65,-5322.573,6663.838,152.684,20.514,0.936465,-0.350236,0.019152,0.349217,0.936071,0.042647,-0.032864,-0.033249,0.998907,0,0.85163,0.88979,51.098,1.780,-1,375.000,-1,375.000,-1,325.000,300.000,300.000,300.000,-1,-1,-1,-1,700.000,650.000,-1,-1,2,0,2,0,2,0,0,0,0,2,2,2,2,0,0,2,2
66,-5275.295,6683.223,151.233,22.293,0.925186,-0.379121,0.017285,0.378097,0.924706,0.044296,-0.032777,-0.034447,0.998869,0,0.85163,0.88979,51.098,1.780,-1,375.000,-1,375.000,-1,325.000,300.000,300.000,300.000,-1,-1,-1,-1,700.000,650.000,-1,-1,2,0,2,0,2,0,0,0,0,2,2,2,2,0,0,2,2
67,-5228.642,6704.066,149.816,24.073,0.913024,-0.407633,0.014892,0.406621,0.912438,0.046008,-0.032342,-0.035951,0.998830,0,0.85163,0.88979,51.098,1.780,-1,375.000,-1,375.000,-1,300.000,300.000,300.000,300.000,-1,-1,-1,-1,700.000,650.000,-1,-1,2,0,2,0,2,0,0,0,0,2,2,2,2,0,0,2,2
68,-5186.894,6724.080,148.461,25.612,0.901793,-0.431981,0.012707,0.430988,0.901114,0.047366,-0.031911,-0.037238,0.998797,0,0.77163,0.76979,46.298,1.540,-1,375.000,-1,375.000,-1,300.000,300.000,300.000,300.000,-1,-1,-1,-1,700.000,650.000,-1,-1,2,0,2,0,2,0,0,0,0,2,2,2,2,0,0,2,2
69,-5149.890,6742.863,147.253,26.912,0.891801,-0.452292,0.011044,0.451316,0.891056,0.048302,-0.031687,-0.038091,0.998772,0,0.69163,0.64979,41.498,1.300,-1,375.000,-1,375.000,-1,300.000,300.000,300.000,300.000,-1,-1,-1,-1,700.000,650.000,-1,-1,2,0,2,0,2,0,0,0,0,2,2,2,2,0,0,2,2
70,-5113.521,6762.178,146.065,27.972,0.883315,-0.468680,0.009686,0.467719,0.882517,0.049025,-0.031525,-0.038774,0.998751,0,0.68634,0.52979,41.180,1.060,-1,375.000,-1,375.000,-1,300.000,300.000,300.000,300.000,-1,-1,-1,-1,700.000,650.000,-1,-1,2,0,2,0,2,0,0,0,0,2,2,2,2,0,0,2,2
71,-5077.432,6782.012,144.832,28.791,0.876549,-0.481241,0.008341,0.480299,0.875695,0.049703,-0.031224,-0.039561,0.998729,0,0.68634,0.40979,41.180,0.820,-1,375.000,-1,375.000,-1,300.000,300.000,300.000,300.000,-1,-1,-1,-1,700.000,650.000,-1,-1,2,0,2,0,2,0,0,0,0,2,2,2,2,0,0,2,2
72,-5041.545,6802.208,143.815,29.371,0.871653,-0.490076,0.006792,0.489207,0.870787,0.049053,-0.029954,-0.039434,0.998773,0,0.68634,0.28979,41.180,0.580,-1,375.000,-1,375.000,-1,300.000,300.000,300.000,300.000,-1,-1,-1,-1,700.000,650.000,-1,-1,2,0,2,0,2,0,0,0,0,2,2,2,2,0,0,2,2
73,-5005.778,6822.618,142.830,29.710,0.868744,-0.495233,0.005340,0.494443,0.867875,0.048154,-0.028482,-0.039193,0.998826,0,0.68634,0.16979,41.180,0.340,-1,375.000,-1,375.000,-1,300.000,300.000,300.000,300.000,-1,875.000,-1,-1,700.000,650.000,-1,-1,2,0,2,0,2,0,0,0,0,2,0,2,2,0,0,2,2
74,-4970.047,6843.089,141.854,29.810,0.867887,-0.496745,0.003976,0.496033,0.867021,0.047179,-0.026883,-0.038974,0.998879,0,0.68634,0.04979,41.180,0.100,-1,375.000,-1,375.000,-1,300.000,300.000,300.000,300.000,-1,750.000,-1,-1,700.000,650.000,-1,-1,2,0,2,0,2,0,0,0,0,2,0,2,2,0,0,2,2
75,-4934.266,6863.473,140.881,29.669,0.869105,-0.494621,0.002612,0.493991,0.868240,0.046176,-0.025108,-0.038842,0.998930,0,0.68634,-0.07021,41.180,-0.140,-1,375.000,-1,375.000,-1,300.000,300.000,300.000,300.000,-1,675.000,875.000,-1,725.000,675.000,-1,-1,2,0,2,0,2,0,0,0,0,2,0,0,2,0,0,2,2
76,-4898.350,6883.618,139.917,29.289,0.872369,-0.488847,0.001224,0.488300,0.871506,0.045167,-0.023146,-0.038805,0.998979,0,0.68634,-0.19021,41.180,-0.380,-1,375.000,-1,375.000,-1,325.000,300.000,300.000,300.000,-1,625.000,775.000,-1,725.000,675.000,-1,-1,2,0,2,0,2,0,0,0,0,2,0,0,2,0,0,2,2
77,-4862.218,6903.374,138.972,28.669,0.877608,-0.479380,-0.000213,0.478920,0.876746,0.044174,-0.020989,-0.038870,0.999024,0,0.68634,-0.31021,41.180,-0.620,-1,375.000,-1,375.000,-1,325.000,300.000,300.000,300.000,-1,600.000,700.000,-1,725.000,675.000,-1,-1,2,0,2,0,2,0,0,0,0,2,0,0,2,0,0,2,2
78,-4825.794,6922.585,138.050,27.808,0.884700,-0.466157,-0.001723,0.465788,0.883840,0.043223,-0.018626,-0.039042,0.999064,0,0.68634,-0.43021,41.180,-0.860,-1,400.000,-1,375.000,-1,325.000,325.000,300.000,300.000,-1,550.000,650.000,-1,725.000,675.000,-1,-1,2,0,2,0,2,0,0,0,0,2,0,0,2,0,0,2,2
79,-4789.063,6941.204,137.143,26.882,0.892113,-0.451801,-0.003302,0.451523,0.891255,0.042321,-0.016178,-0.039246,0.999099,0,0.68634,-0.46325,41.180,-0.927,-1,400.000,-1,375.000,-1,325.000,300.000,300.000,300.000,-1,525.000,600.000,-1,725.000,675.000,-1,-1,2,0,2,0,2,0,0,0,0,2,0,0,2,0,0,2,2
80,-4752.037,6959.228,136.248,25.955,0.899289,-0.437327,-0.004945,0.437140,0.898437,0.041470,-0.013693,-0.039455,0.999128,0,0.68634,-0.46325,41.180,-0.927,-1,400.000,-1,375.000,-1,325.000,300.000,325.000,300.000,-1,475.000,525.000,-1,725.000,675.000,-1,-1,2,0,2,0,2,0,0,0,0,2,0,0,2,0,0,2,2
81,-4710.293,6978.506,135.505,24.789,0.907995,-0.418927,-0.006732,0.418828,0.907113,0.041592,-0.011318,-0.040585,0.999112,0,0.76634,-0.58325,45.980,-1.167,-1,400.000,-1,375.000,-1,325.000,300.000,325.000,300.000,-1,450.000,500.000,-1,725.000,675.000,-1,-1,2,0,2,0,2,0,0,0,0,2,0,0,2,0,0,2,2
82,-4663.683,6998.660,134.881,23.382,0.917992,-0.396503,-0.008687,0.396499,0.917050,0.042522,-0.008894,-0.042479,0.999058,0,0.84634,-0.70325,50.780,-1.407,-1,375.000,-1,375.000,-1,325.000,300.000,300.000,300.000,-1,450.000,500.000,-1,725.000,675.000,-1,-1,2,0,2,0,2,0,0,0,0,2,0,0,2,0,0,2,2
83,-4612.055,7019.244,134.479,21.736,0.928980,-0.369942,-0.011799,0.370090,0.927942,0.044237,-0.005416,-0.045462,0.998951,0,0.92634,-0.82325,55.580,-1.647,-1,375.000,-1,375.000,-1,325.000,300.000,300.000,300.000,-1,425.000,475.000,-1,725.000,675.000,-1,-1,2,0,2,0,2,0,0,0,0,2,0,0,2,0,0,2,2
84,-4557.860,7038.910,134.143,19.943,0.940056,-0.340686,-0.015086,0.341016,0.938916,0.046321,-0.001616,-0.048689,0.998813,0,0.96088,-0.89615,57.653,-1.792,-1,375.000,-1,375.000,-1,325.000,300.000,300.000,300.000,-1,425.000,450.000,-1,725.000,675.000,-1,-1,2,0,2,0,2,0,0,0,0,2,0,0,2,0,0,2,2
85,-4502.597,7057.056,134.122,18.177,0.950075,-0.311545,-0.017229,0.312018,0.948865,0.047964,0.001405,-0.050945,0.998700,0,0.96941,-0.88325,58.165,-1.767,-1,375.000,-1,375.000,-1,300.000,300.000,300.000,300.000,-1,425.000,475.000,-1,725.000,700.000,-1,-1,2,0,2,0,2,0,0,0,0,2,0,0,2,0,0,2,2
86,-4446.396,7073.637,134.689,16.438,0.959053,-0.282613,-0.018614,0.283193,0.957871,0.047808,0.004318,-0.051121,0.998683,0,0.97659,-0.86924,58.596,-1.738,-1,375.000,-1,375.000,-1,325.000,300.000,300.000,300.000,-1,450.000,500.000,-1,725.000,700.000,-1,-1,2,0,2,0,2,0,0,0,0,2,0,0,2,0,0,2,2
87,-4389.393,7088.623,135.394,14.730,0.967011,-0.253931,-0.020205,0.254624,0.965875,0.047464,0.007463,-0.051042,0.998669,0,0.98232,-0.85422,58.939,-1.708,-1,375.000,-1,375.000,-1,325.000,300.000,300.000,300.000,-1,475.000,525.000,-1,725.000,700.000,-1,-1,2,0,2,0,2,0,0,0,0,2,0,0,2,0,0,2,2
88,-4331.730,7101.991,136.173,13.053,0.973983,-0.225562,-0.021871,0.226371,0.972894,0.047255,0.010619,-0.050977,0.998643,0,0.98653,-0.83833,59.192,-1.677,-1,375.000,-1,375.000,-1,325.000,300.000,300.000,300.000,-1,500.000,550.000,-1,725.000,700.000,-1,-1,2,0,2,0,2,0,0,0,0,2,0,0,2,0,0,2,2
89,-4273.552,7113.732,137.026,11.410,0.980005,-0.197568,-0.023600,0.198494,0.978966,0.047182,0.013782,-0.050923,0.998607,0,0.98917,-0.82173,59.350,-1.643,-1,400.000,-1,375.000,-1,325.000,325.000,300.000,300.000,-1,525.000,575.000,-1,750.000,700.000,-1,-1,2,0,2,0,2,0,0,0,0,2,0,0,2,0,0,2,2
90,-4215.006,7123.845,137.951,9.801,0.985117,-0.169999,-0.025380,0.171045,0.984130,0.047242,0.016946,-0.050880,0.998561,0,0.99022,-0.80460,59.413,-1.609,-1,400.000,-1,375.000,-1,325.000,325.000,300.000,300.000,-1,525.000,575.000,-1,750.000,700.000,-1,-1,2,0,2,0,2,0,0,0,0,2,0,0,2,0,0,2,2
91,-4160.329,7131.949,138.870,8.431,0.988850,-0.146434,-0.027067,0.147593,0.987911,0.047414,0.019797,-0.050881,0.998509,0,0.92122,-0.68460,55.273,-1.369,-1,400.000,-1,375.000,-1,325.000,325.000,300.000,300.000,-1,550.000,600.000,-1,750.000,725.000,-1,-1,2,0,2,0,2,0,0,0,0,2,0,0,2,0,0,2,2
92,-4105.601,7138.962,139.836,7.302,0.991494,-0.126937,-0.028765,0.128206,0.990601,0.047684,0.022442,-0.050967,0.998448,0,0.91959,-0.56460,55.175,-1.129,-1,400.000,-1,375.000,-1,325.000,325.000,300.000,300.000,-1,575.000,600.000,-1,750.000,725.000,-1,-1,2,0,2,0,2,0,0,0,0,2,0,0,2,0,0,2,2
93,-4050.913,7145.108,140.838,6.413,0.993292,-0.111547,-0.030463,0.112925,0.992442,0.048026,0.024876,-0.051144,0.998381,0,0.91721,-0.44460,55.033,-0.889,-1,400.000,-1,375.000,-1,325.000,325.000,300.000,300.000,-1,575.000,625.000,-1,775.000,725.000,-1,-1,2,0,2,0,2,0,0,0,0,2,0,0,2,0,0,2,2
94,-3996.332,7150.617,141.864,5.764,0.994438,-0.100294,-0.032151,0.101778,0.993628,0.048414,0.027091,-0.051417,0.998310,0,0.91429,-0.32460,54.857,-0.649,-1,400.000,-1,375.000,-1,325.000,325.000,300.000,300.000,-1,575.000,650.000,-1,775.000,725.000,-1,-1,2,0,2,0,2,0,0,0,0,2,0,0,2,0,0,2,2
95,-3941.909,7155.718,143.048,5.355,0.995085,-0.093191,-0.033487,0.094777,0.994272,0.049393,0.028692,-0.052324,0.998218,0,0.91102,-0.20460,54.661,-0.409,-1,400.000,-1,375.000,-1,325.000,325.000,300.000,300.000,-1,550.000,625.000,-1,775.000,725.000,-1,-1,2,0,2,0,2,0,0,0,0,2,0,0,2,0,0,2,2
96,-3889.041,7160.517,144.530,5.185,0.995339,-0.090249,-0.033984,0.091893,0.994493,0.050398,0.029248,-0.053286,0.998151,0,0.88477,-0.08460,53.086,-0.169,-1,400.000,-1,375.000,-1,325.000,325.000,300.000,300.000,-1,575.000,650.000,-1,775.000,750.000,-1,-1,2,0,2,0,2,0,0,0,0,2,0,0,2,0,0,2,2
97,-3836.265,7165.372,146.146,5.256,0.995222,-0.091475,-0.034130,0.093144,0.994346,0.051002,0.029271,-0.053937,0.998115,0,0.88331,0.03540,52.998,0.071,-1,400.000,-1,375.000,-1,325.000,325.000,300.000,300.000,-1,625.000,700.000,-1,775.000,750.000,-1,-1,2,0,2,0,2,0,0,0,0,2,0,0,2,0,0,2,2
98,-3783.600,7170.506,147.735,5.567,0.994707,-0.096863,-0.034273,0.098552,0.993793,0.051607,0.029061,-0.054711,0.998079,0,0.88191,0.15540,52.914,0.311,-1,400.000,-1,375.000,-1,325.000,325.000,300.000,300.000,-1,675.000,775.000,-1,775.000,750.000,-1,-1,2,0,2,0,2,0,0,0,0,2,0,0,2,0,0,2,2
99,-3731.064,7176.137,149.285,6.118,0.993727,-0.106407,-0.034409,0.108112,0.992767,0.052209,0.028605,-0.055602,0.998043,0,0.88062,0.27540,52.837,0.551,-1,400.000,-1,400.000,-1,325.000,325.000,300.000,300.000,-1,725.000,825.000,-1,775.000,750.000,-1,-1,2,0,2,0,2,0,0,0,0,2,0,0,2,0,0,2,2
100,-3678.679,7182.485,150.783,6.909,0.992162,-0.120092,-0.034537,0.121808,0.991148,0.052808,0.027889,-0.056600,0.998007,0,0.87948,0.39540,52.769,0.791,-1,400.000,-1,400.000,-1,325.000,325.000,300.000,300.000,-1,775.000,900.000,-1,775.000,750.000,-1,-1,2,0,2,0,2,0,0,0,0,2,0,0,2,0,0,2,2
101,-3626.472,7189.767,152.216,7.939,0.989841,-0.137895,-0.034653,0.139614,0.988765,0.053398,0.026900,-0.057694,0.997972,0,0.87854,0.51540,52.712,1.031,-1,400.000,-1,400.000,-1,325.000,325.000,300.000,300.000,-1,850.000,975.000,-1,775.000,750.000,-1,-1,2,0,2,0,2,0,0,0,0,2,0,0,2,0,0,2,2
102,-3574.483,7198.198,153.567,9.210,0.986541,-0.159778,-0.034754,0.161495,0.985396,0.053978,0.025622,-0.058864,0.997937,0,0.87781,0.63540,52.669,1.271,-1,400.000,-1,400.000,-1,325.000,325.000,300.000,300.000,-1,925.000,-1,-1,775.000,750.000,-1,-1,2,0,2,0,2,0,0,0,0,2,0,2,2,0,0,2,2
103,-3522.763,7207.991,154.823,10.721,0.981991,-0.185690,-0.034838,0.187394,0.980769,0.054545,0.024040,-0.060091,0.997903,0,0.87733,0.75540,52.640,1.511,-1,400.000,-1,400.000,-1,325.000,325.000,300.000,300.000,-1,1000.000,-1,-1,775.000,775.000,-1,-1,2,0,2,0,2,0,0,0,0,2,0,2,2,0,0,2,2
104,-3471.356,7219.250,155.999,12.352,0.976313,-0.213519,-0.034959,0.215205,0.975020,0.054985,0.022345,-0.061206,0.997875,0,0.87711,0.81563,52.627,1.631,-1,400.000,-1,400.000,-1,325.000,325.000,300.000,300.000,-1,-1,-1,-1,775.000,775.000,-1,-1,2,0,2,0,2,0,0,0,0,2,2,2,2,0,0,2,2
105,-3420.295,7231.969,157.093,13.986,0.969836,-0.241217,-0.035111,0.242881,0.968480,0.055284,0.020669,-0.062144,0.997853,0,0.87702,0.81688,52.621,1.634,-1,400.000,-1,400.000,-1,325.000,325.000,300.000,300.000,-1,-1,-1,-1,775.000,775.000,-1,-1,2,0,2,0,2,0,0,0,0,2,2,2,2,0,0,2,2
106,-3369.625,7246.138,158.077,15.622,0.962563,-0.268758,-0.035232,0.270395,0.961145,0.055558,0.018932,-0.063005,0.997834,0,0.87691,0.81811,52.614,1.636,-1,400.000,-1,400.000,-1,325.000,325.000,300.000,300.000,-1,-1,-1,-1,800.000,775.000,-1,-1,2,0,2,0,2,0,0,0,0,2,2,2,2,0,0,2,2
107,-3319.389,7261.748,158.957,17.261,0.954504,-0.296117,-0.035172,0.297715,0.953017,0.055888,0.016970,-0.063817,0.997817,0,0.87678,0.81931,52.607,1.639,-1,400.000,-1,400.000,-1,325.000,325.000,300.000,300.000,-1,-1,-1,-1,800.000,775.000,-1,-1,2,0,2,0,2,0,0,0,0,2,2,2,2,0,0,2,2
108,-3269.628,7278.788,159.669,18.902,0.945663,-0.323275,-0.034859,0.324813,0.944114,0.056076,0.014783,-0.064351,0.997818,0,0.87663,0.82049,52.598,1.641,-1,400.000,-1,400.000,-1,325.000,325.000,300.000,300.000,-1,-1,-1,-1,775.000,775.000,-1,-1,2,0,2,0,2,0,0,0,0,2,2,2,2,0,0,2,2
109,-3218.687,7297.853,160.290,20.518,0.936200,-0.349767,-0.034531,0.351242,0.934591,0.056294,0.012582,-0.064831,0.997817,0,0.90655,0.80821,54.393,1.616,-1,400.000,-1,400.000,-1,325.000,325.000,300.000,300.000,-1,-1,-1,-1,775.000,800.000,-1,-1,2,0,2,0,2,0,0,0,0,2,2,2,2,0,0,2,2
110,-3168.206,7318.395,160.824,22.143,0.925948,-0.376111,-0.034071,0.377512,0.924282,0.056461,0.010256,-0.065142,0.997823,0,0.90834,0.81216,54.501,1.624,-1,400.000,-1,400.000,-1,325.000,325.000,300.000,300.000,-1,-1,-1,-1,775.000,800.000,-1,-1,2,0,2,0,2,0,0,0,0,2,2,2,2,0,0,2,2
111,-3118.236,7340.409,161.235,23.775,0.914901,-0.402280,-0.033582,0.403603,0.913177,0.056677,0.007866,-0.065408,0.997828,0,0.91009,0.81616,54.605,1.632,-1,400.000,-1,400.000,-1,325.000,325.000,300.000,300.000,-1,-1,-1,-1,775.000,800.000,-1,-1,2,0,2,0,2,0,0,0,0,2,2,2,2,0,0,2,2
112,-3068.824,7363.889,161.521,25.415,0.903054,-0.428251,-0.033092,0.429493,0.901274,0.056927,0.005446,-0.065621,0.997830,0,0.91179,0.82022,54.707,1.640,-1,400.000,-1,400.000,-1,325.000,325.000,300.000,300.000,-1,-1,-1,-1,775.000,800.000,-1,-1,2,0,2,0,2,0,0,0,0,2,2,2,2,0,0,2,2
113,-3020.020,7388.825,161.688,27.064,0.890405,-0.453999,-0.032612,0.455159,0.888572,0.057177,0.003020,-0.065754,0.997831,0,0.91343,0.82433,54.806,1.649,-1,400.000,-1,400.000,-1,325.000,325.000,300.000,300.000,-1,-1,-1,-1,775.000,800.000,-1,-1,2,0,2,0,2,0,0,0,0,2,2,2,2,0,0,2,2
114,-2971.875,7415.207,161.730,28.721,0.876952,-0.479502,-0.032144,0.480578,0.875070,0.057423,0.000594,-0.065805,0.997832,0,0.91501,0.82850,54.901,1.657,-1,400.000,-1,400.000,-1,325.000,325.000,300.000,300.000,-1,-1,-1,-1,775.000,800.000,-1,-1,2,0,2,0,2,0,0,0,0,2,2,2,2,0,0,2,2
115,-2924.439,7443.022,161.648,30.386,0.862693,-0.504733,-0.031689,0.505724,0.860766,0.057663,-0.001828,-0.065771,0.997833,0,0.91651,0.83273,54.990,1.665,-1,400.000,-1,400.000,-1,325.000,325.000,300.000,300.000,-1,-1,-1,-1,775.000,800.000,-1,-1,2,0,2,0,2,0,0,0,0,2,2,2,2,0,0,2,2
116,-2877.764,7472.257,161.437,32.060,0.847629,-0.529669,-0.031247,0.530573,0.845660,0.057893,-0.004240,-0.065650,0.997834,0,0.91792,0.83704,55.075,1.674,-1,400.000,-1,400.000,-1,325.000,325.000,300.000,300.000,-1,-1,-1,-1,775.000,775.000,-1,-1,2,0,2,0,2,0,0,0,0,2,2,2,2,0,0,2,2
117,-2831.903,7502.893,161.114,33.743,0.831759,-0.554285,-0.030735,0.555096,0.829756,0.058083,-0.006692,-0.065372,0.997839,0,0.91923,0.84143,55.154,1.683,-1,400.000,-1,400.000,-1,325.000,325.000,300.000,300.000,-1,-1,-1,-1,775.000,775.000,-1,-1,2,0,2,0,2,0,0,0,0,2,2,2,2,0,0,2,2
118,-2790.750,7531.908,160.684,35.186,0.817578,-0.575028,-0.030142,0.575751,0.815571,0.057914,-0.008719,-0.064703,0.997866,0,0.83923,0.72143,50.354,1.443,-1,400.000,-1,400.000,-1,325.000,325.000,300.000,300.000,-1,-1,-1,-1,750.000,775.000,-1,-1,2,0,2,0,2,0,0,0,0,2,2,2,2,0,0,2,2
119,-2751.560,7560.790,160.198,36.389,0.805358,-0.592046,-0.029658,0.592698,0.803353,0.057733,-0.010355,-0.064074,0.997891,0,0.81140,0.60143,48.684,1.203,-1,400.000,-1,400.000,-1,325.000,325.000,300.000,300.000,-1,-1,-1,-1,750.000,775.000,-1,-1,2,0,2,0,2,0,0,0,0,2,2,2,2,0,0,2,2
120,-2712.847,7590.336,159.683,37.352,0.795319,-0.605480,-0.029336,0.606079,0.793315,0.057617,-0.011614,-0.063604,0.997908,0,0.81167,0.48143,48.700,0.963,-1,400.000,-1,400.000,-1,325.000,325.000,300.000,300.000,-1,-1,-1,-1,750.000,775.000,-1,-1,2,0,2,0,2,0,0,0,0,2,2,2,2,0,0,2,2
121,-2674.528,7620.354,159.083,38.075,0.787638,-0.615462,-0.028864,0.616007,0.785640,0.057485,-0.012703,-0.063058,0.997929,0,0.81129,0.36143,48.677,0.723,-1,400.000,-1,400.000,-1,325.000,325.000,300.000,300.000,-1,-1,-1,-1,750.000,775.000,-1,-1,2,0,2,0,2,0,0,0,0,2,2,2,2,0,0,2,2
122,-2636.515,7650.654,158.437,38.558,0.782439,-0.622081,-0.028379,0.622580,0.780450,0.057369,-0.013540,-0.062556,0.997950,0,0.81019,0.24143,48.611,0.483,-1,400.000,-1,400.000,-1,325.000,325.000,300.000,300.000,-1,-1,-1,-1,750.000,775.000,-1,-1,2,0,2,0,2,0,0,0,0,2,2,2,2,0,0,2,2
123,-2598.719,7681.043,157.768,38.800,0.779805,-0.625399,-0.027938,0.625864,0.777826,0.057281,-0.014093,-0.062153,0.997967,0,0.80830,0.12143,48.498,0.243,-1,400.000,-1,400.000,-1,325.000,325.000,300.000,300.000,-1,-1,-1,-1,750.000,775.000,-1,-1,2,0,2,0,2,0,0,0,0,2,2,2,2,0,0,2,2
124,-2561.052,7711.331,157.089,38.803,0.779779,-0.625449,-0.027546,0.625891,0.777809,0.057219,-0.014362,-0.061859,0.997982,0,0.80556,0.00143,48.334,0.003,-1,400.000,-1,400.000,-1,325.000,325.000,300.000,300.000,-1,-1,-1,-1,750.000,750.000,-1,-1,2,0,2,0,2,0,0,0,0,2,2,2,2,0,0,2,2
125,-2523.432,7741.326,156.409,38.566,0.782360,-0.622231,-0.027220,0.622661,0.780399,0.057185,-0.014340,-0.061688,0.997992,0,0.80191,-0.11857,48.115,-0.237,-1,400.000,-1,400.000,-1,325.000,325.000,300.000,300.000,-1,-1,-1,-1,750.000,750.000,-1,-1,2,0,2,0,2,0,0,0,0,2,2,2,2,0,0,2,2
126,-2485.779,7770.838,155.739,38.089,0.787509,-0.615712,-0.026965,0.616143,0.785556,0.057181,-0.014024,-0.061645,0.998000,0,0.79733,-0.23857,47.840,-0.477,-1,400.000,-1,400.000,-1,325.000,325.000,300.000,300.000,-1,-1,-1,-1,750.000,750.000,-1,-1,2,0,2,0,2,0,0,1,0,2,2,2,2,0,0,2,2
127,-2448.024,7799.675,155.191,37.372,0.795133,-0.605844,-0.026751,0.606292,0.793217,0.056720,-0.013144,-0.061319,0.998032,0,0.79180,-0.35857,47.508,-0.717,-1,400.000,-1,400.000,-1,325.000,325.000,275.000,300.000,-1,-1,-1,-1,750.000,750.000,-1,-1,2,0,2,0,2,0,0,1,0,2,2,2,2,0,0,2,2
128,-2410.105,7827.646,154.595,36.415,0.805129,-0.592505,-0.026563,0.592972,0.803220,0.056759,-0.012294,-0.061450,0.998034,0,0.78532,-0.47857,47.119,-0.957,-1,400.000,-1,400.000,-1,325.000,325.000,275.000,300.000,-1,-1,-1,-1,750.000,750.000,-1,-1,2,0,2,0,2,0,0,1,0,2,2,2,2,0,0,2,2
129,-2371.971,7854.564,154.061,35.218,0.817313,-0.575588,-0.026407,0.576086,0.815415,0.056778,-0.011148,-0.061618,0.998038,0,0.77795,-0.59857,46.677,-1.197,-1,400.000,-1,400.000,-1,325.000,325.000,250.000,300.000,-1,-1,-1,-1,750.000,750.000,-1,-1,2,0,2,0,2,0,0,1,0,2,2,2,2,0,0,2,2
130,-2333.582,7880.244,153.673,33.781,0.831461,-0.554960,-0.026315,0.555503,0.829600,0.056398,-0.009468,-0.061511,0.998062,0,0.76976,-0.71857,46.185,-1.437,-1,400.000,-1,400.000,-1,325.000,325.000,250.000,300.000,-1,-1,-1,-1,750.000,750.000,-1,-1,2,0,2,0,2,0,0,1,0,2,2,2,2,0,0,2,2
131,-2295.006,7904.658,153.358,32.330,0.845212,-0.533784,-0.026281,0.534375,0.843389,0.056020,-0.007737,-0.061393,0.998084,0,0.76087,-0.72532,45.652,-1.451,-1,400.000,-1,400.000,-1,325.000,325.000,250.000,300.000,-1,-1,-1,-1,750.000,750.000,-1,-1,2,0,2,0,2,0,0,1,0,2,2,2,2,0,0,2,2
132,-2256.282,7927.814,153.132,30.879,0.858428,-0.512260,-0.026293,0.512899,0.856638,0.055731,-0.006026,-0.061326,0.998100,0,0.75197,-0.72547,45.118,-1.451,-1,400.000,-1,400.000,-1,325.000,325.000,250.000,300.000,-1,-1,-1,-1,725.000,750.000,-1,-1,2,0,2,0,2,0,0,1,0,2,2,2,2,0,0,2,2
133,-2217.440,7949.724,153.003,29.427,0.871108,-0.490385,-0.026333,0.491072,0.869344,0.055574,-0.004360,-0.061342,0.998107,0,0.74325,-0.72609,44.595,-1.452,-1,400.000,-1,400.000,-1,325.000,325.000,275.000,300.000,-1,-1,-1,-1,725.000,750.000,-1,-1,2,0,2,0,2,0,0,1,0,2,2,2,2,0,0,2,2
134,-2178.501,7970.404,152.938,27.972,0.883247,-0.468164,-0.026416,0.468901,0.881511,0.055414,-0.002657,-0.061331,0.998114,0,0.73482,-0.72716,44.089,-1.454,-1,400.000,-1,400.000,-1,325.000,325.000,275.000,300.000,-1,-1,-1,-1,725.000,750.000,-1,-1,2,0,2,0,2,0,0,1,0,2,2,2,2,0,0,2,2
135,-2139.478,7989.873,152.936,26.515,0.894841,-0.445595,-0.026540,0.446384,0.893134,0.055254,-0.000917,-0.061290,0.998120,0,0.72682,-0.72865,43.609,-1.457,-1,400.000,-1,400.000,-1,325.000,325.000,300.000,300.000,-1,-1,-1,-1,725.000,750.000,-1,-1,2,0,2,0,2,0,0,1,0,2,2,2,2,0,0,2,2
136,-2100.379,8008.150,152.988,25.054,0.905886,-0.422679,-0.026711,0.423521,0.904211,0.055059,0.000880,-0.061190,0.998126,0,0.71933,-0.73056,43.160,-1.461,-1,375.000,-1,400.000,-1,325.000,325.000,300.000,300.000,900.000,-1,-1,-1,725.000,750.000,-1,-1,2,0,2,0,2,0,0,1,0,1,2,2,2,0,0,2,2
137,-2061.204,8025.255,153.084,23.588,0.916373,-0.399417,-0.026939,0.400315,0.914737,0.054800,0.002754,-0.061001,0.998134,0,0.71243,-0.73284,42.746,-1.466,-1,375.000,-1,400.000,-1,325.000,325.000,300.000,300.000,775.000,-1,-1,-1,725.000,750.000,-1,-1,2,0,2,0,2,0,0,0,0,1,2,2,2,0,0,2,2
138,-2021.949,8041.208,153.244,22.117,0.926298,-0.375809,-0.027199,0.376763,0.924701,0.054575,0.004642,-0.060801,0.998139,0,0.70619,-0.73548,42.372,-1.471,-1,375.000,-1,400.000,-1,325.000,325.000,300.000,300.000,675.000,-1,-1,-1,725.000,750.000,-1,-1,2,0,2,0,2,0,0,0,0,1,2,2,2,0,0,2,2
139,-1982.609,8056.026,153.468,20.640,0.935651,-0.351855,-0.027490,0.352866,0.934092,0.054388,0.006542,-0.060588,0.998141,0,0.70064,-0.73846,42.039,-1.477,-1,375.000,-1,400.000,-1,325.000,325.000,300.000,300.000,650.000,-1,-1,-1,725.000,750.000,-1,-1,2,0,2,0,2,0,0,0,0,1,2,2,2,0,0,2,2
