timestep,x_cm,y_cm,z_cm,yaw_deg,basis_xx,basis_xy,basis_xz,basis_yx,basis_yy,basis_yz,basis_zx,basis_zy,basis_zz,teleport_flag,throttle_cmd,steering_cmd,cmd_move_cm,cmd_turn_deg,lidar_cm_0,lidar_cm_1,lidar_cm_2,lidar_cm_3,lidar_cm_4,lidar_cm_5,lidar_cm_6,lidar_cm_7,lidar_cm_8,lidar_cm_9,lidar_cm_10,lidar_cm_11,lidar_cm_12,lidar_cm_13,lidar_cm_14,lidar_cm_15,lidar_cm_16,lidar_class_0,lidar_class_1,lidar_class_2,lidar_class_3,lidar_class_4,lidar_class_5,lidar_class_6,lidar_class_7,lidar_class_8,lidar_class_9,lidar_class_10,lidar_class_11,lidar_class_12,lidar_class_13,lidar_class_14,lidar_class_15,lidar_class_16
0,5659.344,-5318.016,12.147,-16.904,0.956787,0.290783,0.001797,-0.290765,0.956770,-0.006797,-0.003696,0.005981,0.999975,0,0.32889,-0.20000,0.428,-0.009,-1,632.512,-1,622.295,-1,517.413,514.447,571.623,441.576,-1,-1,-1,-1,-1,-1,-1,-1,2,0,2,0,2,0,0,0,0,2,2,2,2,2,2,2,2
1,5660.053,-5318.294,13.269,-16.915,0.956738,0.290951,0.000064,-0.290945,0.956720,-0.006192,-0.001863,0.005905,0.999981,0,0.32889,-0.20000,0.761,-0.011,-1,639.995,-1,629.990,-1,523.168,520.247,575.156,444.382,-1,-1,-1,-1,-1,-1,-1,-1,2,0,2,0,2,0,0,0,0,2,2,2,2,2,2,2,2
2,5661.065,-5318.746,13.248,-16.933,0.956646,0.291245,-0.002122,-0.291252,0.956627,-0.006152,0.000238,0.006504,0.999979,0,0.32889,-0.20000,1.109,-0.018,-1,645.548,-1,634.659,-1,526.963,523.848,576.785,443.566,-1,-1,-1,-1,-1,-1,-1,-1,2,0,2,0,2,0,0,0,0,2,2,2,2,2,2,2,2
3,5662.389,-5319.409,12.185,-16.957,0.956521,0.291629,-0.004538,-0.291655,0.956498,-0.007033,0.002290,0.008051,0.999965,0,0.32889,-0.20000,1.480,-0.024,-1,648.859,-1,635.526,-1,528.474,524.828,577.455,438.937,-1,-1,-1,-1,-1,-1,-1,-1,2,0,2,0,2,0,0,0,0,2,2,2,2,2,2,2,2
4,5664.060,-5320.291,10.324,-16.990,0.956344,0.292152,-0.007245,-0.292209,0.956315,-0.008710,0.004384,0.010447,0.999936,0,0.32889,-0.20000,1.889,-0.033,-1,650.740,-1,633.556,11.392,528.384,523.902,577.700,431.266,-1,-1,-1,-1,-1,-1,-1,10.434,2,0,2,0,1,0,0,0,0,2,2,2,2,2,2,2,1
5,5666.074,-5321.308,8.024,-17.019,0.956192,0.292577,-0.009753,-0.292675,0.956149,-0.011004,0.006106,0.013376,0.999892,0,0.32889,-0.20000,2.256,-0.028,-1,650.864,-1,628.965,14.170,526.680,521.169,577.772,421.873,-1,-1,-1,-1,-1,-1,-1,25.960,2,0,2,0,1,0,0,0,0,2,2,2,2,2,2,2,1
6,5668.370,-5322.175,5.841,-17.008,0.956246,0.292394,-0.009979,-0.292509,0.956174,-0.013048,0.005726,0.015396,0.999865,0,0.32889,-0.20000,2.454,0.010,-1,645.194,-1,620.189,14.842,521.219,515.000,575.652,413.961,-1,-1,-1,-1,-1,-1,-1,23.659,2,0,2,0,1,0,0,0,0,2,2,2,2,2,2,2,1
7,5670.965,-5322.843,4.084,-16.973,0.956439,0.291834,-0.007524,-0.291913,0.956346,-0.013737,0.003187,0.015335,0.999877,0,0.32889,-0.20000,2.680,0.036,-1,633.616,-1,608.989,15.309,512.471,506.281,569.496,409.783,-1,-1,-1,-1,-1,-1,-1,22.921,2,0,2,0,1,0,0,0,0,2,2,2,2,2,2,2,1
8,5673.895,-5323.333,2.874,-16.920,0.956710,0.291029,-0.002999,-0.291043,0.956628,-0.012485,-0.000765,0.012818,0.999918,0,0.32889,-0.20000,2.970,0.052,-1,618.360,-1,597.927,15.323,502.129,496.818,558.991,410.145,-1,-1,-1,-1,-1,-1,-1,22.903,2,0,2,0,1,0,0,0,0,2,2,2,2,2,2,2,1
9,5677.208,-5323.745,2.364,-16.856,0.957028,0.289991,0.001226,-0.289967,0.956988,-0.009677,-0.003979,0.008906,0.999952,0,0.32889,-0.20000,3.339,0.064,13.276,606.087,-1,591.750,15.294,494.552,490.575,547.649,414.151,-1,-1,-1,-1,-1,-1,22.827,22.940,1,0,2,0,1,0,0,0,0,2,2,2,2,2,2,1,1
10,5680.951,-5324.208,2.544,-16.780,0.957406,0.288724,0.003589,-0.288698,0.957399,-0.006363,-0.005273,0.005056,0.999973,0,0.32889,-0.20000,3.772,0.076,13.287,600.468,-1,592.020,15.219,491.903,489.267,539.030,419.889,-1,-1,-1,-1,-1,-1,28.024,23.032,1,0,2,0,1,0,0,0,0,2,2,2,2,2,2,1,1
11,5685.119,-5324.815,3.230,-16.696,0.957830,0.287310,0.003896,-0.287297,0.957835,-0.003505,-0.004739,0.002237,0.999986,0,0.32889,-0.20000,4.212,0.084,13.317,601.288,-1,597.281,15.090,493.701,492.060,534.636,425.532,-1,-1,-1,-1,-1,-1,27.678,23.214,1,0,2,0,1,0,0,0,0,2,2,2,2,2,2,1,1
12,5689.438,-5325.562,4.168,-16.620,0.958218,0.286019,0.003340,-0.286014,0.958224,-0.001894,-0.003742,0.000860,0.999993,0,-0.03052,-0.30118,4.383,0.077,13.455,604.937,-1,603.315,14.738,497.108,495.982,534.316,429.724,-1,-1,-1,-1,-1,-1,24.093,23.892,1,0,2,0,1,0,0,0,0,2,2,2,2,2,2,1,1
13,5693.526,-5326.461,5.123,-16.575,0.958441,0.285270,0.003383,-0.285266,0.958447,-0.001462,-0.003660,0.000436,0.999993,0,-0.03052,-0.30118,4.185,0.045,-1,607.209,-1,606.479,14.426,499.137,498.195,536.054,432.456,-1,-1,-1,-1,-1,-1,-1,24.812,2,0,2,0,1,0,0,0,0,2,2,2,2,2,2,2,1
14,5697.404,-5327.467,5.920,-16.551,0.958558,0.284866,0.004170,-0.284860,0.958567,-0.001943,-0.004551,0.000675,0.999989,0,-0.03052,-0.30118,4.007,0.024,-1,607.257,-1,606.329,14.327,499.229,498.234,538.672,433.736,-1,-1,-1,-1,-1,-1,-1,25.201,2,0,2,0,1,0,0,0,0,2,2,2,2,2,2,2,1
15,5701.126,-5328.508,6.450,-16.532,0.958643,0.284559,0.005452,-0.284547,0.958658,-0.002991,-0.006077,0.001316,0.999981,0,-0.03052,-0.30118,3.865,0.019,-1,605.392,-1,603.604,14.242,497.697,496.505,541.322,433.734,-1,-1,-1,-1,-1,-1,-1,25.587,2,0,2,0,1,0,0,0,0,2,2,2,2,2,2,2,1
16,5704.744,-5329.574,6.664,-16.516,0.958711,0.284302,0.006787,-0.284280,0.958733,-0.004015,-0.007648,0.001919,0.999969,0,-0.03052,-0.30118,3.771,0.016,-1,602.555,-1,599.944,14.158,495.391,494.009,542.930,433.046,-1,-1,-1,-1,-1,-1,-1,26.027,2,0,2,0,1,0,0,0,0,2,2,2,2,2,2,2,1
17,5708.301,-5330.643,6.556,-16.503,0.958770,0.284078,0.007691,-0.284049,0.958798,-0.004672,-0.008702,0.002295,0.999960,0,-0.03052,-0.30118,3.714,0.014,-1,599.899,-1,596.811,14.089,493.232,491.739,543.108,432.011,-1,-1,-1,-1,-1,-1,-1,26.429,2,0,2,0,1,0,0,0,0,2,2,2,2,2,2,2,1
18,5711.817,-5331.697,6.156,-16.491,0.958825,0.283889,0.007822,-0.283858,0.958854,-0.004896,-0.008890,0.002474,0.999957,0,-0.03052,-0.30118,3.670,0.011,-1,598.321,-1,595.067,14.046,491.882,490.342,542.051,430.683,-1,-1,-1,-1,-1,-1,-1,26.718,2,0,2,0,1,0,0,0,0,2,2,2,2,2,2,2,1
19,5715.279,-5332.732,5.521,-16.481,0.958881,0.283720,0.007036,-0.283691,0.958904,-0.004821,-0.008115,0.002627,0.999964,0,-0.03052,-0.30118,3.614,0.010,-1,598.314,-1,594.960,14.025,491.653,490.079,540.330,428.941,-1,-1,-1,-1,-1,-1,-1,26.867,2,0,2,0,1,0,0,0,0,2,2,2,2,2,2,2,1
20,5718.668,-5333.746,4.752,-16.476,0.958918,0.283632,0.005348,-0.283608,0.958928,-0.004874,-0.006511,0.003157,0.999974,0,-0.03052,-0.30118,3.537,0.005,13.837,600.145,-1,596.162,13.986,492.612,490.880,539.337,426.417,-1,-1,-1,-1,-1,-1,12.396,27.155,1,0,2,0,1,0,0,0,0,2,2,2,2,2,2,1,1
21,5721.942,-5334.744,4.039,-16.476,0.958926,0.283632,0.003669,-0.283613,0.958926,-0.004926,-0.004916,0.003683,0.999981,0,-0.03052,-0.30118,3.423,-0.000,11.559,602.129,-1,597.509,13.823,493.692,491.802,538.584,424.032,-1,-1,-1,-1,-1,-1,10.259,28.655,1,0,2,0,1,0,0,0,0,2,2,2,2,2,2,1,1
22,5725.045,-5335.729,3.533,-16.487,0.958878,0.283806,0.002790,-0.283791,0.958874,-0.004847,-0.004051,0.003856,0.999984,0,-0.03052,-0.30118,3.256,-0.011,10.194,602.732,-1,597.960,13.700,493.927,491.992,537.582,422.577,-1,-1,-1,-1,-1,-1,8.977,30.256,1,0,2,0,1,0,0,0,0,2,2,2,2,2,2,1,1
23,5727.974,-5336.681,3.308,-16.505,0.958785,0.284120,0.002835,-0.284105,0.958781,-0.004780,-0.004077,0.003777,0.999985,0,-0.00990,-0.84117,3.080,-0.019,8.997,601.844,-1,597.261,13.553,493.217,491.319,536.755,422.080,-1,-1,-1,-1,-1,-1,24.362,33.204,1,0,2,0,1,0,0,0,0,2,2,2,2,2,2,1,1
24,5730.772,-5337.613,3.358,-16.532,0.958651,0.284562,0.003473,-0.284545,0.958651,-0.004703,-0.004668,0.003520,0.999983,0,-0.00990,-0.84117,2.949,-0.026,8.252,600.259,-1,596.111,13.492,492.121,490.319,536.283,422.549,-1,-1,-1,-1,-1,-1,24.063,35.037,1,0,2,0,1,0,0,0,0,2,2,2,2,2,2,1,1
25,5733.476,-5338.519,3.629,-16.561,0.958505,0.285043,0.004237,-0.285024,0.958509,-0.004589,-0.005370,0.003191,0.999981,0,-0.00990,-0.84117,2.851,-0.029,8.701,598.983,-1,595.377,13.477,491.326,489.645,536.294,423.611,-1,-1,-1,-1,-1,-1,23.992,35.579,1,0,2,0,1,0,0,0,0,2,2,2,2,2,2,1,1
26,5736.108,-5339.406,4.030,-16.590,0.958355,0.285540,0.004804,-0.285520,0.958363,-0.004390,-0.005857,0.002836,0.999979,0,-0.00990,-0.84117,2.778,-0.030,10.937,598.549,-1,595.534,13.461,491.222,489.641,536.655,425.024,-1,-1,-1,-1,-1,-1,9.453,36.143,1,0,2,0,1,0,0,0,0,2,2,2,2,2,2,1,1
27,5738.671,-5340.278,4.455,-16.621,0.958200,0.286053,0.005073,-0.286034,0.958210,-0.004127,-0.006041,0.002503,0.999979,0,-0.00990,-0.84117,2.707,-0.031,-1,598.913,-1,596.465,13.447,491.710,490.214,537.174,426.487,-1,-1,-1,-1,-1,-1,15.106,36.757,2,0,2,0,1,0,0,0,0,2,2,2,2,2,2,1,1
28,5741.161,-5341.129,4.817,-16.651,0.958053,0.286547,0.005072,-0.286530,0.958064,-0.003875,-0.005970,0.002260,0.999980,0,-0.00990,-0.84117,2.632,-0.030,-1,599.766,-1,597.762,13.415,492.518,491.076,537.729,427.702,-1,-1,-1,-1,-1,-1,-1,38.373,2,0,2,0,1,0,0,0,0,2,2,2,2,2,2,2,1
29,5743.573,-5341.954,5.063,-16.677,0.957922,0.286986,0.004884,-0.286970,0.957933,-0.003680,-0.005735,0.002123,0.999981,0,-0.00990,-0.84117,2.549,-0.026,-1,600.764,-1,599.102,13.347,493.368,491.951,538.191,428.511,-1,-1,-1,-1,-1,-1,-1,39.365,2,0,2,0,1,0,0,0,0,2,2,2,2,2,2,2,1
30,5745.889,-5342.767,5.173,-16.706,0.957780,0.287463,0.004659,-0.287449,0.957790,-0.003487,-0.005465,0.002001,0.999983,0,-0.00990,-0.84117,2.454,-0.029,-1,601.490,-1,600.175,13.287,493.979,492.635,538.289,428.988,-1,-1,-1,-1,-1,-1,-1,38.661,2,0,2,0,1,0,0,0,0,2,2,2,2,2,2,2,1
31,5748.099,-5343.570,5.157,-16.738,0.957617,0.288009,0.004499,-0.287996,0.957626,-0.003309,-0.005262,0.001873,0.999984,0,-0.00990,-0.84117,2.351,-0.033,-1,601.718,-1,600.723,13.268,494.176,492.916,538.000,429.170,-1,-1,-1,-1,-1,-1,-1,38.144,2,0,2,0,1,0,0,0,0,2,2,2,2,2,2,2,1
32,5750.196,-5344.368,5.048,-16.776,0.957425,0.288647,0.004458,-0.288635,0.957434,-0.003157,-0.005180,0.001735,0.999985,0,-0.00990,-0.84117,2.244,-0.038,-1,601.406,-1,600.711,13.347,493.951,492.774,537.399,429.131,-1,-1,-1,-1,-1,-1,-1,37.817,2,0,2,0,1,0,0,0,0,2,2,2,2,2,2,2,1
33,5752.408,-5345.313,4.886,-16.831,0.957153,0.289554,0.003940,-0.289546,0.957161,-0.002557,-0.004511,0.001306,0.999989,0,0.38990,-1.00000,2.405,-0.054,-1,602.107,-1,602.207,14.023,494.568,493.590,536.082,429.420,-1,-1,-1,-1,-1,-1,-1,36.691,2,0,2,0,1,0,0,0,0,2,2,2,2,2,2,2,1
34,5755.024,-5346.581,4.716,-16.930,0.956655,0.291211,0.002623,-0.291208,0.956659,-0.001275,-0.002880,0.000456,0.999996,0,0.38990,-1.00000,2.906,-0.099,-1,604.729,-1,606.381,16.717,496.755,496.153,533.951,430.340,-1,-1,-1,-1,-1,-1,-1,34.933,2,0,2,0,1,0,0,0,0,2,2,2,2,2,2,2,1
35,5757.933,-5348.144,4.586,-17.074,0.955923,0.293614,0.001445,-0.293614,0.955924,0.000014,-0.001378,-0.000438,0.999999,0,0.38990,-1.00000,3.302,-0.144,-1,607.134,-1,610.402,31.258,498.798,498.588,531.842,431.348,-1,-1,-1,-1,-1,-1,-1,33.295,2,0,2,0,1,0,0,0,0,2,2,2,2,2,2,2,1
36,5761.017,-5350.011,4.526,-17.261,0.954964,0.296719,0.000930,-0.296720,0.954964,0.000933,-0.000611,-0.001167,0.999999,0,0.38990,-1.00000,3.605,-0.186,-1,608.116,-1,612.651,30.836,499.736,499.837,530.217,432.149,-1,-1,-1,-1,-1,-1,-1,32.151,2,0,2,0,1,0,0,0,0,2,2,2,2,2,2,2,1
37,5764.238,-5352.173,4.517,-17.487,0.953782,0.300496,0.001110,-0.300497,0.953782,0.001377,-0.000645,-0.001647,0.999998,0,0.38990,-1.00000,3.879,-0.227,-1,607.527,-1,612.804,30.601,499.418,499.715,529.152,432.563,-1,-1,-1,-1,-1,-1,-1,31.965,2,0,2,0,1,0,0,0,0,2,2,2,2,2,2,2,1
38,5767.726,-5354.578,4.525,-17.735,0.952477,0.304608,0.001441,-0.304609,0.952477,0.001218,-0.001001,-0.001599,0.999998,0,0.38990,-1.00000,4.236,-0.247,-1,606.597,-1,611.769,30.711,498.649,498.954,529.139,432.180,-1,-1,-1,-1,-1,-1,-1,32.121,2,0,2,0,1,0,0,0,0,2,2,2,2,2,2,2,1
39,5772.363,-5357.784,4.517,-18.053,0.950770,0.309895,0.001625,-0.309896,0.950770,0.000792,-0.001299,-0.001256,0.999998,0,0.38990,-1.00000,5.638,-0.318,-1,605.924,-1,610.564,31.073,497.940,498.165,529.697,431.244,-1,-1,-1,-1,-1,-1,-1,32.478,2,0,2,0,1,0,0,0,0,2,2,2,2,2,2,2,1
40,5775.721,-5360.079,4.505,-18.276,0.949557,0.313591,0.001568,-0.313592,0.949557,0.000760,-0.001251,-0.001213,0.999999,0,0.38990,-1.00000,4.067,-0.223,-1,605.894,-1,610.489,31.887,497.843,498.090,530.005,430.888,-1,-1,-1,-1,-1,-1,-1,33.325,2,0,2,0,1,0,0,0,0,2,2,2,2,2,2,2,1
41,5780.168,-5363.148,4.496,-18.583,0.947865,0.318669,0.001392,-0.318671,0.947864,0.001437,-0.000862,-0.001806,0.999998,0,0.38990,-1.00000,5.404,-0.307,-1,606.163,-1,611.718,32.318,498.190,498.699,528.912,431.404,-1,-1,-1,-1,-1,-1,-1,33.773,2,0,2,0,1,0,0,0,0,2,2,2,2,2,2,2,1
42,5784.856,-5366.449,4.480,-18.917,0.945991,0.324190,0.001152,-0.324192,0.945987,0.002788,-0.000186,-0.003011,0.999995,0,0.38990,-1.00000,5.734,-0.334,-1,606.635,-1,614.112,31.990,498.916,499.906,526.349,432.797,-1,-1,-1,-1,-1,-1,-1,33.368,2,0,2,0,1,0,0,0,0,2,2,2,2,2,2,2,1
43,5789.751,-5369.976,4.452,-19.268,0.943987,0.329980,0.000990,-0.329981,0.943978,0.004206,0.000454,-0.004297,0.999991,0,0.38990,-1.00000,6.033,-0.351,-1,606.919,-1,616.443,31.090,499.626,501.025,523.590,434.252,-1,-1,-1,-1,-1,-1,-1,32.346,2,0,2,0,1,0,0,0,0,2,2,2,2,2,2,2,1
44,5794.875,-5373.656,4.408,-19.619,0.941945,0.335766,0.000882,-0.335766,0.941932,0.005055,0.000866,-0.005058,0.999987,0,0.38990,-1.00000,6.309,-0.352,-1,607.037,-1,617.900,30.931,500.002,501.534,521.866,434.876,-1,-1,-1,-1,-1,-1,-1,32.127,2,0,2,0,1,0,0,0,0,2,2,2,2,2,2,2,1
45,5800.139,-5377.447,4.422,-19.983,0.939795,0.341737,0.001197,-0.341738,0.939780,0.005261,0.000673,-0.005353,0.999985,0,0.38990,-1.00000,6.487,-0.364,-1,606.226,-1,617.668,31.542,499.506,501.096,521.204,434.880,-1,-1,-1,-1,-1,-1,-1,32.675,2,0,2,0,1,0,0,0,0,2,2,2,2,2,2,2,1
46,5805.557,-5381.409,4.506,-20.364,0.937500,0.347980,0.001849,-0.347985,0.937486,0.005222,0.000084,-0.005540,0.999985,0,0.38990,-1.00000,6.712,-0.381,-1,604.749,-1,616.344,31.367,498.482,500.057,520.921,434.826,-1,-1,-1,-1,-1,-1,-1,32.698,2,0,2,0,1,0,0,0,0,2,2,2,2,2,2,2,1
47,5811.080,-5385.596,4.624,-20.770,0.935009,0.354613,0.002710,-0.354622,0.934996,0.005130,-0.000715,-0.005757,0.999983,0,0.38990,-1.00000,6.931,-0.406,-1,602.857,-1,614.604,31.335,497.084,498.704,520.676,434.839,-1,-1,-1,-1,-1,-1,-1,32.757,2,0,2,0,1,0,0,0,0,2,2,2,2,2,2,2,1
48,5816.729,-5390.010,4.732,-21.194,0.932362,0.361510,0.003336,-0.361523,0.932350,0.004932,-0.001327,-0.005805,0.999982,0,0.38990,-1.00000,7.169,-0.423,-1,601.512,-1,613.165,31.506,495.941,497.629,521.340,434.560,-1,-1,-1,-1,-1,-1,-1,32.945,2,0,2,0,1,0,0,0,0,2,2,2,2,2,2,2,1
49,5822.546,-5394.671,4.780,-21.632,0.929573,0.368622,0.003435,-0.368636,0.929560,0.005106,-0.001311,-0.006012,0.999981,0,0.38990,-1.00000,7.454,-0.438,-1,601.364,-1,613.251,31.424,495.730,497.557,521.606,434.404,-1,-1,-1,-1,-1,-1,-1,32.845,2,0,2,0,1,0,0,0,0,2,2,2,2,2,2,2,1
50,5828.524,-5399.561,4.727,-22.083,0.926641,0.375934,0.003092,-0.375946,0.926623,0.005865,-0.000661,-0.006597,0.999978,0,0.38990,-1.00000,7.723,-0.451,-1,602.139,-1,614.934,31.057,496.335,498.445,520.922,434.632,-1,-1,-1,-1,-1,-1,-1,32.452,2,0,2,0,1,0,0,0,0,2,2,2,2,2,2,2,1
51,5834.592,-5404.691,4.605,-22.574,0.923383,0.383871,0.002730,-0.383880,0.923356,0.007069,0.000193,-0.007575,0.999971,0,0.38990,-1.00000,7.945,-0.491,-1,602.900,-1,617.226,30.940,497.118,499.600,519.311,435.348,-1,-1,-1,-1,-1,-1,-1,32.203,2,0,2,0,1,0,0,0,0,2,2,2,2,2,2,2,1
52,5840.769,-5409.928,4.498,-23.083,0.919939,0.392053,0.002427,-0.392060,0.919908,0.007587,0.000741,-0.007931,0.999968,0,0.38990,-1.00000,8.099,-0.509,-1,603.593,-1,618.290,31.435,497.689,500.132,518.978,435.127,-1,-1,-1,-1,-1,-1,-1,32.595,2,0,2,0,1,0,0,0,0,2,2,2,2,2,2,2,1
53,5847.142,-5415.271,4.481,-23.573,0.916553,0.399908,0.002083,-0.399912,0.916522,0.007566,0.001117,-0.007768,0.999969,0,0.38990,-1.00000,8.316,-0.490,-1,604.525,-1,618.772,33.025,498.243,500.501,519.191,434.343,-1,-1,-1,-1,-1,-1,-1,34.301,2,0,2,0,1,0,0,0,0,2,2,2,2,2,2,2,1
54,5853.776,-5420.725,4.594,-24.053,0.913168,0.407580,0.001578,-0.407579,0.913134,0.008133,0.001874,-0.008070,0.999966,0,0.38990,-1.00000,8.588,-0.480,-1,606.406,-1,621.243,34.182,499.707,502.169,519.219,434.627,-1,-1,-1,-1,-1,-1,-1,35.444,2,0,2,0,1,0,0,0,0,2,2,2,2,2,2,2,1
55,5860.523,-5426.330,4.824,-24.549,0.909603,0.415475,0.001472,-0.415470,0.909557,0.009492,0.002605,-0.009246,0.999954,0,0.38990,-1.00000,8.771,-0.496,-1,607.901,-1,624.801,33.264,501.251,504.169,517.649,436.493,-1,-1,-1,-1,-1,-1,-1,34.580,2,0,2,0,1,0,0,0,0,2,2,2,2,2,2,2,1
56,5868.751,-5433.265,5.107,-25.160,0.905117,0.425158,0.001838,-0.425152,0.905056,0.010960,0.002996,-0.010701,0.999938,0,0.38990,-1.00000,10.761,-0.611,-1,608.508,-1,627.186,30.694,502.230,505.526,515.555,438.762,-1,-1,-1,-1,-1,-1,-1,32.084,2,0,2,0,1,0,0,0,0,2,2,2,2,2,2,2,1
57,5874.309,-5438.047,5.237,-25.575,0.902020,0.431688,0.002314,-0.431685,0.901952,0.011457,0.002858,-0.011333,0.999932,0,0.38990,-1.00000,7.332,-0.414,-1,608.138,-1,627.114,29.506,501.971,505.495,514.634,439.571,-1,-1,-1,-1,-1,-1,-1,30.837,2,0,2,0,1,0,0,0,0,2,2,2,2,2,2,2,1
58,5881.284,-5444.284,5.297,-26.120,0.897869,0.440252,0.003085,-0.440255,0.897791,0.012133,0.002572,-0.012252,0.999922,0,0.38990,-1.00000,9.357,-0.546,-1,607.082,-1,626.495,29.154,501.261,505.020,512.949,440.482,-1,-1,-1,-1,-1,-1,-1,30.454,2,0,2,0,1,0,0,0,0,2,2,2,2,2,2,2,1
59,5888.210,-5450.819,5.276,-26.705,0.893330,0.449384,0.003921,-0.449395,0.893241,0.012843,0.002269,-0.013235,0.999910,0,0.38990,-1.00000,9.522,-0.585,-1,605.654,-1,625.586,29.207,500.424,504.326,511.078,441.348,-1,-1,-1,-1,-1,-1,15.659,30.513,2,0,2,0,1,0,0,0,0,2,2,2,2,2,2,1,1
60,5894.994,-5457.330,5.201,-27.284,0.888746,0.458377,0.004634,-0.458398,0.888661,0.012327,0.001532,-0.013080,0.999913,0,-0.09510,-0.25239,9.403,-0.579,14.915,603.853,-1,622.515,22.777,498.863,502.511,511.272,440.311,-1,-1,-1,-1,-1,-1,10.977,32.389,1,0,2,0,1,0,0,0,0,2,2,2,2,2,2,1,1
61,5901.694,-5463.372,5.088,-27.751,0.884977,0.465610,0.004823,-0.465635,0.884921,0.009965,0.000371,-0.011065,0.999939,0,-0.09510,-0.25239,9.023,-0.467,13.005,602.294,-1,616.978,15.736,496.772,499.669,514.921,436.339,-1,-1,-1,-1,-1,-1,9.949,36.131,1,0,2,0,1,0,0,0,0,2,2,2,2,2,2,1,1
62,5908.295,-5469.019,5.070,-28.131,0.881875,0.471462,0.004511,-0.471483,0.881838,0.008060,-0.000178,-0.009235,0.999957,0,-0.09510,-0.25239,8.687,-0.379,13.463,602.315,-1,613.553,14.242,495.945,498.292,518.322,433.091,-1,-1,-1,-1,-1,-1,10.564,39.659,1,0,2,0,1,0,0,0,0,2,2,2,2,2,2,1,1
63,5914.867,-5474.267,5.133,-28.439,0.879321,0.476213,0.003938,-0.476229,0.879291,0.007246,-0.000012,-0.008247,0.999966,0,-0.09510,-0.25239,8.410,-0.309,-1,603.683,-1,612.967,13.571,496.437,498.596,520.192,431.545,-1,-1,-1,-1,-1,-1,15.013,40.863,2,0,2,0,1,0,0,0,0,2,2,2,2,2,2,1,1
64,5921.341,-5479.140,5.284,-28.691,0.877222,0.480073,0.003456,-0.480085,0.877189,0.007690,0.000660,-0.008405,0.999964,0,-0.09510,-0.25239,8.103,-0.252,-1,605.768,-1,615.048,13.511,497.845,500.258,520.130,432.125,-1,-1,-1,-1,-1,-1,14.079,41.001,2,0,2,0,1,0,0,0,0,2,2,2,2,2,2,1,1
65,5927.601,-5483.688,5.499,-28.920,0.875297,0.483573,0.003443,-0.483583,0.875251,0.009106,0.001390,-0.009636,0.999953,0,-0.09510,-0.25239,7.738,-0.229,-1,607.345,-1,618.365,13.458,499.331,502.382,518.233,434.578,-1,-1,-1,-1,-1,-1,15.390,40.151,2,0,2,0,1,0,0,0,0,2,2,2,2,2,2,1,1
66,5933.644,-5487.983,5.703,-29.134,0.873479,0.486847,0.003867,-0.486858,0.873412,0.011026,0.001990,-0.011514,0.999932,0,-0.09510,-0.25239,7.413,-0.215,-1,608.065,-1,621.876,13.429,500.647,504.297,515.093,438.048,-1,-1,-1,-1,-1,-1,13.864,38.437,2,0,2,0,1,0,0,0,0,2,2,2,2,2,2,1,1
67,5939.439,-5492.067,5.829,-29.340,0.871728,0.489967,0.004674,-0.489984,0.871635,0.012937,0.002265,-0.013568,0.999905,0,-0.09510,-0.25239,7.090,-0.205,13.219,607.615,-1,624.420,13.411,501.155,505.373,511.412,441.612,-1,-1,-1,-1,-1,-1,10.743,36.585,1,0,2,0,1,0,0,0,0,2,2,2,2,2,2,1,1
68,5944.972,-5495.978,5.852,-29.532,0.870076,0.492886,0.005584,-0.492912,0.869958,0.014512,0.002295,-0.015380,0.999879,0,-0.09510,-0.25239,6.776,-0.193,9.327,606.449,-1,625.138,13.393,501.005,505.712,507.893,444.545,-1,-1,-1,-1,-1,-1,22.414,35.553,1,0,2,0,1,0,0,0,0,2,2,2,2,2,2,1,1
69,5950.288,-5499.719,5.760,-29.702,0.868612,0.495456,0.006099,-0.495488,0.868478,0.015434,0.002350,-0.016428,0.999862,0,-0.09510,-0.25239,6.500,-0.170,15.685,605.594,-1,625.099,13.297,500.678,505.698,505.413,445.997,-1,-1,-1,-1,-1,-1,22.567,35.255,1,0,2,0,1,0,0,0,0,2,2,2,2,2,2,1,1
70,5955.525,-5503.469,5.567,-29.857,0.867266,0.497811,0.005829,-0.497836,0.867121,0.016145,0.002983,-0.016904,0.999853,0,0.22461,-0.28952,6.441,-0.155,15.667,606.308,-1,625.774,13.291,501.267,506.469,503.836,446.402,-1,-1,-1,-1,-1,-1,22.582,34.225,1,0,2,0,1,0,0,0,0,2,2,2,2,2,2,1,1
71,5961.903,-5508.249,5.312,-30.058,0.865508,0.500877,0.004226,-0.500870,0.865353,0.017138,0.004927,-0.016950,0.999844,0,0.22461,-0.28952,7.971,-0.201,15.677,610.393,-1,628.921,13.295,504.205,509.656,503.000,446.059,-1,-1,-1,-1,-1,-1,22.573,33.054,1,0,2,0,1,0,0,0,0,2,2,2,2,2,2,1,1
72,5966.207,-5511.560,5.173,-30.201,0.864251,0.503052,0.002943,-0.503021,0.864094,0.017639,0.006330,-0.016724,0.999840,0,0.22461,-0.28952,5.429,-0.143,15.591,613.798,-1,631.156,13.278,506.498,512.030,503.023,445.486,-1,-1,-1,-1,-1,-1,22.641,32.823,1,0,2,0,1,0,0,0,0,2,2,2,2,2,2,1,1
73,5971.664,-5515.755,5.056,-30.374,0.862717,0.505684,0.001746,-0.505632,0.862565,0.017848,0.007519,-0.016281,0.999839,0,0.22461,-0.28952,6.883,-0.174,15.488,617.036,-1,632.726,13.269,508.484,514.032,503.452,444.600,-1,-1,-1,-1,-1,-1,22.733,32.929,1,0,2,0,1,0,0,0,0,2,2,2,2,2,2,1,1
74,5977.185,-5519.967,5.051,-30.540,0.861254,0.508173,0.001428,-0.508117,0.861110,0.017507,0.007666,-0.015804,0.999846,0,0.22461,-0.28952,6.944,-0.165,15.436,617.972,-1,632.023,13.268,508.789,514.289,504.134,443.845,-1,-1,-1,-1,-1,-1,22.782,33.397,1,0,2,0,1,0,0,0,0,2,2,2,2,2,2,1,1
75,5982.773,-5524.207,5.166,-30.700,0.859829,0.510578,0.001854,-0.510534,0.859693,0.016827,0.006998,-0.015415,0.999857,0,0.22461,-0.28952,7.015,-0.161,15.390,617.091,-1,629.722,13.268,507.883,513.267,504.887,443.460,-1,-1,-1,-1,-1,-1,22.830,34.026,1,0,2,0,1,0,0,0,0,2,2,2,2,2,2,1,1
76,5988.470,-5528.500,5.389,-30.859,0.858417,0.512947,0.002562,-0.512916,0.858283,0.016355,0.006190,-0.015354,0.999863,0,0.22461,-0.28952,7.133,-0.159,15.346,615.911,-1,627.646,13.272,507.022,512.257,505.287,443.863,-1,-1,-1,-1,-1,-1,22.878,35.369,1,0,2,0,1,0,0,0,0,2,2,2,2,2,2,1,1
77,5994.324,-5532.846,5.687,-31.013,0.857032,0.515253,0.003067,-0.515227,0.856888,0.016836,0.006047,-0.016010,0.999854,0,0.22461,-0.28952,7.290,-0.154,15.302,616.088,-1,627.974,13.274,507.487,512.827,504.580,445.695,-1,-1,-1,-1,-1,-1,22.929,35.812,1,0,2,0,1,0,0,0,0,2,2,2,2,2,2,1,1
78,6000.338,-5537.250,5.982,-31.164,0.855674,0.517505,0.003242,-0.517473,0.855509,0.018063,0.006574,-0.017134,0.999832,0,0.22461,-0.28952,7.455,-0.150,15.252,617.600,-1,630.313,13.282,509.146,514.757,503.004,448.372,-1,-1,-1,-1,-1,-1,22.990,34.382,1,0,2,0,1,0,0,0,0,2,2,2,2,2,2,1,1
79,6006.481,-5541.724,6.208,-31.313,0.854322,0.519734,0.003236,-0.519694,0.854135,0.019276,0.007254,-0.018150,0.999809,0,0.22461,-0.28952,7.599,-0.149,15.238,619.390,-1,632.761,13.284,510.954,516.796,501.467,450.735,-1,-1,-1,-1,-1,-1,23.007,31.551,1,0,2,0,1,0,0,0,0,2,2,2,2,2,2,1,1
80,6012.676,-5546.271,6.344,-31.468,0.852909,0.522048,0.003502,-0.522006,0.852707,0.020017,0.007463,-0.018901,0.999794,0,0.22461,-0.28952,7.684,-0.155,15.235,619.924,-1,633.574,13.284,511.694,517.782,500.143,452.401,-1,-1,-1,-1,-1,-1,23.010,29.121,1,0,2,0,1,0,0,0,0,2,2,2,2,2,2,1,1
81,6018.894,-5550.885,6.414,-31.624,0.851485,0.524363,0.004123,-0.524332,0.851277,0.020108,0.007034,-0.019283,0.999789,0,0.22461,-0.28952,7.744,-0.156,15.159,618.795,-1,632.301,13.300,511.107,517.369,499.269,453.276,-1,-1,-1,-1,-1,-1,23.113,28.569,1,0,2,0,1,0,0,0,0,2,2,2,2,2,2,1,1
82,6025.137,-5555.570,6.460,-31.771,0.850145,0.526528,0.004646,-0.526512,0.849948,0.019318,0.006222,-0.018869,0.999803,0,0.22461,-0.28952,7.805,-0.147,15.153,617.249,-1,629.412,13.300,509.874,516.005,499.788,452.750,-1,-1,-1,-1,-1,-1,23.123,29.200,1,0,2,0,1,0,0,0,0,2,2,2,2,2,2,1,1
83,6031.454,-5560.378,6.453,-31.918,0.848793,0.528703,0.004800,-0.528695,0.848613,0.018366,0.005637,-0.018127,0.999820,0,0.22461,-0.28952,7.938,-0.147,15.102,616.381,-1,626.677,13.315,509.007,514.897,500.807,451.576,-1,-1,-1,-1,-1,-1,23.196,30.197,1,0,2,0,1,0,0,0,0,2,2,2,2,2,2,1,1
84,6037.887,-5565.296,6.396,-32.066,0.847427,0.530893,0.004549,-0.530883,0.847259,0.017749,0.005568,-0.017456,0.999832,0,0.22461,-0.28952,8.098,-0.148,15.097,616.620,-1,625.112,13.314,508.913,514.520,501.613,450.496,-1,-1,-1,-1,-1,-1,23.206,30.763,1,0,2,0,1,0,0,0,0,2,2,2,2,2,2,1,1
85,6044.424,-5570.278,6.327,-32.214,0.846047,0.533092,0.004270,-0.533079,0.845886,0.017426,0.005677,-0.017019,0.999839,0,0.22461,-0.28952,8.219,-0.149,15.065,617.088,-1,624.213,13.324,509.139,514.349,501.960,449.866,-1,-1,-1,-1,-1,-1,23.255,31.375,1,0,2,0,1,0,0,0,0,2,2,2,2,2,2,1,1
86,6051.060,-5575.288,6.319,-32.361,0.844675,0.535263,0.004168,-0.535246,0.844511,0.017673,0.005940,-0.017159,0.999835,0,0.22461,-0.28952,8.314,-0.147,15.041,617.664,-1,624.231,13.331,509.719,514.718,501.395,450.351,-1,-1,-1,-1,-1,-1,23.293,32.817,1,0,2,0,1,0,0,0,0,2,2,2,2,2,2,1,1
87,6059.163,-5581.313,6.403,-32.533,0.843066,0.537791,0.004550,-0.537774,0.842882,0.018689,0.006215,-0.018203,0.999815,0,0.22461,-0.28952,10.098,-0.172,14.994,617.879,-1,624.602,13.347,510.347,515.475,499.315,452.621,-1,-1,-1,-1,-1,-1,23.374,31.591,1,0,2,0,1,0,0,0,0,2,2,2,2,2,2,1,1
88,6064.644,-5585.342,6.490,-32.643,0.842034,0.539401,0.005015,-0.539388,0.841833,0.019442,0.006265,-0.019075,0.999798,0,0.22461,-0.28952,6.802,-0.110,15.032,617.671,-1,624.763,13.334,510.555,515.837,497.630,454.927,-1,-1,-1,-1,-1,-1,23.308,30.836,1,0,2,0,1,0,0,0,0,2,2,2,2,2,2,1,1
89,6071.537,-5590.440,6.611,-32.787,0.840671,0.541518,0.005551,-0.541509,0.840448,0.020376,0.006369,-0.020136,0.999777,0,0.22461,-0.28952,8.573,-0.144,15.028,617.581,-1,625.044,13.334,510.930,516.386,495.625,458.122,-1,-1,-1,-1,-1,-1,23.316,31.258,1,0,2,0,1,0,0,0,0,2,2,2,2,2,2,1,1
90,6078.221,-5595.535,6.965,-32.980,0.838836,0.544354,0.005714,-0.544332,0.838565,0.022609,0.007516,-0.022076,0.999728,0,0.22461,-0.28952,8.405,-0.193,14.858,619.959,-1,628.890,13.398,513.711,519.785,492.713,463.614,-1,-1,-1,-1,-1,-1,23.627,38.975,1,0,2,0,1,0,0,0,0,2,2,2,2,2,2,1,1
91,6084.776,-5600.516,7.687,-33.176,0.836952,0.547255,0.004909,-0.547179,0.836599,0.026415,0.010348,-0.024794,0.999639,0,0.22461,-0.28952,8.233,-0.196,14.794,627.069,-1,638.354,13.427,520.524,527.613,489.548,471.838,-1,-1,-1,-1,-1,-1,23.762,37.683,1,0,2,0,1,0,0,0,0,2,2,2,2,2,2,1,1
92,6091.309,-5605.373,8.665,-33.346,0.835285,0.549805,0.003688,-0.549630,0.834806,0.031698,0.014349,-0.028504,0.999491,0,0.22461,-0.28952,8.140,-0.170,14.807,637.344,-1,652.471,13.421,530.262,538.742,485.443,483.011,-1,-1,-1,-1,-1,-1,23.733,38.028,1,0,2,0,1,0,0,0,0,2,2,2,2,2,2,1,1
93,6097.823,-5610.143,9.724,-33.510,0.833648,0.552291,0.002434,-0.551984,0.833020,0.037297,0.018571,-0.032436,0.999301,0,0.20224,-1.00000,8.073,-0.164,10.371,648.412,-1,668.053,13.386,540.953,550.642,481.259,495.116,-1,-1,-1,-1,-1,-1,8.892,38.878,1,0,2,0,1,0,0,0,0,2,2,2,2,2,2,1,1
94,6104.250,-5614.824,10.732,-33.652,0.832223,0.554439,0.001557,-0.554018,0.831476,0.041371,0.021643,-0.035293,0.999143,0,0.20224,-1.00000,7.952,-0.142,-1,657.298,-1,680.116,13.291,549.518,559.818,478.809,505.014,-1,-1,-1,-1,-1,-1,-1,35.076,2,0,2,0,1,0,0,0,0,2,2,2,2,2,2,2,1
95,6110.493,-5619.584,11.529,-33.809,0.830681,0.556746,0.001613,-0.556274,0.829850,0.043681,0.022980,-0.037182,0.999044,0,0.20224,-1.00000,7.851,-0.157,-1,661.344,-1,686.351,13.409,554.181,564.946,477.362,511.945,-1,-1,-1,-1,-1,-1,-1,29.516,2,0,2,0,1,0,0,0,0,2,2,2,2,2,2,2,1
96,6116.400,-5624.626,11.929,-34.039,0.828443,0.560067,0.002913,-0.559622,0.827553,0.044485,0.022504,-0.038483,0.999006,0,0.20224,-1.00000,7.766,-0.231,-1,659.920,-1,685.891,13.679,554.154,565.146,475.739,516.005,-1,-1,-1,-1,-1,-1,-1,23.192,2,0,2,0,1,0,0,0,0,2,2,2,2,2,2,2,1
97,6122.021,-5629.894,11.851,-34.314,0.825792,0.563956,0.004647,-0.563606,0.824924,0.042993,0.020413,-0.038123,0.999065,0,0.20224,-1.00000,7.702,-0.274,-1,654.274,-1,678.312,13.782,549.846,560.075,475.618,514.968,-1,-1,-1,-1,-1,-1,-1,17.858,2,0,2,0,1,0,0,0,0,2,2,2,2,2,2,2,1
98,6127.441,-5635.394,11.329,-34.611,0.822900,0.568155,0.006027,-0.567923,0.822148,0.039202,0.017318,-0.035682,0.999213,0,0.20224,-1.00000,7.722,-0.298,10.725,646.510,-1,665.336,-1,542.780,551.415,477.872,508.229,-1,-1,-1,-1,-1,-1,8.496,-1,1,0,2,0,2,0,0,0,0,2,2,2,2,2,2,1,2
99,6132.729,-5641.161,10.392,-34.927,0.819801,0.572609,0.006739,-0.572480,0.819218,0.033883,0.013881,-0.031635,0.999403,0,0.20224,-1.00000,7.825,-0.316,16.541,638.060,-1,649.312,-1,534.387,540.931,481.889,497.135,-1,-1,-1,-1,-1,-1,22.213,-1,1,0,2,0,2,0,0,0,0,2,2,2,2,2,2,1,2
100,6137.899,-5647.143,9.108,-35.259,0.816513,0.577283,0.007148,-0.577241,0.816114,0.027402,0.009986,-0.026500,0.999599,0,0.20224,-1.00000,7.907,-0.332,16.648,628.427,-1,630.717,-1,524.419,528.729,487.002,483.147,-1,-1,-1,-1,-1,-1,22.197,-1,1,0,2,0,2,0,0,0,0,2,2,2,2,2,2,1,2
101,6143.023,-5653.174,7.666,-35.578,0.813311,0.581783,0.007315,-0.581797,0.813071,0.020691,0.006090,-0.021084,0.999759,0,0.20224,-1.00000,7.914,-0.319,16.912,618.826,-1,612.063,15.054,514.273,516.348,492.357,468.604,-1,-1,-1,-1,-1,-1,22.179,21.026,1,0,2,0,1,0,0,0,0,2,2,2,2,2,2,1,1
102,6149.307,-5660.621,6.336,-35.984,0.809175,0.587524,0.007131,-0.587553,0.809012,0.016731,0.004061,-0.017729,0.999835,0,0.20224,-1.00000,9.743,-0.406,17.352,612.643,-1,599.431,17.593,507.611,507.848,494.399,458.684,-1,-1,-1,-1,-1,-1,22.201,30.817,1,0,2,0,1,0,0,0,0,2,2,2,2,2,2,1,1
103,6153.545,-5665.653,5.830,-36.294,0.805987,0.591890,0.007119,-0.591919,0.805831,0.016355,0.003944,-0.017396,0.999841,0,0.20224,-1.00000,6.580,-0.310,17.460,611.189,-1,596.098,18.702,506.041,505.542,493.341,456.701,-1,-1,-1,-1,-1,-1,22.214,31.805,1,0,2,0,1,0,0,0,0,2,2,2,2,2,2,1,1
104,6158.849,-5671.955,5.710,-36.715,0.801616,0.597791,0.007544,-0.597822,0.801437,0.017517,0.004425,-0.018552,0.999818,0,0.20224,-1.00000,8.236,-0.421,17.432,611.171,-1,595.650,18.378,506.301,505.163,490.520,458.478,-1,-1,-1,-1,-1,-1,22.210,31.187,1,0,2,0,1,0,0,0,0,2,2,2,2,2,2,1,1
105,6164.211,-5678.297,6.050,-37.140,0.797147,0.603731,0.008091,-0.603760,0.796919,0.019868,0.005547,-0.020722,0.999770,0,0.20224,-1.00000,8.306,-0.426,17.373,613.250,-1,598.361,17.773,508.707,507.136,487.120,463.439,-1,-1,-1,-1,-1,-1,22.204,28.471,1,0,2,0,1,0,0,0,0,2,2,2,2,2,2,1,1
106,6169.681,-5684.637,6.683,-37.542,0.792889,0.609310,0.008274,-0.609324,0.792603,0.022452,0.007123,-0.022843,0.999714,0,0.20224,-1.00000,8.373,-0.401,17.266,617.093,-1,602.915,16.893,512.716,510.627,484.673,469.257,-1,-1,-1,-1,-1,-1,22.191,25.663,1,0,2,0,1,0,0,0,0,2,2,2,2,2,2,1,1
107,6175.110,-5690.949,7.477,-37.924,0.788794,0.614604,0.008167,-0.614599,0.788464,0.024330,0.008514,-0.024211,0.999671,0,0.20224,-1.00000,8.326,-0.383,17.349,621.285,-1,607.047,17.555,516.932,514.077,484.043,474.164,-1,-1,-1,-1,-1,-1,22.200,19.933,1,0,2,0,1,0,0,0,0,2,2,2,2,2,2,1,1
108,6180.391,-5697.297,8.263,-38.312,0.784609,0.619936,0.008238,-0.619923,0.784257,0.025229,0.009180,-0.024903,0.999648,0,0.20224,-1.00000,8.257,-0.388,17.612,624.234,-1,609.060,-1,519.862,516.080,484.552,477.701,-1,-1,-1,-1,-1,-1,22.239,-1,1,0,2,0,2,0,0,0,0,2,2,2,2,2,2,1,2
109,6185.505,-5703.717,8.861,-38.716,0.780222,0.625440,0.008816,-0.625439,0.779864,0.025276,0.008934,-0.025235,0.999642,0,0.20224,-1.00000,8.208,-0.404,17.500,624.742,-1,608.228,-1,520.632,515.918,485.127,479.907,-1,-1,-1,-1,-1,-1,22.220,-1,1,0,2,0,2,0,0,0,0,2,2,2,2,2,2,1,2
110,6190.512,-5710.218,9.195,-39.127,0.775717,0.631012,0.009311,-0.631025,0.775369,0.024702,0.008368,-0.025037,0.999651,0,0.20224,-1.00000,8.205,-0.411,17.423,624.115,-1,605.565,-1,520.161,514.567,485.936,480.325,-1,-1,-1,-1,-1,-1,22.210,-1,1,0,2,0,2,0,0,0,0,2,2,2,2,2,2,1,2
111,6195.480,-5716.801,9.277,-39.534,0.771227,0.636492,0.009259,-0.636509,0.770901,0.023842,0.008038,-0.024281,0.999673,0,0.20224,-1.00000,8.248,-0.406,17.561,623.721,-1,602.393,-1,519.183,512.845,487.123,479.028,-1,-1,-1,-1,-1,-1,22.229,-1,1,0,2,0,2,0,0,0,0,2,2,2,2,2,2,1,2
112,6200.415,-5723.464,9.189,-39.932,0.766783,0.641845,0.008842,-0.641855,0.766477,0.023148,0.008080,-0.023424,0.999693,0,0.20224,-1.00000,8.291,-0.398,17.481,623.838,-1,599.566,15.889,518.058,510.905,488.095,477.131,-1,-1,-1,-1,-1,-1,22.217,16.096,1,0,2,0,1,0,0,0,0,2,2,2,2,2,2,1,1
113,6205.388,-5730.155,8.992,-40.320,0.762419,0.647028,0.008442,-0.647030,0.762123,0.022821,0.008331,-0.022861,0.999704,0,0.20224,-1.00000,8.337,-0.388,17.389,623.874,-1,597.157,17.920,517.016,509.153,488.268,475.532,-1,-1,-1,-1,-1,-1,22.205,19.909,1,0,2,0,1,0,0,0,0,2,2,2,2,2,2,1,1
114,6210.523,-5737.039,8.733,-40.701,0.758092,0.652097,0.008124,-0.652084,0.757786,0.023398,0.009101,-0.023035,0.999693,0,0.49275,-0.31678,8.588,-0.381,17.367,624.376,-1,596.247,17.717,516.612,508.276,486.981,475.741,-1,-1,-1,-1,-1,-1,22.202,19.318,1,0,2,0,1,0,0,0,0,2,2,2,2,2,2,1,1
115,6215.807,-5744.317,8.534,-41.115,0.753344,0.657581,0.007785,-0.657541,0.753002,0.025031,0.010598,-0.023976,0.999656,0,0.49275,-0.31678,8.994,-0.415,17.367,626.202,-1,597.499,16.686,517.427,508.807,484.522,477.852,-1,-1,-1,-1,-1,-1,22.203,16.850,1,0,2,0,1,0,0,0,0,2,2,2,2,2,2,1,1
116,6221.235,-5751.887,8.495,-41.567,0.748127,0.663510,0.007781,-0.663448,0.747744,0.026756,0.011935,-0.025179,0.999612,0,0.49275,-0.31678,9.315,-0.452,16.941,627.887,-1,598.796,8.999,518.217,509.356,481.994,480.951,-1,-1,-1,-1,-1,-1,22.179,8.979,1,0,2,0,1,0,0,0,0,2,2,2,2,2,2,1,1
117,6226.953,-5759.708,8.594,-42.004,0.743036,0.669201,0.008217,-0.669133,0.742617,0.027938,0.012594,-0.026257,0.999576,0,0.49275,-0.31678,9.688,-0.437,16.746,628.384,-1,598.860,-1,518.118,509.002,479.985,484.159,-1,-1,-1,-1,-1,-1,22.187,-1,1,0,2,0,2,0,0,0,0,2,2,2,2,2,2,1,2
118,6232.977,-5767.803,8.771,-42.419,0.738179,0.674545,0.008942,-0.674488,0.737740,0.028392,0.012554,-0.026990,0.999557,0,0.49275,-0.31678,10.090,-0.414,16.527,627.643,-1,597.352,-1,517.002,507.555,478.737,486.417,-1,-1,-1,-1,-1,-1,22.215,-1,1,0,2,0,2,0,0,0,0,2,2,2,2,2,2,1,2
119,6239.300,-5776.166,8.982,-42.808,0.733586,0.679531,0.009409,-0.679490,0.733156,0.027845,0.012023,-0.026820,0.999568,0,0.49275,-0.31678,10.485,-0.389,16.396,625.764,-1,594.243,-1,515.261,505.198,479.133,486.875,-1,-1,-1,-1,-1,-1,22.241,-1,1,0,2,0,2,0,0,0,0,2,2,2,2,2,2,1,2
120,6245.889,-5784.833,9.212,-43.176,0.729206,0.684226,0.009621,-0.684201,0.728802,0.026769,0.011304,-0.026103,0.999595,0,0.49275,-0.31678,10.888,-0.369,16.388,624.035,-1,590.416,-1,513.570,502.574,480.570,486.259,-1,-1,-1,-1,-1,-1,22.243,-1,1,0,2,0,2,0,0,0,0,2,2,2,2,2,2,1,2
121,6252.667,-5793.882,9.433,-43.550,0.724735,0.688958,0.009825,-0.688940,0.724341,0.026314,0.011013,-0.025839,0.999605,0,0.49275,-0.31678,11.306,-0.373,16.349,623.072,-1,587.783,13.770,511.941,500.759,481.237,486.633,-1,-1,-1,-1,-1,-1,22.253,15.551,1,0,2,0,1,0,0,0,0,2,2,2,2,2,2,1,1
122,6259.610,-5803.276,9.695,-43.923,0.720227,0.693672,0.009636,-0.693644,0.719829,0.026519,0.011459,-0.025784,0.999602,0,0.49275,-0.31678,11.682,-0.373,16.286,623.833,-1,587.012,13.689,511.294,500.153,481.762,487.672,-1,-1,-1,-1,-1,-1,22.271,17.950,1,0,2,0,1,0,0,0,0,2,2,2,2,2,2,1,1
123,6266.715,-5812.955,9.999,-44.313,0.715484,0.698564,0.009481,-0.698524,0.715075,0.027052,0.012118,-0.025978,0.999589,0,0.49275,-0.31678,12.007,-0.390,16.059,624.922,-1,586.910,13.476,510.997,499.827,482.062,489.387,-1,-1,-1,-1,-1,-1,22.352,16.973,1,0,2,0,1,0,0,0,0,2,2,2,2,2,2,1,1
124,6274.129,-5822.783,10.320,-44.695,0.710810,0.703315,0.009847,-0.703279,0.710393,0.027224,0.012152,-0.026276,0.999581,0,0.49275,-0.31678,12.311,-0.382,15.899,624.369,-1,585.557,9.346,509.639,498.488,482.105,491.328,-1,-1,-1,-1,-1,-1,22.430,9.035,1,0,2,0,1,0,0,0,0,2,2,2,2,2,2,1,1
125,6281.777,-5832.845,10.624,-45.072,0.706174,0.707955,0.010865,-0.707943,0.705744,0.027234,0.011613,-0.026924,0.999570,0,0.49275,-0.31678,12.638,-0.377,15.765,622.135,-1,583.121,8.754,507.180,496.167,481.372,493.907,-1,-1,-1,-1,-1,-1,22.510,8.426,1,0,2,0,1,0,0,0,0,2,2,2,2,2,2,1,1
126,6289.643,-5843.133,10.926,-45.441,0.701603,0.712462,0.012273,-0.712489,0.701165,0.026979,0.010616,-0.027672,0.999561,0,0.49275,-0.31678,12.950,-0.369,15.652,619.012,-1,579.751,13.290,503.912,493.080,480.408,496.683,-1,-1,-1,-1,-1,-1,22.591,18.654,1,0,2,0,1,0,0,0,0,2,2,2,2,2,2,1,1
127,6297.773,-5853.719,11.151,-45.796,0.697182,0.716767,0.013500,-0.716825,0.696728,0.027075,0.010001,-0.028553,0.999542,0,0.49275,-0.31678,13.348,-0.355,15.597,616.130,-1,577.118,13.279,501.422,490.494,479.129,499.807,-1,-1,-1,-1,-1,-1,22.635,20.472,1,0,2,0,1,0,0,0,0,2,2,2,2,2,2,1,1
128,6306.117,-5864.617,11.334,-46.142,0.692840,0.720956,0.013993,-0.721019,0.692364,0.027629,0.010231,-0.029231,0.999520,0,0.49275,-0.31678,13.725,-0.346,15.550,615.089,-1,576.061,13.272,500.556,489.330,478.273,502.564,-1,-1,-1,-1,-1,-1,22.675,21.354,1,0,2,0,1,0,0,0,0,2,2,2,2,2,2,1,1
129,6314.590,-5875.676,11.460,-46.483,0.688536,0.725065,0.014102,-0.725123,0.688044,0.028141,0.010701,-0.029601,0.999505,0,0.23573,-1.00000,13.932,-0.341,15.635,614.673,-1,575.161,13.285,500.031,488.486,477.844,503.815,-1,-1,-1,-1,-1,-1,22.606,24.549,1,0,2,0,1,0,0,0,0,2,2,2,2,2,2,1,1
130,6322.920,-5886.735,11.551,-46.839,0.684014,0.729311,0.015167,-0.729397,0.683504,0.028324,0.010290,-0.030437,0.999484,0,0.23573,-1.00000,13.846,-0.357,16.128,611.737,-1,572.563,13.533,497.264,486.094,476.410,506.459,-1,-1,-1,-1,-1,-1,22.323,24.327,1,0,2,0,1,0,0,0,0,2,2,2,2,2,2,1,1
131,6330.870,-5897.849,11.704,-47.255,0.678714,0.734203,0.017151,-0.734350,0.678198,0.027880,0.008838,-0.031517,0.999464,0,0.23573,-1.00000,13.664,-0.416,16.137,606.336,-1,567.888,13.539,492.624,481.948,474.697,509.628,-1,-1,-1,-1,-1,-1,22.320,25.124,1,0,2,0,1,0,0,0,0,2,2,2,2,2,2,1,1
132,6338.579,-5909.049,11.929,-47.700,0.672988,0.739406,0.019126,-0.739615,0.672465,0.027589,0.007537,-0.032713,0.999436,0,0.23573,-1.00000,13.597,-0.446,16.339,601.423,-1,563.738,13.760,488.337,478.046,473.448,513.267,-1,-1,-1,-1,-1,-1,22.255,27.718,1,0,2,0,1,0,0,0,0,2,2,2,2,2,2,1,1
133,6346.146,-5920.308,12.219,-48.155,0.667096,0.744685,0.020672,-0.744939,0.666551,0.027841,0.006954,-0.033972,0.999399,0,0.23573,-1.00000,13.565,-0.455,16.651,599.335,-1,561.317,14.305,485.375,475.479,472.298,517.345,-1,-1,-1,-1,-1,-1,22.195,27.960,1,0,2,0,1,0,0,0,0,2,2,2,2,2,2,1,1
134,6353.417,-5931.702,12.524,-48.644,0.660716,0.750327,0.021555,-0.750602,0.660140,0.028490,0.007147,-0.035003,0.999362,0,0.23573,-1.00000,13.517,-0.489,16.628,599.047,-1,560.333,14.255,484.012,474.104,471.699,521.034,-1,-1,-1,-1,-1,-1,22.200,27.431,1,0,2,0,1,0,0,0,0,2,2,2,2,2,2,1,1
135,6360.492,-5943.166,12.796,-49.146,0.654119,0.756077,0.021822,-0.756353,0.653523,0.028942,0.007622,-0.035437,0.999343,0,0.23573,-1.00000,13.471,-0.501,16.537,598.949,-1,559.422,14.073,483.436,472.987,472.118,523.297,-1,-1,-1,-1,-1,-1,22.212,28.917,1,0,2,0,1,0,0,0,0,2,2,2,2,2,2,1,1
136,6367.513,-5954.638,13.074,-49.621,0.647823,0.761493,0.021293,-0.761745,0.647224,0.029084,0.008366,-0.035061,0.999350,0,0.23573,-1.00000,13.450,-0.475,16.512,600.159,-1,558.933,14.018,483.529,472.438,474.060,523.806,-1,-1,-1,-1,-1,-1,22.218,30.949,1,0,2,0,1,0,0,0,0,2,2,2,2,2,2,1,1
137,6374.372,-5966.126,13.398,-50.086,0.641610,0.766749,0.020799,-0.766977,0.641006,0.029288,0.009124,-0.034744,0.999355,0,0.23573,-1.00000,13.380,-0.465,16.913,601.503,-1,559.010,15.059,483.749,472.058,476.041,524.587,-1,-1,-1,-1,-1,-1,22.180,31.411,1,0,2,0,1,0,0,0,0,2,2,2,2,2,2,1,1
138,6380.856,-5977.672,13.740,-50.610,0.634572,0.772567,0.021395,-0.772805,0.633940,0.029872,0.009515,-0.035490,0.999325,0,0.23573,-1.00000,13.242,-0.524,16.980,601.517,-1,558.917,15.324,482.531,471.135,476.133,527.706,-1,-1,-1,-1,-1,-1,22.178,30.298,1,0,2,0,1,0,0,0,0,2,2,2,2,2,2,1,1
139,6386.998,-5989.272,14.043,-51.178,0.626870,0.778800,0.022459,-0.779062,0.626198,0.030641,0.009799,-0.036704,0.999278,0,0.23573,-1.00000,13.125,-0.569,16.925,601.147,-1,558.542,15.103,480.764,469.905,475.278,531.703,-1,-1,-1,-1,-1,-1,22.179,30.250,1,0,2,0,1,0,0,0,0,2,2,2,2,2,2,1,1
140,6392.938,-6000.890,14.295,-51.759,0.618937,0.785093,0.023359,-0.785374,0.618227,0.031346,0.010169,-0.037746,0.999236,0,0.23573,-1.00000,13.048,-0.581,16.808,600.878,-1,558.068,14.713,479.024,468.502,474.544,534.885,-1,-1,-1,-1,-1,-1,22.183,30.822,1,0,2,0,1,0,0,0,0,2,2,2,2,2,2,1,1
141,6398.864,-6012.468,14.513,-52.305,0.611426,0.790953,0.023499,-0.791230,0.610700,0.031623,0.010661,-0.037928,0.999224,0,0.23573,-1.00000,13.007,-0.546,16.708,600.805,-1,557.263,14.435,478.108,467.173,475.121,535.629,-1,-1,-1,-1,-1,-1,22.191,32.907,1,0,2,0,1,0,0,0,0,2,2,2,2,2,2,1,1
142,6404.761,-6023.982,14.808,-52.807,0.604468,0.796295,0.023058,-0.796548,0.603739,0.031795,0.011397,-0.037586,0.999228,0,0.23573,-1.00000,12.937,-0.502,9.973,602.057,-1,556.937,14.198,478.133,466.435,476.942,535.393,-1,-1,-1,-1,-1,-1,22.203,35.889,1,0,2,0,1,0,0,0,0,2,2,2,2,2,2,1,1
143,6410.701,-6035.487,15.137,-53.271,0.597989,0.801185,0.022621,-0.801402,0.597224,0.032835,0.012798,-0.037763,0.999205,0,0.23573,-1.00000,12.948,-0.464,15.018,604.741,-1,558.596,14.042,479.410,467.065,478.192,536.926,-1,-1,-1,-1,-1,-1,11.849,36.711,1,0,2,0,1,0,0,0,0,2,2,2,2,2,2,1,1
144,6416.744,-6047.053,15.499,-53.705,0.591874,0.805726,0.022141,-0.805896,0.591052,0.034487,0.014701,-0.038255,0.999160,0,0.41840,-0.66520,13.049,-0.435,-1,606.190,-1,563.111,13.974,481.673,468.900,479.003,539.800,-1,-1,-1,-1,-1,-1,17.792,36.411,2,0,2,0,1,0,0,0,0,2,2,2,2,2,2,1,1
145,6422.759,-6058.841,15.921,-54.154,0.585526,0.810351,0.022164,-0.810483,0.584622,0.036538,0.016651,-0.039357,0.999086,0,0.41840,-0.66520,13.234,-0.449,-1,607.110,-1,569.781,13.884,483.526,471.001,478.450,544.431,-1,-1,-1,-1,-1,-1,-1,35.502,2,0,2,0,1,0,0,0,0,2,2,2,2,2,2,2,1
146,6428.829,-6070.801,16.326,-54.599,0.579201,0.814876,0.022449,-0.814985,0.578230,0.038068,0.018040,-0.040345,0.999023,0,0.41840,-0.66520,13.412,-0.445,-1,606.845,-1,574.449,13.831,484.240,472.091,478.093,548.675,-1,-1,-1,-1,-1,-1,-1,34.580,2,0,2,0,1,0,0,0,0,2,2,2,2,2,2,2,1
147,6434.873,-6082.907,16.715,-55.043,0.572862,0.819325,0.023149,-0.819440,0.571845,0.038866,0.018606,-0.041234,0.998976,0,0.41840,-0.66520,13.530,-0.444,-1,606.358,-1,576.365,13.815,483.793,471.834,477.913,552.521,-1,-1,-1,-1,-1,-1,-1,34.758,2,0,2,0,1,0,0,0,0,2,2,2,2,2,2,2,1
148,6440.897,-6095.214,17.111,-55.501,0.566295,0.823852,0.024051,-0.823985,0.565235,0.039468,0.018921,-0.042169,0.998931,0,0.41840,-0.66520,13.703,-0.458,-1,605.727,-1,577.711,13.832,483.138,471.260,477.649,556.499,-1,-1,-1,-1,-1,-1,-1,35.240,2,0,2,0,1,0,0,0,0,2,2,2,2,2,2,2,1
149,6446.944,-6107.746,17.475,-55.956,0.559720,0.828319,0.024520,-0.828448,0.558615,0.040279,0.019666,-0.042859,0.998888,0,0.41840,-0.66520,13.915,-0.455,-1,606.137,-1,579.822,13.960,483.219,471.292,477.561,559.820,-1,-1,-1,-1,-1,-1,-1,35.590,2,0,2,0,1,0,0,0,0,2,2,2,2,2,2,2,1
150,6452.869,-6120.490,17.899,-56.428,0.552864,0.832906,0.024662,-0.833018,0.551725,0.040990,0.020534,-0.043205,0.998855,0,0.41840,-0.66520,14.054,-0.472,-1,606.811,-1,582.134,14.286,483.642,471.547,477.904,562.484,-1,-1,-1,-1,-1,-1,-1,36.092,2,0,2,0,1,0,0,0,0,2,2,2,2,2,2,2,1
151,6458.626,-6133.500,18.379,-56.935,0.545460,0.837772,0.024720,-0.837848,0.544261,0.042303,0.021986,-0.043786,0.998799,0,0.41840,-0.66520,14.226,-0.507,-1,608.752,-1,586.717,14.124,485.075,472.872,478.031,566.044,-1,-1,-1,-1,-1,-1,-1,36.765,2,0,2,0,1,0,0,0,0,2,2,2,2,2,2,2,1
152,6464.397,-6146.661,18.914,-57.427,0.538225,0.842454,0.024178,-0.842468,0.536985,0.043523,0.023683,-0.043795,0.998760,0,0.41840,-0.66520,14.371,-0.492,-1,611.803,-1,591.724,14.050,486.912,474.670,479.345,568.332,-1,-1,-1,-1,-1,-1,-1,37.820,2,0,2,0,1,0,0,0,0,2,2,2,2,2,2,2,1
153,6470.149,-6159.988,19.508,-57.911,0.531066,0.847002,0.023608,-0.846949,0.529784,0.044794,0.025433,-0.043784,0.998717,0,0.41840,-0.66520,14.516,-0.484,-1,615.502,-1,597.586,14.333,489.169,476.698,481.112,570.499,-1,-1,-1,-1,-1,-1,-1,36.982,2,0,2,0,1,0,0,0,0,2,2,2,2,2,2,2,1
154,6475.755,-6173.499,20.051,-58.422,0.523467,0.851726,0.023358,-0.851629,0.522156,0.045617,0.026657,-0.043771,0.998686,0,0.41840,-0.66520,14.627,-0.512,-1,618.129,-1,602.031,14.536,490.551,478.255,482.211,571.777,-1,-1,-1,-1,-1,-1,-1,34.756,2,0,2,0,1,0,0,0,0,2,2,2,2,2,2,2,1
155,6481.096,-6187.244,20.521,-58.974,0.515235,0.856725,0.023562,-0.856603,0.513885,0.046417,0.027658,-0.044099,0.998644,0,0.41840,-0.66520,14.746,-0.551,-1,622.271,-1,605.900,17.230,491.071,479.945,482.633,573.622,-1,-1,-1,-1,-1,-1,-1,33.679,2,0,2,0,1,0,0,0,0,2,2,2,2,2,2,2,1
156,6485.941,-6201.240,20.941,-59.600,0.505824,0.862283,0.024717,-0.862156,0.504378,0.047852,0.028795,-0.045515,0.998549,0,0.41840,-0.66520,14.811,-0.626,-1,625.706,-1,610.928,18.992,491.168,481.797,481.051,576.675,-1,-1,-1,-1,-1,-1,17.981,33.280,2,0,2,0,1,0,0,0,0,2,2,2,2,2,2,1,1
157,6490.409,-6215.288,21.428,-60.282,0.495511,0.868227,0.025492,-0.868101,0.494017,0.048449,0.029471,-0.046136,0.998500,0,0.41840,-0.66520,14.742,-0.682,15.392,628.750,-1,614.371,17.580,490.468,482.294,480.928,578.193,-1,-1,-1,-1,-1,-1,11.578,33.865,1,0,2,0,1,0,0,0,0,2,2,2,2,2,2,1,1
158,6494.864,-6229.478,22.019,-60.943,0.485444,0.873919,0.024701,-0.873714,0.483937,0.049272,0.031106,-0.045500,0.998480,0,0.41840,-0.66520,14.873,-0.661,-1,633.662,-1,619.797,16.623,492.499,484.485,482.792,576.897,-1,-1,-1,-1,-1,-1,13.084,36.910,2,0,2,0,1,0,0,0,0,2,2,2,2,2,2,1,1
159,6499.325,-6243.930,22.619,-61.577,0.475698,0.879308,0.022974,-0.878936,0.474152,0.051487,0.034380,-0.044684,0.998409,0,0.41840,-0.66520,15.124,-0.634,-1,647.134,-1,629.938,16.112,497.935,489.704,485.596,575.202,-1,-1,-1,-1,-1,-1,-1,36.777,2,0,2,0,1,0,0,0,0,2,2,2,2,2,2,2,1
160,6503.727,-6258.605,23.201,-62.204,0.465985,0.884542,0.021084,-0.883961,0.464381,0.054436,0.038360,-0.044004,0.998295,0,0.41840,-0.66520,15.322,-0.627,-1,667.953,-1,642.457,15.859,504.790,497.497,488.205,573.796,-1,-1,-1,-1,-1,-1,-1,36.087,2,0,2,0,1,0,0,0,0,2,2,2,2,2,2,2,1
161,6507.942,-6273.354,23.902,-62.837,0.456118,0.889696,0.019905,-0.888940,0.454454,0.057066,0.041726,-0.043723,0.998172,0,0.41840,-0.66520,15.340,-0.634,-1,685.725,-1,655.722,15.395,510.658,505.356,490.145,573.725,-1,-1,-1,-1,-1,-1,-1,36.065,2,0,2,0,1,0,0,0,0,2,2,2,2,2,2,2,1
162,6512.066,-6288.112,24.703,-63.463,0.446339,0.894662,0.019015,-0.893790,0.444663,0.058424,0.043815,-0.043073,0.998111,0,0.41840,-0.66520,15.323,-0.626,-1,696.175,-1,666.883,15.102,514.321,510.672,492.401,572.877,-1,-1,-1,-1,-1,-1,-1,34.814,2,0,2,0,1,0,0,0,0,2,2,2,2,2,2,2,1
163,6516.087,-6302.946,25.522,-64.086,0.436584,0.899473,0.018502,-0.898538,0.434917,0.058963,0.044989,-0.042367,0.998089,0,0.41840,-0.66520,15.369,-0.622,-1,703.443,-1,674.892,14.213,516.740,513.392,494.720,571.808,-1,-1,-1,-1,-1,-1,-1,34.984,2,0,2,0,1,0,0,0,0,2,2,2,2,2,2,2,1
164,6520.093,-6317.860,26.311,-64.695,0.426987,0.904072,0.018339,-0.903090,0.425317,0.059445,0.045942,-0.041943,0.998063,0,0.29096,-1.00000,15.443,-0.609,-1,709.386,-1,682.365,14.064,518.638,515.682,496.565,571.255,-1,-1,-1,-1,-1,-1,-1,35.615,2,0,2,0,1,0,0,0,0,2,2,2,2,2,2,2,1
165,6524.062,-6332.788,27.055,-65.291,0.417546,0.908463,0.018714,-0.907441,0.415834,0.060279,0.046979,-0.042152,0.998006,0,0.29096,-1.00000,15.446,-0.596,-1,714.676,-1,688.764,13.948,520.253,518.609,497.185,572.104,-1,-1,-1,-1,-1,-1,-1,36.154,2,0,2,0,1,0,0,0,0,2,2,2,2,2,2,2,1
166,6528.045,-6347.717,27.815,-65.860,0.408472,0.912566,0.019339,-0.911464,0.406662,0.062130,0.048833,-0.043005,0.997881,0,0.29096,-1.00000,15.452,-0.569,-1,719.831,-1,704.570,13.813,523.527,524.338,496.696,574.643,-1,-1,-1,-1,-1,-1,-1,38.265,2,0,2,0,1,0,0,0,0,2,2,2,2,2,2,2,1
167,6531.946,-6362.595,28.652,-66.409,0.399684,0.916432,0.020102,-0.915230,0.397747,0.064430,0.051050,-0.044149,0.997720,0,0.29096,-1.00000,15.381,-0.548,-1,726.081,-1,724.497,13.718,527.775,531.161,495.958,578.198,-1,-1,-1,-1,-1,-1,16.358,37.739,2,0,2,0,1,0,0,0,0,2,2,2,2,2,2,1,1
168,6535.817,-6377.474,29.495,-66.938,0.391166,0.920081,0.020957,-0.918758,0.389074,0.067125,0.053606,-0.045512,0.997524,0,0.29096,-1.00000,15.374,-0.529,-1,733.227,-1,746.726,13.652,533.094,538.504,494.914,582.356,-1,-1,-1,-1,-1,-1,17.074,36.722,2,0,2,0,1,0,0,0,0,2,2,2,2,2,2,1,1
169,6539.666,-6392.309,30.334,-67.446,0.382948,0.923511,0.021852,-0.922073,0.380705,0.069601,0.055958,-0.046803,0.997336,0,0.29096,-1.00000,15.326,-0.508,-1,739.665,-1,767.969,13.659,538.295,544.524,494.005,589.809,-1,-1,-1,-1,-1,-1,18.075,35.788,2,0,2,0,1,0,0,0,0,2,2,2,2,2,2,1,1
170,6543.408,-6407.134,31.095,-67.946,0.374847,0.926804,0.022899,-0.925262,0.372447,0.071926,0.058133,-0.048149,0.997147,0,0.29096,-1.00000,15.290,-0.500,-1,746.361,-1,788.994,13.722,542.805,550.412,492.859,608.449,-1,-1,-1,-1,-1,-1,14.975,33.152,2,0,2,0,1,0,0,0,0,2,2,2,2,2,2,1,1
171,6546.915,-6421.920,31.629,-68.472,0.366316,0.930193,0.023533,-0.928615,0.363855,0.072686,0.059049,-0.048479,0.997077,0,0.29096,-1.00000,15.197,-0.526,12.616,747.328,-1,801.593,13.856,543.853,553.833,492.772,620.160,-1,-1,-1,-1,-1,-1,10.015,24.400,1,0,2,0,1,0,0,0,0,2,2,2,2,2,2,1,1
172,6550.015,-6436.565,31.925,-69.015,0.357529,0.933613,0.023232,-0.932135,0.355212,0.070349,0.057427,-0.046808,0.997252,0,0.29096,-1.00000,14.969,-0.543,16.430,739.501,-1,797.710,9.607,539.120,550.694,495.294,626.868,-1,-1,-1,-1,-1,-1,22.234,9.443,1,0,2,0,1,0,0,0,0,2,2,2,2,2,2,1,1
173,6552.704,-6451.222,31.975,-69.574,0.348470,0.937062,0.021985,-0.935714,0.346405,0.066647,0.054837,-0.043796,0.997534,0,0.29096,-1.00000,14.901,-0.559,16.521,728.435,-1,786.218,-1,531.925,544.608,499.474,630.147,-1,-1,-1,-1,-1,-1,22.215,-1,1,0,2,0,2,0,0,0,0,2,2,2,2,2,2,1,2
174,6554.970,-6465.934,31.836,-70.171,0.338753,0.940658,0.020220,-0.939415,0.336951,0.062961,0.052412,-0.040323,0.997811,0,0.29096,-1.00000,14.886,-0.597,16.714,717.492,-1,774.412,-1,524.624,538.412,504.889,631.269,-1,-1,-1,-1,-1,-1,22.189,-1,1,0,2,0,2,0,0,0,0,2,2,2,2,2,2,1,2
175,6556.969,-6480.704,31.605,-70.789,0.328635,0.944282,0.018174,-0.943114,0.327080,0.059622,0.050355,-0.036734,0.998056,0,0.29096,-1.00000,14.904,-0.618,17.012,707.563,-1,764.078,-1,518.100,532.830,510.144,631.518,-1,-1,-1,-1,-1,-1,22.178,-1,1,0,2,0,2,0,0,0,0,2,2,2,2,2,2,1,2
176,6558.665,-6495.500,31.455,-71.431,0.318060,0.947927,0.016487,-0.946814,0.316696,0.056985,0.048797,-0.033735,0.998239,0,0.29096,-1.00000,14.893,-0.643,17.116,698.837,-1,757.603,15.948,512.677,528.701,514.402,632.080,-1,-1,-1,-1,-1,-1,22.181,18.253,1,0,2,0,1,0,0,0,0,2,2,2,2,2,2,1,1
177,6560.141,-6510.313,31.565,-72.087,0.307201,0.951526,0.015048,-0.950402,0.305954,0.055935,0.048620,-0.031485,0.998321,0,0.28734,-0.57381,14.887,-0.656,17.147,695.083,-1,771.957,16.129,510.582,528.302,518.141,633.909,-1,-1,-1,-1,-1,-1,22.183,24.047,1,0,2,0,1,0,0,0,0,2,2,2,2,2,2,1,1
178,6561.456,-6525.100,32.080,-72.746,0.296247,0.955010,0.013914,-0.953813,0.295054,0.056431,0.049787,-0.029989,0.998310,0,0.28734,-0.57381,14.845,-0.658,16.998,696.632,-1,801.617,15.379,512.108,533.667,516.855,637.414,-1,-1,-1,-1,-1,-1,22.179,27.318,1,0,2,0,1,0,0,0,0,2,2,2,2,2,2,1,1
179,6562.683,-6539.779,33.018,-73.387,0.285535,0.958277,0.013226,-0.956987,0.284356,0.057593,0.051430,-0.029102,0.998253,0,0.28734,-0.57381,14.730,-0.641,17.079,700.900,-1,824.389,15.802,515.625,540.751,515.381,642.551,-1,-1,-1,-1,-1,-1,22.180,20.603,1,0,2,0,1,0,0,0,0,2,2,2,2,2,2,1,1
180,6563.435,-6554.209,34.169,-74.097,0.273647,0.961736,0.013478,-0.960423,0.272462,0.057889,0.052002,-0.028786,0.998232,0,0.28734,-0.57381,14.450,-0.710,17.093,700.619,-1,843.215,-1,517.623,546.627,514.691,646.508,-1,-1,-1,-1,-1,-1,22.180,-1,1,0,2,0,2,0,0,0,0,2,2,2,2,2,2,1,2
181,6563.945,-6568.497,35.347,-74.847,0.261055,0.965225,0.013805,-0.963939,0.259888,0.057267,0.051688,-0.028257,0.998263,0,0.28734,-0.57381,14.297,-0.750,16.964,697.041,-1,857.848,-1,520.174,550.912,516.621,648.946,-1,-1,-1,-1,-1,-1,22.177,-1,1,0,2,0,2,0,0,0,0,2,2,2,2,2,2,1,2
182,6564.342,-6582.685,36.515,-75.579,0.248726,0.968473,0.013968,-0.967248,0.247606,0.055879,0.050659,-0.027409,0.998340,0,0.28734,-0.57381,14.193,-0.732,16.858,691.385,-1,866.930,-1,521.672,553.600,541.255,650.962,-1,-1,-1,-1,-1,-1,22.181,-1,1,0,2,0,2,0,0,0,0,2,2,2,2,2,2,1,2
183,6564.640,-6596.861,37.609,-76.278,0.236923,0.971430,0.013806,-0.970260,0.235864,0.054445,0.049633,-0.026295,0.998421,0,0.28734,-0.57381,14.179,-0.699,16.764,687.294,-1,874.916,-1,522.863,555.973,879.023,653.051,-1,-1,-1,-1,-1,-1,22.185,-1,1,0,2,0,2,0,0,0,0,2,2,2,2,2,2,1,2
184,6564.860,-6611.053,38.590,-76.954,0.225460,0.974163,0.013171,-0.973021,0.224475,0.053307,0.048973,-0.024834,0.998491,0,0.28734,-0.57381,14.194,-0.676,16.680,685.544,-1,883.275,-1,524.526,561.189,916.097,654.967,-1,-1,-1,-1,-1,-1,22.193,-1,1,0,2,0,2,0,0,0,0,2,2,2,2,2,2,1,2
185,6565.000,-6625.268,39.448,-77.614,0.214242,0.976704,0.012222,-0.975560,0.213332,0.052660,0.048826,-0.023205,0.998538,0,0.28734,-0.57381,14.216,-0.660,16.610,685.359,-1,890.921,-1,526.909,568.148,949.067,656.842,-1,-1,-1,-1,-1,-1,22.201,-1,1,0,2,0,2,0,0,0,0,2,2,2,2,2,2,1,2
186,6565.018,-6642.288,40.421,-78.382,0.201143,0.979504,0.010626,-0.978318,0.200329,0.052549,0.049343,-0.020966,0.998562,0,0.28734,-0.57381,17.020,-0.768,16.530,687.823,-1,902.455,-1,531.036,577.972,987.785,659.098,-1,-1,-1,-1,-1,-1,22.213,-1,1,0,2,0,2,0,0,0,0,2,2,2,2,2,2,1,2
187,6564.939,-6653.612,41.049,-78.887,0.192504,0.981246,0.009891,-0.980039,0.191738,0.052537,0.049655,-0.019808,0.998570,0,0.28734,-0.57381,11.324,-0.505,16.468,688.867,-1,910.452,-1,534.522,584.497,-1,660.977,-1,-1,-1,-1,-1,-1,22.225,-1,1,0,2,0,2,0,0,2,0,2,2,2,2,2,2,1,2
188,6564.795,-6667.748,41.799,-79.507,0.181887,0.983273,0.009575,-0.982068,0.181156,0.052206,0.049598,-0.018899,0.998590,0,0.28734,-0.57381,14.136,-0.620,16.389,687.828,-1,919.034,-1,538.928,590.156,-1,663.932,-1,-1,-1,-1,-1,-1,22.242,-1,1,0,2,0,2,0,0,2,0,2,2,2,2,2,2,1,2
189,6564.636,-6681.857,42.511,-80.107,0.171598,0.985118,0.009839,-0.983953,0.170882,0.051338,0.048892,-0.018491,0.998633,0,0.28734,-0.57381,14.110,-0.600,16.312,686.054,-1,924.948,-1,541.666,594.990,-1,667.547,-1,-1,-1,-1,-1,-1,22.264,-1,1,0,2,0,2,0,0,2,0,2,2,2,2,2,2,1,2
190,6564.440,-6695.926,43.218,-80.689,0.161610,0.986799,0.010435,-0.985710,0.160905,0.049863,0.047525,-0.018345,0.998702,0,0.28734,-0.57381,14.070,-0.582,16.242,684.100,-1,926.045,-1,542.837,599.757,-1,671.527,-1,-1,-1,-1,-1,-1,22.283,-1,1,0,2,0,2,0,0,2,0,2,2,2,2,2,2,1,2
191,6564.205,-6709.966,43.938,-81.251,0.151945,0.988327,0.011091,-0.987327,0.151252,0.048039,0.045800,-0.018250,0.998784,0,0.28734,-0.57381,14.042,-0.562,16.176,680.584,-1,924.659,-1,543.196,603.505,-1,675.738,-1,-1,-1,-1,-1,-1,22.307,-1,1,0,2,0,2,0,0,2,0,2,2,2,2,2,2,1,2
192,6563.844,-6723.951,44.641,-81.814,0.142249,0.989752,0.012476,-0.988866,0.141543,0.045922,0.043685,-0.018870,0.998867,0,0.36140,-0.39317,13.989,-0.563,16.061,674.170,-1,922.622,-1,542.544,606.329,-1,680.448,-1,-1,-1,-1,-1,-1,22.353,-1,1,0,2,0,2,0,0,2,0,2,2,2,2,2,2,1,2
193,6563.511,-6737.921,45.438,-82.334,0.133271,0.990998,0.012727,-0.990174,0.132589,0.044437,0.042349,-0.018524,0.998931,0,0.36140,-0.39317,13.974,-0.520,15.991,673.354,-1,922.598,-1,543.693,610.904,-1,684.598,-1,-1,-1,-1,-1,-1,22.383,-1,1,0,2,0,2,0,0,2,0,2,2,2,2,2,2,1,2
194,6563.147,-6752.034,46.240,-82.832,0.124676,0.992125,0.011999,-0.991302,0.124041,0.043984,0.042149,-0.017379,0.998960,0,0.36140,-0.39317,14.117,-0.497,15.923,678.989,-1,926.065,-1,550.574,618.139,-1,688.471,-1,-1,-1,-1,-1,-1,22.418,-1,1,0,2,0,2,0,0,2,0,2,2,2,2,2,2,1,2
195,6562.724,-6766.254,46.951,-83.325,0.116125,0.993175,0.010891,-0.992331,0.115545,0.043912,0.042354,-0.015906,0.998976,0,0.36140,-0.39317,14.227,-0.494,15.855,688.469,-1,930.437,-1,559.507,626.053,-1,692.038,-1,-1,-1,-1,-1,-1,22.455,-1,1,0,2,0,2,0,0,2,0,2,2,2,2,2,2,1,2
196,6562.214,-6780.542,47.611,-83.806,0.107797,0.994123,0.009979,-0.993277,0.107269,0.043526,0.042200,-0.014604,0.999002,0,0.36140,-0.39317,14.297,-0.481,15.783,700.130,-1,933.317,-1,567.460,632.712,-1,695.808,-1,-1,-1,-1,-1,-1,22.500,-1,1,0,2,0,2,0,0,2,0,2,2,2,2,2,2,1,2
197,6561.674,-6794.867,48.205,-84.269,0.099770,0.994966,0.009362,-0.994157,0.099291,0.042351,0.041209,-0.013533,0.999059,0,0.36140,-0.39317,14.335,-0.463,15.812,707.386,-1,932.769,-1,572.946,636.933,-1,699.819,-1,-1,-1,-1,-1,-1,22.483,-1,1,0,2,0,2,0,0,2,0,2,2,2,2,2,2,1,2
198,6561.045,-6809.193,48.732,-84.734,0.091707,0.995742,0.009412,-0.995013,0.091259,0.040267,0.039237,-0.013058,0.999145,0,0.36140,-0.39317,14.340,-0.465,16.103,709.177,-1,928.622,-1,575.627,638.921,-1,704.056,-1,-1,-1,-1,-1,-1,22.336,-1,1,0,2,0,2,0,0,2,0,2,2,2,2,2,2,1,2
199,6560.218,-6823.445,49.296,-85.224,0.083209,0.996480,0.010193,-0.995870,0.082776,0.037296,0.036320,-0.013255,0.999252,0,0.36140,-0.39317,14.275,-0.490,16.207,706.097,-1,921.944,-1,576.195,638.794,-1,708.273,-1,-1,-1,-1,-1,-1,22.295,-1,1,0,2,0,2,0,0,2,0,2,2,2,2,2,2,1,2
200,6559.181,-6837.659,49.969,-85.731,0.074393,0.997173,0.010558,-0.996661,0.073989,0.034536,0.033657,-0.013092,0.999348,0,0.36140,-0.39317,14.252,-0.507,16.276,705.098,-1,915.487,-1,578.268,639.751,-1,711.879,-1,-1,-1,-1,-1,-1,22.272,-1,1,0,2,0,2,0,0,2,0,2,2,2,2,2,2,1,2
201,6557.909,-6851.921,50.692,-86.268,0.065065,0.997820,0.011033,-0.997390,0.064682,0.032086,0.031303,-0.013092,0.999424,0,0.36140,-0.39317,14.318,-0.536,16.170,706.123,-1,909.417,-1,581.520,641.981,-1,715.223,-1,-1,-1,-1,-1,-1,22.308,-1,1,0,2,0,2,0,0,2,0,2,2,2,2,2,2,1,2
202,6556.464,-6866.201,51.474,-86.814,0.055561,0.998392,0.011290,-0.998026,0.055202,0.029952,0.029281,-0.012932,0.999488,0,0.36140,-0.39317,14.353,-0.546,16.270,710.278,-1,904.406,-1,585.946,644.855,-1,718.303,-1,-1,-1,-1,-1,-1,22.276,-1,1,0,2,0,2,0,0,2,0,2,2,2,2,2,2,1,2
203,6554.470,-6883.360,52.464,-87.493,0.043728,0.998976,0.011625,-0.998674,0.043392,0.027693,0.027160,-0.012820,0.999549,0,0.36140,-0.39317,17.274,-0.679,16.199,716.705,-1,899.819,-1,593.230,648.755,-1,721.715,-1,-1,-1,-1,-1,-1,22.297,-1,1,0,2,0,2,0,0,2,0,2,2,2,2,2,2,1,2
204,6553.040,-6894.810,53.151,-87.956,0.035655,0.999293,0.011891,-0.999030,0.035333,0.026277,0.025838,-0.012816,0.999584,0,0.36140,-0.39317,11.539,-0.463,16.111,721.360,-1,897.283,-1,598.489,651.750,-1,723.421,-1,-1,-1,-1,-1,-1,22.331,-1,1,0,2,0,2,0,0,2,0,2,2,2,2,2,2,1,2
205,6551.193,-6909.136,54.056,-88.534,0.025582,0.999595,0.012474,-0.999382,0.025272,0.024411,0.024086,-0.013091,0.999624,0,0.36140,-0.39317,14.445,-0.578,15.992,725.890,-1,894.264,-1,604.408,654.679,-1,725.463,-1,-1,-1,-1,-1,-1,22.383,-1,1,0,2,0,2,0,0,2,0,2,2,2,2,2,2,1,2
206,6549.341,-6923.456,55.024,-89.095,0.015790,0.999786,0.013339,-0.999632,0.015491,0.022253,0.022042,-0.013685,0.999663,0,0.36140,-0.39317,14.439,-0.561,15.746,728.719,-1,890.808,-1,608.833,656.911,-1,728.024,-1,-1,-1,-1,-1,-1,22.524,-1,1,0,2,0,2,0,0,2,0,2,2,2,2,2,2,1,2
207,6547.499,-6937.647,56.202,-89.626,0.006525,0.999876,0.014314,-0.999787,0.006243,0.019655,0.019563,-0.014439,0.999704,0,0.36140,-0.39317,14.310,-0.531,15.867,731.303,-1,886.721,-1,612.454,658.472,-1,731.173,-1,-1,-1,-1,-1,-1,22.448,-1,1,0,2,0,2,0,0,2,0,2,2,2,2,2,2,1,2
208,6545.559,-6951.789,57.492,-90.150,-0.002614,0.999860,0.016537,-0.999861,-0.002885,0.016429,0.016475,-0.016491,0.999728,0,0.34431,-0.29826,14.274,-0.524,15.869,730.332,-1,882.405,-1,614.014,659.033,-1,735.605,-1,-1,-1,-1,-1,-1,22.448,-1,1,0,2,0,2,0,0,2,0,2,2,2,2,2,2,1,2
209,6543.531,-6965.922,58.793,-90.680,-0.011873,0.999733,0.019809,-0.999842,-0.012132,0.012984,0.013221,-0.019652,0.999719,0,0.34431,-0.29826,14.278,-0.531,16.062,728.905,-1,878.853,-1,614.755,659.493,-1,740.995,-1,-1,-1,-1,-1,-1,22.353,-1,1,0,2,0,2,0,0,2,0,2,2,2,2,2,2,1,2
210,6541.380,-6980.072,60.073,-91.227,-0.021416,0.999490,0.023682,-0.999717,-0.021655,0.009867,0.010375,-0.023464,0.999671,0,0.34431,-0.29826,14.313,-0.547,16.162,728.339,-1,876.370,-1,616.469,660.262,-1,746.862,-1,-1,-1,-1,-1,-1,22.312,-1,1,0,2,0,2,0,0,2,0,2,2,2,2,2,2,1,2
211,6539.087,-6994.209,61.367,-91.777,-0.031015,0.999150,0.027156,-0.999480,-0.031243,0.007985,0.008826,-0.026894,0.999599,0,0.34431,-0.29826,14.321,-0.550,15.952,733.478,-1,876.202,-1,621.771,664.130,-1,752.450,-1,-1,-1,-1,-1,-1,22.403,-1,1,0,2,0,2,0,0,2,0,2,2,2,2,2,2,1,2
212,6536.692,-7008.421,62.619,-92.320,-0.040477,0.998738,0.029738,-0.999142,-0.040720,0.007612,0.008814,-0.029405,0.999529,0,0.34431,-0.29826,14.413,-0.542,16.004,745.658,-1,879.792,-1,629.905,671.421,570.799,757.893,-1,-1,-1,-1,-1,-1,22.377,-1,1,0,2,0,2,0,0,0,0,2,2,2,2,2,2,1,2
213,6534.131,-7022.757,63.714,-92.845,-0.049638,0.998265,0.031660,-0.998717,-0.049928,0.008457,0.010023,-0.031199,0.999463,0,0.34431,-0.29826,14.563,-0.525,15.869,761.065,-1,886.095,-1,640.559,681.188,563.885,764.604,-1,-1,-1,-1,-1,-1,22.448,-1,1,0,2,0,2,0,0,0,0,2,2,2,2,2,2,1,2
214,6531.410,-7037.247,64.499,-93.327,-0.058025,0.997818,0.031494,-0.998231,-0.058400,0.011116,0.012931,-0.030793,0.999442,0,0.34431,-0.29826,14.744,-0.481,15.812,785.241,-1,894.797,-1,655.148,693.904,574.794,768.677,-1,-1,-1,-1,-1,-1,22.484,-1,1,0,2,0,2,0,0,0,0,2,2,2,2,2,2,1,2
215,6528.491,-7051.860,64.665,-93.770,-0.065741,0.997432,0.028434,-0.997694,-0.066187,0.015008,0.016852,-0.027381,0.999483,0,0.34431,-0.29826,14.902,-0.443,15.741,817.317,-1,902.057,-1,672.561,705.892,712.641,768.413,-1,-1,-1,-1,-1,-1,22.527,-1,1,0,2,0,2,0,0,0,0,2,2,2,2,2,2,1,2
216,6525.407,-7066.465,64.054,-94.207,-0.073352,0.997056,0.022346,-0.997095,-0.073779,0.018919,0.020512,-0.020893,0.999571,0,0.34431,-0.29826,14.927,-0.437,15.662,843.943,-1,903.141,-1,686.950,714.053,681.186,763.024,-1,-1,-1,-1,-1,-1,22.584,-1,1,0,2,0,2,0,0,0,0,2,2,2,2,2,2,1,2
217,6522.061,-7080.964,62.663,-94.642,-0.080905,0.996626,0.013811,-0.996464,-0.081191,0.021633,0.022681,-0.012012,0.999671,0,0.34431,-0.29826,14.880,-0.434,14.454,865.967,-1,894.743,-1,694.603,715.839,653.317,753.330,-1,-1,-1,-1,-1,-1,11.995,-1,1,0,2,0,2,0,0,0,0,2,2,2,2,2,2,1,2
218,6518.524,-7095.319,60.496,-95.061,-0.088197,0.996100,0.002481,-0.995845,-0.088231,0.022539,0.022670,-0.000483,0.999743,0,0.34431,-0.29826,14.784,-0.419,-1,880.533,-1,874.795,-1,694.493,709.253,657.011,739.883,-1,-1,-1,-1,-1,-1,-1,-1,2,0,2,0,2,0,0,0,0,2,2,2,2,2,2,2,2
219,6514.787,-7109.561,57.542,-95.462,-0.095170,0.995394,-0.011553,-0.995248,-0.094903,0.021781,0.020584,0.013571,0.999696,0,0.34431,-0.29826,14.724,-0.401,-1,882.996,-1,844.568,-1,686.406,694.707,680.407,725.994,-1,-1,-1,-1,-1,-1,-1,-1,2,0,2,0,2,0,0,0,0,2,2,2,2,2,2,2,2
220,6510.878,-7123.748,53.763,-95.868,-0.102228,0.994362,-0.028181,-0.994613,-0.101683,0.020116,0.017137,0.030086,0.999400,0,0.34431,-0.29826,14.715,-0.406,-1,879.238,-1,807.179,-1,672.986,674.455,895.124,698.088,-1,-1,-1,-1,-1,-1,-1,-1,2,0,2,0,2,0,0,0,0,2,2,2,2,2,2,2,2
221,6506.737,-7137.896,49.182,-96.268,-0.109166,0.992900,-0.047245,-0.993943,-0.108427,0.017924,0.012674,0.048916,0.998722,0,0.34431,-0.29826,14.742,-0.399,11.823,871.979,-1,764.751,-1,655.532,650.375,881.943,664.132,-1,-1,-1,-1,-1,-1,9.793,-1,1,0,2,0,2,0,0,0,0,2,2,2,2,2,2,1,2
222,6502.232,-7152.042,43.830,-96.632,-0.115482,0.990962,-0.068256,-0.993281,-0.114685,0.015495,0.007527,0.069587,0.997547,0,0.34431,-0.29826,14.846,-0.364,9.598,861.896,-1,719.532,-1,635.150,623.108,878.989,628.162,-1,-1,-1,-1,-1,-1,22.717,-1,1,0,2,0,2,0,0,0,0,2,2,2,2,2,2,1,2
223,6497.542,-7166.236,37.798,-96.978,-0.121482,0.988332,-0.091876,-0.992592,-0.120806,0.012906,0.001656,0.092763,0.995687,0,0.34431,-0.29826,14.949,-0.346,15.453,849.639,-1,671.894,-1,612.377,592.916,961.037,581.636,-1,-1,-1,-1,-1,-1,22.766,-1,1,0,2,0,2,0,0,0,0,2,2,2,2,2,2,1,2
224,6492.684,-7180.483,31.604,-97.278,-0.126686,0.985123,-0.116121,-0.991919,-0.126624,0.007939,-0.006883,0.116188,0.993203,0,0.34431,-0.29826,15.053,-0.301,15.423,827.452,-1,620.995,-1,583.980,557.130,-1,534.972,-1,-1,-1,-1,-1,1000.877,22.797,-1,1,0,2,0,2,0,0,2,0,2,2,2,2,2,0,1,2
225,6487.767,-7194.852,25.644,-97.526,-0.130962,0.981381,-0.140502,-0.991215,-0.132261,0.000095,-0.018490,0.139280,0.990080,0,0.34431,-0.29826,15.187,-0.248,15.341,795.361,-1,568.268,945.177,551.712,516.661,-1,495.217,-1,-1,-1,-1,-1,898.591,22.882,-1,1,0,2,0,0,0,0,2,0,2,2,2,2,2,0,1,2
226,6482.818,-7209.505,20.144,-97.713,-0.134138,0.977248,-0.164296,-0.990451,-0.137542,-0.009469,-0.031851,0.161457,0.986366,0,0.34431,-0.29826,15.467,-0.186,15.132,758.836,-1,517.966,744.523,518.563,476.990,-1,457.675,-1,-1,-1,-1,-1,801.294,23.150,-1,1,0,2,0,0,0,0,2,0,2,2,2,2,2,0,1,2
227,6477.770,-7224.447,15.293,-97.830,-0.136084,0.972959,-0.186633,-0.989601,-0.142360,-0.020584,-0.046596,0.181891,0.982214,0,0.34431,-0.29826,15.772,-0.117,15.278,714.121,-1,471.574,577.911,484.924,439.329,-1,426.030,-1,-1,-1,-1,-1,712.165,22.955,831.488,1,0,2,0,0,0,0,2,0,2,2,2,2,2,0,1,0
228,6472.633,-7239.551,11.389,-97.921,-0.137528,0.968406,-0.208030,-0.988497,-0.147533,-0.033294,-0.062933,0.201058,0.977556,0,0.34431,-0.29826,15.954,-0.091,15.160,669.309,-1,426.957,407.554,452.478,403.548,-1,400.541,-1,-1,-1,-1,-1,632.115,23.113,628.039,1,0,2,0,0,0,0,2,0,2,2,2,2,2,0,1,0
229,6467.491,-7255.032,8.517,-97.962,-0.138094,0.963129,-0.230895,-0.987324,-0.152284,-0.044721,-0.078234,0.221793,0.971950,0,0.34431,-0.29826,16.313,-0.041,15.425,636.540,-1,387.934,367.414,426.536,373.143,-1,376.245,-1,-1,-1,-1,-1,565.321,22.794,482.761,1,0,2,0,0,0,0,2,0,2,2,2,2,2,0,1,0
230,6461.982,-7270.925,6.359,-98.043,-0.139319,0.957217,-0.253626,-0.985933,-0.157968,-0.054610,-0.092338,0.242450,0.965760,0,0.34431,-0.29826,16.820,-0.081,15.338,611.273,-1,353.894,331.169,405.733,347.410,-1,353.383,-1,-1,-1,942.967,-1,510.116,22.886,319.891,1,0,2,0,0,0,0,2,0,2,2,2,0,2,0,1,0
231,6456.286,-7286.746,5.115,-98.127,-0.140588,0.950952,-0.275544,-0.984484,-0.163790,-0.062966,-0.105009,0.262417,0.959224,0,0.34431,-0.29826,16.815,-0.084,15.208,592.855,-1,326.746,13.288,390.048,326.452,-1,334.782,-1,-1,-1,878.289,-1,465.702,23.045,34.671,1,0,2,0,1,0,0,2,0,2,2,2,0,2,0,1,1
232,6450.307,-7301.852,5.795,-98.234,-0.142355,0.944479,-0.296134,-0.983701,-0.168200,-0.063575,-0.109855,0.282257,0.953028,0,0.34431,-0.29826,16.246,-0.107,15.346,604.732,-1,315.863,13.271,390.777,320.205,-1,319.542,-1,-1,-1,782.040,-1,444.292,22.877,43.734,1,0,2,0,1,0,0,2,0,2,2,2,0,2,0,1,1
233,6443.719,-7316.872,8.077,-98.463,-0.146333,0.938099,-0.313938,-0.983488,-0.172123,-0.055907,-0.106482,0.300573,0.947796,0,0.50067,-0.98944,16.402,-0.229,16.100,646.752,-1,320.301,13.509,407.294,327.788,-1,309.209,-1,-1,-1,647.060,-1,443.657,22.334,43.132,1,0,2,0,1,0,0,2,0,2,2,2,0,2,0,1,1
234,6436.392,-7332.049,11.166,-98.868,-0.153402,0.932928,-0.325749,-0.983198,-0.177107,-0.044217,-0.098944,0.313493,0.944422,0,0.50067,-0.98944,16.853,-0.405,17.921,693.961,-1,331.611,30.900,430.221,343.354,-1,304.885,-1,-1,-1,529.949,-1,455.677,22.302,36.999,1,0,2,0,1,0,0,2,0,2,2,2,0,2,0,1,1
235,6425.929,-7349.387,14.244,-99.752,-0.168635,0.929685,-0.327486,-0.981207,-0.189944,-0.033963,-0.093779,0.315605,0.944245,0,0.50067,-0.98944,20.250,-0.884,-1,724.752,-1,341.028,19.369,449.131,356.854,-1,308.488,-1,-1,-1,528.704,-1,468.725,-1,27.269,2,0,2,0,1,0,0,2,0,2,2,2,0,2,0,2,1
236,6418.894,-7360.966,15.635,-100.439,-0.180434,0.927947,-0.326126,-0.979374,-0.200154,-0.027660,-0.090942,0.314408,0.944922,0,0.50067,-0.98944,13.549,-0.687,-1,736.522,-1,345.769,14.365,458.029,364.147,-1,311.128,-1,-1,-1,533.410,-1,476.132,-1,22.106,2,0,2,0,1,0,0,2,0,2,2,2,0,2,0,2,1
237,6410.452,-7375.686,16.523,-101.317,-0.195495,0.925452,-0.324532,-0.976871,-0.212992,-0.018920,-0.086632,0.313327,0.945685,0,0.50067,-0.98944,16.969,-0.878,-1,751.580,-1,350.927,9.871,468.631,372.532,-1,312.945,-1,-1,-1,531.641,-1,483.258,-1,9.344,2,0,2,0,1,0,0,2,0,2,2,2,0,2,0,2,1
238,6402.481,-7390.700,16.426,-102.170,-0.210126,0.922518,-0.323739,-0.974314,-0.225021,-0.008826,-0.080990,0.313569,0.946105,0,0.50067,-0.98944,16.999,-0.854,-1,769.636,-1,355.497,230.107,478.525,380.058,-1,312.627,-1,-1,-1,519.887,-1,489.955,-1,244.682,2,0,2,0,0,0,0,2,0,2,2,2,0,2,0,2,0
239,6395.520,-7405.878,15.566,-102.877,-0.222233,0.918912,-0.325904,-0.972136,-0.234409,0.001962,-0.074592,0.317259,0.945401,0,0.50067,-0.98944,16.698,-0.706,-1,792.367,-1,358.619,220.483,488.850,386.706,-1,308.288,-1,-1,-1,511.618,-1,494.674,-1,253.927,2,0,2,0,0,0,0,2,0,2,2,2,0,2,0,2,0
240,6390.554,-7420.505,14.517,-103.234,-0.228366,0.914500,-0.333974,-0.971051,-0.238641,0.010535,-0.070065,0.326712,0.942523,0,0.50067,-0.98944,15.446,-0.357,-1,816.297,-1,357.590,17.802,496.843,389.567,-1,299.332,-1,-1,-1,499.052,-1,492.646,-1,22.275,2,0,2,0,1,0,0,2,0,2,2,2,0,2,0,2,1
241,6386.917,-7434.542,13.595,-103.321,-0.229907,0.911096,-0.342120,-0.970989,-0.238489,0.017393,-0.065745,0.336194,0.939495,0,0.50067,-0.98944,14.501,-0.087,-1,841.233,-1,356.949,18.417,504.913,392.420,-1,291.422,-1,-1,-1,487.636,-1,491.569,-1,22.440,2,0,2,0,1,0,0,2,0,2,2,2,0,2,0,2,1
242,6384.945,-7446.645,13.564,-103.258,-0.228879,0.909405,-0.347271,-0.971436,-0.236340,0.021346,-0.062662,0.342237,0.937522,0,0.50067,-0.98944,12.263,0.063,-1,860.860,-1,358.095,18.708,512.529,395.901,-1,287.304,-1,-1,-1,488.132,-1,493.342,-1,22.538,2,0,2,0,1,0,0,2,0,2,2,2,0,2,0,2,1
243,6384.014,-7456.598,14.557,-103.205,-0.228059,0.910910,-0.343848,-0.971948,-0.233848,0.025146,-0.057503,0.339938,0.938688,0,0.50067,-0.98944,9.996,0.053,-1,880.571,-1,367.098,18.690,523.302,406.063,-1,290.343,-1,-1,-1,494.537,-1,508.147,-1,22.531,2,0,2,0,1,0,0,2,0,2,2,2,0,2,0,2,1
244,6383.746,-7465.193,16.260,-103.228,-0.228581,0.915547,-0.330944,-0.972395,-0.231095,0.032307,-0.046901,0.329192,0.943097,0,0.50067,-0.98944,8.600,-0.023,-1,912.433,-1,388.090,18.684,543.597,427.728,-1,300.421,-1,-1,-1,503.218,-1,543.620,-1,22.529,2,0,2,0,1,0,0,2,0,2,2,2,0,2,0,2,1
245,6384.409,-7472.802,18.356,-103.262,-0.229298,0.921990,-0.312020,-0.972855,-0.227373,0.043067,-0.031238,0.313426,0.949099,0,0.50067,-0.98944,7.637,-0.034,-1,960.281,-1,419.635,18.675,574.100,459.997,-1,315.210,-1,-1,-1,511.687,-1,595.864,-1,22.525,2,0,2,0,1,0,0,2,0,2,2,2,0,2,0,2,1
246,6386.005,-7479.712,20.381,-103.252,-0.229213,0.929108,-0.290206,-0.973300,-0.222518,0.056337,-0.012233,0.295371,0.955304,0,0.50067,-0.98944,7.093,0.011,-1,-1,-1,459.651,18.667,612.762,500.294,-1,332.435,-1,-1,-1,518.749,-1,659.470,-1,22.523,2,2,2,0,1,0,0,2,0,2,2,2,0,2,0,2,1
247,6388.445,-7486.098,21.841,-103.174,-0.227903,0.935958,-0.268407,-0.973650,-0.216784,0.070779,0.008060,0.277465,0.960702,0,0.50067,-0.98944,6.836,0.078,-1,-1,-1,504.497,18.661,655.561,544.860,-1,349.661,-1,-1,-1,523.570,-1,-1,-1,22.521,2,2,2,0,1,0,0,2,0,2,2,2,0,2,2,2,1
248,6391.348,-7492.352,22.450,-103.063,-0.225926,0.942407,-0.246631,-0.973695,-0.210774,0.086558,0.029590,0.259699,0.965236,0,0.50067,-0.98944,6.895,0.111,-1,-1,-1,554.281,18.656,703.191,594.008,-1,366.427,-1,-1,-1,525.931,-1,-1,-1,22.519,2,2,2,0,1,0,0,2,0,2,2,2,0,2,2,2,1
249,6394.432,-7498.802,22.043,-102.918,-0.223251,0.948426,-0.225049,-0.973355,-0.204510,0.103709,0.052335,0.242206,0.968812,0,0.50067,-0.98944,7.150,0.145,-1,-1,-1,607.490,-1,756.383,648.465,-1,382.308,-1,-1,-1,525.733,-1,-1,-1,-1,2,2,2,0,2,0,0,2,0,2,2,2,0,2,2,2,2
250,6397.726,-7505.313,21.059,-102.668,-0.218735,0.953095,-0.209201,-0.973119,-0.197232,0.118906,0.072068,0.229586,0.970617,0,0.50067,-0.98944,7.297,0.250,-1,-1,-1,656.467,-1,806.743,699.276,-1,393.588,-1,-1,324.430,523.724,-1,-1,-1,-1,2,2,2,0,2,0,0,2,0,2,2,0,0,2,2,2,2
251,6401.062,-7511.561,20.038,-102.248,-0.211363,0.956321,-0.201931,-0.973638,-0.187878,0.129346,0.085758,0.223947,0.970821,0,0.50067,-0.98944,7.083,0.420,-1,-1,-1,688.534,-1,844.883,736.183,-1,397.174,-1,-1,287.726,519.219,-1,-1,-1,13.492,2,2,2,0,2,0,0,2,0,2,2,0,0,2,2,2,1
252,6404.195,-7517.228,19.437,-101.703,-0.201950,0.958457,-0.201434,-0.974944,-0.177146,0.134549,0.093276,0.223559,0.970217,0,0.50067,-0.98944,6.475,0.545,-1,-1,-1,705.157,16.664,867.887,760.223,-1,396.198,-1,706.458,266.758,515.853,-1,-1,-1,22.195,2,2,2,0,1,0,0,2,0,2,0,0,0,2,2,2,1
253,6406.912,-7522.271,19.620,-101.096,-0.191560,0.960058,-0.203946,-0.976764,-0.166130,0.135403,0.096113,0.225145,0.969573,0,0.50067,-0.98944,5.729,0.607,-1,-1,-1,712.411,15.208,878.533,770.475,-1,394.362,-1,493.417,269.667,517.780,-1,-1,-1,23.046,2,2,2,0,1,0,0,2,0,2,0,0,0,2,2,2,1
254,6409.190,-7526.922,20.645,-100.485,-0.181127,0.961344,-0.207391,-0.978701,-0.155476,0.134061,0.096634,0.227256,0.969029,0,0.50067,-0.98944,5.179,0.611,-1,-1,-1,716.144,13.603,883.727,775.973,-1,393.236,-1,519.447,288.065,523.642,-1,-1,-1,31.991,2,2,2,0,1,0,0,2,0,2,0,0,0,2,2,2,1
255,6410.983,-7531.370,22.403,-99.924,-0.171547,0.962503,-0.210143,-0.980456,-0.145941,0.131938,0.096322,0.228670,0.968727,0,0.50067,-0.98944,4.796,0.561,-1,-1,-1,723.574,15.349,888.025,780.838,-1,393.853,-1,642.608,315.973,532.614,-1,-1,-1,46.730,2,2,2,0,1,0,0,2,0,2,0,0,0,2,2,2,1
256,6411.926,-7535.408,24.586,-99.563,-0.165394,0.963649,-0.209824,-0.981688,-0.140474,0.128666,0.094514,0.227263,0.969236,0,0.51433,-0.36115,4.147,0.361,-1,-1,-1,728.437,42.347,887.422,782.136,-1,397.746,-1,906.137,332.847,545.371,-1,-1,-1,44.413,2,2,2,0,1,0,0,2,0,2,0,0,0,2,2,2,1
257,6411.389,-7538.576,26.804,-99.603,-0.166151,0.964857,-0.203582,-0.982044,-0.143196,0.122817,0.089349,0.220333,0.971324,0,0.51433,-0.36115,3.213,-0.040,-1,-1,-1,725.126,39.707,873.670,772.957,-1,406.959,-1,-1,346.031,560.313,-1,-1,-1,41.532,2,2,2,0,1,0,0,2,0,2,2,0,0,2,2,2,1
258,6410.388,-7541.845,29.050,-99.727,-0.168349,0.965966,-0.196388,-0.982141,-0.147395,0.116933,0.084006,0.212567,0.973529,0,0.51433,-0.36115,3.419,-0.124,-1,-1,-1,721.305,36.309,859.667,763.634,-1,415.671,-1,-1,359.802,576.194,-1,-1,-1,37.624,2,2,2,0,1,0,0,2,0,2,2,0,0,2,2,2,1
259,6409.071,-7545.395,31.087,-99.916,-0.171677,0.966835,-0.189096,-0.981993,-0.152582,0.111389,0.078842,0.204814,0.975620,0,0.51433,-0.36115,3.786,-0.190,-1,-1,-1,716.923,16.049,846.195,754.520,-1,424.172,-1,-1,373.374,591.926,-1,-1,-1,34.046,2,2,2,0,1,0,0,2,0,2,2,0,0,2,2,2,1
260,6407.710,-7549.457,32.717,-100.103,-0.174924,0.967415,-0.183057,-0.981755,-0.157302,0.106832,0.074555,0.198404,0.977281,0,0.51433,-0.36115,4.284,-0.186,-1,-1,-1,712.903,13.269,835.205,746.909,-1,431.095,-1,-1,491.876,606.450,-1,-1,-1,31.279,2,2,2,0,1,0,0,2,0,2,2,0,0,2,2,2,1
261,6406.625,-7554.203,33.786,-100.197,-0.176576,0.967762,-0.179601,-0.981660,-0.159826,0.103918,0.071863,0.194657,0.978235,0,0.51433,-0.36115,4.869,-0.094,-1,-1,-1,710.396,13.414,828.623,742.340,-1,435.008,-1,-1,-1,617.836,-1,-1,-1,27.798,2,2,2,0,1,0,0,2,0,2,2,2,0,2,2,2,1
262,6405.722,-7559.566,34.158,-100.231,-0.177170,0.967922,-0.178153,-0.981645,-0.160812,0.102528,0.070590,0.193048,0.978647,0,0.51433,-0.36115,5.439,-0.034,-1,-1,-1,708.676,13.615,825.154,739.781,-1,436.095,-1,-1,-1,625.508,-1,-1,-1,24.669,2,2,2,0,1,0,0,2,0,2,2,2,0,2,2,2,1
263,6404.911,-7565.500,33.790,-100.228,-0.177116,0.967888,-0.178389,-0.981665,-0.160759,0.102424,0.070457,0.193259,0.978615,0,0.51433,-0.36115,5.989,0.003,-1,-1,-1,706.966,13.826,823.658,738.256,-1,434.537,-1,-1,-1,629.690,-1,-1,-1,23.491,2,2,2,0,1,0,0,2,0,2,2,2,0,2,2,2,1
264,6404.139,-7571.970,32.722,-100.200,-0.176630,0.967665,-0.180073,-0.981689,-0.159935,0.103475,0.071329,0.195053,0.978196,0,0.51433,-0.36115,6.516,0.028,-1,-1,-1,705.082,14.076,823.748,737.482,-1,430.604,-1,-1,-1,630.682,-1,-1,-1,26.516,2,2,2,0,1,0,0,2,0,2,2,2,0,2,2,2,1
265,6403.397,-7578.978,31.087,-100.150,-0.175747,0.967277,-0.182999,-0.981703,-0.158364,0.105737,0.073297,0.198234,0.977410,0,0.51433,-0.36115,7.047,0.050,-1,-1,-1,-1,14.365,826.029,738.041,-1,424.686,-1,-1,409.695,628.803,-1,-1,-1,25.042,2,2,2,2,1,0,0,2,0,2,2,0,0,2,2,2,1
266,6402.617,-7586.505,29.102,-100.098,-0.174822,0.966788,-0.186438,-0.981616,-0.156407,0.109394,0.076601,0.202135,0.976357,0,0.51433,-0.36115,7.568,0.051,-1,-1,-1,-1,14.556,831.739,741.383,-1,417.710,-1,-1,407.819,624.718,-1,-1,-1,24.378,2,2,2,2,1,0,0,2,0,2,2,0,0,2,2,2,1
267,6401.884,-7594.544,27.022,-100.021,-0.173430,0.966121,-0.191133,-0.981512,-0.153602,0.114192,0.080965,0.207404,0.974899,0,0.51433,-0.36115,8.072,0.078,-1,-1,-1,-1,14.747,841.147,747.600,-1,409.524,-1,-1,404.772,618.743,-1,-1,-1,23.872,2,2,2,2,1,0,0,2,0,2,2,0,0,2,2,2,1
268,6401.199,-7603.069,25.017,-99.895,-0.171205,0.965203,-0.197665,-0.981483,-0.149593,0.119634,0.085902,0.214486,0.972942,0,0.51433,-0.36115,8.552,0.126,-1,-1,-1,-1,14.889,853.719,755.943,-1,396.727,-1,-1,401.538,611.452,-1,-1,-1,23.565,2,2,2,2,1,0,0,2,0,2,2,0,0,2,2,2,1
269,6400.522,-7612.066,23.179,-99.736,-0.168412,0.963946,-0.206025,-0.981490,-0.144653,0.125507,0.091180,0.223348,0.970465,0,0.51433,-0.36115,9.023,0.158,-1,-1,-1,-1,15.035,869.055,766.056,-1,383.709,-1,555.368,371.271,603.246,-1,-1,-1,23.303,2,2,2,2,1,0,0,2,0,2,0,0,0,2,2,2,1
270,6399.870,-7621.588,21.597,-99.549,-0.165105,0.962378,-0.215800,-0.981465,-0.138734,0.132206,0.097293,0.233628,0.967446,0,0.53788,-0.28949,9.544,0.187,-1,-1,-1,-1,15.289,889.062,780.036,-1,368.473,-1,400.545,339.339,577.839,-1,-1,-1,22.945,2,2,2,2,1,0,0,2,0,2,0,0,0,2,2,2,1
271,6399.284,-7631.651,20.302,-99.336,-0.161332,0.960543,-0.226559,-0.981322,-0.131762,0.140165,0.104783,0.244940,0.963859,0,0.53788,-0.28949,10.080,0.213,-1,-1,-1,-1,15.475,916.265,799.981,-1,353.019,-1,359.654,329.864,547.878,-1,-1,-1,22.743,2,2,2,2,1,0,0,2,0,2,0,0,0,2,2,2,1
272,6398.740,-7642.211,19.328,-99.086,-0.156900,0.958408,-0.238406,-0.981072,-0.123510,0.149143,0.113494,0.257294,0.959645,0,0.53788,-0.28949,10.575,0.250,-1,-1,-1,-1,15.622,951.155,826.634,-1,338.035,-1,358.774,321.581,517.577,-1,-1,-1,22.616,2,2,2,2,1,0,0,2,0,2,0,0,0,2,2,2,1
273,6398.127,-7653.041,18.924,-98.800,-0.151842,0.956153,-0.250431,-0.980854,-0.114508,0.157521,0.121938,0.269555,0.955234,0,0.53788,-0.28949,10.846,0.286,-1,-1,-1,-1,15.614,988.961,856.281,-1,326.475,-1,359.120,316.370,489.796,-1,-1,-1,22.621,2,2,2,2,1,0,0,2,0,2,0,0,0,2,2,2,1
274,6397.375,-7664.001,19.403,-98.504,-0.146663,0.954403,-0.260010,-0.980856,-0.106273,0.163181,0.128109,0.278965,0.951718,0,0.53788,-0.28949,10.986,0.296,-1,-1,-1,-1,15.567,-1,881.620,-1,318.165,-1,362.761,317.988,473.497,-1,-1,-1,22.663,2,2,2,2,1,2,0,2,0,2,0,0,0,2,2,2,1
275,6396.524,-7675.184,20.595,-98.252,-0.142265,0.953278,-0.266501,-0.980893,-0.099678,0.167075,0.132705,0.285178,0.949243,0,0.53788,-0.28949,11.215,0.252,-1,-1,-1,-1,15.406,-1,904.161,-1,311.570,-1,368.962,323.793,466.758,-1,-1,-1,22.812,2,2,2,2,1,2,0,2,0,2,0,0,0,2,2,2,1
276,6395.665,-7686.717,22.092,-98.032,-0.138406,0.952785,-0.270268,-0.980875,-0.094167,0.170343,0.136850,0.288675,0.947596,0,0.53788,-0.28949,11.566,0.221,-1,-1,-1,-1,15.229,-1,926.477,-1,302.003,-1,376.131,331.415,466.116,-1,-1,-1,23.020,2,2,2,2,1,2,0,2,0,2,0,0,0,2,2,2,1
277,6394.672,-7701.011,23.738,-97.787,-0.134129,0.952755,-0.272519,-0.980862,-0.088476,0.173442,0.141137,0.290567,0.946389,0,0.53788,-0.28949,14.328,0.245,-1,-1,-1,-1,15.029,-1,950.228,-1,289.555,-1,385.325,342.346,468.802,-1,-1,-1,23.311,2,2,2,2,1,2,0,2,0,2,0,0,0,2,2,2,1
278,6394.099,-7710.781,24.588,-97.638,-0.131547,0.952917,-0.273211,-0.980889,-0.085264,0.174893,0.143363,0.290996,0.945922,0,0.53788,-0.28949,9.787,0.148,-1,-1,-1,-1,14.931,-1,962.734,-1,278.062,-1,391.848,349.936,471.032,-1,-1,-1,23.483,2,2,2,2,1,2,0,2,0,2,0,0,0,2,2,2,1
279,6393.507,-7723.280,25.223,-97.467,-0.128572,0.953212,-0.273600,-0.980952,-0.081735,0.176216,0.145609,0.291045,0.945564,0,0.53788,-0.28949,12.513,0.171,-1,-1,-1,-1,14.831,-1,973.930,-1,263.428,-1,400.120,359.420,473.449,-1,-1,-1,23.684,2,2,2,2,1,2,0,2,0,2,0,0,0,2,2,2,1
280,6393.009,-7736.088,25.310,-97.299,-0.125670,0.953659,-0.273390,-0.981081,-0.078559,0.176940,0.147263,0.290454,0.945489,0,0.53788,-0.28949,12.817,0.168,-1,-1,-1,-1,11.656,-1,980.598,-1,248.970,-1,408.358,368.866,476.265,-1,-1,-1,10.065,2,2,2,2,1,2,0,2,0,2,0,0,0,2,2,2,1
281,6392.632,-7749.179,24.890,-97.134,-0.122822,0.954204,-0.272781,-0.981325,-0.075769,0.176805,0.148039,0.289402,0.945691,0,0.53788,-0.28949,13.096,0.165,-1,-1,-1,-1,11.086,-1,981.578,-1,234.767,-1,416.920,378.560,479.778,-1,-1,-1,9.605,2,2,2,2,1,2,0,2,0,2,0,0,0,2,2,2,1
282,6392.379,-7762.527,24.119,-96.973,-0.120071,0.954890,-0.271603,-0.981684,-0.073439,0.175794,0.147917,0.287736,0.946218,0,0.53788,-0.28949,13.351,0.161,-1,-1,-1,-1,14.568,-1,977.338,-1,219.733,-1,426.047,388.737,484.646,-1,-1,-1,24.348,2,2,2,2,1,2,0,2,0,2,0,0,0,2,2,2,1
283,6392.208,-7776.101,23.115,-96.821,-0.117483,0.955890,-0.269206,-0.982178,-0.071795,0.173701,0.146711,0.284815,0.947289,0,0.53788,-0.28949,13.575,0.152,-1,-1,-1,-1,14.460,-1,967.534,-1,210.353,-1,433.755,399.778,492.411,-1,-1,-1,24.693,2,2,2,2,1,2,0,2,0,2,0,0,0,2,2,2,1
284,6392.133,-7789.883,22.034,-96.662,-0.114790,0.957014,-0.266361,-0.982849,-0.070455,0.170424,0.144332,0.281355,0.948687,0,0.53788,-0.28949,13.782,0.159,-1,-1,-1,-1,14.418,-1,952.572,-1,212.968,-1,440.182,412.017,501.880,-1,-1,-1,24.843,2,2,2,2,1,2,0,2,0,2,0,0,0,2,2,2,1
285,6392.088,-7803.968,20.833,-96.500,-0.112058,0.958246,-0.263072,-0.983584,-0.069277,0.166623,0.141441,0.277425,0.950279,0,0.53788,-0.28949,14.086,0.162,-1,-1,-1,-1,14.420,-1,935.359,-1,215.746,-1,448.152,424.932,512.101,-1,-1,-1,24.834,2,2,2,2,1,2,0,2,0,2,0,0,0,2,2,2,1
286,6392.055,-7818.219,19.537,-96.343,-0.109429,0.959711,-0.258804,-0.984357,-0.068460,0.162344,0.138085,0.272521,0.952190,0,0.30444,-0.36815,14.251,0.156,-1,-1,-1,-1,14.237,-1,916.351,-1,219.034,-1,457.261,438.451,524.371,-1,-1,-1,25.610,2,2,2,2,1,2,0,2,0,2,0,0,0,2,2,2,1
287,6392.157,-7831.535,18.570,-96.002,-0.103668,0.960709,-0.257470,-0.985996,-0.065267,0.153469,0.130635,0.269774,0.954021,0,0.30444,-0.36815,13.316,0.341,-1,-1,-1,-1,14.420,-1,883.317,-1,221.242,-1,487.774,456.457,540.858,-1,-1,-1,24.836,2,2,2,2,1,2,0,2,0,2,0,0,0,2,2,2,1
288,6392.308,-7843.817,18.345,-95.449,-0.094276,0.960927,-0.260254,-0.988400,-0.059079,0.139909,0.119067,0.270425,0.955350,0,0.30444,-0.36815,12.283,0.554,-1,-1,-1,972.744,14.813,962.968,839.656,-1,222.150,-1,508.787,492.650,561.243,-1,-1,-1,23.722,2,2,2,0,1,0,0,2,0,2,0,0,0,2,2,2,1
289,6392.320,-7855.436,19.026,-94.803,-0.083254,0.960726,-0.264714,-0.990850,-0.051490,0.124757,0.106228,0.272678,0.956223,0,0.30444,-0.36815,11.618,0.646,-1,-1,-1,711.860,14.734,916.454,796.599,-1,223.237,-1,532.651,549.580,584.339,-1,-1,-1,23.901,2,2,2,0,1,0,0,2,0,2,0,0,0,2,2,2,1
290,6391.844,-7866.661,20.730,-94.222,-0.073298,0.960973,-0.266757,-0.992816,-0.044946,0.110886,0.094569,0.272968,0.957364,0,0.30444,-0.36815,11.236,0.580,-1,-1,-1,690.209,14.691,879.166,763.185,-1,226.946,-1,557.181,612.436,615.161,-1,-1,-1,24.005,2,2,2,0,1,0,0,2,0,2,0,0,0,2,2,2,1
291,6391.021,-7877.781,23.379,-93.748,-0.065136,0.961769,-0.266002,-0.994232,-0.039789,0.099593,0.085202,0.270955,0.958814,0,0.30444,-0.36815,11.151,0.474,-1,-1,-1,677.823,14.623,853.869,741.894,-1,232.533,-1,581.039,645.183,649.428,-1,-1,-1,24.182,2,2,2,0,1,0,0,2,0,2,0,0,0,2,2,2,1
292,6390.165,-7889.018,26.648,-93.352,-0.058296,0.962755,-0.264015,-0.995233,-0.035337,0.090895,0.078181,0.268055,0.960226,0,0.30444,-0.36815,11.269,0.396,-1,-1,-1,673.146,14.587,838.889,730.436,-1,238.894,-1,603.604,675.968,679.765,-1,-1,-1,24.289,2,2,2,0,1,0,0,2,0,2,0,0,0,2,2,2,1
293,6389.414,-7900.461,30.054,-93.037,-0.052845,0.963694,-0.261728,-0.995925,-0.031679,0.084443,0.073086,0.265124,0.961440,0,0.30444,-0.36815,11.468,0.315,-1,-1,-1,672.898,14.436,830.938,725.340,-1,245.658,-1,-1,703.999,709.341,-1,-1,-1,24.779,2,2,2,0,1,0,0,2,0,2,2,0,0,2,2,2,1
294,6388.752,-7912.149,33.162,-92.804,-0.048799,0.964747,-0.258616,-0.996349,-0.028860,0.080347,0.070051,0.261593,0.962633,0,0.30444,-0.36815,11.706,0.233,-1,-1,-1,676.090,14.263,828.532,725.376,-1,252.566,-1,-1,727.471,736.624,-1,-1,-1,25.486,2,2,2,0,1,0,0,2,0,2,2,0,0,2,2,2,1
295,6388.203,-7924.089,35.587,-92.650,-0.046131,0.966032,-0.254272,-0.996540,-0.026887,0.078647,0.069139,0.257020,0.963930,0,0.30444,-0.36815,11.953,0.154,-1,-1,-1,682.609,14.092,830.414,729.553,-1,259.372,-1,-1,745.545,759.384,-1,-1,-1,26.412,2,2,2,0,1,0,0,2,0,2,2,0,0,2,2,2,1
296,6387.823,-7936.238,37.045,-92.572,-0.044771,0.967445,-0.249089,-0.996548,-0.025801,0.078910,0.069914,0.251762,0.965260,0,0.30444,-0.36815,12.155,0.078,-1,-1,-1,690.692,13.953,834.558,735.568,-1,265.378,-1,-1,759.234,776.594,-1,-1,-1,27.401,2,2,2,0,1,0,0,2,0,2,2,0,0,2,2,2,1
297,6387.584,-7948.516,37.389,-92.540,-0.044204,0.968864,-0.243615,-0.996454,-0.025286,0.080246,0.071588,0.246298,0.966547,0,0.30444,-0.36815,12.280,0.032,-1,-1,-1,698.120,-1,838.141,740.863,-1,269.940,-1,-1,766.692,788.393,-1,-1,-1,-1,2,2,2,0,2,0,0,2,0,2,2,0,0,2,2,2,2
298,6387.271,-7960.534,36.784,-92.542,-0.044230,0.970865,-0.235508,-0.996473,-0.026048,0.079765,0.071307,0.238205,0.968594,0,0.34220,-1.00000,12.022,-0.001,-1,-1,-1,700.392,-1,832.144,738.465,-1,274.962,-1,-1,777.216,806.971,-1,-1,-1,-1,2,2,2,0,2,0,0,2,0,2,2,0,0,2,2,2,2
299,6386.885,-7971.901,35.559,-92.598,-0.045234,0.973825,-0.222755,-0.996788,-0.029245,0.074561,0.066094,0.225412,0.972019,0,0.34220,-1.00000,11.374,-0.057,-1,-1,-1,692.001,-1,808.547,721.661,-1,282.516,-1,-1,799.269,841.905,-1,-1,-1,-1,2,2,2,0,2,0,0,2,0,2,2,0,0,2,2,2,2
300,6386.724,-7982.604,33.938,-92.665,-0.046424,0.977494,-0.205792,-0.997359,-0.033836,0.064271,0.055861,0.208232,0.976483,0,0.34220,-1.00000,10.704,-0.067,-1,-1,-1,673.922,-1,769.111,692.201,-1,293.031,-1,-1,856.524,895.116,-1,-1,-1,-1,2,2,2,0,2,0,0,2,0,2,2,0,0,2,2,2,2
301,6386.797,-7992.750,31.929,-92.738,-0.047736,0.981660,-0.184567,-0.997996,-0.039189,0.049680,0.041536,0.186569,0.981563,0,0.34220,-1.00000,10.146,-0.073,-1,-1,-1,649.622,-1,719.493,654.222,-1,307.124,-1,-1,-1,940.734,-1,-1,-1,-1,2,2,2,0,2,0,0,2,0,2,2,2,0,2,2,2,2
302,6387.236,-8002.544,29.516,-92.830,-0.049351,0.985922,-0.159759,-0.998468,-0.044695,0.032610,0.025011,0.161124,0.986617,0,0.34220,-1.00000,9.804,-0.091,-1,984.738,-1,623.372,13.270,667.361,613.577,-1,324.875,-1,-1,-1,984.656,-1,-1,-1,24.817,2,0,2,0,1,0,0,2,0,2,2,2,0,2,2,2,1
303,6388.223,-8012.311,26.596,-92.907,-0.050719,0.989823,-0.132961,-0.998677,-0.049129,0.015213,0.008526,0.133557,0.991004,0,0.34220,-1.00000,9.817,-0.078,-1,862.449,-1,598.838,13.266,617.784,575.606,-1,345.400,-1,-1,-1,-1,-1,-1,-1,28.263,2,0,2,0,1,0,0,2,0,2,2,2,2,2,2,2,1
304,6389.555,-8022.237,23.019,-93.012,-0.052551,0.993171,-0.104160,-0.998596,-0.052959,-0.001147,-0.006655,0.103953,0.994560,0,0.34220,-1.00000,10.015,-0.105,-1,763.284,-1,577.506,13.322,572.653,541.982,855.089,369.059,-1,-1,-1,-1,-1,-1,-1,28.540,2,0,2,0,1,0,0,0,0,2,2,2,2,2,2,2,1
305,6391.018,-8032.433,18.599,-93.174,-0.055351,0.995770,-0.073339,-0.998277,-0.056624,-0.015392,-0.019480,0.072361,0.997188,0,0.34220,-1.00000,10.300,-0.161,-1,682.324,-1,560.249,13.476,532.723,513.387,723.709,396.399,-1,-1,-1,-1,-1,965.675,-1,28.461,2,0,2,0,1,0,0,0,0,2,2,2,2,2,0,2,1
306,6392.452,-8042.848,13.435,-93.393,-0.059156,0.997402,-0.041113,-0.997774,-0.060348,-0.028389,-0.030796,0.039342,0.998751,0,0.34220,-1.00000,10.513,-0.219,-1,612.731,-1,545.023,13.722,495.841,487.452,614.779,427.632,-1,-1,-1,-1,-1,932.434,-1,28.367,2,0,2,0,1,0,0,0,0,2,2,2,2,2,0,2,1
307,6393.626,-8053.240,8.201,-93.671,-0.063960,0.997891,-0.011047,-0.996946,-0.064389,-0.044193,-0.044811,0.008186,0.998962,0,0.34220,-1.00000,10.459,-0.278,-1,547.242,-1,524.062,13.738,456.798,458.073,529.666,460.133,-1,-1,-1,-1,970.874,877.987,-1,31.589,2,0,2,0,1,0,0,0,0,2,2,2,2,0,0,2,1
308,6394.468,-8063.652,3.816,-94.017,-0.069930,0.997481,0.011924,-0.995766,-0.069084,-0.060642,-0.059666,-0.016114,0.998088,0,0.34220,-1.00000,10.446,-0.346,17.761,493.156,-1,500.203,24.274,421.389,429.826,472.394,487.792,-1,-1,-1,-1,829.184,823.670,22.266,34.464,1,0,2,0,1,0,0,0,0,2,2,2,2,0,0,1,1
309,6393.521,-8073.315,1.633,-94.571,-0.079490,0.996496,0.026024,-0.994324,-0.077411,-0.072990,-0.070720,-0.031678,0.996993,0,0.34220,-1.00000,9.709,-0.554,18.152,460.205,-1,482.089,35.979,398.914,411.501,442.534,508.911,-1,-1,-1,-1,749.794,817.270,22.362,37.113,1,0,2,0,1,0,0,0,0,2,2,2,2,0,0,1,1
310,6391.321,-8082.241,1.866,-95.230,-0.090883,0.995435,0.029134,-0.992965,-0.088350,-0.078839,-0.075905,-0.036095,0.996462,0,0.34220,-1.00000,9.193,-0.659,17.606,449.969,-1,472.933,20.723,391.738,405.046,438.796,516.945,-1,-1,-1,-1,725.218,824.025,22.237,41.987,1,0,2,0,1,0,0,0,0,2,2,2,2,0,0,1,1
311,6388.656,-8090.870,4.116,-95.820,-0.101119,0.994609,0.022973,-0.992107,-0.099090,-0.076849,-0.074159,-0.030562,0.996778,0,0.34220,-1.00000,9.031,-0.590,17.210,461.065,-1,474.695,16.486,399.619,410.837,456.048,512.132,-1,-1,-1,-1,748.099,841.862,22.188,44.979,1,0,2,0,1,0,0,0,0,2,2,2,2,0,0,1,1
312,6385.410,-8099.490,7.615,-96.409,-0.111386,0.993669,0.014639,-0.991592,-0.110153,-0.067905,-0.065863,-0.022080,0.997584,0,0.34220,-1.00000,9.211,-0.589,16.680,488.393,-1,487.806,14.363,419.784,428.133,482.709,505.782,-1,-1,-1,-1,808.417,873.373,22.193,45.540,1,0,2,0,1,0,0,0,0,2,2,2,2,0,0,1,1
313,6381.814,-8108.338,11.383,-96.971,-0.121191,0.992596,0.008102,-0.991204,-0.120576,-0.054548,-0.053167,-0.014642,0.998478,0,0.34220,-1.00000,9.551,-0.562,16.113,525.466,-1,509.125,13.513,447.561,453.340,509.895,502.547,-1,-1,-1,-1,895.998,913.534,22.331,42.926,1,0,2,0,1,0,0,0,0,2,2,2,2,0,0,1,1
314,6378.042,-8117.399,14.753,-97.492,-0.130290,0.991469,0.003791,-0.990727,-0.130042,-0.039357,-0.038529,-0.008883,0.999218,0,0.34220,-1.00000,9.815,-0.521,-1,567.154,-1,759.241,13.288,478.640,482.302,532.715,501.517,-1,-1,-1,-1,1002.307,969.957,-1,37.814,2,0,2,0,1,0,0,0,0,2,2,2,2,0,0,2,1
315,6374.317,-8126.596,17.410,-97.951,-0.138284,0.990392,-0.000762,-0.990110,-0.138263,-0.023791,-0.023668,-0.002535,0.999717,0,0.34220,-1.00000,9.922,-0.459,-1,611.162,-1,788.220,13.732,510.432,511.693,555.125,497.839,-1,-1,-1,-1,-1,-1,-1,29.780,2,0,2,0,1,0,0,0,0,2,2,2,2,2,2,2,1
316,6370.849,-8135.992,19.112,-98.292,-0.144213,0.989521,-0.007087,-0.989506,-0.144269,-0.008080,-0.009018,0.005847,0.999942,0,0.34220,-1.00000,10.016,-0.341,-1,657.549,-1,810.428,-1,541.339,539.830,579.777,488.651,-1,-1,-1,-1,-1,-1,-1,-1,2,0,2,0,2,0,0,0,0,2,2,2,2,2,2,2,2
317,6367.860,-8145.598,19.720,-98.494,-0.147703,0.988896,-0.016407,-0.989018,-0.147592,0.007738,0.005230,0.017369,0.999835,0,0.34220,-1.00000,10.060,-0.202,-1,706.359,-1,822.481,-1,571.082,565.312,609.450,472.332,-1,-1,-1,-1,-1,-1,-1,-1,2,0,2,0,2,0,0,0,0,2,2,2,2,2,2,2,2
318,6364.950,-8155.351,19.216,-98.638,-0.150164,0.988291,-0.027032,-0.988478,-0.149555,0.023317,0.019002,0.030222,0.999363,0,0.34220,-1.00000,10.178,-0.144,-1,757.328,-1,828.765,-1,599.536,588.631,622.178,452.419,-1,-1,-1,-1,-1,-1,-1,-1,2,0,2,0,2,0,0,1,0,2,2,2,2,2,2,2,2
319,6361.864,-8165.174,17.636,-98.802,-0.152948,0.987497,-0.038157,-0.987719,-0.151507,0.038168,0.031910,0.043526,0.998543,0,0.34220,-1.00000,10.297,-0.164,-1,807.570,-1,831.587,-1,625.036,608.088,672.833,430.608,-1,-1,-1,-1,-1,-1,-1,-1,2,0,2,0,2,0,0,0,0,2,2,2,2,2,2,2,2
320,6358.590,-8174.746,15.421,-98.995,-0.156227,0.986565,-0.047778,-0.986884,-0.153921,0.048664,0.040656,0.054754,0.997672,0,-0.05328,-0.80489,10.116,-0.193,-1,844.260,-1,830.400,-1,640.507,617.995,683.391,410.812,-1,995.036,874.512,-1,-1,-1,-1,-1,2,0,2,0,2,0,0,1,0,2,0,0,2,2,2,2,2
321,6355.261,-8183.701,13.040,-99.247,-0.160554,0.985567,-0.053658,-0.986140,-0.157868,0.051041,0.041833,0.061110,0.997254,0,-0.05328,-0.80489,9.554,-0.252,-1,847.693,-1,825.076,-1,638.160,612.380,684.296,395.926,-1,854.606,875.952,-1,-1,-1,-1,-1,2,0,2,0,2,0,0,1,0,2,0,0,2,2,2,2,2
322,6352.010,-8192.063,10.597,-99.579,-0.166295,0.984524,-0.055310,-0.985435,-0.163903,0.045307,0.035540,0.062038,0.997441,0,-0.05328,-0.80489,8.972,-0.331,-1,817.338,-1,816.877,-1,618.264,589.981,686.176,387.770,-1,-1,890.321,-1,-1,-1,-1,-1,2,0,2,0,2,0,0,1,0,2,2,0,2,2,2,2,2
323,6349.043,-8200.067,8.108,-99.923,-0.172270,0.983623,-0.053007,-0.984754,-0.170651,0.033732,0.024134,0.058009,0.998024,0,-0.05328,-0.80489,8.536,-0.344,-1,765.634,-1,805.869,13.848,587.374,559.719,688.469,385.563,-1,-1,917.103,-1,-1,-1,-1,28.402,2,0,2,0,1,0,0,0,0,2,2,0,2,2,2,2,1
324,6346.568,-8208.012,5.666,-100.229,-0.177567,0.982993,-0.046838,-0.984044,-0.176808,0.019928,0.011308,0.049629,0.998704,0,-0.05328,-0.80489,8.321,-0.306,-1,709.490,-1,794.320,14.643,554.531,529.392,657.761,389.011,-1,-1,-1,-1,-1,-1,-1,36.858,2,0,2,0,1,0,0,0,0,2,2,2,2,2,2,2,1
325,6344.591,-8216.066,3.302,-100.493,-0.182107,0.982580,-0.037058,-0.983279,-0.181981,0.006774,-0.000088,0.037671,0.999290,0,-0.05328,-0.80489,8.294,-0.264,-1,660.271,-1,785.049,14.646,525.316,504.136,619.046,397.732,-1,-1,-1,-1,-1,-1,-1,43.291,2,0,2,0,1,0,0,0,0,2,2,2,2,2,2,2,1
326,6342.927,-8224.120,1.108,-100.748,-0.186480,0.982160,-0.024215,-0.982415,-0.186649,-0.004891,-0.009324,0.022877,0.999695,0,-0.05328,-0.80489,8.224,-0.255,-1,618.125,-1,780.099,14.851,501.079,484.542,578.930,411.608,-1,-1,-1,-1,-1,-1,-1,45.887,2,0,2,0,1,0,0,0,0,2,2,2,2,2,2,2,1
327,6341.404,-8232.007,-0.711,-101.018,-0.191086,0.981527,-0.009507,-0.981413,-0.191221,-0.016236,-0.017754,0.006228,0.999823,0,-0.05328,-0.80489,8.033,-0.270,10.331,580.647,-1,778.539,14.998,479.634,466.563,538.233,430.353,-1,-1,-1,-1,-1,-1,22.180,46.369,1,0,2,0,1,0,0,0,0,2,2,2,2,2,2,1,1
328,6339.825,-8239.729,-1.662,-101.301,-0.195910,0.980615,0.003661,-0.980338,-0.195762,-0.024803,-0.023605,-0.008448,0.999686,0,-0.05328,-0.80489,7.881,-0.283,16.898,555.368,-1,781.174,15.010,465.244,455.282,506.445,448.438,-1,-1,-1,-1,997.649,-1,22.179,45.217,1,0,2,0,1,0,0,0,0,2,2,2,2,0,2,1,1
329,6337.968,-8247.098,-1.468,-101.599,-0.200993,0.979508,0.012842,-0.979249,-0.200558,-0.029114,-0.025942,-0.018427,0.999494,0,-0.05328,-0.80489,7.599,-0.298,16.921,544.393,-1,787.369,15.087,459.932,451.819,488.803,462.881,-1,-1,-1,-1,962.844,-1,22.178,42.815,1,0,2,0,1,0,0,0,0,2,2,2,2,0,2,1,1
330,6335.797,-8254.062,-0.299,-101.900,-0.206140,0.978365,0.017570,-0.978195,-0.205573,-0.029582,-0.025330,-0.023285,0.999408,0,-0.05328,-0.80489,7.295,-0.301,16.894,545.421,-1,795.999,14.995,462.251,454.536,483.718,473.329,-1,-1,-1,-1,961.349,-1,22.179,39.747,1,0,2,0,1,0,0,0,0,2,2,2,2,0,2,1,1
331,6333.340,-8260.578,1.477,-102.197,-0.211210,0.977265,0.018537,-0.977174,-0.210672,-0.027339,-0.022813,-0.023888,0.999454,0,-0.05328,-0.80489,6.964,-0.296,16.935,554.691,-1,806.245,15.145,469.638,461.037,488.083,478.151,-1,-1,-1,-1,982.282,-1,22.178,36.002,1,0,2,0,1,0,0,0,0,2,2,2,2,0,2,1,1
332,6330.502,-8266.931,3.391,-102.508,-0.216546,0.976117,0.017449,-0.976094,-0.216130,-0.022971,-0.018651,-0.022006,0.999584,0,0.46988,-0.99429,6.958,-0.312,17.001,569.590,-1,818.711,15.397,480.494,470.088,497.520,478.926,-1,-1,-1,-1,-1,-1,22.179,31.201,1,0,2,0,1,0,0,0,0,2,2,2,2,2,2,1,1
333,6327.234,-8273.592,4.932,-102.851,-0.222405,0.974830,0.015580,-0.974865,-0.222141,-0.017047,-0.013157,-0.018980,0.999733,0,0.46988,-0.99429,7.419,-0.343,11.643,587.594,-1,833.181,17.535,493.119,480.271,508.207,476.639,-1,-1,-1,-1,-1,-1,8.761,23.694,1,0,2,0,1,0,0,0,0,2,2,2,2,2,2,1,1
334,6323.653,-8280.551,5.737,-103.227,-0.228808,0.973385,0.013008,-0.973440,-0.228673,-0.011062,-0.007793,-0.015194,0.999854,0,0.46988,-0.99429,7.826,-0.376,-1,604.205,-1,847.302,-1,504.147,488.350,518.027,470.996,-1,-1,-1,-1,-1,-1,-1,-1,2,0,2,0,2,0,0,0,0,2,2,2,2,2,2,2,2
335,6319.885,-8287.758,5.650,-103.601,-0.235158,0.971915,0.009091,-0.971952,-0.235116,-0.005427,-0.003137,-0.010112,0.999944,0,0.46988,-0.99429,8.133,-0.374,-1,618.034,-1,858.125,-1,512.381,492.997,528.112,461.510,-1,-1,-1,-1,-1,-1,-1,-1,2,0,2,0,2,0,0,0,0,2,2,2,2,2,2,2,2
336,6315.766,-8295.064,4.658,-104.023,-0.242304,0.970189,0.004639,-0.970200,-0.242304,-0.000585,0.000557,-0.004643,0.999989,0,0.46988,-0.99429,8.388,-0.422,-1,627.728,-1,868.086,-1,517.077,493.413,536.720,449.917,-1,-1,-1,-1,-1,-1,-1,-1,2,0,2,0,2,0,0,0,0,2,2,2,2,2,2,2,2
337,6311.287,-8302.448,2.770,-104.495,-0.250301,0.968168,-0.000465,-0.968163,-0.250298,0.003317,0.003095,0.001280,0.999994,0,0.46988,-0.99429,8.636,-0.473,-1,632.653,-1,869.681,-1,517.812,492.425,544.067,435.786,-1,-1,-1,-1,-1,-1,-1,-1,2,0,2,0,2,0,0,0,0,2,2,2,2,2,2,2,2
338,6306.457,-8309.895,0.036,-105.006,-0.258921,0.965877,-0.006390,-0.965890,-0.258884,0.005953,0.004095,0.007713,0.999962,0,0.46988,-0.99429,8.876,-0.511,-1,631.852,-1,864.551,-1,513.971,504.204,550.869,419.215,-1,-1,-1,-1,-1,-1,-1,-1,2,0,2,0,2,0,0,0,0,2,2,2,2,2,2,2,2
339,6301.360,-8317.285,-3.172,-105.539,-0.267896,0.963371,-0.012153,-0.963447,-0.267857,0.004702,0.001274,0.012968,0.999915,0,0.46988,-0.99429,8.977,-0.533,-1,619.298,-1,850.917,-1,502.101,503.391,553.389,403.250,-1,-1,-1,-1,-1,-1,-1,-1,2,0,2,0,2,0,0,0,0,2,2,2,2,2,2,2,2
340,6296.249,-8324.869,-6.372,-106.058,-0.276614,0.960826,-0.017286,-0.960968,-0.276660,-0.000279,-0.005050,0.016534,0.999851,0,0.46988,-0.99429,9.146,-0.519,15.712,597.459,-1,830.827,14.755,484.036,499.903,551.725,388.794,-1,-1,-1,-1,-1,-1,10.810,15.424,1,0,2,0,1,0,0,0,0,2,2,2,2,2,2,1,1
341,6290.922,-8332.686,-9.101,-106.607,-0.285782,0.958057,-0.021342,-0.958212,-0.285979,-0.006719,-0.012541,0.018530,0.999750,0,0.46988,-0.99429,9.459,-0.549,18.655,573.989,-1,811.162,19.792,465.203,496.707,547.577,377.539,-1,-1,-1,-1,-1,-1,22.518,20.687,1,0,2,0,1,0,0,0,0,2,2,2,2,2,2,1,1
342,6285.357,-8340.896,-11.140,-107.166,-0.295085,0.955150,-0.024777,-0.955279,-0.295446,-0.012382,-0.019147,0.020015,0.999616,0,0.46988,-0.99429,9.919,-0.559,18.655,554.614,-1,795.561,21.009,449.675,494.997,543.914,368.698,-1,-1,-1,-1,-1,961.493,22.519,21.960,1,0,2,0,1,0,0,0,0,2,2,2,2,2,0,1,1
343,6279.514,-8349.427,-12.437,-107.747,-0.304723,0.952031,-0.027964,-0.952137,-0.305236,-0.016306,-0.024059,0.021657,0.999476,0,0.46988,-0.99429,10.340,-0.581,18.655,541.275,-1,785.291,18.224,436.052,495.596,543.013,361.534,-1,-1,-1,-1,975.013,951.820,22.519,19.049,1,0,2,0,1,0,0,0,0,2,2,2,2,0,0,1,1
344,6273.309,-8357.970,-13.030,-108.355,-0.314790,0.948654,-0.031035,-0.948765,-0.315435,-0.018579,-0.027414,0.023596,0.999346,0,0.46988,-0.99429,10.559,-0.609,18.658,533.267,-1,779.997,-1,426.896,498.804,545.106,355.807,-1,-1,-1,-1,951.338,945.162,22.520,-1,1,0,2,0,2,0,0,0,0,2,2,2,2,0,0,1,2
345,6266.731,-8366.379,-13.076,-109.002,-0.325465,0.944944,-0.033968,-0.945091,-0.326220,-0.019589,-0.029592,0.025727,0.999231,0,0.46988,-0.99429,10.676,-0.647,18.656,529.308,-1,776.697,-1,420.940,504.553,549.413,351.628,-1,-1,-1,-1,942.003,941.188,22.520,-1,1,0,2,0,2,0,0,0,0,2,2,2,2,0,0,1,2
346,6259.774,-8374.556,-12.689,-109.684,-0.336669,0.940934,-0.036010,-0.941126,-0.337487,-0.019592,-0.030588,0.027294,0.999159,0,0.46988,-0.99429,10.736,-0.681,18.657,528.526,-1,776.478,-1,417.669,513.922,553.805,349.012,-1,-1,-1,-1,942.362,940.269,22.519,-1,1,0,2,0,2,0,0,0,0,2,2,2,2,0,0,1,2
347,6252.611,-8382.719,-11.985,-110.369,-0.347907,0.936775,-0.037593,-0.937036,-0.348744,-0.018456,-0.030400,0.028804,0.999123,0,0.46988,-0.99429,10.861,-0.686,18.657,530.968,-1,779.611,-1,417.025,527.342,559.240,347.162,-1,-1,-1,-1,952.915,942.157,22.519,-1,1,0,2,0,2,0,0,0,0,2,2,2,2,0,0,1,2
348,6245.441,-8391.036,-11.100,-111.008,-0.358344,0.932774,-0.039003,-0.933122,-0.359174,-0.016647,-0.029536,0.030429,0.999100,0,0.46988,-0.99429,10.981,-0.639,18.655,535.376,-1,783.710,-1,418.111,540.878,565.478,345.654,-1,-1,-1,-1,969.859,943.590,22.519,-1,1,0,2,0,2,0,0,0,0,2,2,2,2,0,0,1,2
